219.1364993900061 1661.138984557241 1023.149413730949 1244.600364819169 73.38725820183754 55.354647397995 319.4691143855453 98.25365857034922 25.38625201582909 700.3907843306661 46.12043372914195 9.454098455607891 20.2241687476635 26.86724457889795 0.5664971619844437 0 0 0 0 0 0.08104746788740158 0 0 0 0 0 0 0 0 0 529.967231400311 21.90617068856955 1.840304344892502 0 0 0 0.1658013910055161 0.5367236435413361 0 0 0 0 0 0 0 0.1526552885770798 5.664756052196026 1.353384308516979 0.2216867357492447 0 0.08552698045969009 0 0 0 0.2142003253102303 0.4833134263753891 92.7729030251503 570.2981246560812 38.59806367009878 55.42923890799284 0.1709072142839432 0.1402582228183746 0 0.1597940325737 0.4399646744132042 0.4620362296700478 0.1754454374313354 0 0 0 4.365509733557701 0.5336534231901169 0 222.728176407516 11.79339173436165 8.750958375632763 0.2033836990594864 0 0 10.07691878080368 0 0.1709274053573608 2.911045469343662 0 0.4579885900020599 0.1660866588354111 0 0.1062211245298386 0.09111914783716202 0.1834742724895477 0 0 0 0 0 22.29651853442192 1.579354479908943 0 1.27956598252058 1499.752128235996 0.9621451497077942 5.298327788710594 2.007525622844696 1.198182046413422 0.7602150440216064 4.119509562849998 5.940315917134285 0.7120421677827835 6.791004493832588 3.96325609087944 0 0.5311623960733414 8.105547979474068 1.181433692574501 0.5044084042310715 0 0 0 0 0 0 0 0 0 0 0.8450960516929626 0 0 0 0 0 0 0.3232210278511047 0 0.9750735312700272 0 0 0 0 0.8456402122974396 1.033082246780396 1.94052329659462 0.2001908868551254 0 0 0 0 0 0 0 0 0 0 0 0 0 0 0 0 0 0 0 0 0 0 0 1.766180902719498 0.5096803903579712 0 0 0 0 0 0 0 0 0.3342776149511337 0 0 0 0 1.401691824197769 0 0.9297220408916473 0 0 0.3868453204631805 0 0 0 0 0 0 0 0 0 0 0.7270928174257278 0 0
1661.138984557241 1774.20473979041 1714.049314495176 640.8060782700777 1991.812568061054 116.5761139690876 1142.07926222682 134.3774809762836 430.151927754283 975.6438066661358 471.7424111254513 33.72157428041101 285.4393440186977 359.2803874015808 16.94782996922731 3.103347457945347 1.022282995283604 0 0 0.2286628186702728 0.2317492365837097 0 0 0.1481418758630753 0.1973924189805984 0.2514581754803658 0 0 0.1002251952886581 0 1250.825153112411 14.23952814564109 11.26252429932356 0.08641844242811203 0 0.20355224609375 6.885162889957428 1.628528960049152 0.7425096929073334 0.1374651044607162 0.2994497045874596 0.1163683757185936 0.07258626818656921 1.093624606728554 0.08705317229032516 0.5988353416323662 183.1802567094564 16.35843477398157 0.231205940246582 0.7957462668418884 0.6395554319024086 0.2369111776351929 0 0.1804891005158424 3.12947554141283 3.353282235562801 103.7896609157324 673.7453988865018 102.7783938348293 329.5116742216051 1.38233270123601 3.197564266622066 0.3716840893030167 9.274086445569992 2.444769576191902 5.312872521579266 1.388188146054745 1.44716289639473 0.4462246522307396 0.5483834147453308 7.721620589494705 0 0 715.9919432587922 101.6906433999538 122.83985696733 6.805281184613705 2.627324417233467 0.231316514313221 30.57303483039141 1.193744152784348 1.563732840120792 45.50281612575054 0.08082637935876846 5.192103803157806 2.922357805073261 2.711767233908176 0.1103182882070541 1.237224362790585 0 0.1631292402744293 0.123786672949791 0.4614017978310585 0 0 16.58919750899076 1.20611047744751 0 1.113272175192833 1227.832855798304 0 2.145753011107445 1.612867847084999 0.1542135775089264 1.71822352707386 1.741029068827629 9.344749063253403 4.579592190682888 11.82496030628681 6.559040263295174 2.547534331679344 2.426065623760223 18.01013888418674 3.50765024125576 5.187003739178181 0 0 0 0 0 0 0 0 0 0 0 0 0.115633524954319 0 0 0 0 0 0 0.2878272533416748 1.272978842258453 0 0 0 0.850328266620636 0 2.294937655329704 0.6409716606140137 0.2733305990695953 0 0 0 0 0 0 0 0 0 0 0 0 0 0 0 0 0 0.2108484953641891 0 0 0 0 2.149452403187752 0 0 0 0 0 0 0 0 0 0.9478022307157516 0 0 0 0 1.424990013241768 0 1.447461307048798 0 0 0 0 0 0 0 0 0 0.1080402061343193 0 0 0 3.250764913856983 0.1923018842935562 0.7023866772651672
1023.149413730949 1714.049314495176 1054.423160605133 1.713882595300674 712.2947823256254 0.5664766579866409 449.2565433941782 2035.4309797436 397.9430194199085 77.79319313168526 929.3805569335818 54.55767593532801 380.434639826417 1086.098220944405 5.963558688759804 1.341955564916134 0.06762264668941498 0.1209428086876869 0 0.06567195802927017 0.7716107666492462 0 0.514051228761673 0.226826086640358 1.325314976274967 0.8206293731927872 0.6303442418575287 0.4091820493340492 0 0 2005.598631184548 160.5275857150555 61.5978617593646 0.6981242075562477 0.4724984094500542 1.083594843745232 24.8499932512641 4.029794052243233 1.669975034892559 0.2755964174866676 1.704174604266882 0.2907121777534485 0.1995706856250763 0.4092675819993019 0 0.1699342876672745 31.05408927798271 2.307978108525276 0.08342606574296951 0.1993966177105904 0 0.2770116925239563 0 0.3394588306546211 0.3532019704580307 1.145764961838722 69.35858282446861 805.1918105855584 52.44969020783901 102.0964367799461 1.012332051992416 15.03945364058018 0.2083534896373749 30.14753678441048 0.6069549098610878 1.068668156862259 0.1498146504163742 0.1958478316664696 0.1293062716722488 0.5044046714901924 9.083562962710857 0 0 361.701127551496 91.41621317714453 35.34614809602499 3.85892890393734 0.9778691083192825 0.1686474829912186 588.8435999080539 0.2344314716756344 17.56688974052668 9.45151611417532 0 1.041207820177078 0.7919232100248337 1.181122303009033 0 0.3087636232376099 0 0 0.2676893770694733 1.139836359769106 0.1417905688285828 0.5344710424542427 15.5115567445755 3.276808500289917 0.1396812200546265 0.8064251840114594 391.6308517977595 0 0.8544198274612427 0 0 1.356041967868805 0.9974293410778046 1.729564756155014 1.838170118629932 4.623942770063877 1.930476509034634 0.9755068048834801 1.680243395268917 5.560731522738934 0.930337555706501 0.5857827365398407 0 0 0 0 0 0 0 0 0 0 0.1816371977329254 0 0 0 0 0 0 0 0 0.468110665678978 0.8256141468882561 0 0 0 1.291658215224743 0.298734188079834 3.275669276714325 1.268819980323315 0.1096261963248253 0 0 0 0 0.1800361275672913 0 0 0 0 0 0 0 0 0 0 0 0 0 0 0 0 0 1.020664013922215 0 0 0 0 0 0 0 0 0 0.6441714316606522 0.1173957511782646 0.1306457072496414 0.1740888357162476 0 1.343681216239929 0 0.1080088689923286 0 0 0 0 0 0 0 0 0 0 0 0 0 3.010499022901058 0.6489888727664948 1.029807947576046
1244.600364819169 640.8060782700777 1.713882595300674 657.6819674819708 23.7726809233427 724.8975099623203 991.1485938802361 0 56.56620743125677 2279.575006820261 7.759923294186592 9.346636980772018 23.84745963662863 7.561926417052746 0.4626680091023445 0.08020301908254623 0 0 0 0 0 0 0 0 0 0 0 0 0 0 6.56762720644474 0.1144664436578751 0.4023866504430771 0 0 0.07117388397455215 0.5101569145917892 0.1238183304667473 0 0 0 0 0 0 0 0.1005117893218994 9.633462682366371 0.4903822913765907 0 0 0 0 0 0 0 0 16.38404254615307 52.95380847901106 8.728753134608269 25.45928756147623 0.08468872308731079 0.2515044510364532 0 0 0.1950243189930916 0.3164069652557373 0.07749627530574799 0.1257661730051041 0.09601948410272598 0 1.880025863647461 0.3184729218482971 0 59.15166039764881 4.877839326858521 5.571519024670124 0.09436184912919998 0 0 0.1570636108517647 0 0.09619574248790741 2.906535968184471 0 0.09241210669279099 0.08390538394451141 0.08438713103532791 0.1247035562992096 0 0 0 0 0 0 0 4.718586772680283 0.8883882462978363 0 0 678.2817261070013 0 12.68131220340729 86.71385633945465 34.93821179866791 0.8966967165470123 11.85292539000511 22.52067504823208 2.137050285935402 3.497867569327354 7.526376038789749 0.3608543276786804 1.048261776566505 9.34659818559885 1.090668633580208 2.362573206424713 0 0 0 0 0 0 0 0 0 0 0 0 0 0 1.101287007331848 0 0 0.2926490306854248 0 0 1.146922260522842 0 0 0 0 0 0.9492716193199158 0 0 0 0 0 0 0 0 0 0 0 0 0 0 0 0 0 0 0 0 0.3477095067501068 0 0.3412195146083832 0 0.4407472908496857 0 0 0 0 0 0 0 0 0 0.4015380442142487 0 0 0 0 2.598924309015274 0 0.9517943263053894 0 0 0 0 0 0 0 0 0 0 0 0 0 0.9579143524169922 0 0
73.38725820183754 1991.812568061054 712.2947823256254 23.7726809233427 1909.448565162718 7.221755564212799 3344.117885120213 452.8163344338536 2856.220517575741 1137.234354771674 1342.911448016763 67.63914825022221 579.6110820248723 678.5069825202227 11.68123396486044 1.27890557795763 0 0.148415595293045 0 0 0 0 0.07110694050788879 0 0 0 0 0 0.1675437837839127 0 85.66590913385153 17.01154794543982 5.397520460188389 0.09825941920280457 0 0.1637014970183372 4.943301640450954 0 0.5141938403248787 0 0.1475588828325272 0 0.08426431566476822 0.410930410027504 0 0.1116136759519577 86.82473991066217 3.944526627659798 0.2447959333658218 0.1950201988220215 0.1541770473122597 0 0 0.1297084093093872 0.3624245449900627 0.6211601346731186 9.324739120900631 48.94096039235592 12.39850540459156 71.04984662681818 0 1.164743475615978 0.1902398392558098 9.615936629474163 0.3362115100026131 2.065361529588699 0.2602408528327942 0.6825878471136093 0.4288271591067314 0.1566513255238533 3.782484084367752 0.1757969856262207 0 95.92217397689819 23.64879656583071 44.65805803239346 3.743611522018909 1.5827566832304 0.16344253718853 12.50993435829878 0.1591729894280434 0.7589079514145851 12.87063341587782 0 1.167444229125977 0.4995349496603012 0.6768904104828835 0 0.1602604389190674 0 0 0.1965004801750183 0.08509982377290726 0.09108187258243561 0 22.09345889091492 3.381305873394012 0 0.2528948485851288 16.59186958521605 0 1.047979712486267 0 1.063641548156738 2.115851983428001 0.9137669205665588 6.850819304585457 3.686431735754013 5.929418995976448 8.518145859241486 3.446774616837502 3.379190020263195 20.75283548235893 2.584005407989025 2.223259091377258 0 0 0 0 0 0 0 0 0 0 0 0 0 0 0 0 0 0 0 0.3215540647506714 0.3669480979442596 0 0 0 1.311032235622406 0.1773846298456192 5.960791490972042 0 0 0 0 0 0 0 0.6751673817634583 0 0 0 0 0 0 0 0 0 0 0 0.09947505593299866 0.2985803186893463 0.57609623670578 0 0 1.803532555699348 0 0 0 0 0 0 0 0 0 1.493160352110863 0 0 0 0 1.837519749999046 0 2.032760202884674 0 0 0 0 0 0 0 0 0 0 0 0 0 3.805819630622864 1.183927744626999 1.315517917275429
55.354647397995 116.5761139690876 0.5664766579866409 724.8975099623203 7.221755564212799 10.1970002502203 171.0426388978958 1.264137640595436 31.74193167686462 1618.782022580504 7.488174550235271 158.3174527585506 90.67019997537136 6.087997786700726 0.09885754436254501 0 0 0 0 0 0 2.898125529289246 0 0 0.3079803138971329 0 0 0.1648923754692078 0.1432867050170898 0 0.1340849846601486 0.2513423040509224 12.41409893333912 0 0 0 24.85401718318462 1.19363409280777 5.750373393297195 0.7538085430860519 0 0 0 0 0 0 0.7136943191289902 0 0 0 0.3878757804632187 6.105952642858028 0.1500120759010315 0.398763433098793 0 0 25.16006829589605 5.44653744995594 0.2793184071779251 1.200364381074905 0 5.686435684561729 0 0 0 0 0.3242348730564117 0.1626912951469421 0 0 105.6229589954019 175.1761295422912 13.04936131089926 2.199602194130421 0 0.2988735213875771 0 0 0 1.492237523198128 0 0.2713816463947296 0 0.6278508231043816 0 0.4680498391389847 0 4.903891660273075 4.378524161875248 4.379029765725136 0.1442487090826035 0.5847772508859634 0 0 0.4219404309988022 377.3631720244884 269.6227132752538 19.55647967755795 40.64626801013947 191.983832359314 0.1667153835296631 0.7478092312812805 0.3182998299598694 5.968510627746582 0.3577947318553925 0.7817138433456421 5.01545612514019 1.809883236885071 3.824823617935181 3.916308358311653 0 2.174149423837662 8.168841227889061 0.7718382179737091 0 0 0 0 0 0 0 0 0 0 0 0 0 0.1032514274120331 0 0 0 0 0.3441468477249146 0 0 0.5755512714385986 0 0 0.2100963592529297 0.1108095124363899 0 1.38053473085165 0.2246180847287178 0.5820759236812592 0 0 0 0 0 0 0 0 0.3287432789802551 0 0 0 0.6890492960810661 0 0 0 0 0 0 0 0 0 0.1265539675951004 0 0 0 0 0 0 0 0 0 0 0.6193801760673523 0 0 0 1.686299651861191 0 0 0 0 0 0 0 0 0 0 0 0 0 0 0 0.9311962723731995 0 0.1418005526065826
319.4691143855453 1142.07926222682 449.2565433941782 991.1485938802361 3344.117885120213 171.0426388978958 1112.862037219107 77.1146644204855 5162.618355669081 5033.990077629685 586.6458960473537 238.1383471116424 5125.924274876714 2129.693751640618 31.69254653155804 4.876421526074409 0.574083611369133 0.2389194145798683 0 0.157523013651371 0.2494850009679794 0 0 0.1478827148675919 0.2202085331082344 0.2469217106699944 0 0.1586508601903915 0.108538955450058 0.1519757360219955 84.23508999124169 14.58196948468685 11.52312080562115 0.4588479548692703 0.1836226209998131 0.1984942182898521 11.79866446554661 0.5084143877029419 0.793940544128418 0.1674651205539703 0.5838944241404533 0.3560734540224075 0.2220599800348282 1.152893878519535 0.1643159165978432 0.4559513404965401 221.5592495799065 14.04088766127825 0.7427706196904182 0.5483648702502251 0.6834979578852654 0 0 0.3665388524532318 1.532026156783104 2.554944589734077 37.40202670544386 164.7159319221973 46.67291314154863 253.2524356842041 0.7057854756712914 4.721327796578407 0.0792006179690361 10.95363842695951 1.678946375846863 3.838808603584766 1.569195814430714 1.548581205308437 0.6107417494058609 0.8305848017334938 12.28461050242186 1.619093276560307 0 354.2353689931333 64.44648873806 110.5532547980547 8.326140008866787 2.941162064671516 0.270952507853508 4.363662153482437 0.4495339542627335 1.883613429963589 36.7713780105114 0 5.677719719707966 2.17122558504343 3.249780669808388 0 0.6319601535797119 0 0.4399875849485397 0.1034601181745529 0.6712389662861824 0.2149052023887634 0.2634082362055779 85.69934131205082 2.239172093570232 0.2436296343803406 1.79170086979866 139.8039324879646 3.464336767792702 11.56677660346031 181.0179460197687 32.30157501995564 12.960718780756 51.65232884883881 41.79488433897495 41.46818824112415 33.40714561194181 76.4856321811676 10.9619942381978 21.0545267984271 65.0612275749445 16.16464957594872 10.71453748643398 0 0 0 0 0 0 0 0 0 0 0 0 0 0.130583643913269 0 0 0 0 0 4.607676543295383 6.465353965759277 0 0 0 3.72450228780508 1.942730203270912 15.96097766608 2.405954726040363 0.5004125535488129 0 0 0 0 0 0 0 3.789497777819633 3.908378303050995 0.1167918667197227 0.1292748749256134 0 0.4638040661811829 0 0 0.2736184969544411 0.1144857853651047 3.02752149105072 1.909601978957653 2.329449005424976 0 0.7651402652263641 7.531378783285618 0.3460217863321304 0.09548205882310867 0.3686468154191971 0 0 0 0 0 0 5.51006580889225 0.5643008500337601 0 0.1105512455105782 0 9.610160641372204 0.47198386490345 5.491932019591331 6.684524066746235 1.57908520847559 3.263837240636349 0.5892186164855957 0.3406183123588562 0 0 0 0 0 0 0 0 20.20292346179485 2.040028668940067 2.622373953461647
98.25365857034922 134.3774809762836 2035.4309797436 0 452.8163344338536 1.264137640595436 77.1146644204855 1259.339799389243 574.7868981435895 37.21092218905687 2274.139878645539 65.87640911340714 346.9223534613848 1426.449526175857 25.45712941139936 8.702365450561047 0.5026678591966629 0.1080135032534599 0 0.108977198600769 4.17959089577198 0.2817526161670685 3.797466203570366 3.265916995704174 17.28366712480783 6.450701914727688 3.547995381057262 0.4207782745361328 1.255866587162018 0.3430173620581627 637.4376197755337 1970.647425383329 248.6586654782295 3.01788167655468 5.105332881212234 13.66926451772451 89.91108393669128 17.25078689306974 9.896556206047535 5.544699847698212 7.696143567562103 3.332035765051842 1.114737920463085 2.591135419905186 0.3348688259720802 1.293335057795048 85.43379076570272 2.301822654902935 0.3094905689358711 1.020150870084763 0.1845792606472969 0.5765559375286102 0.6227656826376915 3.525757603347301 0.1105918139219284 0.2564954161643982 13.07608895748854 177.9099209010601 10.04746769368649 66.20557463914156 11.72910781949759 135.1681087464094 2.764458365738392 198.9752332344651 0.5429098531603813 1.076833933591843 0.2683099359273911 0.9414066821336746 0.5950712412595749 6.969908781349659 41.24309975653887 1.574877560138702 0.2149679064750671 109.4044314809144 70.60364037007093 50.9409007281065 81.16320385783911 449.4261437430978 525.188868239522 3097.941556818783 2.947892785072327 371.4886037707329 6.46043735742569 0 0.9296935945749283 0.1708381697535515 1.348077088594437 0 0.09322766214609146 0.1812739223241806 2.704969473183155 1.489890322089195 4.090478606522083 1.313649751245975 2.375704437494278 22.66013385355473 5.277304850518703 0 4.225143313407898 41.26241914182901 0 0.3661812245845795 0.1841864585876465 0.1427688151597977 1.137450248003006 0.7009006589651108 0.2469660565257072 2.373051926493645 2.814031690359116 1.782310642302036 1.161246836185455 1.125606447458267 7.328035928308964 1.784578911960125 1.971956856548786 0.2636590152978897 0.1012319549918175 0 0 0 0 0 0 0 0 0 0 0.5390942245721817 0 0 0.1798565983772278 0 0.1015428602695465 0 0.5550222843885422 1.452041856944561 0 0.348866730928421 0.6511463522911072 2.83680559694767 0.364838145673275 4.713123179972172 0.8474643155932426 0.3246210813522339 0 0 0.1020167320966721 0 0 0 0 0.1415622681379318 0 0 0 0 0 0 0 0 0 0.1124025583267212 0.1425335258245468 0.3723905682563782 0.6358727067708969 0 1.162490963935852 0 0 0 0 0 0 0 0 0 1.258792750537395 0.399615190923214 0 0 0.4232664257287979 3.018880620598793 0 0.6267604827880859 0.4450721442699432 0 0 0 0 0 0 0 0 0.3747515976428986 0 0 0.1106574684381485 3.105972960591316 1.09936834871769 1.113840594887733
25.38625201582909 430.151927754283 397.9430194199085 56.56620743125677 2856.220517575741 31.74193167686462 5162.618355669081 574.7868981435895 876.8884037584066 1090.252039477229 1579.814345031977 232.5433088764548 994.551771864295 692.836524784565 24.03841874748468 4.698960997164249 0.501522459089756 0 0 0.09016741812229156 0 0 0 0 0.8727012425661087 0.1807848513126373 0.09163998812437057 0 0.1035788059234619 0 36.27340636402369 26.62911504507065 23.97660360485315 0 0 0.6527879014611244 12.91061346977949 1.739277422428131 0.6085269674658775 0 0.06962396949529648 0.09609395265579224 0 0.456245057284832 0 0.2688117697834969 126.886458106339 4.719777882099152 0.2003898248076439 0.1336130350828171 0.2965260520577431 0.4867172837257385 0 0.1326780468225479 0.43003299087286 0.393537849187851 5.414401158690453 25.46529864519835 11.39227566123009 70.39963719248772 0 6.061834640800953 0.09733209758996964 13.25079880654812 0.6179486364126205 1.573354855179787 0.6256895214319229 0.75782161206007 0.099153071641922 0.2561464905738831 21.18748624622822 0 0 66.07599025964737 17.43547885119915 50.71188556402922 7.838823765516281 6.551882989704609 0.2908084765076637 25.13982946425676 0.1667351499199867 1.041429430246353 10.76855946332216 0 1.193532288074493 1.257951073348522 1.270964026451111 0 0.2547830417752266 0 0 0 0.2738988399505615 0.1089538559317589 0.132840022444725 103.1673285514116 6.102818369865417 0 1.322736799716949 10.72542513906956 1.416308149695396 8.304625600576401 3.304704189300537 4.721983209252357 17.41395942866802 10.86912061274052 25.85209987312555 25.86921159923077 29.56546413898468 32.63835752010345 10.75733128190041 12.14018705487251 78.8619856312871 14.52141637355089 10.68340697139502 0.1521413922309875 0 0 0 0 0 0 0 0 0 0 0 0 0 0 0 0 0 0 1.758115403354168 4.498401142656803 0 0 0 5.524401895701885 1.44559308886528 12.15860214829445 2.053210951387882 1.383530646562576 0 0 0 0 0 0 0 0.1610813438892365 0.1282980442047119 0 0 0 0.6912210583686829 0.2873199582099915 0 0 0 0.3772998601198196 0.1544454842805862 0.3237051665782928 0 0.2352157533168793 8.236517250537872 0 0 0 0 0 0 0.1710782051086426 0 0 6.394630461931229 0.9670522809028625 0.3738653510808945 0 0 15.15611661970615 0 2.000242352485657 0.4342674911022186 0 0.1928283125162125 0 0 0 0 0.1523774415254593 0 0 0 0 0 22.85827158391476 3.751259125769138 6.160811118781567
700.3907843306661 975.6438066661358 77.79319313168526 2279.575006820261 1137.234354771674 1618.782022580504 5033.990077629685 37.21092218905687 1090.252039477229 2850.119798481464 237.3664155080914 1912.377785041928 7975.966961599886 679.494854234159 21.92830877751112 3.49851805716753 0.3404401019215584 0.27529626339674 0 0 0.3955565094947815 0 0 0 0.5616656169295311 0 0.3455236479640007 0.1695324182510376 0 0 14.02262607216835 7.2011444196105 28.28756498545408 0.4119872748851776 0.3953216224908829 0.1498456001281738 22.46421732753515 2.227167658507824 5.381242230534554 0.1677776724100113 0.8480291739106178 0.5655946806073189 0.2505620718002319 0.5834666863083839 0.08000065386295319 0.186529666185379 159.2774020731449 7.61595906317234 0.3041166663169861 0.1402619630098343 0.2646261304616928 0 0 0.4246588349342346 0.8250775188207626 1.306959703564644 35.06321382522583 79.60000137239695 28.55858917534351 131.7138899713755 0.9594957642257214 13.53664410859346 0 6.02798268944025 0.6662653312087059 2.659147277474403 0.3114687204360962 0.4499779865145683 0 0.9871010482311249 61.30001820623875 2.474192067980766 0 172.6430160328746 20.64501425623894 51.21826884150505 6.587940096855164 4.618909113109112 0.2265579327940941 6.425367511808872 0.1901511177420616 2.517377145588398 18.12752056866884 0 2.398387268185616 1.465691357851028 2.280728802084923 0 0.1901175752282143 0 0 0 1.043752372264862 0.1407577395439148 0 366.7726894244552 58.62860384583473 0 9.320566557347775 645.1195116639137 6.006512925028801 59.69612105935812 116.1786074191332 120.7960291877389 60.42643346637487 119.3126652315259 172.5436094477773 141.6316578388214 192.7718235254288 167.268525056541 37.82359707355499 178.7766438797116 393.9356394857168 53.65334393084049 37.47717639803886 0.95477544516325 0.7193272709846497 0 0 0 0 0 0 0 0 0.5757981687784195 0 1.329972267150879 0 0 0 0 0.8540868610143661 0 10.16501207649708 31.91231867671013 0 1.86858594417572 0 12.15263210982084 5.52005136013031 38.51306327432394 4.161429770290852 2.094587624073029 0 0 0 0 0 0 0 0.443373367190361 2.85254543274641 0 0 1.301908150315285 3.841298952698708 0 0 0.09569172561168671 0 1.425771713256836 2.011258035898209 6.159357219934464 0.5542238652706146 1.123706191778183 31.13809753954411 1.349243775010109 0 0.2915422394871712 0 0 0 0 0 0 19.66653483361006 5.630934499204159 0.5061008259654045 0 0 32.05075372010469 0.9110060408711433 10.73765166848898 1.636471442878246 1.325196839869022 2.173444010317326 0.5127286463975906 0 0 0 0.5127628743648529 0 0 0 0 0 80.38529086112976 7.328236572444439 11.0173472315073
46.12043372914195 471.7424111254513 929.3805569335818 7.759923294186592 1342.911448016763 7.488174550235271 586.6458960473537 2274.139878645539 1579.814345031977 237.3664155080914 1246.333226263523 448.5309046581388 2964.446910947561 2772.357967689633 58.851940497756 14.10002452135086 1.054527059197426 0.1088487729430199 0 0.09986956417560577 2.953203305602074 0.8672829642891884 2.152721777558327 1.520191982388496 11.86631482839584 2.570051230490208 2.227599538862705 2.436162687838078 1.346345350146294 0.6403959095478058 290.388596303761 364.1561096161604 700.0379714146256 1.795336671173573 2.122140526771545 9.96514692902565 356.4448734000325 35.77851808816195 25.17034321278334 6.191350735723972 8.828449241816998 1.477965787053108 0.882284514605999 1.949581459164619 0.2404500171542168 0.2770032435655594 182.7781561538577 6.220258079469204 0.1175296828150749 0.7758998721837997 0.1651340499520302 1.546496972441673 1.035133555531502 3.636662758886814 0.8168896734714508 0.9039105996489525 9.935212045907974 74.08364265412092 13.17318804189563 88.66774687170982 3.424363330006599 153.472530849278 0.2013251781463623 51.37334172427654 0.4371359124779701 1.390335328876972 0.4565727040171623 1.307296380400658 1.533890571445227 6.372204318642616 143.3031369075179 2.486938916146755 0 101.5838339701295 39.14120039343834 88.43797310441732 28.0279935374856 16.64528620243073 4.434065148234367 2029.294657371938 0.4958058148622513 145.5540099143982 11.94539979100227 0 1.830659985542297 1.111152172088623 1.805198028683662 0.09584218263626099 0.384064108133316 0 0.615986704826355 1.360758282244205 3.184848047792912 1.5918999761343 1.972606144845486 133.38431750983 18.69812843203545 0.3508670777082443 10.5341652110219 19.03632328659296 0 3.85753820836544 2.032169543206692 1.201367653906345 6.795987375080585 5.0827252343297 8.308606028556824 12.52943287789822 15.07613930851221 12.77587284892797 6.469636134803295 7.753438018262386 47.4521831870079 11.548858076334 10.65872842818499 0.4584264680743217 0.3319143056869507 0 0 0 0 0 0.1538849323987961 0 0 0 0 0.3245212286710739 0.570275604724884 0 0 0 0 0 2.15317427366972 8.90401728451252 0 0 0 5.158732771873474 1.285542793571949 15.83086065948009 3.680017352104187 0.8304671123623848 0 0 0 0 0.525881826877594 0 0.1488606929779053 0 0.3233075067400932 0 0 0 1.828324481844902 0.125420093536377 0 0 0 0.08610469102859497 0.2654223889112473 0.1899866610765457 0.517732560634613 0 8.260314263403416 0 0 0 0 0 0 0 0 0 7.056454189121723 1.702925287187099 0 0 0 12.69519468396902 0.3075425624847412 1.857506036758423 0.5066637471318245 0.08470512181520462 0.5661176443099976 0.1862588152289391 0.08192434906959534 0 0 0 0 0 0 0.1072586998343468 0 17.55219133198261 3.945923738181591 5.622660532593727
9.454098455607891 33.72157428041101 54.55767593532801 9.346636980772018 67.63914825022221 158.3174527585506 238.1383471116424 65.87640911340714 232.5433088764548 1912.377785041928 448.5309046581388 241.5928403735161 1611.344976209104 150.0007325559855 20.73303306102753 5.729927346110344 1.583126477897167 0.07538062334060669 0 0.2110544741153717 4.79218778014183 1.363250739872456 2.612312912940979 1.136003017425537 15.88221145421267 4.676137447357178 2.890030920505524 2.925928637385368 4.358762100338936 1.672267019748688 10.75157777965069 11.26490237563848 270.5555767938495 1.03746497631073 1.024023495614529 9.086467511951923 969.7050642445683 85.48076912015676 147.03658375144 20.51523201912642 8.236613184213638 2.495501041412354 0.3885693177580833 1.382975839078426 0 0.2255180776119232 45.40576276183128 0.9204259067773819 0.1095684543251991 0.3584349155426025 0.5165211409330368 2.655017524957657 13.18078354746103 5.639420077204704 0 0.08878299593925476 4.304491244256496 8.676172807812691 2.697243213653564 18.13551769405603 1.557705461978912 68.92862715572119 0.1271030157804489 6.048797935247421 0.1188000664114952 0 0 0.5747384577989578 2.050810247659683 6.130091778934002 524.7517945095897 16.91078948229551 1.943569079041481 17.11366839706898 9.615858942270279 13.49470242112875 7.561602137982845 3.914433822035789 0.2252074405550957 51.31676198542118 0 8.627106569707394 3.384937770664692 0 0.5699410364031792 0.6667122468352318 0.7986866757273674 0.5167124718427658 1.073991008102894 0.3614581227302551 0.5887836813926697 1.623368576169014 5.076476290822029 2.389725022017956 2.232929691672325 644.1843323260546 120.202308177948 6.53525385260582 49.41735395044088 93.91443807631731 1.13356052339077 11.77811655402184 10.4769871160388 6.245166301727295 35.45540467649698 23.81945477426052 49.9585682824254 54.62444420158863 75.16229646652937 65.90391738712788 29.2275882139802 45.17461302131414 208.9272292852402 41.65854240208864 24.59158476442099 0.1222321093082428 0.1041874215006828 0 0 0 0 0 0.1120338961482048 0 0.1863411068916321 0.4099176824092865 0 1.815730720758438 0 0 0.3222158849239349 0.4889313131570816 0.6926253288984299 0.5821473821997643 9.229119516909122 18.78739526122808 0 1.920419678092003 0 20.38664471358061 4.81677507609129 48.19754086434841 8.232566013932228 4.818178817629814 0 0 0 0 0.2186688482761383 0 0 0.08562232553958893 1.084247440099716 0 0 0.2522354796528816 2.761438399553299 0.3762950375676155 0.1092217490077019 0 0 0.9473412781953812 0.6550808325409889 0.4884452819824219 1.43083094060421 2.724278055131435 24.77358819544315 0.2069191932678223 0 0.2292158678174019 0 0 0 0 0 0.4179508239030838 17.99722496420145 3.164968363940716 0.4927765876054764 0 0.156403511762619 24.07253663241863 1.788910493254662 4.629627518355846 1.484521180391312 0.6130192875862122 1.107764579355717 0 0.2088841199874878 0 0 0.2359169498085976 0 0 0 0 0 58.49029229581356 11.27608563005924 14.10770056396723
20.2241687476635 285.4393440186977 380.434639826417 23.84745963662863 579.6110820248723 90.67019997537136 5125.924274876714 346.9223534613848 994.551771864295 7975.966961599886 2964.446910947561 1611.344976209104 3462.564029365778 3213.301517814398 43.99234653264284 12.950395219028 1.428363591432571 0.1961372047662735 0 1.230050668120384 6.571340322494507 0.8120720982551575 1.904545269906521 1.948302425444126 34.32497052103281 5.528580911457539 1.692447781562805 3.803707420825958 4.192969523370266 1.531693696975708 77.94897823780775 53.77458327263594 628.3538346141577 2.317231401801109 1.291628122329712 18.75715910643339 1499.57066565007 243.6171157807112 539.852397210896 46.80967593193054 10.50879705697298 3.957073532044888 0.4727186262607574 1.551393069326878 0 0.1329708620905876 128.618723385036 2.848741732537746 0.3943467363715172 0.3134208545088768 0.2008910179138184 2.15680305659771 15.30819934606552 5.165002226829529 0.4005890041589737 0.9157050400972366 5.813386529684067 33.43921435624361 7.783503316342831 45.7784958332777 2.143202751874924 110.8700350672007 1.228974677622318 24.84545427560806 0.2735284641385078 0.4309388920664787 0 0.9815580993890762 1.666151009500027 8.752912476658821 474.1502388939261 12.26368602365255 0.9132217392325401 42.14592640846968 21.44120462238789 42.39566422998905 19.47762086242437 9.274282343685627 0.2689835578203201 185.0610735490918 0.2374152764678001 12.48378794640303 6.638203121721745 0 1.137396700680256 0.1886649131774902 1.390515707433224 0.2108750194311142 0.1031218096613884 0.1381781697273254 0 2.096392586827278 7.61505189538002 1.910201922059059 4.655932448804379 944.2420519888401 115.3646286427975 1.819478198885918 49.72027986496687 63.37607877701521 2.327972359955311 11.43968684226274 16.01555533707142 7.597219832241535 42.13841646164656 61.07136837393045 65.43421722203493 82.90291905403137 104.2415919527411 80.62234815955162 27.64605733752251 64.63656954467297 249.0450756624341 51.25687138736248 41.66964038461447 0.3795824125409126 1.88136925548315 0 0 0 0 0 0.1158328205347061 0 0 0.5028056353330612 0 2.217347361147404 0.1317771226167679 0.4787302240729332 0.3305706605315208 0.6422153264284134 0 0.1344847530126572 7.40995766967535 21.24004390835762 0.9080538302659988 0.3326161652803421 0.1040298119187355 20.4351332783699 8.59242357313633 55.40515743196011 10.75912334024906 5.180958986282349 0.4349765181541443 0 0 0 0.173370435833931 0.875212237238884 0 1.705349870026112 2.228282652795315 0 0 0 2.900221064686775 1.522149860858917 0.1790064424276352 0 0 1.083490207791328 0.9451756402850151 3.301035568118095 2.008449956774712 4.020828098058701 29.26441965252161 1.309230178594589 0 0 0 0 0 0 0 0.1498261094093323 22.30652831494808 6.37508287280798 0.108999490737915 0 0.2888481020927429 36.10976562649012 1.120582893490791 12.62191094458103 3.029900230467319 0.4231024831533432 0.9174237549304962 0.4719753563404083 0.2205710113048553 0.384848415851593 0 0 0 0.1130026504397392 0.2068184316158295 0 0 71.50055929273367 12.54378107190132 21.16142715513706
26.86724457889795 359.2803874015808 1086.098220944405 7.561926417052746 678.5069825202227 6.087997786700726 2129.693751640618 1426.449526175857 692.836524784565 679.494854234159 2772.357967689633 150.0007325559855 3213.301517814398 318.1627187505364 23.62358732521534 9.141531459987164 0.2309397384524345 0 0 0.1141446158289909 4.617262661457062 0.2996521145105362 0.9350993409752846 1.418855063617229 20.31316597014666 4.063055776059628 2.717829562723637 3.440009735524654 2.416655734181404 1.066668421030045 156.9523408040404 158.4751838222146 1655.750089503825 1.299730241298676 1.993980132043362 15.11721774935722 2054.60826382041 123.3259561285377 108.7715057805181 17.52292480319738 6.377333864569664 3.579727105796337 0.2846332341432571 1.025247015058994 0.3040666282176971 0.1128897666931152 79.73949065059423 1.900556050240993 1.042066849768162 0.6858842447400093 0 1.428637005388737 4.181689858436584 4.261912934482098 0.811486542224884 0.5138430744409561 5.643154941499233 57.94369731843472 7.46434561163187 43.82880279421806 2.667117305099964 321.8087845593691 0.6925282403826714 23.24085768312216 0.3822368457913399 0.9756068587303162 0.1790874898433685 0.378027580678463 0.8862407356500626 5.561589807271957 405.081761546433 7.505578495562077 0.1141635328531265 66.96763586252928 25.29439552873373 40.04947701096535 12.36640313267708 7.036870963871479 1.12276254594326 393.0413536056876 0.2328042685985565 73.19771713018417 6.528546340763569 0 1.030762679874897 0.3957020416855812 0.6431054174900055 0 0.305902473628521 0.1006454154849052 1.468732982873917 0.780663400888443 3.967253871262074 0.9904939830303192 1.617789328098297 120.8159895017743 22.75666358321905 0.7245590463280678 17.92158502340317 14.94470536708832 0.5060971230268478 0.9445566907525063 1.12950824201107 1.557790689170361 6.966568917036057 3.648260273039341 7.305999346077442 9.294416218996048 12.24866051971912 8.753606088459492 4.591303601861 7.692985706031322 36.47218786925077 9.943699844181538 7.80534540116787 0.3418252170085907 0.2263849750161171 0 0 0 0 0 0 0 0 0.9231750443577766 0 0.5286612659692764 0 0.529764749109745 0.2052668109536171 0.2024783566594124 0.4672672301530838 0 3.645451121032238 6.370890498161316 0 0.1126690059900284 0.1145073547959328 6.47298551350832 2.240214221179485 14.94285509735346 5.645161256194115 0.7295748665928841 0 0 0 0.08329776674509048 0 0.3089192509651184 0 0.3183815032243729 0.1001935452222824 0 0 0.1745413392782211 2.443629771471024 0 0 0 0 0.63530632853508 0 0.3394214808940887 1.211986869573593 0.1916088759899139 7.147913657128811 0.6013498604297638 0 0 0 0 0 0 0 0.1322653591632843 6.37343567609787 1.909318529069424 0.121415801346302 0 0 8.550316013395786 0.4445571079850197 3.289801172912121 0.680180236697197 0 0.4652903974056244 0.1006456464529037 0.2345520108938217 0.297365665435791 0 0 0.1119480729103088 0 0 0 0 13.33129645138979 4.80229502171278 7.36906036734581
0.5664971619844437 16.94782996922731 5.963558688759804 0.4626680091023445 11.68123396486044 0.09885754436254501 31.69254653155804 25.45712941139936 24.03841874748468 21.92830877751112 58.851940497756 20.73303306102753 43.99234653264284 23.62358732521534 475.7858086973429 1845.530673913658 823.4650379642844 39.55571465194225 42.64711351692677 8.902598269283772 8.946447439491749 2.218119040131569 3.023267760872841 3.216715417802334 10.10741523653269 1.7360600233078 3.148669324815273 0.9113476499915123 0.5451537668704987 0.1785794347524643 6.952265582978725 10.63259768486023 37.04227051883936 19.6609999537468 6.964200615882874 8.514191843569279 19.04171877354383 19.24296635389328 9.643635734915733 1.707297310233116 9.556892968714237 8.095885187387466 14.5407565459609 514.5587471798062 32.67715348303318 152.2041056752205 162.6370083019137 6.503502257168293 32.50494826585054 52.24785500764847 3.900399997830391 5.812278740108013 0.8574888035655022 9.428279899060726 0.1519656330347061 0 0.4224081784486771 4.44268299639225 1.354561604559422 249.5246179774404 177.393442183733 72.37027984112501 71.96992808580399 5.74200701713562 0.4603364244103432 1.014048874378204 0.8641522973775864 4.541444011032581 23.1583353728056 46.72248243540525 7.293579794466496 0 0.118154838681221 575.6057727299631 9.849482007324696 1230.907213047147 230.5557802841067 508.91784247756 43.98514230549335 53.64527952671051 101.1481913030148 155.2344201430678 2.734670467674732 0 0.6169116944074631 0.1501691490411758 24.62417393177748 0.1402930468320847 0.4048537835478783 0.3385027796030045 3.256350338459015 2.579667761921883 26.65861900150776 13.6104333922267 7.248776465654373 6.691797509789467 1.392067350447178 0.1208645924925804 3.786241739988327 0.3673590645194054 0 0 0 0.2302932292222977 0 0 0.1097916811704636 0.1729071885347366 0 0 0.1392786204814911 0 0.2378612086176872 0 0.2595315352082253 0 0 0 0 0 0 0.7124522924423218 0 0 0 0.1785720735788345 0 0.701244592666626 0.1400687098503113 0 0 0 0 0 0 0 0 0 0 0.2689523100852966 0.9984583258628845 1.589537434279919 0.3919754847884178 0.1006207019090652 0.1867464780807495 0 0 0 0 0 0 0.125164806842804 0.1080953478813171 0 0 0 0.1888818591833115 0.5722388699650764 0 0 0 0 0 0 0 0 0.5808814540505409 0 0 0 0 0 0 0 0 0 0 0.1326343715190887 0 0 0 0 0 0 0 0 0 0 0 0 0 0 0 0 0.1958041936159134 0 0 0.1084853783249855 0.2991721481084824 0.2452246993780136
0 3.103347457945347 1.341955564916134 0.08020301908254623 1.27890557795763 0 4.876421526074409 8.702365450561047 4.698960997164249 3.49851805716753 14.10002452135086 5.729927346110344 12.950395219028 9.141531459987164 1845.530673913658 1614.769825659692 964.7194466888905 244.5385119467974 376.5394406244159 57.02832194417715 14.98071427643299 1.780989229679108 4.029212616384029 2.179568029940128 3.001561477780342 1.380810923874378 1.529736168682575 0.9589324817061424 0.1079775840044022 0.2140601724386215 4.672658808529377 7.497652061283588 19.24208860099316 42.43708641827106 4.336718745529652 3.196602746844292 13.75109715014696 17.5611424818635 7.020973518490791 3.019084185361862 11.74492368102074 8.59859074652195 36.45822831243277 1983.703029364347 203.0285912975669 702.7500111311674 455.3251283317804 16.54984427988529 71.92772132903337 163.0851157680154 9.309239625930786 1.671580776572227 1.902585744857788 5.68318348377943 0.4116171449422836 0.2911611348390579 1.461102418601513 9.410734474658966 2.608808256685734 265.1045134663582 242.1996379122138 52.232661023736 97.90575777739286 6.788865193724632 0.07932022958993912 5.220640376210213 2.742768026888371 10.23946788161993 80.89889066666365 127.2907324507833 4.371069319546223 1.486427426338196 0.2183866500854492 228.6930733919144 42.29556346684694 2682.314608760178 452.1015333682299 1703.795210853219 169.5098065584898 25.85231702774763 348.7947285473347 124.6983989924192 2.662958852946758 0 1.028118439018726 0.7531351521611214 101.1787134483457 0.08873306214809418 1.589148737490177 2.623763203620911 15.76498531550169 12.95909209549427 75.78036567568779 40.50943747907877 10.12976365536451 3.028494380414486 0.9816585183143616 0 2.78780061006546 0.09812750667333603 0 0 0 0 0 0 0 0.1304958760738373 0 0 0 0 0.1548741012811661 0.09286137670278549 0 0 0 0 0 0 0 0 0 0 0 0.7821951508522034 0 0.09865768253803253 0 0.4065292179584503 0 0.2975284457206726 0 0 0 0.1259943842887878 0 0 0 0.2262829691171646 0.6887775212526321 0.7240665405988693 0.8829031735658646 1.035082161426544 0.141207367181778 0.1485743224620819 0 0 0 0 0 0 0 0 0 0 0.1739638298749924 0.1689047664403915 0 0 0 0 0.07388953119516373 0 0 0.1068472787737846 0.3166709691286087 0 0 0 0 0 0 0 0 0.4797974824905396 0 0.1074592545628548 0.1541514545679092 0 0.2751750722527504 0 0 0.1323239058256149 0 0 0 0 0 0 0 0 0 0.1164000183343887 0 0 0 0 0 0
