261.9079433381557 1063.778737962246 454.1305247992277 1430.187281116843 0.7509223222732544 93.91312645375729 334.9461778029799 146.5442473888397 0.9586204811930656 1407.400184996426 31.17740956693888 26.19270508736372 58.19378761202097 101.6282274574041 0.510079987347126 1.377690397202969 0.3316095322370529 0 0 0.3134210556745529 0.4524403139948845 0 0.2210919484496117 0.1182809248566628 0.4819076433777809 0.1185903772711754 0 0.2401538416743279 0.1237880885601044 0 1239.392363734543 42.46285155415535 47.28055602312088 0 0.4489329308271408 0.9464915990829468 6.860672011971474 0.8136137798428535 1.885636277496815 1.122267998754978 0.241623193025589 0.5351734012365341 0 0.5343685895204544 0 0 9.407299347221851 4.749254509806633 0.6461994051933289 0 0.1087147146463394 0 0 0 1.090011641383171 1.262659512460232 47.45822598040104 397.0913958698511 10.03879600763321 6.109534882009029 0.4323326647281647 7.47751373052597 0 15.09778164327145 0.8076395913958549 1.099717363715172 0.8005336672067642 0.9609533399343491 0.1195633411407471 1.193241700530052 10.17329642921686 1.750789046287537 0 13.98667868226767 25.59348711371422 7.585214890539646 6.10615997761488 1.258758775889874 27.62472177296877 65.53049028664827 0.5445130467414856 19.2814162671566 1.502602368593216 0 0.996146060526371 0.2234709113836288 0.1112368181347847 0.1468729674816132 1.292846888303757 0 0.5729592591524124 0.1163950636982918 1.021664388477802 0.6736675351858139 0 122.5743571296334 13.71546553820372 0 2.814522013068199 1299.513684891164 0 3.892767518758774 2.662879668176174 0.1746202707290649 1.298801496624947 2.363428026437759 11.17369639873505 1.474713951349258 14.98626970499754 12.84387481212616 2.903893321752548 15.61335690319538 13.55328784137964 4.4320038408041 5.402990713715553 0.2102158516645432 0 0 0 0 0 0 0 0 0 0 0 0.4510151445865631 0 0 0 0 0 0 1.966026179492474 1.224881425499916 0 0.772076427936554 0 3.194601386785507 0 4.230553098022938 1.775809295475483 0.1598487794399261 0 0 0.5099823921918869 0.2050846368074417 0 1.168061256408691 0 0 0 0 0 0 1.345830649137497 0 0 0 0 0.1067851185798645 0.659701019525528 0 0.9210553467273712 0 3.692882403731346 0 0 0 0 0 0 0 0 0.1459195166826248 4.905002817511559 0.289067417383194 0 0 0 5.890130549669266 1.45059522986412 6.225696198642254 0 0.2337975800037384 1.145458742976189 0 0.5714340209960938 0 0 0 0.138787180185318 0 0 0 0 8.900908850133419 0.5942566692829132 2.616357676684856
1063.778737962246 678.1059064492583 1581.158375665545 1624.701831027865 187.1416575610638 99.15858888626099 1040.293090216815 603.2104382365942 708.3106628134847 2761.980488762259 459.7566249743104 187.5379714071751 702.7165825366974 1817.374702066183 15.59513740241528 15.93429483473301 1.72354007512331 0 0.1040207147598267 0.2126007825136185 0.8693852722644806 0 0.4818515926599503 0.3420389518141747 0.8210512921214104 0.09047361463308334 0.2648078501224518 0.2808934524655342 0.359941840171814 0.2275124862790108 1765.015655949712 112.254476942122 139.0213788747787 0.2518896758556366 0.9597545936703682 2.848610959947109 12.02592919766903 1.615356422960758 2.885577373206615 1.678840391337872 0.7899746671319008 2.13640446215868 0.2332213073968887 2.76607421040535 0.1064543649554253 0.4845284596085548 85.03177881240845 15.45464490354061 3.782569043338299 0.443122111260891 0 0 0 0.2398364394903183 1.593133591115475 1.533848091959953 27.88561907410622 366.2581630125642 12.48939961194992 25.44432756304741 0.9611832872033119 16.39516563713551 0.5411316603422165 88.40615970641375 1.962298691272736 2.055522620677948 1.212966859340668 3.244309417903423 0.902866818010807 2.050767935812473 27.74958425760269 0.0837659165263176 0 33.94775319099426 76.87586023658514 83.3408592864871 79.33317466080189 16.63826920837164 60.18527241796255 172.0129155963659 0.965387336909771 39.81097213923931 2.524575166404247 0.09305860847234726 1.388062179088593 1.095618240535259 1.17220775783062 0.6750214993953705 0.9714984968304634 0.1187281534075737 0.7801775559782982 0.1921422779560089 3.340509980916977 1.720508299767971 0.8839617669582367 52.51251892000437 2.12948340177536 0 1.235121451318264 408.8582816943526 0 1.125105701386929 1.043517552316189 0.215334951877594 0.1466217786073685 0.7307946234941483 3.513743340969086 1.237116470932961 5.445211298763752 5.053657993674278 1.68808501213789 7.078575193881989 8.103385679423809 2.059288881719112 4.459356471896172 0.1095832586288452 0 0 0 0 0 0 0 0 0 0 0 0 0 0 0 0 0.1515513956546783 0 0.7511711195111275 0.2341197058558464 0 0.4285838305950165 0.09758163243532181 3.623565495014191 0.4162425920367241 4.778407357633114 1.567212268710136 0.7262434065341949 0 0 0 0 0 0 0 0 0 0 0 0.09924505650997162 0.2665163576602936 0 0 0 0 0.2049538195133209 0.07521139085292816 0 0.5866037011146545 0 3.226429082453251 0.1519982814788818 0 0.07894893735647202 0 0.08570325374603271 0 0 0 0.2232918962836266 4.645402751863003 0.3686606958508492 0.09437258541584015 0 0.0893206000328064 5.448844388127327 0.446562647819519 4.38201492279768 0.166040226817131 0.09364521503448486 0.1880293488502502 0 0.2064455151557922 0 0 0 0 0 0 0.2921057343482971 0 4.771036490797997 0.9780468493700027 2.173623710870743
454.1305247992277 1581.158375665545 1412.639334730804 645.4682440087199 223.1535854190588 25.95561425387859 932.5555191040039 1885.343206115067 569.1253807470202 523.6369894444942 1144.052048273385 193.6872539743781 586.7902852222323 3617.127303995192 14.70923635363579 17.25778983533382 1.826984949409962 0 0.1021908447146416 1.268087700009346 2.823208041489124 0.1268710047006607 2.441925950348377 1.173701994121075 4.638047836720943 0.965191476047039 0.5461078211665154 0.2284641563892365 0.1125192493200302 0.0790691077709198 1735.045134671032 588.7106324359775 338.2175845205784 0.874248780310154 2.975154362618923 5.98109032958746 22.99816756695509 4.939485006034374 10.64649254828691 5.576276540756226 5.719967752695084 5.647332303225994 1.028787970542908 5.466384544968605 0.1975686848163605 0.6037637367844582 75.06526622921228 11.15363987535238 4.028366148471832 0.532143235206604 0.7777877599000931 0.4069926217198372 0.1271898299455643 0.6047681048512459 1.23557872325182 0.9252416715025902 15.55173337459564 291.5676892995834 7.88819295167923 15.38752864301205 5.420642957091331 36.58689197152853 0.7558878511190414 214.3765417188406 1.09968613088131 1.17093638330698 1.318686410784721 1.583474144339561 2.047442778944969 4.391188107430935 33.14699275046587 0.1154734641313553 0 27.56350862234831 62.03466898202896 72.64499302208424 107.1326766982675 29.35997384041548 233.7012448385358 767.8915208801627 5.658695854246616 165.9455978125334 2.399848312139511 0 0.7051007300615311 0.2008003070950508 1.240465708076954 0.5743901282548904 0.7333239391446114 0.2056002765893936 0.453108437359333 0.1392412483692169 11.84784012287855 6.635182723402977 1.449821971356869 42.4371205046773 0.1344004422426224 0 3.813638173043728 95.7957556322217 0.1907695829868317 0.2129028514027596 0.1896983236074448 0 0 0.8000844269990921 0.7498748451471329 0.7245730757713318 3.613083481788635 2.983571901917458 1.942763015627861 5.863679133355618 3.208051778376102 1.783811181783676 3.544024683535099 0.1099180653691292 0 0 0.116472527384758 0 0 0 0.09827819466590881 0 0 0 0 0 0 0 0.1765145808458328 0 0 0 0.126466378569603 0 0 0 0 2.698033891618252 0.2520884349942207 2.455191224813461 0.4163190722465515 0.1765776872634888 0 0 0 0 0 0.3969939351081848 0 0 0 0 0 0.1113307103514671 0.7108831405639648 0 0.09597983956336975 0 0 0 0.4589434862136841 0 0 0.1993469148874283 2.820679761469364 0 0 0 0 0 0 0 0 0 1.68938160687685 0.1929497420787811 0 0 0 1.847743660211563 0.7906955704092979 1.90929003059864 0.1551571786403656 0 0.2503361776471138 0.2215906083583832 0.2413390576839447 0 0 0 0 0 0 0 0 3.380798973143101 1.030798465013504 1.796108104288578
1430.187281116843 1624.701831027865 645.4682440087199 349.1402267813683 3.081587225198746 86.39565141499043 457.9837875068188 83.51166078448296 2.303705230355263 2045.319436520338 29.21194012463093 7.637043282389641 193.9209251850843 76.05168498307467 0.3232527673244476 0.232435941696167 0.2331904843449593 0 0.1335359811782837 0.1137633249163628 0 0 0.1075398251414299 0 0 0 0 0 0 0 292.1351513266563 1.381290942430496 13.94760390371084 0 0 0.3114399611949921 1.047947123646736 0 0 0 0.1059271991252899 0 0 0.3523671627044678 0 0.2804875373840332 8.288641944527626 4.123104847967625 0.1490025669336319 0 0 0 0 0 0.3169135525822639 0.1277163475751877 13.20217303931713 159.5876945629716 5.732722118496895 5.14773190766573 0 0.1896975934505463 0 15.41666575521231 0.9954598695039749 1.480744585394859 0.5838218405842781 0.7572125568985939 0.2286873236298561 0 2.145528569817543 0 0 11.55277553200722 20.29365379363298 7.586865305900574 6.079931229352951 0.4001442268490791 1.809700086712837 9.631753087043762 0 1.228192321956158 1.628442592918873 0 0.2399684116244316 0 0.3890263512730598 0.2903967574238777 0.7669751197099686 0.2547935247421265 0 0 0.2049934715032578 0 0.1335902363061905 20.53318285942078 0.235614225268364 0 0 256.7528009489179 4.543023288249969 6.60809214413166 37.72250370681286 53.25898855924606 0 13.33648334443569 74.51874287426472 5.091799303889275 28.89739854633808 46.29947775602341 0.5555038973689079 78.40134867280722 70.22472874820232 32.72906309366226 0.1593520045280457 0 0 0 0.1245897337794304 0 0 0 0 0 0 0 0 0 0 0 0 0 0 0 0.9723567515611649 0 0 0 0 0 0 0 0 0 0 0 0 0 0 0 0 0.1000021547079086 0 0 0 0 0 0 0 0 0 0.3265413343906403 1.465920016169548 0 0 0 0 0.2379679828882217 0 0 0 0 0 0 0 0 0 0.210399866104126 0 0 0 0.1049777045845985 0.1367241740226746 0 0.3582980781793594 0.2978715300559998 0 0 0 0 0 0 0 0 0 0 0 0.543899804353714 0 0.3449811711907387
0.7509223222732544 187.1416575610638 223.1535854190588 3.081587225198746 70.87099269032478 1.14813794195652 243.4954838603735 82.52362963557243 609.9629291892052 29.36455708742142 173.4048951268196 9.081952020525932 212.3222382068634 1011.803467273712 1.482783176004887 2.323523506522179 0 0 0.09191498905420303 0 0 0 0 0.09892664104700089 0 0.08760038018226624 0 0 0 0.0963556095957756 3.035760626196861 0.2646420821547508 2.071352668106556 0 0 0 0.5556286424398422 0.1242974251508713 0 0 0 0 0 0.3837835788726807 0 0.08673017472028732 4.289200656116009 0.7409165501594543 0 0 0 0 0 0 0 0 0.3576361984014511 3.324831463396549 0.1350773572921753 0.7865998521447182 0.131919726729393 0.3000361993908882 0.08742690086364746 2.254945680499077 0.09722684323787689 0 0 0 0 0 0.9873400777578354 0 0 0.8271971046924591 2.434248328208923 3.984795577824116 6.091156125068665 2.190868005156517 3.886809341609478 0.3138539791107178 0.1135465651750565 1.21259817481041 0 0 0 0 0 0.1117018684744835 0 0 0 0 0.1793623492121696 0 0.08158693462610245 5.847536683082581 0 0 0 0 0.3649231791496277 0.4889937564730644 0.2738713026046753 0 0.1984897255897522 0 0.1407033950090408 0 0.4510079473257065 0.4588820934295654 0 1.114438347518444 0.7271771281957626 0.1067734360694885 0.2897636964917183 0 0 0.3035600185394287 0 0 0 0 0 0 0 0 0 0 0 0 0 0 0 0 0 0.2575482130050659 0 0.1138316914439201 0 0.5209475457668304 0.1128863170742989 0.6535962298512459 0.1293137520551682 0 0 0 0 0 0 0 0 0 0.1931435912847519 0 0 0 0 0 0 0 0 0 0.115428738296032 0 0.3574134781956673 0 0.1036138758063316 0 0 0 0 0 0 0 0 0 0.2078149169683456 0 0 0 0 0.1329505145549774 0 0 0 0 0 0 0 0 0 0 0 0 0 0 0 1.044766657054424 0.3490674048662186 0
93.91312645375729 99.15858888626099 25.95561425387859 86.39565141499043 1.14813794195652 1.196430921554565 19.26308064162731 3.438095018267632 0.314702957868576 273.5763045102358 2.172926262021065 65.85419924557209 31.68454410135746 11.95590094476938 0 0 0 0 0 0 0 1.220943763852119 0 0 0 0 0 0.1586219668388367 0 0 53.055515229702 0.173755943775177 25.46615634858608 0 0 0 30.70954622328281 0.8645850718021393 4.95921827852726 0.3550777435302734 0.1112619116902351 0.9118077903985977 0 0.140780508518219 0 0 0.2815069481730461 0 0.1331895738840103 0 0.8992420956492424 6.990932978689671 0.5278800129890442 0.1157952174544334 0 0.5833640843629837 34.51852902770042 68.0713736563921 2.059016168117523 0 0.1514130830764771 7.736550450325012 0 0.659954309463501 0.262296661734581 0 0.6607314944267273 0.4909439086914062 0.4176582992076874 0 164.9124258980155 250.9037263542414 10.85855709761381 1.002635598182678 1.833071172237396 0.2708934545516968 0.2902759611606598 0 1.36450769007206 3.656522795557976 0 3.354311943054199 0.2009492814540863 1.167207419872284 0.1351512968540192 0.289697989821434 0.3936800211668015 2.202083885669708 1.048712782561779 15.90625473856926 2.55919573456049 2.477417379617691 0.7179077193140984 0.6782634407281876 0.8168508559465408 293.5558301359415 411.1913459897041 10.40902704000473 39.34706789255142 321.396962299943 0.8401910811662674 0.7758637070655823 0.9016712009906769 1.276448532938957 0 0.4061711430549622 4.591122455894947 0.9316844642162323 6.885105691850185 4.068064078688622 1.110199436545372 9.539807714521885 7.012436270713806 2.633251272141933 2.528687655925751 0 0 0 0 0 0 0 0 0.105077438056469 0 0.153618261218071 0.1320292353630066 0.109221376478672 0 0.2425428405404091 0.467822939157486 0.1678810119628906 0.8682875335216522 0.4025113433599472 0.2740349620580673 0.5580099746584892 0 0.2353370636701584 0.2320930734276772 1.417024344205856 0.09632296115159988 1.260545134544373 0.4408070594072342 0.2973793372511864 0 0 0 0 0.5033270716667175 0.1226782351732254 0 0 0 0 0 0 0.4150255620479584 0.2366670370101929 0 0 0 0 0 0 0 0 1.130837321281433 0 0 0 0 0 0 0 0 0 2.944990664720535 0.8052095323801041 0 0.09220359474420547 0 1.507807090878487 0 0.5600760579109192 0 0 0.1929080411791801 0.1418894678354263 0 0 0 0 0 0 0 0 0 4.50585563480854 1.101679801940918 1.360722273588181
334.9461778029799 1040.293090216815 932.5555191040039 457.9837875068188 243.4954838603735 19.26308064162731 460.2112551778555 125.0793343260884 707.7449829429388 1832.142099119723 390.9633162021637 308.8803190812469 2272.171681009233 1395.459299616516 18.15614553540945 19.08073921501637 2.013475209474564 0 0.08277416229248047 0.8367727249860764 0.5163904577493668 0.1954483017325401 0 0.1426526457071304 0.2363008707761765 0.1689138114452362 0.1959656924009323 0 0.08169826120138168 0.1234959959983826 159.1529814451933 5.773932948708534 12.74256666749716 0 0.2320709973573685 0.3763344138860703 4.360933691263199 0.7154675796627998 1.358662910759449 0.117157407104969 0.853673167526722 0.5405714809894562 0.1904784217476845 4.045529365539551 0 0 78.39402837306261 9.490743048489094 5.091583468019962 0.09151148051023483 0.1065229848027229 0 0 0.2394667342305183 0.8042962551116943 1.479301393032074 15.49109249562025 151.3377397581935 9.843087136745453 17.71344211697578 1.847389347851276 6.728625170886517 0.3516783192753792 63.72106112539768 1.991705536842346 1.485067613422871 0.8632374778389931 1.881188914179802 0.2854796051979065 0.4066828936338425 22.25862736999989 1.043890163302422 0 23.21568994224072 53.22235043346882 68.7984508946538 78.28528577834368 18.82837875932455 8.886154599487782 8.200733736157417 1.160885244607925 8.872141428291798 2.2329436019063 0.08978671580553055 0.779229499399662 0.7001217231154442 1.077163875102997 0.7507505938410759 0.6018002405762672 0.630806177854538 0 0 0.4612500220537186 0.3077291622757912 0.4829350486397743 94.16772215813398 3.052008263766766 0 2.309008240699768 36.39153783023357 0.08788610994815826 1.49395327270031 11.0496034398675 41.93416088819504 0.1861816942691803 2.784017905592918 6.962492048740387 2.129597850143909 15.14533045887947 24.55472219735384 4.437484823167324 17.39623525738716 17.97585399448872 6.243581689894199 9.293531179428101 0 0.1571188420057297 0 0 0 0 0 0 0 0 0.3689022064208984 0 0.2239138334989548 0 0 0 0 0 0 1.084251821041107 0.9667694196105003 0 1.079041376709938 0 5.300067499279976 1.106241770088673 7.917773999273777 3.456679090857506 0.7783654481172562 0 0.2485902011394501 0 0.1053600311279297 0 1.274490505456924 0 0 0.1511612385511398 0 0 0.512009434401989 0.09760427474975586 0.120244212448597 0 0 0 0.09292248636484146 1.309060208499432 0 0.8603084534406662 0.6844691336154938 7.250797547399998 0 0 0 0 0 0 0 0 0.5220499187707901 7.790531679987907 0.2408069372177124 0 0 0.2986215353012085 6.723805285990238 2.300839357078075 6.514785051345825 0.1217960342764854 0.07824575901031494 0.6314150542020798 0 0 0 0 0 0 0.1409846991300583 0.09465313702821732 0 0 11.43034483492374 1.604659385979176 4.698795571923256
146.5442473888397 603.2104382365942 1885.343206115067 83.51166078448296 82.52362963557243 3.438095018267632 125.0793343260884 526.4648641943932 219.4831822514534 55.74072799831629 586.6851382702589 196.7026237919927 667.6988054066896 1974.891718223691 15.68517855554819 27.50004611909389 1.937286198139191 0.2972185239195824 0.09622451663017273 1.159364879131317 4.988155499100685 0 3.737250275909901 3.422816567122936 10.59101803600788 1.229022406041622 1.27185383439064 1.840515926480293 0 0.1056552082300186 628.4266891330481 470.0200514793396 205.4186758622527 1.061263620853424 7.360340997576714 10.88031760603189 17.21882611513138 6.840612404048443 7.241780802607536 6.239133693277836 6.079539969563484 5.967892184853554 0.6215575262904167 10.29717111587524 0.1330589056015015 1.338930144906044 39.36623046547174 4.524238973855972 2.652810603380203 0.5226948112249374 0.5707086622714996 0.1337736845016479 0.6711193919181824 0.4633342400193214 0.2818423807621002 0.2603430598974228 5.468594186007977 94.58184396475554 3.41812826693058 8.442303732037544 13.75069481134415 51.53271770477295 0.7756305485963821 114.6720102280378 0.8139045834541321 0.8144240528345108 0.2065160721540451 0.573017343878746 2.431509308516979 6.685193903744221 19.76585941761732 0.1445425152778625 0 11.43605916202068 42.11165075749159 47.2211689427495 100.7787811979651 51.23032679408789 526.4476147964597 869.963721729815 35.15960649400949 383.4282360449433 1.090089000761509 0 0.1077358722686768 0.190153181552887 0.741891585290432 0 0.4242691621184349 0 0.3040833249688148 0 13.399778470397 7.26891778409481 0.6401027366518974 11.34592221677303 0.4443593844771385 0 3.20526135712862 19.17519272118807 0 0 0 0 0 0.1478127986192703 0.2078035175800323 0.1910429298877716 0.6996373757719994 0.2461455464363098 0 1.383500717580318 0.9011024460196495 0.5002986937761307 0.7703409940004349 0 0 0 0 0 0 0 0 0 0 0.3336103782057762 0 0.08600404113531113 0.153487503528595 0 0 0 0 0 0.1007483154535294 0.2036005705595016 0 0 0 0.3086359351873398 0 0.5703486576676369 1.15453790128231 0 0 0 0 0 0 0.09917570650577545 0 0 0 0.07410839945077896 0 0 0 0 0.1069835275411606 0 0 0 0 0 0.4751931726932526 0 0.2855955436825752 0 0 0 0 0 0 0 0 0 0.6002843901515007 0 0 0 0.1157168447971344 0.6713898777961731 0 0.9022540897130966 0 0.09434867650270462 0 0 0.3405864834785461 0 0 0 0 0 0 0 0 1.747148029506207 0.4795696586370468 0.1962054297327995
0.9586204811930656 708.3106628134847 569.1253807470202 2.303705230355263 609.9629291892052 0.314702957868576 707.7449829429388 219.4831822514534 1060.404897868633 50.37552055716515 599.5633031278849 26.43665417283773 368.2425947114825 1496.901826605201 3.871617443859577 6.090260490775108 0.2466349825263023 0 0 0 0.2051768526434898 0 0 0.07618620991706848 0.3569288104772568 0 0.1095556020736694 0.1131395995616913 0.110995352268219 0 5.644298732280731 2.487958438694477 13.81406180560589 0 0 0.3301375359296799 0.4994552209973335 0 0.1206662133336067 0 0 0.09586677700281143 0 1.652105987071991 0 0 11.37657997012138 0.8089011907577515 0.4415057152509689 0 0 0 0 0 0 0 0.9081295877695084 5.60000754147768 1.081348322331905 2.058000415563583 0.1959524005651474 2.020385101437569 0 7.401681803166866 0.1008267626166344 0 0 0.09944022446870804 0.09102994948625565 0 4.871085211634636 0 0 1.620451718568802 5.488471627235413 12.58425781875849 19.93722105771303 7.41487168520689 12.47940570861101 56.19135247170925 0.4845556318759918 8.394553795456886 0.3967272639274597 0 0 0 0.0890977531671524 0 0.1232533901929855 0.09411286562681198 0 0 0.1987056061625481 0.08288881182670593 0 14.79524873197079 0.5507995039224625 0.4322521090507507 0.1314010322093964 0.4478121921420097 0.106913723051548 0.1305641829967499 0.4064915105700493 0.165933832526207 0 0.2080118507146835 0.5939572975039482 0.2002597376704216 1.420238479971886 1.092167280614376 0.7715630531311035 3.556555226445198 1.937111705541611 1.443425670266151 1.729776047170162 0 0 0 0 0 0 0 0 0 0 0 0 0 0 0 0 0 0 0 0.466253474354744 0 0 0 0 0.9952549561858177 0.1529669314622879 2.906296044588089 0.3213711306452751 0 0 0.2874488011002541 0.1403297632932663 0.127597764134407 0 0.9575497508049011 0.09627267718315125 0 0 0 0 0 0.2749888673424721 0 0 0 0 0 0 0 0 0 0.9468916729092598 0 0 0 0 0 0 0 0 0 1.702226907014847 0 0 0 0 0.4784177467226982 0.1101266443729401 0.6807055696845055 0 0 0 0 0.1021393015980721 0 0 0 0 0 0 0.1117622256278992 0 1.346172355115414 0.3971082419157028 0.9308762326836586
1407.400184996426 2761.980488762259 523.6369894444942 2045.319436520338 29.36455708742142 273.5763045102358 1832.142099119723 55.74072799831629 50.37552055716515 1811.983676321805 80.74053479731083 1269.596423313022 3977.118346698582 447.9054094925523 7.072105161845684 6.048020057380199 0.6834208369255066 0.1359668076038361 0.1199933141469955 0.2065345942974091 0 0.107937216758728 0 0 0.08643114566802979 0.2697600945830345 0 0 0 0 421.1621577367187 11.08172446489334 66.94250313937664 0 0 0.1038611754775047 15.83772377669811 0.6254995614290237 1.635100118815899 1.015517100691795 0.1776091977953911 0.3894648253917694 0 1.883964493870735 0.09047260135412216 0 63.87115178257227 13.52048899233341 3.623401619493961 0.1139039844274521 0.3412129431962967 0.317690022289753 0.1614265590906143 0.1246749088168144 1.311749808490276 1.339444346725941 39.39712203294039 346.6883716583252 18.51404759287834 20.22230801731348 4.372744165360928 17.02602275460958 1.0640599578619 76.55420029163361 2.711941443383694 2.596920982003212 1.645796954631805 2.077235862612724 0.5708773285150528 0.7964124530553818 142.1605829000473 1.556388273835182 0.1221816763281822 38.35923498123884 65.07571982592344 44.12668551504612 43.80684833228588 6.837544828653336 7.908336751163006 20.26158685982227 0.6508210003376007 15.40127858519554 2.826332859694958 0 2.033293925225735 0.2013185769319534 2.351770333945751 0.8052837997674942 1.592542447149754 0.750149093568325 0.3640787750482559 0.1673564910888672 1.271987356245518 0.4124776273965836 0.3068499714136124 520.6344737485051 64.53701193630695 0 3.412867747247219 465.22825858742 0.8367460891604424 7.060017839074135 9.179852016270161 5.137335747480392 1.955343097448349 31.84140164405107 28.43701365590096 16.59977086633444 99.4619958922267 34.96029693633318 14.51274348795414 95.70517683774233 91.60203868150711 67.06763402372599 46.67846813797951 0.242074728012085 1.16579032689333 0 0.09136538207530975 0 0 0 0 0 0 0.5154794603586197 0 0.1264334917068481 0 0 0.1043964177370071 0.3091639578342438 0 0 6.112033165991306 1.006246574223042 0 0.5174069404602051 0 17.74852459132671 2.255542874336243 16.13260419666767 3.911455661058426 0.9645618200302124 0 0 0 0.2791977524757385 0 1.172050938010216 0 0 0.6262119114398956 0 0 0.3013732135295868 1.473264262080193 0.2459686547517776 0.09278560429811478 0 0 0.5048472508788109 2.521548330783844 0 1.674214407801628 0.321941003203392 19.7213037610054 0.3650762736797333 0 0 0 0 0.7021768689155579 0.1090742498636246 0 0.6718551591038704 26.11562198400497 1.786944434046745 0 0 0 17.35265044122934 1.878901287913322 10.16910140961409 0.1514831036329269 0.5934033244848251 1.216157600283623 0.09033972769975662 0.6799709051847458 0 0 0 0 0.1024433299899101 0 0.1278456747531891 0 46.3493710309267 4.73896799236536 13.13247903436422
31.17740956693888 459.7566249743104 1144.052048273385 29.21194012463093 173.4048951268196 2.172926262021065 390.9633162021637 586.6851382702589 599.5633031278849 80.74053479731083 325.1760789602995 129.9271130487323 785.9038185253739 2325.916948959231 3.267947137355804 6.193395614624023 0.4830782935023308 0.1047604456543922 0 0.2428580746054649 0.5281400755047798 0 0 0.1066738292574883 1.903742723166943 1.157848328351974 0.4512923359870911 0.5661601275205612 0.3553823977708817 0 62.19730285555124 98.52846238017082 234.8869633227587 0.3764200881123543 0.8750840872526169 5.905781373381615 21.6677228063345 10.93079192191362 8.868098229169846 5.256090238690376 1.675054796040058 1.054648116230965 0.09811642020940781 1.269787326455116 0 0.1943612396717072 10.39379219710827 0.6903475895524025 1.128377258777618 0 0.3102425932884216 0 0.1325428485870361 0.1253887563943863 0 0 1.332514390349388 13.28114507347345 0.5273817777633667 2.053727515041828 2.307939156889915 126.933404840529 0.6270491629838943 7.306333661079407 0.1883540898561478 0.07933298498392105 0.09856028854846954 0.07586240023374557 0.6413154155015945 1.05594590306282 16.16132925450802 0.2260796576738358 0.226510226726532 2.818786598742008 4.959325931966305 10.58062752336264 17.28244602680206 7.053184568881989 150.1730008348823 670.8072212487459 2.544514894485474 230.7293122187257 0.1104915365576744 0 0.2297305688261986 0 0.4546782597899437 0 0.1012464836239815 0 0 0 2.313431203365326 2.868580624461174 0.8301053866744041 16.01245686411858 0 0 4.472486816346645 2.920954950153828 0 0.513688325881958 0.2229348868131638 0 0 0.3038840293884277 0 0.5604248344898224 1.526330187916756 0.3016297817230225 0.1960837543010712 2.249803699553013 1.115821681916714 0.6394603922963142 1.041750490665436 0 0 0 0 0 0 0 0 0 0 0.1290842890739441 0 0 0 0 0 0 0 0 0.101618729531765 0 0 0 0 0.6733012348413467 0 1.748976498842239 0.7355736643075943 0 0 0 0 0 0 0.3550612330436707 0 0 0 0 0 0 0.1208117231726646 0 0 0 0 0 0 0 0.2780457437038422 0 1.165466092526913 0 0 0 0 0 0 0 0 0 1.297852277755737 0.1058005169034004 0 0 0 0.6311027482151985 0 1.086988061666489 0 0 0.3524259179830551 0 0 0 0 0.08727611601352692 0 0 0 0 0 2.279982082545757 0.4442442283034325 0.195718489587307
26.19270508736372 187.5379714071751 193.6872539743781 7.637043282389641 9.081952020525932 65.85419924557209 308.8803190812469 196.7026237919927 26.43665417283773 1269.596423313022 129.9271130487323 98.6368994563818 1701.345484741032 312.4219672307372 10.51749412715435 29.25577289611101 1.231147170066833 0.2215838506817818 0 0.3204004466533661 2.829541936516762 0 1.147127747535706 1.590625308454037 1.04212100058794 0.5460269302129745 0.3785446062684059 1.94301488250494 0.6233130693435669 0 40.53228292614222 16.24309492111206 301.0499320179224 0.1525219082832336 0.3369313031435013 3.857603803277016 215.5392067730427 14.80353193730116 23.20917903631926 4.839178331196308 5.484486013650894 14.37626069039106 0.4100460931658745 6.449170626699924 0 0.08788809925317764 31.25536053627729 1.278296500444412 1.845469616353512 0.4116226360201836 1.791927196085453 0.3313938304781914 0.6971406489610672 1.055347323417664 0.2589673027396202 0.1936063021421432 4.014133229851723 21.38582620024681 2.238038167357445 2.267713069915771 1.597209103405476 45.10179724544287 0.3649752214550972 17.36251623928547 0.4062580242753029 0.1172534748911858 0.2524464130401611 1.660092458128929 3.238062284886837 6.408314421772957 300.693616643548 0.2202584743499756 0.08050531893968582 4.986753083765507 11.10863586515188 18.95909969508648 34.74253956973553 28.14581433683634 26.32531426846981 172.6467720642686 0.5121882557868958 31.50488749146461 0.1163604259490967 0.1003600135445595 0.08556293696165085 0.2287717312574387 0.6376838609576225 0 0 0.1183042749762535 0 0 21.52269944548607 16.445980027318 2.412493020296097 747.7168030887842 7.803165219724178 0 12.87956055998802 17.35652823001146 2.058324255049229 4.533146925270557 4.670232228934765 0.5375138893723488 1.835524156689644 4.099750645458698 12.53715647757053 5.105207286775112 36.37895120680332 14.22958098351955 7.902072384953499 46.52397745847702 33.00169158726931 16.19879282265902 28.20090441405773 0.2691417336463928 0.6719739809632301 0 0 0 0 0 0.1139710620045662 0.1971332877874374 0 0.279667429625988 0 0 0 0 0 0.830979235470295 0.2932334840297699 0 5.146459393203259 2.347517162561417 0 0.4515921473503113 0 16.02606606483459 1.306579850614071 19.56013245135546 2.833295688033104 1.092794388532639 0 0.088503398001194 0 0 0.176909863948822 1.51035962998867 0 0.2790990918874741 0.3145165741443634 0 0 0 1.458323203027248 0.4150817915797234 0 0 0 0.2906863689422607 2.096995651721954 0 1.041913747787476 0.09471490979194641 16.95787514746189 0.1136007830500603 0 0 0 0 0 0 0.07884839922189713 0.9476062059402466 19.4857988730073 1.262767747044563 0.1483279764652252 0.5042869597673416 0.4174275696277618 12.40526150166988 2.457209430634975 11.21447490155697 0.2472338676452637 0.09361851215362549 0.8456994071602821 0.7839433029294014 0.8388027176260948 0 0 0.086687833070755 0.08756925910711288 0 0 0.3720831125974655 0.1204724088311195 31.27474442869425 4.076761499047279 9.917955622076988
58.19378761202097 702.7165825366974 586.7902852222323 193.9209251850843 212.3222382068634 31.68454410135746 2272.171681009233 667.6988054066896 368.2425947114825 3977.118346698582 785.9038185253739 1701.345484741032 2471.972657978535 3916.507950618863 23.76413191854954 49.73559635877609 1.662801079452038 0.09421408921480179 0.3907695338129997 0.5876337438821793 0.9557132571935654 0 0.8168713673949242 0.3132889345288277 0.9475927948951721 0.5954826921224594 0.1342405080795288 0.8721897453069687 0 0.1068561524152756 47.95300079137087 36.31954718381166 504.7226767838001 0.3403531163930893 0.5979620069265366 3.088930986821651 125.4700880050659 7.339795030653477 10.60106082260609 3.248113408684731 3.588033512234688 4.076367184519768 0.6237504035234451 10.13900492340326 0 0.88308434933424 62.6556068956852 1.869681216776371 3.152720265090466 0.1626977622509003 0.4926002100110054 0 0.289344385266304 0.561460942029953 0 0.3363278657197952 6.128318764269352 31.96884395927191 2.635538555681705 10.4299548342824 2.594679869711399 30.7000899836421 0.4264907091856003 38.79594940692186 0.1968890503048897 0.546055443584919 0.2913169115781784 0.7647514939308167 1.451992720365524 1.989857353270054 161.6335501372814 0.8020996749401093 0 10.5115300565958 26.81623990088701 53.99376125633717 94.08536354452372 51.32119923830032 109.9206117615104 245.4162095114589 3.169333979487419 45.04866768419743 0.8731794729828835 0.09581290185451508 0.2288147509098053 0 0.3129260390996933 0.09072805196046829 0.3231311216950417 0.192114993929863 0.08426596224308014 0.09167905896902084 7.498288333415985 6.798276104032993 0.826431892812252 665.5607919543982 6.307914428412914 0.1345154792070389 8.986162915825844 12.72379062324762 0.9508243054151535 3.535174667835236 6.342404879629612 1.376301348209381 2.369575880467892 17.0020100697875 14.09048671275377 8.952232383191586 70.72613889724016 19.02453854680061 6.617444269359112 59.8870424926281 49.88889343291521 17.94618825614452 31.69213818013668 0.2536278814077377 0.8112597167491913 0.1673403009772301 0.3680653274059296 0 0 0 0.2410836666822433 0 0.1344301998615265 0 0 0.9180707037448883 0 0 0 0 0 0 4.028392434120178 1.888851650059223 0 0.6225330904126167 0.2606154084205627 15.70156099647284 2.446108981966972 24.05351430922747 4.535457402467728 0.650160163640976 0.1172545701265335 0.2334468886256218 0.3000743836164474 0.4771752059459686 0.1201416254043579 0.8725903332233429 0 0.08101067692041397 0.09572231024503708 0 0 0 1.459661222994328 0 0 0 0 0.3454607874155045 2.237990736961365 0 2.943669587373734 0.6347275972366333 20.46003948897123 0.7131527736783028 0 0 0.1010246425867081 0 0.3824498355388641 0.1993835270404816 0 0.34107905626297 22.79350881278515 0.4786772206425667 0 0 0 16.2937511280179 3.541047334671021 12.92966040223837 0.8107437863945961 0.8383483216166496 1.165763854980469 0.5615857914090157 0.5829335227608681 0 0 0 0 0 0 0.1412438899278641 0 39.17413458973169 5.815639659762383 8.491716928780079
101.6282274574041 1817.374702066183 3617.127303995192 76.05168498307467 1011.803467273712 11.95590094476938 1395.459299616516 1974.891718223691 1496.901826605201 447.9054094925523 2325.916948959231 312.4219672307372 3916.507950618863 722.832511074841 43.95800802856684 85.68452550470829 5.743562184274197 1.198686040937901 0.09088397026062012 0.8603153899312019 1.954213716089725 0.1104147657752037 1.212240271270275 1.208595283329487 3.681517943739891 2.546836048364639 1.214316122233868 2.155482292175293 1.201253183186054 0 149.7887842357159 125.7922830656171 729.5119946748018 0.3088008314371109 3.473931722342968 13.6475326269865 340.7944279313087 19.86382117122412 20.96447037905455 11.03584250062704 3.825178258121014 5.328799024224281 0.664526179432869 18.74725000560284 0.3238269686698914 0.7451676279306412 91.28352896869183 4.5732406899333 5.788010686635971 0.4551768824458122 0.3862143382430077 0 0.6745003312826157 1.561533845961094 0.3830926269292831 0.608081080019474 5.72785747051239 67.96153704077005 3.245986916124821 15.4813479706645 10.49902210384607 210.0629056468606 2.587343245744705 58.74705113470554 0.9671363681554794 1.057782307267189 0.3093450218439102 1.236932031810284 2.067573681473732 2.932937406003475 226.0798963680863 0.5297354757785797 0 15.54055228084326 43.28478606045246 93.43681673705578 152.5448221638799 93.13913380354643 187.6335816085339 514.3598853200674 6.745526388287544 265.8991035968065 0.86214978992939 0 0.4717862531542778 0.4231425076723099 0.7647661343216896 0.1060828343033791 0.4095707908272743 0 0 0 12.95186107605696 6.949050299823284 1.661319389939308 227.9080634862185 4.385746628046036 0.3468153476715088 14.61789204180241 14.77991931885481 0.9993824660778046 1.802314579486847 3.229989111423492 0.8718796074390411 2.816541418433189 3.386521086096764 7.440292924642563 3.544913314282894 14.78277838975191 10.41974607110023 4.54540541768074 26.16765207797289 25.79685333371162 9.669413365423679 22.51483326405287 0.3006858602166176 0.3648522272706032 0.4054848179221153 0.4237112402915955 0 0 0 0.1656434088945389 0 0 0.4217732474207878 0 0.1947821378707886 0 0 0.1519962698221207 0.2103422582149506 0 0 2.028084263205528 0.878987081348896 0.09821221977472305 0 0.2624421715736389 9.406063064932823 2.648468866944313 13.91724509000778 2.822531282901764 0.2936798259615898 0 0.2037539482116699 0 0.08300678431987762 0.3118473589420319 0.7493079081177711 0 0 0.7041842564940453 0.08049783110618591 0 0.289946936070919 0.4339136481285095 0.4138171002268791 0 0.1350525617599487 0 0 1.265592932701111 0.3900880813598633 1.764570087194443 1.463360205292702 13.63756710290909 0.3427219912409782 0 0 0 0 0 0.1306194663047791 0 0.3516854047775269 15.33677610754967 0.3917778059840202 0.1124368384480476 0 0 8.025726139545441 4.492758207023144 8.2146160826087 0.2263643741607666 0.2866298407316208 1.812099806964397 0.2149500846862793 1.059039041399956 0 0 0 0 0.0895310714840889 0 0.1494708955287933 0 19.34241031855345 3.634189799427986 5.384505905210972
0.510079987347126 15.59513740241528 14.70923635363579 0.3232527673244476 1.482783176004887 0 18.15614553540945 15.68517855554819 3.871617443859577 7.072105161845684 3.267947137355804 10.51749412715435 23.76413191854954 43.95800802856684 294.4615052044392 1583.133354246616 223.9880178049207 3.309311464428902 46.56488794088364 12.38915045559406 1.86906211823225 0.9385574162006378 0.5670750886201859 1.562443755567074 27.51002884656191 1.357656896114349 2.739851340651512 3.292099356651306 2.482817769050598 1.377443365752697 1.445190735161304 6.425881341099739 19.04855500161648 11.69459711760283 4.292448349297047 11.00652583688498 13.32242728769779 7.661233529448509 32.08723275363445 23.89522279798985 2.573906295001507 2.198812209069729 5.102106496691704 209.3906532004476 28.97728895395994 60.70903895795345 359.2844784557819 4.258933857083321 90.81801015138626 12.81347926706076 1.097368635237217 0.4294715076684952 8.91011480987072 1.885869085788727 0 0 6.860773622989655 2.82082810997963 10.91260547190905 271.0434110164642 51.73052964359522 19.69469583034515 27.19995233416557 7.322966188192368 0.4262454658746719 0.3760257288813591 0.4037301316857338 2.454834386706352 16.80859377235174 3.159246988594532 14.55994484573603 5.252392984926701 0.119168184697628 142.6145995035768 28.65532027930021 1268.950419306755 400.5250590145588 413.1359123811126 17.31956621259451 11.95132906734943 52.82753673195839 32.59517469257116 0.8084086552262306 0 0.2308354005217552 0.2107410505414009 6.887559399008751 0 0 0.1892982646822929 0.115252673625946 0.09849701076745987 7.136770434677601 2.102327078580856 1.241210900247097 4.485179454088211 3.180784426629543 1.056100338697433 16.60689401626587 0.2289756014943123 0.1439034342765808 0 0 0 0 0 0 0 0.3087972924113274 0.1596210598945618 0.1131837368011475 0.248638778924942 0.4950988590717316 0 0.107014037668705 0.1027257218956947 0.1299166828393936 0.1031408384442329 0 0 0 0 0 0.4186381623148918 0 0.2158194333314896 0.08602218329906464 0.7238063290715218 0.1782666444778442 0.9544914737343788 0 0.6655172109603882 0.6409215182065964 0 0 0.1763932704925537 0.09704578667879105 1.006721690297127 0.33699931204319 0.1911045610904694 1.330974839627743 1.560367546975613 1.963922336697578 1.919095657765865 0 0.10308588296175 0 0 0 2.130580939352512 0 0 0.1638831496238708 0 0 0 2.207039088010788 0.1113226190209389 0 0 0 0 0.07863160967826843 0 1.207999937236309 0.8089253380894661 1.949674762785435 0 0 0 0 0 0 0 0 0.1593474447727203 0.3276664689183235 1.921190924942493 0 0 0.1981040239334106 0.5837597250938416 0.4886344447731972 0.8290801644325256 0.08582286536693573 0.2292778491973877 0.09398186951875687 0 0.6413571983575821 0 0 0 0 0 0 0 0 0.08999039977788925 1.81196965277195 0.9270478561520576
