236.6577467545867 2795.120416261256 192.2838588804007 2070.308950901031 16.33709211647511 53.01579408347607 264.4947321265936 5.715941578149796 29.85126714408398 1324.637321271002 131.6563598960638 36.93014492094517 34.67657816410065 19.71447015553713 0.4982969090342522 0.1773990243673325 0.2201651632785797 0 0 0.2051689475774765 0.08134625852108002 0 0 0 0.1503459513187408 0.1161452829837799 0 0 0 0 560.9500148966908 3.081639148294926 11.24941967427731 0 0 0.1300429552793503 8.381289780139923 0 0.1427951604127884 0 0.1288062781095505 0.06942929327487946 0 0.2655778080224991 0 0 20.0754259377718 1.859224542975426 0.7380926460027695 0.1742837280035019 0.1695659458637238 1.493074588477612 0.3266239166259766 0.2459981963038445 6.094096831977367 2.358349084854126 201.8344595208764 439.057454392314 38.92276886105537 10.62450589239597 0 0.1195828914642334 0 38.88933196663857 0.5521729364991188 1.178818814456463 0 0.08016268163919449 0.08911029249429703 0.07750753313302994 15.23530301451683 12.59376265108585 1.239167377352715 109.0963568389416 15.72055443376303 7.882649227976799 2.266867861151695 0.3803609162569046 1.067544773221016 15.11649430543184 0.1070556119084358 5.055722400546074 8.991634652018547 0 1.05304542183876 0.2574455291032791 0.5449203923344612 0.4917853102087975 0.1981115639209747 0.7078696712851524 0.1017570421099663 0.1275540143251419 0 0 0 168.7798336148262 31.44124679267406 1.936800047755241 6.048163518309593 967.308794349432 0.4574906900525093 2.688837379217148 1.98084756731987 5.373193621635437 0.711424857378006 5.045213654637337 1.634058088064194 0.9561193585395813 4.078538671135902 5.504680901765823 1.119730785489082 17.89758934080601 8.662907309830189 13.06073866784573 4.854943439364433 0 0.6970193311572075 0 0 0 0 0 0 0 0 0 0 0 0 0 0 0 0 0 0.5527207404375076 0.5188682079315186 0 0 0 1.082304134964943 0.6658740937709808 1.373980902135372 1.619660288095474 0.5661031603813171 0 0 0 0 0 0.1793845891952515 0 0 0.6445181369781494 0 0 0 2.408742845058441 0.1541207432746887 0 0 0 0 0.3156253024935722 0 0.1515243649482727 0 1.243668414652348 0.758218377828598 0 0 0 0 0 0 0 0 8.639858663082123 0.1947131007909775 0 0 0 3.433839343488216 0.1333474516868591 0.2656068429350853 0 1.454463064670563 0.1061168983578682 0 0.1063837334513664 0 0 0 0 0 0 0 0 23.58657138049603 1.967638254165649 3.109903886914253
2795.120416261256 3400.111180275679 755.0786602012813 813.091109842062 2386.553874865174 49.74549220502377 2363.130725160241 328.2306473776698 2077.94258210808 1670.096597470343 1573.513913869858 116.7526296451688 1043.496106855571 1900.618321374059 8.139543876051903 2.338722743093967 1.584788247942924 0.1678006201982498 0.2722182497382164 0.2408092617988586 0.398496001958847 1.394389316439629 0 0 0 0.3078823983669281 0 0.2116436585783958 0 0 2167.857897736132 28.00482048094273 47.29265639930964 0.08782968670129776 0.3830518648028374 0.1267337054014206 6.248718500137329 1.750099666416645 0.486648716032505 0.1865647286176682 1.527378983795643 1.574902251362801 0.2704567238688469 1.655483841896057 0.3012075871229172 0.07863616198301315 211.2165343239903 14.19861002266407 3.516332387924194 0.3519587069749832 1.793470576405525 1.557008743286133 0.2404598444700241 0.3178726434707642 33.90651503950357 10.16628423705697 305.5448483601213 1215.692587319762 145.4160077348351 94.09913933649659 0.8779874444007874 3.854290224611759 0 66.53038630634546 4.757107987999916 6.154288351535797 1.089678920805454 2.132312938570976 0.9960505738854408 1.739597126841545 3.901370137929916 0.1289700865745544 0.1465828269720078 619.8034808151424 213.5021959245205 146.1211532093585 20.24383372068405 6.63634080439806 14.36658308655024 482.1815744377673 2.94010616093874 48.19309312850237 65.82793109118938 0.2366931736469269 6.536852549761534 4.312111534178257 2.996607765555382 0 1.148355275392532 0.2769804894924164 0.4722396656870842 0.253804475069046 1.700616270303726 0.9502523094415665 1.425821028649807 13.45365270227194 0.2948692589998245 0 1.534586057066917 864.3493230268359 0.8012964800000191 2.635744884610176 3.692559316754341 8.78320225328207 2.77425691485405 3.2010518014431 2.423522427678108 4.270286485552788 21.16938902437687 10.63737632334232 4.552252590656281 32.09778898209333 17.20246839523315 29.42722328007221 7.862032487988472 0.29603161662817 0.7066013440489769 0 0 0 0 0 0.9322548508644104 0 0 0 0 0.1353907138109207 0 1.314844608306885 0 0 0 0 4.277053356170654 3.444460988044739 0 0 0 5.398115582764149 0 3.09503710269928 2.613885335624218 0 0 0.1432604938745499 0 0 0.3784550651907921 0.4649774730205536 0 0 1.125827297568321 0 0 0 0.7576383799314499 0.1394547373056412 0.08721386641263962 0 0 0.5669124871492386 1.054137147963047 0.472078874707222 0.4388578459620476 0.1951775848865509 6.945200815796852 0.8144763708114624 0 0 0 0 0 0 0 0.1081260293722153 10.92721645534039 0.1147570684552193 0 0.1071330904960632 0.1181034743785858 6.619596600532532 0.1039767041802406 2.035413458943367 0 0.9531184136867523 1.207895286381245 0.2010565251111984 0.9282259494066238 0.0924757793545723 0 0 0 0.1758928000926971 0 0 0 35.29572726786137 3.318238869309425 6.414760269224644
192.2838588804007 755.0786602012813 1243.630198679864 0.6992552429437637 1240.829671651125 0.4312004297971725 314.8232001662254 1447.304042652249 854.6794450357556 120.1318689137697 1679.4830910936 47.17865186929703 297.0851930528879 1948.608366712928 6.612401649355888 2.014936454594135 0.2671442478895187 0.2461213767528534 0.07573238760232925 0.1120840981602669 3.082196921110153 4.298581093549728 2.440638273954391 1.382053308188915 0.2972909137606621 0.1370727568864822 0.111954890191555 1.857012897729874 0 0 2527.249108605087 174.4041466638446 67.73006518185139 1.360604301095009 0.6973745971918106 0.5913944616913795 6.801350250840187 4.861233659088612 1.861175261437893 0.2074041292071342 7.826198346912861 4.007144831120968 0.08498528599739075 0.9212165847420692 0.110984094440937 0.8616215214133263 34.32405633851886 1.310794450342655 0.7080229222774506 0.08014654368162155 0.3882779255509377 9.913243636488914 0.4855937063694 0.5126067623496056 4.258665665984154 0.888689860701561 64.92730965837836 622.9479756429791 18.367755651474 11.11264910548925 8.886650197207928 11.66754760593176 0.3863929659128189 83.39578852057457 0.4903442785143852 0.5811120942234993 0.3394405320286751 0.5118350014090538 0.8800633549690247 6.589501842856407 1.958796083927155 0.9594315141439438 0.2770873606204987 92.91092268377542 41.75428242236376 23.49975086003542 10.69070067256689 26.37739422172308 221.1603074111044 1112.385978333652 20.33536664396524 328.3050455451012 6.633501693606377 0.1093629002571106 0.8644550070166588 0.2690200954675674 0.7130499482154846 0.8361682966351509 0.562317743897438 1.589691668748856 0.1386197209358215 3.513952888548374 7.499050177633762 0.2995592579245567 2.535560876131058 4.928696900606155 0.179128959774971 0 1.963607251644135 140.9181594699621 0 0 0.6968418061733246 0 0 0.2581491470336914 0.2034961730241776 0 0.8367519974708557 0 0.8055790066719055 2.694910854101181 1.36653695255518 4.93619029968977 1.372448280453682 0.1343279629945755 0 0 0 0 0 0 0.1199323758482933 0 0 0.5994044691324234 0 0.5374317169189453 0 0 0 0 0.3247478008270264 0 1.077743090689182 0.4480904191732407 0 0 0 0.633788138628006 0 0.9215568751096725 1.002765111625195 0.1195633262395859 0 0 0.3136061728000641 0 0.398584209382534 0 0 0 0.7113977000117302 0 0 0 0.6978330463171005 0.8388264253735542 0 0.1097735017538071 0 0 0 0 0.2422716990113258 0 1.05104273557663 0.3072391897439957 0.08254077285528183 0.07107459008693695 0 0 0 0.1659146845340729 0 0.1048286929726601 1.386980891227722 0.5038653537631035 0.2438807711005211 0.1033206060528755 0.2445952445268631 0.7490288987755775 0.1958565711975098 0.4724153280258179 0.1214281618595123 0 0.08033019304275513 0.2903773486614227 0.1720268279314041 0 0 0 0 0 0 0 0.2206558883190155 6.082619272172451 1.875187747180462 3.447535745799541
2070.308950901031 813.091109842062 0.6992552429437637 260.875059902668 14.51051958650351 210.7326250523329 387.8796393349767 0.3610849007964134 55.47058518230915 1611.724090732634 3.762181118130684 70.34926690161228 153.5916230529547 126.1736565083265 0.4124862849712372 0.1844575554132462 0.08495763689279556 0 0 0 0.07930219173431396 0 0 0 0 0 0 0 0 0 76.11789905279875 1.833122402429581 1.556141078472137 0 0 0 2.203906267881393 0 0 0.356476902961731 0.0718543753027916 0.1906086653470993 0 0.07883559167385101 0.08100670576095581 0 17.42986565083265 1.247465521097183 0.4335706979036331 0 0 0.209037721157074 0 0 4.19123063236475 2.090588040649891 40.24083583056927 126.8553843982518 23.48295143991709 9.423004783689976 0 0 0 10.87687931209803 0.5140570923686028 0.3995428159832954 0.09509351849555969 0.1747767627239227 0.1670734658837318 0.09608162939548492 0.9837867617607117 1.063395045697689 0 72.30445618927479 15.25794622302055 5.830044634640217 0.2940365672111511 0.181144081056118 0.352519802749157 2.316044196486473 0 1.700694054365158 8.435839354991913 0.1164088621735573 0.9624377861618996 0.2254446297883987 0.1679306104779243 0 0.2684889063239098 0 0 0 0.08561846613883972 0.192418172955513 0 18.43701846897602 1.167118683457375 0 1.56335774064064 330.4220667853951 0 0.359182745218277 6.329062029719353 16.38401421904564 0 6.295869499444962 1.464790195226669 0.201336681842804 12.91926166415215 2.971142247319221 0.6460571885108948 10.11021347343922 18.96603590250015 8.603600114583969 1.803462490439415 0.1415136009454727 0.1519861966371536 0 0 0 0 0 0 0 0 0 0 0 0 0 0 0 0 0 0 0.8848739266395569 0 0 0 0.549347460269928 1.210363864898682 1.342795684933662 0 0 0 0 0 0 0 0 0 0 0 0 0 0 1.322506934404373 0 0 0 0 0 0.3987557590007782 0 0 0 2.299059897661209 0 0 0 0 0 0 0 0 0 3.184143796563148 0.1220735535025597 0 0 0 0.9216592386364937 0 0 0 0.8984076380729675 0 0 0 0 0 0 0 0 0 0 0 6.783341646194458 0.7821758687496185 1.316272795200348
16.33709211647511 2386.553874865174 1240.829671651125 14.51051958650351 1790.753426142037 2.256098389625549 1249.498023726046 380.5110055655241 2418.285252027214 647.5934576392174 713.8597052842379 37.11729693412781 397.8041528835893 1472.452214792371 4.467315725982189 0.7422946020960808 0.2374915108084679 0 0 0 0.4616083800792694 0.2680115401744843 0.1052417680621147 0 0 0 0 0.06743157655000687 0 0 81.88150555640459 7.553572952747345 11.57408375293016 0.08596369624137878 0 0 4.106648460030556 0.3589014783501625 0.3489660173654556 0 0.2242059111595154 0.776251845061779 0 0.08675368875265121 0.1502364128828049 0 57.45371598750353 2.138660758733749 0.7093820720911026 0 0.2810201346874237 0.7845403924584389 0 0.1057786121964455 3.774024486541748 1.05816438049078 18.25774785131216 44.26104387640953 10.97241549566388 14.09425717592239 0.4788937494158745 1.650933943688869 0 14.78311260044575 0.2998884543776512 0.5794979184865952 0.1438948959112167 0.419197790324688 0.1818032488226891 0.6300266981124878 1.317024394869804 0 0 50.19850873202085 31.33668455481529 33.6465981528163 8.119032375514507 0.9869861230254173 11.1453785598278 40.77462400496006 0.9487547352910042 10.9213932454586 6.396237634122372 0 0.941549152135849 0.2027033977210522 0.5188088417053223 0.1099247112870216 0.2376494333148003 0 0 0 0.3422442972660065 0.2086537405848503 0.2127464264631271 6.567255705595016 0.2285280227661133 0 0.3503056690096855 5.83634626865387 0.1107609272003174 3.566666096448898 1.549989342689514 0.5180919468402863 0.1192760914564133 0.2239018380641937 1.147660493850708 2.317699007689953 3.080677419900894 3.910745054483414 1.782978162169456 15.25472693145275 8.318401649594307 16.13907384872437 6.854392856359482 0.09555251151323318 0.1212432458996773 0 0 0 0 0 0 0 0 0 0 0 0 0 0 0 0 0 1.983047395944595 1.869550704956055 0 0 0 2.681770488619804 0.4938456565141678 1.97095412760973 2.653884500265121 0 0 0 0 0 0 0.4102510884404182 0 0.1061544194817543 0 0 0 0 0 0 0 0 0 0 0.5755093991756439 0 0 0 5.605600163340569 0.6275098621845245 0 0 0 0 0 0.2154411524534225 0 0 6.812666967511177 0.1153499260544777 0 0.1091773211956024 0 4.479117929935455 0 0.8483402952551842 0 0.4404786825180054 0.4399261400103569 0.1014999002218246 0 0 0 0 0 0 0 0 0 19.84901126474142 2.998049646615982 5.205557122826576
53.01579408347607 49.74549220502377 0.4312004297971725 210.7326250523329 2.256098389625549 4.344324365258217 21.48538742959499 0.1358008086681366 1.234211295843124 662.1012064665556 1.226142793893814 47.61332240700722 20.35463048517704 7.866093158721924 0.4068710654973984 0 0 0 0 0 0 0.728315182030201 0 0 0.1517898291349411 0 0 0 0 0 5.653424799442291 0.3324705511331558 16.52738091349602 0 0 0.2468428388237953 23.85399183630943 0.3075637370347977 4.419970095157623 0.3063657283782959 0 0 0 0 0 0 1.546538256108761 0 0 0.08242841064929962 0 4.337778694927692 0.2770373374223709 0.1089257448911667 0 0.8676529228687286 31.58687008917332 3.901954151690006 0.09051649272441864 0.1039018705487251 0 2.821180112659931 0 0.7685562372207642 0 0 0 0 0 0 91.13091738522053 118.917177438736 12.19555792957544 0.9881152734160423 0.4517513364553452 0.3427322879433632 0.5267417430877686 0 0 1.597092896699905 0 2.588776521384716 0.08669865876436234 0.8374873921275139 0 0.4162338078022003 0 3.670200668275356 0.9984180554747581 3.3949885815382 0.4384097680449486 0.1256897300481796 0 0 0.5891937911510468 306.8943466171622 93.64797075092793 15.5252588391304 22.47020411491394 148.6494884490967 0 0.7148697972297668 0 5.237944215536118 0 0.849016934633255 0 0 1.724555611610413 1.120023488998413 0 1.086963355541229 1.669977068901062 0.8391318395733833 0.1498191058635712 0 0 0 0 0 0 0 0 0 0 0.1125969737768173 0 0.3119450062513351 0 0.247405968606472 0 0.1570553928613663 0.5958487689495087 0 0 0.2426666468381882 0 0 0 0.4478763341903687 0.2140292897820473 0.6588593721389771 0.6251146197319031 0.0941794216632843 0 0 0 0.1099491789937019 0.2142437621951103 0 0 0 0.09430665522813797 0 0 0 1.5473537966609 0.1309974193572998 0 0 0 0 0.1384559124708176 0 0.09606746584177017 0.1697883456945419 0.432122103869915 0.08772929757833481 0 0 0 0 0 0 0 0 1.638204254209995 4.611539252102375 0.1649161130189896 0 0 1.244255051016808 0.1081421747803688 0 0.1371474862098694 0 0.07610857486724854 0.08826103806495667 0 0 0 0 0 0 0 0 0 3.405499562621117 3.644133575260639 1.909167714416981
264.4947321265936 2363.130725160241 314.8232001662254 387.8796393349767 1249.498023726046 21.48538742959499 957.653587706387 74.24933373183012 1247.656851768494 3110.499077118933 284.5372833311558 378.2209476903081 3970.110775336623 3410.260681509972 4.083999529480934 0.6781913340091705 0.4287841022014618 0.07907915860414505 0.0811232328414917 0.1793271899223328 0.1321109533309937 0.5769173428416252 0 0.08539868146181107 0 0 0 0.2176294699311256 0 0 89.40337564796209 5.437413088977337 12.62433724850416 0 0 0.1223113015294075 3.460121095180511 0 0.154243141412735 0 0.4084033891558647 0.3538548797369003 0.1615174114704132 0.3660687804222107 0 0.1103803887963295 60.59084317088127 3.513991989195347 0.702460914850235 0.1939019188284874 0.3333955928683281 0.9109662920236588 0 0 5.505365781486034 2.244702018797398 44.96186218038201 99.83768635243177 23.23347842693329 20.249616317451 0.4417178332805634 2.34083916246891 0 21.68405599892139 1.500780962407589 1.292079254984856 0.2289870157837868 0.7547236531972885 0.2974449917674065 0.3524366766214371 3.951820343732834 0.1498902589082718 0 97.37176468223333 43.25153245031834 39.75356116145849 7.639355756342411 1.29376657307148 1.484761364758015 45.03069562464952 0.5962764024734497 9.632222395390272 12.23169229179621 0 1.701292771846056 0.1297386661171913 0.6560864821076393 0 0.4070592969655991 0 0.08228810131549835 0.6089801341295242 0.7117976620793343 0.07954488694667816 0.1218473538756371 21.22528033703566 0.308062270283699 0 0.6190460324287415 40.78353361040354 2.655187621712685 5.778670862317085 16.13371920585632 11.27442115545273 2.390478521585464 105.5876792743802 4.844876989722252 67.98205670714378 41.04933413863182 11.09846140444279 5.43987138569355 28.44732891768217 21.15754251927137 34.13945577293634 9.05468487739563 0.4076522588729858 0.08392553776502609 0 0 0 0 0 0 0 0 0.1023900806903839 0 0 0 0 0 0 0.09552226215600967 0 5.001477643847466 2.050413519144058 0 0 0 4.185574814677238 0 3.128211885690689 2.374242596328259 0 0 0 0 0.2696733772754669 0.4055443555116653 0.1489441394805908 0 0.2209892570972443 0.7723579108715057 0 0 0 0.8223340511322021 0 0.1346452236175537 0.2554959431290627 0.08389750123023987 0.3465806767344475 1.238063931465149 0 0.6547780930995941 0 8.22743334621191 1.514637358486652 0 0 0 0 0 0 0 0 11.34302997589111 0.2656408548355103 0 0 0 10.23833816498518 0.7227355465292931 1.153752446174622 0.1429678052663803 0.6940211355686188 0.4716776087880135 0.5173494219779968 0.5035212486982346 0 0 0 0 0 0 0 0 35.55274593830109 5.254924535751343 8.286113269627094
5.715941578149796 328.2306473776698 1447.304042652249 0.3610849007964134 380.5110055655241 0.1358008086681366 74.24933373183012 696.9324201643467 922.6035088300705 29.93840998411179 3955.490657612681 30.59062202274799 150.4024457260966 3048.269909501076 6.020470447838306 1.717234894633293 0.6118821576237679 0.2185966521501541 0 0.3934041708707809 6.054858468472958 5.410308986902237 1.793252810835838 0.877999484539032 0.3179875910282135 0.2223048061132431 0 0.7219796031713486 0 0 886.7502860724926 744.9952695593238 26.83695623278618 2.896162785589695 0.4234556704759598 2.424448721110821 12.58540332317352 3.417343392968178 0.9616114646196365 1.181930884718895 5.994994260370731 1.412705898284912 0.1679141670465469 3.773017220199108 1.034960985183716 0.7908260822296143 40.36811762303114 1.49433708190918 0.529162272810936 0.3042980805039406 0.2008937150239944 7.059074208140373 0 0.3591153845191002 1.610255919396877 0.5394237898290157 20.68166070431471 117.273652151227 7.677943505346775 10.39217536151409 30.81886313855648 11.13216166198254 0.8776742219924927 48.54268778860569 0.07764150947332382 1.197608686983585 0.2183180525898933 0.1482508406043053 2.327140219509602 11.17428488284349 4.685394212603569 0.4214543700218201 0.141738161444664 52.6229059509933 39.42157914489508 37.96394023299217 36.14295195043087 163.3095823153853 1468.700632449239 279.1637223735452 47.91418912261724 283.0391469299793 4.984717331826687 0 0.3061244338750839 0.1359826102852821 1.113002970814705 0 0.06899767369031906 1.412569671869278 0.08922514319419861 1.418247133493423 9.527142614126205 0.7138218954205513 1.623502425849438 4.272098146378994 0.2828133404254913 0 1.528177097439766 23.97631938010454 0 0.1456122100353241 0 0 0.2171355932950974 0 0 0 0 0.6079519391059875 0.1034855470061302 1.939692310988903 0.629805214703083 0.315593034029007 0.3457357361912727 0 0 0 0 0 0 0 0 0 0 0 0 0 0 0 0.3147181272506714 0 0 0 0.0851093977689743 0 0 0 0 0.6821098625659943 0 0.1100507900118828 0.1803224235773087 0 0 0 0 0 0.09127424657344818 0 0 0 0 0 0 0 0.7189147919416428 0.1268548667430878 0.1019292622804642 0 0 0.08899550884962082 0.1985419690608978 0 0 0.1855561882257462 0.1024517118930817 0 0 0 0 0 0 0 0 0 0.74042097479105 0.1367948055267334 0 0 0 0 0 0.3930167108774185 0 0 0.2339107096195221 0.1094202771782875 0 0 0 0 0.6523749232292175 0 0 0 0 0.3252723067998886 1.015143744647503 1.473369129002094
29.85126714408398 2077.94258210808 854.6794450357556 55.47058518230915 2418.285252027214 1.234211295843124 1247.656851768494 922.6035088300705 570.720662727952 179.8303768485785 972.9056971818209 28.16821283102036 584.8900540322065 1113.189648456872 1.715194530785084 0.337781086564064 0 0 0 0 0 0 0 0 0 0 0.3258029222488403 0 0 0 24.74064023047686 2.846305020153522 21.09941025823355 0.08598622679710388 0 0 0.5644612312316895 0 0 0.1503103524446487 0.08673563599586487 0 0 0 0 0 12.76010009646416 0.4239720329642296 0 0 0 0.09881104528903961 0 0.1100603565573692 0.5333635881543159 0.1096528992056847 1.993645593523979 10.1168872192502 1.110674142837524 2.878950119018555 0 0.09966918081045151 0 4.100589446723461 0.5265499278903008 0.1480303481221199 0 0.2437385618686676 0 0.09829460829496384 2.845382325351238 0 0 7.44470176845789 3.518866024911404 7.494669549167156 1.844757802784443 0.594965323805809 8.670276544988155 25.11356770992279 0.08815186470746994 11.31328368932009 1.4962522611022 0 0.2441284209489822 0 0 0.4879634603857994 0 0 0 0 0.20725217461586 0 0.226542592048645 2.14651295542717 0 0 0 2.903575710952282 0.4910570904612541 1.230998560786247 3.129852995276451 0 0 0.659948319196701 0.3612558841705322 1.66263335198164 1.449865981936455 4.927410110831261 1.391162484884262 6.325285978615284 4.182203732430935 3.724057726562023 2.70696821808815 0 0 0 0 0 0 0 0 0 0 0 0 0 0 0 0 0.4986057281494141 0.1642108857631683 0 0.1676556766033173 1.65386737883091 0 0 0 2.62684803456068 0 1.605321727693081 0.8914272338151932 0.2442170232534409 0 0 0 0 0 0.5819236412644386 0 0 0.1926211938261986 0 0 0 1.043284147977829 0 0 0 0 0.459743432700634 0.2195053100585938 0 0 0 0.4171445146203041 0 0 0 0 0 0 0 0 0 2.386293604969978 0 0 0 0.1296898573637009 2.625099942088127 0 0.6369080990552902 0 0.1613345891237259 0.2581198662519455 0 0.6742645129561424 0 0 0 0 0 0 0 0 7.684154346585274 1.017094403505325 2.265805408358574
1324.637321271002 1670.096597470343 120.1318689137697 1611.724090732634 647.5934576392174 662.1012064665556 3110.499077118933 29.93840998411179 179.8303768485785 2824.421726644039 83.63726840913296 2642.169618807733 5385.694315955043 894.8133523315191 2.602097742259502 0.1992758139967918 0.3931010961532593 0.09071481227874756 0.09032352268695831 0 0.107324093580246 0.3852255642414093 0 0 0 0.08272051811218262 0 0.4715115129947662 0 0 72.63821303099394 3.812619492411613 58.51509857177734 0 0 0.190774142742157 49.85937035083771 1.35740852355957 0 0 0.3869371563196182 0.5347548276185989 0 0.1836846545338631 0.2483137920498848 0.09806057065725327 44.17808722704649 2.092678554356098 0.8100394457578659 0 0.1695184409618378 0.09424576908349991 0 0 6.135484330356121 1.494077291339636 48.40665136277676 93.31122054159641 18.26341563090682 17.38775007426739 0 1.226545363664627 0 28.28781319409609 0.9427868351340294 0.5506583452224731 0.3600193411111832 0.5698654875159264 0.08025369793176651 0.1695484444499016 38.35995441675186 5.544899865984917 1.458801090717316 73.07016829773784 27.86948540061712 24.59547255188227 3.655293397605419 1.667598716914654 1.869357343763113 41.2300533875823 0.3012730181217194 13.11599170416594 9.785736277699471 0 0.8677648454904556 0.769227534532547 0.4084760658442974 0.1969436183571815 0.08549462258815765 0.2032861560583115 0.08631404489278793 0 0.6710661053657532 0 0.2197380214929581 261.5508402436972 11.09029079973698 0.1726729571819305 4.537851139903069 362.5040135383606 5.836491510272026 33.64581420272589 37.96325548738241 47.31416048109531 9.296995125710964 25.50234222412109 26.68273225426674 18.20616560429335 55.26803873479366 111.9195747375488 15.51491553336382 157.5261266604066 191.4027536511421 152.8863708600402 30.27826048433781 1.404017947614193 1.970744758844376 0 0.1566424816846848 0 0 0 0 0 0 0 0 0 0 0 0 0 0 0 20.21426418423653 10.16475927829742 0 0 0 16.23446434736252 0 11.40975065529346 8.841328680515289 0 0 0 0 0.08282732963562012 0.3840853124856949 1.064363479614258 0 0.2230687886476517 1.065216273069382 0 0 0 0.7443895190954208 0.2409657090902328 0 0.09943640232086182 0 2.191958956420422 2.584781676530838 1.298434212803841 0.5421220287680626 0.7188945561647415 23.57688388228416 3.750655293464661 0.1635697931051254 0 0 0 0 0 0 0.1078795120120049 55.30759560316801 0.4326342269778252 0 0.1033450439572334 0.1494065672159195 25.92804380506277 1.212072879076004 3.651775650680065 1.436318397521973 1.651746474206448 1.195530131459236 0.3313269019126892 0.3299223780632019 0 0 0 0 0 0 0 0 188.4763647168875 15.12331100553274 20.28881166875362
131.6563598960638 1573.513913869858 1679.4830910936 3.762181118130684 713.8597052842379 1.226142793893814 284.5372833311558 3955.490657612681 972.9056971818209 83.63726840913296 791.4860242828727 82.13445857167244 358.909486271441 3012.390812084079 7.777805782854557 2.047191210091114 0.2035746350884438 0.1136192828416824 0 0 0.7103927060961723 3.557726182043552 0 0 0 0.1792577356100082 0 0.272449716925621 0 0 299.0987299531698 29.99550647288561 281.0025296136737 0.1386240571737289 0.5085635483264923 1.133928716182709 45.54967449605465 12.52769421041012 2.958001896739006 0.2967402935028076 1.935099676251411 1.777342438697815 0 1.061456024646759 0 0 25.48372156918049 0.8326607048511505 0.3609269112348557 0 0.600475512444973 6.565462708473206 0.3241336420178413 0 0.7614325881004333 0.3975001573562622 9.269533835351467 41.1769415512681 3.873393550515175 5.63984190672636 2.425410017371178 64.3224093914032 0 22.57981050759554 0.3343076631426811 0.4946247488260269 0.09654941409826279 0.7203887775540352 0.1040402129292488 1.621850706636906 28.11226733028889 0.6104941070079803 0.5574743524193764 19.06468056887388 12.83988206088543 18.2816424742341 7.970281504094601 6.029902875423431 277.1291399598122 800.8042703345418 3.404253505170345 369.8856187686324 2.093108631670475 0 0.490882121026516 0.1495023891329765 0.4161387048661709 0.9880254864692688 0.1142582222819328 1.03845901787281 0 1.513712331652641 1.760260164737701 0.3679344356060028 1.994779452681541 28.78799018263817 4.12266731262207 0 7.267981484532356 12.83811084926128 0 0.6170677542686462 0 0 0.1774837672710419 0.3385927379131317 0 2.534005165100098 1.772291913628578 0.3988514989614487 0.2188052237033844 2.056772358715534 2.759688906371593 2.398645915091038 1.135940000414848 0 0.1976762190461159 0 0 0 0 0 0 0 0 0 0 0 0 0 0 0 0 0 0.2620420381426811 0.8475155457854271 0 0.1092557609081268 0 1.197711303830147 0 2.964803770184517 2.515819266438484 0 0.5686576068401337 0 0 0 0.08607704192399979 0 0 0.1839404925704002 0.2609272748231888 0 0 0.329542487859726 1.176071330904961 0.3716598823666573 0 0 0 0.09896180778741837 0.2075550630688667 0 0 0 1.279491916298866 0.2109405398368835 0 0 0 0 0 0 0 0 2.561229102313519 0.2087202221155167 0.4207784160971642 0 0.1423743814229965 0.8122204318642616 0.3657088577747345 0.9292830377817154 0.4613532200455666 0.2255640625953674 0.345395103096962 0 0.08570576459169388 0 0 0 0 0 0 0 0 3.352926269173622 1.959412574768066 2.321924120187759
36.93014492094517 116.7526296451688 47.17865186929703 70.34926690161228 37.11729693412781 47.61332240700722 378.2209476903081 30.59062202274799 28.16821283102036 2642.169618807733 82.13445857167244 55.09054628014565 752.8950049653649 313.0347365066409 5.591875292360783 1.463786251842976 0.2032158076763153 0.09775057435035706 0 0 0 3.995450161397457 0.15269735455513 0.4537590891122818 0.4738546013832092 0 0 0 0 0 47.65230343490839 3.978929758071899 77.97230963408947 0 0.1767898797988892 0.2856345027685165 309.7677598670125 0.9345171079039574 4.893411591649055 0.7173312157392502 1.256689108908176 1.199390552937984 0.1690262407064438 0.2393123805522919 0 0 22.54695484042168 0.4630799368023872 0 0.09466251730918884 0.180288165807724 5.257133491337299 0.9856467247009277 0.2699991166591644 0.4758153706789017 0.0884944275021553 3.47776435315609 16.30423741787672 2.038973726332188 1.940431773662567 0.1407704055309296 9.302552171051502 0 16.23350304365158 0 0.2958136647939682 0 0.08964955806732178 0.1037554889917374 0.5354955568909645 172.2154950723052 2.569856628775597 0.3030806928873062 8.121833436191082 4.609182827174664 9.773990727961063 4.981222853064537 5.636930271983147 1.756085552275181 124.118469260633 0.406231164932251 29.64363243430853 0.9723558276891708 0 0.1955406367778778 0 0.3741612434387207 0.1697394996881485 0.4795771911740303 0.6701310873031616 0 0.4301063343882561 0.4758868142962456 0.1301093399524689 1.09248211979866 794.5250966921449 38.43017838895321 0.1983662843704224 21.43867033720016 24.60706257075071 3.771409638226032 21.19889450073242 19.79987930506468 26.69759026914835 5.959447771310806 13.92517260462046 11.63560800254345 15.11364927142859 53.46675465255976 66.3718144595623 20.38144132494926 162.0552642792463 134.9236950948834 161.6403084695339 50.14605168253183 4.322495155036449 2.887264385819435 0.166765421628952 0.127164751291275 0 0 0 0 0 0 0 0 0 0 0 0 0 0.1491677910089493 0 22.26449353992939 15.57118453830481 0 0 0 28.6210068538785 0.7503213658928871 25.88418262451887 25.41225523501635 2.105834230780602 0 0.1112163215875626 0.0941455140709877 0.8601994514465332 2.771327652037144 1.094014696776867 0.2668975293636322 0.4941091239452362 2.851748339831829 0 0.07921518385410309 0.2781307697296143 3.49067310243845 0.3259275928139687 0.09586909413337708 0.4135584458708763 0 0.9991252757608891 4.992493376135826 1.797854132950306 1.137556239962578 0.4113563969731331 42.96075467020273 5.354803182184696 0 0.07484478503465652 0 0.07751977443695068 0 0 0.190831333398819 0.4564403295516968 65.25456140935421 0.1011057421565056 0.2417254522442818 0.1188874691724777 0.1203552559018135 40.54501854628325 2.79019832611084 10.16602405905724 1.474130488932133 3.406693577766418 3.502820052206516 0.6716597378253937 2.079504437744617 0.1172216683626175 0 0 0 0 0.2130849212408066 0 0 190.23803973943 29.03963993489742 39.28669662773609
34.67657816410065 1043.496106855571 297.0851930528879 153.5916230529547 397.8041528835893 20.35463048517704 3970.110775336623 150.4024457260966 584.8900540322065 5385.694315955043 358.909486271441 752.8950049653649 1595.178133264184 3352.366692431271 12.91126479953527 3.791239112615585 0.3484645113348961 0 0 0.362716406583786 0.3514487519860268 6.951415985822678 0.5848817601799965 0.196010023355484 1.046278193593025 0.6571039408445358 0.2457487434148788 0.1591950953006744 0 0 84.97744734585285 11.46166370809078 248.9289482906461 0.309587836265564 2.818616554141045 8.530254930257797 121.2707097232342 14.12901744246483 21.56369327008724 29.59150764346123 3.497012719511986 3.100710161030293 0 0.871209405362606 0.1765806302428246 0 50.1378345862031 0.8490703999996185 0.3555110543966293 0 0.2264003455638885 13.17961058020592 3.506409287452698 0.699965238571167 0.7814679518342018 0.682504627853632 7.918962322175503 26.1400655284524 3.77458980679512 7.665926024317741 1.331264473497868 17.55643309652805 0.1741496473550797 27.37098522484303 0.09919536858797073 0.3028998821973801 0.1042516306042671 1.157488986849785 0.2026243954896927 1.304412603378296 74.13445474207401 3.509689390659332 0.6480492278933525 21.41533721238375 12.81396443396807 23.35720064491034 10.09573838859797 4.04333683848381 5.587556198239326 299.7177675738931 0.8196886852383614 46.01120820641518 2.849631831049919 0 0.1810439974069595 0.1614510864019394 0.1521352604031563 0.6315831243991852 0.5508835986256599 2.409733533859253 0.6797882542014122 2.208872690796852 2.746988356113434 0.6776492893695831 4.735956944525242 623.4887246489525 16.39914701133966 0.6211170554161072 20.38255190849304 10.77863053232431 3.685634657740593 12.47562812268734 15.63264447450638 11.55498891323805 9.341073751449585 11.1278013959527 7.674979671835899 6.442277655005455 36.30291309952736 50.26934245228767 17.85757444798946 119.6026786118746 80.2410749271512 89.73763813823462 37.72384966909885 1.336148142814636 1.101158268749714 0 0.1155402958393097 0 0 0 0 0 0 0.1590340435504913 0 0 0.3894086927175522 0 0.1267886161804199 0 0.6827964782714844 0 14.75536697357893 12.89194433391094 0 0 0 19.90158776193857 1.059087485074997 21.97398623079062 20.26796451210976 0.2318611294031143 0.08258458226919174 0.1602196544408798 0.1457740664482117 1.038349665701389 0.7546876817941666 2.099855996668339 0 0.4718333706259727 2.852075546979904 0 0 0 3.151459246873856 0.2715009748935699 0 0.0888964906334877 0 0.6456917002797127 4.519043028354645 1.377120696008205 1.261769041419029 0.566076286137104 28.12422977387905 6.085303254425526 0 0 0 0 0.09032461047172546 0 0.1903613209724426 0 45.65130460262299 1.628636181354523 0.1748126149177551 0.3996737003326416 0.1642736047506332 27.3438947275281 3.687907107174397 6.735246784985065 0.7550821453332901 2.14276847243309 2.537838749587536 1.613388985395432 1.887756191194057 0 0 0 0 0.1028303951025009 0 0 0 119.0660238340497 28.44259075075388 27.55915404856205
19.71447015553713 1900.618321374059 1948.608366712928 126.1736565083265 1472.452214792371 7.866093158721924 3410.260681509972 3048.269909501076 1113.189648456872 894.8133523315191 3012.390812084079 313.0347365066409 3352.366692431271 618.9493630900979 20.27286171913147 4.912989437580109 0.6205461174249649 0.1133682802319527 0 0 1.807529114186764 7.708549931645393 0.792926624417305 0.3127921223640442 0.2425283044576645 1.121638521552086 0 0.7063208222389221 0 0 371.0996695533395 31.15873000770807 642.319609798491 0.6723495498299599 0.755895771086216 5.632736764848232 336.4289641678333 24.24908865988255 10.95116796344519 0.8815575242042542 7.693737752735615 4.055776976048946 0.1058869138360023 1.213358476758003 0.2913906797766685 0.3195903673768044 112.4174393936992 3.330569818615913 0.7323971912264824 0.1704644933342934 1.532556623220444 17.75880604982376 1.158729761838913 1.195756860077381 2.317793600261211 1.094701342284679 18.73147284239531 85.12941270321608 11.92770266532898 17.16150925308466 4.715067975223064 184.4747553542256 0.3336807787418365 63.42783400416374 0.4241081401705742 0.9975868612527847 0.6732553020119667 0.9865376837551594 0.6013987064361572 4.100543335080147 112.1365892738104 4.674890369176865 0.4227443635463715 60.2776052840054 34.8777181878686 63.37840017676353 20.18697685748339 14.09715645760298 234.9570001810789 617.2965390458703 8.152750983834267 291.0459244325757 8.475235290825367 0 1.108026586472988 0.2577437907457352 1.349045429378748 0.3599339872598648 0.0753810703754425 3.8586440756917 0 3.007484450936317 4.21104608476162 1.368486016988754 3.312501184642315 225.0528538450599 11.95513677597046 0.1431777030229568 23.79375823587179 20.0828148201108 1.530783005058765 4.964108824729919 6.655576445162296 5.912349097430706 4.601928003132343 4.453245483338833 3.190508589148521 3.160771161317825 17.29305651783943 21.2681241184473 7.413611330091953 59.62583034485579 50.49828407168388 62.01688694953918 19.61107677221298 1.270825870335102 1.95325443148613 0.1037462875247002 0.2078261002898216 0 0 0.1505131274461746 0.1596087962388992 0 0 0.3554732203483582 0 0.1316021531820297 0 0 0 0 0.283040463924408 0.2195461392402649 5.835738584399223 7.618441142141819 0 0 0 17.1210722476244 0 15.28640771657228 14.46539925038815 2.002820879220963 0.6138097643852234 0 0 0.8923909515142441 2.780081249773502 2.034060321748257 0 0.3654684796929359 1.66220086067915 0 0 0.08625027537345886 1.938819587230682 0.2809015959501266 0 0.09516654163599014 0 0.2501669898629189 1.40324929356575 0.6633140444755554 1.542439818382263 1.242714285850525 23.21682874858379 3.745771989226341 0.1918270140886307 0 0 0 0.1994028836488724 0.1100630462169647 0.2319817543029785 0.1140639111399651 39.00585965067148 1.078590475022793 0.3825198411941528 0.09193925559520721 0.2256184294819832 18.82238487899303 2.265248514711857 4.094022445380688 1.168302066624165 2.3516980484128 2.383845247328281 0.07328027486801147 1.225711449980736 0 0 0 0 0 0.1197920963168144 0 0 62.065958596766 20.893873475492 30.57779344916344
0.4982969090342522 8.139543876051903 6.612401649355888 0.4124862849712372 4.467315725982189 0.4068710654973984 4.083999529480934 6.020470447838306 1.715194530785084 2.602097742259502 7.777805782854557 5.591875292360783 12.91126479953527 20.27286171913147 367.1202113106847 1902.657365188003 610.0232154875994 28.15077256411314 205.8775236010551 25.13974194228649 1.748772457242012 3.076871290802956 1.225222796201706 1.134154751896858 10.53542839735746 2.287498772144318 3.088776014745235 2.204259552061558 5.496871180832386 1.801725685596466 9.900818131864071 4.11133848875761 25.44331412762403 21.15949066728354 2.655075341463089 23.2881638482213 29.79216282814741 47.03257958590984 20.55086953938007 30.57215949892998 1.553964540362358 5.865836270153522 4.929222241044044 463.7828541621566 288.3947158455849 54.83483494818211 503.3261246755719 32.90001480281353 22.41257157176733 18.96697334945202 1.969683036208153 4.092313103377819 10.26471638679504 1.188887111842632 8.010209977626801 3.704951994121075 37.65854386612773 4.127073504030704 163.9780221581459 388.3534882962704 26.19958271831274 68.85799594223499 4.651776947081089 3.320444412529469 1.61079666018486 5.15586669370532 0.8369885161519051 7.58392421156168 26.90764197707176 7.158951334655285 5.026161700487137 2.583669513463974 1.524421036243439 646.6958730779588 7.293326675891876 868.0597939863801 412.571579143405 345.6988869011402 15.36416248977184 34.93357852846384 89.70693606883287 121.2557876370847 31.99572988599539 0.2164687961339951 8.362995870411396 0.7162871360778809 35.32990623265505 0.6355108693242073 1.103671506047249 0.3544466644525528 1.433381408452988 0.3766921758651733 10.34515172988176 7.667440518736839 1.801592707633972 5.654762029647827 1.437660865485668 0.1736561805009842 8.857751369476318 0.3733310401439667 0.0684712678194046 0 0 0 0 0.08435051143169403 0 0 0.2179703265428543 0 0.09613228589296341 0.6388912871479988 0.3745010495185852 0.4390367791056633 0.7344062775373459 0.3071179538965225 0.3750875815749168 0 0 0 0.1046316102147102 0 0 0 0 0 0.2176552265882492 0.2105483710765839 0 0.8550762981176376 0 0.1767625957727432 0.4547463208436966 0.233130931854248 0.3186458125710487 0.2446272298693657 0 0 0.09343376755714417 0.7075716108083725 0.2801421582698822 1.16104431450367 2.487772390246391 0.8004298806190491 0.1155571937561035 0 0 0 0.2258863002061844 0.06871110200881958 0 0 0.2044289335608482 0 0 0 2.115444377064705 0 0 0 0 0 0.1882560402154922 0 0.2035521417856216 0.2439145669341087 0.728822149336338 0.1501662060618401 0 0 0 0 0 0 0 0 1.829460926353931 0.2266774103045464 0 0 0.2402645573019981 0.2635831162333488 0.5834368765354156 0.1543686240911484 0.08209270238876343 0 0.06689856946468353 0 0.1446642950177193 0 0 0 0 0 0 0 0 0.3543054386973381 1.923477500677109 1.929379902780056
