377.4520431607962 2243.28723089397 102.9312744364142 2979.81171926111 504.1455569192767 538.8157983124256 640.3158712089062 4.59002797305584 708.8637416511774 1250.89867323637 68.56886640191078 105.9794961363077 277.0419548675418 242.9598773568869 22.88329354673624 1.283761195838451 0.2476183772087097 0 0 0.7261467501521111 0 0.1549988687038422 0 0 0 0 0.1204852089285851 0 0 0 311.9412058293819 12.53948327898979 5.88136251270771 0.2190662622451782 0 0.09548049420118332 9.25370379537344 0.8783357888460159 2.951729111373425 0.3082898110151291 0.14409339427948 0.6012545749545097 0.1522910594940186 0.1328324228525162 0 0.6663474068045616 114.8835186436772 0.5130209922790527 0 0.6328010559082031 0.2467301115393639 0.4005134403705597 0.1863545775413513 0.3938902318477631 1.65653121471405 2.20945143699646 161.2466625645757 1223.459762744606 135.6783844679594 109.759773671627 1.647192731499672 1.36439161002636 0 51.3525330349803 0 0.5743716582655907 0.9313237518072128 0.1135551035404205 0 0.2683920115232468 39.10850343853235 1.694700673222542 0.9902676939964294 508.5599652454257 29.23454428464174 209.6855404675007 8.937416672706604 2.396091133356094 0.1088860407471657 4.569024510681629 0.3612668663263321 1.870639815926552 11.87664292752743 0.2681402117013931 0.7555000707507133 5.03856223076582 0.9682855978608131 0.2550795376300812 1.123016864061356 0.6906378716230392 0 0.970623642206192 0.3110097348690033 0 0 441.7653641626239 3.686706587672234 1.069221645593643 1.122272297739983 1299.552112609148 0 0 1.97222900390625 0 1.777380764484406 11.43994511663914 4.536074697971344 0 6.102143093943596 6.210807129740715 10.05852189660072 24.81826597452164 8.587900444865227 2.967074394226074 13.35515443980694 0 0 0 0 0 0 0 0 0 0 0 0 0 0 0 0.2351578623056412 0 0 0 0 2.345601797103882 0 0 0 0.6730498671531677 0 0.09568755328655243 0.7025225162506104 0.09088383615016937 0 0 0 2.099982023239136 0 0 0 0 0 0 0 0 0 0 0 0 0 0 0 0.2181111425161362 0 0 4.036185264587402 1.296192646026611 0 0 0 0 0 0 0 0 0.185543954372406 1.26461136341095 0 0 0 1.540734589099884 2.269351959228516 0 0 0.1914410293102264 0 0.3115515112876892 0 0 0 0 0 0 0 0 0 2.098869472742081 0.3835764229297638 0.953287273645401
2243.28723089397 2932.913699410856 2139.843794852495 193.3638288676739 3242.179019615054 44.33097077906132 2686.433442316949 184.0847328454256 1601.548871666193 490.2475906014442 548.4439870789647 86.74901635944843 930.3366779536009 1281.753460489213 67.58214534819126 5.070456482470036 0 1.009574770927429 0.4638217389583588 1.50205884128809 1.80434425920248 0.1373655498027802 1.155719272792339 1.551893770694733 0.4741757065057755 1.729858443140984 0 0.2037806659936905 0.111458994448185 0 1958.362505599856 124.4343549832702 16.17098917067051 1.10863396525383 0.6552851423621178 0.7255084216594696 7.233245372772217 0.706437811255455 0.3556385487318039 0.2070437371730804 1.184363663196564 0.9786212220788002 0.2208712846040726 0.6553779095411301 0.2459113597869873 0 156.3253675624728 1.100550226867199 0.5615393817424774 0.5996954888105392 0.2567826434969902 0 0.1232394427061081 1.345744282007217 2.508154764771461 4.984266750514507 71.33348263055086 1064.827894084156 73.10506040602922 121.1733625531197 0.34089395403862 0.5349222868680954 0.1293426007032394 94.47796382755041 0.760087363421917 0.5092259496450424 3.023569725453854 0.8979674205183983 1.446087472140789 1.072079412639141 5.636924967169762 2.563409507274628 0.2975326776504517 327.2922005355358 31.2544444873929 269.0112646073103 23.56875179708004 13.95951709151268 0.4863502159714699 1.529365815222263 0.2503267005085945 0.6031030490994453 20.12877880781889 0.8032700270414352 0.9569478183984756 6.966414257884026 0.9300299137830734 0.3127198293805122 0.7829105854034424 0 0.4290236979722977 0.5223104655742645 7.872211828827858 0.8855134695768356 0.9261003583669662 22.75375769287348 1.89291487634182 0 0.09484455734491348 1397.887439139187 0.1317596733570099 0.7963668704032898 0.5746139287948608 1.299578830599785 1.025288939476013 28.31121119856834 3.810363620519638 3.448132872581482 12.97229716181755 9.716065943241119 26.71987357735634 58.83517554402351 38.17077599465847 10.06540521979332 40.91864158213139 2.518727377057076 1.803286373615265 0 0.7760758996009827 0 0 0 0 0 0 0.3584794998168945 0 0 0.1011252775788307 0 0 0 0 0 3.885231480002403 5.920022368431091 0 0 0 2.558946907520294 0.5747963935136795 2.37990290671587 0.7904015928506851 0.5153618454933167 0 0 0 14.48424561321735 4.660369277000427 1.821625053882599 0.3955483138561249 0 5.217172145843506 0 0 0 0.1353641748428345 0.248808465898037 0 0 0 0 0 0 1.19726288318634 2.19124498963356 4.942628979682922 1.932805120944977 0 0 0 0 0 0 0 0 5.633666485548019 3.911320418119431 1.537483111023903 0.1138569638133049 0 19.28666658699512 5.390187382698059 2.73484555631876 0 1.235749900341034 3.254445016384125 0.1939660757780075 4.185626402497292 0 0 0 0 0 0 0 0 11.7934891730547 3.913295805454254 4.796618074178696
102.9312744364142 2139.843794852495 2294.517139032483 0 1658.768295869231 2.659903764724731 115.3510160967708 938.8979846984148 899.7511813938618 4.511852271854877 2167.589174926281 31.75633832067251 118.6681399866939 954.9084443226457 16.58035149425268 3.624347947537899 0.9567966610193253 4.978301048278809 2.378068156540394 18.44991580396891 51.1122472435236 2.417182356119156 29.95794748514891 18.42590548843145 18.23369749635458 11.2675698697567 3.452199548482895 1.968108601868153 0.3909526169300079 0 6210.637951053679 992.6851950585842 82.98580847680569 29.39332120865583 31.9218809530139 12.74995277822018 20.59277977049351 16.9445742815733 6.235145732760429 4.518640711903572 30.38687637448311 22.84301380068064 3.895713783800602 0.1135221943259239 9.943189293146133 1.249794609844685 33.19819457828999 0.5001601278781891 2.30173647403717 7.931477062404156 1.762613251805305 3.51001787930727 0.3658456057310104 9.600055105984211 0.8763176202774048 0.6494782269001007 47.07422908395529 1297.685157477856 49.31576479971409 19.02193231880665 9.85536739975214 7.667951010167599 9.094099096953869 293.700725838542 0.3660159707069397 0.2400380373001099 0.1993200927972794 0.8598036020994186 18.52529036998749 49.42962615191936 24.70841368287802 1.743239015340805 0.1264397948980331 138.5691033899784 16.83831530064344 66.15724071860313 13.71142780780792 9.596450634300709 14.95412069559097 164.3795835524797 3.399089701473713 19.76947516947985 3.309957928955555 0.1403064131736755 0.1387110948562622 0.8662890419363976 1.738935314118862 0 0.2193948403000832 0 0.1492721140384674 0.9772194176912308 89.51332751661539 10.24826892465353 2.936281017959118 34.5911673605442 5.744922518730164 0 1.536439634859562 492.2531220018864 0 0 0 0 0 3.641232371330261 0.1486605256795883 0 0.6743150949478149 0 2.633161947131157 3.111291140317917 2.653814628720284 0.7885701805353165 4.119423925876617 0.3516206592321396 0.5757086873054504 0 0 0 0 0 0.2222220748662949 0 0.2758894860744476 0.1596058756113052 0 0 0.6572756767272949 0 1.461999103426933 0 2.172664701938629 0 0 0.1742902398109436 0 0.3841104805469513 0 0.1624298244714737 0.154219314455986 1.030690878629684 0.8009251952171326 0.2865918278694153 0.5628260970115662 0 0.4476657211780548 1.224739730358124 1.528319366276264 0.1625137478113174 0.1168636828660965 0 1.176264584064484 0 0.198295921087265 0.9843422248959541 0.1024239882826805 1.008377768099308 0 0 0 0 0 0 0.09492197632789612 1.149953678250313 0.2776870056986809 0 0 0 0 0 0 0 0 0 2.245040893554688 2.347335532307625 0.3710696548223495 0 0.4379530698060989 1.116541057825089 1.48881408572197 0.1340177357196808 0.8130593299865723 0.104294016957283 0.2768609821796417 0.9824681505560875 0.8478158116340637 0.534737229347229 0 0 0 0 0 0 0 0.4049435257911682 0.1056616008281708 1.929842948913574
2979.81171926111 193.3638288676739 0 595.7364077121019 30.58190407603979 1589.667803108692 1011.459360644221 0.7128341868519783 46.85072316974401 2730.952604964375 0.3350358456373215 407.6396567672491 1584.525767743587 32.39935101568699 4.293211869895458 0 0 0 0 0 0 0 0 0 0.5508473515510559 0 0 0 0 0 13.50112403929234 1.759888634085655 0.7497306764125824 0 0 0 3.504778772592545 0.1697672307491302 0.1454181671142578 0 0 0 0 0 0 0 27.53747810423374 0 0.2273279577493668 0 0 0 0 0 0 0.5706354305148125 20.39404347538948 101.7160679623485 15.60212766379118 24.98593692481518 0 0 0 4.731180481612682 0 0.2436553984880447 0.1724109947681427 0 0.1188620701432228 0 2.858769059181213 0.1923727244138718 0 97.06348148733377 4.929490655660629 45.78627353161573 0.1444577425718307 0 0 0.1238401308655739 0 0 3.584316924214363 0 0.2658646106719971 1.068024910986423 0 0 0.2937766760587692 0.2696195542812347 0.3126540035009384 0 0.2675675451755524 0 0.4494006484746933 37.90433876216412 0.4232098907232285 0 0 525.2448361217976 0 0.4594597518444061 0 0 0 11.76051443815231 0 2.394555866718292 5.240438312292099 2.625691816210747 1.206291764974594 10.2709229439497 5.057500466704369 2.903961092233658 6.384804233908653 1.26579225063324 0.7200532555580139 0 0 0 0 0 0 0 0 0 0 0 0 0 0 0 0 0 0 1.173019424080849 0 1.35008978843689 0 0.3865820169448853 0 0 0.09238192439079285 0 0 0 0 3.37118136882782 0 1.561982274055481 0 0 0 0 0 0 0 0 0 0 0 0 0 0 0 0 1.806332111358643 0 0 0 0 0 0 0 0 0 0 0 0 0 0 2.21252815425396 0.1701249033212662 0 0 0.1475367099046707 2.205856561660767 0 0.1400361508131027 0 0 0 0 0 0 0 0 0.5327210426330566 0.22629514336586 0
504.1455569192767 3242.179019615054 1658.768295869231 30.58190407603979 2479.116380095482 9.771137304604053 2021.634542994201 362.2657565325499 4925.878853417933 166.5109321400523 2404.286287926137 217.2667360454798 774.3671912848949 3357.320911109447 75.91084803640842 8.883509822189808 0.4683909043669701 0.7351585850119591 0.7515361085534096 5.523961417376995 10.09978859126568 0.7704737931489944 8.56511202454567 5.339557982981205 8.403498470783234 6.537711590528488 0.9703859835863113 0.7653677463531494 1.859830997884274 0.1475104987621307 545.2397921159863 73.8338780477643 115.6205168142915 5.658237911760807 8.888109914958477 4.884671829640865 53.05176686495543 16.98386243730783 6.564778104424477 2.779240548610687 9.522263363003731 7.275660574436188 0.888677679002285 0.7744775861501694 2.814593270421028 0.2042194530367851 114.6038096398115 0.7286780625581741 0.09976880252361298 3.077380426228046 0.3492235392332077 2.370805934071541 0.4793082922697067 2.873321391642094 1.83939915895462 2.562240839004517 24.68791637569666 225.8268458098173 19.53661218285561 61.66975604742765 0.6502607837319374 1.220007672905922 1.460459262132645 48.70868583023548 0 1.492756903171539 1.436876654624939 0.08655165880918503 3.835746265947819 15.89882459491491 57.39218284189701 2.677674680948257 0.7653613239526749 124.7795871794224 23.4444212988019 218.4356399774551 40.14155086874962 24.18644490092993 2.244630508124828 43.69829525798559 0.3381622955203056 2.460098035633564 13.12761752307415 0.4130363315343857 0.4965269267559052 3.289469256997108 0.906325101852417 0.2099726423621178 0.7701165899634361 0.1051831766963005 0.09672654420137405 0.9972380548715591 30.0866287201643 4.429928600788116 1.781039975583553 97.95628903061152 15.48800490796566 0 1.335866905748844 124.3017538189888 0 0.9434545040130615 1.110063627362251 0.4330172538757324 2.414535388350487 9.900488868355751 1.886399790644646 1.634682416915894 9.272321417927742 4.163018688559532 22.33049149811268 29.41543854027987 18.66297262907028 9.312266781926155 26.4821447879076 0.2941324710845947 1.819066151976585 0.1223045960068703 0 0 0 0.09924091398715973 0.3699515908956528 0 0 0.2843435704708099 0 0.1719466149806976 1.000663794577122 0 0.1187130436301231 0 1.134233117103577 0.1277185678482056 2.017304658889771 2.088165521621704 0 0 0 3.072483852505684 0.9272197037935257 3.310917131602764 2.171181246638298 1.120586343109608 0.3949510753154755 0 0.124546580016613 7.299107611179352 1.850355245172977 0.5916185230016708 0.3246952295303345 0.1415462046861649 2.382219381630421 0 0 0.3760839328169823 0.1144741401076317 1.718293868005276 0 0.5376177504658699 0 0.164236918091774 0 0 1.498743176460266 2.235302850604057 7.456138536334038 1.70211123675108 0.3732397556304932 0 0 0 0 0 0.3090619146823883 0 7.377523079514503 5.341656774282455 0 0 0 8.763692528009415 4.718429297208786 2.868805378675461 0.3361451104283333 2.015669338405132 2.795810371637344 0.1182908117771149 2.605660565197468 0 0 0 0.2519757747650146 0.1747139096260071 0 0 0 9.299083329737186 3.925413250923157 3.529647216200829
538.8157983124256 44.33097077906132 2.659903764724731 1589.667803108692 9.771137304604053 30.03657504916191 40.72350638359785 8.70067685842514 30.98819928616285 950.5834919512272 9.930720612406731 105.2175240367651 151.9345064386725 18.7168882638216 14.24456132948399 4.818989746272564 0.5007409304380417 0.2825260534882545 0.384667232632637 0.8997053354978561 0 1.779089346528053 0 0 0.2647319138050079 0.6651108264923096 0.3328930735588074 0 0.1156554371118546 0 90.76589468866587 3.429520949721336 13.65616810321808 0.3574295490980148 0.2753727808594704 0.1424851268529892 23.9072151184082 9.991201646625996 13.05563268810511 1.645601689815521 0.3999570161104202 0 0.479000985622406 1.976350046694279 0.4184228330850601 5.0858319029212 23.65039562433958 0.1718010604381561 0 0.5734349489212036 0.5531311631202698 15.49137663841248 1.000208809971809 0.5120436549186707 0.4915115535259247 0 133.5639346316457 472.9120959714055 58.06076426059008 29.67696753144264 11.1257296577096 7.698999270796776 2.131168223917484 6.483336195349693 0 0.1216474324464798 0.3039351254701614 0.1532903015613556 0.3862985968589783 0 130.7454065158963 62.40015853941441 18.59244853258133 191.9864285513759 7.080153584480286 64.48892588913441 5.267352715134621 3.466619223356247 5.005906268954277 9.230027161538601 4.23751325905323 18.13962636142969 2.790924839675426 0.1896490901708603 0 0.8502121567726135 0.1051738783717155 1.347223311662674 1.668361753225327 11.68535275757313 1.919207572937012 15.63484106212854 0.1216027438640594 0.4390807449817657 2.509030282497406 165.0783526077867 103.23496709764 6.576487481594086 8.62677238881588 603.9408006370068 0 0 0 0 0 2.169881343841553 1.108373165130615 0.7312614321708679 0.1559814214706421 0 0.4057088792324066 1.35610219836235 4.502703756093979 0.6971786022186279 0.7877076864242554 0 0.118978351354599 0 0 0 0 0 0 0 0 0 0 0.1462932378053665 0 0.2529420405626297 0 0.3139287009835243 0.1412682980298996 0.1019564047455788 0 0 0 0.1652885526418686 0 0 0 0.1303025633096695 0.2223772332072258 0.1583616882562637 0 0 0 0 0 0 0 0 0 0 0 0 0.6794732213020325 0 0 0.1756909489631653 0 0 0 0 0 0 0 0 0 0 0 0 0 0 0 0 0 0.789026640355587 0 0.1697623580694199 0 0.208480566740036 0.3026130124926567 0 0 0 0 0 0 0 0 0 0 0 0 0 0 1.49765732884407 0.1226210221648216 0
640.3158712089062 2686.433442316949 115.3510160967708 1011.459360644221 2021.634542994201 40.72350638359785 1249.669522516429 9.955660097301006 1417.945673622191 952.8175048977137 85.84069034457207 238.8774595782161 3398.815957203507 4723.074856750667 81.92224569618702 14.10816290229559 0.2363217994570732 0.8900724351406097 0.1723658591508865 0.9769515320658684 2.756754875183105 0.1239352598786354 1.973975047469139 1.9576216340065 1.183617673814297 0.9614455699920654 0 0.2392668724060059 0.1533238440752029 0 114.9859754666686 15.52606555819511 28.75033063441515 0.9128481671214104 1.295833952724934 0.7040057703852654 19.26447845995426 2.25650530308485 1.00837667286396 0.5141495913267136 1.331458635628223 1.544987343251705 0.2877156659960747 0.1347250938415527 0.3513455092906952 0 135.7722440958023 1.636092334985733 0.2551161572337151 0.9791602864861488 0.130793496966362 0.2802676782011986 0.1400657892227173 0.587006114423275 2.085840798914433 3.215662389993668 13.99561913311481 101.3744810149074 13.65578754246235 65.91578156501055 0.3668484538793564 0.5212424844503403 0.3727836236357689 32.29672208428383 0.3190144747495651 0.7833622395992279 2.204158410429955 0.3214989379048347 1.516703523695469 2.196245528757572 14.01996933668852 0.4890032932162285 0 111.159743860364 20.5287126749754 222.725709028542 40.17185174673796 19.48074976354837 1.852629780769348 4.928913317620754 0.4056284055113792 0.4236459136009216 15.42133788019419 0.3861941024661064 0.9883421286940575 4.753036439418793 1.318008489906788 0.1296093910932541 1.294452019035816 0.4893733561038971 0 0.1252205818891525 6.698368884623051 0.6179242581129074 0.2355844154953957 54.3790837302804 5.387021653354168 0 0.4220206812024117 17.75385904312134 1.145977154374123 4.044022411108017 19.97833412885666 15.01947818696499 3.536937706172466 15.69074130058289 9.205380409955978 14.71656727790833 18.14255852997303 24.90694050490856 45.78311660885811 85.69048662483692 66.43447902053595 23.92723788321018 59.26393420249224 2.619232475757599 2.405098751187325 0 1.046196818351746 0 0 0 0.0899636372923851 0 0 0 0 0 0 0 0.1668747067451477 0 0.1267840415239334 0 3.357718721032143 7.944636002182961 0 1.157922983169556 0 5.861942820250988 0 6.476868785917759 2.135029420256615 0 0 0 0 10.81380268931389 2.897907756268978 6.697078369557858 0 3.671732172369957 4.70273944735527 0 0 0.708849735558033 0 0.235528476536274 0 0 0 0.2035433650016785 0.386474221944809 0 0.675850436091423 2.752827920019627 12.01662841439247 3.19635845720768 0.8299220204353333 0.3580538630485535 0 0 0 0 0 0 10.74212700128555 5.549488872289658 0.6796349585056305 0 0.1109947636723518 25.20679111778736 7.676741510629654 2.48571115732193 0.4942986071109772 4.93257624655962 4.247495286166668 5.250266835093498 4.675450600683689 0 0 0 0.1179513856768608 0 0 0 0 10.59229192137718 11.72157460451126 7.369059525430202
4.59002797305584 184.0847328454256 938.8979846984148 0.7128341868519783 362.2657565325499 8.70067685842514 9.955660097301006 1676.61936275661 268.3212817534804 1.588490851223469 3331.424626104534 6.128950454294682 12.13236851245165 516.4004177674651 22.63193199038506 7.40684724599123 3.059354804456234 17.26922740787268 10.55262836068869 36.4960710927844 92.65862768143415 4.627969950437546 63.5498977676034 40.2227089703083 49.64748822897673 35.91287508606911 8.39157222956419 3.442670091986656 5.505368672311306 0.2680110931396484 806.7073826566339 5627.283881001174 180.0705831572413 59.11353339999914 74.02432373166084 50.58165213465691 82.76902718096972 120.8855400457978 31.57211586087942 20.64165917038918 60.84626197814941 35.8303941488266 14.76360442489386 88.98896697163582 29.80323307216167 36.38315456360579 42.83870289474726 2.550357155501842 4.519532956182957 29.71929802745581 1.035377189517021 10.46734094619751 2.429430156946182 18.3261386975646 0.4538232907652855 1.216603651642799 21.3022760823369 282.0806546583772 14.2114495113492 21.33127589523792 123.2329541742802 43.34046146273613 33.5996417850256 612.6645165905356 0.1146907210350037 0.411953940987587 0.2643040642142296 1.654788568615913 31.04992982745171 96.03119233995676 130.4855828434229 13.09189174324274 0.412786990404129 85.5311676338315 64.26513205468655 123.8500860184431 609.6214216202497 593.0934678241611 1264.854554951191 831.9581027328968 268.7634163126349 925.1574484407902 4.825636900961399 0.09281221777200699 0.6868256777524948 1.244999028742313 6.064226269721985 0 0.4594655856490135 0.1554414927959442 0.3472744673490524 2.812624886631966 159.5692165419459 19.85216909646988 9.520359337329865 183.8948058485985 30.34496930986643 0.747763603925705 5.943015180528164 8.429467588663101 0.1246101856231689 0 0 0 1.829011380672455 5.499694928526878 0.3798850476741791 4.351329743862152 12.71971580386162 2.2324208766222 15.90566709637642 29.3969057649374 13.18353095650673 8.006609946489334 23.62152789533138 1.870699189603329 7.519460655748844 0 1.138613373041153 0.3441439568996429 0 0.1197309643030167 1.273934163153172 0 0.2333061173558235 1.661266095936298 0 0 2.583592005074024 0.09444750845432281 2.286445021629333 0.3489251136779785 6.527266040444374 0.4394737780094147 3.536306440830231 4.4458834156394 0 1.787120282649994 0.1195074394345284 4.981422208249569 0.8528992980718613 5.810661315917969 5.598669968545437 0.6317323297262192 1.181301474571228 0.3526481986045837 1.631188854575157 14.86322076618671 14.78418909013271 2.671064384281635 0.5129297375679016 1.89019963145256 4.324891224503517 0 0.8454892486333847 1.779404014348984 0.6405755206942558 7.495647877454758 0 0.9519977569580078 0 0 0.3779018223285675 0 2.954701356589794 5.14105387032032 7.620907291769981 3.901973515748978 1.047687947750092 0.3733605742454529 0 0 0.1330094933509827 0 0 0.2324510216712952 3.554012477397919 8.746640533208847 1.651125282049179 0 0.9964490234851837 14.84897655248642 7.583131358027458 7.867499969899654 0.6389184221625328 0.9101833254098892 3.033533819019794 1.894037961959839 6.123149998486042 0 0 0 0 0.1153342053294182 0.1110879629850388 0 0.2465759217739105 5.672633066773415 7.171502262353897 7.954049535095692
708.8637416511774 1601.548871666193 899.7511813938618 46.85072316974401 4925.878853417933 30.98819928616285 1417.945673622191 268.3212817534804 1198.267712414265 550.0344835817814 1833.962651140988 777.3057810664177 3691.526027143002 5966.241117760539 111.4114977121353 24.57148576527834 0.7106786072254181 1.074953742325306 0.7803915292024612 2.936346389353275 10.18417031317949 1.158626265823841 6.520793333649635 2.806264698505402 8.361996583640575 7.370625182986259 0.8282504677772522 1.708479017019272 1.632302850484848 0 387.9140185490251 60.26753811538219 468.6486099362373 4.45192501693964 7.803907312452793 5.35369884967804 193.3600080981851 26.37525022774935 4.8405646905303 4.391269020736217 9.497185081243515 6.965712204575539 1.484623804688454 0.2032707631587982 1.343194618821144 0.4575953707098961 135.5203719139099 2.36818291246891 1.185175709426403 1.569893978536129 0 2.587786838412285 0.5281733721494675 3.028600841760635 1.987057358026505 2.578412510454655 28.04952749609947 208.9750170856714 20.44695480167866 69.71149051934481 0.2441552728414536 7.000947445631027 2.144196532666683 59.94666459411383 0.4849238842725754 0.7201950624585152 1.575152739882469 0.5589891672134399 4.444104507565498 12.48658494651318 154.1130662187934 4.073321029543877 0 137.5119567140937 25.46343668550253 278.2843941301107 69.57679375261068 46.03430698812008 4.71104321628809 72.84672369062901 0.362801231443882 5.030396021902561 14.50344700366259 0.4708880856633186 0.6508418619632721 4.203728206455708 1.448249526321888 0.2048817649483681 0.9754955321550369 0 0.426007404923439 0.6951638832688332 23.89635813981295 5.671634308993816 1.670599587261677 196.8491210117936 31.49298108369112 0.445501834154129 3.222590774297714 107.4415949881077 0.6270490884780884 4.468712538480759 3.497528329491615 1.883299067616463 4.805173620581627 20.95670916140079 11.35632388293743 11.54934073984623 22.61500616371632 21.74101996421814 39.81587036699057 87.79298216104507 57.20432868599892 38.53549362719059 57.96297311037779 1.523973353207111 6.727335281670094 0.2470217943191528 0.390641063451767 0.151411697268486 0 0 0.3834249153733253 0 0.1702967584133148 0.3801254779100418 0 0 3.765457965433598 0 0.2350779622793198 0 1.355254590511322 0 7.275017485022545 4.490094073116779 0 0 0 5.067436330020428 0.5377230495214462 5.064854457974434 2.373759545385838 0.2256643325090408 0.3900951743125916 0 0 11.82940661907196 7.760983236134052 5.488413691520691 0 0.4835465028882027 5.615653909742832 0.4550558626651764 0 0.5484855771064758 0.2326616048812866 0.6493023484945297 0 0.5206663012504578 0 0.3457254469394684 0 0.1701515763998032 0.2634593695402145 2.851834289729595 7.663709387183189 3.398111790418625 0 0 0 0 0 0 0 0.4375274926424026 18.09313771128654 9.210888803005219 0.9155309572815895 0.5222178101539612 0.2393846362829208 17.15563222765923 7.701711840927601 7.137351714074612 1.041533231735229 1.726816974580288 1.697113662958145 1.195199474692345 5.527449458837509 0.7511307597160339 0 0.1388852000236511 0 0 0 0 0 18.56977713108063 14.53580832481384 12.16208267956972
1250.89867323637 490.2475906014442 4.511852271854877 2730.952604964375 166.5109321400523 950.5834919512272 952.8175048977137 1.588490851223469 550.0344835817814 3178.987748682499 5.751314342021942 2798.20056900382 4065.926173895597 984.6747937947512 20.7649322077632 2.194669283926487 0 0 0.5523716360330582 0 0 0 0 0 0.431647889316082 0 0 0.4256875216960907 0 0 24.88975565135479 3.698154486715794 215.9102369993925 0.2424634248018265 0.3463348373770714 0.5220603346824646 250.5315857082605 0.4787279292941093 2.661724179983139 0 0.3194145411252975 0.1408076286315918 0.1989235728979111 0.5390051677823067 0 0.5557950586080551 55.29943132400513 0.5108516663312912 0 0.1366182267665863 0 1.174633093178272 1.643479496240616 0 0.1545020490884781 1.351837977766991 32.90853092074394 166.5083485990763 31.5114526450634 42.4847065731883 1.05502588301897 0.3317893445491791 1.566612914204597 18.63407474756241 0 0 0.4965908825397491 0.1256569921970367 0 0.4211657494306564 106.8580665737391 12.9367373585701 2.335507273674011 144.5692977756262 12.12252607941628 98.75280440598726 7.231954127550125 4.793567053973675 0 6.362394481897354 0.5005789771676064 3.123416513204575 6.512917652726173 0.1308185607194901 0 1.463368065655231 0.08939377218484879 0 0.3640140667557716 1.022850796580315 0.2788917124271393 1.925486370921135 1.252564139664173 0 0.4076972082257271 456.5472743213177 26.85102043300867 1.822868704795837 1.83596570789814 325.8325105160475 2.838309332728386 33.94224418699741 11.24157153069973 5.322560548782349 5.261945366859436 65.91084606945515 65.86910367012024 22.41043554246426 40.25151025503874 75.68808394670486 67.73876023292542 236.027197137475 187.7791067436337 84.63333477079868 123.4378734081984 1.094098441302776 0.5380263030529022 0 0 0 0 0 0 0 0 0 0 0 0 0 0 0 0 0.3646101951599121 8.733305990695953 8.467186063528061 0 0 0.105704627931118 4.670991793274879 0.2389356344938278 3.498891055583954 0.5916009768843651 0 0 0 0 23.05671267956495 4.210342898964882 0.6735859885811806 0.6568058133125305 0.7118633836507797 6.69279582798481 0 0 0 0 0 0 0 0 0.180130198597908 1.205750688910484 1.029069527983665 1.724968418478966 0.855403870344162 9.625451937317848 3.437882244586945 0.2115074247121811 0.8625144362449646 0 0 0 0 0 0 21.00333292782307 4.922080591320992 0 0 0 27.31872418522835 6.973055012524128 5.764867767691612 0.6078143939375877 5.07201737165451 5.459481708705425 2.092485666275024 5.163161404430866 0.1173444166779518 0 0.1577665954828262 0 0.1465045213699341 0 0 0 39.46448542177677 11.51430757343769 8.09668630361557
68.56886640191078 548.4439870789647 2167.589174926281 0.3350358456373215 2404.286287926137 9.930720612406731 85.84069034457207 3331.424626104534 1833.962651140988 5.751314342021942 1857.37210059166 166.9812443554401 192.7650661244988 1911.827134422958 22.02969220280647 8.765453740954399 0.8575462847948074 3.942721672356129 2.693739235401154 14.76020222902298 63.94977280497551 8.829859897494316 48.11967027932405 32.3092627376318 45.20492517948151 38.92353726178408 5.921807698905468 5.503538653254509 7.773945055902004 0.5461210757493973 644.551154628396 1803.018302485347 1654.394388496876 31.57170010358095 57.12091276049614 38.66123233735561 375.3343024626374 168.3642126396298 33.9820382297039 16.97278973460197 55.68447083234787 36.04231111705303 3.626273386180401 1.512660630047321 11.07930302619934 3.273132897913456 27.28039398789406 0.940601147711277 2.605566412210464 6.52399330586195 0.1427588909864426 8.93415816873312 2.862450204789639 10.47993449121714 0.5053367614746094 0.427728570997715 8.88181009888649 180.2075117379427 8.978116892278194 8.887814186513424 22.49413400143385 61.79006713628769 23.06321208178997 96.11201316863298 0 0 1.391510054469109 0.9879164695739746 14.3287062048912 67.67280220985413 433.757363088429 8.693332552909851 1.312977701425552 48.12371595948935 15.76285748183727 60.1065977960825 47.82966342568398 30.93086157739162 93.36352812498808 519.1298242434859 8.371065348386765 78.9766182154417 2.665768474340439 0 0.104635126888752 0.853402778506279 2.183556981384754 0 0.2539861053228378 0.1690230816602707 0 3.189778067171574 129.1290424466133 14.36408275365829 5.964271850883961 636.2234877347946 87.433459430933 0.4617502987384796 6.815156757831573 106.6834676638246 0.5636691898107529 0 0.1530773937702179 0.5693296790122986 3.158545851707458 14.51982799172401 2.76603789627552 6.332938835024834 12.87761080265045 3.240117877721786 16.71642354130745 31.13778702169657 17.37580843269825 7.63505719602108 31.9266037940979 1.495023213326931 3.963714897632599 0 1.262637779116631 0.1607411801815033 0 0.1866486072540283 1.032357439398766 0 0.2679417133331299 1.378304563462734 0.1646965444087982 0 2.259219318628311 0 2.393298082053661 0 4.840154908597469 0.4623184502124786 5.04977659881115 7.216160856187344 0.1418076455593109 0.8989210724830627 0.1148881316184998 3.282582566142082 0.4634445756673813 11.22344459593296 4.347505606710911 0.9487043172121048 0.508612684905529 0.2737823277711868 0.3971247524023056 7.630985274910927 8.166626274585724 2.6749147772789 0.4414544478058815 0.2507633194327354 6.121271051466465 0 0 0.9052763730287552 0 2.81216961145401 0 0.3251873850822449 0.1076502874493599 0.5253812074661255 0.882817417383194 0 5.221065483987331 5.312137149274349 3.768255151808262 7.110673248767853 0 1.23536428809166 0 0 0 3.523945569992065 0 0.1227732375264168 5.631119847297668 9.267550259828568 3.68007954210043 0 0.9404102265834808 9.803443342447281 10.36951185762882 8.115397527813911 1.860908389091492 2.24617674946785 6.388020537793636 1.709485173225403 4.454373970627785 0 0 0 0.1671932935714722 0.1622841060161591 0 0 0 13.58848279714584 12.43099004030228 12.76290825009346
105.9794961363077 86.74901635944843 31.75633832067251 407.6396567672491 217.2667360454798 105.2175240367651 238.8774595782161 6.128950454294682 777.3057810664177 2798.20056900382 166.9812443554401 434.522831350565 2790.093140259385 1126.711604446173 69.34975275397301 32.69179359823465 0.1467310637235641 0.250188834965229 0.1071659773588181 0 0 1.781761437654495 0.3522892892360687 0 3.611583024263382 2.136892914772034 1.023819103837013 0.3449108898639679 3.061554998159409 0.8115660399198532 7.985578656196594 6.663997195661068 564.3577417582273 0.261192798614502 0.5239912271499634 7.309663653373718 985.6502047181129 7.045837819576263 17.97050806134939 0.4853639602661133 0.9855361580848694 0.6218085736036301 0.08970955014228821 1.945827446877956 0.471412405371666 0.1003338396549225 37.285485714674 0.2503384947776794 0.3123998641967773 0.1870873495936394 0.1165611147880554 0.5243855118751526 1.841642498970032 0.3824781775474548 0 0.6228918060660362 2.949987530708313 12.46695106476545 1.78037728369236 10.19192427396774 4.887531891465187 42.08928821980953 0.7856932953000069 12.99036771059036 0 0.1280825734138489 0.2229530736804008 0.1113856434822083 0.7933264523744583 0.3556108400225639 1051.90831400454 1.569499246776104 0 23.77263670414686 15.11830054968596 93.51029370725155 54.02897825092077 56.45988600701094 2.440270237624645 55.95596338063478 0.09907983243465424 20.97300645709038 2.71050339192152 0.2722413465380669 0 0.6728408634662628 0.1043189093470573 0 0 0 0.1007271036505699 0.3216122984886169 0.3183189481496811 0.3633575439453125 0 1221.479541964829 194.2931933999062 0 25.09413063526154 31.42684066295624 0.9935484081506729 16.38439728319645 3.417439728975296 3.866266816854477 1.072739362716675 34.35845324397087 26.63271691650152 20.1931918784976 43.65313269197941 48.77984729409218 49.57675509154797 139.9458871781826 128.0663650482893 62.59657929837704 108.3185914307833 2.566860139369965 2.033232130110264 0.1401609480381012 0.6954774409532547 0 0 0 1.295385539531708 0 0 0 0 0 0.7639399468898773 0.2280467450618744 0 0 0.347367137670517 0.1258301138877869 6.302055805921555 10.97446143627167 0 0.47639399766922 0 6.195662178099155 0.0886426568031311 9.070692226290703 1.062988042831421 1.652584500610828 0 0 0 17.4953627884388 2.531447321176529 2.580432362854481 0 0.7716359868645668 4.581481494009495 0 0 0.5226833075284958 0.4633744135499001 0 0 2.173987865447998 0 0.6025092303752899 0.4330363348126411 0.4486242681741714 1.80395345389843 2.161962993443012 19.08843373507261 4.850214473903179 0.3256748020648956 0 0 0 0.1514246165752411 0 0 0 28.66448375582695 26.43190415203571 0.181400254368782 0.1318487226963043 0.1121849566698074 28.30909164249897 13.06085304170847 7.342428229749203 2.03930339217186 4.059732683002949 3.864190183579922 2.278289750218391 4.269314624369144 0 0 0 0.2930046617984772 0 0 0 0.1417935192584991 34.07729165256023 17.26753383874893 17.9322122335434
277.0419548675418 930.3366779536009 118.6681399866939 1584.525767743587 774.3671912848949 151.9345064386725 3398.815957203507 12.13236851245165 3691.526027143002 4065.926173895597 192.7650661244988 2790.093140259385 2014.503796592355 6221.59815915674 112.3462781757116 27.8344901278615 0.3090495243668556 0.4663964956998825 0.1499523669481277 1.375757798552513 2.564320497214794 0.3488566130399704 1.233618505299091 0.9833441972732544 6.429190054535866 0.6561395972967148 1.30207871645689 0.867343008518219 2.123615108430386 0.4792326986789703 70.32442325353622 19.59667271375656 634.893184825778 0.8174338042736053 0.973420724272728 15.03469807654619 623.8600139245391 8.99724093824625 14.41377992928028 3.087140336632729 3.155930884182453 2.337565153837204 0.2074026688933372 0.6081343442201614 1.1844123005867 0.6175336837768555 91.15779568254948 0.8342169597744942 0.3712677359580994 0.5951792225241661 0.1966100558638573 1.228501051664352 1.742985308170319 1.332227550446987 1.291915915906429 1.074396677315235 11.65565568208694 58.2205111309886 7.552333168685436 39.4733115658164 1.096152454614639 11.38608881831169 0.5528744161128998 22.57161204516888 0.4709563925862312 0.5085230246186256 0.8358718380331993 0.4899458587169647 1.659719571471214 3.276330001652241 354.5505788624287 1.281925901770592 0 63.23921272158623 13.95565830916166 194.5723092257977 67.4177512973547 54.17036477476358 2.833113200962543 23.73973633348942 0.9107857644557953 5.861963972449303 9.718023657798767 0 0.3128202110528946 3.462138339877129 1.318804338574409 0 0.2535671591758728 0.4249797761440277 0.1944270730018616 0.3901763111352921 11.43394108116627 1.635238513350487 1.145202398300171 1026.257112450898 40.04266298562288 0.315752387046814 12.78629568964243 53.38915151357651 1.861733749508858 22.20847041904926 8.443841576576233 5.847743853926659 7.260620668530464 70.03144074976444 43.41906580328941 37.7912570014596 72.32059892266989 81.74314002692699 106.3053644001484 284.0094965174794 226.5109426230192 102.5832149460912 205.4877014607191 2.928435333073139 9.615302205085754 0.1119645982980728 0.1626829206943512 0 0 0 0.125999242067337 0 0 0 0 0 0.3459872752428055 0.1309271305799484 0.9445819854736328 0 0 0.3749317675828934 14.68480652570724 16.09075753390789 0.1431369185447693 1.926473706960678 0.1066515147686005 14.48281428962946 1.562705844640732 13.94413657486439 2.770869672298431 0 0.1558243185281754 0 0 30.76105116307735 11.56259025633335 5.363341353833675 0 1.358095094561577 12.80995608121157 0 0.4641263782978058 0.5356872975826263 1.029314294457436 0 0 1.289655849337578 0 0.4557924494147301 0.6185069605708122 2.317515432834625 4.571206763386726 5.684342041611671 28.45545291155577 8.943833149969578 0.1240067034959793 1.584232419729233 0 0 0.1510644406080246 0 0 0.1327874809503555 39.57833501696587 19.00384457409382 1.586546555161476 0 0 52.71635939925909 22.34607636928558 14.28532388061285 0.6798691377043724 5.987901575863361 11.1398804038763 5.887532129883766 10.37423433363438 0 0 0 0 0.1234427690505981 0.09564778953790665 0 0 62.21540525555611 28.06866143643856 35.40461277216673
242.9598773568869 1281.753460489213 954.9084443226457 32.39935101568699 3357.320911109447 18.7168882638216 4723.074856750667 516.4004177674651 5966.241117760539 984.6747937947512 1911.827134422958 1126.711604446173 6221.59815915674 3431.959367528558 110.9518866315484 31.00302843749523 0.7069826051592827 0.1815838515758514 0.7180390506982803 1.355041198432446 5.876699008047581 2.070111483335495 2.897891767323017 1.931592352688313 10.685232616961 5.925371788442135 3.810093238949776 2.68636029958725 5.055739626288414 0.1530085653066635 189.2429605945945 47.65477336198092 2630.655725501478 2.167842037975788 5.16693264991045 25.99604232609272 2251.433513306081 45.37246897816658 31.04195392876863 4.628712132573128 6.598326086997986 6.146399989724159 0.8507826626300812 1.29315809160471 1.64637703448534 0.7744958102703094 84.25102093815804 1.04282745718956 0.1059021353721619 1.641488596796989 0.1050113961100578 1.232937812805176 1.478297650814056 3.235849626362324 1.50209142267704 1.236912325024605 15.09522118419409 99.37801399827003 11.93632189929485 37.86641938984394 3.52960167825222 46.29190569370985 2.486275240778923 36.14015551656485 0 0.3850491419434547 1.236274510622025 0.3853157460689545 1.907199278473854 7.873459488153458 849.1282799765468 6.913015931844711 0 69.00125133991241 23.50599042326212 193.1029952540994 85.04495734721422 71.90927589684725 4.176731035113335 161.2260272726417 0.7680091112852097 16.28472871333361 9.359640784561634 0.3222859799861908 0.4276187717914581 2.313308909535408 0.4129074364900589 0.1949363797903061 0.4346105232834816 0.1796989440917969 0.3106114864349365 0.7188125848770142 15.62566665560007 3.610184960067272 2.285860545933247 579.0945248454809 79.87701777368784 0.1309660673141479 20.67660333961248 67.36625579744577 0.5420522540807724 7.291234150528908 6.803106740117073 2.84735606610775 6.202764868736267 42.20017892122269 15.98979739844799 14.31266143918037 37.37315495312214 26.55373772233725 46.81805228441954 107.0745089426637 102.3370862677693 41.43010497093201 107.8897046148777 3.294866174459457 4.39415892213583 0.3749167919158936 0.4064089208841324 0 0 0 0.3127144873142242 0 0.2301198840141296 0 0 0 0.92558404058218 0.1204620152711868 0.7961485981941223 0 1.154671892523766 0 7.062497802078724 11.62166688591242 0 0.5216759294271469 0 11.4717325642705 0.5129869133234024 11.28719419240952 4.862873502075672 0.219443142414093 0.1921853721141815 0 0 24.08472737669945 14.13439563661814 9.24648953974247 0.4291901588439941 1.308064073324203 11.27185221761465 0 0.1314567625522614 0.1446741819381714 0 0.6336519569158554 0 0 0 0 0.1138755977153778 0 3.400977939367294 5.867569491267204 12.96144466847181 7.476475328207016 0.7742550671100616 0.2630362436175346 0 0 0.1277509778738022 0 0 0 17.39165562391281 15.01307238638401 1.021658152341843 0.4049127548933029 0.5259780287742615 30.61888874322176 14.02296908199787 6.433344036340714 0.3883388638496399 2.933292500674725 6.311639614403248 3.412755273282528 6.831126354634762 0 0 0 0 0.3749142363667488 0 0 0 30.52009990811348 22.09490682184696 24.6181430593133
