0.0 0.12349144928591421 0.011601802488761926 0.026399706934484214 0.0033846217537338835 0.006561200510131266 0.017150581927863666 0.0031487441910495557 0.001990277695129822 0.04371113928108112 0.004800056052262366 0.005316989313803773 0.012795479944251564 0.00964051358673329 7.577092561138973e-05 1.1638686967705951e-05 0.0 6.204877200088525e-06 0.0 0.0 0.0 0.0 0.0 0.0 0.0 0.0 0.0 0.0 0.0 0.0 0.009714711954078605 0.00011533742672153804 0.0004402696218597373 0.0 0.0 3.66647106357549e-06 4.622434914193569e-05 7.392261092605051e-06 3.1419779575432528e-06 0.0 0.0 0.0 0.0 2.4872961023764193e-06 0.0 0.0 0.0003433160010777255 4.473619022659666e-06 0.0 0.0 2.8171271328752635e-06 0.0 8.373964170696044e-06 0.0 2.1453713940364553e-05 3.737115517331764e-05 0.0005614571122391823 0.006477009651752263 0.00019662464101683418 0.00040677807996840305 0.0 0.0 0.0 8.828201102192389e-05 2.1219598718053692e-05 5.413585867113933e-06 4.021464592309081e-06 0.0 0.0 0.0 0.0002284124065653141 0.0 0.0 0.0022641022615208593 0.0005520874459137627 0.0027544494862853843 0.0001877700008515421 2.1419691596223855e-05 8.868180922403346e-06 0.0005989277229062461 0.0 7.265457256937e-06 0.00010813993440402482 2.180919589144916e-06 6.036777483171212e-06 1.9867779615907213e-05 2.4164486988100745e-06 0.0 1.8703427067372298e-06 0.0 0.0 0.0 5.210152520492699e-06 0.0 0.0 0.0004383020805834444 2.5508133566016934e-05 0.0 4.8711159186057655e-05 0.025545726613245258 0.0 2.583362175111973e-05 0.0 0.0 0.0 0.00021699675114717444 0.00025851491767952075 4.69202022116594e-05 0.0008735928439897614 6.439829690840025e-05 0.0 0.00020637023289721637 0.00028989950909599153 0.00015202487839021596 4.1999696753835606e-05 0.0 0.0 0.0 0.0 0.0 0.0 0.0 0.0 0.0 0.0 0.0 0.0 0.0 0.0 0.0 0.0 0.0 0.0 0.0 0.0 0.0 0.0 0.0 0.0 1.7457154790190017e-05 0.0 1.4664803704563792e-05 0.0 0.0 0.0 0.0 0.0 0.0 0.0 0.0 0.0 0.0 2.741718441389972e-06 0.0 0.0 0.0 0.0 0.0 0.0 0.0 0.0 0.0 0.0 1.3949163304169527e-05 0.0 0.0 0.0 0.0 0.0 0.0 0.0 0.0 0.0 0.0 0.0 0.0 1.280534403757568e-05 0.0 0.0 0.0 0.0 6.289068667931627e-06 0.0 3.002043803449509e-05 0.0 0.0 0.0 0.0 0.0 0.0 0.0 0.0 0.0 0.0 0.0 0.0 0.0 0.000367563173131336 0.0 4.011706704920054e-06 0.0005061655692159854 6.664501702775743e-06 0.00021612627644852718 3.0884703197096036e-05 0.011651664567542212 0.00019155224582183638 4.2169503821294575e-05 5.11806686138861e-06 1.6907009975539823e-05 0.0 0.0 0.0 1.5142159561939282e-05 0.0 0.0 0.0 0.0 0.0 0.004241939345431669 0.0003677062834018873
0.12349144928591421 0.0 0.03471662882445435 0.025617919166166906 0.030529444220665072 0.006567137656389514 0.0732503019370774 0.004646451723003727 0.024891571317247247 0.045363937595592395 0.019657909193357862 0.004527477740811804 0.02181835557556525 0.059867785317418896 0.001820512846180191 0.00011860081648329628 1.913797165759822e-05 5.57290659022795e-06 1.8119547225117697e-06 3.213322609421138e-06 0.0 0.0 0.0 4.310582727772415e-06 4.744136919142644e-06 0.0 0.0 2.428524504081137e-06 0.0 1.8563987923578676e-06 0.06695740794639585 0.0015285849261527102 0.0006034198830654719 0.0 0.0 0.0 0.00023458796455497492 9.740889392855523e-05 1.7564871855803945e-05 0.0 0.0 3.0747408446496327e-06 2.5138767433392915e-06 2.5760365490756696e-05 0.0 1.321916464207069e-05 0.004256959725493573 4.395522258812314e-05 1.3599503334900541e-05 8.98193557543993e-06 9.44600095472755e-06 4.795286354888732e-06 0.0 0.0 0.00038290774506539185 0.0002229512749336564 0.0010138255437632628 0.01432379386991688 0.0006673213622431205 0.002911521373886434 1.2562768974498252e-05 7.714951416701168e-05 0.0 0.003164365989555731 0.00023152715265209304 7.642624230528837e-05 4.064011821393252e-05 1.3256303023094877e-05 1.3652938694421774e-05 9.362138253913884e-06 0.00046478462257118096 1.5091733382136666e-05 0.0 0.008566104718796779 0.006582686859794332 0.01895611463862826 0.007929969216181157 0.0008122844383176722 4.715039271845396e-05 0.002115435284429798 2.1963042785368855e-05 0.00031321711160185516 0.0007764770609981672 4.134651546956391e-06 0.00011881096023922351 0.0001405360179338056 8.159312240219426e-06 3.672969965041848e-06 2.9809450453699398e-05 3.946933453469954e-06 9.505831037859694e-06 1.2690162258244008e-05 2.781888476810818e-05 1.0472439044148982e-05 1.6992645433566864e-06 0.000920044409762615 7.459508702087433e-05 1.029603646247723e-05 0.00019877918154365029 0.037775633411286376 0.0 1.3453448818482963e-05 3.272907236286915e-05 0.0 0.0 0.0007156913700010649 0.00012224145143872146 2.4128317886669577e-05 0.0012927297560334724 0.0002746843575796855 6.908538975341331e-05 0.00039046053698334096 0.000642245333204458 0.00022230455409488027 0.00040756494555499543 0.0 4.41666509941256e-06 0.0 0.0 0.0 0.0 0.0 0.0 0.0 0.0 0.0 0.0 0.0 0.0 0.0 0.0 0.0 0.0 0.0 0.0 2.0505322558985795e-05 0.0 0.0 0.0 0.00016308228003284784 3.3086324549464114e-05 8.632765793714068e-05 8.511403604005726e-06 2.104625149478686e-06 0.0 0.0 0.0 0.0 9.851990410536728e-06 0.0 0.0 0.0 1.6660645896089102e-05 0.0 0.0 0.0 0.0 0.0 0.0 0.0 0.0 0.0 0.0 0.0 0.0 0.0 9.479459256948313e-05 2.770522467893433e-05 0.0 0.0 0.0 0.0 0.0 0.0 0.0 3.0845285196554223e-06 0.0001083442486130274 6.121812303063457e-06 0.0 0.0 0.0 0.00021843955959804305 1.7962408247923377e-05 0.0002526677279750086 1.8456200565493447e-05 0.0 7.778606797208606e-06 2.03984300902549e-05 0.0 0.0 0.0 0.0 0.0 0.0 0.0 0.0 0.0 0.0005316166850281479 3.572950586982146e-05 9.664339867169569e-05 0.0025407686190338425 0.0001037850997286541 0.003026330412731647 0.0002159138111497698 0.008903506975335372 0.000707080146674835 7.255497113206228e-05 7.915271106296108e-05 0.00017336430748948685 0.0 0.00019074876315807175 8.51972380546833e-05 4.158781691501675e-05 0.0 0.0 2.300243265664313e-06 9.896638423113452e-06 0.0 0.0035902512526064844 0.00046784047113212086
0.011601802488761926 0.03471662882445435 0.0 4.9356436822682084e-05 0.036985077005327195 0.0002631928299495268 0.006322634882177169 0.04094893619493921 0.025943392963693208 0.0002965421293513563 0.06841093752429499 0.00010330586063195227 0.0018707059027354169 0.04106593839829056 0.0002205971695102372 0.00011228204672453801 7.297116922967284e-06 0.0 0.0 6.832144518629617e-06 1.951719418163494e-05 3.531227087945601e-06 0.0 1.3018474593107355e-05 3.499550085207148e-06 7.681120280690931e-06 2.8607570078632284e-06 7.855864527423215e-06 0.0 0.0 0.09483427770789377 0.017024334703444804 0.001287619377529337 0.0 2.694095449691651e-06 3.798128547104774e-06 0.00019568043708090372 0.00016970686963889897 3.0595715402156834e-05 4.334879178630961e-06 2.726456495891831e-05 0.0 5.189372742082774e-05 2.695069851493901e-05 2.874687210482494e-06 2.7208450447559403e-06 0.0007054485937973565 1.174566942971288e-05 3.141121839372639e-06 1.9533597229264687e-05 5.581034039017014e-05 2.425926204346097e-06 0.0 0.0 0.00013971079377714701 5.061538570087665e-05 0.0005962792995957646 0.012480096013005319 0.0002717367904730135 0.0006810589058070718 0.00017925007988041995 0.000581586761728719 8.32404390755905e-06 0.009683318464675471 3.9081128758916026e-05 1.6484688867817264e-05 1.0504451275780826e-05 7.162880840507698e-05 0.00024564794574217575 7.315309118879948e-05 0.0001568544085262906 3.1169059569251434e-05 0.0 0.003615366392943561 0.003676992082912842 0.0061932102296999025 0.005247749672895925 0.001425937653651488 0.001415629328457442 0.03266767276816097 9.348215238148187e-05 0.003196892017702274 0.00021659682465342454 0.0 1.5923827445816366e-05 4.5039890740119264e-05 6.590792008690894e-06 2.127171065631596e-06 1.466711689425269e-05 0.0 3.8885561864822705e-06 3.6013447737045186e-06 0.00039374301241190836 1.7307915835694888e-05 8.69720520320743e-06 0.0002113656067716564 8.350637314643391e-05 0.0 0.0001048159079293853 0.01682096565236991 0.0 0.0 0.0 0.0 1.4415881357413255e-05 1.3738617494219234e-05 0.0 1.3635616013226945e-05 1.905569447754972e-05 2.1935485614916818e-05 8.248026413925478e-05 6.829984774568647e-05 0.0001935052458553503 2.9344881994662037e-05 0.00014240577796954194 0.0 0.0 0.0 2.7957947862941e-06 0.0 0.0 0.0 0.0 0.0 0.0 0.0 0.0 0.0 0.0 0.0 0.0 0.0 0.0 0.0 0.0 1.4865465699581184e-05 0.0 0.0 0.0 8.466782636693741e-05 1.0372408129298027e-05 5.912225086989694e-05 1.8976257680724857e-05 8.837133242171384e-06 0.0 0.0 0.0 0.0 0.0 0.0 0.0 0.0 0.0 0.0 0.0 0.0 0.0 0.0 0.0 0.0 0.0 0.0 0.0 0.0 0.0 0.0 0.0002465652738402852 0.0 0.0 0.0 0.0 0.0 0.0 0.0 0.0 0.0 8.866783236990858e-05 2.8267244823466596e-05 0.0 0.0 0.0 0.00017920304066296758 3.4747172365978896e-05 0.00014868898304755832 2.117291285423505e-05 0.0 9.324512553783746e-06 0.0 0.0 0.0 0.0 0.0 0.0 0.0 0.0 4.8179162752730384e-06 0.0 5.5932013505859163e-05 4.7667748774552815e-05 4.312922048608715e-05 0.00041368938862472 3.2928573901684355e-05 0.0005118062598134464 3.509337492281991e-05 0.0021631713075252125 9.650256502613962e-05 3.061506001634333e-06 1.5168853206718121e-05 2.26585228006541e-05 0.0 2.6505005633328996e-05 1.2362807855310152e-05 0.0 0.0 5.115674553267892e-06 0.0 1.2372356914168977e-05 0.0 0.0006428916731084738 5.352526012468227e-05
0.026399706934484214 0.025617919166166906 4.9356436822682084e-05 0.0 5.494313303058671e-05 0.015805469799360452 0.00593668864495981 3.912566581656048e-06 2.032271879440886e-05 0.04432534388978779 1.9518261807645203e-06 0.006604851925191095 0.017541264649892398 0.001990903190952001 3.070654393406758e-05 5.454423901661128e-06 0.0 0.0 0.0 0.0 0.0 0.0 0.0 0.0 0.0 0.0 0.0 0.0 0.0 0.0 0.00029094460731483954 0.0 0.00046963443870469553 1.9027549119871487e-05 0.0 0.0 4.920833909640372e-06 8.150028748208444e-06 2.7537116608875804e-06 4.440845079113505e-06 0.0 0.0 0.0 0.0 0.0 0.0 0.00015518392811950492 0.0 0.0 0.0 0.0 3.2079340453097104e-06 0.0 0.0 5.011746188814376e-06 2.353634022563623e-06 4.6285010283814824e-05 0.000403590063909501 2.7685703387930935e-05 0.00010022209823719143 0.0 0.0 0.0 5.973357850373567e-05 4.402740728231495e-06 3.2343079066260715e-06 0.0 0.0 0.0 0.0 0.0001331190216140189 0.0 0.0 0.0002458694860196268 0.0001616690314574375 0.0005728014393965135 0.0001850710629440463 1.5862536508611427e-05 0.0 1.1785404849620604e-05 0.0 0.0 1.6365294741220132e-05 0.0 0.0 0.0 0.0 0.0 0.0 0.0 0.0 0.0 0.0 0.0 0.0 0.0003619255421476537 1.1088762802068805e-05 0.0 1.8935552350798364e-05 0.005457474047705933 6.135963785121519e-06 2.0512889559281728e-05 0.0004133869913588323 0.00014102276603163418 1.218211900895357e-05 0.00013672043809865266 0.00016496474519636173 7.127518904687533e-05 0.0012102864493430511 0.0002343722862913749 0.0 0.00014880041584255195 0.00023678924752632103 4.44187620347275e-05 3.0963474894753e-05 0.0 0.0 0.0 0.0 0.0 0.0 0.0 0.0 0.0 0.0 0.0 0.0 0.0 0.0 0.0 0.0 0.0 0.0 0.0 0.0 0.0 0.0 0.0 0.0 4.9070567113510086e-05 0.0 2.867357502439448e-05 0.0 0.0 0.0 0.0 0.0 0.0 0.0 0.0 0.0 2.4045962218615e-06 2.1941070556649846e-05 0.0 0.0 0.0 0.0 0.0 2.192257953893096e-06 2.276751080458315e-06 0.0 0.0 0.0 0.0 0.0 0.0 1.664506397800076e-05 0.0 0.0 0.0 0.0 0.0 0.0 0.0 0.0 0.0 4.130710408849248e-05 0.0 0.0 0.0 0.0 1.1940131029857277e-05 0.0 4.041186295658881e-05 0.0 0.0 0.0 0.0 0.0 0.0 0.0 0.0 0.0 0.0 0.0 0.0 0.0 0.00025129026000116 1.2667985613975071e-05 4.371047807242815e-06 0.0002380625656986707 0.0 7.610290150790181e-05 0.0 0.0031224635730115855 3.0099210204971387e-05 0.0 0.0 0.0 0.0 2.647608485197634e-05 3.3368696656566493e-06 0.0001614462486108302 5.155919672395749e-06 0.0 0.0 0.0 0.0 0.0009566999612578385 0.00023298309492025043
0.0033846217537338835 0.030529444220665072 0.036985077005327195 5.494313303058671e-05 0.0 6.0605687738750335e-05 0.019988047516378556 0.010501273934405964 0.06512037121037137 0.0018143712462312441 0.06494567346226644 0.0002647532249387563 0.0070633897485105615 0.07855745557100328 0.0008136077349099347 0.00017132295344449874 7.7523962161619e-06 2.1268090436437654e-06 0.0 0.0 0.0 0.0 0.0 0.0 0.0 0.0 0.0 0.0 0.0 0.0 0.005949536341945014 0.0005881367253168555 0.00011262132515774322 3.0928006511544685e-06 0.0 0.0 6.986538023197195e-05 1.1161836081357458e-05 4.973187300965495e-06 0.0 0.0 0.0 4.903072767335334e-06 3.139193619168929e-05 0.0 0.0 0.0011712481550194313 6.44344401623756e-06 6.280169578022657e-06 2.1915216166152786e-06 6.485038088867308e-06 0.0 2.007558654117987e-06 1.7696135953664259e-06 7.747570795613691e-05 4.722589329449253e-05 9.660424608039528e-05 0.0008772401787948615 7.745451714013697e-05 0.0004261324146895741 1.906743741802396e-05 2.8630279747874156e-05 2.476123381994462e-06 0.0007952414086276154 5.0820102594328064e-05 2.4207388090919905e-05 8.880006606257479e-06 0.0 4.2978090411943795e-06 0.0 0.000114035936556022 5.192398628083808e-06 0.0 0.0008111377575485921 0.0009067487273525558 0.002849123803077857 0.002011480392291083 0.0006257410053136282 6.253542711091552e-05 0.00044325192053952013 2.382494377607986e-05 3.113161495891843e-05 0.00015893883451947654 0.0 2.7364632280856413e-05 2.9745149548743663e-05 4.4949091307154775e-06 0.0 6.353223944538763e-06 0.0 0.0 1.4502574039425656e-06 3.599725367555208e-06 0.0 1.7657869110544786e-06 0.00020313650703116543 8.299739261165734e-06 4.43202037944322e-06 6.640266403215098e-05 0.0009429410910211377 0.0 0.0 0.0 0.0 0.0 1.1619820846664874e-05 2.307090698007418e-05 0.0 0.00019616100070210955 2.2164177599699903e-05 5.134644820643126e-05 4.469399551583214e-05 0.00014339397648175764 3.927651535124438e-05 7.179578612176297e-05 2.899010927254793e-06 0.0 0.0 0.0 0.0 0.0 0.0 0.0 0.0 0.0 0.0 0.0 0.0 0.0 0.0 0.0 0.0 0.0 0.0 0.0 0.0 0.0 0.0 0.0 4.417821331762202e-05 0.0 7.227062437389961e-06 1.0912955027093647e-05 0.0 0.0 0.0 0.0 0.0 0.0 0.0 0.0 1.1282945281211701e-05 1.0859413913652592e-05 0.0 0.0 0.0 0.0 0.0 0.0 0.0 0.0 0.0 0.0 0.0 0.0 0.0 6.205273863971407e-05 0.0 0.0 0.0 0.0 0.0 0.0 0.0 0.0 0.0 4.4971774971334406e-05 0.0 0.0 0.0 0.0 7.403460322389861e-05 0.0 3.032813560488898e-05 0.0 0.0 0.0 0.0 0.0 0.0 0.0 0.0 0.0 0.0 0.0 0.0 0.0 9.89002777868263e-05 0.0 1.7536268336210768e-05 0.0007358502567456818 1.9342697219403707e-05 0.0010708195159094827 7.437506480863309e-05 0.0002578424609702887 0.00014055076879314693 2.2697441819213552e-05 4.205613624966943e-05 4.213119142991455e-05 0.0 3.735704167441111e-05 1.8984612082784485e-05 1.0516305328793779e-05 0.0 0.0 0.0 0.0 0.0 0.00031718828350701456 4.015053020569958e-05
0.006561200510131266 0.006567137656389514 0.0002631928299495268 0.015805469799360452 6.0605687738750335e-05 0.0 0.0014121560379688838 2.1721666319251555e-05 0.0 0.027204422386822448 1.3236137279366968e-05 0.0036517813194401638 0.0030700759271880384 0.0008923502752182891 0.0 2.8923022516196068e-06 0.0 0.0 0.0 0.0 0.0 0.00010445957600678118 0.0 0.0 1.6472757902862622e-05 0.0 0.0 0.0 0.0 0.0 0.0004252114320133829 0.0 0.00021833145229888887 0.0 0.0 2.5051876167268767e-05 0.0005621613220750622 0.0002545306546684174 0.00021905506332966655 2.3327529977779966e-05 0.0 0.0 0.0 2.3698498337451565e-06 0.0 0.0 2.9524695810075465e-05 0.0 0.0 0.0 4.692429714212865e-06 0.0006395586198827106 0.00030065506604090694 3.1995478067496297e-06 0.0 2.3028477120504307e-06 0.0009551299954600617 0.00015460722819613478 1.674990961192279e-05 2.4797213793650304e-05 0.0 0.00016540758871118116 0.0 3.426696004952311e-05 2.3535266925794203e-06 2.112445265713867e-06 2.911029048569589e-06 0.0 2.360252862529213e-06 0.0 0.0018222504629893566 0.002637104497757601 9.4198853788416e-05 6.216451990254183e-05 4.3309507120814256e-05 0.00018400074139087832 2.1001048549942323e-05 1.2729931878748754e-05 0.0 4.089796597126716e-06 3.3295794222656515e-06 1.5048908245620565e-05 2.5997913223678335e-06 2.4504953143421914e-06 2.2639576930755435e-06 9.687748111186747e-06 9.925348327052207e-06 6.992061734829111e-05 2.350972743296003e-05 0.00020526777917391733 1.646081937279896e-05 3.8374724410994944e-05 0.0 0.0 5.0775128809244217e-05 0.004381913486327587 0.0037968383385656892 0.0009281885835892625 0.0018775916244593617 0.011195659460294032 0.0 0.0 0.0 0.0 0.0 3.726498816702036e-05 0.000590174110674131 7.09941153016083e-05 0.0003321618096966379 2.4584531155615117e-05 0.0 0.0002455493607087861 0.0005529623584944879 0.0001149763752741513 4.536007846310941e-05 0.0 0.0 0.0 0.0 0.0 0.0 0.0 0.0 0.0 0.0 0.0 0.0 0.0 0.0 0.0 2.8668711920146966e-06 0.0 0.0 0.0 0.0 0.0 0.0 0.0 0.0 9.768805417405985e-06 0.0 2.8174609433107133e-06 0.0 0.0 0.0 0.0 0.0 0.0 0.0 0.0 5.212283517139397e-06 0.0 0.0 0.0 0.0 0.0 0.0 0.0 0.0 0.0 0.0 0.0 0.0 0.0 0.0 2.2817763302091217e-05 0.0 0.0 0.0 0.0 0.0 0.0 0.0 2.2393874798343856e-06 0.0 0.0 7.67809203059333e-06 2.1576452790786562e-05 0.0 0.0 2.5762614692231814e-06 6.346353816868602e-05 0.0 0.0 0.0 0.0 0.0 0.0 0.0 0.0 0.0 0.0 0.0 0.0 0.0 0.0 0.0 0.00064424406652848 1.2599716178913278e-05 2.4599694786217297e-05 0.0006750818236535283 4.407930424539597e-05 6.99096074353595e-06 1.0091632890624352e-05 0.0053834410716109 5.343049263443105e-05 2.381343913653971e-06 0.0 5.035391094658688e-06 0.0 5.98463292037629e-06 0.0 0.00018559508937741594 0.0 0.00012677376688140555 0.0 0.0 0.0 0.0028519308627843 0.0014045808924146358
0.017150581927863666 0.0732503019370774 0.006322634882177169 0.00593668864495981 0.019988047516378556 0.0014121560379688838 0.0 0.0010385054112107635 0.01979539919926373 0.03944356461810105 0.011385230194920134 0.011713256520435004 0.10001579358921883 0.1060723189185501 0.003566113857849844 0.0010791317136443505 7.631218788480694e-05 5.9634206699007965e-06 1.2753924464395048e-05 3.955921591016332e-06 2.817665201254217e-06 4.467636912703149e-06 0.0 2.781641097745908e-06 3.1079333908948295e-06 7.764257361464556e-06 0.0 9.523523936577124e-06 0.0 0.0 0.006283543068647403 0.0016356745124674408 0.002371606642447871 0.0 2.1994820025801803e-06 5.762748272858503e-06 0.0008546413770136843 0.00011076354478735083 3.984375636663817e-05 8.195860385133717e-06 1.0822888936884669e-05 1.6942354795300832e-06 3.7532005939730694e-05 0.00016590431613344402 1.9666161265024707e-06 5.017834052690718e-06 0.004991388866423285 5.5324826981175956e-05 1.9735025191570218e-05 9.081573262228355e-06 7.1631185110160335e-06 2.0789386098379586e-06 2.226951543852746e-06 0.0 0.00034583051518149955 0.00022641447151790017 0.0004126001730541714 0.0036178244112860017 0.0003505846910003101 0.0020641758493192665 9.821654607063421e-05 0.00014787388463171483 5.9271910475974776e-06 0.0031081131151897844 0.00023153632172183018 8.666975516148756e-05 3.0234237944568477e-05 1.0042587973643397e-05 2.57130192559633e-05 2.4895983856998148e-05 0.001218660736606945 2.0932965563296556e-05 0.0 0.004258155316583736 0.004133882223754367 0.013855698346019994 0.008250989765474514 0.0029053202942134686 0.0002804385752464867 0.00028193215566568275 0.00011975881465546838 0.00016620570944632235 0.0007344565947103399 7.282705232680268e-06 0.00010819360743405439 0.00016209735201182476 8.180972723404276e-06 1.8961547011025165e-06 3.719444037329244e-05 3.3133177476106923e-06 1.0825513399288398e-05 9.569734932198396e-06 1.9193792232950466e-05 1.7963939236861034e-06 4.974930112955672e-06 0.0025498771338557766 0.00017182317279499948 0.0 0.00040870344891404565 0.0032054265380729503 1.2509856237925058e-05 6.124559351754577e-05 0.0006661830068765152 0.00015334818585732254 2.110164921206625e-05 0.0009371221658247709 0.0002937592876077667 0.0003433406918598917 0.0018717559928229722 0.0008135891346709543 0.00025516208468819604 0.0012103253097320158 0.002287725294270901 0.0006370419673747872 0.0012790288685748453 3.3681413046368514e-06 1.9073166727254106e-05 0.0 0.0 0.0 0.0 0.0 0.0 0.0 0.0 0.0 0.0 0.0 0.0 0.0 2.5416672658832618e-05 0.0 0.0 0.0 5.4803017755174525e-06 1.8739472290143285e-05 0.0 0.0 0.0 0.00038618738720302514 2.5896538241125058e-05 0.00020844660756552273 4.9927590260290005e-05 1.0935095264275433e-05 0.0 0.0 0.0 0.0 0.0 0.0 0.0 1.277402889921862e-05 5.1050826126095545e-05 0.0 0.0 3.3162670368829105e-06 7.396808038338152e-06 0.0 0.0 0.0 2.736951792282454e-06 3.923818089496306e-05 0.0 0.0 1.8876507935759097e-05 5.685163666891713e-06 0.0004701216180137382 1.436653919469044e-05 3.6400678874616806e-06 0.0 0.0 0.0 0.0 0.0 0.0 0.0 0.0006591334896674718 2.549929152963847e-05 0.0 0.0 0.0 0.00047397389036130274 3.96272694244052e-05 0.00040113709842945765 3.81357241771417e-05 0.00011740560948002226 7.777468027652283e-05 5.67282371323075e-06 4.464401882959037e-06 0.0 0.0 0.0 0.0 0.0 0.0 0.0 0.0 0.0015417271919344255 6.1857635423761e-05 0.00014229979788447998 0.0036515112012336067 0.00019308696341259867 0.004366046197827266 0.00031974440933533956 0.0013267258626424065 0.0007055100554223334 4.806808788195724e-05 0.0001145487773452818 0.00028243782551962506 4.724369919702593e-06 0.0002708334097566251 9.996990082826156e-05 0.0002897917305638667 6.879253082914668e-06 0.0 4.545785245376981e-05 4.40522706435306e-05 5.4412076877267885e-05 0.0023179308117519002 0.0010545582184067295
0.0031487441910495557 0.004646451723003727 0.04094893619493921 3.912566581656048e-06 0.010501273934405964 2.1721666319251555e-05 0.0010385054112107635 0.0 0.012089766109694085 6.573274116162095e-05 0.061202397887380584 7.95947983820915e-05 0.0011597358354751668 0.03213606475211734 0.0005803612402303621 0.0010042888272221956 6.018709496892248e-05 2.5439669014185035e-05 0.0 4.565653585756593e-05 0.0001574618059283877 0.0 6.191279105755182e-05 0.00017980714235684198 9.994047239657247e-06 0.0001417278181163182 5.110110604712381e-05 0.0001258250355429403 0.0 9.702479900149116e-06 0.018964713969603114 0.03424342642217709 0.0035607257744380517 0.0 1.1880569350488857e-05 1.4000015021354445e-05 0.0010123786996419455 0.0008112349417759619 3.877873448755067e-05 4.760425859711357e-06 0.0002604507356167824 6.263608608742147e-05 0.0006157408590200376 0.0004906238360411106 0.0 6.900584026798534e-05 0.0005915171949122768 1.0372481416291646e-05 5.190235369399273e-05 0.00024285920242551925 0.00033561187687657323 1.5098714559302963e-05 0.0 0.0 3.657469466439318e-05 2.94813222031555e-05 8.531870171141635e-05 0.002243344370232175 7.173822951149737e-05 0.00020040983858613591 0.0028154464718806236 0.00512710156690919 5.167180021957173e-06 0.005947359391989221 4.221036880654264e-05 0.00010034519406619526 8.519403659511046e-05 0.0004230195751678742 0.001965947692697566 0.0008181509207838527 0.00028202375810344835 2.7097951628316724e-05 0.0 0.0007751330730447064 0.0009252015768899667 0.0018938048942370841 0.003959456405699622 0.009917697415512678 0.022818446967455098 0.06815246317687668 0.002029316294579506 0.019608162813306025 4.4532103128471074e-05 1.877736339951483e-06 1.2295396429696228e-05 7.681565928654708e-05 0.00024612457582190493 0.0 4.491891755462091e-06 9.077959661820431e-06 1.3800854542870822e-05 2.885170875518001e-06 0.0022030805901868604 0.0002589629470765724 7.017183964618978e-05 0.0001450724341383971 0.00010146977967353488 4.67400236949487e-06 0.00024190014550127574 0.003306394464332438 0.0 0.0 0.0 0.0 0.0 8.72938497048275e-06 0.0 0.0 3.670198771044442e-05 5.851821379466207e-05 3.666995893013662e-06 8.702382858383678e-05 3.191072331424418e-05 2.6268505195187116e-05 0.0001372576415334749 6.302818253573072e-06 0.0 0.0 0.0 4.1931467035596154e-06 0.0 0.0 0.0 0.0 0.0 0.0 0.0 0.0 0.0 0.0 0.0 0.0 0.0 0.0 0.0 0.0 0.0 0.0 0.0 6.849869285368788e-05 6.434594257143649e-06 5.637606523163142e-05 4.2407961416182155e-05 0.0 0.0 0.0 7.0836169379451975e-06 0.0 0.0 0.0 0.0 0.0 2.3256829936233062e-05 0.0 1.5472014706223124e-05 0.0 0.0 9.88301334655794e-06 0.0 0.0 0.0 0.0 0.0 0.0 0.0 0.0 9.25943200130105e-05 2.32851483457801e-05 0.0 2.8556300704386947e-06 0.0 0.0 0.0 0.0 3.535989324072857e-06 3.7588889570506507e-06 0.00013498541438820976 3.416448749573637e-05 0.0 0.0 6.420905192374354e-06 0.00016121760012542395 2.8740785344193664e-06 9.758482920713863e-05 2.492074729573216e-06 0.0 0.0 0.0 0.0 0.0 0.0 0.0 0.0 0.0 2.6659746786177253e-06 0.0 0.0 6.218080395731098e-05 5.708718264247115e-06 7.573949037692699e-05 0.0007352462475667862 6.830716131483029e-05 0.0005778006435802136 0.00013542501152562152 0.0002741652375923338 8.11822740975114e-05 0.0 4.134291101032939e-06 0.0001127210249414682 4.784997649016894e-06 4.4900204311824593e-05 0.0 2.2639259511389528e-05 0.0 0.0 0.0 2.4026999642433944e-05 0.0 0.0001599325859793184 8.839271394150363e-05
0.001990277695129822 0.024891571317247247 0.025943392963693208 2.032271879440886e-05 0.06512037121037137 0.0 0.01979539919926373 0.012089766109694085 0.0 0.0018061174446761363 0.017099793709839755 0.0009592404222670889 0.006563471671857012 0.07057627789231291 0.0012463957380277962 0.000767174667404696 1.7029528176948795e-05 2.8834911061029773e-06 0.0 0.0 0.0 0.0 0.0 6.073247612898749e-06 0.0 2.9008946394004447e-06 0.0 2.341329215138308e-06 0.0 0.0 0.0032451591172822382 0.0005046054809288839 0.0008603151342298467 0.0 0.0 5.007446369975887e-06 0.00022977688477415827 2.7395913533829334e-05 1.790956990158887e-05 0.0 2.615133678670587e-06 0.0 5.394049918711828e-06 0.00012597812371946794 0.0 1.1084125075027481e-05 0.0011365845629235291 1.2171025879822746e-05 6.932989628338707e-06 1.3412154040478765e-05 7.234612100977724e-06 0.0 0.0 3.854499168925255e-06 6.574092771282422e-05 3.401959989738493e-05 3.487052146852843e-05 0.0004330129237381923 3.20250209214593e-05 0.00029188957028337503 0.00010218015270916845 5.198446759377156e-05 6.73528700940556e-06 0.000672960806331264 5.6088464373345647e-05 1.5830431604394107e-05 9.145794575932965e-06 2.1781310584393435e-06 2.2439506432699453e-05 6.487347338395262e-06 0.00022662064705893407 0.0 0.0 0.00035868696090007065 0.0003846196055152647 0.002045856025762085 0.0019994857850687887 0.0014904226933607479 0.00028609980889748816 0.00025970699871670554 0.00010913202122466968 0.00014932889749470784 0.00011531358685653006 1.7212279461151595e-06 2.276512259422982e-05 2.9314905722994845e-05 5.428732633827266e-06 0.0 6.5167779765744795e-06 0.0 0.0 2.123326887005045e-06 1.4434230214125179e-05 3.4967103324092615e-06 1.7889456010379025e-06 0.0004531672331190335 6.446484559637315e-05 0.0 6.147665779443197e-05 0.0004847603979008843 0.0 0.0 1.2861987791353022e-05 0.0 0.0 3.385895354652183e-05 2.0443335316538263e-05 1.588310840412978e-05 0.0001449242806194397 8.365839621865435e-05 5.1509567402304826e-05 0.0002691032384331919 0.0004208500070248119 9.217835548814089e-05 0.00036255368402431874 2.3248713204681764e-06 3.6255375195269325e-06 0.0 0.0 0.0 0.0 0.0 0.0 0.0 0.0 0.0 0.0 0.0 0.0 0.0 0.0 0.0 0.0 0.0 0.0 2.8661537675094254e-06 0.0 0.0 0.0 9.557808805761397e-05 0.0 5.589931363733882e-05 1.4588187117338517e-05 0.0 0.0 0.0 0.0 0.0 0.0 0.0 0.0 0.0 0.0 0.0 0.0 0.0 3.4219446751905568e-06 0.0 0.0 0.0 0.0 0.0 0.0 0.0 3.270962751098815e-06 7.871569693745986e-06 0.00010248776012867987 0.0 0.0 0.0 0.0 0.0 0.0 0.0 0.0 0.0 0.00021832030747484643 5.943724593357795e-06 0.0 0.0 0.0 0.0001619833221779476 3.3568995526350977e-06 0.00010645484135874382 0.0 2.1897440051236146e-05 5.588022466079455e-06 0.0 0.0 0.0 0.0 0.0 0.0 0.0 0.0 0.0 0.0 0.0003693024646665105 2.9562384237567876e-05 5.016367288376503e-05 0.0011779963446374808 4.458379063259612e-05 0.0013377624657514623 0.00012290017700226523 0.00014254632051600722 0.00022088759309982556 1.5811644916997726e-05 4.642896469444751e-05 1.2055091529750153e-05 0.0 4.98274285320956e-05 2.0608267932086196e-05 1.4857239589162e-05 0.0 0.0 0.0 2.677410381101946e-05 0.0 0.0003256312197222726 0.00020535285008568385
0.04371113928108112 0.045363937595592395 0.0002965421293513563 0.04432534388978779 0.0018143712462312441 0.027204422386822448 0.03944356461810105 6.573274116162095e-05 0.0018061174446761363 0.0 0.00015297205998457747 0.061051115870701896 0.17795034517024014 0.030080471708895527 0.00036648540719568087 0.00017454297306667866 3.647109900713004e-05 3.8019356882184234e-06 0.0 3.64139020547557e-06 0.0 0.0 2.0254899798546554e-05 0.0 8.535757896426979e-06 0.00011899807927063953 4.803180136372984e-05 8.899130256218066e-06 0.0 6.097495647059574e-05 0.0011180635793349865 7.506585949973275e-05 0.012370744966586734 0.0 0.0 1.624428246932519e-05 0.010845301793487179 0.0007754567232235304 0.0004416091711430876 6.0964515359298466e-06 0.00011220102551019304 2.4507090759539e-05 9.692481978155184e-06 5.7165396413337986e-05 0.0 1.535329797209604e-05 0.0010661206793359632 5.099270244786642e-06 0.0 1.209550907032106e-05 0.0 1.299437972088287e-05 0.0 0.0 5.360441259949319e-05 2.1144178836511307e-05 0.000427034096723775 0.001366686107976172 9.846084771223869e-05 0.00042554086335395524 3.4480831040099985e-05 0.0006374928620568798 4.3509567059238886e-05 0.0003671624690074214 1.3702086213193797e-05 1.6844249831120882e-05 1.8461307644506805e-05 0.0 2.4218714635185254e-05 4.042759775292192e-05 0.01628135946311464 0.0003711343230332439 0.0 0.0009919978425119089 0.0006363715103760392 0.002815654543742319 0.001891113312294864 0.0003363457101033058 8.044865064494753e-05 0.00018757634808763693 1.3881610347974379e-05 0.00019060214567145805 0.00010154393334495526 0.0 7.952780666242169e-06 1.465124955090533e-05 9.088745300790935e-06 0.0 4.588429323617235e-06 2.06182050179951e-06 2.9776839632816455e-06 2.4166573697338388e-06 2.632690972808855e-05 3.192310014781162e-05 1.0462582022310522e-05 0.017006157359417212 0.0021253942415416964 6.0272154375419046e-05 0.003926469810879106 0.01767951770389996 3.6204930733119916e-05 0.0007252482020094062 0.00398586062170071 0.0009441769905882167 0.00016956882058388753 0.002329058295618842 0.006373016384179592 0.0018063534899468857 0.007564504733528884 0.007247839505599579 0.0008594313570750223 0.007553545031801885 0.015796684239042524 0.0029525678750994514 0.0038129269424390733 2.1733867264034317e-05 6.68234338197054e-06 0.0 0.0 0.0 0.0 0.0 0.0 0.0 0.0 0.0 0.0 0.0 0.0 1.3994623305114259e-05 0.0 0.0 0.0 0.0 0.00014887809217546558 0.00012129641171585088 0.0 0.0 0.0 0.0013895917148024851 7.773060122318687e-05 0.0007518069352045924 0.000124029578431921 8.346379891936694e-06 0.0 0.0 0.0 0.0 5.206173745968189e-06 0.0 0.0 0.00014492083045690787 0.00032142748123566107 0.0 0.0 0.0 2.247662164557726e-05 3.949335848402697e-06 2.1317771295395495e-05 1.8656835767416397e-05 8.181379978439779e-06 3.74752704590065e-05 2.8091265257474134e-05 9.745044513223386e-06 2.399120753560221e-05 6.338179968744222e-05 0.0013044403367538859 9.242847690507088e-05 0.0 3.913440824567018e-06 0.0 0.0 0.0 0.0 0.0 0.0 0.0019259348684376625 0.00034915147825980585 0.0 2.5645074962982884e-06 0.0 0.0016593243113612233 0.0002358285537016134 0.0011425956726222259 0.00014992717373942495 0.00016901487209546533 0.00014413041998631465 6.314712181014812e-06 1.8446969556426284e-05 2.116930587329752e-06 1.0846654254047527e-05 0.0 2.999955959445506e-06 2.0105273289820658e-06 0.0 0.0 0.0 0.009241617135059103 0.00026536771273928114 0.0005754218000926967 0.0032376600481979524 2.8203152589434615e-05 0.0007312765763901284 9.587623483547823e-05 0.013763190379992761 0.00029814709323473093 0.00012972750822028172 1.221808117313179e-05 0.0013870837943216465 2.277113575265462e-06 0.0016330889736528578 0.0004865540039242905 0.0018498832681405066 0.00010018742781537814 0.0 0.00018903040380673262 5.754668106000805e-06 0.0 0.02583366000078376 0.011519492804119283
0.004800056052262366 0.019657909193357862 0.06841093752429499 1.9518261807645203e-06 0.06494567346226644 1.3236137279366968e-05 0.011385230194920134 0.061202397887380584 0.017099793709839755 0.00015297205998457747 0.0 0.00010910889452879317 0.009065648110730854 0.0506172158726969 0.00035101831044074546 0.0002002846155430399 9.66751049892316e-06 8.515543925129073e-06 0.0 0.0 3.6127830609343213e-06 0.0 0.0 4.879039519228064e-06 2.9474827241850097e-05 3.3952811332413544e-06 3.603715962562562e-06 0.0 0.0 0.0 0.012126707614429893 0.0038439673970462854 0.00794395528255994 0.0 6.221782697042262e-06 0.0 0.00039151879707342374 0.00014468169089896358 1.0509391291970023e-05 0.0 5.323500391313094e-06 0.0 0.0 3.489808242153497e-05 3.0660201652283535e-06 8.161350721887083e-06 0.0003683330383418988 2.070203903443707e-06 0.0 2.3639425868466353e-06 2.1568536849837152e-05 0.0 0.0 0.0 2.4813062066618695e-05 1.0610289987867995e-05 2.962013533417784e-05 0.0011132632388568475 3.714563596373569e-05 0.0001548336914682797 0.00016229588679274995 0.00011178360659311458 4.09454401824881e-06 0.000689107600550401 2.6315306111705402e-05 6.676534008669947e-06 1.0225570939309893e-05 7.513684086877132e-06 3.2234478458955964e-05 7.6295738343278e-06 0.00011007710728383305 0.0 0.0 0.0003885428589166547 0.0003965855671370468 0.001178899425744031 0.0014201807016705956 0.0009475308663037345 0.0009176391437133926 0.020279168223355494 8.395454565013123e-05 0.0037867018699532197 3.935342902660509e-05 0.0 1.1026039222343454e-05 6.8297035101195895e-06 2.413827861354418e-06 0.0 7.728732082332163e-06 0.0 1.5750558552949166e-06 0.0 3.707614098101289e-05 7.45824838644621e-06 2.1940089614180432e-06 5.112797416222938e-05 7.154969785357855e-06 0.0 3.365286200971916e-05 0.0017686971646793737 0.0 0.0 0.0 0.0 0.0 0.0 0.0 0.0 0.0 5.2349217906649125e-06 0.0 1.6422169703641855e-05 9.297034501763533e-06 1.4042090581651945e-05 4.9453604343769455e-05 0.0 0.0 0.0 0.0 0.0 0.0 0.0 0.0 0.0 0.0 0.0 0.0 0.0 0.0 0.0 0.0 0.0 0.0 0.0 0.0 0.0 0.0 0.0 0.0 7.158598515983811e-06 0.0 5.476020554238634e-06 0.0 0.0 0.0 0.0 0.0 0.0 0.0 0.0 0.0 0.0 0.0 0.0 0.0 0.0 0.0 0.0 0.0 0.0 0.0 0.0 0.0 0.0 0.0 0.0 1.2015271159972408e-05 0.0 0.0 0.0 0.0 0.0 0.0 0.0 0.0 0.0 8.47380154484127e-06 0.0 0.0 0.0 0.0 0.0 0.0 0.0 0.0 0.0 0.0 0.0 0.0 0.0 0.0 0.0 0.0 0.0 0.0 0.0 0.0 3.2338754345605026e-06 0.0 4.7419435103465414e-06 0.000316642096662839 3.523400982665779e-06 0.00033575867876271923 1.7895446315870313e-05 0.000247585424220867 6.415445705365875e-05 2.105778670997596e-06 7.425241500584847e-06 1.1496423201332483e-05 0.0 9.592085416368325e-06 0.0 0.0 0.0 0.0 0.0 0.0 0.0 0.00011012851803105315 1.4291269512083365e-05
0.005316989313803773 0.004527477740811804 0.00010330586063195227 0.006604851925191095 0.0002647532249387563 0.0036517813194401638 0.011713256520435004 7.95947983820915e-05 0.0009592404222670889 0.061051115870701896 0.00010910889452879317 0.0 0.018987489379169546 0.009078810490246173 0.00032457958446120006 0.0003757146297938718 0.00012062720059599435 1.4995347273768334e-05 0.0 4.307084495277029e-06 0.0 2.800440204529593e-05 2.4246287881493954e-05 0.0 0.00011521367383129465 0.00022755591801957152 0.00013284843153378738 5.173215056155535e-05 7.2257804666241705e-06 6.749357324148107e-05 0.0002638070170369681 3.2252898238564944e-05 0.009909970097160093 1.0696298815546394e-05 5.4791718319216525e-05 0.00019667247394030777 0.012789400667719598 0.0008773802945430926 0.0008249371756663878 3.6340589844107207e-06 0.0004458557155382297 0.00014784602816663724 2.0453805112207235e-05 6.624803667115086e-05 5.699174248794304e-06 1.1245035574280484e-05 0.00045207884356382574 1.2216834033388774e-05 2.6442131697061895e-05 1.936407905440637e-05 2.6427357984787036e-05 9.609936867162273e-06 0.0 0.0 3.418867314926909e-05 1.322715513086523e-05 6.950645788995465e-05 0.0003823916277958948 2.3211775929472335e-05 0.00017764895954524624 9.020021833102872e-05 0.0012473692398972853 3.3264934882117823e-06 0.00018102434885474875 2.625557831515145e-05 1.7347994364817895e-06 5.95745999441983e-06 1.5028058805165092e-05 0.00011332975774291353 7.493923549301034e-05 0.014255314507808012 0.00016482285810937483 2.1929198378896538e-05 0.0003593541978416863 0.00023786123245783444 0.0010942649058727932 0.0007939062696452165 0.00036381625895382967 0.00010133274686483495 0.0002535400718860092 6.448441212042421e-05 0.0002447818841813958 3.434194541011623e-05 0.0 1.117985128524037e-05 3.7823261691311125e-05 5.756160954180491e-06 1.4945895732177625e-06 1.674260597198457e-06 0.0 2.0977300254274757e-06 0.0 0.00013031716055593044 0.00012848842531837018 3.7421533598369577e-06 0.010447255956051586 0.0025296736240004 8.362606735568878e-06 0.007199996715174947 0.0018623856095458667 0.0 9.806114076425668e-05 8.067013654817745e-05 0.00012642379611224106 2.25814066010207e-05 0.00017745731516017913 0.0012993058235030973 0.0010251475360394616 0.002079205595143743 0.0019859730305237925 0.0004270281068911031 0.0025156814650295484 0.0052177310285803 0.0011863227018923353 0.0015919512455782165 7.065596533049837e-06 2.580007931858244e-06 0.0 0.0 0.0 0.0 5.114026305140446e-06 0.0 0.0 0.0 0.0 0.0 0.0 0.0 0.0 0.0 0.0 0.0 0.0 0.0 6.534027843595006e-05 0.0 0.0 0.0 0.0006279264387511542 0.0 0.0002538359765546881 3.5056055767211464e-05 6.377856569929326e-06 0.0 0.0 0.0 0.0 0.0 0.0 0.0 5.985683840104136e-06 5.8538460548099055e-05 0.0 0.0 0.0 2.2817259591915738e-05 1.1198733009318798e-05 0.0 1.7240240419297498e-05 0.0 2.5871873779234042e-06 0.0 0.0 1.2340603629914584e-05 0.0 0.0002161770372267974 2.7941472946775566e-05 0.0 0.0 0.0 0.0 0.0 0.0 3.7540665152641197e-06 0.0 0.0008526550273003067 8.081677310517018e-05 5.590812257636531e-06 0.0 0.0 0.00046125019386605615 0.00010699152217061802 0.00016555531291020172 1.4894652205388114e-05 1.979406109586184e-05 3.850963709789237e-05 0.0 5.4928302264781335e-06 0.0 0.0 0.0 0.0 0.0 0.0 0.0 0.0 0.00490559606673717 0.00010231939058954089 0.0001975532828930875 0.0013082691664046658 4.975692754747976e-05 0.0005456322824404101 0.00010872615753879797 0.0017005369039123197 9.949548606462351e-05 4.4265968267025785e-06 2.8598393286179742e-05 0.00030211051515851987 1.7580215157745323e-05 0.00035235149636416607 0.00011234693219177187 0.000639204537319188 2.0738499077352582e-05 0.0 7.263256692808616e-05 2.1851859954185737e-05 0.0 0.015255185827997203 0.005455638379676383
