0.0 0.057626075943815 0.02129112757334798 0.0352224071217645 0.0013481433988915476 0.005597524191349117 0.009618337787987055 0.0011935795297507534 0.0003234022822378268 0.014211669124323808 0.0011271498073991847 0.0005252808895400313 0.00037888577096499494 0.0007612618498536967 0.0002674169452923525 4.586400175667988e-05 6.622511153556942e-06 1.9136404741325397e-06 0.0 2.505202452170464e-06 2.8008683213713895e-06 0.0 1.3438827012741088e-05 1.5662466265384965e-05 1.0409028469434793e-05 4.719669705500152e-06 1.2331959211275778e-05 1.2740337024847788e-05 0.0 6.710863744431785e-06 0.02374076245091475 0.0002117081521255526 0.00020374186544038463 0.0 2.734890831580484e-05 4.1652489819444174e-05 4.621691051263025e-05 2.802677631017476e-05 2.4109820959380583e-06 3.1084615876508267e-06 2.9736746015095474e-05 1.864898172497018e-05 9.176281771419373e-06 1.2123204081827057e-05 0.0 9.705368322602626e-06 0.002737531446817999 7.216757292822215e-05 1.0994959022117655e-05 1.2049939468197326e-05 1.9856243256704786e-05 0.0 3.6777670675352895e-06 0.0 0.00014412089390327388 0.00017176901377867514 0.002399756186882361 0.007861517939366205 0.000524790482755743 0.0014927125681855342 2.4067986023934585e-05 2.2786652859127916e-05 5.478912258697868e-06 0.0019857134809515035 0.00012036247648362461 0.00011078200450500552 3.8157863623451785e-05 1.5994878774074738e-05 1.8253015598856482e-05 3.9777272011279477e-05 7.034889921967208e-05 1.4529866527977613e-05 0.0 0.004250815354626259 0.0006556330696703607 0.0031761945299044357 0.0011176419732707415 0.00010996929971795423 0.0001323986039350899 0.0011667874378904711 4.435183525239948e-05 0.00020865102551494684 0.0004263342996078518 2.434192081363872e-05 8.524570495280738e-05 0.00011767579403386718 7.212303238187329e-05 6.677938492543665e-06 1.718372310278386e-05 6.174346553369886e-06 6.807957176464728e-06 2.0612567473318806e-06 1.2407329632038492e-05 1.1368368944978972e-05 7.8198448308986e-06 0.001601474996598419 0.0003893205203503549 0.0 9.151579026329165e-06 0.022984932854962323 0.0 3.695451793660449e-05 0.0 0.0 2.1044277417395358e-05 2.9304687366202574e-05 0.00015046743609010272 3.632164073498286e-06 0.0 9.002614887007346e-05 5.437302249665566e-06 1.9488929961335e-05 9.758786869961142e-06 4.304568697768875e-05 4.512420579414548e-05 0.0 0.0 2.118757226973307e-06 0.0 0.0 0.0 0.0 0.0 0.0 0.0 0.0 0.0 0.0 0.0 0.0 0.0 0.0 0.0 0.0 0.0 0.0 0.0 0.0 0.0 1.6367757571484983e-05 0.0 3.924656177869688e-06 3.7543288308251583e-06 0.0 0.0 0.0 0.0 0.0 0.0 0.0 0.0 0.0 0.0 0.0 0.0 0.0 1.7873472446305076e-05 0.0 0.0 0.0 0.0 0.0 0.0 6.578930726169106e-06 0.0 2.6267713414477455e-06 0.0 0.0 0.0 0.0 0.0 0.0 0.0 0.0 0.0 0.0 8.272473816986259e-05 0.0 0.0 0.0 0.0 4.045577247589755e-06 0.0 8.303790244819089e-06 0.0 0.0 0.0 0.0 0.0 0.0 0.0 0.0 0.0 2.411225520237049e-06 0.0 0.0 0.0 0.00021549242293229765 2.5094599372562284e-05 4.203633156567964e-05 0.007255725836304635 0.000420744553530498 0.005791399617540369 0.0006905282932097623 0.011180064331492335 0.0006431452016232669 7.521983243035015e-05 0.00014683754214005887 1.415493210386789e-05 7.375985318334033e-06 1.3407765914761082e-05 0.0 0.00017701988194285796 0.0 1.5513263306556875e-05 0.0 6.629164960967763e-05 0.0 0.016383176978883005 0.00020683899589257854
0.057626075943815 0.0 0.040890646471150816 0.022848658747075944 0.03496433985978172 0.0020119909791569417 0.05650730423542085 0.0046458958224579626 0.032431993626281165 0.019799105922234172 0.018539138022941562 0.001578462976524921 0.019283063659029716 0.021906657242859718 0.0006481165380099427 0.00019554983646670427 2.3731352258464175e-05 1.0253832786130425e-05 0.0 1.3188859972365854e-05 2.1886804140898154e-06 0.0 2.9350790983858522e-05 5.093078762503008e-05 5.857696033700871e-05 2.1797482575691672e-05 4.741099485931312e-05 1.4573328883757204e-05 1.236387357341134e-05 2.8483338556711953e-05 0.05598975189853137 0.0006421139698052897 0.0006166747372174056 3.1229145364296164e-06 7.046813422682649e-05 6.12135206019237e-05 0.0001621647356120444 9.765546469532948e-05 2.1347342637498744e-05 3.129243764989386e-05 6.515854826472128e-05 2.4836884079682235e-05 2.6041115106805317e-05 4.973134341769112e-05 4.135217606138484e-06 1.5784426365257553e-05 0.0054229932774058675 0.0001372397248518311 3.2941700443865326e-05 2.3468320988209082e-05 2.6063075245222096e-05 5.892672563317568e-06 4.582801904049635e-05 1.3518762081878407e-05 0.00015361587475644386 0.0002481418927020108 0.002517306289359963 0.010384567165138954 0.0008411182242641229 0.0019215728184773077 3.528186161489221e-05 0.0001277103354721945 1.5178586774779078e-05 0.004024871446150098 0.0001684154179199674 0.00014084024475039065 2.7767908048040237e-05 7.980384435191966e-06 8.491036082447799e-05 0.00011187344369263594 0.00017651646691431053 6.4725594239465885e-06 0.0 0.006663333995805517 0.0011216881274949235 0.0056060613177563254 0.003327074509177664 0.0003706755516825631 0.0003880017346746281 0.002816000262973404 0.00011200660662348446 0.0005177674088499704 0.0006576390976357937 1.6434379673221084e-05 0.0001446985582626638 0.0001464470882853689 6.215768356258652e-05 1.7728479527454842e-06 2.720578525765713e-05 2.9676810702106094e-06 2.1801968116088757e-05 4.0501674781461434e-06 7.925620215875023e-05 4.142699626845316e-05 1.0167188691426827e-05 0.0006116304937772869 6.341133523241306e-05 1.3007630680160388e-05 0.00010923336686165549 0.027492103691238317 0.0 0.0 8.90503724330901e-06 0.0 0.0 0.0001655566810307159 0.0 8.974557215883371e-06 6.423221037796861e-06 2.874315945993898e-05 9.234845289106995e-06 7.783542140656742e-06 0.0 1.2186971802433928e-05 3.4550507378775055e-05 2.639802511277297e-06 0.0 0.0 0.0 0.0 0.0 0.0 0.0 0.0 0.0 0.0 0.0 0.0 0.0 0.0 0.0 0.0 0.0 0.0 6.675726224177253e-06 0.0 0.0 0.0 0.0 4.223573739161578e-05 0.0 2.0661043936728375e-05 1.565554726914203e-05 0.0 0.0 0.0 0.0 0.0 0.0 0.0 0.0 0.0 2.2288519173617114e-06 0.0 0.0 0.0 2.673630381253219e-05 0.0 1.918526867639601e-06 0.0 0.0 0.0 1.1617123783509598e-05 0.0 5.392614507378446e-06 1.19628350910076e-05 1.1629930420497478e-05 0.0 0.0 0.0 0.0 0.0 0.0 0.0 0.0 0.0 7.89824016755005e-05 5.509172437601973e-06 0.0 0.0 0.0 0.0 0.0 0.0 0.0 0.0 0.0 0.0 0.0 0.0 0.0 0.0 0.0 0.0 0.0 0.0 0.0 0.0001278337400798009 5.7492029059638516e-05 8.810546552290234e-05 0.007647573180773634 0.0003894885275902976 0.00880950673696152 0.0011831624493879947 0.0051194706950224034 0.0008290378695496428 6.902229759705177e-05 0.0003190742548761465 2.7581216369665503e-05 6.423523497899973e-06 2.7869693252212664e-06 6.887817073344799e-06 0.0 6.075478898637107e-06 0.0 0.0 0.0008493684686410326 4.741917938641037e-06 0.0013692126722651935 9.289349544260492e-05
0.02129112757334798 0.040890646471150816 0.0 0.0004926918147754358 0.010981432191415641 8.341926036136095e-05 0.0062668638443314495 0.029413671480947444 0.01330430745249532 0.001351957934600061 0.03816494331751496 0.001768322256588011 0.00600842038357442 0.025625810798065748 0.0012909613129199783 0.0006155816806455284 8.234619724847916e-05 1.1230227918340984e-05 9.837689402884391e-06 3.4071027826650265e-05 8.725966004923169e-05 4.877036312429449e-05 0.0004660567676982361 0.00040122715847227603 0.0005295591416506114 6.618776194373449e-05 0.0004165524108470222 8.111202975544456e-05 8.20408388809577e-05 0.00024475006230476433 0.10436199771682479 0.008659277431921814 0.004404776522323134 6.303998624947359e-05 0.0007029940938700621 0.0007197775912166788 0.0010030885610735646 0.0009834752568415406 0.0001717334937064099 0.00015037000202148 0.0005817232921106661 0.00028736400135867605 9.668012650079872e-05 0.00010991991941638358 1.3492670224317243e-05 6.543904232583524e-05 0.0061646786945277554 0.00012552376804792715 6.217805721216053e-05 0.00011519216562595455 8.614863553679825e-05 3.055881584854042e-05 0.00013581532864861092 6.117716163088191e-05 0.00015324525545604332 0.00013632851213488014 0.0018285052714139553 0.011069780555818878 0.0005572836846535561 0.0016423640978785352 0.0003245130958940464 0.0013294676274074187 0.00030682071744956245 0.010261384921300376 0.00010183212445203055 0.0001058512939021141 2.068954780045989e-05 3.1175099069553836e-05 0.00037755857495022014 0.0006803725388680567 0.0011735079842939231 0.00014701771705280273 8.386810328293734e-06 0.005577089653329026 0.0009157716414107726 0.005787637426222755 0.005375541249120542 0.0013388731781678951 0.006841280134264109 0.03163529858764712 0.0006752672104910563 0.008412726856108993 0.0004841143017778422 2.0275035674874714e-05 0.00011135158764995536 0.0001130258621430586 9.061830986473719e-05 1.1335925818824503e-05 2.0790790367199432e-05 7.015517618024061e-06 1.4205223524682137e-05 7.020211358023674e-06 0.0005131582477742385 0.00017221187676686614 4.2453414405355234e-05 0.0015530042277825176 8.260535301497976e-05 2.461972244851276e-05 0.0004032928106320108 0.012225978321878066 1.8918898144273842e-05 1.3438836852041774e-05 2.3731632088175705e-05 0.0 5.309716431232315e-06 2.607776256614324e-05 5.994235832223692e-05 0.0 5.099021759153619e-05 0.00011805820612971284 4.91049367369871e-05 8.72851906730817e-05 4.281668099313855e-05 9.465781685416126e-05 0.00013578691609358976 2.4069996980208943e-05 0.0 0.0 0.0 0.0 2.4518220812986133e-06 0.0 0.0 0.0 0.0 2.6203073144685687e-06 0.0 1.3721355054093019e-05 0.0 0.0 2.8924495803735906e-06 2.6338523122585842e-05 2.952476595645366e-06 2.499919534845726e-06 2.6089816496628582e-05 2.66769456729211e-06 0.0 0.0 0.0 0.00015321917973493528 1.3393523330230974e-05 0.00013774279078199018 8.122563274688582e-05 3.216896624156592e-05 1.5173648036192364e-05 0.0 0.0 0.0 0.0 7.171754496127104e-06 3.3638447694820994e-06 0.0 4.016041044430183e-05 0.0 2.9848414009663698e-06 0.0 0.00031767534974278753 1.436337276926666e-05 0.0 0.0 0.0 0.0 5.718448656415062e-06 0.0 1.098623608848681e-05 2.9093135120354627e-05 5.534271863938665e-05 6.440757820196898e-06 0.0 0.0 0.0 0.0 6.892951220443152e-06 0.0 0.0 9.482272412402948e-06 0.0005092442403763232 6.288135507594145e-06 0.0 0.0 6.52682493830822e-06 2.079640870628458e-05 7.4582485627998555e-06 6.494457574769039e-06 0.0 0.0 1.0053847031811792e-05 1.1410539400578391e-05 1.8957919826867483e-06 0.0 0.0 0.0 0.0 0.0 0.0 0.0 0.0 0.0005001863419221909 0.0003973191944712355 0.00035021085964962345 0.009590214026477153 0.0006129784921399667 0.009256155737909067 0.002022072151107477 0.0030758165846284467 0.0009069150886990995 0.00010670653683943147 0.0003406670821621996 0.00018168524756393778 4.394141558714894e-06 0.00010792385512039801 3.187237193595218e-05 1.889219408542395e-05 4.189465212972866e-06 1.0739199782214137e-05 2.962199202225985e-06 0.0003515686307993175 0.0 0.0005877707463195149 0.0002502634727259581
0.0352224071217645 0.022848658747075944 0.0004926918147754358 0.0 0.0003712014489228215 0.008402753423418655 0.021854008394082455 3.472781767751696e-05 3.605651369368149e-05 0.03931640384746995 6.13052136353817e-05 0.0030684210988000823 0.0020136465231636856 3.767569538402135e-05 3.709437611799834e-05 2.839505877666221e-06 1.9545446117335723e-06 0.0 0.0 2.0526768771330216e-06 0.0 0.0 2.2636661181956775e-06 1.7316753990217165e-06 0.0 0.0 0.0 0.0 0.0 0.0 0.0012559578915105748 3.531493760486686e-05 4.6889675452092e-06 0.0 0.0 0.0 1.728780873545684e-06 0.0 0.0 0.0 0.0 0.0 0.0 2.823516030120158e-06 0.0 0.0 0.0006512394917067891 1.130663244960588e-05 0.0 2.0690768267317075e-06 2.2228086188799e-06 0.0 4.641637950687681e-06 0.0 2.6052731975554154e-05 4.444239853735262e-05 0.0003125250291955368 0.0013595452706553649 0.0001080901189346519 0.000392458512237585 2.167907879265931e-06 3.0770824834726235e-06 0.0 0.0005220576627427422 2.464300892466211e-05 1.1822304491804828e-05 4.096242955402127e-06 9.991500303010107e-06 8.726765251317954e-06 6.780543704035318e-06 4.733262758434722e-05 2.2308967601876377e-05 0.0 0.001070132221645614 0.00014844644412261322 0.0006605975799437923 0.00020143907039121782 2.7294679206855767e-05 1.6871747215192523e-05 2.7808798410620324e-05 1.1089325590358265e-05 1.9280853546847654e-05 0.00010154629817869542 0.0 1.8818324551587992e-05 2.3493910254291166e-05 7.344784699070287e-06 0.0 6.7634783225311875e-06 0.0 0.0 0.0 2.12201738086286e-06 0.0 0.0 0.0007174173169407601 0.00013504184843053343 0.0 5.415416693147997e-06 0.004787037200973731 0.0 0.0 0.0 0.0 0.0 0.0002551648217732772 1.1170035012459633e-05 0.0 0.0 1.46611735699306e-05 0.0 0.0 1.9895079370087473e-05 9.96700772538257e-06 3.2672316921086845e-06 0.0 0.0 0.0 0.0 0.0 0.0 0.0 0.0 0.0 0.0 0.0 0.0 0.0 0.0 0.0 0.0 0.0 0.0 0.0 0.0 0.0 0.0 0.0 0.0 0.0 0.0 0.0 5.317821653566045e-06 0.0 0.0 0.0 0.0 0.0 0.0 0.0 0.0 0.0 0.0 0.0 0.0 0.0 0.0 0.0 0.0 0.0 0.0 0.0 0.0 0.0 0.0 0.0 0.0 0.0 0.0 0.0 0.0 0.0 0.0 0.0 0.0 0.0 2.0159416512329714e-05 0.0 0.0 0.0 0.0 0.0 0.0 0.0 0.0 0.0 0.0 0.0 0.0 0.0 0.0 0.0 0.0 0.0 0.0 0.0 0.0 0.00010209415427826174 9.148244684112433e-06 0.0 0.0010336962286564427 6.851800391895301e-05 0.0010729254173787034 5.736516820087988e-05 0.003541519707591041 0.00010254140520098704 1.312929442029629e-05 2.6777186106885702e-05 0.0 6.556432181218751e-06 0.0 0.0 0.0 0.0 0.0 0.0 0.00011937647976823187 0.0 0.006259979739035895 0.00017982304518272154
0.0013481433988915476 0.03496433985978172 0.010981432191415641 0.0003712014489228215 0.0 1.0084533055649619e-05 0.03709478614389479 0.0034980292249897193 0.0666645263416219 0.004536339219219439 0.0360936137763971 0.0011127228729442675 0.01421898541962292 0.028347975115854927 0.00023133953469508652 6.772423427571537e-05 9.462903945787067e-06 0.0 0.0 3.850481625712443e-06 0.0 0.0 3.056593497615932e-05 2.705507491796382e-05 4.401646190134704e-06 2.7206044228051192e-06 5.067231785457338e-06 0.0 0.0 1.0663501515952537e-05 0.0020750195356811657 0.00017664586473835824 0.00011157863915581713 6.625640838319385e-06 2.5851452353195212e-05 2.2071293586993173e-05 3.9738574238464455e-05 1.1560939802300058e-05 4.8159000340768494e-06 7.5034388965660565e-06 1.5132306246496783e-05 8.205061127439978e-06 5.006932221556541e-06 5.247709158304323e-06 0.0 6.032471118549244e-06 0.0016016829750134715 3.152960454721964e-05 2.0402945107907556e-06 1.1298480392200882e-05 2.3476691478089325e-06 0.0 2.4263337664415763e-06 3.828678128962602e-06 1.4333519150266933e-05 2.5325441173834612e-05 0.00018163466539178823 0.0010602621224718048 0.00012182610099475288 0.0003011807387904123 1.0699615685193241e-05 9.687795921934104e-06 2.0145875666724588e-06 0.000841953146585697 1.3443796253159932e-05 1.889559877864059e-05 6.812777646657187e-06 6.4217860741847025e-06 2.007173319068758e-05 4.639041733129869e-05 0.00011138119233464772 0.0 0.0 0.0008259326952723513 0.00020911538481692025 0.001273703566593482 0.0012060137962394961 0.00011244156688214988 2.197166929003758e-05 0.00011991804491411809 4.5932782010628596e-05 7.553713393783122e-05 9.003232490072154e-05 0.0 8.0256540737217e-06 1.4036175286726885e-05 1.7287866787330892e-05 2.3796543529094405e-06 7.828525455536492e-06 0.0 0.0 0.0 1.510280182427843e-05 1.2085325135615178e-05 8.262299094539083e-06 0.0002218100165190039 1.9550839234828154e-05 0.0 2.2573006613307807e-05 0.0011361395765675016 2.4256103810550855e-06 0.0 0.0 0.0 0.0 0.0 0.0 0.0 0.0 0.0 0.0 0.0 4.104158869590642e-06 0.0 0.0 0.0 0.0 0.0 0.0 0.0 0.0 0.0 0.0 0.0 0.0 0.0 0.0 0.0 0.0 0.0 0.0 0.0 0.0 0.0 0.0 0.0 0.0 0.0 0.0 7.823480649288372e-06 0.0 0.0 0.0 0.0 0.0 0.0 0.0 0.0 0.0 0.0 0.0 0.0 3.846308187933147e-06 0.0 0.0 0.0 0.0 0.0 0.0 0.0 0.0 0.0 0.0 0.0 0.0 0.0 0.0 0.0 0.0 0.0 0.0 0.0 0.0 0.0 0.0 0.0 2.2277662292453322e-05 0.0 0.0 0.0 0.0 0.0 0.0 0.0 0.0 0.0 0.0 0.0 0.0 0.0 0.0 0.0 0.0 0.0 0.0 0.0 0.0 5.278265913409728e-05 0.0 1.1134818187441564e-05 0.002927448343858051 9.678214056710508e-05 0.0027963177201728038 0.0005031670734472602 0.0007392158830202435 0.00024738033742118665 4.28255170787273e-05 0.00021266089830177648 4.630391039644667e-06 0.0 1.8099670294439264e-05 0.0 0.0 0.0 0.0 0.0 0.00015123022630155605 0.0 0.00012585093345434672 8.503671505764427e-06
0.005597524191349117 0.0020119909791569417 8.341926036136095e-05 0.008402753423418655 1.0084533055649619e-05 0.0 0.0008876021456505641 4.5524203672108604e-05 1.4860829510890214e-05 0.010096838144517863 0.0 0.0006807229308292845 0.0001640812334190964 7.879383541355892e-05 0.0 0.0 0.0 0.0 0.0 0.0 0.0 4.402295190408002e-06 0.0 0.0 0.0 0.0 0.0 1.0040621437400668e-05 0.0 0.0 0.0003582429840474769 1.1159726180344094e-05 3.072427451281911e-05 0.0 0.0 0.0 3.667652463215308e-05 3.3646401785496153e-06 2.065774836135635e-05 0.0 0.0 0.0 3.769485289603051e-06 0.0 0.0 7.092907850431754e-06 2.4132911830232283e-05 0.0 0.0 0.0 9.040357342440097e-06 1.4371171595777003e-05 2.367836565640581e-06 0.0 4.695577587410567e-06 2.3425226031917136e-06 0.001974734975011208 4.8185096527621976e-05 2.3494916224393378e-05 8.550066406077905e-05 4.196762431934198e-06 0.0 0.0 1.8298638861852902e-05 0.0 1.7765803930680016e-05 3.198790894033645e-06 0.0 0.0 0.0 0.00029594329497451477 0.0013299336108827562 4.281739276815024e-05 5.395332358371346e-05 1.3759542560774435e-05 6.944793315045633e-05 2.0909986705902116e-05 0.0 0.0 2.5644790830146622e-05 0.0 0.0 7.0213875480277695e-06 0.0 4.5710549400671195e-06 1.1316677194890985e-05 0.0 1.086762489299597e-05 0.0 4.268805397990665e-06 0.0 6.155472806792532e-06 6.906257890691934e-06 0.0 0.0 0.0038757879941890418 0.003743096727929677 0.00011290500050271468 0.00016381455255543056 0.009362117732897673 2.7318127637894407e-06 0.0002498475609598503 6.389683191047983e-06 0.0 1.6205930199517735e-05 6.479678787708708e-05 0.001343241698384408 3.155356501546604e-05 5.173698843754141e-05 0.0003883942792823212 2.311590242621892e-05 0.00014762608593391576 0.00014893630531767862 0.00017380351392529147 0.00014690744289356982 0.0 0.0 0.0 0.0 0.0 0.0 0.0 0.0 0.0 0.0 0.0 0.0 0.0 0.0 0.0 0.0 0.0 8.079322932889688e-06 0.0 1.879541472386893e-05 5.757265287982392e-06 0.0 0.0 0.0 6.90283269237266e-05 1.1405537887253294e-05 3.969082981902596e-05 1.6266221301619943e-05 7.1086814301487195e-06 0.0 0.0 2.3879134619059107e-06 0.0 0.0 0.0 0.0 2.0710952608745904e-06 0.0 0.0 0.0 0.0 3.86375098533302e-05 3.5187381894693713e-06 0.0 0.0 0.0 0.0 0.0 2.8030672082888695e-05 0.0 0.0 1.9660293583527865e-05 0.0 0.0 0.0 2.5221378565125236e-06 0.0 0.0 0.0 2.6136142285694037e-06 0.0 0.00038599508683325194 2.7699646522023716e-05 0.0 0.0 0.0 7.153477798315424e-06 0.0 8.359166025870216e-06 0.0 0.0 4.868709135150826e-06 0.0 0.0 0.0 0.0 0.0 0.0 0.0 0.0 0.0 0.0 0.0017259545539052262 0.00012874435968370646 8.581439744425907e-05 0.002423812387391933 8.707969628788055e-05 6.026570804785014e-05 7.099758758713934e-05 0.0018010314472723516 0.0 0.0 3.263516254097753e-05 1.4695798659405367e-05 0.0 1.6942458727080056e-05 3.730038746005755e-06 0.0006625421504564196 0.0 0.0 1.443609779564673e-05 0.0 0.0 0.0013587994306072046 0.0020624536986539976
0.009618337787987055 0.05650730423542085 0.0062668638443314495 0.021854008394082455 0.03709478614389479 0.0008876021456505641 0.0 0.0018681104267029673 0.01422681040784986 0.056211541649239534 0.008944539480496769 0.014103917491304588 0.039544565693028846 0.02455005260656373 0.00023795381606076302 9.339949289401059e-05 1.3566725524150166e-05 0.0 0.0 4.708847261888766e-06 5.154337343363145e-06 0.0 2.2499816384791264e-05 1.1391950600148927e-05 4.2656332074492495e-06 8.56750633040198e-06 4.571423717056858e-06 4.970422118856203e-06 0.0 2.5689018880305658e-06 0.003694394910096831 0.00021026367017069645 5.135809113668708e-05 4.958652937732736e-06 2.2732381441185873e-05 9.012783489409496e-06 6.445049447656043e-05 1.761496784472394e-05 1.6735912127063487e-05 9.860232027901824e-06 1.66339769719486e-05 8.444441080276254e-06 1.346493461318335e-05 2.1654651744774346e-05 0.0 4.911081296414326e-06 0.0023038155804501054 2.2588546017668428e-05 1.3348748214953756e-05 1.2183539460782355e-05 7.09991815538506e-06 0.0 7.808364531643295e-06 1.0629817653981468e-05 3.868248372248128e-05 6.128224319757039e-05 0.00047595691245580165 0.0019006025685145242 0.00017895212154868568 0.0006242131292457315 1.6288164319653523e-05 2.299768991919191e-05 4.914329052785013e-06 0.0013618030772732156 3.987608259806829e-05 2.1434499556554135e-05 1.1019867802164242e-05 4.8298368131416116e-06 3.822224177427328e-05 5.927528522143647e-05 7.546212383225966e-05 3.480502667000603e-06 0.0 0.0015262220596441224 0.0003483502697330037 0.0018702255943562642 0.001792245973275268 0.0002174505720734448 8.191411026240029e-05 0.00016503036876875429 6.796562675911412e-05 0.00017179252045837387 0.00018510595502959078 0.0 2.7497785003422174e-05 4.7421583127568156e-05 1.781914238613094e-05 0.0 3.953995791801541e-06 0.0 1.9230909256561637e-06 0.0 4.0753441233146273e-05 9.272804720798493e-06 8.821397480677108e-06 0.0010021820969999113 3.415813397491412e-05 0.0 4.95547021913959e-05 0.002920657025135832 2.826629578429477e-06 0.0 2.15282336545466e-05 0.0006102619176979369 0.0 0.00031491203960642554 4.0264131235705353e-05 0.0003763772859253294 0.00033447839581200896 0.00013756429563465953 4.963501745111174e-06 0.00020027550243882893 0.00012646921444697156 9.820128219018654e-06 3.696061948374639e-05 3.2252229946125563e-06 0.0 0.0 0.0 0.0 0.0 0.0 0.0 0.0 0.0 0.0 0.0 0.0 0.0 0.0 0.0 0.0 0.0 0.0 0.0 0.0 0.0 0.0 0.0 0.0 0.0 0.0 3.7725921471879033e-06 0.0 0.0 5.452535848560844e-06 0.0 0.0 0.0 0.0 0.0 0.0 5.298262107730823e-06 0.0 0.0 0.0 1.842855364275871e-06 0.0 0.0 0.0 0.0 0.0 2.867005148797618e-06 0.0 0.0 0.0 0.0 0.0 0.0 0.0 0.0 0.0 0.0 0.0 0.0 0.0 5.107530648637325e-05 0.0 0.0 0.0 0.0 5.443394744650812e-06 0.0 0.0 0.0 0.0 6.706474432395422e-06 0.0 7.257769269158773e-06 0.0 2.247616054129413e-06 0.0 0.0 0.0 0.0 0.0 0.0 5.8979028207050274e-05 1.9248165618892098e-05 2.0624057611874795e-05 0.0038402588526467926 0.0001257961126098543 0.003688519757785889 0.0008109842515117097 0.0013766663170192018 0.0004489361282878754 3.5410630904412055e-05 0.00019104081792389516 3.137271414276499e-05 0.0 7.853822494388175e-06 4.1757842557259615e-06 6.307914273048665e-06 2.046865392575391e-06 5.540247507388954e-06 0.0 0.00021415248492474045 0.0 0.0004561108225702617 3.3979219279802196e-05
0.0011935795297507534 0.0046458958224579626 0.029413671480947444 3.472781767751696e-05 0.0034980292249897193 4.5524203672108604e-05 0.0018681104267029673 0.0 0.00977508964642946 0.0006779473845385883 0.06608694336171045 0.0027966663864190853 0.006117418800136407 0.08517502202743371 0.0010297027006207352 0.0006054880332488665 0.00010407177086938972 1.2940614809610806e-05 1.4890462532768542e-05 7.529638730612956e-05 7.271990620477996e-05 1.5253238139447604e-05 0.0007632245823378899 0.00048073021205683906 0.0005768025781388794 0.0001147548423608362 0.0004860816748698112 0.00010719538084759187 0.00011396597387005664 0.00019926615155289813 0.029859771177548764 0.018276294119734443 0.0062014682061127336 8.880104258582731e-05 0.0010593772918717854 0.0007516306228264152 0.0009952775598061233 0.0010707946465623773 0.00018501502965837237 0.0002091331351121452 0.0006784617318173429 0.0002637950955609782 7.866211256275892e-05 0.00013460664445239 1.0432742758378007e-05 9.1821362143638e-05 0.004910997336480849 5.797195629994456e-05 4.248589255942014e-05 9.985623593728223e-05 8.154485901836724e-05 6.191482561374347e-05 0.0001437331441835917 5.207667582997994e-05 6.647506283306353e-05 6.560604103745743e-05 0.0005594447681906515 0.002927207624284426 0.0002420529563950384 0.0008980520965586994 0.0012162839585258324 0.0013519456071370165 0.0006813732354002824 0.004591616427991637 5.534373110342732e-05 7.048916248507521e-05 2.911601474142058e-05 4.293486860673482e-05 0.000348629835554491 0.0009391536746837487 0.0011803173604943327 0.00011961601892095327 5.76859051985887e-06 0.0018852024915050247 0.000526919865345135 0.0036600430060506283 0.00547847843901094 0.0017201422273002427 0.019098953009874683 0.07483687570028394 0.002085914012222522 0.021127113520115755 0.00024053222930558847 4.4308447084947045e-06 3.1632430257439694e-05 4.620636819390941e-05 5.350491988851972e-05 5.5721583273762714e-06 1.663909399866376e-05 0.0 1.4026282657030397e-05 3.7717097587023147e-06 0.0006810348817250519 0.00016185127084147316 4.70067318412883e-05 0.0014691652263960076 9.859086871052095e-05 3.28444424987249e-05 0.0002762805803326597 0.001901249628084156 1.68841398144075e-05 2.5802565197374977e-05 1.5057118836726843e-05 0.0 2.7849062993676712e-05 2.072918483291848e-06 2.6566809263897786e-05 5.084890968757917e-06 2.686288366086323e-05 5.392156724074694e-05 2.4943134752078336e-05 8.385603813564923e-05 4.823900822073089e-05 0.0001002194919970138 0.00010588300901841076 8.45830898423621e-06 0.0 3.6637561001433493e-06 0.0 3.760331197816113e-06 0.0 2.5471013430709285e-06 0.0 0.0 0.0 0.0 0.0 1.1841602509027793e-05 0.0 2.8572280324911927e-06 2.469940169583222e-06 2.4727545637944616e-05 2.484480688138123e-06 0.0 2.8022307890160884e-05 0.0 0.0 0.0 0.0 0.00017604181609739077 2.105465394389962e-05 8.850607255197096e-05 5.308657427299398e-05 2.030735079172725e-05 0.0 0.0 0.0 0.0 0.0 0.0 0.0 0.0 2.0817502002310856e-05 0.0 0.0 5.7531963435763875e-06 0.0001399197836811522 5.2806731770371506e-06 2.016004425971353e-06 0.0 0.0 0.0 1.0114549613468718e-05 0.0 1.4793888615811863e-05 2.3804411230709554e-05 5.394115787877231e-05 0.0 0.0 0.0 0.0 0.0 2.567593261039226e-06 0.0 2.1829704711152717e-06 2.574985724431206e-06 0.0003247932921195287 3.3652322289505395e-05 2.424836028091037e-06 0.0 2.6438598453084912e-06 3.261168636311096e-05 6.74455882320564e-06 1.3495322112638341e-05 1.6518127471374522e-06 2.5081973385135013e-06 5.375181431207649e-06 2.1105758090950592e-05 2.2810094599442105e-06 0.0 0.0 0.0 0.0 0.0 0.0 0.0 3.0111737310363154e-06 0.00040268679668912415 0.0003572410376288849 0.00028656454459964127 0.006246853192338708 0.00035289036216488377 0.006738890363313149 0.0015988217305784398 0.0010136014768153704 0.0005473154943426237 2.3366341753027122e-05 0.00036147411731322606 8.411225175445848e-05 2.0292709518733316e-06 2.7632451969773672e-05 3.6558042331501244e-05 6.6680980111408195e-06 4.145790131512426e-06 9.671664782030183e-06 0.0 0.00019340361106078973 1.9613020860164314e-05 0.000293717811246564 0.00018343983160996248
0.0003234022822378268 0.032431993626281165 0.01330430745249532 3.605651369368149e-05 0.0666645263416219 1.4860829510890214e-05 0.01422681040784986 0.00977508964642946 0.0 0.004194065207657686 0.028451998675626845 0.0033206189601335304 0.017054726525614922 0.02242929573290345 0.00011603208670584948 6.696505882654835e-05 0.0 0.0 0.0 2.491303062448312e-06 1.2665751583493861e-05 0.0 7.4554896228872855e-06 3.247028262436522e-06 2.7251446697140218e-06 0.0 2.306176915205852e-05 0.0 3.398934470735293e-06 3.794204761504422e-06 0.0007978378272624899 0.00010523072635440264 4.933542196200255e-05 2.397609108802649e-06 3.631027476840154e-05 7.750535222572919e-06 5.245962072395778e-05 2.6740355046196963e-05 2.8013061702519516e-06 6.452801714595538e-06 9.496747991573316e-06 0.0 2.4489732101777674e-06 4.2210938418164865e-06 2.7036239544659157e-06 2.3545779111791516e-06 0.0008062905705478995 9.683441834594199e-06 4.896275116740881e-06 8.613006602139813e-06 0.0 0.0 0.0 0.0 1.4020635488794235e-05 6.068488862643217e-06 5.7540206801879245e-05 0.0002923328413179816 3.750121388422687e-05 0.00015974277757940426 5.943860541210393e-06 5.232671164706697e-06 5.785408246164716e-06 0.0003237585221874178 6.958712580155172e-06 8.050255670800848e-06 0.0 8.181125651017328e-06 9.111529923957815e-06 4.022509302308656e-05 0.00011271469386526763 0.0 0.0 0.00024184289145788224 6.980141848942695e-05 0.0005611456159782984 0.0005695603571294519 5.439906417378332e-05 4.889950571688241e-05 7.880272837030562e-05 6.935375136428265e-06 3.937509295714012e-05 4.903367461783314e-05 0.0 1.4878346614688874e-05 1.0218994183830754e-05 7.684849428690172e-06 0.0 0.0 0.0 0.0 2.3183598389231976e-06 2.840002782029504e-05 0.0 5.72497014491025e-06 0.00033859651074569355 0.0 0.0 9.74564235138768e-06 0.00030203929609616607 0.0 0.0 0.0 0.0 0.0 4.7814486279378045e-05 0.0 0.0 0.0 0.0 1.1324389632341298e-05 4.203549975119956e-06 0.0 0.0 0.0 0.0 0.0 0.0 0.0 0.0 0.0 0.0 0.0 0.0 0.0 0.0 0.0 0.0 0.0 0.0 0.0 0.0 0.0 0.0 3.286764868618065e-06 0.0 0.0 0.0 0.0 1.1746374214833036e-05 0.0 1.0422511459951881e-05 0.0 2.3482772165913747e-06 0.0 0.0 0.0 0.0 0.0 0.0 0.0 0.0 0.0 0.0 0.0 0.0 0.0 0.0 0.0 0.0 0.0 0.0 0.0 0.0 0.0 0.0 0.0 0.0 0.0 0.0 0.0 0.0 0.0 0.0 0.0 0.0 1.7380316266225695e-05 0.0 0.0 0.0 0.0 0.0 0.0 0.0 0.0 0.0 0.0 0.0 0.0 0.0 0.0 0.0 0.0 0.0 0.0 0.0 0.0 4.305135520202839e-05 2.138876747089212e-05 2.322011793766097e-06 0.0013385352143257582 9.375759109392919e-05 0.0012409471405751204 0.0002987875709451537 0.0003252122538720633 0.00023668088939767713 0.0 6.035396106500205e-05 0.0 0.0 7.66487682901212e-06 3.785792159417238e-06 0.0 0.0 0.0 0.0 5.100848464683321e-05 0.0 6.584968101391906e-05 7.1111481428308935e-06
0.014211669124323808 0.019799105922234172 0.001351957934600061 0.03931640384746995 0.004536339219219439 0.010096838144517863 0.056211541649239534 0.0006779473845385883 0.004194065207657686 0.0 0.0013733006972398761 0.06854426241254918 0.13414646043719727 0.016131470397374996 0.0001274576070320815 8.293654525359836e-05 1.974864932297893e-06 0.0 0.0 0.0 0.0 0.0 5.496188496415717e-06 4.703541123814406e-06 2.54821214108266e-05 4.452508290388783e-06 6.589021125809399e-06 5.923484530204185e-06 0.0 1.2782540737283528e-05 0.0006200924342506205 0.00010945328211951516 0.001192451668226985 0.0 1.5260908267904964e-05 9.654680181184689e-06 0.0008815564310300765 9.506083795565338e-05 2.04724776747868e-05 3.0425696997758972e-05 3.721797662608143e-05 9.946165331523809e-06 0.0 0.0 0.0 0.0 0.0006969155695110762 2.315425169100363e-06 9.929776598727907e-06 0.0 2.7288527085708348e-06 0.0 2.063334099207276e-05 6.624147822833177e-06 1.3564882426345522e-05 1.117117381312112e-05 0.00013274263252538443 0.0004958167319047342 5.3620923570935575e-05 0.00011487177556198791 0.0 5.243197169866995e-05 0.0 0.00022105172168724834 1.424567092194529e-05 8.103515608632293e-06 1.5417071351252856e-06 0.0 1.6629933216152354e-05 1.2952870839332253e-05 0.002813805101805523 0.0002156211749046483 0.0 0.00046408311260635063 0.00010697544827256299 0.0005538620809260032 0.0003706737904477399 6.904891546362765e-05 4.665705962490584e-05 0.00023426609732772713 1.5105088182579013e-05 8.76790696867337e-05 4.456158395443154e-05 2.009227902802364e-06 6.3274982203495865e-06 1.5773874502415052e-05 2.9607116967481613e-06 0.0 0.0 0.0 0.0 0.0 4.36238074870585e-05 7.102551742606877e-06 1.9295945066241014e-06 0.014660751574131306 0.0012544868706003342 5.658796242999035e-05 0.00026545439916451447 0.0037460794216080903 4.086459699372074e-05 0.0002836965254125149 0.0002156225951093094 2.4608584163349328e-05 5.3241863429654875e-05 0.000695697220858542 0.0022408093180101636 0.00024229906829901154 0.00034992713613323824 0.0009195563658092793 0.00020351409015556432 0.0006580275616887059 0.000330070830495367 0.0004231984091984625 0.000690507427004796 1.118884992001888e-05 0.0 0.0 0.0 0.0 0.0 3.0048655585800164e-06 0.0 0.0 0.0 0.0 0.0 0.0 0.0 0.0 0.0 0.0 0.0 0.0 7.234143533921741e-05 0.0 0.0 0.0 0.0 0.00045320674549469446 7.663908051466503e-06 0.00012045290044408003 3.7551843383412716e-05 2.008653169570649e-05 0.0 0.0 0.0 0.0 0.0 0.0 0.0 0.0 1.5513919194340657e-05 0.0 0.0 0.0 5.343580706620779e-05 9.21572949573275e-06 0.0 2.4928665273274393e-06 0.0 4.5938683426394505e-06 3.461046433822593e-06 3.330659641984239e-05 0.0 0.0 0.00020042658726230638 0.0 0.0 0.0 0.0 0.0 0.0 0.0 0.0 0.0 0.0012960345504177892 0.0 0.0 0.0 5.263158434670654e-06 9.041771269627389e-05 0.0 2.005330713229148e-05 0.0 0.0 0.0 1.0492959278581009e-05 3.6468395872586094e-06 0.0 0.0 0.0 0.0 0.0 0.0 0.0 0.0 0.004287380898637388 0.00041048607934944753 0.000267456838343415 0.003952810616744843 0.00024260790190753554 0.0018104630291819043 0.0007115074690909497 0.003155740316136369 0.00022600007858395642 4.137748077489108e-06 0.00012658687555958806 7.648932301285025e-05 0.0 4.730400958472773e-05 6.12438335194795e-05 0.0011386393508742694 6.59671073608212e-06 0.0 1.1634385065490401e-05 4.545582682948802e-05 2.4843980380123546e-06 0.014988795522066648 0.004322335535416484
0.0011271498073991847 0.018539138022941562 0.03816494331751496 6.13052136353817e-05 0.0360936137763971 0.0 0.008944539480496769 0.06608694336171045 0.028451998675626845 0.0013733006972398761 0.0 0.007531750579273344 0.027160054641396276 0.12276378333898198 0.000557153637730842 0.0004178161474064806 3.545470349362026e-05 4.743994621443987e-06 6.697377408552467e-06 2.612241842909614e-06 3.676214543958525e-05 1.2063575755019112e-05 0.0001204915269803581 0.00012717243517063504 0.00022882254121854505 4.530697631441053e-05 0.00014987331471317015 5.299773955638548e-05 5.0211810442032824e-05 8.546275382559101e-05 0.005723593138714856 0.000729934095214704 0.004539115685091176 1.7413716756336985e-05 0.00018503550248809733 0.00019716196869167408 0.001434771576755209 0.0005198849644031508 0.00012577738369778306 8.474575414524575e-05 0.00013899428607067822 9.124898168550291e-05 1.077729538982714e-05 7.166310686557534e-05 0.0 1.6614531758787364e-05 0.0017113496361434001 3.4551500361000356e-05 2.1223354657754614e-05 1.338571604192204e-05 3.500493921992753e-05 2.0324085080763273e-05 8.568991848341066e-05 4.311466775658549e-05 7.192040772711045e-06 9.056287662217007e-06 0.00014829366654584564 0.000467161609981262 7.992627821412033e-05 0.00028679093136234856 4.065505590093316e-05 0.0010100854473853802 7.62063762108611e-05 0.000906871497842053 1.0697961698747797e-05 2.758522726219747e-05 3.7085371190009815e-06 1.2736019146134408e-05 8.572198259970268e-05 0.00019135778214014867 0.001426611661094324 6.253197941608167e-05 7.985446755395306e-06 0.000432415179200243 0.00017970596203062734 0.0012277943345554753 0.0015339239641230507 0.00029232991294531133 0.0009464628751583134 0.017059270042517016 7.685027913604629e-05 0.0022266006853645793 8.32752628845612e-05 1.8747449313737034e-06 1.5166628679082426e-05 1.5062660822838662e-05 1.4848762592527965e-05 1.8155025019386922e-06 1.7782026969652353e-06 0.0 0.0 9.69968140359169e-06 0.00017421742044191937 5.731692059960427e-05 2.5516494614203787e-06 0.002455021319684042 0.00012180421465109126 2.9445058568734223e-05 0.00023482552493686614 0.0005646920358595341 1.0771585643638611e-05 3.161949069149955e-05 4.3665871678210504e-05 2.449231393427788e-06 2.022212631132674e-05 1.5847014353712076e-05 6.88536944890596e-05 0.0 1.7015184737390193e-05 9.113986010195245e-05 3.211105054343549e-05 7.078269666978234e-05 8.669640062283325e-05 0.00011252868601829063 0.0001888339100084971 2.844707797867705e-05 3.5219391107687873e-06 9.662361920016861e-06 1.970723964210861e-06 0.0 0.0 0.0 0.0 2.694150085406657e-06 0.0 0.0 0.0 0.0 0.0 0.0 2.227570604269078e-05 1.7696328431744753e-05 2.9315141623182275e-06 0.0 3.9185935353227284e-05 1.0710749444278357e-05 0.0 0.0 0.0 0.00013627795505294737 7.990395333282708e-06 0.00011012766523036786 5.814937030491571e-05 4.692362103946133e-06 0.0 5.1038711765687005e-06 0.0 0.0 8.39534513449545e-06 2.2793861721169083e-06 0.0 0.0 1.3519302062700096e-05 0.0 7.2795446255086525e-06 1.3085387524911672e-05 0.00011181489906640563 0.0 0.0 0.0 0.0 0.0 2.1891448290822306e-06 0.0 1.3497605617541725e-05 2.5827357086529405e-05 8.730226008869911e-05 0.0 0.0 0.0 0.0 0.0 8.742056508515258e-06 0.0 3.148704721031722e-06 2.061458649781973e-06 0.0004989367948150388 1.0405231089727743e-05 0.0 3.193876360126619e-06 0.0 4.3758316237454954e-05 7.0276654154379525e-06 5.783970330762353e-06 5.881465403049326e-06 3.1603263126448896e-06 2.3603978575353727e-06 0.0 5.234904489176579e-06 0.0 0.0 0.0 0.0 0.0 0.0 0.0 0.0 0.0007282767045680073 0.0003203101991500991 0.0003906186324746227 0.003656981139553704 0.0002169138212973846 0.0027766758412340834 0.000939959472872076 0.00046564787961853043 0.0002867210160466728 1.930802910498646e-05 0.0001908842425738485 7.816979429752602e-05 2.7415251374973468e-06 4.5080849112455283e-05 1.5968109972626326e-05 3.1964152539186293e-05 0.0 0.0 0.0 9.37281511191303e-05 9.793574701469267e-06 0.00040336602073591467 0.0001767851410235095
0.0005252808895400313 0.001578462976524921 0.001768322256588011 0.0030684210988000823 0.0011127228729442675 0.0006807229308292845 0.014103917491304588 0.0027966663864190853 0.0033206189601335304 0.06854426241254918 0.007531750579273344 0.0 0.05171831969102278 0.017796872513809625 0.0003462701349098024 0.00029967860876640464 3.501666884706226e-05 0.0 0.0 2.8546930350622567e-06 1.0002812743795694e-05 1.0854359154238046e-05 6.987003344312417e-05 4.752232221729155e-05 0.0003016969364480541 6.241429311485537e-05 0.00010200295714555836 9.523787373790613e-05 7.387447257454256e-05 7.662211008241252e-05 0.0006853018341859372 0.00044244403116134115 0.006069726970185817 1.062474962698373e-05 0.00018608576990914805 0.00014178340115059325 0.008374905449241991 0.001701269535889496 0.00044008466465930376 0.00013463275510301547 0.00013125390244819586 6.228090073151483e-05 1.4735178492544006e-05 1.1543237719648488e-05 0.0 9.38505225017716e-06 0.000951122074686439 1.4791020853233699e-05 1.7293200475447175e-05 1.1275525303698658e-05 1.342758935064072e-05 5.840337873965501e-05 0.0004695206466699405 4.513831830312053e-05 0.0 0.0 3.615522372281725e-05 0.0001363615651008912 4.6084173229929426e-06 6.180623377814197e-05 1.4748133506186241e-05 0.0006415555067427971 4.468397068638191e-05 0.00034811175996792037 0.0 2.4792847502314565e-06 2.107962530189857e-06 1.4046466801673214e-05 3.274614493307392e-05 6.959678484624992e-05 0.008958699853143556 0.0004957262337559515 1.7208948117954517e-05 7.834054611200215e-05 2.141540816464559e-05 0.00044585446265814284 0.0005928975009544769 0.0002335507839067336 0.00015875253166361693 0.005512203415287072 2.3793062187725412e-05 0.0002993937267707562 1.0039297854672284e-05 0.0 0.0 1.505110446578905e-05 1.4219629244817629e-05 3.578849232369009e-06 6.70263651476954e-06 3.6784642803819535e-06 2.3164844682123e-06 6.749713632835435e-06 0.00012265557942804292 4.1878625089626004e-05 2.143866748432505e-05 0.020100308420047695 0.0011029542331953846 0.00025953209436646265 0.0013170365111675767 0.00019889329125337318 7.661446966864325e-05 0.0001010563965441042 0.00011308694275064789 0.0 6.137821731075722e-05 0.000131829278383032 0.0003714579303673956 5.787274741826395e-05 0.00015133521498524605 0.0006420946701153857 0.00018337473086089856 0.00032558622109291556 0.00025285462520856174 0.0003734384942226512 0.0005487012159937785 4.759176662403663e-05 1.0181788442571864e-05 0.0 9.779543071545884e-06 0.0 0.0 0.0 0.0 0.0 0.0 0.0 0.0 4.6318626054553796e-06 2.5924093548733433e-06 6.939776255625455e-06 2.974654379393333e-06 1.9100539703178084e-05 3.661195914104652e-06 0.0 9.367878833151489e-05 3.6241324491336925e-05 0.0 4.24987261560919e-06 0.0 0.0006199930659722688 2.6272716502090662e-05 0.00031788678234273907 0.0001246696586964419 4.030851887932152e-05 5.834554569165039e-06 0.0 0.0 0.0 5.316192462158328e-06 1.2978968600473828e-05 0.0 0.0 3.4930446661572094e-05 0.0 0.0 6.718330592936959e-06 0.00017412355981052006 2.3021084627648817e-06 0.0 0.0 0.0 1.010120889923956e-05 2.142944786279554e-06 0.0 2.4172347747384838e-05 4.3687161169892445e-05 0.0003694032791361867 2.5212084361696516e-06 3.4081904976773455e-06 0.0 0.0 0.0 1.9659572559573537e-05 0.0 5.9233259206771144e-06 1.932199756659943e-06 0.0017004880065330987 5.9535502058123135e-05 8.043980164822828e-06 0.0 2.0255353629745945e-06 0.00010003094816867781 7.369808598934911e-06 3.382653655389323e-05 9.110967312744545e-06 0.0 1.0022623191798426e-05 1.2215422927513763e-05 9.099414793022201e-06 0.0 0.0 0.0 0.0 0.0 0.0 0.0 0.0 0.0027735225944950704 0.0011113238430485758 0.0009828556843423076 0.004192872132232895 0.0001844427613682651 0.0016307525178522115 0.0009215783535139981 0.000530617571952298 0.00014313031404162126 3.376167588376608e-05 0.00022352786671663065 0.0005108676547370325 0.0 0.0001714744693929665 9.26764725455751e-05 4.7163919195837686e-05 9.498158750505786e-06 0.0 0.0 8.902407001449422e-05 0.0 0.002393609993126474 0.001048810948530464
