0.0 0.07471357399112846 0.024973783251642984 0.041003568024316206 0.005985615937015524 0.0007255423595065 0.02586131767284912 0.0011647891352567804 0.00029604884211097365 0.04400670704909926 0.003662234096838397 0.0018763873703778037 0.0015444235070062745 0.00025267502905926644 5.372515752443573e-06 3.287934072327691e-06 0.0 3.596689447857413e-06 0.0 0.0 0.0 0.0 0.0 0.0 1.998898578233803e-06 0.0 4.343419516091594e-06 0.0 0.0 0.0 0.008675892893442073 3.1250060670160405e-06 0.0 0.0 0.0 0.0 0.0 0.0 0.0 0.0 1.6761442887675286e-05 0.0 2.2312612791112734e-06 5.978805113415934e-06 0.0 2.5006020526709145e-06 0.0005806099727450056 0.00010086343882894994 3.516109207474176e-06 0.0 1.8541646783369143e-05 1.7994620401675495e-05 0.0 0.0 0.00011818960931253146 0.0001369542296470369 0.003723960388884175 0.0102958846590722 0.0003231413996006064 0.000590434546469471 0.0 5.8038014282271225e-06 0.0 4.8512321208987454e-05 0.00012317263095718063 7.787821967530497e-05 3.547989509359028e-05 1.8343143430661523e-05 3.141811977284576e-06 2.6846450512945668e-05 0.00019199834589156244 0.0 5.82724730331282e-06 0.003270001601971974 0.00030184561404297133 0.0004054796511002103 2.6806119378600076e-06 5.099162187035213e-06 0.0 0.0002977047514794889 3.314990223469583e-06 4.168607937902381e-05 0.00026153362032290425 6.370460193091887e-06 9.647770548423516e-05 9.063965435202094e-05 1.142812100273492e-05 3.6761023306119297e-06 2.3577727758881703e-05 1.0325186304847343e-05 2.052533343860498e-05 0.0 2.5345568463418016e-05 6.276008718512737e-06 1.5928500655582873e-05 0.00028211193271287485 0.0001146138991196855 1.646776897303566e-05 1.556737721287033e-05 0.014964942824785915 2.2057753311526726e-05 0.00010577149814180409 1.955289526750111e-05 0.00045850279985404303 0.0 0.000578041272975748 0.00014020468626329007 0.00019138582114257822 0.0004934440148432231 0.00021372624153008607 1.6563591227203192e-05 8.676222034088732e-05 0.00015814283306035971 5.039031274061922e-05 1.1210982797033264e-05 0.0 0.0 0.0 4.742268024951973e-05 0.0 0.0 0.0 0.0 9.494029734212418e-06 0.0 0.0 0.0 1.8423815180011417e-05 0.0 0.0 0.0 0.0 0.0 0.0 0.0 0.0 0.0 0.0 0.0 0.0 0.0 8.556437930290392e-06 0.0 0.0 0.0 0.0 0.0 0.0 0.0 0.0 0.0 0.0 0.0 0.0 0.0 4.252115414102164e-06 0.0 0.0 0.0 0.0 0.0 0.0 6.853538913497498e-06 3.663159912427594e-05 3.0062443285985706e-05 0.0 1.1568958454953535e-05 0.0 0.0 0.0 0.0 0.0 0.0 0.0 0.0 0.0 5.9633988369144615e-05 0.0 0.0 2.789072940591438e-06 0.0 0.0 1.3806934719746531e-05 1.8485619800228932e-05 0.0 0.0 0.0 0.0 0.0 0.0 0.0 0.0 0.0 0.0 1.3567571170717167e-05 0.0 0.0 1.135702327597098e-05 0.0 0.0 0.009974946770450464 2.6966042633405177e-05 0.002161390447482235 0.0003106359177707471 0.007900959252613731 0.0001586082056201221 6.003709690894471e-05 0.00015689617281306934 0.001256366574529619 3.0526698776830784e-05 0.0 0.0 0.0007806121563822498 0.0 2.9993990869102537e-06 0.0001341132068187522 2.7688948836813003e-05 0.0 0.0037844521825128735 0.00015710352677288325
0.07471357399112846 0.0 0.029061423544818235 0.007332987272453139 0.032109402967079974 0.0036515702236879725 0.06869734978436688 0.0035402341848224323 0.006806379875527349 0.008328425058060399 0.010273438316643582 0.0010693105024115798 0.005376341484712952 0.002989433712213495 0.0003310783387269267 6.729154938365018e-05 7.190636512132951e-06 0.0 2.649244560221376e-06 7.847840926290522e-06 0.0 0.0 0.0 0.0 0.0 2.650386361291839e-06 0.0 0.0 0.0 0.0 0.053972558848053034 6.82830570753397e-05 4.847989447078887e-06 0.0 0.0 2.343045252719793e-06 2.3808164855535107e-05 0.0 0.0 2.8950106453976563e-06 0.0 0.0 1.5611152505643453e-05 1.1158341851760679e-05 5.583136417486159e-06 0.0 0.006914880898798502 0.00037493019812417716 1.7394197095227956e-05 7.096187716870393e-06 6.301578549690774e-05 0.0 0.0 2.510640627533556e-06 0.0003331035129507692 0.00043460280368945393 0.0027128533916295477 0.017350222181002704 0.0008026503960249405 0.0034617174324780946 3.1359038780993983e-06 1.5850209994277574e-05 2.3060939732035355e-06 0.0009046241568398228 0.0003809230593446338 0.00022365846215724174 0.00010269736899923715 6.855714951382343e-05 7.621232160843589e-06 3.5962003695288554e-05 0.0001948515064362085 5.7524313034239365e-06 0.0 0.009392647590614754 0.006064593252958547 0.005417332152623225 0.00010704783759117927 3.94030846185593e-05 3.7184751042001238e-06 0.00039483447339655557 1.98853667168897e-05 8.72644677165925e-05 0.0007613028285115097 2.7348188406295913e-06 0.0002954477155869716 0.00026891845164056467 5.265331011255237e-05 2.2169393014241865e-06 8.567470634659057e-05 4.492106541517728e-06 7.789652909438378e-05 1.9512778890685373e-05 3.5506270698317984e-05 2.5463892648825994e-05 1.0148632738061075e-05 0.0002582408105126841 0.00010359268530937337 0.0 4.88744803106132e-05 0.018441446491472446 1.4321755097708457e-05 0.00019319141341788651 4.116473527736451e-05 0.00036810095731454264 6.391340725592017e-05 0.00111742642862374 0.00027745784149158686 0.0008127632955420279 0.0007799596821984836 0.0003463532889378788 3.697873014524216e-05 0.00029022430998587416 0.0005034130008465439 0.000259398562173119 2.0454734064727035e-05 0.0 3.092827969397125e-05 0.0 0.0 0.0 0.0 0.0 0.0 0.0 0.0 0.0 0.0 5.247881776462995e-06 0.0 0.0 0.0 0.0 0.0 0.0 0.0 1.735212440509799e-05 0.0 8.550442031961528e-06 0.0 0.00015902328885017398 5.877580697476178e-05 7.42336864954811e-05 6.398718182606013e-05 0.0 0.0 0.0 0.0 0.0 0.0 4.6193722246948315e-06 0.0 9.680219153967516e-06 9.941075768490047e-06 0.0 0.0 0.0 0.0 0.0 0.0 0.0 0.0 0.0 2.7994378149946486e-05 5.5830278845540834e-05 3.551790284824862e-05 7.267681456104297e-05 3.835155096066634e-05 0.0 0.0 9.026272170481188e-06 2.399543177276248e-06 0.0 0.0 0.0 0.0 6.877750867027044e-06 0.00041677938893864853 0.0 0.0 2.630708429738666e-06 4.9371760645560554e-06 0.000382464404639425 8.442519736745978e-05 0.00040328236211276824 0.0 0.0 0.0 1.1174095615013921e-05 0.0 0.0 0.0 0.0 0.0 2.6493051539965954e-06 0.0 0.0 0.0 0.000158044738951824 2.580456198257898e-06 3.7499112784447676e-05 0.013672724221995917 0.000287569453700103 0.01256261284415633 0.0023300175659032433 0.01187110864876018 0.0013465861196658652 4.278249426913826e-05 0.0023867504910508102 0.0016774817178717939 0.0 0.00021901363250900494 1.0770602284131056e-05 0.0008669531384845711 7.96432874932705e-06 2.0199479901196995e-05 3.2840731358993167e-05 0.00029984790734841835 9.447210119487705e-06 0.0038022788928230872 0.0002013807544721746
0.024973783251642984 0.029061423544818235 0.0 0.0002455676832254008 0.030536925695077606 0.0010406303768817269 0.005012190739892215 0.021340499601119566 0.012216791075776728 0.00023318945162112273 0.07205331736448971 0.0005792776133199336 0.006940259918941765 0.020115610988280557 0.0001535331515115732 3.28658192429468e-05 4.610197832483534e-06 8.56308387204457e-06 0.0 1.3901038089270083e-05 0.00028364844596324437 5.626740852301264e-06 2.651300420452038e-06 2.7169282193441175e-06 2.4638179831200844e-05 5.1519037509508655e-05 6.914504701520647e-06 1.2113619206198301e-05 5.968982944893363e-06 0.0 0.10114000833065957 0.009242891417909557 4.5495258006094344e-05 0.0 2.6916999804213484e-06 6.853371353159901e-06 2.352244995388069e-06 0.0 1.0047338907211475e-05 1.9333135865768017e-05 0.0003409995535459302 0.00020336701471404704 3.2594767622692956e-05 8.120580722098191e-06 0.0 0.0 0.0028627862656761456 0.00020234994118954424 2.852396238673179e-05 6.292243316043487e-05 5.298380855442333e-05 6.292957560016354e-05 0.0 8.328393051150501e-06 0.00012092373111864476 0.0002208031659911711 0.0013921746941468105 0.01205933425947064 0.00034294178334164945 0.0015451933270126904 4.700057514898574e-05 0.00012278695858535188 0.0 0.0012474190961136587 0.00017754025067758458 0.00011911310317085369 4.6509565033165945e-05 3.476009318760543e-05 0.00014098508853973524 0.0004810122628595265 0.00020359272632063842 8.972486950922822e-06 0.0 0.004511741096377995 0.0034970373738138906 0.002739439787674138 8.291523635061173e-05 3.0368580144800575e-05 3.854012909421325e-05 0.011808247129862448 7.846922745104798e-06 0.0012221604034602083 0.00037714006361759756 0.0 0.0001741289614876955 0.00011586570860126189 6.696473644480121e-05 2.3078833444839973e-06 3.2651989787134194e-05 3.1580352392451306e-06 8.721862028158787e-05 4.1240061377912116e-05 0.00037216093872977866 0.0002702643972617675 0.00031211213547444386 5.255980484893252e-05 0.00010666259391000514 0.0 7.479680093669809e-05 0.005389784938191385 1.0722635715803976e-05 7.341047904497015e-05 0.00013736773063759098 4.608167157828833e-05 0.0 0.00022092711880243368 5.0141186174133584e-05 0.00016673673814166082 0.00011796180454137842 0.00013052947289712028 0.0 7.882046978027293e-05 7.777058266547602e-05 9.385787549205988e-05 1.0288583954791786e-05 0.0 1.3937971437975306e-05 0.0 0.0 0.0 0.0 5.007352518615123e-06 0.0 0.0 0.0 2.85267002360856e-06 0.0 0.0 0.0 0.0 2.8974667543068103e-06 0.0 0.0 0.0 0.0 0.0 0.0 2.7336488036842816e-06 0.0 1.533598524900403e-05 1.1063527226732763e-05 6.705826953209334e-06 1.0039238508750754e-05 0.0 2.997294792879671e-06 0.0 2.6801611943688335e-06 0.0 0.0 1.145979897499687e-05 0.0 0.0 0.0 0.0 0.0 5.87672150247572e-06 0.0 3.342347076373533e-06 0.0 0.0 0.0 0.0 0.0 2.661329926858524e-05 5.764658261637872e-06 2.0133598803836396e-05 1.4920396864724031e-05 0.0 0.0 2.9235791677047197e-06 0.0 0.0 0.0 0.0 0.0 3.5516427163110622e-06 2.5773634837266433e-05 1.2136115366603012e-05 0.0 0.0 1.1185100598760932e-05 1.3210192382092938e-05 9.814435602686383e-06 0.00011607953867537835 0.0 0.0 0.0 0.0 0.0 0.0 0.0 0.0 0.0 0.0 0.0 5.886121369483241e-06 0.0 4.272197510258077e-05 1.7591612851500767e-05 1.3392245143132288e-05 0.005879671632640339 0.00012033271138902771 0.004462293998914621 0.0005492833289626136 0.005774351748355396 0.000315247555838949 2.4906246898873218e-05 0.000567788958105248 0.000422100898747244 0.0 0.0 0.0 0.00027356314361314893 1.7588013498812218e-05 2.844950294205084e-06 0.0 4.521838814681174e-05 1.3680145336618858e-05 0.0015715701429975817 0.00010957002380610747
0.041003568024316206 0.007332987272453139 0.0002455676832254008 0.0 0.00037536679482374856 0.03288621917488829 0.016235523902194498 9.558030981832279e-06 0.0003471011395787519 0.05482006530638723 3.1547812916854594e-05 0.01974659219541213 0.021130047544027364 0.0001565393004152809 3.0598809697468796e-05 2.6410466758569845e-06 3.460181565149123e-06 2.4012410395900515e-06 0.0 0.0 2.3734744573489033e-06 0.0 0.0 0.0 0.0 0.0 0.0 0.0 0.0 0.0 0.0012831644488266623 0.0 0.0 0.0 0.0 0.0 0.0 0.0 0.0 0.0 0.0 0.0 2.5576273903933108e-06 3.0355177172704333e-06 0.0 0.0 0.000941740821088605 0.0001028736830763404 5.541501074264412e-06 1.9957266795922104e-06 2.240243440662205e-05 0.0 0.0 0.0 6.193106087728385e-05 0.00010416296094553516 0.0006302387798107946 0.003002438666059272 0.00018537378199226455 0.0005694890246722014 2.0006597136394176e-06 0.0 0.0 0.00010552549833778054 0.00010346671971304689 6.341104549400671e-05 2.4783932386655632e-05 1.4639827899735195e-05 0.0 0.0 1.7331601046109615e-05 0.0 0.0 0.0022001625402652547 0.0005768741923471447 0.0006452999679610514 1.3445904847013412e-05 3.286633367173234e-06 0.0 0.0 0.0 1.7758189879908544e-05 0.00018329802845421588 0.0 5.555344051975352e-05 6.11602414857795e-05 7.98121194757418e-06 0.0 2.9348114811594416e-05 0.0 1.0400031777218732e-05 2.240191853512758e-06 0.0 2.985789189132633e-06 0.0 0.00024323443108092364 5.870513732034863e-05 0.0 0.0 0.014230135178489365 3.5324027499699357e-06 0.00024161836170741264 0.0007737110344549003 0.0008853770750582342 6.974289117028294e-06 0.0015636123239570652 0.0005797259015266033 0.0003789779997783914 0.001098189467651423 0.0002748310461006793 4.789039741740079e-06 0.00016515042360940304 0.0003676766508462768 0.00010484537525560193 2.1791167081524257e-05 0.0 0.0 0.0 0.0 0.0 0.0 0.0 0.0 0.0 0.0 0.0 0.0 0.0 0.0 0.0 0.0 0.0 0.0 0.0 7.373853539281876e-06 0.0 0.0 0.0 0.0 1.7040820587287356e-05 0.0 0.0 0.0 0.0 0.0 0.0 0.0 0.0 0.0 0.0 0.0 6.1422487841207795e-06 0.0 0.0 0.0 0.0 0.0 0.0 0.0 0.0 0.0 1.2504265007924426e-05 5.583688768906529e-06 1.9402721839670612e-05 3.2643622693621975e-06 0.0 0.0 0.0 0.0 5.261758163190812e-06 0.0 0.0 0.0 0.0 0.0 0.0 5.610916890953327e-05 0.0 0.0 0.0 0.0 4.543762322689804e-05 0.0 0.0 1.0994932187766418e-05 4.912250794509382e-06 0.0 0.0 0.0 0.0 0.0 0.0 0.0 0.0 0.0 0.0 0.0 1.256383981843412e-05 0.0 0.0 0.0041204414575203695 4.887267816105359e-05 0.0020395354318770253 0.00022924228633468678 0.005722903649256365 0.00026120569052123923 8.075249982993161e-06 0.0002481830857499595 0.00041786192538102236 0.0 1.032979761480231e-05 3.6680429463051826e-06 0.0003667180282620244 0.0 0.0 0.0 3.768092420089253e-05 0.0 0.002081429363568749 0.00011482134232135204
0.005985615937015524 0.032109402967079974 0.030536925695077606 0.00037536679482374856 0.0 0.0002008321961396945 0.04002101940135399 0.012160011794948408 0.08980967850983505 0.0021271855280658746 0.05124501636660891 0.0011680979150304925 0.010546591002763726 0.020311231225477937 0.0002350254821695163 5.423661948210105e-05 0.0 3.8617023007169356e-06 0.0 3.996411331486055e-06 0.0 0.0 4.108767854440015e-06 0.0 0.0 0.0 0.0 0.0 0.0 0.0 0.004656084370877185 2.2999719615037302e-05 2.979035250309697e-06 2.704029370969584e-06 3.2925923733736485e-06 0.0 1.80649137151582e-05 0.0 0.0 1.0514547211041484e-05 0.0 0.0 0.0 1.6415269001036034e-05 2.8196896973819412e-06 6.926195796416316e-06 0.003969673447499694 5.159158433434596e-05 6.771304504271025e-06 0.0 1.0181226418293432e-05 0.0 0.0 0.0 3.424036718706604e-05 6.914271930739244e-05 0.00032433214848757275 0.0021460569119530004 0.00014002530333818335 0.0010273447518447266 3.580359219334478e-06 2.5333583055899856e-05 0.0 0.00030511792440195124 7.227586864193465e-05 3.166041160880817e-05 2.726867226680199e-05 1.735390965435293e-05 3.0925001859273674e-06 0.0 0.0005845613730004661 4.85942885109599e-05 0.0 0.0017102664488347114 0.001813674149180188 0.0020810966041958775 0.0001251934238800925 6.125760063716407e-05 0.0 1.931862345050167e-05 1.2178354792665466e-05 1.4205970492226515e-05 8.73325561586218e-05 0.0 7.01073919946095e-05 4.424947616244337e-05 2.458016252803582e-05 0.0 7.790177292915558e-06 0.0 1.75504412361506e-05 0.0 0.0 5.958789175769702e-06 7.687895618648859e-06 0.0003699178117879907 0.00011479717179417903 0.0 3.040069958599628e-05 0.00029351784341767536 2.2905792462104952e-05 0.0003311989562012356 6.168267545098762e-05 0.00010956484097731343 3.4902761437461035e-05 0.00165239516368359 0.00014114434196539256 0.0012252304320117828 0.0008218457395848465 0.00027910388953233706 0.0001307589246235719 0.00047778726387291665 0.0007424828557633412 0.00042978886732574466 6.893409081728615e-05 0.0 3.5539077693371247e-06 0.0 0.0 0.0 0.0 0.0 0.0 0.0 0.0 0.0 0.0 2.9802716106457058e-05 0.0 0.0 0.0 0.0 0.0 0.0 0.0 2.190635955803951e-05 0.0 0.0 0.0 0.0002349652595826953 0.0 6.616448455443973e-05 2.5339846061482747e-05 1.3395814198933228e-05 0.0 0.0 0.0 8.874785259217104e-06 1.8601561867085935e-05 0.0 0.0 0.0 7.062220412852038e-05 5.0205326952317475e-06 0.0 0.0 0.0 0.0 0.0 0.0 0.0 1.993907506067202e-05 0.0 2.122384446444867e-05 4.559961388360528e-05 0.00012905894070323038 9.047930487977656e-05 0.0 0.0 0.0 0.0 0.0 0.0 0.0 0.0 0.0 0.00044174019908939794 1.777377010588718e-05 2.9221997318627333e-06 0.0 0.0 0.0004556493482943949 0.00013987677459853737 0.0006251401227779875 8.837335008511028e-06 1.2923215316222725e-05 1.7622692923960295e-05 2.258662732331405e-05 0.0 0.0 0.0 0.0 0.0 0.0 0.0 0.0 0.0 0.00016254641044747151 2.4396255886016543e-05 8.279839217846854e-05 0.006938498624013763 0.00019142315288505043 0.006195815484594891 0.0018983693085104542 0.0009040665428294664 0.0006896663134399936 1.8554641881039686e-05 0.0016998245498503351 0.0014078120433612738 0.0 0.00040613681140869504 2.8456056138230705e-05 0.0008208180322649953 6.962833183688835e-05 0.0 2.048795573554815e-05 0.00010062854128847579 0.0 0.000867602067932487 0.00023341480090167046
0.0007255423595065 0.0036515702236879725 0.0010406303768817269 0.03288621917488829 0.0002008321961396945 0.0 0.006078750600243781 1.3412343109086473e-05 2.510996688098417e-05 0.027328843311815794 0.00011213646614808628 0.004053090874548161 0.0016623542055064326 0.00010558536313278591 0.0 0.0 0.0 0.0 0.0 0.0 0.0 0.0001709034293170839 0.0 0.0 0.0 0.0 0.0 0.0 0.0 0.0 0.0003142357939565379 0.0 9.942889624602127e-05 0.0 0.0 0.0 5.476121009106395e-05 0.0 1.1474943915080049e-05 0.0 0.0 0.0 0.0 0.0 0.0 0.0 4.9226322188450784e-05 3.810034771772113e-06 0.0 0.0 0.0 0.000680782053086803 6.289880323690946e-05 0.0 0.0 5.8953594057686455e-05 0.0018581149402950258 0.00010922082084901106 2.724362683971126e-05 2.749990429607792e-05 0.0 1.3839448432683702e-05 0.0 0.0 0.0 6.068182374573641e-06 1.117151831855433e-05 0.0 0.0 0.0 0.0035899213515256066 0.004058771358369259 0.0015311040673450813 9.226481732604296e-05 1.154424917904438e-05 1.529260525847877e-05 4.12666074283953e-06 0.0 0.0 3.206648718258125e-05 0.0 9.246807955721933e-06 0.0 0.00032308276378751146 2.4558308785309205e-06 0.0001310290912449455 0.0 0.0006922983567876986 0.00037575224687331306 0.0018657263550276762 6.878594336500125e-05 0.00018251827519068963 0.0 3.612907557286061e-06 2.72771885776382e-05 0.005309477069094874 0.004787712354096096 0.002228130017870523 0.0005306566742651434 0.006710392314945776 0.0 0.00029645960009964196 2.437636752506031e-05 0.0003118068726911414 0.0 0.0008740279213472946 0.0005564432499954448 0.00023280322195144297 0.0010188004681188994 0.0009501914484785764 2.194008267326576e-05 0.00027829337029469626 0.00046719438849013756 0.00015376851504703297 2.172958484458382e-05 0.0 0.0 0.0 0.0 0.0 0.0 0.0 0.0 0.0 0.0 0.0 0.0 0.0 0.0 3.310620876412938e-06 0.0 0.0 0.0 0.0 0.0 0.0 0.0 0.0 0.0 6.55940510447003e-05 0.0 4.256456319182685e-06 3.37549640564668e-06 0.0 0.0 0.0 0.0 0.0 0.0 0.0 0.0 0.0 0.0 0.0 0.0 0.0 8.470631373743835e-06 0.0 2.998448753925431e-06 0.0 1.5954892542311388e-05 0.0 0.0 1.9415088946752402e-05 0.0 0.0 0.0 0.0 0.0 1.492215119878753e-05 0.0 4.064983287109462e-06 0.0 5.007372716540197e-06 0.0 0.0 0.0001975342459575433 0.0 0.0 0.0 0.0 7.39685642028439e-05 0.0 6.605566101956335e-06 0.0 0.0 0.0 0.0 0.0 0.0 1.0274912844935118e-05 1.403358552985382e-05 0.0 1.0867078909850702e-05 7.720416957333253e-06 7.1837203716055996e-06 0.0 6.877285036922448e-05 0.0 1.6845080228289238e-05 0.0004981630968043583 2.4037827629693613e-05 8.30586539847078e-05 1.3865567029119901e-05 0.0015047874733287068 7.442113416352778e-05 0.0 0.0 0.0006564827150893387 0.0 2.113349976390021e-05 0.0 0.0006605780661628969 0.0 0.0 0.0 4.8743813338074005e-06 0.0 0.001608754572521592 0.0008286897691915587
0.02586131767284912 0.06869734978436688 0.005012190739892215 0.016235523902194498 0.04002101940135399 0.006078750600243781 0.0 0.0007553398938146696 0.021953414390998283 0.037379789502699025 0.007868291622212944 0.015822973264617072 0.1251606763786458 0.028449837834571924 0.0006890481728434337 0.0002255472088778737 6.490269338195295e-06 2.3444644661080973e-06 1.225317305966839e-05 9.665706738701171e-06 5.998915651547972e-06 0.0 0.0 3.1684921996985748e-06 2.188893245852434e-06 5.982872316001586e-06 0.0 1.599686012079046e-05 0.0 0.0 0.004744011477898592 7.536886697464675e-05 4.107166282642481e-05 5.007679807441819e-06 0.0 0.0 4.112964571067667e-05 0.0 3.00874732554807e-05 1.3770502609345165e-05 0.0 2.3177630152626444e-06 1.4745982010881483e-05 3.2220678966994945e-05 2.94489539830286e-06 2.6711257144177347e-06 0.008879314029732958 0.00021475207909915915 1.3588997665498103e-05 2.8720074758533576e-06 3.9407114516813937e-05 0.0 7.08152196225451e-06 4.505540428805424e-06 0.00015796568386088506 0.00021136797343100067 0.001335897914610969 0.006042715689252521 0.0005323580619412775 0.0028321309943279433 2.0695086693781153e-06 3.858815378310023e-05 0.0 0.0006003892420286 0.00020537700339585496 0.00012891057540189647 6.069602041384755e-05 4.3941784269499134e-05 9.663754959615018e-06 1.262587094395424e-05 0.0016973250320964789 5.426425704494326e-05 0.0 0.005432386933084801 0.004185541350870559 0.00518656278732409 0.0003501170684002206 0.00031723626909821147 0.0 0.00010454011082348945 3.669751835037266e-05 9.476655973707541e-05 0.0004590461160005616 0.0 0.00021135926132395203 0.00017014730041234856 3.895007298284041e-05 2.4867163913856635e-06 3.691323589997708e-05 0.0 1.9109856254236462e-05 0.0 0.0 1.591989159917235e-05 3.017316707462915e-06 0.0029684044924818366 0.000612950504138372 0.0 0.000124384227606544 0.00313331699174742 4.9144789966272514e-05 0.0018529317502054582 0.0007975721042714428 0.001381474870750769 8.320778268516897e-05 0.008339459170512986 0.001156242945918553 0.006341115453188689 0.005967106473358646 0.0027463323745354354 0.0005874760257157949 0.003101232519961372 0.004634885306381381 0.0029488652365845954 0.0004881961751114203 3.2829511617716304e-06 1.1280103394254068e-05 1.6230323814685693e-05 0.0 0.0 0.0 0.0 0.0 0.0 0.0 9.298793705037298e-06 0.0 6.768349011969501e-06 0.0 0.0 0.0 0.0 0.0 0.0 0.00023821163044724795 5.1327762746863206e-05 3.5845360677991004e-06 2.4306835961894652e-05 0.0 0.0008176724150398472 1.0144029466055877e-05 0.00024198276154211384 0.00014363868534060737 5.75175331266556e-05 0.0 8.890653408678668e-06 0.0 7.913017033625557e-05 0.000235021521933493 0.0001382342001886972 0.0 4.298508687726809e-05 6.316179238133744e-05 1.3473773655487582e-05 5.703270378200947e-06 0.0 0.0 4.730931960114784e-06 2.9636695757596443e-05 5.740386167755913e-05 8.835156518020996e-06 5.565344250780353e-05 9.4679943820817e-05 0.0001469858073713492 0.0005564099159994282 0.00014918032223561282 0.0003806856791081857 3.5101079505121304e-06 1.3256918014635677e-05 2.542603596640314e-05 0.0 0.0 0.0 1.365526499665041e-05 0.0 0.0 0.0031945844349571353 3.053539583848627e-05 0.0 0.0 0.0 0.0019507567904334983 0.0006613546693745169 0.0024837254834652336 0.0001290220327049821 3.110387447762037e-05 5.020954873086031e-05 0.0 1.8237397193940947e-05 1.5113907001811775e-05 4.833933133936896e-06 7.711463917892657e-06 0.0 0.0 1.8931605855642775e-06 0.0 0.0 0.001249384116176304 7.271285095699393e-05 0.00034186151628042846 0.02418689386271284 0.00033832036432518024 0.015840837655599217 0.0048190214075467626 0.007737143549319519 0.0017876056743072611 1.872357629584529e-05 0.0045662554342383345 0.006663590328475428 4.021074234608051e-06 0.0011311223429751065 0.00017215398693950828 0.004785080734698715 0.00011504283956904653 4.522387147126659e-06 2.4497193161658217e-05 0.0003604189487727488 4.538517003988814e-05 0.008267950110531719 0.0022592712061598047
0.0011647891352567804 0.0035402341848224323 0.021340499601119566 9.558030981832279e-06 0.012160011794948408 1.3412343109086473e-05 0.0007553398938146696 0.0 0.009502827151731844 1.91988738686671e-05 0.05332760833779026 0.00014444410728148375 0.002619835320305472 0.014219643172781009 0.0004921478725649214 0.00028359576936245085 2.7083525925606025e-05 2.2916060839890617e-06 0.0 9.842123887052682e-05 0.0004261760366442345 6.720281660118331e-06 1.858511725235468e-05 3.818522681852452e-05 7.251717531379657e-05 0.0001687423712851976 2.3378386192283548e-05 5.354023583363089e-05 8.920769545469145e-06 8.52060454409655e-06 0.042838443762938924 0.04703853218129562 4.428474338843132e-05 5.696234698933367e-06 2.4030600070137838e-05 3.2973133085974605e-05 0.0 3.170358199433548e-05 6.478298151665192e-06 5.100515138863201e-05 0.00041903754066347545 0.00022848880047271816 6.299513043920385e-05 0.003060684109940525 1.4209628171576246e-05 2.40275110242093e-05 0.0037967642110895974 4.347650795903274e-05 3.412638122742198e-06 3.561898769240411e-05 5.6164632411784195e-05 6.647674488827346e-05 0.0 6.8170874295761615e-06 2.5016871965005343e-05 3.11061467441911e-05 0.0003474733092254667 0.003468918573353973 9.803258050340763e-05 0.0009159548067781801 0.0005051729276742744 0.0002987019368491367 1.855833233049234e-05 0.01175765538074186 4.7418359336262994e-05 4.259592191321187e-05 1.3116500184615519e-05 3.498447317385093e-05 5.271553930139897e-05 0.0007477627858760598 2.8707457032299834e-05 4.382204066460158e-06 0.0 0.0014115294611659265 0.0027424135877459296 0.0022691705210693956 0.0010617299340325416 0.003877830281851376 0.013893318410361418 0.04645067301207066 0.004361656805494568 0.017808962582033763 8.594859000448148e-05 0.0 4.795706994366222e-05 2.8993115668305834e-05 1.4416469763617385e-05 0.0 2.981519842415227e-05 0.0 2.0005171121663754e-05 5.023996144738732e-05 0.00029016581040572267 0.00032430065002952236 0.00035053855746403973 3.568051222098719e-05 5.03221245455722e-06 0.0 1.2502847031143777e-05 0.00039649937249053866 0.0 0.0 0.0 0.0 0.0 5.769848345196825e-05 0.0 3.4254599716799226e-05 1.2188057010245258e-05 2.4538596022640345e-05 0.0 2.9210759852640694e-05 1.575827934440832e-05 8.45214986009933e-06 0.0 0.0 0.0 0.0 0.0 0.0 0.0 0.0 3.5548995286784726e-06 0.0 0.0 1.0796699446034524e-05 0.0 0.0 0.0 0.0 0.0 2.9118206776917152e-06 1.117698536100832e-05 0.0 0.0 0.0 0.0 0.0 0.0 4.567008939061621e-05 0.0 3.1094625270645797e-06 0.0 3.332181337023441e-06 0.0 0.0 0.0 0.0 0.0 0.0 8.257477311813498e-06 0.0 0.0 0.0 1.0640946238351926e-05 0.0 0.0 3.0758356611343453e-06 0.0 0.0 0.0 0.0 0.0 0.0 1.923435873760279e-05 0.0 3.539658998823365e-05 0.0 0.0 0.0 0.0 0.0 0.0 0.0 0.0 0.0 3.064533809109017e-05 0.0 3.8109440906029573e-06 0.0 2.5601004408273715e-05 1.9095570138171445e-05 1.6497817920810072e-05 4.735618950458396e-05 0.0 0.0 0.0 0.0 0.0 0.0 0.0 0.0 0.0 0.0 3.088358786882263e-06 1.281234066144505e-05 0.0 0.0 0.0 1.17487220491175e-05 0.0015801195409204777 9.845062994302741e-05 0.0033528047513800992 0.0008770781423296131 0.0001878726775263681 0.0002018977139752828 2.9307681863218344e-06 0.00048388446963531405 9.112987880977567e-05 0.0 2.0083411700358925e-05 0.0 0.0002677620806525794 0.0 0.0 0.0 2.87032379330736e-05 1.4284746315936123e-05 0.00028086555585483925 1.021919913573482e-05
0.00029604884211097365 0.006806379875527349 0.012216791075776728 0.0003471011395787519 0.08980967850983505 2.510996688098417e-05 0.021953414390998283 0.009502827151731844 0.0 0.008323936603221296 0.04169245123843844 0.002607224511036685 0.06104495485272056 0.03129360342442827 0.00043448254338865664 0.0002352189022403463 1.0190341453337168e-05 0.0 2.4568762242040954e-06 0.0 0.0 0.0 0.0 0.0 0.0 0.0 0.0 3.4377074575809752e-06 0.0 0.0 0.0013186994673553979 0.00011368067068588312 1.4156336564574517e-05 0.0 2.7382213665993153e-06 0.0 2.092813571190856e-05 0.0 0.0 0.0 1.5453764502637583e-05 0.0 3.2503364592090933e-06 7.935307113364137e-05 0.0 0.0 0.0028376508257079215 1.6165799688127968e-05 0.0 2.2352617048834185e-06 0.0 0.0 0.0 0.0 1.289215647219465e-05 3.0731259858250146e-05 0.00010091537532006027 0.0005127309539323233 6.485498299751226e-05 0.0005475671275511474 3.218227735279765e-06 6.9656452295020825e-06 3.1203788872628e-06 9.332450331991824e-05 3.0086574035612406e-05 8.160732548333442e-06 0.0 5.190841599448707e-06 0.0 1.0340167188314622e-05 0.0005553042292311989 0.0 0.0 0.0006269958458911249 0.0006403283226946491 0.0015490386966116687 0.000310909024014624 0.0003967402179077443 0.0 7.562892103079952e-05 1.8979110344908486e-05 2.173418955929795e-05 2.0223206074018404e-05 0.0 1.1005869982497366e-05 1.5937087659156836e-05 3.1891383950476013e-06 0.0 3.2933312464490303e-06 0.0 2.36051666400936e-06 0.0 0.0 0.0 4.069122625141807e-06 0.0009551786500632095 0.00016640813006069566 0.0 4.664782724993773e-05 4.14342596871613e-05 0.0 0.00020449949299937965 0.0001467275233129569 0.00012322247469593188 5.5349876968511246e-05 0.0024004234900317765 0.00028115504529526705 0.0018738757268614598 0.0018890606124634978 0.000693675566117598 0.00019452786415939343 0.0008037871063938796 0.0015328180976857033 0.0007853496295846703 0.00013526759078433303 0.0 0.0 0.0 8.823804871927321e-06 0.0 0.0 0.0 0.0 0.0 0.0 4.444854320214155e-06 0.0 7.305821156799708e-06 0.0 0.0 0.0 0.0 0.0 0.0 0.0 4.404040414239057e-05 0.0 0.0 0.0 0.0003009520535096078 7.117184078287781e-06 8.50636385275282e-05 5.5404483913858034e-05 0.0 0.0 0.0 0.0 2.2170803571376567e-05 1.2840125174497235e-05 5.4167541960047e-05 0.0 3.828004329846393e-06 1.050792352822514e-05 0.0 1.4757553773138198e-05 0.0 0.0 0.0 2.052698142440993e-05 6.370499764536928e-06 0.0 5.594281632541534e-05 1.859150742242502e-05 2.0185227585741282e-05 1.4253268055810866e-05 1.639630624091147e-05 8.465564250206295e-05 6.835240829988864e-06 0.0 1.4985796509503295e-05 0.0 0.0 7.313230909883693e-06 0.0 0.0 0.0 0.001226729579719071 2.5886683448306066e-05 0.0 0.0 0.0 0.0006979431422189387 0.00026761773515053766 0.0008932514962478197 2.6622904824666463e-05 4.7159107632378664e-05 1.8307384034825858e-05 0.0 0.0 0.0 0.0 0.0 0.0 0.0 2.929264677511542e-06 0.0 0.0 0.0004525465053281213 2.117413407322318e-05 9.650485087722966e-05 0.0065442141174458105 0.00011578489505423391 0.0037428228219989743 0.0015218719612116985 0.0003731099648264061 0.00043842126243869055 0.0 0.0017286460781682075 0.0012888146932624068 0.0 0.00025331291250928136 0.0 0.000706489539719455 7.287948054122717e-06 0.0 1.8484967077487028e-05 7.824084126819462e-05 2.147723031990944e-05 0.001122324156697919 0.0006779344201783862
0.04400670704909926 0.008328425058060399 0.00023318945162112273 0.05482006530638723 0.0021271855280658746 0.027328843311815794 0.037379789502699025 1.91988738686671e-05 0.008323936603221296 0.0 0.00016715496709549224 0.03732606215844004 0.07597691702440323 0.0036693075909498387 5.56477205180708e-05 1.212446528586132e-05 0.0 0.0 3.13719716360791e-06 0.0 0.0 0.0 0.0 0.0 0.0 0.0 0.0 0.0 5.463489267985889e-06 0.0 0.0010045883281910694 7.062215837403703e-06 0.0003457927190230185 2.198970773856288e-06 0.0 0.0 5.974415650874728e-05 0.0 0.0 0.0 0.0 0.0 4.9564718843430475e-06 5.729122897889499e-06 0.0 0.0 0.001124779660081522 6.624133621663418e-05 0.0 2.378035066389914e-06 5.4001722766032e-06 0.0 0.0 0.0 6.60125813185976e-05 9.819987888628231e-05 0.0004677798335924346 0.002304256851348884 0.00011647615729209039 0.0005137023840620849 3.0552411972056586e-06 0.0 0.0 5.830468233448035e-05 0.0001055234935906664 5.076666624324205e-05 1.8827774711981176e-05 1.871017126273627e-05 0.0 5.539896575828754e-06 0.0095733013411373 0.00010812109349918458 0.0 0.0017255459961346303 0.0006749837741422732 0.0008066169305032177 2.8109157599504134e-05 2.2386424665583696e-05 0.0 0.00016440468736152294 0.0 9.64357249213757e-06 0.00017338068895750977 0.0 7.153683089163421e-05 5.2930270038092666e-05 4.957110592198168e-06 2.4858392243539145e-06 2.357288747040881e-05 2.3739728102348923e-06 1.3636812543285859e-05 0.0 0.0 2.3049352718284197e-06 6.919831595106781e-06 0.008318745875801954 0.0006176950348667956 0.0 0.00010274148538962247 0.008590875209934413 5.395296497490538e-05 0.0014069374037494755 0.0006625956671953434 0.0020479310840186694 5.768784738950577e-05 0.006038465386911348 0.002269047875146326 0.003612917635844572 0.0061156710340247306 0.004076937166490992 0.0001960021208094466 0.002264686926510587 0.004193053383361698 0.0019175180018708847 0.0002720488691026901 0.0 0.0 0.0 0.0 0.0 0.0 0.0 0.0 0.0 0.0 3.8049968321752917e-06 0.0 0.0 0.0 0.0 0.0 0.0 4.93026239724402e-06 0.0 4.511716583310502e-05 1.2820195387184474e-05 0.0 0.0 0.0 0.0005818076882673119 0.0 0.00011470374835276587 6.999884154392418e-05 2.1351064187041166e-05 0.0 3.210770991104793e-06 0.0 0.0 0.0 0.0 0.0 5.6641150516364014e-06 2.2653408464948065e-05 0.0 0.0 0.0 6.594039269777842e-06 0.0 0.0 0.0 0.0 2.3606423651777492e-05 2.856020941818708e-05 0.00010140784937324533 0.00014992839649637075 6.254735810402866e-05 8.643179279785539e-05 0.0 2.5974094297187005e-05 0.0 0.0 0.0 0.0 2.947369231921768e-06 0.0 0.0 0.002008156618296878 1.6024333420915495e-05 0.0 0.0 0.0 0.00035762366661900745 0.00016837331562266576 0.000445303524244351 2.4122356976631205e-05 2.675760355037177e-05 9.58371058255005e-06 0.0 0.0 2.7914445479773257e-06 0.0 5.4455127024682164e-06 0.0 6.2152259484229014e-06 0.0 0.0 0.0 0.0006964171823844198 4.040922199714137e-06 8.695962043346314e-05 0.011544075386822493 8.604324366441264e-05 0.0026473936355581526 0.000621511007828539 0.009213205206732541 0.00023135221558636437 2.4162357936732235e-05 0.0006761289383733621 0.004699284193643677 0.0 0.00028122572257542746 1.8470613360203398e-05 0.004165857101901064 1.1444035524983641e-05 0.0 5.3733385911789025e-05 6.80833331908741e-05 0.0 0.015012658539005613 0.0032929244456048655
0.003662234096838397 0.010273438316643582 0.07205331736448971 3.1547812916854594e-05 0.05124501636660891 0.00011213646614808628 0.007868291622212944 0.05332760833779026 0.04169245123843844 0.00016715496709549224 0.0 0.0037130132080950033 0.025494384140764513 0.06890504297884356 0.0032767133514514566 0.0027237176077926713 0.00012532938992254548 3.304662426685972e-05 1.7415156976719446e-05 1.95460395146477e-05 0.00022901954382308114 9.889894927098978e-05 8.025675206407448e-06 2.6980524751783915e-05 0.0002344607341695837 0.00013315920028478395 5.146623250762018e-05 0.00010876630199465892 0.00011057146269389471 3.935573017102271e-05 0.04304330672460745 0.008020775360642655 0.0018203891985472062 4.215815208517601e-06 8.475622528350945e-06 3.287197507586604e-05 0.0014318151550858935 0.00020555250357901826 0.0002634633455419905 0.0002654150094175292 0.0011798459944558303 0.0007278773771145096 5.9655514410841984e-05 0.000904441689609117 1.8229333275406124e-05 2.243811527787146e-05 0.009211425456877958 0.00010686385386728269 6.107146624644972e-05 0.0001462511129993446 0.00012645832367812903 0.0006851927335482998 5.798946218021828e-05 0.00017556900347097848 5.384535063621681e-05 8.750599161919958e-05 0.0004889134417656061 0.0039000172313967347 0.00020495681359448124 0.0014033257880349892 4.17849912974237e-05 0.00019914835922384136 3.989540327138206e-06 0.0014571363869045099 6.163129131129766e-05 7.770340024465713e-05 3.016993231509832e-05 4.222995282339326e-05 0.00031815997421034205 0.0010169648742991103 0.0019682125176220438 0.00025617698034566944 4.4850905243119044e-05 0.0022861494653132215 0.003837656688229836 0.005128346992554135 0.0016304284166577085 0.0036655224515634304 6.128595811176423e-06 0.01812349125703333 6.54776289679709e-05 0.0007740595414079867 0.00016375001551984802 0.0 7.772950441400397e-05 6.563208394371438e-05 4.627303640719151e-05 1.7282975365901064e-05 7.364371149323342e-05 5.2810217487382003e-05 0.00017260266818131174 0.0004833656937616582 0.0005278775084068003 0.0009525232702801966 0.002086357967469023 0.0005958776708703501 0.00039339904663915196 1.6249197332957635e-05 0.00026017596835531127 0.0006478756527086626 0.0 3.0015218063949313e-05 8.822461009165615e-05 3.455633033642902e-05 1.996855496282269e-05 0.000532060209529363 2.1368185844464925e-05 0.0004961133940554259 0.0003727118208541485 8.189803957754572e-05 9.255931688239528e-05 0.0002155859403368424 0.0005223674926001047 0.00022883676805876468 8.189139116257621e-05 6.5803092149561665e-06 8.398325687399757e-06 0.0 3.0556350567445844e-06 0.0 0.0 7.1903904272091e-06 3.47677148128014e-06 0.0 1.1801261386460891e-05 2.720746595858945e-05 0.0 6.172514138235266e-06 2.8997070751797203e-05 2.6775111441587234e-06 3.8229517776690856e-05 1.527111610890985e-05 7.21497863922858e-05 0.0 3.2724014969641284e-05 4.7694205490506394e-05 0.0 4.950689506936386e-06 0.0 0.000211946938709172 1.8617335622162974e-05 8.560532193973617e-05 9.399747510001331e-05 4.229560700324871e-05 3.0465926517906027e-05 1.810696084872991e-05 2.841079918338258e-06 0.0 4.9733594107169784e-05 5.181820216824904e-05 0.0 0.0 2.0217511289654152e-05 0.0 0.0 1.4013155122541034e-05 1.268743360127343e-05 3.769001656479588e-05 4.028330236139949e-06 0.0 0.0 5.015828227499909e-06 3.149384385495783e-05 0.0 0.0001320994392700441 7.635054631477543e-05 0.00011683113211542836 3.437549419122342e-05 0.0 3.836880699612222e-06 0.0 8.004478926752093e-06 0.0 9.562983801602005e-06 3.855088922964406e-06 1.9281388163426732e-05 0.0005470975944249211 8.702540981575584e-05 5.077133876527607e-06 4.001783155150411e-06 6.500186065983411e-05 0.0003831301480355592 0.00024438891686053493 0.0006488370477672835 6.241405963039427e-05 2.7379721901563208e-06 1.5435294324563277e-05 7.246398861234445e-06 5.951109636115096e-06 1.2500220888681714e-05 0.0 0.0 0.0 2.5396038337846514e-05 1.8682190335167815e-05 5.142062353179219e-05 0.0 0.00017740471023426703 9.856488754415357e-05 0.00016496911590447734 0.01245273908209806 0.00024184603581035654 0.01024790362593925 0.005171715896273442 0.0007073548785989596 0.0006772194253785688 1.2397927054439715e-05 0.003248215371016016 0.0004267045909929425 8.607002817407241e-06 0.0002226515770432294 4.0386104647490024e-05 0.00031195643090666225 3.236826108347904e-05 0.0 3.891536284860216e-06 0.0004130070696699249 0.0 0.000998867605775099 0.0002567179679599688
