0.0 0.043244176213472534 0.014492490765642279 0.04532403345218438 0.00011128655317287425 0.001140229699527745 0.005275588515330213 0.0015665457076666932 2.828178366750813e-05 0.020609892520928295 0.0010015768633758009 0.0011771414366267526 0.0019718719016051985 0.0001974031279643291 1.552850736315777e-05 2.7244927684242225e-05 2.9750483372969487e-05 0.0 0.0 0.0 0.0 6.700788716012897e-06 0.0 3.243057850325153e-06 4.465125513793513e-06 3.02780481581467e-06 2.596913393552871e-06 3.3576140475959483e-06 0.0 0.0 0.03240497333687289 4.8081080290616355e-05 8.008437195900043e-05 0.0 0.0 0.0 0.0 0.0 0.0 0.0 0.0 0.0 2.808816469359122e-06 0.0 3.762462297515261e-06 0.0 0.0006376907237295493 0.00014966694507630195 8.822760492282918e-06 0.0 0.0 0.0 0.0 0.0 5.452876013151544e-05 2.2644533236483146e-05 0.002659095486732124 0.01751918776165132 0.0007332634527110552 0.0005888162124834105 0.0 0.0 0.0 0.003429256147360925 0.0 1.2598101147331235e-05 3.0441121351500064e-06 1.652003801866544e-05 0.0 0.0 2.7093032576711075e-06 0.0 0.0 0.002370455640934802 0.0011637078208808144 0.0022246293081342764 0.00039131336840015577 1.4045577153614773e-05 4.024518102972597e-05 0.00019674447828336094 3.371957372648544e-06 6.308220900898978e-06 0.00020191527197299653 0.0 1.46457574374331e-05 2.5349146750896995e-05 1.5713733536734325e-05 0.0 1.690408714001299e-05 4.001735399853859e-06 7.448187010284481e-06 0.0 0.0 0.0 6.102176274251852e-06 0.00012910363222668692 5.187477779860834e-05 0.0 3.2842789955582334e-06 0.031754573068463965 0.0 0.0 0.0 0.0 0.0 0.0 7.911395246588341e-05 0.0 0.0 0.0 0.0 0.0 2.469244216598848e-05 0.0 0.0 0.0 0.0 0.0 0.0 0.0 0.0 0.0 0.0 0.0 0.0 0.0 0.0 0.0 0.0 0.0 0.0 0.0 0.0 0.0 0.0 0.0 0.0 0.0 0.0 0.0 0.0 1.8777909901133985e-05 0.0 0.0 0.0 0.0 0.0 0.0 0.0 0.0 0.0 0.0 4.5993889486169566e-05 0.0 0.0 0.0 0.0 0.0 0.0 0.0 0.0 0.0 0.0 0.0 0.0 0.0 0.0 0.0 0.0 0.0 0.0 0.0 0.0 0.0 0.0 0.0 0.0 0.0 0.0 0.0 0.0 0.0 0.0 0.0 0.0 0.0 0.0 0.0 0.0 0.0 0.0 0.0 0.0 0.0 0.0 0.0 0.0 1.7821391543067565e-05 0.0 1.8086596417696727e-05 0.00026477381440171766 3.89041966526687e-05 0.0008308671688973425 0.00020699477303589807 0.005175853909111456 0.00020627379360496043 4.891896270869416e-06 1.3467073842144711e-05 0.0 0.0 0.0 0.0 0.0 0.0 0.0 0.0 5.141199924821901e-06 0.0 0.002045949269309816 0.00018003148684925206
0.043244176213472534 0.0 0.03326106793304475 0.008103099184840225 0.021632314909008205 0.004705215669582315 0.03690558726027803 0.0031267633029869917 0.005671726535860712 0.008882100325105795 0.014207431454206144 0.0006300745116230935 0.021941314298488227 0.019420000839101663 9.615330882404579e-05 3.556417614031372e-05 0.0 0.0 0.0 1.848645241069737e-05 0.0 0.0 0.0 4.077073663539531e-06 0.0 2.777562502751214e-06 2.377641005383302e-06 0.0 2.841092360933133e-06 0.0 0.05777712137143132 0.0031541453294647256 0.0008861801143484391 3.1109282948636306e-06 0.0 2.8958059849038726e-06 3.552384733223124e-05 4.6105182116613145e-06 0.0 1.5570235208116816e-05 0.0 3.0795541185058167e-06 0.0 4.8529782080363005e-05 6.01597735805518e-06 3.0380138348586834e-06 0.0037712775751637504 0.0003895901204286035 5.0984320523883204e-05 1.3744499188796215e-05 9.381004340228655e-06 1.184445762974067e-05 0.0 1.0722987339179925e-05 6.203106113794017e-05 3.6240724854114196e-05 0.003413398139957967 0.015413480031195958 0.0015447276244179593 0.001799893756687572 5.478411292196084e-06 2.28344126356979e-05 0.0 0.007843196308722059 1.6711037954626953e-05 2.6475388629651104e-05 2.872176726645666e-05 3.5667145879633185e-05 6.43732389882741e-06 6.0665660540829325e-06 5.03266097862098e-05 1.2534240499199219e-05 0.0 0.005682930926872736 0.00352478778080644 0.007235345641964374 0.0036236581982805704 0.00016928957116349477 0.0001221907638146324 0.007513255460905458 3.193579460427146e-05 6.436149736596474e-05 0.0006589467033458855 4.198107830666362e-06 6.1118832826027e-05 5.004999606850802e-05 4.606918483810055e-05 0.0 1.67369256784276e-05 1.1725186254761984e-05 2.0882872424068034e-05 0.0 3.950769591915645e-06 1.0236862520766352e-05 1.3697596356731295e-05 0.0006553643232108759 1.6022533059743644e-05 0.0 0.0 0.009154385071460307 0.0 0.0 0.0 0.0 0.0 7.564983144313568e-06 4.830013144169302e-05 1.2079987462987632e-05 0.0 0.0 0.0 2.1971138962928424e-05 1.2917611842169635e-05 5.206211517367908e-06 3.39119627528903e-05 0.0 0.0 0.0 0.0 0.0 0.0 0.0 0.0 0.0 0.0 0.0 0.0 0.0 0.0 0.0 0.0 0.0 0.0 0.0 0.0 0.0 0.0 0.0 0.0 0.0 0.0 0.0 0.0 0.0 0.0 0.0 0.0 0.0 0.0 0.0 0.0 0.0 0.0 0.0 0.0 0.0 0.0 0.0 0.0 0.0 0.0 0.0 0.0 0.0 0.0 0.0 5.017488462059461e-06 0.0 0.0 0.0 0.0 0.0 0.0 0.0 0.0 0.0 3.4141038203537124e-06 0.0 0.0 0.0 0.0 0.0 0.0 0.0 0.0 0.0 0.0 0.0 0.0 0.0 0.0 0.0 0.0 3.221195305951615e-06 0.0 0.0 0.0 2.836027892909381e-05 2.6359582592001854e-06 0.0 0.0012442788570390917 0.00015204539160068313 0.004570029354101175 0.000820930084200483 0.005547944221528512 0.0004692053177122947 8.077546747345856e-05 0.0001302189215194688 6.673586642109855e-06 0.0 0.0 0.0 0.0 0.0 0.0 0.0 0.0 0.0 0.002383443609298539 0.0
0.014492490765642279 0.03326106793304475 0.0 0.0002272025145391734 0.015498670123299979 2.821978982279723e-05 0.013512261120514622 0.05409172985451231 0.003989151372056964 9.30292293551954e-05 0.04720792260589669 2.7981830786377225e-05 0.002479432087536576 0.01330141039012998 8.5934327432532e-05 0.00015493211308186303 3.311788783686332e-05 3.183276376543371e-06 1.3235518035239786e-05 9.015630712917166e-05 0.00013510918927503842 1.32087553095007e-05 3.0065255302844103e-05 7.15111882213075e-05 9.05626807356693e-06 1.2129049239426159e-05 6.579567271757962e-06 8.647859000559388e-06 0.0 2.8404120249017512e-06 0.08580782152134922 0.011748580562353537 0.0037408917895145723 4.950327388460584e-05 9.321360240898658e-05 1.2329078263269485e-05 2.915249982997095e-05 6.8185344218111e-05 1.0748143289680317e-05 2.396027413442778e-05 8.877005696086352e-05 2.2017941762293657e-05 2.0123692437570454e-05 0.00021418652820982608 3.182111635005601e-05 7.466921202485648e-05 0.0017288567899617828 0.0001367596670098671 3.747036146906953e-05 3.05267958064829e-05 2.696078764262435e-06 1.9057248373166967e-05 7.453276173880968e-06 5.8026638780201306e-06 3.97814246028605e-05 3.349359445840416e-05 0.0014431751870366296 0.010938080688252203 0.000571717321038826 0.000693286286991707 0.0002908557752760581 0.0007814156866588152 0.00013627369593489255 0.008325705673405107 2.498722773297627e-06 2.5721889761617754e-05 2.1579801663694156e-05 2.3445275957148527e-05 1.1464288469895405e-05 7.319702168970694e-05 0.0004913856145354641 0.0001090345948712232 0.0 0.0022580430375651506 0.0016361457879273586 0.0028953531789316007 0.0014958564733611414 0.0003857655599909206 0.006643681361260146 0.011725674463500244 0.0005335091070095259 0.006174755949819127 0.0001902842534325331 0.0 3.1575224748969356e-05 2.6629705977852047e-05 1.4038423394668246e-05 0.0 5.513331514084218e-06 0.0 2.6972953551355953e-06 3.6030812201684638e-06 4.602359806124084e-05 0.0 1.034914453713024e-05 0.0002218116267438934 0.00012473056834100632 0.0 5.3435549931167186e-05 0.0030275788939517177 0.0 0.0 0.0 0.0 2.1030806577712213e-05 0.0 1.2313973609800818e-05 6.900797846989812e-06 0.0 6.509640663451739e-05 7.894848644488417e-06 3.220380806745456e-05 7.516432301939716e-05 5.621033027445842e-05 7.4921234749464e-05 0.0 0.0 0.0 0.0 0.0 0.0 0.0 0.0 0.0 0.0 0.0 0.0 1.2119515156921214e-05 0.0 0.0 0.0 5.991038523982516e-06 0.0 0.0 1.2268576667723491e-05 4.320984503498902e-05 0.0 0.0 0.0 3.2425049991491085e-05 3.2477832586500572e-06 8.279873653025504e-05 1.37037657029741e-05 0.0 0.0 0.0 0.0 0.0 0.0 0.0 0.0 0.0 0.0 0.0 0.0 0.0 3.302661709228233e-05 0.0 0.0 0.0 0.0 2.1567563003908232e-06 0.0 0.0 0.0 4.03661668856058e-06 0.00017870281899834355 3.3660707892926343e-06 0.0 0.0 0.0 0.0 0.0 0.0 0.0 0.0 0.00010246945276945393 0.0 0.0 0.0 0.0 0.00010525495735702931 0.0 9.047338222670138e-05 0.0 0.0 0.0 4.4740414965205725e-06 0.0 0.0 0.0 0.0 0.0 0.0 0.0 0.0 0.0 0.00024015302747729003 4.879446206750265e-05 2.010000088622199e-05 0.0006582660774470216 3.8138865791875726e-05 0.0015601491611600858 0.00029455076921202516 0.001234958548676133 0.0002068905895475435 4.264350791643439e-06 0.00015301741303791412 2.4959797743660873e-05 0.0 0.0 2.625508252288749e-06 0.0 0.0 0.0 0.0 0.0 0.0 0.0002089617771093273 5.8101248112424755e-05
0.04532403345218438 0.008103099184840225 0.0002272025145391734 0.0 0.0 0.009665360937295427 0.006884471382191471 0.0 0.0 0.02133775876843806 0.0 0.0062944925211840235 0.016752699823473615 0.0022974124510652637 0.0 0.0 1.0359801287760484e-05 0.0 0.0 0.0 0.0 6.38286149334111e-06 0.0 0.0 0.0 0.0 0.0 0.0 0.0 0.0 0.006310128937969413 1.2487528638651884e-05 3.423299042088473e-05 0.0 0.0 0.0 0.0 0.0 0.0 0.0 0.0 0.0 0.0 9.408127411033652e-06 0.0 0.0 0.00017452719010672578 0.0 0.0 0.0 0.0 5.687152823161428e-06 2.80258914961991e-06 0.0 0.0 0.0 0.00020021415311022786 0.001711775469886103 8.787901000474107e-05 6.038204368159815e-05 0.0 0.0 0.0 0.0003818024727361212 0.0 0.0 0.0 0.0 0.0 3.82928158325075e-06 0.00014087035933346364 3.322577935551759e-05 0.0 0.000265857089252027 6.629982786174383e-05 0.0002579596474303095 6.98253666886279e-05 3.4270302617867324e-05 0.0 0.0 0.0 0.0 2.824324749087342e-05 0.0 0.0 0.0 4.651403451635791e-06 0.0 0.0 0.0 0.0 0.0 0.0 0.0 0.0 0.0011413914736182133 2.66858403787605e-05 0.0 0.0 0.009701095426495734 0.0 0.0 0.0 0.0 0.0 0.0 0.000254524974386083 0.0 0.0 2.8970297372089425e-05 0.0 0.0 5.52399482936038e-05 0.0 0.0 0.0 0.0 0.0 0.0 0.0 0.0 0.0 0.0 0.0 0.0 0.0 0.0 0.0 0.0 0.0 0.0 0.0 0.0 0.0 0.0 0.0 0.0 0.0 0.0 0.0 0.0 0.0 0.0 0.0 0.0 0.0 0.0 0.0 0.0 0.0 0.0 0.0 0.0 0.0 0.0 0.0 0.0 0.0 0.0 0.0 0.0 0.0 0.0 0.0 0.0 0.0 0.0 0.0 0.0 0.0 0.0 0.0 0.0 0.0 0.0 0.0 0.0 0.0 0.0 0.0 0.0 0.0 0.0 0.0 0.0 0.0 0.0 0.0 0.0 0.0 0.0 0.0 0.0 0.0 0.0 0.0 0.0 0.0 0.0 0.0 0.00015078857195213974 5.3800524351277325e-06 0.0001315924168081076 7.766724091403781e-06 0.004468034890976069 7.736649487590461e-05 0.0 0.0 0.0 0.0 0.0 0.0 0.0 0.0 0.0 0.0 0.0 0.0 0.004644308430355929 0.0
0.00011128655317287425 0.021632314909008205 0.015498670123299979 0.0 0.0 0.0 0.033330321773702716 0.0012404801220889563 0.045519657226336725 7.905620631651966e-05 0.026747441250125997 7.378906863299974e-05 0.015035315198135906 0.041275299365636245 1.2438079235502078e-05 8.072674103391098e-06 4.962568804829428e-06 3.944410126706677e-06 0.0 0.0 0.0 6.995727742255883e-06 0.0 0.0 0.0 0.0 0.0 0.0 0.0 0.0 0.004017852744872587 0.002535659273320931 0.00013165727437303078 0.0 0.0 0.0 3.2987814635421467e-06 0.0 0.0 0.0 0.0 2.811827680966693e-06 0.0 3.4182443784060252e-06 0.0 6.302790716735384e-06 0.0013143183914642756 2.166945085547855e-05 4.35077677070104e-06 0.0 0.0 0.0 0.0 2.880583395155748e-06 3.274172964725487e-05 1.6674261444118525e-05 0.00013790604771611993 0.0007025022838415075 9.637641982497386e-05 0.0002494335861987635 0.0 2.3659297907411745e-06 0.0 0.001091549317649638 0.0 0.0 5.098820446395877e-06 1.7365285628441354e-05 0.0 0.0 7.645078161797938e-05 0.0 0.0 0.0005036005964108609 0.00034558850577662124 0.0006818899956073307 0.0008603875631360297 0.0001644926184287141 6.985979612508319e-05 0.0007748459058247817 1.2656059581998015e-05 1.692349973579565e-05 0.00012323899695447653 0.0 2.8012671265547517e-06 9.951507309194346e-06 3.5437942262089896e-06 0.0 0.0 0.0 0.0 3.149360744409179e-06 0.0 5.359810590999379e-06 0.0 0.0 0.0 0.0 0.0 8.211843175909167e-06 0.0 0.0 0.0 0.0 0.0 0.0 0.0 0.0 0.0 0.0 0.0 0.0 0.0 0.0 0.0 0.0 0.0 0.0 0.0 0.0 0.0 0.0 0.0 0.0 0.0 0.0 0.0 0.0 0.0 0.0 0.0 0.0 0.0 0.0 0.0 0.0 0.0 0.0 0.0 0.0 0.0 0.0 0.0 0.0 0.0 0.0 0.0 0.0 0.0 0.0 0.0 0.0 0.0 0.0 0.0 0.0 0.0 0.0 0.0 0.0 0.0 0.0 0.0 0.0 0.0 0.0 5.598087344914403e-06 0.0 0.0 0.0 0.0 0.0 0.0 0.0 0.0 0.0 0.0 0.0 0.0 0.0 0.0 0.0 0.0 0.0 0.0 0.0 0.0 0.0 0.0 0.0 0.0 0.0 0.0 0.0 0.0 0.0 0.0 0.0 0.0 0.0 0.0006300927283734207 4.8948292466752124e-05 0.0012168028282420345 0.0003739764872273003 0.00029355200011079677 0.00020236971399143906 0.0 4.568051772990672e-05 0.0 0.0 0.0 0.0 0.0 0.0 0.0 0.0 0.0 0.0 4.722208727851551e-05 4.425239748264468e-06
0.001140229699527745 0.004705215669582315 2.821978982279723e-05 0.009665360937295427 0.0 0.0 0.0006244782379392285 7.252202319856779e-05 0.0 0.005885326204618439 5.1806286659542585e-05 0.0009430608322317853 0.0007640202147423246 0.0005484859115833987 0.0 1.612959078311133e-05 4.675003495798748e-06 0.0 0.0 0.0 4.463702321293446e-06 0.0005533085738587337 0.0 0.0 0.0 1.0745502369571865e-05 0.0 0.0 0.0 0.0 0.006238040852927691 1.1954320815640434e-05 0.00046426461543041213 0.0 0.0 0.0 0.00012032133524561052 1.065029170070554e-05 2.6905803191486564e-05 0.0 5.355248872546688e-06 0.0 0.0 0.0 0.0 0.0 2.9767052141406272e-05 0.0 0.0 0.0 0.0 0.0006238381133480169 0.0002677797748609224 9.202682412217027e-06 0.0 0.0 0.001641287935889357 0.000988111783935606 1.608659746766451e-05 0.0 0.0 5.01256847308264e-05 0.0 1.7753941085099115e-05 0.0 0.0 0.0 0.0 3.969620356313999e-06 0.0 0.0012425584395382469 0.0064576018854522 0.00044304013787314645 1.7109934543098803e-05 6.236893891633923e-06 1.8197527566339155e-05 2.5099702568052473e-05 6.250136856989982e-06 5.441857297607694e-06 8.821369128369111e-05 0.0 4.327744753129363e-05 0.0 0.0 0.0 5.788460371400047e-06 5.381066971314881e-06 0.0 0.0 8.474549449679882e-05 0.0 0.0 0.0 0.0 0.0 0.004458441083265736 0.011144143155958668 0.0030545195818421165 0.0003723453548787842 0.006798539146920121 0.0 0.0 0.0 0.0 0.0 0.0 0.004444905670038679 1.1604516127090539e-05 8.156320764826767e-05 0.0003563724445743119 0.0 2.4490289720747285e-05 4.343335019885595e-05 4.0731016833208926e-05 6.361965799112086e-05 0.0 0.0 0.0 0.0 0.0 0.0 0.0 0.0 0.0 0.0 0.0 0.0 0.0 0.0 5.589643107305178e-06 3.209351064869934e-05 0.0 1.8305170708347044e-05 0.0 0.0 4.548512800669511e-05 0.0 4.295621240912091e-06 0.0 0.0 0.0 9.023275754618184e-06 0.0 0.0 0.0 0.0 0.0 0.0 0.0 0.0 0.0 0.0 0.0 0.0 0.0 0.0 2.8668271370094304e-05 0.0 0.0 0.0 0.0 0.0 0.0 0.0 0.0 0.0 2.1007646734264633e-05 0.0 0.0 0.0 0.0 0.0 0.0 0.0 0.0 0.0 3.2025884849322644e-05 2.2204289040984584e-05 0.0 0.0 0.0 2.104217620341962e-05 0.0 4.005902387000122e-06 0.0 0.0 0.0 3.0942182870753003e-06 0.0 0.0 0.0 0.0 0.0 0.0 0.0 0.0 0.0 0.00029007305037705595 5.281819187301598e-06 0.0 0.001306810785314562 7.80338721257365e-05 5.607531767428579e-05 3.821409151877425e-05 0.00309546742154118 0.0 0.0 0.0 0.0 0.0 0.0 0.0 0.00027202472215066495 0.0 0.0 0.0 0.0 0.0 0.00022727828987755257 0.0013696725606182592
0.005275588515330213 0.03690558726027803 0.013512261120514622 0.006884471382191471 0.033330321773702716 0.0006244782379392285 0.0 0.0012511107650371362 0.04054250453202117 0.007434204685625653 0.03142129881451309 0.0030857234761159725 0.018577017095497236 0.06206517038904826 0.00010796270044560586 5.950095822042481e-05 4.688495690352603e-06 0.0 0.0 0.0 9.750797380952024e-06 0.0 0.0 6.40445889422372e-06 0.0 0.0 0.0 0.0 0.0 0.0 0.0036526646105832683 0.0025697096500699674 0.0007386540227888401 2.8869607639444885e-06 2.7619809888562076e-06 0.0 0.00014303301003226504 0.0 0.0 0.0 0.0 0.0 1.2487885005144512e-05 1.871187183668098e-05 6.629604367018418e-06 1.1244447856205893e-05 0.0020391309811048546 9.07820856955843e-05 1.0917491829836092e-05 3.1677534045123854e-06 0.0 0.0 0.0 0.0 2.2649201808046866e-05 2.376869304258316e-06 0.0001962611040800049 0.0008082247207174436 0.00017982711578103802 0.00044849821979260195 2.072568581407058e-05 0.0 0.0 0.0015054160707407326 2.767818692597498e-06 2.877861766846414e-06 1.0042591629198655e-05 9.496645835454272e-06 2.725897318466621e-06 0.0 0.0006960999111406031 3.8979204978955705e-05 0.0 0.0007244351350044476 0.0005170403869025342 0.0010745354929329676 0.0018763069717640626 0.0002731674547894011 7.3425773170815e-05 0.0009436058663638804 1.306356068774563e-05 6.705856821589366e-05 8.570249880917337e-05 0.0 1.2632000438896585e-05 8.75816153462311e-06 2.51161389068357e-05 0.0 5.381693312423136e-06 0.0 0.0 0.0 4.7275135585383524e-06 1.1523425130621548e-05 0.0 0.0015473823550068275 3.381606123319178e-05 0.0 4.2834527176894705e-05 0.00011709040579175459 0.0 0.0 2.3378207726399045e-05 0.0 0.0 0.0 0.0003643247355756756 0.0 2.8057705873272288e-05 3.190155784443657e-05 0.0 2.29023501847097e-05 4.99623023454922e-05 2.911446950051078e-05 0.0001218322484661552 0.0 0.0 0.0 0.0 0.0 0.0 0.0 0.0 0.0 0.0 0.0 0.0 0.0 0.0 0.0 0.0 0.0 0.0 0.0 0.0 1.4194377499499404e-05 0.0 0.0 0.0 8.829484565314885e-06 0.0 1.4128513355535628e-05 4.039908957952211e-06 0.0 0.0 0.0 0.0 0.0 0.0 0.0 0.0 0.0 0.0 0.0 0.0 0.0 0.0 0.0 0.0 0.0 0.0 0.0 0.0 0.0 0.0 0.0 2.0951115470671202e-05 1.3064198964573736e-05 0.0 0.0 0.0 0.0 0.0 0.0 0.0 0.0 5.342041856442077e-05 0.0 0.0 0.0 0.0 6.886290746809865e-05 0.0 7.427234138273706e-06 0.0 0.0 1.226461372454988e-05 0.0 0.0 0.0 0.0 0.0 0.0 0.0 0.0 0.0 0.0 0.00015389386545049954 8.155631334913597e-06 0.0 0.0013136863635538787 0.00010183446707400506 0.002030891441091036 0.0004342083428934895 0.000683337066367507 0.0002952138308465803 1.6202602149794092e-05 0.0002127497093804485 0.0 0.0 0.0 0.0 0.0 0.0 0.0 0.0 0.0 0.0 0.0009150303898161182 8.746686846162655e-05
0.0015665457076666932 0.0031267633029869917 0.05409172985451231 0.0 0.0012404801220889563 7.252202319856779e-05 0.0012511107650371362 0.0 0.002742327767256285 0.00019495079677642953 0.04265855416302635 0.00020927447023466158 0.0023647690885920222 0.020767058637294764 0.0004802453767387987 0.0007062166531451784 0.00014688524656243933 3.66488346815741e-05 3.665433648005679e-05 0.0005284024564467254 0.0005662398478373732 3.8332869266482056e-05 0.00018978622216520277 0.0002477646647928384 5.613912461167847e-05 5.5136762290408004e-05 6.187164737945568e-05 1.3275746526438773e-05 2.4468846915855097e-05 1.2158569258542219e-05 0.028652632631811403 0.052334787741979145 0.036227030252770596 0.00028922864508808076 0.00043359296374927104 5.161484993307137e-05 0.0004683803835609663 0.0003148800488824071 5.551554719093461e-05 2.3724722703211568e-05 0.0004640722516963659 0.00017149193995937966 0.00013277819178399708 0.0011224374604120403 0.0001678899366483871 0.0006587860960154163 0.006393333308375721 0.00021752900691210232 6.21125673269496e-05 8.881257639981398e-05 2.2260430120212478e-05 1.4781132371958278e-05 0.0001206737976211134 8.885138496662663e-05 7.197717748033612e-05 4.68044831542835e-05 0.0006102077486277237 0.0026361696130907867 0.00040676817951365856 0.0009412539506712528 0.0015537416806815456 0.004725571989199739 0.0008189728245055748 0.01044585520428549 1.079313868003987e-05 8.275309661102364e-06 8.001264965006131e-06 2.0160162313752293e-05 2.595649429239263e-05 0.00041860199687542986 0.0036534608390441765 0.0007803201165961426 3.8412647617951475e-06 0.0016519819948801048 0.0011314132226235946 0.0024441877649588623 0.0061926580599357866 0.01156640401123613 0.05053909833124096 0.08163439345995621 0.002867148226203219 0.04452004170154599 0.00022578667927365762 3.12795005228706e-06 3.1193919138084204e-05 2.258201294127177e-05 3.2579240451622684e-05 0.0 1.6901744328716948e-05 0.0 5.211654489802772e-06 0.0 5.073732415825102e-05 7.226164404914701e-05 6.524310686207626e-05 0.002288385804606523 0.0006141239316295392 1.7170457736614047e-05 0.00034144885824922294 7.949652411562396e-05 8.100483478087403e-06 1.0095262539972414e-05 1.7267091882164243e-05 0.0 3.8286780052653485e-05 2.2240293992459928e-05 0.0006861192903372268 3.962551511488685e-05 6.136521791229264e-05 0.0003605281695163466 9.674799100377091e-05 0.0004293106626296183 0.0004666894069340473 0.00017716968231999176 0.0006209566981468612 0.0 0.0 0.0 0.0 0.0 0.0 0.0 1.1468471655518606e-05 0.0 0.0 2.8170604710586936e-05 0.0 0.0 0.0 0.0 0.0 0.0 1.816487200520043e-05 0.0 9.069349650939601e-05 0.00019031519707042498 0.0 3.1653654364095865e-05 1.6429361502422636e-05 0.00018230911007459993 4.79365299135493e-05 0.0004158699510982298 5.152494838606731e-05 3.147407833294869e-06 1.937321927451878e-05 0.0 0.0 8.035492062591618e-06 0.0 0.0 0.0 0.0 0.0 0.0 0.0 0.0 0.00011183318697561277 0.0 0.0 0.0 0.0 2.141645252786524e-06 4.0801320496588856e-06 0.0 0.0 3.588136277998727e-06 0.0006404212535282364 5.136055629567065e-06 0.0 0.0 4.543655161619711e-06 0.0 0.0 0.0 0.0 1.146727808353373e-05 0.000371256839110726 2.9969845136946016e-06 0.0 0.0 0.0 0.0004899850390877753 2.3682951093946412e-05 0.00017585027516676691 0.0 0.0 3.3893457271816147e-06 1.0695424636027165e-05 0.0 0.0 0.0 0.0 0.0 0.0 0.0 0.0 0.0 0.0011844329783971897 0.0001566813206757187 0.00010434497153952868 0.00664387930806924 0.0003217911053385151 0.006941781908472597 0.0022318978926843197 0.0026760102711189592 0.0010484751814651462 4.598938858305134e-05 0.0010583654860973452 9.45911336760371e-05 0.0 1.8455445399816813e-05 0.0 1.8126379592871834e-05 3.975322220196059e-06 0.0 5.781450693643127e-06 7.103997225372031e-06 0.0 0.0013890314325891522 0.0007272227814853681
2.828178366750813e-05 0.005671726535860712 0.003989151372056964 0.0 0.045519657226336725 0.0 0.04054250453202117 0.002742327767256285 0.0 5.402326079794918e-05 0.032714246236499274 0.00015969693457462689 0.03076035640310846 0.026187410001135437 1.0958364849906913e-05 1.278497757626879e-05 0.0 0.0 0.0 0.0 0.0 0.0 0.0 0.0 0.0 0.0 0.0 0.0 0.0 0.0 0.0007737737471082251 0.0008428074771778805 0.00019341714629375663 3.242773666519229e-06 0.0 0.0 3.9074184890571626e-06 0.0 0.0 0.0 0.0 0.0 0.0 1.1021874246854807e-05 0.0 0.0 0.0005287142384787777 1.5207109403664229e-05 0.0 0.0 8.405455045230925e-06 0.0 0.0 0.0 1.582097740049489e-05 3.7344099456648927e-06 4.536178285685853e-05 0.00013108250466840294 3.94639247926328e-05 9.61887653007757e-05 0.0 0.0 5.375154811416438e-06 0.0003813769657444301 0.0 0.0 0.0 4.1899281681804545e-06 0.0 0.0 4.491722162516415e-05 8.201074030583679e-06 0.0 0.00012709020871784667 0.0001141965476026565 0.0002739141241522105 0.0004009126131150628 6.614777417964899e-05 5.19174221363415e-05 0.0005503886676661684 3.2434159219206174e-06 6.937109716975558e-06 3.12278018048969e-05 0.0 0.0 4.5360518238922144e-06 0.0 0.0 0.0 0.0 2.886674306668117e-06 0.0 0.0 0.0 0.0 7.191857536934891e-05 5.841011072423901e-06 0.0 0.0 0.0 0.0 0.0 0.0 0.0 6.217356254976649e-06 0.0 7.68140870265973e-06 0.0 0.0 0.0 0.0 0.0 3.561754188049296e-05 0.0 1.52286087611338e-05 0.0 0.0 0.0 0.0 0.0 0.0 0.0 0.0 0.0 0.0 0.0 0.0 0.0 0.0 0.0 0.0 0.0 0.0 0.0 0.0 0.0 0.0 0.0 0.0 0.0 0.0 0.0 0.0 0.0 0.0 0.0 0.0 0.0 0.0 0.0 0.0 0.0 0.0 0.0 0.0 0.0 0.0 0.0 0.0 0.0 0.0 0.0 0.0 0.0 0.0 0.0 0.0 0.0 0.0 0.0 0.0 0.0 0.0 0.0 0.0 0.0 0.0 0.0 0.0 0.0 0.0 4.136932719500329e-06 0.0 0.0 0.0 0.0 0.0 0.0 0.0 0.0 0.0 0.0 0.0 0.0 0.0 0.0 0.0 1.1248814624567719e-05 0.0 0.0 0.00044720165675461634 2.0972553160254884e-05 0.0005025814388266605 0.00018298847561828472 0.0003303358991139962 4.5392469024222166e-05 5.143228428828589e-06 2.0663955976115386e-05 0.0 0.0 0.0 0.0 0.0 0.0 0.0 0.0 0.0 0.0 3.2193825258720066e-05 0.0
0.020609892520928295 0.008882100325105795 9.30292293551954e-05 0.02133775876843806 7.905620631651966e-05 0.005885326204618439 0.007434204685625653 0.00019495079677642953 5.402326079794918e-05 0.0 0.0013171682213405057 0.04307275698023478 0.14236932857179957 0.015015284598061117 4.517771984759961e-06 2.5187426414551734e-05 4.376427769391353e-06 0.0 0.0 0.0 4.185406519644396e-06 5.836617022416702e-06 0.0 0.0 0.0 0.0 0.0 0.0 0.0 0.0 0.000802497585790443 8.359520626321456e-05 0.0030156398721712693 0.0 0.0 0.0 0.0011757536000023478 0.0 0.0 2.0715580806299537e-05 0.0 0.0 0.0 0.0 2.840629425513283e-06 0.0 6.1019176669884607e-05 0.0 0.0 0.0 0.0 0.0 2.1246129237255147e-05 0.0 0.0 0.0 5.714795950331268e-05 0.00039370926238930175 7.2082185101727866e-06 0.0 0.0 0.0 8.605473838457242e-06 7.520421418441853e-05 0.0 0.0 0.0 0.0 0.0 5.52304690585734e-06 0.0031785604753035105 9.532172335073965e-05 0.0 4.78910997219667e-05 4.130976880550917e-05 7.119759281238939e-05 6.253843523207411e-05 3.7673982007852134e-05 2.0180796331532823e-05 0.00016867517742662314 4.430660270178661e-06 1.527485115003375e-05 2.8419004091668973e-05 0.0 2.730537471649748e-06 0.0 0.0 0.0 0.0 0.0 0.0 0.0 0.0 0.0 0.0 0.0054714588214918435 0.0015400934803014086 3.6016146043828515e-05 0.000145164709136028 0.0013600624151809246 0.0 1.9770020007421933e-05 0.0 0.00015743179582805708 3.108223206051802e-05 9.6274485935627e-05 0.004476236178712872 5.34472753549996e-05 0.00023915730937340207 0.0011202109823146122 7.074431083224263e-05 0.0006106757641172885 0.0005119224542426385 0.0001016875463198128 0.00042365048083892556 0.0 0.0 0.0 0.0 0.0 0.0 0.0 0.0 0.0 0.0 0.0 0.0 0.0 0.0 0.0 0.0 0.0 0.0 0.0 5.0959368333171654e-06 1.7907883452768142e-05 0.0 0.0 0.0 6.50909008574614e-05 4.152400844056773e-06 8.255337081130124e-05 0.0 5.1682934405110845e-06 0.0 0.0 0.0 0.0 0.0 0.0 0.0 0.0 0.0 0.0 0.0 0.0 0.0 0.0 0.0 0.0 3.515817467250997e-06 0.0 0.0 0.0 0.0 0.0 0.00023076537010998093 0.0 0.0 0.0 0.0 0.0 0.0 0.0 0.0 0.0 0.00017092967661568297 0.0 0.0 0.0 0.0 0.0001072966486290448 0.0 2.47392540592355e-05 0.0 0.0 0.0 0.0 1.3409814215456698e-05 0.0 0.0 0.0 0.0 0.0 0.0 0.0 0.0 0.0009270330110797813 3.791065511255033e-05 3.1500896758713738e-06 0.00027947368015161485 1.286938528193672e-05 0.00010814893518750968 5.604015703289787e-05 0.0011419888268415302 4.9234948955971464e-05 0.0 0.0 0.0 0.0 0.0 0.0 0.00013417909816372815 0.0 0.0 0.0 0.0 0.0 0.005087083124355867 0.0013932736824062088
0.0010015768633758009 0.014207431454206144 0.04720792260589669 0.0 0.026747441250125997 5.1806286659542585e-05 0.03142129881451309 0.04265855416302635 0.032714246236499274 0.0013171682213405057 0.0 0.0008044483766093767 0.02002372414388207 0.08219144378110228 0.0003333709838663672 0.0002952241012493264 4.497447073705134e-05 3.195218916803521e-06 9.889198588826481e-06 4.800779980186936e-05 5.5010754196218e-05 1.3756486345913891e-05 2.831588345074856e-05 1.1992079749565944e-05 3.493471781989007e-05 5.992655529838223e-06 4.545456318581657e-06 1.3135257420142191e-05 1.1540016065395196e-05 0.0 0.0070682623232526534 0.004848131053663838 0.007752351596872797 1.7283391528536823e-05 6.088800850823852e-05 5.958849081122265e-05 0.000911254850232406 0.00018190597999997123 6.978878939096742e-05 4.403390247927624e-05 8.117326625988811e-05 9.146097437884276e-06 3.0071045547889805e-05 0.00020735369448303392 6.686392532772402e-06 1.4723116532162701e-05 0.004995438788333398 0.00014088375433715588 5.139009578137745e-05 9.554524414471589e-06 1.4235265012944334e-05 1.6033702335867873e-05 2.9441225461481212e-05 1.2691940629333978e-05 3.384163749154113e-05 3.08078187780255e-05 0.0004631234946822231 0.0010462000394486077 0.00044269505916128915 0.0008887714688225641 4.8271807410124164e-05 0.0002638759714740604 4.3378246674703454e-05 0.0024318962049258348 6.397897942696352e-06 2.421703633445865e-05 1.217079584051639e-05 1.0973827859154853e-05 1.1506151017978458e-05 4.581286894873688e-05 0.003363519422321841 0.00024834453417586354 0.0 0.0013895830236942011 0.0007477130664856398 0.0020267561191253474 0.004054515048729828 0.0012688756520298882 0.002780013105249022 0.014995652479098072 6.899245322439671e-05 0.000860179166320021 0.00022340072205546968 0.0 3.29855857818316e-05 1.4044530220473748e-05 1.561828386928722e-05 0.0 2.351018012821589e-05 0.0 9.465866739986064e-06 0.0 2.1970019278733085e-05 1.1164175024914153e-05 6.208658809596343e-06 0.0010928751641237212 0.0001782863030139044 3.845006041600137e-06 0.00020329979416167275 4.9746479238267046e-05 0.0 0.0 3.1750518130161253e-06 0.0 1.29404207186169e-05 9.819038154084744e-06 0.0002692802636510982 3.690300356228401e-06 6.819070193540408e-05 0.00012320329579548978 4.530983377295179e-05 0.00016905984095335908 0.0003037907172150806 0.00013043699735172353 0.00023251260518403972 0.0 0.0 0.0 0.0 0.0 0.0 0.0 3.3015244056369245e-05 0.0 0.0 0.0 0.0 0.0 0.0 0.0 0.0 0.0 1.3547430791843002e-05 0.0 3.530569136014324e-05 6.232737277196576e-05 0.0 4.057606788649932e-05 0.0 7.671804597265009e-05 8.36921450538047e-06 0.000178732372124873 5.347749261908351e-05 3.3907521528371327e-06 0.0 0.0 0.0 0.0 0.0 0.0 0.0 0.0 0.0 0.0 0.0 2.9356607743980702e-06 1.9741162562849385e-05 0.0 0.0 0.0 0.0 0.0 0.0 0.0 0.0 0.0 0.00023928087618660734 3.413893524337329e-06 0.0 0.0 0.0 2.7516179421893836e-06 0.0 0.0 0.0 0.0 0.00015639677112523655 0.0 0.0 0.0 0.0 0.0001442796397020794 1.7863258353907703e-05 7.98070506236219e-05 0.0 0.0 2.929516152146382e-06 0.0 0.0 0.0 0.0 0.0 0.0 0.0 0.0 0.0 0.0 0.0006446668263065357 0.00010275809058816815 4.928082616868079e-05 0.005605458524081144 0.000263848532675047 0.0057790575630573115 0.0018728741589870296 0.0024723524201393805 0.0009585782595525342 2.7886861673745936e-05 0.0006050739639109497 2.9434036463742754e-05 0.0 0.0 3.2799608226272185e-06 1.6814826711675095e-05 3.549592144217451e-06 0.0 0.0 1.010734461448127e-05 0.0 0.0007958900991648556 0.00030596115170832623
0.0011771414366267526 0.0006300745116230935 2.7981830786377225e-05 0.0062944925211840235 7.378906863299974e-05 0.0009430608322317853 0.0030857234761159725 0.00020927447023466158 0.00015969693457462689 0.04307275698023478 0.0008044483766093767 0.0 0.04819367783000792 0.007698008323227224 8.931741088536626e-05 9.485556216050846e-05 1.1437659878912718e-05 0.0 0.0 1.0335239565598282e-05 1.0076603599643052e-05 0.0 0.0 2.23008424783339e-06 0.0 1.3868455617999363e-05 0.0 0.0 0.0 0.0 7.41510434930383e-05 0.0003532668109079365 0.0029577837772083115 1.1716684896207766e-05 0.0 1.4029988535124616e-05 0.005830748409992131 0.0002003213330326321 0.0001362545197800364 5.5047282472171945e-05 3.3759153994423116e-05 3.6057340759967643e-06 0.0 5.0788784161827705e-05 8.329688516549727e-06 0.0 0.0005540393874702756 2.779082260908534e-05 0.0 3.273675245207792e-06 0.0 7.5454477811267434e-06 5.296087601502953e-05 3.2442534115966755e-06 0.0 0.0 3.1114341704565556e-05 5.630466253118061e-05 2.2208389244936455e-05 4.884805146033713e-05 9.967976329115252e-06 8.292785004298429e-05 4.246488134338279e-06 0.00017517768399664773 0.0 0.0 0.0 1.193951086077851e-05 0.0 1.2474883311839686e-05 0.005607518761188333 0.00027856874058595604 1.2714477826062777e-05 3.5075146679219794e-05 2.8545677886424367e-05 0.00011075339366110983 0.00040879665993308795 0.000310388203838813 0.00013743649422379742 0.0004962168236387625 2.4445621141764543e-05 3.8094875559637716e-05 2.50172403847199e-05 0.0 3.66285473680368e-06 0.0 0.0 3.2753777903890826e-06 0.0 0.0 0.0 0.0 9.880175184620782e-06 7.705316517884502e-06 2.7568136747130915e-06 0.010039740175211974 0.00018053838323040823 1.9247255939278194e-05 0.0004019117667169807 6.585729683915904e-05 0.0 7.318319557918111e-06 0.0 0.00017968327643185338 5.068164004658305e-05 0.0 0.0035771167610565424 5.7646880550139385e-05 0.00022297496270855905 0.0012517420557747406 0.00010189112906214922 0.0005938749749488908 0.0006884935175846415 0.00023906185800085216 0.0006056689945000207 0.0 0.0 0.0 0.0 0.0 0.0 0.0 0.0 0.0 0.0 0.0 0.0 0.0 0.0 0.0 0.0 0.0 1.7468854711407515e-05 0.0 3.792022159200915e-05 0.00021036766707837096 0.0 0.0 0.0 6.0550798845967174e-05 4.345972927645701e-06 0.00018873661599130026 4.8946249469371344e-05 0.0 0.0 0.0 0.0 6.9847696146994575e-06 0.0 0.0 0.0 0.0 0.0 0.0 0.0 0.0 1.0389669574130707e-05 0.0 0.0 0.0 0.0 0.0 0.0 0.0 0.0 4.00280336259652e-06 0.00032235332378117044 3.7403316257208336e-05 0.0 0.0 0.0 0.0 0.0 0.0 0.0 0.0 0.00025824459426975247 0.0 0.0 0.0 0.0 0.000333959433042677 8.568452077324301e-06 0.00010471477680015568 2.449378518156015e-06 0.0 0.0 7.2217072945209695e-06 5.803719336675329e-06 0.0 0.0 0.0 0.0 0.0 0.0 0.0 0.0 0.002374485248229789 8.672990198650282e-05 2.72024140710598e-05 0.0012595448783140918 3.0064538307101757e-05 0.000834645022305603 0.0002730551561482846 0.0004577013870223921 0.00011154475746362827 0.0 0.0003801462662820406 4.648462319754762e-05 0.0 3.243565203673869e-05 0.0 5.956944992785814e-06 0.0 0.0 0.0 0.0 0.0 0.007276987550024686 0.001131982324566397
0.0019718719016051985 0.021941314298488227 0.002479432087536576 0.016752699823473615 0.015035315198135906 0.0007640202147423246 0.018577017095497236 0.0023647690885920222 0.03076035640310846 0.14236932857179957 0.02002372414388207 0.04819367783000792 0.0 0.10995094941832487 0.00024186145185315765 0.0002610819047125963 3.430824428198004e-05 3.1726473338342025e-06 6.388386594895884e-06 2.523944483930709e-05 5.1219684393787504e-05 3.3149737736912254e-05 9.392475987922389e-06 1.7712666229126716e-05 1.0639469413008344e-05 1.0272011226434446e-05 0.0 1.6657748659891507e-05 3.6038530633853534e-06 4.543104413403832e-06 0.0008439377267587579 0.002004950769868773 0.025100108821875498 1.4920526233866828e-05 1.9589415230897316e-05 1.2603302563531063e-05 0.021189280637825547 0.00011153151819266173 0.00022918749636434917 2.6947914400399798e-05 6.400894916695246e-05 2.248326546284882e-05 9.489162139109075e-06 0.00011885824277082382 0.0 2.175903241151713e-05 0.0028107689388517975 4.9561064366643324e-05 0.0 6.930271117869802e-06 0.0 7.631914398468592e-06 7.914746796721888e-05 5.7407101032258646e-06 6.39516437866717e-06 0.0 7.635536889442705e-05 0.00028901723791301587 7.448569862707819e-05 0.00017712921937715288 2.0130157619155228e-05 0.0002507012352395992 3.753825155938575e-05 0.0010209864408422659 3.7699661709106843e-06 9.28361483412231e-06 5.7312868524052305e-06 6.720478675190148e-06 5.6296254953282355e-06 3.23144422440198e-05 0.015572892970662706 0.0004888440425279094 0.0 0.0004331980950399723 0.00024377952316959623 0.000545429163783686 0.002251502076663427 0.0009662521268695359 0.0007556677190544306 0.0037617120164604623 5.5018618556771234e-05 0.00016791200067907904 5.188963691726867e-05 3.509356548423315e-06 6.5858105057903055e-06 3.493699725819739e-06 7.018473245714429e-06 0.0 7.49688645237045e-06 0.0 3.1729127615089353e-06 3.942352635951788e-06 8.6697010836989e-06 6.999479536861693e-06 0.0 0.02461919993804403 0.00032687174029480225 7.868457631167482e-06 0.000514003288707898 2.9021303818311887e-05 0.0 5.514829219578198e-05 0.00011502012278702502 0.0005025235767303039 7.011307295282633e-05 5.319005661368453e-05 0.0025409346673965646 0.00022976212966075015 0.0006051435005622373 0.0018019323688280504 0.00020040374264196058 0.0016254249640794932 0.0020591395336316165 0.00045374630693050807 0.001343474252904487 0.0 0.0 0.0 0.0 0.0 0.0 0.0 0.0 0.0 0.0 0.0 0.0 5.991955300940427e-06 0.0 0.0 0.0 1.2191047631077954e-05 0.0 0.0 8.84268464733463e-05 0.000256830099783433 0.0 1.0676778768152878e-05 0.0 0.0001383076696272906 2.3564013066572076e-05 0.0002316256553058473 5.5437871231261415e-05 0.0 0.0 0.0 0.0 0.0 0.0 0.0 0.0 5.302018972226674e-06 4.910267617187176e-06 2.5793039440187914e-06 0.0 0.0 1.9676364392341624e-05 0.0 0.0 0.0 0.0 0.0 0.0 8.89206297611457e-06 0.0 0.0 0.00042417026126129084 8.239637204679948e-06 2.8100074836897494e-06 0.0 0.0 0.0 0.0 0.0 0.0 0.0 0.0005237332417750532 4.346556925366875e-06 0.0 0.0 0.0 0.0003239108221162851 1.1927664943012377e-05 0.0001596977743377734 0.0 3.2139915306552478e-06 0.0 2.293409578930186e-05 1.3140534145050591e-05 0.0 0.0 0.0 0.0 0.0 0.0 0.0 0.0 0.002665999435609154 0.0001475945787200912 1.772416657938485e-05 0.0037079611489665132 0.0001628294727744606 0.002923159088006391 0.000722747490148469 0.0008907935244145095 0.0004972359687188757 5.197739998113314e-06 0.0007505599902982703 6.234188831240476e-05 0.0 2.6391249193495966e-05 2.158427329588037e-05 0.00011162534886496645 2.6898930490324096e-05 1.0696763710120679e-05 0.0 0.0 0.0 0.005757310486826877 0.0014940641488318833
0.0001974031279643291 0.019420000839101663 0.01330141039012998 0.0022974124510652637 0.041275299365636245 0.0005484859115833987 0.06206517038904826 0.020767058637294764 0.026187410001135437 0.015015284598061117 0.08219144378110228 0.007698008323227224 0.10995094941832487 0.0 0.0005253096481376031 0.0005535733945168571 6.973721287203026e-05 1.0453106788391899e-05 6.219159685409044e-06 5.0979399881283625e-05 9.072887682486593e-05 3.9409581175977374e-05 2.1494839515420866e-05 2.2734677192273655e-05 9.24728531632222e-05 1.687206474039386e-05 9.513721303617024e-06 1.701178967643631e-05 1.6282175320555648e-05 0.0 0.0018677754564769132 0.00410196359867308 0.03090450816606573 1.1295609182602582e-05 0.0001002798551938072 0.00046265632009254 0.018093408756229525 0.0007769335015911518 0.0005527053786689184 0.00017510005947424335 0.00010225117346159414 5.161189641077639e-05 1.5802973788021995e-05 0.00027605468694888024 1.5955596690280114e-05 3.4216111323731875e-05 0.005455553287615461 0.00013002725716176905 1.8725691126795453e-05 2.3126069054798658e-05 1.1895294134047187e-05 3.853874565631607e-06 0.0002140494777275812 2.6773717968698765e-05 8.338815647844588e-06 7.346303705655059e-06 0.0002228702807618089 0.0005655068187288804 0.0003219422178038447 0.0006029020675762061 3.558325226247017e-05 0.0005546816911829104 5.8404574539515795e-05 0.002053136767410331 5.469085232237074e-06 1.3073764023113523e-05 5.820658680795043e-06 3.848094267019113e-06 4.955267554487628e-06 7.84265743597906e-05 0.02165287879306727 0.0006758219327571423 4.171713975507366e-06 0.0007927354506123697 0.0005910356439591868 0.0016718912272980753 0.004368724450117257 0.0019637564814262718 0.0017226459165077873 0.009242636313655374 0.00010617769336516652 0.0006634837208263503 0.00015348938266095458 0.0 0.0 1.4581530476375251e-05 1.3896128016101211e-05 0.0 1.5612166244497093e-05 3.2579627225782546e-06 7.7007110351257e-06 1.1943127952260313e-05 2.298452761586874e-05 3.2618148340675543e-06 1.1668101685298418e-05 0.010882660159621884 0.0006470580747430064 3.433549239365964e-05 0.0011240104425018207 6.147053500984904e-05 0.0 6.506499636681621e-06 1.5795016357272318e-05 6.1277218407501665e-06 0.00014062360594498552 7.162670325473946e-05 0.0019029910612863947 2.9274196145365583e-05 0.0003108728644001666 0.0008855831785911328 0.00015925629678455712 0.0006326079116411249 0.0010560758379184335 0.0003281559262754885 0.0008667808283143219 9.936801649789195e-06 0.0 0.0 0.0 0.0 0.0 0.0 0.0 0.0 0.0 0.0 0.0 6.120024438182908e-06 0.0 0.0 0.0 0.0 0.0 0.0 0.00011498315359989618 0.0003218731963777971 0.0 9.77720572948512e-06 0.0 0.0001902279480950654 3.0483479516140644e-05 0.00026472709714167803 9.585022850013067e-05 0.0 0.0 0.0 0.0 0.0 0.0 0.0 0.0 0.0 6.455555142528852e-06 0.0 0.0 0.0 4.7608636364803784e-05 0.0 0.0 0.0 0.0 0.0 4.3603009067727804e-06 0.0 0.0 0.0 0.0006319261575325515 3.6278977699494404e-05 0.0 0.0 4.05272564759938e-06 0.0 0.0 0.0 0.0 0.0 0.00045855571004201003 1.3765245459180082e-05 0.0 0.0 0.0 0.0005546732449560147 1.7278875563676882e-05 0.00016482317563227256 0.0 0.0 0.0 3.6473959903128326e-06 4.736051207364586e-05 0.0 0.0 0.0 6.392424278410453e-06 0.0 0.0 0.0 0.0 0.002459433341908772 0.0001891013181633243 8.101856568982487e-05 0.006339763851177293 0.00023400900257996166 0.006147254322029017 0.0018338928149565666 0.0023313547055383945 0.0010988401094590113 1.9308859315439754e-05 0.0013077696319905505 0.00010319368894680748 0.0 1.5654668774511084e-05 1.8359658974559685e-05 1.251608939533105e-05 5.299912033489553e-06 0.0 0.0 0.0 0.0 0.004165982397082378 0.0012817701989460018
