0.0 0.06170199155278956 0.0033939178165967566 0.037635647318997115 0.0010855092886074822 0.0025391058436152352 0.005379953951307311 0.00018858490179775168 3.363462797273478e-05 0.029055291433672543 0.0003333776008971256 0.0044391246231605215 0.002515750884729366 0.0009909462832810544 7.684023080731023e-06 6.6642851382732596e-06 2.725696266559502e-06 0.0 0.0 0.0 0.0 0.0 0.0 0.0 0.0 0.0 1.8908932527976758e-06 0.0 0.0 0.0 0.03344955452612725 8.594364026656103e-06 9.978074860109078e-05 0.0 0.0 0.0 6.267877638788561e-05 1.3439276100606485e-05 3.0996314348387096e-05 5.9829372773103295e-06 0.0 0.0 2.6366997088186877e-06 9.666560789830345e-06 1.060375505107714e-05 1.005349474974507e-05 0.0005170632417137163 3.1492298698335186e-05 1.0869143277584577e-05 4.3734334534744135e-06 7.881816805463784e-06 2.24063645471747e-05 5.065460455672465e-06 0.0 2.3287384679079117e-05 5.838690476284453e-06 0.0012566803387113496 0.014398635970315972 2.4378329232604727e-05 0.00026821881454927295 1.2068535738663654e-05 1.2847596521575938e-05 0.0 0.0002819911141007775 2.2370716075351844e-05 3.18575853380598e-05 1.850465272340196e-05 1.6420349595162024e-06 0.0 6.120384727953996e-06 0.0004876535336714029 0.0008704346302684775 2.35834696664949e-05 0.00455597266205614 0.0007084743564587125 0.0008311256819597822 3.6603290089440325e-05 1.3318661548839166e-05 1.672248222265321e-06 0.00010460375840739919 1.1703153991070686e-05 1.474663098137547e-05 5.574941606992403e-05 0.0 1.5299084467498883e-05 3.147215957404913e-05 0.0 0.0 3.8112322730497624e-06 2.616541616017736e-06 0.0 3.2043321189083672e-06 1.2136628860350671e-06 1.4420147556058246e-06 0.0 0.011375782990739517 0.0007801849987715098 8.051724054254122e-05 0.00024302848444750647 0.036821558982148624 0.0 9.467954337190447e-06 9.028823136358964e-06 9.887609515875214e-06 0.0 6.690564437152123e-05 1.9412077293324715e-05 3.9725937150892075e-05 5.3330913177569124e-05 1.4600970561726068e-05 5.7587059793493015e-05 8.675083493852044e-05 6.712892315821155e-05 2.7757642319889238e-05 0.00014459098353470281 0.0 0.0 0.0 0.0 0.0 0.0 0.0 0.0 0.0 0.0 0.0 0.0 2.017734915973587e-06 0.0 0.0 0.0 3.059010479587808e-06 3.5365233427965084e-06 0.0 0.0 0.0 0.0 2.8709791729685415e-06 0.0 1.5865349420106166e-06 0.0 2.9861557300760123e-06 1.609291509116124e-05 1.0090735515642888e-05 0.0 0.0 0.0 0.0 0.0 0.0 0.0 0.0 0.0 0.0 0.0 0.0 0.0 0.0 0.0 0.0 0.0 0.0 3.035166127844591e-06 0.0 0.0 0.0 3.94092252963284e-06 0.0 0.0 0.0 0.0 0.0 0.0 0.0 0.0 0.0 1.0324627915971456e-05 1.3997530901405683e-05 0.0 0.0 0.0 8.883202245502824e-06 0.0 6.2557143372780435e-06 0.0 0.0 3.531878576941077e-06 0.0 2.68769981094617e-06 0.0 2.106940525319042e-06 0.0 0.0 0.0 0.0 0.0 0.0 3.230157035635136e-05 5.98581332863765e-06 6.215834560165529e-06 0.0024132457481586553 1.95576459212797e-05 0.0018353260534549997 0.00020119236487965987 0.010382152638725325 0.00026802312911527895 0.0 1.601703015455779e-05 0.00019038415510424427 0.0 7.824364622688195e-06 0.0 0.00020675845591025245 0.0 0.0 0.0 4.601821933605377e-05 2.2079327453457887e-05 0.002196616218767513 3.385295610968624e-05
0.06170199155278956 0.0 0.029053016758682125 0.014440368565831318 0.045368199737123284 0.0016959595532521523 0.04586880012345291 0.00573619346487046 0.01849793478734476 0.026833864631287795 0.022143817857388958 0.001929337920091944 0.022678473386422295 0.03120622436295696 0.00013170670124209826 4.298038023937341e-05 7.262196882561467e-05 1.593886369028946e-06 8.681786993542937e-06 6.715184826654097e-06 5.744680128853108e-06 1.3410249232243105e-06 0.0 4.02401072660336e-06 1.8969459334574694e-06 1.7691177748604123e-06 1.1211367917319894e-05 1.9897507853412286e-06 0.0 0.0 0.06525449545379651 0.0010888234703143413 0.0002591859061519243 1.7671031328735412e-06 4.073588588055097e-06 1.8227905805297366e-06 9.739302059870203e-05 1.4821692710962163e-05 3.2833125579652304e-05 2.0098312796721828e-06 5.755197971388201e-06 0.0 0.0 2.2723776114437927e-05 3.4137697261964052e-06 2.7557242347740235e-05 0.003753112056453606 0.00020718902753557886 2.228318858266269e-05 9.809816452791573e-06 4.69594292186377e-05 0.0 0.0 4.4047244727512735e-06 1.9841947348894195e-05 1.7026145065443354e-05 0.0015318899126715731 0.025359452550272756 9.966414927271973e-05 0.001659202184171273 4.686009680998716e-05 2.590903081530615e-05 3.4789593386359495e-06 0.00334973696315522 0.00013777289080066523 9.862621521860585e-05 8.249105644890677e-05 2.790236200731776e-05 3.2095451443287015e-06 1.5470772740454967e-05 0.0001997912171924696 0.0 0.0 0.011848369094854875 0.004692613357487218 0.004336056376777729 0.0008513769924099473 0.00043618285571863464 6.389357473187482e-05 0.0004298282792061696 3.359280292799404e-05 5.6640661690469744e-05 0.00022421291879657143 0.0 8.534763268260902e-05 6.106694262024541e-05 4.173176209451411e-05 0.0 1.9707010905151463e-05 7.47480938150684e-06 7.5408946262018055e-06 0.0 8.833796692448568e-06 3.73301208676374e-06 0.0 0.0010348396690784303 0.0002323984079954062 0.0 6.388118656724235e-05 0.025518526521533042 0.0 1.1112832318941612e-05 3.4776345006209196e-05 5.161774376692984e-05 0.0 9.409650242596551e-05 2.6313228644061374e-05 0.00010274504636760854 0.0004787894615047823 4.1307698792145685e-05 6.868749386663341e-05 0.0003157396515868839 0.0002279608596351401 9.080098189099456e-05 0.00041998082802601714 0.0 0.0 1.0947562434306489e-05 0.0 0.0 0.0 0.0 0.0 0.0 0.0 0.0 0.0 0.0 0.0 0.0 0.0 0.0 0.0 0.0 9.008376536425972e-06 0.0 0.0 0.0 0.0 1.7520700144426954e-05 1.8480561117730405e-06 6.15339290188668e-05 8.244240525909844e-06 0.0 0.0 0.0 0.0 0.0 0.0 0.0 0.0 0.0 0.0 0.0 0.0 0.0 0.0 0.0 1.7702562836945784e-06 0.0 0.0 3.917944627814447e-06 3.1174414642610188e-06 0.0 0.0 0.0 0.00010604741758733417 1.6042012086606472e-05 0.0 0.0 0.0 0.0 0.0 0.0 0.0 0.0 8.571770694896202e-05 0.0 0.0 0.0 0.0 6.072886478968797e-05 0.0 1.3424787869346673e-05 5.530350899722179e-06 1.8935276213688673e-06 0.0 0.0 0.0 0.0 0.0 0.0 0.0 0.0 0.0 0.0 0.0 0.0002303929971755847 6.4216478546403415e-06 4.775015616879407e-06 0.0037309336035207504 9.858943115618188e-05 0.009627167749452506 0.0020817394252128753 0.011766690403921615 0.0017495202299282113 3.397326597139274e-05 0.0006523014108577761 0.00036696302533812205 0.0 3.507456149758118e-06 0.0 0.00040593410155169044 0.0 0.0 0.0 0.0003797903520781589 6.353169977189094e-05 0.0031161990982978443 0.00029916906936410274
0.0033939178165967566 0.029053016758682125 0.0 8.03955369592548e-05 0.009076679868786745 7.327076552120679e-05 0.002679888844992636 0.055285368756862 0.008187234841812389 0.0003555972314249231 0.04635983467114354 0.00031001633371990976 0.001269466771057698 0.02481414523538836 4.534241041408516e-05 6.720467611109253e-05 7.493406763473359e-05 3.1263306011313906e-05 1.727090602686201e-05 5.280963398140019e-05 3.268974151443644e-05 0.0 9.989365119140994e-06 2.305512091809179e-06 1.1801793319369546e-05 1.9984859854176994e-06 1.5468247805623516e-05 0.0 1.7834862259178183e-06 0.0 0.09418320938991262 0.010376811676110594 0.0017193373774225733 1.335080058011379e-05 2.769171916977605e-05 2.7279291791145446e-05 0.0001810438493216707 4.9635834141173155e-05 2.3820078676508145e-05 8.874740032864395e-06 7.701634351952571e-06 1.571937781069503e-05 1.3035906121511536e-05 0.0003075390962139965 6.993591808164119e-05 0.00036486147266691306 0.0006507405323575917 6.259567054886976e-05 6.19763050295668e-05 5.7638534373786614e-05 1.9215151344986356e-05 1.422995914462001e-05 0.0 3.912188147810217e-06 1.2897221605344459e-05 1.0284263712171026e-05 0.00030051135284165747 0.012494121432150281 1.0401738377813035e-05 0.00023107473647771866 0.0004472659885164927 0.0002293737173957174 3.04799157643636e-05 0.0020760715751301966 1.3663342942869902e-05 1.779114593412082e-05 9.103378817803709e-06 1.715883393914226e-05 6.330420082225537e-05 9.366570808639784e-05 0.0004584941935773916 1.7669662412136484e-06 0.0 0.002572782558079865 0.0011741537304902519 0.0008151107321074551 0.00026054321600944445 0.00016266951427495966 0.001075429257966584 0.009401899550093925 0.0004362075727547097 0.0008784547527503982 3.556752613954724e-05 0.0 1.4170853650169129e-05 1.0910112616804027e-05 6.3095314628368655e-06 0.0 6.323232964993166e-06 0.0 4.345044351681541e-06 0.0 6.062494014337706e-05 1.6673169124528165e-05 1.858637107524485e-05 0.0009938894609990373 0.00019112954000823507 1.395355631272254e-05 0.00013147565969017514 0.0015928214263299235 1.7110005002411214e-06 2.589469963804375e-06 6.551899075205674e-06 2.5852270917000506e-05 0.0 6.339175935433254e-05 0.0 5.647955028794473e-06 3.53245797885039e-05 4.305647542140411e-06 3.6532846065729793e-05 9.467584583797084e-05 7.444396949351394e-05 4.119211646799595e-05 0.0002339541734859759 0.0 0.0 0.0 0.0 0.0 0.0 0.0 0.0 0.0 0.0 1.6404194522237277e-06 0.0 0.0 0.0 0.0 0.0 0.0 0.0 0.0 3.0729047177730077e-06 0.0 0.0 0.0 0.0 8.187359786226134e-06 2.977004416494618e-06 6.28203844429907e-05 4.25710896959881e-06 0.0 0.0 0.0 0.0 0.0 0.0 0.0 0.0 0.0 0.0 0.0 0.0 0.0 3.987837370770618e-06 0.0 0.0 0.0 0.0 0.0 1.6139696489460015e-06 0.0 0.0 0.0 2.973900411371246e-05 1.654972282551725e-06 0.0 2.3463124388050806e-06 0.0 0.0 0.0 0.0 0.0 0.0 9.780740876465485e-05 0.0 0.0 0.0 1.2232250072430986e-06 4.9560387337469526e-05 0.0 4.84950941851859e-05 0.0 0.0 0.0 0.0 0.0 0.0 0.0 0.0 0.0 0.0 0.0 0.0 0.0 0.0001142496890139077 4.134495162891661e-06 3.7733163341394886e-06 0.000641835880966453 1.8384745975798578e-05 0.0013412980929192716 0.00028857333958658685 0.0007076561896283895 0.00020822169059755204 0.0 0.00011652583028379331 4.3916644380155894e-05 0.0 1.8563287719095442e-06 0.0 4.5740969951275046e-05 0.0 0.0 4.1205814256037454e-06 5.613059859041891e-05 4.4519221172019294e-06 0.00023939732625540374 0.00019289192634795548
0.037635647318997115 0.014440368565831318 8.03955369592548e-05 0.0 0.0006466114880561148 0.011903295051613529 0.008165992649306201 1.9660138776333925e-05 3.284287911041966e-05 0.04624769483651066 4.835066167841985e-05 0.002312404577334199 0.007674268414505708 0.001364721141610654 5.619946756415896e-06 4.901246175523219e-06 8.132557624362696e-06 0.0 0.0 0.0 0.0 0.0 2.3477047012684874e-06 0.0 0.0 0.0 0.0 1.9018155359054552e-06 0.0 0.0 0.004149557391493158 3.2273045556721204e-05 3.1813784914831537e-06 0.0 0.0 0.0 1.2878699712761315e-06 0.0 0.0 0.0 0.0 0.0 0.0 0.0 0.0 2.08469907940736e-06 0.00028988163599545836 3.073697362930813e-05 0.0 6.828631932732807e-06 5.372204156691938e-06 0.0 0.0 0.0 1.6543954407286865e-05 4.579652912932358e-06 0.0004555760588090578 0.004788580775075101 1.4783996568060071e-05 0.0002007482116650265 0.0 0.0 0.0 0.00010110193391685851 1.0943921407976647e-05 1.3502810676960291e-05 1.4098621412827758e-05 1.5400955075676607e-06 0.0 0.0 4.3323551315148785e-05 1.6574112621548721e-06 2.754745950199532e-06 0.0023333732278054153 0.0004285861387428211 0.0005333978282860147 3.71720047660543e-05 2.2536973649230734e-05 0.0 5.297658291122032e-06 0.0 0.0 3.088195383536069e-05 0.0 1.1876112889230368e-05 1.9805021486872914e-05 0.0 0.0 1.6440741411901667e-06 0.0 0.0 0.0 0.0 0.0 0.0 0.000519897008241942 0.0 0.0 2.5504177710582078e-05 0.014304388618321388 0.0 5.3288109596224676e-05 7.220648738344012e-05 0.0007289952741045077 2.65383106334887e-06 0.000294944935897491 0.00014634736375284535 8.824291277814766e-05 0.0002613994141815308 1.5707556181217025e-05 1.2967264637303204e-05 0.00013875258554495913 0.0001993570386310812 3.999624764068954e-05 0.00011221288331224182 0.0 0.0 0.0 0.0 0.0 0.0 0.0 0.0 9.288160671910967e-06 0.0 0.0 0.0 0.0 0.0 0.0 0.0 0.0 0.0 0.0 6.031835455753065e-06 0.0 0.0 0.0 0.0 0.0 2.4243483784674667e-06 6.7149832032790595e-06 0.0 0.0 0.0 0.0 0.0 0.0 0.0 0.0 0.0 0.0 0.0 0.0 0.0 0.0 0.0 0.0 0.0 0.0 0.0 0.0 0.0 0.0 0.0 0.0 1.3587618641731693e-05 0.0 0.0 0.0 0.0 0.0 0.0 0.0 0.0 0.0 2.0764519405454343e-05 0.0 0.0 0.0 1.5090343654677336e-06 7.439317300446584e-06 0.0 4.0180597065716114e-05 0.0 0.0 0.0 0.0 0.0 0.0 0.0 0.0 0.0 0.0 0.0 0.0 0.0 4.911452138532401e-05 0.0 0.0 0.002310140166565331 2.2394626883220653e-05 0.0012234658748836746 0.00025960593075238504 0.020977111452361263 0.000212331293763032 0.0 5.525525548299133e-05 0.00022828423209136857 8.17223843103932e-06 0.0 4.7343255790931646e-05 0.00027297280628666137 0.0 0.0 0.0 0.0020047718610201196 0.000669164344586714 0.003497482728935888 4.485832900619988e-05
0.0010855092886074822 0.045368199737123284 0.009076679868786745 0.0006466114880561148 0.0 0.0003660979546763586 0.031806098237883135 0.004630098900303224 0.0380473077090444 0.008323663908175797 0.02230521158092251 0.0004379106823527572 0.012976443037127978 0.05432899056458866 7.503447501432578e-05 3.168257452411826e-05 8.026784542702372e-06 4.333962096343305e-06 4.381860647316126e-06 7.332571651295626e-06 3.908645545522664e-06 0.0 0.0 0.0 1.0058506947672112e-05 3.5479925293090722e-06 1.7382838569982722e-06 0.0 4.4970247356096155e-06 3.7167083165999056e-06 0.0025737782619854295 0.00045480678538188684 0.00016482565607701878 2.084123524259808e-06 4.169866269926893e-06 0.0 4.831329343879612e-05 1.3267341634897726e-05 1.6797434518500162e-05 2.6884081456979413e-06 1.7864037957427603e-06 4.9537843191201375e-06 3.3760680121221068e-06 4.4503935069311576e-05 1.3359243691590372e-05 2.6920234517827693e-05 0.0014244735623023827 5.4805231446676584e-05 1.8129861265954855e-05 6.065748109493218e-06 4.98439446156538e-06 0.0 0.0 1.8465078564878968e-06 9.876417959444196e-06 0.0 0.00027599123714379024 0.002659038857703798 4.288678534221221e-05 0.00048453877379802995 5.4840898356426504e-05 2.1985965484353626e-05 6.388634547270413e-06 0.0014761723853281153 2.120702196135157e-05 1.165841257032762e-05 2.98662649412733e-05 8.411366274124e-06 1.1262330613005431e-05 1.6341255265427656e-05 0.0003375621816940214 7.60860400024147e-06 0.0 0.0019588899632273366 0.0009226526452905065 0.0010916737475419843 0.00046911501962863334 0.0002474583087754515 7.195069099105914e-05 0.00010475848988922084 2.7487899161127993e-05 4.7081273142404906e-05 6.214053615587959e-05 0.0 2.5087701548875012e-05 1.8905364059532544e-05 4.644879135932104e-06 0.0 1.8344587374781913e-06 0.0 4.078654773293746e-06 0.0 1.6449561903971656e-05 7.644117172167927e-06 2.0290634967114555e-06 0.0023544785851593144 0.0002093171960840561 0.0 7.879225281859787e-05 0.00048245648491383595 3.522581882294524e-06 7.111111427859942e-05 0.0001027801272431013 7.614684244938979e-05 6.203765491053451e-05 0.00028196832920028195 3.518565836487116e-05 0.00021811603990532573 0.0004169786762667181 4.970461158851267e-05 7.078353200588825e-05 0.0006199703353081334 0.0003430448054226395 0.00029211836069140633 0.001085013276269026 0.0 0.0 0.0 0.0 0.0 0.0 0.0 0.0 0.0 0.0 0.0 0.0 0.0 0.0 0.0 0.0 0.0 0.0 0.0 3.490020290872849e-05 8.495859335018865e-06 0.0 0.0 0.0 7.427936005807901e-05 0.0 0.00015595779352359443 3.493963831853418e-06 5.98559207351294e-06 0.0 0.0 0.0 0.0 0.0 0.0 0.0 0.0 2.947931121696195e-06 0.0 0.0 0.0 0.0 0.0 0.0 0.0 0.0 1.811039784526908e-06 4.700442956624133e-06 3.208753772581685e-06 0.0 0.0 0.00013697060194377316 4.031640579584981e-06 0.0 0.0 0.0 0.0 0.0 0.0 0.0 0.0 0.0001898190380784051 0.0 0.0 0.0 0.0 4.956733273215168e-05 0.0 9.370759879138245e-05 6.737459301658136e-06 7.112066645128566e-06 0.0 2.8615835236918717e-06 0.0 0.0 0.0 0.0 0.0 0.0 0.0 0.0 0.0 0.00040478706935463866 7.231954158923142e-06 1.3364236523061654e-05 0.002288549880056844 3.1615416563479926e-05 0.0035892136190560603 0.0008995439360628572 0.0028893296161758984 0.0005882198865298076 7.153672159155038e-06 0.0004128011268197327 0.0002384924917499685 0.0 8.460972919965463e-06 0.0 0.0004657174510038558 1.2776150615397205e-05 0.0 0.0 0.00034633313728840877 7.346635730644903e-05 0.002780143579109047 0.0008281543176919103
0.0025391058436152352 0.0016959595532521523 7.327076552120679e-05 0.011903295051613529 0.0003660979546763586 0.0 0.0016155446481127271 2.2164843885628016e-05 4.8985856489720556e-05 0.020795964298650445 0.000134432973992334 0.0024746686787342756 0.002142252545563045 0.0009290592503169588 1.236071838524378e-05 3.5772301471581486e-05 2.6920654876035252e-06 0.0 0.0 3.248364541664875e-06 0.0 5.122041811173637e-06 0.0 0.0 2.3654430482750923e-06 0.0 0.0 0.0 0.0 0.0 0.0005628472701937877 0.0001873382498787399 0.00014483818997542553 0.0 2.587697004573632e-06 0.0 8.395316867765407e-05 1.9469013081495698e-05 7.251815918421573e-05 9.69243251766833e-06 2.6847192338165297e-06 0.0 0.0 2.4904312620465936e-05 1.105951195623773e-05 1.504730515557158e-05 0.00014082542094580303 1.032601288285221e-05 0.0 2.6247333615103113e-06 0.0 1.5579382477296306e-05 1.4337969715155404e-05 0.0 0.0 0.0 0.0004028093594641958 0.0009236235586735827 4.856403757386896e-05 4.71899925782799e-05 2.9520407234025583e-05 1.7635383785441249e-06 1.0817677186696238e-05 9.220435778177305e-06 3.5663488784895542e-06 1.8559052301750112e-06 1.4846509364902099e-05 0.0 2.2781090874965797e-06 8.689456640611736e-06 0.0008907659776376551 0.003827561653361634 8.462508786024796e-05 0.0003232472949370745 4.769830407526012e-05 0.00011669040271072717 2.0078016220497486e-05 2.9241332229174103e-05 8.389395825945999e-06 0.00018740447068862518 1.0386760679280934e-05 6.884683761580597e-06 2.0139374723517435e-05 3.671934927940142e-06 0.0 5.03028991083661e-06 0.0 0.0 0.0 2.2298666890811497e-05 0.0 2.662064990573852e-06 3.851846781658541e-06 0.0 7.689592130584643e-06 0.01550826813041136 0.002221528056582512 0.00033331585280999216 0.0006763160624582477 0.0028691406134503782 0.0 0.0 3.595874366765278e-06 3.7480549149518582e-06 0.0 0.0 0.0 0.0 4.9547360610384795e-06 4.726329938862202e-06 8.644132103844554e-06 1.1661717203973849e-05 6.254713383338556e-06 5.638567205688281e-06 2.2314531732193754e-05 0.0 0.0 0.0 0.0 0.0 0.0 0.0 6.77389118641058e-06 0.0 0.0 0.0 0.0 7.2338500818832664e-06 4.24969997380103e-06 1.4000012725976026e-05 0.0 1.3885191132126182e-05 0.0 7.059564448857067e-06 0.0 0.0 0.0 0.0 2.8508685677782887e-06 0.0 3.0218950650646003e-06 1.739213552992319e-05 1.6330935862740627e-05 3.372141993804593e-05 0.0 0.0 0.0 0.0 0.0 0.0 0.0 0.0 0.0 0.0 0.0 0.0 3.9562739079082404e-05 0.0 0.0 0.0 0.0 0.0 0.0 0.0 0.0 5.2805899438965475e-06 0.0 0.0 0.0 0.0 0.0 0.0 0.0 0.0 0.0 0.0 5.34548959008752e-06 4.5780235838269356e-05 0.0 0.0 0.0 0.0 0.0 4.104902024667735e-06 2.9636853355161005e-06 0.0 0.0 3.2109949755715583e-06 2.0014026267139404e-06 0.0 0.0 0.0 0.0 0.0 0.0 0.0 0.0 1.0266025286135549e-05 2.2517184447617917e-06 2.122841672173505e-05 0.0006115196067126772 2.0844368363728564e-06 0.0002740331442792097 4.975182740559646e-05 0.003866498232346322 3.904482871768701e-05 0.0 4.295699816227624e-06 2.1916015570558882e-05 0.0 0.0 0.0 3.1774134351661175e-05 0.0 0.0 0.0 4.225987977191767e-05 9.778090616788814e-06 0.0011223382383638487 8.975625604737503e-06
0.005379953951307311 0.04586880012345291 0.002679888844992636 0.008165992649306201 0.031806098237883135 0.0016155446481127271 0.0 0.0009876653188925855 0.021919661159413465 0.03918504421187305 0.018227594056030753 0.006733819356533644 0.07523050082067746 0.06816064294512171 0.00017813526340984927 6.251512400024732e-05 4.949744330536944e-05 1.3888119313707705e-05 1.2551122215340608e-05 2.158109009494072e-05 1.4904289583602992e-05 2.7544108839854924e-06 2.0468368625147776e-06 1.7986853122215875e-06 1.0071011974273922e-05 1.2089539721111054e-05 8.925231566557743e-06 5.659021499144795e-06 2.5006426635810236e-06 0.0 0.003084537270421075 0.0005451651908326291 0.000575477383804824 5.220231731581299e-06 1.825960272426344e-05 1.9408142719278454e-05 0.00022446937961756135 3.9651557889900486e-05 2.5622105630877048e-05 8.508097741236581e-06 3.3779140598263007e-06 8.593142746120609e-06 0.0 0.0001376504035391553 1.9673035642047483e-05 0.00016214631939143396 0.0020057723497667267 8.060013361583761e-05 3.570492305170019e-05 3.822712973318216e-05 2.177872557185348e-05 0.0 0.0 0.0 7.656739193386042e-06 3.607013527648177e-06 0.0003165521477597841 0.004304909402015286 8.311618972320535e-05 0.0006144130480560943 0.0002091430563626828 6.709504764561943e-05 9.800772583245557e-06 0.0017539854975231362 3.432256268365439e-05 3.926673076160793e-05 3.0440867551026145e-05 1.8978888278237637e-05 3.605080781892719e-05 7.013314182239859e-05 0.0005899482376499992 0.0 0.0 0.002631613997682637 0.0011644723657694034 0.0014841782896479814 0.0005381155189285507 0.0003079795627717467 5.3773001742312723e-05 0.00011783890888076808 9.312712933935691e-05 0.00010038643278057496 8.179132610731277e-05 0.0 3.270730728775166e-05 2.095571195435905e-05 1.3170954121345319e-05 0.0 9.670403306888263e-06 0.0 4.6540575094927826e-06 0.0 6.290020236187693e-05 1.1413141050770468e-05 8.9386901921353e-06 0.006063687861890679 0.000484264789650751 0.0 0.00015569321205588104 0.001233265369413487 3.7775209375966424e-05 8.132044453079144e-05 0.000259345131447364 0.000229471113026145 3.688816296014671e-05 0.0005808607238062247 7.269509603197669e-05 0.0004168149405767907 0.0007200782694348862 0.0001601886271206643 0.000309083813406849 0.0012284742470071754 0.0008039556478858643 0.0005089633945637202 0.002077672687044281 2.1581925240183644e-06 3.1043338225323743e-06 1.925940966551107e-06 0.0 0.0 0.0 0.0 0.0 0.0 0.0 0.0 0.0 0.0 0.0 0.0 0.0 0.0 0.0 0.0 8.245170447403718e-05 2.7010152573980597e-05 0.0 0.0 0.0 0.00013675810868117767 6.529049973582782e-06 0.0002582972598811531 4.538170097341351e-06 1.3118391172767394e-05 0.0 0.0 0.0 3.582816865586477e-06 0.0 0.0 0.0 0.0 0.0 0.0 1.91226068790797e-06 0.0 2.260606852073898e-06 0.0 1.5981351837169543e-06 0.0 0.0 3.8080340222632555e-06 1.719767243764028e-05 0.0 0.0 0.0 0.00022363159934284384 1.8248683624682634e-06 1.8549542841384122e-06 0.0 0.0 0.0 0.0 0.0 0.0 0.0 0.00046841958824227713 0.0 0.0 0.0 0.0 0.00014499519436285985 0.0 0.00022186393484804713 7.552539835226653e-06 2.2377478019292102e-06 5.354076888806646e-06 0.0 1.9884829457237333e-06 0.0 0.0 0.0 0.0 0.0 0.0 0.0 0.0 0.0009881753768194049 3.128768108353312e-05 3.41358070428231e-05 0.004420475175936809 8.04105025869138e-05 0.004420750005045204 0.0012833661806171729 0.004965751675473917 0.0008707081936596078 0.0 0.0006599799676900453 0.0007463196078054621 0.0 4.8755743333851296e-05 3.839447607328624e-06 0.0011338421515845298 0.0 0.0 1.7374613132163003e-06 0.0003215927378394991 5.444829718790979e-05 0.008194525544778095 0.0019145882044055776
0.00018858490179775168 0.00573619346487046 0.055285368756862 1.9660138776333925e-05 0.004630098900303224 2.2164843885628016e-05 0.0009876653188925855 0.0 0.013236129742847047 4.266884334055334e-05 0.11382966796162042 0.00029000829672818463 0.0013195753994118692 0.042068380826316386 0.00021194603420565883 0.00016530250955220293 0.00020335537540645983 9.065500471041122e-05 3.925795470626863e-05 9.907239527874615e-05 0.00016015909141857288 1.6862739666439482e-05 1.9035933367501384e-05 1.0656573212400835e-05 0.00010768771845317811 1.0648619435549585e-05 6.904842345175289e-05 0.0 5.695554195584757e-06 7.808503097479868e-06 0.034267335666718884 0.023582219941013238 0.010825615682220069 3.85856516433804e-05 0.00020188248402067162 0.00015654177400793167 0.00040159192515987186 0.0003110440481218486 0.00011179629506385587 7.753655862180352e-05 6.639958137311355e-05 7.731589059252597e-05 6.856920819749471e-05 0.001315036704695812 0.0001545617258169262 0.0011243902679567994 0.0018533543229366806 0.00012625806789833723 0.00011930948345480078 0.00014960975663876923 5.5366099525180765e-05 7.2642471933151465e-06 3.818658115011115e-06 3.173181015642027e-05 4.878557709365569e-06 0.0 0.00019422838410379422 0.004377351235211766 2.937599701194835e-05 0.0004960372366878842 0.0027426536187905586 0.0019586454188783974 0.0001353562874127383 0.004040532706981002 2.3015219652172213e-05 5.451448284635138e-05 1.8921956867416245e-05 5.87038285872459e-05 0.0002202511551749547 0.00039033930941104585 0.0005810277683745011 3.542963883159329e-06 0.0 0.0013803001455135343 0.0011080113367108071 0.0011354563723341659 0.0010205600539433008 0.0013298657367629193 0.021117684953256704 0.05938155545966099 0.002360257160830449 0.007779347149964435 3.911929618890516e-05 0.0 1.2131417559340782e-05 1.995345820733777e-05 3.293672152680312e-05 0.0 6.784084707135172e-06 0.0 1.4250920414747173e-05 0.0 0.0003099485309624123 7.618996929136909e-05 5.086565820189299e-05 0.0008883388341225043 0.00012810074239040726 1.7186212005826894e-06 0.00016381853989048522 0.0001844540619870612 2.25232278429907e-06 5.591561368737824e-06 1.5975906148986174e-05 7.053315450700528e-06 0.0 3.6721909365676534e-05 3.4697764550787267e-06 7.443883274009404e-06 1.56306212112999e-05 1.342328948931746e-05 3.84276333026048e-05 7.641585976400093e-05 6.895638171781424e-05 4.6416965374865555e-05 0.00016785607437232216 0.0 0.0 0.0 0.0 0.0 0.0 0.0 3.4929817137818626e-06 0.0 0.0 0.0 0.0 0.0 0.0 0.0 2.2197986789075183e-06 0.0 2.0305567035093347e-06 0.0 0.0 7.734885495316868e-06 0.0 0.0 0.0 1.1309016505494977e-05 0.0 4.599244576696414e-05 0.0 9.259116294149226e-06 0.0 0.0 0.0 0.0 0.0 0.0 0.0 0.0 0.0 0.0 0.0 0.0 3.0055081252585653e-06 1.977854475626286e-06 0.0 0.0 0.0 0.0 3.2318015793465555e-06 0.0 0.0 0.0 2.033021337034016e-05 1.5514599029839894e-06 0.0 0.0 0.0 0.0 0.0 0.0 0.0 2.6709382761328313e-06 3.615232691266817e-05 0.0 0.0 0.0 1.5537150339043737e-06 2.1298084495451714e-05 2.5106415912193137e-06 3.5652448843936665e-05 0.0 1.8839030234439663e-06 0.0 0.0 0.0 0.0 0.0 0.0 0.0 0.0 0.0 0.0 0.0 5.97210151981277e-05 1.0607337712745786e-05 1.5576638277044504e-05 0.0015996293126764817 9.362980957506055e-05 0.003433835138833612 0.0010086667598242843 0.0014268415625187 0.0005793681056955407 5.649929478753294e-06 0.0005217407529296632 4.182399324830772e-05 0.0 7.692663836173923e-06 0.0 5.6445655010955976e-05 0.0 0.0 0.0 0.00026061335945515 9.967093933781493e-05 0.00018965989581996054 0.00016997454563234192
3.363462797273478e-05 0.01849793478734476 0.008187234841812389 3.284287911041966e-05 0.0380473077090444 4.8985856489720556e-05 0.021919661159413465 0.013236129742847047 0.0 0.0007495774601860389 0.029047083522097342 0.00021321756989797097 0.006200835140428883 0.04468387370564447 3.0577697397436806e-05 3.201743911478302e-06 8.602554445679106e-06 1.9183445406027183e-06 0.0 1.7476517830608743e-06 0.0 0.0 0.0 0.0 5.541697255152319e-06 0.0 0.0 2.163138000525904e-06 0.0 3.945823038821868e-06 0.0004574056069561782 8.747211762508314e-05 9.585031778254245e-05 0.0 1.7686155734802244e-06 0.0 2.8226399688037013e-06 4.44875503845038e-06 1.1454951902286779e-05 0.0 0.0 0.0 1.9889364656706067e-06 1.9854442294327245e-05 1.760856124421362e-06 3.066810293115765e-05 0.00025649910714646486 1.6060081785712316e-06 1.5682097648650908e-06 4.040591065673084e-06 3.3266548981912866e-06 2.004067902026174e-06 0.0 0.0 0.0 0.0 2.969661611528511e-05 0.00029006688940949875 8.888334356279231e-06 5.453248038551249e-05 1.9056665688980307e-05 1.1148489678110613e-05 0.0 0.00017601377655390314 3.3803348667963034e-06 7.120470227811886e-06 5.022295941957311e-06 0.0 1.6778495053295565e-06 6.71473581670377e-06 3.980261505100604e-05 0.0 0.0 0.00025990521040911954 0.00011397527495784042 0.00015663861318437354 0.0001155864852847815 5.114729475213613e-05 2.0833893498807624e-05 0.00012884499303026655 6.69011349055622e-06 2.107187746085638e-05 5.3738771001169065e-06 0.0 1.5009265854991054e-06 1.4354171612456063e-06 0.0 0.0 0.0 0.0 0.0 0.0 1.496194365504753e-05 3.839979256333324e-06 0.0 0.0003427076967107518 5.574338235777914e-05 0.0 2.734606242266858e-05 1.166458940853941e-05 0.0 4.678296353286893e-06 9.692056065603625e-06 1.4704439167797907e-05 4.059047828600212e-06 2.7189179009259286e-05 1.853064675173453e-05 2.9322205089311424e-05 8.68598042812629e-05 1.3018640395613649e-05 3.274463201917343e-05 9.759877406939911e-05 5.8179293173570124e-05 2.959298594521932e-05 0.00016445174393625136 0.0 0.0 0.0 0.0 0.0 0.0 0.0 0.0 0.0 0.0 0.0 0.0 0.0 0.0 0.0 0.0 0.0 0.0 0.0 8.79255794725892e-06 0.0 0.0 0.0 0.0 2.086759484594486e-06 0.0 3.407441100071424e-05 4.417281629607289e-06 2.1024526808140512e-06 0.0 3.878014710152088e-06 0.0 0.0 0.0 0.0 0.0 0.0 3.8725188814188755e-06 0.0 0.0 0.0 0.0 0.0 0.0 0.0 0.0 0.0 0.0 6.084601884763427e-06 0.0 0.0 8.398237276235233e-06 0.0 0.0 0.0 0.0 0.0 0.0 0.0 0.0 0.0 2.535062943961918e-05 0.0 0.0 0.0 0.0 3.892518859046773e-06 0.0 2.2187628388182715e-05 0.0 0.0 4.985309858217433e-06 0.0 0.0 0.0 0.0 0.0 0.0 0.0 0.0 0.0 0.0 3.562711964215388e-05 0.0 0.0 0.00034707883749421695 8.825155937005668e-06 0.0006140926610849328 0.00016132275635024257 0.00029839996347003897 0.00010120339597240788 0.0 9.333803985845835e-05 9.247248795353402e-05 0.0 0.0 0.0 4.485093884627001e-05 0.0 0.0 0.0 5.557378725380862e-05 0.0 0.0004482519120966055 0.00013517683345631634
0.029055291433672543 0.026833864631287795 0.0003555972314249231 0.04624769483651066 0.008323663908175797 0.020795964298650445 0.03918504421187305 4.266884334055334e-05 0.0007495774601860389 0.0 0.0009269032144998183 0.03550377506425801 0.16974418353023446 0.016946704378585944 8.465956466149735e-06 1.3473662171337102e-05 1.6194518283073127e-05 8.026410610929856e-06 1.9768313696449373e-06 5.901085482628434e-06 5.984585150460377e-06 0.0 0.0 0.0 2.3535210050504415e-06 0.0 3.820537191807665e-06 0.0 4.548130955302908e-06 0.0 0.0015045294776857914 8.92613084660449e-05 0.0018949703191236573 4.506830661925092e-06 4.115070607764361e-06 2.852524797686643e-06 0.0009985335634870346 4.13737063057237e-05 5.936100923377164e-05 1.4757678615857862e-05 0.0 0.0 1.730945296734797e-06 2.10768825621712e-05 3.7793054769067538e-06 4.534533673860927e-05 0.0004677169630134879 2.1000969106471933e-05 1.5461370458830435e-05 1.8545170267084987e-05 4.113936874220655e-06 9.327691852819801e-06 0.0 0.0 5.029255529863893e-06 4.3748395112213745e-06 0.0003975968595911063 0.0022142610600157132 1.2209840430177497e-05 0.00019384609888914366 7.08988771572784e-05 5.5850871095184675e-05 3.819713586850036e-06 0.0002513190586882344 3.1500715545714225e-06 1.4424531007407874e-05 7.238538753881548e-06 1.6732274221038173e-06 7.15851350780113e-06 1.0633039387184564e-05 0.0026616314887772407 0.0008590341340542017 3.0235807956562495e-05 0.001245189173924437 0.00035782265698775754 0.0004776549376505061 8.120481869843972e-05 3.860653518239061e-05 1.038190792299652e-05 0.00011554400854553974 2.860245513833986e-05 1.7721728465212514e-05 2.4545015654096424e-05 0.0 6.3804469138335145e-06 1.739487495488453e-06 3.4417066345119778e-06 0.0 0.0 2.923074143081253e-06 0.0 2.2449452258301604e-06 1.1649594333255905e-05 6.699844869281715e-06 2.040220034345756e-06 0.013162661718433638 0.00047606918545819033 0.0001005802952474354 0.00031597517143273126 0.008721824920979952 5.504233695425087e-05 0.00018591890196783766 0.0005559610063416524 0.000871194773738227 1.4024978475095922e-05 0.0010475727941941237 0.00026700651500866465 0.000383335076849676 0.001746316195734369 0.00039699169101034494 0.00023221418126881505 0.0015830063484355721 0.0013602416025295975 0.001947588673805042 0.0015030780914226552 4.281931062063993e-06 0.0 0.0 0.0 0.0 0.0 0.0 0.0 0.0 0.0 0.0 0.0 0.0 0.0 9.056873988410823e-06 1.7656332719401386e-06 0.0 0.0 0.0 9.640488685498721e-05 8.159014988516988e-06 0.0 0.0 0.0 4.032198134540432e-05 0.0 0.00018717970041954736 6.822265807313008e-06 8.456798652867435e-06 0.0 0.0 0.0 0.0 0.0 0.0 0.0 0.0 3.532290047802498e-06 0.0 0.0 0.0 7.201541793091176e-06 0.0 0.0 0.0 4.300734033549572e-06 3.985232051883066e-06 3.2870244045055535e-05 0.0 0.0 0.0 9.730565825147465e-05 1.4428065650877992e-05 0.0 2.495234116545687e-06 0.0 0.0 0.0 0.0 0.0 0.0 0.0002615579515698501 0.0 0.0 0.0 0.0 0.0001093297693303292 2.0920172120394173e-06 0.00010522415592002966 3.394363211055292e-06 8.08217167764733e-06 1.0406931108248908e-05 2.913233330616017e-06 6.469781588668384e-06 0.0 0.0 0.0 2.8627086351833545e-06 0.0 0.0 0.0 0.0 0.0008345843554665974 2.5306461584319315e-05 2.2336969893543054e-05 0.007484193789351822 4.5742470055714706e-05 0.0012304727024837927 0.0002936800972847571 0.02588586068868024 0.00019059494106785273 2.9955022999784966e-06 0.00012486410556417465 0.0017478866583751562 0.0 5.4153204532381274e-05 1.029372117492978e-05 0.0023263280883152205 5.848057341171394e-06 1.0396116136529554e-05 2.4873178522539522e-05 7.708635909356432e-05 2.392018680456475e-05 0.02881591908192095 0.001201085503303657
0.0003333776008971256 0.022143817857388958 0.04635983467114354 4.835066167841985e-05 0.02230521158092251 0.000134432973992334 0.018227594056030753 0.11382966796162042 0.029047083522097342 0.0009269032144998183 0.0 0.004687064220462174 0.027457610106825726 0.13266939313904033 0.00014968036686911722 6.766889483095069e-05 0.00010838176619912306 3.48001205141816e-05 1.584536788040533e-05 8.793203380823559e-05 0.00011574398524124814 1.0551879744325653e-05 2.7792086489987133e-05 2.7919873793321358e-06 7.21113100080788e-05 1.2795729704229714e-05 3.339253573544924e-05 1.4277390247715445e-06 3.5021580976381805e-06 1.6305594059496894e-06 0.012977498390513167 0.005704554067859459 0.013251315967038605 2.3419174736995636e-05 0.00011553798305750618 0.0001504824625920395 0.0013813596555237752 0.00038873386610954204 0.00014898009307293933 7.722394409910266e-05 6.858517318732969e-05 6.266295253441314e-05 2.8310972735047115e-05 0.00027963473747203105 8.350969116662098e-05 0.0005096207416821773 0.0010835496389982112 7.318006471535909e-05 6.373841307597076e-05 8.01564910919897e-05 3.125849477352711e-05 3.967031164936493e-06 6.612156077892533e-06 1.0878484806902685e-05 0.0 3.5415428363061976e-06 0.0001379863025107928 0.0031409551514141798 2.3580100433780485e-05 0.0003316046349013882 0.0010847466072034994 0.0006806441325093965 8.883819319147999e-05 0.001372473786013256 1.1215545898532726e-05 1.9558080472711677e-05 2.508213037667007e-05 3.684262021913484e-05 0.0001247665949288351 0.00025921282419896123 0.0018320631374094756 4.00315199257416e-06 4.724801845914564e-06 0.001191783208169921 0.0007333936349721313 0.000836379282359932 0.000527362655565464 0.0002825428989135893 0.005351589709543932 0.025988701103036874 0.00039649920243830855 0.0015491151978283654 2.947236568963283e-05 0.0 1.5457693485175177e-05 1.076041389318779e-05 3.7771052618266747e-05 0.0 5.308279598283785e-06 0.0 1.907193587405318e-05 1.6493935494702238e-06 0.00025541343942154615 6.272284197238142e-05 4.4222120108910927e-05 0.001800467863551751 0.00017858149878377075 0.0 0.00021865183797420158 0.00019665351801754255 2.2293414336597902e-06 6.0306599384178234e-06 2.6068372176833472e-05 2.9983337156046985e-05 0.0 3.903944975092314e-05 7.342538876311132e-06 5.510918306189267e-05 9.783416776798993e-05 2.410988176932199e-05 2.3986126668194566e-05 0.00020458055722161653 0.00014717003859001095 8.150495313216674e-05 0.0003234325280561303 0.0 0.0 0.0 0.0 0.0 0.0 0.0 0.0 0.0 0.0 0.0 0.0 0.0 0.0 0.0 0.0 0.0 2.8032589218783815e-06 0.0 1.3909171314353633e-05 0.0 0.0 0.0 0.0 2.388317883407693e-05 2.2463878941373258e-06 6.099536287328679e-05 1.8111569117901693e-06 1.9034486852432447e-06 0.0 0.0 0.0 0.0 0.0 0.0 0.0 0.0 0.0 0.0 1.7983750509885558e-06 0.0 0.0 0.0 0.0 0.0 0.0 5.323509193387727e-06 1.2677894238863957e-05 0.0 0.0 1.6961375413270494e-06 4.4134525894802255e-05 1.0807965837661288e-05 0.0 0.0 0.0 0.0 0.0 0.0 0.0 0.0 0.00011687241582489553 0.0 1.601449500591063e-06 0.0 0.0 4.554435081534884e-05 0.0 3.411891179987684e-05 0.0 0.0 0.0 0.0 0.0 0.0 0.0 0.0 0.0 1.234704407571372e-06 0.0 0.0 1.8629989241553839e-06 0.0001834980220420086 1.2916125919105383e-05 4.469796559986686e-06 0.0015059487598038028 4.5086304025765055e-05 0.002356304687005838 0.0006699335242324859 0.0013761915447611103 0.0003832352594837497 3.3861857914341032e-06 0.0002734625667087279 0.00010210130020491414 1.8663234548452012e-06 4.8526270862785605e-06 1.7180070451705737e-06 0.00012509258198923826 0.0 0.0 0.0 0.00015907325125260962 3.423179117697846e-05 0.0008660487622239356 0.00029492069864546044
0.0044391246231605215 0.001929337920091944 0.00031001633371990976 0.002312404577334199 0.0004379106823527572 0.0024746686787342756 0.006733819356533644 0.00029000829672818463 0.00021321756989797097 0.03550377506425801 0.004687064220462174 0.0 0.0628326749642082 0.02620219348108504 0.00014254057647933337 0.00014426240322628524 0.0001969438263626167 2.8533356552716808e-05 7.309117891782758e-05 7.907915054510682e-05 7.307702495690008e-05 5.869590293154958e-05 1.8207646370221056e-05 8.258890851751428e-06 4.4658501670965354e-05 2.4323729887938927e-06 2.8478854438270687e-05 2.2176422373233357e-06 2.561968270155572e-06 2.278462724284636e-06 0.0005892430495493488 0.0007242958558456284 0.006014385632194075 3.141775575099833e-05 6.737782681675241e-05 4.3532990912141176e-05 0.006277595648292528 0.0006379722896231986 0.0005775551030013402 6.407153601208672e-05 6.976705054623125e-05 4.763330348473467e-05 2.92300378713512e-05 0.0003510046155880924 0.0001405906457799739 0.0004182938120853531 0.0006252303290263294 0.00014328043478049692 8.014639254648652e-05 0.00010762923043031328 5.803172980067187e-05 5.917598702337782e-05 1.4181419908843623e-05 4.872952181598702e-06 0.0 0.0 2.8102623893984262e-05 0.0005293519221894113 9.47392477673674e-06 0.00012017174001136592 0.0006374447766832732 0.0008597801100330341 4.424322609686846e-05 0.00043652567859614726 1.981703359738155e-06 1.9591153736506292e-05 3.5808368444554504e-06 4.9332737302949625e-05 0.00014433416416898746 0.00023576957881451329 0.006755380636336105 7.369592647714657e-05 9.743428109799265e-06 0.0003905355094489105 0.00016254648727298066 0.0003609484658220826 0.00019430928110567786 0.00010940741555323114 7.050928866645498e-05 0.001566658009159392 0.00013457415492423673 0.00033790968687647834 1.2659843906213873e-05 0.0 5.942099258578566e-06 1.4727079350463115e-06 4.342708080617401e-05 0.0 1.4488511144891117e-06 0.0 1.9590753938577114e-05 2.6674634564404362e-06 0.00028872540022192395 6.633746041538325e-05 5.9887396133676837e-05 0.01953077719954448 0.0009325449133675207 7.695501419883638e-06 0.0013070538796200396 0.0006537623729047571 7.663366500664687e-06 7.281250119061311e-05 8.661181973348891e-05 0.000126223450889254 3.526756772833251e-05 0.0005521613855853001 4.905848892293199e-05 0.00037439298797720165 0.0005842670988624948 0.00011569075481318128 0.00015889951477798646 0.0010156043388150709 0.0005821288431761527 0.0004585239285152128 0.0012940292101549246 0.0 0.0 0.0 0.0 0.0 0.0 0.0 0.0 0.0 0.0 5.407183955203252e-06 0.0 0.0 0.0 0.0 0.0 0.0 0.0 0.0 6.0048968351731386e-05 1.1395447273141503e-05 0.0 0.0 0.0 5.2177493233643455e-05 1.9706953866959854e-06 0.00022743570184194083 1.6812414604677495e-05 6.679043438738052e-06 0.0 0.0 0.0 0.0 0.0 0.0 0.0 1.6069666854843953e-06 1.7297774729230763e-06 0.0 0.0 0.0 0.0 0.0 0.0 0.0 0.0 4.266854408901776e-06 2.2240867570948746e-06 0.0 0.0 0.0 0.00011921162276414105 4.37893498602679e-06 0.0 0.0 0.0 0.0 0.0 0.0 0.0 0.0 0.00032348435614056514 3.3149201524702884e-06 0.0 0.0 1.7481653920793866e-06 8.046650745873871e-05 5.647070406236504e-06 8.417197102747774e-05 3.2466044491889878e-06 1.80409744072477e-06 5.06290023675038e-06 2.5658940895026517e-06 0.0 0.0 0.0 0.0 0.0 0.0 2.412417580543636e-06 0.0 0.0 0.0006346444558914982 3.6543683720078837e-05 4.339946370967239e-05 0.003215176567434565 7.378811438803212e-05 0.0015743386286518467 0.000615412917076118 0.003970596378357028 0.00027320507137411836 8.084126363209519e-06 0.00032335746738771927 0.0006970206674881057 0.0 2.20141773698116e-05 2.555375596997469e-05 0.000960737550823467 2.4447898051691263e-06 0.0 9.571963214319208e-06 0.00030980060148391193 9.662627834076964e-05 0.012483740312282858 0.0011701804596124458
