0.0 0.04928973395939349 0.005286511747725738 0.027904591199278465 0.0015136458264558034 0.001358980777959681 0.008138117606336072 0.0011396211527440762 0.00039590943760378145 0.03446274577819236 0.0056032577745112775 0.002287524268600915 0.006442647964380881 0.004331976916114454 5.094273889095037e-05 1.1051656002515279e-05 4.253016022173064e-06 6.512504793217602e-06 0.0 0.0 0.0 0.0 0.0 0.0 0.0 0.0 0.0 2.402611574339408e-05 3.1317660483609532e-06 0.0 0.009768872991080587 7.290902482458204e-05 0.0004054633359898195 0.0 0.0 0.0 0.00018794572566243549 6.147001780234713e-05 0.00010292433426639608 0.0 3.904476903173827e-05 3.5233817956799237e-05 2.6183613735149263e-05 4.388419360452107e-06 0.0 0.0 0.00022246633949985438 3.9353033733376045e-05 1.1934054136240375e-05 1.2193112429147484e-05 6.394118161593558e-05 6.291145314055744e-06 0.0 1.602857121262591e-05 0.00020023091168734262 0.00045099471552230826 0.005474564618776975 0.02330748199611041 0.0038112559520518847 0.00014813615692847306 2.3884010221950204e-06 1.2637962452218335e-05 0.0 0.0003780460365006239 0.00018831381683654237 0.0001960998971115047 1.6427614633018408e-05 9.981126390369158e-05 1.567598129214234e-05 3.277431128388637e-05 0.0008756005611329173 5.996487414433693e-05 2.532993440525128e-05 0.0019420749976992522 0.0008417527259826606 0.00012923730100266166 9.409715432158596e-05 2.2399051829831917e-05 1.4605870222349748e-05 0.0009945384924024854 6.44227492041435e-06 4.864148975656306e-05 0.00047232628748231916 2.060098899215266e-06 0.00023541560798312383 0.00010721771478903764 2.389750552195704e-05 2.200268059142533e-06 4.63041753669881e-05 4.38157551870176e-06 3.0766044889952666e-05 1.2107683332434354e-05 9.367561796126986e-05 4.905424235668266e-05 1.7192940142219385e-05 0.00643546621494198 0.0002862603390826342 1.7473678075376288e-05 4.8395670046138806e-05 0.02343738175575577 0.0 1.1070731351738816e-05 0.0 0.0 0.0 7.134053766402442e-05 7.309988502470387e-06 2.673423199669042e-05 0.00010595174479591409 3.4078157627934415e-05 1.0732154651134223e-05 5.546478327955619e-05 9.642133095989831e-05 7.325324606308253e-05 2.1158219740374378e-05 0.0 0.0 0.0 0.0 0.0 0.0 0.0 0.0 0.0 0.0 0.0 0.0 0.0 0.0 0.0 2.4433022297826355e-06 2.9094987789185673e-06 0.0 0.0 0.0 0.0 0.0 0.0 0.0 1.9737405623899365e-05 2.2045553655120492e-05 6.059616480524053e-05 2.845301767928508e-06 2.990587802985567e-06 0.0 0.0 0.0 0.0 0.0 0.0 0.0 0.0 0.0 0.0 0.0 0.0 0.0 0.0 0.0 0.0 0.0 0.0 0.0 0.0 0.0 9.787669848185356e-06 1.3899149457642367e-05 0.0 0.0 0.0 0.0 0.0 0.0 2.572495323718372e-06 0.0 0.0 1.819558569206468e-05 0.0 0.0 0.0 2.7956977563339034e-06 6.599595749275633e-06 0.0 7.764874943535409e-06 0.0 0.0 0.0 0.0 0.0 0.0 0.0 0.0 0.0 8.292132992939469e-06 4.21486594232243e-06 0.0 0.0 1.4621327400976479e-05 1.3571124465869207e-05 2.353350296104208e-05 0.0021273942751387285 6.133269495930454e-05 0.0016992408851697865 0.0004937003483576339 0.021191068244414524 3.7500743803583236e-05 1.6620492849387376e-05 0.0001382225439374159 0.0004749289222165968 0.0 0.0 0.0 9.421973446489381e-05 0.0 0.0 0.0 0.0 0.0 0.004644735792979237 7.036184602425267e-05
0.04928973395939349 0.0 0.021106411040849034 0.0662430495077559 0.07171110858976466 0.0005875799229789757 0.043072730046657 0.0023775243003178966 0.0744123858224967 0.01983525066941981 0.027287624999177612 0.0015890272842992265 0.02853579807747979 0.06342748958664883 0.0008476365439420535 6.375153108115858e-05 1.4552569014462705e-05 1.6205111214383793e-05 2.615435350478517e-06 2.271668996872579e-05 4.659674055484249e-06 0.0 2.6991902159178793e-06 2.9422881019916415e-06 9.163869153017114e-06 4.339613307339524e-05 2.3836418504585636e-06 1.860329533932946e-05 4.120937021180264e-06 0.0 0.0430321202785754 0.0005671352282548867 0.0022034963816004293 0.0 0.0 5.226797552676185e-06 0.0007477476461847291 0.000175548380060606 0.00019290567370000133 9.26541423356908e-06 6.416773807846663e-05 0.00010943175033062205 2.515273544363218e-05 7.391627134012341e-05 6.5169586876092956e-06 3.7728351725418785e-06 0.002939673981777201 0.00027002143610964103 1.191646604751562e-05 9.819537508952658e-05 0.000266016565875168 9.738383176566157e-06 8.656049105001473e-06 2.8070375570340904e-05 0.0007837377265942386 0.0015961840105841 0.002850127978971966 0.01607439196971878 0.004682653988705469 0.002958475726257818 5.80993276927644e-05 0.00010530849991339299 3.3676770809565618e-06 0.0038219673357809424 0.0011952530135102464 0.0010474096518875047 0.00012685940498526662 0.0003800819077608393 8.145939538759747e-05 0.0001217401770239036 0.0009942832704900705 1.3183631323616725e-05 5.255694357629851e-06 0.00660595086705017 0.005431659291720371 0.0027818539226981153 0.0011481205050293786 0.00012838788241041597 0.00012905695524093554 0.0024393580686031084 8.455337957564066e-05 0.00022440867186398526 0.002230196723636325 7.900378185140046e-06 0.0015299385564436605 0.0005710303050438329 0.0002574577309023699 5.345336250770902e-06 0.0002493966370310878 3.151209122240205e-05 0.00015137797978979653 4.637216437417553e-05 0.00021136488926733814 0.00016026288839188744 5.363052064196287e-05 0.000764864700317566 8.746608222018813e-06 0.0 4.1266127981965684e-05 0.02171381777132963 0.0 3.2798772443043434e-05 3.7304931429634634e-05 4.719994477213315e-05 0.0 0.00048304793898444284 5.835838629496971e-05 0.0002678776638450678 0.00028352812107471434 0.0001341988638862427 2.950195311028007e-06 0.0004322110301916071 0.0007986243191301852 0.0004550856900515123 0.00015001521940303326 2.4363635726624426e-05 0.0 0.0 0.0 0.0 0.0 0.0 0.0 0.0 0.0 0.0 0.0 0.0 0.0 0.0 0.0 2.8230090986034166e-06 0.0 0.0 4.164294198451942e-05 1.0425208333166197e-05 0.0 0.0 0.0 0.00022508633931883883 1.8006696958807602e-05 0.0001448383176848238 1.906403648643201e-05 2.1042211256381823e-05 0.0 0.0 0.0 0.0 0.0 0.0 0.0 0.0 0.0 0.0 0.0 0.0 0.0 0.0 0.0 0.0 0.0 2.9593598173353605e-06 0.0 7.348596034390835e-06 0.0 0.0 6.26568097704661e-05 0.0 0.0 3.1514364873629366e-06 5.934139852159962e-06 5.205542578884712e-06 0.0 1.6618075374487e-05 0.0 0.0 0.0001980232606796494 0.0 2.666026023400172e-06 3.612966963527125e-06 4.5909620637037225e-06 7.67559786764679e-05 0.0 3.197143434154276e-05 0.0 7.051855939140663e-06 0.0 0.0 0.0 0.0 0.0 0.0 2.516269701145671e-06 1.5239510003246751e-05 2.3883699995833905e-05 0.0 0.0 0.0002965046829609567 5.741779122645628e-05 7.757959808544973e-05 0.008414288986935622 0.0005516151564638203 0.016416636015625846 0.003416830741349926 0.016293479254602596 0.0007313009814102923 0.00010869570360967847 0.0009974473235611926 0.0011909972970053002 0.0 2.0528237410948333e-05 3.567289492856309e-06 0.00031117801097079806 0.0 0.0 1.9455651182137027e-05 2.5095878698038213e-05 0.0 0.003959322518890926 0.0004955187630182975
0.005286511747725738 0.021106411040849034 0.0 0.01713167362176925 0.02081336441794072 0.0003737316812283795 0.0032627494084994466 0.031100877716833016 0.055316487435667444 0.0032750406020237125 0.05859855684379893 0.0003215504092616532 0.004148156904429583 0.04415435193045626 0.00021518632029392124 8.112827076369609e-05 7.297824731307738e-06 3.025763671136857e-06 0.0 3.5926341469185774e-05 0.00017610869049122064 0.0 3.639353473184095e-05 7.90318382930859e-06 4.475021316021716e-06 8.955968476671936e-06 0.0 2.8156106542118348e-05 3.3482222228150654e-06 0.0 0.06413368410703171 0.0017535481459905343 0.0015568009905427846 2.6906724521919855e-06 1.9037539062432757e-05 1.6047307261700303e-05 0.0004569090780729307 0.00017704417084969185 0.0001251557710493048 0.0 0.0003104871112740751 0.00016734312460795162 0.00011570823506362091 1.613612935990488e-05 2.5805029000276608e-06 0.0 0.00037465819611394907 2.828186920947781e-05 1.2399716527347524e-05 6.84368669914963e-05 0.00016178746757690028 5.176351167374927e-06 0.0 1.754333110699617e-05 7.457857858134274e-05 0.00015215118900136903 0.0006565305926193399 0.006207920440862067 0.0006790966825002625 0.00022819848704494806 9.498633861294307e-05 0.00022636404949921045 9.472416398580377e-06 0.00060501113440852 9.127282049869926e-05 0.00012209997962426682 1.0478458042899337e-05 0.0002459837832332812 0.0002287631148147897 0.0010280669386312647 0.0006124002302613514 2.6699584409901717e-05 0.0 0.000705017717974093 0.0006701294425777974 0.00032737757229254176 0.00014600632473474938 3.8616062829346195e-05 0.00019716557547383377 0.014575839440419045 1.812352508308751e-05 0.0017621169013944935 0.00010788765906729672 2.5140138345661005e-06 0.00013483182367499943 4.711414915702737e-05 0.00010426396347635538 0.0 4.452366226505409e-05 2.484968102518713e-06 1.6820030101819263e-05 8.04469518886869e-06 0.0021125714976304682 0.00023425704782878195 1.8526478806247158e-05 0.0002493660131048645 3.0657145161637323e-05 0.0 3.2888288915755605e-05 0.003928620472906451 1.0822154247668606e-05 0.0 0.0 0.0 1.4615598579315161e-05 0.00012534035821754435 3.937207567839164e-05 3.854431662201133e-05 4.5941794147351e-05 2.044825320012905e-05 2.5347157831372717e-05 0.0001347938265431194 0.00029285363334459116 0.00023451521410561792 3.076547377078641e-05 0.0 0.0 0.0 0.0 3.3064134543005892e-06 0.0 0.0 0.0 0.0 0.0 1.749342723077568e-05 0.0 0.0 0.0 0.0 5.13063194144419e-06 0.0 2.8368956608606315e-06 0.0 2.3660268837183462e-05 3.587654615664108e-06 0.0 0.0 0.0 0.00012713330557193581 0.0 9.20598927658641e-05 1.7597705734361434e-05 7.870122323800468e-06 5.003976175469721e-06 1.886233368250127e-05 0.0 0.0 0.0 0.0 2.520703336503847e-06 0.0 6.168276904805326e-06 0.0 0.0 2.575604234793242e-06 0.0 2.385104274310146e-05 0.0 0.0 0.0 0.0 0.0 0.0 0.0 0.0 0.00010312561425965781 0.0 0.0 0.0 0.0 0.0 2.379693040062815e-06 0.0 0.0 1.054110887207939e-05 0.0001337586646258816 0.0 1.0193388078850072e-05 4.648757065453053e-06 2.4534431751108145e-05 8.305020985888099e-06 2.6380472155683484e-06 4.8039401796554324e-06 0.0 0.0 4.174906467875174e-06 0.0 0.0 0.0 0.0 0.0 0.0 0.0 2.592362012441989e-06 5.715777627414962e-06 7.686136276654694e-06 0.00011534606076449411 5.378515846340048e-05 3.629988340585271e-05 0.001077525673779058 0.00016144554937295815 0.0014163609008382668 0.000545160251350525 0.0007597885110490959 6.817185053229652e-05 1.3064511299514426e-05 0.0001335777984698976 0.00018404213497599125 2.8168744776753005e-06 1.3631504272856828e-05 1.0044472738460225e-05 6.366891335063109e-05 0.0 0.0 0.0 3.815344810826602e-06 0.0 0.00023257410022183112 0.00017974405018204756
0.027904591199278465 0.0662430495077559 0.01713167362176925 0.0 0.006541335065185459 0.002755490264612357 0.04137114134023705 0.0013550400145757664 0.0017374220893911648 0.06344487752540136 0.00466038919720234 0.009736847046329758 0.04595251205201447 0.004319300674450378 5.52783380022501e-05 2.6377567845382233e-06 7.962047301764596e-06 1.3578777122469158e-05 0.0 3.8741334331129674e-06 0.0 0.0 0.0 0.0 3.6136972166284306e-06 3.2877677203069168e-06 0.0 0.0 0.0 0.0 0.002563848185495136 5.9007846370605666e-05 4.982774138068882e-05 0.0 2.735952783946209e-06 0.0 3.3968409958544404e-05 1.1644735342520366e-05 1.2084872124640673e-05 0.0 0.0 0.0 5.787492750278553e-06 1.613683208546446e-05 2.293855205749781e-06 5.248008296821963e-06 0.0003755794056071227 4.516896970276622e-05 0.0 1.6486601051517515e-05 3.894223295968415e-05 2.5527647262122793e-06 0.0 0.0 0.0001656600429202217 0.0004143168163356617 0.0014412410277885508 0.004421499169919688 0.0021338755019946333 0.00034479454564240007 1.2964817987415454e-05 4.706811877708564e-06 0.0 0.0005868088827211826 0.0002928077334884989 0.00019314666232685257 1.6170458060227084e-05 7.834616403516863e-05 1.8976385236645467e-05 0.0 0.00027263812566440826 3.6914946890206806e-06 0.0 0.0016935372465696763 0.0011863737109384228 0.0002699305602712447 0.00020386510099369882 2.948627509272308e-05 2.3633105030165665e-05 7.837677852779618e-05 1.2047254501678604e-05 1.624631824320806e-05 0.000454829929032297 2.5779385084720005e-06 0.00024091435058446302 0.0001140018146599803 6.543667161250089e-05 2.3227498456158972e-06 6.389612165916426e-05 5.609256711722277e-06 2.1781513959704674e-05 4.200192216091129e-06 3.182637161980173e-05 0.0 7.7516957463111e-06 0.0037455800480078343 3.8569626186190346e-05 3.761655897618727e-06 2.305190057678422e-05 0.011358891565973346 0.0 2.301902248512153e-05 0.0 4.8471768543399566e-05 0.0 0.0001256536397363372 4.6748839811125956e-05 3.219880750602809e-05 9.875463900960829e-05 4.9019179382382266e-05 7.506141413761029e-06 6.970804773175991e-05 0.00017171146525574917 8.256323218082916e-05 8.306042288615973e-06 0.0 0.0 0.0 0.0 0.0 0.0 0.0 0.0 0.0 0.0 0.0 0.0 0.0 0.0 0.0 0.0 0.0 0.0 0.0 0.0 0.0 0.0 0.0 0.0 3.946037320681231e-05 0.0 2.1444621233267817e-05 0.0 0.0 0.0 0.0 0.0 0.0 0.0 0.0 0.0 0.0 0.0 0.0 0.0 0.0 0.0 0.0 3.183694126793003e-06 0.0 0.0 0.0 0.0 2.1370347595514794e-05 0.0 0.0 0.0 0.0 0.0 0.0 0.0 0.0 0.0 7.402219685673942e-06 0.0 0.0 8.641407824153623e-05 0.0 0.0 0.0 0.0 3.487536946405039e-06 0.0 0.0 0.0 0.0 0.0 0.0 0.0 0.0 0.0 0.0 0.0 8.228100992550658e-06 0.0 0.0 0.0 1.7973600657249544e-05 7.0673412639055624e-06 1.3065769215381859e-05 0.0024623639301396007 6.95716173687359e-05 0.0028236276761795147 0.0005735267952783535 0.017787245926379255 0.00010574916652336697 4.199022759515088e-06 7.913090543093517e-05 0.0004851800211680799 0.0 0.0 0.0 0.00026961619790981617 0.0 0.0 0.0 0.0 0.0 0.003027868252842362 0.00011930272470603603
0.0015136458264558034 0.07171110858976466 0.02081336441794072 0.006541335065185459 0.0 0.00014971794576835076 0.034353163860172856 0.0062883199864576704 0.13821940565661908 0.005714173202584732 0.010862344752422521 0.00041617953038876944 0.006316187850254583 0.049902573710160235 0.0008730121946349025 1.850385487852668e-05 2.867589488482056e-06 0.0 0.0 3.216014553762062e-06 2.8761208613297013e-06 0.0 2.6360336841454373e-06 0.0 0.0 0.0 0.0 0.0 0.0 3.3826161850620365e-06 0.003426241934639918 0.00015231158518244815 0.0003936798043075286 0.0 0.0 0.0 0.00018939590037654754 6.469465404403754e-05 5.9260486416115406e-05 7.280806524556364e-06 7.810076713541337e-06 0.0 1.3343415712813414e-05 1.0343436378625804e-05 0.0 0.0 0.002400439197092754 0.00016556071767300648 1.1629267338455879e-05 3.588239575925793e-05 9.209712484859287e-05 1.0354063556223318e-05 0.0 3.7230876465724285e-06 0.00026237135333484143 0.0006070015788842735 0.000449522705590941 0.001927223622786717 0.0009240396139662204 0.002125664458644357 1.1838059412275839e-05 4.765545816069343e-05 1.0179702251138705e-05 0.0012539628787264876 0.00045019586208588095 0.0004337151126474189 4.340375665596236e-05 0.0001660968313944436 4.463691768557577e-05 1.084598258266417e-05 0.0009655521066420771 2.2387755021584544e-05 0.0 0.002373891009986822 0.0020259352580541314 0.002229797175595883 0.0008047751680080954 3.8181909730621834e-05 4.830621218543963e-05 0.00028811564095850933 3.097186460786263e-05 6.668052028751414e-05 0.0006887300088242681 2.9658451824468216e-06 0.0007321489045456363 0.0002012238274883805 7.344488693191582e-05 1.0828488211300572e-05 0.0001245462517355737 1.4090023421535076e-05 4.713180931223775e-05 1.0884306024168034e-05 4.011804205725074e-05 1.2112657311785746e-05 1.1142823663783706e-05 0.00025554451448098263 9.89922793285611e-05 1.7767540459972266e-06 5.157924447452003e-05 0.0006518640711651757 5.9245393900092e-06 4.7314917107083176e-05 7.131190840203246e-05 2.5822501875413808e-05 0.0 0.000811767490534832 8.570324937784895e-05 0.000498664067204469 0.00033085199855127867 0.0003116167690560953 6.178285888047237e-05 0.0009052690793773072 0.0018203855500685225 0.0010021374877714196 0.00028490339056410475 6.409446007168906e-06 0.0 0.0 0.0 0.0 0.0 0.0 0.0 0.0 0.0 0.0 0.0 1.1775947071299671e-05 0.0 0.0 0.0 0.0 0.0 0.0 4.568739914373163e-05 1.6287364127658847e-05 0.0 5.090307711604145e-05 0.0 0.0002588358886185539 4.0383503751240574e-05 0.00023910966675440198 1.5663444661973494e-05 2.9305966910730896e-05 0.0 0.0 0.0 0.0 0.0 0.0 0.0 0.0 0.0 0.0 0.0 0.0 0.0 0.0 0.0 0.0 0.0 0.0 1.2107384241054023e-05 5.3571860223789376e-05 0.0 0.0 0.00011262227747372765 0.0 0.0 0.0 4.159018436825691e-06 3.229280973084877e-06 0.0 0.0 0.0 0.0 0.0005323958253611769 3.246142056339655e-06 0.0 0.0 0.0 0.0001619092732374611 0.0 9.069253342384319e-05 0.0 0.0 0.0 0.0 1.4418923881924604e-05 0.0 0.0 0.0 0.0 2.9263221277903035e-06 7.120264354716645e-06 0.0 0.0 0.0006046228027587887 0.00025237241625381744 0.00013369049390598897 0.007590662018705264 0.00021847176178230312 0.009868022988376924 0.0025287599857596846 0.0029818910408010014 0.0005110749419744605 4.966668778623962e-05 0.0009924743616463022 0.001915581295176203 0.0 3.2997124464689975e-05 1.997528209204442e-05 0.0006265390688293668 0.0 0.0 0.0 3.5106931145053205e-05 0.0 0.0016513151145910931 0.0010482216025571277
0.001358980777959681 0.0005875799229789757 0.0003737316812283795 0.002755490264612357 0.00014971794576835076 0.0 0.0008191368834723479 0.0 4.640280252811706e-05 0.005505186959692275 8.089187212245406e-05 0.00204073846765575 0.0017126481530260727 0.00023750046141085934 0.0 0.0 0.0 0.0 0.0 0.0 0.0 5.2569131472722465e-06 0.0 0.0 0.0 0.0 0.0 0.0 0.0 0.0 0.00027324119935784937 5.4826246070617655e-06 6.254726561930595e-05 0.0 0.0 0.0 5.626854991823436e-05 5.6756823710484006e-06 3.8497549803003866e-05 0.0 0.0 0.0 0.0 0.0 0.0 0.0 5.3711841485046995e-06 0.0 0.0 0.0 3.904052143926041e-05 0.00023707411871082805 1.5068770116390272e-05 0.0 0.0 3.971029993367269e-05 0.0033798152935699648 0.0002233207404225033 0.0004177583705340511 1.6655879040329387e-05 0.0 0.0 0.0 0.0 0.0 1.5114421142063137e-05 6.22118917017865e-06 1.0820858906716354e-05 0.0 0.0 0.001499110335497298 0.0032470693070456953 0.0009121117284737127 4.893866348791997e-05 4.167339734321196e-05 0.0 0.0 2.27709680950459e-06 0.0 0.0 0.0 0.0 9.908315021818587e-06 2.469611151980707e-05 0.0 4.5443702301651674e-05 0.0 0.0001239109558173489 0.00011351308820978325 0.0003824915080831459 0.00010490093424445038 0.000165563008335636 3.866178282852249e-06 1.169639371290314e-05 3.7079419467198086e-05 0.009642511511229277 0.004296710617823505 0.001449708359820808 0.0003675729136973988 0.005551165192881714 0.0 0.0 0.0 0.0 0.0 2.374866224805284e-05 0.0 0.0 0.0 0.0 0.0 9.643851742488226e-06 1.5654434804776964e-05 6.350266431930378e-06 0.0 0.0 0.0 0.0 0.0 0.0 0.0 0.0 0.0 0.0 0.0 0.0 0.0 0.0 0.0 0.0 0.0 4.589477741538046e-06 0.0 0.0 0.0 0.0 0.0 0.0 0.0 2.907384416275398e-06 0.0 2.4367525306410723e-06 5.548874430348883e-06 2.263573208710477e-06 0.0 0.0 0.0 0.0 0.0 0.0 0.0 0.0 0.0 0.0 0.0 0.0 0.0 0.0 0.0 0.0 0.0 0.0 0.0 0.0 0.0 0.0 0.0 0.0 0.0 0.0 0.0 3.212514844384144e-06 0.0 0.0 0.0 0.0 0.0 1.1954432558871704e-05 0.0 0.0 5.635943271584066e-06 0.0 0.0 0.0 0.0 0.0 0.0 0.0 0.0 0.0 0.0 0.0 0.0 6.62249124083471e-06 8.607873741892649e-06 0.0 0.0 0.0 0.0 2.6954616258559445e-06 0.00014624653640446785 1.3532860254974787e-05 4.536907559997861e-05 1.3509817846760425e-05 0.002728846186861311 7.511191944422277e-06 0.0 0.0 6.719039546756348e-05 0.0 0.0 0.0 1.4105337549734295e-05 0.0 0.0 0.0 0.0 0.0 0.000669219384677356 2.0089355915660574e-05
0.008138117606336072 0.043072730046657 0.0032627494084994466 0.04137114134023705 0.034353163860172856 0.0008191368834723479 0.0 0.00018225866529235653 0.12069785674233756 0.03342741817979482 0.001768398939577062 0.001907518525527156 0.12456775369234621 0.07416506930075387 0.0005831962759354344 1.6284666892516987e-05 9.364666795702206e-06 8.306937706967638e-06 5.967958983662004e-06 0.0 0.0 0.0 2.805855419230961e-06 2.8927966749497146e-06 0.0 5.888512023853719e-06 3.0813359012163324e-06 8.47078720269141e-06 3.4351699737964735e-06 0.0 0.002210665230210503 8.29371669262376e-05 0.0006865244744989545 0.0 0.0 1.594124147834077e-05 0.0003358053941060189 0.00012207091239599304 8.785626625696894e-05 0.0 5.278363597539798e-06 2.4328555276974505e-06 6.876725718677039e-06 2.291929716065661e-05 0.0 0.0 0.0019319720487297094 8.670317248474732e-05 1.783408999323616e-05 3.842122412619933e-05 0.00013141807476813944 2.5633563345143045e-06 2.0312178684709035e-06 2.8252623361481033e-06 0.00025512736041252004 0.0006456545097523416 0.0007842136159310444 0.0030396752585585356 0.0014222423729252976 0.0015993944031787363 8.547814367862653e-06 3.9116895057289315e-05 0.0 0.0013856042765535489 0.0004086364485605028 0.00038634857954380927 3.667380438749029e-05 0.00015258826651477905 2.909684837263797e-05 1.5429570976763863e-05 0.001380109683961099 4.1094008161093346e-06 2.2499384152056816e-06 0.0024837856059296464 0.002050677749770169 0.0015244824982341015 0.0005197034189987917 6.353923156550516e-05 4.5618599156607055e-05 0.00039388108105315904 3.00918711131617e-05 0.00013530022351001725 0.0008085261650250488 0.0 0.0005006868868529767 0.00020363891599833197 8.56229914381035e-05 9.974605053874519e-06 9.215704905930002e-05 1.11587947414057e-05 4.75587390602938e-05 1.3605908298524561e-05 1.0112087494799463e-05 2.72389587531914e-05 8.664320358044715e-06 0.0012116149628936168 8.462555044943385e-05 0.0 5.3290229037368355e-05 0.0015195382586799674 0.0002927776710931969 0.000864101114609138 0.003536912660033475 0.0019081020685843913 0.00011235964802355344 0.007513180742194299 0.0004009030539899663 0.0012337135160362088 0.005786875675273216 0.0014787313262818907 5.75333023589084e-05 0.0036895568782872507 0.00423863935987225 0.0025253478594312955 0.0003379931547636744 7.17072172010477e-06 3.768507162526394e-06 0.0 0.0 0.0 0.0 0.0 0.0 0.0 0.0 0.0 0.0 1.7966935744520417e-05 0.0 0.0 0.0 0.0 0.0 0.0 0.00010853831952933086 4.1687225448105276e-05 0.0 1.7711618722902333e-05 1.55675176743195e-05 0.0006647456667440403 2.3718843425100437e-05 0.00033706497987454943 2.375397846588648e-05 2.840626601589051e-05 0.0 0.0 0.0 0.0 0.0 0.0 0.0 7.313079845406267e-05 2.3816046577216954e-05 0.0 0.0 0.0 0.0 0.0 9.930865089123734e-05 0.0001122625976647584 4.5224209591906553e-05 0.00017167928555947097 0.00014487029587331062 0.00015876543574345667 0.0 3.467304326955391e-05 0.0002684182518745791 7.71315004310516e-05 3.926507612370097e-05 3.342322019009135e-05 1.7601559744852248e-05 3.010730540372005e-06 0.0 9.392188151464216e-06 2.8844549019119367e-06 0.0 0.0009263077702013303 4.759608774845216e-06 0.0 0.0 5.9618840572906675e-06 0.0002956580550119156 0.0 8.634348896419942e-05 0.0002327414155587777 0.00027806286387209623 4.426620288930377e-05 3.275148507512894e-05 1.3674860924321528e-05 6.8480435666891945e-06 1.634832123977717e-05 0.0 0.0 1.5987635283692918e-05 4.863253062427487e-06 5.084290871438831e-06 0.0 0.0012305894074385701 0.00038720242202851913 0.00036078494141272117 0.010476094175412084 0.00021776004291298296 0.00895854594535641 0.0024312841665378175 0.009563089328992231 0.0005546430108362862 1.3530742490051182e-05 0.0012850142987031851 0.005737876967721527 7.693396588460486e-06 0.0005211388807057983 0.00012749083560361553 0.003259216814070657 3.628977476672378e-06 0.0 6.424536852981918e-05 2.6021624977526905e-05 0.0 0.004715128435363471 0.00267968118976023
0.0011396211527440762 0.0023775243003178966 0.031100877716833016 0.0013550400145757664 0.0062883199864576704 0.0 0.00018225866529235653 0.0 0.005515426076276001 0.0005565933201562025 0.10679392627433922 0.00016453963532011624 0.002710893453008585 0.04525350884008666 0.0008611422475038697 0.00021457485224674467 2.0078680487540482e-05 4.801828708950636e-05 5.318815938703247e-06 0.00015038137993764064 0.000461040994562383 0.0 0.0001360068969520967 6.443087632421544e-05 9.120047626325282e-06 3.010408947546049e-05 0.0 2.6000169578487823e-05 3.6901152189521417e-06 0.0 0.03391874127856832 0.08571465563792197 0.0016263028984329752 6.421332724449515e-05 5.696895342141374e-05 1.61445631491636e-05 0.0002804463999425629 0.00013026591182891588 0.00013631702533016904 8.235407544440588e-06 0.0003270153611869265 0.0001781329360045301 0.00043732693984699914 0.0001036253115177766 1.886803064644576e-05 4.652251609550668e-05 0.00254855974188419 0.00011374833641628992 3.8577107800873724e-05 0.0001937831816741931 0.00021623188870447524 1.2250072480347482e-05 0.0 4.42866710084194e-06 0.00020100415832399992 0.00040155306013161255 0.0005128795073433026 0.0040379725860588585 0.0011912363389091443 0.0019368863669285306 0.004112504237604716 0.00037300942596049007 0.00010946037155086023 0.0165113863201055 0.00027177746655619153 0.00031195049781637386 6.154315832606517e-05 0.0002927935144306535 0.00044106048038162116 0.0012315567943829901 0.00018293082924930324 9.148177835636599e-06 2.055375296774297e-06 0.0026049397729336994 0.005245900816218876 0.0029640351916778735 0.013748572712576006 0.005437920783686021 0.03568447458106451 0.051619441397676 0.0029551565341474906 0.019024910768642947 0.0006425480920850865 0.0 0.00046117972795996535 0.0001451705271722376 0.0002544808527430588 2.917426092339339e-06 6.274560418647986e-05 5.55641187336127e-06 4.7558777413273284e-05 1.684183222416483e-05 0.001740911680696358 0.00023040979875174354 3.848941495047638e-05 3.983632550452054e-05 2.2327279796095543e-06 0.0 6.916589310675585e-06 0.001063205217615029 0.0 0.0 0.0 6.793345722682311e-06 0.0 0.0 0.0 3.5783221604223997e-06 2.519621720622753e-06 2.461749239668901e-06 0.0 1.0901359954864007e-05 3.790313228424283e-05 8.917414762642057e-06 0.0 0.0 0.0 0.0 0.0 0.0 0.0 0.0 0.0 0.0 0.0 0.0 0.0 0.0 0.0 0.0 0.0 4.033913492134553e-06 6.380417131874597e-06 0.0 4.511135904275699e-06 5.549260434529496e-06 0.0 0.0 0.0 8.214357635370066e-06 1.8647939289992648e-06 2.2495724226200082e-05 8.654626642480126e-06 0.0 0.0 2.4569962538968772e-06 0.0 0.0 0.0 0.0 0.0 0.0 0.0 0.0 0.0 1.3270803625107049e-05 0.0 2.9072263648841383e-06 0.0 0.0 0.0 0.0 0.0 0.0 0.0 0.0 8.134039691769628e-06 0.0 0.0 2.22595249276619e-06 3.700974060917668e-06 0.0 0.0 4.4962920640224934e-06 0.0 3.3621217755975884e-06 1.889876158985378e-05 0.0 0.0 3.279494920772568e-06 7.079362757886256e-06 3.11015383512348e-06 0.0 0.0 0.0 0.0 0.0 0.0 0.0 0.0 0.0 0.0 0.0 3.022994214860244e-06 3.2398360841967475e-06 8.035053744703558e-06 5.6436169604630875e-06 3.097598492412227e-06 1.0570310645079598e-05 2.5526980415156926e-05 0.0019958116147450987 0.0002196547586612425 0.006497058739429308 0.0016341901278867656 0.0011217573252733201 0.00022544425334426074 1.368951763915064e-05 0.00026493957926055733 4.8709154619214205e-05 4.951247478590944e-06 0.0 1.2837923752512096e-05 0.0 0.0 0.0 0.0 1.6108157356633934e-05 0.0 0.0005987670265494157 2.355829445069985e-05
0.00039590943760378145 0.0744123858224967 0.055316487435667444 0.0017374220893911648 0.13821940565661908 4.640280252811706e-05 0.12069785674233756 0.005515426076276001 0.0 0.0024205518906417816 0.03620465939707354 0.00015022938491485787 0.010316225659728142 0.030957486634137343 0.0002698626679197514 1.934903422934652e-05 3.188350302221653e-06 0.0 0.0 2.8177306151528157e-06 0.0 0.0 0.0 0.0 0.0 0.0 0.0 0.0 0.0 2.507585534976534e-06 0.0068014759518199895 3.39089362406971e-05 0.0002752917194457894 0.0 0.0 4.42745681690064e-06 0.0001613060238626301 1.98481054678647e-05 5.822832639276781e-05 0.0 0.0 1.4417749476577016e-05 0.0 0.0 0.0 0.0 0.0006738841006031513 1.5286850261157135e-05 0.0 0.0 2.1465430199023688e-05 0.0 3.9873291590778715e-06 0.0 4.7941039085404876e-05 6.372647746125797e-05 0.00011235664396457568 0.0002474774930639318 0.00012071373654327068 0.0003887437088848688 3.5308318928745202e-06 6.837015538596428e-06 0.0 0.00032048946177027325 5.6467018699959556e-05 7.897576701032583e-05 4.025136536498921e-06 2.0951442899117537e-05 0.0 3.5779210006289262e-06 0.0004097659747361296 0.0 0.0 0.00038782125384775656 0.0002261815179269519 0.0006223160487033781 0.00019041396908221517 2.4831540684487606e-06 0.0 0.00013479785376061432 3.9591901347672375e-06 2.931127323102143e-05 0.00010371203069737221 0.0 7.745974193157991e-05 2.911271830974149e-05 2.2919394125649094e-06 0.0 2.528465422814617e-05 0.0 1.7683510783062974e-05 0.0 1.6278606657811177e-05 5.70616649447555e-06 0.0 0.0001613159662539649 4.199461653691602e-05 0.0 1.738629266741125e-05 0.00024638904648626185 0.0 4.4261855393500344e-05 3.4607542257261394e-05 3.223998345038106e-05 8.746871434805436e-06 0.0006823361141770344 3.8220873574093614e-05 0.00024524094849891643 0.0002727997726474956 0.00018432393875081993 4.514063721241795e-06 0.0006696641057230685 0.0012314556803095101 0.000685577496133743 9.5620956549466e-05 0.0 1.2954385667697575e-05 1.4636740349957513e-05 0.0 0.0 0.0 0.0 0.0 0.0 0.0 0.0 0.0 0.0 0.0 0.0 0.0 0.0 0.0 0.0 7.630414408095586e-05 0.0 0.0 0.0 0.0 0.00022826497904874273 0.0 0.00010416463018738639 0.0 0.0 0.0 0.0 0.0 0.0 0.0 0.0 0.0 0.0 0.0 0.0 0.0 0.0 0.0 3.72692232592439e-06 0.0 0.0 0.0 0.0 0.0 6.159413964264074e-06 0.0 0.0 6.032328675849208e-05 0.0 0.0 0.0 0.0 0.0 0.0 0.0 0.0 0.0 0.0002454967305504107 0.0 0.0 0.0 0.0 5.070483582315825e-05 0.0 3.396606733381367e-05 0.0 0.0 0.0 0.0 0.0 0.0 0.0 1.1722350638260066e-05 0.0 0.0 0.0 0.0 0.0 0.00023882563061965856 0.0001077438681798431 0.00011493343296620695 0.002562378382251933 6.822167244448827e-05 0.002039419670763562 0.0007039696479595223 0.000680007926559384 0.0001537606569391018 1.1645301358265976e-05 0.00034508018688026457 0.0014054741662044624 0.0 5.5128455177022935e-06 8.379096054182848e-06 0.00039209354811878673 5.961614967837836e-06 0.0 1.1961616319367641e-05 1.338329229533727e-05 0.0 0.0008495263859235855 0.0006434178201264601
0.03446274577819236 0.01983525066941981 0.0032750406020237125 0.06344487752540136 0.005714173202584732 0.005505186959692275 0.03342741817979482 0.0005565933201562025 0.0024205518906417816 0.0 0.000862722756158408 0.08147857748058607 0.2630500323588078 0.03341029163577394 6.71335111944278e-05 1.1367107402982109e-05 6.9946277263825e-06 0.0 0.0 0.0 0.0 0.0 2.484208466086352e-06 0.0 0.0 0.0 0.0 0.0 0.0 0.0 0.0010318187187913154 3.492755889947971e-05 0.00029746156520987457 0.0 0.0 0.0 0.00015924022042166394 2.3101926471153154e-05 6.692241036403235e-05 0.0 0.0 0.0 7.80143213754457e-06 1.161502848552421e-05 0.0 0.0 0.0003858893536486945 4.078556514903077e-05 7.532780032398463e-06 1.062786547675982e-05 3.845775224617566e-05 0.0 0.0 0.0 0.0001270082682089061 0.0002456724377667067 0.0025531093453629423 0.002749458722883973 0.0016999288585960344 0.00026830663124980796 1.0890387755100248e-05 2.2382941104062855e-06 0.0 0.00037684277177316725 0.00016253953130625177 0.00016606936107288814 1.241459593689622e-05 5.233043799332491e-05 2.5046592335717246e-05 1.1494259283304097e-05 0.0012694886170156235 3.081105566830675e-05 3.151242433658677e-05 0.0012231346696881065 0.0008218260678907954 0.00025641702032968487 3.437555590980026e-05 6.78815538922488e-06 5.408457367896967e-06 3.404201118196361e-05 1.059897903329658e-05 2.5222503843488734e-05 0.0003513166700742581 3.651798427360043e-06 0.00015000002682903513 0.00011413939592168706 1.3147125163814139e-05 1.0157675114336892e-05 4.957979911121854e-05 1.1429297687110131e-05 1.0887663456363994e-05 2.3050777205643204e-05 8.996761045879197e-06 2.4654414871897942e-06 2.506811670825977e-06 0.007379048307833611 0.0012718291521275806 3.700990113495373e-05 3.51172465500433e-05 0.013099951966224318 7.272642876364433e-05 0.0003747766148043338 0.002497904075044678 0.003889981573042911 6.68514145141832e-06 0.0016521303396463394 0.0005830048252850075 0.0005296376293956211 0.0016258488973580696 0.001730788545996976 2.4036373928213166e-05 0.0014210993904212397 0.0029580179806639917 0.002028327752483641 0.00012811907905843945 1.0855004193193122e-05 8.004080002191542e-06 2.566330700862757e-06 0.0 0.0 0.0 0.0 0.0 0.0 0.0 0.0 0.0 1.7847732209898274e-05 0.0 0.0 0.0 0.0 0.0 0.0 5.090859221263162e-05 3.7821181400681234e-06 0.0 0.0 0.0 0.00014666767686306027 0.0 0.00012134076940485514 1.0381560168127596e-05 0.0 0.0 0.0 0.0 0.0 0.0 0.0 0.0 8.360327528795182e-06 0.0 0.0 0.0 2.345481099819283e-06 0.0 0.0 1.6044539042616578e-05 2.961493665766491e-06 5.7015264025544265e-06 2.4936858894045438e-05 2.414394939619257e-05 0.00011804095560135888 0.0 0.0 6.853755840895652e-05 6.124342948209924e-06 5.291608211337986e-06 9.595987842688597e-06 0.0 8.096750698168055e-06 0.0 7.082959277607547e-06 0.0 0.0 0.00026815256083595793 0.0 0.0 0.0 0.0 6.687272175937413e-05 0.0 2.5284424728865702e-05 1.2314370013259574e-05 3.722590820839001e-05 0.0 0.0 0.0 5.2095074727879844e-06 3.1845972776002064e-06 5.4634592520557274e-06 0.0 7.270235639235189e-06 4.962854822252853e-06 0.0 0.0 0.00030101574695339575 8.661818073571959e-05 8.145544193772838e-05 0.010003602950477546 4.3191166399980614e-05 0.002566462617018238 0.0007698001287386109 0.02855257983857661 0.0002270353675255209 8.951769444014879e-06 0.00027276212703304463 0.004203541218828006 1.1668300155431086e-05 0.00010301847211848696 2.720948448845791e-05 0.0020461803440778993 7.1796066208197565e-06 0.0 1.231820778559375e-05 0.0 1.2462888524031049e-05 0.006711850066717698 0.001493095457055956
0.0056032577745112775 0.027287624999177612 0.05859855684379893 0.00466038919720234 0.010862344752422521 8.089187212245406e-05 0.001768398939577062 0.10679392627433922 0.03620465939707354 0.000862722756158408 0.0 0.0006166307306101816 0.008305343052713582 0.07254091949652458 0.001097369645166892 0.00029946265495717136 1.885030260027571e-05 5.840068808484949e-06 0.0 2.036661517171863e-06 0.0 0.0 0.0 0.0 2.9152933573818046e-05 7.68204178679655e-05 0.0 0.00017758887130835826 1.8925437942874256e-05 0.0 0.04716792825803974 0.00532154074716297 0.017473096653950203 2.962029679584604e-06 0.0 1.8598356001378893e-05 0.007362225577249016 0.0023809755777698307 0.0017519509729664103 6.217691409379528e-05 0.0004478155804513024 0.0010305487599336764 2.000761953041567e-05 6.049597058467159e-05 0.0 0.0 0.0015113313328622671 8.533497958401906e-05 2.2569416692594665e-05 8.805453260300808e-05 0.00029231256868652005 2.9927736753775806e-05 1.2259745782229442e-05 0.0002362986822427616 0.00010454757401674581 0.00029893911807467186 0.0008060126412735149 0.0058345190217794956 0.0009874651734864996 0.0008016179061980259 5.065948497140951e-05 0.0007138587329830066 0.0 0.0013057467549044482 0.0001602733517960766 0.00016873166670262926 4.6605747628355016e-05 0.0001444054800314361 0.00011941099594036503 0.00025419892200131023 0.006108295291131934 7.071884854781534e-06 0.0 0.001461662632008552 0.001410976352222903 0.0013324581650225563 0.0008058643810267585 0.0001259080234505715 5.864435430640555e-05 0.006583292738988131 1.6689490942022928e-05 0.00022987435064007953 0.0004129678375044094 0.0 0.00026038356062739134 8.335884989391074e-05 0.00013805926370506907 8.863692754524465e-06 7.830971756992282e-05 5.047101626513742e-06 4.440879849377985e-05 5.22096114162847e-05 0.0012286077247628396 0.0006382694296729709 0.00018697245292750698 0.00012636928607447575 0.0 0.0 0.00023469910999233205 0.0039292487157426784 0.0 0.0 1.172458253422746e-05 0.0 2.0732194534967532e-05 0.00017980435436561998 5.1251522595004095e-06 0.0001080101470397345 6.981769611642076e-05 2.9640193486497143e-05 1.157211397586735e-05 0.00015865001075055928 0.0003679098622521646 0.0002860394133942282 7.747708505611313e-05 1.944764948249395e-05 2.650573793544987e-06 0.0 0.0 0.0 0.0 4.379303723263775e-06 0.0 0.0 0.0 0.0 0.0 1.5819571599699226e-05 2.321551933603464e-06 6.024952439069943e-06 0.0 3.2205303077980857e-06 0.0 0.0 1.2029159009221237e-05 1.7312788872931883e-05 0.0 0.0 3.6614949266086262e-06 0.00018705340307667248 1.4007182377691565e-05 0.00028346812247778474 3.702833932984068e-05 4.5120586027305115e-05 2.9049687971643485e-06 0.0 0.0 0.0 0.0 0.0 0.0 3.6173893095002106e-06 6.6809962366518295e-06 0.0 0.0 1.3466712500100812e-05 0.0 1.2365098633188083e-05 0.0 0.0 0.0 0.0 0.0 3.011490486102586e-06 0.0 2.735683137756579e-05 7.362976112890506e-05 7.74672408669637e-06 0.0 0.0 0.0 0.0 3.846313604567071e-06 0.0 8.514259686340116e-06 0.0 0.0001909222719447548 1.0057394599564127e-05 2.950115821385044e-06 6.275390590539792e-06 5.4778507127299555e-05 8.808861881352451e-05 0.0 5.013049809959556e-05 0.0 0.0 8.549752585168593e-06 0.0 0.0 0.0 0.0 0.0 4.1936555074748745e-06 0.0 2.012904073328701e-05 1.255933513269741e-05 3.462356668882662e-06 0.0001708987049980311 0.00012037145970804055 0.00012714422797468588 0.004764368761582489 0.00023381389801803562 0.004529666681399333 0.001994012071296832 0.0020339092107083943 0.00018765484955216951 1.2547063725753627e-05 0.0006938387866812655 0.00041671864182857087 4.950969976226482e-05 1.712873199649335e-05 2.3952225016839448e-05 0.00011541908437348437 0.0 0.0 1.4216644082161389e-05 3.974060574667506e-06 0.0 0.0007467544414991521 0.00026940926595550113
0.002287524268600915 0.0015890272842992265 0.0003215504092616532 0.009736847046329758 0.00041617953038876944 0.00204073846765575 0.001907518525527156 0.00016453963532011624 0.00015022938491485787 0.08147857748058607 0.0006166307306101816 0.0 0.028053247978417656 0.004568019495718115 0.00017985894086226708 5.8495310607253705e-05 0.0 0.0 0.0 0.0 0.0 0.0 0.0 0.0 9.799097180282266e-06 0.0 0.0 0.0 1.3956737074934084e-05 0.0 0.0003261871847325961 3.984214649705192e-05 0.00036627062374200203 0.0 0.0 0.0 0.0009647483809854132 0.0002772372098994124 6.426959524092422e-05 1.7587462705155203e-05 8.446090667587689e-06 2.0577524701163973e-05 2.8772269117703054e-06 6.3308503907157e-06 2.7016714062519175e-06 0.0 0.00026871896227645143 4.981579117994822e-06 0.0 0.0 1.8116360808379536e-06 3.4521541577434673e-06 0.0 7.853286912298088e-06 1.0041721840076911e-05 2.735029513289687e-05 0.0002739762202912409 0.0002485054427652374 0.00012644258851581282 7.589570201550223e-05 0.0 3.800887995438142e-05 0.0 0.00011915354336917561 0.0 2.409714700788962e-05 2.506196012715791e-06 1.450083888689251e-05 1.1276145270381965e-05 3.178669577182372e-06 0.0007341930264905632 5.984978551325556e-05 1.0556246854941382e-05 0.00020059338786153374 0.00016843033383808588 0.00015534919791380713 8.601337388969349e-05 1.1580118613843536e-05 0.0 7.250372105353431e-05 0.0 7.676508596260426e-06 4.167831765932188e-05 0.0 1.6624618578365907e-05 8.218107567009296e-06 3.7123565447724417e-06 0.0 2.4742855605395218e-06 0.0 0.0 2.3058988145533225e-06 5.813011554704518e-06 0.0 5.33195013303631e-06 0.007609406817517047 0.0002656103325083152 0.0 1.1844696642814128e-05 0.0015397311450614647 5.398776333559465e-06 0.00015126578046805266 2.582773767570983e-05 0.00016794046360306522 3.4319873878852095e-05 0.0011872749450245479 0.00011746699491232839 0.0006402750186268491 0.0007106388279215635 0.00039471900395840096 2.9617857515421035e-05 0.001415686910166023 0.0027763278053483708 0.0018165420408709312 0.00024184933235420097 0.0 2.2127191683530904e-06 0.0 0.0 0.0 0.0 0.0 0.0 0.0 0.0 0.0 0.0 3.0991950898323617e-06 0.0 0.0 0.0 2.116804088680628e-06 0.0 0.0 6.483705015116065e-05 6.383096891666932e-06 0.0 0.0 0.0 0.0003566361265695783 3.0738860205304925e-05 0.0001727289323763757 0.0 1.874759672349791e-05 0.0 0.0 4.838839844494793e-06 0.0 0.0 0.0 0.0 4.052568814373096e-06 1.502217418465028e-05 0.0 0.0 0.0 0.0 4.177228988221509e-06 2.3541807308995045e-06 4.646773690606751e-06 0.0 5.881285889501418e-06 0.0 7.212507182998244e-05 0.0 1.8334357287977444e-05 0.0001287025223669983 0.0 0.0 0.0 0.0 0.0 0.0 0.0 0.0 0.0 0.0005809074604349083 1.0017114692159245e-05 0.0 0.0 2.9468276719907317e-06 0.00010760724079385189 0.0 8.289862527483835e-05 9.921127082053806e-06 2.1045377851575033e-06 1.7981848558277051e-06 3.7853852571833636e-06 0.0 0.0 0.0 0.0 0.0 2.1034425601546575e-06 0.0 0.0 0.0 0.0009341940049520401 0.00020164451900060417 0.00016420662026548418 0.0034506152974863144 2.905695199502794e-05 0.0010921263334089167 0.0005721618906816686 0.006466993709834417 0.00016944738804558653 0.0 0.0002421182187527499 0.0029179117813263517 4.491110081617046e-06 3.045425418858813e-05 3.469503189872713e-05 0.0011686235270574566 0.0 0.0 3.6660846029196226e-06 0.0 0.0 0.010564602590474129 0.003128214308681541
