0.0 0.05754870404520669 0.005654445851387331 0.0638642255251973 0.0021971003928094807 0.0016466134182489755 0.005022188829101381 0.0007938093236644815 0.0004567073170659411 0.029791673011115467 0.0012997491947317238 0.0002799266718039352 0.0005424002184957835 0.001525724998282928 4.577642942142646e-05 5.7245181471831524e-05 4.626632235073655e-06 0.0 0.0 0.0 7.893224605358625e-06 0.0 0.0 0.0 2.5356957101901953e-05 0.0 0.0 2.7475833174435248e-06 0.0 0.0 0.01092985770661625 0.00010088258882137275 0.0008817686339767237 0.0 0.0 0.0 0.00012603030609397236 3.408255241710932e-05 3.633969325252693e-05 2.3533986584490738e-06 2.696824391119766e-06 0.0 2.3887083848763725e-06 1.656664976250738e-05 0.0 2.7965001725229344e-06 0.00019622713327069002 1.7350772409254428e-05 7.798910908351554e-06 2.893928469191324e-06 2.084952677877344e-06 7.41995625943391e-06 0.0 2.6894155998636902e-06 6.189571451554369e-05 3.7732337515312855e-05 0.0009816864474090298 0.015493132559160606 0.0009643951611879581 0.00015331036470810614 4.431758316973527e-05 6.812088933774295e-05 0.0 0.00034738395116199784 2.2522804326807424e-05 1.0185125965191426e-05 1.0566131880117297e-05 0.0 0.0 0.0 0.00021937307268648842 2.5446798099125138e-05 0.0 0.0038750417460937815 0.0018024009489883914 0.00017584125591179573 3.3716270271452795e-05 1.918923999761871e-05 0.0003397996688208267 0.0019485515797663057 0.00010158964730851185 0.0004820064461068079 0.00017481960918141852 0.0 8.179797584015533e-06 1.9534460982588276e-05 0.0 2.9346237771633893e-06 2.186226791445412e-06 0.0 3.820136971110705e-06 0.0 7.3636037842645e-06 3.2477331028502994e-06 1.130383941671051e-05 0.003848958533158928 0.00020324982902422827 3.2331745500994175e-05 0.00010857733739574065 0.011438887715059532 8.717618909994315e-05 0.00021418012444888128 0.0006082307700861911 0.0005910524311517232 0.00028959411542842556 0.0005360092816355006 0.00037238512460919723 0.00039259330898974444 0.001035990224422789 0.0009772362394816268 0.00012364614230314072 0.0007510661269609315 0.0007375657153439915 0.00011310419986081645 0.00014229702720373183 0.0 0.0 0.0 0.0 0.0 0.0 0.0 0.0 0.0 0.0 3.0349904799484712e-05 0.0 5.46058812569811e-06 0.0 0.0 2.6316895936084157e-06 2.4063273886355292e-06 0.0 0.0 1.4027821601836954e-05 1.2190841873968465e-05 0.0 0.0 1.739299205090828e-05 5.604855708659324e-06 0.0 0.00011780496963302604 3.586818631599293e-05 3.1526001619732995e-06 0.0 0.0 0.0 0.0 0.0 4.867052079249175e-05 0.0 0.0 0.0 0.0 0.0 0.0 0.0 0.0 0.0 0.0 0.0 0.0 8.50917956191337e-06 0.0 0.0 0.0 0.00016721802329447674 0.0 0.0 0.0 0.0 0.0 0.0 0.0 0.0 0.0 2.74976765797506e-05 5.980679450193065e-05 0.0 0.0 0.0 0.0004171977874407828 0.0 0.00013838417013327885 2.0780368357580713e-05 4.936996217037021e-05 0.0 2.0893464693261504e-06 0.0 0.0 0.0 0.0 0.0 0.0 0.0 0.0 0.0 5.960113833850372e-05 1.9528039246928055e-05 5.292377544441897e-05 0.0017532727593264116 8.039592149538398e-05 0.0009708045659303339 0.0003587920046414894 0.00997877804903943 2.107666950648932e-05 2.7241600094433288e-05 3.8647396970893614e-05 0.0005978934916664941 0.0 2.4525922923897523e-05 1.0281583689338401e-05 0.002426154632682743 0.0 5.951259021051276e-05 0.0 1.14362586501325e-05 0.0 0.002938183078249116 0.0021696384329478145
0.05754870404520669 0.0 0.02650819632715319 0.023724231226575868 0.04441599295948795 0.005614675818694609 0.06740668074384122 0.007562674242615154 0.00914934170660344 0.0628914872710618 0.027435714578726556 0.0015173089233669764 0.01088050293885953 0.03145666813671652 0.00020798202903840918 0.0002512031286374308 0.00011493551361952287 8.161780356192036e-06 4.98405174723832e-06 4.854187741057901e-06 2.6624929526955358e-06 0.0 0.0 0.0 2.3717581380245687e-05 1.4532315028061796e-05 3.252881819108357e-05 1.4997910327483862e-05 7.230054408132388e-06 2.026919157072691e-05 0.04879055302843989 0.0010862657423288636 0.005511252202449593 0.0 3.306645364409528e-06 2.2829505243575145e-06 0.00045577133339947285 0.0001131252415574474 7.379308541955488e-05 1.2417201831000406e-05 0.0 4.826764113637952e-06 2.0491223317904086e-06 9.598339071387718e-05 1.1620030025206153e-05 2.869226442853654e-05 0.0024962102160439007 0.00017861438027913618 4.647449323512636e-05 2.037372529994098e-06 2.114648689995585e-05 6.154955697631272e-06 2.53365247529696e-06 4.193254858158811e-06 0.00029189071762080664 0.00028327846693950766 0.0012567808197672973 0.012480848864985539 0.0023262324528138785 0.0016649492882752635 0.00020971416291076043 0.0003566962297731325 0.0 0.0044586918033412935 0.0002700774910612495 0.00013685684389672472 0.00010764661638916611 3.939996733077777e-05 2.1284396926036037e-05 7.762574321457152e-06 0.00044282003208563126 1.1144629926771437e-05 0.0 0.01132711793475457 0.007586995387187014 0.0035805378427085895 0.0009014795653845208 0.00016110284335968614 0.0018304415706753448 0.016336619237499943 0.0004176547179036063 0.0018106782593886696 0.0012996335158139119 1.674178190235336e-05 9.530812211536546e-05 0.0001178554664083255 2.415958957549911e-05 0.0 3.638604891840168e-05 7.108652707157217e-06 3.0938458222953336e-05 2.3482945166327413e-06 9.07775602521895e-06 1.7668707944066353e-05 1.5236349221745302e-05 0.0008725098441696026 7.640466636375662e-05 0.0 0.00015463810476107099 0.014320337487050111 3.18143702013925e-05 8.57435879358496e-05 0.0010324972877017871 0.0009950423156145393 0.00029993747329696045 0.0009394548085319158 0.0004242434748035877 0.0005628522566358969 0.0018512743776546753 0.0010979398187769844 0.00016576878123927526 0.0010364141343776616 0.000950854996779271 0.0003858055831447059 0.00017887610169139284 0.0 0.0 0.0 0.0 0.0 0.0 0.0 0.0 0.0 0.0 0.0 0.0 0.0 0.0 0.0 0.0 0.0 3.086424125142675e-06 0.0 2.4759370076882152e-05 0.00019052215305522875 0.0 6.37141791916703e-06 1.5914787129697326e-05 6.205635364916244e-06 5.206823759809607e-05 0.0002249315295927165 2.967486959429296e-05 2.1426873991198483e-05 0.0 0.0 0.0 0.0 3.711262406708258e-06 1.2308190842854208e-05 0.0 0.0 0.0 0.0 0.0 0.0 0.0 3.027645130993796e-06 0.0 2.327583217968314e-05 0.0 1.941524504249467e-05 2.0921225873003717e-05 0.0 2.191974579783355e-05 1.5734904532728e-05 0.0003425675542007739 0.0 0.0 0.0 2.7816166577130306e-06 0.0 0.0 0.0 0.0 2.5553117611637862e-06 0.00014491815605647757 1.2846229955837795e-05 4.458182403745496e-06 0.0 2.0315582131620943e-06 0.0006857508467985606 0.00016271250430657558 0.0004702741633636988 1.049627590924251e-05 4.5620863041641855e-05 2.825608405220799e-06 2.4737587694012596e-06 0.0 0.0 2.14661287836758e-06 5.125772870550751e-06 0.0 4.3929644894545335e-06 0.0 0.0 0.0 0.00012206548174755785 8.01712768302047e-05 0.00016184519018032616 0.0065507586008705975 0.0004125816971839232 0.006612005767429463 0.0014387818503964233 0.02039742908077948 9.625280042824792e-05 0.00011355542665382886 0.0006512896888580782 0.0005397317346469371 1.2787516367931098e-05 6.0063308139424266e-05 4.126433859667659e-05 0.0031879961075052415 0.0 1.6119868840444922e-05 1.253601498788142e-05 0.00010624079110273749 1.0745596788966294e-05 0.012226441857516911 0.0040371084545910525
0.005654445851387331 0.02650819632715319 0.0 2.987138869857383e-05 0.010545033081031262 4.105972244510594e-05 0.00041884324033170285 0.056295040500443976 0.0012394690659515706 5.094428515918361e-05 0.019761236118981545 0.00024022738131036743 0.0007393681581210611 0.006831615402394652 0.00039725719700614017 0.0005283215699311027 2.1734251240073724e-05 0.0 3.0993808737619145e-06 2.6256087419557142e-06 5.101727571983125e-06 0.0 2.6919187476041106e-06 0.0 8.114484471202097e-05 6.5548277187141854e-06 1.4095237551639382e-05 2.539816794432984e-06 1.1540247911834554e-05 2.4082348661220635e-06 0.10325253499361164 0.019756608119703402 0.009770519513446343 0.0 2.343245435299105e-06 2.0237322072357007e-05 0.0005250876093137045 0.00031723827095338984 0.00020652001260051842 6.11458831516459e-05 5.966390904229623e-06 1.0671418920903546e-05 2.3490681690201832e-06 9.597707524144152e-05 4.603691127141505e-06 3.3869427842795355e-05 0.0007093484994334192 3.519542700253658e-05 2.7308028462584295e-06 6.374903388003199e-06 6.640983170633827e-06 6.68987074195333e-06 0.0 6.557920925449109e-06 2.7478784346167053e-05 2.5504427661859778e-05 0.00022042833208803323 0.005339650951252801 0.00042884727394747234 0.00026435672198934726 0.0013122237627469717 0.001742911947284862 7.3095917303134e-06 0.005115023893854766 3.108275982417456e-05 2.0748388738245412e-05 2.0977580627747253e-05 3.9851586736595124e-06 2.182169447602178e-05 6.4965014830567766e-06 0.0005884444347501559 6.854371263716565e-05 2.8782411414747945e-06 0.002065041247228845 0.001793244550461511 0.0008711891388823858 0.0003364846379553247 0.00031946882090735045 0.026627996728834705 0.03492424749730709 0.0019527154535442792 0.01894714832307402 0.00014765318032331065 2.2835593460005787e-06 4.6105117882734935e-06 1.8041398498642066e-05 2.8783835271816398e-06 0.0 2.115129855487684e-06 0.0 0.0 4.619012320183288e-06 2.3683488244993385e-05 1.049693032236806e-05 1.707378837147578e-05 0.000763915535169154 0.00026399598376796113 0.0 0.0002926805937372916 0.002089159102536627 5.0193824808179356e-05 7.841444605179e-06 0.0001064431652054809 5.006720533738534e-06 0.00020510165035781316 0.00031425862313234416 6.378910458469398e-05 0.00021589522236239363 0.0001746402719287205 0.00016003778126335091 0.00017153695615931618 0.0004154540254608232 0.0003341140607769782 0.00021059948917962954 0.00032737057480232304 5.386271378965629e-06 0.0 0.0 0.0 0.0 0.0 2.702100728458416e-06 0.0 0.0 0.0 2.6636641277398964e-06 0.0 3.9562028392594575e-05 0.0 0.0 2.701852956286283e-06 0.0 0.0 0.0 2.959319578510184e-05 0.00015534707510949305 0.0 4.330235519403677e-06 4.912229731357186e-06 6.449781418490659e-05 0.00012180854691490679 0.00044896511617519285 0.00010497771607966255 3.4881262409381944e-05 0.0 0.0 0.0 0.0 0.0 2.4774518197642332e-05 4.05896163945473e-06 0.0 0.0 0.0 0.0 0.0 0.0 3.1935760329145187e-06 0.0 0.0 0.0 0.0 0.0 0.0 1.1377331659017388e-05 0.0 0.0006548475119030118 1.2152507854085542e-05 0.0 0.0 0.0 0.0 0.0 0.0 0.0 2.5567079126390384e-06 0.00013694907862213035 6.13314027847211e-05 0.0 0.0 5.370877940959289e-06 0.0012085474223934142 0.00018202591972082328 0.0009006949815623932 3.273976086225678e-05 7.800060865821374e-06 2.6722002560764054e-06 0.0 0.0 0.0 0.0 2.458260821688909e-06 0.0 0.0 0.0 0.0 0.0 0.00011484837356693335 0.00018328711865439387 0.00047032022496451147 0.0015386985075585928 3.0462936605682592e-05 0.001283887954798208 0.000540080176144089 0.000257308741550325 2.7085124164573062e-05 5.517874875554803e-06 0.00031139075931369085 0.00013437363822144834 4.5796626623520276e-06 6.320466544181615e-05 4.158018849651657e-05 0.0001638132974998474 0.0 2.585507350718977e-06 0.0 8.55786603972473e-05 7.562494873097716e-06 0.0007674567895679444 0.0006394757635184084
0.0638642255251973 0.023724231226575868 2.987138869857383e-05 0.0 0.00019184221076804257 0.004538773423995129 0.004287671546324822 7.0709862517890255e-06 0.00016478813194811755 0.0479610681643919 3.182800310676739e-05 0.0060063350329080745 0.010923032021478244 0.0006256665637715623 0.0 6.247498165543704e-06 2.3591964922066407e-06 0.0 0.0 0.0 0.0 0.0 0.0 0.0 0.0 2.4643316782858327e-06 0.0 0.0 0.0 0.0 0.009989578119759136 2.1542606566678187e-05 8.901351532307854e-05 0.0 0.0 0.0 4.3444331454299255e-05 0.0 5.02693649848092e-06 0.0 2.2569238550313533e-05 0.0 4.808173660598101e-06 1.1602022967790288e-05 1.8834435858382127e-06 4.608106837572278e-06 0.00020898610270721343 2.4729290219551722e-05 3.023564342607453e-06 0.0 4.988565654708295e-06 0.0 0.0 0.0 3.914156778407586e-05 5.790525548134129e-05 0.000572814740804805 0.0071604913079981545 0.0008380417466794302 0.00022938446529358696 5.210789412167485e-06 0.0 0.0 0.00034178456415166286 3.028041619074767e-05 2.313110184317468e-05 9.348023385516054e-06 2.4250316450297406e-06 9.865790421163425e-06 0.0 1.809098484710662e-05 6.869836806405979e-06 0.0 0.003819879633144137 0.0021109576056776184 0.0002715822896695471 3.366454813738555e-05 2.7097692684183732e-05 9.07171076999296e-06 4.670876138549948e-06 1.0664960712057333e-05 1.533473073110139e-05 0.00021985278416099976 0.0 1.0885871610172738e-05 1.3282577793188555e-05 2.1166264835762647e-06 0.0 5.0643152014538745e-06 0.0 1.3526004746337838e-05 0.0 2.0985401671216128e-06 0.0 2.0696344658171073e-06 0.0005409388541914441 1.1491213921715524e-05 3.5191465628763983e-06 1.7791269246863408e-05 0.007352119272115358 3.930986172760429e-05 3.5924990848246385e-05 0.00035293505644167487 0.00038069493507311865 9.533763418338704e-05 0.00039463841278305725 0.00015048633832732766 0.00012528580174409954 0.0009554034080585445 0.000495869910940333 2.1287051753131658e-05 0.0017706057166885323 0.0015748601809769138 0.0019902211240614607 9.619581756315721e-05 0.0 0.0 0.0 0.0 0.0 0.0 0.0 0.0 0.0 0.0 0.0 0.0 0.0 0.0 0.0 0.0 0.0 0.0 2.4677415704721878e-06 0.0 6.319645283765344e-05 0.0 0.0 0.0 5.438481341895482e-06 0.0 5.638810666649322e-06 7.510822889661212e-06 2.5081931744351713e-05 0.0 0.0 0.0 0.0 0.0 3.4794830252233974e-06 0.0 0.0 0.0 0.0 2.0166863417154105e-05 0.0 0.0 0.0 0.0 0.0 2.5346423365225055e-06 7.855293193336436e-06 0.0 0.0 0.0 0.0 3.892507487596536e-06 0.0 0.0 0.0 0.0 0.0 0.0 0.0 0.0 0.0 5.95648354191656e-05 0.0 0.0 0.0 0.0 6.410602886535395e-05 0.0 2.897267098383514e-05 7.157627779052727e-06 1.7875923686898074e-05 0.0 0.0 0.0 0.0 0.0 0.0 0.0 0.0 0.0 0.0 0.0 9.30394988897315e-05 5.4767752062034445e-06 1.9202486252151747e-05 0.0006031128766512771 8.252999391043782e-05 0.0007332054566059069 0.00027462994490220485 0.0043683944823727 1.2081991683473964e-05 2.123033928060245e-05 1.8184962219254416e-05 0.00015525487773403263 2.5297354655438594e-06 2.7208938882434817e-06 1.4092566416821181e-05 0.0009049852393136183 0.0 2.4617792566739553e-06 0.0 8.228044770357943e-06 0.0 0.007676295334856561 0.001974265576392901
0.0021971003928094807 0.04441599295948795 0.010545033081031262 0.00019184221076804257 0.0 5.070795083789452e-05 0.06843201149027842 0.01368105169412093 0.06900140927484737 0.005621116511117899 0.06816176072948937 0.0009479539520057189 0.016520545237138567 0.03841595122822831 0.0001434460174327153 5.569525167966751e-05 4.394745696069764e-05 7.302428431655335e-06 9.158767355099153e-06 8.516055283528053e-06 0.0 0.0 0.0 2.1426704425954e-06 2.78742624004493e-06 0.0 1.1415055279090548e-05 4.091767516734187e-06 0.0 0.0 0.0040317862504675 0.0014755755539773204 0.0020679299858091626 0.0 0.0 2.6986196434186393e-06 0.0001692507484742387 2.902412447885943e-05 5.51945076268217e-06 3.0331262792999284e-06 0.0 2.1806904073047266e-06 7.373141171697178e-06 1.1946244447182242e-05 4.831152995234797e-06 1.1827417437504626e-05 0.0018205862552479867 5.713685137494109e-05 2.0257324283187267e-05 0.0 6.912809408928294e-06 0.0 0.0 2.6917249838035387e-06 0.00012254411831519362 7.861455495926118e-05 0.00018753237954127432 0.0009102299254669598 0.0005150706766400763 0.0007687343100768936 4.630614808885607e-05 4.3120475339430774e-05 0.0 0.0014652356563269544 8.896288773529472e-05 5.030834166924333e-05 4.554929212961811e-05 1.5434976756739365e-05 4.572636839548847e-06 0.0 0.000281282087114233 0.0 0.0 0.002213365963085011 0.0017823905201180595 0.0018764166493753956 0.000581241303865951 7.350233994349108e-05 0.0004814709296056206 0.011006692993825748 4.943669021484264e-05 0.0003152444787954501 0.0004600567731831101 0.0 1.8195839996272227e-05 3.2818901889243866e-05 1.620191158994048e-05 2.4784562702641752e-06 1.9129382063501577e-05 2.0542917044970694e-06 7.187901750887425e-06 2.3776172046501516e-06 9.271668874868238e-06 5.163690955831904e-06 7.357581500131611e-06 0.0008458851596091897 3.0323922564318795e-06 0.0 1.885579038272371e-05 0.00021860707633641912 3.747051369757242e-06 3.444145558132522e-05 9.620852531214133e-05 5.662436348226206e-05 0.0002405146492084285 0.00029840350929125986 1.1997638848631137e-05 0.00026376150238973143 0.0003541496784153287 0.00017436717193454606 8.253826543282404e-05 0.0006261089936880289 0.0005102896099214467 0.0002217109129008349 0.00011198650713244951 0.0 0.0 0.0 0.0 0.0 0.0 0.0 0.0 0.0 0.0 0.0 0.0 0.0 0.0 0.0 0.0 0.0 0.0 0.0 0.0 5.118665649416145e-05 0.0 0.0 1.0736748534326602e-05 5.134000239339706e-05 2.4329307200744152e-05 0.00010454340653228268 4.73917487973482e-05 4.32080965575124e-06 0.0 0.0 0.0 0.0 0.0 0.0 0.0 0.0 0.0 0.0 0.0 0.0 0.0 0.0 0.0 0.0 4.021079325952145e-06 0.0 0.0 0.0 2.11856001834856e-05 5.780314353660659e-06 0.0001826507816748894 0.0 0.0 0.0 0.0 0.0 0.0 0.0 0.0 0.0 0.00010995603750360774 6.536464206046009e-05 0.0 0.0 0.0 0.0005903688829646398 4.348183132540453e-06 0.00018055406727128954 0.0 6.163479551337879e-06 0.0 0.0 2.1049420880221382e-06 0.0 0.0 0.0 0.0 0.0 0.0 0.0 0.0 0.0001892427545279047 4.2520457060931386e-05 0.00012140512454480109 0.003539871107620008 9.805771917352008e-05 0.003958095831279896 0.0006537229394199376 0.00035796628923597266 0.00014092744048251025 2.7273636001714274e-05 0.0004808161445587831 0.00011614622314257196 2.735353226914395e-06 6.206697383430421e-05 2.098707978847538e-05 0.00021496267138385283 0.0 0.0 4.563533798662793e-06 9.6702379615224e-05 0.0 0.0016185058619530633 0.0008069901805475736
0.0016466134182489755 0.005614675818694609 4.105972244510594e-05 0.004538773423995129 5.070795083789452e-05 0.0 0.0007360717706648592 3.204492597762813e-05 0.00013775910985626392 0.005439530640736746 7.508613105575415e-05 0.0007405761277713645 0.0010867814665153918 0.00023813250161323405 3.061832780896334e-06 1.0642981584405668e-05 0.0 0.0 0.0 0.0 0.0 5.0955693901620546e-05 0.0 0.0 0.0 0.0 0.0 0.0 4.742643444652098e-06 0.0 0.0009567895765772986 0.0 0.0005322919804615848 0.0 0.0 0.0 0.0006542429809445055 1.5010530926595684e-05 5.8590163697417587e-05 0.0 0.0 0.0 0.0 6.181657927516785e-06 3.828259269067711e-06 6.065008261831658e-06 2.302192006232101e-05 0.0 0.0 0.0 1.2619527711983487e-05 0.00011751817921806803 6.806904252850631e-05 1.995670316596111e-05 0.0 6.955320660718206e-06 0.0007982691296510593 0.00033185634461212177 4.6373763939774034e-05 0.0 2.02793193678578e-05 2.268670851197972e-05 0.0 1.526106559186477e-05 0.0 6.308539198631387e-06 2.6949234016518934e-06 0.0 0.0 0.0 0.0030261889348346988 0.0012283032775438324 0.00011506277680697923 0.00011266278277666864 7.205066628410633e-05 2.9609004807006234e-05 0.0 0.0 0.0 4.090533460514363e-05 0.0 1.3473022358483533e-05 0.0 8.614660717203902e-06 0.0 3.2355887418434314e-05 0.0 7.575341062371921e-05 8.844022031668735e-05 0.00013219756447780103 5.648952158760143e-05 6.886593359597955e-05 8.309652997955021e-06 2.1209867828206278e-06 1.750477114344889e-05 0.005542018611042971 0.008731039429902974 0.0008290790163863606 0.00225621639551452 0.00808992221291877 0.0 0.0 1.0813183005420627e-05 5.968005018061538e-06 0.0 1.416768925603441e-05 9.209264130398608e-06 7.697953725727518e-05 8.181644424830358e-05 0.0 0.0 2.0720846222267286e-05 1.0132778877110398e-05 3.372478413010361e-06 0.0 0.0 0.0 0.0 0.0 0.0 0.0 0.0 0.0 0.0 0.0 2.704463068658693e-06 0.0 0.0 0.0 2.6661811282769198e-06 0.0 0.0 3.3904228698137344e-06 5.652194397037243e-06 0.0 1.54063972098865e-05 0.0 0.0 0.0 2.646348307339284e-06 3.0292513539922012e-06 0.0 0.0 0.0 0.0 0.0 0.0 0.0 0.0 0.0 0.0 0.0 0.0 0.0 0.0 0.0 0.0 0.0 2.0811273771447863e-06 0.0 0.0 0.0 0.0 0.0 0.0 0.0 0.0 0.0 0.0 0.0 0.0 0.0 0.0 0.0 0.0 0.0 0.0 1.1146780792633715e-05 0.0 0.0 0.0 0.0 0.0 3.3475861649796026e-06 0.0 0.0 0.0 0.0 0.0 0.0 0.0 0.0 0.0 0.0 0.0 2.4802525746741835e-06 0.0 0.0 3.102329590567723e-06 0.0 6.84845120971556e-05 4.567585478641086e-06 3.2454111286472094e-05 2.9673820464140193e-05 0.003956834258496167 0.0 0.0 6.919985332919973e-06 0.0 2.764283477478702e-06 0.0 0.0 0.0 0.0 0.0 0.0 1.2726354517414822e-05 0.0 0.0005092631706495009 0.00010542974423065559
0.005022188829101381 0.06740668074384122 0.00041884324033170285 0.004287671546324822 0.06843201149027842 0.0007360717706648592 0.0 0.0009592279419774375 0.04378352733933584 0.05850583963465795 0.01371112779295967 0.008843308935466499 0.07042127753976617 0.04649473932952602 0.0002539824304752963 0.00013877138438065653 9.166320794101013e-05 1.2858827759208374e-05 0.0 2.1520392642891715e-05 2.3786745763401514e-06 0.0 0.0 0.0 5.406298840463115e-06 8.32109716146681e-06 1.2504306111811354e-05 1.3688387403458043e-05 0.0 2.70610366062082e-06 0.010864235957702967 0.00045373714175214156 0.0016002945901167284 0.0 0.0 0.0 0.0004971413872461673 1.5831726462679307e-05 3.6924456971689704e-05 8.115829577752151e-06 4.65091355723908e-06 1.0351769321701944e-05 9.219990228061221e-06 2.4301692089097755e-05 1.7730643797673783e-05 2.9471199992039483e-05 0.0029322920853111618 0.00019139918833765564 3.4501141144568195e-05 7.2548940506064315e-06 1.4994221976550621e-05 0.0 0.0 2.613566803967773e-06 0.0002624076938284876 0.00024477318160050926 0.0006465980542161443 0.004472845816380044 0.0014162125734440536 0.0015979763800165743 5.141581208582916e-05 6.441815569459325e-05 3.632105773406016e-06 0.003220467820786343 0.00019522771887604416 0.00012806484669149656 9.878401849373193e-05 2.2030098753731583e-05 4.674751414561386e-06 1.3794125975272772e-05 0.0007636341938131127 6.741915523435096e-06 0.0 0.00702617740075608 0.0046774704570847385 0.004057625049042905 0.0009329679077383115 0.00020469945650280864 8.40441883972207e-05 0.0012735286267594131 0.00012494265569763872 0.00016687540172541642 0.0011439671297096509 1.0199164985464177e-05 7.359804663564001e-05 7.273605776989698e-05 1.2722392968290369e-05 5.8828848434980725e-06 1.8369635954977613e-05 2.407611840978686e-06 2.1622591211443145e-05 1.4361922473524104e-05 2.4780969918469884e-05 1.7047125245054092e-05 1.1555056902105776e-05 0.0038390463090403133 4.164592843328203e-05 0.0 0.00010194101595419115 0.0012093069230093402 6.651152350802666e-06 7.083684356421078e-06 0.00048168015593283013 0.00032771414993477504 0.0006080118955491761 0.0013201922024266193 0.0002147383100872724 0.0006638542581421454 0.0020137836591555256 0.0009001295649395279 0.000369367800863783 0.0019216682072053881 0.0017039644128171603 0.0007245506834502995 0.0006127215588168042 0.0 5.969400818833077e-06 0.0 0.0 0.0 0.0 0.0 0.0 0.0 0.0 0.0 0.0 0.0 0.0 0.0 0.0 5.534446327327879e-06 0.0 0.0 4.511048112475004e-05 0.000143049486916595 0.0 1.1054356336520181e-05 0.0 4.394453822905916e-05 3.0238237230724337e-05 0.00035452088619461247 1.946381890934429e-05 1.644508130191742e-05 0.0 0.0 0.0 0.0 0.0 0.0 0.0 0.0 0.0 0.0 0.0 0.0 1.9353956061882998e-05 0.0 0.0 7.156036285610201e-06 0.0 0.0 6.313222320642134e-06 0.0 2.6731619557939232e-05 1.58960104529867e-05 0.0006595466189889254 0.0 0.0 0.0 0.0 0.0 0.0 0.0 0.0 2.4083055329199176e-06 0.00037529247801646246 0.00014332451543047867 3.5554496575663596e-06 0.0 2.9323520938725225e-06 0.0015645465722521094 8.239121922435707e-05 0.0005515152646712883 1.4620998878389083e-05 5.456270436954685e-06 0.0 0.0 2.3797556205306717e-06 0.0 6.578784639946526e-06 0.0 0.0 0.0 0.0 5.179333218121513e-06 2.319462287755783e-06 0.00041246800500263674 0.00020279660672709775 0.0002680693549461597 0.007242497624638648 0.0003104624536035771 0.008227064784247503 0.001644966303373167 0.0011890926121856577 0.00020074541366524315 8.7757576419124e-05 0.0008733260721629654 0.00019569886791944062 0.0 5.718679403837646e-05 8.16687257408218e-06 0.0012640242766684662 0.0 3.29875593371692e-06 4.193082592495751e-05 0.00012794383602515965 4.963433174635199e-05 0.007331108654145882 0.003437642032580181
0.0007938093236644815 0.007562674242615154 0.056295040500443976 7.0709862517890255e-06 0.01368105169412093 3.204492597762813e-05 0.0009592279419774375 0.0 0.00900984799970731 0.00010870361668393454 0.036746463641741334 0.00029962077031034243 0.0038022536966740143 0.012641176367670115 0.0003356806219912498 0.0003477537638419176 1.8743835412271807e-05 7.86443481163075e-06 0.0 5.477101360655086e-06 0.0 0.0 2.4190042756930377e-06 0.0 3.820545172695639e-05 5.426189352161284e-06 6.8900601359263045e-06 1.783142815350882e-05 2.631937646343519e-05 0.0 0.007275521948245887 0.010590801511251736 0.007886516242536022 2.1647339144896644e-06 7.0668951176431945e-06 2.5750760545962054e-05 0.0003193777996167864 0.00019052059435258325 0.00015018479713891454 4.100424918414112e-05 0.0 2.0134010545577314e-05 1.3832230459576557e-05 0.000575046159451859 2.43327721534132e-06 0.0001453894708073777 0.001320123010688574 3.625816533607977e-05 0.0 0.0 8.60751600584254e-06 0.0 0.0 3.6167768648825797e-06 4.267542566623985e-05 4.389012742498813e-05 8.624904983037361e-05 0.0006672008207783432 0.00016729136613700255 0.0003827499625540023 0.0015611306598858443 0.0010418551470989463 0.0 0.0017597494765609948 5.403572347064063e-05 1.6053071882693188e-05 2.5876183766396347e-05 4.407103810988755e-06 2.2774595563474608e-05 3.64179603258651e-05 0.000248694971971252 2.6756198276851947e-05 0.0 0.0013103995609088292 0.0013159253622143183 0.0016051058445340797 0.0008243564579186149 0.005875328248338161 0.03944247247295831 0.030767999354552246 0.005462726701499523 0.01674863042163467 0.00014545538504388773 0.0 1.6458475202712972e-05 8.297902670103144e-06 1.3934421663350045e-05 0.0 2.7263306725301168e-06 0.0 4.011418841516754e-06 0.0 4.8771200989324506e-05 2.7991304503587538e-06 2.8183896953763236e-06 0.00021374020294071092 1.440225620596967e-05 0.0 0.000216927474197653 0.00021017595184745036 0.0 0.0 8.013412240225522e-05 0.0 0.0 2.234485024954732e-05 0.0 1.101077578911408e-05 3.5234423677082284e-05 1.6668419946475283e-05 6.355848603249399e-06 2.800329927192629e-05 3.408215787543395e-05 3.425531467662522e-05 1.2255757481660165e-05 0.0 0.0 0.0 0.0 0.0 0.0 0.0 0.0 0.0 0.0 0.0 0.0 0.0 0.0 0.0 0.0 2.2446422811973824e-06 0.0 0.0 0.0 2.9587851586595033e-06 0.0 0.0 2.4100327486987717e-06 0.0 2.895123492088066e-06 1.3181659819239456e-05 3.279629254702273e-06 3.569647195916682e-06 0.0 0.0 0.0 0.0 0.0 0.0 0.0 0.0 0.0 0.0 0.0 0.0 0.0 0.0 0.0 0.0 0.0 0.0 0.0 0.0 0.0 0.0 4.122854139209039e-05 0.0 0.0 0.0 0.0 0.0 0.0 0.0 0.0 0.0 5.398271232508198e-05 2.046191430733142e-05 0.0 0.0 4.16631941030519e-06 0.0001106502628651859 1.0738858017150928e-05 5.7420432500235694e-05 0.0 0.0 0.0 5.338113446717783e-06 0.0 0.0 0.0 0.0 0.0 0.0 0.0 0.0 0.0 7.385093504886844e-06 1.916047299963208e-05 3.751171927944464e-05 0.0015650158082067599 5.922656888879395e-05 0.0017890978138203973 0.00044289822691400495 0.00013852638434600956 4.349665486987977e-05 3.2954109217171823e-06 0.00030226118295736563 3.6441426261901413e-06 6.1794800574687275e-06 0.0 2.3223901376907597e-06 0.0 0.0 0.0 0.0 6.0518849640198555e-05 3.3993856292152126e-05 0.00026321720567042454 6.799194329852724e-05
0.0004567073170659411 0.00914934170660344 0.0012394690659515706 0.00016478813194811755 0.06900140927484737 0.00013775910985626392 0.04378352733933584 0.00900984799970731 0.0 0.002482415562610245 0.025640399488808294 0.001281911462152946 0.02891352651994576 0.01855836842070046 0.00044566371014888035 0.00030030320273356775 9.738117980010995e-05 9.28283738526283e-06 4.450287011089794e-06 9.45622424808882e-06 8.250602208429774e-06 0.0 5.343549354245139e-06 5.1591796786397655e-06 2.403145453861612e-06 4.449168266250292e-06 9.04632683535876e-06 4.197104532799315e-06 0.0 2.6228290643388226e-06 0.0019804408369586655 0.0002613877862378156 0.0020196610039324944 2.4422133212607274e-06 0.0 0.0 0.00042260496146235795 1.1515365132804003e-05 1.1820268166995017e-05 7.928369851745258e-06 7.889230791492718e-06 9.041897447483241e-06 5.434772299443268e-06 8.921102271041827e-05 7.073493081918415e-06 3.176359373988316e-05 0.003470137989307447 0.00011890737921970388 2.1394567691355976e-05 7.047379157508849e-06 2.07135705230697e-05 0.0 0.0 1.0401383375759703e-05 0.0001627881651252822 0.00014818993410719178 0.00031469251990145564 0.0007453271938917023 0.0006484967916401348 0.0011852432398517538 2.4264918525378885e-05 0.00017466013999538113 2.7723785958980716e-06 0.0013372614272660502 0.00014845046014584802 8.576586130391517e-05 7.439472377384929e-05 1.893805267274263e-05 5.12746501595846e-06 7.090679668001361e-06 0.0007620182068726763 0.0 0.0 0.002742253594057049 0.0021145105814712045 0.0038171953541261826 0.001020092137453127 0.0004079001331744152 6.817849803360676e-05 0.010884039294453526 0.00016959780819876733 0.00014931042825680571 0.0007452813122018936 2.6431804007138256e-06 5.4566189312327485e-05 4.526404814267572e-05 2.516475393284595e-05 0.0 1.748322110178818e-05 0.0 1.8472217842685648e-05 0.0 1.6511299423193415e-05 1.0819300330259317e-05 9.374798561773547e-06 0.0023319689684824243 8.722842028044756e-05 0.0 6.809807448314692e-05 0.00016043252652222812 5.2840774923087466e-05 0.0 0.0006214798909206598 0.0001464524043075363 0.0005204089319464455 0.001335881604204899 8.972990691273844e-05 0.0006307127391742454 0.0012348700828464032 0.00041472669647451454 0.0002992681649080248 0.001998459921933667 0.0012031072681948152 0.0007036742101765054 0.0005610817442042915 2.937169710756607e-06 0.0 0.0 0.0 0.0 0.0 0.0 2.1489940864275314e-05 0.0 0.0 0.0 9.254660621622559e-06 1.7396807707288772e-05 0.0 0.0 0.0 0.0 0.0 0.0 6.290828801485029e-05 0.0002545750175175022 0.0 7.243214915607974e-06 0.0 5.9700210734171345e-05 2.008783023155829e-05 0.00045227491191104235 6.360328019009353e-05 2.8532748949609217e-05 0.0 0.0 0.0 0.0 0.0 0.0 0.0 0.0 6.719806284706486e-06 0.0 0.0 8.760866990281968e-06 0.0 0.0 0.0 0.0 0.0 0.0 5.5668567861726835e-06 0.0 0.0 1.0178954982684887e-05 0.0006355186302797378 0.0 0.0 0.0 0.0 0.0 0.0 0.0 0.0 0.0 0.0003950153012610591 8.111506453101199e-05 3.4935101215699603e-06 0.0 3.4096526557195448e-06 0.001853771863459026 0.00014964490297864928 0.0005438239920967562 1.6586616201559074e-05 2.495401396841792e-06 0.0 0.0 0.0 0.0 0.0 1.0415181988638258e-05 3.466796318461969e-06 0.0 0.0 0.0 0.0 0.00045097115315321774 0.00014398334040872013 0.00026191145912396365 0.007235230772994295 0.0002694188326672708 0.007198971670051844 0.0017265954281769481 0.00046618250228554106 0.0003130979302712136 8.29867947882399e-06 0.00132840763834644 8.61468242576364e-05 2.1309169584101195e-06 1.7894136256688846e-05 7.484955334608934e-06 0.0005750574692958493 0.0 0.0 6.084789073408887e-05 0.0002635318619501827 7.417647331408888e-05 0.002397507157677307 0.0018686594580052053
0.029791673011115467 0.0628914872710618 5.094428515918361e-05 0.0479610681643919 0.005621116511117899 0.005439530640736746 0.05850583963465795 0.00010870361668393454 0.002482415562610245 0.0 0.0013204004730862152 0.050382225475575734 0.14137887140402072 0.008888493572189628 0.00012562605571240395 0.00011840504981073048 3.427761873126552e-05 0.0 0.0 0.0 0.0 3.4490219529586447e-06 0.0 0.0 0.0 0.0 0.0 0.0 6.1527438093232044e-06 0.0 0.004912564486642 1.484765149766822e-05 0.005535909591394225 0.0 0.0 0.0 0.004527351392342459 2.4563589203913844e-05 4.9630700209420005e-05 5.3395232756377795e-06 0.0 0.0 3.165515176850877e-06 2.3824294206970798e-05 5.383627774388777e-06 7.602057232729964e-06 0.00045821608669236363 2.2927367536086447e-05 0.0 0.0 0.0 0.0 0.0 0.0 4.282159651824306e-05 3.1941902203243664e-05 0.0004407436134318682 0.0037102339330040814 0.0004455124737324691 0.00023891642400816168 3.515163305192207e-05 0.0001165682308805137 0.0 0.00047317828906935595 4.565708021392252e-05 1.2639389115273604e-05 2.2314952758146857e-06 5.114131611553132e-06 0.0 2.9650550396126706e-06 0.008991850417078265 7.488908466844313e-06 0.0 0.002515121908422876 0.0014021733818525399 0.0006343459882417508 9.611670704739303e-05 8.683231113483655e-05 2.494287018263499e-05 0.00029422798513599225 6.095593623491748e-05 0.0001284778774665365 0.00019880805429362263 0.0 1.5252359547580069e-05 2.1446403278073866e-05 0.0 0.0 7.789247092230902e-06 2.3545126687884702e-06 2.2888870614329556e-06 0.0 0.0 0.0 0.0 0.008550569373355054 0.0006450300410885073 8.51742951602134e-06 0.0016410067706197026 0.005626253126870447 6.089070955303371e-05 4.294933561063585e-05 0.0012437271271732151 0.0006780635184133195 0.000921226910358677 0.0025256883773292597 0.0008546023792430087 0.00133188687254738 0.004249589999271228 0.002303270477660195 0.0003166314023792949 0.003612769590306821 0.0030985325923260864 0.0014436538787859859 0.0005850996161635152 0.0 0.0 0.0 2.6877662403087755e-06 0.0 0.0 0.0 0.0 0.0 0.0 4.388875284179115e-06 0.0 1.689966801183731e-05 0.0 0.0 0.0 0.0 0.0 0.0 2.0559631233154327e-05 0.00015032717250000065 0.0 0.0 0.0 7.305202007027646e-05 1.1218858471520489e-05 0.0003116931360536966 4.1833672229295196e-05 3.1380471678762435e-05 0.0 0.0 0.0 0.0 0.0 0.0 0.0 3.866777759102853e-06 0.0 0.0 0.0 1.2814722734401809e-05 4.656742778978818e-06 0.0 0.0 2.532672784479046e-06 0.0 0.0 2.1311746379621018e-05 0.0 0.0 3.5375244894671143e-06 0.00046151054896054135 0.0 0.0 0.0 0.0 0.0 0.0 0.0 0.0 0.0 0.0004719934609541556 0.00024056732771151693 0.0 0.0 2.2912017059284755e-06 0.0014769489205831438 0.0 0.00031638179357182416 1.0564318566577285e-05 8.869483436752795e-06 2.2287876678104945e-06 0.0 0.0 0.0 2.7284769792441435e-06 0.0 0.0 0.0 0.0 0.0 0.0 0.0007100344346853144 0.0001269453481897194 0.0001968027636130957 0.0013258592487751326 5.114833124187131e-05 0.0013213715790279773 0.00036060215308050667 0.004922715179464688 4.704163882728926e-05 2.6338965720645208e-06 0.00012621253735369721 0.00030951688801030474 3.1495465847577714e-06 4.795649382260627e-05 1.4531819834421239e-05 0.0028620189190547577 0.0 2.78473248483734e-06 0.0 3.094931793873001e-05 6.086082749259655e-06 0.026408993549665364 0.011963455972156811
0.0012997491947317238 0.027435714578726556 0.019761236118981545 3.182800310676739e-05 0.06816176072948937 7.508613105575415e-05 0.01371112779295967 0.036746463641741334 0.025640399488808294 0.0013204004730862152 0.0 0.0014600097133581193 0.044823380629318954 0.06446391245339421 0.0004999678601360368 0.00044619965450859564 6.723254894582584e-05 9.580037387783868e-06 6.30776449413281e-06 2.8950024993076175e-06 0.0 0.0 0.0 1.8596297517201391e-06 2.3320010150861685e-05 9.963295697296478e-06 5.341598038794673e-06 3.2931551954451856e-06 7.150134292850335e-06 8.525463436643062e-06 0.0021635853074044855 0.0013834732507860843 0.007287681672530242 1.7435096486392917e-06 0.0 0.0 0.0010551243783363403 0.00012067352872178718 0.00010889278468771987 2.22428528095744e-05 0.0 6.92937261916415e-06 8.779662429641158e-06 0.0001394647175519928 1.1655360618504284e-05 2.4676817930245722e-05 0.0022426671368325395 5.614786410304382e-05 4.753017260436564e-06 5.408574732198521e-06 9.413559738777007e-06 3.2865679276331616e-06 0.0 8.511566451373446e-06 6.917861243286066e-05 8.219177910886359e-05 0.00017504672525565235 0.000542810594093024 0.00024217320596817458 0.0006249756616783539 0.00025421469926381054 0.00021761834507823122 0.0 0.0011116042294444506 5.7210094442261e-05 3.8018936270692534e-05 3.2639147825184775e-05 1.772814520908161e-05 5.500299885111433e-06 8.377710735549388e-06 0.0008944840609171937 1.3927975203078168e-05 0.0 0.0016790138360958183 0.001145888176974893 0.0023449466835723486 0.0007813325851439638 0.0005085502254252132 0.002819360845331402 0.06957519700732778 0.0008277940804227845 0.0016522218314960835 0.0002987663538391369 0.0 1.5101584481901185e-05 1.8383234316036934e-05 1.9168072573707183e-06 1.9140484466246563e-06 4.2594002084146855e-06 1.906476227439048e-06 1.956320518483366e-06 2.0393143764443545e-06 4.500712418183972e-06 1.0009692220153604e-05 1.4436499793114186e-05 0.001361599893970978 0.00013154658000708442 0.0 0.00017451214145098573 0.00017994242702249667 5.592371954135707e-05 0.0 0.00019965456362359816 5.212837030857112e-05 0.00029686021183233485 0.0007728162724439115 2.6817960707474085e-05 0.0004249077248175415 0.0006143156963899623 0.00042982442321558983 0.00013870061044281705 0.001103990987919659 0.0007699764759693405 0.0004750874541421506 0.0004445928754694549 0.0 0.0 0.0 0.0 0.0 0.0 0.0 1.3068365686665412e-05 0.0 0.0 0.0 0.0 0.0 0.0 0.0 0.0 0.0 0.0 0.0 4.628287240958323e-05 8.261156075499693e-05 0.0 0.0 0.0 4.762107553242707e-05 8.192177284747966e-05 0.0003142338511756864 4.1375502028851774e-05 8.124522821351384e-06 0.0 0.0 0.0 0.0 0.0 0.0 0.0 5.3661441422622384e-06 0.0 0.0 0.0 3.4763617621915606e-06 0.0 0.0 0.0 0.0 0.0 3.0015352396769085e-06 2.2541295179993222e-06 0.0 0.0 0.0 0.0006070205085871333 0.0 0.0 0.0 0.0 0.0 0.0 0.0 0.0 0.0 0.0002705484459901417 3.928705090610093e-05 0.0 0.0 0.0 0.0012848836943440134 6.016644747068163e-05 0.0005216954127598701 0.0 6.993050242754459e-06 0.0 2.911851708420156e-06 0.0 0.0 0.0 0.0 0.0 0.0 0.0 0.0 0.0 0.00021181048838394428 0.0001418621018206347 0.00020519100668250714 0.005223936014065561 0.00015252196838593145 0.004872194862827898 0.0013717678978795692 0.0003614031973566826 0.0002985530891586901 1.1852922715622987e-05 0.000990840957221072 0.00014937167006776823 5.775162340787715e-06 1.2747415152046218e-05 9.906143266961267e-06 0.0006148434085061069 0.0 0.0 1.4217224051053382e-05 0.0002023590708809245 2.9389285950806036e-05 0.0012011207587501473 0.0007128898602707857
