0.0 0.08253784668137838 0.010721166056143818 0.05985707386163302 0.0011529958456355566 0.0005681284858078753 0.0074666337689645685 0.005561021019926149 0.0001910122313442192 0.0310982584086976 0.0026881708524343316 4.19379343391478e-05 0.0003709258854965328 0.0016932820655628988 2.9259816249638276e-05 3.5837089256478034e-06 0.0 0.0 0.0 2.7857996519914645e-06 0.0 0.0 0.0 5.0675177011107325e-06 0.0 0.0 0.0 0.0 0.0 0.0 0.02190865297639231 1.5291565481043636e-05 0.00115748303512721 0.0 0.0 0.0 5.50913569938813e-05 0.0 0.0 0.0 0.0 0.0 0.0 0.0 0.0 0.0 0.00012805516412005172 3.383693887365783e-05 0.0 0.0 0.0 0.0 0.0 0.0 0.00011665383446391874 0.0002171154068295766 0.003695819985824467 0.02700857800584365 0.0004053419301508177 0.00046333170395622153 0.0 1.0686849555676258e-05 0.0 2.335984301093261e-05 3.1180312957275935e-05 2.7815207258925708e-06 2.913969507785922e-06 6.64976261128742e-06 2.926131080175608e-06 0.0 0.0006854927170347645 1.665859977597056e-05 0.0 0.004008195855831487 0.001031726739413873 0.000768269959372328 0.0 0.0 6.216354104880604e-05 0.0020808749260673625 1.3894855078638276e-05 0.0005473064158911803 0.00019595368453087584 3.370661477936981e-06 1.9549184964318823e-05 3.261034847036744e-05 3.1107059281660223e-06 0.0 0.0 0.0 2.56059509641364e-06 0.0 2.669874068554522e-06 0.0 0.0 0.0022176455155873986 0.0004940757146310442 0.0 4.147487149512557e-06 0.033457075150233176 0.0 0.0 0.0 0.0 0.0 1.642208424587266e-05 1.9301775361081083e-05 1.9515086003033988e-05 6.666817895809328e-05 1.1400028566664826e-05 0.0 4.65466219889341e-05 5.832400009157751e-05 1.2616549770530464e-05 0.00011253988502141064 0.0 0.0 0.0 0.0 0.0 0.0 0.0 0.0 0.0 0.0 0.0 0.0 0.0 0.0 0.0 0.0 0.0 0.0 0.0 0.0 0.0 0.0 0.0 0.0 0.0 0.0 0.0 0.0 0.0 0.0 0.0 0.0 0.0 0.0 0.0 0.0 0.0 0.0 0.0 0.0 0.0 0.0 0.0 0.0 0.0 0.0 0.0 0.0 0.0 0.0 0.0 5.4235323461602736e-05 0.0 0.0 0.0 0.0 0.0 0.0 0.0 0.0 0.0 5.208244133254323e-06 0.0 0.0 0.0 0.0 0.0 0.0 0.0 0.0 0.0 0.0 0.0 0.0 0.0 0.0 0.0 0.0 0.0 0.0 0.0 0.0 3.211355148034258e-05 7.446164789643162e-06 0.0 0.001689996936686135 3.5247763970829323e-05 0.0009764728908019706 1.128116298874179e-05 0.02496780573813017 0.00010927297501133813 1.2102403220159885e-05 5.6024695437217576e-05 1.7599264075839926e-05 0.0 1.2943386846468034e-05 0.0 6.418708042818291e-05 0.0 0.0 0.0 1.1845848998885786e-05 0.0 0.006567072996900343 7.31592683938332e-05
0.08253784668137838 0.0 0.02519505878126533 0.03964928551994227 0.041934474519238485 0.0022635504982894414 0.06913599150219017 0.01966225580375553 0.02338677559438734 0.03293383217911237 0.039277117391213305 0.00027530288436860905 0.012242080036854987 0.052894868317255185 0.000864462654216674 0.00010929337809260395 2.1742522046792076e-05 0.0 4.426743893831452e-06 2.69023803209776e-06 0.0 0.0 0.0 0.0 0.0 0.0 0.0 0.0 7.489326731978124e-06 2.5939714428124948e-06 0.09705320985492862 0.0009063296279440955 0.005693828821088318 0.0 0.0 0.0 0.00012243921318473648 2.9048847993920645e-05 4.8158986907701885e-06 0.0 1.1160218644018189e-05 0.0 1.6373195171318388e-05 1.0716770361517082e-05 2.4745915943954346e-06 2.920355050803082e-06 0.004534954418954566 0.00025637435118263654 6.392491302631612e-06 9.284567641556594e-06 1.2928895856218481e-05 5.54185112635258e-06 0.0 3.343587761991139e-06 0.000825123502162426 0.001567826461617676 0.0036818653382438976 0.02541911268754554 0.0015442838433865872 0.004506778516317451 3.872467747452689e-05 2.5012271705888427e-05 0.0 0.0019198676634070643 0.00030786189508002777 0.00015558337953021264 3.6341599028335314e-05 4.8697087323046903e-05 1.3921959408453955e-05 0.0 0.0005920426069635918 0.0 0.0 0.014211318654347884 0.008728596382031871 0.008756299802000996 0.0013115194909247647 0.00011651017973008656 0.0005753789918278759 0.015253199296449442 4.084866627575203e-05 0.0017574925369010052 0.0011178745348052511 5.570512894277033e-05 0.0002479070690557846 0.00019316963199542836 6.742464002833664e-05 6.872240831679065e-06 1.350187482354763e-05 2.6366044455074657e-06 3.848489922873167e-05 1.789695632249855e-05 4.1698334461663666e-05 1.9366386571164318e-05 5.530801857900361e-06 0.0025977062238512227 0.000295413293212028 0.0 6.73349800822396e-05 0.028287805358853176 0.0 0.0 4.710819643936311e-05 1.6988595608005777e-05 0.0 0.0007405291212819003 6.628935719261032e-05 0.0004261955091804472 0.0007174727726963462 0.0002540393422521921 8.838837945444299e-05 0.0006445572306745357 0.0009092896611213651 0.000646298447458087 0.001628631521121441 1.7666364576214412e-05 0.0 0.0 0.0 0.0 0.0 0.0 0.0 0.0 0.0 0.0 0.0 0.0 0.0 0.0 0.0 0.0 0.0 0.0 1.3296688762495769e-05 1.0054974179896716e-05 0.0 0.0 0.0 0.00024631823961243675 0.0 1.5253935932700405e-05 3.8901740656801995e-05 0.0 0.0 0.0 0.0 0.0 0.0 0.0 0.0 3.580973533858464e-05 2.2353480921197056e-05 0.0 0.0 0.0 0.0 0.0 2.9423998008389833e-06 0.0 0.0 1.6285408623978405e-05 1.295993194234523e-05 5.298766795211128e-06 0.0 0.0 0.00012775918986424146 0.0 1.5224962456054026e-05 4.91527747755939e-06 5.6743624115635195e-06 0.0 0.0 0.0 0.0 0.0 0.0005125036921240839 4.14160460938455e-06 0.0 0.0 2.0899540440284324e-06 0.00041442437481907675 0.0 0.0002469414453103551 1.797451188461554e-05 0.0 2.963794006140818e-06 3.9236308797855366e-06 0.0 0.0 1.0030995866345665e-05 0.0 0.0 2.2930249843092957e-06 2.59819062934594e-06 3.093661656133403e-06 0.0 0.0008011331641636087 0.00019728098691246764 0.00015993468447087232 0.01053226482460356 0.000405672043761213 0.013336727006716356 0.0004399937800509007 0.025953654645943007 0.0011164137019516987 0.00012557905480053974 0.001294668721509928 0.00036145321539627576 1.5932153266544383e-05 5.570762546133642e-05 4.3177495031222784e-05 0.0005190831368023154 7.745112630157802e-06 0.0 1.2010636869740891e-05 0.0002568803027827247 0.0 0.0043618685774679256 0.0005971842689062957
0.010721166056143818 0.02519505878126533 0.0 0.004865858603413021 0.024311113284466238 4.36102169790792e-05 0.00047971035732541665 0.06918400030000361 0.005452241249239652 0.00034024382772742897 0.07840127171268449 4.6376722877393874e-05 0.0002584759221272871 0.010020183257670146 0.0003391352129738733 9.815969465805728e-05 0.0 0.0 0.0 2.7122704515471993e-06 4.70943959619555e-06 0.0 5.204047907123256e-06 3.537144060343599e-05 0.0 1.325429110392518e-05 1.0090617440837855e-05 1.7938029080813346e-05 0.0 0.0 0.08944506611223117 0.00792626832578863 0.003033185416804033 0.0 3.1867835419376626e-05 0.0 1.3808258645488267e-05 0.0 9.353301519444761e-06 0.0 3.5715663593689736e-05 2.075384818333734e-06 3.384082428397149e-05 2.0365322671500842e-05 0.0 0.0 0.0014907654740087975 8.080849987183086e-05 4.757826943438577e-06 5.1890176875719034e-05 2.0163273894318477e-05 0.0 0.0 2.7805040902983484e-06 0.00019333942395842417 0.00033916638533423995 0.000997819919279997 0.011510769541151608 0.00037610143805612967 0.0012020761233658315 0.00025706328400871295 0.000245057410997273 0.0 0.0031056345420623025 6.284985575122235e-05 5.045897016950991e-05 1.222264004433611e-05 2.6800416362957584e-05 0.00010138400589344208 5.898641620406209e-05 0.00010135678612382552 0.0 0.0 0.0038909849627818344 0.0031658824546465653 0.002655118114836321 0.001309184813006788 0.00222320599567874 0.007186648787437457 0.013204922169504371 0.0005852915549624026 0.006645741340871325 0.0003023790426209546 1.1118380964150066e-05 5.949652363698086e-05 5.223255963224138e-05 6.149366301814462e-05 0.0 1.7084494193064026e-05 0.0 1.4008187412184311e-05 4.7712657945087515e-06 0.00019830871705815787 2.868311748452741e-05 2.601966765151999e-06 0.00013081635670488068 7.961853088514221e-05 0.0 1.8932562311397394e-05 0.0034577821079157136 0.0 0.0 0.0 0.0 0.0 0.0 0.0 0.0 1.1986124726834526e-05 8.182457272359848e-06 9.730884698777155e-06 1.5271898195635544e-05 1.0318611472708398e-05 8.04217155238414e-06 4.156676263958342e-05 0.0 0.0 0.0 0.0 0.0 0.0 0.0 0.0 0.0 0.0 0.0 0.0 0.0 0.0 0.0 0.0 0.0 0.0 0.0 0.0 0.0 0.0 0.0 0.0 7.400513557016954e-06 0.0 7.62269116621449e-06 3.2356396428029627e-06 0.0 0.0 0.0 0.0 0.0 0.0 0.0 6.07181675617328e-06 0.0 2.360345947065883e-06 0.0 0.0 3.2143657670173003e-06 0.0 3.5253773856151994e-06 0.0 0.0 0.0 0.0 0.0 0.0 0.0 0.0 6.986016215952484e-06 0.0 0.0 0.0 0.0 0.0 0.0 0.0 0.0 0.0 7.4909027084858545e-06 0.0 0.0 0.0 0.0 2.0940331295881024e-05 0.0 5.562712777877015e-06 0.0 0.0 0.0 0.0 0.0 0.0 0.0 0.0 0.0 0.0 2.461602809731152e-06 0.0 3.1276109496101396e-06 0.0 1.087216466404707e-05 1.5303999389317093e-05 0.0022519705031125823 0.00012831398334250122 0.0032565116794449488 0.00010548838892681825 0.0031931716639607595 0.00027782656615367587 4.925660915602252e-05 0.00030534833032855725 2.3856787330206056e-05 2.7422754455300823e-06 1.2721387180388935e-05 0.0 5.866130243388085e-06 0.0 0.0 2.9388792058075504e-06 8.17085550859557e-05 0.0 0.00025777088470490503 1.0740884736711863e-05
0.05985707386163302 0.03964928551994227 0.004865858603413021 0.0 0.0028291162964153415 0.0094626946086122 0.012628766499334169 0.0008305309671166365 0.00035653643252418657 0.01510278545279042 0.0011201788252684687 0.00013263119208562822 0.0034821537161518114 0.0016509592914942853 2.8641603801448424e-05 0.0 0.0 0.0 0.0 0.0 0.0 0.0 2.5740135382372544e-06 0.0 0.0 0.0 0.0 0.0 0.0 0.0 0.0019567237589193103 2.84163297268745e-06 1.1587353773225391e-05 0.0 0.0 0.0 2.192698017940373e-06 0.0 0.0 0.0 0.0 0.0 0.0 2.1401482473808915e-06 2.2942614444966642e-06 0.0 0.00022390506079466926 1.9147961286985188e-05 2.8095621802794194e-06 0.0 0.0 0.0 0.0 0.0 9.893838479934455e-05 0.0001686717151843025 0.0011010821645360764 0.0038733821718393716 0.00022932909146659966 0.0003615938871911657 2.2830750514191268e-06 0.0 0.0 0.00013591942678200646 2.787653640704667e-05 1.3343902365465333e-05 5.344758607139289e-06 4.93553067842078e-06 0.0 0.0 2.617951350835935e-05 0.0 0.0 0.0021375471110169587 0.0008537818579159695 0.0007193384950255492 4.347953317182058e-05 4.732665318779736e-06 0.0 4.962016650584984e-05 0.0 1.0042017709872819e-05 0.00016061287990729552 8.914717015514255e-06 4.613851890733583e-05 2.1685530288757546e-05 0.0 0.0 0.0 4.025693269900935e-06 0.0 5.194084155472396e-06 0.0 2.663550178469676e-06 0.0 0.00016538630249145366 1.6604698530615497e-05 0.0 0.0 0.016137679452154673 0.0 1.0384363262039441e-05 0.0 0.0 0.0 9.104707159444267e-05 9.068657371823233e-06 4.066513038596925e-05 7.944541752986525e-05 2.1754244820380743e-05 2.3747012158258207e-05 4.06598286589829e-05 8.360563218316687e-05 2.8448281677940588e-05 3.106739773770646e-05 0.0 0.0 0.0 0.0 0.0 0.0 0.0 0.0 0.0 0.0 0.0 0.0 0.0 0.0 0.0 0.0 0.0 0.0 0.0 0.0 0.0 0.0 0.0 0.0 7.879147805778484e-06 0.0 0.0 0.0 0.0 0.0 0.0 0.0 0.0 0.0 0.0 0.0 0.0 0.0 0.0 0.0 0.0 0.0 0.0 0.0 0.0 0.0 0.0 0.0 0.0 0.0 0.0 3.3579346969754e-05 0.0 0.0 0.0 0.0 0.0 0.0 0.0 0.0 0.0 2.302063580561708e-05 0.0 0.0 0.0 2.8431834376369824e-06 2.4298940263339617e-05 0.0 0.0 0.0 2.01088190481505e-05 0.0 0.0 0.0 0.0 0.0 0.0 0.0 0.0 0.0 0.0 0.0 5.778163435629796e-05 9.602361720497965e-06 3.486502873231867e-06 0.0012863418564875765 2.9526892500495145e-05 0.000940916617896403 1.9971979727091134e-05 0.016614088750336004 6.715332396910344e-05 2.560135080500052e-05 7.030275793078948e-05 1.2046180635605052e-05 0.0 0.0 0.0 7.143577300158826e-05 0.0 0.0 0.0 2.502514887748559e-05 0.0 0.004134445328869933 2.1536262799525317e-05
0.0011529958456355566 0.041934474519238485 0.024311113284466238 0.0028291162964153415 0.0 4.90030644482306e-05 0.03805649698209761 0.021470684736677334 0.050877350023625444 0.012168396264005558 0.03958667370339894 2.3205972173619726e-05 0.0052053065147446825 0.02059524099279734 0.000287507483276776 3.7815903047598664e-05 0.0 0.0 0.0 2.296581720714845e-06 0.0 0.0 0.0 0.0 0.0 0.0 0.0 0.0 0.0 0.0 0.003938909934823634 0.0002699116804815946 0.00012008179979128552 0.0 0.0 0.0 3.207158624268347e-05 2.6589540586638437e-06 0.0 0.0 0.0 0.0 2.2379797581653345e-06 4.613493176965679e-06 0.0 0.0 0.0017953317874888784 3.205157433864338e-05 2.298477229489016e-06 5.0523519301468205e-06 2.2419971907926908e-06 0.0 0.0 0.0 0.00013286703198462648 0.00019301022004767469 0.0003620587751745807 0.0017292804848111144 0.00026843375063212227 0.0009217054328029081 7.69983365368498e-06 4.8279630428635066e-05 2.2049488807837555e-06 0.0005361079709409537 5.3859081765038934e-05 4.045651216995438e-05 0.0 7.793895193956596e-06 5.34960474021547e-06 0.0 0.0002554179262673046 0.0 0.0 0.0018321113448186886 0.001575499454773576 0.0018663899666813183 0.0005699053135377274 8.078689689694444e-05 0.00031027783241317926 0.00020021026505594338 2.1934697638355187e-05 5.5126620557797904e-05 0.0002167100239178713 7.718727088494374e-06 5.483726846470711e-05 1.682567199426605e-05 1.3309584004779988e-05 0.0 3.596106692547147e-06 0.0 5.0347623485577024e-06 2.6415777111820036e-06 7.144951735356786e-06 0.0 0.0 0.0010948019479003071 5.928523818755627e-05 0.0 0.0 0.00042091637374186647 4.398631432274284e-06 1.1339435214401579e-05 3.370637412033746e-05 1.010979596731012e-05 0.0 0.00047308347284173285 5.687966662569347e-05 0.00015224706511346396 0.0005166595755525924 6.63617611207417e-05 0.00014918595960713334 0.0003286590325508947 0.0005198476814223703 0.0003656133311922896 0.0009864803777674363 3.0098015501965327e-06 0.0 0.0 3.286895552169127e-06 0.0 0.0 0.0 0.0 0.0 0.0 0.0 0.0 0.0 0.0 0.0 0.0 0.0 0.0 0.0 6.466611520840817e-06 1.544620102731353e-05 0.0 0.0 0.0 0.00011510536855756781 0.0 8.917600459379675e-06 0.0 2.2935632356680267e-05 0.0 0.0 0.0 0.0 0.0 0.0 0.0 3.0481736974796678e-05 1.1024267125184141e-05 0.0 0.0 0.0 0.0 0.0 0.0 1.8866378951540153e-05 0.0 0.0 0.0 0.0 0.0 0.0 0.00010917186398974723 0.0 0.0 0.0 0.0 0.0 0.0 0.0 0.0 0.0 0.0002371442090880329 4.404432760608692e-06 0.0 0.0 0.0 0.0003093601306416522 0.0 5.4314013437674295e-05 4.928058768216988e-06 1.4522204491397029e-05 2.039155726977826e-05 0.0 0.0 0.0 0.0 0.0 0.0 0.0 0.0 0.0 0.0 0.00041041347804033474 4.423120699816795e-05 3.604799607185965e-05 0.0035503908914427153 9.025720292614164e-05 0.004132062486405656 0.00016929000289158901 0.0023973865034744926 0.00034098802305308675 2.537165600258339e-05 0.0004917932683332365 9.955735175186812e-05 8.504693763968901e-06 9.438759031598246e-05 1.491831756583449e-05 0.00015348274571013322 4.621259745666667e-06 0.0 4.409097974217979e-06 0.00010457764096826701 0.0 0.001127007381596062 0.0002456559633883296
0.0005681284858078753 0.0022635504982894414 4.36102169790792e-05 0.0094626946086122 4.90030644482306e-05 0.0 0.002038457563432204 1.093320383078984e-05 8.889063528013341e-05 0.0200362451734986 3.414453130566813e-06 0.0032992839601533467 0.0016111676383811094 0.0005848096596987141 3.0741032200402923e-06 0.0 0.0 0.0 0.0 0.0 0.0 2.6525283349425206e-05 0.0 0.0 0.0 0.0 0.0 0.0 3.18813499547361e-06 0.0 0.00024114417777822407 0.0 2.882090817411127e-05 0.0 0.0 0.0 0.00011499257090376236 1.0214886579383712e-05 2.915889380098173e-05 0.0 0.0 0.0 0.0 0.0 0.0 0.0 2.8626377015341133e-05 0.0 0.0 0.0 0.0 0.00011659933879925764 1.7434677533698273e-05 0.0 0.0 5.4065527034084224e-06 0.001108287035480771 7.089901662016769e-05 2.9428141935826584e-05 5.178205549053143e-06 0.0 9.225305142246053e-06 0.0 0.0 0.0 3.847967850094262e-06 0.0 0.0 0.0 0.0 0.003273000413274404 0.0016943182706482226 0.00010998798171287531 8.846677689798053e-06 6.606949326914511e-06 1.4910484667082184e-05 0.0 0.0 0.0 1.0527659133286286e-05 0.0 1.0315405095035445e-05 0.0 1.3196838224476209e-05 0.0 3.153109964626158e-06 0.0 6.308287853640648e-06 2.502054595459757e-05 3.820247607484767e-05 1.6398205002205947e-05 8.072435063490105e-06 4.352906641321936e-06 2.6231868540691248e-06 0.0 0.007795270085386257 0.008383601379499802 0.0002298608720311899 0.00037369423290415667 0.0037200986424856725 0.0 0.0 2.4286841832056474e-05 0.0 0.0 0.00019083926468040188 1.9514874257100938e-05 6.185129530858028e-05 0.00010376095327440949 0.00016727565128730115 2.1956076324125783e-05 0.0001812569282575121 0.00015061212289088288 8.184285111725894e-05 0.00012890845601020917 0.0 0.0 0.0 0.0 0.0 0.0 0.0 0.0 0.0 0.0 0.0 0.0 0.0 0.0 7.821097955867659e-06 5.196637649851776e-06 5.754074550733583e-06 0.0 0.0 0.0 0.0 0.0 0.0 0.0 1.6982507062045317e-05 0.0 3.9799217077585534e-06 2.5726910828391243e-05 1.054703579952723e-05 0.0 0.0 0.0 0.0 0.0 0.0 0.0 0.0 0.0 0.0 0.0 0.0 9.667905803226006e-06 0.0 0.0 0.0 0.0 0.0 0.0 0.0 0.0 1.425692000231098e-05 0.0 0.0 0.0 0.0 0.0 0.0 0.0 0.0 0.0 0.0 1.9401977746007465e-05 0.0 0.0 0.0 0.0 6.78771143001285e-05 0.0 1.6939383812240292e-05 0.0 0.0 0.0 0.0 0.0 0.0 0.0 0.0 0.0 0.0 0.0 0.0 0.0 7.385809609035335e-05 2.5232096086438443e-05 2.3265475119366293e-05 0.0008325025677272727 3.98768487491845e-06 2.1697604058867765e-05 1.355860785186276e-05 0.0029687481730125017 0.0 0.0 0.0 1.7218823814585583e-05 3.226237358028793e-06 2.540253242887508e-06 0.0 0.0001560090592250246 0.0 0.0 0.0 0.0 0.0 0.00391880477285735 0.00010771347110413987
0.0074666337689645685 0.06913599150219017 0.00047971035732541665 0.012628766499334169 0.03805649698209761 0.002038457563432204 0.0 0.0002572494937223913 0.04963305855472477 0.06729282611475004 0.023493712916195092 0.0006594476218005916 0.07151001076685301 0.04873727423587291 0.0004019393267138414 0.00013125040408448364 0.0 2.9126771347668345e-06 0.0 0.0 0.0 0.0 5.539323568724035e-06 6.254069839771286e-06 4.142555340120091e-06 2.3861802264758984e-06 0.0 5.511928194548571e-06 0.0 0.0 0.0018715633473569272 0.0001171124955011701 0.0003671441998635839 0.0 0.0 0.0 0.00010922380828599213 0.0 0.0 0.0 6.514531156183533e-06 0.0 0.0 7.408423415636494e-06 0.0 2.0508478016581272e-06 0.0018078757047902355 6.720781006693021e-05 0.0 8.607119906384947e-06 5.459342282614974e-06 0.0 0.0 0.0 0.00015976198397764553 0.0002557737144972751 0.0005864860858408897 0.0025552720536700323 0.00034123653836977625 0.001112780266109406 1.8100672492605523e-05 1.7298850596306764e-05 0.0 0.000410489916515097 5.723865315467687e-05 4.50945498044668e-05 1.9156857805118066e-05 2.8423362838277275e-05 9.643486139718112e-06 8.52730784694527e-06 0.0004332473475551122 0.0 0.0 0.002416497836541794 0.0018333778135078793 0.00208446151184639 0.000563587955687358 9.523940487432393e-05 9.3969306847085e-05 0.0001161199200700815 1.3513290820648954e-05 0.00012386551571907454 0.00022935867870881705 9.895675758577038e-06 3.910664353955784e-05 3.955553003588166e-05 1.6943235207143035e-05 0.0 9.726106171330203e-06 0.0 5.241187208356433e-06 2.59566477248794e-06 2.825028945110815e-05 2.4683591207274674e-06 2.966248643232177e-06 0.0025320356914904974 0.0001416061693149749 5.101357507483533e-06 2.1079889723851745e-05 0.002978874675861488 1.9688069674556775e-05 5.114041003834705e-06 0.0001368934999555114 9.197739308342558e-05 3.9016968924314816e-06 0.0016256837181851719 0.00012637253590548172 0.0008986277533657546 0.0015209956672323503 0.000526115466701022 0.0002561286831684385 0.0014940493147644687 0.0018109120094478594 0.001063049775933107 0.003060152088590232 7.772036465699227e-06 0.0 0.0 0.0 0.0 0.0 0.0 0.0 0.0 3.0780819601377153e-06 0.0 0.0 0.0 0.0 0.0 0.0 0.0 0.0 0.0 2.1686297548870375e-05 1.3858725397320818e-05 0.0 0.0 0.0 0.00035336613967472814 0.0 2.4858122579994855e-05 1.582018388799512e-05 0.0 0.0 0.0 0.0 0.0 0.0 0.0 0.0 1.961577310756615e-05 1.8388049140706465e-05 0.0 0.0 2.979693872191901e-06 0.0 2.8531333705271514e-06 9.717224747535927e-06 6.346241186176688e-06 0.0 1.8573776685934825e-05 1.096790316407762e-05 0.0 0.0 0.0 0.0003016600280536245 1.47463026957343e-05 8.468117205190324e-06 8.177910474899866e-06 0.0 0.0 0.0 0.0 0.0 0.0 0.0007283189542635601 7.072651129036112e-06 0.0 0.0 0.0 0.0008985619067584656 6.11532040457068e-05 0.00021395694709119617 1.9771192283865382e-05 0.0 3.081168922458665e-05 0.0 1.444731148557072e-05 0.0 0.0 0.0 0.0 0.0 3.756884784242356e-06 0.0 0.0 0.0013330102368525369 0.00023996984737671129 0.00013627886571595523 0.004742502534377508 9.55582710764986e-05 0.004532932808674182 0.0002024474171766415 0.008104382214981713 0.0006036694481643863 1.4286620558366022e-05 0.0007525513442257972 0.0002542705033314167 7.6251349608936204e-06 0.00018206043030251454 4.725381322461709e-05 0.0004431517138259897 2.0082343153051783e-05 0.0 8.675837201760282e-06 0.00011333883155250409 0.0 0.0060310881766287025 0.0014016609002897831
0.005561021019926149 0.01966225580375553 0.06918400030000361 0.0008305309671166365 0.021470684736677334 1.093320383078984e-05 0.0002572494937223913 0.0 0.00326046622055384 2.9099300289203548e-05 0.02936926826859178 2.6149364586668964e-05 0.00010978142312999237 0.017414652617700515 0.0010408087218977363 0.0003195589700257361 1.127054380264154e-05 1.913444994057047e-05 4.41723828724658e-06 9.960988961703379e-06 2.7744885499135985e-05 0.0 8.596071488318003e-05 0.0001597362549334131 3.3289385575614886e-05 7.20327796048143e-05 3.786754460668627e-05 7.053714792289678e-05 2.660352092053138e-06 0.0 0.04409082255462731 0.027180520525377384 0.0022798240274563447 0.0 8.37345641967625e-05 8.550545687519605e-06 2.4055881231160044e-05 5.573715211360306e-05 1.8356383982073793e-05 9.149859173395786e-06 0.00015459658693157873 4.00169163453376e-05 8.364300130102014e-05 3.852958251032056e-05 2.9529441530351833e-06 2.3897690649255148e-06 0.002973818089225275 8.545449392355653e-05 1.9510925918277036e-05 0.00011293646070543679 3.123401861401815e-05 7.674493448118749e-06 0.0 1.1100830712879834e-05 0.00015861700398605154 0.0002369393731731173 0.0005274454737329753 0.004719018545959088 0.00037589405608770587 0.0014209820967497357 0.000767629232548835 0.0004230381358092534 0.0 0.006460659644974745 9.598977973716635e-05 4.015784857071734e-05 3.310794737370501e-05 5.776171004194101e-05 0.0001962839845882426 0.00021543368491311167 7.774980456996106e-05 0.0 0.0 0.002689992053799235 0.003299593938553836 0.003706228523626461 0.005236158542845093 0.008139194693518278 0.036843396488072194 0.022730987610500082 0.0016955747890856287 0.009685807490241779 0.00023992834198488871 1.2949946080677264e-05 6.747938485588282e-05 3.203013293695887e-05 8.574628492161113e-05 2.6313994498459554e-06 1.8193269882032846e-05 0.0 4.235656412744785e-05 1.897640158560253e-05 0.0008268738748316186 0.00013025298337070417 1.3925582474910823e-05 6.696323458521204e-05 5.344620143157164e-05 0.0 2.0594344819166797e-05 0.0012813590365218968 0.0 0.0 1.2777793022970167e-05 0.0 0.0 1.908466392214919e-05 0.0 0.0 0.0 0.0 5.42960367181895e-06 0.0 1.1006775975690409e-05 0.0 1.8430564152444766e-05 0.0 0.0 0.0 0.0 0.0 0.0 0.0 0.0 0.0 0.0 5.9338459975078e-06 0.0 2.8572919671098745e-06 0.0 0.0 9.867971056758414e-06 0.0 1.6120919238354223e-05 0.0 0.0 0.0 0.0 0.0 0.0 7.353708351574889e-06 0.0 5.098483630452439e-06 4.174157782838854e-06 0.0 0.0 0.0 0.0 0.0 0.0 0.0 0.0 0.0 0.0 0.0 0.0 2.805856201258407e-06 3.568489580411672e-06 4.285067581337595e-06 0.0 0.0 0.0 0.0 0.0 0.0 0.0 0.0 0.0 0.0 0.0 0.0 0.0 0.0 0.0 0.0 0.0 6.7565865211443034e-06 3.490867050454407e-06 0.0 0.0 0.0 0.0 2.4015966484991156e-05 0.0 0.0 0.0 0.0 0.0 0.0 0.0 0.0 0.0 0.0 0.0 0.0 3.904026948080306e-06 3.5070339374813064e-06 0.0 1.0078145265227094e-05 1.1091020243174488e-05 3.3403947778862407e-06 0.004209991416767372 0.0001929376800578996 0.005528425953091741 0.00024334910369860544 0.0017698238759547259 0.0004351212688739279 2.735621372103248e-05 0.0006633037446328604 6.397147502157001e-05 0.0 4.06137968789469e-06 0.0 0.0 0.0 0.0 0.0 0.00014566113943646845 3.3637010744750745e-06 0.0002334758262377417 3.872821210091532e-06
0.0001910122313442192 0.02338677559438734 0.005452241249239652 0.00035653643252418657 0.050877350023625444 8.889063528013341e-05 0.04963305855472477 0.00326046622055384 0.0 0.0051860012102847184 0.02041341631969386 0.00011620320425259202 0.02952187146740422 0.01182733163782186 0.0005102179606816674 0.00015281714639297437 0.0 5.417266069677691e-06 0.0 0.0 0.0 0.0 4.311713978683607e-06 2.460395687835712e-06 6.471499535391705e-06 0.0 0.0 7.334518132305116e-06 0.0 0.0 0.0016522198177974844 0.00016380993076716696 0.00016628982302556715 0.0 0.0 0.0 8.380900160867867e-05 4.74420462174569e-06 0.0 0.0 2.6803523032957243e-06 0.0 3.5741897128985567e-06 7.286732645239259e-06 0.0 0.0 0.0018816490151302818 4.9925941451934796e-05 3.1830579827957315e-06 7.093376506320499e-06 0.0 0.0 0.0 0.0 0.00010649006433071638 0.00016951155738097754 0.00015227400404334401 0.0007380118220635022 0.00017858978201231796 0.000874730789795908 1.6568200845071017e-05 1.1223687786679395e-05 2.0006214962616015e-06 0.00044705149565078567 4.446842282053841e-05 3.145348732092761e-05 4.783182455939728e-06 8.872408647397365e-06 1.3165157546312302e-05 9.125626169455381e-06 0.0003422681975080253 0.0 0.0 0.001274911717479155 0.001186276857254789 0.0017178598154805 0.0006759637366539716 0.00013163872975578095 0.00018335873964859866 0.00031773816589705345 1.4503395032133373e-05 0.00010134209061591777 0.00014910403136394107 2.4176546862110322e-06 4.572385148921672e-05 3.290283657174983e-05 9.214915134976956e-06 0.0 6.0750648027246245e-06 2.9066904224428486e-06 5.262640302838442e-06 2.1034707053511123e-06 2.2380481504009393e-05 2.5098381506065796e-06 0.0 0.0012565262618009357 8.416434721311442e-05 0.0 8.825938068560338e-06 0.00024974969598394675 0.0 0.0 8.108333312455441e-05 2.3993627501650693e-05 0.0 0.0009135383906769933 5.3919338364733974e-05 0.00044106275685869403 0.0006561007698347287 0.0002499199811704011 0.00016143102367333724 0.0007820236802590842 0.000946066888076632 0.0005952282118502811 0.001582649683999939 4.6891630097391395e-06 0.0 0.0 0.0 0.0 0.0 0.0 0.0 0.0 0.0 0.0 0.0 0.0 0.0 0.0 0.0 0.0 0.0 0.0 0.0 1.8608547238989247e-05 0.0 0.0 0.0 0.0001547842478277259 0.0 2.7741239684873058e-05 2.2539276284650962e-05 2.9061849534364037e-05 0.0 0.0 0.0 0.0 0.0 0.0 0.0 6.6204105005981075e-06 2.435633489139737e-05 0.0 0.0 0.0 0.0 0.0 7.551578760716926e-06 2.6999347627728056e-06 0.0 1.13889014879601e-05 8.103045744383892e-06 0.0 0.0 0.0 0.0002004659712305037 3.934204570273669e-06 0.0 2.6837806315250065e-06 4.147392756747219e-06 0.0 0.0 0.0 0.0 0.0 0.000505621822805148 1.3051296273126278e-05 0.0 0.0 2.7288291535887673e-06 0.00046515833449960414 1.8385804548777607e-05 0.00010076208066314902 5.484080628004035e-06 0.0 4.9480700344681285e-06 0.0 5.830638988814549e-06 0.0 0.0 0.0 0.0 0.0 0.0 0.0 0.0 0.0007662979191125057 0.00013101211273733882 7.16299803761656e-05 0.0037910652107356023 0.0001258695353548882 0.003713251878346397 0.0001625834589926222 0.0015272729453618078 0.00032929557675442103 1.999216149558957e-05 0.0006811025420462443 0.00020764404143292523 0.0 0.00010349773628451914 1.3888793745006559e-05 0.00023531646050061223 6.18266320096916e-06 4.841833528238772e-05 1.3342118044565644e-05 6.0125118226376e-05 0.0 0.0018092639785203444 0.0006815560072294759
0.0310982584086976 0.03293383217911237 0.00034024382772742897 0.01510278545279042 0.012168396264005558 0.0200362451734986 0.06729282611475004 2.9099300289203548e-05 0.0051860012102847184 0.0 0.0026111711510291183 0.026870509404824973 0.1296438767225889 0.021740449355143902 0.0002645700625598659 7.084831898873343e-05 0.0 0.0 0.0 2.2372609700130835e-06 0.0 0.0 0.0 0.0 0.0 0.0 0.0 5.869621500127592e-06 0.0 0.0 0.0011220557705573161 5.088949004470113e-05 0.0006238280523805727 0.0 2.7278263367552364e-06 0.0 0.00030703581403044157 0.0 1.8871637946666518e-05 0.0 5.5071407380562484e-06 0.0 3.2483505640791945e-06 4.612989961480206e-06 0.0 0.0 0.0008715403179417036 4.380860718621953e-05 2.004729069727927e-06 3.0576374225898324e-06 0.0 3.1219488718642333e-06 0.0 0.0 0.00011403941465682462 0.0001592629043409509 0.0007999132190960366 0.0020138025007374817 0.00016519575666326677 0.0006096590043893217 1.180591171750715e-05 1.453810095590702e-05 0.0 0.0002388073781489904 4.722746680067624e-05 4.656695214966273e-05 0.0 1.5039593135622038e-05 1.4367271097685165e-05 2.7486962795360835e-06 0.0009131684173828753 3.808505721487084e-06 0.0 0.0016098139459933315 0.0011560167874454296 0.0011352777404303703 0.00024260057077026497 9.839340327896435e-05 5.2303159468015463e-05 0.0001673388972038281 3.0454154941053738e-05 0.00011312679925221326 0.00014559553497638602 9.916516575662274e-06 4.739286397257966e-05 1.5614302636982342e-05 5.238090955576372e-06 0.0 4.855096562153692e-06 0.0 3.1373187352937374e-06 3.038631524328044e-06 3.4167492345836016e-05 7.344723393373589e-06 2.962514814093466e-06 0.005594822502836223 0.0003216137389538894 0.0 1.1190534879011098e-05 0.014372549018560977 6.743117566435455e-05 8.819137154856437e-05 0.0004939281944709523 0.0004057679397951156 0.0 0.005464238788050221 0.0005979237014366342 0.0022097273327590164 0.0048629462528262 0.0021431918812965895 0.0006907739935308673 0.003815385428701462 0.005619953873550792 0.002826807698750715 0.006777210105823303 1.8927400472788503e-05 0.0 0.0 0.0 0.0 0.0 0.0 0.0 0.0 0.0 2.627385206163374e-06 3.1315830992216922e-06 0.0 0.0 0.0 0.0 0.0 0.0 0.0 4.95335186243908e-05 0.00010110590439751695 0.0 3.846678666019948e-05 0.0 0.0005928855031063797 2.0326687755168257e-05 7.327350808846583e-05 3.156770618112104e-05 0.0 0.0 0.0 0.0 0.0 1.2624010200533067e-05 3.0866522704797555e-05 0.0 4.959884437069992e-05 5.496721541312645e-05 0.0 0.0 0.0 0.0 0.0 3.136373744658791e-06 6.207572388759623e-05 3.6882429605600257e-06 4.812325924602238e-05 3.570892599116943e-05 2.4981040243745135e-05 0.0 0.0 0.0008551697900037949 7.944588354099502e-06 2.4102226590765578e-05 2.1603697713908526e-06 0.0 0.0 0.0 0.0 0.0 7.863446292092396e-06 0.0015725281310310327 3.043642674666507e-05 0.0 0.0 0.0 0.0025660215472820586 2.0903259600277072e-05 0.0004138211910172254 5.725400813636408e-05 6.948700459775101e-05 4.969919493526019e-05 0.0 1.1272480129908826e-05 0.0 3.0021672164055423e-06 0.0 0.0 0.0 0.0 0.0 0.0 0.003897148823858113 0.0004891775664640447 0.00029712469846424625 0.007938295602572207 3.463079351033111e-05 0.002407223246045456 7.661050302602947e-05 0.03987120593011387 0.00022497352290677601 1.713409546528468e-05 0.00033900307288183424 0.0005439443973039687 6.20571757092078e-06 0.0004358882041395823 2.356406197133242e-05 0.0012547495233615374 5.5180501181310086e-05 2.027024088149759e-05 1.2524856978437607e-05 2.2289844677829647e-05 5.751648826741514e-06 0.04409278635826796 0.004296669661020002
0.0026881708524343316 0.039277117391213305 0.07840127171268449 0.0011201788252684687 0.03958667370339894 3.414453130566813e-06 0.023493712916195092 0.02936926826859178 0.02041341631969386 0.0026111711510291183 0.0 0.001463379337355961 0.02775802639348968 0.029233087714641694 0.0005183309544455744 0.00018902796275676302 2.2877659891829313e-06 0.0 0.0 3.1784563354856233e-06 0.0 2.965152709211221e-06 1.789671162413616e-05 6.175445279586868e-05 8.423261507987281e-06 1.763224881982043e-05 1.4061438325401623e-05 1.0180870318066703e-05 0.0 3.097704812915276e-06 0.02090734063491979 0.0019422559233851686 0.0010651481422008552 0.0 1.919795118527574e-05 9.601558531607339e-06 1.0405375856949884e-05 1.1316205665083664e-05 7.439935292323652e-06 9.436181131161525e-06 3.1862889153434515e-05 5.8771924802157216e-06 1.2001036870390683e-05 8.633084507338095e-06 0.0 0.0 0.0015608001549978598 3.6086728144709715e-05 1.3854017026658908e-05 2.7823309517213327e-05 1.529945918234298e-05 8.054592492282183e-06 0.0 2.9465856097504505e-06 6.949955713477006e-05 0.0001698711515102387 0.00024615792774446767 0.0016281607204092206 0.00017237182952327767 0.0007389196904049219 8.08039196967489e-05 6.171425210765166e-05 5.2819551035507525e-06 0.0006573190028641495 5.318977115395112e-05 2.0774522112312692e-05 2.333642999099198e-06 4.505641427688596e-05 5.83614831610574e-05 5.9334391944526854e-05 6.331723876502925e-05 0.0 0.0 0.001372301313969832 0.0014138690049112393 0.0019351671957225408 0.0008153229694215918 0.00036590519277232184 0.006252038536161767 0.024286053697748937 0.00013006782898515 0.0028363244207214957 0.00013326041383416245 0.0 4.480146473262258e-05 3.9671485807995794e-05 3.560828842157944e-05 0.0 6.053819202249299e-06 0.0 1.871536583393817e-05 6.1149631789770025e-06 0.00022021847162086947 3.141154993338619e-05 3.0174090968514173e-06 0.00030381234935359606 1.468605459989201e-05 0.0 1.041984643795288e-05 0.0006070993766061566 0.0 0.0 1.5317432075094036e-05 9.911657899403313e-06 0.0 7.389902874769439e-05 0.0 1.3812364518184045e-05 6.991243279111839e-05 1.346284277729242e-05 1.1680871704711052e-05 9.959718358547289e-05 0.00012381561277267819 5.1476236111815964e-05 0.0003004092833070314 0.0 0.0 0.0 0.0 0.0 0.0 0.0 0.0 0.0 0.0 0.0 0.0 0.0 0.0 0.0 0.0 0.0 0.0 0.0 0.0 0.0 0.0 0.0 0.0 3.136767345482533e-05 1.3426662498051198e-05 0.0 0.0 0.0 0.0 0.0 0.0 0.0 0.0 0.0 0.0 0.0 0.0 0.0 0.0 0.0 0.0 2.819092873229855e-06 0.0 0.0 0.0 3.359090498119596e-06 3.3233951510804704e-06 0.0 0.0 0.0 1.963285288318393e-05 0.0 0.0 0.0 0.0 0.0 0.0 0.0 0.0 0.0 5.23365366647996e-05 4.759659948895161e-06 0.0 0.0 1.4115045124855808e-05 3.5482766027737075e-05 3.6007770084680737e-06 0.0 0.0 0.0 0.0 0.0 6.408874612710564e-06 0.0 0.0 0.0 0.0 0.0 0.0 0.0 0.0 6.592115929034661e-05 4.096574498161955e-05 4.011390257316039e-05 0.0030856839905559243 8.306175425027508e-05 0.003321286586779928 0.00016011766782282377 0.0010930154787148227 0.0003379197549641956 2.732772708995506e-05 0.0005893596631111759 9.027510523691498e-05 0.0 3.087747141519122e-05 0.0 9.965271289343368e-06 0.0 4.171195890931974e-06 0.0 0.00012688455053997216 0.0 0.0002126529439905147 6.963979842211524e-05
4.19379343391478e-05 0.00027530288436860905 4.6376722877393874e-05 0.00013263119208562822 2.3205972173619726e-05 0.0032992839601533467 0.0006594476218005916 2.6149364586668964e-05 0.00011620320425259202 0.026870509404824973 0.001463379337355961 0.0 0.021608530079247134 0.01074323768664561 0.0004834607079618152 0.0003883380867096689 3.4567904117829956e-05 8.16417526456195e-06 0.0 0.0 9.403530588593425e-06 3.0454939208872033e-06 3.445479649859241e-06 2.2128910115244153e-05 1.311134218986984e-05 4.5055517120422636e-05 8.104347896833622e-06 6.361804002024703e-05 2.163449866850721e-06 3.523950013933975e-06 0.00016001443572776495 6.365855216207041e-05 0.006482659471282622 0.0 1.183642460409451e-05 2.3765427251351374e-05 0.000665299123503912 0.000310996107995707 0.0001637813612235254 0.00012217931716193464 4.641095492397398e-05 7.026120874412532e-05 1.582155343347776e-05 1.9115517388038502e-05 0.0 0.0 0.0007921879183167834 2.263617003307528e-05 7.424090063526377e-06 7.235718075213655e-05 2.9827768377020672e-05 4.066924454992145e-05 1.879096040761495e-05 1.264992569173668e-05 1.3327774383564688e-05 2.974334340266601e-05 4.9222788270722036e-05 0.00026716897133957515 5.902469353338725e-05 0.00016130755283396667 0.00025870445147668715 0.0035064074012494642 0.0 0.000252217510645503 7.332132163824571e-06 4.7580161541618856e-05 2.6059381494168062e-05 4.3524824266283536e-05 9.836725712075537e-05 2.0052659604702205e-05 0.001358951416494488 6.677540233643227e-05 4.141132220365234e-06 0.0002463212229765718 0.00037431801750185007 0.00046203198637212483 0.0003916014431722806 0.0001443624680388542 6.560885189718856e-05 0.0011581307448893746 3.68577935190403e-05 0.0014430806821261342 2.6424551174473558e-05 0.0 1.483376248253302e-05 1.5241863438168095e-05 7.083780376223282e-05 0.0 2.0033591840911785e-05 1.4628521359034711e-05 6.945851881705884e-06 3.276704364976925e-05 0.00035145038917989697 0.00010403019162982374 2.04772444284748e-05 0.0045875693379550265 0.0002437740033775255 0.0 0.00017035864783652952 0.0006389292550788598 3.0251208582215406e-05 2.3207438450427203e-05 0.0001087281926937082 6.570257668489193e-05 5.243525342665354e-06 0.0018024982573731907 0.0001591903720046432 0.0009683753693729186 0.0013466294431589748 0.0005121747533209434 0.0002352330974448676 0.001619603161594352 0.0016996040361155868 0.0010090100398087837 0.0026658982121135623 2.1003087603086893e-06 2.9734046353069416e-06 0.0 0.0 0.0 0.0 0.0 0.0 0.0 0.0 4.285396255245724e-06 0.0 2.4787487878424565e-05 0.0 0.0 1.0626113551283415e-05 7.965543122811359e-06 0.0 0.0 8.36222021528133e-06 3.553382719887564e-05 0.0 1.077092714764677e-05 0.0 0.0002745839401706602 0.0 5.253124108956916e-05 4.754907209381618e-05 1.9695100872592685e-05 0.0 0.0 0.0 0.0 0.0 1.7603282996641512e-05 0.0 1.8682824140685053e-05 2.2652543138530956e-05 0.0 0.0 7.238675885271224e-06 1.4904615945714868e-05 1.2978503293732367e-05 7.914145199104553e-06 2.4421941690039317e-05 0.0 9.471096037116085e-06 1.1672307474623713e-05 0.0 3.7034359438526856e-06 2.4212790282458087e-05 0.0004020181584916572 0.0 0.0 7.1072539435953736e-06 0.0 0.0 0.0 2.3289086916864555e-06 0.0 7.774892272043266e-06 0.0006982259894123293 4.559197778036444e-05 0.0 0.0 0.0 0.000676163982933269 0.0 9.464136335222026e-05 4.8315255618889154e-05 6.557264291744436e-06 2.2405026386748778e-06 0.0 1.9776086463709505e-05 0.0 0.0 0.0 0.0 2.699183659980169e-06 2.9474600184077157e-06 0.0 3.421026183536734e-06 0.0015106402936042776 0.00033774708954936126 0.00020442264616864255 0.0036963089133491746 4.224099379245883e-05 0.001827905187782103 0.0003360740683498199 0.005158683804746017 0.00015401117852049883 0.0 0.00047849010186721966 0.0002644352545966281 3.114353230603177e-06 0.0001114696700526593 2.494443689783045e-05 0.00052344789994031 2.42499937877794e-05 0.0 1.3051393217047433e-05 8.023266254700185e-05 0.0 0.012540427968826656 0.0018873640004463505
