0.0 0.06676331679401436 0.008596427820501228 0.01961670210236483 0.0033215599916847516 0.001958810866619071 0.012416338919996266 0.005513434678863106 0.0005789625731005529 0.014242110699154029 0.004770970830049229 0.001455984151890351 0.0029226778591608725 0.0054929363512230805 4.117736825730117e-05 3.718036041837188e-05 4.549406810226193e-06 0.0 0.0 0.0 0.0 0.0 5.697971730678163e-06 1.7724792588989976e-05 9.493970152471628e-05 3.473502025842047e-05 2.2068430446330075e-05 1.0977959721475515e-05 1.2087063341600599e-05 0.0 0.013265955054814614 2.266545251779699e-05 0.00021893545247930296 0.0 2.5535556315498058e-05 5.670097966764631e-05 0.0001032305869393381 2.798938250065116e-05 1.6181353262987815e-05 3.282745143377278e-05 2.5794048407624667e-05 7.489878102753642e-06 0.0 6.77784693521566e-06 0.0 4.058220435022456e-06 0.00016744635521321268 2.6803940760647044e-05 1.2968048710594106e-05 0.0 0.0 4.182997471889285e-05 9.284740469120138e-06 0.0 5.414707191886821e-05 0.0001624786059809799 0.008492512251562383 0.0073571436921842205 0.0014618964355943632 0.00011017448534690914 1.8984690412128398e-05 2.812414582083571e-05 3.54296322165156e-05 1.2278221667546057e-05 1.469049190247061e-05 1.0996360830697748e-05 1.558110290318684e-05 6.331596388025357e-06 2.0855620693161886e-05 2.7878410368921485e-05 0.0001383275474522979 5.281271517775341e-05 2.9674503802767046e-05 0.0016987008182088306 0.0001533771116443239 0.00012398518355848047 5.512078944876178e-05 3.844625870700604e-05 0.0002176745839465512 0.0035896782474399724 2.3689042081797455e-05 0.00017207508732087194 7.821789606101888e-05 1.1397772680516823e-05 1.1314484721445603e-05 5.8657576638670764e-05 7.90884777087365e-06 7.144971220728201e-06 6.567065086297397e-06 1.2100828141182262e-05 5.538788782307565e-06 1.071153171271532e-05 7.89727027576939e-06 0.0 1.7285127976788554e-05 0.0005627904553054947 0.0001395236156724855 3.016881029469872e-06 0.00010780405424801793 0.029527333457924857 2.8161933072306083e-06 0.0 0.0 0.0 0.0 0.00014463625756330463 0.0 0.0 3.543224221086916e-05 1.0298668891270621e-05 0.0 1.3776592524765315e-05 1.7003698878890096e-05 1.2465074017555785e-05 0.0 0.0 0.0 0.0 0.0 0.0 0.0 0.0 0.0 0.0 0.0 0.0 0.0 0.0 0.0 0.0 0.0 0.0 0.0 0.0 0.0 0.0 0.0 0.0 0.0 5.011290019532438e-06 0.0 0.0 0.0 0.0 0.0 0.0 0.0 0.0 0.0 0.0 0.0 0.0 0.0 0.0 0.0 0.0 0.0 0.0 0.0 0.0 0.0 0.0 0.0 0.0 0.0 0.0 0.0 0.0 0.0 0.0 0.0 0.0 0.0 0.0 0.0 0.0 8.181799198894484e-06 0.0 0.0 0.0 0.0 3.443712162318003e-06 0.0 0.0 0.0 0.0 0.0 0.0 0.0 0.0 0.0 0.0 0.0 0.0 0.0 0.0 0.0 5.046268390096158e-06 0.0 0.0 0.0005180731754146923 7.711321106450214e-05 0.0006990776527643915 7.937580760505083e-05 0.02211039663088465 4.037387553492928e-05 2.7165705553381092e-05 5.079121956990497e-05 4.971701688439383e-05 0.0 0.0 0.0 0.0 0.0 0.0 0.0 1.1816156580739268e-05 2.674807497514406e-06 0.0015167352895529077 0.0
0.06676331679401436 0.0 0.05928436723147842 0.05365917560604259 0.046106057500494575 0.0034080508412921394 0.04955271955532979 0.018578055883187852 0.04897515515066904 0.020033940359792213 0.04472953070611175 0.0008148440575040989 0.021608972980666417 0.05938499775876831 0.0005172383773818947 0.00012646136217512558 2.390197065219053e-05 1.7798088475697514e-05 5.37165156543088e-06 7.449835809000085e-06 1.1002694315538214e-05 0.0 6.060024334485667e-06 1.2296528331765958e-05 0.00021278959419914286 4.6127739459902524e-05 3.758726559535663e-05 2.2927946213339956e-05 8.88379293659531e-06 1.1784312650316153e-05 0.03479975615710572 0.0002664152940458059 0.0004055150827720499 0.0 4.7178640638629664e-05 9.936017911978352e-05 0.00011560087666872357 2.4013297735990578e-05 2.9849154694007815e-05 3.8147010985334176e-05 4.7030434198839794e-05 1.6405322797318666e-05 3.838459895187341e-06 2.4715958855200778e-05 5.480463249081921e-06 8.243991307531578e-06 0.003053828311558663 0.00026329052041833176 8.369156911727908e-05 5.4319954913059e-05 2.298890218162267e-05 1.2187288288554575e-05 0.0 0.0 0.0006221869227929195 0.0017318884197689626 0.012040508978398928 0.01384321273508148 0.0064395712062977045 0.001164201801558959 5.4247966336162596e-05 8.965286470462656e-05 3.191805960419619e-05 0.00012976682654872114 0.00022155291485134902 0.00016024194839477644 0.0001596965299983281 3.093285618935861e-05 3.155564100735436e-05 2.5564639408127876e-05 0.00019210571868407732 1.1584650842509811e-05 0.0 0.012767004064950196 0.0033278642430367568 0.0023121169674004817 0.0005487080576216916 0.0002581939428316376 0.00019856546231845085 0.005783748326154203 4.5027378045182935e-05 0.0002822883792687869 0.0009333211945015366 5.9999174163297736e-05 0.00013561987190035402 0.0006694955061773573 0.00012397779939163933 8.15745447022056e-06 9.621185989070095e-05 1.4628474062021073e-05 6.484429767556671e-05 9.309311985161433e-06 4.048253935918488e-05 4.315040059836028e-05 1.2941230656795908e-05 0.00029037228734178026 2.3825939441268527e-05 5.999396611076782e-06 4.837083691212602e-05 0.02912431399347529 0.0 0.0 7.756409061042446e-06 0.0 3.4098326959109646e-05 0.0003195314919009124 3.1646725677392236e-05 3.151430692082009e-06 0.0015508291511881155 3.426905248926611e-05 8.88834837863515e-06 2.00759348254775e-05 0.00010322913967784896 8.523046926428289e-05 1.1343129756371073e-05 0.0 0.0 0.0 0.0 0.0 0.0 0.0 0.0 0.0 4.608636210472579e-06 3.1133617468290056e-06 0.0 0.0 0.0 0.0 0.0 0.0 0.0 0.0 0.0 0.0 0.0 0.0 0.0 5.071686956954581e-05 5.676334425404439e-06 4.6460881747245624e-05 0.0 0.0 0.0 0.0 0.0 0.0 0.0 0.0 0.0 0.0 0.0 0.0 0.0 3.065586302252548e-06 0.0 0.0 0.0 0.0 0.0 0.0 2.523395597329417e-06 0.0 0.0 0.0 6.993816246758087e-06 0.0 0.0 0.0 1.8674399936092175e-06 0.0 0.0 0.0 0.0 0.0 9.264956882010681e-05 0.0 0.0 0.0 0.0 1.194976537418125e-05 0.0 6.89950910727254e-06 0.0 0.0 0.0 0.0 0.0 0.0 0.0 0.0 0.0 0.0 0.0 0.0 1.9864503946922345e-06 8.397407799161023e-05 3.179150046622847e-05 1.4768529435582775e-05 0.010758894795789776 0.0006288332688635922 0.014403678261487706 0.0010844174482985654 0.012597578482892948 0.0014778193471955733 0.00027096816712189966 0.0012953000340765815 0.00022735332449623944 0.0 0.0 0.0 3.329989696630987e-05 0.0 0.0 0.0 0.00027802182270756065 2.4698368063210243e-05 0.004841611994563083 0.00023041657533621484
0.008596427820501228 0.05928436723147842 0.0 0.0012141546179229364 0.04774533258639505 6.42941973135999e-05 0.0007085684261251167 0.09469526513620673 0.040506697356661 0.00010467688488057143 0.08014360803022652 8.26306081283825e-05 0.001977832576935676 0.039853403063456694 0.0003058257202965059 0.0001413175583563964 2.2154389125056513e-05 3.863331755288185e-06 1.718389964493618e-06 3.5978586407063914e-06 1.7900971758522833e-05 0.0 2.3570543742717597e-06 7.492333971218718e-06 0.00018185850008794785 5.79618077665976e-05 6.377348083592908e-05 1.6929778282506784e-05 4.439843296611877e-06 5.310069843056887e-06 0.08257762963954692 0.008716513845420857 0.0003911002850819253 8.820826170055987e-06 7.215838125209873e-05 0.000146198681976 8.4170788281192e-05 4.7932898718758716e-05 3.6098468149084716e-05 4.647862696352908e-05 8.283650897602698e-05 2.080586056071651e-05 1.7186562606076196e-05 1.358378551433996e-05 4.720409110492172e-06 1.05819846511825e-05 0.000998199838079476 8.049693453649972e-05 4.616077521762207e-05 3.7551925558622854e-05 6.371846669667148e-06 7.390004228612444e-06 2.907161301136057e-06 9.605303219280519e-06 0.00018093787064591362 0.000499426926803395 0.0048715634954119395 0.012945996038139753 0.001772035337249187 0.0003621471571306474 6.3102498778694e-05 0.0001662315076561869 6.126172390661222e-05 0.0024651743728645635 6.0497303514391734e-05 5.714195099284998e-05 5.5811510063877695e-05 3.396658110452884e-06 3.37064806125205e-05 4.7013760254462735e-05 4.0563658813257825e-05 3.238652815168245e-06 0.0 0.004673512995289319 0.002325847271877555 0.001299385309349318 0.0003681486246684735 0.00017407845545636114 0.0013276355522288603 0.01059557533521047 0.00011148153867941916 0.0008446660427730913 0.0003259685863405876 2.15647439095222e-05 4.2266883416974066e-05 0.0001812755940380776 3.060867394265544e-05 4.309769998865429e-06 4.322962757153342e-05 1.721276430552268e-06 2.208248216177191e-05 1.8329814435638654e-06 3.44489332165602e-05 1.8855625273751238e-05 5.267809807573992e-06 5.8311055239472736e-05 2.319511516030169e-06 0.0 2.9674598247769385e-05 0.002108301846768372 0.0 0.0 0.0 0.0 0.0 0.0 0.0 0.0 0.0 0.0 0.0 4.010172994807368e-06 5.0526321629863446e-06 5.0422327685746865e-06 0.0 0.0 6.569817568766641e-06 0.0 0.0 0.0 0.0 0.0 0.0 0.0 0.0 4.442933722098946e-06 0.0 0.0 0.0 0.0 0.0 0.0 0.0 0.0 0.0 0.0 0.0 0.0 0.0 0.0 0.0 3.433415419030524e-06 0.0 0.0 0.0 0.0 0.0 0.0 0.0 6.531563911171003e-06 0.0 0.0 0.0 0.0 0.0 0.0 0.0 2.477195877349537e-06 0.0 0.0 0.0 0.0 0.0 0.0 0.0 0.0 4.871748349198275e-06 0.0 0.0 0.0 0.0 0.0 0.0 0.0 0.0 0.0 0.0 0.0 0.0 0.0 3.1754486679042595e-06 5.08844009786755e-06 0.0 0.0 0.0 0.0 0.0 0.0 0.0 0.0 0.0 0.0 0.0 0.0 0.0 0.0 0.0 1.0644323873203955e-05 6.113000371481246e-06 0.0 0.002307152589541508 0.00025655065797991526 0.003554829340235342 0.00034057255199910434 0.0008443935558115668 0.0003355664991265338 7.162186605024626e-05 0.00021035335418071157 4.2389425136090574e-05 0.0 0.0 0.0 2.8876865327719826e-06 0.0 7.391507142527918e-06 0.0 9.458822825319218e-05 1.5776033061136984e-05 0.0009995590074474122 2.6517837157340876e-05
0.01961670210236483 0.05365917560604259 0.0012141546179229364 0.0 0.0009603331731331589 0.006651708729671208 0.03732174520127842 5.75058580309924e-06 0.00037849809616806836 0.07981332784839795 5.943962631705334e-05 0.013510175239019135 0.023105008105850804 0.0020709243044322164 1.571353061189191e-05 4.808739656836432e-06 0.0 0.0 0.0 0.0 2.238180642418027e-06 0.0 0.0 0.0 0.0 0.0 0.0 1.173737452857238e-05 0.0 0.0 0.0009632002912453281 0.0 0.0 0.0 0.0 0.0 0.0 0.0 0.0 0.0 0.0 7.564623339781336e-06 0.0 0.0 1.9999964638261564e-06 3.5873836007715377e-06 0.00026971831836637114 2.9951604096790808e-05 1.3785924377325961e-05 8.922186396666755e-06 2.05395827985872e-06 4.074062278644358e-06 0.0 0.0 0.00010578049368150868 0.00022994712563496027 0.003299479691008572 0.001605418288681235 0.0010016560677108552 0.00013889404886778984 0.0 2.822842653161023e-06 0.0 0.0 2.8086728292455035e-05 2.2854344163686464e-05 1.7240585893421494e-05 4.851807473113368e-06 0.0 2.946253176777673e-06 2.8668231543096322e-05 8.891168897314603e-06 0.0 0.0016413364071604626 0.0003058417853466422 0.00016677973761918175 1.1444501769956855e-05 7.231173397470132e-06 0.0 1.405031756627287e-05 1.9468580948202495e-06 0.0 0.00012834287074402694 0.0 2.186415008394681e-05 8.722014376964717e-05 6.637930319714257e-06 4.117732424264764e-06 1.683570166044399e-05 0.0 8.216297436729127e-06 2.087165918530365e-06 0.0 0.0 1.8207813276148438e-06 0.0002861733714556921 8.136830576234109e-05 7.422017055943364e-06 3.688378222273749e-05 0.013038722835966167 0.0 0.0 0.0 0.0 0.0 0.00021978115480680892 9.442010943494053e-06 2.194236651051521e-05 0.00038148411218285027 4.045470240345789e-05 0.0 5.838716149910909e-05 9.672239749483444e-05 1.9743652838108243e-05 0.0 0.0 0.0 0.0 0.0 0.0 0.0 0.0 0.0 0.0 0.0 0.0 0.0 0.0 0.0 0.0 2.7503187387158374e-06 0.0 0.0 0.0 0.0 0.0 0.0 0.0 0.0 2.6765693369544454e-05 0.0 2.2915979598857987e-05 0.0 0.0 0.0 0.0 0.0 0.0 0.0 0.0 0.0 0.0 0.0 0.0 0.0 3.3766639691770878e-06 0.0 0.0 0.0 0.0 0.0 0.0 0.0 0.0 0.0 0.0 0.0 0.0 0.0 0.0 0.0 0.0 0.0 0.0 0.0 0.0 6.994236997005445e-06 0.0 0.0 0.0 0.0 0.0 0.0 0.0 0.0 0.0 0.0 0.0 0.0 0.0 0.0 0.0 0.0 0.0 0.0 0.0 0.0 5.119852863728675e-05 0.0 0.0 0.0012806692032163664 0.00014789241358876298 0.0012077470989432018 0.000123151016651054 0.01630696640057198 0.00017423385672538083 2.8506598694349265e-05 8.271705872681303e-05 3.614675759529314e-05 0.0 0.0 0.0 1.7488903886481653e-05 0.0 0.0 0.0 2.8164264804527976e-05 0.0 0.0023195631373110494 9.610245572505266e-05
0.0033215599916847516 0.046106057500494575 0.04774533258639505 0.0009603331731331589 0.0 0.00012105734566513546 0.030036681848337125 0.004744501039436891 0.14728250710194768 0.006163836719499225 0.03148731720375579 0.0010529801051025135 0.027597425749495513 0.04678672324119953 0.000656866118744053 0.0002672290283066455 1.563901067020943e-05 9.913614975536432e-06 6.01911905511838e-06 8.34751451865864e-06 2.038548227448114e-06 4.110641887383484e-06 2.1128181062176216e-06 4.883916386670991e-06 1.0651135998751344e-05 2.4095325234746302e-05 5.022947337821923e-06 6.649843967409759e-06 7.338687917060698e-06 0.0 0.001429327867610128 0.00012283971368878423 0.00010390999847413524 1.662827954701155e-06 4.990322333801319e-06 3.3978712736661003e-06 8.839187293084501e-05 2.2156669233311897e-06 8.329180699635542e-06 9.46886913268819e-06 2.892391937958496e-05 0.0 0.0 3.007811056637651e-05 6.653816177989695e-06 5.215455048603236e-06 0.002492745170191204 0.00011519804187737645 7.853164862526068e-05 1.773117098369727e-05 1.8459258100036217e-05 1.9116771076480504e-06 0.0 8.325077638712722e-06 0.0002800412611152635 0.0005718462358737863 0.0018667468130225756 0.001895476311098366 0.0017888038128674494 0.0007515714179187305 2.23447043092829e-06 1.5856430227285308e-05 4.781350904564422e-06 0.00024397446039038103 8.591579025122438e-05 6.764615563394407e-05 0.00011897975793202335 9.254067626885504e-06 1.3346904318694962e-05 2.3847349511568213e-05 0.0005896969066418328 0.0 0.0 0.004080210042684413 0.0020351860681723055 0.0019485339534996329 0.0008807828047550053 0.0004779191645627445 9.507937732784207e-06 0.0001380760189259673 2.0431239609892443e-06 8.627779898958058e-05 0.0005681288741662816 1.7623145595721257e-05 7.529065169408667e-05 0.00023629336099834715 5.211923745489956e-05 0.0 5.239227213775657e-05 0.0 1.872201260105166e-05 9.674891281733763e-06 3.4555292761801547e-06 2.5435773007101593e-05 1.2703957357728903e-05 0.0009191829874306681 7.946421036526733e-05 0.0 5.649748291529817e-05 0.0004543565674792199 0.0 0.0 2.4621539366447047e-05 1.3518719771034737e-05 9.020980792779714e-06 7.505253898335598e-05 4.669235794343644e-05 3.966031220984161e-06 0.00011875869784089232 0.0001669361164611166 9.512082122720688e-05 9.719421175279827e-05 0.00028890540829775596 0.0001293968260921028 7.098694691447847e-05 0.0 0.0 0.0 0.0 0.0 0.0 0.0 0.0 0.0 0.0 0.0 0.0 0.0 0.0 0.0 0.0 0.0 0.0 0.0 0.0 0.0 0.0 0.0 0.0 0.00015896578096526463 0.0 8.293697965902967e-05 1.1587921951879699e-05 0.0 0.0 0.0 0.0 0.0 0.0 8.0525348755598e-06 0.0 0.0 0.0 0.0 0.0 0.0 0.0 0.0 0.0 0.0 0.0 0.0 0.0 0.0 0.0 0.0 1.0961206401519886e-05 2.615180025757398e-06 0.0 0.0 0.0 0.0 0.0 0.0 0.0 0.0 0.0004779313730340175 0.0 0.0 0.0 0.0 3.4230809872634405e-05 0.0 0.0 3.0403779911560316e-06 0.0 6.7246220289248344e-06 8.219003964916034e-06 0.0 0.0 2.260456533173556e-06 0.0 0.0 0.0 0.0 0.0 0.0 0.0002503235531253947 6.517397996353525e-05 6.116292324400622e-05 0.0119355904566513 0.00040747065726029225 0.010907049543427711 0.0012339232682494108 0.0009844633012766639 0.0014118586700538488 6.547574233934506e-05 0.0017778481678293054 0.00039768009144060696 2.0896562527071944e-06 0.0 0.0 9.844520623213861e-05 0.0 0.0 7.377607314941342e-06 0.0004886491713889808 4.5634824577033665e-05 0.002309038779479119 0.0005157959540729925
0.001958810866619071 0.0034080508412921394 6.42941973135999e-05 0.006651708729671208 0.00012105734566513546 0.0 0.001695431331413035 1.882948280758426e-05 6.93690250965499e-05 0.024451602724950932 4.612114442357851e-05 0.004687493332988121 0.0024662170628485702 0.0005126681180700476 0.0 4.845762545357438e-06 0.0 0.0 0.0 0.0 0.0 0.00019410052320921283 0.0 0.0 5.66579149846159e-06 0.0 0.0 0.0 0.0 0.0 9.143942635494286e-05 0.0 0.00011193391725999935 0.0 0.0 0.0 0.0002514921714204019 7.408805498176314e-06 9.857693716649787e-05 1.7752351431787512e-05 3.6536465426529325e-06 0.0 0.0 0.0 0.0 0.0 8.449156140647607e-06 0.0 0.0 0.0 0.0 0.0012755674917306434 0.00012517276918511732 8.060093758195143e-06 0.0 2.1629179721074115e-05 0.001401213424260156 5.885926043489985e-05 5.016464725367191e-05 0.0 3.531229854992897e-05 6.201737762426392e-05 4.2727366661893445e-06 0.0 0.0 0.0 7.158971759810156e-06 0.0 0.0 0.0 0.001548779675092009 0.0015443348839515308 0.0003214778716534302 2.9843972901067836e-05 0.0 0.0 3.782632454653725e-06 0.0 0.0 1.8903806697555732e-05 0.0 3.440692801846117e-05 4.1650022225333145e-06 5.313554251913875e-05 0.0 3.964379448018405e-05 2.015320874165137e-06 0.00013888978407166556 5.5454252073261286e-05 0.0003849674922905634 8.257065091972951e-05 0.00012751763015753973 0.0 0.0 4.479735328814328e-05 0.006871826631192478 0.001775744207411008 0.0006539012278233394 0.0016032177987564539 0.004650154232005948 0.0 0.0 0.0 0.0 0.0 1.8115082607270547e-05 0.0 3.5967933368886104e-06 6.8815135296716975e-06 9.905347979186917e-05 0.0 0.0 6.352066066601997e-05 0.0 0.0 0.0 0.0 0.0 0.0 0.0 0.0 0.0 0.0 0.0 0.0 0.0 0.0 0.0 0.0 0.0 0.0 0.0 0.0 0.0 0.0 0.0 0.0 0.0 0.0 2.700909529881021e-06 0.0 6.864831528375019e-06 0.0 0.0 0.0 3.2016885631178798e-06 0.0 0.0 0.0 0.0 4.017954188743621e-06 0.0 0.0 0.0 0.0 0.0 0.0 0.0 0.0 0.0 0.0 0.0 0.0 0.0 0.0 0.0 0.0 0.0 0.0 0.0 0.0 0.0 0.0 0.0 0.0 0.0 2.453121771653861e-05 0.0 3.1461283437520016e-06 0.0 5.863706148325887e-06 0.0 0.0 0.0 0.0 0.0 0.0 0.0 0.0 0.0 0.0 0.0 0.0 7.080248493316127e-06 1.546010169694407e-05 3.558022246010052e-06 0.0 3.2654958752577406e-05 0.0 0.0 0.00034617577763737935 8.735369258379856e-06 5.3881458405001764e-05 2.111143908158897e-06 0.0031595469128787848 9.804530520395243e-05 2.8283318026646808e-06 0.0 4.515702387858233e-05 0.0 0.0 0.0 6.062123012847137e-06 0.0 0.0 0.0 0.0 0.0 0.0010932437125909674 5.789513854708374e-05
0.012416338919996266 0.04955271955532979 0.0007085684261251167 0.03732174520127842 0.030036681848337125 0.001695431331413035 0.0 9.158317508014397e-05 0.08430455007986462 0.08654491747292144 0.0018311470138143967 0.006066279595141051 0.14154084848635415 0.07617270753615792 0.0004155769558113426 0.00017770143706449687 2.667622903556554e-05 1.0633573107575089e-05 0.0 3.0007949418214e-06 0.0 3.445571221921577e-06 8.270784892166458e-06 6.876857674540912e-06 2.1111782992695395e-05 6.642339692785243e-06 1.3709689803784392e-05 2.5133041562902934e-06 2.1070836682718893e-06 2.3019675735352682e-06 0.0008969733027709757 3.795295739039936e-05 7.00514649887125e-05 0.0 6.3084299092462515e-06 2.8426514256044373e-05 7.71763179319217e-05 0.0 1.8998847911940926e-05 4.404478790714765e-06 1.3196083706889504e-05 1.7153211584075574e-05 2.200055298727611e-06 2.2432063400002836e-05 0.0 4.614215030507677e-06 0.0022084582341107663 0.0001410420909314177 5.897616991958817e-05 2.281347976572619e-05 1.5629636295017403e-05 5.733332058913242e-06 0.0 1.0658522552827928e-05 0.00029651506280576635 0.0006814688114834626 0.002977099410487648 0.002038811931322826 0.002276099153642165 0.0007107944218702116 1.911872786353515e-05 9.649315246857234e-05 2.8076733534451473e-05 9.4084734784051e-05 9.648686269998099e-05 6.096108189023769e-05 8.457858867146902e-05 8.59373771261493e-06 1.4126954687391522e-05 8.011424890753019e-06 0.00047775612414029757 2.1934972645530054e-06 0.0 0.004695388220206107 0.0016301183404914456 0.0014186833585769748 0.00047897432904557373 0.0002406192179800743 6.934005107073952e-06 3.056903016801914e-05 1.858871728146418e-05 8.806194296719894e-05 0.0004515831444790487 2.3104456760993155e-05 0.0001356026964873311 0.000283207325859034 4.711223864028354e-05 0.0 5.226838685269059e-05 0.0 2.62573278512624e-05 4.190091917868606e-06 4.129044190223441e-06 1.5037717237720767e-05 4.38352483158746e-06 0.001205830739124024 6.361209670727505e-05 0.0 6.966935453428322e-05 0.0027334793323643865 4.246681930925006e-05 6.016613860400901e-05 0.0001464224803753898 0.00016175128934488116 6.226767030864456e-05 0.0013953538966690738 0.0002394494569452994 0.0006309647876770805 0.0027062944183685947 0.0012366381275896205 4.903155863141417e-05 0.0005725156880115048 0.0006063470346152529 0.00039238773070689723 0.00014080802831482336 0.0 0.0 0.0 0.0 0.0 0.0 0.0 0.0 0.0 0.0 0.0 0.0 0.0 0.0 0.0 0.0 0.0 5.177653473720186e-06 0.0 0.0 0.0 0.0 0.0 0.0 0.00022926596127253678 0.0 7.52311731261406e-05 1.7329851639251727e-05 0.0 0.0 0.0 0.0 0.0 0.0 0.0 0.0 1.6099543151859887e-05 1.0673932754440749e-05 0.0 2.188792918702223e-06 0.0 0.0 0.0 2.228773890345261e-06 0.0 7.485291626653005e-06 1.8884080672660966e-05 2.941959450343825e-05 9.577384500739494e-06 0.0 0.0 2.9199377255621862e-05 7.438360666615571e-06 9.166957554663013e-06 0.0 0.0 0.0 0.0 0.0 0.0 0.0 0.0006296818305023535 0.0 0.0 0.0 0.0 7.505816166884239e-05 3.038823005667391e-06 6.857062046812672e-05 6.889682261442163e-05 2.9887645583125895e-05 4.90095617488014e-06 0.0 0.0 2.098185098944691e-06 9.409137219380418e-06 0.0 0.0 2.001110705970579e-06 0.0 0.0 0.0 0.00044686397881981945 5.69130057138386e-05 3.4362450688855573e-05 0.008671209211165336 0.0003020334168526561 0.009501161864121165 0.0009049872770799829 0.004223460254935526 0.001074300204377518 0.00018052042507842367 0.0011783032378930504 0.0005699937335583737 2.5253692442344014e-06 0.000150406687410251 1.6573011763987806e-05 0.00012130234107406145 3.285429470274536e-05 2.5643599607739924e-06 3.864535369559618e-05 0.0002506408995233982 8.316003905984675e-06 0.0032501075265473963 0.0009455900074773811
0.005513434678863106 0.018578055883187852 0.09469526513620673 5.75058580309924e-06 0.004744501039436891 1.882948280758426e-05 9.158317508014397e-05 0.0 0.03308047567560877 1.906994784044257e-05 0.07579707736439079 0.00015529237527482512 0.0005315937172431811 0.03327035084235971 0.0012105655734031035 0.0008417851291256841 4.434009370628931e-05 1.6892700338368302e-05 3.749058524543333e-06 6.106607802563493e-05 0.0002458685972855896 2.750325900422174e-06 0.00013690333860064642 0.0001936035182460139 0.00161301871204818 0.000489782719554062 0.000438623327254677 0.00019419536001656298 4.467321227048017e-05 3.0222110100501656e-05 0.051650030373307045 0.07709775659429362 0.0009833603797011305 2.3898632252621508e-05 0.000873631167030092 0.0009480235060543071 0.00034192222375081864 0.0001965680249710228 0.00011556070665787365 0.00025130141788006676 0.0007675807331196734 8.7672784647722e-05 0.00013011712738923684 0.0009900919475407876 1.4909606844319796e-05 0.0001572173401825723 0.002776993998235407 0.0001265892617457962 5.208936851420137e-05 9.956622230634147e-05 3.7285805801639606e-05 2.544933832332131e-06 8.226581348626083e-06 3.92133308702004e-05 0.00021037506235703762 0.0004830243902082461 0.00367642852165333 0.010021759102365494 0.0018020459493301366 0.000657739524491303 0.0023558485864224542 0.0017986859399090485 0.0008029332398762191 0.00934330180078095 5.8669914766669006e-05 9.184591615296003e-05 0.00010179796845401921 8.626796790640728e-05 0.0006632851157010141 0.0007874106558723291 0.00017101814002077118 0.0 0.0 0.004431432886496134 0.0025750396020051925 0.0025825935390347042 0.0026485648392249607 0.0072088167007343835 0.02894785785166392 0.04820578157105414 0.008334197029407506 0.020970685251277283 0.00037591691932719516 8.273883076168724e-06 0.00010854148321346595 0.00022969846820686016 9.368968417068447e-05 4.351849648869935e-06 5.842764766945339e-05 4.053427015449094e-06 4.947932089545065e-05 8.791331577716172e-06 0.0005319096093671915 6.877049250185455e-05 1.1622704867541277e-05 0.00014541345578245206 2.4151977315924298e-06 0.0 8.005421739617394e-05 0.0013715252293637016 0.0 4.83013227047694e-06 0.0 0.0 0.0 0.0 0.0 1.7533185313578454e-05 0.0 2.4210227054424535e-05 0.0 0.0 1.699907569904448e-05 1.2423579091033335e-05 0.0 0.0 0.0 0.0 0.0 0.0 0.0 8.909476605950012e-06 1.191942659570684e-05 0.0 1.852117791463025e-05 3.4536175780349955e-05 0.0 0.0 2.990509836306721e-06 0.0 4.510676302350215e-06 0.0 0.0 0.0 0.0 0.0 0.0 0.0 0.0 4.220611738311153e-05 0.0 1.2274971894092969e-05 7.122371859569738e-06 0.0 3.17449437053472e-06 0.0 0.0 0.0 0.0 0.0 0.0 0.0 0.0 0.0 0.0 2.2375921888805865e-06 3.032751072310479e-06 2.8550623046028984e-05 0.0 0.0 0.0 0.0 0.0 0.0 0.0 0.0 0.0 0.0 0.0 0.0 0.0 0.0 0.0 0.0 4.097298733262473e-06 0.0 1.976746968934417e-05 0.0 2.210469016551944e-06 0.0 5.878818243912389e-06 0.0 0.0 0.0 0.0 0.0 0.0 0.0 0.0 0.0 0.0 2.0323675256761924e-06 0.0 0.0 2.851585564739779e-06 2.9441625553358345e-06 0.0 2.6573332026136414e-05 2.4708239580183913e-05 1.466614060889921e-05 0.006408746772971022 0.0002945768829086012 0.007699630114115932 0.0010249070209050477 0.0008812560309135333 0.0006805679852038686 6.662729115490232e-05 0.0010317786106969703 4.8915944221955325e-05 0.0 9.27934591382103e-06 4.2781240597821145e-06 0.0 0.0 0.0 0.0 0.0002536210959057693 4.732562168062464e-05 0.0011131662572440861 6.418788745269625e-05
0.0005789625731005529 0.04897515515066904 0.040506697356661 0.00037849809616806836 0.14728250710194768 6.93690250965499e-05 0.08430455007986462 0.03308047567560877 0.0 0.0014331450329175303 0.04168837135205512 0.0005809884012423314 0.027961198848659972 0.06351146382654402 0.0005003083576902035 0.00023410145587063441 3.399457979545729e-05 2.817936585915054e-06 0.0 3.3043826575341023e-06 1.9563982336735605e-06 0.0 3.066425713916249e-06 5.2911883027011455e-06 3.2794369274164264e-05 1.5724001623366945e-05 2.5189202470387914e-05 1.8280315854676826e-05 5.618085283713066e-06 2.6640467353371107e-06 0.0004662664218575972 5.640455276305833e-05 8.094013658402547e-05 4.719482415532476e-06 2.363311228854408e-05 2.1023700420433094e-05 7.721142670522166e-05 6.660515805066689e-06 0.0 2.4054660170945784e-06 1.2203811538694096e-05 2.2904084303034987e-06 2.0677557547255487e-06 4.9587982034066396e-05 2.5965813728020085e-06 6.9628066551233515e-06 0.001111946899602494 8.765834978099108e-05 2.3661515615880656e-05 2.0718955641540152e-05 7.074602681486326e-06 0.0 0.0 2.182950159948128e-06 6.854729120973064e-05 0.0001755411029763553 0.0005401167659301957 0.0004592693668783498 0.0006141517105929692 0.0002977961716634491 1.230769731120452e-05 6.779406322169654e-05 1.7619172937534673e-05 0.00011092160439943694 6.728925005896035e-05 2.977637206292116e-05 3.598708929211593e-05 3.2628689315325146e-06 1.2980119319020182e-05 5.597616530190162e-06 0.0004756538155397264 1.5927856908638626e-05 0.0 0.0011225852065979587 0.0006334499879548804 0.000961153215962069 0.0006218407635074982 0.00033650607993556054 8.728010754319763e-06 0.0001316726065880087 5.986164612606225e-06 4.286719763532323e-05 0.00014709684111679206 1.0637641105977295e-05 3.710208729496163e-05 9.120844774814033e-05 3.737392552525354e-05 0.0 2.6630500197777398e-05 1.7679843332777157e-06 1.1483989031469216e-05 2.1956912831301e-06 3.6095208826689837e-06 1.0926369623858557e-05 2.2532951252399743e-06 0.0008986997357792936 3.2607230754305436e-05 0.0 6.579777115047373e-05 0.0001305984470219378 0.0 5.7185013587049385e-06 8.893623273757527e-06 0.0 7.227301599981143e-06 0.00018951457811926118 0.0 7.364847183397132e-05 4.699554728923409e-05 0.00011476721689962716 2.4783679204321966e-05 0.00010745060285352237 0.0003094694950237808 0.00012416973849277784 8.635521375264576e-05 0.0 2.4610398138620556e-06 0.0 0.0 0.0 0.0 0.0 0.0 0.0 0.0 0.0 0.0 0.0 0.0 0.0 0.0 0.0 0.0 0.0 1.684410651964051e-05 0.0 0.0 0.0 0.0 0.0003056801908428643 0.0 0.00010402936203686204 3.41183546708839e-05 0.0 0.0 0.0 0.0 0.0 0.0 0.0 0.0 1.2222812590024354e-05 0.0 0.0 0.0 0.0 0.0 0.0 0.0 0.0 0.0 0.0 0.0 0.0 0.0 0.0 2.1267433578616994e-05 0.0 0.0 0.0 0.0 0.0 0.0 0.0 0.0 0.0 0.0003547842408626408 0.0 0.0 0.0 0.0 1.1852607875573173e-05 0.0 1.8701459548277066e-05 0.0 0.0 9.13499575448975e-06 0.0 0.0 0.0 0.0 0.0 0.0 0.0 0.0 0.0 0.0 0.00021673795405894016 0.00010544405506962131 0.00011415856138222525 0.005184697242570247 0.00012573888192883822 0.0045360751470629995 0.0005683770526552703 0.000520736527762919 0.0005011024990145246 1.6384967586681663e-05 0.000805917577962887 0.00023838276718814126 7.877188731835827e-05 5.5443686467581705e-06 0.0 3.106702851956807e-05 1.786028282236784e-05 0.0 1.115014653812936e-05 0.0002526972462323207 3.5712928878543913e-06 0.0011045319348876649 0.000503991989252878
0.014242110699154029 0.020033940359792213 0.00010467688488057143 0.07981332784839795 0.006163836719499225 0.024451602724950932 0.08654491747292144 1.906994784044257e-05 0.0014331450329175303 0.0 6.228278300103994e-05 0.057825035480210424 0.11488713948933528 0.008116568922100244 0.00017753234589540763 0.00013274395040987103 4.940079681391416e-06 0.0 2.291881056169252e-06 1.4198596070732764e-05 0.0 2.1444409637182156e-05 0.0 1.783737550783684e-05 5.140775654513188e-05 1.5654966951930526e-05 1.6833213862704824e-05 0.0 2.017959843588922e-05 0.0 0.0002820603132384307 0.0 0.00037910100680336957 4.291820823153565e-06 1.183181744207392e-05 2.9100220148923345e-05 0.0005134438794718612 2.2239939884926115e-05 3.168467317204192e-05 6.755374395940264e-06 4.931303905487472e-06 0.0 4.521265183575399e-06 3.867517175833892e-06 0.0 0.0 0.00036275684303854874 2.148749162766957e-05 6.981324440478009e-06 0.0 2.5985532292804073e-06 0.00014676843137451844 3.770973793544301e-06 0.0 5.994110451187145e-05 0.00012065230297940525 0.003252254922117823 0.0006155079065099553 0.00047024959134025254 7.977787430339318e-05 1.1018552272999376e-05 0.00017514579707799825 4.3136068233551325e-05 1.6223887532142567e-05 1.0550372581002077e-05 9.9421522864624e-06 1.318043940700076e-05 3.9609447682598005e-06 1.7560801151622264e-05 4.604910631154659e-06 0.004057391614925619 0.00019407687182323375 3.754826876152622e-05 0.0009430986584270832 0.0002035871805284224 0.00023776834918277725 7.404601412433463e-05 6.964318536091969e-05 7.350592314218847e-06 1.704276180930193e-05 3.888529473027409e-06 0.00012095518720667246 5.519175405085407e-05 1.3351789646832995e-05 1.7432177502600402e-05 3.883421729146917e-05 2.612328473017146e-06 2.225910252225564e-05 8.58472410837968e-06 6.188183815415498e-05 2.8982969737172895e-05 2.1905933418351568e-05 2.2121791126636895e-05 8.374534293852029e-06 1.1345208441635682e-05 0.021184043134931264 0.0024157630749003273 6.496167416318914e-05 0.0005655191015272137 0.019136203020675518 2.8073759039085756e-05 8.17590523394007e-05 0.0001850125852366436 0.0001666770662035023 9.575718643084607e-05 0.0017154032476760304 0.00037978802138465776 0.0010530138777699748 0.004214465951051248 0.001982473885298069 0.0004410231028484793 0.0013874203105740822 0.003419864569606823 0.0017116567582644336 0.00042560202528937115 4.152449243344931e-06 0.0 0.0 0.0 0.0 0.0 0.0 0.0 0.0 0.0 3.968978561546684e-06 0.0 0.0 0.0 0.0 0.0 1.714711712118414e-05 0.0 0.0 0.0 1.3306077967299608e-05 0.0 0.0 0.0 0.0009551793487452563 4.4354351171586143e-05 0.00034694669489086625 5.00289799172644e-05 1.8110057476656705e-05 0.0 0.0 0.0 0.0 0.0 2.7167773048479535e-05 0.0 0.0 2.7449789406297716e-05 0.0 0.0 0.0 1.1680049545403043e-05 0.0 0.0 0.0 0.0 2.7489908389989977e-06 5.007396736924437e-05 9.537692533787637e-06 0.0 0.0 0.00012385403406515452 0.0 0.0 0.0 0.0 0.0 0.0 2.7284071997702553e-06 0.0 4.06322214088848e-06 0.002357431192225205 7.63040719334916e-06 0.0 0.0 4.883213942641003e-06 0.00020143897837081757 0.0 4.254660668594415e-05 6.644275442327523e-06 1.421547591416703e-05 2.3976678141057744e-06 0.0 0.0 0.0 0.0 0.0 0.0 0.0 0.0 2.403057744136205e-06 0.0 0.0020302538262324888 0.00025510950363585475 0.0001854975383908956 0.01045761150322067 0.00014937523742593792 0.0015780793442863794 0.0002781366065082865 0.031511358558968396 0.0005153686735430717 7.153033616079771e-05 0.0003201091021673502 0.004833737970887681 0.0 6.722809878497772e-05 1.5394880037323778e-05 0.0010016760442462696 1.7341766032958304e-05 0.0 0.0 0.0001943970596282269 1.5466492027828593e-05 0.023185666736497784 0.005895445145427738
0.004770970830049229 0.04472953070611175 0.08014360803022652 5.943962631705334e-05 0.03148731720375579 4.612114442357851e-05 0.0018311470138143967 0.07579707736439079 0.04168837135205512 6.228278300103994e-05 0.0 0.0006276039430219908 0.004121081886581246 0.07128268787859192 0.0004931491390007269 0.00035250465630705163 2.045029034556041e-05 0.0 2.106846884356089e-06 6.827138125098114e-06 7.968261137451593e-06 1.9479271286934135e-06 1.3665412405147408e-05 2.0628085524288e-05 0.0004183909527127607 5.2989045787534866e-05 7.187590773869264e-05 7.750068712900074e-05 1.5621584895869105e-05 1.0176845879225565e-05 0.008789240262036424 0.0007677120191330263 0.008020223810606205 3.969675335892485e-06 0.00012445336205686003 0.00022123227406843 0.002300072263612242 0.000141194023994941 0.00011562424516730229 0.00013141493406365116 9.574121537810565e-05 1.782861286172785e-05 6.111298869417106e-06 5.409048876911373e-05 0.0 3.737548767244853e-06 0.0011314831640468705 8.399720493180224e-05 2.7285859440242742e-05 2.056004110795503e-05 6.619815977149976e-06 0.0 1.310304538304351e-05 2.2802823295897442e-05 9.55245986781507e-05 0.00022093247027010136 0.0013919952743809822 0.0017563119906235456 0.0007675326413664001 0.00026218105587804774 5.328755137738746e-05 0.0004746320572837175 0.00010741397356044553 0.0003091911775380841 3.170986551850139e-05 5.1574373195479116e-05 2.9622528912636635e-05 1.5091628325000102e-05 7.507341893818445e-05 2.4169036649623676e-05 0.001124454482524828 9.308729201308177e-06 0.0 0.001768225712770952 0.0008390741327800326 0.0010340373600583957 0.0006111448898212755 0.00040767771725994795 0.0012447781160009027 0.020903279864601106 0.00010428123402669245 0.0008034370374194753 0.00016674695207357743 7.880367902800602e-06 2.879419998949337e-05 0.00011267521115963446 1.389060465163326e-05 2.2467250056859226e-06 2.754598514742548e-05 1.8695185296716106e-06 1.2188997996740562e-05 2.7236013964130154e-06 3.705602588543541e-05 2.476387380384862e-05 7.972773609253405e-06 0.00046575150621285796 2.8578024331287076e-05 0.0 0.0002071210026227054 0.0007423217839848772 0.0 0.0 0.0 0.0 9.374985727494308e-06 1.0835628566522694e-05 0.0 2.4900068868491912e-05 2.299296137709417e-05 5.705143552926378e-05 0.0 3.4731687080928986e-05 9.92593093208547e-05 2.030264520450479e-05 3.2624034206205435e-06 3.576010960308988e-06 2.756049894212832e-06 0.0 0.0 0.0 0.0 0.0 0.0 0.0 0.0 3.414941797531616e-06 0.0 0.0 0.0 0.0 4.275325026221674e-06 0.0 0.0 0.0 0.0 0.0 0.0 0.0 0.0 5.2348242563999324e-05 7.757904067240508e-06 4.311494925677381e-05 6.5062377303243415e-06 0.0 0.0 0.0 0.0 0.0 0.0 0.0 0.0 0.0 0.0 0.0 0.0 0.0 0.0 4.0518478592015625e-06 0.0 0.0 0.0 0.0 0.0 0.0 0.0 0.0 0.0 0.0 0.0 0.0 0.0 0.0 0.0 0.0 0.0 0.0 0.0001587499551862534 0.0 0.0 0.0 0.0 0.0 0.0 0.0 0.0 0.0 0.0 0.0 0.0 0.0 0.0 0.0 0.0 0.0 0.0 0.0 0.0 6.513170232219095e-05 3.0479146128208405e-05 1.5977728644341105e-05 0.004074155804113436 0.00016046631764184228 0.003984459401307149 0.0004863999162121266 0.0005551846244026576 0.00042190507623535644 5.45402625774179e-05 0.0005816336189118132 4.430832557059161e-05 6.249184991969465e-06 2.0659714454318757e-06 0.0 0.0 0.0 0.0 0.0 0.00020289101731489422 4.219020959211044e-05 0.0006486812174818987 0.0001836711051341601
0.001455984151890351 0.0008148440575040989 8.26306081283825e-05 0.013510175239019135 0.0010529801051025135 0.004687493332988121 0.006066279595141051 0.00015529237527482512 0.0005809884012423314 0.057825035480210424 0.0006276039430219908 0.0 0.017840539782601632 0.0070006799874690676 0.0005249684488202725 0.0006134553564006053 3.160127375891581e-05 0.0 1.0981009713162217e-05 1.4279203462802552e-05 1.7148566173099867e-05 1.2169775380120472e-05 3.522583198686139e-05 5.492947804134335e-05 0.0008611613674799709 0.00019938348509856705 0.00019274647878817262 0.00014659792920007842 6.14798478473469e-05 4.3251977466587756e-05 3.195268540992498e-05 5.035709349314049e-06 0.0025626101425564483 2.651224371548867e-05 0.00019360750149755777 0.0004726725362476762 0.006862196368382194 0.00038542624598340223 0.0005105600835360572 0.0005106742976827248 0.000320325134889834 3.844305742427295e-05 1.135074593265712e-05 8.027016701302394e-05 6.565257799862557e-06 1.0692714030907758e-05 0.0007216262241459211 1.6980340227657587e-05 2.2326345275085388e-05 1.2669956709282537e-05 1.7925130879640827e-05 2.3455991354627778e-05 6.168628537536005e-05 0.00011771411403316639 2.462497385224278e-05 9.014628508460111e-05 0.00041111588745517807 0.00017923320340597693 0.00018710395701642318 9.347201246186459e-05 0.0001023484585321726 0.0011457663034641148 0.00026390090250377003 0.00013186390068797014 1.2101085664205999e-05 2.473599238586144e-05 1.621705153424072e-05 8.04947160487593e-06 5.6747463468644265e-05 0.00013292853220056718 0.010890736099056216 4.6806583877079015e-05 3.0670096913872268e-06 0.0002895430567896495 0.0001828709649855677 0.0004813782338106866 0.00018658480104472296 0.00027201988622717154 1.801544521864072e-05 0.0003970194010537839 4.589507874732385e-05 0.00045121297706515154 5.480610914514478e-05 4.2001238272237945e-06 6.620431734692829e-06 2.319375921056838e-05 1.2121721375007908e-05 1.8987981216190714e-06 4.401928477247356e-06 5.360880955907371e-06 1.696557099876202e-05 1.8603867572817817e-06 5.5263748297434666e-05 2.2849075087450493e-05 2.8774085889636406e-06 0.02357610841211619 0.0017249732162298568 0.0 0.0027366779551203824 0.002236487694415298 4.285822207765288e-05 6.0652924558274674e-05 0.00010063002410541881 0.00010474653575715736 4.328876207917082e-05 0.001257904216856277 0.00035336477097175416 0.0008240054329562781 0.00066410469689827 0.0019710045054015185 0.0004952471390889246 0.0015922855171440133 0.0029061318088340112 0.0017861739364234774 0.0005380941892030945 9.816372730070023e-06 1.4094101105576962e-05 0.0 5.669156605227163e-06 0.0 0.0 0.0 1.0086907082201775e-05 0.0 0.0 7.980409927838529e-06 0.0 0.0 0.0 0.0 6.1239345066328085e-06 0.0 4.070664048986969e-06 0.0 3.499679584370083e-05 1.91989525519225e-05 0.0 3.1535442906650144e-06 0.0 0.0014208647518118055 2.472583320701653e-05 0.0008937378745140862 5.330529704127755e-05 2.554283231073306e-05 4.6392895072170005e-06 2.507695048205476e-06 2.2574848726499273e-06 0.0 4.692679431158029e-06 0.0 0.0 0.0 2.789641221301537e-05 0.0 0.0 0.0 2.0015966575860563e-05 1.4324765343311703e-05 0.0 3.594953375168604e-06 0.0 1.3428950467727615e-05 3.325191621948506e-05 2.6969454060611564e-05 0.0 0.0 0.00023375445732275166 1.890862801794337e-06 0.0 0.0 0.0 0.0 0.0 0.0 1.3256360208283396e-05 5.945075068502951e-06 0.003174228871160548 1.628897043370256e-05 0.0 0.0 7.191081270176641e-06 0.0002614783434332753 3.842327962620944e-06 0.00012272174740480442 1.0513798641947135e-05 2.919939128063011e-05 5.332639363772276e-06 3.5815618795298107e-06 7.912614082396368e-06 0.0 0.0 0.0 0.0 0.0 0.0 0.0 0.0 0.002510101233675653 0.000591682782011187 0.0003955686027261282 0.008957194558586021 0.0001698726016672581 0.00251525515400058 0.0006492993124266584 0.005441739576457836 0.00038855481352480887 0.00012513003319456736 0.0008652699951374467 0.003746991463026514 0.0 0.00013068684933454765 4.099614485927091e-05 0.0010585632078380007 1.2876774255338277e-05 5.90389203429152e-05 2.7856420648015043e-06 0.00015545316945791957 7.50278588481019e-06 0.01546889216135851 0.005547567438112668
