0.0 0.03991468835483649 0.00975470454438565 0.031134421832117537 0.008577309325317976 0.001126062112611687 0.0094155366978887 0.004292176423430909 0.0067091061532059725 0.02579999646431872 0.003404873549958981 0.0015022013422197904 0.014232386010241621 0.0027796250458579706 3.368508520503852e-05 3.0451177430232904e-06 0.0 3.2177291910926817e-06 0.0 0.0 0.0 0.0 0.0 0.0 0.0 0.0 0.0 0.0 0.0 0.0 0.009780831388111082 0.00014716501844635368 4.287856762004821e-05 0.0 0.0 0.0 4.286869999830453e-06 0.0 0.0 0.0 0.0 4.111164790590247e-06 0.0 0.0 0.0 0.0 0.0008099219235421226 6.431698979482982e-05 2.6576116681069482e-06 3.0908148267541133e-06 0.0 0.0 0.0 0.0 5.7316250738615436e-05 7.227088436477648e-05 0.005859595366084392 0.006927878240992402 0.0009120076354075657 0.0004314660593716939 0.0 3.949726626944515e-06 0.0 0.00035139445458396334 7.977231830611135e-05 5.6971781135024374e-05 7.835063503094122e-06 4.405638147995067e-05 6.780497894992453e-06 0.0 0.0 0.00029725871843086233 1.896760840935863e-05 0.006084732853381903 0.000663515216707636 0.0003461338206469575 4.5594209900003836e-05 4.78712551980152e-06 4.3610763092137166e-06 4.226990457732006e-05 2.7878535740621785e-06 0.0 0.0002081354959962815 4.016768997651074e-06 7.811826015394832e-05 8.543275454784667e-05 1.684808828319998e-05 0.0 2.156525639216772e-05 8.409694950929582e-06 0.0 0.0 0.0 0.0 0.0 0.0007739775605749709 0.00014373609692918795 2.1522976987623376e-05 0.0 0.02347256002587367 0.0 5.41713722411393e-05 4.033081677650128e-05 3.194082287894636e-05 4.822292936879348e-06 0.00011812367408703873 8.539689311588402e-06 2.662134087557936e-05 0.00022090721103674323 3.0275838987656076e-05 0.0 0.0002729128041512709 0.0003217861804327166 0.0002664716002760579 4.494388442885575e-06 0.0 0.0 0.0 0.0 0.0 0.0 0.0 0.0 0.0 0.0 0.0 0.0 0.0 0.0 7.470393981302379e-06 0.0 3.492076427656922e-06 4.104075004495607e-06 0.0 0.0 0.0 0.0 0.0 0.0 0.0 0.0 0.0 0.0 0.0 0.0 0.0 0.0 0.0 0.0 0.0 0.0 0.0 0.0 0.0 0.0 0.0 0.0 0.0 0.0 0.0 0.0 0.0 0.0 0.0 0.0 0.0 0.0 0.0 0.0 0.0 0.0 0.0 0.0 0.0 0.0 0.0 7.510892613808612e-06 0.0 0.0 0.0 0.0 0.0 0.0 0.0 0.0 0.0 0.0 0.0 0.0 0.0 0.0 0.0 0.0 0.0 0.0 0.0 0.0 7.0297604675160056e-06 0.0 0.0 0.0011407752872255252 2.7419773474616962e-05 0.0021003977253443006 0.000166107121919702 0.011212916702905798 0.0004582769799818534 2.669391605017095e-05 1.1746837328845341e-05 0.0001479732496208684 0.0 0.0 0.0 8.09454363538485e-05 0.0 0.0 0.0 0.0 0.0 0.003782558257469817 4.261160455976968e-05
0.03991468835483649 0.0 0.05815234816884796 0.01082667086777265 0.06828299411285534 0.001138102739806503 0.056771317280896974 0.010853507261126832 0.028439881831357625 0.028321070832991194 0.022701641777044805 0.0001544561989576321 0.015281452234627376 0.0034315683134355152 0.0001095059287481839 1.2645041561007994e-05 4.203046500178269e-06 0.0 0.0 0.0 0.0 0.0 2.5428891871336716e-06 0.0 0.0 2.9993704841920322e-06 0.0 0.0 1.636274675679983e-05 0.0 0.04273065287237429 0.00031205348131023203 0.0002646534753178191 0.0 0.0 0.0 4.2257692268692646e-05 1.4171088157034378e-05 5.621615144887994e-06 0.0 0.0 8.193679154802925e-06 0.0 1.716468939273091e-05 0.0 0.0 0.0027505049392457497 0.00011462330589101384 8.894921918250855e-06 5.824489282960532e-06 9.651234740607895e-06 4.021955682148568e-06 0.0 0.0 0.00016477159750649166 0.0001301284329674664 0.004553549308149283 0.0066234797227704345 0.0008011492099634141 0.0008335304558871414 3.0291081117503334e-06 1.738453936578042e-05 0.0 0.0010699577757080922 0.00012429002342434012 0.00015542690620992778 3.696307025148295e-05 5.188727334526945e-05 5.3499427296072825e-06 3.5629014681035833e-06 1.5088784083634903e-05 1.378343000272069e-05 0.0 0.009353847135220802 0.0020293356959095277 0.0009065169897075893 0.0001531455300903047 1.4787475723079081e-05 9.060560359441667e-06 5.543601855262422e-05 6.595314920098703e-06 1.5409075505198937e-05 0.000454601110385182 3.8114347255610366e-06 0.00010581535962319402 0.00019390318289401305 6.581412287822192e-05 1.9425082995794686e-05 1.145373637144436e-05 7.522376717438518e-06 4.740389855894374e-06 0.0 0.0 0.0 3.332900805818994e-06 0.000301665546217168 6.38578769691631e-06 0.0 0.0 0.049666193201985294 0.0 0.0 4.450774380669576e-05 0.00010375953989523356 4.7059915831437926e-05 0.0006656932456631934 1.1111779519122148e-05 3.141173532537579e-05 0.0005406851204196447 0.00012623196010519788 3.541678421881393e-05 0.000655638175072614 0.0004607557038740617 0.0007948360256368315 0.00014964789821336343 0.0 0.0 0.0 0.0 0.0 0.0 0.0 0.0 0.0 0.0 0.0 0.0 3.6088965830504594e-05 0.0 0.0 0.0 3.1066892516723514e-06 0.0 0.0 0.0 4.127806050893059e-06 0.0 0.0 0.0 0.0 0.0 3.499104049910312e-06 0.0 2.7360595495869774e-06 0.0 0.0 0.0 0.0 4.160991773517302e-06 0.0 0.0 0.0 0.0 0.0 0.0 0.0 0.0 0.0 8.807960032670388e-06 0.0 0.0 0.0 0.0 0.0 0.0 1.7327120179713185e-05 3.172759646318213e-06 0.0 0.0 0.0 0.0 0.0 0.0 5.9514436097684745e-06 0.0 0.0 0.0001158357809767154 0.0 0.0 0.0 0.0 3.9768190498493644e-05 1.4704841994945692e-05 0.0 0.0 0.0 0.0 0.0 0.0 0.0 0.0 0.0 0.0 0.0 0.0 0.0 0.0 0.0001978355123039424 1.8687047452833945e-05 0.0 0.00484703674303562 0.00010019501173261264 0.006297524340052855 0.0006582502503949222 0.014621713265469 0.0014067671014244673 5.068537810132131e-05 0.00034941640981390164 0.00023853406261356794 0.0 0.0 0.0 0.000452570008554599 0.0 8.064603930939742e-06 0.0 5.7813235108454376e-05 0.0 0.004551972835799329 0.00013792072508361542
0.00975470454438565 0.05815234816884796 0.0 0.002783806451126886 0.013233647856188297 0.00023981015861655635 0.009502687355961867 0.0489888855681596 0.008055518259718642 0.0017882365365205668 0.01800702572727211 0.0004041483973327839 0.004431464458631849 0.013413554659514933 0.00021339265830476727 9.035524716030082e-05 4.327080036703678e-05 6.205294095790049e-06 3.2238816352667486e-06 0.0 3.7454046930092466e-05 0.0 7.616661037289509e-05 4.306611814923872e-05 7.36591898754556e-06 9.000438311758226e-05 2.6207157854231438e-05 4.5725363838315706e-06 7.137002862277075e-06 6.357211867148242e-06 0.08620822891825305 0.012598364822649996 0.0028778929230083823 1.6779632351146126e-05 1.1074824003553486e-05 3.0104065641374994e-06 0.0004515709652473514 6.345944648720183e-05 2.13044202444856e-05 1.244760853515464e-05 0.0001870006267407523 5.359141646030071e-05 3.608642110926025e-05 3.077890564533401e-05 0.0 4.304144887286581e-06 0.003114975919053116 5.1300226446253926e-05 9.940451567999303e-06 2.32877254075997e-05 5.395133999482671e-05 0.0 0.0 1.9478729946766597e-05 0.00014076786253696864 0.00011537333261693812 0.003527494456484643 0.0123416162581273 0.0005597146535614788 0.0008822332457076463 7.046072259460187e-06 0.00010064279941647211 0.0 0.005196726234385875 0.00011513062766362536 0.00012212160766280456 3.2774373386002525e-05 6.07356092368596e-05 0.00010797152222557789 0.00029668990618460906 0.0003373377365721307 0.00012967062247427386 0.0 0.009858883021948033 0.004484059934204609 0.001544494327343312 0.00045541342061775135 7.683847672510514e-05 0.0001198865891177256 0.005936403424043849 2.9666908862424282e-05 0.0003042385424626879 0.0004244144354371826 6.9859897968228005e-06 9.600004808589302e-05 0.00014743617401369712 5.979166218614008e-05 6.574098623093562e-06 2.8954363824582102e-05 0.0 2.7565253736186208e-05 5.929620549269982e-06 0.00041992724978537474 0.00017321416558472948 6.295873073279176e-05 0.0004316795917223626 0.00015332807043590415 0.0 2.391622226790632e-05 0.017559493611396807 0.0 5.377714336880543e-05 1.7989746764976184e-05 7.886060498319001e-06 6.010615949367208e-05 0.00032497760321827443 0.0 2.1499235728594863e-05 0.0001272721523231338 0.0001410770552707185 2.6269345894977474e-05 0.0005176021951191276 0.0003754388042991678 0.0007561153102943037 0.0001837799256740204 0.0 5.292439844368082e-06 0.0 0.0 0.0 0.0 0.0 0.0 0.0 0.0 0.0 0.0 3.936634921977119e-06 4.173987124530761e-06 5.462965473549791e-06 0.0 5.429458053047075e-06 1.3026507974719394e-05 3.152030447412013e-06 0.0 0.0 0.0 3.953637620614058e-06 0.0 0.00011638325193223983 0.0 1.4952245646602135e-05 1.6738331361060323e-05 2.763397874886719e-06 0.0 0.0 0.0 0.0 3.82852756176779e-06 0.0 0.0 0.0 0.0 0.0 0.0 0.0 5.186826586275218e-06 3.289489797350168e-06 0.0 0.0 0.0 2.9961541714484663e-06 0.0 0.0 4.5350173086392276e-05 1.1817619520644282e-05 4.239426467382437e-05 0.0 1.2607517024278167e-05 0.0 0.0 0.0 0.0 0.0 0.0 3.037511331005112e-06 0.00029038854431056395 3.4626647828418666e-05 0.0 0.0 0.0 0.00012075106324962563 6.231425820931116e-05 9.92194665793717e-05 0.0 0.0 0.0 0.0 0.0 0.0 0.0 0.0 0.0 0.0 0.0 0.0 0.0 0.00024298077893868065 4.640024202863432e-05 0.00018815735906597692 0.003508753740323493 0.00010957657417953208 0.006384620169396023 0.0008026182714101933 0.00447577793466228 0.0013186704773078231 5.346289449462467e-05 0.00033623171240228277 0.0001394457697317291 0.0 1.4152309792674858e-05 3.8188441226051946e-05 0.00011426988558233756 0.0 0.0 0.0 0.0001414676930711516 2.5908101378824924e-05 0.002161497935722727 0.0001657824657084273
0.031134421832117537 0.01082667086777265 0.002783806451126886 0.0 0.01003605178070042 0.017201960366260465 0.04146412651941319 0.0001190199192701471 0.0018445180545806042 0.06241360896769938 0.0013136219632702071 0.006541867871611241 0.08271200074214177 0.0023232539255496915 9.236108160955277e-06 0.0 2.70171580340572e-06 0.0 0.0 0.0 0.0 0.0 0.0 0.0 0.0 0.0 0.0 0.0 0.0 0.0 0.0025507151600630378 1.6052460605485097e-05 5.395879588154356e-06 0.0 0.0 0.0 0.0 0.0 0.0 0.0 0.0 0.0 0.0 3.3643985581395643e-06 0.0 0.0 0.0007304186740964122 1.631949848438685e-05 0.0 3.954380478517003e-06 3.3313009749616625e-06 0.0 0.0 0.0 4.448104021861795e-05 3.839175606135622e-05 0.0021647552139936505 0.001567509544231966 0.00034890281393359804 0.00026864828316243867 0.0 2.5275549215931573e-06 0.0 0.0002509051554526368 5.000573949284521e-05 3.684484239590428e-05 8.968086095238294e-06 2.8081760216342518e-05 0.0 0.0 0.0 4.3206469449877354e-05 1.1075770226022808e-05 0.0030414905705817316 0.0004890319143619461 0.00031496035754898595 2.088899505638126e-05 7.884629397887927e-06 6.4329438548067725e-06 5.903254644058377e-06 0.0 0.0 0.00018198483708125308 0.0 2.084596702157728e-05 6.224118350385237e-05 2.007857438257218e-05 0.0 5.967096020967963e-06 6.893218034236299e-06 3.073351227637042e-06 3.2259512471529585e-06 0.0 0.0 5.174894236947146e-06 0.0003191477480857452 2.3095638694107627e-05 0.0 0.0 0.03034760713816175 0.0 1.740616683219269e-05 1.7099276380706275e-05 7.77306892510261e-05 0.0 0.0002509570218535844 0.0 8.663389139293153e-06 0.0010308238593108945 6.549573122804927e-05 0.0 0.00019705309399846582 0.0022363354669626806 0.0004419194774111042 1.1786860185952285e-05 0.0 0.0 0.0 0.0 0.0 0.0 0.0 0.0 0.0 0.0 0.0 0.0 0.0 0.0 0.0 0.0 0.0 0.0 0.0 0.0 0.0 0.0 0.0 0.0 0.0 0.0 5.16834483224395e-06 0.0 3.212851327677972e-06 0.0 0.0 0.0 0.0 0.0 0.0 0.0 0.0 0.0 0.0 0.0 0.0 0.0 0.0 0.0 0.0 0.0 0.0 0.0 0.0 0.0 0.0 0.0 0.0 0.0 0.0 0.0 0.0 0.0 0.0 0.0 0.0 3.870417110222007e-06 3.3234188219047957e-06 0.0 0.0 0.0 6.4963762824464155e-06 5.304859291795094e-06 0.0 0.0 0.0 0.0 0.0 0.0 0.0 0.0 0.0 0.0 0.0 0.0 0.0 0.0 4.8927292313044776e-05 0.0 2.2502537925009153e-06 0.0007639626049771916 1.2398336586524467e-05 0.0017613851465837123 0.0001488129485758517 0.01063771964581601 0.00038555973525941525 1.4967061066081924e-05 6.735556235141058e-05 0.00025504623148551347 0.0 0.0 0.0 0.00012052846563479283 9.375673977056955e-06 0.0 1.6695513351234282e-05 0.0 0.0 0.008751207858181375 6.939979274123843e-05
0.008577309325317976 0.06828299411285534 0.013233647856188297 0.01003605178070042 0.0 0.00016392860120375747 0.02630966843752469 0.000343887762913741 0.007149371982524253 0.020034980265624645 0.002160712325081988 0.00020692320873418602 0.008842498068385253 0.003325521236317951 0.00020002954489640247 3.632208600755136e-05 0.0 3.181355573480871e-06 0.0 0.0 0.0 0.0 0.0 0.0 1.3654414722561567e-05 3.844118253153465e-06 0.0 7.598555396699178e-06 0.0 0.0 0.003496219036028484 9.912997351538372e-05 0.00011963909910273256 0.0 0.0 0.0 0.0 0.0 0.0 0.0 0.0 3.9645495948907416e-06 3.5726014694895974e-06 1.2938521273813164e-05 0.0 0.0 0.0036748129308133985 7.512446598833017e-05 0.0 3.17809374792496e-06 7.2789422270459345e-06 0.0 0.0 5.165178916614537e-06 0.00010736583061446152 0.00011510107253134388 0.0012874714972851006 0.0015936310392028854 0.0003534051495795601 0.0006031710769345998 0.0 1.0048642849394318e-05 3.2380485526740626e-06 0.0010869744252430904 0.0001253015942996956 8.402798205763393e-05 2.238690540980271e-05 2.942476782395715e-05 5.589319919289663e-06 1.2113923913993144e-05 2.762576202113616e-05 4.1681753382067434e-05 4.079272519891455e-06 0.0047978875897492605 0.002188014189956754 0.001116525648973057 0.00014966627872913893 3.948423362012692e-05 1.902958709116788e-05 3.984361655124775e-05 3.0584970667633325e-05 1.0623856417200342e-05 0.00039523674490471537 9.869278854069072e-06 9.243750650202752e-05 0.00011041397706863602 3.808891602815472e-05 4.442939871756752e-06 1.243668679227433e-05 0.0 3.505581744182354e-06 2.803043530685504e-06 1.0295360034632376e-05 2.473156898210708e-06 9.987036706605133e-06 0.000246270809339436 0.0 4.577107646300682e-06 0.0 0.002638550339270383 0.0 8.592684341476568e-05 4.4251474259194654e-05 0.0001377171029813244 0.00011028198591659073 0.0013512028106716005 1.5063657459001374e-05 0.00015193224798473547 0.0005473123857780362 0.0004186091745403895 6.961631339656154e-05 0.0018870346732349703 0.0014048362352356812 0.0026838318082133836 0.0005548437280754792 3.926241571747441e-06 1.1716288241145002e-05 0.0 0.0 0.0 0.0 0.0 0.0 0.0 0.0 0.0 0.0 0.0 0.0 0.0 0.0 0.0 0.0 0.0 0.0 7.495129906193648e-05 0.0 0.0 0.0 8.749871075616422e-05 0.0 2.349305701552511e-05 4.275448370861001e-05 0.0 0.0 0.0 0.0 0.0 0.0 0.0 0.0 1.2426622022348403e-05 9.914122073037573e-06 0.0 0.0 0.0 0.0 0.0 0.0 0.0 0.0 0.0 0.0 0.0 0.0 3.26800020145724e-05 1.9910120585413868e-05 0.0 0.0 0.0 0.0 0.0 0.0 0.0 0.0 0.0 0.00039851344426971463 0.0 0.0 0.0 0.0 0.0001164834675928024 6.277117309916225e-05 4.513876429694344e-05 0.0 0.0 6.280953262948829e-06 0.0 0.0 0.0 0.0 0.0 0.0 0.0 0.0 0.0 0.0 0.0005586640566706135 3.803368212312118e-05 0.0001168555719100077 0.008795229286265475 9.149693339379187e-05 0.008882687580756223 0.0013031999279800113 0.006370441899539216 0.0020525450848865342 4.213520796609806e-05 0.0006417074274227876 0.0006156647564245877 0.0 4.6988128139506755e-05 3.0079343081709595e-05 0.00027556144024875614 0.0 0.0 1.835332175913448e-05 0.0001913267303389195 0.0 0.003931259530258959 0.00023947278013114226
0.001126062112611687 0.001138102739806503 0.00023981015861655635 0.017201960366260465 0.00016392860120375747 0.0 0.0003298554748474924 0.00013734155034703942 0.00026573361890444455 0.018057111312444807 0.0002494692595252334 0.0026423824270441444 0.007747476975255535 0.001415585352681057 0.0 3.673686091747347e-06 0.0 0.0 0.0 0.0 0.0 1.2541270794767056e-05 0.0 0.0 0.0 0.0 0.0 0.0 0.0 0.0 0.0012973183307742173 1.2947596750608328e-05 0.0006475312673156208 0.0 0.0 0.0 0.00019157536749879735 0.0 0.0 0.0 0.0 0.0 0.0 0.0 0.0 0.0 2.014568047121602e-05 0.0 0.0 0.0 0.0 2.6515915441092562e-05 3.486026642626403e-05 0.0 0.0 8.71675035860903e-06 0.002028450011697007 0.0001883671928901049 0.00012561913896753124 0.0 0.0 0.0 0.0 0.0 0.0 1.143448422980902e-05 1.2584971309125136e-05 0.0 0.0 0.0 0.0002995132508717509 0.008791215515563095 0.0010966453614811007 0.00012242091567975442 0.0 0.0 0.0 0.0 0.0 0.00028516960921222786 0.0 0.0 0.0 0.00011589997535543781 0.0 9.766812551634039e-05 0.0 0.000297728124922599 0.00014557570304679835 0.0004550848765022339 3.704959388198258e-05 1.8173647832657856e-05 0.0 0.0 4.088663700194685e-06 0.004740203502907183 0.002344732314856137 0.0004946132970687767 1.94017788817784e-05 0.0033110811727682906 0.0 0.0 0.0 0.0 5.8189888930784394e-06 4.10484754563275e-05 7.146897791708154e-06 6.4118569917996625e-06 4.838952491112584e-05 3.13754021142608e-05 3.4370643143284023e-06 5.7097511500200836e-05 0.00011528527775782025 9.088706637066694e-05 2.64700118846033e-06 1.2442588804973645e-05 3.4247449950885466e-06 0.0 4.035061151966526e-06 0.0 0.0 0.0 0.0 3.914250166770181e-06 0.0 0.0 0.0 0.0 3.6100796053522043e-06 5.996358539168132e-06 0.0 2.6187680146657848e-05 3.836621293898629e-06 6.856416596188451e-06 0.0 0.0 0.0 0.0 0.0 3.753353272570767e-06 0.0 0.0 3.220448126502126e-05 2.5008864338842634e-05 0.0 0.0 0.0 0.0 0.0 1.483884503531031e-05 0.0 0.0 0.0 0.0 0.0 0.0 5.0744817612229196e-05 0.0 3.558292019274845e-06 0.0 0.0 0.0 0.0 0.0 1.7369418011396187e-05 1.1161305673460294e-05 0.0 4.787866601594715e-06 0.0 0.0 0.0 0.0 0.0 0.0 0.0 0.0 1.5254599025732124e-05 7.928982010940724e-05 0.0 0.0 0.0 0.0 0.0 1.8307502789872063e-05 0.0 0.0 0.0 3.7085511261402376e-06 0.0 0.0 0.0 4.4631737580564156e-06 0.0 0.0 0.0 0.0 0.0 1.8016727204161297e-05 2.39404035581254e-05 1.9562704193733812e-05 0.00020713480601328206 1.453266902397084e-05 3.707393146985967e-05 0.0 0.004108624979845338 9.724047247864831e-06 0.0 0.0 2.2132789617387224e-05 0.0 1.1661158682559262e-05 3.0075945383757816e-06 1.5866480379327307e-05 0.0 0.0 0.0 0.0 0.0 0.0012795672911615206 2.7348450457399137e-05
0.0094155366978887 0.056771317280896974 0.009502687355961867 0.04146412651941319 0.02630966843752469 0.0003298554748474924 0.0 0.00018072384400551024 0.009280628030707264 0.025489838856727006 0.007100983907362709 0.004044995560987144 0.00883759561073481 0.00023199868007483274 4.0830071458628206e-05 6.529616842459191e-06 8.436250455857e-06 0.0 0.0 2.513663745224534e-06 0.0 0.0 0.0 2.9394338845678656e-06 0.0 0.0 0.0 0.0 0.0 0.0 0.0013537444181735358 5.171697172792997e-05 1.371898985481163e-05 0.0 0.0 0.0 0.0 5.344490072674723e-06 4.179801219797448e-06 0.0 2.9659960499068483e-06 3.3129784047667405e-06 4.216973864783051e-06 3.4425689224711502e-06 0.0 0.0 0.001636293674725979 5.618833801422205e-05 6.141913175333157e-06 1.2591996045200183e-05 1.2780547634248561e-05 2.5019554077386848e-06 3.3290422073870747e-06 0.0 7.759300833139664e-05 7.295443640907302e-05 0.001413008702755767 0.001573986676587285 0.00027966351934992015 0.00043124006183877233 3.2261313002788695e-06 0.0 0.0 0.0005548673858573496 6.784531662248466e-05 9.081726836568321e-05 2.023279488022127e-05 2.589741896673343e-05 3.2744068513392815e-06 6.314481108713673e-06 1.6088192159422274e-05 3.1257611625708084e-05 5.997438191882427e-06 0.004135057562659112 0.0010141893413427093 0.0007073002152781953 0.00011727595444243808 1.237043101617331e-05 1.2940818893788531e-05 2.845191836128926e-05 5.7642718359821445e-06 5.729625041074789e-06 0.00025613097408632286 0.0 8.481331962149838e-05 0.00010027236153423973 2.8196904079353985e-05 0.0 9.075483233561334e-06 8.075851589959179e-06 0.0 0.0 9.55246838560136e-06 8.372484341598075e-06 0.0 0.0001227218732586346 7.579385844167214e-06 0.0 0.0 0.003670395129555017 0.0 8.236969099190917e-05 3.500599889541777e-05 0.0001683405541767605 3.1810868258743205e-05 0.0005435529979505761 1.3300895617780446e-05 8.785400241847585e-05 0.0003333876633817714 0.00022286440383431253 9.928623787132762e-06 0.00109652932157072 0.0007645435937878634 0.0012251533578319582 0.00013604671838431177 0.0 0.0 0.0 0.0 0.0 0.0 0.0 0.0 0.0 0.0 0.0 0.0 0.0 0.0 0.0 0.0 0.0 3.25406573241346e-06 0.0 0.0 0.0 0.0 0.0 0.0 1.0104822754883476e-05 0.0 2.941491951740701e-06 2.2354701653856507e-05 0.0 0.0 0.0 0.0 0.0 0.0 0.0 0.0 0.0 0.0 0.0 0.0 0.0 3.0880833919723004e-06 0.0 0.0 0.0 0.0 0.0 0.0 2.6028627298406388e-05 0.0 0.0 1.218449386067696e-05 0.0 0.0 3.7990556846308358e-06 0.0 0.0 0.0 0.0 0.0 0.0 0.00013684246350728388 0.0 0.0 0.0 0.0 4.398721443795566e-05 3.0676360172806865e-05 5.1884828086171125e-06 0.0 0.0 0.0 0.0 0.0 0.0 0.0 0.0 0.0 0.0 0.0 0.0 0.0 0.00023018448009712777 3.966284854116513e-06 0.0 0.002829183847313458 3.4581034443859806e-05 0.004075826546610622 0.0004562992573536971 0.005967179195965541 0.0007831079473571524 2.0078038885482548e-05 0.00022496395249438708 0.00017535666102258695 0.0 5.609786253952862e-06 2.538970023359278e-05 0.0003532879165674552 0.0 0.0 3.913636076824111e-06 0.0002503779849875277 0.0 0.0038326331668908364 0.00020308566586134085
0.004292176423430909 0.010853507261126832 0.0489888855681596 0.0001190199192701471 0.000343887762913741 0.00013734155034703942 0.00018072384400551024 0.0 0.00202099980120489 0.00036008093892236356 0.007158374972062256 0.000601445526146738 0.003704587056094978 0.011306610079294996 0.002651580016712951 0.0008605542392545937 0.00021639986320906663 0.00016298505022551218 2.5513043507265215e-05 0.00016323618836993175 0.0005663179725201658 8.1823404701588e-06 0.0002015186015647338 0.00012667569248647062 2.9445159117983407e-05 0.0005047455422921594 7.938923874071946e-05 6.98124334332822e-05 1.2676259576042934e-05 3.325977618818903e-05 0.0351991408418912 0.10603474999232353 0.0013495004632035265 4.800979198053047e-05 0.00010055738785268971 1.34223992857793e-05 0.001152694813929255 0.00025956763522373797 0.00019749432561721054 5.488004824590479e-05 0.0009497962829874234 0.0004497010591414331 0.0012317460552103126 0.0010305134399513488 0.00013189083825465502 0.0005243659496275066 0.011514583800998861 0.000175846301622637 0.00010344762061100368 0.0008033988165859248 0.00022835848586262778 2.1999331620702145e-05 9.48310397341037e-06 0.00011247179780624362 0.0001645644706956364 0.00018423968922189678 0.0021283297337551252 0.006073757578553729 0.0005084341510360125 0.0016551313866827288 0.0012186362390297822 0.001242838083278946 8.679141523270196e-05 0.014985051530617254 0.00020417464204175312 0.00022805801316170936 0.00011110467728863528 0.00030540189212881376 0.0014798600029056243 0.002504647731029705 0.0008450763388305403 0.0003830414376438528 3.4430380374588743e-06 0.00953808664705374 0.00941534349910849 0.00660785295504352 0.013231560480540423 0.007414498949164221 0.031546577704145116 0.028637194072645415 0.004421557892351704 0.030137140649309904 0.0006361204559646148 3.201596342205814e-06 0.00019451216985475684 0.00023944904597655273 0.0003485440062400225 3.674641860806578e-06 5.2771738702474536e-05 9.37456457450435e-06 0.00024326405201479363 4.451920393284406e-05 0.0021793341149324006 0.0007840419821613708 0.0003699912161618197 0.0007647397293655445 0.00039130699063190985 0.0 0.00011546015796408158 0.007950294332431445 0.0 9.479655434316986e-06 0.0 7.095368984821373e-05 4.6683426743287226e-05 0.000681865628310945 1.786025282323943e-05 9.7510176964326e-05 0.00014273199037707064 0.00021957571617252825 1.5331447742395978e-05 0.0008550929815105685 0.0004640763268772062 0.001927011090178268 0.000591880517094219 1.9172903163006726e-05 1.843211664805692e-05 0.0 4.869701213548827e-05 0.0 0.0 8.55652860812834e-06 0.0 2.8549851942836756e-06 8.430684571927874e-06 0.0 5.891169549291805e-06 3.060130244081217e-05 2.977426648230538e-06 6.6272158493325266e-06 0.0 3.0592930525491744e-05 2.2161058402182257e-05 2.309347383833607e-05 1.8307852461479098e-05 3.067185107417899e-05 0.0 2.6625437028690343e-05 0.0 0.0003143979477343541 6.363784627694654e-05 0.0001057490434593615 0.0001558535606299129 4.4097004440139406e-05 5.388260965381647e-06 0.0 0.0 0.0 0.0 4.1992834564509026e-05 0.0 1.3282688272705555e-05 1.503561490618575e-05 0.0 8.262137529007688e-06 0.0 4.2299703480664715e-05 8.16213633369745e-06 1.4915741262909978e-05 0.0 0.0 3.859589501158449e-06 3.774396176861562e-06 0.0 0.00016056233861843526 0.00016122084018880384 0.00014553391629069592 5.196927766451016e-06 7.941833008634252e-06 5.573851113435588e-06 2.243943274559095e-06 0.0 0.0 0.0 2.879125411964788e-06 2.486377437739096e-05 0.0007242057120908041 8.251481558750098e-05 0.0 0.0 3.5434017811718353e-06 0.0005270209044574411 0.00034525815746766 0.0003633313052401816 1.3538342842205714e-05 4.6675389846668405e-05 3.01247795213346e-06 3.084476779111167e-06 0.0 0.0 0.0 2.4653291385149333e-06 0.0 4.352783208763436e-06 0.0 3.5321854260867414e-06 0.0 0.00044086670811600094 0.0003991909249048445 0.00033515477336167396 0.01911699292470494 0.00039360422274931247 0.021943801253645506 0.004472410739397326 0.006061362963805186 0.004747953113773956 0.00018179929422212123 0.0017988590628535783 0.0005089655490863541 0.0 0.00013719713397521046 7.209357799259663e-05 0.00018750643571188423 1.5876863294912206e-05 1.9352990923055105e-05 0.00010760742816334515 0.0003911087758957527 1.6247349354121545e-05 0.0024725115811470412 0.00030479962019500724
0.0067091061532059725 0.028439881831357625 0.008055518259718642 0.0018445180545806042 0.007149371982524253 0.00026573361890444455 0.009280628030707264 0.00202099980120489 0.0 0.016708292085460475 0.017653996727987765 0.0011295365362845387 0.018477945393471428 0.0025545641996942946 0.000347817313377953 7.530525730985327e-06 1.1661567631829206e-05 0.0 0.0 0.0 0.0 0.0 0.0 0.0 0.0 4.277156899635033e-06 0.0 0.0 3.3289554000230425e-06 2.7231743173780214e-06 0.003974815143589261 0.00023046313040358887 0.0001789180825472413 0.0 0.0 0.0 9.20062006726208e-05 6.615594763238147e-06 0.0 4.622928169659132e-06 9.965785775459865e-06 3.307333927981177e-06 0.0 1.7439176941965403e-05 0.0 2.6361940046588973e-06 0.004363110510577828 7.000320671361412e-05 5.812772952980807e-06 2.326518524278964e-05 0.0 2.2631025256545083e-05 0.0 1.3707802361509974e-05 9.538880879597246e-05 0.0001295524654410715 0.0013830599656825117 0.0017611840323483881 0.0004002126340366666 0.0007484671585869313 0.0 2.4349706273907705e-05 3.6410474109261113e-06 0.0010077328056441067 0.00012510673352478772 0.0001146271567189656 3.0377435795563008e-05 6.523188235420364e-05 2.2306796199665256e-05 3.4305713011097685e-06 3.2076912404239803e-05 7.036780496900214e-05 4.7415438832044495e-06 0.005477497566448161 0.0024145665569190256 0.0016336357209347314 0.00032382190969523983 3.781858368768041e-05 1.0533939751037e-05 4.766689556615049e-05 1.5249905433703978e-05 9.367144876023643e-06 0.00037944993259426653 3.5971310992334043e-06 0.00010948267414322688 0.00011260022030977368 2.1241493786110994e-05 5.329493490000428e-06 1.8682091440590233e-05 0.0 3.367736312387287e-06 0.0 1.2528017463812408e-05 9.19582732390714e-06 8.130262268123595e-06 0.0008385498807992715 1.3149450735643198e-05 0.0 0.0 0.0033128630870669874 0.0 0.00014490031644506378 0.00013298415546931006 0.0002758344487425963 0.0003160659643330425 0.0027730487721664746 8.731823536016289e-06 0.00035524259861187906 0.0010997303722032053 0.0012552351142027904 7.153259461610774e-05 0.0048616995058823964 0.0037087239165313635 0.00694765841628219 0.001075001909637051 3.9388754844267675e-06 3.097908520290203e-05 0.0 0.0 0.0 0.0 0.0 0.0 0.0 0.0 0.0 0.0 0.0 0.0 0.0 3.6028510606833414e-05 0.0 0.0 0.0 0.0 7.356465954220285e-05 0.0 0.0 0.0 0.0005611188332750624 0.0 0.00010047497303008301 9.073713762021504e-05 7.670177022368728e-06 0.0 0.0 0.0 0.0 0.0 0.0 0.0 0.0 7.769541260319863e-06 0.0 0.0 0.0 3.116711705783483e-05 0.0 0.0 0.0 0.0 2.1434188373165013e-05 0.0 0.0 0.0 7.112477273182951e-05 5.822044290278655e-05 0.0 0.0 0.0 0.0 0.0 0.0 0.0 0.0 0.0 0.001324080960736383 2.339841123513862e-05 0.0 0.0 0.0 0.000378116575923006 0.00012042199051944377 0.00013320630883469162 0.0 0.0 0.0 0.0 0.0 0.0 1.365371671142981e-05 0.0 0.0 0.0 0.0 0.0 0.0 0.0015922398548403151 8.586928635817909e-05 0.00014001146734752195 0.01508121943417333 0.00017163060522479168 0.011614398206398912 0.0018773903164793692 0.009044466529909896 0.003016954390767185 8.993433246098661e-05 0.0013062484702846466 0.0008614484072773494 0.0 3.268553770463578e-05 6.899833865444148e-05 0.0006099873674373024 2.7953152331357304e-05 6.846510921293388e-05 2.5085342070582456e-05 0.0002410455628351032 9.823542251896314e-06 0.007114531888264474 0.0007677119826501004
0.02579999646431872 0.028321070832991194 0.0017882365365205668 0.06241360896769938 0.020034980265624645 0.018057111312444807 0.025489838856727006 0.00036008093892236356 0.016708292085460475 0.0 0.004513539356477793 0.014437622837624318 0.14681837793090086 0.01077105465999971 6.123339574226443e-05 2.7020268446256923e-06 6.1980129338698435e-06 0.0 0.0 0.0 0.0 0.0 0.0 0.0 0.0 0.0 0.0 0.0 0.0 0.0 0.0012899469313780245 4.3012725181961086e-05 0.0004173143840942274 0.0 0.0 0.0 0.0006090039470134297 0.0 0.0 0.0 0.0 0.0 0.0 3.7041752357436256e-06 0.0 0.0 0.0006540797819658202 1.0920166138878453e-05 3.8141002222683796e-06 3.142973841782944e-06 7.013201574302854e-06 0.0 1.324783744719067e-05 0.0 2.344660863737003e-05 4.8003964786454355e-05 0.002245271178573423 0.0009788140350589147 0.00023268068690364678 0.00016374328102438553 2.638130408313856e-06 4.00419280853862e-06 0.0 0.0001172937808119716 4.2332428524822574e-05 4.165408847458741e-05 2.510830361743071e-05 1.5042913385176019e-05 2.7708608660425835e-06 0.0 0.0015773132868563968 0.0013559859743565907 0.00026646194223526476 0.002255987112516311 0.00045737632915850986 0.00023372293985292016 3.370136591506208e-05 9.450379595293693e-06 0.0 0.0001763764952485544 6.206430139988907e-06 0.0 0.00012801241799389941 1.9585226375432657e-05 2.7916218129105644e-05 8.757408929798251e-05 1.724756134158452e-05 7.59720266711082e-05 5.104381858420603e-05 0.00013819334838365355 5.5450370629472965e-06 3.569156260601999e-06 3.128915711097819e-06 0.0 5.3947768460133125e-06 0.0037106577672505713 0.000427008857782672 0.0001128023780095758 7.267777157129873e-06 0.017791485002983266 0.0 0.00019542798266099492 4.903086371096626e-05 0.000467009995953553 0.00011350054654906017 0.0020371506660610064 0.000134325771938963 0.00013155173516667365 0.000921696053227804 0.0009613490845443396 4.217099191527285e-05 0.0023487237960471944 0.0028288769726249456 0.0034592609137967523 0.00030927324613692886 2.5304570849246893e-06 4.792234055470014e-06 0.0 0.0 0.0 0.0 0.0 0.0 4.775456922771326e-06 0.0 0.0 0.0 0.0 0.0 3.150407749141652e-06 0.0 3.301917237271056e-06 3.6437706312003267e-06 3.473598225845153e-06 0.0 1.2302330750096897e-05 0.0 0.0 0.0 1.3168496848547535e-05 2.7730581358170764e-06 1.029583114774357e-05 1.1508650576722908e-05 0.0 0.0 0.0 0.0 0.0 0.0 7.111146034522569e-06 0.0 0.0 3.0731127849031015e-06 0.0 0.0 0.0 6.420958222186202e-06 0.0 0.0 0.0 0.0 5.256780888916933e-06 3.4377430102666287e-06 2.4022274669134874e-05 1.4634556669849318e-05 1.3467647013743362e-05 2.050232686123949e-05 0.0 0.0 0.0 0.0 0.0 0.0 0.0 0.0 0.0 0.0003382008411013997 1.4711898034955086e-05 0.0 0.0 0.0 8.017551409053191e-05 6.147445446385262e-05 5.951730007465667e-05 0.0 0.0 0.0 0.0 0.0 0.0 0.0 0.0 0.0 0.0 0.0 0.0 0.0 0.0006782742988742101 2.11835233399801e-05 6.481927629630005e-06 0.0019194622705168576 3.36565206979701e-05 0.0014752529509369932 0.00021753605793322432 0.020832376611633726 0.00037562024434477695 7.318773264299878e-06 9.573079251195464e-05 0.000660610543733027 0.0 4.7609497249372806e-05 3.6117082979929716e-06 0.0006024341061694345 3.335881339993246e-06 0.0 0.0 1.1042632902389255e-05 0.0 0.01975019853058608 0.0008435624428233273
0.003404873549958981 0.022701641777044805 0.01800702572727211 0.0013136219632702071 0.002160712325081988 0.0002494692595252334 0.007100983907362709 0.007158374972062256 0.017653996727987765 0.004513539356477793 0.0 0.006196934743337903 0.0468427717460516 0.0979451104907927 0.0029861708810013515 0.0009235440507979422 0.00010059396594493648 0.0 1.3731821803728085e-05 1.0646676541309756e-05 1.593198108677085e-05 0.0 4.447569723646244e-05 3.730833022391274e-05 9.886627672093547e-06 4.8990824424844124e-05 3.319281707262702e-05 1.7619319095374874e-05 2.6523221246535547e-05 4.0164001884614796e-05 0.007669008006690485 0.009410295068548034 0.01622165380112859 6.299415257759129e-06 1.8551980966756504e-05 7.828507215965645e-06 0.004876229570241416 0.00015876502811237064 0.00018836030780065895 2.189642049158022e-05 0.0002088191108704605 0.00011096319171990756 3.585616135696587e-06 0.0001064724782701085 3.442285854979743e-06 6.969109805168216e-05 0.008775188901128706 5.998690815485e-05 5.1174316471978975e-05 1.7821002573873746e-05 5.363662933211093e-05 2.2740297078709268e-05 0.0 3.731379309347637e-05 9.45798223307865e-05 7.623582625790822e-05 0.0008602931875315906 0.001860068979535016 0.00028131387298117205 0.0008264829824991022 5.643955497351179e-05 0.00043511494253480976 9.715729503891769e-06 0.002651995374408885 5.9944196489595245e-05 0.00013703705520156463 4.148835279138779e-05 5.8948909654469065e-05 6.222498249675385e-05 7.276600515146022e-05 0.00638187540024825 0.0006927705820698145 6.854351202562899e-06 0.0048294972676219735 0.00399544663914214 0.004286697913666842 0.0013154278441718566 0.0005656914522479974 8.962702329162663e-05 0.0028768501128046747 7.759856156054376e-05 0.00015805110592343106 0.0003280788615703586 3.78027110388719e-06 9.992441808199138e-05 0.00011693742259575504 5.4123675479843693e-05 5.790053179072273e-06 3.175368640534132e-05 1.247638328921471e-05 0.00012587051178045153 3.35300261615737e-05 0.00018534458400795733 0.0003719516143934605 0.00019450131316189613 0.004719974872338283 0.001032882423128419 0.0 0.00020513375884584757 0.002709488458852473 0.0 3.960591179090873e-05 0.00010419965234282201 0.00014676907740422077 0.00033931049386346683 0.0038462887887019868 2.0273184059964156e-05 0.0003378747211536774 0.0007331749599838324 0.001047482096114723 0.00014483495693834537 0.004491313133496938 0.003093154825152144 0.00813619565602366 0.002137598240378058 3.4946955901011605e-05 5.6886901960139515e-05 0.0 3.0392294951745377e-05 0.0 0.0 0.0 0.0 4.766055973864473e-06 3.5107779752697556e-06 6.9524253187943656e-06 3.126550598951947e-06 6.51043951944707e-06 1.0399744224778226e-05 2.026363791408524e-05 0.0 8.309978599220502e-06 1.3204521016566028e-05 2.7607549347732023e-05 1.0069572526688552e-05 0.00013572366378000414 7.286745787246366e-06 2.315705501516728e-05 3.3904532001174767e-06 0.0009065801435080119 1.3579747290684455e-05 0.00012682541254402686 0.00015564333739372221 8.185320538104243e-05 0.0 0.0 0.0 0.0 3.924022766642227e-06 4.370246053033861e-05 3.528360795753793e-06 2.317895156220668e-05 1.5595396966442447e-05 0.0 7.725173372723213e-06 0.0 6.663752913444085e-05 8.358301217189292e-06 0.0 0.0 0.0 0.0 8.51923252351511e-06 0.0 0.00019670619778492884 0.00019152334591026043 0.0003332940395305321 3.6642479777439754e-05 0.0 1.2894055922193981e-05 8.334323069522867e-06 0.0 0.0 0.0 0.0 7.251928485803009e-06 0.0024668250283215007 9.958336660161422e-05 0.0 0.0 7.0087797270664594e-06 0.0013736850345633575 0.0006235333542118445 0.0006653771101164309 3.983639244685327e-05 6.583289547022475e-06 1.2090346057061632e-05 0.0 0.0 0.0 2.1791645557289367e-06 0.0 0.0 0.0 0.0 0.0 0.0 0.0021177648728213953 0.0004955479506252293 0.0005685497754185426 0.03659281710730997 0.0003336213872141195 0.019016606657034172 0.005827879420679153 0.006149369590442675 0.005914909868314234 8.736780969147801e-05 0.0019951022008529483 0.0008158192570803021 0.0 0.0002385804528241287 0.00017326477649809744 0.0006621331468962756 4.1270298909322996e-05 8.118596779285468e-06 7.41057660304518e-05 0.0006892250795948358 1.3379095509936628e-05 0.005584083864047435 0.0013795380617117404
0.0015022013422197904 0.0001544561989576321 0.0004041483973327839 0.006541867871611241 0.00020692320873418602 0.0026423824270441444 0.004044995560987144 0.000601445526146738 0.0011295365362845387 0.014437622837624318 0.006196934743337903 0.0 0.039361299237556845 0.0023553071941589255 6.70567134588311e-05 1.1382915327244635e-05 0.0 0.0 0.0 0.0 0.0 0.0 0.0 0.0 0.0 0.0 0.0 3.3898098043605346e-06 0.0 0.0 0.00015045106059266534 3.687979556974352e-06 0.00020614072981896422 3.5631541197155236e-06 0.0 0.0 0.0004646385957131266 0.0 0.0 0.0 9.186321584525036e-06 0.0 0.0 0.0 8.22806463956331e-06 1.6772622267976514e-05 9.91156693934982e-05 0.0 0.0 0.0 0.0 0.0 0.0 0.0 0.0 1.9522993487915433e-05 0.00012306832322459693 3.9635224262195615e-05 8.123471534508114e-06 1.5700219411669113e-05 3.4992603475683125e-06 0.0 0.0 4.1260582256908075e-05 0.0 0.0 0.0 0.0 0.0 0.0 0.00040268347755192794 0.00043085561333679065 1.5782989456225817e-05 0.00010678216254223169 9.922016592258575e-05 4.7623582243717894e-05 3.698085088619038e-05 2.0283184667925363e-05 0.0 0.001942719622005581 1.3291246457536026e-05 0.0 0.0 0.0 2.5509858054428554e-06 1.4986653110720674e-05 0.0 8.272211623509801e-06 3.3823907719209833e-06 2.618034947567836e-05 0.0 0.0 0.0 0.0 0.0 0.004837318250348985 0.00046397363709576185 2.7988454288748696e-05 0.0 0.0011062949046991852 0.0 3.3296993679945816e-05 5.3605256795527765e-06 0.00011844363115594232 0.00014888895874669983 0.0013727604719744498 1.685753807512496e-05 0.0001525879228764369 0.00033025477739934096 0.0008204459328415338 5.566048951921586e-05 0.001839504699301531 0.0011774262210633613 0.003497514675011081 0.0005306622802266574 0.0 0.0 0.0 0.0 0.0 0.0 0.0 0.0 0.0 0.0 0.0 0.0 0.0 0.0 0.0 0.0 2.9701188446640818e-06 4.0026640220712905e-06 0.0 0.0 2.2103932052210058e-05 0.0 0.0 0.0 0.00011825682259659987 4.125165419722215e-06 9.587868473056443e-06 3.2264791957761523e-06 2.941077230114071e-06 0.0 0.0 0.0 0.0 0.0 0.0 0.0 0.0 2.6266782746594477e-06 0.0 0.0 0.0 4.149901300210742e-06 0.0 0.0 1.2686390506057045e-05 0.0 8.827084294403724e-06 0.0 0.0 6.127520914001311e-05 3.8875467563033277e-05 5.90496401648454e-05 0.0 0.0 0.0 0.0 0.0 0.0 0.0 0.0 0.0 0.0005897204668096062 0.0 0.0 0.0 0.0 0.0002163589218812052 6.880701633418306e-05 8.825511305004994e-05 0.0 1.4583595418833157e-05 0.0 0.0 0.0 0.0 0.0 0.0 0.0 0.0 0.0 0.0 0.0 0.00102001969867027 9.085395457861104e-05 5.176007435934344e-05 0.0011452645806755788 2.7391928736024747e-05 0.00030664531970114243 0.00015268127564892537 0.0028596433120717845 7.192359829514933e-05 0.0 1.747475353032689e-05 0.00029534497704825866 0.0 2.228073822748156e-05 4.9377197785767383e-05 0.0002567738738646198 0.0 0.0 0.0 2.9860594740732542e-05 0.0 0.01068563752500503 0.0007910357111344153
