0.0 0.02558163442017671 0.003850095711906294 0.021423244458716614 0.0009536844847949585 0.0023113849843097675 0.01631654033190156 0.0010451305503050112 0.00013208395310878974 0.03674412758495091 0.0012058038091275688 0.002911114497063841 0.00975703616027785 0.002433111735735035 4.8786010613268846e-05 0.0 0.0 2.158967056083113e-06 0.0 0.0 3.43854604125769e-06 0.0 0.0 0.0 0.0 3.196596179212676e-06 0.0 0.0 0.0 0.0 0.028905921736722257 4.0378883087147114e-05 1.8427117423904037e-05 0.0 0.0 3.913699867150202e-06 1.1570321762408819e-05 7.798295415000273e-06 2.005357724648242e-05 0.0 0.0 2.639625563922652e-06 7.062189349554457e-06 0.0 0.0 2.226976889806616e-06 0.0007354419833030134 2.7323849422000506e-05 8.371730290990553e-06 4.650188112208721e-06 0.0 2.9371582222700895e-06 0.0 0.0 6.24619710324861e-05 3.60630092284669e-05 0.0076615505573889055 0.017435640166075884 0.00353021106829474 0.00042908373814462504 6.3241505472101165e-06 8.123375542816339e-06 2.054633132264553e-06 0.0014503669191253084 5.008831087044937e-05 2.4304259406529995e-05 4.556132136386201e-06 1.126254280386862e-05 0.0 0.0 1.846598425767896e-05 4.453909731793462e-05 0.0 0.01027163043249315 0.004172305511666572 0.003570497859235541 0.0003346920705562974 7.533231737143729e-06 2.3874584584399344e-06 8.869699536476887e-05 6.086429090788067e-06 1.7125046104341397e-05 0.00022002440866153688 2.347659772679561e-06 2.8270314549272742e-05 4.2992235977326226e-05 1.6135142979006534e-05 2.578485154259526e-06 6.521685956162652e-06 0.0 2.068778404806372e-06 0.0 0.0 2.5707719738532344e-06 0.0 0.00033829170576699644 4.7556054643337015e-06 0.0 0.0 0.03676962031727518 2.7898143785700915e-06 2.4027342793508357e-05 8.36117480471499e-05 1.100538756040936e-05 3.825570877119874e-05 4.367704817157605e-05 0.0006403455685506429 0.00024123086781724858 0.00017135948902123588 0.00023377270318888482 0.00011795668705658747 0.00022566289733575532 0.00034675639824131025 0.00018977007703808437 0.00012139266907055489 0.0 0.0 0.0 0.0 0.0 0.0 0.0 0.0 0.0 0.0 0.0 0.0 0.0 0.0 0.0 0.0 0.0 0.0 0.0 1.0484505619975962e-05 5.8715546462406565e-05 0.0 0.0 0.0 3.471282362402604e-05 1.0518102631817668e-05 3.0646347225354397e-05 0.0 0.0 0.0 0.0 0.0 0.0 0.0 0.0 0.0 0.0 3.358538173668677e-06 0.0 0.0 0.0 7.685149706329419e-06 0.0 0.0 2.0518190688209004e-06 0.0 0.0 0.0 0.0 0.0 4.661132884972104e-06 0.00011294286235334974 0.0 0.0 2.7843054399009835e-06 0.0 0.0 0.0 2.1684225313436328e-06 0.0 0.0 5.202557377499242e-05 0.0 0.0 0.0 0.0 5.5771343920321135e-05 0.0 8.068892498424131e-05 0.0 0.0 0.0 0.0 0.0 0.0 0.0 0.0 0.0 0.0 0.0 0.0 0.0 0.00033985056051459854 9.271996103095278e-06 1.4217662912711112e-05 0.011159292293920644 0.00016279183236223848 0.0021160580382821224 0.0008424883317017074 0.01789397792114657 0.00017373013546328925 0.00022452792012496269 0.00016102691821225903 0.0007137477813434744 0.0 6.2306162974545275e-06 5.990427385810939e-05 0.0004207746133159919 0.0 5.998868280617786e-05 4.287351229705866e-05 6.951415560455704e-06 0.0 0.004728959938751054 0.00033884470004864057
0.02558163442017671 0.0 0.05797370333259722 0.008227918917534324 0.037359567411122035 0.000896174083535162 0.07430509331423998 0.026136003255863575 0.02753923189651903 0.05846374941542788 0.041050728358732545 0.011204101983287963 0.04895579244041898 0.04275270727883523 0.0007538308679596573 0.0001772956073330352 1.1664067922893974e-05 2.0884507533548496e-06 2.2693742118584933e-06 1.1685334506398295e-05 3.098888509578887e-05 2.1531262781667545e-06 1.2071065150688708e-05 8.215082178201256e-06 2.6282997219958004e-06 4.158418079145242e-06 2.815552000855851e-06 0.0 0.0 0.0 0.05212850568132271 0.004830385598976813 0.0001819084514075239 1.0708062185919659e-05 7.528097019867789e-06 1.842336577115387e-05 8.432771593059197e-05 1.6130690632787267e-05 2.6461999231130377e-05 1.2110559943507647e-05 3.2734866456412254e-06 5.8065514648736295e-06 3.339567314411254e-05 1.8148325632269372e-05 1.0081681830566915e-05 1.4709856952308586e-05 0.00613645735504135 9.594333032636553e-05 3.0784998657495175e-05 3.4603803234273915e-05 0.0 0.0 1.1178538614547359e-05 3.894445047515165e-06 0.0001577407720751563 6.619051477878763e-05 0.00494661765324445 0.016262494402341378 0.002950327427143778 0.0015923035133600851 9.20651587273566e-05 8.933986607637896e-05 1.5774388003749825e-05 0.0087052498019219 0.00010212430343541618 8.226736935192364e-05 2.2261011155076773e-05 2.393458659851877e-05 3.822475166734523e-05 2.09874219330913e-05 8.36650351747279e-05 7.361179102376866e-06 0.0 0.013337099943571532 0.011471323654521682 0.014518532716612726 0.005425378869540061 0.0002770976832445171 0.00019842890916758126 0.005154708142418272 8.353311584109175e-05 0.0002088293554459238 0.0005831571892414613 4.477245267302823e-06 8.868611536821105e-05 8.91434274211237e-05 5.9058251270376463e-05 2.6518273652233137e-06 3.744721326023523e-05 0.0 1.790446024528902e-05 3.936820530732032e-06 8.430152876143974e-06 1.0233853352328582e-05 1.914759206557801e-05 0.0009511734912647781 5.3605722312105174e-05 0.0 1.6506751300039377e-05 0.019869763891771596 0.0 9.06153932173594e-06 4.332546402642521e-05 1.6244507978172166e-05 5.1530370973184935e-06 5.768520410717594e-05 0.00021278395648985273 0.00016821731743977053 9.861657214991671e-05 0.00015960703600170236 0.00030993854763293097 0.0002800575129536523 0.0005345071705344085 0.0002273128616672021 0.0003286024709478605 0.0 0.0 0.0 0.0 0.0 0.0 0.0 0.0 0.0 0.0 3.1348130045156963e-06 0.0 2.0746630639751138e-05 0.0 0.0 0.0 0.0 0.0 0.0 0.0 4.5992842307850634e-05 0.0 0.0 1.2525254065119852e-05 3.961093914652727e-05 5.749387000199235e-05 6.88071049986449e-05 0.0 0.0 0.0 0.0 0.0 0.0 3.599667043577153e-06 0.0 0.0 0.0 2.9637231292380684e-06 0.0 0.0 0.0 4.971751447288429e-06 2.8187358438957144e-06 1.8963310053354408e-06 0.0 0.0 0.0 2.3957564754448407e-06 0.0 0.0 0.0 0.00027722200562476724 0.0 0.0 0.0 0.0 2.7399015360762646e-06 2.7195001776031214e-06 0.0 0.0 0.0 8.888617297753254e-05 0.0 0.0 0.0 0.0 9.662376809091762e-05 0.0 0.00010608699576771689 0.0 1.0289701360923987e-05 1.786302494242689e-05 0.0 0.0 3.5401899017974943e-06 7.43604503476989e-06 2.8218880391323027e-06 0.0 0.0 2.1486461707165412e-06 3.5726553658658035e-06 0.0 0.0004604902345121738 1.6012659317619498e-05 5.576458813223278e-05 0.007281269922632517 0.00042932219953038917 0.005577177910352671 0.0015256223639825797 0.006169018105648314 0.0002953371452964878 8.264130147306163e-05 0.0009565056680689746 0.0002958247465180375 4.569309467342338e-06 4.7952160770081524e-05 2.8605222522993763e-05 3.371127595783308e-05 0.0 0.0 1.1614460268865689e-05 8.462073849935975e-05 6.1573301641772536e-06 0.002492737578697511 0.000435099944831583
0.003850095711906294 0.05797370333259722 0.0 5.077788855760353e-05 0.014466323317220147 2.740269353878823e-05 0.004499616277893729 0.06513799773169285 0.010087540914609108 0.004774540019859265 0.05619726487768674 0.0008634768076362004 0.00590938050381337 0.01904344604920336 0.00023607663495117578 0.00010653918957501732 5.3314117046714655e-06 7.082446164551803e-06 0.0 1.6748184618113904e-05 3.9322548076455775e-05 0.0 1.8233099177837607e-05 6.399640181925086e-06 2.5049449131816506e-06 5.340564767589535e-06 0.0 0.0 0.0 0.0 0.061681421248983535 0.01483282610136212 0.00011631700085821158 1.1376254286426177e-05 2.8479228916640654e-06 1.6722194738776273e-05 1.2270572347337963e-05 1.285732447088835e-05 1.3823713093311682e-05 9.895349929050191e-06 4.196093030738176e-06 5.971933631068569e-06 5.2268641304195385e-05 1.4278250503728647e-05 4.553171308568275e-06 1.7275520489517842e-05 0.0013137879052568678 1.46986512239743e-05 1.0520437906564921e-05 1.2542036284451881e-05 2.468435378063869e-06 0.0 0.0 0.0 2.5566291628072276e-05 2.467807789169596e-05 0.001191920718647834 0.0076433596515806095 0.0007374168030813805 0.00030534465337468675 0.00013526126022951588 9.529335533068128e-05 3.0981607396558695e-05 0.011091699894907471 1.5485705810903133e-05 2.07399411084673e-05 0.0 6.549209736047536e-06 4.236400783444166e-05 3.8399485481796924e-05 1.1919290799604451e-05 0.0 0.0 0.002947711353282818 0.00314180327228901 0.003255489227284261 0.0020275122204019727 0.00014934123595017443 0.00048222184306474027 0.006787578671175385 0.00012675217588124413 0.00035254883034412435 9.959521994685131e-05 0.0 1.9132686320383117e-05 1.3527114322773297e-05 1.5407794656550103e-05 0.0 8.663085705302557e-06 0.0 2.576080291360032e-06 0.0 1.2606891331890577e-05 0.0 2.53920615874248e-06 0.0001521745244164074 0.0 0.0 0.0 0.0015925185657356155 0.0 0.0 0.0 0.0 0.0 9.260255693452957e-06 7.566015085813869e-05 1.8573549773854615e-05 4.1908536166065884e-05 3.126245814615526e-05 3.011366879759216e-05 6.3502491950506e-05 8.127954110098977e-05 5.55785277355547e-05 4.6967171012474526e-05 0.0 0.0 0.0 0.0 0.0 0.0 0.0 0.0 0.0 2.877080697602486e-06 0.0 0.0 0.0 0.0 2.791799861807415e-06 0.0 2.0252032662628537e-06 0.0 0.0 2.818839485824583e-06 1.472489891260999e-05 0.0 0.0 0.0 5.58450362929446e-06 8.976401548817682e-06 3.836824132681541e-05 0.0 2.599315516288236e-06 2.7703198869745473e-06 2.7323386364668325e-06 0.0 0.0 0.0 0.0 0.0 0.0 3.566510139783393e-06 0.0 0.0 0.0 0.0 0.0 0.0 0.0 0.0 0.0 0.0 0.0 0.0 0.0 4.7083097286037024e-05 2.603685319114152e-06 0.0 0.0 0.0 0.0 0.0 0.0 0.0 0.0 2.9684155730900515e-05 0.0 0.0 0.0 0.0 3.146868041442084e-05 0.0 1.613045299665036e-05 0.0 0.0 0.0 0.0 0.0 0.0 0.0 0.0 0.0 0.0 0.0 2.5170545471955706e-06 0.0 6.901317272939152e-05 2.562507270325465e-06 2.282720627218584e-05 0.0015342725077721647 7.860502651753716e-05 0.0011871842728746504 0.0003667238307224906 0.0005181387071794593 4.929443534907686e-05 1.4580183317181172e-05 0.0002083317561095861 8.603933462462413e-05 0.0 2.7306986880173602e-06 2.359404439043964e-06 1.4344834335555843e-05 0.0 0.0 0.0 2.2024610578023174e-05 0.0 0.00030276009480339534 6.453803750071554e-05
0.021423244458716614 0.008227918917534324 5.077788855760353e-05 0.0 0.0012062994742464087 0.006410341336006297 0.021493964847949108 3.176506727422965e-05 0.00018038808834692921 0.046933034700596246 0.00011972732575746302 0.005599096191529594 0.02498186202853576 0.005666259758736682 2.1853089663366378e-05 2.689575051241329e-06 0.0 0.0 0.0 0.0 0.0 0.0 0.0 0.0 0.0 0.0 0.0 0.0 0.0 0.0 0.002145494651743541 4.4950107524200184e-05 2.713464145695769e-06 0.0 0.0 0.0 3.0315991538284064e-06 0.0 0.0 0.0 0.0 0.0 0.0 0.0 0.0 2.7421018912411166e-06 0.0005106193486547941 1.0480249082972307e-05 0.0 0.0 0.0 0.0 0.0 0.0 1.364490800180416e-05 1.4469480226683897e-05 0.0007937976324271248 0.0016823966256560464 0.0004923154116991739 0.00028453693729250956 4.812977934657837e-06 0.0 0.0 0.0006840274123823275 8.486112114738039e-06 6.039866473644913e-06 0.0 0.0 0.0 0.0 1.770761201933986e-05 0.0 0.0 0.0025457199956732787 0.001423360283408723 0.001396003024085577 0.0002953773159827428 0.0 3.8339803462132885e-06 3.912033267919022e-05 1.9675864971063844e-06 8.228362225711897e-06 7.968979013916738e-05 0.0 9.433100818825921e-06 1.8298443193090713e-05 7.544981770679448e-06 0.0 3.7861116556915207e-06 0.0 2.1572878717605706e-06 0.0 0.0 0.0 0.0 0.0003951488473222633 0.0 0.0 0.0 0.005075912625366822 0.0 0.0 3.7799951162144216e-06 0.00016068741482944194 0.0 0.00016631359361863392 0.00022765465035455074 0.00020075887929882656 0.00010483489299818483 6.96173341059436e-05 6.549754152293892e-05 0.0002580372964232635 0.00012889003662866293 9.256107110622709e-05 4.795457655239854e-05 3.0360687120108603e-06 0.0 0.0 0.0 0.0 0.0 0.0 0.0 0.0 0.0 0.0 0.0 0.0 0.0 0.0 0.0 0.0 0.0 0.0 4.24111212344068e-06 1.389469300859676e-05 0.0 0.0 0.0 1.646962972231665e-05 0.0 2.5009667287869594e-05 0.0 0.0 0.0 0.0 0.0 0.0 0.0 0.0 0.0 8.664209850081033e-06 0.0 0.0 0.0 0.0 0.0 0.0 0.0 0.0 0.0 0.0 0.0 0.0 0.0 0.0 5.513441966437988e-05 0.0 0.0 0.0 0.0 0.0 0.0 0.0 0.0 0.0 1.462282105149305e-05 0.0 0.0 0.0 0.0 2.2297630069444484e-05 2.517486511949104e-06 0.0 0.0 0.0 0.0 0.0 0.0 0.0 0.0 0.0 0.0 0.0 0.0 0.0 0.0 0.00017254552172678812 0.0 1.5014827769801069e-05 0.0022109007429597944 4.897689591188547e-05 0.0006712856209008969 0.0001990478941160846 0.009765315295574064 4.598210518909472e-05 2.3442879490912105e-05 8.842908616074028e-05 0.0001415837258550824 0.0 5.674917331616743e-06 2.612306846997027e-06 0.00012546232635106844 0.0 0.0 0.0 1.2203578389592244e-05 0.0 0.001613584050214306 0.00018041546610273932
0.0009536844847949585 0.037359567411122035 0.014466323317220147 0.0012062994742464087 0.0 1.7053816708127543e-05 0.06717710885237883 0.00892847956302504 0.05874120798542097 0.015163823379721478 0.04061365827633181 0.0021480163651805143 0.030042142727652463 0.06495170577766209 0.00016694529265568635 6.11232299029657e-05 0.0 0.0 0.0 4.06713433984508e-06 4.787606575545704e-06 0.0 2.6886759575083935e-06 4.725777872429969e-06 2.523137588120659e-06 0.0 0.0 0.0 0.0 0.0 0.0030758944325833034 0.001156703709798115 2.2179842127734685e-05 7.642570640752274e-06 0.0 0.0 4.78840961541956e-06 6.505497271948265e-06 1.1643366187901982e-05 5.649454730592231e-06 0.0 2.278520612081138e-06 4.3347429822799635e-06 1.3491551815780551e-05 2.521525030752389e-06 2.415203958022648e-06 0.00130204039780809 1.2020722194190076e-05 0.0 2.229135788199921e-06 0.0 0.0 0.0 0.0 9.427968322448453e-06 7.598048659158592e-06 0.0001791776035491589 0.0006905103257078257 0.00014467781979649437 0.0002236824211140454 1.196059229333342e-05 2.6082550213103776e-05 0.0 0.0010247444494043963 6.337711168228197e-06 8.287871015294835e-06 2.0033026162437038e-06 0.0 4.399768113526927e-06 2.4606600125002566e-06 1.258828186833762e-05 0.0 0.0 0.001087293376015203 0.0012702843536742177 0.0021418735974476424 0.0010088488666006748 4.13611668650363e-05 3.193765125895685e-05 0.0005576806406043717 1.59382418216437e-05 3.717749494932325e-05 7.586749986223096e-05 2.2634494099498024e-06 1.7325697989080028e-05 1.620632166470519e-05 4.7832291846499955e-06 0.0 0.0 0.0 4.251025844086696e-06 2.686738593738045e-06 0.0 2.9614454127763084e-06 4.185302055194235e-06 0.00023927398512542096 1.8397555784592777e-05 0.0 0.0 0.00013218732427311904 0.0 0.0 4.346465624734483e-06 0.0 1.739914791361989e-05 2.0182433961120505e-05 7.05605870737204e-05 6.256681927937668e-05 5.226064218311033e-05 4.136551075737999e-05 5.486212103958883e-05 0.00010332456543750258 0.00014352953144561244 9.872712532976686e-05 0.00010971259661294515 0.0 0.0 0.0 2.6653049986683457e-05 0.0 0.0 2.9922622298761165e-06 0.0 0.0 0.0 0.0 0.0 0.0 0.0 0.0 0.0 0.0 0.0 0.0 0.0 3.342661710765009e-06 0.0 0.0 0.0 6.793614061058003e-06 0.0 2.041982265292094e-05 0.0 0.0 0.0 0.0 0.0 0.0 0.0 0.0 0.0 0.0 0.0 0.0 0.0 0.0 2.6556295434138033e-06 0.0 0.0 0.0 0.0 0.0 0.0 0.0 8.680889908083177e-06 0.0 3.537273195829287e-05 3.909840685898833e-06 0.0 0.0 0.0 0.0 0.0 0.0 0.0 0.0 4.626459718266486e-05 0.0 0.0 0.0 0.0 4.50706247650618e-05 0.0 2.754624205206803e-05 1.0185021162018081e-05 0.0 0.0 0.0 0.0 0.0 0.0 2.0704579592786607e-06 2.3494405631073697e-06 0.0 0.0 0.0 0.0 0.00013102344965673426 0.0 1.5475685672205154e-05 0.0012550171446673061 4.218793685403265e-05 0.0008476645063044214 0.00024626777043177246 0.00038588107240687084 4.926017761993864e-05 4.688255792682115e-06 0.0002098814257763171 4.789211470814233e-05 7.0590865693089576e-06 2.18786795959035e-05 0.0 2.23669076660479e-05 0.0 0.0 0.0 1.4299956269906549e-05 0.0 0.0003876758365428136 0.00012864492254151459
0.0023113849843097675 0.000896174083535162 2.740269353878823e-05 0.006410341336006297 1.7053816708127543e-05 0.0 0.0007026485573060418 7.981153276076298e-06 0.0 0.012572119148092092 2.4387072824118506e-05 0.0013214150110412337 0.0013847356630424653 0.0005318317866542775 6.272490227765619e-06 1.6337121665509555e-05 0.0 0.0 0.0 0.0 0.0 0.000396318312495336 0.0 4.151519228180058e-06 0.0 8.900658176451858e-06 0.0 3.4644132159545363e-06 1.1695042979010176e-05 0.0 0.0005029164641487615 0.0 0.0002174163899993468 0.0 0.0 1.5060687287501772e-05 0.0002559709902486104 4.620993698460424e-05 0.00034964297290974696 7.8745490387909e-06 4.247108179175467e-06 1.1738542977155266e-05 0.0 0.0 0.0 0.0 8.221796861160338e-05 0.0 3.3795356583076872e-06 0.0 6.183736276904215e-06 0.0008014727747649224 0.0005373326573544458 0.0001182164178019791 0.0 0.0 0.002890401062933906 0.00029272985508899775 0.00015610896673502164 7.828607903071213e-06 3.7386727830547585e-05 8.372629717858257e-05 0.0 4.379579072948067e-05 0.0 0.0 0.0 0.0 3.2445934967711675e-06 0.0 0.002172858229893 0.004986065569559262 0.0007658774234598426 0.0003133015481468621 0.00020167618754553474 0.00015583426694882856 2.5255059912701764e-06 0.0 0.0 4.139417404325781e-05 0.0 4.6479703970207804e-05 6.077706326949673e-06 0.0 2.4422707880461457e-06 4.96722760664573e-05 0.0 1.6422023838114513e-05 1.8971620470375804e-05 0.00017710936056596007 1.740086244724317e-05 7.591953329261939e-05 3.7584457383041877e-06 3.237883422176424e-06 9.967639859808681e-05 0.003487117123125446 0.0024797888376035648 0.0009637528230973334 0.0007344604024394918 0.009343191581377459 0.0 3.34632885832817e-05 7.675472141221321e-05 2.3051931585952402e-05 4.268906667864732e-06 0.00013062757283775737 0.0011090422261429362 0.0002967743455181339 0.00028640017691055643 0.0003476444716909328 0.00017831027014502703 0.0004819025859476526 0.0004068822803821754 0.00022117440488334666 0.000219751519647901 0.0 0.0 0.0 0.0 0.0 0.0 0.0 0.0 0.0 0.0 0.0 0.0 6.516516074660843e-06 0.0 0.0 0.0 0.0 0.0 0.0 2.2791038385283578e-05 9.497172629402166e-06 0.0 7.190501573916235e-06 2.935679288960111e-06 4.2215756198489685e-06 1.1524710985337399e-05 3.7626662782450486e-05 7.460505270282345e-06 0.0 0.0 0.0 0.0 0.0 0.0 2.660991902783508e-06 0.0 0.0 0.0 0.0 0.0 2.6171928236436845e-06 1.3378646889519439e-05 2.415993857580524e-06 0.0 0.0 0.0 0.0 0.0 0.0 0.0 4.148926699359363e-06 7.349042854596212e-05 0.0 0.0 0.0 0.0 0.0 0.0 0.0 0.0 0.0 6.041802763980997e-05 4.723067080765438e-06 0.0 0.0 0.0 6.734252924208728e-05 0.0 2.050046828852224e-05 0.0 2.94478626823481e-06 0.0 0.0 0.0 0.0 0.0 0.0 0.0 0.0 0.0 0.0 0.0 0.0003869970204042986 6.096639116305724e-06 7.871931709937226e-06 0.004650090444126601 1.463232871786775e-05 0.00011218803763017592 3.06461014459231e-05 0.005121523827555223 1.79545172611089e-05 0.0 2.2277289230454806e-05 0.000828172925011255 0.0 0.0 0.0 0.0006233123939833982 0.0 0.0 0.0 0.0 0.0 0.0009452126898873193 0.0011308183759248828
0.01631654033190156 0.07430509331423998 0.004499616277893729 0.021493964847949108 0.06717710885237883 0.0007026485573060418 0.0 0.001236837533978508 0.021951475898177156 0.050745645366791985 0.013544235239857223 0.004016606398604934 0.10296899636790033 0.07860171555471031 0.0002919451433648859 6.231727431469435e-05 2.0732931212578326e-06 2.0168750820536512e-06 0.0 3.1516666627486943e-06 1.1446006785153653e-05 0.0 0.0 2.619497561036898e-06 0.0 0.0 0.0 0.0 0.0 0.0 0.0037809453342899694 0.0008790055215162364 5.819244899066872e-05 1.147505761781549e-05 0.0 0.0 2.825078859494877e-05 5.388996270800037e-06 4.725653872265072e-06 1.9973776292601397e-06 2.7086521989983037e-06 0.0 7.810541819345324e-06 1.4447508137763777e-05 2.1532611977491565e-06 2.9045965192678313e-06 0.0029493135116641245 4.4770436837511734e-05 9.352247344142263e-06 9.51042362015775e-06 2.134600098306639e-06 0.0 0.0 2.702462369871507e-06 5.647145236774783e-05 2.2148106969115154e-05 0.0008775324484170357 0.0021302340210379144 0.0006409723222020144 0.00069413377598303 2.382519809484427e-05 1.285894887304849e-05 1.407366448241509e-05 0.002423199088523281 4.936088352102217e-05 4.2825246806009194e-05 1.0201779321616625e-05 1.1135311971989662e-05 5.877307624637273e-06 2.184133352235985e-06 3.100828982607104e-05 0.0 0.0 0.004575229530408905 0.004202654671583291 0.005121934941033269 0.0019890787174182225 7.540258437831166e-05 3.484076236729414e-05 0.0004948714766982458 2.7893751218665607e-05 7.311656379207789e-05 0.00022245882135555118 1.7630208340288538e-06 3.0910677081339584e-05 2.513211374920714e-05 2.5388800938312636e-05 4.199421232178966e-06 6.053326228857217e-06 1.0936858221517405e-05 4.162150299033744e-06 6.211275418003558e-06 2.083210728476182e-06 0.0 4.356241649675004e-06 0.0006711579159071932 0.0 0.0 0.0 0.000757552747159783 1.0956076951552208e-05 1.4659834175340209e-05 0.000130395650887555 0.00014535499061938862 0.0 0.0008569074919211769 0.0003161476732212099 0.000526455820024685 0.00033105929213734543 0.00018526662516876768 0.00011689483033706078 0.001082378826399206 0.00046927636039900656 0.0002816859366057079 0.0002810824439046719 0.0 0.0 0.0 0.0 0.0 0.0 0.0 0.0 0.0 0.0 0.0 0.0 1.9006139710309565e-05 0.0 0.0 0.0 0.0 0.0 0.0 6.901756640687607e-06 1.8640124722087907e-05 0.0 1.8956783943183406e-05 0.0 5.287487292827658e-05 0.0 6.79842524894849e-05 0.0 2.811025439612519e-06 0.0 0.0 0.0 0.0 0.0 2.8767512643285835e-06 0.0 2.697747587482354e-06 0.0 0.0 0.0 0.0 5.077460662488099e-06 0.0 0.0 2.5162374416313643e-06 0.0 0.0 0.0 0.0 0.0 0.0 0.00015685450255032064 3.027557303677409e-06 2.0886365685273207e-06 0.0 0.0 0.0 0.0 0.0 0.0 0.0 9.595560967403799e-05 2.9285975840204253e-06 3.540711812939296e-06 0.0 0.0 3.178421789671121e-05 5.3104665962215065e-06 7.084744017159742e-05 0.0 1.2001764049576424e-05 4.02230180261454e-06 0.0 0.0 0.0 4.609297484697768e-06 0.0 0.0 0.0 0.0 0.0 0.0 0.0003921679390656945 2.5482411068766162e-05 1.9171455434625105e-05 0.0034039091699555636 0.00014211310569338352 0.002553957062525491 0.0007223865942941109 0.0018769240617428858 0.00010675912015404959 4.9306983610539764e-05 0.00048347051436105245 0.00021739811052429235 7.487494183784318e-06 3.282934606861903e-05 7.5043809704195844e-06 0.0001331386502068552 2.7612597316427115e-06 0.0 5.3426753614409946e-06 1.940960441400374e-05 0.0 0.0014117157084968252 0.00048509392600047267
0.0010451305503050112 0.026136003255863575 0.06513799773169285 3.176506727422965e-05 0.00892847956302504 7.981153276076298e-06 0.001236837533978508 0.0 0.004516620848769204 0.0006167385942743524 0.06542724365519965 0.00021004388098339586 0.005508826468945044 0.030163379886635627 0.0013154417226620952 0.0013302802010988783 0.00011112172856442996 3.679612189291715e-05 6.884404575821671e-06 0.0003094405104094439 0.0009084689608401939 4.6686583994571965e-06 0.0002568776757528341 0.00024718626630394053 0.00011014129460989621 0.00023732289564726736 8.162677543140096e-05 7.008007607055462e-05 5.067694483530821e-05 3.5665401589277896e-05 0.03286700333186606 0.0475633979579022 0.002773182997665511 0.0003126034986573972 0.0001931625925524587 0.0004236603706937896 0.0006858972097583487 0.0006457471528740035 0.0002218494086645532 0.00016417508640468383 0.00014425462185461852 9.553778667662318e-05 0.0007890653604624766 0.00031888314906184864 0.00010542814976322096 0.000249316762181864 0.0025568985687117528 3.6334930855741705e-05 6.126030875391076e-05 0.00021007513420704616 5.895087027384917e-06 9.758600881528776e-06 1.2189879147494305e-05 3.380761760833687e-05 2.5727485364816795e-05 6.773570452314327e-06 0.000448973683848136 0.0025985263646179212 0.0003108494093516635 0.0003461369187727464 0.005379980984095031 0.00458855382802615 0.0006958283929589307 0.031763014513314806 2.2140951234226274e-06 1.4583998635687643e-05 7.265089523850047e-06 5.832082969273351e-05 0.0006333868702939355 0.0006127613520958375 0.00039138661051026097 4.0710593522287675e-05 0.0 0.0018447393997494824 0.002958861141626296 0.004323010105740196 0.026232760988365494 0.02140392759680206 0.04376414751291176 0.07203542373861557 0.01163581128186139 0.030277884661173458 7.533880868753218e-05 1.7996782439701467e-06 2.008899872642196e-05 1.56398239501788e-05 0.00012915612099444394 0.0 6.907535048371771e-06 2.591924921385547e-06 5.860257046739422e-06 6.4319618428170885e-06 0.00024008617417562453 0.00020928757603138793 6.792408927515111e-05 0.00020969583232354356 2.8101765752001126e-05 5.753689454278874e-06 5.748869068167202e-05 0.0004094396488635778 0.0 0.0 0.0 0.0 0.0 4.8133299470662435e-06 1.1852002572810696e-05 3.5970589684671273e-06 9.5767481620879e-06 3.538712634161371e-06 1.1916972551745513e-05 1.591276756090219e-05 5.527517521275154e-05 2.446865234752886e-05 0.00012545865631633725 7.92415280624685e-06 1.4289713115986629e-05 0.0 1.0793343947089098e-05 0.0 0.0 0.0 0.0 4.342219266848844e-06 0.0 3.4289295508576795e-06 0.0 3.917655490917879e-05 0.0 4.897565850128474e-06 5.764413247643923e-06 9.285798987122086e-06 1.0652102947325597e-05 7.915715242787719e-06 0.0 8.145092598561491e-06 5.794451454753105e-06 3.176466917817787e-05 4.075703010344232e-05 2.8969890166140127e-05 7.654906232678612e-05 0.0001017763141845981 7.994008743320838e-05 2.254391457008955e-05 2.887136925900696e-06 6.668040389591703e-06 0.0 0.0 2.9693447785048173e-06 2.8031066410223468e-05 0.0 0.0 3.061320882904795e-06 0.0 0.0 0.0 4.618789808365498e-05 1.35783711789947e-05 0.0 0.0 0.0 0.0 0.0 0.0 0.0 5.382302297719241e-06 0.00011193543985546377 2.30866560739203e-06 0.0 1.8558699366046743e-06 0.0 2.1513689922478148e-06 0.0 2.5887877172136737e-06 0.0 0.0 2.9936090197267874e-05 1.3520905801084329e-05 0.0 0.0 0.0 3.164795022893442e-05 3.167259128259778e-05 5.459358702278904e-05 1.972119350895397e-06 1.4201352819380052e-05 1.0312001772668774e-05 0.0 7.291339803533961e-06 0.0 0.0 0.0 0.0 0.0 0.0 0.0 0.0 4.9794280754073064e-05 3.2223707794580575e-05 6.736494643607692e-05 0.003868946089087081 0.0001573596322130901 0.002301107734045998 0.0007842866822689533 0.00034767162606137123 0.00011750279648285156 6.675150966211573e-06 0.00047854550579383334 8.578066250750594e-05 7.508352121969105e-06 1.8320773401890047e-05 1.0310997371333112e-05 6.587529118348186e-06 0.0 0.0 0.0 0.0001016508548894033 0.0 0.00015293419643557941 0.00010421921552273648
0.00013208395310878974 0.02753923189651903 0.010087540914609108 0.00018038808834692921 0.05874120798542097 0.0 0.021951475898177156 0.004516620848769204 0.0 0.002372198331137962 0.021282249008891585 0.00030277744057571567 0.01085068470261285 0.021397498665005062 2.9298745266140335e-05 1.875154775384107e-05 2.4547165180293946e-06 0.0 0.0 0.0 3.184415291372662e-06 0.0 0.0 0.0 0.0 0.0 0.0 0.0 0.0 0.0 0.0006545925465829346 0.0002171680985467791 2.168427195230432e-05 0.0 0.0 0.0 0.0 0.0 0.0 0.0 0.0 0.0 0.0 0.0 0.0 0.0 0.00025027650809694637 0.0 0.0 0.0 0.0 0.0 0.0 0.0 0.0 0.0 2.9358445978366568e-05 0.00014154011462693864 2.213684793921745e-05 4.276613481695394e-05 2.774597892663467e-06 3.6459931350326384e-06 0.0 0.00022312565519156492 2.020489039098321e-06 0.0 0.0 0.0 0.0 2.294851248723098e-06 0.0 0.0 0.0 0.00022137994441040582 0.00021893066002497325 0.00032840277441961604 0.00020671762504967123 2.1493492146365282e-05 0.0 0.00031555429523213215 0.0 2.229843921678915e-05 1.1790309344501984e-05 0.0 6.37205421688288e-06 4.111631151256037e-06 0.0 0.0 0.0 2.6182442339970827e-06 0.0 0.0 0.0 3.4902133935473635e-06 0.0 6.633953928740918e-05 0.0 0.0 0.0 1.3628819813245804e-05 0.0 0.0 0.0 0.0 0.0 0.0 1.8925623997269094e-05 1.4079565964889785e-05 1.4391632367937426e-05 1.297820704954924e-05 1.2866184190132749e-05 2.4344969215890047e-05 1.3392589690150219e-05 2.380479266472392e-05 2.8502190785981464e-05 0.0 0.0 0.0 0.0 0.0 0.0 0.0 0.0 0.0 0.0 0.0 0.0 0.0 0.0 0.0 0.0 0.0 0.0 0.0 0.0 0.0 0.0 0.0 0.0 5.754410320909129e-06 0.0 0.0 0.0 0.0 0.0 0.0 0.0 0.0 0.0 0.0 0.0 0.0 2.312357480958224e-06 0.0 0.0 0.0 0.0 0.0 0.0 0.0 0.0 0.0 0.0 0.0 0.0 0.0 9.200354730214173e-06 0.0 0.0 0.0 0.0 0.0 0.0 0.0 0.0 0.0 1.1305693935878145e-05 0.0 0.0 0.0 0.0 0.0 5.673428404263623e-06 0.0 0.0 0.0 0.0 0.0 0.0 0.0 0.0 0.0 0.0 0.0 0.0 0.0 0.0 3.135612157817221e-05 0.0 7.479482662682786e-06 0.00020687559293137975 2.6870308269624785e-06 0.00017877008589082136 2.551610505984129e-05 7.493314140777469e-05 8.17367815299266e-06 5.86897870012858e-06 4.027458377232982e-05 1.2053415115277276e-05 0.0 0.0 0.0 0.0 0.0 0.0 0.0 1.0280816471496864e-05 0.0 0.00012274854535719012 2.634582791843606e-05
0.03674412758495091 0.05846374941542788 0.004774540019859265 0.046933034700596246 0.015163823379721478 0.012572119148092092 0.050745645366791985 0.0006167385942743524 0.002372198331137962 0.0 0.002697703221148728 0.041816476326020244 0.15609621112844124 0.02592594338256041 0.0005218579844119458 8.819147038207068e-05 3.682468431298918e-06 4.439085419542681e-06 0.0 0.0 1.8472162056939013e-06 3.868655604264972e-06 0.0 0.0 4.8830863323660545e-06 2.0691401891680724e-05 0.0 7.575195243693343e-06 6.615468021173161e-06 0.0 0.0030071872907802763 0.00029709383397881267 0.001332066710340262 5.591055649947678e-06 3.932707426754937e-06 2.569065398449492e-06 0.0002157127050949695 9.149177271113277e-06 4.3912122687164744e-05 7.371604814151491e-05 1.3508779510331843e-05 6.219710945639088e-06 3.579622509459115e-06 1.8248212947189727e-05 0.0 1.199285102876861e-05 0.0053036843920263674 3.495552896170256e-05 2.7853603296619932e-05 4.953099046364941e-06 0.0 0.0 0.0 6.389847130096251e-06 8.000882202013445e-05 8.318380830195344e-05 0.001976328196140108 0.002636809877372362 0.0012946817362792103 0.001210304118610617 1.6296939319537497e-05 0.00013198068984311137 9.545571929584768e-06 0.002018121309436266 5.5539101420438763e-05 4.8613346491121666e-05 0.0 2.318295885870079e-05 1.7748539476750534e-05 1.2985085727353266e-05 0.0005899967960741285 1.7055699289735487e-05 0.0 0.007213054350426467 0.005791476797955596 0.0070497315445461955 0.0022987654434804584 0.00014965590413578642 1.1837087573872157e-05 0.0007483709284183972 1.6813502352735046e-05 6.78854722924547e-05 0.0003600704012538212 2.2052515056921776e-06 6.490935488404808e-05 5.689413543132707e-05 2.245149021434722e-05 0.0 1.865262467900894e-05 5.22396037969244e-06 1.0024695426427811e-05 8.084296428162111e-06 0.0 7.67620688846705e-06 1.206378893205752e-05 0.009903227487591494 0.0002546963172281686 6.120378670262798e-06 3.3737765724402605e-05 0.009384609859572176 2.948692458503915e-06 0.0001440823669330155 0.0005208229772445417 0.000268862448633547 0.0001152154663068166 0.0006367182041269501 0.004052971356008068 0.0020219693434429587 0.0013471853469764667 0.0020415797407687545 0.00113299221337686 0.002960516898431117 0.0035404614007137594 0.0016186003678760827 0.0022436653707513057 9.699252181710964e-06 6.844173925307766e-06 3.075331606013957e-06 9.451914419963774e-06 0.0 0.0 0.0 0.0 0.0 0.0 0.0 0.0 1.8333782684861518e-05 0.0 1.212093542596175e-05 0.0 0.0 0.0 0.0 5.913269671265809e-05 0.0003123336656000641 0.0 0.0 9.154174847908344e-06 0.0002532641334609549 0.00013808480894548342 0.0004236201061745739 7.713926072954626e-05 4.921832626876204e-05 0.0 1.5193032478420644e-05 0.0 0.0 9.001752364618913e-06 3.950525824778316e-05 0.0 0.0 4.854334155026743e-05 0.0 0.0 2.9320297975398306e-06 3.631268356048545e-05 0.0 2.1016715769061363e-06 0.0 4.904346808399568e-06 0.0 0.0 0.0 2.3555972638319035e-06 2.0990654635897635e-05 0.0014448424325011978 0.0 7.709107278486862e-06 2.755922172305984e-06 0.0 0.0 0.0 0.0 0.0 2.604893487884964e-06 0.0005070650484596058 0.0 0.0 0.0 0.0 0.000508620095846921 2.8552092894132664e-06 0.0004032799747261342 7.350761422851724e-06 6.804324714107071e-06 1.405565743757368e-05 0.0 4.274456989275437e-05 0.0 0.0 0.0 0.0 0.0 0.0 0.0 0.0 0.0027227400862996328 0.00012815894997884718 0.0001795545335130894 0.0173645800132453 0.00025631563390094954 0.004492707042747574 0.00121659674183829 0.01723632256364293 0.0003207591558849329 0.00010984631265344817 0.0009145118801238687 0.002023085506127239 2.205060508423263e-06 4.5295129099430025e-05 0.00018048804839627464 0.0014246790360818117 0.0 0.0 0.0 4.008222916429658e-05 0.0 0.013078090201025253 0.004844717776597029
0.0012058038091275688 0.041050728358732545 0.05619726487768674 0.00011972732575746302 0.04061365827633181 2.4387072824118506e-05 0.013544235239857223 0.06542724365519965 0.021282249008891585 0.002697703221148728 0.0 0.0008449447668250075 0.044460533679896 0.08788220090175736 0.0009604888948285821 0.0006835216967725104 3.5928625993046786e-05 4.884267850355156e-06 4.326504744459032e-06 3.7647281233749634e-05 0.0001039471417639161 7.40121523919927e-06 2.320679465159181e-05 5.263388971229315e-05 2.1618897769846917e-05 3.5273023795849554e-05 3.192949760035287e-05 1.4273809817226378e-05 2.278736724010316e-05 7.563120958980163e-06 0.017625637372550334 0.0030540890102489964 0.003332677519529756 3.345011125232557e-05 2.8255109723083097e-05 6.424910545679036e-05 0.0005378640178640377 0.00011345907152339016 9.317249297004615e-05 3.3155019731552746e-05 4.02172138930539e-05 3.144095249695107e-05 4.5996221219806625e-05 0.00012638351154621575 7.784727205912406e-06 2.1182722377877735e-05 0.0029480702334496105 2.158857343698411e-05 1.341575255080309e-05 1.4040153715464192e-05 0.0 0.0 1.0238740069274734e-05 6.486438631678589e-06 1.3630195659851532e-05 1.1054839936619217e-05 0.0002467772278853717 0.000907932312926556 0.000210886954217953 0.00041221659221010645 0.00019636660449675683 0.00045208394611552635 3.715561410231553e-05 0.0015471710275038048 1.0817217125104463e-05 2.161318561896728e-05 3.5732846204339323e-06 9.279578990790993e-06 8.147855451787791e-05 5.8876812008201825e-05 0.00032750027271797103 1.2905962147507348e-05 0.0 0.001070858774303646 0.0014116741926863934 0.0031526719046944276 0.0028390410246946917 0.0007014016014687273 0.0010043163128180314 0.019035094959757727 0.0002860190881291552 0.0025283089657677396 9.250724096897179e-05 0.0 1.1676825689113065e-05 1.508564148785021e-05 1.809773782171379e-05 2.321567176787427e-06 2.9644332615256905e-06 0.0 1.8302779682439495e-06 2.554610865794923e-06 4.19829699486305e-05 4.297163973501184e-05 2.2858467083905926e-05 0.0015551317359288129 0.00010791709995065512 0.0 3.6879195155627326e-05 0.0003105668357400743 0.0 1.475063098264956e-05 4.183782775561948e-05 1.5673801846109097e-05 4.598767094574982e-06 6.958814113577933e-06 0.00021364002012974427 8.52960537615775e-05 6.446039063328114e-05 0.0001400711361242277 0.00015949077122619717 0.00010975631444421574 0.00038953978351702497 0.00019290501848456194 0.000237300626698251 0.0 0.0 0.0 5.541095428286369e-06 2.4532523907092543e-06 0.0 0.0 0.0 0.0 5.962894759347127e-06 0.0 0.0 1.188303463198778e-05 0.0 0.0 4.302622867924636e-06 2.479539870442636e-06 0.0 5.504702490338564e-06 1.653606086737364e-05 3.9700331050475826e-05 0.0 3.745345398495212e-05 2.5775281320913494e-06 0.00010071281474049886 1.5553768390965437e-05 0.0001455952866523687 7.195597425468851e-06 1.3308386545340507e-05 2.754459340509954e-06 0.0 0.0 0.0 0.0 5.391734638620638e-06 0.0 0.0 0.0 0.0 0.0 0.0 1.8912806636940905e-05 0.0 0.0 0.0 0.0 0.0 0.0 6.204871642323595e-06 0.0 2.402753194002854e-05 0.00031919159706605467 0.0 0.0 0.0 0.0 0.0 0.0 0.0 0.0 0.0 0.00016798150355006427 5.6532084191659995e-06 0.0 0.0 0.0 0.00017250813216064932 8.005489881573604e-06 6.9729960309446e-05 0.0 0.0 0.0 0.0 9.711775087916246e-06 0.0 0.0 0.0 0.0 0.0 0.0 0.0 0.0 0.00034118197638064644 3.4367609941078044e-05 6.469082587702885e-05 0.00504706176240374 0.00014470125379183616 0.0025338112611742805 0.0008445314326335619 0.0005461571651788863 0.00011154287828268654 2.052313551866527e-05 0.0005729729309580697 0.0001408774090710416 2.664170008502312e-06 2.6515065749459773e-05 2.4684117254951025e-05 4.7798080756229685e-05 0.0 4.4226391851350575e-05 3.2746189337141143e-06 9.599607536964056e-05 3.5970904311955324e-06 0.0008977609863797643 0.0004440532695795639
0.002911114497063841 0.011204101983287963 0.0008634768076362004 0.005599096191529594 0.0021480163651805143 0.0013214150110412337 0.004016606398604934 0.00021004388098339586 0.00030277744057571567 0.041816476326020244 0.0008449447668250075 0.0 0.05633717373109367 0.006737602298770209 0.0007388772414891525 0.00041840716256177034 0.00017782659306600919 5.6242341519791134e-05 1.754314375286769e-05 7.113990696052166e-05 0.0002696894738407931 0.0002902346419678621 0.00011776384051954186 5.8707728159472415e-05 0.00010856950442419698 0.0006025105501418661 0.00028317878958195844 0.0006823125413675526 0.0002804015051424386 6.726381541801014e-05 0.0002017755844120417 5.518939874644665e-05 0.005851056667209176 9.08622562620574e-05 2.3905094177210005e-05 0.00020167196210110975 0.0075877690192080625 0.0007794243278387835 0.002072791828752405 0.0007548390307570353 0.0004384365525581779 0.0004690351512066033 4.3489520501305004e-05 5.7249750877361143e-05 8.620594346707719e-05 7.256509674828567e-05 0.0018525972098764616 3.2819423464379118e-06 7.884669710159883e-05 4.4821263024503704e-05 1.0438279098802142e-05 3.333129336894765e-05 0.0006266458502550561 0.0003157471391781295 1.3219275585049125e-05 4.478773430529014e-06 0.0001266580247769369 0.00016253324630493621 0.00012974026189661145 0.00014335749583773387 3.0407478119645023e-05 0.0016874412081374992 2.7106082183158473e-05 0.00018777780988129183 0.0 1.185089656536977e-05 4.820648732918217e-06 1.015391525796668e-05 7.073565939011481e-05 0.0002314353959493751 0.008365027996388243 0.00039410754668380346 8.194372670064604e-06 0.0006781323975341431 0.0005413026418218167 0.0011567406448203656 0.0006826428987202969 0.0002212856287745365 0.0 0.0006085208033403103 2.0883782595271034e-05 0.0003773556731533212 4.4683708531135075e-05 0.0 9.28983065815507e-06 3.7701467269985663e-06 5.223458271562045e-06 2.056333785272361e-06 4.922972373466473e-06 0.0 0.0 0.0 0.00016847796560130754 0.00041589751471099147 0.0002105274436861422 0.02908976692246047 0.0022790401690705553 0.00010429001517509528 0.002030452803804917 0.00037074682155885716 0.0 2.7554280964250764e-05 0.00013981567857257828 1.938034777808315e-05 6.551046770729243e-05 0.000172040624703134 0.0007599872087135637 0.00043042171158357234 0.0003516599216515999 0.0006315219575990371 0.00041551048687691624 0.001090460809021306 0.0015317885523854025 0.0007591185370330254 0.001173998916331722 2.0331077585653436e-05 1.8240168667835674e-05 5.603919093919242e-06 1.2320529607801306e-05 5.657879153735383e-06 2.3078059346070404e-06 4.477884330839221e-06 3.2220969056610234e-06 5.513813541260468e-06 7.899661848305482e-06 8.28284493696933e-06 7.257492755538858e-06 0.00011974056120192928 2.846812812575936e-06 4.453003161035661e-05 5.661321731447674e-06 0.00010374733326537364 1.3896760665077686e-05 1.8516690886302995e-05 1.8680880430016457e-05 0.00019315933875111688 3.256848470082837e-05 7.80574131027501e-05 0.00015275205129783924 0.00027431209245962337 0.00021002951158518286 0.0005128966644294522 0.00015447132061697063 7.272885062574814e-05 7.940780117910199e-06 0.0 0.0 1.6109710360111443e-05 1.009981731737017e-05 8.733436032884731e-05 0.0 2.4465602683771904e-06 2.150335811769407e-05 0.0 6.5714272342492265e-06 0.0 0.00017986721066321789 1.443664146659679e-05 0.0 0.0 0.0 0.0 1.5182641079527467e-05 8.615740961746191e-06 4.583726836962409e-05 8.52111164247467e-05 0.0012072290561034684 2.2928395958987354e-05 0.0 0.0 0.0 0.0 0.0 0.0 0.0 0.0 0.0005016634713541652 6.0250898736963866e-05 7.151891994214756e-06 0.0 2.81315169079823e-05 0.00024105545662876177 5.138852181738881e-05 0.00025854533379736247 3.3456069922936025e-06 1.5746136694539258e-05 3.3542406240731686e-05 1.0017958515976488e-05 2.8863116215196203e-05 2.237851334118269e-06 2.104471019434823e-06 0.0 0.0 1.516358114373368e-05 0.0 0.0 7.93181601643744e-06 0.0017170327122407135 0.00028848949696058955 0.00047884757241641913 0.006384131539044874 0.00017649539540323653 0.0026782752189968275 0.0009897304277141634 0.002082930976145957 9.393549837275542e-05 4.810928785664211e-06 0.0005605042544666945 0.0006167195374848315 1.3471487663725975e-05 0.00012558881373718264 4.9134373900405226e-05 0.0003585422446903253 2.5569576151843024e-06 0.0 9.98768692945248e-06 0.00012258009205855296 2.3002956702914834e-05 0.012097987139080786 0.0025590473005721362
