0.0 0.06181195992620965 0.01600723436393315 0.026123359554222625 0.004533327796053526 0.0018688193071136215 0.012524312519888262 0.0013235620656512881 0.0018571608292325477 0.03464924343710823 0.005918212863758341 0.0013227241245122388 0.0030770371144736115 0.0009991094858876736 1.3520286682822288e-05 2.5033961377060544e-06 2.7246961810045252e-06 0.0 0.0 0.0 0.0 0.0 0.0 0.0 0.0 0.0 0.0 0.0 0.0 0.0 0.02001605696898598 8.58660606087528e-06 0.00014053856524313648 0.0 0.0 0.0 8.169824911869952e-05 1.951094172837395e-06 1.9534258081054728e-06 0.0 0.0 1.6285716130536646e-06 0.0 0.0 0.0 0.0 0.00014632438577221498 1.4132964363548037e-05 1.65076911600115e-06 2.0114797553326274e-06 1.8862287311478864e-06 3.2706613313170058e-06 0.0 0.0 8.202564133746381e-05 7.506752565882681e-05 0.001029368010165338 0.01602919863685539 9.847439947333762e-05 0.00016875925340696486 1.629453122833875e-06 1.984694671127874e-06 0.0 0.00014478348478058023 8.341915516434598e-05 3.482244033577124e-05 3.4333350272167213e-06 8.845783587359198e-06 1.8221672177277267e-06 0.0 0.00012759124532023283 9.350527815750714e-05 2.4217849836999343e-06 0.0017862387254992818 0.0007653311137122129 0.0003751036627312889 1.4249107399453257e-05 2.0678854333525327e-06 2.0178140018596976e-06 0.00010159893765085953 1.7805490622520177e-06 1.1316001599982862e-05 7.991129917632312e-05 0.0 4.853239651224406e-05 1.1889598067669967e-05 9.877102724405954e-06 2.196077121181559e-06 1.7581751762528344e-06 2.959941433300692e-06 6.946658484363942e-06 5.269951868922174e-06 0.0 7.4086843595473176e-06 1.5482792095727697e-06 0.0005653657057152482 0.00032016694020508483 0.0 8.244064970839811e-05 0.01088984146399292 0.0 0.0 0.0 0.0013022696626696921 0.0 0.00016894866258355978 0.0 0.0 0.0015034882957667113 7.419940301434183e-06 0.0 0.0 2.6127570898401435e-05 0.0 0.0 0.0 0.0 0.0 0.0 0.0 0.0 0.0 0.0 0.0 0.0 0.0 0.0 0.0 0.0 0.0 0.0 0.0 0.0 0.0 0.0 0.0 0.0 0.0 0.0 2.769517479730954e-06 0.0 2.595585409074697e-05 0.0 0.0 0.0 0.0 0.0 0.0 0.0 0.0 0.0 0.0 0.0 0.0 0.0 0.0 0.0 0.0 0.0 0.0 0.0 0.0 0.0 0.0 0.0 0.0 0.0 0.0 0.0 0.0 0.0 0.0 0.0 2.115827157760614e-06 0.0 0.0 5.289241146487755e-06 0.0 0.0 0.0 0.0 0.0 0.0 0.0 0.0 0.0 0.0 0.0 0.0 0.0 0.0 0.0 0.0 0.0 0.0 0.0 0.0 7.585878773283142e-06 0.0 3.385563063048437e-06 0.0009020581708260453 1.96963830296825e-05 0.0006651387546687286 0.00010236789950075245 0.005174681388109189 6.81142004357464e-05 1.1972728548790368e-05 2.1109665139138087e-05 8.190737481180744e-06 0.0 0.0 4.4338199739569864e-06 0.0 0.0 0.0 0.0 3.4281236852057474e-06 0.0 0.0009895359439367763 4.3264511906751564e-05
0.06181195992620965 0.0 0.021701767532251892 0.016028286501030387 0.044051975881117776 0.0131097845273056 0.06130710769185277 0.0025141959715380695 0.03793031223342819 0.013998923328637523 0.029343900219522476 0.010855104236269236 0.016439405604454727 0.03290464638766323 0.0004907356788207807 7.647021167471613e-05 2.140376434730738e-06 2.94742350784777e-06 0.0 0.0 3.346503610677475e-06 0.0 0.0 2.6024942183241943e-06 4.722781772321657e-06 1.8316375684299318e-06 1.6201138767754615e-06 1.8173410800825318e-06 0.0 0.0 0.05083258537728379 0.0005305151626260225 0.0011393856090986957 2.6506966652661652e-06 4.249204631904319e-06 1.562421075536153e-06 0.00035649273343282806 2.3038944175045814e-05 5.67796133333322e-05 2.588653622722677e-06 1.8956433961663378e-06 8.755415859582688e-06 0.0 1.2020577013194102e-05 0.0 1.4401528847367952e-06 0.0021688302672287366 0.00010301115646110614 1.9691371453304033e-06 8.08680447755468e-06 3.232495836909443e-05 4.466313922021986e-06 0.0 1.8782921696186101e-06 0.00032978721947473977 0.00027953616732130193 0.0015535500726865461 0.011065954642458386 0.00032882926852374994 0.0011866999204750445 1.982648830467316e-05 6.480287098456317e-06 0.0 0.0024281497255726294 0.000357154408568243 0.00014312814241022106 4.550309288313127e-06 6.153928376247438e-05 1.6199781361633387e-05 1.785677686693919e-06 0.0007560336258344412 0.00014148755336707111 0.0 0.0054636653988443425 0.004361347974101928 0.003806105349373446 0.0006182740247688381 0.00022335534768691816 1.888704230109626e-05 0.0006296205059007923 1.213652352729306e-05 8.272319346139124e-05 0.0004171099244456646 3.4417693809141253e-06 0.00024708185191980257 8.27487718422354e-05 7.305694552463756e-05 0.0 3.75140590854662e-05 1.080869069408043e-05 3.809785198029513e-05 1.6504506533602223e-05 0.0 1.3328209594305946e-05 4.200991101889368e-06 0.0015480827129061635 0.0006111478041479035 0.0 0.0004346993078500558 0.024086792323165365 2.3567386716657655e-05 6.692599580524358e-05 0.00023004046713929674 0.0007511377170010079 8.867181108692591e-05 0.0015349898165493453 2.6379301005320905e-05 0.0006581693231725785 0.0013757263570660023 8.258548763120578e-05 0.0 0.00046736908373182814 0.0003007217600253987 2.3820478689959425e-05 0.00010272802517008566 0.0 0.0 0.0 0.0 0.0 0.0 0.0 3.916944511232018e-06 7.72556739225664e-06 0.0 0.0 0.0 0.0 2.7997372352841763e-06 0.0 0.0 2.7773853802715264e-06 2.32155156389845e-06 4.2218809373846105e-06 2.4041420290458583e-05 4.79794230753441e-06 0.0 0.0 0.0 0.00010649796839672804 4.285800181992342e-05 0.00022197806042499507 9.838442505949251e-05 1.826545193746241e-05 0.0 2.1357638489795518e-06 0.0 0.0 0.0 0.0 0.0 6.742933491623629e-06 6.3704822287015395e-06 0.0 0.0 0.0 0.0 0.0 0.0 5.456963182129977e-06 0.0 1.707580299332707e-05 5.2607929796026006e-05 0.0 0.0 0.0 3.2804557402604e-05 1.9633925993815375e-05 0.0 9.209157543191601e-06 0.0 0.0 0.0 0.0 0.0 0.0 0.00020950093406142355 2.4843765031965166e-06 0.0 3.640593628005764e-06 0.0 4.130282664124669e-05 0.0 6.4132115298232335e-06 2.735935309058721e-05 4.97033812911618e-05 2.1709602016516473e-05 2.1671101313215033e-05 0.0 0.0 0.0 0.0 0.0 1.5821407007159911e-06 0.0 0.0 0.0 0.000146312055718365 5.043515983668423e-05 6.903326520875031e-05 0.004253467646045155 0.00013787530145438612 0.003920687044937904 0.00045692062223920166 0.010704552211092266 0.00017805263270848713 3.713647852230507e-05 0.0001532220378813676 0.00040993602120094254 0.0 0.00010361247007240376 4.497087560905366e-05 0.00016898321892931507 3.3622880691521875e-06 5.040111642095282e-06 1.6413713999747943e-05 6.575927692814783e-05 8.729911410944862e-06 0.0030935305736163204 0.0001018171779550589
0.01600723436393315 0.021701767532251892 0.0 0.0016394728617340295 0.0051882198891466565 0.001360059878984439 0.0033134600893812705 0.013062168814327582 0.00494116012903513 0.0009684879708311509 0.03633701095978978 0.0028286218841293218 0.008832694824177645 0.028436036650189254 0.0003322109887339815 0.0005590436623273259 6.660597018070665e-05 1.2020973976429991e-05 2.4082709332730553e-06 3.601998340137592e-05 6.857146342789621e-05 4.879853785786409e-06 0.00023106252055701314 2.8879880961214554e-05 0.00012551767427044144 2.9508991595343785e-05 0.00017197065435801297 1.7864978611263436e-05 8.542210108864323e-06 5.100289619711272e-06 0.08001488072137809 0.00686866346594147 0.005305130875233462 4.908802907570271e-05 0.0001420891087785829 5.451281566410133e-05 0.0010945653886741701 0.00015227493671818757 0.00016810488728786157 3.397499451552519e-05 7.587113022134864e-05 8.366490689950858e-06 5.851252153605973e-05 0.00017200077382527166 7.990995231263716e-06 0.0 0.0009614731049531155 8.423514492576382e-05 1.261383309527564e-05 0.00010531967365538268 4.0802359262590705e-05 3.1588128510322096e-06 2.516609052930493e-06 6.785378417311779e-06 0.00025568996198060745 0.00022971093115686745 0.0014532864747586114 0.013186266369584133 0.0002053035310368318 0.0006176799236700216 0.0001690179323303241 0.000402095357988018 2.2427134758476476e-05 0.007488814593612132 0.00022240698845979535 8.58156603343751e-05 1.3925755366268552e-05 3.7958132680131806e-05 7.590539137891628e-05 9.176116523831543e-05 0.001290571131779303 3.2793699234909574e-06 0.0 0.004893666746826726 0.005906116508396196 0.0020816321926299085 0.0009100572353453952 0.0009051685306445587 0.0014545874449261083 0.03449884580143559 4.3672388996020194e-05 0.0195146254536727 0.0002796974640129636 6.187340800195819e-06 0.000209277771656386 5.517129806354135e-05 5.829297870046632e-05 0.0 3.551461122228847e-06 0.0 4.648735194070957e-05 2.0362358802892043e-05 4.425958439425408e-05 0.00013257622137743987 2.8851300959824704e-05 0.000602318181438022 0.00047734490392790685 0.0 0.0002858505724445497 0.0038468361710492552 3.741728912597104e-05 0.0 1.859468110799347e-06 0.0 3.9202313181677986e-06 9.733213945155562e-05 0.0 1.6998655073905756e-05 7.56618215223771e-05 1.6272457801744873e-05 0.0 3.6483605644546726e-06 1.5018882233297104e-05 2.896656816264563e-06 2.4138192277345136e-06 0.0 0.0 0.0 0.0 0.0 0.0 0.0 3.6944758795312635e-06 0.0 0.0 0.0 0.0 0.0 0.0 0.0 0.0 0.0 6.015516270478356e-06 0.0 0.0 1.2405911807818033e-05 0.0 0.0 0.0 6.667608224101747e-05 0.0 9.200179064674637e-05 2.0588025847263576e-05 1.4855048193720127e-05 1.3952869293358194e-05 6.134403042743322e-06 0.0 0.0 0.0 0.0 0.0 0.0 2.364114348606585e-06 0.0 0.0 6.396558807192116e-06 1.0141965732169316e-05 0.0 0.0 0.0 0.0 2.0749121556857872e-05 7.618066450087492e-06 0.0 0.0 0.0 4.82456276755758e-05 0.0 0.0 0.0 0.0 0.0 0.0 0.0 0.0 4.533268522968272e-06 6.330197826447406e-05 1.287222372357796e-05 0.0 0.0 2.379213819107349e-06 0.0 0.0 0.0 9.04534026338352e-06 0.0 0.0 0.0 0.0 0.0 0.0 0.0 1.9536819352188587e-06 0.0 0.0 0.0 0.0 0.00012007133069961794 5.2148521553457373e-05 5.4607536471529974e-05 0.0016956186124981124 8.513632837694893e-05 0.0021819120783500238 0.0003064377665207021 0.002850321563822014 9.53672199561319e-05 4.510114983332755e-05 9.951517828349189e-05 0.00016414446374616857 2.3486139952465614e-06 1.9006030848409446e-05 5.716332634999651e-06 0.0 1.7073901029876117e-06 2.468230087777399e-06 0.0 6.592125279592808e-05 0.0 0.0005824698661023896 1.785207764399556e-05
0.026123359554222625 0.016028286501030387 0.0016394728617340295 0.0 0.002159644501997823 0.011817238758879058 0.01718250396739807 3.1838321989720696e-05 0.000964875195851485 0.03999079573397241 0.0011542724463840712 0.006387715349766069 0.007842008940865945 0.00016801825469083884 0.0001457662226188123 1.847864741606436e-05 0.0 1.6083514925171692e-06 0.0 0.0 0.0 0.0 1.6199873675521748e-06 0.0 0.0 0.0 2.1309832600611162e-06 0.0 7.28476006029397e-06 0.0 0.0011992386668321542 3.442633860606585e-05 1.647942743167987e-05 0.0 0.0 0.0 4.79983713456764e-05 0.0 1.9067611375395146e-05 0.0 0.0 0.0 0.0 1.318164068472196e-06 0.0 0.0 0.0008649685455892862 2.933170162389336e-05 3.466644527261755e-06 1.9672473462278425e-06 8.447202493132458e-06 0.0 0.0 0.0 8.97699722371166e-05 0.00011310293411919748 0.0007419753843598825 0.0028381321980949837 8.370603915684571e-05 0.00039351780477037607 1.6398228243605993e-05 1.8362392062675648e-06 1.7437079815496526e-06 0.00047335186222663585 0.0001569675372553926 5.269950098333686e-05 0.0 1.9217052693112995e-05 1.455544029280136e-06 0.0 8.390853446912291e-05 2.8842710767308443e-06 0.0 0.0017556831906793992 0.0012228985723388625 0.0012333009040543538 0.00011801950436869494 2.1407894143586795e-05 2.157934455201146e-06 3.5464381924585393e-05 0.0 2.095015065967546e-05 0.00012340343658753748 1.748557366616222e-06 6.957471360134506e-05 4.296580065346878e-05 1.9538900807358056e-05 1.9342623639660472e-06 1.3845890472053957e-05 0.0 1.4857941281246254e-05 4.924952701975052e-06 4.182133929010592e-06 7.228011347649382e-06 0.0 0.0002151128767187758 0.00019188335504905155 0.0 0.00014481252864912214 0.010574582172433901 4.227595640132085e-05 0.0002346160316422651 0.00024662164393890684 0.002182181851699754 0.0 0.0005586230695743632 0.00032566884524814983 0.00014126718903248293 0.003188798243383552 0.0001497855390422933 5.375705064546107e-06 0.0001272924118828284 0.00038525508083795665 7.984970499823534e-06 2.1283830359805217e-05 0.0 0.0 0.0 0.0 0.0 0.0 0.0 0.0 0.0 0.0 0.0 0.0 0.0 0.0 0.0 0.0 0.0 0.0 0.0 3.430707392804414e-06 0.0 0.0 0.0 0.0 7.321962962781312e-06 1.319976042776927e-05 6.638540945947161e-05 3.3280723521837637e-05 0.0 0.0 0.0 0.0 2.2051625378368385e-06 0.0 0.0 0.0 5.279521832121774e-06 5.099671941131764e-06 0.0 0.0 0.0 2.291787565931686e-06 0.0 6.4645640023612735e-06 7.876286372034029e-06 0.0 4.766021435438149e-06 3.1832931966947764e-05 0.0 3.780097213724264e-06 0.0 1.1524591250804948e-05 5.9115670477210985e-06 0.0 0.0 0.0 0.0 0.0 0.0 0.0 0.0 1.7406017476077953e-05 0.0 0.0 0.0 0.0 0.0 0.0 0.0 2.124905329870628e-05 2.0000793955984513e-05 4.756970619596073e-06 8.278747352760418e-06 0.0 0.0 1.7622017107303329e-06 0.0 0.0 0.0 0.0 0.0 0.0 2.842195960749782e-05 2.528527654454038e-05 3.370966385614583e-05 0.0014292473024397358 3.4457629500074774e-05 0.0015205418135386232 0.0001431385361701257 0.004717030444072765 7.959267637147476e-05 6.482623464304326e-06 6.46522690528492e-05 0.00014776078190068974 0.0 6.121756621223542e-05 0.0 0.00013184571833142614 7.156367795875887e-06 0.0 1.1317792192066307e-05 1.3858713182013835e-05 2.805732096491082e-06 0.0005419256248515378 0.0001129199387980319
0.004533327796053526 0.044051975881117776 0.0051882198891466565 0.002159644501997823 0.0 0.0003145851505345291 0.018673154012641604 0.0014085245561637012 0.052259664102409585 0.0013910546460559065 0.021318431434410198 0.004766471532277499 0.015055321457586859 0.10446116805363971 0.0006812827733057343 0.00012812855878048995 0.0 0.0 0.0 1.4913126199325214e-06 0.0 0.0 0.0 0.0 0.0 0.0 0.0 4.204521195793008e-06 0.0 0.0 0.006669913356903982 0.0009421754917002193 0.0014807994336991685 0.0 0.0 0.0 0.0004392069173020023 5.053467150514773e-06 2.861695762638216e-05 0.0 0.0 0.0 1.586470262627901e-06 2.611876363984607e-05 0.0 1.4035814470904743e-06 0.0015507315915419826 3.2915857270776264e-05 0.0 6.683333185396874e-06 8.179478700945922e-06 0.0 3.870797298530755e-06 0.0 0.00010912746138631041 8.521303175701619e-05 0.0002584039812427086 0.001598603716279138 6.8132738497219e-05 0.0004567104497363347 4.512069172386143e-06 1.5513821456246184e-05 1.8515587163148133e-06 0.0017202487010190765 0.00010070732456835232 4.375692540549598e-05 1.4391075617315596e-06 8.139380278062774e-06 3.919112738753351e-06 0.0 0.0007543714439916183 3.4935757188066508e-06 0.0 0.0015518413380175827 0.0017746679978485297 0.0021834706957689766 0.0006376438650567525 0.00041129942258885633 6.175129470386171e-05 0.0008197353390491667 2.7096053607070627e-06 6.167811452456733e-05 0.00010806411379026383 0.0 8.321729888583768e-05 3.404932233351073e-05 2.0019139685593078e-05 0.0 1.834922239846772e-05 0.0 1.0626174107603827e-05 1.371945626224886e-06 0.0 2.8319981684977355e-06 0.0 0.00035027649879105393 0.0002129545905787466 0.0 0.000277334597321024 0.000693578070909151 1.6488951170355575e-05 0.0 6.806917964170632e-06 0.0 0.0 0.00022857715766032142 7.471346432264579e-06 9.791205556855172e-05 5.606099809952464e-05 4.6728881295385556e-05 2.3280005607786947e-06 9.824488052046774e-05 0.00013228662405945137 2.1032306641330154e-05 0.00010379554905725439 0.0 1.5491702075447266e-05 0.0 0.0 0.0 0.0 0.0 0.0 0.0 0.0 0.0 0.0 0.0 0.0 3.8128293126989108e-06 1.7410277701204024e-06 0.0 2.8831668242156158e-06 0.0 5.784509888118856e-06 1.0086441428770195e-05 0.0 0.0 0.0 6.353681344306997e-05 0.0 0.00018303401433590347 3.659753949962437e-05 2.777082893474822e-06 0.0 0.0 0.0 0.0 0.0 0.0 0.0 0.0 0.0 0.0 0.0 0.0 2.1615245598901904e-06 0.0 1.2153456705734351e-05 0.0 0.0 7.402896427422517e-06 0.0 0.0 0.0 0.0 4.4228123469686505e-05 2.1470256027217604e-06 0.0 0.0 0.0 0.0 0.0 0.0 0.0 0.0 0.0002502784184479854 0.0 0.0 0.0 0.0 7.652175823619077e-06 0.0 1.7562162836514016e-05 1.1260252931935601e-05 6.056104646282887e-06 0.0 0.0 0.0 0.0 0.0 0.0 0.0 0.0 0.0 0.0 0.0 0.00018109185649887384 3.790985765257775e-05 0.00010410679121129506 0.0021362582499976648 4.9453018862479974e-05 0.0020066679074178064 0.00023452036607044465 0.0006341965050764764 0.00010470061334105516 3.885504374184244e-05 8.333481406024163e-05 0.00028344047050652457 0.0 6.358932125838646e-05 1.5894478518275315e-05 9.335202439784351e-05 0.0 0.0 3.056256689452918e-05 5.936639175417039e-05 0.0 0.0003575104937816777 9.063919629576885e-05
0.0018688193071136215 0.0131097845273056 0.001360059878984439 0.011817238758879058 0.0003145851505345291 0.0 0.001857071936634754 0.00013112049096331046 0.00015644121495970564 0.018301940755124774 0.0005312951488897046 0.003018320754005414 0.001332533448433515 0.00015548889529106504 0.0 0.0 0.0 0.0 0.0 0.0 0.0 0.0 0.0 0.0 0.0 0.0 0.0 0.0 0.0 0.0 0.0013302295574760918 7.516428723843751e-06 6.499572159047786e-05 0.0 0.0 0.0 0.00013105032051412735 1.0613330177613974e-05 4.996127399213656e-05 0.0 0.0 0.0 0.0 0.0 0.0 0.0 1.9384716339882935e-06 0.0 0.0 0.0 0.0 4.2431475703292954e-05 1.720926860198158e-05 0.0 0.0 0.0 0.009511505126633433 0.001067852046957891 0.00011087697892549312 0.0 0.0 9.217096807909411e-06 0.0 1.7982345380616986e-06 0.0 0.0 0.0 0.0 0.0 0.0 0.0007842375859918378 0.0022753905898050077 4.963175517495433e-05 1.4364868609978362e-05 2.5962868864986908e-06 0.0 0.0 0.0 0.0 1.0620160864714903e-05 0.0 6.146630916066785e-06 0.0 2.3345028104730146e-06 0.0 2.001863973087413e-06 0.0 7.25851128869392e-06 2.3599341378610565e-06 3.9722693463493806e-05 4.401612699035782e-06 1.7738486688383186e-05 0.0 0.0 0.0 0.0068429558103769855 0.003753963902605014 1.210818370420426e-05 0.0008923328403788282 0.01046427323357207 0.0 0.0 0.0 0.0023404209135602858 0.0 7.302710610771076e-05 8.790551498640359e-06 3.798767136733444e-05 0.0007465326580079697 6.0203400563495275e-05 0.0 1.3155032929684892e-05 6.985557097017262e-05 0.0 0.0 0.0 0.0 0.0 0.0 0.0 0.0 0.0 0.0 0.0 0.0 0.0 0.0 0.0 0.0 0.0 0.0 0.0 1.4580204202940909e-05 0.0 0.0 0.0 0.0 0.0 0.0 5.887494342889124e-06 0.0 4.188170284161462e-06 0.0 5.741498914752152e-06 0.0 0.0 0.0 0.0 0.0 0.0 0.0 0.0 0.0 0.0 0.0 0.0 0.0 0.0 0.0 0.0 0.0 0.0 0.0 0.0 0.0 0.0 0.0 0.0 0.0 0.0 0.0 0.0 0.0 0.0 0.0 0.0 2.9385573197824163e-05 0.0 0.0 0.0 0.0 0.0 0.0 0.0 0.0 0.0 0.0 0.0 0.0 0.0 0.0 0.0 0.0 0.0 0.0 0.0 0.0 2.837187398426518e-05 0.0 0.0 0.0009370357568831337 0.0 2.6532795619082713e-06 0.0 0.010097446398794523 7.748234303892668e-05 0.0 0.0 9.6656187696229e-05 0.0 0.0 0.0 0.00012884499443338433 0.0 0.0 0.0 0.0 0.0 0.0012734776030326573 4.727958648678848e-05
0.012524312519888262 0.06130710769185277 0.0033134600893812705 0.01718250396739807 0.018673154012641604 0.001857071936634754 0.0 0.0003804756417207627 0.029614529046787803 0.024867858813896034 0.006191337849914726 0.027684702050844216 0.0828214593289944 0.07438935811445793 0.0023641912774325776 0.00047445589578359306 1.109047187758873e-05 4.303341388630084e-06 3.324300836512352e-06 0.0 1.2771000666454993e-06 0.0 2.1627165308732754e-06 0.0 1.0852097684567038e-05 0.0 2.4676789076357723e-06 6.159225747233435e-06 0.0 1.4953411818014186e-06 0.008715712128310947 0.002091652803443524 0.0010086541562982978 1.3777340989873926e-06 2.2565858339144134e-06 2.7112256519130058e-06 0.0009545258805562325 2.3833766348346764e-05 0.00015989447721698145 8.49860875912228e-06 1.771225089208809e-06 1.0441190320954279e-05 4.662722735001062e-06 7.892604994078562e-05 0.0 2.0670398759797945e-06 0.006973056525764395 0.0001858537930109622 2.7771021942409375e-05 1.9123271514017995e-05 7.629834943551865e-05 7.158384915158295e-06 7.113372501002666e-06 1.7379357279183368e-06 0.0004984524220595536 0.0005389913018738512 0.001873548810769705 0.009140957285397351 0.0004367418652178223 0.0024724737800672506 2.209899362132945e-05 5.918141269810077e-05 9.344118285423034e-06 0.00578683522644441 0.0006243494916787769 0.0002752593966540261 1.7287801094568867e-05 8.174704599679965e-05 2.6016836537270007e-05 1.5721372812353218e-06 0.001740128888434252 5.0826441781237485e-05 1.8787695527133201e-06 0.008819070708023317 0.008558508053273664 0.010013179568985023 0.0020532177960032854 0.0009291127998259392 0.00011181827688353314 0.00023486468214164975 1.4890640131001962e-05 0.00014002332912909661 0.000738133402240144 9.25148650209174e-06 0.0005419159271626801 0.00016893779022412555 0.00011514803694444483 1.5085622065914543e-06 6.614619079035259e-05 3.1265816528925e-06 9.320704401700021e-05 2.1776764087182566e-05 1.3061447055961309e-05 1.4130308480815572e-05 1.3166937366500528e-05 0.002937148831777821 0.0017246033216238353 1.232842788206222e-06 0.0012565172912013208 0.00465587386287508 0.00021425709831988048 0.0003038120840808334 0.0014743088896221471 0.0017747620027164757 7.011754805385948e-05 0.0015155450068416473 0.0003884790005254143 0.0011865587399663203 0.004835240983991434 0.0008610513717125071 8.1175345004911e-05 0.0011827350605954925 0.0019325381336743046 0.000295848116139467 0.00040538580760550355 0.0 0.0 0.0 0.0 0.0 0.0 0.0 0.0 0.0 7.287083721155878e-06 5.896851700310699e-06 5.393480691693322e-06 2.2532111733513514e-06 2.6358242355701843e-05 0.0 3.27878900827548e-06 1.8069195719475958e-05 1.6602159489631278e-05 6.192944374862752e-06 5.301224759695486e-05 3.963403725953618e-05 0.0 0.0 1.7307802527153143e-05 0.0005457297258387864 0.00019118485032148565 0.00085682728510844 0.00040926061062396003 3.4317941556898424e-05 3.734245783912146e-05 1.880273931195021e-05 1.0433411355316402e-05 1.2009349184467966e-05 1.1962317488479107e-05 1.6515268738103758e-05 0.0 3.228677164114096e-05 7.459235917871222e-05 1.9363270593666132e-06 0.0 0.0 3.073050167110885e-05 8.352048634901022e-06 7.594777264451452e-06 1.673502526075059e-05 0.0 0.0001953746495470562 0.00017465065926365944 0.0 0.0 4.167135152282639e-06 0.00032887118970666 0.00010322585126322724 3.198157854723727e-05 1.1544650801942656e-05 0.0 0.0 3.858982202096093e-06 0.0 0.0 2.0745108132844755e-06 0.0013093682080464386 3.8748361325160725e-06 0.0 1.6318823432079504e-06 2.3095023172731666e-05 0.00011074125128867523 1.8899110145658644e-06 6.541031650872625e-05 0.00019245760001166743 0.00016458854193625468 2.74263839214501e-05 4.6277522607626815e-05 1.5213370430824357e-05 0.0 0.0 0.0 0.0 0.0 0.0 0.0 0.0 0.001123076919920422 0.0002812949763952655 0.0006620125491645201 0.010985287517171363 0.0003287178234943535 0.00994556750284914 0.001195184048928999 0.00433980914264192 0.0006078554082346749 0.0001293784330080406 0.0005088315510914419 0.0014698209462722476 1.0405467954825786e-05 0.0007150714478485185 0.00012803977431023652 0.0008379442104123114 7.992923185872403e-05 6.802671254987222e-06 8.848438483427847e-05 0.00021579015668578752 2.490994152009259e-05 0.002483514907265582 0.0007275614299009501
0.0013235620656512881 0.0025141959715380695 0.013062168814327582 3.1838321989720696e-05 0.0014085245561637012 0.00013112049096331046 0.0003804756417207627 0.0 0.0020414531995906586 7.64256214986092e-05 0.019258584900844495 0.0007135403659189066 0.0016770923313859732 0.011265830352172214 0.00012701541926264475 0.00022589317974333045 3.465442567997046e-05 5.733502207278042e-06 8.910872042102577e-06 2.7614343378035417e-05 3.954594980644566e-05 0.0 0.00017301683292241887 5.682304194932706e-05 5.34821296138087e-05 1.2573513551570592e-05 0.00012511284502624234 8.486529561168064e-06 0.0 0.0 0.03142513587007327 0.018111432206486366 0.0027051138913180427 4.7551001482915156e-05 9.569978175264436e-05 1.3962280444231552e-05 0.0002409348305281523 0.00010693976212218594 7.340899109313044e-05 1.3415818177548077e-05 6.911647354170042e-05 2.671072867908484e-05 0.00013385986694479618 9.272589267747628e-05 6.3625864853190916e-06 2.711980111832224e-06 0.00037651213316515795 4.493285012629608e-05 1.803302624596431e-05 0.00011788428614775587 1.1206839413301513e-05 2.61222921118366e-06 0.0 3.3134209081502555e-06 0.00010376065697548344 7.086782005824372e-05 0.00044110286737490765 0.004070526965510646 6.186873973052325e-05 0.000208936307449082 0.00040629972685913727 0.0010246499935737602 1.029421417601798e-05 0.006095274173572138 7.600605636276686e-05 3.4216199622736776e-05 0.0 4.7170494447849544e-05 8.40759248235323e-05 8.814492450063295e-05 0.0003219801082378716 4.113582554598589e-06 0.0 0.0017212420656320647 0.0020774867755700877 0.0008382697760865846 0.0006310178640672448 0.0017451002294733454 0.0036208123539082718 0.03106840952276242 0.00037592356968320806 0.03735625778958021 8.829930373284179e-05 0.0 6.943112563291448e-05 1.674570772119044e-05 3.732034724368527e-05 0.0 1.762628679358926e-06 0.0 8.032209395213354e-06 4.500939739722565e-06 6.064608174574817e-05 5.3326212132165875e-05 4.789201709608243e-05 0.00011998508398275811 0.00010916810193365361 0.0 8.450063385683171e-05 0.0008676549909767689 0.0 0.0 0.0 0.0 0.0 1.0967288387152514e-05 0.0 2.8849238967612658e-06 3.3610227066004656e-06 0.0 0.0 2.9596124552563757e-06 2.721801147182654e-05 0.0 0.0 0.0 0.0 0.0 0.0 0.0 0.0 0.0 0.0 0.0 0.0 3.856389573975271e-06 0.0 0.0 0.0 5.471157895429156e-06 0.0 0.0 3.323927931654394e-06 0.0 0.0 0.0 0.0 0.0 0.0 0.0 0.0 3.0188398295932853e-05 2.243050022819852e-06 0.0 0.0 1.085661173909624e-05 0.0 0.0 0.0 0.0 0.0 0.0 0.0 0.0 0.0 0.0 0.0 1.8282251713549654e-05 1.9183047662658744e-06 0.0 0.0 0.0 0.0 0.0 0.0 0.0 2.9256770589386947e-05 0.0 0.0 0.0 0.0 0.0 0.0 0.0 2.3335272297318985e-06 1.619862318050695e-05 3.0081497731936598e-05 0.0 0.0 2.32788026888903e-06 7.762996821942944e-06 0.0 0.0 0.0 0.0 0.0 0.0 0.0 0.0 0.0 1.9604328782581027e-06 0.0 0.0 0.0 0.0 0.0 0.0 4.558039055919722e-06 0.0 9.599862086674468e-06 0.0006432176989731406 5.087611030247965e-05 0.0008057151199486989 0.00015688391155013317 0.0008454427368646252 3.77014323556184e-05 1.764933715251852e-05 4.0090319264567844e-05 1.863558170207342e-05 0.0 2.1115739609247264e-06 0.0 9.061765377540263e-06 1.5291392561416845e-05 0.0 0.0 2.3234822081797243e-05 0.0 0.00021003483055621704 3.047715316521541e-06
0.0018571608292325477 0.03793031223342819 0.00494116012903513 0.000964875195851485 0.052259664102409585 0.00015644121495970564 0.029614529046787803 0.0020414531995906586 0.0 0.00043512776404329814 0.017739974435362287 0.0024061395122316116 0.010151316544495661 0.0884102550207981 0.000646944958177069 0.00015638364772157363 1.6247005119167428e-06 1.9954070018010004e-06 1.5274096479915166e-06 1.3486172443551346e-06 4.154895925567341e-06 0.0 0.0 0.0 6.766613828640216e-06 0.0 2.9292278052027172e-06 0.0 0.0 0.0 0.005680835298233356 0.0013787104126980788 0.0015731957910700123 0.0 2.3277053725910246e-06 0.0 0.00021803649229910828 0.0 3.0360705344803236e-05 4.440525233110043e-06 0.0 6.107275870029874e-06 3.708933613074583e-06 3.46647918673521e-05 1.4344265853105195e-06 0.0 0.0016501225893991078 3.715355334782543e-05 4.667206378659281e-06 2.446582954014983e-06 1.4440501797705898e-05 0.0 0.0 0.0 9.573401763539922e-05 0.00011806710211236235 0.000261801855977925 0.0013846625120304424 7.159900538904285e-05 0.0004840099005745363 3.661815550212134e-06 4.1724774637779756e-06 7.835240887048774e-06 0.0019308487573493733 0.0001088133829117028 4.0713192291160006e-05 7.655185959208629e-06 2.693432102625826e-05 4.962288060700452e-06 5.501691626330342e-06 0.00043913632028966883 2.621074044059613e-06 0.0 0.001679295007395839 0.0021525454536928507 0.0023413078672918806 0.000716424680516973 0.0003380036342734651 7.384436717869509e-05 0.0015498378223963024 1.2406459744133423e-05 0.00020663514144085815 0.00011031531825160862 2.4140016929604078e-06 9.953679757441243e-05 1.7734265794650253e-05 2.7288079199845436e-05 0.0 1.2606764527583915e-05 1.55869026988403e-06 1.0586032163385318e-05 7.779001590283e-06 0.0 2.918479792440971e-06 9.181698959564158e-06 0.0002757799817023733 0.0003353848994336013 0.0 0.00024739486641940406 0.0003194183260662271 0.0 2.7278418814989458e-06 1.1102833829063369e-05 1.1871187596696065e-05 0.0 0.0001781300710855162 5.504425225733095e-06 7.9343771096571e-05 8.978863302334854e-05 6.994229858427226e-05 2.7410650688398063e-06 8.749471196586816e-05 0.00010424174100561293 4.296623924580806e-05 8.620259555176925e-05 0.0 0.0 6.653530937312387e-06 0.0 6.7605442242704045e-06 0.0 0.0 0.0 0.0 0.0 0.0 0.0 0.0 6.3332404002993395e-06 0.0 0.0 6.4064789684660065e-06 0.0 0.0 0.0 4.095956954414886e-06 0.0 0.0 0.0 0.00015316778448205669 1.746914287530956e-05 8.030479030170397e-05 4.5110623157537155e-05 0.0 0.0 0.0 0.0 0.0 0.0 0.0 0.0 0.0 3.0152959764600185e-06 0.0 0.0 0.0 2.3971889415682097e-06 2.2113724376914486e-06 0.0 0.0 0.0 0.0 0.0 0.0 0.0 0.0 4.3174214867355154e-05 0.0 0.0 0.0 0.0 0.0 0.0 0.0 0.0 0.0 0.0002157029046531126 0.0 0.0 0.0 3.0659842755758047e-06 1.1223337108070333e-05 0.0 1.377209247902064e-05 3.373182459572929e-05 9.913775261303364e-06 7.843234485856074e-06 0.0 6.098133821574851e-06 0.0 0.0 0.0 0.0 0.0 0.0 0.0 1.7423416549062693e-06 8.636124622733656e-05 4.364828263649101e-05 0.00010061926576906021 0.0023708045907363915 6.526500890691118e-05 0.0022150898776981945 0.0003048896593690793 0.0004597662861070029 0.00014011954020436281 1.0624275117660258e-05 0.00010267275739927818 0.0002137837550052712 0.0 3.37036276361544e-05 3.7130247537579913e-06 8.234536055558067e-05 0.0 2.419576478669479e-06 4.500185144643921e-06 4.262053211378447e-05 4.679377214704724e-06 0.0003682506982481897 9.860641536198254e-05
0.03464924343710823 0.013998923328637523 0.0009684879708311509 0.03999079573397241 0.0013910546460559065 0.018301940755124774 0.024867858813896034 7.64256214986092e-05 0.00043512776404329814 0.0 0.000570392091106617 0.06016534024690966 0.078058068455319 0.004580353450280859 0.0008501004208562029 0.00018929058906561554 1.0422651989162823e-05 2.022074632464047e-06 0.0 0.0 0.0 0.0 9.45406737028598e-06 0.0 5.470994893160692e-06 0.0 8.726354149996478e-06 1.0646592642178555e-05 4.422539703373337e-06 0.0 0.001173296957580878 0.0002311237873789697 0.0004059445063957138 6.0635589589780955e-06 3.7782448537828673e-06 0.0 0.0007998893293981924 6.981897114904671e-06 0.00015398400050035464 9.122921098448196e-06 0.0 3.6907298008639353e-06 4.299123062926256e-06 2.2692024798125144e-05 1.417307292338818e-06 5.242906062183533e-06 0.0027681651887182255 4.8320648185622606e-05 1.3869357932973668e-05 2.8088317076210374e-06 1.930549399358234e-05 2.158005197645022e-05 1.4209196983332492e-05 3.3244620817082717e-06 0.0002411866278093068 0.00027451267522019863 0.004768006883217601 0.005637793683819165 0.0002807614526701706 0.0009870253058218343 6.78997221590267e-06 6.887208002361561e-05 1.580894530802845e-06 0.0012534589026152005 0.00030949891979289334 0.00011116881069912197 7.459051655024954e-06 3.8331380707873636e-05 8.636377573600517e-06 0.0 0.003969029496907066 0.0007190140089907126 2.4267715555844913e-05 0.0038144580751570743 0.0025713949899784836 0.0035414564157601187 0.00055577919521737 0.00023190777557811361 8.68146337932478e-06 0.00014634404146698603 5.96587032086042e-06 9.85770291346131e-05 0.0003621322853765685 5.720296455503213e-06 0.00021002336322498708 7.506231837159864e-05 5.5478141454043696e-05 3.875059551048223e-06 2.856383794434147e-05 2.0474192280480482e-05 2.9817176713473864e-05 1.1100381090949066e-05 0.0 7.301855294887738e-06 3.0135272937196236e-05 0.010905787665185402 0.005032288095201822 4.225468879522829e-06 0.0024201454610646607 0.02765900227933182 4.868895005414843e-05 0.00011329938645351192 0.0007044423661913299 0.0034735920533344785 0.00014829677525882737 0.0045369220828455495 0.00043014256416208066 0.0016841986315348201 0.005033817350451782 0.002125942620891778 0.00013526692239462828 0.003107005453895259 0.003933177480315053 0.0006313704021566882 0.0008145924902940518 1.287069912524604e-05 0.0 0.0 0.0 0.0 0.0 0.0 0.0 0.0 0.0 8.993319562640425e-06 0.0 4.3704544775199866e-05 3.8215090618512286e-05 0.0 4.536301527532804e-05 4.512767054569391e-05 1.0715858334160078e-05 2.5703514144494735e-06 8.416589153329013e-06 2.119075119877191e-05 0.0 0.0 0.0 0.0008839885715205217 0.0001375903415914833 0.0008826321763918041 0.00033854216376308317 3.256585774568307e-05 5.001252739281492e-05 4.0213418415521864e-05 0.0 0.0 0.0 0.0 0.0 0.0 0.0 0.0 0.0 0.0 6.739952361247022e-05 3.2821915116804196e-05 2.6215781887207874e-06 0.0 6.384054397681852e-06 9.720395330526308e-05 8.09066540118678e-05 2.9305480424816345e-06 0.0 0.0 0.00035616987378543445 1.3087006919964037e-05 8.116850958723013e-06 2.519334948245931e-06 0.0 2.5088298169737653e-06 7.000528436381619e-06 1.6087575114346413e-06 0.0 0.0 0.00242339921192432 4.731696077142874e-06 0.0 1.6096465901427405e-06 1.6740954704795027e-06 5.679451060533079e-05 8.822439662155388e-06 0.00010168466278749218 6.312956146614929e-05 9.879396366359219e-05 2.9898660006662425e-06 1.647420514175534e-05 0.0 0.0 0.0 0.0 0.0 1.6814013781243184e-06 0.0 0.0 0.0 0.0020334741062281803 0.0004764322311145053 0.0008323659688118628 0.01817769537032667 0.00014023293288109638 0.004563274289792216 0.00047871707540553363 0.0343636342110125 0.00030666130426346713 0.00019568241391389144 0.0002682182870052896 0.0029102529288724545 0.0 0.00030681086222377005 6.222010936672376e-05 0.0021860616422362117 4.113965190935261e-05 7.37983525573913e-06 0.00010905715564254129 8.456858674530278e-05 1.9553603720101194e-05 0.015499089944038685 0.002210949468159969
0.005918212863758341 0.029343900219522476 0.03633701095978978 0.0011542724463840712 0.021318431434410198 0.0005312951488897046 0.006191337849914726 0.019258584900844495 0.017739974435362287 0.000570392091106617 0.0 0.011225822159965185 0.032489147955815166 0.06671711895807557 0.001288951926714512 0.0012236829893988671 6.514584113819836e-05 4.513879632905296e-06 0.0 6.534629567829351e-06 2.362710312483185e-06 0.0 2.084727216989564e-05 1.5501005369098208e-05 5.383220509849963e-05 8.413220710099572e-06 3.3795323710775413e-05 5.589644055153714e-06 3.465090599334267e-06 0.0 0.026055484117374215 0.004436748715728893 0.02520991161840437 8.369086832216772e-06 3.5612275531709364e-05 3.5126177627491155e-05 0.008180412356449347 0.0003384999115747374 0.0003176399811839039 5.490049385286344e-05 3.284912054682564e-05 9.96288706086742e-06 1.1114427939835558e-05 0.00021415690017668933 4.064781351396833e-06 7.967225959344434e-06 0.0015442253280181708 2.988113658700523e-05 1.4325753066445366e-06 9.290625157886683e-06 8.874604037368946e-06 1.2328143776947533e-05 2.46289696712307e-06 5.9272850077579305e-06 6.148571724336939e-05 8.003267396331274e-05 0.0002875032296025809 0.0022851104744086082 6.840183172471572e-05 0.0004422892180235558 2.0501714389038427e-05 0.0017885849297371117 6.744497691667538e-06 0.0025430155036801527 9.67183481923142e-05 4.262542745305608e-05 7.672571786569563e-06 1.0517663659677487e-05 1.6705277617074444e-05 2.2576386988156525e-05 0.007310563731898668 6.413054744888392e-06 0.0 0.0015352669262175924 0.001688378246362438 0.0018637845577866169 0.0009623794905554707 0.001543407300998716 0.0006371054924872286 0.03264156847275172 9.132561885187329e-06 0.0048799242908903325 9.435273911560897e-05 0.0 7.235623012949028e-05 2.4525859383034275e-05 2.073936547912786e-05 0.0 6.345390962430795e-06 0.0 1.801846552093793e-05 1.4873039264993325e-06 8.459182213748706e-06 1.0093872223725178e-05 2.1375172857366283e-05 0.0008446388896909326 0.00019051715815871775 0.0 0.00045469596065636915 0.001353486505291181 0.0 1.5491646254604086e-05 1.7772707162963426e-05 4.3201061584258426e-05 0.0 5.851974932155598e-05 4.650347132424336e-06 3.514744577422141e-05 2.060790712311762e-05 2.079455499262732e-05 3.2851472861485984e-05 4.983079027075144e-05 5.242332553704632e-05 2.129617257800356e-05 2.6500451697981228e-05 0.0 0.0 0.0 0.0 0.0 0.0 0.0 0.0 0.0 0.0 0.0 0.0 0.0 3.0210051106391178e-06 0.0 3.429536641851305e-06 0.0 0.0 0.0 0.0 1.1872520809279935e-05 0.0 2.5766341652350137e-06 0.0 9.50080021526671e-05 5.3334565255047906e-06 0.00010305777051446685 4.499119520692812e-05 2.357143906658563e-06 5.703219602591458e-06 3.5757561643175602e-06 0.0 0.0 0.0 0.0 0.0 0.0 0.0 0.0 0.0 0.0 1.1255720090246103e-05 0.0 0.0 0.0 0.0 0.0 0.0 0.0 0.0 0.0 3.509005275659027e-05 0.0 0.0 0.0 0.0 2.2019971040661367e-06 0.0 0.0 0.0 0.0 0.0001497605984787832 5.032828576393558e-06 0.0 0.0 2.4798386606082345e-06 4.65095572829038e-05 5.229615024810525e-06 0.0 0.0 1.801672372140748e-05 0.0 0.0 0.0 0.0 0.0 0.0 0.0 0.0 0.0 4.938263742943197e-06 0.0 7.210886986199183e-05 4.4675235583421255e-05 0.0001054225989103241 0.002652931869284271 6.500218694164874e-05 0.0023516390970394203 0.0005424727277739033 0.0010266849551169117 0.00017482052060270573 1.3598493711510348e-05 0.00012614626900103937 9.952763849586966e-05 2.8478520989177157e-06 7.060485968972845e-05 3.93270842547389e-06 5.868142351349606e-05 0.0 0.0 6.263118067872099e-06 0.00010061384357834376 0.0 0.0002790365934816151 9.151002334522047e-05
