0.0 0.03676447725061115 0.008002256714694463 0.03579625094786132 0.0012211350423498254 0.0020682764786449006 0.01608824282610771 0.006521145452036764 5.21323285837508e-05 0.02356618991454491 0.0005863286794239096 0.0037999529337900987 0.00410048450314813 0.0023818853792467974 6.792144470728322e-05 0.0 0.0 0.0 0.0 0.0 0.0 0.0 2.462913664329933e-06 0.0 3.3294054722125174e-06 0.0 0.0 0.0 0.0 0.0 0.054029305762010586 0.0005047398362139924 0.0016050362818795939 0.0 3.2709547851391754e-06 3.348445760866167e-06 0.00031419892811608644 2.2512987318793906e-06 2.814075822745687e-05 3.2848404454492603e-06 0.0 5.27379678084652e-06 3.6331852405573913e-06 0.0 0.0 2.4659397272241514e-06 0.00023175506751998027 6.709710161808591e-06 0.0 0.0 5.1404841407241715e-06 1.7407825157265864e-05 2.869451374538536e-05 0.0 0.00020120175058820194 0.00024920903329261006 0.006335991304744579 0.018262371176418 0.004772184401012937 0.0006326759317119981 3.0408738326214913e-06 1.3072488083231371e-05 0.0 0.00035246120505860203 0.00010946298507938126 1.345234850314393e-05 1.7417592387140944e-05 2.8750158586967356e-06 0.0 0.0 0.0007625684882978771 6.30677481086527e-05 8.649908417535896e-06 0.004728451677407153 0.00022571950082301393 0.00019660819299535407 3.244477373566905e-05 2.0500959053487027e-05 7.529056607357146e-05 0.0014366172612791058 2.667469270402642e-06 0.00025457532077432924 0.0002878886416803076 2.9494400130599156e-06 5.88025299995887e-05 7.6498859826911e-05 5.381533379909969e-06 4.0392421224918676e-05 1.0850836778244163e-05 2.4499685107751723e-05 7.300502556332941e-06 1.458149660855805e-05 1.0286593355809102e-05 0.0 0.0 0.007980026599063004 0.002331034079020657 4.9847938841244756e-05 8.251956489086003e-05 0.03517030602129345 1.0401116949784398e-05 0.0002435364463174557 7.169248441981344e-05 1.687080900085436e-05 0.0 9.030018011614803e-05 0.00021524399317731152 9.296899441604725e-05 0.00024950347247695067 0.0007200428391385795 2.2752591153147567e-05 0.0001135153697602545 0.00047010065709497776 0.00016305465383630122 0.00011785744820404832 4.043895563604358e-06 0.0 0.0 1.1879399469613093e-05 0.0 0.0 0.0 0.0 0.0 0.0 0.0 0.0 0.0 0.0 0.0 0.0 0.0 0.0 0.0 2.212904091299925e-05 2.8384292313838684e-05 0.0 0.0 0.0 0.0004399384174761666 2.0795312259762372e-05 0.00033642091821204663 0.0 0.0 0.0 0.0 0.0 0.0 2.829025299389998e-06 0.0 0.0 2.1543718467317063e-05 1.7121817906669683e-05 0.0 0.0 0.0 0.0 0.0 0.0 0.0 0.0 4.649426910180319e-06 0.0 1.498961380071369e-05 2.057262866530815e-05 5.292494414465749e-05 9.339145088391833e-06 0.0 0.0 0.0 0.0 0.0 0.0 0.0 0.0 0.0 0.00022904203717504003 1.6652460404225817e-05 0.0 0.0 0.0 5.934424453281847e-05 3.101501670862162e-05 0.0 0.0 0.0 0.0 1.286492304209781e-05 0.0 0.0 0.0 0.0 0.0 0.0 0.0 0.0 0.0 0.00015670433665098042 2.823591769558481e-05 6.403308549143068e-05 0.0029858188530864625 9.952568795519439e-05 0.0020922686542948848 0.0003921132857918193 0.0170066648143538 0.00022863475522734338 7.707510104223368e-05 8.877492477817324e-05 0.00010203535949250736 0.0 1.4904329237820822e-05 9.899478333865882e-06 0.0015466511547032036 9.818230278911921e-06 0.0 3.484391276457157e-06 8.71578992111789e-05 0.0 0.007330441948106747 9.068920085001781e-05
0.03676447725061115 0.0 0.02975036377974813 0.06383299475649838 0.054419232519753745 0.002171748410142794 0.0625772555826495 0.04070074050796461 0.014574451938398656 0.030497976287485525 0.0437108180433559 0.013159829443005876 0.02832752807353663 0.03221454499496838 0.001152711708189674 0.00011130103267416392 0.0 1.542903207806764e-05 0.0 0.0 1.7768217223204817e-05 0.0 0.0 2.1840953155447722e-06 4.5487895848504735e-06 6.7349088321614576e-06 1.7021081625453462e-05 2.68456414310812e-05 3.189830019486274e-06 2.8421511488266194e-06 0.060330243759279464 0.003222676353978291 0.005529270475271426 0.0 2.3715658228335674e-06 2.9010317262260184e-06 0.0009396501775557821 1.3612822506291738e-05 4.15975189870181e-05 2.6174504562401436e-05 1.6676184064092013e-05 3.1656922860135646e-06 1.1369785171475494e-05 6.548146630018377e-06 2.6948889731806475e-06 2.5066440549695836e-06 0.0030893566003877184 7.635961875585816e-05 1.831638903357749e-05 9.129549829359934e-06 2.743559858114658e-06 0.0 4.9290279838044316e-06 0.0 0.0003884454266520103 0.0004228250852395323 0.004015577732740484 0.014500236539386147 0.004575414931417306 0.002780754859728051 1.2163651267118387e-05 4.085459651724058e-05 8.533640928841692e-06 0.005327086361412973 0.00021218188519592433 3.6117857462388975e-05 4.8984539810368325e-05 2.5500579084399063e-06 6.90731452242035e-06 1.343968275802326e-05 0.0010161144441892668 5.109487831544757e-06 2.131762048922598e-06 0.008510067499422173 0.002173686090701216 0.0027111258164287558 0.0011756015256071386 0.00035486002349476616 0.0002480235553599907 0.005806497937443644 3.887488485163809e-06 0.0008602910205443805 0.000868717499142745 4.623899941507695e-06 0.00010460477341565642 0.00016619112250239497 1.6935788343087e-05 1.1204749464188548e-05 2.253173256479453e-05 0.0 6.156577782074446e-06 3.0128464028117923e-06 1.2882674673665567e-05 6.2218361474621135e-06 2.234838393517448e-06 0.0005754571562015082 0.00024364765063088987 0.0 0.00013189500661083152 0.010439955728715332 0.0 0.0002723222278068475 3.2156783514554704e-05 9.720063484619093e-05 0.0 0.00017854491993852495 0.0002074520057306717 0.00013168303296329285 0.00023001315759659576 0.0005380062128935871 5.360037079156732e-05 0.0003393327815522616 0.0003570051900107233 0.00032933862352409405 0.000226529258666229 1.7055585596359353e-05 2.9824196983144043e-06 0.0 7.1686888545550294e-06 0.0 0.0 0.0 0.0 0.0 0.0 0.0 0.0 0.0 0.0 0.0 0.0 0.0 0.0 0.0 4.166125428342512e-05 0.0 0.0 0.0 0.0 0.00035034558255252446 0.0 0.0005529867408000368 1.3065725624512663e-05 0.0 0.0 0.0 0.0 0.0 2.217132427657912e-05 2.7410419580303916e-06 0.0 0.0 4.677170936820349e-05 0.0 0.0 0.0 0.0 0.0 0.0 0.0 5.575570259150825e-06 2.2970891488503656e-06 0.0 8.064549471731684e-06 0.0 3.2407460269259605e-05 7.799908216453118e-05 0.0 0.0 0.0 2.176176411293281e-06 0.0 0.0 0.0 0.0 0.0 0.0005083683060443414 3.8156947729278025e-06 0.0 0.0 0.0 0.00021306625111356192 5.023510577447264e-06 1.1051119233920178e-05 3.0507192944247738e-05 1.837846803555844e-05 3.049136811356592e-05 0.0 0.0 0.0 0.0 0.0 0.0 3.609921279450236e-06 0.0 0.0 0.0 0.00018909659928332165 0.00019645166587206776 0.00029349942948775007 0.0060316673980555955 0.00022434564555785187 0.006026829090719525 0.000980337504963825 0.01043479549780581 0.0005142626890526493 0.00012436102189894365 0.0005024159742256376 0.00016699980926980712 0.0 8.571809349775992e-05 1.9330026216715572e-05 0.0003956740657403185 0.0 5.9496638625620965e-06 8.017869810398983e-05 0.00026784178307825865 4.623259161587724e-06 0.0031899006739891473 0.00022956851919345706
0.008002256714694463 0.02975036377974813 0.0 0.0076268719484639215 0.016822620484905182 0.00016661920262517766 0.004129987337443034 0.11317238929155765 0.011475852707153535 0.0006029562964256367 0.0773796155270098 0.007425488182311667 0.018039601206452795 0.0412809699620454 0.00011675072293470713 8.244908376356768e-05 5.70700983467799e-06 1.3159176075816047e-05 0.0 1.5684396462332667e-05 2.872830555835488e-05 0.0 1.7994521224206876e-05 2.234508351302972e-05 0.00011943262901726243 2.65947884618983e-05 3.469232796058571e-05 7.803953200531476e-06 0.0 5.798833191652945e-06 0.06256084137516957 0.013052322716235914 0.009381987023680729 0.0 1.4149199099454005e-05 1.6851723087048183e-05 0.0010161049056934895 3.201125691971096e-05 2.2653378752025834e-05 4.272589734541444e-05 0.0001299664174216923 8.448747160588624e-05 4.639654468898928e-05 5.410259584277969e-06 0.0 7.779030511656798e-06 0.00028656106715042244 1.5397659614852927e-05 0.0 2.392865002650033e-05 2.6723602867538143e-05 0.000121313836181332 0.0 3.335106588494162e-05 2.7388284081302654e-05 1.2746553551931955e-05 0.00029568277391467336 0.001813162360913762 0.0003197175389209271 0.00015385400136368226 4.115186040546883e-05 0.00014130460159863351 0.0 0.005383360346473264 1.6936196738896755e-05 7.5066317232217814e-06 5.3047545621193534e-06 0.0 3.261247658798362e-05 2.637787513117911e-05 0.0010785885936523468 9.480375010538027e-06 0.0 0.0004477140544903675 0.00010354706821574997 0.00016690719203517817 0.0002779333574987659 0.0004510187246409984 0.001282891881478752 0.02181279185637104 1.829307458063487e-05 0.005684231658561533 1.9170605444866603e-05 0.0 5.172077226898672e-06 8.632672857137862e-06 1.3298888809556792e-05 0.0 3.2433777262795586e-06 0.0 1.0046653923111276e-05 8.995455072733998e-06 0.00012863567833122763 1.9555102191389992e-05 8.234236105678268e-06 0.000474996353978464 0.00041772733422500244 0.0 0.0001874095380933021 0.0022356536681513287 0.0 4.0539639194861306e-06 0.0 4.402731507674369e-06 2.9146044993789766e-05 1.8893824208447274e-05 1.715476859460501e-05 4.113855753044039e-05 2.401738648704436e-05 0.0001135107237002778 0.00012123477570035799 1.098350863844654e-05 3.168313684221614e-05 0.00010267357974003237 4.78755963475004e-05 1.8398775081224767e-05 3.454874885003039e-05 0.0 0.0 0.0 0.0 0.0 1.087819950027612e-05 0.0 0.0 0.0 0.0 0.0 0.0 0.0 6.08820879517654e-06 0.0 7.649161860825842e-06 0.0 3.506022870996029e-05 2.4807452311649223e-05 0.0 1.102018659717585e-05 0.0 0.00029389374111708555 1.3417103376982502e-05 0.00014654921916804205 4.6105554157844585e-05 0.0 0.0 0.0 0.0 0.0 0.0 2.1805136396819717e-05 6.693026158810026e-06 9.999001594360183e-06 1.0025365024162514e-05 0.0 8.199783640500125e-06 0.0 0.0 1.795733489988916e-05 0.0 0.0 0.0 0.0 3.0511516586479912e-05 0.0 1.6950589953681422e-05 2.71013720332372e-05 7.514393230835967e-05 0.0 1.602160202853454e-05 0.0 0.0 0.0 0.0 0.0 0.0 3.112592719607349e-06 0.000366513796648976 0.0 0.0 0.0 0.0 4.758536927724138e-05 6.78922243318187e-06 1.354144550378217e-05 1.9399044297450136e-05 6.69917411769662e-05 3.32307156548206e-05 0.0 0.0 0.0 0.0 0.0 0.0 0.0 0.0 0.0 0.0 5.3664231405059936e-05 0.00013615267629188258 0.00030555208510046515 0.0005924000809267864 6.611988810949371e-05 0.0003949546369796384 8.37238969615108e-05 0.0008729820673468589 6.0053480228866536e-05 0.0 8.085409352301749e-05 0.00014808904900474087 4.92203293819705e-06 8.829980187867727e-05 2.0803614415295114e-05 0.0 0.0 0.0 7.041062041218765e-05 1.3194206459592899e-05 0.0 0.0003051759405957529 9.944254412445818e-05
0.03579625094786132 0.06383299475649838 0.0076268719484639215 0.0 0.0006740348526458026 0.007704835374064802 0.027391617706391765 0.00013396324242793492 1.950608009417073e-05 0.03818582609089358 0.00029373802997430487 0.025113486557683824 0.01575184009306757 0.0003295711059818623 6.776307412505625e-05 0.0 0.0 0.0 0.0 0.0 0.0 0.0 0.0 0.0 0.0 0.0 0.0 0.0 0.0 0.0 0.007525503081199565 4.798465425098109e-06 1.3427421150364774e-05 0.0 0.0 0.0 8.35636713619712e-06 0.0 3.899679525919714e-06 2.922515292492241e-06 0.0 0.0 0.0 0.0 0.0 0.0 0.00028242133950255285 1.294438482163562e-05 0.0 0.0 0.0 0.0 0.0 0.0 8.564534226565618e-05 8.1970522958134e-05 0.0014789010959133258 0.0037761443350982763 0.0015923169053046284 0.0005267191714709546 0.0 4.33973797485827e-06 0.0 0.00011821611421977246 3.995473264779174e-05 1.8656652498891123e-05 0.0 0.0 0.0 0.0 3.5771796763805676e-05 1.1027828100499962e-05 6.373907011406251e-06 0.0023004060564780185 0.00024023206715390874 0.0002359281197792577 2.3131407466791793e-05 0.0 0.0 3.1088102930734184e-06 0.0 1.5734648005328757e-05 0.00016514546599276855 0.0 1.2631939315986966e-05 4.307252947368583e-05 6.644420568538749e-06 3.2766589430976537e-06 3.7941816010070483e-06 1.0881916023811953e-05 0.0 2.9127438042695942e-06 0.0 0.0 0.0 0.0009247774272096436 7.929690929774559e-05 0.0 7.810322471824603e-06 0.016974272130550607 0.0 0.00027778987024685116 4.432020827813807e-06 0.0001127287969973273 0.0 0.00014770800030307799 0.00023902778354730888 0.00017216162813741106 0.00012362484485449454 0.000300825951764403 2.8509660094067213e-05 0.00015908341217114188 0.00023935336220241857 8.88154831054306e-05 1.6892825063345217e-05 0.0 7.769454907422346e-06 0.0 0.0 0.0 0.0 0.0 0.0 0.0 0.0 0.0 0.0 0.0 0.0 0.0 0.0 0.0 0.0 0.0 0.0 0.0 0.0 0.0 0.0 2.762589805067066e-05 0.0 0.0 0.0 0.0 0.0 0.0 0.0 0.0 0.0 0.0 0.0 0.0 0.0 0.0 0.0 0.0 0.0 0.0 0.0 0.0 0.0 0.0 2.92456619379306e-06 1.9516757190976478e-05 0.0 0.0 0.0 0.0 0.0 2.637528828641991e-06 0.0 0.0 0.0 0.0 0.0 0.0 0.00012834197462434582 4.950675922286834e-05 0.0 0.0 0.0 4.4086121640006754e-05 0.0 0.0 7.009139521165155e-06 0.0 0.0 0.0 0.0 0.0 0.0 0.0 0.0 0.0 0.0 0.0 0.0 3.206061745417274e-05 1.992430863124075e-05 5.977151293344301e-06 0.0009440464489474152 4.440617660998354e-05 0.0011798980756237262 0.0001303062834412328 0.013381079055543928 0.0001249691291402422 1.9247776030633607e-05 7.290415423166168e-05 0.0 0.0 0.0 1.04091753656134e-05 0.0007390610679295909 0.0 9.714933716914198e-06 0.0 2.784607530341258e-05 0.0 0.004488514923412729 0.00010326766241777868
0.0012211350423498254 0.054419232519753745 0.016822620484905182 0.0006740348526458026 0.0 4.2767578659759363e-05 0.05818265725400409 0.001754907690242946 0.09927445327483259 0.004779796683961585 0.03455305930030733 0.00149746177336914 0.020459626574661063 0.053179240845603146 0.000767750391154846 0.00013610259467723235 1.4715801849220986e-05 0.0 0.0 0.0 0.0 0.0 0.0 0.0 0.0 5.919208160745544e-06 0.0 0.0 0.0 0.0 0.00614669861828905 0.0006166901245420184 3.3716651512687624e-05 0.0 0.0 0.0 3.8782192386202064e-05 3.1782227779042914e-06 4.342045593683989e-06 0.0 0.0 0.0 5.756416602627689e-06 0.0 0.0 1.1075212356132638e-05 0.0018900482268705858 1.3521050046709164e-05 0.0 0.0 3.002200939445133e-06 0.0 4.6318906293325005e-06 0.0 0.00011434716779659668 8.765644951121729e-05 0.0005106077337198678 0.00220451904784286 0.0006819334689128026 0.0011455584528033815 0.0 6.1516405322353775e-06 0.0 0.0031722231601775054 4.563289339435758e-05 5.32256966334374e-06 1.021411060238067e-05 0.0 0.0 0.0 0.00036563189773403023 0.0 0.0 0.0018452557317524328 0.0008256368017528643 0.0013026847142371223 0.0009605939816397458 0.00027532438636559525 2.3167328656324476e-05 7.058882353849461e-05 0.0 7.2495467637602495e-06 0.0002660516637937053 0.0 3.29623170769809e-05 7.151039686940931e-05 5.457892446297316e-06 0.0 9.752962382936839e-06 0.0 0.0 0.0 0.0 0.0 5.7816059451715925e-06 0.0009184488320580532 7.799447868803019e-05 0.0 3.80327609307754e-05 0.00016154922049792676 3.38779159462557e-05 0.00021561457932177478 7.564564716897752e-05 7.215761845258226e-06 3.278009123167001e-05 0.00022559418394017778 7.599345967063947e-05 0.00011125015677630278 0.00026732713825219234 0.0003264873084112979 0.00010207064294379692 0.0005015316486609127 0.0005362336128564911 0.0005971437122185684 0.00040612792009418714 1.423175446711178e-05 1.0427887761504204e-05 0.0 0.0 0.0 0.0 0.0 0.0 0.0 0.0 0.0 0.0 0.0 0.0 0.0 0.0 0.0 0.0 0.0 9.88080552032963e-05 5.0086912034601224e-05 0.0 2.095111059727895e-05 0.0 0.0006805168302323891 0.0 0.00042122400150638865 3.309349344607259e-05 0.0 0.0 0.0 0.0 0.0 0.0 0.0 0.0 0.0 0.0 0.0 0.0 0.0 0.0 0.0 3.40656385071649e-05 0.0 0.0 0.0 5.68591884750198e-06 1.0816489960641431e-05 2.387362832311266e-05 5.507450649197719e-05 0.00010872553458623044 0.0 0.0 0.0 0.0 0.0 0.0 0.0 2.627107638247321e-06 0.0 0.0011770814007489583 5.064718485209549e-05 0.0 0.0 0.0 5.3198293152935854e-05 0.0 3.763549319711286e-05 1.646444503122659e-05 5.796297568731651e-05 0.0 0.0 0.0 0.0 0.0 0.0 0.0 3.647680250126814e-06 0.0 0.0 0.0 0.00039440662191701184 0.0002145591640989684 0.00017349685978456148 0.003694442095742596 9.252126587202233e-05 0.0025075853501275412 0.0004719610790617825 0.0011275872904405989 0.0002767925017764343 2.099309952654116e-05 0.0007079297843406105 0.00019986192763125785 0.0 0.00015088012654671204 5.6494454516787676e-05 0.00029112492459397975 0.0 0.0 2.720008559935794e-05 0.00022156924633717407 0.0 0.0014395184641503485 0.0001516386112490713
0.0020682764786449006 0.002171748410142794 0.00016661920262517766 0.007704835374064802 4.2767578659759363e-05 0.0 0.0019951966645343233 5.582287052161312e-05 6.42495640651409e-05 0.0100358084242731 9.55426589811844e-05 0.004755467923653028 0.0030007435082283463 0.0007156289410269074 6.206657166161659e-06 3.10504895549888e-06 0.0 0.0 0.0 0.0 0.0 5.2763358915572524e-05 0.0 0.0 0.0 0.0 0.0 0.0 0.0 0.0 0.0004607314204948757 1.0054222223412886e-05 0.00013190037942879338 0.0 0.0 0.0 0.00011380720506644558 1.3969000227586148e-05 0.00015536761701552212 0.0 0.0 0.0 0.0 0.0 0.0 0.0 2.3555650615635945e-05 0.0 0.0 0.0 0.0 0.00020963425251781446 1.2418901689891322e-05 5.231354033400483e-06 0.0 2.9675638444830846e-05 0.0009866160172840946 0.0003259286379491605 0.00010396213949226494 0.0 0.0 3.4242447531589036e-06 0.0 0.0 0.0 0.0 0.0 0.0 0.0 0.0 0.0027044717148111855 0.006988147295410978 0.0004344123612547686 0.00021351328980528058 0.0 6.452663121918274e-06 3.954087824478933e-06 3.6220924479174864e-06 0.0 0.0 8.297364283388944e-06 1.0836325749176742e-05 2.626378609143435e-05 1.79193822757874e-05 0.0 8.13717195979393e-05 0.0 0.0006722028298017169 0.00041059327607788815 0.0005059679499391477 0.00016987698066348782 0.0003404454492442467 0.0 0.0 2.4075347058590304e-05 0.00962681244362125 0.010498733908266847 0.0008242003530367793 0.0007301024118743243 0.004932863775138987 0.0 5.851600728615817e-05 5.2606423396476446e-05 3.703765120957654e-05 0.0 4.943755864152365e-05 0.00011994385276800283 1.021361034793049e-05 4.731915320392025e-05 0.00041902213813422114 2.8170256814962593e-05 1.5227953108617686e-05 0.0001521255196324118 8.460665484599475e-05 3.276832480900032e-05 0.0 0.0 0.0 0.0 0.0 0.0 0.0 0.0 0.0 0.0 0.0 0.0 0.0 0.0 0.0 0.0 0.0 7.73150208054213e-06 7.5514267007537874e-06 0.0 0.0 0.0 0.0 0.0 1.555613766966141e-05 0.0 0.0 0.0 0.0 0.0 5.5449671373969865e-06 0.0 0.0 0.0 0.0 0.0 0.0 0.0 0.0 0.0 0.0 0.0 0.0 0.0 0.0 0.0 0.0 0.0 1.5256501070723134e-05 0.0 0.0 0.0 0.0 0.0 0.0 0.0 0.0 0.0 0.0 0.0 0.0 3.636176709447068e-05 1.7283640792104725e-05 0.0 0.0 0.0 0.0 0.0 0.0 0.0 0.0 0.0 0.0 0.0 0.0 0.0 0.0 0.0 0.0 3.4037284401263104e-06 3.4823906642133468e-06 0.0 8.665365691988937e-05 0.0 0.0 0.00016528398740308213 3.1028052118867013e-06 0.00010150022633683537 0.0 0.0014608824846085834 4.8020014758083814e-06 2.120923459354742e-05 0.0 0.0 0.0 0.0 0.0 0.00036066301526698814 0.0 0.0 0.0 0.0 0.0 0.0015333124426382915 9.789436549318183e-05
0.01608824282610771 0.0625772555826495 0.004129987337443034 0.027391617706391765 0.05818265725400409 0.0019951966645343233 0.0 0.00040316255000842697 0.02733172048987696 0.04684398647223888 0.013030140982124532 0.015307258971395364 0.08125520759918599 0.09160118659533019 0.0005548775357350483 0.00011143451848708743 4.24118642872362e-06 0.0 0.0 0.0 0.0 0.0 0.0 0.0 0.0 0.0 0.0 0.0 0.0 0.0 0.00669925611075962 0.00020611009496674783 1.493339387943136e-05 0.0 0.0 0.0 1.394484586628007e-05 0.0 3.130423536162052e-05 0.0 0.0 0.0 0.0 0.0 0.0 0.0 0.0012415846082176108 3.3815514526530195e-05 0.0 6.9174658146905005e-06 0.0 0.0 0.0 0.0 0.00014905890631929612 0.00017486342029755867 0.001222388031719254 0.004208130084696187 0.0015445007871226365 0.0011181311389388204 0.0 2.089048389459763e-05 0.0 0.0017301741770395938 9.48072259308892e-05 1.793917385861937e-05 3.3319460834838216e-06 5.589204068618942e-06 3.1839313969887937e-06 0.0 0.00032091298219797266 2.0668029439798336e-05 0.0 0.003014832890319492 0.0007066155009246032 0.0008143167883505587 0.0004855958040746297 0.00016609218892164982 8.565980442511576e-06 1.7497227542258366e-05 5.384618856891704e-06 1.1673461725586421e-05 0.00026217020979260423 0.0 5.061792371816138e-05 7.885113310469202e-05 5.07608535321016e-06 9.05090991090302e-06 1.0415520506270305e-05 0.0 1.8226328024160915e-05 7.641550774270081e-06 7.143128427437217e-06 0.0 0.0 0.0018041101864764094 7.289152072831548e-05 8.714852679095705e-06 5.1911072955181547e-05 0.0014414396215090867 0.00011562619878641807 0.0002515252483026224 0.003742437303598305 0.0008158257285395457 4.011786892928426e-05 0.0008503034708633051 0.0005695816005644756 0.0009295038192910156 0.0011503241755912398 0.0011904681863134743 0.00020939509175438645 0.0009175007521357464 0.0013500830319473642 0.0009641907793003224 0.0003764078245007315 6.521327151469204e-06 1.063907746753317e-05 0.0 0.0 0.0 0.0 0.0 0.0 0.0 0.0 0.0 0.0 0.0 0.0 0.0 0.0 0.0 0.0 0.0 0.0004415691159888711 2.5724340243566804e-05 0.0 0.0 0.0 0.0006851709833000359 3.0115707235470636e-05 0.000599909612584703 3.015812139115443e-05 5.329393361156066e-06 0.0 0.0 0.0 0.0 0.0 0.0 0.0 0.00011197000042170321 5.293975163582712e-05 0.0 0.0 2.749073363769097e-05 0.0 0.0 1.0027240319320707e-05 4.719261579755932e-06 0.0 7.006646603386629e-05 0.00014348348773843015 5.573316903839847e-05 0.0 1.0556022656539041e-05 0.0001538947600360538 8.911729105607236e-05 0.0 2.5521992489319617e-06 0.0 3.0291864935495115e-06 0.0 2.8128087007317918e-06 0.0 0.0 0.0013431255415183114 1.9655892006118513e-05 0.0 6.0917714098645045e-06 3.934016001821204e-06 0.00022279959407257564 5.520972768292447e-05 8.617507259215484e-05 0.00016451700466120194 0.00023736336135519605 5.2399074111619745e-05 1.6079961870859735e-05 2.8508075583214456e-06 2.6624101507117053e-06 0.0 0.0 0.0 0.0 0.0 0.0 0.0 0.0005326804829280115 0.0001458342527500578 0.00016955668580659797 0.0025624301672321987 6.890254101774491e-05 0.0025207865700855813 0.00038065595811934686 0.006770026083795383 0.00026146711706709276 3.2557511257006654e-05 0.00027438605298976123 0.0001349729661896567 0.0 0.00041347952525469474 5.539015792501028e-05 0.0013656876271790242 7.733926580869707e-05 0.0 2.972525691348828e-05 5.191252728226572e-05 1.9451103610378676e-05 0.0050673028954106095 0.0004550037499689048
0.006521145452036764 0.04070074050796461 0.11317238929155765 0.00013396324242793492 0.001754907690242946 5.582287052161312e-05 0.00040316255000842697 0.0 0.0025521495282629625 3.326270355064831e-05 0.06835052522845199 0.0025916846770024865 0.007720447950250922 0.0284868295285145 0.0008349493960441606 0.00068618582904277 2.6641565193277736e-05 0.00010906775932476747 0.0 0.00014701958731830905 0.00028105067799806776 5.640392164190471e-05 0.00018819221162930488 0.0003171162620134788 0.001325778495553126 0.0008635365722584833 0.0006924334965293668 0.00018950498535970955 2.5849072110558297e-05 6.113436807571943e-05 0.020084270798246883 0.029883278783485585 0.010054760852671912 6.455550078791891e-06 0.00041056231059103407 0.0004242805557914314 0.002007982887432763 0.0005983581390063002 0.00048079873680698364 0.00043317168276816345 0.000798945226525731 0.000457484540581888 0.00031471515968356837 6.096819457851762e-05 8.414248015809981e-06 2.970252179859355e-06 0.0013567710618478043 1.4859093014369239e-05 5.845468343114621e-05 0.00018087493280577604 5.711988147154337e-05 0.0007347601007899031 7.318668058728754e-05 0.00026930755822294057 2.513065866160583e-05 5.0224757381543555e-05 0.0003554949962453232 0.001758130746120732 0.0003766985398615117 0.0005413467634752812 0.00030851732378578596 0.0012801503147300782 5.915643315494566e-06 0.008074279508387978 3.164803771654282e-05 3.477487785322518e-05 2.5496104777774328e-05 2.7444155831976568e-05 0.00019189118996203758 0.00033627857361672933 0.0020318666919898957 1.2308174919720308e-05 0.0 0.0010293616613983024 0.0006412676108765341 0.0011346401293273 0.006049028331911657 0.008071061983292572 0.017566609102158078 0.03830137040429236 0.0008129843680239179 0.034902416383919097 0.00010089611930613217 0.0 1.9254103529564867e-05 3.6154488984851924e-05 3.0374825860064266e-05 0.0 4.809230730532081e-06 3.457207851135718e-05 9.57021199031676e-05 3.9411196961251446e-05 0.0004383670949286288 9.550634865979527e-05 8.366044819106168e-05 0.0001807611657782189 0.0004623860541653755 0.0 0.000355130550638055 0.00044109871600238646 0.0 0.0 0.0 0.0 0.0 0.0 0.0 1.8650631195427952e-05 3.3805991239137306e-05 1.1263999706712666e-05 1.3270661642968241e-05 0.0 5.441429877372361e-05 4.6110563596813896e-05 1.861886189477546e-05 1.833249450964198e-05 1.6252965554784445e-05 3.0462821368131224e-06 0.0 0.0 0.0 5.632225951334424e-06 2.2519507051701156e-05 0.0 3.736945354104817e-05 3.290068743205777e-05 0.0 0.0 0.0 4.178251701659672e-06 2.5455893810011582e-05 0.0 8.672405876080552e-06 0.0 2.4000329980022697e-05 0.0 0.0 0.0 0.0 0.0002418379443669663 1.1014100810163772e-05 0.0003037642519402211 5.529532209129765e-05 5.513362492850513e-06 4.592011163789113e-05 3.1675705011815194e-05 0.0 0.0 3.1786231436872003e-05 1.0888442853965154e-05 0.0 1.5090641271792276e-05 4.830808325168205e-05 0.0 8.085031717983725e-06 1.2108939814767918e-05 5.5017179400326815e-06 7.044490315179839e-05 0.0 1.0951898924438676e-05 6.617045679799451e-06 0.0 2.636423280501585e-06 0.0 2.3285985889118954e-05 6.622206371218839e-05 2.2774194358702644e-05 4.60284018221386e-06 0.0 2.0377972703442086e-05 4.543841790531708e-06 0.0 0.0 0.0 1.5373024060271506e-05 1.3771918629833153e-05 0.0003307442434260039 2.9695602592128603e-05 3.571242830144191e-05 0.0 3.634497622722598e-06 6.0453792883819695e-05 4.771291530364089e-05 8.795649835875598e-05 2.183702452564724e-05 0.0 6.6246504802230824e-06 0.0 3.903268299028464e-06 0.0 0.0 0.0 0.0 0.0 0.0 0.0 0.0 4.5577058549362604e-05 0.00024680451049570906 0.00026826198525803786 0.002529099302137013 0.00021065033845358338 0.002167274501774946 0.000619798698192634 0.0004426607103354057 0.00016463925026154825 1.5771896785410826e-05 0.0003304774928286736 0.0001261412699282742 0.0 0.00017216383821979959 4.537851390505182e-05 0.0 4.518632778477602e-06 0.0 5.653458315649739e-05 0.00015456966919234473 4.52755989721077e-06 0.00020369104309349685 8.759678884509888e-05
5.21323285837508e-05 0.014574451938398656 0.011475852707153535 1.950608009417073e-05 0.09927445327483259 6.42495640651409e-05 0.02733172048987696 0.0025521495282629625 0.0 0.0008089085628369698 0.038678723466167 0.00046838181240981366 0.011162702317840046 0.04037428507064876 0.0006775999710393612 0.00016147904029386264 6.100837229061363e-06 7.797321533916686e-06 2.535885924950393e-06 0.0 0.0 0.0 0.0 0.0 2.469768184467523e-06 0.0 0.0 0.0 0.0 0.0 0.0009961136412384086 0.0003578235259909494 8.935351781802499e-05 0.0 0.0 0.0 8.503333376964862e-05 0.0 9.72154551124033e-06 2.6098728889631105e-06 0.0 0.0 0.0 2.783924531946815e-06 0.0 0.0 0.00120015893971344 8.636315163758913e-06 2.8468320866977e-06 1.7467563284754361e-06 0.0 0.0 0.0 5.153015849285633e-06 6.743852051504005e-05 7.210525193029333e-05 0.00015418753765372847 0.000542852134763448 0.0002573024969443382 0.0005306339431889958 2.1431926704696785e-06 5.596766893902248e-06 0.0 0.000979514738274342 2.0139589392613204e-05 1.0537563125382478e-05 1.857014538468892e-05 4.596383716184782e-06 0.0 9.893238840784393e-06 0.0006010098422517731 0.0 0.0 0.0007324797783776612 0.0004872040213510659 0.000788390837452431 0.0005184041167950917 0.0002572925155804139 3.990602445162187e-05 0.0007024478543333975 2.2014476763332816e-06 1.5740614964165804e-05 0.00011972967633810005 0.0 1.7551166814249583e-05 2.1138425370713777e-05 2.492938664706606e-06 0.0 0.0 4.0262489712766464e-06 0.0 1.0919387049081455e-05 0.0 0.0 3.0344102693464674e-06 0.0006828528936032007 0.00020882143373381073 0.0 2.3487308192715733e-05 3.6468948283344004e-05 6.548379987465181e-05 8.649275829865537e-05 7.611526970286296e-05 1.1988722607313837e-05 6.286310044116112e-05 0.0004663056284883612 0.00017911210445968132 0.0004130550677690228 0.00035613092752964046 0.0006066528408085658 0.00015446072687258375 0.0005239438490038766 0.000943366819108676 0.0009370818251778486 0.00033920128438765304 8.293703199482894e-05 0.0 0.0 0.0 0.0 0.0 0.0 0.0 0.0 0.0 0.0 0.0 0.0 0.0 0.0 0.0 0.0 0.0 0.0 0.0002625748953649543 0.00010124240326379514 0.0 0.0 0.0 0.0010209760195420145 5.310535775890992e-06 0.0008814111467816961 4.611142074134608e-05 0.0 0.0 5.5880729703931214e-06 0.0 0.0 2.8822342444952094e-05 0.0 0.0 0.0 4.558209211896811e-05 0.0 0.0 0.0 0.0 0.0 0.0 0.0 0.0 5.5254203892724146e-05 6.245573515151917e-05 3.884373808084454e-06 0.0 9.020823468654275e-06 0.00022009279206790185 4.771796327051677e-05 0.0 8.848225747197849e-06 0.0 0.0 0.0 0.0 0.0 0.0 0.0015133906926656044 4.1209927435704035e-06 0.0 0.0 0.0 0.00023544876894896063 1.2360900157097328e-05 3.424791403319746e-05 5.352580185338676e-05 1.9284640342763694e-05 4.081709933355027e-05 3.2736401599499965e-05 0.0 5.33687345282945e-06 1.4749102329992372e-05 0.0 0.0 0.0 0.0 0.0 0.0 0.0004444558236477658 0.00029425954047332376 0.0003698291201713334 0.0020835410340758836 4.6243484671738315e-05 0.0013063018736935478 0.00029056121224831994 0.0005500165642565414 0.00014159049732107907 1.2318368389909242e-05 0.0003935529862632198 0.00019554939137233772 0.0 0.00011876581802137783 9.628916109904022e-05 0.0002112252936479401 5.3475554163181345e-05 0.0 9.382725747419806e-05 0.00010053827758483037 1.2141152389124543e-05 0.001162724712447513 0.00030733207235670164
0.02356618991454491 0.030497976287485525 0.0006029562964256367 0.03818582609089358 0.004779796683961585 0.0100358084242731 0.04684398647223888 3.326270355064831e-05 0.0008089085628369698 0.0 0.0003513005778285054 0.05454923878942811 0.13497989119964107 0.006405829683949259 5.586843950451048e-05 1.953393414840082e-05 0.0 0.0 0.0 0.0 0.0 5.719619410166435e-06 0.0 3.8486446497493035e-06 0.0 0.0 0.0 0.0 0.0 0.0 0.0019741228395129084 1.8266438211031183e-05 0.0004942232703921394 0.0 0.0 0.0 0.00023464691581550514 4.369077178497808e-06 2.259315740347743e-05 6.433200040184517e-06 0.0 0.0 0.0 3.1369218759422266e-06 0.0 0.0 0.0003319292963349802 0.0 0.0 0.0 0.0 1.1722914929802473e-05 3.837169863054575e-05 0.0 2.1634648585194713e-05 4.7994950732625515e-05 0.0008796287805286177 0.0018323420668529416 0.0006576816648531872 0.0002943433867286304 0.0 0.0 0.0 9.161806224140832e-05 2.5770693167973855e-05 2.706687232067888e-06 2.548564850670682e-06 0.0 3.879978787835893e-06 0.0 0.006287708015417451 0.00040725870644674466 2.9102827632643005e-05 0.001313327505389293 0.00011550622673811692 0.00023177428098143508 1.560174112489624e-05 8.56623371280273e-06 0.0 1.099947318348433e-05 0.0 1.0885494455219461e-05 6.163918848838612e-05 0.0 1.0174054354579615e-05 1.82618213511521e-05 0.0 6.057137072689456e-05 2.8246083385125316e-05 5.807246226445253e-05 1.4917469687306255e-05 3.0468671932134696e-05 0.0 0.0 0.0 0.0036536750159734885 0.002991994862925167 6.715981977775918e-05 0.0002456297305460763 0.008296590170551003 4.867453048508629e-05 0.002152395160520663 0.0021968338794227716 0.002777236168273036 6.857940280134943e-05 0.0020736157258223324 0.00224167283007123 0.0010626736484275995 0.0014174713552640341 0.002868286094151216 0.0002807202898435459 0.0011352043411162957 0.002770292245750452 0.0012618538707826238 0.0003474078223757335 0.0 3.1367326836430713e-06 0.0 0.0 0.0 0.0 0.0 1.0045220887764937e-05 0.0 0.0 0.0 0.0 0.0 0.0 0.0 0.0 0.0 0.0 0.0 0.0001482770570777157 7.696431749409509e-05 0.0 0.0 0.0 0.0005560622674429507 0.0 0.00016566891140381166 0.0 0.0 0.0 0.0 0.0 0.0 0.0 0.0 0.0 2.6732932704284304e-06 0.0 0.0 0.0 0.0 0.0 0.0 7.565763948684686e-06 2.9976441019889327e-06 0.0 1.6453020290254726e-05 4.246325787849473e-05 0.00016614696201865082 0.0 0.0 7.487521719335067e-05 4.820606480229052e-05 0.0 0.0 0.0 0.0 0.0 3.52408799805628e-06 0.0 0.0 0.0010985675445884847 9.258982303732711e-05 1.0233611603685641e-05 3.711340924062121e-06 0.0 0.00013833189803002336 0.0 1.7009804709975795e-05 3.581001746102588e-05 1.9780447253075104e-05 4.356843554266208e-06 0.0 0.0 0.0 0.0 1.3873511852803107e-05 0.0 3.1951505206065916e-06 0.0 0.0 0.0 0.001149569972961529 5.007973144670691e-05 1.2626884657422051e-05 0.0017446174349110056 1.9960655452751925e-05 0.0007692878432113736 0.00010915590488889165 0.022725161363763617 5.2874495703780936e-05 1.27696317679737e-05 0.00010119329153849848 7.501733994903724e-05 0.0 9.797450637776773e-05 5.624517125563022e-06 0.004477977746377526 6.12056412556597e-06 0.0 1.6765177647717852e-05 4.499483435570487e-05 0.0 0.01729907157314697 0.0014052108568037012
0.0005863286794239096 0.0437108180433559 0.0773796155270098 0.00029373802997430487 0.03455305930030733 9.55426589811844e-05 0.013030140982124532 0.06835052522845199 0.038678723466167 0.0003513005778285054 0.0 0.005204365004890043 0.05046411392675939 0.07741652596657465 0.0011409917479447494 0.00048440166608250336 7.19356003770196e-06 4.62612219060357e-06 0.0 0.0 0.0 0.0 5.317710077653198e-06 0.0 2.3646159968218044e-05 0.0 7.741750909249468e-06 1.134853865322397e-05 0.0 0.0 0.00295011711830688 0.0006937959708537032 0.005014605622399304 0.0 0.0 1.9980793381186206e-05 0.000919280908509215 6.268346630729236e-06 3.864839652501979e-05 1.212310855380214e-05 0.0 1.586922050799629e-05 2.2967154281565343e-06 1.5256934408282938e-05 0.0 2.5618549506564127e-06 0.0014176370538540926 0.0 2.9967762101985925e-06 0.0 0.0 2.6297975350177013e-05 0.0 1.0269957005747622e-05 4.6473696619138364e-05 5.998505912790554e-05 0.00024450358923960316 0.0009199939035150531 0.00028700827648021156 0.0007503130134710052 2.2143934585012556e-06 2.3470349222131255e-05 0.0 0.001638844393370264 3.2913900881787234e-05 1.4041449928126301e-05 5.3486871228793225e-06 0.0 2.708485674191377e-06 0.0 0.0006286769850347737 0.0 0.0 0.0010415082831279334 0.0006325259766384604 0.001341384076490859 0.0007407899864456549 0.000630484133451257 0.0002651283936126734 0.020817759255671663 0.0 0.0012992006384839419 0.00014818990735858745 0.0 2.706051399942236e-05 3.4483549087616414e-05 9.766664528744524e-06 0.0 7.482067952213671e-06 0.0 2.399100095439036e-06 0.0 8.009937178046045e-06 1.3250103152016864e-05 5.062217537404178e-06 0.0006192779894796289 0.00018515741263365888 0.0 6.693738702025467e-05 6.520921756780597e-05 4.283471901199427e-05 6.056742709148836e-05 7.964209135728038e-05 8.915045060581702e-05 4.5481413426833316e-05 0.00032044138176303045 0.00015206920318858457 0.0004176808699752235 0.00031544730387009077 0.0003448235539168132 0.0002111999844633289 0.0004106589030945083 0.0008104059702040681 0.0006599506241691078 0.00037068077589628415 4.874513713224269e-05 1.1075385528933796e-05 2.8609251893679513e-06 0.0 0.0 0.0 0.0 0.0 0.0 0.0 0.0 0.0 0.0 0.0 0.0 0.0 0.0 0.0 0.0 0.00010648898758144537 0.0001275298503565529 0.0 1.642571150729198e-05 0.0 0.0008584709932626194 0.00011986803430897835 0.0006716141071668899 5.384460730251959e-05 0.0 0.0 0.0 0.0 5.537601412772611e-06 5.111288504231259e-06 0.0 0.0 2.7395470346993735e-05 4.9386838071959566e-05 0.0 0.0 0.0 0.0 0.0 0.0 6.688472565809118e-06 2.2846878268359114e-06 4.2640339639941766e-05 7.55900797887656e-05 9.745752797723337e-06 1.4424445100185326e-05 2.8666454884915017e-05 0.00014577589392162488 1.9350173067401907e-05 0.0 0.0 0.0 0.0 0.0 0.0 0.0 0.0 0.001460455662726118 1.022747735262265e-05 5.034746937233794e-06 0.0 0.0 0.0002486627675997209 9.693237719937795e-05 3.970935875248151e-05 4.145622904244903e-05 0.00019595003394783827 2.705692928188272e-05 1.73768199258344e-05 5.266318716957694e-06 0.0 0.0 0.0 0.0 0.0 0.0 0.0 0.0 0.0003585991099865843 0.00025795042257430927 0.00041417763064408866 0.0033269093537788472 7.55772759515166e-05 0.002007602241043556 0.0004599921226899936 0.0006524787967316846 0.00025892719240364043 8.324264467763478e-06 0.00057789682050478 0.0003486742377067129 0.0 0.00013573551335559718 5.443890391153669e-05 0.0002483632956568886 6.144955839054425e-05 0.0 3.041929294483343e-06 0.00018743880044390693 3.244164912244537e-05 0.0006606856733597863 0.00023041680291546813
0.0037999529337900987 0.013159829443005876 0.007425488182311667 0.025113486557683824 0.00149746177336914 0.004755467923653028 0.015307258971395364 0.0025916846770024865 0.00046838181240981366 0.05454923878942811 0.005204365004890043 0.0 0.03994849092536389 0.0019108286480944547 0.0009245641063020456 0.0007265167751399486 1.0806527455113528e-05 7.239994276269741e-06 0.0 1.5974817997130697e-05 2.1626095187155378e-05 2.3950017806268358e-05 0.0 7.404370953575704e-06 4.165809053395947e-05 4.291737881055674e-06 3.3047814760030707e-06 2.6969994710695928e-05 0.0 0.0 0.0012331597942275888 0.00032371144229518015 0.0005910202080081732 0.0 4.6820653192938845e-06 1.1140224142918192e-05 0.0012345148235409248 0.00013546377177213706 0.00019154989354327068 2.966413705360273e-05 0.0 9.769549255055126e-06 1.0994524172494828e-05 3.2831562081520154e-05 6.772101239832846e-06 8.307227021916648e-06 0.0011566376187310645 2.9570738108027108e-06 0.0 4.977928819507191e-06 2.4813391287059388e-06 4.536381571146981e-05 3.514410862649063e-05 4.137730117858504e-05 5.533289612802263e-05 2.038451068641035e-05 0.00017406263479267234 0.0006167201043227995 0.00025954712223724095 0.0004066272263523084 1.8236166226495486e-05 5.3747110407132986e-05 3.3753597341756883e-06 0.0005209334706176488 1.497159754326126e-05 8.916271910794303e-06 2.6147622830866367e-06 2.5638942935852575e-06 2.4811961698946794e-06 1.061264732361892e-05 0.004933780059399443 5.952279785751843e-05 4.127446776258011e-06 0.0005285406719381965 0.00036530847725002445 0.0007703834101906337 0.0005450804240211821 0.000582048870188288 0.00011578934074570738 9.915666989652894e-05 0.0 4.720615693727318e-05 6.553061209226098e-05 0.0 1.2626947924300227e-05 6.661655520601414e-06 0.0 1.646427915844984e-05 1.616936324195996e-05 7.179554535324567e-06 6.946970282771423e-06 2.1576348359735492e-05 9.855118316121325e-06 0.0 4.080318224257955e-06 0.010740849604773478 0.00243394450156359 1.5590003091210337e-05 0.0028668010003030605 0.0012024731762140604 8.36849162506387e-05 0.0010501806257371359 0.00047941998626712285 0.00035244399849552294 0.00012012403440370195 0.0018417270481862354 0.0014114816122397056 0.0014682918684483619 0.0018888487095715866 0.004771351248619288 0.0006676739094638469 0.0020533973638941524 0.00505169494662885 0.0024939690552429747 0.001412424035251434 4.176070190755545e-05 4.246036909661501e-05 0.0 0.0 0.0 0.0 0.0 0.0 0.0 0.0 0.0 0.0 5.0364851541559465e-06 0.0 0.0 0.0 6.418064656252034e-06 0.0 0.0 0.00046873997249329105 0.00018073727158167147 0.0 1.330319886563242e-05 0.0 0.002557183858896027 8.74983545049116e-05 0.0017589497693171442 0.00012068855502428594 3.364841980680422e-05 0.0 0.0 0.0 0.0 7.860821404536636e-06 7.430673144284418e-06 0.0 1.7249036648641726e-05 4.387509740119764e-05 0.0 0.0 3.1739064356965367e-06 8.923842644437378e-06 3.0612068339301435e-06 0.0 9.542911075158099e-06 0.0 6.819727694052993e-05 0.00010264500359172156 0.00018050241296595936 1.727811284862424e-05 0.00011825789996502206 0.00042922124718645 9.632972794299267e-05 5.8557431680199735e-06 7.11291747921668e-06 0.0 0.0 0.0 0.0 0.0 0.0 0.004828428049605144 9.96113955139458e-05 3.0606369048025895e-05 2.640581455513904e-06 0.0 0.0006269898950502134 6.149560836393854e-05 0.00011576559113019883 0.000117815214926747 0.00011616449123042967 6.344506751173706e-05 1.1338037162560849e-05 4.931375610819458e-05 0.0 0.0 2.837590458579762e-06 0.0 3.812645390511178e-06 0.0 0.0 0.0 0.002069505067074421 0.0005791884018587807 0.0007433030015969237 0.0037701370422069426 5.3094641120305306e-05 0.001691493355833953 0.0005952020326662222 0.008556661782508334 0.0002331787791129283 8.626094115700007e-06 0.0005769030371574599 0.00045928009899295826 0.0 0.00037798612952161226 0.00013422955684880706 0.0025333232392164033 2.0427441318820768e-05 0.0 5.732474570642563e-05 0.0002222972096374971 2.327924249157508e-05 0.017690298727023584 0.0016794302544946497
