0.0 0.0639824651419304 0.016225119820066358 0.04193819136187173 0.0001242462334547337 0.0007442197033642674 0.012231107691391423 0.006167270275302879 4.943692231985622e-05 0.046226045123584615 0.0006684745584260794 0.006879631398143056 0.0038481407298573546 0.0011771984772708003 4.7274556740708075e-05 5.613914096150524e-05 8.678243563817963e-06 6.859094709800123e-06 0.0 4.14227853012222e-06 0.0 0.0 2.6732995911585924e-05 3.148696477755539e-05 3.860147543185723e-06 1.3597574583616294e-05 0.0 0.0 0.0 8.212036697206589e-06 0.036533999867917326 0.0003856400149948793 0.0008863911137723709 0.0 4.659587035016689e-06 2.5820781941052395e-05 0.0005374656131570993 3.942903552331248e-05 1.765222947239992e-05 1.5406959343460826e-05 3.52192973925014e-05 8.151639133597286e-06 2.62853777436823e-06 6.334266085201898e-06 2.5917619347026347e-06 0.0 0.00030080304386394626 4.078630681177675e-06 0.0 0.0 0.0 2.4871122867936748e-05 6.529549649705183e-06 0.0 1.5800526283266845e-05 3.014866525414011e-05 0.004798060476571329 0.012704755758475593 0.0026083483536297057 9.558117636538084e-05 2.5621551301313968e-05 0.00044000281282229986 3.929661791534799e-06 0.00024006194013999061 1.6641942113325726e-05 2.2035215922583695e-05 0.0 9.344487127482607e-06 8.573982697776552e-06 3.5351307769215597e-06 0.0016817239455188032 0.0005392112523577147 3.363982262069605e-05 0.0032385775473242817 0.000822527593014342 0.00020136215912633598 2.7493732464785076e-05 1.1004834705549925e-05 0.00038450900815525826 0.003629622072390878 1.3283686703563994e-05 0.0008230192304008738 8.566627277687862e-05 0.0 1.6376008129487613e-05 3.4779116763351395e-05 1.2072107122812918e-05 1.2366802811819548e-05 7.940423959736143e-06 8.784579460095053e-06 6.15973282305543e-06 0.0 0.0 2.3715785537082507e-05 3.458597988329243e-06 0.004735327833213059 0.0006445339669500133 2.1897717379824375e-05 3.4776529647172974e-06 0.027427794959186343 1.7901099037968724e-05 0.0011380534456199424 0.00030538213485515285 9.619679423440634e-05 8.53529072791216e-05 0.0003007972171790445 0.0001365332046526779 0.0004308648194657047 0.0003006684724271296 0.00024953124616724706 5.199112967443216e-06 0.0005114309808063188 0.0005519920490221748 0.0004708300783138272 0.00026692633432063743 0.0 3.4652252671751323e-06 0.0 0.0 0.0 0.0 0.0 0.0 0.0 0.0 0.0 4.184538543369695e-06 0.0 0.0 0.0 0.0 0.0 0.0 0.0 0.00018665398297257996 1.9724975808979257e-05 0.0 0.0 3.637965282938686e-06 0.00019879581342273784 6.988138686328287e-06 3.4295510531817975e-05 0.0 0.0 0.0 0.0 0.0 0.0 0.0 1.0144510359464941e-05 0.0 0.0 0.0 0.0 0.0 0.0 5.340130971611895e-06 0.0 0.0 0.0 6.202717363315827e-06 2.973365731583705e-05 0.0 0.0002455300356521488 5.387314910784094e-05 2.8386121123655206e-05 0.00017688446199108442 3.379442151389381e-05 0.0 0.0 0.0 0.0 0.0 0.0 0.0 4.5992113248903756e-06 0.0001228630580141313 0.0 0.0 0.0 0.0 0.00019108467431534963 1.5499973440560023e-05 0.00015742033208674056 2.0977816026390373e-06 2.7875268641946667e-05 0.0 0.0 2.8714680255459927e-06 0.0 0.0 0.0 0.0 0.0 0.0 0.0 0.0 9.640782155236563e-05 6.0667327205905315e-05 0.00011587367536030984 0.003243077933626893 6.643634622946258e-05 0.0014041473658543454 0.0006301201811668909 0.020733708291057786 0.00013019670888182226 0.0001416267884115478 0.00025505455870676846 0.0001571655902381372 0.0 2.64823064131694e-05 3.6766846116827417e-06 0.0035659229959403935 0.0 0.0 9.72827631468845e-06 1.3400269571936578e-05 0.0 0.013185326032077779 0.0005216619002577793
0.0639824651419304 0.0 0.03736482369867858 0.04192547500335381 0.06852363019824484 0.003000353889603183 0.08766292510582123 0.031502993648360844 0.04115915156583313 0.019948750979057153 0.03502954323555808 0.009544255595305935 0.03145567146384513 0.06158648326332252 0.0006015088844862084 0.0002380972496108255 2.4380278300552346e-05 2.014069188418299e-05 6.35351354034397e-06 2.1655350906481785e-05 6.8660216335185265e-06 7.612125977053122e-05 8.688539075861248e-06 7.400891513290648e-05 1.9489530375725034e-05 4.7716718051883566e-05 8.738097522037929e-06 5.123540471324524e-06 2.903239417607236e-06 1.5139658046028426e-05 0.07855051333849189 0.0034208962962285626 0.009361606152562794 2.4995860447538326e-06 5.2077039078134015e-06 4.4051083948055425e-05 0.004056835829613185 0.00015626972393365687 0.00011019124740101996 3.14514764022193e-05 3.018905574394385e-05 3.074036742784974e-05 8.039271676015386e-06 3.948139247608956e-05 1.5852296343947886e-05 3.1187113347600645e-05 0.004343107757604623 0.0002526832450424896 1.5090600969182614e-05 2.296467670391763e-05 2.9159947492905145e-05 4.310414269175684e-05 2.0710906830873898e-05 6.655141196180463e-06 0.0003002432519779927 0.00020649274104203496 0.004275598224438803 0.016174892979859235 0.003653045933848961 0.001955738628722661 4.8364563924686956e-05 0.0009099800095820367 6.533297080765447e-05 0.01005486132891779 0.00025528100764943935 0.00021412039795324055 2.633044235728984e-05 2.7914424409961562e-05 5.1892483682611254e-05 1.1809001904243942e-05 0.0035680734202721246 2.38652845838175e-05 1.3314499694318407e-05 0.01144030044826673 0.007923769003873695 0.004968390627865835 0.000430915265499498 0.0001668600405131042 0.0005736575195621876 0.016697494509281957 6.297959780226088e-05 0.0012646163167954257 0.0010975355096654866 0.0 0.0002676544362691973 0.00018048195021080598 8.040497698436965e-05 0.0 3.8915639422261886e-05 6.714915305135665e-06 2.756201325212317e-05 0.0 1.8492793226751897e-05 3.0422223371855824e-05 2.302131841026794e-06 0.0040221908999595315 7.498072060973446e-05 3.451077910651419e-05 3.235416393520704e-05 0.012603140418349758 0.0001425806193986178 0.0005983413355970415 0.00036988603852154467 6.885270643619962e-05 0.00039085179436714027 0.0003109108290249899 9.022683957917825e-05 0.001357743188373323 0.0006735653571266462 0.0007753951484228596 0.0002048709056048826 0.0015576930375838995 0.0012623968062494292 0.0015731905909613481 0.0007835710665659273 0.0 0.0 0.0 0.0 0.0 0.0 0.0 1.1893371898172988e-05 0.0 0.0 6.9173964403389765e-06 0.0 0.0 0.0 2.349092664542868e-06 0.0 0.0 3.438272147853553e-06 2.632728810120196e-06 0.000583479767324634 5.207277302609912e-05 0.0 3.3448535511894276e-06 0.0 0.0006577919447118787 3.513413247812863e-06 0.00011791069818648133 2.78347361045035e-05 2.8251619660009956e-06 0.0 0.0 0.0 0.0 0.0 0.0 4.7251062985717655e-06 0.0 7.735390379745707e-06 0.0 0.0 6.716698675425308e-06 1.2364183335675955e-05 3.8310634991431235e-06 0.0 0.0 3.0549423040497546e-06 3.554306388738303e-05 0.00011964948085680917 0.00029582496626915267 2.8661128715656042e-05 2.356124968277797e-05 0.00047786383572563456 7.898084538496153e-05 0.0 2.6251408185413922e-06 0.0 0.0 0.0 0.0 0.0 0.0 0.0008277733154685365 2.4706916847409825e-05 0.0 2.9837035217113877e-06 7.963435257063681e-06 0.00047601654231721295 2.0969702920830915e-05 0.0003183638381533931 5.3939786471232384e-05 4.156198526370996e-05 3.136187460041097e-06 0.0 4.331660645596333e-05 0.0 0.0 0.0 0.0 2.925390864431038e-06 0.0 0.0 0.0 0.0004275870474919744 0.00034240050006223194 0.00028944942462808606 0.010274398392312275 0.0005602613527715527 0.012563835907124458 0.002971965101093824 0.009345624130791881 0.0008650414483352831 9.762471405103863e-05 0.0009263467812528876 0.0001435132390588918 2.118473615032571e-05 9.467473864863451e-05 2.4761747866616755e-05 0.0013762014808340662 2.8955896479130614e-06 1.0612528753738267e-05 0.0 0.00015861662809795623 0.0 0.008221657024039462 0.0005045097093652125
0.016225119820066358 0.03736482369867858 0.0 0.009960920416989743 0.003630734586561037 0.0004951938929567628 0.0015653853652551571 0.0860492279301088 0.004716732036956315 0.00021429141217423693 0.03056457370702549 0.004646951888244142 0.007874122877530804 0.03911823224956609 0.0001794273061648953 0.00016269267061230728 1.5015874875270439e-05 5.963224770076968e-05 0.0 5.078897692977558e-05 5.318237290822533e-05 3.547048910076736e-05 8.934536799583868e-05 0.0002690781368927053 3.887830127566862e-05 0.0001975840663686604 9.321421217460558e-05 6.388090583413497e-06 7.3001486377510895e-06 5.66393921925383e-05 0.07043296966927355 0.009746993762770972 0.011034240425297447 0.0 4.3240152255857925e-05 0.00018906292076989773 0.004858875936771152 0.00030888137296730315 0.0002741112848443707 9.807998030759926e-05 0.0002778728525865734 7.507902934347655e-05 1.9565563476023633e-05 1.7396131657203044e-05 5.18690968836097e-06 5.074010056442371e-05 0.0006100549962183777 3.791323927937971e-05 1.5476489351533215e-05 1.6099239020680113e-05 2.666006852742741e-05 4.478456269394903e-05 4.394049670881852e-05 2.57067080206306e-06 3.110131047962834e-05 2.4384093414370984e-05 0.0007059992673630929 0.0031536115162469655 0.0005468363442163545 0.0001551002295382894 8.725884829147626e-05 0.0021913441139444754 9.068064228276757e-05 0.003172552947400786 2.5821280788827535e-05 1.5553786591770836e-05 7.4463862622796995e-06 1.433872369190919e-05 3.9756307400917347e-05 7.455299793679539e-05 0.0033558113815746245 0.00010215026106710855 2.8999961926280378e-05 0.0013109811258572327 0.0009764350325545279 0.0005898244507970728 0.00012617734358573137 7.558604443762416e-05 0.0034122636661369815 0.04596775120271191 6.587026768481619e-05 0.005675416148028232 9.753419062061118e-05 2.888324625597271e-06 2.4733528716189355e-05 3.902824075413768e-05 1.9483519617254992e-05 3.3149792095552956e-06 3.2495633297851267e-06 0.0 7.005719393133201e-06 6.980018226231285e-06 5.891409959345175e-05 0.00012174581529658916 0.0 0.0028779084926242398 0.00013969740050311333 4.3490467513378256e-05 4.149591125789441e-05 0.0038042122893368674 0.0001349687898724666 0.0002521319716021789 0.000110103192363522 4.407021961422684e-05 0.00014300264125431192 9.895268255050078e-05 4.2682247754367764e-05 0.0006609719072199014 0.00012464317633740216 0.00018623119330316623 8.519013224147113e-05 0.0008595762916963276 0.0006645222419272232 0.0007277986753787863 0.0005444818224321964 1.5978337147602295e-05 8.523468371848771e-06 0.0 0.0 0.0 0.0 0.0 3.3991010403746365e-06 0.0 0.0 3.147214013116275e-06 7.44015528794262e-06 0.0 0.0 6.97716109346019e-06 1.2898344027899175e-05 6.355598026413636e-06 7.4250026291755105e-06 4.100406416197792e-06 0.0005877191839562508 0.00010912897606928702 1.6446406813508788e-05 0.0 0.0 0.0005457295121619008 1.7253005842574202e-05 0.0001068967728522675 4.3002684745038326e-05 1.0026174799730754e-05 1.2681597401286225e-05 3.8583786718415234e-06 0.0 0.0 0.0 2.0711435096799215e-05 4.845181941888904e-06 0.0 2.301910364381892e-06 0.0 0.0 3.5404550418442632e-06 9.022828022801833e-06 6.514387535104088e-06 0.0 2.184486977432829e-06 0.0 1.5382167407529018e-05 4.684291557016547e-05 2.2260142475982933e-05 0.0 3.24113292846305e-06 0.0002697031689900466 1.2946427153844491e-05 0.0 0.0 0.0 0.0 0.0 0.0 0.0 0.0 0.0006129935113601212 3.1028314803335476e-06 0.0 1.340131055419355e-05 3.6091855066207733e-06 0.00036567803627172345 1.0348286523664962e-05 0.0003148169915981634 5.0077302496533676e-05 4.409786216891076e-05 1.637042015186154e-05 2.886502171193819e-06 2.993995083317362e-05 0.0 0.0 0.0 0.0 0.0 0.0 3.0512646150183717e-06 0.0 0.00022583090326784057 0.00023118366828430516 0.0004243733547633479 0.0018070149969370295 0.00010102591260552087 0.0014752470308111746 0.0005294976246007771 0.002974145052002629 3.067762880987531e-05 1.9576430750828568e-05 0.00017716222186116393 0.00012558945610558107 0.0 0.000128538740181456 1.3476707381929753e-05 0.0006648821925366925 0.0 0.0 0.0 2.779927945874369e-05 0.0 0.00137502871472014 0.0001327269127068911
0.04193819136187173 0.04192547500335381 0.009960920416989743 0.0 0.00011911443173645062 0.0028501136544656566 0.02388799729112334 0.00011728163202023219 9.144867873980345e-05 0.030141591638286756 0.00035876809460076893 0.0187143503309251 0.01089338712473629 0.0012425416738274563 2.950618819374396e-06 0.0 6.71136558505755e-06 0.0 0.0 0.0 0.0 0.0 0.0 0.0 2.8075911352893576e-06 0.0 2.6262998936583565e-06 0.0 0.0 3.064898666847429e-06 0.006240604966988753 6.329115093183738e-05 3.0416846574522064e-05 0.0 0.0 0.0 2.6229469179660325e-05 0.0 8.498648488674295e-06 3.469998572170953e-06 0.0 0.0 0.0 2.365055793347347e-06 2.5607699134914313e-06 0.0 0.00024536683321080223 2.8156251270378053e-05 0.0 2.6479432470026774e-06 0.0 0.0 0.0 0.0 6.80373101194535e-05 3.538250823903378e-05 0.001640159549647816 0.003989166578165649 0.0013541420964302048 0.00017651358821232474 5.518999208316553e-06 1.9311421967813513e-05 0.0 0.00044432948788993384 4.896131257192977e-05 3.1561116587150183e-05 0.0 0.0 5.938946664163925e-06 2.728195120166267e-06 4.9374416315397824e-05 7.153702942848873e-05 0.0 0.0025222237761216124 0.0008579332163547476 0.00022447781061747925 0.0 0.0 6.432999490954741e-06 3.4062322521330525e-05 0.0 4.805662628576719e-05 0.0001288293387626616 0.0 2.046264201842087e-05 4.9878596970775905e-05 1.0531393285421156e-05 0.0 6.375108143610853e-06 2.9959523989264094e-06 3.065623193860354e-06 0.0 0.0 2.7534852734842845e-06 0.0 0.0009886425058244714 3.5986647355989923e-05 5.050861040146074e-06 9.432246932830592e-06 0.0032673469491214025 1.0248443003002233e-05 0.00031029187913019754 0.00018073621569550613 4.7172547623933066e-05 3.436950390366111e-05 9.859646048143661e-05 9.067356217453864e-05 0.00020976136376093068 0.0002607492475206631 0.00016263740861720028 9.443071551317769e-06 0.00011961913540451293 0.00017549740230401046 0.00012439550703236056 3.4276684596742e-05 0.0 0.0 0.0 0.0 0.0 0.0 0.0 0.0 0.0 0.0 0.0 0.0 0.0 0.0 0.0 0.0 0.0 0.0 0.0 9.057887775689832e-05 1.6074705964469858e-05 0.0 0.0 0.0 1.7111108235715237e-05 0.0 2.976778699289424e-06 0.0 0.0 0.0 0.0 0.0 0.0 0.0 0.0 0.0 0.0 0.0 0.0 0.0 0.0 0.0 0.0 0.0 0.0 0.0 8.114006595372615e-06 1.659024980061301e-05 3.7236851497015564e-05 0.0 0.0 1.4767966652823482e-05 0.0 0.0 0.0 0.0 0.0 0.0 0.0 0.0 0.0 5.9912809649653553e-05 0.0 0.0 0.0 0.0 0.0 0.0 0.0 0.0 4.703158677502759e-06 2.639519990088498e-06 0.0 0.0 0.0 3.938548174184616e-06 0.0 0.0 0.0 0.0 0.0 0.0 3.78834416350657e-05 7.776909896127303e-06 0.0 0.0006916031894152101 5.375117179124451e-05 0.0009069331349955432 0.0003282181775454782 0.004678944746233678 4.033003256331326e-05 0.0 5.924743497206734e-05 0.00010531940420988515 0.0 0.0 0.0 0.0008454731229152171 0.0 0.0 0.0 0.0 0.0 0.005309342785611321 5.206011313530018e-05
0.0001242462334547337 0.06852363019824484 0.003630734586561037 0.00011911443173645062 0.0 9.144111029028155e-05 0.043892094592625136 0.01337925904986147 0.054069711171492466 0.005753907413616137 0.03853253810390191 0.0017496273055547977 0.0182872282963431 0.06217665925071784 0.00012519687404341704 5.0378006632584284e-05 0.0 5.558896313715901e-06 7.401538502464893e-06 0.0 0.0 0.0 0.0 4.193714484669109e-06 0.0 0.0 0.0 6.1480550782131266e-06 0.0 0.0 0.0022845217858347465 0.0005758771185727642 0.0001717865983116231 0.0 0.0 5.2044118066789794e-06 0.00016398725455443028 5.92090115058622e-06 4.833771271824278e-06 2.7431622344576196e-06 0.0 2.7482639720872e-06 2.6598784006590278e-06 8.582192462972309e-06 0.0 6.110934205671885e-06 0.0009681525662842425 2.8383030536849483e-05 2.3503708831680474e-06 0.0 2.519745462551381e-06 0.0 0.0 2.358427253723594e-06 3.4728378859482276e-05 2.4771231857974448e-06 0.0001934040071589144 0.0007975763796528086 0.0002587341681129677 0.0003514176728659216 1.3485811038631591e-05 9.454666400015469e-05 0.0 0.0015926145400852732 2.929322894383663e-05 2.6826867337633125e-05 0.0 1.1024066400968686e-05 0.0 0.0 0.0007269577659611698 1.3194497596376708e-05 0.0 0.0012574378645309363 0.0009255549528668963 0.0011271796630999294 0.00012638899982171553 1.6919038183859474e-05 2.055815056452541e-05 0.00013946716061153291 8.100763594811263e-06 3.724475405267161e-05 0.0001767950608630862 0.0 1.2046586457275301e-05 3.227010010016947e-05 1.7276562006068943e-05 0.0 2.42101878094715e-06 0.0 0.0 0.0 4.165924418975002e-06 4.573184667169718e-06 0.0 0.000862499201349921 4.619571794731417e-05 0.0 3.4891346586016402e-06 9.264939755976858e-05 5.893665154737727e-05 0.00022828732994447008 6.543310031476285e-05 7.816975735630882e-06 0.00011594889126642245 0.00015015187415126738 6.781305219858184e-05 0.00038046310012304087 0.0003077537754811581 0.0003938440507957564 4.622849480972254e-05 0.0005084643288849683 0.0004476873152656106 0.0005477643853618127 0.00029447136594557113 0.0 0.0 0.0 0.0 0.0 0.0 0.0 0.0 0.0 0.0 0.0 0.0 0.0 0.0 0.0 0.0 0.0 0.0 0.0 0.00015516927792921743 0.00013640263681597057 0.0 0.0 0.0 0.00019556281125072435 0.0 3.7794024537214536e-05 0.0 0.0 0.0 0.0 0.0 0.0 1.5383026417514177e-05 7.146451200726587e-06 0.0 0.0 0.0 0.0 0.0 0.0 0.0 0.0 0.0 0.0 0.0 8.957648538881299e-06 2.132892375004629e-05 1.4369949377284655e-05 0.0 0.0 0.00011700625943303952 0.0 0.0 0.0 0.0 0.0 0.0 0.0 0.0 0.0 0.00025377148419564286 0.0 0.0 0.0 0.0 0.00010079790765283527 0.0 3.493427018867998e-05 1.1680140320246874e-05 0.0 0.0 0.0 0.0 0.0 0.0 0.0 0.0 4.715096142585194e-06 0.0 0.0 0.0 0.00015323033542586487 5.2966117354590686e-05 0.0001243549856317885 0.0023617228032956055 0.00011160174095613575 0.00219662238190834 0.0008017508824043751 0.0001380657835310272 0.00028321869004893055 0.0 0.0001801721896972235 3.063379135338942e-05 0.0 3.4286035365905324e-05 0.0 0.0002556262725082109 0.0 0.0 0.0 7.809844776028038e-06 0.0 0.0012104461069894332 0.00013514550007772614
0.0007442197033642674 0.003000353889603183 0.0004951938929567628 0.0028501136544656566 9.144111029028155e-05 0.0 0.0012450758333430758 6.788975456179697e-05 9.704427398573521e-05 0.006135832990636564 4.580004634899266e-05 0.0040689267576279635 0.001954485928871852 0.0010523660064840114 0.0 0.0 0.0 0.0 0.0 0.0 0.0 1.1976971136567401e-05 0.0 0.0 0.0 0.0 0.0 0.0 0.0 0.0 0.00043717673931390274 0.0 0.0002326465944388699 0.0 0.0 0.0 0.0005185979158650136 0.0 9.677289617320688e-06 0.0 0.0 0.0 0.0 0.0 0.0 0.0 6.65961275500733e-06 0.0 0.0 0.0 0.0 3.439182849731166e-05 3.068734919708263e-05 0.0 0.0 3.158313018892745e-05 0.0008983653446082493 0.0005439131710601875 2.8180655096857174e-05 0.0 0.0 5.313123134530985e-05 0.0 0.0 0.0 3.292806959896726e-06 0.0 0.0 0.0 0.0 0.006417947211959146 0.0055048671502815815 0.0003704090699072965 4.595331911400639e-06 3.2453846916821647e-06 0.0 0.0 0.0 8.389197840682419e-06 7.234377176597141e-05 0.0 4.449036291090253e-06 0.0 5.684883282155486e-05 0.0 4.78318308532659e-05 0.0 0.00016078976450240265 0.0001255994734059755 0.0002456354192408788 3.134960008737936e-05 6.203212849016662e-06 0.0 0.0 1.1736717306666792e-05 0.012264072335525858 0.0062093402849134165 0.0006090971137216395 4.696488364105753e-05 0.006100073395715581 0.0 6.204292705257792e-05 5.4081397671386394e-05 5.139763110239494e-06 3.141705884754966e-05 2.3219369382184276e-05 1.012389075774677e-05 4.3758548601919985e-05 6.278012278174636e-05 7.356470190575616e-05 0.0 5.4002048935433236e-05 0.00015281582255300335 4.619430083299424e-05 0.0 0.0 0.0 0.0 0.0 0.0 0.0 0.0 0.0 0.0 0.0 0.0 0.0 0.0 0.0 0.0 0.0 0.0 9.446470188181757e-06 7.508576862142274e-06 0.0 2.7463435972695906e-06 0.0 0.0 0.0 0.0 0.0 0.0 0.0 0.0 0.0 0.0 0.0 0.0 0.0 0.0 0.0 0.0 0.0 0.0 0.0 0.0 7.571155151198251e-06 0.0 0.0 0.0 0.0 0.0 0.0 6.701442506795502e-05 3.628106840555169e-06 0.0 0.0 0.0 0.0 0.0 0.0 0.0 0.0 0.0 0.0 0.0 6.682463093027475e-06 2.848786799863438e-05 0.0 0.0 0.0 0.0 0.0 0.0 0.0 6.22362736420217e-06 0.0 0.0 5.396903798860134e-06 0.0 0.0 0.0 0.0 0.0 0.0 0.0 0.0 6.895716944695865e-06 9.65483789523544e-06 3.94068141033172e-06 8.137980286470223e-06 3.2755420779469243e-06 6.326688389975658e-06 4.367839254787414e-06 0.0019434257420255776 0.0 0.0 0.0 1.589597809436747e-05 0.0 0.0 0.0 0.00030915577223398436 0.0 0.0 0.0 0.0 0.0 0.0008356274064032082 0.00010943030996388102
0.012231107691391423 0.08766292510582123 0.0015653853652551571 0.02388799729112334 0.043892094592625136 0.0012450758333430758 0.0 0.00028018539551094774 0.030399186648841326 0.047908726386351436 0.006075761554748953 0.012727680972622214 0.09414635122950951 0.05217728200397859 7.65165153121574e-05 3.798304939026773e-05 1.796549368766847e-05 3.6492173051220013e-06 0.0 6.25929645103219e-06 0.0 0.0 2.551896558879548e-06 0.0 0.0 2.5056342063005277e-06 2.7626147761323496e-06 0.0 0.0 0.0 0.006778847058351213 0.0004766807974240551 0.00015854339749672125 0.0 0.0 0.0 0.00012784536299710548 6.8321569299425625e-06 9.774713074872092e-06 0.0 0.0 6.3174342804486315e-06 0.0 0.0 3.001423754599996e-06 5.460913911311141e-06 0.0008148880234333522 4.4928323100103104e-05 0.0 1.676233379162762e-05 0.0 0.0 2.7298437973540298e-06 0.0 6.157411899110201e-05 3.663393029147672e-05 0.000847059989837773 0.0032926754811480096 0.000840555060027821 0.00039972086884830255 0.0 3.165432253261446e-05 0.0 0.0020002450524726524 4.800307579661153e-05 5.244491745881676e-05 3.9438568895136554e-06 0.0 2.6821544543617933e-06 0.0 0.00046634832315611016 2.513479816823022e-06 0.0 0.002743866099422638 0.0015664385274668175 0.001023877813414818 0.00010641793509274807 1.4511473373636373e-05 3.5417111758438444e-05 0.00013899046407308708 3.533804858867164e-06 5.2681710873738014e-05 0.000176569090385615 0.0 4.082604695033193e-05 3.158923634625592e-05 2.7321989304053226e-06 0.0 3.0581663231794818e-06 0.0 0.0 0.0 3.0857239854871943e-06 0.0 0.0 0.002361290396622769 0.0 0.0 0.0 0.0012302050939623505 6.127922451945203e-05 0.0004452421765433334 0.00044538831204485514 6.448656124660309e-05 0.00011344288134831824 0.0007676643691280244 0.0001800415607127897 0.0008697540916345326 0.001580583340581318 0.0005700116168420723 0.0002466763573706221 0.001575786016506396 0.0009403320731872767 0.0007910166700952827 0.00017031907431031533 0.0 0.0 0.0 0.0 0.0 0.0 0.0 0.0 0.0 0.0 0.0 0.0 0.0 0.0 0.0 0.0 0.0 0.0 0.0 0.0001843466500026019 2.0920959567543774e-05 0.0 0.0 0.0 0.00010154112905967847 0.0 4.2625855682034654e-05 4.0839484741073405e-05 0.0 0.0 0.0 0.0 0.0 0.0 1.649614239897546e-05 0.0 4.728340614054054e-06 0.0 0.0 0.0 0.0 0.0 0.0 0.0 0.0 0.0 1.3394142611773338e-05 6.401167791685636e-06 9.334888951676297e-05 0.0 0.0 0.00010400333745346597 1.2049625562318205e-05 0.0 0.0 0.0 0.0 0.0 0.0 0.0 0.0 0.00027601061580851023 5.838449640307985e-06 0.0 0.0 0.0 0.00018400435595673895 0.0 0.00013077275009315567 0.0 1.2587486847704012e-05 8.522876856900577e-06 0.0 0.0 0.0 0.0 0.0 0.0 0.0 0.0 0.0 0.0 0.00028448378607783497 0.00018890635380245312 5.845681357075183e-05 0.002275072942442364 0.00020910839303623683 0.0025921617798959477 0.0005791381753636935 0.002666538655780357 6.780967562533048e-05 0.0 0.00013524167032208004 2.9665091592701517e-05 4.203872151665852e-06 4.746920949601971e-05 0.0 0.0015294262789235492 0.0 0.0 0.0 8.10051291014583e-06 0.0 0.006069272141332182 0.00046607323718575206
0.006167270275302879 0.031502993648360844 0.0860492279301088 0.00011728163202023219 0.01337925904986147 6.788975456179697e-05 0.00028018539551094774 0.0 0.004143955238394378 0.00011762193130538352 0.057820090600298434 0.003937809510489755 0.006111502312597986 0.03775581641333962 0.00029115754307944747 0.00028141074866961155 3.6515284370258175e-05 0.0002226745639546691 0.0 0.00014825474534579816 0.0003960937155760725 5.5298403009678294e-05 0.000738820984675671 0.002031038141848471 0.00033812507246285407 0.0011571688454175535 0.00048055073574787896 0.00016305109084757859 3.362995514273784e-05 0.0003436437081468862 0.050146366921404235 0.05377997771147249 0.013169615978163437 2.1883941910744825e-05 0.0006060710320938208 0.0010885420312905976 0.0047266313501860046 0.0012053875276773292 0.0004780128668136521 0.00034663386432970926 0.0017827323152408553 0.00038417864968331105 0.00011452999042424541 6.237589701574236e-05 6.538317225054217e-05 0.0002127301281155934 0.0012116403895383989 2.412606513813358e-05 8.111711286231001e-05 0.00011841297926987658 0.00011280816815801302 0.00020967981538786286 5.3666911484989716e-05 3.943155098528224e-05 1.9179550066534785e-05 2.929765091206749e-05 0.0004105748271073003 0.0024111489257922724 0.0003316187702961963 0.0003392124336943541 0.0010998967942621109 0.008165352488984423 0.0005979820681190454 0.00818240699585868 3.7942370182332945e-05 3.483859017678584e-05 1.685125771520403e-05 0.00018773223256245174 0.0002516843782295733 0.00040677038052004834 0.00499621998444132 6.852346018045861e-05 1.6594657480028064e-05 0.0011596748387354158 0.0013229033712495453 0.0011492291298048477 0.00034470930667140415 0.00025646589887422044 0.02407791844040625 0.09094423515361441 0.0008408481919320161 0.04944344021403482 0.000193424150606859 0.0 3.07702985044878e-05 1.9189808805890347e-05 0.00013121004207008796 4.316804227601504e-06 2.452562182344523e-05 3.879778274798665e-06 7.592268578593068e-05 0.0 0.0005050318724952751 0.00037034500326997143 7.3098009429537245e-06 0.0035333947143794753 0.0001218713814173775 0.0 7.069558207898323e-05 0.0015878731878233958 8.853636697481135e-05 0.00018324328340623886 3.225748475685509e-05 3.076423395282886e-05 0.00022399349540852656 8.272354789784488e-05 2.354257903350901e-05 0.0007519798272639038 0.00014475364695590854 0.0003747174876506717 0.00011417222201113019 0.00131006799635184 0.0007729990964057082 0.0007801426711417363 0.0005059156422665326 1.066526393987475e-05 0.0 0.0 2.9639801229253865e-06 0.0 0.0 0.0 1.2355697880387117e-05 0.0 6.866770745699812e-06 4.742130771195728e-05 0.0 0.0 0.0 0.0 1.7795864010897175e-05 0.0 3.275678746267461e-05 0.0 0.0007862771440701426 0.0001095237058665436 3.511321827464943e-06 0.0 0.0 0.0005698959278652057 8.462980452492497e-06 0.0001006234819770666 5.7485329382149725e-05 7.700021568177138e-06 4.726047091014417e-05 3.914986757448771e-06 1.2187354197037833e-05 0.0 0.0 7.21447016652811e-06 2.9758682075414553e-05 0.0 6.978162991603354e-06 7.762724464112076e-06 0.0 3.4321267803334886e-05 2.4508942362683946e-05 3.665330361427563e-05 0.0 0.0 0.0 4.840382769933892e-05 0.00010676348152524274 1.6820786395250955e-05 9.120860436061892e-06 2.684329443269182e-05 0.00032565610777000805 7.387525376757845e-05 0.0 0.0 0.0 0.0 0.0 0.0 0.0 3.4331050599046503e-06 0.0005413412766732069 6.746442526550439e-06 1.2170984677501628e-05 0.0 1.8018652285037852e-05 0.0003625391637750899 1.7240058074162837e-05 0.000402533798327201 1.8145618499644963e-05 8.11420403318623e-05 8.516176032679245e-06 2.773322352407753e-06 2.596024162378028e-05 0.0 0.0 0.0 0.0 4.872927039839173e-06 0.0 0.0 4.054869641279915e-06 0.00022580611364333484 0.00024201093692655503 0.00043234572809495395 0.0028545065065026316 0.00012859653886162684 0.0028971539904086747 0.0011550418387738807 0.0004009276726025022 0.0002380546994085395 0.0 0.0004470865810894078 0.00012903312459282526 0.0 0.0002875296314493316 1.550655028829132e-05 0.0002636462376826542 0.0 0.0 0.0 2.6801775546699157e-05 1.9778314907712936e-05 0.0008596076312719702 0.0002889388854496768
4.943692231985622e-05 0.04115915156583313 0.004716732036956315 9.144867873980345e-05 0.054069711171492466 9.704427398573521e-05 0.030399186648841326 0.004143955238394378 0.0 0.002919561775646117 0.03524628044142869 0.0008933407926400655 0.021257193968274992 0.04557030646615364 0.00012473843356845232 3.879902041159052e-05 2.6724527686927904e-06 0.0 0.0 0.0 0.0 0.0 0.0 4.355867748702629e-06 0.0 0.0 0.0 0.0 0.0 0.0 0.0006810503774050343 0.0003354617868100155 0.00020376998050485458 0.0 0.0 0.0 0.00019944519008999865 1.984341433223906e-06 5.169117170874783e-06 0.0 0.0 5.806986508434666e-06 0.0 8.563947116103046e-06 2.213622082978947e-06 3.1338573324174542e-06 0.0004412861947530947 5.496858688234244e-06 5.47414304331598e-06 0.0 0.0 0.0 1.0544419852449064e-05 0.0 8.13490903159177e-06 9.03985251643876e-06 4.708593491631234e-05 0.00018161488036705953 7.47149282532765e-05 0.00013956811823956876 0.0 2.1493818365416996e-05 0.0 0.0006177791810145915 2.2207516347131748e-05 2.6592190138357803e-06 0.0 0.0 0.0 0.0 0.00038688683457772704 0.0 0.0 0.0004559719425091562 0.00045417540843782736 0.0005576525963917522 5.553015520430748e-05 3.191885705302274e-05 2.6216821896640055e-05 0.00022932008499548247 2.354892873109502e-06 3.3672605366734435e-05 5.9383463868095686e-05 0.0 2.3519680785930007e-06 2.746052357582841e-06 2.2037646912436515e-06 0.0 2.5861840432994792e-06 0.0 0.0 0.0 2.9285657132240434e-06 0.0 0.0 0.0014583048968578704 6.4439155158371115e-06 0.0 7.152658010154594e-06 7.415911075941174e-05 5.6680824505117595e-05 0.0002682893980428715 9.587289661862675e-05 6.54244904627247e-05 0.00010373348097956105 0.00021975620760033426 2.4181726799823715e-05 0.0004531589596573283 0.00048299143253960905 0.0003138170190830598 5.450734600961054e-05 0.0006965928090110963 0.0005211299717727656 0.0007468663425466985 0.00018898576284561415 0.0 0.0 0.0 0.0 0.0 0.0 0.0 0.0 0.0 0.0 0.0 0.0 0.0 0.0 0.0 0.0 0.0 0.0 0.0 0.0002315346818698805 1.4434780256125594e-05 0.0 0.0 0.0 0.00014571967680933827 1.2279453599796178e-05 3.413802046484675e-05 0.0 0.0 0.0 0.0 0.0 0.0 0.0 6.231942614479273e-06 0.0 0.0 1.2255431999139708e-05 0.0 0.0 0.0 0.0 0.0 0.0 0.0 0.0 0.0 0.0 8.478769467873859e-05 2.0052192842746993e-05 0.0 0.00010910944325808822 2.9911558115660182e-05 0.0 0.0 0.0 0.0 0.0 0.0 0.0 0.0 0.00028033134294643783 1.9396823698295185e-05 0.0 0.0 0.0 9.875020792931641e-05 0.0 0.00013201197033742388 0.0 1.2104634141074415e-05 4.659969050709698e-06 0.0 3.901068190081577e-06 0.0 0.0 0.0 0.0 0.0 0.0 0.0 0.0 0.00021914407347067865 9.482762141302877e-05 0.00016166476808516654 0.0012494772708570503 2.832221439498912e-05 0.0010218381484185012 0.00038916395426695505 0.000162268811383005 5.642290969888801e-05 0.0 0.0001009833892998293 5.217366677472315e-05 0.0 0.0 5.8273896766193926e-06 0.0002704628004714474 0.0 0.0 0.0 1.8597082040035974e-05 0.0 0.00147167443770104 0.00030784783875557046
0.046226045123584615 0.019948750979057153 0.00021429141217423693 0.030141591638286756 0.005753907413616137 0.006135832990636564 0.047908726386351436 0.00011762193130538352 0.002919561775646117 0.0 0.00033540263951778877 0.06349282637556157 0.1629975639761544 0.02030626450302289 7.951339144099936e-06 1.2666064828122546e-05 0.0 0.0 0.0 0.0 3.580072044428e-06 0.0 0.0 0.0 0.0 0.0 0.0 0.0 2.4255527482783187e-06 0.0 0.0045814255342844865 0.00010386010657401506 0.0003731044591671638 0.0 0.0 0.0 0.00033689266399125937 0.0 0.0 0.0 0.0 0.0 0.0 0.0 0.0 3.1484718491659755e-06 0.0003094098299004664 1.691895623329827e-05 5.879764700545854e-06 0.0 9.711287753220666e-06 0.0 2.758654252599983e-06 0.0 5.421151120780314e-05 1.774029564676903e-05 0.0014394518519058692 0.0031703938949357345 0.0010298060831816344 0.00011065239119385626 5.397006762385753e-06 1.9683817715585546e-05 0.0 0.0004444785570114171 2.2617250871885976e-05 2.1735683259299072e-05 5.0136920479163325e-06 5.747445223125152e-06 0.0 0.0 0.0010767009659140869 0.0006801455373039724 6.156259905362241e-05 0.0022393518960147265 0.0006694313892239488 0.00018735934406066424 0.0 2.2606001371258386e-05 1.5974356031364804e-05 3.144870605299125e-05 5.584625637990128e-06 2.389023979048279e-05 0.00012935563388204613 3.320627494389231e-06 2.1005889977233687e-05 3.194936451527459e-05 5.672908245892681e-06 3.3517662701438875e-05 7.675418328665747e-06 1.3937592505174155e-05 0.0 0.0 0.0 0.0 0.0 0.004107128177106475 0.0005870904710179335 3.754468175968718e-05 0.0 0.005333194769408927 0.00017064583536275535 0.002882332385222375 0.001328244386656829 0.0007122197276532989 0.00021631020037015102 0.001194652027483648 0.0005295831145857094 0.0025934233114956987 0.0014343463323629544 0.0026750997407205775 0.00012611019728834188 0.002903297227634408 0.0027935820232686407 0.0020725766369293947 0.0004848403414247346 0.0 0.0 0.0 0.0 0.0 0.0 0.0 0.0 0.0 0.0 0.0 0.0 0.0 0.0 0.0 0.0 0.0 0.0 0.0 0.00017172688640104255 2.1735044255051305e-05 0.0 0.0 0.0 0.0002775230894825102 0.0 3.76398948635121e-05 7.197950614426002e-06 0.0 0.0 0.0 0.0 0.0 0.0 0.0 0.0 0.0 2.7927337086722357e-06 0.0 0.0 0.0 0.0 0.0 0.0 5.60445263069068e-06 0.0 2.9309912817320446e-05 1.3260658175605637e-05 0.0009055539747121805 4.3741346548733795e-05 0.0 0.00010261822209598905 0.0 0.0 0.0 0.0 0.0 0.0 0.0 0.0 0.0 0.0005195971071181003 1.0456862191818723e-05 0.0 0.0 0.0 0.00020289418410294343 0.0 3.753748776119111e-05 5.73986311517638e-06 2.5638604582712138e-05 3.2023539229000614e-06 0.0 0.0 0.0 0.0 0.0 0.0 0.0 0.0 0.0 0.0 0.00040480966081076804 3.64403449947572e-05 4.600016898907036e-05 0.0006870571400497637 5.328652618788897e-05 0.0009641329418983004 0.00040509248711669704 0.010123658864134888 3.771681408051994e-05 0.0 4.934997214402702e-05 0.00013315138971734712 0.0 2.7959339411262487e-05 2.611429439003299e-05 0.007023968415590199 0.0 0.0 0.0 0.0 0.0 0.021286992968555615 0.0014739378254180248
0.0006684745584260794 0.03502954323555808 0.03056457370702549 0.00035876809460076893 0.03853253810390191 4.580004634899266e-05 0.006075761554748953 0.057820090600298434 0.03524628044142869 0.00033540263951778877 0.0 0.006454062346027849 0.019518084595100613 0.13917884487457843 9.059014133621207e-05 7.461440370243718e-05 0.0 3.0769527538823533e-06 0.0 0.0 0.0 6.136129800650047e-06 2.5785483522914602e-06 0.0 0.0 1.3285020606544868e-05 0.0 0.0 0.0 0.0 0.0018935902302471617 0.0005100428698406353 0.010627962746470574 0.0 5.708173253417058e-06 6.89290814174292e-06 0.006283617516059807 6.151619171158894e-05 9.055690344936449e-05 6.698167131980755e-06 0.0 2.8530167095995643e-05 3.4497357705884966e-06 6.696551024887829e-06 2.6085941597151927e-06 4.550486883271205e-06 0.0002538005312568681 3.051340261690255e-06 3.5704846692853965e-06 3.4119494174643307e-06 0.0 2.2963893760863638e-05 0.0 1.141896346142198e-05 1.2058449326334073e-05 2.4586113945394385e-06 5.2645287001226314e-05 0.00021262973720720773 5.3306270599639356e-05 9.932144179465165e-05 3.1798929551104707e-06 0.0002865038134082606 2.587230446901266e-05 0.00042801157220185947 2.4182465405522797e-06 1.5324295181982743e-05 2.2349851233780127e-06 0.0 3.5215141658529627e-06 0.0 0.0020824097172952544 0.0 2.8748383789598853e-05 0.00027613292029696256 0.00018947273661482422 0.0003748032562675121 0.0001225042616467971 2.3782361752747505e-05 0.00012321610082167994 0.015392860952187306 0.0 8.00081620706545e-05 2.2503678741054336e-05 0.0 1.0777671111959391e-05 5.10615392431078e-06 7.03075823139685e-06 0.0 0.0 0.0 0.0 0.0 1.9685279587519686e-05 0.0 0.0 0.00120954167496014 2.5854798568361056e-05 0.0 4.700866163085412e-05 0.00011329078635995977 2.8075157827989764e-05 3.358203885972994e-05 3.177353328231641e-06 0.0 3.1611909965245366e-05 0.0001285226730384777 0.0 0.0002842261043053809 0.00012169738083387887 6.320899633474627e-05 2.62529831070966e-05 0.00034744636064723685 0.00023487064336491972 0.0002829295314861762 0.00019157935816146174 0.0 0.0 0.0 0.0 0.0 0.0 0.0 0.0 0.0 0.0 0.0 0.0 0.0 0.0 0.0 0.0 0.0 0.0 0.0 0.00032001997095105854 0.0 0.0 0.0 0.0 0.0001682480211984083 0.0 2.9569400023676975e-05 4.52076782744408e-06 2.735501117762662e-06 0.0 0.0 0.0 0.0 0.0 0.0 0.0 0.0 6.064878410533034e-06 0.0 0.0 0.0 0.0 0.0 0.0 0.0 0.0 1.8488727428267826e-05 8.565789112563398e-06 0.0 1.568447840496819e-05 0.0 0.00010865918502133589 0.0 0.0 0.0 0.0 0.0 0.0 0.0 0.0 0.0 0.0002366698771819161 0.0 9.179043653481462e-06 0.0 0.0 0.0001910740413350979 0.0 9.441092466277591e-05 0.0 1.4128328864178688e-05 2.670296838544123e-06 0.0 0.0 0.0 0.0 0.0 0.0 0.0 0.0 9.410870444134302e-06 0.0 0.00010618621147575053 7.506929865991667e-05 8.36308481967803e-05 0.0007726971247676444 4.3286996667551134e-05 0.0005165566507314568 0.00022225726182091156 5.606990093234176e-05 5.742587572090178e-05 0.0 9.552448948115705e-05 3.3834604605738814e-05 0.0 2.2456742502706624e-05 5.601745320355842e-06 0.00016982348270414065 0.0 0.0 4.73987858065709e-05 6.5812718008273625e-06 0.0 0.00024720473277348344 7.288870223284472e-05
0.006879631398143056 0.009544255595305935 0.004646951888244142 0.0187143503309251 0.0017496273055547977 0.0040689267576279635 0.012727680972622214 0.003937809510489755 0.0008933407926400655 0.06349282637556157 0.006454062346027849 0.0 0.04187840203637836 0.006552001321779579 6.826033079698057e-05 7.302133207174978e-05 3.5540437056701896e-06 0.0 0.0 0.0 1.0447921595720723e-05 0.0 5.444867991426879e-06 3.936381737553743e-06 0.0 0.0 0.0 0.0 0.0 2.6487007643697286e-06 0.0008652850024613743 0.00026929423863144045 0.0010587566066457648 0.0 0.0 3.100895261740772e-05 0.0038059246419005583 0.0001066929096943948 7.08484139920036e-05 4.702746991504e-05 8.149150147962688e-06 0.0 0.0 0.0 2.7660060584587963e-06 8.110034934969111e-06 0.00018877184981725217 0.0 2.4029264084588064e-06 0.0 0.0 2.1458464473053155e-05 0.0 0.0 3.4473455458866363e-06 5.376414267391673e-06 0.00026696695427201253 0.0005208402462802314 0.00016652316991335595 4.453197236277179e-05 1.372056556561595e-05 8.549621380524439e-05 0.0 0.00029158645760772784 9.274707905652293e-06 0.0 0.0 0.0 0.0 3.67943520872427e-06 0.001072412640557153 9.324123211515401e-05 6.68890104506401e-06 0.0004216391457327669 0.00023509617067897149 0.00020012607926959917 6.499207265301741e-05 1.9605658103288454e-05 1.907710072815533e-05 0.0011007711949829258 2.4666022046460195e-06 7.672847140314371e-05 4.202698472538622e-05 0.0 0.0 4.7787082694902406e-06 0.0 4.186172091223082e-06 0.0 0.0 0.0 0.0 0.0 2.712417115578257e-06 0.0 0.007756651253640895 0.00010949759221515028 2.323625792194146e-06 7.317350480807654e-06 0.0007247530004224313 0.00011255350216621118 0.0015571611189749792 0.0007379257893151442 0.0001939142702269712 0.00021567126378412867 0.0008491264907010697 0.0005080932416144904 0.0025492077737842658 0.0010524546700569591 0.0018187626447675241 0.0002797133697342314 0.0036722819596194272 0.0021247943365811724 0.0023312368490735957 0.0009706573276120013 0.0 0.0 0.0 0.0 0.0 0.0 0.0 0.0 0.0 0.0 0.0 0.0 0.0 0.0 0.0 0.0 0.0 0.0 0.0 0.0007949022097046638 2.9869263641151067e-05 0.0 0.0 0.0 0.0004952309222127792 0.0 0.0001692085027887147 6.0525381269228226e-05 0.0 0.0 0.0 0.0 0.0 0.0 7.901873154966667e-06 0.0 0.0 0.0 0.0 0.0 0.0 0.0 0.0 0.0 0.0 0.0 1.8958787232033776e-05 0.00013556510670329077 0.00037398202738223404 3.6352478863809317e-06 7.59963023953219e-06 0.00032600099103334605 3.6547079506969186e-05 0.0 0.0 0.0 0.0 0.0 0.0 0.0 0.0 0.0009492488723132114 1.3972800987824261e-05 0.0 0.0 3.911731008742783e-06 0.0003374167142956557 0.0 0.00020336187952795372 1.34572128143262e-05 5.559448618472504e-05 6.488241313615926e-06 0.0 2.792346229608479e-06 0.0 0.0 0.0 4.627739786153921e-06 3.950213731507561e-06 0.0 0.0 0.0 0.0004746646158863763 0.00015822060957559227 0.0002893918678071354 0.0008582835266364041 1.9346203256897123e-05 0.0005567846600993088 0.00018422609904602977 0.002739504049869935 5.6284883520592305e-05 0.0 0.00011626247277745363 0.00015892955169307166 0.0 0.00010077974782873114 1.6315739795609442e-05 0.003283175352464037 0.0 0.0 5.778939244056155e-05 8.72136321743953e-06 3.813763945802045e-05 0.014385317823646682 0.0017044572543552109
