0.0 0.04929981131220399 0.0012952528018661804 0.052553901448051 9.984894229886284e-05 0.0028549795371695334 0.005238787906075001 0.00018647179096530035 5.115484014532593e-05 0.0704679751325908 0.00026177842829831495 0.009528800124476728 0.0017009625544523643 9.326574391675984e-05 0.0 0.0 0.0 0.0 0.0 0.0 0.0 0.0 0.0 0.0 0.0 0.0 0.0 0.0 0.0 0.0 0.007936575199362635 2.0871945516593582e-05 4.987140255349911e-05 0.0 0.0 0.0 1.1542419762898068e-05 0.0 0.0 0.0 0.0 0.0 0.0 3.933385205631425e-06 0.0 1.9307761831957755e-05 0.00011505333640063739 4.660371126078813e-06 0.0 3.8381736551227e-06 0.0 0.0 0.0 0.0 0.0009459494446884353 0.0019664021833367645 0.005899535653388954 0.019595919904309304 0.002226093446844657 0.00030237342713436703 0.0 4.385826078278089e-06 0.0 0.00023002639973825523 0.00041906451317852504 8.111289284233912e-05 3.335886647448811e-05 0.0 0.0 0.0 1.9861409018532783e-05 1.52386956987292e-05 0.0 0.0076624756308246115 0.0006639144708550324 9.405726172541082e-05 0.0 3.0508639515133774e-06 0.0 0.00025412294593772715 0.0 7.878044251216333e-06 0.0004922002909031959 0.00020721241305602335 2.5574326242500445e-05 0.0005595660484085566 7.273937989855451e-06 1.7197347846760017e-05 8.446014938452698e-05 0.0 1.530809055728495e-05 1.9331044488441053e-05 0.0 0.0 3.377875579751282e-06 0.0002786974532704318 5.9463859780288045e-05 0.0 3.020139056852254e-05 0.02871804828457004 2.2361387161722188e-05 0.00045269992925396174 0.0011632049813891981 0.0010678641663338171 0.0 0.000738077706663541 0.0004478040168343566 0.00017414638691664648 0.0007824654033155977 0.00028876744883193017 4.6546569686064745e-05 7.206419388321918e-05 0.0010335003538285209 8.413584795781012e-05 9.490865985117487e-05 0.0 0.0 0.0 0.0 0.0 0.0 0.0 0.0 0.0 0.0 0.0 0.0 0.0 0.0 0.0 0.0 0.0 0.0 0.0 0.0 0.0 0.0 0.0 0.0 7.368488218912336e-05 0.0 0.0 0.0 0.0 0.0 0.0 0.0 0.0 0.0 0.0 0.0 3.4239972298354305e-06 0.0 0.0 0.0 0.0 0.0 0.0 0.0 0.0 0.0 0.0 0.0 9.492661658473301e-05 0.0 0.0 0.0 0.0 0.0 0.0 1.201434991533302e-05 3.579043432067368e-06 0.0 0.0 0.0 0.0 0.0002923288691633524 0.0 0.0 0.0 0.0 8.685099236364124e-05 0.0 0.0 0.0 1.9623884036217967e-05 0.0 0.0 0.0 0.0 0.0 0.0 0.0 3.4792621932361336e-06 0.0 0.0 0.0 3.6949764011893804e-05 0.0 0.0 0.009205398990920816 0.0003657878499833805 0.004809258380886904 0.00042802510805076653 0.005986545600872832 0.0002707022143074985 0.0001391285600123853 0.00014094014854389744 0.00038872622721923555 2.4420945058809364e-05 8.229724204952559e-05 0.0 0.0019304653987244553 0.0 0.0 0.0 0.0 0.0 0.005875551222217078 0.0005500069133348434
0.04929981131220399 0.0 0.04541033526320383 0.007253720961219773 0.02345536673346436 0.0038295309844661157 0.08963797442345839 0.0045605663843343225 0.008608647312628271 0.010863760530325478 0.016101702016392706 0.005319988646136399 0.005095741116058242 0.01678301479528739 0.00011865999145004595 1.4170923736328836e-05 8.407029765267939e-06 2.8489004978792553e-06 3.4012704313734436e-06 0.0 0.0 0.0 0.0 0.0 0.0 0.0 2.9260832737406727e-06 0.0 0.0 3.147411214675298e-06 0.044966159962919854 0.00047927826932344975 0.0014764811945486304 0.0 0.0 5.986463341365353e-06 0.00023899855385913667 0.0 7.915099746746086e-06 2.548582455179642e-06 0.0 0.0 0.0 1.044504481785849e-05 0.0 8.160206561611503e-06 0.0018629459037633157 3.36205232533372e-05 2.3997089145541918e-05 0.0 3.1709083803907564e-05 0.0 3.7295408103359537e-06 0.0 0.003415218582607215 0.005549736175409 0.007792373397396001 0.03966049501762453 0.003020057959056547 0.0027725997067036216 1.1765479839309867e-05 0.00013924031168519884 0.0 0.0022484538214944593 0.0017725505772068994 0.0003848184317564431 8.071637809707816e-05 1.2137823027654035e-05 6.743944294222699e-06 1.0621129970630055e-05 0.00010736317452262722 1.5392945512308792e-05 0.0 0.018054388469583363 0.009284764851527209 0.0027281126878286347 0.0007407875910856952 8.620550341739492e-05 1.7053918565406187e-05 0.0069985106007065005 1.4027872375442753e-05 0.0001649002650608455 0.0019135217664058822 0.00046063681336000337 0.00014360438863739167 0.002254750538053321 5.5536748644921966e-05 0.0001286973720815106 0.00042511832430924606 4.016984362434314e-06 4.230071432635988e-05 5.960965519807042e-06 0.0 1.7103558615678344e-05 6.533166633012683e-06 0.00025448170800292883 9.36821973128653e-05 4.158791538280486e-06 3.795884276048371e-05 0.02667535867919103 0.0 0.0001264640520615271 0.0016956803933395376 0.00021423296757593614 2.387716317111115e-05 0.0009362729684588239 8.25644786666141e-05 0.00023330082628230235 0.0006080136649280217 0.00011743733508261391 0.00011084693042642516 0.00017390370489461552 0.0010268750726244993 0.00034894229117552513 0.0003043191811717672 1.7807156573678763e-05 0.0 0.0 0.0 0.0 0.0 0.0 0.0 0.0 0.0 0.0 0.0 0.0 0.0 0.0 0.0 0.0 0.0 0.0 4.353923134658913e-05 1.2995033058444721e-05 0.0 0.0 0.0 0.00010361340670025656 0.0 0.00011136002733731166 3.7741515658834206e-05 0.0 0.0 0.0 0.0 0.0 0.0 0.0 0.0 3.6372466483713734e-05 0.0 0.0 0.0 0.0 0.0 0.0 2.4524820042374037e-05 5.292069124589616e-05 3.3926774844214005e-05 0.0 0.0 0.0 0.0 0.0 0.0 1.2126907227977029e-05 0.0 2.3134477804566104e-05 1.2979384198576337e-05 6.606060208398749e-06 0.0 0.0 0.0 0.0 0.0010764760567461384 0.0 0.0 0.0 0.0 0.00011964505079407402 0.0 0.0 2.185601301622739e-05 2.8006728859885873e-05 0.0 0.0 8.177239948860165e-06 0.0 0.0 3.217893381910128e-06 3.396335026264958e-06 2.3322145038672656e-05 3.4479219574467446e-06 0.0 0.0 0.00010040368565162788 5.5181256379100633e-05 8.426818153359762e-05 0.014656812883756148 0.0007155847224772764 0.020227906531310336 0.0033036716052973533 0.0046373557721518495 0.0007319698869581412 0.0004068394812631005 0.001613497591709487 0.00028565110878154464 4.45537919102971e-06 0.00024757244791143027 0.0001489993235797969 0.0007025960703697291 1.122596057955412e-05 0.0 0.0 1.194498930581966e-05 0.0 0.008827506014722585 0.00022120273115965237
0.0012952528018661804 0.04541033526320383 0.0 0.0005638136931823098 0.00588739296699728 0.0004229098720465408 0.006383047182494687 0.05549722387335034 0.011151976191063966 0.00041273077734151184 0.05692224183736913 0.0024910875742241664 0.005577216680526752 0.021424488938021496 0.0001411203321654083 2.618118935494011e-05 2.6810032282417226e-06 2.7721590228973604e-06 0.0 1.6861777500929104e-05 9.25910224286661e-06 0.0 5.671509895518366e-05 6.979664037069863e-05 4.6437592185684776e-05 0.0 4.064334942956159e-05 0.0 6.632464448578922e-06 4.255203379941464e-06 0.08025841495469883 0.0016266947574984415 0.005257391854219357 3.6744880335312017e-06 7.555213564986455e-06 1.0203601666360877e-05 0.0009299735722076457 8.311294755544668e-05 0.00014851116745144595 5.8376523938173756e-05 2.647714733707668e-05 3.0578871310058715e-05 0.0 8.533428415043185e-06 0.0 1.0063556347861996e-05 0.0003361837520851193 2.015203871574126e-05 6.6034035456106335e-06 8.614392757584999e-06 1.853261978957485e-05 0.0 4.811486030328368e-05 0.0 0.000521865105858106 0.000667753131279591 0.004412471878528908 0.038770618511794495 0.0010922780318793645 0.00027454924035591114 0.00019112806224480484 0.0017867925627853471 1.7574350873204936e-05 0.00036157458672101463 0.0001977273169322805 3.696977450699387e-05 2.949732690227906e-05 0.0 5.734614858389198e-05 1.802947025716676e-05 0.0008012264537857314 1.3434836428116785e-05 0.0 0.004646825762479564 0.0026977596255727252 0.00046767838478509497 0.00021911117776779812 8.309686782687836e-05 0.0013894826929372523 0.044835979633678566 9.583408885673258e-05 0.004957861329079612 0.00023552154383568803 7.074580809613744e-05 1.0884250797624506e-05 0.0002779624022910024 4.021743522757996e-05 5.964590800627338e-06 4.915042478115461e-05 0.0 2.2017532090637382e-05 5.14519269680263e-06 0.00010247309349457288 0.00013534215063549718 7.735773335462863e-06 0.0008835384237108186 0.0007939672357980945 0.0 0.00046439249583452773 0.003409306148570975 0.0001021801716703608 0.00019829566935855602 0.0001603605607907811 0.00015786610501042665 0.0001611377928120841 0.0014591928046770223 0.00011203745469658774 0.000486493670779022 0.001496304587130111 0.00022871095976248614 0.0005165920272370208 0.00025226204252501195 0.002001785773086059 0.0007379893577156926 0.0005299312472279608 2.93070268222472e-05 3.0384764862315782e-05 0.0 3.6260901999631866e-06 0.0 0.0 0.0 0.0 0.0 0.0 0.0 0.0 0.0 0.0 5.537754827004847e-06 2.2856990094789955e-06 6.143116611019671e-05 0.0 0.0 0.00018789011348973914 4.881046799906132e-05 0.0 0.0 0.0 0.000714902655947425 0.00024845687510507394 0.0005731890874581094 0.0001559838717271451 4.537920642923492e-05 0.0 0.0 8.096146089824718e-06 0.0 0.0 3.053577617305379e-05 0.0 1.1606331822167835e-05 0.00011310930327920035 0.0 0.0 0.0 8.972879255778928e-06 9.7226449229205e-06 6.227075461501081e-06 1.2488154317087705e-05 1.699024093492657e-05 8.029315972776644e-05 4.881657298928405e-05 0.0 0.0 0.0 0.00022586262653897566 4.63330808391658e-06 0.0 5.985622074657464e-06 4.161398402173634e-06 0.0 0.0 4.0342360381198144e-06 4.6061218239351785e-06 0.0 0.0021759044239865436 0.0 0.0 0.0 2.6133097597584256e-05 0.0009594069413852651 0.0 0.0 0.00012254065852192886 3.0372823953370024e-05 9.453835664602221e-05 0.0 5.6122645044744746e-05 0.0 0.0 0.0 0.0 4.886468344582973e-06 0.0 0.0 0.0 0.0004775281580198606 0.0003893390691515753 0.0003953605852068249 0.00289250770885098 0.00015708578152096408 0.0022777882152699115 0.000507206143306238 0.0005966701143949282 0.00011797638056394994 5.3306570679327295e-05 0.00027391824898994146 0.0007205656400359245 0.0 0.0005313269939252913 0.00012868012611399885 0.0011352773760842424 5.023373025894726e-05 0.0 3.584376322901149e-05 0.0 3.2404940100492895e-06 0.0024298223309459966 0.0006715850481858032
0.052553901448051 0.007253720961219773 0.0005638136931823098 0.0 0.0005732694483089042 0.022576779195232353 0.0029768478649439926 1.603759771901951e-05 0.00017163104984944754 0.019605754977815706 2.3002530809923747e-05 0.008599921910457291 0.0016866490472285617 2.888376475588143e-05 6.746540725936268e-06 0.0 0.0 0.0 0.0 0.0 0.0 0.0 0.0 0.0 0.0 0.0 0.0 0.0 0.0 0.0 0.0005419095600646914 2.1433450299560517e-05 1.3452464646434993e-05 0.0 0.0 0.0 0.0 0.0 0.0 0.0 0.0 0.0 0.0 0.0 0.0 0.0 6.852197584823011e-05 0.0 0.0 0.0 0.0 0.0 0.0 0.0 0.0004095503518214752 0.0007754772901185037 0.0008802776469848325 0.0020364216062485315 0.00035785319915110315 0.0002439275833312303 2.8494740709224915e-06 0.0 0.0 0.00018472444733863658 0.00018747480172837997 4.711633439325489e-05 1.207000382188178e-05 5.5349865595785985e-06 3.1480229734324624e-06 0.0 7.549828395154638e-06 2.0013883786915426e-05 0.0 0.0019877534030633827 0.0006098781497276696 0.0001461473912543319 1.5390058160568487e-05 5.473052284090044e-06 0.0 1.3960074624530386e-05 2.6685407103170326e-06 3.0608693958969836e-06 0.00018868342248394034 3.210836996593202e-05 1.3244089929532402e-05 0.00025919790683960484 1.0608536558376689e-05 1.005589361671127e-05 3.981863366982197e-05 0.0 2.9209904017706275e-06 0.0 0.0 0.0 0.0 1.6965508008648292e-05 3.0968391574162733e-06 0.0 9.437840515421907e-06 0.010583618487877098 0.0 0.0001995676410008582 0.00014582064476092213 0.0003106581525850938 0.0 0.00030047014309053123 4.3853988706826746e-05 0.00017626716517383858 0.0004171749765822043 0.00019349342806988638 3.3226627772484715e-05 3.664926409496911e-05 0.0004116954388285873 6.766254396002278e-05 0.0 0.0 0.0 0.0 0.0 0.0 0.0 0.0 0.0 0.0 0.0 0.0 0.0 0.0 0.0 0.0 0.0 0.0 0.0 0.0 0.0 0.0 0.0 0.0 0.0 9.446890135955834e-06 0.0 0.0 0.0 0.0 0.0 0.0 0.0 0.0 0.0 0.0 0.0 0.0 2.9733461649039867e-06 0.0 0.0 0.0 0.0 0.0 0.0 0.0 0.0 5.753599771819905e-06 0.0 6.4778729319097435e-06 0.0 0.0 0.0 0.0 0.0 0.0 0.0 4.209744271677334e-06 0.0 0.0 0.0 0.0 6.332930157816017e-05 0.0 0.0 0.0 0.0 4.6858457212750446e-06 0.0 0.0 0.0 0.0 1.66965333510753e-05 0.0 0.0 0.0 0.0 0.0 0.0 0.0 0.0 0.0 0.0 1.7864172174912874e-05 0.0 0.0 0.00251518046994812 9.13379710202812e-05 0.0025855943625042836 0.0003570946216383885 0.008306623199744248 9.26940962995726e-05 1.2653258321434714e-05 0.00011935140304763015 8.617917102147032e-05 0.0 0.0 0.0 0.00023248310441321897 6.505598515891993e-06 0.0 0.0 2.4544285702133088e-05 0.0 0.004641687381996025 0.0002723377415031018
9.984894229886284e-05 0.02345536673346436 0.00588739296699728 0.0005732694483089042 0.0 2.4666376058576017e-05 0.06736383608192188 0.00255575855900841 0.08351508026639827 0.006802578363283133 0.019249316296592836 0.00415634654028251 0.007483860000547109 0.031051552593595353 0.0001294710540124197 1.4454334365269036e-05 9.655584510587392e-06 0.0 0.0 0.0 0.0 0.0 0.0 0.0 0.0 0.0 0.0 3.572956156866562e-06 4.6882766159503964e-06 0.0 0.0029128352032457157 0.0006519986196109434 0.00015465240477420634 2.8578083982377754e-06 0.0 0.0 2.8319909583172095e-05 0.0 1.1878039907623954e-05 0.0 0.0 0.0 0.0 1.0621219726741144e-05 0.0 6.204402595439178e-06 0.0012996838597099413 0.0 3.331054383134648e-06 0.0 2.9256281945107604e-06 0.0 3.393030190507939e-06 0.0 0.0005425792284411977 0.0008449338695821467 0.0003329113009628505 0.0012787314879938055 0.0002831460135558553 0.0011097769488430391 0.0 0.0 0.0 0.0009196356741410682 0.00024413217411944958 8.504233665242568e-05 7.662616987251565e-06 6.394796368253663e-06 0.0 0.0 4.4614589275045206e-05 0.0 2.5423020862398475e-06 0.0030300003822496505 0.0037227287901649736 0.0012364551261144193 0.0008407111114616956 0.0001275949725657522 0.0 0.0005122924260754622 0.0 1.2214077733200128e-05 0.000315518945170565 6.594312097941604e-05 2.1732581238957536e-05 0.0005022374981242793 6.862536327502468e-06 2.377379424667282e-05 8.326574631189699e-05 0.0 1.2821658500861357e-05 0.0 0.0 0.0 2.97685472341315e-06 0.0002081709608855718 7.564023914624241e-05 4.622340123341683e-06 1.7575822991526958e-05 5.188546118827246e-05 7.09761695172527e-05 0.0001107251298090075 0.0005077931317387458 0.00017202044335272798 1.5540340006070313e-05 0.0006697016000456846 0.00010478029676916742 0.0002620195112443667 0.0008360824551457032 0.000280947192950571 0.0001769928094766255 0.0004728028822027835 0.0013151249507151724 0.0005120170133852541 0.00016918146700696505 1.0218426974543293e-05 0.0 0.0 0.0 0.0 0.0 0.0 0.0 0.0 0.0 0.0 0.0 0.0 0.0 0.0 0.0 0.0 0.0 0.0 9.30900412116283e-05 4.471096430882729e-05 0.0 0.0 0.0 8.215985851148782e-05 4.074304189644963e-05 9.705451903640931e-05 0.0 0.0 0.0 0.0 0.0 0.0 0.0 0.0 0.0 3.2939903056609375e-05 0.0 0.0 0.0 0.0 0.0 0.0 1.936841137468955e-05 1.742581513836425e-05 0.0 2.2220720439620874e-05 4.207797587601282e-06 0.0 0.0 0.0 2.3855470536262468e-05 9.441370528790955e-06 0.0 0.0 0.0 0.0 0.0 0.0 0.0 0.0 0.0008457909315940876 0.0 0.0 0.0 0.0 0.00029562178290744735 0.0 0.0 6.177202281540383e-05 5.509803435543117e-05 2.688882259810161e-05 1.659667967748775e-05 5.006370049433703e-05 0.0 0.0 0.0 0.0 1.4012197139875056e-05 0.0 0.0 0.0 0.00035255405149741905 4.202557641582538e-05 5.157349138515164e-06 0.007165115341206121 0.00018223831722492004 0.007502146941917108 0.001881082420780306 0.0003228448145503617 0.0002996668321949507 4.3560920635266985e-05 0.0010609573156821343 0.0003857355087196634 3.4209112730159825e-06 0.00026499140654897494 6.0798538663535526e-05 0.00032396935508785714 0.0 5.8831465778249156e-06 0.0 1.0076114723738664e-05 6.261803911750683e-05 0.0018598205599546194 0.0003337833126817943
0.0028549795371695334 0.0038295309844661157 0.0004229098720465408 0.022576779195232353 2.4666376058576017e-05 0.0 0.003049805361640508 2.2657965760126872e-05 7.1596457860641914e-06 0.04816462735294169 2.9511096395154712e-05 0.005875952728268186 0.0009794498240725722 2.7065601786065498e-05 8.154798086684174e-05 3.1711629452558275e-05 3.1132123648478385e-06 0.0 0.0 0.0 0.0 6.438227697008036e-05 0.0 0.0 4.786306075313474e-05 0.0 0.0 0.0 0.0 0.0 0.00013594741703396065 8.196564813561624e-05 0.00019048034455196663 0.0 0.0 3.334306310026181e-05 0.0003236695122014124 3.8511716391101305e-05 0.0001271964408668282 2.560135936595898e-05 0.0 0.0 0.0 5.256692501371109e-05 0.0 4.867371629680559e-05 2.958833152874761e-05 0.0 0.0 0.0 0.0 5.579234275276736e-05 3.255962393210966e-05 0.0 4.103646663045081e-05 8.136811867456204e-05 0.0038564318580031325 0.00021222422974641496 0.00012947771761633384 2.541091047974295e-05 1.9142041344847733e-05 1.1231920700264213e-05 0.0 1.1552793286070573e-05 1.287469412716951e-05 8.543624394329278e-06 2.951153375936269e-05 0.0 1.2772073760824323e-05 0.0 0.0009303856907378859 0.003645788642196351 7.483173932390635e-05 0.00021805048275982348 0.00012917228111329916 3.956618122269828e-05 1.1951510795891217e-05 2.3182726241449214e-05 1.0838034273756268e-05 6.13376528397899e-05 6.955884454538191e-05 2.318979158269389e-05 1.5099078886927346e-05 7.273339694514949e-05 3.1984601996912726e-06 0.00010619336836427384 0.0 0.000280273401697962 0.0002855127387136191 0.0005787111514996941 0.00014629562032245964 9.633065529015954e-05 0.0 0.0 3.1328058483317624e-05 0.0012741812039189797 0.0019440297780219055 0.0 0.00047669100454322686 0.007517878910433024 0.0 0.0003548524023787237 0.00028695420217436575 0.0005324373616579119 0.0 0.0004957423841456972 0.00022112821429775718 0.00020533836647487438 0.0007302942370093784 0.0002690455672627553 0.00012090632020113024 0.0001620553207210294 0.0010790995001283058 0.0001534745184006855 2.1145922502691222e-05 0.0 0.0 0.0 0.0 0.0 0.0 0.0 0.0 1.5825656968203287e-05 0.0 6.8456670994569825e-06 0.0 0.0 0.0 7.481582847854708e-06 0.0 2.1701184118264405e-05 5.3977301366648327e-05 7.725923389605048e-06 0.0 0.0 0.0 0.0 1.0199022333193094e-05 1.3193233447754682e-05 0.0 0.0 0.0 4.682130290676504e-06 0.0 0.0 0.0 0.0 0.0 0.0 0.0 0.0 2.7979684320079854e-06 0.0 0.0 0.0 2.6281429412839218e-05 0.0 0.0 0.0 0.0 0.0 0.0 0.0 1.6181771818628526e-05 0.0 0.0 0.0 0.0 0.0 0.0 0.0 0.0 8.93197231764896e-06 5.5396999364122826e-06 9.502440114375964e-06 0.00010710339750443802 2.2899006977460353e-05 0.0 0.0 8.622338929086536e-06 2.007640442962972e-05 0.0 0.0 1.462378681699806e-05 0.0 0.0 0.0 0.0 0.0 0.0 0.0 0.0 0.0 0.0 0.0 0.0 8.778255017628452e-05 2.6196755544706173e-05 7.557454712093628e-06 0.001482765845602892 4.984548153975035e-06 0.0005068237513701235 0.00017105084627033735 0.004123783661116706 6.378025478263222e-05 7.82926337950757e-06 1.9391738515561237e-05 0.00023886721960741936 3.914011663986387e-06 2.8560778374292176e-05 1.3995656230235929e-05 0.0010832051808498519 0.0 0.0 0.0 0.0 0.0 0.0007262898897562515 0.0008783681420157972
0.005238787906075001 0.08963797442345839 0.006383047182494687 0.0029768478649439926 0.06736383608192188 0.003049805361640508 0.0 0.0009065019954476901 0.02024377234528074 0.054882946877790634 0.016318113715739064 0.04397685212497798 0.04975582117008692 0.054196211570444894 0.00035401856417002683 5.333867305472662e-05 1.0515053206673601e-05 0.0 0.0 0.0 0.0 0.0 0.0 0.0 0.0 0.0 0.0 0.0 0.0 0.0 0.004156025671633376 0.0009157409812989924 0.0006932029720946841 0.0 0.0 8.717561108608414e-06 0.00019288693382356993 5.563874248999172e-06 5.523637922865877e-06 5.481615528855323e-06 0.0 0.0 0.0 3.398925454554429e-05 2.8999053921739933e-06 2.357119777625522e-05 0.0028318403209902695 3.1939740081721086e-05 5.987852199084324e-06 2.705510780074391e-06 2.0721537894436085e-05 0.0 0.0 0.0 0.0015633508674028922 0.0029542561958819215 0.0016085094456345585 0.004927695365208769 0.0009905043140657327 0.003120050086956796 2.65056691128777e-05 2.2943905897364478e-06 9.781351915081357e-06 0.001633877545992316 0.0010075277188995389 0.00028692367053091054 8.0716092491558e-05 5.893208119777949e-06 5.391666520859977e-06 0.0 0.00011165221064194298 7.64178427893387e-05 0.0 0.00961426033113651 0.008116917209309854 0.0035641407488026825 0.0018075567200700328 0.0003926737035438076 2.6215805491950705e-06 0.0005022040000019857 1.2612389569018673e-05 9.259791160385942e-06 0.0012273711567434792 0.0002685080421239676 0.00011879535842808785 0.0015241346261644767 3.752567720952718e-05 5.970708860599578e-05 0.0002738666398165655 6.711391169932132e-06 3.949859565838187e-05 0.0 0.0 2.2408185722477473e-05 6.376868962898488e-06 0.0011581697981912194 0.00029894738342583203 0.0 0.00011561591648543521 0.0018096606377598567 0.00043082700941447566 0.0007858453653312647 0.006781993886119668 0.003034936603233313 0.00027174034214904203 0.006856000076290471 0.00043346863490464676 0.0018187410412937172 0.004224126403943572 0.0005643068734877124 0.0006116145726338168 0.0014516150076084179 0.0033081924353925564 0.0009870154147037355 0.0005712854036452789 1.7538777140842473e-05 0.0 0.0 0.0 0.0 0.0 0.0 0.0 0.0 0.0 0.0 0.0 0.0 0.0 9.857819988224863e-06 0.0 0.0 0.0 0.0 0.00015720269692583538 2.789301455947653e-05 0.0 0.0 0.0 0.0005131542937791841 4.2271383761391164e-05 0.00013263336041119723 1.388461178046437e-05 2.1218812338239328e-05 0.0 0.0 0.0 0.0 3.768072557692847e-06 0.0 0.0 0.00011256374122863218 6.831301358310031e-05 0.0 0.0 0.0 1.3591778925029073e-05 0.0 5.815709996842896e-05 0.0001321649399982729 5.347862153110564e-05 0.00019959330180061824 0.00015783579047440677 7.455825324074966e-05 0.0 0.0 0.00013584742990720793 3.355102171098273e-05 6.0753625374780294e-05 8.332401928602066e-05 1.101965379621098e-05 3.860651262276266e-06 0.0 0.0 2.597164918642839e-06 0.0 0.0019905959434747236 1.300977825536132e-05 0.0 0.0 0.0 0.0005863092566757669 0.0 3.2187051629481935e-05 0.0005745175688393529 0.00043946376108856724 0.00014392392984088353 9.158417931584323e-06 2.9832571685373687e-05 1.1394734939610546e-05 2.83767665365432e-06 5.3705061240033715e-06 0.0 1.0938410737324204e-05 0.0 0.0 0.0 0.000608390631933922 8.470388761553183e-05 0.00012131987738798443 0.018964166963642164 0.0005508686357753858 0.01840010315619879 0.00411016743329625 0.002977118404231669 0.0006736230951254332 0.0002576074283542576 0.0027352113335113674 0.0009917175877702186 3.598818750409679e-05 0.0012734493721527013 0.0005191431523883474 0.0013955319853595472 0.000133708167599305 1.4656482055131186e-05 7.211066865274038e-05 0.00010768335189223979 2.9068721591633356e-05 0.007561326186643801 0.0010623965446881153
0.00018647179096530035 0.0045605663843343225 0.05549722387335034 1.603759771901951e-05 0.00255575855900841 2.2657965760126872e-05 0.0009065019954476901 0.0 0.003141946989392965 0.00021938730023988453 0.03533408896133665 0.011214334197476469 0.010614731221843577 0.015902333835909718 0.0003374428153814449 0.0001287221406346663 1.0759774424561767e-05 8.095212705002813e-06 0.0 6.341433840740912e-05 0.00018157889915376712 3.7521593503306173e-06 0.00039845654314031706 0.0006164858462135935 0.0002528058885804563 0.0 0.00020168052544428027 0.0 3.260025727156766e-05 8.756814959625712e-05 0.012057919184664454 0.021907222025760426 0.00878089092707155 8.245349680992e-05 0.00020559268057396886 4.151721000629377e-05 0.0037217827599667513 0.00045867518508828896 0.0006557994970430716 0.00031660929788091327 0.0004292236924590718 0.00023027421636097453 9.359248411149515e-06 7.435587427143459e-05 1.5296619490087365e-05 6.513250125945621e-05 0.0009151134774303391 1.99690933223122e-05 2.3895161633387607e-05 4.7015544579175364e-05 9.583371861277432e-05 1.3275098894411781e-05 0.00024034484808859363 4.3182373646244446e-06 0.00025714198445868396 0.0002657964783177349 0.00055726278338017 0.004278809455643386 0.00019246446145351488 0.0007098756458700622 0.001265078370214858 0.008535054542254488 7.509735206398502e-05 0.0015016660109592064 0.00013223482910594038 5.7649083332163594e-05 6.809341639980784e-05 3.305397913713314e-06 0.0002216301660978495 9.18699344295185e-05 0.0023061204915130564 2.5881301590439713e-05 5.2070834720706805e-06 0.001977081273316131 0.0022205734092047473 0.0014279151298812304 0.001165616421821139 0.0005798971086403706 0.016577200787559823 0.04200364696321744 0.001163534411117929 0.03499002206917582 0.00018429431361526586 3.303868812070766e-05 3.0030542369899344e-05 0.00021516389000979304 8.885854368036059e-05 3.4041678216261712e-06 5.794919292810522e-05 7.417124772242476e-06 5.3068387288697566e-05 0.0 0.0006122429476878815 0.0006461776078820218 0.00015838623576918553 0.0013469004176270747 0.002093617607424255 1.4629800082773933e-05 0.0014124243317054773 0.0003605982394279358 4.982931796007824e-05 0.0 0.00032889985648143933 0.00011443683789093882 0.0001240633178015038 0.0010766517171320509 3.5080972887249436e-05 0.00041686722649730617 0.00144005987082178 0.0002113817887294037 0.000416385540091796 0.0005119342586444965 0.002611747556613241 0.0008882257175367195 0.0008180186744340709 1.5262049805800933e-05 5.591121527389428e-06 0.0 1.4948039428987835e-05 0.0 0.0 0.0 0.0 0.0 0.0 2.092464416381799e-05 0.0 2.376493457054065e-05 0.0 0.0 1.073788908964125e-05 3.930590562505867e-06 3.955458516617935e-06 0.0 5.850494879279013e-05 0.00015005278396965072 0.0 0.0 2.050914541056076e-05 0.0005660349014418026 2.589986949225429e-05 0.0006943479959215315 0.000132932385847797 4.509679906103643e-05 0.0 0.0 1.7061577753552528e-05 0.0 0.0 0.0 3.581323158555619e-06 0.0 4.971421165261271e-05 0.0 0.0 2.794422120818765e-05 0.0 6.026231754719519e-05 9.297370430063967e-06 0.0 0.0 2.315179817516996e-05 2.2570799585242468e-05 3.198753481720933e-05 0.0 0.0 0.0002616523611162833 0.0 4.205012864888003e-05 2.923157815019873e-05 0.0 8.620342642949093e-06 0.0 0.0 1.1810740539328427e-05 1.8029103753046474e-05 0.002685469192748855 2.3685299248310415e-05 3.777861957542388e-05 7.68781562177291e-06 6.577227829213301e-05 0.000537306856649487 0.0 2.0975757119746477e-05 0.00017932574460790133 8.483262819120565e-05 0.00011498741959138638 0.0 7.065896905865792e-05 0.0 0.0 0.0 0.0 6.427553215296371e-06 1.6189886479671933e-05 1.4149036039405394e-05 3.4301295799253556e-05 0.0004357409746224245 0.0004776230877046872 0.0005129698022580081 0.004539399589008629 0.00011179115979425185 0.003397075338605899 0.0008296265344721303 0.00026314009503329827 0.0001372583243261197 8.67680002415897e-06 0.0007060409443592369 0.000458758665554445 3.7897860569006856e-06 0.0009543355528159756 0.0002191966635744361 0.0005205057141256051 0.0002675711554358956 0.0 0.00010548763318729487 5.790007999815212e-05 4.310561445624064e-05 0.0014895907737261806 0.0006328374688751109
5.115484014532593e-05 0.008608647312628271 0.011151976191063966 0.00017163104984944754 0.08351508026639827 7.1596457860641914e-06 0.02024377234528074 0.003141946989392965 0.0 0.004611651671170063 0.029065842495683777 0.004248592896292089 0.012110353812713423 0.01284571609861679 0.0002012006941952329 3.0367490550768923e-05 0.0 0.0 0.0 0.0 0.0 0.0 0.0 0.0 0.0 4.157587704123849e-06 0.0 0.0 0.0 0.0 0.0012136784525828696 0.0006806527547729487 0.0004787847270410991 0.0 0.0 0.0 6.86181432225885e-05 0.0 0.0 0.0 0.0 0.0 0.0 1.0466397717953355e-05 0.0 0.0 0.0011066039640258783 3.129963295913574e-06 3.1564259956661045e-06 0.0 2.966939035140634e-06 0.0 3.0051410862561343e-06 0.0 0.00020398055492232923 0.0003981435622031116 0.00013891869565897232 0.00046405251110206655 0.00016954921846162608 0.0007748585601065431 0.0 9.363405929961885e-06 3.5657307899238214e-06 0.0004890465351518348 0.00020166787534395676 4.2066750850786426e-05 7.971615981195474e-06 2.586514450627564e-06 0.0 0.0 5.9223295687545106e-05 1.2864201716516524e-05 4.934551244427866e-06 0.0016494042529111796 0.001975746275365655 0.0011723991226466634 0.0010038291644182211 0.0002405954286484005 0.00010613994123598113 0.003831121561958753 4.988106117712013e-06 6.928193277065193e-05 0.00014114803806603284 3.532567579961495e-05 2.6161666219776587e-05 0.0002125976783521273 8.985551795130226e-06 9.30476861688727e-06 3.0504294020255416e-05 5.318073595775e-06 9.173796932618709e-06 0.0 0.0 3.698887523730124e-06 0.0 0.00026525885141598783 4.377434885742422e-05 0.0 6.270424907487441e-06 9.661446785326388e-05 0.0 0.00010401073023468525 0.0002607965535247284 0.0001655675332487144 3.21760147771551e-05 0.000849111191623862 8.550599900729436e-05 0.0002846086879996877 0.00082822254399093 0.000270432877869811 0.0002933674302355988 0.0002777128732161636 0.0013030511237947253 0.0005720456880987727 0.0004665552762118721 5.108075001862558e-06 1.1249234969027185e-05 0.0 0.0 0.0 0.0 0.0 0.0 0.0 0.0 0.0 0.0 0.0 0.0 0.0 0.0 0.0 0.0 0.0 5.2671071627611975e-05 9.000691111917955e-05 0.0 0.0 0.0 0.00026560488090759726 0.0 7.686011681406864e-05 1.7761047127276387e-05 0.0 0.0 0.0 0.0 0.0 0.0 0.0 0.0 8.255193328175352e-06 1.8129626660795662e-05 0.0 0.0 0.0 0.0 0.0 0.0 2.3508682841714656e-05 9.405933005263743e-06 1.2124016136398764e-05 1.234573144581283e-05 0.0 0.0 0.0 0.00012342760046135166 0.0 0.0 0.0 0.0 0.0 0.0 0.0 0.0 0.0 0.0011011255883776998 0.0 0.0 3.7549677718065627e-06 0.0 0.0002141169176483027 0.0 0.0 7.338668699655115e-05 6.165257317822926e-05 4.0138063268675686e-05 0.0 0.0 0.0 0.0 0.0 0.0 0.0 0.0 0.0 0.0 0.0003202591827014932 5.148578549259923e-05 2.441179977715704e-05 0.0062037319487997945 0.00011195196396911034 0.00474609554697611 0.0013669012722121977 0.000215126544775238 0.00010709452011328393 2.806355156421456e-05 0.0009940867955898886 0.00016553446638878797 5.908719196142468e-06 0.0001948675067365651 8.21602037575818e-05 0.0010562774531110975 2.314933559028872e-05 0.0 1.2819713391453923e-05 1.7329601311281688e-05 0.0 0.0012217823289177618 0.0003614441163718665
0.0704679751325908 0.010863760530325478 0.00041273077734151184 0.019605754977815706 0.006802578363283133 0.04816462735294169 0.054882946877790634 0.00021938730023988453 0.004611651671170063 0.0 0.0012326979227068459 0.05807270116045719 0.05053736277063597 0.011968463778001532 6.728737325734572e-05 6.914257636967238e-05 3.19038411802895e-06 0.0 0.0 0.0 0.0 2.7170281818959905e-05 0.0 0.0 0.0 0.0 3.405181120880316e-06 0.0 0.0 0.0 0.0004722398078688739 3.1398020025741434e-05 0.0016367738048456435 0.0 0.0 0.0 0.003628833092195194 1.324211234258477e-05 0.00010880223897573798 8.765608578409457e-06 0.0 0.0 0.0 3.973195406753977e-05 0.0 2.6336240674845047e-05 0.0003979733369827595 3.245977793503161e-06 0.0 0.0 2.2739872738668708e-05 9.489545940417016e-06 1.0644053602668995e-05 1.1242429251270505e-05 0.0006588628390623622 0.0011031630851674821 0.002576691898689157 0.001867282835396911 0.0005398257333749004 0.0005164060380091576 7.097206435617178e-05 0.0003823540523434803 5.276472622452701e-06 0.0002676654367509196 0.0002332447403260522 9.909043781140534e-05 2.6101554032709873e-05 3.621786630636718e-06 7.164501276740434e-06 0.0 0.004570003266073391 0.0006635322987820231 2.2145185948132847e-05 0.0028232926044258746 0.001079181206336599 0.0003615955544177992 0.00013097337369115394 6.518808332174939e-05 3.306538918592186e-05 0.00011253133376118854 9.468063110478007e-05 0.0003044878098749767 0.0003359575194451142 0.00010400838437211512 1.5272976824991824e-05 0.00039370690798709086 8.940055091652898e-06 9.961994375343438e-05 0.00011902306377691568 0.00010714835114407651 3.758244578462221e-05 4.2371038633066e-05 3.0864282358641483e-06 2.8541215085078966e-06 7.485076250178445e-06 0.004475116373653824 0.0007383863155333354 0.0 0.00030876559419969977 0.015736732072908304 0.00016480368354864123 0.0016820147419857445 0.006014804716831093 0.003297803094280142 0.000237671316662933 0.005671431043003272 0.0024056474674219257 0.0030355226704846805 0.008406240839560663 0.0027551694921379793 0.0007914324157497819 0.0036343776871858332 0.010818617990487328 0.0024233446428408158 0.0008397063321489272 0.0 0.0 0.0 0.0 3.746868463782158e-06 0.0 0.0 0.0 0.0 0.0 0.0 0.0 0.0 6.231120391507437e-06 3.557273244789365e-06 0.0 4.803467561854016e-06 0.0 0.0 7.143408433167438e-05 5.231924066315551e-05 0.0 0.0 0.0 0.0003361769146771566 1.0340254361327415e-05 0.00021511131930439364 4.0764432194924114e-05 5.1234851026021e-06 0.0 0.0 0.0 0.0 0.0 4.409941340791894e-06 0.0 2.430346651307441e-05 6.016491582947571e-05 0.0 0.0 0.0 1.2967277555758773e-05 0.0 1.963092713526845e-05 4.8828364304711344e-05 2.0728166658807084e-05 0.00015622453935434954 0.00012530254302894293 9.124151174172817e-05 0.0 0.0 0.00012432809124321035 3.4850770113997224e-05 3.5089789456828267e-06 2.4757692666264024e-05 1.693698642968085e-05 0.0 0.0 3.0200413880313704e-06 0.0 0.0 0.0025007897327083977 3.2668569151783035e-05 0.0 0.0 0.0 0.00044679887751297584 0.0 0.0 0.00020990885276070395 0.00032705575104301487 7.372033329416738e-05 1.4381811033841214e-05 3.7366280001076726e-06 2.8635100764613326e-06 0.0 0.0 0.0 0.0 0.0 0.0 0.0 0.0010485142004304571 0.00014324547894700729 7.302966730217267e-05 0.008574231586644889 0.0002718948931179945 0.004944632219956788 0.000667636729413522 0.02206118317975008 0.0001589444634699298 8.622964623660949e-05 0.0003082102546380301 0.0014630817365939677 5.020075827280494e-06 0.0009124014396488528 0.00018274536662098826 0.006842928825334358 8.087883390248088e-05 0.0 0.00010491948172810142 3.5151536937252285e-05 0.0 0.021972083279918665 0.0059840662554156805
0.00026177842829831495 0.016101702016392706 0.05692224183736913 2.3002530809923747e-05 0.019249316296592836 2.9511096395154712e-05 0.016318113715739064 0.03533408896133665 0.029065842495683777 0.0012326979227068459 0.0 0.022451090121054004 0.06166982885750972 0.0710123280545728 0.000712300693604011 0.00018118549221385265 3.2184945116541384e-06 0.0 0.0 0.0 0.0 0.0 4.720710459093329e-06 0.0 6.076359991629231e-06 0.0 0.0 0.0 3.5696643121256243e-06 0.0 0.004271373559246577 0.0014682342831900388 0.01703847383553862 0.0 3.7756140393601695e-06 0.0 0.003648287887528134 3.1648913747769214e-05 1.207116533681937e-05 1.2972150761456943e-05 0.0 0.0 0.0 0.00013121352305555027 0.0 3.2086223236021306e-06 0.0018334376644075303 9.823874660044522e-06 0.0 0.0 0.0 4.349859466096029e-06 1.1507497156008161e-05 0.0 0.0002674180675309207 0.0003861289526642906 0.00022529166449313694 0.0013585842288533045 0.0001503003053420046 0.0013768590553134786 0.0 0.0004405777090271189 0.0 0.0009416771272194785 0.0001964647285434251 6.514669984952964e-05 1.5345503305756877e-05 3.6993441776286534e-06 2.800380824327104e-06 0.0 0.0015457285605874993 0.0 0.0 0.0024975600696627537 0.0025907375207292345 0.002694040633467444 0.002294118940110564 0.0008955059662078855 0.00104067412950974 0.028512430833671398 8.837446732155908e-06 0.004403375287204844 0.0002603412636828889 2.6336158988910612e-05 2.1527534584174043e-05 0.00029459880455898766 9.967622614959436e-06 1.4178217010855624e-05 6.0472597219455516e-05 0.0 1.8145052901888514e-05 0.0 2.9245660805295295e-06 2.9929590561785995e-06 6.810811612816815e-06 0.0006092269524108581 0.00024971718238960607 0.0 0.00011856860575377241 0.00011053638963507299 0.0001622382043087153 0.0001872752699567555 0.00029743647707913666 0.00021655101677428787 0.00010174686735173252 0.0016750350729491015 0.00019735371833938252 0.0006385940140645761 0.0019912932403962588 0.00034253388081292163 0.0004266693957283195 0.0007091660562979792 0.0029667525400504796 0.0009422166035695146 0.0006246832836494517 0.0 0.0 0.0 0.0 0.0 0.0 0.0 0.0 0.0 0.0 0.0 0.0 0.0 0.0 0.0 0.0 0.0 0.0 0.0 0.00011994631048860577 0.0001434214312371144 0.0 0.0 0.0 0.0007102748487714835 3.1370829632254926e-06 8.367789574500883e-05 9.817734436611515e-06 0.0 0.0 0.0 0.0 0.0 0.0 0.0 0.0 3.910988693911563e-06 7.243347493160673e-05 0.0 0.0 0.0 6.69692783869773e-06 0.0 3.97345225488854e-06 1.9008417328129748e-05 0.0 0.0 0.00010484364017623337 1.0714956206424195e-05 0.0 0.0 5.464839560558599e-05 4.2401802540142065e-05 0.0 2.685029852725423e-05 4.935901129098599e-06 0.0 0.0 0.0 0.0 0.0 0.002767289013185981 0.0 0.0 0.0 0.0 0.0005417585314325985 0.0 2.2015506476296973e-05 6.187341572756313e-05 0.00016508271718933073 5.886031567562295e-05 3.138397378485659e-05 1.2310776951883451e-05 0.0 0.0 0.0 0.0 0.0 0.0 0.0 0.0 0.0006644302779674399 0.00013515834862234125 0.00019120364810985645 0.009941205334948456 0.0002144798990380599 0.0063267482086172 0.001716784555040042 0.0002611248372883741 0.00011880435903706112 8.50507442018316e-05 0.0017215847067434586 0.0006321832192600215 2.3024793081144128e-05 0.0009141682306297532 0.00039435572499545624 0.0015233927980081593 0.0 0.0 1.3236273865025232e-05 5.001880610160518e-05 0.0 0.002179905147927186 0.0009479626329251315
0.009528800124476728 0.005319988646136399 0.0024910875742241664 0.008599921910457291 0.00415634654028251 0.005875952728268186 0.04397685212497798 0.011214334197476469 0.004248592896292089 0.05807270116045719 0.022451090121054004 0.0 0.04225354128224478 0.010819682865649978 0.0007475399277731386 0.0003929502751901166 3.882839524071715e-06 0.0 0.0 0.0 0.0 5.398321464096711e-06 0.0 0.0 3.7491611812864887e-06 0.0 9.281232241923282e-06 0.0 2.7339445712665123e-06 0.0 0.0008846010968962417 0.0003467792417266813 0.0036719563919514918 0.0 0.0 3.559937584086983e-06 0.0027833020952829925 0.00010285919574361312 5.2063734343085424e-05 3.921542949674424e-05 0.0 5.292665923994933e-06 0.0 0.00012799803537361763 2.8444705613963812e-06 1.4680573500782178e-05 0.0012613958468442148 7.444431691206552e-06 3.2343455196060522e-06 0.0 1.347875118013615e-05 6.970634178627061e-06 9.843877872302227e-06 0.0 0.0003595164720077135 0.0004399278070720774 0.0014858241683659704 0.0007830856934304891 0.00019379545718687044 0.0007606907819676076 1.8038520665034994e-05 0.0012162409112147236 0.0 0.0012257106326677707 0.00017966190387979448 4.53399036847571e-05 1.711370085939793e-05 2.525947381164515e-06 7.866672978642262e-06 0.0 0.0028926127254692915 0.0001406997039291357 1.3643820148106463e-05 0.0021237097476810595 0.0019348426007363927 0.001999872326130978 0.0014131674973459503 0.0008468184729385283 8.018737211233453e-05 0.008281891042101086 6.152431149864815e-05 0.0014603705973577604 0.00014411714581352434 3.12688312600129e-05 1.3961350302942609e-05 0.00021021353066713304 1.904974804895089e-05 1.8571332230155386e-05 7.341281350455424e-05 6.279636049654615e-05 4.2383232079491e-05 7.3620351875588374e-06 0.0 0.0 1.3350109808585118e-05 0.01749510102138796 0.0032199080526973283 0.0 0.0003220408820543453 0.005163262439209641 0.00021472587329849895 0.0006475791003482969 0.002202780065033664 0.0019444076567609343 0.0004969687244503556 0.007083438712669051 0.000912599641022331 0.00298306472198718 0.00837149345077162 0.0025066505341480665 0.0019354045188698713 0.0025575686657767546 0.013382557680844414 0.004461833186867733 0.002596503446810144 5.36849033165845e-05 0.0 0.0 0.0 0.0 0.0 3.819932300212287e-06 0.0 0.0 0.0 0.0 0.0 0.0 0.0 2.4125545099863466e-06 0.0 0.0 6.248823997085618e-06 5.549754195522969e-06 0.0003192689031341709 0.0004364663158015028 0.0 0.0 0.0 0.0015444957657161859 8.367816934368076e-05 0.0005268233420868485 4.992597820571333e-05 0.0 0.0 0.0 0.0 0.0 0.0 3.3029575710262672e-06 0.0 7.275604107350916e-05 0.0002074074469835809 0.0 2.9766750143573933e-06 7.1482719546536176e-06 1.1020824168659534e-05 0.0 3.00238132204041e-05 0.00010091039728127806 5.202470086694088e-06 0.00014469972832324555 6.525517010978181e-05 8.873464206134255e-05 0.0 0.0 0.0006107598480206022 3.142822020145311e-05 4.629449929291396e-05 1.864420671268449e-05 0.0 0.0 0.0 2.9371264247419656e-06 0.0 8.390897285300983e-06 0.008400685006553783 3.504697815384129e-06 0.0 0.0 4.6450362157656655e-06 0.0023035676854029825 0.0 0.00018618762705426112 0.0003757926554451941 0.0001624125724821951 0.00016795355557669555 6.988111622425325e-06 4.489933522297143e-05 0.0 0.0 0.0 0.0 0.0 0.0 0.0 0.0 0.0031499796702357404 0.00060413508074905 0.0004763969619486277 0.008973829357282855 0.00017399324055209926 0.005117118519965101 0.0013901745086341698 0.005240400389963749 0.00011173539625140072 2.637874550795271e-05 0.001048526560594922 0.0009750651522263893 4.661321832255487e-06 0.0014729030199399718 0.0005057448049687259 0.004330990982481761 6.794277552986166e-05 0.0 0.00016564464319615235 8.244965737416798e-05 0.0 0.019561004798550177 0.005817557832277605
