0.0 0.051429044408473144 0.004806699523391359 0.05581103163650727 0.001170985947704194 0.007829819728077529 0.011368750276009242 0.00019470739116575502 0.0004706037602373532 0.04228110348203099 0.0009890857800317877 0.0019944854536659783 0.004338532215387855 0.0007188634212245049 1.7644314008257858e-05 0.0 0.0 0.0 0.0 0.0 2.8157343570247944e-06 0.0 0.0 0.0 0.0 0.0 1.886821166022923e-06 0.0 2.9720094518491473e-06 0.0 0.015754020067270995 4.6607200493188054e-05 1.0643424892870641e-05 0.0 0.0 2.5982317810185313e-06 1.065646033617315e-05 0.0 7.097555984854034e-06 0.0 0.0 2.1847793998400997e-06 2.905895574695268e-06 0.0 0.0 0.0 0.0017391299792418689 7.435363213733892e-05 3.1282498333717757e-06 0.0 1.1461174919655643e-05 0.0 0.0 0.0 0.00017641071965428414 0.00022368391319520375 0.003461498604237559 0.01885194362329741 0.003952101354357732 0.001589803972508656 0.0 9.332580195665996e-06 0.0 0.00016533200033188659 0.00015185601191371404 6.591368015629013e-05 2.97904623711204e-05 1.1980955141522895e-05 1.3147484274353987e-05 0.0 3.9527911784861e-05 1.0312106178588176e-05 0.0 0.006092729017456238 0.000576101572764667 0.0008128629954000118 5.82579690927692e-05 5.112509641319669e-06 1.9054704684204192e-05 1.90019278969747e-05 9.326462674493238e-06 1.233899312304602e-05 0.0007028425021031002 2.755251615816073e-06 8.787829139755257e-05 0.00013366430744160402 2.4695897312272876e-05 2.191248044064778e-06 3.403390954115346e-05 0.0 2.143164754580602e-05 4.899361589662408e-06 2.1822138075402794e-06 1.2474356845111231e-05 5.564942067807971e-06 0.00019281871842413844 3.872815442046605e-06 5.731552748967998e-06 7.1177606227203206e-06 0.04712071258962452 1.0021403024831283e-05 0.0003975575106441266 3.9886303881962044e-05 0.0001553305784032286 0.0 0.00016957860501586437 0.0009583001204175321 3.239420059950029e-05 0.00028531455705735684 0.00040084524056767986 0.0 0.00043788138467189573 0.0008698483213851201 0.00030167608868132424 0.00010261389366463737 0.0 0.0 0.0 0.0 0.0 0.0 0.0 0.0 0.0 0.0 0.0 0.0 0.0 0.0 0.0 0.0 2.1444535557327066e-05 0.0 0.0 5.184094055522797e-06 0.0 0.0 0.0 0.0 3.640615692994279e-05 0.0 3.226777754764631e-05 4.4382536307674204e-05 0.0 0.0 0.0 0.0 0.0 0.0 0.0 0.0 0.0 0.0 0.0 0.0 0.0 0.0 0.0 0.0 0.0 0.0 0.0 0.0 3.870053141037017e-06 0.0 0.0 0.00010405034006505693 0.0 0.0 0.0 0.0 0.0 0.0 0.0 0.0 0.0 6.624033292401674e-05 0.0 0.0 0.0 0.0 3.116274143280514e-05 0.0 6.373422446022303e-05 3.5060055687792486e-06 0.0 0.0 0.0 0.0 0.0 0.0 0.0 0.0 0.0 0.0 0.0 0.0 0.00016591383357311123 0.0 8.02583234637066e-05 0.00666814854606166 0.0001647765446114322 0.006026328572819549 0.00018750691273506146 0.0292139244222278 0.0002458189821095638 8.64020380171355e-05 0.00013371116999992774 0.0004953342984322206 0.0 4.657040000432262e-06 0.0 0.002174562636138717 0.0 0.0 0.0 5.5609958437078646e-05 0.0 0.005025658347143151 0.000738049484832965
0.051429044408473144 0.0 0.034309683857258695 0.016703712481681877 0.05434005203056422 0.0025210299885098245 0.07645389690067843 0.00390994688872768 0.07650876441800082 0.016208811409045704 0.02368217526021157 0.0018796227987195793 0.014947452848042612 0.020667499411307726 0.00019627904388137165 1.7552618422750845e-05 4.8095145273725354e-05 8.177969695430223e-06 2.5247961902251976e-06 0.0 0.0 0.0 0.0 0.0 9.623741405404256e-06 0.0 0.0 2.1476531246429755e-06 0.0 5.505516486287955e-06 0.05227818347629591 0.0021910698098140877 0.00021641320935611937 0.0 0.0 1.4854306995852053e-05 6.496368721306557e-05 3.457451993857409e-05 2.5042374567311556e-05 1.2555816595149594e-05 3.2977323419933817e-06 4.90512998280059e-06 9.052522454437752e-06 8.344805215044522e-06 0.0 9.4898318514785e-06 0.006052479766653084 8.775228350880714e-05 3.07869711386549e-05 0.0 3.8914748990823654e-05 0.0 5.442202017466199e-06 5.002672166125527e-06 0.00042411373210011333 0.0006016016201702658 0.0038004916957637904 0.031965177953667503 0.00802190058335325 0.004623884421813955 3.39670850388229e-05 2.6957935554137537e-05 0.0 0.002102405285274691 0.00028166567313469605 0.00020216981048545735 7.034101086761682e-05 2.963929073015465e-05 4.121759670889938e-05 8.777027317867118e-06 0.00030555486264166164 0.0002220560630356257 2.5323912212402947e-06 0.015877223115152335 0.003957425968457136 0.0035216095510221886 0.0005536778280331715 3.848040438905255e-05 2.3029742021751236e-05 0.00020299483883425465 1.911908289627188e-05 0.00010298252119820363 0.0017158646396373317 2.5500467256998188e-06 0.00025004862834814083 0.00039063095447833225 8.785579578152336e-05 2.3688666324042117e-06 6.938354558694363e-05 5.5724114127306215e-06 9.697997467029024e-05 1.5655402418377235e-05 8.534534556149162e-06 2.219289090094182e-05 2.9927781908435324e-05 0.00031761029317701567 4.354754613903996e-05 0.0 1.0365362368484579e-05 0.027697684731500024 3.394144547496691e-06 0.0003252444263324841 2.0729719248229576e-05 4.3338129567816265e-05 0.0 7.426970654586774e-05 0.0004264657402374855 0.00010055854859582494 0.0003669096039847033 0.0002664568286147465 0.0 0.0004881985188128812 0.001011931366990385 0.000583462708545275 0.0002618826432804771 0.0 0.0 0.0 0.0 0.0 0.0 0.0 0.0 0.0 0.0 0.0 0.0 0.0 0.0 0.0 0.0 0.0 0.0 0.0 0.0 5.740891026135181e-06 0.0 0.0 0.0 0.00019265103721667352 0.0 0.00020637920480425713 4.667968545821865e-05 0.0 0.0 0.0 0.0 0.0 0.0 0.0 0.0 5.7033200615728695e-06 3.054513992468703e-06 0.0 0.0 0.0 0.0 0.0 0.0 0.0 0.0 0.0 0.0 8.283989505441677e-06 0.0 0.0 0.0001684886476410858 9.345368256818288e-06 0.0 0.0 0.0 0.0 5.011519469525227e-06 0.0 0.0 0.0 0.00025586802729665747 1.9141462801295325e-05 0.0 0.0 0.0 0.0 0.0 2.7175360124965808e-05 4.7997546032904474e-05 0.0 0.0 0.0 3.3821464334105224e-05 0.0 0.0 0.0 2.6387054958111983e-06 5.943924140374622e-06 0.0 0.0 0.0 0.0003929779343739997 2.6774789371252928e-05 0.00010338745884537301 0.011250577850586715 0.0004547822468896599 0.024476048803356045 0.0020642310933042 0.016366450737625313 0.0019688721809464887 4.993682139185294e-05 0.0008330580867093198 0.00029177709513246154 0.0 0.00017293809252112623 1.5854449088966987e-05 0.0006169085005405813 0.0 4.981610967564121e-05 6.836995288741765e-05 0.000340576417088306 0.0 0.004588901249705428 0.000352943481102841
0.004806699523391359 0.034309683857258695 0.0 0.00026491626066331496 0.03426833918173573 0.00030353420314383205 0.0038892890563382828 0.0729876849121632 0.029317355436092252 0.0005906408814850919 0.048643260419247346 0.0004541995154916285 0.002943645187474369 0.017253691065370162 0.00015611809434122256 8.757749505206686e-05 2.6110353035552112e-05 4.879469670764238e-06 0.0 0.0 5.6884591375035055e-05 0.0 0.0 0.0 6.388470782020631e-05 8.510139085106657e-06 0.0 0.0 0.0 2.200738541055038e-06 0.09885327284608446 0.006861758590507909 0.0018484837987911324 0.0 5.6488147314690894e-05 6.892874108483753e-05 0.0007662718970907822 0.0002898612642197893 6.613476658144679e-05 9.620768829566982e-06 1.4400038953908801e-05 3.6757723474216964e-05 0.00022931371168073591 4.919380790666898e-06 0.0 1.8485821898543358e-05 0.0009457774133296661 2.8146337458584142e-05 5.262886467376977e-06 2.704322154793315e-05 6.306692228211263e-05 0.0 0.0 2.894817642407211e-06 7.902735527077896e-05 0.00010497559738678243 0.0012074607647519224 0.02051589943353543 0.0020598379018283573 0.0007484274750627094 1.834994007047483e-05 0.0006902169177565378 3.534033986348888e-05 0.0018441153296699234 6.009039311847872e-05 0.00010475394637171844 4.867132862584184e-05 5.2822007489543935e-05 0.0005270185377968231 0.00010964315033059194 0.0013886894335277417 0.00034154509895497243 0.0 0.0036964822222324413 0.0015957768086398301 0.0008784423224206448 0.0003348120516906345 5.8222604617385434e-05 0.00035154020266371313 0.008095333042168862 2.907900567122422e-06 0.002421741571294829 0.0002682011179614001 0.0 7.87970113666574e-05 5.241289945812605e-05 0.0001581520015521997 0.0 2.0169498628359244e-05 2.9902961797951892e-06 1.6070509267436104e-05 2.226484040331825e-06 0.0004786536037346261 7.435425777477688e-05 3.997197730812517e-05 0.0006720649855511233 0.00018870819008241988 0.0 0.00011089037552082347 0.0089161381774615 0.0 1.0682583691734217e-05 0.0 5.727191641061774e-06 0.0 4.2361740949163695e-05 2.9125527081582722e-05 1.75948447602771e-05 3.24946836378868e-05 3.81806538316567e-05 8.123351507195494e-06 0.0001566322017312822 0.0003004166468029068 0.00012676875484278916 0.00022474903519761625 0.0 0.0 0.0 0.0 0.0 0.0 0.0 0.0 0.0 0.0 0.0 0.0 0.0 0.0 0.0 0.0 8.445730349273665e-06 0.0 0.0 2.5448712517152204e-05 1.046110085663202e-05 0.0 0.0 0.0 0.00014647326460502105 0.0 6.60990868933232e-05 3.157615610815584e-05 1.2277483546412168e-05 0.0 3.6165586566934097e-06 0.0 0.0 0.0 0.0 1.0740958697122752e-05 1.0145979887638412e-05 0.0 0.0 0.0 0.0 0.0 0.0 0.0 0.0 0.0 0.0 0.0 5.207711868805995e-06 0.0 0.0 9.663150179940589e-05 0.0 9.510208559590398e-06 0.0 0.0 0.0 0.0 0.0 0.0 0.0 0.0001820685309763005 0.0 0.0 0.0 0.0 4.195397137487952e-05 0.0 0.0 0.0 0.0 0.0 0.0 0.0 0.0 0.0 0.0 0.0 5.72599602716964e-06 0.0 0.0 0.0 0.00013294287784952467 8.747851067070649e-05 8.35956660769877e-05 0.0017384671012142126 8.863052126434421e-05 0.0036804013392738384 0.0005589494269407758 0.0033151353899760843 0.0002208211479003917 0.0 0.00022373434264503047 0.00010091093948126417 0.0 5.3112935681256816e-05 1.0213215164039355e-05 0.00022899935819491318 1.4906059341677227e-05 0.0 0.0 0.00012272054346122214 0.0 0.0008874682243612002 8.668066493192718e-05
0.05581103163650727 0.016703712481681877 0.00026491626066331496 0.0 0.0020616174947026148 0.03929357922521404 0.04023953669663923 5.699169208544155e-05 0.00021351622033683883 0.07618575098783938 3.2622363550665274e-05 0.009009393419046356 0.034420207557170894 0.004331526461821687 1.8405089132823854e-05 0.0 7.273332872935632e-06 0.0 0.0 0.0 0.0 0.0 0.0 2.5319114195699162e-06 0.0 0.0 0.0 0.0 0.0 0.0 0.0009817669942797807 6.600934163676822e-05 2.015359295360903e-05 0.0 0.0 0.0 3.2802771372748378e-06 0.0 0.0 0.0 0.0 0.0 0.0 6.338590839770163e-06 0.0 0.0 0.0006423245241001051 4.527924074172142e-06 0.0 0.0 8.334695265170052e-06 2.825408196108643e-06 0.0 0.0 2.6188236717007718e-05 4.183873897379333e-05 0.000509252922943733 0.0023936626095618667 0.0007872150706258307 0.000527826873735782 1.2111169723832402e-05 2.679772528760917e-06 7.932658173711947e-06 0.0001388742928321712 1.1855808701265066e-05 7.01162111166844e-06 5.724218666221032e-06 0.0 0.0 0.0 6.238867144883787e-05 4.268769446331246e-05 0.0 0.001521176846324919 0.0002873844300419441 0.0004145217703234339 3.3517130024867986e-05 4.525216037634215e-06 0.0 0.0 0.0 1.2674488007127251e-05 0.00015922009772646333 0.0 1.7756945704739035e-05 1.2816823516790404e-05 1.0051447985978479e-05 0.0 9.418289731642988e-06 3.1109450529607023e-06 5.326418592590578e-06 2.6281358939414885e-06 0.0 0.0 2.2547977254309747e-06 0.0005351047476671878 1.0744963494931975e-05 0.0 3.364437941290437e-06 0.014657261349599967 3.44699754438859e-05 0.0002934552101529356 0.00014384947565436264 0.00012175110368746806 0.0 0.00016394879775225593 0.0010075124805889553 7.571992435148671e-05 0.0003372151578081442 0.0003565621955752722 0.0 0.0005606490013652726 0.0008146554819715898 0.00022238142762065558 0.00014365455527813817 0.0 0.0 2.730321480126328e-06 0.0 0.0 0.0 0.0 0.0 0.0 0.0 0.0 0.0 0.0 0.0 0.0 0.0 0.0 0.0 0.0 0.0 0.0 0.0 0.0 0.0 7.996372723311157e-05 0.0 3.29222054798553e-05 1.777971902718202e-05 3.920959838911921e-05 0.0 0.0 0.0 0.0 0.0 0.0 0.0 0.0 9.827461803117481e-06 0.0 0.0 0.0 0.0 0.0 0.0 0.0 0.0 0.0 2.7869739875431183e-06 4.45082399562752e-05 0.0 0.0 4.9728180483371225e-05 0.0 0.0 0.0 0.0 0.0 0.0 0.0 0.0 0.0 0.00016958241869101238 5.7545541018929965e-06 0.0 0.0 0.0 4.9308492675495205e-05 0.0 3.831377974277114e-05 2.8654043037500042e-06 0.0 0.0 0.0 0.0 0.0 0.0 0.0 0.0 0.0 0.0 0.0 0.0 8.472236827964793e-05 4.1579621533075674e-05 9.798779917617979e-05 0.003063406180965538 2.7511342591285044e-05 0.0029755306480784617 0.00021180063490067627 0.015050483431004062 0.00021262019221366998 3.124066880514052e-06 5.0549594958007184e-05 0.0004285776961178524 0.0 2.772606311561003e-05 5.137124644070316e-05 0.0017613726695661612 0.0 0.0 6.810246734646545e-05 5.3342724172550775e-05 0.0 0.004075867049897289 0.00034374423729261865
0.001170985947704194 0.05434005203056422 0.03426833918173573 0.0020616174947026148 0.0 5.728100152008441e-05 0.04432869638767407 0.003318430935579569 0.10728851730561302 0.00615555766424379 0.028708682781099133 0.0007423991247810128 0.01458232079972021 0.061020936945681885 7.445252554590853e-05 5.159082124122095e-06 3.1051094277381495e-06 0.0 0.0 0.0 0.0 0.0 0.0 0.0 0.0 0.0 0.0 0.0 0.0 0.0 0.006648102264093285 0.0008279528343425795 0.0001927461337082408 0.0 0.0 3.490191864328431e-06 4.0533765014116426e-05 3.091706342640144e-05 0.0 2.7011158227742646e-06 0.0 0.0 0.0 0.0 0.0 4.980542436276576e-06 0.0010071562889959805 7.441197621995865e-06 0.0 0.0 2.404643278370521e-06 0.0 0.0 0.0 4.208741249873376e-05 6.541801031748741e-05 0.00023009150988926452 0.0024857322488501116 0.000975852203776632 0.0006626193503162966 2.4278802428434248e-06 3.847732887032052e-06 0.0 0.000761539879550654 3.480168897210003e-05 2.3897097955204818e-05 1.1599859348084036e-05 0.0 2.3476679771480467e-06 4.530965677609393e-06 0.00012176964896966142 4.167630087140087e-05 0.0 0.002168121856520734 0.0010031015044312803 0.0009124618792085457 0.00018196041579957636 2.4099584035689508e-05 2.529370565485118e-05 6.043802469055057e-05 4.7681121918584094e-06 9.859609113538042e-06 0.000161891946046348 0.0 2.6620079367532158e-05 4.105077375789432e-05 9.725035019336182e-06 2.6750034398085676e-06 2.1474825506603666e-06 0.0 1.0587269543775092e-05 0.0 6.537824443484715e-06 0.0 3.302785321913274e-06 0.00010670473936477677 2.3926703214530177e-05 0.0 2.7614337755506635e-06 0.0002844919266196519 0.0 1.3470593691782232e-05 3.521651292770003e-06 2.3281731864016675e-05 0.0 4.833878257689153e-05 3.7036331835347384e-05 4.00898914115204e-05 8.45084082559331e-05 2.4561828755465083e-05 8.256507742573494e-06 8.653005648435666e-05 0.00033619463322136694 7.383818170160563e-05 5.9064279889625795e-05 0.0 0.0 0.0 0.0 0.0 0.0 0.0 0.0 0.0 0.0 0.0 0.0 0.0 0.0 0.0 0.0 0.0 0.0 0.0 0.0 0.0 0.0 0.0 0.0 7.547627408070783e-05 0.0 7.189756808502521e-05 4.7327979111109236e-05 0.0 0.0 0.0 0.0 0.0 0.0 0.0 0.0 0.0 0.0 0.0 0.0 0.0 0.0 0.0 0.0 0.0 0.0 1.6340922097331938e-05 0.0 0.0 0.0 0.0 7.953052158674014e-05 0.0 0.0 0.0 0.0 0.0 0.0 0.0 0.0 0.0 0.00010216236777402856 0.0 0.0 0.0 0.0 1.2890911478254064e-05 8.175768592798505e-06 0.0 0.0 0.0 0.0 0.0 0.0 0.0 0.0 0.0 0.0 0.0 0.0 0.0 0.0 6.90059811736991e-05 6.822276848810854e-05 2.3250572087179637e-05 0.0028270879492378557 0.00010389653759472435 0.00508300887581556 0.0007201508869120019 0.0009065741237838827 0.0005871702719129704 4.690576162124552e-05 0.0003015828782791507 7.839088109812191e-05 0.0 6.478807122313247e-05 0.0 0.00014616218354614183 0.0 0.0 0.0 0.00010700445281485009 0.0 0.0006123690686078843 6.0508022467462824e-05
0.007829819728077529 0.0025210299885098245 0.00030353420314383205 0.03929357922521404 5.728100152008441e-05 0.0 0.0012768289489048464 3.942820680323727e-05 6.895837188038484e-05 0.03469423425165203 0.00015123177757144413 0.004902372261153804 0.0026982365742471816 0.0002886071558207299 0.0 5.3592779246999445e-06 0.0 0.0 0.0 0.0 0.0 1.1998836681447093e-05 0.0 0.0 0.0 0.0 0.0 0.0 0.0 0.0 0.0009700472786789206 7.184617643833517e-06 0.00016786527813883302 0.0 0.0 0.0 0.00029300612197401526 1.4491070597644913e-05 6.453054121771262e-05 0.0 0.0 0.0 0.0 0.0 0.0 0.0 3.3531717791163084e-05 0.0 0.0 0.0 0.0 0.00014129185604234022 0.0 0.0 0.0 4.841499303730369e-06 0.003371589372020313 0.001320639660973293 0.00010983905105833752 3.8710243753288686e-05 0.0 0.0 0.0 0.0 0.0 3.994877385994359e-06 0.0 0.0 0.0 0.0 0.002235770211237107 0.005598736734470655 0.0003243097948232792 0.00017590529557719875 1.0115713878569894e-05 9.25612275210708e-06 9.045528721649066e-06 0.0 0.0 8.753834443277436e-06 0.0 0.0 5.358338271532592e-06 5.219487059654538e-06 0.0 4.555143133156932e-05 4.993170497038161e-06 8.833748074827123e-05 2.0546960098709e-05 0.00016324842018165822 1.7648677111181426e-05 3.9930136407949097e-05 0.0 0.0 1.0471661281421964e-05 0.010554184546077268 0.002314085820729977 0.00038747408053516313 0.00057679060586866 0.009466975979407505 0.0 0.00016506636856104714 1.347331409742767e-05 3.134101897537215e-05 0.0 9.523503395047511e-05 0.0005982697849021039 4.45990435695293e-06 0.00012499786533143025 0.0002451691752360205 0.0 0.000230628095937706 0.0004838235802494409 0.00013734768242105688 2.844726348019698e-06 0.0 0.0 0.0 0.0 0.0 0.0 0.0 0.0 0.0 0.0 0.0 0.0 0.0 0.0 0.0 0.0 1.7728455460605256e-05 0.0 0.0 0.0 0.0 0.0 0.0 0.0 2.7109240462261642e-05 0.0 1.5375110262611488e-05 4.7051051153084685e-05 2.7524876190417444e-05 0.0 0.0 0.0 0.0 0.0 0.0 0.0 0.0 0.0 0.0 0.0 0.0 3.831159479977987e-06 0.0 0.0 0.0 0.0 0.0 0.0 0.0 0.0 0.0 5.391872079104419e-05 0.0 0.0 0.0 0.0 0.0 0.0 0.0 0.0 0.0 1.7562773859020676e-05 5.8262686710274154e-05 0.0 0.0 0.0 0.0 0.0 0.0 0.0 0.0 4.543421767876233e-06 0.0 0.0 0.0 0.0 0.0 0.0 0.0 0.0 0.0 0.0 5.7596088374281494e-05 3.697974037546121e-05 0.00011517110796893571 0.0005357037963120468 8.661740053804068e-06 0.0001482036642419468 5.6409086972007905e-05 0.00704269395103633 2.8182494753859e-05 0.0 2.877960144883867e-06 0.00017916319580197617 0.0 4.187709777070341e-06 1.5269417435942135e-05 0.0006152939904634537 0.0 0.0 0.0 1.370408533426354e-05 0.0 0.0015039246896832456 0.00042556222341772577
0.011368750276009242 0.07645389690067843 0.0038892890563382828 0.04023953669663923 0.04432869638767407 0.0012768289489048464 0.0 0.001242330572394102 0.022856322290547765 0.04493166712849433 0.003476420571249004 0.00793853527674152 0.12306557974935059 0.04264828630783002 0.00019139508103255325 3.515570300364747e-05 3.4750449545233095e-05 0.0 0.0 0.0 0.0 0.0 0.0 0.0 0.0 0.0 0.0 0.0 0.0 0.0 0.004896952359440166 0.001029693333156261 9.957955707804826e-05 0.0 6.455816662182931e-06 0.0 0.00010348394287150056 1.1850238413348793e-05 1.2160195678960113e-05 0.0 0.0 0.0 0.0 0.0 0.0 0.0 0.002442005258482364 9.844926384417525e-06 7.722107235628483e-06 3.2462359568929874e-06 0.0 0.0 0.0 2.358177528995809e-06 7.47937814415638e-05 9.667963797679977e-05 0.0005191462997207753 0.0038513848107626317 0.0017377950702465001 0.0013546887944917716 1.0758923429270046e-05 2.4015615750847262e-06 3.7439046035690826e-06 0.0012320738451038604 5.924252471390837e-05 3.811295311771024e-05 5.045754765094303e-06 4.902558205947013e-06 8.57083788669335e-06 2.5214437630863035e-06 0.0002954638756065146 0.00030403778262788454 0.0 0.0038657545132833615 0.0015994321526281408 0.001749063217662384 0.0003397646700686986 3.082253192374495e-05 2.556747151039111e-05 4.3527783696767175e-05 0.0 1.5591005054143082e-05 0.000304047014171624 4.698142943694107e-06 4.065171522732552e-05 4.6968932448818775e-05 1.3434635299736207e-05 0.0 1.6534521173571853e-05 4.809221120172275e-06 1.761128150864334e-05 5.622450038660346e-06 2.683721466084606e-06 0.0 2.800101401145021e-06 0.0008991070404128911 4.7855666384703625e-05 0.0 8.321985009694034e-06 0.0009776101707626701 1.1010826288779442e-05 0.00012037413833005058 7.003703167146617e-05 0.00010113408476431617 0.0 0.00012326354568493222 0.000451031946459999 0.00020884998031394105 0.0005317450289394164 0.00035757002307368796 3.040772153426288e-05 0.001148388655416744 0.0028585328118583228 0.001022988857133761 0.0005553390155310137 3.3037682470067413e-05 0.0 0.0 0.0 0.0 0.0 0.0 0.0 0.0 0.0 0.0 0.0 0.0 0.0 0.0 0.0 0.0 0.0 0.0 0.0 0.0 0.0 0.0 0.0 0.0006400770796095874 2.598010214392701e-05 0.0004668951101837125 0.0001280330523939116 1.3617989961932906e-05 0.0 0.0 0.0 0.0 0.0 0.0 0.0 0.0 2.9992718426105712e-05 0.0 0.0 0.0 0.0 0.0 3.0314220657564506e-06 0.0 0.0 0.0 0.0 9.424722066552068e-06 0.0 0.0 0.000388131749971547 0.0 0.0 0.0 0.0 0.0 0.0 0.0 0.0 0.0 0.0004138364443606628 4.940292163426039e-06 0.0 0.0 0.0 0.00014289925607716822 0.0 8.716943580126489e-05 8.088004587964316e-06 1.2641005232098993e-05 3.904127239204985e-06 0.0 0.0 0.0 0.0 0.0 0.0 0.0 0.0 0.0 0.0 0.0006295839744852781 0.0002050159087071512 0.00047933706774771313 0.006849690794057071 0.00022933663043994302 0.01131700829250364 0.0018237506967994808 0.003177544192546424 0.0013010038923265508 0.00014958692806860984 0.0009318354455192569 0.00031544567242989223 0.0 0.0002859515237997952 7.247077167924198e-05 0.0011847737657117521 0.00020003515858956953 0.0 6.579672206520445e-05 0.0002333968103295389 9.737838920926154e-05 0.002163178281755776 0.000610181048701378
0.00019470739116575502 0.00390994688872768 0.0729876849121632 5.699169208544155e-05 0.003318430935579569 3.942820680323727e-05 0.001242330572394102 0.0 0.0036059382036272066 0.0001999764988952065 0.03476650493226909 0.0005548394935132282 0.0034889271913150434 0.055852266641338466 0.0002506966654418014 0.00019355382844862647 4.5920774078852125e-05 4.5694362952413804e-05 3.417659816888587e-06 1.0074896023286001e-05 0.00023313100579019778 0.0 9.42263248538968e-06 3.7473089011588277e-06 0.0003337989098650273 7.847126194278254e-06 2.6275204310919593e-06 6.767743608414478e-06 1.9462206128157795e-06 5.9104718891116715e-06 0.028005795366367665 0.04889799894413502 0.004665095685539811 1.1358541053074402e-05 0.00034784543154670663 0.0007989656647060829 0.002926721596024043 0.0018505722862850148 0.00016775205272519128 0.00010966357611613041 8.310758608215503e-05 0.00010428309454863093 0.0006608479630481113 4.3924032644415425e-05 0.0 9.239096994821245e-05 0.0010696535745753795 0.00012492616740074046 4.591070981487475e-05 0.00026060717742278105 0.00019129389195752996 2.7377054383068073e-06 0.0 3.146002495175778e-05 3.413515208264146e-05 2.9177311746688823e-05 0.0003231863700351061 0.0039424654636957285 0.0006548485788221842 0.0005722324133913985 0.0008185228041333895 0.0020884119002813695 0.0002727733050863014 0.01588149992589511 3.178341187609809e-05 0.00016257426312396605 0.00014286252561341147 0.0002605265888968153 0.0013315742696195978 0.00035747763162613267 0.0020534746582600585 0.00031244857942551993 9.91219178558031e-06 0.001978100282283537 0.0017833375098354144 0.0012473053189060008 0.0009271303357755082 0.0025922726941478643 0.019285975109490948 0.02467017659370498 0.000417416908964131 0.018649672515108233 0.00015165506698412487 0.0 0.00013550422016390438 4.042511058420517e-05 0.0007900254683114697 0.0 3.5186880536138854e-05 0.0 6.065368626455507e-05 1.9273229507095705e-05 0.0013536735000424542 0.00027355960047268637 6.940750494719551e-05 0.0006844076762393083 0.00012935803956954097 0.0 0.0001257736058790739 0.0004979725059717036 0.0 4.17109168162785e-06 3.421121171974269e-06 8.550113646560745e-06 0.0 2.59662902398756e-05 1.1167530511833724e-05 7.329194555478665e-05 3.0203041533208918e-05 7.060631505660898e-06 1.3104934544516848e-05 0.0002844507983396698 0.0003104463171795969 0.00012429025941400462 0.0001380616432667188 0.0 0.0 0.0 0.0 0.0 0.0 0.0 0.0 0.0 0.0 0.0 0.0 0.0 0.0 0.0 9.43264467941447e-06 0.0 0.0 0.0 1.2221520915991707e-05 1.0999877633615046e-05 0.0 0.0 0.0 0.0001046060441651702 0.0 0.0001755182642081686 4.459241711943299e-05 1.3836994985498263e-05 0.0 0.0 0.0 0.0 0.0 0.0 7.848417369500995e-06 0.0 0.0 0.0 0.0 0.0 5.207349174653501e-06 8.20936568232037e-06 0.0 0.0 0.0 0.0 0.0 0.0 0.0 0.0 8.480434314316359e-05 0.0 0.0 0.0 0.0 0.0 0.0 0.0 0.0 0.0 0.00018658432913557565 5.142902134487569e-06 1.0061915841963825e-05 2.298550251222673e-06 2.520337326469289e-06 2.247171252942592e-05 0.0 9.842843386812358e-06 0.0 0.0 0.0 0.0 7.589367559871169e-06 0.0 0.0 0.0 0.0 5.061733257977443e-06 0.0 0.0 2.8805796026518815e-06 0.00015828813954049472 5.3987165247455195e-05 0.00010569712832574267 0.0015406014377976345 9.540340922447276e-05 0.003713193935659147 0.0009042379275554457 0.0004458325737636762 0.0002913502264591704 7.50467268971353e-06 0.0003255659890129683 0.00013056467074543422 1.2155580804848184e-05 1.644343726038142e-05 2.8292484448876244e-05 7.556668467554585e-05 3.1065329524112554e-05 0.0 2.3305135013434038e-05 7.078296426602268e-05 1.9361017651639712e-05 0.0006196283601497743 5.38868527830513e-05
0.0004706037602373532 0.07650876441800082 0.029317355436092252 0.00021351622033683883 0.10728851730561302 6.895837188038484e-05 0.022856322290547765 0.0036059382036272066 0.0 0.003060974772933531 0.014125859858457039 0.0010520145669142436 0.025392447583749162 0.0267004615348893 5.2143893514458716e-05 2.408536734261972e-05 2.3285016061562526e-05 0.0 0.0 0.0 0.0 0.0 0.0 0.0 2.791295195102536e-06 0.0 0.0 0.0 0.0 0.0 0.0026594143028886618 0.0004519188587504342 0.00011641132845378315 0.0 0.0 0.0 2.88863237044557e-05 8.900870213794691e-06 2.5311734626556836e-06 2.8012303814579826e-06 0.0 3.2275262852707693e-06 7.1706744676411045e-06 0.0 0.0 0.0 0.0007017539436344808 0.0 7.072761410592576e-06 0.0 8.183110655614833e-06 0.0 0.0 0.0 2.8386428219424193e-05 2.976812875049925e-05 0.00010394895248580827 0.0012077602104706687 0.0004711806663842522 0.00041100635405835783 0.0 5.592797497424019e-06 0.0 0.00048579315513374915 2.2335145811904416e-05 1.8771476660920238e-05 1.92841787607653e-06 2.6933406416933224e-06 4.828661167642834e-06 0.0 0.00012730242916342226 9.276704727553139e-05 0.0 0.0011209748306695725 0.0006093955297757418 0.000667975083693688 0.0001852519286750109 1.4477756051416477e-05 1.7672974826374248e-05 3.605624325753519e-05 7.469380034954014e-06 1.0589821170953528e-05 6.341527565145827e-05 0.0 2.1615321211275455e-05 3.271702492895058e-05 0.0 0.0 1.0043383527383172e-05 0.0 6.711908260100336e-06 6.792236835306662e-06 3.0519827144671373e-06 4.865710036167148e-06 5.478514724591888e-06 0.00021354998600532594 1.9274259933552047e-05 0.0 6.807319964407412e-06 0.0001410110178503284 0.0 1.2123744318129265e-05 5.8458237511978214e-06 6.811497331216582e-06 0.0 2.0514976180208625e-05 7.379478728142655e-05 4.030447826968361e-05 8.159641850176796e-05 4.956818228718613e-05 2.8714929370716754e-05 0.0002975741269440656 0.0005364079767846989 0.00020384889338859424 0.0001020544475104986 3.2716897846346e-06 0.0 0.0 0.0 0.0 0.0 0.0 0.0 0.0 0.0 0.0 0.0 0.0 0.0 0.0 0.0 0.0 0.0 0.0 0.0 0.0 0.0 0.0 0.0 0.00019128629293648015 0.0 0.0001642724974953152 2.9619192526463483e-05 0.0 0.0 0.0 0.0 0.0 0.0 0.0 0.0 0.0 0.0 0.0 0.0 0.0 0.0 0.0 0.0 1.8675687698834087e-05 0.0 0.0 0.0 0.0 0.0 0.0 6.483464410493838e-05 0.0 0.0 1.7911995060909414e-05 0.0 0.0 0.0 0.0 0.0 0.0 0.00011322044525050968 0.0 0.0 0.0 0.0 5.221122096066077e-05 0.0 0.0 0.0 0.0 0.0 0.0 0.0 0.0 0.0 0.0 0.0 0.0 0.0 0.0 0.0 0.00011069830043832992 5.4622010288952036e-05 6.799734150372427e-05 0.0020317152269711957 0.00012087158892133135 0.003470433775382994 0.0007422712437704865 0.0004684674376141937 0.000365095215314755 0.0 0.000347377081475364 0.0001822530658907558 0.0 0.00012135487309397933 0.0 0.00013076215990598627 5.8483857524664295e-06 0.0 8.30149897463188e-06 4.4940877421708084e-05 1.687824330966337e-05 0.0005168211646664809 9.145834682296427e-05
0.04228110348203099 0.016208811409045704 0.0005906408814850919 0.07618575098783938 0.00615555766424379 0.03469423425165203 0.04493166712849433 0.0001999764988952065 0.003060974772933531 0.0 0.00044168308452881413 0.03362241685573296 0.1160567068063879 0.009332247295102465 9.956166277001308e-05 4.073493857269283e-05 1.3214844438840446e-05 0.0 0.0 0.0 0.0 0.0 0.0 0.0 0.0 2.1624938591368567e-06 2.4286082246709552e-06 0.0 0.0 0.0 0.000984678644082991 0.0001652468083034077 0.0002668810014211056 0.0 0.0 0.0 0.0003450013819085687 9.62078040066756e-06 1.0012391132500998e-05 0.0 0.0 0.0 2.3385501493969834e-06 0.0 2.829116334839339e-06 0.0 0.001086089137502318 0.0 3.4806353322642006e-06 3.001368925038162e-06 3.618526142794564e-06 0.0 0.0 0.0 6.357548851150921e-05 5.466309128702312e-05 0.0008962367880175022 0.001695026647007503 0.0006732821857303814 0.00049938913007933 2.2432000911257306e-06 1.9271891448965463e-05 0.0 0.00031788742063677437 3.3641509380958405e-05 1.522585942434113e-05 6.509248214103561e-06 5.336918169351638e-06 8.626361613298914e-06 0.0 0.002117368106450735 0.0016866698250050099 0.0 0.0016149938951669379 0.0004468638177781251 0.0008205203717045068 0.00016663014315268805 3.1443988004866583e-05 9.598956706478631e-06 7.249038110368475e-05 4.693276298393812e-06 5.493408327045289e-06 0.00014053066834818822 2.215843016841327e-06 2.9778314511032644e-05 2.6194348652131922e-05 0.0 3.065914718562444e-06 4.5919389935821305e-06 3.5066663185224082e-06 1.147608787377725e-05 0.0 7.026112518626008e-06 8.075172237427067e-06 3.0354699559402264e-06 0.011895435634937614 0.00048196490678307434 3.4858558936406927e-06 2.3348249732181993e-05 0.014306666224156751 0.0001594837454525577 0.0028628763522403526 0.0008803414257114224 0.0024365968396895376 8.93661912901997e-05 0.002090593199373459 0.008199748166566078 0.0016828656978104934 0.0037342778333283528 0.004205691606715742 0.00020907601338459334 0.008439275329620908 0.016679487598786607 0.005275064728935463 0.0026314385942756632 8.189995460456729e-05 0.0 0.0 0.0 0.0 0.0 0.0 0.0 0.0 0.0 0.0 0.0 0.0 0.0 0.0 0.0 1.929262207315356e-05 9.431477993273775e-06 0.0 1.851917958598437e-05 4.21802797579248e-05 0.0 0.0 0.0 0.0026156331745333535 0.00012145954048173569 0.0021913747903094414 0.001170557554837655 0.00018868660539130835 2.6723453585048442e-05 0.0 0.0 0.0 2.8390282193922497e-05 8.108967272569452e-05 0.0 5.6276981312761374e-06 0.00016010639694806968 0.0 0.0 0.0 2.0296313701120622e-05 0.0 2.7537320111078533e-06 0.0 1.6874356217877235e-05 7.94611340856323e-05 4.2656922118842946e-05 0.00025849310961705767 2.2598844610442698e-05 2.2001129435174193e-05 0.002520153709063309 2.871098083239654e-05 0.0 4.353540007446782e-06 0.0 0.0 0.0 0.0 0.0 0.0 0.0030150625167807157 0.0 0.0 2.906033390493148e-05 0.0 0.0009928715672313949 5.163403331681512e-05 0.00019543968362725314 3.737346482816684e-05 3.393378061834489e-06 2.9884576915152695e-05 4.590244585454538e-05 1.1508815335240413e-05 0.0 0.0 0.0 0.0 0.0 0.0 0.0 0.0 0.00347031496631482 0.0007640675188400912 0.0020482971521507973 0.011578488150960157 0.00016486494482729626 0.00524257959943562 0.0017409099536631926 0.02139027632198881 0.0010823269585399104 0.0015112493298136379 0.00125828212256806 0.004309387066113719 0.00012164743999293568 0.001109416555462933 0.000469236977847445 0.012119769185629388 0.00031139382532872407 0.000518971737099998 0.0003604647932346823 0.0002888484733177326 6.764617017238523e-05 0.024726076197138618 0.004841447395972693
0.0009890857800317877 0.02368217526021157 0.048643260419247346 3.2622363550665274e-05 0.028708682781099133 0.00015123177757144413 0.003476420571249004 0.03476650493226909 0.014125859858457039 0.00044168308452881413 0.0 0.0016119618003813342 0.02469252310932021 0.08460533138158677 0.00037102936027913003 0.00025899113816486196 5.490255501391307e-05 9.741182091184587e-06 2.509458696413544e-06 8.092518913202289e-06 7.662592756135777e-05 0.0 0.0 1.7715123956729425e-05 0.00032431016210597157 1.6654645357176827e-05 0.0 0.0 0.0 0.0 0.010370996450671348 0.007872849009210373 0.017785360955372982 5.4416212679183945e-06 0.0002347532156367509 0.00044947158733804485 0.006030692598638138 0.001680138076187334 0.0001897177490563852 6.340749169230105e-05 1.789173984935355e-05 6.327843222503167e-05 9.951930037230423e-05 2.841900625408856e-05 0.0 4.97175229012368e-05 0.0012638148381232588 9.639217951924541e-06 1.9273688760087477e-05 1.9017550079760836e-05 0.00013311324674435064 0.0 6.328967873628498e-06 1.059017428902279e-05 2.72414757976353e-05 3.815849497455457e-05 0.00022687386791740702 0.002332574906277388 0.0006828516714422015 0.00064635081363263 6.26218462825655e-05 0.0008787052908433347 0.00013217297392461224 0.002227569700638754 1.6921400721782413e-05 8.060843364532227e-05 8.672595382057277e-05 0.0001301319036038742 0.0006006320713688141 0.00020966373751302088 0.0033340878711687737 0.00030476109531683143 5.344161478809613e-06 0.0017422438835040506 0.0015216494252345179 0.0017659566157222706 0.0006916806986875458 9.572443325027505e-05 0.0006969013019594023 0.0013615862246014055 1.5013010026779733e-05 0.0002600941652972413 0.0001593247232188555 0.0 3.44653737368884e-05 2.4379779931868578e-05 0.00011184156946448696 0.0 1.5616827760590944e-05 1.8419093356546885e-06 2.1963470689848903e-05 2.9410547627947084e-06 0.0009349052870304504 0.00019617900732786595 2.657928345743901e-05 0.0010151380944218745 0.00020299336511494528 0.0 0.00020321561623122528 0.0004845770127126853 4.109433675703868e-06 2.8543482368520003e-05 1.033353864987664e-05 0.0 0.0 2.833142958138264e-05 2.0325273971339812e-05 5.445556319921392e-05 9.872123099208103e-05 2.8514834318514593e-05 1.2095315321027837e-05 0.00027365387601461805 0.0006426281671358337 0.00030132883895557153 0.00023721454972687114 1.585221865958036e-05 0.0 0.0 0.0 0.0 0.0 0.0 0.0 0.0 3.259368557539975e-06 0.0 0.0 0.0 3.2201760428833446e-06 0.0 0.0 0.0 2.048161250771559e-05 0.0 0.0 0.0 0.0 0.0 0.0 0.00033462706350823935 0.0 0.00021515484917610384 5.8509952151975664e-05 1.7862598431559846e-05 4.941965982974677e-06 0.0 0.0 0.0 1.5874846146255758e-05 0.0 0.0 0.0 8.12343609593073e-06 0.0 2.9019723730952713e-06 0.0 1.5941366408441886e-05 7.215611435227829e-06 0.0 0.0 0.0 0.0 1.977524709207225e-05 3.2488091302587004e-06 2.1081957913845745e-05 0.0 0.0003439090341040129 0.0 0.0 0.0 0.0 0.0 0.0 0.0 0.0 0.0 0.00046800356515977004 2.2640958628492684e-05 0.0 3.789961972894203e-06 0.0 7.124573766539348e-05 1.3628408740491678e-05 8.697993508914745e-05 0.0 0.0 0.0 0.0 0.0 0.0 0.0 0.0 0.0 3.7228056991799392e-06 0.0 0.0 0.0 0.000242624983088208 0.00011374577920164925 0.00016075913071155316 0.002125143721248445 0.00020084457502991996 0.00453859870153522 0.0011286497848723525 0.00048450304505076716 0.00044166437485719187 7.706915258381642e-05 0.0003659260857725811 0.00022677078696743978 0.0 7.331352725337218e-05 1.3321583053599665e-05 8.358070284842912e-05 3.878949880966412e-05 0.0 1.744337346770682e-05 0.0001615980762015666 1.1695450005446547e-05 0.000816104542268148 0.00025343888161431495
0.0019944854536659783 0.0018796227987195793 0.0004541995154916285 0.009009393419046356 0.0007423991247810128 0.004902372261153804 0.00793853527674152 0.0005548394935132282 0.0010520145669142436 0.03362241685573296 0.0016119618003813342 0.0 0.028795069964416647 0.006157374304091304 0.0005757537323142797 0.0003154718909477805 3.673245757710883e-05 0.0 3.60456620845649e-06 0.0 3.5012067540685277e-06 0.0 0.0 4.01589289865867e-06 0.0 0.0 2.2996439197287085e-06 0.0 0.0 0.0 0.00015207934313238216 3.7819686167169116e-05 0.0031114783719687466 2.102290420355799e-06 7.303775241537043e-06 1.3128018890163207e-05 0.01663887755089295 0.0006991609585495658 2.1490634822016338e-05 8.372980246438508e-06 0.0 2.0272889404519448e-06 0.0 1.1967830121941798e-05 0.0 0.0 0.0010140579070460156 5.91155578203274e-06 6.261840727167406e-06 0.0 7.11681857553216e-06 0.0 0.0 0.0 0.0 1.2308117636179999e-05 0.00023825331096665904 0.0001669243679110543 0.0002111661072664383 0.00031622629877500264 1.062530993591761e-05 0.0003755799495458054 0.0 0.00019593782349702505 7.331849524555339e-06 2.2898609531963384e-06 1.1873884156874755e-05 1.0924030864864042e-05 3.109616431262483e-05 3.3975049547049445e-06 0.014920501632903886 0.0013382586735731343 0.0 0.0006184567126004547 0.0005655122248118267 0.0013758432962236592 0.0005574891446716778 8.785563637963786e-05 1.2749128787895952e-05 0.000895725475247733 2.3473168540961275e-06 0.00016037346134086132 4.5216199989278754e-05 0.0 7.552674003935188e-06 4.14020203013871e-06 1.0046748523131309e-05 0.0 6.528174744110688e-06 2.738356412464995e-06 0.0 3.2085087824729186e-06 2.3218641635143983e-05 2.63749232576647e-06 5.544150795092726e-06 0.0256838670319235 0.0012316682010210507 0.0 0.0001384500783299497 0.0017131218594734162 1.3834442161309421e-05 0.0008027965997466102 0.00023420747146120808 0.0004748203556709944 2.1591345691383116e-05 0.0009191446897417321 0.0029892131299684497 0.0011102993444515284 0.0019626288695413757 0.0019052812456142173 0.0001003984711974514 0.005634431233203951 0.01091573863055044 0.003500120283984061 0.0017418255144026366 7.848617330089027e-05 0.0 0.0 0.0 0.0 0.0 0.0 0.0 0.0 0.0 0.0 0.0 0.0 0.0 0.0 0.0 1.4814152882837326e-05 0.0 0.0 1.2630544558176072e-05 3.835905506529881e-05 0.0 0.0 0.0 0.0012369714754174748 0.0 0.001302875371410222 0.0004933818771060089 3.9817532043205494e-05 0.0 0.0 0.0 7.918853451722958e-06 1.6637723221091653e-05 0.0 0.0 0.0 4.3939641061581905e-05 0.0 0.0 0.0 3.406464058876401e-05 0.0 0.0 2.958023981289116e-06 0.0 2.295995292365278e-05 4.2272537938321835e-05 7.252880074862368e-05 0.0 6.546930700135205e-06 0.0012796212912845508 8.377552626681088e-06 0.0 1.639347085407942e-05 0.0 0.0 0.0 0.0 0.0 0.0 0.0014562309835942813 2.03911476484059e-05 0.0 3.6245163818610007e-06 0.0 0.0007209887975865208 2.4326231571682664e-05 0.00025902708997335076 5.894528229231296e-05 0.0 5.461457725334498e-06 0.0 1.965025885668952e-05 2.2668294755095013e-06 0.0 0.0 0.0 0.0 0.0 3.273208990339354e-06 0.0 0.0028613794318768037 0.0002910142408008232 0.000914735685259695 0.006862311918542369 0.00013984008471671825 0.005078324116645195 0.0023304649958883 0.005749716298757892 0.0006668563198645269 0.00036816164674280844 0.0009228284786872832 0.0012345438946267343 0.0 0.0007423030912298008 0.00031733486646954 0.004193531144103462 9.910352658894843e-05 2.043170036588525e-05 8.156755558839498e-05 0.00044234158289490293 2.4842071235299056e-05 0.01568588075434827 0.0038240660124819197
