0.0 0.05176046355547069 0.026385080251941462 0.02064868056454041 0.005603338234731384 0.004527862835288949 0.011304508095853032 0.001341218135865295 0.002646102311020531 0.025428926631052277 0.006679756659457944 0.0035293100111715384 0.01173478658388382 0.00491032825888724 0.00015232882601006845 9.283846868553168e-06 6.099883004804762e-06 5.815958028886339e-06 0.0 0.0 1.0984821230719521e-05 0.0 0.0 3.286238666919297e-06 1.609678363121111e-05 0.0 0.0 3.343602571502436e-06 0.0 0.0 0.01656612917710114 0.0002325986763618348 0.0005501361603890441 0.0 0.0 2.3590766009460116e-05 0.0005053643339909054 5.072591827114713e-05 0.00012956374414897114 3.287941163108719e-06 0.0 1.0611541000253372e-05 6.0940862227703875e-06 0.0 0.0 1.0384601394114713e-05 0.0015013315246442246 9.825420860395986e-05 2.0110852670860194e-05 2.4802304379753413e-06 5.5128455263953214e-06 0.0 3.839695596603857e-06 0.0 2.670698347314723e-05 4.425531110680397e-05 0.002611451660591854 0.022857440854253522 0.0036100761543362836 0.0021531204204757264 1.1320865654153689e-05 3.904118881910533e-05 3.4187665137850803e-06 0.0012244527062231416 0.00010353415315743465 0.00013153072529632315 4.038604791595144e-05 1.1883005213245867e-05 1.944593150491863e-05 2.4010355350179505e-06 0.0010277471832522906 4.725956623017962e-05 8.017031491857819e-06 0.0027610679875323036 0.0021776029658247395 0.0005950425687569018 9.316927128201732e-05 9.903292874246573e-06 5.59849818049592e-06 0.00024164156205581106 0.0 2.3465325928370203e-05 0.0003341752764377136 1.1531019234583498e-05 6.41430740586305e-05 8.08008538553254e-05 2.7922846163529965e-05 4.216674988130889e-06 1.770517618990177e-05 4.80688459223895e-06 6.361984872705604e-06 7.418559672730917e-06 4.952237910398363e-06 0.0 2.5541744097265292e-06 0.0007316562423983358 0.0002231809509792072 2.8434348852893236e-06 0.00021624806966772238 0.03799487765139283 4.750841411972455e-06 0.0 7.631098406823988e-05 0.0 5.6122872464242435e-05 9.498399100278599e-05 0.0 0.00023078242348406987 4.0934576407469096e-05 1.408442827971293e-05 0.0 0.00011513367373735942 0.0001022974600265986 5.5594188624386276e-05 3.320313313825262e-05 0.0 0.0 0.0 0.0 0.0 0.0 0.0 3.114366871572484e-06 0.0 0.0 3.526695667936592e-06 0.0 0.0 0.0 0.0 0.0 0.0 0.0 0.0 1.6627535553782462e-05 0.0 0.0 0.0 0.0 3.564997381228105e-05 0.0 0.00011285642292706513 3.2505657574587078e-06 0.0 0.0 0.0 0.0 0.0 0.0 0.0 0.0 0.0 0.0 0.0 0.0 0.0 0.0 0.0 0.0 0.0 0.0 1.1684326639217898e-05 0.0 0.0 0.0 0.0 0.0 0.0 0.0 0.0 0.0 0.0 0.0 0.0 0.0 0.0 5.0420931303154625e-05 0.0 0.0 0.0 0.0 0.0 0.0 0.0 3.976812596299658e-06 7.823922295738626e-06 0.0 0.0 0.0 0.0 0.0 0.0 0.0 0.0 0.0 0.0 0.0 4.858993640669236e-05 5.2896607993746545e-05 2.8357249952374627e-06 0.007485236342542127 7.150040496822729e-05 0.003117133548461127 0.00029483966017332706 0.02784371766540969 0.0003383868006414729 1.6987677935757538e-05 0.00010959619208963483 1.521513014822757e-05 0.0 0.0 0.0 0.0004249754746033698 0.0 0.0 0.0 7.721102977030692e-05 0.0 0.00938021042792716 0.0002983598491294457
0.05176046355547069 0.0 0.020312028454159796 0.09142490908568403 0.0880157248526931 0.007297287398615522 0.06639150922505987 0.0035335723836661223 0.05617084505914317 0.10746407020829987 0.028257602292013427 0.01035607616878697 0.06447358320243339 0.03480371285999171 0.0005904342544991825 0.00014418567384327858 1.8210200896438045e-05 2.478981131502416e-06 0.0 2.456041032223779e-06 1.6212187987882724e-05 3.3863875247594217e-06 2.8753546150933543e-06 0.0 1.2538276472978667e-05 3.7304230586498787e-06 0.0 3.7552999370160173e-06 7.543027216781907e-06 0.0 0.05192650880696469 0.0011400073080523334 0.001300203400110503 3.1051768315358583e-06 7.179527589201694e-06 3.426720236089763e-05 0.001225158652388169 0.0002452619892938121 0.00033694340474734976 4.08935418994921e-05 6.2283513643216766e-06 5.4587977970992635e-06 1.3565204775188578e-05 3.462976040591509e-05 4.312297815994363e-06 0.0 0.004576947140981287 0.0002643550972283602 5.8240164501545406e-05 6.819302864273662e-06 1.460925454442428e-05 0.0 5.871243330278735e-06 2.3379588098880923e-06 7.033846133363184e-05 6.515940601646478e-05 0.001797179841178038 0.020248478650961344 0.0046172381865751165 0.0038534168296416723 2.340067740372809e-05 5.565419498918687e-05 1.08656414395392e-05 0.002431533193324872 0.00016121395312666362 0.00018615935023739017 5.828607970091561e-05 1.122557503053775e-05 1.7327106715253098e-05 1.1542663175544838e-05 0.002355479066869783 8.295088935543716e-05 0.0 0.004545445763350511 0.0034160070027565146 0.002156807844631063 0.0003966408752348789 6.451656186617216e-05 1.1400903206740184e-05 0.0005021648815593284 6.392032564810206e-06 6.240669708229876e-05 0.0005078401201349065 2.4609627939350105e-05 0.00013255802080359356 0.00016532811872525027 5.067869448647055e-05 0.0 3.350535686287553e-05 9.874243413419282e-06 4.551775198883412e-06 4.142274589593805e-06 2.2285118141249497e-05 2.6740566449674165e-06 2.366763669658577e-06 0.008565082484684003 0.0008748056771162159 0.0 0.0004288797543878612 0.028777423431372143 2.0806915860681592e-05 2.6414427660931645e-06 0.00018475368066747194 0.0 0.00026390426065900537 0.000245213149199919 1.8813559274146415e-05 0.0006159406918804634 0.0002778711968745982 7.570437627980086e-05 8.380477019915628e-05 0.0005825635502787411 0.000830136784062555 0.0004301265836934256 0.0004478324192339016 2.6262234212805732e-05 0.0 0.0 0.0 0.0 0.0 0.0 0.0 0.0 0.0 0.0 0.0 3.486108482487767e-06 0.0 0.0 0.0 0.0 0.0 0.0 2.5394142836721964e-05 6.838420793854079e-06 0.0 0.0 0.0 0.00016411405675588166 1.9160495424539273e-05 0.00022920240687345373 1.419609523744133e-05 0.0 0.0 0.0 0.0 0.0 0.0 0.0 0.0 1.8570900458984205e-05 1.6989488469138303e-05 0.0 0.0 0.0 0.0 0.0 1.073355808276589e-05 0.0 0.0 2.183101132252974e-05 3.809074538581154e-06 0.0 0.0 0.0 9.30294343347552e-05 2.8167630114755603e-05 0.0 6.661480961722362e-06 0.0 0.0 0.0 2.3254163798504355e-06 0.0 0.0 0.0004198523453250202 3.2341135545320997e-06 0.0 1.8989160982713446e-06 0.0 8.18664263932331e-05 0.0 0.0 7.007212254651545e-05 4.689839203233218e-05 2.7629470968121615e-05 2.9694546041193065e-06 0.0 0.0 0.0 0.0 0.0 1.9014768224863755e-06 0.0 0.0 0.0 0.0008724430129926401 5.8764552143352566e-05 5.1075164475193076e-05 0.017290187463261254 0.000347566147626274 0.00976268351751275 0.0007378914377366439 0.015956752188680215 0.0018654577470955946 4.1110211700631205e-05 0.0006545380956812759 0.00017756680230060533 0.0 4.739257801892123e-05 0.0 0.0006194425092538163 3.203838053668222e-06 0.0 5.2154124621727996e-06 0.0002349201938939055 0.0 0.006666401916594046 0.0007711517492549395
0.026385080251941462 0.020312028454159796 0.0 0.0025625017549864 0.009960428087766706 0.0004646660966275385 0.002565612112342882 0.0366423408344906 0.02724299431864219 0.0020119098925103704 0.04454203276946991 0.004954576705181425 0.02151726976831385 0.045751816408198726 0.0011195350248481921 0.00042054238331709756 4.3912502624534294e-05 2.045020274910588e-05 8.388564918747086e-06 0.00010311050908381207 0.0006094847170790916 5.298975790290255e-06 5.361553581866611e-05 2.434119395906228e-05 0.00011195583562282351 7.747540041922596e-05 2.799985321220425e-06 2.1155034148357254e-05 1.2195588976177941e-05 5.958072254473841e-06 0.12310846061122678 0.018800944364708593 0.0062599223413724306 9.600518038557712e-05 4.800467000988032e-05 0.00020000831155972976 0.0038654519470728327 0.0007902054565922918 0.0010362191676518834 0.0001434783148997736 0.00023847310132670352 5.508918738660315e-05 0.00033998467151070125 6.261123030097668e-05 0.00011227762379028768 0.00012612001942545115 0.0055762181018647805 0.00022570977205441477 6.976177681244224e-05 9.916974024373657e-05 5.1123665486066175e-05 7.798959635033296e-06 0.0001521637947493218 2.7259901633092947e-06 4.840796212237081e-05 9.87590276554306e-05 0.0023712563531670832 0.025462650704960375 0.005357076177831483 0.004905416663091313 0.00036028811261414013 0.0010569803572771214 0.00010581893227841891 0.014131024077780826 0.00017623055016666953 0.00029594763649956943 9.83947483999162e-05 5.359029780474465e-05 0.00027468570127007157 0.0004892016511123613 0.00587473059621585 9.557382126282332e-05 2.4377113290431215e-06 0.006831507233294805 0.007663542026368089 0.003719765977141039 0.0012561993713717523 0.00017027002765297408 0.0016899558798648088 0.014008149763450807 0.0001510126477527713 0.003058144945391446 0.0005446152577969033 1.4440891732310896e-05 0.00019400757068418063 0.00014191752658257288 0.0001325197108964701 1.7049239712406546e-05 3.838762329263133e-05 9.189120911231307e-06 2.0946338665376896e-05 0.0 0.00020412171654816502 4.845992173958473e-05 2.9095036741322323e-06 0.003687149094873331 0.0005791453089794667 0.0 0.001110999007978728 0.009705917288227348 3.335281704832343e-05 8.427498973314895e-06 7.41262887602324e-05 0.0 0.00016020500532877246 9.591801399689667e-05 0.0 0.00022153150995267773 0.00012146227612952423 1.7947080565576118e-05 2.4114696212897203e-06 0.00025780053181343235 0.0003823489613268753 0.00013545548379344566 0.00011233041776214038 0.0 4.213996333431151e-05 3.68109133484109e-06 0.0 0.0 0.0 0.0 0.0 0.0 0.0 0.0 0.0 2.5044847874318118e-06 0.0 0.0 0.0 0.0 0.0 0.0 2.800430337336676e-05 3.702861132371932e-05 0.0 0.0 0.0 0.00024359261641706406 1.7079848429102148e-05 0.00022292503859032276 3.162561149887925e-05 2.2538995627380155e-05 2.800304779507185e-06 9.935638278677171e-06 0.0 0.0 4.085191298464584e-06 3.3576848349919856e-06 0.0 5.621041941089461e-06 0.0 0.0 5.222693238211855e-06 8.447756149008519e-06 5.893780009782956e-06 0.0 0.0 0.0 0.0 1.8495373155661015e-05 1.8245348996021585e-05 0.0 0.0 0.0 0.00011059666159812447 4.1791577583776395e-06 0.0 0.0 2.3013570638255275e-06 0.0 0.0 0.0 2.002226156700854e-06 0.0 0.0003310736781864034 9.911153288025696e-06 0.0 0.0 0.0 6.29357230399275e-05 0.0 8.850989387299214e-06 6.0337780012479e-06 4.446279511656005e-06 8.853294585348206e-06 0.0 6.776703435556867e-06 0.0 0.0 0.0 3.024325762944888e-06 0.0 1.9458467258500645e-06 4.668451723830616e-06 2.6894250365943565e-06 0.00039339982646146665 0.00013419614928414188 6.846865397502123e-05 0.01099227525875939 0.00025918400065095545 0.009730526009989584 0.0009382401253233035 0.003997654529563245 0.001663143185641636 7.387261662569202e-05 0.0006023171104026021 5.500699435042759e-05 8.896902968134711e-06 9.630655154704585e-06 2.5731810650462e-06 0.00013724462075240137 0.0 0.0 3.0205353569901905e-06 0.00011474176943271371 0.0 0.0019711612966652435 0.00023196763921987467
0.02064868056454041 0.09142490908568403 0.0025625017549864 0.0 0.008710498529762732 0.006692020633750756 0.023862779799048335 2.45372956235282e-05 0.005030787242783756 0.039336743674155586 0.0020773620028396098 0.009573046594843733 0.012168953872640166 0.0006202286813284057 1.392043470202696e-05 8.68031975860214e-06 0.0 0.0 0.0 0.0 0.0 4.467928222559473e-06 0.0 0.0 1.293982886298158e-05 0.0 0.0 0.0 0.0 0.0 0.002073075421719175 0.0 5.383872791001967e-06 0.0 0.0 0.0 2.925814659906113e-06 0.0 0.0 0.0 0.0 0.0 0.0 0.0 0.0 0.0 0.00037685489727715924 1.8137177263981647e-05 0.0 0.0 2.8349766252547343e-06 0.0 0.0 0.0 1.1743772586378022e-05 1.198094032024765e-05 0.00036302933055887407 0.0034093705833884297 0.0005427212147019853 0.00043978718275169694 3.132819381073638e-06 0.0 0.0 0.00016563613791684812 2.1148381970733e-05 1.50523846631135e-05 4.565004089951457e-06 0.0 0.0 2.7256705027056944e-06 2.8177326149203356e-05 0.0 0.0 0.00041542267643037464 0.0002890661439683408 0.00011918030061411869 1.0531314888374122e-05 2.338540066162864e-06 0.0 0.0 0.0 2.668300528617425e-06 4.4179299861604946e-05 8.179213524578838e-06 1.449295149635951e-05 1.0323954494205882e-05 7.951085711652242e-06 0.0 0.0 0.0 0.0 0.0 0.0 0.0 0.0 0.0006522847038933372 1.623273609518899e-05 0.0 1.2210967888280442e-05 0.02734731491791238 1.2603031416277416e-05 1.4947067217020125e-05 0.00012978431077472158 1.1651874209180148e-05 7.4722462664716476e-06 4.784851883977491e-05 2.27149793101368e-05 9.70902092279763e-05 3.1199290874652046e-05 1.0171748502436035e-05 0.0 4.231432908931691e-05 4.079856972257873e-05 7.137940756257689e-06 9.72546588278145e-06 0.0 0.0 0.0 0.0 0.0 0.0 0.0 0.0 0.0 0.0 0.0 0.0 0.0 0.0 0.0 0.0 0.0 0.0 0.0 1.592048838052437e-05 0.0 0.0 0.0 0.0 1.7561829450138873e-05 0.0 9.803988284570258e-06 0.0 0.0 0.0 0.0 0.0 0.0 0.0 0.0 0.0 0.0 0.0 0.0 0.0 0.0 0.0 0.0 0.0 0.0 0.0 0.0 2.3716172505954968e-06 0.0 0.0 0.0 0.0 2.1570446657961898e-06 0.0 1.8523320394356402e-06 0.0 0.0 0.0 0.0 0.0 0.0 1.3918776513225002e-05 0.0 0.0 0.0 0.0 0.0 0.0 0.0 0.0 6.387410029701963e-06 0.0 2.9198805047389263e-06 0.0 0.0 0.0 0.0 0.0 0.0 0.0 0.0 0.0 6.525200299370331e-05 0.0 0.0 0.0022446580862755185 1.5004701012264785e-05 0.0006995720389187614 4.563543261224694e-05 0.013741751345671986 0.00013171837254477442 0.0 5.4997162966015386e-05 3.9120556702958964e-05 0.0 0.0 0.0 6.0770344538951937e-05 0.0 0.0 0.0 0.00019962137858442055 0.0 0.005040535215807781 5.813092817830536e-05
0.005603338234731384 0.0880157248526931 0.009960428087766706 0.008710498529762732 0.0 0.0007550324441179871 0.016658704967315786 0.00030887789628191884 0.05221396756065196 0.017754190115231133 0.002934391747498268 0.001673658691087677 0.04297857319386835 0.023326802918099455 0.00017808087603234235 5.118789076388378e-05 8.173857995567532e-06 0.0 0.0 0.0 0.0 0.0 0.0 0.0 5.829158797913936e-06 0.0 0.0 0.0 0.0 0.0 0.005609774862175882 7.756019808237037e-05 0.00015644094770280202 0.0 0.0 0.0 0.00010529311324498489 4.235179695376177e-06 3.5399981618701984e-05 4.058645710820926e-06 0.0 0.0 1.7664232522184881e-06 0.0 0.0 1.0725304365054236e-05 0.0015223782812488356 3.600999298330195e-05 1.4269096008095064e-05 0.0 0.0 0.0 3.113038863849686e-06 0.0 1.0092065813582898e-05 1.1459200196578892e-05 0.00018549846923753948 0.0016294765401771946 0.000736976288880324 0.0007444421830050419 2.748009114025789e-06 0.0 0.0 0.0004168286946933629 4.2227198308399935e-05 3.561463492791954e-05 1.6909879625930936e-05 2.704994531157991e-06 0.0 0.0 0.00030441180145454274 6.795742218790368e-05 0.0 0.0007138374598414992 0.0005972151643041126 0.0005910196665641178 0.000158701430493586 1.6262523607840284e-05 0.0 2.2242484520987125e-05 3.3897973727423675e-06 2.9221428116183187e-06 8.24297064123395e-05 0.0 1.863390839638924e-05 2.7739490459840455e-05 4.3690968519665865e-06 0.0 5.132893695888496e-06 2.459109369384651e-06 2.373382869638285e-06 0.0 0.0 0.0 0.0 0.010376231902008894 0.0004304474357408815 0.0 0.00017276491655279278 0.0007547416953997659 5.056942943423957e-05 3.0636854921392606e-06 0.00025113660200870623 4.375488445503858e-05 0.0002615185449595733 0.00035858357322697635 0.0 0.000538054670218984 0.00036356470380265274 0.00014569917353325632 0.00016516699875476887 0.0007729502763452843 0.0007846734031053235 0.0005533406029654233 0.0004305689883039348 0.0 1.8001087224554117e-05 0.0 0.0 0.0 0.0 0.0 0.0 0.0 0.0 0.0 0.0 0.0 0.0 0.0 2.409187285043393e-06 0.0 0.0 2.3766466448643957e-05 7.5279092934000665e-06 1.6680617017861567e-05 0.0 0.0 3.8032550970609564e-06 0.0002347103164759592 0.0 0.00016092931559084274 0.0 0.0 0.0 0.0 0.0 0.0 0.0 0.0 0.0 0.0 1.2860958476231894e-05 0.0 0.0 0.0 1.2358910861962679e-05 0.0 0.0 7.779589820989915e-06 0.0 2.764875054885536e-06 4.44127395031059e-05 0.0 5.721033396429839e-06 0.0 1.906616317578362e-05 0.0 0.0 0.0 0.0 0.0 0.0 0.0 0.0 0.0 0.0002995356951678619 0.0 0.0 0.0 0.0 0.00012123200820908824 0.0 0.0 2.7253965657074215e-06 4.425588932832617e-05 1.1745923214362994e-05 0.0 5.752858644270656e-06 0.0 0.0 0.0 0.0 0.0 0.0 0.0 0.0 0.000961659586429196 7.66977701615249e-05 4.167376282430016e-05 0.009262691514946523 0.0001560097364736566 0.003233636586517667 0.00031598216362602313 0.002708805932137889 0.0009136140619733241 2.3622496168387204e-05 0.00046375972953587697 0.00015562568853645328 0.0 3.796815149799468e-05 4.0589214079756865e-05 0.0003930321279502365 0.0 0.0 0.0 5.520657262743291e-05 0.0 0.0033454886849912163 0.0007160455209234118
0.004527862835288949 0.007297287398615522 0.0004646660966275385 0.006692020633750756 0.0007550324441179871 0.0 0.003183640273342552 3.6507502023950576e-05 0.0009171999276282543 0.01823188893409306 0.0002737318789432709 0.00518903200998306 0.00539031179283687 0.0007450391097304792 0.0 0.0 0.0 0.0 0.0 6.34614265504472e-06 0.0 1.0502402193729132e-05 0.0 0.0 1.0956132500813887e-05 0.0 0.0 0.0 0.0 0.0 0.00011555329463950547 3.0491207029917486e-06 3.7370454552356234e-05 0.0 0.0 4.257415529742707e-06 0.00011186309742843225 0.0 3.0807297145964096e-05 0.0 0.0 0.0 0.0 0.0 0.0 0.0 2.801800710205293e-06 0.0 0.0 0.0 0.0 0.00010525275123817644 5.823179040531529e-05 1.873265519854396e-05 0.0 0.0 0.0006376833043001375 9.298983263462292e-05 8.592272887043955e-06 1.936523763651057e-06 0.0 0.0 0.0 0.0 0.0 2.560591697502192e-06 3.2699046170259175e-06 0.0 9.335458096172555e-06 0.0 0.0016488288967052812 0.003399893445036286 0.00016514193534027834 0.0 0.0 5.125255628314026e-06 0.0 2.0249163946849063e-05 0.0 1.0843253867544378e-05 0.0 1.4470912920909757e-05 0.0 0.0 2.3003893823907095e-06 2.6233087032945827e-06 0.0 2.118339249486689e-05 0.0 0.00010209862769177396 3.732359230786867e-06 0.0 0.0 0.0 0.0 0.0069133210080460795 0.004688940210387972 0.00042255857419120523 0.0005990746286190283 0.0033422075046498747 0.0 0.0 0.0 0.0 0.0 0.0 0.0 0.0 0.0 0.0 0.0 0.0 0.0 0.0 0.0 0.0 3.381980861717027e-06 0.0 0.0 0.0 0.0 0.0 0.0 0.0 0.0 0.0 0.0 0.0 0.0 0.0 0.0 0.0 0.0 0.0 0.0 0.0 0.0 0.0 0.0 0.0 0.0 4.505362502409257e-06 0.0 0.0 0.0 0.0 0.0 0.0 0.0 0.0 0.0 0.0 0.0 0.0 0.0 0.0 0.0 0.0 0.0 0.0 0.0 0.0 0.0 0.0 0.0 0.0 5.1666338725983405e-06 0.0 0.0 0.0 0.0 0.0 0.0 0.0 0.0 0.0 0.0 1.8993367554403335e-05 0.0 0.0 0.0 4.626657111494275e-06 0.0 0.0 0.0 8.094054118928601e-06 0.0 0.0 0.0 0.0 0.0 0.0 0.0 0.0 0.0 0.0 0.0 5.987173913045262e-06 1.313235073332087e-05 1.4405083877519546e-05 1.3211436789819565e-05 0.0 8.72701691255013e-06 0.0 0.003280897862932077 9.840841915095785e-06 0.0 0.0 0.0 0.0 0.0 0.0 0.0 0.0 0.0 0.0 1.1286051377352385e-05 0.0 0.000649875868234958 5.318866772507604e-05
0.011304508095853032 0.06639150922505987 0.002565612112342882 0.023862779799048335 0.016658704967315786 0.003183640273342552 0.0 1.972867009490066e-05 0.008125795021689041 0.033311897557873296 0.0026797758882644664 0.004235239603819627 0.03598147416514613 0.013147018884926875 7.839704749005646e-05 2.0747709254340493e-05 4.052346373761654e-06 0.0 2.55284377188484e-06 0.0 0.0 0.0 0.0 0.0 0.0 0.0 0.0 0.0 0.0 0.0 0.0012844612615081526 1.8095016053535358e-05 1.612295088636823e-05 0.0 0.0 4.48905131431854e-06 2.4097117307501325e-05 0.0 3.002350108031665e-06 0.0 0.0 0.0 0.0 0.0 0.0 0.0 0.0008277606640484192 2.235376505355548e-05 9.44256766481446e-06 0.0 2.395153375278059e-06 0.0 0.0 0.0 1.019815833548158e-05 1.5934088522989632e-05 0.00016879207584065127 0.001568483473933537 0.000511113238150266 0.0005672878903720536 3.528967281390519e-06 0.0 0.0 0.0003504629033164615 2.0145000718314884e-05 1.675029534140625e-05 1.8661114953141732e-05 5.407814358627322e-06 0.0 0.0 0.0001468033927346638 1.650515490791256e-05 0.0 0.0005477797680874375 0.0003579009475168826 0.00033698798607180875 4.7873938331899825e-05 4.772966983662426e-06 0.0 2.0344218871349054e-05 9.438116289750927e-06 0.0 7.283780626180136e-05 5.7033235920399555e-06 1.4123855987364777e-05 2.0657870462550617e-05 0.0 0.0 1.0252094183566378e-05 0.0 0.0 2.8058120461467812e-06 0.0 0.0 0.0 0.00604007692639009 0.000251916039158085 0.0 7.130620933068955e-05 0.0023529016098383713 0.00014049386113225619 0.0004972831710962428 0.0026031406864058582 0.002286381727281406 8.02411630380786e-05 0.0008829199693930551 0.00042338714904254534 0.0014637157050866848 0.0010431233183538773 0.00019263709261080762 4.013403740959927e-05 0.0009319300092275516 0.0006420508263178394 0.0002594224506689425 0.00019052880043571383 0.0 0.0 0.0 0.0 0.0 0.0 0.0 0.0 0.0 0.0 0.0 0.0 0.0 0.0 0.0 0.0 0.0 0.0 0.0 5.903533623602737e-05 4.948273390573123e-05 0.0 0.0 0.0 0.00011490819890512584 0.0 2.10902990321086e-05 0.0 0.0 0.0 0.0 0.0 0.0 2.3279317850938167e-06 0.0 0.0 1.7496159023149436e-05 2.391303629794858e-05 0.0 0.0 0.0 0.0 0.0 4.363722912123048e-06 6.011458407710551e-06 0.0 8.011089749809219e-05 7.145614633912436e-05 0.0 0.0 0.0 6.635741768530492e-05 1.4659659559057179e-05 2.2453329013417754e-06 1.1030615646937602e-05 0.0 5.2335877976062755e-06 0.0 2.292608276811971e-06 0.0 0.0 0.0003174044285380307 0.0 0.0 0.0 0.0 6.693324256225105e-05 0.0 6.917639165564646e-06 0.00010812235843654384 5.0848310651393605e-05 2.4547434327216896e-05 0.0 3.0588891668674155e-06 0.0 2.2438529536738483e-06 0.0 0.0 0.0 0.0 0.0 1.0089045425512564e-05 0.00041442646548900224 3.217654472833006e-05 3.4413207948541847e-06 0.004928500021809997 6.343570843866985e-05 0.0017590264806529618 0.00016318660420339278 0.004494200004913117 0.0003774542180177372 1.1854823084701887e-05 0.00017379101130963125 0.00021560184237526936 0.0 8.843601342872802e-05 4.546186236704746e-05 0.0006697959363301644 8.016852846090113e-06 4.33002218719656e-06 2.7475229466647463e-06 0.0012637261543673168 1.4742737326764105e-05 0.002606010501383618 0.0005130799206779656
0.001341218135865295 0.0035335723836661223 0.0366423408344906 2.45372956235282e-05 0.00030887789628191884 3.6507502023950576e-05 1.972867009490066e-05 0.0 0.003114868117202808 2.358198262626731e-05 0.045995863738991956 0.001503859978312055 0.0055261271657116124 0.018413442273753404 0.001548501867125801 0.0012320594458445576 0.00015710989517613106 5.29223034460381e-05 1.1831900586988131e-05 0.000200087161310162 0.0007714921667568208 6.8636191536753565e-06 8.545530940148093e-05 6.378044864210608e-05 0.0001078754135391745 7.600072249797114e-05 1.9655579090937303e-05 3.546139044382167e-05 6.299392291768412e-06 2.8090131031531972e-06 0.02509600347551702 0.0624188767560209 0.005744533465419483 0.0001659002443399771 0.00010066399940013018 0.0001523892370085445 0.002020452149842694 0.0005983208128739786 0.0006532560369447595 5.74885070725204e-05 0.00027562269063365687 2.8106475804217774e-05 0.0004397669597675491 0.006326809678041886 9.54468573313117e-05 0.0003925286153597451 0.006140102023581191 0.0001167064579256607 8.191338837992165e-05 6.78855667328683e-05 3.37285592723878e-05 0.0 0.00010765245997937262 1.1746090935021463e-05 3.146840706731666e-05 4.8633048809751203e-05 0.001060618876799494 0.005700173246355866 0.0025894090086601373 0.0034299218844682953 0.002439732934118123 0.001869418454866978 0.00026611692889994665 0.01344018430104095 9.40135995339266e-05 0.00018853267949306646 3.785882838083126e-05 4.839507393285748e-05 0.00023660229310669672 0.0005060271174771395 0.002457556959108859 0.0001204277200778986 3.0204623206117728e-06 0.004942948435075384 0.007753341545222695 0.004931152097944447 0.009041863926169642 0.010918001843980866 0.022458898068024223 0.03740270563748637 0.007722652526951031 0.01505860376596822 0.0002548455256662789 1.6724318668710263e-05 9.256988944175434e-05 0.00010104973051226492 0.00011789879926049004 2.3475878774625716e-06 5.085816732541053e-05 4.34155687706553e-06 1.0291457756780669e-05 1.3551535642681654e-05 0.00013017659078173492 5.7460740098127425e-05 1.1193700215071693e-05 0.0012155230402686233 0.0002645009342860786 0.0 0.0006225429004828726 0.0007570221575852253 8.64312178481881e-06 0.0 1.978876001655525e-05 0.0 1.9937299217958247e-05 2.582574777443359e-05 0.0 9.53156663941096e-06 1.3802454447377484e-05 1.5152249265796626e-05 0.0 4.990701639013521e-05 7.222525723710584e-05 3.240954372375846e-05 3.870084920920635e-05 2.543692778997895e-06 0.0 0.0 5.098590269102437e-06 0.0 0.0 0.0 0.0 0.0 0.0 0.0 0.0 0.0 0.0 0.0 0.0 0.0 0.0 0.0 3.0631374158258743e-06 6.568875689493494e-06 0.0 0.0 0.0 9.338790355648235e-05 0.0 0.00010477641870093204 2.870200391335583e-06 0.0 8.350713259261083e-06 0.0 0.0 0.0 0.0 0.0 0.0 0.0 2.5471351999917126e-06 0.0 0.0 2.5672778643551856e-06 1.47202736836383e-05 2.3615457160969226e-06 0.0 0.0 0.0 2.6710048977872377e-06 0.0 0.0 0.0 0.0 1.203227194599731e-05 7.932947602516907e-06 0.0 0.0 0.0 0.0 0.0 2.2432350780514496e-06 0.0 0.0 5.2598283319220197e-05 3.0956794722227357e-06 0.0 0.0 2.0297693686713124e-06 1.0947992485165033e-05 0.0 0.0 2.215245555136979e-06 6.931646976457914e-06 5.0702394083157984e-06 0.0 0.0 2.1712543888935033e-06 0.0 0.0 0.0 0.0 2.1925818206586686e-06 0.0 0.0 0.00022097781428912465 2.3726645032425902e-05 2.6168736723322516e-05 0.009363947748737672 0.0002417335470246155 0.009990123993174735 0.0012169262058641997 0.0015330792118974992 0.001975906411701441 3.283835709374323e-05 0.0008088698051754511 1.7431093523504784e-05 0.0 7.002842676285504e-06 1.4397800269044764e-05 2.709022902177215e-05 5.020112781651606e-06 0.0 0.0 9.305276935650108e-05 0.0 0.0008629559309702396 0.00011689458426038368
0.002646102311020531 0.05617084505914317 0.02724299431864219 0.005030787242783756 0.05221396756065196 0.0009171999276282543 0.008125795021689041 0.003114868117202808 0.0 0.01728151736920258 0.016046063553220115 0.0037722067187665282 0.021956204332678895 0.0069881797171411405 0.0003164455371628611 0.0002164126964971104 2.608673629277645e-05 4.195919708382798e-06 0.0 0.0 1.313827720044822e-05 4.556071194615574e-06 0.0 0.0 0.0 0.0 0.0 6.9454807948707425e-06 1.0479933492682383e-05 0.0 0.006246844146607914 0.00014097543468718176 0.0005411669123591266 0.0 2.4897856599040523e-06 0.0 0.0003830082305696382 5.2435301730356495e-05 6.080169940014503e-05 6.2423970084636e-06 0.0 8.7824393847585e-06 0.0 9.86157615389275e-06 2.5988382794554264e-06 0.0 0.001630012460890336 1.8526684316417183e-05 1.554545264685732e-05 0.0 0.0 0.0 0.0 3.1718131191085766e-06 5.861037862033588e-06 6.67157525686518e-06 0.00014496477049341948 0.001018497018495515 0.00043070621678020803 0.0006633546232277053 3.3240559325428883e-06 3.4812417509563954e-05 6.045151849230881e-06 0.000494866353027031 3.357082375912622e-05 2.8625282940690077e-05 1.0548229385274923e-05 2.38221076253539e-06 2.3617439865978887e-06 3.0707131698143285e-06 0.001034654124712744 2.0768465545672774e-05 2.1530992851437987e-06 0.0006171001797932827 0.0005386753074662178 0.0008375547754272886 0.00039796632708906675 0.00010713525498993822 0.0 0.00010935435771558632 1.3638117942651578e-05 1.6025776288359437e-05 4.4921898149587335e-05 6.917509278154829e-06 2.555401461347305e-05 1.727713304011822e-05 9.18306718681303e-06 0.0 4.755247872698012e-06 0.0 0.0 0.0 0.0 0.0 0.0 0.018173336814426996 0.0005966321604164969 0.0 0.00023072871180304126 0.0005644284997693576 1.3225504486496799e-05 2.5957256753704607e-05 0.00025079955834241056 0.0 0.0003144160146207317 0.000588924028700273 5.459550213418745e-06 0.0006815063377657443 0.0004768353738943372 0.00012220152708542652 0.00015841728640853233 0.0009761195610902744 0.0010653153464717546 0.0005197653334961049 0.0005168738461363718 0.0 0.0 0.0 0.0 0.0 0.0 0.0 0.0 0.0 0.0 0.0 0.0 0.0 0.0 0.0 0.0 0.0 0.0 0.0 3.392015979184811e-05 5.947621942391684e-05 0.0 0.0 0.0 0.0003553826596631975 3.3683480248507895e-05 0.0002937880111813496 0.0 3.436449976522691e-05 1.9480499157494753e-05 0.0 0.0 0.0 0.0 0.0 0.0 1.0887319688700973e-05 3.455992245438544e-05 3.725802142076339e-06 4.988666270931001e-06 0.0 4.932639882962034e-06 0.0 0.0 4.531966357302179e-06 0.0 3.7228885368329564e-05 1.2399315557623877e-05 0.0 0.0 0.0 6.242801723065777e-05 2.315003941480302e-05 0.0 3.616593131609407e-06 0.0 0.0 0.0 0.0 0.0 0.0 0.00048649378226589 0.0 0.0 0.0 0.0 0.0001260605121762892 0.0 0.0 1.5209535683030917e-05 4.427213132405839e-05 1.200283808317835e-05 0.0 0.0 0.0 0.0 0.0 0.0 0.0 0.0 0.0 0.0 0.0010333317592019155 9.121275214066065e-05 2.2872745980191404e-05 0.011467123599075322 0.00018325251502118907 0.0035666401061448883 0.0006314177541527652 0.003156145845424221 0.0010110053765184446 4.3310568355046644e-05 0.0006202627466282739 0.0002891489055148303 0.0 3.3687537712688406e-05 9.682904894263822e-06 0.000779186126583196 0.0 0.0 0.0 0.00012677947176495229 0.0 0.0039305822071233395 0.001098714346789258
0.025428926631052277 0.10746407020829987 0.0020119098925103704 0.039336743674155586 0.017754190115231133 0.01823188893409306 0.033311897557873296 2.358198262626731e-05 0.01728151736920258 0.0 0.0015634977370080994 0.02643821965774204 0.12325121126205826 0.006308346795351828 6.869957193945684e-05 3.3077831846513386e-06 0.0 0.0 0.0 0.0 0.0 0.0 0.0 0.0 1.204114637176709e-05 0.0 0.0 0.0 0.0 0.0 0.0008489261146814831 1.5647320590867558e-05 4.2842000131083445e-05 0.0 0.0 0.0 0.00014490389072683042 0.0 2.6965454563078337e-05 6.5473350157813706e-06 0.0 5.818923589093648e-06 0.0 0.0 0.0 0.0 0.0004470975275989015 2.571305365412008e-05 3.0467145488407342e-06 0.0 0.0 0.0 1.424843682884489e-05 0.0 3.9805712385108326e-06 1.1560747063767665e-05 0.0002328474326018522 0.002105890540093987 0.0005398947410487864 0.0004589455791390451 0.0 2.1888540519969296e-05 0.0 0.00017227389540849618 2.548760087442183e-05 2.0890342017983072e-05 8.838769247984046e-06 0.0 0.0 0.0 0.0018504050362977387 2.8599640495410017e-05 0.0 0.0004129692102845447 0.00027065870701692776 0.00015720429196395796 3.233354866390646e-05 5.136639187505219e-06 0.0 7.161688119950517e-05 0.0 0.0 5.507303805198262e-05 4.626081722407796e-06 1.2142507512098836e-05 1.483855882976222e-05 1.2455340934008659e-05 2.090700119103467e-06 2.230592298862283e-06 7.3576742412704135e-06 0.0 2.2990071537554017e-06 0.0 0.0 0.0 0.021685952231117307 0.0005175497138571351 1.4542812683332614e-05 0.00026692548733263003 0.011940543247682579 2.537788101393965e-05 9.26445014637037e-05 0.0004464827949685766 0.0001767982892488793 0.00033895249288423544 0.0007592656502126113 0.00013253561340454862 0.0010304974212909175 0.0007022840048835137 0.00023585798625301978 7.910303249991651e-05 0.0011913396716514988 0.0010177261717190657 0.0005201997247413058 0.0003567069518372713 0.0 0.0 0.0 0.0 0.0 0.0 0.0 3.764732109844028e-05 0.0 0.0 0.0 0.0 0.0 2.6782108165963356e-06 0.0 0.0 0.0 0.0 0.0 2.7411427637971203e-05 9.889929240164606e-05 0.0 0.0 0.0 0.00012936087397469927 0.0 0.0001315309994356383 0.0 0.0 0.0 0.0 0.0 0.0 0.0 0.0 0.0 0.0 3.0674472500297357e-05 0.0 0.0 0.0 0.0 0.0 0.0 0.0 0.0 3.1758606697640156e-06 7.908020549575016e-06 0.0 0.0 0.0 5.3486651293414005e-05 2.917197581153912e-06 0.0 6.920358506180451e-06 0.0 0.0 0.0 0.0 0.0 0.0 0.000377760308017129 0.0 0.0 0.0 0.0 0.00013633876734319073 0.0 0.0 1.7625304334805364e-05 3.2368496065187e-05 2.320139390235534e-05 0.0 0.0 0.0 0.0 0.0 0.0 0.0 0.0 0.0 0.0 0.0009210227453473048 0.0 6.274924700364982e-06 0.01713864417384859 1.604517422444326e-05 0.0010767268561387125 8.703299511980968e-05 0.02498271742428775 0.00018235507435072448 0.0 0.00010587939041671818 0.0008859071835715065 0.0 2.4577856912421797e-05 2.0933503078241382e-05 0.0015077231384131807 3.523689644361738e-06 0.0 0.0 0.001029036658924078 0.0 0.017733258077736066 0.002424019960904148
0.006679756659457944 0.028257602292013427 0.04454203276946991 0.0020773620028396098 0.002934391747498268 0.0002737318789432709 0.0026797758882644664 0.045995863738991956 0.016046063553220115 0.0015634977370080994 0.0 0.007654254925233201 0.03588128762721121 0.047694017071244266 0.0019319564928032555 0.001825879545052424 0.00017475138526258776 1.5079399423503831e-05 3.6960688503375544e-06 7.405595573940084e-05 0.000729148269466305 7.159898404972354e-05 3.3788875181950134e-05 4.9151983911623383e-05 0.0005878211350787861 0.00018265863721049627 2.631220161611864e-05 5.5079194351037636e-05 2.290784835616962e-05 1.1656813572456262e-05 0.012364750330422008 0.007181323468773899 0.01294525213798831 5.633453937461841e-05 0.00020389510773005602 0.0010469095254249247 0.013830888970222858 0.003061305092921691 0.0034762502514404693 0.0006572043014213557 0.0004415459912027773 0.00011493194463005228 0.00023143069963913848 0.00018620444190607243 2.3751139734285588e-05 4.688937193843921e-05 0.004007941788031742 0.00010661274565765245 3.3305456295147724e-05 2.7759759572227503e-05 0.0001044016119899253 1.2883484432943716e-05 0.0003602323591515854 2.8187560548756293e-05 3.8677346062168324e-05 2.2457136110511563e-05 0.00040494747411694244 0.0025837485871628035 0.0011004155002018263 0.0011858569525184579 0.0003695199351240914 0.0026623990184859066 0.00016121352158484875 0.0017946788335089375 3.472659490931966e-05 9.79703857980445e-05 4.719822234876483e-05 5.733058785557017e-05 0.00020643254021914434 0.000670962244343583 0.0151832347785847 0.0005354403828234834 5.220340091072326e-06 0.0013437531927500748 0.0017400956188855722 0.002158742596301533 0.0014606917625118307 0.0007247992978794537 0.005335133699946052 0.007584972295994482 0.00010239418588586133 0.0018496813424950728 0.00015095479626460925 0.0 3.243750330378095e-05 3.3812055026681475e-05 4.5445379411961514e-05 0.0 1.3947798863596036e-05 8.611653626196571e-06 1.0996850180623043e-05 3.869242756851938e-06 0.00033618548338671214 0.00015172036560634643 6.3237548807330606e-06 0.0056679169434745 0.001606399067968062 2.2720057058129918e-05 0.0031332525719730405 0.001207948577870864 1.629563963710576e-05 0.0 3.1345807514628365e-05 0.0 7.930416517718603e-05 8.658794056336007e-05 0.0 0.00022866700186593164 0.000161163207410476 1.6330623253100233e-05 8.036179768963895e-05 0.00040025972703166467 0.0005677630456276194 0.0002472926800133624 0.0004832711799324736 1.853894916775349e-05 3.093017994222521e-05 0.0 2.5044372429749475e-06 0.0 0.0 0.0 1.1749651509048508e-05 0.0 0.0 2.8885699509332717e-06 0.0 6.404221345015528e-06 0.0 9.093238713181877e-06 0.0 4.112163370002157e-06 0.0 0.0 3.211233239879009e-05 8.113502796075326e-05 0.0 3.344028246129002e-06 1.09599465778386e-05 0.0005745695555936102 3.9890475654390305e-05 0.0005048631725243854 4.914498071428567e-05 9.598736234167907e-06 0.0 2.9109302101550007e-06 0.0 0.0 1.2485090006460782e-05 1.7578542237152467e-05 0.0 1.1247496262221627e-05 4.199755210760623e-05 0.0 0.0 4.904635388601573e-06 4.132655415312691e-05 1.4553361887885047e-05 0.0 0.0 3.7899276776929414e-06 6.905460197725955e-05 6.300804867929376e-06 0.0 0.0 0.0 0.0001559520537177372 3.4615512647252286e-06 4.6854714254870315e-06 0.0 0.0 0.0 0.0 0.0 0.0 2.4795850472630122e-06 0.000880653522706529 4.008266147646214e-05 0.0 0.0 2.5294672751872392e-06 0.00010841528226308724 0.0 1.215988855162742e-05 5.032942825305764e-05 1.5593865042955505e-05 3.286139127035141e-05 3.616977533601078e-06 8.247210392885225e-06 0.0 0.0 0.0 0.0 0.0 0.0 0.0 2.7899453481485344e-06 0.001097956741447521 0.0003491152053097483 0.0002428354636580929 0.019342025303943747 0.0003926906768116311 0.008718426662022195 0.0026360666078455016 0.0021881621017061023 0.0026979838300910945 0.00011725944689649962 0.0016040175228279228 0.00022267702809016917 7.468538405786739e-06 5.5478261885639666e-05 6.914618898884416e-05 0.0005420265452728589 1.6081253386113992e-05 0.0 0.0 0.000301302304753888 1.0587855161110899e-05 0.002011039874471041 0.0007473411927071185
0.0035293100111715384 0.01035607616878697 0.004954576705181425 0.009573046594843733 0.001673658691087677 0.00518903200998306 0.004235239603819627 0.001503859978312055 0.0037722067187665282 0.02643821965774204 0.007654254925233201 0.0 0.05140480525004119 0.004038338748999876 0.0002856031999545047 0.00022428746546513867 2.614241307724984e-05 2.9298193193919562e-06 6.320025574463354e-06 0.0 3.0940131907472695e-06 1.6643818012882223e-05 0.0 0.0 0.00019619741252790605 1.0499419638907452e-05 0.0 0.0 0.0 0.0 0.0012685249361702048 5.341460262579857e-05 0.0004170022817308599 3.345385994426944e-06 0.0 0.00012618884397194068 0.0018587780509420216 0.000701564531005449 0.0011958785457125913 0.00017677535420752163 2.7318393454046363e-06 6.227366283638815e-06 3.76742114339754e-06 1.1890977508236252e-05 0.0 0.0 0.0004191777012164914 6.506526900345752e-06 3.5674629153709877e-06 0.0 1.1536777778735544e-05 4.476799411259849e-06 8.921566725943995e-05 0.0 0.0 4.115220984370629e-06 5.6752797065911904e-05 0.00040092686376929623 8.958252635811052e-05 0.00014446329037788006 1.0032347143325528e-05 4.624617029429433e-05 1.2294094009711583e-05 9.592597921079773e-05 3.4765356589941728e-06 3.928124037717984e-06 0.0 0.0 4.6136056522929115e-06 9.67967672680115e-06 0.0029272903196709806 0.0001566613884874794 0.0 0.00013455295606841345 0.00014097706677711165 0.00015015295495325498 0.00011890204799537945 5.014016287453831e-05 4.627907429551387e-06 0.00013897871842723938 0.0 3.825429690120709e-05 2.2775635718937007e-05 0.0 4.921901714483169e-06 6.8974046493568495e-06 2.569269471305708e-06 0.0 0.0 4.003343617131e-06 4.82149146328871e-06 0.0 1.699228812953868e-05 7.369413271145482e-06 0.0 0.0425967442333473 0.0005333494223226095 0.0 0.0009391910395478787 0.0006832942729626841 1.1966050812575595e-05 0.0 0.00018581077258933445 1.5101525197510644e-05 0.0003140012282817399 0.00029521117417779987 4.291956274179412e-06 0.00038310955326977084 0.00027391669982549906 6.770845857312759e-05 2.9958446708098077e-05 0.000746105472012163 0.0006219620209220529 0.0004360596665813715 0.000362745026238885 2.688343046146226e-06 3.1771722898229603e-06 0.0 9.924062518490143e-06 0.0 0.0 0.0 0.0 0.0 0.0 0.0 0.0 0.0 0.0 0.0 0.0 0.0 0.0 0.0 3.454457975699687e-05 3.187873798490827e-05 0.0 0.0 0.0 0.0002649817602802888 1.1225110713395181e-05 0.00019319225668996888 1.2991538618900935e-05 3.6947100904554207e-06 0.0 4.082031109459385e-06 0.0 0.0 5.564580167285719e-06 3.248248420399457e-06 0.0 1.0073055921193825e-05 1.449523706967524e-05 0.0 0.0 0.0 1.0600529906360426e-05 0.0 0.0 0.0 0.0 0.0 2.7549499977774717e-06 0.0 0.0 0.0 7.347061064133893e-05 3.167182693643663e-06 0.0 0.0 0.0 0.0 0.0 0.0 0.0 0.0 0.0004508422496023741 6.8514145927566915e-06 0.0 0.0 2.34444670624012e-06 4.48570912108613e-05 3.231837692424579e-06 1.9218627526155237e-05 1.1620607558128279e-05 2.3376161660917286e-05 0.0 0.0 0.0 0.0 0.0 0.0 0.0 4.904527553727067e-06 0.0 0.0 0.0 0.0008008760722883082 2.888823312309148e-05 3.5442245201468156e-05 0.005031017941639056 2.2642163457072745e-05 0.001130013647934717 0.00045188735506086904 0.003420522220921354 0.0003148846890610348 9.851431987649436e-06 0.00023886451096668098 0.00032800839600978065 0.0 6.032756908167923e-05 7.5183510367187885e-06 0.00039297381295419904 8.793673027172942e-06 0.0 0.0 0.00017182771212640891 0.0 0.004848410155349503 0.0009404234786637263
