0.0 0.055769185670522956 0.020965530413972013 0.03183119793994976 0.006305449739812748 0.0023114790464483356 0.013644871530210718 0.003352736937950792 0.00047066078723649585 0.037368204068637674 0.0025707128571426873 0.005196324465882303 0.004823470537740981 0.0022069388682222422 0.00013113510798180096 3.2321737797051526e-05 1.4041444294884874e-05 7.58854853186805e-06 0.0 0.0 0.0 0.0 1.9707643994176524e-06 2.589332843056691e-06 1.2203360621562375e-05 0.0 1.070268745952301e-05 0.0 5.419459790470362e-06 8.602607301230402e-06 0.012282588614574373 1.9010369618983663e-05 0.002779536846998484 6.620664761978725e-06 2.339164509427461e-06 3.9296286831597866e-05 0.0014099686265757639 0.0001945796090528512 6.415202178857934e-05 1.1632441451515874e-05 4.408586248998606e-06 0.0 0.0 3.1608786996588794e-06 1.9920009099225666e-06 5.9817085959475535e-06 0.00011904306037297849 3.210576744348374e-05 1.5117835737614988e-05 1.0456430857410511e-05 8.290570906679867e-06 1.5420943306556414e-05 2.9593349998964626e-06 0.0 7.586085760038533e-05 0.00013837100091720564 0.006441504866527284 0.012340560250120617 0.0003895116382230632 0.0005169266948491705 6.036604383046092e-06 9.841975357293441e-05 6.5495015365093575e-06 0.00043537693105254405 7.260789216501604e-05 8.713189899984717e-05 2.4583318564597324e-05 2.757957781973017e-05 0.0 3.2232396716806354e-06 0.001224154895709176 1.086753792396982e-05 0.0 0.0038163441426428287 0.0007432595370044868 0.0005150080539978021 3.725358656770334e-05 0.0 1.0161907385020464e-05 0.0005955834730130654 1.2732093358785844e-05 3.246898444063107e-05 7.786562892107322e-05 1.900695182760935e-05 0.00011243020724005065 3.6936688807410896e-05 1.2952021579251714e-05 0.0 4.1494944407784804e-05 9.038622671526898e-06 1.7474955828754174e-05 0.0 1.7561458296743417e-05 2.30058984238884e-06 1.2361151858140514e-05 0.0009609116253828331 0.0001769673599889081 1.1190403270114811e-05 3.737805433838191e-05 0.020658239989769685 0.0 0.0 2.5526920888812156e-06 0.0 0.0 3.8766349772263264e-05 0.0 0.0 0.0019123221539968805 1.7941933871179304e-05 0.0 8.021223117430487e-05 0.0002761477863548631 2.4778655426250727e-05 3.373801545452164e-06 0.0 0.0 0.0 0.0 0.0 0.0 0.0 0.0 0.0 0.0 0.0 0.0 0.0 0.0 2.451635537390142e-06 0.0 2.471322310698232e-06 0.0 0.0 0.0 0.0 0.0 0.0 0.0 0.0 1.3228803682165408e-05 8.617807280071234e-06 0.0 0.0 0.0 0.0 0.0 0.0 0.0 0.0 0.0 0.0 0.0 0.0 0.0 0.0 9.631471240333644e-06 0.0 0.0 0.0 0.0 7.849251511090213e-06 1.4022704068676084e-05 0.0 0.0 0.0 2.518277666993475e-05 0.0 0.0 0.0 0.0 0.0 0.0 0.0 0.0 0.0 3.169321457296591e-05 0.0 0.0 0.0 0.0 2.0992362752798538e-05 0.0 1.520552743509989e-05 8.63954819264519e-06 0.0 0.0 0.0 0.0 0.0 2.4129749453475813e-06 0.0 0.0 0.0 0.0 0.0 0.0 2.7433333634529932e-05 2.684890948926325e-05 1.4958141802446589e-05 0.00282018576112595 7.656784784678227e-05 0.001516983647122097 0.0003053826207063971 0.015105017597996817 9.053567259303124e-05 1.3939800846460697e-05 3.8272061470651474e-05 0.0001795552652077476 0.0 2.9629724231271583e-05 0.0 0.00011102043690094285 0.0 0.0 0.0 4.379125343560605e-05 0.0 0.0040750239850608745 0.0
0.055769185670522956 0.0 0.04434098627106226 0.0519142004536765 0.06393116594406684 0.0012383024006151129 0.07662473077359651 0.023065611710385042 0.04283359956207578 0.027078731133205625 0.025280589683729923 0.007175582935086128 0.015547362819622193 0.017761528962724902 0.0005787297983540728 7.527906454391197e-05 3.205298599460592e-05 1.5980010657296876e-05 1.7085185432784215e-06 0.0 2.181512365021369e-06 3.632434160846836e-05 7.063945854564537e-06 0.0 1.4175877993964615e-05 0.0 0.0 0.0 1.3944482129859029e-05 2.84658510156171e-06 0.03615145713197059 0.0003818496665180673 0.004751725915396296 4.07827767082562e-06 0.0 2.9114907914546658e-05 0.0019285915995140585 0.00021988519570686156 6.940162997066092e-05 8.452783765067587e-06 1.1308922492217156e-05 2.3139680739405343e-06 2.9135031859182165e-06 1.4716452946102465e-05 1.0845298440564615e-05 1.8099431316276905e-05 0.0012054244148707934 8.6864764336847e-05 2.228813702375394e-05 2.2121246483614764e-06 2.1440802089732704e-05 9.22396993681396e-06 2.7280043942020527e-05 6.591040530430439e-06 0.00014714479072109742 0.00030735142272279056 0.0034698618020185296 0.01560280102554456 0.0005072054300931417 0.0015904966947169997 2.4140061997511646e-05 9.553196803225757e-05 1.426878350406389e-05 0.004628039230273169 0.00012882356981894992 0.0002159752783911128 2.6226909705197368e-05 7.495125276455609e-05 3.265346919724585e-05 8.919251402678884e-06 0.00188114725191071 2.440618442623385e-05 0.0 0.007315810046090755 0.003669271807452399 0.003154867440750898 0.0005272384341741965 1.869974078233202e-05 5.2650626773013775e-06 0.0006156425182015519 1.0609301729840833e-05 3.019743930765817e-05 0.00016851150539111485 1.731534747557573e-05 0.0002471288835963164 8.005667090070331e-05 5.2516072676024334e-05 4.800546960787585e-06 6.638099202538804e-05 0.0 7.273426675045268e-05 2.579631035426105e-06 4.99118041464044e-06 9.725825470010338e-06 4.284899178156251e-06 0.0005391955891312235 3.836102523551008e-05 0.0 4.1462927482164716e-05 0.011740885894358703 0.0 0.0 9.989912625236013e-06 0.0 0.0 0.0008048982899878293 0.0 7.02195871286841e-06 0.0015426201638956262 1.4523976306586233e-05 3.3022186423687376e-06 8.827890330210325e-05 0.00010752281005001126 3.5957168459492885e-05 1.3871917520742554e-05 4.45542446601702e-06 0.0 0.0 0.0 0.0 0.0 0.0 0.0 0.0 0.0 0.0 0.0 0.0 0.0 0.0 0.0 0.0 0.0 0.0 0.0 0.0 0.0 0.0 0.0 1.1079952080019214e-05 4.6786589983111765e-06 0.0 1.099030451677595e-05 4.027330317740505e-06 0.0 0.0 0.0 0.0 0.0 0.0 0.0 0.0 0.0 0.0 0.0 0.0 0.0 5.556243478380436e-06 0.0 0.0 0.0 0.0 0.0 0.0 0.0 0.0 9.5805919755251e-06 0.0 0.0 0.0 0.0 0.0 0.0 0.0 0.0 0.0 6.236811494503696e-05 1.5205445283249815e-05 0.0 0.0 0.0 2.2210500095293057e-05 0.0 4.8869701925456496e-05 0.0 0.0 0.0 0.0 0.0 0.0 0.0 0.0 0.0 0.0 0.0 0.0 0.0 1.8294027096209687e-05 8.905500143415473e-06 2.3058841946875444e-05 0.005605534299950755 0.00029036469362396305 0.005532909051449465 0.0009455663098003041 0.009462793160146764 0.000425788613201465 2.3468357943052412e-05 0.0003173427473651073 0.00017312774973571519 8.464523418799618e-06 2.9913508964745956e-06 8.995965108991638e-06 8.183568276313296e-05 0.0 2.5629741046721447e-06 6.112909902713377e-06 0.000241949295374083 0.0 0.0013616936467615154 1.9980436844412252e-05
0.020965530413972013 0.04434098627106226 0.0 0.007143719343235837 0.0369777046779025 0.000373657639413911 0.0034917371587534917 0.07591842048142643 0.027399484084990145 0.005235400091301035 0.024951463443558558 0.004628974779143472 0.012069528909630102 0.016571036584405507 0.00025561543503039793 7.686153350750714e-05 2.2773845344982213e-05 1.583680591904241e-05 2.393944186291135e-06 1.1541058923522376e-05 5.2472561351673466e-05 1.7600470992644443e-05 3.961661644683814e-05 3.22782141241971e-05 6.500202399936959e-05 1.796269307772021e-05 1.6584218477323197e-05 1.0630890172697219e-05 3.191372540269004e-05 2.9857354144805256e-06 0.08345770079720352 0.005679193967159669 0.0077783780686399235 4.612770470439011e-06 4.130196902593034e-05 7.769216709046301e-05 0.002671602040275135 0.00038859376640711427 0.00010483845735863457 1.209920665376158e-05 2.67009857360718e-05 5.227371957309286e-06 1.8460325079684962e-05 5.513433446127606e-06 1.4673623533559326e-05 1.772777789009992e-05 0.000531802324122334 2.3941748460472226e-05 5.812659468783229e-06 2.9894488153095158e-05 1.7106304632505306e-05 2.8683755796568994e-06 1.675665195199803e-05 2.437156711157234e-05 4.0707905844592826e-05 0.00010856826934885765 0.0023161942909755697 0.017350351107682908 0.0001988853869779231 0.0006267818703568504 2.835157796366958e-05 0.0008155853342944393 3.7161788649770644e-05 0.00474965975674879 5.057005347719268e-05 8.284751194157466e-05 1.0072867642563555e-05 5.55328211856897e-05 5.5373164467538967e-05 4.9321305394921e-05 0.0022748255156878425 2.964663722196743e-06 0.0 0.003416831789941041 0.0016060888143519657 0.0012471101047264981 0.0003453854549533336 3.36251021100217e-06 0.0003444393632051024 0.00681129366540802 2.7758164450824947e-05 0.0009785918915479496 8.691385032452738e-05 2.068898814746762e-06 9.485869674688811e-05 6.203205213571185e-05 1.5218080718010954e-05 5.467423436382707e-06 1.4926959258351785e-05 2.4616362817110864e-06 1.7628029765465267e-05 0.0 4.425298164894809e-05 9.671396010428196e-06 2.2786239469402944e-05 9.403820231439729e-05 1.028813241635846e-05 0.0 9.98157721382578e-06 0.0038081553276931605 0.0 0.0 0.0 0.0 5.254057759531188e-06 6.176532137168229e-06 0.0 0.0 4.3271686718164246e-05 0.0 0.0 3.9077939219587715e-05 3.3677559925202025e-05 3.1164302610933815e-06 1.2357406488407862e-05 0.0 0.0 0.0 0.0 0.0 0.0 0.0 0.0 0.0 0.0 0.0 0.0 2.4389205233838373e-06 0.0 0.0 0.0 0.0 0.0 2.762903409101038e-06 0.0 0.0 0.0 0.0 0.0 2.4901718383142304e-05 1.0179450835425861e-05 1.824212427766159e-05 8.851593780164708e-06 4.589563516081252e-06 0.0 0.0 0.0 0.0 0.0 0.0 0.0 0.0 0.0 0.0 0.0 0.0 1.4750001429178034e-05 0.0 0.0 0.0 0.0 0.0 0.0 0.0 0.0 8.037783661253883e-06 2.4764077674783752e-05 0.0 0.0 0.0 0.0 0.0 0.0 0.0 0.0 0.0 5.104482702701126e-05 2.608825127433705e-06 0.0 0.0 0.0 5.224596974148083e-06 0.0 2.6824358606101322e-05 0.0 0.0 0.0 3.4573717583668025e-06 0.0 0.0 0.0 0.0 0.0 0.0 0.0 0.0 0.0 1.5736188253948715e-05 8.257864522944319e-06 4.168692899373557e-06 0.0019448302705022803 0.00013457804228142177 0.0019383750911236399 0.0004425895302510519 0.0015180629877990942 0.0001456652070880692 8.245748582867682e-06 0.00013218504790086282 1.2636805273527396e-05 0.0 1.4466621623716237e-05 0.0 4.285696617075059e-05 0.0 5.2911303683172885e-06 0.0 0.00018120578848953385 2.5091637853379584e-06 0.0003021979948053496 3.5797112644567356e-05
0.03183119793994976 0.0519142004536765 0.007143719343235837 0.0 0.0073633270215893035 0.006246804463383563 0.01695685948982202 0.0001880551156371495 0.00037603277305612567 0.05320121039721188 0.004734184772960516 0.042128530421943235 0.022784968057871977 0.0003253878036089304 5.698833758527879e-05 2.8693981043544955e-06 2.5488443294732075e-06 0.0 0.0 0.0 0.0 0.0 0.0 0.0 0.0 0.0 0.0 1.4513699779019109e-05 0.0 0.0 0.0012212717111866247 1.3750593816276057e-05 4.751964208928683e-05 0.0 0.0 0.0 7.128084479427304e-05 6.474122840637074e-06 2.5376476668838433e-06 0.0 0.0 0.0 2.3928089814985526e-06 0.0 0.0 4.192962168051496e-06 0.00011405033725292797 1.4632075792781554e-05 2.3493798089977653e-06 0.0 1.0056642394913224e-05 0.0 0.0 0.0 3.1792912103037355e-05 9.993665524125696e-05 0.001464554065766107 0.004284288058947383 0.00015522990911211702 0.0004120327222201755 2.624417514276567e-06 4.76781793812884e-06 0.0 0.0006966750536070914 5.5545055122578144e-05 6.850992171813751e-05 9.958951496670325e-06 4.335223257674857e-05 0.0 0.0 0.00015691051129049238 0.0 0.0 0.002416657771796278 0.0008739514839485976 0.0005003488684375097 2.256632925717143e-05 1.808936745738221e-06 0.0 0.0 7.5170764223026786e-06 1.4260989025712398e-05 2.867107542697547e-05 2.9836687552041038e-06 7.90245759413421e-05 2.5090976693918124e-05 2.082380156303184e-05 0.0 2.2527826623070246e-05 3.4085636120165265e-06 9.758126068198336e-06 0.0 0.0 7.909680113811765e-06 0.0 0.00047177102935762484 6.117263093232393e-05 0.0 1.2323782199240992e-05 0.006435979559651968 0.0 8.856597874026946e-05 5.066443652004435e-05 0.00023640013770715533 2.9473514632191123e-06 0.0001840618303152319 7.516557990961538e-05 4.2424762714900385e-05 0.0009392890560648037 8.279590548711203e-05 1.1460032159327183e-05 0.00041997420007366905 0.003098092355304841 0.0011313450815387915 2.281133711686139e-05 0.0 0.0 0.0 0.0 0.0 0.0 0.0 0.0 0.0 0.0 0.0 0.0 0.0 0.0 0.0 0.0 0.0 0.0 0.0 0.0 0.0 0.0 0.0 0.0 2.0376285276738816e-05 0.0 3.0361265703844425e-06 0.0 0.0 0.0 0.0 0.0 0.0 0.0 0.0 0.0 0.0 0.0 0.0 0.0 0.0 0.0 0.0 0.0 0.0 0.0 2.2538387509233244e-06 0.0 8.534405487024598e-06 0.0 0.0 0.0 0.0 0.0 0.0 0.0 0.0 0.0 0.0 0.0 0.0 1.3245814431847774e-05 0.0 0.0 0.0 0.0 0.0 0.0 0.0 0.0 0.0 0.0 0.0 0.0 0.0 0.0 0.0 0.0 0.0 0.0 0.0 0.0 3.273916558236379e-06 0.0 0.0 0.0030200412604356403 6.0714158950767955e-05 0.0013800222580715369 0.00016467333631119165 0.015361633125982065 7.529211999930117e-05 2.6677724242489976e-06 3.783803009326035e-05 0.00010345765969600527 0.0 3.0806038221249144e-06 0.0 0.0002338255899675212 0.0 0.0 0.0 2.3949436604487495e-05 0.0 0.00470740554676287 8.724695069354696e-05
0.006305449739812748 0.06393116594406684 0.0369777046779025 0.0073633270215893035 0.0 0.0001331269968976565 0.04346172418144018 0.023267272328008747 0.15602631862931218 0.019746588720140804 0.04637702153649441 0.004566641034714533 0.031034799339003265 0.06074666186272211 0.0006199011937888348 6.150061919237651e-05 1.1353304729083009e-05 2.2133166219690384e-06 0.0 0.0 1.9875952382634223e-06 1.965066594066512e-06 1.9134608256318384e-06 5.6925424875257675e-06 4.7482472750556155e-06 2.9482577061748487e-06 0.0 2.076785392353975e-06 1.9229028001666747e-06 0.0 0.005654814391529016 0.00025298560115374696 0.0005664168320718947 1.8195053497159456e-06 0.0 8.288438217210799e-06 0.00010681411193696912 3.0304881064531903e-05 7.511068806717769e-05 1.8822380116948677e-05 0.0 3.7396496313928334e-06 0.0 1.082628706179848e-05 4.763977896535558e-06 1.5435538037215797e-05 0.0012946818456668271 1.2908961661308781e-05 6.722354517291254e-06 5.326525467196111e-06 2.4683701951137374e-05 0.0 0.0 0.0 4.596398327048412e-05 0.00013293037579163283 0.0006599071691863646 0.00324234776135405 0.000129708939001472 0.000911682917128436 1.2247745945554119e-05 2.4192357395568765e-05 0.0 0.0028542433471057563 4.36151135232862e-05 9.030189449678047e-05 2.1318462206327382e-05 1.95930929293919e-05 6.144080441318612e-06 2.550037503629727e-06 0.0001858485442137433 3.0258697661216173e-06 0.0 0.002475713852753684 0.002088330686299698 0.002493322044648181 0.0005246501984613797 1.2885872360748832e-05 0.0 0.0003214133998349845 1.976316595330977e-06 3.259969660945031e-05 4.958910653409944e-05 1.549618068066573e-05 9.039918698427655e-05 3.854542372410692e-05 1.5436717490812805e-05 1.907531657345935e-06 3.458079996498087e-05 0.0 2.8296478597769273e-05 2.031554881896322e-06 0.0 1.945235411869564e-06 2.1149005921559556e-06 0.0005362445631306603 1.627827075256289e-05 3.356841561839992e-06 5.2405458554284534e-05 0.0005566024391896885 1.882668974469124e-06 0.0 0.0 0.0 3.463682049494538e-05 0.0001365535824645914 0.0 6.8415182626766514e-06 0.00012520525383942922 6.40061394831362e-05 0.0 0.00012130471006692471 7.778590286591972e-05 7.87157348935948e-05 0.0 0.0 0.0 0.0 0.0 0.0 0.0 0.0 0.0 0.0 0.0 0.0 0.0 0.0 0.0 0.0 0.0 0.0 0.0 0.0 0.0 0.0 0.0 0.0 0.0 8.659025212899747e-06 0.0 1.88478969275002e-05 3.036678479890793e-06 0.0 0.0 0.0 0.0 0.0 0.0 0.0 0.0 0.0 0.0 0.0 0.0 0.0 0.0 0.0 0.0 0.0 0.0 0.0 0.0 0.0 0.0 0.0 3.264004483031281e-05 0.0 0.0 0.0 0.0 0.0 0.0 0.0 0.0 0.0 4.1698677737338276e-05 0.0 0.0 0.0 0.0 0.0 0.0 1.0763011957499271e-05 0.0 0.0 0.0 0.0 0.0 0.0 0.0 0.0 0.0 0.0 0.0 0.0 0.0 6.012527785325096e-05 4.81817307756404e-06 3.292188913365827e-05 0.005978778334298742 0.00014746043013457566 0.004169493538784379 0.0007904310176665782 0.00149592349177078 0.00038198032500519737 1.0213907791048087e-05 0.00045201807235812654 0.00012263166105073712 0.0 2.5001492576840045e-05 0.0 0.00010351727552708275 0.0 0.0 0.0 0.00041342039748476684 3.956808013907318e-06 0.0005235036359611399 0.00014846469688362864
0.0023114790464483356 0.0012383024006151129 0.000373657639413911 0.006246804463383563 0.0001331269968976565 0.0 0.0011964906484882073 2.9355923605939738e-05 0.00020708585771440284 0.03732520665864827 0.00022367548226368054 0.0020995294289258837 0.0018828113889031506 5.8735380887060606e-05 3.4491466259536445e-06 2.63745564745937e-06 0.0 2.1851815856487335e-06 0.0 0.0 0.0 4.33855994339176e-06 0.0 0.0 0.0 0.0 0.0 3.931113179096133e-06 0.0 0.0 0.0008045636515440885 0.0 2.0777496218243458e-05 0.0 0.0 0.0 0.0004706077428673964 4.208530200901225e-06 0.00010097285796462894 2.014153439281868e-06 4.8868859826116475e-06 4.685975486670685e-06 0.0 0.0 0.0 2.8995939687134286e-06 3.070810772773577e-06 0.0 0.0 0.0 0.0 0.0001344017905465419 8.519762562899932e-06 1.1009948413335564e-05 0.0 1.7395144534624705e-05 0.004431076748668017 0.004970819193165989 8.718145646025377e-05 5.799408152407018e-06 0.0 1.3932031065116325e-05 0.0 0.0 2.0352337069153446e-06 0.0 0.0 0.0 0.0 3.0223099669563584e-06 0.0012758157268072537 0.0004663150094212661 8.622414489598904e-05 0.00020713163396011506 6.231337883094974e-06 5.378493115387901e-06 0.0 0.0 0.0 8.917998372581497e-06 0.0 0.0 0.0 2.1306473352933224e-05 0.0 2.174321591288383e-06 0.0 8.705610542855665e-05 2.450618843930341e-06 0.00014348164229885187 2.8911825797049008e-06 2.3056196794508628e-05 0.0 0.0 8.7148924156117e-06 0.0034798729854556686 0.00183215670135516 3.9200482338780805e-05 0.0003786148947161171 0.009081989742202728 0.0 0.0 0.0 0.0 0.0 0.0 0.0 0.0 0.00010280208553130774 0.0 0.0 3.1914004273062096e-06 7.037056096225498e-05 1.141297784349646e-05 0.0 0.0 0.0 0.0 0.0 0.0 0.0 0.0 0.0 0.0 0.0 0.0 0.0 0.0 0.0 0.0 0.0 0.0 0.0 0.0 0.0 0.0 0.0 0.0 0.0 2.2408719646499825e-06 0.0 0.0 0.0 0.0 0.0 0.0 0.0 0.0 0.0 0.0 0.0 0.0 0.0 0.0 0.0 0.0 0.0 0.0 0.0 0.0 0.0 0.0 0.0 0.0 0.0 0.0 0.0 0.0 0.0 0.0 0.0 0.0 0.0 0.0 0.0 0.0 0.0 0.0 0.0 0.0 0.0 0.0 0.0 0.0 0.0 0.0 0.0 0.0 0.0 0.0 0.0 0.0 0.0 0.0 0.0 0.0 0.0 0.0 0.0 0.0 0.0008293872409452044 2.595688034715426e-06 6.0664789462026656e-05 3.83474923046499e-06 0.009924052965935582 0.00011100020524991517 7.49193006685797e-06 3.8505734947635975e-06 0.00010156534139504569 0.0 0.0 0.0 2.290221112661799e-05 0.0 0.0 0.0 0.0 0.0 0.004174299409493764 1.8034490021532015e-05
0.013644871530210718 0.07662473077359651 0.0034917371587534917 0.01695685948982202 0.04346172418144018 0.0011964906484882073 0.0 0.0015722423896696177 0.04070323305096222 0.0649466182722412 0.00437311069138675 0.020816049663349667 0.07169807816663182 0.058387605323160376 0.0007825800099238706 7.569055046942078e-05 2.0894981939200598e-05 2.815213556759635e-06 0.0 2.1142725335443165e-06 1.823807602657772e-06 0.0 0.0 0.0 2.4867167784701413e-06 0.0 0.0 0.0 0.0 1.932987239900637e-06 0.004898120986618538 0.0001316051556564028 0.00019140315065786702 6.609756231139101e-06 0.0 1.2345043921274008e-05 0.00016898524715485818 3.2108944953559606e-05 6.69588194971486e-05 5.714375670862438e-06 0.0 6.579069856777632e-06 2.2878593927530837e-06 5.888628663235489e-06 2.2117447603700014e-06 1.659931743854463e-05 0.0016868027453311165 3.229932697815942e-05 1.7630373408536824e-05 3.5256565819576516e-06 1.1445634147189795e-05 0.0 2.4773989749988836e-06 2.7208905413558283e-06 7.29985579990011e-05 0.00020282715674408485 0.0012702512976430686 0.005363989298699407 0.00023353761994887484 0.001259219154166639 1.66660736202989e-05 5.6474006118825595e-05 0.0 0.0034997249074788686 7.545377168680484e-05 0.00017093942785700826 7.697892472811065e-06 4.329943877936719e-05 5.161076443340614e-06 0.0 0.0003364078493250243 3.2785091725188672e-06 0.0 0.004285715455917791 0.0028651918721758064 0.0029853371477995844 0.0007201096370208503 1.3711259716268473e-05 0.0 1.978814749053335e-05 9.657189057082007e-06 1.2801154766045042e-05 8.676508515802388e-05 4.350932800945249e-06 0.00014767055878842441 6.380447246984516e-05 3.792920698436817e-05 3.604138868391437e-06 3.0108315869788235e-05 0.0 3.3114912022950056e-05 8.238549233785002e-06 6.186893903711319e-06 1.13481790710635e-05 1.8860305115494428e-06 0.0020295084842846534 0.00011492297512827932 0.0 9.819739732795597e-05 0.001985763640641595 2.6300945672814465e-06 2.1860535272056894e-05 0.00031548897611856044 0.00020316803152513763 0.00011694825851392995 0.0013324440732704332 6.956844573375077e-05 0.0014311459970100015 0.0007974341135257373 0.00033724764481159403 1.270262296901108e-05 0.0021570030645876614 0.0006520044635759665 0.00039789121577135005 4.19847220754572e-05 2.883143017859134e-06 0.0 0.0 0.0 0.0 0.0 0.0 0.0 0.0 0.0 0.0 0.0 2.524537672270601e-06 0.0 0.0 0.0 0.0 0.0 0.0 2.368233812946305e-05 2.74143694201871e-05 0.0 0.0 0.0 1.8462974176712647e-05 1.659147956892368e-05 3.84782732477737e-06 1.4684112043770902e-05 2.5238997691575126e-05 0.0 0.0 0.0 0.0 0.0 0.0 0.0 0.0 5.969517707314586e-06 0.0 0.0 0.0 0.0 0.0 0.0 0.0 1.7736515828424824e-06 2.604108650800225e-05 9.469769987308712e-06 7.204369435406022e-06 0.0 0.0 5.5506657622264214e-05 0.0 0.0 0.0 0.0 0.0 0.0 0.0 0.0 0.0 0.00019341244410346292 0.0 0.0 0.0 0.0 4.357813387129078e-05 0.0 1.074914184388909e-05 1.9054907241185986e-05 2.3312750162013516e-06 8.62596792585469e-06 0.0 0.0 0.0 0.0 0.0 0.0 0.0 2.7348021596585295e-06 0.0 0.0 0.00016569156390105455 2.4048379332278836e-05 9.081409996253735e-05 0.011263839081421588 0.0002727335484339536 0.0059121972699320915 0.0011609913237801519 0.007298780811556097 0.0003389362875808571 2.1230185669993305e-05 0.0006113990431076308 0.0008308525231245328 0.0 4.432005271754316e-05 0.0 0.0007414265570362886 0.0 0.0 3.762766716085791e-06 0.00031286871559080184 1.3275726623638807e-05 0.0020712155108109473 0.0006030847603300032
0.003352736937950792 0.023065611710385042 0.07591842048142643 0.0001880551156371495 0.023267272328008747 2.9355923605939738e-05 0.0015722423896696177 0.0 0.016724082431358128 0.00018375014585303282 0.045645517530310424 0.004418025701866113 0.015588697182203102 0.0279395048114197 0.0016141560419909173 0.0006315420737274643 0.00012155188148734265 0.00022645322274282334 8.615590895189144e-06 0.00024188907206523305 0.0008730949226243329 8.33469451099893e-06 0.0006958617732732848 0.00026161835389628036 0.000267157203478354 2.0343308940994875e-05 0.00025952220502130173 5.110929856409987e-06 4.9479561243945604e-05 3.0156980807798603e-05 0.05145017606799772 0.019855435588709173 0.016890667411721363 0.00019213608974093311 0.00024110280065282473 0.00023304829265856833 0.0044495701125119936 0.0011556028366092159 0.0001963822218212036 7.128316905705427e-05 8.309224693363737e-05 4.896842323771871e-05 0.0003048453736759688 0.0006963689041901064 9.629671703200209e-05 0.0003403451295526069 0.002212190156143822 3.2888824300305484e-05 5.845401080055327e-05 0.00027965180681502013 2.8280723279282207e-05 3.0494147093122435e-05 2.749849994645081e-05 5.516964637926285e-05 2.3649236079092568e-05 0.00010475071095041864 0.0006336592891495167 0.005039216002248501 0.00011038774622841261 0.000726787513257359 0.0010657574987038834 0.005524258376397578 9.988998561561358e-05 0.00992927623355902 5.4554450449151733e-05 0.00010013152183073315 2.0173614261505533e-05 0.0003028516777624254 0.0010280392840825853 0.0005375217234045545 0.0027660101632805494 1.7031493453275816e-05 0.0 0.002257094090186996 0.0033729637492226202 0.0041816427863767625 0.0027347849122291963 0.0009851400208570006 0.010962701516760582 0.021419547933387708 0.0034350633926076408 0.015381397874430406 3.965677601000732e-05 0.0 6.315967065943411e-05 3.000271712707087e-05 0.00012067339865363938 0.0 1.8687894965770766e-05 0.0 3.870710319574364e-05 2.112720566756571e-05 0.0003152979061794081 1.3159242503526004e-05 6.84293789466791e-05 4.234036326567027e-05 6.227685538755809e-05 0.0 6.701791977820244e-05 0.0010577957713626348 1.1867161635684104e-05 4.168852057863889e-06 0.0 1.1263526306003401e-05 0.0 9.46113426715217e-06 0.0 0.0 0.0 3.7313329142449326e-06 0.0 8.527600706932069e-05 5.859562789856526e-05 7.957017587689404e-06 2.528727931145414e-05 7.238093198629351e-06 0.0 0.0 0.0 0.0 0.0 0.0 0.0 4.123488114964988e-06 0.0 7.68171490410504e-06 0.0 4.840364024489973e-06 0.0 2.321998031394641e-06 0.0 1.132845748183565e-05 2.503216951831685e-06 0.0 4.832205436790443e-06 1.6168172866874717e-05 0.0 5.6179870252241724e-06 0.0 4.285479489220789e-05 1.0488963333054254e-05 6.957678834845477e-05 4.727039817835467e-05 1.2199056139029628e-05 0.0 0.0 0.0 0.0 0.0 0.0 0.0 0.0 0.0 0.0 0.0 0.0 1.205572362806471e-05 2.846869288650592e-06 0.0 0.0 0.0 0.0 2.319202364489976e-05 0.0 0.0 3.989034178059967e-06 5.4099187363451534e-05 0.0 0.0 0.0 0.0 0.0 0.0 0.0 0.0 4.452698533856071e-06 7.217448009937984e-05 8.171166708489029e-06 0.0 0.0 0.0 1.814291468498776e-05 0.0 6.670030203154961e-05 0.0 0.0 5.270897345233647e-06 0.0 0.0 0.0 0.0 0.0 0.0 0.0 0.0 0.0 0.0 1.6363332561803422e-05 5.218395006837693e-05 5.652824451961652e-05 0.007285888246477926 0.00021653676073183427 0.005066090898134463 0.0013240380441984778 0.0005828735637409257 0.00021733322531941065 3.32051329340739e-06 0.0005375764114966834 0.00019173426669096726 0.0 1.5425192735344122e-05 0.0 3.605689223013439e-05 0.0 2.5100225208563847e-06 0.0 0.0003514065906060794 4.361585786363968e-06 0.000137943022364643 2.9342804006934846e-05
0.00047066078723649585 0.04283359956207578 0.027399484084990145 0.00037603277305612567 0.15602631862931218 0.00020708585771440284 0.04070323305096222 0.016724082431358128 0.0 0.00908082486858678 0.03861436361145767 0.003203950766471231 0.03482162764783467 0.04401526194311869 0.0009593751244097691 0.00012772675669544287 2.6047398479898532e-05 0.0 0.0 0.0 0.0 0.0 0.0 0.0 0.0 3.4579854103909544e-06 0.0 0.0 1.921974329904531e-05 0.0 0.0017591209126179247 0.00022901746994391116 0.0016675899842532997 2.791048049813001e-06 0.0 1.7232227125506073e-05 0.0003004908433443197 7.560150112257221e-05 2.2287890568203718e-05 1.0961847561828105e-05 7.3482977616677265e-06 0.0 0.0 1.3473320345824855e-05 7.897503631766285e-06 1.6032054969114938e-05 0.0015304688873755043 1.887350618032143e-05 1.6126227744392092e-05 0.0 2.2226187840024524e-05 0.0 0.0 0.0 4.724732019725631e-05 4.0402356016058346e-05 0.00015972512714537826 0.0008182090951084362 6.428216626924878e-05 0.0006326819316762989 1.1730289621672175e-05 4.981001937621726e-05 5.816509972303139e-06 0.0011604732376825884 1.823948735763047e-05 3.621051944840778e-05 6.83940701158182e-06 2.584978143276131e-05 0.0 0.0 0.0002182904523307274 0.0 0.0 0.0010989290464523851 0.0013051908041427644 0.0023898010391869957 0.0008996806848166969 3.272100384924541e-05 2.353846365639742e-06 0.00044284468343545885 5.244825023528902e-06 1.6489281123867262e-05 4.195265043910606e-05 1.1526348425642116e-05 5.498081666446477e-05 1.5562976309028598e-05 1.279870924781911e-05 3.6893528043355564e-06 4.999445336676183e-06 0.0 6.691768131507225e-06 0.0 2.357613002239637e-06 1.0732886239500838e-05 0.0 0.000522608202748216 8.974647732939102e-05 0.0 2.3070892542787414e-05 0.00016207853959832345 0.0 7.348195200485377e-06 1.301103987996248e-05 2.5282774165738537e-05 4.420360204129416e-06 0.00033343813283528046 3.167364613948361e-05 6.348168756048031e-05 0.00020718182102269625 0.00019813266610667433 3.270227648606116e-05 0.0004116325468378999 0.00042686420490708246 0.0002597460653826164 3.59600943688087e-05 0.0 0.0 0.0 0.0 0.0 0.0 0.0 0.0 0.0 0.0 0.0 0.0 2.4135429765113575e-06 0.0 0.0 0.0 0.0 0.0 0.0 1.015966750368021e-05 1.1693972501194177e-05 0.0 0.0 0.0 4.6550588470192145e-05 2.7426223983605058e-05 1.5289251661295046e-05 0.0 2.8849548177426287e-06 0.0 0.0 0.0 0.0 0.0 0.0 0.0 0.0 0.0 0.0 0.0 0.0 0.0 0.0 0.0 0.0 0.0 2.4830584999889874e-05 0.0 0.0 0.0 0.0 1.2776609714120922e-05 1.6587978082136345e-05 0.0 0.0 0.0 0.0 0.0 0.0 0.0 0.0 9.327345314314571e-05 0.0 0.0 0.0 0.0 1.7095942694455224e-05 0.0 2.7086841141892132e-05 7.780062159613569e-06 0.0 1.6601082588525783e-05 0.0 0.0 0.0 4.344505953664464e-05 0.0 0.0 0.0 0.0 0.0 0.0 0.00019967213209264855 5.698701646690481e-05 2.197261543558049e-05 0.008103500070195196 0.0001562459223751818 0.0036955882956035205 0.0008068465389490887 0.0019497827249807136 0.00028613318697410394 1.5540079267808802e-05 0.0006815122396458068 0.0004182563136468772 0.0 2.582761638339145e-05 4.4920261165978865e-06 0.0005125162961142605 0.0 0.0 0.0 0.0011009286891994347 5.427253068272897e-06 0.000754929437127032 0.0004726000910789817
0.037368204068637674 0.027078731133205625 0.005235400091301035 0.05320121039721188 0.019746588720140804 0.03732520665864827 0.0649466182722412 0.00018375014585303282 0.00908082486858678 0.0 0.0008907246458498559 0.05046811596064719 0.1825330094433629 0.003141389222336834 0.0005768734123118967 6.711647627224351e-05 2.086347147373347e-05 0.0 0.0 0.0 3.4806085549414997e-06 0.0 0.0 1.8306637662456713e-06 1.3453241850542712e-05 0.0 0.0 2.786553194517032e-06 7.155397328369582e-06 0.0 0.003446166659691425 6.47705080803683e-05 0.0002457358068904593 7.434467506088814e-06 0.0 4.54426920502187e-06 0.0005476492088213794 6.10123255747223e-05 0.00010536801247189376 8.52675781865988e-06 0.0 1.942524469419882e-05 0.0 2.6258163253187645e-06 0.0 9.965348364528578e-06 0.0013932591771216392 4.618165737452925e-05 2.5215013124507037e-06 0.0 2.2197051031352888e-05 7.008833625639704e-06 0.0 0.0 6.581390071993828e-05 0.0001642208063609461 0.00346869610962819 0.008286126239990043 0.00032466885229327216 0.0013362181640788051 7.812049071509737e-06 4.070750194562222e-05 1.851161047305504e-05 0.0026537010332894147 8.32615788758346e-05 0.00012313659170433403 2.1922456328639312e-05 5.561774990550297e-05 2.207083886303943e-06 0.0 0.003940929368685608 5.659150110116041e-05 1.3368669350755755e-05 0.004571345801536497 0.002539723710336942 0.0026183512374685068 0.0004145756759704364 7.476347455913759e-06 0.0 2.3737056406822908e-05 7.28751534001777e-06 7.211292178008949e-05 8.318630925841044e-05 4.421919374210906e-06 0.00011662231410272359 5.861705289525646e-05 3.947498014004284e-05 4.8677511188099085e-06 2.162982526441989e-05 8.255110120622383e-06 4.076400972695636e-05 1.39751628444897e-05 7.852773578716816e-06 7.252306326227319e-06 9.971193837401462e-06 0.009629356686185614 0.002107088257868315 3.4866987682946694e-06 0.0003191520581675992 0.016225770094935477 1.962091976764418e-05 0.00010612361037296512 0.00019464934859876427 0.0002587077749046078 3.956505647077083e-05 0.001078220155775811 0.0001577436197193701 0.0002177454797677591 0.0016036101628613903 0.0012604943940767229 6.700232378971271e-05 0.002142324662183224 0.0021474135873493037 0.0010404476317498266 0.00017515164700184115 2.668035344470637e-06 0.0 0.0 0.0 0.0 0.0 0.0 0.0 0.0 0.0 3.404214537665366e-06 0.0 0.0 3.319002659805173e-06 0.0 0.0 0.0 0.0 5.617723247467566e-06 6.327320948994079e-05 4.9214030685859303e-05 0.0 0.0 0.0 0.00013429864263876727 0.0 0.00011185548095775369 2.819741958823609e-05 0.0 0.0 0.0 0.0 0.0 0.0 0.0 0.0 0.0 5.114870572608686e-06 0.0 0.0 0.0 0.0 0.0 2.1354982391086152e-06 0.0 0.0 2.118022362458811e-06 2.8032789167262448e-05 5.076583351291829e-05 0.0 0.0 0.00011770071800852005 0.0 0.0 0.0 0.0 2.5742609799402956e-06 0.0 0.0 0.0 0.0 0.0005711345660231456 3.5661881437966016e-06 0.0 0.0 0.0 5.1260235695174045e-05 0.0 3.7335173645247596e-05 7.614607304520277e-06 0.0 0.0 2.790008374416016e-06 0.0 0.0 0.0 0.0 0.0 0.0 0.0 0.0 0.0 0.0006816859096859076 0.0002326407174355343 6.619313235414745e-05 0.023675146600413262 0.0003337241613947559 0.005657014758686919 0.0012633243205324607 0.05098237724883958 0.00041090017955915163 1.9602608823441104e-05 0.0006312267070101063 0.00279476920824634 1.0871825598817165e-05 7.02139198515779e-05 3.7328775062319403e-06 0.0031403795169294983 0.0 2.794214995058047e-05 0.0 0.00025174315938364085 1.762921350673712e-05 0.01513968968976259 0.002786849804886523
0.0025707128571426873 0.025280589683729923 0.024951463443558558 0.004734184772960516 0.04637702153649441 0.00022367548226368054 0.00437311069138675 0.045645517530310424 0.03861436361145767 0.0008907246458498559 0.0 0.005641824466732607 0.02600916383182106 0.06955660460499019 0.0017184078761416095 0.001141224093454101 0.00034549817792507037 0.00022238452253705774 1.5122573618321305e-05 4.9185364835392905e-05 0.0004134064757475516 8.635078823288514e-05 0.00037726848917946646 0.0002864235562040879 0.0010534625279645467 6.851539776494555e-05 0.0004887976144522422 5.923830473732195e-05 0.0001418347074578989 0.00013762280045579489 0.009373577681505 0.005479860251295316 0.042129601642964615 0.00012014449904011084 0.00030035103598810716 0.0012916093223967196 0.024144311817506797 0.007326986742864933 0.0011091479932904208 0.00037756716500768567 0.0003319923379666264 5.0064855615699284e-05 0.00015927362966723597 4.499783360781004e-05 0.0001321862673155894 0.00016840976658480207 0.0017672580890413217 2.521319154872489e-05 6.156657323592033e-05 0.00025365049449397177 4.887496650414105e-05 0.0001793315350202411 0.00020330595247592423 0.00016279543437361778 9.105185221885062e-06 4.258680818246205e-05 0.00030756849638085014 0.0016142350777304203 7.374150502968188e-05 0.0004910681175087204 0.00013360194538460885 0.014901587328504861 0.00036465268407980634 0.0023637682455566688 1.697432451248021e-05 7.040918502330784e-05 5.261207388736341e-05 0.00024072138744965336 0.0004568133782366877 0.0005842809499613115 0.012276187427140973 0.0001232666811312584 2.9690570453523268e-06 0.0012337404639601289 0.0014971842734697713 0.0030108855945311995 0.0017355251354403357 0.0002664495532730445 0.0020261812196184312 0.0142052554615931 2.1456275965242787e-05 0.004864841982706576 2.411897401206344e-05 2.4648657584061053e-06 3.0369637817751353e-05 5.2633285014833216e-05 4.7490586403423284e-05 4.0667810425039366e-06 1.2666143945930847e-05 4.478578253206672e-06 3.174659698235032e-05 3.3136327243742604e-05 0.0005072771181300124 2.299006335464918e-05 0.0002587652791415765 0.00019799690460044786 0.00014170309367681275 3.0231657868558873e-06 9.157088503502044e-05 0.00040748034519352426 1.0778428378166397e-05 1.3475003000941947e-05 5.42051284341287e-05 2.3200519415349278e-05 2.207442507428175e-06 0.0001514254754578927 0.0 2.446183261451461e-05 0.00018119239139221282 0.00011668098064258985 1.6028924280448398e-05 0.00029200835250982576 0.000329240057014699 0.0002177538975025264 0.0001373587525756708 5.266933647097767e-06 1.2000141298469616e-05 1.0876544099233173e-05 5.387227452065934e-06 0.0 0.0 0.0 0.0 0.0 0.0 2.266076803979612e-05 2.9996682996504723e-06 3.063451939337275e-05 0.0 1.7494930905319e-05 4.7576441432510594e-06 4.965195115584399e-05 2.9201370421406307e-05 2.3805955911479865e-05 4.2575416687927637e-05 3.176003043915405e-05 1.9483704911151456e-05 3.6935216934389314e-05 9.363452287272952e-06 6.982035177624212e-05 7.48618305615028e-05 0.00016797682839299002 0.0002126221418948619 4.174806814993281e-05 7.6263075116437145e-06 0.0 0.0 0.0 0.0 0.0 0.0 0.0 1.9256737357628206e-05 0.0 0.0 5.17698217346132e-06 9.017449532856226e-05 3.263286897768829e-06 0.0 0.0 0.0 2.515110104323252e-06 4.6901660885594884e-05 3.6280459142982718e-06 4.095420309386288e-06 3.088994150074592e-05 0.0001686940109570201 5.504912395547182e-05 0.0 3.2124203244778367e-06 0.0 0.0 0.0 0.0 0.0 5.234748816130647e-06 0.0005595582500638744 5.9332603398732625e-05 1.8858077925671722e-05 1.0583787148880231e-05 1.352815473341958e-05 0.00017865430724002952 0.0 0.00029620880781844046 1.8825596216098173e-05 2.4299309156960952e-05 0.0 1.1383387055811986e-05 1.5818766127396685e-05 0.0 0.0 0.0 0.0 0.0 1.0556487694634179e-05 0.0 0.0 0.00018705473232095925 0.0001959555484368645 0.0002572819425925079 0.008579130482161312 0.0001939877485358363 0.004362192376759153 0.0014858656008049512 0.0006352353924595265 0.00018985020885286158 3.641594040678117e-05 0.00048601717256643883 0.0004015664919676549 2.627787077884199e-05 0.00011307967524124458 1.3213209408745614e-05 0.0001441204826976622 0.0 0.0 0.0 0.0005268440346329543 1.276756649334689e-05 0.00031794484153294095 0.00015982025538611842
0.005196324465882303 0.007175582935086128 0.004628974779143472 0.042128530421943235 0.004566641034714533 0.0020995294289258837 0.020816049663349667 0.004418025701866113 0.003203950766471231 0.05046811596064719 0.005641824466732607 0.0 0.05256796066830734 0.006967652273709425 0.0014616620076431986 0.0006012323503344669 0.00014020501541559102 1.3102697162160195e-05 7.382416677004986e-06 5.9440343406268745e-06 5.7899685103672966e-05 6.615014464064893e-05 1.9044535698744247e-05 1.785879311177737e-05 0.00026615939894132396 3.2862208129923094e-06 4.315069728082886e-05 1.0813600346446165e-05 0.00013966307663983773 1.383641317190862e-05 0.0019641032708390977 0.0006231383862404966 0.003429218551566522 5.4190432171328924e-05 3.482249225146487e-05 0.00024810135534979953 0.013482059561190834 0.0008381449862698174 0.0010734560492490302 8.370355359964793e-05 7.97214107441096e-05 2.54057731505214e-05 2.4652250655583136e-06 3.775008113528461e-05 5.733903011269004e-05 6.382123179027447e-05 0.0018525560817636967 2.7526955014821724e-05 6.594165284954988e-05 5.750209484631643e-05 8.867467952998537e-06 7.396668908197562e-05 0.0001509632656529118 3.692642171272844e-05 1.4746089183140322e-05 6.723178299684325e-05 0.00035886639621243206 0.0013709843161112687 7.31654898723258e-05 0.0006468474647114057 4.4104564984656204e-05 0.0004164303117837396 5.690128080668529e-05 0.0015920499653009124 2.099441397644551e-05 3.6287253221038816e-05 2.9941498906149427e-06 4.862282738364499e-05 3.5171471938528105e-05 5.9149587942534535e-05 0.013776640216413743 8.256898321143516e-05 0.0 0.0014548951923388383 0.0015047901701055787 0.002887480416357163 0.0011498571103174047 0.00010210229411947248 4.826541898536684e-05 7.899089779897916e-05 2.0794593578957738e-06 2.663903655234238e-05 2.1188787311807214e-05 0.0 5.035928578828466e-05 1.5186219349234319e-05 2.1217762046369624e-05 0.0 5.2138283930154795e-06 2.354069496238798e-06 3.0244239450123934e-05 1.0312135163167888e-05 4.135707508060338e-05 2.394736651507122e-05 7.39059757776442e-05 0.014528319955828161 0.0008551844266711623 7.050571567673704e-06 0.0003747208824444612 0.0010423343829337644 3.69604679091003e-05 0.00019959442227371525 0.0004572965525420812 0.00014207403363389516 0.00030546189569815663 0.0013469730378579368 0.00014963519267034535 0.0003772126768589924 0.0017252417258120682 0.0013830510456861456 7.619645768384091e-05 0.003875705277602051 0.0037637669244648484 0.002315094184746272 0.0005112599350080368 2.028142407238817e-05 0.0 6.628784417590642e-06 1.1184794991414482e-05 0.0 0.0 2.4301210140481267e-06 2.630677793964882e-05 0.0 0.0 1.3201532012052366e-05 0.0 2.4665307483028276e-06 0.0 2.4742348424685376e-05 9.94074088405868e-06 6.355186496374878e-05 4.007301730993584e-06 1.950979181095068e-05 0.00015223046891676842 7.895835074524093e-05 0.0 6.0497968382219994e-05 3.2090115200700005e-05 0.0004954398199781332 8.782255217603377e-05 0.0004753703260690577 0.0003411976786422566 8.804626058215205e-05 0.0 5.256756936601089e-06 0.0 9.656824776226977e-06 0.0 0.0 0.0 3.356025531563044e-06 2.6331327107740785e-05 2.646932266406972e-06 0.0 3.7338424045795868e-06 5.3953476221988286e-05 1.85905064343581e-05 1.8602898843708892e-06 2.421487180468519e-06 0.0 5.128910100827436e-05 6.942787637196448e-05 6.2521361932304905e-06 2.1807967692400464e-05 4.713755915130416e-05 0.0006781437973508999 3.9874645460518494e-05 5.683137730008606e-06 0.0 0.0 0.0 0.0 0.0 0.0 6.267684674282915e-06 0.0025830584428545547 4.344344359774818e-05 0.0 0.0 3.775928162797204e-06 0.000570339371444859 0.0 0.00043075581710986605 3.308566733637926e-05 0.00010378415104301515 3.0296648557318008e-05 2.688273169750107e-06 1.2644174757548018e-05 2.972581857090833e-06 0.0 0.0 0.0 0.0 0.0 0.0 0.0 0.001637884453244699 0.0003697512330178341 0.0004323597289068797 0.01616022488564752 0.00031149170257300667 0.005297225143241974 0.0016372603192276011 0.00825736135932728 0.0002212274869622358 8.476194418281994e-05 0.0006990035109348901 0.002957371163350555 1.2376429701156576e-05 0.00018833416008881963 4.6801945347289044e-05 0.002724864457192375 5.254565077219126e-06 0.0 0.0 0.0003616211559549423 8.27248343608984e-06 0.007291684465800796 0.003230980013163476
