0.0 0.028294101543016873 0.018626635624689025 0.028784260324660638 0.008146848481849852 0.002403594802639063 0.022751938494259494 0.0007519237729906023 0.0017606543305327472 0.04064753256852796 0.009578076874053803 0.003196840330232304 0.013221381218727787 0.0083689520954765 0.0002451641277522329 5.683444335998108e-05 8.536645259245625e-06 1.9664308480923258e-06 5.839010298863171e-06 0.0 0.0 4.9084720875891425e-06 0.0 0.0 0.0 3.2971628869826326e-06 0.0 0.0 2.5244823925862724e-06 0.0 0.01086291582157567 0.00032074629774567193 0.0010275920647920482 2.39675223612578e-06 0.0 1.4097716304393764e-05 0.00011370451698751806 1.9602552466692138e-05 4.327904753815849e-06 2.6136284318472076e-06 2.5557585680569234e-06 6.448992789004429e-06 2.015343800436353e-06 2.475727701074729e-05 1.4644910510930879e-05 4.546785780089546e-06 0.0018613120967597221 0.00013913912289552385 6.130288192473661e-06 1.1486052954501254e-05 3.0827575869146347e-06 0.0 0.0 1.2355022464677789e-05 0.00027001873321311654 0.00017320928853313335 0.0037128159573578423 0.020327359903706814 0.0019783858526126667 0.0021740744352417548 1.8798210081893313e-05 6.325792386135263e-05 0.0 0.004780236751189745 0.00025517700794778966 0.0002931450099433282 6.882600686618338e-05 4.364594398264725e-05 4.9533506425769186e-06 1.945497394186068e-05 0.00016848190832656983 0.0 0.0 0.005879447273567106 0.002922439659761897 0.0030173585152827166 0.0004593278626275722 0.0001107155162771828 6.896006336166706e-05 0.00048254810145995493 4.385969999875661e-05 6.61659087412816e-05 0.0014062360595584265 0.0 0.00016133688501044615 0.00028712210386665953 3.264281124062291e-05 7.082536985385213e-06 1.833563842185641e-05 0.0 1.934429132769838e-06 1.926304553544865e-06 8.725060264940838e-06 4.45470209769467e-06 2.0003336723047475e-06 0.0008711374119945683 1.8073420847347996e-05 0.0 4.1114821185938517e-05 0.025133390752409463 0.0 0.0 0.0 0.0008027248328506653 0.0 6.302002031632535e-05 0.0 3.5387074376665708e-06 0.00035470461918885786 1.751429455536602e-05 0.0 2.1282647894860185e-05 4.2776207648667756e-05 2.2321365752813282e-05 0.0 0.0 0.0 0.0 0.0 0.0 0.0 0.0 0.0 0.0 0.0 0.0 0.0 0.0 0.0 0.0 0.0 0.0 0.0 0.0 0.0 0.0 0.0 2.4037792081542503e-06 0.0 5.7941748702507835e-05 1.2662553781609211e-05 1.0872601077111736e-05 1.3131253890655626e-05 0.0 0.0 0.0 0.0 0.0 8.903549721691855e-06 0.0 0.0 0.0 0.0 0.0 0.0 0.0 0.0 0.0 0.0 0.0 0.0 0.0 0.0 0.0 0.0 4.6078927833137694e-05 3.3220818116452104e-05 0.0 0.0 0.0 0.0 0.0 0.0 0.0 0.0 0.0 1.9953957023222934e-05 0.0 0.0 0.0 0.0 4.243146755013177e-06 3.723422411890699e-06 2.3336050550985684e-05 0.0 0.0 0.0 0.0 6.856180663845182e-06 0.0 0.0 0.0 0.0 0.0 0.0 0.0 0.0 2.859205162154482e-06 2.1123630644859323e-05 1.5733801164116744e-05 0.0043470197893921165 0.00011533102277641557 0.0059053797274184125 0.0003000424126323742 0.02390974170423853 0.000721607403493654 5.2321489607245604e-05 0.0005656093300418834 0.00027178271455926845 4.838617595143471e-06 1.874053230789216e-05 1.3963363656268947e-05 0.0 0.0 0.0 0.0 1.0495753665047692e-05 3.519070163349841e-05 0.004035912484932781 1.0207296557106175e-05
0.028294101543016873 0.0 0.030542196225916265 0.01695662709628198 0.08820244220679524 0.001171117133241207 0.11205167133546223 0.0014338996438194526 0.04737423748161947 0.018803361907178073 0.011963876705177803 0.004848841698704152 0.04740829771317841 0.07743883545287096 0.00019381128007839313 4.820376213099884e-05 9.429867384761126e-06 1.7479601024073122e-06 0.0 0.0 1.6352129494989641e-06 0.0 0.0 0.0 4.774346501195523e-06 0.0 0.0 0.0 0.0 0.0 0.027321377537309087 0.0006504958386194305 0.0008070093155882319 0.0 0.0 1.035782807860712e-05 9.400018132764899e-05 1.2912356999061866e-05 5.668401470716827e-06 0.0 2.358557928134179e-06 0.0 2.729050170647191e-06 4.656649539022869e-06 6.684805864870071e-06 2.341795279217731e-06 0.00183263898273538 5.950120167800668e-05 2.2739560236095312e-06 3.5273200615438154e-06 0.0 0.0 0.0 7.3786654020634985e-06 0.00011529976741351535 7.520133748592743e-05 0.001155812347049844 0.007987581674629292 0.000736842184301436 0.0010923287487345243 7.356921383837458e-06 4.121301881678157e-05 0.0 0.0020636636631030177 0.00013094992661026857 0.00014383069080983792 1.9538837000136018e-05 2.839949559671876e-05 6.216968112736669e-06 1.6463763345976264e-05 0.00024738067093562667 0.0 0.0 0.0025462641030596905 0.0015118549031800381 0.0019061577160254316 0.00043724730104384 6.436164892998556e-05 3.7403780376894426e-05 9.173157703474534e-05 2.3734689065451427e-05 3.889899637741319e-05 0.0007121760009259334 1.8310722021997457e-06 7.939332353099304e-05 8.981133951606779e-05 2.1034351200434e-05 0.0 1.2672609323821008e-05 0.0 0.0 5.400492169987688e-06 3.893862692335744e-06 0.0 0.0 0.0002673709081927436 1.3473572054257083e-05 0.0 2.3970276103154892e-05 0.02049271741446391 0.0 0.0 9.45145837941625e-06 0.00013701157750447545 0.0 0.0002702998291537392 3.402067795125165e-06 2.155024978368878e-05 0.00014286220394714097 1.0900735578020558e-05 1.2451491799203177e-05 3.767227925338842e-05 6.595304323023375e-05 2.3596770302804425e-05 2.655951629676584e-05 0.0 0.0 0.0 0.0 0.0 0.0 0.0 0.0 0.0 0.0 0.0 0.0 0.0 0.0 0.0 0.0 0.0 0.0 0.0 0.0 0.0 0.0 0.0 0.0 3.262233678919145e-05 1.3015747195625635e-05 1.0545270864312767e-05 1.511309712951079e-05 0.0 0.0 0.0 0.0 0.0 0.0 0.0 0.0 0.0 0.0 0.0 0.0 0.0 2.217885252995238e-06 0.0 0.0 0.0 1.7656390162060142e-06 0.0 0.0 0.0 0.0 0.0 6.876535050628683e-05 0.0 0.0 0.0 0.0 0.0 0.0 0.0 0.0 0.0 1.8675725546148592e-05 0.0 0.0 0.0 0.0 1.4127051110592389e-05 0.0 1.0782204577678224e-05 0.0 0.0 0.0 0.0 0.0 0.0 2.0005235443609656e-06 0.0 0.0 0.0 0.0 0.0 0.0 4.200707945061158e-05 1.1249676915665694e-05 8.816363817135276e-06 0.0017262083082979006 7.998033662017705e-05 0.003915687940488712 0.0002107751121712894 0.008169973308523927 0.000571514074285442 1.8649977667042552e-05 0.00027092002106263743 4.34515069791223e-05 0.0 2.565000714074605e-06 0.0 0.0 0.0 0.0 0.0 1.1196141013769595e-05 0.0 0.0011404329709944839 7.246096322984286e-06
0.018626635624689025 0.030542196225916265 0.0 0.0016900794097684095 0.012462683994870096 0.0002697238499681708 0.00108361540628791 0.04829408820393539 0.01237917320589653 0.003267609721266159 0.06467530022435737 0.003225162613410559 0.0036373472868405535 0.0459752648574729 0.0008999561449208222 0.0006000193922493496 1.9201231348377306e-05 1.1666771744613153e-05 2.559399573713586e-06 4.01768481103751e-05 9.910896451086709e-05 0.0 3.797157459266476e-05 1.2084760490518906e-05 4.1246493277352346e-05 9.429251025606483e-06 1.5026079431465831e-05 8.04016821607371e-06 0.0 0.0 0.11637768791386528 0.024225897766551513 0.004838232997778448 5.246843573700754e-05 5.530488064747785e-05 0.00016876489769931472 0.0003073448811670539 0.00012061816491133259 3.6571580537205926e-05 1.1704292885368602e-05 9.568683305668369e-06 3.751371493268609e-05 3.325355458374775e-05 6.508091600958048e-05 5.7209118929145104e-05 0.0001004524225835847 0.0019579173849658023 7.755792163177009e-05 6.26636188663546e-05 6.0939628533042575e-05 2.191209508557867e-05 4.349089050373915e-06 1.1678993670690102e-05 5.367331399207557e-05 9.983175027961887e-05 6.907159314980167e-05 0.0011200232292563135 0.010722422388899103 0.0007542303895668041 0.0009889710380342313 0.0003287554709265702 0.0008913626711086857 2.9782593427501926e-05 0.00627894193648788 0.00012088386739721964 0.00010192681765455325 3.0164096372732366e-05 7.297381191855941e-05 0.00013362302696204257 0.0002081563014094118 0.0008666016016040644 3.675704646991296e-06 0.0 0.0024692661588175567 0.0018180901950808558 0.0023414746409286965 0.0013480836291294095 0.0008835151721924115 0.004988920524336316 0.014096124639700695 0.00030245376471604293 0.005216996630535081 0.0005285253702929589 0.0 5.763495401409282e-05 9.437962706971146e-05 7.145012346875502e-05 4.152453420559162e-06 1.0819186297551588e-05 0.0 2.4689377364565955e-06 6.899117849560934e-06 0.00014011124035759226 1.2170509133553795e-05 1.5706222461194592e-05 0.00051459197179082 3.857521419608344e-05 3.536373359074317e-06 9.126679480677986e-05 0.007637125611757805 4.7305307520570185e-06 0.0 3.597045413696086e-06 4.810494148780241e-05 0.0 2.795863195939677e-05 1.1296936974611073e-05 5.57590314050538e-05 1.4932448112688194e-05 3.920544202878687e-05 4.190170711260919e-05 9.672238945107358e-05 0.0002555761758180418 6.748876765774015e-05 6.90227590122734e-05 2.555829194320422e-06 8.592813439513198e-06 0.0 0.0 0.0 0.0 0.0 2.4472692917443996e-06 0.0 0.0 0.0 0.0 0.0 0.0 0.0 1.0004661959764993e-05 0.0 0.0 0.0 9.3001004965134e-06 1.1231155604550186e-05 0.0 3.1311437423946886e-06 0.0 8.349651769168424e-05 3.7190700428133504e-05 0.00012521011533395552 3.466909494691835e-05 6.721595324359464e-06 2.6986916248175094e-06 0.0 0.0 1.1911769646630448e-05 0.0 0.0 0.0 2.5151655260289484e-06 0.0 0.0 0.0 0.0 9.502612606759914e-06 0.0 0.0 0.0 0.0 0.0 0.0 0.0 1.6243529502626367e-05 5.78283034755168e-05 9.02837002491774e-05 0.0 0.0 0.0 0.0 0.0 0.0 0.0 0.0 0.0 0.00011349388268637429 0.0 0.0 0.0 0.0 0.00012206773126818962 5.037791266740425e-05 7.849241661974845e-05 0.0 0.0 2.2078168479325534e-05 0.0 4.838381150696103e-06 0.0 0.0 0.0 0.0 0.0 0.0 0.0 0.0 4.48696854208889e-05 7.770645224640006e-05 0.00010751513661923 0.003070906403342828 0.0001345899434992431 0.004692858798127988 0.0008861010325610648 0.00311604162304309 0.000584005072949331 1.854473139862644e-05 0.0005361909910565929 0.0001393144626597556 0.0 2.3082631746507432e-05 9.206390021730296e-06 9.017874194485014e-05 2.997219969696045e-06 0.0 0.0 4.334352146937044e-05 0.0 0.0010428282948882878 0.0001106952859469665
0.028784260324660638 0.01695662709628198 0.0016900794097684095 0.0 0.010763865776769235 0.009664606817228538 0.05516690824725444 4.205529228173485e-06 0.0015215903088222223 0.06717885798773782 0.0009459599132737943 0.006492284391299199 0.03581197097521798 0.007187374594887181 2.5049350899878287e-05 2.6437679339031375e-06 0.0 0.0 0.0 2.1721013511949267e-06 0.0 0.0 0.0 0.0 0.0 0.0 0.0 0.0 0.0 0.0 0.0006883773558552024 3.0306066421624698e-05 1.9784948204075037e-05 2.4200176191293167e-06 0.0 0.0 2.6812621206739658e-06 0.0 1.8470478971221827e-06 0.0 0.0 0.0 0.0 2.3204922486514622e-06 2.4252427684643636e-06 0.0 0.00037950128057719616 8.048455030990922e-06 0.0 0.0 0.0 0.0 0.0 0.0 3.245880389379247e-05 7.945892560587775e-06 0.00020876292301062266 0.0006975914997535717 0.000131566593347406 0.0002591574664571325 2.780248070269733e-06 9.246228010999222e-06 0.0 0.0003487683265004649 2.9896458147202982e-05 2.2148049755160985e-05 5.342467747272935e-06 3.7083993185513013e-06 0.0 0.0 0.00018714447606335268 0.0 0.0 0.00046555269021515347 0.0003409655829697044 0.0003391433243792858 4.50295928347616e-05 1.0919033239301651e-05 1.547208428546188e-05 0.0 4.978793839299845e-06 6.1651398651826564e-06 0.0001431167119996686 0.0 1.0077982086372456e-05 2.914637259809144e-05 3.67972659092427e-06 0.0 2.1877169204114545e-06 0.0 0.0 0.0 0.0 1.7829726460498324e-06 0.0 0.00013864816203648295 0.0 0.0 0.0 0.0020864321980196055 1.0349409564473912e-05 0.00020243639752728416 0.0001632305013750349 0.0010754175197309423 0.0 0.0004433352515208634 0.00032501546806105156 0.0003132235876908746 0.002175098522374499 0.00013942234598319868 0.0 0.0011264223196429054 0.00016320717287194079 3.639742981900459e-05 7.664941454983675e-06 0.0 0.0 0.0 0.0 0.0 0.0 0.0 0.0 0.0 0.0 0.0 0.0 0.0 0.0 0.0 0.0 0.0 0.0 0.0 0.0 0.0 0.0 0.0 0.0 0.0 3.248213086153302e-05 0.0 0.0 3.488944923022483e-06 0.0 0.0 0.0 0.0 0.0 0.0 0.0 2.082907886568649e-06 0.0 0.0 0.0 0.0 0.0 0.0 0.0 0.0 0.0 2.4227438952572797e-06 2.0003377665808924e-06 0.0 0.0 0.0 3.434799212813572e-05 0.0 0.0 0.0 0.0 0.0 0.0 0.0 0.0 0.0 5.384211622087298e-06 0.0 0.0 0.0 0.0 0.0 8.181007221181035e-06 8.611029454104172e-05 0.0 0.0 0.0 0.0 0.0 0.0 0.0 0.0 0.0 0.0 0.0 0.0 0.0 0.0 0.0 3.084280998830204e-06 0.001351718323118206 1.2589151769478852e-05 0.0010789076093453373 4.087467551293742e-05 0.015724607760627164 0.000127404422162417 0.0 2.130181917231369e-05 4.1348340443593995e-06 0.0 1.073224656134822e-05 0.0 0.00012111679400840315 0.0 0.0 0.0 4.7318276140259046e-05 3.306994199337563e-05 0.0006004080159937701 3.0319481999792715e-05
0.008146848481849852 0.08820244220679524 0.012462683994870096 0.010763865776769235 0.0 7.240682342221539e-05 0.037937631602579805 0.0010652918413746203 0.06329642835170496 0.011487706586575561 0.006522378151419659 0.0015628786367308434 0.027327852834457572 0.07974798049229577 0.00027158642455459833 0.00010295651855167662 2.6461528497575233e-06 0.0 2.443318315264601e-06 0.0 0.0 0.0 0.0 0.0 0.0 0.0 1.8958182321804968e-06 0.0 0.0 0.0 0.0056695856575238275 0.000561034212212061 9.885451957843003e-05 4.529289573363808e-06 0.0 0.0 2.357654116675199e-06 1.859994339481935e-06 0.0 0.0 0.0 2.462781651083107e-06 0.0 1.4640736225806346e-05 1.8524322114423633e-06 7.011421114697242e-06 0.0017187454309711154 5.643908930795771e-05 5.605600733689406e-06 7.40526489060767e-06 0.0 0.0 0.0 4.448462079660211e-06 5.649780958702226e-05 5.6883073977865945e-05 0.0004565176052191089 0.0020177401171438537 0.0003562773710556547 0.0007251979702271352 0.0 2.3924099150844685e-06 2.822383289645609e-06 0.0013421511760190663 6.38783909397267e-05 0.00010156292726172898 2.485458464831335e-05 2.2399088079250674e-05 8.680525629149232e-06 4.725550235721626e-06 2.3635103986779806e-05 0.0 0.0 0.0013391813772932557 0.0011142390401208662 0.001694295087854172 0.0004422639597724965 7.622216574545518e-05 3.817270812601433e-05 3.811667198615244e-05 8.876097088355995e-06 3.7327545637456336e-05 0.00038209277313447143 0.0 6.870395240002872e-05 8.553030296485129e-05 1.5043883220686952e-05 0.0 2.086601264840999e-06 2.230489311512376e-06 0.0 0.0 2.639984140365921e-06 0.0 0.0 6.39579154300472e-05 0.0 0.0 5.49553754938886e-06 0.0009387059023738323 0.0 0.0 2.1890642784527952e-05 2.385607957649126e-05 0.0 2.864067080957545e-05 0.0 0.0 9.988437366971917e-05 6.859459496657863e-06 2.240446028133726e-05 9.520542329091456e-05 0.00015439522029616194 9.225895733306902e-05 6.876424232221028e-05 0.0 0.0 0.0 0.0 0.0 0.0 0.0 0.0 0.0 0.0 0.0 0.0 0.0 0.0 0.0 0.0 0.0 0.0 0.0 3.6290664062354227e-06 5.626296958412037e-06 0.0 0.0 0.0 4.9005531433835444e-05 1.1000505752092905e-05 6.493492179902226e-05 5.70631958566349e-06 0.0 0.0 0.0 0.0 0.0 0.0 0.0 0.0 0.0 0.0 0.0 0.0 0.0 0.0 0.0 0.0 0.0 0.0 0.0 2.172291735035663e-06 0.0 0.0 0.0 3.2358326092326425e-05 0.0 0.0 0.0 0.0 0.0 0.0 0.0 0.0 0.0 3.826483258057583e-05 0.0 0.0 0.0 0.0 1.8352150637548665e-05 4.333410190471981e-06 1.7593091288101765e-05 0.0 8.650512196679594e-06 0.0 0.0 0.0 0.0 0.0 0.0 0.0 0.0 0.0 0.0 0.0 6.48691774480415e-05 8.403284790706579e-06 9.21502826201661e-06 0.0017364761574932411 7.211302635461194e-05 0.0036232493132791403 0.00028879966306135084 0.0018659782852797832 0.0005238225888386633 1.1227786697662317e-05 0.00022970329539059118 0.0001358098446770557 0.0 2.5925084495435823e-06 0.0 1.0634648571365564e-05 9.275575441215959e-06 0.0 0.0 8.489149950016758e-06 0.0 0.0006252459800986681 6.392169473375227e-05
0.002403594802639063 0.001171117133241207 0.0002697238499681708 0.009664606817228538 7.240682342221539e-05 0.0 0.001253808268431357 1.3250665501558784e-05 2.4845410910826246e-05 0.01236867950278145 0.00019337997367575716 0.0028951978222804937 0.0023238657750769857 0.0008362986345494814 0.0 0.0 0.0 0.0 0.0 0.0 0.0 8.178633803418821e-05 0.0 0.0 3.7493514627161515e-06 0.0 0.0 0.0 0.0 0.0 0.0003376582456359068 3.58949038240183e-05 0.0005561080325507402 3.4796280564651564e-06 0.0 1.3222580814343059e-05 0.0003211719697419533 3.040741203903863e-05 2.2373604280955976e-05 5.654265299947312e-06 0.0 0.0 0.0 0.0 7.276872655575584e-06 0.0 6.565214088757055e-05 8.39107855935485e-06 0.0 3.386325985727505e-06 0.0 0.000257747407135556 7.403233003713876e-05 2.1292281385439382e-05 4.930201434658993e-06 8.618328456663499e-06 0.0018757879059891022 0.003036379431297777 6.753590574137538e-05 7.958340285994113e-05 8.93084182528387e-06 8.269386470757971e-05 0.0 0.00011821715019255031 1.5420451198404107e-05 5.1003329384447795e-06 6.360961928208455e-06 7.267117189686238e-06 2.669776823113413e-06 0.0 0.0033032016771447955 0.005463053846325286 0.0001777115379714829 0.0002346659596584236 0.00012618505034039097 7.087431385445691e-05 0.0 5.205073734351837e-06 7.508954310519695e-06 3.190725900706692e-05 2.307153608755999e-06 3.434229084860399e-05 4.132475946013764e-05 5.831515965212762e-05 4.376539295382024e-06 1.7362826638791778e-05 2.1142978487971576e-06 0.0001235768737784203 5.7992734211555367e-05 0.00025137650618141106 2.7694616997660773e-05 5.8777492649984246e-05 0.0 5.230352477649613e-06 1.7079624704877038e-05 0.0067906512804450985 0.001097655382721781 0.00037984474292038526 0.00048182505297515054 0.011769267813704593 0.0 0.0 0.0 0.000321697884289417 3.8710234552409545e-06 4.178337229633214e-05 1.507775977329411e-05 2.32365159683865e-05 0.00011858188946529528 6.163219820265552e-05 7.747376293263814e-06 0.00018206258442704374 0.0002458894944503095 0.0001680525136097038 5.489974383439085e-05 0.0 0.0 0.0 0.0 0.0 0.0 0.0 0.0 1.0860232610067768e-05 0.0 0.0 0.0 1.1867846934527657e-05 0.0 8.64487199010036e-06 0.0 2.67305060631885e-05 3.6168084846473645e-06 1.0574081603164847e-05 0.0 0.0 0.0 0.0 4.22143753813437e-06 1.508587735813067e-05 1.633186419283126e-05 3.3886937738600164e-05 1.958445269542471e-05 5.2256937031812706e-05 0.0 0.0 0.0 0.0 3.831305905928623e-06 0.0 0.0 0.0 5.055443294792445e-06 0.0 0.0 0.0 2.662725660736722e-05 0.0 0.0 0.0 0.0 0.0 0.0 0.0 0.0 0.0 0.0 0.0 0.0 2.2878426141290494e-06 0.0 0.0 5.982531054845384e-06 0.0 0.0 0.0 7.10989306204199e-06 4.941855484634651e-05 0.0 0.0 0.0 1.1671012902914718e-05 0.0 0.0 2.298848028406455e-06 0.0 0.0 0.0 0.0 0.0 0.0 0.0 0.0 0.0 4.054876584336588e-06 0.0 0.0 7.340233250746846e-05 1.735943231327284e-05 1.7259785138079678e-05 0.001196224899396577 2.60694435544587e-05 0.00026571776487265274 8.27118092375433e-06 0.005360549953072132 4.518526471996242e-05 0.000151299462700108 0.0 0.0003749201127719904 2.2667021604447004e-06 1.332218772915413e-05 0.0 0.00011809843972643696 0.0 0.0 0.0 0.0 0.0 0.0012875212606773476 3.8463294086956347e-05
0.022751938494259494 0.11205167133546223 0.00108361540628791 0.05516690824725444 0.037937631602579805 0.001253808268431357 0.0 0.00016280482357852909 0.010583566224498657 0.04627647085280877 0.0011114492078619258 0.00698653185886556 0.06555382046239153 0.025588863855923186 0.0004095537140978193 0.0001058765197909011 1.5714205958487406e-05 0.0 0.0 0.0 0.0 0.0 3.868526287982263e-06 0.0 0.0 0.0 0.0 0.0 2.576000839911992e-06 0.0 0.004973921337987111 0.0006462661151193529 2.8626166153952887e-05 0.0 0.0 0.0 3.908104973095347e-06 0.0 0.0 1.7635273932842984e-06 0.0 6.0634989481017825e-06 2.7235172682219178e-06 1.5066321218719544e-05 4.70603282133904e-06 4.699673557511861e-06 0.0038354521357082507 8.836554159921242e-05 1.703660256293128e-05 5.503277266656214e-06 0.0 0.0 0.0 1.3403488623536977e-05 0.0001401698961518075 0.00010312145970747459 0.0009636995961955818 0.003459585283162497 0.0008611443731729942 0.0017501910741610303 2.1810875708345874e-05 1.6771206124186054e-05 2.151259097289796e-06 0.0030326470756871235 0.00019190763973163787 0.00017127353524322035 4.2531477921737955e-05 3.823257173169234e-05 0.0 3.733538856460151e-06 0.00019942873476509095 0.0 0.0 0.00291063490340503 0.0022280800643984305 0.003337376380911643 0.0008645070321954663 9.176467516310043e-05 6.088992913848904e-05 6.776385917180161e-05 2.923581001333801e-05 6.095258947596366e-05 0.0008938914108660833 0.0 0.00013379164528960316 0.0001593918404432017 2.7796675701503267e-05 0.0 7.841320994761369e-06 4.373457499608814e-06 3.939163640145802e-06 4.036515461775246e-06 1.2796571381469509e-05 1.8311832594401752e-06 5.840107735464834e-06 0.00038113115356703327 0.0 0.0 7.127130646991241e-06 0.001290761084421085 6.912740939291562e-05 0.0001319487131635756 0.0016549564868293513 0.01008332131981217 1.1100790781390472e-05 0.0035418045781043933 0.0006480905511823012 0.001376632906653905 0.008549630126045808 0.001953834082845761 4.268679138718126e-05 0.008057756244277575 0.0015264879976100148 0.0006298815400212689 8.933646489740523e-05 2.958095408045362e-06 0.0 0.0 2.5381429449436263e-06 0.0 3.4960082317517396e-06 0.0 0.0 0.0 0.0 0.0 0.0 3.5447724253958348e-06 0.0 0.0 0.0 0.0 0.0 0.0 7.524931182546521e-05 1.6883162911203605e-05 0.0 0.0 0.0 8.210603736922737e-05 3.847892773922584e-05 0.00012462919623362344 2.296864522209107e-05 4.033719071168301e-06 0.0 0.0 0.0 0.0 0.0 0.0 0.0 4.160073823795863e-05 1.548596302861879e-05 0.0 0.0 0.0 0.0 0.0 1.6593214121986638e-06 6.108347137208151e-06 5.8878176530016265e-06 3.680180748505641e-05 6.001343946660343e-05 1.0568557401076384e-05 2.0812184858743727e-06 0.0 3.599631102616925e-05 2.8657382109445244e-05 5.718212093105617e-06 7.349241374763882e-06 7.615048947071989e-06 0.0 0.0 0.0 0.0 2.0409185257804337e-06 0.00011440128448434335 2.2027429138631213e-06 0.0 0.0 0.0 5.51591017276069e-05 4.0037634703492126e-05 3.0948489738205e-05 3.0109342082493492e-05 2.9093163385312726e-05 3.345205583872586e-05 1.3507916377913792e-05 0.0 0.0 0.0 0.0 0.0 0.0 5.445263762011181e-06 0.0 0.0 0.00013533745101914211 3.8707983041719554e-05 5.808457752582159e-05 0.003986301434793369 0.00010745246331654759 0.007862936666983577 0.0005779095507909568 0.008051771736710919 0.0011282788109879557 1.8139969894186046e-05 0.0006433309517519949 0.0002822412116761566 3.1218180049057154e-06 0.0002505457589567799 1.9088022224643943e-05 0.0003510696681136384 3.636685700605665e-05 0.0 3.0226259767439897e-05 0.0 0.0 0.001820604826133253 0.00014943545034037438
0.0007519237729906023 0.0014338996438194526 0.04829408820393539 4.205529228173485e-06 0.0010652918413746203 1.3250665501558784e-05 0.00016280482357852909 0.0 0.019686226767577936 0.00032235889374315177 0.05639312451711364 0.0002746595155555349 0.000745657282901945 0.011540413422800362 0.0023353718338588957 0.002880971126383035 0.00021628948117321172 0.00012101922911381932 5.230634692692382e-05 0.00035497366260407904 0.0008977454614995657 2.736078814505085e-05 0.00034231809126924524 7.382494232638307e-05 0.00022159132790090303 9.526489657560007e-05 1.9464963975654158e-05 6.821530992485485e-05 1.3383631384234367e-05 0.0 0.042261872972449155 0.03989907530007401 0.003977131998002175 0.0006188544385337181 0.00043059646436457473 0.001136504869576697 0.0004429890217881901 0.0005687062661070877 0.00017920760933452627 7.978022051444949e-05 0.00020382158958031545 0.00041066379058291686 0.000673489031074148 0.0007406082447609917 0.001003152253518108 0.001765254266499801 0.0021568497000075872 0.00017379038795221064 0.0004261399807449726 0.000824805690075254 0.0001656748086285833 5.804802314602082e-05 4.875366043633479e-05 0.0004394734872711241 3.83718085100683e-05 1.959041362030196e-05 0.0006212346202107166 0.00541320511475533 0.00029731469497801743 0.0005013891356231856 0.007038902932374652 0.006200928479721411 0.00045354086771880176 0.02015228293280717 4.788329375442381e-05 7.238737851063955e-05 3.668465881469748e-05 0.0003271304735372425 0.0011111547036787132 0.0019867297400333913 0.0010765262715471122 7.496678067045889e-05 0.0 0.0012620209488021998 0.002401318831037428 0.0030140139597845984 0.01467534622294782 0.008204683423682352 0.037301825600451644 0.02922379495482816 0.011741503387251525 0.038465110527580365 0.0002103470283051691 2.2522896260354063e-06 3.524509204494494e-05 4.697356657819931e-05 0.0007264057337527217 2.536440237851879e-06 2.0592456999687397e-06 2.2950545109633956e-06 5.312020423888847e-05 4.8175813066680415e-05 0.0011079471395896952 0.0001427602999728178 0.00017386057954005892 0.00041159838980434196 0.00017068527595873471 1.6638975164078474e-05 0.0002229453652419893 0.0009231508619122611 0.0 0.0 1.2085789347995143e-05 0.0 0.0 2.212669111067708e-05 0.0 5.904328333340327e-06 2.3978687793494525e-05 0.0 2.1828771448185415e-05 2.8456964050852003e-05 0.0001291826159352316 9.694842283658268e-06 8.787318698033386e-05 6.193656839721345e-06 7.46340122353705e-06 0.0 3.1722014847651085e-06 0.0 0.0 0.0 2.5557525972375454e-06 0.0 0.0 1.6572925618930102e-05 0.0 0.0 4.105205815037061e-06 0.0 4.1679222782138335e-06 3.622929086294263e-06 3.838483513200255e-06 0.0 0.0 1.5381311453812723e-05 0.0 5.717104250218752e-06 1.0357508383878143e-05 0.0001064847267299542 8.439458419885333e-05 0.00015938976413341173 1.532875237796685e-05 2.7045482480099695e-05 1.0847237377583957e-05 0.0 0.0 0.0 1.670883733329192e-05 0.0 0.0 0.0 6.2929061877490965e-06 0.0 0.0 4.162007413943212e-06 6.669928323047622e-05 1.7833671636753585e-05 4.162643732694062e-06 0.0 0.0 2.2829259002635803e-06 3.490743675008796e-06 0.0 3.501385381088666e-06 4.799530632595384e-05 0.00010441965965168682 8.288422602979728e-06 0.0 0.0 0.0 0.0 0.0 0.0 0.0 0.0 7.373716855201001e-05 2.169551674844678e-05 3.1946688251100715e-06 1.1362060189781667e-05 1.753164115041763e-05 3.3804150451381886e-05 0.0001081088477735922 0.0001064462949539462 2.0033206173472684e-06 6.0579599042622944e-06 2.990842452221055e-06 0.0 0.0 0.0 0.0 0.0 0.0 0.0 5.54660033789862e-06 2.5252273802498e-06 0.0 5.604891741536987e-05 3.872001066027445e-05 0.00013475609877851288 0.003930797801775309 0.0003856797602764383 0.005736278809575777 0.0023403922663159933 0.0005134566336219087 0.00039634907440154303 8.759270159864124e-06 0.0006516676091928323 8.80423546232772e-05 4.0494155023386915e-06 2.8498556608043836e-05 0.0 2.563905290492047e-05 2.7796755539888085e-06 0.0 3.723820580245787e-06 3.494123704680193e-05 4.0133529133408845e-05 0.00037008102092319365 0.00010931658093329708
0.0017606543305327472 0.04737423748161947 0.01237917320589653 0.0015215903088222223 0.06329642835170496 2.4845410910826246e-05 0.010583566224498657 0.019686226767577936 0.0 0.004070672880872969 0.011254150100690669 0.0011022574541950342 0.01198967447235629 0.04668611251110521 0.00017954734247452677 6.021797534342938e-05 0.0 0.0 0.0 0.0 0.0 0.0 0.0 0.0 0.0 0.0 0.0 0.0 0.0 0.0 0.002281930404484725 0.0003368965127241373 0.0005278208231596738 0.0 0.0 3.6375709001676706e-06 5.4590311067379806e-06 5.9531203339432396e-06 0.0 0.0 0.0 3.0504459007690137e-06 0.0 0.0 0.0 2.1867114344282107e-06 0.0007943539215014362 1.6428882672144576e-05 6.606027215187301e-06 0.0 2.158962648451205e-06 0.0 2.924635959820463e-06 3.7453377073354636e-06 2.400010188130123e-05 9.565906874657628e-06 0.00019235493650035244 0.0007578980858096559 0.00012580207072623094 0.00032412745914323234 0.0 1.2774365392418457e-05 0.0 0.000653579045382557 3.496052569350491e-05 4.4120031135531285e-05 5.419696713434871e-06 2.134262562848572e-06 0.0 3.2426779659951188e-06 7.834699151357435e-05 0.0 0.0 0.0004794539498437189 0.00039136534320640217 0.0006609050618052943 0.00028417804329604915 3.70862419666856e-05 9.053804043638309e-05 0.0011540730415648274 1.1172292025820577e-05 4.542108035475064e-05 0.00013064854199599447 0.0 2.6529031169565362e-05 2.7321139686648463e-05 0.0 0.0 7.850886588594496e-06 0.0 0.0 0.0 0.0 0.0 2.3305696270026984e-06 8.20106241873525e-05 2.9699256142521528e-05 0.0 5.055895371116772e-06 0.0002663653418593304 0.0 0.0 7.698833872910897e-06 9.432560565490253e-06 4.194746269566617e-06 3.0601531224377835e-05 7.202841660272468e-06 2.7546816699538134e-05 6.66260386773826e-05 4.4085771085725214e-05 3.1326588804605494e-05 5.97105476469235e-05 0.00020876241242026843 5.6509718642163787e-05 5.509321168863335e-05 0.0 0.0 0.0 0.0 0.0 0.0 0.0 0.0 0.0 0.0 0.0 0.0 0.0 0.0 0.0 0.0 0.0 0.0 0.0 0.0 4.3377637707726904e-06 0.0 0.0 0.0 5.674328378983107e-05 1.6732193643344837e-05 2.2961950568809693e-05 0.0 0.0 0.0 0.0 0.0 0.0 0.0 0.0 0.0 4.091089092079233e-06 9.878089459884463e-06 0.0 0.0 0.0 1.8107178495352115e-06 0.0 0.0 0.0 0.0 0.0 2.199884938519164e-06 0.0 0.0 0.0 6.583888355205542e-05 0.0 0.0 0.0 0.0 0.0 0.0 0.0 0.0 0.0 5.388112460743805e-05 6.989493707018882e-06 0.0 0.0 0.0 3.518689770977016e-05 6.902993934906248e-06 3.9907247361813605e-06 0.0 0.0 0.0 0.0 4.546244653259066e-06 0.0 0.0 0.0 0.0 0.0 0.0 0.0 0.0 6.582091002096912e-05 3.1307578568680357e-06 3.7412700951639905e-05 0.000977460777330834 3.627210675572759e-05 0.0016441924724382054 0.00017213505470616675 0.0006576501480950403 0.0002450096007289989 2.2952489890802765e-06 0.00016769961720130273 5.7590102924874186e-05 0.0 2.645188818320246e-06 0.0 0.0 0.0 0.0 0.0 1.1785302574360645e-05 0.0 0.00039206070278401806 6.833740362782258e-05
0.04064753256852796 0.018803361907178073 0.003267609721266159 0.06717885798773782 0.011487706586575561 0.01236867950278145 0.04627647085280877 0.00032235889374315177 0.004070672880872969 0.0 0.009148488022819526 0.053809053585285975 0.1793932273857986 0.027873428454388838 0.0004309271907794359 8.383559250619961e-05 2.8799121343519925e-06 0.0 0.0 0.0 0.0 0.0 0.0 0.0 3.6448368755660974e-06 0.0 0.0 0.0 0.0 0.0 0.0022121546526460874 0.0002638110679781603 0.0019044033963180073 1.8637733563636484e-06 0.0 2.8096161424620332e-06 0.00042626753092387765 6.204186874419362e-05 3.916831308556713e-05 0.0 0.0 0.0 2.1979630170588272e-06 1.365228055478185e-05 8.411153648267337e-06 5.405626904057873e-06 0.0020823820216642835 4.168826157910747e-05 4.583362507814246e-06 4.788758865009978e-06 0.0 3.2634779123800883e-06 0.0 0.0 6.635473334518614e-05 5.091297382777575e-05 0.0008324448456084825 0.0018016087103429658 0.0004264555266074577 0.0009373536064648663 6.71168734668372e-06 0.00019582743932216166 2.7617105526444827e-06 0.002577530705771523 7.237789565530352e-05 9.471389452165339e-05 2.9255581102246732e-05 2.5505353805625277e-05 0.0 1.9007543938576536e-06 0.009021336784211303 2.364823944822158e-05 0.0 0.0013353390176947101 0.0016250954919373565 0.001662480619815704 0.0006286514995391784 0.000141611669906997 4.758087840613025e-05 0.000274409479817316 6.499085234067858e-06 0.00013228089679955462 0.00040000825472060847 0.0 5.7947762170595624e-05 7.438193737703681e-05 1.1861726503475598e-05 2.272384845138938e-06 1.8512527187229623e-06 1.8851514486592392e-06 0.0 5.255742448782657e-06 0.0 0.0 2.6580709464255564e-06 0.00345468049489987 0.00045204415696630044 0.0 0.00010796136989971599 0.007077441400101145 5.440371033780128e-05 0.0005271831556860253 0.0007478854789070321 0.0013073201848636377 9.698608830057224e-05 0.0010385403663055609 0.0011770195910021338 0.0007422918481308417 0.002317830260506335 0.0024260273706379195 0.00027704035641099256 0.003368848400452053 0.0062711874433191055 0.0020272895187972077 0.0012032139135615026 0.0 1.5889715805773995e-05 6.426904680987382e-06 0.0 0.0 0.0 0.0 0.0 0.0 8.59898231949964e-06 0.0 0.0 8.611267365667153e-05 4.331099312777882e-06 0.0 0.0 5.525766784330298e-06 0.0 0.0 3.7287298902952286e-05 0.0003705497819345977 0.0 7.813768256373768e-05 3.7438961809427917e-06 0.0007175954147931245 0.0003671823191320438 0.0007133225355753423 9.49052079336695e-05 0.00017296347126410255 3.1422781263706574e-06 0.0 0.0 0.0 4.371059175000054e-05 0.0 0.0 3.6291178235200086e-05 6.576966725490383e-06 0.0 0.0 0.0 4.647559120055322e-05 0.0 1.8795709502737835e-06 2.218993334714879e-05 1.6828010623204476e-06 2.6437001053950046e-05 3.785765681796867e-05 3.163554373547146e-06 2.2312995346424777e-05 0.00021697427956551206 0.000762284778227498 3.514866740626747e-05 0.0 6.485024125027666e-06 3.305305037476061e-06 0.0 0.0 0.0 0.0 0.0 0.0009446724843465502 0.0 0.0 7.969655909927428e-06 0.0 0.00036289577339108464 0.0003553237774636243 0.0007129519029332764 4.863245092641952e-05 4.989612145157432e-05 6.48877584673508e-06 1.2239584519368065e-05 0.0 1.2264694885559382e-05 0.0 0.0 0.0 0.0 0.0 0.0 0.0 0.0016363282347562921 0.00021945723729765255 0.0003609718109340893 0.03130150966068168 0.00025932796491041785 0.00737489176659599 0.0009482413556813347 0.035540292886473694 0.001290826957059385 2.3461219055338214e-06 0.0012932118369182598 0.004286147622417708 2.197103696733955e-05 9.455847562859936e-05 1.892666663117984e-05 0.002013108806568107 3.5481375109593026e-05 0.0 5.037563932057483e-06 0.00011487331426346457 0.0 0.0098237441566136 0.001033126662759428
0.009578076874053803 0.011963876705177803 0.06467530022435737 0.0009459599132737943 0.006522378151419659 0.00019337997367575716 0.0011114492078619258 0.05639312451711364 0.011254150100690669 0.009148488022819526 0.0 0.009426930242664226 0.020810128063638626 0.03846646078402803 0.002766917493198162 0.0021446307876590697 3.2260352964291996e-05 1.6518809694580146e-05 0.0 8.672540903573571e-05 0.00022028846269961857 1.627003977006955e-05 9.638314165339111e-05 1.9654795771490337e-05 8.880232972582185e-05 3.6017296750334284e-05 1.4720573757657082e-05 1.8548044521001837e-05 7.3684786724202245e-06 0.0 0.041870798889735675 0.01158691777543786 0.018216020215143743 5.0081457561608574e-05 0.00012096640595716213 0.0007562704145168159 0.0025292317800388996 0.0006826668014232463 0.0002445639560007089 5.1906098338364105e-05 5.443399774558294e-05 7.346098864287342e-05 4.759228795958213e-05 0.00017113510128415844 8.389120045301469e-05 0.00013426829034150867 0.004062095134881454 9.071188186614062e-05 5.721502765200151e-05 9.429296437952723e-05 4.740076676305167e-05 7.177305318767246e-06 1.3683891437327342e-05 6.782243239811462e-05 7.910703877773604e-05 4.201966934975706e-05 0.0009530085733653828 0.006771169628711664 0.0005648680533278975 0.0010465954388809658 0.00039086816911271656 0.001513177183779991 8.739099827852819e-05 0.003927769939560566 0.00010438890276690721 9.356075324590031e-05 8.609683733773289e-06 9.042764288619738e-05 0.0001753967458081993 0.0003150434084810384 0.0046256713620295275 5.1516402575972944e-05 2.7558934392168216e-06 0.0021682955147573264 0.0022498488545304985 0.004449790511910072 0.0028705709648538503 0.0016146193674263112 0.0024605340787455707 0.0069362996408441745 0.00030630917686693836 0.0031319872206003983 0.0004272199288166788 0.0 5.5727649631377585e-05 8.689778044976244e-05 8.429557863085103e-05 3.824743975432275e-06 6.189629948538026e-06 0.0 1.2621181121165317e-05 6.656681258461933e-06 0.00022376907918258304 3.565484208367817e-05 2.3914006589552737e-05 0.0032093340410129486 0.0004069843911928944 1.485891491312636e-05 0.0003930875223343046 0.0046031566200319006 5.532357374759659e-06 1.2489731997206568e-05 6.37269206348247e-05 6.817792048331537e-06 2.255674091172626e-05 0.0002089626668784107 3.838506355849248e-05 0.00019933710588853785 0.00034893276388970224 0.00020264384051076783 0.00017974284688996166 0.000885481700279562 0.0015612470833818387 0.0005211999917243261 0.0006939636682833783 3.674217401181672e-06 2.7938814127502053e-05 2.377775095599476e-06 0.0 3.991462388266794e-06 5.705708514948868e-06 0.0 0.0 0.0 0.0 0.0 3.1808646318979685e-06 4.385043721076337e-05 0.0 0.0 3.197620115831165e-06 3.727946245841099e-06 4.179614166124863e-06 0.0 4.724116983178664e-05 0.00015077384737599241 0.0 2.7836542350705198e-05 1.7712152156015176e-05 0.0006667973012765325 0.00026759670513380534 0.0007640525882336296 0.00015012793113007602 4.44378684278987e-05 2.466771181996603e-06 0.0 4.010486442373926e-06 3.1156546010136184e-05 2.2826999815178034e-05 7.601663052406022e-06 0.0 4.61428811088999e-06 3.529614835085079e-05 2.4455108001401784e-06 0.0 0.0 5.393252005588459e-05 0.0 0.0 8.501311314925733e-06 0.0 1.1742407184380538e-05 4.0025048557433116e-05 0.0 3.6992835150716575e-05 0.00015976034303810316 0.0007501218138213102 3.384337122852199e-05 0.0 0.0 0.0 0.0 0.0 0.0 0.0 1.0232663327341066e-05 0.0006837360520043601 3.302527071111768e-05 0.0 0.0 0.0 0.0003202084657839195 0.00026187654553001344 0.00038953439741497845 8.979965803444198e-06 1.157634607346211e-05 1.9375816230444833e-05 0.0 2.872458845819938e-06 0.0 0.0 0.0 0.0 0.0 0.0 0.0 0.0 0.0005956508473693301 0.00036591609326679 0.00046369714140659054 0.011537779160922695 0.0003874549691513483 0.011593528574361297 0.0029461425112242614 0.0024028636515817684 0.0016400740289754178 7.366377967568229e-06 0.0016755365371487506 0.0009049604867020762 9.47897259748912e-06 7.185171139739864e-05 2.1053826989675782e-05 0.00048503448644241854 5.8163213558218634e-05 2.4323709032325802e-06 2.086191291323026e-05 0.0002553275157566078 2.6523750918097197e-05 0.0022684389871867007 0.0006693549350230638
0.003196840330232304 0.004848841698704152 0.003225162613410559 0.006492284391299199 0.0015628786367308434 0.0028951978222804937 0.00698653185886556 0.0002746595155555349 0.0011022574541950342 0.053809053585285975 0.009426930242664226 0.0 0.03512015218936741 0.01984196975551365 0.00035944722634959384 0.0004182102894056849 3.84063607888342e-06 7.660579003751318e-06 0.0 6.300919539138801e-06 4.145408791964817e-05 1.1462996720770787e-05 6.5793233226014336e-06 0.0 0.0 3.4534229831896065e-06 5.173293962915371e-06 4.732777486091516e-06 0.0 0.0 0.001518647411026037 0.0002380772032381739 0.0026779672016209047 1.9761559481002637e-05 1.3639381537787442e-05 9.052391637784715e-05 0.005764651411919639 0.0005688283954643769 0.0006557047109890704 0.00017313994463104192 7.647846487320136e-06 1.1467832743277233e-05 2.72926682609319e-06 3.7848801751641505e-05 2.5342886957377507e-06 2.0971416205267997e-05 0.00055431205563068 7.3104452081789865e-06 7.975841849397809e-06 2.0909282323467673e-06 5.996527337846617e-06 1.3792766087382002e-05 5.407194090609225e-05 2.70525543185709e-06 1.580226991468222e-06 4.210933672684711e-06 8.219805946688522e-05 0.0003550712605940619 8.049728350871975e-05 9.293970205079624e-05 3.5710537375051015e-05 0.0005454539615863175 2.067511531720711e-05 0.0004355116546475331 2.3382231938761727e-06 1.1231233907581458e-05 6.6203679291692204e-06 1.3259250345660375e-05 2.87629808267995e-05 5.689611885344802e-05 0.006848433899475606 0.00021833276346108646 1.202224822936486e-05 0.00013077957538032967 0.00021654935630998075 0.000520420253721425 0.0003544838904498791 0.0002515514421476581 4.207058013826495e-05 0.0006146806648525139 3.1532939810522335e-05 0.00013823878440628404 4.383748189747196e-05 0.0 2.077721974046655e-06 4.207198839866393e-06 2.2726970336949846e-06 0.0 5.870403161203947e-06 0.0 0.0 5.309174799611261e-06 2.8745162366422197e-05 0.0 0.0 0.024111985188003608 0.001407766438567236 5.9395702929228296e-05 0.0015469917655940159 0.0006681624305234795 2.264461584883905e-05 9.212745532471008e-06 0.00017331371202263923 2.0896699248115778e-05 6.179750460200458e-05 0.0006257079649124575 0.00017130919775320085 0.00045397400801596094 0.0009400944827815631 0.0006640726713887682 0.0003838805771969669 0.002234718945279568 0.0045487086785465265 0.0014065415763208997 0.0014448861691538641 2.7531199083183516e-06 8.397985773806082e-06 0.0 9.894510407337654e-06 0.0 0.0 0.0 0.0 0.0 0.0 0.0 0.0 3.3611606538789416e-05 4.216475957826148e-06 0.0 3.782208711158077e-06 2.4259401601677078e-06 0.0 1.0593404539430554e-05 2.0426643251286055e-05 0.00015325619676693572 0.0 5.083214804002054e-05 9.108522833091113e-06 0.0011209575396606756 0.0002541751515403482 0.001175799601797384 0.0001610259953635069 6.741871510468597e-05 0.0 0.0 0.0 0.0 6.87354709907661e-05 1.772023118641804e-05 0.0 0.0 2.9386057153241737e-05 0.0 0.0 0.0 7.746731666544287e-05 0.0 0.0 1.4418919774131617e-05 0.0 8.555488141633345e-06 3.4274845155290225e-05 0.0 6.849365570607209e-05 6.884577369022114e-05 0.001071435402869166 1.3282916797131268e-05 6.650100733128095e-06 2.975773810059545e-06 0.0 2.957427358654392e-06 0.0 0.0 0.0 0.0 0.0016498322922789395 1.3998947351433676e-05 0.0 0.0 0.0 0.0005407843623636329 0.00025863769673578277 0.0006699838593405996 4.300887819699736e-06 4.554361333942975e-05 1.6495599413709725e-05 0.0 1.3611890350017885e-05 4.72538407634808e-06 0.0 0.0 5.6866056460259474e-06 0.0 0.0 0.0 0.0 0.001461996375542621 0.0005082105594650525 0.0007915655497049156 0.005680185212348407 2.2369077205703628e-05 0.0017953247385481441 0.0007767287556540155 0.008357328019525904 0.00021316520694380877 0.0 0.00035276528784278395 0.001825045566408104 3.6657091541629567e-06 0.00018965315216169201 2.4526701025855463e-05 0.0007395200776005195 0.00010764721404398215 0.0 6.569808531911471e-05 0.0001204105289850856 0.0 0.01630064378583717 0.002059597914680163
