0.0 0.03004997828944731 0.00789343792638218 0.02575068769152234 0.0025206879761440564 0.0026619721700567468 0.009293670175981098 0.00047757517632758745 1.2532667088801019e-05 0.021719477808011492 0.0005788699231669846 0.00016195980405034563 0.000773420389722807 0.0005096046349095373 8.205284916162216e-05 1.1792710701409005e-05 2.729147448239248e-06 0.0 0.0 0.0 3.6913305719446617e-06 6.207963779335036e-06 0.0 0.0 0.0 0.0 0.0 0.0 0.0 0.0 0.007867637461705178 0.00012427112108323728 8.038576837808148e-05 2.563627025397861e-06 0.0 1.5163647304164417e-05 4.24125829872143e-05 4.179053093921635e-05 1.9828991250879095e-05 0.0 2.4089408794527252e-06 0.0 1.9859611340925044e-06 2.5514226287739642e-06 6.736397531738767e-06 6.5066013917458914e-06 0.0007224333061138534 9.734662879066642e-06 0.0 2.0407938803680043e-06 6.363108379179156e-06 2.528052466219758e-05 0.0 4.189071720393698e-06 4.347715509482628e-05 2.2655719923508736e-05 0.0029819174574698807 0.0122588865401379 0.0012874414058335404 0.0002794095605213452 0.0 4.8563559352473216e-05 3.2566568667218246e-06 0.0016819692543213148 6.398132160273852e-06 6.052069141049222e-06 0.0 1.0476562289748487e-05 7.74385248653428e-06 4.881567099263724e-06 0.00014965933545238786 0.0004742219519022899 2.537024817459661e-05 0.0032627262276999185 0.0009168060509080259 0.0007442041230829976 0.00012998324152542788 6.404195589854467e-06 3.939213275211716e-05 4.81515401281034e-05 1.4250641933929065e-05 7.348077011128723e-05 0.0001072666131948013 0.0 0.0 3.074619435424501e-06 2.73190166627936e-06 0.0 2.684095343029269e-06 6.079534657649227e-06 3.4372911975679426e-06 9.806417139096277e-06 0.0 0.0 1.1819499785553004e-05 0.0007909040911433758 0.0006005125986675086 5.518681072404107e-05 5.045091554925273e-05 0.020304824813264136 8.762058283547912e-06 0.00013922183675474676 0.0002658695289017192 8.924557672111454e-05 8.605647005503807e-05 0.0004175739431075528 0.00018300228520439014 0.0002324618545889435 0.0006507398568596579 0.001286266094940162 8.324368611284227e-05 0.0003440779321889206 0.00044594208051817964 0.00010569828565262192 0.00019401165610675994 0.0 0.0 0.0 0.0 0.0 0.0 0.0 0.0 0.0 0.0 0.0 0.0 0.0 0.0 0.0 0.0 0.0 0.0 0.0 9.837477314307094e-05 7.780131937693421e-05 0.0 0.0 4.692818418345582e-06 3.820544329069591e-05 3.0478652977425496e-06 4.205539170398145e-05 2.287623078853561e-05 0.0 0.0 0.0 0.0 0.0 0.0 0.0 0.0 0.0 0.0 0.0 3.2919309518509364e-06 0.0 6.690734737104508e-06 0.0 0.0 0.0 0.0 0.0 0.0 0.0 3.3916945827961874e-06 3.814292756473927e-05 0.0001612593089894822 0.0 0.0 0.0 0.0 0.0 0.0 0.0 0.0 0.0 0.0001064838864877556 0.0 0.0 0.0 0.0 0.00014165290180249092 0.0 0.00018120830813835522 0.0 0.0 0.0 0.0 0.0 0.0 6.787594535469007e-06 0.0 0.0 0.0 0.0 0.0 0.0 6.374605808875834e-05 0.0 3.322142867220169e-05 0.007418697949312791 4.806621113330683e-05 0.0017861107246700172 0.00029668419145648437 0.02230576491789796 0.0002459696363028998 2.28216380807713e-05 8.051025466518679e-05 1.9312740053560484e-05 0.0 8.774841044118695e-06 0.0 0.0015135595307301719 0.0 0.0 0.0 2.3513125472626643e-05 3.0234752882181056e-06 0.008732772764159511 0.0018985105070411467
0.03004997828944731 0.0 0.015461198012586337 0.004982887919876869 0.025229875166653974 0.000937894301006583 0.014336242883512988 0.0017949723001027453 0.0022771838839420184 0.009270382107471381 0.01755464752750081 0.0017074180887892711 0.014553766446006887 0.013031240857676213 0.0002845187251913082 2.690976629029487e-05 8.374345415609008e-06 0.0 0.0 8.558152229962866e-06 1.0708277208923156e-05 1.5599815844301334e-05 0.0 0.0 0.0 5.204811607679106e-06 0.0 0.0 2.6136618408496385e-06 0.0 0.04892222951188141 0.0007693323709393928 0.0006230638478900498 0.0 9.487829028333325e-06 9.129933137059439e-06 0.00021990350075846068 1.9485336916551082e-05 6.471197502351813e-05 1.4635773568814997e-05 0.0 1.4130698468474534e-05 5.739879509071765e-06 1.1406037927546788e-05 4.6345366746813915e-06 2.455242713828597e-05 0.0025566443485720586 3.914018601557092e-05 4.759848790367959e-06 1.5346093827483084e-05 5.132281754607406e-06 0.0 5.149467332565389e-06 2.2243335727025904e-06 7.241974113809608e-05 0.00010553149907577747 0.004687557808814031 0.03377996487356774 0.003564552626579893 0.0007456206960505668 2.1433618775264063e-05 9.564053508738832e-05 2.5495247519447852e-05 0.005308650060750042 6.598003644815523e-06 9.7295842844696e-06 4.874021721276912e-06 2.7337957863638687e-05 1.4333277648578717e-05 1.856276626282258e-05 0.00014444655932759277 4.1578315709033366e-05 0.0 0.00954669625606763 0.0030418171841041734 0.002780288752987786 0.0009154778966393291 3.269097654319935e-05 9.868550987588879e-05 0.0007609396618132239 1.5506350002647802e-05 0.0002454288577127778 0.00021440633818847768 3.5236495840871956e-06 1.1641139814140011e-05 1.429582945667948e-05 2.6770614283560585e-05 0.0 8.65566683765998e-06 2.875693034265826e-06 0.0 0.0 4.146597790421266e-05 1.0606725629613401e-05 1.6670524987479614e-05 0.00023087895590099807 6.734434872905567e-05 0.0 1.7572720980172923e-05 0.018060891533048157 6.933845042306673e-06 3.0258942823210292e-05 3.634648065749917e-05 1.9024239754543417e-05 6.317570037632863e-05 0.0001852565906102677 8.035550081047143e-05 8.61022601858434e-05 0.00017364342762315053 0.000270618516986929 0.0 0.0001324194616131548 0.0001510474445266195 4.5498727110575875e-05 7.965003155756629e-05 3.825483050452287e-06 0.0 0.0 0.0 0.0 0.0 0.0 0.0 0.0 0.0 0.0 0.0 3.2474327480644086e-06 0.0 0.0 0.0 3.6190132370452896e-06 0.0 0.0 7.011646787593615e-05 4.381164799571315e-05 0.0 0.0 6.08886099470813e-06 2.9072201378926747e-05 0.0 3.390498146984917e-05 2.717433350477876e-05 3.257554204501047e-05 5.885828165843494e-06 0.0 0.0 0.0 0.0 0.0 0.0 0.0 0.0 0.0 0.0 0.0 0.0 0.0 0.0 0.0 2.2606497176468785e-06 2.2230632688071666e-06 0.0 0.0 0.0 3.0813496435009804e-05 8.299203598439264e-05 2.9910205089146695e-06 0.0 0.0 0.0 0.0 0.0 0.0 0.0 0.0 5.825858071231638e-05 8.893221965888931e-06 0.0 0.0 0.0 0.00014201298381338127 0.0 0.00010126786383663631 0.0 0.0 0.0 0.0 0.0 0.0 0.0 0.0 0.0 0.0 0.0 0.0 0.0 7.097027284738621e-05 1.0595247682569317e-05 5.109676482741264e-05 0.0055074359410927495 0.00014896268646808812 0.004962694245258125 0.0008872067780334691 0.012993193726226898 0.0003895618813143581 2.965213529561898e-05 0.00025589401129316015 9.022039888806559e-05 3.3123296385787892e-06 7.8482701125627e-06 4.9990713016673486e-06 0.0002772661114087129 0.0 0.0 0.0 6.913878140958954e-05 0.0 0.002811671509161071 0.0003761588203869885
0.00789343792638218 0.015461198012586337 0.0 0.00015322879045635756 0.02910076647416064 8.557522975230627e-05 0.006731170673827882 0.028446619209915192 0.008708434139476029 0.0004736515262626746 0.03596472977480349 0.00040632016975454674 0.009493119679809394 0.05104535024460712 0.00044879490043778914 0.00025241145547220994 1.5655956680334346e-05 1.9412052438314548e-05 3.501733128829543e-06 4.274613823084138e-05 0.0007154980717312648 7.641341342901323e-05 0.0003002109427574938 0.00021320303299484522 3.8143437127839016e-05 8.53466289997308e-05 5.57700409657659e-06 1.2609990941219459e-05 2.4246740387649377e-05 0.0 0.08165471790087164 0.005430264197081846 0.013047254696269234 0.00013941493954642062 0.0005584535825785822 0.000264081726875528 0.0019665810683693174 0.0004352298912712456 0.0002851466903991 2.2955140555084844e-05 0.0008280136979110196 0.00044184430948770016 9.765700360918667e-05 5.8721337831271274e-05 4.010728566965562e-05 0.00016881823484596938 0.0018332011215936818 4.25185616280193e-05 4.8288516280744436e-05 0.00014031983012975318 0.00022308196928465918 0.00013247490504885456 2.5464803690619855e-05 0.0003327033120044161 8.061727449214541e-05 6.368646781850586e-05 0.003125638250420995 0.038348183556470156 0.0021760751186789915 0.0004139087081508961 0.00030855200822046415 0.0036493106519917373 0.00043146715896170734 0.009885761011033892 2.606112749801233e-06 5.339896501477235e-06 6.742760649072975e-05 0.00015737076111678835 0.00039506905495364077 0.0008405715915402803 0.001720267460374531 0.0005890365557687729 0.0 0.005273824758304959 0.002084894632799697 0.0018944542508786718 0.0014544805454551302 0.0001853787772017549 0.012571415800617257 0.02681923897475912 0.0004685540083748504 0.015381271193036509 8.721915850474052e-05 0.0 1.6804682707956547e-05 9.948379278209949e-06 0.00017156855351616312 0.0 1.0057467935721777e-05 0.0 1.4887772069808146e-05 4.080795568124471e-05 0.002804350043203704 0.0004256894765541463 0.00033575984184059255 0.0019071917935669642 0.00073133958800944 7.631085713891964e-06 0.00028523718448098716 0.009391270056540255 4.434113734968612e-05 8.011185582439996e-05 0.00013143573749024336 2.228454634239532e-05 0.00022144121345256341 0.0003494612204018297 3.0766147473581784e-05 0.0002669289905260875 0.0005549450490866535 0.0003458940856245246 7.50085955776152e-05 0.0006163803536230506 0.0003100540130564776 0.0001602064852271644 0.00037795903080977577 5.706996635608247e-06 0.0 7.536036579092294e-06 0.0 0.0 0.0 0.0 0.0 0.0 0.0 5.396804674450653e-05 0.0 5.358787226526201e-05 1.6144910759316945e-05 3.7511759513700893e-06 5.106447211232696e-05 1.5295547483193087e-05 2.6122727189832535e-05 0.0 0.00047731206965680184 0.0004050148643563979 0.0 6.775316117870187e-05 5.695406881727148e-05 0.0004729932825665035 0.00030828877552399966 0.0006709099257985353 0.000368749801966177 0.00010846039547752584 3.551737016662409e-05 7.76926599056594e-06 0.0 6.6040727531962226e-06 0.0 1.3827158522684588e-05 0.0 6.188027259567761e-06 4.755155786296532e-05 0.0 4.591336513544536e-06 8.081219952339964e-06 6.552877081799846e-05 7.358257942075457e-05 0.0 0.0 0.0 3.836716721726663e-05 4.418729079249167e-05 0.0 6.157923110350866e-05 0.00023853882395786306 0.001243431218031905 3.5919446467295276e-05 0.0 0.0 0.0 2.216287586646948e-06 0.0 0.0 7.039071242100712e-06 1.830556095739975e-05 0.0005417000488229704 6.203723768777898e-05 8.350702605126213e-06 0.0 4.850186486837471e-06 0.0009975577939257453 0.00011059123044626672 0.0020137542842581417 1.4674623332257723e-05 2.372197426643752e-05 2.619514936411805e-05 0.0 3.296439482285829e-06 0.0 0.0 0.0 0.0 0.0 5.471188175235501e-06 3.228958475635353e-05 2.99025430773428e-06 0.00035494377513226163 0.00029248177936103494 0.0006641307594760503 0.006346629429167713 0.0002843897592045992 0.004538459785400786 0.001134804752598422 0.0038682830453310355 0.0004267699226553128 3.274833919491167e-05 0.0005896622075207772 0.0001715417449930496 0.0 0.0001418655259062799 3.183869567432529e-05 0.0004727149311568957 2.2920053215112297e-05 0.0 3.0237841275764515e-06 0.00011881499046483647 1.2555420730240092e-05 0.0008726764945102367 0.00048443919353358486
0.02575068769152234 0.004982887919876869 0.00015322879045635756 0.0 0.0021313202938482035 0.013177287148528853 0.005667872122862489 6.654352849128494e-06 0.0 0.04327132639457817 1.5581627958128756e-05 0.0003748619539041782 0.004893283530575099 0.0005207202214334078 1.4785213813976039e-05 7.533110904972761e-06 0.0 0.0 0.0 0.0 2.9386790085523756e-06 0.0 0.0 0.0 0.0 0.0 0.0 0.0 0.0 0.0 0.0005338986012907511 2.2721746021578024e-05 3.924519663937719e-05 0.0 9.498499056857953e-06 0.0 2.7691669134497783e-05 0.0 0.0 0.0 0.0 0.0 0.0 0.0 0.0 0.0 0.00015894805198965212 0.0 0.0 0.0 2.5446620172755035e-06 0.0 0.0 0.0 7.947963632168467e-06 0.0 0.00019961222766051053 0.0011647595945851268 0.00010695904610609117 1.4094221132974053e-05 0.0 1.3864237374163062e-05 0.0 0.00017627104664411113 0.0 0.0 0.0 2.127748540895939e-06 0.0 0.0 3.57671556829081e-06 0.0 0.0 0.0002628731139695567 0.00013282323412772758 7.313616261220686e-05 4.622213678501919e-05 2.707203909473511e-06 0.0 0.0 0.0 3.0059880786095785e-06 5.354762071186042e-06 0.0 0.0 0.0 0.0 0.0 0.0 0.0 0.0 0.0 0.0 0.0 0.0 0.0002035414374891196 0.0 0.0 0.0 0.008288110105287117 0.0 4.461648008732695e-05 5.062347025807347e-05 0.0 2.4833489738102408e-05 0.00014444449967048584 0.0001508260444925489 8.047572188188384e-05 0.0002404255978592187 0.00045292887360038047 3.962975842851636e-05 0.0007839699650004651 0.0006017051272459071 0.0008158100936981498 6.192146661147754e-05 0.0 0.0 0.0 0.0 0.0 0.0 0.0 0.0 0.0 0.0 0.0 0.0 0.0 0.0 0.0 0.0 0.0 0.0 0.0 4.167843360973763e-05 8.34164701578202e-05 0.0 0.0 0.0 5.341948077214806e-06 3.594891441617059e-06 2.8079215788326575e-06 0.0 0.0 0.0 0.0 0.0 0.0 0.0 0.0 0.0 0.0 0.0 0.0 0.0 0.0 0.0 0.0 0.0 0.0 0.0 0.0 0.0 0.0 0.0 0.0 4.1483036801245735e-05 6.501707139736152e-06 0.0 0.0 0.0 0.0 0.0 0.0 0.0 0.0 6.933516829503431e-05 0.0 0.0 0.0 0.0 1.9459624838684307e-05 2.2246744754398628e-05 6.625503059483712e-05 2.3799486392920246e-06 0.0 0.0 0.0 0.0 0.0 0.0 0.0 0.0 0.0 0.0 0.0 0.0 2.9841491608145967e-05 4.650016865291458e-06 2.814498939820757e-06 0.001041274003352022 0.0 0.00014424923609538052 5.726784065031814e-05 0.01144263298850446 1.9296136989441756e-05 0.0 9.884873038469667e-06 6.417715502359061e-06 0.0 7.80468685083565e-06 0.0 0.0003403223114844088 1.1450498345471227e-05 0.0 0.0 0.0 9.3873562026239e-06 0.003948579429614233 0.0007153062385882403
0.0025206879761440564 0.025229875166653974 0.02910076647416064 0.0021313202938482035 0.0 0.00020322722773322044 0.01808613882919454 0.009196140700311708 0.026958543903716676 0.0150016958778731 0.03443875471184651 0.0016124724201982028 0.023769213962073175 0.07124925568998285 0.00028580641757258506 4.5840842053250676e-05 2.831642800439669e-06 0.0 0.0 2.150783064523718e-06 1.7544848555705455e-05 0.0 4.358240117042061e-06 5.897514044336765e-06 0.0 2.9769139326784547e-06 0.0 0.0 0.0 0.0 0.004840104537594591 0.0010191580883228365 0.0008145195586406007 0.0 8.291026716041716e-06 3.105845409756195e-06 0.0002705246228327 2.7015953080964435e-05 7.43854818124172e-06 6.480445056980338e-06 2.8472828055889863e-05 2.4170578068263234e-05 4.955597466049583e-06 7.892222496295124e-06 6.1776053509236675e-06 1.1647763697605711e-05 0.0019960438543417014 3.5938175586798804e-05 0.0 6.794877814990464e-06 1.0177521919362533e-05 3.6701412215129874e-06 0.0 3.432266551571688e-06 3.2493457173968837e-05 2.993118082932913e-05 0.0014361580254165297 0.006496143502442892 0.0011548566461444091 0.00037773482763261827 1.5062383159505005e-05 0.00014778141196096113 1.3525175004948077e-05 0.0036933401556858135 1.528053535675907e-05 6.981848376236555e-06 2.3004880291347705e-06 2.3164863884108455e-05 1.550590203268743e-05 1.858260820872694e-05 0.00026135279325595345 3.7035988987525684e-05 0.0 0.004122771584946334 0.0021773377203741797 0.0021391327752889834 0.0009818321284454877 2.2335979234744384e-05 0.0001329531685682661 0.003521181973558349 1.301287734456397e-05 0.000458577748809219 0.00014238841933395677 0.0 2.695929307155463e-06 7.22498838593146e-06 4.4784333404925365e-06 0.0 0.0 0.0 0.0 0.0 8.068251822629563e-05 7.289074081695567e-06 7.770652491447671e-06 0.0006403495712690736 0.00010922130838454613 0.0 3.8220152693402454e-05 0.001124937993403309 0.0 0.0 0.00012155457117931998 1.52065087030348e-05 8.917591007536148e-05 0.00018138592047389578 3.901954340246007e-05 0.00010136557501818243 0.00027737456731684627 0.00031378278963616773 2.0335175464558787e-05 0.00027123284914304526 0.00028896063128838414 8.475970469855214e-05 0.00019370164385778342 0.0 0.0 0.0 0.0 0.0 0.0 0.0 0.0 0.0 0.0 0.0 0.0 4.810839173141344e-06 0.0 2.947009808273705e-06 8.627315209831686e-06 0.0 0.0 0.0 0.0001514038829320106 7.916403176511903e-05 0.0 2.9189713881115105e-06 0.0 0.0001193830744730792 2.50076456501311e-05 8.758401988114661e-05 2.6975850050026535e-05 1.0956331346428092e-05 0.0 0.0 0.0 0.0 0.0 0.0 0.0 3.654732889565505e-06 1.0513547659440984e-05 0.0 0.0 0.0 0.0 0.0 0.0 0.0 0.0 1.2127853824905371e-05 1.1627665768866851e-05 0.0 0.0 0.0 0.00020824591164463494 1.7463388352672925e-05 0.0 0.0 0.0 0.0 0.0 0.0 0.0 0.0 0.00011989663501123558 0.0 0.0 0.0 0.0 0.0002857901925855026 3.722187686369447e-05 0.00027509614120761744 9.173959563608327e-06 0.0 0.0 0.0 0.0 0.0 0.0 0.0 0.0 0.0 0.0 0.0 2.770478847318116e-06 0.00017450665743699943 5.927863408509537e-05 7.255866555599628e-05 0.004284639769092677 0.0001111897128529368 0.003551400448596924 0.0006350505780725152 0.0023570353552066106 0.00033975437512496836 1.1694438847562404e-05 0.0002688482714080243 7.125998535180554e-05 2.763180278719513e-06 5.490906039358056e-05 0.0 0.0001478846400967876 0.0 6.0762108122777415e-06 0.0 1.7993924134768806e-05 5.440658290744714e-06 0.001052526910688016 0.00023859107306851632
0.0026619721700567468 0.000937894301006583 8.557522975230627e-05 0.013177287148528853 0.00020322722773322044 0.0 0.0007808018624685713 1.5052928175782689e-05 0.0 0.016110271277039262 1.880610306478189e-05 0.0007670946305933565 0.00048099217629879844 0.0001920420916342447 0.0 0.0 0.0 0.0 0.0 0.0 0.0 3.223489944046478e-05 0.0 0.0 0.0 0.0 0.0 0.0 0.0 0.0 9.367862279798454e-05 0.0 0.001094340040412161 0.0 0.0 5.02187343132251e-06 0.000878082921649329 1.3111729091265167e-05 7.72402080615315e-05 0.0 0.0 0.0 0.0 0.0 0.0 0.0 3.56525325978849e-05 0.0 0.0 0.0 1.5130495561358522e-05 0.00026527424759097265 5.443259880111835e-05 0.0 0.0 3.209490500557977e-06 0.0006226030342312153 0.000206122466105294 1.3994004290099121e-05 0.0 2.9012510856011267e-05 4.9447224765250495e-05 0.0 0.0 0.0 2.5218673137435245e-06 0.0 2.433330888977169e-06 9.286885997899125e-06 0.0 0.0008022167984283941 0.0018289246972599236 5.5022027671548886e-05 7.023648276322247e-06 0.0 3.2613781337444306e-06 4.7139487966225526e-06 0.0 2.923114291187232e-05 2.6332391546701445e-05 0.0 3.0694393213552134e-05 0.0 2.436661723641063e-06 0.0 0.0 0.0 2.896312538950741e-06 2.5966533977711607e-06 7.686527577000949e-05 6.574131279760156e-06 7.63238436810472e-05 0.0 2.9875160340174782e-06 1.8908394853840883e-05 0.0019036236988540299 0.003098404269639548 0.00018849054013961268 0.0003691128843492493 0.0036041397489050124 0.0 0.00010220607237688484 3.8547024644578366e-05 4.933578573975059e-06 5.52508815675588e-05 6.902074339997815e-05 0.00021666163629229277 5.270844476625416e-05 0.00011812254990822878 0.0005376188581414095 0.0 0.00011153441907577244 0.00013888719358407306 2.9911868103909374e-05 6.563616479051638e-05 5.150233970576554e-06 0.0 0.0 0.0 0.0 0.0 0.0 0.0 0.0 0.0 0.0 0.0 0.0 0.0 0.0 0.0 0.0 0.0 0.0 1.6423859098179513e-05 6.413008738118204e-05 0.0 1.1074688460921057e-05 7.266015750790516e-06 0.0 0.0 5.2637365846603586e-06 0.0 0.0 0.0 0.0 0.0 0.0 0.0 0.0 0.0 0.0 0.0 0.0 0.0 0.0 0.0 0.0 0.0 0.0 0.0 0.0 3.387737332800095e-06 0.0 0.0 0.0 2.06681610808545e-05 7.348316634650674e-06 0.0 0.0 0.0 0.0 0.0 0.0 0.0 0.0 3.0938863154543325e-05 0.0 0.0 2.6751722007762364e-06 0.0 7.637032531497034e-05 0.0 1.800173597952873e-05 0.0 3.7208170861279447e-06 0.0 2.132293153552895e-05 0.0 0.0 0.0 0.0 0.0 0.0 0.0 0.0 0.0 3.37267820337462e-05 2.1922288258996365e-05 3.275612395616352e-05 2.771744651856551e-05 2.0635576562810714e-05 2.110379603219903e-05 3.122516837891303e-06 0.0016514058590128243 0.0001256897279348977 0.0 0.0 0.0 0.0 2.6066972730620537e-05 0.0 0.0003853773242400301 0.0 0.0 0.0 0.0 0.0 0.0017606355099915225 0.0007071331456976701
0.009293670175981098 0.014336242883512988 0.006731170673827882 0.005667872122862489 0.01808613882919454 0.0007808018624685713 0.0 0.0018772133574764085 0.031989942647205886 0.030736561246439895 0.013711572848940309 0.00965576739644694 0.07830093602380862 0.06153549365689898 0.0003507588242549894 6.149147660583062e-05 4.896793928023947e-06 0.0 0.0 2.8926929591441797e-06 3.1741588192911044e-05 9.420889080281498e-06 9.47269065780516e-06 1.1782986848344314e-05 0.0 0.0 0.0 0.0 1.0475371489054224e-05 0.0 0.0032214292057833895 0.0008896206878629942 0.0031893260413999192 0.0 1.8754048562239157e-05 3.103872026727455e-06 0.001908831451643321 6.838660817589653e-05 2.920373418327314e-05 1.9586843065460174e-05 2.5385236712168745e-05 4.39268592733757e-05 5.33934784202309e-06 2.5647523670004045e-05 1.979987254820886e-06 4.61180858784269e-06 0.002028012753107492 1.5346998722434724e-05 2.632492960339277e-06 6.216026583375538e-06 1.0607552768686987e-05 3.4771225197634276e-06 7.683401222823107e-06 0.0 3.6951258887722436e-05 5.4792917355873685e-05 0.0014734777495345568 0.006168921489826467 0.0011930974778606898 0.00039305596684679936 4.0494160696166953e-05 0.0003108837696200699 1.8243810340546578e-05 0.003307986720738032 3.1347194871920998e-06 4.683313417499461e-06 2.7186012612395006e-06 1.3629612069946007e-05 1.3932887296285946e-05 1.7002857541765816e-05 0.0010964818444200925 2.0862241062973363e-05 0.0 0.004530679671700778 0.0021916845755969253 0.0022297747962523587 0.0010167187370321103 3.1627443874417874e-05 6.960377073380774e-05 0.0005042286007084875 1.8523681047591808e-05 0.0004992224084099318 8.955932671262244e-05 0.0 1.3002964780604218e-05 6.1695316261137744e-06 1.2583283544430497e-05 0.0 0.0 0.0 0.0 2.974909316249259e-06 9.950924341674707e-05 3.5475203547102305e-05 2.5393621460490862e-05 0.0033553149224387125 0.00031918137326026875 0.0 5.960343523997959e-05 0.0024332297899545426 1.3600777744110688e-05 5.335739051936687e-05 0.00033966797545794075 2.393040282904228e-05 0.00028698852140293955 0.0005828057477056131 0.0002767884380476792 0.0003076599563120418 0.0008721744311396785 0.0010869017700552927 0.0001571878631288631 0.0009089833806078206 0.0007983710042757845 0.00025753816523185925 0.0004293716751787273 1.06761127036701e-05 0.0 0.0 0.0 0.0 0.0 0.0 0.0 0.0 0.0 0.0 0.0 0.0 0.0 0.0 0.0 0.0 2.918120441760656e-06 0.0 0.0002701522868448927 0.0002312766287290359 0.0 4.424615679731821e-06 0.0 0.00021619625360196117 3.819993201521565e-05 0.00021447361078316508 5.640309197586251e-05 9.346896717773113e-06 5.783043194838857e-06 0.0 0.0 0.0 0.0 0.0 0.0 4.0243970019338585e-06 1.9953336004813115e-05 0.0 0.0 0.0 6.041338393046786e-06 0.0 0.0 3.7608700999420416e-06 0.0 1.1035039515574385e-05 1.4124249972565233e-05 0.0 0.0 4.527849297784532e-05 0.000662259446763166 2.4686700618918435e-05 0.0 0.0 0.0 0.0 0.0 0.0 0.0 0.0 0.0004968727684003427 1.419122989063303e-05 0.0 0.0 2.760870972824342e-06 0.0006179187466810863 3.118986218672191e-05 0.0007201437884344013 6.3324950600102315e-06 1.3083796820981443e-05 2.8510977142768537e-05 0.0 0.0 0.0 0.0 0.0 0.0 0.0 0.0 3.6093498850430156e-06 0.0 0.000624114898337834 0.00015757265185159018 0.00012049497370058045 0.004945299363328664 0.00013509034566462242 0.003884748268809019 0.0007699348944675678 0.005461809583387145 0.00030529747959328116 2.8588463933066275e-05 0.00032403429954973084 8.207809972777451e-05 2.423832003761905e-06 8.216246005032621e-05 4.96856522445383e-06 0.0005876697738650828 0.0 0.0 3.178991631052256e-06 5.652146656358651e-05 1.2792636440956406e-05 0.0033418343017703055 0.0010709192592181717
0.00047757517632758745 0.0017949723001027453 0.028446619209915192 6.654352849128494e-06 0.009196140700311708 1.5052928175782689e-05 0.0018772133574764085 0.0 0.004299811036691308 4.7898389704355e-05 0.027896823353394544 0.0003782812428686531 0.003861468900002612 0.02939998576147726 0.0005056017031166697 0.00020908495151745462 4.8902265704606084e-05 2.5332526963462626e-05 2.4283513020754158e-05 0.00010177267356228059 0.0015326547122395022 7.650704330062299e-05 0.0006116469001138825 0.00039251750236771107 1.696527174817227e-05 0.00012050753826417882 4.697970400512924e-06 4.7119023754881336e-05 1.9288423650021726e-05 0.0 0.009904967271838577 0.007791712729554327 0.009779720431337978 0.00042122659864836506 0.0011176040511221596 0.0004105793890713774 0.0021268458482266535 0.000479462416545796 0.0003113823750382083 6.475026826455274e-06 0.0011829926615095783 0.0006957016931740145 0.00020626887998684173 0.0002444708373679484 0.00010967156275145743 0.0008369368115516363 0.001853703236307441 3.767643707156076e-05 8.71596942601668e-05 0.00021352921453498028 0.00035625334334353406 0.00023534382357096227 0.0 0.0004076341193784983 1.0161836199872554e-05 1.8397359415982846e-05 0.0007091306400378996 0.004391265219111464 0.0005122847743130627 0.0002503195731405594 0.0017097619447225606 0.004639273167659096 0.0011100066568554966 0.004548248331356021 1.827733229743479e-05 8.145186174886945e-06 7.699230244649027e-05 0.00021618961748723372 0.000799895650706143 0.0017086152158852445 0.0012155485756557647 0.0003966689129412024 3.0490779618171342e-05 0.0020252813068372968 0.0015254842582444268 0.00167120466809651 0.0016859788126186326 0.00058619454784769 0.022359203909061452 0.036623730383822314 0.002545278307307156 0.04054239100005092 5.743451015651471e-05 0.0 2.3706030816789938e-06 1.520987754197617e-05 0.0002716491670006623 2.919034291743196e-06 4.2647215062308355e-05 9.309579575106554e-06 6.235739423944171e-05 4.148836788403108e-05 0.004324972465995002 0.0006647009841735088 0.0003978117367298002 0.0006182788839510699 0.0003053516819927474 1.235528671040229e-05 0.00014005809816541826 0.0003340309741832441 1.813915507857624e-05 0.0 6.401179950436703e-05 0.0 0.00016747052934224925 0.0001115548996682707 3.2414580388143177e-05 7.483506324151865e-05 0.00017979312647680627 7.692712882367955e-05 1.7781922078004315e-05 0.0002587408710936676 0.00015249570803805028 7.147613293263042e-05 0.000120336183747914 0.0 0.0 0.0 0.0 0.0 0.0 0.0 0.0 0.0 9.72651773242494e-06 5.668535607872722e-05 0.0 3.9981631952302556e-05 8.671879811896105e-06 0.0 4.866613792093639e-05 1.8448307207755613e-05 3.9086909915764255e-05 0.0 0.0002073275321637829 9.86889617126775e-05 0.0 4.689765364371887e-05 3.6208735245862284e-05 0.0002848493973518164 7.97821728671831e-05 0.00029995031379086737 0.00014264816524717043 6.953278682485086e-05 6.022433361789917e-05 7.401794550275674e-06 2.6659952598425846e-06 0.0 0.0 0.0 0.0 3.974586499085347e-06 2.0827480254005572e-05 0.0 0.0 1.519204174140872e-05 3.482988698407323e-05 6.733685314977729e-05 0.0 0.0 0.0 6.702555159476659e-06 1.2364712863293415e-05 5.5179699119014414e-06 2.1093548200619013e-05 0.00012881232777063636 0.0007063107838054469 2.0726780931539e-05 0.0 0.0 0.0 2.355276000255772e-06 6.138282499750976e-06 0.0 0.0 4.877752146892778e-05 0.0002605836574464134 5.1737783630856036e-05 0.0 2.5922143234295875e-06 1.529538760312922e-05 0.0003087900930060085 8.830582638664351e-05 0.0006173268045047885 0.0 6.959392653386438e-06 1.4445691680369745e-05 0.0 7.3088306271832976e-06 3.4032754034879265e-06 0.0 0.0 0.0 0.0 0.0 1.6413534165967603e-05 8.095074040387888e-06 0.00011949679004216611 0.00017047814985746723 0.0003020896108269775 0.005375619726399532 0.00029439927185777656 0.003712381779667111 0.0010620604217315371 0.0009357704714929904 0.0004554272038166888 2.1293753205457847e-05 0.00042191253064483166 0.00016520420934271977 0.0 9.330789216327756e-05 3.5889595854660536e-05 9.2833190998841e-05 3.0839319467893594e-05 0.0 0.0 0.00011210251509686148 0.0 0.00035084903570736483 0.0001639992262820783
1.2532667088801019e-05 0.0022771838839420184 0.008708434139476029 0.0 0.026958543903716676 0.0 0.031989942647205886 0.004299811036691308 0.0 0.0008240980134553 0.015301252999627611 0.0007807472538164838 0.03998875876602949 0.05022523310364577 2.495145195757424e-05 6.887089297071882e-06 0.0 0.0 0.0 0.0 6.607602564278397e-06 0.0 0.0 0.0 0.0 0.0 0.0 0.0 0.0 0.0 9.483284612250216e-05 3.533264491556456e-05 0.0018017198622646544 0.0 6.6014356058039676e-06 0.0 0.0008039398933670427 3.121564153652814e-05 0.0 3.910762901786598e-06 3.163689885814021e-06 5.193421245205526e-06 0.0 0.0 0.0 0.0 9.742134585543152e-05 0.0 0.0 0.0 0.0 0.0 0.0 0.0 0.0 0.0 2.1928301889868563e-05 0.00011307085447668734 1.8221478022390565e-05 9.964415117566567e-06 0.0 6.47043529817302e-06 2.8681922130181235e-06 8.941751506171093e-05 0.0 0.0 2.3068046021498415e-06 0.0 0.0 2.1164178058232274e-06 0.00017928282229366654 0.0 0.0 7.841911210645474e-05 4.915085823604193e-05 9.307504126567096e-05 4.050393915307858e-05 5.9565925673356365e-06 3.1505657419921124e-06 0.0017619725216594408 0.0 0.00010474015893949865 3.703669294032055e-06 0.0 0.0 0.0 0.0 0.0 0.0 0.0 0.0 0.0 2.835387969094213e-06 0.0 0.0 0.00010637676487922625 3.130727552832422e-05 0.0 1.4788110438848995e-05 2.852904249790856e-05 0.0 2.0430669729918786e-05 0.0 4.431904201222587e-06 6.147020644170544e-06 2.976304837686508e-05 0.0 1.0421547603454956e-05 4.36808267887002e-05 2.992677233314183e-05 0.0 2.094202034118141e-05 2.1063819900601437e-05 5.894866631421283e-06 1.560771265264711e-05 0.0 0.0 0.0 0.0 0.0 0.0 0.0 0.0 0.0 0.0 0.0 0.0 0.0 0.0 0.0 0.0 0.0 0.0 0.0 1.0181138441353668e-05 1.3057790100756532e-05 0.0 0.0 0.0 3.2419387273997795e-06 1.1591449658170177e-05 2.2205254567332832e-05 0.0 0.0 0.0 0.0 0.0 0.0 0.0 0.0 0.0 0.0 0.0 0.0 0.0 0.0 0.0 0.0 0.0 0.0 0.0 0.0 0.0 0.0 0.0 0.0 4.337707891146108e-05 2.748177325731781e-06 0.0 0.0 0.0 0.0 0.0 0.0 0.0 0.0 1.2803851852704364e-05 0.0 0.0 0.0 0.0 2.9065022065129882e-05 0.0 2.4790279311442327e-05 3.1210739858395228e-06 0.0 0.0 0.0 0.0 0.0 0.0 0.0 0.0 0.0 0.0 0.0 0.0 1.5202287170419471e-05 2.679321699996669e-05 2.683517699853164e-05 0.00021756429641768516 1.3579480933308214e-05 0.00010552261546670962 2.856393020621666e-05 8.985533547742575e-05 2.4706171040248154e-05 0.0 0.0 0.0 0.0 1.0629258671510802e-05 3.528008281566059e-06 2.995252874933234e-05 3.6565913861002634e-06 0.0 0.0 0.0 0.0 5.850354514574553e-05 3.4399238019201314e-05
0.021719477808011492 0.009270382107471381 0.0004736515262626746 0.04327132639457817 0.0150016958778731 0.016110271277039262 0.030736561246439895 4.7898389704355e-05 0.0008240980134553 0.0 0.00042466740764416874 0.021352067572518025 0.10120422133059341 0.018282233459670567 2.9057738785608424e-05 1.3396782795462808e-05 0.0 0.0 2.6818950264126084e-06 0.0 0.0 2.3875480969288557e-05 0.0 0.0 0.0 0.0 0.0 6.625760090712073e-06 0.0 0.0 0.0005779872556941141 9.968667097286956e-05 0.004859526942048627 0.0 5.671449531244392e-06 3.048761237663291e-06 0.009014041527352563 4.2560729994864205e-05 4.692289350751723e-05 0.0 9.443922293416951e-06 0.0 0.0 0.0 0.0 0.0 0.00035635109930023457 0.0 4.069994708782552e-06 2.454294616313251e-06 0.0 1.48475714071919e-05 0.0 4.434915712589524e-06 6.602404059633459e-06 0.0 0.0006428897926830998 0.0016315451804943145 0.00016882670150006194 4.5659721092920555e-05 7.039541053599862e-06 0.00017933397277491918 0.0 0.0004912586413323793 2.2193122029371523e-06 0.0 0.0 0.0 0.0 4.941311352364602e-06 0.00433766192256993 0.0002704730398889795 7.5366634312552705e-06 0.0005873490417888734 0.0003114793276631126 0.0002788932169343175 0.00014283265854108813 1.1649340001459438e-05 5.950470384015704e-06 0.00012565122960181394 0.0 0.00012514943160595198 1.2234641257891378e-05 0.0 0.0 0.0 0.0 0.0 0.0 5.4156449237035e-06 0.0 1.4670067842514453e-05 1.3717517274241633e-05 1.0541623865465269e-05 3.92371143963672e-06 0.009982616436285497 0.0006881253840736435 7.330267223833959e-05 0.00013536563882197023 0.011763034122155264 6.353734493090328e-05 0.00012886799333478553 0.0008463367039238581 8.795191548412e-05 0.0006052854106295577 0.001548747971035836 0.0008610347571115956 0.0010237573275419423 0.002522266470485707 0.004129438481937223 0.0003081357567611252 0.002741945221154879 0.0020275942399568124 0.0012606367643983002 0.0012084957416232482 0.0 0.0 0.0 0.0 0.0 0.0 0.0 0.0 0.0 0.0 0.0 0.0 0.0 0.0 0.0 0.0 0.0 0.0 0.0 0.000580871550363182 0.00039516592108605145 0.0 0.0 0.0 0.0004203444737193178 4.793805131779416e-05 0.0002746863395546799 7.49124124301221e-05 2.0913901107325735e-05 0.0 0.0 0.0 3.182286208761776e-06 0.0 3.1402960688733146e-06 0.0 0.0 1.1595409310735535e-05 0.0 0.0 0.0 0.0 0.0 0.0 0.0 0.0 9.813822075988736e-06 1.5336440959419424e-05 0.0 2.5351421641830114e-06 6.653275187605107e-06 0.0008252849503813554 3.728113339523438e-05 0.0 0.0 0.0 0.0 0.0 0.0 0.0 6.327831017819228e-06 0.0010820395104394794 0.0 0.0 0.0 0.0 0.0013707186586784255 1.2425778092659686e-05 0.0007178502558432908 1.6482988948794518e-05 7.519334135972121e-06 1.7598983246401558e-05 0.0 0.0 0.0 0.0 0.0 0.0 0.0 0.0 3.4210828100549634e-06 0.0 0.0013263827408012618 0.00011795507466766663 0.00022726882190471286 0.0018037928968772457 2.8334113098346558e-06 0.0005062811665230116 0.00017636086647769618 0.01435139773271771 9.118957086734969e-05 0.0 5.1114769681490254e-05 0.000107334958864289 5.260388713596218e-06 0.00010024745466519058 2.2468268193163328e-05 0.0026165275789473592 2.3528708536884362e-05 0.0 0.0 1.1344976192826725e-05 0.0 0.018525144120977024 0.005282428303368135
0.0005788699231669846 0.01755464752750081 0.03596472977480349 1.5581627958128756e-05 0.03443875471184651 1.880610306478189e-05 0.013711572848940309 0.027896823353394544 0.015301252999627611 0.00042466740764416874 0.0 0.0015203844028751222 0.017652039491899862 0.07200139011934281 0.0001587640564644032 9.231230677431646e-05 6.202327351837564e-06 6.959986306410467e-06 0.0 7.229761635816362e-06 0.0001131627713164106 3.5556813583090854e-05 4.637981347445405e-05 2.3473148904198278e-05 3.981947971315638e-06 2.066466425049588e-05 0.0 2.527642303963015e-05 2.326963643514204e-05 0.0 0.003990143968772679 0.0012234022511123446 0.01779497570423412 8.918614720458747e-06 0.00011529862568917844 7.914419811899941e-05 0.004769590879588625 0.0008507262438396331 0.0003154835122866445 6.708749201459177e-06 0.0001293727604694292 0.00015366139249162715 1.3872689176009228e-05 1.657800990800916e-05 2.7403331554944626e-06 1.0560404967831102e-05 0.0005274230102973492 0.0 0.0 4.367661027963881e-06 2.1343211404285843e-05 3.071985695312299e-05 2.5823251735994094e-05 6.898700608551758e-05 0.0 6.039072988644562e-06 0.00024740591405150985 0.0013159244981021645 0.00019264527412164473 0.00010049931359875093 7.720428965100837e-06 0.0018188349955812707 7.207102327983278e-05 0.0011408796924515584 5.4041582400439026e-06 2.3479276329487517e-06 5.2939473642695756e-06 0.0 2.174756075389781e-05 9.384978292455421e-05 0.002715442651258776 5.099587526514329e-05 4.121181665404957e-06 0.0007931649610237335 0.0004775014371085134 0.0005557862903681666 0.00035972136995447273 6.0398071701291e-05 0.00150847739015931 0.02405116108436437 9.09777583951418e-06 0.005018586909209324 3.366037065093286e-05 0.0 0.0 0.0 1.667439006618206e-05 0.0 0.0 0.0 1.4184443506118808e-05 0.0 0.000322818955736754 0.00010803158294923452 0.00010398632203579678 0.0006386140834413211 6.0729976161417135e-05 0.0 0.0001689224106861635 0.00019950385955536305 0.0 0.0 5.182168462584721e-05 0.0 4.214219587630717e-05 0.00010211913103969559 2.1212118051699695e-05 3.072946286187828e-05 8.658491254405731e-05 0.00011248831923272646 1.6985659732546118e-05 0.00017937020155370836 0.0001137627944252262 3.707598106344657e-05 0.00011859754593343887 0.0 0.0 0.0 0.0 0.0 0.0 0.0 0.0 0.0 0.0 8.418309156941597e-06 0.0 4.437723660815032e-06 0.0 0.0 0.0 3.7741711602280647e-06 3.536306755809993e-06 0.0 0.00011692857760411684 2.8135935206721862e-05 0.0 0.0 4.273225858819308e-06 5.775337172334319e-05 2.2936841713895264e-05 9.909319246273391e-05 6.221358583505498e-05 5.204884995249407e-06 1.0291497184345533e-05 3.817763376986014e-06 0.0 0.0 0.0 0.0 0.0 4.261569903234168e-06 6.710387535283037e-06 0.0 0.0 0.0 1.4602058969554752e-05 1.2561431958543022e-05 0.0 0.0 0.0 0.0 0.0 0.0 0.0 0.0 0.00017459739898352097 2.2262765086262717e-05 0.0 0.0 0.0 0.0 0.0 0.0 0.0 0.0 0.0001643946939883609 1.4721122002581076e-05 4.722020118863181e-06 0.0 0.0 0.00015307661040857198 1.2153671834235229e-05 0.00017582954614752734 1.2351779396105056e-05 8.156143419646525e-06 0.0 0.0 0.0 0.0 0.0 0.0 0.0 0.0 0.0 0.0 3.0397808705786564e-06 8.504207910118765e-05 4.879542432301929e-05 0.00010249379184089057 0.0016258912035388476 3.340851128054172e-05 0.001100620195063886 0.00022894415529526604 0.00040018466113022087 8.292907141481412e-05 3.6703159538232237e-06 0.00012664314561226006 3.88181967403892e-05 4.280557189726079e-06 3.0984409533775876e-05 9.594154512774142e-06 6.190534559011966e-05 1.1233716704775584e-05 0.0 0.0 1.8135023096269907e-05 8.300774594799069e-06 0.00021353437743791703 6.688180631242695e-05
0.00016195980405034563 0.0017074180887892711 0.00040632016975454674 0.0003748619539041782 0.0016124724201982028 0.0007670946305933565 0.00965576739644694 0.0003782812428686531 0.0007807472538164838 0.021352067572518025 0.0015203844028751222 0.0 0.02430921388954323 0.007164915812348558 4.9105104580606367e-05 2.2617599012215085e-05 0.0 0.0 0.0 0.0 1.224808712757951e-05 0.0 0.0 0.0 0.0 0.0 0.0 0.0 8.855768095189612e-06 0.0 0.00017994756472128622 8.914196286371323e-05 0.004393285948917479 0.0 3.7513716515575535e-06 0.0 0.009051703026777337 0.0003222960356623997 0.00037208390718208807 0.0 2.4357825580221053e-05 0.0 0.0 0.0 0.0 2.9543151477493296e-06 9.260535470012284e-05 0.0 0.0 3.5047059806728412e-06 0.0 1.7838173432223553e-05 0.0 1.1518068640332234e-05 0.0 1.2849109923625034e-05 6.84718384469378e-05 0.00011661300144155162 2.691582316741385e-05 8.451467452209125e-06 0.0 0.0005443156670104485 2.6288255475627883e-06 0.00022304162141007156 0.0 0.0 0.0 0.0 0.0 1.852753345820176e-05 0.005759705643667785 0.00010312965844375123 0.0 9.432852739464966e-05 4.708227776845386e-05 8.70374556858173e-05 9.170420076724468e-05 6.152829619824377e-06 1.6536491982189114e-05 0.0006784330605806704 0.0 0.00029339374660293207 3.213160315903731e-06 0.0 0.0 0.0 0.0 0.0 0.0 0.0 0.0 0.0 4.752989695371139e-05 1.4260748232337792e-05 0.0 0.013913279004610988 0.0005056913279053134 0.0 0.00023107222993033597 0.0007200153088587609 3.2208409366986694e-05 0.00012597928601963785 0.000555983718876596 9.316688952296247e-05 0.0005064093422828474 0.0013337222183835839 0.00028838635826171284 0.0007716673974306304 0.0018653443684770424 0.0026263055498847642 0.00022380381641541822 0.0021418981333875347 0.0013201177393723114 0.0005883853764999049 0.000984551587860786 3.594493270365106e-06 0.0 0.0 0.0 0.0 0.0 0.0 0.0 0.0 0.0 0.0 2.9844774391424557e-06 0.0 0.0 0.0 0.0 0.0 0.0 0.0 0.0005254658898231384 0.00039507793768904715 0.0 0.0 0.0 0.0004965492484701233 6.9597212156543e-05 0.00024284126636944634 7.880989087119216e-05 9.032277214606421e-06 0.0 0.0 0.0 3.4334016563420655e-06 0.0 0.0 0.0 3.2915284122912285e-06 4.078213046420705e-05 0.0 0.0 0.0 0.0 5.585496086854113e-06 0.0 0.0 2.10569819700557e-06 2.3693383910590365e-05 1.8627736759322648e-05 3.7845529678069554e-05 0.0 4.348554574036385e-05 0.0007452472321656968 4.4717543071414186e-05 0.0 0.0 0.0 0.0 0.0 0.0 0.0 0.0 0.0010383651022237805 6.671397549161344e-06 0.0 0.0 0.0 0.0014270233235071008 0.0 0.0008647053646499616 9.175918968052248e-06 2.8395350220623025e-06 7.346042493632939e-06 0.0 6.049968421849397e-06 2.839350417376537e-05 0.0 0.0 0.0 0.0 0.0 0.0 0.0 0.001307703232824154 0.00021152527453824132 0.00020289143941066852 0.0006673981857502983 0.0 0.00029959852566749774 3.544090053678734e-05 0.0030403040047000895 8.082764149131685e-06 0.0 4.252597966983502e-05 3.396709312733839e-05 0.0 6.494044385319938e-05 2.6046768433587823e-05 0.001044194919729162 1.1765462071289085e-05 0.0 0.0 7.901762225187904e-06 1.795587835836856e-05 0.008051976621849453 0.0026328138297987656
