0.0 0.06581418844801289 0.026069160161462192 0.05708366501249194 0.0028709684918007765 0.0005542724469052681 0.021981352275412747 0.004648950158264702 0.0003804982746394786 0.0434155823167415 0.007130496895846927 0.003164292034883566 0.0027748824989101053 0.001067634580110707 2.3481862730867822e-05 5.877916229496355e-06 3.2140914667263494e-06 0.0 0.0 0.0 3.664878739296486e-06 0.0 0.0 0.0 3.691052029617021e-06 0.0 0.0 0.0 0.0 0.0 0.025256537281346594 0.00011035607459194515 0.00020242252906574681 0.0 1.4604670076469295e-05 8.234378023482686e-06 4.768601338436539e-05 1.7615188257161314e-05 0.0 0.0 3.4351511885490473e-06 1.1304748624766774e-05 0.0 0.0 0.0 0.0 0.001011699556583825 7.646597126219238e-05 8.012049531464542e-06 0.0 1.3251013090533134e-05 0.0 0.0 0.0 0.00023232835651508014 5.034071394145244e-05 0.0047538337894214066 0.008390811675786104 0.0011473144857594543 0.00030448206493179585 7.09879968450513e-06 1.3444979158275894e-05 9.647175396652864e-06 0.0017094549846270665 0.0001277566997776707 0.0001139114550149831 4.556848682166207e-05 2.7318886117465915e-05 2.4804837833162863e-06 3.2995102607619564e-06 0.00026832720157112585 3.753555716168394e-05 4.279111675811317e-06 0.002705773358090238 0.00302807615799636 0.00025381948955741817 0.00015865199472751604 8.469711945099384e-06 3.96504617578634e-05 0.0012635028751726387 9.769523845989313e-06 0.0001106665368321791 0.00040349196870320914 0.0 0.00015668520079896304 7.955710760052541e-05 2.7480014700245806e-05 7.5572897120631476e-06 2.1452598814870594e-05 0.0 1.1279501168067768e-05 0.0 0.0 0.0 0.0 0.000487995439457374 0.0003052015689324185 0.0 8.101357635298902e-05 0.022820367556872865 0.0 0.0 0.0 1.3845753578776266e-05 5.053448856402046e-05 0.0001408493414526706 1.705016909720421e-05 0.00013277152562836465 0.00019309372604343672 9.21680692918017e-05 0.0 0.00028065193346271086 0.0001630153070828473 0.0001371763580424293 2.770990872505825e-05 0.0 0.0 0.0 0.0 0.0 0.0 0.0 0.0 0.0 0.0 0.0 0.0 0.0 0.0 0.0 0.0 0.0 0.0 0.0 0.0 0.0 0.0 0.0 0.0 2.1619402736346677e-05 0.0 0.0 0.0 0.0 0.0 0.0 0.0 0.0 0.0 3.86009478944736e-06 0.0 0.0 0.0 0.0 0.0 0.0 0.0 0.0 0.0 0.0 0.0 0.0 0.0 0.0 0.0 0.0 0.0 0.0 0.0 2.323922297599823e-06 0.0 0.0 0.0 0.0 0.0 0.0 3.465402070835862e-05 0.0 0.0 0.0 0.0 0.0 0.0 0.0 0.0 0.0 8.610924284202085e-06 0.0 0.0 0.0 0.0 3.56298567178776e-06 0.0 2.9091618731328975e-06 0.0 0.0 0.0 0.00010701491133101791 0.0 0.0 0.00508032924436242 6.783262934257634e-05 0.0023898411517929803 0.0001045910429990097 0.012836335822746474 0.0002169889312732527 0.0 2.948637844386063e-05 3.8825138517818885e-06 0.0 0.0 0.0 0.00028385123727606273 0.0 0.0 0.0 0.0 0.0 0.005513854692946921 0.0005454558593720556
0.06581418844801289 0.0 0.04026375388451199 0.021800235827056497 0.03861042573102438 0.0011997660926288496 0.056955839940745594 0.011706253248793742 0.009698675601267994 0.01798617168116855 0.014130687815460435 0.009306709695022144 0.015979349635166222 0.012929260026992163 0.0003721166158215836 6.828704574976364e-05 4.187041529418396e-06 6.301743027238563e-06 0.0 2.879309268155607e-06 9.963561259759933e-06 0.0 9.13250465291656e-06 0.0 4.100808915025e-06 0.0 0.0 2.376097409953939e-06 0.0 3.24925839949886e-06 0.050967382206666134 0.0030133171169950497 0.0005761860445118562 3.892872819387012e-06 3.616035486443445e-06 3.036561859061943e-06 0.000256927096839743 2.7070988398163117e-05 5.771254892907646e-05 5.568182670026979e-06 0.0 2.269955686486136e-06 0.0 3.921044916242072e-05 0.0 1.0280689359376843e-05 0.0055680223469408525 0.00020027849840497375 8.098532570415727e-06 2.5781629165994904e-06 4.392985786650581e-05 0.0 1.1996881197441017e-05 0.0 0.0004102730801028687 0.00015979167260925445 0.003650618444962223 0.010845033745487672 0.0019988950619831527 0.001830684618135961 5.043037235428359e-05 5.295395104098824e-05 0.0 0.01011196374453135 0.00022367801259920488 0.00030290322918002856 6.073762859623468e-05 4.6274712137399436e-05 2.3289856776330472e-05 2.5120884089177313e-06 0.000769085074142045 3.5613901367847135e-06 2.2666863736694862e-06 0.008212962749104468 0.013252555561690143 0.003286655268543905 0.0018706350121738065 0.0001334497980460266 0.00025341835222345607 0.003558091409665517 2.7373155711377915e-05 0.0002621967915112119 0.0013386280155621435 5.228155587128133e-06 0.00034833982644804837 0.00017415859845746584 4.608058768147484e-05 1.019235465318259e-05 5.301350285698292e-05 3.0555156448232997e-06 3.1857182692007617e-05 8.973642971261884e-06 8.469272929207952e-06 1.3389448642231511e-05 8.903459170195467e-06 0.001370286988286851 0.000530316892448686 0.0 0.0002579086597949183 0.027665612253249386 6.316424137211462e-06 1.2871011779504556e-05 0.0002607747688588193 0.00024515502887865033 0.00012901275337602323 0.0007148905857179334 3.9234811690554184e-05 0.0007756920012303764 0.00029812498307150775 0.0005530975190915446 0.00014821984702597548 0.001332764360214516 0.0005721578851166204 0.0006012913209439787 0.0006913427964034814 0.0 0.0 0.0 0.0 0.0 0.0 0.0 0.0 0.0 0.0 0.0 0.0 9.156274295558486e-06 0.0 0.0 0.0 0.0 0.0 0.0 0.00011207698478065184 0.00014501839902666638 0.0 4.320086080123615e-05 0.0 0.00019408914511068282 8.868874278318243e-05 0.0002456636100010887 1.3959021581326845e-05 0.0 0.0 0.0 0.0 0.0 0.0 0.0 0.0 0.0 2.3461945298090165e-05 0.0 0.0 0.0 0.0 0.0 0.0 0.0 0.0 6.6893246159072e-05 1.4165846581490954e-05 6.997030996904973e-06 0.0 2.8693967839928326e-05 1.7646784796879603e-05 3.0326795411739177e-05 0.0 8.535505825071558e-06 0.0 0.0 0.0 0.0 0.0 0.0 0.0006336914178939518 0.0 0.0 0.0 0.0 0.0001943710736961745 0.00017704079557500914 0.00023875780702962786 2.234138268195617e-05 4.51212114384033e-06 1.947043564390597e-05 4.440657632854194e-06 0.0 0.0 2.280717521328578e-06 2.6690499080303974e-06 0.0 0.0 0.0 3.3079264760284442e-06 0.0 0.00047204652483860427 0.0001595364785695025 4.639352610451569e-05 0.00454921120665343 0.000158242527031341 0.01043143461796898 0.001370294914117086 0.011730259106005088 0.002406472649080775 0.000105577064367466 0.0010005786333780412 0.00016768022716071485 0.0 7.346575354536265e-05 1.0086230766221752e-05 0.0002538404743267726 9.876943662200202e-05 0.0 0.0 8.014954289860837e-05 2.9676062085191126e-05 0.00474312868846468 0.0014066645670728305
0.026069160161462192 0.04026375388451199 0.0 6.800443818790681e-05 0.020451046454233797 2.0675408221241625e-05 0.008844885319889237 0.04997487422454429 0.03301502292515494 3.785122956451239e-05 0.06997189250076358 0.0002142232191506562 0.0019870030620626872 0.012975423348003183 0.00032023564102306713 0.00012371781624207723 1.2521883559471767e-05 3.796875549800567e-06 3.0997199789448674e-06 9.305625789519483e-06 2.1804214157434597e-05 0.0 1.9919112976612183e-05 6.540712266794832e-06 7.471710865105045e-06 3.0064031796251323e-06 3.3089907209440248e-06 2.4025403882597874e-06 0.0 0.0 0.07542296242782916 0.011945000975105272 0.001209788216135198 1.4103043764826776e-05 2.860082369799601e-05 4.74351776356353e-05 0.0005423157225817879 0.0001192167917837701 7.238234865399857e-05 3.614944106255265e-05 0.0 2.4562418299699267e-06 0.0 4.277879149398023e-05 4.183483265188912e-06 8.097869052356629e-06 0.003161171888299025 0.0001728295524027501 2.074442884423383e-05 1.0520460528286263e-05 2.051178276530672e-05 6.160839616436496e-06 1.8067566308332637e-05 0.0 0.00022980333616297256 8.71228239919391e-05 0.0024629896615392505 0.009508870573708257 0.0010607908431892626 0.0009927757033349966 0.0001870430213876474 0.00020474242792301552 2.077557637961678e-05 0.01586973928400232 0.0001289293933905316 0.00017970540217133443 4.17156112989538e-05 2.238556989303105e-05 3.183578625607242e-05 1.341705337169102e-05 0.0006106193857727206 7.907515519388542e-05 0.0 0.004507197935326572 0.0095798572720556 0.0025038871059614846 0.0022390057056383065 0.000668290673629145 0.0028228399927298226 0.01486855447574597 4.669058337739504e-05 0.0010913185242821663 0.0006996574508371316 0.0 0.00017420279934319606 9.30461457848461e-05 3.9139312891882365e-05 7.66149890945631e-06 2.0890153581778596e-05 4.4977011603293985e-06 1.0470954233014308e-05 4.76598553145308e-06 1.0611315651824727e-05 1.6166240089494432e-05 0.0 0.00048006189053344364 0.0006233655883783881 2.8666401161683678e-06 0.0002481530928967191 0.016603435390825472 0.0 1.899200630412175e-05 3.872428710231693e-05 1.785771671222744e-05 2.3275629427094765e-05 0.00012226881194886844 1.763730695271855e-05 0.00023219664841816877 3.0391132405822445e-05 6.712854084037338e-05 7.297074600472474e-05 0.000273414853523028 8.716694485120811e-05 0.00015500356338802218 0.00013449387462863318 1.7097674136394686e-05 0.0 0.0 0.0 0.0 0.0 0.0 0.0 0.0 0.0 0.0 0.0 0.0 0.0 0.0 0.0 0.0 0.0 0.0 0.0 0.0 0.0 1.5465213283167036e-05 0.0 0.00013097862943792782 0.0 5.277321276463084e-05 4.559059695569597e-06 0.0 0.0 0.0 0.0 0.0 0.0 0.0 0.0 3.64000917872505e-06 6.500536129406256e-06 0.0 0.0 0.0 5.0538001642432306e-06 0.0 2.3819318502922583e-06 0.0 2.182366546283023e-06 0.0 0.0 0.0 0.0 1.1496194750805509e-05 0.00010034672892136667 0.0 0.0 0.0 0.0 0.0 0.0 0.0 0.0 0.0 0.00013422827548417805 0.0 0.0 0.0 0.0 0.0001015872451385019 6.676702504734329e-05 6.335861458785637e-05 0.0 0.0 4.127888537719454e-06 0.0 0.0 0.0 2.6091132991254572e-06 0.0 0.0 2.647733379646402e-06 0.0 0.0 0.0 0.0001218950251146866 7.092782717245533e-05 3.567825025293503e-05 0.0027934484148448412 0.00011227402871603648 0.006232997362800569 0.0008688125778075075 0.00337990333048438 0.0012105113226345873 8.751790499941624e-05 0.0006346240389009355 5.223034369248323e-05 0.0 4.8072407537310346e-05 3.120731146329621e-05 7.355646859286641e-05 7.93748365736695e-06 0.0 0.0 4.114684361869291e-05 2.329626983295474e-05 0.0013076474227497797 0.0002562945938502338
0.05708366501249194 0.021800235827056497 6.800443818790681e-05 0.0 0.0007148644478628065 0.00495525742201451 0.02734312017399609 2.858843136859687e-05 1.2415299014991043e-05 0.03265790469485431 9.182504662701312e-06 0.0179301865891397 0.023121307137413977 9.721266011076876e-05 9.98812783753306e-06 0.0 0.0 0.0 0.0 0.0 0.0 0.0 0.0 0.0 0.0 0.0 0.0 4.828385243059851e-06 0.0 0.0 0.0017186828746384708 2.2061036789182524e-05 0.0001548380834110031 0.0 0.0 0.0 0.0001254327890143454 0.0 0.0 0.0 0.0 0.0 0.0 3.657596450232789e-06 0.0 0.0 0.00017211498566616545 1.811303679662863e-05 0.0 0.0 2.5497800397961214e-06 0.0 0.0 0.0 1.3189814132575253e-05 1.9683374998657704e-05 0.0004216786445890333 0.0008651832983579124 0.0001669741740267247 5.603675012032558e-05 2.431602479248386e-06 1.564290199247357e-05 0.0 0.0003955883716741446 9.006156069618082e-06 2.4576863611050087e-05 5.41155031392284e-06 8.12163512769716e-06 0.0 0.0 0.0002122067080993189 0.0 0.0 0.0005597800384854946 0.0009376341132762665 9.330629599533343e-05 7.019652872214701e-05 2.9222334167172686e-06 5.257347765707531e-06 0.0 2.609605824537786e-06 3.6090951826732895e-06 0.0001098465410000349 0.0 1.9324083893686357e-05 1.2056969297745114e-05 0.0 0.0 0.0 0.0 8.870732747215965e-06 0.0 0.0 0.0 0.0 0.00031710763186843546 0.00010757685309897331 0.0 4.617304214513784e-06 0.004777261456520411 0.0 6.653889755018064e-05 0.0002860405044101604 0.0002640558561482672 4.763801486848222e-05 0.0002684137314606353 9.265654320102828e-05 0.00021708143353875437 6.25614979999264e-05 4.4933493855780555e-05 2.130022795701055e-05 0.00022096961274078853 5.4359937484518786e-05 9.809069569875717e-05 7.748021616798985e-05 0.0 0.0 0.0 0.0 0.0 0.0 0.0 0.0 0.0 0.0 0.0 0.0 0.0 0.0 0.0 0.0 0.0 0.0 0.0 0.0 0.0 0.0 0.0 0.0 0.0 0.0 0.0 0.0 0.0 0.0 0.0 0.0 0.0 2.9594954493799024e-05 0.0 0.0 0.0 0.0 0.0 0.0 0.0 0.0 0.0 0.0 0.0 0.0 0.0 0.0 0.0 1.4226782272606031e-05 0.0 0.0 0.0 0.0 0.0 0.0 0.0 0.0 0.0 0.0 0.0 1.3755377187084746e-05 0.0 0.0 0.0 0.0 1.664134494220046e-05 0.0 0.0 8.73890574025819e-06 0.0 0.0 0.0 0.0 0.0 0.0 0.0 0.0 0.0 0.0 0.0 0.0 2.723352273551195e-05 5.390812164004697e-06 0.0 0.0025227590323821355 9.977261599669848e-06 0.0004818369661508618 1.8694387538003137e-05 0.010870638807028276 5.703386627175435e-05 4.17218300565622e-06 1.9633601155781272e-05 1.0310182142553623e-05 0.0 2.4585553913973607e-05 0.0 0.00040088627442464884 0.0 0.0 0.0 0.0 0.0 0.0035929140096223455 0.00030537025805377075
0.0028709684918007765 0.03861042573102438 0.020451046454233797 0.0007148644478628065 0.0 0.000572045200724578 0.022781697863513247 0.009079256555996269 0.03870713349741328 0.0068360673240473405 0.030386647425421062 0.0015319099643180802 0.039800805545935625 0.0412058594985468 0.0003898629882579916 7.806863230650335e-05 1.2742245279321896e-05 2.965830120501559e-06 0.0 2.7512914256252915e-06 9.514667035129027e-06 0.0 0.0 0.0 1.342668556109234e-05 0.0 0.0 0.0 0.0 3.316214268444785e-06 0.002174016447856192 0.0003848552429060126 0.0004302214611226699 0.0 1.585647204611159e-05 1.1279787027819396e-05 0.0004103739890708331 3.810482806926133e-05 9.462335056641656e-05 3.05223532093635e-05 0.0 0.0 7.50560522256062e-06 4.5191729852340384e-05 0.0 7.5554765716751265e-06 0.002373348642037319 8.50420979482262e-05 2.9955607237712084e-06 2.605637796288291e-06 1.2795487966072892e-05 3.6487519209790458e-06 1.951982754771326e-05 0.0 0.0001210661669167817 4.107824036996368e-05 0.00046163827032724377 0.0012499214893058768 0.0005685218964054755 0.0007661074255520283 0.00010495892737630665 0.00011362506135724785 3.554331160788219e-06 0.0025010313270889574 5.957943963083779e-05 8.723825948681609e-05 1.658487360986869e-05 8.70689610703859e-06 2.3181701192316267e-05 8.35344883629923e-06 0.0011518827358936027 1.0593364991215084e-05 0.0 0.001988979860487997 0.0038313795566860065 0.0022565841799429913 0.0012728927558646594 0.00015013538680048403 0.00012323074998998033 0.0006040769776108438 2.5614830000920677e-05 0.00030708382245544895 0.0003175521182165551 0.0 7.356558506939635e-05 2.389602380657561e-05 9.054586228969814e-06 2.789419456374093e-06 4.565116259874652e-06 0.0 2.85982466794697e-06 2.6186080285131005e-06 3.0391013020135827e-06 4.8972662656575386e-06 0.0 0.002036618143022994 0.0008475237799598004 0.0 0.000327242674019618 0.0009698563857216599 1.3150285341479462e-05 7.505831960237158e-05 0.00018720463797725783 3.6136582367951397e-05 0.00040254829298593854 0.0007132585486601113 3.550681002874852e-05 0.0013192768141134577 0.00040809073496039376 0.0007819760792189371 0.0005865110573532213 0.0020770932966085553 0.0013236912577887557 0.0008421918025842104 0.0010561236959262252 0.0 0.0 0.0 0.0 0.0 0.0 0.0 0.0 0.0 0.0 0.0 0.0 8.687094254826071e-06 5.272550415144087e-06 0.0 0.0 0.0 0.0 0.0 0.0001248453220158225 5.15531191101505e-05 0.0 0.0 0.0 0.00031911943860051575 0.0 0.00024661106384726465 5.9476954985848045e-06 1.945781025081582e-05 0.0 0.0 0.0 0.0 3.2829926089038965e-05 0.0 0.0 1.762879679851538e-05 0.0 0.0 0.0 0.0 2.671449512767431e-06 0.0 0.0 0.0 0.0 1.846270439263205e-05 1.0128462858313172e-05 3.340808266874617e-05 0.0 1.2409143279707263e-05 9.330209204955181e-05 1.3202452130130327e-05 0.0 0.0 0.0 0.0 0.0 0.0 0.0 0.0 0.000503579363255917 1.7840898075259848e-05 0.0 0.0 0.0 0.00025803277120460316 0.0002059881317098365 0.00031447860755767483 0.0 0.0 3.409033072490055e-06 0.0 3.053677295505434e-06 0.0 2.2089048904461114e-06 0.0 0.0 0.0 0.0 0.0 0.0 0.000673705502055228 0.00016809593596958701 9.208180290695512e-05 0.004756773221273779 7.006956989249025e-05 0.004261760059757962 0.0008431375419853366 0.0037647394048530873 0.0011225133337810008 1.4738429609501709e-05 0.0011960106860064625 0.0004916655723559824 2.9154554489425067e-05 0.00011953246204621774 2.4389891713328516e-05 0.0008471720659218977 4.4498208410323775e-05 3.3601948138589636e-06 0.0 7.076392513175241e-05 1.9149952140598796e-05 0.0046043363640572025 0.003284552447586645
0.0005542724469052681 0.0011997660926288496 2.0675408221241625e-05 0.00495525742201451 0.000572045200724578 0.0 0.003925271404039015 1.1755971345926944e-05 0.0001023682168337874 0.009643763348259417 5.780450420836453e-06 0.003123712358415909 0.0029567581424891983 0.00011188477192263368 3.8424154815636805e-06 0.0 0.0 0.0 0.0 1.258687384535014e-05 0.0 0.00021329649536851528 0.0 0.0 4.620603730482228e-06 0.0 0.0 0.0 0.0 0.0 0.00022802566806872225 5.421224121840414e-06 9.645927840009702e-05 0.0 0.0 0.0 0.0001795819277627683 1.0419508514885016e-05 7.415768016583646e-05 0.0 0.0 0.0 0.0 0.0 0.0 0.0 3.834253733796557e-06 0.0 0.0 0.0 0.0 0.0005825621144039992 0.0001426355401536521 1.3302331337092648e-05 0.0 6.961984829175624e-05 0.0018585700968311188 0.0002248742838149827 5.120346435643209e-05 7.88682536156514e-06 0.0 4.9675624604998454e-05 0.0 3.7857051400385794e-06 0.0 3.7360361758231034e-06 0.0 6.073862862972519e-06 0.0 0.0 0.0022678424371178033 0.0038038522305321246 0.00033315071111515607 1.2114679197120535e-05 1.4838090259798685e-05 2.533137627517344e-06 0.0 0.0 0.0 1.3837546883011592e-05 0.0 3.065839890694865e-06 5.819443403263016e-06 9.948476212359302e-05 0.0 3.7917411566876137e-05 0.0 0.00010584550569985099 5.376719349595528e-05 0.0002604185338609514 0.0 2.2487918861657802e-05 0.0 3.910380896803827e-06 6.847917632202966e-05 0.003096566536833864 0.009866148395798207 0.0009527802818676882 0.0007994451741174096 0.007886866848804701 0.0 0.0 8.215711809777626e-05 0.0 3.530771846236427e-05 9.844770503884748e-05 0.0 9.039867210474114e-05 0.0 1.4364286045180552e-05 0.0 0.00013605950684666458 6.670423673770479e-05 2.6300867482434822e-05 4.725599398922502e-05 0.0 8.04001099106335e-06 0.0 0.0 0.0 0.0 0.0 0.0 0.0 0.0 0.0 0.0 0.0 0.0 3.942808379926595e-06 0.0 3.5482258433641247e-06 0.0 0.0 0.0 0.0 0.0 0.0 0.0 0.0 0.0 0.0 3.2296394309377502e-06 1.6200181535328393e-05 0.0 0.0 0.0 0.0 0.0 0.0 0.0 0.0 0.0 0.0 0.0 0.0 8.413391390706495e-06 0.0 1.541391501349532e-05 0.0 0.0 0.0 0.0 0.0 0.0 0.0 0.0 0.0 0.0 0.0 0.0 0.0 0.0 0.0 0.0 0.0 2.9998152301045717e-05 1.8959689407342167e-05 0.0 0.0 0.0 1.774367151361337e-05 0.0 0.0 0.0 0.0 2.718159281567358e-06 0.0 0.0 0.0 0.0 0.0 0.0 0.0 0.0 0.0 0.0 5.015434551221652e-06 4.563230108718121e-06 0.0 0.00021012917027177097 7.878736148926347e-06 6.044657342685912e-05 0.0 0.006055982241807145 2.0295608106011616e-05 0.0 0.0 7.834542849657089e-05 0.0 0.0 0.0 8.999852029724386e-05 0.0 0.0 0.0 0.0 0.0 0.002787407105034 0.00042966064424375367
0.021981352275412747 0.056955839940745594 0.008844885319889237 0.02734312017399609 0.022781697863513247 0.003925271404039015 0.0 0.004438737534068505 0.010243054097568146 0.04844326534450671 0.012011871373174565 0.013900539946475084 0.06511659899746629 0.013486175449329387 0.0002780698348613945 0.00010757915448401202 2.577394519879435e-06 0.0 0.0 8.472024745502523e-06 1.2066930630154964e-05 0.0 5.974424812282466e-06 0.0 0.0 2.197422222902188e-06 0.0 2.3999167569952725e-06 0.0 0.0 0.003163972337851306 0.00024879233309163914 0.00035768164441276067 6.660650885130251e-06 1.0724954415900084e-05 7.250610951686655e-06 0.0003837544566953413 1.7071599303592595e-05 7.874510490170248e-05 7.707150378842975e-06 3.0650798176780605e-06 2.5916815619584525e-06 0.0 2.6880488796093994e-05 0.0 3.5539320986723885e-06 0.0022526454256821876 8.285249643907797e-05 0.0 2.8492371552326003e-06 2.1336772105940856e-05 3.5137649984473384e-06 0.0 0.0 9.899449148356483e-05 4.838751785234933e-05 0.0009161067602337849 0.0021273730012535737 0.000525005755485654 0.0006653469120241612 3.244887266191954e-05 8.763326106238218e-05 6.689852814333457e-06 0.0027072578168407116 4.673687898250324e-05 0.00013237823493054664 2.188425369878963e-05 6.563074014486982e-06 3.965809150208279e-06 0.0 0.0013882364747786942 3.934566534352195e-05 0.0 0.0026294284690042973 0.004303312191860337 0.001796117012212187 0.0010571623868350086 0.0001722206826660596 4.281523171552997e-05 0.0002306944252202183 2.0432287118504072e-05 0.0002113081122508418 0.0003574133098615976 2.5216756503215006e-06 0.00010844946734012475 5.4233844201089995e-05 2.0989082221829726e-05 2.1434501419263654e-06 8.462030237189715e-06 0.0 1.4848077752418754e-05 1.0279372311702545e-05 0.0 5.112452544646685e-06 0.0 0.0038065422354820007 0.0008331842495593666 0.0 0.00033887732786631083 0.0037786923194522482 1.406480871503618e-05 4.030185503516917e-05 0.0004953514753427686 0.0001240423215209749 0.0005285610236576081 0.0015381596323552238 0.0001362004416497189 0.00287746236349772 0.001353654968508312 0.0015761752158186156 0.0006875651949831075 0.004466488506475535 0.002601698885304046 0.001782979158202602 0.00169179811792299 0.0 0.0 0.0 0.0 0.0 0.0 0.0 0.0 0.0 0.0 0.0 0.0 2.4489438447801007e-05 0.0 0.0 0.0 0.0 0.0 0.0 0.0001823132641800413 0.0001719428957174852 0.0 2.6093366121926597e-06 0.0 0.0005451986983223155 4.8870446153740374e-05 0.0004253034859589653 5.715925548879818e-06 3.4011464825703816e-06 0.0 0.0 0.0 9.938861264914713e-06 0.0 0.0 0.0 5.471854687819391e-05 5.247814176516713e-05 0.0 0.0 0.0 0.0 0.0 3.1765192215345804e-06 0.0 0.0 1.4740876540437225e-05 9.721513676921586e-05 2.521397281902799e-05 1.252198415737105e-05 7.86812518715082e-05 9.941263509454777e-05 9.624261050192932e-05 0.0 0.0 0.0 0.0 0.0 0.0 0.0 0.0 0.0007821629066409521 5.7855321605808474e-06 0.0 0.0 0.0 0.0005473153149853433 0.00030165700575630466 0.00027579091763816894 1.4625959731182796e-05 1.7087830524930805e-05 7.702410624392126e-06 0.0 7.88732954016202e-06 0.0 0.0 0.0 0.0 0.0 0.0 0.0 0.0 0.0014226754435764162 0.00035755375713346154 0.00018568091679419248 0.005328607108143942 8.434291781491993e-05 0.004550971858720034 0.00063000647427342 0.009718620605004655 0.0011852254851020764 6.879599477988563e-05 0.0009392812519099857 0.00045651945098198083 0.0 0.0001571770169128647 3.5784556310087e-06 0.0012933492487878556 0.00014892550585425166 0.0 7.87850926855775e-06 6.075858221115696e-05 1.3580222688687806e-05 0.01433634346302726 0.006282941765253387
0.004648950158264702 0.011706253248793742 0.04997487422454429 2.858843136859687e-05 0.009079256555996269 1.1755971345926944e-05 0.004438737534068505 0.0 0.007603541160876884 0.0001672787906490759 0.022148861106583814 0.0016523103736239466 0.021917382975688522 0.040213225267250435 0.0005816139497135655 0.0004570317154620177 0.0001678061265018579 5.7472756356358703e-05 3.017616848862013e-05 0.00019779091664316574 0.0005163081212821323 1.4817935006928162e-05 0.00017662832872964294 3.2905585222103475e-05 0.0002954021958109332 3.151891928291748e-05 0.00013432143080365473 6.374864619912173e-06 3.092950049489244e-05 2.028840382193838e-05 0.025999030014511287 0.046020663442068566 0.004805452940945085 0.0003107239543493419 0.0007894652491705197 0.0004469384435563063 0.0022039141290160643 0.0006912198222494807 0.0008567431688541646 0.00029477206436339005 2.4562238032068875e-05 6.309342806126238e-06 6.162587213606926e-05 0.0004914006942820489 2.0257859160490845e-05 0.00010809817471942675 0.0026405576325573893 0.0002781072032947667 7.47767755719701e-05 0.00020623863094313517 4.254474917328792e-05 6.0505217007919126e-05 0.00012716625895779657 3.962736038968243e-06 8.939339967540734e-05 4.264605506298732e-05 0.0006225069103946786 0.0027934118987586816 0.00039160508108237 0.0007996363194010309 0.0042124207084835155 0.0032637841810832235 0.0004955701620957047 0.014825359859862552 4.978181163319393e-05 0.00017054800310564673 5.973689377427283e-05 0.00030433167368838884 0.0007706259257442197 0.00029812245195225937 0.001887747346848736 0.00026893085151350805 0.0 0.0022343990633741963 0.006385470024545589 0.0028975555196394352 0.006146360863537678 0.009372516318583995 0.01704414164398108 0.01827909946474314 0.0016618192266712657 0.02827838471326755 0.00024856307404647467 0.0 9.840927117145927e-05 5.831062579540245e-05 0.00030331362960660783 2.3457284975550333e-06 1.084380881243212e-05 5.888448092308995e-06 2.421654322071681e-05 3.895536285517081e-05 0.00024010784439375054 7.127088717499853e-05 3.387663866955489e-05 0.000990160487096648 0.0016926282995897116 3.8753461920029534e-06 0.0007638389039207024 0.0027980362231845167 3.5303336864973273e-06 4.175871214784445e-05 1.6626244555403834e-05 0.0 8.824420137971128e-06 2.844014721121266e-05 0.0 0.00012671352346302564 2.301523259717113e-05 0.00011457835035722236 0.00012440570158571296 0.00027902990553913725 0.00035586385749576416 0.00018231553988050993 0.00021857863468980379 7.96325598301091e-06 1.8849080709070034e-05 0.0 0.0 0.0 0.0 0.0 0.0 0.0 0.0 0.0 0.0 2.978081898225816e-06 0.0 0.0 0.0 0.0 1.5157705244126712e-05 0.0 1.296211209555877e-05 3.095611184982404e-05 0.0 4.665489442951871e-05 1.6655504274889606e-05 0.00016740986828492108 7.855025485667454e-06 3.6921565612563365e-05 6.191149787272466e-06 3.233730959161473e-05 0.0 0.0 0.0 0.0 1.9149471268371016e-05 0.0 0.0 0.0 1.1078783150068404e-05 0.0 0.0 0.0 1.0211556485300805e-05 0.0 0.0 0.0 0.0 0.0 1.0103115992815348e-05 0.0 0.0 3.524420218542148e-05 2.2142620496400547e-05 9.674281655197721e-06 0.0 0.0 0.0 0.0 6.607810827796479e-06 0.0 0.0 0.0 0.0001244074605031198 0.0 0.0 0.0 3.582960894847985e-06 0.00013667530440157039 0.00016749305442392484 8.492989323931085e-05 4.3023348078798353e-05 0.0 0.0 4.874125181521062e-06 0.0 0.0 0.0 0.0 0.0 0.0 2.8074514514554958e-06 0.0 0.0 0.000164885707176809 0.00022362995938470036 0.000193573054343172 0.0035388628280188937 0.00018260366344160072 0.00448863094825014 0.0010234081884133463 0.0013708652176395067 0.0009534233773641339 3.379513249168714e-05 0.000694834564470259 0.000442590222074968 3.1148022914144335e-06 7.97268745225385e-06 0.0 9.183758592922964e-05 3.68082633639194e-05 0.0 0.0 0.00015387008286008383 3.938353153434853e-05 0.0006455188515617646 0.00018668580466843607
0.0003804982746394786 0.009698675601267994 0.03301502292515494 1.2415299014991043e-05 0.03870713349741328 0.0001023682168337874 0.010243054097568146 0.007603541160876884 0.0 0.0013400772690908096 0.016200568434373397 0.0022209144538756446 0.03468943788494566 0.019664745922224884 0.00023367961032897788 9.58872178628303e-05 0.0 0.0 0.0 3.1306786851740843e-06 3.1539726876302737e-06 0.0 7.474717862359262e-06 4.361293262742809e-06 3.3231419677500166e-06 0.0 2.8837282033011786e-06 0.0 0.0 0.0 0.0006480660847861859 0.0002492886536370098 0.0005570211969853809 8.054764160524388e-06 6.378445001410291e-06 5.9294211648287705e-06 0.0005098756756613348 3.7305001759193224e-05 6.742831568345392e-05 1.02566769024201e-05 0.0 0.0 0.0 2.3622195373447003e-05 0.0 0.0 0.0009127458721743553 1.1463031927955595e-05 0.0 0.0 0.0 0.0 1.0546725617162648e-05 4.106723500734616e-06 2.094586507891365e-05 4.860836746011997e-06 0.00012022505170911047 0.00027599215767127217 0.00011201426924396174 0.00027136492399224097 8.080235667532883e-05 7.483146372924553e-05 1.47939532287634e-05 0.0010689538007471959 1.5111107250770432e-05 2.3728073354431816e-05 0.0 0.0 9.809001981405322e-06 0.0 0.0006540642932724959 2.1790848192575254e-05 0.0 0.000625052880318767 0.001174802226402147 0.000973351627150894 0.0006824324394993126 0.0001709375012864438 0.00013181721994749314 0.000599516580890712 1.2463022135206678e-05 0.00030010993468306126 5.380489678001821e-05 0.0 2.9496715769837305e-05 1.162916353202914e-05 5.8675099356927504e-06 0.0 5.508076495395821e-06 0.0 4.961082671557518e-06 0.0 3.2617275447879973e-06 0.0 2.515482339463044e-06 0.0008971459789943964 0.0006799133955661387 0.0 0.000198082595852465 0.00013144449402874558 2.442098050714853e-05 2.9084168303459617e-05 6.0072334021040526e-05 4.8262034815278835e-06 0.00010329138401643947 0.000617861862801591 3.5692820538744647e-05 0.0006759933736805901 0.0002703744713219942 0.00030620720974507614 0.00028891062930414956 0.0012635354065831418 0.0006469111528858711 0.0004904972842414318 0.000454877901358264 1.6532486124171645e-05 1.2487279546859076e-05 0.0 0.0 0.0 0.0 0.0 0.0 0.0 0.0 0.0 0.0 0.0 0.0 0.0 0.0 0.0 0.0 0.0 8.728475426625206e-05 7.3802181458976035e-06 0.0 0.0 0.0 0.00018602320958911606 0.0 0.00014021457584279787 2.076768717367609e-05 0.0 0.0 0.0 0.0 0.0 0.0 0.0 0.0 3.273440992950039e-05 2.6852899762760615e-05 0.0 0.0 0.0 3.0033828644457147e-06 0.0 0.0 0.0 0.0 1.866651811478027e-05 1.4890736018116588e-05 0.0 0.0 1.912687360314674e-05 7.827323701828045e-05 2.305301697788574e-05 0.0 0.0 0.0 0.0 0.0 0.0 0.0 0.0 0.0003892530073069171 0.0 0.0 0.0 0.0 0.00011813677559090928 0.0001035295946098995 6.148844042298288e-05 3.2577416800315356e-06 8.450443047714978e-06 1.8616330464942248e-05 0.0 0.0 0.0 0.0 0.0 0.0 3.2186875778411087e-06 0.0 0.0 0.0 0.0003547646432759068 0.0001081338310859504 3.758850067075811e-05 0.0026705130692780948 9.723530438873121e-05 0.0014807265619890422 0.00038296903823995925 0.0012302191345990674 0.0005043709029626692 0.00013285042125507298 0.0005696815845887379 0.00019503133243090217 0.0 0.00010562075049160523 0.0 0.00020365373296150565 1.0903587984435584e-05 0.0 0.0 7.858032982343863e-05 4.922795539166591e-06 0.0015048140801991355 0.0016501583341337266
0.0434155823167415 0.01798617168116855 3.785122956451239e-05 0.03265790469485431 0.0068360673240473405 0.009643763348259417 0.04844326534450671 0.0001672787906490759 0.0013400772690908096 0.0 0.0006096683272873973 0.024197874310845358 0.09688878675006098 0.002673409859036536 5.8194912764477085e-05 2.237872114999665e-05 0.0 0.0 0.0 2.718945514794378e-06 3.3169843299054888e-06 0.0 0.0 0.0 0.0 0.0 0.0 3.687165811479474e-06 0.0 0.0 0.0011593890127201056 2.957458758104585e-05 0.0007986854875582557 0.0 0.0 6.207544866654659e-06 0.0012831223196117518 3.5997800074557616e-06 0.0001906888597746687 8.358502513272669e-06 0.0 0.0 0.0 7.041748784607042e-06 0.0 0.0 0.00029551563551959083 1.0148524172247013e-05 0.0 0.0 2.145631903458332e-06 0.0 2.822564537845079e-05 0.0 1.539996020608604e-05 7.50859271856722e-06 0.0008814816750961255 0.0007611491201435154 0.00013613431410815642 8.258477617721455e-05 7.2763064614406195e-06 1.0301967598725888e-05 0.0 0.00048306731484556667 1.3163410870224913e-05 2.7111024459516994e-05 5.0411566968260195e-06 0.0 5.770947605565651e-06 0.0 0.0038507115874570064 5.43988586452773e-06 0.0 0.0004923255549815822 0.0007228553195150014 0.00014499555188816465 0.00016079770368468445 3.597107765764264e-05 1.0792387351952303e-05 4.489243516802733e-05 2.4013263166856985e-06 3.2837818624460954e-05 7.129553794108453e-05 0.0 2.6905048477084425e-06 4.584501451284472e-06 2.0278645825707932e-06 2.2708976918739846e-06 5.035533916370351e-06 0.0 0.0 2.4321375744573378e-06 0.0 0.0 0.0 0.005646262620667341 0.0016979305737113428 0.0 0.0005741260834917319 0.010193479047556058 0.0 4.4463712130213154e-05 0.00017280619668597983 8.034811292552896e-06 0.000299765315056349 0.0010837951874313014 8.361306031655426e-05 0.0017988018326840357 0.0006845042701202717 0.0008727865884214385 0.00039904621280211416 0.0026741289882326927 0.00131904895487736 0.0008449155185322474 0.0006462328904566528 0.0 0.0 0.0 0.0 0.0 0.0 0.0 0.0 0.0 0.0 0.0 0.0 0.0 0.0 0.0 0.0 0.0 0.0 0.0 0.00010778145923767099 0.00016544826394752457 0.0 0.0 0.0 0.00015244094367923225 0.0 6.940986337601819e-05 0.0 9.119261878865324e-06 0.0 0.0 0.0 0.0 1.1008618850249605e-05 0.0 0.0 0.0 1.9047103987597114e-05 0.0 0.0 0.0 0.0 1.9546787309080908e-05 1.6423798536609695e-05 5.950184999316942e-06 0.0 1.1470223845384005e-05 1.6821589266224947e-05 0.0 0.0 1.6144122107397473e-05 0.0 1.991265782583148e-05 0.0 0.0 0.0 0.0 0.0 0.0 0.0 0.0 0.00031633894239184614 0.0 0.0 0.0 6.601229394546464e-06 0.00019019737981946833 7.603666294912969e-06 7.14387275164393e-05 2.019420256969327e-05 0.0 5.541140622907197e-06 8.887611790487146e-06 0.0 0.0 0.0 0.0 0.0 0.0 0.0 0.0 0.0 0.0006427187121268841 7.033324792623514e-05 4.010501562506439e-05 0.0054059375963487625 2.8031873371903806e-05 0.0005860194092592152 0.0001281533108007153 0.02172801596779185 0.00010550840475537479 3.364758200928943e-05 7.330124815508415e-05 0.0003024636116037601 0.0 1.0618384854085214e-05 7.708572780818416e-06 0.0020545784531829036 2.2242221216034123e-05 0.0 0.0 1.1620114239675436e-05 0.0 0.02252023810048966 0.005709779522601327
0.007130496895846927 0.014130687815460435 0.06997189250076358 9.182504662701312e-06 0.030386647425421062 5.780450420836453e-06 0.012011871373174565 0.022148861106583814 0.016200568434373397 0.0006096683272873973 0.0 0.0014051059398456343 0.03664331140696151 0.057608061428665126 0.0005488315878809203 0.00036752389245404835 2.297992439926346e-05 2.6413181826413e-06 0.0 2.029871760372586e-05 6.79960692988388e-05 0.0 3.166517602400999e-05 2.4813969886908882e-05 0.00013145847499636506 6.1799120744241935e-06 3.391417714429348e-05 4.6771459332016685e-06 9.256233885712197e-06 6.34192249410844e-06 0.012360630330900438 0.009962968502929086 0.00553453664978224 4.484616084781743e-05 0.00016054547335892977 0.0001599359668589406 0.0022222628364875615 0.0005612213202846479 0.0004867905857900847 0.0001485554568384694 1.1758108872921639e-05 2.449259194223243e-06 8.779844328864503e-06 0.00010238624597502768 2.68626998531475e-06 6.327893724650275e-06 0.002035558807189769 8.67643874934715e-05 1.4497431526733187e-05 1.1083655608131076e-05 1.7503361682193606e-05 6.4514826435911195e-06 0.00011039977831477125 0.0 6.160514088293381e-05 2.3318551910915776e-05 0.0004410243063753858 0.0012802612080992824 0.0003641607284563302 0.0007053590900573929 0.00033920321559340825 0.000698982115973257 5.450115386656306e-05 0.0038954062086281895 4.2953743131837974e-05 4.967751693947741e-05 1.7901920808528913e-05 5.496862873722962e-05 9.379365500396466e-05 3.6649689206757e-05 0.001624855413983945 2.33853177616075e-05 0.0 0.0017662149499305638 0.0036990938977451903 0.002336475087782924 0.0018958897290446048 0.0007409454487668247 0.0014497258446026 0.007663029690566653 7.500453111850748e-05 0.0035271717285244386 0.0002557642847706508 0.0 6.223038191699726e-05 2.14414253134474e-05 2.6072001553883843e-05 2.267146555549185e-06 1.1660410714031006e-05 0.0 9.842824041552667e-06 0.0 5.432926344894071e-05 1.920947280216131e-05 8.583582108125104e-06 0.0005907287198843369 0.0003328610255516955 2.561861776153978e-06 0.0004051053472289153 0.0030643003566160052 0.0 0.0 1.7518382874899304e-05 4.234426231641879e-06 5.328448577270037e-05 4.5866573142083236e-05 0.0 9.883447280715834e-05 5.4402992671951595e-05 0.00011539178306826368 6.515889485435662e-05 0.00020532357080962885 0.00023292815543669856 0.00012678340118963256 0.000183793733498457 0.0 0.0 0.0 0.0 0.0 0.0 0.0 0.0 0.0 0.0 0.0 0.0 0.0 0.0 0.0 0.0 0.0 0.0 0.0 1.3709702411328978e-05 3.534161210635956e-05 0.0 0.0 0.0 6.041474525037038e-05 0.0 3.7856781712400483e-05 5.7654011653597965e-06 1.1888242125178011e-05 0.0 0.0 0.0 0.0 0.0 0.0 0.0 0.0 0.0 0.0 0.0 0.0 0.0 0.0 0.0 0.0 2.0765021210435044e-06 0.0 0.0 0.0 4.346803360124578e-06 6.93674541079576e-05 5.321632201550277e-06 1.0000733491555502e-05 0.0 6.014254683615828e-06 0.0 0.0 0.0 0.0 0.0 0.0 0.0001135416217020251 3.0555608306409448e-06 6.171989811490591e-06 0.0 0.0 8.277100595733632e-05 2.6579876588466457e-05 6.824352728878989e-05 2.8131030081423997e-05 1.4763992177823764e-05 0.0 1.6333407875712603e-05 0.0 0.0 0.0 0.0 0.0 2.294455674633257e-06 0.0 0.0 0.0 8.285456428478543e-05 2.2356368677288125e-05 3.252472585617982e-05 0.003875678048776561 0.00010045756117052607 0.0032788460082056286 0.000782508068259656 0.0014374420810271328 0.0007687283099944704 4.928149297533205e-05 0.0007561142825643771 7.654498936624856e-05 0.0 2.819178883438998e-05 3.194207090941602e-06 1.07683002194864e-05 0.0 0.0 0.0 0.00011149973001473677 3.285195583988146e-05 0.0005546473933502229 0.00023867422206632832
0.003164292034883566 0.009306709695022144 0.0002142232191506562 0.0179301865891397 0.0015319099643180802 0.003123712358415909 0.013900539946475084 0.0016523103736239466 0.0022209144538756446 0.024197874310845358 0.0014051059398456343 0.0 0.018772946916114214 0.00222462181394249 0.00028044322017100937 0.0003072332985671386 5.827212034416627e-06 0.0 0.0 0.0 6.5221734770955295e-06 0.0 0.0 3.494278733498053e-06 2.4650516137081025e-05 0.0 2.870782704366027e-06 0.0 0.0 0.0 0.0002790150612845806 0.00022424856131414127 0.004088959253264386 1.3664636217190859e-05 1.3309223363383947e-05 9.736181231149194e-06 0.006150492502736082 0.0002747264855581736 0.0009404833059591419 5.537747263130107e-05 2.0111152939422812e-05 0.0 2.9275855579072525e-06 7.302291731195734e-05 0.0 3.1607141738027896e-06 0.000640894600384518 5.7610262269314055e-06 0.0 5.150279257337823e-06 0.0 9.234524478534782e-06 0.0001964837561014062 4.3840673904759925e-06 1.231361094840237e-05 0.0 7.917242765480982e-05 0.00015512160015907495 4.860290592168727e-05 0.0001634758514003675 5.724843302940156e-05 0.0002489062251341134 7.499548658255561e-06 0.0006598769074339721 9.464914714971e-06 7.469164049730526e-06 2.6617067370229267e-06 2.4273680924948796e-06 2.2828539543508442e-05 2.7992361941674796e-06 0.0058541492050158345 4.4657596625664085e-05 0.0 0.0003703544359987012 0.0007647763697986179 0.0007853726652634063 0.0007807975760179375 0.00026731468656868385 7.730965183520536e-05 0.0014959672597866173 3.4974337261960595e-05 0.000460947411400077 3.6864587961253874e-05 0.0 1.9387497670169116e-05 5.311919153317379e-06 0.0 2.393976486715627e-06 5.165258118066993e-06 2.640488666157378e-06 0.0 2.448264630594871e-06 6.24156407965899e-06 2.544677134063463e-06 3.0382377772563805e-06 0.009307075509413355 0.0007448465539665465 0.0 0.0013176703229765515 0.0006232972013081233 2.0937814155309806e-05 5.367201385184811e-05 0.00018614535945867496 4.955041113700321e-05 0.0003945229217241518 0.0006919133998170393 5.692606480185841e-05 0.0010682563241192148 0.00037448475077700807 0.000574991344573432 0.0003106691351531953 0.0018774478417581618 0.000927458947070296 0.0010018436774082743 0.0009311718923420222 5.798058144872182e-06 8.589221773807362e-06 0.0 0.0 0.0 0.0 0.0 0.0 0.0 0.0 0.0 0.0 0.0 0.0 0.0 0.0 0.0 0.0 0.0 5.501959572351196e-05 0.00012740037310015695 0.0 0.0 0.0 0.000233027993976425 0.0 0.0001218106422649755 2.632022223287275e-05 4.63019120970609e-06 0.0 0.0 0.0 0.0 2.2525529633704615e-05 3.5205033453946284e-05 0.0 6.777613898463712e-06 1.067446140506282e-05 0.0 0.0 0.0 0.0 0.0 0.0 0.0 0.0 1.8170623743016042e-05 5.285380571334199e-06 2.4323544188180145e-05 5.844531520499795e-06 2.8142191216202363e-05 2.8711588881889253e-05 2.573067858929896e-06 0.0 0.0 0.0 0.0 0.0 0.0 0.0 0.0 0.00039946529770502453 0.0 0.0 0.0 0.0 0.0002151150730373206 0.00017429700523293297 0.00010143171436506794 2.8329519725153193e-05 2.290984404993744e-05 0.0 0.0 0.0 0.0 0.0 0.0 0.0 0.0 0.0 0.0 0.0 0.0004964279325579397 0.0001730769184752353 7.25353968234831e-05 0.0032990310080890104 0.00016484415406108272 0.0011240734409626346 0.0005104074475723091 0.0034345583686958736 0.0002911584130233776 3.7952248880999934e-05 0.0003269176334076911 0.0004022128907903857 0.0 8.698941714610443e-05 1.5079973746772956e-05 0.0007028586878900186 2.7382039956587165e-05 0.0 4.793268252506844e-06 6.555033055545027e-05 4.955628029907511e-06 0.011551387141852096 0.0033145861206967603
