0.0 0.0291679481636822 0.006070089858206547 0.019945380480065094 0.0037855728262237032 0.0011559543363401448 0.004780024906944684 0.0006272800276834693 0.00033444518113490043 0.013310357382082543 0.0017440525585656966 0.006247355466644917 0.006319131376764518 0.0015394489903812578 7.391772941070626e-05 2.3332481809969366e-05 1.673210521988499e-06 0.0 2.0709437439751127e-06 4.651693841264624e-06 0.0 0.0 0.0 0.0 1.0973158174524266e-05 9.421623125919318e-06 4.435578973634462e-06 2.003156340439471e-06 0.0 0.0 0.014312711707636212 5.390275644679627e-05 8.848834768467361e-05 2.028466181948293e-06 0.0 5.576324453081697e-06 4.7614861610394406e-06 2.104086282943575e-06 0.0 0.0 3.084831846524653e-06 9.341873555586026e-06 0.0 4.2183729714907425e-06 9.500171014941866e-06 6.595159927933843e-06 0.0006825395977144353 0.00013621859757613377 9.114631265936318e-06 3.932459716124583e-06 7.913177678010866e-06 0.0 4.321790664852113e-06 2.0268477553372965e-06 0.00010192641706732611 0.0001945369204429092 0.007074451644975691 0.024344661147136907 0.0016824965111818316 0.00126026420201783 3.425733103412317e-05 2.896001433453217e-05 0.0 0.00024325183520295605 0.00015365398826126976 9.498759455967873e-05 5.746211731822038e-05 3.62482505428702e-05 1.6128628641530337e-05 1.4407650615558895e-05 6.51642586520472e-05 1.5148250910323043e-05 4.374937336569138e-06 0.008554916225036749 0.0014949656572328673 0.00145320124549481 0.00011371897318614807 1.723351467498717e-05 2.838097379423435e-05 0.0006794102011751862 1.0218548715948116e-05 6.493903648417752e-05 0.000713922413885779 4.276514495091011e-06 0.00017626757009484584 9.43163309361249e-05 4.503428924798788e-05 2.4297365431084138e-06 2.962071187012739e-05 0.0 1.0086142499003641e-05 0.0 9.439940927298157e-06 8.662029923890108e-06 1.9736048702813925e-06 0.0002994287888492195 5.899734931217966e-06 0.0 0.0 0.029780531863824813 2.9988219591079075e-06 2.4191603858953254e-05 4.8024254563208396e-05 1.5456211353751082e-05 0.0 2.5872324575589495e-05 5.1307708545678125e-05 5.2866645750488846e-05 0.0001102462897829613 0.00016239767948049476 4.6446659674888766e-05 6.21826728557207e-05 0.00013320872864154107 5.053335528578991e-05 5.1136957461072957e-05 0.0 0.0 0.0 0.0 0.0 0.0 0.0 0.0 0.0 0.0 0.0 0.0 2.474296254956081e-05 0.0 0.0 0.0 0.0 0.0 0.0 2.7258665083869904e-06 0.0 0.0 4.380410925959809e-06 0.0 1.978709462704795e-05 2.798398752459371e-05 6.310563057378522e-05 9.812268273605298e-06 4.4756624897876915e-06 0.0 0.0 0.0 0.0 0.0 0.0 0.0 0.0 0.0 0.0 0.0 0.0 2.532771353964781e-06 0.0 0.0 0.0 0.0 0.0 0.0 1.8493045823455203e-05 0.0 0.0 2.972729600359683e-05 0.0 0.0 0.0 0.0 0.0 0.0 0.0 0.0 0.0 5.437192529579392e-05 0.0 0.0 0.0 0.0 2.380640829211528e-05 0.0 0.0 1.829012347085005e-06 0.0 0.0 0.0 0.0 0.0 1.7802934598069886e-06 0.0 0.0 2.1864667595489667e-06 4.839864377749289e-06 0.0 0.0 0.000203183111895371 2.4412668786409447e-05 1.0557893520515134e-05 0.005832944538137718 0.00013828081242316865 0.0034776820588115014 0.0005877591807527962 0.0264959122141125 0.0005183829210681483 1.5145557653507312e-05 6.01764434218204e-05 0.0006456842576658759 8.229620482896275e-06 0.0 0.0 0.00046145852469246183 0.0 0.0 0.0 1.903088232949671e-05 1.3642143786969015e-05 0.008522821263889577 2.595119102572291e-05
0.0291679481636822 0.0 0.02694814279922194 0.01577875119541297 0.032115876765140466 0.0005862054360224251 0.02596885685398389 0.009510344595657408 0.018169823150352232 0.02396211107283572 0.019143185443671374 0.018195499269771286 0.010512533138640624 0.02622436988955009 0.0005361473801849187 0.00014929625197050917 1.2294908894648904e-05 0.0 4.645748143590993e-06 0.0 0.0 0.0 0.0 9.309398776606402e-06 0.0 2.045188794835415e-05 0.0 7.557696982755665e-06 0.0 5.335895740126762e-06 0.03663968221973055 0.0003079757499489959 0.00024341583648287656 2.2826387105683354e-06 0.0 7.287708916240585e-06 6.426667957609139e-05 8.199159017303979e-06 0.0 0.0 1.0491459732948282e-05 1.1159931736328763e-05 5.19333444714059e-06 2.431459550214576e-05 1.3270398199900875e-05 2.075149574812249e-05 0.0038607715928828884 0.0002898812939508291 4.2104980619963895e-05 2.585825341957032e-05 3.384545176379773e-05 0.0 2.2252907230535414e-06 0.0 0.00019308065756247847 0.00026919480688618146 0.003019040726257023 0.023256585946494723 0.0020063962397005217 0.003324089669841479 2.6130578914798673e-05 9.057966912715439e-05 9.047018372255557e-06 0.0024482082245539266 0.00027632970644508344 0.00019582425187126678 9.186630914531691e-05 6.971725534527537e-05 4.8300348503793696e-05 6.761416935855333e-06 7.131997356097762e-05 0.0 2.749671515941893e-06 0.014348880592387096 0.004662897418381494 0.007279761777403967 0.0009117577859460884 7.543989789076529e-05 3.427684836679401e-05 0.002084161244367966 3.919619840007554e-05 0.00016035545873278761 0.0011778762467513988 1.5398702831503256e-05 0.0003000735729314827 0.00013634675195183996 7.316083394469852e-05 2.1588658938981307e-06 4.423426064340401e-05 0.0 2.8232820302490017e-05 2.1391271092964628e-06 1.555292242197099e-05 2.4163862525411024e-05 1.5252139995294458e-05 0.0004971498058916388 2.040468482429201e-06 0.0 5.546981713910203e-06 0.01460989232365037 1.066075131316142e-05 2.1775246344996052e-05 2.2609298637897743e-05 1.148232346391592e-05 0.0 4.7079917596239085e-05 5.782196882241784e-05 2.127454926277169e-05 7.323553706269866e-05 0.00010786885280418399 3.663858555035207e-05 0.00010247691592960352 0.0001189966265309617 3.380916768910502e-05 2.3877518191286296e-05 0.0 0.0 0.0 0.0 0.0 0.0 0.0 0.0 0.0 0.0 0.0 0.0 0.0 0.0 0.0 0.0 4.49528391919948e-06 0.0 0.0 6.004812797387651e-06 0.0 0.0 5.651889370262501e-06 1.682284891107558e-05 1.5277861386224894e-05 0.0 7.56828399756342e-05 8.514513375199263e-06 3.111967233116996e-06 0.0 0.0 0.0 0.0 0.0 0.0 0.0 0.0 0.0 0.0 0.0 0.0 0.0 0.0 4.250408429973282e-06 0.0 0.0 2.0616183960011123e-06 0.0 6.748724658525212e-06 1.3651571260833446e-05 2.107712253724935e-05 2.0001741927715787e-05 0.0 0.0 0.0 0.0 0.0 0.0 0.0 0.0 0.0 4.474078391809339e-05 3.575725559940505e-06 0.0 2.1850257094845094e-06 0.0 2.1747492111341342e-05 8.433027485560405e-06 1.8032351990017553e-05 0.0 0.0 0.0 0.0 0.0 0.0 4.157304376536123e-06 0.0 0.0 2.8648000030758685e-06 0.0 0.0 0.0 0.0001971740015688467 2.5023697305609184e-06 1.3558329964533005e-05 0.010799303599314056 0.00022502869574530357 0.010877881914506057 0.0014774711028693857 0.014609049815871245 0.0018244846493040237 3.1295648857168866e-05 0.0004922140411819049 0.000462408645389026 7.3011889962728615e-06 8.33246895879466e-06 0.0 0.0003003803746043907 3.583700337805606e-06 0.0 0.0 0.0001755338756602936 7.436240775450551e-05 0.0032441705612133234 3.234141098762678e-05
0.006070089858206547 0.02694814279922194 0.0 0.00030281791231135036 0.022407294817376234 9.998437948894534e-05 0.002307936419342206 0.016707743110401903 0.009897293098041651 0.0002802040853756373 0.05103677939069523 0.00024064019972804476 0.003233924225117598 0.02785592460853497 0.00023456272418044693 9.949764283677474e-05 5.868149543326242e-05 4.5640465174878045e-05 6.750076482811713e-06 0.00025780301605328264 0.0007194593919208009 0.0 3.304779462989064e-05 0.0001893441104211744 0.00014059347954972022 0.0008975652047515444 8.911092037119311e-06 0.00017172063143777077 2.560152021862389e-06 6.699659080724413e-06 0.06143890564067763 0.016933646244033897 0.0016688595019979642 7.588897803961035e-05 5.763252852069547e-05 0.0002255598702390926 0.00022150098834569816 8.873148255455677e-05 7.415592927089458e-06 1.0101343848210259e-05 0.0008537127342244529 0.0004100528822554019 0.00030085015298370277 9.382150967596495e-05 0.00010663295573678059 0.0004907968025750585 0.0016081084479703037 0.00013908707805296622 0.000129148696846454 0.0005783710097685446 0.000386220962915857 0.0 0.0 3.167199763437203e-05 4.234484620717564e-05 0.00014198021799063685 0.0011843153715772024 0.018381583365714358 0.0006813947727535857 0.0009343295522442433 0.0019054082139024916 0.002279965487985615 0.0003763484593587293 0.006651056211145451 0.0001884039117923704 0.00019672462005904074 0.00012022608715891276 0.0009467333678301118 0.0032352821355696626 0.0019713370833628163 0.00018500508162269037 2.6815293593131716e-05 0.0 0.0058726386044641015 0.003042771295146232 0.0032472550737820643 0.001302907838480146 0.0002445288705498758 0.0015539546300720128 0.02429060986470762 0.0008591416075252475 0.006345438618598801 0.0003130124738056549 5.9278537722183414e-06 0.00014979138552089201 8.945602059677478e-05 0.00046836081013987735 0.0 2.4354559154753912e-05 0.0 4.1138375729674795e-05 2.4062221464206683e-06 0.0023434737378781553 0.0010146134997034149 5.9267523355316265e-05 2.9581601058288465e-05 8.962725095639203e-06 0.0 1.1196283894948437e-05 0.00226041896289775 0.0 0.0 2.4847431602088935e-06 0.0 0.0 0.0 7.244586706926445e-06 2.536423877477654e-06 7.203603228759816e-06 4.656603229902719e-06 7.674255053187454e-06 0.0 1.6068386549615297e-05 8.648637457121733e-06 5.175137763484437e-06 0.0 2.81181440359656e-06 0.0 0.0 0.0 0.0 0.0 0.0 0.0 0.0 9.21390856069772e-06 0.0 2.6120851871655646e-06 0.0 5.075323143204785e-06 0.0 0.0 0.0 0.0 0.0 0.0 0.0 7.411449482629601e-06 2.1771539533509844e-06 2.0458599769374244e-05 8.457137258272543e-06 5.526718235150414e-05 1.1899677577809633e-05 1.9220155467261578e-05 0.0 0.0 0.0 0.0 0.0 0.0 0.0 0.0 0.0 0.0 0.0 1.8611204582843337e-05 0.0 0.0 0.0 0.0 0.0 0.0 2.2106946041239016e-06 0.0 0.0 0.0 3.6223797483831625e-05 0.0 0.0 0.0 0.0 0.0 0.0 0.0 3.2943006478746978e-06 0.0 3.375214471275731e-05 0.0 0.0 7.600910388698278e-06 2.7875247459826813e-06 0.0 5.225986961003211e-06 0.0 0.0 0.0 0.0 0.0 0.0 0.0 0.0 0.0 0.0 8.220323981007115e-06 2.2945553686358637e-06 9.090661244442668e-06 4.601384119282851e-06 9.261618193342755e-06 1.5432300278604713e-05 2.928617432830804e-05 0.0028209691712332784 0.00036316168076290446 0.004088899275123131 0.0011856680775505582 0.0020982138899799173 0.0004106232299115737 1.2033975632082294e-05 7.572139178259919e-05 4.058478818630062e-05 6.469217742348998e-06 0.0 0.0 2.9118876711313503e-05 0.0 0.0 0.0 0.00010671080701972946 2.9623177045787818e-05 0.0005294132770872115 3.832144320645354e-06
0.019945380480065094 0.01577875119541297 0.00030281791231135036 0.0 0.00279914250342744 0.0068688670338084125 0.01260416739827801 4.050347573150726e-06 0.00047001303970393364 0.037407671117574016 0.00010584960106507608 0.04367742855099493 0.03181426687830767 0.004741947266547271 4.146735332301717e-05 2.128848228008644e-06 3.922506025172086e-06 0.0 0.0 0.0 1.8828140578466214e-06 0.0 0.0 0.0 2.3523390932831654e-06 0.0 0.0 2.22469355534686e-06 0.0 0.0 0.0006829764947820564 1.0106862946331052e-05 2.0289148191932762e-06 0.0 0.0 0.0 2.27485259684819e-06 0.0 0.0 0.0 4.834764354115722e-06 0.0 0.0 0.0 0.0 1.6506251125672236e-06 0.0005208221675025064 3.808516026714546e-05 6.2924188341797705e-06 5.592342092738852e-06 0.0 0.0 0.0 0.0 6.483507824026978e-05 5.2543376277748666e-05 0.0005950669588398525 0.004076490501235697 0.00036106891038695704 0.00047439226113202244 1.9662039682532255e-06 4.607635477954863e-06 0.0 0.0001793027185915167 6.137448116746327e-05 2.682843576188443e-05 1.216022329949729e-05 1.223056241694789e-05 7.679553595218561e-06 0.0 0.00012123756114874709 0.0 0.0 0.002377681537676251 0.0004956259630844813 0.0006967778139527025 3.856672092835346e-05 6.624486004460056e-06 2.2392271445646392e-06 1.3463508941958994e-05 2.13223432836525e-06 1.2459412920619549e-05 0.00020407021231746387 0.0 6.198417685420872e-05 2.8201519792082125e-05 1.7785719935475937e-05 0.0 1.1328740995669897e-05 0.0 1.0251337218496414e-05 0.0 0.0 0.0 0.0 0.0006882752824528062 0.0 0.0 0.0 0.007006287194265091 2.840719398951386e-05 0.0001655747349477801 0.00013677161106450279 0.0010382706855861326 8.308176971993804e-06 0.0004988267830673018 0.0004345386654751266 0.00010759716353533623 0.0004973694566442647 0.0005229507894410422 5.0000885047369996e-05 0.000331687245484404 0.0010146705262631271 0.00010182460436295858 3.8622150740810436e-05 0.0 2.1413620537828535e-06 0.0 0.0 0.0 0.0 0.0 0.0 0.0 3.821150558124517e-06 0.0 0.0 0.0 0.0 0.0 0.0 0.0 0.0 0.0 0.0 0.0 0.0 0.0 2.083557366452779e-06 1.7226269828486314e-05 7.122041730128395e-06 7.547175149349556e-05 1.66969717635578e-05 0.0 0.0 0.0 0.0 0.0 0.0 1.5511591178272207e-05 0.0 2.274769283621785e-06 0.0 0.0 0.0 0.0 0.0 0.0 0.0 0.0 0.0 0.0 8.519935543308261e-06 3.059111423102649e-05 0.0 0.0 3.28566421965736e-05 0.0 0.0 2.716636477910727e-06 0.0 0.0 0.0 0.0 0.0 0.0 6.762330604238238e-05 0.0 0.0 0.0 0.0 2.803869188489218e-05 1.365856455514103e-05 1.47513882667603e-05 0.0 6.113569345631615e-06 6.0873874923530885e-06 0.0 0.0 0.0 0.0 0.0 0.0 0.0 0.0 0.0 0.0 0.00016298446367164247 7.464885152699721e-06 1.3214355632101317e-05 0.002915759886068038 4.847013351330901e-05 0.0019551226824109404 0.00022828207974476101 0.015512819494194344 0.00026171247361468565 2.091142632588409e-05 5.690336220479039e-05 0.00036200554742012435 0.0 1.5695164616341623e-05 0.0 0.00043270115428310725 0.0 2.2785307414177845e-06 0.0 8.888002233300245e-05 4.387381645070561e-06 0.0033744323405021986 3.231829470274349e-05
0.0037855728262237032 0.032115876765140466 0.022407294817376234 0.00279914250342744 0.0 8.09509803833383e-05 0.019332693915679777 0.006891920594223974 0.0629993616547433 0.005686818174547004 0.032631114154137025 0.0038398679218537885 0.014106916766226739 0.06061564379072822 0.0002986548892432868 6.679279285950471e-05 1.9154862802144123e-06 0.0 0.0 0.0 2.498826141331172e-06 0.0 0.0 0.0 3.466059912103472e-06 1.93952886484074e-06 0.0 5.185244284936125e-06 0.0 0.0 0.0020538505285942225 0.00011616210237519308 7.259519375457112e-05 0.0 0.0 3.1801970030096107e-06 3.94099801390299e-05 8.5008313725731e-06 0.0 2.3485885647491247e-06 6.388097714233406e-06 1.2098434089926326e-05 0.0 2.4578000211260825e-06 6.676745076771471e-06 1.7553867468130275e-06 0.0019966735025075343 6.15659967747801e-05 9.01504795184008e-06 6.787768461446559e-06 1.8079031763683288e-05 0.0 0.0 0.0 3.129501388496589e-05 6.16168485702382e-05 0.00032639718491891235 0.0025647520586365895 0.00036816158734022186 0.001032526304559439 1.4961210925362279e-05 4.478758104694901e-05 4.201398752659878e-06 0.0008594911272935295 8.795526917011684e-05 4.3404221897996295e-05 2.762694949909356e-05 1.4183935252493653e-05 8.943487444573565e-06 6.815333672619857e-06 3.9459003791465144e-05 0.0 0.0 0.00316024521291534 0.0014760107440240757 0.0030805004219841368 0.0004878199502241696 4.2562532559340835e-05 1.4639091712651167e-05 0.0007137005534513869 8.02317801209935e-06 4.8599386906930803e-05 0.00022313622111572683 0.0 7.801324834020422e-05 3.6769974091756807e-05 1.2734552252881641e-05 0.0 1.3114465223660868e-05 0.0 1.309761266005738e-05 0.0 1.1238106417930664e-05 2.152419492692218e-05 0.0 0.0002762066284428047 0.0 0.0 0.0 0.0003656497331602998 0.0 4.08871214931659e-06 1.9665113492666015e-05 0.0 0.0 1.3101317500693068e-05 0.0 1.8237161521576948e-05 4.527593146735665e-05 3.41983124820428e-05 1.2214708178715424e-05 4.182613895542134e-05 2.889593338414629e-05 1.4776170099498769e-05 4.151752024792059e-05 0.0 0.0 0.0 0.0 0.0 0.0 0.0 0.0 0.0 0.0 0.0 0.0 0.0 0.0 0.0 0.0 0.0 0.0 0.0 0.0 0.0 0.0 0.0 0.0 2.3659450927466602e-05 0.0 5.624502503144174e-05 4.914583441721797e-06 7.178857408835342e-06 0.0 0.0 0.0 0.0 0.0 0.0 0.0 0.0 0.0 0.0 0.0 0.0 0.0 0.0 1.752798661747618e-06 0.0 0.0 0.0 0.0 0.0 0.0 0.0 2.9831985253878167e-05 0.0 0.0 0.0 0.0 0.0 0.0 0.0 0.0 0.0 5.208610151162171e-05 0.0 0.0 0.0 0.0 3.4321469855846984e-05 0.0 9.568774529759817e-06 0.0 0.0 0.0 0.0 0.0 0.0 2.122117415156291e-06 0.0 2.1991013447094062e-06 0.0 0.0 0.0 0.0 9.382710169555484e-05 0.0 0.0 0.004744560382668426 8.8091301931181e-05 0.003827687428535893 0.0006488550164449275 0.0020712678877888094 0.0008290691039742999 2.847129715676011e-06 0.000396578175836646 0.0001552335179872925 0.0 5.312318634558929e-06 3.7911954219468905e-06 6.946269652995397e-05 0.0 0.0 0.0 0.00012636915780759838 1.6926986502380378e-05 0.00032645840616519773 4.2960447099575036e-05
0.0011559543363401448 0.0005862054360224251 9.998437948894534e-05 0.0068688670338084125 8.09509803833383e-05 0.0 0.0005571392213327696 4.743351290422232e-06 2.8522132199988806e-05 0.005539867478718973 9.101708972434029e-05 0.0015962821587740311 0.0011969541051988118 0.0004598430808741388 9.226510178904058e-06 3.216248517341312e-06 0.0 0.0 0.0 0.0 0.0 1.967086335946554e-05 0.0 0.0 9.227659722260211e-06 5.5496574122395075e-06 0.0 0.0 0.0 0.0 0.0005510231937990385 0.0 0.0004481260902100023 0.0 0.0 3.0013529970092587e-05 0.001234714954488303 0.00020221621406502774 0.00013546853594470994 0.0 0.0 5.671577808591869e-06 0.0 0.0 0.0 0.0 3.149487586505445e-05 0.0 0.0 0.0 4.524103128806341e-06 0.00013158958679097515 2.7046155081003735e-05 0.0 0.0 4.531160260753857e-05 0.0002697940341316531 0.00012447885971366543 3.263875517599211e-05 6.3896077440659635e-06 7.574950524855271e-05 0.00034688356185547434 8.630777251399317e-06 0.0 1.8837328325240474e-06 0.0 5.020413456116099e-06 0.0 0.0 0.0 0.00451970566357335 0.002714827816566081 0.0006409742250367913 1.7623297306819575e-05 1.272369304570065e-05 4.441114555232309e-06 2.645359593950444e-06 0.0 0.0 0.0002259472928670149 0.0 7.70564665272288e-05 2.3118386526614544e-06 8.586565125915575e-05 0.0 3.339012115212179e-05 0.0 0.0001570372844559264 2.984476836950031e-05 0.0002296142668350466 4.947436086496019e-06 1.0228291705063512e-05 3.912590855388785e-06 3.7764341099102702e-06 0.0 0.0032791092758300694 0.002794667203215812 0.0009418284286558113 0.0012415867584032844 0.003124976370534807 0.0 5.5391398430372454e-05 3.924420993118614e-05 3.093589374547854e-05 0.0 3.309337556480897e-05 1.4773223498807476e-05 5.8243921109736165e-05 9.374079797224283e-05 8.007992931367909e-05 3.127048611277591e-05 6.559495399059587e-05 0.00010750876121455995 3.3130197144188164e-05 1.4824075025513223e-05 0.0 0.0 0.0 0.0 0.0 0.0 0.0 0.0 0.0 0.0 0.0 0.0 0.0 0.0 0.0 0.0 0.0 0.0 0.0 0.0 0.0 0.0 0.0 3.1105700792686017e-06 4.2415831405259384e-06 0.0 3.638751675296002e-05 6.930522001942262e-06 1.0755231378595973e-05 0.0 0.0 0.0 0.0 0.0 0.0 0.0 2.2544489189493437e-06 0.0 0.0 0.0 0.0 0.0 0.0 0.0 0.0 2.597247907799925e-06 0.0 3.0985331993195283e-06 7.4667309437931e-06 0.0 0.0 3.317818986263476e-06 0.0 0.0 0.0 3.2182068260823942e-06 0.0 0.0 0.0 0.0 0.0 1.1272326474627294e-05 0.0 0.0 0.0 4.023903775921658e-06 2.1521319097681275e-05 7.238243793289503e-06 0.0 0.0 0.0 0.0 0.0 0.0 0.0 0.0 0.0 0.0 4.91705058823275e-06 0.0 0.0 0.0 0.0001241657078708071 1.7128374458273856e-05 2.643667170860943e-06 0.0018205951767043687 1.5016638229464044e-05 2.946036866793479e-05 1.2136665723266398e-05 0.002720339645831831 1.865874131814755e-05 2.8948285982273157e-06 0.0 0.0002786307009406951 0.0 0.0 0.0 0.0003630964325315076 0.0 0.0 0.0 2.055066536375712e-05 0.0 0.0017575423530993386 4.878161747912516e-05
0.004780024906944684 0.02596885685398389 0.002307936419342206 0.01260416739827801 0.019332693915679777 0.0005571392213327696 0.0 0.002888584664107537 0.029451416442814043 0.02574586496559742 0.02313428342623564 0.019919757506063583 0.057916464117151845 0.06687305823778948 0.0006197979350349048 0.00023866678011771206 5.6568046714521465e-06 0.0 4.482673521749932e-06 1.996172542048014e-06 6.482003007989881e-06 0.0 0.0 1.5903186992580345e-05 0.0 1.2412298305662452e-05 0.0 9.781648602466952e-06 3.0253143109269887e-06 0.0 0.0011175592372539885 0.00013612840787310674 5.910300141252273e-05 0.0 7.877791415312802e-06 9.134962380702493e-06 0.00011620869793979127 2.8408398358348024e-06 1.1145055577457466e-05 5.174300689519357e-06 1.906290202117511e-05 1.612513557774112e-05 2.6578193109195484e-06 2.146557072411345e-05 6.390782012637696e-06 1.0583909105677306e-05 0.003631872683689184 0.00011264336754131909 2.0063360569132905e-05 1.318731395049265e-05 1.7257828520311942e-05 0.0 0.0 3.789429181547111e-06 8.611815340237845e-05 0.00010007925972661897 0.0005215652686274085 0.0028562934137739255 0.0005945500457787416 0.00196076835589784 2.1465641674732065e-05 0.0002722371697707544 8.409927146649478e-06 0.0010387856507302598 0.00012500950225698306 9.346121616374697e-05 4.5862908801855076e-05 1.9338711800949474e-05 2.9172951653624076e-05 1.3421408708222084e-05 0.0003793135233360026 1.3360475922784915e-05 0.0 0.0047179641763438395 0.0019070164252369213 0.004930059906610472 0.0008448463185018648 7.195692879789802e-05 2.7322659496001267e-05 0.00044297992394911945 2.0607075047257547e-05 0.00011621129659578217 0.00040136704499477 2.366598734279068e-06 0.00014783533286614767 2.9564393920760123e-05 4.814675582295862e-05 0.0 2.069251249218319e-05 0.0 1.4578849620736126e-05 2.3447344769788223e-06 3.855321433142333e-05 2.363359265200934e-05 8.741915124572627e-06 0.002801972759437662 2.021921309883817e-05 5.496726100733534e-06 4.503800000117513e-05 0.0006809058771242578 1.9216942980918706e-05 0.00021877190863429536 0.00018334761246295017 0.0001511876927994056 1.7895361395602077e-05 0.00022331459168759932 6.833620388310993e-05 0.0002987334265613836 0.00042886673846765673 0.0005879263382602359 0.00021060218373195958 0.0006234331476718439 0.0007445407256747732 0.00039035280569539436 0.00032454612018788676 1.3284422413844099e-05 2.360685286886625e-06 0.0 0.0 0.0 0.0 0.0 0.0 0.0 0.0 4.1630175138487364e-06 0.0 3.9141406605681415e-06 0.0 0.0 0.0 0.0 0.0 0.0 6.808617014057582e-06 0.0 0.0 1.7478335876240033e-05 0.0 0.00016830230642103262 6.433396495024987e-05 0.00047526761689754745 8.94489570685215e-05 4.3702509765422856e-05 0.0 0.0 0.0 0.0 0.0 0.0 0.0 2.1147641718769923e-06 0.0 0.0 0.0 0.0 0.0 3.4429748024919963e-06 1.82703468817521e-06 0.0 0.0 2.531939117541879e-06 9.545801579459588e-06 3.448405051088117e-05 0.0 2.630052141318714e-05 0.00025282820574894525 1.415177634710145e-05 2.2134792367363343e-06 0.0 0.0 0.0 0.0 1.0530061527849112e-05 0.0 2.14541268910018e-06 0.0005122316402145448 0.0 0.0 0.0 0.0 0.00017895702908163046 3.56565211294386e-05 0.00010495123329057697 6.863957063231909e-06 5.195015403463447e-06 2.0742707188162057e-06 0.0 0.0 0.0 2.282767711693091e-06 0.0 0.0 0.0 0.0 0.0 0.0 0.0010132127334651906 0.00011415362025915173 0.00012609200838697708 0.013347558323131883 0.00021150028508330244 0.007555058252386181 0.0017847001797956694 0.007047863512329831 0.0015216682396766083 1.708928801331405e-05 0.001148929815697799 0.0008028039677488014 1.9982719995197654e-05 1.822788777405285e-05 3.3912280975645606e-05 0.0009229290939691067 0.0 0.0 4.257903216153355e-06 0.0004819017484236064 4.842406452413536e-05 0.001894868338076572 0.0003064827169104675
0.0006272800276834693 0.009510344595657408 0.016707743110401903 4.050347573150726e-06 0.006891920594223974 4.743351290422232e-06 0.002888584664107537 0.0 0.006321278527385439 5.949644893047579e-05 0.05594549926456365 0.00011195940931124816 0.0050170150732399025 0.053231488328269905 8.406561632722368e-05 7.993149596116134e-05 6.21414265377624e-05 3.273416602037543e-05 1.0787927430338199e-05 0.00018996651666040932 0.0005468091029482168 0.0 3.2370041353920454e-05 0.00022391972575123886 9.438715721198969e-05 0.0007337173236518003 0.0 0.000161607889265179 0.0 0.0 0.02710816004495587 0.033580746566752105 0.0012753981929288208 7.022565128629245e-05 7.262494177227624e-05 0.0003615063610844054 5.057226184584795e-05 9.447459471185373e-05 1.0238173549556248e-05 0.0 0.0006304230727208857 0.000203454746517909 0.00018393806942362063 0.00024683249129338564 0.00010861539664660306 0.0005290485717365269 0.0005289179000472057 4.695573394682016e-05 5.356679451755776e-05 0.0002656848321245195 0.0002309808054915088 0.0 0.0 5.225163324655291e-06 2.13743735581357e-05 4.5900632493266425e-05 0.00043061860025873585 0.007014515500369858 0.00018942503390174297 0.000362337578219254 0.0026610229963398542 0.005145310230381878 0.00042403311219013054 0.008247381251326697 4.4964121952868734e-05 7.942123219135873e-05 6.378820723764366e-05 0.00041236802781606285 0.0013146372150439412 0.0009502556783243287 3.238090521947538e-05 0.0 0.0 0.0017697858066703506 0.0013185034253366064 0.0010947044539548869 0.003138488225514961 0.016503511544015102 0.02786883359234623 0.04488376530539236 0.0014668873725736007 0.024784233432916643 8.329533215698034e-05 1.8002098001234245e-06 6.580797605625999e-05 3.791130867634043e-05 0.0002455331727938466 1.8132367637049954e-06 7.535998814403544e-06 0.0 7.920599363553577e-06 0.0 0.0012788601172798663 0.00041370374272877407 7.178174061210594e-06 2.0982611117374753e-05 0.0 0.0 9.305973617575911e-06 0.0005437302391953945 0.0 0.0 0.0 0.0 0.0 0.0 0.0 9.928766501848658e-06 0.0 1.4896032927911277e-05 0.0 2.818268222367146e-06 2.796106724975276e-06 7.326083704995488e-06 2.6978465682489275e-06 0.0 0.0 0.0 0.0 0.0 0.0 0.0 0.0 0.0 0.0 0.0 0.0 0.0 0.0 3.1413859396175133e-06 0.0 0.0 0.0 0.0 0.0 0.0 0.0 0.0 0.0 8.73990199035352e-06 0.0 1.230636921123761e-05 5.916983277438935e-06 8.708625130151837e-06 0.0 0.0 0.0 0.0 0.0 0.0 0.0 0.0 0.0 0.0 0.0 2.640249357727835e-06 0.0 3.963029578495314e-06 0.0 0.0 2.4407165096756336e-06 0.0 0.0 0.0 0.0 2.391424104897141e-06 0.0 0.0 0.0 0.0 0.0 0.0 0.0 0.0 0.0 0.0 4.681597197824119e-06 0.0 0.0 0.0 2.6551002538788667e-06 4.781972077155318e-06 0.0 1.2212235119652922e-05 0.0 0.0 0.0 0.0 0.0 0.0 2.223788218286596e-06 0.0 0.0 0.0 0.0 5.134078138820558e-06 0.0 6.3719630777228265e-06 0.0 4.607678299161551e-06 0.0010011793154046363 0.00021349252972026987 0.0012388305221634384 0.0005476874382813872 0.0003846835817989929 0.00014811183244360301 2.514257005038919e-06 3.3480053390404034e-05 1.821464975029772e-05 6.142912443139567e-06 0.0 0.0 0.0 0.0 0.0 0.0 2.631308683941127e-05 0.0 0.00010531159417004896 1.7623760277522867e-05
0.00033444518113490043 0.018169823150352232 0.009897293098041651 0.00047001303970393364 0.0629993616547433 2.8522132199988806e-05 0.029451416442814043 0.006321278527385439 0.0 0.0012163575142888543 0.04511453915366275 0.0007331219977945112 0.014256766314950585 0.03037702945373828 0.00020727952129096622 8.016717922440755e-05 1.9916884987851546e-06 0.0 0.0 0.0 7.191511344164493e-06 0.0 1.982426576364159e-06 2.993154509693644e-06 0.0 0.0 0.0 4.68307748573069e-06 0.0 0.0 0.000478664271696177 5.4165834711398404e-05 7.15476557086291e-05 0.0 0.0 5.063330696976462e-06 2.4263908272705857e-05 0.0 0.0 0.0 1.1972581130119437e-05 8.121568424128056e-06 0.0 9.253649328029206e-06 0.0 6.115413524210935e-06 0.0011097318422780805 3.931620366722996e-05 1.845119391688345e-06 8.55620456786976e-06 1.4957660886076295e-05 0.0 0.0 0.0 2.673469763208546e-05 2.719734547422669e-05 0.00015082974334512542 0.0007605955678229622 0.00013191705256280272 0.0006075151121122997 3.846323694274743e-06 8.039649162377311e-05 5.3340117862006454e-06 0.0003938553374504945 2.2771441226612446e-05 2.0970821668749693e-05 1.0953071624390443e-05 1.4717612905607619e-05 1.121411238789435e-05 1.0274721718218258e-05 0.00010438894910054375 0.0 0.0 0.0013801391533110367 0.0006805185240136083 0.0019032245900052294 0.0003494515365413757 3.6921240093972326e-05 9.026248653665215e-06 0.0003516921174810772 1.5295644728777143e-05 4.4458909114605e-05 0.00010874634317998725 0.0 4.527451639668539e-05 1.5871530295733545e-05 1.3565801817179787e-05 2.2459658408190605e-06 6.942715654091559e-06 0.0 3.1618254511621226e-06 0.0 1.2600574551402123e-05 9.940234522671204e-06 1.3312424078822821e-05 0.00030973599609651105 0.0 0.0 9.832659947232812e-06 9.804878193338152e-05 0.0 1.3538951308071278e-05 7.932684081419745e-06 8.005487657857862e-06 0.0 2.5610211669404302e-06 2.6229170174411915e-05 1.6575200435171823e-05 6.342798127184796e-05 8.877278907303996e-05 2.148074609392689e-05 4.0671779557274884e-05 0.00010776516528347004 5.963137711940923e-05 7.911896643091575e-05 0.0 2.7793534205705576e-06 0.0 0.0 0.0 0.0 0.0 0.0 0.0 0.0 0.0 0.0 0.0 0.0 0.0 0.0 0.0 0.0 0.0 8.64545542937776e-06 0.0 0.0 0.0 0.0 3.641981075119676e-05 0.0 8.054385534196478e-05 2.321226709515544e-06 2.5127049065062328e-05 0.0 0.0 0.0 0.0 0.0 0.0 0.0 0.0 0.0 0.0 0.0 0.0 0.0 0.0 0.0 0.0 0.0 0.0 0.0 6.013952706244815e-06 0.0 2.5521935124724656e-05 2.3098359639500924e-05 0.0 0.0 0.0 0.0 0.0 0.0 0.0 0.0 0.0 7.819905134771318e-05 0.0 0.0 0.0 0.0 3.0221392528271193e-05 6.9909056367580775e-06 2.9505251563433624e-05 0.0 0.0 0.0 0.0 0.0 0.0 0.0 0.0 0.0 2.3425808748683186e-06 0.0 0.0 0.0 0.0001147853371545659 2.598125151281907e-05 2.2593177439004325e-05 0.0035305398077844197 6.19156543234302e-05 0.002111535794387232 0.0005245574280367593 0.0012071408517333113 0.00044549055960591726 0.0 0.0003599665964925933 0.00014131406657415612 0.0 0.0 0.0 9.991617731095997e-05 0.0 0.0 0.0 9.28409160470419e-05 2.053355193121246e-05 0.00023960211585203334 6.727427450752382e-05
0.013310357382082543 0.02396211107283572 0.0002802040853756373 0.037407671117574016 0.005686818174547004 0.005539867478718973 0.02574586496559742 5.949644893047579e-05 0.0012163575142888543 0.0 0.0002331121359161596 0.06358251347432468 0.06575139275444579 0.008878697529268738 0.00011297610408410227 7.766354599949694e-05 4.007430690626823e-06 2.555100194482375e-06 2.574341787249049e-06 0.0 0.0 6.631611704088746e-06 0.0 3.7774929941426395e-06 9.230471230106971e-06 3.4258613699473352e-06 0.0 0.0 0.0 3.316281722860139e-06 0.00030283867575905276 8.818596259819021e-06 0.00030421952924032544 0.0 0.0 1.0526682056716972e-05 0.0004501702205326925 7.646123580826946e-05 2.728321005620986e-05 0.0 3.1027038773501693e-06 5.096073690794639e-06 2.8272357713881796e-06 8.213743490298747e-06 3.5180040066686084e-06 2.5848440913182135e-06 0.0007110015089643599 3.5447595924494824e-05 5.365889576641816e-06 7.114456643160992e-06 1.2086545202934266e-05 9.751200395323594e-06 0.0 0.0 2.473599254712296e-05 5.934921242172662e-05 0.00045802995196970753 0.002315574212048313 0.0003210915639510832 0.0004422739839273901 3.409176006134987e-05 0.00016459477575355536 0.0 0.00015713699695031562 3.330634083414457e-05 2.3888617304725683e-05 9.899004867358166e-06 1.4209335394789804e-05 9.850352988997731e-06 5.695926412553032e-06 0.003534101038276312 5.9453040410332e-05 2.611975070372129e-05 0.0016585338088894951 0.0004225784585987311 0.000844792759384885 0.00010072426902334572 1.4369723926544286e-05 3.8123684482203213e-06 0.00011493893091041034 0.0 1.909359174709093e-05 0.0001753397579927895 3.344913522499646e-06 5.0515002367438195e-05 2.548713044209735e-05 9.672894383409962e-06 9.312952399256961e-06 8.502539920803195e-06 1.016819939778777e-05 2.0983167076388806e-06 2.4113524494849095e-06 3.2190507084401706e-06 7.949319493129897e-06 2.2054913795905294e-06 0.012494194143317296 0.0004235829278274912 3.043131086270736e-05 0.000272315457865845 0.007136484349007172 5.689089872528847e-05 0.0006708790332172762 0.00047692227293692665 0.0006590920384802771 4.374347514759838e-06 0.0004752457908030798 0.0006034175305981514 0.00048555861927438267 0.0014145617183024947 0.002509533711094209 0.0006257839953687904 0.0015267496595563037 0.002904285872068238 0.0009921132770707131 0.000597022879268444 1.0503149205701658e-05 6.628999431312443e-06 0.0 1.0796310532596797e-05 0.0 0.0 0.0 0.0 0.0 0.0 0.0 0.0 1.0127064164131324e-05 0.0 0.0 0.0 0.0 0.0 0.0 9.797879111896777e-05 3.6666408942943127e-06 0.0 6.139090426482223e-06 3.8323618308751525e-06 0.0003237404325547954 4.471490217159815e-05 0.0006244288435699431 0.0001277714926636662 1.4371896341318817e-05 0.0 0.0 0.0 0.0 1.0859927437270025e-05 0.0 0.0 0.0 3.088159358870431e-06 0.0 0.0 0.0 0.0 0.0 0.0 0.0 0.0 0.0 2.4507601251621794e-05 0.00018966358403581864 1.715734739422105e-05 8.59597346461317e-06 0.0005912641087037885 0.0 0.0 0.0 0.0 0.0 0.0 0.0 0.0 0.0 0.0011470576607162217 1.115170504793393e-05 0.0 0.0 0.0 0.00048353522409081497 3.125773829329486e-05 0.00014763203175190677 5.4761950342239925e-06 9.763531827840855e-06 6.499241499958264e-06 0.0 2.0238963171038254e-06 0.0 0.0 0.0 4.080073373995455e-06 1.7412215274737172e-06 0.0 0.0 0.0 0.0034486966832141786 0.00010359669370956756 0.0001651417240390421 0.014910674412953129 6.72808023227729e-05 0.0020472083567147268 0.0004301903960752409 0.026742437391580613 0.00038391428144149414 7.351415763364686e-06 0.0003386514172505704 0.0037373375666707514 8.741172472264137e-06 2.7440853551530475e-05 1.4438295370249277e-05 0.004431639372093567 4.7086906590509164e-06 0.0 0.0 4.395338111942676e-05 1.6900932396049008e-05 0.016006253196756262 0.0008592358856680881
0.0017440525585656966 0.019143185443671374 0.05103677939069523 0.00010584960106507608 0.032631114154137025 9.101708972434029e-05 0.02313428342623564 0.05594549926456365 0.04511453915366275 0.0002331121359161596 0.0 0.0007970205058313631 0.03675695922167234 0.09129634521624935 0.0005576085329788456 0.0005087864116549023 5.206526782997369e-06 4.1034426802514955e-05 0.0 6.556224342622709e-05 8.79431634895679e-05 0.0 2.923697795770019e-06 5.206639658981531e-05 0.0002082743724108664 0.0003342281627218922 3.049192060782796e-06 0.00011243426209313711 4.031111713767377e-06 0.0 0.010774232665379928 0.0013841608821638285 0.003241112236768748 5.120053387372648e-06 2.341644219201656e-05 0.00024869493696947454 0.0017372743655710715 0.0002568220694629488 3.590833795418603e-05 2.798691674596683e-05 0.0003438224812660361 0.00025755013640260167 3.6633377309108294e-05 3.77503636480672e-05 9.066005008632607e-06 9.618535101120235e-06 0.0015976777524254894 2.77487964364721e-05 3.208348398877165e-05 7.56021753931563e-05 0.00014348751031182457 1.0060274548462022e-05 0.0 0.0 2.4743779198347812e-05 3.6961452790418536e-05 0.0003138138089049634 0.0030963955175603345 0.0001883023310212751 0.0005998440613037165 6.079177126183906e-05 0.0004354327405580313 4.1782861586421024e-05 0.0010354324365228866 5.164998705082395e-05 1.8416599488172684e-05 4.104640652779903e-05 0.00010701620159495246 0.00038164900592398143 0.00019195455639821443 0.0010256876465876224 7.790710460224126e-06 0.0 0.0018486801518636361 0.0010298669648269297 0.0019532760683978875 0.0009981219677852454 0.000183080766469664 0.0008749244140724021 0.0181095436656695 4.5711712675248795e-05 0.0010575093942818258 0.00010472566210299753 2.1511062970758517e-06 5.056122400794283e-05 2.2159846446225515e-05 5.7403640570863984e-05 0.0 1.0536202518892165e-05 0.0 2.386496978604392e-06 0.0 0.0004776763300198534 0.00038463757910206384 0.00013033559588247892 0.00033508936437650824 2.8035488715297203e-05 0.0 3.0169748898825798e-05 0.0006080130700706415 0.0 2.9969749138369272e-06 0.0 3.4313693596379414e-06 0.0 1.5426736388426712e-05 4.464354824529948e-06 1.0778601186523053e-05 2.8726455468975153e-05 3.403073034590091e-05 1.3451891853170065e-05 5.714321811691775e-05 9.261264318173998e-05 4.504194223971401e-05 5.093142176068212e-05 1.9159746928061954e-06 5.962583025021298e-06 0.0 0.0 0.0 0.0 0.0 0.0 0.0 0.0 0.0 0.0 2.407271355568681e-06 0.0 0.0 0.0 0.0 0.0 0.0 0.0 0.0 0.0 5.624706324921289e-06 0.0 5.5794292951526896e-05 7.3131647798559e-06 0.00011259161264840361 2.4940643514799836e-05 4.160422441222404e-06 0.0 0.0 0.0 0.0 2.4305420834652216e-06 0.0 0.0 0.0 0.0 0.0 2.598017614510967e-06 4.6983248811721174e-06 0.0 0.0 0.0 0.0 2.490352559117017e-06 0.0 0.0 0.0 0.0 0.0 6.915862547043732e-05 0.0 0.0 0.0 0.0 0.0 0.0 0.0 0.0 0.0 0.000166269982209613 2.845353441855418e-06 0.0 1.203918441083076e-05 0.0 2.1386750499383087e-05 5.097328226732886e-06 1.879366574454819e-05 0.0 0.0 0.0 0.0 0.0 0.0 0.0 0.0 2.579396302152494e-06 0.0 0.0 0.0 0.0 0.00015340515655838283 6.404863022909456e-05 6.64084659002401e-05 0.003526119522789965 6.416163234768884e-05 0.0023978193501695273 0.0007344334033411034 0.001125440835277491 0.00033955811079349504 1.2849206481713912e-05 0.0002734032406793462 0.00010103971206951428 1.2090598884111483e-05 1.716648192803135e-05 0.0 3.3987561194510816e-05 0.0 0.0 0.0 0.000181312525477442 4.380527170306672e-05 0.00026299642270521934 0.00012658936559424789
0.006247355466644917 0.018195499269771286 0.00024064019972804476 0.04367742855099493 0.0038398679218537885 0.0015962821587740311 0.019919757506063583 0.00011195940931124816 0.0007331219977945112 0.06358251347432468 0.0007970205058313631 0.0 0.032296346528957395 0.005625047039825302 0.0003995708215085697 0.0005057311757122565 1.3960577867549607e-05 1.1764174975534566e-05 0.0 4.100141648969935e-06 2.6856431693479844e-05 0.0 0.0 3.028254461562043e-06 4.2575300266495314e-05 7.940504165436076e-05 7.202656683006921e-06 6.302422190565299e-05 8.958912754066219e-06 0.0 8.136211592634587e-05 1.1152705523323702e-05 0.0004547783462149214 1.8493904039271286e-06 2.89162865366046e-06 5.798458262357435e-05 0.0012770192221375092 0.00010084769389531555 1.2818955359622263e-05 1.0356125011303628e-05 0.00010367815326147678 9.516421322460977e-05 0.0 6.165378598187733e-05 2.675828942944805e-06 4.863273961023169e-06 0.0016149980724948292 1.0929915922496811e-05 1.7268454808795457e-05 4.124956681581205e-05 6.354354925864726e-05 0.0 0.0 9.410993970744141e-06 1.354272942851256e-05 1.0857842098254705e-05 0.00010797648274260514 0.000700060050128721 0.00010942063958415047 0.0003210932621075561 3.166889139478885e-05 0.00020421991436020995 3.7833446284961385e-06 0.00018744220294268635 1.3043888529138844e-05 2.2798265039654856e-05 8.886129065301499e-06 2.8372663075940203e-05 7.122850459679675e-05 4.859158681808881e-05 0.0033875359359477513 0.00016473761744481964 0.0 0.0005377232514748769 0.00021682303292129318 0.0009109512739599764 0.00030735255805707754 5.8927133104134045e-05 1.6552151159206114e-05 0.0003359557051134315 6.284716571190717e-06 4.310203335905992e-05 8.21878368966071e-05 0.0 8.07228694861152e-06 1.2094199448837994e-05 2.1465631282974797e-06 0.0 0.0 3.016108288993388e-06 3.1154617302520422e-06 0.0 0.0001329544683204889 0.00010333411532432387 3.8823207772985256e-05 0.02855415066096065 0.0009885928421095157 0.0 0.00023462467589560146 0.0007388882099323827 4.4094175813676695e-05 0.00022873590032660438 0.00026370407557521635 0.00012218586991701304 2.0970373389841165e-05 0.0002982151765469493 0.0002831693772548978 0.0003867493276934816 0.0013017310128194503 0.0013998187226339092 0.0008302505003956812 0.0012679203800717383 0.0027212257348492716 0.00120604063661558 0.001058992460729289 8.502383148602971e-06 1.4566301036325524e-05 2.9478794149419153e-06 0.0 0.0 0.0 0.0 0.0 0.0 0.0 0.0 0.0 2.0080331025430964e-05 0.0 0.0 0.0 0.0 0.0 0.0 5.153058558060068e-05 0.0 0.0 3.643516708092129e-05 0.0 0.0008380303595321264 0.00020604977614386782 0.001590849833438972 0.0002541638242691494 5.658783584539543e-05 5.205932123645891e-06 0.0 0.0 0.0 0.0 2.000340353386993e-06 0.0 2.0950314789951044e-06 1.830210982535859e-05 0.0 0.0 0.0 1.0500918023748072e-05 3.200701373453059e-06 0.0 0.0 0.0 9.990951135700644e-06 2.487762718202965e-05 0.00010874134080303841 1.4870747990786261e-05 0.00011159987457647926 0.000997938769346279 6.744760203125951e-06 2.543767983177282e-06 0.0 0.0 0.0 0.0 0.0 0.0 0.0 0.0019440401647870824 7.710167174637127e-06 0.0 0.0 3.0341942466841254e-06 0.0006338962697993846 4.202234429112775e-05 0.0003016251415741304 1.0353501809265367e-05 5.475121816533316e-06 1.0855819826455934e-05 0.0 2.0738485984690884e-06 0.0 0.0 0.0 0.0 0.0 0.0 0.0 3.22040450357719e-06 0.0035017951819695174 0.00029512873953226266 0.00045738066261274664 0.009466130297400555 8.484066493900798e-05 0.002086375537386798 0.0009455083360616093 0.007092124528702352 0.0003078858590985743 5.708591026308621e-05 0.0005310559297511008 0.0026235723732552113 5.056258210311735e-06 8.842557000398422e-05 1.5465031984824476e-05 0.0024668258981848414 9.418916073149968e-06 0.0 2.316455280413646e-06 0.0003437285815264947 2.561578093462915e-05 0.0055069535066308755 0.0012970490768145055
