0.0 0.05944238281713151 0.014321699807460704 0.016201446985486218 0.006723476721355064 0.00570344759127671 0.01247088131270584 0.006652981747605169 0.013418409313228196 0.019854993445649373 0.013540472482041783 0.0024321369446050705 0.011271602215155512 0.010851934243354663 0.00020986222068514966 2.4898465667805678e-05 1.3572540141935383e-05 4.856555630599434e-06 0.0 0.0 0.0 0.0 0.0 2.1524165010033055e-06 2.177679963135995e-06 2.258298524338889e-06 0.0 0.0 0.0 2.539045618086499e-06 0.013311775301978981 0.0001287060025345375 0.00020167388240187553 2.2199132233152385e-06 1.890494574467906e-06 1.7634978724196108e-06 0.00013853324046457014 9.855886328607787e-06 2.5025476263657572e-05 0.0 2.8864064751219803e-06 3.795399989358183e-06 0.0 5.657451137881506e-06 0.0 1.8208380681924207e-06 0.00043119021661542587 2.6389933325187976e-05 3.355788803637022e-06 7.887662635754578e-06 0.0 2.074067156981056e-05 6.3436759324474285e-06 0.0 0.00018107928997085723 2.260742772222818e-05 0.0037315942532282595 0.00904668893148341 0.000796383466308202 0.0007521569832684616 1.5922184024404352e-05 2.8898625509610776e-05 2.291190152976462e-06 0.000987842022501364 3.8945067383975204e-05 2.3461009001078255e-05 0.0 7.4843826536669406e-06 9.51020662180747e-06 2.084367304860726e-06 0.0008655003239826403 9.31020495998391e-05 3.040659229292902e-06 0.0053675082254070975 0.0009958378209227294 0.0014567455369807918 0.00018453593561201223 3.206179421072078e-05 2.133636199849003e-05 0.0003469008765970273 7.40637893752292e-06 2.4406964716185476e-05 0.0001782170666756108 3.1444172178899157e-06 1.717024067272593e-05 2.1952443379213985e-05 1.2950041541161573e-05 1.1383948547451323e-05 6.5873751208501545e-06 1.3763238060151348e-05 2.7511810508111006e-06 6.530632826962448e-06 4.526634307060188e-06 0.0 0.0 0.007546811418164937 0.00020469047053838258 6.491072016488449e-06 2.6220664647642563e-05 0.023195850242924514 0.0 7.64988829597988e-06 0.0 0.0 0.0 1.0499863656970565e-05 3.150673675704453e-05 0.0 0.0 3.959701335508605e-05 0.0 3.354472982381367e-05 2.5786428334481216e-05 5.148745848321222e-05 1.1263352205556387e-05 3.8265494286908586e-06 6.153786352602499e-06 0.0 0.0 0.0 0.0 0.0 0.0 0.0 0.0 0.0 0.0 0.0 0.0 0.0 0.0 1.7530766767274843e-05 0.0 1.7621828941587802e-05 0.0 0.0 0.0 0.0 1.3994087509659389e-05 5.3128474359201614e-05 0.0 1.3331200246271448e-05 5.7055405738325704e-05 1.8026196855330085e-05 0.0 0.0 0.0 0.0 4.9632881420473e-06 0.0 0.0 0.0 0.0 0.0 0.0 1.9332817134691722e-06 3.516816394995764e-05 0.0 0.0 0.0 0.0 0.0 0.0 0.0 2.97130573282394e-05 5.889248019906698e-06 2.113048751955237e-05 0.0 0.0 0.0 0.0 0.0 0.0 0.0 0.0 0.0 0.00012533137607487608 4.523708053468569e-05 0.0 0.0 0.0 2.5259746711053385e-06 0.0 5.4187751058644135e-06 5.746893669359489e-06 4.107689607803138e-06 7.25828597775994e-06 0.0 0.0 0.0 0.0 0.0 0.0 0.0 0.0 0.0 0.0 0.00024569972315055847 4.159685591050131e-05 8.708734740230362e-05 0.009297057308591409 8.095527987470505e-06 0.002880589416495577 6.219572888190852e-05 0.013567753662279039 0.00046537746507433484 1.1871182384155757e-05 0.00016306562517026096 0.0002308040061547893 0.0 3.0427186968722868e-05 5.311427208194333e-06 4.23709523000779e-05 0.0 0.0 2.367811357607565e-06 4.6488005863174556e-05 0.0 0.00329131494618251 0.00022112591040085626
0.05944238281713151 0.0 0.03323949862757674 0.020427410684106438 0.036350612161270876 0.0010135321333693491 0.01813817593755485 0.004365474084203432 0.07404177269470767 0.02661912016581981 0.010053174055233555 0.0005297655206422425 0.013926403581925578 0.019883345423515348 0.00020032569389158544 6.383942157868743e-05 1.6404326172366088e-05 6.812142831026636e-06 2.2157071474691957e-06 2.451266908616722e-06 0.0 0.0 0.0 0.0 1.935150195887659e-06 0.0 0.0 0.0 0.0 0.0 0.02566095917823938 0.0002560333444814052 8.079485202733122e-05 0.0 0.0 2.0867689034509176e-06 6.71902120474531e-05 1.0489560230777687e-05 1.0192715526407042e-05 0.0 0.0 5.4727270868815355e-06 3.5364909887712174e-06 2.5596075263592708e-05 6.2697707322541935e-06 9.612718070834627e-06 0.000783932014836808 3.59064997185091e-05 8.264160203923092e-06 3.3965254357816734e-06 0.0 0.0 2.738845538759635e-06 0.0 0.00015044364505627854 4.9531799940445214e-05 0.002713873150719518 0.005787515356505886 0.0006237859348926783 0.0008637320137025412 4.8063275011664544e-06 8.350795094303532e-06 2.574388176122536e-06 0.0023729176576361226 3.806632411459172e-05 1.4133458595187188e-05 5.625044543488584e-06 0.0 5.816388601626861e-06 0.0 8.831457442905144e-05 0.0 0.0 0.0048266609572172265 0.0018170292840991148 0.0020466556943913652 0.0008997960769593412 0.00011737719037583238 3.93527008098931e-05 0.00010505558586565595 4.043302459235218e-05 4.6180224705941566e-05 0.00021462858804607144 0.0 2.186315133792327e-05 1.0431181434158507e-05 1.3743859482447576e-05 0.0 3.7673407504995615e-06 1.6953286275695516e-06 2.2131216511190415e-06 1.777504387546312e-06 3.708100538057407e-06 2.1804808914969686e-06 0.0 0.00198541750553456 0.0 0.0 9.144796465019038e-06 0.019244715892591937 2.6297732483420736e-06 5.323622845548919e-06 2.391515123203943e-05 0.00010131982651128175 0.0 0.0 0.0 0.0 0.0001971038196553065 4.6965932724791244e-05 0.0 8.485851919649421e-06 0.0 4.255852504914558e-06 0.0 0.0 0.0 0.0 0.0 0.0 0.0 0.0 0.0 0.0 0.0 0.0 0.0 0.0 0.0 0.0 0.0 0.0 0.0 0.0 0.0 0.0 0.0 0.0 0.0 2.4742477905396885e-05 0.0 1.6302648507664867e-05 9.232198324580034e-06 4.662023022590862e-06 0.0 0.0 0.0 0.0 0.0 0.0 0.0 6.139745649352341e-06 4.675870773692196e-06 0.0 0.0 0.0 2.45626073190465e-05 0.0 0.0 0.0 0.0 0.0 3.202131765809066e-06 0.0 0.0 0.0 3.814886283067365e-06 0.0 0.0 0.0 0.0 0.0 0.0 0.0 0.0 0.0 3.8594031225613075e-05 0.0 0.0 0.0 0.0 0.0 0.0 0.0 1.9496484579955808e-06 0.0 0.0 0.0 0.0 0.0 0.0 0.0 0.0 0.0 0.0 0.0 0.0 2.0989176765376416e-05 1.6029343809340347e-05 1.4974608822572315e-05 0.004843943718029204 6.417731700883008e-05 0.0043378920297465415 0.00016565107765346095 0.0035414221126018283 0.0007845425255828405 1.1639258584576364e-05 0.00037169257306749934 6.8070240259504e-05 4.579930313215373e-06 0.0 0.0 5.768280135848172e-06 0.0 0.0 0.0 4.186025807350526e-05 0.0 0.0007221431364884013 1.1276483254946361e-05
0.014321699807460704 0.03323949862757674 0.0 2.0812574032853928e-05 0.0037551795518252274 8.62149728027125e-06 0.0006481669025851233 0.02181623649006043 0.046192207685987176 0.0001544938397631475 0.027365878457865773 3.633194984005231e-05 0.001963060541097544 0.00729409812824876 6.165362498037853e-05 2.226054768446321e-05 4.178136812002395e-06 2.3927167030498023e-06 0.0 7.915627740191082e-06 5.144357342150653e-06 0.0 0.0 2.9566547949866106e-06 4.875963713122081e-06 0.0 2.6862317339720453e-06 1.6492759763926727e-06 0.0 0.0 0.12134977038931133 0.010946825283927089 6.759723289713154e-05 4.984095752089516e-06 9.738198631079235e-06 0.0 1.6872616042032054e-05 0.0 5.294136759893992e-06 0.0 1.2367497616777196e-05 8.103406398550277e-06 1.6536553657303196e-05 7.246257534378969e-06 0.0 6.344022496986576e-06 0.00020821159747813864 1.2629422977735957e-05 4.557652457754383e-06 1.4078957106432323e-05 2.0302998023305565e-06 0.0 0.0 3.43283821841717e-06 5.154205551138059e-05 1.7009284548595127e-06 0.0022173673742605852 0.011002674367661445 0.0004801324030271084 0.00031632055946224214 4.897119823469336e-05 1.0055936337745658e-05 2.209017983533215e-06 0.0030262815908461524 1.2417833306105432e-05 7.473520821457611e-06 2.3002654605975105e-06 2.1547490989059745e-06 3.2342660416514955e-05 5.951200646253207e-06 1.1908257608777373e-05 0.0 0.0 0.0026863145678924258 0.0009517420899708723 0.0008031649057066024 0.00028322127684610074 5.735749106052479e-05 7.942224383028415e-06 0.0007569997893412457 3.302252013182204e-05 0.0001055041879034055 6.797510610796624e-05 0.0 8.858528379608618e-06 5.164251239468715e-06 1.5156484799945175e-05 0.0 0.0 0.0 1.810125789509442e-06 0.0 2.7725018885915584e-05 2.150817308598346e-06 0.0 1.53552634479989e-05 0.0 0.0 7.223603297339654e-06 0.008266858982386152 0.0 0.0 0.0 0.0 0.0 0.0 0.0 0.0 0.0 0.0 0.0 0.0 0.0 0.0 7.423404935224471e-06 0.0 0.0 0.0 0.0 0.0 0.0 0.0 0.0 0.0 0.0 0.0 0.0 0.0 0.0 0.0 0.0 0.0 0.0 0.0 0.0 0.0 0.0 0.0 0.0 2.503422373995781e-06 0.0 4.5727152141747156e-06 2.358929782686103e-06 2.6775026786698374e-06 0.0 0.0 0.0 0.0 0.0 0.0 0.0 0.0 0.0 0.0 0.0 0.0 1.3660699291847457e-05 0.0 0.0 0.0 0.0 0.0 0.0 0.0 0.0 4.612094000210587e-06 0.0 0.0 0.0 0.0 0.0 0.0 0.0 0.0 0.0 0.0 6.6255783974356765e-06 0.0 0.0 0.0 0.0 0.0 0.0 0.0 0.0 0.0 0.0 0.0 0.0 0.0 0.0 0.0 0.0 0.0 0.0 0.0 0.0 0.0 0.0 4.827547866452591e-06 0.0007826017201405586 1.494857761070831e-05 0.0012074706089285668 4.968753636550803e-05 0.0006661049238989754 0.00023195893154483318 0.0 8.476169046924815e-05 1.0709482437922387e-05 0.0 0.0 0.0 0.0 0.0 0.0 0.0 1.306481434991763e-05 0.0 0.0002723202010421262 0.0
0.016201446985486218 0.020427410684106438 2.0812574032853928e-05 0.0 0.0036133638211131606 0.003118869449508106 0.03832028617130131 1.732072149338566e-05 0.00513550297754104 0.03877352375985042 2.044769558724583e-05 0.008306424030470248 0.023277801547567523 0.002918095160291508 1.3235661144997393e-05 2.0520593720843554e-06 0.0 0.0 0.0 0.0 0.0 0.0 0.0 0.0 0.0 0.0 0.0 0.0 0.0 0.0 0.00013564367494439675 0.0 6.947802366450334e-05 0.0 0.0 0.0 0.00010021384040524965 0.0 6.3330029935229475e-06 0.0 0.0 0.0 0.0 0.0 0.0 0.0 5.8141725399532323e-05 0.0 0.0 4.7856143377666624e-06 0.0 0.0 0.0 0.0 2.613985453928221e-05 7.080732378296934e-06 0.0002914519739021169 0.00048600874214237247 6.852899710658101e-05 0.00011383945253527098 0.0 0.0 0.0 0.00022223282598673812 0.0 2.21373672512095e-06 0.0 0.0 1.6423017553177371e-06 0.0 7.809701725014449e-05 4.782309641942705e-06 0.0 0.0005284074061801089 0.00015547231853082157 0.00017500970865410732 6.693673958293629e-05 4.4272433438767205e-06 3.084118422501836e-06 3.058427062440409e-06 3.6733138882753755e-06 3.0301555137740226e-06 2.5421142441374392e-05 0.0 0.0 1.8922647074901488e-06 2.118302529869557e-06 1.6845712330524227e-06 0.0 7.964010023177726e-06 0.0 0.0 0.0 0.0 0.0 0.0017301768626507385 4.486738796418652e-06 0.0 1.0021785680726007e-05 0.0036238921700335967 0.0 2.6990727306981767e-06 0.0 0.0 0.0 0.0 0.0 0.0 3.1650843287946413e-06 0.0 0.0 1.8631361609181084e-05 0.0 3.2354700255937076e-06 1.0698885836862608e-05 4.634062757569096e-06 4.0307956787351494e-06 0.0 0.0 0.0 0.0 0.0 0.0 0.0 0.0 0.0 0.0 0.0 0.0 0.0 0.0 0.0 0.0 0.0 0.0 0.0 0.0 0.0 6.11503637826198e-06 2.3520898163425463e-06 6.630266073103011e-06 7.236300204394779e-06 1.8462258564507747e-05 0.0 0.0 0.0 0.0 0.0 0.0 0.0 0.0 0.0 0.0 0.0 0.0 0.0 0.0 0.0 0.0 0.0 0.0 0.0 0.0 0.0 0.0 0.0 2.0659185192268426e-06 0.0 0.0 0.0 0.0 0.0 0.0 0.0 0.0 0.0 2.0967404082369783e-05 0.0 0.0 0.0 0.0 2.4670682221698023e-06 0.0 5.775927660011999e-06 0.0 0.0 0.0 3.347646722509226e-06 0.0 0.0 0.0 0.0 0.0 0.0 0.0 0.0 0.0 6.850646666489286e-05 1.7004153207873625e-05 1.9206564297521368e-05 0.0007196482614574898 0.0 0.0004951570648235223 1.0608353968738605e-05 0.012463961331479043 8.727091701872386e-05 0.0 3.5618979161343e-05 2.8753328638794022e-05 0.0 8.49249924606446e-06 0.0 7.633267560234916e-06 0.0 0.0 0.0 9.354944927719203e-06 0.0 0.00046607964463873404 2.1536614794716355e-05
0.006723476721355064 0.036350612161270876 0.0037551795518252274 0.0036133638211131606 0.0 0.0002384504793850671 0.0033592481420222017 2.754046078000801e-05 0.0877193444157333 0.013035964401426976 0.0017182415694173743 0.005033900963819851 0.00558332735912121 0.011149648086317542 0.00011670151597372102 5.475916308025489e-05 1.0547187044790981e-05 0.0 4.482132141920606e-06 0.0 0.0 0.0 0.0 0.0 1.8122115772605826e-06 0.0 0.0 2.7302516748497246e-06 0.0 0.0 0.001255787586042783 0.0001963056649739766 3.538743861218865e-05 0.0 0.0 0.0 5.884675272533831e-05 1.0733401635529585e-05 2.516050436473536e-06 0.0 0.0 1.897156263016999e-06 0.0 1.4074828461222053e-05 4.574616479725286e-06 2.607014417500402e-06 0.0004951004864452949 1.5534427479797868e-05 2.235689403133723e-06 5.543264522749093e-06 0.0 0.0 0.0 4.7290339301073775e-06 8.738146533063585e-05 1.855396313209935e-05 0.0008579750364100839 0.0011333377696911159 0.00019483830134862237 0.00039468715693468645 5.653245686476073e-06 5.872100568506294e-06 0.0 0.0014504417592128584 5.753614211436175e-06 7.78491639705766e-06 2.1318619455187283e-06 1.959400034798422e-06 3.4999766679284977e-06 0.0 9.187919646735154e-05 2.482101473771263e-05 0.0 0.0016966616846349541 0.000912149022612118 0.0010107637836361569 0.0007494093543480665 0.00014337692418863322 3.4610639175316864e-05 2.5922830048793205e-05 3.2452620973701774e-05 1.0152301573948165e-05 8.55084700798527e-05 0.0 7.496885984132632e-06 8.812498364403891e-06 8.41181496248725e-06 0.0 0.0 0.0 0.0 0.0 1.89729785492556e-06 0.0 0.0 0.0004920728124585094 8.599790475749087e-06 0.0 0.0 0.0008210246078056916 0.0 4.98205539239283e-06 0.0 0.0 0.0 5.143441443884361e-06 7.3151478520246665e-06 0.0 6.5931399565715915e-06 9.250242160477634e-06 0.0 0.0 2.854941849390865e-06 2.1014050732677962e-05 2.2991226562241675e-05 0.0 5.448371093066889e-06 0.0 0.0 0.0 0.0 0.0 0.0 0.0 0.0 0.0 9.062601503493488e-06 0.0 0.0 0.0 0.0 0.0 0.0 0.0 0.0 0.0 0.0 0.0 0.0 2.7319305770986897e-05 0.0 1.0146065285565366e-05 6.359153317433515e-06 3.413724091312186e-06 0.0 0.0 0.0 0.0 2.1990519113804702e-06 0.0 0.0 0.0 0.0 0.0 0.0 0.0 0.0 0.0 0.0 0.0 0.0 0.0 0.0 0.0 0.0 0.0 2.427142113938325e-06 0.0 0.0 0.0 0.0 0.0 0.0 0.0 0.0 0.0 4.400005353698768e-05 1.961880781236067e-06 0.0 0.0 0.0 5.63334164199808e-06 0.0 3.8035270839113157e-06 0.0 0.0 0.0 0.0 0.0 0.0 0.0 0.0 0.0 0.0 0.0 0.0 0.0 6.120766354586304e-05 1.6560958201375356e-05 2.2168795659385178e-05 0.0034353564431558506 5.591348213846536e-05 0.0024600289979200243 0.00016367752670164452 0.0013339929207907563 0.0004856223915258019 2.362318934102708e-06 0.0003634040692024637 2.423815297305721e-05 0.0 2.260030098153398e-06 0.0 0.0 0.0 0.0 1.1102065752342324e-05 7.456379473964178e-05 0.0 0.00021327265725275477 4.399268810386992e-05
0.00570344759127671 0.0010135321333693491 8.62149728027125e-06 0.003118869449508106 0.0002384504793850671 0.0 0.000768094276570112 3.056126311008906e-06 0.0004735051437916579 0.006961521526808851 0.00028935107125376485 0.0014578474742139016 0.0031014633416933425 0.0009038117775668544 3.7553433730389914e-06 0.0 0.0 0.0 0.0 0.0 0.0 0.0 0.0 0.0 0.0 0.0 0.0 0.0 0.0 0.0 6.072556994815883e-05 0.0 0.00022637854933550073 0.0 0.0 0.0 0.0004813240417784397 1.1157675310961541e-05 7.656696009965872e-05 0.0 0.0 0.0 0.0 0.0 0.0 0.0 1.1456691663667348e-05 3.6750321927269002e-06 0.0 0.0 2.886986580449667e-06 0.00012268164398739238 0.0 3.6357377061735252e-06 5.655827592292711e-06 0.0 0.0002715956638499779 0.00020466415489382023 1.616413353021485e-05 7.100247864604684e-06 0.0 0.00012441761308325247 0.0 1.2825462204828898e-05 0.0 9.40754280927121e-06 2.5671754187341715e-06 2.6863672375846495e-06 6.120977618456046e-06 0.0 0.004411214116525555 0.0014706012938790916 0.00019194723077046612 9.746905971459191e-05 6.681379315880158e-05 1.5543390700329226e-05 4.444746258094979e-06 4.877436144082994e-06 0.0 0.00010173662844258189 0.0 6.778720115649346e-05 2.508785694404297e-06 4.2602313946997186e-05 5.075351034661449e-06 5.860402797650917e-05 6.757449014563558e-06 6.346863889099146e-05 8.375839955389302e-05 0.00016531333552348833 1.337824263581688e-05 9.394675351874185e-05 3.946750655789138e-06 0.0 1.1125295567514897e-05 0.02128418073278604 0.0022790924015270776 0.00019723522693750097 0.00039646398442861035 0.0031359742352232082 0.0 0.0 0.0 0.0 0.0 4.445165101634856e-06 0.0 0.0 0.0 1.2424609735616811e-05 0.0 7.469654753524295e-06 5.991034337274246e-06 3.9308965145603605e-05 3.088121399039127e-06 5.053381652862328e-06 5.08871921537348e-06 0.0 0.0 0.0 0.0 0.0 0.0 0.0 0.0 0.0 7.659619578462861e-06 0.0 0.0 0.0 0.0 1.0103531201121736e-05 1.0455649515062842e-05 0.0 0.0 0.0 0.0 0.0 0.0 2.6148656966356212e-05 2.7307387385263625e-06 1.79969978562461e-05 6.875244069044171e-05 2.428646079150098e-06 0.0 0.0 0.0 3.2829787161654603e-06 2.9383477573714424e-06 0.0 0.0 0.0 0.0 0.0 0.0 0.0 1.821255397463817e-05 0.0 6.5010056177294195e-06 0.0 0.0 0.0 0.0 0.0 0.0 0.0 1.4282790289012388e-05 6.656613720246679e-06 0.0 0.0 0.0 0.0 0.0 3.323331629554605e-06 0.0 0.0 9.932919055212602e-05 1.4205027919164548e-05 3.364227806275385e-06 0.0 0.0 2.9200201132161065e-06 6.407909640346194e-06 1.2359981381251847e-05 9.897286897232163e-06 4.453047415468447e-06 0.0 0.0 0.0 4.011614424264476e-06 0.0 0.0 0.0 0.0 0.0 0.0 0.0 0.00019367932895897818 6.990106172807612e-05 0.0001370763799302942 0.003235055998520373 0.0 9.32027840469973e-05 1.297438910502797e-05 0.002929086246711806 2.5320510090256104e-05 2.1430247581025967e-06 4.9196312821629306e-05 9.48718935060789e-05 0.0 3.11027976778919e-05 9.013544824646886e-06 4.360865619139832e-05 0.0 0.0 2.637570326032251e-06 0.0 0.0 0.0012235435179299098 0.0001050874370201253
0.01247088131270584 0.01813817593755485 0.0006481669025851233 0.03832028617130131 0.0033592481420222017 0.000768094276570112 0.0 5.304193079326053e-05 0.027709441819289214 0.05747794894348581 0.0005273736057209373 0.023011456606400055 0.025018527862265254 0.01360475294383853 0.00015269886477618452 2.6947808411011572e-05 2.4455773960439952e-05 0.0 4.240904957786969e-06 1.1753635966315459e-05 0.0 0.0 2.8069151853322284e-06 0.0 2.205860499583318e-06 0.0 0.0 1.7615499299333648e-06 4.212459814630704e-06 0.0 0.0008130055661436802 0.00025772433886669325 0.0005716403601845671 0.0 0.0 2.3554212070026286e-06 0.0007947216223717405 8.831824801316639e-06 4.408871208327846e-06 0.0 0.0 1.7078054193092734e-06 0.0 1.6126746085287695e-05 0.0 2.1352297098444037e-06 0.0006563216493979451 1.1707757846289375e-05 2.761015678215215e-06 5.806840592463229e-06 0.0 0.0 0.0 0.0 0.00011823557110521918 1.4439372518882923e-05 0.0010997690894476643 0.001413400997780787 0.00027279887130029037 0.0006281713808359225 1.922605496231483e-05 6.206121032436936e-06 0.0 0.0017054335796852838 1.4858757448770778e-05 1.1467901465407201e-05 0.0 0.0 1.3793417899325177e-05 1.7888407946200593e-06 0.0007840692929535176 1.1069193949694153e-05 0.0 0.002541268176596352 0.0012631212223324203 0.0013377942712308076 0.0008533589461460726 0.00016015891313534805 4.017706701031345e-05 2.511140007229216e-05 2.755009527419628e-05 3.605090691756519e-05 0.0001286930018371251 0.0 2.0388093511469556e-05 1.9265398467456174e-05 8.121080409495969e-06 0.0 2.2899654688279923e-06 0.0 1.8413876281521105e-06 0.0 8.174997577949024e-06 1.5356451134041165e-06 0.0 0.004716763860993055 2.8642912239961126e-05 0.0 8.867339236630877e-06 0.0012486414981490294 1.802097512683013e-06 0.0 4.46814848132027e-05 0.0 0.0 0.0002258478100969823 1.574514480789472e-05 0.0032700843915867027 8.610953350777016e-05 7.753800755573058e-05 0.0 0.0027938310465748283 1.5200853334793987e-05 6.203663515190023e-05 5.811753097972579e-05 0.0 8.33739241324774e-06 0.0 3.4180751934901518e-06 0.0 0.0 4.04066839701654e-06 0.0 0.0 0.0 0.0 0.0 0.0 0.0 0.0 0.0 0.0 0.0 0.0 0.0 0.0 0.0 0.0 0.0 7.090463660779915e-05 9.662904362746665e-06 2.8647379175872438e-05 3.106966220519569e-05 2.7569849452927618e-05 0.0 0.0 0.0 0.0 2.5530063929384387e-06 0.0 0.0 5.091671258362332e-06 6.327441413220415e-06 0.0 0.0 0.0 2.8969527774905342e-05 0.0 0.0 0.0 0.0 2.8739376450000493e-06 0.0 0.0 0.0 0.0 2.3897009827296347e-05 6.731568448996976e-06 0.0 0.0 0.0 0.0 0.0 0.0 0.0 0.0 0.00014271188401012843 8.087391370198054e-06 0.0 0.0 0.0 1.3142729863825338e-05 0.0 1.7693446035271907e-05 7.969470287991112e-06 0.0 1.0329261486500191e-05 0.0 3.4106587123524224e-06 0.0 0.0 0.0 0.0 0.0 0.0 0.0 0.0 0.00023859783316325668 7.886994702854943e-05 6.186915721391722e-05 0.005470330987895913 8.427814801321609e-05 0.003464388098556583 0.00018515722279800054 0.0033450975892091762 0.0008268958855175827 4.617176634564425e-06 0.0004597355098985476 0.00013282278446596836 0.0 2.716617170217072e-05 0.0 2.299208407531084e-05 0.0 0.0 0.0 0.00011110067240666536 0.0 0.0004975228831228096 0.0001292021344938396
0.006652981747605169 0.004365474084203432 0.02181623649006043 1.732072149338566e-05 2.754046078000801e-05 3.056126311008906e-06 5.304193079326053e-05 0.0 0.006913571727955014 0.00024066525190105184 0.0582451908862533 2.4108385159687117e-05 0.0015388584462294966 0.017676738704132434 0.0005618838940117414 0.0007171609014132227 0.00012585221106086242 0.000408724897994695 3.9073659531784794e-05 0.0007881209004572693 0.0001884475830266295 0.0 5.031556017291879e-05 3.776701224536672e-05 6.353013083627715e-05 2.1380408634203835e-05 5.943449277615759e-05 3.277773067011238e-05 6.663785420664866e-06 5.5309911425384295e-06 0.06448049416465707 0.07847947657824998 0.001042058195754972 7.506168325038282e-05 0.0002738434866025153 0.0003321355571629846 0.00031506364153331896 0.00029238611270310016 0.00020304127214873583 7.866856758535061e-05 9.721852258927761e-05 0.0004233642757191019 0.0004560674520830058 0.0016378811705402066 1.0369926620194874e-05 0.0007118527136468083 0.001650573953321206 0.00015260961301131324 0.00015501616778663488 0.0010107935891231845 5.0344780559093704e-05 5.8483271777817794e-06 4.6597386158923524e-05 8.50284785053555e-05 0.00015233893814462225 4.220751667839068e-05 0.002335534984996337 0.007357811042686836 0.0004935890789942097 0.0007976055228105799 0.003809748934758854 0.00043442784205389886 0.0003286307057994258 0.016473085004986735 4.50137328024588e-05 4.808344943892712e-05 1.2298080895696363e-05 0.00011485074628149766 0.0018646955038649233 0.0005562144295731638 0.00011018129428895685 4.744806082283923e-05 0.0 0.004016661096615193 0.0033872627730291115 0.0028798574465868348 0.007986859873263419 0.01986325346940258 0.030614736793014612 0.038387525340741545 0.008832611801459223 0.030174243465506047 0.0002330860274901631 0.0 5.5550752080779654e-05 1.3303787459555441e-05 0.0008074058002050091 1.5378593798109856e-06 3.7565440162239356e-06 0.0 0.0 5.632758102247031e-06 0.000958819978334406 0.00015759075188099918 0.00016578347139571074 4.461501982289041e-05 4.1145326807387325e-05 5.996248104156409e-06 0.0001559573220217734 0.004965442460750516 0.0 0.0 0.0 0.0 0.0 0.0 0.0 0.0 0.0 0.0 0.0 0.0 0.0 7.5462792364686054e-06 1.4076256088569122e-05 2.515312472559368e-05 9.614767172699867e-06 0.0 0.0 0.0 0.0 0.0 0.0 1.2230657857376538e-05 0.0 7.82355881150292e-06 0.0 3.2058437530215956e-06 0.0 1.0062396331977375e-05 0.0 1.7859217377064858e-05 5.5689202896956906e-06 6.754033948861593e-06 2.4576160646399705e-06 0.0 9.469615640435351e-06 1.0645404215735779e-05 8.465682644021877e-06 4.530868326623575e-05 0.0 3.637417404584269e-05 0.0001323928978499936 5.488574203153436e-05 1.8823392239771237e-06 3.754077007479734e-06 1.968926500760971e-06 0.0 0.0 1.047214754822773e-05 0.0 0.0 1.7747352744344725e-05 0.0 0.0 2.1309881969936827e-06 0.00018136127314479446 6.823849999713209e-06 0.0 4.241480692030379e-06 0.0 0.0 0.0 0.0 0.0 1.052906093884287e-05 2.9450661139059896e-06 0.0 0.0 0.0 0.0 0.0 0.0 0.0 0.0 0.0 4.318406935899992e-05 9.596230340939823e-06 2.3743478458141373e-06 0.0 0.0 3.856136829834932e-06 1.7027107644736713e-06 1.7345912988737923e-05 0.0 3.9576830497875205e-06 8.095786661993643e-06 0.0 5.598563266054146e-06 0.0 0.0 0.0 0.0 0.0 0.0 0.0 0.0 7.649177058123867e-06 2.435428581346419e-05 9.222817852832354e-05 0.009048128120504501 0.0002106982081936727 0.006695565584666704 0.0009699137494860012 0.001578203445188893 0.0014397614354976006 4.878892901584568e-05 0.0011405557856499777 0.00011487250678791238 0.0 4.4917873675371575e-05 0.0 0.0 0.0 0.0 0.0 0.0003314438978617805 1.5043930784790417e-05 0.00034450990192717233 1.1475029454982613e-05
0.013418409313228196 0.07404177269470767 0.046192207685987176 0.00513550297754104 0.0877193444157333 0.0004735051437916579 0.027709441819289214 0.006913571727955014 0.0 0.02537231525054065 0.02779400810262138 0.00488494790283749 0.02286502934711875 0.0503735746407562 0.00031894699772939055 0.0001422276012797519 5.328808325271402e-05 1.0311238101032602e-05 4.213760992754031e-06 1.0446021577500994e-05 0.0 0.0 2.36400898261658e-06 0.0 0.0 0.0 5.3775781048792475e-06 6.786588379569186e-06 0.0 0.0 0.005398240130027416 0.000768615388339399 0.0020195470594276494 0.0 0.0 0.0 0.0010798834139830185 2.763008564814443e-05 4.045754512626784e-05 0.0 0.0 0.0 1.9760679158095215e-06 5.4076711780301686e-05 2.3065396837474303e-06 9.78724687997759e-06 0.001098963166881243 3.1555621714723085e-05 4.576922382791829e-06 1.2646461152029424e-05 1.5333020873432435e-05 0.0 0.0 2.193415866535066e-06 0.00014409025157904157 2.1660451983382778e-05 0.0011971999027992684 0.0018493414048425538 0.0003304686302799487 0.0007340850773604008 1.2344011624843929e-05 1.71904816029136e-05 2.0253884208143045e-06 0.0025597693769945783 1.901981034620495e-05 1.0959199204383882e-05 2.218039277041404e-06 2.470040559478515e-06 1.0363500345756155e-05 9.004669025801076e-06 0.0008233359972074449 5.671721385500293e-05 0.0 0.0026318398201822884 0.001750875995026109 0.0022346531102198524 0.0019062717430880993 0.000490862241292291 6.602524924291672e-05 0.0001513583134867882 4.3023408907498456e-05 8.427852080426089e-05 0.00017576444145255482 0.0 2.3650858616724085e-05 1.2046369665923096e-05 1.7492265944738143e-05 0.0 1.8342491791964622e-06 0.0 2.4720809191752002e-06 2.4816512520906767e-06 1.8669794055470872e-05 0.0 1.5337368228966735e-06 0.0026677356066854537 3.258898740711923e-05 0.0 5.7936753393387826e-05 0.0017460074643418008 0.0 3.484707221665899e-05 0.0 0.0 0.0 4.178994793402012e-06 2.6692329931031695e-05 1.2720825628292103e-05 7.962247227332662e-06 7.307625013039857e-05 4.165982699948446e-06 4.804110861885263e-05 4.650129973545386e-05 0.00012725752745711754 5.6730340377198466e-05 2.1730614598773533e-05 3.050225347234254e-06 0.0 0.0 0.0 0.0 0.0 0.0 0.0 0.0 0.0 0.0 0.0 0.0 0.0 0.0 1.559130668228955e-05 0.0 2.399258342891416e-06 0.0 0.0 0.0 4.253596494652841e-05 0.0 0.0001504244088510341 1.091718762062157e-05 3.807518477075271e-05 0.00010773674526854422 2.9065203316452915e-06 0.0 0.0 0.0 0.0 9.603141649623193e-06 2.4335738522323906e-06 0.0 2.0819884983528385e-06 6.630868033852085e-06 0.0 0.0 0.0 2.2540773058080276e-05 0.0 1.8968888463253064e-06 0.0 0.0 0.0 0.0 0.0 8.022807975557088e-06 5.635405574327835e-06 6.46337879349401e-05 3.0455726402411405e-06 0.0 0.0 0.0 0.0 0.0 0.0 0.0 0.0 0.00033944918918542587 0.0 0.0 0.0 0.0 1.5501355700044e-05 1.9806153421156086e-05 4.2752963678842197e-05 8.536517938060917e-06 0.0 6.582716013340777e-06 0.0 2.1828063083326096e-06 0.0 0.0 0.0 0.0 0.0 0.0 0.0 0.0 0.0004238064825483332 0.00013122073618187247 0.00019359250408254182 0.010066439681097935 0.0002001637410041292 0.005161379387299246 0.0004088894961686899 0.0032342384663541115 0.0011584249867396426 5.6288011782048075e-06 0.0011012632938721349 0.00026150941966273316 0.0 5.231798619525221e-05 1.0778566800487974e-05 4.369791654232802e-05 0.0 0.0 0.0 0.00023338371050605412 0.0 0.0005997580365372252 0.00023272771175926737
0.019854993445649373 0.02661912016581981 0.0001544938397631475 0.03877352375985042 0.013035964401426976 0.006961521526808851 0.05747794894348581 0.00024066525190105184 0.02537231525054065 0.0 0.0019579339878060963 0.04531460891133777 0.1502023626673799 0.016378927524929397 8.45974385475721e-05 3.339674801447947e-05 1.2196758537702844e-05 0.0 0.0 0.0 0.0 0.0 0.0 2.5895703568097383e-06 0.0 0.0 2.521880214018525e-06 0.0 0.0 0.0 0.0004001597310336182 0.00031008191397224687 0.0012346959896211492 0.0 0.0 3.442221999700086e-06 0.0017843213006352766 0.0 5.883619483959641e-05 2.987610813840005e-06 0.0 2.5528309251267256e-06 0.0 2.779224678654445e-06 0.0 0.0 0.0003699458991862435 1.943378262487601e-05 0.0 6.513290550091389e-06 0.0 8.25088896761593e-06 0.0 0.0 6.0851963596686984e-05 7.797622514611797e-06 0.0011412910482340617 0.0011219546869305718 0.0002233627659468313 0.00032316286090146193 3.3705785234001634e-06 3.7368771030679988e-06 3.5382828211046957e-06 0.000891411493071352 1.0169720969234694e-05 8.53495433877079e-06 0.0 0.0 1.7759692003039858e-06 2.3638691079196984e-06 0.010719093620337648 0.0004046388703878001 2.1167539795981526e-05 0.0017976088944764651 0.0006727172335578664 0.0009087394477725562 0.0003850691056727027 5.542568302689776e-05 1.7566587646818966e-05 0.0001543247395284569 1.1625736947584162e-05 3.828230672592116e-05 9.16316920939751e-05 0.0 1.2496965542543817e-05 1.0398934696562024e-05 0.0 6.8353300281275035e-06 0.0 2.921887502863524e-06 0.0 7.901901598898754e-06 0.0 0.0 0.0 0.017675290454165854 0.0009933243064956878 6.145319250136636e-06 0.0001722545313394955 0.009942879811658534 0.0 5.686668870183822e-05 0.0 3.5305338253415674e-06 0.0 5.401419590852399e-05 0.00012954785572594056 4.744060843636636e-05 4.431747340338308e-05 0.0005251783596189712 2.341010319747211e-05 0.00030227232124334114 0.00020962405591388284 0.0005961249199205168 0.0002552348750820072 3.96541164195368e-05 3.216372992550453e-05 0.0 1.6835770611555315e-05 0.0 0.0 4.701756178673517e-06 0.0 9.985551577607507e-06 0.0 0.0 8.722114020374255e-06 1.7709599064999175e-05 0.0 0.0 0.0 4.136012048379327e-06 4.221969108476447e-06 1.2073283212370549e-05 0.0 0.0 0.0 1.126728649362646e-05 0.0 0.0004752915339690997 4.525146858302576e-05 0.00019967208378624608 0.00035520385530764796 6.203189502322157e-05 3.0892035546181193e-06 0.0 0.0 2.1059070715194264e-06 6.8020799705791745e-06 9.892644805729437e-06 0.0 2.4599232790317983e-05 1.2086894144370135e-05 0.0 0.0 0.0 7.34743280538655e-05 2.4021850960355205e-06 1.7004104813726266e-06 0.0 0.0 5.987476274672344e-06 1.9932506481044516e-06 0.0 0.0 3.630400549826612e-05 0.0001690848843792659 0.0 0.0 0.0 0.0 0.0 0.0 0.0 0.0 0.0 0.0014794227051965576 4.122404113694676e-05 0.0 0.0 0.0 0.00010978083599788051 2.446246156327439e-05 0.00022038517365815526 1.9248422268893354e-05 1.0451650285169217e-05 5.4796539441361184e-05 7.648781787217056e-06 5.793444624144005e-06 0.0 0.0 0.0 0.0 0.0 0.0 0.0 0.0 0.0023355257869861375 0.0006197144601864449 0.0005728459091310609 0.014643722981196355 2.5774803279735e-05 0.002168254668729032 0.0001421265119942165 0.016989619826289073 0.0006573368126465283 7.853306693884038e-06 0.0004011179960342712 0.001520313684542022 4.211641485209891e-06 0.00014112878234694357 2.903186880331195e-05 0.0005071211043365276 1.2752676314431015e-05 0.0 2.7944147585153756e-05 9.290027551017405e-05 2.040750658951709e-05 0.007577045558382086 0.0015501321366738101
0.013540472482041783 0.010053174055233555 0.027365878457865773 2.044769558724583e-05 0.0017182415694173743 0.00028935107125376485 0.0005273736057209373 0.0582451908862533 0.02779400810262138 0.0019579339878060963 0.0 0.0007451615755480329 0.0185683639146568 0.06014214173172578 0.0011258589834303157 0.0012597368713030124 0.00011610595808256123 0.00011176019096906672 2.7197341591933397e-05 0.00034362553869228914 0.0002610590421842161 6.744009179291409e-06 0.00013928670658523807 7.902694529197711e-05 0.0002669238876894827 0.00011539737097694165 0.00014829792817859145 3.595789367856294e-05 7.185127296317244e-06 4.767967989540042e-05 0.04735459127854371 0.023223374154311107 0.027967342012808587 7.643271582765799e-05 0.0007603780522308059 0.0007901589590903024 0.006402320321142836 0.0008575100548267754 0.0007664375686576761 0.0001131382695780871 0.0003181298249286996 0.0005140229972360332 0.00016788121905787545 0.0003241892011686529 1.8500604369662747e-05 0.00010406612271930258 0.0025265216247248737 4.717632237767743e-05 5.506243999125007e-05 0.00024941216604862533 0.0002696817090417518 3.847251196049498e-05 7.052068571649686e-05 7.218554882331302e-05 0.00017711972751094054 2.529108348256939e-05 0.00218745483126141 0.006444899363593247 0.0005503759477943867 0.0010054333482996513 0.0006382518679929535 0.0012905556139130195 0.0005163960365665468 0.00698397600076949 3.1991367456951544e-05 4.177859856980369e-05 1.8970211809018085e-05 0.00016739549886521225 0.0013805668679469027 0.0005711492003336307 0.004853994048763584 0.0006723611611298658 0.0 0.004342450448236815 0.003247388228511988 0.003710126599469089 0.0055526565035616746 0.0022902489080413244 0.0014695017282714226 0.01989170047885572 0.00046117070811969494 0.004159939490163695 0.00026569428794452285 0.0 3.874486469910793e-05 2.360466671529093e-05 0.00028903066062906265 0.0 4.944773009598491e-06 1.669656968609403e-05 1.1905267006580786e-05 1.1184396217480478e-05 0.0018080613185996615 0.0007478823922374696 0.0002187981283402912 0.004469360181162893 0.0005478523132144713 2.2827605793913256e-05 0.000672764103757913 0.006138899840797998 8.300836567104386e-06 1.863997155243673e-05 0.0 4.786139960651035e-06 0.0 6.31155595629499e-06 6.114970093891114e-05 9.128360719805107e-06 9.012269716919071e-06 9.611365126584643e-05 7.353926238412989e-06 6.648044849572226e-05 6.950028075731401e-05 0.0002075670987418656 0.00012568212936164136 0.00012796972632723153 8.931498792207075e-05 3.7510144385027194e-06 6.716230938707772e-06 4.607011053636441e-06 2.282397873062383e-06 1.613193674786725e-05 0.0 0.0 0.0 2.9513489543363438e-05 0.0 4.124895054125297e-05 0.0 7.321778724429602e-05 8.74106142183608e-06 4.692286505584543e-05 1.145730517656773e-05 2.2553266397496187e-05 2.919386305995866e-06 4.42775476073719e-06 2.0828933440203158e-05 3.8032191878570105e-05 4.635693952555374e-05 0.0004109917724302761 6.765951507201054e-05 0.0002528126064148181 0.0010088129098695723 0.00023700476714513084 3.771702468167916e-06 1.1371212144527548e-05 1.1507528778806277e-05 0.0 3.0627703591107356e-05 6.0661704816330734e-05 2.9007002329297745e-06 1.2641254566214286e-05 5.943851214426092e-05 0.0 2.655284145066901e-06 0.0 0.0005601655705147792 8.311018227378105e-06 0.0 3.051831720706242e-06 0.0 1.759000011087028e-05 4.782683681868739e-06 0.0 1.0521421844627292e-05 9.738462550903505e-05 0.00024799580720071413 1.322253462280185e-05 0.0 0.0 0.0 0.0 2.6254518070931333e-06 0.0 0.0 3.1925403580229656e-06 0.0007206167558881233 0.000134691273753302 0.0 5.12996944992074e-06 4.329570216814318e-06 9.941508672926358e-05 2.2990660038497285e-05 0.00015005575769136404 2.551863401232913e-05 1.652206960121918e-05 3.7165533876663195e-05 0.0 2.0622903007222874e-05 0.0 0.0 0.0 0.0 0.0 2.5963709833947954e-06 0.0 4.113606182593067e-06 0.0007573344745222069 0.0006308492291424705 0.0010844824086242003 0.021345701591389217 0.00036644070047759476 0.009920547824533742 0.0021366578381489527 0.0036741891752659775 0.0020934789366604503 6.77929500689793e-05 0.0024905986877000494 0.0011208353751057892 1.6070644467466952e-05 0.000354004058083623 4.568764237929311e-05 0.00019740742736371538 4.400896274340619e-05 4.85252099492316e-05 3.5493997060816194e-05 0.0007510101598392361 1.2748172380413489e-05 0.0011210015606078175 0.00046541170877300556
0.0024321369446050705 0.0005297655206422425 3.633194984005231e-05 0.008306424030470248 0.005033900963819851 0.0014578474742139016 0.023011456606400055 2.4108385159687117e-05 0.00488494790283749 0.04531460891133777 0.0007451615755480329 0.0 0.02776503276114828 0.0024731139665589955 6.062495117862382e-05 5.877538946676262e-05 2.8940777280290266e-06 0.0 0.0 2.8936734027333567e-06 0.0 0.0 0.0 3.890689002167502e-06 0.0 1.0308241254429905e-05 0.0 0.0 0.0 0.0 9.74332986252363e-05 2.701671636910452e-05 0.00032291381556476733 0.0 0.0 0.0 0.0011507617891164783 4.1208650549205606e-05 7.465054702485712e-05 0.0 3.2394095589649154e-05 3.7841497550887645e-06 0.0 7.503536901081185e-06 0.0 7.852778573237223e-06 0.00012871109141329747 0.0 0.0 0.0 0.0 1.3792100954076422e-05 1.1610556796328947e-05 2.9126201797545707e-06 3.1609908083687422e-06 3.986299601891526e-06 8.089908974242768e-05 0.00014507659439566138 3.8371762214541824e-05 4.9783850553690583e-05 0.0 6.356141796476457e-05 0.0 0.00016211618257878148 3.4731995617545633e-06 0.0 0.0 0.0 1.5915423830348864e-06 0.0 0.001660131378112591 7.857168421955104e-05 0.0 0.00021006615409044783 0.00014086093229346696 0.00013120059719161454 0.00018323258131315665 4.2312591612236445e-05 0.0 5.1316517865930654e-05 1.159047260073466e-05 2.15941039195749e-05 1.2046921827533438e-05 4.431098952429798e-06 0.0 1.5656135794310973e-06 3.4111448393681434e-06 0.0 7.604394363039761e-06 2.783947635216305e-06 0.0 2.8227175916563786e-06 6.581667265334476e-06 1.0321010596595914e-05 0.0 0.021305990164903175 0.000264771668043382 2.943488527146171e-05 4.938519080768429e-05 0.0006878455490612951 2.0101022707653595e-06 6.17855872341661e-05 0.0 2.4768569531890022e-06 0.0 3.467300096637378e-05 7.246782595266791e-05 4.4668170646603524e-05 1.6718328943627523e-05 0.0002703374542656507 1.3405906603768691e-05 0.00020099741230631551 0.00010538102479837874 0.0004841069200591096 0.00019703628874487113 5.221169859773973e-05 2.847491835792321e-05 2.4110579287884284e-06 2.868094441981922e-06 0.0 0.0 0.0 0.0 2.144633317116724e-06 0.0 0.0 0.0 0.0 1.8691800747596505e-06 1.363926630453325e-05 2.955128037692534e-06 2.228319442821521e-05 2.3797724550686297e-05 0.0 0.0 0.0 9.65155234465764e-06 1.4221184071094872e-05 0.0 0.0003124254898530779 4.804259978303187e-06 9.669819355629637e-05 0.00017772500029301723 4.173804817707129e-05 0.0 0.0 0.0 1.671526980907387e-06 1.4008769201196814e-05 2.4795572061124544e-05 0.0 0.0 1.95532117311587e-05 0.0 0.0 2.3051467128542774e-06 9.553549247565332e-05 2.125502486225395e-06 0.0 0.0 0.0 0.0 0.0 5.915014937282065e-06 0.0 7.344189804294966e-05 0.00017163553101113508 8.238143510303296e-06 0.0 0.0 0.0 0.0 2.1765392662497157e-06 0.0 0.0 4.187214305165584e-06 0.0012542273030006284 1.1742665637549954e-05 0.0 0.0 0.0 8.442901380151256e-05 1.3252312946662758e-05 0.00012832232358712134 1.9407958258964423e-05 1.4437725088440756e-05 2.958719804476419e-05 0.0 1.0282922373192982e-05 0.0 0.0 0.0 0.0 0.0 0.0 2.1707071470524347e-06 0.0 0.0014123415376519149 0.00041963733752501997 0.0004960841465089395 0.005045794757666864 5.662735934883179e-06 0.0006018073213635644 0.00012811060325129293 0.004432377888915219 0.00018161128730109698 2.2821503448041547e-05 0.0001451316841074719 0.0008241312148323606 0.0 0.00015678485085777872 1.6847871802267475e-05 0.00018709030250493205 1.2077756704908286e-05 0.0 1.667420565782871e-05 5.760035396683914e-05 2.6367246617236883e-05 0.0013290246333771767 0.0008001577928319277
