0.0 0.02497317588338337 0.012486711080370647 0.02017603563902514 0.03660908902905064 0.00018029946288625597 0.01917989011522225 0.002775664219913333 0.01021741800094876 0.01522398151010208 0.005267427600838673 0.004023950325926992 0.023003903699229705 0.0020606898513951715 9.751437631388687e-05 1.3869547130099575e-05 4.124047573836766e-06 0.0 0.0 0.0 5.6132344981534784e-06 0.0 0.0 0.0 0.0 0.0 0.0 0.0 0.0 0.0 0.019336838242378862 4.078305216750629e-05 0.00010629319632650126 0.0 0.0 2.6044905849569705e-05 3.0191459377174934e-05 2.140279995962129e-06 0.0 1.1686398799403676e-05 0.0 5.608748367813e-06 0.0 0.0 0.0 2.3801547274389785e-06 0.0009639629435815802 5.6162812080418226e-05 8.430001529338162e-06 0.0 2.6693668458828292e-05 0.0 7.915392945234814e-05 0.0 7.496867788085489e-05 0.00015440329422382708 0.001635068666085834 0.018364604760122423 0.0012355703426022613 0.00033312606625874306 8.785575739423006e-06 3.502429115942298e-05 9.54367148629416e-06 0.00014767231838498974 3.362912569250648e-05 2.1147966453210652e-05 1.8496946682610308e-05 2.066173594041475e-06 4.141876215853472e-06 3.3309385121552773e-06 0.0001432241114135189 1.4179677908890625e-05 0.0 0.002996784999146231 0.0019973738133830677 0.00024444582108074905 1.784196072824858e-05 0.0 3.48241837221558e-05 6.317315175648036e-05 0.0 1.2757937835640816e-05 9.871664617456884e-05 3.8053321839385806e-05 7.439827936157924e-06 9.493204100136683e-05 5.522775062578239e-06 3.827364846664292e-06 0.0 3.859200063136798e-06 0.0 0.0 0.0 1.0324361949731862e-05 0.0 0.0013096310307064826 5.9132399192372885e-05 2.6041825487851313e-05 0.0 0.01920940840924368 0.0 0.0 0.0 0.0 0.0 4.546074842799417e-05 3.4853307674083524e-05 3.6009662587684928e-06 3.440555612688499e-05 0.0 8.585611102965066e-06 8.254924732933473e-05 4.784886800712653e-06 3.793221017109109e-06 0.0 0.0 0.0 0.0 0.0 0.0 0.0 0.0 0.0 0.0 0.0 0.0 0.0 0.0 0.0 0.0 0.0 0.0 0.0 0.0 0.0 0.0 0.0 0.0 0.0 0.0 0.0 3.364894671794496e-06 0.0 2.104870213823086e-05 0.0 0.0 0.0 0.0 0.0 0.0 0.0 0.0 0.0 0.0 0.0 0.0 0.0 0.0 0.0 0.0 1.6165250785520296e-05 0.0 0.0 0.0 0.0 0.0 0.0 0.0 0.0 2.4378819545733023e-06 1.4905521936928993e-05 4.1918356251978705e-06 0.0 0.0 0.0 0.0 1.5544987082024396e-05 0.0 0.0 0.0 0.0 0.0 0.0 0.0 0.0 0.0 0.0 0.0 0.0 0.0 1.2318009704907933e-05 1.2048323353671993e-05 0.0 4.610264625900649e-06 0.0 0.0 0.0 3.923457696130728e-05 0.0 0.0 0.005895959643642869 0.00011499752074646492 0.0033157563751016186 0.0003212088032248257 0.010454909129799942 0.0007993842703998337 2.2650464675911957e-05 0.00018705827629923947 0.0 0.0 0.0 0.0 0.0001650624284805156 0.0 0.0 0.0 4.1174685922920516e-05 0.0 0.004877453821141197 2.901071088599333e-05
0.02497317588338337 0.0 0.023517544636957696 0.02409255826769817 0.057029701229149875 0.0003518845223855957 0.013319928843344065 0.021428598997007057 0.05717885595395681 0.017059604553846877 0.047844790191899925 0.00014281714003184365 0.0002526078028535416 0.0031009814098330833 0.0005774975288902412 7.611788397525611e-06 4.37963058941283e-06 5.386576449770947e-06 5.4908385979909855e-06 1.8539511858249057e-05 4.2702816890879985e-05 0.0 1.8795884960269675e-05 4.639954864971886e-05 1.605109968126055e-05 9.479814553931614e-06 3.1863011908709466e-06 7.170291798887988e-06 4.011751904681747e-06 5.8220984342231734e-06 0.03196515931701434 0.001541072107138208 0.0010236677395291428 5.610181838231413e-06 7.584509541299764e-05 4.9438919122702484e-05 0.0010859141062303478 2.3412733444791858e-05 3.628195251760951e-05 3.8060879162540253e-06 1.3564778014479409e-05 3.780514866416122e-06 9.18505963768385e-06 6.121129181259013e-06 2.9279920454199536e-05 1.2859448532203082e-05 0.0023036653512552353 6.309565812716792e-05 6.908514700669702e-06 1.0291687876046619e-05 1.7511148997834455e-05 6.1770647654533935e-06 0.0 0.0 7.743185157547521e-05 0.00011689485676896695 0.0007040135970095031 0.008109708247071995 0.001061073433752587 0.0006341432049348694 6.568875851380729e-06 5.1981495334501906e-05 3.7233016831784375e-06 0.0011599136828062894 6.261868547667145e-05 2.857582896910273e-05 2.3455189178826804e-05 4.352279747533146e-06 2.1157395208281794e-06 2.7307406633541425e-05 0.00013464484636290972 0.0 0.0 0.005250488313288078 0.002845101660808249 0.0015103584808003267 0.00046433115872235986 2.073855633804321e-05 0.0011194516946533022 0.0020272289659298355 4.2905068291116465e-05 0.00028390639748998526 9.75104574851219e-05 2.187000811707846e-05 2.2559006805170494e-05 6.749859938802424e-05 5.714046212066155e-06 1.8779229157686215e-06 2.4711642972793135e-06 0.0 0.0 2.7900833734137344e-06 1.2732757097862167e-05 0.0 0.0 0.00032164878890506487 0.00011883686466921013 0.0 1.8957935006459652e-05 0.014606672760341766 0.0 0.0 4.257815256474778e-06 0.0 3.214754603261081e-05 7.630982211376968e-05 0.0 5.8786625370612726e-05 1.6011449241811445e-05 4.533970562402413e-06 0.0 0.00020544357011141937 3.2460506101205673e-05 6.216577729861146e-05 6.49585360412846e-05 2.621478731063133e-06 7.421326647706446e-06 0.0 0.0 0.0 0.0 0.0 0.0 0.0 0.0 0.0 0.0 0.0 0.0 0.0 0.0 0.0 0.0 0.0 2.940603502789439e-05 0.0 0.0 0.0 0.0 4.2642979450147956e-05 0.0 2.4410737867594514e-05 0.0 0.0 0.0 0.0 4.480610660017274e-06 0.0 0.0 6.371423299650322e-06 0.0 0.0 0.0 0.0 0.0 0.0 0.0 0.0 0.0 0.0 1.1054785357819472e-05 0.0 0.0 0.0 0.0 0.0 3.599005634870951e-05 0.0 0.0 1.1519632034681252e-05 9.28383195315422e-06 0.0 3.4521256775991422e-06 0.0 0.0 0.0 0.00010304427424961659 0.0 0.0 0.0 0.0 1.1663833930547254e-05 0.0 0.0 0.0 0.0 0.0 0.0 0.0 0.0 6.231861649752253e-06 1.705686606936095e-06 0.0 7.5599003969242125e-06 0.0 0.0 0.0 4.9132751651616996e-05 1.664428780509239e-05 6.5553593256036275e-06 0.001987268043576993 0.00012796809542480202 0.005340301682692289 0.001201591093515805 0.01743324922507289 0.0011940497722454783 3.664578225316609e-05 8.094506673696715e-05 7.078464752939687e-05 4.4647792784991654e-06 3.0254304218556147e-06 0.0 0.0001521015835704309 0.0 0.0 0.0 0.0 0.0 0.002619757665862489 9.211136509065385e-05
0.012486711080370647 0.023517544636957696 0.0 0.00479408766793172 0.0018005736457840785 0.0 0.002063278084264063 0.004574394708731117 0.007999931539712986 0.00023089474531113197 0.01932522029959526 0.00017455108654030018 0.005221471619594408 0.009787664295022489 0.002184392651103075 0.00020500574244013055 0.0001253562738910882 0.0001440799203698586 0.00012763838357275192 0.0008868303445625944 0.0015942955104826073 3.845846626808496e-06 0.0002985143262470414 0.0006935592496477474 0.00027412641387928834 0.000354951723604818 0.0005905231421608044 8.270038559893468e-05 4.711510711783067e-05 0.00024356276311589365 0.09610511632184729 0.007293678330503632 0.006807899775831225 0.0016557305089317726 0.004358449634802187 0.0036933490246004244 0.004020432361468094 0.0009667932281139574 0.00012015833828573556 0.00012546704635161133 0.0003714495424536563 9.369238327471323e-05 0.00040312704557667994 0.0007690903073532563 0.0009430056462514951 0.000584540111506398 0.004865751327988293 9.552866804960471e-05 0.000244699349091237 0.00016571193903827504 0.00013355862693528357 2.885421114830559e-05 2.6846265559646132e-05 4.73372406045074e-05 9.70379565288185e-05 7.070077917051688e-05 0.0005943680535593623 0.006813409485790258 0.0011581543467936882 0.000990932656734234 0.0020712418690481196 0.0017350565057510125 0.0011381008192032068 0.01737227196778983 4.6832851759301885e-05 5.087677481350735e-05 2.306723469016425e-05 2.2084782875168773e-05 0.0002770143591154722 0.0011292505597693592 0.0007514527456947919 8.297113378733549e-05 0.0 0.007179977352732415 0.007630618896660725 0.005008652943087373 0.0031752943448372555 0.0007677492612471272 0.02212722126280706 0.0066925041558861505 0.0015931659779308417 0.01344770112647561 7.630680729996373e-05 2.2158183856698438e-05 1.834734157087893e-05 9.79354073326137e-05 4.002597416902556e-05 7.103482284219691e-06 4.480501803662691e-06 1.8084408605454727e-05 3.1053289182388236e-05 9.474037558898892e-06 0.0004460506485154533 6.289634916491741e-05 4.610288718660133e-05 0.0004302200295770775 0.00043753244036986375 0.0 0.00022291460983441767 0.011451889126713672 0.0 0.0 0.0 0.0 1.1514339430918113e-05 3.589286615695897e-05 0.0 0.00014044306779952928 6.246666504141661e-05 4.521194571969387e-06 1.1448828584264973e-05 0.0002020897542073252 4.8177802648214863e-05 5.94183898064952e-05 0.00034301550981104956 7.194488927813933e-06 2.950104770238713e-05 0.0 0.00011757363876145709 0.0 0.0 0.0 2.8080758852115346e-06 0.0 9.69063926996531e-06 3.786143793396645e-06 0.0 2.062703534377e-05 0.0 0.0 0.0 0.0 4.18037742092113e-06 9.465127919884283e-06 7.622974968131885e-05 0.0 0.0 0.0 0.0 0.00015000306617834628 7.566476627797602e-05 0.0003315990696988513 9.045860842301059e-06 0.00017060290499094712 0.0 8.838958856693802e-06 1.943350461949706e-05 3.3786913368640383e-06 3.438226008667199e-06 2.2880176944881132e-05 4.784639435376432e-06 0.0 1.1271512897467801e-05 0.0 0.0 1.0000411486068686e-05 8.788919424272969e-05 0.0 0.0 0.0 4.985816708214457e-06 0.0 0.0 0.0 3.5305176254448924e-05 4.094153082788382e-05 0.0003505061824435358 0.0 0.0 4.963014228175451e-06 6.9001085710658095e-06 2.3864906354750724e-06 8.6733007490737e-06 2.797053691602343e-06 7.113382750160691e-06 0.0 0.0003372586627629929 1.2726326769618874e-05 0.0 1.6487824743022296e-05 9.37520866933743e-06 5.8535358372937724e-05 4.04796150791067e-05 0.00011795885408869546 0.0 0.0 0.0 0.0 0.0 0.0 2.075052214847519e-06 2.496378199180324e-06 0.0 0.0 1.498017398620407e-05 0.0 1.3166875459606107e-05 0.00025398302146643773 0.00019867569782087069 0.00016391668706148603 0.002508799224842783 0.0002773738461067467 0.007872116112009076 0.0031896230675792906 0.0023807777810254975 0.001151051372310707 2.7058916838489766e-05 0.00026072654973050675 8.408162232954141e-05 0.0 4.723209551030018e-05 1.7015358439059465e-05 0.0003931847204656826 1.3847107504575844e-05 0.0 2.3274275184753146e-05 8.148899618985184e-05 5.882254211513286e-05 0.0004180877005260422 9.534960051681446e-06
0.02017603563902514 0.02409255826769817 0.00479408766793172 0.0 0.005335500060690182 0.0005012465383688806 0.05225635587056435 0.0035776387491197694 0.0011375214618839825 0.005479684514958981 0.003550521317698863 0.0023789243841487156 0.022464250552940712 0.0015751500407527516 7.302913056340802e-05 6.405897014681489e-06 0.0 0.0 0.0 0.0 0.0 0.0 0.0 0.0 0.0 0.0 0.0 0.0 0.0 0.0 0.003670770260757063 1.0153974053013441e-05 0.0006681720527220687 0.0 2.281720490933649e-06 0.0 0.0004337203907149073 0.0 0.0 0.0 2.4071351065635504e-06 4.564997744787675e-06 0.0 0.0 0.0 0.0 0.0006036949955551774 1.822840117718369e-05 6.924933477319796e-06 0.0 9.27494650444063e-06 3.7045655147073963e-06 0.0 0.0 2.0459587153874534e-05 2.5071088021207067e-05 0.00025839793946237806 0.003442913096616974 0.00039694345781852384 0.00017650950755978434 0.0 0.0 0.0 0.00021170435614311595 1.6482880167460904e-05 1.2399352518328397e-05 6.8445455955403416e-06 2.6927893974685065e-06 0.0 0.0 0.0002484243470217328 0.0 0.0 0.0015819338462581824 0.0009370658155730459 0.0003316780609809131 7.900588188386942e-05 0.0 7.755791113574353e-06 9.05836410659841e-06 0.0 4.719793236752079e-06 3.344199049924348e-05 2.7104344663137764e-06 5.257747490202143e-06 2.7782498293050633e-05 5.414670948323876e-06 0.0 3.308278442759363e-06 0.0 2.4960953287248668e-06 0.0 0.0 2.788741201873359e-06 0.0 0.0006954482366999857 2.8906950881602516e-05 0.0 0.0 0.009574663492080079 0.0 9.337796417981745e-06 0.0 0.0 5.5243471200115174e-05 0.00024406331779838777 0.00010523844809033393 0.00022308725913411517 1.2999417320473934e-05 8.838479147417959e-06 5.22958886784321e-05 0.0005024510924572613 4.9599379632015864e-05 4.890738056626527e-05 0.000164357892206013 0.0 0.0 0.0 0.0 0.0 0.0 0.0 0.0 0.0 0.0 0.0 0.0 0.0 0.0 0.0 0.0 0.0 0.0 0.0 8.091134818851053e-05 2.078642406668181e-05 0.0 0.0 0.0 2.800568386273858e-05 0.0 1.4811107972386463e-05 0.0 0.0 0.0 0.0 0.0 2.1709576284976765e-05 0.0 0.0 0.0 0.0 0.0 0.0 0.0 0.0 0.0 0.0 0.0 0.0 5.379395636946866e-06 0.0 0.0 0.0 0.0 0.0 3.996143464099154e-05 0.0 0.0 0.0 2.125186028458938e-06 3.2098012879780345e-06 0.0 0.0 0.0 0.0 2.00641957083134e-05 0.0 0.0 0.0 0.0 2.9677993706761476e-05 0.0 1.9200149369227743e-05 0.0 0.0 0.0 0.0 0.0 0.0 0.0 0.0 0.0 0.0 0.0 0.0 0.0 0.00010941968036527974 0.0 0.0 0.002435569993474933 4.0454263643639434e-05 0.0016367367359943542 0.00020046088975376517 0.014912367299532442 0.00035625087035383584 5.330671883785133e-06 2.9862637884268775e-05 2.5070385136896027e-06 0.0 0.0 0.0 0.000556360662858952 0.0 0.0 0.0 0.0 0.0 0.006863786694017035 0.000223554984066632
0.03660908902905064 0.057029701229149875 0.0018005736457840785 0.005335500060690182 0.0 0.0002467067985836425 0.03291144379547943 0.0008867401598039856 0.05674487041783936 0.02997185328534529 0.006421669092506151 0.0007625031752377634 0.0020918533917761127 0.0312337900535257 0.0008380809568998557 7.238096822476421e-06 1.2721914770846034e-05 0.0 0.0 4.216343326375603e-06 1.189753955001519e-05 0.0 0.0 0.0 0.0 5.4831925120384445e-06 7.214529811875389e-06 3.0561870240190023e-06 3.903883060613094e-06 9.54800076984416e-06 0.01147911279998582 9.357013680818446e-05 0.002063846826528051 0.0 1.0055425107661349e-05 6.4971266382278615e-06 0.002847536158851842 0.0 0.0 2.6666028113668683e-06 0.0 0.0 0.0 5.91222037608259e-06 0.0 2.5653402604731134e-06 0.0024054431344917105 6.467003704901311e-05 2.1258933411557315e-05 1.9006461920801002e-06 3.967561238356096e-05 0.0 0.0 0.0 0.00010415982578280905 0.00013313573501912596 0.000618199996727314 0.0056032471431873 0.0010628003052107233 0.0007109953812057114 0.0 1.149987421615833e-05 0.0 0.001771186306542459 6.524239342200667e-05 3.7963636688526224e-05 2.5100857893188594e-05 7.0305030722932665e-06 7.0425041927614105e-06 4.307324804253466e-06 0.0005737930767187993 2.1371215619980315e-05 0.0 0.004916349810750978 0.002919851314241355 0.002253993783668236 0.0006745143908913225 1.0533189405266958e-05 3.034277107562653e-05 0.00015903627471288245 0.0 2.9320179943001682e-05 0.00010174218525769599 3.4992647709610975e-05 1.1018623588959978e-05 0.00012012280175812415 4.561344619167751e-06 0.0 2.220036393835162e-06 0.0 0.0 0.0 2.4295517122846994e-06 2.3053786053296455e-06 2.710464704190049e-06 0.0021727323358859104 0.00010208417388259598 0.0 4.8060436379833456e-05 0.003156270027743138 1.1219325834515909e-05 2.6504669832054602e-05 0.00022251105611309355 1.2590334554702531e-05 6.30326429782642e-05 0.0006819536749358739 4.8037663162255376e-05 0.0008193093281786832 0.0001890364009041523 4.736216890478994e-05 8.658609101391396e-05 0.0018241135825611942 0.0003172112299578697 0.0003995680580738335 0.0008417445887186617 9.529412084176102e-06 2.960653672805156e-06 0.0 0.0 0.0 0.0 0.0 0.0 0.0 0.0 5.045707016459203e-06 0.0 0.0 0.0 0.0 0.0 0.0 0.0 0.0 0.00018826110507292479 4.539335346902461e-06 0.0 0.0 0.0 0.00024100677513792717 3.545056854722472e-05 0.00011352740689908585 0.0 2.431093726924779e-05 0.0 0.0 0.0 0.0 0.0 0.0 0.0 0.0 0.0 0.0 0.0 5.364086492814454e-06 0.0 0.0 0.0 2.458310663783342e-06 2.613777475617622e-05 0.0 0.0 0.0 4.041299967209579e-06 0.0 0.00023052754649090937 0.0 0.0 7.650065647225779e-06 4.932477679718101e-06 0.0 0.0 2.1221111290665827e-06 0.0 0.0 0.0002737639879615233 1.4998757989878384e-05 0.0 0.0 0.0 0.0001822407714136834 0.0 7.56615503335221e-05 0.0 0.0 0.0 0.0 3.6414947671279506e-06 0.0 6.058551798770501e-06 5.713509733616151e-06 0.0 0.0 0.0 0.0 0.0 0.0007902250112788508 4.7032220612055696e-05 7.098435485128192e-06 0.0012286432160010378 0.0001238952458427384 0.005026849876584594 0.0012701248563601593 0.005537947480788297 0.0008822309324080299 5.1143380803024904e-05 4.931851775187556e-05 7.213944952823347e-05 3.885367336014236e-06 2.972629042307699e-06 5.0268188002412744e-05 0.0005004551386250824 9.092482575354138e-06 0.0 1.7600156039933224e-05 9.052808686919692e-05 0.0 0.006727990798024687 0.0005567551709683599
0.00018029946288625597 0.0003518845223855957 0.0 0.0005012465383688806 0.0002467067985836425 0.0 0.0004987613760808007 2.4771028991294873e-05 0.0001341777866636709 0.0006210816737492878 0.0 0.0005973635929626481 0.0016073818681351076 0.00017404946787472742 0.0 0.0 0.0 0.0 0.0 0.0 0.0 1.420839842902394e-05 0.0 0.0 0.0 0.0 0.0 0.0 0.0 0.0 4.562205403717861e-05 0.0 1.6848827139605827e-05 0.0 0.0 0.0 0.00013757334761416612 2.0520897666888745e-05 0.0 1.5022023987298196e-05 0.0 0.0 0.0 0.0 0.0 0.0 7.32568697621796e-06 0.0 0.0 0.0 0.0 2.5590969388633368e-05 0.002047832073164237 0.0 5.338785388779932e-06 0.0 0.00021538578090373622 4.401177670862211e-05 0.0 0.0 0.0 0.0 0.0 0.0 0.0 0.0 0.0 0.0 3.33300600256006e-06 0.0 0.0008942604675060503 0.0006196409312191726 4.4825817013508997e-05 5.52884273138933e-06 0.0 0.0 0.0 0.0 0.0 2.3139222294831993e-05 0.0 0.0 0.0 0.0 0.0 0.0 0.0 2.005948991443303e-05 0.0 5.492330885955827e-05 0.0 3.942255510852754e-06 0.0 1.5198499256218052e-05 0.0 0.0003110268788396499 0.0019004511897717635 0.0005472828329731907 0.0002042428823744572 0.0035491499831899467 0.0 0.0 0.0 0.0 0.0 4.8966316333035136e-05 0.0 0.0 0.0 0.0 0.0 2.1900400694228134e-05 0.0 0.0 0.0 0.0 0.0 0.0 1.999925528456492e-05 0.0 0.0 0.0 0.0 0.0 0.0 8.273294808510234e-06 0.0 0.0 0.0 5.189718511246217e-06 0.0 0.0 7.753007473209584e-06 0.0 0.0 0.0 0.0 0.0 2.8273635535291826e-06 0.0 4.235321788022975e-06 9.814034580709396e-06 3.3152842660672097e-06 2.6377548629704473e-05 0.0 0.0 0.0 0.0 0.0 5.6609561095706025e-06 0.0 0.0 0.0 0.0 0.0 0.0 2.5011837000191658e-05 9.075788146322276e-06 0.0 0.0 0.0 0.0 0.0 0.0 0.0 5.78749850044395e-06 0.0 0.0 0.0 0.0 0.0 0.0 0.0 0.0 0.0 0.0 0.0 2.064591509338257e-05 0.0 0.0 0.0 0.0 0.0 4.365523352091501e-06 0.0 0.0 0.0 0.0 0.0 0.0 0.0 0.0 0.0 0.0 0.0 0.0 0.0 8.332766663563972e-06 1.5710284481043022e-05 3.829829136039007e-06 0.002112480444287193 6.0596329491595636e-05 5.7881264728550645e-06 0.0 0.0003125073775442397 0.0 0.0 0.0 1.4871010961030933e-05 0.0 3.1708396868587334e-06 0.0 7.19342080897413e-05 3.3213213068358825e-06 0.0 0.0 0.0 0.0 0.0008653011567178936 2.888696384046914e-05
0.01917989011522225 0.013319928843344065 0.002063278084264063 0.05225635587056435 0.03291144379547943 0.0004987613760808007 0.0 0.002266829855786 0.08157196066681947 0.05733091684827043 0.022720405821690826 0.003818801567500993 0.004919621736828715 0.02342275171710865 0.00015299729072172202 1.110196834487279e-05 0.0 0.0 0.0 0.0 0.0 0.0 0.0 0.0 0.0 0.0 0.0 0.0 3.5471974622629127e-06 0.0 0.0008706571265843842 5.831881655237461e-06 0.0005928387916948303 0.0 0.0 0.0 0.0011909760076513573 0.0 0.0 0.0 0.0 0.0 0.0 0.0 2.7931161348623806e-06 0.0 0.0004391498329633319 7.607119279262916e-06 7.0894089913530174e-06 0.0 0.0 0.0 0.0 2.4109409822294213e-06 1.1859922266350066e-05 1.738355979119284e-05 7.51749405792328e-05 0.0008364369179094836 0.00014538342156814269 0.00012231972509966853 2.3593497029816444e-06 0.0 0.0 0.00023759359857613066 3.139699551374362e-06 5.1569905946329025e-06 2.0990105620924457e-06 0.0 0.0 0.0 0.00029197153729431204 1.3386721012005866e-05 0.0 0.0008463139366208883 0.00033221655366364404 0.00037516136876524755 9.24943593971092e-05 0.0 9.24806912917846e-06 5.5771892719216345e-05 0.0 0.0 2.3168901648267773e-05 4.404895798161968e-06 4.879326126054636e-06 2.2414846657082058e-05 0.0 0.0 0.0 0.0 0.0 0.0 0.0 2.6928479223903258e-06 0.0 0.0017003022977417953 6.1359326700669115e-06 0.0 1.1187782462320206e-05 0.0008772378104239907 0.0 9.569817924299428e-05 0.00016685726102869827 5.904144053921451e-05 4.3522790062174694e-05 0.000714629970617314 2.8150202573514698e-05 0.0009334901346165832 8.411402757875243e-05 5.5233737335118286e-05 0.00047363421299100245 0.0016412767646664971 0.0002890994946449681 0.0002748868428197095 0.0005184860989555201 0.0 0.0 0.0 0.0 0.0 0.0 0.0 0.0 0.0 0.0 0.0 0.0 0.0 0.0 0.0 0.0 0.0 0.0 0.0 0.00014590118979572518 2.027065680617629e-05 0.0 0.0 0.0 8.3537014962979e-05 0.0 6.0164760670529205e-05 0.0 0.0 0.0 0.0 0.0 4.467387149015408e-06 0.0 0.0 0.0 0.0 0.0 0.0 0.0 6.768002801124374e-06 1.340355863201311e-05 0.0 0.0 0.0 2.0186088294148253e-06 0.0 0.0 0.0 0.0 0.0 0.00010816526440909114 3.832111998156082e-06 0.0 2.129502826692286e-06 2.375965708618268e-06 0.0 0.0 0.0 0.0 0.0 0.0002160090763932654 4.0409925162869564e-06 3.0484960689597335e-06 0.0 0.0 0.0001358595804712745 2.660291093631792e-06 4.621256191467422e-06 0.0 0.0 0.0 0.0 3.906104276479188e-06 0.0 0.0 0.0 0.0 0.0 0.0 0.0 0.0 0.0006498133223964867 1.2940142694406724e-05 0.0 0.0008519365423246063 2.0958226510760586e-05 0.0009097206162761572 0.0002506763871838153 0.0035344958107708315 0.00010229726448851942 2.4444065469573395e-05 8.483426199303448e-06 1.225584765428126e-05 0.0 0.0 0.0 0.0008928736375486654 3.245658259044693e-05 0.0 0.0 0.0 0.0 0.007339151873650035 0.0005291988147289645
0.002775664219913333 0.021428598997007057 0.004574394708731117 0.0035776387491197694 0.0008867401598039856 2.4771028991294873e-05 0.002266829855786 0.0 0.005737069934842529 0.002200050080751808 0.001988229702072516 0.003418243731852619 0.0203014691880525 0.04641476153927795 0.0022723183323181463 0.0001711294022106189 6.046465680607566e-05 4.197404212984002e-05 7.259620532973689e-05 0.0005846404362929613 0.0014398681556880052 0.0 0.0003996859434582716 0.0005976631295600916 0.000482911026635532 0.0004049053284474707 0.0008253521488686349 0.00014392161825966187 2.3556734405092945e-05 0.00024526789529673705 0.05447466307886598 0.024107203354513336 0.00562051030180275 0.0009290242511678924 0.004247135394641613 0.007063445059414778 0.001750299230144735 0.0009708794303520171 1.4188362422039303e-05 0.00020652935157754724 0.0001950794962710705 6.45347112378732e-05 0.00024659111159035116 0.0003427390427623718 0.0005706799252424604 0.00017850571578029 0.00404195975220753 7.080856334853196e-05 0.00022413334977859788 0.00013098287645680042 5.375410870103302e-05 3.7679967562969364e-05 7.273090180288416e-05 1.4735297909991666e-05 3.7235446786538307e-05 5.6883135257498375e-05 0.0002484669032235502 0.0020434407215936486 0.0005263390519737995 0.00045105946434744414 0.001085764449421602 0.002172354453731376 0.001496140893568411 0.0127727059515958 3.2536991346115185e-05 1.6496227751297025e-05 6.62078394553862e-06 5.918740052373196e-06 0.00015247669964207712 0.0007796659125005284 0.00031344986522620496 0.00020152549729334518 6.4232365834348625e-06 0.002697562069727868 0.0038520879548643535 0.0026982454541202108 0.0029491078444302187 0.0009722260973867208 0.013430338650872753 0.003351184275385959 0.0007709664684737951 0.014529823462131495 2.6995535713741622e-05 4.55919851028466e-06 5.118015727864659e-06 4.803840330743331e-05 1.944145659570764e-05 8.930768657298472e-06 0.0 2.756853839695511e-05 1.8012497668434566e-05 8.335889943558363e-06 0.00022726252186703547 3.39465088796093e-05 3.577848270875959e-05 0.001515120435780923 0.0003300317918008536 0.0 4.262887260299277e-05 0.005647810792936445 0.0 0.0 6.630590927671169e-05 4.1003894594407686e-06 1.5835120285196137e-05 1.998536029762672e-05 2.056475858429656e-05 0.00011108716112292029 1.0355384255040306e-05 5.993001155170523e-06 5.8067238202115535e-05 0.0004090124650500649 7.265913873883315e-05 8.838040873786768e-05 0.0004185110766383862 9.183384244746945e-05 6.252596249220333e-05 0.0 3.137652700758673e-05 0.0 0.0 0.0 0.0 0.0 2.9812329861473426e-06 0.0 2.7911963223436545e-06 1.5848247425160074e-05 0.0 0.0 0.0 1.5092669030259417e-05 0.0 0.0 4.4409373178154286e-05 0.0 0.0 7.287169774338339e-06 0.0 0.000259161702372512 7.408208579105392e-05 0.000303343364443857 2.0881117390184486e-05 9.490077464713438e-05 0.0 0.0 1.868202921178204e-05 8.307670006589672e-06 0.0 2.5773253841292948e-05 0.0 0.0 1.375290559533337e-05 0.0 0.0 3.8400823121754985e-06 5.141963852756573e-05 0.0 0.0 0.0 4.091977087178548e-06 0.0 6.206077520029657e-06 0.0 7.72487239737753e-06 5.246016286673425e-05 0.00029541953540425847 0.0 0.0 0.0 0.0 0.0 1.1345982153903732e-05 7.2739712339697836e-06 0.0 0.0 0.0005225970886438837 6.46501869561968e-06 3.453815097008974e-06 9.696727032332893e-06 1.2981254891319787e-05 6.679969204050213e-05 1.3692312207694512e-05 6.611856241831477e-05 0.0 0.0 8.022631397862251e-06 3.7890134653964907e-06 8.182402873762753e-06 0.0 0.0 8.759177293104387e-06 2.2258131937848144e-06 9.800132375697505e-06 5.955102171548379e-06 0.0 7.394775646424952e-06 0.0002856817072947476 0.00018985022252091468 0.0001596772796486709 0.002701116321784207 0.00029161595742681833 0.005957768552160128 0.003032107559448372 0.0008234829034430243 0.0007195096408699089 4.4983013197766406e-05 0.00012489288682577656 0.00017747954857985895 4.6749754368725265e-06 3.579772375222287e-05 1.7644062411696988e-05 1.0157139470951543e-05 0.0 0.0 8.572817945221642e-06 0.000154907861179878 3.556083964425094e-05 0.0002451665063320122 1.5195198645710549e-05
0.01021741800094876 0.05717885595395681 0.007999931539712986 0.0011375214618839825 0.05674487041783936 0.0001341777866636709 0.08157196066681947 0.005737069934842529 0.0 0.12259958342566275 0.011145953582285114 0.024464884696858757 0.03142564838570013 0.012684567931429884 0.0024169189452108476 1.6249231122084056e-05 1.911231828789138e-05 0.0 0.0 3.991796388972918e-05 3.793399225496047e-05 0.0 1.965677290440785e-05 6.798635603569808e-05 4.098553279035321e-05 5.513790804288313e-05 2.8562210414878604e-05 1.4527672361267655e-05 3.7141339492586097e-06 1.2606145062331856e-05 0.01340519444005848 0.0005681275855130368 0.007190901810502499 3.429596313861955e-05 0.00019084037153362774 0.00043978127492689536 0.007662050699481554 0.00015963311284100502 2.2820048830370735e-05 1.3222774368182815e-05 5.964205332971135e-06 6.099020026460486e-06 8.357855712298437e-06 8.433245760837649e-06 3.0575055709992715e-05 1.0264869415872412e-05 0.004644746034813123 6.40254593618307e-05 2.2037212062966867e-05 5.6770824566946756e-06 5.032803500221533e-05 2.0544900688157325e-06 1.9313564034887934e-05 3.135521067039579e-06 7.366565736726198e-05 0.0001437033766802861 0.0004483817482386732 0.003957494031011176 0.001036843228881825 0.0010984067381100678 2.5135593019537216e-05 0.00014814779982047827 3.4059595025375015e-05 0.0036843066393581468 7.29990637749898e-05 1.594588435714716e-05 2.1657026172426527e-05 0.0 9.236498557051828e-06 1.481808531356569e-05 0.0018533654036397638 0.0004236609008563424 0.0 0.00677234716284015 0.003380049456250528 0.004195431586405325 0.0014495117487241512 6.76011752381636e-05 0.00027854288278565697 0.0007496468759316035 1.2858441123215509e-05 0.0004372764837702036 0.00012733623286213393 3.17554107186166e-05 6.5567867484467864e-06 0.00011405083770547893 0.0 2.720770552756179e-06 0.0 0.0 2.3583844319377808e-06 0.0 1.0893299882041971e-05 3.66326798887524e-06 2.803231582349527e-06 0.01929196920100401 0.00040388534616077744 0.0 6.944236986382952e-05 0.001997876095721254 4.924116204629554e-05 0.000296235929971667 0.0009982777977846306 5.934380447563101e-06 0.00036907906072529537 0.0027758375824367453 0.0004635623415999776 0.003546317369170597 0.0003741620949368905 0.0001608678168231928 0.000767498278095323 0.008054825693407324 0.001753900677673444 0.0015250295384397177 0.003472788896170909 2.3892236322741626e-05 4.279352642295446e-05 0.0 1.1375025536522414e-05 0.0 0.0 0.0 3.907257217439016e-06 3.348636058347113e-06 0.0 0.0 0.0 0.0 0.0 0.0 0.0 0.0 0.0 0.0 0.0009035397590957699 0.0001443441553197102 0.0 9.711118310608115e-06 0.0 0.0008978803263899143 3.0683258731364943e-05 0.0004892256472067299 6.458907133117225e-06 6.858095265931502e-05 0.0 0.0 0.0 6.677754406417215e-05 2.708298696833537e-06 5.806886441460981e-06 0.0 0.0 8.845265307185911e-06 0.0 0.0 1.1825328380146098e-05 2.5072660000607118e-05 2.9613647506052533e-06 0.0 0.0 8.319323684105287e-06 2.7492567391025325e-05 9.268388786950843e-06 0.0 8.779538113405118e-06 8.64692961438526e-06 0.0012110269363451436 4.6286290440683e-05 0.0 1.0171683109106566e-05 1.6059926995218468e-05 5.318396866682875e-06 0.0 3.301285494934318e-06 0.0 0.0 0.0015822112813090672 0.0001372899200014533 2.5813857261552335e-05 0.0 0.0 0.0009654486562714548 3.991116017248468e-06 0.00015382996067972224 9.437269276766285e-06 2.3928715881926593e-05 5.671307997741897e-06 0.0 1.2447253996338578e-05 0.0 1.2135859859568535e-05 1.1851352071882008e-05 2.2823595830799095e-06 4.83299038478618e-06 0.0 0.0 2.769770738631968e-06 0.004061111017270227 0.0003389549407084142 0.00029883244197108225 0.0031803658365686842 0.0002174823798488836 0.0083195544111964 0.0033271576744263757 0.0041152391866434825 0.001434557691874475 7.012644699616274e-05 0.0003333829900802778 0.0003655725415951918 3.0393771058080867e-06 0.00014340886581296232 7.021096966366868e-05 0.003284603016496409 2.5324904169393426e-05 0.0 3.5871641313729115e-06 0.00019136080596156524 6.889139401035784e-05 0.016094502799367506 0.0022555406839687886
0.01522398151010208 0.017059604553846877 0.00023089474531113197 0.005479684514958981 0.02997185328534529 0.0006210816737492878 0.05733091684827043 0.002200050080751808 0.12259958342566275 0.0 0.01311991491173464 0.007428744905892504 0.17829265737672936 0.03656339111169339 3.889328653872457e-05 2.7991802921781635e-06 0.0 0.0 0.0 0.0 0.0 0.0 0.0 0.0 1.621353209027308e-05 0.0 0.0 0.0 0.0 0.0 0.0006985201764870446 1.6486202627272553e-05 0.0008366539488033101 0.0 0.0 0.0 0.0008552261639977052 2.5806423035816775e-05 0.0 2.377656181476694e-05 0.0 0.0 0.0 0.0 0.0 0.0 0.00016164180754866376 2.492789255891328e-06 0.0 0.0 0.0 0.0 2.414767341617929e-05 4.8454386356570205e-06 1.0244628961827555e-05 5.084265380867168e-06 3.565535661265589e-05 0.0004987868476874408 6.186750503456241e-05 2.096748125173085e-05 0.0 0.0 0.0 6.581568287733705e-05 0.0 4.758294831985883e-06 0.0 0.0 0.0 0.0 0.000253403663757047 0.000339064858705079 0.0 0.00025284924663817243 0.00012017190787410844 0.00010763188309794892 2.4738051953597683e-05 6.608561600865998e-06 9.749275974384698e-06 1.7341954229188845e-05 0.0 0.0 2.502634708405817e-06 5.3555650691145776e-06 0.0 6.852147592718448e-06 0.0 0.0 0.0 0.0 0.0 0.0 0.0 0.0 0.0 0.0020771277411142336 0.00021632257528130712 3.40459384299517e-05 0.0 0.00429031653084144 0.0 5.613673044900974e-05 0.0002981867002232051 0.00015750567965063132 0.0004076297095977369 0.0011680982618317284 0.0004310306313477243 0.0013423822681355613 0.00016750148464010368 0.000297555819708725 0.0007819249893090442 0.004252617619151446 0.0006832755828073191 0.0008304075435154027 0.0014125599841337357 1.6937757709140088e-05 1.2501252600703832e-05 0.0 7.5298724300374675e-06 0.0 0.0 0.0 1.1135940111157825e-05 0.0 0.0 0.0 0.0 0.0 0.0 0.0 0.0 0.0 0.0 0.0 0.00042260814968559074 8.1390560587765e-05 0.0 0.0 0.0 0.0001294014199210766 5.2954800679632494e-06 6.330432171292193e-05 0.0 6.896040893916336e-06 0.0 0.0 0.0 6.827255968053586e-06 0.0 0.0 0.0 0.0 8.467421193850612e-06 0.0 0.0 1.6577342122439327e-05 1.182725580090466e-05 0.0 0.0 0.0 0.0 0.0 2.4203212006320667e-05 0.0 2.7503734336274473e-06 0.0 0.00025395699172712653 1.0556301677225457e-05 0.0 1.9592684603521048e-06 0.0 0.0 0.0 0.0 0.0 0.0 0.0006740251375663149 0.00014454007627423662 1.4836008375789598e-05 0.0 0.0 0.0002688106898457852 5.056721016579338e-06 3.169140201162349e-05 1.9218491860058016e-06 7.676072561817432e-06 3.3256256197525755e-06 0.0 9.784714180127438e-06 0.0 0.0 0.0 3.224648670477297e-06 3.5894618198035147e-06 0.0 0.0 0.0 0.0026342249602078313 0.00015828086252875974 3.5730092937818376e-05 0.0010700664038672928 1.5461908419422787e-05 0.00040117674449993186 0.00012722806124913641 0.004697517359472688 3.716569951587778e-05 0.0 0.0 0.00012015575187435728 0.0 4.603187519238029e-05 1.162773868501556e-05 0.001081078987099072 0.0 0.0 2.0082603942139187e-05 0.0 0.0 0.011626833432059355 0.0032354307995391797
0.005267427600838673 0.047844790191899925 0.01932522029959526 0.003550521317698863 0.006421669092506151 0.0 0.022720405821690826 0.001988229702072516 0.011145953582285114 0.01311991491173464 0.0 0.004397483986691134 0.010522737475179554 0.015883254003751908 0.003107190425889439 8.539479047932845e-05 5.684228525223507e-05 3.155224028202452e-05 1.6519929564301315e-05 8.470711055280807e-05 0.00021823290403153597 5.210097279189639e-06 0.0003894213457931196 0.0003194370901666752 0.0004604712136369683 0.00023544008648551147 0.00027093074889600967 4.077497338729843e-05 4.10223012675689e-05 0.00013308975959629285 0.04805782315019013 0.0018104785955144211 0.010912240612672243 0.00014534759495200215 0.0013117672592171906 0.007199204942096485 0.0048159816931160485 0.0024557728183360566 4.054899305751056e-05 0.0002887263643239192 3.942957458765046e-05 1.7163204681807115e-05 3.604196307728588e-05 3.630071755837531e-05 0.00011057431620684425 6.0104868411453735e-05 0.006220399774402253 0.000102684966929852 8.057427741279095e-05 1.9023806756797344e-05 2.4486378988048327e-05 2.7606221423615737e-05 3.700035841825086e-05 1.9042617251919094e-05 6.637255414126657e-05 0.00012162106063057198 0.00047662526372786794 0.004675479086938137 0.0011349045272229324 0.0011599293977232134 0.00010923434091170123 0.00814932048554888 0.00022825489053495006 0.007494691008436782 5.883896518361055e-05 3.6141478854346426e-05 2.3375897663916085e-05 0.0 2.3465022731273857e-05 0.000163011930006451 0.0007858604157418529 0.0011617965951667261 0.0 0.006919736027276212 0.004574307724700483 0.005239806344947892 0.002451562526876763 0.000312312128845982 0.006208508592999743 0.0013440613688213458 6.428851074268006e-05 0.002180809409311962 0.00010655004543121933 2.9153816024824465e-05 1.2200285654171156e-05 0.00012702826321362256 2.0304138913948776e-06 8.415073382446792e-06 3.572967546004275e-06 7.858147105090755e-06 0.0 5.786402523741359e-06 5.869103212889554e-05 2.019260172778053e-05 1.496600802887785e-05 0.007357288515553129 0.000703615554970233 4.891335830177983e-06 0.00012638457022817498 0.003965184512798912 1.1391962063647531e-05 3.891322832058508e-06 0.00010681810030271804 0.0 0.00017328294609977895 0.0004843918210860599 3.732919356697209e-05 0.0009926850901224725 0.00015877223328543898 7.494101119948044e-05 0.00026765253119409317 0.0021306833668347457 0.0005345928337930431 0.0005896156660379016 0.0024480870610701765 0.00010835508257985337 0.00011842297095978217 5.1667822042193185e-06 5.0303144938215044e-05 0.0 0.0 5.082944083215576e-06 3.7124757431404116e-06 0.0 0.0 3.971956128343458e-06 0.0 1.5180951143659929e-05 0.0 0.0 0.0 0.0 0.0 1.1259002024930616e-05 0.00032647160161086377 3.0095078194926986e-05 0.0 4.0025025480042884e-05 0.0 0.001272061772787287 8.092307307134769e-05 0.0009642594191305295 1.5249670911776389e-05 0.0002795577679418259 0.0 0.0 2.6697342848503142e-06 0.00012399890420884834 1.2663989729475963e-05 7.46994439272646e-05 0.0 9.677352161881737e-06 5.7720219750351355e-05 0.0 0.0 8.025078519926564e-06 3.499907940343578e-05 0.0 0.0 0.0 1.8162011481287905e-05 7.11673037568872e-06 6.882004861916552e-06 0.0 2.6448127734587107e-05 0.0001198939462940104 0.001783787516198134 2.124886107742924e-05 0.0 1.842065476502587e-06 0.0 0.0 2.4977076903209725e-06 0.0 0.0 2.068591063478733e-06 0.0026015877946792844 3.592819609159634e-05 1.5185439419914205e-05 3.0605350355439886e-06 5.5405246959504904e-06 0.0004960404424385959 4.597204184839278e-05 0.0003079918161910783 2.671140560688389e-05 2.4530686255526547e-05 3.731352507981971e-05 1.3701565583083268e-05 2.5642958832432583e-05 0.0 2.3839122810277345e-05 6.444337158747382e-06 0.0 3.6501829868550113e-06 3.6963255958814664e-06 0.0 0.0 0.0018741398324384696 0.0007799136418617626 0.0006106711607736419 0.003996728446248614 0.00032473488079855174 0.010434135429831596 0.004614387601883168 0.0023816304747002488 0.001459868376438697 0.00011737114175163205 0.00036123708327577087 0.00046056539837890036 5.0599925597090035e-06 0.0002729102006510662 6.320919393941628e-05 0.0007614359621686642 8.576847581171932e-06 2.6153238601185303e-06 1.6335599470541097e-05 0.00016431396730135734 5.282023530231009e-05 0.0009932534939173297 0.0002904839252756415
0.004023950325926992 0.00014281714003184365 0.00017455108654030018 0.0023789243841487156 0.0007625031752377634 0.0005973635929626481 0.003818801567500993 0.003418243731852619 0.024464884696858757 0.007428744905892504 0.004397483986691134 0.0 0.02925641030602238 0.009118338492916336 3.628589065959869e-05 0.0 3.692193736401066e-06 0.0 0.0 0.0 0.0 0.0 0.0 0.0 2.239051570116822e-05 0.0 0.0 0.0 1.1550084502334254e-05 3.6885035449973212e-06 3.15787864062292e-05 0.0 0.0011049102162629775 0.0 3.9502667923174425e-06 8.741355830144757e-05 0.0016094738231277085 0.0008603707917878531 0.0001777108669677659 0.0002688086623474101 0.0 0.0 0.0 0.0 0.0 0.0 9.685250119589479e-05 0.0 0.0 0.0 0.0 0.0 0.00023155605800462538 0.0 3.060472804043789e-06 0.0 2.3703326848932165e-06 3.102493385776707e-05 6.077223199661398e-06 1.0395295130391506e-05 1.2166008582877298e-05 2.2285649575755013e-05 7.145638565737999e-06 2.1462173687889448e-05 0.0 0.0 0.0 0.0 0.0 0.0 5.272546570132599e-05 0.0016512153502300736 0.0 6.965946923181446e-05 3.086012592217791e-05 5.948884952053734e-05 2.2519418402138513e-05 1.3219461077275584e-05 3.214081761743241e-05 0.003678518611207162 0.0 9.723882596056774e-06 0.0 0.0 0.0 2.192808844457442e-06 0.0 3.7704033205904295e-06 0.0 0.0 0.0 0.0 0.0 0.0 0.0 0.004136456995762975 0.0003212478225705345 0.0 4.487611099032311e-05 0.00018709867000519566 2.8997325456041113e-06 0.0 0.00017949592000151264 3.0737417694015983e-06 7.001041529108188e-05 0.0005654537656033944 6.8007028208582905e-06 0.000754975107716315 0.00010216173227948857 2.2356357630548725e-05 0.00013125265040033602 0.0020697301898258496 0.0004546740626211688 0.0004561599487398949 0.0013287076378674127 2.069626642462008e-05 1.9596440733003373e-05 6.391106206273318e-06 3.195739309929578e-05 0.0 0.0 0.0 0.0 0.0 0.0 0.0 0.0 0.0 3.850897717727595e-06 4.108885717424263e-06 3.825835395374095e-06 0.0 5.0052639544855986e-06 0.0 0.0003755648534271639 3.209824541880303e-05 0.0 0.0 0.0 0.00040504373286458147 6.059378170666582e-06 0.00013779713189380428 1.5531929781800496e-05 2.5980446500678575e-05 0.0 0.0 0.0 5.268118613564408e-05 6.237841726263692e-06 0.0 0.0 0.0 4.7350703872605635e-06 0.0 0.0 0.0 3.424617793845909e-06 0.0 0.0 0.0 0.0 4.9924259276354445e-06 1.7177537435160518e-05 0.0 2.289215953245737e-05 6.297749396901907e-06 0.0005968389277681125 9.055447614661113e-06 0.0 0.0 0.0 0.0 0.0 0.0 0.0 0.0 0.0010959251881752455 6.970547372202542e-05 7.4578323480231604e-06 0.0 0.0 0.00022150606459495802 4.154799689089479e-06 0.00011370239992681911 2.8362680813672836e-05 2.454836819507256e-05 1.5153287778697731e-05 3.6128472080638355e-06 2.939267300791088e-06 0.0 0.0 0.0 0.0 3.422334931728834e-06 0.0 0.0 0.0 0.00154087285104347 0.00029027883171011857 0.00013192862027033275 0.0004684053315529057 5.01721903534858e-06 0.00022006086578221255 0.00015129226056932567 0.002615922905611621 8.091779568406422e-05 0.0 0.0 0.00011292837818313958 5.378476600591239e-06 4.165006474471278e-05 4.315613923030338e-05 0.0005491217527351456 1.7089367689609898e-05 0.0 5.686045938637358e-06 0.0 2.3696342874928467e-05 0.0071999989040613605 0.000762525211821659
