0.0 0.06617319435198109 0.009083015291441367 0.04408736061112879 0.004469886588872938 0.004395713843356621 0.017609818360349472 0.001514568020668034 0.0012833841774849363 0.018228187695592077 0.008991675906615032 0.0003307934662897722 0.0021015890883157675 0.002677988078169926 4.098631145282408e-05 1.1744546836035097e-05 0.0 0.0 0.0 0.0 0.0 0.0 8.12018003319641e-06 0.0 0.0 0.0 0.0 0.0 3.1363522224904404e-06 0.0 0.010169720856543565 4.3419257652606335e-05 0.0004153073700744744 0.0 0.0 0.0 0.00018847111101348435 0.0 0.0 0.0 1.4022376879839125e-05 0.0 0.0 9.633403950683556e-06 0.0 0.0 0.00021633976655666912 5.56893167758737e-05 6.537150573420789e-06 1.7782135558335153e-05 1.8257491433210852e-05 2.2959582233516647e-05 0.0 0.0 0.00013989502288247599 0.0001998196124230666 0.005027074529357993 0.009649055797626342 0.0005441485860669406 0.00045413073844967073 7.151827179097862e-06 9.403373751908705e-05 0.0 0.00024400661597804964 5.165464628845251e-05 8.580987278188284e-05 2.764185922026304e-05 1.0337830256782693e-05 0.0 2.3424575085495837e-05 0.0002379974481260594 1.1686278136953174e-05 0.0 0.0033682059188454264 0.0006770931592832058 0.0003067150112655425 6.473817673007368e-06 4.507763400703622e-06 5.231907658669834e-05 0.0009459951288571047 3.2953222630093453e-06 0.00023456155184669477 0.00031787050184561464 2.6835670657785935e-05 9.795311903968657e-05 0.00012299233798722788 1.2722967505042849e-05 3.76313859420789e-05 1.6491113362476522e-05 0.0 0.0 2.6914367497889277e-06 2.0556389295270663e-05 0.0 7.5993202382268695e-06 0.000886055458898746 1.3825728088317315e-05 0.0 0.0 0.01453529372995622 1.2152006312116326e-05 0.0 2.8925994548179158e-05 5.407800416157287e-06 5.631174699596514e-06 0.00015886979924886746 3.999272137216677e-05 1.3983363040825437e-05 0.0002683065956512645 0.0004731342681099826 2.332630786156195e-05 0.00024092050232994393 0.00019459062318840183 0.0004243562704804388 0.00013498240240253414 0.0 3.243037009131681e-06 3.043524592261671e-06 0.0 0.0 0.0 0.0 0.0 0.0 0.0 0.0 0.0 0.0 0.0 0.0 0.0 0.0 0.0 0.0 2.411354737930966e-05 0.0 0.0 0.0 0.0 3.9852381436688154e-05 0.0 2.801816670268789e-05 2.3752774812698914e-05 0.0 0.0 0.0 0.0 0.0 0.0 0.0 0.0 0.0 5.5443066030846024e-06 0.0 0.0 0.0 0.0 0.0 0.0 0.0 0.0 3.2992850976354763e-06 6.091438111067807e-06 0.0 0.0 1.477656424971744e-05 2.453816793213383e-06 0.0 0.0 0.0 0.0 0.0 0.0 0.0 0.0 0.0 0.0001897893027717407 0.0 0.0 0.0 0.0 4.05165699232757e-06 0.0 7.232225330519012e-06 1.4453883581463326e-05 0.0 8.21434365036406e-06 3.755919356590528e-06 0.0 0.0 0.0 3.249641254080247e-06 0.0 0.0 0.0 0.0 0.0 9.03661655350861e-05 5.986812660827146e-05 4.248158251769978e-05 0.006073176856901367 0.00010213058155865143 0.0025253178514302184 5.934136804712448e-05 0.014417428649690619 0.0001531126778909223 6.19025583856876e-05 5.5031274260690485e-06 0.000390804038662484 0.0 1.642651746808576e-05 8.02753704279892e-06 0.0008070003650253224 0.0 0.0 0.0 0.0 0.0 0.0030260678433249506 9.22484476192466e-05
0.06617319435198109 0.0 0.012835713135496493 0.05932585579868127 0.04434629414517127 0.0028128678643343902 0.06621334170372847 0.0035172935291382245 0.0459712412469001 0.04923957323242833 0.053331916965543576 0.00044841513929970325 0.02488439308672854 0.028158342413172117 0.00027367083796708846 5.848889871089148e-06 7.128279218220385e-06 0.0 0.0 5.247212844419288e-06 0.0 0.0 0.0 0.0 0.0 0.0 0.0 0.0 2.6531796284479276e-06 2.424057239180435e-06 0.017891693045902667 6.121351543612531e-05 0.0006315672037649058 0.0 0.0 0.0 0.0001496669879697183 0.0 1.9087855048806412e-05 0.0 2.4739274328306794e-06 3.0258865442700544e-06 0.0 2.5572508760675333e-06 0.0 0.0 0.0016099477766242144 8.5907750949736e-05 2.575650675729184e-06 7.889578367851259e-06 3.285235930181326e-06 0.0 5.153771246299754e-06 1.1189522919139245e-05 0.0002813553131246586 0.0003428734492241972 0.004237085500689451 0.012082272221487275 0.0006269790236948622 0.0017253638326418616 2.3468341018005483e-05 3.8112731195084295e-05 0.0 0.001581451358599248 0.00016189461840591428 0.00025139828885969317 8.472210937563442e-05 3.602484322005036e-05 3.5887252026909063e-06 3.374839159259143e-05 0.00022228574371867106 8.703737186414256e-06 0.0 0.007741121967968852 0.0023930423252271236 0.002324187171613642 9.261152216093007e-05 1.5871322754851336e-05 1.8944294613524796e-05 0.0007438780034606055 1.795231451309055e-05 7.149538795817979e-05 0.0006682873013478882 3.919348889509571e-05 0.0002645596580246556 0.0003203939224616512 6.005559698434399e-05 5.992092137459495e-05 6.135269449585848e-05 0.0 1.439462102747653e-05 0.0 9.280120893412042e-06 2.9966692236656704e-06 2.36813761900356e-06 0.0003290167782328991 3.093565114807877e-05 0.0 0.0 0.014831392407938303 2.5313251065430032e-05 2.672822142269036e-05 3.359327921211124e-05 1.2225947103440081e-05 3.1061133599957716e-06 0.0002242452735708413 4.500050238053668e-06 7.274651141020528e-06 0.001108336145247939 0.0004725798124954302 2.774250860365597e-05 0.00048515489140618634 0.0004426585215212785 0.0008156517962825127 0.00035466403052768935 3.859938282065073e-06 2.5670724565922035e-05 2.7192062567990727e-06 0.0 0.0 0.0 0.0 0.0 0.0 0.0 0.0 0.0 0.0 0.0 0.0 0.0 0.0 0.0 0.0 4.2609289816620685e-05 0.0 0.0 0.0 0.0 0.00014158885170258192 0.0 6.218922475820463e-05 1.4017889071203907e-05 1.342326611310273e-05 0.0 0.0 0.0 0.0 4.796587560226472e-06 0.0 0.0 0.0 0.0 0.0 0.0 0.0 0.0 0.0 2.5721128543076717e-06 0.0 0.0 1.0121081972352e-05 1.884523219779564e-05 0.0 5.2551178383253034e-06 0.0 0.00011710459770225322 4.586303503703839e-05 0.0 0.0 0.0 0.0 0.0 0.0 0.0 2.39380093748067e-06 0.0005632529170294939 1.9803683718468682e-05 0.0 0.0 0.0 5.2037374634493997e-05 0.0 1.796701899912796e-05 1.3224276512814372e-05 2.3903862692085485e-06 1.0724151079074042e-05 0.0 2.7053755288726745e-06 0.0 0.0 0.0 0.0 0.0 0.0 0.0 0.0 0.00024439682933878994 0.00020914828316453892 0.00011314401345272198 0.005843261342294514 0.00022841026508052043 0.009605643093519137 0.00019973247051305613 0.009330542405957131 0.0005352799883439685 1.8954618443156243e-05 0.00014536175001308275 0.00023740446319473794 2.5866524769319553e-06 8.71362713941004e-05 1.3928448602047468e-05 0.0004799475158189182 0.0 0.0 0.0 7.206751829699025e-05 0.0 0.0031187952777694456 0.0005256214721177316
0.009083015291441367 0.012835713135496493 0.0 0.005176602954932652 0.0014848483930659047 9.995695454079637e-05 0.0013874860463359198 0.07535518506035094 0.019675164768019473 0.000737341618773924 0.08821876619607205 0.0 0.0013870439959268513 0.015266613598581568 0.00023350390127322172 7.223448142636873e-05 0.0 0.0 0.0 5.8234951523276455e-06 7.86839746444078e-06 6.1683870753778825e-06 4.162083836854134e-06 0.0 1.6317320177411303e-05 0.0 5.875465242014238e-06 0.0 0.0 0.0 0.06035684146457479 0.0005993803775663286 0.0015004962802304205 0.0 0.0 1.152870053605769e-05 0.00045991353193558846 3.226234245128496e-05 1.13513993739838e-05 4.121737786399579e-06 5.072343085085638e-05 4.43624899610132e-06 0.0 1.590592771111679e-05 0.0 5.621926167755598e-06 0.00046596288097462024 1.5529217688689753e-05 3.4643394430912073e-06 1.1634347779888503e-05 0.0 6.90307705438719e-06 0.0 2.9215828024170152e-05 7.826404020375717e-05 3.9535051907614336e-05 0.0012933923003323104 0.011275746525555758 0.00011725326944269867 0.0003321219599438144 1.7400538423411876e-05 0.00019623578547958037 0.0 0.0031239231354356855 3.264585915726819e-05 4.666591913982817e-05 1.2321256314575505e-05 1.5327508471334455e-05 3.6960093945877293e-06 2.0063405440398042e-05 0.0005615755231320135 1.7423983367129353e-05 0.0 0.0016116520254592583 0.0007811397934972231 0.0005507307713199881 6.6337217177984e-05 5.836419347224583e-05 0.00031962450599129776 0.01302627454541017 3.0411042463370355e-05 0.0006997478425451699 0.00011455726182331827 5.346540084366046e-06 4.831722075034311e-05 5.609057940122025e-05 5.915422236388087e-06 1.1297135040006125e-05 1.4536193932734014e-05 0.0 0.0 3.409314975514073e-06 4.1576490110409976e-05 3.79449459060676e-05 1.2385369484577775e-05 0.000183885941992997 1.5973207984593057e-05 0.0 1.489783486388719e-05 0.004802594244519914 2.332452510735849e-06 2.322557290021411e-06 1.0191121056160275e-05 0.0 0.0 4.9554649392370614e-05 0.0 8.647912852615742e-06 0.00012451645151969118 0.0001999214945964528 0.0 0.00022388952763036758 0.0001714913827664759 0.00039935097438252245 0.00017948453868610572 3.0344687906049158e-06 1.2676568072778029e-05 0.0 0.0 0.0 0.0 0.0 0.0 0.0 0.0 0.0 0.0 2.9056588664793165e-06 0.0 0.0 0.0 0.0 0.0 0.0 5.587714888061277e-05 7.755755301510114e-06 0.0 4.679966381963917e-06 0.0 5.8526841387183885e-05 2.9665894714443036e-06 5.4808783623571354e-05 6.8682991443557295e-06 1.3992143051341805e-05 0.0 0.0 0.0 0.0 0.0 2.9068645088440227e-06 0.0 1.371339803322219e-05 0.0 0.0 0.0 0.0 5.832109400502786e-06 2.9442527262857357e-06 0.0 4.214749876674006e-06 0.0 0.0 1.7546225003430294e-05 0.0 5.910580250082354e-06 8.51226208566625e-06 0.00010240410002902509 0.0 0.0 3.6303552820402927e-06 0.0 0.0 0.0 0.0 0.0 0.0 0.0002390940938408417 0.0 0.0 0.0 0.0 1.2658658728286509e-05 4.8499436172541786e-06 4.581833997244692e-06 9.81871797803519e-06 0.0 1.1541602671259108e-05 0.0 3.9299921082941485e-06 0.0 0.0 0.0 0.0 0.0 0.0 0.0 0.0 0.00011885543959867409 8.081771388535252e-05 9.71036102332507e-05 0.002706322981109145 0.00014036527734039697 0.0021415072081844588 0.00023767303863928766 0.0009566105587178245 0.00010943113693087926 1.5669807526179536e-05 6.0326280774854204e-05 9.310910295430898e-05 0.0 5.7753550177157746e-05 4.768121024369332e-06 9.769731250919416e-05 1.8936919987196456e-05 0.0 0.0 1.6822329353018795e-05 0.0 0.0005723380280570917 0.00016356791409019691
0.04408736061112879 0.05932585579868127 0.005176602954932652 0.0 0.006158846323047306 0.02617357023302612 0.032182260614503064 1.5074470459597503e-05 0.0038222047173033366 0.06937437081619575 0.0013056820479585604 0.0028589315120762897 0.015200294150335508 0.0033960447652137474 4.129170051997545e-05 0.0 2.848388516942758e-06 0.0 0.0 0.0 0.0 0.0 0.0 0.0 0.0 0.0 0.0 0.0 0.0 0.0 0.0019739293385561745 4.1636657705205605e-05 4.437976951647942e-05 0.0 0.0 0.0 4.937415721533531e-05 0.0 0.0 0.0 0.0 0.0 0.0 2.3729033762066038e-06 0.0 0.0 0.00025049714436482296 1.8256673588427517e-05 2.6755253628874745e-06 3.10192255720405e-06 0.0 0.0 0.0 0.0 5.43191313760146e-05 7.18895398824875e-05 0.0016098156056079313 0.0028146293858561833 0.00021459425530386792 0.00033885068216286084 3.0232070193962758e-06 6.851125842190651e-06 0.0 0.0002620747198013411 6.870815208144215e-05 6.22775890306424e-05 3.704714308650808e-05 1.3294192263687632e-05 0.0 1.6238518342506144e-05 5.8605782376158575e-05 0.0 0.0 0.0019177248851009584 0.00039871247708118295 0.0004925087172574871 0.0 0.0 9.349406675474395e-06 3.1288299921684494e-06 6.126362905950443e-06 0.0 0.0001586428555017377 8.216980925617244e-06 5.205877164021916e-05 0.00012149946490294574 3.651243494462143e-06 1.2193024401216763e-05 1.592875509123111e-05 0.0 0.0 0.0 0.0 0.0 0.0 0.0007916304138436382 0.0 0.0 0.0 0.009336080465189724 1.508036239392141e-05 0.00011987579202730083 4.820854411882287e-05 6.969654006519778e-05 0.0 0.00032885058926039834 0.0002558681092245332 1.7010164693899003e-05 0.003186785964952301 0.00036993393586630554 1.64793174481922e-05 0.000910950450945714 0.0007624189760045119 0.0006021256308041171 7.065816713926894e-05 1.0145703792735059e-05 0.0 0.0 0.0 0.0 0.0 0.0 0.0 0.0 0.0 0.0 0.0 0.0 0.0 0.0 0.0 0.0 0.0 0.0 4.251475044750816e-06 1.3514893494535381e-05 0.0 0.0 0.0 3.6270535910514957e-05 0.0 2.085734826497069e-05 0.0 0.0 0.0 0.0 0.0 0.0 0.0 0.0 0.0 0.0 0.0 0.0 0.0 0.0 0.0 0.0 0.0 3.738010191884627e-06 0.0 0.0 0.0 0.0 0.0 0.0 1.2272754649061281e-05 4.807280130163617e-06 0.0 2.830367885152739e-06 0.0 0.0 0.0 0.0 0.0 0.0 0.00012860796554558816 0.0 0.0 0.0 0.0 1.2193982658568966e-05 0.0 4.962729105280748e-05 8.181724246480922e-06 0.0 2.906685082795712e-06 0.0 0.0 0.0 0.0 0.0 0.0 0.0 0.0 0.0 0.0 7.843274761321656e-05 8.470786621949678e-06 4.029798584788378e-05 0.003969116138992772 8.3126144879889e-05 0.0023779581271070093 5.5182459583882847e-05 0.017966007332502188 0.0001271822891344692 1.6518374795325817e-05 4.53421756016401e-05 0.00016863454019034504 0.0 1.7759227814048893e-05 8.495515594561982e-06 0.0004223184170231114 0.0 0.0 0.0 0.0 0.0 0.0027474771727777924 0.00010210724772244683
0.004469886588872938 0.04434629414517127 0.0014848483930659047 0.006158846323047306 0.0 0.0003790275009530918 0.00816112964105543 0.00013990817815582975 0.03529501750889777 0.014425461985898362 0.009933321265696255 0.0004456501716698032 0.008410402322557535 0.013452156188281978 0.00038605772779119356 6.183450233726297e-06 6.205096961677031e-06 0.0 0.0 3.02624431765296e-06 6.652192335015593e-06 0.0 0.0 0.0 7.013795870759903e-06 3.203775065963014e-06 0.0 3.5492313360730197e-06 0.0 0.0 0.006261513207985645 6.209212290465665e-05 0.0008429153058354984 0.0 0.0 0.0 0.0004436695855056569 0.0 0.0 0.0 0.0 0.0 0.0 2.1668073897342752e-06 0.0 2.020916932823287e-06 0.0018842398620018033 6.451787839879934e-05 7.812920296673616e-06 1.7986905086506437e-05 0.0 0.0 0.0 0.0 0.00016102632919366016 0.00015310925567165416 0.0012563576710440654 0.004586072297599242 0.00019818724259786156 0.0010460200236643866 0.0 0.00010425607816829664 0.0 0.0017262116987470915 3.6410562120087455e-05 0.00012639437308343513 5.830022664773787e-05 1.5163019012295351e-05 0.0 2.7480755124440055e-06 0.0004007169468659586 1.558332381132222e-05 0.0 0.0037512758287983616 0.0019153617412073236 0.0020980113030680263 0.00015511150654231326 1.2401633610864786e-05 9.662564459032161e-06 0.00027940158171828994 1.4602838304473934e-05 7.285531730758599e-05 0.0003350997860164805 1.5845211051039067e-05 0.00018808738000304263 0.00018768049691965768 3.139443060904628e-05 2.0216315447038757e-05 2.2834816766688458e-05 0.0 5.135868194304921e-06 0.0 0.0 0.0 2.51079606983189e-06 0.00022253546252829986 0.0 0.0 2.014513544368882e-05 0.0011723149103976015 2.9608601891704024e-05 2.4376542458014175e-05 0.00014696429178593382 4.554419566833161e-06 0.0 0.00041994162002974224 1.6277799702521723e-05 4.340280654927499e-05 0.0007498930360992912 0.001237075106191644 1.2953782396132788e-05 0.0014111340945869456 0.0009393606472034707 0.001984954279606466 0.0008202245018447104 9.572571328881224e-06 3.288515417646107e-05 0.0 0.0 0.0 0.0 0.0 0.0 0.0 0.0 0.0 0.0 5.650802614825314e-06 0.0 0.0 0.0 0.0 0.0 0.0 0.00014777373590640973 3.202940357288565e-05 0.0 0.0 7.727074461194467e-06 0.00045144785967515805 4.9003421648831544e-05 8.474485729050489e-05 3.4045358422609345e-05 4.3871194832465015e-05 0.0 0.0 0.0 0.0 6.957381300772406e-06 0.0 0.0 5.765441476846705e-06 2.3427903816241814e-05 0.0 0.0 0.0 3.109375030705656e-06 7.107672010721892e-06 1.634236251635849e-05 0.0 0.0 2.615908541337352e-05 2.8672697465364444e-05 0.0 1.1350949190792444e-05 0.0 0.00032043839944628636 0.00010734001353383593 1.1981640020745358e-05 5.9399374438987495e-06 0.0 0.0 0.0 0.0 0.0 0.0 0.001297144609773446 9.84319579013698e-06 0.0 0.0 0.0 0.00015502518067922992 7.69470082425326e-06 6.588215298684448e-05 3.0530939335621114e-05 3.730909127354996e-05 2.233958001821725e-05 2.8962679444277185e-06 3.567537143812771e-05 0.0 0.0 0.0 0.0 0.0 0.0 0.0 0.0 0.0005438549842843637 0.0004003724220651435 0.00035682548587931526 0.01185003888424469 0.0003679668979868771 0.009716740285088689 0.0005120436754104136 0.0028884581193202707 0.0007833945705299602 3.930722037909523e-06 0.00037039962287056176 0.00038346011306589504 0.0 8.771249095682755e-05 4.136551420286618e-05 0.0005175324744619614 1.3127731635115778e-05 0.0 0.0 8.413113642518136e-05 1.6954003621635073e-05 0.0018662928813684735 0.000999675981551093
0.004395713843356621 0.0028128678643343902 9.995695454079637e-05 0.02617357023302612 0.0003790275009530918 0.0 0.003719112878130063 8.305437607863503e-06 0.00025914982675013983 0.024966776097818034 6.192037693844127e-05 0.0007274541299198408 0.0013745221215138456 0.0003890722772340804 2.537100683613936e-06 5.56085604914984e-06 0.0 0.0 0.0 0.0 0.0 0.0 0.0 0.0 0.0 0.0 0.0 0.0 0.0 0.0 0.00043493235012325115 3.7972230171690574e-05 0.00013253247347334352 0.0 0.0 0.0 0.00033253880998237583 0.0 2.3327636477290427e-05 0.0 0.0 0.0 0.0 0.0 0.0 0.0 1.3493214405173128e-05 4.462518911258793e-06 0.0 0.0 0.0 4.019750474383076e-05 0.0 0.0 0.0 9.525031696217214e-06 0.004389663698586438 0.0004829381395713409 0.0004376695861809068 1.6383864048989894e-05 0.0 3.0298565703209685e-06 0.0 4.491902677389756e-05 0.0 0.0 1.2155637082703147e-05 4.978945552421456e-06 0.0 0.0 0.0015363754271620293 0.0006512009111470124 0.00015641825980009693 0.00011701016674386927 1.2219099788333883e-05 2.8851941750414423e-05 0.0 1.3381486452117878e-05 0.0 1.9644726262943147e-05 0.0 0.0 3.993214080980304e-06 6.133005085664733e-06 3.2763110124556017e-06 5.466946846612418e-05 0.0 0.0001055881524327378 3.748630757681142e-05 0.00017308408774893886 4.064891011782679e-05 0.00012349532978839838 0.0 0.0 6.504986890126089e-05 0.0021459456708808936 0.001533734529408395 9.401685457069755e-06 8.967638096984316e-05 0.006744910059778133 0.0 0.0 1.5976121230772255e-05 2.4234609621946357e-05 0.0 3.2386482264157114e-05 2.4627080191140044e-05 1.7759006318165606e-05 0.00012612805808347998 0.00016455693761611764 0.0 0.00010947148028454953 0.00015455407907146964 0.0001043061968256731 3.14269376469172e-05 0.0 1.647694931201148e-05 0.0 0.0 0.0 0.0 0.0 0.0 0.0 0.0 0.0 0.0 0.0 0.0 0.0 0.0 0.0 0.0 0.0 0.0 0.0 0.0 0.0 0.0 1.4386497953614e-05 2.4496256308504247e-06 4.215028544384309e-06 0.0 0.0 0.0 0.0 0.0 0.0 0.0 0.0 0.0 0.0 0.0 0.0 0.0 0.0 0.0 0.0 0.0 0.0 0.0 0.0 0.0 0.0 2.7336947304145948e-05 0.0 8.583052134007385e-06 0.0 0.0 0.0 0.0 0.0 0.0 0.0 0.0 0.0 3.804309303320763e-05 0.0 0.0 0.0 0.0 4.927034756032193e-05 0.0 0.0 0.0 0.0 0.0 0.0 0.0 0.0 0.0 0.0 3.1390968297584998e-06 0.0 0.0 0.0 0.0 4.04540491145058e-05 9.57084484757668e-06 6.183236468624653e-06 0.001541787065821378 1.2364947276481799e-05 0.00020102053307804573 2.1301562933327197e-06 0.010637732127851102 0.00011278670679328492 8.928978291812647e-05 3.378502956464277e-06 0.0001356166792364546 0.0 3.000873330593239e-06 0.0 0.0005905590623825846 0.0 0.0 0.0 0.0 0.0 0.0009024722203001868 5.873520213310569e-05
0.017609818360349472 0.06621334170372847 0.0013874860463359198 0.032182260614503064 0.00816112964105543 0.003719112878130063 0.0 0.00012502556609992113 0.013725252841320196 0.05650451566431379 0.0006231797770826738 0.0026599464087656336 0.08457220642263474 0.01797768753802027 0.00041496855778193483 2.6445139436070334e-05 2.116027121277869e-06 0.0 0.0 0.0 0.0 0.0 0.0 0.0 0.0 0.0 2.3590336348007642e-06 0.0 0.0 0.0 0.0038299164091271354 9.382938401483939e-05 0.001152654911166492 0.0 0.0 0.0 0.000384316221622639 5.583039077603694e-06 1.5720982064499616e-05 0.0 2.949166806624908e-06 0.0 7.625990535959084e-06 4.381552817065486e-06 0.0 4.4486586984907905e-06 0.0022347597579495376 0.00011904772427406694 1.0377683514854063e-05 1.044988038566818e-05 0.0 0.0 0.0 2.928233108441312e-06 0.0002929496541095564 0.0003515838879195802 0.0030725559645550385 0.007459757201536531 0.0005331360935527321 0.001650438050922989 9.944346955194079e-06 3.484453246935405e-05 2.717106720333962e-06 0.0014855513663446266 0.00013532263266425505 0.00025032240928289705 7.848939176944023e-05 4.305725193643108e-05 2.8415449773345698e-06 1.786843337486185e-05 0.00045813216244096783 1.8742982722388706e-05 0.0 0.007289232307247279 0.002376133736531701 0.0027844816351177896 0.00013229494143193594 2.811635769751908e-05 2.276587617301564e-05 0.0004119057671828965 1.9600062840620704e-06 0.00010859334331498455 0.0007825624234410186 2.7226015262028434e-05 0.0003267206584182326 0.0003298228625197168 6.077190226568368e-05 3.743504620203709e-05 5.8429334476635075e-05 0.0 1.6139578900140758e-05 0.0 2.887289630372988e-06 5.376357349582869e-06 2.77578119555921e-06 0.0003363687206500492 7.40246721024125e-06 0.0 1.445604963860767e-05 0.0042925342623287245 0.0002818732569766645 0.00026498625010658376 0.0012958724012437453 0.0006927785096357668 4.02093256483162e-05 0.002847094159723658 0.0002187486626543385 0.0003780233689628465 0.002742124019638982 0.0023006845134761478 6.247620395769962e-05 0.002905311493334931 0.0019701996558544018 0.0032413762040533188 0.0014072352848560775 3.0449388578593042e-05 5.817698360553604e-05 0.0 0.0 0.0 0.0 0.0 0.0 0.0 0.0 0.0 0.0 0.0 1.4624784914838078e-05 2.569784594577369e-05 0.0 0.0 0.0 0.0 0.00023252103882069735 5.883276891226581e-05 0.0 0.0 0.0 0.0005387739194213239 1.885844859826003e-05 0.0002639133231490175 2.1828909213664493e-05 4.342623405378737e-05 0.0 0.0 0.0 0.0 5.054013581601229e-05 3.7040727796245664e-06 0.0 0.00010077868646901167 0.0001018224836615703 4.097007914859174e-06 2.4782448046985635e-06 4.0714136340599706e-06 0.0 0.0 2.8370383990806713e-05 5.940421750400692e-05 1.220879879147612e-05 0.00010089842441077478 9.070528903653305e-05 0.0 8.23697092908382e-06 1.4418241082387448e-05 0.00029042507081991826 0.00015697364274887501 1.5066730329104617e-05 3.1492952948774323e-05 2.6719825074686127e-06 0.0 0.0 5.714202215703586e-06 0.0 2.958328861582818e-06 0.0016202967643765465 8.189558584638451e-06 0.0 0.0 4.937687269733301e-06 0.0002643575104899598 0.0 5.9560608699599005e-05 0.00022172690007650223 0.00024485213102673286 8.882639339430242e-05 4.144312639632678e-05 1.555094208402813e-05 9.561291938681868e-06 2.957173379405968e-06 0.0 0.0 5.200462111053865e-06 2.2375951008623545e-06 0.0 4.786955725444676e-06 0.0007734192220616732 0.0004884434959795213 0.0004123866397795083 0.012211943581217521 0.0003936578385467896 0.012417028840084365 0.0004438396414870484 0.009190031730952206 0.0010025664938386966 2.67761740229225e-05 0.000349811030015546 0.0010170881621720845 3.923246551848615e-06 0.0004382536469136451 4.656196403824855e-05 0.001349862097046208 4.79695612074655e-06 0.0 2.3616166507539695e-05 0.00012034599758353326 0.0 0.003645020391970668 0.0012785733775119129
0.001514568020668034 0.0035172935291382245 0.07535518506035094 1.5074470459597503e-05 0.00013990817815582975 8.305437607863503e-06 0.00012502556609992113 0.0 0.002472244490748979 6.796394227409202e-05 0.05858160620135763 0.0 0.00017978421200884033 0.004849225578659681 0.0012932726470695742 0.00018605031400672884 6.521357665242618e-06 6.0343137474543264e-06 0.0 7.319874110126697e-05 0.00010534424285604791 6.942102399680529e-06 1.4395622433377426e-05 9.677976761053745e-06 7.836014496625912e-05 1.4428435646158438e-05 1.2051072687658886e-05 2.975574617352578e-06 0.0 3.329371861496006e-06 0.07486518398284696 0.011614796197858265 0.0021827960986552006 8.005269694889499e-06 1.4741803958676697e-05 2.7988347459829247e-05 0.0004353107370061516 0.00017454960357463648 2.0196184132075216e-05 2.821712573942092e-05 0.0002921204937991127 2.216295574900097e-05 8.372766405478488e-05 0.0001616048066839832 7.1068275576668625e-06 3.534546284861081e-05 0.0036442070258269027 7.417657189365697e-05 1.3954668716588326e-05 2.5036379773037357e-05 0.0 1.1138481781748869e-05 3.7964214609628542e-06 2.7178421873464188e-05 0.00010371882534075087 0.00012284046498404073 0.0015670071640243935 0.009846015633192182 0.00021570466828225293 0.0012197228065871704 0.0014990951877049187 0.0008794043123766793 3.425133988564201e-05 0.016225703094818085 7.935218565444715e-05 0.00015236580527876103 3.0410777459367137e-05 6.155077941490926e-05 8.621896057632034e-05 0.0005126248424936052 0.0004982306288603425 1.9288782198716665e-05 2.9980852152052505e-06 0.003987442149602163 0.004295973479608053 0.0037189109249436197 0.001965797455198288 0.0006030656372191522 0.01568278645788706 0.03818244535234236 0.0035917181629372425 0.01576824275581961 0.0003063425195531071 3.234188680079886e-06 0.00017056242112140646 8.043067589822477e-05 6.371472839307828e-05 2.7945936391748538e-05 1.842668174684434e-05 0.0 1.8002903130076517e-05 1.1697785315532501e-05 0.00022035182073229336 5.0710910040954046e-05 4.988185112959955e-05 2.0408885981566685e-05 0.0 0.0 2.5222529623734297e-05 0.0017840473832653986 0.0 0.0 0.0 0.0 0.0 6.514286696825699e-06 0.0 0.0 1.351685711307211e-05 2.826724421701178e-05 3.0408450673878922e-06 6.807067578263617e-05 2.203526624885641e-05 5.2882335763683336e-05 5.568055528327615e-05 2.5670206064195237e-06 1.4123309964939709e-05 6.766710560886267e-06 0.0 0.0 0.0 0.0 0.0 0.0 0.0 0.0 0.0 1.17454011772992e-05 8.53108653896128e-06 0.0 0.0 0.0 0.0 0.0 1.5519818856070893e-05 0.0 0.0 0.0 0.0 3.0179537734858188e-05 3.1093876156990244e-06 6.339542805404296e-05 4.9662726079278414e-05 2.6841359434359754e-05 0.0 0.0 0.0 0.0 0.0 0.0 0.0 0.0 0.0 0.0 0.0 0.0 5.299163697044588e-06 1.1110041494592183e-05 2.6204541510492553e-06 0.0 0.0 0.0 0.0 0.0 1.360294206342526e-05 2.374130664759903e-05 4.8175390931435293e-05 5.203517208086888e-06 0.0 0.0 0.0 0.0 0.0 0.0 0.0 0.0 5.910403538796897e-05 0.0 5.296534332358662e-06 0.0 7.179915625797088e-06 1.4078838194087707e-05 2.999251124948034e-06 3.141669526017141e-05 2.1360577562944632e-06 5.313617561928346e-06 8.059287902354008e-06 0.0 5.0443030186966345e-06 0.0 0.0 0.0 0.0 0.0 0.0 0.0 0.0 2.9770695347791395e-05 3.5478208459733994e-05 7.417864158570925e-05 0.010603061668852595 0.00032248978105234245 0.011657305400840695 0.0006205953690494162 0.0012253715853552767 0.0008589787715946742 3.3740823876507697e-06 0.00031016170295221867 5.108279389820987e-05 0.0 1.8855774287169216e-05 5.231300378804117e-06 7.5679761975717e-05 0.0 7.742369183420864e-06 1.7220114025555156e-05 0.00017803070946503574 4.008142759685296e-06 0.0007373460601978694 4.172352634107437e-05
0.0012833841774849363 0.0459712412469001 0.019675164768019473 0.0038222047173033366 0.03529501750889777 0.00025914982675013983 0.013725252841320196 0.002472244490748979 0.0 0.007727274469819649 0.016411283760064645 7.58106279281878e-05 0.008987109756755665 0.01202797101419817 0.0002707462647545044 2.2836037151473964e-05 0.0 0.0 0.0 0.0 0.0 0.0 0.0 0.0 2.6432513271794934e-06 0.0 4.78553901476262e-06 0.0 1.4189359965421393e-05 0.0 0.0033941812211060003 2.38789573497804e-05 0.0008382183416221341 0.0 0.0 0.0 0.00028672181660421945 2.9305610265789364e-05 0.0 0.0 0.0 0.0 0.0 0.0 0.0 0.0 0.001341045744664706 2.425816926888911e-05 0.0 0.0 0.0 0.0 0.0 0.0 4.8007992541071856e-05 5.030322385520655e-05 0.000390680366112437 0.0015464921797168766 0.00010285616683431547 0.000622494402838464 1.1759032522973515e-05 0.0001310745212286604 0.0 0.0007241229949007737 1.763279519517061e-05 4.766061705947314e-05 2.0788162263927187e-05 6.5673227354506035e-06 3.420416737521313e-06 8.2233652927531e-06 0.00030682126348798315 0.0 0.0 0.0013315086939402504 0.0009048189420359752 0.0011382866997475993 0.00016207334203181 2.942244520915356e-06 2.7352307288552235e-06 0.00022401268545418576 3.057687743798618e-06 2.2163223809359718e-05 0.00012439455561113666 1.0061684219579302e-05 0.00012160333190957177 8.93070579789522e-05 2.2273105903459045e-05 2.2404183283818414e-05 8.855283519130683e-06 0.0 0.0 0.0 3.0146294474875218e-06 0.0 2.858878108915431e-06 0.00011250109630171152 4.420454577723945e-05 0.0 3.2043023052709066e-05 0.0003368995898296018 4.298418849893073e-05 8.514715080659394e-06 0.0001336914226360817 0.0 2.036350377633728e-05 0.0003123122151127538 7.333303610485943e-05 4.1648093868465204e-05 0.0006309610351541026 0.0009953745257445358 5.793862742684843e-05 0.0010964053047327115 0.0007283079406365813 0.0018065013457713437 0.0005507846800380103 2.276711957036045e-05 5.358411167017906e-05 0.0 0.0 0.0 0.0 0.0 0.0 0.0 0.0 0.0 0.0 0.0 0.0 0.0 0.0 0.0 0.0 0.0 0.0001517389571866404 3.231218657602038e-05 0.0 0.0 0.0 0.00033120117225193775 5.521728405838977e-05 0.00016043865459018335 5.340666416261086e-05 0.0 0.0 0.0 0.0 0.0 1.5657435578770172e-05 1.0084683115174675e-05 0.0 5.125064157283654e-06 3.574877143430785e-05 0.0 0.0 0.0 0.0 0.0 0.0 1.1861633838837907e-05 0.0 2.3191219464030413e-06 4.869465099396207e-06 0.0 0.0 8.829425672613221e-06 0.00024106943026489723 1.2637319253959587e-05 0.0 0.0 0.0 2.575142421782715e-06 0.0 0.0 0.0 0.0 0.0010110712058272698 0.0 0.0 0.0 0.0 8.082813354071918e-05 2.0229035279621952e-05 2.7027655810336616e-05 1.9325811564061754e-05 1.759168235904867e-05 9.704481296444731e-06 8.58925581659559e-06 1.3431668933389279e-05 5.879625121679395e-06 0.0 0.0 0.0 0.0 0.0 0.0 0.0 0.00037913319637946844 0.0003102880510718557 0.0003355812679065569 0.010058807371538143 0.00031801115245064384 0.005881462609457304 0.0003237211146022959 0.0015200082414653935 0.0005268015583161891 0.0 0.0002327030489277185 0.00035384029237174553 2.192280135454662e-06 0.0001108359154211529 2.3117713753905967e-05 0.0007229897574188445 0.0 0.0 6.25324480909198e-06 0.00014239376432651703 0.0 0.0011965212978123476 0.0008497915858432915
0.018228187695592077 0.04923957323242833 0.000737341618773924 0.06937437081619575 0.014425461985898362 0.024966776097818034 0.05650451566431379 6.796394227409202e-05 0.007727274469819649 0.0 0.0007868602642981234 0.024795294857657267 0.2728381379061234 0.01818729782222429 6.988117054762387e-05 0.0 0.0 0.0 0.0 0.0 0.0 0.0 0.0 0.0 0.0 0.0 0.0 0.0 6.003205801274748e-06 0.0 0.0007804310911699483 2.3368862758138305e-05 0.0024160234849711264 0.0 0.0 0.0 0.001957931047601084 0.0 3.962485122886741e-06 0.0 0.0 0.0 0.0 0.0 0.0 0.0 0.0005950681195206064 1.4811961700993872e-05 0.0 0.0 0.0 4.261482991048713e-06 0.0 0.0 6.324089763961325e-05 7.054355434616239e-05 0.0011871859728455247 0.0014324896644012431 0.0001428594881868253 0.00037587041801038227 0.0 0.0001066892697754496 0.0 0.00012810263383457917 3.561858758847765e-05 6.057675720108379e-05 2.2692090896252797e-05 3.0534228693316427e-06 0.0 0.0 0.0017367746367802572 2.9663263731686545e-05 0.0 0.0014496279783071159 0.0004505564295366692 0.0004632095916792091 6.326897943424456e-06 0.0 8.213369392091714e-06 0.0002828890372772004 2.7584070728570914e-06 5.9407368426775174e-05 0.00011302671933688545 6.130486109349212e-06 5.1310618415089816e-05 6.0094421688885915e-05 1.085261689352382e-05 2.355806339101338e-05 6.047790117924589e-06 6.741171114701028e-06 7.305375604473604e-06 0.0 0.0 0.0 0.0 0.0031124152001386863 0.0001203132499925034 0.0 0.0001479943226138178 0.008501843142969779 0.00024833292804543757 0.00013451724792328296 0.0007840918091867752 0.00042851229230577283 2.9494798313671075e-05 0.0019094523633634646 0.0008281630237911285 0.0002573103226765095 0.00420335864453751 0.006499781005321178 0.00016095371198406752 0.005752286816921494 0.005737819390089311 0.008772634754511746 0.0029652117431387755 6.138718025425816e-05 6.367143242017814e-05 5.729744322942484e-06 0.0 0.0 0.0 0.0 0.0 0.0 0.0 1.1064793769006202e-05 0.0 0.0 0.0 0.0 0.0 0.0 0.0 0.0 0.000466022895392068 7.454746764914775e-05 0.0 0.0 0.0 0.001102120115163166 4.782691066720443e-05 0.00031448491677402504 0.00012054885041721453 3.5034830873222094e-06 3.0766864093589923e-06 0.0 1.0800659209044976e-05 0.0 1.4718459515120548e-05 3.9491752339001805e-06 0.0 6.051776935952368e-05 8.273983124902244e-05 0.0 0.0 0.0 0.0 0.0 9.120967471561195e-06 2.5610499619513777e-05 0.0 3.4412808227130196e-05 0.00010173548108541495 0.0 4.739427958631556e-06 3.256084698770688e-05 0.0006557065072320724 0.00019532919509850847 1.86251343274871e-05 9.494885603102233e-06 0.0 0.0 3.085959392044164e-06 0.0 0.0 0.0 0.004540255092972983 0.0 0.0 0.0 0.0 0.0005342790022424941 0.0 0.00016892980948454313 9.062092265691719e-05 0.00024397065651692653 8.338075781365321e-05 1.595358384486227e-05 6.454229849971727e-05 9.891862319064333e-06 0.0 0.0 0.0 0.0 0.0 0.0 0.0 0.003031277651052079 0.0009575334092699 0.0006804525815918672 0.015465626081803796 0.00015731669780225032 0.004315446035071361 0.00024170307641086444 0.035327594947041796 0.00037645361918807333 2.9495330299319313e-05 0.0001655173781050998 0.0016366521293484822 1.7589969002094355e-05 0.00028866142674910037 4.8135208665680125e-05 0.004411132673933406 1.8512195877855417e-05 0.0 8.120054902405203e-06 3.5539200012024006e-05 0.0 0.013195375281757645 0.006764667282397871
0.008991675906615032 0.053331916965543576 0.08821876619607205 0.0013056820479585604 0.009933321265696255 6.192037693844127e-05 0.0006231797770826738 0.05858160620135763 0.016411283760064645 0.0007868602642981234 0.0 4.497608389768933e-06 0.01513307000970516 0.04261273438467962 0.00029332237954329734 4.460696568261906e-05 0.0 0.0 0.0 2.4706031967251896e-06 0.0 1.2001307488810461e-05 0.0 0.0 1.1759492055017087e-05 0.0 2.5702986376207873e-06 0.0 0.0 0.0 0.04456279662472525 0.000798495295443152 0.004448794367416087 0.0 1.631875396772722e-05 7.694681047835107e-06 0.0017376632367335232 7.507689728524441e-05 2.354641184458155e-05 3.625440302773023e-06 1.9259163057252586e-05 0.0 2.635380852112432e-06 3.0858058910821935e-05 1.475551638766543e-05 6.526725704271156e-06 0.00076949161409048 2.189963453918259e-05 0.0 2.1179217021366915e-06 0.0 4.3620032883668084e-06 0.0 1.2667146766956726e-05 4.525038605357863e-05 4.7851145588934225e-05 0.0010694532536296075 0.003748973816869587 0.00013171822548111326 0.0003190645356326513 3.195902541339892e-05 0.00038723186578242826 0.0 0.0010285944283393922 7.448462124862085e-06 3.120193935997658e-05 1.181179690552728e-05 1.2318056310333127e-05 1.4970157764420611e-05 8.964720104464762e-06 0.0008542265126959465 3.0796625805050306e-05 0.0 0.0014148331376840776 0.0005903124042433432 0.0007742964250449446 0.00015452929993866948 7.209270626228927e-05 8.289811253083283e-05 0.0017305633161797881 1.2306093015637e-05 0.0004127953352817239 0.00010730297230263993 7.439999975321082e-06 5.4481541794149233e-05 4.868729758233683e-05 1.3806567076342487e-05 7.5866482286184784e-06 8.303449358696893e-06 3.3836063510608343e-06 0.0 0.0 3.9131894521623334e-05 0.0 7.0811194725704845e-06 0.00019706041752962466 3.6152109325060895e-05 0.0 2.7417677699392032e-05 0.004188611569264469 1.8552859969070958e-05 3.805138186941137e-05 1.7367840992569853e-05 0.0 0.0 5.5834693045912774e-05 0.0 0.0 0.00022098257592549807 0.00020182868418034582 0.0 0.00035006096582641767 0.00023599361891744628 0.0005312036559551432 0.00027146797331285393 2.7240595695988354e-06 2.0963259793662242e-05 0.0 2.6164675847213455e-06 0.0 0.0 0.0 2.844001747825728e-06 0.0 0.0 0.0 0.0 3.614896703200239e-05 0.0 0.0 0.0 8.844056985903474e-06 0.0 0.0 3.86587379642316e-05 1.3951082173263915e-05 0.0 0.0 0.0 0.00013988903656070181 1.9295232367389277e-05 9.011619970001602e-05 2.955304310126559e-05 1.6627241640031544e-05 0.0 0.0 0.0 0.0 0.0 5.858604227470318e-06 0.0 2.348825910722424e-05 6.620105635923184e-06 0.0 0.0 2.8564549583351286e-06 5.1611113537891395e-06 0.0 3.424875420886164e-06 8.285587118037699e-06 0.0 0.0 1.4285791937750911e-05 0.0 6.082681113110745e-06 3.1099676041076952e-06 0.00012909598156422134 2.6926144175112315e-05 0.0 0.0 0.0 0.0 0.0 0.0 0.0 0.0 0.0003872258611225208 9.638682096902318e-06 0.0 0.0 0.0 3.2796417927576405e-05 4.015403581716462e-06 2.9938179495895337e-05 1.9318915886623896e-06 6.155660590726764e-06 5.0582216617909905e-06 0.0 0.0 5.119735671091419e-06 0.0 0.0 0.0 0.0 0.0 0.0 0.0 0.00019189844680057408 0.0001792141741948558 0.00014686396098265872 0.004236735221849882 0.00017735706533357354 0.0032730762279659775 0.0003236675981764954 0.0011024001388166115 0.0002035990536716198 1.1834946821043074e-05 0.0002083473294199463 0.00013108174591378204 0.0 2.9138274620607167e-05 9.597382823092902e-06 0.00012925421034863085 0.0 0.0 1.6138247587627985e-05 2.026982863669795e-05 0.0 0.0008354714568298483 0.0003642207850369051
0.0003307934662897722 0.00044841513929970325 0.0 0.0028589315120762897 0.0004456501716698032 0.0007274541299198408 0.0026599464087656336 0.0 7.58106279281878e-05 0.024795294857657267 4.497608389768933e-06 0.0 0.03610719745806951 0.004736934681232065 0.0 0.0 0.0 0.0 0.0 0.0 0.0 0.0 0.0 0.0 0.0 0.0 0.0 0.0 0.0 0.0 1.6002927266647228e-05 0.0 0.0002194881996536509 0.0 0.0 0.0 0.0018839800917377567 6.134019975487097e-06 0.0 0.0 0.0 0.0 0.0 0.0 0.0 0.0 1.0203455248589533e-05 0.0 0.0 0.0 0.0 6.845207659166289e-06 0.0 0.0 0.0 0.0 5.2237732942703974e-05 2.1036405932547585e-05 9.638380236847093e-06 7.0158310439732145e-06 0.0 3.468725852636998e-06 0.0 0.0 0.0 0.0 2.461939687290294e-06 0.0 0.0 0.0 0.0026443043986132354 0.00022310293264406596 2.7922434815560898e-05 4.672950895389191e-05 8.707413083191584e-06 0.0 0.0 0.0 0.0 1.5624551710240676e-05 0.0 0.0 0.0 0.0 0.0 0.0 0.0 0.0 3.897472485429862e-06 1.6276619409929375e-05 0.0 3.8509640671224684e-05 0.0 0.0 4.448237101212945e-06 0.004199552842941634 0.00031229685063370686 3.074552102355061e-05 6.578102339606174e-05 0.0003449048149376576 1.902511004736892e-05 1.146887129779807e-05 0.00023720110156775335 0.0003182789075334116 2.9695433491735186e-06 0.0006607217151843857 0.0002740522297868343 7.815506404939478e-05 0.005879368294685728 0.004961411606596056 2.706737656640638e-05 0.0017072431769426188 0.0035236682622818718 0.004090983779314999 0.0004641678323113505 1.5398784659990853e-05 2.4462353235297516e-05 2.4736917338834483e-06 0.0 0.0 0.0 0.0 0.0 0.0 0.0 0.0 0.0 3.3503053798939823e-06 0.0 0.0 0.0 0.0 0.0 0.0 2.9047313524680564e-05 2.194159488471509e-05 0.0 0.0 0.0 0.0001718893369768515 0.0 5.5422567773432984e-05 8.41768298393182e-06 0.0 0.0 0.0 0.0 0.0 6.300270794240935e-06 2.563555238602689e-06 0.0 6.205958853937157e-06 1.792015607953594e-05 0.0 0.0 0.0 0.0 3.2640855903261715e-06 2.0896890673705857e-06 0.0 0.0 5.544137784387844e-06 2.1198268903470675e-06 0.0 0.0 0.0 9.933037361010638e-05 1.325481633643617e-05 0.0 3.153696500779714e-06 0.0 0.0 0.0 0.0 0.0 0.0 0.0008027971816564821 4.310487876512059e-06 0.0 0.0 0.0 7.858831826724101e-05 0.0 1.2111846159992385e-05 1.3624348418002654e-05 2.555584083588681e-05 1.6893886366812933e-05 0.0 6.807295007072349e-06 0.0 0.0 0.0 0.0 3.6727142122913356e-06 0.0 0.0 0.0 0.0005459864751263503 0.00014664657266142244 0.00012447460300081406 0.00040090837342458927 0.0 0.00012794456577851356 1.0841321682189942e-05 0.0037728240955364786 0.0 0.0 0.0 0.00019668680844956362 0.0 6.464854838494483e-05 2.9626389701116728e-05 0.0004160823636745321 0.0 0.0 0.0 0.0 0.0 0.003341848395054474 0.0016226432964385061
