0.0 0.08877568045441621 0.011943690839392913 0.022425546038129095 0.009726807965012858 0.0013812921063366145 0.03607684488603553 0.0013878610108308343 0.003599061071417915 0.014017166763834585 0.006811667532579915 0.00594305106927746 0.010667418631833531 0.0019329105079699308 5.04711118751647e-05 2.6903550263045612e-05 5.257740650980204e-06 0.0 0.0 3.0253739382209176e-06 0.0 0.0 0.0 0.0 0.0 0.0 0.0 0.0 0.0 2.2348718307898134e-06 0.007645952216495823 0.0004058512539807072 0.00019692706050651484 0.0 0.0 0.0 4.328231062542083e-05 1.8406099161397006e-05 3.7327608066848507e-06 2.2234723801760695e-05 0.0 0.0 0.0 1.9980818397921578e-06 0.0 2.4297394760037077e-06 0.0003229507571866776 0.00019428135735491867 1.6235822978504192e-05 1.5344402937073081e-06 3.719780216915048e-05 0.0 0.0 0.0 0.000815207711869013 0.0004912667401054194 0.006697682038873716 0.012388912950744188 0.0012515592933601736 0.00011352880498018226 0.0 4.1087567560954684e-05 0.0 6.65809724361972e-05 0.0003910184265156085 0.00013641379885885832 0.00014189597668899054 2.1107659764982464e-05 0.0 0.0 0.002816973708356343 7.823699749645626e-05 3.724999846220827e-06 0.008201564965962293 0.0010021994362619203 0.0015722161054445751 3.6775211710797466e-05 7.91586492212481e-06 8.966993395243039e-06 0.0001521470867559123 5.2098418834671235e-06 2.2243226101704715e-05 0.0008299834404565931 1.3488919956213254e-05 0.00014924240013933297 0.0004849460552555304 7.456020413725264e-05 1.3855290998720682e-05 7.2188887670192e-05 8.845338548566476e-06 4.228860147330923e-05 8.852277137863891e-06 4.281639650885234e-06 2.048521385974708e-06 5.78631452827151e-06 0.0067892767944873035 0.0009959369155883556 6.0526404016184135e-06 5.003097119240573e-05 0.028161773624747144 0.0 1.9142155509362627e-05 1.675297004861648e-05 2.295811342380546e-06 0.0 1.5089780617553895e-05 2.558062393384241e-05 4.985222985735268e-05 9.191146059419363e-05 0.00010801424276952722 1.2233099248141943e-05 9.652450343607974e-05 5.8204199950306516e-05 4.66799598694964e-05 3.439248082569999e-05 0.0 0.0 0.0 0.0 0.0 0.0 0.0 0.0 0.0 0.0 0.0 0.0 0.0 0.0 0.0 0.0 0.0 0.0 0.0 7.518350924623946e-06 0.0 0.0 0.0 0.0 3.5000929846439846e-05 0.0 5.559939118053581e-06 1.832725114480249e-05 2.224720435570735e-06 0.0 0.0 0.0 0.0 1.4805110610177252e-05 0.0 0.0 0.0 1.2693773092415047e-05 0.0 0.0 0.0 0.0 0.0 0.0 0.0 2.259595870773529e-06 0.0 0.0 0.0 0.0 2.492551589691043e-06 0.0 0.0 0.0 0.0 0.0 0.0 0.0 0.0 0.0 0.0 2.8062085734505568e-05 2.602375642701407e-06 0.0 0.0 0.0 1.001718129808154e-05 0.0 0.0 0.0 9.0998637639984e-06 0.0 0.0 0.0 0.0 4.336436826694104e-06 0.0 0.0 0.0 2.9351444854950577e-06 0.0 0.0 4.0821958416224294e-05 0.0 5.53179734903991e-06 0.008197046515057963 0.00044336912260609156 0.0050260432766399245 0.001047423851904085 0.012871839068708618 0.0006754895784500465 6.180563819390279e-05 0.00011702313607616144 0.000513142961309316 0.0 1.4250374045623186e-05 0.0 0.0010077163048620686 0.0 0.0 1.3277352584461154e-05 6.723784341457549e-06 0.0 0.004430856810993555 0.00016805934100162844
0.08877568045441621 0.0 0.020368878569681184 0.027057462655230114 0.10060281789088629 0.0011390019131486012 0.0890278538220809 0.001297054541342438 0.0420531490099145 0.015954112387616758 0.02153946395821645 0.0048552232011433005 0.023972362952934576 0.011596464361413317 0.00018252154007967664 0.00014016325621108542 7.215318048825555e-05 4.784881080859874e-06 1.9128840529948877e-06 0.0 5.059275969016597e-06 2.123997379428615e-06 0.0 0.0 0.0 0.0 0.0 5.177640493922526e-06 2.1769850707976013e-06 0.0 0.018897930209348986 0.00026656331209365543 1.8810111933648322e-05 0.0 0.0 1.9086138170471055e-06 5.325338321961171e-06 0.0 8.776746230374428e-06 1.3903661558161182e-05 0.0 2.486022344347691e-06 2.281454670499647e-06 2.584511839061937e-06 0.0 2.5348606776154538e-06 0.0014036582583440136 0.0003468562758460044 8.238470616756404e-05 2.548813915497946e-05 0.00012483771122260038 3.6850870527808756e-06 3.7260350092752097e-06 2.12048622956988e-06 0.0009820890297808139 0.0008150431016899692 0.0022733602194415885 0.011328922968902973 0.0008829007358826769 0.0007798715688355139 4.9413346839944626e-06 2.341967560305617e-05 1.0073065035142707e-05 0.0007169339481153922 0.0005915118395499417 0.0002832837934585656 0.0002963866349303409 5.564402490682511e-05 4.267247820627914e-06 2.299167293120502e-06 6.109766803123192e-05 0.0 4.083598208805421e-06 0.011726561891984049 0.003917486730088387 0.004942346209570115 0.00039827492990693775 4.661529256547983e-05 5.551083225295254e-06 0.00011637805001813916 4.045145659932888e-06 1.7059166525351624e-05 0.0015129364660083793 3.550276527619926e-05 0.00044710607077540833 0.001015140077577645 0.00016320182070602942 2.5602959548121136e-05 0.00016934415481368535 5.359110621248499e-06 4.1483874119356714e-05 2.136685870058683e-05 2.8619822480514368e-06 1.5859830092894946e-05 1.4203161703554548e-05 6.65243835225575e-05 1.2949437439243063e-05 0.0 5.925488459077759e-06 0.011593575441989197 0.0 2.086780362871908e-05 6.618981406862851e-06 0.0 0.0 6.871071017397059e-05 4.366070583266478e-05 0.0 1.931847242323009e-05 0.000125059811709087 0.0 0.00015228611603511268 1.7615262044864845e-05 3.2977327880569266e-05 1.59844315463574e-05 0.0 0.0 0.0 0.0 0.0 0.0 0.0 0.0 0.0 0.0 0.0 0.0 0.0 0.0 0.0 0.0 3.6568361253794546e-06 0.0 0.0 0.0 0.0 0.0 0.0 0.0 7.36576608226256e-06 0.0 1.4387290473821426e-05 0.0 0.0 0.0 0.0 0.0 0.0 0.0 0.0 0.0 0.0 0.0 0.0 0.0 0.0 0.0 0.0 4.801502119603227e-06 0.0 1.9719384059260095e-06 0.0 0.0 8.827107088762129e-06 0.0 0.0 0.0 0.0 0.0 4.891131536038143e-06 0.0 0.0 0.0 2.036477800420734e-06 3.5522027880957833e-06 0.0 3.1579990354455246e-06 0.0 0.0 2.2244579196934464e-06 0.0 1.4891664505779394e-05 0.0 0.0 0.0 0.0 0.0 0.0 0.0 0.0 3.136645695977777e-05 0.0 0.0 0.0 2.0042370669787104e-06 2.245957434296692e-06 0.0 5.154752056029749e-06 5.738216027696184e-06 0.0 0.00380797058777674 0.0007187967139027965 0.010242174713553983 0.001832440488002291 0.007754300124646745 0.00038787796665479366 3.351542934302941e-05 0.00016051107649323995 0.0002754770052228211 0.0 1.0334984894240499e-05 0.0 0.00036429406158768393 0.0 2.5372573069415916e-06 0.0 3.688529627063503e-05 0.0 0.0027511542934756357 7.351246007641718e-06
0.011943690839392913 0.020368878569681184 0.0 3.734238161662126e-05 0.009405478768902456 0.0 0.00048444339042292894 0.04959070834316203 0.013588504804117794 1.1636941763220237e-05 0.04147502103977074 2.301328361324608e-05 0.0005274867052877838 0.014842141413741653 6.978068939658071e-05 0.00019890487990429132 0.00014865713622621454 7.514458674706873e-05 3.20657853609448e-06 3.321467069518095e-05 1.3128071122695934e-05 2.580942259330005e-06 6.0000031220677705e-06 0.0 1.632304203710408e-05 0.0 0.0 0.0 0.0 0.0 0.09205301808830138 0.003362515135638616 7.666520795721273e-05 0.0 0.0 3.917795290212542e-05 2.29139190098006e-05 1.7343474234030273e-05 8.723621923599914e-06 1.2312653110998348e-05 6.262390922413664e-06 5.7145752340321304e-05 4.762071247051526e-05 4.028515948790018e-05 5.726053405924891e-06 0.00010347851788517786 0.00037009772677472 0.00011544743859966812 0.00011680184322780752 0.0003861458627041322 3.6674308677252224e-05 5.456348142920421e-06 0.0 4.996088162964061e-06 0.0003610419434111344 0.0002559592429003066 0.0010080540660268936 0.013634652590059675 0.00034761201736892907 0.00014618535754468067 0.00042859938015064967 0.00029672685282857326 2.350676926344683e-05 0.0007574117383386615 0.0002120945672536137 0.00012036760224874763 0.00010535648983780598 5.163914730735488e-05 0.00010309505769525815 3.169148225387476e-05 3.404054464060578e-05 1.8762324500993916e-06 0.0 0.004954053983240106 0.0015944662538957559 0.0013133748992886338 0.00017801812139031778 0.00012175568759697482 0.001164413387622162 0.010962787655440683 0.0006184532789907329 0.0019811076612752908 0.0005106477038640073 1.5339689203319855e-05 0.00015303039793637365 0.0003224569269843878 0.00020198772740787107 6.002468561359194e-06 3.3077852877857546e-05 2.175302658775361e-06 1.7350308352723463e-05 6.58553323432197e-06 9.397325225821778e-05 1.2732872387992914e-05 4.398011415757616e-05 4.025640797218684e-06 0.0 0.0 2.868834783037035e-06 0.002443088448712256 0.0 0.0 0.0 0.0 0.0 0.0 0.0 0.0 0.0 3.6247967992080804e-06 0.0 0.0 0.0 0.0 1.1521424397121177e-05 0.0 0.0 0.0 0.0 0.0 0.0 0.0 0.0 0.0 0.0 0.0 0.0 0.0 0.0 0.0 0.0 0.0 0.0 0.0 0.0 0.0 0.0 0.0 0.0 5.865056400053394e-06 3.4629313174170184e-06 9.070683148671863e-06 1.6610048904566942e-05 2.1416298074670575e-06 0.0 0.0 0.0 0.0 0.0 0.0 0.0 0.0 0.0 0.0 0.0 0.0 2.2809974441853133e-06 0.0 0.0 0.0 0.0 0.0 0.0 0.0 0.0 0.0 1.235242677772017e-05 0.0 0.0 0.0 0.0 0.0 0.0 0.0 0.0 0.0 1.9379615685983233e-05 0.0 0.0 0.0 0.0 2.169073598998321e-06 0.0 0.0 0.0 0.0 0.0 0.0 0.0 0.0 7.972327433030226e-06 0.0 0.0 0.0 1.979610298503096e-06 0.0 0.0 9.70290961196549e-06 3.5273126666386794e-06 6.196106500502498e-06 0.0006862720675304354 0.00020040498369048012 0.0022234367416366775 0.00041395355741100906 0.00014751678734577377 0.00010963863476478666 1.0049908891326598e-05 1.2744377045862582e-05 0.0 0.0 0.0 0.0 0.0 0.0 0.0 0.0 0.0 0.0 0.00043546547521977375 0.0
0.022425546038129095 0.027057462655230114 3.734238161662126e-05 0.0 0.001157743286773085 0.003286019588444929 0.026033049776699086 7.527183545885498e-06 0.0009287114792299779 0.03473675962071252 6.933291817419217e-05 0.025745857619737283 0.028127180108827327 0.0011029401020628442 0.0 0.0 1.3113060505013575e-05 0.0 0.0 0.0 0.0 0.0 0.0 0.0 0.0 0.0 0.0 0.0 0.0 0.0 0.0005381680976287157 0.0 5.6980978088854205e-05 0.0 0.0 0.0 4.982406029647955e-05 0.0 7.497951364940205e-06 0.0 0.0 0.0 0.0 0.0 0.0 0.0 0.00016629585677693272 4.413376061548467e-05 1.8981636760809387e-05 0.0 1.779193004023401e-05 3.496707132541987e-06 4.953576830664803e-06 0.0 0.00011361973525654481 0.00011380014912579055 0.0007878668685842778 0.001069827941139011 0.0002503048287044428 7.573452772877641e-05 0.0 1.9593630917838542e-05 2.2362127042982346e-06 0.0 5.387797546001727e-05 4.119037416945196e-05 3.335520341352552e-05 2.8306095916653696e-06 5.723587464370948e-06 0.0 0.0018527303115289614 4.7414945058927e-05 3.7925404266953183e-06 0.00175120438556711 0.0003867099215121947 0.0004126642604036958 0.0 0.0 0.0 2.0410043911588886e-05 0.0 1.2649557918226013e-05 0.00022678980793747034 1.8213435444122285e-05 2.910564929696353e-05 0.00014334917468066896 7.946751053549524e-06 8.4610441006005e-06 1.787619043774752e-05 2.886872369508538e-06 2.360568718809091e-06 0.0 0.0 0.0 0.0 0.005805793765886769 0.00029155339065655735 2.443576975859435e-05 4.276455866381322e-05 0.011712889939026966 8.503128007494964e-06 0.00021454617808590654 0.0001520870894888097 0.00024486273058632813 0.0 0.00012369125399280828 0.0005038592245940944 1.8648922162367932e-05 9.368549668475796e-05 0.0007872277547624636 2.5525609110941385e-06 0.00017798940335877247 0.00014176469028880342 8.480376687270234e-05 3.507468023329478e-05 0.0 0.0 0.0 0.0 0.0 0.0 0.0 0.0 0.0 0.0 0.0 0.0 0.0 0.0 0.0 0.0 0.0 0.0 0.0 0.0 0.0 0.0 0.0 0.0 6.2082220770177196e-06 0.0 5.178155145585019e-06 0.0 0.0 0.0 0.0 0.0 0.0 0.0 0.0 0.0 0.0 0.0 0.0 0.0 0.0 0.0 0.0 0.0 0.0 0.0 1.165012163401602e-05 5.912183859756097e-06 5.0578505479839225e-06 0.0 0.0 0.0 0.0 0.0 0.0 0.0 0.0 0.0 0.0 0.0 0.0 2.3433005148083024e-05 0.0 0.0 0.0 0.0 3.720798587659169e-05 0.0 3.4852210583855707e-06 2.3813816405470563e-06 2.8642146375334284e-06 0.0 0.0 0.0 0.0 0.0 0.0 0.0 0.0 0.0 0.0 0.0 1.4020362924441482e-05 6.485162431627436e-06 0.0 0.0024533420068067013 7.891439778566936e-05 0.0011362083283408839 0.00019546293294755252 0.006311008314584256 4.2714632095084775e-05 1.2683108719741879e-05 7.268197737010586e-06 0.00040700684083633124 0.0 0.0 0.0 0.0006696461796098694 0.0 0.0 0.0 0.0 0.0 0.0022506790390058747 9.041275343265299e-06
0.009726807965012858 0.10060281789088629 0.009405478768902456 0.001157743286773085 0.0 0.0001186777776688115 0.03245501717639054 0.0004220389789608987 0.10309069344129144 0.0031412262228463603 0.011357177071440629 0.0008662213886462352 0.014267979614001409 0.04633397736184296 0.00019239813424764058 0.00021611072148376936 2.9971976470300168e-05 6.561769520277112e-06 0.0 0.0 0.0 0.0 0.0 0.0 8.342274417261512e-06 0.0 0.0 3.313907683745561e-06 0.0 0.0 0.01679271815151538 0.0003890526974138004 4.004467585832809e-05 0.0 0.0 0.0 2.475676740954088e-06 2.5650479609693902e-05 1.3823499455392666e-05 0.0 5.394007486318827e-06 2.7693727406626067e-06 0.0 0.0 3.407754431142786e-06 1.0840729265774745e-05 0.0012980005111116765 0.00017496494002250087 2.67802993935003e-05 9.418838803775592e-06 6.282777054946026e-05 1.1116648018418128e-05 1.76479278598199e-06 0.0 0.00045201285599257577 0.0003673720416651793 0.000480257923162331 0.0035116727689323943 0.0003386918345057383 0.0006840541427067646 6.032656882722338e-06 2.0449238134783096e-05 8.740854550672181e-06 0.000742899459669237 0.00032587059003181976 0.00020862098462234903 0.00015658755119129055 3.155049615989518e-05 0.0 0.0 8.379014418360585e-06 0.0 0.0 0.005912290223220342 0.002898230131495992 0.003794638125441761 0.0004551072757920445 3.344253112825064e-05 1.6519252899718158e-05 0.0001580237936373871 0.0 1.1840607206160942e-05 0.0008585985078504064 1.7345048659610647e-05 0.0002113677528708637 0.0005465613103388423 9.154998125379245e-05 8.762760228233528e-06 7.110706911545282e-05 1.0261240869377504e-05 3.069652933234201e-05 7.922939289723554e-06 0.0 8.433945028579017e-06 2.2803368852606683e-05 9.245757716195308e-05 3.215102935589395e-06 0.0 9.343801955185287e-06 0.0008427983683096351 0.0 4.154535088442334e-06 0.0 0.0 0.0 2.9310310893902865e-05 2.8157014355371555e-06 0.0 1.3942517256416694e-05 2.768709821104117e-05 0.0 7.728328970340902e-05 1.3127691914493089e-05 2.2298920820637397e-05 3.0793392501015435e-05 0.0 0.0 0.0 0.0 0.0 0.0 0.0 0.0 0.0 0.0 0.0 0.0 0.0 0.0 0.0 0.0 0.0 0.0 0.0 0.0 0.0 0.0 0.0 0.0 9.393924406296674e-06 0.0 2.9470122791669172e-06 0.0 0.0 0.0 0.0 0.0 0.0 0.0 0.0 0.0 0.0 0.0 0.0 0.0 0.0 6.027205157905918e-06 0.0 0.0 0.0 4.09602116998308e-06 0.0 0.0 0.0 0.0 0.0 8.937136734564144e-06 0.0 0.0 0.0 0.0 0.0 0.0 0.0 0.0 0.0 3.273238198334578e-05 0.0 0.0 0.0 0.0 1.2316256844581663e-05 0.0 1.0249908989814828e-05 0.0 0.0 0.0 0.0 0.0 0.0 7.626867923135589e-06 3.397849814242026e-06 0.0 5.014515170309656e-06 0.0 0.0 0.0 3.952616430836893e-05 2.8123734440774995e-06 3.623009414319092e-06 0.00340525092185911 0.0003377281511093542 0.00831516768858275 0.0016227933828925523 0.0008831413797339929 0.0004493451301362511 3.7146865215651945e-05 0.00023680333946123758 0.00015499224036337865 0.0 0.0 0.0 0.00037127673664297934 0.0 0.0 0.0 2.711671014182881e-05 1.377233229823901e-05 0.0010042286438123593 8.286276164345712e-06
0.0013812921063366145 0.0011390019131486012 0.0 0.003286019588444929 0.0001186777776688115 0.0 0.0013254376746193008 1.1077923578101263e-05 0.00012465147261490648 0.004666983964468933 0.00018922966722416734 0.0016380542965725013 0.0025647564782731876 0.0005069823728052007 8.425109561163185e-06 2.065553258717601e-05 0.0 0.0 0.0 0.0 0.0 0.0001318643221941234 0.0 0.0 0.0 0.0 0.0 3.318353711575456e-06 0.0 0.0 4.746366502566082e-05 2.5667049585081007e-06 0.0005013845055003457 0.0 0.0 1.1100107843940548e-05 7.855772057722502e-05 1.506278769034504e-05 1.4450007994734102e-05 1.0475604336580239e-05 6.7743688740876334e-06 2.89366496783338e-06 0.0 3.0119474565276563e-06 0.0 0.0 1.1869157649445316e-05 0.0 0.0 0.0 2.0840619841752505e-06 0.00017354079975925236 0.0001916937622936653 0.0 1.1856041398568773e-05 4.0057937263072995e-06 0.0015856047135302297 0.0 5.778046550535305e-05 0.0 0.0 0.00015773756092388888 0.0 2.53695862816284e-06 0.0 2.4452644105068785e-06 1.609381779387088e-05 0.0 0.0 0.0 0.005558484697052666 0.008365471361201514 0.0008261458690139548 8.076370544884182e-05 6.546910803522983e-05 2.8908789008910685e-05 2.3147183452747267e-06 1.8367801309380732e-05 3.516012764456465e-06 0.0004186138097488096 3.049800973634284e-06 6.719670510058595e-05 1.949408583472742e-06 4.0924571653651224e-05 0.0 0.00010593025277631321 0.0 0.0003125054761126577 0.0003161827777615317 0.00024723986794115765 2.8605598740780495e-05 3.8937158372053234e-05 0.0 0.0 0.0 0.00791695594413797 0.01187642944103808 0.0007693466372968127 0.0003041690286103152 0.003954307513249599 0.0 5.8361156987907306e-06 0.0 0.0 0.0 3.55881540901751e-05 2.1850375779125884e-05 0.0 2.618616954237314e-05 0.00011248264472049422 1.618049122795286e-05 0.00011905021939098122 1.6722492424041627e-05 6.167028313245938e-05 4.676225039340521e-05 0.0 0.0 0.0 0.0 0.0 0.0 2.7622233685274945e-06 0.0 2.7771887825830242e-06 0.0 0.0 0.0 5.780155952668156e-06 0.0 2.705976328243296e-06 0.0 3.1208965682276184e-06 0.0 6.54139775245283e-06 0.0 0.0 0.0 7.830669311798462e-06 0.0 5.052198872458162e-05 2.714712347680106e-06 7.617347855162471e-05 2.864225804503465e-05 2.8552968995167675e-05 0.0 0.0 0.0 0.0 2.851283051843524e-06 0.0 0.0 0.0 3.308796325497078e-06 0.0 0.0 0.0 2.6939121331839043e-05 0.0 3.0756537649220064e-06 0.0 7.955980294781291e-06 0.0 0.0 0.0 0.0 2.4755498359572856e-06 2.504286802799624e-05 0.0 0.0 0.0 0.0 0.0 0.0 0.0 0.0 0.0 3.278587980601457e-05 2.0373419598290327e-05 0.0 0.0 0.0 2.4090785054202247e-05 4.351347661555758e-06 2.8158370464176424e-06 0.0 0.0 0.0 0.0 0.0 0.0 0.0 0.0 0.0 0.0 0.0 0.0 0.0 5.108363642141533e-05 3.917493246274904e-05 3.275999939028823e-05 0.0007553457494341758 8.221092367037414e-06 0.00015590448990121086 1.943858783528186e-05 0.0015277959683010905 5.368306009986394e-05 0.0 5.66812010293913e-06 0.00016366301338748603 0.0 1.03640739303675e-05 2.04544151220009e-06 0.0004617415286582586 5.101163323844776e-06 0.0 0.0 0.0 0.0 0.0005715594415093117 4.922266337636669e-05
0.03607684488603553 0.0890278538220809 0.00048444339042292894 0.026033049776699086 0.03245501717639054 0.0013254376746193008 0.0 0.00022700766447308118 0.034835769274062955 0.02369767389999979 0.0020136393145446523 0.0049811157684640246 0.07884096384178144 0.03455921919333651 0.00024261001738629128 0.00023933503655465844 6.821212136914254e-05 2.55904193923554e-06 2.2711577865705147e-06 4.4966813399112455e-06 0.0 0.0 0.0 0.0 2.48324784618543e-06 2.0800490740587133e-06 2.703312495256344e-06 2.308106226615521e-06 1.746633384107225e-05 2.4680401741742636e-06 0.004905243562039964 0.00016330453422853957 0.00010443293554258713 0.0 0.0 9.131184185082352e-06 3.59858648071631e-05 2.232164602321107e-05 1.0909104773978854e-05 6.0519104467555445e-06 0.0 7.500650356303578e-06 0.0 4.679565168811085e-06 1.828147041833761e-05 2.0640901847379853e-06 0.001517077810678513 0.00032352180171300404 4.049297914414648e-05 1.1560248620258749e-05 0.0001322242672899458 6.285357880680451e-06 0.0 0.0 0.0008041494506966364 0.0006395973429106091 0.0016223356292025723 0.0059456503981957145 0.0006505468465007269 0.0008364091472275356 5.258091397640228e-06 3.063759033236972e-05 0.0 0.0006783887549119362 0.0005360296041158463 0.00027579883010013864 0.00020485269058398062 5.605097239898268e-05 3.7466081843701414e-06 0.0 0.00036849148972794107 1.5042233768646723e-05 6.665971079214145e-06 0.009924234589885438 0.003660942203351883 0.004836183085622409 0.0004126637047339275 5.8871250785446696e-05 1.4638532064316323e-05 0.00011476429159011832 1.7907393999085077e-05 2.6945747848690496e-05 0.0013136008810924566 3.841162686626836e-05 0.0003970275093720978 0.0009004149212785853 0.00017903022456786948 1.3574726652605996e-05 0.00014179661727559112 6.428727377739798e-06 4.1645597293433685e-05 9.962217873378446e-06 2.5677098183904274e-06 1.8440083080626227e-05 2.214665391045138e-05 0.0006378023376946632 0.00012019786949425908 0.0 1.4606373199665113e-05 0.004619575049573826 4.631645289530069e-05 0.0002947265349160407 0.0036461043790443908 0.0009985963787239585 0.0 0.0007333492293249867 0.00025562361886250564 9.33366335091839e-05 0.0006884799072575399 0.0007723882296266565 2.4132963219029706e-05 0.001299490839864695 0.0002630783754832773 0.0005619167188522607 0.0002754547000791352 0.0 0.0 0.0 0.0 0.0 0.0 0.0 0.0 0.0 0.0 0.0 0.0 0.0 0.0 0.0 0.0 0.0 0.0 0.0 0.0 2.6118905038863974e-06 0.0 0.0 0.0 0.00010510761256441507 0.0 4.58826954669125e-05 7.6272729141478085e-06 2.4114121845104827e-05 0.0 0.0 0.0 0.0 0.0 0.0 0.0 8.916844491638915e-06 7.558013256487094e-06 0.0 5.686428074067407e-06 0.0 0.0 2.3567920394979457e-06 4.414306938161548e-06 6.478978240635547e-06 0.0 2.5402157336387952e-05 2.0229209481192804e-05 3.3538920830788265e-05 2.6089259830706146e-06 0.0 1.962497343847339e-05 7.610592775847898e-06 0.0 1.0708250159522713e-05 0.0 0.0 0.0 2.1038442632215138e-06 0.0 0.0 0.0002702612478588104 3.946014106296833e-06 0.0 0.0 2.9643443542182083e-06 6.088407084921435e-05 0.0 1.231464726062487e-05 9.95951824581588e-05 2.636873995946029e-05 1.6052833674475084e-05 7.535330076544288e-06 0.0 5.041047690208214e-06 2.581211455298812e-05 5.057171656477287e-06 0.0 1.979706230644478e-06 0.0 0.0 0.0 0.0002582141761006831 2.092087469566644e-05 1.5584128987343703e-05 0.006074266325485353 0.0005419632824675804 0.009932342878945614 0.0020503862731515773 0.006086854610724515 0.0004035650492461321 5.457506812328552e-05 0.0002681457792318186 0.0010090838784786492 0.0 0.00012371084591435936 8.013096249225649e-06 0.0024116668984092023 0.0 0.0 0.0 5.4046904761894146e-05 0.0 0.0038042003992041456 0.00017047166703605256
0.0013878610108308343 0.001297054541342438 0.04959070834316203 7.527183545885498e-06 0.0004220389789608987 1.1077923578101263e-05 0.00022700766447308118 0.0 0.003417370215284401 3.696622281695947e-05 0.0805691877401385 1.3719119258419238e-05 0.0007851078429537963 0.01886541626535383 0.0009870372593572662 0.0013185437962291815 0.0003644985403610659 0.00016557038326769113 1.4002628704532255e-05 8.752501767387201e-05 5.3646234379294735e-05 0.0 5.507602241716345e-05 1.5783004185207253e-05 8.097985060862498e-05 8.8817840564078e-06 5.809295934956798e-05 1.7435082899636942e-05 5.336920328258968e-06 1.0311475659872603e-05 0.05572898697261345 0.055315422110809455 0.00039385341951970955 5.44413931299726e-06 4.063485943283308e-05 8.280243991476638e-05 6.001622299238701e-05 0.00015772138539200104 4.690167746452169e-05 2.235484674775027e-05 9.657679800517068e-05 0.00017066282044992867 0.00019934816357848161 0.00035542944971942515 1.4584674119420458e-05 0.00031905882771309413 0.002782664795475561 0.00026406974710561915 0.0002516483439462999 0.0009605078340655168 0.00011200769155276835 3.0481975507644056e-05 1.5183186043616595e-05 1.1886394796880264e-05 0.00046642889312690627 0.0003837198012128544 0.0006899005656695767 0.008936423324563536 0.00042053684184860683 0.001041949388993686 0.0031570453556117577 0.002732899809120251 6.706027268603647e-05 0.017262710879830355 0.0003423393056115847 0.00023222380606791987 0.0001674791609897407 0.00020132438126108077 0.00036859604019190894 0.0001415112062635761 0.00017425878871983694 1.8533437108491015e-05 0.0 0.008164177538261852 0.006964459652991126 0.006888871782904708 0.0043355035015512355 0.004073410217399745 0.024940763186552094 0.05887417174947073 0.008811934907290332 0.027114037888745536 0.0009640543894138342 1.3148050288650163e-05 0.0003050526131890084 0.0006179807073844576 0.000528031085031748 1.410680180192647e-05 7.16931798431805e-05 6.534299611094791e-06 4.1320807393037875e-05 2.8159460876108052e-05 0.0003689836125725033 7.318788112627989e-05 0.0001503165354168779 5.0386104613283465e-05 7.815829965635532e-06 0.0 1.2541892254686316e-05 0.0006167272340839853 0.0 0.0 0.0 0.0 3.2579777385325266e-06 0.0 0.0 0.0 1.0778838971233043e-05 5.147824516507779e-06 5.143988905060916e-06 1.6835153255766775e-05 8.15157170028697e-06 3.66974187803373e-05 4.175150805172737e-05 0.0 0.0 0.0 0.0 0.0 0.0 0.0 0.0 0.0 0.0 0.0 0.0 2.526993739759641e-06 0.0 5.084748212734755e-06 0.0 9.95437571380697e-06 0.0 0.0 0.0 6.927787304811911e-06 1.4528612414006258e-05 2.1477828581826888e-06 0.0 3.357276311198674e-05 0.0 1.6751979754347242e-05 9.895208519229614e-06 1.2770352054363582e-05 0.0 0.0 0.0 0.0 0.0 7.626683425369792e-06 0.0 0.0 0.0 0.0 0.0 2.5896039439138064e-06 1.1116943013938398e-05 0.0 1.8689678924262867e-06 0.0 2.3622238412343943e-06 0.0 0.0 0.0 0.0 4.752161188973462e-06 2.8668562537748978e-05 0.0 0.0 0.0 0.0 0.0 0.0 3.655289993921062e-06 2.428348711084936e-06 5.775113069543277e-06 1.6792254511643505e-05 0.0 0.0 0.0 5.818416302416245e-06 1.398750256647022e-05 0.0 0.0 0.0 0.0 0.0 3.4567310540244764e-06 2.6493159259048716e-06 0.0 4.405633031856418e-06 0.0 0.0 2.0967447824967545e-06 0.0 5.533418150192991e-06 0.0 1.70695295405126e-05 2.6035629912994497e-05 2.2861577562874425e-05 0.0051067255606464385 0.00043903342963019006 0.010364716371678509 0.0021513639596494167 0.00039484782447283265 0.0005215068194538633 1.5640911941737087e-05 0.0003161587803279941 1.374972311830753e-05 2.495188802764418e-06 1.41665862771413e-05 1.0897765360478373e-05 1.1300898838477445e-05 0.0 0.0 0.0 7.875655559408692e-05 0.0 0.0008155857454472422 8.554227191787538e-06
0.003599061071417915 0.0420531490099145 0.013588504804117794 0.0009287114792299779 0.10309069344129144 0.00012465147261490648 0.034835769274062955 0.003417370215284401 0.0 0.002042784739349967 0.03737283135859457 0.0005388170794022664 0.009952132187490692 0.04535464626292776 0.0006668092833656578 0.0007169297781645275 0.00018138312959772263 8.359541030764319e-06 2.5489384263767333e-06 1.4685630727634528e-05 0.0 0.0 0.0 0.0 1.417082101987098e-05 0.0 6.726110988872524e-06 0.0 0.0 0.0 0.006146106439382699 0.0008302800008594551 0.0003452914096607618 0.0 0.0 0.0 4.51735955484126e-05 2.1484243143894768e-05 0.0 1.8013554214430528e-05 4.867870084513606e-06 7.789699255753231e-06 0.0 3.6362544118216794e-05 2.0281601656633527e-06 2.4341706201209188e-05 0.0021704134264613328 0.00011488346978030716 2.5948680569368025e-05 2.077833912181167e-05 3.8792254295573474e-05 2.7424407546395514e-06 2.6686208881359887e-06 0.0 0.0003380111879264356 0.0002716687965493835 0.0004039347973344053 0.0015149143453428164 0.00036909311216392547 0.000944970902519787 1.1382617285375602e-05 5.357651665821549e-05 0.0 0.0006241255052571965 0.0002567445750521951 0.00011795283471621222 0.00011296356024659886 2.628942835455953e-05 0.0 0.0 0.000705375048572263 0.0 0.0 0.004520154244459101 0.002171069734236005 0.004581990312562639 0.0010702220276970734 0.0002927016230495171 4.3023076698860877e-05 0.0003872068089864456 3.3696452121870606e-05 4.402589521888271e-05 0.0006408285142483913 6.554068663894688e-06 0.00018438772594000285 0.00035289859291120086 7.089967621492795e-05 1.0870129034980986e-05 5.67402352918216e-05 4.109997963977776e-06 1.3252417929060584e-05 1.1894833309484204e-05 3.5310434726396364e-06 1.9596201832259236e-05 4.389504042962141e-06 0.0005275140293734144 7.73310557061959e-05 0.0 1.732490458412891e-05 0.0008798473641573649 2.720309896048259e-06 7.99520719852349e-05 5.24376027417953e-05 0.0 5.327700462594248e-06 0.00021938817545605243 0.00015350682357038827 6.702056632249238e-05 0.00024889563527153645 0.0004785152717824531 0.0001203497478206752 0.0011219363392602779 0.00028861247969506654 0.0006383157057415724 0.0005334613585507675 8.375369499250604e-06 0.0 0.0 0.0 0.0 0.0 0.0 0.0 2.6747412917877978e-06 0.0 0.0 0.0 0.0 0.0 0.0 0.0 0.0 0.0 0.0 4.880638602305246e-06 1.3527168921344216e-05 0.0 0.0 0.0 0.0002835668322846971 1.5116266929300583e-05 9.359183242607644e-05 3.17999391483048e-05 2.0987144886806194e-05 0.0 0.0 0.0 0.0 0.0 0.0 0.0 0.0 0.0 0.0 0.0 2.7063086586109095e-06 0.0 0.0 0.0 0.0 0.0 0.0 3.885450621912981e-06 3.128352153079286e-06 0.0 0.0 5.147734243190794e-05 0.0 5.592179181812244e-06 0.0 0.0 0.0 0.0 0.0 0.0 0.0 0.00047459037915450255 1.1533438516607293e-05 0.0 0.0 0.0 0.00011823633830259583 2.203821057710938e-05 3.55126442777115e-05 3.198825946672461e-06 0.0 3.5560049153746262e-06 2.02509797152945e-05 0.0 0.0 6.949046235667923e-06 0.0 0.0 2.845885738800139e-06 0.0 0.0 0.0 0.00039337086360421357 3.9617189512347815e-05 6.071877139857185e-05 0.008220726240596752 0.00048253074142879374 0.011740797349167659 0.0028350779212905344 0.002055889112387587 0.0006650588380434107 7.381276785994321e-05 0.0005219504090059286 0.000647169186467856 0.0 4.1481753064733386e-05 0.0 0.0023666130273451804 2.458994928445775e-06 0.0 0.0 2.8125271698928868e-05 0.0 0.0019458704828768502 0.00013392024190702243
0.014017166763834585 0.015954112387616758 1.1636941763220237e-05 0.03473675962071252 0.0031412262228463603 0.004666983964468933 0.02369767389999979 3.696622281695947e-05 0.002042784739349967 0.0 0.00013391798273020602 0.02972973444576207 0.07482763200035193 0.015163355986178403 1.2464032355890117e-05 3.07927519488812e-05 2.8355883526084857e-06 2.433335675649219e-06 0.0 0.0 0.0 2.037325117292518e-06 0.0 3.1661567833006026e-06 0.0 4.448234436567654e-06 4.1252297445899155e-06 3.1875538363497022e-06 0.0 3.281549253452943e-06 0.0003188671052357825 2.339043253975628e-06 0.00038481450933065256 0.0 0.0 0.0 0.00011515977560993287 6.689995300086213e-06 1.3153382307565907e-05 1.3267445958510314e-05 0.0 2.2263773996252787e-06 0.0 1.1998175664669806e-05 1.7623338761033311e-06 0.0 0.00010882487673071873 2.688006831827465e-05 1.3541355493651566e-05 0.0 2.594622048754349e-06 0.0 1.0134968555930779e-05 3.533661264895557e-06 0.00015981545696594382 0.00016700698047854786 0.0009513805067543281 0.0010933988026158887 0.00019517720216173296 0.00012322661646014564 0.0 6.92000481402785e-05 0.0 2.1992318180944153e-05 6.914609811392057e-05 3.613045597409269e-05 3.894457896594933e-05 1.2108459120465424e-05 2.3862947725208507e-06 4.5410776634492735e-06 0.005571186414431366 0.00012884485519798312 4.0135754469554964e-06 0.001606324209919052 0.00023814022952560996 0.0004841667443941563 1.4631993275985083e-05 1.2478566493861531e-05 3.2905481236087205e-06 0.00012732212816851226 6.281547549780445e-06 1.7973413058964673e-05 0.00018371028932046745 3.3733785797268704e-06 6.732092567163719e-05 0.00013396304823484197 1.673807043095111e-05 1.3666820336386454e-05 5.742793983148081e-06 6.673085962656195e-06 9.354576155929566e-06 5.544728432467294e-06 0.0 0.0 0.0 0.004702328463476562 0.001480051132865874 2.7390741894183332e-05 9.5254547553899e-05 0.009291019390173492 2.241447183832532e-05 0.0008389964725738156 0.00383991548390651 0.0009563409724503008 6.883210669029088e-06 0.0020269119662867647 0.0010363526057387707 0.00036172632782811344 0.0013167899423860506 0.0038214257356010872 0.00019276659972485775 0.004044097785116379 0.0013946212214267365 0.001693635390999105 0.0007036185064527023 4.717661446135869e-06 0.0 0.0 0.0 0.0 0.0 0.0 1.1775073331875979e-05 0.0 0.0 2.798477514348576e-06 0.0 0.0 0.0 0.0 0.0 3.016494941386658e-06 3.077381882833595e-06 0.0 1.1585054696454117e-05 2.5564310112340637e-05 0.0 0.0 0.0 0.00017158418421087552 0.0 2.4723639513067113e-05 2.925851959185729e-06 1.8267991031658877e-05 0.0 0.0 0.0 0.0 0.0 0.0 0.0 2.432550639329954e-06 5.185737300591805e-06 0.0 0.0 5.262364647163133e-06 5.256473944903949e-06 0.0 4.274032885014951e-06 6.242421299447319e-06 2.145702486823513e-06 3.074496585559352e-05 1.77091911633154e-05 8.8352654728164e-05 3.667005267207586e-06 3.339024359083499e-05 7.411611834981738e-05 2.854208228761883e-06 2.6301134252279e-06 3.9387242680768695e-06 1.92615583783189e-06 0.0 0.0 0.0 0.0 0.0 0.0007088927353776996 1.240278797094955e-05 2.8788606126260335e-06 0.0 0.0 0.00016034050395581742 4.965042814320407e-06 1.4094697442607537e-05 4.236685129524204e-05 2.303567782481887e-05 1.1117267810368207e-05 6.568111756542063e-06 0.0 0.0 0.0 0.0 6.300300358080888e-06 6.306982960913779e-06 0.0 0.0 0.0 0.0009144580261476843 3.90927373687191e-05 5.345690384352574e-05 0.005950138546095407 8.842028487878794e-05 0.00101340803666093 0.00024730798913710566 0.008659341155461521 0.0001299362195867627 1.601426878621884e-05 3.303088513763631e-05 0.0023502220345465426 2.8018029944956312e-06 0.00014548673984497989 2.660376885064085e-05 0.006406870141556907 1.2464299726971769e-05 0.0 2.1609350710556868e-05 0.0 0.0 0.007300457445595788 0.0007353083161723844
0.006811667532579915 0.02153946395821645 0.04147502103977074 6.933291817419217e-05 0.011357177071440629 0.00018922966722416734 0.0020136393145446523 0.0805691877401385 0.03737283135859457 0.00013391798273020602 0.0 0.0007499039096464176 0.009614661942828057 0.059733654081730196 0.002485767039118566 0.0037388604519941167 0.0005678899840290592 8.014386528156188e-05 1.0325640634891578e-05 5.4703368237947616e-05 8.588182883863118e-05 3.897976195323541e-05 0.00017055096173144847 6.02625559712708e-05 0.00032242922050955853 0.00010751165377856648 0.0004504330774656839 6.736965568362138e-05 2.459437036658247e-05 4.145792807466104e-05 0.04344399143917908 0.0036993811261770795 0.028309472841709083 5.792316230547683e-06 0.00010122352675719064 0.00024322558262984012 0.004418051641431601 0.0026519768074298317 0.0008881965873765947 0.00017351686343432135 0.00035210348053609576 0.0004044456209193869 5.455350314713379e-05 0.00042329017299405365 2.343921394993839e-06 9.287899500474197e-05 0.003930756747631001 0.0001908200212232662 8.374408085076287e-05 0.0002735991494602559 5.446465089823865e-05 4.874962516820996e-05 5.468554963793499e-05 3.99654794389653e-05 0.00035450060777181323 0.00038596871981955 0.0007423224949745836 0.005077385535734413 0.000567261751724748 0.0010581427927213527 0.0005072085134914006 0.006857942627839925 2.4359912715308343e-05 0.001701948525819146 0.00028020143063831813 0.00021033235844087792 0.00014829112095299233 0.00013906721374919154 0.00021739879414247899 0.00011394616655085703 0.006591253978813057 0.00010488349515906767 3.2223994706429592e-06 0.00638137520729229 0.0031591098132852406 0.006820495559478773 0.0023875954375706288 0.0027626817574121425 0.0023915062020561442 0.01262662372137148 0.00042144799193378205 0.0023575529176596646 0.0008036044066267787 2.3203150732807642e-05 0.00020829893205268898 0.0005141066256197245 0.00027353078533666903 6.974338669403805e-06 5.9818684147669224e-05 7.901707648464479e-06 3.62389264296108e-05 1.3444030913142789e-05 0.00031277021048349834 0.00014265636162891554 0.00015445449098694524 0.0009687622989308756 0.0003752554626049621 0.0 0.0003404316777358651 0.0017719886984319175 7.606403404165888e-06 2.6900270656208725e-05 2.232564420029368e-05 0.0 1.0151624585629713e-05 5.8294476280867604e-05 1.299015502466141e-05 5.793835239829979e-06 8.406101000787394e-05 0.00020836393285901905 0.00010238034666730202 0.0007387132666392972 0.00027446170866016515 0.000570148000451627 0.0007805351890502193 2.2998175556634786e-06 0.0 0.0 0.0 0.0 0.0 0.0 0.0 0.0 0.0 9.565885029904539e-06 0.0 1.011785446281331e-05 0.0 7.680654379332728e-06 0.0 3.3638321597135206e-05 0.0 1.546741138124191e-05 1.785355882342347e-05 7.463838113112e-05 1.7708984398577868e-05 7.328376320883031e-06 2.6303740994759474e-06 0.0006579625579028518 3.6384807741534286e-05 0.00036961855661087365 0.00013377478082140764 8.727582096151819e-05 3.1239657270684694e-06 0.0 0.0 2.73129318867975e-05 0.0 5.487417834554226e-05 0.0 5.557976108703321e-06 6.228637541681269e-06 0.0 0.0 1.0998508004858783e-05 5.296095945086717e-05 1.0509192138101767e-05 0.0 3.046705362300697e-06 0.0 1.612676889393748e-05 4.781426184403415e-06 1.8718818521483579e-06 5.5129607298669097e-05 4.644162324477784e-05 0.000202027874757908 1.631494305396388e-05 1.7381832524969826e-06 1.975042555722443e-06 0.0 0.0 3.198620019039129e-06 0.0 0.0 6.457412929642138e-06 0.0007824899947793146 2.6632905936548972e-05 1.25542631479827e-05 0.0 1.6096826513788454e-05 0.00028750428767022684 1.448171247922526e-05 0.0001044741445081712 1.4666881435171728e-05 0.0 9.550023579512752e-06 5.428800885309969e-06 4.6604982790146e-06 3.014980452467045e-06 9.430229280632306e-06 2.1980707210841016e-06 0.0 1.9495850450382154e-06 1.975461275243552e-06 5.544241405243421e-06 0.0 0.000350627969531952 0.00023087916190733782 0.00027339467755112853 0.015914182767377855 0.0007371617989764675 0.01630326332211266 0.005148980257557999 0.0014018126093284602 0.0012725029319326276 4.490256816303379e-05 0.0008087498428850023 0.00022604085114409105 2.0214787347763423e-06 0.00010570703358377302 4.947434360946267e-05 0.0007764069078933978 5.650835575406431e-06 6.676439201178538e-05 1.3141530418873855e-05 0.00016014870563686522 2.0478189216137848e-05 0.0012324320433282057 0.00018177205658033438
0.00594305106927746 0.0048552232011433005 2.301328361324608e-05 0.025745857619737283 0.0008662213886462352 0.0016380542965725013 0.0049811157684640246 1.3719119258419238e-05 0.0005388170794022664 0.02972973444576207 0.0007499039096464176 0.0 0.02833216596695205 0.005744442463318974 9.103864100809848e-05 0.00010535627051650544 2.0697997041640037e-05 0.0 0.0 2.7347989978136837e-06 3.6604875739021994e-06 1.675844035714615e-05 3.7116841971237152e-06 0.0 4.522715950231323e-05 1.3370456318169983e-05 2.297899247677528e-05 1.100225739457299e-05 0.0 1.4937548865744298e-05 0.00010269670006414398 2.683533397206045e-05 0.0007850026676752532 0.0 0.0 4.455717143595419e-06 0.0006957587062495667 7.327146296712846e-05 0.0001308648864121759 2.8775086893421665e-05 5.205335349745615e-05 4.115186436265211e-05 5.940551479483075e-06 3.846760904678352e-05 0.0 2.9929896581505864e-05 0.0001245156072547424 7.111557627060119e-06 0.0 1.4532573423662361e-05 3.951987012188507e-06 2.1864454867253885e-05 1.5281669008918076e-05 2.8114581208604643e-05 5.7106120311630204e-05 2.6891055813169225e-05 0.0001473410786718184 0.00020663763866264062 5.31409011933438e-05 2.237696119909923e-05 8.02555637782981e-06 7.974664745152717e-05 0.0 2.9157490657840308e-05 1.45404838909366e-05 2.0940433635311997e-05 1.734792143380605e-06 0.0 0.0 1.2714321991488162e-05 0.003963991511840571 7.687380528326132e-05 0.0 0.0004211579060296487 8.146424128910772e-05 0.00018541905070420728 4.688800152577667e-05 0.00017106802944408256 2.4348422623051787e-05 6.946062695844705e-05 5.551411805436049e-05 3.918868993544319e-05 2.546610607015879e-05 0.0 7.47388629338315e-06 2.3167084768010865e-05 1.171795335933146e-05 0.0 6.14795492752086e-06 0.0 3.130369574202581e-06 4.0263057927955915e-06 1.718988988925345e-05 2.810167473604075e-05 1.8447551556882582e-05 0.004379433224882094 0.0002349871484773427 1.7751900219626826e-05 0.00014007797119803045 0.0016453747609193226 5.117286620430489e-06 0.00010979336811878914 9.087610885652208e-05 5.694421699272927e-05 3.14272695663717e-05 0.00027462569687078804 0.00028757097306505026 0.00018685689720937288 0.00042850986173423176 0.00152829854507033 0.000257480414422752 0.0029437904030538207 0.0006055756090059146 0.0015049174499256683 0.0012973321868736264 1.2121912724334785e-05 0.0 0.0 0.0 0.0 0.0 1.31539620859352e-05 0.0 0.0 0.0 0.0 0.0 7.473581252612477e-06 0.0 0.0 6.761950265851819e-06 1.4324560061504064e-05 0.0 0.0 3.307127323884132e-05 6.432407019932017e-05 0.0 0.0 3.5500089054070145e-06 0.0006161656135093279 2.087771410534924e-05 0.00018365411862408633 8.458623295705051e-05 5.788112795515105e-05 0.0 4.51881906275698e-06 1.8833952159017112e-06 0.0 0.0 1.4605096950600973e-05 0.0 0.0 1.1674175320955946e-05 0.0 0.0 2.7213289867019942e-06 3.548709502040688e-05 1.9428526847316442e-05 0.0 0.0 0.0 1.2271137597856049e-05 1.1301960788866248e-05 6.192823377827992e-05 5.672298592266534e-05 1.3473576171059082e-05 0.00013927383835548115 8.275235094782303e-06 0.0 0.0 0.0 0.0 0.0 0.0 0.0 0.0 0.0010086513812269245 3.0376715179314186e-05 1.0876482153600544e-05 2.7768952938503154e-06 2.5675562934800487e-06 0.00033704619914976105 0.0 2.9152297095959337e-05 1.8298963552237087e-05 8.524176825196641e-06 0.0 1.1845106138976312e-05 0.0 0.0 2.865455560800305e-06 0.0 0.0 0.0 2.284750182316324e-06 0.0 0.0 0.0010034087487999766 8.874738066641456e-05 0.00016846263671042156 0.003784995274540347 5.3798826588173094e-05 0.0008918712819481467 0.000305746565204737 0.0035882844872705574 0.00011359538808087218 0.0 3.9477268549752994e-05 0.0020997409470232646 0.0 8.808980785987451e-05 1.2692482277737817e-05 0.004898819101047493 1.957478267965924e-05 0.0 5.532869009837439e-06 6.893710467016428e-06 1.1665213115964152e-05 0.003886377503362554 0.0004887946974012205
