0.0 0.06289519405575222 0.0035939523549206737 0.01816956572894295 0.0007558695827561981 0.00010105137372656889 0.014355553715053362 0.0006271522590702479 0.0007197278424081472 0.02961131090998232 0.0014445879342843075 0.004015717829408514 0.008176145417143873 0.0025098005787839595 0.0 1.1489549875538626e-05 0.0 0.0 0.0 0.0 0.0 1.486364399511423e-05 0.0 3.544668260448202e-06 0.0 0.0 0.0 0.0 4.10415485231128e-06 2.729719611340861e-06 0.009905231146175858 5.953415935242216e-06 7.804329412324355e-05 0.0 0.0 1.3860546445908714e-05 7.030605395012274e-05 0.0 1.4321140976716356e-05 0.0 2.744609613097366e-06 2.7253684288504406e-06 3.489646283789322e-06 0.0 0.0 0.0 0.00015410637306665858 4.020149291054609e-05 0.0 0.0 6.396696740910995e-06 6.597313808597359e-05 0.0 5.795687989080032e-06 7.753623322108158e-05 6.857524267104243e-05 0.010211693998125123 0.052336894767294376 0.000544500958552485 4.4347134672855916e-05 0.0 6.82654846021942e-06 0.0 0.0008120198888161594 8.029508773845726e-05 3.163705645191053e-05 2.540190594305677e-05 0.0 1.0220876983766413e-05 2.408462633865436e-05 0.00020062943535698106 0.0013252239913659702 2.3230631091151705e-05 0.00500029360419489 0.0002682879180213799 0.00011066942623949519 2.6503986327748585e-05 3.104903696819497e-06 1.0636820631836928e-05 0.00017901476008597242 0.0 3.1987820833136064e-05 0.00013177670423608536 8.29503015861621e-06 5.285137386031379e-05 3.032294381534215e-05 6.268358975071427e-06 1.0763093855354317e-05 8.923430440547171e-06 2.002939706144107e-05 6.343680326233429e-06 1.2443496756704654e-05 6.481063971460975e-06 8.586924095941495e-06 2.844070511893397e-06 0.0023351358310276598 0.0009803062138303614 0.0001084768318375036 6.54448451826686e-05 0.013794584767749049 0.0 0.000297423467771323 0.0 0.0 0.0 9.452712024855087e-05 6.781492502344376e-05 0.0 0.0 9.895666203847133e-05 3.2527591633321824e-05 7.524478085604414e-05 7.461171628895387e-05 5.605329399727087e-06 3.1902699529712436e-05 0.0 0.0 0.0 0.0 0.0 0.0 0.0 0.0 0.0 0.0 0.0 0.0 0.0 0.0 0.0 0.0 0.0 0.0 0.0 0.0 0.0 0.0 0.0 0.0 0.0 0.0 0.0 0.0 0.0 0.0 0.0 0.0 0.0 0.0 0.0 0.0 0.0 0.0 0.0 0.0 0.0 0.0 0.0 0.0 0.0 0.0 0.0 0.0 0.0 0.0 0.0 0.0 0.0 0.0 0.0 0.0 0.0 0.0 0.0 0.0 0.0 9.772524698194419e-05 0.0 0.0 0.0 0.0 0.0 0.0 0.0 0.0 0.0 0.0 0.0 0.0 0.0 0.0 0.0 0.0 5.349967562983898e-06 0.0 0.0 0.0 0.00014609242662437684 0.0 6.111205626448747e-06 0.0002167281394397662 2.8487494960595222e-05 0.0007173360396009699 0.00018376444970041137 0.003964216275712539 8.297280120384981e-05 3.1266810126843574e-05 7.219772005499889e-06 0.0 0.0 0.0 0.0 0.0007987853742228689 0.0 0.0 0.0 5.517886989498553e-05 0.0 0.0018211688954108695 0.00027049176038907965
0.06289519405575222 0.0 0.02910952611287404 0.006860708878354292 0.028555680319022 0.0011166884272425497 0.03323896681486657 0.0191803246161523 0.0342853455389808 0.004519604052517681 0.0405653226309336 0.0010952136457371344 0.03942665695714221 0.052526177894366914 7.243468901067897e-05 0.00014488589113444798 2.3411447076058462e-05 0.0 2.629501644575778e-06 0.0 7.998987553330272e-06 2.4113816077974824e-05 3.0688847021637184e-05 2.3216006961712998e-05 1.4892524318037117e-05 1.8094230420866615e-05 2.6975562260770744e-05 8.928556891971205e-06 2.760430859142036e-06 1.6911165881114035e-05 0.048975654289388375 0.0006287779570142715 0.004550341362717762 0.0 4.054120700236208e-05 0.00016831290187834376 0.001246673920413847 6.473766352317294e-05 4.311160550716157e-05 1.5356617581096136e-05 0.00015111368845361817 8.647279001295827e-05 3.129300223641803e-05 3.441582075099089e-05 3.5753449494559026e-06 2.077666899489497e-05 0.002304560340304499 0.0003165866728654764 3.256771208862636e-05 3.599976222642684e-05 6.28693778244342e-05 2.351586324505485e-05 0.0 3.836793303945051e-05 0.0004192465508451394 0.00040351535545499824 0.005158270234398155 0.036696358253314784 0.0007693967724307426 0.0008460673079904791 8.22759100010911e-05 0.0003516756454624204 1.7168598941546142e-05 0.005934010916049541 0.0005120226983296928 0.00036865781549501965 0.00010983761255358426 4.444725633578319e-05 8.761893516324988e-05 0.00033217241916397305 0.00019504115542281873 2.6713058042984163e-05 0.0 0.015330487093651899 0.0035662733866637904 0.0027519044643120817 0.0007654396144432395 0.0002121089924421905 9.10610513560217e-05 0.004157883786829976 3.307109340085112e-05 0.0003259469488035634 0.0011886461940748558 2.2652001231623212e-06 0.0005111563220488399 0.0002175217453843954 6.0750298500665686e-05 1.2596918446807937e-05 5.466072598775623e-05 2.020553263375157e-05 2.363234158493369e-05 1.8084151694337655e-05 0.0001360495548436479 3.616166187974535e-05 3.905500055957605e-05 0.00029796906863996793 0.0 2.491359779419395e-06 2.1551149296843448e-06 0.017957285929664012 0.0 0.0 0.0 0.0 0.0 0.00018745345736964576 0.0 0.0 0.0 5.2752230672025764e-05 9.253938991349337e-06 0.0 0.0 4.600655969539126e-06 7.099770972606196e-06 2.5964376341148456e-06 0.0 0.0 0.0 0.0 0.0 0.0 0.0 0.0 0.0 0.0 0.0 0.0 0.0 0.0 0.0 0.0 0.0 0.0 0.0 0.0 0.0 0.0 0.0 8.877151147461515e-06 0.0 0.0 5.505557932573697e-06 0.0 0.0 3.3213221507638814e-06 3.71768916389881e-06 0.0 0.0 0.0 0.0 0.0 0.0 0.0 0.0 5.815644079567971e-06 0.0 0.0 0.0 0.0 2.3526933117780666e-06 0.0 0.0 0.0 4.195719527582255e-06 3.7294168056604245e-06 0.0 2.3149411705903356e-05 0.0 0.0 0.0 0.0 3.89371944708519e-06 2.5616933751151734e-06 0.0 1.5809232486490468e-05 8.452765016537094e-06 0.0 0.0 0.0 0.0 1.7126351046915287e-05 0.0 0.0 0.0 0.0 0.0 0.0 0.0 0.0 6.992723727466603e-06 0.0 2.2492081566778863e-06 1.2303640084216056e-05 0.0 0.0 0.0 1.1988928818695085e-05 0.0 1.0698195205912325e-05 0.0014044885022457864 0.00021630573560123547 0.006041193444581286 0.0008891563353162959 0.0008297242098800399 0.0005291750459986074 0.00013685771130748573 0.0004767767575040631 0.0 0.0 6.2809171798362155e-06 0.0 8.633182884143019e-06 2.9660575234521005e-06 0.0 0.0 0.0001848203828066086 0.0 0.0024102164684431213 9.253758594447397e-06
0.0035939523549206737 0.02910952611287404 0.0 1.176572117457662e-05 0.0033088354043683188 2.7911591559479927e-06 0.0028848455439228005 0.06267668974661693 0.006605879760574284 4.85309892450705e-05 0.07243818175734731 0.00012620915934761584 0.0017279485728542683 0.021714915189980106 0.00020784218040780777 0.0006662795294395223 0.0001335911517120377 9.518469575510903e-05 2.4605138675196464e-05 6.557196071917893e-05 0.0001092092080094021 1.7880351577458706e-05 9.579261073622797e-05 0.00010002552934910638 0.00017190342228519027 0.00012188560384787531 2.2952966852235602e-05 2.186778272245748e-05 1.0683408880536243e-05 6.34465992979326e-05 0.08315040039704917 0.010875575904595862 0.009733076790878504 6.417194713280616e-06 0.00020339514173114295 0.0005492243715035014 0.00208987490617649 0.0001858291574440142 4.458710701808092e-05 1.921810219837183e-05 0.0007342766703094003 0.00033880603763021305 0.0005071594974781867 0.00027735582794902283 9.107143834698849e-06 0.00063236265103893 0.00192739902437383 0.00014276786124604133 6.394623305459295e-05 0.0005067681080832718 0.0004500931626756517 3.2999843075560434e-05 0.0 0.00015087546823922232 0.0001560447218809362 0.000128366044263506 0.0007225535557497309 0.012661026299820011 0.00015502674193290875 0.0004595866934047138 0.002161992638291248 0.001415028977799647 0.00017118475512587929 0.006485387636857681 0.00016622766747857273 0.00020936804986266874 3.16452814447575e-05 0.0005045996071505231 0.0013187167258388644 0.002576840195476763 0.00045909478100408346 1.916413656883349e-05 6.4360626625580155e-06 0.004273827297240115 0.0017925939819086528 0.0019023690272641986 0.0011586554968872358 0.0007834653080952791 0.0014491525675498801 0.036688137172984 0.0013129491521194521 0.006459557385267533 0.0004045807151632913 0.0 0.00021986099555590377 6.20008455356524e-05 0.0003068109518475126 2.2776820681895105e-06 3.86428671336821e-05 2.862392662625852e-05 4.279061698239386e-05 4.022177454486857e-05 0.0010268599511969478 0.00017004935637800656 0.00010412783346283111 5.4969768689579534e-05 4.208382330295298e-06 0.0 0.0 0.002374008771716156 0.0 0.0 0.0 0.0 0.0 0.0 0.0 0.0 0.0 8.938300628595416e-06 0.0 0.0 4.976482387792478e-06 1.8199591427276602e-05 3.9045110063275535e-06 0.0 0.0 3.124591150286161e-06 0.0 0.0 0.0 0.0 0.0 0.0 0.0 1.715641857959001e-05 0.0 0.0 0.0 0.0 0.0 0.0 0.0 0.0 2.3039934747190533e-05 0.0 0.0 0.0 0.0 2.7088741157440574e-05 0.0 1.3322570859847981e-05 1.6363361543797144e-05 3.7619087528933702e-06 1.2222913046578743e-05 0.0 0.0 0.0 0.0 3.974177386917316e-06 8.336239907091085e-06 0.0 7.081399978778964e-06 0.0 1.0786254467565183e-05 1.5868111454893083e-05 1.0720535392366104e-05 9.419035102672282e-06 0.0 0.0 0.0 0.0 0.0 0.0 7.493010875715577e-06 5.124733621608033e-06 0.0 3.6988313518674943e-06 0.0 0.0 0.0 0.0 0.0 2.9389003019718624e-06 6.306762319124198e-06 9.762471637329415e-06 4.212252661733309e-05 3.0090053488467948e-06 2.4005906245350103e-05 3.984220633084974e-06 1.8352251441571702e-05 0.0 7.371010040639485e-06 1.1112609512175606e-05 0.0 4.828234379464314e-06 0.0 0.0 5.455910078692086e-06 1.2426535300867276e-05 0.0 0.0 3.456314788266894e-06 0.0 4.395408991173369e-06 5.916738226943616e-06 0.0 1.189880501472005e-05 1.0397674932951845e-05 2.8767126746819814e-05 0.0014985763371459782 0.00016386455296262236 0.003766417128590223 0.0004728910798882193 0.00029104445015719387 0.0003379032803859015 4.5074594510794695e-05 0.0003348073585195061 9.478708001756987e-06 9.042125381439476e-06 0.0 6.416896125304995e-06 0.0 0.0 0.0 0.0 0.00011397140606394324 0.0 0.0005948684437837448 2.219336940989298e-05
0.01816956572894295 0.006860708878354292 1.176572117457662e-05 0.0 0.0015573429738031462 0.004026678016440503 0.01935166786066976 4.557155433840792e-06 0.0034450878863737217 0.00711440896058187 4.521267417012281e-05 0.005817449515262547 0.02929275635758315 0.00838943106047453 7.670984515055019e-06 0.0 0.0 0.0 0.0 0.0 0.0 0.0 0.0 0.0 0.0 0.0 0.0 0.0 0.0 0.0 0.0011403351738541714 2.7671228239104753e-06 6.903172816130591e-05 0.0 0.0 0.0 6.730828666013003e-05 3.315533414621696e-05 0.0 0.0 0.0 0.0 0.0 0.0 0.0 0.0 0.00010134133006754001 1.8036280853616515e-05 2.536041534678693e-06 0.0 0.0 0.0 0.0 0.0 5.0811249168861256e-05 3.32362491836908e-05 0.00076026999977733 0.003523782986988934 8.443860943398339e-05 3.756088268739581e-05 0.0 2.782399653761941e-06 0.0 0.0003192530773112922 3.844034384902605e-05 2.6811081871951538e-05 6.964681570481455e-06 0.0 0.0 0.0 6.687409781224054e-05 7.518954853152897e-05 0.0 0.0013820295791501706 0.00017586473412447282 9.794823091547292e-05 0.0 0.0 0.0 0.0 0.0 0.0 6.317216446307075e-05 0.0 3.0155278718508273e-05 1.5174293680834098e-05 4.923839208084438e-06 0.0 4.541390403433508e-06 0.0 0.0 0.0 0.0 0.0 0.0 0.0008871466603777738 2.0004618406519718e-05 0.0 0.0 0.0040679212334941124 0.0 0.0 0.0 0.0 0.0 0.00012663703960295256 0.0 0.0 1.0573703373002576e-05 0.0 0.0 3.0864425275804916e-05 0.0 0.0 0.0 0.0 0.0 0.0 0.0 0.0 0.0 0.0 0.0 0.0 0.0 0.0 0.0 0.0 0.0 0.0 0.0 0.0 0.0 0.0 0.0 0.0 0.0 0.0 0.0 0.0 0.0 0.0 0.0 0.0 0.0 0.0 0.0 0.0 0.0 0.0 0.0 0.0 0.0 0.0 0.0 0.0 0.0 0.0 0.0 0.0 0.0 0.0 0.0 0.0 0.0 0.0 0.0 0.0 0.0 2.220469524808246e-06 0.0 0.0 0.0 0.0 0.0 0.0 5.330141690029774e-05 0.0 0.0 0.0 0.0 0.0 0.0 0.0 0.0 0.0 0.0 0.0 0.0 0.0 0.0 0.0 0.0 0.0 0.0 0.0 0.0 3.678002075864431e-06 0.0 0.0 4.751453610453873e-05 9.203331094184997e-06 0.00038793733730909427 9.098800650778188e-05 0.004384360217742933 2.8552612021611972e-05 0.0 8.151395518824959e-06 0.0 0.0 3.9379606929236635e-06 3.798057020475942e-06 0.0 0.0 0.0 0.0 0.0 0.0 0.0024110543394791563 0.0
0.0007558695827561981 0.028555680319022 0.0033088354043683188 0.0015573429738031462 0.0 4.964152593613359e-05 0.02226582571220349 0.009798038574858727 0.059360111738550735 0.0017418735723715752 0.03191998142113389 3.403736072228281e-05 0.009411031264907483 0.0625827866471296 3.2849562549392035e-05 9.753115880759947e-06 6.3583774899223434e-06 0.0 2.59636759496007e-06 0.0 0.0 0.0 0.0 0.0 0.0 0.0 0.0 0.0 0.0 0.0 0.005524775903679047 0.0004017387960514878 6.629872753811258e-05 0.0 0.0 1.5314746838098068e-05 7.274933346253256e-05 0.0 2.6552647643272473e-06 1.0015538309401972e-05 5.143161291856565e-06 1.0379756428927176e-05 3.0426845058315764e-06 1.7914077734402616e-05 0.0 9.353752159446851e-06 0.002487567685633929 0.0001753207167397449 2.7335597844717682e-05 9.030897459831504e-06 1.4074704063583987e-05 0.0 0.0 0.0 0.00022292617887305116 0.000157991029700547 0.0003011608291828193 0.002788310775263377 0.0002592596251426166 0.0005974614372885019 3.5812132629798635e-06 8.1173873621263e-06 0.0 0.0036827647616587424 0.0001983451631572679 0.00016907012720510225 3.150963541566587e-05 9.275132747427581e-06 9.844606139428972e-06 0.0 1.7536157053264697e-05 1.885342582924515e-05 0.0 0.004161622729882254 0.002355023773878786 0.002743393704801863 0.0011600995978176198 4.537887984910824e-05 2.5981274439197795e-05 0.00012349520730099383 1.746751683844918e-05 1.9168926878392997e-05 0.0005359653570295571 2.217291267768357e-06 0.00020311397161782484 7.19655381833909e-05 5.332736801988571e-05 2.5398423107850392e-06 4.5764537783321257e-05 0.0 1.2082228806182406e-05 2.9237686190529904e-06 0.0 7.12693510584513e-06 0.0 5.56967619838064e-05 0.0 0.0 5.284015100732884e-06 0.007477392469974894 0.0 0.0 0.0 0.0 0.0 0.0 0.0 0.0 0.0 5.610404934528736e-05 0.0 4.938329940580332e-06 0.0 1.167525616011401e-05 1.3566205515613466e-05 0.0 0.0 0.0 0.0 0.0 0.0 0.0 0.0 0.0 0.0 0.0 0.0 0.0 0.0 0.0 0.0 4.3702612483377065e-06 0.0 0.0 0.0 0.0 0.0 0.0 0.0 2.150099204634602e-05 0.0 0.0 0.0 0.0 0.0 0.0 0.0 0.0 0.0 0.0 0.0 0.0 0.0 0.0 0.0 0.0 0.0 0.0 0.0 0.0 0.0 0.0 0.0 0.0 0.0 0.0 0.0 0.0 0.0 0.0 0.0 0.0 0.0 0.0 0.0 0.0 1.098625380833779e-05 0.0 0.0 0.0 0.0 0.0 0.0 0.0 0.0 0.0 0.0 0.0 0.0 0.0 0.0 0.0 3.191403435318824e-06 0.0 0.0 0.0 0.0 2.3294040486986896e-05 0.0 2.2591219225659927e-06 0.002334637028525179 0.000102461559348213 0.006027363687946835 0.00038036411109627655 0.000900903644717669 0.00040979479824150865 5.687044542387429e-05 0.0006308418233664492 3.9261653620052304e-05 0.0 0.0 0.0 0.0 0.0 0.0 0.0 8.378753720118129e-05 2.8460878238644926e-06 0.001188688556474289 1.4660291760198715e-05
0.00010105137372656889 0.0011166884272425497 2.7911591559479927e-06 0.004026678016440503 4.964152593613359e-05 0.0 0.0030102373804321973 0.0 0.00027238399809639987 0.023116460663991235 7.624540399563687e-05 0.007042003990060053 0.008404246861967134 0.0026546028288833043 0.0 5.597610808400491e-06 0.0 0.0 0.0 0.0 0.0 0.00013862048417151513 0.0 0.0 0.0 0.0 0.0 0.0 0.0 0.0 0.00018329088847990007 0.0 0.0004967827617182012 0.0 0.0 0.0 0.0004259300740522925 1.253528122590213e-05 0.000105976491149228 0.0 0.0 0.0 0.0 0.0 0.0 0.0 2.687340508490782e-05 0.0 0.0 0.0 3.8117581997369193e-06 0.0007524626957974945 3.4888559933001416e-05 0.0 0.0 8.433586337627963e-05 0.002827830563487369 0.0016177289288510626 3.760953432645753e-05 1.711467293942432e-05 0.0 1.1037451969694673e-05 0.0 8.518124495970471e-05 2.6199150352658986e-06 2.7729754707813927e-06 0.0 6.083065552882088e-06 4.260761480821191e-06 0.0 0.0015232697217003122 0.010365891491210578 0.00035188494572647663 0.0004875392016541002 5.9035282433338916e-05 7.107982787033263e-05 6.753249259259598e-06 3.718053413582032e-06 0.0 2.8481190975881526e-05 0.0 9.967621620681483e-06 1.5223731417251385e-05 0.00021554647291840563 1.4463292813875586e-05 3.8351567377212635e-05 5.585165726086343e-06 0.0001228369813979425 9.922056312269016e-05 0.00033187470944248985 9.179119894652497e-05 0.0002414341174488344 4.129401663688237e-06 0.0 2.3974404983530094e-05 0.005764392472345799 0.014869384168318255 0.0009751338669462395 0.0009234684292310243 0.011301581337783598 0.0 0.0001402775562009988 0.0 0.0 0.0 4.592608562812217e-05 8.50599915161355e-06 0.0 0.00011114015824678069 0.0002431914069842992 0.0 9.558035454336966e-05 0.0001630762364717264 1.9358768007411648e-05 5.175577163665479e-05 0.0 0.0 0.0 0.0 0.0 0.0 0.0 0.0 0.0 0.0 0.0 0.0 0.0 0.0 0.0 0.0 0.0 0.0 0.0 0.0 0.0 0.0 0.0 0.0 3.30442506643915e-05 0.0 3.336223257412691e-05 8.4176654931405e-06 0.0 0.0 0.0 0.0 0.0 0.0 0.0 0.0 0.0 0.0 0.0 0.0 0.0 0.0 0.0 0.0 0.0 3.63425133450134e-06 0.0 0.0 0.0 0.0 6.24584945052962e-06 3.2311933703225816e-05 0.0 0.0 0.0 0.0 0.0 0.0 4.904128715422125e-06 0.0 0.0 6.69013522591264e-05 3.8859315538580814e-05 0.0 0.0 0.0 1.836862355478436e-05 0.0 4.429105197162932e-06 0.0 0.0 0.0 0.0 4.329280970251502e-06 0.0 3.9908941664968945e-06 0.0 0.0 0.0 0.0 4.25954040345175e-06 0.0 0.0001866424984180491 5.450058583780951e-06 1.485059643783384e-05 0.0001521058499878246 0.0 0.00012477206486702063 2.8132107764762582e-05 0.0035099252994768137 0.00011661514385790296 1.066248813892645e-05 0.0 1.2763068831723817e-05 0.0 3.1616427847301574e-06 0.0 0.00015027525940826433 0.0 0.0 0.0 0.0 0.0 0.0009046309462947766 0.00025201588016286725
0.014355553715053362 0.03323896681486657 0.0028848455439228005 0.01935166786066976 0.02226582571220349 0.0030102373804321973 0.0 0.0011321660611938917 0.011556300554222906 0.011760898547476596 0.018087892955363408 0.0021784200395832736 0.026483919345234537 0.03472993011476081 1.5754334460704184e-05 4.1309177809971676e-05 1.2344673582844211e-05 0.0 0.0 0.0 3.255110036777896e-06 0.0 0.0 4.842327916227205e-06 0.0 0.0 3.254305277673847e-06 0.0 2.6292044389518956e-06 6.83725869110114e-06 0.008035713836086629 0.0003877548606589651 0.0002964792014993851 0.0 0.0 0.0 0.00019374092021535804 1.5397694854196024e-05 7.151574604024757e-06 2.8343728536604854e-06 2.1245781807510207e-05 2.744031951344839e-05 2.1755285785978882e-06 2.0999963727172992e-05 0.0 6.627917647668416e-06 0.0023723612123401645 0.00018612139858201792 2.976471147729025e-05 2.1892162799294092e-05 1.2316781411022743e-05 0.0 0.0 0.0 0.0003423824384660054 0.0001712204237174084 0.0011332491656906743 0.006692437491493765 0.00043935028202820876 0.0007258724108634246 1.601645945333037e-05 2.732560367203676e-05 5.897157675344769e-06 0.003973458531988557 0.00029049792023298434 0.00021091761006163248 5.634432765103057e-05 1.4191775662750803e-05 3.552924310130916e-05 3.545364274548782e-05 3.71877348060287e-05 1.9780486660263737e-05 0.0 0.006375073983374956 0.0029800685451053808 0.002505774350785446 0.0008746106644760228 6.860971529792538e-05 7.373618837880497e-05 0.00011322067871192576 1.704135484632407e-05 3.863125353593894e-05 0.0006942802455930618 1.1226789692288378e-05 0.000287479183358287 0.00013262838819148043 4.675928293292786e-05 8.282524713609459e-06 3.677309540682394e-05 5.090820847179362e-06 1.1627395226246996e-05 0.0 1.6975439707570006e-05 1.7637462930848363e-05 1.8808817108236064e-05 0.0007412825876626476 0.0 0.0 2.9296051384869525e-06 0.011122717638100566 0.0 0.0 0.0 0.0 0.0 6.597788462106136e-05 3.0711874467297196e-05 0.0 3.744857674584915e-06 0.00021936974772087203 1.229271581920675e-05 6.89545717382104e-05 1.710374498814371e-05 4.5183845685390135e-05 3.369590509766766e-05 0.0 1.4921110200039598e-05 0.0 0.0 0.0 0.0 0.0 0.0 0.0 0.0 0.0 0.0 0.0 0.0 0.0 0.0 0.0 0.0 0.0 2.780722400318636e-06 0.0 0.0 0.0 0.0 0.0 0.0 0.0 0.0 0.0 0.0 0.0 0.0 0.0 0.0 0.0 0.0 0.0 0.0 0.0 0.0 0.0 2.6990754075990263e-06 0.0 3.6603328559366907e-06 0.0 0.0 0.0 0.0 0.0 1.4709473070368417e-05 0.0 9.72948089151065e-06 0.0 0.0 0.0 0.0 0.0 0.0 0.0 0.0 0.0 4.9652649259793326e-05 0.0 0.0 0.0 0.0 0.0 0.0 0.0 0.0 0.0 0.0 0.0 0.0 0.0 0.0 4.143505337697215e-06 0.0 2.7511923720784254e-06 0.0 0.0 0.0 0.00021601997677131977 1.0023817674750681e-05 0.0 0.0019235011350627244 0.00017603625218119118 0.005498183757869143 0.0005790397871817939 0.002149675737997976 0.0004916207145064946 2.257827787907148e-05 0.0005709601292672476 5.6888985525397604e-06 1.0187069728853817e-05 0.0 2.9774437243341853e-06 4.537537927372123e-05 0.0 2.8979269356443555e-06 0.0 0.00012062342524457284 7.533783340257018e-06 0.0022332259588124068 0.0001433167587931918
0.0006271522590702479 0.0191803246161523 0.06267668974661693 4.557155433840792e-06 0.009798038574858727 0.0 0.0011321660611938917 0.0 0.004411863467897729 0.0001433620377244023 0.019489197056707003 0.00020989191566933365 0.0030581656995690384 0.014055483153368445 0.0007275694086670095 0.0008352396877990845 0.0006500170666707215 0.00014234719525403847 6.53686674646043e-05 0.00015345302548289412 8.30940938140516e-05 2.5578073539849227e-05 4.9473106190446226e-05 0.00011004805844164435 2.890404868656654e-05 2.9356562449891974e-05 2.6533352777699683e-05 3.2600603996295795e-05 1.1087667509357095e-05 4.390799470182129e-05 0.04268469007044174 0.05259068508368366 0.005126084545810627 4.878092581202207e-06 0.00011612749716434728 0.00020761109220681726 0.000668436416313744 6.174186193735307e-05 3.7233212104713805e-05 1.2433089260853774e-05 0.00044089328354415087 0.0003566054550476655 0.0012807218863082797 0.0017939839759792292 4.0097935642763536e-05 0.0016164086815678683 0.0059197032638307 0.0004047244617735736 0.00022330605304758826 0.0011907175343421022 0.0005848124820536155 5.353877959583147e-05 1.0936846714050715e-05 0.00014780703420676472 0.0002500035824423125 0.0002261314120463427 0.000408850949554992 0.005709513598582075 0.0002980503259246931 0.0013666148834431129 0.005483700103244544 0.002281762826969031 0.0003239222267359707 0.02621692040639119 0.0003093092503414858 0.0004370920427372283 7.590973109393381e-05 0.0008468519534159401 0.0015586077887816067 0.0022245940435448083 0.00025847487074176007 0.0 1.3154616736304677e-05 0.005725883187735653 0.005177118550594588 0.006986453564061726 0.007760054013873425 0.003710955905288831 0.011608425132004507 0.032091404779616 0.008005428984355805 0.023180108832290342 0.0007095063190597469 0.0 0.000373415579656358 0.00013165707724453304 0.0005756269445910148 1.6041583926578424e-05 7.534360356912065e-05 2.8181114207437303e-05 9.78850286420066e-05 8.78667339232371e-05 0.0007960836806410763 0.00012734120404938592 0.0001797691257877669 0.0001819905901450433 2.7430431090675496e-05 0.0 1.7374018483487314e-05 0.003800970283912954 0.0 0.0 0.0 0.0 0.0 0.0 4.785101779720508e-06 0.0 0.0 2.6010322026681098e-05 0.0 1.3282440958473213e-05 1.4116665581012912e-05 0.0 1.238417958280078e-05 0.0 0.0 0.0 0.0 0.0 0.0 0.0 0.0 0.0 0.0 9.486988288673524e-06 0.0 0.0 0.0 0.0 0.0 0.0 2.9387922481442645e-06 0.0 9.741518410453756e-06 0.0 0.0 0.0 0.0 2.265500853783138e-05 0.0 1.6110736072321282e-05 0.0 0.0 8.750392488091784e-06 4.3823466888077614e-06 0.0 0.0 0.0 0.0 0.0 0.0 3.6844023644159427e-06 0.0 0.0 1.6216919808407922e-05 6.82484517248503e-06 2.0837108177626986e-05 2.8227265402595146e-06 0.0 3.204426801443783e-06 0.0 0.0 0.0 1.6248847756131365e-05 4.704717104530551e-06 6.8458755806661185e-06 0.0 0.0 2.6413778891493336e-06 0.0 1.3583369716372563e-05 0.0 6.73661357764871e-06 1.683157928366139e-05 3.384671183906469e-06 7.009188112657837e-05 0.0 7.807839641134364e-06 1.592545992952868e-05 0.0 0.0 0.0 7.464710449347197e-06 0.0 0.0 3.276452165276125e-06 0.0 0.0 0.0 2.722486916650521e-06 6.1848280673235335e-06 0.0 1.526030821387304e-05 2.1146173457862017e-05 4.236400756908925e-06 0.0 4.5926766205961654e-05 0.0 5.1411983523872024e-06 0.003146999864062697 0.0001182097762112963 0.00924722563906518 0.0006931387511348041 0.0006747238022085427 0.0009724914463030951 2.4753391521755715e-05 0.0009156195851206481 8.905649204050182e-05 0.0 1.492021074984143e-05 6.90756012407979e-05 0.0 0.0 0.0 0.0 0.00025282253147605326 1.3279360618014834e-05 0.001054227879023353 7.197787981971659e-05
0.0007197278424081472 0.0342853455389808 0.006605879760574284 0.0034450878863737217 0.059360111738550735 0.00027238399809639987 0.011556300554222906 0.004411863467897729 0.0 0.006316215337501236 0.0307920919505002 0.00025895391874671534 0.015680089262537656 0.02021534823377407 4.9888699873134816e-05 3.6414629252884656e-05 2.771732966959999e-06 0.0 0.0 3.6933818909204498e-06 0.0 0.0 1.0634612555325848e-05 3.3290948842002514e-06 1.5256121300847602e-05 1.1779757343742344e-05 1.0270718597283439e-05 4.172177616683385e-06 0.0 7.746408851421577e-06 0.002061797107555673 0.00020632065649083429 0.00023103609692794782 0.0 1.2447981105745929e-05 3.361790267530789e-05 0.0003234432029221707 2.258846051237282e-05 3.604552889740929e-06 4.810854531833933e-06 1.147838623328652e-05 2.7309146774584114e-05 1.2102800273586149e-05 1.2910808365003992e-05 0.0 4.248286677944654e-06 0.001749995819160848 7.712016400939479e-05 1.7640934476848872e-05 0.0 7.713969203162754e-06 0.0 0.0 3.7780016310547537e-06 9.730274177095263e-05 9.640654355525064e-05 0.0001453387481817886 0.001048728508727555 0.00015319446096756365 0.00039983319883617793 7.736727320625619e-06 4.22415498667634e-05 0.0 0.0015812077658967092 6.738453441734911e-05 0.00010831251975000862 1.936145184331289e-05 6.581824050499698e-06 0.0 6.108429172980988e-05 0.0001451578858880986 0.0 0.0 0.001781089554933307 0.0009412486499298774 0.0016373905721980136 0.0007097216690709929 6.608884069613491e-05 1.385509882809732e-05 0.00012217198727038507 1.336893862344493e-05 1.7054029629418845e-05 0.0002260147588389689 0.0 0.00013374977841722218 2.705880010994997e-05 2.1809210866532877e-05 0.0 1.815077114130273e-05 4.202413335486349e-06 8.75709896755348e-06 0.0 3.386462481368241e-06 1.3965859530791749e-05 0.0 0.0008471263587606315 0.0 0.0 0.0 0.003530700280389843 0.0 7.677158097921339e-06 3.169313085902671e-05 1.285079655935128e-05 5.391340428963972e-06 5.6471037006521615e-05 1.951124370814155e-05 0.0 4.6064378400010075e-05 0.0001563106955711957 0.0 9.440836886162921e-05 8.159014304356e-05 5.350270298014737e-05 0.00011983690074231453 0.0 0.0 0.0 0.0 0.0 0.0 0.0 0.0 0.0 0.0 0.0 0.0 0.0 0.0 0.0 0.0 0.0 0.0 0.0 0.0 0.0 0.0 0.0 0.0 4.19616528993969e-05 0.0 2.1834234658495944e-05 0.0 0.0 0.0 0.0 0.0 0.0 0.0 0.0 0.0 0.0 0.0 0.0 0.0 0.0 0.0 0.0 0.0 0.0 0.0 0.0 0.0 0.0 0.0 0.0 0.0 0.0 0.0 0.0 0.0 0.0 0.0 0.0 0.0 0.0 9.986868403452953e-05 8.169432444315272e-06 0.0 0.0 0.0 0.0 0.0 0.0 0.0 0.0 0.0 0.0 0.0 0.0 0.0 0.0 0.0 0.0 0.0 0.0 0.0 0.0001546203448059477 0.0 0.0 0.001776481244651797 7.498918010284205e-05 0.004150700783076814 0.0002153718936437613 0.000707535818932744 0.0005248940369814733 1.96103650091937e-05 0.0007075006337035396 0.0 0.0 0.0 0.0 0.0001953824320328837 0.0 0.0 0.0 0.00020997488534227554 0.0 0.0009016490910252595 0.00019426997894152643
0.02961131090998232 0.004519604052517681 4.85309892450705e-05 0.00711440896058187 0.0017418735723715752 0.023116460663991235 0.011760898547476596 0.0001433620377244023 0.006316215337501236 0.0 0.00466112805823272 0.025470737748137042 0.16407377492221256 0.038531901889469485 0.0 9.407320132468272e-06 0.0 0.0 0.0 0.0 0.0 5.816506206269188e-06 0.0 0.0 5.128348932189401e-05 0.0 6.039305826232696e-06 0.0 0.0 8.562182073341223e-06 0.0007188216018678455 1.4846690372603374e-05 0.0016374495981564847 0.0 0.0 7.728269078961884e-05 0.0024065651181087847 2.9386573766929306e-05 7.255176706082057e-05 0.0 4.7929268121310035e-06 5.4340394310456495e-06 0.0 0.0 8.711797227539249e-06 0.0 0.00011191858308941636 1.138602232831845e-05 0.0 0.0 2.2509758620033123e-05 3.954133793564298e-05 8.293221120973789e-06 2.3036932739997365e-05 2.0292262764207397e-05 2.5436442618903638e-05 0.000546545387426469 0.0020444183494488567 8.085974156112065e-05 3.279871619655272e-05 1.6147466309985965e-05 6.611537977599585e-05 7.5781503801037375e-06 0.0002959785648465381 2.9146181417167616e-05 1.1089130267888902e-05 5.145593539741313e-06 2.1281811884019093e-06 0.0 0.0 0.003987923104168969 0.0009886256595461754 2.820308484519286e-05 0.0011265609074680312 0.00011617397689843506 9.395456743765891e-05 2.1472643007274816e-05 1.0410164711305557e-05 5.625898332819309e-06 5.342281410844778e-05 0.0 0.0 6.572939030775748e-05 1.0914331890493914e-05 3.609951825731916e-05 4.451875064615581e-06 0.0 6.59837264395103e-06 9.368266391922309e-06 2.966341228107332e-05 1.4603515809575013e-05 5.802303463718914e-06 4.5814698489698e-06 2.0273570603992804e-05 0.0 0.008427786977191098 0.001362514762062784 6.517323057574622e-05 0.0002215458610342555 0.005460770156004643 8.628838152627385e-06 0.0016639748694755264 0.0005072810280832796 6.982852722325623e-05 0.00013712283001319464 0.00044111679461447613 0.0009191734950936475 0.0005237795631222654 0.0005623922827772639 0.00444430640960957 0.0003577373444652569 0.00268591361691798 0.0024522660250896004 0.002101571269465307 0.0007149182937379229 3.371423646407838e-06 0.0 0.0 0.0 0.0 0.0 0.0 0.0 0.0 0.0 0.0 0.0 0.0 0.0 0.0 0.0 0.0 0.0 0.0 4.025690678392297e-05 4.611303672043852e-05 0.0 3.5210738201832504e-06 0.0 0.0004058674549315081 0.0 5.160274806385232e-05 1.2386149664420795e-05 0.0 0.0 0.0 0.0 0.0 0.0 0.0 0.0 5.063703253115642e-06 1.4437147013084375e-05 0.0 0.0 0.0 0.0 0.0 0.0 0.0 0.0 0.0 9.478411717700929e-06 0.00028865607972938426 0.0 0.0 1.1765733154958357e-05 1.16385747655441e-05 0.0 0.0 0.0 0.0 0.0 0.0 0.0 0.0 0.0013563296326427816 0.0 0.0 0.0 0.0 6.526102050920195e-05 0.0 9.401841181350797e-06 2.3053385490394795e-06 8.903438178522062e-06 2.285334352711024e-05 0.0 0.0 0.0 0.0 0.0 0.0 0.0 0.0 0.0 0.0 0.004337252566735519 5.9828925586269125e-05 6.538242877616591e-06 0.00019329832113948854 1.0040210292847467e-05 0.00043783796134832956 4.875743274421796e-05 0.010575125719863642 4.7303592685048586e-05 1.0583035629592482e-05 1.1518744913874088e-05 5.103631561528474e-06 0.0 1.626687638751124e-05 4.2450616513375944e-06 0.0031324803367192952 0.0 0.0 3.312315299773333e-05 1.0658248005359063e-05 0.0 0.011106113094884164 0.005514593300098268
0.0014445879342843075 0.0405653226309336 0.07243818175734731 4.521267417012281e-05 0.03191998142113389 7.624540399563687e-05 0.018087892955363408 0.019489197056707003 0.0307920919505002 0.00466112805823272 0.0 0.0021262144663574054 0.03940642518954598 0.10913117892078611 0.00020105180440632632 0.00024548912739290514 2.2813669341025426e-05 9.977005715461605e-06 0.0 1.2185043520689175e-05 2.241788591071631e-05 2.103096941589457e-05 4.511009768089906e-05 8.810293498252617e-05 8.524105286847593e-05 3.322128015749319e-05 3.6161243948736254e-05 3.4376405986249087e-06 1.3553840840092136e-05 8.058965145777445e-05 0.01720907407559126 0.001567383674370077 0.017189730139987616 0.0 6.147556800227403e-05 0.0002637558594137524 0.004853799068844232 0.00015901706680088114 8.303517498784051e-05 1.5994815050585213e-05 0.00019176729793175668 0.00015713897700282556 3.564111913146499e-05 5.2809451739909404e-05 7.93040194140844e-06 2.295799584786204e-05 0.004063749508367235 0.0001539266627327511 9.222364004103251e-06 3.1815489953595164e-05 0.00015490334077552105 3.74465539044711e-06 0.0 7.775024546143229e-05 0.0002108901643894227 0.00012710740609339906 0.0003527139992015527 0.003331147035812619 0.00021861709521366608 0.0009344568802874512 8.107466845753869e-05 0.0006489947355402036 4.54465455059478e-05 0.0030698412584641835 0.00021075873038607976 0.00018617064900977454 4.295147825916444e-05 4.33213856776634e-05 0.00011461485647004045 0.00032464558744021944 0.0012178331375889268 0.0 4.469713161847433e-06 0.0038338826807998586 0.002331970834427219 0.003707141829806796 0.002036476269860741 0.00024412046370083694 0.00014345502783470816 0.006547836626773202 3.677933188669438e-05 0.00029781238552132846 0.0005394857069582129 0.0 0.0002690684456514025 7.842849449903094e-05 3.616006664583855e-05 2.631556510435783e-06 3.777060917657177e-05 3.996485779281097e-06 4.517460143852761e-05 0.0 0.00028152220337467374 9.21107332372633e-05 3.120196953617461e-05 0.0027183514612077837 2.6757528298427395e-06 0.0 6.7274840659805224e-06 0.00450186922133818 0.0 8.80022848004507e-05 1.5645263913402623e-05 1.1440620383777376e-05 0.0 1.4495365217355748e-05 4.202248282688711e-05 0.0 5.4951533857398585e-05 0.0005125030513898856 1.0252972887226143e-05 0.0003501095856282959 0.0003556853594262758 0.00021139496169061208 9.86149442278097e-05 3.2736911480694543e-06 3.809531231085409e-06 0.0 0.0 0.0 0.0 0.0 4.0194429553943795e-06 0.0 0.0 0.0 0.0 0.0 0.0 0.0 0.0 6.700458859091357e-06 0.0 0.0 1.076872509555504e-05 0.0 0.0 0.0 0.0 8.539125713490672e-05 0.0 1.108616328027312e-05 2.389607863007949e-05 0.0 0.0 2.677258210886497e-06 0.0 0.0 0.0 0.0 0.0 0.0 0.0 0.0 0.0 0.0 0.0 0.0 0.0 0.0 0.0 0.0 0.0 4.800707424972286e-05 4.696303651063158e-06 8.091245708390303e-06 1.4316562858148785e-05 0.0 0.0 0.0 0.0 0.0 0.0 5.691451986593626e-06 3.113070400501481e-06 0.0 0.0003286850662017185 7.608008716881961e-06 0.0 0.0 7.322864572706196e-06 6.862601437688781e-05 0.0 2.5423891556289502e-05 0.0 1.4287687143065027e-05 0.0 1.2160916875004712e-05 0.0 0.0 0.0 0.0 0.0 2.8336538003642553e-06 0.0 0.0 0.0 0.0004760909718847834 2.049751780629163e-05 3.2770834392369305e-05 0.004947435923469961 0.00015969887124715244 0.008022325311842961 0.0007095391845875373 0.0009469652443602917 0.0012477931239895297 5.637939261563369e-05 0.0017573337697988655 1.4111220267121082e-05 0.0 4.425660376629375e-06 3.0275424552746624e-05 0.00023314395155559574 0.0 1.71877117974733e-05 0.0 0.00043017104348169874 0.0 0.0015859609595424142 0.0005424905680165461
0.004015717829408514 0.0010952136457371344 0.00012620915934761584 0.005817449515262547 3.403736072228281e-05 0.007042003990060053 0.0021784200395832736 0.00020989191566933365 0.00025895391874671534 0.025470737748137042 0.0021262144663574054 0.0 0.014306466721360458 0.002709762823686862 2.8994893386973463e-05 3.107000931760304e-05 4.2485884914076636e-06 4.539713610774116e-06 0.0 0.0 0.0 0.0 0.0 1.2860673001742431e-05 2.560441148753216e-05 2.191908985920979e-05 8.868048591652238e-06 3.831595914837608e-05 4.637672584405735e-06 1.4106834986621102e-05 0.00015045114984353313 3.07069178147451e-05 0.0014171440264161364 0.0 8.66085664438973e-06 5.5953026496235135e-05 0.00824137226177103 0.00023427338361257908 6.205267842684943e-05 1.2098842370165472e-05 3.462307444329775e-05 2.1562362934150115e-05 0.0 0.0 0.0 1.2562925956762318e-05 0.00016707745173709048 3.5579936704281305e-06 0.0 0.0 4.709730894287858e-06 0.0 0.0 2.0105173436717158e-05 0.0 3.482753186842859e-06 3.677832991207557e-05 0.00017260651794333742 0.0 2.4846013235323105e-05 2.2058533208528428e-05 0.00019808474260433586 0.0 0.00011843679776386265 2.338044530400014e-06 0.0 0.0 1.6494609851223152e-05 1.0025680163327012e-05 1.6429396486368583e-05 0.0021356660203631695 8.378925039576981e-05 6.252990218829318e-06 0.00014115786866090828 2.9699281313604615e-05 8.271674220104624e-05 0.00010264886386179062 4.2273766726000296e-05 4.475764636976808e-06 0.0002688553259494913 0.0 0.0 1.1815949846580561e-05 0.0 4.97280210667938e-06 4.939498949367603e-06 0.0 0.0 5.548009263302138e-06 0.0 0.0 5.269976858039554e-06 2.032124261645549e-05 1.573220047505147e-05 0.0 0.009109275475452866 6.187592217860812e-05 0.0 0.0 0.0007305487022083623 1.2317695836698083e-05 0.00036140045216191745 4.1518622529784834e-05 4.4383118440581566e-05 7.4378972491364e-05 0.00018422524674574877 0.0001845240552064725 8.056488501362678e-05 0.00025714407703636535 0.0015893089265229473 0.00010138831136491715 0.0011510078798763683 0.0008665816994732728 0.0011021562152091992 0.0011041915906008603 0.0 5.5972866469177016e-06 0.0 0.0 0.0 0.0 0.0 0.0 0.0 0.0 4.543344588008523e-06 0.0 0.0 0.0 0.0 0.0 0.0 0.0 0.0 5.053926985147173e-05 5.27737787709331e-05 0.0 0.0 0.0 0.00037642089170694616 1.975480164338552e-05 0.00013730586766773792 1.3053116638301684e-05 0.0 0.0 0.0 0.0 0.0 0.0 0.0 0.0 3.126757756245065e-06 1.104447109104134e-05 0.0 0.0 0.0 0.0 0.0 0.0 0.0 0.0 8.283522541173053e-06 2.792583899806976e-06 1.274612580724296e-05 0.0 4.761490751234684e-06 0.0001413521321635319 1.5159704570972778e-05 0.0 0.0 0.0 0.0 0.0 0.0 0.0 0.0 0.0015608811334908233 2.7216551095307807e-05 0.0 0.0 0.0 0.00017453175837685812 1.7225498382258526e-05 1.0398624838988485e-05 1.2974637534983921e-05 7.164458583016036e-06 1.1533490920657783e-05 0.0 5.551158260563553e-06 0.0 0.0 0.0 0.0 0.0 0.0 0.0 0.0 0.0027048141143582493 8.536676854345858e-05 6.682696468656408e-05 0.0005608486142766077 2.9330036963156452e-05 0.0004509555727589734 6.974752647997457e-05 0.0037623875857122407 0.00014630868910296666 3.2753601074023252e-06 0.00011696882338855407 4.6463058317996274e-06 0.0 9.51170105149532e-06 2.4400134299560903e-05 0.0007695839895105728 0.0 0.0 2.5324019407851123e-05 0.0 0.0 0.0044931149840691164 0.0014771865331794061
0.008176145417143873 0.03942665695714221 0.0017279485728542683 0.02929275635758315 0.009411031264907483 0.008404246861967134 0.026483919345234537 0.0030581656995690384 0.015680089262537656 0.16407377492221256 0.03940642518954598 0.014306466721360458 0.0 0.090874892139752 0.0001833981571317099 0.00023582762802560635 2.32922768365599e-05 7.756182769392089e-06 0.0 0.0 8.302815102826277e-06 1.7565210861330826e-05 3.672078929054823e-05 4.291654438758457e-05 0.00011205172752264436 2.7027712171299923e-05 2.9756996111451046e-05 8.767506463404363e-06 2.5279623799401792e-06 5.638956004306591e-05 0.001427901254031495 0.0005114985728712929 0.005247746442985408 0.0 1.5927279334809144e-05 0.00034700902505024835 0.013784884480974308 0.0010171192073642518 0.00046507077995890165 0.00012201166695392839 0.00012949455187276392 5.946418286425897e-05 5.709552269871973e-06 5.979314248993759e-05 0.0 1.705871073319097e-05 0.0015052037039264786 4.563451907776708e-05 3.2951021637626773e-06 0.0 2.9718218380468964e-05 8.246350411735805e-06 3.652354382483166e-06 7.79586216233512e-05 5.680525025998427e-05 3.1044702834709346e-05 0.0001634106506269751 0.0011349735099827319 3.717625690914794e-05 0.0002814607958545486 1.4657384674491625e-05 0.0006645851143297697 1.596231158375444e-05 0.0009027708602457698 3.916338776433464e-05 6.427875361835123e-05 5.003306923287533e-06 9.207781345216714e-06 5.184671932226624e-05 0.00014766877737602206 0.003807778662511526 8.244195647923462e-05 0.0 0.0011032503788654816 0.0006034558457126041 0.001167553054771852 0.0006313345838398714 0.0001659202996110772 1.2956939285669662e-05 0.001389908112489629 0.0 0.00010329261239507957 0.0001742468840216634 0.0 7.981998150948567e-05 2.766975234823143e-05 2.217524355310746e-05 2.5931179164136667e-06 1.1072573841111044e-05 5.03652529635932e-06 1.17214002131212e-05 0.0 0.0001164584888470822 7.867447938314464e-05 2.124968418646937e-05 0.02889249402861527 0.00013720814000763062 7.857064218913495e-05 4.06627316172641e-05 0.0030843031871272846 4.12931273239303e-06 0.0011695407493961562 0.00022112259299549597 8.377231428304765e-05 8.83289932663224e-05 0.0006220559154974792 0.0004324385855390989 0.00017876198186462941 0.005090886662328007 0.003471116491384504 0.0002388108923723295 0.0024439761690735434 0.001736680016064722 0.0024485386981693774 0.0020460799657292905 2.5770833274172796e-05 3.2372653042576966e-05 3.1256912718784386e-06 0.0 0.0 0.0 0.0 0.0 0.0 0.0 0.0 0.0 0.0 0.0 0.0 0.0 0.0 8.046942487115533e-06 0.0 6.186182518596587e-05 6.763817937323247e-05 0.0 0.0 0.0 0.0008272995382043886 0.0 0.00020016506355004663 9.397664635963404e-05 4.910115335215746e-05 0.0 7.495067815103193e-06 0.0 0.0 0.0 0.0 0.0 2.690583160082512e-06 4.645539525113118e-05 0.0 0.0 2.9096914401190095e-06 3.505427211241605e-06 3.7596476862322996e-06 0.0 0.0 0.0 5.61744663428714e-06 7.482940904080966e-06 8.065909551012616e-05 0.0 2.3378492501776868e-05 0.0002430915889779706 7.512169418367707e-05 0.0 0.0 0.0 0.0 0.0 0.0 0.0 0.0 0.003385824588937702 6.370906757457398e-05 5.183379433350672e-06 0.0 0.0 0.00021651085494245732 3.660337002991906e-06 0.0001159237818317083 0.0 7.483401895346724e-05 3.529240708178797e-05 0.0 1.2445968862397876e-05 0.0 0.0 0.0 0.0 0.0 0.0 0.0 0.0 0.005683868505865215 0.00020283944716049192 7.021346956005233e-05 0.003392227302364556 9.516571537455683e-05 0.0036787281975858865 0.0005081183438746994 0.0033042445133314637 0.0006173234896131246 3.7555732044816334e-06 0.0008761699254435106 5.545353350906022e-05 2.2807519027746716e-05 7.345014893148625e-05 6.12853840500241e-05 0.0018560699635535814 0.0 0.0 2.013481197956888e-05 0.00031891127448599856 0.0 0.007206353936713288 0.0029701302871699468
