0.0 0.04118568001118344 0.006991763288385261 0.06972082005972155 0.0031186156098256144 0.0017059384019873093 0.03495990407413799 0.0003021649780674133 0.0016751576626498317 0.08932519958425252 0.0014889293561184634 0.002617145503950498 0.0019784793724400567 0.0007788013451307868 8.825068906903676e-06 8.532350674472371e-06 0.0 0.0 0.0 0.0 0.0 0.0 0.0 0.0 0.0 0.0 0.0 0.0 0.0 0.0 0.022469704864415407 0.00019261079266135259 0.000250409430326839 2.9509871040270835e-06 0.0 0.0 7.763189142832891e-06 0.0 1.2480049676077417e-05 0.0 2.8920157148751257e-06 0.0 0.0 3.125880420397348e-06 0.0 2.3804603259997177e-06 7.992271989396491e-05 1.0401522102426062e-05 0.0 0.0 0.0 0.0 0.0 0.0 0.0001455857439931753 6.362499973827799e-05 0.004135609637595516 0.015483469754998721 0.0004313025988242839 0.0003454121614572789 0.0 4.596175206873774e-05 0.0 0.0009795968378325222 4.386287979791511e-05 3.021767746979641e-05 9.92018944303505e-06 8.830902974814431e-06 0.0 0.0 6.770365658643473e-05 6.549900736398252e-06 0.0 0.0019949529821987116 0.001808852448292437 3.3822978059371214e-05 2.7599140390097714e-05 2.4540570395314624e-06 7.726246003273467e-06 3.7010200008495564e-05 0.0 0.0 0.00016732798671442907 0.0 3.0021953529004015e-05 5.566204246402724e-05 0.0 0.0 1.2313400834907416e-05 2.65617087842798e-06 0.0 0.0 0.0 0.0 0.0 0.0019252737569289127 0.00013493741518704537 1.1758007025929722e-05 0.0 0.016331011010604225 0.0 0.0 0.0 2.167738659021335e-05 0.0 1.249669472042724e-05 0.00034049620501460254 0.0 2.595065798100689e-05 0.000294080933061115 1.7496218773537196e-05 7.062330703835952e-05 0.00012588717532892597 2.3070012466110922e-05 9.994186616724833e-05 0.0 0.0 0.0 0.0 0.0 0.0 6.985834036194007e-06 0.0 0.0 0.0 0.0 0.0 0.0 0.0 0.0 0.0 0.0 0.0 0.0 0.00013072934944200485 0.0 0.0 0.0 0.0 3.6089448856000294e-05 0.0 0.0 6.546269945892981e-05 0.0 0.0 0.0 0.0 0.0 0.0 0.0 0.0 0.0 0.0 0.0 0.0 0.0 0.0 0.0 0.0 0.0 0.0 0.0 0.0 0.0 0.0 0.0 0.0 0.0 0.0 0.0 0.0 3.817041353126871e-06 0.0 0.0 0.0 0.0 6.865783763351469e-05 0.0 0.0 0.0 3.5901456768829753e-06 1.9946902826425153e-05 0.0 0.0 0.0 0.0 0.0 0.0 0.0 0.0 2.5342187478582796e-06 0.0 0.0 3.2936101556104526e-06 0.0 0.0 0.0 0.0001614376709146025 2.31046386285273e-05 5.139837130356168e-06 0.005959560159569704 4.345356458849057e-05 0.0005269481306066181 0.00015504786850285853 0.007245270796990342 0.00022276452884638527 2.970675052873426e-05 1.8511325551258914e-05 0.00039766472081578195 0.0 9.49599938513496e-06 0.0 0.00026117694613840494 0.0 2.8614215270360227e-06 0.0 4.861779060664347e-06 0.0 0.007088980296002142 0.0001727032259625965
0.04118568001118344 0.0 0.0504038979425239 0.007320832962960196 0.07756339830679938 0.0012968207722117702 0.06985331937994584 0.009179228633681133 0.08529770561795944 0.016199715218503198 0.029982525810608618 7.712112261722408e-05 0.007675447508482418 0.021761021487771526 2.5258768044289525e-05 5.9589332973542607e-05 2.3647140887077977e-05 2.632445955473521e-06 0.0 0.0 0.0 0.0 2.8480822810645743e-06 2.2950502414066818e-06 0.0 0.0 0.0 1.8847093363790766e-06 2.4804421200943035e-06 0.0 0.04670575443429842 0.0038289198569900736 0.00018158326482419537 2.6058292224409984e-06 0.0 0.0 1.8894354992068065e-05 2.2096416272638928e-05 4.224141385810087e-06 2.120274561056177e-06 0.0 2.1555334695249966e-06 4.438817846724523e-06 1.573420244842919e-05 0.0 4.894667603335002e-06 0.0007445570685973705 3.7675359987511386e-05 2.0062332265922272e-06 0.0 1.0527457908938e-05 0.0 0.0 0.0 0.00017572506196108993 0.0001796045536755416 0.0019247474969244555 0.006708212528249796 0.00040027189798865317 0.0005551663505714492 6.854557893719631e-06 2.2104993522041242e-05 2.4562423548216207e-06 0.0032169907853427547 0.00014770032655443688 2.6191098766256814e-05 2.7004885748215395e-05 1.7145154093308906e-05 4.488492370745595e-06 2.349850528765685e-06 2.2318361282235843e-05 2.7443151634549126e-05 2.2675962566258283e-06 0.0025459116950392537 0.0047465533902806565 0.0002975418052356484 0.0006909587138099903 6.210533827219528e-05 6.994955736767006e-05 0.0010158382200554012 0.0 1.2521672466992145e-05 0.0004003479620045877 9.05572260153268e-06 7.63329348167271e-05 0.000169474441397906 4.791812549457776e-06 0.0 3.849249631579795e-05 2.080952459220221e-06 3.9061274502258546e-06 3.859342360940136e-06 4.718934094315912e-06 2.5121703644085167e-06 0.0 7.100551777771578e-05 1.368126478109172e-05 4.159326427376548e-06 4.474903600678387e-06 0.012322778088987747 0.0 0.0 6.32913729013058e-06 2.362836911922476e-05 1.0432293422964146e-05 1.426008105271922e-05 1.8047417727294865e-05 0.0 2.0927628441363952e-05 9.049340960572253e-05 0.0 4.884344024597039e-05 2.388821849039641e-05 5.1596841592969256e-05 3.366634615150689e-05 0.0 0.0 0.0 0.0 0.0 0.0 0.0 0.0 0.0 0.0 0.0 0.0 0.0 0.0 0.0 0.0 0.0 0.0 1.9694970811829585e-06 3.5712036082688466e-05 9.965448770522168e-06 0.0 0.0 0.0 4.237582319071692e-05 0.0 0.0 8.439484502234582e-06 0.0 4.194173383553091e-06 0.0 0.0 0.0 0.0 0.0 0.0 0.0 0.0 0.0 0.0 0.0 0.0 0.0 4.54823699050436e-06 0.0 4.009452708847446e-06 0.0 0.0 0.0 0.0 0.0 2.8935395537772486e-06 6.333329430673222e-06 0.0 0.0 0.0 0.0 0.0 0.0 0.0 0.0 1.7804402975443343e-05 0.0 0.0 0.0 0.0 2.3789677058874543e-06 0.0 0.0 0.0 0.0 9.187532630558272e-06 0.0 0.0 0.0 0.0 0.0 0.0 0.0 0.0 0.0 0.0 7.479837452251867e-06 3.39359529780714e-05 9.044976551127594e-06 0.0010697771259168553 9.959448213709984e-05 0.0026700975290053905 0.0006201110245473052 0.0032452483165507123 0.0002786502642329069 3.4107242786444056e-05 0.00010927359488170892 1.1724834573249842e-05 6.996652025549636e-06 1.4870959700201671e-05 2.995051521021175e-06 1.447363997144593e-05 0.0 6.880425828241759e-06 0.0 0.0 0.0 0.0028148993964450817 7.159195369630013e-06
0.006991763288385261 0.0504038979425239 0.0 0.00023073736053337934 0.05528824956912249 0.00011692319524941927 0.010356743846763081 0.03761517500206333 0.041532628774259193 0.004549254238710088 0.06614319300151976 7.345532725204145e-05 0.002420699328896976 0.037211920800339304 6.582485710270992e-05 0.00014513302516447536 1.2194231248651271e-05 0.0 0.0 0.0 3.0091402441723644e-06 0.0 2.8914094369271312e-06 5.8689972121455775e-06 2.9970341404003624e-06 0.0 3.4130912510958466e-06 9.453418991774763e-06 0.0 0.0 0.10863977519845795 0.0071087848710082585 0.002481705318523022 8.542568267680991e-06 6.32608395674846e-06 3.432998658985976e-06 0.00041900367378027727 0.00025495257322524155 5.041965975301506e-05 4.150080688669634e-06 8.58053529305856e-06 0.0 0.0 2.1437562489174706e-05 2.693710568341456e-06 3.264393259339625e-05 0.0003857881374737149 1.2015619955387241e-05 9.50678208368466e-06 0.0 0.0 0.0 5.044430246314676e-06 0.0 2.7762022616404246e-05 3.254786468541298e-05 0.00022565120795797937 0.001202027086057133 7.577902095936727e-05 0.0001250802768408168 0.00036912409275758246 0.000558597025127264 3.5560140381958177e-06 0.0019058515367662756 2.6831132596344343e-05 0.0 2.3011003523921884e-06 0.0 2.8059575010578348e-06 0.0 0.00022909569965609588 1.937346252090069e-05 0.0 0.0003462572432400636 0.0010392630985418523 0.00022536419303649839 0.0005803226770977154 0.00013395362447512246 0.0009113108304645124 0.006562388447572563 5.20898912523746e-05 0.0005915026370106085 7.714592345731313e-05 2.675719722680956e-06 1.4726564200623549e-05 2.267027418603354e-05 1.5837878918436706e-05 0.0 1.3922595528075755e-05 0.0 2.638359653920729e-06 2.907122894489699e-06 0.0 0.0 0.0 0.00011937834245814154 3.445271262970564e-06 0.0 4.6557112715428925e-05 0.003330512568222497 2.6481005950262086e-05 0.0 6.3942544826456566e-06 0.0 5.3665785903026246e-05 0.00011413264829317309 1.5961144726634765e-05 1.1456737785977436e-05 0.00010467465597490704 0.00023520691599339782 3.751752751357616e-05 0.00013826405459610398 4.7009826567220346e-05 8.992196617163348e-05 0.0001598365566848761 0.0 2.935176144301984e-06 0.0 0.0 0.0 0.0 0.0 0.0 0.0 0.0 0.0 0.0 0.0 0.0 0.0 0.0 0.0 0.0 0.0 0.00023544317255591414 3.465436112765476e-05 0.0 0.0 0.0 0.0003005815529017121 1.7331531965442922e-05 9.946460099946364e-05 3.216280398725492e-05 0.0 0.0 0.0 0.0 1.8281469293110015e-05 0.0 0.0 0.0 1.2522663324235508e-05 1.5162146402144946e-05 0.0 0.0 0.0 0.0 0.0 2.825519692474591e-06 0.0 0.0 0.0 2.0994190973360273e-05 0.0 0.0 0.0 5.253838197105662e-06 5.041249096872625e-06 0.0 1.7507119560552885e-05 2.3346960685200926e-06 0.0 0.0 0.0 3.137096562435242e-06 0.0 0.00012667907092627655 0.0 0.0 0.0 0.0 2.255757322352551e-05 0.0 3.612211072310978e-05 1.1533981442344857e-05 2.143113119224055e-05 2.5393378602366315e-05 0.0 0.0 0.0 0.0 2.8352721709589318e-06 0.0 0.0 0.0 0.0 0.0 4.598134977718352e-05 0.00013442340459870369 0.0001651843552954264 0.0020311261410725966 5.575393723420954e-05 0.0017917887526183497 0.0008258258737120227 0.0003041251147147701 7.826934179044402e-05 1.1546490675707652e-05 0.00033497133071329246 9.064529535263574e-05 0.0 8.622118427061237e-05 1.4602774459691329e-05 7.42773544109611e-05 5.11345634803251e-06 0.0 0.0 9.97072406733906e-06 0.0 0.0003264412239458968 5.793521036975052e-05
0.06972082005972155 0.007320832962960196 0.00023073736053337934 0.0 0.00025666874215587516 0.007543281018111077 0.03213466780178648 3.541533021541039e-05 0.0001515998764544848 0.04407279614828251 0.00029445035586023085 0.0011968299762469953 0.0012770425553656648 9.413427902943358e-05 3.688318817173749e-06 0.0 0.0 0.0 0.0 0.0 0.0 0.0 0.0 0.0 0.0 0.0 0.0 0.0 0.0 0.0 0.0033108076888382337 4.0950228462942926e-05 3.1358759190628935e-05 0.0 0.0 0.0 3.0923543809888406e-06 0.0 1.0253987983351496e-05 0.0 0.0 0.0 0.0 0.0 0.0 0.0 7.027977604030443e-05 5.42251784317833e-06 0.0 0.0 2.610483989253659e-06 0.0 0.0 0.0 4.5449363726353186e-05 4.373155320768611e-05 0.0010301266297845753 0.002915807524991751 0.0002708119989904822 0.00021819718708760254 0.0 0.0 0.0 0.0004907531373563505 4.4798521408280843e-05 4.416713133719142e-06 0.0 2.8158565721206455e-06 0.0 2.275809513036231e-06 0.0 0.0 0.0 0.0012165783760947726 0.0013598383659404914 2.647561618454904e-05 4.064861988831824e-05 2.584086240196382e-06 2.8189847853538038e-06 7.163437731704168e-06 0.0 0.0 0.00012308896732689294 0.0 1.7672556072050015e-05 1.5864551076132385e-05 0.0 0.0 0.0 0.0 0.0 0.0 0.0 3.2100804375486606e-06 0.0 0.00012286932368504413 1.6644159364995903e-05 0.0 0.0 0.007753263231528611 7.015714037659297e-05 0.0002289994328979946 0.00043425666527735127 0.0002950309617829205 0.0 8.232106021629878e-05 0.00013047430685957909 8.750963146118733e-05 2.8448008695379902e-05 0.0001179562338285685 0.0 6.572507664718759e-05 7.738788604545715e-05 1.6440233252725733e-05 0.0 0.0 0.0 0.0 2.604768688478238e-06 0.0 0.0 0.0 0.0 0.0 0.0 0.0 0.0 0.0 0.0 0.0 0.0 0.0 0.0 0.0 1.0904720809436203e-05 0.0 0.0 0.0 0.0 9.300662285869083e-06 0.0 0.0 0.0 0.0 0.0 0.0 0.0 0.0 0.0 0.0 0.0 1.0291259372650672e-05 4.782510481195248e-06 0.0 0.0 0.0 0.0 0.0 0.0 0.0 3.68206555783104e-06 0.0 8.094663195398877e-05 0.0 0.0 0.0 0.0 2.9041797317645475e-06 8.381980848652243e-06 0.0 2.0921337628984166e-06 0.0 0.0 0.0 0.0 0.0 4.166679131057783e-06 0.0 0.0 0.0 0.0 0.0 0.0 0.0 1.0213338178054055e-05 2.2976310173240372e-05 0.0 2.6022919978160588e-06 0.0 0.0 0.0 0.0 0.0 0.0 0.0 0.0 0.0 2.071564109461661e-05 4.291124466577052e-06 2.7187851383995465e-06 0.00025390199330576116 2.393953743023986e-05 0.0004529915381765298 8.204463117925756e-05 0.0034667038756979835 5.4524682000323635e-05 0.0 5.039682954248011e-06 3.609072000368304e-05 6.509954032541992e-06 2.1675872705128285e-05 6.960256345928326e-06 9.673937234808173e-05 0.0 0.0 0.0 0.00014235453997227065 0.00014402969589639587 0.0023133370900592413 5.82316255403259e-05
0.0031186156098256144 0.07756339830679938 0.05528824956912249 0.00025666874215587516 0.0 3.076019601641136e-05 0.020013920617848867 0.004751307274149556 0.040513617101663894 0.007239400519129142 0.01576590154118037 0.0004658657660209662 0.01371932127228188 0.02103591883835141 4.087016267321682e-05 6.854461703651166e-05 2.817376237206298e-05 0.0 0.0 0.0 0.0 0.0 2.717767586828622e-06 4.590662647253949e-06 0.0 6.6869471518649756e-06 0.0 0.0 4.704207195757526e-06 0.0 0.01126539656965308 0.002462528086230245 3.59815356794965e-05 2.1700002115012224e-06 2.068089412905686e-06 0.0 1.5813413680338658e-05 6.329698549678702e-06 6.575880312027594e-06 0.0 1.930470426735092e-06 2.3698635828504835e-06 0.0 1.763785446422481e-05 4.2687028149876655e-06 2.098780876684206e-06 0.0009167425232385626 4.960163515966774e-05 1.983657290838463e-06 5.427505610416158e-06 5.611893058473521e-06 0.0 9.111122493257787e-06 0.0 0.00013444776452994174 0.00018459904471679073 0.0006201074478467466 0.0017432063318826125 0.00022644382203994295 0.00046328765727413545 1.1167213145259499e-05 1.5527279671667195e-05 5.849617356559451e-06 0.002019362389223775 0.00016367870688086298 6.0486836194521215e-05 3.782255160478995e-05 1.2449369410343087e-05 4.2305821841150656e-06 0.0 4.055478548114859e-05 2.2612943593134118e-06 0.0 0.0016712825679209534 0.0035581192818144487 0.0004416168376016136 0.0008874845778786402 0.00016690961194792126 0.0001964819324446244 2.4706564659901597e-05 1.3899826397781846e-05 1.8352611259621725e-05 0.0004061585856221625 6.100541886512706e-06 0.00011073551278459593 8.594847581203071e-05 1.669733129837369e-05 1.8187747997497813e-06 3.090967418382402e-05 2.249361768670556e-06 3.9252506556881005e-06 0.0 0.0 0.0 0.0 6.815434008576972e-05 8.534739364342845e-06 4.631889773940673e-06 1.9045258025770066e-06 0.000917206203482073 9.205049312569892e-06 0.0 0.0 0.0 9.319809584093068e-06 1.9955239600656303e-05 1.3612497252394243e-05 6.467959330826335e-06 5.526538918856805e-05 9.408529833170597e-05 4.492215098324771e-06 0.00013039157208954313 5.010682078429624e-05 2.756723885887747e-05 3.1307955247706636e-05 2.2566712637368407e-06 0.0 0.0 0.0 0.0 0.0 0.0 0.0 0.0 0.0 0.0 0.0 0.0 0.0 0.0 0.0 0.0 0.0 0.0 2.8146035675317085e-05 3.0926466612533205e-06 0.0 0.0 0.0 4.0473566971540385e-05 0.0 2.2042574040171624e-06 9.628946637759274e-06 0.0 0.0 2.2468884713551006e-06 0.0 0.0 0.0 0.0 0.0 5.542174035354676e-06 1.0529509865701912e-05 0.0 0.0 0.0 3.314167276286643e-06 0.0 3.91627084225278e-06 0.0 0.0 0.0 0.0 0.0 0.0 0.0 0.0 3.659579885100132e-06 0.0 0.0 0.0 0.0 0.0 2.414467541973667e-06 0.0 0.0 2.2278941678237356e-05 0.0 0.0 2.1873684911494536e-06 0.0 2.1913504025513978e-05 0.0 0.0 0.0 1.842252687062744e-06 0.0 0.0 0.0 0.0 0.0 0.0 0.0 0.0 0.0 0.0 0.0 3.219359838255074e-05 3.392404029506267e-05 3.5179033611402746e-06 0.0011947713669399431 0.0001027671816933617 0.0034936449678851294 0.0007840746232457155 0.00019850039484036318 0.00027366247584321827 3.0056347134058252e-05 0.00014309194577348747 1.2967022982615924e-05 2.121806770213552e-06 2.8905751260792947e-06 0.0 1.322381788928988e-05 0.0 2.0162187148849383e-06 0.0 3.1537728255749217e-06 0.0 0.0012089696828611527 1.9071803272298274e-05
0.0017059384019873093 0.0012968207722117702 0.00011692319524941927 0.007543281018111077 3.076019601641136e-05 0.0 0.0010375589805165506 2.091985541513519e-05 0.00014634957367221915 0.020650081029407685 2.0146691770369605e-05 0.005749243108795309 0.0031289391817768855 0.0008509793936012139 0.0 0.0 0.0 0.0 0.0 0.0 0.0 0.0 0.0 0.0 0.0 0.0 0.0 0.0 0.0 0.0 0.0004204247035518152 1.09417863357008e-05 0.0005457440597671763 0.0 0.0 0.0 0.00037227775699606226 3.386403845962223e-05 8.783512263627753e-05 0.0 0.0 0.0 0.0 0.0 0.0 0.0 4.1278529102897365e-06 0.0 0.0 0.0 0.0 2.711130607838381e-05 8.950911170157597e-06 0.0 3.040463775333979e-06 3.1480113752840585e-06 0.004607132962072933 0.0006246991924060476 5.475677040194747e-05 3.581932533584128e-05 7.730679071433505e-06 0.00020880532906097625 0.0 0.0 3.0559725009775406e-06 0.0 1.330674132940368e-05 1.3709779526058448e-05 0.0 0.0 0.0008714174073549496 0.0015467374302287427 0.00011553983999677124 0.00016957867143587574 5.758324656575196e-05 0.0 0.0 0.0 1.600138257963993e-05 1.0411495374670564e-05 0.0 5.816870158090998e-05 9.46282286043901e-06 1.6077470914559438e-05 0.0 3.0842155519832484e-06 3.062177122350543e-06 6.877791233845362e-06 0.0 0.00013080674308429746 0.0 0.0 0.0 0.0 0.0 0.0032278234259253114 0.0015123230542729842 0.0003231757987019518 0.00015701544924803497 0.018453400916819785 1.696964940897056e-05 0.0 0.0 0.0 0.0 3.929338507374763e-06 0.00013784693943989998 0.0 2.727697786192046e-05 0.00011106956175390056 0.0 3.093073295425756e-05 6.9412965640443e-05 3.545966451658059e-05 3.9490190587252465e-05 0.0 0.0 0.0 0.0 0.0 0.0 0.0 0.0 0.0 0.0 0.0 0.0 7.232128118319456e-06 0.0 0.0 0.0 0.0 0.0 0.0 8.02480712631701e-06 0.0 0.0 0.0 0.0 3.609772839578337e-05 0.0 0.0 0.0 0.0 0.0 0.0 0.0 0.0 0.0 0.0 0.0 0.0 0.0 0.0 0.0 0.0 0.0 0.0 0.0 0.0 0.0 0.0 0.0 0.0 0.0 0.0 0.0 0.0 0.0 0.0 0.0 0.0 0.0 0.0 0.0 0.0 8.852054383613526e-06 1.988852640406544e-05 0.0 0.0 0.0 5.301785733867414e-06 0.0 4.804142840336668e-06 0.0 0.0 0.0 0.0 0.0 0.0 0.0 0.0 0.0 0.0 0.0 0.0 0.0 2.003717444575789e-05 2.187010606181645e-05 0.0 0.00028013620114879776 0.0 6.275707552891024e-05 1.0214290351144765e-05 0.007088038088265866 1.9468418316051026e-05 0.0 7.403338296155657e-06 0.0 3.263632878205748e-06 0.0 0.0 3.055461689184046e-05 0.0 0.0 0.0 0.0 0.0 0.0035197184190942457 1.1549763671734362e-05
0.03495990407413799 0.06985331937994584 0.010356743846763081 0.03213466780178648 0.020013920617848867 0.0010375589805165506 0.0 0.002589475608887861 0.027480004492309175 0.057092825314332615 0.007471333385348561 0.00232742883442013 0.08274469631260846 0.0226649702905429 7.883841553740423e-05 0.00011114102710635506 4.843239782306342e-05 9.11805453505682e-06 0.0 2.1157080212583367e-06 0.0 0.0 0.0 4.353863601708057e-06 2.150583029101132e-06 0.0 4.3852233285680574e-06 0.0 0.0 0.0 0.021054907174908783 0.002189049603980641 0.00025614819383262377 1.7801010533611952e-06 0.0 0.0 0.00012872135031777752 2.935871373178766e-05 6.148723451086842e-06 2.2145173009482756e-06 0.0 0.0 0.0 2.9157892531769814e-05 0.0 5.639469882405778e-06 0.001592601885432425 0.000107656454327852 3.1552625274090024e-05 4.5530333729869634e-06 2.596459637889821e-05 4.501890208503808e-06 5.7255138441668285e-06 0.0 0.0003622869163775633 0.00040790514525294337 0.002540897116290292 0.007379247829110498 0.000640178138151873 0.0010103797613541744 4.831562891650282e-06 0.00011970995726672964 2.2475101324749093e-06 0.004082279347697949 0.00028330344556086635 6.743857591884205e-05 6.711615244230174e-05 3.006936073185577e-05 1.3232002867810916e-05 0.0 0.00016128383376709995 1.2529471056432892e-05 0.0 0.004386869104556914 0.007965476189570461 0.0005743491808683166 0.0013443593219007227 0.0002211206486072329 0.0002709293167143196 6.235743475099542e-05 1.2166872616913357e-05 2.5470165401153147e-05 0.000913360010565911 6.084140484457655e-06 0.00016166087372471838 0.0002208793422923453 4.8103878877803044e-05 0.0 4.32657400195366e-05 3.013373331098808e-06 1.9601104733423835e-05 0.0 3.910428969644562e-06 4.923932277927702e-06 2.097680979899449e-06 0.0010601089779804036 1.6546488440020255e-05 1.7629316464532934e-05 1.3156678827685177e-05 0.0038816836620380077 5.120135970079914e-05 6.788043026933624e-05 0.0005578341507884344 0.0007613709808108962 7.382054863546695e-05 0.00044921969959511144 0.00040441783664519997 6.831755734850945e-06 0.0005475110934947502 0.000764685835353006 3.756399532494319e-05 0.000641297932277591 0.00045513783993318126 0.00034352785468493306 0.0003231883577043996 0.0 0.0 0.0 0.0 0.0 0.0 0.0 0.0 0.0 0.0 0.0 0.0 0.0 0.0 0.0 0.0 0.0 0.0 0.0 0.0003326497060425756 6.311664156068583e-05 0.0 0.0 0.0 0.00026622494414946506 0.0 0.0002100491808889064 9.823723382369485e-06 2.1341495033637635e-06 0.0 0.0 0.0 3.1809347563144108e-06 0.0 0.0 0.0 7.107029902890519e-06 2.1949263113289893e-05 0.0 0.0 0.0 0.0 2.7160415044617576e-06 1.017433686059506e-05 2.1175266288792046e-06 7.833352581261004e-06 2.3401957786669916e-06 1.770130133837085e-05 0.0 0.0 0.0 1.8113517406798054e-05 5.643742580999645e-05 2.4055932616214587e-06 0.0 1.7988326666115112e-06 0.0 1.986065209673706e-06 1.967480754559648e-06 0.0 0.0 0.00016269299429046724 0.0 0.0 0.0 0.0 2.329958390935813e-05 0.0 0.0 3.111302693360942e-05 2.529626282891469e-05 2.0255342434228046e-05 1.5256870318602486e-05 2.3843561142618105e-06 0.0 0.0 0.0 0.0 0.0 0.0 0.0 0.0 0.0001834076203219672 0.00013915397085936584 9.297984120900754e-05 0.002487000186354035 0.0002604943428867783 0.006340218602965755 0.0014155917563934322 0.0012461737065362756 0.0006149337815380078 2.5807572539487292e-05 0.00028073107914847325 0.00023441461455177908 9.754069285284624e-06 0.00010246571982442705 1.5661992482591928e-05 0.00025846692239502326 2.916988710754616e-06 6.593343492272535e-06 0.0 2.9968030761107798e-05 0.0 0.003618937206170145 0.0001483318405957933
0.0003021649780674133 0.009179228633681133 0.03761517500206333 3.541533021541039e-05 0.004751307274149556 2.091985541513519e-05 0.002589475608887861 0.0 0.016962596811629357 0.0023554029525179308 0.041480610829309615 0.00019875782735688651 0.002063354457690371 0.05595936262015313 0.00018810793602770182 0.0006392560503601031 7.593128427265927e-05 7.615695517695899e-06 2.1619502655574828e-05 8.202697898960008e-06 4.148081939582354e-05 0.0 3.548693186729163e-05 3.124350971161974e-05 2.4549776771199542e-05 1.2885930366171198e-05 2.321360623096975e-05 1.7178335708024944e-05 8.459885076515243e-06 0.0 0.0373547318118424 0.04493870431380585 0.015784503713523232 0.00013323508443746315 7.693565223911559e-05 2.1546117913101765e-05 0.002482466703635086 0.0012957099361820682 0.00047045563236285554 3.26730323513382e-05 3.87808589614861e-05 9.65562784437955e-06 5.276133548329988e-05 0.00015103866509188373 4.8759559655857334e-05 0.00013244277372069667 0.0019212346570021853 8.56457595359238e-05 1.695124457500975e-05 5.261483814476102e-05 9.913799318707814e-06 2.7334620416495362e-06 7.072163717749206e-05 2.951249070394165e-06 0.00011303701717147134 0.00014587044691442177 0.0004099741638772937 0.0018126496548552936 0.0002032166530545642 0.0006598886487950242 0.001424576765155698 0.0031380624331093392 8.047592770898308e-05 0.010125142598971824 0.00012690462849279565 3.48199315632359e-05 3.1923268320687804e-05 8.834412147773121e-06 1.319109629927804e-05 5.832375626121708e-05 0.0015075228459050624 0.0005858428296701712 0.0 0.0013858286699748347 0.005310297646075233 0.0008903638837002495 0.004209523337896792 0.006423763567560603 0.013077132381757364 0.05024808372263293 0.0005307577613429466 0.0058593719328107335 0.00041348774705560827 0.0 7.546692196645735e-05 0.00011303029902362747 4.3688725326238184e-05 7.244592333282385e-06 1.4753691293003341e-05 3.641327299295666e-06 8.376076425352747e-06 9.207040075981218e-06 3.908216530202923e-05 2.2976100238189726e-05 1.3871723831330507e-05 0.0004631457276065101 6.090190459709294e-05 3.1256573644060324e-06 0.0001322616468263947 0.0006982180645999555 8.873606094214472e-05 9.108057509385248e-06 3.800300390176324e-05 0.0 0.0002525472697554303 0.0001879673788557146 2.601811884499257e-05 7.557277017836814e-06 0.00016185438497722372 0.0006033719996501819 9.606928409850731e-05 0.0005585515470420248 0.00027142825993831495 0.000268673147892121 0.0004848869000662071 3.737851001610911e-05 6.8257612747517086e-06 0.0 0.0 0.0 0.0 0.0 0.0 0.0 0.0 0.0 8.843450666106765e-06 0.0 0.0 1.8862403013093193e-06 0.0 0.0 0.0 0.0 0.0014959056593748256 0.00029537026161694565 2.641071616622429e-06 0.0 2.541104165073329e-05 0.0009166122608018665 9.49908990959717e-05 0.0005587049536869395 0.00018919174133607094 3.7855730391717045e-06 0.0 0.0 0.0 2.9188276784558268e-05 0.0 0.0 0.0 3.468766999287293e-05 5.283278805414837e-05 0.0 2.4837248437149547e-06 0.0 4.238281461608363e-06 3.2002205030847298e-06 0.0 0.0 0.0 5.808278928100183e-06 6.360850264384533e-05 0.0 1.4532538516754883e-05 1.707879278677331e-05 0.00011108224314305383 0.0001182800423561299 1.9267068885059834e-05 0.0 0.0 0.0 6.1098732506686155e-06 0.0 0.0 5.656890872039785e-06 0.0004307268279682294 2.110424037473829e-05 0.0 0.0 0.0 6.48625953659649e-05 0.0 2.9643781550918493e-05 3.789818523124847e-05 0.00011219725276300302 5.675996409476759e-05 3.1985003703857885e-05 1.0528278080841153e-05 0.0 0.0 0.0 0.0 3.6600857199850996e-06 0.0 0.0 0.0 0.00023227893532771221 0.00089968843989774 0.000724315868953618 0.006985285486765371 0.00021139393614390126 0.007229968414200586 0.003252599757002072 0.000324160387755247 0.0003960568730550398 1.861341461366901e-05 0.0011966195118342572 0.00040305567216417326 0.0 0.0003197565584803689 0.00014589834316539228 0.0002823369459865095 0.0 5.462360710624841e-06 8.675854628754578e-06 7.96799646200262e-05 6.355553363260165e-06 0.0012928714858025676 0.0004980399598896112
0.0016751576626498317 0.08529770561795944 0.041532628774259193 0.0001515998764544848 0.040513617101663894 0.00014634957367221915 0.027480004492309175 0.016962596811629357 0.0 0.02263110919796068 0.06031308254201844 0.00022314146700360202 0.02542239741009924 0.030697671005869988 7.826478034066627e-05 0.00014012111969406252 4.1735334086610616e-05 2.3415782281222874e-06 2.7609614972764892e-06 2.10643038509222e-06 1.8720658395975744e-06 0.0 2.738114546231047e-06 4.949584169375078e-06 0.0 2.3203026228331022e-06 1.4621082696382067e-06 0.0 0.0 0.0 0.008036353897056935 0.002859147807145899 0.0005478581674861195 2.331513109293123e-06 0.0 2.1235113613844984e-06 0.0001264580303566931 7.007006958811329e-05 8.100952921907712e-06 1.01608928733214e-05 7.8378570228138e-06 0.0 5.043331706868609e-06 1.2118760389723944e-05 3.1847488780320156e-06 0.0 0.0013687406928689304 5.133056839022625e-05 1.1902088754047445e-05 3.5891040325503096e-06 6.752814726452252e-06 0.0 8.102888034432764e-06 0.0 0.00014436590846357165 0.0001647647729499311 0.0005625310611576202 0.0014115844526910648 0.00022340614046958783 0.0006525162660781338 4.552957475131905e-06 0.00017309112892797046 0.0 0.0020642266464316783 0.00016075103670640259 2.565095194277872e-05 2.922510013897834e-05 1.0768622947490352e-05 1.7653661238822281e-06 2.3379950802050182e-06 0.00012114315456161531 1.9538745992460572e-05 0.0 0.0018409986893543329 0.003556679168426493 0.0005831219409961374 0.0014320524011922596 0.0003473123305419974 0.0004907771650789443 0.0009036617211140729 2.860432932023808e-06 7.625525782998304e-05 0.00042342566209770165 2.4003229417130923e-06 0.00010453685940359124 0.00011761776706116404 1.1365738859330222e-05 3.954555597995255e-06 3.5067301901830604e-05 0.0 4.859123653741382e-06 4.268679853341501e-06 0.0 1.1053970378391231e-05 5.272682808801883e-06 0.00037210098059848337 3.76935010453202e-05 1.3114314138065058e-05 1.5336529132944827e-05 0.0007496096385775832 7.196455131061083e-05 3.666851985485519e-05 5.582084769735663e-06 4.752010628395069e-06 0.00013499435056816303 0.00023787433264909176 0.0002977116909902583 1.4916679391727657e-05 0.00031466102284883127 0.0007876179177761633 4.653687434312166e-05 0.0006193639815282809 0.0005156824886889483 0.00036429969729288245 0.00040994327017005036 3.6119137698933487e-06 0.0 0.0 0.0 0.0 0.0 0.0 0.0 0.0 0.0 0.0 0.0 0.0 0.0 0.0 0.0 0.0 0.0 0.0 0.00046704756009778743 0.00011946645590895792 0.0 0.0 2.6876041278003328e-06 0.0002623662026371182 0.0 8.42157095701245e-05 3.9482962758730695e-05 0.0 0.0 0.0 0.0 0.0 0.0 0.0 0.0 3.7021638980301644e-05 2.1983830231473278e-05 9.46947698714136e-06 2.8450825625606923e-06 0.0 0.0 0.0 1.8369943569794685e-06 0.0 2.337201037071638e-06 3.4097411129869503e-06 2.5652865564107857e-05 0.0 0.0 0.0 5.305220434176668e-05 6.430527119514757e-05 0.0 2.3439250667165007e-06 0.0 0.0 0.0 0.0 0.0 0.0 0.00019350640499642512 5.165286778338804e-06 0.0 0.0 0.0 4.363222565083987e-05 0.0 0.0 2.3428077507518953e-06 5.1424401892503456e-05 0.0 5.818262832831089e-06 8.00230154595199e-06 0.0 2.4584921436995326e-06 2.024871522807637e-06 0.0 0.0 0.0 0.0 0.0 0.0001807548841890931 0.00014866449354225577 0.00015761105602547516 0.003282067306561339 0.00016964588877067818 0.0051379451982812895 0.0015865195735094055 0.000529675761408146 0.00040325696594427807 2.9939409238830827e-05 0.0005188873580770446 0.00013828978702298025 6.497103654721895e-06 9.846105241312959e-05 2.7741190634643424e-05 0.00010406306540328192 4.2029807018632846e-06 0.0 0.0 1.7405103341985794e-05 5.461743121521101e-06 0.0017604164825915163 0.00022077196266305802
0.08932519958425252 0.016199715218503198 0.004549254238710088 0.04407279614828251 0.007239400519129142 0.020650081029407685 0.057092825314332615 0.0023554029525179308 0.02263110919796068 0.0 0.0010866283463940483 0.025548161440536222 0.17288237834241482 0.025891069531660833 0.00015455731023861785 0.00024099282824212556 0.00010322782319488093 8.878384944405669e-06 2.0011219415336516e-06 0.0 0.0 0.0 2.8972192989645896e-06 7.70508464065732e-06 2.4593845938879044e-06 0.0 2.6551712889723802e-05 0.0 1.5301125441682457e-05 9.442604169542744e-06 0.014502002866748331 0.0020117624053538567 0.0022629228834144116 0.0 2.2355571817517106e-06 2.971656634969078e-05 0.0013121882136022534 0.0004115503476410862 4.913235227449311e-05 9.110583969132712e-06 2.457387722452477e-06 2.739337508390322e-06 0.0 4.086477087149575e-05 2.2004403413990625e-06 4.656233869560675e-06 0.0029429133978695833 0.00019221832903798178 4.505135243353512e-05 0.0 3.0220070118571396e-05 0.0 7.722960112529207e-06 0.0 0.0007127792418319442 0.0006691678840192288 0.006796644245240523 0.013759059164737703 0.001487154862683675 0.0019665055265057365 2.2229016499004948e-05 0.0008234714201084261 0.0 0.004831069776725509 0.0005974278255560468 0.00012273630290990747 0.00011381287230574673 4.044258809129437e-05 2.2764587281314377e-05 0.0 0.0017181437416957958 0.00015653988935009061 0.0 0.00832700575156631 0.011491526410750021 0.0011661865957391059 0.0024758952077532487 0.0003314325286345722 0.000508601623412195 0.00011299480914135832 2.373210101389543e-05 7.919026509872974e-05 0.0016126825261612615 4.131132285808289e-05 0.0002850119768598055 0.0003770453969270212 7.084094215828251e-05 1.2229995992005062e-05 8.10811073437544e-05 0.0 2.3446168456907805e-05 6.6718696074784576e-06 4.572645785935232e-06 1.7959449059272046e-05 5.86631986158046e-06 0.00922200369350217 0.0010866171648641469 3.761038237465822e-05 0.00012016789642002953 0.03664252683761394 0.0001329855707479661 0.00021855632148567482 0.0011526161630913698 0.0010041399430578393 0.0002588653151000131 0.0008793490453962779 0.0028701953269983913 0.00010470618016597162 0.001493624291786079 0.0035863941603764154 0.00018186577700079692 0.002154331240261758 0.0017013441156982006 0.0015380819476701563 0.0010017581898667382 4.726126179585551e-06 3.157986683536597e-06 0.0 0.0 0.0 0.0 0.0 0.0 0.0 0.0 0.0 0.0 4.0159575282939495e-06 2.8464143380382453e-06 0.0 0.0 5.6807099038100546e-06 0.0 0.0 0.0007474251209501281 0.00048276583440291803 0.0 0.0 0.0 0.0007149288801533173 9.107895081188732e-06 0.0002198779739312813 1.194771297941893e-05 4.457065546109706e-05 0.0 0.0 0.0 3.8530520010065826e-06 0.0 8.724324288465569e-06 0.0 3.0919055543288325e-05 7.76901508933382e-05 0.0 0.0 3.4837979643344495e-06 8.223924187610139e-06 0.0 4.1079268842372495e-05 0.0 9.113294800718836e-06 2.1527047756959966e-06 0.00010892714017611655 3.6840684468013267e-05 0.0 0.0 5.933032560480471e-05 0.00012852620686549802 7.400067109913867e-06 2.132942829268763e-06 0.0 0.0 0.0 0.0 7.064958511538902e-06 2.625341192326242e-06 0.0006588323178315165 0.0 0.0 1.0577691995833836e-05 2.295395910326284e-06 0.00015433446870681647 0.0 2.262104102330968e-05 2.594679725732761e-05 9.760666426384327e-05 1.8365139948172406e-05 1.910086140518705e-05 5.81632839897538e-06 1.9378486936283136e-06 0.0 4.6021025239525e-06 0.0 2.789847926821036e-06 0.0 3.748775361075178e-06 0.0 0.0013294778047070821 0.0003942632465740834 0.00021874197849785314 0.00885203581872671 0.0005889236681634947 0.01280309114213639 0.0034741642748159734 0.02551779970690152 0.0013909589561915021 0.00013981893990607267 0.001258944481079807 0.0007052097677686432 1.3567452610643188e-05 0.00020282537868610855 4.257861026960347e-05 0.0014875696540760425 5.885896531276572e-06 9.738951699406765e-06 0.0 0.0001010128545788184 1.0247184096947063e-05 0.030891577026307328 0.0012377064138969739
0.0014889293561184634 0.029982525810608618 0.06614319300151976 0.00029445035586023085 0.01576590154118037 2.0146691770369605e-05 0.007471333385348561 0.041480610829309615 0.06031308254201844 0.0010866283463940483 0.0 0.00018370058559004 0.006534832363775483 0.051489223067774405 5.9831036083773804e-05 0.0002326950607577884 2.851530215426054e-05 0.0 5.499659925367154e-06 0.0 0.0 0.0 0.0 8.5606229082599e-06 0.0 0.0 3.800476844205964e-06 2.6496244339283316e-06 2.554319802734783e-06 2.7127266571587877e-06 0.018712376543626875 0.018120769907891434 0.0035418903423084006 0.0 0.0 3.5284908291417957e-06 0.0006087952787341419 0.0003137539335364694 2.6172937800813892e-05 3.8712122877801585e-06 0.0 0.0 0.0 1.5842413786998455e-05 0.0 1.0691158949808996e-05 0.0006138457180319465 1.9848761922928253e-05 3.403234257532414e-06 0.0 6.245214848741276e-06 0.0 0.0 0.0 7.60755193800489e-05 4.259869435774636e-05 0.0001712248183175281 0.0006268609344558503 7.286622552027084e-05 0.00018652524314622364 2.5386632176633074e-05 0.0006437290093468857 0.0 0.0016240189123452073 4.477283728003961e-05 2.1226333894754816e-06 8.67821571940503e-06 4.7236074114239974e-06 7.4659982531964385e-06 0.0 0.0002277682346337746 1.1599934981715806e-05 0.0 0.0005536751851869261 0.0015826821470782814 0.0002440274196047308 0.0008378593076065945 0.0007724917618880408 0.003001763884566225 0.010202191800962572 1.490783791372711e-05 0.002902628876166925 0.0001355107599133038 0.0 4.1383201972614584e-05 4.143726409394959e-05 4.473599198197738e-06 2.3376616273336216e-06 1.0726262895444096e-05 0.0 2.1633849951746372e-06 0.0 0.0 9.21739408172814e-06 0.0 9.55112206305504e-05 0.0 0.0 2.5461717438261014e-05 0.0007566373867800639 3.687465299983456e-05 2.5718287026712504e-05 0.0 0.0 2.8994838375895942e-05 2.584997534770227e-05 0.0 0.0 1.2403621101593064e-05 6.506039693984478e-05 3.2239890871003686e-06 8.492307056633676e-05 2.6787604101909507e-05 8.881854935520853e-05 4.5017509907988825e-05 0.0 0.0 0.0 0.0 0.0 0.0 0.0 0.0 0.0 0.0 0.0 0.0 0.0 0.0 0.0 0.0 0.0 0.0 0.0 0.00012829451706900267 3.8427506373785035e-05 0.0 0.0 0.0 7.121480650892521e-05 0.0 2.0024147613908147e-05 4.1923169966720325e-06 0.0 0.0 0.0 0.0 2.898930224382754e-06 0.0 0.0 0.0 3.312403640882702e-06 0.0 0.0 0.0 0.0 0.0 0.0 0.0 0.0 0.0 4.858477108078928e-06 0.0 0.0 0.0 0.0 0.0 9.441109739645561e-06 0.0 0.0 0.0 0.0 0.0 0.0 0.0 0.0 4.566842416501171e-05 0.0 0.0 0.0 0.0 3.261443536144144e-05 0.0 6.122473425723612e-06 0.0 8.36982927403414e-06 0.0 2.5464714442087515e-06 0.0 0.0 0.0 0.0 0.0 0.0 0.0 0.0 0.0 2.59440563380672e-05 5.152274153300682e-05 3.5589336963393265e-05 0.0017698659500310313 6.098404010209746e-05 0.002240383037599729 0.0008330396881642968 0.00010970727171904486 0.00013690622477618208 4.235072712946293e-06 0.0002869022825036016 5.6117928190112984e-05 1.0979392082763833e-05 3.3792012186954295e-06 5.072786408877844e-06 0.0 0.0 0.0 0.0 1.87200953266427e-05 0.0 0.0003948157465369752 2.241024383636995e-05
0.002617145503950498 7.712112261722408e-05 7.345532725204145e-05 0.0011968299762469953 0.0004658657660209662 0.005749243108795309 0.00232742883442013 0.00019875782735688651 0.00022314146700360202 0.025548161440536222 0.00018370058559004 0.0 0.06989747800144813 0.0062969238049264435 1.642689830499347e-05 0.00013886076172277517 3.825460020125626e-06 0.0 0.0 0.0 0.0 0.0 0.0 0.0 0.0 0.0 0.0 0.0 0.0 0.0 9.247947707762736e-05 0.0001051790475564022 0.00405062306258125 0.0 0.0 0.0 0.003322231995052232 0.0005558862283794985 0.00015035706525288333 0.0 0.0 0.0 0.0 1.917422465646419e-05 0.0 4.165720849942967e-06 7.456075790663546e-05 6.740894578080718e-06 0.0 0.0 0.0 0.0 0.0 4.23372306584266e-06 3.858596729553351e-06 8.266262069791136e-06 0.00020221889216040233 8.362879948789127e-05 0.0 3.171810589909458e-05 1.9710653503048523e-05 0.0011923296372503903 0.0 0.00010539343151082903 5.136515722582866e-06 0.0 0.0 3.7946154032983027e-06 0.0 0.0 0.004168018407188932 1.0747165685039885e-05 8.687909379879491e-06 3.60618032602411e-05 0.0001029584011926013 5.9791227828463876e-05 8.292561841617342e-05 3.232307899216197e-05 0.00036324250238329854 0.00041970781064465564 0.0 0.0005099331435969627 8.763569926888683e-06 0.0 0.0 1.4270249555511901e-05 0.0 0.0 0.0 0.0 0.0 0.0 0.0 0.0 3.8090742274655063e-06 0.010087037360093741 0.00020055397984514395 0.0 3.5638601571130095e-05 0.004066482180683055 2.5083499536883162e-05 8.644913143189443e-05 3.527237847175173e-05 0.00011548809620991797 0.00012866171089176719 0.000517702398233953 0.0013506742348469447 3.811606727370138e-05 0.0007634128925898353 0.0018906744628056694 5.341983115557318e-05 0.001253917327040333 0.0011132570301150629 0.000928964769731543 0.0008004334074674789 0.0 3.1312283348341333e-06 0.0 0.0 0.0 0.0 0.0 0.0 0.0 0.0 0.0 0.0 0.0 0.0 0.0 0.0 0.0 0.0 0.0 0.000546659782658496 0.00016121379237604233 0.0 0.0 0.0 0.0002929960527405037 0.0 1.070996284134453e-05 3.5202443179335014e-06 0.0 0.0 0.0 0.0 0.0 0.0 2.9470944828885996e-06 0.0 2.1640688676510503e-06 6.017469930923958e-06 0.0 0.0 0.0 0.0 0.0 0.0 0.0 0.0 0.0 6.823600685648013e-05 0.0 0.0 0.0 8.589457306488015e-06 6.988350134922805e-05 2.645137750890059e-06 0.0 0.0 0.0 0.0 0.0 3.212221413108295e-06 0.0 0.00041952558702069233 3.5491445470880583e-06 0.0 2.7887154539077306e-06 0.0 7.474379027823441e-05 0.0 1.0007026543037022e-05 4.428046346219008e-06 4.8537656497536705e-05 5.469815440930906e-06 1.3725220837213765e-05 0.0 0.0 0.0 0.0 0.0 0.0 0.0 0.0 0.0 0.0008480780984403878 0.00016043298691445463 7.783879056477541e-05 0.0017329455348097252 4.739736395604057e-05 0.0007337303293841025 0.0005027030220776729 0.004012450492691251 2.472280555665661e-05 3.847308196118681e-06 0.0001468614781233609 0.0001565265268031383 0.0 3.635786891610392e-05 4.791066239401645e-06 0.0007040180624047108 0.0 6.686013755292803e-06 0.0 4.349282809853973e-06 0.0 0.006772234984355591 0.0005454060136616539
