0.0 0.0876908483093478 0.008805552518942083 0.018916960481470672 0.0029433111722476286 0.0026045918374473275 0.02217070534273354 0.0033366576879482455 0.0067763891366739255 0.0163895452409822 0.01266370528402404 0.0035974961123979945 0.008421877162040707 0.007275889418968806 0.00011690822133667825 3.600809412958121e-05 8.293833323412933e-06 1.5384829089614286e-06 0.0 1.8410044228506027e-06 0.0 0.0 0.0 0.0 8.64767015959889e-06 0.0 0.0 3.526695292471757e-06 2.4176389317179128e-06 2.2946909764128956e-06 0.01649231477891142 8.656794180876523e-05 0.00034288599592282877 0.0 2.2069744140333275e-05 2.706961929069221e-05 0.0002977864473416956 6.3620079462678e-05 1.1549789138265685e-05 7.093676002827659e-06 7.3292059854293645e-06 0.0 0.0 1.411108041327932e-05 0.0 0.0 0.0005249267096435584 3.795668170505698e-06 0.0 7.597666228995814e-06 1.822296019241008e-06 0.0 0.0 1.711719234350889e-06 2.4801835502814075e-06 5.757605512641039e-06 0.0036984660874277357 0.009213476009349027 0.0003920179662466816 0.0005820111854242586 1.2025706812380527e-06 6.281912131369358e-06 3.558559579794547e-06 0.0003110597058318955 7.503022276380556e-06 6.904932561309179e-06 1.8637687597619497e-06 1.7354379895230558e-06 3.886343261166072e-06 8.091235897154184e-06 8.057649341650876e-05 0.0 0.0 0.0037688828509454667 0.0002998143495689565 0.001672515944827534 9.976952711427497e-05 2.392205536672157e-05 1.0816700196684633e-05 0.00011887670004764402 7.100522809985566e-06 4.506400204808149e-06 3.428831658745178e-05 0.0 4.006709528082715e-06 0.0 1.4225956900637375e-06 0.0 0.0 0.0 0.0 0.0 2.4116426387003995e-06 0.0 0.0 0.0003952475044771724 1.662534788161515e-06 0.0 2.006095063064226e-06 0.015847451940619695 2.345098706164398e-06 4.6745162453211725e-05 6.845580507789052e-06 2.223410944103171e-05 0.0 0.0 1.164674828585883e-05 3.975587106998253e-06 1.1092201589430992e-05 8.64248516035938e-05 1.4269211925827832e-05 4.882804434454809e-06 8.410787893179504e-06 1.8368589697985573e-06 5.255985907183345e-05 0.0 0.0 0.0 0.0 0.0 0.0 0.0 0.0 0.0 0.0 0.0 0.0 0.0 0.0 0.0 0.0 0.0 0.0 0.0 0.0 0.0 0.0 0.0 0.0 1.8601423376313486e-05 0.0 5.444927256211319e-05 3.7511226836840903e-06 0.0 0.0 0.0 0.0 0.0 0.0 0.0 0.0 0.0 0.0 0.0 0.0 0.0 1.9100642429328825e-06 1.146348483028523e-05 0.0 0.0 0.0 0.0 0.0 0.0 0.0 0.0 4.4759847602131836e-06 0.0 0.0 0.0 0.0 0.0 0.0 0.0 0.0 0.0 3.4314485276302903e-05 1.6308163338678354e-06 0.0 0.0 0.0 4.873365839244393e-06 0.0 0.0 0.0 0.0 0.0 0.0 0.0 0.0 0.0 0.0 0.0 0.0 0.0 0.0 0.0 0.00020482750998973613 1.1544321929926188e-05 3.898967382260005e-06 0.003380450525150733 7.195362787900184e-06 0.0006855630897805747 0.0001155933038278977 0.020767350120052278 8.49281372328923e-05 1.5789727685317136e-06 5.3633665921476476e-05 8.513232918188276e-06 0.0 1.8328221646485771e-06 0.0 0.000123643281372856 0.0 0.0 0.0 2.3663563568169624e-06 2.194826109540358e-06 0.004293883281098056 5.756610221345512e-05
0.0876908483093478 0.0 0.05771094115840934 0.03764084781224069 0.08977271831732372 0.004834543621831817 0.0621357095646179 0.0219438857430847 0.06956299629349931 0.023074458341547872 0.07439421881936055 0.002497217938080096 0.013826982109449005 0.021321558337254423 0.0003453408479852057 0.0001684414412857604 2.956159136788554e-05 6.508423572973564e-06 0.0 6.143641761368833e-06 1.4491636676062236e-05 0.0 0.0 1.0724021393869828e-05 7.568988094959917e-05 1.83579653103905e-05 5.140734553958122e-06 7.031377295783345e-06 9.598848723609327e-06 0.0 0.031146885628979343 0.0010913960373183727 0.0009200597491181735 1.5502047933925743e-06 5.7792892620024775e-05 0.0001259239584531798 0.0007921035272191288 0.00019388615591265883 2.9539099033292407e-05 1.999009842622633e-06 1.601418614064795e-05 0.0 2.7445659779404786e-06 4.997864796910219e-05 1.848671904232138e-06 1.101054106111255e-05 0.0032230228653880202 2.8225406950426965e-05 7.56897981629583e-06 9.39141432335567e-06 3.3988803702298525e-06 0.0 0.0 3.110817443702158e-06 2.7689460162731872e-05 2.176881485379761e-05 0.001959649653516216 0.013369816454649377 0.00034211987878414576 0.0013846727077243717 2.0597130322713337e-05 5.758600467281093e-05 2.4143190037887847e-05 0.0018015023531268199 2.080633262326637e-05 3.0293218306570347e-05 3.05731214696025e-05 6.3006452485510425e-06 1.5574799181249606e-06 1.2083331364257813e-05 0.0003037135002754232 1.61218866636124e-05 0.0 0.007547864289953287 0.0017323778457669274 0.00543966264032476 0.000588158829407079 0.00011354870884514833 2.4672378620024053e-05 0.000325278846071342 3.988503613368912e-05 3.2869288527231356e-05 0.00011044623785570302 2.1357493483805325e-06 1.1459322238409197e-05 0.0 1.5650750185801903e-06 0.0 6.236885227223949e-06 1.7209494092195964e-06 1.864686298946153e-06 0.0 1.4016453293437619e-05 9.541810258302338e-06 0.0 0.00030142490368119016 1.6532570071486775e-05 2.010148547962551e-06 2.2857054582566136e-05 0.006877331552933771 0.0 2.584203816844913e-06 0.0 0.0002133318720362586 0.0 0.0 0.0 3.4321602938089904e-06 2.029498739320403e-06 7.706531151419983e-05 0.0 0.0 1.0173173163843425e-05 0.0 8.611948535097306e-05 0.0 0.0 0.0 0.0 0.0 0.0 0.0 0.0 0.0 0.0 0.0 0.0 0.0 0.0 0.0 0.0 0.0 2.4846835627546996e-06 0.0 0.0 1.018214962290703e-05 0.0 0.0 4.026854838453429e-06 6.47384905608249e-05 0.0 6.964359107503567e-05 1.1277044112189681e-05 0.0 0.0 0.0 0.0 0.0 0.0 0.0 0.0 0.0 0.0 0.0 0.0 0.0 0.0 0.0 0.0 0.0 0.0 0.0 0.0 2.6300106905069804e-06 0.0 0.0 0.0 0.0 0.0 0.0 0.0 0.0 0.0 0.0 0.0 0.0 2.8986297895482675e-05 2.8955602414745756e-06 0.0 0.0 0.0 2.2527265658788045e-05 0.0 0.0 0.0 0.0 0.0 0.0 0.0 0.0 0.0 0.0 0.0 0.0 0.0 0.0 0.0 8.92030321712568e-05 1.3172350603467367e-05 2.1737948749946893e-05 0.004074564016602844 4.872633078006309e-05 0.0030527272011318706 0.0003778974911564284 0.007864313159888224 0.0002786088560303929 1.963489935958377e-06 0.00026420753422363676 1.430125050886957e-05 0.0 0.0 2.7000093202782346e-06 7.542022726238737e-05 0.0 1.4158830860186645e-06 0.0 0.0 4.332404262255516e-06 0.0014584662494155228 5.020329678779943e-05
0.008805552518942083 0.05771094115840934 0.0 0.00012994569138468953 0.020275958135353836 0.0002133446106202127 0.002945419304523506 0.06488662828126243 0.02687222237522684 0.0004681131985935924 0.0709244941753995 6.317266648382132e-05 0.0013063350552127819 0.019149208939351004 0.00019706632713787972 0.0001295646685480286 1.826502605866117e-05 3.3813550045510574e-06 0.0 2.4562623427508855e-06 3.291890343334821e-06 1.6569978768369612e-06 0.0 5.122509710025324e-06 7.077536104484236e-05 1.8277267463694443e-05 1.8951057221966868e-06 9.691056973890536e-06 5.304653021031151e-06 0.0 0.06626568944787739 0.005805921628882483 0.0013692309482052517 3.552413245554534e-06 1.9949117508743748e-05 0.00012067029358653754 0.0006918525241723972 0.0002193882462724364 3.522958355531477e-05 9.856031314941388e-06 2.1181521909225075e-05 3.01420160817702e-06 0.0 2.190450674893926e-05 0.0 3.6052913378510964e-06 0.001492898501136866 1.1773300750083777e-05 7.383439345535284e-06 2.991156316972443e-06 1.4761381413276483e-06 0.0 9.3809486229077e-06 1.0759994867268904e-05 7.727067869683517e-06 1.0465014435934355e-05 0.00038634161452133985 0.0036226657389532495 7.172983385915099e-05 0.00037837953649570705 8.441056280543645e-06 5.822823190948292e-05 3.052378996618231e-05 0.0010216577547763927 9.038845607119591e-06 1.2601762426862606e-05 1.0762896225329692e-05 0.0 6.886495777454748e-06 3.827338574882127e-06 0.00014814453021258896 8.312663382067795e-06 0.0 0.0020150604628425745 0.0007895158373348799 0.0018902287421314213 0.00042005516473173895 8.62213934870179e-05 1.9743552158456043e-05 0.002183869929232841 1.2243598955771017e-05 1.4052752098442034e-05 2.12359302536634e-05 1.7155996477319805e-06 6.384351035369563e-06 3.0330558448157234e-06 0.0 1.8678727429809533e-06 0.0 0.0 4.7133484439563696e-06 0.0 1.742704208187977e-05 0.0 0.0 2.940198507483541e-05 6.505521602811917e-06 0.0 1.5327982670951088e-05 0.0013906747125610281 0.0 0.0 0.0 0.0 0.0 0.0 5.510641333010841e-06 0.0 6.209418578506168e-06 2.2544887430351785e-05 0.0 0.0 2.4586077602085703e-06 0.0 2.8899880884431986e-05 0.0 0.0 0.0 0.0 0.0 0.0 0.0 0.0 0.0 0.0 0.0 0.0 0.0 0.0 0.0 0.0 0.0 0.0 0.0 0.0 3.6468372244244163e-06 0.0 3.0297076531295377e-06 0.0 2.2540685817046133e-05 2.467904807095872e-06 4.842945834498046e-05 1.9426267843079604e-06 1.8112613710467296e-06 0.0 0.0 0.0 0.0 0.0 0.0 0.0 0.0 0.0 0.0 0.0 0.0 0.0 0.0 0.0 0.0 0.0 0.0 0.0 0.0 0.0 2.110259938455128e-06 4.78785902216762e-06 0.0 0.0 0.0 0.0 0.0 0.0 0.0 0.0 0.0 2.0995822521779604e-05 4.7102614663107825e-06 0.0 0.0 0.0 2.450766488091294e-05 0.0 0.0 0.0 0.0 0.0 0.0 0.0 0.0 0.0 0.0 0.0 0.0 0.0 0.0 0.0 4.267084531432927e-05 1.930985544164686e-06 2.8562216364981065e-05 0.0019849903831488627 2.3370332674108755e-05 0.0013380444472002528 0.0001769490260432934 0.0011187209488034138 0.00012707723236772127 0.0 0.00019959451439179792 7.057461820766683e-06 0.0 0.0 0.0 2.5291909769030207e-05 0.0 0.0 0.0 0.0 0.0 0.00021613165639760876 2.9046857470967873e-05
0.018916960481470672 0.03764084781224069 0.00012994569138468953 0.0 0.0002634803172420868 0.0026306054174929715 0.02886608164775289 1.299435106223623e-05 0.0012663816356304574 0.04372099040472446 7.805200371084072e-05 0.02603376593906466 0.0511486116458059 0.003017916029752409 1.961029642472409e-05 7.648824700448067e-06 0.0 0.0 0.0 0.0 0.0 0.0 0.0 0.0 0.0 0.0 0.0 0.0 0.0 0.0 0.0008285013528503099 1.5593618528139478e-05 0.00012502342740943148 0.0 0.0 2.5427384215342522e-06 0.00018596769053214217 1.4152171049840463e-05 0.0 0.0 0.0 0.0 0.0 1.5673179091443775e-06 1.7887507499404875e-06 0.0 0.00018530053717135815 1.8931809710527727e-06 0.0 0.0 0.0 8.06410299642852e-06 0.0 3.2306958662360057e-06 0.0 1.6301534286400222e-06 0.0003194274610455206 0.0014658511333190797 4.0035608965783363e-05 0.0001549677841886044 0.0 9.649729301272636e-06 0.0 8.179253016356917e-05 0.0 1.627005240908766e-06 1.8287588861365446e-06 2.011367393793468e-06 0.0 0.0 0.0003064087988675083 5.861988908037785e-06 2.36774521366083e-06 0.0007514308078737851 8.732265635012632e-05 0.00040102324194744117 1.8454332020866963e-05 0.0 3.7497388766722903e-06 7.573945178445434e-06 0.0 0.0 1.1860392755354205e-05 0.0 1.635839386523184e-06 0.0 1.440615174159109e-06 0.0 0.0 0.0 0.0 0.0 0.0 2.1578497088875688e-06 0.0 0.0005721491513127282 0.0002852591171441346 0.0 1.0604036771837344e-05 0.003080114393113955 0.0 2.0676812847113328e-06 3.514828462557742e-05 1.3288473940270534e-05 0.0 4.378672047862682e-06 5.428587988967605e-05 3.815553399222397e-05 3.509729876656678e-05 4.091479681778441e-05 0.0 2.6644073002840512e-05 1.745565473642652e-05 0.0 1.2016766008191827e-05 0.0 0.0 0.0 0.0 0.0 0.0 0.0 0.0 0.0 0.0 0.0 0.0 0.0 0.0 0.0 0.0 0.0 0.0 0.0 0.0 0.0 0.0 0.0 0.0 1.1525489422867895e-05 0.0 3.708138099954648e-05 0.0 1.610218099468202e-05 0.0 0.0 0.0 0.0 0.0 0.0 0.0 0.0 0.0 0.0 0.0 0.0 1.020311224094666e-05 0.0 0.0 0.0 0.0 0.0 0.0 0.0 0.0 0.0 9.132656796519303e-06 0.0 0.0 0.0 0.0 0.0 0.0 0.0 0.0 0.0 0.0 0.0 0.0 0.0 0.0 3.314812602267198e-06 0.0 0.0 1.8029808706572027e-06 0.0 0.0 0.0 0.0 0.0 0.0 0.0 0.0 0.0 0.0 0.0 0.0 6.638598893841622e-05 2.0857426977153883e-06 2.1846808438908738e-06 0.0004269891726958425 0.0 0.0002295588786056235 2.832557955100521e-05 0.005578337802338925 3.628261769120898e-05 0.0 2.660690256621615e-05 2.0444519041741026e-06 0.0 0.0 0.0 2.414297167090723e-05 0.0 0.0 0.0 0.0 0.0 0.0011855286929830257 9.4375327563538e-06
0.0029433111722476286 0.08977271831732372 0.020275958135353836 0.0002634803172420868 0.0 0.0003266077979815905 0.005916658900343197 0.0010805842747097616 0.05169308204872088 0.0028640840993940167 0.020307603830748932 0.0003010503662061311 0.0029963752276705932 0.019466084140746163 0.00013530377820908252 2.4687529646479675e-05 1.448171819378016e-05 3.7537899896797964e-06 0.0 0.0 3.8058423579206616e-06 0.0 0.0 0.0 2.294925870116657e-05 1.3481518308458661e-05 0.0 1.0482260224546849e-05 0.0 0.0 0.003223157672185322 0.00014376883634144457 0.0001976271350139708 0.0 1.3140869950356518e-05 5.2732002950218895e-05 0.00022413231835376906 7.457451551229006e-05 6.949850664527308e-06 0.0 1.2446676728177066e-05 1.6161540699462855e-06 0.0 1.1945332001911596e-05 1.795155467254637e-06 5.069681121385547e-06 0.001871867197025683 1.1860567663174008e-05 6.387836490672863e-06 1.3329415836323496e-06 0.0 0.0 0.0 0.0 1.8587633050062315e-06 5.314710450207696e-06 0.00037193557012693643 0.0031594366403055745 6.550209571410446e-05 0.0004912570459934087 6.347684816825909e-06 2.0917516000105477e-05 1.5208539605151573e-05 0.0011312392861682133 9.78268755398823e-06 1.5032122650685451e-05 7.827096167484796e-06 1.649265359739401e-06 1.645151735931904e-06 7.996748183282597e-06 7.755115937702563e-05 7.292742219244067e-06 0.0 0.002031958461792784 0.000837918854759153 0.0022145825495588634 0.0005086997956544481 7.356501138789619e-05 2.5737001508413062e-05 0.00017276267072872543 4.438790589378101e-05 1.001951978116258e-05 4.085169625861781e-05 0.0 3.793412425823521e-06 3.670893859269485e-06 1.525850524505932e-06 0.0 3.1152508902072846e-06 0.0 3.0101311374799204e-06 1.5677287818444418e-06 6.4985496210288135e-06 0.0 0.0 0.00023370517513264958 1.710158989267144e-06 0.0 5.010947442755908e-06 0.0004678741654047626 0.0 0.0 0.0 0.0 0.0 0.0 0.0 0.0 4.374982609948884e-06 1.3860431386491747e-05 0.0 0.0 0.0 0.0 4.8968086899554e-06 0.0 0.0 0.0 0.0 0.0 0.0 0.0 0.0 0.0 0.0 0.0 0.0 0.0 0.0 0.0 0.0 0.0 0.0 0.0 0.0 0.0 0.0 0.0 0.0 4.0771444327395865e-06 0.0 2.7121023061562788e-05 5.606034650099922e-06 0.0 0.0 0.0 0.0 0.0 0.0 0.0 0.0 0.0 0.0 0.0 0.0 0.0 0.0 0.0 0.0 0.0 0.0 0.0 0.0 0.0 0.0 0.0 0.0 0.0 0.0 0.0 0.0 0.0 0.0 0.0 0.0 0.0 0.0 3.0549482440566935e-06 0.0 0.0 0.0 9.54965172935239e-06 0.0 0.0 0.0 0.0 0.0 0.0 0.0 0.0 0.0 0.0 0.0 0.0 0.0 0.0 0.0 4.4215746406823694e-05 6.627661278935652e-06 2.0216052396975286e-06 0.0029195494197447316 2.095515806043994e-05 0.001597028771635373 0.00015507790449928064 0.0014565624293664543 0.00019084570420621676 0.0 0.00023544224834961134 2.7596613032181473e-06 0.0 0.0 0.0 1.6089428485433395e-05 0.0 0.0 0.0 0.0 0.0 0.0004849782047720374 0.0
0.0026045918374473275 0.004834543621831817 0.0002133446106202127 0.0026306054174929715 0.0003266077979815905 0.0 0.0030754482553969763 3.978050874156583e-05 0.000977289530067508 0.009495219208307449 0.00021352022694675832 0.0034615191950938505 0.00533320952037413 0.003152613080585182 2.201404525775119e-05 1.9041524351361175e-05 1.3123035014669444e-05 8.778699070414145e-06 0.0 0.0 0.0 3.132640124655549e-05 0.0 0.0 1.480948029859649e-05 0.0 1.904259690508734e-06 3.3032570562438628e-06 2.4912051913324798e-06 0.0 0.0012360760268722952 7.696945774424128e-06 0.0010164933374281879 0.0 3.5308223824981e-06 5.392104329504465e-06 0.001055151169034686 3.71602887572871e-05 0.00010983880472710444 0.0 1.015919247422582e-05 0.0 0.0 1.1161604032967814e-05 3.7429376710282085e-06 2.6006883050168794e-06 0.00011891642738257204 1.438751021000009e-06 1.9750728734950502e-06 0.0 4.354463918055579e-06 0.00012643543635610285 3.762506275274254e-05 1.0518344029125346e-05 0.0 0.0 0.004907603211595693 0.0003311498037871827 1.1658742708196425e-05 3.607888038012982e-05 2.6140466563909513e-05 8.523183229714899e-05 2.848690148624409e-06 7.71603582291788e-06 0.0 0.0 0.0 0.0 0.0 0.0 0.007847474510772666 0.0012621514278802629 8.306080971874946e-05 0.00010546913163301185 4.454775159477872e-06 5.392324731720445e-05 6.918382253433593e-06 1.2762132392244094e-05 1.8035202845371754e-06 0.00020629847098201779 4.800590413936691e-06 9.205503745812114e-05 0.0 0.0 0.0 2.133774557991583e-06 2.361821913670479e-06 1.137640919871272e-05 2.034917209129184e-06 8.141189050204452e-05 4.990087351609775e-06 1.957347901726883e-05 3.7782803744944496e-06 0.0 4.1638042488976154e-05 0.008185190695820592 0.004916112135782926 7.397846929592878e-05 0.0005661132420565934 0.012377740486973049 6.173793696544987e-06 1.1481346545384786e-05 2.6226125335023953e-06 3.989343232114057e-05 3.4951133366691233e-06 0.0 9.944650787294683e-05 2.4076072107773485e-05 3.0057518006905274e-05 0.00039090963981619936 2.6155679565576882e-05 7.875327725665492e-06 2.2297751097355624e-05 6.6952684306597515e-06 0.00029197763438953387 0.0 0.0 0.0 0.0 0.0 0.0 0.0 0.0 0.0 0.0 0.0 1.0785628426946063e-05 0.0 0.0 6.577510937594394e-06 0.0 0.0 6.115589026080757e-06 0.0 2.9132937214446505e-06 1.0471998047633735e-05 0.0 0.0 0.0 4.6069765318089605e-05 2.2812982096681568e-06 0.00011774286783353846 1.4963767970790097e-06 6.304531706428095e-06 0.0 0.0 0.0 0.0 0.0 0.0 0.0 0.0 2.928000668728741e-06 0.0 0.0 0.0 6.285575554996746e-06 0.0 0.0 0.0 0.0 0.0 0.0 0.0 0.0 2.8148207719202634e-06 3.825290760860972e-05 0.0 0.0 0.0 0.0 0.0 0.0 0.0 0.0 0.0 4.4706092139769795e-05 2.7367321887561758e-05 0.0 1.8005754673155598e-06 2.365174543087875e-06 6.1568169874691e-05 0.0 0.0 2.32527122916353e-06 3.029241538327156e-06 7.396761567656287e-06 0.0 0.0 0.0 0.0 0.0 1.6547014274478121e-06 0.0 0.0 0.0 0.0 0.0006457940484425087 8.700623616813435e-06 3.110170376584014e-05 0.0015862885797610707 0.0 0.000152671997551658 3.2363464293871275e-05 0.00934094325325449 1.6713098966483037e-05 0.0 3.5228126602250604e-05 1.8953599276824768e-05 0.0 0.0 0.0 0.00030396907273545163 0.0 0.0 0.0 6.86858999109351e-06 0.0 0.006867747901756282 0.00026263116732147735
0.02217070534273354 0.0621357095646179 0.002945419304523506 0.02886608164775289 0.005916658900343197 0.0030754482553969763 0.0 0.0002489526214750181 0.013105720024994594 0.03705051987681949 0.0012386162343332996 0.016825478182883293 0.0989043798964587 0.03703710475064256 0.0001297206574015282 8.797744649780657e-05 1.680685828033514e-05 1.3643164963202025e-06 2.2734725002151626e-06 0.0 2.6471878014033516e-05 0.0 0.0 0.0 5.546018574267919e-05 2.314236427944037e-05 2.2245507983185287e-06 6.041527270822684e-06 0.0 0.0 0.002593357994189403 5.979517567197865e-05 0.000505525966100153 0.0 3.3583676180875256e-05 9.620769371304833e-05 0.0007893461961838723 0.00016062659203221655 2.7849320095074514e-05 6.107859722512693e-06 7.303142883976012e-06 0.0 0.0 2.6045907846338543e-05 0.0 3.746301318261026e-06 0.0016084079565584456 6.169899663919834e-06 1.9293497046251376e-06 2.6475730882876067e-06 3.817387345204219e-06 0.0 1.9751423469422865e-06 4.8882282601460874e-06 1.1422596493057229e-05 5.586132343769322e-06 0.000645965356726712 0.0035775164578661237 8.400910918986776e-05 0.0004988198036514708 3.082566877417194e-05 6.561408706407441e-05 2.575895481168927e-05 0.0007351162641488016 6.39489248329855e-06 1.2287897918972587e-05 7.090935627292183e-06 0.0 2.8506243873316015e-06 1.3152477831003103e-05 0.0006846908624334654 7.950369301369938e-06 0.0 0.002676495189657339 0.0007004910529117515 0.0021346620298635537 0.00029524283315686064 5.71661249086402e-05 9.419531482258913e-06 0.00025806861665668006 2.495312541106197e-05 8.752236267101365e-06 5.952765331994988e-05 0.0 1.1441732602140447e-05 1.4266964597532433e-06 1.9071119274757726e-06 0.0 0.0 0.0 0.0 0.0 4.109357464525485e-06 0.0 0.0 0.0012148780710497312 1.637167706592323e-05 0.0 1.4997140474623813e-05 0.0015962876665444599 1.2674110299721899e-05 2.560415542317947e-05 8.502181850388516e-05 7.508098535902871e-05 0.0 0.0 5.702894331303854e-05 0.0 6.0079956207662264e-05 0.00011136167707489206 2.071111513214838e-05 2.6299289138325238e-05 1.887928992677016e-06 2.9330817179402633e-06 7.284327775884572e-05 0.0 0.0 0.0 0.0 0.0 0.0 0.0 0.0 0.0 0.0 0.0 0.0 5.996935723411608e-06 0.0 0.0 0.0 0.0 0.0 0.0 0.0 1.1224813852137334e-05 0.0 0.0 0.0 5.571668094474917e-05 0.0 9.552508266327949e-05 2.1409266504517727e-06 5.326448096235903e-06 0.0 0.0 0.0 0.0 0.0 0.0 0.0 1.7049449611445029e-06 0.0 0.0 0.0 0.0 0.0 0.0 0.0 0.0 0.0 0.0 9.94452273579546e-06 0.0 0.0 0.0 2.6071539263662708e-06 0.0 0.0 0.0 0.0 0.0 0.0 0.0 0.0 0.0 2.5394886403633044e-05 4.517473568381614e-06 0.0 0.0 0.0 4.136040088558431e-05 1.7079496112248615e-06 1.434762326977366e-05 3.6884346804949118e-06 0.0 4.648879380299387e-06 0.0 0.0 0.0 0.0 0.0 0.0 0.0 0.0 0.0 0.0 0.00025800558495885995 7.341875555011906e-06 1.3062652489357051e-05 0.002221000468434754 1.043220429976274e-05 0.0014215527630137019 0.000156672809947062 0.0037922987159660043 0.00014916564696141105 2.557266482342968e-06 0.00017286283231148826 8.354547760414875e-06 0.0 7.416455453645182e-06 0.0 1.999218614922334e-05 0.0 0.0 0.0 0.0 4.771119593988837e-06 0.0016179612784445348 6.690091710084329e-05
0.0033366576879482455 0.0219438857430847 0.06488662828126243 1.299435106223623e-05 0.0010805842747097616 3.978050874156583e-05 0.0002489526214750181 0.0 0.004900416118902468 4.829584636854988e-05 0.06737285532710148 2.0967501074215426e-05 0.0010338510818888025 0.01919247169384503 0.0002901791613356359 0.0001757840013225553 8.185536300512357e-05 3.103850106234307e-05 2.3263705623021748e-06 9.49205314585395e-05 0.000466250596957139 0.0 0.00011433761824784414 4.102567598049775e-05 0.0005678025784458919 0.0002981899042868559 0.00010119389820287359 0.00014128885218301723 1.593933645856208e-05 1.787310002246493e-05 0.09361153439261552 0.06565150441208471 0.004753328728951344 9.935463413578381e-05 0.0013988204107440085 0.0017187367829110925 0.001403247368674003 0.0011253596751825614 9.354238010563079e-05 6.845342614791092e-05 0.00027590479858109887 4.3772406041017094e-05 4.133711090706227e-05 7.014204737387096e-05 1.2541366129280936e-05 2.993550243423023e-05 0.002162580140148284 2.1966735064385044e-05 6.0031004206773224e-05 8.925742008682905e-05 5.545432548907707e-05 1.7870780313243226e-06 7.693825896357493e-06 5.4695133429949175e-05 9.73282505307484e-06 9.799745427637716e-06 0.0006035384202140742 0.0143102515567132 0.0001089868503899074 0.00041726048651573544 0.00013572178280227875 0.0037238955452877556 0.0013326732338729877 0.011542346368290159 1.5020607579831265e-05 2.9120859087316773e-05 1.0859770367416364e-05 4.7814545037862485e-05 0.00011063620305053148 0.0002892126541594088 0.00012717351200685088 2.537699913332272e-05 0.0 0.0027025736417585385 0.001064040649790752 0.0018876214489521102 0.0009955659793818947 0.004099908893601356 0.013049496106705145 0.039806257712553465 9.459402477258026e-05 0.0011708144133427735 3.0000391246049705e-05 0.0 1.0163455603667566e-05 1.7811346850309156e-06 2.998116913679612e-05 0.0 2.7882901784376003e-06 0.0 9.916813389087995e-06 0.0 0.00022353580510445415 3.148208756920666e-05 5.471257845739053e-06 3.34300301434047e-05 2.8941335874028073e-05 0.0 7.761769749460348e-05 0.0016242441491258457 0.0 1.9281701862742643e-06 0.0 4.531337499760805e-06 0.0 0.0 2.587611994415055e-06 0.0 1.7677419182861752e-06 1.668307358315901e-05 2.3688899952880858e-06 2.5425896810260727e-06 0.0 2.28065167813826e-06 2.5123171619811474e-05 0.0 0.0 2.7324194485399934e-06 0.0 0.0 0.0 0.0 0.0 0.0 0.0 4.760103002769832e-06 0.0 0.0 0.0 0.0 2.6936397987633453e-06 0.0 0.0 0.0 0.0 2.7738540857826034e-06 0.0 0.0 0.0 3.271995106769114e-05 5.033655772438866e-06 5.831244000156699e-05 4.579018014145251e-06 6.207973408383484e-06 0.0 0.0 4.5542602177688244e-06 0.0 0.0 0.0 0.0 0.0 0.0 0.0 0.0 0.0 2.383500230636816e-06 0.0 0.0 0.0 0.0 0.0 0.0 0.0 0.0 0.0 7.9433235614336e-06 0.0 0.0 0.0 0.0 0.0 0.0 0.0 0.0 5.084098391939201e-06 2.5483828942818514e-05 1.7860767873479647e-05 0.0 0.0 5.9229259967263565e-06 1.631263626568874e-05 2.5344389460181666e-06 0.0 0.0 0.0 0.0 0.0 0.0 0.0 0.0 0.0 0.0 0.0 0.0 0.0 0.0 7.807358500982128e-05 5.57534636154808e-06 3.5499473360432056e-05 0.0028456375093778097 5.1421474969707e-05 0.0022788970409932654 0.0005975083295886835 0.001242826866256458 0.00020878826497482518 0.0 0.00024322401982588394 1.0543588904758497e-05 0.0 1.943233376256957e-06 8.6654126680566e-06 0.0 0.0 0.0 0.0 2.1627454445647225e-05 1.4317595744096634e-05 0.00020276304162242167 5.071726410490668e-05
0.0067763891366739255 0.06956299629349931 0.02687222237522684 0.0012663816356304574 0.05169308204872088 0.000977289530067508 0.013105720024994594 0.004900416118902468 0.0 0.009005594142404663 0.02399264018941565 0.000983707257891417 0.013841439615381297 0.02498791428200045 0.0002196013618867915 5.37616525380087e-05 2.9826027736932616e-05 0.0 0.0 0.0 3.900956266271179e-05 0.0 6.537111975001332e-06 1.0130825578173036e-05 4.561944164663405e-05 1.5777940000043896e-05 3.241043431218631e-06 4.270134936052325e-06 1.329697678629626e-05 1.6807202434041826e-05 0.006320746566008983 0.0003401417647640569 0.0005402198252134089 8.126725351800816e-06 5.784883970950427e-05 0.00013639737045379252 0.0006782195975141747 0.0002167265582914183 2.5620200422936306e-05 1.282367132910002e-05 4.294831002057352e-05 0.0 0.0 3.579869274322451e-05 0.0 8.299275359104697e-06 0.0033316961811158865 1.6467190201755015e-05 7.255457625809926e-06 0.0 1.0443048737615795e-05 0.0 1.6091311307668624e-06 0.0 1.3404828345147106e-05 1.0211549439155503e-05 0.0006395794299907121 0.005495914881745051 0.00014713882769359088 0.000875781869271537 3.981669140043268e-05 8.968414191437605e-05 2.4528663153827485e-05 0.0018094508318016686 2.0520201640067656e-05 1.85922247246389e-05 7.2506752818164766e-06 4.375905658040799e-06 8.116544278251217e-06 6.850056954379361e-06 0.00025255274828840337 1.9031613214289383e-05 0.0 0.003448957085325611 0.0014562400939948084 0.0032383007947356167 0.0006890774774080953 0.00010345652611221047 3.752577785143175e-05 0.0004476260365510051 2.72015261071612e-05 4.564241562808881e-05 6.369803540358646e-05 0.0 1.2040238392769168e-05 5.548503137552854e-06 1.6000486252298354e-06 0.0 5.601159266776254e-06 0.0 0.0 0.0 3.442926688802818e-05 0.0 2.0390491959623816e-06 0.0005109084801864598 1.5771843781561527e-05 0.0 1.715985791557434e-05 0.0010860056313392078 2.475975050841121e-06 9.800309478577172e-06 0.0 0.0 0.0 0.0 1.704412984289939e-05 0.0 0.0 6.326104191156305e-05 2.5566848947139697e-05 2.521442973653787e-06 0.0 3.8528379314464535e-06 6.995858796951061e-05 0.0 0.0 0.0 1.9795840568089777e-06 0.0 0.0 0.0 9.241918023643146e-06 0.0 0.0 0.0 0.0 4.070507729200746e-06 0.0 0.0 1.8906901796416194e-06 0.0 0.0 0.0 0.0 0.0 0.0 0.0 0.0 3.223591135079605e-05 2.0549531064717602e-06 4.5450604643126956e-05 0.0 0.0 0.0 0.0 0.0 0.0 0.0 0.0 0.0 0.0 0.0 0.0 0.0 0.0 2.031524334080459e-06 0.0 0.0 0.0 0.0 0.0 0.0 0.0 0.0 2.3807217212179667e-05 1.4483422129540018e-05 0.0 0.0 0.0 0.0 0.0 0.0 0.0 0.0 0.0 2.0378027749878703e-05 1.3279497481206931e-05 0.0 0.0 0.0 1.5586247915673446e-05 0.0 2.2594699279919285e-06 0.0 0.0 0.0 0.0 0.0 0.0 0.0 0.0 0.0 0.0 0.0 0.0 0.0 9.162689540356135e-05 1.2385815386969515e-05 1.8602557599200962e-05 0.005977341638018998 2.6481450659331548e-05 0.0028207797258673643 0.0003234333619883716 0.002841623061670697 0.0003349863373411343 3.4350481856509316e-06 0.00047741375725653503 1.623620307868657e-05 0.0 0.0 0.0 3.553193107953543e-05 0.0 0.0 6.088559876450306e-06 0.0 0.0 0.00104636444501599 9.474220444335e-05
0.0163895452409822 0.023074458341547872 0.0004681131985935924 0.04372099040472446 0.0028640840993940167 0.009495219208307449 0.03705051987681949 4.829584636854988e-05 0.009005594142404663 0.0 0.0016049491943614042 0.0721730926034507 0.15787707766889678 0.03802028814201577 0.00018267673104118518 0.00014469058325996197 3.9156037173519975e-05 0.0 0.0 2.4143277721335587e-06 0.0 0.0 0.0 0.0 0.00010893200775991124 9.009670431885528e-06 4.2134204251237465e-06 2.4033741354876653e-05 0.0 0.0 0.000621794751533091 2.3245458131357258e-05 0.005055866694428269 9.692948212512546e-06 5.025615919501154e-05 0.00011596946658375639 0.011038278129867816 0.00035795288146444395 0.0002080211670210321 1.5365496802206493e-05 2.311599114890309e-05 4.640193669142721e-06 0.0 3.840671937238723e-05 0.0 0.0 0.0010277154842038673 2.1708111740661513e-05 4.774297621636857e-06 0.0 5.1324023310462025e-06 4.249308051377669e-06 5.609037004802069e-06 4.766702368156414e-06 0.0 1.8174038031437803e-06 0.0008038758320811189 0.0009454197114953264 2.741294084626081e-05 0.0001635452564796032 8.894417334172865e-05 0.0015660379207119092 2.4227658884936862e-05 0.0001511913185401249 1.8623214472862668e-06 1.5497363832119794e-06 2.4710303470954308e-06 2.919275783117245e-06 2.330248680305053e-06 1.6806798753526826e-05 0.01824384969362515 1.3125761005834787e-05 0.0 0.0006178793780115687 0.0001416976856690774 0.000530895704187063 0.00012618715003862217 4.281843400172187e-05 8.353849965438228e-06 0.0005626728580347493 1.324449877842216e-05 4.1432214700446135e-05 1.8939753249395637e-06 0.0 4.38823229811837e-06 4.435417163834097e-06 0.0 0.0 4.082787543562778e-06 0.0 2.3645485169366785e-06 0.0 1.1984976397173555e-05 0.0 2.7743624355440987e-06 0.014342945169004513 0.0031203628009319 1.2485583082831052e-05 0.0003387986776087245 0.006787261506066302 8.019440736065973e-05 0.000278340164718753 9.041828374594325e-05 0.0005087804860029086 6.632705862238635e-05 0.0 0.0013105626342958475 2.6719100959300903e-05 0.00047962841375055537 0.003992919897637193 0.000285141573121243 0.0003010341668039332 0.001047805740387226 0.00048337446165906174 0.002983974918194412 8.488076797179348e-06 0.0 0.0 0.0 0.0 0.0 0.0 2.2671633930548304e-05 0.0 0.0 1.77329719263643e-05 0.0 9.955880420216866e-06 5.354883547584638e-06 8.914686151193939e-06 3.2783708717127407e-06 7.253991185182472e-06 3.382629092484293e-06 0.0 4.434832347373079e-05 0.0001531249739152013 0.0 7.118831052660088e-06 0.0 0.0013245084289617653 4.08547488055902e-05 0.002883561697402839 9.241921895181065e-05 3.546260545465612e-05 0.0 0.0 0.0 0.0 0.0 0.0 0.0 3.244024668441221e-06 1.276604708327316e-05 0.0 0.0 1.555369271950865e-05 5.080324774855083e-05 3.035007222346904e-06 0.0 0.0 0.0 7.267875009839504e-06 1.3505343569179895e-05 5.07527878372013e-06 8.367298739411357e-06 5.02976709569621e-06 0.0006931872636492709 1.7617173156040404e-05 2.6859588511629616e-06 0.0 0.0 0.0 0.0 0.0 0.0 0.0 0.0009072636947085518 1.7921055982234893e-05 9.433834596002793e-06 2.1269112241105467e-06 0.0 0.0007887077863141932 0.0 2.7337363223231097e-05 2.419516811238725e-05 1.7856056992261218e-05 1.6142985168042223e-05 0.0 2.0578272260444276e-06 0.0 0.0 0.0 0.0 0.0 0.0 0.0 0.0 0.008293081456670806 0.00022448931454852695 0.0005059960468570109 0.007850617666269754 6.049201730153986e-05 0.0009766857944871596 0.00014427375420646106 0.02349547470141505 0.0001173191883002745 0.0 0.00025536309659238886 0.00014417290003157886 0.0 6.736527410259012e-05 1.8443920950420453e-05 0.0021428287137713817 3.144421474684923e-06 0.0 5.241226824208783e-06 5.097250909097684e-06 1.0647747812166047e-05 0.039329178618991927 0.0025583811951277406
0.01266370528402404 0.07439421881936055 0.0709244941753995 7.805200371084072e-05 0.020307603830748932 0.00021352022694675832 0.0012386162343332996 0.06737285532710148 0.02399264018941565 0.0016049491943614042 0.0 0.00016629317248553242 0.005942315960102498 0.05161834340945819 0.0003985254701381181 0.00021475327902645852 5.4683973989692736e-05 2.064562340098505e-05 3.0949273054620565e-06 2.333698327708238e-06 6.914012082854531e-05 0.0 5.150599783465662e-06 7.98209877347904e-06 0.00037255428190243324 7.851046006032891e-05 3.191039779847683e-05 6.591030929502202e-05 2.218453202609232e-06 1.025827783065734e-05 0.060191364851541924 0.016779822769676076 0.0048015029695487425 1.8245905864200226e-05 0.00030058756906690514 0.0007812224522988319 0.0021472520010855627 0.0009128856534684894 9.905944436595626e-05 3.97794214974191e-05 0.00013677069352075174 4.080749706785589e-06 4.056770273161071e-06 6.391058895632997e-05 0.0 1.0552960780975532e-05 0.0039240397842454314 1.823330102428328e-05 1.7995211006361008e-05 1.6076311929200243e-05 1.4285442392144264e-06 0.0 6.645767222277033e-06 1.6131515010088397e-05 9.052417566390134e-06 1.4042486095898566e-05 0.0008383594358508103 0.012266280287827539 0.00019072330522886758 0.0007979751177707428 2.5277274208008546e-05 0.0006500287225396293 0.00011572468117712563 0.003042485592414308 1.73406199444844e-05 2.277928808687285e-05 2.3688225264711548e-05 1.3051105053670067e-05 1.248022398680537e-05 5.613233063292442e-05 0.00023101045665915155 2.9410313625142185e-05 0.0 0.0041946311124161475 0.0017895105590737916 0.0035444943224756022 0.0010208164008018322 0.00035378773330220774 0.004009750317056729 0.012115569283146395 4.242995271612197e-05 7.142490571771846e-05 6.0743182788425276e-05 0.0 2.123077514024822e-05 1.7672173478519776e-06 4.812901445442416e-06 0.0 7.078704934023899e-06 0.0 7.459087513188723e-06 0.0 7.285412387997612e-05 2.5663085892234537e-06 5.214874658125851e-06 0.00026743312486267746 3.3914147903159014e-05 0.0 9.820693523584522e-05 0.0023891736880432566 3.3115715282309357e-06 0.0 0.0 0.0 0.0 0.0 8.255110445990744e-06 0.0 8.920049684950831e-06 7.344688081935865e-05 0.0 2.436861193996713e-06 5.9821559361255704e-06 0.0 5.436806498842871e-05 0.0 0.0 0.0 0.0 0.0 0.0 0.0 0.0 0.0 0.0 0.0 0.0 0.0 0.0 0.0 0.0 0.0 0.0 0.0 0.0 0.0 0.0 0.0 0.0 5.024108498721342e-05 7.549027470720193e-06 0.00013575185807182262 1.9703693374869023e-06 0.0 0.0 4.854078541249567e-06 0.0 0.0 0.0 0.0 0.0 0.0 0.0 0.0 0.0 0.0 0.0 3.985660756847502e-06 0.0 0.0 0.0 0.0 0.0 0.0 0.0 0.0 9.397236779729877e-06 0.0 0.0 0.0 0.0 0.0 0.0 0.0 2.2255498999418875e-06 0.0 1.1565005123924732e-05 4.16267037796813e-06 0.0 0.0 0.0 0.0 0.0 0.0 0.0 0.0 0.0 0.0 0.0 0.0 0.0 0.0 0.0 0.0 0.0 0.0 0.0 7.97578183142774e-05 2.1634687488445695e-05 3.348921371616401e-05 0.0065372761766415615 5.868248756381675e-05 0.00393366872744325 0.000483336177810979 0.0024976974036438017 0.0004492955597711602 2.095588033945086e-06 0.0007087780320827963 1.526377818788942e-05 0.0 4.579965393246218e-06 1.57977991532641e-05 9.567146796038778e-06 0.0 0.0 0.0 1.0835387329789456e-05 0.0 0.000732968048295298 6.0267545226964994e-05
0.0035974961123979945 0.002497217938080096 6.317266648382132e-05 0.02603376593906466 0.0003010503662061311 0.0034615191950938505 0.016825478182883293 2.0967501074215426e-05 0.000983707257891417 0.0721730926034507 0.00016629317248553242 0.0 0.04244760303714082 0.00731635933659923 0.00019301804953456762 0.0001239519041550596 2.5344865368597767e-05 0.0 0.0 0.0 2.1473579941531887e-06 0.0 7.86088444082543e-06 2.7556964199188304e-06 2.407173629135499e-05 2.719498305505344e-06 0.0 1.0943448839234153e-05 9.58891952956226e-06 7.65034561805177e-06 0.00011774119404374579 0.0 0.002739512872969368 0.0 2.5988378629169686e-05 0.00010562538797458584 0.016434243351938903 0.00032135233629288336 0.00016249178377344517 3.3844222419440134e-06 1.2842154785644774e-05 0.0 0.0 1.410300313037422e-05 0.0 2.2240764201545823e-06 0.0007424927660962524 0.0 3.978681276828905e-06 1.4103890217540801e-06 3.5826419228755983e-06 0.0 0.0 0.0 0.0 1.885092823357466e-06 6.932131186364329e-05 0.00018780896030071417 6.116676882328338e-06 6.521513671147185e-05 1.555215604030789e-05 0.0003971532991636045 7.581686877055846e-06 3.6926820942471634e-05 0.0 0.0 1.8491660226487144e-06 0.0 0.0 1.0099378284558879e-05 0.00403988112694904 2.8986802113563388e-05 0.0 0.00014424937422933843 6.892402367091708e-05 0.00020369183014919462 7.568955760732163e-05 3.509723801555675e-05 0.0 0.00032774473706661937 1.852280804975716e-05 7.028812149420624e-05 2.2403329007574248e-06 0.0 0.0 0.0 0.0 0.0 0.0 0.0 0.0 0.0 8.576034925162015e-06 0.0 1.7020870622445397e-06 0.004468156937788033 5.0338312311494406e-05 0.0 9.508605592523531e-05 0.00040656769328337313 3.3694701482668135e-06 2.4197048945294675e-05 1.6594263410783803e-05 4.652513117035226e-06 4.143039844417907e-06 0.0 9.372044100997282e-05 0.0 1.6996753695665945e-05 0.00032363688904280663 5.379984411188725e-05 1.9543159213432725e-06 1.6557799185522865e-05 2.168198589887035e-05 0.0004385379513321065 2.187003307566432e-05 2.17161294967583e-06 0.0 6.081938169382452e-06 0.0 0.0 0.0 0.0 0.0 0.0 0.0 0.0 0.0 0.0 4.023799537027177e-06 0.0 0.0 6.998127671196613e-06 0.0 0.0 2.998058794703266e-05 0.0 0.0 0.0 0.00021433490120476508 9.164445642411505e-06 0.0005855335449768245 2.363594496541417e-05 0.0 0.0 0.0 0.0 0.0 0.0 0.0 0.0 0.0 4.849124502965812e-06 0.0 0.0 0.0 2.0000360297089013e-05 0.0 0.0 0.0 0.0 0.0 4.555716099656501e-06 0.0 0.0 9.5652947318716e-06 0.0001733668666089181 0.0 0.0 0.0 0.0 0.0 0.0 0.0 0.0 0.0 0.00017339460227596242 1.5293547866080557e-05 2.1761741722347932e-06 2.2732148057544894e-06 2.380534448960858e-06 9.387671173591694e-05 0.0 9.95159938682506e-06 0.0 5.920100539171799e-06 0.0 0.0 0.0 0.0 0.0 0.0 0.0 0.0 0.0 0.0 0.0 0.0010003900691893592 8.847030398661817e-05 0.00012276581061678325 0.002523463078022183 2.5167383664691407e-06 0.0010356900972899193 0.00011273398072226622 0.0023939680501779506 0.00014478623090495704 0.0 0.0003021602831806895 2.654024539502165e-05 0.0 5.978733374185295e-06 0.0 0.0001416686612236793 0.0 0.0 0.0 1.189024032337936e-05 0.0 0.004021027727205232 0.00027326505594604594
0.008421877162040707 0.013826982109449005 0.0013063350552127819 0.0511486116458059 0.0029963752276705932 0.00533320952037413 0.0989043798964587 0.0010338510818888025 0.013841439615381297 0.15787707766889678 0.005942315960102498 0.04244760303714082 0.0 0.07331716425323925 0.0005520894508980858 0.0002752402311168966 0.00012392477691626686 7.1543928882330265e-06 0.0 2.244759461127912e-06 4.09169457508671e-05 0.0 1.192576696315304e-05 6.566959543026485e-06 0.00020493486008496013 9.820428912384169e-05 1.4261306643263466e-05 1.1183638286582323e-05 1.7378404547805864e-05 0.0 0.002090808789171299 0.00016145995265820205 0.008489757632099849 4.10404917287091e-06 0.00013349048772369582 0.00044835429188514587 0.018315531210997125 0.0013529998827951058 0.0003264096848062079 3.058936249465871e-05 7.402528720718093e-05 0.0 4.182443837068395e-06 6.759250445665052e-05 0.0 1.8563403802775653e-05 0.0033373263939028516 1.0759689122890979e-05 2.0433079794880466e-05 1.039519086700812e-05 1.6384874113419038e-05 4.104891882725382e-06 1.1176838917240813e-05 7.093800871402427e-06 0.0 9.214341808872014e-06 0.0003336866469123408 0.0020298281993929956 7.162104241943466e-05 0.00044840634524805073 2.2955168381912867e-05 0.0010574394386140362 9.815208946883217e-05 0.0006681050542778658 6.539200310099199e-06 2.6487106012171885e-06 5.741176878672247e-06 1.3283576062240381e-05 1.2928407753665871e-05 4.742168983256578e-05 0.015035739143315954 7.60946940042073e-05 0.0 0.0014714496026321288 0.0006999690920165314 0.0017669657773073503 0.000610431563559858 0.0002002648121146828 7.731706094530253e-05 0.002653380809404865 3.127660622976156e-05 0.0001265784001624474 2.9320884771826063e-05 0.0 5.920521205485569e-06 5.5631303587003586e-06 0.0 0.0 1.99664254255932e-06 0.0 0.0 0.0 7.773033889568329e-05 6.607179160068534e-06 7.540949116638593e-06 0.014712512893609761 6.23695303269635e-05 0.0 0.00021530889383888146 0.0008563534356626012 2.2173375875877992e-05 9.098585732582872e-06 1.0201985210244249e-05 2.831991318034947e-05 3.042493644295026e-05 0.0 0.00015338434185961704 3.6129214198702875e-05 0.00012103469711981282 0.0006055091206981246 0.0001027809742685968 3.9036399000572386e-05 2.4679487406348628e-05 4.2006311133111114e-05 0.0006075282602425461 5.8955354015400205e-06 0.0 0.0 0.0 0.0 0.0 0.0 2.579947573537804e-06 0.0 0.0 0.0 0.0 3.0184235738361533e-06 0.0 0.0 0.0 0.0 0.0 0.0 9.180545731245457e-06 2.4000388591295566e-05 0.0 0.0 0.0 0.0004786954583472004 3.1262769689895703e-06 0.0010003814912079533 6.38341514846218e-05 1.4871842970180329e-05 0.0 0.0 0.0 0.0 0.0 0.0 0.0 1.7281725053791626e-06 1.912589465017226e-06 0.0 0.0 3.6101573866367002e-06 1.8331382535309806e-05 0.0 0.0 0.0 0.0 0.0 0.0 0.0 0.0 3.580705235764978e-06 0.00024476534808567766 1.4019953133111054e-05 0.0 0.0 0.0 0.0 0.0 0.0 0.0 0.0 0.00018412685566122886 2.9333651818470037e-05 1.4030430157424872e-05 0.0 0.0 0.00018286102190804676 0.0 2.4298734200115066e-05 1.5001303372550274e-05 0.0 0.0 0.0 0.0 0.0 0.0 0.0 0.0 0.0 0.0 0.0 0.0 0.001460624708470813 0.0001244549448597738 0.0002145653616150462 0.007132727860588392 4.2103076168220074e-05 0.003774954630842056 0.0004484969375520702 0.004844114809870738 0.000376395364589952 4.521157497387702e-06 0.000841986406041216 6.327962498752224e-05 0.0 1.698198982300218e-05 0.0 0.00013674033821506595 5.194938533222916e-06 0.0 0.0 1.946429001804608e-06 4.673557450539227e-06 0.0060874878033763385 0.00045172327342390397
