0.0 0.04383006584568405 0.013527987000007659 0.020759415430219454 0.0014225930790331281 0.005358058774534873 0.020005319052187047 0.0033775791360061793 0.001983685530463971 0.0795246037992728 0.004556312482495421 0.016815157935703193 0.021389050711330668 0.002982477217678373 4.4340897962588976e-05 6.537169535006372e-06 0.0 0.0 0.0 0.0 4.573847607769243e-06 0.0 2.565943584721176e-06 0.0 0.0 0.0 0.0 2.4508144674035015e-06 5.345870637820316e-06 0.0 0.021885132029691286 8.083069691396146e-05 0.00016908692503112102 2.0490397864117265e-06 2.3655413657300637e-06 0.0 0.0002681620767709049 1.716596772159719e-05 8.387784400417385e-06 2.212132319032467e-06 1.0458204407538351e-05 0.0 0.0 0.0 0.0 2.6334171295366846e-06 0.0009522584323883439 6.159366766667919e-05 0.0 0.0 2.843794101101024e-06 0.0 2.567642532542648e-06 0.0 2.449029495817526e-05 3.328247070339206e-05 0.005179910973707957 0.010880994231357712 0.0007561681146595066 0.0002184958703473983 3.935603909815285e-06 2.5158438695446732e-05 0.0 0.0005153350112678787 4.6022826167390326e-05 4.6400034992870245e-05 1.6671072315530568e-05 3.214049726444706e-05 4.9343394927868614e-06 2.0561016572094417e-06 0.0003888697267181786 2.255583576918142e-06 0.0 0.004453809315170283 0.0008787248359526929 0.0005107533205574765 0.00019158973982916515 2.140377305153025e-05 1.2914425713954028e-05 4.071867597898068e-05 1.1770339138691777e-05 1.5328740573630367e-05 0.0003826713336647945 4.215899838990116e-06 9.123058082578129e-05 1.922576284659338e-05 2.1745873589578276e-05 0.0 4.42975005233748e-06 0.0 0.0 0.0 1.953794515461293e-06 3.05706888521286e-06 0.0 0.002137301663659557 0.0002891747381271877 0.0 6.751681502738328e-06 0.02011227424392864 2.0221203327584546e-06 8.191148627331552e-06 2.421213121712736e-05 1.1566904775749142e-05 2.9580470504469044e-06 0.0 6.493880034519716e-05 9.59330477390629e-06 0.0002734060688788768 0.00026792287581054076 1.9325867943579003e-05 0.0005565870829159469 0.0002499836642361485 0.0004244798340816981 0.0005709886029107379 0.0 6.095735229172459e-06 0.0 0.0 0.0 0.0 0.0 0.0 0.0 0.0 0.0 0.0 0.0 0.0 0.0 0.0 0.0 0.0 0.0 0.0 3.6678806681236543e-06 0.0 0.0 0.0 6.570739275785303e-05 3.877367048312244e-06 3.638940872306531e-05 5.249735421318188e-06 6.6254558364589705e-06 0.0 0.0 0.0 0.0 0.0 0.0 0.0 0.0 0.0 0.0 0.0 0.0 1.97319399378516e-06 0.0 0.0 0.0 1.7520771834137475e-06 0.0 0.0 0.0 0.0 1.816464980880931e-06 5.287158966469956e-05 0.0 0.0 0.0 0.0 0.0 0.0 0.0 0.0 0.0 3.87848684264612e-05 4.116104952826937e-06 0.0 0.0 0.0 0.0001157097342425855 0.0 5.0354118189364334e-06 0.0 0.0 0.0 0.0 0.0 0.0 0.0 0.0 0.0 0.0 0.0 0.0 0.0 0.00038229513899836 1.2086236872516042e-05 2.0160328059530574e-05 0.005671389018025798 0.00010732980952095196 0.0013903101186863028 0.0003598100672475688 0.01675455903664521 0.0003667804988307812 5.4095092793804124e-05 0.0001176700251022445 2.8147871934005565e-05 2.3532986943404138e-06 1.6240538228144755e-05 5.008158904794633e-06 0.00020069840466776853 0.0 2.4245711915387805e-06 8.08867335605368e-06 2.3871909596538256e-05 0.0 0.005344467634137302 0.00019808553184733554
0.04383006584568405 0.0 0.022078916397101307 0.018942235361081035 0.025867616651981236 0.0035785681683887607 0.0984074421583811 0.01349531487706259 0.05001384082199602 0.0077146912774595025 0.028554513420345488 0.0019465503113100765 0.02784870236635739 0.015347771112367627 0.00014501488177076237 4.153157902606851e-05 2.4959220487228313e-06 2.8574631825597404e-06 0.0 0.0 4.200579815964893e-06 0.0 3.326043626291224e-06 0.0 1.96066414596446e-06 0.0 0.0 0.0 7.187721024942478e-06 0.0 0.04511049400628183 0.000655867689048689 0.0002295674882400644 4.366257797563826e-06 0.0 1.949431758675947e-06 9.681808739593849e-05 5.3237413688413324e-05 6.0546080767962394e-06 4.3455763584851605e-06 2.060104496247358e-05 5.4302057876870945e-06 1.0213905957885717e-05 7.152780867040296e-06 0.0 0.0 0.0029518785095342215 6.339403246907305e-05 2.8743228501388366e-06 6.962324984363866e-06 0.0 0.0 0.0 0.0 3.9953997905939355e-05 4.722973140293389e-05 0.004001116329904639 0.014132459975767155 0.0008173367642220781 0.0005671607514082142 2.713617154071034e-05 8.847718777701024e-05 0.0 0.002873074787720098 6.266083702720295e-05 4.3956264959014904e-05 2.228863359986712e-05 2.157891730689421e-05 1.2307904570808787e-05 1.546727973667105e-05 8.436202626549443e-05 2.078674069129441e-06 0.0 0.00625725207659723 0.001882085976480338 0.0013765811033557337 0.0010621136625100466 7.300809682676899e-05 3.9423160023032774e-05 0.0001552898917260559 4.171835973930649e-05 6.887577372492707e-05 0.0004547187480460903 0.0 9.591841444228584e-05 1.8826341225556317e-05 1.229350764563689e-05 0.0 2.189062837862623e-06 0.0 2.0420244149461747e-06 0.0 1.0590902091975936e-05 0.0 0.0 0.00017247441504920804 0.0 0.0 7.5161681965838644e-06 0.013526918767836009 1.9309895853530055e-05 8.751108869752656e-06 1.4802718385448376e-05 1.5920579122095466e-05 3.189602099790382e-06 0.0 4.543043737682794e-06 7.5082015262811245e-06 9.362702874762298e-05 6.326389267845384e-05 4.792710707453506e-06 0.00017659821370403595 7.269052490171215e-05 0.00016476844475916893 0.00047435192555517246 2.592498147781772e-06 2.177959184836304e-06 0.0 2.1087795881346872e-06 0.0 0.0 0.0 0.0 0.0 0.0 0.0 0.0 1.9250671849954615e-06 0.0 0.0 0.0 2.390144679037261e-06 0.0 0.0 1.1369470764127829e-05 9.475893744917606e-06 0.0 0.0 2.290916180572801e-06 4.082047076697627e-05 4.700707903822764e-06 3.09441288636817e-05 1.5410969906519238e-05 4.0253109165577725e-06 0.0 0.0 0.0 0.0 0.0 2.5522887113917315e-06 0.0 0.0 2.8365890726371554e-06 0.0 0.0 0.0 0.0 0.0 0.0 0.0 0.0 0.0 0.0 0.0 2.4341119503451444e-06 0.0 2.639325870715405e-05 0.0 0.0 1.681548244980632e-06 0.0 0.0 0.0 0.0 0.0 0.0 3.920727524862857e-05 0.0 0.0 0.0 0.0 1.280530642004386e-05 0.0 2.601046468758464e-05 2.5389591181127493e-06 5.37223791190414e-06 0.0 0.0 2.5322660128520565e-06 0.0 0.0 0.0 0.0 0.0 0.0 0.0 0.0 0.0002525911252662515 1.411139107142351e-05 3.884374454614417e-05 0.0033895709963487402 9.877416489944421e-05 0.003238300406254019 0.0007321268743004983 0.007676388561254074 0.0012100221320625931 8.582017320513643e-05 0.0007562031841974953 7.959056812086143e-05 3.0475757021120887e-06 1.5870334225670762e-05 1.9540990430320297e-05 2.2532502576521294e-05 4.1093913964710805e-06 0.0 9.463860105248008e-06 0.00013072565034380815 1.3618988761494805e-05 0.001960405844004124 0.00013569872614830914
0.013527987000007659 0.022078916397101307 0.0 0.00011944316282345889 0.013874029468350332 2.3122252314708677e-05 0.015325566633302165 0.08227018405651718 0.06939539547335338 0.00043116353958850406 0.06275293620565091 0.0003254512461488467 0.02269941694360945 0.05137414983140668 0.00018165307343810056 0.0001424313233348638 1.539155665061547e-05 0.0 0.0 3.1421508229651782e-06 6.652986045923735e-05 8.25924754510973e-06 5.064135209875513e-05 6.39164421327502e-05 3.3490141887428774e-05 1.4598988019812566e-05 9.565606456439272e-06 7.828604959282202e-06 0.0 0.0 0.10341618323955049 0.008503953681532055 0.0060307778131640675 2.3184726750767188e-05 5.07063280266643e-05 2.4611330997600556e-05 0.0013515444065854076 0.001355649626389014 6.0888075606139605e-05 3.1088294661188886e-05 0.00017203401836736034 2.5754199763964423e-06 2.7643861151912003e-05 0.0001578558963411505 1.8639060536860222e-05 2.1770201566562154e-05 0.0015113225646518462 2.6091457052128073e-05 2.4839030477318773e-06 1.3086127081265678e-05 8.828916460592232e-06 2.4285309541120396e-06 8.009740739705362e-06 3.291089475534455e-06 4.514027508588425e-06 1.5312746310288764e-05 0.0015488375777572866 0.00719293699603623 0.0003319581920866826 0.00019455516735694496 0.00013026685714839843 0.00232347719508586 1.5275613794984926e-05 0.0033992033458153472 8.191126669313585e-06 1.6909546939104348e-05 1.3695047460785768e-05 1.0710925909827924e-05 2.5348034555752813e-05 0.0002130331994148733 0.000428040611933895 3.413112355647591e-05 3.7867699883807196e-06 0.002294873460813656 0.0009029226576461709 0.0009234307485061765 0.0008282905972612632 0.0006167628313777225 0.00041702096716283245 0.007447221349706099 0.00021993186918152624 0.0015092171943689129 0.0001314952226868344 2.027460221343302e-06 3.175795264060131e-05 5.304627237113684e-06 2.122294317643582e-06 2.0247283855786694e-06 2.57981610075811e-06 2.0950254731750227e-06 0.0 0.0 0.0001214605329049973 1.877035678309231e-05 0.0 0.00025379590531009546 6.873211446875589e-05 1.2323981714904475e-05 7.574243472907634e-05 0.0012456560823892293 0.0 8.956349817859738e-06 9.407201099555595e-06 3.2198759636000373e-06 3.243900747716229e-05 7.01964273059527e-06 0.0 0.0 1.7286816687320405e-05 3.02960997472408e-05 1.6161033196406507e-05 9.136327829494419e-05 8.215216617077212e-05 0.00011563143883930758 0.0005599950749416617 7.821800557008875e-06 1.230744409825555e-05 0.0 0.0 0.0 0.0 0.0 3.171446263327217e-06 0.0 0.0 7.625586937582181e-06 0.0 4.743009379610812e-06 0.0 0.0 3.0534182570886156e-06 4.9707349075660274e-06 0.0 2.3590396396651755e-06 2.9210073615876446e-05 2.1104471704344174e-05 0.0 2.4366709205369637e-06 0.0 0.00015776371733518935 3.988755315884795e-05 0.00020495965642484653 5.824324676550103e-05 3.149755078334129e-05 0.0 3.203780521156043e-06 0.0 2.1536161386244135e-06 8.457815839051283e-06 8.176310604328157e-06 0.0 0.0 1.174216054340042e-05 0.0 0.0 0.0 1.6901580914625668e-05 2.8920507205263465e-06 0.0 0.0 0.0 6.213982815590722e-06 2.5967444409620222e-06 0.0 2.151421240981463e-05 2.2016886981932534e-06 5.564196002866558e-05 1.4985291339674898e-05 0.0 1.5836982579676162e-06 0.0 0.0 0.0 0.0 0.0 0.0 9.416737294538616e-05 2.144283873351387e-05 0.0 0.0 0.0 8.667815132706599e-05 5.477725306587742e-06 3.303749047880906e-05 6.158406856843293e-06 3.0862119110972477e-06 1.5888082439516095e-05 1.935663650861696e-06 1.2442604094550969e-05 0.0 0.0 0.0 0.0 0.0 0.0 0.0 0.0 0.00017625692302935644 5.8430312071873823e-05 0.0001328423729220301 0.0018532628501785468 7.641729772748284e-05 0.0015716956174222447 0.0007084423432350011 0.0004111929749806225 0.0004317372317725922 2.5947450988437835e-05 0.0006201794897164693 9.209211657717077e-05 4.81147125050949e-06 3.815125108914552e-05 2.3964621837896526e-05 2.5796234299141895e-06 0.0 0.0 2.4522600153921483e-05 0.00011117276082049696 1.181589944267565e-05 0.00048352992886319557 0.0001746658497835604
0.020759415430219454 0.018942235361081035 0.00011944316282345889 0.0 0.0008435464516386496 0.0032251894375503695 0.03315919095989285 1.6552316680853473e-05 0.0003239867647515709 0.06619892710758789 6.233624520991213e-05 0.03074571456993111 0.03189456751080003 0.0006559691419804832 2.7871107908965676e-05 2.6947045409768985e-06 0.0 0.0 0.0 0.0 2.254812032443718e-06 0.0 0.0 0.0 0.0 0.0 0.0 0.0 0.0 0.0 0.002927203121831619 5.3440911342113635e-05 4.1635459610496224e-05 0.0 0.0 0.0 0.0001367000950788765 1.3643113088625778e-05 2.1713722099957816e-06 0.0 0.0 0.0 0.0 0.0 2.5347134707565567e-06 0.0 0.0008885105388174922 2.0782894378480644e-05 0.0 0.0 0.0 0.0 0.0 0.0 1.367869928586048e-05 1.0505336647278986e-05 0.0014260859397670189 0.0035864899466001425 0.0002857612527220367 0.00018881628134982927 2.4977863275031084e-06 1.0071725208257601e-05 0.0 0.0006293099997691036 7.157809683703953e-06 2.81705969756779e-05 1.2872130481131872e-05 1.0058398844098908e-05 4.247609154405647e-06 5.535705237753109e-06 0.0003278590043874133 1.8370375770783822e-05 0.0 0.0022353076020056742 0.0007007676512804562 0.00029762351888766987 0.0002660485452093527 1.677828362989921e-05 2.820293640009919e-06 1.4424759542962614e-05 2.6286462119467877e-06 5.047257954354574e-06 0.00015927156312701513 0.0 3.4314720141834115e-05 4.830619503274861e-06 3.0128053959371174e-06 0.0 0.0 0.0 0.0 0.0 1.1577881201436066e-05 1.986650814403535e-06 0.0 0.0010167165289882334 7.35699103689614e-05 0.0 2.040362709645371e-06 0.00892350516829185 0.0 8.931213269155457e-06 3.8147830589660546e-05 2.0429159535305445e-05 0.0 3.3011635558477774e-05 1.766231149575085e-05 0.0 0.00017667151581097338 7.477790919990957e-05 8.151646841889148e-05 0.0003859364737144104 0.00010090494340773554 0.0001920293895078526 0.0002699248270579731 0.0 0.0 0.0 0.0 0.0 0.0 0.0 0.0 0.0 0.0 0.0 0.0 0.0 0.0 0.0 0.0 0.0 0.0 0.0 2.5144350258899795e-06 9.534335440284323e-06 0.0 0.0 0.0 2.076146507514301e-05 0.0 1.94086559142779e-05 0.0 0.0 0.0 0.0 0.0 0.0 0.0 2.9362207805883884e-06 0.0 0.0 0.0 0.0 0.0 0.0 0.0 0.0 0.0 0.0 0.0 0.0 0.0 0.0 0.0 0.0 6.036436094731624e-06 2.6526469714080273e-06 1.959502308484419e-06 0.0 0.0 0.0 0.0 0.0 0.0 0.0 3.775956805488145e-05 0.0 0.0 0.0 0.0 1.2049238473341547e-05 0.0 9.657313257376838e-06 0.0 0.0 0.0 0.0 2.0859387286813157e-06 0.0 0.0 0.0 0.0 0.0 0.0 0.0 0.0 0.0002204403320593998 6.002056296836955e-06 1.0551579802566672e-05 0.001278327082353897 2.6882287124567294e-05 0.0011588565189378619 0.00021982950197814072 0.009863608778476748 0.00029307078262252694 9.588971725027604e-06 0.00023673519270179575 5.2152156087677795e-05 2.4290138152326124e-06 2.235356884086066e-05 2.406797467643165e-06 1.6641529739829065e-05 0.0 0.0 0.0 8.602916789794234e-06 0.0 0.0026795827090843674 0.00016040739316461
0.0014225930790331281 0.025867616651981236 0.013874029468350332 0.0008435464516386496 0.0 3.8287292204730506e-05 0.01661875748045294 0.00017349764383248496 0.04246978382773642 0.0013990878870655252 0.0022175033806834873 0.0005160584914708095 0.041829131881686334 0.038718484601029564 7.428086492192786e-05 1.7709545990967308e-05 2.146825298656302e-06 0.0 0.0 0.0 2.710062021797476e-06 4.008911506257227e-06 2.646370422664636e-06 4.970311462258774e-06 0.0 0.0 0.0 0.0 0.0 0.0 0.0052449057075831555 0.0003986648032886279 6.207425570184326e-05 5.205781927590206e-06 0.0 0.0 4.118867228432162e-05 1.690666742490516e-05 2.5450436418362777e-06 2.257750101357485e-06 0.0 0.0 2.334517915463951e-06 0.0 7.082779136313058e-06 2.3372785980365e-06 0.001395446161410645 6.887097675910019e-06 0.0 0.0 0.0 0.0 2.1364232258314753e-06 0.0 7.083833121175441e-06 2.309822873613073e-05 0.0005207730327106763 0.0020571841782383695 0.00013680930177430918 0.00019526414288972355 2.2281817572760752e-05 3.681899786221717e-05 2.294944185221504e-06 0.001033362725667979 8.471640133558562e-06 1.2926320932000564e-05 6.164293112581068e-06 5.5923285078476555e-06 1.2553170034350679e-05 1.2456849466343955e-05 3.5405377692791834e-05 2.516421580691873e-06 0.0 0.0017504723055710779 0.0006201789648767852 0.0006146922927542495 0.0005815597910080738 4.217022087455411e-05 2.228838624925297e-05 2.0394374159902454e-05 1.3403892107715823e-05 2.171983719268675e-05 0.0001372728566304973 0.0 2.755911267464821e-05 2.398920136335093e-06 7.440181614312689e-06 0.0 0.0 3.468434053463449e-06 0.0 0.0 0.0 2.302949820242399e-06 0.0 3.2674849937151034e-05 2.1143208016058298e-05 0.0 0.0 0.0005324636685496441 0.0 0.0 3.966308215359486e-06 0.0 0.0 7.001375597119469e-06 0.0 3.716598621200957e-06 3.9740212490272444e-05 4.1349595278657415e-05 3.6650730556695716e-06 0.00016852835255696285 9.748501784507997e-05 0.00011450664884106931 0.00020330597893235633 0.0 2.1280959704297794e-06 2.164824630422787e-06 0.0 0.0 0.0 0.0 0.0 0.0 0.0 0.0 0.0 0.0 0.0 0.0 0.0 0.0 0.0 0.0 1.0563938291737359e-05 0.0 0.0 0.0 0.0 3.3001451774184494e-05 0.0 5.424792318214589e-05 2.5290134276221245e-06 0.0 0.0 0.0 0.0 4.829756036509537e-06 2.8538345124534637e-06 0.0 0.0 1.6711837591159716e-05 3.195005924956955e-06 0.0 0.0 0.0 7.017324437502335e-06 0.0 0.0 0.0 0.0 0.0 6.072435188813967e-06 0.0 0.0 0.0 1.633769104808734e-05 2.566611582071661e-05 0.0 0.0 0.0 0.0 0.0 0.0 0.0 0.0 2.3443901757592e-05 0.0 0.0 0.0 0.0 1.4966572990457358e-05 0.0 1.844042486194197e-05 0.0 0.0 0.0 0.0 0.0 0.0 0.0 0.0 0.0 0.0 0.0 0.0 0.0 0.00013844527378497918 2.076067092682656e-06 2.684683375181382e-05 0.0020486132099341667 9.298149972374731e-05 0.0016633707564048278 0.0005847041849932664 0.0005384797497769956 0.0005921251307380165 2.2309617069330166e-05 0.0006329227610760888 4.026639333589797e-05 2.8998150326242964e-06 1.0472365606929135e-05 8.857316788810114e-06 2.6770558916738168e-06 0.0 2.584804876330182e-06 0.0 7.871877366958795e-05 0.0 0.00032346896325782115 3.300492437014347e-05
0.005358058774534873 0.0035785681683887607 2.3122252314708677e-05 0.0032251894375503695 3.8287292204730506e-05 0.0 0.000877923347415278 0.0 1.8645284343305556e-05 0.005128960574669345 1.671425125093852e-05 0.0009429393426795583 0.0008281293963473081 0.00011930783921840216 3.898156124733879e-06 0.0 0.0 0.0 0.0 0.0 0.0 1.0952128924771364e-05 0.0 0.0 0.0 0.0 0.0 0.0 0.0 0.0 0.000485885539607663 0.0 0.00012405272493217566 0.0 0.0 0.0 0.00012435201960584648 0.0 0.0 0.0 0.0 0.0 0.0 7.12869765737434e-06 0.0 0.0 8.955079654157728e-05 8.787487277831631e-06 0.0 0.0 0.0 1.0647060153474156e-05 5.393790352362134e-06 0.0 0.0 4.937674958770881e-06 0.005710687661448284 0.0006740569736009098 7.633173734174103e-05 1.3781782062302085e-05 0.0 7.550186978830206e-06 0.0 3.0623351498551126e-05 0.0 0.0 0.0 0.0 0.0 0.0 0.00039412833597732603 0.0003110902755091752 2.9920232083054287e-05 0.000347089461083259 7.074318367551142e-05 2.6386901538040775e-05 1.5015095474119822e-05 0.0 0.0 0.0 4.4008091693831935e-06 6.2879923151461834e-06 9.585243813291109e-06 0.0 0.0 0.0 3.012896672403958e-06 2.8316952332015844e-06 5.729793665480163e-06 2.6171703489884714e-05 1.0779199200101716e-05 7.454586719922647e-06 0.0 0.0 0.0 0.0031037252172052762 0.003616916036091545 0.00010816924538835707 0.00021900583670367846 0.011665399871677482 0.0 0.0 0.0 0.0 0.0 0.0 0.0 0.0 5.874942622478078e-06 1.8957321556186783e-05 0.0 0.0 1.0328978242686304e-05 1.4557046483299418e-05 2.227913890984355e-05 0.0 0.0 0.0 0.0 0.0 0.0 0.0 0.0 0.0 0.0 0.0 0.0 0.0 0.0 0.0 0.0 0.0 0.0 0.0 0.0 0.0 0.0 0.0 0.0 0.0 0.0 0.0 0.0 0.0 0.0 0.0 0.0 0.0 0.0 0.0 0.0 0.0 1.8011203089041674e-06 0.0 0.0 0.0 0.0 0.0 0.0 0.0 0.0 0.0 0.0 0.0 0.0 0.0 0.0 0.0 0.0 0.0 0.0 0.0 0.0 0.0 0.0 0.0 6.964880294886025e-06 0.0 0.0 0.0 0.0 0.0 0.0 0.0 0.0 0.0 0.0 0.0 0.0 0.0 0.0 0.0 0.0 0.0 0.0 0.0 0.0 1.6834706479261145e-05 0.0 0.0 0.00018501157941065876 0.0 7.06639550564699e-05 2.269637569515327e-05 0.006511923396202442 5.209221091390447e-05 6.192043526522085e-06 6.184449066151343e-06 2.3962494385812683e-06 0.0 0.0 2.8797525082677226e-06 0.0 0.0 0.0 0.0 0.0 0.0 0.0005841870962740016 1.1409722394356311e-05
0.020005319052187047 0.0984074421583811 0.015325566633302165 0.03315919095989285 0.01661875748045294 0.000877923347415278 0.0 0.00013878281469754155 0.005062874731596898 0.015468658881245344 0.0021599467514524322 0.002945099868752013 0.1258058225081287 0.007351143661919393 0.0003382551913870515 6.37612996942814e-05 0.0 6.756888136292576e-06 2.5625192102918605e-06 0.0 9.526479205895473e-06 0.0 7.723599995169801e-06 2.430432475412985e-06 0.0 2.237489954839213e-06 0.0 3.526745938194543e-06 0.0 0.0 0.012332386097736639 0.0008462284159008001 0.00013135906080215061 2.6428035363932258e-06 2.393979367017986e-06 8.691357443196652e-06 7.742779914841472e-05 2.082307044729436e-05 1.4690007663952599e-05 1.9971379207293096e-06 6.4431567116329705e-06 3.2785796482595496e-06 1.596985851155371e-05 1.370831828407549e-05 1.075668491234692e-05 9.74259884498206e-06 0.004872743873870428 8.520823618144219e-05 2.7483628328219346e-06 7.6183657635168665e-06 5.470778607747008e-06 0.0 0.0 3.370799879323094e-06 6.202186344042629e-05 9.650268694663872e-05 0.003465305199512011 0.010829660825823418 0.0007490605313586044 0.000982889972828311 3.4163542417256325e-05 0.0001160581966857899 2.308886880806056e-06 0.003299873167734849 7.987727213161276e-05 8.748567024662103e-05 3.142646579039438e-05 3.9545317428297164e-05 2.574233769821952e-05 5.491357705239975e-05 4.379717588972866e-05 6.358283052139302e-06 0.0 0.009028543229595568 0.003028305195498396 0.002338391484098067 0.001530056493836594 8.358921898976248e-05 9.583031478398596e-05 5.1096700683915044e-05 3.449451067074479e-05 9.183963241522244e-05 0.0005674625374558256 0.0 0.00017721257730399012 2.581089913366045e-05 4.049214888520212e-05 2.7043049308712687e-06 6.6387996378672255e-06 0.0 0.0 0.0 1.0552938616384352e-05 2.0804238217767956e-06 2.617372922467945e-06 0.00033719129398647924 1.508945716306149e-05 3.1062589356764367e-06 6.9710881710046e-06 0.005788368063913184 1.2831411059010831e-05 5.957729409166202e-05 0.00020031197928715926 0.00011272714760013843 1.2019404846264647e-05 0.00013105922320572186 3.9512100544255976e-05 4.22786050054118e-06 0.00036973262109132144 0.000285783091477827 0.00015707836109512852 0.0009399655693827542 0.0005699874141650824 0.0006984894836667851 0.0019087676654859498 0.0 7.200774636074081e-06 0.0 2.13783435139784e-06 0.0 0.0 0.0 0.0 0.0 0.0 0.0 0.0 0.0 0.0 0.0 0.0 2.265886408112748e-06 0.0 0.0 3.855631258404231e-05 2.001223963433343e-05 0.0 0.0 4.686598370356607e-06 0.00015698054738190007 1.809329636832903e-05 0.0002707628948547491 3.34143697187448e-05 5.727568371051557e-06 0.0 0.0 0.0 0.0 6.838800369569051e-06 4.540687771519822e-06 0.0 2.3613486759466133e-06 6.240777409926145e-06 0.0 0.0 0.0 2.2385441549762822e-06 0.0 8.019942176522887e-06 2.574323367146242e-06 0.0 3.359086568386181e-06 1.2556928730367267e-05 0.0 0.0 0.0 0.00015655118761792608 2.3949719770674066e-05 0.0 1.7379870246693238e-06 0.0 0.0 0.0 0.0 0.0 0.0 0.00024653157609722616 3.337224003215613e-05 0.0 0.0 0.0 0.0002708733925524733 9.456491683297508e-06 3.340529502963352e-05 1.0622902458766863e-05 7.151905129617875e-06 5.605266193560876e-06 0.0 1.411243127870599e-05 0.0 0.0 0.0 0.0 0.0 0.0 0.0 0.0 0.0008808303504696659 5.86123591100426e-05 6.841147552524839e-05 0.0067714155986521585 0.00027759592607800947 0.005874122026482451 0.001576227301330025 0.005114651154782343 0.00184736862454135 8.846979922687658e-05 0.0016792409190565737 0.00016662811472369484 0.0 4.681629335473236e-05 3.987069747385055e-05 0.00016456404402816113 1.601406861270734e-05 8.472453656596748e-06 3.6225180293564196e-05 0.00024455002223392435 0.0 0.0023344984152370743 0.0005303163336958062
0.0033775791360061793 0.01349531487706259 0.08227018405651718 1.6552316680853473e-05 0.00017349764383248496 0.0 0.00013878281469754155 0.0 0.0023196317977276955 3.712631603870783e-05 0.015464260376591474 5.56094442942765e-05 0.002888221593090759 0.022162099248094105 0.00042565739780809703 0.0002218763903093411 1.3214099916896162e-05 2.6730520623723453e-05 1.4851723945506097e-05 4.127912790878449e-05 0.00044730191577003895 3.0839657134966384e-05 0.00038515943349252886 0.00021974896341263526 6.257309816927668e-05 2.7856317461667877e-05 3.517450140453316e-05 3.534214032324636e-06 7.783374886666569e-06 4.344171260610003e-06 0.0797525883152688 0.07986062274025667 0.004644691516209924 0.00016916362664826155 0.00014968336822069174 6.519778504919959e-05 0.0005883142209227274 0.0006999548580234583 5.027431026614297e-05 6.504430732987717e-05 0.00042609860435331324 1.7881467799557365e-05 0.0003528647379843855 0.00053616709257534 0.00013908889450640132 0.00012405691869833254 0.0025697136699526597 2.876071849324791e-05 2.7235377865882147e-06 0.00012459843571258473 1.974345842519773e-05 2.2287076087514313e-06 1.7432893262940055e-05 7.686772524095943e-06 4.346034678291537e-06 3.611308654931833e-05 0.0018973163699977055 0.008066392694398345 0.0003541067982219677 0.0002762455479065354 0.002321047566769036 0.005591933936257655 5.319086247505006e-05 0.010962245682107167 1.2292509632192851e-05 1.7284501946259787e-05 4.290008364901112e-06 1.7995188589879593e-05 0.00029843136965315313 0.0012648853326857352 0.00030085286693745124 5.481672733921496e-05 9.060907656449432e-06 0.003224036837399464 0.0019403523393339782 0.0016126774647673202 0.003475959637344249 0.00516856923516706 0.01090666472306697 0.017550075211569545 0.005339145599143258 0.011069906150424247 0.0001375160879635317 0.0 3.152278765004923e-05 6.186950988551385e-06 5.133371208544846e-05 0.0 0.0 7.308991067951398e-06 7.711128271514305e-06 7.090315257243909e-06 0.000529626622233574 4.560666166529128e-05 2.069908901961597e-05 0.0001113478679409776 4.083815127693289e-05 1.3478612229009587e-05 5.6007851218081354e-05 0.0007560162859442785 6.540124395345644e-06 8.113476444269435e-06 5.0061213298921705e-06 0.0 2.3226648912558603e-06 0.0 0.0 4.004647775827414e-06 2.953632412462246e-06 2.5527976207493038e-06 1.026711217289027e-05 6.095528134924579e-06 2.508573742015775e-05 1.865120891793743e-05 0.00022460122146624248 2.0121636524951128e-05 2.250699575535719e-05 0.0 1.1642199465179692e-05 0.0 0.0 0.0 5.2604776281468065e-06 2.1986145756779695e-06 0.0 0.0 2.4038101008263166e-06 1.1050371034624829e-05 0.0 1.195198102990159e-05 9.905740244956511e-06 0.0 3.811736254808417e-06 6.176249899187786e-06 9.944693338279383e-06 1.487993741529658e-05 0.0 9.552445207964696e-06 7.15641448846435e-06 0.00015865759756995525 3.5019267043773424e-05 0.00022193637154162437 0.00016947264926207818 6.437013331810303e-05 2.3754112795312363e-06 0.0 0.0 0.0 1.3092760985987737e-05 4.4879030643503455e-06 4.570052099781362e-06 0.0 1.2048883808296451e-05 0.0 0.0 0.0 6.207221059232682e-05 2.9154971476712776e-06 0.0 0.0 0.0 2.121185437736283e-06 1.857524537005765e-06 0.0 2.3226617051905083e-05 4.967685756914314e-06 0.00011457777064598752 4.683466769500175e-06 0.0 3.5652241355602206e-06 0.0 0.0 0.0 2.246717273702842e-06 3.480211516256773e-06 0.0 1.5554826784852116e-05 1.695342465614288e-05 0.0 2.4654542224211407e-06 0.0 4.546352165166261e-05 1.5367975461517137e-05 1.7342228391482455e-05 2.2054312486083945e-06 2.475709047360781e-06 1.1185233090754899e-05 4.686933337767936e-06 6.868323139999448e-06 0.0 0.0 0.0 0.0 0.0 0.0 6.583652291019515e-06 0.0 1.767692929275052e-05 6.258173972571986e-05 0.00012701682249294572 0.0017708058789479677 0.00010902597513238288 0.0024304833265229252 0.0007632714202371244 0.00028432627967178725 0.0004886264989287606 1.6067253946067354e-05 0.0004961797070725332 0.00011375185854962808 6.731085958259355e-06 1.4354229312881384e-05 2.0766476024007732e-05 8.095150540804372e-06 1.3884414053551322e-05 0.0 3.669481256941119e-05 0.00011125773382925819 0.0 0.0001978534788676435 7.568738813078167e-05
0.001983685530463971 0.05001384082199602 0.06939539547335338 0.0003239867647515709 0.04246978382773642 1.8645284343305556e-05 0.005062874731596898 0.0023196317977276955 0.0 0.00030828279631012055 0.010248033431029343 0.00021378240009909397 0.025800471071583887 0.006641957006242465 8.267802345854469e-05 3.920140201700928e-05 2.376240517621493e-06 3.0407588139069776e-06 0.0 0.0 3.1228340101207135e-06 0.0 2.823452365476779e-06 5.089402494896567e-06 0.0 0.0 0.0 0.0 0.0 0.0 0.009262216057870152 0.0004092285514928176 0.00014659935168084175 0.0 2.5252415998496954e-06 0.0 0.00013680235335327096 2.9987720481823127e-05 3.9747900379856895e-06 1.977715623288733e-06 1.2763867765197079e-05 0.0 1.1770651717535767e-05 8.733142259738433e-06 2.323032580419453e-06 2.279852353363382e-06 0.0010379116535086527 2.1750992606335346e-05 0.0 0.0 0.0 0.0 0.0 0.0 4.883588485575503e-06 4.2874470266877475e-06 0.0004312397400461757 0.0015942487453587892 7.854574922405645e-05 0.0001452655291014529 8.272621269699331e-06 6.850259753250158e-05 4.679080763048748e-06 0.0007461536355110101 1.6049382272189633e-05 4.661845225867993e-06 7.933824982805863e-06 1.4657923017122124e-05 1.060663867151846e-05 2.2107409987372096e-05 1.2138987781559822e-05 1.2313671994919917e-05 0.0 0.0012763352175866 0.0005050513976444867 0.0005182091620059061 0.000383508712474938 3.23444614183918e-05 2.0875237961939232e-05 5.069720780695693e-05 7.010091853878668e-06 5.377903198940527e-05 6.852803105263515e-05 0.0 1.4447147679751444e-05 5.669026788230561e-06 4.211418681127499e-06 0.0 0.0 0.0 5.799029664149499e-06 0.0 0.0 5.125916310753001e-06 0.0 1.4573728118713239e-05 0.0 0.0 3.558490773933256e-06 0.00045983903836820073 0.0 2.6504089327180133e-05 2.1194474390867806e-05 0.0 0.0 6.200921454570425e-06 0.0 0.0 6.257745059287712e-05 3.7468385146651694e-05 2.7350110662502997e-06 6.259130739386199e-05 2.3572401585653675e-05 4.874197730170303e-05 0.0002898339912352044 0.0 0.0 0.0 0.0 0.0 0.0 0.0 0.0 0.0 0.0 0.0 0.0 0.0 0.0 0.0 0.0 0.0 0.0 0.0 2.6754579076800526e-06 7.193998650059298e-06 0.0 0.0 0.0 3.1576072225039464e-05 0.0 3.7640918120075164e-05 1.2322524951104687e-05 0.0 0.0 0.0 0.0 0.0 0.0 0.0 0.0 0.0 2.058489699300621e-06 0.0 0.0 0.0 2.3311895535445667e-06 0.0 0.0 0.0 0.0 1.8829002558861303e-06 0.0 0.0 3.128742654425826e-06 0.0 1.833350352257529e-05 0.0 0.0 0.0 0.0 0.0 0.0 0.0 0.0 0.0 3.2216230253138195e-05 2.44061647498095e-06 0.0 0.0 0.0 2.0160874964870217e-05 0.0 1.8072871751950695e-05 0.0 0.0 0.0 0.0 1.8403981440907838e-06 0.0 0.0 0.0 0.0 0.0 0.0 0.0 0.0 0.00010673262570203483 5.790122889293239e-06 1.7393007599677673e-05 0.0015233385316690137 5.5121773291395466e-05 0.001247096222139579 0.00033838835212733837 0.0004195671938467051 0.00033742469996757247 1.196704379967711e-05 0.000465390154044347 4.143109074014189e-05 2.6573022864915717e-06 2.5243223554132446e-05 3.95844423108194e-06 6.4587365712041285e-06 0.0 2.713463792384767e-06 3.4803555350216717e-06 6.075787704553113e-05 1.778665587654974e-05 0.00023442916531464308 6.807379306958e-05
0.0795246037992728 0.0077146912774595025 0.00043116353958850406 0.06619892710758789 0.0013990878870655252 0.005128960574669345 0.015468658881245344 3.712631603870783e-05 0.00030828279631012055 0.0 0.000317394914585236 0.08192670795477401 0.15162065844833097 0.008532210682662605 8.526293295837223e-05 2.022840082143441e-05 0.0 0.0 0.0 0.0 6.66852691924927e-06 4.428288121945233e-06 9.361913118049447e-06 2.114551533014225e-06 0.0 0.0 0.0 0.0 2.3545961548726e-06 0.0 0.0019628009601291214 6.312987277689517e-05 0.0012164522265521072 0.0 2.7748969447873656e-06 0.0 0.003285865736684211 3.726778347566405e-05 2.730785224165214e-06 0.0 5.770096531083903e-06 0.0 0.0 6.197825158762491e-06 4.699355332970978e-06 0.0 0.0013831903546054829 2.724998489914752e-05 0.0 3.6836198309624106e-06 0.0 0.0 0.0 0.0 9.672454171863358e-06 1.881263694668645e-05 0.0015289806601005102 0.003192466976602578 0.00033244812616469956 0.00026319909347423035 1.4888113547868743e-05 2.797946319301543e-05 0.0 0.0005505077270765293 2.1465463457182552e-05 1.576191522031397e-05 2.186829578270637e-06 1.5584477858995333e-05 2.6930098986491457e-06 8.513840214969531e-06 0.004437773379708441 3.0263804454130122e-05 0.0 0.0028556062028829645 0.0007606241288693534 0.0005462087400350267 0.000285490166997388 2.991814973101715e-05 9.033209769531789e-06 5.0159206551238236e-05 2.3121049144488935e-05 1.717539567646812e-05 0.00024011119404808063 0.0 2.0338030746899636e-05 7.4104777978714125e-06 7.992633506237427e-06 0.0 2.2677823322718594e-06 0.0 2.963355724202291e-06 3.1836885041674935e-06 1.2045068817949493e-05 0.0 0.0 0.004498905409109459 7.62995809008028e-05 0.0 2.7320934161404945e-05 0.009932799573552252 2.3433102718246294e-05 0.0002757390615731908 0.0003512882836119624 0.00020941917918152476 7.17325848404631e-05 7.552949749567207e-05 0.00025656776020829575 5.0067634512254045e-05 0.0012331761509557838 0.001060553156762732 0.00016159023779432967 0.0021838598809847364 0.0009793377872346542 0.0017972744163065881 0.003169271583206396 3.7999249938894004e-06 9.431396682607616e-06 0.0 0.0 0.0 0.0 0.0 0.0 0.0 0.0 0.0 0.0 0.0 0.0 0.0 0.0 0.0 0.0 0.0 3.9947302647931803e-05 8.074958959273574e-05 0.0 0.0 0.0 0.0001618100354014256 0.0 0.00013627481692294802 1.8364057674026046e-05 0.0 0.0 0.0 0.0 0.0 0.0 4.6445582380372964e-06 0.0 2.8434574114922068e-06 4.295770191870411e-06 2.7861982199753814e-06 0.0 0.0 2.5589208939163025e-06 0.0 3.6463811852384035e-06 2.8890805756843733e-06 0.0 6.343030948277493e-06 0.0 0.0 0.0 0.0 0.0001271200111845328 3.75228418923069e-05 0.0 0.0 0.0 0.0 0.0 0.0 0.0 0.0 0.0002687407697859475 5.61559772087112e-05 0.0 0.0 0.0 0.0002941031648854502 0.0 4.6513359247220974e-05 8.242656970888063e-06 2.3577776994561702e-06 1.8465158201159476e-06 0.0 8.373666255963786e-06 0.0 0.0 0.0 0.0 0.0 0.0 0.0 0.0 0.0024513371259247156 5.253606770577931e-05 0.00010378516973558702 0.005551456720331593 5.1146885303427675e-05 0.0018617353197654702 0.0004965808428182573 0.015805770335232675 0.0005430672330986471 2.8474133206485873e-05 0.00048728327228999104 0.00014517448233270243 0.0 4.83310878905084e-05 1.2556626915257572e-05 0.0002617383686202242 2.285827517546451e-06 8.028669627565754e-06 6.879701698799718e-06 9.642138566292097e-05 0.0 0.00734127763188883 0.002008103713784222
0.004556312482495421 0.028554513420345488 0.06275293620565091 6.233624520991213e-05 0.0022175033806834873 1.671425125093852e-05 0.0021599467514524322 0.015464260376591474 0.010248033431029343 0.000317394914585236 0.0 0.0008455322344655192 0.022860349779980974 0.04054562054928657 0.0003781291025890509 0.00019033488818501868 8.578184096400784e-06 2.3843156863659484e-06 0.0 5.811425180566166e-06 0.00012310797690368128 5.486782988998848e-06 8.918468878582744e-05 6.921291454948564e-05 2.186763338249772e-05 1.232587677796484e-05 8.054322189692243e-06 1.1222341064744539e-05 0.0 0.0 0.04958998203697728 0.01463731694484991 0.01669946166581584 4.705693019725176e-05 3.760332211837249e-05 4.4939878894584347e-05 0.0021703028917633427 0.0012512227485399524 5.368923155344908e-05 2.4046207822386453e-05 0.00016535894978859198 7.880126434594554e-06 5.1817045303407695e-05 0.00017316384902237004 3.330828924230141e-05 5.540425781066496e-05 0.0029616666056077033 2.6145628774099086e-05 0.0 2.5506298907717198e-05 1.2973158245421455e-05 2.363108115954836e-06 1.834433054763017e-05 2.6696379565455496e-06 1.5900018667390303e-05 1.9828244575531564e-05 0.001404670084961927 0.005767338777646367 0.00029417442457380474 0.0003773616908504103 0.00025276528733086083 0.00760880588551982 8.82810659722371e-06 0.003493942891751364 2.853929190260342e-05 1.4355274148569613e-05 1.2777353002073998e-05 1.8551390351558795e-05 6.287179071965092e-05 0.0003879426359499745 0.0012023271564965893 2.4410011708447324e-05 0.0 0.003263597014593509 0.0015292650663769013 0.0018045867217436043 0.0017816250415254933 0.000705513321024636 0.000449735370486768 0.004142917129722336 0.0003196076128614177 0.005603290257613416 0.00018212647517369847 2.9715581202861398e-06 5.442303923652602e-05 1.2087431324111003e-05 1.817818541996274e-05 4.6746755971502685e-06 0.0 4.508500546301493e-06 8.675797173621916e-06 0.0 0.0001820072504554807 4.480392410414842e-05 4.888500192810007e-06 0.0009551071195754191 5.1246790840779436e-05 1.2884777007832354e-05 9.499556544649383e-05 0.0007403470094490176 7.585053943339166e-06 1.0049608748122431e-05 2.692513109256392e-05 8.353236042443622e-06 2.76288440203699e-06 2.9271895769636562e-06 0.0 8.154094472013398e-06 3.4573893641736114e-05 3.5988695884461974e-05 1.4677725812570108e-05 0.00010421064013181005 0.0001226834707227766 0.00014402843116065623 0.0005867140996818812 1.6315155448138637e-05 1.4815784697786448e-05 1.8251629392918226e-06 9.674165605616615e-06 0.0 0.0 0.0 3.1644013992296893e-06 0.0 0.0 0.0 0.0 0.0 0.0 3.972023327721934e-06 0.0 4.854409939367931e-06 0.0 2.8266479029149354e-06 2.009117677145016e-05 3.605888684163813e-05 0.0 7.98825223582909e-06 0.0 0.00029547997921890775 2.3473424097473025e-05 0.0003261382397681689 0.00012249344065342894 3.287611260906187e-05 0.0 0.0 0.0 7.235128170457066e-06 1.4332126199776741e-05 4.100704417069171e-06 0.0 2.1968308096302354e-06 1.062812975869096e-05 0.0 0.0 0.0 4.487263095763972e-05 3.067484735617585e-06 1.7465119022327163e-06 4.245967039101265e-06 0.0 5.088769372045204e-06 1.1837781576315168e-05 1.9180283485891424e-06 1.965201555102513e-05 1.0476979804547664e-05 7.612768966121812e-05 1.1528576409564882e-05 1.6891594967768773e-06 0.0 0.0 2.3406603480779986e-06 0.0 0.0 0.0 0.0 0.00011450407523219885 1.6175160812946286e-05 2.318398792804503e-06 0.0 0.0 0.00016250572504168646 7.873431607136372e-06 3.479053252336521e-05 7.323682704168351e-06 2.221919782628923e-06 1.3811783711271361e-05 4.192748983988984e-06 6.787934836224772e-06 1.8073084873889779e-06 0.0 0.0 0.0 6.2070069470300425e-06 0.0 2.717879937292228e-06 0.0 0.00021207764922555027 8.262256482450108e-05 0.00017364410456578166 0.0037919284537934386 0.00018076490497893948 0.003208104260480936 0.0012581362983081726 0.00048284686034722233 0.0006727396516109237 4.599944044770681e-05 0.0010577761247236093 0.00016586198193196323 2.8362939310427256e-06 3.698495279469958e-05 5.016140149193612e-05 3.687018480066758e-05 6.4350059814737496e-06 2.4081526217911843e-06 1.688264642962344e-05 0.0002129071397253768 5.606795182017796e-06 0.00046535417367916254 0.0002471704458139668
0.016815157935703193 0.0019465503113100765 0.0003254512461488467 0.03074571456993111 0.0005160584914708095 0.0009429393426795583 0.002945099868752013 5.56094442942765e-05 0.00021378240009909397 0.08192670795477401 0.0008455322344655192 0.0 0.04179641287675837 0.0037396062535229807 0.00010193265356414977 2.845640641247179e-05 2.8196262884834916e-06 0.0 3.0434992606590497e-06 0.0 5.830506052354837e-06 4.046951834911691e-06 8.795382046389265e-06 2.822005289037862e-06 5.486277739310936e-06 0.0 2.571650731920244e-06 0.0 0.0 0.0 0.0007642387971871439 6.493905716789747e-05 0.0012223735421405088 0.0 0.0 5.646467723341091e-06 0.004276817552753917 0.00010892655030340483 7.332552236503942e-06 2.628174114560512e-06 1.0357119380182305e-05 2.475359010721436e-06 0.0 2.047803054868445e-05 0.0 0.0 0.0010203794652273702 1.1920533057954796e-05 0.0 2.310975260534401e-06 0.0 0.0 0.0 0.0 1.537066790201424e-05 1.4656950729003057e-05 0.0006691271055786247 0.0016054908955695849 0.00015272998788792356 0.00011321169905754544 1.1431220370318766e-05 7.594684783837864e-05 0.0 0.0004533558504676177 1.9072973575716617e-05 1.5753556965357498e-05 2.1850912351816374e-06 0.0 1.2723221751743942e-05 2.3573086589704346e-05 0.0013595159565194528 9.36392507526428e-06 0.0 0.0015965399369833226 0.0004953212807487078 0.000530909222569464 0.0003209643604726624 9.251031994582037e-05 9.951735619080676e-06 0.0003914656091992979 2.263927020976221e-05 2.969715325919519e-05 0.00014212018876874074 0.0 2.2743773799131045e-05 4.327302982043467e-06 2.7043796311872915e-06 0.0 0.0 0.0 0.0 0.0 5.4898756251371225e-06 6.638488996495409e-06 3.893063156213811e-06 0.006265808062859664 2.6256351649144855e-06 0.0 4.6509338131362216e-05 0.003487658205624844 2.1977930874764064e-05 4.35637247009514e-05 0.00017263828752201596 7.915917250418244e-05 1.6609506769196112e-05 6.846733026471413e-05 0.00013624321567542482 3.5721594678975374e-05 0.0008626586751714808 0.000785485237703188 0.00012261311981650875 0.0019879482077700193 0.0007607828601521117 0.0016487712342885194 0.0036708495768583817 1.2225093350443807e-05 7.889744692287856e-06 0.0 4.563865966406065e-06 0.0 0.0 0.0 0.0 0.0 0.0 0.0 0.0 2.604182827185454e-06 0.0 0.0 0.0 0.0 0.0 0.0 6.088374535583184e-05 6.914509613462324e-05 0.0 0.0 0.0 0.00035468671012228226 8.203067740868229e-06 0.0003718712444244434 2.5299374942115404e-05 9.533644623817128e-06 0.0 0.0 0.0 0.0 4.18968605575737e-06 0.0 0.0 3.4137880813593017e-06 1.5233489490263413e-05 0.0 0.0 0.0 1.5335546913375866e-05 0.0 0.0 3.6954427167144708e-06 1.7636553018478873e-06 1.291418783542606e-05 1.4632202966381591e-05 5.747887502833776e-06 6.623895094985875e-06 0.0 0.0001346905990995259 2.9266929813181196e-05 0.0 0.0 0.0 0.0 0.0 0.0 0.0 0.0 0.00041545280850806954 1.1557703289847826e-05 0.0 0.0 0.0 0.0003599291905714095 2.6934036360497377e-06 0.00010117660800601479 1.0646200131103809e-05 2.610408420410682e-05 4.000531508557473e-06 0.0 9.422500025661597e-06 0.0 0.0 0.0 0.0 0.0 0.0 0.0 0.0 0.0021843808730646064 7.25922625560382e-05 0.00014412590904537459 0.0037733256216182006 7.843750846613963e-05 0.0013619939087290412 0.000502371760501691 0.004787451505327874 0.00047622576253150543 7.083326579839415e-06 0.0006537708298657391 0.00013798522510760104 0.0 3.8007390551143e-05 2.9660158089140985e-05 0.0002241741455514117 9.164373621832019e-06 2.0998525774579507e-06 2.4071703879816263e-05 9.078463651527685e-05 4.716457399846447e-06 0.004683362637259639 0.0013891418189831014
