0.00715421 1.51733e-05 0.001524916 0.0005462387 0 0.0009976443 0.03317262 0.006403132 0.0007852182 0.002367034 9.103979e-05 3.03466e-05 0 0.04833075 1.137997e-05 0.0008686713 0.004218177 0.000584172 0.002992933 7.965981e-05 0.002348068 0.000584172 0.001285937 0.01604197 3.793325e-06 0.006262779 0.001331457 0.02326446 0.02260821 0.02279029 7.586649e-06 0.0004855455 0.0002010462 0.01042406 0 0.0003907124 0.0004589923 0.001020404 8.345314e-05 4.172657e-05 2.655327e-05 0 0 1.51733e-05 3.793325e-06 3.413992e-05 7.586649e-06 0 3.793325e-06 0.0007890115 7.586649e-06 0.0002048395 3.03466e-05 3.793325e-06 0 0 7.586649e-06 0 6.069319e-05 7.586649e-06 0 0 3.793325e-06 5.689987e-05 4.931322e-05 1.137997e-05 0.00305742 0 1.51733e-05 7.965981e-05 0.003349506 4.172657e-05 0.000292086 0 7.586649e-06 0 3.793325e-05 0 0.0003376059 1.51733e-05 0.0002579461 2.275995e-05 0.0001175931 5.310654e-05 0 7.586649e-06
1.51733e-05 0.0005310654 2.275995e-05 2.655327e-05 3.793325e-06 7.586649e-06 4.172657e-05 2.275995e-05 0.008474287 3.793325e-06 0.0003907124 4.551989e-05 0.008508427 4.551989e-05 4.551989e-05 0.002363241 6.069319e-05 1.137997e-05 4.551989e-05 3.793325e-06 4.172657e-05 0.05493493 3.413992e-05 0.008288414 0.03177668 0.005963106 0.05221891 0.0002996726 8.724646e-05 0.0002655327 0.0002958793 0 3.03466e-05 0.001103857 0 0.01524158 0.01438429 0.00988161 0.0001669063 0.0001555263 3.793325e-06 0.0008876379 1.137997e-05 0 2.655327e-05 7.586649e-05 0 0 0 1.51733e-05 0 3.793325e-06 0 4.931322e-05 0 0.0003300192 3.793325e-06 0 7.586649e-06 0.000292086 1.896662e-05 0.0001972529 0 7.586649e-06 1.137997e-05 0.0004969255 1.137997e-05 0.0003945057 0.0007093517 0.0120476 3.793325e-06 0 0 1.51733e-05 0 0 1.896662e-05 0 0.000140353 0.0002427728 0.000151733 6.827984e-05 3.793325e-06 0 0.0001100064 0
0.001524916 2.275995e-05 0.04214763 0.0003413992 1.51733e-05 0.005322034 0.1658024 0.01646682 0.0001062131 0.008060815 0.0004286457 3.793325e-05 0.0002465661 0.02630291 3.793325e-06 0.002238061 0.1157836 0.0003148459 0.002799473 3.03466e-05 0.02430004 0.000163113 0.1391012 0.004259903 3.793325e-06 0.09712049 0.253762 0.05653571 0.006251399 0.01122824 3.03466e-05 0.0004020924 0.0002541527 0.004203004 1.896662e-05 0.0130718 0.07909082 0.0122183 0.001229037 0.0001972529 9.103979e-05 7.586649e-06 6.069319e-05 1.137997e-05 0.003486065 0.006998684 1.51733e-05 0 7.586649e-06 0.0001972529 1.51733e-05 7.586649e-06 1.51733e-05 1.137997e-05 3.793325e-06 8.345314e-05 5.689987e-05 0 0.0002579461 0.014206 1.896662e-05 0.0003641592 3.793325e-06 0.0001669063 0.0001175931 0.009665391 0.0004893389 0.0002958793 0.009612284 0.1308659 0.0004703722 0 5.310654e-05 7.586649e-06 3.793325e-06 7.586649e-06 0.0008610847 1.896662e-05 0.002826027 0.000432439 0.003368472 0.001145584 4.931322e-05 1.137997e-05 0 1.137997e-05
0.0005462387 2.655327e-05 0.0003413992 0.01985426 1.51733e-05 0.003455719 0.002219095 0.001699409 0.01861384 0.03747805 4.172657e-05 0.04478399 3.793325e-05 0.003831258 0.0002617394 1.137997e-05 3.03466e-05 7.586649e-06 8.724646e-05 0.02346171 3.793325e-06 0.0003489859 4.172657e-05 0.01391012 2.655327e-05 0.0002010462 0.0008990179 0.05154369 0.006232432 0.0004248523 0 0.0002579461 0.0002731194 0.003239499 1.51733e-05 0.001479397 9.103979e-05 0.009437791 0.001005231 0.001763896 0.000572792 1.137997e-05 5.689987e-05 3.793325e-06 0 1.896662e-05 0.001779069 0 0.0003489859 0.005724127 0.0001820796 0.003561932 0.005193061 2.275995e-05 0.001009024 0 0.0001441463 7.586649e-06 0.0001327664 7.586649e-06 1.137997e-05 0 0.00148319 6.827984e-05 2.655327e-05 3.03466e-05 0.01257108 0 4.172657e-05 4.551989e-05 0.01766172 0.0001744929 1.896662e-05 0 4.931322e-05 3.793325e-06 0.0002048395 0 0.0001706996 7.586649e-06 0.000561412 2.655327e-05 0.0003489859 7.965981e-05 0 1.51733e-05
0 3.793325e-06 1.51733e-05 1.51733e-05 0 0.004214384 0.0001555263 0.0007510783 0.003303986 0.0003603658 2.275995e-05 0.001536296 7.586649e-06 0.0002124262 0.01916388 0 0 3.793325e-06 4.551989e-05 0.0001024198 1.137997e-05 4.931322e-05 0 0.0003224326 1.137997e-05 6.448652e-05 7.965981e-05 6.069319e-05 0.0008914313 1.137997e-05 0 0.002587047 0 0.0003982991 0 0.0001441463 0 0.0001744929 0 0.009604698 5.310654e-05 0 7.586649e-06 0 0 0 0 0 0 7.586649e-06 0 3.793325e-06 0 0 3.793325e-06 0 0 0 0 0 0 0 3.793325e-06 3.793325e-06 0 0 1.137997e-05 0 0 0 1.51733e-05 0 0 0 0 0 0 0 0 0 0 0 0 0 0 0
0.0009976443 7.586649e-06 0.005322034 0.003455719 0.004214384 0.1579806 0.09139257 0.08544463 0.005363761 0.2712644 0.001653889 0.09945718 0.0002162195 0.04053547 0.01396702 3.413992e-05 0.0004020924 0.0005689987 0.002697054 0.01486604 0.000128973 4.551989e-05 0.001202484 0.002511181 1.137997e-05 0.006073113 0.002408761 0.01855694 0.03129113 0.0004703722 2.655327e-05 0.0298914 0.0003072593 0.0211933 1.896662e-05 0.002055982 0.0006183119 0.02502077 0.0008231514 0.03916987 0.004919942 0 8.345314e-05 0 0 3.793325e-06 0.0002351861 3.793325e-06 5.689987e-05 0.0008041848 3.413992e-05 0.0003793325 0.001069718 3.793325e-06 0.0002351861 0 1.137997e-05 0 1.51733e-05 0 3.793325e-06 7.586649e-06 0.0002238061 1.51733e-05 7.586649e-06 7.586649e-06 0.001600783 3.793325e-06 3.413992e-05 7.965981e-05 0.002598427 1.896662e-05 3.793325e-06 0 1.51733e-05 0 3.03466e-05 0 3.413992e-05 3.793325e-06 8.724646e-05 3.793325e-06 6.069319e-05 1.137997e-05 3.793325e-06 0
0.03317262 4.172657e-05 0.1658024 0.002219095 0.0001555263 0.09139257 0.1144484 0.1184921 0.00842118 0.1004093 0.001054544 0.0003565725 0.0002086328 0.1970518 0.0001365597 0.0005917586 0.02128434 0.001122824 0.006183119 0.0003565725 0.02377656 0.0009786777 0.1153284 0.07282045 7.586649e-06 0.04106274 0.05104297 0.2527454 0.1215988 0.03957196 2.655327e-05 0.004551989 0.006896264 0.03718217 8.724646e-05 0.01813968 0.00870568 0.07456159 0.008026675 0.003926091 0.003114319 5.689987e-05 0.0003641592 2.275995e-05 4.931322e-05 0.0002389794 0.0003717458 3.793325e-06 0.0001593196 0.009342958 0.0002200128 0.003303986 0.001862522 2.275995e-05 0.0001706996 3.793325e-06 0.0001782863 7.586649e-06 0.0005386521 7.965981e-05 2.655327e-05 1.137997e-05 0.0004020924 0.0003869191 0.0002541527 0.0002503594 0.02703123 1.137997e-05 0.000280706 0.002010462 0.02509663 0.0002844993 0.0006486585 0 0.0001024198 2.275995e-05 0.0004855455 0 0.001373183 6.827984e-05 0.001763896 0.0002048395 0.001039371 0.0002844993 0 2.655327e-05
0.006403132 2.275995e-05 0.01646682 0.001699409 0.0007510783 0.08544463 0.1184921 0.1460013 0.001339044 0.06134185 0.001953562 0.04051271 0.000151733 0.1297014 0.003994371 0.0006031386 0.006167946 0.001475603 0.006790051 0.006433478 0.00154009 0.0001593196 0.003144666 0.01392909 1.137997e-05 0.02763058 0.004847869 0.04530747 0.03663213 0.008337727 3.03466e-05 0.02656465 0.0002996726 0.02040809 7.586649e-06 0.004529229 0.002962586 0.01674373 0.0003338126 0.02009703 0.002188748 3.793325e-06 8.724646e-05 7.586649e-06 7.586649e-06 4.172657e-05 3.03466e-05 0 3.793325e-06 0.0005386521 3.793325e-06 0.0002010462 0.0001062131 1.137997e-05 6.448652e-05 0 0 0 4.172657e-05 2.275995e-05 7.586649e-06 1.51733e-05 2.655327e-05 4.551989e-05 1.137997e-05 3.413992e-05 0.001900456 0 4.172657e-05 0.0002503594 0.001824589 1.51733e-05 8.724646e-05 0 0 3.793325e-06 3.793325e-05 0 0.0001137997 1.51733e-05 0.000128973 7.586649e-06 6.827984e-05 2.275995e-05 0 0
0.0007852182 0.008474287 0.0001062131 0.01861384 0.003303986 0.005363761 0.00842118 0.001339044 0.00296638 0.004070237 8.724646e-05 0.01397461 0.001198691 0.001980115 0.00873982 0.0006790051 3.793325e-05 7.586649e-06 9.483311e-05 0.01748723 8.345314e-05 0.03506929 6.827984e-05 0.02352999 0.005815166 0.00302328 0.03237602 0.03729976 0.003300192 0.004863042 5.310654e-05 0.0005120988 0.0002313928 0.001194897 3.793325e-06 0.0009900577 0.0001896662 0.002537734 0.0004362323 0.0136939 0.0002275995 5.310654e-05 1.896662e-05 1.137997e-05 1.51733e-05 4.551989e-05 0.004005751 0 0.0003148459 0.004768209 5.689987e-05 0.001593196 0.009316405 1.51733e-05 0.002321515 3.03466e-05 4.172657e-05 7.586649e-06 0.000572792 3.793325e-06 3.03466e-05 1.896662e-05 0.00290948 0.0003451925 0.0001782863 4.551989e-05 0.0268188 3.413992e-05 8.345314e-05 0.0003300192 0.02841959 9.862644e-05 0.0005234788 0 1.137997e-05 1.896662e-05 0.0001100064 0 0.0006107252 0.0001062131 0.0004855455 4.931322e-05 0.0001593196 5.689987e-05 1.137997e-05 2.275995e-05
0.002367034 3.793325e-06 0.008060815 0.03747805 0.0003603658 0.2712644 0.1004093 0.06134185 0.004070237 0.4109991 0.001623543 0.04638477 0.0002465661 0.07015374 0.0001137997 5.310654e-05 0.0004020924 0.0003793325 0.00277292 0.05474147 0.0001213864 8.345314e-05 0.002150815 0.009195019 1.896662e-05 0.0057962 0.004434396 0.06812052 0.07149658 0.0008041848 4.172657e-05 0.00731353 0.001024198 0.04529609 6.069319e-05 0.005064088 0.0008041848 0.1105071 0.005238581 0.009597111 0.006016213 4.931322e-05 0.0003072593 3.793325e-06 0 1.896662e-05 0.00123283 0 0.0002200128 0.004214384 8.724646e-05 0.001536296 0.004589923 3.413992e-05 0.0007624582 0 0.000140353 3.793325e-06 6.827984e-05 0 3.793325e-06 7.586649e-06 0.001210071 3.03466e-05 1.896662e-05 3.793325e-05 0.009388478 3.793325e-06 4.551989e-05 0.0001593196 0.01363321 9.483311e-05 1.896662e-05 3.793325e-06 3.03466e-05 0 0.0001441463 0 0.000128973 1.896662e-05 0.0003755391 1.51733e-05 0.0003072593 4.551989e-05 0 0
9.103979e-05 0.0003907124 0.0004286457 4.172657e-05 2.275995e-05 0.001653889 0.001054544 0.001953562 8.724646e-05 0.001623543 0.1758054 0.00281844 0.07044583 0.001376977 4.551989e-05 7.586649e-05 0.0008269447 0.03988301 0.009965063 0.0005538254 0.0007738382 0.0002010462 0.00122145 0.0001820796 0.005792407 0.08198512 0.007366636 0.0003907124 0.002154608 0.0002882927 0.01307559 0.001149377 5.310654e-05 0.06187671 1.137997e-05 0.002951206 0.0975112 0.1186248 0.01782863 0.002458074 0.00135801 0.01320077 6.069319e-05 0 0.0001062131 7.586649e-06 0 0 0 1.51733e-05 0 4.551989e-05 3.793325e-06 0.002131848 0 0.01398978 3.793325e-06 0 3.793325e-06 1.137997e-05 0.0007093517 9.103979e-05 0 0 0.0001137997 0 9.103979e-05 0.003326746 0.001210071 0.003243292 3.793325e-05 3.793325e-06 0 0.001892869 0 0 4.551989e-05 0 3.793325e-05 0.009798157 7.965981e-05 3.413992e-05 0 0 0.003713665 0
3.03466e-05 4.551989e-05 3.793325e-05 0.04478399 0.001536296 0.09945718 0.0003565725 0.04051271 0.01397461 0.04638477 0.00281844 0.06013557 0.0002389794 0.04981394 0.005989659 3.793325e-06 5.689987e-05 0.0007965981 0.004047477 0.03821774 3.793325e-06 0.0003527792 1.137997e-05 0.001832176 3.793325e-05 0.006752118 0.002465661 0.01345872 0.03235706 3.03466e-05 2.275995e-05 0.0107427 1.896662e-05 0.03865018 3.793325e-06 0.0003679525 0.0002351861 0.07060894 0.0002996726 0.04547058 0.005124781 1.51733e-05 3.793325e-05 0 0 0 0.001669063 3.793325e-06 0.0006714184 0.0007396983 0.0001858729 0.00594414 0.004859249 4.551989e-05 0.00298914 0 9.862644e-05 1.51733e-05 7.586649e-06 0 1.896662e-05 3.793325e-06 0.001771483 3.793325e-06 3.793325e-06 0 0.003152253 3.793325e-06 5.310654e-05 4.172657e-05 0.007973568 0.0002124262 0 0 6.827984e-05 0 0.0002351861 0 0.0001175931 1.896662e-05 0.0003376059 1.51733e-05 0.0004020924 3.793325e-05 0 7.586649e-06
0 0.008508427 0.0002465661 3.793325e-05 7.586649e-06 0.0002162195 0.0002086328 0.000151733 0.001198691 0.0002465661 0.07044583 0.0002389794 0.04522401 0.0001327664 1.896662e-05 8.724646e-05 3.413992e-05 0.0006486585 0.0004172657 6.448652e-05 0.0003262259 0.005378934 0.0008041848 0.0009483311 0.03829361 0.01649717 0.03030487 0.0002313928 0.0001365597 0.0001251797 0.01269246 0.0001555263 3.793325e-06 0.01735067 0.0007928048 0.008565327 0.120366 0.0459144 0.005348588 0.0004703722 0.0004362323 0.03005072 6.448652e-05 0 0.0006372785 0 0 3.793325e-06 3.793325e-06 1.896662e-05 3.413992e-05 0.0002427728 0 0.009426411 1.137997e-05 0.07002098 1.137997e-05 3.793325e-06 0 1.896662e-05 0.004013337 0.0005917586 7.586649e-06 3.793325e-06 0.0005424454 1.137997e-05 0.000269326 0.02104157 0.009111565 0.0246642 5.310654e-05 3.793325e-06 0 0.01014714 0 0 0.001627336 2.275995e-05 0.000584172 0.03700767 0.001490777 0.001672856 3.03466e-05 7.586649e-05 0.01180483 4.551989e-05
0.04833075 4.551989e-05 0.02630291 0.003831258 0.0002124262 0.04053547 0.1970518 0.1297014 0.001980115 0.07015374 0.001376977 0.04981394 0.0001327664 0.1419841 0.002002875 0.001691823 0.02052189 0.002837407 0.01406565 0.01065166 0.005720333 0.0006562451 0.007469056 0.0328426 1.51733e-05 0.04739 0.007241456 0.08303208 0.08611605 0.04942323 2.275995e-05 0.02288133 0.0003755391 0.03519826 0 0.008045641 0.004935115 0.01434635 0.0005955519 0.01750999 0.00148319 3.793325e-06 0.0001251797 1.137997e-05 3.793325e-06 6.069319e-05 1.51733e-05 0 7.586649e-06 0.00152871 1.137997e-05 0.0005158921 0.0001744929 1.896662e-05 8.345314e-05 1.137997e-05 1.137997e-05 0 0.000128973 3.03466e-05 1.137997e-05 7.586649e-06 1.51733e-05 7.207317e-05 7.586649e-05 7.586649e-05 0.005143748 3.793325e-06 7.586649e-05 0.0003451925 0.005587567 4.931322e-05 0.0004020924 0 7.586649e-06 7.586649e-06 8.345314e-05 0 0.0004627856 2.275995e-05 0.000421059 7.207317e-05 0.0002200128 8.345314e-05 0 1.896662e-05
1.137997e-05 4.551989e-05 3.793325e-06 0.0002617394 0.01916388 0.01396702 0.0001365597 0.003994371 0.00873982 0.0001137997 4.551989e-05 0.005989659 1.896662e-05 0.002002875 0.003922298 0 1.137997e-05 1.51733e-05 5.310654e-05 0.001354217 7.586649e-06 0.0004627856 0 0.001843556 5.310654e-05 0.0001365597 0.0004779589 0.0001972529 0.00268188 1.137997e-05 0 0.007700449 0 0.0004703722 0 9.862644e-05 1.137997e-05 0.0002503594 0 0.01768069 0.0006448652 0 0 0 0 0 1.51733e-05 0 3.793325e-06 3.793325e-06 0 5.310654e-05 2.655327e-05 0 1.137997e-05 0 0 0 7.586649e-06 0 0 0 7.586649e-06 3.793325e-06 0 0 7.965981e-05 0 0 7.586649e-06 0.0001062131 0 0 3.793325e-06 0 0 0 0 3.793325e-06 3.793325e-06 3.793325e-06 0 0 0 0 0
0.0008686713 0.002363241 0.002238061 1.137997e-05 0 3.413992e-05 0.0005917586 0.0006031386 0.0006790051 5.310654e-05 7.586649e-05 3.793325e-06 8.724646e-05 0.001691823 0 0.009062252 0.001198691 9.103979e-05 0.0005462387 0 0.005162715 0.06117494 0.03163253 0.01713065 0.0002617394 0.001122824 0.127505 0.01267729 0.007503196 0.01161137 0 1.896662e-05 0.002871547 0.01884903 0.0003110526 0.08988662 0.02208094 0.03509963 0.00726801 0.0005462387 6.827984e-05 1.896662e-05 0.0005576187 0.0001327664 5.310654e-05 0.0001441463 0 0 0 0.003076386 2.275995e-05 0.001570436 3.793325e-06 1.896662e-05 0 1.51733e-05 3.413992e-05 3.793325e-06 0.09111945 0.0003110526 1.137997e-05 2.655327e-05 0 0.02043843 0.0214209 0.02469075 0.02847649 3.03466e-05 0.0004134724 0.0340375 0.02628774 0.0003945057 0.007776315 0 3.793325e-06 5.689987e-05 0.0002124262 3.793325e-06 0.002636361 0.0004058857 0.0008497047 0.0001782863 0.0001858729 0.0001858729 3.793325e-06 3.413992e-05
0.004218177 6.069319e-05 0.1157836 3.03466e-05 0 0.0004020924 0.02128434 0.006167946 3.793325e-05 0.0004020924 0.0008269447 5.689987e-05 3.413992e-05 0.02052189 1.137997e-05 0.001198691 0.003243292 0.005249961 0.0126128 3.03466e-05 0.01662614 0.0001062131 0.02539251 0.001103857 0 0.02246407 0.1330584 0.006296919 0.00860326 0.01967597 7.586649e-06 0.0001972529 0.0001327664 0.01785518 7.586649e-06 0.01870488 0.1901214 0.02059017 0.005454801 0.0001934595 7.586649e-06 1.137997e-05 0.0001137997 0 0.0004400256 0.0007852182 0 0 0 3.03466e-05 1.137997e-05 7.586649e-06 0 2.275995e-05 0 2.275995e-05 0 0 6.069319e-05 0.001824589 4.931322e-05 0.0002124262 3.793325e-06 2.275995e-05 1.51733e-05 0.0009293645 0.0001365597 7.965981e-05 0.00160837 0.01504053 0.0001669063 3.793325e-06 1.51733e-05 0 0 0 0.000128973 3.793325e-06 0.0003186393 8.724646e-05 0.0003869191 0.0001327664 0 0 0 0
0.000584172 1.137997e-05 0.0003148459 7.586649e-06 3.793325e-06 0.0005689987 0.001122824 0.001475603 7.586649e-06 0.0003793325 0.03988301 0.0007965981 0.0006486585 0.002837407 1.51733e-05 9.103979e-05 0.005249961 0.003861604 0.02316583 0.000163113 0.001111444 7.586649e-06 0.001486983 3.793325e-05 0.0002579461 0.03527792 0.008091161 0.0002996726 0.002435314 0.0005007188 0.0003489859 0.0003186393 5.689987e-05 0.01828382 3.793325e-06 0.003395025 0.05658123 0.07269148 0.01393288 0.0007624582 0.0002465661 9.103979e-05 6.069319e-05 0 1.137997e-05 3.793325e-06 3.793325e-06 0 0 7.586649e-06 0 7.586649e-06 0 0.001786656 0 0.003501239 0 0 0 3.793325e-06 0.003178806 0.0004058857 0 0 2.275995e-05 0 2.275995e-05 0.0004779589 0.003114319 0.007260423 1.51733e-05 3.793325e-06 0 0.001156964 0 0 3.413992e-05 0 1.896662e-05 0.0007093517 0.0001100064 2.275995e-05 0 0 2.655327e-05 0
0.002992933 4.551989e-05 0.002799473 8.724646e-05 4.551989e-05 0.002697054 0.006183119 0.006790051 9.483311e-05 0.00277292 0.009965063 0.004047477 0.0004172657 0.01406565 5.310654e-05 0.0005462387 0.0126128 0.02316583 0.007916668 0.0007700449 0.006433478 0.0001024198 0.0100599 0.000303466 0.0001555263 0.1279488 0.03372645 0.001513536 0.01241934 0.003618832 0.0001593196 0.001646303 0.0002882927 0.04918804 1.137997e-05 0.009703324 0.1427352 0.09622147 0.01472948 0.002799473 0.0002048395 0.0002844993 9.103979e-05 0 0.0001024198 1.51733e-05 3.793325e-06 0 0 3.413992e-05 3.793325e-06 7.586649e-06 1.137997e-05 0.0004476123 1.137997e-05 0.0004893389 7.586649e-06 0 1.137997e-05 0.0003451925 0.001153171 0.000853498 0 0 3.793325e-06 2.655327e-05 7.965981e-05 0.0001555263 0.003102939 0.007127657 7.586649e-05 0 0 0.0001782863 0 0 2.655327e-05 3.793325e-06 6.448652e-05 0.0001782863 9.103979e-05 3.793325e-05 3.793325e-06 0 1.51733e-05 0
7.965981e-05 3.793325e-06 3.03466e-05 0.02346171 0.0001024198 0.01486604 0.0003565725 0.006433478 0.01748723 0.05474147 0.0005538254 0.03821774 6.448652e-05 0.01065166 0.001354217 0 3.03466e-05 0.000163113 0.0007700449 0.004032304 3.793325e-06 3.793325e-05 0 0.002568081 1.51733e-05 0.001229037 0.0004627856 0.03681042 0.01070476 1.896662e-05 3.793325e-06 0.00161975 5.689987e-05 0.009301232 0 0.0004589923 9.103979e-05 0.02366276 0.0006865917 0.01075407 0.001213864 1.51733e-05 1.137997e-05 0 0 3.793325e-06 0.000982471 0 0.0001251797 0.001509743 3.793325e-05 0.002901893 0.003004313 3.793325e-06 0.001062131 0 5.310654e-05 0 0 0 7.586649e-06 0 0.0008572913 3.793325e-06 0 0 0.003391232 0 3.793325e-06 1.51733e-05 0.006827984 2.275995e-05 0 0 0 0 4.551989e-05 0 6.827984e-05 3.793325e-06 9.103979e-05 3.793325e-06 0.0001706996 1.896662e-05 0 0
0.002348068 4.172657e-05 0.02430004 3.793325e-06 1.137997e-05 0.000128973 0.02377656 0.00154009 8.345314e-05 0.0001213864 0.0007738382 3.793325e-06 0.0003262259 0.005720333 7.586649e-06 0.005162715 0.01662614 0.001111444 0.006433478 3.793325e-06 0.08940487 0.007218697 0.2347764 0.0027843 1.137997e-05 0.009657804 0.01688788 0.03876778 0.006562451 0.1506898 3.793325e-06 4.172657e-05 0.0008307381 0.1719173 0.001100064 0.3581278 0.08027813 0.2801636 0.04229177 0.003182599 0.0001441463 0.0001024198 0.001615956 7.965981e-05 7.586649e-06 8.345314e-05 3.793325e-06 0 0 0.001187311 1.896662e-05 0.0002351861 0 0 3.793325e-06 3.793325e-06 1.51733e-05 0 0.03746287 0.0003224326 3.793325e-06 2.655327e-05 0 0.02434935 0.007434916 0.003744011 0.01622405 7.586649e-06 0.0003831258 0.005026155 0.01668304 0.0002048395 0.006323472 3.793325e-06 0 1.896662e-05 0.0001213864 7.586649e-06 0.001145584 0.0001896662 0.0003110526 8.345314e-05 6.827984e-05 4.551989e-05 0 2.275995e-05
0.000584172 0.05493493 0.000163113 0.0003489859 4.931322e-05 4.551989e-05 0.0009786777 0.0001593196 0.03506929 8.345314e-05 0.0002010462 0.0003527792 0.005378934 0.0006562451 0.0004627856 0.06117494 0.0001062131 7.586649e-06 0.0001024198 3.793325e-05 0.007218697 0.0223313 0.01518847 0.0598359 0.02892031 0.008497047 0.1511071 0.01542366 0.006896264 0.02327584 0.0001479397 3.413992e-05 0.002552907 0.003182599 3.793325e-05 0.01122824 0.002348068 0.006717978 0.001183517 0.0006865917 5.310654e-05 0.0003262259 6.448652e-05 7.965981e-05 4.172657e-05 6.827984e-05 0 3.793325e-06 0 0.00126697 1.51733e-05 0.0004134724 1.896662e-05 5.310654e-05 3.793325e-06 0.000140353 1.896662e-05 1.51733e-05 0.02925791 7.586649e-05 4.551989e-05 3.793325e-05 3.793325e-06 0.00417645 0.00156285 0.006114839 0.01442222 7.586649e-05 0.0002465661 0.02093915 0.009168465 0.0001251797 0.002412554 1.896662e-05 0 1.137997e-05 6.069319e-05 0 0.001031784 0.0002882927 0.0003603658 0.0001062131 3.793325e-05 4.172657e-05 5.310654e-05 1.896662e-05
0.001285937 3.413992e-05 0.1391012 4.172657e-05 0 0.001202484 0.1153284 0.003144666 6.827984e-05 0.002150815 0.00122145 1.137997e-05 0.0008041848 0.007469056 0 0.03163253 0.02539251 0.001486983 0.0100599 0 0.2347764 0.01518847 0.1687954 0.02194059 1.137997e-05 0.04092618 0.1299024 0.2331757 0.003747805 0.1071197 2.655327e-05 8.724646e-05 0.0002882927 0.1064445 0.002363241 0.707034 0.2159843 0.4269007 0.07350325 0.007643549 0.0002200128 0.0001858729 0.002010462 0 0.0004779589 0.001050751 3.793325e-06 0 3.793325e-06 0.0002996726 1.137997e-05 6.827984e-05 2.655327e-05 3.793325e-06 0 2.655327e-05 0 0 0.07711829 0.0001024198 0 2.275995e-05 3.793325e-06 0.005007188 0.01338664 0.04801211 0.002439108 2.655327e-05 0.0002844993 0.1277174 0.002442901 2.275995e-05 0.0004589923 3.793325e-06 0 3.793325e-06 0.0001820796 0.0001024198 0.0008155648 0.0007093517 0.000584172 0.0001593196 7.586649e-06 3.793325e-06 0 3.793325e-06
0.01604197 0.008288414 0.004259903 0.01391012 0.0003224326 0.002511181 0.07282045 0.01392909 0.02352999 0.009195019 0.0001820796 0.001832176 0.0009483311 0.0328426 0.001843556 0.01713065 0.001103857 3.793325e-05 0.000303466 0.002568081 0.0027843 0.0598359 0.02194059 0.04053926 0.003986784 0.003641592 0.111133 0.116842 0.06992994 0.07222869 4.172657e-05 0.0007586649 0.009164672 0.01868971 0.0002541527 0.0363666 0.003231912 0.04610027 0.008758786 0.004502676 0.001680443 7.586649e-05 0.0005272721 0.0002351861 8.724646e-05 0.0006334852 0.002996726 7.586649e-06 0.0006676251 0.03424234 0.0007396983 0.02348827 0.01037095 9.862644e-05 0.001430083 3.793325e-05 0.0005120988 1.896662e-05 0.01118272 0.0001555263 7.207317e-05 2.655327e-05 0.002606014 0.007764935 0.004589923 0.00126697 0.1303955 4.931322e-05 0.0006979717 0.002200128 0.1133597 0.001160757 0.006050353 2.275995e-05 0.0001934595 0.0001934595 0.00150595 0 0.006596591 0.0004779589 0.006114839 0.0006638318 0.002788094 0.0009635044 1.51733e-05 0.0001441463
3.793325e-06 0.03177668 3.793325e-06 2.655327e-05 1.137997e-05 1.137997e-05 7.586649e-06 1.137997e-05 0.005815166 1.896662e-05 0.005792407 3.793325e-05 0.03829361 1.51733e-05 5.310654e-05 0.0002617394 0 0.0002579461 0.0001555263 1.51733e-05 1.137997e-05 0.02892031 1.137997e-05 0.003986784 0.002090122 0.01302248 0.02715641 7.586649e-05 4.551989e-05 0.0001175931 0.003406405 3.793325e-06 1.137997e-05 0.0006865917 0 0.002067362 0.004726482 0.00308018 0.0002541527 9.483311e-05 3.793325e-05 0.009559178 2.655327e-05 0 0.0001896662 7.586649e-06 0 0 0 7.586649e-06 0 1.896662e-05 0 0.001896662 0 0.01021922 0 0 7.586649e-06 2.275995e-05 0.00292086 0.001486983 0 0 0.000128973 3.793325e-06 5.310654e-05 0.003668145 0.007415949 0.02481972 3.793325e-06 0 0 0.00152871 0 0 3.413992e-05 0 0.0001441463 0.003759185 0.0001555263 4.931322e-05 0 0 0.001820796 0
0.006262779 0.005963106 0.09712049 0.0002010462 6.448652e-05 0.006073113 0.04106274 0.02763058 0.00302328 0.0057962 0.08198512 0.006752118 0.01649717 0.04739 0.0001365597 0.001122824 0.02246407 0.03527792 0.1279488 0.001229037 0.009657804 0.008497047 0.04092618 0.003641592 0.01302248 0.1936985 0.2386608 0.007021444 0.02293823 0.008212548 0.002662914 0.002401174 0.0003565725 0.07490299 0.0001327664 0.08684058 0.3919794 0.3410957 0.07016512 0.004965462 0.001092477 0.001137997 0.0005765853 3.793325e-06 0.004343357 0.0009028112 0 0 3.793325e-06 0.0002389794 4.551989e-05 7.586649e-05 1.896662e-05 0.01644027 1.137997e-05 0.03519446 8.724646e-05 0 6.448652e-05 0.01046199 0.04269387 0.02826785 3.793325e-06 2.655327e-05 0.0002048395 0.0002313928 0.0003527792 0.01754033 0.09011801 0.2721369 0.0002010462 1.137997e-05 6.827984e-05 0.00871706 0 0 0.001054544 1.51733e-05 0.001790449 0.007525956 0.002173575 0.0009710911 7.586649e-06 3.793325e-06 0.0007055584 1.137997e-05
0.001331457 0.05221891 0.253762 0.0008990179 7.965981e-05 0.002408761 0.05104297 0.004847869 0.03237602 0.004434396 0.007366636 0.002465661 0.03030487 0.007241456 0.0004779589 0.127505 0.1330584 0.008091161 0.03372645 0.0004627856 0.01688788 0.1511071 0.1299024 0.111133 0.02715641 0.2386608 0.266371 0.1221109 0.00710869 0.004089204 0.003061213 0.0006296919 0.0004514056 0.1279526 0.0004058857 0.3835582 0.241942 0.5494972 0.05161577 0.004074031 0.0001669063 0.002423934 0.001395943 1.137997e-05 0.01092098 0.007488023 1.896662e-05 0 1.137997e-05 0.0008914313 3.413992e-05 0.000151733 8.345314e-05 0.01301869 1.51733e-05 0.03103319 6.827984e-05 0 0.01121686 0.01851522 0.03393129 0.02484628 2.275995e-05 0.001248004 0.01553366 0.03369231 0.002082535 0.02406106 0.09572834 0.5739262 0.001953562 3.03466e-05 0.0001706996 0.008311174 7.586649e-06 7.586649e-06 0.00161975 5.689987e-05 0.004111964 0.008330141 0.004900975 0.001729756 8.345314e-05 2.655327e-05 0.001096271 1.896662e-05
0.02326446 0.0002996726 0.05653571 0.05154369 6.069319e-05 0.01855694 0.2527454 0.04530747 0.03729976 0.06812052 0.0003907124 0.01345872 0.0002313928 0.08303208 0.0001972529 0.01267729 0.006296919 0.0002996726 0.001513536 0.03681042 0.03876778 0.01542366 0.2331757 0.116842 7.586649e-05 0.007021444 0.1221109 0.1128476 0.1567629 0.1860019 7.586649e-06 0.002325308 0.02834372 0.06502896 0.0006296919 0.09920682 0.01001817 0.1353572 0.02340481 0.004423016 0.004730276 0.0001024198 0.001445257 0.0003793325 2.275995e-05 0.0005462387 0.003216739 1.137997e-05 0.0007472849 0.03368472 0.0007738382 0.0122752 0.01241934 0.0001137997 0.001578023 7.586649e-06 0.0006221052 1.51733e-05 0.01478638 0.0002389794 7.965981e-05 1.896662e-05 0.002712227 0.009449171 0.006501758 0.001399737 0.1097409 1.137997e-05 0.0006638318 0.002579461 0.120146 0.00146043 0.01339423 3.793325e-06 0.0002579461 0.000151733 0.00142629 3.793325e-06 0.007635962 0.0005348588 0.006171739 0.0007283183 0.002632567 0.000982471 3.793325e-06 0.0002010462
0.02260821 8.724646e-05 0.006251399 0.006232432 0.0008914313 0.03129113 0.1215988 0.03663213 0.003300192 0.07149658 0.002154608 0.03235706 0.0001365597 0.08611605 0.00268188 0.007503196 0.00860326 0.002435314 0.01241934 0.01070476 0.006562451 0.006896264 0.003747805 0.06992994 4.551989e-05 0.02293823 0.00710869 0.1567629 0.1099381 0.06285159 2.275995e-05 0.02851063 0.01617474 0.0868292 0 0.004062651 0.00134663 0.02400036 0.0005120988 0.0144905 0.003956437 7.586649e-06 6.448652e-05 5.310654e-05 1.51733e-05 0.0001327664 2.655327e-05 7.586649e-06 2.275995e-05 0.004206797 7.207317e-05 0.001160757 0.0001441463 2.275995e-05 6.448652e-05 7.586649e-06 2.655327e-05 1.137997e-05 0.0006296919 3.793325e-05 7.586649e-06 3.793325e-06 4.931322e-05 0.0005196855 0.000280706 0.0001441463 0.01478259 1.137997e-05 0.000128973 0.0004058857 0.01673994 0.0001896662 0.001650096 0 1.137997e-05 1.896662e-05 0.0001593196 0 0.00157423 6.448652e-05 0.001134204 0.0001593196 0.0003793325 0.0002048395 0 4.172657e-05
0.02279029 0.0002655327 0.01122824 0.0004248523 1.137997e-05 0.0004703722 0.03957196 0.008337727 0.004863042 0.0008041848 0.0002882927 3.03466e-05 0.0001251797 0.04942323 1.137997e-05 0.01161137 0.01967597 0.0005007188 0.003618832 1.896662e-05 0.1506898 0.02327584 0.1071197 0.07222869 0.0001175931 0.008212548 0.004089204 0.1860019 0.06285159 0.06996787 0 0.0002769127 0.01683098 0.08749682 0.0002503594 0.07406845 0.008045641 0.08956039 0.01264694 0.0006790051 0.0001706996 1.137997e-05 0.0006941784 0.0004551989 3.03466e-05 0.0003755391 7.586649e-06 0 6.069319e-05 0.01667166 0.0001555263 0.003679525 0.000128973 4.931322e-05 3.793325e-06 0 9.483311e-05 0 0.009612284 0.0001744929 1.51733e-05 1.51733e-05 3.03466e-05 0.008223928 0.003231912 0.001069718 0.06855296 0 0.0004514056 0.001194897 0.08134026 0.0009597111 0.01444877 0 6.827984e-05 0.0001479397 0.0008003915 0 0.008823273 0.0005424454 0.004832695 0.0009179845 0.001665269 0.0009369512 3.793325e-06 0.0001782863
7.586649e-06 0.0002958793 3.03466e-05 0 0 2.655327e-05 2.655327e-05 3.03466e-05 5.310654e-05 4.172657e-05 0.01307559 2.275995e-05 0.01269246 2.275995e-05 0 0 7.586649e-06 0.0003489859 0.0001593196 3.793325e-06 3.793325e-06 0.0001479397 2.655327e-05 4.172657e-05 0.003406405 0.002662914 0.003061213 7.586649e-06 2.275995e-05 0 0.0007207317 1.896662e-05 0 0.00431301 7.586649e-06 0.0004476123 0.03151494 0.01665269 0.003482272 6.448652e-05 0.0001782863 0.001456637 3.793325e-06 0 0.0001213864 0 0 0 0 3.793325e-06 3.793325e-06 6.069319e-05 0 0.002211508 0 0.01396702 3.793325e-06 0 3.793325e-06 3.793325e-06 0.001559056 0.0001593196 0 0 0.0001137997 0 4.172657e-05 0.003193979 0.002560494 0.006535898 0 0 0 0.003182599 0 0 4.931322e-05 0 4.551989e-05 0.003812291 0.000140353 3.03466e-05 0 3.793325e-06 0.0005576187 0
0.0004855455 0 0.0004020924 0.0002579461 0.002587047 0.0298914 0.004551989 0.02656465 0.0005120988 0.00731353 0.001149377 0.0107427 0.0001555263 0.02288133 0.007700449 1.896662e-05 0.0001972529 0.0003186393 0.001646303 0.00161975 4.172657e-05 3.413992e-05 8.724646e-05 0.0007586649 3.793325e-06 0.002401174 0.0006296919 0.002325308 0.02851063 0.0002769127 1.896662e-05 3.793325e-05 6.069319e-05 0.02707675 0 0.004684756 0.000151733 0.009092599 6.827984e-05 0.02799473 0.01433877 3.793325e-06 0.0001555263 0 0 0 1.137997e-05 0 0 7.207317e-05 0 1.896662e-05 3.793325e-05 0 1.896662e-05 0 0 0 0 0 0 3.793325e-06 3.793325e-06 0 0 0 0.000140353 3.793325e-06 1.137997e-05 2.275995e-05 0.0001972529 0 7.586649e-06 0 0 0 0 0 2.275995e-05 0 1.51733e-05 0 3.793325e-06 0 0 0
0.0002010462 3.03466e-05 0.0002541527 0.0002731194 0 0.0003072593 0.006896264 0.0002996726 0.0002313928 0.001024198 5.310654e-05 1.896662e-05 3.793325e-06 0.0003755391 0 0.002871547 0.0001327664 5.689987e-05 0.0002882927 5.689987e-05 0.0008307381 0.002552907 0.0002882927 0.009164672 1.137997e-05 0.0003565725 0.0004514056 0.02834372 0.01617474 0.01683098 0 6.069319e-05 0.002215302 0.01321974 0 0.0001062131 4.931322e-05 0.007624582 7.965981e-05 1.137997e-05 1.896662e-05 3.793325e-06 3.793325e-06 3.793325e-06 0 1.137997e-05 0 0 7.586649e-06 0.0003489859 7.586649e-06 7.207317e-05 1.137997e-05 0 0 0 3.793325e-06 0 0.0001934595 0 0 0 3.793325e-06 0.0001137997 7.586649e-05 1.896662e-05 0.001422497 0 1.137997e-05 1.896662e-05 0.001672856 3.793325e-06 0.0003603658 0 0 0 2.275995e-05 0 0.0001479397 1.137997e-05 8.724646e-05 1.137997e-05 3.413992e-05 1.51733e-05 0 3.793325e-06
0.01042406 0.001103857 0.004203004 0.003239499 0.0003982991 0.0211933 0.03718217 0.02040809 0.001194897 0.04529609 0.06187671 0.03865018 0.01735067 0.03519826 0.0004703722 0.01884903 0.01785518 0.01828382 0.04918804 0.009301232 0.1719173 0.003182599 0.1064445 0.01868971 0.0006865917 0.07490299 0.1279526 0.06502896 0.0868292 0.08749682 0.00431301 0.02707675 0.01321974 0.03479237 5.689987e-05 0.01262039 0.01680443 0.0700096 0.01064786 0.01132307 0.0001327664 0.00577344 0.000421059 7.586649e-06 8.345314e-05 0.000140353 4.172657e-05 0 0 0.001145584 1.137997e-05 0.0002731194 0.0001024198 5.689987e-05 3.03466e-05 9.483311e-05 7.586649e-06 3.793325e-06 0.0003300192 0.0003300192 9.862644e-05 7.965981e-05 4.551989e-05 0.0003110526 0.0001441463 0.0001858729 0.003592278 4.931322e-05 0.0004665789 0.00290948 0.004263697 4.551989e-05 0.0004400256 2.275995e-05 3.793325e-06 1.137997e-05 0.0003338126 0 0.0004362323 4.931322e-05 0.0004172657 0.0003527792 0.0001137997 6.827984e-05 3.413992e-05 3.413992e-05
0 0 1.896662e-05 1.51733e-05 0 1.896662e-05 8.724646e-05 7.586649e-06 3.793325e-06 6.069319e-05 1.137997e-05 3.793325e-06 0.0007928048 0 0 0.0003110526 7.586649e-06 3.793325e-06 1.137997e-05 0 0.001100064 3.793325e-05 0.002363241 0.0002541527 0 0.0001327664 0.0004058857 0.0006296919 0 0.0002503594 7.586649e-06 0 0 5.689987e-05 0.7547805 0.1069793 0.004741656 0.003216739 0.00878534 7.586649e-06 4.551989e-05 0.0006258985 0.001035578 0 0 1.51733e-05 0 0 0 1.51733e-05 0 0 0 0 0 7.586649e-06 0 0 1.137997e-05 0 3.793325e-06 1.51733e-05 0 1.137997e-05 3.793325e-06 0 7.586649e-05 0 8.345314e-05 4.931322e-05 5.689987e-05 0 3.793325e-06 0 0 3.793325e-06 1.137997e-05 0.2405461 0.003061213 0.000280706 0.0003224326 0.001119031 3.793325e-06 0 4.931322e-05 1.137997e-05
0.0003907124 0.01524158 0.0130718 0.001479397 0.0001441463 0.002055982 0.01813968 0.004529229 0.0009900577 0.005064088 0.002951206 0.0003679525 0.008565327 0.008045641 9.862644e-05 0.08988662 0.01870488 0.003395025 0.009703324 0.0004589923 0.3581278 0.01122824 0.707034 0.0363666 0.002067362 0.08684058 0.3835582 0.09920682 0.004062651 0.07406845 0.0004476123 0.004684756 0.0001062131 0.01262039 0.1069793 0.07100724 0.4971835 0.1450416 0.05012878 0.05988521 0.03532723 0.03195497 0.008330141 1.896662e-05 0.0001365597 0.0002958793 1.51733e-05 0 1.137997e-05 0.001741136 3.793325e-06 0.0003451925 7.207317e-05 2.655327e-05 1.51733e-05 6.448652e-05 2.275995e-05 0 0.003239499 0.0007396983 0.0001100064 0.0001934595 7.586649e-06 0.00157423 0.0007283183 0.0005424454 0.006463825 8.724646e-05 0.001130411 0.005610327 0.007286976 0.0001024198 0.001350424 1.51733e-05 1.896662e-05 1.137997e-05 0.0001137997 0.001957355 0.002317721 0.0001593196 0.0005045122 0.0001213864 0.0002200128 0.0001024198 3.793325e-06 9.483311e-05
0.0004589923 0.01438429 0.07909082 9.103979e-05 0 0.0006183119 0.00870568 0.002962586 0.0001896662 0.0008041848 0.0975112 0.0002351861 0.120366 0.004935115 1.137997e-05 0.02208094 0.1901214 0.05658123 0.1427352 9.103979e-05 0.08027813 0.002348068 0.2159843 0.003231912 0.004726482 0.3919794 0.241942 0.01001817 0.00134663 0.008045641 0.03151494 0.000151733 4.931322e-05 0.01680443 0.004741656 0.4971835 0.08081678 0.188111 0.1290489 0.006626938 0.004388876 0.002477041 0.003436752 0 9.862644e-05 3.413992e-05 0 0 0 5.689987e-05 3.793325e-06 3.793325e-05 3.793325e-06 0.002734987 0 0.01056062 0 0 0.00159699 0.0002162195 0.0007055584 0.0004248523 0 0.0007928048 0.0005234788 0.0002086328 0.0004969255 0.001187311 0.00154009 0.004768209 0.0004855455 1.137997e-05 0.0001137997 0.0006903851 0 0 0.0002882927 7.965981e-05 0.0007928048 0.002291168 0.000409679 4.551989e-05 3.793325e-06 0 0.001285937 3.793325e-06
0.001020404 0.00988161 0.0122183 0.009437791 0.0001744929 0.02502077 0.07456159 0.01674373 0.002537734 0.1105071 0.1186248 0.07060894 0.0459144 0.01434635 0.0002503594 0.03509963 0.02059017 0.07269148 0.09622147 0.02366276 0.2801636 0.006717978 0.4269007 0.04610027 0.00308018 0.3410957 0.5494972 0.1353572 0.02400036 0.08956039 0.01665269 0.009092599 0.007624582 0.0700096 0.003216739 0.1450416 0.188111 0.1035616 0.01404289 0.02105674 0.003030866 0.006038973 0.002708434 3.413992e-05 0.0003413992 0.0004476123 9.862644e-05 0 3.413992e-05 0.004377496 8.345314e-05 0.0008724646 0.0004855455 0.0002389794 0.0001782863 0.0006069319 7.586649e-05 0 0.0008231514 0.001915629 0.0005538254 0.0006448652 7.965981e-05 0.0004817522 0.0002200128 0.0003148459 0.01277592 0.0004362323 0.003425372 0.0134701 0.01387977 0.0001479397 0.001194897 7.965981e-05 1.896662e-05 4.551989e-05 0.003702285 3.793325e-05 0.001308697 0.0004400256 0.002439108 0.003383645 0.0003945057 0.0002124262 0.0003717458 0.0001555263
8.345314e-05 0.0001669063 0.001229037 0.001005231 0 0.0008231514 0.008026675 0.0003338126 0.0004362323 0.005238581 0.01782863 0.0002996726 0.005348588 0.0005955519 0 0.00726801 0.005454801 0.01393288 0.01472948 0.0006865917 0.04229177 0.001183517 0.07350325 0.008758786 0.0002541527 0.07016512 0.05161577 0.02340481 0.0005120988 0.01264694 0.003482272 6.827984e-05 7.965981e-05 0.01064786 0.00878534 0.05012878 0.1290489 0.01404289 0.0005993453 0.001012818 6.448652e-05 0.001559056 0.0005348588 7.586649e-06 4.172657e-05 4.172657e-05 7.586649e-06 0 3.793325e-06 0.0006486585 5.689987e-05 0.0001479397 3.03466e-05 5.689987e-05 0 0.0001024198 7.586649e-06 0 0.0002275995 0.0001593196 9.483311e-05 0.0001137997 1.51733e-05 0.0001706996 7.207317e-05 7.207317e-05 0.002124262 3.413992e-05 0.0004134724 0.001422497 0.002454281 4.172657e-05 0.0001858729 3.413992e-05 0 3.793325e-06 0.004650616 9.483311e-05 0.0004362323 0.0001896662 0.002112882 0.006763498 6.069319e-05 0.0002086328 7.586649e-05 0.000163113
4.172657e-05 0.0001555263 0.0001972529 0.001763896 0.009604698 0.03916987 0.003926091 0.02009703 0.0136939 0.009597111 0.002458074 0.04547058 0.0004703722 0.01750999 0.01768069 0.0005462387 0.0001934595 0.0007624582 0.002799473 0.01075407 0.003182599 0.0006865917 0.007643549 0.004502676 9.483311e-05 0.004965462 0.004074031 0.004423016 0.0144905 0.0006790051 6.448652e-05 0.02799473 1.137997e-05 0.01132307 7.586649e-06 0.05988521 0.006626938 0.02105674 0.001012818 0.01332974 0.002992933 0.000432439 0.0002275995 0 0 0 0.0001137997 0 3.793325e-06 0.0004020924 3.793325e-06 0.0002389794 0.000421059 3.793325e-06 0.0002579461 0 3.793325e-06 0 1.896662e-05 0 7.586649e-06 7.586649e-06 0.0001555263 1.896662e-05 7.586649e-06 7.586649e-06 0.001100064 0 2.275995e-05 8.345314e-05 0.00151733 7.586649e-06 4.172657e-05 0 0 0 3.793325e-05 0 0.0001213864 7.586649e-06 6.069319e-05 3.793325e-06 0.000128973 3.793325e-06 0 3.793325e-06
2.655327e-05 3.793325e-06 9.103979e-05 0.000572792 5.310654e-05 0.004919942 0.003114319 0.002188748 0.0002275995 0.006016213 0.00135801 0.005124781 0.0004362323 0.00148319 0.0006448652 6.827984e-05 7.586649e-06 0.0002465661 0.0002048395 0.001213864 0.0001441463 5.310654e-05 0.0002200128 0.001680443 3.793325e-05 0.001092477 0.0001669063 0.004730276 0.003956437 0.0001706996 0.0001782863 0.01433877 1.896662e-05 0.0001327664 4.551989e-05 0.03532723 0.004388876 0.003030866 6.448652e-05 0.002992933 1.137997e-05 0.00124421 0.0002351861 7.586649e-06 0 7.586649e-06 7.586649e-06 0 0 0.0002351861 3.793325e-06 5.689987e-05 4.172657e-05 0 1.896662e-05 0 0 0 1.51733e-05 3.793325e-06 0 0 1.137997e-05 1.51733e-05 7.586649e-06 3.793325e-06 0.0007093517 3.793325e-06 3.793325e-06 3.793325e-06 0.0007283183 3.793325e-06 3.413992e-05 0 0 3.793325e-06 0.000151733 0 0.0001479397 0 7.965981e-05 0.0001365597 3.793325e-05 7.586649e-06 7.586649e-06 3.793325e-06
0 0.0008876379 7.586649e-06 1.137997e-05 0 0 5.689987e-05 3.793325e-06 5.310654e-05 4.931322e-05 0.01320077 1.51733e-05 0.03005072 3.793325e-06 0 1.896662e-05 1.137997e-05 9.103979e-05 0.0002844993 1.51733e-05 0.0001024198 0.0003262259 0.0001858729 7.586649e-05 0.009559178 0.001137997 0.002423934 0.0001024198 7.586649e-06 1.137997e-05 0.001456637 3.793325e-06 3.793325e-06 0.00577344 0.0006258985 0.03195497 0.002477041 0.006038973 0.001559056 0.000432439 0.00124421 7.965981e-05 0.0002238061 0 1.51733e-05 0 0 0 0 0 0 3.793325e-06 3.793325e-06 0.0004665789 0 0.00128973 0 0 0 0 4.172657e-05 1.137997e-05 0 3.793325e-06 1.137997e-05 0 1.137997e-05 0.0002579461 0.0001593196 0.0003755391 1.51733e-05 0 0 0.0001137997 0 0 8.724646e-05 1.51733e-05 0.0007738382 0.0003793325 0.0001327664 1.896662e-05 3.793325e-06 3.793325e-06 0.0002162195 0
0 1.137997e-05 6.069319e-05 5.689987e-05 7.586649e-06 8.345314e-05 0.0003641592 8.724646e-05 1.896662e-05 0.0003072593 6.069319e-05 3.793325e-05 6.448652e-05 0.0001251797 0 0.0005576187 0.0001137997 6.069319e-05 9.103979e-05 1.137997e-05 0.001615956 6.448652e-05 0.002010462 0.0005272721 2.655327e-05 0.0005765853 0.001395943 0.001445257 6.448652e-05 0.0006941784 3.793325e-06 0.0001555263 3.793325e-06 0.000421059 0.001035578 0.008330141 0.003436752 0.002708434 0.0005348588 0.0002275995 0.0002351861 0.0002238061 4.172657e-05 0 0 0 7.586649e-06 0 0 5.689987e-05 0 7.586649e-06 3.793325e-06 0 0 0 0 0 2.655327e-05 1.137997e-05 0 0 0 1.51733e-05 0 0 0.0001479397 0 1.137997e-05 3.793325e-05 0.0001365597 0 1.51733e-05 0 0 0 1.51733e-05 3.03466e-05 0.0001251797 0 4.172657e-05 2.275995e-05 7.586649e-06 3.793325e-06 3.793325e-06 3.793325e-06
