0.009962607 3.338675e-06 0.01027644 5.675748e-05 3.338675e-06 7.345085e-05 0.05622329 0.001706063 9.682158e-05 0.0008780716 0.0001201923 5.34188e-05 6.009615e-05 0.04756277 0 6.67735e-06 0.009735577 5.008013e-05 0.000514156 4.00641e-05 0.01340812 2.67094e-05 0.03338007 0.0009014423 0 0.0007111378 0.000534188 0.002564103 0.02183827 0.04818376 6.67735e-06 6.343483e-05 0.0002871261 0.002133413 0 0.0005809295 5.675748e-05 0.000771234 9.014423e-05 1.33547e-05 3.672543e-05 1.001603e-05 3.338675e-06 3.338675e-06 3.338675e-06 3.338675e-05 3.338675e-06 0 1.669338e-05 8.012821e-05 2.337073e-05 4.00641e-05 3.338675e-06 3.338675e-06 3.338675e-06 0 2.67094e-05 0 2.003205e-05 1.001603e-05 0 1.001603e-05 3.338675e-06 4.674145e-05 1.33547e-05 1.669338e-05 0.0001869658 0 4.340278e-05 6.67735e-05 0.0003405449 4.340278e-05 2.67094e-05 0 0 1.669338e-05 2.67094e-05 0 0.000123531 1.001603e-05 4.340278e-05 1.33547e-05 2.003205e-05 6.67735e-06 0 0
3.338675e-06 0.0009849092 0.0001201923 0 0.0001034989 3.338675e-05 4.674145e-05 3.338675e-05 0.03317642 1.001603e-05 9.348291e-05 3.672543e-05 0.03020499 0.0001302083 0.000534188 0.001676015 0.001028312 6.67735e-05 0.0009081197 3.338675e-06 2.003205e-05 0.04312567 3.004808e-05 0.03544004 0.02354434 0.01147837 0.1265391 0.0004173344 0.0001602564 1.001603e-05 0.0004073184 1.669338e-05 3.338675e-06 0.001963141 2.003205e-05 0.001469017 0.0008446848 0.006436966 0.0005876068 0.001101763 0 0.0007578793 6.67735e-06 3.338675e-06 0.001018296 0.009495192 3.338675e-06 0 0 5.008013e-05 0 3.338675e-05 6.67735e-06 4.340278e-05 0 0.0003171741 1.669338e-05 0 0.0001736111 0.0006543803 8.680556e-05 0.0004907853 3.338675e-06 6.67735e-05 6.343483e-05 0.0002036592 0.0001268697 0.0005275107 0.007892628 0.03036859 0.0001402244 1.33547e-05 2.337073e-05 0.0001034989 0 0 0.0002737714 3.338675e-06 0.000380609 0.0003038194 0.0003538996 9.682158e-05 0 0 7.011218e-05 0
0.01027644 0.0001201923 0.02453926 7.345085e-05 3.004808e-05 0.004894498 0.04972957 0.07086004 0.0001635951 0.000904781 0.0003472222 0.0001836271 0.00027711 0.1039897 0 0.00206664 0.2060029 0.0002737714 0.004250134 5.34188e-05 0.04012754 0.0003438835 0.17086 0.01019631 0 0.1297142 0.2703192 0.02184829 0.009251469 0.01094418 2.67094e-05 0.000524172 0.000247062 0.01797209 0.0003772703 0.08240518 0.04076522 0.06502738 0.01219618 0.0008580395 0.000257078 0.0001001603 0.0001936432 2.67094e-05 0.0007979434 0.03849493 0 0 3.338675e-06 0.0005375267 8.346688e-05 6.67735e-05 1.33547e-05 2.003205e-05 3.338675e-06 1.33547e-05 0.0001502404 0 0.00163929 0.003094952 5.34188e-05 0.0002938034 0 0.001125134 0.0004306891 0.006774172 0.0008279915 3.338675e-05 0.002096688 0.05951522 0.001105101 9.348291e-05 0.0003372062 6.67735e-06 0 4.00641e-05 0.001105101 5.675748e-05 0.002610844 0.0002871261 0.00118523 0.0005308494 7.678953e-05 3.338675e-06 3.338675e-06 1.001603e-05
5.675748e-05 0 7.345085e-05 0.02894631 0.0009014423 0.009859108 0.002707666 0.0027711 0.02892294 0.02679287 0.000247062 0.1486979 0.0001969818 0.001342147 0.005084802 3.338675e-06 2.003205e-05 6.343483e-05 5.008013e-05 0.0492054 6.009615e-05 6.67735e-06 2.337073e-05 0.02541733 0 7.678953e-05 8.012821e-05 0.08475561 0.00657719 0.0001402244 3.338675e-06 9.014423e-05 0.000637687 0.002253606 2.337073e-05 0.006143162 5.34188e-05 0.005825988 0.0009648771 0.01420272 0.0001969818 6.343483e-05 0.0001034989 1.33547e-05 2.337073e-05 6.67735e-06 0.006006277 6.67735e-06 0.0006911058 0.004063168 0.000400641 0.009034455 0.01076389 2.67094e-05 0.002457265 0 0.0001402244 0.0001034989 1.669338e-05 0 1.001603e-05 6.67735e-06 0.002861245 2.67094e-05 7.345085e-05 1.33547e-05 0.01180889 6.67735e-06 1.669338e-05 4.340278e-05 0.01607238 0.000133547 3.338675e-06 0 2.003205e-05 6.67735e-06 0.000113515 0 0.0001535791 1.669338e-05 0.0002437233 4.340278e-05 0.0004974626 1.33547e-05 3.338675e-06 0
3.338675e-06 0.0001034989 3.004808e-05 0.0009014423 4.340278e-05 0.004877804 0.0004240118 0.002460604 0.009007746 0.0005942842 4.00641e-05 0.005351896 5.34188e-05 0.0001903045 0.02049279 0 1.669338e-05 6.67735e-06 6.67735e-06 0.0008580395 6.67735e-06 0.0004173344 2.337073e-05 0.003171741 3.004808e-05 7.011218e-05 0.0002737714 0.0009915865 3.672543e-05 1.669338e-05 3.338675e-06 0.002250267 0 6.009615e-05 0 7.678953e-05 3.338675e-06 0.0001635951 4.00641e-05 0.0228933 5.34188e-05 3.338675e-06 0 0 0 0 6.67735e-06 0 0 0 6.67735e-06 1.001603e-05 1.669338e-05 0 0 0 0 0 0 0 0 0 6.67735e-06 0 0 0 1.33547e-05 0 6.67735e-06 0 3.672543e-05 0 0 0 0 0 0 0 0 0 6.67735e-06 0 6.67735e-06 0 0 0
7.345085e-05 3.338675e-05 0.004894498 0.009859108 0.004877804 0.2037593 0.147526 0.07805489 0.002447249 0.2428152 0.002650908 0.1609876 0.00423344 0.02670606 0.02444912 2.003205e-05 0.0007578793 0.0007779113 0.0005475427 0.0161258 0.003675881 5.34188e-05 0.002514022 0.003468884 1.001603e-05 0.00123531 0.0004607372 0.07416199 0.01343483 0.0007178152 6.009615e-05 0.0081664 0.0002504006 0.006820913 1.001603e-05 0.01348157 0.0005508814 0.0213308 0.007365118 0.03910256 0.006643964 0.0006710737 0.0001903045 3.338675e-06 0 2.003205e-05 0.00050414 0 7.345085e-05 0.000524172 7.345085e-05 0.0003405449 0.0008079594 1.001603e-05 0.0002637553 0 4.340278e-05 2.337073e-05 2.337073e-05 0 0 1.001603e-05 0.0002303686 3.672543e-05 2.67094e-05 7.011218e-05 0.001151843 0 3.004808e-05 0.000113515 0.001605903 6.009615e-05 2.67094e-05 0 3.338675e-06 1.33547e-05 4.00641e-05 0 0.0001502404 6.67735e-06 9.682158e-05 6.67735e-05 0.0002170139 0 0 0
0.05622329 4.674145e-05 0.04972957 0.002707666 0.0004240118 0.147526 0.07624866 0.1252537 0.02792802 0.1200154 0.003138355 0.003819444 0.001565839 0.1741753 0.002006544 0.001549145 0.001766159 0.001198584 0.0009682158 0.0004440438 0.1089643 0.0003171741 0.05167935 0.0457098 3.338675e-06 0.004677484 0.02181824 0.5228098 0.2128506 0.1480502 9.348291e-05 0.001205262 0.02051616 0.04959602 0.0003071581 0.09646434 0.002103365 0.09194712 0.01403913 0.006433627 0.001265358 0.000637687 0.001195246 0.0001502404 0.0001302083 0.0004640759 0.002517361 3.338675e-06 0.002223558 0.03422142 0.006179888 0.0117054 0.008840812 0.001125134 0.001081731 1.33547e-05 0.00352898 3.672543e-05 0.001822917 8.012821e-05 0.0002236912 0.0001736111 0.001933093 0.001862981 0.001085069 0.001792869 0.0471254 0.0001001603 0.0006977831 0.003482238 0.07487981 0.003325321 0.001625935 2.337073e-05 0.0006643964 0.0003338675 0.002714343 2.337073e-05 0.006330128 0.0003405449 0.008914263 0.001539129 0.004226763 0.000534188 6.343483e-05 4.674145e-05
0.001706063 3.338675e-05 0.07086004 0.0027711 0.002460604 0.07805489 0.1252537 0.1999399 0.0008279915 0.1228132 0.005979567 0.05092481 0.0097289 0.1372963 0.005351896 9.014423e-05 0.01723758 0.001629274 0.001929754 0.008169738 0.04035791 2.003205e-05 0.04621728 0.004109909 1.001603e-05 0.008066239 0.002704327 0.01995526 0.01055355 0.00932492 0.0001602564 0.01946782 0.0003672543 0.01277711 3.672543e-05 0.02024573 0.001238649 0.03848491 0.01383213 0.02677951 0.01875 0.00143563 0.0003739316 6.67735e-06 6.67735e-06 0.000133547 0.0001469017 0 9.682158e-05 0.001505743 0.0002704327 0.0004173344 0.0003505609 5.675748e-05 7.011218e-05 0 0.0001802885 3.338675e-06 0.0001569177 1.669338e-05 3.004808e-05 1.669338e-05 9.014423e-05 9.014423e-05 5.008013e-05 0.0001669338 0.001842949 0 0.000143563 0.0004841079 0.003265224 0.0001569177 8.346688e-05 0 3.672543e-05 1.33547e-05 0.0001402244 0 0.0003338675 2.337073e-05 0.0003705929 0.0001535791 0.0002136752 3.672543e-05 0 0
9.682158e-05 0.03317642 0.0001635951 0.02892294 0.009007746 0.002447249 0.02792802 0.0008279915 0.004193376 0.01558827 0.0002203526 0.01703392 0.005285123 0.0006310096 0.01976496 0.001111779 0.0002003205 0.0001001603 0.0002804487 0.01747129 0.0007645566 0.07488315 0.0006310096 0.1632011 0.007805823 0.00718149 0.05713809 0.08261552 0.002854567 0.006416934 8.346688e-05 9.014423e-05 0.0002136752 0.001115118 1.001603e-05 0.002794471 0.0003538996 0.002453926 0.000400641 0.01343817 0.0003572382 9.014423e-05 3.672543e-05 0.0001001603 6.67735e-05 0.0001669338 0.001248665 0 0.0001068376 0.002163462 0.00027711 0.0007745726 0.001736111 7.345085e-05 0.0004440438 4.00641e-05 0.0002303686 2.337073e-05 0.007301683 3.004808e-05 5.34188e-05 7.011218e-05 0.000534188 0.003221822 0.0002704327 0.000514156 0.01454327 7.345085e-05 0.0005575588 0.0009882479 0.01451322 0.0008313301 0.0008547009 3.338675e-05 2.337073e-05 0.0002236912 0.0003939637 1.001603e-05 0.001555823 0.0001168536 0.001071715 0.0002069979 0.00027711 4.674145e-05 1.33547e-05 2.003205e-05
0.0008780716 1.001603e-05 0.000904781 0.02679287 0.0005942842 0.2428152 0.1200154 0.1228132 0.01558827 0.3242488 0.006460337 0.08167735 0.003051549 0.06117121 0.002186832 4.00641e-05 0.0002637553 0.002370459 0.001759482 0.01798878 0.0008647169 1.001603e-05 0.0008146368 0.01556157 6.67735e-06 0.002530716 0.0007144765 0.1136285 0.1498264 0.0008446848 0.0001201923 0.001859642 0.00224359 0.03458534 8.346688e-05 0.04376335 0.001438969 0.0858774 0.01142829 0.01468683 0.002333734 0.001211939 0.0007512019 1.001603e-05 3.338675e-05 1.669338e-05 0.01087073 6.67735e-06 0.001609241 0.01309762 0.001388889 0.009291533 0.02480636 0.0001101763 0.003455529 1.669338e-05 0.0006076389 0.0001836271 9.682158e-05 6.67735e-06 2.67094e-05 2.003205e-05 0.005986245 0.0001001603 0.0001101763 3.004808e-05 0.02813835 6.67735e-05 0.0001068376 0.0002069979 0.04030449 0.0005575588 4.674145e-05 0 4.674145e-05 2.337073e-05 0.0003472222 1.33547e-05 0.0008513622 4.00641e-05 0.0009715545 0.0002370459 0.00138555 4.674145e-05 1.33547e-05 1.001603e-05
0.0001201923 9.348291e-05 0.0003472222 0.000247062 4.00641e-05 0.002650908 0.003138355 0.005979567 0.0002203526 0.006460337 0.06038996 0.004273504 0.05039063 0.0270633 0.0001368857 4.340278e-05 0.001298745 0.02236245 0.007625534 0.0008647169 0.0003205128 3.338675e-05 0.0003138355 0.0006109776 0.00357906 0.05777577 0.01059362 0.001088408 0.0225394 0.0002170139 0.007331731 0.007622196 2.337073e-05 0.08479901 2.337073e-05 0.007789129 0.1205329 0.1290565 0.0380008 0.001014957 0.0003772703 0.02764423 4.674145e-05 3.338675e-06 9.014423e-05 2.67094e-05 3.004808e-05 0 1.001603e-05 0.0002904647 2.337073e-05 6.67735e-05 5.34188e-05 0.003181757 6.67735e-06 0.007972756 2.67094e-05 0 3.672543e-05 6.67735e-06 0.0006109776 0.0001001603 3.338675e-06 2.337073e-05 6.67735e-05 1.001603e-05 0.0004407051 0.0007946047 0.002644231 0.002156784 0.0007077991 6.67735e-05 7.345085e-05 0.002534054 3.338675e-06 1.001603e-05 0.0001569177 0 0.0007178152 0.01670005 0.0002069979 7.345085e-05 5.675748e-05 6.67735e-06 0.005799279 0
5.34188e-05 3.672543e-05 0.0001836271 0.1486979 0.005351896 0.1609876 0.003819444 0.05092481 0.01703392 0.08167735 0.004273504 0.1294304 0.00335203 0.01959802 0.01942441 0 9.682158e-05 0.00141226 0.00105836 0.07753739 8.012821e-05 4.674145e-05 0.000143563 0.003001469 1.001603e-05 0.001716079 0.0003973024 0.03121327 0.02873932 7.011218e-05 8.346688e-05 0.001786191 9.014423e-05 0.01278379 1.33547e-05 0.01002604 0.0008580395 0.03417134 0.006146501 0.04933894 0.003051549 0.0008880876 0.0001302083 0 1.33547e-05 1.001603e-05 0.002881277 0 0.0001101763 0.0006844284 0.0001201923 0.002968082 0.003238515 0 0.001302083 0 4.00641e-05 8.012821e-05 6.67735e-06 0 0 3.338675e-06 0.0009181357 1.001603e-05 1.001603e-05 6.67735e-06 0.00267094 3.338675e-06 2.337073e-05 4.00641e-05 0.003632479 3.672543e-05 1.001603e-05 0 6.67735e-06 3.338675e-06 1.33547e-05 0 0.000133547 3.338675e-06 8.012821e-05 3.004808e-05 0.0003004808 3.338675e-06 0 3.338675e-06
6.009615e-05 0.03020499 0.00027711 0.0001969818 5.34188e-05 0.00423344 0.001565839 0.0097289 0.005285123 0.003051549 0.05039063 0.00335203 0.03070913 0.01477698 0.0001969818 6.009615e-05 0.0001969818 0.0009648771 0.0002504006 0.0005475427 0.0004807692 0.01118122 0.0003939637 0.004373665 0.08115652 0.00609976 0.04069511 0.0006911058 0.003826122 0.000133547 0.003649172 0.004867788 1.33547e-05 0.006360176 0.0009214744 0.01210604 0.1021534 0.02563435 0.006406918 0.002196848 0.0005608974 0.03324653 5.34188e-05 3.338675e-06 0.0008880876 0.0003138355 1.33547e-05 0 2.337073e-05 0.0001802885 5.675748e-05 9.682158e-05 5.008013e-05 0.01252337 1.001603e-05 0.04312567 4.674145e-05 3.338675e-06 6.009615e-05 1.669338e-05 0.004093216 0.001125134 0 3.338675e-05 0.0002270299 2.003205e-05 0.0004473825 0.006567174 0.02916667 0.02119057 0.0003705929 3.672543e-05 4.340278e-05 0.01934762 2.67094e-05 1.001603e-05 0.0004674145 0.0004173344 0.003191774 0.04860443 0.0008613782 0.0008613782 7.678953e-05 0.0001068376 0.01489049 1.001603e-05
0.04756277 0.0001302083 0.1039897 0.001342147 0.0001903045 0.02670606 0.1741753 0.1372963 0.0006310096 0.06117121 0.0270633 0.01959802 0.01477698 0.1703793 0.0005108173 9.682158e-05 0.04205729 0.008233173 0.009314904 0.004013088 0.08196448 5.34188e-05 0.1290331 0.005381944 2.337073e-05 0.01618256 0.005154915 0.02841546 0.06845954 0.07412527 0.0005074786 0.007345085 0.0003171741 0.06109442 2.67094e-05 0.02075654 0.003705929 0.07950053 0.01575187 0.0218316 0.01545807 0.003425481 0.0002804487 6.67735e-06 2.337073e-05 0.0001969818 6.343483e-05 0 4.674145e-05 0.0008713942 0.0001669338 0.0003205128 0.0001669338 2.003205e-05 2.003205e-05 1.001603e-05 0.000113515 0 0.0001669338 4.674145e-05 1.33547e-05 6.343483e-05 3.004808e-05 0.0001268697 0.0001068376 0.0001769498 0.001275374 1.33547e-05 0.0003004808 0.0006343483 0.002263622 0.000143563 0.0001569177 0 1.669338e-05 3.004808e-05 0.0001368857 3.338675e-06 0.0003238515 4.00641e-05 0.0002837874 0.0001368857 0.0001302083 2.67094e-05 0 6.67735e-06
0 0.000534188 0 0.005084802 0.02049279 0.02444912 0.002006544 0.005351896 0.01976496 0.002186832 0.0001368857 0.01942441 0.0001969818 0.0005108173 0.007698985 3.338675e-06 3.338675e-06 5.34188e-05 2.003205e-05 0.005338542 3.338675e-06 0.001742788 3.338675e-06 0.01685363 0.000133547 0.0001936432 0.00123531 0.004967949 0.000247062 3.338675e-06 3.338675e-06 0.003408787 6.67735e-06 0.0002704327 0 0.0006944444 2.003205e-05 0.000771234 0.0001903045 0.01586538 0.001475694 3.338675e-05 0 0 0 0 0.000133547 0 1.001603e-05 3.672543e-05 6.67735e-06 9.348291e-05 0.0002804487 6.67735e-06 9.348291e-05 0 1.001603e-05 1.001603e-05 0 0 0 3.338675e-06 6.67735e-05 3.338675e-06 0 0 0.0001502404 3.338675e-06 1.33547e-05 6.67735e-06 0.0001903045 3.338675e-06 0 0 0 0 3.338675e-06 0 1.33547e-05 0 1.001603e-05 3.338675e-06 6.343483e-05 0 0 0
6.67735e-06 0.001676015 0.00206664 3.338675e-06 0 2.003205e-05 0.001549145 9.014423e-05 0.001111779 4.00641e-05 4.340278e-05 0 6.009615e-05 9.682158e-05 3.338675e-06 0.03403779 0.001959802 1.33547e-05 0.0003004808 6.67735e-06 0.03157051 0.0344351 0.06717748 0.02319044 0.0001602564 0.002423878 0.1518396 0.01335136 0.0002737714 0.006744124 0 3.338675e-06 0.0001969818 0.009755609 0.0002537393 0.06587874 0.01077724 0.02316373 0.005018029 0.000904781 6.67735e-06 6.009615e-05 0.0002737714 0.0001469017 0.0002036592 0.003241854 0 0 3.338675e-05 0.001168536 5.34188e-05 0.0001802885 4.00641e-05 2.67094e-05 0 1.669338e-05 9.348291e-05 1.001603e-05 0.1243356 0.000247062 3.004808e-05 0.0001836271 0 0.0340812 0.02709335 0.06727431 0.009865785 2.337073e-05 0.0008046207 0.03182091 0.01252671 0.001121795 0.005869391 1.33547e-05 0 0.0004807692 0.001756143 7.678953e-05 0.01029981 0.0007478632 0.004046474 0.001105101 0.0001869658 0 6.67735e-06 8.346688e-05
0.009735577 0.001028312 0.2060029 2.003205e-05 1.669338e-05 0.0007578793 0.001766159 0.01723758 0.0002003205 0.0002637553 0.001298745 9.682158e-05 0.0001969818 0.04205729 3.338675e-06 0.001959802 0.005281784 0.000247062 0.02813168 1.669338e-05 0.002707666 0.0003939637 0.01944111 0.001555823 2.67094e-05 0.04088542 0.2873364 0.002884615 0.04355636 0.007021234 2.003205e-05 0.0003538996 0.001101763 0.01678686 4.00641e-05 0.01073384 0.01522102 0.01232973 0.001682692 0.0003338675 0.000257078 7.678953e-05 6.343483e-05 6.67735e-06 0.0004039797 0.01517762 0 0 3.338675e-06 0.0001068376 2.003205e-05 3.338675e-06 1.33547e-05 2.337073e-05 0 5.34188e-05 4.674145e-05 0 0.0002337073 0.00249399 0.0001068376 0.001395566 0 0.0001836271 5.675748e-05 0.0005608974 0.0001936432 0.000133547 0.008376736 0.0203125 0.0002136752 3.338675e-05 5.008013e-05 3.672543e-05 0 1.669338e-05 0.0007478632 6.67735e-06 0.0009281517 0.0001635951 0.0007645566 0.0001936432 2.337073e-05 3.338675e-06 3.338675e-06 0
5.008013e-05 6.67735e-05 0.0002737714 6.343483e-05 6.67735e-06 0.0007779113 0.001198584 0.001629274 0.0001001603 0.002370459 0.02236245 0.00141226 0.0009648771 0.008233173 5.34188e-05 1.33547e-05 0.000247062 0.003802751 0.001155182 0.0003472222 8.012821e-05 4.340278e-05 0.0001736111 0.0002069979 0.0001969818 0.05425347 0.01604901 0.0004139957 0.007154781 7.011218e-05 0.001542468 0.001645967 6.67735e-06 0.03228833 6.343483e-05 0.01340812 0.06373197 0.09885817 0.02589476 0.0003572382 5.008013e-05 8.012821e-05 9.682158e-05 6.67735e-06 1.669338e-05 4.674145e-05 3.338675e-06 0 3.338675e-06 0.0001268697 1.33547e-05 3.004808e-05 1.001603e-05 0.0004073184 0 0.001061699 3.338675e-06 0 1.33547e-05 1.33547e-05 0.0006343483 0.000400641 0 1.33547e-05 0 3.338675e-06 0.0001869658 0.0001769498 0.004550614 0.002133413 0.0002303686 6.67735e-06 3.004808e-05 0.001148504 0 6.67735e-06 2.337073e-05 1.001603e-05 0.0002804487 0.001355502 5.34188e-05 1.33547e-05 3.338675e-06 0 2.67094e-05 0
0.000514156 0.0009081197 0.004250134 5.008013e-05 6.67735e-06 0.0005475427 0.0009682158 0.001929754 0.0002804487 0.001759482 0.007625534 0.00105836 0.0002504006 0.009314904 2.003205e-05 0.0003004808 0.02813168 0.001155182 0.03087607 0.0002270299 0.0009481838 0.0003772703 0.001014957 0.0005108173 0.0002036592 0.07497329 0.04947249 0.0004707532 0.01173544 0.0004573985 0.0001368857 0.001098424 0.0001034989 0.1232305 0.0002036592 0.05318843 0.1288194 0.1280282 0.01724426 0.0002904647 3.338675e-05 0.0001936432 0.0004106571 3.004808e-05 0.0005675748 0.003088275 6.67735e-06 0 1.001603e-05 0.0002003205 2.337073e-05 2.67094e-05 1.669338e-05 0.0001201923 6.67735e-06 0.0005809295 6.009615e-05 0 0.0001001603 0.000914797 0.001031651 0.006089744 0 5.34188e-05 5.34188e-05 6.343483e-05 0.0001969818 0.0006744124 0.02167468 0.01947783 0.0002036592 5.34188e-05 0.0002270299 0.0003672543 3.338675e-06 1.001603e-05 0.000667735 1.33547e-05 0.0007645566 0.0003472222 0.0006844284 0.0001068376 1.669338e-05 0 1.669338e-05 0
4.00641e-05 3.338675e-06 5.34188e-05 0.0492054 0.0008580395 0.0161258 0.0004440438 0.008169738 0.01747129 0.01798878 0.0008647169 0.07753739 0.0005475427 0.004013088 0.005338542 6.67735e-06 1.669338e-05 0.0003472222 0.0002270299 0.005889423 2.003205e-05 0 4.00641e-05 0.005021368 0 0.0003372062 6.009615e-05 0.02050614 0.009328259 4.674145e-05 3.338675e-05 0.0002504006 0.0001635951 0.003014824 6.67735e-06 0.003799412 0.0002136752 0.008199786 0.001382212 0.01681691 0.0004507212 0.0001969818 5.675748e-05 1.001603e-05 6.67735e-06 6.67735e-06 0.003231838 0 0.0002837874 0.001812901 0.0002036592 0.003422142 0.005799279 2.67094e-05 0.00115852 3.338675e-06 7.345085e-05 4.674145e-05 1.001603e-05 0 1.001603e-05 3.338675e-06 0.001535791 1.001603e-05 1.669338e-05 3.338675e-06 0.005478766 1.33547e-05 1.669338e-05 4.00641e-05 0.00771234 0.0001168536 3.338675e-06 0 1.669338e-05 3.338675e-06 6.009615e-05 0 0.0001268697 3.338675e-06 0.0001201923 3.338675e-05 0.0004039797 1.33547e-05 3.338675e-06 0
0.01340812 2.003205e-05 0.04012754 6.009615e-05 6.67735e-06 0.003675881 0.1089643 0.04035791 0.0007645566 0.0008647169 0.0003205128 8.012821e-05 0.0004807692 0.08196448 3.338675e-06 0.03157051 0.002707666 8.012821e-05 0.0009481838 2.003205e-05 0.3194411 0.00559562 0.2753005 0.006139824 3.338675e-06 0.001382212 0.02699653 0.07788128 0.01137153 0.2426015 3.338675e-06 0.0001969818 0.0007211538 0.1729534 0.001258681 0.3143797 0.03791733 0.2567808 0.04320913 0.006947783 0.000133547 0.0004407051 0.001262019 0.0001469017 3.672543e-05 0.0009815705 3.338675e-06 0 2.003205e-05 0.0007445246 6.67735e-05 0.0002103365 5.008013e-05 4.674145e-05 0 1.001603e-05 0.0001101763 3.338675e-06 0.05090144 9.014423e-05 2.003205e-05 5.008013e-05 6.67735e-06 0.02952057 0.006580529 0.01437967 0.008557025 1.33547e-05 0.0004440438 0.003872863 0.01077724 0.001362179 0.005008013 0 3.338675e-06 0.000657719 0.001545807 8.680556e-05 0.01029314 0.0006143162 0.003288595 0.001031651 0.0002136752 3.672543e-05 1.669338e-05 8.012821e-05
2.67094e-05 0.04312567 0.0003438835 6.67735e-06 0.0004173344 5.34188e-05 0.0003171741 2.003205e-05 0.07488315 1.001603e-05 3.338675e-05 4.674145e-05 0.01118122 5.34188e-05 0.001742788 0.0344351 0.0003939637 4.340278e-05 0.0003772703 0 0.00559562 0.007251603 0.004927885 0.1711872 0.0142261 0.009571982 0.1160457 0.01225294 0.0007545406 0.002053285 0.0001769498 0 0.000143563 0.0004774306 6.67735e-06 0.001475694 0.0005575588 0.0009915865 0.0001769498 0.003488916 1.669338e-05 0.0002136752 1.33547e-05 7.011218e-05 0.0001068376 0.0009448451 3.004808e-05 0 1.669338e-05 0.0004240118 3.672543e-05 0.0001769498 5.008013e-05 4.674145e-05 1.001603e-05 0.0001101763 5.008013e-05 0 0.0312066 0.0001535791 4.340278e-05 0.000143563 3.338675e-06 0.005662393 0.0007011218 0.01349159 0.004941239 6.343483e-05 0.001021635 0.02015558 0.004437099 0.0003772703 0.0009214744 5.34188e-05 3.338675e-06 0.0001368857 0.0003271902 1.669338e-05 0.001686031 0.000247062 0.0006510417 0.0002203526 3.004808e-05 6.67735e-06 2.003205e-05 1.669338e-05
0.03338007 3.004808e-05 0.17086 2.337073e-05 2.337073e-05 0.002514022 0.05167935 0.04621728 0.0006310096 0.0008146368 0.0003138355 0.000143563 0.0003939637 0.1290331 3.338675e-06 0.06717748 0.01944111 0.0001736111 0.001014957 4.00641e-05 0.2753005 0.004927885 0.200227 0.03106637 0 0.01727764 0.451479 0.07794471 0.04353966 0.1093082 0 0.000400641 0.001936432 0.08463876 0.000647703 0.3026409 0.08021835 0.1834635 0.03166066 0.005181624 0.0002837874 0.000400641 0.002150107 0.0001068376 0.0002737714 0.02008881 1.33547e-05 0 7.345085e-05 0.002283654 0.000267094 0.0002303686 5.675748e-05 4.340278e-05 3.338675e-06 1.001603e-05 0.0004173344 0 0.05442374 0.0005809295 2.337073e-05 0.0001602564 1.001603e-05 0.006827591 0.008847489 0.07593483 0.003559028 1.669338e-05 0.0004206731 0.09915198 0.005635684 0.0004139957 0.001625935 3.338675e-06 6.67735e-06 0.0001368857 0.001028312 0.000113515 0.004907853 0.0003939637 0.001849626 0.0007578793 0.0002136752 6.67735e-06 0 2.003205e-05
0.0009014423 0.03544004 0.01019631 0.02541733 0.003171741 0.003468884 0.0457098 0.004109909 0.1632011 0.01556157 0.0006109776 0.003001469 0.004373665 0.005381944 0.01685363 0.02319044 0.001555823 0.0002069979 0.0005108173 0.005021368 0.006139824 0.1711872 0.03106637 0.1000735 0.006760817 0.009999332 0.1691473 0.1089643 0.02465278 0.05884081 8.346688e-05 0.0001702724 0.007104701 0.02023905 0.0002837874 0.07395166 0.005912794 0.03852831 0.006834268 0.02182158 0.0002871261 0.0002003205 0.000637687 0.0007144765 0.0002804487 0.001869658 0.00451055 0 0.001572516 0.02737046 0.003882879 0.02775107 0.01059028 0.0008780716 0.001168536 9.014423e-05 0.002994792 8.012821e-05 0.02370459 0.0002270299 0.000247062 0.0003639156 0.002236912 0.02336405 0.01525441 0.00486445 0.0836238 0.0001736111 0.001625935 0.00561899 0.1152544 0.00748531 0.007502003 7.345085e-05 0.000400641 0.002190171 0.005138221 8.012821e-05 0.01792869 0.0007311699 0.01315438 0.002650908 0.003759348 0.0005508814 4.674145e-05 0.0001702724
0 0.02354434 0 0 3.004808e-05 1.001603e-05 3.338675e-06 1.001603e-05 0.007805823 6.67735e-06 0.00357906 1.001603e-05 0.08115652 2.337073e-05 0.000133547 0.0001602564 2.67094e-05 0.0001969818 0.0002036592 0 3.338675e-06 0.0142261 0 0.006760817 0.003121661 0.0120426 0.07176816 6.009615e-05 4.340278e-05 3.338675e-06 0.005455395 2.337073e-05 0 0.0002804487 3.338675e-06 0.0001802885 0.0005575588 0.0002804487 5.008013e-05 0.0003372062 0 0.005629006 6.67735e-06 1.001603e-05 0.0003071581 0.0001769498 0 0 0 3.004808e-05 3.338675e-06 1.669338e-05 1.33547e-05 0.0008112981 3.338675e-06 0.004480502 1.001603e-05 0 1.33547e-05 3.338675e-05 0.0003472222 0.0005876068 0 1.669338e-05 4.340278e-05 1.669338e-05 0.0001068376 0.0007678953 0.007732372 0.008597089 1.33547e-05 0 1.669338e-05 0.001061699 0 0 0.000133547 0 0.0001068376 0.0005942842 0.0002537393 4.674145e-05 1.001603e-05 0 0.0003305288 0
0.0007111378 0.01147837 0.1297142 7.678953e-05 7.011218e-05 0.00123531 0.004677484 0.008066239 0.00718149 0.002530716 0.05777577 0.001716079 0.00609976 0.01618256 0.0001936432 0.002423878 0.04088542 0.05425347 0.07497329 0.0003372062 0.001382212 0.009571982 0.01727764 0.009999332 0.0120426 0.2667935 0.3035089 0.002711004 0.01029647 0.0005608974 0.003896234 0.001722756 4.00641e-05 0.05629674 0.0003572382 0.08974025 0.2976596 0.1757378 0.04230101 0.0009849092 0.0001268697 0.0007612179 0.0005709135 0.0002704327 0.008136351 0.01354167 1.669338e-05 0 3.338675e-05 0.001065037 0.0001101763 0.0001368857 0.0001068376 0.004994658 2.67094e-05 0.0227898 0.0004507212 3.338675e-06 0.0005942842 0.003946314 0.01509415 0.0410223 2.337073e-05 0.0004106571 0.0004273504 0.0005976229 0.0008914263 0.01146501 0.2056424 0.1744124 0.0006911058 0.0003305288 0.001499065 0.01575521 1.669338e-05 1.669338e-05 0.004113248 5.34188e-05 0.004143296 0.0128105 0.00501469 0.0009581998 0.0001201923 0 0.0007512019 2.337073e-05
0.000534188 0.1265391 0.2703192 8.012821e-05 0.0002737714 0.0004607372 0.02181824 0.002704327 0.05713809 0.0007144765 0.01059362 0.0003973024 0.04069511 0.005154915 0.00123531 0.1518396 0.2873364 0.01604901 0.04947249 6.009615e-05 0.02699653 0.1160457 0.451479 0.1691473 0.07176816 0.3035089 0.3950654 0.06512086 0.006049679 0.008847489 0.003285256 0.0003973024 0.0005108173 0.07599826 0.001305422 0.3073918 0.1138922 0.2293269 0.04067508 0.004153312 3.672543e-05 0.002363782 0.001378873 0.0003705929 0.03647169 0.2255709 2.67094e-05 0 0.0001368857 0.005378606 0.0008380075 0.0004974626 0.0002003205 0.005348558 4.340278e-05 0.02682292 0.001605903 3.338675e-06 0.02845553 0.01956464 0.01169872 0.03702925 3.338675e-05 0.004013088 0.01571848 0.09829728 0.004563969 0.01799546 0.257295 0.7670172 0.006433627 0.0006610577 0.002483974 0.01594217 2.337073e-05 0.0001068376 0.01047009 0.00027711 0.01637286 0.01397903 0.01216613 0.003669204 0.0004473825 2.67094e-05 0.001465678 2.003205e-05
0.002564103 0.0004173344 0.02184829 0.08475561 0.0009915865 0.07416199 0.5228098 0.01995526 0.08261552 0.1136285 0.001088408 0.03121327 0.0006911058 0.02841546 0.004967949 0.01335136 0.002884615 0.0004139957 0.0004707532 0.02050614 0.07788128 0.01225294 0.07794471 0.1089643 6.009615e-05 0.002711004 0.06512086 0.170623 0.1086104 0.450641 2.67094e-05 0.0003772703 0.02467615 0.08229167 0.0006643964 0.1877771 0.01107439 0.1374432 0.02268296 0.01283721 0.0006744124 0.0003205128 0.001869658 0.0007578793 0.0001268697 0.001085069 0.009538595 0 0.002387153 0.03486912 0.004924546 0.02864583 0.02268296 0.0009415064 0.003128339 3.338675e-05 0.003375401 0.000123531 0.01471354 0.0001635951 0.0001869658 0.0002537393 0.004937901 0.01402577 0.007491987 0.003465545 0.09082198 0.0001469017 0.001021635 0.004076522 0.1229935 0.007074653 0.007198184 2.67094e-05 0.0004440438 0.001649306 0.004326923 8.680556e-05 0.01809896 0.0006777511 0.01182893 0.00244391 0.004567308 0.0006143162 5.34188e-05 0.0001903045
0.02183827 0.0001602564 0.009251469 0.00657719 3.672543e-05 0.01343483 0.2128506 0.01055355 0.002854567 0.1498264 0.0225394 0.02873932 0.003826122 0.06845954 0.000247062 0.0002737714 0.04355636 0.007154781 0.01173544 0.009328259 0.01137153 0.0007545406 0.04353966 0.02465278 4.340278e-05 0.01029647 0.006049679 0.1086104 0.1431724 0.08221488 0.0003038194 0.0002003205 0.03406116 0.07799145 4.674145e-05 0.0244558 0.002580796 0.04765959 0.004066506 0.00405649 0.00446047 0.0009682158 0.0002203526 0.0001769498 4.674145e-05 0.0003538996 0.0001201923 0 0.0001936432 0.003592415 0.0005074786 0.001065037 0.0004340278 0.000113515 0.0001201923 3.338675e-06 0.0004240118 0 0.002026576 0.0001034989 6.67735e-06 0.0001368857 0.0001168536 0.002597489 0.001161859 0.000534188 0.007632212 1.001603e-05 0.0005442041 0.001051683 0.0133981 0.00128539 0.001368857 0 6.009615e-05 0.0004206731 0.0008112981 1.001603e-05 0.00352898 6.343483e-05 0.002270299 0.0004139957 0.0006043002 0.0001168536 3.338675e-06 3.338675e-05
0.04818376 1.001603e-05 0.01094418 0.0001402244 1.669338e-05 0.0007178152 0.1480502 0.00932492 0.006416934 0.0008446848 0.0002170139 7.011218e-05 0.000133547 0.07412527 3.338675e-06 0.006744124 0.007021234 7.011218e-05 0.0004573985 4.674145e-05 0.2426015 0.002053285 0.1093082 0.05884081 3.338675e-06 0.0005608974 0.008847489 0.450641 0.08221488 0.1196548 3.338675e-06 0.000247062 0.02787126 0.06340812 0.000390625 0.1223424 0.009251469 0.08090946 0.01325788 0.000924813 0.0001068376 6.343483e-05 0.0007011218 0.0003705929 1.669338e-05 0.0004707532 0.0001302083 0 0.0004941239 0.007719017 0.002026576 0.00244391 0.0006977831 0.0004306891 8.680556e-05 3.338675e-06 0.001262019 1.669338e-05 0.006396902 5.675748e-05 0.000133547 9.014423e-05 0.000133547 0.008353365 0.00325187 0.001679354 0.01737447 2.337073e-05 0.0003872863 0.00146234 0.03268563 0.003308627 0.003809428 6.67735e-06 0.0002303686 0.00100828 0.002524038 5.008013e-05 0.01332465 0.00027711 0.007148104 0.001338809 0.0021668 0.0002504006 3.338675e-06 0.0001101763
6.67735e-06 0.0004073184 2.67094e-05 3.338675e-06 3.338675e-06 6.009615e-05 9.348291e-05 0.0001602564 8.346688e-05 0.0001201923 0.007331731 8.346688e-05 0.003649172 0.0005074786 3.338675e-06 0 2.003205e-05 0.001542468 0.0001368857 3.338675e-05 3.338675e-06 0.0001769498 0 8.346688e-05 0.005455395 0.003896234 0.003285256 2.67094e-05 0.0003038194 3.338675e-06 0.0003138355 0.000133547 0 0.001676015 0 0.001275374 0.0336672 0.01258013 0.005328526 4.00641e-05 1.669338e-05 0.001021635 6.67735e-06 3.338675e-06 9.014423e-05 6.67735e-06 0 0 0 1.001603e-05 0 3.338675e-06 0 0.003308627 0 0.01244992 1.33547e-05 0 6.67735e-06 6.67735e-06 0.002487313 0.0004106571 0 0 4.674145e-05 3.338675e-06 5.008013e-05 0.001098424 0.01242321 0.007695646 2.67094e-05 0 6.67735e-06 0.007491987 0 0 2.003205e-05 3.338675e-06 0.0001034989 0.01094084 0.0001068376 2.003205e-05 6.67735e-06 0 0.0006844284 0
6.343483e-05 1.669338e-05 0.000524172 9.014423e-05 0.002250267 0.0081664 0.001205262 0.01946782 9.014423e-05 0.001859642 0.007622196 0.001786191 0.004867788 0.007345085 0.003408787 3.338675e-06 0.0003538996 0.001645967 0.001098424 0.0002504006 0.0001969818 0 0.000400641 0.0001702724 2.337073e-05 0.001722756 0.0003973024 0.0003772703 0.0002003205 0.000247062 0.000133547 1.669338e-05 3.338675e-06 0.01809228 6.67735e-06 0.004984642 0.0009181357 0.01710069 0.004069845 0.01190572 0.02077991 0.000771234 0.0001302083 0 0 3.338675e-06 0 0 0 4.340278e-05 1.001603e-05 2.337073e-05 6.67735e-06 0 0 0 3.338675e-06 0 3.338675e-06 0 0 3.338675e-06 3.338675e-06 6.67735e-06 0 0 5.675748e-05 0 2.003205e-05 1.669338e-05 0.0001034989 3.338675e-06 6.67735e-06 0 0 0 1.001603e-05 0 3.004808e-05 3.338675e-06 1.33547e-05 1.669338e-05 6.67735e-06 0 3.338675e-06 3.338675e-06
0.0002871261 3.338675e-06 0.000247062 0.000637687 0 0.0002504006 0.02051616 0.0003672543 0.0002136752 0.00224359 2.337073e-05 9.014423e-05 1.33547e-05 0.0003171741 6.67735e-06 0.0001969818 0.001101763 6.67735e-06 0.0001034989 0.0001635951 0.0007211538 0.000143563 0.001936432 0.007104701 0 4.00641e-05 0.0005108173 0.02467615 0.03406116 0.02787126 0 3.338675e-06 0.0007077991 0.001332131 6.67735e-06 0.00481437 0.0006877671 0.00146234 0.0001502404 5.34188e-05 0 3.338675e-06 3.004808e-05 2.003205e-05 3.338675e-06 4.00641e-05 6.67735e-06 0 1.33547e-05 0.0001702724 2.003205e-05 6.343483e-05 3.338675e-06 6.67735e-06 3.338675e-06 0 2.003205e-05 0 0.0004240118 3.338675e-06 6.67735e-06 6.67735e-06 6.67735e-06 0.0006810897 0.0001869658 0.0001034989 0.0007745726 0 1.669338e-05 0.0001302083 0.001178552 0.0001469017 0.0001535791 0 0 8.680556e-05 0.000123531 3.338675e-06 0.0007011218 0 0.00027711 5.675748e-05 2.003205e-05 6.67735e-06 0 0
0.002133413 0.001963141 0.01797209 0.002253606 6.009615e-05 0.006820913 0.04959602 0.01277711 0.001115118 0.03458534 0.08479901 0.01278379 0.006360176 0.06109442 0.0002704327 0.009755609 0.01678686 0.03228833 0.1232305 0.003014824 0.1729534 0.0004774306 0.08463876 0.02023905 0.0002804487 0.05629674 0.07599826 0.08229167 0.07799145 0.06340812 0.001676015 0.01809228 0.001332131 0.01755142 7.345085e-05 0.02118389 0.02292001 0.0355402 0.005555556 0.001732772 0.0001402244 0.004944578 0.0002003205 4.674145e-05 0.0001802885 0.002153446 5.675748e-05 0 8.680556e-05 0.001535791 0.0002604167 0.0004139957 0.0002136752 7.011218e-05 6.67735e-05 6.009615e-05 0.0001769498 3.338675e-06 0.001943109 0.0003238515 2.67094e-05 0.0004607372 4.674145e-05 0.001422276 0.0004340278 0.001432292 0.003155048 6.67735e-05 0.00247062 0.005662393 0.004801015 0.0003772703 0.0005675748 1.669338e-05 1.001603e-05 0.0001201923 0.0003438835 1.001603e-05 0.001816239 0.0001469017 0.000914797 0.001011619 0.0002236912 4.674145e-05 2.337073e-05 1.001603e-05
0 2.003205e-05 0.0003772703 2.337073e-05 0 1.001603e-05 0.0003071581 3.672543e-05 1.001603e-05 8.346688e-05 2.337073e-05 1.33547e-05 0.0009214744 2.67094e-05 0 0.0002537393 4.00641e-05 6.343483e-05 0.0002036592 6.67735e-06 0.001258681 6.67735e-06 0.000647703 0.0002837874 3.338675e-06 0.0003572382 0.001305422 0.0006643964 4.674145e-05 0.000390625 0 6.67735e-06 6.67735e-06 7.345085e-05 0.7420606 0.1678218 0.002984776 0.003438835 0.007929354 0.0001736111 0.0002737714 0.000133547 0.001362179 0 0 6.67735e-05 0 0 0 4.674145e-05 6.67735e-06 6.67735e-06 0 3.338675e-06 0 1.669338e-05 6.67735e-06 0 1.001603e-05 1.33547e-05 0 0 0 2.67094e-05 3.338675e-06 5.34188e-05 2.003205e-05 0 3.672543e-05 0.000133547 4.674145e-05 3.338675e-06 3.004808e-05 3.338675e-06 0 0 0 0.4957933 0.002637553 4.340278e-05 0.0002236912 0.0003939637 6.009615e-05 3.338675e-05 2.67094e-05 6.67735e-05
0.0005809295 0.001469017 0.08240518 0.006143162 7.678953e-05 0.01348157 0.09646434 0.02024573 0.002794471 0.04376335 0.007789129 0.01002604 0.01210604 0.02075654 0.0006944444 0.06587874 0.01073384 0.01340812 0.05318843 0.003799412 0.3143797 0.001475694 0.3026409 0.07395166 0.0001802885 0.08974025 0.3073918 0.1877771 0.0244558 0.1223424 0.001275374 0.004984642 0.00481437 0.02118389 0.1678218 0.1119892 0.4325287 0.168987 0.04265158 0.1074419 0.04104233 0.01569511 0.005048077 8.680556e-05 0.0005275107 0.008690572 0.0002804487 3.338675e-06 0.0001602564 0.002921341 0.0004373665 0.0009081197 0.0007077991 0.000400641 0.0002337073 0.0006243323 0.0004340278 2.337073e-05 0.006179888 0.0009448451 0.0005642361 0.001438969 0.000143563 0.003512286 0.001332131 0.008249866 0.005982906 0.0001669338 0.006633948 0.02256277 0.00874399 0.0009548611 0.001342147 0.0003639156 8.346688e-05 0.0002136752 0.0007946047 0.01134148 0.01619925 0.009458467 0.006066373 0.004624065 0.003735978 0.0006543803 0.001469017 0.0002637553
5.675748e-05 0.0008446848 0.04076522 5.34188e-05 3.338675e-06 0.0005508814 0.002103365 0.001238649 0.0003538996 0.001438969 0.1205329 0.0008580395 0.1021534 0.003705929 2.003205e-05 0.01077724 0.01522102 0.06373197 0.1288194 0.0002136752 0.03791733 0.0005575588 0.08021835 0.005912794 0.0005575588 0.2976596 0.1138922 0.01107439 0.002580796 0.009251469 0.0336672 0.0009181357 0.0006877671 0.02292001 0.002984776 0.4325287 0.02207866 0.1065972 0.02256611 0.003442174 0.0006777511 0.001262019 0.002587473 6.67735e-06 0.000267094 0.001014957 0 0 6.67735e-06 0.0001268697 4.340278e-05 3.672543e-05 1.001603e-05 0.00325187 6.67735e-06 0.005061432 2.003205e-05 0 0.0007979434 0.0001402244 0.0004373665 0.0006176549 1.001603e-05 0.0004640759 0.0001903045 0.0008780716 0.0005842682 0.0005275107 0.004350294 0.005492121 0.0006877671 0.0001201923 0.0001535791 0.001418937 1.669338e-05 1.669338e-05 0.0004540598 0.0004874466 0.02053953 0.0150641 0.0005575588 0.0005008013 0.0001368857 4.674145e-05 0.0007144765 1.33547e-05
0.000771234 0.006436966 0.06502738 0.005825988 0.0001635951 0.0213308 0.09194712 0.03848491 0.002453926 0.0858774 0.1290565 0.03417134 0.02563435 0.07950053 0.000771234 0.02316373 0.01232973 0.09885817 0.1280282 0.008199786 0.2567808 0.0009915865 0.1834635 0.03852831 0.0002804487 0.1757378 0.2293269 0.1374432 0.04765959 0.08090946 0.01258013 0.01710069 0.00146234 0.0355402 0.003438835 0.168987 0.1065972 0.05422009 0.01684028 0.01224626 0.0007077991 0.01362847 0.002627537 7.011218e-05 0.0003872863 0.006106437 0.0001602564 0 0.0002604167 0.00398304 0.0008213141 0.001075053 0.0006443643 0.0001502404 0.0001001603 0.0001502404 0.0005976229 6.67735e-06 0.00403312 0.0008012821 0.0001068376 0.0009114583 0.0001535791 0.001852965 0.0009281517 0.004430422 0.007451923 0.0001736111 0.005498798 0.01551816 0.01143496 0.0009581998 0.001145166 8.680556e-05 8.012821e-05 0.0001535791 0.0008580395 0.0003238515 0.01081063 0.001495726 0.003245192 0.008473558 0.0007044605 0.0008146368 0.000514156 0.0001201923
9.014423e-05 0.0005876068 0.01219618 0.0009648771 4.00641e-05 0.007365118 0.01403913 0.01383213 0.000400641 0.01142829 0.0380008 0.006146501 0.006406918 0.01575187 0.0001903045 0.005018029 0.001682692 0.02589476 0.01724426 0.001382212 0.04320913 0.0001769498 0.03166066 0.006834268 5.008013e-05 0.04230101 0.04067508 0.02268296 0.004066506 0.01325788 0.005328526 0.004069845 0.0001502404 0.005555556 0.007929354 0.04265158 0.02256611 0.01684028 0.0009515224 0.004807692 0.0004173344 0.000791266 0.0006643964 2.337073e-05 5.34188e-05 0.0008780716 3.338675e-05 0 0.0002403846 0.0005408654 0.0005542201 0.0001736111 0.0002003205 3.004808e-05 0.000133547 7.011218e-05 0.0001969818 6.67735e-06 0.0005976229 0.0001034989 2.003205e-05 0.0001302083 6.67735e-05 0.000380609 0.000143563 0.0008279915 0.0009581998 1.669338e-05 0.0007244925 0.002320379 0.001505743 0.000133547 0.0001268697 2.003205e-05 7.678953e-05 3.338675e-05 0.0001736111 0.0009782318 0.006016293 0.001679354 0.004086538 0.01290064 0.0004306891 0.001979834 0.0003372062 0.0001469017
1.33547e-05 0.001101763 0.0008580395 0.01420272 0.0228933 0.03910256 0.006433627 0.02677951 0.01343817 0.01468683 0.001014957 0.04933894 0.002196848 0.0218316 0.01586538 0.000904781 0.0003338675 0.0003572382 0.0002904647 0.01681691 0.006947783 0.003488916 0.005181624 0.02182158 0.0003372062 0.0009849092 0.004153312 0.01283721 0.00405649 0.000924813 4.00641e-05 0.01190572 5.34188e-05 0.001732772 0.0001736111 0.1074419 0.003442174 0.01224626 0.004807692 0.01528112 0.008880876 0.0004774306 0.0006276709 3.004808e-05 6.67735e-06 7.678953e-05 0.003084936 1.33547e-05 0.0003572382 0.001245326 0.0002403846 0.001318777 0.005351896 6.67735e-05 0.002196848 0 0.0001669338 0.0001769498 0.0001635951 1.001603e-05 1.001603e-05 2.003205e-05 0.001842949 0.0002170139 0.0001535791 0.0001368857 0.004353632 6.67735e-06 6.343483e-05 0.0001302083 0.006547142 0.0003004808 0.0002871261 0 1.669338e-05 6.67735e-05 0.0001602564 2.67094e-05 0.001879674 4.674145e-05 0.0005542201 0.0003238515 0.001983173 5.008013e-05 0 2.003205e-05
3.672543e-05 0 0.000257078 0.0001969818 5.34188e-05 0.006643964 0.001265358 0.01875 0.0003572382 0.002333734 0.0003772703 0.003051549 0.0005608974 0.01545807 0.001475694 6.67735e-06 0.000257078 5.008013e-05 3.338675e-05 0.0004507212 0.000133547 1.669338e-05 0.0002837874 0.0002871261 0 0.0001268697 3.672543e-05 0.0006744124 0.00446047 0.0001068376 1.669338e-05 0.02077991 0 0.0001402244 0.0002737714 0.04104233 0.0006777511 0.0007077991 0.0004173344 0.008880876 4.00641e-05 0.0005308494 0.0003238515 0 0 0 1.33547e-05 0 2.337073e-05 9.348291e-05 4.340278e-05 3.338675e-05 2.337073e-05 6.67735e-06 2.003205e-05 0 2.003205e-05 3.338675e-06 3.338675e-06 0 0 0 0 3.338675e-06 0 1.001603e-05 0.0001101763 0 3.338675e-06 3.338675e-06 0.0002103365 2.003205e-05 3.338675e-06 0 1.001603e-05 3.338675e-06 2.003205e-05 2.337073e-05 0.000257078 0.0002270299 0.0003872863 0.001098424 5.008013e-05 0.0001936432 1.33547e-05 2.003205e-05
