0.008729458 0 0.006136645 0.001468297 0 0.0007646709 0.05544507 0.003270735 4.819355e-05 0.01443557 0.0002570322 0.0008128645 0.0001638581 0.03605198 6.425806e-06 3.212903e-06 0.006306929 0.0002730968 0.002123729 0.0007261161 0.0005012129 1.285161e-05 0.003267522 0.002229755 3.212903e-06 0.007274012 0.001031342 0.006814567 0.1028 0.04212437 3.212903e-06 0.0007839483 0.003550258 0.005089238 6.425806e-06 0.0022908 0.0002441806 0.004035406 0.0003148645 4.498064e-05 3.212903e-05 6.425806e-06 1.927742e-05 0 6.425806e-06 3.212903e-05 3.212903e-06 0 3.212903e-06 8.674838e-05 3.212903e-06 1.606452e-05 1.606452e-05 3.212903e-06 6.425806e-06 0 3.212903e-06 0 3.212903e-06 1.285161e-05 0 1.927742e-05 6.425806e-06 1.606452e-05 0 2.249032e-05 0.0002730968 0 4.498064e-05 0.0001253032 0.0005172774 6.425806e-06 2.570322e-05 0 0 0 2.249032e-05 0 3.212903e-05 0 4.498064e-05 0 2.249032e-05 1.285161e-05 0 3.212903e-06
0 0.004379187 0.00249 9.638709e-06 7.068387e-05 3.534193e-05 0.0001734968 9.638709e-06 0.03436521 2.249032e-05 0.0002441806 4.819355e-05 0.01133191 2.249032e-05 0.0003084387 0.003026555 5.783225e-05 8.996128e-05 0.0003694838 0 0.0001188774 0.05192051 0.0001028129 0.05979855 0.02795868 0.01692557 0.03320535 0.0007678838 2.249032e-05 6.747096e-05 0.000263458 9.638709e-06 0 0.0002088387 0 0.0003212903 0.002072322 0.00206911 6.747096e-05 0.000761458 6.425806e-06 0.00699449 6.425806e-06 0 0.001773522 0.001188774 0 0 0 1.606452e-05 0 0 6.425806e-06 4.176774e-05 0 0.0001092387 0 0 8.996128e-05 0.001105239 3.855484e-05 0.0002249032 0 1.927742e-05 0.001368697 0.0002024129 7.068387e-05 2.891613e-05 0.0005815354 0.03079889 9.638709e-05 0 6.425806e-06 1.927742e-05 0 0 0.0003502064 9.638709e-06 0.0004337419 0.0002923742 0.0003759097 0.0001767097 3.212903e-06 0 6.104516e-05 0
0.006136645 0.00249 0.05943549 0.0002602451 0 0.002695626 0.0959662 0.02678276 4.498064e-05 0.006326206 0.0008739096 0.0001413677 0.001185561 0.02719401 1.606452e-05 0.001015277 0.2744719 0.0007229032 0.01021061 3.534193e-05 0.03188485 0.0003855484 0.1107006 0.002920529 2.570322e-05 0.3890504 0.05790936 0.02113448 0.02520844 0.03179168 8.353548e-05 0.0007678838 0.001452232 0.06232389 0.0006522193 0.09429549 0.04562644 0.09530434 0.03104949 0.0007518193 4.819355e-05 0.0002088387 0.0002698839 9.638709e-06 0.006920593 0.02249353 3.212903e-06 0 3.212903e-06 0.0002602451 1.927742e-05 0 1.606452e-05 8.996128e-05 6.425806e-06 6.425806e-06 3.534193e-05 0 0.0008546322 0.01688059 2.570322e-05 0.0006136645 6.425806e-06 0.0003180774 0.002949445 0.003418529 0.0008385677 1.606452e-05 0.001603239 0.1241659 0.001442593 4.498064e-05 0.0001606452 0 3.212903e-06 3.212903e-06 0.005953509 0.0002216903 0.009985703 0.001362271 0.005198477 0.001979148 6.747096e-05 3.212903e-06 1.606452e-05 9.638709e-06
0.001468297 9.638709e-06 0.0002602451 0.02720044 0.0001574322 0.004215329 0.001850632 0.002065897 0.02461084 0.03855162 0.0002345419 0.09147135 0.0005172774 0.003065109 0.00498 6.425806e-06 0.0001124516 0.0001413677 0.0002441806 0.03067037 6.425806e-06 6.425806e-06 5.461935e-05 0.02356664 3.212903e-06 0.0006972 0.0001959871 0.09143279 0.008996128 0.0001574322 6.425806e-06 0.0003662709 0.0009445935 0.002988 4.819355e-05 0.005368761 0.0001188774 0.007113367 0.0005526193 0.003649858 0.0001413677 3.534193e-05 8.353548e-05 3.212903e-06 6.425806e-06 2.249032e-05 0.006978425 3.212903e-05 0.0008353548 0.008437083 0.0001188774 0.002939806 0.01303475 1.606452e-05 0.004870761 0 5.140645e-05 9.638709e-05 6.425806e-06 0 3.212903e-05 9.638709e-06 0.006078813 1.606452e-05 1.285161e-05 4.498064e-05 0.00940738 3.212903e-06 8.996128e-05 3.534193e-05 0.03268165 0.0002473935 9.638709e-06 0 0.0001413677 6.425806e-06 0.0004947871 0 0.0003887613 2.570322e-05 0.001201626 0.0001220903 0.001188774 0.0001863484 0 2.249032e-05
0 7.068387e-05 0 0.0001574322 0.0001895613 0.007720606 6.425806e-05 0.00147151 0.009182477 0.0001863484 0.0001510064 0.003964722 0.0002795226 0.0001477935 0.03399251 0 0 0.0001124516 5.461935e-05 0.0001188774 0 5.783225e-05 0 0.0005718967 1.285161e-05 0.0002441806 0.0001220903 0.0001285161 0.0001831355 2.249032e-05 0 0.005237032 0 0.000761458 0 0.001021703 4.819355e-05 0.001336568 9.317419e-05 0.02194734 0.0007421806 5.140645e-05 2.570322e-05 0 0 0 6.425806e-06 3.212903e-06 1.285161e-05 3.212903e-06 3.212903e-06 6.425806e-06 1.927742e-05 0 3.212903e-05 0 0 0 0 0 0 0 6.425806e-06 6.425806e-06 3.212903e-06 0 3.212903e-06 3.212903e-06 0 0 2.570322e-05 3.212903e-06 0 0 3.212903e-06 0 3.212903e-06 0 0 0 6.425806e-06 0 3.534193e-05 0 0 3.212903e-06
0.0007646709 3.534193e-05 0.002695626 0.004215329 0.007720606 0.2123825 0.05714469 0.1616444 0.008620219 0.2233032 0.007627432 0.1009976 0.01641793 0.04715578 0.05421131 6.425806e-06 0.001015277 0.004819355 0.005436232 0.01091744 0.0001445806 1.285161e-05 0.001137368 0.002139793 2.249032e-05 0.01264277 0.002204051 0.005230606 0.02831853 0.001008852 0.0002506064 0.02555543 0.000363058 0.0383717 7.710967e-05 0.01192308 0.001490787 0.04198622 0.003572748 0.06048933 0.01042587 0.001612877 0.0005943871 3.212903e-06 1.927742e-05 9.638709e-06 0.0009831483 1.285161e-05 0.0008867612 0.0004208903 0.000131729 0.0008096516 0.003058684 1.285161e-05 0.004530193 3.212903e-06 3.855484e-05 6.425806e-06 0 1.606452e-05 1.927742e-05 7.389677e-05 0.001908464 6.425806e-06 3.212903e-06 3.212903e-06 0.001015277 3.212903e-06 0.0001638581 0.0001702839 0.003049045 6.425806e-05 1.927742e-05 0 7.710967e-05 0 0.0001060258 0 0.0003180774 1.927742e-05 0.0001863484 4.176774e-05 0.001603239 2.570322e-05 3.212903e-06 0
0.05544507 0.0001734968 0.0959662 0.001850632 6.425806e-05 0.05714469 0.09590194 0.1982072 0.006512554 0.1970216 0.001934168 0.001214477 0.002763097 0.2311973 0.0005590451 0.0002249032 0.02283731 0.001432955 0.003588813 0.0003919742 0.0228598 0.0003277161 0.05888609 0.1316937 1.927742e-05 0.06094556 0.02422529 0.2625552 0.185452 0.1042908 6.747096e-05 0.003694838 0.02099632 0.04401356 0.0003566322 0.09841122 0.007675625 0.09688509 0.01013028 0.002753458 0.0008482064 0.000266671 0.001288374 0.000167071 0.0002088387 0.0006554322 0.002310077 4.819355e-05 0.0006457935 0.02472971 0.0005654709 0.002608877 0.00669569 0.0001092387 0.0007678838 0 0.0008546322 5.461935e-05 0.001381548 0.0003341419 0.0001188774 0.000131729 0.001609664 0.00157111 0.0005686838 0.002464297 0.04366978 1.285161e-05 0.0007100516 0.008318206 0.06602837 0.001452232 0.001779948 0 0.0003823355 0.0001253032 0.0026892 1.606452e-05 0.003566322 0.0002345419 0.007065174 0.0009413806 0.005082813 0.001214477 3.534193e-05 0.0001124516
0.003270735 9.638709e-06 0.02678276 0.002065897 0.00147151 0.1616444 0.1982072 0.2230751 0.0012948 0.09331234 0.003257884 0.03303828 0.006679625 0.1341034 0.01766775 3.855484e-05 0.01305402 0.001902039 0.003874761 0.004713329 0.002319716 6.425806e-06 0.01434882 0.002557471 1.927742e-05 0.01897219 0.002493213 0.005137432 0.01821395 0.02875869 0.0001124516 0.009249948 0.001114877 0.01420103 6.425806e-05 0.02530161 0.002024129 0.02287266 0.00256711 0.07570885 0.007013767 0.0009413806 0.0006329419 6.425806e-06 2.249032e-05 6.104516e-05 0.0001477935 0 0.0001413677 0.0003855484 5.140645e-05 0.0001285161 0.000363058 3.212903e-06 0.0005783225 0 4.176774e-05 3.212903e-06 1.606452e-05 7.068387e-05 3.212903e-06 4.498064e-05 0.0002441806 2.891613e-05 0 5.140645e-05 0.0009092516 0 6.747096e-05 0.0004048258 0.00141689 6.747096e-05 5.783225e-05 3.212903e-06 2.249032e-05 3.212903e-06 6.104516e-05 6.425806e-06 0.0003919742 9.638709e-06 9.959999e-05 4.819355e-05 0.0003212903 1.285161e-05 0 0
4.819355e-05 0.03436521 4.498064e-05 0.02461084 0.009182477 0.008620219 0.006512554 0.0012948 0.008552748 0.008276438 0.0001220903 0.02346062 0.002001639 0.0005461935 0.009837909 7.710967e-05 6.104516e-05 8.996128e-05 0.000330929 0.01139938 0.0001092387 0.07179874 3.534193e-05 0.03544796 0.01206445 0.009192116 0.02598596 0.02832495 0.0007164774 0.002396826 8.674838e-05 0.0004819355 0.0002988 0.001024916 9.638709e-06 0.001953445 0.0009574451 0.001837781 0.0002120516 0.01616412 7.068387e-05 0.0006393677 6.425806e-06 3.212903e-05 6.747096e-05 0.0001092387 0.004931806 9.638709e-06 0.0004819355 0.005047471 0.0001767097 0.0004048258 0.006808141 1.927742e-05 0.005118155 4.498064e-05 0.0002024129 5.140645e-05 0.000661858 4.819355e-05 5.140645e-05 0.0002506064 0.00412858 0.0006811354 0.0001285161 0.0002988 0.04767627 4.176774e-05 0.0005911742 0.0008096516 0.04339026 0.0003534193 0.000729329 3.212903e-06 0.0001188774 3.212903e-05 0.0002377548 3.212903e-06 0.0004112516 0.0001060258 0.0006522193 9.959999e-05 0.0006072387 8.996128e-05 1.606452e-05 1.606452e-05
0.01443557 2.249032e-05 0.006326206 0.03855162 0.0001863484 0.2233032 0.1970216 0.09331234 0.008276438 0.5865187 0.005629006 0.04097737 0.008472425 0.08567527 0.003762309 1.927742e-05 0.001718903 0.004266735 0.005436232 0.02301081 0.0003694838 9.638709e-06 0.002162284 0.008456361 1.927742e-05 0.01360022 0.00261209 0.06909991 0.136905 0.001233755 0.0001927742 0.008321419 0.006278012 0.05304824 0.0001349419 0.0420312 0.002098026 0.1030892 0.004433806 0.00853347 0.001930955 0.0007389677 0.0008706967 9.638709e-06 1.285161e-05 4.498064e-05 0.005442658 4.498064e-05 0.0009831483 0.01000819 0.0002184774 0.001853845 0.01300583 3.534193e-05 0.005882825 1.927742e-05 8.674838e-05 8.674838e-05 2.891613e-05 1.285161e-05 3.212903e-05 5.461935e-05 0.005445871 5.140645e-05 2.891613e-05 8.674838e-05 0.008877251 3.212903e-06 0.0001734968 0.0002859484 0.03056756 0.0003855484 5.783225e-05 0 0.0001767097 1.285161e-05 0.000661858 0 0.0006136645 5.140645e-05 0.001561471 0.000167071 0.0017928 0.0002988 9.638709e-06 1.927742e-05
0.0002570322 0.0002441806 0.0008739096 0.0002345419 0.0001510064 0.007627432 0.001934168 0.003257884 0.0001220903 0.005629006 0.125088 0.004732606 0.07460361 0.004286013 0.000231329 0.0001831355 0.001031342 0.06906135 0.01573359 0.0007871612 0.001240181 9.317419e-05 0.001208052 0.0005076387 0.002708477 0.1376536 0.0140179 0.0004241032 0.005571174 0.001259458 0.01168533 0.004260309 7.389677e-05 0.05107552 8.996128e-05 0.008244309 0.05997205 0.10796 0.01495285 0.002355058 0.0001992 0.01078893 8.032258e-05 0 0.0002152645 4.176774e-05 1.606452e-05 0 1.606452e-05 7.710967e-05 1.606452e-05 0.0001188774 5.140645e-05 0.0007004129 7.068387e-05 0.004861122 3.212903e-06 0 9.638709e-06 1.285161e-05 0.0001927742 0.0001831355 1.927742e-05 1.606452e-05 0.0001124516 2.249032e-05 0.0002923742 0.0008096516 0.00147151 0.001789587 0.0002024129 3.212903e-06 6.425806e-06 0.0005333419 0 3.212903e-06 3.212903e-05 6.425806e-06 0.0001510064 0.007097303 0.0005044258 4.498064e-05 5.140645e-05 0 0.002216903 0
0.0008128645 4.819355e-05 0.0001413677 0.09147135 0.003964722 0.1009976 0.001214477 0.03303828 0.02346062 0.04097737 0.004732606 0.1806005 0.009224245 0.03149288 0.02137544 3.212903e-06 9.317419e-05 0.003174348 0.003547045 0.09505374 2.570322e-05 7.068387e-05 8.353548e-05 0.004109303 3.855484e-05 0.008170412 0.001449019 0.04659673 0.03025912 0.0001477935 0.0001863484 0.007036258 0.0003759097 0.02750245 0.0002249032 0.007932658 0.0009188903 0.0403894 0.001876335 0.02652894 0.001352632 0.0006425806 0.0002730968 0 3.212903e-06 6.425806e-06 0.005137432 2.570322e-05 0.001911677 0.002133368 0.0003052258 0.003486 0.01208694 9.638709e-06 0.01312471 3.212903e-06 5.783225e-05 8.674838e-05 3.212903e-06 3.212903e-06 3.534193e-05 4.498064e-05 0.007081238 6.425806e-06 3.212903e-06 6.425806e-06 0.004684413 3.212903e-06 0.0001092387 6.425806e-05 0.01528378 0.0001959871 6.425806e-06 6.425806e-06 0.0001895613 9.638709e-06 0.0002570322 3.212903e-06 0.0003502064 1.606452e-05 0.0004787225 4.498064e-05 0.002608877 0.0001092387 0 9.638709e-06
0.0001638581 0.01133191 0.001185561 0.0005172774 0.0002795226 0.01641793 0.002763097 0.006679625 0.002001639 0.008472425 0.07460361 0.009224245 0.09306816 0.006326206 0.0007357548 8.996128e-05 0.0002602451 0.009969638 0.00216871 0.001458658 0.000131729 0.003338206 0.0003116516 0.002685987 0.07392569 0.02970008 0.05128115 0.0007582451 0.005426593 0.000462658 0.01363556 0.00942987 3.534193e-05 0.008475638 0.001359058 0.01183312 0.1221706 0.08623753 0.00733827 0.007135858 0.0003566322 0.04142396 0.0001220903 9.638709e-06 0.002252245 2.570322e-05 2.891613e-05 0 4.819355e-05 0.0001992 3.855484e-05 0.001301226 0.0001188774 0.007145496 0.0002345419 0.05574065 3.534193e-05 1.927742e-05 0.0001253032 1.927742e-05 0.002274735 0.0005558322 8.353548e-05 9.638709e-06 0.001734968 4.176774e-05 0.001947019 0.01133833 0.0184999 0.02157464 0.000562258 9.638709e-06 9.638709e-06 0.008324632 0 0 0.0002377548 8.674838e-05 0.001275522 0.05559286 0.003270735 0.0002955871 0.0001477935 6.425806e-06 0.01631191 0
0.03605198 2.249032e-05 0.02719401 0.003065109 0.0001477935 0.04715578 0.2311973 0.1341034 0.0005461935 0.08567527 0.004286013 0.03149288 0.006326206 0.1590773 0.001153432 1.285161e-05 0.01732719 0.003219329 0.00669569 0.006445083 0.002104451 9.638709e-06 0.01383155 0.003338206 1.606452e-05 0.02621408 0.003775161 0.008562387 0.1392472 0.06741634 0.0001188774 0.01203875 0.002602451 0.02346062 4.498064e-05 0.01451268 0.001600026 0.02033446 0.001824929 0.01574322 0.003469935 0.0006425806 0.0003726968 1.285161e-05 1.606452e-05 0.0001156645 8.996128e-05 0 0.0001028129 0.0004433806 1.285161e-05 0.0001124516 0.0002570322 3.212903e-06 0.0003437806 3.212903e-06 3.212903e-05 3.212903e-06 1.606452e-05 5.783225e-05 6.425806e-06 8.353548e-05 0.0001734968 2.891613e-05 0 6.104516e-05 0.001204839 6.425806e-06 0.0001060258 0.0004208903 0.001619303 6.104516e-05 8.996128e-05 0 9.638709e-06 1.285161e-05 6.104516e-05 3.212903e-06 0.0002409677 9.638709e-06 0.0001574322 3.855484e-05 0.0002216903 2.891613e-05 0 3.212903e-06
6.425806e-06 0.0003084387 1.606452e-05 0.00498 0.03399251 0.05421131 0.0005590451 0.01766775 0.009837909 0.003762309 0.000231329 0.02137544 0.0007357548 0.001153432 0.004597664 3.212903e-06 1.285161e-05 0.0001445806 0.0001702839 0.005442658 1.606452e-05 0.0003148645 6.425806e-06 0.009523045 0.0001028129 0.0005494064 0.0005204903 0.002695626 0.0004755096 0.0002216903 6.425806e-06 0.01255602 3.855484e-05 0.001208052 0 0.0005783225 6.425806e-05 0.001040981 0.0001156645 0.01791515 0.0008578451 4.176774e-05 9.638709e-06 0 3.212903e-06 3.212903e-06 9.959999e-05 3.212903e-06 0.0001349419 2.891613e-05 1.606452e-05 3.534193e-05 0.0002184774 0 0.0003212903 0 0 3.212903e-06 6.425806e-06 3.212903e-06 3.212903e-06 6.425806e-06 0.0001510064 1.606452e-05 6.425806e-06 0 8.996128e-05 0 1.285161e-05 4.176774e-05 0.0002988 3.212903e-06 1.285161e-05 0 9.638709e-06 0 1.285161e-05 0 3.212903e-05 0 2.570322e-05 6.425806e-06 0.0002730968 3.212903e-06 0 3.212903e-06
3.212903e-06 0.003026555 0.001015277 6.425806e-06 0 6.425806e-06 0.0002249032 3.855484e-05 7.710967e-05 1.927742e-05 0.0001831355 3.212903e-06 8.996128e-05 1.285161e-05 3.212903e-06 0.01666533 0.001134155 5.461935e-05 0.001082748 3.212903e-06 0.02259313 0.0601102 0.01611271 0.01418497 0.000167071 0.003643432 0.1217112 0.01189417 5.461935e-05 0.002441806 1.927742e-05 9.638709e-06 9.638709e-06 0.01243715 0.0004562322 0.0741795 0.02230719 0.03801186 0.008996128 0.001063471 6.425806e-06 2.891613e-05 0.000266671 9.638709e-06 0.0002859484 0.0004273161 3.212903e-06 0 0 0.0004016129 3.212903e-06 1.927742e-05 4.176774e-05 9.638709e-06 0 1.285161e-05 2.891613e-05 3.212903e-06 0.1017912 0.0001702839 3.212903e-05 0.0004658709 3.212903e-06 0.0213144 0.01659143 0.0627737 0.01173673 9.638709e-06 0.001021703 0.06740671 0.01687095 9.638709e-06 0.003148645 0 0 9.638709e-06 0.000530129 3.212903e-05 0.002718116 0.0001285161 0.0006907741 0.0002088387 6.425806e-06 0 0 3.212903e-06
0.006306929 5.783225e-05 0.2744719 0.0001124516 0 0.001015277 0.02283731 0.01305402 6.104516e-05 0.001718903 0.001031342 9.317419e-05 0.0002602451 0.01732719 1.285161e-05 0.001134155 0.01753281 0.001879548 0.04006169 3.534193e-05 0.02013205 0.0001992 0.07816672 0.001905251 2.891613e-05 0.0894922 0.2326688 0.006522193 0.03149288 0.04240711 1.927742e-05 0.0004016129 0.002011277 0.02489036 4.498064e-05 0.007068387 0.01111343 0.0187505 0.004289226 0.0001477935 4.819355e-05 0.0001734968 2.891613e-05 9.638709e-06 0.0001831355 0.001609664 0 0 3.212903e-06 5.783225e-05 3.212903e-06 6.425806e-06 0 4.176774e-05 0 2.249032e-05 3.212903e-06 0 0.0001638581 0.0009381677 8.032258e-05 0.001484361 0 0.0001638581 3.534193e-05 7.710967e-05 0.0003052258 2.570322e-05 0.002380761 0.004700477 0.0007164774 1.606452e-05 0.0001734968 6.425806e-06 0 9.638709e-06 0.0002795226 1.285161e-05 0.0004241032 5.461935e-05 0.0002763097 0.0001060258 6.425806e-06 0 0 0
0.0002730968 8.996128e-05 0.0007229032 0.0001413677 0.0001124516 0.004819355 0.001432955 0.001902039 8.996128e-05 0.004266735 0.06906135 0.003174348 0.009969638 0.003219329 0.0001445806 5.461935e-05 0.001879548 0.006316567 0.009889315 0.0005654709 0.0006168774 5.783225e-05 0.001140581 0.0003694838 0.0002441806 0.08301178 0.01492393 0.0002827355 0.004041832 0.001561471 0.003312503 0.00236791 9.638709e-05 0.02695304 3.855484e-05 0.008800141 0.04538868 0.07312567 0.01415284 0.001587174 3.855484e-05 0.0006457935 3.534193e-05 0 3.534193e-05 4.176774e-05 1.927742e-05 0 6.425806e-06 8.353548e-05 3.212903e-06 2.891613e-05 4.498064e-05 0.0004080387 3.855484e-05 0.0007132645 6.425806e-06 0 3.212903e-06 2.249032e-05 0.00101849 0.0008771225 2.570322e-05 1.285161e-05 1.285161e-05 1.285161e-05 0.0001477935 0.0001927742 0.003524555 0.003116516 0.0001734968 3.212903e-06 1.285161e-05 0.0002538193 0 0 4.176774e-05 3.212903e-06 0.0001285161 0.001143793 9.317419e-05 5.461935e-05 4.176774e-05 0 2.249032e-05 0
0.002123729 0.0003694838 0.01021061 0.0002441806 5.461935e-05 0.005436232 0.003588813 0.003874761 0.000330929 0.005436232 0.01573359 0.003547045 0.00216871 0.00669569 0.0001702839 0.001082748 0.04006169 0.009889315 0.05362335 0.0006843483 0.01119054 0.0005237032 0.01782197 0.001664284 0.000462658 0.08084949 0.06979068 0.001275522 0.01492393 0.01915533 0.0007229032 0.002232968 0.000960658 0.09326094 0.0001638581 0.03601986 0.07693939 0.1120371 0.01296406 0.001638581 2.249032e-05 0.0002923742 0.0001702839 3.212903e-06 0.0003887613 0.0007421806 3.212903e-06 0 9.638709e-06 0.0001124516 1.285161e-05 3.534193e-05 7.710967e-05 0.0007357548 7.068387e-05 0.0004755096 4.498064e-05 0 0.0001285161 0.0004176774 0.002001639 0.01216084 1.927742e-05 0.0001124516 5.461935e-05 8.674838e-05 0.0003341419 0.0003566322 0.01776093 0.01324359 0.0004080387 6.425806e-06 9.959999e-05 0.0001124516 0 0 0.0004048258 2.570322e-05 0.001307652 0.0003566322 0.0006875612 0.0002827355 5.140645e-05 3.212903e-06 5.461935e-05 0
0.0007261161 0 3.534193e-05 0.03067037 0.0001188774 0.01091744 0.0003919742 0.004713329 0.01139938 0.02301081 0.0007871612 0.09505374 0.001458658 0.006445083 0.005442658 3.212903e-06 3.534193e-05 0.0005654709 0.0006843483 0.005442658 9.638709e-06 3.212903e-06 1.927742e-05 0.00422818 0 0.001413677 0.000231329 0.0306768 0.009895741 4.176774e-05 3.212903e-05 0.001005639 0.0003694838 0.005420167 7.710967e-05 0.003723755 0.0001734968 0.01013028 0.0004883613 0.004321355 0.0002152645 0.0001060258 9.638709e-05 0 3.212903e-06 1.927742e-05 0.002898039 1.285161e-05 0.0005558322 0.002477148 9.959999e-05 0.001381548 0.006361548 3.212903e-06 0.004099664 0 5.461935e-05 2.891613e-05 0 0 1.285161e-05 9.638709e-06 0.003280374 0 0 1.285161e-05 0.003296438 0 4.819355e-05 3.212903e-05 0.01171103 0.0001156645 3.212903e-06 0 5.461935e-05 9.638709e-06 0.0001831355 0 0.0002152645 9.638709e-06 0.0003566322 4.819355e-05 0.0008000129 5.140645e-05 3.212903e-06 6.425806e-06
0.0005012129 0.0001188774 0.03188485 6.425806e-06 0 0.0001445806 0.0228598 0.002319716 0.0001092387 0.0003694838 0.001240181 2.570322e-05 0.000131729 0.002104451 1.606452e-05 0.02259313 0.02013205 0.0006168774 0.01119054 9.638709e-06 0.2562322 0.007290077 0.2363668 0.008861187 1.927742e-05 0.01432633 0.02987679 0.07020514 0.003016916 0.1140934 1.285161e-05 4.819355e-05 0.0005654709 0.1194108 0.001625729 0.2369484 0.05914954 0.2413436 0.03896287 0.002721329 9.638709e-06 8.674838e-05 0.000928529 6.425806e-06 3.855484e-05 0.0001445806 9.638709e-06 0 0 0.0001992 6.425806e-06 1.606452e-05 2.891613e-05 3.212903e-06 0 9.638709e-06 2.570322e-05 0 0.03044868 0.0001124516 3.212903e-06 9.959999e-05 0 0.02796832 0.004170348 0.01194557 0.0121255 0 0.0001638581 0.003688413 0.01976257 6.425806e-05 0.006139858 0 0 3.534193e-05 0.0006682838 1.927742e-05 0.001947019 7.389677e-05 0.0002024129 5.140645e-05 3.212903e-06 0 3.212903e-06 6.425806e-06
1.285161e-05 0.05192051 0.0003855484 6.425806e-06 5.783225e-05 1.285161e-05 0.0003277161 6.425806e-06 0.07179874 9.638709e-06 9.317419e-05 7.068387e-05 0.003338206 9.638709e-06 0.0003148645 0.0601102 0.0001992 5.783225e-05 0.0005237032 3.212903e-06 0.007290077 0.005407316 0.005802503 0.09117576 0.01950875 0.01106524 0.08568812 0.006033832 1.285161e-05 0.001211264 0.0001767097 0 3.212903e-06 0.0007421806 4.498064e-05 0.004787225 0.002204051 0.002885187 0.0004530193 0.0008096516 3.212903e-06 0.001805651 1.606452e-05 3.212903e-06 0.00121769 0.0004401677 6.425806e-06 0 3.212903e-06 0.0002570322 0 6.425806e-06 1.285161e-05 6.104516e-05 3.212903e-06 5.461935e-05 1.606452e-05 0 0.04280229 0.0002730968 4.498064e-05 0.0007261161 0 0.006046683 0.006583238 0.01538017 0.01106524 4.498064e-05 0.00151649 0.07401243 0.009159987 6.425806e-06 0.0007839483 1.606452e-05 0 3.212903e-06 0.0003373548 9.638709e-06 0.0005558322 0.0001124516 0.0003373548 7.710967e-05 3.212903e-06 0 1.606452e-05 3.212903e-06
0.003267522 0.0001028129 0.1107006 5.461935e-05 0 0.001137368 0.05888609 0.01434882 3.534193e-05 0.002162284 0.001208052 8.353548e-05 0.0003116516 0.01383155 6.425806e-06 0.01611271 0.07816672 0.001140581 0.01782197 1.927742e-05 0.2363668 0.005802503 0.203049 0.006804929 6.425806e-06 0.06400745 0.1303507 0.06687336 0.01344921 0.06579383 9.638709e-06 0.0002988 0.0009992128 0.1079375 0.001911677 0.3460811 0.1354206 0.2804864 0.1150155 0.006972 8.674838e-05 0.0001542193 0.001326929 1.285161e-05 0.0003919742 0.001243393 6.425806e-06 0 0 0.0007164774 3.855484e-05 9.638709e-06 4.498064e-05 1.606452e-05 6.425806e-06 6.425806e-06 3.855484e-05 0 0.04566178 0.001034555 2.570322e-05 0.0002152645 3.212903e-06 0.003653071 0.006827419 0.03881187 0.003081174 6.425806e-06 0.0003726968 0.08205433 0.005021767 8.674838e-05 0.000793587 0 0 3.212903e-06 0.001449019 0.0002377548 0.01904609 0.0002056258 0.00137191 0.0004562322 4.498064e-05 3.212903e-06 0 1.927742e-05
0.002229755 0.05979855 0.002920529 0.02356664 0.0005718967 0.002139793 0.1316937 0.002557471 0.03544796 0.008456361 0.0005076387 0.004109303 0.002685987 0.003338206 0.009523045 0.01418497 0.001905251 0.0003694838 0.001664284 0.00422818 0.008861187 0.09117576 0.006804929 0.05340166 0.01211586 0.02131119 0.1605231 0.09843692 0.02842777 0.08894601 0.000167071 0.0004722967 0.01351026 0.02493855 0.0003566322 0.09301997 0.01820431 0.05446192 0.006660348 0.006313354 0.0002602451 0.0006682838 0.0004530193 0.0006972 0.0003919742 0.001288374 0.005015342 5.783225e-05 0.0006682838 0.02613697 0.001503639 0.02149111 0.01037768 0.000167071 0.003518129 7.068387e-05 0.00301049 9.638709e-05 0.0179537 0.0004819355 0.0002088387 0.001619303 0.004514129 0.03112982 0.01504281 0.008048322 0.1756944 5.783225e-05 0.003845845 0.008160774 0.2058796 0.003450658 0.01882761 9.638709e-06 0.0005718967 0.0007196903 0.003020129 2.249032e-05 0.005513342 0.0006972 0.007479638 0.00121769 0.004655496 0.001227329 3.534193e-05 0.0001381548
3.212903e-06 0.02795868 2.570322e-05 3.212903e-06 1.285161e-05 2.249032e-05 1.927742e-05 1.927742e-05 0.01206445 1.927742e-05 0.002708477 3.855484e-05 0.07392569 1.606452e-05 0.0001028129 0.000167071 2.891613e-05 0.0002441806 0.000462658 0 1.927742e-05 0.01950875 6.425806e-06 0.01211586 0.0048804 0.02360199 0.05617761 0.0001092387 1.285161e-05 2.249032e-05 0.003476361 1.927742e-05 0 0.0002827355 1.606452e-05 0.0004241032 0.004295651 0.00711658 0.0006650709 0.0002570322 1.927742e-05 0.02142042 2.570322e-05 3.212903e-06 0.0005204903 3.534193e-05 3.212903e-06 0 0 1.285161e-05 0 0.0001863484 9.638709e-06 0.0006554322 0 0.005220967 9.638709e-06 0 2.249032e-05 2.570322e-05 0.0007004129 0.001037768 0 0 0.0002730968 9.638709e-06 0.0001863484 0.001127729 0.004851484 0.007000916 1.927742e-05 0 3.212903e-06 0.0008032258 0 0 5.461935e-05 0 0.0001092387 0.001397613 0.0002795226 6.747096e-05 3.212903e-06 0 0.0004144645 0
0.007274012 0.01692557 0.3890504 0.0006972 0.0002441806 0.01264277 0.06094556 0.01897219 0.009192116 0.01360022 0.1376536 0.008170412 0.02970008 0.02621408 0.0005494064 0.003643432 0.0894922 0.08301178 0.08084949 0.001413677 0.01432633 0.01106524 0.06400745 0.02131119 0.02360199 0.2684445 0.4064097 0.0148661 0.03976931 0.03858697 0.0129223 0.00560009 0.002072322 0.1224148 0.0006136645 0.1091744 0.3108516 0.3331813 0.05697441 0.004276374 0.0002056258 0.003556684 0.0004883613 3.212903e-05 0.01155681 0.02453051 4.498064e-05 3.212903e-06 8.996128e-05 0.0005847483 0.0001574322 0.0008353548 0.0004851484 0.01148934 0.0002473935 0.01856094 0.000266671 1.285161e-05 0.002159071 0.01294157 0.02513454 0.1004321 5.140645e-05 0.0006779225 0.001024916 0.001224116 0.003620942 0.007961574 0.2091696 0.2421661 0.002126942 0.000131729 0.0006650709 0.005690051 6.425806e-06 1.285161e-05 0.005355909 0.0002184774 0.007942296 0.01901396 0.008935083 0.003672348 0.0002056258 6.425806e-06 0.0006843483 4.498064e-05
0.001031342 0.03320535 0.05790936 0.0001959871 0.0001220903 0.002204051 0.02422529 0.002493213 0.02598596 0.00261209 0.0140179 0.001449019 0.05128115 0.003775161 0.0005204903 0.1217112 0.2326688 0.01492393 0.06979068 0.000231329 0.02987679 0.08568812 0.1303507 0.1605231 0.05617761 0.4064097 0.2996867 0.08913878 0.005751096 0.005625793 0.01413999 0.000828929 0.0002763097 0.1386753 0.001163071 0.2298575 0.1677714 0.2458899 0.04093881 0.002679561 5.140645e-05 0.002258671 0.0006425806 5.783225e-05 0.05633504 0.07433372 1.927742e-05 6.425806e-06 6.747096e-05 0.001211264 0.0001028129 0.0008064387 0.000363058 0.009092516 0.0001092387 0.02018024 0.0002955871 9.638709e-06 0.007804141 0.05295828 0.01649826 0.06121223 1.927742e-05 0.001555045 0.02090315 0.01668139 0.005953509 0.01016563 0.1527221 0.7206927 0.005513342 0.0001992 0.0005943871 0.006811354 3.212903e-06 0 0.01858343 0.0006393677 0.03361018 0.02026378 0.01990715 0.007572812 0.0003598451 9.638709e-06 0.0008578451 9.638709e-05
0.006814567 0.0007678838 0.02113448 0.09143279 0.0001285161 0.005230606 0.2625552 0.005137432 0.02832495 0.06909991 0.0004241032 0.04659673 0.0007582451 0.008562387 0.002695626 0.01189417 0.006522193 0.0002827355 0.001275522 0.0306768 0.07020514 0.006033832 0.06687336 0.09843692 0.0001092387 0.0148661 0.08913878 0.1721923 0.04828672 0.1912384 1.927742e-05 0.0005815354 0.01203875 0.03943517 0.0005751096 0.1404617 0.03148002 0.08218927 0.01076001 0.003453871 0.0002602451 6.747096e-05 0.0007068387 0.0007261161 0.0001606452 0.0009992128 0.00799049 3.855484e-05 0.0009478064 0.02945589 0.001304439 0.00861058 0.01634404 9.959999e-05 0.003155071 9.638709e-06 0.002570322 0.0001574322 0.01091102 0.0003437806 0.0001606452 0.0002249032 0.005966361 0.02974827 0.005976 0.006641071 0.097759 2.570322e-05 0.001259458 0.009025045 0.2018346 0.004578387 0.03295153 6.425806e-06 0.0003694838 0.001291587 0.002926955 1.606452e-05 0.0052788 0.0005429806 0.00579929 0.0009124645 0.00323218 0.0007582451 1.285161e-05 9.638709e-05
0.1028 2.249032e-05 0.02520844 0.008996128 0.0001831355 0.02831853 0.185452 0.01821395 0.0007164774 0.136905 0.005571174 0.03025912 0.005426593 0.1392472 0.0004755096 5.461935e-05 0.03149288 0.004041832 0.01492393 0.009895741 0.003016916 1.285161e-05 0.01344921 0.02842777 1.285161e-05 0.03976931 0.005751096 0.04828672 0.2625584 0.2043824 0.0001702839 0.02072001 0.04565535 0.0543077 7.068387e-05 0.02040836 0.002040193 0.0499253 0.003800864 0.003617729 0.005082813 0.0007004129 0.0005076387 3.534193e-05 1.927742e-05 0.0001124516 0.0001510064 0 4.819355e-05 0.0015936 5.140645e-05 0.0002120516 0.0002955871 9.638709e-06 0.0001927742 6.425806e-06 8.032258e-05 0 3.212903e-05 4.498064e-05 1.927742e-05 9.317419e-05 0.0001606452 0.0001638581 3.212903e-06 0.0001863484 0.004038619 6.425806e-06 0.0002345419 0.0004819355 0.005368761 0.0001413677 0.0003052258 0 4.498064e-05 2.570322e-05 0.0001381548 0 0.0004401677 2.570322e-05 0.0004080387 7.389677e-05 0.0003502064 6.747096e-05 0 3.212903e-06
0.04212437 6.747096e-05 0.03179168 0.0001574322 2.249032e-05 0.001008852 0.1042908 0.02875869 0.002396826 0.001233755 0.001259458 0.0001477935 0.000462658 0.06741634 0.0002216903 0.002441806 0.04240711 0.001561471 0.01915533 4.176774e-05 0.1140934 0.001211264 0.06579383 0.08894601 2.249032e-05 0.03858697 0.005625793 0.1912384 0.2043824 0.1206188 3.212903e-05 0.0008225032 0.07231602 0.1609407 0.0012948 0.241893 0.04310431 0.1887516 0.02434417 0.001638581 0.0001285161 8.353548e-05 0.001265884 0.0003919742 3.212903e-05 0.0004498064 2.570322e-05 0 0.0001124516 0.004658709 0.0006233032 0.001577535 0.0001156645 2.891613e-05 9.638709e-06 3.212903e-06 0.001224116 3.212903e-06 0.005265948 0.0001188774 4.819355e-05 0.0001574322 1.285161e-05 0.01923565 0.001686774 0.003052258 0.03935485 9.638709e-06 0.0005751096 0.0007453935 0.08174268 0.001966297 0.01966297 0 9.638709e-05 0.0006907741 0.0009188903 2.249032e-05 0.002454658 0.0002923742 0.001580748 0.0003341419 0.0005783225 0.0002184774 6.425806e-06 3.855484e-05
3.212903e-06 0.000263458 8.353548e-05 6.425806e-06 0 0.0002506064 6.747096e-05 0.0001124516 8.674838e-05 0.0001927742 0.01168533 0.0001863484 0.01363556 0.0001188774 6.425806e-06 1.927742e-05 1.927742e-05 0.003312503 0.0007229032 3.212903e-05 1.285161e-05 0.0001767097 9.638709e-06 0.000167071 0.003476361 0.0129223 0.01413999 1.927742e-05 0.0001702839 3.212903e-05 0.003778374 0.0001124516 0 0.002030555 6.425806e-06 0.0006425806 0.02204051 0.01458979 0.002554258 0.0001220903 3.212903e-05 0.001281948 9.638709e-06 0 0.000363058 2.570322e-05 3.212903e-06 0 0 6.425806e-06 3.212903e-06 0.0001477935 6.425806e-06 0.001789587 3.212903e-06 0.007945509 3.212903e-06 9.638709e-06 2.570322e-05 0 0.001082748 0.0002184774 0 3.212903e-06 0.0002056258 3.212903e-06 0.0002923742 0.001596813 0.006351909 0.006348696 1.606452e-05 6.425806e-06 0 0.002207264 0 0 5.461935e-05 6.425806e-06 7.068387e-05 0.008607367 0.0003052258 5.461935e-05 3.212903e-06 0 0.0003180774 0
0.0007839483 9.638709e-06 0.0007678838 0.0003662709 0.005237032 0.02555543 0.003694838 0.009249948 0.0004819355 0.008321419 0.004260309 0.007036258 0.00942987 0.01203875 0.01255602 9.638709e-06 0.0004016129 0.00236791 0.002232968 0.001005639 4.819355e-05 0 0.0002988 0.0004722967 1.927742e-05 0.00560009 0.000828929 0.0005815354 0.02072001 0.0008225032 0.0001124516 0.0001381548 0.000263458 0.036852 1.606452e-05 0.0153384 0.0008835483 0.02301724 0.002294013 0.02736751 0.03694838 0.0009317419 0.0004851484 0 0 0 5.140645e-05 0 4.176774e-05 0.0001028129 6.425806e-06 3.534193e-05 8.674838e-05 3.212903e-06 0.0001220903 6.425806e-06 1.285161e-05 3.212903e-06 3.212903e-06 3.212903e-06 3.212903e-06 2.249032e-05 5.461935e-05 0 0 1.606452e-05 0.0001734968 0 7.068387e-05 4.176774e-05 0.0002120516 0 9.638709e-06 0 3.212903e-06 0 9.638709e-06 0 0.0002056258 0 2.891613e-05 0 6.104516e-05 3.212903e-06 0 0
0.003550258 0 0.001452232 0.0009445935 0 0.000363058 0.02099632 0.001114877 0.0002988 0.006278012 7.389677e-05 0.0003759097 3.534193e-05 0.002602451 3.855484e-05 9.638709e-06 0.002011277 9.638709e-05 0.000960658 0.0003694838 0.0005654709 3.212903e-06 0.0009992128 0.01351026 0 0.002072322 0.0002763097 0.01203875 0.04565535 0.07231602 0 0.000263458 0.00226831 0.006082025 0 0.0007100516 0.0001413677 0.00490289 0.0002184774 6.747096e-05 3.212903e-06 0 1.285161e-05 1.285161e-05 0 6.425806e-06 1.285161e-05 3.212903e-06 0 0.0003694838 3.534193e-05 7.710967e-05 2.891613e-05 0 6.425806e-06 3.212903e-06 2.570322e-05 0 6.425806e-06 3.212903e-06 0 6.425806e-06 3.212903e-06 3.534193e-05 0 0.0001124516 0.001497213 0 2.570322e-05 2.891613e-05 0.001587174 3.212903e-05 9.638709e-05 0 3.212903e-06 0 3.212903e-05 0 7.389677e-05 3.212903e-06 9.317419e-05 1.927742e-05 3.212903e-05 1.606452e-05 0 0
0.005089238 0.0002088387 0.06232389 0.002988 0.000761458 0.0383717 0.04401356 0.01420103 0.001024916 0.05304824 0.05107552 0.02750245 0.008475638 0.02346062 0.001208052 0.01243715 0.02489036 0.02695304 0.09326094 0.005420167 0.1194108 0.0007421806 0.1079375 0.02493855 0.0002827355 0.1224148 0.1386753 0.03943517 0.0543077 0.1609407 0.002030555 0.036852 0.006082025 0.05036547 3.855484e-05 0.009066812 0.0109303 0.09671481 0.00651898 0.00753747 0.0002988 0.001021703 0.0002891613 1.606452e-05 0.0001285161 0.0003373548 8.996128e-05 0 0.0001028129 0.0009638709 7.710967e-05 0.0002216903 0.000266671 5.783225e-05 0.0003052258 8.032258e-05 0.0001060258 0 0.0007453935 0.0002088387 0.0001542193 0.001037768 0.000131729 0.001159858 0.0001767097 0.0005012129 0.003945445 5.140645e-05 0.001937381 0.002836993 0.005561535 0.0001220903 0.0007678838 1.285161e-05 1.927742e-05 4.498064e-05 0.0002056258 3.212903e-06 0.0005012129 7.068387e-05 0.0003534193 0.0001060258 0.0003148645 4.819355e-05 9.638709e-06 1.285161e-05
6.425806e-06 0 0.0006522193 4.819355e-05 0 7.710967e-05 0.0003566322 6.425806e-05 9.638709e-06 0.0001349419 8.996128e-05 0.0002249032 0.001359058 4.498064e-05 0 0.0004562322 4.498064e-05 3.855484e-05 0.0001638581 7.710967e-05 0.001625729 4.498064e-05 0.001911677 0.0003566322 1.606452e-05 0.0006136645 0.001163071 0.0005751096 7.068387e-05 0.0012948 6.425806e-06 1.606452e-05 0 3.855484e-05 0.7092066 0.2149657 0.008465999 0.005866761 0.01469903 8.674838e-05 0.001522916 0.004308503 0.004353484 0 3.534193e-05 0.0001028129 3.212903e-06 0 0 3.212903e-05 3.212903e-06 3.212903e-06 1.285161e-05 0.0003116516 3.212903e-06 2.249032e-05 0 0 4.498064e-05 0 1.927742e-05 1.606452e-05 3.212903e-06 1.606452e-05 6.425806e-06 6.747096e-05 3.212903e-05 1.285161e-05 0.0001767097 0.0001606452 6.747096e-05 0 6.425806e-06 9.638709e-06 0 0 9.638709e-06 0.3913669 0.001461871 0.000530129 0.0005654709 0.001876335 1.927742e-05 1.927742e-05 0.0005365548 2.891613e-05
0.0022908 0.0003212903 0.09429549 0.005368761 0.001021703 0.01192308 0.09841122 0.02530161 0.001953445 0.0420312 0.008244309 0.007932658 0.01183312 0.01451268 0.0005783225 0.0741795 0.007068387 0.008800141 0.03601986 0.003723755 0.2369484 0.004787225 0.3460811 0.09301997 0.0004241032 0.1091744 0.2298575 0.1404617 0.02040836 0.241893 0.0006425806 0.0153384 0.0007100516 0.009066812 0.2149657 0.08515799 0.5849186 0.156221 0.03668814 0.05745313 0.04261273 0.01524201 0.007139071 5.783225e-05 0.0002152645 0.000629729 8.032258e-05 0 6.104516e-05 0.00191489 0.0001734968 0.0005365548 0.0003341419 0.0001574322 5.140645e-05 5.461935e-05 0.000330929 3.212903e-06 0.004938232 0.0003084387 0.000131729 0.001497213 5.783225e-05 0.002817716 0.0008192903 0.003656284 0.009876464 4.498064e-05 0.002856271 0.004658709 0.01268775 0.0004369548 0.002017703 1.285161e-05 5.140645e-05 7.710967e-05 0.0003662709 0.00813507 0.006114154 0.001567897 0.0009092516 0.0004658709 0.0007453935 0.0001863484 6.747096e-05 0.0001702839
0.0002441806 0.002072322 0.04562644 0.0001188774 4.819355e-05 0.001490787 0.007675625 0.002024129 0.0009574451 0.002098026 0.05997205 0.0009188903 0.1221706 0.001600026 6.425806e-05 0.02230719 0.01111343 0.04538868 0.07693939 0.0001734968 0.05914954 0.002204051 0.1354206 0.01820431 0.004295651 0.3108516 0.1677714 0.03148002 0.002040193 0.04310431 0.02204051 0.0008835483 0.0001413677 0.0109303 0.008465999 0.5849186 0.04179987 0.0963646 0.08008482 0.01570788 0.003701264 0.002753458 0.003447445 1.285161e-05 0.0003726968 0.0003148645 3.212903e-06 0 6.425806e-06 6.747096e-05 1.606452e-05 0.000167071 1.285161e-05 0.002923742 6.425806e-06 0.008398528 4.498064e-05 0 0.001847419 0.0001606452 0.0004851484 0.002094813 3.212903e-06 0.0007100516 0.0003759097 0.001089174 0.001249819 0.0006907741 0.003996851 0.005326993 0.00141689 5.783225e-05 0.0002795226 0.0003212903 0 9.638709e-06 0.0003148645 0.0005815354 0.04068178 0.007665987 0.004167135 0.0001831355 3.534193e-05 3.212903e-06 0.003926167 3.212903e-06
0.004035406 0.00206911 0.09530434 0.007113367 0.001336568 0.04198622 0.09688509 0.02287266 0.001837781 0.1030892 0.10796 0.0403894 0.08623753 0.02033446 0.001040981 0.03801186 0.0187505 0.07312567 0.1120371 0.01013028 0.2413436 0.002885187 0.2804864 0.05446192 0.00711658 0.3331813 0.2458899 0.08218927 0.0499253 0.1887516 0.01458979 0.02301724 0.00490289 0.09671481 0.005866761 0.156221 0.0963646 0.1537438 0.05277514 0.01824286 0.001673922 0.01419782 0.003245032 3.855484e-05 0.0004433806 0.001031342 0.000167071 6.425806e-06 0.0001092387 0.00281129 0.0001510064 0.0004851484 0.0004369548 0.0001702839 0.0003148645 0.0003341419 0.000231329 9.638709e-06 0.002477148 0.000498 0.0004690838 0.003219329 0.0002152645 0.001387974 0.0003951871 0.001757458 0.008629858 0.0001606452 0.00572218 0.008922232 0.01015599 0.0003212903 0.0007453935 8.353548e-05 3.855484e-05 3.855484e-05 0.0004851484 0.0004690838 0.003778374 0.0004273161 0.001005639 0.0002506064 0.0006875612 0.0001156645 0.000131729 0.0001799226
0.0003148645 6.747096e-05 0.03104949 0.0005526193 9.317419e-05 0.003572748 0.01013028 0.00256711 0.0002120516 0.004433806 0.01495285 0.001876335 0.00733827 0.001824929 0.0001156645 0.008996128 0.004289226 0.01415284 0.01296406 0.0004883613 0.03896287 0.0004530193 0.1150155 0.006660348 0.0006650709 0.05697441 0.04093881 0.01076001 0.003800864 0.02434417 0.002554258 0.002294013 0.0002184774 0.00651898 0.01469903 0.03668814 0.08008482 0.05277514 0.001840993 0.0023904 8.674838e-05 0.003167922 0.0004433806 1.285161e-05 2.891613e-05 0.0001381548 6.425806e-06 0 1.606452e-05 0.0001767097 9.638709e-06 5.783225e-05 5.783225e-05 4.498064e-05 4.176774e-05 4.819355e-05 3.212903e-06 3.212903e-06 0.0004915742 8.032258e-05 8.353548e-05 0.0003277161 1.927742e-05 0.0001959871 7.710967e-05 0.0003437806 0.0007903741 2.891613e-05 0.0005879613 0.001140581 0.001021703 1.927742e-05 0.0001220903 1.606452e-05 1.285161e-05 3.212903e-06 5.140645e-05 0.001587174 0.002698839 0.0001092387 0.0001156645 7.068387e-05 6.104516e-05 2.249032e-05 4.176774e-05 0.0002184774
4.498064e-05 0.000761458 0.0007518193 0.003649858 0.02194734 0.06048933 0.002753458 0.07570885 0.01616412 0.00853347 0.002355058 0.02652894 0.007135858 0.01574322 0.01791515 0.001063471 0.0001477935 0.001587174 0.001638581 0.004321355 0.002721329 0.0008096516 0.006972 0.006313354 0.0002570322 0.004276374 0.002679561 0.003453871 0.003617729 0.001638581 0.0001220903 0.02736751 6.747096e-05 0.00753747 8.674838e-05 0.05745313 0.01570788 0.01824286 0.0023904 0.01684204 0.003656284 0.000861058 0.0005590451 6.425806e-06 0 1.606452e-05 0.0004048258 0 0.0007132645 0.0003534193 0.000167071 0.0002377548 0.001490787 6.425806e-06 0.002457871 6.425806e-06 5.140645e-05 0 7.068387e-05 0 9.638709e-06 3.855484e-05 0.0008160774 7.068387e-05 1.606452e-05 7.068387e-05 0.0008996128 0 0.0001253032 0.0001124516 0.001734968 3.855484e-05 3.855484e-05 3.212903e-06 8.996128e-05 6.425806e-06 0.0001028129 3.855484e-05 0.001057045 9.638709e-06 0.0001477935 1.606452e-05 0.001159858 2.249032e-05 0 3.212903e-06
