0.01589608 0 0.0006967923 0.0003985544 0 0.002751923 0.09707917 0.004723005 0.0001301402 0.003077273 0.0002114778 0.0001192952 4.880257e-05 0.04631635 5.422508e-06 5.422508e-06 0.01380842 0.0003226392 0.0010601 0.0002846817 0.004400365 1.626752e-05 0.03836696 0.000959784 2.711254e-06 0.002263897 0.001049255 0.008347952 0.06637692 0.0975211 5.422508e-06 0.000170809 0.0008540451 0.00955446 2.440129e-05 0.0009760515 0.0001897878 0.00622504 0.0002250341 0.0002196116 0.0002006328 5.422508e-06 8.133762e-06 0 2.711254e-06 1.355627e-05 8.133762e-06 0 2.711254e-06 9.218264e-05 8.133762e-06 2.169003e-05 5.422508e-06 0 0 0 2.711254e-06 0 2.711254e-06 2.711254e-06 0 8.133762e-06 5.422508e-06 5.422508e-06 2.711254e-06 5.422508e-06 0.0002223228 2.711254e-06 2.711254e-05 5.693634e-05 0.0002548579 8.133762e-06 0 0 0 0 1.084502e-05 2.711254e-06 2.440129e-05 2.711254e-06 1.626752e-05 0 2.711254e-06 0 0 0
0 0.004118395 0.00412924 0 2.711254e-06 2.711254e-06 1.626752e-05 2.711254e-06 0.008209678 0 0.001138727 2.711254e-06 0.004560329 8.133762e-06 3.52463e-05 7.591512e-05 0.00646363 7.049261e-05 0.0004744695 0 1.084502e-05 0.05465346 0.0001735203 0.01177498 0.02817535 0.005357438 0.123842 0.000170809 2.711254e-06 8.133762e-06 5.964759e-05 0 2.711254e-06 0.0001003164 0 0.0004202444 0.002087666 0.0005910534 0.0002033441 4.609132e-05 2.711254e-06 0.002383192 0 2.711254e-06 0.0004880257 0.003020337 0 0 0 5.151383e-05 5.422508e-06 2.711254e-06 2.711254e-06 8.133762e-05 0 0.0001301402 2.711254e-06 0 0.0001084502 0.000948939 7.049261e-05 0.0003822868 0 2.98238e-05 3.253505e-05 0.0004039769 0.0001301402 0.0001301402 0.002453685 0.01249888 8.676013e-05 2.711254e-06 5.422508e-06 5.422508e-05 0 0 0.0001274289 0 0.0003009492 0.000298238 0.0001653865 1.626752e-05 0 0 8.133762e-06 0
0.0006967923 0.00412924 0.04101043 0.0002169003 0 0.0009760515 0.05262002 0.005381839 0.000309083 0.003001358 0.0002467241 1.897878e-05 3.795756e-05 0.007309541 1.084502e-05 0.006086766 0.3673587 0.002952556 0.01671759 6.235885e-05 0.05593317 0.006482609 0.2078366 0.01444285 1.084502e-05 0.1789129 0.2633034 0.08856583 0.001569816 0.003367378 5.422508e-06 1.626752e-05 0.0001165839 0.01474651 5.964759e-05 0.05057573 0.06344064 0.04189701 0.01184276 0.0008920026 6.50701e-05 1.355627e-05 0.000149119 7.049261e-05 0.005956625 0.03067242 0 0 2.711254e-06 0.0007157711 0.000138274 5.693634e-05 2.169003e-05 3.52463e-05 0 5.422508e-05 0.0001436965 2.711254e-06 0.0009380939 0.01140082 5.693634e-05 0.001737914 0 0.0008676013 0.0002304566 0.01157163 0.001022143 2.169003e-05 0.01254768 0.06364669 0.001282423 7.320386e-05 0.0001626752 2.169003e-05 2.711254e-06 5.422508e-06 0.001973793 2.711254e-05 0.004308183 0.004462724 0.00311252 0.0003334843 1.626752e-05 2.711254e-06 5.422508e-06 1.897878e-05
0.0003985544 0 0.0002169003 0.06763223 0.0001192952 0.00412924 0.0002738367 0.002730233 0.05777411 0.03574789 0.0001057389 0.07203531 2.98238e-05 0.002497065 0.004245824 5.422508e-06 9.48939e-05 1.084502e-05 0 0.0977136 5.422508e-05 0 0.0001518302 0.03788978 0 1.626752e-05 2.169003e-05 0.08362863 0.005544515 3.253505e-05 2.711254e-06 6.235885e-05 0.0001762315 0.001483056 5.422508e-05 0.003540898 3.795756e-05 0.008006333 0.0006371447 0.007854503 0.0002575691 1.084502e-05 3.52463e-05 8.133762e-06 0 0 0.00657208 8.133762e-06 0.0002846817 0.003852692 0.0004338007 0.002545868 0.006799825 5.422508e-06 0.002719388 0 0.0002033441 6.50701e-05 5.422508e-06 0 0 0 0.001775871 2.711254e-06 5.422508e-06 8.133762e-06 0.009722557 0 0 5.422508e-06 0.01427475 0.0003389068 5.422508e-06 0 3.795756e-05 8.133762e-06 0.0002657029 0 0.0006967923 0 0.0002033441 1.897878e-05 0.001830097 1.626752e-05 0 0
0 2.711254e-06 0 0.0001192952 0.0008296438 0.00235608 4.609132e-05 6.235885e-05 0.000948939 8.133762e-05 0 0.001049255 0 4.338007e-05 0.0222594 0 0 0 0 0.0002765479 0 2.440129e-05 0 0.0004554907 0 0 1.084502e-05 9.218264e-05 5.422508e-06 2.711254e-06 0 0.005248988 0 5.422508e-06 0 5.422508e-05 0 4.066881e-05 0 0.01305469 7.320386e-05 0 0 0 0 0 0 0 0 0 0 2.711254e-06 2.711254e-06 0 0 0 0 2.711254e-06 0 0 0 0 0 0 5.422508e-06 0 1.897878e-05 0 0 0 8.133762e-06 0 0 0 0 0 0 0 5.422508e-06 0 0 0 2.711254e-06 0 0 0
0.002751923 2.711254e-06 0.0009760515 0.00412924 0.00235608 0.2137851 0.03508092 0.0946553 0.001146861 0.1870847 0.0008242213 0.116123 0.0001843653 0.02836243 0.02107458 2.711254e-06 0.002009039 0.0001084502 0.000138274 0.03570451 0.0005639409 2.711254e-06 0.00495075 0.001439676 0 0.0006479897 0.0002033441 0.03870858 0.01024854 0.003139632 1.084502e-05 0.01287846 0.0002114778 0.0050592 2.98238e-05 0.005604162 0.0001192952 0.01152283 0.0005476733 0.04169909 0.002076821 2.98238e-05 2.711254e-05 2.711254e-06 0 2.711254e-06 0.0001762315 0 5.422508e-06 0.0004202444 2.711254e-06 8.676013e-05 0.0002385904 0 0.0001436965 0 1.626752e-05 0 0 0 0 0 4.066881e-05 5.422508e-06 2.711254e-06 2.711254e-06 0.0008947139 0 5.422508e-06 1.084502e-05 0.001130593 2.440129e-05 2.711254e-06 0 0 0 5.422508e-06 0 7.862637e-05 0 3.52463e-05 2.711254e-06 8.676013e-05 0 0 0
0.09707917 1.626752e-05 0.05262002 0.0002738367 4.609132e-05 0.03508092 0.2485786 0.1706165 0.02827296 0.08126442 0.0009868965 0.0003497518 0.0002494354 0.3363419 0.0006805248 0.0001355627 0.03152646 0.000458202 0.0009950303 0.0003687306 0.0794045 0.0001653865 0.1679812 0.02809673 0 0.005354727 0.00350294 0.2554137 0.1034425 0.1748 1.626752e-05 0.0007076373 0.01053051 0.02708001 0.0002304566 0.04448626 0.002201538 0.1004628 0.009462277 0.005346593 0.001952103 7.591512e-05 0.0005070045 5.964759e-05 1.355627e-05 8.133762e-05 0.001236332 8.133762e-06 7.862637e-05 0.01457841 0.0005720746 0.004226845 0.001515591 1.897878e-05 0.0001138727 0 0.0003253505 2.440129e-05 0.0002440129 2.711254e-05 2.711254e-06 1.355627e-05 0.0002223228 0.0001680978 0.0002358791 0.0001626752 0.04168824 0 3.52463e-05 0.0004148219 0.04146863 0.001759604 9.760515e-05 0 2.440129e-05 0.000192499 0.0006886586 0 0.002494354 2.440129e-05 0.001683689 0.0003036605 0.000788975 0.0001084502 0 1.626752e-05
0.004723005 2.711254e-06 0.005381839 0.002730233 6.235885e-05 0.0946553 0.1706165 0.1240507 0.0005639409 0.172246 0.001670133 0.02778493 0.0004039769 0.1101637 0.001008587 1.626752e-05 0.01841484 0.000523272 0.001293268 0.01916043 0.005002264 1.897878e-05 0.04860465 0.001428831 0 0.005281523 0.001309536 0.04086673 0.01531316 0.01609672 3.795756e-05 0.004741983 0.0005693634 0.01044917 1.355627e-05 0.006395849 0.000330773 0.01458655 0.0007428836 0.01460824 0.006349757 3.52463e-05 4.066881e-05 2.711254e-06 2.711254e-06 8.133762e-06 6.50701e-05 0 0 0.0002846817 1.084502e-05 8.947139e-05 5.693634e-05 0 2.98238e-05 0 5.422508e-06 2.711254e-06 2.711254e-06 0 0 5.422508e-06 1.355627e-05 2.711254e-06 0 8.133762e-06 0.000672391 2.711254e-06 3.253505e-05 5.964759e-05 0.0007374611 1.084502e-05 2.711254e-06 0 0 2.711254e-06 5.422508e-06 0 5.151383e-05 0 2.440129e-05 5.422508e-06 3.795756e-05 0 0 0
0.0001301402 0.008209678 0.000309083 0.05777411 0.000948939 0.001146861 0.02827296 0.0005639409 0.007469505 0.02396478 7.591512e-05 0.005303213 0.0003605968 0.0006262997 0.00404248 0.0005314058 0.0005259833 1.084502e-05 6.50701e-05 0.02567287 0.0003768643 0.04426394 0.0005856309 0.1988596 0.003126076 0.0004446457 0.03155358 0.1032825 0.001545415 0.002491643 1.355627e-05 1.084502e-05 0.0002087666 0.0005802084 1.355627e-05 0.002640762 0.0003849981 0.003755087 0.0003904206 0.004243113 7.320386e-05 7.862637e-05 3.253505e-05 4.066881e-05 1.355627e-05 2.169003e-05 0.003844558 5.422508e-06 2.711254e-05 0.003201991 0.0001952103 0.00473385 0.003570722 0 0.0008513338 1.626752e-05 0.0001572527 0.0001545415 0.001314958 2.98238e-05 8.133762e-06 1.084502e-05 0.0008540451 0.0003443293 0.002309989 0.0001084502 0.03908002 1.355627e-05 6.50701e-05 0.000149119 0.02326798 0.000948939 0.0001030277 5.422508e-06 1.355627e-05 0.0002087666 0.0003172167 2.711254e-06 0.001645731 3.795756e-05 0.0009652065 0.0001545415 0.00082151 1.626752e-05 2.711254e-06 2.440129e-05
0.003077273 0 0.003001358 0.03574789 8.133762e-05 0.1870847 0.08126442 0.172246 0.02396478 0.3235448 0.002038863 0.04847451 0.0003443293 0.07319302 0.00149119 5.422508e-06 0.001645731 0.0001436965 0.0001979216 0.06307462 0.001065523 1.355627e-05 0.004709448 0.0101184 2.711254e-06 0.0007483061 0.0002819704 0.1833377 0.05705021 0.0008920026 2.440129e-05 0.001100769 0.0008676013 0.01580932 0.0002385904 0.01247177 0.0002955267 0.06548763 0.003201991 0.02064349 0.002540445 3.253505e-05 0.0003009492 1.355627e-05 2.711254e-06 8.133762e-06 0.007689117 1.355627e-05 0.0002060553 0.006721199 0.0003904206 0.002798014 0.007504751 2.711254e-06 0.001800273 0 0.0001789428 6.235885e-05 1.897878e-05 2.711254e-06 0 0 0.001876188 8.133762e-06 2.711254e-06 8.133762e-06 0.01489563 0 0 2.98238e-05 0.02153007 0.0004365119 1.355627e-05 0 2.98238e-05 5.422508e-06 0.0002657029 0 0.0007455949 2.711254e-06 0.0003334843 3.253505e-05 0.001981927 2.440129e-05 0 0
0.0002114778 0.001138727 0.0002467241 0.0001057389 0 0.0008242213 0.0009868965 0.001670133 7.591512e-05 0.002038863 0.1544168 0.001203797 0.05681433 0.004169909 1.084502e-05 3.52463e-05 0.005650254 0.03754002 0.01476549 0.0009055589 0.0001436965 0.0005910534 0.001051967 0.0001843653 0.008738372 0.0765143 0.02014191 0.0009299602 0.003559877 0.0002141891 0.004451879 0.0006208772 8.133762e-06 0.06393137 2.169003e-05 0.01165568 0.056855 0.1583888 0.01547042 0.002049708 0.000352463 0.005316769 4.609132e-05 0 6.50701e-05 3.795756e-05 5.422508e-06 0 0 2.440129e-05 0 1.626752e-05 2.711254e-06 0.001417986 0 0.003858115 0 0 0 1.355627e-05 0.000523272 0.0002657029 0 0 1.626752e-05 1.626752e-05 6.778135e-05 0.0008377775 0.00194668 0.002808859 4.609132e-05 2.711254e-06 0 0.0007754187 0 0 8.133762e-06 0 0.0003009492 0.003302308 7.591512e-05 1.897878e-05 0 0 0.0003904206 0
0.0001192952 2.711254e-06 1.897878e-05 0.07203531 0.001049255 0.116123 0.0003497518 0.02778493 0.005303213 0.04847451 0.001203797 0.07365122 0.0001680978 0.01186174 0.01677724 0 2.440129e-05 8.947139e-05 5.151383e-05 0.07275922 8.133762e-06 1.897878e-05 6.778135e-05 0.001558971 0 0.0001735203 5.693634e-05 0.01079079 0.01244195 4.338007e-05 2.440129e-05 0.0009570727 5.422508e-06 0.005430642 1.897878e-05 0.002112067 4.338007e-05 0.01626752 0.0005368283 0.05261731 0.001765026 3.52463e-05 1.626752e-05 0 0 2.711254e-06 0.001727069 8.133762e-06 0.0005205608 0.0006588348 0.0005151383 0.0005747859 0.001754181 1.355627e-05 0.001789428 0 0.000298238 5.964759e-05 0 0 2.711254e-06 0 0.0006018984 0 0 0 0.00153457 0 0 2.711254e-06 0.002789881 0.0002141891 0 0 5.964759e-05 0 0.0001897878 0 0.0006127434 2.711254e-06 8.133762e-05 5.422508e-06 0.001079079 8.133762e-06 0 0
4.880257e-05 0.004560329 3.795756e-05 2.98238e-05 0 0.0001843653 0.0002494354 0.0004039769 0.0003605968 0.0003443293 0.05681433 0.0001680978 0.06525989 0.001168551 5.422508e-06 1.355627e-05 0.0001030277 0.001521014 0.001133304 0.0001680978 7.591512e-05 0.002949845 0.0001247177 0.0004554907 0.06085681 0.01959423 0.05679806 0.0002385904 0.0006805248 6.235885e-05 0.002713965 0.0001762315 5.422508e-06 0.01457841 0.0001220064 0.01243923 0.1374226 0.0685405 0.009898789 0.0007103486 0.0003036605 0.02679804 0.0001680978 0 0.0002901042 1.355627e-05 0 0 0 8.133762e-06 5.422508e-06 5.422508e-06 0 0.006043385 0 0.01580661 0 0 5.422508e-06 4.066881e-05 0.00229101 0.0008838689 0 5.422508e-06 2.440129e-05 5.422508e-06 2.711254e-05 0.003687306 0.008025312 0.01146589 5.422508e-06 0 0 0.003253505 0 0 7.320386e-05 0 0.000992319 0.01253955 0.0002711254 8.947139e-05 2.711254e-06 0 0.00218256 5.422508e-06
0.04631635 8.133762e-06 0.007309541 0.002497065 4.338007e-05 0.02836243 0.3363419 0.1101637 0.0006262997 0.07319302 0.004169909 0.01186174 0.001168551 0.2162198 0.0002738367 3.52463e-05 0.04114599 0.001217353 0.002890197 0.01092907 0.01268596 2.169003e-05 0.1144664 0.002787169 0 0.009982838 0.002857662 0.03185452 0.05773887 0.08155724 5.964759e-05 0.005018531 0.0006425672 0.0271749 3.253505e-05 0.01129508 0.000683236 0.03653686 0.001699956 0.0160696 0.009283334 0.0001084502 5.151383e-05 5.422508e-06 8.133762e-06 2.440129e-05 5.422508e-05 0 0 0.0003578855 8.133762e-06 8.676013e-05 3.253505e-05 5.422508e-06 1.897878e-05 2.711254e-06 5.422508e-06 0 8.133762e-06 5.422508e-06 0 8.133762e-06 8.133762e-06 5.422508e-06 1.897878e-05 2.169003e-05 0.0009543615 0 0.0001165839 0.0001653865 0.0008974251 4.609132e-05 2.711254e-06 0 0 5.422508e-06 1.084502e-05 2.711254e-06 0.0001274289 0 5.964759e-05 2.169003e-05 1.897878e-05 0 0 2.711254e-06
5.422508e-06 3.52463e-05 1.084502e-05 0.004245824 0.0222594 0.02107458 0.0006805248 0.001008587 0.00404248 0.00149119 1.084502e-05 0.01677724 5.422508e-06 0.0002738367 0.008103939 0 1.626752e-05 0 2.711254e-06 0.009147771 0 0.0004473569 1.084502e-05 0.009475833 8.133762e-06 1.084502e-05 0.0002684142 0.002309989 0.000149119 0 2.711254e-06 0.01961863 8.133762e-06 0.001596929 0 0.0002684142 2.711254e-06 0.0002087666 8.133762e-06 0.02099053 0.000138274 0 0 0 0 0 8.676013e-05 0 2.711254e-06 7.862637e-05 1.084502e-05 5.693634e-05 8.404888e-05 0 8.404888e-05 0 0 2.711254e-06 1.084502e-05 0 0 0 4.066881e-05 2.711254e-06 4.338007e-05 2.711254e-06 0.000319928 0 0 0 0.0003063717 2.440129e-05 0 0 0 0 2.711254e-06 0 6.50701e-05 0 1.626752e-05 2.711254e-06 6.235885e-05 0 0 2.711254e-06
5.422508e-06 7.591512e-05 0.006086766 5.422508e-06 0 2.711254e-06 0.0001355627 1.626752e-05 0.0005314058 5.422508e-06 3.52463e-05 0 1.355627e-05 3.52463e-05 0 0.03807143 0.00265974 5.964759e-05 0.0002087666 0 0.02808588 0.02710983 0.03364124 0.01948307 8.133762e-06 0.001201086 0.05161686 0.01728153 1.897878e-05 0.00404248 0 0 5.422508e-06 0.00458202 0.0001409852 0.04343158 0.01192681 0.02032085 0.004332584 0.000181654 3.52463e-05 1.626752e-05 0.0001653865 4.338007e-05 0.0004554907 0.001133304 2.711254e-06 0 5.422508e-06 0.0006534122 5.151383e-05 0.001887033 1.626752e-05 1.084502e-05 0 0 4.880257e-05 8.404888e-05 0.0869933 0.000330773 0 2.169003e-05 0 0.009931324 0.02727251 0.0404248 0.03157798 0 0.0001111614 0.04160691 0.02361773 0.001615907 0.0005286946 0 0 0.001035699 0.0006642573 0 0.004766385 0.0002196116 0.001325803 0.0001680978 0.0002169003 1.084502e-05 0 2.440129e-05
0.01380842 0.00646363 0.3673587 9.48939e-05 0 0.002009039 0.03152646 0.01841484 0.0005259833 0.001645731 0.005650254 2.440129e-05 0.0001030277 0.04114599 1.626752e-05 0.00265974 0.03714147 0.01685858 0.05847091 5.151383e-05 0.01047357 0.007233626 0.05183105 0.004375964 2.440129e-05 0.1519441 0.2897029 0.01620245 0.01406056 0.01184547 0 0.0001111614 0.001493901 0.02348488 4.066881e-05 0.04128698 0.06499147 0.03825851 0.0103597 0.0008567563 0.0001518302 1.897878e-05 0.000159964 1.084502e-05 0.006075921 0.02446365 5.422508e-06 0 2.711254e-06 0.0004338007 5.964759e-05 1.626752e-05 8.133762e-06 4.609132e-05 0 3.52463e-05 5.693634e-05 0 0.0004609132 0.009993683 0.0001030277 0.001835519 0 0.0002087666 0.0001762315 0.003440582 0.0006561235 4.880257e-05 0.01656034 0.04319299 0.000672391 5.422508e-05 5.422508e-05 1.355627e-05 0 8.133762e-06 0.001702668 2.440129e-05 0.00302576 0.003771355 0.001488479 0.0001653865 1.084502e-05 2.711254e-06 0 1.084502e-05
0.0003226392 7.049261e-05 0.002952556 1.084502e-05 0 0.0001084502 0.000458202 0.000523272 1.084502e-05 0.0001436965 0.03754002 8.947139e-05 0.001521014 0.001217353 0 5.964759e-05 0.01685858 0.01442658 0.04793768 7.862637e-05 0.0002223228 0.0001003164 0.0009733402 6.235885e-05 0.0003687306 0.05848175 0.01240128 0.0002087666 0.0005883421 0.0001545415 9.48939e-05 4.338007e-05 4.338007e-05 0.01040308 5.422508e-06 0.01354814 0.03612204 0.05876101 0.007057395 0.0002901042 2.440129e-05 0.0002358791 1.626752e-05 0 0.0001084502 0.0003145055 0 0 0 5.422508e-06 0 0 0 0.0004988708 0 0.0007401724 0 0 2.711254e-06 0.0001436965 0.0007130598 0.0005856309 0 5.422508e-06 2.711254e-06 6.50701e-05 5.422508e-06 0.0002141891 0.002071398 0.003389068 1.355627e-05 0 0 0.0002114778 0 0 2.711254e-05 0 0.0002819704 0.0007971087 4.066881e-05 2.169003e-05 0 0 8.133762e-06 0
0.0010601 0.0004744695 0.01671759 0 0 0.000138274 0.0009950303 0.001293268 6.50701e-05 0.0001979216 0.01476549 5.151383e-05 0.001133304 0.002890197 2.711254e-06 0.0002087666 0.05847091 0.04793768 0.01632988 4.880257e-05 0.0007781299 0.0002792592 0.004991419 0.0002114778 0.0001274289 0.1762017 0.1000263 0.0006479897 0.001765026 0.0005693634 3.52463e-05 2.169003e-05 0.0001680978 0.03788164 2.440129e-05 0.02927883 0.0461347 0.1206725 0.01152825 0.0004093994 8.947139e-05 0.0002196116 0.0001328515 0 0.0007184823 0.001713513 0 0 0 3.253505e-05 0 2.711254e-06 0 0.0002169003 0 0.0001518302 2.711254e-06 0 2.169003e-05 0.0007157711 0.0003497518 0.001857209 0 1.626752e-05 2.98238e-05 0.0001111614 2.98238e-05 8.404888e-05 0.007344787 0.009801184 4.338007e-05 2.711254e-06 8.133762e-06 5.151383e-05 0 0 0.000159964 2.711254e-06 0.0005829196 0.0006181659 0.0002304566 4.880257e-05 0 0 0 0
0.0002846817 0 6.235885e-05 0.0977136 0.0002765479 0.03570451 0.0003687306 0.01916043 0.02567287 0.06307462 0.0009055589 0.07275922 0.0001680978 0.01092907 0.009147771 0 5.151383e-05 7.862637e-05 4.880257e-05 0.01393585 2.169003e-05 2.711254e-06 9.760515e-05 0.007057395 2.711254e-06 0.0001843653 5.693634e-05 0.04382742 0.01380299 6.778135e-05 2.711254e-06 0.0005693634 2.98238e-05 0.004741983 4.880257e-05 0.002600093 6.50701e-05 0.01772076 0.0007239049 0.02607684 0.0009245377 4.338007e-05 5.422508e-05 0 0 5.422508e-06 0.003681883 2.711254e-06 8.404888e-05 0.002282876 0.0001274289 0.001352916 0.003497518 0 0.001323092 0 8.133762e-05 4.609132e-05 2.711254e-06 0 0 0 0.0009191152 0 0 0 0.005205608 0 2.711254e-06 5.422508e-06 0.007784011 0.0001545415 2.711254e-06 0 8.133762e-06 0 0.0001138727 0 0.0004961595 2.711254e-06 0.0001328515 8.133762e-06 0.001149572 5.422508e-06 2.711254e-06 2.711254e-06
0.004400365 1.084502e-05 0.05593317 5.422508e-05 0 0.0005639409 0.0794045 0.005002264 0.0003768643 0.001065523 0.0001436965 8.133762e-06 7.591512e-05 0.01268596 0 0.02808588 0.01047357 0.0002223228 0.0007781299 2.169003e-05 0.2472149 0.001632175 0.4271581 0.002155447 2.711254e-06 0.001727069 0.01066607 0.09569372 0.004519661 0.2166265 0 2.440129e-05 0.000639856 0.07509361 0.0005503846 0.1626942 0.02612293 0.1892781 0.02190964 0.0004283782 0.0003063717 0.000149119 0.0006479897 1.626752e-05 1.355627e-05 0.0001192952 1.084502e-05 5.422508e-06 5.422508e-06 0.0005042933 5.964759e-05 0.001027565 2.169003e-05 1.626752e-05 0 0 4.880257e-05 3.795756e-05 0.01701583 5.151383e-05 0 1.084502e-05 2.711254e-06 0.004839589 0.003538187 0.002629917 0.01498781 0 4.880257e-05 0.001765026 0.01349933 0.001352916 0.0003768643 0 2.711254e-06 0.0007862637 0.0003931319 0 0.00181654 7.591512e-05 0.0007916862 0.0001220064 0.0001247177 5.422508e-06 0 5.422508e-06
1.626752e-05 0.05465346 0.006482609 0 2.440129e-05 2.711254e-06 0.0001653865 1.897878e-05 0.04426394 1.355627e-05 0.0005910534 1.897878e-05 0.002949845 2.169003e-05 0.0004473569 0.02710983 0.007233626 0.0001003164 0.0002792592 2.711254e-06 0.001632175 0.01600996 0.01114325 0.1158492 0.03059379 0.004047902 0.2106428 0.009237243 4.338007e-05 0.0003877093 4.609132e-05 0 2.711254e-06 0.001173973 2.711254e-06 0.003006781 0.001591506 0.004592865 0.0004554907 0.0004283782 8.133762e-06 0.000832355 5.422508e-06 1.626752e-05 0.0002087666 0.0009218264 2.711254e-06 2.711254e-06 2.711254e-06 0.0003877093 4.880257e-05 0.001992772 2.711254e-05 7.862637e-05 2.711254e-06 0.0001409852 3.52463e-05 0.0001084502 0.02145958 0.0003633081 5.964759e-05 6.235885e-05 0 0.001962948 0.004614555 0.00910168 0.01643562 7.320386e-05 0.0004744695 0.02894535 0.008003622 0.0005991872 0.000170809 4.338007e-05 0 0.0002548579 0.0001979216 2.711254e-06 0.001266156 0.0001680978 0.0006913698 0.0001057389 0.000159964 2.711254e-06 5.422508e-06 1.084502e-05
0.03836696 0.0001735203 0.2078366 0.0001518302 0 0.00495075 0.1679812 0.04860465 0.0005856309 0.004709448 0.001051967 6.778135e-05 0.0001247177 0.1144664 1.084502e-05 0.03364124 0.05183105 0.0009733402 0.004991419 9.760515e-05 0.4271581 0.01114325 0.2801566 0.01370539 5.422508e-06 0.01039495 0.2528028 0.1333151 0.03230459 0.1624638 1.084502e-05 0.0002060553 0.003413469 0.1217922 0.0009570727 0.376501 0.08693094 0.3040129 0.05145147 0.003201991 0.0005097158 7.049261e-05 0.002122912 3.253505e-05 0.00079982 0.004186176 5.422508e-06 0 2.711254e-06 0.001062812 0.0001111614 0.0005829196 2.169003e-05 1.084502e-05 0 8.133762e-06 0.0001057389 3.52463e-05 0.04707279 0.001846364 1.626752e-05 0.0001464077 2.711254e-06 0.00490737 0.01057931 0.02870676 0.01243923 5.422508e-06 0.0005422508 0.04544333 0.0104085 0.0006425672 0.0002928154 5.422508e-06 2.711254e-06 0.0004039769 0.000512427 2.711254e-05 0.004571174 0.000352463 0.001569816 0.0002087666 7.049261e-05 8.133762e-06 2.711254e-06 1.355627e-05
0.000959784 0.01177498 0.01444285 0.03788978 0.0004554907 0.001439676 0.02809673 0.001428831 0.1988596 0.0101184 0.0001843653 0.001558971 0.0004554907 0.002787169 0.009475833 0.01948307 0.004375964 6.235885e-05 0.0002114778 0.007057395 0.002155447 0.1158492 0.01370539 0.09845648 0.003879805 0.002469953 0.08354459 0.116104 0.01051424 0.01024583 5.422508e-06 4.609132e-05 0.001323092 0.006385004 0.0001301402 0.04155268 0.003695439 0.03724992 0.005921379 0.01080977 0.0005937647 0.0001518302 0.0002494354 0.0004256669 0.0002413016 0.0006127434 0.005536381 3.795756e-05 0.000298238 0.03250523 0.001870765 0.02521737 0.006588348 5.964759e-05 0.001024854 1.897878e-05 0.001228198 0.0005910534 0.01840399 0.0001355627 2.169003e-05 5.151383e-05 0.001263444 0.006306377 0.01773431 0.00239946 0.1814968 2.169003e-05 0.0001328515 0.003586989 0.1446535 0.01039224 0.001136015 2.711254e-06 3.253505e-05 0.002524178 0.003174879 5.422508e-06 0.01697516 0.0002575691 0.009500235 0.001846364 0.00304745 0.0003334843 2.711254e-06 0.0001653865
2.711254e-06 0.02817535 1.084502e-05 0 0 0 0 0 0.003126076 2.711254e-06 0.008738372 0 0.06085681 0 8.133762e-06 8.133762e-06 2.440129e-05 0.0003687306 0.0001274289 2.711254e-06 2.711254e-06 0.03059379 5.422508e-06 0.003879805 0.01188885 0.007342076 0.08393501 4.338007e-05 2.711254e-06 0 0.001198374 0 0 0.000159964 5.422508e-06 0.0003660193 0.01472753 0.001786716 0.0002657029 2.440129e-05 2.169003e-05 0.01709175 5.422508e-06 0 0.0002846817 8.133762e-06 0 0 0 1.084502e-05 0 5.422508e-06 0 0.00300407 0 0.009568016 2.711254e-06 2.711254e-06 1.084502e-05 4.066881e-05 0.002193405 0.001011298 0 2.711254e-06 4.066881e-05 5.422508e-06 2.169003e-05 0.002554001 0.00683236 0.01389789 2.440129e-05 2.711254e-06 0 0.002318122 0 0 1.355627e-05 0 0.000138274 0.00224763 0.0001301402 4.880257e-05 0 0 0.0003877093 0
0.002263897 0.005357438 0.1789129 1.626752e-05 0 0.0006479897 0.005354727 0.005281523 0.0004446457 0.0007483061 0.0765143 0.0001735203 0.01959423 0.009982838 1.084502e-05 0.001201086 0.1519441 0.05848175 0.1762017 0.0001843653 0.001727069 0.004047902 0.01039495 0.002469953 0.007342076 0.4168553 0.3007459 0.004115684 0.003605968 0.0009868965 0.00335111 0.0001084502 0.0002792592 0.0454352 4.880257e-05 0.08575155 0.1687539 0.2505714 0.03412656 0.001477634 0.000149119 0.001358338 0.0002846817 5.422508e-06 0.003963854 0.006130146 0 0 0 0.0001057389 8.133762e-06 3.253505e-05 0 0.005501135 2.711254e-06 0.008692281 1.626752e-05 0 0.0001680978 0.003128787 0.008459113 0.01396025 0 5.151383e-05 0.0001355627 0.0007239049 0.0002033441 0.003592412 0.04737917 0.07108095 0.0001545415 1.084502e-05 7.591512e-05 0.002521466 0 2.711254e-06 0.0005097158 2.711254e-06 0.002296432 0.008234079 0.0008892914 0.0001979216 2.711254e-06 0 0.0001545415 5.422508e-06
0.001049255 0.123842 0.2633034 2.169003e-05 1.084502e-05 0.0002033441 0.00350294 0.001309536 0.03155358 0.0002819704 0.02014191 5.693634e-05 0.05679806 0.002857662 0.0002684142 0.05161686 0.2897029 0.01240128 0.1000263 5.693634e-05 0.01066607 0.2106428 0.2528028 0.08354459 0.08393501 0.3007459 0.4102372 0.04213831 0.001342071 0.001450521 0.001005875 5.422508e-05 0.000170809 0.06013019 0.0002629917 0.2194408 0.2172853 0.2745497 0.05268509 0.003196569 0.0002250341 0.004262092 0.0009326714 0.0001355627 0.06706829 0.1014524 5.422508e-06 5.422508e-06 1.084502e-05 0.002857662 0.0003985544 0.0001436965 4.066881e-05 0.01133304 0 0.01723544 0.000490737 2.711254e-06 0.01872121 0.03952737 0.01991958 0.04028381 5.422508e-06 0.005192052 0.003505652 0.05554817 0.005655676 0.012648 0.1691606 0.5649874 0.008169009 0.0001518302 0.0007428836 0.006230462 5.422508e-06 3.253505e-05 0.006647995 7.591512e-05 0.01847177 0.0235364 0.01227385 0.00155626 6.50701e-05 5.422508e-06 0.0004310894 8.676013e-05
0.008347952 0.000170809 0.08856583 0.08362863 9.218264e-05 0.03870858 0.2554137 0.04086673 0.1032825 0.1833377 0.0009299602 0.01079079 0.0002385904 0.03185452 0.002309989 0.01728153 0.01620245 0.0002087666 0.0006479897 0.04382742 0.09569372 0.009237243 0.1333151 0.116104 4.338007e-05 0.004115684 0.04213831 0.3195403 0.08369913 0.1672627 1.084502e-05 0.0003849981 0.01249346 0.06323187 0.0008404888 0.2170495 0.01497968 0.2636369 0.03683239 0.01046002 0.003006781 0.0003714418 0.00136105 0.0002873929 0.0001003164 0.0005259833 0.009324003 1.626752e-05 0.0003253505 0.03095981 0.00153457 0.01495799 0.01024041 4.338007e-05 0.002090377 0 0.001035699 0.0004012656 0.01255311 0.0001897878 5.422508e-06 2.169003e-05 0.002000906 0.004920926 0.006737467 0.002033441 0.1262794 0 8.676013e-05 0.004996841 0.1162992 0.007526442 0.0009191152 0 6.778135e-05 0.001876188 0.002575691 1.084502e-05 0.0111297 0.0001572527 0.006444651 0.001171262 0.00326435 0.0002440129 8.133762e-06 7.320386e-05
0.06637692 2.711254e-06 0.001569816 0.005544515 5.422508e-06 0.01024854 0.1034425 0.01531316 0.001545415 0.05705021 0.003559877 0.01244195 0.0006805248 0.05773887 0.000149119 1.897878e-05 0.01406056 0.0005883421 0.001765026 0.01380299 0.004519661 4.338007e-05 0.03230459 0.01051424 2.711254e-06 0.003605968 0.001342071 0.08369913 0.1076205 0.1119179 5.422508e-05 0.00177316 0.01153096 0.03852963 2.98238e-05 0.006146413 0.0003145055 0.03540085 0.001455943 0.003576144 0.001320381 6.50701e-05 0.000159964 2.711254e-06 1.084502e-05 8.133762e-06 8.947139e-05 0 0 0.00108179 7.320386e-05 0.0003172167 0.0001057389 2.711254e-06 2.169003e-05 2.711254e-06 8.133762e-06 8.133762e-06 5.693634e-05 5.422508e-06 0 5.422508e-06 2.98238e-05 4.066881e-05 5.422508e-05 1.084502e-05 0.003229104 0 4.338007e-05 8.404888e-05 0.003085407 0.0001301402 1.626752e-05 0 0 2.169003e-05 4.880257e-05 2.711254e-06 0.0002684142 5.422508e-06 0.000149119 4.066881e-05 6.50701e-05 1.897878e-05 0 0
0.0975211 8.133762e-06 0.003367378 3.253505e-05 2.711254e-06 0.003139632 0.1748 0.01609672 0.002491643 0.0008920026 0.0002141891 4.338007e-05 6.235885e-05 0.08155724 0 0.00404248 0.01184547 0.0001545415 0.0005693634 6.778135e-05 0.2166265 0.0003877093 0.1624638 0.01024583 0 0.0009868965 0.001450521 0.1672627 0.1119179 0.1564611 0 0.0001220064 0.02257661 0.05409223 0.0001111614 0.03370089 0.003809312 0.09239954 0.006661551 0.0004093994 0.0003633081 7.862637e-05 0.0001301402 5.693634e-05 0 6.50701e-05 1.626752e-05 8.133762e-06 1.897878e-05 0.004351563 0.0003117942 0.001344782 0.000138274 3.253505e-05 5.422508e-06 0 0.0002304566 4.066881e-05 0.003809312 1.897878e-05 5.422508e-06 1.084502e-05 8.133762e-06 0.001943969 0.001230909 0.0003551743 0.01930142 0 3.795756e-05 0.0002087666 0.02314055 0.002602804 0.0003172167 0 5.422508e-06 0.0007808412 0.0006859473 0 0.004956173 9.218264e-05 0.002331679 0.0004202444 0.0004066881 7.320386e-05 0 3.52463e-05
5.422508e-06 5.964759e-05 5.422508e-06 2.711254e-06 0 1.084502e-05 1.626752e-05 3.795756e-05 1.355627e-05 2.440129e-05 0.004451879 2.440129e-05 0.002713965 5.964759e-05 2.711254e-06 0 0 9.48939e-05 3.52463e-05 2.711254e-06 0 4.609132e-05 1.084502e-05 5.422508e-06 0.001198374 0.00335111 0.001005875 1.084502e-05 5.422508e-05 0 6.50701e-05 5.422508e-06 0 0.0007401724 0 0.0001870765 0.004123818 0.004362408 0.000512427 2.440129e-05 5.422508e-06 0.0001653865 0 0 1.084502e-05 0 0 0 0 2.711254e-06 0 0 0 0.0003497518 0 0.0007672849 0 0 2.711254e-06 0 7.862637e-05 4.066881e-05 0 0 2.711254e-06 0 0 0.0001328515 0.000330773 0.0004636245 0 0 0 0.0001680978 0 0 5.422508e-06 0 2.711254e-06 0.0006479897 5.422508e-06 0 0 0 4.066881e-05 0
0.000170809 0 1.626752e-05 6.235885e-05 0.005248988 0.01287846 0.0007076373 0.004741983 1.084502e-05 0.001100769 0.0006208772 0.0009570727 0.0001762315 0.005018531 0.01961863 0 0.0001111614 4.338007e-05 2.169003e-05 0.0005693634 2.440129e-05 0 0.0002060553 4.609132e-05 0 0.0001084502 5.422508e-05 0.0003849981 0.00177316 0.0001220064 5.422508e-06 6.50701e-05 2.711254e-06 0.007521019 0 0.002483509 3.253505e-05 0.003877093 2.98238e-05 0.01321465 0.005159517 8.133762e-06 0 0 0 0 0 0 0 1.355627e-05 0 2.711254e-06 0 0 0 0 0 0 0 0 0 0 0 0 0 0 1.897878e-05 0 0 0 8.133762e-06 0 0 0 0 0 0 0 2.711254e-06 0 0 0 0 0 0 0
0.0008540451 2.711254e-06 0.0001165839 0.0001762315 0 0.0002114778 0.01053051 0.0005693634 0.0002087666 0.0008676013 8.133762e-06 5.422508e-06 5.422508e-06 0.0006425672 8.133762e-06 5.422508e-06 0.001493901 4.338007e-05 0.0001680978 2.98238e-05 0.000639856 2.711254e-06 0.003413469 0.001323092 0 0.0002792592 0.000170809 0.01249346 0.01153096 0.02257661 0 2.711254e-06 0.001287846 0.005192052 2.711254e-06 0.004438323 0.0003145055 0.001203797 0.0001545415 2.440129e-05 1.626752e-05 2.711254e-06 2.169003e-05 0 0 2.711254e-06 8.133762e-06 0 0 0.0001165839 2.711254e-06 3.795756e-05 8.133762e-06 0 0 0 2.711254e-06 2.711254e-06 1.897878e-05 2.711254e-06 0 0 2.711254e-06 0 8.133762e-06 0 0.0003795756 0 2.711254e-06 8.133762e-06 0.0003714418 1.626752e-05 0 0 0 2.711254e-06 8.133762e-06 0 6.235885e-05 0 2.711254e-05 5.422508e-06 1.355627e-05 0 0 2.711254e-06
0.00955446 0.0001003164 0.01474651 0.001483056 5.422508e-06 0.0050592 0.02708001 0.01044917 0.0005802084 0.01580932 0.06393137 0.005430642 0.01457841 0.0271749 0.001596929 0.00458202 0.02348488 0.01040308 0.03788164 0.004741983 0.07509361 0.001173973 0.1217922 0.006385004 0.000159964 0.0454352 0.06013019 0.06323187 0.03852963 0.05409223 0.0007401724 0.007521019 0.005192052 0.02297246 0.0001247177 0.03268417 0.01637326 0.07997929 0.01266427 0.009028476 0.0001680978 0.005349304 0.0002087666 1.084502e-05 0.0002575691 0.001800273 5.964759e-05 2.711254e-06 8.133762e-06 0.0005720746 4.066881e-05 0.0001328515 6.778135e-05 3.52463e-05 2.169003e-05 4.338007e-05 2.440129e-05 8.133762e-06 0.000319928 0.000832355 4.609132e-05 0.0001735203 5.422508e-06 0.000170809 8.947139e-05 0.000959784 0.001960237 3.795756e-05 0.001084502 0.005067334 0.001835519 0.0001192952 2.711254e-05 1.626752e-05 2.711254e-06 2.711254e-05 0.0001952103 0 0.000683236 0.0002304566 0.0002901042 4.066881e-05 2.169003e-05 0 0 2.711254e-06
2.440129e-05 0 5.964759e-05 5.422508e-05 0 2.98238e-05 0.0002304566 1.355627e-05 1.355627e-05 0.0002385904 2.169003e-05 1.897878e-05 0.0001220064 3.253505e-05 0 0.0001409852 4.066881e-05 5.422508e-06 2.440129e-05 4.880257e-05 0.0005503846 2.711254e-06 0.0009570727 0.0001301402 5.422508e-06 4.880257e-05 0.0002629917 0.0008404888 2.98238e-05 0.0001111614 0 0 2.711254e-06 0.0001247177 0.5785735 0.07836338 0.001808407 0.002250341 0.003635792 2.169003e-05 1.626752e-05 0.0003443293 0.0009326714 0 2.711254e-06 2.711254e-06 0 0 0 1.084502e-05 0 8.133762e-06 0 3.253505e-05 0 0 2.711254e-06 0 0 1.084502e-05 0 0 0 5.422508e-06 2.711254e-06 0 2.711254e-05 0 1.084502e-05 8.133762e-06 2.98238e-05 2.711254e-06 5.422508e-06 0 0 2.711254e-06 2.169003e-05 0.2609799 0.0004961595 5.964759e-05 6.50701e-05 8.133762e-05 2.711254e-06 2.711254e-06 1.355627e-05 2.98238e-05
0.0009760515 0.0004202444 0.05057573 0.003540898 5.422508e-05 0.005604162 0.04448626 0.006395849 0.002640762 0.01247177 0.01165568 0.002112067 0.01243923 0.01129508 0.0002684142 0.04343158 0.04128698 0.01354814 0.02927883 0.002600093 0.1626942 0.003006781 0.376501 0.04155268 0.0003660193 0.08575155 0.2194408 0.2170495 0.006146413 0.03370089 0.0001870765 0.002483509 0.004438323 0.03268417 0.07836338 0.1033422 0.3253451 0.2653044 0.06021967 0.07474114 0.03287938 0.008220523 0.006252152 2.711254e-05 0.001304113 0.004446457 0.0009055589 2.711254e-06 5.964759e-05 0.002657029 0.0001762315 0.0008133762 0.0008757351 0.0002548579 0.0006452785 0.0001464077 0.0001762315 6.235885e-05 0.001979216 0.001656576 9.760515e-05 0.0006751023 0.0003172167 0.0007455949 0.0005666521 0.002328967 0.009931324 7.049261e-05 0.003874382 0.01201628 0.010094 0.0008350663 0.0001409852 3.52463e-05 1.897878e-05 0.0002114778 0.0006588348 0.0006344335 0.01015094 0.001651154 0.001550837 0.0003009492 0.002505199 4.880257e-05 0.0009082701 7.320386e-05
0.0001897878 0.002087666 0.06344064 3.795756e-05 0 0.0001192952 0.002201538 0.000330773 0.0003849981 0.0002955267 0.056855 4.338007e-05 0.1374226 0.000683236 2.711254e-06 0.01192681 0.06499147 0.03612204 0.0461347 6.50701e-05 0.02612293 0.001591506 0.08693094 0.003695439 0.01472753 0.1687539 0.2172853 0.01497968 0.0003145055 0.003809312 0.004123818 3.253505e-05 0.0003145055 0.01637326 0.001808407 0.3253451 0.04166113 0.07018624 0.01964304 0.009755092 0.0008133762 0.00155626 0.001333937 0 0.0005341171 0.001011298 0 0 0 4.066881e-05 2.711254e-06 2.98238e-05 0 0.007727074 0 0.02536378 2.711254e-06 0 0.0004283782 0.0003904206 0.0003985544 0.0006995036 0 8.947139e-05 8.676013e-05 0.0002792592 0.0003578855 0.001054678 0.00348125 0.007412569 0.0003253505 2.440129e-05 1.626752e-05 0.001851787 0 1.355627e-05 0.0001274289 2.98238e-05 0.009586995 0.01057118 0.001089924 8.404888e-05 3.795756e-05 0 0.003812023 2.711254e-06
0.00622504 0.0005910534 0.04189701 0.008006333 4.066881e-05 0.01152283 0.1004628 0.01458655 0.003755087 0.06548763 0.1583888 0.01626752 0.0685405 0.03653686 0.0002087666 0.02032085 0.03825851 0.05876101 0.1206725 0.01772076 0.1892781 0.004592865 0.3040129 0.03724992 0.001786716 0.2505714 0.2745497 0.2636369 0.03540085 0.09239954 0.004362408 0.003877093 0.001203797 0.07997929 0.002250341 0.2653044 0.07018624 0.1297742 0.01951018 0.01020787 0.001277001 0.008811576 0.002112067 4.880257e-05 0.001100769 0.004481703 0.0002928154 2.711254e-06 2.711254e-05 0.004375964 0.0002928154 0.001092635 0.0003660193 0.0002060553 7.049261e-05 0.0002629917 0.0001220064 2.169003e-05 0.001380028 0.001659288 0.0003063717 0.001201086 7.591512e-05 0.000683236 0.0003985544 0.003530053 0.0145269 0.0001680978 0.005875288 0.01859378 0.01338275 0.0009109814 0.0001653865 8.133762e-05 8.133762e-06 0.0001409852 0.0005259833 0.0002494354 0.004752829 0.0008513338 0.001428831 0.0003117942 0.0002250341 2.711254e-05 1.897878e-05 8.133762e-06
0.0002250341 0.0002033441 0.01184276 0.0006371447 0 0.0005476733 0.009462277 0.0007428836 0.0003904206 0.003201991 0.01547042 0.0005368283 0.009898789 0.001699956 8.133762e-06 0.004332584 0.0103597 0.007057395 0.01152825 0.0007239049 0.02190964 0.0004554907 0.05145147 0.005921379 0.0002657029 0.03412656 0.05268509 0.03683239 0.001455943 0.006661551 0.000512427 2.98238e-05 0.0001545415 0.01266427 0.003635792 0.06021967 0.01964304 0.01951018 0.0008350663 0.0009326714 4.609132e-05 0.001206508 0.0005666521 2.711254e-06 0.0003904206 0.001653865 2.169003e-05 0 2.711254e-06 0.0004988708 4.066881e-05 0.000170809 1.897878e-05 1.897878e-05 5.422508e-06 2.711254e-05 3.795756e-05 0 0.0002060553 0.0007347499 4.338007e-05 0.0002114778 0 9.48939e-05 9.48939e-05 0.0003633081 0.001778583 1.626752e-05 0.001255311 0.003391779 0.001718935 0.0001680978 2.169003e-05 1.084502e-05 0 2.440129e-05 0.0001436965 0.0005070045 0.001716224 0.0003795756 0.0002575691 6.235885e-05 3.253505e-05 8.133762e-06 0 5.422508e-06
0.0002196116 4.609132e-05 0.0008920026 0.007854503 0.01305469 0.04169909 0.005346593 0.01460824 0.004243113 0.02064349 0.002049708 0.05261731 0.0007103486 0.0160696 0.02099053 0.000181654 0.0008567563 0.0002901042 0.0004093994 0.02607684 0.0004283782 0.0004283782 0.003201991 0.01080977 2.440129e-05 0.001477634 0.003196569 0.01046002 0.003576144 0.0004093994 2.440129e-05 0.01321465 2.440129e-05 0.009028476 2.169003e-05 0.07474114 0.009755092 0.01020787 0.0009326714 0.01578221 0.003923185 0.0001274289 0.0005314058 1.626752e-05 1.355627e-05 5.422508e-05 0.002879352 2.711254e-06 0.0002060553 0.003576144 0.0001979216 0.000661546 0.003033893 1.626752e-05 0.00188161 0 0.0001328515 0.0001057389 2.98238e-05 3.52463e-05 2.711254e-06 2.711254e-06 0.0009950303 8.133762e-06 6.50701e-05 2.440129e-05 0.005455043 2.711254e-06 4.880257e-05 0.0001572527 0.009071856 0.0002684142 1.897878e-05 0 1.355627e-05 2.440129e-05 0.0001518302 7.591512e-05 0.002166292 1.084502e-05 0.0002711254 2.711254e-05 0.003294174 2.440129e-05 2.711254e-06 1.084502e-05
0.0002006328 2.711254e-06 6.50701e-05 0.0002575691 7.320386e-05 0.002076821 0.001952103 0.006349757 7.320386e-05 0.002540445 0.000352463 0.001765026 0.0003036605 0.009283334 0.000138274 3.52463e-05 0.0001518302 2.440129e-05 8.947139e-05 0.0009245377 0.0003063717 8.133762e-06 0.0005097158 0.0005937647 2.169003e-05 0.000149119 0.0002250341 0.003006781 0.001320381 0.0003633081 5.422508e-06 0.005159517 1.626752e-05 0.0001680978 1.626752e-05 0.03287938 0.0008133762 0.001277001 4.609132e-05 0.003923185 3.52463e-05 0.0001626752 0.0001301402 0 0 2.711254e-06 2.711254e-06 0 2.711254e-06 8.404888e-05 2.711254e-06 2.98238e-05 1.084502e-05 0 5.422508e-06 0 0 0 5.422508e-06 0 0 0 2.711254e-06 8.133762e-06 0 2.711254e-06 0.0002494354 0 5.422508e-06 0 0.0001843653 3.253505e-05 0 0 2.711254e-06 5.422508e-06 5.422508e-06 0 8.947139e-05 0 1.355627e-05 5.422508e-06 8.133762e-06 0 0 5.422508e-06
5.422508e-06 0.002383192 1.355627e-05 1.084502e-05 0 2.98238e-05 7.591512e-05 3.52463e-05 7.862637e-05 3.253505e-05 0.005316769 3.52463e-05 0.02679804 0.0001084502 0 1.626752e-05 1.897878e-05 0.0002358791 0.0002196116 4.338007e-05 0.000149119 0.000832355 7.049261e-05 0.0001518302 0.01709175 0.001358338 0.004262092 0.0003714418 6.50701e-05 7.862637e-05 0.0001653865 8.133762e-06 2.711254e-06 0.005349304 0.0003443293 0.008220523 0.00155626 0.008811576 0.001206508 0.0001274289 0.0001626752 1.626752e-05 5.422508e-05 0 2.711254e-05 0 0 0 0 2.711254e-06 0 0 0 0.0001220064 0 0.0002304566 0 0 5.422508e-06 2.711254e-06 8.404888e-05 9.760515e-05 0 0 0 0 1.897878e-05 0.0002711254 0.0002277453 0.0005314058 2.711254e-05 5.422508e-06 2.711254e-06 3.52463e-05 0 0 3.253505e-05 5.422508e-06 0.001778583 9.218264e-05 7.320386e-05 2.98238e-05 2.440129e-05 0 1.084502e-05 0
8.133762e-06 0 0.000149119 3.52463e-05 0 2.711254e-05 0.0005070045 4.066881e-05 3.253505e-05 0.0003009492 4.609132e-05 1.626752e-05 0.0001680978 5.151383e-05 0 0.0001653865 0.000159964 1.626752e-05 0.0001328515 5.422508e-05 0.0006479897 5.422508e-06 0.002122912 0.0002494354 5.422508e-06 0.0002846817 0.0009326714 0.00136105 0.000159964 0.0001301402 0 0 2.169003e-05 0.0002087666 0.0009326714 0.006252152 0.001333937 0.002112067 0.0005666521 0.0005314058 0.0001301402 5.422508e-05 5.693634e-05 0 1.355627e-05 8.133762e-06 0 0 0 3.52463e-05 0 0 2.711254e-06 0 0 0 2.711254e-06 0 2.711254e-06 2.711254e-06 0 2.711254e-06 0 0 5.422508e-06 1.355627e-05 8.676013e-05 0 1.355627e-05 5.151383e-05 8.133762e-05 2.711254e-06 0 0 0 5.422508e-06 0 2.169003e-05 0.0001735203 2.711254e-06 2.711254e-06 2.711254e-06 5.422508e-06 0 2.711254e-06 0
0 2.711254e-06 7.049261e-05 8.133762e-06 0 2.711254e-06 5.964759e-05 2.711254e-06 4.066881e-05 1.355627e-05 0 0 0 5.422508e-06 0 4.338007e-05 1.084502e-05 0 0 0 1.626752e-05 1.626752e-05 3.253505e-05 0.0004256669 0 5.422508e-06 0.0001355627 0.0002873929 2.711254e-06 5.693634e-05 0 0 0 1.084502e-05 0 2.711254e-05 0 4.880257e-05 2.711254e-06 1.626752e-05 0 0 0 0.01550295 8.133762e-06 0.003117942 0.0005314058 0.0001355627 0.0006967923 0.06315324 0.02242749 6.50701e-05 0.003828291 0.0009164039 0.000159964 5.422508e-06 0.09887944 0 2.440129e-05 0.004218711 0.001605062 0.007206514 0.0003822868 0.002028018 0.0001870765 0.00352463 0.001000453 0 0.009860831 0.00170809 0.008995941 0.07425854 0.04832268 2.711254e-06 0.001117037 0.001192952 0.01274832 2.711254e-06 0.001990061 0.0002602804 0.008125629 0.001030277 0.0001192952 7.320386e-05 8.133762e-06 2.98238e-05
