0.005339967 3.226566e-06 0.003413707 3.87188e-05 0.000974423 0.003571809 0.05277372 0.03742172 8.711729e-05 0.0004646255 6.130476e-05 1.93594e-05 2.581253e-05 0.080548 3.549223e-05 3.226566e-06 0.004281653 1.290627e-05 0.0001258361 2.258596e-05 0.002329581 3.226566e-06 0.01353222 0.0006388601 0 0.0003936411 0.0001839143 0.003233019 0.06844192 0.03658603 0 0.005430311 0.006946797 0.005823952 3.226566e-06 0.003078144 8.066416e-05 0.006691898 0.0005291569 8.066416e-05 0.0004323599 9.679699e-06 6.130476e-05 6.453133e-06 0 3.226566e-06 0 0 3.226566e-06 5.485163e-05 3.226566e-06 3.549223e-05 0 0 0 0 9.679699e-06 0 3.226566e-06 0 0 0 0 3.226566e-06 0 1.290627e-05 7.421102e-05 0 3.226566e-06 6.453133e-06 0.0001226095 2.258596e-05 3.87188e-05 0 0 3.226566e-06 0 0 2.581253e-05 0 9.679699e-06 0 0 6.453133e-06 0 0
3.226566e-06 0.0009550636 0.01799779 0 0 0 0.0001322892 0 0.01763318 0 0.001000236 0 0.01118005 1.290627e-05 1.290627e-05 0.0002000471 0.00396545 0.000826001 0.001819783 0 8.389072e-05 0.04311015 8.389072e-05 0.0510959 0.02931658 0.05361262 0.1589148 0.00159715 3.87188e-05 0.0001903674 0.0002968441 3.226566e-06 6.453133e-06 0.001264814 9.679699e-06 0.002274729 0.01333217 0.004949553 0.0009615167 7.421102e-05 0 0.002745808 6.453133e-06 1.290627e-05 0.0004549458 0.001522939 0 0 0 0.0001064767 0 1.290627e-05 0 2.90391e-05 0 6.130476e-05 1.93594e-05 0 2.258596e-05 0.001342252 7.743759e-05 0.000267805 3.226566e-06 3.549223e-05 9.679699e-06 0.0002936175 7.421102e-05 0.0001419689 0.002119854 0.008989214 0.0001161564 1.613283e-05 7.743759e-05 0 0 0 9.679699e-05 3.226566e-06 3.87188e-05 0.0005711022 6.130476e-05 3.226566e-06 0 3.226566e-06 0 0
0.003413707 0.01799779 0.05827824 6.453133e-06 0.002849058 0.01992082 0.09792951 0.0506345 0.001590697 0.003152355 0.0002387659 1.613283e-05 0.0001097033 0.0231248 0.0004968912 0.001097033 0.04466213 0.0001064767 0.004743052 0 0.03020066 0.01031856 0.1584696 0.02044675 2.581253e-05 0.0256383 0.2362589 0.02938111 0.01003462 0.0113801 9.679699e-06 0.004543005 0.0002065002 0.01331281 0.0001742346 0.06286319 0.09679699 0.036315 0.003804122 0.001268041 0.0004710787 9.034386e-05 0.0002548987 0.0003194301 0.01526166 0.0836939 0 0 1.93594e-05 0.007053274 0.0002129534 4.194536e-05 4.194536e-05 3.87188e-05 0 2.258596e-05 0.001274494 0 0.0110155 0.01366773 0.0001258361 0.0006420867 0 0.002500589 0.003565356 0.08382296 0.0008485869 4.517193e-05 0.005898163 0.1749251 0.002836152 0.0001871408 0.00204887 0 0 0 0.0003516957 1.613283e-05 0.001735893 0.01477767 0.00654025 0.0001548752 0 3.226566e-06 0 0
3.87188e-05 0 6.453133e-06 0.03207207 0.000171008 0.0053561 0.007356571 0.0005678757 0.04746602 0.09273474 1.290627e-05 0.1120232 2.258596e-05 0.0008485869 0.001726213 0 9.679699e-06 0 3.226566e-06 0.0484727 0 3.226566e-06 1.613283e-05 0.04009654 3.226566e-06 6.453133e-06 1.613283e-05 0.09255083 0.003139449 2.90391e-05 0 0.000558196 0.0001903674 0.0004323599 6.453133e-06 0.002548987 6.453133e-06 0.002832925 0.0003258832 0.007876048 0.0003807348 0 7.743759e-05 6.130476e-05 3.226566e-06 3.226566e-06 0.001903674 0 0.0007582431 0.002694183 0.0002742581 0.003684739 0.003584715 0 0.0007356571 0 0.0003387895 1.93594e-05 6.453133e-06 0 0 0 0.0007743759 0 6.453133e-06 6.453133e-06 0.002642558 0 0 6.453133e-06 0.006453133 0.0004904381 2.258596e-05 0 0.0001806877 6.453133e-06 5.162506e-05 6.453133e-06 0.0002419925 6.453133e-06 0.000290391 0 0.0001677814 0.0001806877 0 6.453133e-06
0.000974423 0 0.002849058 0.000171008 0.0007840556 0.02626425 0.01006043 0.0268289 0.0001258361 0.02207294 3.226566e-06 0.006275671 0 0.005307701 0.00601432 0 0.003016839 3.226566e-06 0.0001290627 0.0004000942 0.0005227037 0 0.005001178 0.0009582902 0 0.0006291804 0.0001226095 0.001697174 0.0009873293 0.00192626 0 0.01241583 4.517193e-05 0.0005840085 3.226566e-06 0.0006195007 6.130476e-05 0.0008808526 0.0001581017 0.004155817 2.581253e-05 3.226566e-06 1.290627e-05 1.93594e-05 0 0 0 0 3.226566e-06 0.000171008 9.679699e-06 6.130476e-05 2.581253e-05 0 0 0 4.517193e-05 0 3.226566e-06 0 0 0 0 3.226566e-06 3.226566e-06 2.258596e-05 0.0002645784 0 0 6.453133e-06 0.0001742346 3.226566e-05 2.258596e-05 0 3.226566e-06 0 0 0 5.162506e-05 0 1.613283e-05 0 0 1.613283e-05 0 3.226566e-06
0.003571809 0 0.01992082 0.0053561 0.02626425 0.1804844 0.1919839 0.118244 0.001577791 0.3885431 4.194536e-05 0.06517664 4.517193e-05 0.0335337 0.02809049 9.679699e-06 0.01497772 1.290627e-05 0.0006743523 0.006685445 0.002361846 1.613283e-05 0.02704185 0.004765638 0 0.004426849 0.0008130947 0.04368771 0.0138097 0.007866369 0 0.01731375 0.0003936411 0.003675059 2.90391e-05 0.007550165 0.0003129769 0.01414204 0.00910537 0.02942951 0.001006689 0 0.0001355158 0.0001032501 3.226566e-06 9.679699e-06 0.000119383 0 6.775789e-05 0.0007872822 5.807819e-05 0.0005549694 0.0003323363 0 1.93594e-05 0 0.000148422 0 3.87188e-05 3.226566e-06 0 0 5.162506e-05 6.453133e-06 2.258596e-05 7.421102e-05 0.001151884 0 3.226566e-06 5.485163e-05 0.001093806 0.0002581253 0.0001451955 0 4.839849e-05 1.290627e-05 3.226566e-06 3.226566e-06 0.0002258596 0 0.0001451955 0 1.613283e-05 6.775789e-05 0 9.679699e-06
0.05277372 0.0001322892 0.09792951 0.007356571 0.01006043 0.1919839 0.2139923 0.1281205 0.03079112 0.1400749 0.0004065473 0.006533797 0.0007550165 0.1206768 0.009953957 7.743759e-05 0.01647807 8.711729e-05 0.001648775 0.0006904852 0.01205122 0.0008679463 0.1189086 0.1064122 1.613283e-05 0.02751616 0.02024993 0.4202215 0.1489415 0.07066503 0 0.02039513 0.01159628 0.02369913 0.0005323834 0.1381842 0.006311164 0.1081319 0.019724 0.01301919 0.00997009 8.711729e-05 0.00246187 0.002003698 4.194536e-05 0.0001258361 0.0007840556 0 0.0004775318 0.01248681 0.0006485398 0.00620146 0.002032737 0 0.0001258361 3.226566e-06 0.002155346 6.453133e-06 0.0009808761 0.0001161564 3.226566e-06 3.226566e-06 0.0003904145 0.000342016 0.0002807113 0.001713307 0.01647807 1.290627e-05 2.581253e-05 0.0006872586 0.01685558 0.00440749 0.004081606 0 0.00053561 0.0001516486 0.0004194536 5.485163e-05 0.003994489 7.098446e-05 0.002081135 2.581253e-05 0.0001032501 0.0008743995 0 6.130476e-05
0.03742172 0 0.0506345 0.0005678757 0.0268289 0.118244 0.1281205 0.08000271 0.0003936411 0.05791686 2.258596e-05 0.007150071 4.517193e-05 0.1680234 0.007953486 1.290627e-05 0.06158547 2.90391e-05 0.001858502 0.001026048 0.01474863 3.549223e-05 0.114143 0.002558667 3.226566e-06 0.009440933 0.001990791 0.01268041 0.019724 0.07801192 3.226566e-06 0.04375869 0.0009582902 0.009731324 3.226566e-05 0.007027461 0.0008711729 0.01108971 0.002852285 0.007062954 0.0007646962 3.226566e-06 9.679699e-05 8.389072e-05 3.226566e-06 2.258596e-05 3.226566e-06 0 1.613283e-05 0.0004484927 9.679699e-06 0.0002000471 2.258596e-05 0 0 0 9.679699e-05 0 7.098446e-05 9.679699e-06 0 0 0 1.290627e-05 1.613283e-05 0.0001129298 0.0005840085 0 0 0.0001000236 0.0005420631 0.0002000471 0.0001677814 0 6.453133e-06 0 1.93594e-05 9.679699e-06 0.0001451955 9.679699e-06 7.743759e-05 0 0 1.93594e-05 0 3.226566e-06
8.711729e-05 0.01763318 0.001590697 0.04746602 0.0001258361 0.001577791 0.03079112 0.0003936411 0.009237659 0.02742904 0.0001290627 0.009182808 0.0009163448 0.000609821 0.003865426 0.0003904145 0.0005872351 9.679699e-05 0.000461399 0.01185763 0.001703627 0.05218003 0.0005872351 0.1600022 0.002303768 0.01863342 0.02772911 0.1346123 0.002939402 0.007411423 6.453133e-05 0.0003516957 0.000387188 0.0007130711 2.90391e-05 0.007847009 0.001522939 0.003271738 0.0008066416 0.002900683 0.000267805 0.0001064767 6.453133e-05 0.001742346 0.000119383 7.421102e-05 0.003487918 0 0.001313212 0.01713952 0.0008743995 0.003194301 0.005733608 0 0.0008873057 9.679699e-06 0.002197292 1.290627e-05 0.0008711729 0.0001677814 9.679699e-06 5.162506e-05 0.001306759 0.0007130711 0.0002226331 0.0004259067 0.03331107 3.226566e-05 0.0001290627 0.0006388601 0.03467913 0.004268747 0.004897928 0 0.0005001178 0.0001097033 0.0004259067 6.775789e-05 0.004262294 9.034386e-05 0.002139213 3.87188e-05 0.000193594 0.000729204 0 3.87188e-05
0.0004646255 0 0.003152355 0.09273474 0.02207294 0.3885431 0.1400749 0.05791686 0.02742904 0.3828934 0.0002613519 0.1825204 0.0001806877 0.0315655 0.02904555 0 0.00107122 2.581253e-05 9.034386e-05 0.08512327 0.0002161799 9.679699e-06 0.002665144 0.02349908 0 0.001029275 0.0002774847 0.1229257 0.06217271 0.0003258832 0 0.03495662 0.001013142 0.007040368 4.839849e-05 0.01719115 0.000148422 0.03324331 0.001864955 0.03436293 0.008389072 1.613283e-05 0.0007356571 0.0005549694 1.93594e-05 3.226566e-06 0.004113872 6.453133e-06 0.001500353 0.008395525 0.0008743995 0.007972845 0.006917758 0 0.0007614696 0 0.00118415 1.613283e-05 5.162506e-05 6.453133e-06 0 0 0.001490674 9.679699e-06 6.453133e-05 7.743759e-05 0.009008573 0 0 8.066416e-05 0.0139549 0.001793971 0.0001839143 0 0.0004549458 6.453133e-06 0.0002194065 1.613283e-05 0.0009195714 1.613283e-05 0.0009679699 3.226566e-06 0.0002645784 0.0005549694 0 2.581253e-05
6.130476e-05 0.001000236 0.0002387659 1.290627e-05 3.226566e-06 4.194536e-05 0.0004065473 2.258596e-05 0.0001290627 0.0002613519 0.1627093 3.226566e-05 0.08247749 9.357042e-05 0 6.130476e-05 0.002087588 0.03293679 0.01948201 1.290627e-05 0.0001290627 0.0003323363 0.0004678521 0.0005291569 0.00804383 0.1185376 0.04562042 0.0003226566 0.001200283 0.0003387895 0.01427433 0.000290391 2.258596e-05 0.07549197 4.517193e-05 0.01759769 0.1496256 0.2263823 0.037141 1.290627e-05 0.0002807113 0.005594866 0.0001677814 6.453133e-06 0.0005001178 0.0001516486 0 0 0 1.93594e-05 0 1.93594e-05 0 0.001506806 0 0.01046053 1.613283e-05 0 1.613283e-05 0.0001774611 0.0004581724 0.0004968912 0 6.453133e-06 1.613283e-05 2.90391e-05 6.130476e-05 0.01059282 0.007643735 0.01539072 2.90391e-05 3.226566e-06 3.226566e-06 0.000951837 7.743759e-05 0 0.000119383 3.87188e-05 1.613283e-05 0.005339967 5.162506e-05 0 0 0 0.0001226095 0
1.93594e-05 0 1.613283e-05 0.1120232 0.006275671 0.06517664 0.006533797 0.007150071 0.009182808 0.1825204 3.226566e-05 0.1222675 3.226566e-06 0.005078615 0.01762673 0 9.679699e-06 0 0 0.05796526 0 3.226566e-06 1.93594e-05 0.008143853 0 9.679699e-06 3.226566e-06 0.1459828 0.01013464 6.453133e-06 0 0.00996041 5.162506e-05 0.0008614932 3.226566e-06 0.001855276 1.290627e-05 0.002929722 8.389072e-05 0.01876571 0.0008518135 6.453133e-06 5.807819e-05 2.258596e-05 0 0 0.0005646491 0 0.0001451955 0.000684032 7.421102e-05 0.001116392 0.0009066651 0 7.421102e-05 0 6.453133e-05 0 3.226566e-06 0 0 0 0.0001677814 0 3.226566e-06 3.226566e-06 0.0005840085 0 0 9.679699e-06 0.001532619 0.0001645549 9.679699e-06 0 6.775789e-05 3.226566e-06 1.290627e-05 3.226566e-06 6.130476e-05 0 8.066416e-05 0 3.549223e-05 6.775789e-05 0 0
2.581253e-05 0.01118005 0.0001097033 2.258596e-05 0 4.517193e-05 0.0007550165 4.517193e-05 0.0009163448 0.0001806877 0.08247749 3.226566e-06 0.04801131 3.226566e-05 3.226566e-06 0.0001677814 0.001881088 0.009195714 0.005827179 1.290627e-05 0.0003968676 0.002355393 0.0007776025 0.002213424 0.03016517 0.0646378 0.1079835 0.0009066651 0.0004065473 0.000513024 0.02703217 4.194536e-05 1.93594e-05 0.01972723 1.290627e-05 0.03980292 0.04886957 0.05368684 0.01684913 0.0001322892 0.0001806877 0.004710787 5.162506e-05 3.226566e-06 0.001319666 0.0001161564 0 0 0 3.226566e-05 0 1.93594e-05 0 0.001903674 0 0.011222 3.226566e-06 0 9.679699e-06 0.0002742581 0.0007711493 0.0009260245 0 6.453133e-06 2.90391e-05 9.034386e-05 0.0001290627 0.017246 0.01603281 0.03340787 4.517193e-05 6.453133e-06 6.453133e-06 0.00129708 3.226566e-05 0 0.0001419689 9.679699e-06 3.226566e-06 0.004317146 6.130476e-05 6.453133e-06 0 0 6.775789e-05 0
0.080548 1.290627e-05 0.0231248 0.0008485869 0.005307701 0.0335337 0.1206768 0.1680234 0.000609821 0.0315655 9.357042e-05 0.005078615 3.226566e-05 0.1040535 0.0005517428 6.453133e-06 0.03572132 2.90391e-05 0.0009324776 0.0009324776 0.01194152 3.226566e-05 0.07089734 0.005072162 0 0.003445973 0.001087353 0.01627803 0.06768368 0.09081493 0 0.03159131 0.001435822 0.01214802 4.194536e-05 0.005914296 0.0005420631 0.008285822 0.001429369 0.0008743995 0.0003129769 6.453133e-06 6.775789e-05 0.0001161564 3.226566e-06 6.453133e-06 3.226566e-06 0 1.290627e-05 0.000632407 2.581253e-05 0.0002742581 2.90391e-05 0 0 0 9.679699e-05 0 3.549223e-05 9.679699e-06 0 0 0 1.93594e-05 1.290627e-05 9.679699e-05 0.0007969619 0 6.453133e-06 3.226566e-05 0.0007550165 0.0002290862 0.0002581253 0 9.679699e-06 0 1.93594e-05 0 0.0001419689 6.453133e-06 8.711729e-05 0 6.453133e-06 2.258596e-05 0 0
3.549223e-05 1.290627e-05 0.0004968912 0.001726213 0.00601432 0.02809049 0.009953957 0.007953486 0.003865426 0.02904555 0 0.01762673 3.226566e-06 0.0005517428 0.002716769 3.226566e-06 0.0002968441 0 1.93594e-05 0.002052096 2.90391e-05 4.517193e-05 0.0007098446 0.006030452 0 0.0001419689 3.226566e-05 0.004281653 0.0003065238 0.0001451955 0 0.008734315 1.93594e-05 0.0002613519 3.226566e-06 0.000245219 9.679699e-06 0.0003549223 4.839849e-05 0.006749977 4.194536e-05 0 6.453133e-06 6.453133e-06 0 0 3.226566e-06 0 0 5.807819e-05 3.226566e-06 2.90391e-05 1.93594e-05 0 0 0 6.453133e-06 0 0 0 0 0 0 0 0 0 5.807819e-05 0 0 0 7.421102e-05 1.290627e-05 3.226566e-06 0 0 0 0 0 2.258596e-05 0 1.290627e-05 0 0 6.453133e-06 0 0
3.226566e-06 0.0002000471 0.001097033 0 0 9.679699e-06 7.743759e-05 1.290627e-05 0.0003904145 0 6.130476e-05 0 0.0001677814 6.453133e-06 3.226566e-06 0.0123513 0.002155346 1.93594e-05 0.0002387659 0 0.01357094 0.09128924 0.02720963 0.03485982 1.290627e-05 0.002323128 0.1471379 0.03097504 3.87188e-05 0.001768158 1.613283e-05 9.679699e-06 0 0.004204216 0.0001226095 0.05205742 0.04589468 0.0131773 0.006023999 2.90391e-05 5.485163e-05 3.226566e-06 0.0003452426 1.290627e-05 0.0001613283 0.0002484456 0 0 0 0.0004420396 0 0.0001032501 6.453133e-06 0 0 0 2.258596e-05 0 0.02304091 4.839849e-05 6.453133e-06 3.226566e-06 0 0.00653057 0.01120586 0.023441 0.002797433 0 8.389072e-05 0.004530099 0.005849765 3.226566e-05 0.000245219 0 0 6.453133e-06 6.453133e-06 6.453133e-06 0.000951837 0.0002161799 0.0001097033 5.485163e-05 0 9.679699e-06 0 0
0.004281653 0.00396545 0.04466213 9.679699e-06 0.003016839 0.01497772 0.01647807 0.06158547 0.0005872351 0.00107122 0.002087588 9.679699e-06 0.001881088 0.03572132 0.0002968441 0.002155346 0.02554795 0.002284409 0.03487595 6.453133e-06 0.02568347 0.005056029 0.1012335 0.008108361 0.0005323834 0.1282173 0.5097297 0.007956712 0.04704011 0.03509536 0.0002936175 0.007834103 0.00215212 0.04533971 0.0002065002 0.1007689 0.05055061 0.06894204 0.01595537 0.0008001884 0.001090579 5.485163e-05 0.0004355864 2.258596e-05 0.002206971 0.003726684 0 0 3.226566e-06 0.0003710551 1.93594e-05 2.581253e-05 3.226566e-06 2.90391e-05 0 7.098446e-05 6.453133e-05 0 0.00150358 0.001313212 0.0001806877 0.0006678992 0 0.0002129534 0.000461399 0.004142911 0.0001161564 0.000119383 0.002836152 0.01052829 0.0002032737 2.258596e-05 0.000148422 0 0 3.226566e-06 0.0002774847 1.290627e-05 0.0001387423 0.000780829 0.0002194065 6.453133e-06 0 0 0 0
1.290627e-05 0.000826001 0.0001064767 0 3.226566e-06 1.290627e-05 8.711729e-05 2.90391e-05 9.679699e-05 2.581253e-05 0.03293679 0 0.009195714 2.90391e-05 0 1.93594e-05 0.002284409 0.005588413 0.02296025 0 3.549223e-05 0.0002613519 0.0001419689 0.0004097739 0.001906901 0.04050309 0.01735893 6.453133e-05 0.0001742346 5.807819e-05 0.0008969854 4.839849e-05 3.226566e-06 0.01731375 2.581253e-05 0.007295266 0.04700784 0.07363992 0.02019185 0 2.581253e-05 0.002171479 0.0001064767 3.226566e-06 0.0003291098 0.0001419689 0 0 0 2.90391e-05 0 0 0 0.0001806877 0 0.00053561 3.226566e-06 0 6.453133e-06 0.0002968441 0.0002581253 0.0006227273 0 3.226566e-06 6.453133e-06 4.194536e-05 9.679699e-06 0.001739119 0.005936882 0.009040839 6.453133e-06 0 1.613283e-05 5.162506e-05 3.226566e-06 0 0.0001161564 4.517193e-05 0 0.0002419925 3.549223e-05 0 0 0 0 0
0.0001258361 0.001819783 0.004743052 3.226566e-06 0.0001290627 0.0006743523 0.001648775 0.001858502 0.000461399 9.034386e-05 0.01948201 0 0.005827179 0.0009324776 1.93594e-05 0.0002387659 0.03487595 0.02296025 0.01323537 3.226566e-06 0.0007679228 0.001497127 0.004330052 0.002658691 0.0005485163 0.08759159 0.1096129 0.0007001649 0.001264814 0.0007001649 0.001316439 0.0002807113 5.485163e-05 0.05173799 0.0001322892 0.05721025 0.1360256 0.1732763 0.04689169 8.389072e-05 4.839849e-05 0.001342252 0.0004323599 9.679699e-06 0.002148893 0.001671361 0 0 0 0.000171008 9.679699e-06 9.679699e-06 0 5.485163e-05 0 0.0001226095 4.839849e-05 0 9.034386e-05 0.001684268 0.0003904145 0.001613283 0 4.194536e-05 2.258596e-05 0.0005549694 1.613283e-05 0.000245219 0.005607772 0.007805064 4.839849e-05 3.226566e-06 6.775789e-05 9.679699e-06 0 0 0.0004775318 9.034386e-05 1.613283e-05 0.000706618 0.000119383 0 0 0 0 0
2.258596e-05 0 0 0.0484727 0.0004000942 0.006685445 0.0006904852 0.001026048 0.01185763 0.08512327 1.290627e-05 0.05796526 1.290627e-05 0.0009324776 0.002052096 0 6.453133e-06 0 3.226566e-06 0.006298257 0 3.226566e-06 3.226566e-06 0.005265756 0 3.226566e-06 3.226566e-06 0.08665266 0.001868182 0 0 0.0009711964 4.194536e-05 0.0002419925 6.453133e-06 0.0005807819 9.679699e-06 0.001180923 5.162506e-05 0.00761147 0.0002548987 0 9.679699e-06 4.194536e-05 0 0 0.0005807819 0 0.0001871408 0.0006775789 8.066416e-05 0.001129298 0.0009131183 0 0.0001258361 0 0.0001000236 6.453133e-06 3.226566e-06 0 0 0 0.0002161799 0 3.226566e-06 0 0.000803415 0 0 9.679699e-06 0.001742346 0.0001742346 1.613283e-05 0 2.90391e-05 0 9.679699e-06 0 4.194536e-05 0 9.357042e-05 0 5.807819e-05 6.130476e-05 0 0
0.002329581 8.389072e-05 0.03020066 0 0.0005227037 0.002361846 0.01205122 0.01474863 0.001703627 0.0002161799 0.0001290627 0 0.0003968676 0.01194152 2.90391e-05 0.01357094 0.02568347 3.549223e-05 0.0007679228 0 0.2441672 0.02775815 0.2994447 0.005110881 9.679699e-06 0.003462106 0.02260532 0.06826769 0.01788486 0.2333872 0 0.001855276 0.001229322 0.06068848 0.001268041 0.2418795 0.05946562 0.1272848 0.05107332 0.0002290862 0.001116392 9.679699e-05 0.001852049 5.807819e-05 2.90391e-05 5.807819e-05 0 0 9.679699e-06 0.0005678757 6.453133e-06 0.0005097975 1.290627e-05 0 0 0 6.453133e-05 0 0.01175115 3.549223e-05 0 3.226566e-06 3.226566e-06 0.007695361 0.00546903 0.006846774 0.006372468 0 1.93594e-05 0.001551978 0.009573222 0.0002032737 0.0008647198 0 6.453133e-06 9.679699e-06 4.194536e-05 1.290627e-05 0.0004646255 9.357042e-05 0.0001226095 1.290627e-05 6.453133e-06 1.290627e-05 0 0
3.226566e-06 0.04311015 0.01031856 3.226566e-06 0 1.613283e-05 0.0008679463 3.549223e-05 0.05218003 9.679699e-06 0.0003323363 3.226566e-06 0.002355393 3.226566e-05 4.517193e-05 0.09128924 0.005056029 0.0002613519 0.001497127 3.226566e-06 0.02775815 0.0199305 0.05710054 0.1454213 0.007095219 0.03886722 0.1830754 0.01399039 8.711729e-05 0.004904381 0.0001322892 3.226566e-06 2.90391e-05 0.00214244 2.581253e-05 0.009586128 0.00333627 0.004897928 0.001106712 0.000171008 1.93594e-05 0.0002645784 3.226566e-05 3.226566e-06 0.0003162035 0.0004968912 0 0 0 0.0002871644 3.226566e-06 8.389072e-05 0 9.679699e-06 0 2.90391e-05 2.581253e-05 0 0.008969854 0.000245219 2.581253e-05 0.0001064767 0 0.002290862 0.0006711258 0.006017546 0.001590697 6.453133e-05 0.0003742817 0.006230499 0.002916816 3.549223e-05 0.0001613283 6.453133e-06 3.226566e-06 0 1.93594e-05 0 0.0002194065 0.0002645784 0.0001161564 1.613283e-05 0 3.226566e-06 0 3.226566e-06
0.01353222 8.389072e-05 0.1584696 1.613283e-05 0.005001178 0.02704185 0.1189086 0.114143 0.0005872351 0.002665144 0.0004678521 1.93594e-05 0.0007776025 0.07089734 0.0007098446 0.02720963 0.1012335 0.0001419689 0.004330052 3.226566e-06 0.2994447 0.05710054 0.2449416 0.01758156 1.93594e-05 0.03012968 0.155698 0.1590633 0.05559696 0.1848177 6.453133e-06 0.01060572 0.002839378 0.1226031 0.002194065 0.4659162 0.1644516 0.2360653 0.113346 0.001994018 0.00171976 0.0001387423 0.003494371 4.517193e-05 0.0001226095 0.0005678757 0 0 3.226566e-06 0.001964979 3.226566e-05 0.0003129769 1.613283e-05 0 0 0 8.389072e-05 0 0.07070375 0.000119383 3.226566e-06 9.679699e-06 0 0.005591639 0.01912063 0.1120167 0.002397339 0 0.0001226095 0.02408632 0.004801131 0.0002097268 0.0006162742 0 3.226566e-06 3.226566e-06 3.87188e-05 2.581253e-05 0.003394348 0.001448728 0.0006001413 0.0002613519 0 2.258596e-05 0 1.290627e-05
0.0006388601 0.0510959 0.02044675 0.04009654 0.0009582902 0.004765638 0.1064122 0.002558667 0.1600022 0.02349908 0.0005291569 0.008143853 0.002213424 0.005072162 0.006030452 0.03485982 0.008108361 0.0004097739 0.002658691 0.005265756 0.005110881 0.1454213 0.01758156 0.1204251 0.00397513 0.07316239 0.2538469 0.2215102 0.0212179 0.01638128 0.0001322892 0.003097504 0.00226505 0.006085304 0.0002194065 0.06698352 0.01749444 0.02728062 0.006282125 0.0144647 0.002419925 0.0002355393 0.0006937117 0.005278662 0.0004968912 0.0006711258 0.001477767 0 0.000780829 0.03220758 0.001361611 0.03037489 0.003481465 2.581253e-05 0.0001871408 3.226566e-05 0.005491616 9.679699e-06 0.006814508 0.0005388366 3.87188e-05 0.0001032501 0.0004743052 0.007847009 0.006340203 0.00374927 0.07478213 6.453133e-05 0.0005678757 0.002861964 0.08713665 0.01455827 0.02144376 6.453133e-06 0.001113165 0.0005517428 0.001413236 0.0001645549 0.01240615 0.0005904616 0.005494842 9.679699e-05 0.0001871408 0.001784291 0 0.0001097033
0 0.02931658 2.581253e-05 3.226566e-06 0 0 1.613283e-05 3.226566e-06 0.002303768 0 0.00804383 0 0.03016517 0 0 1.290627e-05 0.0005323834 0.001906901 0.0005485163 0 9.679699e-06 0.007095219 1.93594e-05 0.00397513 0.002074682 0.0200273 0.05550339 0.0001097033 3.226566e-06 2.258596e-05 0.002123081 0 3.226566e-06 0.0012874 0 0.001045407 0.01987565 0.01122522 0.004423622 3.226566e-06 1.93594e-05 0.01027661 1.290627e-05 0 0.0008808526 3.549223e-05 0 0 0 9.679699e-06 0 0 0 0.000609821 0 0.004772091 0 0 6.453133e-06 0.0001613283 0.0003226566 0.0007711493 0 3.226566e-06 6.453133e-06 2.258596e-05 4.194536e-05 0.003126543 0.00536578 0.01166726 1.290627e-05 3.226566e-06 3.226566e-06 0.000438813 3.549223e-05 0 0.0001581017 3.226566e-06 0 0.0009873293 4.839849e-05 0 0 0 6.453133e-06 0
0.0003936411 0.05361262 0.0256383 6.453133e-06 0.0006291804 0.004426849 0.02751616 0.009440933 0.01863342 0.001029275 0.1185376 9.679699e-06 0.0646378 0.003445973 0.0001419689 0.002323128 0.1282173 0.04050309 0.08759159 3.226566e-06 0.003462106 0.03886722 0.03012968 0.07316239 0.0200273 0.3583747 0.5504328 0.01100259 0.002745808 0.001332572 0.005117334 0.001119618 8.389072e-05 0.05321576 0.0001774611 0.0680386 0.3165358 0.2505751 0.06088531 0.0004904381 0.0002548987 0.008705276 0.0005065709 0.0001968205 0.05247365 0.01691366 3.226566e-06 0 0 0.002242464 0.0001097033 8.711729e-05 6.453133e-06 0.001910127 0 0.006456359 0.0005646491 0 0.000416227 0.03694741 0.004097739 0.01831399 0 0.0007517899 0.0001903674 0.00675643 0.0003904145 0.01458085 0.08958239 0.1491383 0.0006162742 0.0001419689 0.001561658 0.0007550165 9.679699e-06 0 0.004552685 0.0001064767 0.0001677814 0.01485834 0.001439049 1.290627e-05 0 3.226566e-06 1.93594e-05 0
0.0001839143 0.1589148 0.2362589 1.613283e-05 0.0001226095 0.0008130947 0.02024993 0.001990791 0.02772911 0.0002774847 0.04562042 3.226566e-06 0.1079835 0.001087353 3.226566e-05 0.1471379 0.5097297 0.01735893 0.1096129 3.226566e-06 0.02260532 0.1830754 0.155698 0.2538469 0.05550339 0.5504328 0.5197708 0.1465765 0.001697174 0.002223104 0.008750448 0.000267805 0.0001516486 0.1450632 0.0008389072 0.3002513 0.2170963 0.3242602 0.03950285 0.00053561 0.0001064767 0.004117099 0.001264814 0.0002710316 0.06136606 0.05785879 3.226566e-06 0 1.613283e-05 0.006566062 0.0001871408 0.0002355393 6.130476e-05 0.001877862 3.226566e-06 0.005146373 0.00107122 0 0.03173005 0.02691924 0.004720466 0.01719437 3.226566e-06 0.002216651 0.01018304 0.09263472 0.001480994 0.01716533 0.08225163 0.2825117 0.003997716 0.0004323599 0.002103721 0.0006582195 2.90391e-05 3.226566e-06 0.00450106 0.0001032501 0.002352167 0.01843015 0.005359327 0.0002194065 0 9.679699e-06 9.679699e-06 1.613283e-05
0.003233019 0.00159715 0.02938111 0.09255083 0.001697174 0.04368771 0.4202215 0.01268041 0.1346123 0.1229257 0.0003226566 0.1459828 0.0009066651 0.01627803 0.004281653 0.03097504 0.007956712 6.453133e-05 0.0007001649 0.08665266 0.06826769 0.01399039 0.1590633 0.2215102 0.0001097033 0.01100259 0.1465765 0.2277504 0.05881062 0.2817664 1.290627e-05 0.005633585 0.009211847 0.06153062 0.001203509 0.2507461 0.0365215 0.1370774 0.03928667 0.01146722 0.006075624 0.000171008 0.002590933 0.005756194 0.0001677814 0.000387188 0.00493342 6.453133e-06 0.00201983 0.03231083 0.001755252 0.02972313 0.009879746 0 0.0009389308 0 0.005723929 3.87188e-05 0.004972139 0.0003032972 3.226566e-06 9.679699e-06 0.00193594 0.005081842 0.003729911 0.003558903 0.07125549 3.87188e-05 0.0001129298 0.001739119 0.08264849 0.016833 0.02285054 0 0.001371291 0.0005388366 0.001274494 0.0001290627 0.01041536 0.0003484692 0.005501295 0.0001097033 0.0003387895 0.001684268 0 8.389072e-05
0.06844192 3.87188e-05 0.01003462 0.003139449 0.0009873293 0.0138097 0.1489415 0.019724 0.002939402 0.06217271 0.001200283 0.01013464 0.0004065473 0.06768368 0.0003065238 3.87188e-05 0.04704011 0.0001742346 0.001264814 0.001868182 0.01788486 8.711729e-05 0.05559696 0.0212179 3.226566e-06 0.002745808 0.001697174 0.05881062 0.2992963 0.1888348 1.613283e-05 0.03037489 0.04779513 0.08112878 9.357042e-05 0.04181953 0.001510033 0.09454484 0.009376402 0.000558196 0.00235862 7.421102e-05 0.0004452661 0.0004775318 1.290627e-05 3.226566e-05 2.258596e-05 0 3.226566e-05 0.002081135 0.0001064767 0.00148422 5.807819e-05 0 6.453133e-06 3.226566e-06 0.0003097504 0 8.711729e-05 3.226566e-06 0 0 9.679699e-06 8.066416e-05 3.87188e-05 0.0001387423 0.003736364 0 6.453133e-06 8.066416e-05 0.003971903 0.0007679228 0.001058314 0 6.453133e-05 2.90391e-05 8.066416e-05 6.453133e-06 0.0009163448 1.290627e-05 0.0003581489 0 9.679699e-06 0.0001419689 0 9.679699e-06
0.03658603 0.0001903674 0.0113801 2.90391e-05 0.00192626 0.007866369 0.07066503 0.07801192 0.007411423 0.0003258832 0.0003387895 6.453133e-06 0.000513024 0.09081493 0.0001451955 0.001768158 0.03509536 5.807819e-05 0.0007001649 0 0.2333872 0.004904381 0.1848177 0.01638128 2.258596e-05 0.001332572 0.002223104 0.2817664 0.1888348 0.2332485 3.226566e-06 0.008121267 0.02780332 0.06226305 0.0005969148 0.1466055 0.01262555 0.1232032 0.02666434 0.0005420631 0.003132996 7.098446e-05 0.00119383 0.001339025 2.581253e-05 0.0001000236 1.290627e-05 0 2.90391e-05 0.005894937 0.0002032737 0.006143382 6.453133e-05 0 0 0 0.001138978 0 0.001722986 4.517193e-05 3.226566e-06 0 0 0.002177932 0.00139065 0.0007033914 0.01657164 0 3.87188e-05 0.0003516957 0.02211811 0.003978356 0.006782242 0 9.357042e-05 0.0001839143 0.0002226331 7.421102e-05 0.003065238 0.0001097033 0.001280947 4.194536e-05 2.90391e-05 0.0002936175 0 1.290627e-05
0 0.0002968441 9.679699e-06 0 0 0 0 3.226566e-06 6.453133e-05 0 0.01427433 0 0.02703217 0 0 1.613283e-05 0.0002936175 0.0008969854 0.001316439 0 0 0.0001322892 6.453133e-06 0.0001322892 0.002123081 0.005117334 0.008750448 1.290627e-05 1.613283e-05 3.226566e-06 0.000387188 0 0 0.001371291 0 0.0001419689 0.009195714 0.007104899 0.001535846 0 9.679699e-06 0.0006065945 6.453133e-06 0 0.000148422 2.581253e-05 0 0 0 0 0 0 0 0.0003226566 0 0.001429369 0 0 9.679699e-06 5.162506e-05 0.0001258361 0.0001871408 0 3.226566e-06 0 6.453133e-06 1.290627e-05 0.002397339 0.002968441 0.005840085 0 0 0 0.0001806877 3.226566e-06 0 2.90391e-05 0 0 0.0003323363 1.613283e-05 0 0 0 6.453133e-06 0
0.005430311 3.226566e-06 0.004543005 0.000558196 0.01241583 0.01731375 0.02039513 0.04375869 0.0003516957 0.03495662 0.000290391 0.00996041 4.194536e-05 0.03159131 0.008734315 9.679699e-06 0.007834103 4.839849e-05 0.0002807113 0.0009711964 0.001855276 3.226566e-06 0.01060572 0.003097504 0 0.001119618 0.000267805 0.005633585 0.03037489 0.008121267 0 8.711729e-05 0.000461399 0.007811517 6.453133e-06 0.005943335 0.0003452426 0.0208533 0.003671832 0.001500353 0.003216887 3.226566e-06 5.162506e-05 0.0001355158 0 3.226566e-06 9.679699e-06 0 1.290627e-05 0.0005097975 2.581253e-05 0.000245219 2.90391e-05 0 3.226566e-06 0 0.0001258361 3.226566e-06 1.613283e-05 6.453133e-06 0 0 0 0 0 2.581253e-05 0.0007614696 0 0 1.290627e-05 0.0005388366 0.0002000471 0.0001645549 0 6.453133e-06 6.453133e-06 2.258596e-05 0 0.0001419689 3.226566e-06 9.679699e-05 0 6.453133e-06 1.613283e-05 0 0
0.006946797 6.453133e-06 0.0002065002 0.0001903674 4.517193e-05 0.0003936411 0.01159628 0.0009582902 0.000387188 0.001013142 2.258596e-05 5.162506e-05 1.93594e-05 0.001435822 1.93594e-05 0 0.00215212 3.226566e-06 5.485163e-05 4.194536e-05 0.001229322 2.90391e-05 0.002839378 0.00226505 3.226566e-06 8.389072e-05 0.0001516486 0.009211847 0.04779513 0.02780332 0 0.000461399 0.004475247 0.01567789 6.453133e-06 0.001368064 9.679699e-05 0.004920514 0.0003162035 3.226566e-05 7.743759e-05 0 6.453133e-06 1.93594e-05 0 0 3.226566e-06 0 0 0.0001032501 3.226566e-06 7.743759e-05 3.226566e-06 0 0 0 2.581253e-05 0 9.679699e-06 3.226566e-06 0 0 0 6.453133e-06 3.226566e-06 9.679699e-06 0.0001903674 0 0 1.613283e-05 0.0002323128 8.711729e-05 5.485163e-05 0 0 0 3.226566e-06 0 4.517193e-05 0 1.93594e-05 3.226566e-06 0 1.290627e-05 0 0
0.005823952 0.001264814 0.01331281 0.0004323599 0.0005840085 0.003675059 0.02369913 0.009731324 0.0007130711 0.007040368 0.07549197 0.0008614932 0.01972723 0.01214802 0.0002613519 0.004204216 0.04533971 0.01731375 0.05173799 0.0002419925 0.06068848 0.00214244 0.1226031 0.006085304 0.0012874 0.05321576 0.1450632 0.06153062 0.08112878 0.06226305 0.001371291 0.007811517 0.01567789 0.05349647 0.000267805 0.03660217 0.03936411 0.2123597 0.04592694 0.000342016 0.0007582431 0.004859209 0.0003904145 5.485163e-05 0.0008130947 0.001732666 3.226566e-06 0 6.453133e-06 0.0005033443 1.613283e-05 0.0002290862 2.258596e-05 1.290627e-05 0 0.0001322892 7.421102e-05 0 0.001119618 0.0004033208 0.0001161564 0.0006065945 0 0.0001161564 0.0002290862 0.0027813 0.0006259539 0.000148422 0.001726213 0.005246397 0.0008453604 0.0001258361 0.0001968205 6.453133e-06 6.453133e-06 6.453133e-06 0.0001742346 9.679699e-06 0.0001871408 0.0004420396 0.0002097268 1.290627e-05 0 1.93594e-05 3.226566e-06 0
3.226566e-06 9.679699e-06 0.0001742346 6.453133e-06 3.226566e-06 2.90391e-05 0.0005323834 3.226566e-05 2.90391e-05 4.839849e-05 4.517193e-05 3.226566e-06 1.290627e-05 4.194536e-05 3.226566e-06 0.0001226095 0.0002065002 2.581253e-05 0.0001322892 6.453133e-06 0.001268041 2.581253e-05 0.002194065 0.0002194065 0 0.0001774611 0.0008389072 0.001203509 9.357042e-05 0.0005969148 0 6.453133e-06 6.453133e-06 0.000267805 0.3439713 0.09060521 0.002929722 0.008650424 0.007701814 9.679699e-06 0.0001032501 2.581253e-05 0.001303533 0 0 9.679699e-06 0 0 6.453133e-06 5.485163e-05 3.226566e-06 9.679699e-06 0 6.453133e-06 0 6.453133e-06 0 0 2.90391e-05 0 0 0 0 3.87188e-05 6.453133e-06 0.0001581017 1.93594e-05 0 0 2.258596e-05 4.517193e-05 0 1.613283e-05 0 6.130476e-05 0 1.290627e-05 0.1333733 0.001093806 2.90391e-05 0.0003065238 0.001000236 0 2.90391e-05 2.258596e-05 1.290627e-05
0.003078144 0.002274729 0.06286319 0.002548987 0.0006195007 0.007550165 0.1381842 0.007027461 0.007847009 0.01719115 0.01759769 0.001855276 0.03980292 0.005914296 0.000245219 0.05205742 0.1007689 0.007295266 0.05721025 0.0005807819 0.2418795 0.009586128 0.4659162 0.06698352 0.001045407 0.0680386 0.3002513 0.2507461 0.04181953 0.1466055 0.0001419689 0.005943335 0.001368064 0.03660217 0.09060521 0.07387223 0.3232051 0.0893533 0.01162532 0.01158015 0.01443243 0.01630707 0.004504286 0.0005259303 0.0009260245 0.002365073 2.258596e-05 0 2.581253e-05 0.002897456 0.0001129298 0.002068229 0.0001097033 1.290627e-05 3.226566e-06 1.613283e-05 0.0005097975 3.226566e-06 0.004920514 0.0005065709 5.485163e-05 9.679699e-05 6.453133e-06 0.00118415 0.001619736 0.008595573 0.006330523 2.90391e-05 0.0006195007 0.008818206 0.007098446 0.001377744 0.00214244 3.226566e-06 8.066416e-05 6.775789e-05 0.000171008 0.01056055 0.002765167 0.0006485398 0.0006291804 6.453133e-05 3.226566e-06 9.034386e-05 0 4.839849e-05
8.066416e-05 0.01333217 0.09679699 6.453133e-06 6.130476e-05 0.0003129769 0.006311164 0.0008711729 0.001522939 0.000148422 0.1496256 1.290627e-05 0.04886957 0.0005420631 9.679699e-06 0.04589468 0.05055061 0.04700784 0.1360256 9.679699e-06 0.05946562 0.00333627 0.1644516 0.01749444 0.01987565 0.3165358 0.2170963 0.0365215 0.001510033 0.01262555 0.009195714 0.0003452426 9.679699e-05 0.03936411 0.002929722 0.3232051 0.05245429 0.1796004 0.04279395 0.0008066416 0.0002871644 0.002542534 0.003610528 7.098446e-05 0.00119383 0.001510033 0 0 0 0.0003194301 2.258596e-05 0.0003516957 3.226566e-06 0.0002807113 0 0.002713542 6.775789e-05 0 0.00159715 0.0005678757 0.0002161799 0.0006904852 0 0.000387188 0.0005452897 0.003304004 0.0009292511 0.001884315 0.002774847 0.008053509 0.00117447 0.0001387423 0.0004130005 0.0001871408 8.066416e-05 1.290627e-05 0.0001548752 0.001677814 0.0001806877 0.002690956 0.0001774611 1.290627e-05 0 9.679699e-06 6.130476e-05 3.226566e-06
0.006691898 0.004949553 0.036315 0.002832925 0.0008808526 0.01414204 0.1081319 0.01108971 0.003271738 0.03324331 0.2263823 0.002929722 0.05368684 0.008285822 0.0003549223 0.0131773 0.06894204 0.07363992 0.1732763 0.001180923 0.1272848 0.004897928 0.2360653 0.02728062 0.01122522 0.2505751 0.3242602 0.1370774 0.09454484 0.1232032 0.007104899 0.0208533 0.004920514 0.2123597 0.008650424 0.0893533 0.1796004 0.07961552 0.02805177 0.000706618 0.003081371 0.008840792 0.00204887 0.0003581489 0.001129298 0.003084597 1.290627e-05 0 1.93594e-05 0.002023057 7.421102e-05 0.0008647198 8.711729e-05 9.679699e-05 6.453133e-06 0.000684032 0.0003516957 0 0.001351931 0.0005065709 9.357042e-05 0.0003968676 3.226566e-06 0.0002774847 0.0005614225 0.004375224 0.00332659 0.0009615167 0.00160683 0.008853698 0.003171715 0.0007679228 0.001016368 3.87188e-05 8.066416e-05 2.90391e-05 0.0001677814 0.0007421102 0.0007195243 0.001232548 0.0005614225 1.613283e-05 1.290627e-05 0.0001000236 1.93594e-05 1.290627e-05
0.0005291569 0.0009615167 0.003804122 0.0003258832 0.0001581017 0.00910537 0.019724 0.002852285 0.0008066416 0.001864955 0.037141 8.389072e-05 0.01684913 0.001429369 4.839849e-05 0.006023999 0.01595537 0.02019185 0.04689169 5.162506e-05 0.05107332 0.001106712 0.113346 0.006282125 0.004423622 0.06088531 0.03950285 0.03928667 0.009376402 0.02666434 0.001535846 0.003671832 0.0003162035 0.04592694 0.007701814 0.01162532 0.04279395 0.02805177 0.0006549929 0.000119383 0.0001387423 0.005010857 0.0003452426 5.162506e-05 0.0001871408 0.0002161799 3.226566e-06 0 0 0.0002871644 3.226566e-06 0.0001839143 6.453133e-06 9.679699e-06 0 6.775789e-05 4.194536e-05 0 0.0004936646 5.162506e-05 1.613283e-05 0.0001355158 0 0.0001258361 0.0002226331 0.0007711493 0.0006033679 0.000148422 0.000461399 0.001171244 0.0006485398 9.034386e-05 0.0002355393 1.290627e-05 9.679699e-06 9.679699e-06 1.93594e-05 0.003265285 0.0001581017 0.0001548752 6.130476e-05 0 0 3.226566e-06 0 3.226566e-06
8.066416e-05 7.421102e-05 0.001268041 0.007876048 0.004155817 0.02942951 0.01301919 0.007062954 0.002900683 0.03436293 1.290627e-05 0.01876571 0.0001322892 0.0008743995 0.006749977 2.90391e-05 0.0008001884 0 8.389072e-05 0.00761147 0.0002290862 0.000171008 0.001994018 0.0144647 3.226566e-06 0.0004904381 0.00053561 0.01146722 0.000558196 0.0005420631 0 0.001500353 3.226566e-05 0.000342016 9.679699e-06 0.01158015 0.0008066416 0.000706618 0.000119383 0.00353309 7.421102e-05 5.162506e-05 8.066416e-05 2.258596e-05 0 6.453133e-06 0.0002258596 0 5.807819e-05 0.0002936175 9.679699e-06 0.001681041 0.000290391 0 6.130476e-05 0 7.743759e-05 0 1.290627e-05 0 0 0 0.0001355158 0 3.226566e-06 2.90391e-05 0.0004484927 0 0 9.679699e-06 0.0007582431 0.0001097033 5.485163e-05 0 3.226566e-05 0 1.613283e-05 0 6.453133e-05 0 7.743759e-05 0 2.581253e-05 2.258596e-05 0 0
0.0004323599 0 0.0004710787 0.0003807348 2.581253e-05 0.001006689 0.00997009 0.0007646962 0.000267805 0.008389072 0.0002807113 0.0008518135 0.0001806877 0.0003129769 4.194536e-05 5.485163e-05 0.001090579 2.581253e-05 4.839849e-05 0.0002548987 0.001116392 1.93594e-05 0.00171976 0.002419925 1.93594e-05 0.0002548987 0.0001064767 0.006075624 0.00235862 0.003132996 9.679699e-06 0.003216887 7.743759e-05 0.0007582431 0.0001032501 0.01443243 0.0002871644 0.003081371 0.0001387423 7.421102e-05 1.93594e-05 8.066416e-05 0.0002645784 8.066416e-05 0 3.226566e-06 3.226566e-06 0 6.453133e-06 0.0003549223 4.194536e-05 0.0001322892 1.93594e-05 0 3.226566e-06 0 5.162506e-05 0 3.226566e-06 0 0 0 0 3.226566e-06 6.453133e-06 1.613283e-05 0.0005001178 3.226566e-06 0 9.679699e-06 0.0003710551 9.034386e-05 0.0001258361 0 9.679699e-06 0 1.290627e-05 1.290627e-05 0.000119383 6.453133e-06 5.162506e-05 3.226566e-06 3.226566e-06 1.613283e-05 0 0
9.679699e-06 0.002745808 9.034386e-05 0 3.226566e-06 0 8.711729e-05 3.226566e-06 0.0001064767 1.613283e-05 0.005594866 6.453133e-06 0.004710787 6.453133e-06 0 3.226566e-06 5.485163e-05 0.002171479 0.001342252 0 9.679699e-05 0.0002645784 0.0001387423 0.0002355393 0.01027661 0.008705276 0.004117099 0.000171008 7.421102e-05 7.098446e-05 0.0006065945 3.226566e-06 0 0.004859209 2.581253e-05 0.01630707 0.002542534 0.008840792 0.005010857 5.162506e-05 8.066416e-05 4.194536e-05 1.613283e-05 3.226566e-06 0.0001032501 3.226566e-06 0 0 0 0 0 6.453133e-06 0 6.453133e-06 0 8.711729e-05 3.226566e-06 0 3.226566e-06 2.258596e-05 6.453133e-06 3.549223e-05 0 3.226566e-06 0 3.226566e-06 6.453133e-06 0.0001355158 0.0001419689 0.0002516722 6.453133e-06 0 0 0 0 0 1.613283e-05 2.258596e-05 6.453133e-06 0.0001419689 6.453133e-06 0 0 0 3.226566e-06 0
6.130476e-05 6.453133e-06 0.0002548987 7.743759e-05 1.290627e-05 0.0001355158 0.00246187 9.679699e-05 6.453133e-05 0.0007356571 0.0001677814 5.807819e-05 5.162506e-05 6.775789e-05 6.453133e-06 0.0003452426 0.0004355864 0.0001064767 0.0004323599 9.679699e-06 0.001852049 3.226566e-05 0.003494371 0.0006937117 1.290627e-05 0.0005065709 0.001264814 0.002590933 0.0004452661 0.00119383 6.453133e-06 5.162506e-05 6.453133e-06 0.0003904145 0.001303533 0.004504286 0.003610528 0.00204887 0.0003452426 8.066416e-05 0.0002645784 1.613283e-05 2.258596e-05 1.613283e-05 0 6.453133e-06 0 0 0 6.775789e-05 6.453133e-06 2.90391e-05 3.226566e-06 0 0 0 6.453133e-06 0 9.679699e-06 3.226566e-06 0 0 0 9.679699e-06 1.290627e-05 4.517193e-05 6.775789e-05 0 0 5.807819e-05 8.066416e-05 2.258596e-05 3.549223e-05 0 0 0 3.226566e-06 0.0002742581 0.000193594 6.453133e-06 5.162506e-05 0.0003355629 0 1.290627e-05 0 0
6.453133e-06 1.290627e-05 0.0003194301 6.130476e-05 1.93594e-05 0.0001032501 0.002003698 8.389072e-05 0.001742346 0.0005549694 6.453133e-06 2.258596e-05 3.226566e-06 0.0001161564 6.453133e-06 1.290627e-05 2.258596e-05 3.226566e-06 9.679699e-06 4.194536e-05 5.807819e-05 3.226566e-06 4.517193e-05 0.005278662 0 0.0001968205 0.0002710316 0.005756194 0.0004775318 0.001339025 0 0.0001355158 1.93594e-05 5.485163e-05 0 0.0005259303 7.098446e-05 0.0003581489 5.162506e-05 2.258596e-05 8.066416e-05 3.226566e-06 1.613283e-05 0.003578262 0.0001806877 0.002097268 6.453133e-05 1.290627e-05 0.0009453839 0.06041423 0.01487124 0.005178639 0.002155346 1.613283e-05 1.613283e-05 3.226566e-06 0.07497249 8.389072e-05 0.0001903674 0.007140391 0.0001161564 0.0004775318 2.90391e-05 0.002419925 8.066416e-05 0.004920514 0.004994725 3.226566e-06 0.001955299 0.002619972 0.01532619 0.04544619 0.03080725 0 0.0004839849 0.001893994 0.01426788 0.0001290627 0.004465568 0.001529392 0.01257393 0.001113165 6.775789e-05 0.0004291333 0 2.581253e-05
