0.00741006 7.625565e-05 0.00218489 0.00314969 9.946389e-06 0.001352709 0.07383868 0.01290378 0.002605954 0.00830855 0.0006199916 9.283296e-05 6.962472e-05 0.09564779 5.304741e-05 1.326185e-05 0.01964743 0.0005536823 0.001203513 0.0006664081 0.003716634 6.630926e-05 0.009972913 0.01708458 1.657731e-05 0.005026242 0.002307562 0.01668673 0.05413488 0.04724203 9.946389e-06 0.0001922969 0.003981871 0.01482012 9.946389e-06 0.001823505 0.0004044865 0.004170852 0.000401171 7.957111e-05 0.0002387133 1.657731e-05 2.983917e-05 0.0002088742 1.657731e-05 5.967833e-05 4.973194e-05 3.315463e-06 1.657731e-05 0.000673039 9.283296e-05 0.0005603132 3.978556e-05 2.983917e-05 3.315463e-06 3.315463e-06 0.0002917607 0 2.65237e-05 9.946389e-06 6.630926e-06 3.647009e-05 1.657731e-05 2.65237e-05 9.946389e-06 2.320824e-05 0.002443496 0 0.0001989278 0.0002188206 0.002456758 0.000444272 0.0003912246 0 1.657731e-05 0 0.0002088742 3.315463e-06 0.0006962472 1.657731e-05 0.0007492946 6.630926e-05 4.973194e-05 2.983917e-05 0 9.946389e-06
7.625565e-05 0.0009979544 0.005858423 6.630926e-06 6.630926e-06 3.647009e-05 0.0003315463 0.0001491958 0.05253683 3.315463e-05 0.0009846925 7.625565e-05 0.02150078 0.0002320824 0.00100127 0.001379233 0.009773985 0.0001525113 0.001034424 6.630926e-06 9.614843e-05 0.09892347 0.001949492 0.05363424 0.02117255 0.0147306 0.1247045 0.001667678 0.0001127257 0.0005105813 0.0001392494 3.315463e-06 1.657731e-05 0.001714094 1.326185e-05 0.002715364 0.004969879 0.004392988 0.0002353979 0.0005835215 1.657731e-05 0.005739066 1.326185e-05 3.315463e-06 0.0001425649 0.001634523 3.315463e-06 0 0 3.978556e-05 6.630926e-06 1.326185e-05 6.630926e-06 0.0001657731 0 0.0009051214 3.315463e-05 0 3.647009e-05 0.0006000988 0.0001160412 0.001833451 0 4.973194e-05 3.978556e-05 0.0003249154 4.641648e-05 6.29938e-05 0.007320542 0.01192572 4.973194e-05 1.657731e-05 4.310102e-05 0.0001458804 0 0 0.001409072 0 0.0004376411 0.0004376411 0.002917607 5.967833e-05 6.630926e-06 0 4.973194e-05 0
0.00218489 0.005858423 0.09881737 2.983917e-05 3.315463e-06 0.001090787 0.1078255 0.005324634 0.0004774267 0.004920147 0.0003713319 9.946389e-06 5.636287e-05 0.005971149 1.326185e-05 0.0006266225 0.1214852 0.0007725029 0.002135158 9.946389e-06 0.01654748 0.001445542 0.3217789 0.01765816 2.65237e-05 0.1594373 0.12678 0.07464765 0.002635793 0.009260088 9.946389e-06 3.315463e-05 0.0003116535 0.02550917 0.0004409566 0.05363093 0.02627504 0.0720417 0.002048956 0.0004177483 0.0001458804 1.326185e-05 0.0002851298 4.310102e-05 0.00708846 0.02086421 9.946389e-06 0 3.315463e-06 0.0001491958 2.320824e-05 0.0001392494 3.315463e-06 8.288657e-05 6.630926e-06 1.657731e-05 6.630926e-05 3.315463e-06 0.001283084 0.004664856 4.973194e-05 0.0008553895 3.315463e-06 0.0001193567 0.0007691874 0.003554176 0.0007128245 9.946389e-06 0.009628105 0.05386301 0.0008852286 0.0001127257 0.0001425649 0 0 9.946389e-06 0.004190745 3.315463e-06 0.0009316451 0.0005138968 0.00565618 0.0001690886 1.326185e-05 9.946389e-06 0 6.630926e-06
0.00314969 6.630926e-06 2.983917e-05 0.02805545 5.636287e-05 0.01956123 0.01365971 0.008663305 0.05938989 0.0616643 0.0006398844 0.02758797 0.0001094103 0.01083825 0.007967058 6.630926e-06 4.973194e-05 0.0001458804 0.0002586061 0.06513227 1.657731e-05 3.315463e-06 3.978556e-05 0.04587275 1.326185e-05 0.000852074 0.0002088742 0.01936893 0.0169387 0.0002917607 1.657731e-05 0.0002552907 0.0009581688 0.008318497 1.989278e-05 0.004757689 0.0005536823 0.01732661 0.002171628 0.005659495 0.002596008 1.989278e-05 0.0003050226 0.0001491958 3.315463e-06 3.315463e-06 0.005805376 6.630926e-06 0.0008255503 0.0071614 0.0004608494 0.008683198 0.004568708 8.95175e-05 0.0003945401 3.315463e-06 0.0003978556 3.315463e-05 9.946389e-06 0 2.983917e-05 6.630926e-06 0.001816874 3.315463e-06 3.315463e-06 9.946389e-06 0.01140519 3.315463e-06 4.641648e-05 3.315463e-05 0.01335137 0.0004475875 7.294019e-05 0 4.641648e-05 2.320824e-05 0.0005437359 6.630926e-06 0.0004044865 3.315463e-06 0.001684255 7.957111e-05 0.0002685525 0.0001690886 0 1.326185e-05
9.946389e-06 6.630926e-06 3.315463e-06 5.636287e-05 0 0.0009316451 0.0001757195 0.002566168 0.0003249154 0.0003282308 9.946389e-06 0.0003779628 4.310102e-05 0.0001491958 0.007085144 0 9.946389e-06 0 0 0.0001989278 0 0 6.630926e-06 0.0001690886 3.315463e-06 3.315463e-06 0 3.978556e-05 0.0001259876 2.320824e-05 0 0.0001458804 0 0.0001922969 0 0.0003315463 1.989278e-05 0.0006863008 0.0001259876 0.005148914 0.0002851298 1.326185e-05 3.315463e-06 0 0 0 0 0 3.315463e-06 3.315463e-06 0 0 0 0 0 0 0 0 0 0 0 0 0 0 0 0 6.630926e-06 0 0 0 1.989278e-05 3.315463e-06 0 0 0 0 0 0 3.315463e-06 0 6.630926e-06 0 0 3.315463e-06 0 0
0.001352709 3.647009e-05 0.001090787 0.01956123 0.0009316451 0.1639165 0.1188162 0.1021925 0.008444484 0.2308457 0.005145599 0.1313586 0.00211195 0.0450704 0.04259707 0 0.001024478 0.001293031 0.00107421 0.04723209 2.983917e-05 4.973194e-05 0.0003680164 0.01502899 7.294019e-05 0.008746191 0.001856659 0.0573343 0.01298667 0.000623307 0.000401171 0.004737797 0.0003912246 0.01964743 2.983917e-05 0.006405474 0.00122009 0.02260151 0.00275515 0.01784051 0.01106038 0.0004906885 0.0002188206 8.95175e-05 0 1.326185e-05 0.00164447 1.326185e-05 0.0003116535 0.002914292 0.0001657731 0.002115265 0.001531744 5.967833e-05 8.620204e-05 3.315463e-05 0.0002486597 9.946389e-06 3.315463e-06 0 3.315463e-05 1.326185e-05 0.0004376411 6.630926e-06 3.315463e-06 6.630926e-06 0.004754374 6.630926e-06 0.0001724041 0.0001491958 0.005251693 0.0002254515 8.95175e-05 3.315463e-06 1.989278e-05 9.946389e-06 0.0002254515 3.315463e-06 0.0002784989 2.65237e-05 0.0009018059 4.641648e-05 9.283296e-05 6.29938e-05 0 0
0.07383868 0.0003315463 0.1078255 0.01365971 0.0001757195 0.1188162 0.1936529 0.1531048 0.03981208 0.2422045 0.003146374 0.009120839 0.0006398844 0.1960168 0.002085426 0.0003116535 0.07036739 0.00200254 0.003809467 0.001216775 0.01924626 0.0006365689 0.1271414 0.08277053 0.0001027794 0.0692766 0.01126926 0.2133302 0.151384 0.1268828 0.000135934 0.00135934 0.01497595 0.0490158 0.0002486597 0.04812063 0.003670218 0.07761499 0.01195224 0.00286456 0.009326397 0.0001922969 0.001302977 0.002055587 7.957111e-05 0.0001856659 0.002191521 5.304741e-05 0.0006597771 0.01584128 0.001833451 0.009647997 0.001700833 0.0004177483 0.0001259876 4.641648e-05 0.003388403 3.978556e-05 0.0001392494 7.957111e-05 0.0002287669 9.614843e-05 0.0005603132 0.0001094103 5.967833e-05 0.0002055587 0.03310158 9.946389e-06 0.0006365689 0.001230037 0.03485215 0.004217269 0.003341987 3.315463e-06 0.0002155051 0.0002188206 0.00247002 9.946389e-06 0.006385582 0.0001293031 0.01109354 0.0007990266 0.001123942 0.0008819132 6.630926e-06 8.95175e-05
0.01290378 0.0001491958 0.005324634 0.008663305 0.002566168 0.1021925 0.1531048 0.1142243 0.00472785 0.1255102 0.004379727 0.03514391 0.002589377 0.1023417 0.002533014 2.983917e-05 0.02900367 0.002072164 0.003182844 0.03026686 0.001279769 5.304741e-05 0.006683973 0.02305905 5.636287e-05 0.01956123 0.005119075 0.02786315 0.02371551 0.02288996 0.0003547545 0.00239708 0.0007791338 0.02699118 5.636287e-05 0.007751552 0.001869921 0.01736971 0.003335356 0.006040774 0.007221078 0.0006199916 0.0001690886 0.0002155051 5.967833e-05 4.973194e-05 0.0005205277 3.315463e-06 0.0001094103 0.00214842 0.000265237 0.001186936 0.0003812782 4.973194e-05 2.65237e-05 3.315463e-05 0.0004310102 3.315463e-06 6.630926e-06 4.310102e-05 1.657731e-05 5.304741e-05 0.0001193567 1.326185e-05 6.630926e-06 1.326185e-05 0.004270316 1.326185e-05 0.0004707957 0.0003845937 0.004446036 0.0005172122 0.0003050226 3.315463e-06 2.65237e-05 2.983917e-05 0.0004177483 0 0.0006664081 2.983917e-05 0.001382548 0.0001127257 8.288657e-05 8.620204e-05 3.315463e-06 1.326185e-05
0.002605954 0.05253683 0.0004774267 0.05938989 0.0003249154 0.008444484 0.03981208 0.00472785 0.006425367 0.02844004 0.0004177483 0.004217269 0.004316733 0.006412105 0.009817086 0.0005934679 0.0003381772 9.283296e-05 0.0001889814 0.01692875 0.0005404205 0.03827702 0.0005569978 0.1996207 0.01452173 0.002254515 0.04072052 0.07682591 0.01294025 0.01806264 5.967833e-05 0.0001259876 0.001571529 0.004094597 2.983917e-05 0.008245556 0.001886498 0.00819914 0.001574845 0.004518976 0.00111068 0.0005669442 0.0001525113 0.0009780616 2.320824e-05 1.326185e-05 0.008507478 2.320824e-05 0.001163728 0.008282027 0.0009349606 0.0007393482 0.006024196 0.0002950762 0.0007028782 0.0003879092 0.001601369 5.636287e-05 0.0001491958 1.989278e-05 9.946389e-05 8.288657e-05 0.002337401 0.0002420288 3.647009e-05 8.95175e-05 0.03013093 5.304741e-05 0.0005172122 0.0002055587 0.02492897 0.002695471 0.003007125 0.0001193567 0.0001060948 0.0001823505 0.001047686 2.320824e-05 0.002930869 0.0001922969 0.003905615 0.0003613855 0.000494004 0.0003050226 1.326185e-05 4.310102e-05
0.00830855 3.315463e-05 0.004920147 0.0616643 0.0003282308 0.2308457 0.2422045 0.1255102 0.02844004 0.374518 0.007618934 0.08756801 0.001415703 0.08692812 0.003013756 2.320824e-05 0.004462613 0.002125212 0.003033649 0.04348561 0.0001027794 5.304741e-05 0.001803612 0.02633472 0.0001193567 0.01623914 0.003298886 0.09694082 0.08793271 0.001992593 0.0003182844 0.003172898 0.002350663 0.05232132 5.304741e-05 0.01704811 0.004031603 0.09238869 0.007642142 0.004253739 0.009773985 0.0003017071 0.0006166761 0.0001922969 3.315463e-06 1.657731e-05 0.005875 1.326185e-05 0.0009581688 0.008305235 0.000537105 0.007529416 0.00465491 0.0001160412 0.0003746473 3.978556e-05 0.000580206 3.647009e-05 9.946389e-06 9.946389e-06 4.973194e-05 3.647009e-05 0.00164447 1.326185e-05 0 1.657731e-05 0.0122208 2.65237e-05 0.0003017071 0.0002121896 0.01466429 0.0006067297 0.0001889814 1.326185e-05 5.304741e-05 2.983917e-05 0.0006034143 3.315463e-06 0.0007294019 3.315463e-05 0.002357294 0.0001193567 0.0002983917 0.0002022432 0 9.946389e-06
0.0006199916 0.0009846925 0.0003713319 0.0006398844 9.946389e-06 0.005145599 0.003146374 0.004379727 0.0004177483 0.007618934 0.1488212 0.003978556 0.05162507 0.00934629 6.962472e-05 2.983917e-05 0.0008354967 0.04269322 0.004711273 0.003647009 0.0001525113 0.0004044865 0.001269822 0.0009548533 0.004611809 0.1242636 0.01005248 0.001409072 0.007973688 0.0005536823 0.01034756 0.0002022432 1.657731e-05 0.0942122 1.326185e-05 0.00866662 0.06691599 0.06186322 0.01143835 0.0002685525 0.0001226721 0.004392988 2.983917e-05 3.978556e-05 0.0001226721 4.973194e-05 2.65237e-05 0 3.315463e-06 0.0001922969 2.65237e-05 0.0001127257 9.946389e-06 0.002072164 1.326185e-05 0.006030827 6.29938e-05 3.315463e-06 6.630926e-06 1.657731e-05 0.002509805 0.001186936 2.65237e-05 0 4.973194e-05 9.946389e-06 0.0003315463 0.001200198 0.01507541 0.008361598 0.0003912246 3.978556e-05 2.65237e-05 0.0008388121 1.326185e-05 0 0.0001127257 0 0.0001193567 0.001011216 0.0007426637 6.630926e-05 6.630926e-06 3.315463e-06 0.0006796699 0
9.283296e-05 7.625565e-05 9.946389e-06 0.02758797 0.0003779628 0.1313586 0.009120839 0.03514391 0.004217269 0.08756801 0.003978556 0.129691 0.0007691874 0.02185222 0.01817205 0 1.989278e-05 0.0009018059 0.001034424 0.09278655 3.315463e-06 4.310102e-05 6.630926e-06 0.005258324 0.0001160412 0.005440675 0.001428965 0.01045365 0.008961696 4.641648e-05 0.0002055587 0.001770457 3.978556e-05 0.01295351 0 0.0009747461 0.0007923957 0.01792008 0.0009084369 0.01469413 0.002659001 0.000179035 1.657731e-05 0 3.315463e-06 0 0.0002519752 0 3.647009e-05 0.0002121896 9.946389e-06 0.0003017071 0.0001757195 9.946389e-06 0.0002619216 1.657731e-05 3.647009e-05 3.315463e-06 0 0 2.320824e-05 9.946389e-06 8.288657e-05 0 0 3.315463e-06 0.0003481236 1.326185e-05 0.0001226721 7.294019e-05 0.0004575339 1.989278e-05 3.315463e-06 3.315463e-06 3.315463e-06 0 1.326185e-05 0 9.946389e-06 0 5.636287e-05 0 9.946389e-06 6.630926e-06 0 0
6.962472e-05 0.02150078 5.636287e-05 0.0001094103 4.310102e-05 0.00211195 0.0006398844 0.002589377 0.004316733 0.001415703 0.05162507 0.0007691874 0.03993144 0.006020881 0.0001027794 3.315463e-05 5.967833e-05 0.001664362 0.0004078019 0.0007625565 0.0001690886 0.008570472 0.0002121896 0.00297397 0.03851573 0.03581695 0.03746473 0.0004641648 0.004946671 0.0001856659 0.007151454 0.0004343257 3.315463e-06 0.06608049 4.641648e-05 0.004194061 0.1170524 0.04253076 0.002794935 0.0001724041 0.00035807 0.006753598 5.967833e-05 9.946389e-06 0.0005967833 3.315463e-06 3.315463e-06 3.315463e-06 1.326185e-05 8.620204e-05 0.0001160412 0.0002983917 5.967833e-05 0.01126263 3.978556e-05 0.05250036 0.0002619216 6.630926e-06 6.630926e-06 9.946389e-06 0.004555446 0.0004409566 3.315463e-05 0 0.0003083381 9.946389e-06 0.0004243793 0.007310596 0.02859587 0.02222686 0.0001060948 0.0001060948 3.315463e-06 0.008845655 1.326185e-05 0 0.0003315463 9.946389e-06 8.620204e-05 0.0087694 0.002887768 0.0004840576 1.326185e-05 0 0.002927554 0
0.09564779 0.0002320824 0.005971149 0.01083825 0.0001491958 0.0450704 0.1960168 0.1023417 0.006412105 0.08692812 0.00934629 0.02185222 0.006020881 0.1409204 0.0005669442 3.315463e-05 0.04866437 0.002993863 0.004605178 0.02596671 0.003361879 7.625565e-05 0.01421339 0.03315463 9.946389e-05 0.0269945 0.007496262 0.03540583 0.09354247 0.08016126 0.000580206 0.003143059 0.001687571 0.05372708 9.614843e-05 0.04178478 0.004767636 0.0312615 0.006796699 0.006531462 0.01682266 0.001535059 0.0002188206 0.0004641648 9.283296e-05 8.95175e-05 0.0002818144 1.989278e-05 6.630926e-05 0.002363925 0.0003050226 0.001617946 0.0002784989 8.288657e-05 1.657731e-05 3.315463e-05 0.0006896163 1.326185e-05 2.65237e-05 6.962472e-05 3.315463e-05 0.0001060948 0.0001259876 2.65237e-05 9.946389e-06 2.320824e-05 0.005868369 3.315463e-06 0.0007526101 0.0005702596 0.006677342 0.0009349606 0.0008819132 9.946389e-06 3.315463e-05 5.636287e-05 0.0005470514 9.946389e-06 0.001687571 4.973194e-05 0.002224676 0.0001558268 0.0002254515 0.0001956123 3.315463e-06 6.630926e-06
5.304741e-05 0.00100127 1.326185e-05 0.007967058 0.007085144 0.04259707 0.002085426 0.002533014 0.009817086 0.003013756 6.962472e-05 0.01817205 0.0001027794 0.0005669442 0.003129797 0 1.326185e-05 6.630926e-06 3.315463e-06 0.007618934 0 0.0008255503 6.630926e-06 0.0242924 0.0002950762 0.0001226721 0.001535059 0.004900254 0.000271868 2.320824e-05 6.630926e-06 0.0006697235 9.946389e-06 0.0006498307 3.315463e-06 9.283296e-05 3.647009e-05 0.0003215999 2.983917e-05 0.008500847 0.001223406 6.630926e-06 0 0 0 0 1.326185e-05 0 0 1.989278e-05 3.315463e-06 3.978556e-05 0 0 0 6.630926e-06 0 0 0 0 0 0 3.315463e-06 0 0 0 4.641648e-05 0 1.326185e-05 3.315463e-06 3.978556e-05 0 0 3.315463e-06 0 0 3.315463e-06 0 1.326185e-05 6.630926e-06 9.946389e-06 0 0 3.315463e-06 0 0
1.326185e-05 0.001379233 0.0006266225 6.630926e-06 0 0 0.0003116535 2.983917e-05 0.0005934679 2.320824e-05 2.983917e-05 0 3.315463e-05 3.315463e-05 0 0.0222567 0.001203513 3.647009e-05 8.620204e-05 3.315463e-06 0.01869258 0.1356091 0.05788798 0.03060504 9.946389e-06 0.002065533 0.07470401 0.02947115 0.0001160412 0.004217269 0 0 3.647009e-05 0.002847983 0.000988008 0.1207989 0.04990435 0.01874894 0.004343257 0.0005470514 0.0002254515 6.630926e-06 0.000759241 8.620204e-05 0.0002586061 0.0006133607 0 0 0 0.0002685525 1.326185e-05 0.001704148 0 4.641648e-05 0 6.630926e-06 8.620204e-05 0 0.03654635 0.0002055587 1.326185e-05 9.614843e-05 0 0.01261534 0.01680608 0.02470351 0.01466098 0 0.0005503669 0.005294794 0.0105498 0.0006000988 0.004591916 0 3.315463e-06 0.000135934 0.002164997 3.647009e-05 0.01233684 0.001704148 0.006607718 0.0006863008 4.973194e-05 2.320824e-05 0 8.95175e-05
0.01964743 0.009773985 0.1214852 4.973194e-05 9.946389e-06 0.001024478 0.07036739 0.02900367 0.0003381772 0.004462613 0.0008354967 1.989278e-05 5.967833e-05 0.04866437 1.326185e-05 0.001203513 0.00991655 0.01349725 0.03751115 3.647009e-05 0.01508536 0.0006597771 0.06842784 0.004989772 0.0001060948 0.03597609 0.2516072 0.01497263 0.02197157 0.04545831 9.946389e-06 0.0001127257 0.002035694 0.04731166 0.0001127257 0.03354585 0.05137641 0.04654247 0.002523067 0.000314969 0.0001889814 2.983917e-05 8.95175e-05 2.65237e-05 0.004717904 0.01035088 9.946389e-06 3.315463e-06 6.630926e-06 0.0001193567 1.326185e-05 5.967833e-05 3.315463e-06 0.0001624577 3.315463e-06 2.65237e-05 5.304741e-05 0 0.0002586061 0.003418242 0.0001160412 0.004243793 6.630926e-06 0.0001856659 0.0001823505 0.001233352 0.0003083381 9.946389e-06 0.02440844 0.0295242 0.0003547545 8.620204e-05 0.0001326185 0 0 3.315463e-06 0.005460568 0 0.001034424 0.0007227709 0.007890802 0.0001757195 2.320824e-05 0 3.315463e-06 3.315463e-06
0.0005536823 0.0001525113 0.0007725029 0.0001458804 0 0.001293031 0.00200254 0.002072164 9.283296e-05 0.002125212 0.04269322 0.0009018059 0.001664362 0.002993863 6.630926e-06 3.647009e-05 0.01349725 0.005132337 0.03656624 0.001051002 0.0003282308 5.967833e-05 0.001564899 0.0003647009 0.004751058 0.04476538 0.03136428 0.0005669442 0.001780404 0.0007857647 0.0002387133 2.320824e-05 3.978556e-05 0.01586781 9.946389e-06 0.006713813 0.02869865 0.03577053 0.004814052 9.946389e-05 9.946389e-06 0.0005967833 1.326185e-05 6.630926e-06 0.0001657731 3.315463e-05 0 0 3.315463e-06 4.973194e-05 6.630926e-06 3.647009e-05 6.630926e-06 0.001777088 9.946389e-06 0.002914292 3.647009e-05 0 2.320824e-05 5.304741e-05 0.003816098 0.002572799 9.946389e-06 9.946389e-06 6.630926e-06 1.657731e-05 9.946389e-05 0.001279769 0.02821791 0.01391168 5.304741e-05 1.326185e-05 9.946389e-06 0.0004343257 3.315463e-06 0 0.0001491958 0 0.000135934 0.0001889814 0.0007095091 4.310102e-05 3.315463e-06 0 6.630926e-06 0
0.001203513 0.001034424 0.002135158 0.0002586061 0 0.00107421 0.003809467 0.003182844 0.0001889814 0.003033649 0.004711273 0.001034424 0.0004078019 0.004605178 3.315463e-06 8.620204e-05 0.03751115 0.03656624 0.02642424 0.001289715 0.0007526101 0.0001724041 0.003991817 0.0005669442 0.003839306 0.06281145 0.06598766 0.0009051214 0.002015801 0.001909707 6.630926e-05 1.657731e-05 9.614843e-05 0.03553182 3.978556e-05 0.02197489 0.05687677 0.07484989 0.01648448 0.0001823505 1.989278e-05 0.000265237 6.962472e-05 6.630926e-06 0.001137204 0.0001193567 6.630926e-06 0 1.326185e-05 0.0001657731 1.326185e-05 2.65237e-05 6.630926e-06 0.001190251 6.630926e-06 0.000988008 4.973194e-05 0 1.989278e-05 0.0004144329 0.002738572 0.01457478 6.630926e-06 6.962472e-05 6.630926e-06 0.0001591422 0.0001591422 0.0008653358 0.04544505 0.01072221 0.0001458804 2.320824e-05 9.614843e-05 0.0001491958 0 3.315463e-06 0.001866606 0 0.001090787 0.001104049 0.006650819 8.620204e-05 1.657731e-05 6.630926e-06 6.630926e-06 0
0.0006664081 6.630926e-06 9.946389e-06 0.06513227 0.0001989278 0.04723209 0.001216775 0.03026686 0.01692875 0.04348561 0.003647009 0.09278655 0.0007625565 0.02596671 0.007618934 3.315463e-06 3.647009e-05 0.001051002 0.001289715 0.009548533 0 1.326185e-05 6.630926e-06 0.006942579 4.310102e-05 0.005460568 0.00143228 0.01447863 0.02113939 6.630926e-05 0.0001425649 0.00175388 0.0002287669 0.01700169 2.320824e-05 0.003275677 0.001392494 0.03251475 0.00207548 0.008839024 0.003600593 0.0002022432 8.95175e-05 1.989278e-05 3.315463e-06 0 0.001511851 3.315463e-06 0.0002121896 0.001571529 0.0001027794 0.002045641 0.001080841 2.983917e-05 9.946389e-05 1.326185e-05 9.283296e-05 9.946389e-06 0 0 2.65237e-05 1.326185e-05 0.0004376411 0 0 0 0.002426919 1.657731e-05 0.0001657731 6.29938e-05 0.002881137 8.95175e-05 1.989278e-05 3.315463e-06 1.326185e-05 9.946389e-06 8.288657e-05 0 0.0001094103 6.630926e-06 0.0003348618 1.326185e-05 6.29938e-05 1.657731e-05 0 6.630926e-06
0.003716634 9.614843e-05 0.01654748 1.657731e-05 0 2.983917e-05 0.01924626 0.001279769 0.0005404205 0.0001027794 0.0001525113 3.315463e-06 0.0001690886 0.003361879 0 0.01869258 0.01508536 0.0003282308 0.0007526101 0 0.09400995 0.04262359 0.1862494 0.001465435 9.946389e-06 0.007045359 0.02311872 0.03412275 0.006090506 0.1377906 0 6.630926e-06 0.0008388121 0.04786534 0.001601369 0.249545 0.06617664 0.1613039 0.02632478 0.002251199 0.00139581 8.288657e-05 0.001720725 8.95175e-05 8.95175e-05 0.0002320824 0 0 3.315463e-06 0.0002254515 3.647009e-05 0.001279769 3.315463e-06 1.989278e-05 0 6.630926e-06 0.0001160412 0 0.02724647 0.0001458804 1.989278e-05 0.0001293031 0 0.01129247 0.01090787 0.01757858 0.012864 0 0.0005006349 0.002539645 0.009717622 0.0008918595 0.004389673 0 0 0.0001127257 0.001952808 2.65237e-05 0.01128915 0.001664362 0.005815322 0.0005835215 3.978556e-05 2.983917e-05 0 8.288657e-05
6.630926e-05 0.09892347 0.001445542 3.315463e-06 0 4.973194e-05 0.0006365689 5.304741e-05 0.03827702 5.304741e-05 0.0004044865 4.310102e-05 0.008570472 7.625565e-05 0.0008255503 0.1356091 0.0006597771 5.967833e-05 0.0001724041 1.326185e-05 0.04262359 0.006279487 0.07839081 0.1320018 0.02670937 0.002178259 0.1424489 0.02126538 0.0002287669 0.01840414 5.636287e-05 0 4.310102e-05 0.001631208 4.973194e-05 0.009681152 0.00333204 0.007290703 0.0006630926 0.0005503669 2.320824e-05 0.001243299 9.283296e-05 2.65237e-05 0.000135934 0.0007393482 3.315463e-06 0 3.315463e-06 0.000179035 1.326185e-05 0.0002387133 0 0.0001591422 0 0.0005636287 1.989278e-05 0 0.02688509 9.946389e-05 8.288657e-05 0.0001060948 0 0.004253739 0.001554952 0.01526771 0.007071883 2.983917e-05 0.0006431998 0.01204839 0.004237162 0.0002022432 0.001346078 0.0001027794 0 4.973194e-05 0.0008719668 2.983917e-05 0.004396304 0.0009150678 0.002317509 0.0003282308 1.989278e-05 3.315463e-06 1.657731e-05 2.65237e-05
0.009972913 0.001949492 0.3217789 3.978556e-05 6.630926e-06 0.0003680164 0.1271414 0.006683973 0.0005569978 0.001803612 0.001269822 6.630926e-06 0.0002121896 0.01421339 6.630926e-06 0.05788798 0.06842784 0.001564899 0.003991817 6.630926e-06 0.1862494 0.07839081 0.2323079 0.01766147 3.647009e-05 0.05610426 0.4227779 0.1903805 0.01279769 0.1368855 1.989278e-05 3.315463e-05 0.001402441 0.08055249 0.003928824 0.4329829 0.1377509 0.3384259 0.04087303 0.004698011 0.001501905 0.0001060948 0.003537599 8.288657e-05 0.002224676 0.007456476 3.315463e-06 3.315463e-06 3.315463e-06 0.0004177483 1.326185e-05 0.0003017071 3.315463e-06 6.962472e-05 0 6.630926e-06 7.294019e-05 0 0.0512869 0.0007890802 2.983917e-05 0.0002619216 0 0.005387627 0.01874894 0.05411499 0.007217763 0 0.001561583 0.05548096 0.006564617 0.0003017071 0.001402441 0 3.315463e-06 3.978556e-05 0.00282809 2.320824e-05 0.01182626 0.001521798 0.006770175 0.001027794 0.0001094103 2.983917e-05 3.315463e-06 7.294019e-05
0.01708458 0.05363424 0.01765816 0.04587275 0.0001690886 0.01502899 0.08277053 0.02305905 0.1996207 0.02633472 0.0009548533 0.005258324 0.00297397 0.03315463 0.0242924 0.03060504 0.004989772 0.0003647009 0.0005669442 0.006942579 0.001465435 0.1320018 0.01766147 0.1175033 0.0117069 0.01607005 0.09967276 0.1387223 0.08008169 0.0947062 5.304741e-05 0.0003912246 0.01335137 0.02798251 0.0003215999 0.07201517 0.00834502 0.05135321 0.01055643 0.01041718 0.005208592 0.000494004 0.001094103 0.004316733 0.0001856659 0.0003249154 0.00322263 4.310102e-05 0.0007957111 0.0172172 0.00233077 0.02971649 0.002572799 0.0004575339 0.0002353979 0.0002751834 0.006083875 3.647009e-05 0.004034918 0.0001922969 0.0002353979 0.0001491958 0.0009117523 0.005971149 0.00239708 0.001531744 0.08859249 1.657731e-05 0.001024478 0.001478696 0.08057901 0.01150466 0.01647785 3.315463e-05 0.0002884453 0.0009946389 0.00497651 2.983917e-05 0.02031716 0.001196882 0.01861964 0.001535059 0.00124993 0.001299661 1.989278e-05 0.0001823505
1.657731e-05 0.02117255 2.65237e-05 1.326185e-05 3.315463e-06 7.294019e-05 0.0001027794 5.636287e-05 0.01452173 0.0001193567 0.004611809 0.0001160412 0.03851573 9.946389e-05 0.0002950762 9.946389e-06 0.0001060948 0.004751058 0.003839306 4.310102e-05 9.946389e-06 0.02670937 3.647009e-05 0.0117069 0.003000494 0.0435254 0.06285786 0.0002983917 0.0001127257 9.283296e-05 0.002460074 0 3.315463e-06 0.001385864 6.630926e-06 0.0009316451 0.006826538 0.005735751 0.001014532 0.0001690886 5.967833e-05 0.008981589 2.65237e-05 3.315463e-06 0.0003845937 0 0 3.315463e-06 0 3.315463e-05 6.630926e-06 2.65237e-05 9.946389e-06 0.001047686 3.315463e-06 0.006743652 2.65237e-05 0 0 2.320824e-05 0.0005934679 0.001263191 6.630926e-06 6.630926e-06 5.304741e-05 1.657731e-05 8.620204e-05 0.0008255503 0.007960427 0.00333204 2.65237e-05 9.946389e-06 3.315463e-06 0.0009913234 0 0 0.0001823505 0 0.0001525113 0.0007526101 0.0009780616 6.29938e-05 3.315463e-06 0 0.0001425649 0
0.005026242 0.0147306 0.1594373 0.000852074 3.315463e-06 0.008746191 0.0692766 0.01956123 0.002254515 0.01623914 0.1242636 0.005440675 0.03581695 0.0269945 0.0001226721 0.002065533 0.03597609 0.04476538 0.06281145 0.005460568 0.007045359 0.002178259 0.05610426 0.01607005 0.0435254 0.3201278 0.7212657 0.02613248 0.01347073 0.009233564 0.002234622 0.000314969 0.000401171 0.09013086 0.0001657731 0.1152588 0.341443 0.2536163 0.0385522 0.001425649 0.0001956123 0.002559537 0.0002552907 7.957111e-05 0.009183832 0.004492452 2.320824e-05 0 1.326185e-05 0.0006664081 9.283296e-05 0.000265237 0.0001392494 0.007128245 4.973194e-05 0.01477039 0.0002685525 0 0.0001956123 0.003375141 0.01005911 0.03521353 3.978556e-05 0.0003315463 0.0001392494 0.000988008 0.0007294019 0.003971925 0.1557704 0.05966176 0.0008388121 0.000265237 0.0004078019 0.002463389 1.657731e-05 2.65237e-05 0.008490901 6.630926e-06 0.003786259 0.003971925 0.02267445 0.000494004 9.946389e-05 9.946389e-06 0.0001392494 3.315463e-06
0.002307562 0.1247045 0.12678 0.0002088742 0 0.001856659 0.01126926 0.005119075 0.04072052 0.003298886 0.01005248 0.001428965 0.03746473 0.007496262 0.001535059 0.07470401 0.2516072 0.03136428 0.06598766 0.00143228 0.02311872 0.1424489 0.4227779 0.09967276 0.06285786 0.7212657 0.2867909 0.05754981 0.00376305 0.007294019 0.001077525 6.962472e-05 0.0002519752 0.07995239 0.001223406 0.1898268 0.2301031 0.2606683 0.02005192 0.002174944 0.0001027794 0.001820189 0.000802342 5.304741e-05 0.06221466 0.06028838 3.315463e-06 3.315463e-06 1.657731e-05 0.0008819132 8.95175e-05 0.0001823505 7.957111e-05 0.006630926 3.315463e-05 0.01106038 0.0003845937 0 0.0168956 0.01441895 0.0127148 0.05717516 4.310102e-05 0.001339447 0.01539701 0.02872186 0.002072164 0.006763544 0.2519918 0.334623 0.003451397 0.000265237 0.0005967833 0.001959439 9.946389e-06 9.946389e-06 0.02349337 1.989278e-05 0.009213672 0.006667396 0.05118743 0.001233352 0.0001525113 3.315463e-06 0.0001160412 2.320824e-05
0.01668673 0.001667678 0.07464765 0.01936893 3.978556e-05 0.0573343 0.2133302 0.02786315 0.07682591 0.09694082 0.001409072 0.01045365 0.0004641648 0.03540583 0.004900254 0.02947115 0.01497263 0.0005669442 0.0009051214 0.01447863 0.03412275 0.02126538 0.1903805 0.1387223 0.0002983917 0.02613248 0.05754981 0.1445575 0.07587106 0.2094312 7.294019e-05 0.0006332534 0.01190251 0.04945345 0.0008189194 0.1535557 0.01748907 0.1119599 0.02215392 0.004485821 0.007068567 0.0001525113 0.001787035 0.002897715 0.0001657731 0.0003845937 0.004701327 3.315463e-05 0.0009216987 0.01454162 0.001727356 0.01974358 0.003706688 0.0003182844 0.0003514391 1.989278e-05 0.004111174 4.310102e-05 0.005639603 0.0002387133 0.0002055587 0.000135934 0.001332816 0.007953796 0.002910977 0.001976016 0.06627611 6.630926e-06 0.0007824493 0.001929599 0.06107414 0.009339659 0.01517487 9.946389e-06 0.0001989278 0.0008122884 0.003842622 6.630926e-05 0.01397799 0.001216775 0.01277779 0.001160412 0.0008686513 0.0008255503 6.630926e-06 0.0001558268
0.05413488 0.0001127257 0.002635793 0.0169387 0.0001259876 0.01298667 0.151384 0.02371551 0.01294025 0.08793271 0.007973688 0.008961696 0.004946671 0.09354247 0.000271868 0.0001160412 0.02197157 0.001780404 0.002015801 0.02113939 0.006090506 0.0002287669 0.01279769 0.08008169 0.0001127257 0.01347073 0.00376305 0.07587106 0.1721886 0.1725135 0.000629938 0.003017071 0.04859474 0.07164716 5.304741e-05 0.02491902 0.002771727 0.02868539 0.003345302 0.001302977 0.02458084 0.0007393482 0.0001922969 0.000808973 3.978556e-05 4.310102e-05 0.0002884453 1.326185e-05 0.000135934 0.003444766 0.0005238432 0.002612585 0.000222136 0.0001293031 1.657731e-05 2.983917e-05 0.001167043 6.630926e-06 5.636287e-05 2.983917e-05 8.288657e-05 4.973194e-05 7.294019e-05 0.0001757195 2.983917e-05 4.973194e-05 0.01215117 9.946389e-06 0.0004741112 0.0003215999 0.01268165 0.001959439 0.002201467 1.657731e-05 5.304741e-05 0.000135934 0.0009482224 3.315463e-06 0.003557492 0.0001160412 0.003584015 0.0003017071 0.0003215999 0.0002884453 6.630926e-06 3.647009e-05
0.04724203 0.0005105813 0.009260088 0.0002917607 2.320824e-05 0.000623307 0.1268828 0.02288996 0.01806264 0.001992593 0.0005536823 4.641648e-05 0.0001856659 0.08016126 2.320824e-05 0.004217269 0.04545831 0.0007857647 0.001909707 6.630926e-05 0.1377906 0.01840414 0.1368855 0.0947062 9.283296e-05 0.009233564 0.007294019 0.2094312 0.1725135 0.2010232 2.320824e-05 0.0001889814 0.04734481 0.08133494 0.0004276947 0.1230899 0.01871247 0.08801891 0.01992262 0.001057633 0.003706688 7.294019e-05 0.001405756 0.001747249 7.625565e-05 0.0001491958 1.989278e-05 6.630926e-06 6.630926e-06 0.002115265 0.0004376411 0.007754868 2.320824e-05 7.957111e-05 3.315463e-06 1.326185e-05 0.001800296 9.946389e-06 0.02541965 0.0002619216 5.304741e-05 0.0002188206 3.315463e-06 0.02005855 0.009571742 0.009283296 0.04513008 0 0.001180305 0.00139581 0.04116479 0.006166761 0.01576171 0 4.973194e-05 0.0006995627 0.003716634 4.310102e-05 0.01952145 0.00254296 0.01057633 0.000981377 0.0001823505 0.0002751834 0 0.0001823505
9.946389e-06 0.0001392494 9.946389e-06 1.657731e-05 0 0.000401171 0.000135934 0.0003547545 5.967833e-05 0.0003182844 0.01034756 0.0002055587 0.007151454 0.000580206 6.630926e-06 0 9.946389e-06 0.0002387133 6.630926e-05 0.0001425649 0 5.636287e-05 1.989278e-05 5.304741e-05 0.002460074 0.002234622 0.001077525 7.294019e-05 0.000629938 2.320824e-05 0.0002917607 3.647009e-05 0 0.00906116 0 0.000450903 0.016574 0.009976228 0.0005934679 1.326185e-05 0 0.0003050226 6.630926e-06 3.315463e-06 3.647009e-05 0 0 3.315463e-06 3.315463e-06 1.326185e-05 9.946389e-06 1.326185e-05 9.946389e-06 0.001259876 3.315463e-06 0.003918877 3.315463e-05 0 0 0 0.0007725029 0.0001259876 3.315463e-06 0 3.647009e-05 3.315463e-06 3.647009e-05 0.0003912246 0.005175438 0.003952032 1.326185e-05 3.315463e-06 3.315463e-06 0.0007227709 0 0 2.983917e-05 0 1.326185e-05 0.0001690886 0.0003017071 5.967833e-05 3.315463e-06 0 9.946389e-06 0
0.0001922969 3.315463e-06 3.315463e-05 0.0002552907 0.0001458804 0.004737797 0.00135934 0.00239708 0.0001259876 0.003172898 0.0002022432 0.001770457 0.0004343257 0.003143059 0.0006697235 0 0.0001127257 2.320824e-05 1.657731e-05 0.00175388 6.630926e-06 0 3.315463e-05 0.0003912246 0 0.000314969 6.962472e-05 0.0006332534 0.003017071 0.0001889814 3.647009e-05 9.946389e-06 1.326185e-05 0.01326848 9.946389e-06 0.001780404 9.614843e-05 0.005861739 0.0006199916 0.002012486 0.01025804 7.625565e-05 1.989278e-05 6.630926e-06 0 0 3.315463e-06 0 3.315463e-06 5.304741e-05 9.946389e-06 4.641648e-05 9.946389e-06 3.315463e-06 3.315463e-06 0 6.630926e-06 0 0 0 0 0 0 0 0 0 0.0001425649 0 6.630926e-06 0 0.0001458804 2.65237e-05 9.946389e-06 0 0 0 9.946389e-06 0 2.65237e-05 0 3.978556e-05 1.326185e-05 3.315463e-06 0 0 0
0.003981871 1.657731e-05 0.0003116535 0.0009581688 0 0.0003912246 0.01497595 0.0007791338 0.001571529 0.002350663 1.657731e-05 3.978556e-05 3.315463e-06 0.001687571 9.946389e-06 3.647009e-05 0.002035694 3.978556e-05 9.614843e-05 0.0002287669 0.0008388121 4.310102e-05 0.001402441 0.01335137 3.315463e-06 0.000401171 0.0002519752 0.01190251 0.04859474 0.04734481 0 1.326185e-05 0.003212684 0.006276171 0 0.0003680164 0.000135934 0.00111068 0.0001657731 9.946389e-06 5.304741e-05 0 3.315463e-06 9.283296e-05 3.315463e-06 0 2.320824e-05 3.315463e-06 1.326185e-05 0.0003812782 6.29938e-05 0.0003315463 9.946389e-06 6.630926e-06 0 3.315463e-06 0.0001724041 0 6.630926e-06 0 0 3.315463e-06 3.315463e-06 3.978556e-05 1.326185e-05 9.946389e-06 0.001352709 0 1.989278e-05 2.65237e-05 0.00135934 0.0003050226 0.0002851298 0 0 1.326185e-05 6.630926e-05 0 0.0004078019 6.630926e-06 0.0004078019 2.65237e-05 2.983917e-05 3.978556e-05 0 3.315463e-06
0.01482012 0.001714094 0.02550917 0.008318497 0.0001922969 0.01964743 0.0490158 0.02699118 0.004094597 0.05232132 0.0942122 0.01295351 0.06608049 0.05372708 0.0006498307 0.002847983 0.04731166 0.01586781 0.03553182 0.01700169 0.04786534 0.001631208 0.08055249 0.02798251 0.001385864 0.09013086 0.07995239 0.04945345 0.07164716 0.08133494 0.00906116 0.01326848 0.006276171 0.04082661 9.283296e-05 0.02172623 0.06017234 0.05890252 0.003431504 0.001004585 0.0004707957 0.00537105 0.0001193567 0.0003481236 0.001190251 0.002572799 0.0001922969 9.946389e-06 5.636287e-05 0.001743934 0.0002619216 0.001107365 0.000135934 0.0004111174 6.630926e-06 0.00124993 0.0005172122 6.630926e-06 0.0008752822 0.0006664081 0.000222136 0.00168094 7.625565e-05 0.0004608494 0.0003613855 0.000895175 0.005599817 0.0001558268 0.006392213 0.01255897 0.005394258 0.0008189194 0.001120626 0.0002486597 1.989278e-05 5.636287e-05 0.001511851 6.630926e-06 0.001760511 0.0005669442 0.003474605 0.0002022432 0.0001127257 9.946389e-05 5.967833e-05 1.326185e-05
9.946389e-06 1.326185e-05 0.0004409566 1.989278e-05 0 2.983917e-05 0.0002486597 5.636287e-05 2.983917e-05 5.304741e-05 1.326185e-05 0 4.641648e-05 9.614843e-05 3.315463e-06 0.000988008 0.0001127257 9.946389e-06 3.978556e-05 2.320824e-05 0.001601369 4.973194e-05 0.003928824 0.0003215999 6.630926e-06 0.0001657731 0.001223406 0.0008189194 5.304741e-05 0.0004276947 0 9.946389e-06 0 9.283296e-05 0.7902307 0.1703618 0.002596008 0.008388121 0.01027462 0.0007725029 0.0003315463 6.630926e-06 0.001886498 0 1.657731e-05 4.641648e-05 0 0 0 2.65237e-05 0 3.315463e-06 6.630926e-06 6.630926e-06 0 0.0001458804 1.326185e-05 0 4.310102e-05 4.973194e-05 0 9.946389e-06 0 6.630926e-06 6.630926e-06 0.0001027794 2.983917e-05 2.320824e-05 1.657731e-05 0.0002155051 3.978556e-05 0 0 0 0 0 7.957111e-05 0.3449806 0.002297616 0.0003050226 0.0006100452 0.001203513 6.630926e-06 5.636287e-05 0.0003315463 6.962472e-05
0.001823505 0.002715364 0.05363093 0.004757689 0.0003315463 0.006405474 0.04812063 0.007751552 0.008245556 0.01704811 0.00866662 0.0009747461 0.004194061 0.04178478 9.283296e-05 0.1207989 0.03354585 0.006713813 0.02197489 0.003275677 0.249545 0.009681152 0.4329829 0.07201517 0.0009316451 0.1152588 0.1898268 0.1535557 0.02491902 0.1230899 0.000450903 0.001780404 0.0003680164 0.02172623 0.1703618 0.09122165 0.4323231 0.2195234 0.07283078 0.06936943 0.03634079 0.001475381 0.006226439 0.0009482224 0.002155051 0.004283578 0.0001060948 2.320824e-05 9.614843e-05 0.001949492 0.000444272 0.002463389 7.294019e-05 0.0002884453 6.630926e-06 0.0003249154 0.0012864 0 0.006902794 0.007038728 0.0006962472 0.002993863 2.65237e-05 0.001498589 0.00233077 0.008789292 0.01351383 9.614843e-05 0.008480954 0.02500522 0.0117931 0.002728626 0.003534284 4.973194e-05 8.95175e-05 0.0001889814 0.002380502 0.004446036 0.0147936 0.01791345 0.01710116 0.001170358 0.002513121 0.001239983 0.0001127257 0.0001757195
0.0004044865 0.004969879 0.02627504 0.0005536823 1.989278e-05 0.00122009 0.003670218 0.001869921 0.001886498 0.004031603 0.06691599 0.0007923957 0.1170524 0.004767636 3.647009e-05 0.04990435 0.05137641 0.02869865 0.05687677 0.001392494 0.06617664 0.00333204 0.1377509 0.00834502 0.006826538 0.341443 0.2301031 0.01748907 0.002771727 0.01871247 0.016574 9.614843e-05 0.000135934 0.06017234 0.002596008 0.4323231 0.06632252 0.2412364 0.03281314 0.007267495 0.003593962 0.001369286 0.001982647 5.304741e-05 0.001100734 0.002513121 1.989278e-05 0 6.630926e-06 0.0002022432 2.65237e-05 0.0002851298 1.326185e-05 0.001452173 3.315463e-06 0.008577103 0.0001326185 3.315463e-06 0.0006929318 0.001140519 0.001077525 0.003826044 0 0.0002619216 0.0003547545 0.0009415915 0.0009946389 0.001266507 0.02045309 0.01151792 0.0008719668 0.0001823505 0.0002884453 0.0008454431 9.946389e-06 6.630926e-06 0.002234622 5.967833e-05 0.002920923 0.003796205 0.004906885 0.0002453443 1.989278e-05 9.946389e-06 0.0008454431 0
0.004170852 0.004392988 0.0720417 0.01732661 0.0006863008 0.02260151 0.07761499 0.01736971 0.00819914 0.09238869 0.06186322 0.01792008 0.04253076 0.0312615 0.0003215999 0.01874894 0.04654247 0.03577053 0.07484989 0.03251475 0.1613039 0.007290703 0.3384259 0.05135321 0.005735751 0.2536163 0.2606683 0.1119599 0.02868539 0.08801891 0.009976228 0.005861739 0.00111068 0.05890252 0.008388121 0.2195234 0.2412364 0.06244011 0.03084707 0.004757689 0.002934185 0.01510193 0.002214729 0.000759241 0.002181575 0.005596502 0.0003514391 2.320824e-05 0.0001657731 0.003961978 0.0006100452 0.002227991 0.0003779628 0.0007061936 4.973194e-05 0.001259876 0.001326185 3.315463e-06 0.004349887 0.001213459 0.0009614843 0.002350663 0.0001160412 0.0003713319 0.001750564 0.004857153 0.0116638 0.0004840576 0.01467092 0.02679226 0.01113664 0.001979331 0.001969385 0.0002121896 3.978556e-05 0.0001160412 0.002533014 0.000179035 0.003779628 0.0007393482 0.006422052 0.0004840576 0.0003547545 0.0002851298 0.0001690886 2.983917e-05
0.000401171 0.0002353979 0.002048956 0.002171628 0.0001259876 0.00275515 0.01195224 0.003335356 0.001574845 0.007642142 0.01143835 0.0009084369 0.002794935 0.006796699 2.983917e-05 0.004343257 0.002523067 0.004814052 0.01648448 0.00207548 0.02632478 0.0006630926 0.04087303 0.01055643 0.001014532 0.0385522 0.02005192 0.02215392 0.003345302 0.01992262 0.0005934679 0.0006199916 0.0001657731 0.003431504 0.01027462 0.07283078 0.03281314 0.03084707 0.00254296 0.0005205277 0.0004078019 0.003401665 0.0005636287 0.0001226721 0.0001293031 0.0001392494 3.978556e-05 0 1.657731e-05 0.0005304741 0.0001027794 0.0003912246 2.320824e-05 9.614843e-05 9.946389e-06 8.95175e-05 0.0001757195 6.630926e-06 0.0004807421 5.304741e-05 0.0001690886 0.000494004 9.946389e-06 8.288657e-05 0.0001259876 0.0003713319 0.001926284 6.630926e-05 0.002171628 0.0009913234 0.001661047 0.0002851298 0.0003481236 2.320824e-05 6.630926e-06 6.630926e-06 0.0003182844 0.0003945401 0.0008587049 8.95175e-05 0.0008686513 6.630926e-05 3.315463e-05 4.973194e-05 9.946389e-06 6.630926e-06
7.957111e-05 0.0005835215 0.0004177483 0.005659495 0.005148914 0.01784051 0.00286456 0.006040774 0.004518976 0.004253739 0.0002685525 0.01469413 0.0001724041 0.006531462 0.008500847 0.0005470514 0.000314969 9.946389e-05 0.0001823505 0.008839024 0.002251199 0.0005503669 0.004698011 0.01041718 0.0001690886 0.001425649 0.002174944 0.004485821 0.001302977 0.001057633 1.326185e-05 0.002012486 9.946389e-06 0.001004585 0.0007725029 0.06936943 0.007267495 0.004757689 0.0005205277 0.005510299 0.0007791338 0.0001127257 0.0001591422 2.65237e-05 1.326185e-05 4.641648e-05 7.294019e-05 0 1.657731e-05 0.0001558268 1.989278e-05 0.0001094103 3.647009e-05 0 9.946389e-06 1.657731e-05 3.647009e-05 0 5.636287e-05 6.962472e-05 1.657731e-05 1.989278e-05 1.657731e-05 9.946389e-06 2.320824e-05 6.630926e-05 0.0004177483 0 4.310102e-05 0.0001823505 0.000401171 4.641648e-05 6.29938e-05 3.315463e-06 0 0 5.636287e-05 0 0.0009084369 0.000265237 0.0003050226 1.326185e-05 3.647009e-05 1.326185e-05 0 1.326185e-05
0.0002387133 1.657731e-05 0.0001458804 0.002596008 0.0002851298 0.01106038 0.009326397 0.007221078 0.00111068 0.009773985 0.0001226721 0.002659001 0.00035807 0.01682266 0.001223406 0.0002254515 0.0001889814 9.946389e-06 1.989278e-05 0.003600593 0.00139581 2.320824e-05 0.001501905 0.005208592 5.967833e-05 0.0001956123 0.0001027794 0.007068567 0.02458084 0.003706688 0 0.01025804 5.304741e-05 0.0004707957 0.0003315463 0.03634079 0.003593962 0.002934185 0.0004078019 0.0007791338 3.647009e-05 0.002914292 9.946389e-05 0.0001027794 0 0 4.310102e-05 0 1.326185e-05 0.0005470514 7.957111e-05 0.0003647009 2.983917e-05 3.315463e-06 3.315463e-06 0 0.0001226721 0 1.657731e-05 0 3.315463e-06 0 9.946389e-06 3.315463e-06 3.315463e-06 9.946389e-06 0.001714094 0 0 1.989278e-05 0.001538375 0.0003017071 0.0002851298 0 1.657731e-05 6.630926e-06 8.620204e-05 9.946389e-06 0.0005636287 2.983917e-05 0.0004906885 4.973194e-05 2.65237e-05 4.641648e-05 0 3.315463e-06
