0.01781653 3.563954e-05 0.003330677 3.887949e-05 1.943975e-05 0.002614646 0.02962941 0.04937372 0.0003110359 0.001153425 0.000845629 6.479916e-05 8.747886e-05 0.1118563 3.239958e-06 1.295983e-05 0.004889096 0.002426728 0.002672965 4.211945e-05 0.004396623 0 0.006658113 0.0008974683 6.479916e-06 0.00993695 0.002903002 0.005106173 0.102428 0.07794366 9.719873e-06 0.001214984 0.008245692 0.02105001 1.295983e-05 0.003955988 0.0005216332 0.01788457 0.00150334 5.183932e-05 0.0007484302 6.479916e-06 6.803911e-05 3.239958e-06 2.915962e-05 2.26797e-05 6.479916e-06 0 0 2.26797e-05 3.239958e-06 6.479916e-05 1.295983e-05 0 0 0 6.479916e-06 0 9.395877e-05 0 0 0 6.479916e-06 0 1.619979e-05 1.295983e-05 0.0001425581 0 5.507928e-05 0.0001295983 9.071882e-05 9.719873e-06 0 3.239958e-06 0 0 3.239958e-06 0 3.563954e-05 0 1.295983e-05 0 0 0 0 0
3.563954e-05 0.01248032 0.0009136681 1.619979e-05 0 4.211945e-05 0.0002462368 0.000155518 0.02546931 4.211945e-05 0.0007419503 5.183932e-05 0.01655294 0.0001166385 2.26797e-05 0.05849096 0.003761591 0.0001943975 9.395877e-05 6.479916e-06 0.007050148 0.1675933 0.01236692 0.07867265 0.04704419 0.006298478 0.1156795 0.02362253 0.0001749577 0.0002915962 0.0004957135 2.26797e-05 3.239958e-05 0.001626459 2.26797e-05 0.01494917 0.007163547 0.0166631 0.004276744 0.0001101586 2.591966e-05 0.001354302 0.0001004387 3.239958e-06 0.00228093 0.005958282 0 0 6.479916e-06 0.0001166385 0 0.0001425581 9.719873e-06 9.719873e-06 0 6.479916e-06 6.479916e-06 0 0.001924535 4.859937e-05 1.943975e-05 3.239958e-05 0 3.887949e-05 0.001396422 0.0004309144 0.0004535941 6.479916e-06 0.00382315 0.01883387 0.0002073573 1.619979e-05 0 3.239958e-06 0 3.239958e-06 7.775899e-05 6.479916e-06 0.000230037 9.071882e-05 0.0002753964 4.535941e-05 0 9.719873e-06 3.239958e-06 0
0.003330677 0.0009136681 0.04853457 1.943975e-05 2.915962e-05 0.01196192 0.07582149 0.03879201 0.005245492 0.006308198 0.001153425 6.15592e-05 0.0005864324 0.02655145 2.591966e-05 0.0005054334 0.08941311 0.003337156 0.003897669 2.915962e-05 0.03175483 0.0002753964 0.2268132 0.01035814 0.0002105973 0.2148157 0.08449162 0.02866715 0.00693351 0.1206269 0.000155518 0.001091866 0.0001879175 0.03214038 6.803911e-05 0.03875961 0.0305204 0.06276446 0.01395126 0.0002365169 0.001176105 0.0002138372 0.0003304757 9.719873e-06 0.007267225 0.01327735 3.239958e-06 0 9.719873e-06 0.0003272357 1.619979e-05 0.0003661152 9.719873e-06 6.479916e-06 3.239958e-06 3.239958e-06 3.239958e-05 0 0.001153425 0.0001749577 3.239958e-05 0.000155518 6.479916e-06 6.803911e-05 0.003580153 0.001286263 0.0008359091 3.239958e-06 0.001308943 0.04658087 0.0004341543 4.211945e-05 3.239958e-06 0 3.239958e-06 3.239958e-06 0.0001587579 6.479916e-05 0.0007225106 0.0001004387 0.0006544715 0.0001295983 3.239958e-06 6.479916e-06 0 0
3.887949e-05 1.619979e-05 1.943975e-05 0.0104197 0.0001976374 0.01356246 0.003887949 0.002410529 0.03319661 0.04429022 0.0001166385 0.08642587 5.831924e-05 0.001853256 0.001840296 3.239958e-06 3.239958e-06 1.943975e-05 9.719873e-06 0.02527167 2.591966e-05 2.915962e-05 2.26797e-05 0.0167603 9.719873e-06 8.42389e-05 3.887949e-05 0.06931566 0.0015001 3.887949e-05 6.479916e-06 0.0007613901 0 0.001474181 6.479916e-06 0.001619979 2.915962e-05 0.004127706 0.0001360782 0.003214038 0.001966654 1.619979e-05 9.395877e-05 5.183932e-05 2.915962e-05 0 0.003366316 0 0.0006641913 0.003116839 0.0002689165 0.003742151 0.009126961 2.26797e-05 0.003019641 0 0.0003239958 5.183932e-05 3.239958e-06 0 3.239958e-06 0 0.00533945 3.239958e-06 0.0002170772 0 0.007879577 3.239958e-06 9.719873e-06 9.071882e-05 0.005815724 0.0003207558 0 3.239958e-06 1.619979e-05 3.563954e-05 0.0003790751 0 0.000230037 6.479916e-06 0.0003628753 3.239958e-06 0.0001781977 8.099894e-05 3.239958e-06 9.719873e-06
1.943975e-05 0 2.915962e-05 0.0001976374 0.0002365169 0.008352611 0.0003531554 0.000463314 0.0006771512 0.001027067 0.0002559567 0.007033948 4.211945e-05 0.0001198784 0.04570932 0 1.295983e-05 4.211945e-05 1.619979e-05 0.0003531554 9.719873e-06 3.239958e-06 1.295983e-05 0.0002170772 3.239958e-06 0.0001328383 2.591966e-05 0.0003304757 0.0006317918 6.479916e-05 0 0.0006965909 0 0.00537509 0 0.0001652378 4.859937e-05 0.0007451903 0.0001879175 0.03575293 0.006347077 0 0 0 0 3.239958e-06 9.719873e-06 0 0 1.619979e-05 9.719873e-06 2.26797e-05 2.591966e-05 0 3.239958e-06 0 0 0 3.239958e-06 0 0 0 3.239958e-06 0 3.239958e-06 0 6.803911e-05 0 0 0 3.239958e-05 6.479916e-06 0 0 0 0 0 0 3.239958e-06 0 9.719873e-06 0 6.479916e-06 3.239958e-06 0 0
0.002614646 4.211945e-05 0.01196192 0.01356246 0.008352611 0.1788845 0.08768946 0.06840847 0.009412077 0.379412 0.002575766 0.1083798 0.0003499154 0.03455415 0.01149213 3.239958e-05 0.001600539 0.001461221 0.001273303 0.02792844 0.002374889 6.803911e-05 0.004117986 0.006311438 2.915962e-05 0.01208828 0.00382963 0.02141612 0.00999203 0.008864524 4.859937e-05 0.04065175 0.000152278 0.01629699 2.915962e-05 0.006045761 0.0009007083 0.01451825 0.002177252 0.02638622 0.004182785 3.887949e-05 0.0001619979 6.15592e-05 1.295983e-05 1.619979e-05 0.0008942283 0 0.000456834 0.003230238 0.0004438742 0.001798177 0.003489434 3.563954e-05 0.001328383 6.479916e-06 0.0005572727 2.26797e-05 0.0001684778 3.239958e-06 3.239958e-06 6.479916e-06 0.001380222 2.26797e-05 0.0001101586 7.127907e-05 0.00687519 6.479916e-06 5.507928e-05 0.0001879175 0.003949508 0.0005119133 5.831924e-05 0 4.859937e-05 4.859937e-05 0.0005216332 6.479916e-06 0.0006317918 6.479916e-06 0.0008845085 9.719873e-06 0.0002138372 0.0001263584 0 9.719873e-06
0.02962941 0.0002462368 0.07582149 0.003887949 0.0003531554 0.08768946 0.1054185 0.1483091 0.02288382 0.141463 0.002381369 0.001402902 0.001882415 0.1650856 0.0003661152 0.0004017548 0.005008975 0.001662098 0.0015649 0.001279783 0.0535403 0.0003466755 0.04826889 0.0351827 0.0001490381 0.01923239 0.02828807 0.3396934 0.07451579 0.04379451 4.535941e-05 0.006321158 0.002404049 0.03611581 0.0002008774 0.09076418 0.005595407 0.1195998 0.01129773 0.002890042 0.02379101 0.0003790751 0.002209651 0.0002429968 5.507928e-05 0.0001360782 0.0008132294 0 0.001334863 0.008177653 0.001399662 0.004801617 0.005141813 0.0001393182 0.0006706713 3.239958e-06 0.001931015 1.943975e-05 0.001389942 2.591966e-05 3.563954e-05 2.26797e-05 0.001490381 0.0001166385 0.0004989535 0.0003920349 0.02431588 9.719873e-06 0.0001036786 0.0009849472 0.01154721 0.001675058 0.000226797 3.239958e-06 0.0001263584 0.0001587579 0.002005534 6.479916e-05 0.003619033 8.099894e-05 0.00385231 2.915962e-05 9.719873e-06 0.0005896723 3.239958e-06 3.563954e-05
0.04937372 0.000155518 0.03879201 0.002410529 0.000463314 0.06840847 0.1483091 0.1642918 0.003874989 0.07920401 0.005835164 0.00999851 0.0003434355 0.1582557 0.0001587579 0.0001295983 0.01754761 0.01238312 0.01340047 0.004121226 0.008754366 8.747886e-05 0.02860559 0.005718525 2.26797e-05 0.07953448 0.01621599 0.01753141 0.03364696 0.1106964 0.0001166385 0.01933931 0.0005054334 0.05549076 7.775899e-05 0.01229564 0.003392236 0.03399364 0.00918204 0.000845629 0.002501247 6.803911e-05 0.000152278 2.915962e-05 8.099894e-05 9.719873e-05 0.0001004387 0 0.0001490381 0.001221464 0.0001328383 0.0008488689 0.0007063108 1.943975e-05 0.0001781977 6.479916e-06 0.0003013161 3.239958e-06 0.0005734725 6.479916e-06 6.479916e-06 3.239958e-06 0.0002462368 2.915962e-05 0.000152278 0.000152278 0.003418155 3.239958e-06 0.0002786364 0.0007711099 0.001662098 0.0002397569 3.239958e-05 0 1.619979e-05 1.943975e-05 0.0002948362 9.719873e-06 0.000463314 2.591966e-05 0.0005669926 9.719873e-06 1.619979e-05 6.803911e-05 0 0
0.0003110359 0.02546931 0.005245492 0.03319661 0.0006771512 0.009412077 0.02288382 0.003874989 0.008329931 0.03463515 0.0002624366 0.01846452 0.001704218 0.003751871 0.002193451 0.001820856 0.0002591966 5.183932e-05 2.915962e-05 0.03084116 0.002510967 0.03790103 0.002008774 0.112365 0.007772659 0.0009784672 0.009318118 0.09587359 0.00610084 0.0009849472 1.943975e-05 0.0009298679 0.0007257505 0.003026121 2.591966e-05 0.02673937 0.004033747 0.0110191 0.001276543 0.0009849472 0.001794937 0.0002656765 0.0003013161 0.0002494767 0.000385555 3.887949e-05 0.004108266 3.239958e-06 0.0007516702 0.007749979 0.0006998309 0.002543367 0.009719873 6.15592e-05 0.004552141 0 0.001078906 4.859937e-05 0.005520888 1.295983e-05 2.915962e-05 1.295983e-05 0.005498208 0.0003013161 0.002365169 0.0003175159 0.03115219 6.479916e-06 0.0001684778 0.001040026 0.01446965 0.001163145 0.0001879175 3.239958e-06 5.831924e-05 0.0001360782 0.001600539 1.619979e-05 0.002394329 0.0001133985 0.002637326 2.26797e-05 0.0002008774 0.0004049947 3.239958e-06 3.887949e-05
0.001153425 4.211945e-05 0.006308198 0.04429022 0.001027067 0.379412 0.141463 0.07920401 0.03463515 0.2688225 0.003473235 0.07298977 0.001211744 0.04829481 0.001266823 1.943975e-05 0.0005831924 0.001088626 0.0004892336 0.03302489 0.00153574 3.563954e-05 0.002413769 0.01623543 1.943975e-05 0.005598647 0.00229389 0.04654199 0.03836434 0.004101787 6.479916e-05 0.01428173 7.451903e-05 0.03744743 3.887949e-05 0.009049202 0.000534593 0.06572902 0.001798177 0.00535889 0.03044588 0.0001717178 0.001198784 0.0001295983 2.591966e-05 1.619979e-05 0.004399863 0 0.001474181 0.008615048 0.0007711099 0.005258451 0.01817616 5.831924e-05 0.004454942 0 0.0009136681 3.563954e-05 9.719873e-05 3.239958e-06 1.619979e-05 9.719873e-06 0.007153827 0 0.0004438742 3.239958e-05 0.01922915 9.719873e-06 5.831924e-05 0.0002462368 0.01335835 0.0008909884 6.479916e-06 0 6.479916e-05 8.747886e-05 0.001030307 3.239958e-06 0.000842389 9.719873e-06 0.001279783 6.479916e-06 0.0001684778 0.0002624366 0 2.591966e-05
0.000845629 0.0007419503 0.001153425 0.0001166385 0.0002559567 0.002575766 0.002381369 0.005835164 0.0002624366 0.003473235 0.1073236 0.0003466755 0.06751748 0.003570433 9.719873e-06 0.0004211945 0.004072627 0.03494294 0.001412622 0.0002008774 0.001600539 0.0004924736 0.004717378 0.0007192706 0.002750724 0.1015986 0.02210299 0.001127505 0.003560714 0.002384609 0.01413918 0.003327437 0.0001587579 0.07837134 1.619979e-05 0.01443077 0.08286192 0.1986548 0.03696792 0.0001166385 0.001924535 0.00687843 0.0002235571 3.239958e-06 0.0001781977 0.0001004387 3.239958e-06 0 6.479916e-06 4.211945e-05 3.239958e-06 4.211945e-05 1.943975e-05 0.0004697939 3.239958e-06 0.001137225 9.719873e-06 0 2.915962e-05 3.239958e-06 0.0009493076 0.001224704 3.239958e-06 0 4.535941e-05 1.943975e-05 0.0001587579 0.001040026 0.007481062 0.007805058 4.211945e-05 6.479916e-06 0 0.0005183932 0 0 4.859937e-05 1.619979e-05 8.747886e-05 0.002643806 0.0001198784 3.887949e-05 3.239958e-06 0 0.0001943975 3.239958e-06
6.479916e-05 5.183932e-05 6.15592e-05 0.08642587 0.007033948 0.1083798 0.001402902 0.00999851 0.01846452 0.07298977 0.0003466755 0.1300195 3.563954e-05 0.008119334 0.02074869 0 1.295983e-05 9.719873e-05 1.295983e-05 0.1055222 3.563954e-05 3.887949e-05 3.887949e-05 0.004824297 0 0.0001684778 8.099894e-05 0.04860261 0.002851163 7.127907e-05 6.479916e-06 0.004804857 3.239958e-06 0.004221665 0 0.000842389 7.127907e-05 0.002617886 3.239958e-05 0.01344906 0.002870603 3.239958e-06 3.239958e-05 6.479916e-06 9.719873e-06 0 0.002063853 3.239958e-06 0.000385555 0.001315423 0.0001846776 0.002779884 0.004367463 9.719873e-06 0.003411676 0 0.0002559567 6.479916e-05 6.479916e-06 3.239958e-06 3.239958e-06 0 0.002601686 0 6.15592e-05 0 0.00228417 3.239958e-06 9.719873e-06 2.591966e-05 0.001837056 8.747886e-05 0 0 1.295983e-05 3.239958e-06 0.0001036786 0 5.183932e-05 0 0.0001036786 0 0.0004049947 2.591966e-05 0 0
8.747886e-05 0.01655294 0.0005864324 5.831924e-05 4.211945e-05 0.0003499154 0.001882415 0.0003434355 0.001704218 0.001211744 0.06751748 3.563954e-05 0.02896522 0.0002883562 6.479916e-06 0.008067495 0.0002462368 0.002436448 8.747886e-05 6.15592e-05 0.001457981 0.01177077 0.003440835 0.007425983 0.07932389 0.01770961 0.09615547 0.003998108 0.0002203171 0.000693351 0.02559567 0.0002105973 0 0.01587255 0.0001004387 0.02649961 0.164389 0.06735548 0.02116016 0.0002786364 0.0005183932 0.04910156 0.0001457981 0 0.0005734725 6.479916e-05 3.239958e-06 0 0 4.535941e-05 0 2.915962e-05 6.479916e-06 0.004373943 3.239958e-06 0.0138897 9.719873e-06 0 0.0001976374 0 0.002666485 0.002031454 0 0 0.0001846776 3.887949e-05 0.0001036786 0.008287812 0.01985446 0.03084764 9.719873e-06 1.295983e-05 0 0.004458182 0 3.239958e-06 0.0001101586 6.15592e-05 0.000307796 0.0370392 0.0003725951 9.719873e-05 0 0 0.00308444 0
0.1118563 0.0001166385 0.02655145 0.001853256 0.0001198784 0.03455415 0.1650856 0.1582557 0.003751871 0.04829481 0.003570433 0.008119334 0.0002883562 0.1725828 0.0003369556 9.719873e-05 0.01590819 0.00844657 0.009635634 0.003278837 0.01030307 9.719873e-05 0.02461396 0.006269318 2.915962e-05 0.04789954 0.01207208 0.0226311 0.07065376 0.1425452 6.803911e-05 0.01053958 0.0006512315 0.04728718 4.535941e-05 0.01363374 0.003307997 0.02595206 0.005838404 0.001065946 0.00227445 3.887949e-05 0.0001717178 3.887949e-05 5.831924e-05 7.451903e-05 9.719873e-05 0 9.719873e-05 0.0009493076 0.000152278 0.0007743499 0.0004957135 1.295983e-05 8.42389e-05 3.239958e-06 0.0002008774 0 0.0005281131 0 0 3.239958e-06 0.0001295983 3.239958e-05 0.0001425581 9.719873e-05 0.002796084 3.239958e-06 0.0002105973 0.000612352 0.001364022 0.0002397569 2.915962e-05 0 9.719873e-06 2.591966e-05 0.0002008774 1.619979e-05 0.0004114746 1.943975e-05 0.0003628753 6.479916e-06 1.295983e-05 6.803911e-05 0 3.239958e-06
3.239958e-06 2.26797e-05 2.591966e-05 0.001840296 0.04570932 0.01149213 0.0003661152 0.0001587579 0.002193451 0.001266823 9.719873e-06 0.02074869 6.479916e-06 0.0003369556 0.004056427 3.239958e-06 3.239958e-06 0 0 0.003388996 1.943975e-05 3.239958e-05 9.719873e-06 0.001843536 3.239958e-06 9.719873e-06 3.239958e-05 0.001713938 0.000155518 3.239958e-06 3.239958e-06 0.02730636 0 0.0002462368 0 0.0003369556 9.719873e-06 0.0001652378 9.719873e-06 0.01354626 0.005585687 0 6.479916e-06 0 0 0 1.295983e-05 0 9.719873e-06 1.619979e-05 0 6.479916e-06 9.719873e-06 0 1.295983e-05 0 0 0 3.239958e-06 0 0 0 3.239958e-06 6.479916e-06 0 0 4.211945e-05 0 0 3.239958e-06 1.619979e-05 0 0 0 3.239958e-06 0 9.719873e-06 0 0 0 0 0 0 0 0 0
1.295983e-05 0.05849096 0.0005054334 3.239958e-06 0 3.239958e-05 0.0004017548 0.0001295983 0.001820856 1.943975e-05 0.0004211945 0 0.008067495 9.719873e-05 3.239958e-06 0.06219747 0.0001490381 7.127907e-05 2.26797e-05 0 0.05316123 0.02260843 0.07010621 0.0151306 0.02724804 0.001172865 0.1011904 0.02514207 0.0001911575 0.0005961522 6.15592e-05 1.295983e-05 8.42389e-05 0.0004114746 5.507928e-05 0.02313978 0.01468673 0.002413769 0.004341543 3.239958e-05 2.26797e-05 0.0006771512 0.0001846776 4.211945e-05 0.0004762738 0.0006415116 0 0 9.719873e-06 0.0003790751 1.943975e-05 0.001250624 0 6.479916e-06 0 0 8.42389e-05 0 0.04472438 1.619979e-05 1.295983e-05 1.943975e-05 0 0.001023827 0.01612527 0.007257505 0.004283224 3.239958e-06 0.0001911575 0.005582447 0.002089773 0.0001360782 3.239958e-05 0 0 1.295983e-05 0.0001749577 4.535941e-05 0.001409382 0.0004665539 0.0005183932 8.747886e-05 0 3.239958e-06 3.239958e-06 6.479916e-06
0.004889096 0.003761591 0.08941311 3.239958e-06 1.295983e-05 0.001600539 0.005008975 0.01754761 0.0002591966 0.0005831924 0.004072627 1.295983e-05 0.0002462368 0.01590819 3.239958e-06 0.0001490381 0.01919675 0.04746538 0.08128406 6.479916e-06 0.03631993 4.211945e-05 0.05423365 0.0005702326 6.15592e-05 0.1957615 0.3588286 0.003116839 0.01055902 0.06291674 0.0001328383 0.000385555 0.0006706713 0.009097801 6.479916e-06 0.004759498 0.001101586 0.009842992 0.002384609 3.887949e-05 0.0003013161 1.295983e-05 6.15592e-05 0 0.002553087 0.002941882 0 0 3.239958e-06 3.563954e-05 9.719873e-06 3.239958e-05 3.239958e-06 0 0 0 0 3.239958e-06 0.0001814376 3.563954e-05 1.943975e-05 5.831924e-05 0 9.719873e-06 0.0001684778 9.719873e-05 0.0001036786 2.26797e-05 0.00692055 0.01266175 4.535941e-05 9.719873e-06 0 0 0 0 3.563954e-05 3.239958e-06 0.0001911575 6.15592e-05 0.000152278 3.239958e-05 0 3.239958e-06 0 3.239958e-06
0.002426728 0.0001943975 0.003337156 1.943975e-05 4.211945e-05 0.001461221 0.001662098 0.01238312 5.183932e-05 0.001088626 0.03494294 9.719873e-05 0.002436448 0.00844657 0 7.127907e-05 0.04746538 0.005955042 0.02219371 3.563954e-05 0.005443129 9.719873e-06 0.01413918 0.0001328383 8.747886e-05 0.1058203 0.03861382 0.0007711099 0.00690759 0.01083766 0.00232305 0.0008974683 0.0005248732 0.04004264 2.26797e-05 0.02655793 0.02834315 0.08676931 0.01397394 0.0001393182 0.0002105973 0.0001166385 0.0001652378 0 0.0001004387 5.831924e-05 0 0 3.239958e-06 9.719873e-06 0 9.719873e-06 0 2.591966e-05 3.239958e-06 2.591966e-05 3.239958e-06 0 4.535941e-05 0 0.0001490381 0.0002786364 0 0 3.563954e-05 1.943975e-05 4.535941e-05 0.000152278 0.00232629 0.001973134 9.719873e-06 0 0 3.887949e-05 0 0 9.719873e-06 9.719873e-06 1.619979e-05 5.183932e-05 5.183932e-05 1.295983e-05 0 3.239958e-06 0 0
0.002672965 9.395877e-05 0.003897669 9.719873e-06 1.619979e-05 0.001273303 0.0015649 0.01340047 2.915962e-05 0.0004892336 0.001412622 1.295983e-05 8.747886e-05 0.009635634 0 2.26797e-05 0.08128406 0.02219371 0.009502796 9.719873e-06 0.007992976 0 0.01668902 7.451903e-05 1.619979e-05 0.04317568 0.01345878 0.0007322305 0.007131147 0.01573647 1.943975e-05 0.0004341543 0.0004957135 0.02542395 3.239958e-06 0.008385011 0.002614646 0.02077461 0.001752817 5.507928e-05 0.0002073573 6.479916e-06 4.211945e-05 0 9.071882e-05 3.887949e-05 0 0 0 3.239958e-06 0 6.479916e-06 3.239958e-06 0 0 0 0 0 5.831924e-05 3.239958e-06 3.239958e-06 3.239958e-06 0 3.239958e-06 1.619979e-05 1.943975e-05 1.943975e-05 0 0.0003466755 0.0004179545 1.619979e-05 0 0 0 0 0 0 0 1.295983e-05 0 9.719873e-06 0 0 3.239958e-06 0 0
4.211945e-05 6.479916e-06 2.915962e-05 0.02527167 0.0003531554 0.02792844 0.001279783 0.004121226 0.03084116 0.03302489 0.0002008774 0.1055222 6.15592e-05 0.003278837 0.003388996 0 6.479916e-06 3.563954e-05 9.719873e-06 0.006690513 1.295983e-05 3.239958e-06 1.295983e-05 0.008961723 0 8.099894e-05 1.943975e-05 0.05435029 0.001924535 5.831924e-05 0 0.001279783 0 0.002216131 0 0.000842389 5.183932e-05 0.003382516 0.0001036786 0.005038134 0.001827336 9.719873e-06 9.071882e-05 2.591966e-05 1.619979e-05 0 0.002462368 0 0.0004892336 0.002763684 0.0002462368 0.003554234 0.007795338 6.479916e-06 0.002643806 0 0.0002818763 2.591966e-05 1.295983e-05 0 0 0 0.00386203 0 0.000152278 0 0.006531755 3.239958e-06 6.479916e-06 6.479916e-05 0.00460398 0.000226797 3.239958e-06 0 1.295983e-05 1.295983e-05 0.000230037 3.239958e-06 0.0001684778 0 0.0002624366 3.239958e-06 0.0002170772 5.507928e-05 0 3.239958e-06
0.004396623 0.007050148 0.03175483 2.591966e-05 9.719873e-06 0.002374889 0.0535403 0.008754366 0.002510967 0.00153574 0.001600539 3.563954e-05 0.001457981 0.01030307 1.943975e-05 0.05316123 0.03631993 0.005443129 0.007992976 1.295983e-05 0.1848914 0.004480862 0.3501001 0.009425037 0.003421395 0.02048625 0.1075407 0.05478769 0.01473533 0.2512976 2.26797e-05 0.0002559567 0.001986094 0.05047206 0.0008715486 0.2492856 0.04496413 0.1567265 0.1121738 0.0005313531 0.000537833 0.0005734725 0.00231333 5.831924e-05 0.0003337156 0.000463314 6.479916e-06 0 3.239958e-05 0.0007289905 6.803911e-05 0.002144852 2.26797e-05 6.479916e-06 0 3.239958e-06 0.0002203171 6.479916e-06 0.01368558 2.26797e-05 6.479916e-06 1.619979e-05 3.239958e-06 0.000534593 0.00462018 0.0015001 0.005031654 3.239958e-06 0.0002559567 0.002682685 0.001752817 0.000226797 4.859937e-05 0 6.479916e-06 2.591966e-05 0.0001717178 0.0002559567 0.0008229493 0.0001490381 0.0003499154 2.591966e-05 0 3.563954e-05 0 9.719873e-06
0 0.1675933 0.0002753964 2.915962e-05 3.239958e-06 6.803911e-05 0.0003466755 8.747886e-05 0.03790103 3.563954e-05 0.0004924736 3.887949e-05 0.01177077 9.719873e-05 3.239958e-05 0.02260843 4.211945e-05 9.719873e-06 0 3.239958e-06 0.004480862 0.02812931 0.00459426 0.1091736 0.04720942 0.0001684778 0.0293767 0.02688841 0.0001036786 0.0002365169 6.479916e-05 6.479916e-06 1.619979e-05 9.395877e-05 0 0.0009752273 0.0008488689 0.0003952748 9.719873e-05 4.859937e-05 1.943975e-05 0.001137225 1.295983e-05 9.719873e-06 0.0007905497 0.0004438742 0 0 9.719873e-06 0.0002494767 1.619979e-05 0.0005767125 2.26797e-05 3.239958e-06 0 9.719873e-06 6.803911e-05 0 0.01680566 1.943975e-05 0 3.239958e-06 0 0.0002915962 0.002747484 0.001859736 0.001966654 3.239958e-06 0.000304556 0.004672019 0.0008877484 6.479916e-05 3.239958e-06 6.479916e-06 0 9.719873e-06 6.15592e-05 3.239958e-06 0.0005183932 0.0001911575 0.000152278 3.887949e-05 3.239958e-06 3.239958e-06 3.239958e-06 0
0.006658113 0.01236692 0.2268132 2.26797e-05 1.295983e-05 0.004117986 0.04826889 0.02860559 0.002008774 0.002413769 0.004717378 3.887949e-05 0.003440835 0.02461396 9.719873e-06 0.07010621 0.05423365 0.01413918 0.01668902 1.295983e-05 0.3501001 0.00459426 0.2803957 0.007448663 0.007934657 0.1422795 0.2794269 0.05048826 0.01231832 0.2621515 0.0001684778 0.0005637526 0.0007905497 0.05750601 0.001587579 0.2984941 0.0906767 0.2146731 0.2347252 0.0005183932 0.0007225106 0.0009622675 0.003709752 1.295983e-05 0.0005443129 0.001483901 0 0 6.479916e-06 0.0004114746 1.619979e-05 0.0002851163 1.295983e-05 6.479916e-06 0 6.479916e-06 2.591966e-05 0 0.04423514 4.859937e-05 6.479916e-06 3.887949e-05 0 0.0004827537 0.01173837 0.01170921 0.003405196 3.239958e-06 0.0009395877 0.01512736 0.002099493 4.535941e-05 3.239958e-05 0 0 9.719873e-06 0.000230037 0.0008974683 0.002630846 0.0008618288 0.001156665 0.000460074 3.239958e-06 3.239958e-06 6.479916e-06 9.719873e-06
0.0008974683 0.07867265 0.01035814 0.0167603 0.0002170772 0.006311438 0.0351827 0.005718525 0.112365 0.01623543 0.0007192706 0.004824297 0.007425983 0.006269318 0.001843536 0.0151306 0.0005702326 0.0001328383 7.451903e-05 0.008961723 0.009425037 0.1091736 0.007448663 0.06309818 0.02945122 0.001924535 0.02908834 0.1624871 0.01446641 0.002462368 3.239958e-05 0.001078906 0.001905095 0.007020988 0.0001004387 0.06419652 0.01121349 0.02690785 0.004247585 0.001477421 0.002864123 0.0008812685 0.0005961522 0.001091866 0.0005151533 0.000307796 0.003168679 0 0.004386903 0.02758824 0.004202225 0.03457683 0.0167279 0.000385555 0.002426728 9.719873e-06 0.005929123 5.183932e-05 0.02065797 4.859937e-05 8.099894e-05 4.535941e-05 0.004678499 0.001179345 0.009499556 0.001804656 0.09007407 9.719873e-06 0.0003337156 0.002974281 0.04352235 0.005673166 0.000686871 9.719873e-06 0.0003758351 0.0006188319 0.008012416 7.127907e-05 0.01306351 0.0003920349 0.01420721 0.0001101586 3.239958e-05 0.002245291 0 0.0001814376
6.479916e-06 0.04704419 0.0002105973 9.719873e-06 3.239958e-06 2.915962e-05 0.0001490381 2.26797e-05 0.007772659 1.943975e-05 0.002750724 0 0.07932389 2.915962e-05 3.239958e-06 0.02724804 6.15592e-05 8.747886e-05 1.619979e-05 0 0.003421395 0.04720942 0.007934657 0.02945122 0.02266998 0.002365169 0.09948614 0.01145001 4.535941e-05 0.0001069186 0.005433409 9.719873e-06 1.295983e-05 0.0006447516 9.719873e-06 0.002523927 0.01104826 0.003447315 0.001474181 2.915962e-05 6.15592e-05 0.006625714 5.507928e-05 0 0.0008521089 6.803911e-05 0 0 0 3.563954e-05 0 7.451903e-05 3.239958e-06 0.001963414 0 0.005945322 9.719873e-06 0 0.0007970296 3.239958e-06 0.001584339 0.0009557875 3.239958e-06 9.719873e-06 0.0004892336 0.0001166385 0.0001749577 0.002792844 0.01378926 0.01921619 6.803911e-05 6.479916e-06 0 0.002138372 0 0 7.127907e-05 9.719873e-06 0.0001846776 0.008103134 0.0002559567 6.479916e-05 0 0 0.0003920349 0
0.00993695 0.006298478 0.2148157 8.42389e-05 0.0001328383 0.01208828 0.01923239 0.07953448 0.0009784672 0.005598647 0.1015986 0.0001684778 0.01770961 0.04789954 9.719873e-06 0.001172865 0.1957615 0.1058203 0.04317568 8.099894e-05 0.02048625 0.0001684778 0.1422795 0.001924535 0.002365169 0.3550767 0.2055624 0.006376237 0.02497359 0.06939018 0.003252918 0.002834963 0.001283023 0.07778491 0.0001393182 0.1686495 0.2978882 0.3165504 0.06758552 0.001166385 0.001432061 0.0008909884 0.0007840698 3.239958e-06 0.005909683 0.01087006 0 0 9.719873e-06 0.0001393182 1.295983e-05 0.0001133985 1.619979e-05 0.0003790751 0 0.000994667 9.719873e-06 0 0.0006382717 6.15592e-05 0.001211744 0.001882415 6.479916e-06 4.535941e-05 0.0005086734 0.0004049947 0.0002462368 0.001749577 0.04080403 0.05086086 0.0001652378 1.619979e-05 1.619979e-05 0.0005605127 0 6.479916e-06 0.0001619979 5.507928e-05 0.000460074 0.001425581 0.0006253118 0.0001781977 0 6.479916e-06 1.295983e-05 6.479916e-06
0.002903002 0.1156795 0.08449162 3.887949e-05 2.591966e-05 0.00382963 0.02828807 0.01621599 0.009318118 0.00229389 0.02210299 8.099894e-05 0.09615547 0.01207208 3.239958e-05 0.1011904 0.3588286 0.03861382 0.01345878 1.943975e-05 0.1075407 0.0293767 0.2794269 0.02908834 0.09948614 0.2055624 0.494194 0.05282103 0.007516702 0.02894578 0.008602088 0.0006415116 0.0004244345 0.152534 0.0008812685 0.2944798 0.1804041 0.4461033 0.1163598 0.001438541 0.0004438742 0.002614646 0.002186971 2.915962e-05 0.05297331 0.07792422 0 0 2.26797e-05 0.001069186 1.619979e-05 0.0006674313 4.859937e-05 0.001140465 0 0.002990481 0.000155518 0 0.04671047 0.001133985 0.004539181 0.00686871 6.479916e-06 0.0005216332 0.06868062 0.02712169 0.003586633 0.006360037 0.1084511 0.3384298 0.002630846 8.099894e-05 9.071882e-05 0.001804656 3.239958e-06 9.719873e-06 0.001357542 0.000693351 0.00916908 0.004986295 0.006836311 0.002361929 1.295983e-05 1.295983e-05 3.563954e-05 3.887949e-05
0.005106173 0.02362253 0.02866715 0.06931566 0.0003304757 0.02141612 0.3396934 0.01753141 0.09587359 0.04654199 0.001127505 0.04860261 0.003998108 0.0226311 0.001713938 0.02514207 0.003116839 0.0007711099 0.0007322305 0.05435029 0.05478769 0.02688841 0.05048826 0.1624871 0.01145001 0.006376237 0.05282103 0.1337131 0.05838728 0.1098378 7.127907e-05 0.002660005 0.01226648 0.03894105 0.0006609514 0.2548648 0.03979316 0.1202964 0.02424784 0.004412822 0.01142409 0.0006026321 0.002831723 0.001111306 0.0004665539 0.0004179545 0.005297331 6.479916e-06 0.003781031 0.02898466 0.00382639 0.03447963 0.0229713 0.0003531554 0.004432262 0 0.006453996 7.775899e-05 0.0273744 9.395877e-05 0.0001004387 5.183932e-05 0.008744646 0.001817616 0.01004711 0.002449408 0.0952256 1.295983e-05 0.0002527167 0.004328584 0.04408611 0.005326491 0.001218224 9.719873e-06 0.0003661152 0.000537833 0.00615592 0.0001425581 0.01290475 0.0005799524 0.01110658 0.0001490381 0.000155518 0.001788457 6.479916e-06 0.000152278
0.102428 0.0001749577 0.00693351 0.0015001 0.0006317918 0.00999203 0.07451579 0.03364696 0.00610084 0.03836434 0.003560714 0.002851163 0.0002203171 0.07065376 0.000155518 0.0001911575 0.01055902 0.00690759 0.007131147 0.001924535 0.01473533 0.0001036786 0.01231832 0.01446641 4.535941e-05 0.02497359 0.007516702 0.05838728 0.2450056 0.1875968 5.507928e-05 0.0262631 0.05649838 0.08395379 3.563954e-05 0.01833168 0.002935402 0.05447989 0.006590074 0.0004827537 0.001461221 6.479916e-05 0.0002203171 1.295983e-05 7.127907e-05 5.831924e-05 7.127907e-05 0 6.15592e-05 0.0006317918 7.775899e-05 0.0005831924 0.0002818763 9.719873e-06 3.887949e-05 3.239958e-06 0.0001231184 0 0.0002591966 6.479916e-06 6.479916e-06 3.239958e-06 7.451903e-05 1.295983e-05 7.775899e-05 2.915962e-05 0.001869456 3.239958e-06 0.0002138372 0.0003337156 0.0008164694 0.0001231184 2.591966e-05 6.479916e-06 1.295983e-05 1.619979e-05 0.0001684778 6.479916e-06 0.0002624366 6.479916e-06 0.000233277 3.239958e-06 3.239958e-06 4.859937e-05 0 0
0.07794366 0.0002915962 0.1206269 3.887949e-05 6.479916e-05 0.008864524 0.04379451 0.1106964 0.0009849472 0.004101787 0.002384609 7.127907e-05 0.000693351 0.1425452 3.239958e-06 0.0005961522 0.06291674 0.01083766 0.01573647 5.831924e-05 0.2512976 0.0002365169 0.2621515 0.002462368 0.0001069186 0.06939018 0.02894578 0.1098378 0.1875968 0.1491353 3.887949e-05 0.00232305 0.02414093 0.08478645 0.000690111 0.1520836 0.01579155 0.1620724 0.04550521 0.001214984 0.003489434 0.0002689165 0.001973134 0.0001069186 0.0001263584 0.0002041173 0 0 4.859937e-05 0.001616739 0.0001846776 0.001846776 2.26797e-05 1.295983e-05 3.239958e-06 3.239958e-06 0.000456834 0 0.00230361 1.619979e-05 3.239958e-06 1.295983e-05 6.479916e-06 0.0002073573 0.0006253118 0.0004697939 0.006460476 6.479916e-06 0.0003790751 0.001493621 0.002387849 0.0002721565 7.127907e-05 0 1.619979e-05 3.239958e-05 0.0002656765 0.0001004387 0.001205264 6.15592e-05 0.0006965909 3.239958e-05 0 0.0001004387 0 1.295983e-05
9.719873e-06 0.0004957135 0.000155518 6.479916e-06 0 4.859937e-05 4.535941e-05 0.0001166385 1.943975e-05 6.479916e-05 0.01413918 6.479916e-06 0.02559567 6.803911e-05 3.239958e-06 6.15592e-05 0.0001328383 0.00232305 1.943975e-05 0 2.26797e-05 6.479916e-05 0.0001684778 3.239958e-05 0.005433409 0.003252918 0.008602088 7.127907e-05 5.507928e-05 3.887949e-05 0.0006706713 3.239958e-05 6.479916e-06 0.00231009 6.479916e-06 0.001830576 0.01990954 0.01070482 0.003502394 2.915962e-05 1.619979e-05 0.0002429968 6.479916e-06 0 0.0002818763 9.719873e-06 0 0 0 3.239958e-06 0 3.239958e-06 0 0.0004892336 0 0.001354302 0 0 0 0 0.0008585888 0.0008229493 0 0 1.295983e-05 0 3.239958e-06 0.001432061 0.006648393 0.009075122 0 0 0 0.0006058721 0 0 2.591966e-05 0 6.479916e-05 0.001584339 0.0001069186 2.915962e-05 0 0 1.619979e-05 0
0.001214984 2.26797e-05 0.001091866 0.0007613901 0.0006965909 0.04065175 0.006321158 0.01933931 0.0009298679 0.01428173 0.003327437 0.004804857 0.0002105973 0.01053958 0.02730636 1.295983e-05 0.000385555 0.0008974683 0.0004341543 0.001279783 0.0002559567 6.479916e-06 0.0005637526 0.001078906 9.719873e-06 0.002834963 0.0006415116 0.002660005 0.0262631 0.00232305 3.239958e-05 0.0004989535 2.591966e-05 0.04046059 3.239958e-06 0.001937495 0.0004147146 0.007182986 0.0007289905 0.00844657 0.01361106 9.719873e-06 2.26797e-05 9.719873e-06 6.479916e-06 0 1.943975e-05 0 1.943975e-05 0.0002980761 5.831924e-05 0.0001652378 0.0001976374 0 5.831924e-05 3.239958e-06 6.479916e-05 0 4.535941e-05 0 3.239958e-06 6.479916e-06 4.859937e-05 0 1.619979e-05 6.479916e-06 0.0007711099 3.239958e-06 3.239958e-05 5.183932e-05 0.0003628753 5.507928e-05 6.479916e-06 0 3.239958e-06 3.239958e-06 8.099894e-05 0 0.0001263584 6.479916e-06 0.0001425581 6.479916e-06 9.719873e-06 1.943975e-05 0 0
0.008245692 3.239958e-05 0.0001879175 0 0 0.000152278 0.002404049 0.0005054334 0.0007257505 7.451903e-05 0.0001587579 3.239958e-06 0 0.0006512315 0 8.42389e-05 0.0006706713 0.0005248732 0.0004957135 0 0.001986094 1.619979e-05 0.0007905497 0.001905095 1.295983e-05 0.001283023 0.0004244345 0.01226648 0.05649838 0.02414093 6.479916e-06 2.591966e-05 0.004772458 0.00924036 3.239958e-06 0.001373742 0.0004082347 0.003758351 0.000612352 3.239958e-06 4.859937e-05 0 6.479916e-06 0 6.479916e-06 3.239958e-06 0 0 0 2.26797e-05 3.239958e-06 4.211945e-05 9.719873e-06 0 0 0 1.619979e-05 0 5.183932e-05 0 0 0 0 3.239958e-06 1.943975e-05 3.239958e-06 0.0001198784 0 1.943975e-05 2.915962e-05 2.915962e-05 3.239958e-06 0 0 0 0 0 0 1.295983e-05 3.239958e-06 1.943975e-05 0 0 3.239958e-06 0 0
0.02105001 0.001626459 0.03214038 0.001474181 0.00537509 0.01629699 0.03611581 0.05549076 0.003026121 0.03744743 0.07837134 0.004221665 0.01587255 0.04728718 0.0002462368 0.0004114746 0.009097801 0.04004264 0.02542395 0.002216131 0.05047206 9.395877e-05 0.05750601 0.007020988 0.0006447516 0.07778491 0.152534 0.03894105 0.08395379 0.08478645 0.00231009 0.04046059 0.00924036 0.04070035 0.0001943975 0.01225028 0.01000175 0.122451 0.01775497 0.0009136681 0.001451501 0.001085386 0.0002624366 1.295983e-05 0.0005507928 0.0008650687 0.0001101586 0 9.719873e-05 0.000686871 8.42389e-05 0.000460074 0.0004471142 4.859937e-05 7.451903e-05 6.15592e-05 0.0001328383 0 0.0002851163 6.479916e-06 7.775899e-05 7.127907e-05 7.775899e-05 1.295983e-05 0.000155518 7.451903e-05 0.001632939 8.42389e-05 0.001684778 0.003570433 0.0009136681 0.0001231184 1.619979e-05 7.127907e-05 9.719873e-06 3.239958e-06 0.0001231184 3.239958e-05 0.0002624366 0.0002624366 0.000233277 1.943975e-05 6.479916e-06 2.26797e-05 9.719873e-06 0
1.295983e-05 2.26797e-05 6.803911e-05 6.479916e-06 0 2.915962e-05 0.0002008774 7.775899e-05 2.591966e-05 3.887949e-05 1.619979e-05 0 0.0001004387 4.535941e-05 0 5.507928e-05 6.479916e-06 2.26797e-05 3.239958e-06 0 0.0008715486 0 0.001587579 0.0001004387 9.719873e-06 0.0001393182 0.0008812685 0.0006609514 3.563954e-05 0.000690111 6.479916e-06 3.239958e-06 3.239958e-06 0.0001943975 0.2175534 0.03947565 0.0004471142 0.006288758 0.03179371 9.719873e-06 0.0004373943 6.15592e-05 0.0008715486 3.239958e-06 3.239958e-06 9.719873e-06 0 0 0 6.479916e-06 0 3.239958e-06 0 0 0 0 0 0 3.239958e-05 0 3.239958e-06 0 0 3.239958e-06 1.943975e-05 1.619979e-05 9.719873e-06 0 2.915962e-05 9.395877e-05 2.26797e-05 0 0 0 0 0 0 0.1026127 0.001367262 0.0001133985 0.0001166385 0.000615592 0 0 6.479916e-06 3.239958e-05
0.003955988 0.01494917 0.03875961 0.001619979 0.0001652378 0.006045761 0.09076418 0.01229564 0.02673937 0.009049202 0.01443077 0.000842389 0.02649961 0.01363374 0.0003369556 0.02313978 0.004759498 0.02655793 0.008385011 0.000842389 0.2492856 0.0009752273 0.2984941 0.06419652 0.002523927 0.1686495 0.2944798 0.2548648 0.01833168 0.1520836 0.001830576 0.001937495 0.001373742 0.01225028 0.03947565 0.05648866 0.6176526 0.04125114 0.05538708 0.02420896 0.02010394 0.01878528 0.005106173 4.211945e-05 0.001837056 0.004856697 0.000155518 0 0.0001717178 0.001739857 0.0002494767 0.00233601 0.0006577114 6.479916e-05 0.0001457981 4.535941e-05 0.0003499154 6.479916e-06 0.003615793 8.747886e-05 0.0001717178 0.0002235571 0.0001943975 0.0001133985 0.00305528 0.001707458 0.005436649 0.0001166385 0.006185079 0.01789105 0.002439688 0.0003337156 7.127907e-05 2.591966e-05 1.943975e-05 6.15592e-05 0.0003985148 0.01653674 0.001370502 0.000304556 0.001069186 0.0001619979 0 0.0001328383 0 1.943975e-05
0.0005216332 0.007163547 0.0305204 2.915962e-05 4.859937e-05 0.0009007083 0.005595407 0.003392236 0.004033747 0.000534593 0.08286192 7.127907e-05 0.164389 0.003307997 9.719873e-06 0.01468673 0.001101586 0.02834315 0.002614646 5.183932e-05 0.04496413 0.0008488689 0.0906767 0.01121349 0.01104826 0.2978882 0.1804041 0.03979316 0.002935402 0.01579155 0.01990954 0.0004147146 0.0004082347 0.01000175 0.0004471142 0.6176526 0.0585752 0.04514881 0.04294564 0.01034195 0.001820856 0.007911977 0.003337156 6.479916e-06 0.0007970296 0.0009136681 3.239958e-06 0 9.719873e-06 0.0001781977 2.915962e-05 0.0003920349 6.479916e-06 0.001574619 3.239958e-06 0.005592167 4.859937e-05 3.239958e-06 0.0015325 2.26797e-05 0.001098346 0.001211744 3.239958e-06 2.26797e-05 0.0006479916 0.0003661152 0.0008326691 0.001237664 0.01033223 0.01452797 0.0004114746 4.535941e-05 1.295983e-05 0.001325143 3.239958e-06 1.295983e-05 0.0001133985 0.0003369556 0.0002883562 0.008585888 0.0003369556 7.127907e-05 0 3.239958e-06 0.0008618288 6.479916e-06
0.01788457 0.0166631 0.06276446 0.004127706 0.0007451903 0.01451825 0.1195998 0.03399364 0.0110191 0.06572902 0.1986548 0.002617886 0.06735548 0.02595206 0.0001652378 0.002413769 0.009842992 0.08676931 0.02077461 0.003382516 0.1567265 0.0003952748 0.2146731 0.02690785 0.003447315 0.3165504 0.4461033 0.1202964 0.05447989 0.1620724 0.01070482 0.007182986 0.003758351 0.122451 0.006288758 0.04125114 0.04514881 0.07666064 0.01357866 0.0003304757 0.00229065 0.004892336 0.0008715486 7.127907e-05 0.002634086 0.004876136 0.0001198784 0 0.0001619979 0.001412622 0.0001879175 0.001159905 0.000842389 0.0001814376 0.0001814376 0.0005507928 0.000233277 0 0.001195544 4.535941e-05 0.0005993922 0.0006188319 0.0002235571 5.507928e-05 0.001017347 0.0006512315 0.00380695 0.0008132294 0.01286263 0.02183084 0.001801417 0.0002624366 3.563954e-05 0.0002915962 1.619979e-05 2.591966e-05 0.0003239958 0.002348969 0.0008164694 0.001224704 0.0007873097 0.0001004387 0 9.395877e-05 0.0001781977 9.719873e-06
0.00150334 0.004276744 0.01395126 0.0001360782 0.0001879175 0.002177252 0.01129773 0.00918204 0.001276543 0.001798177 0.03696792 3.239958e-05 0.02116016 0.005838404 9.719873e-06 0.004341543 0.002384609 0.01397394 0.001752817 0.0001036786 0.1121738 9.719873e-05 0.2347252 0.004247585 0.001474181 0.06758552 0.1163598 0.02424784 0.006590074 0.04550521 0.003502394 0.0007289905 0.000612352 0.01775497 0.03179371 0.05538708 0.04294564 0.01357866 0.001072426 0.0002008774 0.000307796 0.002770164 0.000460074 3.239958e-06 0.0005734725 0.001192304 1.295983e-05 0 6.479916e-06 0.0001069186 3.239958e-06 0.0001133985 5.831924e-05 8.099894e-05 0 0.0001619979 2.915962e-05 0 0.0008909884 9.719873e-06 0.0002073573 0.000226797 3.239958e-06 1.619979e-05 0.0005410729 0.0004017548 0.0003725951 0.0002591966 0.00305852 0.005452849 0.0001425581 9.719873e-06 1.943975e-05 0.0001036786 0 0 2.591966e-05 0.01020587 0.0001911575 0.0004730338 9.719873e-05 5.831924e-05 0 6.479916e-06 9.719873e-06 0
5.183932e-05 0.0001101586 0.0002365169 0.003214038 0.03575293 0.02638622 0.002890042 0.000845629 0.0009849472 0.00535889 0.0001166385 0.01344906 0.0002786364 0.001065946 0.01354626 3.239958e-05 3.887949e-05 0.0001393182 5.507928e-05 0.005038134 0.0005313531 4.859937e-05 0.0005183932 0.001477421 2.915962e-05 0.001166385 0.001438541 0.004412822 0.0004827537 0.001214984 2.915962e-05 0.00844657 3.239958e-06 0.0009136681 9.719873e-06 0.02420896 0.01034195 0.0003304757 0.0002008774 0.01142085 0.005407489 8.42389e-05 4.211945e-05 3.239958e-06 1.295983e-05 3.563954e-05 0.000226797 0 6.803911e-05 0.0003304757 7.775899e-05 0.0001846776 0.0007711099 3.239958e-06 0.0003920349 0 7.451903e-05 1.619979e-05 1.619979e-05 3.239958e-06 3.239958e-06 6.479916e-06 0.0004179545 0 1.619979e-05 3.239958e-06 0.0005410729 0 5.183932e-05 0.0001425581 0.0004211945 2.915962e-05 6.479916e-06 0 9.719873e-06 0 2.26797e-05 6.479916e-06 4.535941e-05 6.479916e-06 4.211945e-05 0 0.0001846776 1.295983e-05 0 3.239958e-06
0.0007484302 2.591966e-05 0.001176105 0.001966654 0.006347077 0.004182785 0.02379101 0.002501247 0.001794937 0.03044588 0.001924535 0.002870603 0.0005183932 0.00227445 0.005585687 2.26797e-05 0.0003013161 0.0002105973 0.0002073573 0.001827336 0.000537833 1.943975e-05 0.0007225106 0.002864123 6.15592e-05 0.001432061 0.0004438742 0.01142409 0.001461221 0.003489434 1.619979e-05 0.01361106 4.859937e-05 0.001451501 0.0004373943 0.02010394 0.001820856 0.00229065 0.000307796 0.005407489 0.0001231184 0.0009007083 0.0002397569 1.619979e-05 6.479916e-06 3.239958e-06 5.831924e-05 0 7.127907e-05 0.0006285518 6.479916e-05 0.0003628753 0.0004147146 1.943975e-05 0.0001133985 0 0.0001166385 0 2.26797e-05 0 9.719873e-06 0 0.0001069186 6.479916e-06 3.239958e-05 3.239958e-06 0.001603779 0 1.619979e-05 4.535941e-05 0.0007613901 0.0001133985 2.591966e-05 0 9.719873e-06 1.619979e-05 0.0001166385 0.0001069186 0.0001749577 3.239958e-06 0.0001911575 3.239958e-06 3.239958e-06 1.943975e-05 0 3.239958e-06
6.479916e-06 0.001354302 0.0002138372 1.619979e-05 0 3.887949e-05 0.0003790751 6.803911e-05 0.0002656765 0.0001717178 0.00687843 3.239958e-06 0.04910156 3.887949e-05 0 0.0006771512 1.295983e-05 0.0001166385 6.479916e-06 9.719873e-06 0.0005734725 0.001137225 0.0009622675 0.0008812685 0.006625714 0.0008909884 0.002614646 0.0006026321 6.479916e-05 0.0002689165 0.0002429968 9.719873e-06 0 0.001085386 6.15592e-05 0.01878528 0.007911977 0.004892336 0.002770164 8.42389e-05 0.0009007083 1.295983e-05 0.0002948362 0 1.619979e-05 9.719873e-06 0 0 0 3.239958e-06 0 3.239958e-06 0 0.0004762738 0 0.002786364 0 0 2.26797e-05 0 3.239958e-06 3.239958e-06 0 0 1.943975e-05 6.479916e-06 1.943975e-05 0.0001133985 6.15592e-05 0.000152278 3.239958e-06 3.239958e-06 0 0.0002008774 0 0 6.479916e-06 3.887949e-05 3.563954e-05 0.003149239 2.915962e-05 1.619979e-05 0 0 0.001218224 0
