0.002095249 0.0003348257 0.04417283 0.00142905 0 0.001318592 0.09880464 0.007773478 0.001884689 0.006458338 5.177716e-05 7.248803e-05 0 0.02788028 0 0.0002657894 0.02046924 3.451811e-06 0.0008456937 0.0003624402 0.01122874 0.0001311688 0.07031339 0.01147037 0 0.003652016 0.003234347 0.05773154 0.03967166 0.04407963 0 5.522898e-05 0.002923684 0.01730393 6.903622e-06 0.002985817 0.0006109705 0.003569173 0.0002450786 2.761449e-05 6.903622e-06 0 1.380724e-05 0.0001311688 0.0001001025 5.868079e-05 1.725905e-05 0 2.761449e-05 0.0003382775 1.725905e-05 0.0005730006 4.142173e-05 3.451811e-06 0 3.451811e-06 0.000127717 0 0.0001967532 0.000110458 0 9.665071e-05 3.451811e-06 8.974709e-05 0.0001208134 3.796992e-05 0.003548462 0 4.832535e-05 0.0005488379 0.002968557 0.0003037594 0.0002450786 0 3.451811e-06 1.725905e-05 0.0001794942 0 0.0004487354 0.0001449761 0.0004314764 0.0001346206 3.451811e-06 0 0 1.035543e-05
0.0003348257 0.007590532 0.04417283 6.903622e-06 1.380724e-05 2.071087e-05 0.000821531 0.000127717 0.06181503 2.071087e-05 0.0006454887 0.0003624402 0.005861175 0.0003175666 0.0004487354 0.002716575 0.02951644 5.177716e-05 0.007656117 1.035543e-05 0.0001587833 0.06828027 0.007234996 0.0282082 0.01383141 0.1491907 0.4574443 0.002205707 0.0002105605 0.002972009 6.903622e-06 0 5.177716e-05 0.001063158 0 0.001560219 0.006164934 0.001508441 0.0001863978 0.00251637 0 0.0007697539 1.035543e-05 6.903622e-06 0.0005281271 0.0006316814 0 0 6.903622e-06 2.761449e-05 0 6.903622e-06 0 0.0004728981 0 0.0006040669 6.903622e-06 0 0.0001622351 0.002502563 0.0001933014 0.006523923 0 2.071087e-05 6.903622e-05 0.0001415243 0.0001242652 0.0001553315 0.004366541 0.01829805 9.665071e-05 1.380724e-05 2.416268e-05 3.451811e-06 0 0 0.0003796992 3.451811e-06 0.00102864 0.001812201 0.002112508 0.0003624402 0 0 2.416268e-05 0
0.04417283 0.04417283 0.04269545 0.0001933014 0 0.0007317839 0.05753133 0.01929562 0.0001760424 0.002533629 0.002972009 2.071087e-05 3.451811e-05 0.04580208 6.903622e-06 0.0002899521 0.08833184 0.0001863978 0.004991319 5.177716e-05 0.002785611 0.008650238 0.296697 0.001546411 0 0.08659558 0.06078639 0.04464227 0.0137244 0.02339292 3.451811e-06 5.868079e-05 0.0009975734 0.06703762 2.071087e-05 0.1094845 0.07968851 0.07732747 0.000693814 2.071087e-05 1.035543e-05 0 0.0002105605 2.071087e-05 0.006665447 0.004984415 0 0 0 6.558441e-05 0 4.487354e-05 6.903622e-06 3.10663e-05 0 1.035543e-05 4.487354e-05 0 0.0003486329 0.005626452 0 0.001881237 3.451811e-06 7.939165e-05 0.0001380724 0.001021736 0.0004694463 3.451811e-06 0.001698291 0.03713803 0.000510868 2.416268e-05 6.558441e-05 0 0 3.451811e-06 0.0006731031 6.903622e-06 0.003928161 0.003520847 0.003365516 0.0003900546 0 0 3.451811e-06 1.035543e-05
0.00142905 6.903622e-06 0.0001933014 0.03169108 1.725905e-05 0.01233332 0.002468045 0.014111 0.03273698 0.03062792 2.416268e-05 0.05782129 1.725905e-05 0.02370013 0.0004625427 4.142173e-05 6.21326e-05 0 0 0.04545345 2.761449e-05 5.177716e-05 0.0002312713 0.03549497 0 1.725905e-05 7.939165e-05 0.04904333 0.0208662 0.0001449761 0 0.0003244702 0.0009043745 0.008467292 0 0.006503212 0.0001346206 0.005505639 0.0002450786 0.002675154 3.451811e-06 3.10663e-05 5.522898e-05 2.761449e-05 0 0 0.001480827 3.451811e-06 0.0005522898 0.002216063 0.0002105605 0.002972009 0.001684484 0 5.868079e-05 0 0.000255434 0 1.380724e-05 3.451811e-06 0 0 0.0006178742 6.903622e-06 1.035543e-05 1.380724e-05 0.005792139 0 3.451811e-06 1.380724e-05 0.005364114 0.0002243677 1.035543e-05 0 3.796992e-05 3.451811e-06 0.0001587833 0 8.974709e-05 1.035543e-05 0.0003451811 6.21326e-05 1.035543e-05 1.380724e-05 0 0
0 1.380724e-05 0 1.725905e-05 0.0001035543 0.003969583 3.451811e-06 0.0002726931 0.001139098 3.451811e-06 0 0.0001656869 0 0.0001863978 0.01128052 0 0 0 0 0 0 1.725905e-05 0 0.000110458 0 0 0 1.380724e-05 6.903622e-05 3.451811e-06 0 0.00127717 0 4.832535e-05 0 0.0002899521 0 0.001618899 2.761449e-05 0.003289576 0.0002795967 0 0 0 0 0 0 0 0 0 0 0 0 0 0 0 0 0 0 0 0 0 0 0 0 0 0 0 0 0 3.451811e-06 0 0 0 0 0 0 0 0 0 0 0 0 0 0 0
0.001318592 2.071087e-05 0.0007317839 0.01233332 0.003969583 0.07783834 0.05650615 0.06449709 0.001646514 0.2781953 2.071087e-05 0.09960891 6.903622e-06 0.04761773 0.00306866 6.558441e-05 5.522898e-05 0 3.451811e-06 0.03098346 8.974709e-05 6.558441e-05 0.0004798017 0.009233594 0 5.868079e-05 0.0002174641 0.04693773 0.0188745 0.0004798017 0 0.0164893 0.0002623376 0.00405933 0 0.002436979 4.487354e-05 0.002461141 6.558441e-05 0.004349282 0.0004763499 1.725905e-05 2.416268e-05 1.380724e-05 0 3.451811e-06 5.177716e-05 0 3.796992e-05 0.0002726931 3.451811e-05 0.0001691387 7.939165e-05 0 3.451811e-06 0 4.832535e-05 0 2.071087e-05 0 0 0 2.071087e-05 3.451811e-06 0 1.035543e-05 0.001273718 0 0 6.903622e-06 0.0009457962 5.177716e-05 2.761449e-05 0 3.451811e-06 6.903622e-06 3.451811e-05 0 7.248803e-05 3.451811e-06 9.31989e-05 3.451811e-05 3.451811e-06 0 0 0
0.09880464 0.000821531 0.05753133 0.002468045 3.451811e-06 0.05650615 0.1181072 0.1557008 0.01262672 0.08022699 3.10663e-05 0.0002726931 3.451811e-06 0.2144748 4.832535e-05 0.001263363 0.005495283 0 0.0002347231 0.0004728981 0.01647549 0.001349658 0.09766899 0.0389813 1.380724e-05 0.002675154 0.01719002 0.4009244 0.07969196 0.06035492 0 0.0006351332 0.008705467 0.02873978 1.035543e-05 0.0218258 0.001974436 0.01717276 0.001211586 0.0004521872 1.380724e-05 1.035543e-05 0.0001035543 0.0006523923 0.0001001025 6.558441e-05 0.0001139098 0 6.903622e-05 0.001611996 6.903622e-05 0.003410389 0.0002278195 3.451811e-06 0 0 0.0006489405 0 0.0009699589 7.593984e-05 0 3.451811e-05 3.796992e-05 0.0003935065 0.0006523923 0.0001898496 0.01773195 0 3.451811e-05 0.001018284 0.01396603 0.001684484 0.002008954 0 2.071087e-05 0.000110458 0.0005730006 1.035543e-05 0.002309262 0.0004211209 0.00196408 0.0003969583 3.451811e-06 6.903622e-06 3.451811e-06 3.451811e-06
0.007773478 0.000127717 0.01929562 0.014111 0.0002726931 0.06449709 0.1557008 0.0583287 0.003137696 0.1507406 1.725905e-05 0.05744159 1.035543e-05 0.077576 0.003969583 0.0001898496 0.003175666 0 0.0001691387 0.03146671 0.002844292 0.0002485304 0.01567467 0.0210664 0 0.0009803143 0.002640635 0.08239473 0.02387618 0.004045522 0 0.01633742 0.0008836636 0.005526349 0 0.008964353 0.0003796992 0.01147037 0.0001933014 0.01159118 0.002412816 6.903622e-06 7.248803e-05 0.0001587833 3.451811e-05 2.761449e-05 8.974709e-05 0 6.558441e-05 0.001083869 4.487354e-05 0.0007870129 0.0002243677 3.451811e-06 0 0 0.0003072112 3.451811e-06 8.974709e-05 5.177716e-05 0 1.035543e-05 2.071087e-05 3.796992e-05 8.284346e-05 3.451811e-05 0.006989917 0 1.035543e-05 0.0003210184 0.005098325 0.000566097 0.0001380724 0 6.903622e-06 3.796992e-05 0.0002657894 3.451811e-06 0.0005074162 0.0001035543 0.000749043 0.0001622351 3.451811e-06 6.903622e-06 0 6.903622e-06
0.001884689 0.06181503 0.0001760424 0.03273698 0.001139098 0.001646514 0.01262672 0.003137696 0.009219787 0.002226418 1.035543e-05 0.007531852 0.0002347231 0.004639234 0.008301605 0.003493233 0.0002312713 0 3.10663e-05 0.006468694 0.002399009 0.07159056 0.001794942 0.1810268 0.0009734107 0.0001035543 0.001556767 0.07396541 0.005964729 0.0368826 0 2.416268e-05 0.001373821 0.004801469 3.451811e-06 0.004577101 0.0004798017 0.003548462 0.0003727956 0.02490482 6.21326e-05 1.380724e-05 1.380724e-05 0.0005143198 6.903622e-06 1.035543e-05 0.001919207 0 0.0005868079 0.00282013 0.0002243677 0.0008733082 0.001691387 3.451811e-06 0.0001967532 3.451811e-06 0.0008111756 0 0.004514969 3.451811e-06 0 0 0.0007283321 0.001211586 0.0001484279 0.0004038619 0.03165656 3.451811e-06 6.903622e-06 7.248803e-05 0.01800465 0.001501538 0.001380724 0 8.974709e-05 7.939165e-05 0.000804272 6.903622e-06 0.002136671 0.000510868 0.002071087 0.0003589883 1.035543e-05 2.071087e-05 3.451811e-06 3.451811e-06
0.006458338 2.071087e-05 0.002533629 0.03062792 3.451811e-06 0.2781953 0.08022699 0.1507406 0.002226418 0.1358253 2.416268e-05 0.02478055 1.725905e-05 0.1369506 6.21326e-05 9.31989e-05 0.0001173616 0 3.451811e-06 0.01693458 0.0003141148 7.593984e-05 0.002022761 0.009620197 0 0.0001587833 0.0008802118 0.06050334 0.07482146 0.001166712 0 0.001549863 0.001218489 0.01956832 6.903622e-06 0.01240236 0.0003003076 0.01138407 0.0006006151 0.0007455912 2.761449e-05 5.177716e-05 0.0001070061 2.071087e-05 3.451811e-06 3.451811e-06 0.0002312713 0 0.0001070061 0.0005488379 2.761449e-05 0.0005143198 0.0002312713 0 0 0 8.629527e-05 0 5.177716e-05 0 0 0 0.000127717 2.071087e-05 4.142173e-05 1.035543e-05 0.002195352 0 0 2.761449e-05 0.00194337 0.0001380724 2.761449e-05 0 1.035543e-05 1.035543e-05 6.903622e-05 0 0.0001346206 1.725905e-05 0.0001898496 2.416268e-05 1.035543e-05 6.903622e-06 0 0
5.177716e-05 0.0006454887 0.002972009 2.416268e-05 0 2.071087e-05 3.10663e-05 1.725905e-05 1.035543e-05 2.416268e-05 0.02284409 1.725905e-05 0.05885683 6.21326e-05 3.451811e-06 3.10663e-05 0.002071087 0.02263352 0.01424562 1.035543e-05 0.0002174641 1.380724e-05 0.0004245728 5.868079e-05 0.004221565 0.101642 0.01863288 0.0003003076 0.0001380724 0.0002278195 0.008142822 0 3.451811e-06 0.05571913 3.451811e-06 0.007221189 0.05505639 0.09523547 0.01203301 6.903622e-05 2.071087e-05 0.02411435 5.177716e-05 0 0.0001346206 1.380724e-05 0 0 0 0 0 3.451811e-06 0 4.142173e-05 0 0.0004798017 0 0 3.451811e-06 0.0003796992 3.796992e-05 0.0002657894 0 0 0 1.380724e-05 1.035543e-05 6.558441e-05 0.000238175 0.0009250853 1.725905e-05 0 3.451811e-06 6.903622e-06 0 0 3.451811e-05 0 0.0001656869 0.0002174641 0.0002105605 2.761449e-05 0 0 1.035543e-05 0
7.248803e-05 0.0003624402 2.071087e-05 0.05782129 0.0001656869 0.09960891 0.0002726931 0.05744159 0.007531852 0.02478055 1.725905e-05 0.03494613 1.725905e-05 0.08131086 0.001632707 0 0 0 0 0.02885024 3.451811e-06 0.0004590909 1.380724e-05 0.005540157 3.451811e-06 0 2.071087e-05 0.01036579 0.03873622 6.903622e-06 0 0.002167737 4.142173e-05 0.006641284 0 0.002423171 3.451811e-05 0.002298906 0.000182946 0.006189097 3.451811e-05 6.903622e-05 6.558441e-05 0 0 0 8.629527e-05 0 3.796992e-05 5.868079e-05 1.380724e-05 0.0004798017 8.629527e-05 0 1.380724e-05 0 6.903622e-06 0 0 0 0 0 5.177716e-05 3.451811e-06 3.451811e-06 0 0.0002071087 0 0 0 0.0002899521 1.380724e-05 3.451811e-06 0 0 0 1.725905e-05 0 3.451811e-06 0 2.416268e-05 0 6.903622e-06 0 0 0
0 0.005861175 3.451811e-05 1.725905e-05 0 6.903622e-06 3.451811e-06 1.035543e-05 0.0002347231 1.725905e-05 0.05885683 1.725905e-05 0.01327221 2.761449e-05 3.451811e-06 2.416268e-05 2.416268e-05 0.005588482 0.0019054 3.451811e-06 0.0001967532 0.0007870129 0.0006800068 0.0001139098 0.007335098 0.01649275 0.008664046 0.0001380724 3.10663e-05 3.796992e-05 0.0009250853 0 0 0.02625447 0.0001622351 0.007100375 0.05691001 0.1026569 0.01248865 0.0001173616 4.142173e-05 0.0101069 5.868079e-05 0 0.0002347231 0 0 0 0 3.451811e-06 0 3.451811e-06 0 0.0003727956 0 0.01215728 0 0 0 0 0.0003796992 0.0002312713 0 3.451811e-06 4.142173e-05 1.035543e-05 2.071087e-05 0.003210184 0.0012392 0.002519822 3.451811e-06 0 0 0.0001311688 0 0 1.725905e-05 0 0.0001484279 0.0002692413 0.0002450786 9.31989e-05 0 0 0.0001035543 0
0.02788028 0.0003175666 0.04580208 0.02370013 0.0001863978 0.04761773 0.2144748 0.077576 0.004639234 0.1369506 6.21326e-05 0.08131086 2.761449e-05 0.04591944 0.003741763 0.0004073137 0.01081798 3.451811e-06 0.0004659945 0.05376886 0.007825256 0.0003072112 0.04245037 0.02872942 0 0.002633732 0.005533253 0.1220353 0.03624056 0.01210205 0 0.008985064 0.001933014 0.01647204 0 0.03867064 0.0008318864 0.01940608 0.001090772 0.01390044 0.001384176 0.0002105605 0.000238175 0.0002485304 6.903622e-05 4.832535e-05 0.0001553315 0 7.248803e-05 0.001225393 8.974709e-05 0.001556767 0.0002312713 3.451811e-06 3.451811e-06 0 0.0004970608 0 0.0001553315 6.558441e-05 0 3.796992e-05 2.416268e-05 7.593984e-05 0.0001242652 5.177716e-05 0.01020355 0 3.451811e-05 0.0004418318 0.008380997 0.000931989 0.0003866028 0 2.761449e-05 3.10663e-05 0.0004418318 1.035543e-05 0.000949248 8.974709e-05 0.001290977 0.0002830485 0 1.380724e-05 0 1.380724e-05
0 0.0004487354 6.903622e-06 0.0004625427 0.01128052 0.00306866 4.832535e-05 0.003969583 0.008301605 6.21326e-05 3.451811e-06 0.001632707 3.451811e-06 0.003741763 0.006372043 0 0 0 0 0.0001484279 0 0.0006075187 0 0.004642686 1.035543e-05 0 1.380724e-05 0.000383151 0.0006972658 0 0 0.0005937115 3.451811e-06 0.0002105605 0 0 3.451811e-06 6.903622e-06 0 0.01288216 0.00215393 0 0 0 0 0 6.903622e-06 0 0 0 0 1.035543e-05 0 0 0 0 0 0 0 0 0 0 0 0 0 0 3.451811e-06 0 0 0 3.451811e-06 0 0 0 0 0 0 0 0 0 3.451811e-06 0 0 0 0 0
0.0002657894 0.002716575 0.0002899521 4.142173e-05 0 6.558441e-05 0.001263363 0.0001898496 0.003493233 9.31989e-05 3.10663e-05 0 2.416268e-05 0.0004073137 0 0.01943715 0.0005453861 0 3.796992e-05 1.725905e-05 0.01094914 0.09021653 0.03247119 0.0237381 3.451811e-06 0.001215037 0.0684356 0.0284084 0.00108732 0.01543305 0 3.451811e-06 0.0001760424 0.009171462 8.284346e-05 0.06310601 0.02046579 0.01308582 0.001850171 5.868079e-05 0 0 0.0001553315 1.380724e-05 0.0002588858 0.0001415243 3.451811e-06 0 0 4.832535e-05 0 0.0002071087 6.903622e-06 1.035543e-05 0 3.451811e-06 3.796992e-05 0 0.01230225 0.0001863978 3.451811e-06 6.21326e-05 0 0.003607142 0.0087676 0.005208783 0.001649966 3.451811e-06 6.903622e-05 0.005598837 0.001891592 5.868079e-05 0.0005212235 0 0 0 0.0001139098 1.035543e-05 0.001974436 0.001059706 0.0005868079 0.0001863978 3.451811e-06 0 3.451811e-06 3.451811e-06
0.02046924 0.02951644 0.08833184 6.21326e-05 0 5.522898e-05 0.005495283 0.003175666 0.0002312713 0.0001173616 0.002071087 0 2.416268e-05 0.01081798 0 0.0005453861 0.004242276 0.0001967532 0.01924039 1.035543e-05 0.02430075 0.001004477 0.02504289 0.0002761449 6.903622e-06 0.06342703 0.1181797 0.003855673 0.02472877 0.06249504 0 3.451811e-06 0.0007317839 0.03535 1.035543e-05 0.01571264 0.02883298 0.02855683 0.0004798017 3.451811e-06 0 0 2.761449e-05 3.796992e-05 0.005426247 0.0007179767 0 0 0 4.487354e-05 1.380724e-05 3.796992e-05 0 0.0003589883 0 8.284346e-05 8.974709e-05 0 0.0004452836 0.01023462 7.248803e-05 0.01172925 0 0.0001863978 0.0003796992 0.0004142173 0.000182946 4.487354e-05 0.007621599 0.02652026 0.000200205 3.10663e-05 8.974709e-05 1.035543e-05 0 0 0.001121839 2.761449e-05 0.0043838 0.00762505 0.008160081 0.0009423444 0 0 0 6.903622e-06
3.451811e-06 5.177716e-05 0.0001863978 0 0 0 0 0 0 0 0.02263352 0 0.005588482 3.451811e-06 0 0 0.0001967532 0.001401435 0.003303383 0 6.903622e-06 0 1.035543e-05 3.451811e-06 9.31989e-05 0.02138052 0.0008077238 2.071087e-05 1.035543e-05 6.903622e-06 0.0008422419 0 0 0.003020335 0 0.0006247778 0.005781783 0.01292703 0.001794942 0 0 0.0002519822 6.903622e-06 0 1.380724e-05 0 0 0 0 0 0 0 0 1.380724e-05 0 0.0001760424 0 0 0 1.380724e-05 3.451811e-05 9.31989e-05 0 0 0 0 0 3.796992e-05 5.177716e-05 0.0001484279 0 0 0 0 0 0 0 0 3.451811e-06 3.451811e-06 1.035543e-05 0 0 0 0 0
0.0008456937 0.007656117 0.004991319 0 0 3.451811e-06 0.0002347231 0.0001691387 3.10663e-05 3.451811e-06 0.01424562 0 0.0019054 0.0004659945 0 3.796992e-05 0.01924039 0.003303383 0.008991968 0 0.002202255 6.558441e-05 0.005339952 3.796992e-05 0.0005557416 0.05674087 0.04627498 0.0002623376 0.001128742 0.004363089 0.0004487354 0 4.487354e-05 0.04617142 1.380724e-05 0.03508766 0.08428977 0.08184934 0.01703124 0 0 4.487354e-05 0.0001346206 0 0.002385201 5.177716e-05 0 0 0 3.451811e-06 0 0 0 0.001166712 0 0.001025188 1.380724e-05 0 5.177716e-05 0.0006075187 0.0007179767 0.01813581 0 3.10663e-05 2.761449e-05 2.761449e-05 1.725905e-05 0.0002312713 0.008256732 0.01624767 1.725905e-05 3.451811e-06 0 4.142173e-05 0 0 0.0003348257 3.451811e-06 0.0006523923 0.0008802118 0.001404887 0.0003072112 0 0 0 0
0.0003624402 1.035543e-05 5.177716e-05 0.04545345 0 0.03098346 0.0004728981 0.03146671 0.006468694 0.01693458 1.035543e-05 0.02885024 3.451811e-06 0.05376886 0.0001484279 1.725905e-05 1.035543e-05 0 0 0.001259911 1.035543e-05 3.10663e-05 5.522898e-05 0.004680656 0 6.903622e-06 1.035543e-05 0.02566767 0.03405557 6.558441e-05 0 0.001049351 0.0002209159 0.00806343 3.451811e-06 0.005087969 0.0001035543 0.004297505 0.0003348257 0.001611996 2.071087e-05 9.665071e-05 4.832535e-05 3.451811e-06 0 0 0.0001967532 0 3.10663e-05 0.0002968557 2.071087e-05 0.0003866028 0.0002071087 0 1.035543e-05 0 2.071087e-05 0 0 0 0 0 8.629527e-05 0 0 0 0.0007801093 0 0 3.451811e-06 0.0007145249 4.487354e-05 3.451811e-06 0 2.071087e-05 0 2.071087e-05 0 3.451811e-05 3.451811e-06 5.868079e-05 6.903622e-06 0 0 0 0
0.01122874 0.0001587833 0.002785611 2.761449e-05 0 8.974709e-05 0.01647549 0.002844292 0.002399009 0.0003141148 0.0002174641 3.451811e-06 0.0001967532 0.007825256 0 0.01094914 0.02430075 6.903622e-06 0.002202255 1.035543e-05 0.09017511 0.03723814 0.2204982 0.001632707 0 0.002240225 0.01362085 0.03575386 0.0151569 0.1052285 0 3.451811e-06 0.000766302 0.1449381 0.000255434 0.1905814 0.02570564 0.1618968 0.01409029 0.0004521872 3.451811e-05 3.451811e-06 0.0004970608 1.035543e-05 2.761449e-05 1.035543e-05 0 0 0 1.380724e-05 3.451811e-06 6.21326e-05 0 1.035543e-05 0 0 1.035543e-05 0 0.006479049 3.451811e-06 0 7.248803e-05 0 0.002388653 0.005143198 0.001049351 0.0008802118 0 2.071087e-05 0.0002416268 0.001408339 1.035543e-05 0.0004176691 0 0 0 2.761449e-05 6.903622e-06 0.001159808 0.0005764524 0.0002105605 6.21326e-05 3.451811e-06 0 0 6.903622e-06
0.0001311688 0.06828027 0.008650238 5.177716e-05 1.725905e-05 6.558441e-05 0.001349658 0.0002485304 0.07159056 7.593984e-05 1.380724e-05 0.0004590909 0.0007870129 0.0003072112 0.0006075187 0.09021653 0.001004477 0 6.558441e-05 3.10663e-05 0.03723814 0.01554005 0.1161396 0.09977114 0.003413841 0.0004176691 0.1836571 0.01605437 0.0004798017 0.03402105 0 0 0.0001380724 0.003009979 1.035543e-05 0.006758646 0.002195352 0.003669275 0.0003175666 0.00318257 0 8.629527e-05 2.761449e-05 2.071087e-05 0.0001001025 0.000821531 6.903622e-06 0 0 4.832535e-05 0 6.558441e-05 6.903622e-06 1.035543e-05 0 2.071087e-05 1.035543e-05 0 0.009461414 5.868079e-05 0 3.451811e-05 0 0.0008871154 0.0003693438 0.006296103 0.0007904647 1.035543e-05 7.939165e-05 0.0142905 0.00110458 2.761449e-05 0.0001346206 0 0 0 8.284346e-05 3.451811e-06 0.0009526998 0.0005833561 0.0003313739 0.0001242652 0 0 0 0
0.07031339 0.007234996 0.296697 0.0002312713 0 0.0004798017 0.09766899 0.01567467 0.001794942 0.002022761 0.0004245728 1.380724e-05 0.0006800068 0.04245037 0 0.03247119 0.02504289 1.035543e-05 0.005339952 5.522898e-05 0.2204982 0.1161396 0.2358622 0.01128052 3.451811e-06 0.01776992 0.4081145 0.1745961 0.03972344 0.2273052 0 8.974709e-05 0.00154296 0.1833291 0.0007352357 0.6404421 0.1307063 0.348519 0.02983745 0.0004832535 2.416268e-05 7.593984e-05 0.002361039 3.10663e-05 0.003745215 0.00760434 6.903622e-06 0 3.451811e-06 4.487354e-05 1.035543e-05 0.0001656869 1.380724e-05 5.177716e-05 0 6.903622e-06 3.796992e-05 0 0.03045533 0.001280622 6.903622e-06 0.000310663 0 0.001394532 0.01573681 0.03844282 0.001204682 4.832535e-05 0.0006523923 0.09054445 0.002012406 6.903622e-05 0.0002934039 0 0 0 0.0006800068 7.593984e-05 0.006375495 0.003175666 0.00163961 0.0009354408 0 0 0 2.071087e-05
0.01147037 0.0282082 0.001546411 0.03549497 0.000110458 0.009233594 0.0389813 0.0210664 0.1810268 0.009620197 5.868079e-05 0.005540157 0.0001139098 0.02872942 0.004642686 0.0237381 0.0002761449 3.451811e-06 3.796992e-05 0.004680656 0.001632707 0.09977114 0.01128052 0.08790382 0.0002761449 0.0007007176 0.04005827 0.148811 0.05139747 0.08222559 0 0.0001173616 0.009523547 0.03051056 3.451811e-05 0.05116619 0.01042447 0.0257367 0.003148052 0.01643407 4.487354e-05 1.725905e-05 0.0002761449 0.002426623 7.939165e-05 0.000182946 0.004373445 6.903622e-06 0.002119412 0.01642026 0.001142549 0.03483568 0.006085543 1.035543e-05 8.284346e-05 1.725905e-05 0.004452836 1.380724e-05 0.009685782 0.000110458 0 1.725905e-05 0.001356562 0.004280246 0.008736534 0.0005868079 0.1107997 1.035543e-05 2.071087e-05 0.0007283321 0.08721 0.007694087 0.007407586 0 0.0004038619 0.0004314764 0.004131818 6.903622e-05 0.01014832 0.001819104 0.01099057 0.002143575 4.832535e-05 0.0001208134 3.451811e-06 5.177716e-05
0 0.01383141 0 0 0 0 1.380724e-05 0 0.0009734107 0 0.004221565 3.451811e-06 0.007335098 0 1.035543e-05 3.451811e-06 6.903622e-06 9.31989e-05 0.0005557416 0 0 0.003413841 3.451811e-06 0.0002761449 0.002492208 0.0114393 0.0598406 1.725905e-05 3.451811e-06 1.380724e-05 0.000182946 0 0 0.0008318864 0 0.0005488379 0.008612268 0.003472522 0.001373821 2.416268e-05 1.035543e-05 0.002958202 0 0 0.0003072112 0 0 0 0 0 0 6.903622e-06 0 0.0004418318 0 0.008536329 0 0 0 0 0.001180519 0.001422146 0 0 2.416268e-05 0 1.380724e-05 0.00263028 0.001746616 0.006437628 0 0 0 0.0001070061 0 0 3.796992e-05 0 4.142173e-05 0.0002209159 0.0002347231 8.629527e-05 0 0 9.31989e-05 0
0.003652016 0.1491907 0.08659558 1.725905e-05 0 5.868079e-05 0.002675154 0.0009803143 0.0001035543 0.0001587833 0.101642 0 0.01649275 0.002633732 0 0.001215037 0.06342703 0.02138052 0.05674087 6.903622e-06 0.002240225 0.0004176691 0.01776992 0.0007007176 0.0114393 0.07640584 0.2608879 0.004283697 0.003576076 0.00529853 0.003020335 0 0.0001484279 0.136243 8.284346e-05 0.1592942 0.3558127 0.2614402 0.04041725 2.416268e-05 0 0.001146001 0.0004832535 2.416268e-05 0.01376237 0.0002657894 0 0 0 1.035543e-05 0 3.796992e-05 0 0.00459436 0 0.0152501 5.868079e-05 0 0.0001794942 0.004549487 0.008018557 0.06465242 0 0.0001242652 0.0001518797 0.0002795967 0.0001173616 0.004162884 0.03858434 0.08940536 0.0001070061 2.761449e-05 6.558441e-05 0.0003555365 0 0 0.001732809 1.035543e-05 0.004818728 0.007055502 0.009782432 0.002088346 0 0 0 2.071087e-05
0.003234347 0.4574443 0.06078639 7.939165e-05 0 0.0002174641 0.01719002 0.002640635 0.001556767 0.0008802118 0.01863288 2.071087e-05 0.008664046 0.005533253 1.380724e-05 0.0684356 0.1181797 0.0008077238 0.04627498 1.035543e-05 0.01362085 0.1836571 0.4081145 0.04005827 0.0598406 0.2608879 0.3965475 0.1025878 0.003465618 0.007669924 6.558441e-05 3.451811e-06 0.0005937115 0.1229086 0.0001242652 0.2766592 0.3131345 0.1808024 0.01004822 8.284346e-05 3.451811e-06 4.487354e-05 0.0005695488 5.868079e-05 0.04406582 0.02092833 0 0 3.451811e-06 0.0001725905 3.451811e-06 0.0002519822 1.380724e-05 0.006458338 0 0.03194651 0.000110458 0 0.005757621 0.01661702 0.0116257 0.07135584 0 0.0003624402 0.005733458 0.01855348 0.001632707 0.009316438 0.04626807 0.2774151 0.002488756 9.665071e-05 0.000238175 0.0006109705 0 1.380724e-05 0.002695864 3.796992e-05 0.01506715 0.01451832 0.01560219 0.003134244 0 0 6.903622e-06 1.725905e-05
0.05773154 0.002205707 0.04464227 0.04904333 1.380724e-05 0.04693773 0.4009244 0.08239473 0.07396541 0.06050334 0.0003003076 0.01036579 0.0001380724 0.1220353 0.000383151 0.0284084 0.003855673 2.071087e-05 0.0002623376 0.02566767 0.03575386 0.01605437 0.1745961 0.148811 1.725905e-05 0.004283697 0.1025878 0.2651405 0.188821 0.3172352 3.451811e-06 0.0005039644 0.0365029 0.1668053 0.000182946 0.1808922 0.02826688 0.132698 0.01435953 0.002340328 0.0001587833 2.071087e-05 0.0007904647 0.00186743 0.0001070061 0.0001863978 0.00215393 0 0.001128742 0.0110596 0.000693814 0.0186881 0.002854648 2.071087e-05 4.142173e-05 3.451811e-06 0.002889166 6.903622e-06 0.01331018 8.974709e-05 0 3.796992e-05 0.0007593984 0.005633356 0.01085249 0.001056254 0.08360977 3.451811e-06 4.832535e-05 0.002222966 0.06625061 0.006506664 0.007373068 0 0.0002278195 0.0003520847 0.002985817 5.868079e-05 0.009268113 0.001953725 0.008142822 0.001725905 2.071087e-05 7.248803e-05 1.035543e-05 4.142173e-05
0.03967166 0.0002105605 0.0137244 0.0208662 6.903622e-05 0.0188745 0.07969196 0.02387618 0.005964729 0.07482146 0.0001380724 0.03873622 3.10663e-05 0.03624056 0.0006972658 0.00108732 0.02472877 1.035543e-05 0.001128742 0.03405557 0.0151569 0.0004798017 0.03972344 0.05139747 3.451811e-06 0.003576076 0.003465618 0.188821 0.2124831 0.08610888 0 0.01117351 0.02895034 0.06224306 3.451811e-06 0.05178407 0.001442857 0.02930933 0.001850171 0.006002699 0.001643062 0.000110458 0.000238175 0.0004452836 5.522898e-05 2.071087e-05 9.31989e-05 0 5.177716e-05 0.001180519 3.451811e-05 0.002996172 0.0001760424 0 0 3.451811e-06 0.0005074162 0 0.0007939165 3.796992e-05 0 8.974709e-05 1.380724e-05 0.0003796992 0.0004418318 6.903622e-05 0.01408339 0 3.796992e-05 0.0002243677 0.01184662 0.001411791 0.001646514 0 2.071087e-05 8.629527e-05 0.0005799042 3.451811e-06 0.0019054 0.0002899521 0.001618899 0.0003417293 3.451811e-06 6.903622e-06 0 6.903622e-06
0.04407963 0.002972009 0.02339292 0.0001449761 3.451811e-06 0.0004798017 0.06035492 0.004045522 0.0368826 0.001166712 0.0002278195 6.903622e-06 3.796992e-05 0.01210205 0 0.01543305 0.06249504 6.903622e-06 0.004363089 6.558441e-05 0.1052285 0.03402105 0.2273052 0.08222559 1.380724e-05 0.00529853 0.007669924 0.3172352 0.08610888 0.1769985 0 3.451811e-05 0.01434227 0.04502542 2.761449e-05 0.04358257 0.0124783 0.02398318 0.002399009 0.0001070061 2.071087e-05 0 0.0001691387 0.001235748 8.629527e-05 3.451811e-05 3.451811e-06 0 2.761449e-05 0.001118387 2.416268e-05 0.01011726 6.903622e-05 3.451811e-06 0 6.903622e-06 0.0009526998 0 0.03206387 4.832535e-05 6.903622e-06 0.0001863978 3.451811e-06 0.01656179 0.02570564 0.001063158 0.03449395 3.451811e-06 0.0001208134 0.0009837661 0.03800099 0.002243677 0.01323424 0 0 0.0001622351 0.0008871154 1.725905e-05 0.009955023 0.004877409 0.003745215 0.0005937115 6.903622e-06 0 0 4.487354e-05
0 6.903622e-06 3.451811e-06 0 0 0 0 0 0 0 0.008142822 0 0.0009250853 0 0 0 0 0.0008422419 0.0004487354 0 0 0 0 0 0.000182946 0.003020335 6.558441e-05 3.451811e-06 0 0 6.903622e-06 0 0 0.001287526 0 0.0002795967 0.007511141 0.006472146 0.0009354408 0 0 9.665071e-05 6.903622e-06 0 6.903622e-06 0 0 0 0 0 0 0 0 1.725905e-05 0 0.0004901572 0 0 0 0 3.796992e-05 3.451811e-05 0 0 0 0 0 6.903622e-05 6.903622e-05 0.000110458 0 0 0 0 0 0 0 0 0 1.035543e-05 3.451811e-06 3.451811e-06 0 0 0 0
5.522898e-05 0 5.868079e-05 0.0003244702 0.00127717 0.0164893 0.0006351332 0.01633742 2.416268e-05 0.001549863 0 0.002167737 0 0.008985064 0.0005937115 3.451811e-06 3.451811e-06 0 0 0.001049351 3.451811e-06 0 8.974709e-05 0.0001173616 0 0 3.451811e-06 0.0005039644 0.01117351 3.451811e-05 0 0 3.451811e-05 0.004076589 0 0.004960252 0 0.0175352 0.0002036568 0.008536329 0.008053075 0 4.487354e-05 0 0 0 0 0 3.451811e-06 0 0 1.035543e-05 0 0 0 0 3.451811e-06 0 0 0 0 0 0 0 0 0 5.522898e-05 0 0 0 4.142173e-05 3.451811e-06 0 0 0 0 3.451811e-06 0 6.903622e-06 0 6.903622e-06 3.451811e-06 0 0 0 0
0.002923684 5.177716e-05 0.0009975734 0.0009043745 0 0.0002623376 0.008705467 0.0008836636 0.001373821 0.001218489 3.451811e-06 4.142173e-05 0 0.001933014 3.451811e-06 0.0001760424 0.0007317839 0 4.487354e-05 0.0002209159 0.000766302 0.0001380724 0.00154296 0.009523547 0 0.0001484279 0.0005937115 0.0365029 0.02895034 0.01434227 0 3.451811e-05 0.002813226 0.003348257 0 0.001297881 0.0001518797 0.001042447 6.558441e-05 1.035543e-05 0 0 6.903622e-06 7.593984e-05 0 0 0 0 6.903622e-06 0.0001311688 3.451811e-06 0.0005833561 1.035543e-05 0 0 0 7.593984e-05 0 0.0003624402 6.903622e-06 0 0 3.451811e-06 0.0001656869 0.0002692413 2.416268e-05 0.002354135 0 0 3.10663e-05 0.001957177 0.0001898496 0.0004728981 0 0 1.380724e-05 7.248803e-05 3.451811e-06 0.0002865003 7.593984e-05 0.0002036568 6.558441e-05 0 0 0 0
0.01730393 0.001063158 0.06703762 0.008467292 4.832535e-05 0.00405933 0.02873978 0.005526349 0.004801469 0.01956832 0.05571913 0.006641284 0.02625447 0.01647204 0.0002105605 0.009171462 0.03535 0.003020335 0.04617142 0.00806343 0.1449381 0.003009979 0.1833291 0.03051056 0.0008318864 0.136243 0.1229086 0.1668053 0.06224306 0.04502542 0.001287526 0.004076589 0.003348257 0.03941278 1.380724e-05 0.06082091 0.03818739 0.08860454 0.006378947 0.004991319 0.0002485304 0.01405232 0.0002623376 0.0003486329 0.000238175 0.0002588858 3.10663e-05 0 2.416268e-05 0.0006247778 3.10663e-05 0.002050376 6.21326e-05 4.142173e-05 0 2.416268e-05 0.0003486329 0 0.001674128 0.000200205 1.380724e-05 0.0006558441 3.451811e-06 0.0005833561 0.001270266 0.0003417293 0.009734107 6.903622e-06 0.0002450786 0.002806322 0.007438653 0.0008387901 0.001297881 3.451811e-06 0 5.522898e-05 0.0004004101 3.451811e-06 0.001373821 0.0004659945 0.001187423 0.0002416268 3.451811e-06 1.380724e-05 6.903622e-06 1.035543e-05
6.903622e-06 0 2.071087e-05 0 0 0 1.035543e-05 0 3.451811e-06 6.903622e-06 3.451811e-06 0 0.0001622351 0 0 8.284346e-05 1.035543e-05 0 1.380724e-05 3.451811e-06 0.000255434 1.035543e-05 0.0007352357 3.451811e-05 0 8.284346e-05 0.0001242652 0.000182946 3.451811e-06 2.761449e-05 0 0 0 1.380724e-05 0.6967101 0.07488014 0.003085919 0.0003072112 5.177716e-05 0 6.903622e-06 5.868079e-05 0.000510868 0 0 0 0 0 0 0 0 0 0 0 0 0 0 0 6.903622e-06 0 0 0 0 0 3.451811e-06 1.035543e-05 1.035543e-05 0 6.903622e-06 3.451811e-06 0 0 6.903622e-06 0 0 0 0 0.3589331 0.0001691387 6.903622e-06 0 0 0 0 0 3.451811e-06
0.002985817 0.001560219 0.1094845 0.006503212 0.0002899521 0.002436979 0.0218258 0.008964353 0.004577101 0.01240236 0.007221189 0.002423171 0.007100375 0.03867064 0 0.06310601 0.01571264 0.0006247778 0.03508766 0.005087969 0.1905814 0.006758646 0.6404421 0.05116619 0.0005488379 0.1592942 0.2766592 0.1808922 0.05178407 0.04358257 0.0002795967 0.004960252 0.001297881 0.06082091 0.07488014 0.01739713 0.4030645 0.2437772 0.01909542 0.02367942 0.02348267 0.004138721 0.001411791 0.0003382775 0.0005281271 0.0006178742 3.10663e-05 0 3.796992e-05 0.0007904647 3.451811e-05 0.002222966 7.939165e-05 1.725905e-05 3.451811e-06 1.725905e-05 0.0004280246 0 0.002851196 0.0002588858 2.071087e-05 0.0002243677 0 0.0009423444 0.001750068 0.001190875 0.01043828 2.071087e-05 0.0001794942 0.005764524 0.008584654 0.001111483 0.001819104 0 3.451811e-06 8.974709e-05 0.0004521872 0.000804272 0.002499111 0.0006869104 0.001249556 0.0002312713 0 1.035543e-05 0 2.416268e-05
0.0006109705 0.006164934 0.07968851 0.0001346206 0 4.487354e-05 0.001974436 0.0003796992 0.0004798017 0.0003003076 0.05505639 3.451811e-05 0.05691001 0.0008318864 3.451811e-06 0.02046579 0.02883298 0.005781783 0.08428977 0.0001035543 0.02570564 0.002195352 0.1307063 0.01042447 0.008612268 0.3558127 0.3131345 0.02826688 0.001442857 0.0124783 0.007511141 0 0.0001518797 0.03818739 0.003085919 0.4030645 0.0126716 0.1192394 0.01874679 0.0003003076 0.0005902597 0.001342754 0.001832912 3.10663e-05 0.0006869104 0.000383151 3.451811e-06 0 0 3.451811e-05 0 0.0001725905 3.451811e-06 8.629527e-05 0 0.0004418318 1.725905e-05 0 0.0006903622 0.0009250853 0.0001208134 0.0009561516 0 0.0002657894 0.0004625427 0.0003935065 0.0006040669 0.0001898496 0.0005868079 0.004601264 0.0007248803 5.522898e-05 0.0002209159 3.451811e-06 0 6.903622e-06 0.0001242652 1.725905e-05 0.00394542 0.0007007176 0.0007145249 0.0001173616 0 3.451811e-06 2.416268e-05 0
0.003569173 0.001508441 0.07732747 0.005505639 0.001618899 0.002461141 0.01717276 0.01147037 0.003548462 0.01138407 0.09523547 0.002298906 0.1026569 0.01940608 6.903622e-06 0.01308582 0.02855683 0.01292703 0.08184934 0.004297505 0.1618968 0.003669275 0.348519 0.0257367 0.003472522 0.2614402 0.1808024 0.132698 0.02930933 0.02398318 0.006472146 0.0175352 0.001042447 0.08860454 0.0003072112 0.2437772 0.1192394 0.04543274 0.004832535 0.008363738 0.0001794942 0.01107686 0.002133219 0.0002726931 0.0003969583 0.0003348257 1.035543e-05 0 3.451811e-05 0.0004314764 2.761449e-05 0.001532604 8.629527e-05 5.522898e-05 0 0.0001173616 0.0001967532 0 0.001491182 0.0002795967 2.761449e-05 0.0003796992 3.451811e-06 0.0005695488 0.0009768625 0.0006006151 0.007355809 3.451811e-05 0.0001898496 0.003462166 0.00566097 0.0007352357 0.001177068 3.451811e-06 0 6.558441e-05 0.0002830485 1.035543e-05 0.001556767 0.0004970608 0.0009216335 0.000182946 1.035543e-05 1.380724e-05 2.071087e-05 6.903622e-06
0.0002450786 0.0001863978 0.000693814 0.0002450786 2.761449e-05 6.558441e-05 0.001211586 0.0001933014 0.0003727956 0.0006006151 0.01203301 0.000182946 0.01248865 0.001090772 0 0.001850171 0.0004798017 0.001794942 0.01703124 0.0003348257 0.01409029 0.0003175666 0.02983745 0.003148052 0.001373821 0.04041725 0.01004822 0.01435953 0.001850171 0.002399009 0.0009354408 0.0002036568 6.558441e-05 0.006378947 5.177716e-05 0.01909542 0.01874679 0.004832535 0.0001725905 0.001270266 7.939165e-05 0.004352734 0.0002899521 2.416268e-05 1.725905e-05 6.903622e-06 0 0 3.451811e-06 4.487354e-05 0 0.0001622351 0 0 0 3.451811e-06 2.071087e-05 0 0.0001518797 1.035543e-05 3.451811e-06 6.21326e-05 0 8.629527e-05 0.0001760424 2.071087e-05 0.0004901572 0 1.725905e-05 9.665071e-05 0.0005177716 4.832535e-05 0.0001484279 0 3.451811e-06 6.903622e-06 2.071087e-05 4.832535e-05 9.665071e-05 3.796992e-05 7.593984e-05 2.071087e-05 0 3.451811e-06 0 3.451811e-06
2.761449e-05 0.00251637 2.071087e-05 0.002675154 0.003289576 0.004349282 0.0004521872 0.01159118 0.02490482 0.0007455912 6.903622e-05 0.006189097 0.0001173616 0.01390044 0.01288216 5.868079e-05 3.451811e-06 0 0 0.001611996 0.0004521872 0.00318257 0.0004832535 0.01643407 2.416268e-05 2.416268e-05 8.284346e-05 0.002340328 0.006002699 0.0001070061 0 0.008536329 1.035543e-05 0.004991319 0 0.02367942 0.0003003076 0.008363738 0.001270266 0.003386227 0.001908851 0.0002657894 0.0002071087 3.451811e-06 0 0 0.0001415243 0 2.761449e-05 4.832535e-05 3.451811e-06 0.0005522898 0.000127717 0 5.868079e-05 0 6.903622e-06 0 3.451811e-06 0 0 0 0.000110458 3.451811e-06 0 0 0.0002312713 0 0 0 0.0002726931 6.903622e-06 3.451811e-06 0 3.451811e-06 0 6.903622e-06 0 7.593984e-05 3.451811e-06 1.725905e-05 3.451811e-06 3.10663e-05 0 0 0
6.903622e-06 0 1.035543e-05 3.451811e-06 0.0002795967 0.0004763499 1.380724e-05 0.002412816 6.21326e-05 2.761449e-05 2.071087e-05 3.451811e-05 4.142173e-05 0.001384176 0.00215393 0 0 0 0 2.071087e-05 3.451811e-05 0 2.416268e-05 4.487354e-05 1.035543e-05 0 3.451811e-06 0.0001587833 0.001643062 2.071087e-05 0 0.008053075 0 0.0002485304 6.903622e-06 0.02348267 0.0005902597 0.0001794942 7.939165e-05 0.001908851 0 0.0001691387 2.416268e-05 0 0 0 0 0 0 0 0 0 0 0 0 0 0 0 0 0 0 0 0 0 3.451811e-06 0 1.035543e-05 0 0 0 1.035543e-05 0 0 0 0 0 0 0 3.451811e-06 0 0 0 0 0 0 0
0 0.0007697539 0 3.10663e-05 0 1.725905e-05 1.035543e-05 6.903622e-06 1.380724e-05 5.177716e-05 0.02411435 6.903622e-05 0.0101069 0.0002105605 0 0 0 0.0002519822 4.487354e-05 9.665071e-05 3.451811e-06 8.629527e-05 7.593984e-05 1.725905e-05 0.002958202 0.001146001 4.487354e-05 2.071087e-05 0.000110458 0 9.665071e-05 0 0 0.01405232 5.868079e-05 0.004138721 0.001342754 0.01107686 0.004352734 0.0002657894 0.0001691387 3.10663e-05 5.522898e-05 0 2.416268e-05 0 0 0 0 0 0 0 0 5.522898e-05 0 0.0003037594 0 0 3.451811e-06 0 3.451811e-06 0 0 0 0 0 0 0.0001035543 0 2.761449e-05 6.903622e-06 0 0 0 0 0 3.451811e-06 0 0.0002278195 3.451811e-05 2.416268e-05 3.451811e-06 0 0 3.10663e-05 0
1.380724e-05 1.035543e-05 0.0002105605 5.522898e-05 0 2.416268e-05 0.0001035543 7.248803e-05 1.380724e-05 0.0001070061 5.177716e-05 6.558441e-05 5.868079e-05 0.000238175 0 0.0001553315 2.761449e-05 6.903622e-06 0.0001346206 4.832535e-05 0.0004970608 2.761449e-05 0.002361039 0.0002761449 0 0.0004832535 0.0005695488 0.0007904647 0.000238175 0.0001691387 6.903622e-06 4.487354e-05 6.903622e-06 0.0002623376 0.000510868 0.001411791 0.001832912 0.002133219 0.0002899521 0.0002071087 2.416268e-05 5.522898e-05 2.761449e-05 0 0 0 0 0 0 0 0 3.451811e-06 3.451811e-06 0 0 0 3.451811e-06 0 1.725905e-05 0 0 0 0 1.035543e-05 3.451811e-06 3.451811e-06 4.487354e-05 0 0 3.451811e-06 4.142173e-05 3.451811e-06 3.451811e-06 0 0 0 0 0 2.071087e-05 1.035543e-05 3.451811e-06 3.451811e-06 0 0 0 0
0.0001311688 6.903622e-06 2.071087e-05 2.761449e-05 0 1.380724e-05 0.0006523923 0.0001587833 0.0005143198 2.071087e-05 0 0 0 0.0002485304 0 1.380724e-05 3.796992e-05 0 0 3.451811e-06 1.035543e-05 2.071087e-05 3.10663e-05 0.002426623 0 2.416268e-05 5.868079e-05 0.00186743 0.0004452836 0.001235748 0 0 7.593984e-05 0.0003486329 0 0.0003382775 3.10663e-05 0.0002726931 2.416268e-05 3.451811e-06 0 0 0 0.006655092 0.0001725905 0.003596787 0.0001967532 0 0.0004556391 0.04829429 0.001080417 0.002143575 0.001342754 0.001725905 3.451811e-06 3.451811e-06 0.01893664 6.903622e-06 0.0001553315 0.0110458 0.0001346206 0.002523274 3.451811e-05 0.003855673 0.00419395 0.013431 0.007079664 1.035543e-05 0.005578127 0.001035543 0.02454583 0.08648858 0.0668098 3.451811e-06 0.000327922 0.000749043 0.02116651 1.035543e-05 0.000566097 0.0001070061 0.01129433 0.0007455912 1.725905e-05 7.248803e-05 3.451811e-06 6.903622e-06
0.0001001025 0.0005281271 0.006665447 0 0 0 0.0001001025 3.451811e-05 6.903622e-06 3.451811e-06 0.0001346206 0 0.0002347231 6.903622e-05 0 0.0002588858 0.005426247 1.380724e-05 0.002385201 0 2.761449e-05 0.0001001025 0.003745215 7.939165e-05 0.0003072112 0.01376237 0.04406582 0.0001070061 5.522898e-05 8.629527e-05 6.903622e-06 0 0 0.000238175 0 0.0005281271 0.0006869104 0.0003969583 1.725905e-05 0 0 2.416268e-05 0 0.0001725905 0.0112391 0.006361688 0 0 6.903622e-06 0.0002968557 2.071087e-05 0.01256114 3.451811e-06 0.01499467 0 0.01052457 0.0005039644 3.451811e-06 0.003734859 0.02910222 0.003020335 0.07656462 0 0.0007179767 0.09363728 0.003141148 0.03521538 0.04462846 0.07221879 0.3609179 0.002240225 0.0001622351 0.0003866028 8.629527e-05 3.451811e-06 3.451811e-06 0.01050386 0.0001449761 0.0240246 0.02854648 0.05523588 0.01288906 1.035543e-05 6.903622e-06 0.0001656869 6.21326e-05
5.868079e-05 0.0006316814 0.004984415 0 0 3.451811e-06 6.558441e-05 2.761449e-05 1.035543e-05 3.451811e-06 1.380724e-05 0 0 4.832535e-05 0 0.0001415243 0.0007179767 0 5.177716e-05 0 1.035543e-05 0.000821531 0.00760434 0.000182946 0 0.0002657894 0.02092833 0.0001863978 2.071087e-05 3.451811e-05 0 0 0 0.0002588858 0 0.0006178742 0.000383151 0.0003348257 6.903622e-06 0 0 0 0 0.003596787 0.006361688 0.100282 0.0001553315 1.380724e-05 0.0007835611 0.09121411 0.003072112 9.665071e-05 0.001149453 0.003596787 3.451811e-06 8.629527e-05 0.02931968 0 0.001366917 0.1937294 0.0005868079 0.01056254 3.10663e-05 0.001853623 0.0003003076 0.06887398 0.003745215 5.522898e-05 0.1902673 0.09784158 0.0674829 0.00478421 0.007866677 1.035543e-05 0.0007076213 0.000182946 0.0188676 0.0004038619 0.05928485 0.02559173 0.02095594 0.00853978 1.380724e-05 0.0001242652 1.725905e-05 8.629527e-05
1.725905e-05 0 0 0.001480827 0 5.177716e-05 0.0001139098 8.974709e-05 0.001919207 0.0002312713 0 8.629527e-05 0 0.0001553315 6.903622e-06 3.451811e-06 0 0 0 0.0001967532 0 6.903622e-06 6.903622e-06 0.004373445 0 0 0 0.00215393 9.31989e-05 3.451811e-06 0 0 0 3.10663e-05 0 3.10663e-05 3.451811e-06 1.035543e-05 0 0.0001415243 0 0 0 0.0001967532 0 0.0001553315 0.01035888 1.035543e-05 0.01688281 0.001290977 0.001052802 0.01900912 0.03120092 2.071087e-05 0.02312368 0 0.002122864 0.001180519 0 6.903622e-06 0 0 0.02615092 0 0 0.0001484279 0.04941613 0 6.903622e-06 1.725905e-05 0.02557102 0.002409364 7.248803e-05 0 0.0006972658 6.903622e-05 0.001950273 6.903622e-06 0.0003796992 2.071087e-05 0.004211209 0.0005971633 0.0019054 0.0001656869 3.451811e-06 0
0 0 0 3.451811e-06 0 0 0 0 0 0 0 0 0 0 0 0 0 0 0 0 0 0 0 6.903622e-06 0 0 0 0 0 0 0 0 0 0 0 0 0 0 0 0 0 0 0 0 0 1.380724e-05 1.035543e-05 0.0004590909 0.004673752 9.665071e-05 0.00405933 6.558441e-05 0.0004142173 0 0.000110458 0 8.284346e-05 0.007317839 0 3.451811e-06 0 0 5.868079e-05 0 0 0 6.558441e-05 0 0 0 7.939165e-05 3.10663e-05 0 0 0.0008318864 0 0.0001001025 0 4.142173e-05 0 4.487354e-05 0 0.002091797 1.725905e-05 0 0
