0.01342586 6.43772e-06 0.006830421 3.21886e-06 3.21886e-06 0.0001351921 0.05968088 0.008278908 0.0001351921 0.0002542899 9.334694e-05 0 2.896974e-05 0.07214753 9.65658e-06 3.540746e-05 0.004792882 3.862632e-05 0.0004248895 2.253202e-05 0.006215619 2.253202e-05 0.01681854 0.001107288 0 0.002037538 0.0006180211 0.00508258 0.03120363 0.0353463 0 0.0003894821 0.000160943 0.001133039 3.862632e-05 0.007966678 0.0001448487 0.00398173 0.00062124 1.287544e-05 0.0001094412 0 0.0001287544 0 0 3.21886e-06 0 0 0 6.43772e-05 6.43772e-06 6.43772e-05 3.21886e-06 0 0 0 3.21886e-06 0 6.43772e-06 0 0 3.21886e-06 0 0 1.931316e-05 6.43772e-06 0.0002542899 0 3.21886e-06 2.896974e-05 0.0002800408 4.82829e-05 3.21886e-05 0 0 6.43772e-06 3.862632e-05 3.21886e-06 3.862632e-05 0 6.759606e-05 6.43772e-06 6.43772e-06 3.21886e-06 0 0
6.43772e-06 0.001168446 0.01010722 6.43772e-06 1.287544e-05 2.253202e-05 0.0002381956 5.472062e-05 0.01557606 5.150176e-05 0.0139602 2.253202e-05 0.01484216 0.0003508557 0.000160943 0.0001319733 0.006028925 0.001886252 0.01138189 1.287544e-05 6.115834e-05 0.03532699 0.0007339001 0.02942682 0.01211579 0.03203088 0.08759805 0.0007886207 0.0003251049 3.540746e-05 0.001001065 9.334694e-05 2.253202e-05 0.004982795 2.575088e-05 0.008707016 0.02283459 0.07106277 0.005320775 4.506404e-05 9.65658e-06 0.004194175 2.896974e-05 0 0.0002671654 0.003801474 0 0 3.21886e-06 4.184518e-05 1.287544e-05 3.540746e-05 1.287544e-05 0.0001287544 9.65658e-06 0.000183475 1.287544e-05 0 0.0003894821 9.65658e-05 1.287544e-05 0.0005761759 3.21886e-06 4.506404e-05 0.000138411 0.0003154483 0.0006115834 8.369036e-05 0.00268131 0.03683663 0.0005697382 2.253202e-05 1.60943e-05 0 0 0 0.0003154483 3.21886e-06 0.0002092259 0.0002317579 0.0004860479 8.369036e-05 6.43772e-06 0 2.253202e-05 0
0.006830421 0.01010722 0.01052245 8.690922e-05 3.21886e-06 0.0005761759 0.05606288 0.02296335 0.0007145869 0.0008755299 0.002204919 5.150176e-05 6.43772e-05 0.02824228 3.21886e-05 0.0003540746 0.2810805 0.0008851865 0.01138833 7.081492e-05 0.02394832 0.00454503 0.2988325 0.001281106 1.287544e-05 0.09416775 0.1213092 0.01811252 0.01010078 0.02096765 3.862632e-05 0.001165227 0.0004442027 0.05670022 0.0002381956 0.09014417 0.0800788 0.1037278 0.007480631 0.0002027882 6.43772e-05 1.287544e-05 0.0003154483 8.369036e-05 0.008201655 0.03490854 3.21886e-06 3.21886e-06 9.65658e-06 0.001065443 0.0001448487 0.0002317579 5.150176e-05 6.43772e-06 1.60943e-05 6.43772e-06 0.0001995693 2.575088e-05 0.001850844 0.0001931316 6.43772e-06 8.04715e-05 9.65658e-06 0.0003251049 0.001899127 0.007046084 0.004915199 3.21886e-06 0.003724221 0.1568357 0.005381934 0.0005600816 0.0007854018 0 0 2.896974e-05 0.0003701689 5.793948e-05 0.001181322 0.0004313272 0.001142695 0.0001190978 4.184518e-05 4.506404e-05 3.21886e-06 9.65658e-06
3.21886e-06 6.43772e-06 8.690922e-05 0.0478741 0.0004216707 0.004641596 0.001628743 0.003337958 0.04435267 0.02692576 0.0001223167 0.018399 7.725264e-05 0.003035385 0.006363686 3.21886e-06 2.896974e-05 2.896974e-05 3.540746e-05 0.05035906 1.287544e-05 7.081492e-05 4.506404e-05 0.02361356 0 9.65658e-05 5.150176e-05 0.09564842 0.005156614 5.472062e-05 0 0.0008175904 6.43772e-06 0.001364797 1.931316e-05 0.001561147 2.575088e-05 0.003891602 0.0002639465 0.001197416 0.000206007 0 3.21886e-05 1.287544e-05 0 0 0.003949541 1.60943e-05 0.0006373343 0.001358359 0.001644837 0.009122249 0.006865828 3.21886e-06 0.001857282 3.21886e-06 0.0006180211 0.0003862632 3.21886e-06 1.287544e-05 1.60943e-05 9.65658e-06 0.00519524 3.862632e-05 6.43772e-06 9.65658e-06 0.005089018 6.43772e-06 1.931316e-05 3.540746e-05 0.01810931 0.001190978 6.43772e-06 0 0.0001190978 3.21886e-06 0.0006405531 0 0.0001351921 9.65658e-06 0.0008594356 2.575088e-05 0.001190978 3.21886e-05 0 3.21886e-06
3.21886e-06 1.287544e-05 3.21886e-06 0.0004216707 3.21886e-05 0.01107932 0.0005150176 0.001792905 0.004731724 0.0007789641 0.0003959198 0.003679157 9.012808e-05 0.0002317579 0.009637267 0 1.60943e-05 0.0001030035 0.0001480676 0.0008336847 3.21886e-06 0.0001223167 6.43772e-06 0.002208138 1.287544e-05 6.43772e-05 8.690922e-05 0.001165227 0.0001770373 9.65658e-06 6.43772e-06 1.931316e-05 6.43772e-06 0.002098697 6.43772e-06 0.001097631 3.21886e-05 0.002018225 2.896974e-05 0.03629908 0.005227429 0 2.575088e-05 0 0 0 3.540746e-05 0 0 1.60943e-05 6.43772e-06 9.978466e-05 3.540746e-05 0 2.253202e-05 0 0 0 0 0 0 0 4.184518e-05 0 0 0 4.506404e-05 0 0 0 0.0001030035 9.65658e-06 3.21886e-06 0 0 0 6.43772e-06 0 0 0 0 0 4.184518e-05 0 0 0
0.0001351921 2.253202e-05 0.0005761759 0.004641596 0.01107932 0.2045231 0.09544564 0.1099305 0.005694163 0.3010342 0.0009720957 0.1048544 0.000276822 0.02467256 0.01207716 2.896974e-05 0.0001963505 0.0003122294 0.0003572935 0.04320998 0.0001223167 0.0001190978 0.0003540746 0.003910915 6.43772e-06 0.0005343308 0.0002349768 0.04663806 0.01458465 0.00036695 3.21886e-06 0.01696983 1.287544e-05 0.004628721 9.012808e-05 0.005156614 9.978466e-05 0.01063189 0.0005729571 0.02383888 0.003215641 6.43772e-06 5.793948e-05 9.65658e-06 0 6.43772e-06 0.001210291 6.43772e-06 0.0002542899 0.0009785334 0.0007693075 0.002423802 0.00279397 0 0.0006469908 0 0.0003315426 0.000138411 6.43772e-06 0 3.21886e-06 3.21886e-06 0.001705996 2.575088e-05 1.60943e-05 6.43772e-06 0.002227451 0 1.931316e-05 2.575088e-05 0.007506381 0.0007081492 1.60943e-05 0 7.403378e-05 6.43772e-06 0.0003508557 0 6.115834e-05 0 0.0005085799 2.896974e-05 0.0004248895 1.287544e-05 0 3.21886e-06
0.05968088 0.0002381956 0.05606288 0.001628743 0.0005150176 0.09544564 0.2724475 0.3868812 0.02151808 0.09534263 0.00172209 0.001522521 0.000437765 0.2568876 0.003041823 0.0007596509 0.006869047 0.0005117987 0.001345483 0.001760716 0.02133782 0.002600839 0.05467877 0.04820243 2.896974e-05 0.02651375 0.006637289 0.4528807 0.1474849 0.07706273 6.43772e-06 0.01415655 0.001908784 0.02390004 0.0006469908 0.03172186 0.001702777 0.06010577 0.006672697 0.0009720957 0.001670588 5.150176e-05 0.0003862632 0.0001641619 2.253202e-05 6.115834e-05 0.001033254 1.60943e-05 0.0004635158 0.007374408 0.002221013 0.008797144 0.00338946 1.931316e-05 0.0006083645 3.21886e-06 0.001487113 0.0001094412 0.0002671654 3.540746e-05 2.253202e-05 6.115834e-05 0.001335827 0.0003122294 0.0005439873 0.0002703842 0.01719193 3.21886e-06 0.0001062224 0.0006276777 0.0288442 0.004152329 0.0003605123 0 0.0002639465 0.000138411 0.001992474 1.931316e-05 0.001030035 3.862632e-05 0.003576153 0.0001448487 0.0006856172 0.0002542899 3.21886e-06 1.60943e-05
0.008278908 5.472062e-05 0.02296335 0.003337958 0.001792905 0.1099305 0.3868812 0.1766285 0.003064355 0.2146078 0.00338946 0.04225719 0.0007660887 0.1192845 0.004718849 8.04715e-05 0.01533787 0.001181322 0.00231436 0.03607054 0.00773492 0.0002864785 0.0234848 0.007329344 1.287544e-05 0.01288188 0.002233889 0.05955535 0.02982274 0.02460497 3.862632e-05 0.03192143 0.0001673807 0.008774612 0.000138411 0.01477779 0.0006341154 0.01789364 0.001104069 0.02014041 0.004004262 3.540746e-05 0.0001931316 1.931316e-05 6.43772e-06 2.575088e-05 0.0004023575 3.21886e-06 9.978466e-05 0.001258574 0.0004023575 0.00143883 0.0009592203 1.287544e-05 0.0002639465 3.21886e-06 0.0002317579 3.21886e-05 2.253202e-05 0 6.43772e-06 1.60943e-05 0.000482829 4.506404e-05 5.472062e-05 3.21886e-05 0.00253968 3.21886e-06 3.862632e-05 0.0001770373 0.005043954 0.0004474215 6.759606e-05 0 2.253202e-05 1.931316e-05 0.0002510711 3.21886e-06 8.690922e-05 6.43772e-06 0.0005117987 5.150176e-05 0.0001512864 1.287544e-05 0 3.21886e-06
0.0001351921 0.01557606 0.0007145869 0.04435267 0.004731724 0.005694163 0.02151808 0.003064355 0.0119645 0.0194741 0.001928097 0.01330033 0.0008529979 0.003627655 0.02927875 0.001145914 0.0001738184 0.0003605123 0.002967789 0.02892146 0.002008569 0.09790163 0.0008916242 0.1912679 0.002958132 0.007380846 0.01839578 0.1067696 0.009151219 0.02648156 9.012808e-05 0.0005858325 0.0005021422 0.002388394 9.012808e-05 0.005497813 0.001042911 0.007178058 0.00115879 0.003334739 0.0001770373 8.690922e-05 5.793948e-05 0.0001705996 5.793948e-05 9.65658e-06 0.00333152 3.21886e-05 0.0004506404 0.003630874 0.001042911 0.001371234 0.004055764 9.65658e-06 0.001461362 1.287544e-05 0.0006823983 0.0004860479 0.001503208 2.575088e-05 0 0.0001480676 0.003273581 0.001516083 0.0002671654 0.0001319733 0.02899549 1.931316e-05 0.0003540746 0.0007693075 0.03102659 0.002327236 0.00141308 0 7.081492e-05 0.0001705996 0.001023597 2.575088e-05 0.001464581 7.403378e-05 0.002182387 0.0001866939 0.001281106 0.0001287544 0 2.575088e-05
0.0002542899 5.150176e-05 0.0008755299 0.02692576 0.0007789641 0.3010342 0.09534263 0.2146078 0.0194741 0.3605188 0.002262859 0.05746953 0.0007693075 0.05490088 0.003183452 6.115834e-05 0.000276822 0.0006502097 0.0008304659 0.08501331 0.0001705996 0.0002027882 0.0006598663 0.01116301 6.43772e-06 0.0009914089 0.0006373343 0.1313745 0.06252314 0.0007274623 2.575088e-05 0.01424667 5.793948e-05 0.0140632 0.0002027882 0.01184862 0.0002156636 0.0328034 0.002159855 0.002037538 0.002027882 2.575088e-05 0.0002703842 4.184518e-05 6.43772e-06 0 0.004322929 9.65658e-06 0.0008079338 0.002243545 0.002198481 0.009247785 0.009019246 6.43772e-06 0.002195262 3.21886e-06 0.001007503 0.0004248895 6.43772e-06 3.21886e-06 3.21886e-06 2.896974e-05 0.00553322 6.115834e-05 3.21886e-05 1.931316e-05 0.00680467 1.287544e-05 3.21886e-05 8.690922e-05 0.02359746 0.001815437 4.82829e-05 0 0.000160943 1.287544e-05 0.001004284 0 0.0002124448 1.60943e-05 0.001380891 5.472062e-05 0.001059005 5.150176e-05 0 3.21886e-06
9.334694e-05 0.0139602 0.002204919 0.0001223167 0.0003959198 0.0009720957 0.00172209 0.00338946 0.001928097 0.002262859 0.02108675 0.00200535 0.09313449 0.01724343 6.759606e-05 0.0001995693 0.002523586 0.02210391 0.004474215 0.0022017 0.001763935 0.00635403 0.003592248 0.002864785 0.01889471 0.02483994 0.03316391 0.001033254 0.01197738 0.0003927009 0.009408728 0.005201678 0.0003733878 0.08627188 2.575088e-05 0.00341521 0.08088029 0.1931445 0.0211286 9.978466e-05 0.0038401 0.02719615 3.862632e-05 9.65658e-06 0.0001319733 7.081492e-05 1.287544e-05 9.65658e-06 9.65658e-06 4.506404e-05 1.287544e-05 8.04715e-05 5.793948e-05 0.03385597 3.21886e-05 0.02005672 1.931316e-05 6.43772e-06 2.575088e-05 6.43772e-06 0.0002864785 0.0003766066 2.896974e-05 2.253202e-05 3.21886e-05 9.65658e-06 0.0001351921 0.002884099 0.005938797 0.003305769 0.0002478522 6.115834e-05 1.60943e-05 0.002156636 4.82829e-05 0 0.002134104 0 7.725264e-05 0.01245699 0.001512864 6.43772e-05 2.253202e-05 1.287544e-05 0.001937754 0
0 2.253202e-05 5.150176e-05 0.018399 0.003679157 0.1048544 0.001522521 0.04225719 0.01330033 0.05746953 0.00200535 0.140191 0.0006630851 0.03124547 0.01936466 0 3.862632e-05 0.0006051457 0.0006984926 0.1115592 6.43772e-06 5.793948e-05 9.65658e-06 0.006431282 1.287544e-05 0.0002414145 0.0002027882 0.009315381 0.01715652 2.896974e-05 1.931316e-05 0.01860823 0 0.007561102 3.862632e-05 0.004068639 0.0001287544 0.0145074 0.0005761759 0.01499667 0.002774657 0 6.115834e-05 6.43772e-06 9.65658e-06 0 0.001828312 9.65658e-06 0.0002961351 0.0003411992 0.0005407685 0.00330255 0.002861566 9.65658e-06 0.001142695 6.43772e-06 0.0002253202 0.0003927009 0 0 3.21886e-06 6.43772e-06 0.002333673 3.21886e-06 3.21886e-06 3.21886e-06 0.001728528 3.21886e-06 1.931316e-05 3.21886e-05 0.006064332 0.0004152329 3.21886e-06 0 4.506404e-05 0 0.0002703842 0 4.184518e-05 3.21886e-06 0.0002736031 9.65658e-06 0.001425955 1.60943e-05 0 3.21886e-06
2.896974e-05 0.01484216 6.43772e-05 7.725264e-05 9.012808e-05 0.000276822 0.000437765 0.0007660887 0.0008529979 0.0007693075 0.09313449 0.0006630851 0.04998568 0.002800408 3.21886e-05 0.0001190978 2.253202e-05 0.003634093 7.403378e-05 0.0006598663 0.0004120141 0.003257486 0.001718871 0.001036473 0.03932803 0.002520367 0.006518191 0.0003830443 0.0009914089 5.472062e-05 0.002755344 0.0005246742 3.21886e-06 0.004831509 0.0005214553 0.006862609 0.03589351 0.04553399 0.01638722 0.0002703842 0.000206007 0.01686683 3.21886e-05 3.21886e-06 5.150176e-05 0 9.65658e-06 0 3.21886e-06 2.896974e-05 1.287544e-05 2.253202e-05 2.253202e-05 0.01446556 9.65658e-06 0.005813261 3.21886e-06 0 9.65658e-06 0 0.0001255355 7.403378e-05 1.60943e-05 3.21886e-06 1.931316e-05 1.287544e-05 8.690922e-05 0.001458144 0.001854063 0.0007049303 0.0001287544 3.21886e-05 9.65658e-06 0.0006276777 9.65658e-06 0 0.0006405531 9.334694e-05 4.82829e-05 0.005736008 0.0005536439 3.540746e-05 3.21886e-06 1.287544e-05 0.001046129 6.43772e-06
0.07214753 0.0003508557 0.02824228 0.003035385 0.0002317579 0.02467256 0.2568876 0.1192845 0.003627655 0.05490088 0.01724343 0.03124547 0.002800408 0.2102366 0.00124248 0.0001062224 0.02716074 0.005468843 0.01109219 0.03298366 0.018193 0.0001866939 0.05111871 0.01308788 6.115834e-05 0.01429496 0.005204897 0.06779885 0.1160882 0.07835671 0.0001223167 0.01468766 0.0002832597 0.05932359 0.0002221013 0.02527771 0.001190978 0.07025806 0.00178003 0.005269274 0.01245699 2.896974e-05 0.0004152329 1.931316e-05 4.82829e-05 2.575088e-05 0.0002800408 0 7.403378e-05 0.001110507 0.0002800408 0.001268231 0.0006791794 1.287544e-05 0.0001545053 1.287544e-05 0.0001866939 9.65658e-06 5.150176e-05 6.43772e-06 0 3.540746e-05 0.0003154483 3.862632e-05 8.04715e-05 3.540746e-05 0.003267143 1.60943e-05 0.0001866939 0.0005633005 0.005014984 0.0006115834 7.725264e-05 6.43772e-06 3.21886e-05 2.896974e-05 0.0003251049 3.21886e-06 0.0002381956 2.575088e-05 0.0005954891 4.82829e-05 0.0001770373 2.253202e-05 3.21886e-06 0
9.65658e-06 0.000160943 3.21886e-05 0.006363686 0.009637267 0.01207716 0.003041823 0.004718849 0.02927875 0.003183452 6.759606e-05 0.01936466 3.21886e-05 0.00124248 0.004709192 6.43772e-06 6.43772e-06 1.287544e-05 8.690922e-05 0.008542854 9.65658e-06 0.00200535 4.184518e-05 0.03498257 3.540746e-05 0.000160943 0.0004216707 0.01497736 0.00143883 0.0003411992 3.21886e-06 0.00101716 5.793948e-05 0.0003766066 1.60943e-05 0.0006373343 3.540746e-05 0.0008787488 9.012808e-05 0.03598364 8.04715e-05 6.43772e-06 6.43772e-06 0 6.43772e-06 0 0.0004281084 3.21886e-06 6.759606e-05 6.43772e-05 8.369036e-05 0.0009914089 0.0007081492 0 0.0003057917 0 6.115834e-05 0.0001094412 3.21886e-06 3.21886e-06 0 0 0.0006598663 3.21886e-06 1.287544e-05 0 0.0004023575 0 1.60943e-05 2.253202e-05 0.001409861 5.472062e-05 0 0 0 3.21886e-06 5.793948e-05 0 1.287544e-05 0 4.82829e-05 9.65658e-06 0.0005504251 0 0 0
3.540746e-05 0.0001319733 0.0003540746 3.21886e-06 0 2.896974e-05 0.0007596509 8.04715e-05 0.001145914 6.115834e-05 0.0001995693 0 0.0001190978 0.0001062224 6.43772e-06 0.02268974 0.0006019268 7.403378e-05 0.0005729571 9.65658e-06 0.04935478 0.1056237 0.0337079 0.03618642 1.287544e-05 0.0006695229 0.01864364 0.02627555 0.0004442027 0.00974027 0 9.65658e-06 0.0001255355 0.008172685 0.0004892667 0.07033209 0.03002231 0.02424445 0.007229559 3.862632e-05 1.60943e-05 1.287544e-05 0.0004506404 0.0002156636 7.403378e-05 3.540746e-05 0 0 0 0.000827247 9.334694e-05 0.0001094412 3.21886e-05 6.43772e-06 0 0 0.0001287544 1.287544e-05 0.03441927 9.978466e-05 9.65658e-06 3.862632e-05 3.21886e-06 0.009701644 0.01322308 0.0251747 0.007593291 3.21886e-06 8.04715e-05 0.01326814 0.007908739 0.0009720957 0.005214553 0 9.65658e-06 0.000115879 0.0005343308 4.184518e-05 0.004541811 0.0006373343 0.001203854 0.000160943 2.253202e-05 4.184518e-05 3.21886e-06 3.540746e-05
0.004792882 0.006028925 0.2810805 2.896974e-05 1.60943e-05 0.0001963505 0.006869047 0.01533787 0.0001738184 0.000276822 0.002523586 3.862632e-05 2.253202e-05 0.02716074 6.43772e-06 0.0006019268 0.002552556 0.001284325 0.01195485 6.115834e-05 0.006469908 0.0004023575 0.02634315 0.0009302505 9.65658e-06 0.01668657 0.2614358 0.003074011 0.02212644 0.00900637 3.21886e-06 0.0008690922 0.003093324 0.01520911 3.540746e-05 0.01553422 0.01665116 0.03591926 0.004174861 2.253202e-05 4.82829e-05 0 5.472062e-05 6.43772e-06 0.001393766 0.005359402 0 0 0 0.0001190978 1.60943e-05 2.575088e-05 9.65658e-06 0 3.21886e-06 2.253202e-05 3.21886e-05 6.43772e-06 0.0002800408 0.0001416298 0 0.0001995693 0 0.0001190978 0.0001480676 0.0005375496 0.0006566474 9.65658e-06 0.003740315 0.02313717 0.0005697382 5.150176e-05 7.725264e-05 0 0 0 0.0001899127 3.21886e-06 0.0002092259 0.000160943 0.0003154483 3.862632e-05 1.60943e-05 3.21886e-06 0 0
3.862632e-05 0.001886252 0.0008851865 2.896974e-05 0.0001030035 0.0003122294 0.0005117987 0.001181322 0.0003605123 0.0006502097 0.02210391 0.0006051457 0.003634093 0.005468843 1.287544e-05 7.403378e-05 0.001284325 0.002552556 0.005185583 0.0005214553 0.0004506404 0.0009399071 0.0006341154 0.0006051457 0.00516627 0.05820986 0.0603665 0.0003090106 0.003943103 0.0001287544 0.00519524 0.001615868 0.0002414145 0.02685495 2.253202e-05 0.008295002 0.07892645 0.1332254 0.03611561 1.931316e-05 0.0009495637 0.0003572935 4.184518e-05 0 6.115834e-05 9.65658e-06 3.21886e-06 0 6.43772e-06 2.575088e-05 3.540746e-05 9.65658e-06 1.931316e-05 0.002903412 3.21886e-05 0.004425932 1.287544e-05 0 9.65658e-06 3.21886e-06 0.0001738184 0.002027882 3.21886e-05 3.21886e-06 1.60943e-05 9.65658e-06 5.793948e-05 0.0004796101 0.009299286 0.007448442 5.150176e-05 1.931316e-05 6.43772e-06 0.0006759606 3.862632e-05 0 0.0006566474 3.21886e-06 0.0001062224 0.0002929163 0.0005568628 0.0001770373 4.184518e-05 6.43772e-06 1.287544e-05 0
0.0004248895 0.01138189 0.01138833 3.540746e-05 0.0001480676 0.0003572935 0.001345483 0.00231436 0.002967789 0.0008304659 0.004474215 0.0006984926 7.403378e-05 0.01109219 8.690922e-05 0.0005729571 0.01195485 0.005185583 0.003257486 0.0006598663 0.002977445 0.002581526 0.008990276 0.006411969 0.00138411 0.08532232 0.08951328 0.001815437 0.01284969 0.001847626 1.931316e-05 0.002436677 0.001361578 0.0552131 0.0001062224 0.0474299 0.06490187 0.1320505 0.03902868 7.725264e-05 0.0005890514 1.931316e-05 0.0001931316 3.21886e-06 0.003196328 0.0005375496 9.65658e-06 3.21886e-06 9.65658e-06 8.690922e-05 2.253202e-05 8.690922e-05 5.472062e-05 0.0002381956 6.759606e-05 0.0006566474 8.04715e-05 0 0.000138411 0.00036695 0.0001126601 0.00804715 8.04715e-05 5.793948e-05 7.081492e-05 0.0001190978 0.0002864785 0.0009720957 0.01974449 0.03789564 0.0002864785 8.369036e-05 3.21886e-05 5.793948e-05 4.82829e-05 3.21886e-06 0.002761782 1.931316e-05 0.001216729 0.0009849711 0.00406542 0.00101716 3.862632e-05 9.65658e-06 4.184518e-05 9.65658e-06
2.253202e-05 1.287544e-05 7.081492e-05 0.05035906 0.0008336847 0.04320998 0.001760716 0.03607054 0.02892146 0.08501331 0.0022017 0.1115592 0.0006598663 0.03298366 0.008542854 9.65658e-06 6.115834e-05 0.0005214553 0.0006598663 0.0379407 1.931316e-05 1.60943e-05 4.506404e-05 0.01375419 6.43772e-06 0.0002961351 0.0002285391 0.06566474 0.03964992 3.862632e-05 3.21886e-06 0.010001 6.43772e-06 0.01070593 0.0001190978 0.007377627 0.0001641619 0.02578629 0.001480676 0.006450595 0.001982818 1.931316e-05 0.000115879 1.60943e-05 6.43772e-06 3.21886e-06 0.004364774 9.65658e-06 0.0006373343 0.001287544 0.001654494 0.00861045 0.007805735 1.287544e-05 0.002143761 6.43772e-06 0.0007499944 0.0004989233 6.43772e-06 9.65658e-06 3.21886e-06 1.60943e-05 0.005742446 5.472062e-05 9.65658e-06 1.287544e-05 0.00533687 3.21886e-06 2.575088e-05 4.506404e-05 0.01912647 0.001306857 2.253202e-05 0 0.000115879 9.65658e-06 0.0007499944 3.21886e-06 0.0001255355 9.65658e-06 0.0009849711 6.115834e-05 0.001409861 3.862632e-05 0 6.43772e-06
0.006215619 6.115834e-05 0.02394832 1.287544e-05 3.21886e-06 0.0001223167 0.02133782 0.00773492 0.002008569 0.0001705996 0.001763935 6.43772e-06 0.0004120141 0.018193 9.65658e-06 0.04935478 0.006469908 0.0004506404 0.002977445 1.931316e-05 0.1810544 0.02643328 0.3417689 0.01001709 3.21886e-06 0.002893755 0.01330355 0.07132994 0.02258674 0.2680409 3.21886e-06 0.0003637312 0.001854063 0.1495096 0.002320798 0.2242161 0.04452005 0.2732394 0.04031622 9.978466e-05 9.65658e-05 0.0001126601 0.001120163 0.0004667347 3.21886e-05 5.472062e-05 0 3.21886e-06 9.65658e-06 0.001461362 0.0001416298 0.0002542899 5.793948e-05 6.43772e-06 3.21886e-06 0 0.0002896974 3.862632e-05 0.01182287 9.334694e-05 3.21886e-06 3.21886e-05 0 0.01250205 0.008343285 0.00262659 0.01403423 3.21886e-06 0.0001094412 0.001339046 0.01361578 0.002056852 0.00852676 0 2.253202e-05 0.0002285391 0.0008916242 8.04715e-05 0.006440939 0.0005407685 0.001902346 0.0002896974 8.04715e-05 9.65658e-05 0 2.896974e-05
2.253202e-05 0.03532699 0.00454503 7.081492e-05 0.0001223167 0.0001190978 0.002600839 0.0002864785 0.09790163 0.0002027882 0.00635403 5.793948e-05 0.003257486 0.0001866939 0.00200535 0.1056237 0.0004023575 0.0009399071 0.002581526 1.60943e-05 0.02643328 0.01209004 0.0467475 0.2089684 0.008793925 0.01154605 0.1038115 0.02455024 0.0005568628 0.008378692 0.0003090106 2.575088e-05 9.012808e-05 0.004763913 9.334694e-05 0.01574023 0.007844362 0.03780551 0.001825094 0.0004248895 1.60943e-05 0.0005472062 4.184518e-05 0.0002285391 0.0001351921 0.0003862632 9.65658e-06 3.21886e-06 0 0.0009946277 0.0001094412 0.000276822 7.403378e-05 4.82829e-05 0 3.862632e-05 0.0001899127 2.253202e-05 0.03070149 0.0001480676 1.287544e-05 0.0002188825 1.931316e-05 0.01023919 0.002092259 0.01051923 0.01127245 2.575088e-05 0.0004152329 0.01486791 0.01052889 0.000943126 0.006080426 9.65658e-06 6.43772e-06 0.0001190978 0.0005858325 4.184518e-05 0.004561125 0.0005536439 0.001310076 0.0001866939 2.896974e-05 5.793948e-05 6.43772e-06 4.82829e-05
0.01681854 0.0007339001 0.2988325 4.506404e-05 6.43772e-06 0.0003540746 0.05467877 0.0234848 0.0008916242 0.0006598663 0.003592248 9.65658e-06 0.001718871 0.05111871 4.184518e-05 0.0337079 0.02634315 0.0006341154 0.008990276 4.506404e-05 0.3417689 0.0467475 0.1676382 0.02208782 1.931316e-05 0.03393966 0.2957231 0.1400075 0.04034841 0.1803366 9.65658e-06 0.001310076 0.004020356 0.1454828 0.00338946 0.5712865 0.1734837 0.4612691 0.1025336 0.0009592203 0.0001062224 0.0002961351 0.003173796 0.000160943 0.000527893 0.001207072 1.60943e-05 0 9.65658e-06 0.001107288 0.0001351921 0.0002188825 6.115834e-05 1.60943e-05 3.21886e-06 3.21886e-06 0.000206007 9.65658e-06 0.03685595 0.0001190978 9.65658e-06 4.506404e-05 9.65658e-06 0.01046129 0.01264046 0.03119719 0.005896951 3.21886e-06 0.0001995693 0.04681832 0.007078273 0.0009205939 0.005945234 0 9.65658e-06 7.403378e-05 0.0006341154 0.0001545053 0.004281084 0.0007725264 0.001261793 0.0001802562 5.472062e-05 6.115834e-05 1.287544e-05 5.472062e-05
0.001107288 0.02942682 0.001281106 0.02361356 0.002208138 0.003910915 0.04820243 0.007329344 0.1912679 0.01116301 0.002864785 0.006431282 0.001036473 0.01308788 0.03498257 0.03618642 0.0009302505 0.0006051457 0.006411969 0.01375419 0.01001709 0.2089684 0.02208782 0.1664472 0.00375641 0.01499023 0.109879 0.1533561 0.04818633 0.09869668 0.0001287544 0.001087975 0.006231713 0.01951273 0.001200635 0.07123337 0.009466667 0.05103181 0.0075096 0.004284303 0.0007403378 0.0001545053 0.0004957044 0.0008980619 0.0001351921 6.43772e-05 0.002224232 2.575088e-05 0.000827247 0.01973483 0.004789664 0.03615423 0.0060418 5.472062e-05 0.001380891 3.540746e-05 0.003778942 0.0002929163 0.003093324 0.0001448487 7.081492e-05 0.0004055764 0.002967789 0.004332585 0.01188081 0.0007339001 0.09203364 6.759606e-05 0.0009463448 0.002787533 0.1114627 0.01326814 0.007210246 0 0.0004409838 0.0008819676 0.006411969 0.0001641619 0.01071558 0.0003476369 0.01425955 0.0008755299 0.00225964 0.0009205939 1.60943e-05 0.0001577241
0 0.01211579 1.287544e-05 0 1.287544e-05 6.43772e-06 2.896974e-05 1.287544e-05 0.002958132 6.43772e-06 0.01889471 1.287544e-05 0.03932803 6.115834e-05 3.540746e-05 1.287544e-05 9.65658e-06 0.00516627 0.00138411 6.43772e-06 3.21886e-06 0.008793925 1.931316e-05 0.00375641 0.001490332 0.033724 0.03601904 6.759606e-05 4.82829e-05 0 0.007197371 2.253202e-05 0 0.0003701689 9.65658e-06 0.0006405531 0.01005894 0.01649022 0.007429129 9.65658e-06 4.506404e-05 0.01357393 1.287544e-05 0 4.82829e-05 3.21886e-06 0 0 3.21886e-06 0 0 3.21886e-06 1.287544e-05 0.00810187 1.287544e-05 0.005124425 9.65658e-06 0 9.65658e-06 0 8.04715e-05 0.0004892667 0 0 1.287544e-05 3.21886e-06 1.287544e-05 0.0002736031 0.00276822 0.002394832 1.287544e-05 3.21886e-06 9.65658e-06 0.0005021422 6.43772e-06 0 0.0004474215 0 4.184518e-05 0.0007918395 0.0003057917 4.82829e-05 9.65658e-06 3.21886e-06 5.472062e-05 0
0.002037538 0.03203088 0.09416775 9.65658e-05 6.43772e-05 0.0005343308 0.02651375 0.01288188 0.007380846 0.0009914089 0.02483994 0.0002414145 0.002520367 0.01429496 0.000160943 0.0006695229 0.01668657 0.05820986 0.08532232 0.0002961351 0.002893755 0.01154605 0.03393966 0.01499023 0.033724 0.2932607 0.3527323 0.007496725 0.007545008 0.003598685 0.002990321 0.001374453 0.0004442027 0.01590439 0.0001673807 0.08445001 0.1889535 0.1570578 0.05066807 9.978466e-05 0.0005182365 0.0003733878 0.0003379803 1.931316e-05 0.005220991 0.0007789641 2.896974e-05 9.65658e-06 7.725264e-05 0.0003379803 0.0001319733 0.0002381956 0.0002607277 0.01085721 0.0002671654 0.01894621 0.0001995693 9.65658e-06 0.0001641619 0.0004442027 0.0007950584 0.02307279 0.0002478522 5.150176e-05 0.0002124448 0.000299354 0.001454925 0.005990298 0.06032787 0.08676115 0.001290763 0.0003508557 0.0002092259 0.002575088 0.000160943 0 0.006592225 3.21886e-05 0.002388394 0.002140542 0.00779286 0.002282172 0.0001899127 2.253202e-05 0.0001126601 3.21886e-06
0.0006180211 0.08759805 0.1213092 5.150176e-05 8.690922e-05 0.0002349768 0.006637289 0.002233889 0.01839578 0.0006373343 0.03316391 0.0002027882 0.006518191 0.005204897 0.0004216707 0.01864364 0.2614358 0.0603665 0.08951328 0.0002285391 0.01330355 0.1038115 0.2957231 0.109879 0.03601904 0.3527323 0.1607981 0.03508235 0.004393744 0.002211357 0.0001416298 0.0009270317 0.0001770373 0.137661 0.0007467755 0.2983915 0.1951756 0.3825679 0.04796745 0.0007982773 0.0002510711 0.00062124 0.001574023 5.793948e-05 0.03702655 0.05612082 3.862632e-05 6.43772e-06 3.540746e-05 0.001850844 0.0004152329 0.0003605123 0.0003637312 0.007686638 0.0002510711 0.01180678 0.000437765 1.931316e-05 0.01555997 0.001992474 0.0005793948 0.02579594 0.0002188825 0.0008916242 0.01400848 0.04529258 0.005465624 0.008249938 0.1028587 0.5234864 0.007847581 0.0004699536 0.0007435566 0.001541834 0.0001448487 2.896974e-05 0.01026494 0.000138411 0.006415188 0.005185583 0.01380891 0.002877661 0.0001738184 3.21886e-05 0.000160943 3.21886e-05
0.00508258 0.0007886207 0.01811252 0.09564842 0.001165227 0.04663806 0.4528807 0.05955535 0.1067696 0.1313745 0.001033254 0.009315381 0.0003830443 0.06779885 0.01497736 0.02627555 0.003074011 0.0003090106 0.001815437 0.06566474 0.07132994 0.02455024 0.1400075 0.1533561 6.759606e-05 0.007496725 0.03508235 0.3097509 0.145647 0.4036064 9.65658e-06 0.005143738 0.01918119 0.0856603 0.003402335 0.1794096 0.01216085 0.1633925 0.02134104 0.002971008 0.001557928 0.0001673807 0.001313295 0.001020379 5.150176e-05 5.793948e-05 0.006360467 4.506404e-05 0.00189269 0.02171121 0.00779286 0.03421648 0.01563078 5.472062e-05 0.00355684 1.931316e-05 0.004889448 0.0005954891 0.003080449 0.0001802562 5.793948e-05 0.000138411 0.00813084 0.00403645 0.007953803 0.0007660887 0.07587497 4.184518e-05 0.0002317579 0.001293982 0.1130946 0.01353852 0.007464536 0 0.0007178058 0.0007017115 0.006292871 0.0001287544 0.008562167 0.0002188825 0.01239583 0.0008079338 0.002613714 0.0007306812 1.60943e-05 0.000138411
0.03120363 0.0003251049 0.01010078 0.005156614 0.0001770373 0.01458465 0.1474849 0.02982274 0.009151219 0.06252314 0.01197738 0.01715652 0.0009914089 0.1160882 0.00143883 0.0004442027 0.02212644 0.003943103 0.01284969 0.03964992 0.02258674 0.0005568628 0.04034841 0.04818633 4.82829e-05 0.007545008 0.004393744 0.145647 0.1737347 0.1068114 6.759606e-05 0.006231713 0.04134947 0.08603691 0.0007049303 0.06725486 0.001062224 0.09675893 0.006164117 0.001281106 0.003775723 6.115834e-05 0.0007660887 0.0001448487 2.575088e-05 4.184518e-05 0.0003476369 3.21886e-06 0.0001190978 0.004110484 0.0006856172 0.003373365 0.001171665 1.931316e-05 0.0002092259 6.43772e-06 0.0006920549 6.43772e-05 9.012808e-05 3.21886e-06 6.43772e-06 7.081492e-05 0.0005761759 0.000138411 0.0004216707 7.403378e-05 0.01339046 1.931316e-05 0.0001866939 0.0004409838 0.01668013 0.002449552 0.0005922702 0 0.0001480676 0.0001416298 0.00115879 1.60943e-05 0.001171665 2.575088e-05 0.00242702 0.0001480676 0.0004763913 0.0001319733 6.43772e-06 1.60943e-05
0.0353463 3.540746e-05 0.02096765 5.472062e-05 9.65658e-06 0.00036695 0.07706273 0.02460497 0.02648156 0.0007274623 0.0003927009 2.896974e-05 5.472062e-05 0.07835671 0.0003411992 0.00974027 0.00900637 0.0001287544 0.001847626 3.862632e-05 0.2680409 0.008378692 0.1803366 0.09869668 0 0.003598685 0.002211357 0.4036064 0.1068114 0.1709601 0 0.001104069 0.009405509 0.01529602 0.0002575088 0.02895686 0.005745665 0.01710502 0.002552556 9.978466e-05 0.000115879 1.287544e-05 0.0001448487 0.001133039 1.931316e-05 7.403378e-05 3.862632e-05 6.43772e-06 0.0001738184 0.01051602 0.001239261 0.007387284 0.0003186671 1.60943e-05 5.472062e-05 9.65658e-06 0.00189269 9.012808e-05 0.003376584 0.0001190978 5.472062e-05 6.43772e-05 9.65658e-05 0.005021422 0.008085776 0.0005504251 0.06172164 1.60943e-05 9.978466e-05 0.0005954891 0.06799842 0.01115013 0.009572889 0 0.0002478522 0.001036473 0.00485726 0.0001899127 0.01324561 0.000299354 0.01208038 0.0009463448 0.001429174 0.0007467755 6.43772e-06 9.334694e-05
0 0.001001065 3.862632e-05 0 6.43772e-06 3.21886e-06 6.43772e-06 3.862632e-05 9.012808e-05 2.575088e-05 0.009408728 1.931316e-05 0.002755344 0.0001223167 3.21886e-06 0 3.21886e-06 0.00519524 1.931316e-05 3.21886e-06 3.21886e-06 0.0003090106 9.65658e-06 0.0001287544 0.007197371 0.002990321 0.0001416298 9.65658e-06 6.759606e-05 0 0 4.506404e-05 0 0.0007564321 0 5.150176e-05 0.007013896 0.005661975 0.0008111527 3.21886e-06 3.540746e-05 0.0007017115 0 0 9.65658e-06 0 0 0 0 0 0 3.21886e-06 3.21886e-06 0.003286456 0 0.001644837 6.43772e-06 0 0 0 2.253202e-05 2.896974e-05 0 0 3.21886e-06 0 3.21886e-06 0.0002027882 0.0004989233 0.0001287544 6.43772e-06 6.43772e-06 3.21886e-06 0.0002156636 0 0 0.0001223167 0 3.21886e-06 0.0007499944 0.0001062224 3.21886e-06 3.21886e-06 0 5.472062e-05 0
0.0003894821 9.334694e-05 0.001165227 0.0008175904 1.931316e-05 0.01696983 0.01415655 0.03192143 0.0005858325 0.01424667 0.005201678 0.01860823 0.0005246742 0.01468766 0.00101716 9.65658e-06 0.0008690922 0.001615868 0.002436677 0.010001 0.0003637312 2.575088e-05 0.001310076 0.001087975 2.253202e-05 0.001374453 0.0009270317 0.005143738 0.006231713 0.001104069 4.506404e-05 9.012808e-05 4.184518e-05 0.01443337 7.081492e-05 0.004680222 0.0001738184 0.01545053 0.0002671654 0.00742591 0.006582569 9.65658e-06 5.793948e-05 6.43772e-06 3.21886e-06 1.931316e-05 7.725264e-05 0 1.931316e-05 0.0001995693 6.43772e-05 0.0002414145 0.0001931316 6.43772e-06 3.862632e-05 0 2.253202e-05 1.931316e-05 0 3.21886e-06 0 9.65658e-06 0.0001094412 1.287544e-05 3.21886e-06 3.21886e-06 0.0004152329 3.21886e-06 3.862632e-05 8.690922e-05 0.0009334694 9.978466e-05 9.65658e-06 3.21886e-06 3.21886e-06 0 3.540746e-05 3.21886e-06 2.253202e-05 6.43772e-06 0.0001030035 6.43772e-06 3.540746e-05 3.21886e-06 0 0
0.000160943 2.253202e-05 0.0004442027 6.43772e-06 6.43772e-06 1.287544e-05 0.001908784 0.0001673807 0.0005021422 5.793948e-05 0.0003733878 0 3.21886e-06 0.0002832597 5.793948e-05 0.0001255355 0.003093324 0.0002414145 0.001361578 6.43772e-06 0.001854063 9.012808e-05 0.004020356 0.006231713 0 0.0004442027 0.0001770373 0.01918119 0.04134947 0.009405509 0 4.184518e-05 0.001371234 0.01038082 2.896974e-05 0.003772504 8.690922e-05 0.004876573 0.0002961351 0 8.690922e-05 0 2.253202e-05 1.931316e-05 6.43772e-06 0 3.21886e-06 0 0 0.0001995693 2.896974e-05 0.0001705996 9.65658e-06 0 0 0 4.506404e-05 0 2.896974e-05 0 0 3.21886e-06 9.65658e-06 1.931316e-05 8.04715e-05 9.65658e-06 0.0009334694 3.21886e-06 9.65658e-06 3.21886e-05 0.0009720957 0.000206007 0.0001287544 0 3.21886e-06 0 7.725264e-05 0 0.0001416298 0 0.0001738184 9.65658e-06 2.896974e-05 2.575088e-05 3.21886e-06 9.65658e-06
0.001133039 0.004982795 0.05670022 0.001364797 0.002098697 0.004628721 0.02390004 0.008774612 0.002388394 0.0140632 0.08627188 0.007561102 0.004831509 0.05932359 0.0003766066 0.008172685 0.01520911 0.02685495 0.0552131 0.01070593 0.1495096 0.004763913 0.1454828 0.01951273 0.0003701689 0.01590439 0.137661 0.0856603 0.08603691 0.01529602 0.0007564321 0.01443337 0.01038082 0.03357915 8.690922e-05 0.007525695 0.008211312 0.06112615 0.003788598 0.0002736031 0.0005246742 0.000138411 4.184518e-05 6.759606e-05 0.0004313272 0.001541834 0.0001287544 0 5.150176e-05 0.001454925 0.0002221013 0.001004284 0.0003315426 9.334694e-05 9.012808e-05 8.04715e-05 0.0002381956 1.931316e-05 0.0008401224 3.862632e-05 1.931316e-05 0.0002575088 0.0001963505 0.0006920549 0.0006308965 0.0007918395 0.004895886 3.540746e-05 0.001062224 0.009283192 0.006028925 0.000943126 0.000782183 1.287544e-05 1.287544e-05 7.081492e-05 0.0004731724 9.65658e-06 0.0007725264 0.0001223167 0.0009044996 0.0001190978 0.0001448487 4.82829e-05 3.21886e-06 1.287544e-05
3.862632e-05 2.575088e-05 0.0002381956 1.931316e-05 6.43772e-06 9.012808e-05 0.0006469908 0.000138411 9.012808e-05 0.0002027882 2.575088e-05 3.862632e-05 0.0005214553 0.0002221013 1.60943e-05 0.0004892667 3.540746e-05 2.253202e-05 0.0001062224 0.0001190978 0.002320798 9.334694e-05 0.00338946 0.001200635 9.65658e-06 0.0001673807 0.0007467755 0.003402335 0.0007049303 0.0002575088 0 7.081492e-05 2.896974e-05 8.690922e-05 0.524481 0.2139222 0.00657935 0.005047172 0.005942015 2.575088e-05 0.0007049303 0.0009366882 0.003009634 1.287544e-05 3.21886e-06 1.287544e-05 0 0 0 6.115834e-05 1.287544e-05 5.793948e-05 6.43772e-06 1.931316e-05 3.21886e-06 4.506404e-05 1.287544e-05 3.21886e-06 2.896974e-05 0 3.21886e-06 9.65658e-06 9.65658e-06 2.253202e-05 2.253202e-05 3.21886e-05 0.0002381956 9.65658e-06 9.978466e-05 9.978466e-05 0.0002832597 2.253202e-05 1.60943e-05 0 0 0 7.081492e-05 0.2489338 0.001747841 0.0001899127 0.0009592203 0.00107188 1.287544e-05 3.21886e-06 0.0002188825 6.115834e-05
0.007966678 0.008707016 0.09014417 0.001561147 0.001097631 0.005156614 0.03172186 0.01477779 0.005497813 0.01184862 0.00341521 0.004068639 0.006862609 0.02527771 0.0006373343 0.07033209 0.01553422 0.008295002 0.0474299 0.007377627 0.2242161 0.01574023 0.5712865 0.07123337 0.0006405531 0.08445001 0.2983915 0.1794096 0.06725486 0.02895686 5.150176e-05 0.004680222 0.003772504 0.007525695 0.2139222 0.03476047 0.6507537 0.1179583 0.03340211 0.03318001 0.01658035 0.008993495 0.003205985 0.0002703842 0.001007503 0.002565431 0.0001190978 0 5.472062e-05 0.004355118 0.0005536439 0.002249983 0.0005375496 4.506404e-05 9.65658e-05 9.65658e-05 0.0007145869 2.575088e-05 0.004107265 0.0001480676 2.575088e-05 0.0005182365 0.0001931316 0.002175949 0.00248496 0.0029356 0.01693442 0.0001416298 0.003260705 0.01960929 0.01731103 0.002864785 0.002938819 9.65658e-06 8.369036e-05 0.0002317579 0.00141308 0.007123337 0.00381113 0.0003315426 0.003289675 0.0007628698 0.0003411992 0.0001190978 4.506404e-05 0.0001030035
0.0001448487 0.02283459 0.0800788 2.575088e-05 3.21886e-05 9.978466e-05 0.001702777 0.0006341154 0.001042911 0.0002156636 0.08088029 0.0001287544 0.03589351 0.001190978 3.540746e-05 0.03002231 0.01665116 0.07892645 0.06490187 0.0001641619 0.04452005 0.007844362 0.1734837 0.009466667 0.01005894 0.1889535 0.1951756 0.01216085 0.001062224 0.005745665 0.007013896 0.0001738184 8.690922e-05 0.008211312 0.00657935 0.6507537 0.05836759 0.1308016 0.04796745 0.002549337 0.0004248895 0.003154483 0.003772504 6.43772e-06 0.0004892667 0.001097631 0 0 3.21886e-06 0.0001448487 1.60943e-05 2.575088e-05 2.575088e-05 0.0053079 9.65658e-06 0.002433458 2.253202e-05 0 0.0007789641 2.896974e-05 3.21886e-05 0.0006823983 1.287544e-05 0.0001705996 0.0003508557 0.0009238128 0.0006469908 0.0003379803 0.003025728 0.008687703 0.0006502097 0.0001030035 0.0001770373 0.0001545053 6.43772e-06 6.43772e-06 0.0005633005 0.000460297 0.0003830443 0.003833662 0.0009012808 0.0001480676 9.65658e-06 1.60943e-05 0.001815437 1.287544e-05
0.00398173 0.07106277 0.1037278 0.003891602 0.002018225 0.01063189 0.06010577 0.01789364 0.007178058 0.0328034 0.1931445 0.0145074 0.04553399 0.07025806 0.0008787488 0.02424445 0.03591926 0.1332254 0.1320505 0.02578629 0.2732394 0.03780551 0.4612691 0.05103181 0.01649022 0.1570578 0.3825679 0.1633925 0.09675893 0.01710502 0.005661975 0.01545053 0.004876573 0.06112615 0.005047172 0.1179583 0.1308016 0.05605966 0.02032066 0.002410926 0.002761782 0.009962372 0.001516083 0.0001931316 0.001689901 0.003241392 0.000344418 1.931316e-05 0.0001512864 0.005121206 0.0007854018 0.002980664 0.001223167 0.0007178058 0.0002510711 0.001474238 0.0009366882 4.82829e-05 0.002266077 0.0001577241 8.369036e-05 0.00172209 0.0005343308 0.00143883 0.001512864 0.001866939 0.01615868 0.0004506404 0.006811108 0.02657169 0.01854063 0.002938819 0.001561147 0.0002156636 0.000160943 0.000160943 0.001883033 0.0001512864 0.001915222 0.0004184518 0.003524652 0.0003733878 0.0004570781 0.000183475 0.0001738184 2.896974e-05
0.00062124 0.005320775 0.007480631 0.0002639465 2.896974e-05 0.0005729571 0.006672697 0.001104069 0.00115879 0.002159855 0.0211286 0.0005761759 0.01638722 0.00178003 9.012808e-05 0.007229559 0.004174861 0.03611561 0.03902868 0.001480676 0.04031622 0.001825094 0.1025336 0.0075096 0.007429129 0.05066807 0.04796745 0.02134104 0.006164117 0.002552556 0.0008111527 0.0002671654 0.0002961351 0.003788598 0.005942015 0.03340211 0.04796745 0.02032066 0.0004442027 0.0004409838 7.081492e-05 0.006791794 0.000321886 2.253202e-05 0.0002800408 0.000299354 2.575088e-05 3.21886e-06 1.60943e-05 0.00062124 9.65658e-05 0.0003830443 0.000115879 0.0001545053 2.253202e-05 0.0002961351 0.0001094412 0 0.0005375496 2.253202e-05 6.43772e-06 0.0006920549 2.896974e-05 0.000183475 0.0002929163 0.0004313272 0.002327236 0.0002027882 0.001847626 0.004470996 0.00231436 0.0004345461 0.0002253202 4.506404e-05 9.65658e-06 2.253202e-05 0.0003379803 0.000160943 0.0003766066 0.0001030035 0.0006856172 0.0001223167 6.759606e-05 2.896974e-05 1.60943e-05 1.287544e-05
1.287544e-05 4.506404e-05 0.0002027882 0.001197416 0.03629908 0.02383888 0.0009720957 0.02014041 0.003334739 0.002037538 9.978466e-05 0.01499667 0.0002703842 0.005269274 0.03598364 3.862632e-05 2.253202e-05 1.931316e-05 7.725264e-05 0.006450595 9.978466e-05 0.0004248895 0.0009592203 0.004284303 9.65658e-06 9.978466e-05 0.0007982773 0.002971008 0.001281106 9.978466e-05 3.21886e-06 0.00742591 0 0.0002736031 2.575088e-05 0.03318001 0.002549337 0.002410926 0.0004409838 0.008488134 0.0007499944 0.0001738184 9.65658e-05 0 0 3.21886e-06 0.0009463448 1.60943e-05 9.65658e-05 0.0001094412 0.000206007 0.0009109374 0.001229604 0 0.0006148022 9.65658e-06 0.0001126601 0.0004055764 6.43772e-06 0 0 3.21886e-06 0.001236042 0 3.21886e-06 6.43772e-06 0.0006502097 1.60943e-05 9.65658e-06 5.793948e-05 0.002208138 0.0001480676 3.21886e-06 0 6.43772e-06 0 8.04715e-05 0 9.65658e-06 3.21886e-06 0.0001062224 1.60943e-05 0.001293982 3.21886e-06 9.65658e-06 0
0.0001094412 9.65658e-06 6.43772e-05 0.000206007 0.005227429 0.003215641 0.001670588 0.004004262 0.0001770373 0.002027882 0.0038401 0.002774657 0.000206007 0.01245699 8.04715e-05 1.60943e-05 4.82829e-05 0.0009495637 0.0005890514 0.001982818 9.65658e-05 1.60943e-05 0.0001062224 0.0007403378 4.506404e-05 0.0005182365 0.0002510711 0.001557928 0.003775723 0.000115879 3.540746e-05 0.006582569 8.690922e-05 0.0005246742 0.0007049303 0.01658035 0.0004248895 0.002761782 7.081492e-05 0.0007499944 2.253202e-05 0.0002478522 0.0001641619 6.43772e-06 6.43772e-06 0 2.575088e-05 0 6.43772e-06 0.0001512864 1.60943e-05 9.978466e-05 4.184518e-05 0 1.60943e-05 0 1.931316e-05 3.21886e-06 6.43772e-06 0 3.21886e-06 0 3.21886e-05 0 3.21886e-06 3.21886e-06 0.0003508557 0 1.287544e-05 1.931316e-05 0.0004120141 7.403378e-05 6.43772e-06 0 3.21886e-06 0 4.506404e-05 3.21886e-06 2.896974e-05 3.21886e-06 5.150176e-05 6.43772e-06 2.253202e-05 3.21886e-06 0 0
