0.004918613 0 0.001158882 1.474404e-05 5.897617e-06 0.0001356452 0.05638417 0.0112733 3.833451e-05 0.0003066761 0.0001769285 2.359047e-05 2.064166e-05 0.05479181 0 0 0.01022942 0.0003332154 0.001554022 4.718094e-05 0.001698514 0 0.005122081 0.0003892427 0 0.001147087 0.0001916726 0.003158174 0.04648502 0.0391189 8.846426e-06 7.372022e-05 0.0002388535 0.001866596 0 0.0001739797 5.307856e-05 0.0009377212 8.551545e-05 2.948809e-06 0 0 0 0 2.948809e-06 0 0 0 0 1.474404e-05 0 0 0 0 0 0 0 0 2.948809e-06 0 0 0 0 0 2.948809e-06 0 5.307856e-05 0 5.897617e-06 1.769285e-05 0.0001091059 0 2.948809e-06 0 0 0 0 0 5.897617e-06 0 2.948809e-06 0 2.948809e-06 0 0 0
0 0.001329913 0.006109932 0 2.948809e-06 5.897617e-06 2.948809e-05 1.179523e-05 0.02136412 5.897617e-06 0.0006487379 2.948809e-06 0.01378568 8.846426e-06 2.948809e-05 0.001209012 0.000477707 5.012975e-05 0.000277188 0 0.0001887238 0.05501887 0.0002565464 0.0293259 0.01958599 0.002429818 0.09819828 0.0008197688 2.948809e-05 5.897617e-06 0.0007372022 5.897617e-06 2.948809e-06 0.0001150035 5.897617e-06 0.0007843831 0.0055703 0.001913777 0.0001032083 3.833451e-05 0 0.01404812 8.846426e-06 2.948809e-06 0.0007666903 0.000663482 0 0 1.179523e-05 2.948809e-05 1.769285e-05 5.897617e-06 0 0.0001002595 0 0.0002683416 5.897617e-06 0 0.0001887238 0.0002211607 0.0002093654 0.0004216796 0 8.846426e-06 7.077141e-05 3.53857e-05 0.0001179523 0.0001946214 0.0009790045 0.03357808 9.436188e-05 2.948809e-06 2.948809e-06 8.256664e-05 0 0 0.0001179523 0 0.0002948809 0.0002978297 0.0003096249 6.487379e-05 0 0 5.897617e-06 0
0.001158882 0.006109932 0.04323248 4.128332e-05 1.474404e-05 0.006646615 0.0388535 0.05172505 3.53857e-05 0.004774121 0.002754187 0.00012385 0.0001975702 0.01580561 9.436188e-05 5.897617e-05 0.3224463 0.005475938 0.01431057 0.0001150035 0.08546237 0.001604152 0.189691 0.00145966 5.897617e-06 0.2757991 0.03988854 0.02664544 0.008480774 0.01296001 0.0002919321 0.0002476999 0.0006074546 0.03516454 0.0001592357 0.06773708 0.03879453 0.09604565 0.006033263 0.0002565464 4.423213e-05 2.064166e-05 0.0001975702 1.179523e-05 0.004538217 0.007964732 0 0 7.961783e-05 0.0002359047 0.0002418023 4.423213e-05 3.24369e-05 1.179523e-05 0 2.064166e-05 0.000138594 2.948809e-06 0.001654282 0.0004747582 4.423213e-05 7.372022e-05 0 0.0001091059 0.001052725 0.001816466 0.0009318235 3.833451e-05 0.001250295 0.1114768 0.001441967 5.307856e-05 1.769285e-05 1.179523e-05 0 0 0.000663482 2.064166e-05 0.001471456 0.0004688606 0.001604152 0.0001592357 8.846426e-06 5.897617e-06 5.897617e-06 2.948809e-06
1.474404e-05 0 4.128332e-05 0.02999528 5.012975e-05 0.002173272 0.0008138712 0.001869545 0.01334041 0.03107749 0.0001326964 0.04532024 0.0001032083 0.001571715 0.00081682 0 8.846426e-06 4.423213e-05 3.24369e-05 0.0520966 2.948809e-06 2.948809e-06 1.179523e-05 0.04283734 0 0.0001474404 3.24369e-05 0.0913246 0.002158528 5.897617e-06 1.179523e-05 5.012975e-05 5.602736e-05 0.001167728 0 0.0005661713 1.179523e-05 0.002919321 0.0003007785 0.001760439 6.78226e-05 0 8.846426e-06 0 0 0 0.0001887238 0 7.077141e-05 0.00170736 8.551545e-05 0.0009465676 0.0001179523 0 0.0004246285 0 5.602736e-05 3.24369e-05 0 0 0 0 3.833451e-05 0 2.948809e-06 5.897617e-06 0.003618188 0 0 1.179523e-05 0.005546709 7.372022e-05 0 0 0 0 4.718094e-05 0 4.423213e-05 0 0.0001267988 1.474404e-05 0.0002860344 3.24369e-05 0 2.948809e-06
5.897617e-06 2.948809e-06 1.474404e-05 5.012975e-05 0.0003921916 0.002471102 0.0003862939 0.0002300071 0.003456004 0.000539632 0.000601557 0.004019226 0.001126445 0.001256192 0.01731835 0 5.897617e-06 8.846426e-05 2.948809e-05 0.000415782 1.179523e-05 5.897617e-06 1.179523e-05 0.001005544 2.948809e-06 0.0002683416 8.551545e-05 0.0004039868 0.004163718 5.897617e-06 5.602736e-05 0.001592357 0 0.003615239 0 0.002282378 3.53857e-05 0.009763506 0.0009524652 0.02795176 0.005812102 2.948809e-06 1.474404e-05 0 0 0 5.897617e-06 0 0 2.948809e-06 0 1.179523e-05 0 0 0 0 0 0 0 0 0 0 0 0 0 0 8.846426e-06 0 0 8.846426e-06 2.948809e-05 0 0 2.948809e-06 0 0 0 0 0 0 0 2.948809e-06 1.179523e-05 0 0 0
0.0001356452 5.897617e-06 0.006646615 0.002173272 0.002471102 0.2431617 0.1519728 0.09496638 0.001604152 0.3180497 0.001851852 0.1557767 0.00232661 0.01598254 0.02228415 0 0.001919674 0.0006104034 0.000492451 0.01503892 0.003037273 8.846426e-06 0.002308917 0.004449752 0 0.003302666 0.001259141 0.06751592 0.0107602 0.001096957 0.0002064166 0.0004570653 0.0003803963 0.01019993 0.0001032083 0.01446686 0.0003892427 0.02996579 0.002367893 0.08397617 0.01207832 5.897617e-06 0.0001150035 0 8.846426e-06 2.359047e-05 5.897617e-06 0 5.897617e-06 0.0003273178 8.846426e-06 7.372022e-05 5.897617e-06 0 1.179523e-05 2.948809e-06 8.846426e-06 5.897617e-06 2.359047e-05 0 0 0 0 1.474404e-05 1.179523e-05 8.846426e-06 0.0008256664 0 5.897617e-06 0.0003273178 0.001043878 2.064166e-05 5.897617e-06 0 0 0 8.846426e-06 0 1.474404e-05 0 4.423213e-05 8.846426e-06 1.179523e-05 2.948809e-06 0 0
0.05638417 2.948809e-05 0.0388535 0.0008138712 0.0003862939 0.1519728 0.2755603 0.3950077 0.00215263 0.2543023 0.003063812 0.001592357 0.001129394 0.2786447 0.00200519 1.474404e-05 0.01359401 0.001388889 0.001958009 0.002356098 0.01969804 6.487379e-05 0.02443973 0.01913482 2.948809e-06 0.01260616 0.004883227 0.4543289 0.09451522 0.05117363 0.0002359047 0.0008816938 0.005310804 0.0285887 6.192498e-05 0.01774003 0.001447865 0.04885291 0.007360226 0.004552961 0.000754895 5.897617e-06 0.0001680821 2.948809e-06 2.653928e-05 0.0001120547 3.53857e-05 0 8.551545e-05 0.002459306 0.0001091059 0.0004659118 5.307856e-05 5.897617e-06 1.474404e-05 5.897617e-06 9.436188e-05 5.897617e-06 0.0001857749 8.846426e-06 0 2.948809e-06 2.948809e-06 3.24369e-05 6.192498e-05 0.0001150035 0.005352088 0 1.769285e-05 0.001324015 0.008070889 0.0001533381 8.256664e-05 0 2.948809e-06 8.846426e-06 0.0001032083 1.474404e-05 0.0002241095 2.064166e-05 0.0003096249 2.948809e-05 4.423213e-05 2.653928e-05 0 5.897617e-06
0.0112733 1.179523e-05 0.05172505 0.001869545 0.0002300071 0.09496638 0.3950077 0.185486 0.0005042463 0.1283469 0.004308209 0.03429759 0.003815758 0.2192085 0.002176221 8.846426e-06 0.08027542 0.004662067 0.01342593 0.01255603 0.02545412 2.948809e-05 0.05208776 0.004464496 0 0.02799894 0.003461901 0.08198868 0.00752536 0.0627536 0.0003450106 0.0002535975 0.0003627035 0.01599139 1.769285e-05 0.03174393 0.002931116 0.0434507 0.003916018 0.06098136 0.004700401 3.833451e-05 0.0001356452 0 1.179523e-05 7.666903e-05 2.948809e-06 0 0 0.0003302666 1.179523e-05 8.846426e-05 2.948809e-06 0 1.179523e-05 2.948809e-06 8.846426e-06 0 0.0001769285 8.846426e-06 2.948809e-06 2.948809e-06 0 5.897617e-05 5.897617e-05 6.78226e-05 0.0008698986 2.948809e-06 1.769285e-05 0.0009819533 0.001279783 2.653928e-05 2.948809e-06 0 0 0 8.846426e-06 2.948809e-06 6.78226e-05 8.846426e-06 4.423213e-05 5.897617e-06 1.179523e-05 2.948809e-06 0 0
3.833451e-05 0.02136412 3.53857e-05 0.01334041 0.003456004 0.001604152 0.00215263 0.0005042463 0.002111347 0.0053226 0.0001179523 0.01973933 0.001194268 0.0005602736 0.02026126 0.0007637414 0.0002093654 4.423213e-05 7.077141e-05 0.01845659 0.001120547 0.06176575 0.0001680821 0.2875531 0.006157113 0.000554376 0.04076138 0.08055261 0.00180762 0.002158528 0.00012385 5.897617e-05 0.0003037273 0.0009347724 0 0.003650625 0.0006811748 0.002226351 0.0005425808 0.008088582 0.0001179523 0.0008551545 2.948809e-05 2.948809e-06 0.0002653928 7.372022e-05 0.0002801368 0 7.372022e-05 0.00282201 0.0001061571 0.000324369 0.0001503892 2.948809e-06 0.0001857749 5.012975e-05 8.551545e-05 7.961783e-05 0.0004836046 2.064166e-05 3.24369e-05 3.833451e-05 4.128332e-05 0.0001592357 7.077141e-05 2.653928e-05 0.02743572 2.064166e-05 0.0001032083 0.002143784 0.02135822 0.0002064166 5.602736e-05 1.769285e-05 5.897617e-06 2.948809e-06 0.0001209012 0 0.0002359047 4.423213e-05 0.0002506487 3.833451e-05 0.0005042463 3.24369e-05 0 0
0.0003066761 5.897617e-06 0.004774121 0.03107749 0.000539632 0.3180497 0.2543023 0.1283469 0.0053226 0.6448897 0.005007077 0.1407407 0.002226351 0.04510498 0.003473697 8.846426e-06 0.001203114 0.001854801 0.001321066 0.1330915 0.002562515 1.179523e-05 0.001495046 0.0119928 2.948809e-06 0.005879925 0.002512385 0.1423803 0.03784501 0.0006693796 0.0004865534 0.00111465 0.0004570653 0.0236406 4.128332e-05 0.00388653 0.0003627035 0.05908528 0.003977943 0.009079382 0.0006900212 2.359047e-05 0.0001120547 2.948809e-06 5.897617e-06 8.846426e-06 0.0001356452 0 8.551545e-05 0.002273531 7.372022e-05 0.0006870724 5.897617e-05 2.948809e-06 0.0002742392 0 4.423213e-05 2.948809e-05 3.833451e-05 8.846426e-06 0 5.897617e-06 1.769285e-05 2.948809e-06 8.846426e-06 1.769285e-05 0.004903869 0 8.846426e-06 0.0002594952 0.00702996 0.00012385 8.846426e-06 0 2.948809e-06 2.948809e-06 6.487379e-05 2.948809e-06 7.077141e-05 2.948809e-06 0.0002418023 2.653928e-05 0.0001621845 4.128332e-05 0 2.948809e-06
0.0001769285 0.0006487379 0.002754187 0.0001326964 0.000601557 0.001851852 0.003063812 0.004308209 0.0001179523 0.005007077 0.1348815 0.003122788 0.04159295 0.01284501 0 5.602736e-05 0.002810215 0.0410946 0.00596544 0.001424275 0.002300071 0.0001710309 0.00839231 0.0005514272 0.002981246 0.06013211 0.01541342 0.002662774 0.008982071 0.0006841236 0.01199575 0.009748762 0.0001474404 0.08065287 2.359047e-05 0.02627094 0.09433239 0.1511441 0.0352648 0.002205709 0.0002683416 0.002869191 2.948809e-05 0 0.0002653928 8.846426e-06 0 0 0 3.24369e-05 0 5.602736e-05 0 0.001674923 0 0.006018519 0 0 5.897617e-06 2.359047e-05 0.0009878509 0.0002182118 0 0 7.372022e-05 2.948809e-06 0.0001032083 0.001326964 0.001309271 0.006419556 0.0001209012 2.948809e-06 0 0.0007932295 0 0 1.179523e-05 0 0.0003037273 0.001987497 0.0001061571 4.718094e-05 2.948809e-06 0 0.000678226 0
2.359047e-05 2.948809e-06 0.00012385 0.04532024 0.004019226 0.1557767 0.001592357 0.03429759 0.01973933 0.1407407 0.003122788 0.1357779 0.001506841 0.02479653 0.03537391 0 5.307856e-05 0.001073366 0.000601557 0.1125177 0 2.948809e-06 3.53857e-05 0.007242274 2.948809e-06 0.00255072 0.001085162 0.09658233 0.00943029 1.474404e-05 0.0002594952 0.0006221986 3.53857e-05 0.009972871 2.948809e-06 0.0007489974 0.0001474404 0.01920264 0.000678226 0.05136235 0.0002211607 5.897617e-06 5.897617e-06 2.948809e-06 0 2.948809e-06 9.731069e-05 0 5.307856e-05 0.001276834 7.077141e-05 0.0006546355 7.961783e-05 0 0.0002270583 0 2.653928e-05 2.948809e-05 0 2.948809e-06 0 2.948809e-06 3.833451e-05 0 0 0 0.003013682 0 0 3.833451e-05 0.004561807 4.423213e-05 0 2.948809e-06 0 2.948809e-06 2.064166e-05 0 3.53857e-05 0 0.0001032083 8.846426e-06 0.000324369 2.064166e-05 0 0
2.064166e-05 0.01378568 0.0001975702 0.0001032083 0.001126445 0.00232661 0.001129394 0.003815758 0.001194268 0.002226351 0.04159295 0.001506841 0.0449369 0.005337344 2.064166e-05 5.897617e-06 0.0002211607 0.0008816938 0.000415782 0.0005868129 0.0001297476 0.002497641 0.0003627035 0.001382991 0.06406877 0.01203704 0.04080856 0.00138594 0.001418377 0.0001739797 0.01399799 0.006183652 0 0.02048243 0.000339113 0.01602383 0.1958422 0.09859932 0.0367687 0.001937367 9.436188e-05 0.01321951 7.372022e-05 0 0.002854447 2.653928e-05 0 0 5.897617e-06 3.53857e-05 8.846426e-06 0.000200519 0 0.01783145 0 0.06899033 2.948809e-06 0 1.474404e-05 4.718094e-05 0.002751238 0.0006251474 0 1.179523e-05 0.0004423213 1.769285e-05 0.0005425808 0.01891956 0.007389715 0.04191142 7.961783e-05 1.179523e-05 1.474404e-05 0.009102972 0 0 0.0001091059 5.602736e-05 0.00069297 0.01982484 0.001147087 0.001058622 3.833451e-05 1.769285e-05 0.004682708 0
0.05479181 8.846426e-06 0.01580561 0.001571715 0.001256192 0.01598254 0.2786447 0.2192085 0.0005602736 0.04510498 0.01284501 0.02479653 0.005337344 0.2545471 0.0001503892 2.064166e-05 0.06731835 0.007059448 0.01628627 0.01086636 0.008516159 2.064166e-05 0.02761559 0.007457537 8.846426e-06 0.02285916 0.005095541 0.06728002 0.0660828 0.08808976 0.0009377212 0.0004659118 0.000415782 0.05219686 8.846426e-06 0.02776303 0.002019934 0.06140304 0.003066761 0.02701404 0.003096249 3.24369e-05 0.000138594 0 2.948809e-06 1.769285e-05 2.948809e-06 0 1.769285e-05 0.0004098844 2.359047e-05 0.0001415428 5.897617e-06 1.474404e-05 1.474404e-05 2.359047e-05 8.846426e-06 0 4.423213e-05 5.897617e-06 1.769285e-05 2.653928e-05 0 1.474404e-05 5.897617e-06 4.718094e-05 0.001023237 2.948809e-06 4.128332e-05 0.0005278368 0.001536329 2.653928e-05 1.769285e-05 0 0 0 5.897617e-06 0 4.423213e-05 0 6.487379e-05 8.846426e-06 1.769285e-05 2.064166e-05 0 0
0 2.948809e-05 9.436188e-05 0.00081682 0.01731835 0.02228415 0.00200519 0.002176221 0.02026126 0.003473697 0 0.03537391 2.064166e-05 0.0001503892 0.02087757 0 1.179523e-05 5.897617e-06 2.948809e-06 0.006012621 4.128332e-05 9.731069e-05 2.064166e-05 0.01394197 1.474404e-05 3.53857e-05 9.141307e-05 0.003573956 0.0001533381 1.769285e-05 2.948809e-06 0.0007342534 0 8.551545e-05 0 6.192498e-05 2.948809e-06 0.0001769285 1.769285e-05 0.01821479 0.0001592357 0 0 0 2.948809e-06 0 1.474404e-05 0 8.846426e-06 9.141307e-05 8.846426e-06 6.192498e-05 8.846426e-06 0 1.179523e-05 0 2.948809e-06 2.948809e-06 0 0 0 0 2.948809e-06 0 0 0 0.0001533381 0 0 5.897617e-06 0.0003450106 0 0 0 0 0 2.948809e-06 0 0 0 0 0 3.53857e-05 0 0 0
0 0.001209012 5.897617e-05 0 0 0 1.474404e-05 8.846426e-06 0.0007637414 8.846426e-06 5.602736e-05 0 5.897617e-06 2.064166e-05 0 0.01553727 0.004081151 1.769285e-05 0.0002300071 0 0.0177017 0.02107219 0.03420323 0.02386766 0.0001179523 0.003747936 0.08741154 0.0255013 3.24369e-05 0.0003450106 1.474404e-05 0 2.948809e-06 0.001701463 4.423213e-05 0.02183593 0.01256782 0.005579146 0.001775183 0.0001091059 2.948809e-06 1.179523e-05 0.000138594 0 0.0002388535 0.0004570653 0 0 8.846426e-06 0.0001032083 2.064166e-05 0.0002919321 2.948809e-06 0 0 0 1.769285e-05 0 0.01799953 2.359047e-05 2.948809e-06 0 0 0.003063812 0.007144963 0.008973225 0.006266218 0 0.0001091059 0.009102972 0.007935244 1.179523e-05 5.602736e-05 0 0 0 3.833451e-05 1.179523e-05 0.0008875914 0.0003921916 0.0001179523 5.897617e-05 1.474404e-05 0 0 0
0.01022942 0.000477707 0.3224463 8.846426e-06 5.897617e-06 0.001919674 0.01359401 0.08027542 0.0002093654 0.001203114 0.002810215 5.307856e-05 0.0002211607 0.06731835 1.179523e-05 0.004081151 0.01836518 0.0106393 0.0759967 4.128332e-05 0.03933711 0.001049776 0.1091 0.006679052 5.897617e-06 0.08169085 0.35524 0.03070005 0.06223461 0.05937721 8.846426e-05 0.0002535975 0.004550012 0.02157348 2.359047e-05 0.01106688 0.008840528 0.02031729 0.0043318 0.0001032083 3.24369e-05 0 5.602736e-05 0 0.0001503892 0.0006900212 0 0 2.948809e-06 4.718094e-05 8.846426e-06 6.192498e-05 2.948809e-06 0 0 0 2.948809e-06 0 0.0001326964 7.666903e-05 1.769285e-05 5.307856e-05 0 7.077141e-05 8.256664e-05 6.487379e-05 0.0003980892 5.897617e-06 0.0004334749 0.00784678 0.0005897617 0 3.24369e-05 0 0 0 3.833451e-05 0 0.0001267988 4.423213e-05 0.0001120547 1.179523e-05 2.948809e-06 0 0 0
0.0003332154 5.012975e-05 0.005475938 4.423213e-05 8.846426e-05 0.0006104034 0.001388889 0.004662067 4.423213e-05 0.001854801 0.0410946 0.001073366 0.0008816938 0.007059448 5.897617e-06 1.769285e-05 0.0106393 0.02480833 0.042454 0.0005337344 0.002960604 2.359047e-05 0.01293347 0.0002270583 4.718094e-05 0.06375619 0.03534737 0.001226704 0.007790753 0.0007991272 0.001150035 0.002565464 0.0002712904 0.01951227 2.359047e-05 0.02411241 0.04695683 0.06241743 0.006661359 0.0004953999 4.718094e-05 7.961783e-05 4.128332e-05 0 7.077141e-05 1.769285e-05 0 0 0 1.474404e-05 0 0 0 0.0002506487 0 0.0003125737 8.846426e-06 0 0 2.653928e-05 0.0009642604 0.0004747582 0 5.897617e-06 1.179523e-05 1.179523e-05 4.423213e-05 9.141307e-05 0.001303373 0.005004128 3.24369e-05 0 2.948809e-06 0.0001267988 0 0 4.128332e-05 0 0.0003774475 0.0001091059 0.0001297476 4.128332e-05 0 0 0 0
0.001554022 0.000277188 0.01431057 3.24369e-05 2.948809e-05 0.000492451 0.001958009 0.01342593 7.077141e-05 0.001321066 0.00596544 0.000601557 0.000415782 0.01628627 2.948809e-06 0.0002300071 0.0759967 0.042454 0.02956476 0.0003803963 0.01257077 0.0001474404 0.04259554 0.0006546355 4.128332e-05 0.1798921 0.1304464 0.00242687 0.02174157 0.005181057 0.0004541165 0.001318117 0.001556971 0.04047535 2.064166e-05 0.02101321 0.03217445 0.05568235 0.00287214 0.0002683416 1.474404e-05 1.179523e-05 4.423213e-05 2.948809e-06 0.0003568059 0.000138594 0 0 0 1.769285e-05 2.948809e-06 5.897617e-06 0 5.897617e-05 0 7.666903e-05 5.897617e-06 0 3.24369e-05 0.0003656523 0.0003862939 0.0005779665 0 5.897617e-06 1.474404e-05 1.179523e-05 5.307856e-05 6.78226e-05 0.001556971 0.01209896 4.718094e-05 2.948809e-06 8.846426e-06 1.179523e-05 0 0 3.833451e-05 2.948809e-06 0.0003774475 0.0001739797 0.0001474404 5.602736e-05 0 0 2.948809e-06 2.948809e-06
4.718094e-05 0 0.0001150035 0.0520966 0.000415782 0.01503892 0.002356098 0.01255603 0.01845659 0.1330915 0.001424275 0.1125177 0.0005868129 0.01086636 0.006012621 0 4.128332e-05 0.0005337344 0.0003803963 0.02727943 8.846426e-06 0 1.179523e-05 0.02840293 2.948809e-06 0.001291578 0.0005809153 0.1776952 0.009589526 8.846426e-06 0.0001150035 0.0003155225 9.141307e-05 0.00608929 0 0.001011441 7.666903e-05 0.01631576 0.001217858 0.01116419 0.0002948809 5.897617e-06 2.359047e-05 0 2.948809e-06 0 0.0003037273 0 0.0001179523 0.003718448 0.0001356452 0.001321066 0.0001651333 2.948809e-06 0.0002241095 0 0.0001032083 5.012975e-05 0 0 0 0 6.192498e-05 0 5.897617e-06 2.948809e-06 0.008445388 0 2.948809e-06 5.897617e-05 0.01196921 0.0002034678 1.179523e-05 0 8.846426e-06 5.897617e-06 9.436188e-05 0 0.0001297476 1.179523e-05 0.0002801368 2.359047e-05 0.0003921916 6.487379e-05 0 0
0.001698514 0.0001887238 0.08546237 2.948809e-06 1.179523e-05 0.003037273 0.01969804 0.02545412 0.001120547 0.002562515 0.002300071 0 0.0001297476 0.008516159 4.128332e-05 0.0177017 0.03933711 0.002960604 0.01257077 8.846426e-06 0.1532761 0.007590234 0.350864 0.0008463081 2.948809e-05 0.007976527 0.0216649 0.1190906 0.008572187 0.1668524 3.24369e-05 0.0001032083 0.00106452 0.149422 0.0004305261 0.1916342 0.03495223 0.2510114 0.04921857 0.001878391 0.0001091059 8.846426e-05 0.001350554 0 3.24369e-05 7.372022e-05 0 0 5.897617e-06 0.0001887238 8.846426e-06 0.0005927105 5.897617e-06 2.948809e-06 0 0 5.897617e-06 0 0.0103975 8.846426e-06 0 0 0 0.004293465 0.005237084 0.001406582 0.01050661 0 5.897617e-06 0.001276834 0.0152247 1.179523e-05 0.0001828261 0 0 0 3.53857e-05 0.0002447511 0.001618896 0.0007224581 0.0001651333 5.897617e-05 2.948809e-05 1.179523e-05 2.948809e-06 0
0 0.05501887 0.001604152 2.948809e-06 5.897617e-06 8.846426e-06 6.487379e-05 2.948809e-05 0.06176575 1.179523e-05 0.0001710309 2.948809e-06 0.002497641 2.064166e-05 9.731069e-05 0.02107219 0.001049776 2.359047e-05 0.0001474404 0 0.007590234 0.01484725 0.02527424 0.1143577 0.01322541 0.001969804 0.139054 0.01493277 4.718094e-05 0.0009849021 0.0002418023 0 2.653928e-05 0.000200519 0 0.0008079736 0.001380042 0.001161831 5.012975e-05 7.077141e-05 2.948809e-06 0.001896084 0 0 0.0005042463 0.0003007785 0 0 2.948809e-06 9.436188e-05 1.769285e-05 0.0002712904 0 3.24369e-05 0 4.718094e-05 1.179523e-05 0 0.01173921 2.653928e-05 3.24369e-05 4.423213e-05 0 0.001359401 0.0002535975 0.004146025 0.005608634 1.179523e-05 0.0001592357 0.01526893 0.005558504 5.897617e-06 3.53857e-05 2.948809e-06 0 0 4.718094e-05 5.897617e-06 0.0004128332 0.0002034678 0.0001209012 3.53857e-05 8.846426e-06 0 0 0
0.005122081 0.0002565464 0.189691 1.179523e-05 1.179523e-05 0.002308917 0.02443973 0.05208776 0.0001680821 0.001495046 0.00839231 3.53857e-05 0.0003627035 0.02761559 2.064166e-05 0.03420323 0.1091 0.01293347 0.04259554 1.179523e-05 0.350864 0.02527424 0.1917227 0.004302312 1.474404e-05 0.04335928 0.2381428 0.1905668 0.01463789 0.1347193 0.0001356452 0.0001179523 0.001105803 0.1137149 0.001344657 0.5566525 0.1637149 0.422405 0.1575637 0.002064166 0.0001002595 0.0005130927 0.003650625 0 0.0001857749 0.001235551 0 0 4.718094e-05 0.0003862939 0.0001267988 0.0001091059 8.846426e-06 2.948809e-06 0 0 5.012975e-05 0 0.08395258 2.948809e-05 2.948809e-06 5.897617e-06 0 0.004741684 0.01522765 0.05051309 0.009734017 0 7.666903e-05 0.0387326 0.00809448 2.948809e-05 4.423213e-05 0 0 2.948809e-06 8.846426e-05 0.0005101439 0.001403633 0.0004393725 0.0002388535 7.372022e-05 2.064166e-05 2.948809e-06 0 2.948809e-06
0.0003892427 0.0293259 0.00145966 0.04283734 0.001005544 0.004449752 0.01913482 0.004464496 0.2875531 0.0119928 0.0005514272 0.007242274 0.001382991 0.007457537 0.01394197 0.02386766 0.006679052 0.0002270583 0.0006546355 0.02840293 0.0008463081 0.1143577 0.004302312 0.1767339 0.006098136 0.008522057 0.138712 0.09340646 0.02960309 0.02333392 0.0001533381 0.0001769285 0.005944798 0.01607101 0.0001533381 0.07821125 0.01204293 0.03326551 0.009760557 0.01331682 0.000878745 0.000754895 0.0005366832 2.653928e-05 0.001126445 0.0007843831 0.0009229771 0 0.0007578438 0.030069 0.00131222 0.02570771 0.0006369427 5.602736e-05 0.0002064166 4.718094e-05 0.001108752 0.0001120547 0.008132814 8.256664e-05 4.718094e-05 4.423213e-05 0.0001710309 0.002916372 0.005534914 0.001495046 0.1300159 3.833451e-05 0.0003774475 0.01326374 0.164343 0.001922623 0.001627742 1.474404e-05 6.192498e-05 4.423213e-05 0.001076315 5.012975e-05 0.00500118 0.0008256664 0.004025124 0.0004128332 0.00126209 0.0006900212 2.948809e-06 2.359047e-05
0 0.01958599 5.897617e-06 0 2.948809e-06 0 2.948809e-06 0 0.006157113 2.948809e-06 0.002981246 2.948809e-06 0.06406877 8.846426e-06 1.474404e-05 0.0001179523 5.897617e-06 4.718094e-05 4.128332e-05 2.948809e-06 2.948809e-05 0.01322541 1.474404e-05 0.006098136 0.002715853 0.001801722 0.03946391 0.0001592357 5.897617e-06 0 0.002521231 2.948809e-06 0 7.077141e-05 2.359047e-05 0.001677872 0.005428757 0.004803609 0.0001680821 8.846426e-06 0 0.03054966 8.846426e-06 0 0.0005897617 1.179523e-05 0 0 0 2.948809e-06 0 1.179523e-05 0 0.0008374617 0 0.004694503 5.897617e-06 0 2.948809e-06 3.24369e-05 0.0006074546 0.0003125737 0 2.948809e-06 2.064166e-05 8.846426e-06 3.833451e-05 0.001524534 0.002108398 0.01286565 1.179523e-05 5.897617e-06 2.948809e-06 0.0007077141 0 0 3.53857e-05 5.897617e-06 0.0003184713 0.001061571 0.0002860344 6.487379e-05 2.948809e-06 0 0.0004187308 0
0.001147087 0.002429818 0.2757991 0.0001474404 0.0002683416 0.003302666 0.01260616 0.02799894 0.000554376 0.005879925 0.06013211 0.00255072 0.01203704 0.02285916 3.53857e-05 0.003747936 0.08169085 0.06375619 0.1798921 0.001291578 0.007976527 0.001969804 0.04335928 0.008522057 0.001801722 0.9318 0.3019845 0.009734017 0.0170854 0.002140835 0.003747936 0.006133522 0.000492451 0.04900625 0.0001150035 0.09625796 0.1811158 0.2339762 0.03369014 0.001562869 0.0001887238 0.00069297 0.0001798773 5.897617e-06 0.00245046 0.001377094 0 0 0 5.897617e-05 1.179523e-05 4.423213e-05 0 0.003877683 5.897617e-06 0.008693088 1.769285e-05 0 0.0001444916 0.001660179 0.008498467 0.003621137 0 6.78226e-05 0.0001474404 0.0001061571 0.0002742392 0.002659825 0.01471161 0.09254541 0.0001975702 1.179523e-05 7.961783e-05 0.002173272 0 0 0.0004128332 2.359047e-05 0.002294173 0.002102501 0.001465558 0.0004128332 1.769285e-05 0 5.897617e-05 2.948809e-06
0.0001916726 0.09819828 0.03988854 3.24369e-05 8.551545e-05 0.001259141 0.004883227 0.003461901 0.04076138 0.002512385 0.01541342 0.001085162 0.04080856 0.005095541 9.141307e-05 0.08741154 0.35524 0.03534737 0.1304464 0.0005809153 0.0216649 0.139054 0.2381428 0.138712 0.03946391 0.3019845 0.4246992 0.05273944 0.00554376 0.001353503 0.01127919 0.002164426 0.0003686011 0.09943678 0.001085162 0.3881871 0.2523119 0.4341236 0.07135232 0.0007460486 9.436188e-05 0.0009023355 0.001285681 6.78226e-05 0.0451669 0.02934654 0 0 0.000401038 0.001586459 0.001082213 0.0001769285 8.256664e-05 0.008121019 2.948809e-06 0.02098962 0.0007430998 0 0.0655933 0.008949634 0.02498526 0.02677223 0 0.00133581 0.01720925 0.0618896 0.004635527 0.008887709 0.08005426 0.9499882 0.006696745 0.0003155225 0.0004364237 0.005761972 0 2.359047e-05 0.004284619 0.0002801368 0.01508611 0.01073071 0.01419556 0.003125737 0.0001179523 1.179523e-05 0.0002418023 4.423213e-05
0.003158174 0.0008197688 0.02664544 0.0913246 0.0004039868 0.06751592 0.4543289 0.08198868 0.08055261 0.1423803 0.002662774 0.09658233 0.00138594 0.06728002 0.003573956 0.0255013 0.03070005 0.001226704 0.00242687 0.1776952 0.1190906 0.01493277 0.1905668 0.09340646 0.0001592357 0.009734017 0.05273944 0.2738382 0.1770052 0.3308033 0.0002270583 0.0007961783 0.03993866 0.1280933 0.0006841236 0.2511589 0.02556617 0.1808799 0.04935421 0.0104034 0.002361996 0.0001061571 0.002046473 1.769285e-05 0.0002241095 0.0002889833 0.0005632225 8.846426e-06 0.0006546355 0.02886884 0.001203114 0.01726822 0.0004275773 4.718094e-05 0.001624794 0 0.001037981 6.487379e-05 0.008760911 4.718094e-05 3.24369e-05 2.359047e-05 0.0001061571 0.003768577 0.005045412 0.001391838 0.1129807 1.179523e-05 8.551545e-05 0.003845247 0.1475879 0.001907879 0.002512385 0 0.0001002595 4.423213e-05 0.0009495164 0.0002093654 0.005641071 0.0008757962 0.003765629 0.0005071951 0.001141189 0.0005661713 5.897617e-06 5.897617e-05
0.04648502 2.948809e-05 0.008480774 0.002158528 0.004163718 0.0107602 0.09451522 0.00752536 0.00180762 0.03784501 0.008982071 0.00943029 0.001418377 0.0660828 0.0001533381 3.24369e-05 0.06223461 0.007790753 0.02174157 0.009589526 0.008572187 4.718094e-05 0.01463789 0.02960309 5.897617e-06 0.0170854 0.00554376 0.1770052 0.3097606 0.1368572 0.0004246285 0.005534914 0.03512916 0.1104152 2.948809e-06 0.004791814 0.001120547 0.03037273 0.002190965 0.001306322 0.01330502 5.897617e-06 2.064166e-05 2.948809e-06 2.653928e-05 2.653928e-05 0 0 5.897617e-06 0.001203114 6.192498e-05 0.0005484784 5.897617e-06 8.846426e-06 1.474404e-05 2.948809e-06 6.192498e-05 0 4.718094e-05 2.948809e-06 1.179523e-05 0 0 1.769285e-05 2.359047e-05 5.012975e-05 0.003314461 2.948809e-06 2.653928e-05 0.0006575843 0.005511323 5.897617e-05 0.0001120547 5.897617e-06 1.474404e-05 0 4.718094e-05 5.897617e-06 0.0002388535 5.897617e-06 0.0001503892 1.769285e-05 3.24369e-05 3.833451e-05 0 0
0.0391189 5.897617e-06 0.01296001 5.897617e-06 5.897617e-06 0.001096957 0.05117363 0.0627536 0.002158528 0.0006693796 0.0006841236 1.474404e-05 0.0001739797 0.08808976 1.769285e-05 0.0003450106 0.05937721 0.0007991272 0.005181057 8.846426e-06 0.1668524 0.0009849021 0.1347193 0.02333392 0 0.002140835 0.001353503 0.3308033 0.1368572 0.1326109 2.653928e-05 0.0001739797 0.03423272 0.1519993 0.0001621845 0.09010085 0.01538393 0.1112998 0.01996049 0.0007784855 0.0001297476 1.769285e-05 0.0006310451 2.948809e-06 1.769285e-05 5.602736e-05 0 0 2.653928e-05 0.001674923 5.012975e-05 0.001772234 5.897617e-06 2.948809e-06 0 0 4.128332e-05 0 0.003305615 5.897617e-06 2.948809e-06 0 0 0.001949163 0.001607101 0.0002211607 0.01489443 2.948809e-06 2.064166e-05 0.0001798773 0.03015747 9.731069e-05 0.0009347724 0 0 8.846426e-06 0.0001267988 4.128332e-05 0.002934065 0.0006428403 0.000462963 0.0001120547 0.0002064166 7.961783e-05 2.948809e-06 8.846426e-06
8.846426e-06 0.0007372022 0.0002919321 1.179523e-05 5.602736e-05 0.0002064166 0.0002359047 0.0003450106 0.00012385 0.0004865534 0.01199575 0.0002594952 0.01399799 0.0009377212 2.948809e-06 1.474404e-05 8.846426e-05 0.001150035 0.0004541165 0.0001150035 3.24369e-05 0.0002418023 0.0001356452 0.0001533381 0.002521231 0.003747936 0.01127919 0.0002270583 0.0004246285 2.653928e-05 0.001474404 0.0007224581 2.948809e-06 0.004706299 0 0.005750177 0.03433593 0.02885704 0.00814461 0.0002093654 3.24369e-05 0.0002683416 5.897617e-06 0 0.0003951404 0 0 0 0 1.474404e-05 0 2.653928e-05 0 0.002689314 0 0.008486671 2.948809e-06 0 1.474404e-05 2.064166e-05 0.002282378 0.0003774475 0 0 6.487379e-05 8.846426e-06 3.24369e-05 0.002674569 0.002718802 0.01532201 8.846426e-06 2.948809e-06 0 0.001698514 0 0 5.307856e-05 0 0.000262444 0.001332862 0.0002182118 9.436188e-05 2.948809e-06 0 6.78226e-05 0
7.372022e-05 5.897617e-06 0.0002476999 5.012975e-05 0.001592357 0.0004570653 0.0008816938 0.0002535975 5.897617e-05 0.00111465 0.009748762 0.0006221986 0.006183652 0.0004659118 0.0007342534 0 0.0002535975 0.002565464 0.001318117 0.0003155225 0.0001032083 0 0.0001179523 0.0001769285 2.948809e-06 0.006133522 0.002164426 0.0007961783 0.005534914 0.0001739797 0.0007224581 4.423213e-05 8.846426e-06 0.07932295 0 0.003659472 0.0003656523 0.03888004 0.003172918 0.005481835 0.03120724 8.846426e-06 2.064166e-05 0 0 0 0 0 0 2.948809e-06 0 0 0 0 0 5.897617e-06 0 0 0 0 8.846426e-06 1.179523e-05 0 0 0 0 8.846426e-06 0 5.897617e-06 0.0001061571 6.192498e-05 0 0 2.948809e-06 0 0 2.948809e-06 0 5.897617e-06 0 5.897617e-06 5.897617e-06 0 0 0 0
0.0002388535 2.948809e-06 0.0006074546 5.602736e-05 0 0.0003803963 0.005310804 0.0003627035 0.0003037273 0.0004570653 0.0001474404 3.53857e-05 0 0.000415782 0 2.948809e-06 0.004550012 0.0002712904 0.001556971 9.141307e-05 0.00106452 2.653928e-05 0.001105803 0.005944798 0 0.000492451 0.0003686011 0.03993866 0.03512916 0.03423272 2.948809e-06 8.846426e-06 0.0004039868 0.003703704 0 0.0005337344 0.0001120547 0.001548125 0.000200519 1.179523e-05 0 0 5.897617e-06 0 0 2.948809e-06 0 0 8.846426e-06 0.0001710309 1.179523e-05 0.0001091059 8.846426e-06 0 0 0 2.948809e-06 0 1.474404e-05 0 0 0 0 8.846426e-06 1.179523e-05 2.948809e-06 0.0006074546 0 2.948809e-06 4.423213e-05 0.0009907997 1.474404e-05 2.948809e-05 0 0 2.948809e-06 5.897617e-06 2.948809e-06 7.077141e-05 2.948809e-06 3.833451e-05 2.948809e-06 2.948809e-06 5.897617e-06 0 0
0.001866596 0.0001150035 0.03516454 0.001167728 0.003615239 0.01019993 0.0285887 0.01599139 0.0009347724 0.0236406 0.08065287 0.009972871 0.02048243 0.05219686 8.551545e-05 0.001701463 0.02157348 0.01951227 0.04047535 0.00608929 0.149422 0.000200519 0.1137149 0.01607101 7.077141e-05 0.04900625 0.09943678 0.1280933 0.1104152 0.1519993 0.004706299 0.07932295 0.003703704 0.02794291 2.064166e-05 0.01029724 0.005823897 0.05124735 0.003444209 0.003665369 0.0002270583 0.002193914 5.602736e-05 0 0.0001209012 0.0001651333 0 0 1.769285e-05 0.0008286152 3.833451e-05 0.000277188 0 4.718094e-05 0 7.077141e-05 2.653928e-05 0 9.141307e-05 0.0001091059 7.666903e-05 9.141307e-05 2.948809e-06 1.769285e-05 5.307856e-05 4.423213e-05 0.002412126 4.423213e-05 0.000339113 0.003821656 0.003175867 5.307856e-05 5.307856e-05 3.24369e-05 0 0 3.833451e-05 2.948809e-06 0.0001651333 7.077141e-05 0.0001769285 4.718094e-05 1.474404e-05 2.653928e-05 2.948809e-06 0
0 5.897617e-06 0.0001592357 0 0 0.0001032083 6.192498e-05 1.769285e-05 0 4.128332e-05 2.359047e-05 2.948809e-06 0.000339113 8.846426e-06 0 4.423213e-05 2.359047e-05 2.359047e-05 2.064166e-05 0 0.0004305261 0 0.001344657 0.0001533381 2.359047e-05 0.0001150035 0.001085162 0.0006841236 2.948809e-06 0.0001621845 0 0 0 2.064166e-05 0.7702377 0.1029429 0.002423921 0.003556263 0.00633699 0.000215263 0.0001503892 0.0008551545 0.001094008 0 0 6.78226e-05 0 0 0 1.179523e-05 5.897617e-06 0 0 3.24369e-05 0 8.846426e-06 5.897617e-06 0 0 1.179523e-05 2.359047e-05 5.307856e-05 0 0 2.948809e-06 2.359047e-05 8.846426e-06 2.948809e-06 0.000277188 0.0004895022 2.948809e-05 0 2.948809e-06 2.064166e-05 0 0 0 0.1366006 0.004219745 0.0005101439 0.0005248879 0.002182118 2.948809e-06 1.769285e-05 0.0001592357 5.602736e-05
0.0001739797 0.0007843831 0.06773708 0.0005661713 0.002282378 0.01446686 0.01774003 0.03174393 0.003650625 0.00388653 0.02627094 0.0007489974 0.01602383 0.02776303 6.192498e-05 0.02183593 0.01106688 0.02411241 0.02101321 0.001011441 0.1916342 0.0008079736 0.5566525 0.07821125 0.001677872 0.09625796 0.3881871 0.2511589 0.004791814 0.09010085 0.005750177 0.003659472 0.0005337344 0.01029724 0.1029429 0.08691908 0.5631576 0.2330945 0.05718625 0.07704352 0.03704588 0.0393548 0.006118778 2.948809e-06 0.0002919321 0.0003332154 2.948809e-06 2.948809e-06 0.0001150035 0.004373083 0.0002329559 0.001695565 1.179523e-05 0.0001120547 2.948809e-06 0.0002506487 0.0002418023 0 0.0003361642 0.0001975702 0.0001415428 0.0001444916 0 9.436188e-05 0.000138594 0.0001503892 0.01295117 8.256664e-05 0.000802076 0.008510262 0.01776067 0.0002919321 0.0005130927 6.192498e-05 5.307856e-05 5.897617e-06 0.0001946214 0.003862939 0.002506487 0.0006575843 0.0007313046 0.0002919321 0.0008138712 0.0002418023 0.0001091059 3.24369e-05
5.307856e-05 0.0055703 0.03879453 1.179523e-05 3.53857e-05 0.0003892427 0.001447865 0.002931116 0.0006811748 0.0003627035 0.09433239 0.0001474404 0.1958422 0.002019934 2.948809e-06 0.01256782 0.008840528 0.04695683 0.03217445 7.666903e-05 0.03495223 0.001380042 0.1637149 0.01204293 0.005428757 0.1811158 0.2523119 0.02556617 0.001120547 0.01538393 0.03433593 0.0003656523 0.0001120547 0.005823897 0.002423921 0.5631576 0.07114296 0.05524003 0.07057974 0.003942557 0.0004364237 0.001692616 0.001642486 0 0.001692616 8.846426e-05 0 2.948809e-06 2.948809e-06 7.666903e-05 2.948809e-06 0.0002978297 0 0.005611583 0 0.04241861 1.179523e-05 2.948809e-06 8.551545e-05 0.0001061571 0.0008256664 0.0004393725 0 4.423213e-05 0.0004718094 2.359047e-05 0.0008256664 0.005478887 0.00202878 0.01365298 0.0008227176 5.897617e-06 4.423213e-05 0.002777778 0 0 5.012975e-05 0.0002742392 0.00772293 0.01584395 0.001179523 0.0002211607 6.78226e-05 8.846426e-06 0.006531611 0
0.0009377212 0.001913777 0.09604565 0.002919321 0.009763506 0.02996579 0.04885291 0.0434507 0.002226351 0.05908528 0.1511441 0.01920264 0.09859932 0.06140304 0.0001769285 0.005579146 0.02031729 0.06241743 0.05568235 0.01631576 0.2510114 0.001161831 0.422405 0.03326551 0.004803609 0.2339762 0.4341236 0.1808799 0.03037273 0.1112998 0.02885704 0.03888004 0.001548125 0.05124735 0.003556263 0.2330945 0.05524003 0.1301516 0.02988028 0.00774652 0.002931116 0.00821833 0.001480302 1.179523e-05 0.0004511677 0.0003892427 5.897617e-06 0 5.897617e-05 0.002285327 0.000138594 0.0005720689 2.359047e-05 0.0003125737 8.846426e-06 0.0006900212 6.78226e-05 0 0.0001179523 0.0003155225 0.0004187308 0.0003627035 2.948809e-06 4.423213e-05 7.961783e-05 6.192498e-05 0.005189903 0.0002535975 0.001568766 0.01412774 0.007398561 0.0001326964 0.0001150035 0.0001621845 5.897617e-06 8.846426e-06 0.0001326964 0.0005130927 0.00143607 0.0003803963 0.002438665 0.003954352 3.833451e-05 0.0001533381 0.000353857 2.948809e-06
8.551545e-05 0.0001032083 0.006033263 0.0003007785 0.0009524652 0.002367893 0.007360226 0.003916018 0.0005425808 0.003977943 0.0352648 0.000678226 0.0367687 0.003066761 1.769285e-05 0.001775183 0.0043318 0.006661359 0.00287214 0.001217858 0.04921857 5.012975e-05 0.1575637 0.009760557 0.0001680821 0.03369014 0.07135232 0.04935421 0.002190965 0.01996049 0.00814461 0.003172918 0.000200519 0.003444209 0.00633699 0.05718625 0.07057974 0.02988028 0.0009583628 0.0004570653 0.0003007785 5.602736e-05 0.0002182118 0 3.24369e-05 2.948809e-05 0 0 5.897617e-06 0.0005573248 2.359047e-05 0.0001975702 5.897617e-06 7.666903e-05 2.948809e-06 0.0001533381 2.064166e-05 0 8.846426e-06 5.897617e-06 0.0001002595 4.718094e-05 0 5.897617e-06 1.769285e-05 5.897617e-06 0.001300425 2.948809e-05 0.0002418023 0.001200165 0.001937367 1.769285e-05 3.24369e-05 4.718094e-05 0 0 5.897617e-06 0.001111701 0.0007902807 7.077141e-05 0.0001356452 8.551545e-05 1.769285e-05 1.179523e-05 8.846426e-06 1.474404e-05
2.948809e-06 3.833451e-05 0.0002565464 0.001760439 0.02795176 0.08397617 0.004552961 0.06098136 0.008088582 0.009079382 0.002205709 0.05136235 0.001937367 0.02701404 0.01821479 0.0001091059 0.0001032083 0.0004953999 0.0002683416 0.01116419 0.001878391 7.077141e-05 0.002064166 0.01331682 8.846426e-06 0.001562869 0.0007460486 0.0104034 0.001306322 0.0007784855 0.0002093654 0.005481835 1.179523e-05 0.003665369 0.000215263 0.07704352 0.003942557 0.00774652 0.0004570653 0.005635173 0.002394433 0.0002418023 0.000200519 0 0 2.948809e-06 5.602736e-05 0 2.359047e-05 0.0009613116 2.653928e-05 0.0002742392 2.064166e-05 5.897617e-06 4.423213e-05 2.948809e-06 4.128332e-05 2.359047e-05 5.897617e-06 0 0 2.948809e-06 8.846426e-06 2.948809e-06 2.948809e-06 2.948809e-06 0.001660179 0 2.948809e-06 7.077141e-05 0.002892781 5.012975e-05 8.846426e-06 0 2.948809e-06 0 2.359047e-05 4.718094e-05 4.128332e-05 0 6.487379e-05 1.179523e-05 0.0003214201 2.064166e-05 5.897617e-06 0
0 0 4.423213e-05 6.78226e-05 0.005812102 0.01207832 0.000754895 0.004700401 0.0001179523 0.0006900212 0.0002683416 0.0002211607 9.436188e-05 0.003096249 0.0001592357 2.948809e-06 3.24369e-05 4.718094e-05 1.474404e-05 0.0002948809 0.0001091059 2.948809e-06 0.0001002595 0.000878745 0 0.0001887238 9.436188e-05 0.002361996 0.01330502 0.0001297476 3.24369e-05 0.03120724 0 0.0002270583 0.0001503892 0.03704588 0.0004364237 0.002931116 0.0003007785 0.002394433 2.064166e-05 2.359047e-05 0.000215263 0 0 0 0 0 0 6.487379e-05 8.846426e-06 2.653928e-05 0 0 0 0 2.948809e-06 0 0 0 0 0 0 2.948809e-06 0 0 0.0002034678 0 0 5.897617e-06 0.000277188 1.179523e-05 2.948809e-06 0 0 0 0 1.474404e-05 8.846426e-06 2.948809e-06 2.064166e-05 1.474404e-05 0 2.948809e-06 0 0
0 0.01404812 2.064166e-05 0 2.948809e-06 5.897617e-06 5.897617e-06 3.833451e-05 0.0008551545 2.359047e-05 0.002869191 5.897617e-06 0.01321951 3.24369e-05 0 1.179523e-05 0 7.961783e-05 1.179523e-05 5.897617e-06 8.846426e-05 0.001896084 0.0005130927 0.000754895 0.03054966 0.00069297 0.0009023355 0.0001061571 5.897617e-06 1.769285e-05 0.0002683416 8.846426e-06 0 0.002193914 0.0008551545 0.0393548 0.001692616 0.00821833 5.602736e-05 0.0002418023 2.359047e-05 8.846426e-06 0.0001857749 0 0.0004216796 2.948809e-06 0 0 2.948809e-06 5.897617e-06 1.179523e-05 8.846426e-06 0 0.0005927105 0 0.002777778 2.948809e-06 0 0 1.474404e-05 0.0001297476 7.961783e-05 0 0 1.179523e-05 2.948809e-06 1.769285e-05 0.0006398915 0.0003803963 0.002960604 1.474404e-05 0 5.897617e-06 0.0001297476 2.948809e-06 0 5.897617e-06 0.0001887238 0.00094067 0.0003833451 0.0007814343 0.0003833451 2.359047e-05 2.948809e-05 0.0004128332 0
0 8.846426e-06 0.0001975702 8.846426e-06 1.474404e-05 0.0001150035 0.0001680821 0.0001356452 2.948809e-05 0.0001120547 2.948809e-05 5.897617e-06 7.372022e-05 0.000138594 0 0.000138594 5.602736e-05 4.128332e-05 4.423213e-05 2.359047e-05 0.001350554 0 0.003650625 0.0005366832 8.846426e-06 0.0001798773 0.001285681 0.002046473 2.064166e-05 0.0006310451 5.897617e-06 2.064166e-05 5.897617e-06 5.602736e-05 0.001094008 0.006118778 0.001642486 0.001480302 0.0002182118 0.000200519 0.000215263 0.0001857749 3.24369e-05 0 0 2.948809e-06 0 0 0 1.474404e-05 2.948809e-06 2.064166e-05 0 1.179523e-05 0 0 2.948809e-06 0 2.948809e-06 0 2.948809e-06 0 0 0 0 2.948809e-06 7.961783e-05 0 0 1.179523e-05 8.551545e-05 8.846426e-06 0 0 0 0 0 7.666903e-05 6.487379e-05 1.179523e-05 0.0001739797 1.769285e-05 0 1.179523e-05 8.846426e-06 2.948809e-06
0 2.948809e-06 1.179523e-05 0 0 0 2.948809e-06 0 2.948809e-06 2.948809e-06 0 2.948809e-06 0 0 0 0 0 0 2.948809e-06 0 0 0 0 2.653928e-05 0 5.897617e-06 6.78226e-05 1.769285e-05 2.948809e-06 2.948809e-06 0 0 0 0 0 2.948809e-06 0 1.179523e-05 0 0 0 0 0 0.01623909 2.948809e-06 0.003302666 8.846426e-05 0 0.0003892427 0.05256251 0.01927341 5.897617e-06 0.0005101439 0.001108752 1.474404e-05 1.769285e-05 0.07121963 0 5.897617e-06 0.001960958 0.005083746 0.004278721 3.53857e-05 0.0009907997 0 0.003364591 0.0001326964 0 0.01156523 0.001285681 0.004942203 0.06725348 0.06969214 5.602736e-05 6.78226e-05 0.0006693796 0.0081682 2.064166e-05 0.0008905402 0.0003007785 0.01180703 0.0006310451 4.423213e-05 2.359047e-05 0 8.846426e-06
