0.007931545 0.0001479389 0.009148679 0.001126353 0 0.0009279806 0.1150393 0.008301392 0.001159976 0.008667877 0.0003832963 6.052048e-05 0.0001647502 0.04083451 3.362249e-06 7.060722e-05 0.02659875 0.0002420819 0.003147065 0.0002118217 0.005477103 6.052048e-05 0.04866519 0.01195279 1.681124e-05 0.002249344 0.0008540112 0.0130119 0.04139264 0.09077735 3.362249e-06 5.043373e-05 0.0004135566 0.0128606 0 0.0002555309 0.0001008675 0.003819514 0.0001109542 4.370923e-05 0.0001143165 0 0 2.353574e-05 2.689799e-05 3.698474e-05 3.026024e-05 0 1.681124e-05 0.0002050972 4.707148e-05 0.0002017349 0.0001143165 3.362249e-06 2.017349e-05 3.362249e-06 4.034698e-05 0 1.681124e-05 1.681124e-05 0 0 5.715823e-05 1.344899e-05 6.724497e-06 3.362249e-06 8.405622e-05 6.724497e-06 5.379598e-05 7.060722e-05 0.0001344899 0.0001546634 6.724497e-06 0 3.362249e-06 6.724497e-06 7.060722e-05 0 0.0002454442 3.362249e-06 0.0002151839 0 0 2.689799e-05 0 0
0.0001479389 0.003083182 0.04343689 6.724497e-06 3.362249e-06 2.017349e-05 0.00146594 0.0001647502 0.02128303 0.0001277654 0.0005379598 2.017349e-05 0.01510995 0.0004774393 1.344899e-05 0.0003597606 0.02031807 0.000541322 0.005611593 2.353574e-05 0.0001580257 0.08462107 0.002814202 0.04394459 0.02923475 0.123687 0.03969471 0.0006690875 0.0003362249 0.0001714747 0.0003093269 0 3.698474e-05 0.002992401 1.008675e-05 0.01031874 0.01775267 0.02017013 0.001112904 4.370923e-05 3.362249e-06 0.002282967 3.026024e-05 6.724497e-06 5.043373e-05 0.0098682 3.362249e-06 0 0 0.0001109542 0 5.715823e-05 6.724497e-06 4.034698e-05 0 0.0001008675 1.681124e-05 3.362249e-06 0.0001580257 0.0009784144 2.689799e-05 0.0003059646 0 2.689799e-05 0.0001916482 0.0006690875 0.0002017349 7.060722e-05 0.007598682 0.0131901 0.0001714747 3.362249e-06 2.017349e-05 1.344899e-05 0 0 0.0002050972 1.344899e-05 0.002084594 0.001250757 0.001388609 0.0003563984 0 0 5.043373e-05 1.008675e-05
0.009148679 0.04343689 0.1448558 0.0007665927 0 0.00143568 0.1271636 0.01338511 0.0002555309 0.004851725 0.0005715823 1.344899e-05 0.0001546634 0.01901688 3.362249e-06 0.001324726 0.08030731 0.0002151839 0.003328626 7.060722e-05 0.03530361 0.002128303 0.1769451 0.00946473 5.043373e-05 0.09869209 0.4015399 0.03715957 0.006939681 0.01574205 4.370923e-05 5.715823e-05 0.0001412144 0.004145653 3.698474e-05 0.01438034 0.008136642 0.02094681 0.001133078 0.0001042297 0.0001244032 6.724497e-06 0.0001445767 3.362249e-06 0.01696591 0.06020442 1.008675e-05 0 0 0.0004908883 2.689799e-05 7.396947e-05 2.689799e-05 4.370923e-05 0 1.008675e-05 6.724497e-05 0 0.0003429494 0.002548584 4.034698e-05 0.0004539036 1.681124e-05 8.741847e-05 0.0003496739 0.003167238 0.0004471791 1.344899e-05 0.004851725 0.02638693 0.0007766794 5.379598e-05 6.388272e-05 1.681124e-05 0 0 0.001018761 3.026024e-05 0.009938807 0.008166902 0.008012239 0.001701298 0 0 0 2.353574e-05
0.001126353 6.724497e-06 0.0007665927 0.03212629 5.715823e-05 0.01110551 0.003227759 0.007531437 0.02642055 0.03123865 0.0003295004 0.04800282 0.0004841638 0.007837402 0.0006287405 1.344899e-05 0.0003799341 0.0001546634 0.0004068321 0.1052216 5.715823e-05 0 0.0003160514 0.08732432 6.724497e-06 0.000541322 0.0002824289 0.01233273 0.007450743 0.0001176787 2.017349e-05 0.0002454442 0.0001950104 0.002148477 5.715823e-05 0.004471791 0.000107592 0.008819178 0.001583619 0.003241208 0.001260843 6.724497e-06 0.000121041 2.353574e-05 1.008675e-05 3.026024e-05 0.01001278 3.362249e-06 0.001217134 0.001516374 0.0009716899 0.00405151 0.01513684 0 0.00337906 3.362249e-06 0.0006388272 0.0001479389 6.724497e-06 0 3.362249e-06 0 0.007070809 0 6.724497e-06 0 0.008644341 3.362249e-06 1.344899e-05 2.017349e-05 0.01309932 0.000554771 6.724497e-06 0 3.698474e-05 1.681124e-05 0.0002420819 0 0.0002050972 3.362249e-06 0.0004976128 3.362249e-06 0.0001815614 9.414296e-05 0 0
0 3.362249e-06 0 5.715823e-05 0 0.0004034698 1.344899e-05 3.362249e-05 0.01024813 4.707148e-05 1.344899e-05 0.003063009 0 3.362249e-06 0.01521081 0 0 3.362249e-06 0 0.0001244032 0 1.681124e-05 0 0.0006455517 0 1.008675e-05 3.362249e-06 6.388272e-05 2.689799e-05 0 0 0.0004707148 0 8.405622e-05 0 6.724497e-06 0 1.008675e-05 0 0.0187748 2.353574e-05 0 0 0 0 0 0 0 0 0 0 0 0 0 0 0 0 0 0 0 0 0 0 0 0 0 0 0 0 0 0 0 0 0 0 0 0 0 0 0 3.362249e-06 0 0 0 0 0
0.0009279806 2.017349e-05 0.00143568 0.01110551 0.0004034698 0.176313 0.09942842 0.1878219 0.002585569 0.3487123 0.001230583 0.09862484 0.00137516 0.03110752 0.01224867 1.344899e-05 0.00110618 0.0006287405 0.001250757 0.03324255 0.0001109542 3.362249e-06 0.0009985879 0.002730146 2.353574e-05 0.001354986 0.0006321028 0.05221236 0.01560756 0.0001983727 7.060722e-05 0.01376168 0.0001344899 0.008055948 4.034698e-05 0.003022662 8.069397e-05 0.01198305 0.001099455 0.028411 0.01144173 0 8.405622e-05 2.689799e-05 1.008675e-05 1.681124e-05 0.000716159 0 0.0001815614 0.0007195212 0.0002992401 0.0002925156 0.001849237 1.008675e-05 0.0003295004 6.724497e-06 0.0002588931 1.008675e-05 0 6.724497e-06 3.362249e-06 0 0.0008674602 0 0 3.362249e-06 0.0005917558 3.362249e-06 2.689799e-05 2.689799e-05 0.001304552 0.0003227759 0 0 3.362249e-05 1.344899e-05 9.414296e-05 3.362249e-06 0.0001546634 3.362249e-06 0.0002925156 0 1.008675e-05 5.043373e-05 0 3.362249e-06
0.1150393 0.00146594 0.1271636 0.003227759 1.344899e-05 0.09942842 0.1389752 0.1477742 0.01488131 0.06399032 0.002047609 0.001149889 0.001442405 0.2025856 6.388272e-05 0.0005783068 0.0392946 0.001173425 0.004686975 0.0003160514 0.0438639 0.0001513012 0.1284951 0.1369646 3.698474e-05 0.02312891 0.02269518 0.4015534 0.07077197 0.1247865 8.741847e-05 0.001025486 0.00146594 0.01737946 0.0002118217 0.01426938 0.001637415 0.04084796 0.004767669 0.002353574 0.002424181 1.681124e-05 0.0003295004 0.0001882859 0.0002353574 0.0007531437 0.0006052048 0 0.0001580257 0.002827651 0.0007834039 0.001230583 0.001940017 1.344899e-05 0.0003429494 1.008675e-05 0.001129716 3.362249e-06 2.353574e-05 4.370923e-05 1.008675e-05 1.008675e-05 0.0006321028 0 2.017349e-05 3.362249e-05 0.001203685 1.008675e-05 0.0001815614 0.0005850313 0.001933293 0.002380472 6.724497e-05 0 4.707148e-05 0.0001176787 0.0008304754 6.724497e-06 0.002007262 0.0001344899 0.0025116 1.681124e-05 1.008675e-05 0.0002521687 0 3.362249e-06
0.008301392 0.0001647502 0.01338511 0.007531437 3.362249e-05 0.1878219 0.1477742 0.1890996 0.001657589 0.1629514 0.003056284 0.05243763 0.002451079 0.1128404 0.01629682 2.017349e-05 0.02195885 0.001590344 0.004048147 0.02825634 0.002185462 5.715823e-05 0.02714343 0.00822406 6.388272e-05 0.005450205 0.002050972 0.02782597 0.01913792 0.01324054 0.0001479389 0.007370049 0.0003563984 0.01380876 3.698474e-05 0.004196086 0.0001781992 0.01421559 0.0006858987 0.03051241 0.01795441 1.681124e-05 0.0001311277 1.344899e-05 4.034698e-05 5.043373e-05 0.0001849237 0 6.052048e-05 0.0003328626 9.078071e-05 0.0001882859 0.0004438168 1.008675e-05 8.741847e-05 1.344899e-05 0.0001008675 0 6.724497e-06 1.008675e-05 0 6.724497e-06 0.0001815614 3.362249e-06 3.362249e-06 3.362249e-06 0.0002151839 3.026024e-05 4.034698e-05 0.0001479389 0.0003563984 0.0002353574 3.362249e-06 0 0 3.362249e-06 9.078071e-05 0 0.0002521687 6.724497e-06 0.0002790666 0 0 3.698474e-05 0 0
0.001159976 0.02128303 0.0002555309 0.02642055 0.01024813 0.002585569 0.01488131 0.001657589 0.004384372 0.01540919 0.0002050972 0.01451819 0.003288279 0.003120167 0.02461838 0.00468025 0.0003227759 0.0001681124 0.0005312353 0.02405016 0.001701298 0.062558 0.0006690875 0.1075449 0.007763432 0.0045155 0.01601103 0.05224598 0.01227557 0.004478515 9.078071e-05 0.0002151839 0.001422231 0.002367023 0.0003261381 0.02512945 0.001291103 0.01393316 0.005235021 0.006472329 0.0004303678 0.0001479389 0.0004101943 0.0002286329 1.008675e-05 0.0001008675 0.004101943 0 0.0006152915 0.002931881 0.0006119293 0.0008943581 0.006028512 6.724497e-06 0.001237308 6.724497e-06 0.001005312 8.405622e-05 0.001092731 1.008675e-05 1.344899e-05 6.724497e-06 0.002447717 0.000581669 6.724497e-06 0.0001849237 0.007178401 6.724497e-06 6.724497e-05 4.707148e-05 0.0085233 0.002531773 7.733172e-05 0 4.370923e-05 0.0002050972 0.0008977204 3.362249e-06 0.008173627 0.0001546634 0.004044785 6.724497e-06 0.0002017349 0.0002454442 6.724497e-06 6.052048e-05
0.008667877 0.0001277654 0.004851725 0.03123865 4.707148e-05 0.3487123 0.06399032 0.1629514 0.01540919 0.5337402 0.005628404 0.1114518 0.004747495 0.133061 0.0001781992 2.017349e-05 0.003584157 0.002656176 0.006959855 0.03980566 0.0004841638 3.026024e-05 0.003930469 0.01760473 0.0001714747 0.006848901 0.003234483 0.1226952 0.08282563 0.001354986 0.0002824289 0.002518324 0.0007968529 0.03051241 0.0004908883 0.02604062 0.0007228835 0.1063984 0.0108836 0.01063479 0.009844664 4.370923e-05 0.0009347051 9.414296e-05 4.034698e-05 0.0001344899 0.008677964 0 0.001576895 0.004851725 0.002037523 0.002935243 0.01738955 3.362249e-05 0.003385784 2.689799e-05 0.001751732 0.0001143165 1.008675e-05 1.681124e-05 1.008675e-05 2.353574e-05 0.007447381 1.008675e-05 1.008675e-05 3.362249e-06 0.006475691 2.017349e-05 0.0001109542 0.0002622554 0.01349943 0.001946742 3.698474e-05 3.362249e-06 0.000107592 6.052048e-05 0.0006959855 3.026024e-05 0.0009414296 1.681124e-05 0.00194338 3.362249e-06 0.0001176787 0.0002757044 0 2.017349e-05
0.0003832963 0.0005379598 0.0005715823 0.0003295004 1.344899e-05 0.001230583 0.002047609 0.003056284 0.0002050972 0.005628404 0.1262827 0.002454442 0.1215957 0.01135095 0.0001344899 4.370923e-05 0.003732096 0.03694439 0.02466546 0.001950104 7.060722e-05 0.0003530361 0.0005984803 0.0004639903 0.009236097 0.0964999 0.02066438 0.0007766794 0.005561159 0.0002824289 0.02299778 0.0006018425 1.008675e-05 0.06035573 0 0.004128841 0.03772107 0.06714074 0.02580526 0.001311277 0.001260843 0.002471253 1.344899e-05 0 0.0001042297 0.0001748369 0 0 3.362249e-06 6.052048e-05 0 1.344899e-05 1.008675e-05 0.0011667 3.362249e-06 0.002457804 1.681124e-05 0 6.724497e-06 9.414296e-05 0.0004942506 0.0002420819 6.724497e-06 0 1.681124e-05 2.689799e-05 2.017349e-05 0.001244032 0.001671038 0.004858449 2.353574e-05 3.362249e-06 6.724497e-06 0.0004169188 0 0 7.396947e-05 3.362249e-06 0.0003463116 0.0009212561 0.0005917558 8.405622e-05 3.362249e-06 0 0.0007867662 0
6.052048e-05 2.017349e-05 1.344899e-05 0.04800282 0.003063009 0.09862484 0.001149889 0.05243763 0.01451819 0.1114518 0.002454442 0.1241779 0.003352162 0.02685092 0.01493175 0 0.0001513012 0.001287741 0.002370385 0.12054 0 1.008675e-05 2.017349e-05 0.001149889 3.698474e-05 0.002367023 0.0009347051 0.009178939 0.01500235 2.017349e-05 0.0001916482 0.003180687 1.008675e-05 0.009737072 1.344899e-05 0.001506287 0.0001613879 0.02196557 0.000527873 0.01613207 0.006257145 3.362249e-06 5.043373e-05 1.344899e-05 0 1.681124e-05 0.001855961 0 0.0002353574 0.0003227759 0.0002050972 0.001590344 0.002198911 1.008675e-05 0.00107592 1.344899e-05 0.0001681124 0.0001244032 0 1.008675e-05 3.362249e-06 3.362249e-06 0.001244032 0 0 0 0.001913119 1.681124e-05 3.026024e-05 8.069397e-05 0.0020039 0.0001781992 0 3.362249e-06 1.008675e-05 3.362249e-06 6.724497e-05 0 9.750521e-05 0 0.0001882859 0 0.0001950104 2.017349e-05 0 0
0.0001647502 0.01510995 0.0001546634 0.0004841638 0 0.00137516 0.001442405 0.002451079 0.003288279 0.004747495 0.1215957 0.003352162 0.1207854 0.004616367 0.0001849237 3.026024e-05 0.0006152915 0.01315648 0.004875261 0.002195548 6.052048e-05 0.00959922 0.0002219084 0.005752807 0.1187647 0.02822272 0.04858113 0.0006657252 0.002128303 0.0001513012 0.01762827 0.0004808016 6.724497e-06 0.02823953 3.698474e-05 0.004179275 0.09374958 0.07693161 0.02851859 0.001987089 0.001072557 0.01577903 6.724497e-05 0 0.0001748369 4.370923e-05 6.724497e-06 0 0 2.689799e-05 3.362249e-06 3.362249e-05 2.353574e-05 0.00364804 3.362249e-06 0.00983794 3.362249e-06 0 3.362249e-06 3.026024e-05 0.001149889 0.0002252707 1.008675e-05 6.724497e-06 2.017349e-05 2.017349e-05 2.353574e-05 0.004868536 0.003184049 0.009010826 1.681124e-05 1.008675e-05 3.362249e-06 0.001590344 0 3.362249e-06 0.0001781992 6.724497e-06 0.0003026024 0.005107256 0.001987089 0.0002857911 0 0 0.0045155 0
0.04083451 0.0004774393 0.01901688 0.007837402 3.362249e-06 0.03110752 0.2025856 0.1128404 0.003120167 0.133061 0.01135095 0.02685092 0.004616367 0.0800854 0.003859861 0.0001109542 0.04333266 0.00551745 0.01535875 0.02080559 0.005611593 0.0001647502 0.05936722 0.02424181 0.0001714747 0.01406765 0.006068859 0.04564253 0.05345975 0.05047744 0.0005076995 0.001159976 0.0004841638 0.04727658 4.707148e-05 0.004686975 0.0006186538 0.03025351 0.0009380674 0.01196961 0.004549122 3.362249e-06 8.069397e-05 3.698474e-05 6.052048e-05 0.0001344899 0.0001580257 0 3.362249e-05 0.0004875261 0.0001109542 0.0003967453 0.0004001076 3.698474e-05 8.069397e-05 4.034698e-05 0.0001815614 6.724497e-06 2.353574e-05 3.026024e-05 2.689799e-05 1.681124e-05 0.0001815614 6.724497e-06 0 3.362249e-06 0.0002420819 4.034698e-05 0.0002857911 0.0004808016 0.0004471791 0.0003799341 6.724497e-06 1.008675e-05 6.724497e-06 1.681124e-05 0.0001647502 3.362249e-06 0.0005581333 2.017349e-05 0.0005917558 1.008675e-05 0 5.379598e-05 0 3.362249e-06
3.362249e-06 1.344899e-05 3.362249e-06 0.0006287405 0.01521081 0.01224867 6.388272e-05 0.01629682 0.02461838 0.0001781992 0.0001344899 0.01493175 0.0001849237 0.003859861 0.0111593 0 3.362249e-06 4.370923e-05 7.396947e-05 0.003466478 0 6.724497e-05 0 0.00224262 6.724497e-06 7.733172e-05 4.707148e-05 0.0003059646 0.001391971 0 3.362249e-06 0.00668415 0 0.0008775469 0 4.707148e-05 0 0.0005009751 3.362249e-06 0.01047004 0.001086006 0 3.362249e-06 0 0 0 3.362249e-05 0 1.008675e-05 1.344899e-05 6.724497e-06 7.733172e-05 5.715823e-05 0 3.026024e-05 0 3.362249e-06 1.008675e-05 0 0 0 0 3.362249e-05 0 0 0 4.370923e-05 0 0 6.724497e-06 3.362249e-05 0 0 0 0 6.724497e-06 0 0 0 0 6.724497e-06 0 6.724497e-06 0 0 0
7.060722e-05 0.0003597606 0.001324726 1.344899e-05 0 1.344899e-05 0.0005783068 2.017349e-05 0.00468025 2.017349e-05 4.370923e-05 0 3.026024e-05 0.0001109542 0 0.03085872 0.003241208 1.681124e-05 0.0004976128 0 0.01404411 0.04148342 0.05102885 0.02756708 5.715823e-05 0.000541322 0.1032916 0.01696591 0.0003866586 0.03354515 6.724497e-06 0 2.353574e-05 0.007780243 0.001190236 0.2989644 0.08294667 0.05248134 0.01259498 0.0002017349 2.689799e-05 1.344899e-05 0.001281017 6.724497e-06 5.715823e-05 8.069397e-05 0 0 0 6.052048e-05 6.724497e-06 0.0004976128 0 0 3.362249e-06 0 2.017349e-05 3.362249e-06 0.01212091 1.344899e-05 0 3.362249e-06 0 0.0003967453 0.01027839 0.007770157 0.002151839 0 1.344899e-05 0.007047273 0.001459216 5.715823e-05 3.362249e-06 0 3.362249e-06 1.681124e-05 5.715823e-05 3.698474e-05 0.008946944 0.004182637 0.001428956 0.0001378522 0 3.362249e-06 0 5.715823e-05
0.02659875 0.02031807 0.08030731 0.0003799341 0 0.00110618 0.0392946 0.02195885 0.0003227759 0.003584157 0.003732096 0.0001513012 0.0006152915 0.04333266 3.362249e-06 0.003241208 0.02438303 0.007921458 0.05048753 0.0001479389 0.008271132 0.001825701 0.04076727 0.006253783 0.0005345975 0.1113173 0.4435277 0.01238652 0.05173156 0.01662296 9.414296e-05 9.078071e-05 0.002380472 0.02424181 1.681124e-05 0.008180351 0.02312891 0.05973035 0.003187412 0.0001445767 0.0001882859 0 4.034698e-05 0 0.005604869 0.01368099 0 0 0 0.0002723421 6.724497e-06 7.733172e-05 2.353574e-05 7.733172e-05 6.724497e-06 0.000121041 3.362249e-05 0 0.0005379598 0.001936655 6.724497e-05 0.0006858987 0 5.043373e-05 0.0005177863 0.0008506489 0.0004337301 0.000107592 0.009716899 0.01888911 0.0002790666 1.681124e-05 2.017349e-05 2.017349e-05 3.362249e-06 0 0.0004976128 6.724497e-06 0.002656176 0.002269518 0.002521687 0.0004740771 0 0 0 1.008675e-05
0.0002420819 0.000541322 0.0002151839 0.0001546634 3.362249e-06 0.0006287405 0.001173425 0.001590344 0.0001681124 0.002656176 0.03694439 0.001287741 0.01315648 0.00551745 4.370923e-05 1.681124e-05 0.007921458 0.004727322 0.0247327 0.0009985879 4.707148e-05 0.0004101943 0.0004808016 0.0004169188 0.008271132 0.05689933 0.02169659 0.0004673526 0.002518324 0.0001580257 0.001671038 0.0002723421 1.008675e-05 0.02015668 0 0.004750857 0.02563715 0.06481407 0.02951046 0.000716159 0.0005110618 5.043373e-05 1.681124e-05 0 0.0001311277 0.0002118217 0 0 0 4.370923e-05 0 3.362249e-06 0 0.002091319 0 0.004434806 2.017349e-05 0 1.681124e-05 0.0001042297 0.00107592 0.0003328626 0 0 3.026024e-05 5.043373e-05 2.017349e-05 0.002424181 0.002992401 0.008795643 1.344899e-05 1.008675e-05 1.008675e-05 0.0009212561 0 0 0.0001244032 0 0.0003295004 0.0008002152 0.0007867662 0.0001916482 0 0 5.715823e-05 0
0.003147065 0.005611593 0.003328626 0.0004068321 0 0.001250757 0.004686975 0.004048147 0.0005312353 0.006959855 0.02466546 0.002370385 0.004875261 0.01535875 7.396947e-05 0.0004976128 0.05048753 0.0247327 0.02064757 0.00183915 0.0007632304 0.0011667 0.005779705 0.001701298 0.003607693 0.1163103 0.1066942 0.001711385 0.008829265 0.001462578 0.0004303678 0.0003496739 0.0002454442 0.06186538 1.008675e-05 0.009686638 0.0359189 0.1439076 0.02733508 0.001045659 0.0004875261 0 6.724497e-05 2.353574e-05 0.001761818 0.002746957 1.344899e-05 0 3.362249e-06 0.0004639903 3.362249e-05 1.344899e-05 0 0.001519736 3.362249e-06 0.001721471 4.707148e-05 0 7.733172e-05 0.0011667 0.0009347051 0.001502925 3.362249e-06 2.353574e-05 9.414296e-05 0.0003664851 0.0001008675 0.001620604 0.01067178 0.02261112 0.0003026024 6.724497e-06 3.026024e-05 0.0003900208 0 0 0.0005211485 1.008675e-05 0.0007632304 0.0009649654 0.001835788 0.0002757044 3.362249e-06 0 2.353574e-05 3.362249e-06
0.0002118217 2.353574e-05 7.060722e-05 0.1052216 0.0001244032 0.03324255 0.0003160514 0.02825634 0.02405016 0.03980566 0.001950104 0.12054 0.002195548 0.02080559 0.003466478 0 0.0001479389 0.0009985879 0.00183915 0.006001614 6.724497e-06 0 6.724497e-05 0.007723085 3.698474e-05 0.001748369 0.0008842714 0.0211788 0.01396006 5.379598e-05 8.741847e-05 0.001506287 4.034698e-05 0.007262457 4.707148e-05 0.002659539 0.0001681124 0.02144442 0.00100195 0.01020442 0.00384305 1.008675e-05 8.741847e-05 2.353574e-05 6.724497e-06 2.017349e-05 0.004259969 0 0.0005749445 0.0009952256 0.0005009751 0.001872773 0.006445431 1.681124e-05 0.001462578 1.008675e-05 0.0003631229 0.0001143165 3.362249e-06 0 3.362249e-06 0 0.002978952 0 0 3.362249e-06 0.003516912 6.724497e-06 2.353574e-05 6.388272e-05 0.005359424 0.0003160514 3.362249e-06 6.724497e-06 2.017349e-05 6.724497e-06 0.0001546634 3.362249e-06 0.0001714747 1.681124e-05 0.0004270056 0 0.0001042297 6.724497e-05 0 0
0.005477103 0.0001580257 0.03530361 5.715823e-05 0 0.0001109542 0.0438639 0.002185462 0.001701298 0.0004841638 7.060722e-05 0 6.052048e-05 0.005611593 0 0.01404411 0.008271132 4.707148e-05 0.0007632304 6.724497e-06 0.213449 0.02089301 0.2844093 0.007232197 6.724497e-06 0.001671038 0.03861543 0.07464528 0.01255464 0.2183343 0 6.724497e-06 0.0009078071 0.08387466 0.0007766794 0.2405185 0.01539574 0.2380876 0.03263735 0.0003900208 7.396947e-05 3.362249e-06 0.0008170264 1.008675e-05 2.017349e-05 7.733172e-05 0 0 0 8.405622e-05 6.724497e-06 0.0001815614 6.724497e-06 0 0 0 1.681124e-05 0 0.001771905 3.362249e-06 0 0 0 0.0005009751 0.001906395 0.0007834039 0.0004539036 0 2.353574e-05 0.0004438168 0.0005245108 3.362249e-05 6.724497e-06 0 0 0 2.353574e-05 6.724497e-06 0.002165288 0.0005211485 0.0002118217 1.344899e-05 0 3.362249e-06 0 1.008675e-05
6.052048e-05 0.08462107 0.002128303 0 1.681124e-05 3.362249e-06 0.0001513012 5.715823e-05 0.062558 3.026024e-05 0.0003530361 1.008675e-05 0.00959922 0.0001647502 6.724497e-05 0.04148342 0.001825701 0.0004101943 0.0011667 0 0.02089301 0.01834779 0.02826642 0.1605474 0.03483626 0.01167373 0.1109744 0.003695111 0.0005076995 0.002817564 0.0002588931 0 6.052048e-05 0.001213772 9.078071e-05 0.02787304 0.0112669 0.007134692 0.0009313429 0.0002454442 2.017349e-05 0.0005446843 0.0001647502 0 3.362249e-05 0.0005043373 6.724497e-06 0 6.724497e-06 0.0001143165 3.362249e-06 5.379598e-05 0 1.344899e-05 0 3.026024e-05 2.689799e-05 0 0.01212427 4.707148e-05 3.362249e-06 3.026024e-05 0 0.0009952256 0.0005076995 0.006660615 0.002827651 1.681124e-05 5.715823e-05 0.009958981 0.001701298 2.017349e-05 1.344899e-05 6.724497e-06 0 0 4.034698e-05 3.698474e-05 0.009908547 0.004397821 0.001422231 0.0001815614 6.724497e-06 6.724497e-06 3.362249e-06 6.724497e-05
0.04866519 0.002814202 0.1769451 0.0003160514 0 0.0009985879 0.1284951 0.02714343 0.0006690875 0.003930469 0.0005984803 2.017349e-05 0.0002219084 0.05936722 0 0.05102885 0.04076727 0.0004808016 0.005779705 6.724497e-05 0.2844093 0.02826642 0.2749109 0.03123865 4.034698e-05 0.007659202 0.4692993 0.1213604 0.07691816 0.1771031 1.681124e-05 7.733172e-05 0.002225809 0.1022359 0.001691211 0.6108399 0.08090915 0.3550333 0.04824154 0.0004774393 0.0001950104 2.353574e-05 0.0033488 3.362249e-06 0.00146594 0.002864636 6.724497e-06 0 6.724497e-06 7.060722e-05 6.724497e-06 0.0001277654 3.362249e-06 1.008675e-05 0 1.344899e-05 1.008675e-05 0 0.01084325 0.0002084594 1.008675e-05 9.078071e-05 6.724497e-06 0.0002723421 0.00865779 0.007551611 0.001667675 6.724497e-06 0.0002958779 0.02133683 0.001237308 6.388272e-05 3.362249e-06 3.362249e-06 0 2.353574e-05 6.052048e-05 9.078071e-05 0.009945532 0.005581333 0.002427544 0.0004068321 0 6.724497e-06 0 6.388272e-05
0.01195279 0.04394459 0.00946473 0.08732432 0.0006455517 0.002730146 0.1369646 0.00822406 0.1075449 0.01760473 0.0004639903 0.001149889 0.005752807 0.02424181 0.00224262 0.02756708 0.006253783 0.0004169188 0.001701298 0.007723085 0.007232197 0.1605474 0.03123865 0.05739358 0.01404411 0.01362383 0.1417221 0.1144442 0.1048786 0.09373949 0.0002185462 0.000107592 0.01280681 0.02341806 0.001701298 0.1795676 0.0112669 0.1284345 0.03464125 0.008086208 0.002208997 0.0002622554 0.001926568 0.0003295004 3.698474e-05 0.0002252707 0.009817766 3.362249e-06 0.001254119 0.00475422 0.00173492 0.009505077 0.01597068 3.698474e-05 0.003039473 0 0.002158564 0.0001277654 0.0005245108 3.026024e-05 6.724497e-06 6.724497e-06 0.006936319 8.405622e-05 0.0003563984 0.0003160514 0.01054065 6.724497e-06 0.0001311277 0.0004707148 0.01589671 0.004629816 0.0001008675 3.362249e-06 9.750521e-05 0.0002185462 0.001728196 2.017349e-05 0.007514626 0.0002017349 0.006310941 1.344899e-05 0.0001647502 0.0006522762 2.017349e-05 5.043373e-05
1.681124e-05 0.02923475 5.043373e-05 6.724497e-06 0 2.353574e-05 3.698474e-05 6.388272e-05 0.007763432 0.0001714747 0.009236097 3.698474e-05 0.1187647 0.0001714747 6.724497e-06 5.715823e-05 0.0005345975 0.008271132 0.003607693 3.698474e-05 6.724497e-06 0.03483626 4.034698e-05 0.01404411 0.007649116 0.07355928 0.08551207 0.0001378522 0.0001815614 8.405622e-05 0.01143501 6.724497e-06 6.724497e-06 0.00146594 3.362249e-06 0.001112904 0.01625311 0.01584964 0.003970816 5.043373e-05 8.741847e-05 0.0120234 6.724497e-06 0 0.0001983727 0.0001983727 0 0 3.362249e-06 9.078071e-05 1.008675e-05 6.724497e-06 3.362249e-06 0.003036111 3.362249e-06 0.01131733 2.353574e-05 0 1.681124e-05 0.0001176787 0.001173425 0.0004673526 0 1.681124e-05 5.715823e-05 3.026024e-05 2.689799e-05 0.004703786 0.003762356 0.01752068 7.396947e-05 6.724497e-06 6.724497e-06 0.001835788 0 0 0.0001849237 3.362249e-06 0.0002723421 0.00146594 0.001250757 0.0002757044 6.724497e-06 0 0.0006388272 0
0.002249344 0.123687 0.09869209 0.000541322 1.008675e-05 0.001354986 0.02312891 0.005450205 0.0045155 0.006848901 0.0964999 0.002367023 0.02822272 0.01406765 7.733172e-05 0.000541322 0.1113173 0.05689933 0.1163103 0.001748369 0.001671038 0.01167373 0.007659202 0.01362383 0.07355928 0.2450373 0.3839385 0.006438706 0.006674064 0.001486114 0.006711048 0.0003933831 0.0001176787 0.05276377 2.689799e-05 0.02764777 0.1419441 0.2442405 0.07443682 0.00130119 0.0008271132 0.0003059646 9.414296e-05 5.715823e-05 0.0140811 0.01351288 1.008675e-05 0 1.681124e-05 0.002249344 8.741847e-05 0.0001613879 7.060722e-05 0.008341739 6.724497e-06 0.01565463 0.0002084594 0 0.0003126891 0.006748033 0.005302266 0.007235559 6.724497e-06 0.0002118217 0.0004606281 0.001257481 0.0006657252 0.01300518 0.06420886 0.1210275 0.001344899 8.069397e-05 0.0002151839 0.003362249 1.008675e-05 0 0.002615829 1.344899e-05 0.003311815 0.004986215 0.009370587 0.001499563 1.008675e-05 0 0.0001781992 1.008675e-05
0.0008540112 0.03969471 0.4015399 0.0002824289 3.362249e-06 0.0006321028 0.02269518 0.002050972 0.01601103 0.003234483 0.02066438 0.0009347051 0.04858113 0.006068859 4.707148e-05 0.1032916 0.4435277 0.02169659 0.1066942 0.0008842714 0.03861543 0.1109744 0.4692993 0.1417221 0.08551207 0.3839385 0.5168112 0.06956829 0.003136978 0.00432049 0.008261045 0.0001479389 0.0001479389 0.07134692 0.0005514088 0.3954811 0.521162 0.5121243 0.05633784 0.0006657252 0.0003026024 0.0006959855 0.001832426 1.008675e-05 0.007154865 0.011899 1.344899e-05 0 3.362249e-06 0.0004034698 1.681124e-05 9.750521e-05 6.724497e-06 0.007279268 3.362249e-06 0.0156042 6.388272e-05 0 0.005214848 0.001267568 0.004959317 0.002161926 3.362249e-06 0.0002252707 0.005584695 0.004666801 0.001284379 0.0135196 0.01522426 0.09704458 0.001015399 2.017349e-05 9.078071e-05 0.003204223 0 3.362249e-06 0.00100195 0.000121041 0.01489812 0.009373949 0.007158227 0.001580257 6.724497e-06 3.362249e-06 0.0002723421 7.396947e-05
0.0130119 0.0006690875 0.03715957 0.01233273 6.388272e-05 0.05221236 0.4015534 0.02782597 0.05224598 0.1226952 0.0007766794 0.009178939 0.0006657252 0.04564253 0.0003059646 0.01696591 0.01238652 0.0004673526 0.001711385 0.0211788 0.07464528 0.003695111 0.1213604 0.1144442 0.0001378522 0.006438706 0.06956829 0.1475758 0.07714343 0.3060117 2.689799e-05 0.0003194136 0.006731222 0.03256002 0.001042297 0.143104 0.006707686 0.1500034 0.02772846 0.003143703 0.00311008 3.026024e-05 0.001358348 0.0002555309 7.396947e-05 0.0003194136 0.008096295 0 0.001294466 0.004727322 0.001936655 0.006290767 0.01539574 4.034698e-05 0.002804115 3.362249e-06 0.002195548 9.078071e-05 0.0003900208 2.689799e-05 6.724497e-06 1.008675e-05 0.006573196 5.043373e-05 0.0002723421 0.0002387197 0.007652478 0 9.750521e-05 0.000541322 0.0141517 0.004337301 0.000107592 3.362249e-06 0.0001042297 0.0002118217 0.00164414 3.026024e-05 0.006011701 0.0001479389 0.005776343 1.344899e-05 8.069397e-05 0.0006455517 0 4.370923e-05
0.04139264 0.0003362249 0.006939681 0.007450743 2.689799e-05 0.01560756 0.07077197 0.01913792 0.01227557 0.08282563 0.005561159 0.01500235 0.002128303 0.05345975 0.001391971 0.0003866586 0.05173156 0.002518324 0.008829265 0.01396006 0.01255464 0.0005076995 0.07691816 0.1048786 0.0001815614 0.006674064 0.003136978 0.07714343 0.2340226 0.1855659 0.0002219084 0.002192186 0.04688992 0.1277587 0.0002118217 0.01117948 0.0003126891 0.0620772 0.005026562 0.005887297 0.01035236 3.362249e-06 0.0002488064 0.0001042297 4.707148e-05 0.000107592 0.0002219084 0 6.388272e-05 0.001307915 0.0003160514 0.001630691 0.0005211485 2.689799e-05 9.750521e-05 2.689799e-05 0.0005379598 6.724497e-06 4.370923e-05 1.681124e-05 2.353574e-05 2.017349e-05 0.0002420819 1.344899e-05 2.689799e-05 2.689799e-05 0.0007228835 2.017349e-05 0.0001143165 0.0002185462 0.0009548786 0.001721471 3.698474e-05 1.344899e-05 3.026024e-05 8.069397e-05 0.0006287405 3.362249e-06 0.002326676 3.362249e-05 0.002363661 0 6.724497e-06 0.0002185462 0 1.344899e-05
0.09077735 0.0001714747 0.01574205 0.0001176787 0 0.0001983727 0.1247865 0.01324054 0.004478515 0.001354986 0.0002824289 2.017349e-05 0.0001513012 0.05047744 0 0.03354515 0.01662296 0.0001580257 0.001462578 5.379598e-05 0.2183343 0.002817564 0.1771031 0.09373949 8.405622e-05 0.001486114 0.00432049 0.3060117 0.1855659 0.144691 1.008675e-05 3.026024e-05 0.01416179 0.0670197 2.689799e-05 0.01110215 0.0002185462 0.05344967 0.003634591 5.043373e-05 5.043373e-05 1.344899e-05 3.698474e-05 6.724497e-06 1.008675e-05 3.026024e-05 1.008675e-05 0 3.362249e-06 0.000107592 3.362249e-05 0.0007632304 5.379598e-05 6.724497e-06 6.724497e-06 3.362249e-06 5.379598e-05 0 0.0002555309 0 0 0 6.724497e-06 0.0001479389 0.0002824289 8.405622e-05 0.0002252707 0 3.026024e-05 0.0001008675 0.0002420819 0.0001781992 3.362249e-06 0 0 3.362249e-06 9.414296e-05 0 0.001082644 5.715823e-05 0.0004270056 3.362249e-06 0 1.344899e-05 0 3.362249e-06
3.362249e-06 0.0003093269 4.370923e-05 2.017349e-05 0 7.060722e-05 8.741847e-05 0.0001479389 9.078071e-05 0.0002824289 0.02299778 0.0001916482 0.01762827 0.0005076995 3.362249e-06 6.724497e-06 9.414296e-05 0.001671038 0.0004303678 8.741847e-05 0 0.0002588931 1.681124e-05 0.0002185462 0.01143501 0.006711048 0.008261045 2.689799e-05 0.0002219084 1.008675e-05 0.0007329702 6.388272e-05 0 0.007840764 0 0.0008472867 0.01666667 0.01744335 0.007514626 8.741847e-05 0.0001580257 0.0006119293 0 0 2.353574e-05 1.008675e-05 0 0 0 0 0 0 0 0.0005177863 0 0.001304552 0 0 3.362249e-06 6.724497e-06 0.0002084594 2.689799e-05 0 3.362249e-06 3.362249e-06 0 3.362249e-06 0.0007598682 0.000514424 0.001297828 0 0 0 0.0002790666 0 0 2.017349e-05 0 8.069397e-05 0.0004572658 0.0001916482 2.017349e-05 0 0 0.0002857911 0
5.043373e-05 0 5.715823e-05 0.0002454442 0.0004707148 0.01376168 0.001025486 0.007370049 0.0002151839 0.002518324 0.0006018425 0.003180687 0.0004808016 0.001159976 0.00668415 0 9.078071e-05 0.0002723421 0.0003496739 0.001506287 6.724497e-06 0 7.733172e-05 0.000107592 6.724497e-06 0.0003933831 0.0001479389 0.0003194136 0.002192186 3.026024e-05 6.388272e-05 1.344899e-05 3.362249e-06 0.02861274 0 0.0003160514 1.681124e-05 0.001805528 2.353574e-05 0.0144375 0.01712729 3.362249e-06 3.362249e-06 0 3.362249e-06 0 3.362249e-06 0 3.362249e-06 0 3.362249e-06 0 1.008675e-05 3.362249e-06 0 0 0 0 0 0 3.362249e-06 0 3.362249e-06 0 0 0 3.362249e-06 0 3.362249e-06 1.008675e-05 0 0 0 0 0 0 0 0 0 0 3.362249e-06 0 0 0 0 0
0.0004135566 3.698474e-05 0.0001412144 0.0001950104 0 0.0001344899 0.00146594 0.0003563984 0.001422231 0.0007968529 1.008675e-05 1.008675e-05 6.724497e-06 0.0004841638 0 2.353574e-05 0.002380472 1.008675e-05 0.0002454442 4.034698e-05 0.0009078071 6.052048e-05 0.002225809 0.01280681 6.724497e-06 0.0001176787 0.0001479389 0.006731222 0.04688992 0.01416179 0 3.362249e-06 0.0002790666 0.009669827 1.344899e-05 0.0009716899 1.344899e-05 0.003637953 0.0004740771 2.353574e-05 4.370923e-05 0 2.689799e-05 1.008675e-05 3.362249e-06 6.724497e-06 1.008675e-05 0 3.362249e-06 7.396947e-05 2.017349e-05 0.0001344899 3.026024e-05 3.362249e-06 0 0 5.043373e-05 0 1.681124e-05 0 0 0 6.724497e-06 0 3.362249e-06 0 5.715823e-05 0 1.681124e-05 6.724497e-06 0.0001244032 0.0001748369 1.008675e-05 0 3.362249e-06 1.008675e-05 5.715823e-05 3.362249e-06 0.0003160514 3.362249e-06 0.0002050972 0 0 3.026024e-05 0 0
0.0128606 0.002992401 0.004145653 0.002148477 8.405622e-05 0.008055948 0.01737946 0.01380876 0.002367023 0.03051241 0.06035573 0.009737072 0.02823953 0.04727658 0.0008775469 0.007780243 0.02424181 0.02015668 0.06186538 0.007262457 0.08387466 0.001213772 0.1022359 0.02341806 0.00146594 0.05276377 0.07134692 0.03256002 0.1277587 0.0670197 0.007840764 0.02861274 0.009669827 0.05327483 3.698474e-05 0.005480465 0.003563984 0.1039607 0.003120167 0.003500101 0.0004270056 0.0002084594 0.0001042297 1.681124e-05 0.000675812 0.001751732 4.034698e-05 0 1.344899e-05 0.0001815614 2.689799e-05 0.0003328626 0.000121041 0.0001344899 2.017349e-05 0.0002151839 8.405622e-05 0 0.0003160514 0.0001647502 5.043373e-05 0.0001378522 5.379598e-05 1.681124e-05 0.0002353574 0.0002521687 0.0001916482 0.0001983727 0.001005312 0.00384305 0.0002757044 0.0002219084 1.008675e-05 4.370923e-05 1.008675e-05 1.344899e-05 0.0001781992 0 0.001281017 0.0004841638 0.0007531437 7.060722e-05 0 3.362249e-05 3.362249e-06 1.008675e-05
0 1.008675e-05 3.698474e-05 5.715823e-05 0 4.034698e-05 0.0002118217 3.698474e-05 0.0003261381 0.0004908883 0 1.344899e-05 3.698474e-05 4.707148e-05 0 0.001190236 1.681124e-05 0 1.008675e-05 4.707148e-05 0.0007766794 9.078071e-05 0.001691211 0.001701298 3.362249e-06 2.689799e-05 0.0005514088 0.001042297 0.0002118217 2.689799e-05 0 0 1.344899e-05 3.698474e-05 0.34884 0.116939 0.001654226 0.002720059 0.0002891534 0.0001344899 5.715823e-05 4.034698e-05 0.001170063 3.362249e-06 1.008675e-05 1.344899e-05 0 0 0 6.724497e-06 6.724497e-06 5.379598e-05 3.362249e-06 2.353574e-05 3.362249e-06 3.362249e-06 6.724497e-06 0 2.017349e-05 3.362249e-06 0 0 3.362249e-06 3.362249e-06 1.681124e-05 1.344899e-05 1.681124e-05 0 5.715823e-05 0.0001882859 1.008675e-05 3.026024e-05 0 0 0 0 2.017349e-05 0.4089907 0.001650864 0.0001781992 0.0003429494 0.0006018425 0 1.344899e-05 1.344899e-05 6.052048e-05
0.0002555309 0.01031874 0.01438034 0.004471791 6.724497e-06 0.003022662 0.01426938 0.004196086 0.02512945 0.02604062 0.004128841 0.001506287 0.004179275 0.004686975 4.707148e-05 0.2989644 0.008180351 0.004750857 0.009686638 0.002659539 0.2405185 0.02787304 0.6108399 0.1795676 0.001112904 0.02764777 0.3954811 0.143104 0.01117948 0.01110215 0.0008472867 0.0003160514 0.0009716899 0.005480465 0.116939 0.02457468 0.9326071 0.2348901 0.02148141 0.1218882 0.01633717 0.004004438 0.006179813 0.0001412144 0.003086544 0.006657252 0.0001008675 0 4.034698e-05 0.001250757 0.0002925156 0.00478448 0.0002757044 9.078071e-05 6.388272e-05 9.078071e-05 0.0006388272 6.724497e-06 0.006512676 0.000622016 3.026024e-05 0.0001950104 0.0001143165 0.0005783068 0.004989577 0.004781118 0.002575482 0.0001008675 0.002091319 0.02315917 0.002531773 0.002360299 0.0001008675 2.353574e-05 4.370923e-05 0.0002319952 0.001190236 0.004421357 0.01682469 0.004468428 0.007420483 0.0009078071 3.362249e-06 0.0004101943 1.681124e-05 0.0001042297
0.0001008675 0.01775267 0.008136642 0.000107592 0 8.069397e-05 0.001637415 0.0001781992 0.001291103 0.0007228835 0.03772107 0.0001613879 0.09374958 0.0006186538 0 0.08294667 0.02312891 0.02563715 0.0359189 0.0001681124 0.01539574 0.0112669 0.08090915 0.0112669 0.01625311 0.1419441 0.521162 0.006707686 0.0003126891 0.0002185462 0.01666667 1.681124e-05 1.344899e-05 0.003563984 0.001654226 0.9326071 0.04653016 0.0269417 0.02635331 0.001284379 0.001459216 0.0004639903 0.002878085 1.008675e-05 0.003301728 0.007810504 0 0 0 0.0002454442 6.724497e-06 0.0002118217 1.681124e-05 0.0009178939 0 0.001223859 5.379598e-05 0 0.002787304 0.001146527 0.0002319952 0.0006287405 3.362249e-06 0.0001748369 0.002380472 0.002504875 0.0006321028 0.0007632304 0.006630354 0.0177325 0.000581669 5.043373e-05 1.681124e-05 0.0001950104 0 3.362249e-06 0.0003832963 0.0002118217 0.03563647 0.004263331 0.003466478 0.0005009751 0 3.362249e-06 0.002733508 2.689799e-05
0.003819514 0.02017013 0.02094681 0.008819178 1.008675e-05 0.01198305 0.04084796 0.01421559 0.01393316 0.1063984 0.06714074 0.02196557 0.07693161 0.03025351 0.0005009751 0.05248134 0.05973035 0.06481407 0.1439076 0.02144442 0.2380876 0.007134692 0.3550333 0.1284345 0.01584964 0.2442405 0.5121243 0.1500034 0.0620772 0.05344967 0.01744335 0.001805528 0.003637953 0.1039607 0.002720059 0.2348901 0.0269417 0.1379396 0.01601439 0.00832829 0.001623966 0.002686437 0.002225809 0.0001109542 0.00468025 0.01045996 0.0001916482 0 7.060722e-05 0.00157017 0.0002757044 0.00273687 0.0005076995 0.000514424 9.414296e-05 0.0009716899 0.0005514088 3.362249e-06 0.001667675 0.001425593 0.0003261381 0.0007968529 0.0001815614 0.0001378522 0.001361711 0.001546634 0.00133145 0.0009985879 0.007807141 0.02167978 0.001597068 0.00180889 7.733172e-05 0.0002286329 2.017349e-05 0.000107592 0.00113644 0.0006926232 0.01378522 0.002575482 0.005604869 0.0004942506 1.008675e-05 0.0002891534 5.379598e-05 5.379598e-05
0.0001109542 0.001112904 0.001133078 0.001583619 0 0.001099455 0.004767669 0.0006858987 0.005235021 0.0108836 0.02580526 0.000527873 0.02851859 0.0009380674 3.362249e-06 0.01259498 0.003187412 0.02951046 0.02733508 0.00100195 0.03263735 0.0009313429 0.04824154 0.03464125 0.003970816 0.07443682 0.05633784 0.02772846 0.005026562 0.003634591 0.007514626 2.353574e-05 0.0004740771 0.003120167 0.0002891534 0.02148141 0.02635331 0.01601439 0.002145115 7.396947e-05 4.370923e-05 0.003853137 0.00130119 6.052048e-05 0.0002050972 0.0003631229 5.715823e-05 0 1.344899e-05 0.0004303678 7.060722e-05 0.0008103019 8.405622e-05 0.0002319952 2.017349e-05 0.0004236433 0.0001613879 0 0.0001445767 9.750521e-05 0.0001109542 0.0001042297 3.026024e-05 2.017349e-05 9.078071e-05 9.750521e-05 0.0002689799 0.0003563984 0.0007800417 0.002205635 0.0003967453 0.0006052048 1.681124e-05 0.0001042297 1.008675e-05 2.689799e-05 0.0002824289 8.405622e-05 0.002013987 0.0001344899 0.001163338 3.026024e-05 0 8.405622e-05 1.008675e-05 1.344899e-05
4.370923e-05 4.370923e-05 0.0001042297 0.003241208 0.0187748 0.028411 0.002353574 0.03051241 0.006472329 0.01063479 0.001311277 0.01613207 0.001987089 0.01196961 0.01047004 0.0002017349 0.0001445767 0.000716159 0.001045659 0.01020442 0.0003900208 0.0002454442 0.0004774393 0.008086208 5.043373e-05 0.00130119 0.0006657252 0.003143703 0.005887297 5.043373e-05 8.741847e-05 0.0144375 2.353574e-05 0.003500101 0.0001344899 0.1218882 0.001284379 0.00832829 7.396947e-05 0.006472329 0.003318539 6.052048e-05 0.0002857911 6.724497e-06 6.724497e-06 3.362249e-06 0.0001042297 3.362249e-06 2.353574e-05 3.362249e-05 2.353574e-05 0.0001580257 0.0001344899 6.724497e-06 9.750521e-05 6.724497e-06 1.008675e-05 2.689799e-05 1.008675e-05 0 3.362249e-06 3.362249e-06 4.034698e-05 0 0 0 0.0001008675 3.362249e-06 1.681124e-05 4.034698e-05 0.0001412144 2.689799e-05 3.362249e-06 0 0 3.362249e-06 1.681124e-05 1.344899e-05 7.396947e-05 0 5.379598e-05 0 6.388272e-05 0 0 0
0.0001143165 3.362249e-06 0.0001244032 0.001260843 2.353574e-05 0.01144173 0.002424181 0.01795441 0.0004303678 0.009844664 0.001260843 0.006257145 0.001072557 0.004549122 0.001086006 2.689799e-05 0.0001882859 0.0005110618 0.0004875261 0.00384305 7.396947e-05 2.017349e-05 0.0001950104 0.002208997 8.741847e-05 0.0008271132 0.0003026024 0.00311008 0.01035236 5.043373e-05 0.0001580257 0.01712729 4.370923e-05 0.0004270056 5.715823e-05 0.01633717 0.001459216 0.001623966 4.370923e-05 0.003318539 6.388272e-05 0.0007060722 0.0003933831 3.362249e-06 0 0 6.724497e-06 0 3.362249e-06 8.405622e-05 1.344899e-05 9.750521e-05 3.698474e-05 1.008675e-05 1.344899e-05 3.362249e-06 2.353574e-05 6.724497e-06 0 6.724497e-06 0 0 6.724497e-06 0 0 0 4.034698e-05 0 6.724497e-06 1.681124e-05 4.707148e-05 7.733172e-05 3.362249e-06 3.362249e-06 0 1.008675e-05 4.034698e-05 4.034698e-05 0.0001311277 6.724497e-06 0.0001344899 0 0 1.344899e-05 0 3.362249e-06
0 0.002282967 6.724497e-06 6.724497e-06 0 0 1.681124e-05 1.681124e-05 0.0001479389 4.370923e-05 0.002471253 3.362249e-06 0.01577903 3.362249e-06 0 1.344899e-05 0 5.043373e-05 0 1.008675e-05 3.362249e-06 0.0005446843 2.353574e-05 0.0002622554 0.0120234 0.0003059646 0.0006959855 3.026024e-05 3.362249e-06 1.344899e-05 0.0006119293 3.362249e-06 0 0.0002084594 4.034698e-05 0.004004438 0.0004639903 0.002686437 0.003853137 6.052048e-05 0.0007060722 3.362249e-05 3.362249e-06 0 2.017349e-05 0 0 0 0 0 0 0 0 1.344899e-05 0 2.689799e-05 0 0 0 3.362249e-06 0 6.724497e-06 0 0 0 0 0 5.715823e-05 2.353574e-05 0.0001445767 0 0 0 3.362249e-06 0 0 3.362249e-06 4.034698e-05 0.0009582409 6.724497e-06 4.034698e-05 2.017349e-05 0 0 2.689799e-05 0
0 3.026024e-05 0.0001445767 0.000121041 0 8.405622e-05 0.0003295004 0.0001311277 0.0004101943 0.0009347051 1.344899e-05 5.043373e-05 6.724497e-05 8.069397e-05 3.362249e-06 0.001281017 4.034698e-05 1.681124e-05 6.724497e-05 8.741847e-05 0.0008170264 0.0001647502 0.0033488 0.001926568 6.724497e-06 9.414296e-05 0.001832426 0.001358348 0.0002488064 3.698474e-05 0 3.362249e-06 2.689799e-05 0.0001042297 0.001170063 0.006179813 0.002878085 0.002225809 0.00130119 0.0002857911 0.0003933831 3.362249e-06 4.034698e-05 3.362249e-06 6.724497e-06 6.724497e-05 0 0 0 2.353574e-05 1.681124e-05 4.370923e-05 0 0 0 0 1.008675e-05 0 5.379598e-05 0 0 3.362249e-06 0 3.362249e-06 4.034698e-05 3.026024e-05 3.026024e-05 0 6.724497e-06 0.0001143165 1.344899e-05 6.724497e-05 0 0 0 0 2.017349e-05 5.379598e-05 0.0002118217 2.017349e-05 8.069397e-05 3.362249e-06 0 2.017349e-05 0 3.362249e-06
