0.01219176 0 0.009456575 0.000197012 7.552126e-05 0.0005516336 0.05153505 0.00773272 0.0004859629 0.002390412 0.0004596946 5.582006e-05 0 0.07231982 1.641767e-05 6.567066e-06 0.03104581 9.850599e-05 0.001631916 0.0001083566 0.004524709 3.283533e-06 0.009791496 0.01520933 0 0.002735183 0.0005286488 0.02661304 0.0349959 0.06244952 0 0.0005811854 0.0009292399 0.01286488 3.283533e-06 0.00143162 0.0001214907 0.002997866 0.0002364144 4.268593e-05 9.850599e-06 0 6.567066e-06 3.283533e-06 0 1.313413e-05 1.641767e-05 0 1.313413e-05 7.223773e-05 2.95518e-05 4.268593e-05 4.268593e-05 0 0 0 3.611886e-05 0 1.313413e-05 0 0 0 6.567066e-06 2.298473e-05 3.283533e-06 3.283533e-06 0.0005746183 0 6.567066e-06 9.850599e-06 0.0005220818 0.0001050731 3.283533e-06 0 0 9.850599e-06 4.596946e-05 0 0.0001149237 3.283533e-06 9.193893e-05 6.567066e-06 0 3.283533e-06 0 0
0 0.002607125 0.004787391 0 1.313413e-05 0 1.641767e-05 9.850599e-06 0.04681333 6.567066e-06 0.0007059596 3.283533e-06 0.01053029 0 0.0005253653 0.001001478 0.0001871614 0.0006501396 0.001467739 0 4.268593e-05 0.07128222 8.865539e-05 0.05113446 0.03520276 0.02112625 0.1515942 0.0005943195 2.626826e-05 1.313413e-05 0.001825644 0 3.283533e-06 4.9253e-05 3.283533e-06 0.0003546216 0.0008668527 0.0006304384 0.0003217862 0.0003414874 0 0.002321458 0 6.567066e-06 0.0001838779 0.01312428 0 0 3.283533e-06 4.9253e-05 9.850599e-06 6.567066e-05 9.850599e-06 9.850599e-06 0 0.0001740273 1.313413e-05 0 0.0002758168 0.0008340174 9.850599e-06 0.0002265638 3.283533e-06 0.0001083566 0.0002396979 0.0009719258 0.0004695452 6.238713e-05 0.002002955 0.02803809 0.0002134297 3.283533e-05 1.97012e-05 3.611886e-05 0 1.313413e-05 0.0002988015 3.283533e-06 0.000794615 2.95518e-05 0.0003546216 0.0001280578 3.283533e-06 0 3.283533e-06 0
0.009456575 0.004787391 0.07164012 0.0004892464 0.0003611886 0.003907404 0.1375899 0.03482844 0.000197012 0.01497948 0.001316697 0.0001149237 6.567066e-06 0.06110327 3.611886e-05 0.001099984 0.2199573 0.0006895419 0.01495978 0.0002823838 0.04252175 0.0005122312 0.1210048 0.01574454 0 0.1592678 0.07777705 0.04988015 0.01256608 0.04319159 1.641767e-05 0.0005319324 0.0007387949 0.02896405 0.0006993925 0.1841832 0.05710392 0.1761254 0.02229191 0.0005122312 6.895419e-05 9.193893e-05 0.0006665572 5.582006e-05 0.005043507 0.0701691 1.313413e-05 0 1.313413e-05 0.0004465605 6.895419e-05 0.0001379084 4.9253e-05 3.611886e-05 0 9.850599e-06 7.223773e-05 0 0.002071909 0.001769824 2.626826e-05 8.537186e-05 3.283533e-06 0.001576096 0.001316697 0.01885076 0.003638155 0 0.0003086521 0.08623215 0.002442949 0.0004301428 0.0002758168 9.850599e-06 0 0.0001740273 0.003017567 0.0001576096 0.008153013 0.0002758168 0.003352487 0.001457889 2.626826e-05 1.641767e-05 0 1.641767e-05
0.000197012 0 0.0004892464 0.01391561 0.0008996881 0.007217206 0.001687736 0.007112133 0.0194418 0.03450993 2.626826e-05 0.09101297 0 0.005854539 0.003575768 0 4.268593e-05 6.567066e-06 1.641767e-05 0.04332294 8.537186e-05 3.283533e-06 7.223773e-05 0.02124774 0 5.253653e-05 9.850599e-06 0.05017895 0.006005582 6.895419e-05 0 0.001073715 9.850599e-05 0.001168938 2.626826e-05 0.005342308 7.223773e-05 0.004560827 0.0004859629 0.01963881 0.0001871614 0 6.567066e-05 2.95518e-05 0 3.283533e-06 0.001710721 0 0.0005779018 0.001145953 0.0005779018 0.001342965 0.003211295 0 0.0001805943 0 0.0002035791 6.567066e-06 3.283533e-06 0 0 0 0.00049253 3.283533e-06 0 6.567066e-06 0.002945329 0 0 6.567066e-06 0.003979642 0.0003185027 0 0 6.567066e-06 3.283533e-06 0.0001411919 0 0.000197012 0 0.0002101461 1.97012e-05 0.0001050731 6.567066e-06 3.283533e-06 6.567066e-06
7.552126e-05 1.313413e-05 0.0003611886 0.0008996881 0.0001182072 0.01940568 0.001960269 0.01057626 0.001773108 0.007657199 4.9253e-05 0.01548186 3.283533e-06 0.001113118 0.01346249 0 0.0003053686 3.283533e-06 3.611886e-05 0.00307667 6.567066e-05 2.626826e-05 7.223773e-05 0.001815794 6.567066e-06 5.582006e-05 1.641767e-05 0.001280578 0.00049253 0.0001707437 3.283533e-06 0.002209818 0 0.0003119356 0 0.0001773108 9.850599e-06 0.001044164 7.880479e-05 0.03883763 0.0001608931 3.283533e-06 0 6.567066e-06 0 0 0 0 3.283533e-06 5.91036e-05 3.611886e-05 1.313413e-05 1.97012e-05 0 0 0 1.313413e-05 3.283533e-06 0 0 0 0 0 0 0 0 0.0002265638 0 0 0 0.0002068626 3.94024e-05 3.283533e-06 0 0 0 6.567066e-06 0 4.268593e-05 0 3.94024e-05 0 3.283533e-06 0 0 0
0.0005516336 0 0.003907404 0.007217206 0.01940568 0.1665178 0.03217534 0.1354884 0.0003874569 0.2471647 0.0003644722 0.1670103 3.94024e-05 0.0188245 0.01127237 0 0.002157281 1.97012e-05 0.000197012 0.03039567 0.0009128222 0 0.0008405845 0.003897554 0 0.0009062551 0.0001247743 0.01061238 0.005729765 0.002088327 3.283533e-06 0.01007716 5.582006e-05 0.005381711 1.313413e-05 0.003329503 0.0001346249 0.01062223 0.0006698407 0.009781645 0.005568872 2.626826e-05 4.9253e-05 2.95518e-05 0 1.313413e-05 4.9253e-05 0 4.9253e-05 0.0004104416 0.0001543261 0.0001050731 0.0001707437 0 0 0 8.537186e-05 0 0 3.283533e-06 0 0 2.298473e-05 1.313413e-05 0 6.567066e-06 0.001231325 0 3.283533e-06 9.850599e-06 0.0008767033 0.0001805943 6.567066e-06 0 3.283533e-06 0 8.537186e-05 0 0.000147759 0 0.0001444755 6.567066e-06 6.567066e-06 1.313413e-05 0 0
0.05153505 1.641767e-05 0.1375899 0.001687736 0.001960269 0.03217534 0.2086784 0.1432638 0.003628304 0.07908061 0.0002561156 0.001444755 9.850599e-06 0.2813824 0.0003907404 8.537186e-05 0.02172385 7.880479e-05 0.001911016 0.001083566 0.08574618 5.582006e-05 0.05866032 0.07807913 3.283533e-06 0.01744869 0.0043868 0.4887079 0.07135117 0.1774323 0 0.002593991 0.004964702 0.01812182 0.0004334264 0.03398457 0.001405352 0.03991791 0.006212445 0.00181251 0.00049253 3.283533e-05 0.0002659662 0.0002298473 9.850599e-06 0.0005187982 0.0004038746 0 0.0002823838 0.002176982 0.001136102 0.0009817764 0.0008241668 0 2.95518e-05 0 0.0009784929 3.283533e-06 0.0002495485 3.611886e-05 3.283533e-06 3.283533e-06 0.0001313413 0.0002495485 6.238713e-05 0.0002856674 0.01300607 0 5.91036e-05 0.0004629782 0.01251026 0.002623543 7.223773e-05 0 1.313413e-05 0.0002626826 0.001182072 1.641767e-05 0.003007716 1.97012e-05 0.002321458 0.0002364144 2.95518e-05 9.193893e-05 0 3.283533e-05
0.00773272 9.850599e-06 0.03482844 0.007112133 0.01057626 0.1354884 0.1432638 0.158992 0.002314891 0.1985914 0.003270399 0.05442128 0.0002692497 0.1103136 0.003441143 2.626826e-05 0.02618618 0.0003382039 0.002725332 0.02012806 0.008593006 3.94024e-05 0.007105566 0.02859957 3.283533e-06 0.008957478 0.001576096 0.04269906 0.01963224 0.02790675 6.567066e-05 0.01264489 0.0002561156 0.03580364 5.253653e-05 0.01253653 0.0009390905 0.06439993 0.003342637 0.01669677 0.009968806 0.0002889509 0.0001674602 0.0001576096 3.283533e-06 9.850599e-05 0.0003119356 0 0.0002429814 0.003001149 0.0008635692 0.0004596946 0.0008504351 0 3.283533e-05 3.283533e-06 0.0007814809 6.567066e-06 3.283533e-06 6.567066e-06 3.283533e-06 0 0.0001050731 6.895419e-05 1.97012e-05 2.626826e-05 0.008287637 0 2.626826e-05 7.223773e-05 0.006002298 0.001369233 1.97012e-05 0 1.97012e-05 7.552126e-05 0.0005089476 3.283533e-06 0.001054014 1.641767e-05 0.0009062551 0.0001149237 6.567066e-06 2.95518e-05 0 2.298473e-05
0.0004859629 0.04681333 0.000197012 0.0194418 0.001773108 0.0003874569 0.003628304 0.002314891 0.006222295 0.01735019 7.880479e-05 0.002774585 0.0007650632 0.001897882 0.01388278 0.001214907 8.537186e-05 0.0001083566 0.0002002955 0.008642259 0.0008767033 0.04550648 0.0001576096 0.1808537 0.01149565 0.003634871 0.01881464 0.06006895 0.006163192 0.001280578 0.000252832 0.0002429814 0.0009587917 0.001438187 4.596946e-05 0.004646199 0.0001543261 0.003467411 0.000640289 0.002403546 8.865539e-05 6.567066e-05 2.626826e-05 0.0004892464 1.313413e-05 3.283533e-05 0.004527992 0 0.001090133 0.007584961 0.001503858 0.001362666 0.007256608 6.567066e-06 0.0002758168 6.567066e-06 0.001382367 3.611886e-05 0.0005319324 2.298473e-05 0 9.850599e-06 0.001211624 0.0003480545 0.0001805943 4.9253e-05 0.04857659 6.567066e-06 8.208833e-05 0.0001444755 0.02184863 0.003257265 0.0002101461 3.283533e-06 1.97012e-05 0.000394024 0.001162371 6.567066e-06 0.00351338 5.91036e-05 0.002153998 0.0002167132 0.0001149237 8.865539e-05 3.283533e-06 2.298473e-05
0.002390412 6.567066e-06 0.01497948 0.03450993 0.007657199 0.2471647 0.07908061 0.1985914 0.01735019 0.3446987 0.0004038746 0.04633065 3.94024e-05 0.1148646 0.002997866 1.313413e-05 0.003644722 3.611886e-05 0.0003316368 0.03954359 0.004140535 1.313413e-05 0.003237564 0.0328813 0 0.002892793 0.0004892464 0.1329338 0.08485635 0.004042029 9.850599e-06 0.01008045 0.001008045 0.01625349 0.0003874569 0.06241996 0.001251026 0.0627516 0.005739616 0.01634543 0.001815794 8.537186e-05 0.0007519291 0.0001411919 0 7.880479e-05 0.004133968 0 0.001710721 0.005608275 0.001927434 0.002459366 0.008803152 6.567066e-06 0.0002298473 3.283533e-06 0.001126252 3.94024e-05 2.626826e-05 1.313413e-05 0 6.567066e-06 0.001313413 6.567066e-05 9.850599e-06 3.283533e-05 0.01343293 0 2.626826e-05 6.238713e-05 0.01339681 0.001553111 6.567066e-06 0 3.283533e-05 3.611886e-05 0.0007880479 0 0.001034313 9.850599e-06 0.001162371 0.0001313413 0.0001444755 6.238713e-05 0 1.313413e-05
0.0004596946 0.0007059596 0.001316697 2.626826e-05 4.9253e-05 0.0003644722 0.0002561156 0.003270399 7.880479e-05 0.0004038746 0.05228041 0.0001805943 0.03715646 0.001710721 3.283533e-06 0.000246265 0.001871614 0.04181579 0.04289608 8.537186e-05 0.002039074 0.0001411919 0.00274175 0.0002101461 0.002695781 0.1263996 0.02075193 0.000541783 0.004560827 0.0004399934 0.01153177 0.0003611886 0.000197012 0.03076999 3.94024e-05 0.02737482 0.08102775 0.1017206 0.0239074 0.0006304384 0.0005155147 0.01532097 0.0001674602 0 9.193893e-05 0.0001346249 0 0 0 9.850599e-06 3.283533e-06 6.567066e-06 0 0.0005023806 0 0.004945001 1.313413e-05 0 2.95518e-05 4.9253e-05 0.0001805943 0.000942374 0 6.567066e-06 9.850599e-06 1.97012e-05 3.283533e-05 0.0008799869 0.005122312 0.005572156 2.95518e-05 3.283533e-06 0 0.001723855 0 0 0.0001707437 2.298473e-05 4.9253e-05 0.001047447 0.0006271548 3.283533e-05 0 0 0.000443277 0
5.582006e-05 3.283533e-06 0.0001149237 0.09101297 0.01548186 0.1670103 0.001444755 0.05442128 0.002774585 0.04633065 0.0001805943 0.08127401 6.567066e-06 0.03347562 0.0370284 0 3.94024e-05 6.567066e-06 1.641767e-05 0.1037662 6.567066e-06 6.567066e-06 1.313413e-05 0.006228862 0 4.596946e-05 1.97012e-05 0.05655557 0.01970777 1.313413e-05 3.283533e-06 0.01395502 4.268593e-05 0.004252175 5.253653e-05 0.01374815 0.0002364144 0.01670662 0.0007289443 0.02736496 0.000646856 3.283533e-05 0.0001182072 1.641767e-05 0 0 0.0005582006 0 0.0003217862 0.0007486455 0.000400591 0.0002922344 0.001228041 0 1.97012e-05 0 0.0002002955 0 0 0 0 0 0.0001641767 9.850599e-06 6.567066e-06 0 0.001884748 0 0 0 0.002068626 0.0002758168 6.567066e-06 0 3.283533e-06 6.567066e-06 0.0001510425 0 0.000246265 3.283533e-06 0.0001608931 4.268593e-05 1.97012e-05 6.567066e-06 0 6.567066e-06
0 0.01053029 6.567066e-06 0 3.283533e-06 3.94024e-05 9.850599e-06 0.0002692497 0.0007650632 3.94024e-05 0.03715646 6.567066e-06 0.0236086 0.0001083566 0 6.567066e-06 6.567066e-06 0.007749138 0.001664751 6.567066e-06 2.626826e-05 0.001704154 5.91036e-05 0.0005614842 0.03285175 0.01556395 0.0111673 3.94024e-05 0.0001937285 1.313413e-05 0.005063208 3.611886e-05 0 0.006284682 0 0.006494828 0.1335216 0.03375144 0.009341652 9.850599e-05 0.0001116401 0.02149072 1.97012e-05 6.567066e-06 0.0007814809 4.596946e-05 0 0 3.283533e-06 2.298473e-05 9.850599e-06 6.567066e-06 3.283533e-06 0.002341159 0 0.02132655 3.611886e-05 0 0 7.880479e-05 0.000597603 0.002590708 0 3.283533e-06 6.567066e-06 3.283533e-05 1.313413e-05 0.004665901 0.01549499 0.01935643 1.97012e-05 1.641767e-05 9.850599e-06 0.007824659 3.283533e-06 0 0.0006698407 3.283533e-06 0.0001313413 0.005237235 0.002846823 7.223773e-05 3.283533e-06 3.283533e-06 0.002321458 0
0.07231982 0 0.06110327 0.005854539 0.001113118 0.0188245 0.2813824 0.1103136 0.001897882 0.1148646 0.001710721 0.03347562 0.0001083566 0.1367887 0.0009226728 3.94024e-05 0.06676079 0.000351338 0.005270071 0.01528813 0.0164702 1.641767e-05 0.01860121 0.03675915 6.567066e-06 0.01567887 0.002777869 0.07185684 0.06181251 0.09194221 3.611886e-05 0.01144311 0.0004596946 0.02439665 5.253653e-05 0.02655393 0.0007847644 0.04512231 0.001635199 0.03641767 0.002278772 0.0001017895 0.0003152192 7.223773e-05 3.283533e-06 6.567066e-05 0.0001641767 0 0.0001149237 0.001162371 0.000400591 0.0003776063 0.0004564111 0 6.567066e-06 0 0.000443277 0 3.611886e-05 3.283533e-06 0 6.567066e-06 8.537186e-05 4.9253e-05 1.313413e-05 3.283533e-05 0.004340831 0 1.641767e-05 0.0001182072 0.003677557 0.0007420785 1.313413e-05 0 1.641767e-05 2.626826e-05 0.000344771 3.283533e-06 0.0006665572 1.313413e-05 0.0005746183 3.94024e-05 9.850599e-06 1.641767e-05 0 0
1.641767e-05 0.0005253653 3.611886e-05 0.003575768 0.01346249 0.01127237 0.0003907404 0.003441143 0.01388278 0.002997866 3.283533e-06 0.0370284 0 0.0009226728 0.004436053 0 1.313413e-05 3.283533e-06 0 0.008714497 0 0.0005023806 6.567066e-06 0.02324413 8.537186e-05 3.94024e-05 0.0001904449 0.004764407 0.0004629782 1.313413e-05 3.283533e-06 0.01281563 1.313413e-05 0.0001149237 0 8.865539e-05 0 0.0001313413 1.313413e-05 0.01272369 0.0003808898 0 0 0 0 3.283533e-06 3.283533e-06 0 2.626826e-05 4.268593e-05 6.567066e-06 2.626826e-05 1.313413e-05 0 0 0 2.298473e-05 0 3.283533e-06 0 0 0 6.567066e-06 3.283533e-06 0 0 0.0001182072 0 0 0 8.865539e-05 1.641767e-05 0 0 0 0 6.567066e-06 0 2.298473e-05 0 3.611886e-05 6.567066e-06 3.283533e-06 0 0 0
6.567066e-06 0.001001478 0.001099984 0 0 0 8.537186e-05 2.626826e-05 0.001214907 1.313413e-05 0.000246265 0 6.567066e-06 3.94024e-05 0 0.02416352 0.001316697 4.268593e-05 0.0002692497 0 0.01329503 0.05252011 0.06678378 0.03394188 6.567066e-06 0.0005187982 0.07586275 0.0106485 0.0002593991 0.004439337 6.567066e-06 3.283533e-06 0.0002331308 0.007479888 0.0005746183 0.09585618 0.03280906 0.02784108 0.01123625 0.001313413 3.283533e-06 1.641767e-05 0.0002889509 0.0001379084 6.238713e-05 0.0003086521 6.567066e-06 0 0 0.0001379084 8.865539e-05 0.002364144 1.313413e-05 6.567066e-06 3.283533e-06 3.283533e-06 0.0001576096 0.0001017895 0.09183385 0.0001543261 0 9.850599e-06 0 0.02214415 0.02982433 0.03161057 0.02804466 0 2.298473e-05 0.008977179 0.01430635 0.001224758 0.005073059 0 3.283533e-06 0.0007092431 0.00115252 7.552126e-05 0.01469381 0.002465933 0.003818749 0.0009949105 9.850599e-05 2.298473e-05 0 6.567066e-05
0.03104581 0.0001871614 0.2199573 4.268593e-05 0.0003053686 0.002157281 0.02172385 0.02618618 8.537186e-05 0.003644722 0.001871614 3.94024e-05 6.567066e-06 0.06676079 1.313413e-05 0.001316697 0.007154819 0.0009587917 0.007548843 8.537186e-05 0.01318995 0.0001411919 0.02320801 0.004534559 1.97012e-05 0.04813003 0.1456017 0.01106551 0.05867017 0.02770317 9.850599e-06 0.0006337219 0.003621737 0.05356099 9.522246e-05 0.03030701 0.05890658 0.02834674 0.003631588 0.000252832 6.567066e-05 0.0002002955 7.880479e-05 3.283533e-06 0.0002232802 0.008993597 0 0 0 6.238713e-05 1.97012e-05 2.626826e-05 0 1.313413e-05 0 4.9253e-05 3.283533e-06 0 0.0001937285 0.001500575 3.283533e-05 0.000400591 0 0.0001149237 3.94024e-05 0.0004334264 0.0005286488 9.850599e-06 0.002702348 0.005562305 0.000302085 9.193893e-05 4.596946e-05 3.283533e-06 0 2.626826e-05 0.0004071581 0 0.001060581 7.880479e-05 0.0005614842 0.0002265638 9.850599e-06 0 0 3.283533e-06
9.850599e-05 0.0006501396 0.0006895419 6.567066e-06 3.283533e-06 1.97012e-05 7.880479e-05 0.0003382039 0.0001083566 3.611886e-05 0.04181579 6.567066e-06 0.007749138 0.000351338 3.283533e-06 4.268593e-05 0.0009587917 0.003293384 0.004120834 0 0.0001707437 0.0002068626 0.0003644722 0.0001083566 0.001402069 0.09073387 0.03496963 9.193893e-05 0.0005680512 6.567066e-05 0.006442292 2.95518e-05 1.97012e-05 0.01050074 3.611886e-05 0.02559186 0.06519455 0.04298473 0.004741422 0.0001444755 3.283533e-05 0.004160236 8.537186e-05 3.283533e-06 0.0002298473 0.0003053686 0 0 0 9.850599e-06 0 0 0 0.0001050731 0 0.001306846 1.313413e-05 0 9.850599e-06 0.0001937285 7.223773e-05 0.000942374 0 6.567066e-06 0 1.313413e-05 9.850599e-06 0.0003776063 0.004301428 0.004373666 1.313413e-05 0 0 0.0004071581 0 0 5.253653e-05 9.850599e-06 7.880479e-05 0.0001214907 0.0001707437 6.567066e-06 0 0 7.223773e-05 0
0.001631916 0.001467739 0.01495978 1.641767e-05 3.611886e-05 0.000197012 0.001911016 0.002725332 0.0002002955 0.0003316368 0.04289608 1.641767e-05 0.001664751 0.005270071 0 0.0002692497 0.007548843 0.004120834 0.006150057 1.641767e-05 0.001697587 0.0004202922 0.002620259 0.0004728288 0.001182072 0.06796257 0.03502216 0.0007847644 0.003493679 0.00131013 0.001060581 7.552126e-05 0.0001904449 0.03877196 5.253653e-05 0.04330323 0.06906255 0.06543425 0.00531604 0.000246265 3.94024e-05 0.003542932 0.0001904449 6.567066e-06 0.0008602857 0.006885569 0 0 0 6.238713e-05 1.641767e-05 3.283533e-06 0 2.298473e-05 0 0.0007125267 9.850599e-06 0 3.611886e-05 0.002488918 0.0001247743 0.002245937 0 3.283533e-05 9.850599e-06 0.0001149237 7.880479e-05 0.0002101461 0.01334428 0.01301593 6.895419e-05 9.850599e-06 1.313413e-05 0.0001641767 0 3.283533e-06 0.0004038746 9.850599e-06 0.0009456575 0.0001116401 0.0005811854 0.0002396979 0 0 1.313413e-05 3.283533e-06
0.0001083566 0 0.0002823838 0.04332294 0.00307667 0.03039567 0.001083566 0.02012806 0.008642259 0.03954359 8.537186e-05 0.1037662 6.567066e-06 0.01528813 0.008714497 0 8.537186e-05 0 1.641767e-05 0.007561977 3.611886e-05 0 6.567066e-05 0.010747 0 7.552126e-05 2.626826e-05 0.06443934 0.01131177 5.582006e-05 0 0.00351338 8.865539e-05 0.002387129 4.268593e-05 0.01008701 0.0002101461 0.009791496 0.0007026761 0.01977672 0.0003316368 3.283533e-05 0.0001214907 3.283533e-05 0 6.567066e-06 0.001336398 0 0.0005286488 0.001405352 0.0005844689 0.0006567066 0.002551305 0 7.880479e-05 0 0.0003053686 1.313413e-05 3.283533e-06 3.283533e-06 0 0 0.0004137252 1.313413e-05 6.567066e-06 1.313413e-05 0.003552783 0 0 9.850599e-06 0.003845017 0.0003743228 0 0 9.850599e-06 1.641767e-05 0.0001773108 0 0.0002626826 3.283533e-06 0.0003185027 3.611886e-05 6.238713e-05 1.313413e-05 0 3.283533e-06
0.004524709 4.268593e-05 0.04252175 8.537186e-05 6.567066e-05 0.0009128222 0.08574618 0.008593006 0.0008767033 0.004140535 0.002039074 6.567066e-06 2.626826e-05 0.0164702 0 0.01329503 0.01318995 0.0001707437 0.001697587 3.611886e-05 0.115958 0.003881136 0.2249614 0.004971269 3.283533e-06 0.002800854 0.01542275 0.08955836 0.008914792 0.1667838 1.313413e-05 0.0001313413 0.000843868 0.170701 0.002163848 0.4144837 0.05815794 0.2935052 0.09030044 0.007443769 3.283533e-05 0.0001444755 0.001622065 0.0002791003 1.641767e-05 0.0002232802 6.567066e-06 0 3.283533e-06 0.0002626826 0.0001576096 0.002114595 9.850599e-06 3.283533e-06 0 3.283533e-06 0.0002232802 5.582006e-05 0.04718109 0.0002035791 3.283533e-06 1.641767e-05 3.283533e-06 0.03202101 0.0101494 0.007522574 0.03838779 9.850599e-06 2.626826e-05 0.001819077 0.0245871 0.002285339 0.00728616 0 3.283533e-06 0.001296996 0.002157281 5.91036e-05 0.01687079 0.002616976 0.005526186 0.001172221 0.0001214907 3.611886e-05 0 5.91036e-05
3.283533e-06 0.07128222 0.0005122312 3.283533e-06 2.626826e-05 0 5.582006e-05 3.94024e-05 0.04550648 1.313413e-05 0.0001411919 6.567066e-06 0.001704154 1.641767e-05 0.0005023806 0.05252011 0.0001411919 0.0002068626 0.0004202922 0 0.003881136 0.006038417 0.01652274 0.125871 0.02709571 0.007437202 0.1024429 0.005437531 0.000197012 0.0002823838 0.0004958135 0 6.238713e-05 0.0002561156 1.313413e-05 0.001572812 0.000443277 0.001093417 0.0002134297 0.0003579051 3.283533e-06 0.0002002955 3.283533e-06 0.0002035791 5.91036e-05 0.0001871614 3.283533e-06 0 6.567066e-06 0.000197012 0.0001116401 0.00175669 1.313413e-05 0 3.283533e-06 1.313413e-05 0.0001937285 3.611886e-05 0.02623543 3.94024e-05 0 2.626826e-05 0 0.004459038 0.002666229 0.0076769 0.01923494 6.567066e-06 0.0001083566 0.01164669 0.006957807 0.001283861 0.001106551 0 0 0.0005384994 0.0007420785 2.95518e-05 0.005480217 0.000597603 0.001937285 0.0004170087 6.895419e-05 9.850599e-06 0 2.95518e-05
0.009791496 8.865539e-05 0.1210048 7.223773e-05 7.223773e-05 0.0008405845 0.05866032 0.007105566 0.0001576096 0.003237564 0.00274175 1.313413e-05 5.91036e-05 0.01860121 6.567066e-06 0.06678378 0.02320801 0.0003644722 0.002620259 6.567066e-05 0.2249614 0.01652274 0.2663077 0.04240026 0 0.01181415 0.2561517 0.126265 0.01762929 0.06252175 2.95518e-05 0.000147759 0.001664751 0.1061139 0.003500246 0.4206928 0.1098604 0.3722213 0.08725989 0.009781645 3.94024e-05 0.0001346249 0.001888032 2.298473e-05 8.208833e-05 0.000646856 3.283533e-06 3.283533e-06 3.283533e-06 0.0002626826 4.596946e-05 0.0007552126 1.641767e-05 1.313413e-05 0 0 3.283533e-05 1.97012e-05 0.1079593 0.0001280578 3.283533e-06 6.567066e-06 3.283533e-06 0.01301921 0.02203251 0.0619143 0.009965523 6.567066e-06 3.611886e-05 0.03453292 0.005664095 0.0003808898 0.003378756 0 0 0.0002101461 0.0006140207 0.0001083566 0.01373174 0.002324741 0.002922344 0.001149237 6.567066e-05 2.298473e-05 0 8.208833e-05
0.01520933 0.05113446 0.01574454 0.02124774 0.001815794 0.003897554 0.07807913 0.02859957 0.1808537 0.0328813 0.0002101461 0.006228862 0.0005614842 0.03675915 0.02324413 0.03394188 0.004534559 0.0001083566 0.0004728288 0.010747 0.004971269 0.125871 0.04240026 0.08225579 0.00887539 0.008937777 0.09671975 0.1001018 0.1295124 0.04126744 0.0002068626 0.002022656 0.02378263 0.04061402 0.001063865 0.1227943 0.009065835 0.07252996 0.01774421 0.02123789 0.0009686423 0.0001411919 0.0005680512 0.002699064 0.0002331308 0.0009259563 0.01064521 3.283533e-06 0.004984403 0.02982433 0.009991791 0.03522903 0.02179609 1.97012e-05 0.0006829749 3.283533e-06 0.007982269 0.0001543261 0.009397472 0.0001805943 3.283533e-06 1.641767e-05 0.002774585 0.008021671 0.004245608 0.002531604 0.1993072 1.641767e-05 0.000246265 0.004147102 0.1157872 0.02213758 0.003056969 3.283533e-06 0.0001444755 0.003519947 0.009617468 0.0001379084 0.03324906 0.0008996881 0.01878181 0.002318174 0.0003579051 0.0005286488 1.313413e-05 0.0003152192
0 0.03520276 0 0 6.567066e-06 0 3.283533e-06 3.283533e-06 0.01149565 0 0.002695781 0 0.03285175 6.567066e-06 8.537186e-05 6.567066e-06 1.97012e-05 0.001402069 0.001182072 0 3.283533e-06 0.02709571 0 0.00887539 0.002058775 0.02448531 0.06369397 2.95518e-05 0 3.283533e-06 0.008061074 0 3.283533e-06 3.283533e-05 0 0.0001411919 0.001408636 0.002479067 0.001162371 4.9253e-05 3.283533e-06 0.006251847 3.283533e-06 0 0.0008964045 0.0001707437 0 0 0 1.641767e-05 9.850599e-06 1.313413e-05 6.567066e-06 0.0004629782 0 0.003428009 0 0 3.283533e-06 0.0002298473 8.865539e-05 0.001090133 3.283533e-06 3.283533e-06 3.283533e-06 1.97012e-05 6.567066e-05 0.0009850599 0.006521097 0.008543753 2.626826e-05 6.567066e-06 6.567066e-06 0.0009522246 0 0 0.0001805943 0 0.0001050731 0.000302085 0.0009161057 2.95518e-05 3.283533e-06 3.283533e-06 4.596946e-05 0
0.002735183 0.02112625 0.1592678 5.253653e-05 5.582006e-05 0.0009062551 0.01744869 0.008957478 0.003634871 0.002892793 0.1263996 4.596946e-05 0.01556395 0.01567887 3.94024e-05 0.0005187982 0.04813003 0.09073387 0.06796257 7.552126e-05 0.002800854 0.007437202 0.01181415 0.008937777 0.02448531 0.3690593 0.3456411 0.005703497 0.004892464 0.004468889 0.008317189 0.0001937285 0.0001805943 0.035692 0.0002265638 0.1311542 0.284991 0.1421507 0.01779347 0.0007158102 0.0001050731 0.01194221 0.0004564111 3.94024e-05 0.01289443 0.1050698 3.283533e-06 0 6.567066e-06 0.0007322279 0.0002396979 3.611886e-05 2.95518e-05 0.0005319324 0 0.007614513 0.0001411919 0 0.0005253653 0.02243967 0.001129535 0.01479888 0 0.0002199967 0.0003710392 0.002285339 0.0008307339 0.002912494 0.08285996 0.1331505 0.0004202922 0.0001379084 0.0001346249 0.001940568 0 1.641767e-05 0.004570678 8.865539e-05 0.01001149 0.00126416 0.006251847 0.002252504 2.95518e-05 3.283533e-06 7.880479e-05 2.626826e-05
0.0005286488 0.1515942 0.07777705 9.850599e-06 1.641767e-05 0.0001247743 0.0043868 0.001576096 0.01881464 0.0004892464 0.02075193 1.97012e-05 0.0111673 0.002777869 0.0001904449 0.07586275 0.1456017 0.03496963 0.03502216 2.626826e-05 0.01542275 0.1024429 0.2561517 0.09671975 0.06369397 0.3456411 0.3533673 0.04921359 0.0009752093 0.001195206 0.006698407 5.253653e-05 5.253653e-05 0.05002134 0.001602364 0.2942407 0.1222361 0.290816 0.04029552 0.00153341 4.596946e-05 0.002213101 0.001316697 2.95518e-05 0.04022985 0.191453 1.97012e-05 0 6.567066e-06 0.00126416 0.0002101461 9.522246e-05 6.238713e-05 0.0005056641 0 0.00870793 0.0001280578 6.567066e-06 0.04941061 0.01735347 0.001004761 0.0136989 0 0.00323428 0.01770481 0.06564111 0.001464456 0.003230997 0.08202594 0.3752717 0.001159087 0.0001411919 0.0006567066 0.002534888 0 1.641767e-05 0.006826465 0.0002758168 0.02150386 0.001986538 0.009033 0.003976359 6.238713e-05 1.313413e-05 9.522246e-05 7.880479e-05
0.02661304 0.0005943195 0.04988015 0.05017895 0.001280578 0.01061238 0.4887079 0.04269906 0.06006895 0.1329338 0.000541783 0.05655557 3.94024e-05 0.07185684 0.004764407 0.0106485 0.01106551 9.193893e-05 0.0007847644 0.06443934 0.08955836 0.005437531 0.126265 0.1001018 2.95518e-05 0.005703497 0.04921359 0.2203776 0.1918043 0.3035068 6.567066e-06 0.002643244 0.0378066 0.1712625 0.002055492 0.2734756 0.01741586 0.1863011 0.05140699 0.02558201 0.001471023 0.0001543261 0.001260877 0.0009390905 0.0001214907 0.0003907404 0.006685273 3.283533e-06 0.00274175 0.009046134 0.003684124 0.01081267 0.0134986 3.283533e-06 0.0003808898 3.283533e-06 0.002745034 0.0001083566 0.01048104 0.0001379084 0 2.626826e-05 0.001884748 0.008724347 0.003043835 0.001934001 0.08431456 1.641767e-05 8.537186e-05 0.002692497 0.05565589 0.009006731 0.002692497 0 8.208833e-05 0.002131013 0.004350681 5.253653e-05 0.01791824 0.0008865539 0.008635692 0.001260877 0.0003217862 0.0001379084 1.313413e-05 0.0001346249
0.0349959 2.626826e-05 0.01256608 0.006005582 0.00049253 0.005729765 0.07135117 0.01963224 0.006163192 0.08485635 0.004560827 0.01970777 0.0001937285 0.06181251 0.0004629782 0.0002593991 0.05867017 0.0005680512 0.003493679 0.01131177 0.008914792 0.000197012 0.01762929 0.1295124 0 0.004892464 0.0009752093 0.1918043 0.06104088 0.137163 4.596946e-05 0.0009981941 0.02494172 0.0591233 0.0001444755 0.03461829 0.001270727 0.0777278 0.003592185 0.02851748 0.004830077 0.0002396979 0.0004137252 0.0001773108 3.283533e-06 4.9253e-05 0.0002495485 0 9.850599e-05 0.001782958 0.000646856 0.0009062551 0.0005647677 3.283533e-06 3.283533e-06 3.283533e-06 0.00054835 3.283533e-06 0.0001182072 0 0 3.283533e-06 6.895419e-05 0.0002002955 4.268593e-05 5.91036e-05 0.01088491 0 2.626826e-05 8.537186e-05 0.00811361 0.001536693 0.0001017895 0 1.313413e-05 0.0002298473 0.0006862584 6.567066e-06 0.002002955 1.641767e-05 0.001372517 0.0001608931 1.641767e-05 3.611886e-05 0 2.298473e-05
0.06244952 1.313413e-05 0.04319159 6.895419e-05 0.0001707437 0.002088327 0.1774323 0.02790675 0.001280578 0.004042029 0.0004399934 1.313413e-05 1.313413e-05 0.09194221 1.313413e-05 0.004439337 0.02770317 6.567066e-05 0.00131013 5.582006e-05 0.1667838 0.0002823838 0.06252175 0.04126744 3.283533e-06 0.004468889 0.001195206 0.3035068 0.137163 0.1162108 0 0.0005713348 0.0211558 0.07234937 0.0006238713 0.0766705 0.003434576 0.07232638 0.01437859 0.0009128222 0.0002561156 4.268593e-05 0.0002364144 0.0001871614 3.283533e-06 7.552126e-05 3.283533e-06 0 9.850599e-06 0.0002725332 0.0002561156 0.0003382039 3.283533e-05 0 9.850599e-06 0 0.000295518 3.283533e-06 0.0006370054 2.95518e-05 3.283533e-06 0 3.283533e-06 0.0008734198 9.522246e-05 0.0001444755 0.007762272 6.567066e-06 1.97012e-05 0.0001871614 0.006192743 0.001516992 0.0003152192 0 6.567066e-06 0.0003349204 0.0007256608 6.567066e-06 0.003349204 5.253653e-05 0.001585946 0.0002429814 1.313413e-05 2.298473e-05 6.567066e-06 1.313413e-05
0 0.001825644 1.641767e-05 0 3.283533e-06 3.283533e-06 0 6.567066e-05 0.000252832 9.850599e-06 0.01153177 3.283533e-06 0.005063208 3.611886e-05 3.283533e-06 6.567066e-06 9.850599e-06 0.006442292 0.001060581 0 1.313413e-05 0.0004958135 2.95518e-05 0.0002068626 0.008061074 0.008317189 0.006698407 6.567066e-06 4.596946e-05 0 9.850599e-06 3.283533e-06 3.283533e-06 0.001224758 3.283533e-06 0.005040223 0.04149729 0.0151141 0.002373994 2.298473e-05 2.95518e-05 0.002702348 3.611886e-05 0 0.0002692497 3.283533e-05 0 0 3.283533e-06 2.298473e-05 9.850599e-06 3.283533e-06 0 0.0002298473 0 0.003414874 1.641767e-05 0 0 6.567066e-05 0.0001510425 0.001300279 0 0 0 1.313413e-05 3.283533e-06 0.0007913315 0.006320801 0.007177803 3.283533e-06 3.283533e-06 6.567066e-06 0.001191923 0 0 7.880479e-05 0 3.611886e-05 0.0003579051 0.0002396979 3.283533e-06 0 0 0.0001904449 0
0.0005811854 0 0.0005319324 0.001073715 0.002209818 0.01007716 0.002593991 0.01264489 0.0002429814 0.01008045 0.0003611886 0.01395502 3.611886e-05 0.01144311 0.01281563 3.283533e-06 0.0006337219 2.95518e-05 7.552126e-05 0.00351338 0.0001313413 0 0.000147759 0.002022656 0 0.0001937285 5.253653e-05 0.002643244 0.0009981941 0.0005713348 3.283533e-06 2.298473e-05 1.313413e-05 0.003644722 9.850599e-06 0.003109506 0.0001510425 0.009252996 0.0005614842 0.03284518 0.003854868 3.611886e-05 8.537186e-05 1.97012e-05 0 0 6.567066e-06 0 9.850599e-06 0.0001313413 2.95518e-05 3.611886e-05 2.626826e-05 0 0 0 5.91036e-05 0 0 0 0 0 6.567066e-06 0 3.283533e-06 3.283533e-06 0.0005844689 0 3.283533e-06 3.283533e-06 0.0005253653 0.0001182072 0 0 3.283533e-06 9.850599e-06 3.94024e-05 0 0.0001050731 0 5.253653e-05 3.283533e-06 0 0 0 0
0.0009292399 3.283533e-06 0.0007387949 9.850599e-05 0 5.582006e-05 0.004964702 0.0002561156 0.0009587917 0.001008045 0.000197012 4.268593e-05 0 0.0004596946 1.313413e-05 0.0002331308 0.003621737 1.97012e-05 0.0001904449 8.865539e-05 0.000843868 6.238713e-05 0.001664751 0.02378263 3.283533e-06 0.0001805943 5.253653e-05 0.0378066 0.02494172 0.0211558 3.283533e-06 1.313413e-05 0.001362666 0.005798719 6.567066e-06 0.0005549171 0.0001149237 0.001182072 0.0001083566 2.626826e-05 0 3.283533e-06 0 2.95518e-05 0 6.567066e-06 3.283533e-06 0 1.313413e-05 0.0001247743 5.253653e-05 0.0001805943 2.626826e-05 0 3.283533e-06 0 7.552126e-05 0 4.9253e-05 3.283533e-06 0 0 9.850599e-06 8.865539e-05 6.567066e-06 2.626826e-05 0.002045641 0 3.283533e-06 9.850599e-06 0.001326547 0.0003119356 2.95518e-05 0 3.283533e-06 5.582006e-05 0.0001346249 0 0.00054835 1.313413e-05 0.000302085 9.850599e-06 0 0 0 0
0.01286488 4.9253e-05 0.02896405 0.001168938 0.0003119356 0.005381711 0.01812182 0.03580364 0.001438187 0.01625349 0.03076999 0.004252175 0.006284682 0.02439665 0.0001149237 0.007479888 0.05356099 0.01050074 0.03877196 0.002387129 0.170701 0.0002561156 0.1061139 0.04061402 3.283533e-05 0.035692 0.05002134 0.1712625 0.0591233 0.07234937 0.001224758 0.003644722 0.005798719 0.03496963 0.0001510425 0.0208176 0.01792152 0.07826301 0.0124019 0.002593991 0.0003710392 0.005992448 0.0002101461 5.91036e-05 1.97012e-05 0.0001805943 3.94024e-05 0 3.611886e-05 0.0004235758 0.0001641767 0.0002429814 9.850599e-05 6.567066e-06 3.283533e-06 1.97012e-05 0.0001411919 0 0.0008110327 3.94024e-05 0 2.298473e-05 9.850599e-06 0.0002101461 0.0001182072 0.0007880479 0.00400591 0 0.0001608931 0.001145953 0.002764735 0.00049253 9.850599e-05 3.283533e-06 1.641767e-05 0.0001116401 0.0002659662 9.850599e-06 0.000991627 4.268593e-05 0.0005056641 7.880479e-05 3.283533e-06 1.313413e-05 6.567066e-06 6.567066e-06
3.283533e-06 3.283533e-06 0.0006993925 2.626826e-05 0 1.313413e-05 0.0004334264 5.253653e-05 4.596946e-05 0.0003874569 3.94024e-05 5.253653e-05 0 5.253653e-05 0 0.0005746183 9.522246e-05 3.611886e-05 5.253653e-05 4.268593e-05 0.002163848 1.313413e-05 0.003500246 0.001063865 0 0.0002265638 0.001602364 0.002055492 0.0001444755 0.0006238713 3.283533e-06 9.850599e-06 6.567066e-06 0.0001510425 0.6933147 0.1292234 0.001838779 0.003303234 0.003464127 0.0002692497 0.0001937285 1.641767e-05 0.0008241668 0 0 3.94024e-05 0 0 3.283533e-06 9.850599e-06 6.567066e-06 9.850599e-06 0 5.253653e-05 0 0 0 0 3.94024e-05 1.313413e-05 1.313413e-05 3.611886e-05 0 3.283533e-06 6.567066e-06 3.283533e-05 9.522246e-05 0 0.0001050731 0.0001411919 5.91036e-05 9.850599e-06 3.283533e-06 9.850599e-06 0 6.567066e-06 3.283533e-06 0.3685766 0.001901166 8.865539e-05 0.0003776063 0.0008373009 0 3.283533e-06 3.94024e-05 7.223773e-05
0.00143162 0.0003546216 0.1841832 0.005342308 0.0001773108 0.003329503 0.03398457 0.01253653 0.004646199 0.06241996 0.02737482 0.01374815 0.006494828 0.02655393 8.865539e-05 0.09585618 0.03030701 0.02559186 0.04330323 0.01008701 0.4144837 0.001572812 0.4206928 0.1227943 0.0001411919 0.1311542 0.2942407 0.2734756 0.03461829 0.0766705 0.005040223 0.003109506 0.0005549171 0.0208176 0.1292234 0.06427844 0.3287769 0.1888458 0.02897061 0.09516992 0.01706452 0.01579379 0.01036611 0.0001871614 9.522246e-05 0.0006567066 0.0001674602 0 7.880479e-05 0.001385651 0.0004892464 0.0008635692 0.0003907404 6.567066e-06 1.313413e-05 2.298473e-05 0.0005187982 0 0.005943195 8.537186e-05 0 4.268593e-05 4.596946e-05 0.001106551 0.0009456575 0.004491873 0.01233295 6.567066e-06 0.000344771 0.006455426 0.008422262 0.001805943 0.0003152192 6.567066e-06 1.313413e-05 0.0003152192 0.0008537186 0.003871286 0.004429486 0.0001674602 0.001759974 0.0005647677 1.313413e-05 6.567066e-05 1.641767e-05 8.865539e-05
0.0001214907 0.0008668527 0.05710392 7.223773e-05 9.850599e-06 0.0001346249 0.001405352 0.0009390905 0.0001543261 0.001251026 0.08102775 0.0002364144 0.1335216 0.0007847644 0 0.03280906 0.05890658 0.06519455 0.06906255 0.0002101461 0.05815794 0.000443277 0.1098604 0.009065835 0.001408636 0.284991 0.1222361 0.01741586 0.001270727 0.003434576 0.04149729 0.0001510425 0.0001149237 0.01792152 0.001838779 0.3287769 0.05466098 0.1029749 0.02644229 0.00569693 0.001855196 0.008153013 0.00180266 3.283533e-06 0.0002561156 0.0003841734 0 0 9.850599e-06 1.97012e-05 2.95518e-05 3.94024e-05 0 0.002984732 0 0.01457889 1.97012e-05 0 0.001296996 5.91036e-05 0.0001379084 0.0002298473 0 0.0001608931 0.0002199967 0.0009095387 0.0004826794 0.002170415 0.002009522 0.00378263 0.0003217862 8.208833e-05 4.596946e-05 0.003713676 0 1.641767e-05 0.0007781973 7.880479e-05 0.000400591 0.005907076 0.004843211 0.0001083566 3.283533e-06 0 0.001293712 3.283533e-06
0.002997866 0.0006304384 0.1761254 0.004560827 0.001044164 0.01062223 0.03991791 0.06439993 0.003467411 0.0627516 0.1017206 0.01670662 0.03375144 0.04512231 0.0001313413 0.02784108 0.02834674 0.04298473 0.06543425 0.009791496 0.2935052 0.001093417 0.3722213 0.07252996 0.002479067 0.1421507 0.290816 0.1863011 0.0777278 0.07232638 0.0151141 0.009252996 0.001182072 0.07826301 0.003303234 0.1888458 0.1029749 0.05172878 0.01701198 0.01005089 0.002800854 0.007821376 0.003368905 0.0001247743 0.0001313413 0.000745362 0.0001346249 0 0.0001083566 0.001231325 0.0003808898 0.000541783 0.000252832 6.895419e-05 1.313413e-05 0.0003119356 0.0003973075 0 0.004087999 0.0001050731 9.850599e-06 9.193893e-05 4.9253e-05 0.0005943195 0.0007716303 0.004304712 0.008238385 0.0001674602 0.000591036 0.007213922 0.006353637 0.001247743 0.0001543261 9.193893e-05 9.850599e-06 0.0001773108 0.0006698407 0.0004235758 0.002521753 0.0004170087 0.00126416 0.000246265 9.850599e-06 3.94024e-05 6.238713e-05 2.95518e-05
0.0002364144 0.0003217862 0.02229191 0.0004859629 7.880479e-05 0.0006698407 0.006212445 0.003342637 0.000640289 0.005739616 0.0239074 0.0007289443 0.009341652 0.001635199 1.313413e-05 0.01123625 0.003631588 0.004741422 0.00531604 0.0007026761 0.09030044 0.0002134297 0.08725989 0.01774421 0.001162371 0.01779347 0.04029552 0.05140699 0.003592185 0.01437859 0.002373994 0.0005614842 0.0001083566 0.0124019 0.003464127 0.02897061 0.02644229 0.01701198 0.001132819 0.0006074536 0.0005384994 0.00174684 0.0003743228 9.850599e-06 3.94024e-05 0.0001017895 1.313413e-05 0 9.850599e-06 0.0001641767 5.253653e-05 8.865539e-05 6.238713e-05 2.626826e-05 0 7.552126e-05 2.626826e-05 0 0.0009358069 0 0 1.97012e-05 6.567066e-06 0.0001674602 0.0001149237 0.0007749138 0.001388934 4.9253e-05 0.0001050731 0.001027746 0.0009784929 0.0002429814 4.268593e-05 2.298473e-05 0 5.253653e-05 7.552126e-05 0.0005319324 0.0005647677 7.223773e-05 0.0002988015 9.850599e-05 3.283533e-06 2.298473e-05 3.94024e-05 1.313413e-05
4.268593e-05 0.0003414874 0.0005122312 0.01963881 0.03883763 0.009781645 0.00181251 0.01669677 0.002403546 0.01634543 0.0006304384 0.02736496 9.850599e-05 0.03641767 0.01272369 0.001313413 0.000252832 0.0001444755 0.000246265 0.01977672 0.007443769 0.0003579051 0.009781645 0.02123789 4.9253e-05 0.0007158102 0.00153341 0.02558201 0.02851748 0.0009128222 2.298473e-05 0.03284518 2.626826e-05 0.002593991 0.0002692497 0.09516992 0.00569693 0.01005089 0.0006074536 0.003106222 0.001796093 0.000351338 0.0003119356 4.9253e-05 0 1.313413e-05 0.0002758168 0 8.865539e-05 0.000591036 0.0002364144 0.0002002955 0.0005549171 0 9.850599e-06 0 0.0001773108 6.567066e-06 0.0001116401 3.283533e-06 0 0 0.0001444755 6.567066e-05 1.641767e-05 4.9253e-05 0.002255787 0 9.850599e-06 4.268593e-05 0.002396979 0.0003907404 9.850599e-06 0 6.567066e-06 4.268593e-05 0.0002232802 9.850599e-06 0.0004958135 9.850599e-06 0.0003086521 1.641767e-05 1.97012e-05 1.641767e-05 6.567066e-06 9.850599e-06
9.850599e-06 0 6.895419e-05 0.0001871614 0.0001608931 0.005568872 0.00049253 0.009968806 8.865539e-05 0.001815794 0.0005155147 0.000646856 0.0001116401 0.002278772 0.0003808898 3.283533e-06 6.567066e-05 3.283533e-05 3.94024e-05 0.0003316368 3.283533e-05 3.283533e-06 3.94024e-05 0.0009686423 3.283533e-06 0.0001050731 4.596946e-05 0.001471023 0.004830077 0.0002561156 2.95518e-05 0.003854868 0 0.0003710392 0.0001937285 0.01706452 0.001855196 0.002800854 0.0005384994 0.001796093 9.850599e-06 0.0004038746 0.0001346249 3.283533e-06 0 0 6.567066e-06 0 0 2.626826e-05 1.313413e-05 3.283533e-06 0 0 0 0 1.641767e-05 0 0 0 0 0 3.283533e-06 3.283533e-06 0 0 0.0001444755 0 0 6.567066e-06 0.0001182072 1.641767e-05 3.283533e-06 0 0 0 1.641767e-05 1.641767e-05 2.95518e-05 3.283533e-06 1.97012e-05 6.567066e-06 3.283533e-06 6.567066e-06 0 1.313413e-05
0 0.002321458 9.193893e-05 0 3.283533e-06 2.626826e-05 3.283533e-05 0.0002889509 6.567066e-05 8.537186e-05 0.01532097 3.283533e-05 0.02149072 0.0001017895 0 1.641767e-05 0.0002002955 0.004160236 0.003542932 3.283533e-05 0.0001444755 0.0002002955 0.0001346249 0.0001411919 0.006251847 0.01194221 0.002213101 0.0001543261 0.0002396979 4.268593e-05 0.002702348 3.611886e-05 3.283533e-06 0.005992448 1.641767e-05 0.01579379 0.008153013 0.007821376 0.00174684 0.000351338 0.0004038746 0.0001149237 6.895419e-05 0 0.0002199967 9.850599e-06 0 0 0 3.283533e-06 0 3.283533e-06 0 0.0001608931 0 0.0005779018 0 0 0 6.567066e-06 9.850599e-06 0.0001017895 0 0 0 0 1.641767e-05 0.0003185027 0.0007092431 0.0009522246 0 0 0 9.850599e-05 0 0 7.223773e-05 3.283533e-06 2.298473e-05 0.0003841734 0.0003349204 6.567066e-06 0 9.850599e-06 3.94024e-05 3.283533e-06
6.567066e-06 0 0.0006665572 6.567066e-05 0 4.9253e-05 0.0002659662 0.0001674602 2.626826e-05 0.0007519291 0.0001674602 0.0001182072 1.97012e-05 0.0003152192 0 0.0002889509 7.880479e-05 8.537186e-05 0.0001904449 0.0001214907 0.001622065 3.283533e-06 0.001888032 0.0005680512 3.283533e-06 0.0004564111 0.001316697 0.001260877 0.0004137252 0.0002364144 3.611886e-05 8.537186e-05 0 0.0002101461 0.0008241668 0.01036611 0.00180266 0.003368905 0.0003743228 0.0003119356 0.0001346249 6.895419e-05 4.268593e-05 0 0 3.283533e-06 3.283533e-06 0 6.567066e-06 6.567066e-06 3.283533e-06 6.567066e-06 0 3.283533e-06 0 0 0 0 2.95518e-05 3.283533e-06 0 0 0 0 3.283533e-06 9.850599e-06 5.91036e-05 0 0 2.95518e-05 5.91036e-05 1.313413e-05 0 0 0 6.567066e-06 9.850599e-06 3.611886e-05 8.208833e-05 3.283533e-06 6.567066e-06 9.850599e-06 1.313413e-05 1.641767e-05 0 1.313413e-05
