0.01415595 1.626746e-05 0.003959501 0.0008263871 0 0.0004164471 0.07058778 0.005511417 0.000865429 0.003084311 0.0002863074 6.181636e-05 7.157684e-05 0.1103878 0 0.0001854491 0.02748551 0.0002667864 0.007717285 0.0003351097 0.002026926 0.0003708982 0.004541876 0.007515568 9.760478e-06 0.01607551 0.0004197005 0.01688237 0.06173828 0.03868077 0 7.808382e-05 0.0002993213 0.01094475 3.253493e-06 0.0005042914 0.0002342515 0.002033433 0.0001756886 5.205588e-05 3.253493e-06 3.253493e-06 6.506985e-06 3.253493e-06 0 1.952096e-05 0 0 0 0.0009630338 3.904191e-05 0.0001106187 2.602794e-05 1.626746e-05 0 0 4.55489e-05 0 9.760478e-06 3.253493e-06 0 6.506985e-06 1.952096e-05 1.301397e-05 6.506985e-06 9.760478e-06 0.001525888 0 5.856287e-05 4.880239e-05 0.003764291 6.832335e-05 0.0006572055 0 0 0 4.22954e-05 0 6.832335e-05 9.760478e-06 0.0001431537 1.301397e-05 1.626746e-05 0 0 0
1.626746e-05 0.01102283 0.002078982 2.277445e-05 3.253493e-05 5.530937e-05 0.0002570259 6.181636e-05 0.03998542 6.181636e-05 0.003946487 1.301397e-05 0.01565906 0.0001106187 0.0004977844 0.006572055 0.0004587425 0 1.626746e-05 9.760478e-06 0.0006149101 0.1006273 0.0007645708 0.03137668 0.04819399 0.005147025 0.06465341 0.0009695408 0.0002147305 0.0005465868 7.157684e-05 2.277445e-05 1.301397e-05 0.0002147305 3.253493e-06 0.0008491616 0.0002830539 0.0007483033 0.0001952096 0.0004131936 6.506985e-06 0.005521177 0 3.253493e-06 4.22954e-05 0.009217145 0 0 0 9.760478e-05 1.952096e-05 2.277445e-05 6.506985e-06 0.0003155888 0 0.001389241 1.301397e-05 0 9.760478e-05 0.0001529142 2.928143e-05 0.0001041118 0 6.181636e-05 2.277445e-05 0.00128513 0.0001171257 0.0001626746 0.001210299 0.04106884 9.760478e-05 6.506985e-06 3.253493e-05 0.0004034331 0 0 9.760478e-05 0 0.0001236327 0.0004001796 0.0001724351 1.301397e-05 6.506985e-06 0 0.0004099401 0
0.003959501 0.002078982 0.02148607 4.55489e-05 1.301397e-05 0.005947385 0.04035632 0.03192978 0.0002017165 0.009496945 0.0003741517 3.253493e-05 0.000237505 0.03084636 4.880239e-05 0.001652774 0.0252471 0.0001496607 0.001532395 2.277445e-05 0.03436664 0.0003448702 0.1748362 0.002238403 0.0005368263 0.08972482 0.2370788 0.0108081 0.00510473 0.005735907 1.301397e-05 0.0003025748 0.0004945309 0.02814271 0.000461996 0.09887689 0.0347473 0.0567279 0.0156493 0.0001691816 4.55489e-05 4.55489e-05 0.0001431537 9.760478e-06 0.0008036127 0.01977798 3.253493e-06 0 3.578842e-05 0.00108992 0.0001041118 5.856287e-05 3.253493e-05 9.760478e-06 0 6.506985e-06 0.0001106187 0 0.001148483 0.0002635329 6.506985e-06 5.205588e-05 6.506985e-06 0.0002537724 0.0001626746 0.01443249 0.0004652494 6.506985e-06 0.001076906 0.05218277 0.001011836 5.856287e-05 0.0002928143 1.301397e-05 3.253493e-06 9.760478e-06 0.0001431537 1.301397e-05 0.0002928143 0.0001236327 0.0002993213 4.22954e-05 6.506985e-06 0 3.253493e-06 0
0.0008263871 2.277445e-05 4.55489e-05 0.03312055 0.0005888822 0.00169507 0.004210019 0.002228642 0.03981299 0.04791419 0.0003708982 0.04245808 0.0005498403 0.005986426 0.01011186 3.253493e-06 8.133732e-05 0.0001041118 0.0001626746 0.06279241 3.253493e-05 5.530937e-05 8.78443e-05 0.04017087 6.506985e-06 0.0006572055 7.483033e-05 0.05565099 0.01263982 0.0001203792 3.253493e-06 0.0005335728 0.000435968 0.005107983 5.205588e-05 0.003406407 0.0002993213 0.01542806 0.002391317 0.008254111 0.0001952096 9.109779e-05 8.133732e-05 3.253493e-06 3.253493e-05 6.506985e-06 0.00564481 0 8.133732e-05 0.004733832 0.0001854491 0.007375668 0.01134168 0.0001268862 0.0004945309 3.253493e-06 0.0001821956 1.952096e-05 0 0 1.301397e-05 3.253493e-06 0.006087285 3.253493e-06 3.253493e-05 6.506985e-06 0.01854165 3.253493e-06 9.760478e-06 4.22954e-05 0.02786942 0.0002537724 2.602794e-05 9.760478e-06 1.952096e-05 3.253493e-06 0.0003318562 0 8.133732e-05 9.760478e-06 0.000461996 1.626746e-05 0.0001561676 2.277445e-05 0 3.253493e-06
0 3.253493e-05 1.301397e-05 0.0005888822 0.001252595 0.007655468 7.808382e-05 0.0006441915 0.002606048 0.0002472654 1.301397e-05 0.003917205 8.133732e-05 8.459081e-05 0.0217073 0 3.253493e-06 3.253493e-06 0 0.0005953892 3.253493e-06 5.205588e-05 3.253493e-06 0.001610479 3.253493e-06 3.578842e-05 1.626746e-05 0.0004066866 9.109779e-05 0 3.253493e-06 0.0006962474 3.253493e-06 0.0001203792 0 0.000230998 1.301397e-05 0.0003969261 6.181636e-05 0.02160644 0.0002993213 3.253493e-06 3.253493e-06 0 0 0 6.506985e-06 0 0 6.506985e-06 0 0 9.760478e-06 0 0 0 0 0 0 0 0 0 3.253493e-06 0 0 0 3.253493e-06 0 0 0 1.301397e-05 0 0 0 0 0 0 0 0 0 0 0 0 0 0 0
0.0004164471 5.530937e-05 0.005947385 0.00169507 0.007655468 0.1672751 0.08383274 0.181392 0.004125429 0.1789876 0.001743872 0.08616875 0.002915129 0.01942986 0.03914602 1.301397e-05 0.002134291 0.0004685029 0.001926068 0.007255289 0.00667942 4.880239e-05 0.0133198 0.003533293 4.22954e-05 0.02129736 0.0009044709 0.01125058 0.0164399 0.0007938522 2.928143e-05 0.02889752 0.0001138722 0.009392833 0 0.01020295 0.0009630338 0.01733136 0.00401481 0.06628015 0.005156786 0.0003318562 0.0001138722 0 3.253493e-06 7.157684e-05 0.0001203792 0 9.760478e-06 0.000653952 2.602794e-05 6.832335e-05 0.0002895608 6.506985e-06 9.760478e-06 0 9.760478e-06 0 3.253493e-06 0 6.506985e-06 6.506985e-06 0.0001399002 3.253493e-06 0 1.952096e-05 0.0009662873 3.253493e-06 8.133732e-05 0.0002765469 0.001789421 1.626746e-05 5.856287e-05 3.253493e-06 3.253493e-06 3.253493e-06 3.578842e-05 0 3.253493e-05 0 8.133732e-05 3.253493e-06 3.253493e-06 0 0 0
0.07058778 0.0002570259 0.04035632 0.004210019 7.808382e-05 0.08383274 0.1535095 0.1425973 0.01602996 0.1783825 0.004558143 0.00305503 0.006022215 0.3054249 0.001041118 0.0002017165 0.01461144 0.001275369 0.004063612 0.002137545 0.05537119 0.0007287823 0.06542448 0.04664207 0.0003220958 0.06816392 0.0104372 0.4856293 0.1505326 0.078484 8.459081e-05 0.003546307 0.01283828 0.05519225 0.0004392215 0.04151457 0.00462972 0.1081103 0.02061088 0.005033153 0.001073653 0.0007548103 0.0004522355 2.602794e-05 3.578842e-05 0.0003676447 0.0009662873 3.253493e-06 0.0001659281 0.01531094 0.0004522355 0.002453133 0.00298996 0.0002863074 0.0001464072 3.253493e-06 0.0004750099 1.952096e-05 0.0002602794 1.952096e-05 6.181636e-05 2.277445e-05 0.00116475 0.0001984631 5.530937e-05 0.0002700399 0.02256948 3.253493e-06 0.000455489 0.001483593 0.03670916 0.0005628542 0.001610479 3.253493e-06 5.205588e-05 3.253493e-06 0.0008361476 3.253493e-06 0.0004815169 4.55489e-05 0.001317665 0.0001301397 0.000237505 2.928143e-05 9.760478e-06 0
0.005511417 6.181636e-05 0.03192978 0.002228642 0.0006441915 0.181392 0.1425973 0.3304768 0.002108263 0.1234277 0.005150279 0.030739 0.006894151 0.1505066 0.004636227 0.0001073653 0.03203063 0.001324171 0.01364515 0.0124316 0.03564527 0.0002765469 0.06839818 0.008833232 5.530937e-05 0.09316701 0.002807764 0.03125305 0.02377978 0.01489449 0.0001138722 0.02668515 0.0001203792 0.02667864 3.253493e-06 0.0279963 0.002830539 0.03378427 0.01032659 0.03905818 0.004486566 0.001008583 0.0001594211 9.760478e-06 9.760478e-06 0.0002147305 0.0003481237 0 3.904191e-05 0.00313962 9.760478e-05 0.0003090818 0.0009565268 5.856287e-05 3.578842e-05 0 0.0001041118 0 9.760478e-06 9.760478e-06 6.506985e-06 0 0.0004131936 1.301397e-05 6.506985e-06 5.530937e-05 0.00414495 3.253493e-06 0.0002147305 0.0006149101 0.007954789 0.0001236327 0.0005173053 3.253493e-06 3.253493e-06 0 0.0001496607 0 0.0001529142 6.506985e-06 0.0002602794 2.928143e-05 3.578842e-05 1.626746e-05 6.506985e-06 0
0.000865429 0.03998542 0.0002017165 0.03981299 0.002606048 0.004125429 0.01602996 0.002108263 0.002560499 0.01320593 0.0007483033 0.03425277 0.00143479 0.004001796 0.01692142 0.004590678 0.0001561676 0.0001366467 0.0001594211 0.02555293 0.001011836 0.05828307 0.0002863074 0.1757309 0.007008023 0.0009630338 0.02083537 0.06858037 0.006383353 0.008136985 2.602794e-05 0.001057385 0.000230998 0.001952096 3.253493e-05 0.001987884 0.0002993213 0.004450778 0.0009695408 0.005351995 0.0001268862 0.0003253493 3.253493e-05 2.277445e-05 2.602794e-05 2.602794e-05 0.000891457 0 1.301397e-05 0.004177485 8.459081e-05 0.0002147305 0.001259102 9.109779e-05 6.832335e-05 0.0001106187 0.0001106187 1.952096e-05 0.0004945309 1.301397e-05 9.760478e-06 6.506985e-06 0.0007417963 0.0002082235 0.0001594211 7.157684e-05 0.06425973 3.253493e-05 0.0001171257 0.0002407585 0.04043441 0.000237505 0.0009109779 5.856287e-05 3.253493e-06 9.760478e-06 0.0001789421 0 0.0002082235 3.904191e-05 0.0002928143 1.301397e-05 7.157684e-05 1.301397e-05 2.928143e-05 6.506985e-06
0.003084311 6.181636e-05 0.009496945 0.04791419 0.0002472654 0.1789876 0.1783825 0.1234277 0.01320593 0.4224758 0.01095126 0.0969736 0.009506705 0.1295573 0.003468223 2.602794e-05 0.001913054 0.003289281 0.005013632 0.06956943 0.01624144 4.22954e-05 0.02424828 0.01054457 0.0001106187 0.03263253 0.002313233 0.08534237 0.1410812 0.002326247 0.0001984631 0.006825828 0.0009174849 0.05792844 0.0002017165 0.01290986 0.003640658 0.135804 0.01649521 0.006438662 0.001818702 0.0009988222 0.0003383632 3.253493e-06 5.856287e-05 0.0001431537 0.007421217 0 0.0001887026 0.009601057 0.0003904191 0.005410558 0.01663185 0.0002993213 0.0007938522 0 0.0003513772 2.928143e-05 1.952096e-05 0 4.22954e-05 1.301397e-05 0.007850678 1.626746e-05 2.602794e-05 1.952096e-05 0.02740091 1.301397e-05 0.0002277445 0.0005335728 0.04568554 0.0004066866 7.808382e-05 0 1.301397e-05 0 0.0007125149 0 0.000224491 1.626746e-05 0.0007905987 3.578842e-05 0.0002667864 2.602794e-05 1.626746e-05 0
0.0002863074 0.003946487 0.0003741517 0.0003708982 1.301397e-05 0.001743872 0.004558143 0.005150279 0.0007483033 0.01095126 0.200028 0.004346666 0.07122546 0.004076626 0.000230998 0.0003188423 0.00101509 0.07096518 0.01444876 0.002166826 0.003712235 0.001246088 0.006022215 0.002326247 0.005911596 0.1125969 0.01377529 0.00354956 0.01005004 0.0007515568 0.01770225 0.002801257 7.157684e-05 0.07175903 0 0.005810738 0.07412107 0.1379741 0.01056734 0.001307904 3.253493e-05 0.00747978 6.506985e-06 0 5.856287e-05 4.55489e-05 9.435129e-05 0 1.301397e-05 0.0007645708 2.277445e-05 0.0001041118 0.000237505 0.002898862 6.506985e-06 0.009493691 1.626746e-05 0 2.602794e-05 3.253493e-06 0.0003155888 2.602794e-05 0.0001106187 2.928143e-05 1.952096e-05 9.760478e-06 0.0009435129 0.0006084031 0.001441297 0.003370618 0.001727605 1.301397e-05 8.78443e-05 0.002215628 0 0 5.205588e-05 0 7.808382e-05 0.009197624 0.0001496607 2.277445e-05 9.760478e-06 0 0.00550491 0
6.181636e-05 1.301397e-05 3.253493e-05 0.04245808 0.003917205 0.08616875 0.00305503 0.030739 0.03425277 0.0969736 0.004346666 0.09909162 0.004688283 0.02332429 0.04217502 3.253493e-06 0.0001626746 0.001109441 0.001447804 0.08200754 6.181636e-05 1.626746e-05 8.133732e-05 0.001919561 6.506985e-06 0.00224491 0.0002602794 0.02612555 0.02433938 6.181636e-05 6.506985e-05 0.006519999 6.506985e-06 0.01627722 1.301397e-05 0.001135469 0.001008583 0.02138195 0.003565828 0.02601818 0.000647445 0.0003513772 2.602794e-05 3.253493e-06 1.626746e-05 3.253493e-06 0.003393393 0 3.253493e-05 0.001724351 9.760478e-05 0.002026926 0.006363832 8.459081e-05 0.000455489 0 6.506985e-05 1.626746e-05 0 0 9.760478e-06 3.253493e-06 0.003796826 0 3.253493e-06 0 0.004642734 0 1.952096e-05 9.760478e-06 0.01036563 9.435129e-05 9.760478e-06 0 2.277445e-05 3.253493e-06 0.0001366467 0 1.952096e-05 3.253493e-06 0.0001626746 9.760478e-06 0.0001594211 3.253493e-06 3.253493e-06 0
7.157684e-05 0.01565906 0.000237505 0.0005498403 8.133732e-05 0.002915129 0.006022215 0.006894151 0.00143479 0.009506705 0.07122546 0.004688283 0.06501454 0.001984631 0.0004717564 0.0001529142 0.000217984 0.00143479 0.0009955687 0.001913054 0.0003871656 0.004509341 0.0007125149 0.003412914 0.04184968 0.0120607 0.05406329 0.004616706 0.004174231 0.000871936 0.0121583 0.004626467 6.506985e-06 0.009073991 0.0001008583 0.01554519 0.09159883 0.05516622 0.004925788 0.003051776 0.0004652494 0.03444798 4.880239e-05 3.253493e-06 0.0005107983 5.205588e-05 0.0001626746 0 2.602794e-05 0.001236327 5.530937e-05 0.0001724351 0.0002960678 0.02429058 2.277445e-05 0.08264197 4.22954e-05 0 3.253493e-06 3.253493e-05 0.003702475 0.0002212375 0.0001333932 3.253493e-06 8.459081e-05 9.760478e-06 0.001418523 0.007710778 0.02171381 0.03459439 0.002365289 4.880239e-05 0.0001659281 0.0222181 3.253493e-06 0 0.0002798004 3.253493e-06 0.0004099401 0.04572459 0.00122006 0.0002602794 1.626746e-05 2.602794e-05 0.03782185 0
0.1103878 0.0001106187 0.03084636 0.005986426 8.459081e-05 0.01942986 0.3054249 0.1505066 0.004001796 0.1295573 0.004076626 0.02332429 0.001984631 0.2307637 0.001242834 0.0003481237 0.0853326 0.001545409 0.02377002 0.01778359 0.02284277 0.0007385428 0.04502183 0.02309654 2.602794e-05 0.09191442 0.002427105 0.06537568 0.113381 0.08539442 5.205588e-05 0.01132866 0.000230998 0.03347193 9.760478e-06 0.01087317 0.001890279 0.01882796 0.002970439 0.007265049 0.0005433333 0.0002863074 2.928143e-05 1.301397e-05 0 9.760478e-05 0.0003936726 0 4.880239e-05 0.00497459 0.0001399002 0.0006051496 0.00108992 7.157684e-05 6.181636e-05 6.506985e-06 0.0001887026 1.952096e-05 1.301397e-05 9.760478e-06 1.301397e-05 9.760478e-06 0.0004522355 3.904191e-05 1.301397e-05 5.530937e-05 0.007323612 0 0.0001203792 0.0003448702 0.01511898 0.000224491 0.001516128 0 1.301397e-05 3.253493e-06 0.000230998 0 0.000237505 9.760478e-06 0.0005303193 3.578842e-05 8.133732e-05 3.253493e-05 0 0
0 0.0004977844 4.880239e-05 0.01011186 0.0217073 0.03914602 0.001041118 0.004636227 0.01692142 0.003468223 0.000230998 0.04217502 0.0004717564 0.001242834 0.01613407 0 1.301397e-05 5.205588e-05 5.205588e-05 0.008006845 3.578842e-05 0.0007352893 5.530937e-05 0.01917283 5.856287e-05 0.000224491 0.0003676447 0.005452854 0.001795928 9.760478e-06 3.253493e-06 0.01756561 6.506985e-06 0.001385988 3.253493e-06 0.0001399002 3.904191e-05 0.001418523 0.0004782634 0.01077882 0.0007710778 4.880239e-05 3.253493e-06 0 0 0 5.205588e-05 0 6.506985e-06 3.253493e-05 0 2.602794e-05 9.109779e-05 3.253493e-06 9.760478e-06 6.506985e-06 0 0 9.760478e-06 0 0 0 3.253493e-05 3.253493e-06 6.506985e-06 3.253493e-06 5.205588e-05 0 0 3.253493e-06 0.0001724351 3.253493e-06 0 0 0 0 0 0 0 3.253493e-06 6.506985e-06 0 0 0 0 0
0.0001854491 0.006572055 0.001652774 3.253493e-06 0 1.301397e-05 0.0002017165 0.0001073653 0.004590678 2.602794e-05 0.0003188423 3.253493e-06 0.0001529142 0.0003481237 0 0.02579694 0.001346946 0.0001073653 0.001382734 1.301397e-05 0.01735413 0.0991632 0.022358 0.02059461 0.0008296406 0.003523533 0.1636149 0.007476526 0.002684131 0.02204567 1.301397e-05 1.301397e-05 0.0003123353 0.01295215 0.0004197005 0.06205061 0.01682056 0.03223886 0.01553543 0.0002212375 5.856287e-05 0.0001106187 0.0003448702 0.00020497 0.0001594211 0.001929321 1.626746e-05 3.253493e-06 1.301397e-05 0.003299042 0.0001041118 0.001652774 6.832335e-05 3.578842e-05 6.506985e-06 1.626746e-05 0.0003481237 0 0.1013203 8.78443e-05 9.760478e-06 5.205588e-05 6.506985e-06 0.06484211 0.017699 0.04059383 0.07157033 6.506985e-06 0.000647445 0.007167444 0.1069846 0.001441297 0.007095867 3.253493e-06 3.253493e-06 6.181636e-05 0.0003155888 3.253493e-06 0.001366467 0.0003318562 0.0007580638 9.109779e-05 7.483033e-05 1.952096e-05 0 3.253493e-06
0.02748551 0.0004587425 0.0252471 8.133732e-05 3.253493e-06 0.002134291 0.01461144 0.03203063 0.0001561676 0.001913054 0.00101509 0.0001626746 0.000217984 0.0853326 1.301397e-05 0.001346946 0.002150559 0.0005465868 0.01081461 0.0001236327 0.02567331 0.0002700399 0.03831964 0.0009955687 6.506985e-06 0.009994729 0.08389131 0.002322994 0.07763809 0.06869424 1.626746e-05 0.000422954 0.002134291 0.06072644 4.22954e-05 0.02737489 0.06065812 0.05786337 0.009197624 0.0001301397 2.928143e-05 4.22954e-05 5.856287e-05 3.253493e-06 0.000217984 0.0104372 0 0 6.506985e-06 0.0002212375 2.928143e-05 2.277445e-05 3.253493e-06 3.253493e-06 0 0 3.578842e-05 0 8.133732e-05 9.109779e-05 3.253493e-06 5.205588e-05 0 0.0001366467 1.952096e-05 0.001561676 0.0002765469 3.253493e-06 0.002755708 0.0157404 0.0006149101 9.760478e-06 9.109779e-05 6.506985e-06 0 6.506985e-06 3.904191e-05 0 0.0002407585 7.483033e-05 0.0001236327 6.506985e-06 3.253493e-06 0 6.506985e-06 0
0.0002667864 0 0.0001496607 0.0001041118 3.253493e-06 0.0004685029 0.001275369 0.001324171 0.0001366467 0.003289281 0.07096518 0.001109441 0.00143479 0.001545409 5.205588e-05 0.0001073653 0.0005465868 0.006731476 0.005508163 0.0006344311 0.001291637 6.506985e-06 0.002778483 0.0005693612 3.253493e-06 0.01502138 0.002911876 0.001008583 0.003318562 0.0003611377 0.0002147305 0.0006084031 3.253493e-05 0.02207169 1.952096e-05 0.006022215 0.03341662 0.07813913 0.01412992 0.0002667864 0 0.0004131936 2.277445e-05 0 3.253493e-06 3.253493e-06 9.760478e-06 0 3.253493e-06 0.0001821956 3.253493e-06 1.952096e-05 7.483033e-05 6.506985e-06 0 2.277445e-05 0 0 0 0 1.952096e-05 0 2.928143e-05 9.760478e-06 3.253493e-06 0 0.000224491 3.253493e-06 9.435129e-05 0.0001268862 0.0005433333 9.760478e-06 2.602794e-05 1.626746e-05 0 0 6.506985e-06 3.253493e-06 3.253493e-05 2.277445e-05 1.626746e-05 0 0 3.253493e-06 0 0
0.007717285 1.626746e-05 0.001532395 0.0001626746 0 0.001926068 0.004063612 0.01364515 0.0001594211 0.005013632 0.01444876 0.001447804 0.0009955687 0.02377002 5.205588e-05 0.001382734 0.01081461 0.005508163 0.02455086 0.0009044709 0.02061413 2.277445e-05 0.03891503 0.0009695408 1.301397e-05 0.033768 0.007170698 0.00225467 0.03424301 0.006643632 0.0001203792 0.0007190219 0.0009207384 0.1485415 0.0001138722 0.04161868 0.06245079 0.1700568 0.03636754 0.0004066866 2.928143e-05 0.0007808382 0.0001366467 0 6.181636e-05 0.0005693612 2.602794e-05 0 0 0.0003220958 1.952096e-05 5.205588e-05 7.808382e-05 9.760478e-06 3.253493e-06 2.928143e-05 1.626746e-05 0 8.133732e-05 4.880239e-05 2.602794e-05 0.0002863074 3.904191e-05 0.0001496607 2.928143e-05 6.181636e-05 0.0003708982 5.856287e-05 0.006907165 0.008416785 0.0006864869 9.760478e-06 5.205588e-05 5.856287e-05 0 0 9.109779e-05 6.506985e-06 0.0001756886 0.0001854491 0.0001301397 3.904191e-05 1.626746e-05 0 3.253493e-06 0
0.0003351097 9.760478e-06 2.277445e-05 0.06279241 0.0005953892 0.007255289 0.002137545 0.0124316 0.02555293 0.06956943 0.002166826 0.08200754 0.001913054 0.01778359 0.008006845 1.301397e-05 0.0001236327 0.0006344311 0.0009044709 0.02085489 5.205588e-05 2.277445e-05 0.0001041118 0.008153253 6.506985e-06 0.00157469 0.0001399002 0.06310474 0.02256297 5.530937e-05 3.578842e-05 0.001431537 0.0001659281 0.009796266 2.602794e-05 0.00231974 0.0006246706 0.02273215 0.002827285 0.006978742 0.0003123353 0.000211477 5.205588e-05 1.626746e-05 3.578842e-05 1.301397e-05 0.00768475 3.253493e-06 0.0001691816 0.006308522 0.0002732934 0.005290179 0.01534022 0.0002342515 0.0007580638 9.760478e-06 0.0003188423 9.760478e-06 0 0 4.22954e-05 6.506985e-06 0.007704271 3.253493e-06 2.602794e-05 0 0.01967712 3.253493e-06 3.253493e-05 5.530937e-05 0.03383307 0.0003058283 1.952096e-05 6.506985e-06 1.301397e-05 0 0.0005400798 0 0.0001854491 3.253493e-06 0.0006214171 5.205588e-05 0.0002505189 6.506985e-06 0 3.253493e-06
0.002026926 0.0006149101 0.03436664 3.253493e-05 3.253493e-06 0.00667942 0.05537119 0.03564527 0.001011836 0.01624144 0.003712235 6.181636e-05 0.0003871656 0.02284277 3.578842e-05 0.01735413 0.02567331 0.001291637 0.02061413 5.205588e-05 0.1488668 0.01544758 0.2546541 0.002407585 9.109779e-05 0.01738992 0.04389287 0.01703529 0.01255523 0.3260292 3.253493e-05 0.0002570259 0.003006227 0.2264496 0.0009500198 0.1808356 0.03436014 0.2919196 0.06755227 0.0008816965 0.0002147305 0.000429461 0.001141976 0.0002407585 1.952096e-05 0.0004522355 1.301397e-05 0 4.22954e-05 0.004112415 0.0001496607 0.0008328941 4.880239e-05 4.22954e-05 6.506985e-06 0 0.0004392215 3.253493e-06 0.01006631 7.157684e-05 1.952096e-05 2.277445e-05 1.301397e-05 0.01620565 0.001555169 0.001867505 0.03874259 3.253493e-06 0.0002407585 0.00088495 0.06611097 0.001646267 0.008228083 3.253493e-06 1.626746e-05 6.181636e-05 0.0003286028 1.626746e-05 0.001168004 0.0001626746 0.0007548103 2.928143e-05 6.832335e-05 1.301397e-05 3.253493e-06 6.506985e-06
0.0003708982 0.1006273 0.0003448702 5.530937e-05 5.205588e-05 4.880239e-05 0.0007287823 0.0002765469 0.05828307 4.22954e-05 0.001246088 1.626746e-05 0.004509341 0.0007385428 0.0007352893 0.0991632 0.0002700399 6.506985e-06 2.277445e-05 2.277445e-05 0.01544758 0.02155764 0.006871376 0.1176007 0.02690638 0.003621137 0.08543021 0.01083738 0.003035509 0.01084714 5.530937e-05 2.602794e-05 0.0001366467 0.0005693612 9.760478e-06 0.00169507 0.0004815169 0.001161497 0.0004164471 0.0006572055 6.506985e-06 0.001190778 1.626746e-05 1.626746e-05 4.880239e-05 0.0003253493 6.506985e-06 0 0 0.0006344311 1.301397e-05 0.0001561676 3.578842e-05 0.0001106187 0 0.0004685029 8.78443e-05 0 0.05934696 9.760478e-06 3.253493e-05 1.626746e-05 0 0.01422102 0.006454929 0.01700926 0.05754127 7.808382e-05 0.0005205588 0.01311158 0.03408034 0.0001854491 0.0006441915 0.0001431537 0 9.760478e-06 7.808382e-05 3.253493e-06 0.0001984631 0.0001333932 0.0001529142 4.880239e-05 1.301397e-05 0 0.0001464072 6.506985e-06
0.004541876 0.0007645708 0.1748362 8.78443e-05 3.253493e-06 0.0133198 0.06542448 0.06839818 0.0002863074 0.02424828 0.006022215 8.133732e-05 0.0007125149 0.04502183 5.530937e-05 0.022358 0.03831964 0.002778483 0.03891503 0.0001041118 0.2546541 0.006871376 0.172113 0.003146127 5.530937e-05 0.06923432 0.3137896 0.0248762 0.01061615 0.08648109 1.626746e-05 0.0005823752 0.0005888822 0.2363955 0.00272968 0.5575575 0.1269318 0.4963105 0.1803932 0.001366467 0.0005563472 0.0005758682 0.001926068 5.205588e-05 0.0002765469 0.003136367 1.626746e-05 0 3.904191e-05 0.001590958 8.459081e-05 0.0001366467 5.856287e-05 1.301397e-05 0 3.253493e-06 0.0001399002 6.506985e-06 0.0424353 4.880239e-05 3.253493e-06 6.506985e-06 9.760478e-06 0.03137994 0.004743592 0.03193954 0.02409537 0 0.0003839121 0.03167275 0.03738588 0.0006929939 0.002420599 0 0 3.578842e-05 0.0001724351 0.0001984631 0.001275369 0.0001724351 0.0003806586 9.435129e-05 2.277445e-05 0 3.253493e-06 6.506985e-06
0.007515568 0.03137668 0.002238403 0.04017087 0.001610479 0.003533293 0.04664207 0.008833232 0.1757309 0.01054457 0.002326247 0.001919561 0.003412914 0.02309654 0.01917283 0.02059461 0.0009955687 0.0005693612 0.0009695408 0.008153253 0.002407585 0.1176007 0.003146127 0.1081754 0.00490952 0.004040838 0.03179313 0.09495969 0.08525452 0.05191924 7.157684e-05 0.001717844 0.01462445 0.04123477 0.0006637125 0.06456881 0.007912494 0.08340328 0.02233848 0.01735413 0.0007385428 0.000865429 0.0007222754 0.0002830539 5.205588e-05 0.0004197005 0.003025748 3.253493e-06 0.0002960678 0.04436137 0.001128962 0.01429585 0.007073093 0.0007483033 0.0003774051 0.0001008583 0.001525888 4.880239e-05 0.003926966 0.0001171257 0.0001691816 3.904191e-05 0.003002974 0.00455489 0.001304651 0.0007548103 0.1192307 1.301397e-05 0.000448982 0.0007580638 0.1661917 0.002365289 0.01351175 4.55489e-05 0.0001106187 4.880239e-05 0.002062714 2.277445e-05 0.002000898 0.0001333932 0.004122175 0.0003090818 0.0006441915 0.0001626746 4.880239e-05 2.277445e-05
9.760478e-06 0.04819399 0.0005368263 6.506985e-06 3.253493e-06 4.22954e-05 0.0003220958 5.530937e-05 0.007008023 0.0001106187 0.005911596 6.506985e-06 0.04184968 2.602794e-05 5.856287e-05 0.0008296406 6.506985e-06 3.253493e-06 1.301397e-05 6.506985e-06 9.109779e-05 0.02690638 5.530937e-05 0.00490952 0.005238123 0.002508443 0.03721345 0.0002537724 2.602794e-05 5.530937e-05 0.0008198801 0 3.253493e-06 4.22954e-05 0 9.435129e-05 0.0003904191 0.0003806586 2.277445e-05 8.459081e-05 0 0.01204118 0 0 0.0002472654 6.506985e-05 0 0 0 9.760478e-06 3.253493e-06 1.952096e-05 3.253493e-06 0.001480339 0 0.009100019 1.301397e-05 0 1.301397e-05 3.253493e-06 0.0003546307 8.459081e-05 0 0 1.301397e-05 9.760478e-06 2.928143e-05 0.0005953892 0.004288103 0.008436306 1.952096e-05 6.506985e-06 0 0.002300219 0 0 5.530937e-05 3.253493e-06 0.0001073653 0.0007515568 0.0001724351 2.928143e-05 6.506985e-06 0 0.001314411 0
0.01607551 0.005147025 0.08972482 0.0006572055 3.578842e-05 0.02129736 0.06816392 0.09316701 0.0009630338 0.03263253 0.1125969 0.00224491 0.0120607 0.09191442 0.000224491 0.003523533 0.009994729 0.01502138 0.033768 0.00157469 0.01738992 0.003621137 0.06923432 0.004040838 0.002508443 0.2417052 0.3922606 0.01489774 0.04191149 0.01062916 0.006796546 0.002052954 0.001060639 0.05766816 0.0005075448 0.1907002 0.4807751 0.2547973 0.07562418 0.001210299 0.0001626746 0.009607564 0.0005270658 3.253493e-05 0.00428485 0.07763809 4.55489e-05 0 4.22954e-05 0.001763393 0.0003611377 0.0005563472 0.0001301397 0.005055928 6.506985e-06 0.01623167 0.0004880239 1.952096e-05 0.0002440119 0.00136972 0.006614351 0.004668762 4.880239e-05 0.0002537724 0.0005368263 0.002023672 0.001903293 0.003133113 0.1375251 0.2778515 0.001734112 0.00020497 0.0005173053 0.01088293 0 3.253493e-06 0.001893533 9.760478e-06 0.002752455 0.0163976 0.003887924 0.0007938522 9.435129e-05 0 0.000647445 3.253493e-06
0.0004197005 0.06465341 0.2370788 7.483033e-05 1.626746e-05 0.0009044709 0.0104372 0.002807764 0.02083537 0.002313233 0.01377529 0.0002602794 0.05406329 0.002427105 0.0003676447 0.1636149 0.08389131 0.002911876 0.007170698 0.0001399002 0.04389287 0.08543021 0.3137896 0.03179313 0.03721345 0.3922606 0.4909293 0.01072677 0.001734112 0.001135469 0.01223639 0.0001691816 0.0001431537 0.09316051 0.002202615 0.411056 0.184691 0.2718098 0.0892856 0.0007580638 0.0001887026 0.004606946 0.00108992 7.157684e-05 0.01879217 0.1598831 3.253493e-06 0 0.0001594211 0.005810738 0.0009662873 0.0007743312 0.0002082235 0.007574131 3.253493e-06 0.02678926 0.001044371 6.506985e-06 0.1524684 0.002846806 0.01385012 0.006275987 9.760478e-06 0.008420039 0.02697471 0.2137219 0.003682954 0.01161822 0.2097331 0.837924 0.005303193 0.0004782634 0.001278623 0.02571561 6.506985e-06 1.301397e-05 0.003562574 0.0001561676 0.006282494 0.01873036 0.008289899 0.001932575 0.0001366467 0 0.001603972 2.602794e-05
0.01688237 0.0009695408 0.0108081 0.05565099 0.0004066866 0.01125058 0.4856293 0.03125305 0.06858037 0.08534237 0.00354956 0.02612555 0.004616706 0.06537568 0.005452854 0.007476526 0.002322994 0.001008583 0.00225467 0.06310474 0.01703529 0.01083738 0.0248762 0.09495969 0.0002537724 0.01489774 0.01072677 0.164913 0.194432 0.1017302 8.459081e-05 0.002283952 0.03432435 0.1204833 0.001151736 0.09964797 0.01250317 0.2014888 0.04531465 0.009633592 0.001600718 0.001581197 0.001216806 0.0002505189 6.832335e-05 0.0002472654 0.005010379 3.253493e-06 0.0004001796 0.03952017 0.0009955687 0.0131311 0.01193706 0.0007222754 0.0005400798 1.301397e-05 0.001340439 4.880239e-05 0.0009890618 9.435129e-05 0.0001366467 4.55489e-05 0.005696866 0.00157469 0.0004001796 0.0003155888 0.08773694 1.301397e-05 0.0002993213 0.000647445 0.1304878 0.002017165 0.01056734 1.626746e-05 0.0001203792 1.952096e-05 0.001971617 1.952096e-05 0.0014901 0.0001008583 0.003585349 0.0002602794 0.0005270658 0.0001138722 3.253493e-05 1.626746e-05
0.06173828 0.0002147305 0.00510473 0.01263982 9.109779e-05 0.0164399 0.1505326 0.02377978 0.006383353 0.1410812 0.01005004 0.02433938 0.004174231 0.113381 0.001795928 0.002684131 0.07763809 0.003318562 0.03424301 0.02256297 0.01255523 0.003035509 0.01061615 0.08525452 2.602794e-05 0.04191149 0.001734112 0.194432 0.3708949 0.13651 0.0001301397 0.002534471 0.03261301 0.1078728 1.626746e-05 0.02510395 0.004346666 0.04677221 0.008335448 0.01421126 0.00264509 0.0005856287 0.0001041118 0.0001496607 0 0.0001333932 0.0005856287 6.506985e-06 8.459081e-05 0.009340777 0.0001984631 0.001050878 0.001698323 0.0001561676 9.435129e-05 3.253493e-06 0.0004164471 2.277445e-05 0.0001464072 5.205588e-05 2.928143e-05 1.626746e-05 0.0006279241 0.0002993213 5.856287e-05 9.760478e-05 0.01680429 0 0.0001984631 0.000217984 0.0413096 0.0007775847 0.00599944 9.760478e-06 9.760478e-06 1.952096e-05 0.0004977844 3.253493e-06 0.000653952 7.157684e-05 0.001236327 8.459081e-05 0.00020497 5.856287e-05 0 6.506985e-06
0.03868077 0.0005465868 0.005735907 0.0001203792 0 0.0007938522 0.078484 0.01489449 0.008136985 0.002326247 0.0007515568 6.181636e-05 0.000871936 0.08539442 9.760478e-06 0.02204567 0.06869424 0.0003611377 0.006643632 5.530937e-05 0.3260292 0.01084714 0.08648109 0.05191924 5.530937e-05 0.01062916 0.001135469 0.1017302 0.13651 0.1182775 1.626746e-05 0.0004262075 0.01447804 0.0800164 0.0006051496 0.09737053 0.01918259 0.08559288 0.02393595 0.0036797 0.0002667864 0.0004131936 0.0006929939 0.000230998 6.506985e-06 0.0002765469 3.578842e-05 0 8.78443e-05 0.01218433 0.0003871656 0.001447804 0.0001399002 0.00020497 3.578842e-05 3.253493e-06 0.0005791217 9.760478e-06 0.001268862 0.0001268862 4.22954e-05 2.928143e-05 7.157684e-05 0.003038762 0.0002895608 0.000230998 0.02853964 0 0.0002212375 0.0002667864 0.07454728 0.001350199 0.01116273 6.506985e-06 2.928143e-05 3.578842e-05 0.0007775847 3.253493e-06 0.001477086 0.0001496607 0.002043193 0.0001073653 0.0002830539 5.205588e-05 6.506985e-06 1.301397e-05
0 7.157684e-05 1.301397e-05 3.253493e-06 3.253493e-06 2.928143e-05 8.459081e-05 0.0001138722 2.602794e-05 0.0001984631 0.01770225 6.506985e-05 0.0121583 5.205588e-05 3.253493e-06 1.301397e-05 1.626746e-05 0.0002147305 0.0001203792 3.578842e-05 3.253493e-05 5.530937e-05 1.626746e-05 7.157684e-05 0.0008198801 0.006796546 0.01223639 8.459081e-05 0.0001301397 1.626746e-05 0.002768722 5.530937e-05 3.253493e-06 0.002807764 3.253493e-06 0.0009793013 0.03186145 0.0155582 0.002007405 4.55489e-05 0 0.00306479 0 0 0.0001073653 9.760478e-06 3.253493e-06 0 0 2.602794e-05 0 0 6.506985e-06 0.003839121 3.253493e-06 0.01453335 0 3.253493e-06 6.506985e-06 1.952096e-05 0.001916307 7.808382e-05 3.253493e-06 3.253493e-06 9.760478e-06 3.253493e-06 5.856287e-05 0.001320918 0.008224829 0.01107164 2.928143e-05 6.506985e-06 9.760478e-06 0.00638986 0 0 7.483033e-05 0 0.0001073653 0.01014764 0.0003546307 8.133732e-05 6.506985e-06 0 0.001337185 0
7.808382e-05 2.277445e-05 0.0003025748 0.0005335728 0.0006962474 0.02889752 0.003546307 0.02668515 0.001057385 0.006825828 0.002801257 0.006519999 0.004626467 0.01132866 0.01756561 1.301397e-05 0.000422954 0.0006084031 0.0007190219 0.001431537 0.0002570259 2.602794e-05 0.0005823752 0.001717844 0 0.002052954 0.0001691816 0.002283952 0.002534471 0.0004262075 5.530937e-05 3.253493e-05 0 0.03451305 9.760478e-06 0.0225402 0.001239581 0.03186796 0.009822294 0.04826556 0.0163911 0.0008133732 0.0001529142 0 0 3.253493e-06 5.856287e-05 3.253493e-06 1.301397e-05 0.0005270658 1.301397e-05 4.880239e-05 0.0001236327 1.301397e-05 9.760478e-06 0 3.253493e-05 0 0 3.253493e-06 0 0 5.530937e-05 3.253493e-06 0 0 0.00067998 0 3.253493e-06 1.301397e-05 0.001242834 1.952096e-05 5.205588e-05 0 3.253493e-06 0 2.928143e-05 0 3.253493e-05 6.506985e-06 3.904191e-05 3.253493e-06 6.506985e-06 3.253493e-06 6.506985e-06 3.253493e-06
0.0002993213 1.301397e-05 0.0004945309 0.000435968 3.253493e-06 0.0001138722 0.01283828 0.0001203792 0.000230998 0.0009174849 7.157684e-05 6.506985e-06 6.506985e-06 0.000230998 6.506985e-06 0.0003123353 0.002134291 3.253493e-05 0.0009207384 0.0001659281 0.003006227 0.0001366467 0.0005888822 0.01462445 3.253493e-06 0.001060639 0.0001431537 0.03432435 0.03261301 0.01447804 3.253493e-06 0 0.001773153 0.007082853 0 0.0002863074 0.0003839121 0.001682056 0.0001041118 1.626746e-05 0 6.506985e-06 3.253493e-06 6.506985e-06 0 1.301397e-05 0 0 3.253493e-06 0.0003253493 1.301397e-05 3.904191e-05 6.506985e-06 3.253493e-06 0 0 1.626746e-05 0 1.626746e-05 3.253493e-06 0 0 3.253493e-06 3.904191e-05 6.506985e-06 2.277445e-05 0.0008003592 0 2.277445e-05 9.760478e-06 0.002316487 3.904191e-05 0.000429461 0 0 0 1.626746e-05 0 1.952096e-05 9.760478e-06 4.55489e-05 6.506985e-06 6.506985e-06 0 0 0
0.01094475 0.0002147305 0.02814271 0.005107983 0.0001203792 0.009392833 0.05519225 0.02667864 0.001952096 0.05792844 0.07175903 0.01627722 0.009073991 0.03347193 0.001385988 0.01295215 0.06072644 0.02207169 0.1485415 0.009796266 0.2264496 0.0005693612 0.2363955 0.04123477 4.22954e-05 0.05766816 0.09316051 0.1204833 0.1078728 0.0800164 0.002807764 0.03451305 0.007082853 0.02975644 2.928143e-05 0.01392495 0.04300792 0.04813217 0.002553992 0.005609021 4.880239e-05 0.002602794 3.253493e-05 2.928143e-05 0.0001073653 0.001880519 0.000429461 6.506985e-06 4.22954e-05 0.00387491 0.0001301397 0.0003058283 0.001226567 0.0001366467 8.459081e-05 6.832335e-05 0.0001854491 0 0.0007515568 2.602794e-05 2.602794e-05 3.253493e-06 0.0004815169 0.00108992 7.483033e-05 0.001177764 0.007196726 6.506985e-06 0.0006929939 0.005088462 0.01308229 0.0002928143 0.001337185 6.506985e-05 1.301397e-05 9.760478e-06 0.0001659281 0 0.0002472654 0.000217984 0.0003708982 2.928143e-05 4.55489e-05 0 7.808382e-05 6.506985e-06
3.253493e-06 3.253493e-06 0.000461996 5.205588e-05 0 0 0.0004392215 3.253493e-06 3.253493e-05 0.0002017165 0 1.301397e-05 0.0001008583 9.760478e-06 3.253493e-06 0.0004197005 4.22954e-05 1.952096e-05 0.0001138722 2.602794e-05 0.0009500198 9.760478e-06 0.00272968 0.0006637125 0 0.0005075448 0.002202615 0.001151736 1.626746e-05 0.0006051496 3.253493e-06 9.760478e-06 0 2.928143e-05 0.5525537 0.1396855 0.003751277 0.002397824 0.01200539 5.205588e-05 9.109779e-05 0.0006084031 0.001525888 0 0 5.205588e-05 0 0 0 2.277445e-05 0 6.506985e-06 0 6.506985e-06 0 0 3.253493e-06 0 6.506985e-06 0 0 0 0 2.928143e-05 3.253493e-06 3.578842e-05 6.506985e-05 0 1.952096e-05 0.0001171257 0.0001106187 9.760478e-06 1.301397e-05 3.253493e-06 0 0 3.253493e-06 0.2693924 0.000647445 1.952096e-05 2.928143e-05 7.808382e-05 0 0 6.506985e-06 3.253493e-06
0.0005042914 0.0008491616 0.09887689 0.003406407 0.000230998 0.01020295 0.04151457 0.0279963 0.001987884 0.01290986 0.005810738 0.001135469 0.01554519 0.01087317 0.0001399002 0.06205061 0.02737489 0.006022215 0.04161868 0.00231974 0.1808356 0.00169507 0.5575575 0.06456881 9.435129e-05 0.1907002 0.411056 0.09964797 0.02510395 0.09737053 0.0009793013 0.0225402 0.0002863074 0.01392495 0.1396855 0.07138488 0.6208803 0.1497843 0.05972111 0.04323241 0.04725373 0.01145555 0.007577384 5.205588e-05 0.0003286028 0.007271556 5.856287e-05 0 2.928143e-05 0.002931397 8.78443e-05 0.0002472654 0.0001984631 0.0001268862 9.760478e-06 3.578842e-05 0.0001333932 3.253493e-06 0.004327145 0.0001106187 3.904191e-05 4.55489e-05 7.157684e-05 0.004873732 0.0004587425 0.004206766 0.008036127 3.253493e-05 0.002215628 0.01815449 0.0138306 0.0002732934 0.001649521 8.133732e-05 3.253493e-06 1.952096e-05 0.0001887026 0.001535649 0.000891457 0.0003025748 0.000442475 0.0002147305 4.880239e-05 1.301397e-05 9.760478e-05 3.253493e-06
0.0002342515 0.0002830539 0.0347473 0.0002993213 1.301397e-05 0.0009630338 0.00462972 0.002830539 0.0002993213 0.003640658 0.07412107 0.001008583 0.09159883 0.001890279 3.904191e-05 0.01682056 0.06065812 0.03341662 0.06245079 0.0006246706 0.03436014 0.0004815169 0.1269318 0.007912494 0.0003904191 0.4807751 0.184691 0.01250317 0.004346666 0.01918259 0.03186145 0.001239581 0.0003839121 0.04300792 0.003751277 0.6208803 0.04091592 0.1547621 0.02209772 0.003656926 0.001887026 0.001278623 0.002322994 6.506985e-06 0.0001561676 0.001096427 2.602794e-05 0 6.506985e-06 0.0004717564 1.952096e-05 5.856287e-05 8.78443e-05 0.005690359 3.253493e-06 0.01170932 2.602794e-05 0 0.001291637 2.602794e-05 0.0003123353 5.856287e-05 2.277445e-05 0.00135996 0.0001789421 0.0008524151 0.001913054 0.000461996 0.003009481 0.008306167 0.003019241 0.0001073653 0.0003318562 0.002638583 0 0 4.880239e-05 6.832335e-05 0.008787684 0.01780637 0.000237505 4.880239e-05 1.626746e-05 0 0.009012175 0
0.002033433 0.0007483033 0.0567279 0.01542806 0.0003969261 0.01733136 0.1081103 0.03378427 0.004450778 0.135804 0.1379741 0.02138195 0.05516622 0.01882796 0.001418523 0.03223886 0.05786337 0.07813913 0.1700568 0.02273215 0.2919196 0.001161497 0.4963105 0.08340328 0.0003806586 0.2547973 0.2718098 0.2014888 0.04677221 0.08559288 0.0155582 0.03186796 0.001682056 0.04813217 0.002397824 0.1497843 0.1547621 0.08692682 0.01586403 0.006803053 0.000653952 0.01569485 0.001363213 5.205588e-05 0.0002537724 0.006741237 0.001096427 3.253493e-06 0.0001008583 0.009630338 0.0002928143 0.0009272454 0.002547485 0.0006376846 0.0001106187 0.0004782634 0.0003383632 9.760478e-06 0.002020419 9.435129e-05 0.0001236327 8.78443e-05 0.00108992 0.002843553 0.0001724351 0.001978124 0.01570136 8.78443e-05 0.003009481 0.01546385 0.02653223 0.0004880239 0.002293712 0.0003220958 9.760478e-06 1.301397e-05 0.0004587425 0.0001952096 0.001548662 0.0006572055 0.001132215 0.000211477 0.0001333932 2.277445e-05 0.0009760478 6.506985e-06
0.0001756886 0.0001952096 0.0156493 0.002391317 6.181636e-05 0.00401481 0.02061088 0.01032659 0.0009695408 0.01649521 0.01056734 0.003565828 0.004925788 0.002970439 0.0004782634 0.01553543 0.009197624 0.01412992 0.03636754 0.002827285 0.06755227 0.0004164471 0.1803932 0.02233848 2.277445e-05 0.07562418 0.0892856 0.04531465 0.008335448 0.02393595 0.002007405 0.009822294 0.0001041118 0.002553992 0.01200539 0.05972111 0.02209772 0.01586403 0.0007710778 0.003386886 0.0002440119 0.001688563 0.0003839121 3.253493e-06 7.483033e-05 0.001613732 7.157684e-05 3.253493e-06 1.301397e-05 0.001385988 4.55489e-05 0.0001236327 0.0002537724 0.0001464072 3.253493e-06 8.133732e-05 4.880239e-05 0 0.001002076 2.277445e-05 2.277445e-05 1.952096e-05 9.109779e-05 0.001148483 7.157684e-05 0.0005986426 0.002632076 2.928143e-05 0.0008686825 0.003988782 0.004714311 9.760478e-05 0.0003806586 2.928143e-05 9.760478e-06 0 5.856287e-05 0.001067146 0.001181018 7.157684e-05 0.0002537724 0.0001496607 1.626746e-05 6.506985e-06 0.0001008583 0
5.205588e-05 0.0004131936 0.0001691816 0.008254111 0.02160644 0.06628015 0.005033153 0.03905818 0.005351995 0.006438662 0.001307904 0.02601818 0.003051776 0.007265049 0.01077882 0.0002212375 0.0001301397 0.0002667864 0.0004066866 0.006978742 0.0008816965 0.0006572055 0.001366467 0.01735413 8.459081e-05 0.001210299 0.0007580638 0.009633592 0.01421126 0.0036797 4.55489e-05 0.04826556 1.626746e-05 0.005609021 5.205588e-05 0.04323241 0.003656926 0.006803053 0.003386886 0.00605475 0.003341337 0.0003643912 0.0002960678 1.952096e-05 0 1.952096e-05 0.001444551 0 4.22954e-05 0.002235149 5.856287e-05 0.0002472654 0.003198183 8.78443e-05 0.0003058283 6.506985e-06 9.435129e-05 9.760478e-06 6.506985e-06 0 6.506985e-06 0 0.001890279 1.952096e-05 9.760478e-06 1.626746e-05 0.002153812 0 1.626746e-05 1.626746e-05 0.006058003 0.0001268862 0.0002635329 3.253493e-06 6.506985e-06 0 0.0001333932 0.0002732934 9.435129e-05 0 0.00020497 2.277445e-05 0.0003481237 0 1.301397e-05 3.253493e-06
3.253493e-06 6.506985e-06 4.55489e-05 0.0001952096 0.0002993213 0.005156786 0.001073653 0.004486566 0.0001268862 0.001818702 3.253493e-05 0.000647445 0.0004652494 0.0005433333 0.0007710778 5.856287e-05 2.928143e-05 0 2.928143e-05 0.0003123353 0.0002147305 6.506985e-06 0.0005563472 0.0007385428 0 0.0001626746 0.0001887026 0.001600718 0.00264509 0.0002667864 0 0.0163911 0 4.880239e-05 9.109779e-05 0.04725373 0.001887026 0.000653952 0.0002440119 0.003341337 6.506985e-06 0.001076906 0.0001073653 0 0 9.760478e-06 9.760478e-06 0 3.253493e-06 0.0001561676 9.760478e-06 9.760478e-06 4.22954e-05 0.0001041118 6.506985e-06 9.760478e-06 9.760478e-06 0 0 0 0 0 2.602794e-05 3.253493e-06 0 3.253493e-06 0.0001919561 6.506985e-06 0 3.253493e-06 0.0002667864 9.760478e-06 2.277445e-05 0 3.253493e-06 0 2.928143e-05 9.760478e-06 0.0001561676 3.253493e-06 0.0001106187 4.22954e-05 3.253493e-06 6.506985e-06 0.0001236327 0
