0.01262367 2.935737e-06 0.002013915 0.0008631066 8.80721e-06 0.0006634765 0.06615389 0.003930951 0.001717406 0.005827437 0.0003610956 0.0001996301 7.632915e-05 0.05252033 3.22931e-05 4.403605e-05 0.01540968 0.0006341191 0.00743035 0.0005401756 0.002333911 2.642163e-05 0.003558113 0.01720048 2.935737e-06 0.01402108 0.002518862 0.03703725 0.08905264 0.03165898 0 2.348589e-05 0.002257582 0.008907025 2.935737e-06 0.001388603 0.0001761442 0.006543757 0.0005988903 0.0001937586 3.816458e-05 1.467868e-05 2.935737e-06 0.0001056865 5.871473e-06 3.816458e-05 1.761442e-05 0 1.467868e-05 0.0004051317 0.000111558 0.000880721 7.632915e-05 8.80721e-06 2.935737e-06 0 0.0002554091 2.935737e-06 3.522884e-05 5.284326e-05 2.935737e-06 2.055016e-05 8.80721e-06 8.80721e-06 4.990752e-05 5.871473e-06 0.006226698 2.935737e-06 4.403605e-05 0.0001467868 0.003605085 0.0003111881 2.348589e-05 0 0 2.348589e-05 9.687931e-05 2.935737e-06 0.0001996301 5.871473e-06 0.0003963245 9.394358e-05 5.284326e-05 2.348589e-05 5.871473e-06 8.80721e-06
2.935737e-06 0.006470364 0.01698324 0 0 8.80721e-06 0.0001702727 1.174295e-05 0.02547045 3.22931e-05 0.0007985204 2.055016e-05 0.01190441 3.816458e-05 8.80721e-06 0.0001321082 0.0003141238 0.001456125 0.0005254969 2.935737e-06 2.055016e-05 0.08520682 8.80721e-05 0.01864193 0.03498224 0.04308194 0.1080322 0.0003493527 0.0001144937 1.761442e-05 0.001165487 1.761442e-05 8.80721e-06 0.0005313683 0 0.003067845 0.008487215 0.003869301 0.0005783401 7.926489e-05 0 0.004286176 8.80721e-06 0 0.001447318 0.003396647 0 0 2.935737e-06 6.752194e-05 0 1.467868e-05 2.935737e-06 0.0003757743 0 0.0005166897 2.935737e-06 0 0.0008689781 0.002724364 0.0004198104 0.001142002 0 5.284326e-05 9.394358e-05 0.0003728386 0.0004110031 0.0009365 0.005222676 0.02651851 0.0002436661 2.935737e-06 7.045768e-05 0.0001526583 0 2.935737e-06 0.0001996301 2.935737e-06 0.0008396207 0.0002730235 0.0005254969 0.0003288025 2.935737e-06 2.935737e-06 1.761442e-05 2.935737e-06
0.002013915 0.01698324 0.1627044 0.0001820157 2.935737e-06 0.001370989 0.1914805 0.01419722 0.0001379796 0.00872501 0.000223116 0.0001203652 9.394358e-05 0.01523647 5.871473e-06 0.0003522884 0.04463201 0.0001438511 0.003114817 7.926489e-05 0.05738191 7.926489e-05 0.1377859 0.003942694 1.761442e-05 0.2751108 0.202375 0.1218478 0.003998473 0.06266917 3.22931e-05 1.761442e-05 9.687931e-05 0.002923994 1.467868e-05 0.01019288 0.002618677 0.0109503 0.004664886 0.0001379796 4.697179e-05 8.80721e-06 2.642163e-05 1.174295e-05 0.007638787 0.04910313 2.935737e-06 0 0 0.0002818307 8.80721e-06 8.220063e-05 8.80721e-06 3.22931e-05 0 0.0001438511 3.522884e-05 0 0.003155917 0.01097378 4.697179e-05 0.000267152 0 0.0001878872 0.0003963245 0.003828201 0.002207674 0.0001350439 0.006323577 0.09980918 0.001385668 2.348589e-05 0.0002084373 2.642163e-05 0 2.935737e-06 0.001376861 4.990752e-05 0.00599771 0.0003552241 0.003928016 0.001793735 2.348589e-05 2.935737e-06 1.174295e-05 2.348589e-05
0.0008631066 0 0.0001820157 0.04466136 1.761442e-05 0.002806564 0.009256378 0.001849514 0.03066964 0.05144879 0.0001438511 0.04806095 6.165047e-05 0.004318469 0.0005607257 0 0.0001409154 3.816458e-05 4.110031e-05 0.05258198 5.5779e-05 0 8.220063e-05 0.03184687 0 0.0002260517 0.0001086223 0.06640049 0.01116167 0.0004667821 8.80721e-06 4.697179e-05 0.0006546693 0.002157766 2.055016e-05 0.00450342 7.632915e-05 0.005478085 0.001353375 0.004758829 0.0001233009 5.871473e-06 3.522884e-05 1.467868e-05 2.935737e-06 2.935737e-06 0.001925843 0 0.0001644013 0.001456125 4.697179e-05 0.00392508 0.00432434 1.761442e-05 0.0006429263 0 4.403605e-05 2.935737e-06 5.871473e-06 2.935737e-06 0 0 0.0008631066 0 5.871473e-06 0 0.005610193 0 8.80721e-06 8.80721e-06 0.01477263 0.0001585298 5.871473e-06 0 1.467868e-05 2.935737e-06 0.0001644013 0 3.816458e-05 0 0.0004726536 4.990752e-05 0.0006722837 1.174295e-05 0 0
8.80721e-06 0 2.935737e-06 1.761442e-05 5.871473e-06 0.0008895282 0.000111558 0.000502011 0.001955201 0.0001497226 3.22931e-05 0.0009864075 8.80721e-06 0.0001438511 0.01621701 0 0 0 0 4.110031e-05 0 2.935737e-06 2.935737e-06 0.0002612806 0 1.761442e-05 8.80721e-06 4.110031e-05 0.001238881 2.935737e-06 0 2.642163e-05 2.935737e-06 5.871473e-06 0 0 0 1.761442e-05 2.935737e-06 0.01226551 1.467868e-05 0 0 0 0 0 0 0 0 2.935737e-06 0 0 0 0 0 0 2.935737e-06 0 0 0 0 0 0 0 0 0 5.871473e-06 0 0 0 2.935737e-06 0 0 0 0 0 0 0 0 0 0 0 0 0 0 0
0.0006634765 8.80721e-06 0.001370989 0.002806564 0.0008895282 0.2981769 0.04887121 0.0718228 0.001532455 0.3861316 0.00340839 0.06427208 0.001441447 0.02437249 0.002078502 0 0.000657605 0.001147873 0.0004755893 0.01207762 0.0001908229 8.80721e-06 0.0005548542 0.001570619 1.467868e-05 0.002944544 0.0008161348 0.004350762 0.02741097 0.0008748495 0.0001144937 0.005090567 0.0002377947 0.006344127 4.697179e-05 0.003299768 0.0003728386 0.01175175 0.001291724 0.009009776 0.0007720988 0.0001203652 4.110031e-05 0 8.80721e-06 2.055016e-05 0.0001644013 0 8.80721e-06 0.000111558 5.871473e-06 0.0001497226 0.000167337 0 2.935737e-05 5.871473e-06 1.467868e-05 0 2.935737e-06 2.935737e-06 1.761442e-05 8.80721e-06 6.752194e-05 0 0 5.871473e-06 0.0006341191 2.935737e-06 4.697179e-05 6.165047e-05 0.0009746646 2.055016e-05 0 5.871473e-06 0 2.935737e-06 1.761442e-05 0 8.80721e-06 1.174295e-05 5.5779e-05 8.80721e-06 1.174295e-05 0 0 0
0.06615389 0.0001702727 0.1914805 0.009256378 0.000111558 0.04887121 0.1260459 0.1442504 0.04178434 0.147374 0.001547133 0.001840707 0.0005284326 0.2162141 0.001867129 0.0001937586 0.04525145 0.0009599859 0.00760943 0.001758506 0.03686111 0.0001761442 0.1059654 0.07655227 2.348589e-05 0.1210903 0.0359481 0.4279453 0.1168218 0.1614596 4.403605e-05 0.0002730235 0.01519537 0.04004051 0.0001908229 0.07261251 0.003199953 0.07792326 0.02370607 0.006746323 0.0007720988 0.0001379796 0.0003522884 0.0004697179 0.0002612806 0.002184188 0.001288788 1.174295e-05 0.0001908229 0.005780466 0.0006898981 0.01263835 0.003279218 8.513636e-05 0.0003845815 8.80721e-06 0.001426768 2.055016e-05 0.0006840267 0.00055779 2.348589e-05 3.22931e-05 0.0004843966 6.165047e-05 0.0004315533 0.0003552241 0.06079324 1.761442e-05 0.0003288025 0.004250947 0.04540117 0.00169392 0.0002847665 5.871473e-06 0.0001144937 0.0002172445 0.001262367 4.110031e-05 0.001370989 7.045768e-05 0.004388926 0.001036315 0.001092094 0.0001849514 2.935737e-06 2.348589e-05
0.003930951 1.174295e-05 0.01419722 0.001849514 0.000502011 0.0718228 0.1442504 0.1685348 0.0006106332 0.1142119 0.004638464 0.02168335 0.001958136 0.1483604 0.002879958 3.22931e-05 0.0146963 0.001873 0.003831136 0.006605408 0.003337933 8.80721e-06 0.005983031 0.003851687 1.174295e-05 0.0293926 0.004591492 0.01125855 0.05560579 0.00916537 0.0001820157 0.002278132 0.001250624 0.01101195 2.348589e-05 0.008742624 0.0006517336 0.01945513 0.002421983 0.0108769 0.001426768 0.0001144937 2.642163e-05 5.871473e-06 1.174295e-05 0.0002084373 0.0001262367 0 8.80721e-06 0.0001966944 1.174295e-05 0.0001820157 0.0001849514 1.761442e-05 2.642163e-05 2.055016e-05 2.935737e-05 0 2.055016e-05 5.871473e-05 1.761442e-05 2.348589e-05 3.22931e-05 0 5.871473e-06 1.467868e-05 0.001233009 1.467868e-05 0.000111558 0.0003464169 0.001285853 3.22931e-05 5.871473e-06 8.80721e-06 5.871473e-06 0 1.761442e-05 0 4.110031e-05 5.871473e-06 0.0001262367 3.816458e-05 4.110031e-05 0 0 0
0.001717406 0.02547045 0.0001379796 0.03066964 0.001955201 0.001532455 0.04178434 0.0006106332 0.005601386 0.01059801 9.687931e-05 0.01037783 0.0008396207 0.001752635 0.02688254 7.339342e-05 0.0001467868 0.0001849514 0.0001174295 0.0183601 6.458621e-05 0.04707454 7.632915e-05 0.1833045 0.008117312 0.003152981 0.02877022 0.07137363 0.005774594 0.002524734 0.0001526583 4.110031e-05 0.001100901 0.001635205 2.935737e-06 0.003569856 0.0006810909 0.002865279 0.0009365 0.01335467 6.165047e-05 0.0001526583 8.80721e-06 0.0002466019 1.761442e-05 2.055016e-05 0.002756657 0 0.0002730235 0.001588234 0.0002201803 0.007180812 0.00521974 5.284326e-05 0.0009834718 3.22931e-05 0.0005988903 1.467868e-05 0.0002906379 3.22931e-05 6.165047e-05 4.990752e-05 0.001106773 0 0.001121451 2.055016e-05 0.0545548 2.935737e-06 0.0001908229 0.0002554091 0.02663888 0.0007515486 9.981505e-05 1.467868e-05 1.761442e-05 5.871473e-05 0.0002818307 1.467868e-05 0.0004432962 2.642163e-05 0.0009365 0.0002583448 0.000601826 4.403605e-05 0 8.80721e-06
0.005827437 3.22931e-05 0.00872501 0.05144879 0.0001497226 0.3861316 0.147374 0.1142119 0.01059801 0.4929337 0.003467105 0.09065261 0.001376861 0.08605819 0.0007838417 1.174295e-05 0.003041423 0.001444382 0.001001086 0.03709303 0.001203652 5.871473e-06 0.003340868 0.008149605 2.935737e-06 0.00994334 0.001867129 0.07590347 0.08942841 0.005322491 0.0001203652 0.00107448 0.002025658 0.01711828 0.0001027508 0.02224701 0.0009629216 0.04758829 0.006446878 0.01054223 0.001244752 0.0001291724 0.000223116 1.761442e-05 1.467868e-05 0.000111558 0.001370989 0 0.0001526583 0.001244752 8.80721e-05 0.002659777 0.003006194 1.174295e-05 0.0004697179 5.871473e-06 0.0001086223 5.871473e-06 1.761442e-05 5.5779e-05 1.174295e-05 2.055016e-05 0.0005607257 0 1.467868e-05 5.871473e-06 0.006675865 2.935737e-06 6.458621e-05 0.0002495376 0.01254147 0.000155594 1.467868e-05 2.935737e-06 1.467868e-05 1.174295e-05 0.0002084373 0 7.045768e-05 0 0.0005930188 9.981505e-05 0.0005166897 1.174295e-05 0 2.935737e-06
0.0003610956 0.0007985204 0.000223116 0.0001438511 3.22931e-05 0.00340839 0.001547133 0.004638464 9.687931e-05 0.003467105 0.1787893 0.003282154 0.03441564 0.008581158 0.0001761442 7.632915e-05 0.003056102 0.09155095 0.01219799 0.001050994 0.001118516 0.0002377947 0.001306403 0.0002466019 0.003311511 0.103746 0.02029475 0.0006047618 0.03316502 0.0007486129 0.008933447 0.006646508 0.0001027508 0.1121686 0 0.01190148 0.08250301 0.1281009 0.01398585 0.004021959 0.0001409154 0.005692394 1.761442e-05 5.871473e-06 0.0004785251 7.926489e-05 2.935737e-06 0 0 2.642163e-05 0 1.761442e-05 8.80721e-06 0.007823738 0 0.01244752 4.697179e-05 0 2.348589e-05 0.0001937586 0.004893873 0.001456125 1.467868e-05 1.174295e-05 9.687931e-05 1.467868e-05 0.0001203652 0.002762528 0.006978246 0.008061533 6.458621e-05 2.642163e-05 2.935737e-05 0.002125473 5.871473e-06 2.935737e-06 0.0002025658 0 0.0001233009 0.004248011 0.000657605 6.458621e-05 2.935737e-06 0 0.002483633 0
0.0001996301 2.055016e-05 0.0001203652 0.04806095 0.0009864075 0.06427208 0.001840707 0.02168335 0.01037783 0.09065261 0.003282154 0.1712357 0.001635205 0.03832898 0.01865661 2.935737e-06 0.0002436661 0.001338696 0.0004726536 0.1299563 2.055016e-05 5.871473e-06 6.752194e-05 0.002733171 1.467868e-05 0.002213545 0.0007163198 0.01303761 0.03280392 8.220063e-05 0.0001409154 0.001183102 3.816458e-05 0.009039133 8.220063e-05 0.003285089 0.0004227461 0.02236738 0.001235945 0.03760972 0.0007867774 0.000155594 3.522884e-05 0 2.935737e-06 2.935737e-06 0.002551155 0 3.22931e-05 0.0001761442 1.467868e-05 0.0004374248 0.0007603558 1.174295e-05 0.0001086223 2.935737e-06 5.871473e-06 2.935737e-06 2.935737e-06 2.935737e-06 1.174295e-05 2.935737e-05 0.0007221912 0 0 0 0.0005049467 2.935737e-06 4.697179e-05 5.284326e-05 0.001629334 2.055016e-05 2.935737e-06 5.871473e-06 2.935737e-06 0 1.761442e-05 0 8.80721e-06 2.935737e-06 4.990752e-05 5.871473e-06 0.000167337 0 2.935737e-06 0
7.632915e-05 0.01190441 9.394358e-05 6.165047e-05 8.80721e-06 0.001441447 0.0005284326 0.001958136 0.0008396207 0.001376861 0.03441564 0.001635205 0.06171506 0.003194082 9.981505e-05 5.284326e-05 0.0002906379 0.003252796 0.0008073276 0.0004051317 0.0003992602 0.003334997 0.0001644013 0.0007632915 0.08748789 0.01964889 0.03997886 0.0004256818 0.0074509 7.632915e-05 0.01031618 0.002151895 2.935737e-06 0.02469248 1.761442e-05 0.01932302 0.1022957 0.05860905 0.008129055 0.002377947 0.000223116 0.008769046 0.0003317382 0 0.002055016 3.22931e-05 0 0 1.174295e-05 4.990752e-05 5.871473e-06 7.339342e-05 2.642163e-05 0.02688254 1.174295e-05 0.04259754 0.0001820157 0 3.816458e-05 0.0002818307 0.01751754 0.002871151 1.467868e-05 5.871473e-06 0.000334674 3.816458e-05 0.0002319232 0.01124387 0.02124886 0.02717024 4.697179e-05 4.403605e-05 4.990752e-05 0.007356956 2.055016e-05 5.871473e-06 0.0006076975 0 0.0003405455 0.01226551 0.001940522 0.0002172445 1.761442e-05 0 0.005495699 0
0.05252033 3.816458e-05 0.01523647 0.004318469 0.0001438511 0.02437249 0.2162141 0.1483604 0.001752635 0.08605819 0.008581158 0.03832898 0.003194082 0.2488066 0.000502011 7.632915e-05 0.03939172 0.003748936 0.01503097 0.01619646 0.006614215 3.816458e-05 0.01149928 0.01650471 4.990752e-05 0.04937909 0.009203535 0.04580336 0.1100285 0.04292047 0.0002612806 0.0004168746 0.001550069 0.02352406 2.055016e-05 0.01617591 0.001312274 0.03877521 0.003508205 0.01087397 0.002900508 0.0002877022 6.165047e-05 9.394358e-05 4.110031e-05 0.0001438511 6.458621e-05 0 1.174295e-05 0.0003963245 6.165047e-05 0.0007603558 0.0001614655 2.935737e-05 3.816458e-05 2.348589e-05 0.0001732085 2.935737e-06 3.522884e-05 0.0001086223 5.284326e-05 4.990752e-05 5.284326e-05 5.871473e-06 5.5779e-05 2.055016e-05 0.005645422 2.935737e-06 0.0001761442 0.0004256818 0.00342894 0.0001966944 3.22931e-05 8.80721e-06 8.80721e-06 2.348589e-05 0.0001144937 2.935737e-06 0.0001291724 2.055016e-05 0.0003816458 0.0001056865 7.926489e-05 1.174295e-05 2.935737e-06 0
3.22931e-05 8.80721e-06 5.871473e-06 0.0005607257 0.01621701 0.002078502 0.001867129 0.002879958 0.02688254 0.0007838417 0.0001761442 0.01865661 9.981505e-05 0.000502011 0.03334997 0 5.871473e-06 5.5779e-05 2.055016e-05 0.001467868 2.935737e-06 5.871473e-05 0 0.006922467 2.055016e-05 9.981505e-05 7.045768e-05 0.001867129 0.0009071426 7.045768e-05 1.467868e-05 0.001925843 5.284326e-05 0.000322931 0 0.0001966944 1.174295e-05 0.0004638464 7.339342e-05 0.01895605 0.0004403605 8.80721e-06 0 0 0 0 2.642163e-05 0 0 5.871473e-06 0 4.110031e-05 2.935737e-06 0 0 0 0 0 5.871473e-06 0 5.871473e-06 0 1.174295e-05 0 1.467868e-05 0 0.0001467868 0 2.935737e-06 8.80721e-06 6.752194e-05 8.80721e-06 2.935737e-06 0 0 2.935737e-06 0 0 5.871473e-06 0 0 0 0 0 0 0
4.403605e-05 0.0001321082 0.0003522884 0 0 0 0.0001937586 3.22931e-05 7.339342e-05 1.174295e-05 7.632915e-05 2.935737e-06 5.284326e-05 7.632915e-05 0 0.004359569 0.001629334 3.22931e-05 0.0002906379 0 0.01594986 0.02739042 0.04817838 0.01759093 2.055016e-05 0.0007016411 0.1000939 0.01085342 0.0001203652 0.007618237 5.871473e-06 0 0.0001526583 0.004617914 5.871473e-05 0.02885242 0.01051287 0.02000705 0.008052726 2.935737e-06 2.935737e-06 0.0001761442 8.80721e-05 0.0001585298 6.458621e-05 0.0001438511 0 0 0 0.0001585298 1.761442e-05 0.002697942 0 2.935737e-06 5.871473e-06 0 0.0001790799 5.871473e-06 0.1175175 0.0001086223 5.871473e-06 5.871473e-06 0 0.008877668 0.02631594 0.02455157 0.03742184 5.871473e-06 5.871473e-05 0.01893844 0.0386754 0.00223116 0.002016851 0 0 0.001608784 0.0008513636 5.871473e-05 0.005475149 0.001649884 0.003085459 0.001661627 4.403605e-05 0 3.522884e-05 3.22931e-05
0.01540968 0.0003141238 0.04463201 0.0001409154 0 0.000657605 0.04525145 0.0146963 0.0001467868 0.003041423 0.003056102 0.0002436661 0.0002906379 0.03939172 5.871473e-06 0.001629334 0.007151455 0.004010216 0.04486099 8.80721e-05 0.02921645 0.0007632915 0.05655697 0.003737193 5.871473e-06 0.09270469 0.3901858 0.021745 0.02093767 0.07763849 1.761442e-05 3.22931e-05 0.0006399906 0.03332942 1.174295e-05 0.03315034 0.005387077 0.07991663 0.0190177 0.0002143088 8.80721e-05 8.513636e-05 2.055016e-05 5.871473e-06 0.001006958 0.007577136 0 0 0 7.339342e-05 5.871473e-06 5.871473e-05 0 2.642163e-05 2.935737e-06 2.642163e-05 5.871473e-06 0 0.000434489 0.004732408 4.110031e-05 0.0003376097 2.935737e-06 5.284326e-05 7.045768e-05 0.0005812759 0.0004990752 2.935737e-05 0.003047295 0.01358659 0.0004403605 2.055016e-05 5.5779e-05 5.871473e-06 0 1.467868e-05 0.000322931 1.174295e-05 0.001379796 9.687931e-05 0.001068608 0.00055779 5.871473e-06 0 2.935737e-06 5.871473e-06
0.0006341191 0.001456125 0.0001438511 3.816458e-05 0 0.001147873 0.0009599859 0.001873 0.0001849514 0.001444382 0.09155095 0.001338696 0.003252796 0.003748936 5.5779e-05 3.22931e-05 0.004010216 0.01678067 0.01629334 0.000490268 0.001279981 0.0005783401 0.001089158 0.0002201803 0.001194845 0.1647007 0.02771629 0.0004843966 0.01099727 0.001641077 0.002219417 0.001291724 9.981505e-05 0.03826146 2.935737e-06 0.0306579 0.06378182 0.1033438 0.01461116 0.001256495 3.816458e-05 0.001139066 5.871473e-06 0 0.000278895 6.458621e-05 5.871473e-06 0 8.80721e-06 2.642163e-05 0 1.467868e-05 0 0.003202889 0 0.0027684 2.642163e-05 0 2.935737e-05 0.0002994451 0.00635587 0.002970966 0 5.871473e-06 4.110031e-05 4.990752e-05 9.394358e-05 0.001262367 0.009849397 0.008816017 3.22931e-05 1.174295e-05 3.522884e-05 0.001036315 0 0 0.0001614655 2.935737e-06 0.0001761442 0.0009071426 0.000211373 3.22931e-05 0 2.935737e-06 6.458621e-05 0
0.00743035 0.0005254969 0.003114817 4.110031e-05 0 0.0004755893 0.00760943 0.003831136 0.0001174295 0.001001086 0.01219799 0.0004726536 0.0008073276 0.01503097 2.055016e-05 0.0002906379 0.04486099 0.01629334 0.03361125 0.0002172445 0.01005783 0.0002377947 0.006919531 0.0009218213 0.0001262367 0.1417462 0.07466753 0.004356633 0.015395 0.02365617 0.0001790799 9.981505e-05 0.0009335643 0.06011215 2.935737e-06 0.03438922 0.02126061 0.06672049 0.005862666 0.0003933887 1.467868e-05 6.165047e-05 1.761442e-05 2.935737e-06 0.0006106332 0.0008748495 0 0 0 4.697179e-05 0 2.935737e-05 0 0.000322931 0 0.0002524734 5.871473e-06 0 0.0001056865 0.002815372 0.0007926489 0.001858321 0 2.935737e-05 2.935737e-05 0.000155594 0.0001644013 0.0004579749 0.005883216 0.006628894 0.0001409154 1.174295e-05 0.000111558 9.394358e-05 0 2.935737e-06 0.0001702727 0 0.0004667821 0.0001409154 0.0003963245 0.000167337 2.935737e-06 2.935737e-06 5.871473e-06 0
0.0005401756 2.935737e-06 7.926489e-05 0.05258198 4.110031e-05 0.01207762 0.001758506 0.006605408 0.0183601 0.03709303 0.001050994 0.1299563 0.0004051317 0.01619646 0.001467868 0 8.80721e-05 0.000490268 0.0002172445 0.009711417 2.935737e-06 8.80721e-06 2.935737e-05 0.01061856 5.871473e-06 0.000836685 0.0002759593 0.03565746 0.01954907 0.0001233009 4.110031e-05 0.0002759593 0.0002201803 0.004318469 5.871473e-05 0.003881044 0.0001790799 0.01238294 0.001180166 0.01452603 0.0003493527 5.5779e-05 5.871473e-05 2.935737e-06 2.935737e-06 0 0.0009805361 0 8.220063e-05 0.0006546693 1.761442e-05 0.001561812 0.00181135 8.80721e-06 0.0003023809 2.935737e-06 3.522884e-05 0 0 0 8.80721e-06 5.871473e-06 0.0003845815 0 0 0 0.002260517 2.935737e-06 1.467868e-05 5.871473e-06 0.005824502 5.871473e-05 2.935737e-06 0 0 0 7.926489e-05 2.935737e-06 8.80721e-06 5.871473e-06 0.0001790799 1.174295e-05 0.0003610956 5.871473e-06 0 5.871473e-06
0.002333911 2.055016e-05 0.05738191 5.5779e-05 0 0.0001908229 0.03686111 0.003337933 6.458621e-05 0.001203652 0.001118516 2.055016e-05 0.0003992602 0.006614215 2.935737e-06 0.01594986 0.02921645 0.001279981 0.01005783 2.935737e-06 0.3127323 0.002777207 0.35048 0.00372545 1.467868e-05 0.01552124 0.04526319 0.09500338 0.003197017 0.2138009 3.22931e-05 0 0.0003170596 0.08314594 0.0001614655 0.1156651 0.02508 0.2403282 0.0631477 3.816458e-05 1.761442e-05 0.001823093 0.0002524734 0.0001203652 2.055016e-05 0.0001526583 0 0 0 9.100784e-05 1.467868e-05 0.001194845 0 5.871473e-06 2.935737e-06 0 0.000111558 0 0.0319232 0.0001350439 1.174295e-05 5.871473e-06 0 0.004095353 0.004750022 0.003223439 0.01871239 8.80721e-06 0.000111558 0.00107448 0.02217656 0.001576491 0.001420897 0 0 0.001221266 0.0005871473 4.697179e-05 0.002806564 0.0008014561 0.00181135 0.0008337492 1.761442e-05 0 2.935737e-05 8.80721e-06
2.642163e-05 0.08520682 7.926489e-05 0 2.935737e-06 8.80721e-06 0.0001761442 8.80721e-06 0.04707454 5.871473e-06 0.0002377947 5.871473e-06 0.003334997 3.816458e-05 5.871473e-05 0.02739042 0.0007632915 0.0005783401 0.0002377947 8.80721e-06 0.002777207 0.02392625 0.006179726 0.1554825 0.02861463 0.008431436 0.1462731 0.004576814 0.0001644013 0.0005166897 0.0005343041 0 9.100784e-05 0.0008131991 0 0.00209318 0.002122538 0.002759593 0.0004198104 0.0001497226 0 0.0006869624 0 3.522884e-05 0.0001849514 0.000322931 0 0 0 3.22931e-05 8.80721e-06 0.001277045 0 0.0001321082 0 0.0001409154 7.045768e-05 8.80721e-06 0.01988962 0.0001702727 0.0001144937 0.0001644013 0 0.001144937 0.002565834 0.002013915 0.0159205 8.513636e-05 0.0005930188 0.004943781 0.007621173 0.0004491677 0.0004432962 5.284326e-05 0 0.000278895 0.0001966944 1.174295e-05 0.0009687931 0.0003199953 0.0005225611 0.0002524734 2.055016e-05 2.935737e-06 2.348589e-05 0
0.003558113 8.80721e-05 0.1377859 8.220063e-05 2.935737e-06 0.0005548542 0.1059654 0.005983031 7.632915e-05 0.003340868 0.001306403 6.752194e-05 0.0001644013 0.01149928 0 0.04817838 0.05655697 0.001089158 0.006919531 2.935737e-05 0.35048 0.006179726 0.3171212 0.01489593 1.761442e-05 0.07100666 0.5975369 0.1978305 0.004612042 0.08303438 2.642163e-05 1.761442e-05 0.0001878872 0.0429968 0.0008895282 0.2922203 0.06705516 0.2363474 0.1394328 0.0001027508 0.0001233009 0.0003669671 0.00131521 8.80721e-06 0.0004286176 0.003772422 0 0 0 0.0002495376 1.174295e-05 0.0002700878 5.871473e-06 1.467868e-05 0 5.871473e-06 1.467868e-05 2.935737e-06 0.101371 0.0005225611 2.642163e-05 4.403605e-05 0 0.004788187 0.01227432 0.03605672 0.006584857 5.871473e-06 0.0002935737 0.06966797 0.008087955 7.045768e-05 0.0003434812 0 2.935737e-06 6.458621e-05 0.0002554091 0.000111558 0.003446555 0.0005313683 0.001318146 0.001065672 8.80721e-06 2.935737e-06 8.80721e-06 3.522884e-05
0.01720048 0.01864193 0.003942694 0.03184687 0.0002612806 0.001570619 0.07655227 0.003851687 0.1833045 0.008149605 0.0002466019 0.002733171 0.0007632915 0.01650471 0.006922467 0.01759093 0.003737193 0.0002201803 0.0009218213 0.01061856 0.00372545 0.1554825 0.01489593 0.1367496 0.006232569 0.007767959 0.2200628 0.08628717 0.07603852 0.09813581 0.0001262367 2.642163e-05 0.01937586 0.03948272 0.0001849514 0.07912691 0.008396207 0.05948977 0.02067052 0.01951384 0.0003464169 0.0003728386 0.0003963245 0.002686199 0.0001027508 0.0004403605 0.003288025 8.80721e-06 0.000434489 0.009825911 0.001655756 0.0537416 0.007979332 0.000155594 0.0008748495 2.348589e-05 0.005175704 8.220063e-05 0.01411502 0.0001702727 3.522884e-05 6.165047e-05 0.001256495 0.001259431 0.0184423 0.001112644 0.2447494 2.642163e-05 0.0002994451 0.002195931 0.1340281 0.01208936 0.00249244 2.055016e-05 0.0001467868 0.002548219 0.002997387 0.0001056865 0.00599771 0.0007985204 0.00912427 0.002595191 0.001972815 0.0003141238 5.5779e-05 5.284326e-05
2.935737e-06 0.03498224 1.761442e-05 0 0 1.467868e-05 2.348589e-05 1.174295e-05 0.008117312 2.935737e-06 0.003311511 1.467868e-05 0.08748789 4.990752e-05 2.055016e-05 2.055016e-05 5.871473e-06 0.001194845 0.0001262367 5.871473e-06 1.467868e-05 0.02861463 1.761442e-05 0.006232569 0.01137304 0.008877668 0.02306608 0.0001291724 0.0001203652 1.761442e-05 0.003561049 2.642163e-05 2.935737e-06 0.001150809 0 0.001435575 0.01896779 0.009012712 0.001359246 4.110031e-05 2.935737e-06 0.02037401 2.935737e-06 5.871473e-06 0.0008865925 1.467868e-05 0 0 2.935737e-06 6.165047e-05 2.935737e-06 2.935737e-05 8.80721e-06 0.005759915 0 0.007383378 3.522884e-05 0 1.174295e-05 0.0004814608 0.01116461 0.004377183 0 2.935737e-06 7.632915e-05 2.642163e-05 0.0001056865 0.003337933 0.01935531 0.02006282 1.761442e-05 8.80721e-06 7.045768e-05 0.002266389 8.80721e-06 0 0.0001379796 0 0.0003405455 0.001940522 0.0005196254 9.100784e-05 2.935737e-06 0 0.0003434812 0
0.01402108 0.04308194 0.2751108 0.0002260517 1.761442e-05 0.002944544 0.1210903 0.0293926 0.003152981 0.00994334 0.103746 0.002213545 0.01964889 0.04937909 9.981505e-05 0.0007016411 0.09270469 0.1647007 0.1417462 0.000836685 0.01552124 0.008431436 0.07100666 0.007767959 0.008877668 0.4775504 0.5980213 0.03832017 0.03133312 0.05818043 0.005554414 0.001200716 0.0007427414 0.07939406 2.642163e-05 0.1445968 0.1730499 0.2590289 0.03289787 0.002104923 0.0001086223 0.00117723 9.100784e-05 4.403605e-05 0.01994246 0.02621906 5.871473e-06 0 2.935737e-06 0.001018701 4.110031e-05 0.0001497226 8.80721e-06 0.01074186 1.467868e-05 0.01036609 0.0001702727 0 0.0005812759 0.05498341 0.02173032 0.03028212 5.871473e-06 0.0002612806 0.0004110031 0.002741978 0.0009687931 0.009864075 0.102149 0.1528051 0.0007632915 0.0001262367 0.001773185 0.003517013 5.871473e-06 1.174295e-05 0.003857558 9.100784e-05 0.01026334 0.003995538 0.007905939 0.004321404 2.642163e-05 5.871473e-06 0.0003933887 3.816458e-05
0.002518862 0.1080322 0.202375 0.0001086223 8.80721e-06 0.0008161348 0.0359481 0.004591492 0.02877022 0.001867129 0.02029475 0.0007163198 0.03997886 0.009203535 7.045768e-05 0.1000939 0.3901858 0.02771629 0.07466753 0.0002759593 0.04526319 0.1462731 0.5975369 0.2200628 0.02306608 0.5980213 0.6212694 0.1584006 0.008631066 0.01026627 0.009470687 0.0003317382 0.0003581599 0.1269647 0.0006106332 0.433849 0.1943957 0.4242492 0.1270146 0.001508969 0.0004755893 0.0008425564 0.0007897132 5.5779e-05 0.02446056 0.03745119 2.935737e-06 0 2.935737e-06 0.001638141 5.284326e-05 0.0001878872 2.348589e-05 0.008478408 1.467868e-05 0.008478408 0.0001966944 0 0.04788187 0.02840325 0.02217656 0.02719373 2.935737e-06 0.001464933 0.01336641 0.03028212 0.008575287 0.0129055 0.08817485 0.4104953 0.005933124 8.513636e-05 0.001605848 0.003079588 5.871473e-06 1.174295e-05 0.002695006 0.0001086223 0.01062443 0.004159939 0.006658251 0.003637378 3.22931e-05 2.935737e-06 0.0003493527 4.110031e-05
0.03703725 0.0003493527 0.1218478 0.06640049 4.110031e-05 0.004350762 0.4279453 0.01125855 0.07137363 0.07590347 0.0006047618 0.01303761 0.0004256818 0.04580336 0.001867129 0.01085342 0.021745 0.0004843966 0.004356633 0.03565746 0.09500338 0.004576814 0.1978305 0.08628717 0.0001291724 0.03832017 0.1584006 0.2415965 0.1777677 0.405484 1.174295e-05 5.5779e-05 0.04355165 0.102648 0.0003875172 0.146461 0.01224789 0.1593312 0.05106714 0.00771218 0.0007897132 0.000725127 0.000780906 0.001488419 7.632915e-05 0.0008337492 0.003064909 5.871473e-06 0.00037871 0.007213105 0.001068608 0.02320406 0.007427414 0.0001144937 0.0009629216 2.935737e-06 0.003035552 4.697179e-05 0.009397293 0.0002935737 2.348589e-05 2.935737e-05 0.001344567 0.001004022 0.004932038 0.00115668 0.1239762 8.80721e-06 0.0001849514 0.003202889 0.08673047 0.007861903 0.001506033 2.935737e-06 0.000111558 0.001955201 0.001966944 7.045768e-05 0.003417198 0.0004051317 0.006027067 0.001635205 0.001629334 0.0001526583 3.522884e-05 4.110031e-05
0.08905264 0.0001144937 0.003998473 0.01116167 0.001238881 0.02741097 0.1168218 0.05560579 0.005774594 0.08942841 0.03316502 0.03280392 0.0074509 0.1100285 0.0009071426 0.0001203652 0.02093767 0.01099727 0.015395 0.01954907 0.003197017 0.0001644013 0.004612042 0.07603852 0.0001203652 0.03133312 0.008631066 0.1777677 0.20192 0.06524968 0.0009365 0.000657605 0.05408214 0.09008015 5.871473e-06 0.01784928 0.002219417 0.05797786 0.003819393 0.01235652 0.007773831 0.0004139389 4.990752e-05 0.0005372398 5.284326e-05 0.0001086223 0.0002348589 2.935737e-06 3.522884e-05 0.001726213 0.0003493527 0.003252796 0.00037871 8.220063e-05 3.816458e-05 0.0001144937 0.001086223 5.871473e-06 0.0003669671 8.513636e-05 0.0001497226 9.394358e-05 5.284326e-05 3.816458e-05 0.0004609107 7.632915e-05 0.02775445 3.816458e-05 0.0003728386 0.0005636615 0.01699498 0.001802542 0.0002377947 1.467868e-05 2.642163e-05 0.0002407304 0.0004374248 3.22931e-05 0.0008689781 6.458621e-05 0.001611719 0.0004374248 0.0003199953 6.752194e-05 2.935737e-06 8.80721e-06
0.03165898 1.761442e-05 0.06266917 0.0004667821 2.935737e-06 0.0008748495 0.1614596 0.00916537 0.002524734 0.005322491 0.0007486129 8.220063e-05 7.632915e-05 0.04292047 7.045768e-05 0.007618237 0.07763849 0.001641077 0.02365617 0.0001233009 0.2138009 0.0005166897 0.08303438 0.09813581 1.761442e-05 0.05818043 0.01026627 0.405484 0.06524968 0.2493468 8.80721e-06 2.642163e-05 0.01700379 0.04386578 2.055016e-05 0.007976397 0.001303467 0.02799519 0.004385991 0.0002583448 3.816458e-05 7.045768e-05 3.816458e-05 0.0003522884 4.110031e-05 0.0003699028 1.467868e-05 0 8.80721e-06 0.0006076975 0.000167337 0.001987494 5.871473e-05 8.80721e-06 2.935737e-06 5.871473e-06 0.0005665972 2.935737e-06 0.0037871 0.0002524734 2.935737e-06 3.22931e-05 0 0.0004932038 0.001153745 0.0002143088 0.02083492 2.935737e-06 0.0001644013 0.0007280627 0.01525702 0.002057951 0.0005284326 5.871473e-06 2.935737e-06 0.0006546693 0.0004168746 1.467868e-05 0.001162552 0.0001849514 0.001262367 0.0003757743 0.0001233009 1.761442e-05 0 5.871473e-06
0 0.001165487 3.22931e-05 8.80721e-06 0 0.0001144937 4.403605e-05 0.0001820157 0.0001526583 0.0001203652 0.008933447 0.0001409154 0.01031618 0.0002612806 1.467868e-05 5.871473e-06 1.761442e-05 0.002219417 0.0001790799 4.110031e-05 3.22931e-05 0.0005343041 2.642163e-05 0.0001262367 0.003561049 0.005554414 0.009470687 1.174295e-05 0.0009365 8.80721e-06 0.000278895 0.000155594 0 0.002574641 0 0.003064909 0.0131932 0.008651616 0.00133576 0.0001409154 0 0.0003053166 0 2.935737e-06 0.0001644013 5.871473e-06 0 0 2.935737e-06 1.174295e-05 0 0 2.935737e-06 0.003073716 0 0.003261603 3.522884e-05 0 2.935737e-06 7.045768e-05 0.003672607 0.000892464 0 0 2.642163e-05 2.935737e-06 2.935737e-05 0.0009776003 0.004453513 0.004843966 5.871473e-06 1.174295e-05 1.761442e-05 0.0008454922 0 0 6.165047e-05 0 7.045768e-05 0.0007926489 0.0001497226 3.22931e-05 0 0 0.0001467868 0
2.348589e-05 1.761442e-05 1.761442e-05 4.697179e-05 2.642163e-05 0.005090567 0.0002730235 0.002278132 4.110031e-05 0.00107448 0.006646508 0.001183102 0.002151895 0.0004168746 0.001925843 0 3.22931e-05 0.001291724 9.981505e-05 0.0002759593 0 0 1.761442e-05 2.642163e-05 2.642163e-05 0.001200716 0.0003317382 5.5779e-05 0.000657605 2.642163e-05 0.000155594 5.871473e-06 5.871473e-06 0.004796994 0 0.003599213 0.0004814608 0.007069254 0.0005930188 0.00689311 0.002800693 9.687931e-05 1.467868e-05 0 0 5.871473e-06 8.80721e-06 0 0 0 0 2.935737e-06 0 1.467868e-05 0 2.642163e-05 2.935737e-06 0 0 2.935737e-06 2.642163e-05 5.871473e-06 0 0 0 0 1.761442e-05 1.174295e-05 2.055016e-05 8.80721e-06 2.935737e-06 0 0 5.871473e-06 0 0 0 0 2.935737e-06 0 0 0 0 0 2.935737e-06 0
0.002257582 8.80721e-06 9.687931e-05 0.0006546693 2.935737e-06 0.0002377947 0.01519537 0.001250624 0.001100901 0.002025658 0.0001027508 3.816458e-05 2.935737e-06 0.001550069 5.284326e-05 0.0001526583 0.0006399906 9.981505e-05 0.0009335643 0.0002201803 0.0003170596 9.100784e-05 0.0001878872 0.01937586 2.935737e-06 0.0007427414 0.0003581599 0.04355165 0.05408214 0.01700379 0 5.871473e-06 0.001567683 0.008804274 2.935737e-06 0.0002172445 5.871473e-05 0.002944544 0.0002554091 0.0001467868 2.935737e-06 0 2.935737e-06 0.0001614655 0 2.935737e-06 8.80721e-06 2.935737e-06 2.935737e-06 0.0002759593 5.5779e-05 0.000669348 3.816458e-05 5.871473e-06 2.935737e-06 2.935737e-06 0.0002289875 0 0.0003023809 5.871473e-06 2.935737e-06 0 8.80721e-06 3.816458e-05 0.0002466019 2.642163e-05 0.006989989 0 0 2.055016e-05 0.00426269 0.0006047618 0.0001144937 0 2.935737e-06 0.0001350439 0.0001144937 5.871473e-06 0.0002554091 5.871473e-06 0.0003053166 7.339342e-05 4.403605e-05 1.467868e-05 0 0
0.008907025 0.0005313683 0.002923994 0.002157766 5.871473e-06 0.006344127 0.04004051 0.01101195 0.001635205 0.01711828 0.1121686 0.009039133 0.02469248 0.02352406 0.000322931 0.004617914 0.03332942 0.03826146 0.06011215 0.004318469 0.08314594 0.0008131991 0.0429968 0.03948272 0.001150809 0.07939406 0.1269647 0.102648 0.09008015 0.04386578 0.002574641 0.004796994 0.008804274 0.03652644 5.5779e-05 0.01850395 0.01528345 0.05331298 0.003220503 0.004400669 0.0001144937 0.001732085 0.0001379796 0.0001966944 0.0004227461 0.001218331 2.935737e-05 0 8.80721e-06 0.0004579749 0.0001027508 0.001153745 7.045768e-05 0.0002700878 1.467868e-05 0.0003610956 0.0003640314 0 0.001696856 0.001467868 0.0005636615 0.0005489828 1.174295e-05 0.0001849514 0.0005607257 0.0002906379 0.01241523 0.0002143088 0.002128409 0.004350762 0.00824942 0.001324017 0.0002906379 7.926489e-05 8.80721e-06 0.0003699028 0.0002847665 2.055016e-05 0.0008278778 0.0001996301 0.0008660423 0.0003111881 9.394358e-05 2.055016e-05 2.935737e-05 1.174295e-05
2.935737e-06 0 1.467868e-05 2.055016e-05 0 4.697179e-05 0.0001908229 2.348589e-05 2.935737e-06 0.0001027508 0 8.220063e-05 1.761442e-05 2.055016e-05 0 5.871473e-05 1.174295e-05 2.935737e-06 2.935737e-06 5.871473e-05 0.0001614655 0 0.0008895282 0.0001849514 0 2.642163e-05 0.0006106332 0.0003875172 5.871473e-06 2.055016e-05 0 0 2.935737e-06 5.5779e-05 0.4470129 0.0581863 0.0006752194 0.001142002 0.004858644 8.80721e-06 0.0001233009 0 0.0003405455 0 0 5.871473e-06 0 0 0 5.871473e-06 2.935737e-06 8.80721e-06 2.935737e-06 5.871473e-06 0 2.935737e-06 5.871473e-06 0 2.935737e-06 2.935737e-06 5.871473e-06 8.80721e-06 2.935737e-06 0 5.871473e-06 1.174295e-05 7.926489e-05 0 4.110031e-05 2.642163e-05 4.697179e-05 5.871473e-06 0 0 0 0 0 0.1984118 0.0002084373 2.055016e-05 6.752194e-05 0.0009159499 8.80721e-06 8.80721e-06 8.80721e-06 2.935737e-06
0.001388603 0.003067845 0.01019288 0.00450342 0 0.003299768 0.07261251 0.008742624 0.003569856 0.02224701 0.01190148 0.003285089 0.01932302 0.01617591 0.0001966944 0.02885242 0.03315034 0.0306579 0.03438922 0.003881044 0.1156651 0.00209318 0.2922203 0.07912691 0.001435575 0.1445968 0.433849 0.146461 0.01784928 0.007976397 0.003064909 0.003599213 0.0002172445 0.01850395 0.0581863 0.1053342 0.3448492 0.3447612 0.1613217 0.1030884 0.03918034 0.006984118 0.005886152 0.0004579749 0.0008895282 0.002468955 8.80721e-05 2.935737e-06 4.697179e-05 0.001350439 0.0002524734 0.00298858 0.0003141238 0.0003699028 4.697179e-05 0.0003845815 0.0009834718 2.935737e-06 0.006091654 0.002278132 0.001018701 0.001400346 5.284326e-05 0.0006370549 0.001209524 0.001696856 0.03017057 0.0005489828 0.004597364 0.01204533 0.01886211 0.002328039 0.0005842116 0.0001350439 1.761442e-05 0.0006957696 0.000769163 0.004092417 0.001873 0.0003405455 0.002028594 0.0007720988 0.0002847665 5.284326e-05 3.816458e-05 1.174295e-05
0.0001761442 0.008487215 0.002618677 7.632915e-05 0 0.0003728386 0.003199953 0.0006517336 0.0006810909 0.0009629216 0.08250301 0.0004227461 0.1022957 0.001312274 1.174295e-05 0.01051287 0.005387077 0.06378182 0.02126061 0.0001790799 0.02508 0.002122538 0.06705516 0.008396207 0.01896779 0.1730499 0.1943957 0.01224789 0.002219417 0.001303467 0.0131932 0.0004814608 5.871473e-05 0.01528345 0.0006752194 0.3448492 0.06032352 0.1129789 0.04435311 0.003596277 0.001602912 0.001523647 0.0009511787 6.165047e-05 0.0008043919 0.00037871 2.935737e-06 0 5.871473e-06 8.80721e-05 2.055016e-05 0.0002466019 2.935737e-06 0.004365441 2.935737e-06 0.01394475 7.339342e-05 0 0.001911165 0.0009658574 0.002266389 0.001776121 0 0.0002201803 0.0003699028 0.000267152 0.002921058 0.002695006 0.006144497 0.008771981 0.002618677 0.0002906379 0.0001820157 0.001109708 2.935737e-06 0.0001702727 0.0002348589 5.284326e-05 0.000390453 0.00386343 0.002187124 0.0003170596 1.467868e-05 5.871473e-06 0.006212019 2.935737e-06
0.006543757 0.003869301 0.0109503 0.005478085 1.761442e-05 0.01175175 0.07792326 0.01945513 0.002865279 0.04758829 0.1281009 0.02236738 0.05860905 0.03877521 0.0004638464 0.02000705 0.07991663 0.1033438 0.06672049 0.01238294 0.2403282 0.002759593 0.2363474 0.05948977 0.009012712 0.2590289 0.4242492 0.1593312 0.05797786 0.02799519 0.008651616 0.007069254 0.002944544 0.05331298 0.001142002 0.3447612 0.1129789 0.08790476 0.0403517 0.007662273 0.0009071426 0.00894519 0.002278132 0.0002642163 0.001171359 0.002559962 0.0001526583 2.935737e-06 2.348589e-05 0.0009394358 0.0001790799 0.001690984 0.0002466019 0.001071544 2.642163e-05 0.001297596 0.0005548542 1.174295e-05 0.004667821 0.003628571 0.002442533 0.002445469 3.816458e-05 0.0005900831 0.0008983354 0.001024572 0.01947274 0.001121451 0.008425564 0.01441447 0.01342806 0.001538326 0.0005489828 0.0003875172 1.467868e-05 0.0005137539 0.0006076975 9.394358e-05 0.001605848 0.0006634765 0.001646948 0.0005665972 0.0001438511 2.055016e-05 0.0001526583 1.467868e-05
0.0005988903 0.0005783401 0.004664886 0.001353375 2.935737e-06 0.001291724 0.02370607 0.002421983 0.0009365 0.006446878 0.01398585 0.001235945 0.008129055 0.003508205 7.339342e-05 0.008052726 0.0190177 0.01461116 0.005862666 0.001180166 0.0631477 0.0004198104 0.1394328 0.02067052 0.001359246 0.03289787 0.1270146 0.05106714 0.003819393 0.004385991 0.00133576 0.0005930188 0.0002554091 0.003220503 0.004858644 0.1613217 0.04435311 0.0403517 0.004121774 0.001324017 0.0009335643 0.001077415 0.001599977 8.220063e-05 0.000167337 0.0006928339 3.522884e-05 2.935737e-06 5.871473e-06 0.0002612806 6.752194e-05 0.0006781552 5.5779e-05 0.0001262367 5.871473e-06 0.0002025658 0.000223116 2.935737e-06 0.001861257 0.000502011 0.000278895 0.0002935737 1.467868e-05 0.000155594 0.0002612806 0.0005519185 0.006520271 0.0001585298 0.001077415 0.003399583 0.004374248 0.0004726536 0.0001350439 3.522884e-05 2.935737e-06 0.0001203652 0.0001174295 0.0004521035 0.0004697179 9.100784e-05 0.0004814608 0.0001644013 3.816458e-05 1.467868e-05 1.761442e-05 5.871473e-06
0.0001937586 7.926489e-05 0.0001379796 0.004758829 0.01226551 0.009009776 0.006746323 0.0108769 0.01335467 0.01054223 0.004021959 0.03760972 0.002377947 0.01087397 0.01895605 2.935737e-06 0.0002143088 0.001256495 0.0003933887 0.01452603 3.816458e-05 0.0001497226 0.0001027508 0.01951384 4.110031e-05 0.002104923 0.001508969 0.00771218 0.01235652 0.0002583448 0.0001409154 0.00689311 0.0001467868 0.004400669 8.80721e-06 0.1030884 0.003596277 0.007662273 0.001324017 0.005654229 0.002213545 0.0001937586 0.0001732085 2.935737e-06 2.935737e-06 1.174295e-05 0.0002554091 0 2.935737e-05 0.0001937586 1.467868e-05 0.0002084373 0.0004785251 8.80721e-06 6.165047e-05 2.935737e-06 2.055016e-05 2.935737e-06 1.174295e-05 2.935737e-06 2.348589e-05 8.80721e-06 0.0001321082 0 3.816458e-05 0 0.0008689781 8.80721e-06 5.871473e-05 6.458621e-05 0.001479611 2.348589e-05 2.935737e-06 5.871473e-06 0 2.935737e-06 1.467868e-05 0 1.761442e-05 8.80721e-06 7.632915e-05 2.348589e-05 0.0001144937 0 0 0
3.816458e-05 0 4.697179e-05 0.0001233009 1.467868e-05 0.0007720988 0.0007720988 0.001426768 6.165047e-05 0.001244752 0.0001409154 0.0007867774 0.000223116 0.002900508 0.0004403605 2.935737e-06 8.80721e-05 3.816458e-05 1.467868e-05 0.0003493527 1.761442e-05 0 0.0001233009 0.0003464169 2.935737e-06 0.0001086223 0.0004755893 0.0007897132 0.007773831 3.816458e-05 0 0.002800693 2.935737e-06 0.0001144937 0.0001233009 0.03918034 0.001602912 0.0009071426 0.0009335643 0.002213545 8.80721e-06 0.0003082524 0.000278895 0 0 5.871473e-06 5.871473e-06 0 0 8.80721e-06 0 2.348589e-05 5.871473e-06 0 0 0 5.871473e-06 0 2.935737e-06 0 2.935737e-06 0 0 0 0 2.935737e-06 0.0001966944 0 5.871473e-06 5.871473e-06 0.0001203652 2.935737e-06 0 0 2.935737e-06 0 0 0 5.871473e-06 0 1.174295e-05 8.80721e-06 5.871473e-06 0 0 0
1.467868e-05 0.004286176 8.80721e-06 5.871473e-06 0 0.0001203652 0.0001379796 0.0001144937 0.0001526583 0.0001291724 0.005692394 0.000155594 0.008769046 0.0002877022 8.80721e-06 0.0001761442 8.513636e-05 0.001139066 6.165047e-05 5.5779e-05 0.001823093 0.0006869624 0.0003669671 0.0003728386 0.02037401 0.00117723 0.0008425564 0.000725127 0.0004139389 7.045768e-05 0.0003053166 9.687931e-05 0 0.001732085 0 0.006984118 0.001523647 0.00894519 0.001077415 0.0001937586 0.0003082524 1.761442e-05 9.100784e-05 5.871473e-06 0.0001996301 2.935737e-06 0 0 0 0 0 2.935737e-06 0 0.0002759593 0 0.0006869624 0 0 4.403605e-05 3.816458e-05 0.0001144937 0.0001702727 0 2.935737e-06 1.174295e-05 1.174295e-05 8.80721e-05 0.0002436661 0.0005254969 0.000669348 6.165047e-05 8.80721e-06 1.761442e-05 7.339342e-05 0 2.935737e-06 1.174295e-05 0 2.642163e-05 0.0001849514 0.000223116 1.174295e-05 0 0 0.0007045768 0
