0.01024152 6.094328e-05 0.001776497 0.0008471116 0 0.0002894806 0.06659882 0.001825251 0.001340752 0.004622548 0.0002894806 6.399044e-05 7.922626e-05 0.03900979 6.399044e-05 3.047164e-05 0.02937466 0.0008593002 0.00945535 0.0002102543 0.002967938 6.703761e-05 0.008190777 0.02211632 4.875462e-05 0.01035122 0.001206677 0.0409417 0.08028058 0.03598396 6.094328e-06 3.656597e-05 0.002434684 0.01334048 9.141492e-06 0.0005484895 8.532059e-05 0.004226416 0.000743508 4.570746e-05 4.875462e-05 9.141492e-06 0 1.218866e-05 0 4.26603e-05 1.523582e-05 0 3.047164e-06 0.0003626125 2.742448e-05 0.0006155271 5.484895e-05 1.218866e-05 0 0 3.35188e-05 3.047164e-06 7.008477e-05 0 3.047164e-06 9.141492e-06 2.133015e-05 2.437731e-05 5.180179e-05 9.141492e-06 0.00230975 0 7.313194e-05 4.570746e-05 0.002538288 0.0001127451 0.0001036036 0 0 6.094328e-06 0.0001066507 0 0.0002437731 2.133015e-05 0.0002772919 7.008477e-05 3.35188e-05 9.141492e-06 3.047164e-06 3.047164e-06
6.094328e-05 0.003318362 0.005792659 0 3.047164e-06 3.047164e-06 0.0002894806 1.218866e-05 0.02304875 3.656597e-05 0.001051272 1.218866e-05 0.02040076 0.0001523582 3.047164e-05 0.00061248 0.02559922 0.001346846 0.006490459 0 7.922626e-05 0.1168496 0.0002193958 0.04149933 0.01489454 0.06869831 0.1451547 0.0005241122 0.0001828298 0.0001157922 0.002123873 1.523582e-05 3.047164e-06 0.003565182 5.484895e-05 0.01656743 0.006499601 0.01302053 0.005213698 9.141492e-05 0 0.003866851 2.742448e-05 1.828298e-05 0.0004326973 0.01104902 0 0 0 0.0003473767 3.047164e-06 9.141492e-06 0 8.836776e-05 0 0.0002955749 2.742448e-05 0 0.0002376788 0.0003748012 0.000149311 0.0006399044 0 6.703761e-05 3.047164e-05 0.0008288286 0.0001279809 0.0001767355 0.007837306 0.01561672 0.0003138579 2.437731e-05 0.0001218866 0.0001218866 0 3.047164e-06 0.0003778483 0 0.0002437731 0.000167594 0.0004905934 7.61791e-05 3.047164e-06 0 1.218866e-05 0
0.001776497 0.005792659 0.1276975 0.0001919713 3.047164e-06 0.0004692633 0.1937326 0.006591016 0.0001188394 0.008248673 0.0001919713 3.047164e-05 6.094328e-05 0.01443442 9.141492e-06 0.001401695 0.06626668 0.0003260465 0.003869898 8.227343e-05 0.03478947 0.0004905934 0.1421258 0.01039997 4.26603e-05 0.1868338 0.2827189 0.1403249 0.002574854 0.02954835 3.047164e-06 1.523582e-05 0.0002376788 0.005484895 0.0001249337 0.01689957 0.01046701 0.01308452 0.006036432 2.437731e-05 1.523582e-05 3.047164e-06 1.828298e-05 3.047164e-06 0.0008775832 0.03055087 0 0 0 0.0006947534 1.523582e-05 3.047164e-05 3.047164e-06 3.047164e-06 0 3.047164e-06 4.875462e-05 0 0.001392554 0.0001828298 3.047164e-06 8.532059e-05 0 0.0002894806 0.0001523582 0.005478801 0.0004844991 9.141492e-06 0.001849629 0.02846661 0.0009050077 1.523582e-05 9.446208e-05 3.047164e-06 0 0 7.61791e-05 3.047164e-06 0.000185877 7.313194e-05 0.0002559618 8.227343e-05 6.094328e-06 0 0 0
0.0008471116 0 0.0001919713 0.03629477 2.133015e-05 0.0029009 0.01077782 0.001953232 0.02175066 0.01821899 8.227343e-05 0.05039095 3.047164e-05 0.005749998 0.002187864 3.047164e-06 8.532059e-05 1.828298e-05 2.437731e-05 0.04428748 3.047164e-06 0 5.484895e-05 0.0399209 6.094328e-06 0.0003473767 4.26603e-05 0.06277463 0.007307099 0.0002163486 6.094328e-06 5.484895e-05 0.000185877 0.0022031 2.437731e-05 0.003406729 8.532059e-05 0.004272124 0.0008714889 0.004915076 0.0001005564 1.218866e-05 1.523582e-05 9.141492e-06 0 3.047164e-06 0.0009141492 0 0.0002072072 0.00104213 5.180179e-05 0.00447019 0.001992845 1.218866e-05 0.0003808955 0 8.532059e-05 9.141492e-06 3.047164e-06 3.047164e-06 3.047164e-06 0 0.001054319 3.047164e-06 3.047164e-06 3.047164e-06 0.003025834 0 0 3.047164e-06 0.01084181 0.0001614997 3.047164e-06 0 9.141492e-06 3.047164e-06 0.0002072072 0 8.532059e-05 0 0.0003565182 2.742448e-05 0.0004144143 2.437731e-05 0 0
0 3.047164e-06 3.047164e-06 2.133015e-05 0.001252384 0.004680444 7.61791e-05 0.003269607 0.001185347 0.0001249337 4.570746e-05 0.0006368573 4.875462e-05 0.004296501 0.006310677 0 6.094328e-06 1.828298e-05 0 3.656597e-05 0 9.141492e-06 0 0.0006246686 3.047164e-06 1.828298e-05 6.094328e-06 0.0001005564 0.0003443295 3.047164e-06 0 0.004013115 0 0.0008105456 3.047164e-06 0.0003991785 3.047164e-06 0.001337705 9.750925e-05 0.01021105 0.001648516 3.047164e-06 0 0 0 0 0 0 0 0 0 3.047164e-06 0 0 0 3.047164e-06 0 0 0 0 0 0 0 0 0 0 6.094328e-06 0 0 0 3.047164e-06 0 0 0 0 0 0 0 0 0 3.047164e-06 0 0 0 0 0
0.0002894806 3.047164e-06 0.0004692633 0.0029009 0.004680444 0.2545784 0.07876614 0.1051546 0.001270667 0.4518609 0.001069555 0.09083901 0.000390037 0.07481092 0.0131668 0 0.0003382352 0.0003260465 0.00020416 0.01975781 3.35188e-05 0 0.0003961313 0.001176205 2.437731e-05 0.001502252 0.0003321409 0.01007697 0.02909127 0.0001462639 3.35188e-05 0.01516878 0.0001188394 0.007179118 3.35188e-05 0.004838896 0.0001462639 0.01302053 0.001200583 0.01506823 0.002053789 4.26603e-05 3.35188e-05 0 0 0 0.0001401695 0 3.35188e-05 0.00020416 1.523582e-05 0.0004936406 0.0002894806 0 4.875462e-05 0 3.35188e-05 3.047164e-06 0 0 3.047164e-06 1.218866e-05 0.0001645469 0 3.047164e-06 3.047164e-06 0.0006277158 0 1.218866e-05 1.523582e-05 0.002102543 3.35188e-05 3.047164e-06 0 0 0 3.047164e-05 0 2.437731e-05 9.141492e-06 7.008477e-05 9.141492e-06 3.961313e-05 1.218866e-05 3.047164e-06 0
0.06659882 0.0002894806 0.1937326 0.01077782 7.61791e-05 0.07876614 0.1212375 0.1050754 0.0373369 0.1828695 0.001362082 0.006490459 0.0005423952 0.2226441 0.003312267 0.0001340752 0.07845228 0.001660704 0.0121978 0.002379835 0.05540963 0.0003169051 0.2074601 0.07546302 0.0001614997 0.1601437 0.01565938 0.4550025 0.1097863 0.1678043 7.61791e-05 0.0005302065 0.01130193 0.04951642 0.0005606782 0.0489984 0.002416401 0.07007258 0.01898078 0.005439188 0.0009598567 0.0001218866 0.0002559618 7.313194e-05 5.180179e-05 0.0004601218 0.001508346 0 0.0004753576 0.008108503 0.0003748012 0.01276762 0.00308373 0.0001157922 0.0003504239 1.828298e-05 0.000594197 3.961313e-05 0.0004753576 3.961313e-05 3.961313e-05 5.789612e-05 0.001468733 0.0001614997 0.0002163486 0.0007282722 0.03098661 6.094328e-06 0.0003687068 0.001624138 0.04725237 0.00161195 0.0003047164 0 6.399044e-05 7.313194e-05 0.001779544 6.399044e-05 0.001907525 9.141492e-05 0.004677397 0.0004387916 0.0009354793 0.0001767355 0 1.828298e-05
0.001825251 1.218866e-05 0.006591016 0.001953232 0.003269607 0.1051546 0.1050754 0.1967097 0.001593667 0.1361778 0.004052728 0.02092183 0.001307233 0.2082767 0.008754502 9.141492e-06 0.01105511 0.001541865 0.00367488 0.00582313 0.001575384 1.828298e-05 0.007590486 0.005874932 0.000167594 0.01534552 0.001352941 0.01406571 0.04277609 0.002190911 0.0001218866 0.02221078 0.001121356 0.02147336 3.656597e-05 0.01202106 0.0003961313 0.02560837 0.002197005 0.01687824 0.003208664 0.0001249337 3.961313e-05 9.141492e-06 6.094328e-06 1.828298e-05 0.0001066507 0 5.484895e-05 0.0005606782 1.523582e-05 0.001002517 0.0003108107 6.094328e-06 3.961313e-05 3.047164e-06 5.484895e-05 0 3.656597e-05 3.047164e-06 2.133015e-05 3.047164e-05 0.0001828298 3.047164e-06 6.094328e-06 1.218866e-05 0.00181611 6.094328e-06 6.703761e-05 6.094328e-05 0.003641361 9.141492e-05 3.35188e-05 3.047164e-06 9.141492e-06 0 0.0001340752 6.094328e-06 0.0001584525 6.094328e-06 0.0003199522 3.047164e-05 8.532059e-05 2.742448e-05 3.047164e-06 0
0.001340752 0.02304875 0.0001188394 0.02175066 0.001185347 0.001270667 0.0373369 0.001593667 0.004869368 0.01335877 0.0001584525 0.004326973 0.001160969 0.003875993 0.0192337 4.26603e-05 0.0007343665 0.0001127451 0.0002254901 0.01444356 3.961313e-05 0.05627807 3.656597e-05 0.2158794 0.001100026 0.002715023 0.0220828 0.05988591 0.009574189 0.001642421 0.000167594 6.703761e-05 0.0008897719 0.00269674 9.446208e-05 0.007291863 0.0004479331 0.005792659 0.001685082 0.008690512 0.0001340752 0.0001096979 5.180179e-05 6.399044e-05 9.141492e-06 4.26603e-05 0.001782591 0 0.000371754 0.002992315 0.0001980657 0.004278218 0.003135532 3.047164e-05 0.0006490459 2.133015e-05 0.0002711976 3.961313e-05 0.0008349229 1.218866e-05 1.828298e-05 3.656597e-05 0.001806968 7.61791e-05 0.0004509803 3.961313e-05 0.04334286 0 9.446208e-05 7.922626e-05 0.03712665 0.000725225 0.0002193958 1.218866e-05 1.828298e-05 4.26603e-05 0.0007221779 3.047164e-05 0.000947668 0.0001371224 0.001566242 0.000167594 0.0008745361 6.094328e-05 0 6.094328e-06
0.004622548 3.656597e-05 0.008248673 0.01821899 0.0001249337 0.4518609 0.1828695 0.1361778 0.01335877 0.58483 0.003229994 0.1010379 0.001404743 0.1792403 0.004589029 3.047164e-06 0.003757153 0.001212771 0.001023847 0.03884829 0.0007343665 2.133015e-05 0.00539348 0.01055842 0.0001523582 0.01288646 0.001432167 0.1032532 0.1042404 0.001614997 0.0001218866 0.001983704 0.001008611 0.03216891 0.000185877 0.02539506 0.0008867247 0.05524508 0.007523448 0.008571672 0.001953232 0.0002193958 0.0001919713 1.828298e-05 6.094328e-06 3.047164e-05 0.001359035 0 0.0003260465 0.002001987 9.750925e-05 0.005646395 0.002903947 2.742448e-05 0.0005606782 6.094328e-06 0.0001797827 1.828298e-05 1.218866e-05 3.047164e-06 1.218866e-05 6.094328e-06 0.001416931 9.141492e-06 9.141492e-06 1.828298e-05 0.006615393 6.094328e-06 5.789612e-05 6.094328e-05 0.01925808 0.0003229994 1.828298e-05 3.047164e-06 1.218866e-05 9.141492e-06 0.0004144143 1.828298e-05 0.0002620561 1.828298e-05 0.0009781396 6.399044e-05 0.0006155271 2.437731e-05 3.047164e-06 3.047164e-06
0.0002894806 0.001051272 0.0001919713 8.227343e-05 4.570746e-05 0.001069555 0.001362082 0.004052728 0.0001584525 0.003229994 0.188784 0.001154875 0.07359206 0.00589931 3.047164e-05 4.875462e-05 0.001508346 0.07574945 0.00888553 0.0004296501 0.0002559618 0.0002651033 0.000575914 0.0004174615 0.009485822 0.07970162 0.02110466 0.0007160835 0.02111989 0.0003595654 0.008081079 0.00435135 4.875462e-05 0.1572794 2.133015e-05 0.007566108 0.07700183 0.1138999 0.01216428 0.0001462639 1.523582e-05 0.007419844 2.437731e-05 0 0.000167594 0.00020416 6.094328e-06 0 6.094328e-06 7.922626e-05 6.094328e-06 5.789612e-05 1.218866e-05 0.004180709 3.047164e-06 0.01686301 2.437731e-05 0 3.047164e-06 9.750925e-05 0.004302596 0.002337175 6.094328e-06 2.437731e-05 6.399044e-05 2.742448e-05 0.000167594 0.001331611 0.008148117 0.01069859 0.0001432167 3.656597e-05 0.0001066507 0.003976549 0 0 0.0001797827 6.094328e-06 0.0002620561 0.002620561 0.000706942 0.0001706412 3.047164e-06 0 0.001374271 0
6.399044e-05 1.218866e-05 3.047164e-05 0.05039095 0.0006368573 0.09083901 0.006490459 0.02092183 0.004326973 0.1010379 0.001154875 0.218631 0.0004052728 0.05216135 0.02131187 0 4.570746e-05 0.0004448859 0.0001127451 0.1414372 3.047164e-06 0 1.828298e-05 0.004177662 4.875462e-05 0.001008611 0.000353471 0.02409697 0.02823197 2.133015e-05 3.656597e-05 0.001066507 1.523582e-05 0.007398514 1.218866e-05 0.002099496 0.0001036036 0.01139944 0.0008471116 0.0243377 0.0008105456 5.789612e-05 9.141492e-06 0 0 0 8.836776e-05 0 2.437731e-05 3.35188e-05 3.047164e-06 0.0007313194 0.0002163486 0 6.399044e-05 9.141492e-06 2.133015e-05 6.094328e-06 0 0 1.218866e-05 0 0.0001066507 0 0 0 0.000167594 0 9.141492e-06 1.218866e-05 0.001032989 2.437731e-05 0 3.047164e-06 0 0 1.828298e-05 0 9.141492e-06 3.047164e-06 2.742448e-05 0 0.0001066507 0 3.047164e-06 0
7.922626e-05 0.02040076 6.094328e-05 3.047164e-05 4.875462e-05 0.000390037 0.0005423952 0.001307233 0.001160969 0.001404743 0.07359206 0.0004052728 0.06251257 0.001605855 3.047164e-06 0.0001462639 0.0001188394 0.01640288 0.0008014041 0.0002559618 0.0005088764 0.006182696 0.0004814519 0.00212692 0.1143235 0.01918494 0.03068494 0.0007739797 0.005049151 3.047164e-05 0.008565578 0.001243243 1.828298e-05 0.03794938 0.0002072072 0.01285903 0.08042989 0.06382285 0.004272124 0.0002072072 3.961313e-05 0.0169788 0.0001218866 2.133015e-05 0.000743508 0.0001005564 6.094328e-06 0 3.047164e-06 0.0001736883 2.437731e-05 6.703761e-05 2.437731e-05 0.01509565 2.742448e-05 0.05945017 3.656597e-05 0 3.961313e-05 0.0003047164 0.01717686 0.008602144 1.523582e-05 4.875462e-05 0.000240726 0.0001218866 0.0002620561 0.005670772 0.03801337 0.0424927 0.0001432167 8.532059e-05 0.000240726 0.01782591 1.523582e-05 6.094328e-06 0.0005911498 3.047164e-06 0.001115262 0.008279145 0.004915076 0.001032989 2.742448e-05 6.094328e-06 0.003970455 3.047164e-06
0.03900979 0.0001523582 0.01443442 0.005749998 0.004296501 0.07481092 0.2226441 0.2082767 0.003875993 0.1792403 0.00589931 0.05216135 0.001605855 0.2609347 0.004589029 1.218866e-05 0.06550488 0.003924747 0.02167752 0.01839878 0.008769738 7.61791e-05 0.03028576 0.03022482 0.0003687068 0.04375118 0.004016162 0.07446964 0.1211827 0.03750145 0.0001706412 0.03895799 0.003626125 0.03841864 4.26603e-05 0.01587572 0.000743508 0.02835996 0.002843004 0.01157922 0.001819157 0.000167594 5.789612e-05 1.523582e-05 1.218866e-05 7.922626e-05 0.0002955749 0 6.703761e-05 0.001401695 5.484895e-05 0.001989798 0.0006642818 1.828298e-05 6.703761e-05 3.047164e-05 8.836776e-05 6.094328e-06 9.750925e-05 1.828298e-05 3.35188e-05 7.61791e-05 0.0002955749 2.437731e-05 5.484895e-05 2.437731e-05 0.005338631 3.047164e-06 0.0002163486 0.000149311 0.008519871 0.0002986221 8.836776e-05 1.523582e-05 6.094328e-06 1.218866e-05 0.0003077636 9.141492e-06 0.0004692633 3.047164e-05 0.0008593002 9.750925e-05 0.00020416 2.133015e-05 3.047164e-06 0
6.399044e-05 3.047164e-05 9.141492e-06 0.002187864 0.006310677 0.0131668 0.003312267 0.008754502 0.0192337 0.004589029 3.047164e-05 0.02131187 3.047164e-06 0.004589029 0.01229835 0 1.218866e-05 1.218866e-05 3.047164e-06 0.004467142 0 0.0003047164 3.047164e-06 0.02821979 0 1.828298e-05 4.570746e-05 0.004979066 0.003324456 1.828298e-05 0 0.007483835 1.828298e-05 0.0002254901 0 0.0002833863 9.141492e-06 0.0003748012 7.61791e-05 0.0168173 0.00061248 0 0 0 0 0 9.141492e-06 0 0 2.133015e-05 0 4.875462e-05 0 0 0 0 0 0 9.141492e-06 0 0 0 6.094328e-06 3.047164e-06 9.141492e-06 0 8.532059e-05 0 0 0 0.0001127451 9.141492e-06 0 0 0 0 3.047164e-06 0 1.218866e-05 0 9.141492e-06 0 6.094328e-06 0 0 0
3.047164e-05 0.00061248 0.001401695 3.047164e-06 0 0 0.0001340752 9.141492e-06 4.26603e-05 3.047164e-06 4.875462e-05 0 0.0001462639 1.218866e-05 0 0.01894727 0.002014175 2.133015e-05 0.0002925277 0 0.008760597 0.06341758 0.03799509 0.01536685 3.35188e-05 0.001544912 0.1202685 0.003342739 0.000149311 0.01231054 3.047164e-06 6.094328e-06 8.227343e-05 0.01269144 0.0004784047 0.05156411 0.0165979 0.03176668 0.01875529 2.742448e-05 3.656597e-05 6.094328e-05 0.0001554054 2.133015e-05 4.26603e-05 0.0005698197 0 0 0 0.0003108107 1.828298e-05 0.0002681504 0 0 0 0 3.961313e-05 0 0.07378098 8.227343e-05 0 1.218866e-05 0 0.02899072 0.0256236 0.04702079 0.0235881 0 0.0001310281 0.03197999 0.03928709 0.0001828298 0.00475967 0 0 2.742448e-05 0.0002346316 5.180179e-05 0.0007953098 0.0003839427 0.0006886591 0.0002620561 6.094328e-06 3.047164e-06 6.094328e-06 0
0.02937466 0.02559922 0.06626668 8.532059e-05 6.094328e-06 0.0003382352 0.07845228 0.01105511 0.0007343665 0.003757153 0.001508346 4.570746e-05 0.0001188394 0.06550488 1.218866e-05 0.002014175 0.008495493 0.003138579 0.03758982 4.26603e-05 0.01922151 0.002666269 0.08268784 0.004671302 0.0008135928 0.05696064 0.3804171 0.04305643 0.04328192 0.08223686 4.26603e-05 2.133015e-05 0.001560148 0.04685624 4.875462e-05 0.00598463 0.00457684 0.02038553 0.004677397 3.35188e-05 2.133015e-05 6.094328e-06 1.218866e-05 1.828298e-05 0.001237149 0.02042209 0 0 3.047164e-06 0.0008836776 2.133015e-05 4.26603e-05 9.141492e-06 6.094328e-06 0 2.742448e-05 7.313194e-05 0 0.0002437731 0.001593667 5.789612e-05 0.001669846 3.047164e-06 0.0001614997 4.570746e-05 0.001401695 0.0002498674 0.0001188394 0.01979133 0.01225874 0.0006155271 1.828298e-05 0.0002559618 1.828298e-05 0 0 0.0006368573 3.047164e-06 0.0001828298 0.0001462639 0.0005972441 8.532059e-05 0 0 3.047164e-06 0
0.0008593002 0.001346846 0.0003260465 1.828298e-05 1.828298e-05 0.0003260465 0.001660704 0.001541865 0.0001127451 0.001212771 0.07574945 0.0004448859 0.01640288 0.003924747 1.218866e-05 2.133015e-05 0.003138579 0.02380445 0.02744276 0.0001401695 0.0002376788 0.0004448859 0.0004814519 0.0002986221 0.004253841 0.1258631 0.02556571 0.001157922 0.00743508 0.001724695 0.004811472 0.0009415737 8.227343e-05 0.04766679 3.047164e-05 0.009059219 0.02133015 0.05461737 0.01338314 7.008477e-05 6.094328e-06 0.0001310281 3.047164e-05 9.141492e-06 0.000185877 0.0002285373 0 0 6.094328e-06 0.0001919713 1.523582e-05 3.35188e-05 1.523582e-05 0.0008745361 3.047164e-06 0.002069024 3.961313e-05 0 2.437731e-05 0.0003930842 0.007471646 0.007255297 3.047164e-06 6.094328e-05 8.836776e-05 0.0001188394 0.0001371224 0.0008288286 0.0121399 0.01076563 5.789612e-05 4.570746e-05 0.0003748012 0.001389507 3.047164e-06 0 0.0002803391 3.047164e-06 0.0006277158 0.0008196871 0.001560148 0.0003077636 9.141492e-06 0 6.399044e-05 0
0.00945535 0.006490459 0.003869898 2.437731e-05 0 0.00020416 0.0121978 0.00367488 0.0002254901 0.001023847 0.00888553 0.0001127451 0.0008014041 0.02167752 3.047164e-06 0.0002925277 0.03758982 0.02744276 0.04091122 6.094328e-05 0.001886195 0.0008196871 0.00528683 0.001325516 0.008635663 0.1826257 0.1054227 0.008614333 0.0161195 0.01752119 0.0003382352 0.0001371224 0.000725225 0.05228019 7.313194e-05 0.02488314 0.01777411 0.0671016 0.02066282 6.399044e-05 1.523582e-05 1.218866e-05 4.570746e-05 4.875462e-05 0.0005606782 0.002788155 0 0 0 0.0005911498 4.875462e-05 2.437731e-05 0 0.0001249337 3.047164e-06 0.0003199522 9.446208e-05 0 3.35188e-05 0.001383412 0.001279809 0.004415341 0 0.0001005564 2.742448e-05 0.0004479331 7.61791e-05 0.0003382352 0.01390726 0.005509273 0.000167594 4.875462e-05 0.0005302065 0.0002254901 3.047164e-06 0 0.0007831211 6.094328e-06 0.0003473767 0.000335188 0.001100026 0.0001980657 3.047164e-06 0 2.742448e-05 0
0.0002102543 0 8.227343e-05 0.04428748 3.656597e-05 0.01975781 0.002379835 0.00582313 0.01444356 0.03884829 0.0004296501 0.1414372 0.0002559618 0.01839878 0.004467142 0 4.26603e-05 0.0001401695 6.094328e-05 0.008690512 6.094328e-06 0 2.742448e-05 0.01317594 6.094328e-06 0.0004966877 0.0001188394 0.05086936 0.01324297 5.484895e-05 2.133015e-05 0.0002346316 6.094328e-05 0.003939983 1.523582e-05 0.00267541 0.0001096979 0.006926204 0.000798357 0.00841322 0.0002376788 3.047164e-05 1.218866e-05 0 0 0 0.0004631689 0 0.0001371224 0.000390037 2.742448e-05 0.002385929 0.000965951 0 0.0002193958 0 4.26603e-05 1.218866e-05 0 3.047164e-06 0 3.047164e-06 0.000539348 0 3.047164e-06 0 0.001185347 0 0 3.047164e-06 0.005363009 6.703761e-05 6.094328e-06 0 3.047164e-06 0 9.446208e-05 3.047164e-06 3.656597e-05 3.047164e-06 0.000185877 6.094328e-06 0.0002529146 9.141492e-06 0 0
0.002967938 7.922626e-05 0.03478947 3.047164e-06 0 3.35188e-05 0.05540963 0.001575384 3.961313e-05 0.0007343665 0.0002559618 3.047164e-06 0.0005088764 0.008769738 0 0.008760597 0.01922151 0.0002376788 0.001886195 6.094328e-06 0.2813995 0.004525039 0.3827634 0.006015102 2.133015e-05 0.01308148 0.03668481 0.133353 0.005104 0.2623456 3.047164e-06 1.523582e-05 0.0002955749 0.1641781 0.0008410173 0.07309232 0.008641757 0.202094 0.04935187 6.399044e-05 0.0001645469 0.0002498674 0.0002315845 1.828298e-05 1.218866e-05 7.313194e-05 0 0 0 0.0001340752 1.828298e-05 0.0001523582 3.047164e-06 3.047164e-06 0 0 2.437731e-05 0 0.01173768 3.35188e-05 0 9.141492e-06 0 0.00829438 0.002843004 0.003623078 0.00706942 0 5.180179e-05 0.0006277158 0.01155485 8.227343e-05 0.002148251 3.047164e-06 0 2.437731e-05 0.0001218866 2.742448e-05 0.0003839427 8.532059e-05 0.0002315845 9.141492e-05 0 3.047164e-06 0 6.094328e-06
6.703761e-05 0.1168496 0.0004905934 0 9.141492e-06 0 0.0003169051 1.828298e-05 0.05627807 2.133015e-05 0.0002651033 0 0.006182696 7.61791e-05 0.0003047164 0.06341758 0.002666269 0.0004448859 0.0008196871 0 0.004525039 0.01714334 0.01244462 0.1665123 0.006097375 0.0104213 0.1324937 0.005131424 0.0003687068 0.00208426 0.0007374137 0 0.0001980657 0.001316375 4.570746e-05 0.003946077 0.001514441 0.003004504 0.001432167 0.0004540274 1.218866e-05 0.0006703761 9.141492e-06 1.218866e-05 3.656597e-05 0.0002163486 0 0 0 0.0001645469 6.094328e-06 0.0003991785 0 1.523582e-05 0 2.437731e-05 2.133015e-05 0 0.02855193 7.922626e-05 3.047164e-05 8.532059e-05 0 0.009074454 0.002136062 0.008699653 0.01583002 1.523582e-05 0.0004296501 0.01184737 0.01633585 0.0001279809 0.001828298 3.656597e-05 0 2.437731e-05 0.0001432167 1.523582e-05 0.0003656597 0.0001340752 0.0003565182 0.0001188394 1.218866e-05 3.047164e-06 0 3.047164e-06
0.008190777 0.0002193958 0.1421258 5.484895e-05 0 0.0003961313 0.2074601 0.007590486 3.656597e-05 0.00539348 0.000575914 1.828298e-05 0.0004814519 0.03028576 3.047164e-06 0.03799509 0.08268784 0.0004814519 0.00528683 2.742448e-05 0.3827634 0.01244462 0.2570679 0.02420058 5.180179e-05 0.05584233 0.5171708 0.343647 0.01051881 0.130635 6.094328e-06 4.875462e-05 0.0005728668 0.09004674 0.002346316 0.2447056 0.08915088 0.2056653 0.1261038 0.00020416 0.0001919713 0.0002285373 0.0009507152 0 0.0002254901 0.002888711 0 0 0 0.0006551403 1.828298e-05 3.35188e-05 0 0 0 6.094328e-06 3.047164e-05 0 0.0458781 0.0002498674 6.094328e-06 3.961313e-05 0 0.008522918 0.01024152 0.04956212 0.006456941 0 0.0003321409 0.05846898 0.01141772 2.133015e-05 0.0003382352 3.047164e-06 0 0 6.094328e-05 4.570746e-05 0.0003626125 7.313194e-05 0.0003077636 0.0001188394 3.047164e-06 9.141492e-06 0 6.094328e-06
0.02211632 0.04149933 0.01039997 0.0399209 0.0006246686 0.001176205 0.07546302 0.005874932 0.2158794 0.01055842 0.0004174615 0.004177662 0.00212692 0.03022482 0.02821979 0.01536685 0.004671302 0.0002986221 0.001325516 0.01317594 0.006015102 0.1665123 0.02420058 0.117456 0.001742978 0.01610731 0.1469403 0.1248515 0.1257229 0.1171452 0.0002559618 0.0001767355 0.02851231 0.06680298 0.002017223 0.1287 0.009552859 0.104469 0.04245004 0.04015857 0.0009446208 0.0002620561 0.0005637253 0.0003229994 2.742448e-05 0.00040832 0.002276232 1.218866e-05 0.0008227343 0.01704279 0.0008958662 0.04338247 0.004936406 0.000185877 0.0006612346 5.789612e-05 0.001517488 7.313194e-05 0.01970601 0.0001127451 7.313194e-05 4.875462e-05 0.00242859 0.009793585 0.01728961 0.002523052 0.140395 1.218866e-05 0.000390037 0.002550476 0.1607623 0.005609829 0.008964757 1.218866e-05 0.0001371224 0.0004479331 0.005274641 0.0003443295 0.0103177 0.001645469 0.01366348 0.002257949 0.001995892 0.0005088764 3.047164e-06 8.227343e-05
4.875462e-05 0.01489454 4.26603e-05 6.094328e-06 3.047164e-06 2.437731e-05 0.0001614997 0.000167594 0.001100026 0.0001523582 0.009485822 4.875462e-05 0.1143235 0.0003687068 0 3.35188e-05 0.0008135928 0.004253841 0.008635663 6.094328e-06 2.133015e-05 0.006097375 5.180179e-05 0.001742978 0.008593002 0.02814056 0.08870294 9.446208e-05 0.0007191307 7.008477e-05 0.003129437 0.0001432167 0 0.009878906 9.141492e-06 0.005420905 0.01493415 0.01459592 0.00433002 6.094328e-06 6.094328e-06 0.02306398 1.828298e-05 9.141492e-06 0.0002894806 9.446208e-05 0 0 3.047164e-06 0.0001096979 6.094328e-06 2.133015e-05 3.047164e-06 0.002081213 9.141492e-06 0.01061937 3.656597e-05 0 6.094328e-06 0.0001127451 0.003787625 0.002376788 3.047164e-06 2.133015e-05 6.399044e-05 7.922626e-05 6.399044e-05 0.001261526 0.01020495 0.01332525 4.26603e-05 4.875462e-05 0.0001462639 0.00263275 9.141492e-06 0 0.000240726 6.094328e-06 0.0006246686 0.001160969 0.001541865 0.0002864334 6.094328e-06 0 0.0002833863 6.094328e-06
0.01035122 0.06869831 0.1868338 0.0003473767 1.828298e-05 0.001502252 0.1601437 0.01534552 0.002715023 0.01288646 0.07970162 0.001008611 0.01918494 0.04375118 1.828298e-05 0.001544912 0.05696064 0.1258631 0.1826257 0.0004966877 0.01308148 0.0104213 0.05584233 0.01610731 0.02814056 0.483332 0.5032879 0.06921938 0.02732392 0.02946303 0.005433093 0.001974562 0.0005698197 0.11649 0.0003443295 0.1179313 0.165528 0.2267425 0.08157867 0.0003260465 7.61791e-05 0.0004448859 0.0001767355 0.000353471 0.007459457 0.02952092 0 0 6.094328e-06 0.006179649 0.0002376788 0.0001066507 4.570746e-05 0.002090355 3.656597e-05 0.005171037 0.0008135928 0 0.0002925277 0.01386155 0.01813063 0.04446726 1.828298e-05 0.0009903283 0.0002894806 0.004232511 0.0006185743 0.004659114 0.1596836 0.05675952 0.001919713 0.000390037 0.005140566 0.002977079 4.570746e-05 1.218866e-05 0.007465552 2.437731e-05 0.003690116 0.00344939 0.01057061 0.001867912 6.399044e-05 0 0.0002376788 9.141492e-06
0.001206677 0.1451547 0.2827189 4.26603e-05 6.094328e-06 0.0003321409 0.01565938 0.001352941 0.0220828 0.001432167 0.02110466 0.000353471 0.03068494 0.004016162 4.570746e-05 0.1202685 0.3804171 0.02556571 0.1054227 0.0001188394 0.03668481 0.1324937 0.5171708 0.1469403 0.08870294 0.5032879 0.5548459 0.08410782 0.006383809 0.005110094 0.00480233 0.0005515367 0.0003595654 0.1267529 0.003872945 0.3847563 0.1761779 0.3628563 0.1661131 0.0006917062 4.26603e-05 0.001514441 0.0006338101 0.000426603 0.01643945 0.132963 3.047164e-06 0 6.094328e-06 0.01187785 0.0003595654 0.0001340752 5.180179e-05 0.002644938 3.35188e-05 0.007410703 0.001115262 3.047164e-06 0.02784498 0.009598567 0.02090659 0.04354093 1.523582e-05 0.003501191 0.009171964 0.07189783 0.006816506 0.007849494 0.1349467 0.3896195 0.01181081 0.0004418388 0.00561897 0.004656067 3.047164e-05 1.828298e-05 0.007310146 5.180179e-05 0.006624535 0.004972972 0.01649735 0.003095919 5.180179e-05 0 0.0003229994 9.141492e-06
0.0409417 0.0005241122 0.1403249 0.06277463 0.0001005564 0.01007697 0.4550025 0.01406571 0.05988591 0.1032532 0.0007160835 0.02409697 0.0007739797 0.07446964 0.004979066 0.003342739 0.04305643 0.001157922 0.008614333 0.05086936 0.133353 0.005131424 0.343647 0.1248515 9.446208e-05 0.06921938 0.08410782 0.304887 0.2101111 0.3130748 1.828298e-05 0.0002072072 0.0518414 0.1310677 0.002065977 0.1363454 0.00827305 0.1673442 0.05835319 0.009632085 0.001413884 0.0002285373 0.0004753576 9.750925e-05 2.742448e-05 0.0003290937 0.002474297 0 0.0006520931 0.00702676 0.0003260465 0.01650039 0.004851085 7.922626e-05 0.0008867247 2.437731e-05 0.0006734232 4.570746e-05 0.005585452 5.789612e-05 1.218866e-05 3.35188e-05 0.002608372 0.00349205 0.002763778 0.001907525 0.03876297 6.094328e-06 0.0002376788 0.003068494 0.0622109 0.001736883 0.002590089 3.047164e-06 7.922626e-05 0.0001005564 0.00199894 0.0001066507 0.002724165 0.0004144143 0.004253841 0.0006825647 0.001252384 0.0001767355 6.094328e-06 1.218866e-05
0.08028058 0.0001828298 0.002574854 0.007307099 0.0003443295 0.02909127 0.1097863 0.04277609 0.009574189 0.1042404 0.02111989 0.02823197 0.005049151 0.1211827 0.003324456 0.000149311 0.04328192 0.00743508 0.0161195 0.01324297 0.005104 0.0003687068 0.01051881 0.1257229 0.0007191307 0.02732392 0.006383809 0.2101111 0.2084047 0.06846063 0.0006155271 0.001691176 0.0348626 0.135675 9.446208e-05 0.04123727 0.00161195 0.0895013 0.008291333 0.01575079 0.006246686 0.0005850555 0.0001554054 5.789612e-05 3.047164e-06 8.532059e-05 0.0003504239 3.047164e-06 0.0001340752 0.0037602 0.0001736883 0.005253311 0.0008806304 6.094328e-05 9.141492e-05 5.484895e-05 0.0002833863 1.828298e-05 0.00061248 2.742448e-05 0.0001096979 0.0001462639 0.0003199522 0.0003169051 0.00040832 7.61791e-05 0.01712506 1.218866e-05 0.0003290937 0.0002986221 0.02197005 0.0009689982 0.000557631 1.828298e-05 3.961313e-05 7.008477e-05 0.001011658 6.399044e-05 0.001724695 0.000222443 0.002520005 0.0003839427 0.0004205086 9.446208e-05 1.523582e-05 9.141492e-06
0.03598396 0.0001157922 0.02954835 0.0002163486 3.047164e-06 0.0001462639 0.1678043 0.002190911 0.001642421 0.001614997 0.0003595654 2.133015e-05 3.047164e-05 0.03750145 1.828298e-05 0.01231054 0.08223686 0.001724695 0.01752119 5.484895e-05 0.2623456 0.00208426 0.130635 0.1171452 7.008477e-05 0.02946303 0.005110094 0.3130748 0.06846063 0.2608068 9.141492e-06 1.523582e-05 0.005262452 0.03549337 2.133015e-05 0.002008081 0.00040832 0.01014401 0.001992845 2.437731e-05 2.742448e-05 9.141492e-06 9.141492e-06 6.094328e-05 1.828298e-05 0.0001980657 6.094328e-06 0 1.218866e-05 0.0007404609 4.570746e-05 0.00228842 1.828298e-05 1.218866e-05 0 6.094328e-06 0.0001797827 0 0.004665208 4.26603e-05 9.141492e-06 3.656597e-05 3.047164e-06 0.003802861 0.001825251 0.0006551403 0.01131107 9.141492e-06 0.0002254901 0.0002742448 0.01786248 0.0006063856 0.002285373 0 0 7.922626e-05 0.0007282722 5.484895e-05 0.001730789 0.0003748012 0.001453497 0.0003321409 3.961313e-05 2.742448e-05 0 9.141492e-06
6.094328e-06 0.002123873 3.047164e-06 6.094328e-06 0 3.35188e-05 7.61791e-05 0.0001218866 0.000167594 0.0001218866 0.008081079 3.656597e-05 0.008565578 0.0001706412 0 3.047164e-06 4.26603e-05 0.004811472 0.0003382352 2.133015e-05 3.047164e-06 0.0007374137 6.094328e-06 0.0002559618 0.003129437 0.005433093 0.00480233 1.828298e-05 0.0006155271 9.141492e-06 0.000371754 9.750925e-05 0 0.004171568 3.047164e-06 0.0009994698 0.007590486 0.00802623 0.001304186 6.094328e-06 0 0.0004997349 9.141492e-06 0 6.399044e-05 2.133015e-05 0 0 0 3.047164e-05 3.047164e-06 3.047164e-06 0 0.0006399044 0 0.002117779 1.523582e-05 0 0 4.570746e-05 0.002660174 0.001770402 0 6.094328e-06 1.828298e-05 2.437731e-05 2.133015e-05 0.0004631689 0.004409246 0.004299548 1.523582e-05 1.523582e-05 5.789612e-05 0.000965951 3.047164e-06 0 7.008477e-05 0 0.0001645469 0.0003321409 0.0005088764 8.532059e-05 0 0 4.570746e-05 0
3.656597e-05 1.523582e-05 1.523582e-05 5.484895e-05 0.004013115 0.01516878 0.0005302065 0.02221078 6.703761e-05 0.001983704 0.00435135 0.001066507 0.001243243 0.03895799 0.007483835 6.094328e-06 2.133015e-05 0.0009415737 0.0001371224 0.0002346316 1.523582e-05 0 4.875462e-05 0.0001767355 0.0001432167 0.001974562 0.0005515367 0.0002072072 0.001691176 1.523582e-05 9.750925e-05 1.523582e-05 9.141492e-06 0.03318971 6.094328e-06 0.008943426 0.0001950185 0.02895415 0.001742978 0.0204678 0.01432167 8.532059e-05 2.742448e-05 0 0 0 0 0 0 1.828298e-05 0 2.133015e-05 3.047164e-06 3.047164e-06 0 0 0 0 0 0 1.828298e-05 6.094328e-06 3.047164e-06 0 0 3.047164e-06 4.875462e-05 6.094328e-06 3.656597e-05 3.656597e-05 9.446208e-05 6.094328e-06 0 6.094328e-06 0 0 0 0 6.094328e-06 3.047164e-06 6.094328e-06 0 3.047164e-06 0 0 0
0.002434684 3.047164e-06 0.0002376788 0.000185877 0 0.0001188394 0.01130193 0.001121356 0.0008897719 0.001008611 4.875462e-05 1.523582e-05 1.828298e-05 0.003626125 1.828298e-05 8.227343e-05 0.001560148 8.227343e-05 0.000725225 6.094328e-05 0.0002955749 0.0001980657 0.0005728668 0.02851231 0 0.0005698197 0.0003595654 0.0518414 0.0348626 0.005262452 0 9.141492e-06 0.0007191307 0.008629568 0 0.0004144143 2.133015e-05 0.004771859 0.001054319 5.180179e-05 2.742448e-05 3.047164e-06 3.047164e-06 1.218866e-05 3.047164e-06 0 1.523582e-05 0 1.523582e-05 0.0004144143 2.742448e-05 0.0006703761 3.656597e-05 9.141492e-06 0 3.047164e-06 4.26603e-05 0 0.0003778483 6.094328e-06 0 0 6.094328e-06 0.0002620561 0.0002102543 2.437731e-05 0.003226947 0 2.133015e-05 1.828298e-05 0.003757153 0.0001645469 0.0003443295 0 6.094328e-06 3.047164e-05 0.0002011128 2.437731e-05 0.0003839427 4.570746e-05 0.000426603 8.836776e-05 3.961313e-05 1.218866e-05 0 0
0.01334048 0.003565182 0.005484895 0.0022031 0.0008105456 0.007179118 0.04951642 0.02147336 0.00269674 0.03216891 0.1572794 0.007398514 0.03794938 0.03841864 0.0002254901 0.01269144 0.04685624 0.04766679 0.05228019 0.003939983 0.1641781 0.001316375 0.09004674 0.06680298 0.009878906 0.11649 0.1267529 0.1310677 0.135675 0.03549337 0.004171568 0.03318971 0.008629568 0.04857179 0.0001401695 0.01639984 0.01683253 0.09667128 0.007770268 0.0006947534 0.0001127451 0.003482908 5.484895e-05 5.484895e-05 0.0002468203 0.003757153 0.0001249337 0 4.570746e-05 0.001602808 6.703761e-05 0.001995892 0.0002803391 0.0002193958 2.742448e-05 0.0007496023 0.0001462639 0 0.003129437 0.0002590089 0.0008257814 0.001398648 0.000149311 0.002318892 0.0009202435 0.001547959 0.009501057 0.00020416 0.003601748 0.006051668 0.01245985 0.0004174615 0.001459592 0.0002376788 1.523582e-05 5.484895e-05 0.0005728668 1.828298e-05 0.0009781396 0.000426603 0.001340752 0.0003138579 0.0001371224 3.656597e-05 0.0001371224 0
9.141492e-06 5.484895e-05 0.0001249337 2.437731e-05 3.047164e-06 3.35188e-05 0.0005606782 3.656597e-05 9.446208e-05 0.000185877 2.133015e-05 1.218866e-05 0.0002072072 4.26603e-05 0 0.0004784047 4.875462e-05 3.047164e-05 7.313194e-05 1.523582e-05 0.0008410173 4.570746e-05 0.002346316 0.002017223 9.141492e-06 0.0003443295 0.003872945 0.002065977 9.446208e-05 2.133015e-05 3.047164e-06 6.094328e-06 0 0.0001401695 0.5773797 0.1278956 0.003129437 0.01022019 0.0175669 0.0001188394 0.0006795176 7.313194e-05 0.0008562531 6.094328e-06 9.141492e-06 8.227343e-05 0 0 3.047164e-06 3.961313e-05 3.047164e-06 3.656597e-05 6.094328e-06 3.047164e-06 0 7.008477e-05 6.094328e-06 0 5.484895e-05 1.523582e-05 6.094328e-06 3.047164e-06 0 4.875462e-05 2.133015e-05 7.313194e-05 0.0002651033 3.047164e-06 5.180179e-05 0.0002315845 0.0002894806 9.141492e-06 2.133015e-05 0 0 0 1.218866e-05 0.4741052 0.001490063 9.750925e-05 0.0001767355 0.0004844991 3.047164e-06 1.828298e-05 8.532059e-05 3.656597e-05
0.0005484895 0.01656743 0.01689957 0.003406729 0.0003991785 0.004838896 0.0489984 0.01202106 0.007291863 0.02539506 0.007566108 0.002099496 0.01285903 0.01587572 0.0002833863 0.05156411 0.00598463 0.009059219 0.02488314 0.00267541 0.07309232 0.003946077 0.2447056 0.1287 0.005420905 0.1179313 0.3847563 0.1363454 0.04123727 0.002008081 0.0009994698 0.008943426 0.0004144143 0.01639984 0.1278956 0.06257351 0.676833 0.1857125 0.09931317 0.05384948 0.04543626 0.003028881 0.005341678 0.0001096979 0.000929385 0.01143601 0.0002254901 0 0.000167594 0.004860227 0.0002590089 0.005244169 0.0005606782 7.922626e-05 9.141492e-05 0.0002193958 0.0003869898 2.133015e-05 0.008440644 0.0008379701 0.0002498674 0.001785638 0.00020416 0.004211181 0.002239666 0.006633676 0.02618123 0.000185877 0.009629038 0.01670151 0.03167527 0.001212771 0.002629703 4.26603e-05 3.961313e-05 0.0001279809 0.001599761 0.002008081 0.01523582 0.0005363009 0.003830285 0.0006612346 0.000426603 0.0001127451 3.656597e-05 0.0004936406
8.532059e-05 0.006499601 0.01046701 8.532059e-05 3.047164e-06 0.0001462639 0.002416401 0.0003961313 0.0004479331 0.0008867247 0.07700183 0.0001036036 0.08042989 0.000743508 9.141492e-06 0.0165979 0.00457684 0.02133015 0.01777411 0.0001096979 0.008641757 0.001514441 0.08915088 0.009552859 0.01493415 0.165528 0.1761779 0.00827305 0.00161195 0.00040832 0.007590486 0.0001950185 2.133015e-05 0.01683253 0.003129437 0.676833 0.04710306 0.06566943 0.03233041 0.002416401 0.0004875462 0.0005972441 0.001672893 3.656597e-05 0.0004753576 0.001803921 6.094328e-06 0 9.141492e-06 0.0004875462 2.133015e-05 0.0001889242 9.141492e-06 0.005746951 0 0.02112599 5.789612e-05 0 0.002772919 0.0006002913 0.001258479 0.002370694 0 0.001240196 0.0006764704 0.002550476 0.001578431 0.001045177 0.00759658 0.01026285 0.00294356 7.313194e-05 0.0006825647 0.00230975 6.094328e-06 1.218866e-05 0.00040832 3.35188e-05 0.0006185743 0.006487412 0.001889242 0.0004022256 9.141492e-06 9.141492e-06 0.004064917 9.141492e-06
0.004226416 0.01302053 0.01308452 0.004272124 0.001337705 0.01302053 0.07007258 0.02560837 0.005792659 0.05524508 0.1138999 0.01139944 0.06382285 0.02835996 0.0003748012 0.03176668 0.02038553 0.05461737 0.0671016 0.006926204 0.202094 0.003004504 0.2056653 0.104469 0.01459592 0.2267425 0.3628563 0.1673442 0.0895013 0.01014401 0.00802623 0.02895415 0.004771859 0.09667128 0.01022019 0.1857125 0.06566943 0.0865486 0.03105974 0.0009781396 0.0011823 0.01335572 0.001349894 7.922626e-05 0.0007556967 0.00970217 0.0003321409 0 0.0001310281 0.003860757 0.0002133015 0.003824191 0.0007709325 0.0009446208 9.446208e-05 0.003787625 0.0003047164 2.133015e-05 0.006307629 0.0007770268 0.001185347 0.003169051 0.0003199522 0.003909511 0.001389507 0.00489984 0.01857856 0.0006033385 0.00947668 0.01641507 0.02369475 0.0009019605 0.002053789 0.0005088764 3.961313e-05 5.180179e-05 0.001191441 0.0001736883 0.002382882 0.001669846 0.006953628 0.001627186 0.0002772919 0.0001096979 0.002239666 3.656597e-05
0.000743508 0.005213698 0.006036432 0.0008714889 9.750925e-05 0.001200583 0.01898078 0.002197005 0.001685082 0.007523448 0.01216428 0.0008471116 0.004272124 0.002843004 7.61791e-05 0.01875529 0.004677397 0.01338314 0.02066282 0.000798357 0.04935187 0.001432167 0.1261038 0.04245004 0.00433002 0.08157867 0.1661131 0.05835319 0.008291333 0.001992845 0.001304186 0.001742978 0.001054319 0.007770268 0.0175669 0.09931317 0.03233041 0.03105974 0.001721648 0.0001919713 5.180179e-05 0.001167064 0.00124629 3.656597e-05 0.0002772919 0.003397588 3.35188e-05 0 2.742448e-05 0.001215818 7.008477e-05 0.001148781 0.0001127451 3.35188e-05 1.218866e-05 0.001060413 7.922626e-05 3.047164e-06 0.002980126 0.0003595654 0.000335188 0.001157922 4.570746e-05 0.001499205 0.0007343665 0.002788155 0.006100422 0.0001584525 0.003501191 0.006563591 0.008032324 0.0002102543 0.0008471116 5.484895e-05 1.218866e-05 3.961313e-05 0.0004418388 0.0002559618 0.0007038949 0.0003687068 0.004089294 0.001026894 8.532059e-05 2.742448e-05 0.0005789612 1.218866e-05
4.570746e-05 9.141492e-05 2.437731e-05 0.004915076 0.01021105 0.01506823 0.005439188 0.01687824 0.008690512 0.008571672 0.0001462639 0.0243377 0.0002072072 0.01157922 0.0168173 2.742448e-05 3.35188e-05 7.008477e-05 6.399044e-05 0.00841322 6.399044e-05 0.0004540274 0.00020416 0.04015857 6.094328e-06 0.0003260465 0.0006917062 0.009632085 0.01575079 2.437731e-05 6.094328e-06 0.0204678 5.180179e-05 0.0006947534 0.0001188394 0.05384948 0.002416401 0.0009781396 0.0001919713 0.002093402 0.0008897719 3.35188e-05 5.484895e-05 0 6.094328e-06 1.218866e-05 2.133015e-05 0 6.094328e-06 6.094328e-05 3.047164e-06 0.000240726 5.789612e-05 0 1.523582e-05 0 6.094328e-06 0 9.141492e-06 3.047164e-06 0 3.047164e-06 1.523582e-05 9.141492e-06 1.523582e-05 6.094328e-06 0.0002072072 0 6.094328e-06 2.437731e-05 0.0004570746 1.828298e-05 6.094328e-06 0 0 0 1.218866e-05 6.094328e-06 3.35188e-05 6.094328e-06 3.656597e-05 6.094328e-06 4.875462e-05 0 0 3.047164e-06
4.875462e-05 0 1.523582e-05 0.0001005564 0.001648516 0.002053789 0.0009598567 0.003208664 0.0001340752 0.001953232 1.523582e-05 0.0008105456 3.961313e-05 0.001819157 0.00061248 3.656597e-05 2.133015e-05 6.094328e-06 1.523582e-05 0.0002376788 0.0001645469 1.218866e-05 0.0001919713 0.0009446208 6.094328e-06 7.61791e-05 4.26603e-05 0.001413884 0.006246686 2.742448e-05 0 0.01432167 2.742448e-05 0.0001127451 0.0006795176 0.04543626 0.0004875462 0.0011823 5.180179e-05 0.0008897719 3.047164e-05 0.0002620561 0.0001554054 0 0 0 6.094328e-06 0 3.047164e-06 6.399044e-05 3.047164e-06 7.61791e-05 1.828298e-05 0 3.047164e-06 1.523582e-05 0 0 6.094328e-06 0 0 0 1.218866e-05 9.141492e-06 6.094328e-06 6.094328e-06 0.0002254901 0 3.047164e-06 3.047164e-06 0.0003869898 2.437731e-05 6.094328e-06 0 0 0 3.047164e-06 1.523582e-05 0.0001401695 9.141492e-06 9.750925e-05 1.828298e-05 9.141492e-06 0 6.094328e-06 0
9.141492e-06 0.003866851 3.047164e-06 1.218866e-05 3.047164e-06 4.26603e-05 0.0001218866 0.0001249337 0.0001096979 0.0002193958 0.007419844 5.789612e-05 0.0169788 0.000167594 0 6.094328e-05 6.094328e-06 0.0001310281 1.218866e-05 3.047164e-05 0.0002498674 0.0006703761 0.0002285373 0.0002620561 0.02306398 0.0004448859 0.001514441 0.0002285373 0.0005850555 9.141492e-06 0.0004997349 8.532059e-05 3.047164e-06 0.003482908 7.313194e-05 0.003028881 0.0005972441 0.01335572 0.001167064 3.35188e-05 0.0002620561 2.437731e-05 3.047164e-05 0 3.35188e-05 6.094328e-06 0 0 0 3.047164e-06 0 9.141492e-06 0 0.0009903283 0 0.003528616 3.047164e-06 0 6.094328e-06 6.094328e-06 0.0001462639 9.141492e-05 0 6.094328e-06 6.094328e-06 9.141492e-06 2.742448e-05 0.0001889242 0.0004784047 0.0008014041 3.047164e-05 3.047164e-06 3.047164e-06 0.0002559618 0 0 3.961313e-05 0 5.484895e-05 0.001276762 0.001560148 0.0002529146 0 1.218866e-05 0.001365129 0
