0.01159018 0 0.008138857 0.0001153399 1.182973e-05 0.0008546983 0.09310001 0.006725204 0.0004288279 0.0008132943 0.000313488 7.097841e-05 2.365947e-05 0.06375931 4.140407e-05 0 0.01216097 9.759531e-05 0.002144139 2.957434e-05 0.001126782 2.957434e-06 0.005021722 0.002951519 0 0.005279019 8.872301e-05 0.008053092 0.09991985 0.04966714 0 0.0004554448 1.182973e-05 0.004758511 0 0.0002365947 2.957434e-05 0.001662078 6.506354e-05 7.393584e-05 8.872301e-06 0 0 0.0001064676 2.957434e-06 5.914867e-06 2.957434e-06 2.957434e-06 0 0.000109425 1.77446e-05 0.0001242122 1.182973e-05 5.914867e-06 0 0 7.097841e-05 0 1.182973e-05 2.957434e-06 0 2.957434e-06 2.957434e-06 2.957434e-06 0 0 0.0005678273 2.957434e-06 1.478717e-05 2.070204e-05 0.0007511881 0.0001035102 7.689328e-05 0 2.957434e-06 8.872301e-06 8.872301e-06 0 0.0002513819 1.182973e-05 0.0001715312 1.478717e-05 4.731894e-05 2.66169e-05 0 5.914867e-06
0 0.002774073 0.005240572 0 0 2.957434e-05 9.168044e-05 1.182973e-05 0.0184396 3.54892e-05 0.00156744 2.957434e-06 0.03159722 5.914867e-06 0.0001064676 3.253177e-05 4.731894e-05 0.0009611659 0.0002513819 0 0 0.07191591 0.0002779988 0.04331753 0.03986916 0.004808787 0.06700362 0.0007275287 8.872301e-06 5.914867e-06 0.007553286 0 0 8.872301e-05 0 0.0001360419 0.01627476 0.002785903 0.0003016582 4.43615e-05 0 0.00623427 0 5.914867e-06 3.844664e-05 0.0009197619 0 0 0 1.478717e-05 2.070204e-05 2.365947e-05 0 2.66169e-05 2.957434e-06 9.759531e-05 1.182973e-05 0 0.0003815089 0.0005974016 2.957434e-05 0.0005441678 0 2.957434e-05 0.0001597014 0.0007718902 0.0002720839 0.000109425 0.002824349 0.02361511 5.914867e-05 0 1.77446e-05 1.182973e-05 0 0 4.731894e-05 1.182973e-05 0.0005293806 0.0005914867 0.0006447205 0.0001892758 0 0 0.0002513819 0
0.008138857 0.005240572 0.004652043 5.914867e-06 4.43615e-05 0.002221033 0.05689807 0.02507608 2.070204e-05 0.0007245712 0.000600359 8.872301e-06 8.872301e-05 0.0624403 1.77446e-05 7.393584e-05 0.1521186 0.0009375065 0.009469703 0 0.01235912 6.506354e-05 0.128536 0.0002898285 0 0.05933203 0.01038059 0.009868956 0.004696405 0.002371862 2.66169e-05 0.0004169981 0.0002188501 0.03709213 8.872301e-06 0.02925198 0.00690265 0.06769861 0.002014012 0.000313488 2.957434e-05 0 3.253177e-05 2.070204e-05 0.003016582 0.01967876 0 0 2.957434e-06 0.0001744886 3.253177e-05 6.210611e-05 1.182973e-05 1.182973e-05 0 3.844664e-05 8.280814e-05 0 0.001789247 0.009029045 4.731894e-05 0.00157927 0 0.0003755941 0.002572967 0.01498532 0.001481674 7.393584e-05 0.01071478 0.1025431 0.0002868711 2.957434e-05 7.097841e-05 0 0 5.914867e-06 0.0001508291 0.000109425 0.004158152 0.0003253177 0.003170369 0.0007985071 5.914867e-06 0 1.478717e-05 1.182973e-05
0.0001153399 0 5.914867e-06 0.01796345 0.000443615 0.004400661 0.002596627 0.007071224 0.03343379 0.06399886 0.0002365947 0.1565932 0.0003755941 0.007396542 0.01292103 0 2.957434e-06 1.182973e-05 5.323381e-05 0.05718494 0 8.872301e-06 2.957434e-06 0.02700433 0 4.140407e-05 1.182973e-05 0.02646607 0.01189776 5.323381e-05 0 0.001869098 2.957434e-06 0.004057599 1.182973e-05 0.001330845 4.731894e-05 0.01042495 0.0008310389 0.00934549 0.0004051684 2.957434e-06 1.77446e-05 5.914867e-05 0 5.914867e-06 0.005033552 5.914867e-06 0.0003282751 0.001387036 0.0007778051 0.004013237 0.005190296 8.872301e-06 0.005063126 2.957434e-06 0.0002040629 0.0001330845 2.957434e-06 0 1.182973e-05 2.957434e-06 0.004536703 2.957434e-06 5.914867e-06 2.66169e-05 0.009726999 0 2.957434e-06 5.914867e-06 0.0162718 0.0001981481 3.844664e-05 0 1.182973e-05 8.872301e-06 3.844664e-05 0 0.0001508291 2.070204e-05 0.0003223603 2.365947e-05 0.0006417631 4.43615e-05 0 0
1.182973e-05 0 4.43615e-05 0.000443615 5.323381e-05 0.02154786 0.001730099 0.001922332 0.002531563 0.003540048 7.985071e-05 0.002966306 0.0002277224 0.0001212548 0.008387282 0 4.140407e-05 0 8.872301e-06 0.0004820617 0 8.872301e-06 1.478717e-05 0.004335598 8.872301e-06 3.54892e-05 1.182973e-05 0.001629546 0.0002720839 8.872301e-06 0 0.0009020173 0 0.0008280814 0 0.0006210611 2.365947e-05 0.001395909 7.097841e-05 0.04430531 0.0009848254 0 0 2.957434e-06 0 0 2.957434e-06 0 0 1.478717e-05 2.957434e-06 5.914867e-06 5.914867e-06 2.957434e-06 2.957434e-06 2.957434e-06 0 0 0 0 0 0 5.914867e-06 0 0 0 2.365947e-05 0 0 5.914867e-06 3.54892e-05 5.914867e-06 2.957434e-06 0 0 0 0 0 8.872301e-06 2.957434e-06 8.872301e-06 0 0 0 0 0
0.0008546983 2.957434e-05 0.002221033 0.004400661 0.02154786 0.2182823 0.08155715 0.1555403 0.003554835 0.2275124 0.0002839136 0.09932245 0.0007718902 0.009064534 0.0115961 0 0.001103123 2.957434e-05 0.0002632116 0.009147342 1.182973e-05 0.0001212548 0.0003962961 0.005654613 8.872301e-06 0.001611801 0.0003844664 0.04339738 0.01294173 0.0007334435 2.957434e-06 0.009886701 0.0001449142 0.005858676 1.182973e-05 0.005199168 8.872301e-05 0.01042791 0.00132493 0.06618441 0.005802485 2.957434e-06 3.54892e-05 8.576558e-05 0 2.957434e-06 0.0002188501 5.914867e-06 1.478717e-05 0.000245467 0.0001064676 0.0003962961 0.0002218075 8.872301e-06 0.0001449142 0 8.576558e-05 0 4.731894e-05 0 0 0 0.0001389994 8.872301e-06 5.914867e-06 2.365947e-05 0.001460972 0 5.914867e-06 3.54892e-05 0.002087948 0.0001626589 9.759531e-05 0 0 8.872301e-06 3.844664e-05 2.957434e-06 0.0002602542 2.66169e-05 0.0001833609 2.957434e-05 0.000109425 2.66169e-05 0 1.77446e-05
0.09310001 9.168044e-05 0.05689807 0.002596627 0.001730099 0.08155715 0.196557 0.1828138 0.01232954 0.07463971 0.001425483 0.009348448 0.0007748476 0.353227 0.0024665 8.872301e-06 0.01002274 0.0001597014 0.0018898 0.0003075731 0.001505334 0.0006240185 0.02698954 0.03601858 8.872301e-06 0.01437313 0.006639439 0.3497313 0.1653945 0.07739308 1.182973e-05 0.006121888 0.003158539 0.04534042 0.0003578495 0.06999358 0.001088336 0.1030252 0.0200307 0.008171389 0.003374432 3.844664e-05 0.0004791043 0.001857268 8.872301e-06 9.759531e-05 0.001404781 2.957434e-05 0.0001419568 0.003818047 0.001360419 0.003945216 0.001736014 7.689328e-05 0.0005412104 5.914867e-06 0.001286484 1.182973e-05 0.00066838 3.54892e-05 3.253177e-05 2.66169e-05 0.001177059 8.576558e-05 8.280814e-05 0.0004850191 0.0178629 0 7.097841e-05 0.001449142 0.02773186 0.00200514 0.001375207 5.914867e-06 2.66169e-05 0.0003075731 0.0004377002 2.070204e-05 0.003992535 0.0002632116 0.003744111 0.0004731894 0.0009966551 0.0007038692 0 5.619124e-05
0.006725204 1.182973e-05 0.02507608 0.007071224 0.001922332 0.1555403 0.1828138 0.1645398 0.001981481 0.1313071 0.002640988 0.04355117 0.003516389 0.04995401 0.002658733 0 0.03014216 0.0004672745 0.006299334 0.01320494 0.0009611659 8.576558e-05 0.007958454 0.00478217 5.914867e-06 0.02109833 0.001188888 0.03865957 0.01540527 0.01576904 1.77446e-05 0.004743724 0.0002277224 0.02480104 2.957434e-05 0.01496461 0.0005766996 0.02757511 0.001916417 0.06176009 0.009165087 2.365947e-05 6.506354e-05 0.0002070204 1.478717e-05 1.478717e-05 0.000109425 2.957434e-06 1.182973e-05 0.0005175509 0.0001656163 0.0004288279 0.0001656163 8.872301e-06 7.097841e-05 2.957434e-06 0.0002099778 2.957434e-06 8.576558e-05 8.872301e-06 0 2.070204e-05 6.802097e-05 1.182973e-05 1.77446e-05 6.210611e-05 0.002200331 0 3.253177e-05 0.0002158927 0.00312305 0.0002129352 0.0001715312 2.957434e-06 1.182973e-05 2.070204e-05 5.027637e-05 2.957434e-06 0.0004613597 2.070204e-05 0.0004199556 5.323381e-05 9.168044e-05 7.393584e-05 0 1.182973e-05
0.0004288279 0.0184396 2.070204e-05 0.03343379 0.002531563 0.003554835 0.01232954 0.001981481 0.002640988 0.01878266 0.0001744886 0.05356208 0.003306411 0.001493504 0.03151441 0.001159314 1.182973e-05 9.759531e-05 8.872301e-05 0.01912868 0.0008162517 0.04201035 4.731894e-05 0.2743256 0.007239798 0.0006269759 0.01058761 0.07810878 0.006627609 0.003495687 0.001061719 0.0007837199 0.0001123825 0.00222399 2.070204e-05 0.006260887 0.001771503 0.008082666 0.001721226 0.01388811 0.0003785515 0.0002750413 3.253177e-05 0.001827694 0 1.77446e-05 0.002652818 1.478717e-05 0.0002809562 0.002691265 0.0003903812 0.0004613597 0.00223582 3.253177e-05 0.0029042 1.478717e-05 0.0008961024 5.619124e-05 0.0006328908 1.182973e-05 1.77446e-05 5.914867e-06 0.00233933 0.0001804035 1.478717e-05 3.253177e-05 0.02830855 0 2.365947e-05 6.506354e-05 0.02136154 0.001981481 0.002578882 5.914867e-06 2.66169e-05 0.0003401049 0.00033419 3.253177e-05 0.003714537 0.0003312326 0.002602542 0.0005352955 0.0008280814 0.0003637643 2.66169e-05 0.0001005527
0.0008132943 3.54892e-05 0.0007245712 0.06399886 0.003540048 0.2275124 0.07463971 0.1313071 0.01878266 0.2404246 0.002268352 0.2141507 0.002543393 0.08939435 0.005338168 5.914867e-06 0.0002395521 0.0002395521 0.0006979543 0.03450438 8.872301e-06 0.0001301271 0.0001626589 0.01114657 1.77446e-05 0.0006565503 0.0002070204 0.1021202 0.1072188 0.0005855719 1.77446e-05 0.0164522 7.097841e-05 0.03107967 1.182973e-05 0.006317078 0.0005234658 0.07323197 0.004687532 0.0201904 0.002253564 8.872301e-06 4.43615e-05 0.0001744886 2.957434e-06 2.365947e-05 0.00689082 8.872301e-06 0.0003194028 0.002865753 0.001573355 0.004066471 0.006843501 1.77446e-05 0.003788473 0 0.0004554448 4.731894e-05 3.253177e-05 5.914867e-06 8.872301e-06 2.957434e-06 0.005533358 1.478717e-05 1.77446e-05 5.323381e-05 0.01466591 2.957434e-06 8.872301e-06 4.43615e-05 0.02622948 0.0003667218 0.0001478717 2.957434e-06 1.478717e-05 1.478717e-05 9.759531e-05 0 0.0005205083 6.802097e-05 0.0005086786 7.097841e-05 0.0007778051 7.985071e-05 0 1.182973e-05
0.000313488 0.00156744 0.000600359 0.0002365947 7.985071e-05 0.0002839136 0.001425483 0.002640988 0.0001744886 0.002268352 0.1254898 0.0008132943 0.04683983 0.003211773 2.957434e-06 7.393584e-05 0.0009434213 0.03839932 0.00500102 0.000490934 0.004657958 0.000354892 0.01323747 0.0002720839 0.01051072 0.03937527 0.008277857 0.0009729957 0.006553673 0.0004524873 0.005273104 0.002087948 0.000109425 0.04278224 0 0.001410696 0.08577445 0.1566257 0.005199168 0.0003874238 7.097841e-05 0.002617329 2.957434e-06 1.478717e-05 7.689328e-05 2.957434e-06 0 0 0 2.66169e-05 2.957434e-06 2.365947e-05 1.77446e-05 0.004740766 0 0.01702299 5.914867e-06 0 0 3.844664e-05 0.001614759 0.0002927859 0 2.957434e-06 2.66169e-05 0 0.0001005527 0.001531951 0.005592507 0.006331865 0.0001242122 1.478717e-05 2.957434e-06 0.005616167 0 5.914867e-06 0.0002957434 2.957434e-06 4.731894e-05 0.01882702 0.0008813152 1.182973e-05 5.914867e-06 8.872301e-06 0.006030207 0
7.097841e-05 2.957434e-06 8.872301e-06 0.1565932 0.002966306 0.09932245 0.009348448 0.04355117 0.05356208 0.2141507 0.0008132943 0.1367843 0.001416611 0.02127578 0.02000112 0 8.872301e-06 8.576558e-05 0.0002336373 0.08426911 2.957434e-06 1.478717e-05 0 0.006506354 2.957434e-06 0.0001005527 2.365947e-05 0.05551103 0.0219826 2.070204e-05 5.914867e-06 0.01093067 0 0.007440903 0 0.0003962961 0.000177446 0.01664148 0.0004791043 0.0466062 0.0009877828 5.914867e-06 5.914867e-06 2.070204e-05 0 2.957434e-06 0.00187797 2.957434e-06 0.0001360419 0.0002927859 0.0002158927 0.001907545 0.001357462 2.957434e-06 0.002723796 2.957434e-06 5.323381e-05 4.731894e-05 0 0 2.957434e-06 0 0.00157927 0 0 5.914867e-06 0.002383692 0 2.957434e-06 2.957434e-06 0.003507516 3.253177e-05 1.77446e-05 0 0 2.957434e-06 8.872301e-06 2.957434e-06 3.844664e-05 2.957434e-06 8.576558e-05 5.914867e-06 0.0006979543 5.914867e-06 0 0
2.365947e-05 0.03159722 8.872301e-05 0.0003755941 0.0002277224 0.0007718902 0.0007748476 0.003516389 0.003306411 0.002543393 0.04683983 0.001416611 0.05000133 0.0004850191 2.070204e-05 1.182973e-05 3.54892e-05 0.02563799 0.00254635 0.0006181036 0.0001389994 0.009765446 0.0003874238 0.003646516 0.05441974 0.01122346 0.000558955 0.0009493362 0.002850966 7.097841e-05 0.002907157 0.004388832 0 0.01240939 7.097841e-05 0.01446185 0.08327542 0.03531767 0.003785515 0.001638418 7.689328e-05 0.007792838 2.957434e-05 8.872301e-06 0.000156744 0 2.957434e-06 2.957434e-06 0 4.43615e-05 2.070204e-05 3.54892e-05 8.872301e-06 0.002791817 2.957434e-06 0.01089814 1.77446e-05 0 0 5.914867e-06 0.0008339963 0.0002011055 0 0 2.070204e-05 5.914867e-06 0.0001449142 0.000893145 0.003052072 0.003176284 0.0002602542 2.070204e-05 1.478717e-05 0.00309939 0 2.957434e-06 0.0004258704 0 0.0001419568 0.02615554 0.001727141 2.365947e-05 1.478717e-05 8.872301e-06 0.0112974 0
0.06375931 5.914867e-06 0.0624403 0.007396542 0.0001212548 0.009064534 0.353227 0.04995401 0.001493504 0.08939435 0.003211773 0.02127578 0.0004850191 0.1005912 0.0003460197 2.957434e-06 0.07623081 0.0008665281 0.01541119 0.01082421 0.004087173 5.323381e-05 0.02732964 0.00611893 1.182973e-05 0.04461584 0.0008694855 0.04363693 0.052456 0.1104276 2.957434e-05 0.01244192 0.0001153399 0.02703094 5.914867e-06 0.004663873 0.0004672745 0.01929725 0.0007068266 0.003211773 0.0002070204 2.957434e-06 1.182973e-05 0.0001981481 0 8.872301e-06 7.689328e-05 2.957434e-06 1.182973e-05 0.0003815089 0.000109425 0.0002750413 7.097841e-05 1.478717e-05 2.365947e-05 0 0.0001212548 0 5.323381e-05 2.957434e-05 8.872301e-06 2.365947e-05 5.323381e-05 5.914867e-06 5.914867e-06 2.365947e-05 0.001635461 0 8.280814e-05 0.0002927859 0.002572967 0.0002011055 0.0001271696 2.957434e-06 5.914867e-06 3.253177e-05 4.140407e-05 0 0.0003489772 2.957434e-05 0.0003578495 3.844664e-05 0.0001064676 4.43615e-05 0 2.957434e-06
4.140407e-05 0.0001064676 1.77446e-05 0.01292103 0.008387282 0.0115961 0.0024665 0.002658733 0.03151441 0.005338168 2.957434e-06 0.02000112 2.070204e-05 0.0003460197 0.00388311 0 2.957434e-06 0 5.914867e-06 0.008541068 0 0.0002543393 5.914867e-06 0.07985367 5.027637e-05 2.070204e-05 0.0001301271 0.02062514 0.0006269759 2.070204e-05 5.914867e-06 0.0004258704 2.957434e-06 0.0001951906 0 0.0003874238 2.070204e-05 0.0004731894 8.872301e-05 0.009493362 9.168044e-05 2.957434e-06 2.957434e-06 2.957434e-06 0 0 3.844664e-05 0 2.957434e-06 1.77446e-05 1.478717e-05 7.689328e-05 5.027637e-05 0 6.802097e-05 0 5.914867e-06 0 0 0 0 0 3.54892e-05 0 0 0 0.0001508291 0 0 0 0.0002484244 8.872301e-06 2.957434e-06 0 0 0 0 0 1.478717e-05 0 1.478717e-05 8.872301e-06 5.914867e-06 2.957434e-06 0 0
0 3.253177e-05 7.393584e-05 0 0 0 8.872301e-06 0 0.001159314 5.914867e-06 7.393584e-05 0 1.182973e-05 2.957434e-06 0 0.01001387 0.0002839136 1.77446e-05 2.070204e-05 0 0.01246854 0.04380551 0.01093067 0.008801323 0 0.0005293806 0.02301771 0.003510474 2.365947e-05 0.0006565503 2.957434e-06 0 1.182973e-05 0.001848396 0.0001537866 0.0566319 0.02871372 0.01125304 0.0027652 3.253177e-05 1.478717e-05 1.182973e-05 0.0001597014 0.0001537866 1.77446e-05 7.985071e-05 1.478717e-05 0 2.957434e-06 0.000313488 1.478717e-05 0.0001626589 2.66169e-05 2.957434e-06 0 0 5.027637e-05 0 0.1044122 0.0001419568 2.957434e-06 1.77446e-05 5.914867e-06 0.01267556 0.01365447 0.0340371 0.01466 0 6.506354e-05 0.01981481 0.01133584 0.0005323381 0.009321831 0 0 3.844664e-05 0.0001212548 1.182973e-05 0.003977748 0.001940076 0.0006979543 0.0002336373 6.802097e-05 8.872301e-06 5.914867e-06 1.182973e-05
0.01216097 4.731894e-05 0.1521186 2.957434e-06 4.140407e-05 0.001103123 0.01002274 0.03014216 1.182973e-05 0.0002395521 0.0009434213 8.872301e-06 3.54892e-05 0.07623081 2.957434e-06 0.0002839136 0.001215505 0.0002011055 0.00245467 2.957434e-06 0.01811132 0.0001035102 0.02888525 0.0005352955 0 0.03961482 0.2074107 0.00667197 0.05329295 0.01357166 2.957434e-06 0.0005737421 0.001191846 0.01812315 1.182973e-05 0.03473802 0.03725479 0.04135084 0.004075344 0.0005145935 3.253177e-05 2.957434e-06 5.323381e-05 4.43615e-05 4.140407e-05 0.0007541456 0 0 2.957434e-06 1.77446e-05 5.914867e-06 1.182973e-05 5.914867e-06 2.957434e-06 0 2.957434e-06 1.77446e-05 0 0.000109425 0.0007689328 5.914867e-06 0.0003933387 0 5.027637e-05 5.914867e-06 0.0001715312 0.0003844664 5.914867e-06 0.001250994 0.002833221 0.0003164454 4.731894e-05 0.0001035102 0 0 5.914867e-06 1.478717e-05 5.914867e-06 0.001517163 5.914867e-05 0.000156744 5.914867e-05 0 1.478717e-05 0 0
9.759531e-05 0.0009611659 0.0009375065 1.182973e-05 0 2.957434e-05 0.0001597014 0.0004672745 9.759531e-05 0.0002395521 0.03839932 8.576558e-05 0.02563799 0.0008665281 0 1.77446e-05 0.0002011055 0.0002779988 0.001493504 5.323381e-05 0.000266169 0.0002543393 0.0007925922 0.0001153399 0.002052459 0.04060261 0.01767658 8.280814e-05 0.0007896348 3.253177e-05 0.01700229 0.0001833609 2.957434e-06 0.007201351 0 0.002590712 0.06902946 0.1271164 0.00224765 0.0001005527 2.957434e-06 0.0006949969 1.182973e-05 0 2.365947e-05 5.914867e-06 0 0 0 5.914867e-06 5.914867e-06 8.872301e-06 0 0.00266169 2.957434e-06 0.006083441 2.957434e-06 0 1.182973e-05 2.957434e-05 0.003043199 0.001058761 0 0 0 0 1.77446e-05 0.0008961024 0.008940322 0.0128116 2.070204e-05 2.957434e-06 0 0.003951131 0 0 3.844664e-05 0 7.985071e-05 0.004462767 0.0001804035 1.182973e-05 2.957434e-06 5.914867e-06 0.0001597014 0
0.002144139 0.0002513819 0.009469703 5.323381e-05 8.872301e-06 0.0002632116 0.0018898 0.006299334 8.872301e-05 0.0006979543 0.00500102 0.0002336373 0.00254635 0.01541119 5.914867e-06 2.070204e-05 0.00245467 0.001493504 0.003992535 0.0001597014 0.005030595 0.0002040629 0.009777276 0.0001922332 0.0007896348 0.06432418 0.0685267 0.001126782 0.01243009 0.001076506 0.002093863 0.0006949969 0.0003046157 0.06262662 5.914867e-06 0.01723888 0.09096179 0.1636969 0.00413745 0.0006565503 1.478717e-05 0.0002040629 2.070204e-05 5.914867e-06 0.0001064676 6.210611e-05 0 0 0 2.957434e-05 1.182973e-05 8.872301e-06 8.872301e-06 0.0006802097 2.957434e-06 0.001132697 1.182973e-05 0 1.182973e-05 0.00132493 0.001283526 0.005003978 0 5.914867e-06 5.914867e-06 1.182973e-05 4.43615e-05 0.0004140407 0.008647536 0.018342 6.506354e-05 2.957434e-06 8.872301e-06 0.0007304861 0 0 4.731894e-05 0 0.0004495299 0.001493504 0.0003253177 3.253177e-05 2.957434e-06 2.957434e-06 8.872301e-06 0
2.957434e-05 0 0 0.05718494 0.0004820617 0.009147342 0.0003075731 0.01320494 0.01912868 0.03450438 0.000490934 0.08426911 0.0006181036 0.01082421 0.008541068 0 2.957434e-06 5.323381e-05 0.0001597014 0.005586592 0 0 0 0.002676477 0 4.43615e-05 1.478717e-05 0.02999133 0.01429032 8.872301e-06 0 0.003818047 2.957434e-06 0.004962574 0 0.0002987008 0.0001123825 0.01117318 0.0003933387 0.008339963 0.0004169981 8.872301e-06 0 2.365947e-05 0 5.914867e-06 0.001783332 2.957434e-06 0.0001182973 0.0004317853 0.0002277224 0.001227335 0.001620674 0 0.001387036 0 5.027637e-05 2.365947e-05 2.957434e-06 0 2.957434e-06 0 0.001481674 2.957434e-06 2.957434e-06 2.957434e-06 0.003028412 0 2.957434e-06 2.957434e-06 0.004841319 6.210611e-05 2.070204e-05 2.957434e-06 5.914867e-06 2.957434e-06 8.872301e-06 0 6.210611e-05 0 5.027637e-05 1.478717e-05 0.0003194028 1.478717e-05 0 0
0.001126782 0 0.01235912 0 0 1.182973e-05 0.001505334 0.0009611659 0.0008162517 8.872301e-06 0.004657958 2.957434e-06 0.0001389994 0.004087173 0 0.01246854 0.01811132 0.000266169 0.005030595 0 0.06324472 0.007420201 0.1364796 0.0006654226 2.957434e-06 0.005642783 0.003865366 0.01745477 0.005134105 0.0543665 0 2.66169e-05 0.0001212548 0.1325492 0.001283526 0.2797229 0.04172643 0.245884 0.02598993 0.000156744 0.000354892 3.253177e-05 0.0007245712 0.0002987008 2.957434e-06 4.140407e-05 1.478717e-05 0 2.957434e-06 0.0005500827 2.070204e-05 0.0002336373 2.66169e-05 0 0 0 6.506354e-05 0 0.02829968 0.0001389994 2.957434e-06 5.914867e-06 1.182973e-05 0.01056691 0.002706052 0.002383692 0.01767067 0 2.66169e-05 0.0003844664 0.01387924 0.0010144 0.009348448 0 0 0.0001242122 0.0001271696 1.182973e-05 0.003161497 0.001801077 0.0005175509 0.0001360419 7.393584e-05 1.478717e-05 2.957434e-06 1.478717e-05
2.957434e-06 0.07191591 6.506354e-05 8.872301e-06 8.872301e-06 0.0001212548 0.0006240185 8.576558e-05 0.04201035 0.0001301271 0.000354892 1.478717e-05 0.009765446 5.323381e-05 0.0002543393 0.04380551 0.0001035102 0.0002543393 0.0002040629 0 0.007420201 0.004175896 0.01938006 0.1181998 0.02308573 0.001712354 0.05833242 0.01077097 8.576558e-05 0.0001537866 0.003451325 2.957434e-06 2.957434e-06 8.576558e-05 0 0.0006240185 0.005926697 0.001079463 0.0001123825 0.0001863183 5.914867e-06 0.001120867 2.957434e-06 8.576558e-05 7.393584e-05 0.0001833609 0 0 0 8.576558e-05 0 7.393584e-05 5.914867e-06 2.957434e-06 2.957434e-06 1.478717e-05 4.140407e-05 0 0.02133788 0.0001035102 2.957434e-06 4.140407e-05 2.957434e-06 0.001830651 0.001005527 0.004953701 0.005521529 0 0.0001182973 0.009620532 0.002984051 0.000224765 0.001466887 0 0 3.253177e-05 3.253177e-05 0 0.0008783578 0.0005293806 0.0002158927 6.210611e-05 8.872301e-06 0 7.689328e-05 1.182973e-05
0.005021722 0.0002779988 0.128536 2.957434e-06 1.478717e-05 0.0003962961 0.02698954 0.007958454 4.731894e-05 0.0001626589 0.01323747 0 0.0003874238 0.02732964 5.914867e-06 0.01093067 0.02888525 0.0007925922 0.009777276 0 0.1364796 0.01938006 0.04440587 0.009709255 0 0.01148667 0.06986346 0.05613801 0.007887476 0.05951539 1.182973e-05 0.0001419568 0.0002277224 0.1391118 0.001685737 0.577714 0.1543721 0.4405186 0.05513544 0.0005737421 0.0001064676 0.0001153399 0.001724184 0.0001212548 4.140407e-05 0.0004879766 2.957434e-06 0 0 0.0002158927 2.070204e-05 4.731894e-05 1.182973e-05 8.872301e-06 0 2.957434e-06 4.140407e-05 0 0.1174988 0.0003046157 2.957434e-06 3.54892e-05 0 0.009913318 0.01138316 0.05238798 0.008067879 0 0.0002277224 0.09107417 0.006201738 0.0003046157 0.008141815 0 0 3.844664e-05 0.0001301271 4.731894e-05 0.006210611 0.001650248 0.001153399 0.0005441678 5.027637e-05 8.872301e-06 2.957434e-06 1.77446e-05
0.002951519 0.04331753 0.0002898285 0.02700433 0.004335598 0.005654613 0.03601858 0.00478217 0.2743256 0.01114657 0.0002720839 0.006506354 0.003646516 0.00611893 0.07985367 0.008801323 0.0005352955 0.0001153399 0.0001922332 0.002676477 0.0006654226 0.1181998 0.009709255 0.1162478 0.009449001 0.001227335 0.05342308 0.100745 0.05785627 0.06889046 0.001111995 0.001466887 0.00289237 0.02169278 0.0003489772 0.09407005 0.02263915 0.048079 0.01176171 0.06000929 0.00146393 0.0002602542 0.0002277224 0.008298559 7.689328e-05 0.0002572967 0.008328133 9.168044e-05 0.0006269759 0.01747548 0.004545576 0.03549216 0.008881173 0.0001951906 0.00366426 3.253177e-05 0.004616554 8.280814e-05 0.02389902 0.0001537866 8.872301e-05 0.0001123825 0.006586205 0.007432031 0.005264232 0.003395134 0.1419686 0 0.0002099778 0.001898672 0.1503145 0.01188593 0.01840707 5.914867e-06 0.0001537866 0.001679822 0.001886843 7.689328e-05 0.02250311 0.004850191 0.01290624 0.002105693 0.002842094 0.002055416 1.77446e-05 0.0002898285
0 0.03986916 0 0 8.872301e-06 8.872301e-06 8.872301e-06 5.914867e-06 0.007239798 1.77446e-05 0.01051072 2.957434e-06 0.05441974 1.182973e-05 5.027637e-05 0 0 0.002052459 0.0007896348 0 2.957434e-06 0.02308573 0 0.009449001 0.005769953 0.0107207 0.009833467 0.000177446 0 0 0.005258317 0 0 3.253177e-05 0 0.0006949969 0.00366426 0.004220258 0.0005382529 5.914867e-05 0 0.00847009 2.957434e-06 0 7.393584e-05 5.914867e-06 0 0 0 0 0 0 0 0.0005471252 0 0.002537478 2.957434e-06 0 0 2.070204e-05 0.0001330845 0.0004110833 0 2.957434e-06 0 0 2.957434e-06 0.0004998063 0.000981868 0.003004753 0 0 0 0.0004968489 0 0 6.506354e-05 0 1.478717e-05 0.000422913 0.0002218075 0 0 0 0.0001863183 0
0.005279019 0.004808787 0.05933203 4.140407e-05 3.54892e-05 0.001611801 0.01437313 0.02109833 0.0006269759 0.0006565503 0.03937527 0.0001005527 0.01122346 0.04461584 2.070204e-05 0.0005293806 0.03961482 0.04060261 0.06432418 4.43615e-05 0.005642783 0.001712354 0.01148667 0.001227335 0.0107207 0.2716403 0.2344535 0.001981481 0.01011442 0.0007778051 0.009082279 0.0005707847 0.0001301271 0.01459789 0 0.05594577 0.2495187 0.1235083 0.009724042 0.0009582085 2.957434e-05 0.000845826 4.731894e-05 2.957434e-05 0.003191071 0.01186227 0 0 8.872301e-06 0.0002158927 8.280814e-05 6.210611e-05 3.253177e-05 0.007503009 1.478717e-05 0.02040925 0.0001804035 0 0.0005737421 0.0248661 0.007219096 0.03611618 2.957434e-06 0.0001360419 0.0002987008 0.001605886 0.0005737421 0.004090131 0.08403843 0.1776442 0.0001301271 5.619124e-05 0.0001508291 0.01188593 0 0 0.000804422 4.140407e-05 0.004785128 0.01391177 0.006062739 0.001298313 8.872301e-06 0 0.0009079321 2.957434e-06
8.872301e-05 0.06700362 0.01038059 1.182973e-05 1.182973e-05 0.0003844664 0.006639439 0.001188888 0.01058761 0.0002070204 0.008277857 2.365947e-05 0.000558955 0.0008694855 0.0001301271 0.02301771 0.2074107 0.01767658 0.0685267 1.478717e-05 0.003865366 0.05833242 0.06986346 0.05342308 0.009833467 0.2344535 0.1544815 0.01167299 0.001138612 0.0004199556 0.0005737421 4.731894e-05 0.000177446 0.1325315 6.210611e-05 0.2096052 0.1346608 0.4161996 0.02274858 0.001576312 4.43615e-05 7.097841e-05 0.0004258704 6.210611e-05 0.02128761 0.04572784 0 0 5.914867e-06 0.0006506354 0.0001478717 0.0002129352 7.985071e-05 0.0008132943 5.914867e-06 0.00122142 0.0002868711 0 0.03654501 0.02583614 0.002037672 0.03098799 2.957434e-06 0.003702707 0.01854607 0.06441882 0.005412104 0.003318241 0.06813631 0.5473855 0.0009079321 6.802097e-05 0.0002809562 0.0003046157 2.957434e-06 8.872301e-06 0.0008399112 0.0003164454 0.01823258 0.004246875 0.01088631 0.002507904 3.253177e-05 2.957434e-06 0.000156744 4.140407e-05
0.008053092 0.0007275287 0.009868956 0.02646607 0.001629546 0.04339738 0.3497313 0.03865957 0.07810878 0.1021202 0.0009729957 0.05551103 0.0009493362 0.04363693 0.02062514 0.003510474 0.00667197 8.280814e-05 0.001126782 0.02999133 0.01745477 0.01077097 0.05613801 0.100745 0.000177446 0.001981481 0.01167299 0.1652436 0.1944661 0.2318805 1.478717e-05 0.00501285 0.02527127 0.1755178 0.001363377 0.2616323 0.01883294 0.2504414 0.04592599 0.02301475 0.004276449 4.731894e-05 0.0007156989 0.00859726 1.182973e-05 0.0001182973 0.01077393 7.985071e-05 0.0006742949 0.01386445 0.003965919 0.02023476 0.01128261 0.0001892758 0.005885293 2.365947e-05 0.004140407 7.689328e-05 0.01476647 9.168044e-05 0.0001035102 3.54892e-05 0.008813152 0.005276062 0.002300883 0.0009582085 0.1275393 0 5.914867e-05 0.0006092313 0.1239608 0.0120752 0.01859339 1.182973e-05 0.0001182973 0.001815864 0.001626589 0.0001419568 0.01911685 0.003480899 0.01057874 0.001981481 0.002590712 0.00165912 8.872301e-06 0.0003046157
0.09991985 8.872301e-06 0.004696405 0.01189776 0.0002720839 0.01294173 0.1653945 0.01540527 0.006627609 0.1072188 0.006553673 0.0219826 0.002850966 0.052456 0.0006269759 2.365947e-05 0.05329295 0.0007896348 0.01243009 0.01429032 0.005134105 8.576558e-05 0.007887476 0.05785627 0 0.01011442 0.001138612 0.1944661 0.3167027 0.1190544 1.77446e-05 0.007866774 0.03654205 0.11686 1.182973e-05 0.01488181 0.0005648698 0.03939302 0.001017357 0.01051663 0.004306023 2.957434e-06 5.027637e-05 0.001466887 0 0 0.0002040629 5.914867e-06 3.253177e-05 0.001688695 0.0004347427 0.001342675 0.0002691265 4.731894e-05 7.393584e-05 5.914867e-06 0.0008162517 0 0.0001064676 8.872301e-06 1.182973e-05 2.070204e-05 0.000109425 1.77446e-05 1.478717e-05 3.844664e-05 0.008496707 0 4.140407e-05 0.0001744886 0.01222603 0.001395909 0.0009759531 0 4.140407e-05 0.0002218075 0.0002720839 1.77446e-05 0.003084603 0.0001744886 0.00224765 0.0003578495 0.0006269759 0.0004347427 0 2.66169e-05
0.04966714 5.914867e-06 0.002371862 5.323381e-05 8.872301e-06 0.0007334435 0.07739308 0.01576904 0.003495687 0.0005855719 0.0004524873 2.070204e-05 7.097841e-05 0.1104276 2.070204e-05 0.0006565503 0.01357166 3.253177e-05 0.001076506 8.872301e-06 0.0543665 0.0001537866 0.05951539 0.06889046 0 0.0007778051 0.0004199556 0.2318805 0.1190544 0.05433693 0 0.0004613597 0.008076751 0.0876051 0.0004524873 0.1712236 0.02840911 0.1270277 0.01588733 0.000109425 0.0002484244 8.872301e-06 0.000313488 0.00971517 5.914867e-06 7.393584e-05 0.0001301271 2.66169e-05 0.0001242122 0.005749251 0.0005293806 0.003409921 0.0003726366 0.0001242122 3.54892e-05 8.872301e-06 0.003682005 5.914867e-06 0.009236065 5.914867e-05 7.689328e-05 4.140407e-05 7.689328e-05 0.004572192 0.0003815089 0.0004554448 0.07017694 2.957434e-06 3.54892e-05 0.0001508291 0.06918916 0.01303932 0.01596423 5.914867e-06 7.985071e-05 0.001824737 0.00155561 9.463788e-05 0.02292603 0.003957046 0.01046044 0.001907545 0.001925289 0.00176263 2.957434e-06 0.0003726366
0 0.007553286 2.66169e-05 0 0 2.957434e-06 1.182973e-05 1.77446e-05 0.001061719 1.77446e-05 0.005273104 5.914867e-06 0.002907157 2.957434e-05 5.914867e-06 2.957434e-06 2.957434e-06 0.01700229 0.002093863 0 0 0.003451325 1.182973e-05 0.001111995 0.005258317 0.009082279 0.0005737421 1.478717e-05 1.77446e-05 0 0 1.478717e-05 0 0.000354892 0 7.985071e-05 0.005926697 0.003871281 0.0002691265 1.77446e-05 0 0.0001951906 0 0 7.393584e-05 0 0 0 0 2.957434e-06 0 2.957434e-06 0 0.001975566 0 0.006535928 0 0 0 2.957434e-06 0.001153399 0.000224765 0 0 2.957434e-06 0 5.914867e-06 0.0007393584 0.004214343 0.004581065 2.957434e-06 0 0 0.003273879 0 0 4.43615e-05 0 1.478717e-05 0.003551878 0.0001537866 0 0 0 0.0006595077 0
0.0004554448 0 0.0004169981 0.001869098 0.0009020173 0.009886701 0.006121888 0.004743724 0.0007837199 0.0164522 0.002087948 0.01093067 0.004388832 0.01244192 0.0004258704 0 0.0005737421 0.0001833609 0.0006949969 0.003818047 2.66169e-05 2.957434e-06 0.0001419568 0.001466887 0 0.0005707847 4.731894e-05 0.00501285 0.007866774 0.0004613597 1.478717e-05 9.168044e-05 5.914867e-06 0.03120684 5.914867e-06 0.01262528 0.0003933387 0.02810745 0.001073548 0.03957342 0.04391789 2.957434e-05 3.253177e-05 7.689328e-05 0 0 5.914867e-05 0 0 0.0002691265 8.280814e-05 0.0001508291 4.43615e-05 0 2.365947e-05 0 6.802097e-05 2.957434e-06 2.957434e-06 0 0 0 3.844664e-05 0 2.957434e-06 0 0.0007600604 0 0 0 0.001401824 6.210611e-05 3.253177e-05 0 0 1.77446e-05 1.182973e-05 0 8.280814e-05 0 0.0001330845 1.77446e-05 3.844664e-05 2.66169e-05 0 2.957434e-06
1.182973e-05 0 0.0002188501 2.957434e-06 0 0.0001449142 0.003158539 0.0002277224 0.0001123825 7.097841e-05 0.000109425 0 0 0.0001153399 2.957434e-06 1.182973e-05 0.001191846 2.957434e-06 0.0003046157 2.957434e-06 0.0001212548 2.957434e-06 0.0002277224 0.00289237 0 0.0001301271 0.000177446 0.02527127 0.03654205 0.008076751 0 5.914867e-06 0.001886843 0.004598809 0 0.0001922332 1.77446e-05 0.00112974 3.54892e-05 2.365947e-05 0 0 2.957434e-06 5.914867e-06 0 0 2.957434e-06 0 0 2.957434e-05 8.872301e-06 1.478717e-05 5.914867e-06 0 0 0 1.182973e-05 0 1.478717e-05 0 2.957434e-06 0 0 8.872301e-06 0 8.872301e-06 7.097841e-05 0 0 3.54892e-05 0.0001153399 5.914867e-06 2.66169e-05 0 0 2.957434e-06 0 0 2.070204e-05 2.957434e-06 2.365947e-05 2.957434e-06 2.957434e-06 2.957434e-06 0 0
0.004758511 8.872301e-05 0.03709213 0.004057599 0.0008280814 0.005858676 0.04534042 0.02480104 0.00222399 0.03107967 0.04278224 0.007440903 0.01240939 0.02703094 0.0001951906 0.001848396 0.01812315 0.007201351 0.06262662 0.004962574 0.1325492 8.576558e-05 0.1391118 0.02169278 3.253177e-05 0.01459789 0.1325315 0.1755178 0.11686 0.0876051 0.000354892 0.03120684 0.004598809 0.03727254 5.914867e-06 0.008564728 0.003253177 0.0806433 0.001910502 0.001271696 0.0002898285 0.001265782 4.731894e-05 0.000245467 2.365947e-05 7.985071e-05 0.0001005527 1.77446e-05 1.182973e-05 0.000490934 0.0001981481 0.0004317853 0.0001035102 1.182973e-05 5.027637e-05 2.070204e-05 0.000177446 0 0.0001035102 0.0001301271 2.070204e-05 9.463788e-05 5.619124e-05 1.182973e-05 5.914867e-06 5.914867e-05 0.002238777 8.872301e-06 0.0003430623 0.0009020173 0.003211773 0.0002543393 0.0002188501 5.914867e-06 5.914867e-06 4.43615e-05 7.393584e-05 0 0.0004377002 3.844664e-05 0.0005205083 7.689328e-05 0.0001005527 7.985071e-05 0 1.478717e-05
0 0 8.872301e-06 1.182973e-05 0 1.182973e-05 0.0003578495 2.957434e-05 2.070204e-05 1.182973e-05 0 0 7.097841e-05 5.914867e-06 0 0.0001537866 1.182973e-05 0 5.914867e-06 0 0.001283526 0 0.001685737 0.0003489772 0 0 6.210611e-05 0.001363377 1.182973e-05 0.0004524873 0 5.914867e-06 0 5.914867e-06 0.4122041 0.1076772 0.002126395 0.001253952 0.001321973 8.872301e-06 7.689328e-05 0.000245467 0.001422526 2.957434e-06 0 0 0 0 0 1.77446e-05 2.957434e-06 1.182973e-05 2.957434e-06 2.957434e-06 0 2.957434e-06 2.957434e-06 0 1.77446e-05 0 0 0 2.957434e-06 4.731894e-05 0 6.210611e-05 5.619124e-05 0 0 4.140407e-05 0.0001537866 0 2.957434e-06 0 0 0 0.0001626589 0.2362989 0.002933774 0.0002868711 0.0002365947 0.0007511881 2.957434e-06 1.77446e-05 9.168044e-05 5.323381e-05
0.0002365947 0.0001360419 0.02925198 0.001330845 0.0006210611 0.005199168 0.06999358 0.01496461 0.006260887 0.006317078 0.001410696 0.0003962961 0.01446185 0.004663873 0.0003874238 0.0566319 0.03473802 0.002590712 0.01723888 0.0002987008 0.2797229 0.0006240185 0.577714 0.09407005 0.0006949969 0.05594577 0.2096052 0.2616323 0.01488181 0.1712236 7.985071e-05 0.01262528 0.0001922332 0.008564728 0.1076772 0.0396444 0.3412257 0.2743789 0.02388719 0.06210315 0.0422913 0.02587459 0.008100411 0.0009641234 7.097841e-05 0.0003962961 7.393584e-05 1.182973e-05 3.54892e-05 0.001372249 0.0003164454 0.0009522936 0.0001153399 3.253177e-05 3.54892e-05 1.182973e-05 0.0005944442 0 0.0002040629 0.000422913 5.027637e-05 0.0002365947 7.393584e-05 2.365947e-05 3.253177e-05 0.0001360419 0.0075592 5.914867e-06 0.0007482307 0.002188501 0.008295601 0.0009670808 0.0007955497 2.957434e-06 2.070204e-05 0.000156744 0.00033419 0.0002691265 0.001688695 0.0001863183 0.001552653 0.0004140407 0.0003608069 0.0002632116 0.0001153399 2.66169e-05
2.957434e-05 0.01627476 0.00690265 4.731894e-05 2.365947e-05 8.872301e-05 0.001088336 0.0005766996 0.001771503 0.0005234658 0.08577445 0.000177446 0.08327542 0.0004672745 2.070204e-05 0.02871372 0.03725479 0.06902946 0.09096179 0.0001123825 0.04172643 0.005926697 0.1543721 0.02263915 0.00366426 0.2495187 0.1346608 0.01883294 0.0005648698 0.02840911 0.005926697 0.0003933387 1.77446e-05 0.003253177 0.002126395 0.3412257 0.0704786 0.1081859 0.03925697 0.01059353 0.001422526 0.001608844 0.001363377 1.478717e-05 6.506354e-05 5.323381e-05 0 0 0 2.365947e-05 8.872301e-06 2.365947e-05 8.872301e-06 0.0004524873 0 0.001413653 8.872301e-06 0 2.957434e-05 0.0001212548 0.0001035102 0.0001271696 0 0 5.914867e-06 2.070204e-05 8.872301e-05 0.0001389994 0.0005914867 0.001256909 9.168044e-05 1.182973e-05 5.914867e-06 0.0001744886 2.957434e-06 2.957434e-06 0.0001478717 2.957434e-06 0.003537091 0.009262682 0.001292399 1.77446e-05 5.914867e-06 0 0.001534908 2.957434e-06
0.001662078 0.002785903 0.06769861 0.01042495 0.001395909 0.01042791 0.1030252 0.02757511 0.008082666 0.07323197 0.1566257 0.01664148 0.03531767 0.01929725 0.0004731894 0.01125304 0.04135084 0.1271164 0.1636969 0.01117318 0.245884 0.001079463 0.4405186 0.048079 0.004220258 0.1235083 0.4161996 0.2504414 0.03939302 0.1270277 0.003871281 0.02810745 0.00112974 0.0806433 0.001253952 0.2743789 0.1081859 0.09210927 0.02355596 0.009153257 0.002025842 0.00209682 0.0007718902 0.0008606132 0.0001537866 0.0004731894 0.0002602542 1.478717e-05 7.097841e-05 0.002153012 0.0006269759 0.001277611 0.0003046157 7.689328e-05 0.0001271696 0.000109425 0.0006979543 8.872301e-06 0.0001892758 0.0009227193 8.576558e-05 0.0006299334 0.0002040629 4.43615e-05 1.77446e-05 0.0001537866 0.008854556 6.506354e-05 0.002312713 0.005716719 0.01224082 0.0009759531 0.0007541456 7.393584e-05 2.957434e-05 0.0001301271 0.0002306798 1.478717e-05 0.009342533 0.0001597014 0.001860226 0.0002927859 0.0004288279 0.00033419 5.914867e-06 1.77446e-05
6.506354e-05 0.0003016582 0.002014012 0.0008310389 7.097841e-05 0.00132493 0.0200307 0.001916417 0.001721226 0.004687532 0.005199168 0.0004791043 0.003785515 0.0007068266 8.872301e-05 0.0027652 0.004075344 0.00224765 0.00413745 0.0003933387 0.02598993 0.0001123825 0.05513544 0.01176171 0.0005382529 0.009724042 0.02274858 0.04592599 0.001017357 0.01588733 0.0002691265 0.001073548 3.54892e-05 0.001910502 0.001321973 0.02388719 0.03925697 0.02355596 0.005897123 0.001239165 0.0001064676 0.001484632 0.0001833609 0.000156744 2.070204e-05 5.914867e-05 8.872301e-06 0 8.872301e-06 0.0003046157 6.802097e-05 0.0002572967 2.365947e-05 1.478717e-05 8.872301e-06 2.957434e-06 0.0001449142 0 2.66169e-05 0.0001153399 5.914867e-06 7.393584e-05 1.182973e-05 0 2.957434e-06 1.478717e-05 0.001499419 0 0.0001892758 0.0004820617 0.001922332 0.0001330845 0.0001360419 0 0 2.957434e-05 4.731894e-05 2.957434e-06 0.000422913 1.77446e-05 0.0003105305 5.323381e-05 9.759531e-05 5.914867e-05 0 2.957434e-06
7.393584e-05 4.43615e-05 0.000313488 0.00934549 0.04430531 0.06618441 0.008171389 0.06176009 0.01388811 0.0201904 0.0003874238 0.0466062 0.001638418 0.003211773 0.009493362 3.253177e-05 0.0005145935 0.0001005527 0.0006565503 0.008339963 0.000156744 0.0001863183 0.0005737421 0.06000929 5.914867e-05 0.0009582085 0.001576312 0.02301475 0.01051663 0.000109425 1.77446e-05 0.03957342 2.365947e-05 0.001271696 8.872301e-06 0.06210315 0.01059353 0.009153257 0.001239165 0.009508149 0.003528218 0.001191846 0.0007304861 8.576558e-05 0 2.957434e-06 0.0002957434 0 7.689328e-05 0.0002513819 0.0001153399 0.0004998063 0.0003726366 5.914867e-06 0.0005500827 0 7.393584e-05 5.914867e-06 5.914867e-06 5.914867e-06 0 5.914867e-06 0.0003815089 0 0 8.872301e-06 0.001041017 0 1.77446e-05 7.689328e-05 0.001585184 8.280814e-05 5.619124e-05 0 1.478717e-05 8.872301e-06 2.957434e-05 5.914867e-06 0.000156744 8.872301e-06 0.0001389994 8.872301e-06 0.0008576558 3.844664e-05 2.957434e-06 5.914867e-06
8.872301e-06 0 2.957434e-05 0.0004051684 0.0009848254 0.005802485 0.003374432 0.009165087 0.0003785515 0.002253564 7.097841e-05 0.0009877828 7.689328e-05 0.0002070204 9.168044e-05 1.478717e-05 3.253177e-05 2.957434e-06 1.478717e-05 0.0004169981 0.000354892 5.914867e-06 0.0001064676 0.00146393 0 2.957434e-05 4.43615e-05 0.004276449 0.004306023 0.0002484244 0 0.04391789 0 0.0002898285 7.689328e-05 0.0422913 0.001422526 0.002025842 0.0001064676 0.003528218 2.957434e-06 0.0001685737 8.576558e-05 3.54892e-05 0 0 8.872301e-06 0 2.957434e-06 9.759531e-05 4.140407e-05 6.210611e-05 8.872301e-06 2.957434e-06 2.957434e-06 0 2.66169e-05 0 0 0 0 0 2.957434e-06 0 0 2.957434e-06 0.0003489772 0 2.957434e-06 0 0.0005323381 1.77446e-05 2.070204e-05 0 0 1.478717e-05 1.182973e-05 0 8.280814e-05 0 6.210611e-05 2.66169e-05 2.365947e-05 1.182973e-05 0 0
0 0.00623427 0 2.957434e-06 0 2.957434e-06 3.844664e-05 2.365947e-05 0.0002750413 8.872301e-06 0.002617329 5.914867e-06 0.007792838 2.957434e-06 2.957434e-06 1.182973e-05 2.957434e-06 0.0006949969 0.0002040629 8.872301e-06 3.253177e-05 0.001120867 0.0001153399 0.0002602542 0.00847009 0.000845826 7.097841e-05 4.731894e-05 2.957434e-06 8.872301e-06 0.0001951906 2.957434e-05 0 0.001265782 0.000245467 0.02587459 0.001608844 0.00209682 0.001484632 0.001191846 0.0001685737 1.77446e-05 0.0001035102 0 1.182973e-05 0 0 0 0 0 0 0 0 1.182973e-05 0 1.77446e-05 0 0 0 0 0 1.182973e-05 0 0 0 0 2.957434e-06 2.957434e-06 1.182973e-05 0.0001035102 0 0 0 0 0 0 1.478717e-05 0 0.0001242122 4.43615e-05 5.914867e-05 5.914867e-06 2.957434e-06 2.957434e-06 1.478717e-05 0
0 0 3.253177e-05 1.77446e-05 0 3.54892e-05 0.0004791043 6.506354e-05 3.253177e-05 4.43615e-05 2.957434e-06 5.914867e-06 2.957434e-05 1.182973e-05 2.957434e-06 0.0001597014 5.323381e-05 1.182973e-05 2.070204e-05 0 0.0007245712 2.957434e-06 0.001724184 0.0002277224 2.957434e-06 4.731894e-05 0.0004258704 0.0007156989 5.027637e-05 0.000313488 0 3.253177e-05 2.957434e-06 4.731894e-05 0.001422526 0.008100411 0.001363377 0.0007718902 0.0001833609 0.0007304861 8.576558e-05 0.0001035102 2.957434e-05 2.957434e-06 0 0 0 0 0 2.957434e-06 0 2.957434e-06 0 0 0 0 2.957434e-06 0 0 0 0 0 2.957434e-06 0 0 2.957434e-06 3.253177e-05 0 2.957434e-06 5.914867e-06 4.140407e-05 5.914867e-06 2.957434e-06 0 0 0 0 2.957434e-06 2.365947e-05 0 8.872301e-06 5.914867e-06 0 0 0 0
