0.002575601 0 0.004952774 0.0001706485 0 0.0003849512 0.03954282 0.01517978 0.0004524169 0.000690531 0.0003095484 1.587428e-05 4.762283e-05 0.06716009 0 5.952853e-05 0.008163346 0.0002777998 0.001265973 5.15914e-05 0.0004722597 7.937138e-06 0.005198825 0.003162949 0 0.001766013 0.0002381141 0.006643384 0.0441662 0.0525002 5.952853e-05 0.0003016112 0.0003293912 0.002559727 0 0.0005873482 6.34971e-05 0.001321533 0.0001587428 1.190571e-05 2.381141e-05 3.968569e-06 0 0 3.968569e-06 0 3.968569e-06 0 1.190571e-05 0.0008492738 3.968569e-05 0.0002619255 7.937138e-06 1.587428e-05 3.968569e-06 3.968569e-06 3.174855e-05 0 4.365426e-05 0 0 0 7.937138e-06 0 1.984284e-05 3.968569e-06 0.001559648 0 2.381141e-05 2.777998e-05 0.0008611795 7.937138e-05 3.968569e-06 0 3.968569e-06 0 0.0001706485 0 0.0002381141 1.984284e-05 0.0003135169 2.777998e-05 6.746567e-05 3.174855e-05 0 7.937138e-06
0 0.001309628 0.000746091 0 1.587428e-05 7.937138e-06 3.968569e-05 1.587428e-05 0.07583142 3.968569e-06 0.002154933 0 0.0266291 3.968569e-06 0.0003690769 0.0003254227 0.0004127312 2.777998e-05 8.333995e-05 0 7.937138e-06 0.09655925 0.0001190571 0.07978014 0.02258116 0.001297722 0.08094293 0.0002658941 1.587428e-05 7.937138e-06 6.746567e-05 0 7.937138e-06 0.0002143027 0 0.0005913168 0.0006944996 0.00379792 9.921422e-05 0.0001547742 3.968569e-06 0.003734423 1.587428e-05 0 0.0002341456 0.000174617 1.984284e-05 0 0 7.937138e-05 7.937138e-06 0.0001785856 6.746567e-05 0.0001230256 7.937138e-06 0.0002182713 3.968569e-06 0 2.381141e-05 3.968569e-06 1.587428e-05 0.0001309628 6.34971e-05 0 0.0001666799 2.777998e-05 0.0002817684 5.952853e-05 0.000865148 0.00399238 0.0001587428 1.587428e-05 0 0.0001349313 0 0 5.952853e-05 0 2.381141e-05 2.381141e-05 5.15914e-05 0 7.937138e-06 0 3.968569e-06 0
0.004952774 0.000746091 0.04514247 1.984284e-05 0 0.003786015 0.1315858 0.07368442 0.0001508056 0.00149615 0.0008095881 5.15914e-05 0.0005000397 0.08408207 7.937138e-06 0.0009921422 0.2538178 0.001900945 0.02307326 1.984284e-05 0.0209342 0.0008810223 0.2108104 0.002012064 2.777998e-05 0.1794746 0.1200373 0.02710136 0.01457259 0.1277363 8.730852e-05 0.0004087626 0.0003333598 0.05971903 0.0002976427 0.09802762 0.05148821 0.07643464 0.02731169 0.003055798 9.127709e-05 5.952853e-05 0.0005873482 0 0.007583935 0.007171204 3.968569e-06 0 1.190571e-05 9.524565e-05 2.381141e-05 0.0003611398 1.190571e-05 1.587428e-05 3.968569e-06 2.381141e-05 1.984284e-05 7.937138e-06 0.001091356 0.0004841654 3.968569e-06 0.0001825542 1.190571e-05 2.777998e-05 0.001623145 0.001750139 0.001341376 1.190571e-05 0.01514803 0.06431463 0.0001587428 5.15914e-05 7.937138e-06 2.777998e-05 3.968569e-06 3.968569e-06 0.000257957 2.381141e-05 0.0004444797 0.0003333598 0.0004246369 0.0001468371 2.777998e-05 3.968569e-06 3.968569e-06 3.968569e-06
0.0001706485 0 1.984284e-05 0.01069926 0.0008294309 0.009115803 0.002805778 0.006639416 0.04168585 0.04038019 0.0008572109 0.05219462 0.0008175252 0.004194777 0.008409398 7.937138e-06 1.587428e-05 0.0003611398 0.0001428685 0.08407016 7.937138e-06 3.968569e-06 6.746567e-05 0.02949837 3.174855e-05 0.0008135566 0.0002222399 0.03105008 0.01631082 0.0001706485 0.0001547742 0.001182634 0.0004643226 0.0125248 7.937138e-06 0.009774585 0.0007143424 0.02071196 0.004147155 0.01194539 0.001619176 1.190571e-05 0.0001031828 1.190571e-05 1.984284e-05 7.937138e-06 0.003532026 0 0.0003968569 0.001766013 0.0005754425 0.00174617 0.007214858 6.746567e-05 0.003786015 1.190571e-05 0.0004801968 5.15914e-05 0 0 1.984284e-05 3.968569e-06 0.008131598 0 2.381141e-05 3.968569e-06 0.005762362 0 9.524565e-05 9.524565e-05 0.008508612 0.0005317882 3.968569e-06 3.968569e-06 5.952853e-05 3.968569e-06 0.0006111596 0 5.952853e-05 0 0.0003412969 0 0.0001349313 1.190571e-05 3.968569e-06 3.968569e-06
0 1.587428e-05 0 0.0008294309 0 0.0002539884 0.0003849512 3.174855e-05 0.002952615 0.0003095484 7.937138e-05 0.001793793 1.190571e-05 3.968569e-06 0.03340344 0 0 7.937138e-06 1.190571e-05 0.000515914 0 1.587428e-05 0 0.001361219 1.190571e-05 3.174855e-05 8.333995e-05 0.0008730852 1.984284e-05 7.937138e-06 0 0.001154854 0 3.174855e-05 0 0.0001111199 0 7.143424e-05 1.984284e-05 0.01862449 0 0 0 0 0 0 0 7.937138e-06 0 3.968569e-06 0 1.190571e-05 0 0 0 0 0 7.937138e-06 0 0 0 0 0 0 0 0 7.937138e-06 0 3.968569e-06 0 7.937138e-06 0 0 0 0 0 3.968569e-06 0.0003095484 0 0 7.937138e-06 0 0 3.968569e-06 0 0
0.0003849512 7.937138e-06 0.003786015 0.009115803 0.0002539884 0.1814231 0.06660449 0.08510199 0.00282959 0.2649853 0.003361378 0.1120486 0.001099294 0.009480911 0.01429082 7.937138e-06 0.001091356 0.001186602 0.0008175252 0.03285975 0.0001428685 2.381141e-05 0.0008333995 0.004940868 6.746567e-05 0.002932772 0.0008730852 0.03118105 0.01198905 0.0007103738 0.0004286054 0.02103342 0.000257957 0.01180252 0 0.007833955 0.000746091 0.0141162 0.0009127709 0.02341853 0.00402016 1.190571e-05 0.0001190571 1.587428e-05 1.190571e-05 7.937138e-06 7.937138e-05 0 6.746567e-05 0.0008453052 0.0001508056 0.0002817684 0.0003055798 7.937138e-05 0.0001627113 1.190571e-05 0.0001944599 0 1.587428e-05 3.968569e-06 1.587428e-05 1.587428e-05 0.0002063656 0 7.937138e-06 7.937138e-06 0.002369236 3.968569e-06 8.333995e-05 5.15914e-05 0.001512025 0.0004365426 0 3.968569e-06 4.762283e-05 1.984284e-05 0.0005516311 0 0.0001230256 1.587428e-05 0.0004524169 1.587428e-05 9.921422e-05 3.174855e-05 3.968569e-06 0
0.03954282 3.968569e-05 0.1315858 0.002805778 0.0003849512 0.06660449 0.1249583 0.2658941 0.0367807 0.09458687 0.004000317 0.001381062 0.00299627 0.3769466 0.003603461 0.0005238511 0.01019922 0.001646956 0.002154933 0.0005635368 0.03724502 0.000230177 0.07783951 0.1009802 6.34971e-05 0.01479482 0.02202556 0.2861537 0.1981348 0.04418208 0.000690531 0.004107469 0.02080721 0.1053219 0.0001428685 0.07473212 0.004758314 0.1331574 0.03578459 0.004373363 0.005349631 0.0001468371 0.0005635368 0.0003095484 7.937138e-05 8.730852e-05 0.002452576 7.937138e-06 0.001722359 0.01746964 0.004111437 0.008449083 0.008258592 0.001226288 0.001071514 5.952853e-05 0.003730455 3.571712e-05 0.000257957 1.984284e-05 0.0001468371 0.0001349313 0.005738551 1.984284e-05 0.000202397 0.0003214541 0.04380903 1.587428e-05 0.001337408 0.001047702 0.02597032 0.007560124 0.0001071514 8.333995e-05 0.0006984681 0.0002262084 0.00912374 7.937138e-06 0.00216287 9.524565e-05 0.008580046 0.0002777998 0.001527899 0.0005635368 3.968569e-06 7.540281e-05
0.01517978 1.587428e-05 0.07368442 0.006639416 3.174855e-05 0.08510199 0.2658941 0.1792047 0.003401064 0.08608223 0.003524089 0.04517025 0.0006548139 0.02542265 0.005567902 0.0001111199 0.02967299 0.001408842 0.004690848 0.02033495 0.002408921 0.0001468371 0.01923565 0.02549806 5.555997e-05 0.01451306 0.002654973 0.04650766 0.02208509 0.03105405 0.0004127312 0.008810223 0.001166759 0.01265577 7.937138e-06 0.01720771 0.001285816 0.01493769 0.002694658 0.01073498 0.001138979 3.968569e-05 0.0001627113 8.333995e-05 1.984284e-05 1.587428e-05 9.921422e-05 0 0.0002143027 0.005786174 0.0004960711 0.001754107 0.0003968569 0.0002500198 7.540281e-05 3.174855e-05 0.0007421224 3.968569e-06 7.937138e-05 1.190571e-05 2.777998e-05 3.968569e-05 0.0001508056 1.587428e-05 3.174855e-05 3.174855e-05 0.01443765 0 0.0003293912 0.0001666799 0.007738709 0.001658862 2.381141e-05 3.571712e-05 0.0001865227 5.555997e-05 0.001877133 0 0.001055639 5.555997e-05 0.002452576 0.0001150885 0.0004524169 0.0002222399 1.984284e-05 3.968569e-05
0.0004524169 0.07583142 0.0001508056 0.04168585 0.002952615 0.00282959 0.0367807 0.003401064 0.005738551 0.01173109 0.0006389396 0.01315184 0.007980792 0.002893087 0.00609969 0.0006270339 0.0001666799 0.0001190571 6.746567e-05 0.02616874 0.0003968569 0.04185253 0.0001666799 0.1099214 0.008810223 0.004988491 0.05991349 0.06646162 0.005794111 0.00288515 0.0001627113 0.0001904913 0.0007500595 0.003270101 1.984284e-05 0.005436939 0.001043734 0.005155171 0.001599333 0.006798159 0.0002619255 0.0005516311 2.381141e-05 0.0001547742 0.0006190968 0.0001031828 0.002266053 0 0.000202397 0.00399238 0.0005833796 0.0008333995 0.003369315 0.000174617 0.001873165 9.921422e-05 0.0005357568 2.777998e-05 0.0006270339 2.381141e-05 2.381141e-05 0.0001150885 0.004829748 4.762283e-05 0.0004484483 2.381141e-05 0.02390269 1.984284e-05 0.001198508 0.002345424 0.01048893 0.001976347 0.0001111199 8.730852e-05 7.540281e-05 0.0001547742 0.001504088 3.968569e-06 0.000948488 0.0001031828 0.002258116 0.0001587428 0.000174617 0.0001587428 3.968569e-06 4.365426e-05
0.000690531 3.968569e-06 0.00149615 0.04038019 0.0003095484 0.2649853 0.09458687 0.08608223 0.01173109 0.2545162 0.009298357 0.04590841 0.00615525 0.05199619 0.002464481 1.190571e-05 0.0002619255 0.003615366 0.002281927 0.09002699 0.0001587428 1.587428e-05 0.0005119454 0.005405191 9.921422e-05 0.008619732 0.002575601 0.07763711 0.09024526 0.0006032225 0.001587428 0.007619652 0.0006944996 0.0786491 3.174855e-05 0.01693388 0.003349472 0.09704738 0.008262561 0.01021907 0.007651401 0.0001230256 0.0001785856 1.190571e-05 1.190571e-05 3.968569e-06 0.003012144 0 0.0004801968 0.002516073 0.0009842051 0.001150885 0.007770458 0.0001309628 0.00230177 3.968569e-05 0.0007579967 1.587428e-05 0 0 2.777998e-05 1.984284e-05 0.006774347 0 1.190571e-05 7.937138e-06 0.005210731 3.968569e-06 0.0002222399 0.0001190571 0.007528375 0.0009802365 3.968569e-06 1.984284e-05 0.0001031828 1.587428e-05 0.001055639 7.937138e-06 0.0001031828 1.984284e-05 0.0004801968 7.937138e-06 0.0001190571 1.984284e-05 1.190571e-05 0
0.0003095484 0.002154933 0.0008095881 0.0008572109 7.937138e-05 0.003361378 0.004000317 0.003524089 0.0006389396 0.009298357 0.1675054 0.004417017 0.04855147 0.001373125 0.0002619255 1.190571e-05 0.005702834 0.03918962 0.01125883 0.002698627 5.952853e-05 0.000920708 0.000285737 0.002170807 0.01290579 0.05179776 0.01324708 0.002948647 0.002206524 0.0006587824 0.01619573 0.004016192 3.571712e-05 0.08307008 0 0.006829907 0.06324708 0.06812445 0.005369474 0.0004801968 1.587428e-05 0.004012223 3.174855e-05 1.190571e-05 0.001162791 1.190571e-05 7.937138e-06 0 2.381141e-05 0.0004246369 5.555997e-05 0.0002738313 4.365426e-05 0.009060243 7.937138e-06 0.0326891 4.365426e-05 3.968569e-06 0 1.587428e-05 0.001238194 0.000202397 7.937138e-06 0 0.0004722597 0 0.001103262 0.006000476 0.003944758 0.01256846 0.0003968569 0.0001150885 3.968569e-06 0.006480673 7.937138e-06 7.937138e-06 0.000174617 3.968569e-06 0.0001706485 0.004182872 0.0003968569 3.174855e-05 2.381141e-05 1.190571e-05 0.001428685 3.968569e-06
1.587428e-05 0 5.15914e-05 0.05219462 0.001793793 0.1120486 0.001381062 0.04517025 0.01315184 0.04590841 0.004417017 0.0590404 0.002289864 0.01259227 0.005913168 0 4.365426e-05 0.001615208 0.001059608 0.152147 0 1.587428e-05 1.190571e-05 0.003659021 5.15914e-05 0.003829669 0.0009167394 0.01387809 0.01785459 2.777998e-05 0.0006111596 0.005631399 1.587428e-05 0.01869196 0 0.0006032225 0.0008135566 0.01096912 0.0002539884 0.02743075 0.002456544 2.777998e-05 1.190571e-05 0 0 3.968569e-06 0.0004841654 0 3.174855e-05 0.0001508056 7.143424e-05 0.0002817684 0.0007421224 1.587428e-05 0.001440591 2.777998e-05 3.174855e-05 0 0 0 0 0 0.001051671 0 3.968569e-06 0 0.0004921025 1.190571e-05 2.381141e-05 3.571712e-05 0.0006944996 5.952853e-05 0 7.937138e-06 7.937138e-06 0 7.937138e-05 0 3.968569e-06 7.937138e-06 2.777998e-05 0 4.365426e-05 0 3.968569e-06 0
4.762283e-05 0.0266291 0.0005000397 0.0008175252 1.190571e-05 0.001099294 0.00299627 0.0006548139 0.007980792 0.00615525 0.04855147 0.002289864 0.02841892 0.0002341456 0.0001785856 3.174855e-05 0.0001984284 0.0004682911 0.0005635368 0.001670768 0.0001349313 0.01276292 0.0002341456 0.006611636 0.08142313 0.003520121 0.02856973 0.00288515 0.0003968569 0.000174617 0.0115525 0.0005595682 1.984284e-05 0.01412414 0.0003532026 0.01849353 0.03352647 0.02671244 0.001162791 0.0007699024 5.15914e-05 0.00282959 0.0002738313 7.937138e-06 0.002897055 2.777998e-05 1.984284e-05 3.968569e-06 3.174855e-05 0.0002698627 5.952853e-05 0.0005635368 4.365426e-05 0.01878324 7.937138e-06 0.05913565 0.0001230256 7.937138e-06 3.968569e-05 7.937138e-06 0.005163108 0.0009365823 2.777998e-05 7.937138e-06 0.0009326137 2.381141e-05 0.001373125 0.01823954 0.02641479 0.05529804 0.0003968569 0.0001706485 1.190571e-05 0.0249623 2.777998e-05 3.968569e-06 0.0002063656 7.937138e-05 0.0004206683 0.004012223 0.002873244 0.00152393 3.174855e-05 0.0002063656 0.001254068 0
0.06716009 3.968569e-06 0.08408207 0.004194777 3.968569e-06 0.009480911 0.3769466 0.02542265 0.002893087 0.05199619 0.001373125 0.01259227 0.0002341456 0.03960632 0.001011985 0.0002222399 0.05305977 0.001051671 0.007556155 0.008726883 0.002904992 8.730852e-05 0.03703469 0.02316454 3.174855e-05 0.01470355 0.00232955 0.04921025 0.05147631 0.131689 0.0001785856 0.001396936 0.001138979 0.008861814 7.937138e-06 0.01069132 0.0007064053 0.01207636 0.002242241 0.003750298 0.001202476 1.587428e-05 7.937138e-05 5.555997e-05 7.937138e-06 1.587428e-05 2.777998e-05 0 0.0001309628 0.006492579 0.0003254227 0.001900945 0.0002262084 0.0002341456 4.762283e-05 1.190571e-05 0.0005000397 0 0.0001150885 0 3.571712e-05 3.174855e-05 0.0001428685 1.587428e-05 8.730852e-05 4.762283e-05 0.0136995 0 0.000257957 0.0001508056 0.007798238 0.001182634 3.174855e-05 1.587428e-05 0.0001309628 2.381141e-05 0.001515993 0 0.001385031 0.0001111199 0.002531947 0.0001071514 0.000377014 0.000202397 0 7.937138e-06
0 0.0003690769 7.937138e-06 0.008409398 0.03340344 0.01429082 0.003603461 0.005567902 0.00609969 0.002464481 0.0002619255 0.005913168 0.0001785856 0.001011985 0.0087626 0 3.968569e-06 9.921422e-05 5.15914e-05 0.005686959 0 0.0001984284 1.190571e-05 0.01172712 7.937138e-05 0.0002936741 0.0006984681 0.007774427 0.001027859 1.587428e-05 5.15914e-05 0.01277085 1.587428e-05 0.001035796 0 0.0001388999 7.143424e-05 0.0004762283 6.746567e-05 0.02316057 0.002583538 0 0 0 1.984284e-05 3.968569e-06 3.968569e-06 0 0 1.190571e-05 0 7.937138e-06 0 0 7.937138e-06 7.937138e-06 0 0 0 0 0 0 1.587428e-05 0 0 0 1.190571e-05 0 2.381141e-05 3.968569e-05 7.937138e-06 3.968569e-06 0 0 0 0 7.937138e-06 0 7.937138e-06 3.968569e-06 1.984284e-05 0 0 0 0 0
5.952853e-05 0.0003254227 0.0009921422 7.937138e-06 0 7.937138e-06 0.0005238511 0.0001111199 0.0006270339 1.190571e-05 1.190571e-05 0 3.174855e-05 0.0002222399 0 0.04013414 0.0008968966 1.190571e-05 8.730852e-05 7.937138e-06 0.06570363 0.05082149 0.03245893 0.05169458 7.937138e-06 0.0002182713 0.02763315 0.02945472 0.000634971 0.02590682 3.968569e-06 7.937138e-06 7.143424e-05 0.008099849 0.0007103738 0.1193388 0.0495079 0.03173665 0.01919994 0.00202397 1.190571e-05 2.381141e-05 0.0006111596 0 0.0001547742 0.0003889198 0 0 3.968569e-06 0.000515914 1.587428e-05 0.0004246369 0 3.968569e-06 0 0 1.587428e-05 0 0.1333003 0.0001150885 3.968569e-06 7.937138e-06 0 0.007718867 0.04238035 0.07041035 0.008020478 0 0.0001666799 0.02583142 0.006278276 1.984284e-05 0.0008413366 3.968569e-06 0 1.587428e-05 0.0004484483 0.0001388999 0.003420906 0.003504246 0.001131042 0.000285737 1.190571e-05 3.174855e-05 0 4.762283e-05
0.008163346 0.0004127312 0.2538178 1.587428e-05 0 0.001091356 0.01019922 0.02967299 0.0001666799 0.0002619255 0.005702834 4.365426e-05 0.0001984284 0.05305977 3.968569e-06 0.0008968966 0.007381538 0.00149615 0.02645845 2.777998e-05 0.01489404 0.0008968966 0.0176006 0.001353282 3.571712e-05 0.0447099 0.2389277 0.001908882 0.04013017 0.1169974 0.0001071514 0.0002976427 0.001075482 0.03823716 0 0.004468609 0.009211048 0.007738709 0.001135011 0.0001428685 5.555997e-05 3.968569e-06 3.968569e-06 0 0.005516311 0.00665529 0 0 0 0.0001587428 7.937138e-06 0.0001666799 3.968569e-06 1.587428e-05 0 4.762283e-05 7.937138e-06 0 0.000515914 0.001587428 1.190571e-05 0.001440591 0 7.540281e-05 0.001027859 0.001472339 0.0007222795 5.15914e-05 0.04112231 0.08731249 0.0001508056 1.190571e-05 0.0001071514 5.15914e-05 0 3.968569e-06 0.0004563854 2.777998e-05 0.0005635368 0.0003412969 0.0007262481 0.0003492341 7.937138e-06 7.937138e-06 3.968569e-06 3.968569e-06
0.0002777998 2.777998e-05 0.001900945 0.0003611398 7.937138e-06 0.001186602 0.001646956 0.001408842 0.0001190571 0.003615366 0.03918962 0.001615208 0.0004682911 0.001051671 9.921422e-05 1.190571e-05 0.00149615 0.0002936741 0.003448686 0.001138979 0.0001071514 3.174855e-05 0.0003333598 0.0008056195 0.001337408 0.04919041 0.01293753 0.001198508 0.001194539 0.001309628 0.001916819 0.0008532423 1.984284e-05 0.03786808 1.984284e-05 0.0159973 0.03668942 0.05151996 0.01260417 0.0004682911 3.968569e-06 2.381141e-05 3.968569e-05 1.190571e-05 0.0001269942 1.984284e-05 7.937138e-06 0 3.968569e-06 0.0001428685 2.381141e-05 4.365426e-05 2.381141e-05 0.0001904913 7.937138e-06 0.0003928883 2.777998e-05 0 3.968569e-06 3.174855e-05 0.0007341853 0.001051671 1.190571e-05 0 4.365426e-05 1.984284e-05 0.0002738313 0.0003135169 0.005440908 0.007655369 0.0001984284 6.746567e-05 7.937138e-06 0.001154854 3.968569e-06 7.937138e-06 7.937138e-05 0 0.0001666799 5.15914e-05 0.0001111199 2.381141e-05 1.587428e-05 7.937138e-06 7.937138e-06 0
0.001265973 8.333995e-05 0.02307326 0.0001428685 1.190571e-05 0.0008175252 0.002154933 0.004690848 6.746567e-05 0.002281927 0.01125883 0.001059608 0.0005635368 0.007556155 5.15914e-05 8.730852e-05 0.02645845 0.003448686 0.01556076 0.0005952853 0.001361219 9.921422e-05 0.002738313 0.0005278197 0.001222319 0.09321772 0.07000952 0.0007699024 0.007302167 0.01367172 0.001230256 0.0005079768 9.921422e-05 0.1795976 7.937138e-06 0.03420906 0.06249306 0.1021152 0.01276292 0.0008730852 1.190571e-05 1.984284e-05 0.0001111199 0 0.0007897452 0.0002777998 0 0 1.587428e-05 9.524565e-05 1.190571e-05 6.746567e-05 1.190571e-05 0.0001627113 0 0.0001904913 3.968569e-06 0 3.571712e-05 0.0002817684 0.0004127312 0.002992301 0 1.984284e-05 8.333995e-05 0.0001111199 0.000230177 0.000377014 0.01178665 0.01537424 9.524565e-05 2.381141e-05 2.777998e-05 0.0005357568 0 0 7.540281e-05 0 0.000285737 9.524565e-05 0.000174617 6.34971e-05 7.937138e-06 0 7.937138e-06 0
5.15914e-05 0 1.984284e-05 0.08407016 0.000515914 0.03285975 0.0005635368 0.02033495 0.02616874 0.09002699 0.002698627 0.152147 0.001670768 0.008726883 0.005686959 7.937138e-06 2.777998e-05 0.001138979 0.0005952853 0.02193825 0 3.968569e-06 1.984284e-05 0.004639257 3.174855e-05 0.002281927 0.0007064053 0.03356219 0.01416779 3.968569e-05 0.0004286054 0.002583538 3.174855e-05 0.01562029 3.968569e-06 0.002277959 0.0006984681 0.01549329 0.000892928 0.02322407 0.001738233 3.174855e-05 3.174855e-05 0 3.968569e-06 3.968569e-06 0.001924756 0 0.0002460513 0.0009564251 0.0003452655 0.0007143424 0.004226526 5.555997e-05 0.002821653 7.937138e-06 0.000230177 7.937138e-06 0 0 2.777998e-05 7.937138e-06 0.004762283 0 3.968569e-06 0 0.002547821 0 8.730852e-05 3.571712e-05 0.004524169 0.0003254227 0 3.968569e-06 3.174855e-05 3.968569e-06 0.0003968569 0 1.984284e-05 1.190571e-05 0.000174617 7.937138e-06 7.540281e-05 7.937138e-06 0 0
0.0004722597 7.937138e-06 0.0209342 7.937138e-06 0 0.0001428685 0.03724502 0.002408921 0.0003968569 0.0001587428 5.952853e-05 0 0.0001349313 0.002904992 0 0.06570363 0.01489404 0.0001071514 0.001361219 0 0.2149496 0.002516073 0.3216406 0.000948488 7.937138e-06 0.0005873482 0.03201048 0.04447575 0.003321692 0.3423486 1.190571e-05 3.968569e-06 0.000746091 0.1396143 0.001011985 0.14571 0.02561711 0.2557386 0.04713469 0.001456465 7.143424e-05 6.746567e-05 0.001238194 0 1.190571e-05 5.555997e-05 0 0 0 0.0005794111 1.984284e-05 0.0005278197 3.968569e-06 3.968569e-06 0 0 1.190571e-05 3.968569e-06 0.01243353 1.587428e-05 3.968569e-06 3.968569e-06 0 0.001833479 0.004960711 0.00393682 0.005087705 0 3.968569e-05 0.002242241 0.002266053 3.174855e-05 0.0005675054 0 3.968569e-06 0 0.0002341456 4.365426e-05 0.00238511 0.001246131 0.0006786253 0.0001388999 1.984284e-05 1.984284e-05 0 2.381141e-05
7.937138e-06 0.09655925 0.0008810223 3.968569e-06 1.587428e-05 2.381141e-05 0.000230177 0.0001468371 0.04185253 1.587428e-05 0.000920708 1.587428e-05 0.01276292 8.730852e-05 0.0001984284 0.05082149 0.0008968966 3.174855e-05 9.921422e-05 3.968569e-06 0.002516073 0.01453687 0.01371141 0.1259267 0.01517978 0.001988253 0.1352488 0.003750298 0.0002103342 0.002377173 0.0001031828 1.984284e-05 2.381141e-05 0.001619176 4.365426e-05 0.009298357 0.003365346 0.004821811 0.001825542 0.0002539884 1.587428e-05 0.001412811 4.365426e-05 0 0.001123105 0.001400905 1.587428e-05 0 2.381141e-05 0.0002777998 3.571712e-05 0.0003135169 3.174855e-05 9.127709e-05 1.587428e-05 0.0001388999 5.952853e-05 0 0.02460116 5.15914e-05 1.587428e-05 7.937138e-05 6.34971e-05 0.002547821 0.008699103 0.009334074 0.003464561 7.143424e-05 0.001011985 0.03020875 0.002428764 0.0001031828 0.0003055798 6.746567e-05 3.968569e-06 1.587428e-05 0.0002460513 7.937138e-06 0.001131042 0.0009088023 0.0005714739 8.730852e-05 7.937138e-06 7.937138e-06 3.968569e-06 3.968569e-06
0.005198825 0.0001190571 0.2108104 6.746567e-05 0 0.0008333995 0.07783951 0.01923565 0.0001666799 0.0005119454 0.000285737 1.190571e-05 0.0002341456 0.03703469 1.190571e-05 0.03245893 0.0176006 0.0003333598 0.002738313 1.984284e-05 0.3216406 0.01371141 0.3107509 0.01048893 7.937138e-06 0.01201683 0.4554488 0.1346218 0.01353282 0.2698984 4.365426e-05 0.0001547742 0.001646956 0.1165926 0.002281927 0.3793198 0.09690848 0.4175173 0.1801095 0.007881578 0.0001150885 9.921422e-05 0.002520041 1.190571e-05 0.0003849512 0.005738551 0 0 3.968569e-06 0.0003333598 1.587428e-05 0.0001627113 2.381141e-05 1.984284e-05 3.968569e-06 0 3.571712e-05 0 0.05956028 0.0001388999 3.968569e-06 2.777998e-05 1.190571e-05 0.001793793 0.01721168 0.07004524 0.002750218 3.968569e-06 0.0004206683 0.07971664 0.002174776 6.34971e-05 0.0001547742 3.968569e-06 7.937138e-06 7.937138e-06 0.0005000397 0.0003730455 0.001305659 0.002504167 0.0009643623 0.0004722597 2.381141e-05 1.984284e-05 3.968569e-06 3.968569e-06
0.003162949 0.07978014 0.002012064 0.02949837 0.001361219 0.004940868 0.1009802 0.02549806 0.1099214 0.005405191 0.002170807 0.003659021 0.006611636 0.02316454 0.01172712 0.05169458 0.001353282 0.0008056195 0.0005278197 0.004639257 0.000948488 0.1259267 0.01048893 0.06804508 0.006036193 0.009425351 0.140031 0.1013533 0.06225494 0.03897928 0.0004841654 0.002448607 0.009627748 0.04175728 0.0002182713 0.0792801 0.01221922 0.05499246 0.01944202 0.0093182 0.002531947 0.0003532026 0.0004722597 0.0006468767 0.001504088 0.000460354 0.00160727 3.968569e-06 0.001341376 0.02927216 0.00266291 0.02518454 0.003805858 0.001238194 0.001726327 0.0001468371 0.003321692 6.746567e-05 0.01698151 9.127709e-05 0.000174617 0.000174617 0.004012223 0.002797841 0.01493372 0.001254068 0.09916263 3.571712e-05 0.003004207 0.007667275 0.04010636 0.009746805 0.001301691 0.0001785856 0.0008135566 0.0007738709 0.01158822 3.571712e-05 0.01400905 0.004036035 0.0176641 0.0009048337 0.001853322 0.001091356 3.968569e-06 0.0002063656
0 0.02258116 2.777998e-05 3.174855e-05 1.190571e-05 6.746567e-05 6.34971e-05 5.555997e-05 0.008810223 9.921422e-05 0.01290579 5.15914e-05 0.08142313 3.174855e-05 7.937138e-05 7.937138e-06 3.571712e-05 0.001337408 0.001222319 3.174855e-05 7.937138e-06 0.01517978 7.937138e-06 0.006036193 0.004754346 0.001789825 0.02862926 2.381141e-05 3.968569e-05 3.968569e-06 0.003317724 9.524565e-05 0 0.002643067 0 0.0006389396 0.001416779 0.01281054 0.0001627113 3.174855e-05 3.968569e-06 0.01290579 3.968569e-06 0 0.0002738313 0 0 0 3.968569e-06 3.968569e-06 0 4.762283e-05 3.968569e-06 0.0004563854 0 0.001956504 3.968569e-06 0 3.968569e-06 7.937138e-06 0.0001309628 0.0003452655 1.587428e-05 0 5.15914e-05 0 0.0001031828 0.0003016112 0.002027939 0.005155171 1.984284e-05 7.937138e-06 0 0.001019922 3.968569e-06 0 7.937138e-06 0 3.968569e-05 6.34971e-05 5.555997e-05 1.190571e-05 3.968569e-06 0 7.937138e-06 0
0.001766013 0.001297722 0.1794746 0.0008135566 3.174855e-05 0.002932772 0.01479482 0.01451306 0.004988491 0.008619732 0.05179776 0.003829669 0.003520121 0.01470355 0.0002936741 0.0002182713 0.0447099 0.04919041 0.09321772 0.002281927 0.0005873482 0.001988253 0.01201683 0.009425351 0.001789825 0.3320978 0.2549329 0.003643146 0.008072069 0.01611636 0.001416779 0.001956504 0.0001627113 0.2405588 0.0001627113 0.1471188 0.3102945 0.2891182 0.06157632 0.003857449 1.984284e-05 0.0009088023 0.0004484483 1.190571e-05 0.01174696 0.002587507 7.937138e-06 0 3.174855e-05 0.0006230653 3.968569e-05 0.0004762283 7.540281e-05 0.002289864 2.777998e-05 0.006028256 7.937138e-05 1.190571e-05 0.0001309628 0.00207953 0.005960791 0.02186681 1.587428e-05 0.0001904913 0.0005754425 0.0003452655 0.001527899 0.001928725 0.1104254 0.1579967 0.0006111596 0.0001785856 0.0005000397 0.0086237 3.968569e-06 1.190571e-05 0.0005675054 2.777998e-05 0.001833479 0.001154854 0.00171839 0.0006151282 4.365426e-05 7.937138e-06 3.968569e-05 7.937138e-06
0.0002381141 0.08094293 0.1200373 0.0002222399 8.333995e-05 0.0008730852 0.02202556 0.002654973 0.05991349 0.002575601 0.01324708 0.0009167394 0.02856973 0.00232955 0.0006984681 0.02763315 0.2389277 0.01293753 0.07000952 0.0007064053 0.03201048 0.1352488 0.4554488 0.140031 0.02862926 0.2549329 0.367045 0.06731883 0.002150964 0.006171125 0.00915152 0.0005436939 0.0006310025 0.1774942 0.001313596 0.4081514 0.4661203 0.3349075 0.1274823 0.01207636 5.952853e-05 0.001107231 0.001877133 2.777998e-05 0.09603937 0.04871418 7.143424e-05 0 3.968569e-05 0.001087388 0.0001071514 0.002670847 0.0001865227 0.007774427 3.968569e-05 0.01983094 8.730852e-05 9.127709e-05 0.03400667 0.005992539 0.01063973 0.06244543 0.0001428685 0.0006111596 0.06360822 0.06267561 0.009266608 0.01948567 0.339896 0.9507024 0.001881102 0.0001904913 0.0009365823 0.02399 3.571712e-05 1.190571e-05 0.003234384 0.0002619255 0.007083896 0.007619652 0.00754425 0.002944678 0.0001071514 7.937138e-06 0.0002381141 2.381141e-05
0.006643384 0.0002658941 0.02710136 0.03105008 0.0008730852 0.03118105 0.2861537 0.04650766 0.06646162 0.07763711 0.002948647 0.01387809 0.00288515 0.04921025 0.007774427 0.02945472 0.001908882 0.001198508 0.0007699024 0.03356219 0.04447575 0.003750298 0.1346218 0.1013533 2.381141e-05 0.003643146 0.06731883 0.109981 0.1485951 0.2071395 0.0005040083 0.003833638 0.04336058 0.1453965 0.0007699024 0.2212755 0.02381935 0.2031669 0.06828717 0.010227 0.005528217 0.0001666799 0.001317565 0.0007024367 9.524565e-05 0.0001825542 0.003706643 3.968569e-06 0.00185729 0.03346297 0.003567743 0.02218827 0.009238828 0.001396936 0.002738313 4.365426e-05 0.004611477 5.15914e-05 0.007520438 1.984284e-05 0.000174617 0.0001269942 0.008242718 0.000837368 0.005742519 0.0008532423 0.1159656 1.587428e-05 0.001750139 0.002016033 0.04901579 0.01088182 0.0007937138 0.0001230256 0.001047702 0.0007421224 0.01283435 5.15914e-05 0.01161997 0.002127153 0.01873958 0.0009683308 0.002476387 0.001321533 1.190571e-05 0.0002500198
0.0441662 1.587428e-05 0.01457259 0.01631082 1.984284e-05 0.01198905 0.1981348 0.02208509 0.005794111 0.09024526 0.002206524 0.01785459 0.0003968569 0.05147631 0.001027859 0.000634971 0.04013017 0.001194539 0.007302167 0.01416779 0.003321692 0.0002103342 0.01353282 0.06225494 3.968569e-05 0.008072069 0.002150964 0.1485951 0.2447774 0.1844392 0.000257957 0.007556155 0.02679975 0.01615604 0 0.01058417 0.0008572109 0.01719581 0.001817605 0.003440749 0.001519962 2.381141e-05 4.762283e-05 5.15914e-05 3.968569e-06 1.587428e-05 0.0001309628 0 0.0002738313 0.008738789 0.0007302167 0.002535916 0.0004921025 0.0002500198 7.540281e-05 7.937138e-06 0.000718311 1.190571e-05 0.0002777998 3.968569e-06 4.365426e-05 4.365426e-05 0.0002777998 1.587428e-05 0.0001309628 1.190571e-05 0.01667593 3.968569e-06 0.0002619255 0.0001706485 0.009072149 0.001591396 5.952853e-05 1.190571e-05 0.0001785856 0.0001031828 0.002214461 0 0.002647035 0.0002817684 0.003893166 0.0002103342 0.0006270339 0.0002381141 0 5.15914e-05
0.0525002 7.937138e-06 0.1277363 0.0001706485 7.937138e-06 0.0007103738 0.04418208 0.03105405 0.00288515 0.0006032225 0.0006587824 2.777998e-05 0.000174617 0.131689 1.587428e-05 0.02590682 0.1169974 0.001309628 0.01367172 3.968569e-05 0.3423486 0.002377173 0.2698984 0.03897928 3.968569e-06 0.01611636 0.006171125 0.2071395 0.1844392 0.05793317 4.762283e-05 0.0003690769 0.01853322 0.04871815 2.381141e-05 0.006532264 0.000865148 0.0360227 0.004718628 9.524565e-05 0.0001309628 1.984284e-05 1.984284e-05 1.587428e-05 2.381141e-05 2.777998e-05 7.937138e-06 3.968569e-06 9.524565e-05 0.007484721 0.0002103342 0.00224621 7.540281e-05 0.0001269942 3.968569e-06 3.968569e-06 0.0002460513 3.968569e-06 0.008857846 2.381141e-05 1.587428e-05 4.365426e-05 1.190571e-05 0.002012064 0.003357409 0.0008691166 0.01885864 3.968569e-06 0.000285737 0.0007103738 0.009195174 0.0006468767 0.0008333995 1.587428e-05 9.524565e-05 7.540281e-05 0.001377093 7.937138e-06 0.005071831 0.001785856 0.003158981 0.0002381141 0.000377014 0.000174617 0 8.333995e-05
5.952853e-05 6.746567e-05 8.730852e-05 0.0001547742 0 0.0004286054 0.000690531 0.0004127312 0.0001627113 0.001587428 0.01619573 0.0006111596 0.0115525 0.0001785856 5.15914e-05 3.968569e-06 0.0001071514 0.001916819 0.001230256 0.0004286054 1.190571e-05 0.0001031828 4.365426e-05 0.0004841654 0.003317724 0.001416779 0.00915152 0.0005040083 0.000257957 4.762283e-05 0.0007024367 0.0004087626 0 0.01040956 3.968569e-06 0.002095404 0.02478768 0.02170013 0.001396936 7.937138e-05 0 0.000976268 7.937138e-06 0 0.0007976824 3.968569e-06 3.968569e-06 0 0 5.952853e-05 3.968569e-06 0.0001587428 1.190571e-05 0.004266212 3.968569e-06 0.01254861 3.968569e-06 3.968569e-06 0 2.777998e-05 0.002944678 0.0009603937 0 0 0.0002777998 0 0.0002420827 0.003039924 0.01009604 0.01903723 9.127709e-05 2.381141e-05 3.968569e-06 0.007925232 0 0 4.762283e-05 0 9.921422e-05 0.000634971 0.0001904913 4.762283e-05 3.968569e-06 0 9.524565e-05 0
0.0003016112 0 0.0004087626 0.001182634 0.001154854 0.02103342 0.004107469 0.008810223 0.0001904913 0.007619652 0.004016192 0.005631399 0.0005595682 0.001396936 0.01277085 7.937138e-06 0.0002976427 0.0008532423 0.0005079768 0.002583538 3.968569e-06 1.984284e-05 0.0001547742 0.002448607 9.524565e-05 0.001956504 0.0005436939 0.003833638 0.007556155 0.0003690769 0.0004087626 1.984284e-05 3.968569e-05 0.009691245 0 0.01715215 0.001011985 0.02194619 0.000837368 0.0364394 0.02326375 3.571712e-05 0.0002420827 7.937138e-06 0 0 1.984284e-05 0 4.365426e-05 0.0004801968 9.921422e-05 8.333995e-05 7.143424e-05 4.365426e-05 1.587428e-05 3.571712e-05 0.0001071514 0 0 0 0 3.968569e-06 1.190571e-05 0 0 1.587428e-05 0.001047702 0 1.984284e-05 3.174855e-05 0.000690531 0.0002262084 0 7.937138e-06 1.190571e-05 3.968569e-06 0.0002341456 0 8.730852e-05 7.937138e-06 0.0002262084 7.937138e-06 3.571712e-05 1.984284e-05 0 0
0.0003293912 7.937138e-06 0.0003333598 0.0004643226 0 0.000257957 0.02080721 0.001166759 0.0007500595 0.0006944996 3.571712e-05 1.587428e-05 1.984284e-05 0.001138979 1.587428e-05 7.143424e-05 0.001075482 1.984284e-05 9.921422e-05 3.174855e-05 0.000746091 2.381141e-05 0.001646956 0.009627748 0 0.0001627113 0.0006310025 0.04336058 0.02679975 0.01853322 0 3.968569e-05 0.002020002 0.001948567 0 0.0001825542 3.968569e-05 0.002234304 0.0003214541 1.190571e-05 1.190571e-05 7.937138e-06 3.968569e-06 3.968569e-06 0 3.968569e-06 3.968569e-06 0 1.587428e-05 0.0006944996 7.143424e-05 0.0002381141 3.174855e-05 3.968569e-06 3.968569e-06 0 4.762283e-05 0 3.174855e-05 0 0 3.968569e-06 1.190571e-05 0 2.381141e-05 0 0.001730296 0 1.190571e-05 1.190571e-05 0.0006429082 0.0001111199 7.937138e-06 3.968569e-06 1.190571e-05 7.937138e-06 0.0001190571 0 0.0001388999 1.984284e-05 0.0002539884 1.190571e-05 3.968569e-05 1.190571e-05 0 0
0.002559727 0.0002143027 0.05971903 0.0125248 3.174855e-05 0.01180252 0.1053219 0.01265577 0.003270101 0.0786491 0.08307008 0.01869196 0.01412414 0.008861814 0.001035796 0.008099849 0.03823716 0.03786808 0.1795976 0.01562029 0.1396143 0.001619176 0.1165926 0.04175728 0.002643067 0.2405588 0.1774942 0.1453965 0.01615604 0.04871815 0.01040956 0.009691245 0.001948567 0.01366775 0 0.01513612 0.01187793 0.05649655 0.002952615 0.001440591 9.524565e-05 0.001416779 4.762283e-05 7.937138e-05 0.001150885 0.002611318 7.937138e-05 0 0.0002539884 0.004651163 0.0006548139 0.001519962 0.0004921025 0.0006151282 0.0001230256 0.001250099 0.0006984681 3.968569e-06 0.003333598 0.000174617 0.0001111199 0.0004643226 0.0002341456 0.0003849512 0.002341456 0.004405112 0.01295738 0.0003492341 0.003984443 0.02255735 0.005718708 0.001456465 0.0001388999 0.0002698627 0.0001388999 5.952853e-05 0.00163505 1.190571e-05 0.001365188 0.001019922 0.002250179 0.0002103342 0.0002936741 0.0001269942 0.0003293912 3.174855e-05
0 0 0.0002976427 7.937138e-06 0 0 0.0001428685 7.937138e-06 1.984284e-05 3.174855e-05 0 0 0.0003532026 7.937138e-06 0 0.0007103738 0 1.984284e-05 7.937138e-06 3.968569e-06 0.001011985 4.365426e-05 0.002281927 0.0002182713 0 0.0001627113 0.001313596 0.0007699024 0 2.381141e-05 3.968569e-06 0 0 0 0.5708032 0.1205731 0.001317565 0.0007619652 0.00213509 1.190571e-05 8.730852e-05 3.571712e-05 0.001238194 0 7.937138e-06 5.952853e-05 0 0.0003849512 0 3.174855e-05 3.968569e-06 3.968569e-06 0 0 0 0 0 0.0001904913 0.0001388999 3.968569e-06 0 0 0 3.174855e-05 2.381141e-05 0.0002381141 5.952853e-05 0 4.365426e-05 0.0003254227 3.968569e-05 0 3.968569e-06 0 0 0 0 0.2782522 0.002123184 0.0001071514 8.730852e-05 0.0004762283 0 0 3.968569e-06 1.190571e-05
0.0005873482 0.0005913168 0.09802762 0.009774585 0.0001111199 0.007833955 0.07473212 0.01720771 0.005436939 0.01693388 0.006829907 0.0006032225 0.01849353 0.01069132 0.0001388999 0.1193388 0.004468609 0.0159973 0.03420906 0.002277959 0.14571 0.009298357 0.3793198 0.0792801 0.0006389396 0.1471188 0.4081514 0.2212755 0.01058417 0.006532264 0.002095404 0.01715215 0.0001825542 0.01513612 0.1205731 0.04003889 0.4526867 0.1272125 0.02883165 0.05822684 0.04991666 0.01073895 0.005798079 1.984284e-05 0.002583538 0.006607667 9.524565e-05 0 0.0001785856 0.01050083 0.0005278197 0.002948647 0.0002738313 0.0003016112 1.984284e-05 5.952853e-05 0.0006151282 2.381141e-05 0.03966188 0.0003293912 9.524565e-05 0.0005873482 0.0001230256 0.003373284 0.0124375 0.02972061 0.03124057 6.746567e-05 0.007000556 0.05969125 0.01296135 0.001361219 0.0007103738 9.127709e-05 0.0001984284 7.143424e-05 0.00216287 0.0111239 0.006425113 0.002833558 0.004968648 0.0006667196 0.0005119454 0.0003174855 1.587428e-05 0.0001190571
6.34971e-05 0.0006944996 0.05148821 0.0007143424 0 0.000746091 0.004758314 0.001285816 0.001043734 0.003349472 0.06324708 0.0008135566 0.03352647 0.0007064053 7.143424e-05 0.0495079 0.009211048 0.03668942 0.06249306 0.0006984681 0.02561711 0.003365346 0.09690848 0.01221922 0.001416779 0.3102945 0.4661203 0.02381935 0.0008572109 0.000865148 0.02478768 0.001011985 3.968569e-05 0.01187793 0.001317565 0.4526867 0.06391777 0.03161759 0.005944916 0.03341535 0.00152393 0.0006667196 0.001603302 3.968569e-06 0.001543773 0.002059687 1.190571e-05 0 1.984284e-05 0.001004048 4.762283e-05 0.0002460513 3.968569e-05 0.001654893 0 0.004805937 5.952853e-05 0 0.0180173 0.0001785856 0.0002500198 0.001456465 1.190571e-05 0.001170728 0.005421065 0.01372728 0.00404794 0.0005119454 0.007373601 0.03162553 0.00191285 0.0001150885 0.0001785856 0.0007778395 1.190571e-05 1.984284e-05 0.0003452655 0.0001547742 0.007818081 0.00221843 0.0008016509 0.0001508056 7.937138e-06 2.777998e-05 0.0003849512 1.587428e-05
0.001321533 0.00379792 0.07643464 0.02071196 7.143424e-05 0.0141162 0.1331574 0.01493769 0.005155171 0.09704738 0.06812445 0.01096912 0.02671244 0.01207636 0.0004762283 0.03173665 0.007738709 0.05151996 0.1021152 0.01549329 0.2557386 0.004821811 0.4175173 0.05499246 0.01281054 0.2891182 0.3349075 0.2031669 0.01719581 0.0360227 0.02170013 0.02194619 0.002234304 0.05649655 0.0007619652 0.1272125 0.03161759 0.05889356 0.01574728 0.003000238 0.0002817684 0.003039924 0.0004405112 5.15914e-05 0.001615208 0.004278117 0.0001349313 0 0.0002817684 0.006222716 0.0006944996 0.002055719 0.0004563854 0.0005119454 9.127709e-05 0.0003135169 0.0008453052 1.190571e-05 0.01367966 0.0002698627 0.000202397 0.001008017 0.0001984284 0.001059608 0.006190968 0.01694182 0.01827526 0.0002777998 0.007131518 0.04449956 0.008127629 0.001805699 0.0002976427 0.0002103342 0.0001785856 0.0001031828 0.002146996 7.937138e-05 0.002777998 0.001214382 0.003401064 0.0005317882 0.0004365426 0.000257957 0.0001111199 4.365426e-05
0.0001587428 9.921422e-05 0.02731169 0.004147155 1.984284e-05 0.0009127709 0.03578459 0.002694658 0.001599333 0.008262561 0.005369474 0.0002539884 0.001162791 0.002242241 6.746567e-05 0.01919994 0.001135011 0.01260417 0.01276292 0.000892928 0.04713469 0.001825542 0.1801095 0.01944202 0.0001627113 0.06157632 0.1274823 0.06828717 0.001817605 0.004718628 0.001396936 0.000837368 0.0003214541 0.002952615 0.00213509 0.02883165 0.005944916 0.01574728 0.0009722994 0.001031828 1.587428e-05 0.0003055798 0.0001230256 1.984284e-05 0.0005278197 0.00169061 2.777998e-05 0 3.571712e-05 0.002214461 0.0001508056 0.0006270339 0.0001031828 0.0002460513 2.777998e-05 5.555997e-05 0.0001904913 0 0.007560124 9.127709e-05 1.190571e-05 0.0001706485 3.968569e-05 0.000432574 0.002710533 0.009453131 0.006421145 2.381141e-05 0.002123184 0.01634654 0.002500198 0.0003809826 0.0001031828 5.555997e-05 4.365426e-05 1.190571e-05 0.0005714739 0.0001904913 0.001115168 0.0004682911 0.001361219 0.000377014 0.0001428685 0.0001071514 2.777998e-05 1.190571e-05
1.190571e-05 0.0001547742 0.003055798 0.01194539 0.01862449 0.02341853 0.004373363 0.01073498 0.006798159 0.01021907 0.0004801968 0.02743075 0.0007699024 0.003750298 0.02316057 0.00202397 0.0001428685 0.0004682911 0.0008730852 0.02322407 0.001456465 0.0002539884 0.007881578 0.0093182 3.174855e-05 0.003857449 0.01207636 0.010227 0.003440749 9.524565e-05 7.937138e-05 0.0364394 1.190571e-05 0.001440591 1.190571e-05 0.05822684 0.03341535 0.003000238 0.001031828 0.01289785 0.002980395 0.0005595682 0.0001785856 3.968569e-06 9.127709e-05 0.0002539884 1.984284e-05 0 1.190571e-05 0.0002460513 4.365426e-05 7.540281e-05 3.174855e-05 3.968569e-06 6.746567e-05 0 2.381141e-05 0 0.0007857766 2.381141e-05 0 0 1.984284e-05 2.777998e-05 0.0002936741 0.0006548139 0.0005714739 7.937138e-06 0.0001984284 0.001817605 0.0003809826 1.587428e-05 3.968569e-06 3.968569e-06 7.937138e-06 3.968569e-06 5.952853e-05 0 0.0002182713 7.143424e-05 0.0001230256 1.587428e-05 2.777998e-05 3.968569e-06 3.968569e-06 0
2.381141e-05 3.968569e-06 9.127709e-05 0.001619176 0 0.00402016 0.005349631 0.001138979 0.0002619255 0.007651401 1.587428e-05 0.002456544 5.15914e-05 0.001202476 0.002583538 1.190571e-05 5.555997e-05 3.968569e-06 1.190571e-05 0.001738233 7.143424e-05 1.587428e-05 0.0001150885 0.002531947 3.968569e-06 1.984284e-05 5.952853e-05 0.005528217 0.001519962 0.0001309628 0 0.02326375 1.190571e-05 9.524565e-05 8.730852e-05 0.04991666 0.00152393 0.0002817684 1.587428e-05 0.002980395 3.968569e-06 8.730852e-05 0.0001508056 3.968569e-06 0 0 1.190571e-05 0 1.587428e-05 0.0004246369 5.555997e-05 0.0001031828 4.365426e-05 3.571712e-05 3.968569e-06 0 0.0001071514 0 3.968569e-06 0 0 0 2.777998e-05 0 7.937138e-06 1.190571e-05 0.001015954 0 2.381141e-05 1.190571e-05 0.0006548139 0.0001508056 0 0 4.365426e-05 0 0.0001388999 7.937138e-06 8.333995e-05 0 0.0001587428 2.381141e-05 4.365426e-05 1.190571e-05 3.968569e-06 3.968569e-06
