0.02112627 1.263911e-05 0.004354173 0.0009668919 0 0.00327037 0.1069679 0.01391882 0.0004139308 0.009589924 0.000524523 0.0002053855 0.0003317766 0.1059821 1.579889e-05 9.479332e-06 0.00638591 0.001216514 0.006057293 0.0007077901 0.0007583466 7.267488e-05 0.009302384 0.007599264 6.319555e-06 0.003725377 0.001165958 0.01525856 0.05226272 0.06118593 3.159777e-05 0.001304988 0.0004170906 0.006739805 4.10771e-05 0.003709579 0.0003096582 0.00425306 0.0007836248 0.0001516693 0.0002306637 0 1.579889e-05 1.895866e-05 0 0 3.159777e-05 0 3.159777e-06 0.0003981319 6.319555e-06 8.847376e-05 3.159777e-05 0 3.159777e-06 0 6.003577e-05 0 3.159777e-06 6.319555e-06 3.159777e-06 2.527822e-05 6.319555e-06 3.159777e-06 9.479332e-06 3.159777e-06 0.000808903 0 3.159777e-05 5.055644e-05 0.0009921701 4.739666e-05 0.0001295509 0 0 1.263911e-05 6.003577e-05 3.159777e-06 0.0001548291 9.479332e-06 0.0001232313 1.263911e-05 4.423688e-05 6.319555e-06 0 3.159777e-06
1.263911e-05 0.005226272 0.007397039 3.159777e-06 3.159777e-06 9.479332e-06 0.0002148649 2.527822e-05 0.01522697 3.159777e-06 0.002072814 3.159777e-06 0.01913877 4.10771e-05 5.371621e-05 0.000170628 0.002354034 0.0001042727 0.0001801073 0 6.319555e-06 0.05945121 0.0001737878 0.03586979 0.03892846 0.01682581 0.0921865 0.0003349364 3.791733e-05 0.0001453498 0.0002717408 1.579889e-05 6.319555e-06 0.000808903 9.479332e-06 0.002104412 0.01280658 0.009618362 0.0006698728 0.0001832671 1.579889e-05 0.02017834 1.263911e-05 0 0.0004202504 0.000638275 0 0 0 0.000113752 3.159777e-06 2.527822e-05 6.319555e-06 0.0003412559 0 0.001304988 1.579889e-05 0 0.0001390302 0.0008973768 0.0003286168 0.0036843 0 6.319555e-06 7.267488e-05 0.0001105922 0.0002243442 0.0003823331 0.005984618 0.03764243 0.0001516693 2.211844e-05 1.895866e-05 0.0002180246 0 0 0.0001169118 1.263911e-05 0.0005624404 0.001895866 0.0004834459 0.0001548291 1.579889e-05 6.319555e-06 0.001001649 6.319555e-06
0.004354173 0.007397039 0.04628442 8.215421e-05 0 0.002246602 0.06760975 0.01223782 6.319555e-05 0.0009921701 0.0002338235 4.423688e-05 0.0001801073 0.01852577 6.319555e-06 0.0007014706 0.01805181 0.001820032 0.003570548 4.10771e-05 0.008746264 0.003788573 0.1857128 0.003387281 1.579889e-05 0.05181403 0.2253585 0.02510759 0.007463394 0.07447911 2.527822e-05 0.0001832671 5.055644e-05 0.01268019 0.0001643084 0.02635254 0.05592174 0.03039706 0.00454692 0.0008910572 9.79531e-05 4.739666e-05 4.739666e-05 1.263911e-05 0.01656039 0.03937398 3.159777e-06 0 2.211844e-05 0.0005150437 0.0001105922 3.159777e-05 6.95151e-05 0.0001737878 3.159777e-06 4.10771e-05 0.0001358704 0 0.002578378 0.01614646 0.0003001788 0.002278199 1.579889e-05 0.0004202504 0.004101391 0.01322367 0.001159638 0.0001263911 0.02263348 0.3491048 0.001150159 6.95151e-05 0.0002401431 3.159777e-06 0 3.159777e-06 0.005270509 0.0004297297 0.01461713 0.005147277 0.01571357 0.005892985 2.527822e-05 0 9.479332e-06 6.95151e-05
0.0009668919 3.159777e-06 8.215421e-05 0.02830529 1.579889e-05 0.002944912 0.002101252 0.002034897 0.04455286 0.04020817 0.0001801073 0.02932905 0.000255942 0.004553239 0.002632094 9.479332e-06 5.055644e-05 2.8438e-05 4.739666e-05 0.0671895 9.479332e-06 3.159777e-06 6.95151e-05 0.04427164 0 0.0001232313 7.899443e-05 0.04345958 0.01148579 0.0004708068 3.159777e-06 0.0001263911 0.0005340024 0.001892707 4.423688e-05 0.006850397 0.0001105922 0.005725516 0.0009605723 0.010165 0.000609837 0 0.0001074324 3.159777e-06 0 3.159777e-06 0.008205942 6.319555e-06 0.0002654213 0.001778955 7.267488e-05 0.005172555 0.006408028 0 0.001213354 0 9.479332e-05 6.95151e-05 3.159777e-06 0 3.159777e-06 3.159777e-06 0.004303617 3.159777e-06 0 3.159777e-06 0.01069901 0 0 9.479332e-06 0.01156163 8.847376e-05 9.479332e-06 0 0 1.579889e-05 0.0001169118 0 0.0001358704 3.159777e-06 0.0002496224 1.263911e-05 0.002932273 1.895866e-05 0 0
0 3.159777e-06 0 1.579889e-05 1.579889e-05 0.0004328895 1.895866e-05 0.0001801073 0.0003507353 6.319555e-05 2.211844e-05 0.000723589 0.0001453498 6.319555e-06 0.004221462 0 6.319555e-06 0 6.319555e-06 0.0001074324 0 0 0 9.479332e-05 0 1.263911e-05 3.159777e-06 1.263911e-05 8.847376e-05 0 0 0.0003349364 0 0.0005150437 0 0.0003222973 0 0.0002970191 3.159777e-05 0.003617945 0.00127655 0 0 0 0 0 0 0 0 0 0 0 0 0 0 0 0 0 0 0 0 0 0 0 0 0 0 0 0 0 6.319555e-06 0 0 0 0 0 3.159777e-06 0 0 0 0 0 0 0 0 0
0.00327037 9.479332e-06 0.002246602 0.002944912 0.0004328895 0.1728651 0.05544145 0.2355962 0.001058525 0.2731785 0.002363513 0.1602291 0.005431657 0.0463097 0.01931888 3.159777e-06 0.001222834 0.0006161566 0.001229153 0.01827299 0.0001864269 3.791733e-05 0.001383982 0.003494714 1.263911e-05 0.001687321 0.0006161566 0.0464898 0.03214757 0.001766316 7.899443e-05 0.01130252 0.0003412559 0.01569461 5.055644e-05 0.02189094 0.0007836248 0.02733207 0.003235612 0.03889054 0.01796333 0.0001548291 0.0002749006 3.159777e-06 0 3.159777e-06 0.000439209 0 2.8438e-05 0.0004929253 1.263911e-05 0.0001327106 0.0004929253 3.791733e-05 0.0001327106 3.159777e-06 3.475755e-05 6.319555e-06 0 9.479332e-06 0 1.895866e-05 0.0002369833 0 3.159777e-06 3.159777e-06 0.0009289745 0 1.263911e-05 2.211844e-05 0.001229153 5.055644e-05 1.579889e-05 0 3.159777e-06 6.319555e-06 5.687599e-05 0 7.267488e-05 6.319555e-06 0.0001105922 1.263911e-05 6.003577e-05 1.895866e-05 3.159777e-05 3.159777e-06
0.1069679 0.0002148649 0.06760975 0.002101252 1.895866e-05 0.05544145 0.1631172 0.1736866 0.005791872 0.04772528 0.002461467 0.0007551868 0.002290839 0.3233748 0.0002717408 7.267488e-05 0.01170697 0.001586208 0.005191514 0.000780465 0.006834598 0.001229153 0.04568722 0.08764274 2.8438e-05 0.01741353 0.01754624 0.5003539 0.1732032 0.1056282 5.055644e-05 0.002208684 0.0130562 0.03165149 0.0007141097 0.08235012 0.002944912 0.07599896 0.01494259 0.004069793 0.006050974 6.635532e-05 0.001039567 0.0001485095 0.0001200715 0.000113752 0.0008815779 0 0.0001485095 0.009438255 0.0002875397 0.001409261 0.001497734 5.055644e-05 0.0001169118 1.579889e-05 0.0006066772 9.479332e-06 0.0005877186 0.0002338235 4.10771e-05 0.000170628 0.0005845588 7.899443e-05 0.0002369833 0.0003412559 0.01404521 0 0.0004834459 0.002859598 0.01625389 0.001023768 0.0008120628 0 5.055644e-05 0.0001864269 0.001153319 1.579889e-05 0.002325596 0.0001927464 0.003753815 0.0001927464 0.001090123 0.0003286168 6.319555e-06 7.899443e-05
0.01391882 2.527822e-05 0.01223782 0.002034897 0.0001801073 0.2355962 0.1736866 0.2768028 0.0006129968 0.1737214 0.002372993 0.06102794 0.005744475 0.1593918 0.004641713 2.527822e-05 0.007697218 0.001668362 0.006009896 0.01335638 0.001105922 0.0001295509 0.009823748 0.006983108 6.319555e-06 0.006695568 0.002183406 0.03103533 0.02492432 0.01712599 8.847376e-05 0.01428219 0.0003602146 0.01668362 5.371621e-05 0.0144307 0.001083804 0.01617174 0.003681141 0.01794122 0.01220622 0.000170628 0.0001105922 2.8438e-05 3.159777e-06 6.319555e-06 8.847376e-05 0 9.479332e-06 0.0006445946 3.159777e-05 0.0001200715 9.79531e-05 2.211844e-05 6.319555e-05 6.319555e-06 6.003577e-05 0 3.159777e-06 1.895866e-05 6.319555e-06 4.423688e-05 4.739666e-05 9.479332e-06 3.159777e-06 6.319555e-06 0.001077484 3.159777e-06 2.527822e-05 0.0001390302 0.001361864 0.0001169118 0.0001485095 0 0 1.579889e-05 5.687599e-05 0 0.000255942 9.479332e-06 0.0003222973 2.8438e-05 7.899443e-05 1.579889e-05 2.211844e-05 3.159777e-06
0.0004139308 0.01522697 6.319555e-05 0.04455286 0.0003507353 0.001058525 0.005791872 0.0006129968 0.002015938 0.01465821 8.531399e-05 0.003276689 0.001538812 0.001169118 0.008841057 0.0001801073 7.583466e-05 3.475755e-05 4.10771e-05 0.01703752 9.79531e-05 0.04961166 0.0001611486 0.07330051 0.003295648 0.001074324 0.0374402 0.05465783 0.003867567 0.006654491 4.423688e-05 5.687599e-05 0.0006161566 0.001011129 2.211844e-05 0.004281498 0.0011312 0.003188215 0.0007773052 0.007365441 0.0001832671 0.0005371621 4.423688e-05 0.000170628 1.895866e-05 9.479332e-06 0.006799841 0 0.0003380962 0.01200715 0.0003507353 0.001940103 0.004815501 4.10771e-05 0.0008594594 0.0001169118 0.000609837 0.0001769475 6.003577e-05 1.895866e-05 3.475755e-05 6.319555e-05 0.003204014 9.479332e-06 3.159777e-05 4.10771e-05 0.03653019 2.527822e-05 7.267488e-05 0.0001674682 0.03258994 0.0008405008 0.001203875 3.159777e-05 2.211844e-05 0.0001895866 0.0005118839 1.579889e-05 0.001646244 0.0002685811 0.001921145 9.479332e-05 0.001365024 0.0001200715 9.163354e-05 2.211844e-05
0.009589924 3.159777e-06 0.0009921701 0.04020817 6.319555e-05 0.2731785 0.04772528 0.1737214 0.01465821 0.5098332 0.006436466 0.05932798 0.007002066 0.1228269 0.0009700516 1.263911e-05 0.001061685 0.001257591 0.001883227 0.06034227 0.0001105922 1.579889e-05 0.0005687599 0.01770107 6.319555e-06 0.00270161 0.001229153 0.119269 0.1286598 0.002312957 0.0002180246 0.004749145 0.001772635 0.03285536 0.0002022257 0.04638553 0.001835831 0.09438571 0.007387559 0.009254988 0.01004809 0.0001358704 0.001238633 1.263911e-05 1.895866e-05 6.319555e-06 0.01067373 0 0.0006540739 0.005633883 0.00014219 0.004069793 0.01149211 3.791733e-05 0.001301828 1.579889e-05 0.000199066 8.847376e-05 9.479332e-06 1.263911e-05 3.159777e-06 1.579889e-05 0.005924582 6.319555e-06 3.159777e-06 0 0.01653511 3.159777e-06 2.8438e-05 6.95151e-05 0.01983076 0.0002306637 2.527822e-05 0 9.479332e-06 2.8438e-05 0.0002812202 6.319555e-06 0.0002180246 9.479332e-06 0.0007583466 3.159777e-05 0.001864269 3.791733e-05 2.527822e-05 9.479332e-06
0.000524523 0.002072814 0.0002338235 0.0001801073 2.211844e-05 0.002363513 0.002461467 0.002372993 8.531399e-05 0.006436466 0.1230828 0.004745986 0.09602563 0.00268897 9.479332e-06 6.319555e-05 0.001624126 0.04618962 0.01688901 0.001431379 0.0002906995 0.0003096582 0.001200715 0.0004455286 0.002865918 0.06179576 0.008278617 0.00156725 0.003924443 0.0004550079 0.02353402 0.00241723 2.527822e-05 0.04889123 9.479332e-06 0.005289467 0.07844463 0.09505874 0.01706596 0.000865779 4.10771e-05 0.01004177 3.159777e-05 0 0.0001074324 3.159777e-06 3.159777e-06 0 3.159777e-06 9.479332e-05 0 1.895866e-05 9.479332e-06 0.0009890103 0 0.003570548 3.159777e-06 0 6.319555e-06 3.159777e-06 0.0005845588 6.319555e-05 0 3.159777e-06 3.159777e-05 0 0.0001548291 0.0003159777 0.0006540739 0.001225994 0.0001169118 6.319555e-06 0 0.0006319555 0 0 1.263911e-05 6.319555e-06 0.0002875397 0.002916474 0.0001453498 1.895866e-05 0 3.159777e-06 0.001759996 3.159777e-06
0.0002053855 3.159777e-06 4.423688e-05 0.02932905 0.000723589 0.1602291 0.0007551868 0.06102794 0.003276689 0.05932798 0.004745986 0.07234626 0.007687738 0.03935187 0.03341464 0 0.0003254571 0.0007994237 0.0008878974 0.03948142 3.159777e-06 1.579889e-05 2.527822e-05 0.001949583 1.579889e-05 0.001339746 0.0005213633 0.007858366 0.02199837 6.003577e-05 0.000170628 0.004341534 4.739666e-05 0.02292102 3.159777e-06 0.004869217 0.0009890103 0.03629004 0.002609976 0.05674644 0.00453744 0.00014219 0.0001643084 0 3.159777e-06 0 0.0009700516 0 5.687599e-05 0.0002780604 4.10771e-05 0.0004613275 0.0007267488 1.579889e-05 0.0005592806 9.479332e-06 9.163354e-05 4.10771e-05 0 0 3.159777e-06 9.479332e-06 0.0006287957 0 0 0 0.001080644 3.159777e-06 2.211844e-05 1.579889e-05 0.001257591 6.635532e-05 3.159777e-06 0 6.319555e-06 3.159777e-06 6.319555e-05 0 5.687599e-05 6.319555e-06 0.0001042727 6.319555e-06 0.0007299086 6.319555e-06 6.319555e-06 0
0.0003317766 0.01913877 0.0001801073 0.000255942 0.0001453498 0.005431657 0.002290839 0.005744475 0.001538812 0.007002066 0.09602563 0.007687738 0.04158899 0.003779094 6.319555e-05 2.211844e-05 0.0001042727 0.008664109 0.0002433029 0.001658883 0.0002053855 0.004935572 0.0002496224 0.002461467 0.04973489 0.005238911 0.008743104 0.001453498 0.002094932 0.0003159777 0.002853279 0.00326721 1.579889e-05 0.01108134 0.0001516693 0.01156794 0.2515214 0.06778986 0.008844217 0.002094932 5.687599e-05 0.03837866 6.319555e-05 0 0.001968541 0 0 0 0 0.000227504 3.159777e-06 0.0001832671 9.479332e-06 0.01674366 1.579889e-05 0.05091665 6.319555e-06 0 5.055644e-05 1.263911e-05 0.0111003 0.0006414348 3.159777e-06 6.319555e-06 0.0005371621 1.895866e-05 0.0007931041 0.006894634 0.01328686 0.02320224 0.0002148649 2.8438e-05 2.527822e-05 0.01062001 3.159777e-06 0 0.0001643084 6.319555e-05 0.0006793521 0.031187 0.001216514 0.0001611486 3.791733e-05 3.159777e-06 0.01940419 0
0.1059821 4.10771e-05 0.01852577 0.004553239 6.319555e-06 0.0463097 0.3233748 0.1593918 0.001169118 0.1228269 0.00268897 0.03935187 0.003779094 0.1528321 0.0004992448 3.791733e-05 0.01510058 0.00297651 0.01229785 0.01608643 0.002372993 0.0001801073 0.02373309 0.0153818 0 0.01091703 0.003706419 0.05053432 0.1147062 0.106949 9.479332e-05 0.01311308 0.0006224761 0.02143909 8.215421e-05 0.01381139 0.001232313 0.01567881 0.00312502 0.007039984 0.003990799 0.0001042727 0.0001042727 5.371621e-05 6.319555e-06 0 0.00014219 0 3.159777e-06 0.001529332 4.423688e-05 0.0002685811 0.0001832671 2.527822e-05 7.583466e-05 9.479332e-06 0.0001485095 3.159777e-06 6.319555e-06 4.423688e-05 6.319555e-06 6.319555e-05 4.423688e-05 1.579889e-05 1.579889e-05 3.159777e-06 0.002249761 6.319555e-06 6.95151e-05 0.00014219 0.002859598 0.0002243442 0.0002496224 0 0 5.371621e-05 0.0001453498 6.319555e-06 0.0005182035 3.791733e-05 0.0006161566 4.423688e-05 0.0002117051 6.319555e-05 1.579889e-05 6.319555e-06
1.579889e-05 5.371621e-05 6.319555e-06 0.002632094 0.004221462 0.01931888 0.0002717408 0.004641713 0.008841057 0.0009700516 9.479332e-06 0.03341464 6.319555e-05 0.0004992448 0.007390719 0 0 0 3.159777e-06 0.007649821 0 0.0001769475 3.159777e-06 0.007169535 1.895866e-05 6.319555e-06 0.0002053855 0.00114068 0.000227504 3.159777e-06 0 0.0005845588 3.475755e-05 0.00014219 3.159777e-06 0.000170628 1.579889e-05 0.0002180246 6.003577e-05 0.01552083 7.583466e-05 6.319555e-06 3.159777e-06 0 0 0 3.159777e-06 0 0 3.159777e-06 0 0 1.579889e-05 0 1.263911e-05 3.159777e-06 3.159777e-06 0 0 0 0 0 3.159777e-06 0 0 0 9.479332e-06 3.159777e-06 0 0 9.479332e-06 0 3.159777e-06 0 0 0 0 0 0 0 3.159777e-06 0 0 0 0 0
9.479332e-06 0.000170628 0.0007014706 9.479332e-06 0 3.159777e-06 7.267488e-05 2.527822e-05 0.0001801073 1.263911e-05 6.319555e-05 0 2.211844e-05 3.791733e-05 0 0.01188076 0.001074324 0.0001105922 0.0004170906 0 0.005065123 0.05316641 0.02135693 0.01526488 3.159777e-06 0.001191236 0.07320888 0.02519606 0.0003538951 0.00226872 3.159777e-06 0 7.267488e-05 0.01120773 0.0005940381 0.1030593 0.04245477 0.05091665 0.01849734 0.0005877186 4.423688e-05 3.159777e-06 0.0004550079 0.0006351152 0.0001579889 0.0006888315 6.319555e-06 0 1.895866e-05 0.0008215421 0.0003317766 0.0005466415 4.10771e-05 7.899443e-05 3.159777e-06 6.319555e-06 0.001165958 3.159777e-06 0.07064314 0.0003728537 4.739666e-05 0.0001579889 0 0.0100007 0.02013094 0.03043182 0.009517249 1.263911e-05 0.000170628 0.02710457 0.01169118 0.001921145 0.006629213 6.319555e-06 3.159777e-06 0.0002211844 0.0005719197 0.0001611486 0.01261699 0.004019237 0.003937083 0.002736367 0.0002591017 6.319555e-05 2.211844e-05 0.00014219
0.00638591 0.002354034 0.01805181 5.055644e-05 6.319555e-06 0.001222834 0.01170697 0.007697218 7.583466e-05 0.001061685 0.001624126 0.0003254571 0.0001042727 0.01510058 0 0.001074324 0.006088891 0.003314606 0.01145103 0.0001295509 0.004341534 0.0007962639 0.04284342 0.002821681 3.791733e-05 0.09735906 0.327691 0.004695429 0.02396059 0.06730958 1.263911e-05 0.0003854928 0.0008247019 0.06270262 7.583466e-05 0.03227713 0.0331745 0.09621838 0.01027244 0.0016968 6.635532e-05 0.000113752 4.10771e-05 9.479332e-06 0.002019098 0.001361864 0 0 3.159777e-06 6.003577e-05 1.579889e-05 1.895866e-05 1.263911e-05 2.527822e-05 0 3.475755e-05 1.579889e-05 0 8.847376e-05 0.005798191 0.0002243442 0.00510304 0 4.423688e-05 4.10771e-05 0.0002117051 0.0001895866 4.423688e-05 0.01153319 0.03899165 0.0002148649 2.8438e-05 3.159777e-05 3.159777e-06 0 6.319555e-06 0.0004613275 2.8438e-05 0.002006459 0.0007204292 0.001526172 0.0005340024 3.159777e-06 0 9.479332e-06 3.159777e-06
0.001216514 0.0001042727 0.001820032 2.8438e-05 0 0.0006161566 0.001586208 0.001668362 3.475755e-05 0.001257591 0.04618962 0.0007994237 0.008664109 0.00297651 0 0.0001105922 0.003314606 0.003485234 0.02684863 0.000227504 0.0004581677 5.371621e-05 0.004932412 0.000199066 0.0002938593 0.0979057 0.02603656 0.0007836248 0.004834459 0.00525155 0.005005087 0.0005750795 0.0001263911 0.02973982 2.211844e-05 0.01956534 0.08116836 0.104854 0.0115869 0.001608327 9.479332e-06 0.0001643084 1.895866e-05 0 9.163354e-05 1.579889e-05 0 0 0 1.579889e-05 0 6.319555e-06 0 0.001118561 0 0.0008910572 0 0 3.159777e-06 9.163354e-05 0.002461467 0.001080644 0 3.159777e-06 6.319555e-06 2.211844e-05 2.211844e-05 0.0003633744 0.002635254 0.006050974 6.319555e-06 0 0 0.0003191375 0 0 3.791733e-05 6.319555e-06 0.001500894 0.0006919912 0.0002433029 4.10771e-05 0 0 1.895866e-05 0
0.006057293 0.0001801073 0.003570548 4.739666e-05 6.319555e-06 0.001229153 0.005191514 0.006009896 4.10771e-05 0.001883227 0.01688901 0.0008878974 0.0002433029 0.01229785 3.159777e-06 0.0004170906 0.01145103 0.02684863 0.01526804 0.0003823331 0.002594177 7.267488e-05 0.01929676 0.000723589 0.0002117051 0.1064813 0.04926093 0.002082293 0.02388792 0.02790399 0.0001042727 0.001030087 0.0009131756 0.08602178 6.95151e-05 0.02390688 0.05382365 0.1238317 0.01062317 0.002038056 6.003577e-05 9.79531e-05 2.211844e-05 0 0.0001263911 5.687599e-05 0 0 0 1.895866e-05 3.159777e-06 3.159777e-06 6.319555e-06 0.0003886526 3.159777e-06 0.0001643084 3.159777e-06 0 1.579889e-05 0.0004455286 0.001298668 0.003030226 0 6.319555e-06 9.479332e-06 3.475755e-05 5.687599e-05 0.0002622615 0.003093422 0.007197973 0.000113752 0 9.479332e-06 5.371621e-05 0 3.159777e-06 4.10771e-05 0 0.001197556 0.0002022257 0.0002243442 7.267488e-05 1.263911e-05 0 1.263911e-05 0
0.0007077901 0 4.10771e-05 0.0671895 0.0001074324 0.01827299 0.000780465 0.01335638 0.01703752 0.06034227 0.001431379 0.03948142 0.001658883 0.01608643 0.007649821 0 0.0001295509 0.000227504 0.0003823331 0.0102756 3.159777e-06 9.479332e-06 4.423688e-05 0.01065161 0 0.0005466415 0.0001927464 0.04314992 0.01613066 0.0001674682 5.055644e-05 0.001109082 0.000170628 0.006139447 2.8438e-05 0.005687599 0.0003728537 0.01534388 0.001124881 0.02471578 0.001646244 3.791733e-05 0.0001579889 0 0 0 0.00439525 0 0.0001895866 0.001090123 2.527822e-05 0.00227188 0.003636904 3.159777e-06 0.0007077901 3.159777e-06 5.055644e-05 4.739666e-05 0 0 0 0 0.002240282 0 0 0 0.005630723 0 3.159777e-06 1.263911e-05 0.006003577 6.319555e-05 3.159777e-06 0 3.159777e-06 6.319555e-06 3.791733e-05 0 0.000113752 0 9.79531e-05 1.263911e-05 0.001516693 0 3.159777e-06 0
0.0007583466 6.319555e-06 0.008746264 9.479332e-06 0 0.0001864269 0.006834598 0.001105922 9.79531e-05 0.0001105922 0.0002906995 3.159777e-06 0.0002053855 0.002372993 0 0.005065123 0.004341534 0.0004581677 0.002594177 3.159777e-06 0.1296077 0.01830775 0.1721605 0.0004423688 0 0.001665203 0.007276967 0.01461081 0.004922933 0.1303219 1.895866e-05 3.159777e-06 0.0003823331 0.1909011 0.001864269 0.3989156 0.05531506 0.3787088 0.09945083 0.002888036 0.0004802861 9.479332e-06 0.001507214 0.001200715 1.263911e-05 6.635532e-05 9.479332e-06 0 3.159777e-05 0.0009258147 0.0006825119 0.0003886526 5.687599e-05 7.899443e-05 0 0 0.002429869 9.479332e-06 0.04285922 0.0006445946 0.0001042727 0.0003191375 0 0.02336655 0.01014604 0.01058841 0.01731874 3.159777e-06 0.0003064984 0.0005182035 0.02219428 0.004407889 0.0149805 0 1.263911e-05 0.000496085 0.0006856717 0.0001358704 0.00808271 0.00212969 0.001058525 0.0006635532 0.0001042727 6.635532e-05 1.263911e-05 6.95151e-05
7.267488e-05 0.05945121 0.003788573 3.159777e-06 0 3.791733e-05 0.001229153 0.0001295509 0.04961166 1.579889e-05 0.0003096582 1.579889e-05 0.004935572 0.0001801073 0.0001769475 0.05316641 0.0007962639 5.371621e-05 7.267488e-05 9.479332e-06 0.01830775 0.0196475 0.02796087 0.1153635 0.01416212 0.003219813 0.1429136 0.0241723 0.0008183823 0.004035036 0.0001358704 6.319555e-06 0.0001327106 0.001026928 2.8438e-05 0.006414348 0.004761784 0.005716037 0.0007204292 0.0004328895 3.791733e-05 0.002009618 2.211844e-05 0.0006919912 0.0001864269 0.000638275 9.479332e-06 0 2.211844e-05 0.001074324 0.0005971979 0.0004834459 8.847376e-05 0.0001169118 0 0.0004297297 0.001589368 1.579889e-05 0.02476633 0.0002717408 7.899443e-05 0.0002211844 6.319555e-06 0.004941892 0.001093283 0.006259519 0.01375451 0.000113752 0.0003854928 0.02287363 0.01380507 0.001965381 0.005520131 6.003577e-05 0 0.0001864269 0.0003823331 1.579889e-05 0.004764944 0.001908505 0.001570409 0.000638275 0.0001295509 4.423688e-05 0.0002970191 5.055644e-05
0.009302384 0.0001737878 0.1857128 6.95151e-05 0 0.001383982 0.04568722 0.009823748 0.0001611486 0.0005687599 0.001200715 2.527822e-05 0.0002496224 0.02373309 3.159777e-06 0.02135693 0.04284342 0.004932412 0.01929676 4.423688e-05 0.1721605 0.02796087 0.1920607 0.009580445 0 0.04075165 0.4355879 0.1506866 0.03717478 0.391468 6.95151e-05 0.0001579889 0.001184916 0.1573032 0.002720568 0.4436991 0.2193991 0.4136717 0.1181599 0.002474106 0.0003570548 2.8438e-05 0.001835831 0.0001169118 0.0003286168 0.003681141 9.479332e-06 0 6.319555e-06 0.0009479332 0.0001295509 6.95151e-05 1.579889e-05 0.0001390302 0 1.895866e-05 0.0003001788 0 0.1002187 0.0006414348 8.531399e-05 0.0004834459 0 0.009909062 0.02314221 0.05066071 0.005554888 9.479332e-06 0.0008689388 0.07368601 0.005943541 0.0005308426 0.007077901 0 0 8.215421e-05 0.001118561 0.0003570548 0.01942631 0.006193164 0.007577146 0.00454692 0.0003286168 0.000113752 5.687599e-05 0.000170628
0.007599264 0.03586979 0.003387281 0.04427164 9.479332e-05 0.003494714 0.08764274 0.006983108 0.07330051 0.01770107 0.0004455286 0.001949583 0.002461467 0.0153818 0.007169535 0.01526488 0.002821681 0.000199066 0.000723589 0.01065161 0.0004423688 0.1153635 0.009580445 0.09597824 0.004837619 0.00680932 0.1684983 0.1312856 0.07037456 0.04497311 0.0001169118 0.0002938593 0.01468349 0.02347715 0.000951093 0.08687492 0.007773052 0.06070248 0.01540707 0.01353017 0.002717408 0.0005719197 0.000780465 0.0009352941 0.0002085453 0.0001864269 0.01006073 3.159777e-06 0.0006603935 0.03374326 0.001406101 0.01661095 0.0107938 0.0001895866 0.0009258147 0.0001548291 0.002796403 0.0001674682 0.002436188 0.000227504 7.899443e-05 0.0002148649 0.005728676 0.001804233 0.001712599 0.0005656001 0.0655875 2.527822e-05 0.0003475755 0.002562579 0.07276967 0.004411049 0.004638553 2.527822e-05 0.0001232313 0.0007014706 0.002657373 6.635532e-05 0.008142746 0.001191236 0.00936558 0.0004992448 0.003478915 0.0006983108 0.0001263911 0.0001042727
6.319555e-06 0.03892846 1.579889e-05 0 0 1.263911e-05 2.8438e-05 6.319555e-06 0.003295648 6.319555e-06 0.002865918 1.579889e-05 0.04973489 0 1.895866e-05 3.159777e-06 3.791733e-05 0.0002938593 0.0002117051 0 0 0.01416212 0 0.004837619 0.01048414 0.009918541 0.0871277 3.159777e-05 1.263911e-05 6.319555e-06 0.002603656 0 0 0.0001169118 3.159777e-06 0.0004076113 0.01483199 0.008442925 0.0002906995 3.159777e-05 3.159777e-05 0.02373309 9.163354e-05 0 0.0005782392 0 0 0 0 9.479332e-06 0 2.8438e-05 3.159777e-06 0.002897516 0 0.009612043 0 0 2.211844e-05 5.371621e-05 0.001962222 0.001782114 0 0 0.0002117051 3.159777e-06 0.0001864269 0.00184847 0.004053994 0.009166514 1.895866e-05 0 1.895866e-05 0.001829511 0 0 1.895866e-05 0 0.0001643084 0.004692269 0.0003602146 0.0001042727 3.159777e-06 0 0.003112381 0
0.003725377 0.01682581 0.05181403 0.0001232313 1.263911e-05 0.001687321 0.01741353 0.006695568 0.001074324 0.00270161 0.06179576 0.001339746 0.005238911 0.01091703 6.319555e-06 0.001191236 0.09735906 0.0979057 0.1064813 0.0005466415 0.001665203 0.003219813 0.04075165 0.00680932 0.009918541 0.4052636 0.4555325 0.007548708 0.009861665 0.02203945 0.005406379 0.001169118 0.0001453498 0.06307231 0.0002812202 0.09118801 0.3752014 0.2822787 0.03595511 0.006594455 4.10771e-05 0.001668362 0.0001453498 1.579889e-05 0.009245508 0.001207035 0 0 6.319555e-06 0.0001548291 1.579889e-05 4.423688e-05 3.159777e-05 0.01437067 6.319555e-06 0.01515429 3.159777e-05 0 0.0002717408 0.01571041 0.03132919 0.06022852 0 5.371621e-05 0.0002749006 0.0002938593 0.0004771264 0.006253199 0.08015723 0.1961147 0.000227504 2.8438e-05 0.0001263911 0.004866057 0 1.263911e-05 0.000979531 9.479332e-05 0.007615063 0.009406657 0.005084082 0.001589368 3.475755e-05 3.159777e-06 0.0004929253 1.895866e-05
0.001165958 0.0921865 0.2253585 7.899443e-05 3.159777e-06 0.0006161566 0.01754624 0.002183406 0.0374402 0.001229153 0.008278617 0.0005213633 0.008743104 0.003706419 0.0002053855 0.07320888 0.327691 0.02603656 0.04926093 0.0001927464 0.007276967 0.1429136 0.4355879 0.1684983 0.0871277 0.4555325 0.4216723 0.1099287 0.003197695 0.008297575 0.003668501 0.0004802861 0.0001453498 0.2132091 0.001143839 0.2778898 0.2444846 0.522011 0.0491377 0.008499801 7.267488e-05 0.002186566 0.000666713 5.687599e-05 0.02341079 0.01071165 3.159777e-06 0 2.211844e-05 0.0007014706 5.687599e-05 0.000199066 7.267488e-05 0.02027313 3.791733e-05 0.02271564 0.0001169118 3.159777e-06 0.01342905 0.01439911 0.04356385 0.07334791 1.895866e-05 0.0003633744 0.01087911 0.01397569 0.001731558 0.01467717 0.1106902 0.3874108 0.001497734 0.0001105922 0.0002685811 0.007103179 3.159777e-06 1.263911e-05 0.002625775 0.000255942 0.01548607 0.01368816 0.01360284 0.00382649 0.000113752 2.8438e-05 0.0009479332 7.267488e-05
0.01525856 0.0003349364 0.02510759 0.04345958 1.263911e-05 0.0464898 0.5003539 0.03103533 0.05465783 0.119269 0.00156725 0.007858366 0.001453498 0.05053432 0.00114068 0.02519606 0.004695429 0.0007836248 0.002082293 0.04314992 0.01461081 0.0241723 0.1506866 0.1312856 3.159777e-05 0.007548708 0.1099287 0.2309702 0.1404584 0.4201177 4.423688e-05 0.0009005365 0.02406486 0.170906 0.002666852 0.2556133 0.02028577 0.257307 0.0548253 0.008872655 0.006250039 8.847376e-05 0.00183899 0.003194535 0.0001295509 0.0001579889 0.01156794 9.479332e-06 0.0007077901 0.02321172 0.002259241 0.01426323 0.01124881 0.0001200715 0.00141874 1.263911e-05 0.006540739 0.0001200715 0.009273946 0.000312818 5.687599e-05 0.0001832671 0.006190004 0.007188493 0.004780743 0.001488255 0.07112027 1.895866e-05 0.0003728537 0.003557909 0.08948489 0.01083172 0.01522697 0 9.163354e-05 0.001295509 0.002363513 0.0002053855 0.01388406 0.003156618 0.00851244 0.0006698728 0.003782253 0.0004897655 1.263911e-05 0.0001864269
0.05226272 3.791733e-05 0.007463394 0.01148579 8.847376e-05 0.03214757 0.1732032 0.02492432 0.003867567 0.1286598 0.003924443 0.02199837 0.002094932 0.1147062 0.000227504 0.0003538951 0.02396059 0.004834459 0.02388792 0.01613066 0.004922933 0.0008183823 0.03717478 0.07037456 1.263911e-05 0.009861665 0.003197695 0.1404584 0.248744 0.09872408 8.215421e-05 0.007927881 0.02486429 0.09103318 9.163354e-05 0.01298984 0.002053855 0.02376469 0.002221323 0.002173927 0.003605306 3.791733e-05 0.0001011129 0.0002180246 6.319555e-06 1.579889e-05 0.0002306637 0 2.8438e-05 0.003472595 0.0002053855 0.0009890103 0.0004802861 2.527822e-05 6.003577e-05 9.479332e-06 0.0004866057 1.263911e-05 0.0002654213 1.895866e-05 2.211844e-05 7.583466e-05 0.0001769475 0.0002591017 0.0001579889 2.527822e-05 0.006907273 6.319555e-06 6.95151e-05 0.0001674682 0.01025348 0.0009542527 0.001175437 0 1.579889e-05 0.0001643084 0.0004455286 9.479332e-06 0.002085453 0.0002496224 0.001595688 7.583466e-05 0.0004992448 0.0001327106 6.319555e-06 2.211844e-05
0.06118593 0.0001453498 0.07447911 0.0004708068 0 0.001766316 0.1056282 0.01712599 0.006654491 0.002312957 0.0004550079 6.003577e-05 0.0003159777 0.106949 3.159777e-06 0.00226872 0.06730958 0.00525155 0.02790399 0.0001674682 0.1303219 0.004035036 0.391468 0.04497311 6.319555e-06 0.02203945 0.008297575 0.4201177 0.09872408 0.1264195 1.263911e-05 0.0004234102 0.0159474 0.098149 0.001064845 0.2020235 0.03805636 0.1304324 0.03051081 0.00170312 0.0006793521 2.527822e-05 0.0006035175 0.002891196 7.583466e-05 6.319555e-05 3.159777e-05 0 6.319555e-05 0.008484002 0.00169996 0.003087102 0.0002527822 8.847376e-05 1.579889e-05 1.895866e-05 0.005150437 2.527822e-05 0.005554888 0.0002117051 7.583466e-05 0.0002148649 4.10771e-05 0.005722357 0.001611486 0.0005719197 0.03517464 6.319555e-06 0.0003254571 0.0009163354 0.05958392 0.009175993 0.01277498 0 5.371621e-05 0.001301828 0.002139169 8.531399e-05 0.01505634 0.002736367 0.00850612 0.0006003577 0.001924304 0.0005055644 9.479332e-06 0.0002085453
3.159777e-05 0.0002717408 2.527822e-05 3.159777e-06 0 7.899443e-05 5.055644e-05 8.847376e-05 4.423688e-05 0.0002180246 0.02353402 0.000170628 0.002853279 9.479332e-05 0 3.159777e-06 1.263911e-05 0.005005087 0.0001042727 5.055644e-05 1.895866e-05 0.0001358704 6.95151e-05 0.0001169118 0.002603656 0.005406379 0.003668501 4.423688e-05 8.215421e-05 1.263911e-05 0.0006193164 4.739666e-05 0 0.003162937 0 0.0009384539 0.03919072 0.01444018 0.001899026 6.95151e-05 0 0.0007014706 0 3.159777e-06 0.0003317766 0 0 0 0 6.319555e-06 0 2.8438e-05 0 0.004774423 0 0.01088859 3.159777e-06 0 2.211844e-05 6.319555e-06 0.004875536 0.0002875397 0 3.159777e-06 0.0001390302 6.319555e-06 0.000170628 0.001109082 0.004973489 0.008676748 1.263911e-05 3.159777e-06 0 0.002749006 0 0 2.8438e-05 0 0.0001959062 0.003614785 0.0002780604 7.583466e-05 3.159777e-06 0 0.0004455286 0
0.001304988 1.579889e-05 0.0001832671 0.0001263911 0.0003349364 0.01130252 0.002208684 0.01428219 5.687599e-05 0.004749145 0.00241723 0.004341534 0.00326721 0.01311308 0.0005845588 0 0.0003854928 0.0005750795 0.001030087 0.001109082 3.159777e-06 6.319555e-06 0.0001579889 0.0002938593 0 0.001169118 0.0004802861 0.0009005365 0.007927881 0.0004234102 4.739666e-05 4.10771e-05 1.263911e-05 0.06786254 3.159777e-06 0.003640063 0.0003096582 0.007833088 0.0007551868 0.003810691 0.02551836 5.055644e-05 1.579889e-05 0 0 3.159777e-06 3.159777e-06 0 0 3.159777e-05 3.159777e-06 9.479332e-06 3.159777e-06 1.895866e-05 0 0 3.159777e-06 0 0 3.159777e-06 3.159777e-06 3.159777e-06 6.319555e-06 0 0 0 7.899443e-05 0 2.527822e-05 4.10771e-05 6.003577e-05 0 1.263911e-05 0 0 0 1.263911e-05 0 2.211844e-05 0 1.895866e-05 3.159777e-06 1.263911e-05 0 0 0
0.0004170906 6.319555e-06 5.055644e-05 0.0005340024 0 0.0003412559 0.0130562 0.0003602146 0.0006161566 0.001772635 2.527822e-05 4.739666e-05 1.579889e-05 0.0006224761 3.475755e-05 7.267488e-05 0.0008247019 0.0001263911 0.0009131756 0.000170628 0.0003823331 0.0001327106 0.001184916 0.01468349 0 0.0001453498 0.0001453498 0.02406486 0.02486429 0.0159474 0 1.263911e-05 0.004755465 0.007624543 0 0.0003570548 0.0004929253 0.003166097 0.0001579889 7.267488e-05 1.263911e-05 0 0 5.055644e-05 0 6.319555e-06 1.895866e-05 0 1.263911e-05 0.0004360493 2.8438e-05 0.0001263911 1.895866e-05 3.159777e-06 6.319555e-06 0 0.0001232313 0 5.055644e-05 0 0 6.319555e-06 1.263911e-05 5.055644e-05 1.895866e-05 1.263911e-05 0.0008847376 0 6.319555e-06 1.579889e-05 0.001314467 0.0001485095 0.000170628 0 0 1.579889e-05 4.10771e-05 3.159777e-06 0.0002812202 3.791733e-05 0.0002022257 2.211844e-05 3.791733e-05 6.319555e-06 0 9.479332e-06
0.006739805 0.000808903 0.01268019 0.001892707 0.0005150437 0.01569461 0.03165149 0.01668362 0.001011129 0.03285536 0.04889123 0.02292102 0.01108134 0.02143909 0.00014219 0.01120773 0.06270262 0.02973982 0.08602178 0.006139447 0.1909011 0.001026928 0.1573032 0.02347715 0.0001169118 0.06307231 0.2132091 0.170906 0.09103318 0.098149 0.003162937 0.06786254 0.007624543 0.0550212 3.475755e-05 0.01435803 0.01539759 0.08241015 0.003930763 0.002196045 0.000170628 0.000113752 4.739666e-05 8.215421e-05 0.0004170906 0.0004739666 7.899443e-05 0 1.895866e-05 0.001406101 9.163354e-05 0.00028438 0.0001769475 3.791733e-05 3.475755e-05 6.95151e-05 0.000170628 0 0.0001801073 0.001058525 0.0001200715 0.000922655 5.371621e-05 9.479332e-05 7.899443e-05 0.0001232313 0.002151808 3.475755e-05 0.002079133 0.008028994 0.002480425 0.0002369833 0.0003254571 2.211844e-05 3.159777e-06 4.423688e-05 0.0002338235 1.895866e-05 0.0008594594 0.0002306637 0.0007393879 0.0001927464 0.000113752 1.895866e-05 9.479332e-06 0
4.10771e-05 9.479332e-06 0.0001643084 4.423688e-05 0 5.055644e-05 0.0007141097 5.371621e-05 2.211844e-05 0.0002022257 9.479332e-06 3.159777e-06 0.0001516693 8.215421e-05 3.159777e-06 0.0005940381 7.583466e-05 2.211844e-05 6.95151e-05 2.8438e-05 0.001864269 2.8438e-05 0.002720568 0.000951093 3.159777e-06 0.0002812202 0.001143839 0.002666852 9.163354e-05 0.001064845 0 3.159777e-06 0 3.475755e-05 0.6757121 0.1077421 0.002022257 0.01511637 0.01865217 8.531399e-05 0.0003096582 1.895866e-05 0.001807393 0 0 6.319555e-06 0 0 0 4.10771e-05 0 9.479332e-06 3.159777e-06 6.319555e-06 0 2.211844e-05 0 0 9.479332e-06 3.159777e-06 3.159777e-06 9.479332e-06 3.159777e-06 3.159777e-06 0 6.319555e-06 5.055644e-05 0 1.895866e-05 6.635532e-05 0.0001263911 1.579889e-05 1.895866e-05 0 0 0 3.159777e-06 0.3775713 0.0001390302 2.211844e-05 0.0002685811 0.0004613275 1.263911e-05 3.791733e-05 2.211844e-05 9.479332e-06
0.003709579 0.002104412 0.02635254 0.006850397 0.0003222973 0.02189094 0.08235012 0.0144307 0.004281498 0.04638553 0.005289467 0.004869217 0.01156794 0.01381139 0.000170628 0.1030593 0.03227713 0.01956534 0.02390688 0.005687599 0.3989156 0.006414348 0.4436991 0.08687492 0.0004076113 0.09118801 0.2778898 0.2556133 0.01298984 0.2020235 0.0009384539 0.003640063 0.0003570548 0.01435803 0.1077421 0.08908044 0.4285638 0.1893054 0.06294908 0.07587257 0.03299755 0.007479193 0.007479193 0.0005118839 0.0008594594 0.0003949722 0.0001959062 0 5.371621e-05 0.00511252 0.0004455286 0.001295509 0.0004834459 0.0001358704 4.10771e-05 0.0001643084 0.001314467 1.263911e-05 0.002632094 0.001573569 0.0002338235 0.001782114 0.0001801073 0.001832671 0.0005624404 0.0004866057 0.01031035 9.479332e-05 0.003431518 0.0119724 0.01234841 0.001892707 0.002594177 2.211844e-05 0.0001295509 0.0002022257 0.0007393879 0.002916474 0.003004948 0.00113436 0.003365163 0.0004771264 0.001911665 0.0003791733 0.000255942 7.583466e-05
0.0003096582 0.01280658 0.05592174 0.0001105922 0 0.0007836248 0.002944912 0.001083804 0.0011312 0.001835831 0.07844463 0.0009890103 0.2515214 0.001232313 1.579889e-05 0.04245477 0.0331745 0.08116836 0.05382365 0.0003728537 0.05531506 0.004761784 0.2193991 0.007773052 0.01483199 0.3752014 0.2444846 0.02028577 0.002053855 0.03805636 0.03919072 0.0003096582 0.0004929253 0.01539759 0.002022257 0.4285638 0.1342179 0.1329224 0.04254008 0.02821997 0.0005308426 0.003039706 0.001352385 9.479332e-05 0.0008341812 2.8438e-05 0 0 3.159777e-06 0.0001643084 3.475755e-05 0.0001169118 1.895866e-05 0.005466415 3.159777e-06 0.01978653 0.0001769475 3.159777e-06 0.0007773052 0.0004834459 0.001466137 0.002316117 3.159777e-06 0.0005561208 0.000255942 0.0001232313 0.001096443 0.000638275 0.0042499 0.009741593 0.001311308 0.000312818 0.0005877186 0.002733207 0 2.527822e-05 9.479332e-05 0.0001485095 0.01864901 0.02309165 0.001339746 0.0001042727 0.0001453498 2.211844e-05 0.01418108 6.319555e-06
0.00425306 0.009618362 0.03039706 0.005725516 0.0002970191 0.02733207 0.07599896 0.01617174 0.003188215 0.09438571 0.09505874 0.03629004 0.06778986 0.01567881 0.0002180246 0.05091665 0.09621838 0.104854 0.1238317 0.01534388 0.3787088 0.005716037 0.4136717 0.06070248 0.008442925 0.2822787 0.522011 0.257307 0.02376469 0.1304324 0.01444018 0.007833088 0.003166097 0.08241015 0.01511637 0.1893054 0.1329224 0.1141912 0.02322436 0.01547027 0.001071165 0.005403219 0.002139169 0.0001390302 0.001759996 0.001068005 0.000255942 0 3.791733e-05 0.004129829 0.0001737878 0.0007646661 0.0003981319 0.001292349 7.267488e-05 0.0007267488 0.0004581677 1.579889e-05 0.000723589 0.00297967 0.0007330683 0.004000278 0.0001327106 0.0003317766 0.000227504 0.0003317766 0.006325874 0.0002527822 0.007084221 0.02657689 0.007144256 0.000695151 0.0009258147 7.583466e-05 1.579889e-05 8.847376e-05 0.001219674 0.001121721 0.005848748 0.0007867845 0.00270161 0.0007899443 0.0003254571 9.163354e-05 0.0009668919 4.10771e-05
0.0007836248 0.0006698728 0.00454692 0.0009605723 3.159777e-05 0.003235612 0.01494259 0.003681141 0.0007773052 0.007387559 0.01706596 0.002609976 0.008844217 0.00312502 6.003577e-05 0.01849734 0.01027244 0.0115869 0.01062317 0.001124881 0.09945083 0.0007204292 0.1181599 0.01540707 0.0002906995 0.03595511 0.0491377 0.0548253 0.002221323 0.03051081 0.001899026 0.0007551868 0.0001579889 0.003930763 0.01865217 0.06294908 0.04254008 0.02322436 0.0008878974 0.008455564 5.371621e-05 0.0005940381 0.0003412559 4.423688e-05 0.0002622615 0.0001011129 4.10771e-05 0 6.319555e-06 0.000695151 3.159777e-05 0.0001832671 9.79531e-05 0.0008120628 1.579889e-05 0.0003949722 0.0001295509 0 0.0002906995 0.0004328895 0.0001200715 0.0005308426 2.8438e-05 0.0001832671 6.003577e-05 6.003577e-05 0.001260751 5.371621e-05 0.0009447734 0.003235612 0.00170944 0.000199066 0.00028438 6.319555e-06 3.159777e-06 1.263911e-05 0.0005561208 0.001548291 0.002293998 0.0001611486 0.001096443 0.0004581677 6.95151e-05 2.8438e-05 0.0007962639 6.319555e-06
0.0001516693 0.0001832671 0.0008910572 0.010165 0.003617945 0.03889054 0.004069793 0.01794122 0.007365441 0.009254988 0.000865779 0.05674644 0.002094932 0.007039984 0.01552083 0.0005877186 0.0016968 0.001608327 0.002038056 0.02471578 0.002888036 0.0004328895 0.002474106 0.01353017 3.159777e-05 0.006594455 0.008499801 0.008872655 0.002173927 0.00170312 6.95151e-05 0.003810691 7.267488e-05 0.002196045 8.531399e-05 0.07587257 0.02821997 0.01547027 0.008455564 0.01657935 0.004651192 0.000552961 0.0007867845 6.319555e-06 4.739666e-05 9.479332e-06 0.0004012917 0 1.263911e-05 0.0004866057 1.895866e-05 0.0001232313 0.000227504 4.10771e-05 0.0001548291 1.263911e-05 3.475755e-05 1.895866e-05 1.263911e-05 7.267488e-05 2.211844e-05 0.0001232313 0.0002338235 3.159777e-06 6.319555e-06 6.319555e-06 0.000894217 6.319555e-06 0.0002148649 0.0005750795 0.0007931041 5.055644e-05 4.10771e-05 0 3.159777e-06 3.159777e-06 5.687599e-05 8.531399e-05 0.0002022257 2.211844e-05 0.0001390302 1.895866e-05 0.0005213633 1.263911e-05 1.263911e-05 0
0.0002306637 1.579889e-05 9.79531e-05 0.000609837 0.00127655 0.01796333 0.006050974 0.01220622 0.0001832671 0.01004809 4.10771e-05 0.00453744 5.687599e-05 0.003990799 7.583466e-05 4.423688e-05 6.635532e-05 9.479332e-06 6.003577e-05 0.001646244 0.0004802861 3.791733e-05 0.0003570548 0.002717408 3.159777e-05 4.10771e-05 7.267488e-05 0.006250039 0.003605306 0.0006793521 0 0.02551836 1.263911e-05 0.000170628 0.0003096582 0.03299755 0.0005308426 0.001071165 5.371621e-05 0.004651192 1.263911e-05 0.0001864269 0.0001011129 3.159777e-06 0 0 1.579889e-05 0 6.319555e-06 0.0003728537 9.479332e-06 6.635532e-05 2.8438e-05 0.00014219 6.319555e-06 5.055644e-05 1.579889e-05 0 3.159777e-06 0 0 3.159777e-06 1.263911e-05 3.159777e-06 3.159777e-06 0 0.0003854928 3.159777e-06 0 0 0.0004265699 2.8438e-05 1.579889e-05 0 0 6.319555e-06 0.0001011129 3.475755e-05 7.267488e-05 3.159777e-06 0.0001485095 4.739666e-05 3.159777e-05 2.211844e-05 0.0001232313 0
0 0.02017834 4.739666e-05 0 0 0.0001548291 6.635532e-05 0.000170628 0.0005371621 0.0001358704 0.01004177 0.00014219 0.03837866 0.0001042727 6.319555e-06 3.159777e-06 0.000113752 0.0001643084 9.79531e-05 3.791733e-05 9.479332e-06 0.002009618 2.8438e-05 0.0005719197 0.02373309 0.001668362 0.002186566 8.847376e-05 3.791733e-05 2.527822e-05 0.0007014706 5.055644e-05 0 0.000113752 1.895866e-05 0.007479193 0.003039706 0.005403219 0.0005940381 0.000552961 0.0001864269 6.635532e-05 0.0001200715 0 3.159777e-06 0 0 0 0 3.159777e-06 0 0 3.159777e-06 0.0004802861 0 0.0003823331 0 0 3.159777e-06 0 1.895866e-05 0 3.159777e-06 0 3.159777e-06 0 9.479332e-06 6.319555e-06 5.055644e-05 6.319555e-05 9.479332e-06 0 0 6.635532e-05 3.159777e-06 0 0.0001105922 3.159777e-06 0.0007330683 0.001466137 0.0005213633 9.479332e-05 6.319555e-06 3.159777e-06 0.001864269 0
