0.004467156 3.331212e-06 0.0006029495 7.99491e-05 0 3.997455e-05 0.04703339 0.0004497137 4.330576e-05 0.001179249 1.998727e-05 9.993637e-06 2.331849e-05 0.03095696 0 0 0.004233971 0 3.997455e-05 4.663697e-05 0.01459737 0 0.004517124 0.0004330576 0 0.001379122 2.331849e-05 0.002525059 0.01501044 0.03471457 3.331212e-06 1.332485e-05 0.0002431785 0.004677022 1.665606e-05 0.0002998091 3.331212e-06 0.003920837 0.000156567 0 0.000156567 0 3.331212e-06 0 0 0 0 0 0 0 0 6.662425e-06 9.993637e-06 0 0 0 3.331212e-06 0 0 0 0 0 0 0 0 0 3.331212e-05 0 1.665606e-05 0 6.662425e-06 0 0 0 0 0 6.662425e-06 0 3.331212e-06 3.331212e-06 6.662425e-06 0 0 3.331212e-06 0 0
3.331212e-06 0.005496501 0.01655946 0 3.331212e-06 6.662425e-06 0.0001898791 1.998727e-05 0.05889917 3.331212e-06 0.0004130703 1.998727e-05 0.01459737 0.0001199236 0.001095969 0.002578358 0.01711244 3.664334e-05 0.000736198 0 0.0004064079 0.06679414 0.003101359 0.0356573 0.04665696 0.06216042 0.04063413 0.0006962234 0.0005096755 0.0002831531 0.0002331849 0.0001165924 4.663697e-05 0.00313134 9.660516e-05 0.02849519 0.01689258 0.02189273 0.007894974 0.0003531085 6.662425e-06 0.006665756 9.993637e-05 2.331849e-05 1.998727e-05 0.003004754 0 3.331212e-06 3.331212e-06 0.0002898155 2.331849e-05 6.662425e-06 0 9.993637e-06 0 0.00010993 1.998727e-05 0 3.997455e-05 0.003404499 3.331212e-05 0.002804881 0 0.0001832167 2.66497e-05 0.0006129431 2.66497e-05 7.661789e-05 0.005170042 0.003307894 0.0001399109 3.331212e-05 0.000203204 1.665606e-05 3.331212e-06 0 0.0008861025 6.662425e-06 0.001932103 0.003098028 0.004087398 0.001175918 0 0 6.662425e-06 0
0.0006029495 0.01655946 0.01805517 3.664334e-05 6.662425e-06 7.661789e-05 0.01425093 0.001065988 0.0001632294 0.0001698918 4.330576e-05 1.665606e-05 0.0003397837 0.005033462 0 0.002505072 0.02722267 1.665606e-05 0.0003064715 2.66497e-05 0.02623996 0.0007328667 0.09322731 0.003750945 0.0003431149 0.06248355 0.1808582 0.02080342 0.002904817 0.0127752 1.332485e-05 0.0005163379 4.996819e-05 0.009470637 8.994274e-05 0.02452439 0.01131946 0.05548134 0.02332848 0 2.331849e-05 5.996182e-05 5.663061e-05 1.665606e-05 0.0005829622 0.009570573 0 0 0 0.0002131976 9.993637e-06 3.331212e-06 3.331212e-06 6.662425e-06 0 3.331212e-06 1.332485e-05 0 7.328667e-05 0.003524423 3.997455e-05 0.0003164652 0 0.0002798218 5.996182e-05 0.001902122 6.662425e-05 2.66497e-05 0.002545046 0.004500468 0.0001399109 2.998091e-05 0.0001232549 3.331212e-06 0 0 0.0002598346 3.331212e-05 0.003464461 0.003301232 0.003994124 0.00186881 0 0 0 6.662425e-06
7.99491e-05 0 3.664334e-05 0.04932193 0 0.003197964 0.003724296 0.002881499 0.04921866 0.02936131 4.330576e-05 0.09435659 3.997455e-05 0.0049735 0.00469701 0 0.0002398473 6.662425e-06 1.665606e-05 0.07537201 0.0003464461 0 0.0002598346 0.04470487 0 0.0001399109 0 0.07451589 0.006502527 0.000313134 3.331212e-06 7.661789e-05 0.0002098664 0.002428454 4.330576e-05 0.003138002 9.993637e-06 0.005126736 0.0002465097 0.001965415 0.0007861661 1.332485e-05 7.328667e-05 3.331212e-06 0 0 0.003111352 0 0.0004830258 0.0004130703 0.0004497137 0.004773627 0.005882921 0 0.000596287 0 0.0002831531 1.665606e-05 0 0 0 0 0.002345174 0 3.331212e-06 0 0.005882921 0 0 3.331212e-06 0.006948909 0.0002298537 3.331212e-06 0 1.665606e-05 0 6.329304e-05 0 8.994274e-05 3.331212e-06 0.0002831531 1.665606e-05 8.661152e-05 3.331212e-05 0 0
0 3.331212e-06 6.662425e-06 0 7.328667e-05 0.002864843 4.330576e-05 0.001322491 3.331212e-06 0.0002298537 0.0001865479 0.0001698918 9.327395e-05 0.001159262 0.0006595801 3.331212e-06 5.663061e-05 1.332485e-05 1.665606e-05 4.330576e-05 6.662425e-06 0 2.66497e-05 1.332485e-05 0 3.664334e-05 6.329304e-05 5.663061e-05 0.0001665606 3.331212e-06 0 0.0006595801 0 0.0008594528 0 0.0003631022 6.662425e-06 0.002708276 1.332485e-05 0.0007295355 0.001132612 6.662425e-06 6.662425e-06 0 0 0 0 0 0 0 0 0 0 0 0 0 0 0 0 0 0 0 0 0 0 0 3.331212e-06 0 0 0 3.331212e-06 3.331212e-06 0 0 0 0 0 0 3.331212e-06 0 0 0 0 0 0 0
3.997455e-05 6.662425e-06 7.661789e-05 0.003197964 0.002864843 0.05876259 0.05692043 0.1858717 0.001075982 0.2064952 0.0005929558 0.05360587 0.0003197964 0.04772295 0.0009194146 0 0.0002631658 5.996182e-05 9.993637e-05 0.01154598 0.0002864843 0 0.0001898791 0.004170678 3.331212e-06 0.0003231276 0.0001532358 0.01269192 0.01342812 0.0005030131 2.66497e-05 0.005866265 8.328031e-05 0.003331212 0.0001065988 0.001795524 1.332485e-05 0.009050904 0.0001898791 0.0005762998 0.002934798 1.332485e-05 3.997455e-05 1.332485e-05 0 0 9.327395e-05 0 7.328667e-05 0.0001832167 6.329304e-05 0.0002431785 0.0005130067 3.331212e-06 9.327395e-05 0 8.994274e-05 0 0 0 3.331212e-06 0 0.0001765543 0 0 0 0.002355167 0 3.331212e-06 3.331212e-06 0.001322491 0.0001299173 3.331212e-06 0 6.662425e-06 3.331212e-06 5.32994e-05 3.331212e-06 0.0001532358 3.331212e-06 0.0002131976 1.332485e-05 9.993637e-06 2.998091e-05 0 6.662425e-06
0.04703339 0.0001898791 0.01425093 0.003724296 4.330576e-05 0.05692043 0.1277253 0.2717337 0.01057993 0.1773604 0.0003830894 0.001542351 0.0002365161 0.2398107 0.0001199236 3.997455e-05 0.04065745 3.331212e-05 0.0004597073 0.008304713 0.1283849 3.664334e-05 0.04767964 0.04348565 5.996182e-05 0.02210926 0.001462402 0.4014011 0.08080189 0.1706547 6.662425e-06 0.000532994 0.005319946 0.04058416 0.0005529813 0.01545016 0.0001399109 0.04783288 0.003048059 3.664334e-05 0.002871505 1.998727e-05 0.0002331849 2.66497e-05 1.998727e-05 9.993637e-06 0.0002365161 0 0.000376427 0.0004930194 0.0003531085 0.0006562489 0.001738893 6.662425e-06 4.996819e-05 0 0.0002298537 3.331212e-06 3.331212e-06 2.66497e-05 3.331212e-06 7.661789e-05 0.0004796946 0 0 6.662425e-06 0.003924168 3.331212e-06 9.993637e-05 0.0001265861 0.003251263 0.0002465097 9.993637e-06 6.662425e-06 1.665606e-05 3.331212e-06 0.0001532358 9.993637e-06 0.0002964779 1.998727e-05 0.000532994 3.331212e-05 2.998091e-05 3.664334e-05 0 1.332485e-05
0.0004497137 1.998727e-05 0.001065988 0.002881499 0.001322491 0.1858717 0.2717337 0.1557908 0.002451772 0.2687589 0.000486357 0.03394839 0.000313134 0.08441625 0.00222525 3.331212e-06 0.002948123 5.32994e-05 0.0001032676 0.009050904 0.003531085 6.662425e-06 0.002468428 0.01600648 6.662425e-06 0.00189546 0.0002598346 0.07136456 0.009980313 0.00667575 3.331212e-06 0.007112139 0.0008394655 0.007078826 0.0002498409 0.005223341 5.663061e-05 0.01743557 0.0004763634 0.0002565034 0.004197328 1.332485e-05 9.327395e-05 2.331849e-05 0 0 7.328667e-05 0 9.660516e-05 0.0002831531 0.0001532358 0.0003864206 0.0004730322 3.331212e-06 2.66497e-05 3.331212e-06 0.0001598982 0 0 0 3.331212e-06 6.662425e-06 0.0001132612 0 0 3.331212e-06 0.003564397 0 1.332485e-05 1.998727e-05 0.00200539 0.0002864843 9.993637e-06 0 6.662425e-06 9.993637e-06 0.0001365797 3.331212e-06 0.0002964779 3.331212e-06 0.0003597709 2.998091e-05 0 4.996819e-05 0 1.332485e-05
4.330576e-05 0.05889917 0.0001632294 0.04921866 3.331212e-06 0.001075982 0.01057993 0.002451772 0.00313134 0.0241946 0.0003264588 0.004770296 0.003870869 0.002311861 0.02421125 0.005959539 0.0004363888 2.998091e-05 0.0003164652 0.01625965 0.0007262043 0.07221735 0.0002864843 0.1020417 0.01646951 0.01519033 0.02619332 0.06915264 0.008251413 0.00414736 8.328031e-05 6.662425e-05 0.002238575 0.008914325 0.0006595801 0.02282214 0.001595651 0.01630962 0.0008661152 0.003024741 0.0007128795 0.001049332 0.0001865479 5.996182e-05 6.662425e-06 0 0.0002598346 0 5.663061e-05 0.000203204 8.328031e-05 0.0003897519 0.0008028222 6.662425e-06 5.996182e-05 2.66497e-05 0.0001598982 3.331212e-06 9.660516e-05 3.331212e-06 0 0 0.0002698282 7.661789e-05 2.66497e-05 3.331212e-06 0.003437811 1.665606e-05 3.331212e-05 3.331212e-05 0.002518397 0.0003464461 0.0001299173 9.993637e-06 0 2.331849e-05 9.660516e-05 6.662425e-06 0.0006295992 6.329304e-05 0.0003431149 3.997455e-05 1.998727e-05 3.331212e-05 0 0
0.001179249 3.331212e-06 0.0001698918 0.02936131 0.0002298537 0.2064952 0.1773604 0.2687589 0.0241946 0.3710871 0.002002059 0.01120287 0.001289179 0.1435686 0.001065988 3.331212e-06 0.001212561 0.0003098028 0.0006262679 0.03470457 0.002042033 3.331212e-06 0.001119287 0.01415765 2.331849e-05 0.001655613 0.0003631022 0.06185728 0.07601494 0.001065988 7.661789e-05 0.003084703 0.0004663697 0.02355833 0.0006462552 0.02354834 6.662425e-05 0.07015533 0.002375154 0.0004597073 0.01247539 9.327395e-05 0.0005196691 6.329304e-05 0 0 0.002511734 1.665606e-05 0.001912116 0.002161957 0.001615638 0.005856272 0.0156567 2.331849e-05 0.0007795037 3.331212e-06 0.001189243 4.330576e-05 0 3.331212e-06 0 0 0.004633717 0 9.993637e-06 0 0.02103994 3.331212e-06 0 1.665606e-05 0.01975409 0.001085975 6.662425e-06 0 4.996819e-05 3.331212e-06 0.0005163379 1.332485e-05 0.0008561216 3.331212e-06 0.001768874 0.0001332485 0.0001165924 0.0002165288 0 2.66497e-05
1.998727e-05 0.0004130703 4.330576e-05 4.330576e-05 0.0001865479 0.0005929558 0.0003830894 0.000486357 0.0003264588 0.002002059 0.0682199 0.0006729049 0.05225007 0.01181248 6.662425e-06 9.327395e-05 0.0003497773 0.0647721 0.003134671 0.0003098028 0.0001399109 0.0003264588 0.0001698918 0.0002964779 0.002838193 0.1470197 0.02569697 0.0003564397 0.01977741 7.99491e-05 0.004593742 0.00656582 0 0.04637048 0 0.003621028 0.01364798 0.08061534 0.00236183 6.662425e-06 0.001272523 0.005699705 2.998091e-05 3.331212e-06 3.997455e-05 1.332485e-05 3.331212e-06 0 3.331212e-06 3.331212e-06 3.331212e-06 6.662425e-06 3.331212e-06 1.332485e-05 0 0.0003564397 3.331212e-06 3.331212e-06 3.331212e-06 9.993637e-06 2.66497e-05 2.331849e-05 0 0 1.332485e-05 3.331212e-06 2.331849e-05 9.660516e-05 0.0002631658 0.0004463825 2.998091e-05 6.662425e-06 0 6.662425e-05 0 0 9.993637e-06 0 3.331212e-06 0.0001965415 3.997455e-05 0 0 0 3.331212e-06 0
9.993637e-06 1.998727e-05 1.665606e-05 0.09435659 0.0001698918 0.05360587 0.001542351 0.03394839 0.004770296 0.01120287 0.0006729049 0.06695737 0.0002565034 0.05918565 0.01518367 0 0.0001165924 6.329304e-05 0.0001865479 0.0629899 0.0001199236 1.332485e-05 5.996182e-05 0.002794887 3.331212e-06 0.0003597709 0.0001132612 0.01638957 0.01420429 5.32994e-05 3.331212e-06 0.0008527904 1.332485e-05 0.002345174 1.665606e-05 0.0006029495 1.665606e-05 0.005689711 8.994274e-05 0.003128009 0.0008194783 2.998091e-05 0 0 0 0 0.0002531721 0 0.0002598346 4.663697e-05 9.327395e-05 0.000579631 0.0006695737 0 0.000846128 3.331212e-06 7.99491e-05 9.993637e-06 0 0 0 0 0.0003431149 0 0 0 0.0006629113 0 0 0 0.0007628477 7.99491e-05 0 0 1.332485e-05 0 2.66497e-05 0 1.998727e-05 3.331212e-06 6.329304e-05 3.331212e-06 9.993637e-06 9.993637e-06 0 0
2.331849e-05 0.01459737 0.0003397837 3.997455e-05 9.327395e-05 0.0003197964 0.0002365161 0.000313134 0.003870869 0.001289179 0.05225007 0.0002565034 0.1135377 0.004990156 0.0001165924 0.0008028222 0.00667575 0.007405285 0.003687652 0.0001965415 0.0001698918 0.004527118 0.0003730958 0.001489052 0.07944275 0.04956844 0.1078313 0.0005563125 0.005243328 5.663061e-05 0.01548348 0.002155294 3.331212e-06 0.01818842 2.66497e-05 0.02270888 0.155008 0.1505108 0.009250777 2.331849e-05 0.0009460643 0.03339207 0.0001299173 6.662425e-06 0.0002398473 2.998091e-05 0 0 0 3.664334e-05 3.331212e-06 9.993637e-06 3.331212e-06 0.0005163379 0 0.006972228 1.332485e-05 0 9.993637e-06 0.0002964779 0.0003930831 0.0004930194 0 1.998727e-05 3.331212e-05 2.998091e-05 8.328031e-05 0.001475727 0.004567092 0.006066138 1.665606e-05 1.998727e-05 2.998091e-05 0.001672269 6.662425e-06 0 0.0001698918 1.332485e-05 0.001379122 0.002488416 0.0006062807 0.0001499046 0 0 9.993637e-06 0
0.03095696 0.0001199236 0.005033462 0.0049735 0.001159262 0.04772295 0.2398107 0.08441625 0.002311861 0.1435686 0.01181248 0.05918565 0.004990156 0.08955298 0.0005896246 7.328667e-05 0.03517427 0.001495714 0.002674964 0.01693922 0.08381331 1.998727e-05 0.03833559 0.01359801 0.0001199236 0.01685594 0.003394505 0.06231699 0.1549347 0.09223794 0.000376427 0.01768208 0.00145574 0.06132762 7.661789e-05 0.003537748 0.0003997455 0.04267949 0.0010993 6.995546e-05 0.001712243 0.0004463825 7.328667e-05 3.997455e-05 3.664334e-05 3.664334e-05 3.331212e-05 0 2.331849e-05 0.0001965415 2.998091e-05 0.0003331212 0.0002465097 0 6.329304e-05 3.331212e-06 0.0001465733 0 3.331212e-06 3.331212e-05 3.331212e-06 9.993637e-06 5.663061e-05 9.993637e-06 0 0 0.002002059 3.331212e-06 7.661789e-05 6.329304e-05 0.001142606 0.0002398473 3.331212e-05 3.331212e-06 3.331212e-06 1.332485e-05 0.0001165924 6.662425e-06 0.0003897519 4.663697e-05 0.0002498409 4.663697e-05 0 2.331849e-05 0 6.662425e-06
0 0.001095969 0 0.00469701 0.0006595801 0.0009194146 0.0001199236 0.00222525 0.02421125 0.001065988 6.662425e-06 0.01518367 0.0001165924 0.0005896246 5.663061e-05 0 0 0 1.332485e-05 0.007162107 3.331212e-06 0.00230853 3.331212e-06 0.005733017 0.0003098028 0.0005396564 0.0005996182 0.002558371 0.0005496501 3.331212e-06 0 0.0004730322 6.662425e-06 2.66497e-05 0 2.998091e-05 9.993637e-06 4.330576e-05 0 0.0005130067 9.993637e-05 1.332485e-05 0 0 0 0 3.331212e-06 0 0 0 0 9.993637e-06 9.993637e-06 0 1.998727e-05 3.331212e-06 0 0 0 0 0 0 0 0 0 0 6.662425e-06 0 0 0 1.332485e-05 0 0 0 0 0 0 0 3.331212e-06 0 0 3.331212e-06 0 3.331212e-06 0 0
0 0.002578358 0.002505072 0 3.331212e-06 0 3.997455e-05 3.331212e-06 0.005959539 3.331212e-06 9.327395e-05 0 0.0008028222 7.328667e-05 0 0.03417491 0.005982858 2.331849e-05 0.001219224 3.331212e-06 0.02320856 0.03525089 0.05904241 0.04787619 0.001255867 0.007815024 0.1622267 0.02330849 0.0002998091 0.0008727777 0.0001032676 5.32994e-05 0.0001165924 0.0234051 0.006252686 0.2359764 0.07159442 0.1346942 0.05954209 0 0.0001798855 0.0001765543 0.001155931 0 2.331849e-05 1.998727e-05 0 0 0 0.0001132612 9.993637e-06 0.0003830894 0 1.665606e-05 0 3.331212e-05 3.331212e-06 0 0.005693042 8.661152e-05 1.665606e-05 3.997455e-05 0 0.001449077 0.006485871 0.007358648 0.0002531721 1.998727e-05 0.0002098664 0.001765543 0.0008228095 6.662425e-06 0.0003997455 1.332485e-05 0 0 3.997455e-05 1.998727e-05 0.002055358 0.001515702 0.0004796946 0.0002365161 0 0 0 9.993637e-06
0.004233971 0.01711244 0.02722267 0.0002398473 5.663061e-05 0.0002631658 0.04065745 0.002948123 0.0004363888 0.001212561 0.0003497773 0.0001165924 0.00667575 0.03517427 0 0.005982858 0.0006295992 8.328031e-05 0.002028708 0.0001199236 0.03663001 0.00351776 0.04286604 0.006032826 0.0005696373 0.04013778 0.2374088 0.02556706 0.01337482 0.02144635 7.328667e-05 0.002628327 7.328667e-05 0.03943489 2.998091e-05 0.00769177 0.001485721 0.04853577 0.007941611 0 8.328031e-05 0.0002931467 3.331212e-05 6.662425e-05 0.001305835 0.001382453 0 0 3.331212e-06 0.0004663697 1.332485e-05 5.32994e-05 3.331212e-06 1.998727e-05 0 7.328667e-05 8.328031e-05 0 3.331212e-05 0.004543774 8.328031e-05 0.003787589 0 0.0002365161 3.331212e-05 0.0004763634 0.0001832167 3.997455e-05 0.008424636 0.002888161 0.0002531721 0.0001165924 0.0003331212 2.331849e-05 9.993637e-06 0 0.001192574 6.662425e-06 0.002022046 0.004440506 0.005496501 0.001342479 0 3.331212e-06 0 3.331212e-06
0 3.664334e-05 1.665606e-05 6.662425e-06 1.332485e-05 5.996182e-05 3.331212e-05 5.32994e-05 2.998091e-05 0.0003098028 0.0647721 6.329304e-05 0.007405285 0.001495714 0 2.331849e-05 8.328031e-05 0.004443837 0.002615002 2.998091e-05 2.998091e-05 2.66497e-05 4.330576e-05 3.331212e-05 0.0009893701 0.07179762 0.01836164 7.328667e-05 0.002128645 6.662425e-06 0.002218587 0.0004896882 3.331212e-06 0.008301381 0 0.002131976 0.01034341 0.02391477 0.002615002 0 0.00010993 0.0002498409 6.662425e-06 0 1.665606e-05 0 0 0 0 0 6.662425e-06 3.331212e-06 0 3.997455e-05 0 0.0005996182 0 0 0 6.662425e-06 0.0001265861 1.998727e-05 0 0 6.662425e-06 3.331212e-06 1.665606e-05 0.0001698918 0.0006962234 0.001019351 9.993637e-06 0 0 0.0002398473 0 0 6.662425e-06 0 6.662425e-06 2.66497e-05 3.331212e-05 6.662425e-06 0 0 3.331212e-06 0
3.997455e-05 0.000736198 0.0003064715 1.665606e-05 1.665606e-05 9.993637e-05 0.0004597073 0.0001032676 0.0003164652 0.0006262679 0.003134671 0.0001865479 0.003687652 0.002674964 1.332485e-05 0.001219224 0.002028708 0.002615002 0.001172587 6.662425e-05 0.001255867 0.0007728413 0.004923532 0.0008761089 0.006635775 0.1959819 0.06771022 0.0008960962 0.009194146 0.000313134 0.0008994274 0.001359135 9.993637e-06 0.07578841 4.330576e-05 0.01168922 0.003464461 0.09646192 0.01076315 0 3.997455e-05 0.0006762361 1.332485e-05 0 0.0004730322 2.998091e-05 0 0 0 1.332485e-05 3.331212e-06 9.993637e-06 0 3.997455e-05 0 0.0002165288 3.331212e-06 0 3.331212e-06 1.998727e-05 0.0001932103 0.0006562489 0 3.331212e-06 3.331212e-05 2.331849e-05 3.331212e-05 0.0001898791 0.001612307 0.002585021 1.998727e-05 1.332485e-05 1.332485e-05 4.663697e-05 3.331212e-06 0 7.328667e-05 0 3.997455e-05 0.0002631658 0.0005063443 3.664334e-05 0 0 0 0
4.663697e-05 0 2.66497e-05 0.07537201 4.330576e-05 0.01154598 0.008304713 0.009050904 0.01625965 0.03470457 0.0003098028 0.0629899 0.0001965415 0.01693922 0.007162107 3.331212e-06 0.0001199236 2.998091e-05 6.662425e-05 0.004227309 0.0002265224 0 0.0001032676 0.007755063 6.662425e-06 0.0002065352 6.662425e-05 0.0615175 0.009470637 0.0001365797 2.66497e-05 0.0003964143 9.660516e-05 0.002591683 3.664334e-05 0.002888161 1.665606e-05 0.007591833 0.0002398473 0.001925441 0.001282517 1.332485e-05 4.663697e-05 6.662425e-06 0 0 0.0009427331 0 0.0003264588 0.0003597709 0.0003164652 0.002268556 0.004317251 9.993637e-06 0.0002731594 0 0.0001698918 9.993637e-06 3.331212e-06 0 0 0 0.001422428 0 3.331212e-06 0 0.004893551 0 0 0 0.004570423 0.000173223 0 0 9.993637e-06 0 8.328031e-05 6.662425e-06 0.00010993 3.331212e-06 0.0002131976 6.662425e-06 4.663697e-05 4.996819e-05 0 6.662425e-06
0.01459737 0.0004064079 0.02623996 0.0003464461 6.662425e-06 0.0002864843 0.1283849 0.003531085 0.0007262043 0.002042033 0.0001399109 0.0001199236 0.0001698918 0.08381331 3.331212e-06 0.02320856 0.03663001 2.998091e-05 0.001255867 0.0002265224 0.06086791 0.001855485 0.2985799 0.009433994 0.0001165924 0.02617334 0.07323004 0.06531841 0.01933436 0.1131413 1.998727e-05 0.0001832167 0.0003231276 0.1029178 0.002425123 0.04192664 0.003134671 0.1706147 0.02143968 0 0.000313134 4.663697e-05 0.0002931467 3.331212e-06 6.995546e-05 6.995546e-05 3.331212e-06 0 0 2.331849e-05 6.662425e-06 7.99491e-05 3.331212e-06 3.331212e-06 0 9.993637e-06 6.662425e-06 0 0.0002365161 5.663061e-05 1.998727e-05 0.0001032676 3.331212e-06 0.0001299173 0.0004330576 0.0004030767 0.000203204 9.993637e-06 0.0001465733 0.0002964779 0.0001698918 2.331849e-05 3.664334e-05 0 0 3.331212e-06 1.665606e-05 1.998727e-05 0.000173223 0.0001499046 0.0001632294 5.663061e-05 0 0 0 0
0 0.06679414 0.0007328667 0 0 0 3.664334e-05 6.662425e-06 0.07221735 3.331212e-06 0.0003264588 1.332485e-05 0.004527118 1.998727e-05 0.00230853 0.03525089 0.00351776 2.66497e-05 0.0007728413 0 0.001855485 0.02764906 0.003960812 0.1138075 0.02197601 0.01573332 0.04175009 0.003144665 0.0001932103 0.0004630385 0.0001232549 1.332485e-05 0.0001365797 0.002008721 0.0004730322 0.02618 0.008191451 0.009430662 0.004207321 0.0006096119 1.332485e-05 0.001399109 0.0001465733 0 1.332485e-05 0.001522364 0 0 6.662425e-06 1.332485e-05 0 1.998727e-05 0 3.331212e-06 0 4.663697e-05 6.662425e-06 0 0.0009927013 5.663061e-05 9.993637e-06 2.66497e-05 0 0.000156567 0.0003231276 0.0007228731 6.662425e-05 2.66497e-05 0.0001199236 0.0004097391 0.0001299173 9.993637e-06 0.0001032676 6.662425e-06 0 0 2.66497e-05 3.331212e-06 0.0005762998 0.0004497137 0.0002298537 0.0001065988 0 0 0 3.331212e-06
0.004517124 0.003101359 0.09322731 0.0002598346 2.66497e-05 0.0001898791 0.04767964 0.002468428 0.0002864843 0.001119287 0.0001698918 5.996182e-05 0.0003730958 0.03833559 3.331212e-06 0.05904241 0.04286604 4.330576e-05 0.004923532 0.0001032676 0.2985799 0.003960812 0.1940731 0.01699251 0.000203204 0.06314313 0.3231876 0.07187757 0.01179582 0.03754276 2.331849e-05 0.0009327395 0.0001332485 0.09788768 0.003854213 0.1311432 0.01357136 0.3365324 0.1129281 0 0.00032979 0.0003064715 0.000736198 3.331212e-06 0.0002598346 0.005609762 3.331212e-06 0 3.331212e-06 0.0001165924 3.331212e-06 2.331849e-05 9.993637e-06 6.662425e-06 0 3.331212e-06 3.331212e-06 0 0.002711607 0.0004663697 1.665606e-05 0.0002631658 6.662425e-06 0.0005063443 0.003247932 0.005336602 0.0001965415 1.332485e-05 0.0003697646 0.002661639 0.0003231276 2.998091e-05 6.995546e-05 6.662425e-06 0 0 7.99491e-05 2.998091e-05 0.001992065 0.001605644 0.00142909 0.0008727777 0 6.662425e-06 0 9.993637e-06
0.0004330576 0.0356573 0.003750945 0.04470487 1.332485e-05 0.004170678 0.04348565 0.01600648 0.1020417 0.01415765 0.0002964779 0.002794887 0.001489052 0.01359801 0.005733017 0.04787619 0.006032826 3.331212e-05 0.0008761089 0.007755063 0.009433994 0.1138075 0.01699251 0.1399242 0.006572482 0.01260531 0.09600221 0.1265827 0.04814601 0.0561809 6.329304e-05 0.000266497 0.02045364 0.1007492 0.005862934 0.159162 0.01085309 0.1608309 0.01346143 0.002288543 0.003194633 0.000266497 0.001509039 0.0003997455 1.998727e-05 3.331212e-05 0.0005762998 0 0.0004830258 0.001605644 0.0006262679 0.006645769 0.003374518 2.66497e-05 0.0001299173 1.998727e-05 0.001205899 6.662425e-06 0.0008128158 9.660516e-05 9.993637e-06 5.32994e-05 0.001065988 0.0006196055 0.001052663 0.0004930194 0.01464734 9.993637e-06 0.0001332485 0.0002165288 0.01124617 0.00203204 0.0005230004 6.662425e-06 2.998091e-05 2.998091e-05 0.0007328667 2.331849e-05 0.003710971 0.0004497137 0.002465097 0.0002498409 4.330576e-05 0.000266497 0 4.330576e-05
0 0.04665696 0.0003431149 0 0 3.331212e-06 5.996182e-05 6.662425e-06 0.01646951 2.331849e-05 0.002838193 3.331212e-06 0.07944275 0.0001199236 0.0003098028 0.001255867 0.0005696373 0.0009893701 0.006635775 6.662425e-06 0.0001165924 0.02197601 0.000203204 0.006572482 0.0134581 0.05391567 0.1043935 0.0001665606 0.0002231912 6.329304e-05 0.004607067 1.998727e-05 1.665606e-05 0.001492383 0 0.007165438 0.01301172 0.01295509 0.002644983 0.0001065988 1.665606e-05 0.0110463 1.998727e-05 0 0.0001898791 6.662425e-06 0 0 0 1.665606e-05 0 1.665606e-05 0 0.0004530449 3.331212e-06 0.007685107 1.665606e-05 3.331212e-06 2.331849e-05 6.995546e-05 0.000596287 0.0008427968 0 3.331212e-06 9.660516e-05 1.332485e-05 6.662425e-05 0.001039338 0.005836284 0.01102631 1.998727e-05 1.665606e-05 1.332485e-05 0.001762211 1.332485e-05 0 0.0001532358 0 0.0002531721 0.000642924 0.0008361343 4.996819e-05 6.662425e-06 0 3.331212e-06 0
0.001379122 0.06216042 0.06248355 0.0001399109 3.664334e-05 0.0003231276 0.02210926 0.00189546 0.01519033 0.001655613 0.1470197 0.0003597709 0.04956844 0.01685594 0.0005396564 0.007815024 0.04013778 0.07179762 0.1959819 0.0002065352 0.02617334 0.01573332 0.06314313 0.01260531 0.05391567 0.3327781 0.661179 0.02181611 0.01323824 0.01424426 0.01333484 0.002181944 5.996182e-05 0.06367946 0.0001265861 0.1158729 0.1482256 0.4022506 0.07018865 0.0001465733 0.0003331212 0.008118165 0.0001465733 6.329304e-05 0.01144271 0.0005396564 0 6.662425e-06 1.665606e-05 0.0006495864 7.328667e-05 6.329304e-05 6.662425e-06 0.001002695 0 0.008917656 0.0001365797 0 0.0001598982 0.005146723 0.004896882 0.01928772 1.332485e-05 0.0002431785 0.0002398473 0.0005096755 0.0002898155 0.007102145 0.04681686 0.06758031 0.0001998727 0.0002731594 0.0006828986 0.003108021 8.661152e-05 0 0.003834226 6.662425e-06 0.00184216 0.01018685 0.01746888 0.001995396 0 0 2.331849e-05 3.331212e-06
2.331849e-05 0.04063413 0.1808582 0 6.329304e-05 0.0001532358 0.001462402 0.0002598346 0.02619332 0.0003631022 0.02569697 0.0001132612 0.1078313 0.003394505 0.0005996182 0.1622267 0.2374088 0.01836164 0.06771022 6.662425e-05 0.07323004 0.04175009 0.3231876 0.09600221 0.1043935 0.661179 0.5742577 0.03611701 0.01589988 0.001009357 0.01822173 0.002871505 8.328031e-05 0.07923955 0.002085339 0.4181504 0.1966415 0.6203251 0.2328851 0.0001399109 0.0001898791 0.01373459 0.002008721 1.665606e-05 0.001682262 0.0004030767 0 0 3.331212e-06 0.0001665606 2.66497e-05 2.66497e-05 9.993637e-06 0.00145574 3.331212e-06 0.01558008 6.329304e-05 0 0.0005829622 0.002488416 0.004217315 0.003537748 3.331212e-06 0.0002165288 0.0007928286 0.001275854 0.0001299173 0.008194783 0.0360737 0.04681686 0.0001165924 8.994274e-05 0.0001499046 0.005563125 2.998091e-05 0 0.0008927649 5.996182e-05 0.001355803 0.004034098 0.004953513 0.001185912 3.331212e-06 0 3.997455e-05 6.662425e-06
0.002525059 0.0006962234 0.02080342 0.07451589 5.663061e-05 0.01269192 0.4014011 0.07136456 0.06915264 0.06185728 0.0003564397 0.01638957 0.0005563125 0.06231699 0.002558371 0.02330849 0.02556706 7.328667e-05 0.0008960962 0.0615175 0.06531841 0.003144665 0.07187757 0.1265827 0.0001665606 0.02181611 0.03611701 0.2174316 0.1006193 0.231356 1.332485e-05 0.0004663697 0.02509069 0.164935 0.0050268 0.1124917 0.004710334 0.2159225 0.01849489 0.001036007 0.005972864 0.0001265861 0.001282517 0.0002065352 7.99491e-05 9.993637e-06 0.002438448 6.662425e-06 0.000972714 0.001575663 0.001079313 0.006349291 0.008811057 2.331849e-05 0.0004263952 6.662425e-06 0.0008994274 1.665606e-05 0.0001965415 2.331849e-05 1.665606e-05 9.327395e-05 0.002565034 0.0001032676 0.0002165288 0.000173223 0.01707913 9.993637e-06 0.0001199236 0.0001798855 0.01432754 0.001389116 0.000156567 0 1.665606e-05 3.331212e-05 0.0005296628 1.998727e-05 0.001738893 0.0001065988 0.001798855 0.0001698918 5.663061e-05 0.0002465097 0 4.330576e-05
0.01501044 0.0005096755 0.002904817 0.006502527 0.0001665606 0.01342812 0.08080189 0.009980313 0.008251413 0.07601494 0.01977741 0.01420429 0.005243328 0.1549347 0.0005496501 0.0002998091 0.01337482 0.002128645 0.009194146 0.009470637 0.01933436 0.0001932103 0.01179582 0.04814601 0.0002231912 0.01323824 0.01589988 0.1006193 0.1131946 0.07957933 0.00043972 0.007378636 0.002515065 0.07537201 7.328667e-05 0.01756548 0.000469701 0.06181398 0.0005363252 8.661152e-05 0.0004730322 0.0002565034 0.0002365161 0.0001898791 1.332485e-05 0.0001598982 5.996182e-05 0 6.329304e-05 0.0005596437 0.0001665606 0.001462402 0.0002531721 6.662425e-06 4.330576e-05 3.331212e-06 0.000486357 3.331212e-06 2.331849e-05 0.0001598982 6.662425e-06 2.66497e-05 9.327395e-05 3.331212e-05 9.993637e-06 2.331849e-05 0.007461916 3.331212e-06 0.0001765543 8.994274e-05 0.003787589 0.0009493956 0.0002165288 0 9.993637e-06 4.330576e-05 0.0003531085 3.664334e-05 0.001525695 0.0001365797 0.001089306 0.0001332485 0 9.660516e-05 0 1.665606e-05
0.03471457 0.0002831531 0.0127752 0.000313134 3.331212e-06 0.0005030131 0.1706547 0.00667575 0.00414736 0.001065988 7.99491e-05 5.32994e-05 5.663061e-05 0.09223794 3.331212e-06 0.0008727777 0.02144635 6.662425e-06 0.000313134 0.0001365797 0.1131413 0.0004630385 0.03754276 0.0561809 6.329304e-05 0.01424426 0.001009357 0.231356 0.07957933 0.1134211 3.331212e-06 0.0001165924 0.0007561852 0.01875806 7.661789e-05 0.001105963 1.332485e-05 0.01420096 0.001225886 3.331212e-06 0.0001532358 3.331212e-06 1.998727e-05 3.997455e-05 2.66497e-05 3.331212e-06 3.331212e-06 0 3.331212e-06 9.660516e-05 2.66497e-05 0.001165924 3.664334e-05 0 0 0 8.328031e-05 0 0.00010993 6.662425e-06 6.662425e-06 3.664334e-05 0 0.0001965415 3.331212e-05 1.332485e-05 0.001255867 0 4.330576e-05 0.0001065988 0.001006026 0.0002631658 0.0001698918 0 3.331212e-06 9.993637e-06 7.328667e-05 3.331212e-06 0.0006962234 7.99491e-05 0.0002698282 2.66497e-05 0 3.331212e-06 0 3.331212e-06
3.331212e-06 0.0002331849 1.332485e-05 3.331212e-06 0 2.66497e-05 6.662425e-06 3.331212e-06 8.328031e-05 7.661789e-05 0.004593742 3.331212e-06 0.01548348 0.000376427 0 0.0001032676 7.328667e-05 0.002218587 0.0008994274 2.66497e-05 1.998727e-05 0.0001232549 2.331849e-05 6.329304e-05 0.004607067 0.01333484 0.01822173 1.332485e-05 0.00043972 3.331212e-06 0.000956058 8.328031e-05 0 0.00148239 0 0.0009893701 0.01307501 0.01924775 0.001912116 3.331212e-06 2.331849e-05 0.0008661152 0 0 2.66497e-05 0 0 0 0 0 0 0 0 8.994274e-05 0 0.001049332 0 0 3.331212e-06 3.331212e-06 6.329304e-05 2.331849e-05 0 3.331212e-06 3.331212e-06 0 0 0.0001998727 0.0006062807 0.0009793765 0 0 3.331212e-06 0.0002998091 0 0 6.662425e-06 0 6.662425e-06 0.0001965415 3.664334e-05 0 0 0 0 0
1.332485e-05 0.0001165924 0.0005163379 7.661789e-05 0.0006595801 0.005866265 0.000532994 0.007112139 6.662425e-05 0.003084703 0.00656582 0.0008527904 0.002155294 0.01768208 0.0004730322 5.32994e-05 0.002628327 0.0004896882 0.001359135 0.0003964143 0.0001832167 1.332485e-05 0.0009327395 0.000266497 1.998727e-05 0.002181944 0.002871505 0.0004663697 0.007378636 0.0001165924 8.328031e-05 2.66497e-05 3.331212e-06 0.05367916 0 0.004530449 9.327395e-05 0.04429846 0.0002098664 0.001405772 0.02202598 4.663697e-05 7.661789e-05 3.331212e-06 9.993637e-06 3.997455e-05 0 0 0 3.331212e-06 0 6.662425e-06 3.331212e-06 0 0 0 6.662425e-06 0 0 3.664334e-05 3.331212e-06 6.662425e-06 0 0 0 9.993637e-06 6.329304e-05 0 3.997455e-05 2.998091e-05 5.663061e-05 6.662425e-06 9.993637e-06 0 0 0 1.332485e-05 0 5.32994e-05 1.665606e-05 3.331212e-05 6.662425e-06 0 3.331212e-06 0 0
0.0002431785 4.663697e-05 4.996819e-05 0.0002098664 0 8.328031e-05 0.005319946 0.0008394655 0.002238575 0.0004663697 0 1.332485e-05 3.331212e-06 0.00145574 6.662425e-06 0.0001165924 7.328667e-05 3.331212e-06 9.993637e-06 9.660516e-05 0.0003231276 0.0001365797 0.0001332485 0.02045364 1.665606e-05 5.996182e-05 8.328031e-05 0.02509069 0.002515065 0.0007561852 0 3.331212e-06 1.665606e-05 0.0005363252 3.331212e-06 0.0001432421 6.662425e-06 0.0004463825 1.665606e-05 3.331212e-06 2.331849e-05 0 0 2.66497e-05 0 0 0 0 6.662425e-06 0.0001165924 1.665606e-05 0.0007262043 1.332485e-05 0 0 0 5.663061e-05 0 2.331849e-05 0 0 0 9.993637e-06 2.998091e-05 3.331212e-06 0 0.001172587 0 0 0 0.000706217 0.0001865479 9.327395e-05 0 0 1.332485e-05 6.995546e-05 0 0.0003897519 9.993637e-06 0.000173223 1.665606e-05 0 2.66497e-05 0 3.331212e-06
0.004677022 0.00313134 0.009470637 0.002428454 0.0008594528 0.003331212 0.04058416 0.007078826 0.008914325 0.02355833 0.04637048 0.002345174 0.01818842 0.06132762 2.66497e-05 0.0234051 0.03943489 0.008301381 0.07578841 0.002591683 0.1029178 0.002008721 0.09788768 0.1007492 0.001492383 0.06367946 0.07923955 0.164935 0.07537201 0.01875806 0.00148239 0.05367916 0.0005363252 0.04828592 5.996182e-05 0.006419246 0.001668937 0.08725112 0.001289179 6.662425e-06 0.0004130703 0.001135943 5.996182e-05 0.0001532358 0.0002231912 0.0007262043 1.332485e-05 0 3.331212e-05 0.0004630385 8.328031e-05 0.002761575 0.0001132612 1.998727e-05 9.993637e-06 2.998091e-05 0.0003497773 3.331212e-06 0.0002298537 0.0007028858 3.331212e-05 0.0004663697 4.663697e-05 0.0003431149 0.0001998727 0.0002531721 0.005020137 1.998727e-05 0.001095969 0.0007894974 0.003274582 0.000862784 0.000469701 6.662425e-06 9.993637e-06 4.330576e-05 0.0004463825 6.662425e-06 0.002295205 0.000846128 0.001459071 0.0003264588 0 5.32994e-05 3.331212e-06 2.331849e-05
1.665606e-05 9.660516e-05 8.994274e-05 4.330576e-05 0 0.0001065988 0.0005529813 0.0002498409 0.0006595801 0.0006462552 0 1.665606e-05 2.66497e-05 7.661789e-05 0 0.006252686 2.998091e-05 0 4.330576e-05 3.664334e-05 0.002425123 0.0004730322 0.003854213 0.005862934 0 0.0001265861 0.002085339 0.0050268 7.328667e-05 7.661789e-05 0 0 3.331212e-06 5.996182e-05 0.4708869 0.0884337 0.002761575 0.001945428 0.002771569 0 3.997455e-05 9.993637e-06 0.001069319 1.665606e-05 3.331212e-06 5.663061e-05 0 0 3.331212e-06 2.331849e-05 6.662425e-06 0.0002065352 0 1.998727e-05 0 0 9.993637e-06 0 8.661152e-05 1.665606e-05 0 3.331212e-06 0 7.99491e-05 0.0001898791 0.000173223 0.0001965415 0 1.332485e-05 9.327395e-05 0.0002165288 2.66497e-05 5.996182e-05 0 0 3.331212e-06 6.662425e-06 0.2035737 0.0006196055 6.662425e-05 0.0005429876 0.001495714 0 1.332485e-05 6.662425e-06 0
0.0002998091 0.02849519 0.02452439 0.003138002 0.0003631022 0.001795524 0.01545016 0.005223341 0.02282214 0.02354834 0.003621028 0.0006029495 0.02270888 0.003537748 2.998091e-05 0.2359764 0.00769177 0.002131976 0.01168922 0.002888161 0.04192664 0.02618 0.1311432 0.159162 0.007165438 0.1158729 0.4181504 0.1124917 0.01756548 0.001105963 0.0009893701 0.004530449 0.0001432421 0.006419246 0.0884337 0.01809181 0.8032686 0.1292144 0.07924288 2.66497e-05 0.01413433 0.07923955 0.0006595801 0.0003997455 0.002298537 0.0119957 9.993637e-06 0 7.661789e-05 0.001572332 0.0002331849 0.006609126 0.0002298537 0.0009360707 1.332485e-05 0.00021986 0.0008328031 0 0.006592469 0.007395292 0.0002265224 0.004740315 5.996182e-05 0.003581053 0.01133278 0.01343478 0.009257439 0.0001265861 0.009567242 0.01111626 0.008940974 0.001705581 0.002092001 7.99491e-05 1.998727e-05 7.661789e-05 0.002151963 0.00208867 0.01800187 0.00956058 0.01295175 0.009144178 0 0.000173223 0.0002398473 0.0001532358
3.331212e-06 0.01689258 0.01131946 9.993637e-06 6.662425e-06 1.332485e-05 0.0001399109 5.663061e-05 0.001595651 6.662425e-05 0.01364798 1.665606e-05 0.155008 0.0003997455 9.993637e-06 0.07159442 0.001485721 0.01034341 0.003464461 1.665606e-05 0.003134671 0.008191451 0.01357136 0.01085309 0.01301172 0.1482256 0.1966415 0.004710334 0.000469701 1.332485e-05 0.01307501 9.327395e-05 6.662425e-06 0.001668937 0.002761575 0.8032686 0.03185972 0.01923442 0.01778534 0 0.0003197964 0.01064989 0.001778867 2.331849e-05 0.001499046 0.006032826 0 0 3.331212e-06 0.0003697646 6.662425e-06 0.0002165288 0 5.996182e-05 0 0.0006462552 6.329304e-05 0 0.00346113 0.004114047 0.0002498409 0.00357106 0 0.001046001 0.005446532 0.007378636 0.000173223 0.0002864843 0.006129431 0.007202081 0.0005996182 7.328667e-05 0.0004030767 0.0001632294 6.662425e-06 0 0.001026013 4.330576e-05 0.004020773 0.005966202 0.005982858 0.001845492 0 0 3.331212e-06 9.993637e-06
0.003920837 0.02189273 0.05548134 0.005126736 0.002708276 0.009050904 0.04783288 0.01743557 0.01630962 0.07015533 0.08061534 0.005689711 0.1505108 0.04267949 4.330576e-05 0.1346942 0.04853577 0.02391477 0.09646192 0.007591833 0.1706147 0.009430662 0.3365324 0.1608309 0.01295509 0.4022506 0.6203251 0.2159225 0.06181398 0.01420096 0.01924775 0.04429846 0.0004463825 0.08725112 0.001945428 0.1292144 0.01923442 0.08926317 0.007065502 2.66497e-05 0.001898791 0.007398623 0.001132612 0.0002964779 0.002065352 0.006599132 5.996182e-05 3.331212e-06 0.00010993 0.001315829 0.0002131976 0.004826927 0.0002864843 8.661152e-05 6.662425e-06 0.0003964143 0.0007395292 3.331212e-06 0.001445746 0.005433208 0.0002698282 0.00332455 5.663061e-05 0.00137246 0.001915447 0.003071378 0.009074223 0.0002898155 0.009527268 0.007705094 0.006599132 0.001712243 0.001205899 0.0001265861 1.665606e-05 6.329304e-05 0.001642288 0.0001032676 0.008034884 0.005996182 0.007741738 0.002784894 6.662425e-06 0.0001465733 2.998091e-05 3.664334e-05
0.000156567 0.007894974 0.02332848 0.0002465097 1.332485e-05 0.0001898791 0.003048059 0.0004763634 0.0008661152 0.002375154 0.00236183 8.994274e-05 0.009250777 0.0010993 0 0.05954209 0.007941611 0.002615002 0.01076315 0.0002398473 0.02143968 0.004207321 0.1129281 0.01346143 0.002644983 0.07018865 0.2328851 0.01849489 0.0005363252 0.001225886 0.001912116 0.0002098664 1.665606e-05 0.001289179 0.002771569 0.07924288 0.01778534 0.007065502 0.0005263316 0 9.993637e-06 0.0006595801 0.0003531085 2.66497e-05 0.0005429876 0.003804245 0 0 3.331212e-06 0.0002365161 1.998727e-05 0.0002898155 1.332485e-05 0.0001499046 3.331212e-06 4.330576e-05 6.995546e-05 0 0.000972714 0.00211532 4.330576e-05 0.0008294719 0 0.0003730958 0.001642288 0.002758244 0.0004297264 5.663061e-05 0.002701613 0.003157989 0.0004896882 9.993637e-05 0.0001865479 2.998091e-05 0 0 0.000266497 0.00010993 0.002971442 0.002351836 0.002704945 0.002448441 0 6.662425e-06 2.998091e-05 1.665606e-05
0 0.0003531085 0 0.001965415 0.0007295355 0.0005762998 3.664334e-05 0.0002565034 0.003024741 0.0004597073 6.662425e-06 0.003128009 2.331849e-05 6.995546e-05 0.0005130067 0 0 0 0 0.001925441 0 0.0006096119 0 0.002288543 0.0001065988 0.0001465733 0.0001399109 0.001036007 8.661152e-05 3.331212e-06 3.331212e-06 0.001405772 3.331212e-06 6.662425e-06 0 2.66497e-05 0 2.66497e-05 0 0.0001898791 2.331849e-05 0 0 0 0 0 0 0 0 0 0 0 3.331212e-06 0 3.331212e-06 0 0 0 0 0 0 0 3.331212e-06 0 0 0 3.331212e-06 0 3.331212e-06 0 1.332485e-05 0 0 0 0 0 0 0 0 0 0 0 0 0 0 0
0.000156567 6.662425e-06 2.331849e-05 0.0007861661 0.001132612 0.002934798 0.002871505 0.004197328 0.0007128795 0.01247539 0.001272523 0.0008194783 0.0009460643 0.001712243 9.993637e-05 0.0001798855 8.328031e-05 0.00010993 3.997455e-05 0.001282517 0.000313134 1.332485e-05 0.00032979 0.003194633 1.665606e-05 0.0003331212 0.0001898791 0.005972864 0.0004730322 0.0001532358 2.331849e-05 0.02202598 2.331849e-05 0.0004130703 3.997455e-05 0.01413433 0.0003197964 0.001898791 9.993637e-06 2.331849e-05 3.331212e-06 0.0002798218 0.0001365797 2.331849e-05 0 0 0 0 1.332485e-05 7.328667e-05 1.665606e-05 0.0001765543 5.32994e-05 9.993637e-06 0 0 6.329304e-05 0 0 0 0 0 1.665606e-05 3.331212e-06 6.662425e-06 3.331212e-06 0.0008960962 0 0 0 0.0004896882 9.327395e-05 2.66497e-05 0 0 3.331212e-06 4.663697e-05 0 0.0001632294 0 0.0001399109 6.662425e-06 3.331212e-06 2.331849e-05 0 0
0 0.006665756 5.996182e-05 1.332485e-05 6.662425e-06 1.332485e-05 1.998727e-05 1.332485e-05 0.001049332 9.327395e-05 0.005699705 2.998091e-05 0.03339207 0.0004463825 1.332485e-05 0.0001765543 0.0002931467 0.0002498409 0.0006762361 1.332485e-05 4.663697e-05 0.001399109 0.0003064715 0.000266497 0.0110463 0.008118165 0.01373459 0.0001265861 0.0002565034 3.331212e-06 0.0008661152 4.663697e-05 0 0.001135943 9.993637e-06 0.07923955 0.01064989 0.007398623 0.0006595801 0 0.0002798218 6.662425e-05 0.0003431149 0 7.328667e-05 1.665606e-05 0 0 0 3.331212e-06 0 0 0 0 0 0.00010993 3.331212e-06 0 0 8.994274e-05 6.662425e-05 0.0001765543 0 3.331212e-06 3.331212e-06 3.331212e-06 3.331212e-06 0.0001632294 0.0004996819 0.0006129431 3.331212e-06 0 6.662425e-06 2.66497e-05 0 0 4.330576e-05 0 0.0003464461 0.0001499046 0.0001632294 2.66497e-05 0 0 0 0
3.331212e-06 9.993637e-05 5.663061e-05 7.328667e-05 6.662425e-06 3.997455e-05 0.0002331849 9.327395e-05 0.0001865479 0.0005196691 2.998091e-05 0 0.0001299173 7.328667e-05 0 0.001155931 3.331212e-05 6.662425e-06 1.332485e-05 4.663697e-05 0.0002931467 0.0001465733 0.000736198 0.001509039 1.998727e-05 0.0001465733 0.002008721 0.001282517 0.0002365161 1.998727e-05 0 7.661789e-05 0 5.996182e-05 0.001069319 0.0006595801 0.001778867 0.001132612 0.0003531085 0 0.0001365797 0.0003431149 0 0 3.331212e-06 6.995546e-05 0 0 0 9.993637e-06 0 6.662425e-05 3.331212e-06 1.665606e-05 0 0 1.332485e-05 0 4.330576e-05 9.993637e-06 0 1.665606e-05 0 1.998727e-05 2.331849e-05 9.993637e-05 0.0001065988 0 1.665606e-05 4.663697e-05 5.32994e-05 1.665606e-05 2.998091e-05 0 0 0 1.665606e-05 3.997455e-05 0.000173223 5.32994e-05 5.996182e-05 9.993637e-05 0 3.331212e-06 0 0
0 2.331849e-05 1.665606e-05 3.331212e-06 0 1.332485e-05 2.66497e-05 2.331849e-05 5.996182e-05 6.329304e-05 3.331212e-06 0 6.662425e-06 3.997455e-05 0 0 6.662425e-05 0 0 6.662425e-06 3.331212e-06 0 3.331212e-06 0.0003997455 0 6.329304e-05 1.665606e-05 0.0002065352 0.0001898791 3.997455e-05 0 3.331212e-06 2.66497e-05 0.0001532358 1.665606e-05 0.0003997455 2.331849e-05 0.0002964779 2.66497e-05 0 2.331849e-05 0 0 0.01014687 0.0002931467 0.0001698918 2.66497e-05 0 0.0004497137 0.06284999 0.00222525 0.000532994 0.00148239 0.0004796946 6.662425e-06 0.0001065988 0.06904271 6.662425e-06 3.331212e-05 0.002571696 8.994274e-05 0.0007695101 0.0001132612 0.001046001 1.332485e-05 0.0001598982 0.005086761 9.993637e-06 0.004627054 0.005359921 0.0135014 0.06621451 0.03289905 9.660516e-05 0.000156567 0.0004930194 0.01212894 2.998091e-05 0.002221919 6.995546e-05 0.02124647 0.002285212 3.664334e-05 2.998091e-05 0 1.332485e-05
