0.003668138 0 0.000343888 0.000717252 9.82537e-06 0.001192145 0.05024367 0.003661588 0.0003209621 0.007997852 0.0001408303 0.0002194333 8.515321e-05 0.05207446 1.310049e-05 3.602636e-05 0.005233647 4.585173e-05 0.0003537133 0.001025114 0.009216197 2.292586e-05 0.001594985 0.002600448 0 0.0006845008 0.0006550247 0.01627409 0.05398714 0.03488006 6.550247e-06 0.0001342801 0.0001604811 0.004414866 3.275123e-06 0.0001342801 3.275123e-06 0.002289311 8.187809e-05 2.292586e-05 8.515321e-05 1.310049e-05 3.275123e-06 9.82537e-06 0 0 1.310049e-05 0 0 5.56771e-05 0 3.930148e-05 3.275123e-06 0 3.275123e-06 0 1.965074e-05 0 3.275123e-06 0 0 0 6.550247e-06 0 3.275123e-06 0 0.000317687 3.275123e-06 0 3.275123e-06 0.0003045865 2.292586e-05 1.965074e-05 0 0 0 9.82537e-06 0 4.912685e-05 3.275123e-06 1.637562e-05 0 0 6.550247e-06 0 0
0 0.003222721 0.008983664 0 0 0 3.275123e-06 9.82537e-06 0.01700444 0 0.001460705 1.637562e-05 0.01643457 2.620099e-05 0.0002161581 0.0002816606 0.0002947611 3.275123e-06 0.0001801318 6.550247e-06 6.222735e-05 0.06085179 8.842833e-05 0.00770309 0.05939109 0.007807894 0.0736346 2.292586e-05 2.292586e-05 0.0002587348 0.0006517496 9.82537e-06 6.550247e-06 0.0004879934 3.275123e-06 0.002413766 0.005990201 0.003242372 0.0001441054 0.0001244547 0 0.003058965 3.275123e-06 0 5.895222e-05 0.0005076441 0 0 0 6.550247e-06 0 3.275123e-06 0 6.550247e-06 0 4.585173e-05 0 0 0 3.275123e-06 3.275123e-05 4.585173e-05 0 0 0 3.275123e-06 0 9.497858e-05 0.0002161581 0.0006386491 1.310049e-05 0 0 3.275123e-05 0 0 6.550247e-06 0 2.620099e-05 4.257661e-05 3.275123e-05 3.275123e-06 0 0 6.550247e-06 0
0.000343888 0.008983664 0.03374032 9.82537e-06 0 0.0004028402 0.02284726 0.001771842 0.0002096079 0.0001113542 6.877759e-05 3.275123e-06 3.602636e-05 0.002819881 3.275123e-06 0.003091717 0.02514312 6.222735e-05 0.0009759868 6.550247e-06 0.05365962 0.002056778 0.1267375 0.003641937 9.82537e-06 0.06309525 0.1937268 0.03694339 0.0007663789 0.0086234 3.275123e-06 2.947611e-05 1.310049e-05 0.005885397 2.292586e-05 0.005151769 0.0007369028 0.01069328 0.00158516 1.310049e-05 4.585173e-05 0 1.637562e-05 1.310049e-05 0.01505574 0.02658745 0 0 0 0.0001277298 2.292586e-05 0 0 0 0 1.637562e-05 5.240198e-05 0 6.222735e-05 0.0007925799 9.82537e-06 0.0002358089 3.275123e-06 7.205272e-05 0.0006943262 0.0009334102 3.930148e-05 3.275123e-06 0.001477081 0.01293019 0.0001015288 1.310049e-05 7.205272e-05 3.275123e-06 0 3.275123e-06 0.0001735815 4.585173e-05 0.008128856 0.008135407 0.003471631 0.002024026 0 0 6.550247e-06 1.637562e-05
0.000717252 0 9.82537e-06 0.02567042 9.82537e-06 0.003101542 0.001631011 0.001018563 0.01385377 0.01693239 0.000212883 0.1117505 0.0001670313 0.005718366 0.0006386491 3.275123e-06 9.170346e-05 1.637562e-05 1.965074e-05 0.06811602 9.170346e-05 0 2.620099e-05 0.0266071 1.637562e-05 0.000104804 4.912685e-05 0.04424364 0.00968454 0.0002816606 9.82537e-06 0.0002882109 0.0002620099 0.001742366 1.637562e-05 0.001506557 1.637562e-05 0.005603736 0.0003569885 0.001850445 0.0007532784 7.532784e-05 6.550247e-05 6.550247e-06 6.550247e-06 0 0.002715077 0 0.0004028402 0.00132315 0.0003635387 0.001545858 0.005744567 0 0.001621186 0 0.0002751104 3.602636e-05 3.275123e-06 0 0 0 0.002980362 6.550247e-06 6.550247e-06 0 0.003946524 0 0 1.310049e-05 0.008600474 0.0001670313 9.82537e-06 0 6.550247e-06 0 6.222735e-05 0 0.0002718352 3.275123e-06 0.0001834069 0 3.930148e-05 0.0001604811 0 1.310049e-05
9.82537e-06 0 0 9.82537e-06 1.310049e-05 0.0008613575 5.895222e-05 0.0001768567 6.550247e-06 0.0004061153 0.0008875585 0.0001735815 0.001277298 0.0003111367 0.01774134 0 9.82537e-06 4.912685e-05 1.965074e-05 0.0001179044 1.637562e-05 0 6.550247e-06 2.620099e-05 0 0.000212883 5.56771e-05 0.0001113542 5.56771e-05 9.82537e-06 1.965074e-05 0.0003111367 0 0.001699789 0 0.0004486919 6.550247e-06 0.004159407 0 0.0009858122 0.0005371202 1.637562e-05 9.82537e-06 0 0 0 0 0 3.275123e-06 3.275123e-06 0 3.275123e-06 0 0 0 0 0 0 0 0 0 0 0 0 0 0 1.310049e-05 0 0 0 6.550247e-06 3.275123e-06 0 0 0 0 0 0 0 0 0 0 0 0 0 0
0.001192145 0 0.0004028402 0.003101542 0.0008613575 0.2208121 0.294486 0.1498729 0.0004748929 0.2937851 0.001791493 0.09576134 0.001919222 0.04125673 0.0005764217 9.82537e-06 0.003052415 0.0001506557 0.0002816606 0.0133101 0.00263975 6.550247e-06 0.0006648501 0.002286036 6.550247e-06 0.001198695 0.0005633212 0.03087459 0.01483631 0.003078616 3.275123e-05 0.03830257 0.0001015288 0.005282774 1.310049e-05 0.001817694 3.275123e-05 0.01167909 0.0003864646 0.01503282 0.001958524 7.532784e-05 4.257661e-05 3.275123e-06 0 0 6.222735e-05 0 1.310049e-05 0.0001179044 2.947611e-05 3.602636e-05 0.0002423591 0 3.275123e-05 0 2.620099e-05 0 0 0 0 0 8.515321e-05 0 0 0 0.0003668138 0 0 0 0.0006779506 2.947611e-05 0 0 0 0 3.275123e-06 3.275123e-06 5.240198e-05 0 4.585173e-05 0 0 6.550247e-06 0 3.275123e-06
0.05024367 3.275123e-06 0.02284726 0.001631011 5.895222e-05 0.294486 0.1385836 0.1149568 0.002803506 0.1429984 0.00145088 0.01311687 0.0008384316 0.2326418 0.0001310049 0.0003111367 0.06205704 0.0002882109 0.003271848 0.003393028 0.1130376 8.515321e-05 0.03133311 0.01727955 3.930148e-05 0.01960816 0.004084079 0.2417598 0.15229 0.1879888 3.930148e-05 0.001365726 0.003874471 0.03599361 0.0003930148 0.01568129 0.000370089 0.07987044 0.006170333 0.0007762043 0.004313338 0.0003373377 0.0004879934 3.275123e-05 6.550247e-06 3.275123e-06 0.0001441054 0 5.240198e-05 0.001070965 0.0001572059 0.0001670313 0.0007008764 0 5.895222e-05 0 0.0002685601 3.275123e-06 1.310049e-05 0 3.275123e-06 0 0.0002096079 0 1.965074e-05 2.292586e-05 0.002859183 0 0 2.620099e-05 0.005207446 0.0002423591 2.620099e-05 0 1.310049e-05 9.82537e-06 5.895222e-05 1.637562e-05 0.0008056804 9.82537e-06 0.0002783855 0 2.292586e-05 0.0002980362 0 9.82537e-06
0.003661588 9.82537e-06 0.001771842 0.001018563 0.0001768567 0.1498729 0.1149568 0.09438906 0.0003373377 0.05355482 0.007631038 0.02998048 0.004398491 0.1002581 0.0003078616 8.842833e-05 0.01480356 0.001025114 0.001414853 0.004739104 0.01465618 1.965074e-05 0.003229272 0.003936698 1.965074e-05 0.006589548 0.00239084 0.05597514 0.03076979 0.01751209 0.0002259835 0.01472496 0.0002849357 0.01753501 1.310049e-05 0.003298049 0.000104804 0.01982432 0.0005764217 0.02088219 0.002027301 0.0001408303 7.205272e-05 9.82537e-06 3.275123e-06 6.550247e-06 1.310049e-05 0 0 6.877759e-05 6.550247e-06 4.257661e-05 4.585173e-05 3.275123e-06 6.550247e-06 9.82537e-06 2.292586e-05 0 9.82537e-06 0 0 0 6.550247e-06 0 0 3.275123e-06 0.0002947611 3.275123e-06 0 6.550247e-06 0.0003340626 1.637562e-05 6.550247e-06 0 0 0 3.275123e-06 0 5.895222e-05 0 2.292586e-05 0 0 6.550247e-06 0 0
0.0003209621 0.01700444 0.0002096079 0.01385377 6.550247e-06 0.0004748929 0.002803506 0.0003373377 0.002220534 0.003153944 0.0005240198 0.005014214 0.002747829 0.002446517 0.03960279 0.0004192158 0.0004159407 1.965074e-05 0.0001342801 0.005639763 0.001041489 0.01554046 0.0001506557 0.1244187 0.006248936 0.004608099 0.05581793 0.02254923 0.013166 0.01834069 9.170346e-05 0.0001408303 0.001231446 0.005626662 0.000451967 0.02692151 0.003808969 0.02088219 0.001706339 0.01189197 0.001237997 0.000478168 0.0004552422 6.550247e-05 5.240198e-05 6.550247e-06 2.947611e-05 0 1.637562e-05 0.0001670313 2.947611e-05 0.0002259835 0.0001703064 9.82537e-06 2.292586e-05 2.292586e-05 0.0001506557 0 0.0003569885 3.275123e-06 9.82537e-06 2.947611e-05 6.222735e-05 0.0001310049 3.275123e-06 9.82537e-06 0.004667051 2.620099e-05 7.205272e-05 0.0001801318 0.003294774 0.0001997825 0.000291486 3.275123e-06 0 9.82537e-06 3.275123e-05 9.82537e-06 0.0008187809 9.82537e-05 0.0001441054 6.550247e-06 3.275123e-06 5.56771e-05 0 3.275123e-06
0.007997852 0 0.0001113542 0.01693239 0.0004061153 0.2937851 0.1429984 0.05355482 0.003153944 0.3056836 0.004359189 0.02974795 0.003065516 0.09247966 0.0002783855 3.275123e-06 0.0005338451 0.0005076441 0.0002521845 0.03991065 0.0006026227 3.275123e-06 0.0001015288 0.005417054 4.585173e-05 0.00211573 0.0005927973 0.04370652 0.1109743 0.001644112 0.0001080791 0.00650767 0.0006779506 0.0237643 0.000104804 0.007005489 0.0001997825 0.07282237 0.003252198 0.001588435 0.01021183 0.0005371202 0.0004879934 2.620099e-05 3.275123e-06 0 0.00184717 3.275123e-06 0.0005927973 0.003284949 0.0007270774 0.001218346 0.008780606 0 0.0008286062 6.550247e-06 0.0006779506 9.82537e-06 0 0 0 0 0.002711802 0 1.310049e-05 0 0.008177983 3.275123e-06 0 1.965074e-05 0.01864528 0.0005862471 4.257661e-05 0 3.602636e-05 6.550247e-06 0.0001506557 1.310049e-05 0.0008679077 6.550247e-06 0.0007369028 3.275123e-06 6.550247e-05 0.0004159407 0 3.275123e-05
0.0001408303 0.001460705 6.877759e-05 0.000212883 0.0008875585 0.001791493 0.00145088 0.007631038 0.0005240198 0.004359189 0.08609317 0.00304914 0.05363342 0.01544548 1.637562e-05 0.0001637562 0.0002882109 0.07677217 0.003357002 0.001175769 0.000556771 0.001165944 0.0008253311 0.0006320988 0.01182975 0.1268881 0.02544116 0.001562234 0.0145743 0.0003569885 0.005849371 0.02634182 8.187809e-05 0.05911925 0 0.00476203 0.04729278 0.1551328 0.009717291 0.00159826 0.000504369 0.00317687 2.620099e-05 3.275123e-06 1.965074e-05 0 6.550247e-06 0 0 3.275123e-05 3.275123e-06 1.310049e-05 6.550247e-06 0.0001113542 3.275123e-06 0.001149568 1.310049e-05 0 3.275123e-06 3.275123e-06 0.0001834069 4.585173e-05 0 1.310049e-05 0 0 0.000212883 0.0001932323 0.0004945436 0.0009989127 0.0001572059 1.310049e-05 6.550247e-06 0.0002292586 0 0 3.275123e-06 0 3.930148e-05 0.0002587348 7.532784e-05 3.275123e-06 0 3.275123e-06 4.257661e-05 6.550247e-06
0.0002194333 1.637562e-05 3.275123e-06 0.1117505 0.0001735815 0.09576134 0.01311687 0.02998048 0.005014214 0.02974795 0.00304914 0.09688143 0.001817694 0.1244711 0.002869008 0 1.965074e-05 0.0003242372 0.0001997825 0.06452321 4.257661e-05 2.620099e-05 1.637562e-05 0.003625562 0 0.001444329 0.0005207446 0.02105577 0.03477199 5.895222e-05 6.222735e-05 0.004978188 1.637562e-05 0.007886497 0 0.0005469456 3.930148e-05 0.01119765 0.0001441054 0.02174354 0.001536033 3.275123e-05 1.965074e-05 0 0 0 0.0003078616 0 8.842833e-05 0.0002096079 9.497858e-05 0.0001113542 0.0005371202 0 0.0004748929 0 9.170346e-05 9.82537e-06 0 0 0 0 0.0002423591 0 0 0 0.0004257661 3.275123e-06 0 0 0.0009694365 0.0001015288 3.275123e-06 0 3.275123e-06 0 3.602636e-05 3.275123e-06 4.257661e-05 3.275123e-06 5.895222e-05 0 9.82537e-06 4.912685e-05 0 0
8.515321e-05 0.01643457 3.602636e-05 0.0001670313 0.001277298 0.001919222 0.0008384316 0.004398491 0.002747829 0.003065516 0.05363342 0.001817694 0.08116411 0.005456356 6.550247e-05 0.0001375552 0.0001179044 0.001300224 0.0002423591 0.0006877759 0.0001997825 0.008390866 7.532784e-05 0.0006714003 0.09103206 0.02379705 0.09529627 0.001139743 0.003281674 0.0002227084 0.01762671 0.01973262 3.602636e-05 0.004644125 9.82537e-06 0.01039852 0.1122942 0.06249918 0.004473819 0.001025114 0.000451967 0.009615763 8.515321e-05 6.550247e-06 0.0001539308 0 6.550247e-06 0 0 1.965074e-05 6.550247e-06 2.620099e-05 9.82537e-06 0.0004257661 3.275123e-06 0.00383517 9.82537e-06 0 3.275123e-06 9.82537e-06 0.0006779506 0.0001473806 0 6.550247e-06 1.965074e-05 3.275123e-06 0.0002259835 0.0008679077 0.001919222 0.003917048 0.0001899572 9.82537e-06 6.550247e-06 0.0008908336 0 0 1.637562e-05 5.240198e-05 9.170346e-05 0.00105459 0.0001997825 6.550247e-06 0 0 0.0001768567 0
0.05207446 2.620099e-05 0.002819881 0.005718366 0.0003111367 0.04125673 0.2326418 0.1002581 0.002446517 0.09247966 0.01544548 0.1244711 0.005456356 0.09850589 9.497858e-05 0.0003045865 0.0425242 0.002299137 0.004830807 0.02211691 0.04965087 0.0001801318 0.01005135 0.01549461 5.240198e-05 0.01609396 0.009058992 0.08962703 0.1348729 0.1104666 0.0003897397 0.03654055 0.0007762043 0.05628627 1.637562e-05 0.002354814 0.0001408303 0.03709077 0.0009956375 0.00132315 0.001231446 0.0002456343 4.585173e-05 5.56771e-05 3.275123e-06 9.82537e-06 5.56771e-05 0 9.82537e-06 0.0002030577 2.620099e-05 0.0002554596 0.0001375552 0 7.532784e-05 6.550247e-06 0.0001146293 0 3.275123e-05 3.275123e-06 3.275123e-06 0 3.930148e-05 1.310049e-05 0 3.275123e-06 0.002266385 6.550247e-06 1.637562e-05 1.637562e-05 0.002004376 0.0001965074 8.842833e-05 0 3.275123e-06 6.550247e-06 2.947611e-05 0 0.0003962899 1.310049e-05 0.0001277298 0 3.275123e-06 4.585173e-05 0 0
1.310049e-05 0.0002161581 3.275123e-06 0.0006386491 0.01774134 0.0005764217 0.0001310049 0.0003078616 0.03960279 0.0002783855 1.637562e-05 0.002869008 6.550247e-05 9.497858e-05 9.170346e-05 0 6.550247e-06 0 0 0.0008842833 6.550247e-06 0.0001834069 3.275123e-06 0.004814432 7.860296e-05 0.0001080791 0.0009661614 0.001260923 0.0002816606 4.912685e-05 0 0.002292586 9.82537e-06 3.602636e-05 0 6.222735e-05 2.292586e-05 0.0001506557 3.275123e-06 0.001935598 0.0001408303 0 0 0 0 0 9.82537e-06 0 0 3.275123e-06 0 3.275123e-06 0 0 0 0 0 0 0 0 0 0 3.275123e-06 0 0 0 1.310049e-05 0 0 0 3.275123e-06 0 0 0 0 0 0 0 9.82537e-06 0 0 0 0 0 0 0
3.602636e-05 0.0002816606 0.003091717 3.275123e-06 0 9.82537e-06 0.0003111367 8.842833e-05 0.0004192158 3.275123e-06 0.0001637562 0 0.0001375552 0.0003045865 0 0.02846082 0.006183433 6.550247e-05 0.0007893048 3.275123e-06 0.02209071 0.03552199 0.03772615 0.03367154 4.257661e-05 0.009583011 0.05240198 0.02736693 0.0002030577 0.01014306 1.310049e-05 1.965074e-05 9.82537e-06 0.01446622 0.002364639 0.2662217 0.05639108 0.07595339 0.02994445 0.0003242372 0.0004061153 0.0001080791 0.001771842 0 5.895222e-05 7.205272e-05 0 0 0 6.550247e-06 0 0 0 0 0 6.550247e-06 6.550247e-06 0 0.009625588 2.947611e-05 6.550247e-06 9.82537e-06 0 0.0002325338 0.01004153 0.007719466 4.257661e-05 6.550247e-06 2.947611e-05 0.002073153 9.497858e-05 0 1.310049e-05 3.275123e-06 0 0 1.637562e-05 0.000104804 0.002236909 0.001221621 0.0002849357 0.0002259835 0 0 3.275123e-06 1.310049e-05
0.005233647 0.0002947611 0.02514312 9.170346e-05 9.82537e-06 0.003052415 0.06205704 0.01480356 0.0004159407 0.0005338451 0.0002882109 1.965074e-05 0.0001179044 0.0425242 6.550247e-06 0.006183433 0.001398478 0.001588435 0.0152064 4.585173e-05 0.04234735 0.001529483 0.07434858 0.005410504 6.550247e-06 0.0263975 0.1543893 0.04576658 0.01482648 0.02487129 1.637562e-05 0.000212883 6.550247e-05 0.01606121 1.965074e-05 0.002459618 0.0003537133 0.005348277 0.0004323163 2.620099e-05 9.82537e-05 0 9.82537e-06 0 0.0003340626 0.0004945436 3.275123e-06 0 3.275123e-06 1.310049e-05 0 9.82537e-06 3.275123e-06 0 0 3.275123e-06 3.275123e-06 0 9.497858e-05 0 6.550247e-06 6.550247e-06 3.275123e-06 9.82537e-06 5.895222e-05 3.602636e-05 9.497858e-05 6.550247e-06 1.965074e-05 0.0002587348 9.497858e-05 9.82537e-06 6.550247e-06 0 0 0 9.82537e-06 3.275123e-06 0.0001637562 0.0001637562 3.275123e-05 5.56771e-05 0 3.275123e-06 0 0
4.585173e-05 3.275123e-06 6.222735e-05 1.637562e-05 4.912685e-05 0.0001506557 0.0002882109 0.001025114 1.965074e-05 0.0005076441 0.07677217 0.0003242372 0.001300224 0.002299137 0 6.550247e-05 0.001588435 0.006379941 0.005924698 0.0001179044 0.0003733641 2.620099e-05 0.000609173 0.0001244547 0.0003733641 0.02944008 0.00478168 0.000370089 0.00158516 8.515321e-05 4.912685e-05 0.002066603 6.550247e-06 0.009085193 0 0.002567697 0.009861397 0.06039328 0.006874484 0.0002259835 4.257661e-05 0.0002096079 3.275123e-06 0 3.275123e-06 3.275123e-06 0 0 0 0 0 3.275123e-06 0 9.497858e-05 0 0.0003962899 3.275123e-06 0 0 0 0.0001965074 3.275123e-05 0 0 3.275123e-06 0 1.310049e-05 7.205272e-05 0.000370089 0.0007107018 2.292586e-05 3.275123e-06 0 0.0001408303 0 0 3.275123e-06 3.275123e-06 6.550247e-06 1.965074e-05 3.275123e-05 0 0 3.275123e-06 0 0
0.0003537133 0.0001801318 0.0009759868 1.965074e-05 1.965074e-05 0.0002816606 0.003271848 0.001414853 0.0001342801 0.0002521845 0.003357002 0.0001997825 0.0002423591 0.004830807 0 0.0007893048 0.0152064 0.005924698 0.002426866 7.205272e-05 0.0059771 0.0004257661 0.01123367 0.0007598286 4.585173e-05 0.1188706 0.0398124 0.003353726 0.003376652 0.001270748 2.620099e-05 0.001427954 1.310049e-05 0.02040729 6.550247e-06 0.001696514 0.0009923624 0.01817694 0.0006222735 0.0001080791 6.550247e-06 3.275123e-06 0 0 4.912685e-05 4.912685e-05 0 0 0 0 0 3.275123e-06 0 3.275123e-06 0 2.620099e-05 0 0 2.292586e-05 3.275123e-06 6.550247e-06 9.82537e-06 0 0 2.620099e-05 9.82537e-06 9.82537e-06 2.620099e-05 5.895222e-05 0.000212883 2.947611e-05 0 0 6.550247e-06 0 0 0 0 1.965074e-05 3.602636e-05 2.620099e-05 3.275123e-06 0 0 0 0
0.001025114 6.550247e-06 6.550247e-06 0.06811602 0.0001179044 0.0133101 0.003393028 0.004739104 0.005639763 0.03991065 0.001175769 0.06452321 0.0006877759 0.02211691 0.0008842833 3.275123e-06 4.585173e-05 0.0001179044 7.205272e-05 0.004958537 8.842833e-05 0 9.82537e-06 0.003782768 2.292586e-05 0.0005109193 0.0001113542 0.06404176 0.02072826 0.0002161581 1.965074e-05 0.001686689 0.0001441054 0.004437792 9.82537e-06 0.001509832 3.275123e-05 0.012547 0.0006026227 0.004850458 0.001703064 7.205272e-05 7.205272e-05 6.550247e-06 9.82537e-06 0 0.0008253311 3.275123e-06 0.0002227084 0.001159394 0.0002816606 0.000822056 0.004018577 0 0.0003668138 0 0.0001932323 6.550247e-06 0 0 0 0 0.001303499 0 1.310049e-05 0 0.003163769 3.275123e-06 0 6.550247e-06 0.006694352 0.000186682 1.637562e-05 0 1.637562e-05 3.275123e-06 4.585173e-05 0 0.0002456343 3.275123e-06 0.0001932323 0 2.620099e-05 0.0001441054 0 6.550247e-06
0.009216197 6.222735e-05 0.05365962 9.170346e-05 1.637562e-05 0.00263975 0.1130376 0.01465618 0.001041489 0.0006026227 0.000556771 4.257661e-05 0.0001997825 0.04965087 6.550247e-06 0.02209071 0.04234735 0.0003733641 0.0059771 8.842833e-05 0.09295783 0.001169219 0.2533963 0.01180682 6.550247e-06 0.02775667 0.0900921 0.1366742 0.01580902 0.20086 1.637562e-05 0.0002849357 9.497858e-05 0.06298717 0.001103717 0.06431032 0.003956349 0.1780324 0.02947611 0.0001834069 0.0007893048 9.170346e-05 0.0007860296 0 0.0001146293 0.0001146293 0 0 0 1.637562e-05 0 2.947611e-05 3.275123e-06 0 0 6.550247e-06 1.637562e-05 0 0.002367914 1.310049e-05 0 3.275123e-06 0 0.0001015288 0.0007369028 0.0008941087 0.0003471631 0 6.550247e-06 0.0004552422 0.0003537133 0 0.0001113542 0 0 0 3.275123e-06 2.620099e-05 0.0007303525 0.0004683427 6.877759e-05 5.895222e-05 0 0 0 0
2.292586e-05 0.06085179 0.002056778 0 0 6.550247e-06 8.515321e-05 1.965074e-05 0.01554046 3.275123e-06 0.001165944 2.620099e-05 0.008390866 0.0001801318 0.0001834069 0.03552199 0.001529483 2.620099e-05 0.0004257661 0 0.001169219 0.01784287 0.01318565 0.08477985 0.02700339 0.01303172 0.142969 0.0004257661 0.0002063328 0.002407216 0.0004650675 1.637562e-05 1.310049e-05 0.003196521 0.0001015288 0.02029267 0.009127769 0.009746767 0.001120092 0.0001244547 3.602636e-05 0.0006812257 8.515321e-05 3.275123e-06 0.0001277298 3.602636e-05 0 0 0 6.550247e-06 3.275123e-06 6.550247e-06 0 3.275123e-06 0 8.515321e-05 9.82537e-06 0 0.0003962899 9.82537e-06 4.585173e-05 9.82537e-06 0 3.275123e-06 0.000186682 0.0003406128 5.895222e-05 5.895222e-05 0.0001506557 0.000582972 8.187809e-05 0 6.550247e-06 1.310049e-05 0 0 0 1.310049e-05 0.0001113542 0.0001146293 3.930148e-05 1.637562e-05 0 3.275123e-06 0 0
0.001594985 8.842833e-05 0.1267375 2.620099e-05 6.550247e-06 0.0006648501 0.03133311 0.003229272 0.0001506557 0.0001015288 0.0008253311 1.637562e-05 7.532784e-05 0.01005135 3.275123e-06 0.03772615 0.07434858 0.000609173 0.01123367 9.82537e-06 0.2533963 0.01318565 0.1030485 0.01097494 3.275123e-06 0.07107345 0.1921908 0.06804069 0.003137568 0.0363768 9.82537e-06 0.0001997825 1.310049e-05 0.07150905 0.002954161 0.2090806 0.01839964 0.27138 0.096924 0.0006910511 0.0006681252 0.0001211796 0.001827519 3.275123e-06 0.0002587348 0.0005633212 0 0 0 4.257661e-05 3.275123e-06 3.275123e-06 0 3.275123e-06 0 0 1.637562e-05 0 0.01368674 4.585173e-05 3.275123e-06 1.310049e-05 0 0.0004454168 0.01068673 0.009982576 7.532784e-05 0 1.637562e-05 0.008937812 0.0001768567 6.550247e-06 4.257661e-05 0 0 0 2.620099e-05 0.0001965074 0.005096092 0.003894122 0.001097166 0.0006845008 0 0 3.275123e-06 9.82537e-06
0.002600448 0.00770309 0.003641937 0.0266071 2.620099e-05 0.002286036 0.01727955 0.003936698 0.1244187 0.005417054 0.0006320988 0.003625562 0.0006714003 0.01549461 0.004814432 0.03367154 0.005410504 0.0001244547 0.0007598286 0.003782768 0.01180682 0.08477985 0.01097494 0.09204407 0.000609173 0.006720553 0.05612579 0.09502771 0.07513461 0.07844576 2.947611e-05 0.0005534959 0.00570199 0.03288879 0.001768567 0.1147865 0.01200005 0.1090944 0.01027079 0.00438539 0.005400679 0.0005371202 0.001965074 0.0006976013 6.877759e-05 4.585173e-05 0.0009661614 0 0.0005633212 0.005855921 0.001012013 0.009055716 0.007146319 3.275123e-06 0.000504369 1.310049e-05 0.002610273 1.637562e-05 0.001041489 3.275123e-05 1.310049e-05 1.965074e-05 0.002099354 0.0004748929 0.0004585173 0.000265285 0.04720108 1.310049e-05 5.895222e-05 0.0001899572 0.0483703 0.003772942 0.002082979 0 6.877759e-05 8.515321e-05 0.0006845008 8.515321e-05 0.01112887 0.0006189983 0.002947611 8.515321e-05 6.877759e-05 0.001247822 0 0.0001211796
0 0.05939109 9.82537e-06 1.637562e-05 0 6.550247e-06 3.930148e-05 1.965074e-05 0.006248936 4.585173e-05 0.01182975 0 0.09103206 5.240198e-05 7.860296e-05 4.257661e-05 6.550247e-06 0.0003733641 4.585173e-05 2.292586e-05 6.550247e-06 0.02700339 3.275123e-06 0.000609173 0.008056804 0.01412888 0.08795344 8.515321e-05 1.637562e-05 1.310049e-05 0.005400679 4.912685e-05 0 0.0002227084 0 0.0008548072 0.008810082 0.008240211 0.0005927973 5.895222e-05 0.0004454168 0.004722728 5.895222e-05 0 0.000343888 0 0 0 0 6.550247e-06 0 3.930148e-05 0 0.0007565535 3.275123e-06 0.0100579 3.275123e-06 0 3.275123e-06 1.965074e-05 0.0007139769 0.0001375552 0 3.275123e-06 6.550247e-05 6.550247e-06 6.222735e-05 0.0006419242 0.002145206 0.007156145 2.292586e-05 6.550247e-06 3.275123e-06 0.001460705 0 0 4.585173e-05 0 9.82537e-06 0.0002620099 0.0002849357 3.275123e-05 3.275123e-06 0 2.292586e-05 0
0.0006845008 0.007807894 0.06309525 0.000104804 0.000212883 0.001198695 0.01960816 0.006589548 0.004608099 0.00211573 0.1268881 0.001444329 0.02379705 0.01609396 0.0001080791 0.009583011 0.0263975 0.02944008 0.1188706 0.0005109193 0.02775667 0.01303172 0.07107345 0.006720553 0.01412888 0.2948659 0.5563387 0.02588003 0.01298914 0.004925786 0.006710728 0.01023149 5.895222e-05 0.12978 0.0001342801 0.1385705 0.1605302 0.4653394 0.05108865 0.00106114 0.0001473806 0.0009301351 0.0002096079 5.895222e-05 0.01499679 0.008607024 6.550247e-06 3.275123e-06 0 0.0002292586 5.56771e-05 4.257661e-05 3.275123e-06 0.0009072092 3.275123e-06 0.006396316 0.0002096079 0 5.240198e-05 0.001611361 0.005607011 0.00357316 0 0.0001703064 9.82537e-05 0.0001703064 0.0002489094 0.004830807 0.02175992 0.06241403 0.000104804 8.187809e-05 0.000239084 0.002505469 1.310049e-05 0 0.0006058978 4.257661e-05 0.0004159407 0.002223809 0.002957436 0.0004224909 0 3.275123e-06 0 0
0.0006550247 0.0736346 0.1937268 4.912685e-05 5.56771e-05 0.0005633212 0.004084079 0.00239084 0.05581793 0.0005927973 0.02544116 0.0005207446 0.09529627 0.009058992 0.0009661614 0.05240198 0.1543893 0.00478168 0.0398124 0.0001113542 0.0900921 0.142969 0.1921908 0.05612579 0.08795344 0.5563387 0.6072308 0.02458963 0.006288237 0.003641937 0.01087669 0.002515295 3.275123e-05 0.2116876 0.0033177 0.6628719 0.2219027 0.598948 0.1168499 0.002119005 5.895222e-05 0.002662675 0.002056778 6.550247e-06 0.008665977 0.002105904 0 0 0 5.56771e-05 9.82537e-06 2.620099e-05 3.275123e-06 0.002138656 0 0.01401753 3.930148e-05 0 0.001434504 0.000451967 0.00940943 0.003435605 0 0.0001179044 0.001843895 0.001218346 0.0002096079 0.0112959 0.029201 0.07685405 0.0001768567 3.930148e-05 7.205272e-05 0.005092817 6.550247e-06 0 0.0004290412 0.0005272949 0.001765292 0.003045865 0.003890847 0.0005240198 0 0 4.585173e-05 6.550247e-06
0.01627409 2.292586e-05 0.03694339 0.04424364 0.0001113542 0.03087459 0.2417598 0.05597514 0.02254923 0.04370652 0.001562234 0.02105577 0.001139743 0.08962703 0.001260923 0.02736693 0.04576658 0.000370089 0.003353726 0.06404176 0.1366742 0.0004257661 0.06804069 0.09502771 8.515321e-05 0.02588003 0.02458963 0.2559837 0.1697562 0.2783462 5.240198e-05 0.001637562 0.00862995 0.0922504 0.002570972 0.1218673 0.008060079 0.2456768 0.02367587 0.002394115 0.009075367 0.0008187809 0.002253285 0.0002161581 1.965074e-05 2.292586e-05 0.002826432 0 0.0005534959 0.00411683 0.0009137594 0.002832982 0.008161608 3.275123e-06 0.0007270774 6.550247e-06 0.001375552 9.82537e-06 0.0004388665 1.637562e-05 3.275123e-06 1.637562e-05 0.002669226 9.82537e-05 0.0002882109 0.0003569885 0.0185765 0 2.292586e-05 0.0001441054 0.02674466 0.001637562 0.0004388665 0 2.620099e-05 2.947611e-05 0.0002816606 6.550247e-05 0.003602636 0.0001506557 0.001401753 2.292586e-05 6.877759e-05 0.0007598286 0 4.585173e-05
0.05398714 2.292586e-05 0.0007663789 0.00968454 5.56771e-05 0.01483631 0.15229 0.03076979 0.013166 0.1109743 0.0145743 0.03477199 0.003281674 0.1348729 0.0002816606 0.0002030577 0.01482648 0.00158516 0.003376652 0.02072826 0.01580902 0.0002063328 0.003137568 0.07513461 1.637562e-05 0.01298914 0.006288237 0.1697562 0.1411676 0.1058225 0.0002161581 0.01451535 0.005849371 0.06599374 1.965074e-05 0.003818794 0.0001539308 0.02753396 0.0005010939 0.00809283 0.0006026227 0.0002685601 5.240198e-05 0.0002194333 1.310049e-05 9.82537e-06 0.0001539308 0 9.497858e-05 0.001522932 0.0002161581 0.001729265 0.0003962899 6.550247e-06 4.585173e-05 3.275123e-06 0.0007827545 0 0.0001801318 1.637562e-05 6.550247e-06 6.550247e-06 9.497858e-05 0.0001179044 2.292586e-05 2.947611e-05 0.01336905 3.275123e-06 2.292586e-05 2.947611e-05 0.01140398 0.001152843 0.0006189983 3.275123e-06 3.275123e-06 1.965074e-05 0.0001506557 1.310049e-05 0.002829707 7.860296e-05 0.0006714003 3.275123e-06 1.637562e-05 0.0003144119 0 2.620099e-05
0.03488006 0.0002587348 0.0086234 0.0002816606 9.82537e-06 0.003078616 0.1879888 0.01751209 0.01834069 0.001644112 0.0003569885 5.895222e-05 0.0002227084 0.1104666 4.912685e-05 0.01014306 0.02487129 8.515321e-05 0.001270748 0.0002161581 0.20086 0.002407216 0.0363768 0.07844576 1.310049e-05 0.004925786 0.003641937 0.2783462 0.1058225 0.09960633 1.637562e-05 0.0003569885 0.002010926 0.01580247 8.842833e-05 0.003013114 0.0002259835 0.01376862 0.001172494 7.860296e-05 0.0003340626 2.620099e-05 7.532784e-05 0.0001146293 6.550247e-06 9.82537e-06 9.82537e-06 0 1.310049e-05 0.000239084 3.602636e-05 0.001817694 2.947611e-05 0 0 0 0.0002194333 0 0.003291499 1.310049e-05 0 0 3.275123e-06 0.0008286062 0.0009923624 0.0002325338 0.008371216 0 6.550247e-06 3.602636e-05 0.007444356 0.0004355914 0.00118232 0 0 1.310049e-05 4.257661e-05 9.82537e-06 0.002184507 0.0007238023 0.000265285 1.637562e-05 3.275123e-06 5.240198e-05 0 1.637562e-05
6.550247e-06 0.0006517496 3.275123e-06 9.82537e-06 1.965074e-05 3.275123e-05 3.930148e-05 0.0002259835 9.170346e-05 0.0001080791 0.005849371 6.222735e-05 0.01762671 0.0003897397 0 1.310049e-05 1.637562e-05 4.912685e-05 2.620099e-05 1.965074e-05 1.637562e-05 0.0004650675 9.82537e-06 2.947611e-05 0.005400679 0.006710728 0.01087669 5.240198e-05 0.0002161581 1.637562e-05 0.0008515321 0.0004683427 0 0.001133193 0 0.0006877759 0.01192472 0.01340181 0.001667038 4.257661e-05 6.550247e-06 0.0003799143 6.550247e-06 0 1.965074e-05 0 0 0 0 0 0 3.275123e-06 0 8.842833e-05 0 0.0006714003 0 0 0 3.275123e-06 0.0001965074 1.310049e-05 0 0 0 0 9.82537e-06 0.0001146293 0.0003897397 0.0008122306 0 0 0 0.0001735815 0 0 0 0 3.275123e-06 6.550247e-05 3.275123e-05 0 0 0 0 0
0.0001342801 9.82537e-06 2.947611e-05 0.0002882109 0.0003111367 0.03830257 0.001365726 0.01472496 0.0001408303 0.00650767 0.02634182 0.004978188 0.01973262 0.03654055 0.002292586 1.965074e-05 0.000212883 0.002066603 0.001427954 0.001686689 0.0002849357 1.637562e-05 0.0001997825 0.0005534959 4.912685e-05 0.01023149 0.002515295 0.001637562 0.01451535 0.0003569885 0.0004683427 0.0006550247 3.930148e-05 0.09581701 0 0.005688889 0.0001801318 0.03948161 3.930148e-05 0.006697628 0.01283848 0.0006255486 7.205272e-05 0 0 0 3.275123e-06 0 3.275123e-06 4.257661e-05 3.275123e-06 1.637562e-05 6.550247e-06 0 3.275123e-06 1.310049e-05 1.637562e-05 0 0 0 9.82537e-06 0 3.275123e-06 0 0 3.275123e-06 0.0001997825 0 3.275123e-06 9.82537e-06 0.0002423591 2.292586e-05 1.310049e-05 3.275123e-06 0 0 6.550247e-06 0 6.222735e-05 0 1.965074e-05 0 0 9.82537e-06 0 0
0.0001604811 6.550247e-06 1.310049e-05 0.0002620099 0 0.0001015288 0.003874471 0.0002849357 0.001231446 0.0006779506 8.187809e-05 1.637562e-05 3.602636e-05 0.0007762043 9.82537e-06 9.82537e-06 6.550247e-05 6.550247e-06 1.310049e-05 0.0001441054 9.497858e-05 1.310049e-05 1.310049e-05 0.00570199 0 5.895222e-05 3.275123e-05 0.00862995 0.005849371 0.002010926 0 3.930148e-05 0 0.001391927 0 5.895222e-05 6.550247e-06 0.001565509 9.82537e-06 6.550247e-06 1.637562e-05 0 0 2.947611e-05 0 0 0 0 3.275123e-06 9.82537e-05 1.310049e-05 0.0001506557 6.550247e-06 3.275123e-06 0 0 4.912685e-05 0 2.947611e-05 3.275123e-06 0 0 3.275123e-06 1.637562e-05 6.550247e-06 6.550247e-06 0.00107424 0 0 0 0.0008449819 0.0001015288 7.860296e-05 0 3.275123e-06 3.275123e-06 1.637562e-05 9.82537e-06 0.0002096079 1.310049e-05 9.497858e-05 0 0 2.947611e-05 0 0
0.004414866 0.0004879934 0.005885397 0.001742366 0.001699789 0.005282774 0.03599361 0.01753501 0.005626662 0.0237643 0.05911925 0.007886497 0.004644125 0.05628627 3.602636e-05 0.01446622 0.01606121 0.009085193 0.02040729 0.004437792 0.06298717 0.003196521 0.07150905 0.03288879 0.0002227084 0.12978 0.2116876 0.0922504 0.06599374 0.01580247 0.001133193 0.09581701 0.001391927 0.04781025 4.912685e-05 0.00756226 0.002669226 0.08452439 0.001129918 0.002204158 0.0004585173 0.0002849357 5.895222e-05 6.222735e-05 0.0004290412 0.0005960725 2.947611e-05 0 3.275123e-06 0.0003144119 5.56771e-05 0.000743453 9.82537e-05 0 1.310049e-05 2.947611e-05 0.0001932323 0 0.000848257 2.292586e-05 1.965074e-05 2.292586e-05 1.637562e-05 0.0002292586 0.0002685601 0.0001375552 0.004516395 3.275123e-05 0.0001441054 0.0007762043 0.003881021 0.0003733641 0.0003831894 6.550247e-06 3.275123e-06 9.82537e-06 6.222735e-05 3.275123e-06 0.001398478 0.0004650675 0.0003013114 5.895222e-05 9.82537e-06 6.877759e-05 0 1.310049e-05
3.275123e-06 3.275123e-06 2.292586e-05 1.637562e-05 0 1.310049e-05 0.0003930148 1.310049e-05 0.000451967 0.000104804 0 0 9.82537e-06 1.637562e-05 0 0.002364639 1.965074e-05 0 6.550247e-06 9.82537e-06 0.001103717 0.0001015288 0.002954161 0.001768567 0 0.0001342801 0.0033177 0.002570972 1.965074e-05 8.842833e-05 0 0 0 4.912685e-05 0.3698204 0.08391194 0.0008548072 0.002764204 0.004156132 1.965074e-05 6.550247e-06 0 0.001709614 3.275123e-06 1.310049e-05 1.310049e-05 3.275123e-06 0 3.275123e-06 1.637562e-05 0 6.877759e-05 0 0 0 3.275123e-06 9.82537e-06 0 0.0001473806 0 0 3.275123e-06 0 3.602636e-05 4.257661e-05 2.947611e-05 0.0003406128 3.275123e-06 0 4.257661e-05 0.0002718352 1.310049e-05 3.602636e-05 0 0 6.550247e-06 6.550247e-06 0.3475856 0.0004585173 5.56771e-05 8.187809e-05 0.0004159407 0 6.550247e-06 6.550247e-06 0
0.0001342801 0.002413766 0.005151769 0.001506557 0.0004486919 0.001817694 0.01568129 0.003298049 0.02692151 0.007005489 0.00476203 0.0005469456 0.01039852 0.002354814 6.222735e-05 0.2662217 0.002459618 0.002567697 0.001696514 0.001509832 0.06431032 0.02029267 0.2090806 0.1147865 0.0008548072 0.1385705 0.6628719 0.1218673 0.003818794 0.003013114 0.0006877759 0.005688889 5.895222e-05 0.00756226 0.08391194 0.02545753 0.6005987 0.1827715 0.05947624 0.001241272 0.01217363 0.01792148 0.001162669 0.0002849357 0.002623374 0.005328626 3.275123e-05 0 4.585173e-05 0.001175769 0.0001899572 0.004097179 0.0001735815 1.310049e-05 9.82537e-06 7.860296e-05 0.0008711828 1.637562e-05 0.01444657 0.0002816606 4.912685e-05 0.0001834069 2.947611e-05 0.002125555 0.007870122 0.005390853 0.02265075 5.56771e-05 0.0008024053 0.009134319 0.0212228 0.001663763 0.002675776 3.275123e-05 3.275123e-06 5.240198e-05 0.0003668138 0.0009858122 0.01427299 0.006399591 0.002351539 0.0009956375 9.82537e-06 0.0002521845 9.82537e-06 6.877759e-05
3.275123e-06 0.005990201 0.0007369028 1.637562e-05 6.550247e-06 3.275123e-05 0.000370089 0.000104804 0.003808969 0.0001997825 0.04729278 3.930148e-05 0.1122942 0.0001408303 2.292586e-05 0.05639108 0.0003537133 0.009861397 0.0009923624 3.275123e-05 0.003956349 0.009127769 0.01839964 0.01200005 0.008810082 0.1605302 0.2219027 0.008060079 0.0001539308 0.0002259835 0.01192472 0.0001801318 6.550247e-06 0.002669226 0.0008548072 0.6005987 0.06977651 0.04863231 0.02633527 5.56771e-05 0.001087341 0.00118887 0.001624461 9.82537e-06 0.002364639 0.005213997 0 0 0 7.205272e-05 1.310049e-05 0.0001473806 0 0.0001997825 0 0.001716165 3.275123e-05 0 0.004807881 0.000212883 0.0001113542 0.0001211796 0 0.0003013114 0.003094992 0.002092804 0.00105459 0.0002521845 0.0007729291 0.005112468 0.001257647 4.585173e-05 0.0003340626 9.82537e-05 0 0 7.532784e-05 7.860296e-05 0.002459618 0.004408316 0.0009727117 0.0004061153 0 0 0.0007270774 3.275123e-06
0.002289311 0.003242372 0.01069328 0.005603736 0.004159407 0.01167909 0.07987044 0.01982432 0.02088219 0.07282237 0.1551328 0.01119765 0.06249918 0.03709077 0.0001506557 0.07595339 0.005348277 0.06039328 0.01817694 0.012547 0.1780324 0.009746767 0.27138 0.1090944 0.008240211 0.4653394 0.598948 0.2456768 0.02753396 0.01376862 0.01340181 0.03948161 0.001565509 0.08452439 0.002764204 0.1827715 0.04863231 0.06379285 0.00689086 0.002335163 0.002829707 0.00438539 0.001372277 0.0002849357 0.001293674 0.00210918 9.82537e-05 0 5.56771e-05 0.001549133 0.0001997825 0.003091717 0.0003635387 3.602636e-05 4.912685e-05 0.0002358089 0.0009104843 6.550247e-06 0.003078616 8.842833e-05 0.0001604811 8.515321e-05 8.187809e-05 0.0008417067 0.001441054 0.0007762043 0.02061363 0.0001342801 0.0005665964 0.003815519 0.01687016 0.001830794 0.001693239 6.877759e-05 1.310049e-05 4.257661e-05 0.0002259835 0.001087341 0.006350464 0.002475993 0.001486906 0.0003045865 2.292586e-05 0.0003340626 1.637562e-05 6.550247e-05
8.187809e-05 0.0001441054 0.00158516 0.0003569885 0 0.0003864646 0.006170333 0.0005764217 0.001706339 0.003252198 0.009717291 0.0001441054 0.004473819 0.0009956375 3.275123e-06 0.02994445 0.0004323163 0.006874484 0.0006222735 0.0006026227 0.02947611 0.001120092 0.096924 0.01027079 0.0005927973 0.05108865 0.1168499 0.02367587 0.0005010939 0.001172494 0.001667038 3.930148e-05 9.82537e-06 0.001129918 0.004156132 0.05947624 0.02633527 0.00689086 0.0009497858 1.637562e-05 3.275123e-05 0.00157861 0.0003569885 2.620099e-05 0.0001997825 0.0004388665 6.550247e-06 0 3.275123e-06 0.0001080791 2.292586e-05 0.0002554596 3.602636e-05 3.275123e-06 0 9.82537e-06 7.860296e-05 0 0.0003930148 3.275123e-05 6.550247e-06 6.550247e-06 0 6.877759e-05 0.0004224909 0.0002620099 0.001388652 1.637562e-05 4.585173e-05 0.0009890873 0.00132315 9.497858e-05 0.0001179044 9.82537e-06 0 0 2.947611e-05 0.002934511 0.001080791 0.00053057 0.000239084 0.0002980362 0 2.620099e-05 0 0
2.292586e-05 0.0001244547 1.310049e-05 0.001850445 0.0009858122 0.01503282 0.0007762043 0.02088219 0.01189197 0.001588435 0.00159826 0.02174354 0.001025114 0.00132315 0.001935598 0.0003242372 2.620099e-05 0.0002259835 0.0001080791 0.004850458 0.0001834069 0.0001244547 0.0006910511 0.00438539 5.895222e-05 0.00106114 0.002119005 0.002394115 0.00809283 7.860296e-05 4.257661e-05 0.006697628 6.550247e-06 0.002204158 1.965074e-05 0.001241272 5.56771e-05 0.002335163 1.637562e-05 0.001064415 0.0002783855 3.930148e-05 6.550247e-06 9.82537e-06 0 0 9.82537e-06 0 3.275123e-06 2.947611e-05 0 2.947611e-05 1.637562e-05 0 9.82537e-06 0 3.275123e-06 0 1.310049e-05 0 0 3.275123e-06 3.275123e-06 0 1.310049e-05 3.275123e-06 0.0003013114 3.275123e-06 3.275123e-06 1.637562e-05 0.0002096079 1.637562e-05 2.620099e-05 0 0 3.275123e-06 1.310049e-05 2.292586e-05 4.585173e-05 9.82537e-06 2.947611e-05 3.275123e-06 0 6.550247e-06 0 3.275123e-06
8.515321e-05 0 4.585173e-05 0.0007532784 0.0005371202 0.001958524 0.004313338 0.002027301 0.001237997 0.01021183 0.000504369 0.001536033 0.000451967 0.001231446 0.0001408303 0.0004061153 9.82537e-05 4.257661e-05 6.550247e-06 0.001703064 0.0007893048 3.602636e-05 0.0006681252 0.005400679 0.0004454168 0.0001473806 5.895222e-05 0.009075367 0.0006026227 0.0003340626 6.550247e-06 0.01283848 1.637562e-05 0.0004585173 6.550247e-06 0.01217363 0.001087341 0.002829707 3.275123e-05 0.0002783855 6.550247e-06 0.002443242 4.585173e-05 4.257661e-05 0 0 1.637562e-05 0 9.82537e-06 0.0002227084 4.257661e-05 0.000239084 4.257661e-05 0 1.310049e-05 0 0.0001408303 0 5.895222e-05 0 0 3.275123e-06 1.637562e-05 2.292586e-05 1.310049e-05 1.310049e-05 0.001942148 0 0 9.82537e-06 0.001807868 0.0001637562 0.0001080791 0 0 3.275123e-06 3.602636e-05 8.842833e-05 0.0004388665 2.947611e-05 8.515321e-05 1.637562e-05 0 5.895222e-05 0 9.82537e-06
1.310049e-05 0.003058965 0 7.532784e-05 1.637562e-05 7.532784e-05 0.0003373377 0.0001408303 0.000478168 0.0005371202 0.00317687 3.275123e-05 0.009615763 0.0002456343 0 0.0001080791 0 0.0002096079 3.275123e-06 7.205272e-05 9.170346e-05 0.0006812257 0.0001211796 0.0005371202 0.004722728 0.0009301351 0.002662675 0.0008187809 0.0002685601 2.620099e-05 0.0003799143 0.0006255486 0 0.0002849357 0 0.01792148 0.00118887 0.00438539 0.00157861 3.930148e-05 0.002443242 4.257661e-05 0.0002096079 0 3.275123e-06 0 0 0 0 3.602636e-05 6.550247e-06 3.275123e-05 3.275123e-06 1.637562e-05 3.275123e-06 9.170346e-05 3.275123e-06 0 6.550247e-06 0 6.550247e-06 0 0 3.275123e-06 9.82537e-06 0 0.0001735815 1.637562e-05 2.292586e-05 9.170346e-05 0.0001310049 6.550247e-06 1.310049e-05 3.275123e-06 0 3.275123e-06 3.275123e-06 0 4.912685e-05 9.82537e-05 9.82537e-06 0 0 6.550247e-06 3.602636e-05 0
3.275123e-06 3.275123e-06 1.637562e-05 6.550247e-05 9.82537e-06 4.257661e-05 0.0004879934 7.205272e-05 0.0004552422 0.0004879934 2.620099e-05 1.965074e-05 8.515321e-05 4.585173e-05 0 0.001771842 9.82537e-06 3.275123e-06 0 7.205272e-05 0.0007860296 8.515321e-05 0.001827519 0.001965074 5.895222e-05 0.0002096079 0.002056778 0.002253285 5.240198e-05 7.532784e-05 6.550247e-06 7.205272e-05 0 5.895222e-05 0.001709614 0.001162669 0.001624461 0.001372277 0.0003569885 6.550247e-06 4.585173e-05 0.0002096079 6.550247e-06 6.550247e-06 6.550247e-06 6.550247e-06 0 0 3.275123e-06 2.292586e-05 3.275123e-06 4.257661e-05 0 0 0 0 1.310049e-05 0 0.0001015288 0 0 0 3.275123e-06 1.965074e-05 8.515321e-05 3.602636e-05 0.000582972 0 0 3.602636e-05 0.0004093904 5.56771e-05 6.550247e-05 0 0 6.550247e-06 9.82537e-06 7.532784e-05 0.0002456343 3.275123e-05 2.292586e-05 9.82537e-06 0 0 0 0
9.82537e-06 0 1.310049e-05 6.550247e-06 0 3.275123e-06 3.275123e-05 9.82537e-06 6.550247e-05 2.620099e-05 3.275123e-06 0 6.550247e-06 5.56771e-05 0 0 0 0 0 6.550247e-06 0 3.275123e-06 3.275123e-06 0.0006976013 0 5.895222e-05 6.550247e-06 0.0002161581 0.0002194333 0.0001146293 0 0 2.947611e-05 6.222735e-05 3.275123e-06 0.0002849357 9.82537e-06 0.0002849357 2.620099e-05 9.82537e-06 4.257661e-05 0 6.550247e-06 0.00676968 1.965074e-05 0.001663763 2.292586e-05 0 0.0002882109 0.02193023 0.00383517 0.0004814432 0.0005895222 0.0001539308 1.310049e-05 5.56771e-05 0.06862366 3.275123e-06 7.532784e-05 0.003805693 0.0004683427 0.003930148 3.602636e-05 0.0004683427 4.912685e-05 0.0007139769 0.002754379 6.550247e-06 0.01879266 0.004355914 0.01094874 0.06516186 0.03397286 8.187809e-05 0.0002783855 0.004411591 0.008646326 2.292586e-05 0.001280573 0.0001408303 0.009301351 0.0007238023 1.637562e-05 0.0001277298 0 1.637562e-05
