0.008485165 5.545859e-05 0.0070987 0.001327744 0 0.001947575 0.0487742 0.01139837 0.006168953 0.008230708 0.0001500644 0.0005839464 6.52454e-06 0.0298041 5.219632e-05 0.0001729003 0.009255061 0.001138532 0.01205735 0.0009036488 0.004064789 0.000688339 0.01368196 0.02946482 1.957362e-05 0.01384181 0.0008547148 0.0190484 0.03456049 0.04176032 3.26227e-06 3.26227e-05 0.000156589 0.0146639 3.26227e-06 0.0006296182 6.850767e-05 0.002479325 0.0001761626 3.914724e-05 6.52454e-06 0 6.52454e-06 3.914724e-05 3.26227e-06 1.304908e-05 9.134357e-05 3.26227e-06 2.936043e-05 0.0001500644 9.134357e-05 0.000326227 0.0001174417 0 1.957362e-05 0 0.0001435399 0 0 0 3.26227e-06 0 1.631135e-05 0 7.503221e-05 9.786811e-06 0.000326227 0 6.52454e-06 1.957362e-05 0.0003718988 0.0001533267 3.26227e-05 0 0 0 4.240951e-05 9.786811e-06 0.0001109172 0 0.0002218344 6.52454e-06 3.26227e-06 2.283589e-05 0 0
5.545859e-05 0.00330468 0.01345034 3.26227e-06 2.609816e-05 6.52454e-06 0.0003197025 9.786811e-05 0.01276526 2.283589e-05 0.00142235 3.914724e-05 0.01734875 0.0001304908 0.0004338819 0.001409301 0.05123069 0.0007013881 0.01611235 6.52454e-06 0.000120704 0.02989871 0.0009591074 0.007118274 0.05672435 0.1445936 0.09250167 0.0005415369 0.000326227 0.0003849479 0.002401031 0 2.936043e-05 0.007196568 2.609816e-05 0.02200727 0.004596539 0.01962256 0.004113723 0.0003849479 9.786811e-06 0.007108487 7.503221e-05 3.26227e-06 0.0001011304 0.007196568 0 0 0 0.0001109172 1.631135e-05 2.609816e-05 3.26227e-06 6.52454e-05 0 6.52454e-05 1.957362e-05 0 3.914724e-05 2.936043e-05 5.545859e-05 0.0001500644 0 9.786811e-06 6.198313e-05 0.0005089142 5.872086e-05 0.0001370153 0.003418859 0.009359453 0.0001631135 0 9.786811e-06 3.26227e-05 0 0 2.283589e-05 2.609816e-05 9.786811e-05 0.0001533267 0.0001141795 2.283589e-05 0 0 1.631135e-05 3.26227e-06
0.0070987 0.01345034 0.0299248 0.0003686365 9.786811e-06 0.002071542 0.1253168 0.02598398 0.001092861 0.00840687 0.002472801 0.0002185721 5.219632e-05 0.04274553 4.567178e-05 0.002596767 0.0779128 0.009219176 0.03846543 0.0001468022 0.01802404 0.006508229 0.1912636 0.01165283 1.957362e-05 0.3608397 0.2735283 0.08925898 0.009962973 0.09681113 2.609816e-05 1.631135e-05 0.0005513237 0.03899065 0.0002283589 0.0897842 0.02739002 0.07744303 0.005425155 0.0002511948 2.936043e-05 4.240951e-05 0.000290342 1.304908e-05 0.002205295 0.007265076 1.631135e-05 0 6.52454e-06 0.0001239663 1.957362e-05 8.80813e-05 2.936043e-05 3.26227e-06 3.26227e-06 0 1.631135e-05 3.26227e-06 0.0001435399 3.26227e-06 0 9.786811e-06 3.26227e-06 9.786811e-06 0.0003001289 0.001396252 0.0001859494 0 0.000241408 0.007464074 0.0004240951 2.283589e-05 1.957362e-05 0 0 3.26227e-06 1.957362e-05 0.0001370153 0.0001435399 0.0001109172 8.155676e-05 1.631135e-05 0 0 0 0
0.001327744 3.26227e-06 0.0003686365 0.05031399 5.219632e-05 0.009845532 0.007212879 0.007953415 0.01863409 0.09685028 0.000241408 0.08351086 9.786811e-06 0.008067594 0.001702905 2.936043e-05 9.134357e-05 4.240951e-05 3.914724e-05 0.08355 0.0001011304 2.283589e-05 0.0001859494 0.03949304 0 0.0003001289 0.0002153098 0.08445039 0.01054366 0.0004762915 0 0.0001761626 0.000290342 0.003056747 0.0001794249 0.003882102 6.198313e-05 0.007604352 0.001122221 0.001520218 0.0003131779 0 0.0001174417 4.567178e-05 0 6.52454e-06 0.002113951 6.52454e-06 0.0005708973 0.0006361427 0.0006557163 0.0009101734 0.001627873 3.26227e-06 0.000482816 0 0.0004991273 6.52454e-05 3.26227e-06 3.26227e-06 0 0 0.0004762915 0 3.26227e-06 3.26227e-06 0.003487367 0 0 9.786811e-06 0.003288368 0.0003816856 2.283589e-05 0 9.786811e-06 0 0.0001598512 9.786811e-06 0.0001174417 0 0.0006622409 9.786811e-06 0.0001924739 4.567178e-05 0 3.26227e-06
0 2.609816e-05 9.786811e-06 5.219632e-05 0 0.000893862 3.26227e-05 0.0007796826 0.005470827 0.0001761626 0.0001663758 0.0003099157 7.829449e-05 0.0004991273 0.003617858 6.52454e-06 1.631135e-05 5.872086e-05 2.283589e-05 6.850767e-05 0 0.0001663758 3.26227e-06 0.001167893 4.567178e-05 9.786811e-05 0.0003164402 0.0001370153 0.000397997 9.786811e-06 1.304908e-05 0.0001924739 1.631135e-05 0.001275548 3.26227e-06 6.850767e-05 2.609816e-05 0.0003131779 0.0001109172 0.01892117 4.240951e-05 3.26227e-06 9.786811e-06 0 0 3.26227e-06 9.786811e-06 0 0 3.26227e-06 3.26227e-06 1.304908e-05 6.52454e-06 0 0 0 0 0 0 0 0 0 0 0 0 0 9.786811e-06 0 0 0 6.52454e-06 0 0 0 0 0 0 0 0 0 6.52454e-06 0 0 3.26227e-06 0 0
0.001947575 6.52454e-06 0.002071542 0.009845532 0.000893862 0.1606374 0.02885804 0.1843966 0.01225961 0.1968584 0.0009721565 0.1140131 0.0001304908 0.04519549 0.01574372 3.588497e-05 0.0002511948 0.0003229648 0.0001109172 0.02348182 0.0003164402 6.198313e-05 0.0004240951 0.01487269 9.786811e-06 0.001213565 0.0003229648 0.0374215 0.02637545 0.0004599801 1.304908e-05 0.01826871 0.0002740307 0.00760109 0.0004273574 0.01110803 0.0001989985 0.01780547 0.004299672 0.01745641 0.006286395 9.786811e-06 0.0003458006 3.26227e-05 0 6.52454e-06 0.0009852056 0 0.0003164402 0.000482816 0.000446931 0.0006687654 0.000844928 0 0.0002185721 0 0.0003914724 2.283589e-05 0 3.26227e-06 0 0 0.000205523 3.26227e-06 1.304908e-05 3.26227e-06 0.002087853 0 0 9.786811e-06 0.001875805 0.0003001289 3.26227e-05 0 1.631135e-05 0 0.0001468022 3.26227e-06 0.0001076549 0 0.0004697669 1.631135e-05 4.893405e-05 3.914724e-05 0 0
0.0487742 0.0003197025 0.1253168 0.007212879 3.26227e-05 0.02885804 0.3913974 0.06454728 0.04915263 0.1070873 0.000567635 0.001500644 0.0001826871 0.1406202 0.0004860783 0.001154844 0.01848402 0.002107427 0.01409953 0.002436916 0.02434306 0.001445186 0.0548877 0.240289 9.786811e-05 0.04958651 0.01011956 0.5587258 0.03810984 0.07008661 1.957362e-05 0.0001174417 0.0009264847 0.01248797 0.0001370153 0.009630222 0.001001517 0.01357431 0.001849707 0.0003392761 0.0001174417 0 0.0001370153 0.0002577193 3.914724e-05 0.0001533267 0.001660496 2.609816e-05 0.0008025185 0.001941051 0.001950838 0.003608071 0.002113951 1.304908e-05 0.0002022608 3.26227e-06 0.001817085 3.588497e-05 6.52454e-06 1.631135e-05 3.26227e-06 3.26227e-06 0.0003425384 1.304908e-05 0.0001402776 5.219632e-05 0.004560654 0 6.52454e-06 0.0002609816 0.005868824 0.00176815 0.0002316212 0 3.914724e-05 1.631135e-05 0.0006752899 5.545859e-05 0.001040664 0 0.003213336 5.545859e-05 4.240951e-05 0.0003327516 0 1.304908e-05
0.01139837 9.786811e-05 0.02598398 0.007953415 0.0007796826 0.1843966 0.06454728 0.2102076 0.01524459 0.1002398 0.00323291 0.07796173 0.0005513237 0.1148058 0.02439852 0.0003458006 0.009610648 0.002652226 0.01282725 0.01766846 0.003934298 0.0007992562 0.01435073 0.04462786 4.240951e-05 0.02913207 0.002247704 0.0484806 0.02029785 0.01002822 5.219632e-05 0.001148319 0.0005611105 0.02731825 0.0006426672 0.03923859 0.001086336 0.03586866 0.0172672 0.02310666 0.01207692 0.0001239663 0.0007274863 0.0001337531 1.957362e-05 3.914724e-05 0.0009786811 6.52454e-06 0.0004077838 0.001066762 0.0007503221 0.001618086 0.001220089 6.52454e-06 0.0002022608 9.786811e-06 0.0007829449 2.283589e-05 6.52454e-06 6.52454e-06 3.26227e-06 0 0.0001989985 9.786811e-06 5.872086e-05 2.283589e-05 0.002851224 0 3.26227e-06 2.936043e-05 0.002896896 0.0007666335 0.0001174417 3.26227e-06 1.304908e-05 0 0.0003294893 1.304908e-05 0.0004077838 9.786811e-06 0.001210302 3.26227e-05 4.567178e-05 0.0001141795 0 9.786811e-06
0.006168953 0.01276526 0.001092861 0.01863409 0.005470827 0.01225961 0.04915263 0.01524459 0.008181774 0.03230952 0.0007764203 0.01183878 0.01284356 0.01676807 0.04157437 0.002166147 0.001549578 0.0002087853 0.0006263559 0.01280767 0.002401031 0.0331675 0.001337531 0.2133492 0.01318283 0.007532582 0.0437079 0.05481593 0.04352195 0.01558386 0.001376678 0.0002707684 0.00308937 0.00780335 0.0003718988 0.01814801 0.0009166979 0.01623958 0.003490629 0.01008041 0.0003066534 0.0002446703 0.0002153098 0.0002348835 1.304908e-05 6.198313e-05 0.0005513237 0 0.0001043926 0.0004175706 0.0001989985 0.0003131779 0.000362112 9.786811e-06 9.134357e-05 1.304908e-05 0.0002577193 2.609816e-05 1.304908e-05 1.631135e-05 1.304908e-05 2.283589e-05 0.0001043926 2.283589e-05 4.567178e-05 1.304908e-05 0.002303163 3.26227e-06 4.567178e-05 0.0001337531 0.002293376 0.0006655031 0.0005219632 6.52454e-06 0 1.957362e-05 0.0002087853 1.304908e-05 0.000893862 1.957362e-05 0.0008286166 1.957362e-05 9.786811e-05 8.481903e-05 0 0
0.008230708 2.283589e-05 0.00840687 0.09685028 0.0001761626 0.1968584 0.1070873 0.1002398 0.03230952 0.4939893 0.002361884 0.07163945 0.0002511948 0.1056062 0.00103414 0.0001696381 0.001083074 0.0007829449 0.0007144372 0.06439069 0.001174417 9.460584e-05 0.001660496 0.05680265 1.957362e-05 0.004850996 0.0009884679 0.1612247 0.06974407 0.001503907 4.893405e-05 0.0009362716 0.0009558452 0.02318169 0.001145057 0.02197465 0.000397997 0.05832613 0.007053028 0.001265761 0.002012821 1.957362e-05 0.0008645016 0.0001729003 3.26227e-06 2.609816e-05 0.005872086 2.936043e-05 0.001696381 0.002430391 0.002476063 0.003086108 0.005079355 9.786811e-06 0.001269023 3.26227e-06 0.002113951 0.0001402776 9.786811e-06 3.26227e-06 0 3.26227e-06 0.001239663 0 1.631135e-05 1.957362e-05 0.01014566 0 6.52454e-06 2.283589e-05 0.01019133 0.001526742 6.52454e-05 0 3.588497e-05 3.26227e-06 0.0005904709 4.567178e-05 0.0005121764 6.52454e-06 0.002694635 6.198313e-05 0.0004240951 0.0002609816 3.26227e-06 2.283589e-05
0.0001500644 0.00142235 0.002472801 0.000241408 0.0001663758 0.0009721565 0.000567635 0.00323291 0.0007764203 0.002361884 0.0735805 0.002156361 0.05751382 0.01254669 0.0001109172 0.0001109172 0.0003947347 0.04015855 0.004547605 0.0005774218 0.0002087853 0.0009427961 0.001546316 0.001050451 0.02352749 0.06013016 0.02459426 0.0009069111 0.01251081 0.0007405353 0.009303995 0.000760109 3.26227e-05 0.1356224 9.786811e-06 0.007323797 0.1318707 0.1257834 0.02260753 0.0001859494 2.609816e-05 0.01608299 4.893405e-05 0 6.52454e-05 0.0001892117 9.786811e-06 0 6.52454e-06 1.631135e-05 1.631135e-05 1.957362e-05 3.26227e-06 0.001468022 0 0.00560458 1.631135e-05 0 3.26227e-06 1.631135e-05 0.0004567178 0.0002707684 0 3.26227e-06 6.52454e-06 8.80813e-05 4.893405e-05 0.0004045215 0.002626128 0.009056062 5.545859e-05 3.26227e-06 1.304908e-05 0.001327744 0 0 3.26227e-06 3.26227e-06 6.850767e-05 0.01140163 9.460584e-05 2.936043e-05 0 6.52454e-06 0.0009688943 0
0.0005839464 3.914724e-05 0.0002185721 0.08351086 0.0003099157 0.1140131 0.001500644 0.07796173 0.01183878 0.07163945 0.002156361 0.08378162 0.0003099157 0.06679498 0.004472572 9.786811e-06 7.829449e-05 0.0007111749 0.0001272285 0.07255289 4.893405e-05 0.0001696381 0.0001272285 0.01728025 3.914724e-05 0.0008971243 0.0004240951 0.03119383 0.0275042 0.0001533267 2.609816e-05 0.001608299 5.219632e-05 0.01463454 6.198313e-05 0.006576737 0.0001957362 0.02802943 0.003611333 0.007167208 0.001484333 1.957362e-05 0.0003588497 1.631135e-05 0 3.26227e-06 0.001030877 6.52454e-06 0.0002381457 0.0003099157 0.0002968666 0.0005839464 0.0007079126 3.26227e-06 0.0001859494 0 0.0002446703 4.240951e-05 0 0 0 3.26227e-06 0.0002185721 0 0 0 0.00135058 0 0 1.304908e-05 0.001468022 0.0002185721 3.26227e-06 0 0 3.26227e-06 6.850767e-05 6.52454e-06 6.198313e-05 3.26227e-06 0.0003066534 1.304908e-05 0.0001859494 2.609816e-05 0 6.52454e-06
6.52454e-06 0.01734875 5.219632e-05 9.786811e-06 7.829449e-05 0.0001304908 0.0001826871 0.0005513237 0.01284356 0.0002511948 0.05751382 0.0003099157 0.06076957 0.00120704 0.00060352 0.0003816856 2.283589e-05 0.001745315 0.001513693 5.545859e-05 5.545859e-05 0.02006622 0.0002185721 0.004146345 0.07022363 0.007855547 0.06258013 0.0002609816 0.0009003866 0.0001141795 0.003347089 0.0001174417 2.936043e-05 0.03664834 0.0002381457 0.006364689 0.1176277 0.05919716 0.007245502 0.0004404065 0.0004045215 0.0149151 4.893405e-05 0 0.0001370153 3.26227e-06 3.26227e-06 0 0 3.26227e-05 6.52454e-06 6.52454e-06 0 0.001937789 0 0.007053028 3.26227e-06 0 0 1.304908e-05 0.0006426672 0.0004795537 0 0 6.52454e-06 2.283589e-05 1.304908e-05 0.0005089142 0.003797283 0.01347318 3.588497e-05 9.786811e-06 3.26227e-06 0.001634397 0 0 9.786811e-06 7.829449e-05 7.829449e-05 0.01423002 0.0001924739 5.545859e-05 0 0 0.001148319 0
0.0298041 0.0001304908 0.04274553 0.008067594 0.0004991273 0.04519549 0.1406202 0.1148058 0.01676807 0.1056062 0.01254669 0.06679498 0.00120704 0.06726475 0.005369697 0.0003686365 0.02253576 0.006912751 0.02913534 0.01905166 0.007676122 0.001670282 0.03640694 0.07226255 0.0001141795 0.05412433 0.003203549 0.06641656 0.05863278 0.04375683 0.0002609816 0.001800773 0.001784462 0.1052669 0.0002805552 0.02534132 0.001216827 0.05603928 0.02407555 0.006416886 0.01127441 0.0002087853 0.0006459295 8.481903e-05 2.283589e-05 4.567178e-05 0.0006002577 0 0.0002348835 0.0006263559 0.0005545859 0.001024353 0.0006752899 1.631135e-05 7.503221e-05 1.957362e-05 0.0004012592 9.786811e-06 0 1.304908e-05 0 6.52454e-06 9.460584e-05 3.26227e-06 9.134357e-05 1.957362e-05 0.001539792 3.26227e-06 2.283589e-05 0.0001043926 0.00170943 0.0005350123 0.0001239663 3.26227e-06 6.52454e-06 1.304908e-05 0.0001924739 6.52454e-06 0.0003816856 9.786811e-06 0.0008188298 1.304908e-05 1.304908e-05 9.460584e-05 3.26227e-06 1.631135e-05
5.219632e-05 0.0004338819 4.567178e-05 0.001702905 0.003617858 0.01574372 0.0004860783 0.02439852 0.04157437 0.00103414 0.0001109172 0.004472572 0.00060352 0.005369697 0.002182459 2.283589e-05 0.0001337531 4.240951e-05 3.588497e-05 0.002394506 1.631135e-05 0.001539792 3.26227e-05 0.01147667 0.0004012592 0.0005382746 0.002710947 0.00127881 0.004267049 0.0001011304 8.80813e-05 0.004919503 9.786811e-06 0.0007927317 9.786811e-06 0.0004534556 5.219632e-05 0.001406038 0.0002544571 0.01141795 0.0001533267 0 9.786811e-06 0 0 6.52454e-06 7.503221e-05 0 9.786811e-06 9.786811e-06 9.786811e-06 0.0001304908 3.588497e-05 0 6.52454e-06 0 1.304908e-05 1.304908e-05 0 0 0 0 2.609816e-05 0 3.26227e-06 0 4.893405e-05 0 6.52454e-06 6.52454e-06 0.0001011304 6.52454e-06 0 0 0 0 3.26227e-06 0 0 0 1.304908e-05 0 2.609816e-05 0 0 0
0.0001729003 0.001409301 0.002596767 2.936043e-05 6.52454e-06 3.588497e-05 0.001154844 0.0003458006 0.002166147 0.0001696381 0.0001109172 9.786811e-06 0.0003816856 0.0003686365 2.283589e-05 0.01580896 0.004844471 0.0001109172 0.0005415369 9.786811e-06 0.02167779 0.1812093 0.03231605 0.03764334 0.0004273574 0.004120247 0.05831308 0.02428434 0.0008416657 0.02504771 5.219632e-05 0 0.0002577193 0.01873522 0.001128745 0.1471121 0.02895591 0.02904399 0.005816628 0.0001304908 3.914724e-05 6.198313e-05 0.0009558452 1.304908e-05 0.0007046504 0.0003425384 2.609816e-05 0 1.631135e-05 0.0009036488 7.503221e-05 4.240951e-05 0.0001076549 0 0 0 2.283589e-05 0 0.003944085 1.957362e-05 0 0 0 0.0002185721 0.005480614 0.007004094 0.0001989985 0 6.52454e-06 0.003007813 0.001226614 3.914724e-05 7.829449e-05 0 0 0 6.52454e-06 0.0002511948 0.001311433 0.0010635 0.0001370153 2.283589e-05 0 9.786811e-06 0 6.52454e-06
0.009255061 0.05123069 0.0779128 9.134357e-05 1.631135e-05 0.0002511948 0.01848402 0.009610648 0.001549578 0.001083074 0.0003947347 7.829449e-05 2.283589e-05 0.02253576 0.0001337531 0.004844471 0.003516727 0.009026702 0.030375 3.914724e-05 0.006155904 0.004779226 0.02682891 0.009587812 7.503221e-05 0.03917008 0.2933172 0.01013587 0.0177598 0.03063272 1.304908e-05 0 0.0001435399 0.004759652 6.52454e-06 0.002958879 0.003144828 0.007574991 0.002247704 7.176994e-05 6.52454e-06 3.26227e-06 3.26227e-06 9.786811e-06 0.004609588 0.0349487 3.26227e-06 0 3.26227e-06 0.0002577193 2.609816e-05 7.503221e-05 6.52454e-06 6.52454e-06 0 9.786811e-06 3.26227e-05 0 0.0001663758 5.219632e-05 1.957362e-05 9.460584e-05 0 4.893405e-05 0.0001533267 0.0008318789 0.0002022608 4.893405e-05 0.004671571 0.01708777 0.0004501933 0 2.283589e-05 1.957362e-05 0 0 2.936043e-05 6.52454e-06 0.0001370153 0.0001761626 0.0001239663 3.588497e-05 0 0 3.26227e-06 6.52454e-06
0.001138532 0.0007013881 0.009219176 4.240951e-05 5.872086e-05 0.0003229648 0.002107427 0.002652226 0.0002087853 0.0007829449 0.04015855 0.0007111749 0.001745315 0.006912751 4.240951e-05 0.0001109172 0.009026702 0.008432969 0.01053061 0.0001957362 0.0003164402 0.0003458006 0.004074575 0.0004958651 0.001004779 0.04324465 0.03379386 0.0007927317 0.00581989 0.003595022 0.001200515 0.0002381457 3.914724e-05 0.02582087 6.52454e-06 0.01435073 0.03942127 0.1051234 0.03377428 9.134357e-05 0 0.0002479325 7.176994e-05 0 9.134357e-05 0.0002153098 0 0 3.26227e-06 1.631135e-05 3.26227e-06 3.26227e-06 3.26227e-06 0.0003099157 0 0.0005382746 0 0 9.786811e-06 6.52454e-06 0.0001696381 0.0001598512 3.26227e-06 0 9.786811e-06 4.893405e-05 6.52454e-06 4.893405e-05 0.0008025185 0.002528259 1.304908e-05 3.26227e-06 3.26227e-06 0.0001761626 0 0 0 3.26227e-06 2.609816e-05 0.0006459295 4.567178e-05 9.786811e-06 0 0 9.786811e-06 0
0.01205735 0.01611235 0.03846543 3.914724e-05 2.283589e-05 0.0001109172 0.01409953 0.01282725 0.0006263559 0.0007144372 0.004547605 0.0001272285 0.001513693 0.02913534 3.588497e-05 0.0005415369 0.030375 0.01053061 0.008370985 4.240951e-05 0.002932781 0.001233138 0.02732804 0.001676807 0.0007405353 0.1081573 0.1395795 0.003428646 0.02606554 0.03154289 0.0009493206 1.957362e-05 8.481903e-05 0.02708337 1.304908e-05 0.03319034 0.04394278 0.08445691 0.0413558 0.0002218344 1.631135e-05 4.893405e-05 0.0001468022 6.52454e-06 0.0006230936 0.003480842 6.52454e-06 0 0 0.0001141795 1.631135e-05 1.957362e-05 9.786811e-06 0.0002511948 3.26227e-06 0.0002381457 2.936043e-05 0 3.588497e-05 5.219632e-05 0.0002218344 0.001070025 0 2.283589e-05 3.26227e-05 0.0003001289 6.52454e-05 0.0001043926 0.005271829 0.007878383 0.0001043926 3.26227e-06 3.26227e-06 0.0001337531 0 0 1.631135e-05 6.52454e-06 0.0001141795 0.0001924739 0.0001957362 3.588497e-05 0 0 9.786811e-06 3.26227e-06
0.0009036488 6.52454e-06 0.0001468022 0.08355 6.850767e-05 0.02348182 0.002436916 0.01766846 0.01280767 0.06439069 0.0005774218 0.07255289 5.545859e-05 0.01905166 0.002394506 9.786811e-06 3.914724e-05 0.0001957362 4.240951e-05 0.0150619 1.631135e-05 2.936043e-05 9.460584e-05 0.02171693 6.52454e-06 0.0002805552 7.176994e-05 0.04246497 0.01111455 0.000120704 0 0.000362112 0.0001598512 0.004436687 0.0001729003 0.003738562 4.240951e-05 0.01097754 0.001438661 0.002818601 0.0005545859 9.786811e-06 0.0001402776 5.545859e-05 0 0 0.00173879 9.786811e-06 0.0004730292 0.0006491918 0.0006002577 0.0008742884 0.001419088 6.52454e-06 0.0004045215 0 0.0005219632 6.198313e-05 0 3.26227e-06 0 6.52454e-06 0.0003784233 3.26227e-06 3.26227e-06 0 0.003138304 0 6.52454e-06 1.304908e-05 0.003030649 0.0004012592 9.786811e-06 0 9.786811e-06 0 0.0001631135 6.52454e-06 8.80813e-05 0 0.0007959939 1.304908e-05 0.0001272285 5.545859e-05 0 9.786811e-06
0.004064789 0.000120704 0.01802404 0.0001011304 0 0.0003164402 0.02434306 0.003934298 0.002401031 0.001174417 0.0002087853 4.893405e-05 5.545859e-05 0.007676122 1.631135e-05 0.02167779 0.006155904 0.0003164402 0.002932781 1.631135e-05 0.1806482 0.01427243 0.1996803 0.01164304 4.567178e-05 0.002942568 0.02568059 0.1163391 0.01336552 0.3394099 1.304908e-05 6.52454e-06 0.001852969 0.1668194 0.00103414 0.1525209 0.0072716 0.1656091 0.0210971 0.0001533267 0.0001043926 6.52454e-06 0.001490857 1.957362e-05 6.52454e-06 1.304908e-05 3.26227e-06 0 6.52454e-06 7.829449e-05 3.26227e-06 2.609816e-05 9.786811e-06 0 0 0 4.567178e-05 0 7.503221e-05 3.26227e-06 0 3.26227e-06 0 9.786811e-06 0.0003523252 0.0001729003 0.0001043926 0 0 6.198313e-05 0.000120704 5.872086e-05 9.460584e-05 0 0 3.26227e-06 1.957362e-05 0.0001761626 0.000205523 3.914724e-05 9.134357e-05 3.26227e-06 0 6.52454e-06 0 3.26227e-06
0.000688339 0.02989871 0.006508229 2.283589e-05 0.0001663758 6.198313e-05 0.001445186 0.0007992562 0.0331675 9.460584e-05 0.0009427961 0.0001696381 0.02006622 0.001670282 0.001539792 0.1812093 0.004779226 0.0003458006 0.001233138 2.936043e-05 0.01427243 0.003011075 0.06925147 0.0747223 0.04048151 0.01425286 0.1334595 0.01059259 0.007229191 0.01701274 0.002218344 1.631135e-05 0.001425612 0.01122221 0.0004045215 0.07110444 0.02028806 0.0184253 0.00297519 0.001187466 6.52454e-05 0.002792503 0.0003882102 1.631135e-05 0.000120704 0.0001500644 2.283589e-05 0 6.52454e-06 0.0002838175 6.52454e-06 6.198313e-05 4.893405e-05 2.609816e-05 0 2.609816e-05 2.283589e-05 0 0.001944313 3.26227e-06 1.957362e-05 1.957362e-05 3.26227e-06 0.0002153098 8.80813e-05 0.002257491 0.0001631135 0 0.000156589 0.00297519 0.0005513237 2.936043e-05 7.176994e-05 6.52454e-06 0 0 2.609816e-05 5.872086e-05 0.0009591074 0.0007372731 8.80813e-05 9.786811e-06 0 3.26227e-06 3.26227e-06 3.26227e-06
0.01368196 0.0009591074 0.1912636 0.0001859494 3.26227e-06 0.0004240951 0.0548877 0.01435073 0.001337531 0.001660496 0.001546316 0.0001272285 0.0002185721 0.03640694 3.26227e-05 0.03231605 0.02682891 0.004074575 0.02732804 9.460584e-05 0.1996803 0.06925147 0.3448285 0.03474644 7.829449e-05 0.04427227 0.4044889 0.1661278 0.02572626 0.1584191 1.957362e-05 1.304908e-05 0.0004338819 0.2600421 0.003780971 0.5082715 0.05912865 0.3239826 0.04408632 0.0001729003 0.0001435399 0.0001533267 0.0030176 1.957362e-05 0.001239663 0.0004632424 1.957362e-05 0 4.567178e-05 0.001161368 6.52454e-05 7.829449e-05 0.0001239663 0 1.304908e-05 0 5.545859e-05 3.26227e-06 0.003983232 2.283589e-05 0 6.52454e-06 1.304908e-05 0.0003099157 0.006831194 0.008687426 0.000411046 0 5.545859e-05 0.005036945 0.00170943 6.850767e-05 9.460584e-05 0 0 0 1.957362e-05 0.001657233 0.001826871 0.001180942 0.0001859494 4.240951e-05 3.26227e-06 9.786811e-06 0 6.52454e-06
0.02946482 0.007118274 0.01165283 0.03949304 0.001167893 0.01487269 0.240289 0.04462786 0.2133492 0.05680265 0.001050451 0.01728025 0.004146345 0.07226255 0.01147667 0.03764334 0.009587812 0.0004958651 0.001676807 0.02171693 0.01164304 0.0747223 0.03474644 0.1772294 0.004387753 0.01429201 0.1025658 0.1198167 0.198408 0.1201853 0.0005872086 0.0003686365 0.01912017 0.04549236 0.001448448 0.09106954 0.006808358 0.08030404 0.01622001 0.005082617 0.0008286166 9.786811e-05 0.00120704 0.0005513237 0.000290342 0.0003947347 0.003467793 1.957362e-05 0.000965632 0.00227054 0.001686594 0.005722022 0.003027387 1.631135e-05 0.0008057807 6.52454e-06 0.001804035 0.0001272285 5.219632e-05 4.567178e-05 6.52454e-06 2.609816e-05 0.0007274863 8.481903e-05 0.001265761 0.0003033911 0.009023439 6.52454e-06 0.0001076549 0.0009493206 0.008814654 0.002296638 0.001220089 3.26227e-06 2.936043e-05 4.567178e-05 0.0007013881 8.80813e-05 0.002110689 3.26227e-05 0.003050223 8.80813e-05 0.0003816856 0.0002642439 0 2.936043e-05
1.957362e-05 0.05672435 1.957362e-05 0 4.567178e-05 9.786811e-06 9.786811e-05 4.240951e-05 0.01318283 1.957362e-05 0.02352749 3.914724e-05 0.07022363 0.0001141795 0.0004012592 0.0004273574 7.503221e-05 0.001004779 0.0007405353 6.52454e-06 4.567178e-05 0.04048151 7.829449e-05 0.004387753 0.003820118 0.04113723 0.04389711 0.0001435399 0.0002120476 8.80813e-05 0.009333355 3.26227e-06 6.52454e-06 0.001102647 6.52454e-06 0.001366891 0.008309002 0.00961391 0.001432137 0.0003784233 6.52454e-06 0.01309149 1.631135e-05 6.52454e-06 0.0001076549 1.957362e-05 0 0 0 1.957362e-05 0 3.26227e-06 3.26227e-06 0.001383203 0 0.00255762 9.786811e-06 0 3.26227e-06 5.545859e-05 0.0008481903 0.001027615 0 0 1.631135e-05 1.957362e-05 2.936043e-05 0.0006752899 0.004400803 0.01887223 3.588497e-05 6.52454e-06 3.26227e-06 0.0009069111 0 0 2.283589e-05 0 0.0001304908 0.001092861 0.0003099157 6.850767e-05 0 0 0.0001043926 3.26227e-06
0.01384181 0.1445936 0.3608397 0.0003001289 9.786811e-05 0.001213565 0.04958651 0.02913207 0.007532582 0.004850996 0.06013016 0.0008971243 0.007855547 0.05412433 0.0005382746 0.004120247 0.03917008 0.04324465 0.1081573 0.0002805552 0.002942568 0.01425286 0.04427227 0.01429201 0.04113723 0.2373856 0.6932977 0.01924739 0.02898853 0.0545158 0.002769667 0.0002446703 0.0004045215 0.04783141 0.0001402776 0.1460845 0.2800333 0.2282513 0.09505929 0.001161368 4.893405e-05 0.002821864 0.0006230936 2.936043e-05 0.009183291 0.03516727 6.52454e-06 0 3.26227e-06 0.0009166979 0.0001370153 6.52454e-05 5.872086e-05 0.004945602 3.26227e-06 0.008051283 0.0002087853 3.26227e-06 0.0002316212 0.001226614 0.003024124 0.0155545 0 0.0001076549 0.000326227 0.001468022 0.0006361427 0.002756618 0.06383937 0.1284976 0.001060238 4.893405e-05 8.481903e-05 0.003229648 0 0 0.0005219632 7.176994e-05 0.001869281 0.00862218 0.004015855 0.000965632 0 0 0.0002642439 6.52454e-06
0.0008547148 0.09250167 0.2735283 0.0002153098 0.0003164402 0.0003229648 0.01011956 0.002247704 0.0437079 0.0009884679 0.02459426 0.0004240951 0.06258013 0.003203549 0.002710947 0.05831308 0.2933172 0.03379386 0.1395795 7.176994e-05 0.02568059 0.1334595 0.4044889 0.1025658 0.04389711 0.6932977 0.4985989 0.1036782 0.004466048 0.01458561 0.02184416 2.936043e-05 0.0004306197 0.1159443 0.001334269 0.3600568 0.1672272 0.2588905 0.0476846 0.002560882 6.198313e-05 0.001712692 0.001344055 5.545859e-05 0.01876458 0.01385812 3.914724e-05 0 7.503221e-05 0.003216598 0.0001892117 0.0001272285 0.0002642439 0.003438433 1.304908e-05 0.004893405 0.0001794249 3.26227e-06 0.003699414 0.0004958651 0.00251521 0.007268338 9.786811e-06 0.0003294893 0.0060352 0.02264342 0.001187466 0.001406038 0.02654183 0.113987 0.005806841 9.786811e-05 8.481903e-05 0.001875805 0 0 0.0002479325 0.0008025185 0.002430391 0.005777481 0.002361884 0.0005447991 3.26227e-06 1.957362e-05 0.0001696381 2.283589e-05
0.0190484 0.0005415369 0.08925898 0.08445039 0.0001370153 0.0374215 0.5587258 0.0484806 0.05481593 0.1612247 0.0009069111 0.03119383 0.0002609816 0.06641656 0.00127881 0.02428434 0.01013587 0.0007927317 0.003428646 0.04246497 0.1163391 0.01059259 0.1661278 0.1198167 0.0001435399 0.01924739 0.1036782 0.2791068 0.1178854 0.4123673 3.914724e-05 0.0003653743 0.01548926 0.05424829 0.001370153 0.08235275 0.006354902 0.0778606 0.0145432 0.001396252 0.0007535844 1.957362e-05 0.001122221 0.0003718988 0.000120704 0.0004338819 0.002205295 2.609816e-05 0.0006459295 0.001484333 0.0009166979 0.003073059 0.001960624 3.26227e-06 0.000446931 0 0.001246187 9.786811e-05 0.0001011304 3.26227e-05 0 2.283589e-05 0.0005611105 3.588497e-05 0.001089598 0.0002805552 0.005911234 0 3.26227e-05 0.0006067823 0.006048249 0.001481071 0.001027615 0 1.631135e-05 4.240951e-05 0.0005480614 0.0001043926 0.001777937 3.26227e-05 0.002012821 5.545859e-05 0.0001370153 0.0002283589 0 2.936043e-05
0.03456049 0.000326227 0.009962973 0.01054366 0.000397997 0.02637545 0.03810984 0.02029785 0.04352195 0.06974407 0.01251081 0.0275042 0.0009003866 0.05863278 0.004267049 0.0008416657 0.0177598 0.00581989 0.02606554 0.01111455 0.01336552 0.007229191 0.02572626 0.198408 0.0002120476 0.02898853 0.004466048 0.1178854 0.128279 0.09213956 0.0002250966 0.004015855 0.06617841 0.13267 0.000205523 0.01232812 0.001742052 0.03233888 0.008100217 0.002939305 0.005190272 5.872086e-05 0.0002805552 0.0003164402 2.936043e-05 6.52454e-05 0.0005382746 6.52454e-06 0.0002544571 0.0009069111 0.000688339 0.002081328 0.0006687654 9.786811e-06 8.80813e-05 9.786811e-06 0.000773158 1.304908e-05 1.304908e-05 3.588497e-05 9.786811e-06 1.304908e-05 9.460584e-05 3.588497e-05 0.000844928 7.829449e-05 0.002456489 0 4.567178e-05 0.0001174417 0.002812077 0.001148319 0.0008384034 9.786811e-06 1.304908e-05 2.609816e-05 0.0003947347 1.957362e-05 0.001406038 2.936043e-05 0.001536529 4.240951e-05 9.786811e-06 0.0001272285 0 1.631135e-05
0.04176032 0.0003849479 0.09681113 0.0004762915 9.786811e-06 0.0004599801 0.07008661 0.01002822 0.01558386 0.001503907 0.0007405353 0.0001533267 0.0001141795 0.04375683 0.0001011304 0.02504771 0.03063272 0.003595022 0.03154289 0.000120704 0.3394099 0.01701274 0.1584191 0.1201853 8.80813e-05 0.0545158 0.01458561 0.4123673 0.09213956 0.1510333 1.304908e-05 1.631135e-05 0.001079811 0.06320975 6.850767e-05 0.007940366 0.0009917301 0.01901251 0.001719216 7.176994e-05 1.304908e-05 3.26227e-06 6.198313e-05 8.481903e-05 4.240951e-05 0.0001043926 6.850767e-05 6.52454e-06 5.545859e-05 0.0002316212 0.0001631135 0.0004730292 0.000120704 3.26227e-06 9.786811e-06 0 0.0001761626 0 3.26227e-06 6.52454e-06 0 3.26227e-06 9.786811e-06 9.786811e-06 0.0002479325 4.893405e-05 0.0005252255 0 6.52454e-06 0.000120704 0.0006459295 0.0002805552 0.0001826871 0 3.26227e-06 1.631135e-05 0.0001076549 9.786811e-06 0.0003882102 6.52454e-06 0.0004436687 9.786811e-06 6.52454e-06 2.609816e-05 0 6.52454e-06
3.26227e-06 0.002401031 2.609816e-05 0 1.304908e-05 1.304908e-05 1.957362e-05 5.219632e-05 0.001376678 4.893405e-05 0.009303995 2.609816e-05 0.003347089 0.0002609816 8.80813e-05 5.219632e-05 1.304908e-05 0.001200515 0.0009493206 0 1.304908e-05 0.002218344 1.957362e-05 0.0005872086 0.009333355 0.002769667 0.02184416 3.914724e-05 0.0002250966 1.304908e-05 0.0001239663 6.52454e-06 0 0.002596767 0 0.000567635 0.01740095 0.009020177 0.002577193 4.893405e-05 0 0.0005937332 3.26227e-06 0 8.155676e-05 6.52454e-06 0 0 0 6.52454e-06 0 0 0 0.0009330093 0 0.002655488 9.786811e-06 0 0 6.52454e-06 0.0003033911 0.0002185721 0 0 3.26227e-06 3.26227e-06 3.26227e-06 0.0002153098 0.001787724 0.006312493 6.52454e-06 0 0 0.0006426672 0 0 0 0 4.893405e-05 0.004038691 8.155676e-05 1.957362e-05 0 0 0.000120704 0
3.26227e-05 0 1.631135e-05 0.0001761626 0.0001924739 0.01826871 0.0001174417 0.001148319 0.0002707684 0.0009362716 0.000760109 0.001608299 0.0001174417 0.001800773 0.004919503 0 0 0.0002381457 1.957362e-05 0.000362112 6.52454e-06 1.631135e-05 1.304908e-05 0.0003686365 3.26227e-06 0.0002446703 2.936043e-05 0.0003653743 0.004015855 1.631135e-05 6.52454e-06 3.26227e-06 0.0001043926 0.01041317 0.0001109172 0.002218344 6.850767e-05 0.004329033 0.0030176 0.009636746 0.009065849 1.957362e-05 5.545859e-05 3.26227e-06 0 0 0 0 0 6.52454e-06 0 3.26227e-06 3.26227e-06 0 0 3.26227e-06 3.26227e-06 0 0 0 0 0 0 0 9.786811e-06 0 1.631135e-05 0 0 3.26227e-06 1.304908e-05 3.26227e-06 6.52454e-06 0 0 0 0 0 9.786811e-06 6.52454e-06 3.26227e-06 0 3.26227e-06 0 0 0
0.000156589 2.936043e-05 0.0005513237 0.000290342 1.631135e-05 0.0002740307 0.0009264847 0.0005611105 0.00308937 0.0009558452 3.26227e-05 5.219632e-05 2.936043e-05 0.001784462 9.786811e-06 0.0002577193 0.0001435399 3.914724e-05 8.481903e-05 0.0001598512 0.001852969 0.001425612 0.0004338819 0.01912017 6.52454e-06 0.0004045215 0.0004306197 0.01548926 0.06617841 0.001079811 0 0.0001043926 0.005989528 0.003095894 9.786811e-06 0.0004534556 0.0002120476 0.00127881 0.0001761626 1.631135e-05 3.26227e-06 3.26227e-06 3.26227e-06 2.936043e-05 3.26227e-06 1.957362e-05 2.283589e-05 0 3.26227e-06 4.893405e-05 3.588497e-05 9.460584e-05 3.588497e-05 0 0 0 3.588497e-05 0 0 3.26227e-06 0 3.26227e-06 9.786811e-06 3.26227e-06 7.176994e-05 3.26227e-06 0.0001631135 0 0 9.786811e-06 0.0001598512 6.52454e-05 5.545859e-05 0 0 0 2.609816e-05 0 0.0001141795 0 8.80813e-05 6.52454e-06 0 9.786811e-06 0 0
0.0146639 0.007196568 0.03899065 0.003056747 0.001275548 0.00760109 0.01248797 0.02731825 0.00780335 0.02318169 0.1356224 0.01463454 0.03664834 0.1052669 0.0007927317 0.01873522 0.004759652 0.02582087 0.02708337 0.004436687 0.1668194 0.01122221 0.2600421 0.04549236 0.001102647 0.04783141 0.1159443 0.05424829 0.13267 0.06320975 0.002596767 0.01041317 0.003095894 0.03816856 0.0001043926 0.01029572 0.005493663 0.08010178 0.009258323 0.000639405 0.0002218344 0.0004371442 0.0001174417 5.872086e-05 0.001030877 0.00359176 0.0001468022 3.26227e-06 5.545859e-05 0.000397997 0.0001435399 0.0003458006 0.0001468022 3.588497e-05 2.609816e-05 8.481903e-05 0.000120704 3.26227e-06 0.0003392761 3.26227e-05 9.786811e-06 2.283589e-05 2.609816e-05 2.936043e-05 0.0005121764 0.001631135 0.0006752899 4.240951e-05 0.0008775507 0.00482816 0.0009852056 0.0002185721 0.0001533267 1.631135e-05 0 1.631135e-05 6.850767e-05 2.283589e-05 0.0003392761 0.000241408 0.0003392761 1.631135e-05 0 3.26227e-05 3.26227e-06 6.52454e-06
3.26227e-06 2.609816e-05 0.0002283589 0.0001794249 3.26227e-06 0.0004273574 0.0001370153 0.0006426672 0.0003718988 0.001145057 9.786811e-06 6.198313e-05 0.0002381457 0.0002805552 9.786811e-06 0.001128745 6.52454e-06 6.52454e-06 1.304908e-05 0.0001729003 0.00103414 0.0004045215 0.003780971 0.001448448 6.52454e-06 0.0001402776 0.001334269 0.001370153 0.000205523 6.850767e-05 0 0.0001109172 9.786811e-06 0.0001043926 0.2822386 0.1081899 0.0009591074 0.003099157 0.0003490629 3.26227e-05 0.000639405 8.481903e-05 0.001412563 3.26227e-06 3.26227e-06 1.304908e-05 1.631135e-05 0 3.26227e-06 4.893405e-05 6.52454e-06 3.26227e-05 6.52454e-06 0 0 6.52454e-06 9.786811e-06 0 1.304908e-05 0 3.26227e-06 3.26227e-06 0 3.588497e-05 4.240951e-05 7.176994e-05 9.786811e-06 0 1.631135e-05 0.0001598512 5.545859e-05 6.52454e-06 3.26227e-06 3.26227e-06 0 0 3.26227e-06 0.1255387 0.0007666335 8.155676e-05 0.0001696381 0.0003131779 0 3.26227e-06 1.631135e-05 3.26227e-06
0.0006296182 0.02200727 0.0897842 0.003882102 6.850767e-05 0.01110803 0.009630222 0.03923859 0.01814801 0.02197465 0.007323797 0.006576737 0.006364689 0.02534132 0.0004534556 0.1471121 0.002958879 0.01435073 0.03319034 0.003738562 0.1525209 0.07110444 0.5082715 0.09106954 0.001366891 0.1460845 0.3600568 0.08235275 0.01232812 0.007940366 0.000567635 0.002218344 0.0004534556 0.01029572 0.1081899 0.06042051 0.4388569 0.1122906 0.01276853 0.03976055 0.009127832 0.00465526 0.003053485 0.0001924739 0.004974962 0.01352537 0.0001989985 0 0.0001141795 0.001608299 0.0002348835 0.0009264847 0.0003458006 1.957362e-05 4.893405e-05 7.176994e-05 0.0003523252 9.786811e-06 0.002224868 6.198313e-05 2.609816e-05 5.545859e-05 3.588497e-05 0.0002153098 0.00446931 0.008129577 0.001758364 2.609816e-05 0.001996509 0.01857537 0.002939305 0.0006100445 0.0005284878 1.631135e-05 6.52454e-06 2.936043e-05 0.000205523 0.009620435 0.005040207 0.0009949924 0.0009199602 0.0006296182 1.631135e-05 5.872086e-05 2.936043e-05 0.0001109172
6.850767e-05 0.004596539 0.02739002 6.198313e-05 2.609816e-05 0.0001989985 0.001001517 0.001086336 0.0009166979 0.000397997 0.1318707 0.0001957362 0.1176277 0.001216827 5.219632e-05 0.02895591 0.003144828 0.03942127 0.04394278 4.240951e-05 0.0072716 0.02028806 0.05912865 0.006808358 0.008309002 0.2800333 0.1672272 0.006354902 0.001742052 0.0009917301 0.01740095 6.850767e-05 0.0002120476 0.005493663 0.0009591074 0.4388569 0.1253854 0.02367429 0.01847424 0.005859037 0.000411046 0.01072634 0.002019345 0 0.001960624 0.002104164 1.304908e-05 0 6.52454e-06 0.000773158 1.957362e-05 3.26227e-05 5.872086e-05 0.0002544571 3.26227e-06 0.0007176994 2.609816e-05 0 0.001360367 3.26227e-05 8.80813e-05 0.0001370153 9.786811e-06 0.0001011304 0.002058493 0.005278353 0.0002218344 0.0001174417 0.0007568467 0.008462329 0.001295121 2.609816e-05 1.631135e-05 0.000120704 0 0 3.26227e-05 0.0002022608 0.0006263559 0.003500416 0.0001663758 4.893405e-05 0 0 0.001314695 6.52454e-06
0.002479325 0.01962256 0.07744303 0.007604352 0.0003131779 0.01780547 0.01357431 0.03586866 0.01623958 0.05832613 0.1257834 0.02802943 0.05919716 0.05603928 0.001406038 0.02904399 0.007574991 0.1051234 0.08445691 0.01097754 0.1656091 0.0184253 0.3239826 0.08030404 0.00961391 0.2282513 0.2588905 0.0778606 0.03233888 0.01901251 0.009020177 0.004329033 0.00127881 0.08010178 0.003099157 0.1122906 0.02367429 0.04553477 0.01179637 0.001487595 0.0004306197 0.001285334 0.001751839 0.0001435399 0.003226385 0.01114718 0.0002707684 3.26227e-06 0.0001337531 0.0009623697 0.0003131779 0.0009362716 0.0004273574 0.0001663758 3.26227e-05 0.0005056519 0.0003360138 6.52454e-06 0.0006491918 5.545859e-05 9.786811e-05 0.0001500644 2.936043e-05 6.850767e-05 0.001216827 0.00354935 0.001507169 5.872086e-05 0.002502161 0.01254669 0.002303163 0.0004958651 0.0003066534 0.0001141795 0 1.957362e-05 0.0001631135 0.002984977 0.0008481903 0.0006328804 0.0007633712 8.80813e-05 1.304908e-05 6.52454e-05 1.631135e-05 2.609816e-05
0.0001761626 0.004113723 0.005425155 0.001122221 0.0001109172 0.004299672 0.001849707 0.0172672 0.003490629 0.007053028 0.02260753 0.003611333 0.007245502 0.02407555 0.0002544571 0.005816628 0.002247704 0.03377428 0.0413558 0.001438661 0.0210971 0.00297519 0.04408632 0.01622001 0.001432137 0.09505929 0.0476846 0.0145432 0.008100217 0.001719216 0.002577193 0.0030176 0.0001761626 0.009258323 0.0003490629 0.01276853 0.01847424 0.01179637 0.001148319 0.0004175706 0.0001011304 0.001481071 0.0001989985 2.936043e-05 0.0004404065 0.002332523 5.219632e-05 3.26227e-06 1.304908e-05 0.0002185721 4.893405e-05 0.0001729003 8.155676e-05 4.240951e-05 1.304908e-05 0.0001370153 7.176994e-05 3.26227e-06 0.0001011304 2.936043e-05 2.609816e-05 3.914724e-05 3.26227e-06 9.786811e-06 0.0002609816 0.0005969954 0.0003197025 9.786811e-06 0.0007274863 0.002172672 0.0004143083 8.155676e-05 8.155676e-05 4.240951e-05 0 3.26227e-06 5.545859e-05 0.0001370153 0.000156589 0.0002153098 0.0001761626 1.957362e-05 0 1.304908e-05 3.26227e-06 3.26227e-06
3.914724e-05 0.0003849479 0.0002511948 0.001520218 0.01892117 0.01745641 0.0003392761 0.02310666 0.01008041 0.001265761 0.0001859494 0.007167208 0.0004404065 0.006416886 0.01141795 0.0001304908 7.176994e-05 9.134357e-05 0.0002218344 0.002818601 0.0001533267 0.001187466 0.0001729003 0.005082617 0.0003784233 0.001161368 0.002560882 0.001396252 0.002939305 7.176994e-05 4.893405e-05 0.009636746 1.631135e-05 0.000639405 3.26227e-05 0.03976055 0.005859037 0.001487595 0.0004175706 0.006309231 0.001014566 3.588497e-05 0.0001924739 0 1.304908e-05 5.872086e-05 0.0001794249 6.52454e-06 3.588497e-05 3.26227e-05 3.26227e-05 0.0003197025 0.0001011304 0 3.26227e-05 0 1.957362e-05 2.609816e-05 3.26227e-06 0 0 0 3.588497e-05 0 9.786811e-06 2.283589e-05 0.0001337531 0 1.631135e-05 6.850767e-05 0.0002740307 2.936043e-05 0 0 0 0 3.26227e-06 3.26227e-06 2.283589e-05 0 2.283589e-05 0 0.0001141795 0 0 0
6.52454e-06 9.786811e-06 2.936043e-05 0.0003131779 4.240951e-05 0.006286395 0.0001174417 0.01207692 0.0003066534 0.002012821 2.609816e-05 0.001484333 0.0004045215 0.01127441 0.0001533267 3.914724e-05 6.52454e-06 0 1.631135e-05 0.0005545859 0.0001043926 6.52454e-05 0.0001435399 0.0008286166 6.52454e-06 4.893405e-05 6.198313e-05 0.0007535844 0.005190272 1.304908e-05 0 0.009065849 3.26227e-06 0.0002218344 0.000639405 0.009127832 0.000411046 0.0004306197 0.0001011304 0.001014566 1.957362e-05 0.0001239663 8.155676e-05 0 0 0 1.631135e-05 0 3.26227e-06 9.786811e-06 3.26227e-06 2.609816e-05 9.786811e-06 0 0 0 0 0 0 0 0 0 3.26227e-06 0 3.26227e-06 0 1.631135e-05 0 0 3.26227e-06 2.283589e-05 1.304908e-05 9.786811e-06 0 0 0 6.52454e-06 2.283589e-05 9.786811e-06 3.26227e-06 9.786811e-06 0 0 0 0 0
0 0.007108487 4.240951e-05 0 3.26227e-06 9.786811e-06 0 0.0001239663 0.0002446703 1.957362e-05 0.01608299 1.957362e-05 0.0149151 0.0002087853 0 6.198313e-05 3.26227e-06 0.0002479325 4.893405e-05 9.786811e-06 6.52454e-06 0.002792503 0.0001533267 9.786811e-05 0.01309149 0.002821864 0.001712692 1.957362e-05 5.872086e-05 3.26227e-06 0.0005937332 1.957362e-05 3.26227e-06 0.0004371442 8.481903e-05 0.00465526 0.01072634 0.001285334 0.001481071 3.588497e-05 0.0001239663 9.786811e-06 4.567178e-05 0 5.872086e-05 0 0 0 0 0 0 0 0 4.893405e-05 0 7.176994e-05 0 0 3.26227e-06 0 4.567178e-05 4.240951e-05 0 0 0 2.609816e-05 0 5.219632e-05 0.0002250966 0.0006133068 9.786811e-06 0 0 2.936043e-05 0 0 3.26227e-06 7.176994e-05 3.26227e-06 0.0001924739 5.219632e-05 9.786811e-06 0 0 0.000362112 0
