0.00660793 0 0.004382101 2.981021e-05 0 0.0003113511 0.0335398 0.02099632 6.293266e-05 0.0003941572 0.0001324898 6.624491e-06 0 0.04372164 0 3.312245e-06 0.003699778 9.936736e-06 0.0002716041 9.936736e-06 0.002378192 0 0.009290848 0.0009704879 0 0.0006955715 6.624491e-05 0.001649498 0.124398 0.05176708 0 0.0001324898 0.005107482 0.001447451 3.312245e-06 0.0002186082 3.64347e-05 0.0009969859 4.968368e-05 5.630817e-05 4.305919e-05 0 3.312245e-06 3.312245e-06 3.312245e-06 6.624491e-06 0 0 0 1.987347e-05 0 3.974694e-05 3.312245e-06 0 0 0 0 0 0 0 0 0 0 0 0 0 0.0001291776 0 0 0 8.943063e-05 3.312245e-06 0 0 0 0 3.312245e-06 0 1.987347e-05 0 2.318572e-05 0 3.312245e-06 0 0 0
0 0.003570601 0.001228843 0 9.936736e-06 0 3.312245e-06 0 0.0239111 0 0.001146037 0 0.007681097 3.312245e-06 6.624491e-05 0.000390845 0.0007949389 4.637144e-05 0.0001523633 0 3.312245e-06 0.06475771 0.0001689245 0.01281177 0.0328111 0.01003942 0.1447882 1.656123e-05 0 0 0.0001457388 3.312245e-06 0 0.0001821735 3.312245e-06 0.0003941572 0.0008280613 0.001049982 0.0001026796 5.630817e-05 3.312245e-06 0.005816303 9.936736e-06 0 0.0001026796 0.006021662 0 0 0 3.974694e-05 0 6.624491e-06 0 7.949389e-05 0 0.0002782286 3.312245e-06 0 6.293266e-05 0.0005200225 8.943063e-05 0.0005465205 0 1.987347e-05 2.649796e-05 0.0008943063 9.605512e-05 0.0001026796 0.005875923 0.01201351 5.962042e-05 3.312245e-06 3.312245e-06 4.968368e-05 0 0 6.955715e-05 0 0.0003809082 0.0001391143 0.0003312245 0.0001258653 0 0 1.324898e-05 0
0.004382101 0.001228843 0.04246961 0.0004007817 0 0.0006061409 0.09338876 0.02841575 0.0003941572 0.003895201 0.003706403 2.981021e-05 0.0002152959 0.03463946 2.649796e-05 0.003597098 0.176801 0.001709119 0.008141499 8.943063e-05 0.01216588 0.0006094531 0.1477295 0.04633169 1.987347e-05 0.1276539 0.2027624 0.06699679 0.02265907 0.006220397 0.0003875327 0.0001225531 0.002288762 0.01698519 4.637144e-05 0.01617369 0.01991322 0.0285648 0.002123149 0.001331523 6.955715e-05 1.656123e-05 0.0001225531 3.312245e-06 0.001341459 0.00982412 1.324898e-05 0 3.312245e-06 0.0001954225 9.936736e-06 0.0001324898 6.624491e-06 3.312245e-06 0 9.936736e-06 1.656123e-05 3.312245e-06 0.0005200225 0.0002815409 6.624491e-06 7.949389e-05 6.624491e-06 2.981021e-05 0.0001523633 0.0008545593 0.0008446226 6.624491e-06 0.0008148124 0.005395648 0.0004471531 6.624491e-06 6.624491e-06 6.624491e-06 0 0 0.0001324898 0 0.001079792 2.981021e-05 0.0004074062 0.0001026796 9.936736e-06 0 0 0
2.981021e-05 0 0.0004007817 0.01722036 6.293266e-05 0.009188169 0.001576629 0.006892783 0.005948793 0.02497433 0.0006160776 0.03499387 1.656123e-05 0.005395648 0.001175847 0 2.649796e-05 7.949389e-05 0.0002682919 0.04288033 3.312245e-06 3.312245e-06 8.280613e-05 0.02656421 0 8.611838e-05 5.299593e-05 0.05094233 0.009280912 2.649796e-05 6.624491e-06 0.0002848531 0.0001391143 0.004564274 9.936736e-06 0.001974098 0.0001126163 0.009612136 0.0001192408 0.00426286 0.0001192408 3.312245e-06 6.293266e-05 0 0 6.624491e-06 0.0004372164 0 1.987347e-05 0.0009108675 0.0001159286 0.001218906 0.0003146633 0 4.305919e-05 0 5.630817e-05 6.624491e-06 0 0 0 0 0.0001093041 0 0 6.624491e-06 0.002378192 0 0 3.312245e-06 0.00188798 4.305919e-05 0 0 3.312245e-06 1.987347e-05 2.649796e-05 0 7.618164e-05 0 8.943063e-05 3.312245e-06 1.656123e-05 3.312245e-06 0 0
0 9.936736e-06 0 6.293266e-05 0.0001093041 0.0008810573 0.0002252327 5.630817e-05 0.006121029 4.968368e-05 1.324898e-05 0.001775364 1.987347e-05 3.312245e-05 0.01840615 0 6.624491e-06 0 9.936736e-06 0.0001159286 0 9.936736e-06 3.312245e-06 0.001666059 3.312245e-06 6.624491e-06 1.656123e-05 0.0002749164 0.0001689245 3.312245e-06 0 0.004362227 3.312245e-06 0.0001126163 3.312245e-06 0.0002417939 3.312245e-06 0.0003312245 1.324898e-05 0.006289954 0.0001358021 0 0 0 0 0 3.312245e-06 0 0 0 0 9.936736e-06 0 0 3.312245e-06 0 0 0 0 0 0 0 0 0 0 0 3.312245e-06 0 0 0 9.936736e-06 0 0 0 0 0 0 0 0 0 0 0 0 0 0 0
0.0003113511 0 0.0006061409 0.009188169 0.0008810573 0.2049551 0.03024411 0.08664171 0.002093339 0.2368322 0.002103276 0.1226392 0.0001457388 0.02365606 0.02569971 3.312245e-06 0.0001656123 0.0002152959 0.0008181246 0.03108211 3.64347e-05 3.312245e-06 0.0004405286 0.003063827 0 0.0002318572 9.936736e-05 0.03205591 0.01486536 0.000188798 3.64347e-05 0.01189759 0.0001026796 0.007108079 1.987347e-05 0.004120433 0.000149051 0.009685005 0.0001589878 0.02010533 0.0007485675 9.936736e-06 5.962042e-05 0 0 3.312245e-06 0.0001556755 0 3.312245e-06 0.0001689245 3.974694e-05 0.0001424266 5.299593e-05 0 0.0002947898 0 6.624491e-06 0 0 0 3.312245e-06 0 3.64347e-05 3.312245e-06 6.624491e-06 0 0.0005763307 0 0 6.624491e-06 0.000337849 1.324898e-05 0 0 6.624491e-06 9.936736e-06 6.624491e-06 0 3.312245e-06 0 2.649796e-05 0 0 0 0 0
0.0335398 3.312245e-06 0.09338876 0.001576629 0.0002252327 0.03024411 0.1490179 0.1572157 0.01962174 0.07816899 0.001583253 0.001109602 7.28694e-05 0.2169355 0.002646484 9.605512e-05 0.009622073 0.0001523633 0.001030108 0.0004173429 0.05262827 2.649796e-05 0.1475705 0.07468451 0 0.004733199 0.004736511 0.2269683 0.1081382 0.08031533 4.968368e-05 0.0007684409 0.01455732 0.02676625 0.0003842205 0.01965818 0.002510682 0.04630188 0.00318638 0.008701269 0.0004372164 1.324898e-05 0.0003610347 5.299593e-05 0 6.624491e-05 0.001000298 0 0.0001225531 0.0123083 0.0009108675 0.008227618 0.001348084 2.981021e-05 0.0001656123 0 0.0008479348 1.656123e-05 1.324898e-05 3.312245e-06 0 1.656123e-05 0.0006293266 6.624491e-06 6.624491e-06 3.64347e-05 0.04523865 0 3.312245e-05 6.293266e-05 0.01978735 0.0006756981 2.649796e-05 0 2.318572e-05 0.0002451062 0.000526647 2.318572e-05 0.00224239 1.987347e-05 0.002619986 8.611838e-05 0.000149051 8.280613e-05 0 1.987347e-05
0.02099632 0 0.02841575 0.006892783 5.630817e-05 0.08664171 0.1572157 0.1371965 0.001742241 0.1383359 0.003656719 0.02708092 0.0002351694 0.06447948 0.002040343 9.936736e-06 0.01561724 0.0005299593 0.002239078 0.01579279 0.004567586 3.312245e-06 0.02774005 0.01583253 0 0.004892186 0.0007551919 0.05537412 0.03047928 0.02333477 7.28694e-05 0.001324898 0.001232155 0.01446458 7.618164e-05 0.01354708 0.0005332715 0.01971448 0.0008048756 0.02422576 0.001053294 9.936736e-06 0.0001821735 0 0 1.656123e-05 0.0001987347 0 1.324898e-05 0.001040045 9.605512e-05 0.0008976185 0.0002682919 0 0.0001523633 0 7.618164e-05 3.312245e-06 1.656123e-05 3.312245e-06 0 0 9.605512e-05 0 3.312245e-06 0 0.003454672 0 6.624491e-06 1.987347e-05 0.001715743 3.974694e-05 0 0 3.312245e-06 1.324898e-05 1.987347e-05 0 0.0001358021 0 0.0001424266 1.656123e-05 9.936736e-06 3.312245e-06 0 3.312245e-06
6.293266e-05 0.0239111 0.0003941572 0.005948793 0.006121029 0.002093339 0.01962174 0.001742241 0.00120897 0.004590772 0.0004405286 0.0009704879 0.001570004 0.00116591 0.02224504 0.003656719 6.293266e-05 3.312245e-06 6.624491e-05 0.002007221 0.0002981021 0.04957769 0.0002318572 0.1338942 0.007783777 0.002742539 0.05366169 0.03355305 0.003736213 0.001016859 3.312245e-05 0.001119539 0.000728694 0.001801861 3.312245e-05 0.002288762 0.0004604021 0.003749462 0.0003610347 0.02022457 0.0002484184 0.0003113511 4.968368e-05 2.981021e-05 2.318572e-05 7.618164e-05 0.0006193899 0 4.637144e-05 0.003269186 0.000390845 0.001026796 0.0008280613 3.64347e-05 6.293266e-05 4.305919e-05 0.0004140307 2.981021e-05 0.0004107184 1.656123e-05 1.656123e-05 1.656123e-05 0.0004074062 3.64347e-05 1.987347e-05 3.312245e-05 0.02328508 9.936736e-06 0.0001954225 0.0001225531 0.008641648 0.0002484184 2.649796e-05 1.656123e-05 1.324898e-05 4.305919e-05 0.0001391143 3.312245e-06 0.0008280613 5.962042e-05 0.0006492001 2.649796e-05 9.605512e-05 1.987347e-05 6.624491e-06 9.936736e-06
0.0003941572 0 0.003895201 0.02497433 4.968368e-05 0.2368322 0.07816899 0.1383359 0.004590772 0.2933192 0.006379385 0.04008811 0.0001954225 0.07612534 0.000553145 9.936736e-06 0.0003477858 0.0007485675 0.003004207 0.02593157 0.0003212878 0 0.002189394 0.01311649 3.312245e-06 0.0009473022 0.0005332715 0.08186546 0.08543606 0.0002119837 8.611838e-05 0.002898215 0.0007253817 0.03724289 0.0001258653 0.01084098 0.0006392634 0.06918949 0.0008115001 0.008754265 0.0006988838 1.987347e-05 0.0003941572 3.312245e-06 0 1.324898e-05 0.0005862674 0 2.981021e-05 0.001331523 0.0001854857 0.001265278 0.0004869001 6.624491e-06 0.0001258653 0 0.0001391143 6.624491e-06 0 0 0 0 0.0002119837 0 0 6.624491e-06 0.003630221 0 1.987347e-05 6.624491e-06 0.002484184 8.943063e-05 0 0 1.987347e-05 0 4.968368e-05 0 0.0001523633 0 0.0001623 6.624491e-06 9.936736e-06 3.312245e-06 0 0
0.0001324898 0.001146037 0.003706403 0.0006160776 1.324898e-05 0.002103276 0.001583253 0.003656719 0.0004405286 0.006379385 0.1565732 0.003987943 0.06138584 0.005163791 3.64347e-05 0.0009473022 0.005071048 0.03890895 0.01736941 0.002573615 0.0008678083 0.001341459 0.001424266 0.008611838 0.009767812 0.05185651 0.02760094 0.003249313 0.008273989 0.0003809082 0.01515683 0.003726276 0.0001424266 0.05695075 7.618164e-05 0.01754496 0.08625749 0.1372429 0.0329999 0.003537478 0.0004339041 0.006306515 6.624491e-05 0 0.0001656123 0.0003047266 6.624491e-06 0 0 5.630817e-05 0 7.28694e-05 0 0.003660031 1.324898e-05 0.01081117 0 0 9.936736e-06 7.28694e-05 0.0001126163 0.0001623 0 0 3.64347e-05 1.324898e-05 0.0001656123 0.001613063 0.003683217 0.005819615 9.274287e-05 6.624491e-06 3.312245e-06 0.002540492 0 3.312245e-06 2.318572e-05 6.624491e-06 0.0002384817 0.005031301 5.962042e-05 1.656123e-05 0 0 0.0004339041 0
6.624491e-06 0 2.981021e-05 0.03499387 0.001775364 0.1226392 0.001109602 0.02708092 0.0009704879 0.04008811 0.003987943 0.1030837 0.0001093041 0.02106919 0.01096353 0 3.312245e-05 0.0004802756 0.001510384 0.070733 3.312245e-06 6.624491e-06 1.987347e-05 0.006425756 0 0.0003179756 0.0001324898 0.0114968 0.01970786 6.624491e-06 5.630817e-05 0.002616674 3.312245e-06 0.0146865 1.656123e-05 0.002222517 0.0001192408 0.02111225 5.299593e-05 0.02458349 0.0001656123 3.312245e-06 2.649796e-05 0 0 0 0.0002384817 3.312245e-06 0.0001093041 6.293266e-05 0.0001126163 9.605512e-05 7.618164e-05 3.312245e-06 0.00120897 0 4.637144e-05 3.974694e-05 0 3.312245e-06 0 0 0.0001159286 0 0 0 0.0002682919 0 3.312245e-06 3.312245e-06 0.0001391143 4.637144e-05 0 0 2.318572e-05 3.312245e-06 2.981021e-05 0 1.324898e-05 0 5.962042e-05 0 2.318572e-05 3.312245e-06 0 0
0 0.007681097 0.0002152959 1.656123e-05 1.987347e-05 0.0001457388 7.28694e-05 0.0002351694 0.001570004 0.0001954225 0.06138584 0.0001093041 0.08194495 0.0002682919 9.936736e-06 0.0006227021 0.0001921102 0.001924415 0.0009340532 8.280613e-05 9.936736e-05 0.003557352 0.0001391143 0.003149945 0.05948793 0.01526945 0.1062767 0.0003212878 0.000390845 1.324898e-05 0.01789275 0.0009837369 0 0.02359975 0.0005001491 0.01181478 0.04995528 0.05301249 0.005773244 0.0005829552 0.0002152959 0.008684707 6.293266e-05 3.312245e-06 0.0005034613 0.0004471531 0 0 0 1.324898e-05 0 7.618164e-05 0 0.007985824 0 0.02627935 0 0 3.64347e-05 0.0001258653 0.0004537776 0.0004935246 0 0 8.611838e-05 4.968368e-05 0.0002086715 0.005064423 0.01552781 0.02334139 2.981021e-05 0 6.624491e-06 0.007919579 0 0 0.0001026796 4.637144e-05 0.0005233348 0.008025571 0.0003577225 7.618164e-05 3.312245e-06 0 0.0005796429 3.312245e-06
0.04372164 3.312245e-06 0.03463946 0.005395648 3.312245e-05 0.02365606 0.2169355 0.06447948 0.00116591 0.07612534 0.005163791 0.02106919 0.0002682919 0.04619257 0.0007253817 2.649796e-05 0.02298698 0.0007651287 0.003090325 0.01416647 0.008174622 9.936736e-06 0.04513266 0.01190421 6.624491e-06 0.005928919 0.000715445 0.03666987 0.04229406 0.05518863 8.611838e-05 0.0007883144 0.00143089 0.02148985 6.624491e-05 0.01035077 0.0005630817 0.02144679 0.0007816899 0.01081779 0.001377894 2.649796e-05 0.0001093041 0 0 1.656123e-05 0.0001126163 0 1.324898e-05 0.0005995164 5.299593e-05 0.0005928919 9.936736e-05 0 7.618164e-05 0 4.305919e-05 0 0 0 0 3.312245e-06 5.299593e-05 0 0 3.312245e-06 0.002152959 0 6.624491e-06 1.324898e-05 0.00123878 2.981021e-05 0 0 3.312245e-06 6.624491e-06 1.656123e-05 6.624491e-06 0.0001291776 0 9.936736e-05 9.936736e-06 2.318572e-05 0 0 0
0 6.624491e-05 2.649796e-05 0.001175847 0.01840615 0.02569971 0.002646484 0.002040343 0.02224504 0.000553145 3.64347e-05 0.01096353 9.936736e-06 0.0007253817 0.005249909 0 0 0 1.324898e-05 0.003332119 0 0.000149051 6.624491e-06 0.01628631 1.656123e-05 1.656123e-05 0.000337849 0.003027392 0.001361333 3.312245e-06 0 0.0199629 2.318572e-05 0.001099665 0 5.630817e-05 3.312245e-06 0.0001821735 9.936736e-06 0.01451757 0.001066543 0 0 0 0 0 3.312245e-06 0 0 5.630817e-05 3.312245e-06 0.0001258653 1.987347e-05 0 9.936736e-06 0 0 0 0 0 0 0 0 0 0 0 0.0001324898 0 0 0 7.28694e-05 0 0 0 0 0 0 0 0 3.312245e-06 6.624491e-06 0 3.312245e-06 0 0 0
3.312245e-06 0.000390845 0.003597098 0 0 3.312245e-06 9.605512e-05 9.936736e-06 0.003656719 9.936736e-06 0.0009473022 0 0.0006227021 2.649796e-05 0 0.009267663 0.004915372 3.64347e-05 0.0007585042 0 0.02956841 0.04958431 0.04341691 0.01412341 0.0001358021 0.007081581 0.04208539 0.005180352 2.318572e-05 0.002702792 4.637144e-05 0 6.624491e-06 0.01483555 0.0007121328 0.09825113 0.02470604 0.04082011 0.006786791 0.003222815 2.649796e-05 1.656123e-05 0.000553145 1.324898e-05 5.630817e-05 0.0001192408 0 0 0 2.981021e-05 6.624491e-06 4.968368e-05 6.624491e-06 2.318572e-05 0 5.299593e-05 1.656123e-05 0 0.0816601 6.624491e-06 3.312245e-06 6.624491e-06 3.312245e-06 0.001311649 0.03725614 0.0319996 0.009244477 1.656123e-05 0.0001192408 0.009890365 0.006892783 3.312245e-06 0.0002517306 9.936736e-06 0 0 3.64347e-05 2.318572e-05 0.002043655 0.0001854857 0.0004173429 6.293266e-05 1.656123e-05 0 3.312245e-06 9.936736e-06
0.003699778 0.0007949389 0.176801 2.649796e-05 6.624491e-06 0.0001656123 0.009622073 0.01561724 6.293266e-05 0.0003477858 0.005071048 3.312245e-05 0.0001921102 0.02298698 0 0.004915372 0.01470968 0.007101454 0.04174092 5.299593e-05 0.03263555 0.0009903614 0.04436421 0.006909344 4.637144e-05 0.0652413 0.2211421 0.0118214 0.04398993 0.03976019 7.618164e-05 7.28694e-05 0.005667252 0.03904144 2.981021e-05 0.01736941 0.02200987 0.0443609 0.007263754 0.001570004 2.649796e-05 9.936736e-06 0.0001093041 0 0.0008611838 0.006578119 3.312245e-06 0 0 7.28694e-05 3.312245e-06 2.318572e-05 0 5.962042e-05 0 2.649796e-05 0 0 0.000351098 0.0004140307 1.987347e-05 0.0002517306 0 2.318572e-05 0.0001689245 0.0007253817 0.0002384817 1.324898e-05 0.002610049 0.005071048 0.0001225531 1.324898e-05 6.624491e-06 2.649796e-05 0 0 8.611838e-05 0 0.0006922593 4.637144e-05 0.0002749164 7.618164e-05 3.312245e-06 0 0 3.312245e-06
9.936736e-06 4.637144e-05 0.001709119 7.949389e-05 0 0.0002152959 0.0001523633 0.0005299593 3.312245e-06 0.0007485675 0.03890895 0.0004802756 0.001924415 0.0007651287 0 3.64347e-05 0.007101454 0.003043953 0.009118612 0.0003610347 0.0002981021 2.318572e-05 0.0002583551 0.0001126163 0.0001192408 0.1006492 0.009423338 0.0002716041 0.001139412 0.0002086715 0.003974694 0.0004537776 5.299593e-05 0.007459177 2.318572e-05 0.01786294 0.04821304 0.05803054 0.02355006 0.00140108 7.949389e-05 1.987347e-05 0.0001358021 0 7.28694e-05 0.0001026796 0 0 0 6.624491e-06 0 2.649796e-05 0 0.001526945 0 0.002288762 0 0 1.324898e-05 3.312245e-05 0.0002947898 0.0002417939 0 0 2.649796e-05 1.324898e-05 5.299593e-05 0.0001358021 0.006511874 0.00728694 1.987347e-05 0 3.312245e-06 0.001427578 0 0 2.981021e-05 0 0.0001126163 9.936736e-05 3.64347e-05 1.987347e-05 0 0 6.624491e-06 0
0.0002716041 0.0001523633 0.008141499 0.0002682919 9.936736e-06 0.0008181246 0.001030108 0.002239078 6.624491e-05 0.003004207 0.01736941 0.001510384 0.0009340532 0.003090325 1.324898e-05 0.0007585042 0.04174092 0.009118612 0.01089398 0.001033421 0.00559107 0.0001523633 0.002937962 0.0008976185 0.0001324898 0.1884634 0.07313438 0.001801861 0.00588586 0.002470935 0.0006856348 0.0009903614 0.0006260144 0.05267795 6.955715e-05 0.06575138 0.08086847 0.2055116 0.04513597 0.006293266 0.0001192408 2.981021e-05 0.0003742837 0 0.0002550429 0.001192408 3.312245e-06 0 0 3.64347e-05 0 3.974694e-05 0 0.0007121328 6.624491e-06 0.0006591368 3.312245e-06 0 1.987347e-05 0.0004372164 0.0002351694 0.0007717532 0 0 2.649796e-05 2.318572e-05 0.0001358021 0.0001523633 0.008174622 0.005922295 6.624491e-05 3.312245e-06 6.624491e-06 0.0004869001 0 0 1.987347e-05 6.624491e-06 0.0008512471 6.624491e-05 6.624491e-05 3.312245e-05 0 0 6.624491e-06 0
9.936736e-06 0 8.943063e-05 0.04288033 0.0001159286 0.03108211 0.0004173429 0.01579279 0.002007221 0.02593157 0.002573615 0.070733 8.280613e-05 0.01416647 0.003332119 0 5.299593e-05 0.0003610347 0.001033421 0.004716637 1.324898e-05 0 3.974694e-05 0.006856348 0 0.000188798 4.305919e-05 0.02880991 0.01712762 6.624491e-06 1.656123e-05 0.001152661 1.324898e-05 0.01060912 3.312245e-06 0.002116525 0.0001391143 0.01761452 8.280613e-05 0.01186446 0.000149051 3.312245e-06 5.299593e-05 0 0 3.312245e-06 0.0002152959 0 3.312245e-06 0.0001788613 2.981021e-05 0.0002318572 6.624491e-05 0 2.318572e-05 0 2.318572e-05 0 0 0 0 0 2.649796e-05 0 0 0 0.0005597695 0 3.312245e-06 6.624491e-06 0.0004173429 6.624491e-06 0 0 3.312245e-06 0 6.624491e-06 0 1.656123e-05 0 2.649796e-05 0 0 0 0 0
0.002378192 3.312245e-06 0.01216588 3.312245e-06 0 3.64347e-05 0.05262827 0.004567586 0.0002981021 0.0003212878 0.0008678083 3.312245e-06 9.936736e-05 0.008174622 0 0.02956841 0.03263555 0.0002981021 0.00559107 1.324898e-05 0.1565202 0.0009241165 0.2063694 0.00517704 0 0.006581432 0.001487198 0.108847 0.009161671 0.1917757 9.936736e-06 1.656123e-05 0.0009771124 0.0801994 0.002113213 0.2130834 0.02421251 0.1518168 0.02918088 0.008896691 6.293266e-05 1.656123e-05 0.00110629 3.312245e-06 9.936736e-06 2.649796e-05 0 0 0 6.624491e-05 6.624491e-06 0.0001689245 1.324898e-05 0 0 0 2.981021e-05 0 0.00123878 0 0 3.312245e-06 0 0.0001225531 0.00110629 0.0001358021 0.002106588 0 2.981021e-05 6.624491e-06 0.001119539 6.624491e-06 1.324898e-05 0 0 3.312245e-06 9.936736e-06 1.987347e-05 0.0004902123 2.649796e-05 0.0001192408 0 9.936736e-06 3.312245e-06 0 0
0 0.06475771 0.0006094531 3.312245e-06 9.936736e-06 3.312245e-06 2.649796e-05 3.312245e-06 0.04957769 0 0.001341459 6.624491e-06 0.003557352 9.936736e-06 0.000149051 0.04958431 0.0009903614 2.318572e-05 0.0001523633 0 0.0009241165 0.01619688 0.004786195 0.06444305 0.02038356 0.006647676 0.1325892 0.00601835 5.962042e-05 0.0002285449 6.293266e-05 0 1.656123e-05 0.0008611838 2.318572e-05 0.003845517 0.001616376 0.002600113 0.0002583551 0.0002351694 0 0.0005928919 4.637144e-05 9.936736e-06 0.0001192408 0.0003312245 0 0 0 2.981021e-05 9.936736e-06 3.974694e-05 3.312245e-06 3.974694e-05 0 0.0001324898 9.936736e-06 0 0.007505548 3.312245e-05 1.656123e-05 6.293266e-05 0 0.0001954225 0.0008810573 0.002262264 0.003255937 7.949389e-05 0.0004670266 0.00318638 0.001583253 9.936736e-06 2.649796e-05 4.637144e-05 0 3.312245e-06 2.981021e-05 9.936736e-06 0.0005564572 0.0001258653 0.0001722368 9.936736e-06 9.936736e-06 0 0 1.324898e-05
0.009290848 0.0001689245 0.1477295 8.280613e-05 3.312245e-06 0.0004405286 0.1475705 0.02774005 0.0002318572 0.002189394 0.001424266 1.987347e-05 0.0001391143 0.04513266 6.624491e-06 0.04341691 0.04436421 0.0002583551 0.002937962 3.974694e-05 0.2063694 0.004786195 0.4314564 0.03915405 6.624491e-06 0.01057269 0.2661091 0.1823656 0.03393064 0.1648604 5.299593e-05 6.293266e-05 0.003113511 0.07904674 0.001523633 0.3599914 0.08350833 0.1826538 0.02630916 0.01420291 0.000149051 6.293266e-05 0.002563678 6.624491e-06 0.0002417939 6.624491e-05 3.312245e-06 0 0 0.0002119837 2.318572e-05 0.0001589878 6.624491e-06 3.312245e-06 3.312245e-06 9.936736e-06 4.637144e-05 0 0.02868736 3.312245e-05 0 1.656123e-05 3.312245e-06 0.0002616674 0.007820211 0.01034414 0.002689543 3.312245e-06 2.981021e-05 0.0123613 0.00169587 2.981021e-05 1.656123e-05 0 3.312245e-06 3.312245e-06 7.949389e-05 0.000202047 0.002093339 8.280613e-05 0.0004438409 6.293266e-05 2.649796e-05 0 0 3.312245e-06
0.0009704879 0.01281177 0.04633169 0.02656421 0.001666059 0.003063827 0.07468451 0.01583253 0.1338942 0.01311649 0.008611838 0.006425756 0.003149945 0.01190421 0.01628631 0.01412341 0.006909344 0.0001126163 0.0008976185 0.006856348 0.00517704 0.06444305 0.03915405 0.05242622 0.004862376 0.02410321 0.142675 0.07884469 0.04784538 0.04388725 0.0002451062 0.000513398 0.01210957 0.03839224 0.001483886 0.1058792 0.0220728 0.08074923 0.01125832 0.0341625 0.0004869001 0.0002219204 0.001195721 0.0002451062 0.0001391143 0.0003444735 0.002325196 3.312245e-06 0.0002186082 0.02305985 0.002070153 0.03471564 0.003646782 7.949389e-05 0.0003411613 0.0001358021 0.001911166 9.274287e-05 0.007333311 6.955715e-05 1.324898e-05 7.28694e-05 0.001364645 0.0004438409 0.009840681 0.001152661 0.1222252 3.974694e-05 0.0004074062 0.001871419 0.0572091 0.001497135 0.0002384817 5.299593e-05 0.0001093041 0.0003676592 0.0009274287 4.968368e-05 0.008442913 0.0005730184 0.004965056 0.0002682919 0.0004769633 0.0001192408 9.936736e-06 8.611838e-05
0 0.0328111 1.987347e-05 0 3.312245e-06 0 0 0 0.007783777 3.312245e-06 0.009767812 0 0.05948793 6.624491e-06 1.656123e-05 0.0001358021 4.637144e-05 0.0001192408 0.0001324898 0 0 0.02038356 6.624491e-06 0.004862376 0.00467689 0.002311947 0.0405452 1.987347e-05 3.312245e-06 0 0.002268888 9.936736e-06 0 0.0001722368 6.624491e-06 0.0001556755 0.0007320062 0.001808486 5.299593e-05 4.305919e-05 0 0.01205326 1.987347e-05 0 0.0003246 0.0001623 0 0 0 0 0 3.312245e-05 0 0.0008479348 0 0.002543804 0 0 1.656123e-05 5.299593e-05 0.0001391143 0.0003113511 0 3.312245e-06 3.64347e-05 1.324898e-05 6.955715e-05 0.0006657613 0.004123745 0.01148687 6.624491e-06 0 0 0.0005564572 0 0 1.656123e-05 0 8.280613e-05 0.0003246 6.955715e-05 3.312245e-05 0 0 5.962042e-05 0
0.0006955715 0.01003942 0.1276539 8.611838e-05 6.624491e-06 0.0002318572 0.004733199 0.004892186 0.002742539 0.0009473022 0.05185651 0.0003179756 0.01526945 0.005928919 1.656123e-05 0.007081581 0.0652413 0.1006492 0.1884634 0.000188798 0.006581432 0.006647676 0.01057269 0.02410321 0.002311947 0.3464046 0.2044682 0.00842304 0.009406777 0.001553443 0.003183068 0.0003113511 0.001358021 0.03033686 0.0001093041 0.08148124 0.1582955 0.1617634 0.04433109 0.006379385 0.0002053592 0.0004405286 0.0004372164 6.293266e-05 0.01267928 0.04936571 0 0 3.312245e-06 0.0007187572 5.962042e-05 0.0004802756 1.656123e-05 0.01007916 3.312245e-06 0.01623994 0.0001722368 0 0.0002815409 0.01275214 0.003305621 0.01865457 0 0.000188798 0.0004835878 0.000877745 0.001215594 0.003236064 0.1698818 0.1261071 0.0005332715 9.274287e-05 0.0002351694 0.008270677 0 3.312245e-06 0.0008479348 5.630817e-05 0.003653407 0.001722368 0.002099964 0.0009108675 1.324898e-05 0 0.0002649796 2.981021e-05
6.624491e-05 0.1447882 0.2027624 5.299593e-05 1.656123e-05 9.936736e-05 0.004736511 0.0007551919 0.05366169 0.0005332715 0.02760094 0.0001324898 0.1062767 0.000715445 0.000337849 0.04208539 0.2211421 0.009423338 0.07313438 4.305919e-05 0.001487198 0.1325892 0.2661091 0.142675 0.0405452 0.2044682 0.3264814 0.04545394 0.0009572389 0.0007618164 0.006856348 5.962042e-05 0.0001026796 0.1161936 0.000351098 0.1996489 0.1030042 0.2941903 0.02832963 0.01131463 7.28694e-05 0.005644066 0.0008943063 3.312245e-05 0.02939949 0.06614223 3.312245e-06 0 0 0.0006193899 5.630817e-05 0.0004869001 6.624491e-06 0.009834057 3.312245e-06 0.02059554 0.0001623 0 0.03552383 0.0120102 0.004024378 0.01848895 3.312245e-06 0.000688947 0.01242092 0.0238018 0.004974993 0.009158358 0.1838131 0.3075354 0.002252327 7.28694e-05 0.0001921102 0.009456461 0 0 0.002308635 0.0001457388 0.01494816 0.004706701 0.008121626 0.001940976 4.637144e-05 0 0.0004239674 6.624491e-05
0.001649498 1.656123e-05 0.06699679 0.05094233 0.0002749164 0.03205591 0.2269683 0.05537412 0.03355305 0.08186546 0.003249313 0.0114968 0.0003212878 0.03666987 0.003027392 0.005180352 0.0118214 0.0002716041 0.001801861 0.02880991 0.108847 0.00601835 0.1823656 0.07884469 1.987347e-05 0.00842304 0.04545394 0.1790699 0.0919115 0.1712961 7.28694e-05 0.000904243 0.01937995 0.0775761 0.002467623 0.1487231 0.01661754 0.1322315 0.01921765 0.0173926 0.0007253817 4.305919e-05 0.001838296 0.0002848531 1.987347e-05 0.0001391143 0.001762115 3.312245e-06 0.0001258653 0.01322911 0.001417641 0.01600146 0.001987347 2.649796e-05 0.0002384817 9.936736e-06 0.001772051 4.637144e-05 0.002656421 1.656123e-05 6.624491e-06 1.656123e-05 0.0008015634 0.0001854857 0.003898513 0.000364347 0.07759266 3.312245e-06 3.64347e-05 0.000566394 0.03985625 0.001185784 0.0001722368 9.936736e-06 0.0001093041 0.0003676592 0.0007551919 3.974694e-05 0.00796595 0.0003544103 0.004623895 0.0003477858 0.0003146633 6.293266e-05 0 7.949389e-05
0.124398 0 0.02265907 0.009280912 0.0001689245 0.01486536 0.1081382 0.03047928 0.003736213 0.08543606 0.008273989 0.01970786 0.000390845 0.04229406 0.001361333 2.318572e-05 0.04398993 0.001139412 0.00588586 0.01712762 0.009161671 5.962042e-05 0.03393064 0.04784538 3.312245e-06 0.009406777 0.0009572389 0.0919115 0.230943 0.202461 0.0001159286 0.008724454 0.05290318 0.04869994 3.312245e-05 0.01101984 0.0005995164 0.03998211 0.001202345 0.01261634 0.002977709 1.324898e-05 8.611838e-05 1.324898e-05 3.312245e-06 4.305919e-05 0.0001821735 0 6.624491e-06 0.001874731 0.0001324898 0.001738929 0.0001854857 0 6.624491e-05 0 0.0001689245 0 3.312245e-06 0 3.312245e-06 3.312245e-06 6.293266e-05 0 9.936736e-06 9.936736e-06 0.009893677 0 2.981021e-05 2.649796e-05 0.004252923 0.0001324898 9.936736e-06 0 6.624491e-06 7.28694e-05 6.955715e-05 6.624491e-06 0.0006988838 1.656123e-05 0.0006359511 4.637144e-05 2.649796e-05 9.936736e-06 0 0
0.05176708 0 0.006220397 2.649796e-05 3.312245e-06 0.000188798 0.08031533 0.02333477 0.001016859 0.0002119837 0.0003809082 6.624491e-06 1.324898e-05 0.05518863 3.312245e-06 0.002702792 0.03976019 0.0002086715 0.002470935 6.624491e-06 0.1917757 0.0002285449 0.1648604 0.04388725 0 0.001553443 0.0007618164 0.1712961 0.202461 0.1463218 3.312245e-06 9.936736e-05 0.02890928 0.0422775 0.001033421 0.05168428 0.0005995164 0.06046173 0.00936703 0.001112914 0.0001954225 3.312245e-06 0.0006525123 4.637144e-05 3.312245e-06 4.637144e-05 3.974694e-05 0 3.312245e-06 0.00240469 0.0001854857 0.001675996 0.0001225531 6.624491e-06 1.324898e-05 0 0.0002947898 3.312245e-06 0.0001225531 9.936736e-06 0 0 3.312245e-05 9.936736e-06 0.0004074062 6.624491e-06 0.01456063 0 3.974694e-05 5.630817e-05 0.007475738 0.000202047 2.318572e-05 0 3.312245e-06 8.280613e-05 0.0001324898 1.987347e-05 0.001907853 3.64347e-05 0.001341459 7.618164e-05 4.637144e-05 1.987347e-05 0 6.624491e-06
0 0.0001457388 0.0003875327 6.624491e-06 0 3.64347e-05 4.968368e-05 7.28694e-05 3.312245e-05 8.611838e-05 0.01515683 5.630817e-05 0.01789275 8.611838e-05 0 4.637144e-05 7.618164e-05 0.003974694 0.0006856348 1.656123e-05 9.936736e-06 6.293266e-05 5.299593e-05 0.0002451062 0.002268888 0.003183068 0.006856348 7.28694e-05 0.0001159286 3.312245e-06 0.0006823225 4.637144e-05 0 0.002619986 6.624491e-06 0.001202345 0.01226524 0.0152297 0.004696764 0.0001059919 7.28694e-05 0.0003212878 0 0 0.0001059919 2.981021e-05 0 0 0 6.624491e-06 0 4.637144e-05 0 0.001904541 0 0.006064721 0 0 1.324898e-05 5.299593e-05 0.0001854857 0.0001424266 0 0 2.981021e-05 3.312245e-06 8.611838e-05 0.0007187572 0.005253221 0.008406479 0 0 0 0.002381504 0 0 1.656123e-05 0 2.649796e-05 0.0004869001 6.624491e-05 9.936736e-06 0 0 5.630817e-05 0
0.0001324898 3.312245e-06 0.0001225531 0.0002848531 0.004362227 0.01189759 0.0007684409 0.001324898 0.001119539 0.002898215 0.003726276 0.002616674 0.0009837369 0.0007883144 0.0199629 0 7.28694e-05 0.0004537776 0.0009903614 0.001152661 1.656123e-05 0 6.293266e-05 0.000513398 9.936736e-06 0.0003113511 5.962042e-05 0.000904243 0.008724454 9.936736e-05 4.637144e-05 0.0001656123 0.0001026796 0.02927031 7.618164e-05 0.01483886 0.000351098 0.02156272 0.001000298 0.02664701 0.0262926 1.324898e-05 0.0001358021 0 0 3.312245e-06 0 0 0 1.656123e-05 0 3.974694e-05 3.312245e-06 0 0 0 3.312245e-06 0 0 0 0 0 0 0 0 0 5.630817e-05 0 0 0 3.312245e-05 6.624491e-06 0 0 0 0 0 0 1.656123e-05 0 6.624491e-06 0 0 0 0 0
0.005107482 0 0.002288762 0.0001391143 3.312245e-06 0.0001026796 0.01455732 0.001232155 0.000728694 0.0007253817 0.0001424266 3.312245e-06 0 0.00143089 2.318572e-05 6.624491e-06 0.005667252 5.299593e-05 0.0006260144 1.324898e-05 0.0009771124 1.656123e-05 0.003113511 0.01210957 0 0.001358021 0.0001026796 0.01937995 0.05290318 0.02890928 0 0.0001026796 0.003527541 0.004180054 0 0.0004405286 6.293266e-05 0.001434202 7.618164e-05 8.280613e-05 2.981021e-05 0 6.624491e-06 3.312245e-06 0 6.624491e-06 3.312245e-06 0 0 0.0003279123 2.318572e-05 0.000377596 6.624491e-06 0 0 0 2.649796e-05 0 0 3.312245e-06 0 0 6.624491e-06 0 9.936736e-06 6.624491e-06 0.002086715 0 3.312245e-06 3.312245e-06 0.001010235 1.656123e-05 0 0 0 1.656123e-05 1.656123e-05 3.312245e-06 0.0002053592 0 0.0001126163 9.936736e-06 9.936736e-06 0 0 0
0.001447451 0.0001821735 0.01698519 0.004564274 0.0001126163 0.007108079 0.02676625 0.01446458 0.001801861 0.03724289 0.05695075 0.0146865 0.02359975 0.02148985 0.001099665 0.01483555 0.03904144 0.007459177 0.05267795 0.01060912 0.0801994 0.0008611838 0.07904674 0.03839224 0.0001722368 0.03033686 0.1161936 0.0775761 0.04869994 0.0422775 0.002619986 0.02927031 0.004180054 0.03103574 0.0001258653 0.01755159 0.006909344 0.06596337 0.004398662 0.00615084 3.974694e-05 0.008247491 0.0003146633 1.324898e-05 0.0001457388 0.000351098 9.605512e-05 0 1.324898e-05 0.0007253817 4.637144e-05 0.0007585042 8.943063e-05 2.318572e-05 2.981021e-05 1.656123e-05 7.618164e-05 6.624491e-06 0.001351396 2.318572e-05 0 1.324898e-05 3.64347e-05 2.981021e-05 0.0005034613 0.0004902123 0.004710013 6.624491e-06 0.0002550429 0.003507668 0.002252327 5.962042e-05 9.936736e-06 1.656123e-05 3.312245e-06 3.64347e-05 8.611838e-05 0 0.0007055083 3.312245e-05 0.000390845 3.64347e-05 2.981021e-05 9.936736e-06 0 3.312245e-06
3.312245e-06 3.312245e-06 4.637144e-05 9.936736e-06 3.312245e-06 1.987347e-05 0.0003842205 7.618164e-05 3.312245e-05 0.0001258653 7.618164e-05 1.656123e-05 0.0005001491 6.624491e-05 0 0.0007121328 2.981021e-05 2.318572e-05 6.955715e-05 3.312245e-06 0.002113213 2.318572e-05 0.001523633 0.001483886 6.624491e-06 0.0001093041 0.000351098 0.002467623 3.312245e-05 0.001033421 6.624491e-06 7.618164e-05 0 0.0001258653 0.5107118 0.1511908 0.003159882 0.003441423 0.008519095 0.0004769633 0.001483886 0.002868404 0.002136398 0 3.312245e-06 6.624491e-06 0 0 0 2.981021e-05 6.624491e-06 2.649796e-05 3.312245e-06 9.936736e-06 3.312245e-06 1.656123e-05 3.312245e-06 0 9.936736e-06 0 6.624491e-06 9.936736e-06 3.312245e-06 0 6.624491e-06 0 0.0001921102 0 4.968368e-05 3.64347e-05 9.605512e-05 3.312245e-06 0 0 0 0 4.637144e-05 0.1461992 0.001589878 0.0002219204 0.0001722368 0.0003080388 0 0 0.0001126163 3.312245e-05
0.0002186082 0.0003941572 0.01617369 0.001974098 0.0002417939 0.004120433 0.01965818 0.01354708 0.002288762 0.01084098 0.01754496 0.002222517 0.01181478 0.01035077 5.630817e-05 0.09825113 0.01736941 0.01786294 0.06575138 0.002116525 0.2130834 0.003845517 0.3599914 0.1058792 0.0001556755 0.08148124 0.1996489 0.1487231 0.01101984 0.05168428 0.001202345 0.01483886 0.0004405286 0.01755159 0.1511908 0.05739128 0.447014 0.199576 0.04498029 0.08739028 0.02892253 0.02258289 0.006392634 3.974694e-05 0.0002914776 0.001583253 3.312245e-05 0 6.624491e-06 0.0009638634 0.0001291776 0.001218906 8.611838e-05 0.0001059919 1.987347e-05 0.0003477858 0.0001126163 0 0.002255639 0.0001159286 4.305919e-05 0.0001159286 2.318572e-05 7.28694e-05 0.001278527 0.0007187572 0.008207744 1.987347e-05 0.001348084 0.003666656 0.003875327 0.0001026796 4.305919e-05 5.962042e-05 9.936736e-06 2.981021e-05 0.0002152959 0.00764135 0.002046968 0.005803054 0.0008810573 0.0001291776 0.0001225531 3.64347e-05 0.0002583551 3.64347e-05
3.64347e-05 0.0008280613 0.01991322 0.0001126163 3.312245e-06 0.000149051 0.002510682 0.0005332715 0.0004604021 0.0006392634 0.08625749 0.0001192408 0.04995528 0.0005630817 3.312245e-06 0.02470604 0.02200987 0.04821304 0.08086847 0.0001391143 0.02421251 0.001616376 0.08350833 0.0220728 0.0007320062 0.1582955 0.1030042 0.01661754 0.0005995164 0.0005995164 0.01226524 0.000351098 6.293266e-05 0.006909344 0.003159882 0.447014 0.05017389 0.05705674 0.04661985 0.03371866 0.006554934 0.0008148124 0.002454374 0 0.0001291776 0.0004239674 3.312245e-06 0 0 3.974694e-05 3.312245e-06 0.0001159286 6.624491e-06 0.00191779 0 0.003885264 6.624491e-06 0 0.0004769633 3.64347e-05 5.630817e-05 7.949389e-05 0 3.974694e-05 0.000377596 0.0001324898 0.0009572389 9.274287e-05 0.001215594 0.002159584 0.0005697062 9.936736e-06 1.324898e-05 0.0005829552 0 3.312245e-06 2.981021e-05 0.0002285449 0.008890067 0.0009274287 7.618164e-05 1.987347e-05 0 0 4.637144e-05 1.324898e-05
0.0009969859 0.001049982 0.0285648 0.009612136 0.0003312245 0.009685005 0.04630188 0.01971448 0.003749462 0.06918949 0.1372429 0.02111225 0.05301249 0.02144679 0.0001821735 0.04082011 0.0443609 0.05803054 0.2055116 0.01761452 0.1518168 0.002600113 0.1826538 0.08074923 0.001808486 0.1617634 0.2941903 0.1322315 0.03998211 0.06046173 0.0152297 0.02156272 0.001434202 0.06596337 0.003441423 0.199576 0.05705674 0.1097976 0.02640191 0.02554072 0.004266172 0.01044351 0.004229737 1.656123e-05 0.0004703388 0.002530555 0.000175549 0 1.987347e-05 0.001957537 0.0001722368 0.002000596 0.0001589878 0.0001093041 0.0001026796 0.0001722368 0.0001854857 6.624491e-06 0.001053294 0.0001589878 2.649796e-05 8.943063e-05 7.949389e-05 1.987347e-05 0.0005498327 0.0004869001 0.01152993 3.974694e-05 0.001503759 0.004309231 0.005107482 0.000188798 2.649796e-05 5.962042e-05 6.624491e-06 5.299593e-05 0.0001788613 0.0002053592 0.002136398 9.605512e-05 0.0008280613 0.0001093041 3.312245e-05 1.656123e-05 0 3.312245e-06
4.968368e-05 0.0001026796 0.002123149 0.0001192408 1.324898e-05 0.0001589878 0.00318638 0.0008048756 0.0003610347 0.0008115001 0.0329999 5.299593e-05 0.005773244 0.0007816899 9.936736e-06 0.006786791 0.007263754 0.02355006 0.04513597 8.280613e-05 0.02918088 0.0002583551 0.02630916 0.01125832 5.299593e-05 0.04433109 0.02832963 0.01921765 0.001202345 0.00936703 0.004696764 0.001000298 7.618164e-05 0.004398662 0.008519095 0.04498029 0.04661985 0.02640191 0.0002716041 0.001331523 5.299593e-05 0.0003279123 0.0001391143 3.312245e-06 7.618164e-05 0.0004074062 6.624491e-06 0 3.312245e-06 0.000175549 1.324898e-05 0.0002086715 1.656123e-05 5.630817e-05 0 6.293266e-05 2.318572e-05 3.312245e-06 0.0001159286 2.649796e-05 9.936736e-06 3.312245e-05 6.624491e-06 6.624491e-06 7.28694e-05 3.312245e-05 0.001242092 9.936736e-06 0.000390845 0.0004438409 0.0005630817 1.987347e-05 6.624491e-06 1.987347e-05 0 6.624491e-06 1.987347e-05 0.0006160776 0.0005365838 1.324898e-05 0.0001026796 9.936736e-06 0 0 0 0
5.630817e-05 5.630817e-05 0.001331523 0.00426286 0.006289954 0.02010533 0.008701269 0.02422576 0.02022457 0.008754265 0.003537478 0.02458349 0.0005829552 0.01081779 0.01451757 0.003222815 0.001570004 0.00140108 0.006293266 0.01186446 0.008896691 0.0002351694 0.01420291 0.0341625 4.305919e-05 0.006379385 0.01131463 0.0173926 0.01261634 0.001112914 0.0001059919 0.02664701 8.280613e-05 0.00615084 0.0004769633 0.08739028 0.03371866 0.02554072 0.001331523 0.01096353 0.002447749 0.0007783777 0.0005763307 1.324898e-05 1.656123e-05 0.0001258653 4.968368e-05 0 6.624491e-06 0.0004074062 3.64347e-05 0.0004206552 5.962042e-05 3.312245e-06 2.318572e-05 6.624491e-06 3.312245e-05 0 0.0001059919 2.318572e-05 0 0 1.656123e-05 3.312245e-06 3.312245e-05 5.962042e-05 0.002106588 0 6.624491e-05 0.0001689245 0.0009936736 2.318572e-05 3.312245e-06 6.624491e-06 0 1.656123e-05 2.318572e-05 3.64347e-05 0.0002219204 1.324898e-05 0.0001523633 6.624491e-06 1.656123e-05 6.624491e-06 0 6.624491e-06
4.305919e-05 3.312245e-06 6.955715e-05 0.0001192408 0.0001358021 0.0007485675 0.0004372164 0.001053294 0.0002484184 0.0006988838 0.0004339041 0.0001656123 0.0002152959 0.001377894 0.001066543 2.649796e-05 2.649796e-05 7.949389e-05 0.0001192408 0.000149051 6.293266e-05 0 0.000149051 0.0004869001 0 0.0002053592 7.28694e-05 0.0007253817 0.002977709 0.0001954225 7.28694e-05 0.0262926 2.981021e-05 3.974694e-05 0.001483886 0.02892253 0.006554934 0.004266172 5.299593e-05 0.002447749 3.312245e-06 0.0002782286 0.0001523633 0 0 3.312245e-06 3.312245e-06 0 0 2.981021e-05 6.624491e-06 2.649796e-05 3.312245e-06 0 0 0 3.312245e-06 0 0 0 0 0 0 0 0 0 0.0001093041 0 0 0 4.305919e-05 0 0 0 0 0 0 6.624491e-05 0.0002384817 0 3.312245e-06 3.312245e-06 3.312245e-06 0 0 0
0 0.005816303 1.656123e-05 3.312245e-06 0 9.936736e-06 1.324898e-05 9.936736e-06 0.0003113511 1.987347e-05 0.006306515 3.312245e-06 0.008684707 2.649796e-05 0 1.656123e-05 9.936736e-06 1.987347e-05 2.981021e-05 3.312245e-06 1.656123e-05 0.0005928919 6.293266e-05 0.0002219204 0.01205326 0.0004405286 0.005644066 4.305919e-05 1.324898e-05 3.312245e-06 0.0003212878 1.324898e-05 0 0.008247491 0.002868404 0.02258289 0.0008148124 0.01044351 0.0003279123 0.0007783777 0.0002782286 4.968368e-05 9.605512e-05 0 2.649796e-05 1.324898e-05 0 0 0 0 0 1.656123e-05 0 0.0003014143 0 0.0003146633 0 0 0 0 3.312245e-06 2.981021e-05 0 0 0 0 9.936736e-06 9.274287e-05 0.0003212878 0.0006657613 6.624491e-06 0 0 2.318572e-05 0 0 6.624491e-06 0.0001656123 0.000390845 0.0002086715 1.324898e-05 6.624491e-06 0 0 9.936736e-06 0
3.312245e-06 9.936736e-06 0.0001225531 6.293266e-05 0 5.962042e-05 0.0003610347 0.0001821735 4.968368e-05 0.0003941572 6.624491e-05 2.649796e-05 6.293266e-05 0.0001093041 0 0.000553145 0.0001093041 0.0001358021 0.0003742837 5.299593e-05 0.00110629 4.637144e-05 0.002563678 0.001195721 1.987347e-05 0.0004372164 0.0008943063 0.001838296 8.611838e-05 0.0006525123 0 0.0001358021 6.624491e-06 0.0003146633 0.002136398 0.006392634 0.002454374 0.004229737 0.0001391143 0.0005763307 0.0001523633 9.605512e-05 2.649796e-05 0 0 6.624491e-06 3.312245e-06 0 0 1.324898e-05 3.312245e-06 4.968368e-05 0 0 0 0 3.312245e-06 0 6.624491e-06 0 0 0 0 0 6.624491e-06 6.624491e-06 0.0001523633 3.312245e-06 1.656123e-05 1.324898e-05 0.0001093041 0 0 0 0 3.312245e-06 0 0.0001225531 0.0001159286 0 9.936736e-06 3.312245e-06 0 0 0 0
3.312245e-06 0 3.312245e-06 0 0 0 5.299593e-05 0 2.981021e-05 3.312245e-06 0 0 3.312245e-06 0 0 1.324898e-05 0 0 0 0 3.312245e-06 9.936736e-06 6.624491e-06 0.0002451062 0 6.293266e-05 3.312245e-05 0.0002848531 1.324898e-05 4.637144e-05 0 0 3.312245e-06 1.324898e-05 0 3.974694e-05 0 1.656123e-05 3.312245e-06 1.324898e-05 0 0 0 0.01068199 3.312245e-06 0.003885264 0.0001457388 5.630817e-05 0.0003941572 0.06830181 0.01472624 0.0002484184 0.001420953 0.0002782286 0.000149051 0 0.0451989 0 6.624491e-06 0.009555828 0.0002186082 0.006263456 0.000202047 0.003534166 5.962042e-05 0.003832268 0.002494121 0 0.005379086 0.0007253817 0.002954523 0.09365705 0.05320791 3.312245e-06 0.002716041 0.001719055 0.008134875 0 0.000364347 8.943063e-05 0.005220099 0.0002550429 3.974694e-05 1.324898e-05 6.624491e-06 3.312245e-06
3.312245e-06 0.0001026796 0.001341459 0 0 0 0 0 2.318572e-05 0 0.0001656123 0 0.0005034613 0 0 5.630817e-05 0.0008611838 7.28694e-05 0.0002550429 0 9.936736e-06 0.0001192408 0.0002417939 0.0001391143 0.0003246 0.01267928 0.02939949 1.987347e-05 3.312245e-06 3.312245e-06 0.0001059919 0 0 0.0001457388 3.312245e-06 0.0002914776 0.0001291776 0.0004703388 7.618164e-05 1.656123e-05 0 2.649796e-05 0 3.312245e-06 0.002894902 0.02119175 3.312245e-06 0 6.624491e-06 5.962042e-05 9.936736e-06 0.0510947 3.312245e-06 0.0001987347 0 0.006790103 2.318572e-05 9.936736e-06 0.001642874 0.002500745 0.0006028287 0.002818721 0 2.649796e-05 0.06877546 0.001692557 0.0273724 0.03037329 0.03286079 0.08132225 0.0002782286 6.624491e-06 2.649796e-05 0.0003246 0 3.312245e-06 0.001083104 3.312245e-05 0.001540194 0.0008148124 0.001089729 0.0004769633 1.656123e-05 0 0.001159286 6.624491e-06
