0.02482088 0 0.002462186 0.001575117 0.000133629 0.001020698 0.1504976 0.01414762 5.970658e-05 0.01256681 9.66678e-05 0.0004207893 0.00011657 0.06598431 1.705902e-05 0 0.0195866 4.549073e-05 0.001560901 0.0008216763 0.01139827 5.686341e-06 0.07182702 0.000915501 0 0.004423974 0.0009012851 0.009882861 0.0576396 0.07972251 0 7.107927e-05 0.0001990219 0.01245024 8.529512e-06 0.00291425 0.0003781417 0.007272831 0.0007221654 0.001376095 0.0004748095 8.529512e-06 3.127488e-05 0 0 2.843171e-05 4.264756e-05 0 0 9.382463e-05 5.686341e-06 5.970658e-05 8.529512e-06 0 1.137268e-05 0 5.686341e-06 0 3.411805e-05 0 0 0 1.705902e-05 1.421585e-05 1.705902e-05 5.686341e-06 0.0007306949 0 2.843171e-06 1.705902e-05 0.0005800068 2.274537e-05 0 0 0 0 2.843171e-06 0 5.117707e-05 0 6.254976e-05 2.843171e-06 5.686341e-06 5.686341e-06 0 0
0 0.00198169 0.0003752985 5.686341e-06 1.137268e-05 1.705902e-05 0.0001023541 1.990219e-05 0.044652 8.529512e-06 0.00717332 2.843171e-06 0.01276015 1.705902e-05 3.696122e-05 0.0002047083 0.00169453 1.421585e-05 0.0004122598 0 5.686341e-06 0.08269078 0.0003013761 0.1396651 0.02732571 0.00629478 0.06351075 0.003781417 1.421585e-05 8.529512e-06 0.0001876493 0 0 0.0001080405 2.843171e-06 0.0005800068 0.0007562834 0.0005856932 0.0002103946 0.0001705902 0 0.004236324 2.843171e-06 0 0.0007534402 0.001776982 0 0 2.843171e-06 1.137268e-05 0 1.705902e-05 2.843171e-06 8.529512e-06 0 2.274537e-05 0 0 2.274537e-05 1.421585e-05 2.558854e-05 8.529512e-05 0 2.843171e-06 9.098146e-05 8.529512e-05 7.960878e-05 3.980439e-05 0.0009638349 0.0107415 4.83339e-05 2.843171e-06 0 1.137268e-05 0 0 2.843171e-06 0 1.137268e-05 0.0001592176 1.421585e-05 8.529512e-06 0 0 5.686341e-06 0
0.002462186 0.0003752985 0.02082623 0.0001250995 6.539293e-05 0.0003639259 0.08360343 0.00501251 0.0001649039 0.003107586 2.558854e-05 1.137268e-05 2.274537e-05 0.01210053 2.843171e-06 0.0009183441 0.0158194 1.705902e-05 0.0005259866 2.274537e-05 0.04018253 0.0002530422 0.1162174 0.003400432 2.843171e-06 0.0369072 0.2416155 0.0517059 0.003013761 0.007412146 5.686341e-06 1.990219e-05 9.66678e-05 0.005265552 8.813829e-05 0.02741101 0.07082054 0.01987092 0.003770044 0.00034971 1.990219e-05 2.843171e-06 7.676561e-05 2.843171e-06 0.00156943 0.03337314 0 2.843171e-06 0 0.0002814739 1.137268e-05 0.0002757876 5.686341e-06 2.843171e-06 5.686341e-06 2.843171e-06 3.696122e-05 2.843171e-06 0.00134482 0.0001620607 5.686341e-06 4.549073e-05 2.843171e-06 0.0001108837 0.001293643 0.002499147 0.002536108 8.529512e-06 0.001006482 0.1008785 0.001498351 6.539293e-05 1.705902e-05 5.686341e-06 0 2.843171e-06 3.696122e-05 1.137268e-05 0.0002729444 0.0005345161 0.0002615717 3.696122e-05 8.529512e-06 2.843171e-06 0 0
0.001575117 5.686341e-06 0.0001250995 0.02354145 0.001202661 0.01720118 0.001233936 0.004554759 0.01170818 0.08412658 7.960878e-05 0.113144 0.0002729444 0.00681508 0.004881724 0 4.83339e-05 5.402024e-05 6.539293e-05 0.05829637 2.843171e-06 0 7.392244e-05 0.01869385 0 5.402024e-05 1.421585e-05 0.05974923 0.01721824 9.382463e-05 0 0.0002786307 6.254976e-05 0.002351302 0.0003212783 0.006903218 0.0001734334 0.01081542 0.001393154 0.02803651 0.0005259866 1.137268e-05 0.0001393154 1.705902e-05 2.843171e-06 1.137268e-05 0.003320823 8.529512e-06 0.0004804958 0.001796884 0.0007449107 0.004441033 0.002615717 1.705902e-05 0.002180712 0 0.000599909 0.0001393154 1.137268e-05 2.843171e-06 5.686341e-06 1.137268e-05 0.001941886 0 5.686341e-06 8.529512e-06 0.008643239 0 1.990219e-05 3.127488e-05 0.01415899 0.0006198112 2.843171e-06 2.843171e-06 0 1.421585e-05 0.0001563744 0 0.0002587285 0 0.0004321619 1.137268e-05 0.0007676561 5.686341e-06 0 2.843171e-06
0.000133629 1.137268e-05 6.539293e-05 0.001202661 5.686341e-05 0.008950301 0.000915501 0.006397134 0.008228136 0.003556807 2.274537e-05 0.007983623 2.274537e-05 0.005629478 0.01861424 0 0.0002075515 2.843171e-06 1.421585e-05 0.001728648 1.990219e-05 6.254976e-05 0.0004577505 0.007997839 5.686341e-06 4.264756e-05 1.705902e-05 0.001575117 0.0001364722 7.960878e-05 0 0.002436597 0 0.0002814739 2.843171e-06 0.0002786307 1.421585e-05 0.0005572615 1.990219e-05 0.03697259 0.0006283407 0 5.686341e-06 0 0 0 2.843171e-05 0 0 1.137268e-05 0 3.696122e-05 0 0 2.274537e-05 0 0 0 2.843171e-06 0 0 0 5.686341e-06 0 0 0 0.0001307859 0 0 0 8.529512e-05 0 0 0 0 0 0 0 2.843171e-06 0 5.686341e-06 0 1.137268e-05 0 0 0
0.001020698 1.705902e-05 0.0003639259 0.01720118 0.008950301 0.2504976 0.02209428 0.1406431 0.0009126578 0.2381696 0.0001563744 0.07104231 0.0005146139 0.05068236 0.02417548 2.843171e-06 0.000366769 6.82361e-05 0.00011657 0.01865689 5.402024e-05 5.686341e-06 0.0007619697 0.001634823 0 0.0002701012 9.382463e-05 0.04626407 0.03447344 0.0003070624 0 0.01166269 5.117707e-05 0.00302229 8.245195e-05 0.003855339 0.0002871602 0.009331286 0.0009183441 0.06614352 0.003309451 3.127488e-05 6.539293e-05 0 0 5.686341e-06 0.0004179461 0 8.529512e-06 0.0003184351 1.705902e-05 0.000250199 8.529512e-05 0 0.0005629478 0 2.274537e-05 5.686341e-06 3.411805e-05 0 0 0 0.0001222563 5.686341e-06 1.705902e-05 2.843171e-06 0.001575117 0 0 1.137268e-05 0.001407369 3.127488e-05 5.686341e-06 0 0 5.686341e-06 5.686341e-06 0 3.696122e-05 0 5.970658e-05 0 8.245195e-05 0 0 0
0.1504976 0.0001023541 0.08360343 0.001233936 0.000915501 0.02209428 0.2689014 0.05224895 0.002794837 0.07529853 0.0002189241 0.0004094166 0.0005970658 0.1738485 0.0003184351 0.0001279427 0.02144319 7.107927e-05 0.0009069715 0.0004264756 0.02587001 0.0003383373 0.1352667 0.007710679 1.137268e-05 0.0190862 0.006107131 0.1494086 0.1384738 0.1102383 2.843171e-06 0.0006852041 0.008705789 0.04218981 0.0004804958 0.1554305 0.005339475 0.1569345 0.02869044 0.0168003 0.00239395 9.66678e-05 0.0007306949 7.960878e-05 1.137268e-05 0.0002359832 0.0007221654 8.529512e-06 0.0001250995 0.009288639 0.0005771637 0.005254179 0.0006482429 3.980439e-05 0.0002928466 2.843171e-06 0.0007704993 5.402024e-05 0.002703855 5.686341e-06 8.529512e-06 2.274537e-05 0.0004549073 0.0006596156 0.001037757 0.0004179461 0.05602468 0 5.117707e-05 0.000798931 0.03351245 0.002157967 0.0003155919 0 2.843171e-06 9.66678e-05 0.0006539293 2.843171e-06 0.002993859 3.411805e-05 0.00326396 0.0001904924 0.0005515751 6.539293e-05 2.843171e-06 8.529512e-06
0.01414762 1.990219e-05 0.00501251 0.004554759 0.006397134 0.1406431 0.05224895 0.1827078 0.0001819629 0.08282441 0.00162345 0.01622313 0.003337882 0.1387183 0.01223985 5.686341e-06 0.0161549 0.0008444217 0.001995906 0.005873991 0.001967474 1.137268e-05 0.03581826 0.0007221654 2.843171e-06 0.006334584 0.0008643239 0.01370124 0.03225861 0.005089276 1.990219e-05 0.00512055 0.0002018651 0.01860002 6.539293e-05 0.01131298 0.002575913 0.0569942 0.004694075 0.06593029 0.01648186 0.0001250995 0.0003440237 0 8.529512e-06 8.529512e-06 0.0001194132 0 0 0.0001961788 5.686341e-06 0.0001194132 1.137268e-05 0 9.098146e-05 0 5.686341e-06 0 3.696122e-05 0 0 2.843171e-06 3.980439e-05 5.686341e-06 1.705902e-05 8.529512e-06 0.0010406 0 8.529512e-06 3.696122e-05 0.0006340271 1.705902e-05 0 0 0 0 2.843171e-06 0 2.558854e-05 0 3.411805e-05 1.990219e-05 1.137268e-05 0 0 0
5.970658e-05 0.044652 0.0001649039 0.01170818 0.008228136 0.0009126578 0.002794837 0.0001819629 0.002919936 0.01121631 0.00104913 0.005086432 0.001015012 0.000216081 0.01007051 0.001410213 7.392244e-05 5.686341e-06 1.137268e-05 0.009462072 0.0009467758 0.06985955 0.000716479 0.1398755 0.01038895 0.0006084385 0.01387183 0.03804162 0.0004520641 0.0007818719 1.990219e-05 9.951097e-05 8.529512e-06 8.813829e-05 2.843171e-06 0.0005117707 9.382463e-05 0.0004549073 0.0001137268 0.005910952 0.0001450017 0.0001961788 8.529512e-06 8.529512e-06 9.382463e-05 0.0001279427 0.003431707 8.529512e-06 0.0002274537 0.001944729 0.000267258 0.003298078 0.001941886 5.686341e-06 0.002086887 5.686341e-06 0.0002388263 0.0001421585 0.002547481 0 2.843171e-06 5.686341e-06 0.002339929 0.0003781417 0.0008842261 0.0001848061 0.04310247 1.421585e-05 8.813829e-05 0.0004605937 0.02105084 0.000483339 5.686341e-05 0 0 1.421585e-05 0.0001620607 5.686341e-06 0.0006198112 4.264756e-05 0.0007449107 4.83339e-05 0.0009012851 2.558854e-05 0 8.529512e-06
0.01256681 8.529512e-06 0.003107586 0.08412658 0.003556807 0.2381696 0.07529853 0.08282441 0.01121631 0.4100648 0.0005714773 0.1059309 0.001708746 0.08905379 0.005905266 8.529512e-06 0.00262709 0.0002928466 0.0004179461 0.05963551 0.0002103946 6.539293e-05 0.004580348 0.01014728 2.843171e-06 0.001907768 0.0003923576 0.1826282 0.1303537 0.00122825 0 0.002453656 0.0005316729 0.013198 0.0001364722 0.02692198 0.001162857 0.05730126 0.00705675 0.05371602 0.002519049 0.0001108837 0.0005714773 1.421585e-05 2.843171e-06 1.421585e-05 0.004122598 2.843171e-06 0.0001307859 0.002698169 0.0002786307 0.004685545 0.001529626 2.843171e-06 0.002004435 0 0.0001876493 8.529512e-05 0.0001279427 0 0 0 0.001930513 2.843171e-05 4.549073e-05 1.990219e-05 0.01277721 0 2.843171e-06 3.980439e-05 0.01667804 0.0003866712 2.274537e-05 0 0 1.705902e-05 0.0001393154 5.686341e-06 0.0004378483 5.686341e-06 0.0004463778 1.705902e-05 0.0007932446 2.843171e-06 0 0
9.66678e-05 0.00717332 2.558854e-05 7.960878e-05 2.274537e-05 0.0001563744 0.0002189241 0.00162345 0.00104913 0.0005714773 0.08156488 0.0002814739 0.09080803 0.01429546 0 1.137268e-05 0.0003440237 0.0258103 0.004665643 9.951097e-05 0.0006425566 0.00361367 0.0007818719 0.001976004 0.01968043 0.1183356 0.03425168 0.0002729444 0.004216422 0.000216081 0.06191289 0.0003525532 1.990219e-05 0.03963949 1.421585e-05 0.02039691 0.04895656 0.08533208 0.06745138 0.0004634368 8.529512e-06 0.002971113 0.0001137268 0 9.951097e-05 1.421585e-05 0 0 0 5.686341e-06 0 0 0 0.0003582395 0 0.001794041 0 0 2.843171e-06 2.843171e-06 9.098146e-05 8.529512e-05 0 0 0 0 1.137268e-05 0.0003212783 0.0008614807 0.002257478 5.686341e-06 0 0 0.00034971 0 0 1.137268e-05 2.843171e-06 2.843171e-05 0.005259866 8.813829e-05 8.529512e-06 0 0 0.001302172 0
0.0004207893 2.843171e-06 1.137268e-05 0.113144 0.007983623 0.07104231 0.0004094166 0.01622313 0.005086432 0.1059309 0.0002814739 0.155601 0.00081599 0.02153417 0.02585295 0 8.529512e-06 0.0001279427 0.0001194132 0.1156829 2.843171e-06 1.137268e-05 2.843171e-06 0.01384624 2.843171e-06 0.0001250995 4.549073e-05 0.04812066 0.03478051 2.558854e-05 2.843171e-06 0.001512567 3.411805e-05 0.004057205 0.0006738315 0.002732287 0.00034971 0.01464517 0.001259525 0.07701581 0.001333447 2.843171e-05 8.245195e-05 2.843171e-06 2.843171e-06 5.686341e-06 0.002246105 0 0.0001961788 0.0007278517 0.000366769 0.001359036 0.0008273627 8.529512e-06 0.0051831 0 0.0003269646 0.0001108837 5.686341e-06 0 0 2.843171e-06 0.001140111 0 2.843171e-06 2.843171e-06 0.00296827 0 2.843171e-06 1.705902e-05 0.005072217 0.0002103946 0 0 5.686341e-06 0 6.539293e-05 0 0.0001478449 5.686341e-06 0.0001478449 5.686341e-06 0.0006937337 2.843171e-06 0 0
0.00011657 0.01276015 2.274537e-05 0.0002729444 2.274537e-05 0.0005146139 0.0005970658 0.003337882 0.001015012 0.001708746 0.09080803 0.00081599 0.08014614 0.009763448 1.421585e-05 8.529512e-06 8.245195e-05 0.0008671671 0.0002445127 0.0004264756 0.0002018651 0.004074264 0.0004293188 0.001703059 0.06056522 0.001950415 0.05019902 0.0006198112 0.001924827 4.549073e-05 0.01660127 0.0005430456 1.705902e-05 0.01866257 0.0004605937 0.01121347 0.1029199 0.02281644 0.007090868 0.0008387354 4.264756e-05 0.02089446 6.254976e-05 0 0.0002018651 1.705902e-05 5.686341e-06 0 0 1.137268e-05 8.529512e-06 8.529512e-06 2.843171e-06 0.003372 1.990219e-05 0.01943023 8.529512e-06 0 0 5.686341e-06 0.0007250085 0.0004804958 0 0 3.980439e-05 2.843171e-06 9.098146e-05 0.002521892 0.007127829 0.02153417 3.980439e-05 1.137268e-05 0 0.003809849 0 0 0.0001649039 3.980439e-05 0.0003639259 0.03924997 0.0007960878 0.001006482 2.274537e-05 2.843171e-06 0.007392244 0
0.06598431 1.705902e-05 0.01210053 0.00681508 0.005629478 0.05068236 0.1738485 0.1387183 0.000216081 0.08905379 0.01429546 0.02153417 0.009763448 0.1423178 0.001179916 1.705902e-05 0.0404441 0.006829296 0.008191175 0.008953145 0.008358922 2.558854e-05 0.1056778 0.001421585 4.83339e-05 0.01893267 0.003289549 0.02012681 0.06779825 0.02411293 0.0002047083 0.003315137 0.0005515751 0.1494342 7.960878e-05 0.02309792 0.01419026 0.1539549 0.01276868 0.08374559 0.03246617 0.0003724554 0.0003440237 0 1.705902e-05 1.990219e-05 8.813829e-05 0 0 0.0002558854 8.529512e-06 0.0001563744 3.696122e-05 0 0.0001876493 5.686341e-06 1.421585e-05 5.686341e-06 4.83339e-05 0 0 1.137268e-05 5.117707e-05 1.705902e-05 2.274537e-05 8.529512e-06 0.001540999 0 4.264756e-05 0.0001137268 0.001080405 4.549073e-05 8.529512e-06 5.686341e-06 0 2.843171e-06 2.274537e-05 0 7.392244e-05 2.558854e-05 5.402024e-05 3.980439e-05 1.990219e-05 0 0 0
1.705902e-05 3.696122e-05 2.843171e-06 0.004881724 0.01861424 0.02417548 0.0003184351 0.01223985 0.01007051 0.005905266 0 0.02585295 1.421585e-05 0.001179916 0.001813943 0 0 2.843171e-06 0 0.00756852 0 0.0002132378 0 0.02089446 1.421585e-05 1.705902e-05 5.402024e-05 0.004480837 0.0008046173 2.843171e-06 0 0.01269191 0 0.0001108837 5.686341e-06 0.0001961788 1.705902e-05 0.0003070624 3.980439e-05 0.01238201 0.0007562834 2.843171e-06 0 0 0 0 0.0001279427 0 8.529512e-06 5.402024e-05 2.843171e-06 7.107927e-05 2.558854e-05 0 0.0001194132 0 2.843171e-06 0 0 0 0 0 3.411805e-05 0 0 0 0.0003013761 0 0 0 0.0003269646 2.843171e-06 0 0 0 0 8.529512e-06 0 1.990219e-05 0 1.421585e-05 0 2.843171e-05 0 0 0
0 0.0002047083 0.0009183441 0 0 2.843171e-06 0.0001279427 5.686341e-06 0.001410213 8.529512e-06 1.137268e-05 0 8.529512e-06 1.705902e-05 0 0.03399011 0.0007250085 2.843171e-06 3.411805e-05 0 0.003696122 0.01984249 0.04760605 0.01369555 2.843171e-06 0.0006283407 0.04408905 0.01276584 1.137268e-05 5.686341e-05 0 0 2.843171e-06 0.0007619697 8.529512e-05 0.01171955 0.004506426 0.003889458 0.0004634368 0.0001393154 0 0 1.990219e-05 0 0.0002189241 0.0009752076 0 2.843171e-06 0 9.66678e-05 2.843171e-06 0.0001393154 2.843171e-06 0 2.843171e-06 0 1.705902e-05 0 0.06136984 1.137268e-05 0 0 0 0.009163539 0.02935005 0.02569658 0.008580689 0 1.990219e-05 0.03568748 0.01033208 2.843171e-05 0.0001108837 2.843171e-06 0 2.843171e-06 1.705902e-05 2.843171e-06 0.0001734334 3.411805e-05 7.676561e-05 3.696122e-05 0 0 0 2.843171e-06
0.0195866 0.00169453 0.0158194 4.83339e-05 0.0002075515 0.000366769 0.02144319 0.0161549 7.392244e-05 0.00262709 0.0003440237 8.529512e-06 8.245195e-05 0.0404441 0 0.0007250085 0.006459684 6.254976e-05 0.006445468 1.137268e-05 0.009652565 0.001185602 0.02475833 0.001671784 1.137268e-05 0.04321904 0.188724 0.007002729 0.03360628 0.01020698 5.970658e-05 0.0001279427 0.0005800068 0.02793131 5.117707e-05 0.0522262 0.1088508 0.0358865 0.01548675 0.0004378483 9.951097e-05 5.970658e-05 0.0001649039 5.686341e-06 0.003664847 0.01248436 5.686341e-06 0 0 5.686341e-05 2.843171e-06 3.411805e-05 0 1.137268e-05 0 1.421585e-05 3.411805e-05 0 5.970658e-05 0.0005174571 1.990219e-05 0.0005174571 0 3.127488e-05 3.696122e-05 0.0002047083 0.0002302968 1.990219e-05 0.01660412 0.03275333 0.0001791198 1.137268e-05 0 4.549073e-05 0 0 1.137268e-05 2.843171e-06 0.0001250995 0.0008756966 8.245195e-05 2.843171e-06 2.843171e-06 0 0 0
4.549073e-05 1.421585e-05 1.705902e-05 5.402024e-05 2.843171e-06 6.82361e-05 7.107927e-05 0.0008444217 5.686341e-06 0.0002928466 0.0258103 0.0001279427 0.0008671671 0.006829296 2.843171e-06 2.843171e-06 6.254976e-05 0.007534402 0.001745707 7.107927e-05 2.558854e-05 8.529512e-06 6.82361e-05 3.696122e-05 0.0003639259 0.0773314 0.004890254 7.107927e-05 0.001916297 3.127488e-05 0.001529626 0.000133629 5.686341e-06 0.02364949 1.990219e-05 0.05285739 0.1060929 0.063343 0.03568464 0.0006766746 2.843171e-06 0.0001194132 0.0002530422 0 6.82361e-05 1.990219e-05 5.686341e-06 0 0 2.843171e-06 2.843171e-06 1.137268e-05 0 0.0005601046 2.843171e-06 0.002592972 2.843171e-06 0 5.686341e-06 1.705902e-05 0.0005402024 0.0005800068 0 0 1.990219e-05 2.843171e-06 1.421585e-05 0.0002757876 0.004930058 0.009095303 2.843171e-06 5.686341e-06 0 0.001486978 0 0 5.686341e-05 0 4.83339e-05 0.009524622 0.0001421585 3.127488e-05 2.843171e-06 0 1.137268e-05 0
0.001560901 0.0004122598 0.0005259866 6.539293e-05 1.421585e-05 0.00011657 0.0009069715 0.001995906 1.137268e-05 0.0004179461 0.004665643 0.0001194132 0.0002445127 0.008191175 0 3.411805e-05 0.006445468 0.001745707 0.008611964 7.960878e-05 0.0006084385 6.254976e-05 0.00121972 0.0001307859 1.137268e-05 0.09971853 0.03790231 0.0003781417 0.005413397 0.0005913795 0.0001990219 7.960878e-05 6.539293e-05 0.03636984 3.127488e-05 0.07217957 0.124147 0.06634823 0.02433754 0.0008273627 5.686341e-06 0.0003952007 0.0003724554 8.529512e-06 0.001805413 0.001904924 2.843171e-06 0 0 1.137268e-05 5.686341e-06 1.137268e-05 0 2.843171e-05 0 5.402024e-05 1.421585e-05 0 8.529512e-06 0.0001990219 7.392244e-05 0.0007960878 0 0 2.843171e-06 2.558854e-05 2.274537e-05 4.549073e-05 0.01179632 0.01000512 8.529512e-06 0 2.843171e-06 6.539293e-05 0 0 2.274537e-05 2.843171e-06 7.676561e-05 0.0006283407 7.676561e-05 2.843171e-06 0 0 5.686341e-06 0
0.0008216763 0 2.274537e-05 0.05829637 0.001728648 0.01865689 0.0004264756 0.005873991 0.009462072 0.05963551 9.951097e-05 0.1156829 0.0004264756 0.008953145 0.00756852 0 1.137268e-05 7.107927e-05 7.960878e-05 0.01046003 1.137268e-05 0 2.274537e-05 0.01220858 0 6.82361e-05 8.529512e-06 0.05122825 0.02069544 3.411805e-05 0 0.0004605937 3.127488e-05 0.002666894 0.0005601046 0.003465825 0.00023314 0.01078415 0.001097464 0.03990674 0.0007051063 1.137268e-05 9.098146e-05 2.843171e-06 0 1.705902e-05 0.002115319 0 0.0001108837 0.001134425 0.0001819629 0.002939839 0.0009581485 0 0.001245309 0 0.000150688 2.843171e-05 0 0 0 0 0.001051973 0 0 1.137268e-05 0.005609576 0 1.137268e-05 2.843171e-05 0.008947458 0.000250199 0 0 0 2.843171e-06 0.0001023541 0 0.0001904924 2.843171e-06 0.0001933356 1.990219e-05 0.0005146139 0 0 0
0.01139827 5.686341e-06 0.04018253 2.843171e-06 1.990219e-05 5.402024e-05 0.02587001 0.001967474 0.0009467758 0.0002103946 0.0006425566 2.843171e-06 0.0002018651 0.008358922 0 0.003696122 0.009652565 2.558854e-05 0.0006084385 1.137268e-05 0.08605993 0.00256454 0.3351302 0.0004207893 0 0.007454794 0.03242921 0.04106676 0.01130445 0.2312663 0 1.421585e-05 8.813829e-05 0.0654043 0.001293643 0.2252872 0.03809564 0.1838167 0.01304731 0.004588878 2.843171e-05 1.705902e-05 0.0004748095 8.529512e-06 1.137268e-05 0.0001279427 2.843171e-06 0 0 0.0005458888 2.274537e-05 0.0005117707 1.421585e-05 0 1.421585e-05 0 5.117707e-05 8.529512e-06 0.03026271 8.529512e-06 2.843171e-06 0 0 0.01406517 0.009752076 0.003977596 0.02304958 0 8.529512e-06 0.002806209 0.03362334 0.0002644149 0.000332651 0 2.843171e-06 1.137268e-05 9.951097e-05 1.990219e-05 0.0008131468 2.558854e-05 0.0005487319 5.117707e-05 4.264756e-05 5.686341e-06 0 5.686341e-06
5.686341e-06 0.08269078 0.0002530422 0 6.254976e-05 5.686341e-06 0.0003383373 1.137268e-05 0.06985955 6.539293e-05 0.00361367 1.137268e-05 0.004074264 2.558854e-05 0.0002132378 0.01984249 0.001185602 8.529512e-06 6.254976e-05 0 0.00256454 0.01226544 0.009427954 0.1662174 0.02365802 0.002135221 0.05877402 0.01572842 2.274537e-05 3.696122e-05 6.254976e-05 0 2.843171e-06 5.686341e-05 2.843171e-06 0.0005345161 0.0004065734 0.0004748095 0.0002217673 0.0004748095 5.686341e-06 0.0009894234 0 0 0.0005686341 0.001603548 0 2.843171e-06 2.843171e-06 7.960878e-05 8.529512e-06 0.0001649039 8.529512e-06 5.686341e-06 0 2.274537e-05 5.686341e-06 0 0.02009837 1.421585e-05 8.529512e-06 3.127488e-05 0 0.001279427 0.006158308 0.007446264 0.004091323 2.843171e-06 0.0002047083 0.01617195 0.0023314 1.990219e-05 2.274537e-05 2.843171e-06 0 0 5.686341e-06 0 5.970658e-05 8.529512e-05 3.696122e-05 2.843171e-06 5.686341e-06 2.843171e-06 2.843171e-06 0
0.07182702 0.0003013761 0.1162174 7.392244e-05 0.0004577505 0.0007619697 0.1352667 0.03581826 0.000716479 0.004580348 0.0007818719 2.843171e-06 0.0004293188 0.1056778 0 0.04760605 0.02475833 6.82361e-05 0.00121972 2.274537e-05 0.3351302 0.009427954 0.1843427 0.007596952 0 0.01180484 0.2944189 0.135804 0.07543501 0.1566615 1.990219e-05 0.000250199 0.0006482429 0.0795178 0.00286023 0.4197231 0.1482657 0.2374076 0.01826453 0.006917434 0.0003042193 3.127488e-05 0.00105766 0 9.382463e-05 0.002345616 2.843171e-06 0 2.843171e-06 0.00046628 8.529512e-06 0.0003582395 1.705902e-05 2.843171e-06 0 0 4.83339e-05 0 0.09180598 3.980439e-05 0 8.529512e-06 0 0.006331741 0.02717503 0.04043557 0.008603435 5.686341e-06 9.951097e-05 0.06959229 0.007832935 0.0001705902 8.813829e-05 0 0 8.529512e-06 5.686341e-05 0.000133629 0.0004293188 5.970658e-05 0.0003610827 5.970658e-05 3.696122e-05 5.686341e-06 0 0
0.000915501 0.1396651 0.003400432 0.01869385 0.007997839 0.001634823 0.007710679 0.0007221654 0.1398755 0.01014728 0.001976004 0.01384624 0.001703059 0.001421585 0.02089446 0.01369555 0.001671784 3.696122e-05 0.0001307859 0.01220858 0.0004207893 0.1662174 0.007596952 0.04663084 0.02104515 0.00303082 0.1015268 0.09070567 0.006661549 0.01824178 5.970658e-05 9.382463e-05 0.0002416695 0.002220516 8.245195e-05 0.02211134 0.002979643 0.01091778 0.002351302 0.04447856 0.0003212783 0.0003241215 9.098146e-05 0.0002189241 0.0006596156 0.002351302 0.005717616 1.705902e-05 0.0006482429 0.02513079 0.002356989 0.05346014 0.004148186 4.549073e-05 0.002049926 5.686341e-06 0.002155123 0.000267258 0.02542932 4.549073e-05 1.705902e-05 5.686341e-05 0.003181508 0.007181849 0.01742295 0.003841124 0.2206898 1.705902e-05 0.0006425566 0.008293529 0.160551 0.00488741 0.000565791 8.529512e-06 8.529512e-06 0.0003013761 0.001538155 1.705902e-05 0.007321165 0.0001478449 0.007414989 0.0005032412 0.002052769 0.0001279427 2.843171e-06 2.843171e-05
0 0.02732571 2.843171e-06 0 5.686341e-06 0 1.137268e-05 2.843171e-06 0.01038895 2.843171e-06 0.01968043 2.843171e-06 0.06056522 4.83339e-05 1.421585e-05 2.843171e-06 1.137268e-05 0.0003639259 1.137268e-05 0 0 0.02365802 0 0.02104515 0.003172979 0.002607188 0.02194928 0.0002985329 2.558854e-05 0 0.003858183 0 0 0.001069032 2.843171e-06 0.0002018651 0.003081997 0.0005771637 1.421585e-05 2.843171e-05 2.843171e-06 0.008182645 0 0 8.529512e-05 2.558854e-05 0 0 0 0 0 2.843171e-06 0 0.0008614807 0 0.005228591 0 0 2.843171e-06 5.686341e-06 0.0001307859 7.107927e-05 0 2.843171e-06 1.421585e-05 0 2.274537e-05 0.0006055954 0.00128227 0.005663596 5.686341e-06 2.843171e-06 0 0.0006482429 0 0 1.137268e-05 5.686341e-06 3.980439e-05 0.002635619 6.539293e-05 1.705902e-05 0 0 0.0003923576 0
0.004423974 0.00629478 0.0369072 5.402024e-05 4.264756e-05 0.0002701012 0.0190862 0.006334584 0.0006084385 0.001907768 0.1183356 0.0001250995 0.001950415 0.01893267 1.705902e-05 0.0006283407 0.04321904 0.0773314 0.09971853 6.82361e-05 0.007454794 0.002135221 0.01180484 0.00303082 0.002607188 0.1877971 0.6428437 0.008304902 0.008583532 0.003283862 0.002374048 0.0001620607 0.0001222563 0.05084158 9.382463e-05 0.144979 0.3413624 0.1285056 0.06311555 0.001504037 4.549073e-05 0.001509724 0.0006397134 1.421585e-05 0.02366371 0.01765325 8.529512e-06 0 0 0.00011657 3.411805e-05 0.0001450017 2.558854e-05 0.001924827 1.705902e-05 0.009027067 9.098146e-05 0 0.0001535312 0.002305811 0.004094166 0.01648755 0 2.558854e-05 0.000366769 0.0003440237 0.0004350051 0.002504833 0.145468 0.1971682 0.0002445127 6.254976e-05 3.127488e-05 0.006456841 0 5.686341e-06 0.0006226544 5.686341e-06 0.001080405 0.0285369 0.001816786 0.0002246105 1.705902e-05 0 9.66678e-05 0
0.0009012851 0.06351075 0.2416155 1.421585e-05 1.705902e-05 9.382463e-05 0.006107131 0.0008643239 0.01387183 0.0003923576 0.03425168 4.549073e-05 0.05019902 0.003289549 5.402024e-05 0.04408905 0.188724 0.004890254 0.03790231 8.529512e-06 0.03242921 0.05877402 0.2944189 0.1015268 0.02194928 0.6428437 0.3911066 0.09112362 0.001725805 0.001196975 0.007250085 3.411805e-05 1.705902e-05 0.0435659 0.000383828 0.1693677 0.1556721 0.1558058 0.04514955 0.0007363812 5.686341e-06 0.002012965 0.0005203002 1.137268e-05 0.06407085 0.1072273 2.843171e-06 0 2.843171e-06 0.0002246105 9.098146e-05 0.0001649039 1.990219e-05 0.003207097 8.529512e-06 0.01691402 0.000133629 5.686341e-06 0.02686796 0.00255601 0.005777323 0.01996759 2.843171e-06 0.000267258 0.02585864 0.02113044 0.002868759 0.007088025 0.1828472 0.7934294 0.001148641 9.66678e-05 3.127488e-05 0.01054248 0 8.529512e-06 0.0008756966 2.843171e-05 0.002015808 0.03776299 0.002939839 0.0005117707 3.411805e-05 0 0.0007022632 1.137268e-05
0.009882861 0.003781417 0.0517059 0.05974923 0.001575117 0.04626407 0.1494086 0.01370124 0.03804162 0.1826282 0.0002729444 0.04812066 0.0006198112 0.02012681 0.004480837 0.01276584 0.007002729 7.107927e-05 0.0003781417 0.05122825 0.04106676 0.01572842 0.135804 0.09070567 0.0002985329 0.008304902 0.09112362 0.1488769 0.05811725 0.1552656 1.137268e-05 0.0005458888 0.001589332 0.04424542 0.0008700102 0.216098 0.02155976 0.1367167 0.02014102 0.03638406 0.001498351 4.549073e-05 0.0007704993 0.0002388263 0.0001364722 0.00117423 0.004591721 2.558854e-05 0.0004691232 0.02656659 0.001910611 0.03031673 0.003246901 3.696122e-05 0.001825316 5.686341e-06 0.002149437 0.0002871602 0.0479586 3.696122e-05 2.274537e-05 5.970658e-05 0.002891505 0.01521949 0.02110201 0.005609576 0.2216422 2.843171e-06 0.0001364722 0.007497441 0.1763363 0.006209485 0.001552371 0 1.137268e-05 0.000332651 0.001828159 3.980439e-05 0.009541681 0.0001023541 0.009160696 0.0007733424 0.00216081 0.0002018651 5.686341e-06 4.264756e-05
0.0576396 1.421585e-05 0.003013761 0.01721824 0.0001364722 0.03447344 0.1384738 0.03225861 0.0004520641 0.1303537 0.004216422 0.03478051 0.001924827 0.06779825 0.0008046173 1.137268e-05 0.03360628 0.001916297 0.005413397 0.02069544 0.01130445 2.274537e-05 0.07543501 0.006661549 2.558854e-05 0.008583532 0.001725805 0.05811725 0.1608694 0.08604003 6.254976e-05 0.0006397134 0.03654612 0.1067298 0.0001478449 0.02471 0.005126237 0.1007222 0.009968156 0.02956613 0.005601046 0.0001933356 0.0004094166 8.529512e-06 5.686341e-06 4.264756e-05 0.0004094166 0 0 0.0006908905 2.274537e-05 0.0003866712 4.83339e-05 0 0.0004065734 0 3.127488e-05 0 0.0002701012 2.843171e-06 0 0 0.0001279427 4.83339e-05 6.539293e-05 8.529512e-06 0.004466621 0 2.843171e-05 9.382463e-05 0.003372 0.0001478449 2.274537e-05 0 0 2.843171e-06 5.117707e-05 2.843171e-06 0.0003582395 1.421585e-05 0.0002558854 1.705902e-05 6.254976e-05 1.421585e-05 0 0
0.07972251 8.529512e-06 0.007412146 9.382463e-05 7.960878e-05 0.0003070624 0.1102383 0.005089276 0.0007818719 0.00122825 0.000216081 2.558854e-05 4.549073e-05 0.02411293 2.843171e-06 5.686341e-05 0.01020698 3.127488e-05 0.0005913795 3.411805e-05 0.2312663 3.696122e-05 0.1566615 0.01824178 0 0.003283862 0.001196975 0.1552656 0.08604003 0.0982088 2.843171e-06 5.970658e-05 0.004568975 0.09165814 0.00034971 0.1032014 0.01066189 0.1031417 0.008080291 0.003172979 0.0001649039 1.421585e-05 0.0001876493 8.813829e-05 2.843171e-06 0.0003042193 2.843171e-05 2.843171e-06 3.411805e-05 0.00594507 0.0003866712 0.002746503 0.0001307859 1.705902e-05 2.274537e-05 0 0.0006567724 1.137268e-05 0.007793131 1.705902e-05 8.529512e-06 1.705902e-05 1.421585e-05 0.002683953 0.001651882 0.000250199 0.05887638 0 5.970658e-05 0.0003155919 0.05487319 0.002880132 0.000798931 2.843171e-06 5.686341e-06 0.0001904924 0.0009808939 1.990219e-05 0.006826453 4.83339e-05 0.005558399 0.0003923576 0.0005316729 9.66678e-05 5.686341e-06 2.843171e-06
0 0.0001876493 5.686341e-06 0 0 0 2.843171e-06 1.990219e-05 1.990219e-05 0 0.06191289 2.843171e-06 0.01660127 0.0002047083 0 0 5.970658e-05 0.001529626 0.0001990219 0 0 6.254976e-05 1.990219e-05 5.970658e-05 0.003858183 0.002374048 0.007250085 1.137268e-05 6.254976e-05 2.843171e-06 0.0002132378 5.686341e-06 0 0.003653474 2.843171e-06 0.004119754 0.04797566 0.01264358 0.009237462 5.686341e-05 0 0.001199818 1.990219e-05 0 0.0001108837 1.705902e-05 0 0 0 0 2.843171e-06 2.843171e-06 0 0.000915501 0 0.006186739 2.843171e-06 0 0 1.137268e-05 0.0003895144 0.0002274537 0 0 8.529512e-06 0 5.686341e-06 0.0006766746 0.003170135 0.00833902 0 0 0 0.00185659 0 0 5.686341e-05 0 3.980439e-05 0.01200102 0.000133629 2.274537e-05 2.843171e-06 0 0.0003155919 0
7.107927e-05 0 1.990219e-05 0.0002786307 0.002436597 0.01166269 0.0006852041 0.00512055 9.951097e-05 0.002453656 0.0003525532 0.001512567 0.0005430456 0.003315137 0.01269191 0 0.0001279427 0.000133629 7.960878e-05 0.0004605937 1.421585e-05 0 0.000250199 9.382463e-05 0 0.0001620607 3.411805e-05 0.0005458888 0.0006397134 5.970658e-05 5.686341e-06 5.686341e-06 0 0.01536449 2.843171e-06 0.002467872 0.0002388263 0.006496645 0.0002928466 0.01672637 0.01885306 2.843171e-06 3.411805e-05 0 0 0 2.843171e-06 0 0 0 0 0 0 0 1.705902e-05 0 0 0 2.843171e-06 0 0 0 0 0 0 0 3.696122e-05 0 2.843171e-06 0 2.274537e-05 0 0 0 0 0 0 0 0 0 2.843171e-06 2.843171e-06 0 0 0 0
0.0001990219 0 9.66678e-05 6.254976e-05 0 5.117707e-05 0.008705789 0.0002018651 8.529512e-06 0.0005316729 1.990219e-05 3.411805e-05 1.705902e-05 0.0005515751 0 2.843171e-06 0.0005800068 5.686341e-06 6.539293e-05 3.127488e-05 8.813829e-05 2.843171e-06 0.0006482429 0.0002416695 0 0.0001222563 1.705902e-05 0.001589332 0.03654612 0.004568975 0 0 0.001438644 0.006328898 8.529512e-06 0.001498351 0.000150688 0.01243887 0.0006283407 7.107927e-05 1.421585e-05 1.137268e-05 5.686341e-06 0 0 0 2.843171e-06 0 0 2.274537e-05 0 1.705902e-05 0 0 0 0 0 0 1.705902e-05 0 0 0 0 8.529512e-06 2.843171e-06 2.843171e-06 7.676561e-05 0 0 2.843171e-06 0.0001307859 5.686341e-06 0 0 0 0 0 0 1.421585e-05 0 2.843171e-06 0 0 0 0 0
0.01245024 0.0001080405 0.005265552 0.002351302 0.0002814739 0.00302229 0.04218981 0.01860002 8.813829e-05 0.013198 0.03963949 0.004057205 0.01866257 0.1494342 0.0001108837 0.0007619697 0.02793131 0.02364949 0.03636984 0.002666894 0.0654043 5.686341e-05 0.0795178 0.002220516 0.001069032 0.05084158 0.0435659 0.04424542 0.1067298 0.09165814 0.003653474 0.01536449 0.006328898 0.03064654 9.098146e-05 0.0362618 0.0675907 0.05408848 0.005848402 0.00162345 0.0001194132 0.001296486 0.00034971 0 0.0001563744 0.000250199 6.82361e-05 0 0 0.0001904924 2.843171e-06 0.00011657 1.421585e-05 5.686341e-06 5.402024e-05 1.990219e-05 1.137268e-05 0 7.107927e-05 1.990219e-05 1.137268e-05 8.529512e-05 1.421585e-05 8.529512e-06 3.411805e-05 2.843171e-05 0.0009553054 2.843171e-06 0.0009211873 0.001327761 0.0006766746 4.549073e-05 1.705902e-05 1.705902e-05 0 0 5.686341e-06 0 6.254976e-05 0.0001649039 5.686341e-05 5.117707e-05 2.274537e-05 0 1.990219e-05 0
8.529512e-06 2.843171e-06 8.813829e-05 0.0003212783 2.843171e-06 8.245195e-05 0.0004804958 6.539293e-05 2.843171e-06 0.0001364722 1.421585e-05 0.0006738315 0.0004605937 7.960878e-05 5.686341e-06 8.529512e-05 5.117707e-05 1.990219e-05 3.127488e-05 0.0005601046 0.001293643 2.843171e-06 0.00286023 8.245195e-05 2.843171e-06 9.382463e-05 0.000383828 0.0008700102 0.0001478449 0.00034971 2.843171e-06 2.843171e-06 8.529512e-06 9.098146e-05 0.6530081 0.1253469 0.001387467 0.0011657 0.001006482 0.0001791198 0.0001194132 0.001205504 0.0009638349 0 0 4.549073e-05 5.686341e-06 0 0 2.843171e-06 0 0 0 1.137268e-05 5.686341e-06 0 0 0 1.705902e-05 2.843171e-06 2.843171e-06 8.529512e-06 0 1.137268e-05 0 7.392244e-05 1.705902e-05 2.843171e-06 3.696122e-05 7.676561e-05 1.421585e-05 0 2.843171e-06 5.686341e-06 0 0 0 0.2129848 0.0003724554 3.696122e-05 0.0003553963 0.0008728534 3.411805e-05 0 2.843171e-06 8.529512e-06
0.00291425 0.0005800068 0.02741101 0.006903218 0.0002786307 0.003855339 0.1554305 0.01131298 0.0005117707 0.02692198 0.02039691 0.002732287 0.01121347 0.02309792 0.0001961788 0.01171955 0.0522262 0.05285739 0.07217957 0.003465825 0.2252872 0.0005345161 0.4197231 0.02211134 0.0002018651 0.144979 0.1693677 0.216098 0.02471 0.1032014 0.004119754 0.002467872 0.001498351 0.0362618 0.1253469 0.088053 0.3857671 0.1618475 0.03507335 0.1067383 0.01911748 0.01453429 0.002283066 2.274537e-05 0.0002729444 0.001583646 0.0002302968 0 8.529512e-06 0.002032867 8.529512e-05 0.000682361 8.529512e-05 1.137268e-05 4.549073e-05 2.558854e-05 0.0001620607 5.117707e-05 0.0005544183 5.686341e-06 5.686341e-06 5.117707e-05 9.66678e-05 9.951097e-05 0.0001848061 0.0002075515 0.01042306 1.137268e-05 0.0007818719 0.004435346 0.005461731 0.0003269646 9.098146e-05 1.705902e-05 0 1.421585e-05 0.0001108837 0.005268395 0.00105766 0.0002246105 0.0005970658 4.264756e-05 0.0001307859 5.686341e-06 4.83339e-05 8.529512e-06
0.0003781417 0.0007562834 0.07082054 0.0001734334 1.421585e-05 0.0002871602 0.005339475 0.002575913 9.382463e-05 0.001162857 0.04895656 0.00034971 0.1029199 0.01419026 1.705902e-05 0.004506426 0.1088508 0.1060929 0.124147 0.00023314 0.03809564 0.0004065734 0.1482657 0.002979643 0.003081997 0.3413624 0.1556721 0.02155976 0.005126237 0.01066189 0.04797566 0.0002388263 0.000150688 0.0675907 0.001387467 0.3857671 0.09452121 0.0845957 0.0280166 0.008449903 0.0002985329 0.0005629478 0.001182759 0 0.0006198112 0.0009211873 1.137268e-05 0 5.686341e-06 3.411805e-05 0 1.990219e-05 2.843171e-06 0.00261856 5.686341e-06 0.009203344 0 0 7.392244e-05 3.980439e-05 0.0002615717 0.0004094166 0 8.529512e-06 2.274537e-05 2.843171e-05 0.00023314 0.0007363812 0.004048675 0.008865006 0.0001108837 2.843171e-06 0 0.001086091 0 0 8.245195e-05 0.0001194132 0.002664051 0.03478335 0.0006368702 1.990219e-05 0 0 0.003741613 0
0.007272831 0.0005856932 0.01987092 0.01081542 0.0005572615 0.009331286 0.1569345 0.0569942 0.0004549073 0.05730126 0.08533208 0.01464517 0.02281644 0.1539549 0.0003070624 0.003889458 0.0358865 0.063343 0.06634823 0.01078415 0.1838167 0.0004748095 0.2374076 0.01091778 0.0005771637 0.1285056 0.1558058 0.1367167 0.1007222 0.1031417 0.01264358 0.006496645 0.01243887 0.05408848 0.0011657 0.1618475 0.0845957 0.03066928 0.004876038 0.006979984 0.0002644149 0.001913454 0.002473559 8.529512e-06 0.0002416695 0.001162857 0.0002274537 0 2.843171e-06 0.001154327 2.843171e-05 0.00046628 5.117707e-05 5.686341e-06 0.0001592176 1.705902e-05 4.83339e-05 8.529512e-06 0.0003155919 1.705902e-05 2.274537e-05 5.117707e-05 9.098146e-05 4.264756e-05 9.66678e-05 0.0001023541 0.006220858 1.990219e-05 0.0008785397 0.003596611 0.003408962 0.0002246105 2.274537e-05 1.705902e-05 0 5.686341e-06 0.0001023541 5.686341e-05 0.0003070624 0.0001876493 0.0003127488 0.0003752985 8.245195e-05 5.686341e-06 2.558854e-05 2.843171e-06
0.0007221654 0.0002103946 0.003770044 0.001393154 1.990219e-05 0.0009183441 0.02869044 0.004694075 0.0001137268 0.00705675 0.06745138 0.001259525 0.007090868 0.01276868 3.980439e-05 0.0004634368 0.01548675 0.03568464 0.02433754 0.001097464 0.01304731 0.0002217673 0.01826453 0.002351302 1.421585e-05 0.06311555 0.04514955 0.02014102 0.009968156 0.008080291 0.009237462 0.0002928466 0.0006283407 0.005848402 0.001006482 0.03507335 0.0280166 0.004876038 0.0002047083 0.0009609917 7.107927e-05 7.107927e-05 0.000133629 0 0.0001307859 0.00117423 1.705902e-05 0 0 0.0002786307 5.686341e-06 9.098146e-05 1.990219e-05 0 1.421585e-05 5.686341e-06 1.421585e-05 2.843171e-06 4.264756e-05 1.421585e-05 0 2.274537e-05 8.529512e-06 5.686341e-06 1.990219e-05 1.705902e-05 0.001214034 5.686341e-06 0.0005146139 0.002902877 0.0006709883 2.843171e-05 5.686341e-06 2.843171e-06 0 2.843171e-06 2.843171e-05 2.843171e-06 7.676561e-05 7.392244e-05 0.0001734334 0.0005146139 8.529512e-06 1.137268e-05 1.137268e-05 0
0.001376095 0.0001705902 0.00034971 0.02803651 0.03697259 0.06614352 0.0168003 0.06593029 0.005910952 0.05371602 0.0004634368 0.07701581 0.0008387354 0.08374559 0.01238201 0.0001393154 0.0004378483 0.0006766746 0.0008273627 0.03990674 0.004588878 0.0004748095 0.006917434 0.04447856 2.843171e-05 0.001504037 0.0007363812 0.03638406 0.02956613 0.003172979 5.686341e-05 0.01672637 7.107927e-05 0.00162345 0.0001791198 0.1067383 0.008449903 0.006979984 0.0009609917 0.01815649 0.001703059 0.0002217673 0.0003269646 8.529512e-06 0 1.137268e-05 0.001373251 0 0.00011657 0.001987376 0.000150688 0.0009865802 0.0006681451 5.686341e-06 0.001262368 0 0.0001535312 5.970658e-05 4.549073e-05 0 2.843171e-06 8.529512e-06 0.0007904015 8.529512e-06 3.411805e-05 1.990219e-05 0.008017741 0 8.529512e-06 6.254976e-05 0.007807347 0.0003070624 3.696122e-05 0 5.686341e-06 1.137268e-05 9.382463e-05 8.529512e-06 0.0005629478 2.843171e-06 0.0004207893 3.127488e-05 0.001012169 2.843171e-06 0 2.843171e-06
0.0004748095 0 1.990219e-05 0.0005259866 0.0006283407 0.003309451 0.00239395 0.01648186 0.0001450017 0.002519049 8.529512e-06 0.001333447 4.264756e-05 0.03246617 0.0007562834 0 9.951097e-05 2.843171e-06 5.686341e-06 0.0007051063 2.843171e-05 5.686341e-06 0.0003042193 0.0003212783 2.843171e-06 4.549073e-05 5.686341e-06 0.001498351 0.005601046 0.0001649039 0 0.01885306 1.421585e-05 0.0001194132 0.0001194132 0.01911748 0.0002985329 0.0002644149 7.107927e-05 0.001703059 2.843171e-06 0.0001791198 0.0001222563 0 0 5.686341e-06 0 0 0 6.254976e-05 0 1.705902e-05 2.843171e-06 0 2.558854e-05 0 0 0 2.843171e-06 0 0 0 0 2.843171e-06 0 0 0.0001933356 0 0 0 8.813829e-05 5.686341e-06 2.843171e-06 0 0 0 1.137268e-05 0 1.705902e-05 8.529512e-06 2.843171e-05 0.000133629 0 0 5.686341e-06 0
8.529512e-06 0.004236324 2.843171e-06 1.137268e-05 0 3.127488e-05 9.66678e-05 0.0001250995 0.0001961788 0.0001108837 0.002971113 2.843171e-05 0.02089446 0.0003724554 2.843171e-06 0 5.970658e-05 0.0001194132 0.0003952007 1.137268e-05 1.705902e-05 0.0009894234 3.127488e-05 0.0003241215 0.008182645 0.001509724 0.002012965 4.549073e-05 0.0001933356 1.421585e-05 0.001199818 2.843171e-06 1.137268e-05 0.001296486 0.001205504 0.01453429 0.0005629478 0.001913454 7.107927e-05 0.0002217673 0.0001791198 2.843171e-05 0.00011657 0 8.529512e-06 2.843171e-06 0 0 0 0 0 0 0 0.0002274537 0 0.000267258 0 0 0 2.843171e-06 5.686341e-06 2.843171e-06 0 0 0 0 0 3.127488e-05 6.539293e-05 0.0002217673 0 0 0 2.843171e-05 0 0 2.274537e-05 9.382463e-05 0.0003241215 0.001145798 0.0002075515 1.705902e-05 0 0 0.0004748095 0
3.127488e-05 2.843171e-06 7.676561e-05 0.0001393154 5.686341e-06 6.539293e-05 0.0007306949 0.0003440237 8.529512e-06 0.0005714773 0.0001137268 8.245195e-05 6.254976e-05 0.0003440237 0 1.990219e-05 0.0001649039 0.0002530422 0.0003724554 9.098146e-05 0.0004748095 0 0.00105766 9.098146e-05 0 0.0006397134 0.0005203002 0.0007704993 0.0004094166 0.0001876493 1.990219e-05 3.411805e-05 5.686341e-06 0.00034971 0.0009638349 0.002283066 0.001182759 0.002473559 0.000133629 0.0003269646 0.0001222563 0.00011657 5.686341e-06 0 0 5.686341e-06 0 0 0 1.705902e-05 0 1.137268e-05 0 0 0 2.843171e-06 5.686341e-06 0 0 0 0 0 0 0 0 0 5.402024e-05 0 5.686341e-06 1.421585e-05 2.558854e-05 0 0 0 0 0 2.843171e-06 2.843171e-05 2.843171e-05 0 5.686341e-06 1.705902e-05 0 0 0 0
0 0 2.843171e-06 1.705902e-05 0 0 7.960878e-05 0 8.529512e-06 1.421585e-05 0 2.843171e-06 0 0 0 0 5.686341e-06 0 8.529512e-06 2.843171e-06 8.529512e-06 0 0 0.0002189241 0 1.421585e-05 1.137268e-05 0.0002388263 8.529512e-06 8.813829e-05 0 0 0 0 0 2.274537e-05 0 8.529512e-06 0 8.529512e-06 0 0 0 0.01749403 0 0.002985329 0.000216081 0 7.676561e-05 0.04755772 0.001509724 3.127488e-05 0.0008614807 0.000216081 9.382463e-05 0 0.03017741 0 1.990219e-05 0.005996247 0.002490618 0.006163994 0.0001478449 0.002783464 2.843171e-06 0.0007847151 0.0005942227 0 0.00908393 0.0003468668 0.005902422 0.06069032 0.04729614 0 2.843171e-06 0.0003127488 0.006186739 0 0.0006681451 8.529512e-05 0.002664051 0.0002530422 5.402024e-05 1.137268e-05 0 5.686341e-06
