0.01162616 0 0.02764489 0.0006115353 3.494487e-06 0.002253944 0.06295669 0.01316723 0.002718711 0.002652316 0.0001747244 3.145039e-05 3.494487e-06 0.09907571 1.397795e-05 1.397795e-05 0.02360526 0.0001467685 0.00173676 7.338424e-05 0.007845124 3.843936e-05 0.02467807 0.01365646 0 0.005657575 0.0004717558 0.02084811 0.0368948 0.0334737 3.494487e-06 3.843936e-05 0.003553894 0.01056733 1.397795e-05 0.003637761 0.001897507 0.001285971 0.0001782189 0.0003040204 2.096692e-05 0 3.494487e-06 0.0002341307 3.494487e-06 3.843936e-05 1.048346e-05 3.494487e-06 6.988975e-06 0.0005346566 6.639526e-05 0.00054514 4.193385e-05 2.79559e-05 3.494487e-06 0 0.000415844 3.494487e-06 8.736219e-05 3.494487e-06 0 0 1.048346e-05 0.0001817133 7.687872e-05 3.145039e-05 0.00235179 0 3.494487e-06 0.0001013401 0.001645904 0.0007513148 0.0004472944 0 0 6.988975e-05 0.0002830535 0 0.0008491604 6.290077e-05 0.00054514 4.892282e-05 0.000143274 5.59118e-05 0 1.048346e-05
0 0.0007862597 0.002072231 3.494487e-06 1.048346e-05 3.494487e-06 1.747244e-05 6.988975e-06 0.01577761 0 0.002205022 3.145039e-05 0.00801286 1.397795e-05 9.435116e-05 0.01327556 0.0013314 0.0003110094 0.0007373369 2.096692e-05 0.0001887023 0.03781035 0.000960984 0.0195866 0.02449985 0.012996 0.07231143 0.001254521 1.747244e-05 3.145039e-05 0.0005730959 0 0 0.0004997117 3.494487e-06 0.00119162 0.006352978 0.003861409 0.0003913826 2.79559e-05 0 0.01516608 0 0 0.001782189 0.002467108 0 0 3.494487e-06 3.843936e-05 3.494487e-06 3.494487e-05 2.79559e-05 5.940629e-05 0 0.0003634267 1.048346e-05 0 0.0007373369 0.002215505 0.0003948771 0.001694826 0 2.79559e-05 0.0002376251 0.0009644785 0.0008806108 0.0002935369 0.004549823 0.03697867 0.0003878881 6.988975e-06 2.096692e-05 0.0001048346 0 3.494487e-06 0.0004612723 6.988975e-06 0.0004263275 0.0006290077 0.001006412 0.0002026803 1.397795e-05 0 4.892282e-05 0
0.02764489 0.002072231 0.06705572 0.0001258015 1.048346e-05 0.01817832 0.02761693 0.1286006 0.0001188126 0.003029721 0.001327905 9.784565e-05 0.0002061748 0.1487498 0.0001013401 0.003333741 0.03432984 0.0005696015 0.0036133 0.0001013401 0.003484004 0.0005276676 0.1638076 0.002851502 3.494487e-06 0.2282984 0.285601 0.01054636 0.0179372 0.007051876 0.0001258015 0.0004193385 0.001163664 0.008107211 4.542834e-05 0.01641361 0.03465833 0.02843814 0.002872469 0.002054759 0.0005416456 5.940629e-05 6.290077e-05 3.494487e-05 0.008865515 0.03303339 1.397795e-05 0 4.542834e-05 0.0004053605 8.736219e-05 8.037321e-05 5.241731e-05 4.892282e-05 0 7.687872e-05 4.542834e-05 0 0.003382664 0.02501005 0.0001013401 0.00129296 3.494487e-06 0.0001852078 0.000838677 0.01405133 0.003850925 5.59118e-05 0.01841595 0.1336502 0.001450212 0.0001188126 0.0001153181 2.446141e-05 3.494487e-06 1.747244e-05 0.005786871 0.0001013401 0.004801426 0.009358237 0.01099016 0.002030297 0.0004822393 0 1.048346e-05 0
0.0006115353 3.494487e-06 0.0001258015 0.03208289 0.000136285 0.005346566 0.001652893 0.003721629 0.02190345 0.04296472 0.0004472944 0.05671204 3.494487e-05 0.007656422 0.001820628 3.494487e-06 1.397795e-05 0.0001712299 4.892282e-05 0.0603463 1.048346e-05 6.988975e-06 0.0002481086 0.06350532 0 8.38677e-05 9.435116e-05 0.03831705 0.006838712 0.0001467685 6.988975e-06 9.784565e-05 0.0003634267 0.003525938 9.784565e-05 0.005867244 4.892282e-05 0.008743208 0.0009190502 0.005402478 0.0004962172 0 8.736219e-05 7.687872e-05 0 6.988975e-06 0.001848584 2.79559e-05 0.000279559 0.003913826 6.988975e-05 0.003808991 0.002942358 6.988975e-05 0.0008596439 0 0.0001817133 0.0003075149 0 0 1.048346e-05 0 0.001352367 0 0 1.048346e-05 0.007890553 0 2.79559e-05 2.446141e-05 0.006125836 0.000265581 6.988975e-05 3.494487e-06 0 6.988975e-06 0.000150263 3.494487e-06 0.0008281935 6.988975e-06 0.0003354708 3.494487e-05 0.00150263 4.892282e-05 0 1.747244e-05
3.494487e-06 1.048346e-05 1.048346e-05 0.000136285 3.843936e-05 0.006003529 0.0001258015 0.0007862597 0.00504604 0.0001921968 2.096692e-05 0.003141544 6.988975e-06 0.0002900425 0.0164171 0 3.494487e-06 1.397795e-05 0 0.0003529432 0 2.79559e-05 1.747244e-05 0.0009924344 3.494487e-06 1.048346e-05 6.290077e-05 0.0001677354 0.0002446141 0 0 0.0003354708 0 0.0002550976 0 6.290077e-05 0 0.0001852078 3.494487e-06 0.0162284 0.0001677354 3.494487e-06 0 0 0 0 3.843936e-05 0 6.988975e-06 1.048346e-05 3.494487e-06 5.241731e-05 5.940629e-05 0 5.59118e-05 0 3.494487e-06 1.397795e-05 0 0 0 0 4.892282e-05 0 0 0 6.988975e-05 0 0 0 6.639526e-05 3.494487e-06 3.494487e-06 0 0 0 3.494487e-06 0 0.0001153181 0 0 0 0.0002061748 3.494487e-06 0 0
0.002253944 3.494487e-06 0.01817832 0.005346566 0.006003529 0.1602747 0.1215068 0.08637325 0.007048381 0.3046389 0.00341062 0.09979557 0.0002900425 0.05369979 0.02408051 2.79559e-05 0.001687837 0.001111247 0.0005206786 0.01415267 0.0004053605 3.843936e-05 0.01957262 0.00671291 0 0.002792095 0.001593486 0.0382856 0.01430993 0.0008142156 5.940629e-05 0.008267957 0.0005101952 0.01434138 6.988975e-05 0.006698932 0.0002201527 0.01621442 0.0009505006 0.05622281 0.005440917 1.747244e-05 9.435116e-05 3.494487e-05 6.988975e-06 7.338424e-05 0.0002306362 6.988975e-06 4.892282e-05 0.000838677 6.988975e-06 0.0004647668 0.0004123495 2.096692e-05 0.0001712299 0 8.037321e-05 8.037321e-05 4.892282e-05 2.096692e-05 3.494487e-06 3.494487e-06 0.0002026803 2.446141e-05 1.747244e-05 0.0001397795 0.00153408 0 1.048346e-05 0.0003948771 0.001132214 0.0001223071 7.338424e-05 0 3.494487e-06 1.048346e-05 5.241731e-05 0 0.0006045463 3.494487e-06 0.000150263 1.747244e-05 0.0006290077 3.494487e-05 0 6.988975e-06
0.06295669 1.747244e-05 0.02761693 0.001652893 0.0001258015 0.1215068 0.1482956 0.1336537 0.03453951 0.06101026 0.001761222 0.001359356 0.0001537574 0.2284696 0.0008841053 0.0002690755 0.0027257 0.0005730959 0.0003145039 0.0004437999 0.007432775 0.0002550976 0.1280939 0.1211818 6.988975e-06 0.001541069 0.008121189 0.4845107 0.06115004 0.05606206 3.145039e-05 0.0006779306 0.005682037 0.01759474 0.000552129 0.02342704 0.0006150298 0.03360998 0.004011672 0.006027991 0.001275488 1.747244e-05 0.0002481086 0.001055335 2.79559e-05 0.0002201527 0.0004403054 1.747244e-05 0.0001712299 0.008009365 0.0002935369 0.005018084 0.001107753 9.085667e-05 0.0001642409 0 0.002096692 5.241731e-05 0.0002935369 2.096692e-05 3.494487e-06 1.397795e-05 0.0003948771 0.0003913826 0.0002271417 0.000415844 0.01774501 0 5.241731e-05 0.001132214 0.01124526 0.002841018 0.001642409 6.988975e-06 3.494487e-06 0.0002096692 0.001258015 2.446141e-05 0.003927804 0.0001537574 0.00276414 0.000279559 0.001317422 0.0004018661 0 7.338424e-05
0.01316723 6.988975e-06 0.1286006 0.003721629 0.0007862597 0.08637325 0.1336537 0.2429962 0.003207939 0.08649555 0.005535268 0.01947478 0.0005101952 0.09663656 0.004895777 8.736219e-05 0.03060123 0.001841595 0.004154946 0.007177677 0.005025073 5.59118e-05 0.09321895 0.01690284 3.494487e-06 0.02574039 0.004595251 0.0382891 0.01098667 0.01139902 0.0001118236 0.003214928 0.0002341307 0.03382314 2.446141e-05 0.007418797 0.001520102 0.01492146 0.001233554 0.02571943 0.01226565 1.747244e-05 0.000129296 0.0001956913 1.747244e-05 0.0002516031 5.940629e-05 0 1.048346e-05 0.0008945888 0.0001083291 0.0007303479 9.435116e-05 1.048346e-05 1.747244e-05 0 0.0004577779 2.096692e-05 9.435116e-05 0.0001048346 0 1.397795e-05 1.397795e-05 0.0001467685 8.736219e-05 0.0003634267 0.003179984 0 3.494487e-05 0.001666871 0.001901001 0.0006359967 0.0004193385 0 0 8.037321e-05 0.0002550976 1.048346e-05 0.0007478203 4.892282e-05 0.0005416456 5.59118e-05 0.0001956913 5.940629e-05 0 6.988975e-06
0.002718711 0.01577761 0.0001188126 0.02190345 0.00504604 0.007048381 0.03453951 0.003207939 0.001450212 0.01385215 0.0003529432 0.01728024 0.00126151 0.005765904 0.009089162 0.0005556235 0.0004333164 0.0001782189 0.0002970314 0.01504377 0.001729771 0.03490993 0.0004857338 0.2100397 0.004759492 0.008987822 0.04787098 0.08242098 0.01309734 0.02154701 0.0003774046 3.843936e-05 0.002260933 0.003134555 0.0002131637 0.008959866 0.0009505006 0.006793284 0.001348872 0.009553929 0.0001153181 0.001209093 9.784565e-05 0.00112173 6.988975e-06 2.79559e-05 0.0008421715 6.988975e-06 0.0001013401 0.006828228 0.000286548 0.0007548093 0.001244038 0.0001188126 0.0003005259 4.542834e-05 0.002243461 0.0001153181 0.003595828 3.145039e-05 2.79559e-05 6.639526e-05 0.0004927227 0.003634267 8.736219e-05 0.0003284818 0.02832632 3.494487e-06 0.0002446141 0.0003075149 0.01386613 0.003326752 0.003281324 1.747244e-05 0 0.0002970314 0.001244038 3.494487e-05 0.003676201 0.000566107 0.002540492 0.0002481086 0.0005486345 0.0002061748 0 4.892282e-05
0.002652316 0 0.003029721 0.04296472 0.0001921968 0.3046389 0.06101026 0.08649555 0.01385215 0.4390474 0.00797442 0.09165342 0.0006534692 0.09130746 0.001174148 2.096692e-05 0.0003179984 0.002987787 0.0008037321 0.03855468 0.0001712299 2.446141e-05 0.007355896 0.01516957 3.494487e-06 0.001506124 0.00102039 0.1440672 0.04814006 0.0006359967 0.0002446141 0.002030297 0.000960984 0.03583946 0.0002830535 0.03350515 0.0005311621 0.07685426 0.003382664 0.03600021 0.005730959 6.639526e-05 0.0006744361 0.0001607464 3.494487e-06 1.048346e-05 0.002068737 4.892282e-05 0.0003669212 0.007436269 8.38677e-05 0.003952265 0.003358202 5.940629e-05 0.0008631384 0 0.0003878881 0.0003739102 2.096692e-05 3.494487e-06 3.494487e-06 6.988975e-06 0.001541069 1.048346e-05 3.494487e-05 3.843936e-05 0.01297154 0 1.747244e-05 0.0001747244 0.009400171 0.0005730959 0.0002271417 0 1.048346e-05 2.79559e-05 0.0003704157 3.494487e-06 0.001901001 1.747244e-05 0.0008212045 5.940629e-05 0.001754233 9.085667e-05 0 4.193385e-05
0.0001747244 0.002205022 0.001327905 0.0004472944 2.096692e-05 0.00341062 0.001761222 0.005535268 0.0003529432 0.00797442 0.1222651 0.004941205 0.03273985 0.01212937 7.338424e-05 0.0001013401 0.002040781 0.04599444 0.01381371 0.002246955 0.001572519 0.0008002376 0.00235179 0.0006779306 0.007121765 0.02699142 0.01013751 0.001600475 0.006349484 0.0001013401 0.004151451 0.0006709416 0.0002236472 0.1101987 2.79559e-05 0.01374731 0.1398354 0.1634756 0.02784058 0.004175912 0.0004682613 0.02087607 6.639526e-05 1.048346e-05 0.000150263 3.494487e-05 6.988975e-06 3.494487e-06 1.747244e-05 4.193385e-05 1.747244e-05 3.145039e-05 2.446141e-05 0.001167159 1.048346e-05 0.006733877 5.59118e-05 3.494487e-06 2.096692e-05 0.0002306362 0.0002306362 0.0004403054 3.494487e-06 3.494487e-06 1.747244e-05 1.747244e-05 8.037321e-05 0.001027379 0.001984869 0.003487498 6.639526e-05 3.843936e-05 1.048346e-05 0.0013943 0 0 0.0001153181 0 0.000552129 0.006803767 0.0001747244 2.096692e-05 1.397795e-05 0 0.0007583038 0
3.145039e-05 3.145039e-05 9.784565e-05 0.05671204 0.003141544 0.09979557 0.001359356 0.01947478 0.01728024 0.09165342 0.004941205 0.08038369 0.0004333164 0.03597924 0.0255482 0 5.940629e-05 0.001733266 0.0004822393 0.06740866 0 5.241731e-05 0.0001118236 0.005926651 1.048346e-05 0.0008771163 0.0003983716 0.01373683 0.01252075 1.397795e-05 0.000150263 0.001359356 4.542834e-05 0.01947128 3.843936e-05 0.009620324 0.0002271417 0.03140146 0.000702392 0.0885573 0.004354131 1.397795e-05 0.0002061748 2.096692e-05 0 0 0.0005696015 1.747244e-05 0.0001083291 0.0008177101 6.988975e-06 0.0008736219 0.0007967431 3.494487e-06 0.0004018661 0 3.843936e-05 0.0001956913 3.494487e-06 0 6.988975e-06 0 0.000415844 6.988975e-06 3.494487e-06 1.048346e-05 0.001810144 0 6.988975e-06 6.988975e-06 0.001589992 7.338424e-05 2.79559e-05 0 6.988975e-06 3.494487e-06 3.843936e-05 3.494487e-06 0.0007862597 3.494487e-06 0.0001013401 3.494487e-06 0.0009994234 1.048346e-05 0 1.397795e-05
3.494487e-06 0.00801286 0.0002061748 3.494487e-05 6.988975e-06 0.0002900425 0.0001537574 0.0005101952 0.00126151 0.0006534692 0.03273985 0.0004333164 0.03319414 0.0008212045 2.096692e-05 5.59118e-05 0.0001607464 0.004151451 0.0007967431 0.0001642409 9.784565e-05 0.003550399 0.0003634267 0.001722782 0.05077141 0.007513148 0.05713836 0.0002026803 0.0003319763 1.048346e-05 0.007576049 5.241731e-05 3.494487e-06 0.01184981 0.0002061748 0.004092045 0.1187497 0.04360771 0.005039051 0.0004787448 0.0003354708 0.03247078 4.892282e-05 0 0.0002236472 3.494487e-06 0 0 2.79559e-05 1.747244e-05 5.241731e-05 2.446141e-05 2.79559e-05 0.00292838 2.096692e-05 0.01714046 6.639526e-05 0 1.397795e-05 3.494487e-05 0.0003249873 0.0003459543 6.988975e-06 6.988975e-06 3.145039e-05 2.446141e-05 5.241731e-05 0.003515454 0.003260357 0.005339577 1.747244e-05 4.892282e-05 6.988975e-06 0.003232401 3.494487e-06 0 0.0001083291 2.79559e-05 0.001072808 0.01969144 0.0003319763 2.446141e-05 2.096692e-05 3.494487e-06 0.001869551 0
0.09907571 1.397795e-05 0.1487498 0.007656422 0.0002900425 0.05369979 0.2284696 0.09663656 0.005765904 0.09130746 0.01212937 0.03597924 0.0008212045 0.1437457 0.001509619 6.639526e-05 0.05266891 0.00443101 0.006380934 0.01528489 0.01473625 0.0001048346 0.1191096 0.03167054 6.988975e-06 0.02860937 0.004742019 0.06845002 0.04225185 0.04964618 0.0002690755 0.001527091 0.0004857338 0.05437422 7.338424e-05 0.0159139 0.003508465 0.03341429 0.001436234 0.03643702 0.01571471 5.59118e-05 0.0002935369 0.000429822 1.747244e-05 0.0002585921 4.193385e-05 0 1.747244e-05 0.0013943 0.0001327905 0.001195115 0.0001153181 3.494487e-05 1.397795e-05 0 0.0009505006 1.397795e-05 0.0001153181 8.38677e-05 1.048346e-05 6.988975e-06 6.639526e-05 0.000279559 8.38677e-05 0.0003739102 0.005430433 0 6.988975e-05 0.00156553 0.003459543 0.00129296 0.000967973 0 0 0.0001083291 0.000422833 1.747244e-05 0.001467685 8.037321e-05 0.001002918 9.435116e-05 0.0002760645 9.435116e-05 0 3.843936e-05
1.397795e-05 9.435116e-05 0.0001013401 0.001820628 0.0164171 0.02408051 0.0008841053 0.004895777 0.009089162 0.001174148 7.338424e-05 0.0255482 2.096692e-05 0.001509619 0.005199797 0 1.397795e-05 1.397795e-05 6.988975e-06 0.005280171 6.988975e-06 0.0002516031 6.639526e-05 0.00893191 3.843936e-05 0.000143274 0.0006150298 0.001513113 0.0002341307 1.048346e-05 0 0.0003599322 1.397795e-05 0.0004018661 0 0.000136285 3.494487e-06 0.0003319763 1.397795e-05 0.01782538 0.0001817133 6.988975e-06 3.494487e-06 6.988975e-06 0 0 0.0002026803 6.988975e-06 4.193385e-05 0.0001013401 1.397795e-05 0.0001817133 0.0002970314 0 0.0002236472 0 2.096692e-05 0.0001223071 0 0 0 0 0.0001537574 0 6.988975e-06 0 0.0004577779 3.494487e-06 3.494487e-06 1.048346e-05 0.000422833 1.747244e-05 3.494487e-06 0 0 0 2.096692e-05 0 0.000408855 0 2.096692e-05 0 0.0006464802 3.494487e-06 0 0
1.397795e-05 0.01327556 0.003333741 3.494487e-06 0 2.79559e-05 0.0002690755 8.736219e-05 0.0005556235 2.096692e-05 0.0001013401 0 5.59118e-05 6.639526e-05 0 0.01227613 0.00218056 2.79559e-05 0.0002166582 3.494487e-06 0.007044887 0.08628938 0.04131533 0.01132563 0.0003808991 0.0009505006 0.09824402 0.01058131 8.38677e-05 0.004133979 1.397795e-05 0 2.096692e-05 0.01056733 0.0004857338 0.03800954 0.005647092 0.02455926 0.004951689 0.001177642 6.988975e-06 4.193385e-05 0.0001887023 4.892282e-05 0.001174148 0.003050688 0 0 2.096692e-05 0.0004577779 6.290077e-05 1.048346e-05 0.000150263 2.446141e-05 0 3.494487e-06 7.687872e-05 0 0.03938637 0.0003948771 2.446141e-05 4.542834e-05 3.494487e-06 0.006608076 0.0138172 0.04711268 0.003001765 0 0.0002550976 0.05508011 0.002921392 0.0001397795 0.0008351825 6.988975e-06 0 1.747244e-05 0.002502053 0.0001642409 0.008743208 0.0007513148 0.006940052 0.001457201 0.0003983716 6.988975e-06 1.048346e-05 4.542834e-05
0.02360526 0.0013314 0.03432984 1.397795e-05 3.494487e-06 0.001687837 0.0027257 0.03060123 0.0004333164 0.0003179984 0.002040781 5.940629e-05 0.0001607464 0.05266891 1.397795e-05 0.00218056 0.003861409 0.001614453 0.01062674 1.397795e-05 0.00753062 0.0006499747 0.01535128 0.002474097 1.048346e-05 0.01418762 0.2414271 0.005231248 0.06505687 0.01642759 3.843936e-05 7.687872e-05 0.008711757 0.03990006 3.843936e-05 0.02979749 0.05119774 0.07093111 0.01217479 0.0003075149 0.0001118236 0.0001537574 0.0001118236 1.747244e-05 0.002512536 0.004647668 3.494487e-06 0 3.494487e-06 0.0001188126 1.397795e-05 2.446141e-05 3.494487e-06 3.843936e-05 0 6.988975e-05 1.747244e-05 0 0.0005765904 0.007404819 0.0002481086 0.00194643 6.988975e-06 0.0001118236 0.0002341307 0.002054759 0.0008561494 3.145039e-05 0.004658152 0.03344224 0.0004018661 6.988975e-05 6.639526e-05 2.096692e-05 0 0 0.001111247 1.397795e-05 0.001153181 0.001687837 0.002599899 0.0006569636 0.0001153181 0 3.494487e-06 3.494487e-06
0.0001467685 0.0003110094 0.0005696015 0.0001712299 1.397795e-05 0.001111247 0.0005730959 0.001841595 0.0001782189 0.002987787 0.04599444 0.001733266 0.004151451 0.00443101 1.397795e-05 2.79559e-05 0.001614453 0.001041357 0.00480492 0.0006744361 0.0001887023 0.0002935369 0.0004682613 0.0003878881 0.00027257 0.06429507 0.03506369 0.0005730959 0.002267922 4.892282e-05 0.002732689 0.0002166582 9.784565e-05 0.03939685 2.446141e-05 0.02021212 0.08865165 0.1287509 0.02899027 0.001237049 0.0001677354 0.001831111 7.338424e-05 0 9.085667e-05 1.747244e-05 0 0 1.397795e-05 1.048346e-05 6.988975e-06 1.747244e-05 1.397795e-05 0.0004403054 6.988975e-06 0.002348296 2.096692e-05 0 2.096692e-05 0.0001921968 0.0005975574 0.0009225447 0 0 0 1.397795e-05 7.338424e-05 0.0002900425 0.003892859 0.00698548 4.892282e-05 2.096692e-05 1.747244e-05 0.0009994234 0 0 5.59118e-05 0 0.0002935369 0.000552129 5.241731e-05 1.048346e-05 6.988975e-06 3.494487e-06 2.446141e-05 0
0.00173676 0.0007373369 0.0036133 4.892282e-05 0 0.0005206786 0.0003145039 0.004154946 0.0002970314 0.0008037321 0.01381371 0.0004822393 0.0007967431 0.006380934 6.988975e-06 0.0002166582 0.01062674 0.00480492 0.0196495 0.0001956913 0.001761222 0.0004682613 0.002495064 0.0007513148 6.988975e-05 0.04309402 0.05376968 0.0005905684 0.006436846 0.0008281935 0.0003774046 3.494487e-05 0.0008841053 0.06000734 4.193385e-05 0.0450684 0.09375011 0.1370328 0.03036011 0.0004892282 0.0001572519 0.0004507889 0.0001677354 0 0.0007163699 0.0003669212 0 0 0 2.79559e-05 6.988975e-06 2.446141e-05 0 0.0001572519 3.494487e-06 0.0005626125 3.843936e-05 6.988975e-06 0.0001188126 0.003850925 0.0007548093 0.00436112 0 1.048346e-05 3.145039e-05 0.0001607464 0.0002131637 0.000136285 0.006118848 0.01867105 6.290077e-05 2.096692e-05 6.988975e-05 0.0002201527 0 3.494487e-06 0.0003179984 3.494487e-06 0.0006814251 0.000709381 0.0008945888 0.0002236472 5.241731e-05 0 6.988975e-06 0
7.338424e-05 2.096692e-05 0.0001013401 0.0603463 0.0003529432 0.01415267 0.0004437999 0.007177677 0.01504377 0.03855468 0.002246955 0.06740866 0.0001642409 0.01528489 0.005280171 3.494487e-06 1.397795e-05 0.0006744361 0.0001956913 0.01092726 6.988975e-06 1.048346e-05 6.988975e-05 0.0105883 3.494487e-06 0.0004123495 0.0001537574 0.02705432 0.009669247 1.747244e-05 3.843936e-05 0.0004333164 0.0001467685 0.009141579 5.59118e-05 0.009403666 0.000143274 0.02120106 0.0007862597 0.02470952 0.001694826 1.048346e-05 0.0002131637 3.843936e-05 0 0 0.0009260392 3.145039e-05 0.0001467685 0.002467108 2.096692e-05 0.001677354 0.001355861 6.988975e-06 0.0005241731 0 0.0001153181 0.0002341307 3.494487e-06 0 3.494487e-06 0 0.000702392 0 0 0 0.00480492 0 3.494487e-06 1.397795e-05 0.003490993 0.0002166582 5.241731e-05 0 0 1.048346e-05 0.0001188126 3.494487e-06 0.000688414 3.494487e-06 0.0002026803 1.048346e-05 0.001051841 3.145039e-05 0 6.988975e-06
0.007845124 0.0001887023 0.003484004 1.048346e-05 0 0.0004053605 0.007432775 0.005025073 0.001729771 0.0001712299 0.001572519 0 9.784565e-05 0.01473625 6.988975e-06 0.007044887 0.00753062 0.0001887023 0.001761222 6.988975e-06 0.3495116 0.01087834 0.1993989 0.001527091 3.494487e-06 0.0005032062 0.02137229 0.08877396 0.006003529 0.1582444 3.494487e-06 6.988975e-06 0.0006080408 0.08042912 0.002379746 0.1590586 0.01555396 0.1615956 0.02748414 0.002903919 0.0001153181 9.085667e-05 0.0008806108 0.0002201527 8.037321e-05 0.0004857338 1.397795e-05 0 0 0.0001048346 3.843936e-05 6.988975e-05 2.096692e-05 3.494487e-06 3.494487e-06 3.494487e-06 0.0002341307 0 0.01745846 6.988975e-05 6.988975e-06 1.397795e-05 0 0.01196862 0.003463037 0.007418797 0.007831146 0 9.435116e-05 0.002648821 0.006080408 0.001083291 0.002603393 0 0 0.0001537574 0.0009225447 0.0001258015 0.007167194 0.001062324 0.002963325 0.000265581 0.0001852078 1.048346e-05 0 3.145039e-05
3.843936e-05 0.03781035 0.0005276676 6.988975e-06 2.79559e-05 3.843936e-05 0.0002550976 5.59118e-05 0.03490993 2.446141e-05 0.0008002376 5.241731e-05 0.003550399 0.0001048346 0.0002516031 0.08628938 0.0006499747 0.0002935369 0.0004682613 1.048346e-05 0.01087834 0.004661646 0.02459071 0.1257911 0.02114864 0.01054986 0.1554278 0.02891688 0.0003110094 0.00255447 0.000845666 3.494487e-06 6.988975e-05 0.0008596439 4.892282e-05 0.002942358 0.002051264 0.002439152 0.0004123495 0.000143274 3.494487e-06 0.003882376 1.747244e-05 9.784565e-05 0.0001048346 0.0006919085 3.494487e-06 0 1.048346e-05 0.0002341307 2.446141e-05 1.397795e-05 4.193385e-05 3.145039e-05 0 0.0001223071 0.0001118236 0 0.01478518 0.0001747244 6.290077e-05 0.0001397795 0 0.003857914 0.001698321 0.012996 0.00371464 2.79559e-05 0.0003843936 0.03527685 0.002617371 0.0002516031 0.0006814251 4.193385e-05 0 5.241731e-05 0.0008701274 5.241731e-05 0.003291807 0.0003529432 0.002187549 0.0004507889 0.0001188126 0 6.988975e-06 3.494487e-05
0.02467807 0.000960984 0.1638076 0.0002481086 1.747244e-05 0.01957262 0.1280939 0.09321895 0.0004857338 0.007355896 0.00235179 0.0001118236 0.0003634267 0.1191096 6.639526e-05 0.04131533 0.01535128 0.0004682613 0.002495064 6.988975e-05 0.1993989 0.02459071 0.3474744 0.009826499 0 0.007537609 0.3517027 0.08104765 0.0313805 0.05117677 1.397795e-05 0.0003669212 0.003379169 0.1220694 0.003061171 0.3303549 0.08403893 0.2366362 0.05271085 0.0124229 0.0004822393 0.0003249873 0.001296455 0.0001153181 0.001698321 0.01462094 3.843936e-05 3.494487e-06 0.0001118236 0.001355861 0.0001712299 0.0001572519 0.0002516031 4.542834e-05 1.048346e-05 0 0.0003145039 0 0.05547499 0.001481663 3.494487e-05 0.0001153181 6.988975e-06 0.008253979 0.01300998 0.08140758 0.004427516 3.494487e-06 0.0007548093 0.1164852 0.004022155 0.0003214928 0.0008736219 3.494487e-06 0 4.892282e-05 0.004941205 0.0003179984 0.01497388 0.001320916 0.01151783 0.002260933 0.0006988975 3.145039e-05 0 0.0001013401
0.01365646 0.0195866 0.002851502 0.06350532 0.0009924344 0.00671291 0.1211818 0.01690284 0.2100397 0.01516957 0.0006779306 0.005926651 0.001722782 0.03167054 0.00893191 0.01132563 0.002474097 0.0003878881 0.0007513148 0.0105883 0.001527091 0.1257911 0.009826499 0.08236856 0.008005871 0.01791973 0.1792637 0.1439309 0.05888561 0.07111631 0.000559118 0.0002026803 0.01012353 0.01468733 0.001223071 0.03975329 0.002509042 0.03227858 0.006045463 0.007656422 0.0004752503 0.001320916 0.0003249873 0.005542257 0.0004787448 0.001376828 0.002987787 3.843936e-05 0.000688414 0.02550976 0.001649398 0.02618769 0.005402478 0.0004403054 0.001219576 9.784565e-05 0.009812521 0.000415844 0.007548093 0.0001782189 0.0001153181 0.0002096692 0.002488075 0.01074555 0.005067007 0.002970314 0.08856778 3.494487e-05 0.0007338424 0.008785141 0.0556567 0.0152779 0.01322314 5.940629e-05 1.048346e-05 0.001223071 0.006401901 0.0001537574 0.0173676 0.001880034 0.01266402 0.001055335 0.004749008 0.001324411 6.988975e-06 0.0001921968
0 0.02449985 3.494487e-06 0 3.494487e-06 0 6.988975e-06 3.494487e-06 0.004759492 3.494487e-06 0.007121765 1.048346e-05 0.05077141 6.988975e-06 3.843936e-05 0.0003808991 1.048346e-05 0.00027257 6.988975e-05 3.494487e-06 3.494487e-06 0.02114864 0 0.008005871 0.004745514 0.003616795 0.06460958 0.0001921968 0 1.397795e-05 0.004514878 0 0 0.0001747244 0 0.0001327905 0.007251061 0.003756574 0.0002166582 1.397795e-05 0 0.02331871 6.988975e-06 0 0.0001991858 1.048346e-05 0 0 0 0 6.988975e-06 1.048346e-05 6.988975e-06 0.0007233589 0 0.005412961 6.988975e-06 0 3.494487e-06 1.397795e-05 0.0003214928 0.0003249873 0 3.494487e-06 1.747244e-05 1.048346e-05 4.542834e-05 0.0008072266 0.002669788 0.01046599 3.494487e-06 0 3.494487e-06 0.001453707 0 0 2.446141e-05 0 3.494487e-05 0.001845089 8.38677e-05 1.048346e-05 6.988975e-06 3.494487e-06 0.0003843936 0
0.005657575 0.012996 0.2282984 8.38677e-05 1.048346e-05 0.002792095 0.001541069 0.02574039 0.008987822 0.001506124 0.02699142 0.0008771163 0.007513148 0.02860937 0.000143274 0.0009505006 0.01418762 0.06429507 0.04309402 0.0004123495 0.0005032062 0.01054986 0.007537609 0.01791973 0.003616795 0.2605385 0.2889207 0.001555047 0.008778152 0.00207922 0.008771163 0.0001467685 0.0006290077 0.02651268 6.639526e-05 0.05658274 0.2406269 0.1752031 0.04290182 0.001299949 0.0002585921 0.003235895 0.0001921968 0.0001153181 0.01130117 0.004343648 1.048346e-05 0 2.446141e-05 0.0002481086 6.639526e-05 0.0003494487 8.736219e-05 0.003508465 3.494487e-06 0.01919871 0.0002550976 1.397795e-05 0.001097269 0.04140269 0.009560918 0.04193035 3.494487e-06 9.435116e-05 0.0003424598 0.002194538 0.002467108 0.003459543 0.08279489 0.2565967 0.0007722817 0.0002620866 0.0006464802 0.008274946 0 1.397795e-05 0.003843936 7.338424e-05 0.005280171 0.0112208 0.01175196 0.003207939 0.0004193385 0 0.0002690755 2.096692e-05
0.0004717558 0.07231143 0.285601 9.435116e-05 6.290077e-05 0.001593486 0.008121189 0.004595251 0.04787098 0.00102039 0.01013751 0.0003983716 0.05713836 0.004742019 0.0006150298 0.09824402 0.2414271 0.03506369 0.05376968 0.0001537574 0.02137229 0.1554278 0.3517027 0.1792637 0.06460958 0.2889207 0.4021072 0.04832527 0.001474674 0.002792095 0.01049395 2.446141e-05 0.0002131637 0.09699299 0.0006709416 0.1820104 0.1512834 0.3314801 0.04853843 0.00225045 8.38677e-05 0.0076704 0.0004857338 8.38677e-05 0.03860011 0.05453847 2.79559e-05 0 0.0001817133 0.001901001 0.0003983716 0.0003459543 0.0006919085 0.007785718 1.397795e-05 0.0512222 0.000429822 1.747244e-05 0.009686719 0.02582426 0.01013052 0.03109395 3.494487e-05 0.002823546 0.006856184 0.0498244 0.006412384 0.01082592 0.09274719 0.5641396 0.003490993 0.0003319763 0.0006744361 0.02058253 3.494487e-06 1.048346e-05 0.008233012 0.0001852078 0.009973267 0.01776947 0.01804204 0.003155522 0.0009574896 1.048346e-05 0.001062324 3.843936e-05
0.02084811 0.001254521 0.01054636 0.03831705 0.0001677354 0.0382856 0.4845107 0.0382891 0.08242098 0.1440672 0.001600475 0.01373683 0.0002026803 0.06845002 0.001513113 0.01058131 0.005231248 0.0005730959 0.0005905684 0.02705432 0.08877396 0.02891688 0.08104765 0.1439309 0.0001921968 0.001555047 0.04832527 0.1278982 0.1230514 0.8739818 8.736219e-05 0.0004787448 0.02458721 0.07580592 0.005196303 0.1581885 0.005070501 0.1399997 0.02567749 0.006632537 0.001569025 6.639526e-05 0.001352367 0.006538186 0.0005381511 0.001460696 0.00306816 4.892282e-05 0.0007757762 0.01791973 0.001471179 0.01567278 0.005951112 0.0003564377 0.001265004 1.397795e-05 0.01063373 0.0004997117 0.01436234 0.0002061748 5.241731e-05 0.0001013401 0.002470603 0.01839149 0.006174759 0.004434505 0.08932259 0 0.000408855 0.008372792 0.05675048 0.01761921 0.01580557 1.747244e-05 1.397795e-05 0.001652893 0.007051876 0.0002620866 0.022501 0.002711722 0.01374731 0.001177642 0.004888788 0.001051841 3.494487e-06 0.0002690755
0.0368948 1.747244e-05 0.0179372 0.006838712 0.0002446141 0.01430993 0.06115004 0.01098667 0.01309734 0.04814006 0.006349484 0.01252075 0.0003319763 0.04225185 0.0002341307 8.38677e-05 0.06505687 0.002267922 0.006436846 0.009669247 0.006003529 0.0003110094 0.0313805 0.05888561 0 0.008778152 0.001474674 0.1230514 0.08954974 0.02791047 0.0001188126 0.00477347 0.04013069 0.1113414 0.0002970314 0.03648245 0.01587895 0.02579631 0.001904496 0.007698356 0.03113938 2.096692e-05 0.0001013401 0.001289466 1.048346e-05 0.0001048346 8.037321e-05 0 6.290077e-05 0.002194538 0.0002970314 0.002397218 0.0002096692 4.193385e-05 2.79559e-05 0 0.002163088 6.988975e-06 0.0004368109 1.397795e-05 0 1.397795e-05 5.59118e-05 0.001244038 0.0004368109 0.0001607464 0.01235651 3.494487e-06 2.79559e-05 0.0002166582 0.008222529 0.003494487 0.002589415 3.494487e-06 0 0.0002830535 0.001205598 1.397795e-05 0.004036133 0.0003214928 0.002243461 0.0001677354 0.0006394912 0.0002585921 0 5.241731e-05
0.0334737 3.145039e-05 0.007051876 0.0001467685 0 0.0008142156 0.05606206 0.01139902 0.02154701 0.0006359967 0.0001013401 1.397795e-05 1.048346e-05 0.04964618 1.048346e-05 0.004133979 0.01642759 4.892282e-05 0.0008281935 1.747244e-05 0.1582444 0.00255447 0.05117677 0.07111631 1.397795e-05 0.00207922 0.002792095 0.8739818 0.02791047 0.1023116 0 1.048346e-05 0.004137473 0.01158772 0.0002935369 0.01423305 0.01056733 0.01080845 0.001666871 0.0003214928 1.747244e-05 6.988975e-06 9.085667e-05 0.003326752 2.79559e-05 0.0001956913 6.988975e-05 3.494487e-06 8.38677e-05 0.001610959 0.0006639526 0.003424598 0.0002096692 0.0001048346 3.494487e-05 3.494487e-06 0.00507749 1.397795e-05 0.005657575 4.193385e-05 3.494487e-06 1.397795e-05 9.435116e-05 0.01009557 0.001939441 0.001422256 0.02901822 0 0.0001327905 0.0003319763 0.02043576 0.008725735 0.008928415 3.494487e-06 3.494487e-06 0.0008945888 0.003113588 7.687872e-05 0.009525973 0.001589992 0.006520714 0.0005136897 0.001051841 0.0005171841 0 0.0001048346
3.494487e-06 0.0005730959 0.0001258015 6.988975e-06 0 5.940629e-05 3.145039e-05 0.0001118236 0.0003774046 0.0002446141 0.004151451 0.000150263 0.007576049 0.0002690755 0 1.397795e-05 3.843936e-05 0.002732689 0.0003774046 3.843936e-05 3.494487e-06 0.000845666 1.397795e-05 0.000559118 0.004514878 0.008771163 0.01049395 8.736219e-05 0.0001188126 0 0.001984869 6.988975e-06 0 0.002089703 0 0.0008491604 0.02808869 0.01189524 0.002107176 0.0001118236 2.096692e-05 0.002358779 3.494487e-06 0 9.435116e-05 0 3.494487e-06 0 1.747244e-05 6.988975e-06 1.048346e-05 1.048346e-05 1.397795e-05 0.000974962 0 0.005563224 1.397795e-05 0 6.988975e-06 4.892282e-05 0.0002166582 0.0002900425 0 3.494487e-06 6.988975e-06 6.988975e-06 4.193385e-05 0.0006604581 0.002274911 0.003295302 1.048346e-05 2.79559e-05 3.494487e-06 0.001544563 0 0 4.542834e-05 0 2.446141e-05 0.003134555 0.0001083291 6.988975e-06 6.988975e-06 0 0.0001397795 0
3.843936e-05 0 0.0004193385 9.784565e-05 0.0003354708 0.008267957 0.0006779306 0.003214928 3.843936e-05 0.002030297 0.0006709416 0.001359356 5.241731e-05 0.001527091 0.0003599322 0 7.687872e-05 0.0002166582 3.494487e-05 0.0004333164 6.988975e-06 3.494487e-06 0.0003669212 0.0002026803 0 0.0001467685 2.446141e-05 0.0004787448 0.00477347 1.048346e-05 6.988975e-06 9.085667e-05 1.048346e-05 0.01456502 0 0.0005346566 3.494487e-05 0.002072231 0.0001153181 0.005479356 0.01990111 0 1.048346e-05 3.494487e-06 0 0 0 0 0 0 0 3.494487e-06 0 0 0 0 3.494487e-06 3.494487e-06 0 0 0 0 0 0 0 6.988975e-06 2.446141e-05 0 0 3.494487e-06 2.446141e-05 3.494487e-06 3.494487e-06 0 0 0 3.494487e-06 0 1.747244e-05 0 3.494487e-06 0 6.988975e-06 0 0 0
0.003553894 0 0.001163664 0.0003634267 0 0.0005101952 0.005682037 0.0002341307 0.002260933 0.000960984 0.0002236472 4.542834e-05 3.494487e-06 0.0004857338 1.397795e-05 2.096692e-05 0.008711757 9.784565e-05 0.0008841053 0.0001467685 0.0006080408 6.988975e-05 0.003379169 0.01012353 0 0.0006290077 0.0002131637 0.02458721 0.04013069 0.004137473 0 1.048346e-05 0.0005346566 0.01150385 8.736219e-05 0.01107403 0.004888788 0.0013943 0.0002690755 0.0002550976 1.397795e-05 0 4.542834e-05 0.0001921968 0 1.048346e-05 1.048346e-05 0 0 0.000265581 5.241731e-05 0.0004647668 3.494487e-06 0 0 0 0.0003529432 3.494487e-06 9.435116e-05 0 0 3.494487e-06 3.494487e-06 0.0002481086 6.988975e-05 2.096692e-05 0.002145615 0 6.988975e-06 1.747244e-05 0.001188126 0.0006115353 0.0005171841 0 0 5.940629e-05 0.0002341307 6.988975e-06 0.0007338424 3.843936e-05 0.0003808991 2.446141e-05 7.687872e-05 2.446141e-05 0 1.048346e-05
0.01056733 0.0004997117 0.008107211 0.003525938 0.0002550976 0.01434138 0.01759474 0.03382314 0.003134555 0.03583946 0.1101987 0.01947128 0.01184981 0.05437422 0.0004018661 0.01056733 0.03990006 0.03939685 0.06000734 0.009141579 0.08042912 0.0008596439 0.1220694 0.01468733 0.0001747244 0.02651268 0.09699299 0.07580592 0.1113414 0.01158772 0.002089703 0.01456502 0.01150385 0.02411895 0.0002166582 0.03083186 0.02417137 0.07737145 0.005860255 0.007915014 0.0003354708 0.005301137 0.0001712299 0.0003284818 0.0008596439 0.003536421 4.542834e-05 0 1.048346e-05 0.0007862597 0.0001327905 0.0006045463 8.037321e-05 2.096692e-05 3.145039e-05 3.843936e-05 0.0006185243 6.988975e-06 0.002040781 0.001128719 3.145039e-05 0.0003354708 3.494487e-05 0.0008841053 0.0004542834 0.003763563 0.004242308 1.048346e-05 0.0008142156 0.01711251 0.00245313 0.0009435116 0.0007862597 0 0 9.435116e-05 0.0008561494 1.747244e-05 0.002516031 0.0004612723 0.001617948 0.0002970314 0.0001991858 8.736219e-05 3.494487e-06 1.048346e-05
1.397795e-05 3.494487e-06 4.542834e-05 9.784565e-05 0 6.988975e-05 0.000552129 2.446141e-05 0.0002131637 0.0002830535 2.79559e-05 3.843936e-05 0.0002061748 7.338424e-05 0 0.0004857338 3.843936e-05 2.446141e-05 4.193385e-05 5.59118e-05 0.002379746 4.892282e-05 0.003061171 0.001223071 0 6.639526e-05 0.0006709416 0.005196303 0.0002970314 0.0002935369 0 0 8.736219e-05 0.0002166582 0.7954257 0.1230898 0.00238324 0.00688414 0.004043122 8.037321e-05 8.38677e-05 1.397795e-05 0.0005311621 3.843936e-05 3.494487e-06 1.747244e-05 0 0 0 5.59118e-05 6.988975e-06 4.892282e-05 3.494487e-06 0 0 3.494487e-06 4.193385e-05 0 5.59118e-05 0 0 3.494487e-06 0 6.290077e-05 3.843936e-05 9.784565e-05 0.0003319763 0 3.494487e-05 0.0001118236 0.0002201527 8.736219e-05 7.687872e-05 0 0 3.494487e-06 2.79559e-05 0.3426729 0.0007583038 0.0001188126 0.0002271417 0.0002970314 2.446141e-05 4.542834e-05 1.397795e-05 2.096692e-05
0.003637761 0.00119162 0.01641361 0.005867244 6.290077e-05 0.006698932 0.02342704 0.007418797 0.008959866 0.03350515 0.01374731 0.009620324 0.004092045 0.0159139 0.000136285 0.03800954 0.02979749 0.02021212 0.0450684 0.009403666 0.1590586 0.002942358 0.3303549 0.03975329 0.0001327905 0.05658274 0.1820104 0.1581885 0.03648245 0.01423305 0.0008491604 0.0005346566 0.01107403 0.03083186 0.1230898 0.06452222 0.3082068 0.2550941 0.04651163 0.0741041 0.02026803 0.004658152 0.002683766 0.001118236 0.0013943 0.004682613 0.000129296 3.494487e-06 7.338424e-05 0.002023308 0.0002481086 0.001624937 0.0003494487 7.687872e-05 0.0001258015 3.494487e-05 0.001942935 0.0001048346 0.004909755 0.00200933 9.784565e-05 0.0007198644 0.0001048346 0.003022732 0.001226565 0.008292419 0.01288068 2.096692e-05 0.001677354 0.02648123 0.008222529 0.003001765 0.002704733 1.397795e-05 3.494487e-06 0.0002376251 0.001932452 0.003323258 0.02411196 0.001719288 0.004490416 0.0007198644 0.001195115 0.0004892282 1.048346e-05 0.0006290077
0.001897507 0.006352978 0.03465833 4.892282e-05 0 0.0002201527 0.0006150298 0.001520102 0.0009505006 0.0005311621 0.1398354 0.0002271417 0.1187497 0.003508465 3.494487e-06 0.005647092 0.05119774 0.08865165 0.09375011 0.000143274 0.01555396 0.002051264 0.08403893 0.002509042 0.007251061 0.2406269 0.1512834 0.005070501 0.01587895 0.01056733 0.02808869 3.494487e-05 0.004888788 0.02417137 0.00238324 0.3082068 0.03238342 0.06749253 0.01705659 0.005685531 0.0003774046 0.001817133 0.001492146 6.988975e-06 0.0006185243 0.0006325022 0 0 3.145039e-05 4.542834e-05 8.38677e-05 3.494487e-05 3.145039e-05 0.003840442 2.446141e-05 0.01518355 0.0001397795 3.494487e-06 0.0003739102 0.001132214 0.000279559 0.0007932487 6.988975e-06 0.0002061748 8.736219e-05 0.0005486345 0.0003459543 0.0004857338 0.00259291 0.00862789 0.0001817133 7.687872e-05 8.037321e-05 0.002033792 6.988975e-06 0 0.00027257 7.338424e-05 0.01042755 0.01249279 0.001401289 0.0001258015 7.687872e-05 3.494487e-06 0.002135132 1.048346e-05
0.001285971 0.003861409 0.02843814 0.008743208 0.0001852078 0.01621442 0.03360998 0.01492146 0.006793284 0.07685426 0.1634756 0.03140146 0.04360771 0.03341429 0.0003319763 0.02455926 0.07093111 0.1287509 0.1370328 0.02120106 0.1615956 0.002439152 0.2366362 0.03227858 0.003756574 0.1752031 0.3314801 0.1399997 0.02579631 0.01080845 0.01189524 0.002072231 0.0013943 0.07737145 0.00688414 0.2550941 0.06749253 0.0804431 0.009557423 0.01635071 0.002082715 0.00985096 0.00276414 0.0007513148 0.002463614 0.006929569 9.784565e-05 3.494487e-06 5.940629e-05 0.002285395 0.0002096692 0.001313927 0.0002620866 0.0001013401 3.145039e-05 0.0002061748 0.001429245 2.446141e-05 0.00432967 0.004930722 0.0001956913 0.001520102 5.59118e-05 0.002054759 0.00116017 0.008306397 0.009487533 6.290077e-05 0.003711146 0.04305209 0.006230671 0.002236472 0.001645904 6.639526e-05 0 0.0001677354 0.002065242 0.0002516031 0.01501232 0.00163542 0.004203868 0.0008212045 0.0006394912 0.0001817133 1.747244e-05 8.736219e-05
0.0001782189 0.0003913826 0.002872469 0.0009190502 3.494487e-06 0.0009505006 0.004011672 0.001233554 0.001348872 0.003382664 0.02784058 0.000702392 0.005039051 0.001436234 1.397795e-05 0.004951689 0.01217479 0.02899027 0.03036011 0.0007862597 0.02748414 0.0004123495 0.05271085 0.006045463 0.0002166582 0.04290182 0.04853843 0.02567749 0.001904496 0.001666871 0.002107176 0.0001153181 0.0002690755 0.005860255 0.004043122 0.04651163 0.01705659 0.009557423 0.0003075149 0.0006639526 3.145039e-05 0.0009295337 0.0002585921 0.0001852078 0.0002376251 0.0006150298 1.397795e-05 0 6.988975e-06 0.00027257 3.843936e-05 0.0003005259 1.048346e-05 1.397795e-05 0 2.096692e-05 0.0002690755 3.494487e-06 0.0007128754 0.0007163699 5.241731e-05 0.0002550976 3.494487e-06 0.000408855 0.0002201527 0.001299949 0.001754233 2.446141e-05 0.0004892282 0.005192808 0.001002918 0.0004403054 0.0003214928 1.397795e-05 0 4.193385e-05 0.0002935369 0.0001467685 0.009214963 0.0002481086 0.0006814251 0.0001258015 0.0001327905 3.145039e-05 6.988975e-06 1.397795e-05
0.0003040204 2.79559e-05 0.002054759 0.005402478 0.0162284 0.05622281 0.006027991 0.02571943 0.009553929 0.03600021 0.004175912 0.0885573 0.0004787448 0.03643702 0.01782538 0.001177642 0.0003075149 0.001237049 0.0004892282 0.02470952 0.002903919 0.000143274 0.0124229 0.007656422 1.397795e-05 0.001299949 0.00225045 0.006632537 0.007698356 0.0003214928 0.0001118236 0.005479356 0.0002550976 0.007915014 8.037321e-05 0.0741041 0.005685531 0.01635071 0.0006639526 0.01754233 0.00334073 4.892282e-05 0.0003424598 0.0001607464 2.446141e-05 5.940629e-05 0.001369839 0.0001223071 0.0003319763 0.001303444 0.0001223071 0.0006744361 0.001890518 3.843936e-05 0.001359356 0 0.0003634267 0.001181137 0.0001747244 1.397795e-05 3.494487e-06 3.494487e-06 0.001111247 5.241731e-05 4.193385e-05 0.0001817133 0.003990705 0 2.79559e-05 0.0003354708 0.003742596 0.000559118 0.0002900425 0 1.397795e-05 3.494487e-05 0.000265581 0.0001188126 0.006027991 4.892282e-05 0.0004717558 8.38677e-05 0.007310468 5.241731e-05 2.096692e-05 2.446141e-05
2.096692e-05 0 0.0005416456 0.0004962172 0.0001677354 0.005440917 0.001275488 0.01226565 0.0001153181 0.005730959 0.0004682613 0.004354131 0.0003354708 0.01571471 0.0001817133 6.988975e-06 0.0001118236 0.0001677354 0.0001572519 0.001694826 0.0001153181 3.494487e-06 0.0004822393 0.0004752503 0 0.0002585921 8.38677e-05 0.001569025 0.03113938 1.747244e-05 2.096692e-05 0.01990111 1.397795e-05 0.0003354708 8.38677e-05 0.02026803 0.0003774046 0.002082715 3.145039e-05 0.00334073 6.988975e-05 0.0003179984 5.940629e-05 6.988975e-06 0 0 3.494487e-06 0 0 6.639526e-05 3.494487e-06 2.446141e-05 0 3.494487e-06 3.494487e-06 0 2.446141e-05 0 0 0 0 0 1.048346e-05 0 0 3.494487e-06 0.000143274 0 0 1.048346e-05 0.0001327905 2.79559e-05 2.096692e-05 0 0 3.494487e-06 3.494487e-06 3.494487e-06 0.0004892282 6.988975e-06 3.843936e-05 0 1.048346e-05 1.747244e-05 3.494487e-06 3.494487e-06
