0.007520218 0 0.0004278929 9.627591e-05 3.565774e-06 0.0005705239 0.07299853 0.01604242 1.782887e-05 0.00214303 0.0005669581 0 2.139465e-05 0.06194106 0 0 0.009880761 0.0004171956 0.001936215 0 0.0005883528 3.565774e-06 0.0008700489 0.0003030908 0 0.006068948 7.844703e-05 0.002046754 0.1021273 0.04518906 0 5.705239e-05 0.006179487 0.003391051 0 0.0001497625 4.278929e-05 0.0009591933 2.852619e-05 1.42631e-05 0 7.131549e-06 0 0 0 3.565774e-06 0 0 0 3.565774e-05 0 3.565774e-06 1.42631e-05 0 0 0 0 0 0 0 0 3.565774e-06 0 7.131549e-06 0 3.565774e-06 4.278929e-05 0 1.069732e-05 1.069732e-05 5.705239e-05 0 1.782887e-05 0 0 0 7.131549e-06 0 3.565774e-06 0 0 0 0 0 0 0
0 0.002506739 0.01269059 7.131549e-06 2.852619e-05 7.131549e-06 7.844703e-05 1.42631e-05 0.02073141 1.42631e-05 0.0009377986 1.42631e-05 0.02652223 1.42631e-05 0.0001747229 0.002528134 0.002802699 0.0001925518 0.0005740897 0 0.000363709 0.04885824 0.0004528533 0.05088003 0.0122734 0.01510462 0.1199705 0.001194534 2.496042e-05 3.209197e-05 0.001208797 1.42631e-05 3.565774e-06 0.002299924 3.565774e-06 0.006971089 0.003950878 0.006889076 0.000110539 0.0001925518 0 0.001911255 7.131549e-06 0 4.635507e-05 0.0003066566 0 0 0 3.209197e-05 3.565774e-06 5.348661e-05 3.565774e-06 4.278929e-05 0 0.0004813795 0 0 0.0001996834 0.0001319336 8.201281e-05 0.0001818545 0 7.131549e-06 2.496042e-05 6.061816e-05 9.627591e-05 5.348661e-05 0.001415612 0.01020168 8.914436e-05 3.565774e-06 3.565774e-06 0.0001640256 0 0 1.782887e-05 0 0.0004564191 0.0002709988 3.209197e-05 7.131549e-06 0 0 2.139465e-05 3.565774e-06
0.0004278929 0.01269059 0.09580166 4.635507e-05 0 0.0004457218 0.060989 0.003508722 0.0007238522 0.002360543 0.0002389069 1.069732e-05 3.209197e-05 0.003095092 1.42631e-05 0.0005954843 0.02560583 9.984168e-05 0.0004136298 0 0.03762962 0.004771006 0.1415505 0.01108243 3.565774e-06 0.08839554 0.1323794 0.1300046 0.001504757 0.006457617 2.852619e-05 7.131549e-06 0.000142631 0.004664033 0.0001711572 0.01719773 0.04870848 0.008094308 0.000552695 0.0004171956 3.565774e-05 1.069732e-05 9.984168e-05 0 0.02033204 0.04899374 1.069732e-05 0 2.139465e-05 0.001658085 7.488126e-05 0.0009520617 0.0001390652 7.131549e-06 1.42631e-05 0.0001818545 6.061816e-05 1.069732e-05 0.005063399 0.01057252 2.496042e-05 0.0004136298 1.42631e-05 0.0007488126 0.004660467 0.007905322 0.004639072 3.922352e-05 0.01121793 0.2401192 0.004136298 2.496042e-05 0.0008593516 2.852619e-05 0 0 0.00202536 1.42631e-05 0.004542796 0.0002603015 0.002406898 0.0006240105 9.271013e-05 3.565774e-06 1.42631e-05 2.496042e-05
9.627591e-05 7.131549e-06 4.635507e-05 0.0159711 0.0006275763 0.00280983 0.0008522201 0.001782887 0.02351985 0.04042518 0.0004599849 0.1121079 4.278929e-05 0.001633125 0.007687809 0 8.201281e-05 7.488126e-05 9.271013e-05 0.04761735 2.139465e-05 7.131549e-06 7.131549e-06 0.01908759 0 0.0002781304 5.348661e-05 0.03614625 0.007106588 4.635507e-05 3.565774e-06 0.0001212363 0.0004564191 0.002841922 2.139465e-05 0.002699291 4.992084e-05 0.006001198 0.0004243271 0.01451983 9.627591e-05 7.131549e-06 1.069732e-05 0 0 0 0.001872031 0 0.0001319336 0.002364108 7.131549e-05 0.002307056 0.008529332 1.782887e-05 0.001034075 0 2.852619e-05 3.922352e-05 0 3.565774e-06 3.565774e-06 0 0.0005633923 7.131549e-06 1.069732e-05 7.131549e-06 0.003515853 3.565774e-06 1.069732e-05 1.42631e-05 0.007341929 2.852619e-05 7.488126e-05 0 3.565774e-06 0 7.844703e-05 0 0.000221078 7.131549e-06 0.0001248021 1.069732e-05 0.0006774971 3.565774e-06 0 0
3.565774e-06 2.852619e-05 0 0.0006275763 0.0006133132 0.0007987334 8.914436e-05 0.000520603 0.005277346 0.0009413644 1.069732e-05 0.006971089 3.565774e-06 0.000188986 0.02329877 0 3.565774e-06 0 0 0.000663234 0 6.774971e-05 0 0.002517437 3.565774e-06 1.782887e-05 3.209197e-05 0.0008486543 0.00025317 3.565774e-06 0 0.008932265 0 0.0001390652 0 0.0002816962 0 0.0004492876 1.069732e-05 0.009934247 0.0006026159 0 1.42631e-05 0 0 0 3.565774e-06 0 0 7.131549e-06 0 3.565774e-06 3.565774e-06 0 3.565774e-06 0 0 0 0 0 0 0 0 0 0 0 3.565774e-06 0 0 0 7.131549e-06 0 0 0 0 0 0 1.069732e-05 0 0 0 0 3.565774e-06 0 0 0
0.0005705239 7.131549e-06 0.0004457218 0.00280983 0.0007987334 0.1895173 0.05285191 0.1045057 0.002289227 0.2654897 0.005288043 0.04654049 0.0006596682 0.03470925 0.02375875 7.131549e-06 0.001697309 0.0007238522 0.0007987334 0.007823309 0.0001640256 5.705239e-05 0.0002674331 0.004507139 3.565774e-06 0.002699291 0.0002103807 0.01695526 0.05204248 0.001494059 4.992084e-05 0.008340346 0.0003530117 0.01881303 3.209197e-05 0.009402947 0.0002709988 0.01704084 0.0004492876 0.05292679 0.006578854 9.271013e-05 0.0002496042 0 0 0 0.0001248021 0 7.131549e-06 0.0004920768 2.496042e-05 0.000221078 0.0007060233 3.565774e-06 0.0001212363 3.565774e-06 1.42631e-05 7.131549e-06 0 0 0 0 3.565774e-05 1.782887e-05 0 3.565774e-06 0.000552695 0 0 2.139465e-05 0.0008771805 7.131549e-06 4.992084e-05 0 3.565774e-06 0 2.139465e-05 0 3.922352e-05 0 1.42631e-05 0 7.131549e-05 0 0 0
0.07299853 7.844703e-05 0.060989 0.0008522201 8.914436e-05 0.05285191 0.3810279 0.1901128 0.005387885 0.2162 0.007844703 0.0004457218 0.0006026159 0.2197765 0.0004671164 0.0001069732 0.09943162 0.002824093 0.012794 8.557858e-05 0.05069105 0.0001675914 0.04204404 0.01824963 7.131549e-06 0.1252621 0.006232973 0.218261 0.1684864 0.1334883 5.348661e-05 0.000741681 0.01567514 0.0713975 0.000916404 0.05214232 0.002214346 0.1103857 0.007074496 0.004043588 0.001133916 0.0001176706 0.0005313004 3.565774e-06 2.139465e-05 8.914436e-05 0.001326468 1.069732e-05 0.0002709988 0.01052617 0.0003494459 0.004043588 0.007398982 6.061816e-05 0.0008165623 7.131549e-06 0.0001212363 2.139465e-05 0.0002674331 2.852619e-05 0 2.496042e-05 0.0004564191 0.0002246438 0.0001319336 0.0003458801 0.01276904 1.782887e-05 0.0001461967 0.0007238522 0.01773973 0.0001996834 0.001330034 3.565774e-06 6.418394e-05 7.131549e-06 0.0004171956 3.565774e-06 0.0005455635 2.496042e-05 0.0006917602 3.922352e-05 0.0006418394 2.139465e-05 3.565774e-06 7.131549e-06
0.01604242 1.42631e-05 0.003508722 0.001782887 0.000520603 0.1045057 0.1901128 0.1407268 0.0005348661 0.1719809 0.00315571 0.02441486 0.0002175122 0.2031921 0.004457218 3.565774e-06 0.02717833 0.001294376 0.005983369 0.004300324 0.001479796 1.069732e-05 0.003162842 0.003020211 7.131549e-06 0.02612999 0.0004278929 0.01776469 0.06602744 0.04612329 1.42631e-05 0.001604598 0.001736532 0.01598537 3.922352e-05 0.007259916 0.0003387486 0.01596397 0.0007060233 0.02801629 0.003177105 3.565774e-05 0.0001354994 0 3.565774e-06 0 0.0001248021 0 1.42631e-05 0.0007916019 2.139465e-05 0.0002674331 0.0005705239 7.131549e-06 0.0001141048 0 7.131549e-06 0 1.42631e-05 0 0 3.565774e-06 4.992084e-05 1.069732e-05 7.131549e-06 7.131549e-06 0.0009698906 0 1.069732e-05 3.922352e-05 0.001294376 7.131549e-06 0.0001354994 0 0 3.565774e-06 4.635507e-05 0 4.635507e-05 0 6.061816e-05 3.565774e-06 3.565774e-05 3.565774e-06 0 0
1.782887e-05 0.02073141 0.0007238522 0.02351985 0.005277346 0.002289227 0.005387885 0.0005348661 0.001187403 0.03543666 0.0002496042 0.004364508 0.002310622 0.0003530117 0.01050477 0.0002068149 0.0003565774 6.061816e-05 0.0001782887 0.005837172 0.001091127 0.06065025 0.0001212363 0.07145455 0.002428292 0.004364508 0.02005748 0.06057181 0.001016246 0.0008629174 0.000221078 0.0004671164 9.271013e-05 0.0007773388 1.782887e-05 0.001212363 0.0002674331 0.001818545 0.0001604598 0.01095406 0.0001604598 3.209197e-05 1.42631e-05 0 2.496042e-05 2.139465e-05 0.0008914436 3.922352e-05 8.914436e-05 0.002759909 7.844703e-05 0.003669182 0.003187802 7.131549e-06 0.0004528533 5.705239e-05 3.209197e-05 0.0001069732 0.0003066566 4.992084e-05 3.565774e-06 1.782887e-05 0.0002603015 0.0009271013 8.201281e-05 0.0001176706 0.0193265 3.209197e-05 0.0001319336 0.0002317753 0.01299012 5.348661e-05 0.001076864 3.922352e-05 7.131549e-06 3.565774e-06 9.627591e-05 3.565774e-06 0.0003601432 3.922352e-05 0.0002460384 2.496042e-05 0.0004849453 7.131549e-06 3.565774e-06 7.131549e-06
0.00214303 1.42631e-05 0.002360543 0.04042518 0.0009413644 0.2654897 0.2162 0.1719809 0.03543666 0.3135029 0.02036057 0.09146568 0.002200083 0.07949537 0.009135514 2.496042e-05 0.007252785 0.003073697 0.00398297 0.01916604 0.0006133132 4.278929e-05 0.001244455 0.02736019 3.565774e-06 0.01163869 0.0009627591 0.22658 0.1197922 0.005833607 0.0001390652 0.002150162 0.002246438 0.06260073 0.0001283679 0.02445051 0.001087561 0.1053972 0.003266249 0.02590892 0.001401349 0.0003708405 0.0001925518 0 1.42631e-05 1.069732e-05 0.006511104 1.42631e-05 0.0003708405 0.007744862 0.0003387486 0.006871247 0.03724095 3.209197e-05 0.003683445 7.131549e-06 0.0001069732 0.0001533283 2.496042e-05 3.565774e-06 3.565774e-06 7.131549e-06 0.002581621 5.348661e-05 3.565774e-05 3.922352e-05 0.01253013 7.131549e-06 3.922352e-05 5.348661e-05 0.02670765 0.0001533283 0.0003565774 0 3.209197e-05 1.42631e-05 0.000331617 0 0.0007987334 3.565774e-06 0.0004778138 4.278929e-05 0.003262683 2.139465e-05 7.131549e-06 1.069732e-05
0.0005669581 0.0009377986 0.0002389069 0.0004599849 1.069732e-05 0.005288043 0.007844703 0.00315571 0.0002496042 0.02036057 0.08250132 0.00391522 0.04642638 0.004225443 0.0001176706 0.0001675914 0.007352627 0.05476673 0.01858482 0.0009556275 0.004949295 0.0003744063 0.003583603 0.003055869 0.009591933 0.0452996 0.01484788 0.007017444 0.01719416 0.001433441 0.009092724 0.0007702072 0.000188986 0.1021951 1.069732e-05 0.01216999 0.05906705 0.1997725 0.0190662 0.009834405 8.914436e-05 0.01607451 4.278929e-05 0 7.488126e-05 1.42631e-05 5.348661e-05 0 1.42631e-05 0.0005954843 2.852619e-05 0.0001176706 0.0002923935 0.0003815378 2.496042e-05 0.005370056 3.565774e-06 3.565774e-06 1.069732e-05 1.069732e-05 0.0004813795 0.0002674331 1.069732e-05 1.42631e-05 0 1.782887e-05 0.0006703656 0.0004706822 0.001658085 0.003216328 0.0008272596 0 0.0001925518 0.001280113 3.565774e-06 0 2.852619e-05 0 0.0003565774 0.003205631 6.774971e-05 1.782887e-05 3.922352e-05 3.565774e-06 0.0002567357 0
0 1.42631e-05 1.069732e-05 0.1121079 0.006971089 0.04654049 0.0004457218 0.02441486 0.004364508 0.09146568 0.00391522 0.07747714 0.0004207614 0.01494416 0.02496755 0 3.922352e-05 0.0004992084 0.0003423143 0.05183566 3.565774e-06 4.635507e-05 0 0.005245254 3.565774e-06 0.0002888277 6.774971e-05 0.07187888 0.01732253 4.278929e-05 4.278929e-05 0.00158677 1.42631e-05 0.01045485 0 0.0006881944 5.705239e-05 0.006971089 5.705239e-05 0.03928414 0.0004564191 4.992084e-05 1.069732e-05 0 0 0 0.00158677 1.069732e-05 0.0001711572 0.0002852619 4.992084e-05 0.000631142 0.002481779 3.565774e-06 0.003929483 0 3.565774e-05 0.000363709 0 0 3.565774e-06 0 0.0005099057 0 0 0 0.000442156 0 0 3.565774e-06 0.001675914 3.209197e-05 7.131549e-06 0 3.209197e-05 0 8.914436e-05 0 2.139465e-05 0 6.418394e-05 7.131549e-06 0.0009627591 3.565774e-06 0 0
2.139465e-05 0.02652223 3.209197e-05 4.278929e-05 3.565774e-06 0.0006596682 0.0006026159 0.0002175122 0.002310622 0.002200083 0.04642638 0.0004207614 0.04347035 0.0003351828 4.992084e-05 4.278929e-05 0.0003708405 0.004471481 0.001929084 0.0001176706 6.774971e-05 0.007124417 0.0001034075 0.005466332 0.08847756 0.01236254 0.05634637 0.0006561025 0.001397784 6.418394e-05 0.007363324 9.271013e-05 1.069732e-05 0.03106859 0.0003030908 0.01019811 0.1012573 0.05219937 0.006208013 0.002389069 4.278929e-05 0.05190341 0.0001069732 0 0.001255153 3.209197e-05 0 0 0 8.201281e-05 0 3.565774e-05 3.209197e-05 0.001964742 3.565774e-06 0.02697152 0 0 3.922352e-05 4.635507e-05 0.002292793 0.001190969 0 7.131549e-06 3.922352e-05 1.782887e-05 0.000142631 0.002898974 0.007573705 0.01572506 0.0001604598 0 2.496042e-05 0.006625209 0 0 3.209197e-05 7.844703e-05 0.000520603 0.01390295 7.131549e-05 6.061816e-05 7.131549e-06 0 0.001354994 0
0.06194106 1.42631e-05 0.003095092 0.001633125 0.000188986 0.03470925 0.2197765 0.2031921 0.0003530117 0.07949537 0.004225443 0.01494416 0.0003351828 0.1560276 0.001501191 7.131549e-06 0.03333286 0.00177219 0.007110154 0.002806264 0.002003965 1.42631e-05 0.003555077 0.003376788 0 0.02657215 0.0004564191 0.01884512 0.0858888 0.08160274 1.42631e-05 0.0008022992 0.0007595099 0.01797863 1.782887e-05 0.007527349 0.0003565774 0.01329321 0.0004635507 0.01685185 0.002196517 4.635507e-05 0.0001568941 0 0 3.565774e-06 7.488126e-05 0 1.069732e-05 0.000773773 1.42631e-05 0.0001711572 0.0004385902 0 7.844703e-05 1.069732e-05 0 3.565774e-06 1.069732e-05 3.565774e-06 0 1.069732e-05 2.139465e-05 2.496042e-05 1.069732e-05 3.565774e-05 0.0008664831 0 2.139465e-05 7.131549e-05 0.0009984168 3.565774e-06 0.0002068149 0 3.565774e-06 0 3.209197e-05 3.565774e-06 4.278929e-05 0 2.852619e-05 0 2.852619e-05 0 0 0
0 0.0001747229 1.42631e-05 0.007687809 0.02329877 0.02375875 0.0004671164 0.004457218 0.01050477 0.009135514 0.0001176706 0.02496755 4.992084e-05 0.001501191 0.009435039 3.565774e-06 1.42631e-05 7.131549e-06 3.565774e-06 0.008144228 5.348661e-05 0.0008914436 1.42631e-05 0.020899 2.139465e-05 7.488126e-05 0.0002103807 0.009584801 0.001736532 2.139465e-05 1.069732e-05 0.006807063 7.131549e-06 0.0004243271 0 0.0001319336 0 0.0002424727 1.069732e-05 0.01638117 0.0007951677 3.565774e-06 0 0 0 0 2.852619e-05 0 3.565774e-06 3.922352e-05 0 3.565774e-06 2.852619e-05 0 3.922352e-05 0 0 0 0 0 0 0 0 0 0 0 3.565774e-05 0 0 0 7.131549e-05 0 7.131549e-06 0 0 0 3.565774e-06 0 3.565774e-06 0 0 0 7.131549e-06 0 0 0
0 0.002528134 0.0005954843 0 0 7.131549e-06 0.0001069732 3.565774e-06 0.0002068149 2.496042e-05 0.0001675914 0 4.278929e-05 7.131549e-06 3.565774e-06 0.03059434 0.00274208 3.565774e-05 0.0002175122 0 0.008015861 0.05329406 0.04775641 0.02361256 3.922352e-05 0.003612129 0.08543595 0.02552381 1.069732e-05 8.201281e-05 3.565774e-06 0 7.131549e-06 0.003722668 0.0004671164 0.04346679 0.01458758 0.009905721 0.001272981 0.0003351828 2.852619e-05 0 0.0002389069 0 6.061816e-05 0.0006026159 0 1.782887e-05 2.139465e-05 0.001444139 1.069732e-05 0.001854203 3.209197e-05 7.131549e-06 7.131549e-06 0 0 7.488126e-05 0.05712727 0.0002175122 7.131549e-06 5.348661e-05 0 0.01581064 0.02104163 0.03599649 0.01601033 0 0.0003494459 0.01437364 0.0112001 2.139465e-05 0.001055469 3.565774e-06 3.565774e-06 3.565774e-06 2.852619e-05 3.565774e-06 0.001954044 5.348661e-05 0.0002282096 1.42631e-05 0.0001176706 3.565774e-06 0 1.069732e-05
0.009880761 0.002802699 0.02560583 8.201281e-05 3.565774e-06 0.001697309 0.09943162 0.02717833 0.0003565774 0.007252785 0.007352627 3.922352e-05 0.0003708405 0.03333286 1.42631e-05 0.00274208 0.004710388 0.01483719 0.02511731 1.069732e-05 0.04502147 0.004335982 0.02972429 0.01580708 0.0001141048 0.03529047 0.4674338 0.06185192 0.02537405 0.03495885 0.0002103807 0.0001141048 0.001872031 0.03630315 0.0002139465 0.02575915 0.1699626 0.04616251 0.002980987 0.0006097474 3.209197e-05 3.209197e-05 6.774971e-05 0 0.000442156 0.001750795 7.131549e-06 0 1.069732e-05 0.0006097474 1.42631e-05 0.0003423143 7.844703e-05 7.131549e-06 3.565774e-06 0.000188986 1.069732e-05 3.565774e-06 0.0002032491 0.001069732 5.705239e-05 0.001294376 3.565774e-06 0.0003779721 0.0001069732 0.0001961176 0.00154398 1.069732e-05 0.007937414 0.01496912 0.001572506 2.139465e-05 0.0006097474 6.418394e-05 3.565774e-06 0 0.0002139465 3.565774e-06 0.0007452468 0.0001319336 0.0002852619 7.844703e-05 6.061816e-05 3.565774e-06 3.209197e-05 3.565774e-06
0.0004171956 0.0001925518 9.984168e-05 7.488126e-05 0 0.0007238522 0.002824093 0.001294376 6.061816e-05 0.003073697 0.05476673 0.0004992084 0.004471481 0.00177219 7.131549e-06 3.565774e-05 0.01483719 0.003287644 0.04773859 0.0001604598 0.002792001 6.418394e-05 0.001526151 0.0005562608 0.0009235355 0.07034203 0.01808917 0.001950479 0.003109355 0.0009449302 0.003612129 0.0001283679 9.984168e-05 0.01956184 2.496042e-05 0.01758283 0.06646603 0.1277867 0.02221121 0.00218582 3.565774e-06 0.0007345495 2.852619e-05 0 3.209197e-05 1.42631e-05 7.131549e-06 0 0 0.0001212363 3.565774e-06 1.069732e-05 6.418394e-05 0.0003173539 1.42631e-05 0.004945729 0 0 1.42631e-05 2.496042e-05 0.0007773388 0.0003851036 3.565774e-06 7.131549e-06 3.565774e-06 1.069732e-05 0.0001069732 0.0002781304 0.002328451 0.003925917 0.0001319336 3.565774e-06 4.278929e-05 0.00158677 0 0 7.131549e-06 7.131549e-06 0.0009306671 0.002695725 2.496042e-05 7.131549e-06 7.131549e-06 0 4.635507e-05 0
0.001936215 0.0005740897 0.0004136298 9.271013e-05 0 0.0007987334 0.012794 0.005983369 0.0001782887 0.00398297 0.01858482 0.0003423143 0.001929084 0.007110154 3.565774e-06 0.0002175122 0.02511731 0.04773859 0.0198364 8.201281e-05 0.01550399 0.0005277346 0.008707621 0.001137482 0.0003565774 0.08665901 0.05212805 0.008190584 0.008162057 0.003276947 0.00129081 7.488126e-05 0.0005669581 0.05578297 8.201281e-05 0.04216171 0.07544109 0.2149627 0.02186533 0.002553094 3.565774e-06 9.984168e-05 4.278929e-05 3.565774e-06 0.000221078 6.061816e-05 0 0 0 0.0001354994 7.131549e-06 2.852619e-05 2.852619e-05 7.844703e-05 0 0.001212363 3.565774e-06 3.565774e-06 3.565774e-05 0.0001497625 0.0007559441 0.00248891 7.131549e-06 2.852619e-05 1.069732e-05 3.565774e-05 0.0002103807 0.000188986 0.008518635 0.01444139 0.0002032491 1.069732e-05 7.488126e-05 0.0003886694 0 3.565774e-06 3.209197e-05 3.565774e-06 0.0007452468 0.0006168789 9.984168e-05 4.635507e-05 1.069732e-05 0 4.278929e-05 0
0 0 0 0.04761735 0.000663234 0.007823309 8.557858e-05 0.004300324 0.005837172 0.01916604 0.0009556275 0.05183566 0.0001176706 0.002806264 0.008144228 0 1.069732e-05 0.0001604598 8.201281e-05 0.007744862 3.565774e-06 0 0 0.003202065 0 8.557858e-05 1.42631e-05 0.05450999 0.003751195 0 7.131549e-06 0.0002246438 2.496042e-05 0.002332016 0 0.0003066566 7.131549e-06 0.002153728 5.348661e-05 0.01691603 6.418394e-05 1.42631e-05 1.782887e-05 0 0 0 0.0004599849 0 1.782887e-05 0.0002674331 1.069732e-05 0.0004671164 0.002121636 0 0.0002674331 0 7.131549e-06 0 0 0 0 0 0.0001675914 0 0 0 0.0005491292 0 3.565774e-06 3.565774e-06 0.001108956 3.565774e-06 7.131549e-06 0 0 0 7.131549e-06 0 4.635507e-05 0 2.496042e-05 3.565774e-06 0.0003351828 0 0 0
0.0005883528 0.000363709 0.03762962 2.139465e-05 0 0.0001640256 0.05069105 0.001479796 0.001091127 0.0006133132 0.004949295 3.565774e-06 6.774971e-05 0.002003965 5.348661e-05 0.008015861 0.04502147 0.002792001 0.01550399 3.565774e-06 0.1258041 0.004831624 0.1161729 0.002068149 3.565774e-06 0.07074853 0.01584274 0.1788878 0.002003965 0.1365228 1.42631e-05 1.42631e-05 0.0002638673 0.2060376 0.003515853 0.4040343 0.07228181 0.3121407 0.02340218 0.003633524 0.0007452468 2.139465e-05 0.002150162 0 1.069732e-05 0.0001675914 2.139465e-05 2.139465e-05 6.774971e-05 0.004321718 9.984168e-05 0.004899374 0.00025317 3.565774e-05 2.496042e-05 0 4.992084e-05 0.0001497625 0.01360343 0.0005598266 1.069732e-05 8.914436e-05 1.782887e-05 0.01600319 0.00518107 0.003276947 0.02619774 0 0.000520603 0.0007060233 0.02230748 3.209197e-05 0.005313004 2.139465e-05 1.782887e-05 3.565774e-06 0.0002816962 1.42631e-05 0.001437007 6.061816e-05 0.0006525367 6.418394e-05 0.0004671164 2.852619e-05 0 7.131549e-06
3.565774e-06 0.04885824 0.004771006 7.131549e-06 6.774971e-05 5.705239e-05 0.0001675914 1.069732e-05 0.06065025 4.278929e-05 0.0003744063 4.635507e-05 0.007124417 1.42631e-05 0.0008914436 0.05329406 0.004335982 6.418394e-05 0.0005277346 0 0.004831624 0.01094693 0.02131263 0.1937963 0.01073655 0.01670565 0.1228374 0.01111095 3.209197e-05 0.0001283679 0.0004136298 1.069732e-05 0 0.002578055 1.42631e-05 0.003793984 0.002114504 0.007794783 0.0001996834 0.0007916019 0 0.0001675914 3.565774e-06 3.565774e-06 9.627591e-05 0.0005063399 3.565774e-06 2.496042e-05 1.069732e-05 0.000695326 1.782887e-05 0.001511888 3.209197e-05 7.131549e-06 7.131549e-06 0.0002068149 1.42631e-05 6.774971e-05 0.02147309 9.271013e-05 3.565774e-06 3.565774e-05 0 0.004664033 0.001654519 0.00941721 0.009424341 1.782887e-05 0.0002638673 0.01831025 0.0054592 7.131549e-06 0.0003173539 6.418394e-05 0 3.565774e-06 2.852619e-05 0 0.0004849453 0.0001141048 6.774971e-05 2.139465e-05 0.0001533283 3.565774e-06 1.069732e-05 7.131549e-06
0.0008700489 0.0004528533 0.1415505 7.131549e-06 0 0.0002674331 0.04204404 0.003162842 0.0001212363 0.001244455 0.003583603 0 0.0001034075 0.003555077 1.42631e-05 0.04775641 0.02972429 0.001526151 0.008707621 0 0.1161729 0.02131263 0.10764 0.01030509 7.131549e-06 0.06451555 0.4321255 0.2341002 0.001533283 0.03971559 2.496042e-05 3.565774e-06 0.0001461967 0.08225528 0.006204447 0.5328194 0.1915427 0.2398875 0.030901 0.009748827 0.0002424727 1.069732e-05 0.002820527 0 0.0001248021 0.01977578 1.42631e-05 3.565774e-06 7.131549e-06 0.0018649 3.209197e-05 0.0005669581 6.061816e-05 0 7.131549e-06 7.131549e-06 1.42631e-05 1.42631e-05 0.09002867 0.000221078 7.131549e-06 5.348661e-05 3.565774e-06 0.007028141 0.0225143 0.09024262 0.00842949 3.565774e-06 0.000695326 0.1234221 0.006250802 2.139465e-05 0.0007202864 7.131549e-06 0 0 8.557858e-05 4.992084e-05 0.01124645 8.914436e-05 0.0002317753 2.852619e-05 7.844703e-05 7.131549e-06 3.565774e-06 0.0001283679
0.0003030908 0.05088003 0.01108243 0.01908759 0.002517437 0.004507139 0.01824963 0.003020211 0.07145455 0.02736019 0.003055869 0.005245254 0.005466332 0.003376788 0.020899 0.02361256 0.01580708 0.0005562608 0.001137482 0.003202065 0.002068149 0.1937963 0.01030509 0.03677026 0.006236539 0.03167121 0.1444531 0.1093837 0.02041406 0.01659868 0.000474248 0.000363709 0.002913238 0.02268546 0.000741681 0.06618434 0.009492091 0.05049136 0.004532099 0.02367318 0.0008308254 0.0001248021 0.000631142 7.131549e-06 0.0001390652 0.0003601432 0.003490893 4.635507e-05 0.0008343912 0.0391415 0.001308639 0.03869935 0.0182425 0.0001996834 0.001872031 0.0001283679 0.0004492876 0.0003102224 0.005723068 0.000474248 6.774971e-05 0.0001212363 0.001059035 0.008729015 0.004204048 0.003751195 0.08210908 0.0001248021 0.0007809046 0.00246395 0.0783258 0.0004813795 0.01279756 6.774971e-05 0.0001533283 6.418394e-05 0.001661651 2.496042e-05 0.003765458 0.0002032491 0.002866883 0.0002246438 0.002378371 0.000221078 1.069732e-05 6.418394e-05
0 0.0122734 3.565774e-06 0 3.565774e-06 3.565774e-06 7.131549e-06 7.131549e-06 0.002428292 3.565774e-06 0.009591933 3.565774e-06 0.08847756 0 2.139465e-05 3.922352e-05 0.0001141048 0.0009235355 0.0003565774 0 3.565774e-06 0.01073655 7.131549e-06 0.006236539 0.001572506 0.01121436 0.08170259 8.914436e-05 3.565774e-06 3.565774e-06 0.004189785 0 0 0.0002424727 0 0.0001640256 0.002271398 0.001732966 0.0001390652 3.565774e-05 0 0.009185435 3.565774e-06 0 0.0003744063 3.565774e-06 0 0 0 3.565774e-06 0 1.069732e-05 0 0.0001497625 0 0.00324842 3.565774e-06 0 7.131549e-06 1.069732e-05 0.0004029325 0.0003280512 0 3.565774e-06 1.782887e-05 7.131549e-06 3.922352e-05 0.0003280512 0.00154398 0.006126 1.42631e-05 0 3.565774e-06 0.0006810629 0 0 1.069732e-05 0 2.852619e-05 0.0004635507 1.069732e-05 3.565774e-06 0 0 7.131549e-05 0
0.006068948 0.01510462 0.08839554 0.0002781304 1.782887e-05 0.002699291 0.1252621 0.02612999 0.004364508 0.01163869 0.0452996 0.0002888277 0.01236254 0.02657215 7.488126e-05 0.003612129 0.03529047 0.07034203 0.08665901 8.557858e-05 0.07074853 0.01670565 0.06451555 0.03167121 0.01121436 0.1697879 0.5783864 0.108314 0.01833878 0.0126371 0.004072114 0.0001319336 0.001044772 0.0312861 0.0002496042 0.1078005 0.4419813 0.2199512 0.03329007 0.004931466 5.348661e-05 0.002952461 0.0001283679 3.565774e-06 0.008047953 0.01581064 1.42631e-05 3.565774e-06 1.42631e-05 0.001693743 9.271013e-05 0.0008486543 0.0001212363 0.001761492 1.069732e-05 0.03255908 9.984168e-05 1.782887e-05 0.0007773388 0.01287958 0.01032648 0.03049807 3.565774e-06 0.0006988918 0.0001854203 0.001208797 0.003209197 0.003112921 0.1514491 0.2702893 0.00299525 2.852619e-05 0.001180271 0.01149962 3.565774e-06 3.565774e-06 0.001408481 1.782887e-05 0.005216728 0.01637404 0.002553094 0.0009520617 0.000110539 7.131549e-06 0.0007024575 1.42631e-05
7.844703e-05 0.1199705 0.1323794 5.348661e-05 3.209197e-05 0.0002103807 0.006232973 0.0004278929 0.02005748 0.0009627591 0.01484788 6.774971e-05 0.05634637 0.0004564191 0.0002103807 0.08543595 0.4674338 0.01808917 0.05212805 1.42631e-05 0.01584274 0.1228374 0.4321255 0.1444531 0.08170259 0.5783864 0.4779528 0.1293699 0.000948496 0.0006810629 0.01018742 2.139465e-05 0.0001461967 0.06715423 0.00248891 0.2658071 0.1614797 0.2256565 0.01420961 0.003401749 2.496042e-05 0.006364907 0.0006846287 0 0.02323102 0.04867638 7.131549e-06 0 7.131549e-06 0.001351428 7.488126e-05 0.0003173539 6.061816e-05 0.002011097 3.565774e-06 0.03526194 4.635507e-05 3.565774e-06 0.02627619 0.01134273 0.01221634 0.02186533 7.131549e-06 0.001387086 0.01445921 0.02902897 0.003241289 0.005270214 0.1063956 0.4520582 0.002952461 2.496042e-05 0.0004207614 0.0137104 0 0 0.002046754 8.557858e-05 0.01392435 0.01473378 0.002545963 0.0008343912 9.271013e-05 3.565774e-06 0.0007666415 0.0001818545
0.002046754 0.001194534 0.1300046 0.03614625 0.0008486543 0.01695526 0.218261 0.01776469 0.06057181 0.22658 0.007017444 0.07187888 0.0006561025 0.01884512 0.009584801 0.02552381 0.06185192 0.001950479 0.008190584 0.05450999 0.1788878 0.01111095 0.2341002 0.1093837 8.914436e-05 0.108314 0.1293699 0.2341038 0.1047518 0.08619546 4.635507e-05 0.0005313004 0.01845645 0.1314594 0.003098658 0.2574239 0.03139308 0.2153442 0.01827103 0.02390495 0.002410463 0.0001283679 0.00227853 1.069732e-05 9.627591e-05 0.0006347078 0.005573305 9.271013e-05 0.0009663248 0.03665616 0.001305073 0.03087604 0.02908245 0.0001497625 0.003005948 1.782887e-05 0.0004813795 0.0004350245 0.008711187 0.0007452468 4.635507e-05 0.000142631 0.001893426 0.0130436 0.004532099 0.005730199 0.08299696 6.774971e-05 0.0009449302 0.005002781 0.08589594 0.0004885111 0.01464107 2.139465e-05 0.0001604598 6.774971e-05 0.001647388 2.139465e-05 0.004243271 0.000110539 0.002724252 0.00025317 0.003337565 0.0001461967 7.131549e-06 5.705239e-05
0.1021273 2.496042e-05 0.001504757 0.007106588 0.00025317 0.05204248 0.1684864 0.06602744 0.001016246 0.1197922 0.01719416 0.01732253 0.001397784 0.0858888 0.001736532 1.069732e-05 0.02537405 0.003109355 0.008162057 0.003751195 0.002003965 3.209197e-05 0.001533283 0.02041406 3.565774e-06 0.01833878 0.000948496 0.1047518 0.1607166 0.1154883 7.844703e-05 0.06835233 0.0402362 0.07831153 7.488126e-05 0.01668782 0.0006454051 0.03508365 0.0008664831 0.0297136 0.008397398 0.0001675914 0.0002852619 0 0 7.131549e-06 0.0002068149 0 4.635507e-05 0.002285661 7.844703e-05 0.0005883528 0.001055469 1.782887e-05 0.000142631 3.565774e-06 1.42631e-05 1.069732e-05 3.565774e-05 2.496042e-05 7.131549e-06 2.139465e-05 5.348661e-05 8.914436e-05 1.782887e-05 4.635507e-05 0.002478213 7.131549e-06 3.209197e-05 8.557858e-05 0.003230591 2.139465e-05 0.0005812212 3.565774e-06 1.069732e-05 0 8.914436e-05 0 0.0002103807 3.565774e-06 0.0001604598 2.496042e-05 0.0001248021 1.069732e-05 0 7.131549e-06
0.04518906 3.209197e-05 0.006457617 4.635507e-05 3.565774e-06 0.001494059 0.1334883 0.04612329 0.0008629174 0.005833607 0.001433441 4.278929e-05 6.418394e-05 0.08160274 2.139465e-05 8.201281e-05 0.03495885 0.0009449302 0.003276947 0 0.1365228 0.0001283679 0.03971559 0.01659868 3.565774e-06 0.0126371 0.0006810629 0.08619546 0.1154883 0.06668711 7.131549e-06 0.0001176706 0.01995764 0.07436779 0.000442156 0.03543666 0.004471481 0.0587176 0.0025317 0.0008201281 0.000221078 1.782887e-05 0.0002923935 0 1.069732e-05 7.131549e-05 7.131549e-05 1.069732e-05 0.0001354994 0.007074496 0.0003030908 0.001790019 0.0007844703 4.635507e-05 4.992084e-05 1.069732e-05 0.0001354994 3.209197e-05 0.0006240105 0.0002603015 7.131549e-06 4.992084e-05 3.209197e-05 0.00331617 0.0002424727 0.0004385902 0.01276191 0 0.0002959593 0.0001818545 0.01393148 4.635507e-05 0.007177904 7.131549e-06 2.496042e-05 3.565774e-06 0.0005027742 0 0.001604598 2.852619e-05 0.0009627591 6.061816e-05 0.0005633923 9.271013e-05 7.131549e-06 2.496042e-05
0 0.001208797 2.852619e-05 3.565774e-06 0 4.992084e-05 5.348661e-05 1.42631e-05 0.000221078 0.0001390652 0.009092724 4.278929e-05 0.007363324 1.42631e-05 1.069732e-05 3.565774e-06 0.0002103807 0.003612129 0.00129081 7.131549e-06 1.42631e-05 0.0004136298 2.496042e-05 0.000474248 0.004189785 0.004072114 0.01018742 4.635507e-05 7.844703e-05 7.131549e-06 0.0002139465 7.131549e-06 0 0.001896992 0 0.001155311 0.01947626 0.01006975 0.001811413 0.0001818545 0 0.002296359 3.565774e-06 0 9.984168e-05 1.42631e-05 0 0 0 0 0 3.565774e-06 7.131549e-06 0.0003173539 0 0.005284477 0 0 1.069732e-05 1.42631e-05 0.0006204447 0.0003958009 0 7.131549e-06 3.565774e-06 0 3.565774e-05 0.0004314587 0.002314188 0.004589151 1.782887e-05 0 7.131549e-06 0.001412047 0 0 3.565774e-06 0 3.922352e-05 0.002374806 4.635507e-05 3.565774e-06 0 0 0.0001604598 0
5.705239e-05 1.42631e-05 7.131549e-06 0.0001212363 0.008932265 0.008340346 0.000741681 0.001604598 0.0004671164 0.002150162 0.0007702072 0.00158677 9.271013e-05 0.0008022992 0.006807063 0 0.0001141048 0.0001283679 7.488126e-05 0.0002246438 1.42631e-05 1.069732e-05 3.565774e-06 0.000363709 0 0.0001319336 2.139465e-05 0.0005313004 0.06835233 0.0001176706 7.131549e-06 7.131549e-06 1.782887e-05 0.03506226 0 0.003098658 3.565774e-05 0.00460698 0.0001034075 0.02323459 0.01952975 1.42631e-05 0.0001283679 0 0 0 7.131549e-06 0 0 2.139465e-05 0 3.565774e-06 1.42631e-05 0 7.131549e-06 0 0 0 0 0 0 0 0 0 0 0 1.069732e-05 0 0 0 3.565774e-05 0 7.131549e-06 0 0 0 0 0 1.069732e-05 0 0 0 7.131549e-06 0 0 0
0.006179487 3.565774e-06 0.000142631 0.0004564191 0 0.0003530117 0.01567514 0.001736532 9.271013e-05 0.002246438 0.000188986 1.42631e-05 1.069732e-05 0.0007595099 7.131549e-06 7.131549e-06 0.001872031 9.984168e-05 0.0005669581 2.496042e-05 0.0002638673 0 0.0001461967 0.002913238 0 0.001044772 0.0001461967 0.01845645 0.0402362 0.01995764 0 1.782887e-05 0.001101824 0.007912453 7.131549e-06 0.0003173539 3.565774e-05 0.003301907 5.705239e-05 1.782887e-05 7.131549e-06 0 0 0 0 0 3.565774e-06 0 0 0.0001390652 1.069732e-05 4.992084e-05 4.992084e-05 0 3.565774e-06 0 3.565774e-06 0 1.069732e-05 0 0 3.565774e-06 0 1.782887e-05 0 3.565774e-06 0.0001961176 0 3.565774e-06 1.782887e-05 0.000142631 0 4.278929e-05 0 0 0 3.565774e-06 0 1.42631e-05 0 3.565774e-06 0 7.131549e-06 0 0 0
0.003391051 0.002299924 0.004664033 0.002841922 0.0001390652 0.01881303 0.0713975 0.01598537 0.0007773388 0.06260073 0.1021951 0.01045485 0.03106859 0.01797863 0.0004243271 0.003722668 0.03630315 0.01956184 0.05578297 0.002332016 0.2060376 0.002578055 0.08225528 0.02268546 0.0002424727 0.0312861 0.06715423 0.1314594 0.07831153 0.07436779 0.001896992 0.03506226 0.007912453 0.05233487 0.0001568941 0.02705353 0.0181177 0.07881074 0.005195333 0.01561096 0.0001925518 0.01901984 0.0001212363 0 5.348661e-05 0.0001354994 0.0001533283 0 4.635507e-05 0.002228609 6.418394e-05 0.0007167206 0.0009912852 1.42631e-05 0.0001176706 0.0001141048 5.348661e-05 1.069732e-05 0.0002246438 5.705239e-05 6.061816e-05 8.557858e-05 4.992084e-05 0.0001604598 8.557858e-05 0.0003030908 0.002685028 1.069732e-05 0.0004528533 0.001301508 0.003016645 2.852619e-05 0.0005669581 3.565774e-05 7.131549e-06 7.131549e-06 0.0001176706 0 0.0003958009 6.418394e-05 0.0001568941 3.209197e-05 0.0001034075 1.42631e-05 7.131549e-06 1.069732e-05
0 3.565774e-06 0.0001711572 2.139465e-05 0 3.209197e-05 0.000916404 3.922352e-05 1.782887e-05 0.0001283679 1.069732e-05 0 0.0003030908 1.782887e-05 0 0.0004671164 0.0002139465 2.496042e-05 8.201281e-05 0 0.003515853 1.42631e-05 0.006204447 0.000741681 0 0.0002496042 0.00248891 0.003098658 7.488126e-05 0.000442156 0 0 7.131549e-06 0.0001568941 0.609127 0.1591583 0.00177219 0.00561966 0.005441372 8.914436e-05 6.061816e-05 9.271013e-05 0.0007060233 0 0 7.131549e-06 0 0 0 2.496042e-05 0 7.131549e-06 3.565774e-06 0 0 3.565774e-06 0 0 7.131549e-06 3.565774e-06 0 0 0 7.131549e-06 1.069732e-05 8.914436e-05 2.852619e-05 0 7.131549e-06 7.131549e-05 4.635507e-05 0 0 0 0 0 0 0.4136262 0.001404915 4.635507e-05 7.131549e-05 9.627591e-05 3.565774e-06 0 7.488126e-05 5.348661e-05
0.0001497625 0.006971089 0.01719773 0.002699291 0.0002816962 0.009402947 0.05214232 0.007259916 0.001212363 0.02445051 0.01216999 0.0006881944 0.01019811 0.007527349 0.0001319336 0.04346679 0.02575915 0.01758283 0.04216171 0.0003066566 0.4040343 0.003793984 0.5328194 0.06618434 0.0001640256 0.1078005 0.2658071 0.2574239 0.01668782 0.03543666 0.001155311 0.003098658 0.0003173539 0.02705353 0.1591583 0.07930639 0.4057994 0.2126378 0.05799732 0.07902112 0.01813553 0.01331817 0.002153728 0 0.0002389069 0.0007167206 9.627591e-05 3.565774e-06 1.782887e-05 0.00221078 7.844703e-05 0.001176706 0.0005954843 2.852619e-05 5.705239e-05 0.0001390652 2.852619e-05 0 0.001312205 0.0002709988 5.705239e-05 0.0004243271 3.922352e-05 0.0004885111 0.0003244855 0.002292793 0.003719103 3.922352e-05 0.002492476 0.006015461 0.003469498 2.852619e-05 0.0009734564 5.705239e-05 1.42631e-05 3.565774e-06 0.0001212363 0.002699291 0.001330034 0.0003066566 0.00025317 5.348661e-05 0.0001782887 1.069732e-05 0.0004706822 8.914436e-05
4.278929e-05 0.003950878 0.04870848 4.992084e-05 0 0.0002709988 0.002214346 0.0003387486 0.0002674331 0.001087561 0.05906705 5.705239e-05 0.1012573 0.0003565774 0 0.01458758 0.1699626 0.06646603 0.07544109 7.131549e-06 0.07228181 0.002114504 0.1915427 0.009492091 0.002271398 0.4419813 0.1614797 0.03139308 0.0006454051 0.004471481 0.01947626 3.565774e-05 3.565774e-05 0.0181177 0.00177219 0.4057994 0.04424413 0.07453538 0.0174402 0.01717633 0.0001925518 0.001201666 0.0007131549 0 0.0002175122 0.0002781304 7.131549e-06 0 0 0.0001069732 0 3.922352e-05 2.139465e-05 0.00274208 0 0.02744576 0 0 0.0001996834 0.00025317 0.001009114 0.001098258 0 3.922352e-05 7.488126e-05 0.0001925518 0.0002852619 0.0004528533 0.005541213 0.01117157 0.0002139465 7.131549e-06 4.992084e-05 0.002816962 0 0 4.992084e-05 6.061816e-05 0.03026986 0.01269059 0.0001497625 1.782887e-05 2.852619e-05 0 0.005348661 0.0001212363
0.0009591933 0.006889076 0.008094308 0.006001198 0.0004492876 0.01704084 0.1103857 0.01596397 0.001818545 0.1053972 0.1997725 0.006971089 0.05219937 0.01329321 0.0002424727 0.009905721 0.04616251 0.1277867 0.2149627 0.002153728 0.3121407 0.007794783 0.2398875 0.05049136 0.001732966 0.2199512 0.2256565 0.2153442 0.03508365 0.0587176 0.01006975 0.00460698 0.003301907 0.07881074 0.00561966 0.2126378 0.07453538 0.1110168 0.02753847 0.01813909 0.000442156 0.007684244 0.001098258 0 0.0002674331 0.0004849453 0.0003066566 0 0.0001212363 0.004735348 0.0001640256 0.001415612 0.001740098 7.844703e-05 0.0001604598 0.0007060233 5.705239e-05 7.131549e-06 0.0005170373 0.0003530117 0.0002638673 0.0008664831 0.000110539 0.0002139465 0.0001354994 0.0005455635 0.005345096 0.000110539 0.003940181 0.007848269 0.006179487 6.061816e-05 0.001568941 0.00025317 1.42631e-05 3.565774e-06 0.0002460384 0.0002246438 0.006732182 0.0004136298 0.0003708405 5.348661e-05 0.0002282096 3.565774e-06 8.201281e-05 1.069732e-05
2.852619e-05 0.000110539 0.000552695 0.0004243271 1.069732e-05 0.0004492876 0.007074496 0.0007060233 0.0001604598 0.003266249 0.0190662 5.705239e-05 0.006208013 0.0004635507 1.069732e-05 0.001272981 0.002980987 0.02221121 0.02186533 5.348661e-05 0.02340218 0.0001996834 0.030901 0.004532099 0.0001390652 0.03329007 0.01420961 0.01827103 0.0008664831 0.0025317 0.001811413 0.0001034075 5.705239e-05 0.005195333 0.005441372 0.05799732 0.0174402 0.02753847 0.0002282096 0.004500007 2.852619e-05 0.0003102224 0.0002139465 0 2.139465e-05 1.42631e-05 1.42631e-05 0 0 0.000299525 1.42631e-05 0.0001069732 8.201281e-05 0 3.565774e-06 0.0001248021 3.565774e-06 0 5.348661e-05 2.496042e-05 3.922352e-05 0.0001069732 7.131549e-06 2.852619e-05 7.131549e-06 7.844703e-05 0.0003565774 1.069732e-05 0.000363709 0.0005562608 0.0003708405 3.565774e-06 0.000110539 3.565774e-05 0 0 7.131549e-06 0.000331617 0.005790817 5.705239e-05 3.565774e-05 1.782887e-05 2.852619e-05 0 3.565774e-06 7.131549e-06
1.42631e-05 0.0001925518 0.0004171956 0.01451983 0.009934247 0.05292679 0.004043588 0.02801629 0.01095406 0.02590892 0.009834405 0.03928414 0.002389069 0.01685185 0.01638117 0.0003351828 0.0006097474 0.00218582 0.002553094 0.01691603 0.003633524 0.0007916019 0.009748827 0.02367318 3.565774e-05 0.004931466 0.003401749 0.02390495 0.0297136 0.0008201281 0.0001818545 0.02323459 1.782887e-05 0.01561096 8.914436e-05 0.07902112 0.01717633 0.01813909 0.004500007 0.008700489 0.002399766 0.0006774971 0.0001747229 0 3.565774e-06 1.069732e-05 0.0002816962 0 1.42631e-05 0.001101824 5.348661e-05 0.0002246438 0.001501191 1.069732e-05 0.0002816962 3.565774e-06 1.782887e-05 1.782887e-05 2.139465e-05 2.139465e-05 7.131549e-06 2.852619e-05 8.557858e-05 4.992084e-05 1.069732e-05 2.852619e-05 0.001240889 0 8.914436e-05 9.627591e-05 0.001715137 1.782887e-05 0.0004849453 0 3.565774e-06 0 4.635507e-05 1.42631e-05 0.0001390652 1.782887e-05 6.418394e-05 1.42631e-05 0.0003530117 1.069732e-05 3.565774e-06 0
0 0 3.565774e-05 9.627591e-05 0.0006026159 0.006578854 0.001133916 0.003177105 0.0001604598 0.001401349 8.914436e-05 0.0004564191 4.278929e-05 0.002196517 0.0007951677 2.852619e-05 3.209197e-05 3.565774e-06 3.565774e-06 6.418394e-05 0.0007452468 0 0.0002424727 0.0008308254 0 5.348661e-05 2.496042e-05 0.002410463 0.008397398 0.000221078 0 0.01952975 7.131549e-06 0.0001925518 6.061816e-05 0.01813553 0.0001925518 0.000442156 2.852619e-05 0.002399766 0 9.627591e-05 2.852619e-05 0 0 0 3.565774e-06 0 3.565774e-06 7.488126e-05 3.565774e-06 1.069732e-05 2.139465e-05 0 0 0 3.565774e-06 0 3.565774e-06 0 0 0 3.565774e-06 7.131549e-06 0 3.565774e-06 8.201281e-05 0 0 3.565774e-06 8.557858e-05 0 1.782887e-05 0 0 0 7.131549e-06 3.922352e-05 8.557858e-05 0 7.131549e-06 0 7.131549e-06 0 0 0
7.131549e-06 0.001911255 1.069732e-05 7.131549e-06 0 9.271013e-05 0.0001176706 3.565774e-05 3.209197e-05 0.0003708405 0.01607451 4.992084e-05 0.05190341 4.635507e-05 3.565774e-06 0 3.209197e-05 0.0007345495 9.984168e-05 1.42631e-05 2.139465e-05 0.0001675914 1.069732e-05 0.0001248021 0.009185435 0.002952461 0.006364907 0.0001283679 0.0001675914 1.782887e-05 0.002296359 1.42631e-05 0 0.01901984 9.271013e-05 0.01331817 0.001201666 0.007684244 0.0003102224 0.0006774971 9.627591e-05 4.992084e-05 5.705239e-05 0 0.0002424727 0 0 0 0 1.42631e-05 3.565774e-06 7.131549e-06 3.565774e-06 0.0001390652 3.565774e-06 0.001283679 0 0 3.565774e-06 3.565774e-06 7.488126e-05 9.984168e-05 0 0 0 3.565774e-06 2.496042e-05 0.0001176706 0.0003244855 0.0008950093 1.782887e-05 0 3.565774e-06 0.0001141048 0 0 0 2.139465e-05 0.001183837 0.000142631 1.782887e-05 7.131549e-06 3.565774e-06 0 2.852619e-05 0
0 7.131549e-06 9.984168e-05 1.069732e-05 1.42631e-05 0.0002496042 0.0005313004 0.0001354994 1.42631e-05 0.0001925518 4.278929e-05 1.069732e-05 0.0001069732 0.0001568941 0 0.0002389069 6.774971e-05 2.852619e-05 4.278929e-05 1.782887e-05 0.002150162 3.565774e-06 0.002820527 0.000631142 3.565774e-06 0.0001283679 0.0006846287 0.00227853 0.0002852619 0.0002923935 3.565774e-06 0.0001283679 0 0.0001212363 0.0007060233 0.002153728 0.0007131549 0.001098258 0.0002139465 0.0001747229 2.852619e-05 5.705239e-05 7.131549e-06 0 0 3.565774e-06 0 0 0 1.069732e-05 0 7.131549e-06 7.131549e-06 0 0 0 0 0 7.131549e-06 0 0 0 0 0 0 3.565774e-06 3.922352e-05 0 0 7.131549e-06 1.782887e-05 0 3.565774e-06 0 0 0 0 3.565774e-05 4.635507e-05 0 3.565774e-06 0 3.565774e-06 0 0 0
0 0 0 0 0 0 3.565774e-06 0 0 0 0 0 0 0 0 0 0 0 3.565774e-06 0 0 3.565774e-06 0 7.131549e-06 0 3.565774e-06 0 1.069732e-05 0 0 0 0 0 0 0 0 0 0 0 0 0 0 0 0.005683844 0 3.209197e-05 8.201281e-05 0 0.0005241688 0.02725321 0.005904922 7.131549e-06 0.001622427 0.0004029325 4.278929e-05 1.42631e-05 0.07283094 0 0 0.0003387486 0.0001675914 0.0002923935 1.42631e-05 7.131549e-05 0 0.0003066566 5.348661e-05 3.565774e-06 0.001073298 0.000142631 0.001176706 0.09112336 0.01738672 4.635507e-05 0.0007488126 0.001354994 0.004610546 7.131549e-06 0.001765058 5.348661e-05 0.004360942 0.0003886694 0.0001390652 7.488126e-05 0 2.496042e-05
