0.007595741 0 0.002455189 4.749622e-05 0 0.0002703631 0.0535867 0.002320008 7.307111e-06 0.002572103 3.653555e-06 3.653555e-06 7.307111e-06 0.03732107 0 0 0.007924561 8.403177e-05 0.0004347731 1.461422e-05 0.003368578 0 0.02019685 0.0009791528 0 0.002689017 0.000131528 0.00417236 0.03928303 0.06312247 0 4.018911e-05 0.0003324735 0.003364924 3.653555e-06 0.000558994 0.0001169138 0.001077799 0.0002045991 1.461422e-05 1.461422e-05 0 3.653555e-06 0 0 0 0 0 0 3.653555e-06 0 3.653555e-06 0 0 0 0 0 0 3.653555e-06 0 0 0 0 7.307111e-06 3.653555e-06 3.653555e-06 2.557489e-05 0 0 1.096067e-05 7.307111e-06 0 0 0 0 0 0 3.653555e-06 1.461422e-05 0 7.307111e-06 0 0 0 0 0
0 0.001355469 0.003982375 0 1.826778e-05 0 1.461422e-05 0 0.01986073 0 3.653555e-06 3.653555e-06 0.006017406 3.653555e-06 0.0001607564 0.002042337 0.0008037822 1.461422e-05 0.0002813238 0 1.826778e-05 0.06207025 0.0002922844 0.009243495 0.0277999 0.01449365 0.0716243 0.0003142058 7.307111e-06 3.653555e-06 0.0001388351 0 0 0.0001169138 3.653555e-06 0.0008658926 0.0009499244 0.001033956 0.0004676551 9.133888e-05 0 0.0003580484 3.653555e-06 0 0.0008878139 0.002977648 0 0 0 3.653555e-05 1.096067e-05 2.192133e-05 7.307111e-06 8.403177e-05 3.653555e-06 0.0002155598 3.653555e-06 0 0.0001680635 0.0004713086 4.384266e-05 0.0001497958 0 2.922844e-05 2.557489e-05 0.0002922844 0.000131528 0.0001351815 0.002809584 0.01917386 0.000131528 3.653555e-06 3.653555e-06 0.0001278744 0 0 0.0001863313 0 0.000394584 0.0002155598 0.0002995915 0.0001059531 7.307111e-06 0 2.922844e-05 0
0.002455189 0.003982375 0.08510592 4.749622e-05 0 0.005012678 0.08601931 0.02314893 0.001128949 0.004921339 5.845688e-05 3.2882e-05 0.0001205673 0.02290048 2.192133e-05 0.009290991 0.05135437 0.0003032451 0.002341929 3.653555e-05 0.04097828 0.003708359 0.2396477 0.02854523 2.557489e-05 0.1533068 0.1256604 0.04924627 0.006861377 0.001081452 7.307111e-06 0.0003763162 0.0004713086 0.01580893 0.0005443797 0.07556283 0.06377281 0.05455854 0.03053276 0.0004347731 0.0001607564 9.499244e-05 0.0003142058 7.307111e-06 0.00526112 0.01729593 3.653555e-06 3.653555e-06 7.307111e-06 0.0002813238 1.826778e-05 0.0001790242 2.192133e-05 7.307111e-06 0 4.749622e-05 3.2882e-05 0 0.001359123 0.002257897 2.192133e-05 0.0003690091 0 0.0002265204 0.0002776702 0.00340146 0.001139909 6.941755e-05 0.008680847 0.05397397 0.001278744 2.922844e-05 3.653555e-05 3.2882e-05 0 3.653555e-06 0.000993767 3.653555e-05 0.001698903 0.0003032451 0.001318933 0.0007562859 2.922844e-05 0 3.653555e-06 0
4.749622e-05 0 4.749622e-05 0.01725209 8.037822e-05 0.001724478 0.0004457337 0.000460348 0.007168275 0.04999525 3.2882e-05 0.03181881 1.096067e-05 0.0009901135 0.002436921 3.653555e-06 1.096067e-05 1.461422e-05 6.211044e-05 0.02690843 0 3.2882e-05 6.211044e-05 0.006653124 0 6.211044e-05 3.2882e-05 0.03396345 0.003310121 2.192133e-05 3.653555e-06 0.0003470878 0.0003580484 0.002272511 1.826778e-05 0.004289274 0.0001571029 0.004179667 0.0009864599 0.006868684 8.037822e-05 0 9.864599e-05 0 2.922844e-05 0 0.004300235 1.461422e-05 0.002491725 0.004709433 0.001143563 0.003065333 0.01257188 6.211044e-05 0.006897912 3.653555e-06 0.0008476248 0.0004713086 3.653555e-06 0 3.2882e-05 1.096067e-05 0.001560068 1.096067e-05 4.018911e-05 1.096067e-05 0.01129314 7.307111e-06 6.576399e-05 3.653555e-05 0.01377756 0.0007051362 3.653555e-06 3.653555e-06 0.0001242209 1.461422e-05 0.0005334191 0 0.0006064902 7.307111e-06 0.0009681921 5.114977e-05 0.00279497 1.826778e-05 7.307111e-06 0
0 1.826778e-05 0 8.037822e-05 7.307111e-06 0.00153084 2.922844e-05 7.672466e-05 0.0015418 6.941755e-05 7.307111e-06 0.003211475 0 2.192133e-05 0.01036514 0 0 7.307111e-06 2.922844e-05 0.0003105522 0 7.307111e-06 7.307111e-06 0.0007891679 0 1.826778e-05 7.307111e-06 0.0001242209 1.461422e-05 0 0 0.0006868684 3.653555e-06 0.000131528 0 2.557489e-05 3.653555e-06 0.0001388351 1.096067e-05 0.01539243 5.480333e-05 3.653555e-06 0 0 0 0 0 0 0 0 0 0 3.653555e-06 0 3.653555e-06 0 0 0 0 0 0 0 0 0 0 0 1.461422e-05 0 0 0 7.307111e-06 0 3.653555e-06 0 0 0 0 0 3.653555e-06 0 0 0 0 0 0 0
0.0002703631 0 0.005012678 0.001724478 0.00153084 0.2647074 0.1039363 0.1000453 0.001030303 0.1772888 0.00219944 0.09759011 0.0004018911 0.03086158 0.01239651 7.307111e-06 0.003755855 0.001600257 0.003233396 0.01436578 0.0001388351 9.864599e-05 0.007844183 0.003101868 0 0.006470446 0.0002922844 0.006565439 0.03729915 0.0009974206 8.768533e-05 0.04136555 0.0009718457 0.02387964 2.557489e-05 0.01359853 0.0008695462 0.03261894 0.00313475 0.0465536 0.002699977 0.0001205673 0.0001351815 2.192133e-05 0 1.096067e-05 0.0001351815 0 6.941755e-05 0.001373737 1.826778e-05 0.0001936384 0.0007599395 0 0.0003178593 0 5.480333e-05 7.307111e-06 2.192133e-05 0 0 3.653555e-06 7.307111e-05 1.461422e-05 0 6.211044e-05 0.002232322 0 3.653555e-06 5.845688e-05 0.001804856 0.0001096067 2.922844e-05 0 3.653555e-06 1.826778e-05 6.576399e-05 0 6.211044e-05 3.653555e-06 0.00016441 3.2882e-05 5.480333e-05 0 0 0
0.0535867 1.461422e-05 0.08601931 0.0004457337 2.922844e-05 0.1039363 0.08312934 0.0645364 0.005279387 0.1127889 0.000295938 0.003332042 0.0001205673 0.1590648 0.001165484 0.0001534493 0.01502707 0.000361702 0.001516225 0.0008585855 0.0132003 0.0007197504 0.1937298 0.01339393 0 0.03465763 0.005319576 0.166171 0.146756 0.02106275 2.192133e-05 0.00208618 0.01761744 0.04976508 0.0004201589 0.05941777 0.004954221 0.07516459 0.02026627 0.002228669 0.0006466793 7.672466e-05 0.0009681921 6.941755e-05 7.307111e-06 0.0001790242 0.0004384266 0 0.0002228669 0.005776271 0.000131528 0.001837738 0.002458843 4.018911e-05 7.672466e-05 0 0.0002155598 1.096067e-05 0.0008110893 1.826778e-05 7.307111e-06 1.461422e-05 0.0001607564 0.0001680635 0.0001461422 0.001629486 0.009912095 0 0.0001351815 0.0009754993 0.00829357 0.000394584 5.845688e-05 0 4.384266e-05 4.018911e-05 0.0005480333 3.653555e-05 0.0006211044 3.653555e-05 0.00131528 0.000131528 0.0003215129 4.018911e-05 0 7.307111e-06
0.002320008 0 0.02314893 0.000460348 7.672466e-05 0.1000453 0.0645364 0.1605043 0.0001607564 0.07713386 0.001348162 0.01993014 0.0001680635 0.1460691 0.0007928215 4.384266e-05 0.03497183 0.001384697 0.004311195 0.005958949 0.002948419 7.307111e-05 0.06292518 0.003887383 0 0.02655404 0.0006941755 0.01491747 0.02932343 0.0192725 5.480333e-05 0.01721555 0.0007380182 0.01973651 8.403177e-05 0.009038896 0.0009389637 0.02260455 0.003456263 0.007880719 0.00131528 5.845688e-05 7.672466e-05 1.826778e-05 0 1.826778e-05 0 0 1.461422e-05 0.0002009455 2.192133e-05 0.0001205673 2.557489e-05 0 4.018911e-05 0 0 3.653555e-06 2.922844e-05 3.653555e-06 0 3.653555e-06 3.653555e-06 3.2882e-05 7.307111e-06 8.768533e-05 0.0008914675 0 2.192133e-05 5.845688e-05 0.0007635931 6.211044e-05 2.557489e-05 0 3.653555e-06 7.307111e-06 2.557489e-05 0 7.307111e-05 0 0.0001022995 2.557489e-05 4.384266e-05 7.307111e-06 0 0
7.307111e-06 0.01986073 0.001128949 0.007168275 0.0015418 0.001030303 0.005279387 0.0001607564 0.002853427 0.005118631 2.922844e-05 0.001077799 0.001008381 0.0002045991 0.009470015 6.211044e-05 9.133888e-05 4.018911e-05 0.0002447882 0.002678056 7.672466e-05 0.04386824 0.0006759077 0.08690712 0.00828261 0.002689017 0.03054372 0.03862904 0.0004201589 0.005845688 3.2882e-05 0.0002265204 3.2882e-05 0.000591876 1.096067e-05 0.0006137973 0.0003507413 0.001600257 0.0002703631 0.004490219 2.192133e-05 5.114977e-05 3.653555e-06 0.0001899849 0.0001022995 2.557489e-05 0.00333935 3.653555e-06 0.0002594024 0.005078442 0.0001132602 0.003587791 0.005812806 2.557489e-05 0.0009024282 2.922844e-05 0.0002045991 0.0001424887 0.0001863313 3.653555e-06 1.461422e-05 7.307111e-06 0.0006795613 0.0002338275 0.0003434342 0.0001899849 0.02912249 5.480333e-05 0.0001571029 0.0003470878 0.01984246 0.0004201589 0.0002667095 2.557489e-05 1.826778e-05 9.864599e-05 0.0004055446 0 0.001015688 4.749622e-05 0.0009024282 0.0002009455 0.001081452 3.653555e-05 0 0
0.002572103 0 0.004921339 0.04999525 6.941755e-05 0.1772888 0.1127889 0.07713386 0.005118631 0.4278825 0.001483343 0.03455167 0.0002192133 0.08284437 0.001395658 2.557489e-05 0.001070492 0.001245862 0.002436921 0.0607294 0.0001351815 7.672466e-05 0.006273154 0.01343047 0 0.004011604 0.0006174508 0.04785061 0.152419 0.0007307111 0.0001059531 0.007000212 0.007175583 0.07045516 0.000197292 0.06015213 0.001191059 0.1148605 0.01884504 0.004446377 0.002415 8.768533e-05 0.001359123 1.096067e-05 2.192133e-05 2.557489e-05 0.004760583 0 0.001486997 0.01928712 0.000361702 0.003200514 0.0207047 1.826778e-05 0.001096067 0 0.0004091982 9.133888e-05 6.941755e-05 1.826778e-05 1.461422e-05 0 0.001709864 2.557489e-05 2.557489e-05 0.0001680635 0.0256443 1.096067e-05 5.845688e-05 0.0002119062 0.02524972 0.0005736082 2.922844e-05 0 4.018911e-05 4.018911e-05 0.0006174508 1.826778e-05 0.0008037822 7.307111e-06 0.001176445 8.768533e-05 0.001293359 1.461422e-05 0 0
3.653555e-06 3.653555e-06 5.845688e-05 3.2882e-05 7.307111e-06 0.00219944 0.000295938 0.001348162 2.922844e-05 0.001483343 0.1611437 0.002162905 0.02014936 0.001877927 3.653555e-06 1.096067e-05 0.0003397806 0.06240638 0.02498666 0.0006211044 0.0001753707 2.557489e-05 0.0001497958 0.0004165053 0.0004311195 0.0483 0.002089834 0.0003470878 0.002747474 0.0001132602 0.009890174 0.002612292 2.557489e-05 0.07898256 0.0001205673 0.006444872 0.0660307 0.1283713 0.009963245 0.0005772617 0.0004457337 0.01021534 4.018911e-05 0 2.922844e-05 7.307111e-06 3.653555e-06 0 0 4.018911e-05 7.307111e-06 4.384266e-05 7.307111e-06 0.002601331 1.461422e-05 0.007555552 7.307111e-06 0 3.653555e-06 0 7.672466e-05 2.557489e-05 0 3.653555e-06 7.307111e-06 0 0.0002849773 0.001198366 0.001764667 0.001925424 0.0002338275 1.096067e-05 1.096067e-05 0.003708359 0 0 1.826778e-05 7.307111e-06 6.576399e-05 0.004537716 8.403177e-05 1.461422e-05 1.096067e-05 0 0.001066838 3.653555e-06
3.653555e-06 3.653555e-06 3.2882e-05 0.03181881 0.003211475 0.09759011 0.003332042 0.01993014 0.001077799 0.03455167 0.002162905 0.04045582 0.0001205673 0.02571372 0.02120523 0 0.0001753707 0.001666021 0.003054372 0.03721146 0 1.461422e-05 4.749622e-05 0.001585643 0 0.00197292 0.0001205673 0.0157724 0.03857058 1.096067e-05 0.0001132602 0.01628024 3.2882e-05 0.02772318 0 0.001958306 8.037822e-05 0.04422629 0.001103374 0.04894668 0.001286051 4.749622e-05 4.018911e-05 3.653555e-06 1.096067e-05 0 0.001194713 3.653555e-06 0.0001242209 0.0003909304 4.749622e-05 0.001209327 0.002221362 3.653555e-06 0.001753707 0 7.307111e-05 4.384266e-05 0 0 0 0 0.0003543949 0 3.653555e-06 3.653555e-06 0.002323661 1.096067e-05 1.096067e-05 0 0.00230174 5.480333e-05 0 0 0 0 2.922844e-05 0 0.0001899849 0 4.018911e-05 0 0.0009170424 0 0 0
7.307111e-06 0.006017406 0.0001205673 1.096067e-05 0 0.0004018911 0.0001205673 0.0001680635 0.001008381 0.0002192133 0.02014936 0.0001205673 0.05140918 0.0002082527 2.192133e-05 9.864599e-05 0.002265204 0.002360197 0.001815817 6.576399e-05 0.000460348 0.003525681 0.0004530409 0.0004420802 0.01446443 0.02657961 0.06215428 0.0003178593 0.0003397806 0.0001899849 0.02108467 0.0008439713 1.461422e-05 0.008512784 0.003105522 0.0156226 0.07053188 0.05554865 0.004183321 0.0003032451 0.0003470878 0.01679539 0.0001571029 0 0.0001571029 4.749622e-05 0 0 0 2.922844e-05 1.096067e-05 4.384266e-05 0 0.008348374 3.653555e-06 0.03152287 2.922844e-05 0 1.096067e-05 7.307111e-06 0.0006357186 0.0004055446 0 1.096067e-05 4.749622e-05 1.096067e-05 3.653555e-05 0.007084244 0.02070835 0.02357274 2.557489e-05 1.096067e-05 7.307111e-06 0.01817278 3.653555e-06 0 0.000131528 0.0002155598 0.0007124433 0.01248054 0.0004347731 6.576399e-05 7.307111e-06 7.307111e-06 0.002787663 0
0.03732107 3.653555e-06 0.02290048 0.0009901135 2.192133e-05 0.03086158 0.1590648 0.1460691 0.0002045991 0.08284437 0.001877927 0.02571372 0.0002082527 0.09781664 6.576399e-05 4.018911e-05 0.05247601 0.001845045 0.005907799 0.008443366 0.009638079 0.0001132602 0.1073341 0.006762731 0 0.02741263 0.0009097353 0.02779259 0.06093034 0.1148349 0.0001022995 0.01136986 0.0007343646 0.03097119 4.018911e-05 0.006225658 0.0008914675 0.02007994 0.002389425 0.003094561 0.0003397806 6.211044e-05 3.653555e-05 2.922844e-05 0 2.192133e-05 2.192133e-05 0 1.096067e-05 0.0003434342 7.307111e-06 0.0001242209 8.037822e-05 0 7.307111e-05 0 4.018911e-05 0 4.384266e-05 3.653555e-06 0 0 3.653555e-06 1.461422e-05 1.096067e-05 0.0001059531 0.0009901135 3.653555e-06 4.384266e-05 7.307111e-05 0.0009389637 2.922844e-05 1.096067e-05 3.653555e-06 0 0 4.384266e-05 0 6.941755e-05 3.653555e-06 0.0001059531 2.557489e-05 2.922844e-05 7.307111e-06 0 3.653555e-06
0 0.0001607564 2.192133e-05 0.002436921 0.01036514 0.01239651 0.001165484 0.0007928215 0.009470015 0.001395658 3.653555e-06 0.02120523 2.192133e-05 6.576399e-05 0.00412121 0 1.826778e-05 0 0 0.004698472 3.653555e-06 0.0006320651 6.211044e-05 0.01754803 4.749622e-05 6.576399e-05 0.0003178593 0.002813238 8.403177e-05 1.096067e-05 0 0.007442292 0 0.000131528 0 0.00016441 1.096067e-05 5.114977e-05 1.461422e-05 0.01713152 2.192133e-05 0 0 0 0 0 2.922844e-05 0 0 1.461422e-05 0 6.941755e-05 5.480333e-05 0 4.384266e-05 0 3.653555e-06 0 0 0 0 0 1.096067e-05 1.096067e-05 1.461422e-05 7.307111e-06 0.0001424887 0 1.096067e-05 3.653555e-06 0.0001242209 3.653555e-06 3.653555e-06 0 0 0 3.653555e-06 1.096067e-05 3.2882e-05 3.653555e-06 7.307111e-06 0 2.192133e-05 0 0 0
0 0.002042337 0.009290991 3.653555e-06 0 7.307111e-06 0.0001534493 4.384266e-05 6.211044e-05 2.557489e-05 1.096067e-05 0 9.864599e-05 4.018911e-05 0 0.0366342 0.001516225 3.2882e-05 0.0003251664 0 0.004446377 0.1253681 0.05414934 0.007617663 0.0001936384 0.008874486 0.169788 0.004157746 5.114977e-05 0.001786589 0 3.653555e-06 2.557489e-05 0.001954652 0.0003690091 0.04611883 0.01618525 0.01025188 0.005798192 0.0001534493 1.096067e-05 1.096067e-05 0.0002119062 0.0002119062 0.0002447882 0.0009572315 0 0 7.307111e-06 0.0005845688 2.922844e-05 0.0001826778 2.922844e-05 3.653555e-06 3.653555e-06 1.461422e-05 0.0001242209 1.096067e-05 0.02283472 3.2882e-05 3.653555e-06 2.192133e-05 0 0.006678699 0.01046378 0.02535933 0.009696536 3.653555e-06 0.0002009455 0.009093699 0.01249516 0.0009426173 0.001030303 1.096067e-05 3.653555e-06 0.0001278744 0.000295938 1.096067e-05 0.001019342 0.0001205673 0.0003836233 0.0001717171 1.461422e-05 3.653555e-06 0 1.461422e-05
0.007924561 0.0008037822 0.05135437 1.096067e-05 0 0.003755855 0.01502707 0.03497183 9.133888e-05 0.001070492 0.0003397806 0.0001753707 0.002265204 0.05247601 1.826778e-05 0.001516225 0.00504556 0.002400386 0.02024435 9.133888e-05 0.03092735 0.0006174508 0.04405457 0.002184826 2.922844e-05 0.08298685 0.136179 0.01330259 0.03710916 0.01488824 0 0.0006941755 0.002422307 0.03181881 6.941755e-05 0.02655404 0.07516459 0.07034921 0.01560068 0.0002922844 0.0001424887 0.001874274 0.0001205673 7.307111e-06 0.0005407262 0.001373737 0 0 3.653555e-06 7.672466e-05 7.307111e-06 1.826778e-05 7.307111e-06 3.653555e-06 0 5.114977e-05 0 3.653555e-06 0.0005407262 0.0003690091 1.826778e-05 0.0002411346 0 6.211044e-05 0.0001059531 0.001216634 0.0001899849 7.307111e-05 0.004128517 0.009670961 0.0002447882 1.461422e-05 7.307111e-06 1.096067e-05 0 0 0.0001242209 7.307111e-06 0.0002082527 0.000131528 0.0002119062 0.0001022995 1.096067e-05 0 0 0
8.403177e-05 1.461422e-05 0.0003032451 1.461422e-05 7.307111e-06 0.001600257 0.000361702 0.001384697 4.018911e-05 0.001245862 0.06240638 0.001666021 0.002360197 0.001845045 0 3.2882e-05 0.002400386 0.0005736082 0.008596816 0.0005626475 0.000558994 4.749622e-05 0.0003836233 0.0004128517 4.384266e-05 0.07649449 0.008772186 0.0003690091 0.002360197 0.0001022995 0.005429183 0.002067912 4.018911e-05 0.03777045 0.0001022995 0.01508188 0.04862882 0.08825528 0.01630947 0.0006137973 0.0003543949 0.0003580484 3.2882e-05 7.307111e-06 2.557489e-05 1.461422e-05 0 0 0 4.384266e-05 0 3.2882e-05 7.307111e-06 5.845688e-05 3.653555e-06 0.0002813238 0 0 0 3.653555e-06 3.653555e-05 2.557489e-05 3.653555e-06 0 3.653555e-06 3.653555e-06 0.000230174 5.114977e-05 0.0006905219 0.0008914675 0.0001753707 7.307111e-06 7.307111e-06 0.0002082527 0 0 1.461422e-05 1.096067e-05 5.845688e-05 0.000131528 2.922844e-05 0 1.826778e-05 0 0 0
0.0004347731 0.0002813238 0.002341929 6.211044e-05 2.922844e-05 0.003233396 0.001516225 0.004311195 0.0002447882 0.002436921 0.02498666 0.003054372 0.001815817 0.005907799 0 0.0003251664 0.02024435 0.008596816 0.01958306 0.0009864599 0.00346357 0.0006978291 0.002955726 0.0009645386 9.864599e-05 0.1453494 0.04621382 0.001581989 0.006949062 0.0007307111 0.0001899849 0.003295507 0.0002374811 0.08316588 0.0001132602 0.0371457 0.09898577 0.1491856 0.01740554 0.001107027 0.0005114977 0.001647753 0.0001936384 7.307111e-06 0.0001351815 0.0001388351 0 0 0 5.480333e-05 3.653555e-06 3.2882e-05 0 2.192133e-05 3.653555e-06 0.0002009455 7.307111e-06 0 1.461422e-05 5.480333e-05 4.749622e-05 0.0001096067 0 1.096067e-05 3.653555e-06 6.211044e-05 0.0003763162 0.0001169138 0.001421233 0.002254244 0.0002922844 3.653555e-06 0 8.037822e-05 0 0 6.211044e-05 3.653555e-06 8.037822e-05 6.211044e-05 0.0001096067 1.096067e-05 2.192133e-05 0 0 0
1.461422e-05 0 3.653555e-05 0.02690843 0.0003105522 0.01436578 0.0008585855 0.005958949 0.002678056 0.0607294 0.0006211044 0.03721146 6.576399e-05 0.008443366 0.004698472 0 9.133888e-05 0.0005626475 0.0009864599 0.003726626 3.653555e-06 1.096067e-05 3.653555e-05 0.003825272 0 0.0007087897 6.211044e-05 0.03593272 0.01576144 3.653555e-06 4.384266e-05 0.003624327 0.0001059531 0.01080356 2.192133e-05 0.003036104 6.576399e-05 0.01951364 0.001125295 0.01829335 0.000460348 2.922844e-05 5.480333e-05 0 1.096067e-05 0 0.001413926 0 0.0002045991 0.00170621 3.2882e-05 0.001107027 0.004296581 0 0.0006868684 0 4.018911e-05 4.018911e-05 3.653555e-06 0 0 0 0.0003872769 0 1.461422e-05 0 0.003785083 7.307111e-06 7.307111e-06 7.307111e-06 0.004756929 4.018911e-05 0 0 7.307111e-06 0 2.192133e-05 0 0.0002703631 0 7.672466e-05 7.307111e-06 0.0006503328 7.307111e-06 0 0
0.003368578 1.826778e-05 0.04097828 0 0 0.0001388351 0.0132003 0.002948419 7.672466e-05 0.0001351815 0.0001753707 0 0.000460348 0.009638079 3.653555e-06 0.004446377 0.03092735 0.000558994 0.00346357 3.653555e-06 0.1299022 0.02498301 0.3551073 0.004731354 0 0.02590005 0.03752201 0.03594002 0.01065742 0.1096724 1.096067e-05 5.114977e-05 0.00049323 0.07910313 0.002071566 0.2909582 0.04285986 0.2170869 0.05767502 0.0003178593 2.192133e-05 0.0003105522 0.00153084 0.001172791 1.096067e-05 0.0001169138 3.653555e-06 7.307111e-06 3.653555e-06 0.0003470878 9.864599e-05 0.0005188048 1.096067e-05 1.096067e-05 0 0 0.00032882 7.307111e-06 0.01348527 7.307111e-06 1.096067e-05 1.096067e-05 0 0.01741284 0.008476248 0.004866536 0.02660884 0 5.480333e-05 0.0009974206 0.03471608 0.003847194 0.003836233 0 3.653555e-06 0.0007160968 0.001136256 6.576399e-05 0.003423381 0.0004201589 0.001278744 0.0003251664 0.0001424887 1.826778e-05 3.653555e-06 1.826778e-05
0 0.06207025 0.003708359 3.2882e-05 7.307111e-06 9.864599e-05 0.0007197504 7.307111e-05 0.04386824 7.672466e-05 2.557489e-05 1.461422e-05 0.003525681 0.0001132602 0.0006320651 0.1253681 0.0006174508 4.749622e-05 0.0006978291 1.096067e-05 0.02498301 0.01256092 0.08625679 0.1091317 0.0308287 0.009981513 0.1508991 0.03744163 0.000197292 0.002645174 9.133888e-05 9.864599e-05 1.096067e-05 0.0005005371 5.114977e-05 0.004486566 0.001545454 0.002203094 0.0007343646 0.0006357186 7.307111e-06 0.0002009455 3.2882e-05 0.0003872769 5.480333e-05 0.0001096067 3.2882e-05 3.653555e-06 7.307111e-06 0.0003215129 6.941755e-05 0.0004713086 5.845688e-05 4.749622e-05 3.653555e-06 0.0001169138 0.00016441 1.096067e-05 0.02563334 1.461422e-05 3.653555e-06 3.2882e-05 0 0.005363419 0.0008037822 0.01737631 0.0179353 6.576399e-05 0.0004457337 0.002842466 0.01561895 0.001125295 0.001096067 0.0001242209 0 0.0001424887 0.0002813238 1.096067e-05 0.001022995 0.0002009455 0.0004749622 0.00016441 7.307111e-05 3.653555e-06 1.096067e-05 0
0.02019685 0.0002922844 0.2396477 6.211044e-05 7.307111e-06 0.007844183 0.1937298 0.06292518 0.0006759077 0.006273154 0.0001497958 4.749622e-05 0.0004530409 0.1073341 6.211044e-05 0.05414934 0.04405457 0.0003836233 0.002955726 3.653555e-05 0.3551073 0.08625679 0.2598372 0.04301696 1.461422e-05 0.08648696 0.2668082 0.1475598 0.0435723 0.1042505 2.192133e-05 0.00103761 0.002108101 0.05632321 0.004735008 0.4523503 0.1118974 0.253586 0.1106516 0.002418654 6.211044e-05 0.0002082527 0.002480764 7.672466e-05 0.0003142058 0.002853427 7.307111e-06 0 2.922844e-05 0.002374811 6.211044e-05 0.0003690091 0.0001461422 3.653555e-06 3.653555e-06 0 8.768533e-05 0 0.06884029 0.0001242209 3.653555e-06 2.557489e-05 0 0.006642163 0.01835912 0.08699846 0.01228691 3.653555e-06 0.000460348 0.02840274 0.01490651 0.0003215129 0.0004347731 7.307111e-06 3.653555e-06 5.845688e-05 0.0004457337 0.0001899849 0.002009455 0.0001059531 0.0008037822 0.0003032451 6.211044e-05 3.653555e-06 3.653555e-06 1.461422e-05
0.0009791528 0.009243495 0.02854523 0.006653124 0.0007891679 0.003101868 0.01339393 0.003887383 0.08690712 0.01343047 0.0004165053 0.001585643 0.0004420802 0.006762731 0.01754803 0.007617663 0.002184826 0.0004128517 0.0009645386 0.003825272 0.004731354 0.1091317 0.04301696 0.05002813 0.003145711 0.01111046 0.133289 0.08744054 0.02951342 0.03125617 4.384266e-05 0.001958306 0.009605197 0.02758434 0.0006503328 0.09719918 0.02679152 0.05804038 0.01794261 0.0128934 0.0005772617 0.0001132602 0.0007453253 0.001461422 0.0001753707 0.0007489788 0.007694387 7.307111e-06 0.001545454 0.0268719 0.0006905219 0.02536663 0.02532645 9.133888e-05 0.001497958 4.018911e-05 0.001333548 0.0002045991 0.008936596 7.307111e-05 2.557489e-05 2.557489e-05 0.002356543 0.009970552 0.007464213 0.007997632 0.0963954 5.845688e-05 0.0005809153 0.00542553 0.09057894 0.004135825 0.002758434 2.922844e-05 0.0001497958 0.0006137973 0.002298086 1.461422e-05 0.005798192 0.0003726626 0.005297655 0.0008512784 0.002992262 9.499244e-05 1.096067e-05 4.384266e-05
0 0.0277999 2.557489e-05 0 0 0 0 0 0.00828261 0 0.0004311195 0 0.01446443 0 4.749622e-05 0.0001936384 2.922844e-05 4.384266e-05 9.864599e-05 0 0 0.0308287 1.461422e-05 0.003145711 0.001033956 0.00591876 0.0641199 0.0001169138 0 3.653555e-06 0.002316354 0 0 7.307111e-06 0 9.133888e-05 0.000862239 0.0005114977 5.845688e-05 2.192133e-05 0 0.001461422 0 0 0.0001717171 5.480333e-05 0 0 0 1.096067e-05 3.653555e-06 1.461422e-05 3.653555e-06 0.0003068986 0 0.002181172 1.461422e-05 0 3.653555e-06 7.672466e-05 0.0001497958 0.0005041906 3.653555e-06 3.653555e-06 7.307111e-06 3.653555e-06 2.557489e-05 0.0009864599 0.004731354 0.01214807 1.096067e-05 3.653555e-06 0 0.0008439713 0 0 6.211044e-05 0 9.499244e-05 0.0004420802 0.00016441 5.480333e-05 0 0 0.0001242209 0
0.002689017 0.01449365 0.1533068 6.211044e-05 1.826778e-05 0.006470446 0.03465763 0.02655404 0.002689017 0.004011604 0.0483 0.00197292 0.02657961 0.02741263 6.576399e-05 0.008874486 0.08298685 0.07649449 0.1453494 0.0007087897 0.02590005 0.009981513 0.08648696 0.01111046 0.00591876 0.3365071 0.2182378 0.0167479 0.01339759 0.001545454 0.004493873 0.002572103 0.0005516868 0.07284459 0.0005480333 0.1400627 0.5805499 0.3214727 0.07575647 0.001508918 0.0006905219 0.01395293 0.0007380182 3.653555e-05 0.007847837 0.003346657 3.653555e-06 0 2.922844e-05 0.0006393722 0.00016441 0.0002740166 4.384266e-05 0.002279818 3.653555e-05 0.02319277 0.000295938 0 0.0004201589 0.003335696 0.004183321 0.01924328 0 0.0002557489 0.0004749622 0.0007051362 0.0008147428 0.009784221 0.141831 0.2343902 0.0005553404 0.0001059531 9.864599e-05 0.01437309 4.384266e-05 7.307111e-06 0.002725552 5.845688e-05 0.003361271 0.009605197 0.005447451 0.001804856 4.749622e-05 0 0.0004968835 1.461422e-05
0.000131528 0.0716243 0.1256604 3.2882e-05 7.307111e-06 0.0002922844 0.005319576 0.0006941755 0.03054372 0.0006174508 0.002089834 0.0001205673 0.06215428 0.0009097353 0.0003178593 0.169788 0.136179 0.008772186 0.04621382 6.211044e-05 0.03752201 0.1508991 0.2668082 0.133289 0.0641199 0.2182378 0.3694073 0.08580375 0.001940038 0.0005991831 0.001300666 0.0001607564 0.0004676551 0.03556371 0.001552761 0.2047197 0.2070543 0.1685275 0.07426216 0.001187405 0.0004165053 0.00461444 0.001052224 2.922844e-05 0.0645364 0.08631159 1.096067e-05 0 9.499244e-05 0.003642595 0.0003397806 0.0005334191 0.0002192133 0.00346357 1.096067e-05 0.03482204 0.000361702 0 0.0306789 0.01165849 0.004786157 0.0214281 1.096067e-05 0.003014183 0.01138448 0.05356112 0.007800341 0.02712765 0.2219206 0.7016178 0.01138813 0.0002119062 0.0002082527 0.01959767 3.2882e-05 1.461422e-05 0.006492368 0.0001278744 0.0111543 0.0115562 0.01196539 0.004687511 8.403177e-05 1.826778e-05 0.0006722542 4.749622e-05
0.00417236 0.0003142058 0.04924627 0.03396345 0.0001242209 0.006565439 0.166171 0.01491747 0.03862904 0.04785061 0.0003470878 0.0157724 0.0003178593 0.02779259 0.002813238 0.004157746 0.01330259 0.0003690091 0.001581989 0.03593272 0.03594002 0.03744163 0.1475598 0.08744054 0.0001169138 0.0167479 0.08580375 0.1830322 0.104879 0.1038962 3.653555e-05 0.0009170424 0.02871694 0.08744054 0.001501611 0.2205724 0.03601309 0.1481955 0.04512141 0.004311195 0.0006174508 0.0002667095 0.002005802 0.003215129 9.864599e-05 0.0008074357 0.005608207 4.018911e-05 0.001552761 0.02193229 0.001329894 0.02100064 0.02248033 0.000131528 0.001866967 1.096067e-05 0.002279818 0.0001717171 0.007986672 5.114977e-05 9.499244e-05 3.2882e-05 0.002045991 0.01312722 0.007825915 0.005531483 0.1173193 1.461422e-05 0.0006759077 0.004004297 0.1197782 0.007519017 0.005480333 1.461422e-05 0.0002374811 0.001165484 0.003975068 8.403177e-05 0.009765953 0.0005991831 0.01004728 0.001384697 0.003704705 0.0002338275 2.192133e-05 4.749622e-05
0.03928303 7.307111e-06 0.006861377 0.003310121 1.461422e-05 0.03729915 0.146756 0.02932343 0.0004201589 0.152419 0.002747474 0.03857058 0.0003397806 0.06093034 8.403177e-05 5.114977e-05 0.03710916 0.002360197 0.006949062 0.01576144 0.01065742 0.000197292 0.0435723 0.02951342 0 0.01339759 0.001940038 0.104879 0.1662404 0.08747707 0.000131528 0.01023726 0.01709864 0.06610012 1.826778e-05 0.008140121 0.001998495 0.03538834 0.002524607 0.002656135 0.002429614 7.672466e-05 5.480333e-05 1.096067e-05 3.653555e-06 4.018911e-05 3.2882e-05 3.653555e-06 1.826778e-05 0.0005845688 2.192133e-05 0.0003361271 0.0002155598 0 9.133888e-05 0 6.941755e-05 3.653555e-06 0.0001132602 7.307111e-06 0 7.307111e-06 1.096067e-05 4.384266e-05 2.192133e-05 0.0001571029 0.002166558 0 2.557489e-05 0.0001205673 0.001998495 9.499244e-05 3.653555e-05 0 0 1.096067e-05 6.576399e-05 3.653555e-06 0.00016441 7.307111e-06 0.0002119062 1.461422e-05 7.672466e-05 3.653555e-06 0 0
0.06312247 3.653555e-06 0.001081452 2.192133e-05 0 0.0009974206 0.02106275 0.0192725 0.005845688 0.0007307111 0.0001132602 1.096067e-05 0.0001899849 0.1148349 1.096067e-05 0.001786589 0.01488824 0.0001022995 0.0007307111 3.653555e-06 0.1096724 0.002645174 0.1042505 0.03125617 3.653555e-06 0.001545454 0.0005991831 0.1038962 0.08747707 0.04129979 3.653555e-06 0.00032882 0.02571372 0.08793377 0.0006137973 0.1046196 0.02782913 0.1024493 0.02011282 7.307111e-05 5.480333e-05 9.864599e-05 0.000591876 0.001527186 1.461422e-05 0.0004786157 2.922844e-05 7.307111e-06 0.0001278744 0.003470878 0.0008403177 0.005688586 0.0003142058 0.0001497958 3.653555e-05 3.653555e-06 0.001662368 1.096067e-05 0.0002484418 4.018911e-05 0.0001022995 4.018911e-05 1.461422e-05 0.002597678 0.0007526324 0.0006393722 0.03814312 0 0.0005809153 0.001059531 0.0471126 0.003306468 0.001863313 1.096067e-05 0.0002374811 0.0003507413 0.003061679 1.826778e-05 0.005228238 0.0002374811 0.008984092 0.0007380182 0.002246936 0.0001790242 7.307111e-06 3.2882e-05
0 0.0001388351 7.307111e-06 3.653555e-06 0 8.768533e-05 2.192133e-05 5.480333e-05 3.2882e-05 0.0001059531 0.009890174 0.0001132602 0.02108467 0.0001022995 0 0 0 0.005429183 0.0001899849 4.384266e-05 1.096067e-05 9.133888e-05 2.192133e-05 4.384266e-05 0.002316354 0.004493873 0.001300666 3.653555e-05 0.000131528 3.653555e-06 0.001297012 0.0001205673 0 0.00571416 3.653555e-06 0.002075219 0.03820523 0.02505608 0.002963033 4.018911e-05 5.480333e-05 0.002064259 1.461422e-05 0 1.461422e-05 7.307111e-06 0 0 0 1.461422e-05 7.307111e-06 1.826778e-05 0 0.002166558 0 0.01063915 3.653555e-06 0 0 7.307111e-06 0.0002374811 5.114977e-05 0 7.307111e-06 7.307111e-06 3.653555e-06 2.192133e-05 0.001329894 0.008271649 0.008644312 7.307111e-06 0 0 0.007668813 3.653555e-06 0 4.018911e-05 0 8.403177e-05 0.003693744 0.00016441 4.384266e-05 0 0 0.0003324735 0
4.018911e-05 0 0.0003763162 0.0003470878 0.0006868684 0.04136555 0.00208618 0.01721555 0.0002265204 0.007000212 0.002612292 0.01628024 0.0008439713 0.01136986 0.007442292 3.653555e-06 0.0006941755 0.002067912 0.003295507 0.003624327 5.114977e-05 9.864599e-05 0.00103761 0.001958306 0 0.002572103 0.0001607564 0.0009170424 0.01023726 0.00032882 0.0001205673 0.00016441 3.2882e-05 0.02393079 0 0.0170073 0.001176445 0.02881194 0.002104448 0.01898387 0.008856218 0.0002192133 5.480333e-05 1.461422e-05 0 1.096067e-05 1.096067e-05 0 3.653555e-06 0.0003105522 1.096067e-05 9.499244e-05 3.653555e-05 0 6.576399e-05 0 3.653555e-05 3.653555e-06 0 3.653555e-06 0 0 0 2.557489e-05 7.307111e-06 1.826778e-05 0.001205673 0 1.096067e-05 1.096067e-05 0.001052224 7.307111e-05 2.922844e-05 0 3.653555e-06 3.653555e-06 3.653555e-05 0 0.0001096067 0 0.0001059531 1.826778e-05 5.480333e-05 0 3.653555e-06 0
0.0003324735 0 0.0004713086 0.0003580484 3.653555e-06 0.0009718457 0.01761744 0.0007380182 3.2882e-05 0.007175583 2.557489e-05 3.2882e-05 1.461422e-05 0.0007343646 0 2.557489e-05 0.002422307 4.018911e-05 0.0002374811 0.0001059531 0.00049323 1.096067e-05 0.002108101 0.009605197 0 0.0005516868 0.0004676551 0.02871694 0.01709864 0.02571372 0 3.2882e-05 0.000131528 0.006492368 3.653555e-06 0.0005224584 0.0001607564 0.003675477 0.0005005371 1.461422e-05 7.307111e-06 2.557489e-05 1.096067e-05 3.653555e-06 0 0 0 0 3.653555e-06 1.826778e-05 0 1.096067e-05 1.826778e-05 0 0 0 0 0 3.2882e-05 0 0 0 0 7.307111e-06 1.096067e-05 2.922844e-05 9.133888e-05 0 0 2.557489e-05 0.0001571029 7.307111e-06 0 0 0 3.653555e-06 0 0 1.096067e-05 0 1.461422e-05 0 3.653555e-06 0 0 0
0.003364924 0.0001169138 0.01580893 0.002272511 0.000131528 0.02387964 0.04976508 0.01973651 0.000591876 0.07045516 0.07898256 0.02772318 0.008512784 0.03097119 0.000131528 0.001954652 0.03181881 0.03777045 0.08316588 0.01080356 0.07910313 0.0005005371 0.05632321 0.02758434 7.307111e-06 0.07284459 0.03556371 0.08744054 0.06610012 0.08793377 0.00571416 0.02393079 0.006492368 0.02705092 9.499244e-05 0.01734343 0.01009112 0.04869458 0.004373306 0.004523101 0.00016441 0.001439501 6.576399e-05 5.114977e-05 8.403177e-05 0.0004201589 4.749622e-05 0 1.826778e-05 0.001055877 5.845688e-05 0.0004566944 0.0002009455 1.826778e-05 0.0001351815 2.192133e-05 0.0001132602 3.653555e-06 0.0003872769 5.845688e-05 7.307111e-06 2.192133e-05 1.461422e-05 0.0001169138 7.672466e-05 0.0007380182 0.003558563 1.096067e-05 0.0003872769 0.002133676 0.003394153 0.0002009455 9.133888e-05 1.461422e-05 1.826778e-05 1.461422e-05 0.0001936384 3.653555e-06 0.0003251664 3.653555e-05 0.0004859229 6.941755e-05 0.0001278744 1.096067e-05 1.826778e-05 1.096067e-05
3.653555e-06 3.653555e-06 0.0005443797 1.826778e-05 0 2.557489e-05 0.0004201589 8.403177e-05 1.096067e-05 0.000197292 0.0001205673 0 0.003105522 4.018911e-05 0 0.0003690091 6.941755e-05 0.0001022995 0.0001132602 2.192133e-05 0.002071566 5.114977e-05 0.004735008 0.0006503328 0 0.0005480333 0.001552761 0.001501611 1.826778e-05 0.0006137973 3.653555e-06 0 3.653555e-06 9.499244e-05 0.8247755 0.2041461 0.005443797 0.01449365 0.02100794 6.941755e-05 0.0001826778 0.003039758 0.001596604 0 0 1.096067e-05 0 0 3.653555e-06 8.037822e-05 1.096067e-05 0 2.192133e-05 7.307111e-06 0 0.000131528 1.461422e-05 0 3.2882e-05 3.653555e-06 0 7.307111e-06 0 0.0001899849 7.307111e-06 0.0002374811 4.384266e-05 0 1.826778e-05 0.000131528 0.0001899849 3.653555e-06 5.845688e-05 0 7.307111e-06 0 7.307111e-05 0.6372275 0.002415 0.0001753707 0.0004530409 0.0006795613 1.461422e-05 5.480333e-05 0.0002228669 0.0001607564
0.000558994 0.0008658926 0.07556283 0.004289274 2.557489e-05 0.01359853 0.05941777 0.009038896 0.0006137973 0.06015213 0.006444872 0.001958306 0.0156226 0.006225658 0.00016441 0.04611883 0.02655404 0.01508188 0.0371457 0.003036104 0.2909582 0.004486566 0.4523503 0.09719918 9.133888e-05 0.1400627 0.2047197 0.2205724 0.008140121 0.1046196 0.002075219 0.0170073 0.0005224584 0.01734343 0.2041461 0.09082738 0.4255259 0.2853865 0.0630421 0.02062067 0.04161765 0.03806639 0.006879645 4.749622e-05 0.0004384266 0.001940038 1.826778e-05 0 2.192133e-05 0.0006174508 2.192133e-05 0.0003105522 0.0001461422 2.922844e-05 1.826778e-05 0.0001096067 5.114977e-05 0 0.003737587 0.0002995915 1.461422e-05 0.0001022995 0 0.000263056 0.0008658926 0.006594667 0.002162905 5.845688e-05 0.001896195 0.01131506 0.002100794 0.0001132602 6.576399e-05 4.384266e-05 1.461422e-05 3.653555e-06 0.0002338275 0.006108744 0.002038684 0.0006028366 0.0008110893 0.0003215129 0.0001717171 0.0002520953 0.0002192133 0.00016441
0.0001169138 0.0009499244 0.06377281 0.0001571029 3.653555e-06 0.0008695462 0.004954221 0.0009389637 0.0003507413 0.001191059 0.0660307 8.037822e-05 0.07053188 0.0008914675 1.096067e-05 0.01618525 0.07516459 0.04862882 0.09898577 6.576399e-05 0.04285986 0.001545454 0.1118974 0.02679152 0.000862239 0.5805499 0.2070543 0.03601309 0.001998495 0.02782913 0.03820523 0.001176445 0.0001607564 0.01009112 0.005443797 0.4255259 0.08828816 0.05126303 0.0232293 0.00630969 0.003419728 0.006075862 0.003090908 1.096067e-05 0.0005297655 0.0004749622 3.653555e-06 0 7.307111e-06 0.0001022995 1.096067e-05 7.672466e-05 1.096067e-05 0.007884372 0 0.01738362 1.826778e-05 3.653555e-06 0.001063185 0.000131528 0.0001497958 0.0002520953 0 8.768533e-05 0.0002849773 0.001713517 0.0004968835 0.0006137973 0.004398881 0.009298298 0.0004822693 3.653555e-05 1.826778e-05 0.006649471 3.653555e-06 0 9.133888e-05 0.0003580484 0.001666021 0.001655061 0.00032882 9.499244e-05 3.653555e-06 3.653555e-06 0.0001607564 3.653555e-06
0.001077799 0.001033956 0.05455854 0.004179667 0.0001388351 0.03261894 0.07516459 0.02260455 0.001600257 0.1148605 0.1283713 0.04422629 0.05554865 0.02007994 5.114977e-05 0.01025188 0.07034921 0.08825528 0.1491856 0.01951364 0.2170869 0.002203094 0.253586 0.05804038 0.0005114977 0.3214727 0.1685275 0.1481955 0.03538834 0.1024493 0.02505608 0.02881194 0.003675477 0.04869458 0.01449365 0.2853865 0.05126303 0.07737134 0.02395636 0.0129482 0.003474531 0.01119084 0.002393079 0.0001607564 0.0004786157 0.001432194 3.653555e-05 7.307111e-06 3.653555e-05 0.002100794 0.0001242209 0.001154523 0.0003543949 0.0001096067 0.0001534493 0.0003580484 0.0002447882 1.461422e-05 0.002440575 0.0002776702 4.384266e-05 0.0001571029 4.018911e-05 0.0004091982 0.0004640015 0.003518374 0.00833376 0.0001022995 0.002506339 0.0107378 0.007179236 0.0004128517 0.0002119062 0.0001169138 5.114977e-05 4.384266e-05 0.0005005371 0.0009462708 0.001775628 0.0004347731 0.001300666 0.0003178593 0.000295938 7.307111e-05 0.0002192133 4.749622e-05
0.0002045991 0.0004676551 0.03053276 0.0009864599 1.096067e-05 0.00313475 0.02026627 0.003456263 0.0002703631 0.01884504 0.009963245 0.001103374 0.004183321 0.002389425 1.461422e-05 0.005798192 0.01560068 0.01630947 0.01740554 0.001125295 0.05767502 0.0007343646 0.1106516 0.01794261 5.845688e-05 0.07575647 0.07426216 0.04512141 0.002524607 0.02011282 0.002963033 0.002104448 0.0005005371 0.004373306 0.02100794 0.0630421 0.0232293 0.02395636 0.0009499244 0.001022995 6.576399e-05 0.002089834 0.0005114977 3.653555e-06 0.0002228669 0.0006357186 7.307111e-06 3.653555e-06 2.192133e-05 0.0002155598 4.018911e-05 8.768533e-05 4.749622e-05 7.307111e-06 3.653555e-06 2.192133e-05 4.018911e-05 3.653555e-06 0.0009024282 0.0001388351 7.307111e-06 4.018911e-05 3.653555e-06 5.114977e-05 0.0001863313 0.001486997 0.0007160968 1.826778e-05 0.0008805068 0.00412121 0.0006941755 4.384266e-05 3.653555e-05 7.307111e-06 1.826778e-05 3.653555e-06 0.0001534493 0.001461422 0.0005772617 9.499244e-05 0.0005809153 0.0001680635 2.557489e-05 0.0001242209 0.0001242209 4.018911e-05
1.461422e-05 9.133888e-05 0.0004347731 0.006868684 0.01539243 0.0465536 0.002228669 0.007880719 0.004490219 0.004446377 0.0005772617 0.04894668 0.0003032451 0.003094561 0.01713152 0.0001534493 0.0002922844 0.0006137973 0.001107027 0.01829335 0.0003178593 0.0006357186 0.002418654 0.0128934 2.192133e-05 0.001508918 0.001187405 0.004311195 0.002656135 7.307111e-05 4.018911e-05 0.01898387 1.461422e-05 0.004523101 6.941755e-05 0.02062067 0.00630969 0.0129482 0.001022995 0.01922135 0.007142701 0.0002849773 0.0007599395 4.018911e-05 3.653555e-06 1.461422e-05 0.0002338275 0 1.826778e-05 0.0002265204 3.653555e-05 0.0002776702 0.0005078442 3.653555e-06 0.0004055446 3.653555e-06 6.941755e-05 1.461422e-05 3.2882e-05 0 3.653555e-06 0 4.018911e-05 6.941755e-05 2.922844e-05 4.018911e-05 0.001424887 0 1.826778e-05 6.211044e-05 0.001687943 5.114977e-05 2.557489e-05 0 7.307111e-06 0 5.845688e-05 1.826778e-05 0.0004384266 7.307111e-06 0.0001790242 3.2882e-05 0.0003982375 7.307111e-06 3.653555e-06 7.307111e-06
1.461422e-05 0 0.0001607564 8.037822e-05 5.480333e-05 0.002699977 0.0006466793 0.00131528 2.192133e-05 0.002415 0.0004457337 0.001286051 0.0003470878 0.0003397806 2.192133e-05 1.096067e-05 0.0001424887 0.0003543949 0.0005114977 0.000460348 2.192133e-05 7.307111e-06 6.211044e-05 0.0005772617 0 0.0006905219 0.0004165053 0.0006174508 0.002429614 5.480333e-05 5.480333e-05 0.008856218 7.307111e-06 0.00016441 0.0001826778 0.04161765 0.003419728 0.003474531 6.576399e-05 0.007142701 3.653555e-06 0.0009645386 9.133888e-05 7.307111e-06 0 3.653555e-06 0 0 0 6.576399e-05 1.096067e-05 4.018911e-05 1.461422e-05 0 0 0 1.096067e-05 0 3.653555e-06 0 0 3.653555e-06 3.653555e-06 3.653555e-06 3.653555e-06 0 0.0002667095 0 7.307111e-06 2.192133e-05 0.0001607564 1.461422e-05 7.307111e-06 0 0 3.653555e-06 4.384266e-05 2.192133e-05 0.0001534493 3.653555e-06 7.307111e-05 2.192133e-05 1.826778e-05 1.826778e-05 1.826778e-05 3.653555e-06
0 0.0003580484 9.499244e-05 0 3.653555e-06 0.0001205673 7.672466e-05 5.845688e-05 5.114977e-05 8.768533e-05 0.01021534 4.749622e-05 0.01679539 6.211044e-05 0 1.096067e-05 0.001874274 0.0003580484 0.001647753 2.922844e-05 0.0003105522 0.0002009455 0.0002082527 0.0001132602 0.001461422 0.01395293 0.00461444 0.0002667095 7.672466e-05 9.864599e-05 0.002064259 0.0002192133 2.557489e-05 0.001439501 0.003039758 0.03806639 0.006075862 0.01119084 0.002089834 0.0002849773 0.0009645386 9.864599e-05 0.000526112 0 7.307111e-06 0 0 0 0 0 0 3.653555e-06 0 0.0009791528 0 0.002002148 0 0 3.653555e-06 0 7.307111e-06 1.096067e-05 0 0 0 3.653555e-06 1.826778e-05 0.0001497958 0.0001790242 0.0004384266 3.653555e-06 0 0 0.0003580484 0 0 7.307111e-06 0.000263056 0.0009097353 5.845688e-05 7.672466e-05 0 0 3.653555e-06 3.653555e-06 0
3.653555e-06 3.653555e-06 0.0003142058 9.864599e-05 0 0.0001351815 0.0009681921 7.672466e-05 3.653555e-06 0.001359123 4.018911e-05 4.018911e-05 0.0001571029 3.653555e-05 0 0.0002119062 0.0001205673 3.2882e-05 0.0001936384 5.480333e-05 0.00153084 3.2882e-05 0.002480764 0.0007453253 0 0.0007380182 0.001052224 0.002005802 5.480333e-05 0.000591876 1.461422e-05 5.480333e-05 1.096067e-05 6.576399e-05 0.001596604 0.006879645 0.003090908 0.002393079 0.0005114977 0.0007599395 9.133888e-05 0.000526112 2.192133e-05 3.653555e-06 0 1.096067e-05 0 0 0 1.461422e-05 3.653555e-06 3.653555e-06 7.307111e-06 0 0 0 3.653555e-06 0 1.096067e-05 3.653555e-06 3.653555e-06 0 0 1.096067e-05 7.307111e-06 1.826778e-05 2.557489e-05 0 1.461422e-05 6.211044e-05 2.557489e-05 0 0 0 0 0 0 7.307111e-05 8.403177e-05 0 1.461422e-05 3.653555e-06 3.653555e-06 7.307111e-06 0 3.653555e-06
