0.003675133 0 0.001252496 7.206144e-05 0 0.0002848143 0.02944224 0.002597643 0.001026018 0.001286811 0.0003122662 2.058898e-05 6.862994e-06 0.03209822 0 0 0.0111558 1.715749e-05 0.00366827 1.372599e-05 0.0008887577 4.460946e-05 0.001104942 0.001653982 0 0.001060333 6.862994e-05 0.00316384 0.03944506 0.01330735 3.431497e-06 6.862994e-06 0.00350699 0.009625349 0 0.000586786 9.608192e-05 0.000614238 5.833545e-05 1.029449e-05 3.088347e-05 1.372599e-05 0 3.431497e-06 0 0 0 0 3.431497e-06 0.0001235339 1.029449e-05 2.745198e-05 0 0 0 0 0 0 1.715749e-05 0 0 0 3.431497e-06 3.431497e-06 0 6.862994e-06 0.0002882458 0 6.862994e-06 2.058898e-05 0.0002058898 0 1.715749e-05 0 3.431497e-06 0 0 0 4.804096e-05 0 3.774647e-05 0 1.715749e-05 0 0 0
0 0.003469243 0.001245633 6.862994e-06 6.862994e-06 0 5.833545e-05 3.431497e-06 0.03011139 0 0.0009436617 0 0.009409165 0 6.862994e-05 0.001321126 0.0001132394 6.862994e-06 5.490395e-05 0 5.490395e-05 0.07883864 6.519844e-05 0.04215937 0.02080173 0.005682559 0.06794364 0.001156414 0 1.029449e-05 0.0002470678 0 3.431497e-06 9.265042e-05 0 0.0002985402 0.002003994 0.003963379 3.431497e-05 7.206144e-05 3.431497e-06 0.008129216 1.715749e-05 0 0.0001269654 0.0007720868 0 0 0 1.029449e-05 3.431497e-06 3.431497e-06 0 5.490395e-05 0 0.0005009986 0 0 0.0002093213 0.002583917 2.402048e-05 0.0001612804 0 1.715749e-05 3.774647e-05 0.0003774647 9.265042e-05 0.0002539308 0.002082919 0.03261638 8.578743e-05 3.431497e-06 3.431497e-06 5.490395e-05 0 0 6.862994e-05 3.431497e-06 0.0001750063 0.0002299103 0.0001132394 4.117796e-05 3.431497e-06 3.431497e-06 2.058898e-05 0
0.001252496 0.001245633 0.08387608 0.0001612804 0 0.001777515 0.2784248 0.01751436 0.0005112931 0.005939921 0.0003877592 1.372599e-05 0.0001201024 0.01960071 0 0.0002264788 0.08341969 0.0001647119 0.005685991 1.029449e-05 0.02089439 0.0002539308 0.2757688 0.003304532 0.0003019717 0.1699277 0.08928755 0.1320612 0.00428594 0.0452237 0.0001372599 0.0001372599 0.0002539308 0.03885141 5.833545e-05 0.04524429 0.05978697 0.06353074 0.004179563 0.0002367733 6.862994e-05 9.951341e-05 7.549293e-05 1.029449e-05 0.005377156 0.02003994 6.862994e-06 0 1.029449e-05 0.0004358001 1.715749e-05 0.0001715749 2.058898e-05 2.745198e-05 0 0.0001201024 1.715749e-05 0 0.0019937 0.007353698 5.833545e-05 0.0003980537 3.431497e-06 0.0002642253 0.0005421765 0.01208573 0.001921638 6.519844e-05 0.004879589 0.1722509 0.001458386 2.745198e-05 9.951341e-05 3.431497e-05 0 3.431497e-06 0.0008372853 7.206144e-05 0.005054595 0.0001681434 0.002450089 0.0011221 5.490395e-05 6.862994e-06 3.431497e-06 1.372599e-05
7.206144e-05 6.862994e-06 0.0001612804 0.01664619 8.578743e-05 0.00222361 0.002618232 0.001166709 0.0302658 0.03365955 9.951341e-05 0.1061293 3.431497e-06 0.001537311 0.001643687 3.088347e-05 6.862994e-06 1.372599e-05 5.490395e-05 0.02431559 0 6.862994e-05 1.029449e-05 0.03715968 0 0.0001509859 0.0005284505 0.01859185 0.00181183 0.0001269654 0 0.0001921638 6.862994e-05 0.001207887 1.029449e-05 0.002354007 0.0001166709 0.005528142 0.001262791 0.005565888 0.000538745 3.431497e-06 8.235593e-05 6.862994e-06 0 1.029449e-05 0.001653982 0 0.0003706017 0.001990268 0.0001235339 0.002607938 0.006976233 2.402048e-05 0.00236087 0 9.265042e-05 2.058898e-05 1.372599e-05 0 1.372599e-05 0 0.001327989 0 1.372599e-05 2.745198e-05 0.002731472 0 3.431497e-05 6.176695e-05 0.007209575 0.0001647119 1.029449e-05 0 1.029449e-05 3.431497e-06 9.265042e-05 3.431497e-05 5.833545e-05 1.029449e-05 0.0004495261 3.088347e-05 0.0003843277 2.402048e-05 0 6.862994e-06
0 6.862994e-06 0 8.578743e-05 0 0.0001681434 1.715749e-05 0.0001063764 0.003661407 0.0001681434 6.862994e-06 0.005174698 0 0 0.03049228 0 0 0 3.431497e-06 0.0001235339 0 0 0 9.951341e-05 3.431497e-06 1.029449e-05 0 3.774647e-05 2.745198e-05 3.431497e-06 0 3.431497e-06 0 3.088347e-05 0 3.088347e-05 0 4.804096e-05 0 0.009820944 0 0 3.431497e-06 0 0 0 0 0 0 0 0 0 6.862994e-06 0 0 0 0 0 0 0 0 0 3.431497e-06 0 0 0 3.431497e-06 0 0 0 0 0 0 0 0 0 0 0 0 0 0 0 0 0 0 0
0.0002848143 0 0.001777515 0.00222361 0.0001681434 0.1445381 0.03717341 0.1097907 0.001870166 0.1164032 0.004220741 0.04145592 0.0001098079 0.04327461 0.004059461 6.862994e-06 0.0003980537 0.0008818947 0.002295672 0.003170703 3.431497e-06 1.029449e-05 8.578743e-05 0.002055467 0 0.003966811 0.0006691419 0.009611623 0.02250376 0.0001818693 5.147246e-05 0.01385982 0.0002539308 0.0171369 3.431497e-06 0.002477541 0.0002367733 0.03769843 0.002439794 0.0334571 0.01011948 0.0001269654 0.0001612804 0 0 6.862994e-06 0.0001338284 0 6.862994e-06 0.0003980537 1.029449e-05 0.0002196158 0.0005902175 0 0.0001063764 6.862994e-06 1.372599e-05 0 1.372599e-05 3.431497e-06 0 3.431497e-06 0.0001201024 6.862994e-06 3.431497e-06 2.402048e-05 0.0004872726 0 1.372599e-05 2.745198e-05 0.0009265042 2.402048e-05 3.431497e-06 0 3.431497e-06 0 1.029449e-05 3.431497e-05 1.715749e-05 0 7.549293e-05 6.862994e-06 3.774647e-05 0 0 0
0.02944224 5.833545e-05 0.2784248 0.002618232 1.715749e-05 0.03717341 0.0867105 0.0661524 0.02918831 0.08635362 0.001372599 0.001770652 7.892443e-05 0.1356299 0.0001647119 0.0002436363 0.08590753 0.0003980537 0.02171451 9.608192e-05 0.0163854 0.0004735466 0.04740956 0.07386984 4.117796e-05 0.03236245 0.02341654 0.1858636 0.1321092 0.05112587 2.745198e-05 0.001293674 0.008609626 0.04904296 8.578743e-05 0.03850826 0.003884455 0.1006698 0.02028358 0.002628527 0.003548168 0.0001269654 0.0007068884 1.029449e-05 4.117796e-05 0.0002436363 0.00114612 0 0.0001475544 0.007889012 0.0001544174 0.003603072 0.003675133 4.117796e-05 0.0005181561 2.058898e-05 0.0001784378 1.029449e-05 0.001520153 0.0002470678 2.745198e-05 5.833545e-05 0.0006382584 2.745198e-05 0.0003774647 0.002329986 0.01104256 1.715749e-05 0.0002985402 0.003167272 0.01338284 0.0003671702 0.0001441229 6.862994e-06 1.715749e-05 2.058898e-05 0.0002504993 0.0003431497 0.0007617923 1.715749e-05 0.001636824 0.0001715749 0.0004392316 0.0001441229 0 1.372599e-05
0.002597643 3.431497e-06 0.01751436 0.001166709 0.0001063764 0.1097907 0.0661524 0.1579449 0.004450652 0.04870667 0.0115813 0.02874222 0.0003328552 0.1880083 0.000621101 3.431497e-06 0.02917802 0.002257925 0.02336163 0.002295672 0.0004049166 9.265042e-05 0.001221613 0.01466622 0 0.0166359 0.001273085 0.03007364 0.06114241 0.002872163 9.951341e-05 0.01893843 0.0009539562 0.04797576 1.029449e-05 0.005710011 0.0008372853 0.03099328 0.001828988 0.01417208 0.01430591 0.0002504993 7.549293e-05 1.029449e-05 6.862994e-06 0 2.402048e-05 0 6.862994e-06 0.0008956207 3.431497e-05 0.0001612804 4.460946e-05 0 1.372599e-05 3.431497e-06 1.715749e-05 0 5.833545e-05 0 1.029449e-05 1.715749e-05 6.862994e-06 0 1.372599e-05 6.862994e-06 0.002137823 0 4.117796e-05 0.0001921638 0.001327989 4.117796e-05 7.892443e-05 0 0 1.029449e-05 3.431497e-05 1.715749e-05 0.0002367733 6.862994e-06 0.0002470678 3.088347e-05 6.519844e-05 6.862994e-06 0 0
0.001026018 0.03011139 0.0005112931 0.0302658 0.003661407 0.001870166 0.02918831 0.004450652 0.006986528 0.05565202 0.0002230473 0.01462161 0.001667708 0.008201278 0.006183558 0.001681434 7.892443e-05 3.431497e-05 8.235593e-05 0.01434023 0.003266785 0.03656946 0.0004804096 0.07903081 0.00916896 0.001873597 0.02705049 0.08079803 0.008575311 0.01892127 9.951341e-05 0.0001715749 0.0009230727 0.001527016 3.431497e-06 0.003901612 0.0006416899 0.005411471 0.0009745452 0.006622789 0.0003637387 0.0004666836 5.833545e-05 7.549293e-05 2.058898e-05 4.804096e-05 0.005109499 0 0.0002127528 0.01417208 0.0003294237 0.001118668 0.0153182 3.088347e-05 0.003421203 7.206144e-05 0.0002230473 1.029449e-05 0.002981971 3.774647e-05 6.862994e-06 2.402048e-05 0.003191292 0.0004838411 0.0001647119 0.0001063764 0.04176132 4.460946e-05 0.0002196158 0.000525019 0.03527579 0.0004941356 0.0006348269 1.029449e-05 1.372599e-05 3.774647e-05 0.0004014852 1.029449e-05 0.001808399 0.0001784378 0.002096645 0.0002848143 0.0007892443 0.0001269654 6.862994e-06 1.372599e-05
0.001286811 0 0.005939921 0.03365955 0.0001681434 0.1164032 0.08635362 0.04870667 0.05565202 0.36565 0.005462943 0.08187552 0.0001681434 0.09622604 0.001715749 1.715749e-05 0.002113802 0.00114612 0.004056029 0.02727354 6.519844e-05 2.058898e-05 0.0003568757 0.04886795 0 0.005909038 0.001211318 0.05545299 0.09484658 0.0005970805 5.147246e-05 0.006653673 0.001341715 0.05424854 6.519844e-05 0.01764819 0.002518719 0.1814919 0.02546514 0.03216685 0.01190729 0.0002024583 0.001190729 1.372599e-05 0 2.402048e-05 0.007504684 0 0.0002848143 0.006331112 0.0002196158 0.008290497 0.02459697 5.147246e-05 0.004913904 6.862994e-06 0.0001544174 3.088347e-05 2.402048e-05 2.058898e-05 3.431497e-06 3.431497e-06 0.005143814 1.372599e-05 1.372599e-05 9.951341e-05 0.01380148 0 6.862994e-05 9.951341e-05 0.02907507 0.0004838411 3.774647e-05 0 3.774647e-05 2.058898e-05 0.0002848143 0.0002402048 0.0002676568 1.029449e-05 0.001629961 0.0001303969 0.001547605 0.0001132394 0 6.862994e-06
0.0003122662 0.0009436617 0.0003877592 9.951341e-05 6.862994e-06 0.004220741 0.001372599 0.0115813 0.0002230473 0.005462943 0.09807218 0.00346238 0.07097365 0.005521279 3.431497e-05 6.862994e-06 0.0005044301 0.04177161 0.007223301 0.0002676568 0.0007137514 0.0003019717 0.001070627 0.0002710883 0.004714877 0.0665333 0.003047169 0.0005970805 0.005181561 0.001245633 0.007974799 0.001509859 0.0003568757 0.04212506 0 0.00435457 0.05326713 0.1000968 0.01860558 0.004443789 0.003356004 0.008431188 5.147246e-05 0 6.519844e-05 6.862994e-06 3.431497e-06 0 0 1.715749e-05 0 1.715749e-05 0 0.0009367987 0 0.006516413 6.862994e-06 0 0 1.029449e-05 0.0004358001 0.0001098079 6.862994e-06 0 2.745198e-05 3.431497e-06 8.235593e-05 0.001386325 0.0008098333 0.002021152 4.117796e-05 0 0 0.00107749 0 0 6.862994e-06 0 4.117796e-05 0.002614801 0.0001132394 2.402048e-05 3.431497e-06 0 0.0001475544 0
2.058898e-05 0 1.372599e-05 0.1061293 0.005174698 0.04145592 0.001770652 0.02874222 0.01462161 0.08187552 0.00346238 0.1108614 0.0001029449 0.03068101 0.0186845 0 6.862994e-05 0.0006931624 0.001492701 0.06946036 0 0 3.431497e-06 0.01119697 0 0.002601075 0.0003706017 0.04173387 0.01591185 2.058898e-05 3.431497e-05 0.005195286 1.372599e-05 0.01409316 0 0.001955953 0.0001372599 0.04288685 0.001043175 0.06019532 0.006928192 0.0001372599 4.460946e-05 0 0 1.029449e-05 0.002288809 0 0.0001715749 0.0008098333 9.265042e-05 0.002484404 0.007432623 2.058898e-05 0.003723174 3.431497e-06 4.804096e-05 1.715749e-05 0 3.431497e-06 3.431497e-06 3.431497e-06 0.00188046 0 0 1.029449e-05 0.002844711 3.431497e-06 3.431497e-05 1.029449e-05 0.005929627 0.0001235339 3.431497e-06 0 1.715749e-05 0 0.0001063764 6.862994e-06 0.0001132394 1.372599e-05 0.0003843277 1.029449e-05 0.001314263 4.117796e-05 0 0
6.862994e-06 0.009409165 0.0001201024 3.431497e-06 0 0.0001098079 7.892443e-05 0.0003328552 0.001667708 0.0001681434 0.07097365 0.0001029449 0.0313227 7.892443e-05 1.029449e-05 5.147246e-05 8.578743e-05 0.004375159 0.003081484 3.431497e-06 3.088347e-05 0.004018283 0.0001063764 0.001249065 0.03534785 0.01242888 0.0241749 9.265042e-05 6.176695e-05 3.774647e-05 0.005281074 2.058898e-05 0 0.01627902 6.862994e-06 0.003458949 0.148903 0.07960387 0.01323185 0.0002264788 0.0001612804 0.04484967 8.578743e-05 3.431497e-06 0.0006451214 3.431497e-06 0 0 3.431497e-06 3.431497e-06 3.431497e-06 7.892443e-05 3.431497e-06 0.00758704 0 0.05852761 3.431497e-06 0 2.745198e-05 8.578743e-05 0.003222176 0.0008475798 0 0 0.0001578489 3.431497e-06 8.578743e-05 0.0184992 0.007302226 0.02253807 3.431497e-06 3.431497e-06 3.431497e-06 0.008781201 0 0 0.0001475544 0 0.0001029449 0.0262784 0.001279948 0.0001784378 3.431497e-06 0 0.002662842 0
0.03209822 0 0.01960071 0.001537311 0 0.04327461 0.1356299 0.1880083 0.008201278 0.09622604 0.005521279 0.03068101 7.892443e-05 0.1313131 0.0001990268 1.029449e-05 0.06085417 0.0006931624 0.03043395 0.002745198 0.001403482 0.0002367733 0.003091779 0.01781633 3.431497e-06 0.01468681 0.0009402302 0.03413996 0.08384177 0.01816978 3.774647e-05 0.01534222 0.0009711137 0.05459169 1.029449e-05 0.009927321 0.0008407168 0.01397649 0.001036312 0.01487554 0.001997131 8.578743e-05 8.921892e-05 3.431497e-06 0 3.431497e-06 3.431497e-06 0 3.431497e-06 0.001015723 2.745198e-05 0.0001887323 8.235593e-05 3.431497e-06 2.058898e-05 6.862994e-06 4.804096e-05 0 5.490395e-05 3.431497e-06 1.372599e-05 4.460946e-05 1.029449e-05 1.029449e-05 0 4.804096e-05 0.002439794 1.372599e-05 2.745198e-05 0.0002333418 0.001451523 5.490395e-05 7.206144e-05 0 3.431497e-06 0 6.176695e-05 1.372599e-05 0.0002470678 6.862994e-06 0.0003328552 4.460946e-05 9.951341e-05 3.088347e-05 0 6.862994e-06
0 6.862994e-05 0 0.001643687 0.03049228 0.004059461 0.0001647119 0.000621101 0.006183558 0.001715749 3.431497e-05 0.0186845 1.029449e-05 0.0001990268 0.006777207 0 0 6.862994e-06 6.862994e-06 0.002563328 6.862994e-06 7.206144e-05 0 0.001180435 1.372599e-05 1.715749e-05 4.804096e-05 0.001101511 9.265042e-05 3.431497e-06 0 0.00222361 0 5.833545e-05 0 3.774647e-05 0 8.578743e-05 3.431497e-06 0.02068506 0.0001955953 3.431497e-06 0 0 0 0 1.029449e-05 0 0 2.745198e-05 0 1.715749e-05 2.745198e-05 0 3.774647e-05 0 3.431497e-06 0 0 0 0 0 0 0 0 0 4.804096e-05 0 3.431497e-06 0 4.117796e-05 3.431497e-06 0 0 0 0 0 0 6.862994e-06 0 1.372599e-05 0 6.862994e-06 0 0 0
0 0.001321126 0.0002264788 3.088347e-05 0 6.862994e-06 0.0002436363 3.431497e-06 0.001681434 1.715749e-05 6.862994e-06 0 5.147246e-05 1.029449e-05 0 0.02262729 0.0003500127 3.431497e-06 0.0001441229 0 0.003949653 0.03988086 0.04468152 0.0180634 7.892443e-05 0.004251625 0.07058933 0.0211243 1.029449e-05 0.0001475544 3.431497e-06 0 6.862994e-06 0.001087785 3.774647e-05 0.03766411 0.008753749 0.01080922 0.003534442 0.0003019717 6.862994e-06 3.088347e-05 0.0002299103 1.372599e-05 0.0001303969 0.0003637387 0 0 0 0.0003500127 1.029449e-05 0.001204455 0 2.402048e-05 3.431497e-06 3.774647e-05 0 0 0.08413001 0.0005112931 6.862994e-06 5.147246e-05 3.431497e-06 0.008376284 0.03889602 0.07967936 0.006355132 1.029449e-05 0.0008029703 0.02159098 0.005874723 2.402048e-05 0.0002607938 1.372599e-05 0 6.862994e-06 0.0001406914 2.745198e-05 0.001767221 0.0003225607 0.0007514978 0.0004186426 5.490395e-05 0 0 1.372599e-05
0.0111558 0.0001132394 0.08341969 6.862994e-06 0 0.0003980537 0.08590753 0.02917802 7.892443e-05 0.002113802 0.0005044301 6.862994e-05 8.578743e-05 0.06085417 0 0.0003500127 0.002628527 0.0002436363 0.01333137 6.862994e-06 0.006842405 8.921892e-05 0.02221894 0.0009917026 2.058898e-05 0.03953428 0.2004681 0.007442917 0.0255372 0.09339849 2.745198e-05 0.0001955953 0.00293393 0.04411189 3.431497e-05 0.05823594 0.07108003 0.06870543 0.002985402 0.0005421765 0.0001544174 9.608192e-05 0.0001338284 0 6.176695e-05 0.0002436363 0 0 0 2.058898e-05 0 2.058898e-05 0 6.862994e-06 0 2.745198e-05 3.431497e-06 0 5.490395e-05 0.0003259922 1.715749e-05 0.0001441229 0 6.862994e-06 6.862994e-06 0.0001818693 6.176695e-05 3.431497e-06 0.0003911907 0.003150114 6.519844e-05 6.862994e-06 6.862994e-06 1.029449e-05 0 0 3.088347e-05 3.431497e-06 0.002539308 2.402048e-05 7.892443e-05 3.431497e-05 3.431497e-06 0 0 0
1.715749e-05 6.862994e-06 0.0001647119 1.372599e-05 0 0.0008818947 0.0003980537 0.002257925 3.431497e-05 0.00114612 0.04177161 0.0006931624 0.004375159 0.0006931624 6.862994e-06 3.431497e-06 0.0002436363 0.003905044 0.004714877 7.549293e-05 1.372599e-05 6.862994e-06 5.147246e-05 4.804096e-05 2.058898e-05 0.0367479 0.004117796 0.0001475544 0.0006039435 6.176695e-05 0.002638821 0.0002436363 6.862994e-06 0.008489524 3.431497e-06 0.008108627 0.02512199 0.07244577 0.01478289 0.001197592 0.0007549293 0.00057306 3.774647e-05 0 0 3.431497e-06 0 0 0 0 0 0 0 9.265042e-05 3.431497e-06 0.0003980537 0 0 0 3.431497e-06 0.0001578489 0.0001578489 0 0 0 3.431497e-06 6.862994e-06 4.804096e-05 0.0004014852 0.001211318 0 0 6.862994e-06 0.0001544174 0 0 1.029449e-05 0 1.715749e-05 0.0001818693 3.431497e-06 3.431497e-06 0 0 3.431497e-06 0
0.00366827 5.490395e-05 0.005685991 5.490395e-05 3.431497e-06 0.002295672 0.02171451 0.02336163 8.235593e-05 0.004056029 0.007223301 0.001492701 0.003081484 0.03043395 6.862994e-06 0.0001441229 0.01333137 0.004714877 0.01411375 0.0001647119 0.0005833545 5.490395e-05 0.001382893 0.0003534442 9.608192e-05 0.1466965 0.03001187 0.001705454 0.01307057 0.01161905 0.001931933 0.0009265042 0.001276517 0.06705831 6.519844e-05 0.04473986 0.05256024 0.1313028 0.01151954 0.002806965 0.0007961073 0.0001509859 0.0001544174 0 3.774647e-05 8.235593e-05 0 0 3.431497e-06 2.058898e-05 0 6.862994e-06 6.862994e-06 0.0001578489 0 0.0003225607 3.431497e-06 0 1.029449e-05 0.0003431497 0.0002848143 0.00148927 0 0 3.431497e-06 4.804096e-05 6.519844e-05 0.0001201024 0.002347144 0.008568448 2.745198e-05 3.431497e-06 1.715749e-05 0.0001475544 0 0 0.0001201024 0 0.0006725734 8.578743e-05 8.921892e-05 2.058898e-05 3.431497e-06 6.862994e-06 3.431497e-06 0
1.372599e-05 0 1.029449e-05 0.02431559 0.0001235339 0.003170703 9.608192e-05 0.002295672 0.01434023 0.02727354 0.0002676568 0.06946036 3.431497e-06 0.002745198 0.002563328 0 6.862994e-06 7.549293e-05 0.0001647119 0.004454083 0 0 0 0.0114063 0 0.0002813828 3.088347e-05 0.01581234 0.001846145 6.862994e-06 0 0.0004804096 1.372599e-05 0.001533879 0 0.0006519844 6.176695e-05 0.006561022 0.0007343404 0.009107193 0.0007583608 1.029449e-05 3.088347e-05 3.431497e-06 0 3.431497e-06 0.001197592 0 4.460946e-05 0.0008613058 4.460946e-05 0.001465249 0.004443789 1.029449e-05 0.00117014 0 6.862994e-06 3.431497e-06 0 0 0 0 0.001005429 0 0 3.431497e-06 0.001921638 0 6.862994e-06 1.029449e-05 0.004220741 6.862994e-05 0 0 0 0 4.804096e-05 0 5.490395e-05 3.431497e-06 0.0002676568 1.715749e-05 0.0004495261 1.715749e-05 0 3.431497e-06
0.0008887577 5.490395e-05 0.02089439 0 0 3.431497e-06 0.0163854 0.0004049166 0.003266785 6.519844e-05 0.0007137514 0 3.088347e-05 0.001403482 6.862994e-06 0.003949653 0.006842405 1.372599e-05 0.0005833545 0 0.05685647 0.004972239 0.1224221 0.0004152111 1.715749e-05 0.0008338538 0.005881586 0.03304875 0.003115799 0.1210632 0 0 0.000552471 0.08397903 0.0002539308 0.3123623 0.02894811 0.2999369 0.04102012 0.0009779767 0.0002607938 0.0008544428 0.001750063 3.774647e-05 0 4.804096e-05 0 0 3.431497e-06 0.0007892443 3.431497e-05 0.00178781 3.431497e-06 6.862994e-06 6.862994e-06 0 5.490395e-05 0 0.01509859 2.402048e-05 0 6.862994e-06 3.431497e-06 0.004210447 0.004042303 0.003050601 0.007336541 0 0.0001818693 0.0002985402 0.006269345 8.921892e-05 0.0004666836 3.431497e-06 3.431497e-06 6.862994e-06 0.0001029449 0.0005696285 0.001636824 0.0002161843 0.0006519844 0.0001681434 4.804096e-05 1.715749e-05 0 3.431497e-06
4.460946e-05 0.07883864 0.0002539308 6.862994e-05 0 1.029449e-05 0.0004735466 9.265042e-05 0.03656946 2.058898e-05 0.0003019717 0 0.004018283 0.0002367733 7.206144e-05 0.03988086 8.921892e-05 6.862994e-06 5.490395e-05 0 0.004972239 0.02928096 0.01252496 0.08990522 0.02414058 0.004237899 0.06694851 0.006931624 0.0004632521 0.0004289371 0.0001475544 3.431497e-06 0.0001132394 0.0001853008 0 0.0005490395 0.001163277 0.001297106 3.774647e-05 6.862994e-05 6.862994e-06 0.001506427 0 0 0.0002882458 0.0002539308 3.431497e-06 0 0 9.265042e-05 0 0.0001269654 0 2.745198e-05 0 0.0001853008 6.862994e-06 3.431497e-06 0.01987523 0.0003328552 3.431497e-06 3.774647e-05 0 0.001225044 0.004124659 0.01688297 0.00165055 9.608192e-05 0.0004426631 0.02066791 0.001303969 1.029449e-05 7.892443e-05 1.715749e-05 0 0 3.431497e-05 1.372599e-05 0.0004701151 0.0001372599 0.0002607938 0.0001578489 3.431497e-06 0 1.029449e-05 3.431497e-06
0.001104942 6.519844e-05 0.2757688 1.029449e-05 0 8.578743e-05 0.04740956 0.001221613 0.0004804096 0.0003568757 0.001070627 3.431497e-06 0.0001063764 0.003091779 0 0.04468152 0.02221894 5.147246e-05 0.001382893 0 0.1224221 0.01252496 0.1275522 0.009865554 1.029449e-05 0.008764043 0.1198793 0.1249442 0.002813828 0.2096988 1.029449e-05 6.862994e-06 0.0002710883 0.07640914 0.0004632521 0.6217632 0.1433165 0.486576 0.0878978 0.005030575 0.0001681434 0.00158192 0.004375159 1.029449e-05 8.235593e-05 0.0006451214 6.862994e-06 0 0 0.0005215875 6.862994e-06 0.0004220741 1.715749e-05 3.088347e-05 0 1.715749e-05 2.745198e-05 0 0.08535506 0.0002230473 0 2.745198e-05 3.431497e-06 0.006300229 0.02703333 0.1008105 0.004639384 6.862994e-06 0.0006313955 0.03573561 0.003932496 2.402048e-05 0.0002230473 6.862994e-06 0 0 0.0001063764 0.0004804096 0.004738897 0.0001921638 0.0007103199 0.0004495261 3.088347e-05 6.862994e-06 0 3.431497e-06
0.001653982 0.04215937 0.003304532 0.03715968 9.951341e-05 0.002055467 0.07386984 0.01466622 0.07903081 0.04886795 0.0002710883 0.01119697 0.001249065 0.01781633 0.001180435 0.0180634 0.0009917026 4.804096e-05 0.0003534442 0.0114063 0.0004152111 0.08990522 0.009865554 0.02778826 0.007271342 0.008245887 0.1169351 0.09349457 0.02332045 0.02789121 0.0001063764 0.0003019717 0.002861869 0.008760612 8.578743e-05 0.05617704 0.006283071 0.0351248 0.01066509 0.002463815 0.0009470932 0.0003740332 0.0004220741 0.0001715749 0.0002985402 0.0003328552 0.003400614 0 0.0005490395 0.03296982 0.001060333 0.01635451 0.01258673 0.0001853008 0.002412342 9.265042e-05 0.0008372853 2.745198e-05 0.009961636 0.0006931624 7.206144e-05 7.206144e-05 0.002504993 0.001729475 0.002549602 0.005490395 0.08396873 5.490395e-05 0.001032881 0.007027706 0.06166057 0.001911344 0.001643687 1.715749e-05 0.0001544174 0.0001303969 0.001774084 0.0003019717 0.006598769 0.0003294237 0.01061019 0.0008338538 0.003836414 0.0008269908 3.431497e-06 7.549293e-05
0 0.02080173 0.0003019717 0 3.431497e-06 0 4.117796e-05 0 0.00916896 0 0.004714877 0 0.03534785 3.431497e-06 1.372599e-05 7.892443e-05 2.058898e-05 2.058898e-05 9.608192e-05 0 1.715749e-05 0.02414058 1.029449e-05 0.007271342 0.003012854 0.01087785 0.05195286 0.0001681434 3.431497e-06 1.372599e-05 0.002141254 0 0 0.0002985402 0 0.001001997 0.005102636 0.01655011 0.0001818693 3.431497e-05 3.431497e-06 0.02457981 5.833545e-05 0 0.0001921638 2.058898e-05 0 0 0 6.862994e-06 0 6.862994e-06 0 0.0009470932 0 0.006972802 0 0 1.715749e-05 0.0001166709 0.001091216 0.0006382584 3.431497e-06 0 2.058898e-05 3.431497e-06 1.372599e-05 0.003078053 0.003170703 0.01432993 6.862994e-06 0 3.431497e-06 0.001619667 0 0 1.029449e-05 0 4.460946e-05 0.001482407 0.0001441229 3.088347e-05 6.862994e-06 0 0.0001372599 0
0.001060333 0.005682559 0.1699277 0.0001509859 1.029449e-05 0.003966811 0.03236245 0.0166359 0.001873597 0.005909038 0.0665333 0.002601075 0.01242888 0.01468681 1.715749e-05 0.004251625 0.03953428 0.0367479 0.1466965 0.0002813828 0.0008338538 0.004237899 0.008764043 0.008245887 0.01087785 0.2863104 0.1781565 0.01052783 0.005627655 0.009906732 0.004152111 0.001132394 0.0002779513 0.09757119 0.0002024583 0.1926065 0.3775745 0.4615672 0.06178067 0.008805221 0.001928501 0.005607066 0.0006657104 1.372599e-05 0.00623503 0.01256614 3.431497e-06 0 3.088347e-05 0.0003054032 3.088347e-05 4.117796e-05 7.892443e-05 0.007913032 3.431497e-05 0.0315835 6.176695e-05 0 0.001012292 0.03738616 0.01299508 0.02222581 3.431497e-05 0.0001166709 0.0002127528 0.005428628 0.0009917026 0.006482098 0.05629028 0.2790699 0.0006588474 9.608192e-05 0.0002539308 0.009241021 0 0 0.004385453 6.176695e-05 0.005644813 0.007226733 0.004014852 0.0009265042 4.804096e-05 6.862994e-06 0.0002848143 2.058898e-05
6.862994e-05 0.06794364 0.08928755 0.0005284505 0 0.0006691419 0.02341654 0.001273085 0.02705049 0.001211318 0.003047169 0.0003706017 0.0241749 0.0009402302 4.804096e-05 0.07058933 0.2004681 0.004117796 0.03001187 3.088347e-05 0.005881586 0.06694851 0.1198793 0.1169351 0.05195286 0.1781565 0.4563342 0.08321037 0.0008338538 0.0008750317 0.003215313 0.0001441229 7.549293e-05 0.1608137 0.0003637387 0.3479915 0.2011097 0.4700465 0.03965438 0.003513853 0.0001921638 0.003393751 0.0009402302 1.372599e-05 0.0287834 0.02122038 1.029449e-05 0 2.745198e-05 0.0006691419 7.549293e-05 6.862994e-05 0.0001544174 0.006766912 4.117796e-05 0.02739707 8.921892e-05 0 0.03515569 0.0436006 0.01208573 0.0256024 3.431497e-05 0.0008304223 0.01994386 0.05958108 0.002748629 0.01451523 0.07136828 0.7139127 0.002450089 9.608192e-05 0.0002779513 0.008187552 3.431497e-06 0 0.004375159 0.0001235339 0.01534909 0.005106068 0.005758052 0.002175569 0.0001509859 6.862994e-06 0.0002470678 5.833545e-05
0.00316384 0.001156414 0.1320612 0.01859185 3.774647e-05 0.009611623 0.1858636 0.03007364 0.08079803 0.05545299 0.0005970805 0.04173387 9.265042e-05 0.03413996 0.001101511 0.0211243 0.007442917 0.0001475544 0.001705454 0.01581234 0.03304875 0.006931624 0.1249442 0.09349457 0.0001681434 0.01052783 0.08321037 0.09635987 0.04047451 0.1394011 2.402048e-05 0.000525019 0.007072315 0.04987338 0.0004392316 0.1984847 0.01628932 0.16919 0.0388068 0.00479037 0.002439794 0.0004358001 0.001166709 0.0002161843 4.804096e-05 0.0003191292 0.003098642 0 0.0004907041 0.02696814 0.0008921892 0.01260046 0.01210632 0.0001612804 0.001808399 1.715749e-05 0.0007068884 2.058898e-05 0.01271026 0.0002745198 4.460946e-05 5.833545e-05 0.002007426 0.002065761 0.002649116 0.00781695 0.06947752 1.029449e-05 0.0005970805 0.006657104 0.05233033 0.001671139 0.001410345 6.862994e-06 0.0001132394 9.951341e-05 0.001424071 0.001111805 0.00522617 0.0003671702 0.008393442 0.0007480664 0.002971676 0.0006828679 6.862994e-06 9.265042e-05
0.03944506 0 0.00428594 0.00181183 2.745198e-05 0.02250376 0.1321092 0.06114241 0.008575311 0.09484658 0.005181561 0.01591185 6.176695e-05 0.08384177 9.265042e-05 1.029449e-05 0.0255372 0.0006039435 0.01307057 0.001846145 0.003115799 0.0004632521 0.002813828 0.02332045 3.431497e-06 0.005627655 0.0008338538 0.04047451 0.05688736 0.0425437 2.058898e-05 0.003472675 0.02595584 0.06065171 0 0.004848705 0.0003706017 0.01151954 0.0006897309 0.006766912 0.002820691 7.549293e-05 7.549293e-05 2.745198e-05 0 3.431497e-06 2.402048e-05 0 6.862994e-06 0.001605941 4.460946e-05 0.0003225607 7.892443e-05 1.372599e-05 3.088347e-05 3.431497e-06 7.549293e-05 3.431497e-06 0.0003019717 1.029449e-05 6.862994e-06 6.862994e-06 1.372599e-05 6.519844e-05 1.029449e-05 3.774647e-05 0.00394279 3.431497e-06 3.431497e-05 9.951341e-05 0.002594212 7.892443e-05 0.0001715749 0 6.862994e-06 1.029449e-05 7.549293e-05 1.715749e-05 0.0005215875 1.715749e-05 0.0004289371 6.176695e-05 0.0001063764 5.490395e-05 0 3.431497e-06
0.01330735 1.029449e-05 0.0452237 0.0001269654 3.431497e-06 0.0001818693 0.05112587 0.002872163 0.01892127 0.0005970805 0.001245633 2.058898e-05 3.774647e-05 0.01816978 3.431497e-06 0.0001475544 0.09339849 6.176695e-05 0.01161905 6.862994e-06 0.1210632 0.0004289371 0.2096988 0.02789121 1.372599e-05 0.009906732 0.0008750317 0.1394011 0.0425437 0.06313955 2.058898e-05 2.402048e-05 0.006053161 0.0457796 7.206144e-05 0.08798358 0.007830676 0.07141288 0.01233966 0.0003054032 0.0002402048 0.0001921638 0.0002985402 4.804096e-05 3.431497e-06 2.745198e-05 6.862994e-06 0 3.774647e-05 0.005473238 0.0002299103 0.001098079 6.862994e-05 2.058898e-05 2.058898e-05 3.431497e-06 0.0002196158 0 0.001019155 1.029449e-05 2.058898e-05 3.431497e-05 6.862994e-06 0.0002470678 0.0001029449 0.0001784378 0.01446033 6.862994e-06 8.921892e-05 0.0002607938 0.01027733 0.0004014852 0.000566197 0 2.745198e-05 5.833545e-05 0.0003431497 0.0002642253 0.001901049 7.206144e-05 0.002213316 0.0002539308 0.0007343404 0.0001921638 0 1.029449e-05
3.431497e-06 0.0002470678 0.0001372599 0 0 5.147246e-05 2.745198e-05 9.951341e-05 9.951341e-05 5.147246e-05 0.007974799 3.431497e-05 0.005281074 3.774647e-05 0 3.431497e-06 2.745198e-05 0.002638821 0.001931933 0 0 0.0001475544 1.029449e-05 0.0001063764 0.002141254 0.004152111 0.003215313 2.402048e-05 2.058898e-05 2.058898e-05 0.0003088347 1.029449e-05 0 0.001458386 0 0.0007034569 0.01544517 0.0122024 0.003115799 4.460946e-05 6.519844e-05 0.001441229 1.372599e-05 0 9.951341e-05 1.029449e-05 0 0 0 3.431497e-06 0 1.029449e-05 0 0.001032881 3.431497e-06 0.008736591 0 0 3.431497e-06 2.745198e-05 0.0009230727 0.0002127528 0 0 3.088347e-05 0 2.745198e-05 0.00169516 0.001537311 0.005136951 3.431497e-06 0 0 0.001712317 0 0 1.715749e-05 0 1.029449e-05 0.002323123 0.0001612804 1.715749e-05 0 0 8.921892e-05 0
6.862994e-06 0 0.0001372599 0.0001921638 3.431497e-06 0.01385982 0.001293674 0.01893843 0.0001715749 0.006653673 0.001509859 0.005195286 2.058898e-05 0.01534222 0.00222361 0 0.0001955953 0.0002436363 0.0009265042 0.0004804096 0 3.431497e-06 6.862994e-06 0.0003019717 0 0.001132394 0.0001441229 0.000525019 0.003472675 2.402048e-05 1.029449e-05 6.862994e-06 4.117796e-05 0.01570253 0 0.004725171 6.176695e-05 0.00465311 3.088347e-05 0.03375564 0.02006053 1.029449e-05 5.490395e-05 0 0 0 3.431497e-06 0 0 3.774647e-05 0 3.431497e-06 3.431497e-06 0 6.862994e-06 0 0 0 3.431497e-06 0 0 3.431497e-06 0 0 0 0 6.176695e-05 0 0 6.862994e-06 2.745198e-05 0 0 0 0 0 0 0 1.372599e-05 0 1.372599e-05 0 3.431497e-06 0 0 0
0.00350699 3.431497e-06 0.0002539308 6.862994e-05 0 0.0002539308 0.008609626 0.0009539562 0.0009230727 0.001341715 0.0003568757 1.372599e-05 0 0.0009711137 0 6.862994e-06 0.00293393 6.862994e-06 0.001276517 1.372599e-05 0.000552471 0.0001132394 0.0002710883 0.002861869 0 0.0002779513 7.549293e-05 0.007072315 0.02595584 0.006053161 0 4.117796e-05 0.0004117796 0.00850325 0 0.0001647119 4.460946e-05 0.002652547 4.804096e-05 6.862994e-06 2.058898e-05 2.745198e-05 0 6.862994e-06 0 3.431497e-06 0 0 0 0.0002024583 1.029449e-05 6.862994e-05 6.862994e-06 3.431497e-06 3.431497e-06 0 1.029449e-05 3.431497e-06 7.549293e-05 0 0 3.431497e-06 0 4.460946e-05 3.431497e-06 1.029449e-05 0.000621101 0 1.372599e-05 6.862994e-06 0.0004598206 1.715749e-05 3.431497e-05 0 0 0 2.402048e-05 0 0.0001063764 1.029449e-05 5.147246e-05 1.372599e-05 1.372599e-05 3.431497e-06 0 3.431497e-06
0.009625349 9.265042e-05 0.03885141 0.001207887 3.088347e-05 0.0171369 0.04904296 0.04797576 0.001527016 0.05424854 0.04212506 0.01409316 0.01627902 0.05459169 5.833545e-05 0.001087785 0.04411189 0.008489524 0.06705831 0.001533879 0.08397903 0.0001853008 0.07640914 0.008760612 0.0002985402 0.09757119 0.1608137 0.04987338 0.06065171 0.0457796 0.001458386 0.01570253 0.00850325 0.05295829 0.0003671702 0.008743454 0.01074402 0.07667337 0.007916464 0.007257616 0.000525019 0.04829146 0.0003877592 0 2.402048e-05 4.460946e-05 0 0 3.431497e-06 0.0004152111 1.372599e-05 7.892443e-05 4.460946e-05 6.862994e-06 2.745198e-05 3.431497e-05 3.431497e-06 0 0.0001063764 9.608192e-05 1.029449e-05 5.833545e-05 3.431497e-06 1.715749e-05 6.862994e-06 8.921892e-05 0.0008441483 2.745198e-05 0.0001818693 0.001108374 0.0007171829 2.058898e-05 1.715749e-05 1.029449e-05 3.431497e-06 3.431497e-06 0.0001132394 1.029449e-05 0.0002436363 2.745198e-05 0.0001063764 0.0004872726 4.804096e-05 2.402048e-05 0 1.372599e-05
0 0 5.833545e-05 1.029449e-05 0 3.431497e-06 8.578743e-05 1.029449e-05 3.431497e-06 6.519844e-05 0 0 6.862994e-06 1.029449e-05 0 3.774647e-05 3.431497e-05 3.431497e-06 6.519844e-05 0 0.0002539308 0 0.0004632521 8.578743e-05 0 0.0002024583 0.0003637387 0.0004392316 0 7.206144e-05 0 0 0 0.0003671702 0.6865945 0.07532136 0.001286811 0.004505556 0.005579614 5.833545e-05 4.460946e-05 0.0001372599 0.001321126 0 3.431497e-06 6.862994e-06 0 0 0 3.431497e-06 0 0 0 3.431497e-06 0 6.176695e-05 0 0 0 0 3.431497e-06 6.862994e-06 0 0 0 0 3.431497e-06 0 0.0001303969 6.862994e-05 1.029449e-05 0 0 6.862994e-06 0 0 0 0.405301 0.009920458 0.000538745 0.0001955953 0.0007926758 3.431497e-06 2.745198e-05 5.833545e-05 4.804096e-05
0.000586786 0.0002985402 0.04524429 0.002354007 3.088347e-05 0.002477541 0.03850826 0.005710011 0.003901612 0.01764819 0.00435457 0.001955953 0.003458949 0.009927321 3.774647e-05 0.03766411 0.05823594 0.008108627 0.04473986 0.0006519844 0.3123623 0.0005490395 0.6217632 0.05617704 0.001001997 0.1926065 0.3479915 0.1984847 0.004848705 0.08798358 0.0007034569 0.004725171 0.0001647119 0.008743454 0.07532136 0.1002752 0.3287958 0.1571832 0.04219712 0.1014282 0.0214297 0.02975451 0.0123328 3.431497e-06 5.147246e-05 0.0002333418 2.058898e-05 0 1.029449e-05 0.0007652238 3.774647e-05 0.0001578489 0.0001612804 2.058898e-05 3.431497e-05 0.0001372599 3.431497e-05 0 0.0004769781 0.0003465812 5.147246e-05 0.0001578489 3.431497e-05 0.0001063764 0.0001475544 0.0004872726 0.002079487 3.774647e-05 0.0004769781 0.002810396 0.001063764 2.058898e-05 3.088347e-05 2.058898e-05 0 1.372599e-05 0.0001475544 0.00536343 0.0009848396 0.0019937 0.0004117796 0.0001750063 0.0001029449 0.0001201024 0.0001063764 6.519844e-05
9.608192e-05 0.002003994 0.05978697 0.0001166709 0 0.0002367733 0.003884455 0.0008372853 0.0006416899 0.002518719 0.05326713 0.0001372599 0.148903 0.0008407168 0 0.008753749 0.07108003 0.02512199 0.05256024 6.176695e-05 0.02894811 0.001163277 0.1433165 0.006283071 0.005102636 0.3775745 0.2011097 0.01628932 0.0003706017 0.007830676 0.01544517 6.176695e-05 4.460946e-05 0.01074402 0.001286811 0.3287958 0.08852576 0.1013218 0.04894001 0.01100481 0.002254494 0.006921329 0.001921638 3.431497e-06 0.0003431497 0.0002333418 0 0 6.862994e-06 3.088347e-05 6.862994e-06 3.431497e-05 3.431497e-06 0.002525582 0 0.01569567 6.862994e-06 0 9.951341e-05 0.0005078616 0.0001990268 0.0004117796 0 1.715749e-05 7.206144e-05 0.0001818693 0.0001338284 0.001204455 0.001520153 0.005390882 9.265042e-05 0 6.862994e-06 0.0007995388 0 0 0.0002196158 2.745198e-05 0.002456952 0.008311086 0.001499564 0.0009505247 1.372599e-05 1.029449e-05 0.0003706017 0
0.000614238 0.003963379 0.06353074 0.005528142 4.804096e-05 0.03769843 0.1006698 0.03099328 0.005411471 0.1814919 0.1000968 0.04288685 0.07960387 0.01397649 8.578743e-05 0.01080922 0.06870543 0.07244577 0.1313028 0.006561022 0.2999369 0.001297106 0.486576 0.0351248 0.01655011 0.4615672 0.4700465 0.16919 0.01151954 0.07141288 0.0122024 0.00465311 0.002652547 0.07667337 0.004505556 0.1571832 0.1013218 0.1131021 0.02111057 0.01946345 0.001482407 0.009803787 0.002405479 1.029449e-05 0.0001029449 0.0001887323 5.833545e-05 0 3.774647e-05 0.001599078 7.892443e-05 0.0001955953 0.0002436363 0.0001098079 7.892443e-05 0.0003191292 6.862994e-05 0 0.0003122662 0.0003431497 0.0001303969 0.0003534442 3.088347e-05 5.490395e-05 6.862994e-05 0.0004014852 0.004213878 0.0001818693 0.0007103199 0.004234467 0.002395185 0.0001372599 5.490395e-05 9.608192e-05 2.058898e-05 3.431497e-06 0.002858437 0.0007137514 0.005298231 0.0001201024 0.001279948 0.01073715 0.0002367733 0.0003054032 5.147246e-05 0.000545608
5.833545e-05 3.431497e-05 0.004179563 0.001262791 0 0.002439794 0.02028358 0.001828988 0.0009745452 0.02546514 0.01860558 0.001043175 0.01323185 0.001036312 3.431497e-06 0.003534442 0.002985402 0.01478289 0.01151954 0.0007343404 0.04102012 3.774647e-05 0.0878978 0.01066509 0.0001818693 0.06178067 0.03965438 0.0388068 0.0006897309 0.01233966 0.003115799 3.088347e-05 4.804096e-05 0.007916464 0.005579614 0.04219712 0.04894001 0.02111057 0.00169516 0.004780075 0.0001063764 0.0001475544 0.0003568757 3.431497e-06 6.862994e-06 1.029449e-05 1.029449e-05 0 6.862994e-06 0.0002607938 2.058898e-05 6.519844e-05 4.117796e-05 1.372599e-05 2.402048e-05 5.147246e-05 2.058898e-05 0 8.578743e-05 1.715749e-05 1.029449e-05 1.715749e-05 1.715749e-05 0 1.029449e-05 7.549293e-05 0.0007206144 6.862994e-06 3.774647e-05 0.0002607938 0.0004255056 3.774647e-05 1.029449e-05 6.862994e-06 3.431497e-06 0 0.0006657104 0.000559334 0.0001784378 2.402048e-05 0.0004083481 0.004498693 7.206144e-05 0.0001372599 1.029449e-05 0.0001029449
1.029449e-05 7.206144e-05 0.0002367733 0.005565888 0.009820944 0.0334571 0.002628527 0.01417208 0.006622789 0.03216685 0.004443789 0.06019532 0.0002264788 0.01487554 0.02068506 0.0003019717 0.0005421765 0.001197592 0.002806965 0.009107193 0.0009779767 6.862994e-05 0.005030575 0.002463815 3.431497e-05 0.008805221 0.003513853 0.00479037 0.006766912 0.0003054032 4.460946e-05 0.03375564 6.862994e-06 0.007257616 5.833545e-05 0.1014282 0.01100481 0.01946345 0.004780075 0.0116568 0.00696937 0.001324558 0.001372599 3.431497e-06 3.431497e-06 6.862994e-06 0.0003980537 0 7.892443e-05 0.0006931624 6.176695e-05 0.0001647119 0.001190729 6.862994e-06 0.0007137514 0 4.460946e-05 6.862994e-06 1.029449e-05 1.029449e-05 0 1.372599e-05 0.0003706017 0 0 0 0.002244199 0 2.745198e-05 6.862994e-05 0.001691728 7.549293e-05 1.372599e-05 3.431497e-06 6.862994e-06 6.862994e-06 5.833545e-05 0.0001990268 0.0003294237 6.862994e-06 0.0002676568 7.206144e-05 0.000586786 3.088347e-05 3.431497e-06 1.029449e-05
3.088347e-05 3.431497e-06 6.862994e-05 0.000538745 0 0.01011948 0.003548168 0.01430591 0.0003637387 0.01190729 0.003356004 0.006928192 0.0001612804 0.001997131 0.0001955953 6.862994e-06 0.0001544174 0.0007549293 0.0007961073 0.0007583608 0.0002607938 6.862994e-06 0.0001681434 0.0009470932 3.431497e-06 0.001928501 0.0001921638 0.002439794 0.002820691 0.0002402048 6.519844e-05 0.02006053 2.058898e-05 0.000525019 4.460946e-05 0.0214297 0.002254494 0.001482407 0.0001063764 0.00696937 2.402048e-05 0.0003980537 0.0001063764 0 0 0 3.431497e-06 0 3.431497e-06 0.0001098079 3.431497e-06 3.431497e-06 6.862994e-06 0 2.058898e-05 0 3.431497e-06 3.431497e-06 0 0 0 0 6.862994e-06 0 3.431497e-06 3.431497e-06 0.0002504993 0 3.431497e-06 6.862994e-06 0.0001544174 3.431497e-06 0 0 0 0 2.745198e-05 6.862994e-06 5.147246e-05 0 3.431497e-05 0.0001784378 2.058898e-05 6.862994e-06 0 3.431497e-06
1.372599e-05 0.008129216 9.951341e-05 3.431497e-06 0 0.0001269654 0.0001269654 0.0002504993 0.0004666836 0.0002024583 0.008431188 0.0001372599 0.04484967 8.578743e-05 3.431497e-06 3.088347e-05 9.608192e-05 0.00057306 0.0001509859 1.029449e-05 0.0008544428 0.001506427 0.00158192 0.0003740332 0.02457981 0.005607066 0.003393751 0.0004358001 7.549293e-05 0.0001921638 0.001441229 1.029449e-05 2.745198e-05 0.04829146 0.0001372599 0.02975451 0.006921329 0.009803787 0.0001475544 0.001324558 0.0003980537 3.431497e-05 9.608192e-05 0 4.117796e-05 0 0 0 0 0 0 0 0 0.0001269654 3.431497e-06 0.0006725734 0 0 0 0 3.774647e-05 3.088347e-05 0 0 3.431497e-06 3.431497e-06 3.431497e-06 0.0003637387 0.0001303969 0.0007755183 0 0 0 5.147246e-05 0 0 4.804096e-05 0 0.0002882458 0.0001921638 0.0002367733 0.0003019717 0 1.715749e-05 2.058898e-05 0
0 1.715749e-05 7.549293e-05 8.235593e-05 3.431497e-06 0.0001612804 0.0007068884 7.549293e-05 5.833545e-05 0.001190729 5.147246e-05 4.460946e-05 8.578743e-05 8.921892e-05 0 0.0002299103 0.0001338284 3.774647e-05 0.0001544174 3.088347e-05 0.001750063 0 0.004375159 0.0004220741 5.833545e-05 0.0006657104 0.0009402302 0.001166709 7.549293e-05 0.0002985402 1.372599e-05 5.490395e-05 0 0.0003877592 0.001321126 0.0123328 0.001921638 0.002405479 0.0003568757 0.001372599 0.0001063764 9.608192e-05 0.0001166709 0 0 0 0 0 0 1.029449e-05 3.431497e-06 3.431497e-06 3.431497e-06 0 0 0 0 0 3.431497e-06 0 0 0 0 0 0 3.431497e-06 3.088347e-05 0 3.431497e-06 1.029449e-05 2.745198e-05 0 3.431497e-06 0 0 0 3.774647e-05 3.431497e-05 0.0001578489 3.431497e-06 1.715749e-05 0.0001715749 1.372599e-05 6.862994e-06 0 3.431497e-06
3.431497e-06 0 1.029449e-05 6.862994e-06 0 0 1.029449e-05 1.029449e-05 7.549293e-05 1.372599e-05 0 0 3.431497e-06 3.431497e-06 0 1.372599e-05 0 0 0 3.431497e-06 3.774647e-05 0 1.029449e-05 0.0001715749 0 1.372599e-05 1.372599e-05 0.0002161843 2.745198e-05 4.804096e-05 0 0 6.862994e-06 0 0 3.431497e-06 3.431497e-06 1.029449e-05 3.431497e-06 3.431497e-06 0 0 0 0.003565325 2.058898e-05 0.0001132394 0.0001441229 0 0.0004907041 0.07204771 0.004045735 7.892443e-05 0.003743763 0.001798104 8.235593e-05 2.058898e-05 0.02976824 0 1.029449e-05 0.001087785 0.0007309089 0.00192507 0.0001201024 0.00307119 1.029449e-05 0.0003362867 0.001506427 0 0.007837539 0.001029449 0.008767475 0.04004214 0.02344399 5.833545e-05 0.0001235339 0.000593649 0.008935618 1.029449e-05 0.0004460946 8.578743e-05 0.006554159 0.0004117796 2.402048e-05 2.402048e-05 0 3.431497e-06
