0.004243592 3.005377e-06 0.002455393 0.0001442581 3.005377e-06 0.0001472635 0.04899966 0.007615624 4.508065e-05 0.0005920592 0.001160075 1.202151e-05 8.715592e-05 0.03366623 3.005377e-06 6.010753e-06 0.007832011 0.0003937043 0.001752135 3.005377e-05 0.0005770323 6.010753e-06 0.001030844 0.00155378 6.010753e-06 0.007612619 0.001301328 0.005262414 0.04727758 0.03567983 3.005377e-05 0.0007543495 0.0006341345 0.00761863 0 0.0002915215 0.0001502688 0.004285667 0.0001232204 2.404301e-05 1.502688e-05 9.01613e-06 3.005377e-06 0 0 0 3.005377e-06 0 0 2.103764e-05 0 9.01613e-06 1.502688e-05 0 0 0 0 0 1.202151e-05 0 0 0 0 0 3.005377e-06 9.01613e-06 5.710216e-05 0 3.005377e-06 5.10914e-05 0.0001111989 0 9.01613e-06 0 0 0 0 0 0 0 9.01613e-06 0 0 0 0 0
3.005377e-06 0.002338183 0.0007242958 0.0001713065 0 9.01613e-06 0.0008054409 9.01613e-06 0.04283263 5.409678e-05 0.0003185699 3.005377e-06 0.002891172 1.202151e-05 1.202151e-05 0.004447957 4.207527e-05 0.0001232204 0.0001953495 1.202151e-05 1.202151e-05 0.06868788 2.103764e-05 0.03418916 0.0231414 0.005103129 0.06884116 0.001072919 1.502688e-05 1.502688e-05 0.0001713065 6.010753e-06 3.005377e-06 9.316668e-05 0 0.0002644731 0.001328376 0.0007152796 8.415055e-05 9.01613e-06 0 0.0006100915 0 0 0.0002013602 0.0004357796 3.005377e-06 0 0 9.01613e-06 0 9.01613e-06 0 0.0002043656 0 0.0004357796 0 0 0 0.0002825054 3.005377e-06 7.212904e-05 0 3.005377e-06 3.305914e-05 1.803226e-05 1.502688e-05 6.311291e-05 0.001205156 0.008186646 2.704839e-05 0 0 4.808603e-05 0 0 0.0001322366 3.005377e-06 0.0002013602 0.0001803226 0.0001863334 4.207527e-05 3.005377e-06 0 0.0002764946 0
0.002455393 0.0007242958 0.009376775 6.611829e-05 6.010753e-06 0.001887377 0.09310056 0.01628013 3.305914e-05 0.000646156 0.0025155 3.305914e-05 0.0004207527 0.01664979 0 0.0008745646 0.07767396 0.0005740269 0.001628914 2.704839e-05 0.01114995 5.409678e-05 0.0932388 0.004081301 1.202151e-05 0.08341723 0.08288528 0.02722871 0.007459345 0.02992453 9.617205e-05 0.001731097 0.0001713065 0.01049778 0.0001081936 0.03011087 0.01640335 0.04394462 0.007390221 0.0005920592 0.0002013602 0.0001021828 3.005377e-05 0 0.001178108 0.005421699 3.005377e-06 0 0 0.0001953495 1.202151e-05 9.01613e-06 3.005377e-06 3.005377e-06 0 9.01613e-06 3.005377e-06 0 5.409678e-05 0.0005590001 0 9.01613e-06 0 1.502688e-05 0.0001111989 0.0006251183 0.0001322366 9.01613e-06 0.001604871 0.03820735 0.0002524516 0 2.103764e-05 3.005377e-06 0 0 0.0002404301 3.005377e-06 0.0003666559 4.808603e-05 0.0005018979 0.0001893387 3.005377e-06 0 0 0
0.0001442581 0.0001713065 6.611829e-05 0.04586205 0.0006401452 0.008628436 0.005115151 0.002927237 0.03897072 0.07672426 0.001406516 0.04638498 0.0004207527 0.002665769 0.005968678 3.90699e-05 2.103764e-05 0.000231414 0.0006161022 0.116825 0 0.0007273011 4.508065e-05 0.02989448 1.502688e-05 0.000901613 0.0004598226 0.06614834 0.006551721 0.0001172097 5.10914e-05 0.001322366 0.0003786775 0.006398447 9.01613e-06 0.01530939 0.0002945269 0.03326952 0.002906199 0.009346721 0.000766371 0.0002043656 8.114517e-05 2.404301e-05 3.005377e-06 6.010753e-06 0.01454302 9.01613e-06 0.0002584624 0.009061211 0.0002885162 0.006185065 0.0119644 2.404301e-05 0.00119614 0 0.0001292312 7.513442e-05 0.0001713065 3.005377e-06 6.010753e-06 0 0.003735683 6.010753e-05 0.0001202151 6.010753e-06 0.0130824 0 3.005377e-05 2.704839e-05 0.01900901 0.0001412527 0.0002374248 0 2.103764e-05 0 0.0001081936 3.005377e-06 0.0003095538 3.005377e-06 0.0006822205 4.808603e-05 0.0002223979 2.103764e-05 0 3.005377e-06
3.005377e-06 0 6.010753e-06 0.0006401452 9.01613e-06 0.0002434355 4.508065e-05 2.404301e-05 0.005184275 0.0003185699 6.010753e-06 0.00390699 9.01613e-06 9.01613e-06 0.01353622 0 0 3.005377e-06 3.005377e-06 0.0005650108 0 0 0 0.002022618 0 1.502688e-05 9.01613e-06 0.0003696613 2.404301e-05 3.005377e-06 0 4.207527e-05 0 0.0003967097 0 0.0004447957 2.103764e-05 0.001661973 9.917743e-05 0.02866829 0.001502688 0 1.502688e-05 0 0 0 3.005377e-06 0 0 3.005377e-06 0 3.005377e-06 0 0 0 0 0 0 0 0 0 0 0 0 0 0 6.010753e-06 0 0 0 9.01613e-06 0 0 0 0 0 0 0 3.005377e-06 0 0 0 0 0 0 0
0.0001472635 9.01613e-06 0.001887377 0.008628436 0.0002434355 0.1300547 0.05478201 0.06515055 0.001241221 0.2474807 0.003531318 0.1377574 0.001535747 0.006930398 0.004240586 0 0.0007333119 0.0004958871 0.0008685538 0.03574294 8.415055e-05 5.10914e-05 0.0008685538 0.002849097 2.103764e-05 0.003735683 0.0004598226 0.05012067 0.005677156 0.001352419 9.917743e-05 0.003922016 0.0001773172 0.01388785 0 0.005055043 0.0004808603 0.01763254 0.002377253 0.01095159 0.005232361 0.0002764946 6.311291e-05 0 0 0 0.0004327742 0 3.005377e-06 0.0008385001 1.502688e-05 0.0002404301 0.0004297689 0 5.409678e-05 3.005377e-06 6.010753e-06 0 6.010753e-06 0 0 0 0.0001322366 0 6.010753e-06 0 0.001036855 0 0 1.202151e-05 0.001247231 1.502688e-05 9.617205e-05 0 3.005377e-06 3.005377e-06 1.502688e-05 0 4.808603e-05 0 3.606452e-05 6.010753e-06 1.502688e-05 3.005377e-06 0 0
0.04899966 0.0008054409 0.09310056 0.005115151 4.508065e-05 0.05478201 0.09087057 0.1253122 0.01476542 0.05920892 0.008706576 0.0004177474 0.001773172 0.1318609 0.0003546344 0.0002795 0.01532442 0.001722081 0.004042232 0.0004237581 0.008874877 0.002536538 0.09798129 0.06772616 0.0002284086 0.09637341 0.01515311 0.1206358 0.07732834 0.05516068 0.0002284086 0.006915372 0.006194081 0.04140808 0.0001622903 0.07010342 0.005962667 0.1230311 0.0108975 0.003846882 0.001902403 0.0006281237 0.0003155645 0.0001142043 2.103764e-05 9.01613e-05 0.003305914 0 6.611829e-05 0.028509 0.0003396076 0.005184275 0.003155645 6.912366e-05 0.0001262258 6.010753e-06 0.0003456183 1.803226e-05 0.001178108 2.404301e-05 1.202151e-05 1.202151e-05 0.0007543495 0.0007393226 0.001054887 0.0003997151 0.0312439 6.010753e-06 0.0001202151 0.001163081 0.04453968 0.000414742 0.00455014 6.010753e-06 1.202151e-05 1.502688e-05 0.0002734893 9.01613e-06 0.001923441 3.606452e-05 0.001328376 0.0002163871 0.0001923441 3.90699e-05 1.202151e-05 1.803226e-05
0.007615624 9.01613e-06 0.01628013 0.002927237 2.404301e-05 0.06515055 0.1253122 0.1985202 0.0002644731 0.04714534 0.007789936 0.01348813 0.00175514 0.1171706 0.001379468 1.502688e-05 0.01151059 0.001190129 0.003095538 0.006774119 0.001130022 9.01613e-06 0.007086678 0.003203731 2.103764e-05 0.02528123 0.002518506 0.01282094 0.02460802 0.026829 0.0002223979 0.03390065 0.0003245807 0.03432741 1.202151e-05 0.008357952 0.001277285 0.01661673 0.00183929 0.009499995 0.001938468 0.0002494463 9.316668e-05 0 6.010753e-06 3.005377e-06 0.0001292312 0 0 0.0005740269 6.010753e-06 9.316668e-05 8.415055e-05 3.005377e-06 9.01613e-06 3.005377e-06 0 3.005377e-06 1.803226e-05 0 0 3.005377e-06 4.508065e-05 3.005377e-06 9.01613e-06 4.808603e-05 0.0006882312 0 6.010753e-06 0.0001352419 0.0009046184 9.01613e-06 4.508065e-05 0 0 0 3.005377e-06 0 1.803226e-05 3.005377e-06 2.404301e-05 9.01613e-06 3.005377e-06 0 0 0
4.508065e-05 0.04283263 3.305914e-05 0.03897072 0.005184275 0.001241221 0.01476542 0.0002644731 0.001027839 0.008739635 0.0002043656 0.007868076 0.0006521667 0.0002193925 0.01674295 2.103764e-05 1.502688e-05 4.808603e-05 0.0001472635 0.008835807 9.01613e-06 0.0438244 3.606452e-05 0.07001626 0.01701344 0.002578613 0.035773 0.0342102 0.001012812 0.0001382473 6.611829e-05 0.0001081936 0.0001232204 0.0007152796 0 0.002482441 0.000390699 0.003044447 0.0003967097 0.006954441 0.0001202151 0.0001142043 2.103764e-05 2.103764e-05 3.005377e-06 0 0.003922016 0 7.513442e-05 0.003110565 7.813979e-05 0.0008715592 0.002214963 5.10914e-05 0.0002945269 9.617205e-05 5.10914e-05 9.01613e-06 0.0002043656 6.010753e-06 3.005377e-06 3.005377e-06 0.0007573549 2.404301e-05 4.808603e-05 3.005377e-06 0.01128519 3.005377e-06 2.404301e-05 5.710216e-05 0.01090952 5.10914e-05 0.0003486237 6.010753e-06 0 3.005377e-06 5.10914e-05 0 0.0002524516 3.305914e-05 0.0002704839 2.404301e-05 2.404301e-05 6.010753e-06 3.606452e-05 3.005377e-06
0.0005920592 5.409678e-05 0.000646156 0.07672426 0.0003185699 0.2474807 0.05920892 0.04714534 0.008739635 0.2828721 0.01121306 0.1541818 0.002852102 0.01954396 0.003173678 3.005377e-06 0.0001893387 0.001899398 0.003444162 0.09551989 2.404301e-05 9.316668e-05 0.000534957 0.006527678 3.005377e-05 0.006284243 0.001562796 0.149806 0.02762843 0.0001803226 0.0003125592 0.007738845 0.0004057258 0.03014092 3.606452e-05 0.03062178 0.001190129 0.1086654 0.008757667 0.00869756 0.003215753 0.000694242 0.0002043656 1.202151e-05 3.005377e-06 1.502688e-05 0.008823786 3.005377e-06 0.000183328 0.007480382 0.0002043656 0.00303543 0.007561528 1.502688e-05 0.0006882312 0 0.0001111989 4.508065e-05 3.90699e-05 0 0 3.005377e-06 0.002260043 2.103764e-05 3.305914e-05 0 0.009361748 3.005377e-06 2.404301e-05 5.10914e-05 0.01321765 8.715592e-05 0.0001893387 3.005377e-06 9.01613e-06 0 0.0001202151 0 0.0002644731 9.01613e-06 0.0004357796 4.207527e-05 0.0001803226 2.404301e-05 3.005377e-06 3.005377e-06
0.001160075 0.0003185699 0.0025155 0.001406516 6.010753e-06 0.003531318 0.008706576 0.007789936 0.0002043656 0.01121306 0.1502238 0.006659915 0.04908982 0.01189228 8.114517e-05 6.010753e-05 0.002737898 0.0240911 0.01969724 0.004694398 0.0007062635 0.0001232204 0.002371242 0.001316355 0.002524516 0.04043434 0.007101705 0.004012178 0.01086744 0.003287882 0.003555361 0.004817619 0.0003215753 0.09411036 4.207527e-05 0.008832802 0.0474008 0.1261327 0.02407307 0.001241221 0.002791995 0.01145048 4.508065e-05 3.005377e-06 2.404301e-05 3.005377e-06 3.90699e-05 0 0 0.0002674785 0 3.305914e-05 2.404301e-05 0.00215786 3.005377e-06 0.004087312 0 0 6.010753e-06 6.010753e-06 2.404301e-05 5.409678e-05 1.202151e-05 9.01613e-06 2.103764e-05 1.502688e-05 0.0002374248 0.0003456183 0.0006130968 0.002052672 0.0003486237 0 3.90699e-05 0.0007212904 0 0 0.0002404301 9.01613e-06 4.207527e-05 0.00155378 0.0002404301 9.01613e-06 6.010753e-06 0 0.00227507 0
1.202151e-05 3.005377e-06 3.305914e-05 0.04638498 0.00390699 0.1377574 0.0004177474 0.01348813 0.007868076 0.1541818 0.006659915 0.1094738 0.002311135 0.004006167 0.02072508 0 5.710216e-05 0.001021828 0.001719075 0.07819689 3.005377e-06 9.01613e-06 1.202151e-05 0.001355425 2.103764e-05 0.002897183 0.0007453334 0.01154365 0.00622714 3.005377e-05 0.0002043656 0.005574974 2.103764e-05 0.01740414 3.005377e-06 0.004444952 0.000646156 0.02785984 0.003540334 0.01661072 0.003976113 0.000438785 4.207527e-05 0 0 0 0.002764946 0 0.000255457 0.0007844033 0.0002945269 0.0005890538 0.002257038 3.305914e-05 0.002782979 0 0.0001382473 0.0001232204 0 0 9.01613e-06 6.010753e-06 0.0009587151 3.005377e-06 0 0 0.001352419 0 2.404301e-05 1.202151e-05 0.002341188 9.01613e-05 1.803226e-05 0 9.01613e-06 0 9.01613e-05 0 8.114517e-05 6.010753e-06 0.0001562796 1.202151e-05 0.0002404301 0 0 0
8.715592e-05 0.002891172 0.0004207527 0.0004207527 9.01613e-06 0.001535747 0.001773172 0.00175514 0.0006521667 0.002852102 0.04908982 0.002311135 0.06662319 0.002028629 0.0001051882 2.704839e-05 0.0004357796 0.002130812 0.002822049 0.001379468 0.0002133817 0.0004568172 0.0002524516 0.0008084463 0.04355993 0.02135621 0.02866528 0.001027839 0.001523726 0.0004057258 0.01271875 0.002758936 1.502688e-05 0.02242913 0.0004658334 0.01270974 0.1109735 0.06957747 0.02155456 0.001968522 0.0007242958 0.02765548 0.0001202151 0 8.415055e-05 0 2.704839e-05 0 0 8.114517e-05 0 5.409678e-05 2.103764e-05 0.009674307 6.010753e-06 0.02013602 0 3.005377e-06 0 3.005377e-05 4.508065e-05 8.114517e-05 9.01613e-06 0 4.508065e-05 3.005377e-06 0.0001382473 0.001646946 0.001667984 0.006115941 0.0001292312 0 2.404301e-05 0.003360011 0 0 0.001045871 0.0001142043 0.0001322366 0.006082882 0.0006191076 2.704839e-05 3.005377e-06 1.803226e-05 0.008126538 1.502688e-05
0.03366623 1.202151e-05 0.01664979 0.002665769 9.01613e-06 0.006930398 0.1318609 0.1171706 0.0002193925 0.01954396 0.01189228 0.004006167 0.002028629 0.1116978 2.704839e-05 6.010753e-06 0.02348401 0.002293102 0.007483388 0.004718441 0.001349414 3.005377e-06 0.006218124 0.004610248 4.207527e-05 0.03977315 0.005015974 0.02112179 0.08266589 0.05016575 0.0003125592 0.01172097 0.001148054 0.03562874 0 0.003690602 0.001093957 0.02467114 0.001610882 0.001030844 0.0007693764 0.0002644731 1.803226e-05 0 3.005377e-06 6.010753e-06 6.912366e-05 3.005377e-06 0 0.0002644731 1.202151e-05 5.710216e-05 5.10914e-05 3.005377e-06 3.005377e-06 6.010753e-06 3.005377e-06 0 9.01613e-06 3.005377e-06 3.005377e-06 3.005377e-06 9.01613e-06 0 1.803226e-05 4.808603e-05 0.0003155645 0 3.305914e-05 0.0001472635 0.0006040807 3.005377e-06 8.715592e-05 3.005377e-06 0 0 3.005377e-06 0 3.305914e-05 3.005377e-06 1.202151e-05 6.010753e-06 0 0 0 0
3.005377e-06 1.202151e-05 0 0.005968678 0.01353622 0.004240586 0.0003546344 0.001379468 0.01674295 0.003173678 8.114517e-05 0.02072508 0.0001051882 2.704839e-05 0.004384844 0 0 9.01613e-06 9.01613e-06 0.006846248 0 1.803226e-05 0 0.01550173 9.01613e-06 1.202151e-05 3.606452e-05 0.003011387 6.912366e-05 3.005377e-06 6.010753e-06 0.0006762097 1.202151e-05 0.0008565323 0 0.0002223979 1.803226e-05 0.0004057258 0.0001142043 0.005478802 0.00100079 1.502688e-05 0 0 0 0 6.311291e-05 0 0 6.611829e-05 0 3.305914e-05 4.207527e-05 0 3.005377e-06 0 0 0 0 0 0 0 2.404301e-05 0 0 0 7.513442e-05 0 0 0 0.0001142043 3.005377e-06 3.005377e-06 0 0 0 0 0 0 0 0 0 0 0 0 0
6.010753e-06 0.004447957 0.0008745646 3.90699e-05 0 0 0.0002795 1.502688e-05 2.103764e-05 3.005377e-06 6.010753e-05 0 2.704839e-05 6.010753e-06 0 0.01252641 0.002118791 1.502688e-05 0.0001232204 3.005377e-06 0.003444162 0.002849097 0.0306338 0.01594052 2.103764e-05 0.002791995 0.09151973 0.008700565 3.606452e-05 0.004682377 3.005377e-06 3.005377e-06 0 0.003759726 0.0002734893 0.083288 0.03652735 0.03040239 0.007008538 0.0001562796 9.01613e-06 0.0002013602 0.0002404301 3.005377e-06 0.0001111989 0.0003155645 9.01613e-06 0 3.005377e-06 0.001481651 2.404301e-05 0.0001172097 1.202151e-05 3.005377e-06 0 0 1.202151e-05 0 0.1234639 6.010753e-06 0 3.005377e-06 0 0.02702435 0.02681998 0.04398068 0.007092689 0 6.311291e-05 0.01924944 0.01907813 9.01613e-06 0.0001262258 0 0 0 9.01613e-06 0 9.617205e-05 9.01613e-06 5.10914e-05 1.502688e-05 3.005377e-06 0 0 3.005377e-06
0.007832011 4.207527e-05 0.07767396 2.103764e-05 0 0.0007333119 0.01532442 0.01151059 1.502688e-05 0.0001893387 0.002737898 5.710216e-05 0.0004357796 0.02348401 0 0.002118791 0.007922173 0.004739479 0.03544241 5.10914e-05 0.0254886 0.0001683011 0.03562874 0.002731887 6.010753e-06 0.1106219 0.2379086 0.01084039 0.02212859 0.09896705 7.212904e-05 0.001430559 0.001502688 0.01782188 4.207527e-05 0.04446755 0.05757701 0.02232394 0.001701043 0.0006100915 0.0001232204 0.0001142043 2.404301e-05 0 0.0001412527 0.0007242958 3.005377e-06 0 0 0.0001142043 3.005377e-06 9.01613e-06 3.005377e-06 9.01613e-06 0 3.90699e-05 0 0 0.000207371 0.0001983549 3.005377e-06 7.212904e-05 6.010753e-06 5.409678e-05 9.01613e-05 0.0007363173 0.0002043656 6.010753e-06 0.001006801 0.008126538 0.0005199302 3.005377e-06 3.90699e-05 2.404301e-05 0 0 9.617205e-05 0 0.0001322366 4.207527e-05 0.0001352419 2.404301e-05 0 0 0 0
0.0003937043 0.0001232204 0.0005740269 0.000231414 3.005377e-06 0.0004958871 0.001722081 0.001190129 4.808603e-05 0.001899398 0.0240911 0.001021828 0.002130812 0.002293102 9.01613e-06 1.502688e-05 0.004739479 0.002136823 0.02999366 0.0008024356 0.0001472635 3.005377e-05 0.0005259409 0.0002434355 0.0001262258 0.02669075 0.008661495 0.0007603603 0.001977538 0.0007994302 0.0005529893 0.0005049033 8.415055e-05 0.01334387 9.01613e-06 0.009223501 0.02407006 0.05307796 0.004793576 0.0003937043 0.0001893387 6.311291e-05 1.803226e-05 0 3.005377e-06 3.005377e-06 0 0 0 3.606452e-05 0 6.010753e-06 0 0.0005229355 0 0.00131936 0 0 6.010753e-06 2.103764e-05 8.715592e-05 9.316668e-05 0 0 6.010753e-06 0 4.508065e-05 4.808603e-05 0.001151059 0.004072285 3.90699e-05 0 9.01613e-06 0.0007303065 0 0 1.803226e-05 0 3.606452e-05 0.0002434355 5.710216e-05 3.005377e-06 3.005377e-06 0 3.005377e-06 0
0.001752135 0.0001953495 0.001628914 0.0006161022 3.005377e-06 0.0008685538 0.004042232 0.003095538 0.0001472635 0.003444162 0.01969724 0.001719075 0.002822049 0.007483388 9.01613e-06 0.0001232204 0.03544241 0.02999366 0.04756008 0.001619898 0.001036855 0.0001021828 0.003203731 0.0004568172 0.0002043656 0.1856692 0.04163348 0.002064694 0.008757667 0.004021194 0.0003155645 0.000694242 0.000694242 0.07576254 5.409678e-05 0.04317825 0.06544809 0.1537911 0.006608823 0.00131936 0.000255457 0.0002855108 0.0001232204 3.005377e-06 2.103764e-05 1.502688e-05 3.005377e-06 0 0 0.0001111989 0 9.01613e-06 3.005377e-06 0.0003125592 0 0.0006191076 0 0 3.005377e-06 6.611829e-05 8.715592e-05 0.0004748495 3.005377e-06 0 6.010753e-06 2.704839e-05 6.611829e-05 5.409678e-05 0.001568807 0.005647103 8.715592e-05 0 1.202151e-05 0.0002674785 0 0 3.90699e-05 0 4.808603e-05 0.000183328 6.912366e-05 1.502688e-05 0 0 1.202151e-05 0
3.005377e-05 1.202151e-05 2.704839e-05 0.116825 0.0005650108 0.03574294 0.0004237581 0.006774119 0.008835807 0.09551989 0.004694398 0.07819689 0.001379468 0.004718441 0.006846248 3.005377e-06 5.10914e-05 0.0008024356 0.001619898 0.02607164 3.005377e-06 1.803226e-05 1.803226e-05 0.00434878 2.704839e-05 0.002299113 0.0005439732 0.03414108 0.007366178 2.704839e-05 0.0001322366 0.003408097 3.606452e-05 0.01178408 1.502688e-05 0.01144147 0.0005529893 0.04041029 0.003675576 0.00937978 0.002016608 0.0003546344 5.710216e-05 9.01613e-06 0 3.005377e-06 0.005424705 0 0.0001382473 0.004024199 0.0001232204 0.001415532 0.004820624 2.103764e-05 0.0005680162 6.010753e-06 4.508065e-05 3.305914e-05 9.01613e-06 0 6.010753e-06 0 0.001349414 3.005377e-06 0 0 0.004604237 0 2.704839e-05 1.502688e-05 0.007357162 3.90699e-05 5.409678e-05 0 9.01613e-06 6.010753e-06 6.311291e-05 0 0.0001502688 3.005377e-06 0.0001953495 3.305914e-05 0.0001172097 6.010753e-06 0 0
0.0005770323 1.202151e-05 0.01114995 0 0 8.415055e-05 0.008874877 0.001130022 9.01613e-06 2.404301e-05 0.0007062635 3.005377e-06 0.0002133817 0.001349414 0 0.003444162 0.0254886 0.0001472635 0.001036855 3.005377e-06 0.05602623 9.917743e-05 0.2021867 0.001403511 9.01613e-06 0.004168457 0.008607399 0.05031301 0.001217178 0.1067179 1.502688e-05 7.513442e-05 5.409678e-05 0.05591804 0.0009917743 0.229737 0.03418015 0.2349874 0.02847895 0.0005590001 8.715592e-05 0.001469629 0.0008745646 0 0 4.207527e-05 6.010753e-06 0 3.005377e-06 0.0008234732 9.01613e-06 4.508065e-05 0 3.005377e-06 0 0 1.502688e-05 0 0.01271274 0 0 0 0 0.008264786 0.001743118 0.0009166399 0.00323078 0 1.803226e-05 0.0002945269 0.009887689 6.010753e-06 9.917743e-05 0 0 0 0 0 3.005377e-05 0 9.01613e-06 0 0 0 0 0
6.010753e-06 0.06868788 5.409678e-05 0.0007273011 0 5.10914e-05 0.002536538 9.01613e-06 0.0438244 9.316668e-05 0.0001232204 9.01613e-06 0.0004568172 3.005377e-06 1.803226e-05 0.002849097 0.0001683011 3.005377e-05 0.0001021828 1.803226e-05 9.917743e-05 0.01039259 0.001148054 0.08142166 0.0177197 0.001830274 0.05511861 0.00526542 4.508065e-05 0.000231414 3.90699e-05 3.005377e-06 9.01613e-06 0.0001532742 0 0.000510914 0.0003486237 0.0006130968 5.710216e-05 1.502688e-05 3.005377e-06 6.912366e-05 6.010753e-06 0 4.207527e-05 3.606452e-05 6.010753e-06 0 0 0.0001322366 9.01613e-06 6.010753e-06 9.01613e-06 3.606452e-05 0 6.010753e-05 0 0 0.005262414 0 0 3.005377e-06 0 0.001096962 0.001154065 0.001496678 0.0008655485 1.502688e-05 3.305914e-05 0.001142043 0.001601866 0 9.01613e-06 9.01613e-06 0 0 0 0 3.005377e-06 1.502688e-05 1.202151e-05 3.005377e-06 0 0 5.10914e-05 0
0.001030844 2.103764e-05 0.0932388 4.508065e-05 0 0.0008685538 0.09798129 0.007086678 3.606452e-05 0.000534957 0.002371242 1.202151e-05 0.0002524516 0.006218124 0 0.0306338 0.03562874 0.0005259409 0.003203731 1.803226e-05 0.2021867 0.001148054 0.1977568 0.02686807 1.803226e-05 0.06085888 0.1502177 0.2017179 0.003080511 0.1576801 3.90699e-05 0.000486871 0.0002163871 0.09063615 0.001340398 0.3919011 0.1301058 0.3379666 0.04529704 0.001448592 0.0001412527 0.001133027 0.00100079 0 0.0002133817 0.0007062635 9.01613e-06 0 0 0.0006191076 1.202151e-05 2.404301e-05 1.502688e-05 0 3.005377e-06 0 1.202151e-05 0 0.03754316 6.010753e-06 0 0 3.005377e-06 0.003498258 0.005749285 0.02185209 0.001388484 0 2.704839e-05 0.02993956 0.003489242 6.010753e-06 7.212904e-05 0 0 0 1.502688e-05 0 8.715592e-05 9.01613e-06 6.311291e-05 1.202151e-05 0 6.010753e-06 0 3.005377e-06
0.00155378 0.03418916 0.004081301 0.02989448 0.002022618 0.002849097 0.06772616 0.003203731 0.07001626 0.006527678 0.001316355 0.001355425 0.0008084463 0.004610248 0.01550173 0.01594052 0.002731887 0.0002434355 0.0004568172 0.00434878 0.001403511 0.08142166 0.02686807 0.05288862 0.007675732 0.006605818 0.102273 0.05917587 0.03884149 0.02936553 0.0001021828 0.00119614 0.007801958 0.0202352 0.0002344194 0.0912793 0.01356928 0.06337137 0.008511227 0.01723283 0.000901613 0.0004778549 0.0002855108 0.0002734893 8.114517e-05 0.0003456183 0.007146786 3.005377e-06 0.0001142043 0.03626588 0.0006431506 0.02457196 0.005325527 7.813979e-05 0.0004808603 3.305914e-05 0.0006732044 1.502688e-05 0.03032726 0.0001202151 1.803226e-05 3.90699e-05 0.001652957 0.01339496 0.01668285 0.003200726 0.1012211 0 0.0002584624 0.002530527 0.1524598 0.0008925969 0.01468427 3.005377e-06 2.103764e-05 7.212904e-05 0.0005259409 6.010753e-06 0.003678581 7.513442e-05 0.002058683 0.0002945269 0.0002614678 5.10914e-05 3.606452e-05 2.404301e-05
6.010753e-06 0.0231414 1.202151e-05 1.502688e-05 0 2.103764e-05 0.0002284086 2.103764e-05 0.01701344 3.005377e-05 0.002524516 2.103764e-05 0.04355993 4.207527e-05 9.01613e-06 2.103764e-05 6.010753e-06 0.0001262258 0.0002043656 2.704839e-05 9.01613e-06 0.0177197 1.803226e-05 0.007675732 0.007122743 0.006440522 0.04530906 0.0003245807 4.207527e-05 9.01613e-06 0.001394495 1.202151e-05 0 0.001562796 1.502688e-05 0.003846882 0.01449193 0.009346721 0.003257828 6.311291e-05 4.207527e-05 0.006617839 1.803226e-05 0 0.0001051882 0 0 0 0 3.005377e-06 0 2.404301e-05 3.005377e-06 0.004631285 0 0.01135131 0 0 0 3.005377e-06 5.710216e-05 9.316668e-05 3.005377e-06 0 1.803226e-05 3.005377e-06 3.305914e-05 0.001051882 0.001661973 0.008586361 6.010753e-06 3.005377e-06 0 0.001977538 0 0 0.0006341345 3.005377e-06 9.316668e-05 0.002722871 0.0003305914 1.803226e-05 0 0 0.004481017 0
0.007612619 0.005103129 0.08341723 0.000901613 1.502688e-05 0.003735683 0.09637341 0.02528123 0.002578613 0.006284243 0.04043434 0.002897183 0.02135621 0.03977315 1.202151e-05 0.002791995 0.1106219 0.02669075 0.1856692 0.002299113 0.004168457 0.001830274 0.06085888 0.006605818 0.006440522 0.2995459 0.2664777 0.01582932 0.0318029 0.01886174 0.004234576 0.004183484 0.001767161 0.1023661 0.0004478011 0.1595645 0.2305605 0.3802793 0.03853794 0.005373613 0.0009226506 0.002245016 0.0004177474 3.005377e-06 0.002542549 0.001947484 1.202151e-05 0 0 0.0002764946 2.404301e-05 9.316668e-05 1.502688e-05 0.005355581 0 0.01306137 2.103764e-05 0 5.10914e-05 0.003438151 0.001099968 0.007642673 3.005377e-06 5.710216e-05 0.0001292312 0.0003305914 0.0002494463 0.001385479 0.03743798 0.130241 0.0003275861 6.010753e-06 0.0002043656 0.004447957 0 0 0.001265264 2.404301e-05 0.002260043 0.002942264 0.002410312 0.000486871 4.207527e-05 0 0.0004117366 6.010753e-06
0.001301328 0.06884116 0.08288528 0.0004598226 9.01613e-06 0.0004598226 0.01515311 0.002518506 0.035773 0.001562796 0.007101705 0.0007453334 0.02866528 0.005015974 3.606452e-05 0.09151973 0.2379086 0.008661495 0.04163348 0.0005439732 0.008607399 0.05511861 0.1502177 0.102273 0.04530906 0.2664777 0.4132092 0.0742298 0.006332329 0.003837866 0.003420119 0.000510914 0.0006130968 0.09075937 0.001580828 0.3629383 0.2038246 0.465085 0.06703793 0.008126538 0.0002644731 0.002945269 0.0005800377 1.202151e-05 0.01875956 0.02462606 1.803226e-05 0 0 0.001478645 6.311291e-05 0.0001983549 1.202151e-05 0.0127458 0 0.03541836 6.611829e-05 6.010753e-06 0.0136925 0.008015339 0.001562796 0.009608189 0 0.0004568172 0.00618206 0.03473915 0.001722081 0.00387393 0.07164217 0.5066314 0.003447167 1.202151e-05 0.0002434355 0.01216276 0 0 0.003618473 6.010753e-05 0.00574628 0.007711796 0.00686428 0.0013975 6.311291e-05 0 0.001689022 1.202151e-05
0.005262414 0.001072919 0.02722871 0.06614834 0.0003696613 0.05012067 0.1206358 0.01282094 0.0342102 0.149806 0.004012178 0.01154365 0.001027839 0.02112179 0.003011387 0.008700565 0.01084039 0.0007603603 0.002064694 0.03414108 0.05031301 0.00526542 0.2017179 0.05917587 0.0003245807 0.01582932 0.0742298 0.148712 0.1046592 0.2136132 0.0001051882 0.002837076 0.01854918 0.05374515 0.0005049033 0.1888188 0.03427933 0.1998606 0.02097753 0.007441313 0.001430559 0.001096962 0.0007032581 0.0002193925 1.803226e-05 0.000303543 0.01316655 1.202151e-05 0.0002344194 0.03455883 0.0008174624 0.01880464 0.01016418 2.704839e-05 0.0008204678 3.005377e-06 0.0007904141 2.704839e-05 0.02081824 0.0002043656 3.005377e-05 6.010753e-05 0.002999366 0.009205469 0.00858035 0.001190129 0.0969805 3.005377e-06 0.0002825054 0.001283296 0.1564599 0.0007273011 0.01795111 6.010753e-06 2.404301e-05 4.808603e-05 0.0004808603 9.01613e-06 0.002891172 5.10914e-05 0.001692027 0.0002795 0.0003185699 5.10914e-05 3.005377e-06 1.202151e-05
0.04727758 1.502688e-05 0.007459345 0.006551721 2.404301e-05 0.005677156 0.07732834 0.02460802 0.001012812 0.02762843 0.01086744 0.00622714 0.001523726 0.08266589 6.912366e-05 3.606452e-05 0.02212859 0.001977538 0.008757667 0.007366178 0.001217178 4.508065e-05 0.003080511 0.03884149 4.207527e-05 0.0318029 0.006332329 0.1046592 0.1773713 0.06643686 0.0002344194 0.01154666 0.04635493 0.05174958 6.010753e-06 0.004228565 0.001105979 0.03151438 0.002133817 0.001307339 0.001989559 0.0002254032 3.90699e-05 6.010753e-06 0 3.005377e-06 0.0001442581 0 3.005377e-06 0.0006822205 6.010753e-06 0.0002344194 0.0001232204 6.010753e-06 6.010753e-06 6.010753e-06 2.704839e-05 0 8.114517e-05 0 3.005377e-06 3.005377e-06 3.305914e-05 2.404301e-05 3.606452e-05 6.010753e-05 0.001544764 3.005377e-06 2.404301e-05 0.0001472635 0.002338183 6.010753e-06 0.0003756721 3.005377e-06 0 0 6.010753e-06 0 4.207527e-05 0 4.808603e-05 3.005377e-06 3.005377e-06 0 0 3.005377e-06
0.03567983 1.502688e-05 0.02992453 0.0001172097 3.005377e-06 0.001352419 0.05516068 0.026829 0.0001382473 0.0001803226 0.003287882 3.005377e-05 0.0004057258 0.05016575 3.005377e-06 0.004682377 0.09896705 0.0007994302 0.004021194 2.704839e-05 0.1067179 0.000231414 0.1576801 0.02936553 9.01613e-06 0.01886174 0.003837866 0.2136132 0.06643686 0.1188266 3.606452e-05 0.002287092 0.012857 0.06172442 0.0002013602 0.06730541 0.007558522 0.08941597 0.00798228 0.0003125592 0.0003005377 0.0004357796 0.0002374248 3.606452e-05 6.010753e-06 0.0001322366 3.606452e-05 0 6.010753e-06 0.003876936 9.917743e-05 0.0003546344 3.606452e-05 0 3.005377e-06 3.005377e-06 9.01613e-05 0 0.007140775 2.704839e-05 3.005377e-06 9.01613e-06 0 0.006124958 0.001340398 0.0005740269 0.009286614 0 0.0001051882 0.0002344194 0.0292363 5.409678e-05 0.002371242 3.005377e-06 0 3.005377e-06 3.606452e-05 0 0.0003366022 3.005377e-06 0.0001292312 9.01613e-06 6.010753e-06 3.005377e-06 0 0
3.005377e-05 0.0001713065 9.617205e-05 5.10914e-05 0 9.917743e-05 0.0002284086 0.0002223979 6.611829e-05 0.0003125592 0.003555361 0.0002043656 0.01271875 0.0003125592 6.010753e-06 3.005377e-06 7.212904e-05 0.0005529893 0.0003155645 0.0001322366 1.502688e-05 3.90699e-05 3.90699e-05 0.0001021828 0.001394495 0.004234576 0.003420119 0.0001051882 0.0002344194 3.606452e-05 0.0001562796 0.0001262258 6.010753e-06 0.00163793 3.005377e-06 0.001193135 0.01182315 0.01055789 0.002229989 6.912366e-05 0.0001111989 0.0006762097 0 0 9.01613e-06 0 0 0 0 6.010753e-06 0 3.005377e-06 0 0.001048876 0 0.002518506 0 0 0 6.010753e-06 1.502688e-05 2.103764e-05 0 0 3.005377e-06 0 1.502688e-05 0.0001953495 0.0003606452 0.001256247 3.005377e-06 0 0 0.000438785 0 0 6.912366e-05 0 1.502688e-05 0.0005259409 4.508065e-05 0 0 0 0.0004027205 0
0.0007543495 6.010753e-06 0.001731097 0.001322366 4.207527e-05 0.003922016 0.006915372 0.03390065 0.0001081936 0.007738845 0.004817619 0.005574974 0.002758936 0.01172097 0.0006762097 3.005377e-06 0.001430559 0.0005049033 0.000694242 0.003408097 7.513442e-05 3.005377e-06 0.000486871 0.00119614 1.202151e-05 0.004183484 0.000510914 0.002837076 0.01154666 0.002287092 0.0001262258 7.513442e-05 6.010753e-05 0.01166387 0 0.01388785 0.001163081 0.04696803 0.004757511 0.02295206 0.01695934 0.0005018979 0.000207371 0 0 0 4.808603e-05 0 0 0.000303543 0 2.103764e-05 4.207527e-05 0 6.010753e-06 0 0 0 6.010753e-06 0 0 0 3.005377e-06 0 0 0 0.0002915215 0 0 1.803226e-05 0.0003245807 0 3.606452e-05 3.005377e-06 0 0 0 0 3.005377e-06 0 9.01613e-06 0 3.005377e-06 3.005377e-06 0 3.005377e-06
0.0006341345 3.005377e-06 0.0001713065 0.0003786775 0 0.0001773172 0.006194081 0.0003245807 0.0001232204 0.0004057258 0.0003215753 2.103764e-05 1.502688e-05 0.001148054 1.202151e-05 0 0.001502688 8.415055e-05 0.000694242 3.606452e-05 5.409678e-05 9.01613e-06 0.0002163871 0.007801958 0 0.001767161 0.0006130968 0.01854918 0.04635493 0.012857 6.010753e-06 6.010753e-05 0.0006671936 0.006443527 0 0.0002374248 0.0001021828 0.003822839 4.508065e-05 1.803226e-05 6.010753e-06 6.010753e-06 6.010753e-06 0 0 0 9.01613e-06 0 0 8.415055e-05 0 5.10914e-05 1.202151e-05 0 3.005377e-06 0 0 0 3.005377e-05 3.005377e-06 0 0 0 3.005377e-06 9.01613e-06 3.005377e-06 0.0002704839 0 6.010753e-06 1.502688e-05 0.0004027205 0 7.513442e-05 0 0 0 0 0 6.010753e-06 0 6.010753e-06 0 0 0 0 0
0.00761863 9.316668e-05 0.01049778 0.006398447 0.0003967097 0.01388785 0.04140808 0.03432741 0.0007152796 0.03014092 0.09411036 0.01740414 0.02242913 0.03562874 0.0008565323 0.003759726 0.01782188 0.01334387 0.07576254 0.01178408 0.05591804 0.0001532742 0.09063615 0.0202352 0.001562796 0.1023661 0.09075937 0.05374515 0.05174958 0.06172442 0.00163793 0.01166387 0.006443527 0.02909205 1.202151e-05 0.008718598 0.009202463 0.0746235 0.003122586 0.007077662 0.0004988925 0.0009316668 0.0001562796 6.010753e-06 4.508065e-05 0.0001111989 0.0002133817 0 6.010753e-06 0.0008505216 1.502688e-05 0.0001322366 0.000207371 3.90699e-05 6.010753e-06 7.212904e-05 1.803226e-05 0 0.0002013602 1.803226e-05 9.01613e-06 2.103764e-05 4.508065e-05 6.912366e-05 7.513442e-05 0.0003846882 0.001214172 6.010753e-06 0.0001863334 0.002482441 0.001860328 9.01613e-06 0.0001923441 3.606452e-05 0 0 1.202151e-05 0 6.912366e-05 2.103764e-05 4.508065e-05 1.202151e-05 6.010753e-06 0 9.01613e-06 0
0 0 0.0001081936 9.01613e-06 0 0 0.0001622903 1.202151e-05 0 3.606452e-05 4.207527e-05 3.005377e-06 0.0004658334 0 0 0.0002734893 4.207527e-05 9.01613e-06 5.409678e-05 1.502688e-05 0.0009917743 0 0.001340398 0.0002344194 1.502688e-05 0.0004478011 0.001580828 0.0005049033 6.010753e-06 0.0002013602 3.005377e-06 0 0 1.202151e-05 0.4882355 0.1493943 0.001445586 0.0121297 0.008793732 9.01613e-06 3.005377e-05 0.0008835807 0.00219693 0 3.005377e-06 6.010753e-06 0 0 0 2.404301e-05 0 0 9.01613e-06 1.202151e-05 0 0 0 0 6.010753e-06 0 3.005377e-06 3.005377e-06 0 9.01613e-06 3.005377e-06 3.005377e-05 9.01613e-06 0 1.502688e-05 3.90699e-05 3.606452e-05 0 0 0 0 0 7.513442e-05 0.4995567 0.001683011 2.404301e-05 0.0002374248 0.0002734893 0 0 2.404301e-05 3.305914e-05
0.0002915215 0.0002644731 0.03011087 0.01530939 0.0004447957 0.005055043 0.07010342 0.008357952 0.002482441 0.03062178 0.008832802 0.004444952 0.01270974 0.003690602 0.0002223979 0.083288 0.04446755 0.009223501 0.04317825 0.01144147 0.229737 0.000510914 0.3919011 0.0912793 0.003846882 0.1595645 0.3629383 0.1888188 0.004228565 0.06730541 0.001193135 0.01388785 0.0002374248 0.008718598 0.1493943 0.08114517 0.4654697 0.288411 0.0472325 0.07571746 0.01763254 0.0342643 0.004111355 9.01613e-06 0.0002133817 0.0006070861 0.0005590001 3.005377e-06 1.803226e-05 0.002506484 5.10914e-05 0.0004688388 0.0003997151 3.005377e-05 4.207527e-05 8.415055e-05 3.606452e-05 6.010753e-06 0.0009106291 5.10914e-05 6.010753e-06 6.611829e-05 0.0001292312 0.0002374248 0.0002614678 0.001529737 0.003979119 2.404301e-05 0.0004027205 0.009190442 0.005722237 4.808603e-05 0.0008024356 3.305914e-05 0 3.005377e-06 6.311291e-05 0.001989559 0.0002825054 3.305914e-05 0.0001562796 9.01613e-05 4.508065e-05 1.202151e-05 6.010753e-06 6.010753e-06
0.0001502688 0.001328376 0.01640335 0.0002945269 2.103764e-05 0.0004808603 0.005962667 0.001277285 0.000390699 0.001190129 0.0474008 0.000646156 0.1109735 0.001093957 1.803226e-05 0.03652735 0.05757701 0.02407006 0.06544809 0.0005529893 0.03418015 0.0003486237 0.1301058 0.01356928 0.01449193 0.2305605 0.2038246 0.03427933 0.001105979 0.007558522 0.01182315 0.001163081 0.0001021828 0.009202463 0.001445586 0.4654697 0.07494508 0.0589715 0.02399493 0.02032536 0.001619898 0.001310344 0.001583833 0 5.710216e-05 3.305914e-05 3.005377e-06 0 0 9.01613e-05 0 2.103764e-05 6.010753e-06 0.0008354947 0 0.001244226 3.005377e-06 0 0.0001683011 3.005377e-05 5.10914e-05 0.0001232204 0 7.513442e-05 3.005377e-05 8.114517e-05 0.0001202151 0.0001202151 0.0006401452 0.003444162 0.0001863334 3.005377e-06 1.202151e-05 0.0002374248 0 0 0.0002584624 0.0001382473 7.212904e-05 0.0003726667 0.0006431506 1.502688e-05 0 3.005377e-06 0.001063903 3.005377e-06
0.004285667 0.0007152796 0.04394462 0.03326952 0.001661973 0.01763254 0.1230311 0.01661673 0.003044447 0.1086654 0.1261327 0.02785984 0.06957747 0.02467114 0.0004057258 0.03040239 0.02232394 0.05307796 0.1537911 0.04041029 0.2349874 0.0006130968 0.3379666 0.06337137 0.009346721 0.3802793 0.465085 0.1998606 0.03151438 0.08941597 0.01055789 0.04696803 0.003822839 0.0746235 0.0121297 0.288411 0.0589715 0.1166176 0.0269432 0.0098937 0.003206737 0.006335334 0.003684592 2.704839e-05 0.0001983549 0.0005770323 0.0008204678 0 1.202151e-05 0.003077506 5.710216e-05 0.0006491613 0.0007303065 0.0001713065 3.005377e-05 0.0003305914 4.207527e-05 0 0.0008685538 6.311291e-05 2.103764e-05 0.0001472635 0.0001562796 0.0002614678 0.0001743118 0.001211167 0.004078296 4.808603e-05 0.0007904141 0.01006501 0.005593006 3.606452e-05 0.0005499839 0.0001622903 3.005377e-06 0 0.000303543 0.0007062635 0.0002464409 0.0001051882 0.0003305914 0.0001021828 2.404301e-05 9.316668e-05 3.606452e-05 6.010753e-05
0.0001232204 8.415055e-05 0.007390221 0.002906199 9.917743e-05 0.002377253 0.0108975 0.00183929 0.0003967097 0.008757667 0.02407307 0.003540334 0.02155456 0.001610882 0.0001142043 0.007008538 0.001701043 0.004793576 0.006608823 0.003675576 0.02847895 5.710216e-05 0.04529704 0.008511227 0.003257828 0.03853794 0.06703793 0.02097753 0.002133817 0.00798228 0.002229989 0.004757511 4.508065e-05 0.003122586 0.008793732 0.0472325 0.02399493 0.0269432 0.0006732044 0.004204522 0.0004027205 0.001331382 0.0006912366 0 1.502688e-05 9.617205e-05 7.212904e-05 0 0 0.0003606452 0 6.010753e-05 4.508065e-05 1.502688e-05 9.01613e-06 2.404301e-05 0 0 0.0001021828 1.202151e-05 0 2.103764e-05 1.803226e-05 3.305914e-05 1.502688e-05 6.311291e-05 0.0004958871 0 8.415055e-05 0.00103385 0.0007303065 3.005377e-06 9.316668e-05 2.103764e-05 0 0 0.0001412527 0.0007603603 3.005377e-05 3.005377e-05 8.415055e-05 9.01613e-05 0 7.212904e-05 9.01613e-06 3.606452e-05
2.404301e-05 9.01613e-06 0.0005920592 0.009346721 0.02866829 0.01095159 0.003846882 0.009499995 0.006954441 0.00869756 0.001241221 0.01661072 0.001968522 0.001030844 0.005478802 0.0001562796 0.0006100915 0.0003937043 0.00131936 0.00937978 0.0005590001 1.502688e-05 0.001448592 0.01723283 6.311291e-05 0.005373613 0.008126538 0.007441313 0.001307339 0.0003125592 6.912366e-05 0.02295206 1.803226e-05 0.007077662 9.01613e-06 0.07571746 0.02032536 0.0098937 0.004204522 0.002761941 0.004432931 0.0009797528 0.0003636506 0 3.005377e-06 3.005377e-06 0.0004808603 3.005377e-06 9.01613e-06 0.0006671936 1.202151e-05 0.0001081936 0.0004928818 3.005377e-06 0.000159285 0 9.01613e-06 1.502688e-05 3.005377e-06 3.005377e-06 0 3.005377e-06 0.0002013602 0 9.01613e-06 6.010753e-06 0.0007603603 0 1.202151e-05 0.0001352419 0.001081936 0 0.0001051882 0 0 0 1.202151e-05 4.207527e-05 4.808603e-05 3.005377e-06 2.404301e-05 1.202151e-05 6.010753e-05 9.01613e-06 0 0
1.502688e-05 0 0.0002013602 0.000766371 0.001502688 0.005232361 0.001902403 0.001938468 0.0001202151 0.003215753 0.002791995 0.003976113 0.0007242958 0.0007693764 0.00100079 9.01613e-06 0.0001232204 0.0001893387 0.000255457 0.002016608 8.715592e-05 3.005377e-06 0.0001412527 0.000901613 4.207527e-05 0.0009226506 0.0002644731 0.001430559 0.001989559 0.0003005377 0.0001111989 0.01695934 6.010753e-06 0.0004988925 3.005377e-05 0.01763254 0.001619898 0.003206737 0.0004027205 0.004432931 1.502688e-05 0.0006191076 0.0004267635 0 0 0 4.508065e-05 0 0 0.0001442581 0 1.202151e-05 3.606452e-05 3.005377e-06 3.005377e-06 0 3.005377e-06 0 0 0 0 0 1.202151e-05 0 0 3.005377e-06 0.0001893387 0 3.005377e-06 1.803226e-05 0.0002915215 0 1.502688e-05 3.005377e-06 0 0 3.90699e-05 1.803226e-05 3.005377e-06 0 1.803226e-05 3.005377e-06 0 0 0 6.010753e-06
9.01613e-06 0.0006100915 0.0001021828 0.0002043656 0 0.0002764946 0.0006281237 0.0002494463 0.0001142043 0.000694242 0.01145048 0.000438785 0.02765548 0.0002644731 1.502688e-05 0.0002013602 0.0001142043 6.311291e-05 0.0002855108 0.0003546344 0.001469629 6.912366e-05 0.001133027 0.0004778549 0.006617839 0.002245016 0.002945269 0.001096962 0.0002254032 0.0004357796 0.0006762097 0.0005018979 6.010753e-06 0.0009316668 0.0008835807 0.0342643 0.001310344 0.006335334 0.001331382 0.0009797528 0.0006191076 9.01613e-06 0.0003997151 0 0 0 3.005377e-06 0 0 3.005377e-05 0 6.010753e-06 0 3.005377e-05 0 9.917743e-05 0 0 9.01613e-06 0 3.005377e-06 0 0 0 3.005377e-06 0 3.606452e-05 3.305914e-05 6.912366e-05 0.0003576398 5.409678e-05 0 3.005377e-06 3.90699e-05 0 0 6.311291e-05 0.0001442581 3.005377e-06 2.103764e-05 6.010753e-05 1.502688e-05 0 1.502688e-05 1.803226e-05 0
3.005377e-06 0 3.005377e-05 8.114517e-05 1.502688e-05 6.311291e-05 0.0003155645 9.316668e-05 2.103764e-05 0.0002043656 4.508065e-05 4.207527e-05 0.0001202151 1.803226e-05 0 0.0002404301 2.404301e-05 1.803226e-05 0.0001232204 5.710216e-05 0.0008745646 6.010753e-06 0.00100079 0.0002855108 1.803226e-05 0.0004177474 0.0005800377 0.0007032581 3.90699e-05 0.0002374248 0 0.000207371 6.010753e-06 0.0001562796 0.00219693 0.004111355 0.001583833 0.003684592 0.0006912366 0.0003636506 0.0004267635 0.0003997151 8.415055e-05 0 0 0 0 0 0 9.01613e-06 0 6.010753e-06 3.005377e-06 0 0 0 0 0 3.005377e-06 0 0 0 0 0 0 0 2.704839e-05 0 3.005377e-06 1.502688e-05 2.404301e-05 0 3.005377e-06 0 0 0 9.01613e-06 9.01613e-05 0 0 6.010753e-06 6.010753e-06 0 3.005377e-06 0 3.005377e-06
0 0 0 2.404301e-05 0 0 0.0001142043 0 2.103764e-05 1.202151e-05 3.005377e-06 0 0 0 0 3.005377e-06 0 0 3.005377e-06 9.01613e-06 0 0 0 0.0002734893 0 3.005377e-06 1.202151e-05 0.0002193925 6.010753e-06 3.606452e-05 0 0 0 6.010753e-06 0 9.01613e-06 0 2.704839e-05 0 0 0 0 0 0.007768899 0 0.000207371 0.0004568172 0 0.0001532742 0.051425 0.004697404 7.212904e-05 0.0008865861 0.001556785 2.103764e-05 3.305914e-05 0.04045237 0 2.404301e-05 0.001481651 0.000949699 0.002326162 6.311291e-05 0.0002374248 9.01613e-06 0.0002674785 0.001941473 0 0.01236111 0.0004207527 0.01213872 0.05294873 0.03134608 9.617205e-05 0.000646156 0.002566592 0.009478958 0 0.001133027 0.0002855108 0.007988291 0.0009286614 1.502688e-05 2.103764e-05 1.803226e-05 1.502688e-05
