0.02530721 5.524251e-05 0.001252164 0.0004143189 4.603543e-05 0.0001595895 0.0664813 0.003409691 0.005659289 0.0009759511 0.0007058766 0.0001227611 8.900183e-05 0.07184596 4.29664e-05 7.979474e-05 0.02101978 0.0003682834 0.002860335 0.0003406622 0.007479223 0.003391277 0.01092881 0.01899115 1.841417e-05 0.0006629102 0.002077732 0.02296861 0.06632785 0.07547969 3.069029e-06 0.0003130409 0.0001749346 0.01535742 9.207086e-06 0.0004664923 5.217349e-05 0.01289913 0.0005616322 6.44496e-05 9.207086e-06 0 3.069029e-06 9.207086e-06 2.455223e-05 1.227611e-05 3.682834e-05 0 6.138057e-06 0.0006260818 3.375931e-05 0.002277219 3.682834e-05 1.227611e-05 6.138057e-06 6.138057e-06 4.603543e-05 0 0.0001902798 9.207086e-06 1.534514e-05 8.286377e-05 2.14832e-05 0.0001196921 0.0003805595 4.603543e-05 0.00423219 1.227611e-05 7.365669e-05 8.900183e-05 0.003946771 0.0006997385 6.138057e-05 3.069029e-06 3.069029e-06 0.0001933488 0.0003038338 9.207086e-06 0.00158055 3.069029e-05 0.001322751 9.513989e-05 0.0001196921 2.762126e-05 3.069029e-06 6.138057e-06
5.524251e-05 0.003354448 0.0160234 3.069029e-06 0 8.286377e-05 0.0009943653 0.0001288992 0.005604046 0.000104347 0.02088781 9.207086e-05 0.008630108 9.820891e-05 9.207086e-06 0.002550363 0.001598964 0.0002731435 0.003599971 4.29664e-05 0.0001166231 0.04588505 0.001046539 0.002166734 0.03324679 0.03478437 0.0688199 0.0004143189 0.0002025559 0.0008746731 5.217349e-05 3.989737e-05 9.207086e-06 0.004109429 3.069029e-06 0.002541156 0.01208277 0.006641378 0.0002915577 8.59328e-05 0 0.002986165 1.534514e-05 3.069029e-06 5.217349e-05 0.002261874 0 0 0 3.989737e-05 1.534514e-05 1.227611e-05 6.138057e-06 0.0009759511 0 0.001598964 3.069029e-06 0 1.841417e-05 0.002218908 0.0002915577 0.001399477 0 7.365669e-05 6.138057e-06 0.001632723 1.227611e-05 0.000104347 0.001086436 0.003366724 3.375931e-05 9.207086e-06 6.138057e-06 0.0004051118 0 0 6.751863e-05 3.069029e-06 0.001552928 0.001482341 0.0007611191 0.0002823506 1.227611e-05 0 2.762126e-05 6.138057e-06
0.001252164 0.0160234 0.0515382 0.0001012779 1.534514e-05 0.0002700745 0.01580857 0.004238328 0.001816865 0.0003805595 0.0005432181 9.207086e-06 0.0001012779 0.005990744 9.207086e-05 0.003762629 0.1003756 0.001577481 0.007445463 4.29664e-05 0.05646092 0.001445512 0.2065487 0.02073129 6.44496e-05 0.1484121 0.119643 0.03029745 0.002866473 0.00259026 3.069029e-06 0.0001012779 8.286377e-05 0.006733449 0.0001350373 0.0408856 0.009191741 0.0529745 0.003646006 0.0008409138 3.069029e-05 2.14832e-05 0.0001135541 1.227611e-05 0.005113002 0.01724487 6.138057e-06 0 3.069029e-06 0.0002976958 6.138057e-05 0.0001227611 1.227611e-05 1.227611e-05 3.069029e-06 6.138057e-06 6.44496e-05 0 0.000211763 0.009940584 4.910446e-05 0.001608171 9.207086e-06 0.0002271081 0.0008409138 0.01236819 0.0003774905 6.138057e-06 0.001338096 0.01387815 0.000325317 8.286377e-05 4.29664e-05 3.069029e-06 0 3.069029e-06 0.0002301771 7.672571e-05 0.009823961 0.004999448 0.004078739 0.001565205 0.000104347 6.138057e-06 0 3.682834e-05
0.0004143189 3.069029e-06 0.0001012779 0.02824427 0.0004358021 0.008452105 0.006248542 0.006211714 0.01520397 0.05426349 0.001997938 0.06227673 0.0004756994 0.009670509 0.002792816 0 0.0001780037 0.0003069029 0.0002792816 0.06239335 1.534514e-05 9.207086e-06 0.0001135541 0.02549442 2.455223e-05 0.0005984606 0.0001902798 0.0661345 0.008826526 4.29664e-05 3.989737e-05 0.0005155968 1.227611e-05 0.004048049 5.831154e-05 0.001617378 4.603543e-05 0.01585767 0.003440381 0.004686407 0.001427098 2.762126e-05 0.000110485 2.455223e-05 1.227611e-05 1.227611e-05 0.001761622 0 0.0004051118 0.001525307 0.000319179 0.001279785 0.001249095 0.0001381063 0.001629654 3.069029e-06 0.0002884887 6.138057e-06 3.069029e-06 3.069029e-06 0 0 0.001687966 9.207086e-06 3.069029e-05 3.069029e-06 0.004861341 6.138057e-06 5.217349e-05 6.138057e-06 0.005521182 0.000644496 3.989737e-05 9.207086e-06 1.227611e-05 3.682834e-05 0.0003099719 0 0.0003007648 3.069029e-06 0.001114057 3.069029e-05 0.0001258302 0.0001166231 1.227611e-05 1.534514e-05
4.603543e-05 0 1.534514e-05 0.0004358021 9.207086e-06 0.0109994 0.001528376 0.001568274 0.004649578 0.0005677703 0.0001411753 0.004981033 4.603543e-05 0.0006874624 0.01950675 0 3.069029e-05 6.138057e-06 3.069029e-06 0.0007887403 1.227611e-05 3.069029e-05 2.762126e-05 0.003498693 3.069029e-06 2.14832e-05 1.534514e-05 0.000963675 0.0001964178 1.841417e-05 0 0.0009145705 3.069029e-06 0.0003621454 3.069029e-06 0.0005616322 3.069029e-06 0.0006352889 2.762126e-05 0.01397022 7.672571e-05 3.069029e-06 1.841417e-05 0 0 0 3.069029e-06 0 0 6.138057e-06 0 6.138057e-06 0 0 3.069029e-06 0 0 0 0 0 0 0 0 0 0 0 9.207086e-06 0 0 0 2.14832e-05 0 0 0 0 0 0 0 3.069029e-06 0 3.069029e-06 0 0 0 0 0
0.0001595895 8.286377e-05 0.0002700745 0.008452105 0.0109994 0.2706085 0.06823678 0.1393738 0.001157024 0.2818995 0.007319633 0.1235223 0.003099719 0.0136848 0.04132447 6.138057e-06 0.001120195 0.0004849065 0.0004051118 0.02445402 0.0001964178 0.0001135541 0.0007948784 0.003271584 7.979474e-05 0.001224542 0.0003897666 0.07328533 0.003820941 0.0003345241 0.0002608674 0.008795836 9.207086e-06 0.03161713 2.14832e-05 0.006579997 8.59328e-05 0.01485103 0.0005554942 0.05710541 0.008485864 2.455223e-05 0.0002363152 0 9.207086e-06 3.069029e-06 5.831154e-05 0 3.069029e-06 0.0001473134 6.138057e-06 0.000110485 1.227611e-05 0 0.0001718656 0 6.138057e-06 0 0 0 6.138057e-06 6.138057e-06 5.524251e-05 6.138057e-06 1.227611e-05 0 0.0003437312 3.069029e-06 6.138057e-06 0 0.000322248 3.682834e-05 9.207086e-06 0 0 1.227611e-05 1.534514e-05 0 3.069029e-05 0 5.217349e-05 3.069029e-06 1.227611e-05 6.138057e-06 0 0
0.0664813 0.0009943653 0.01580857 0.006248542 0.001528376 0.06823678 0.2697553 0.2527376 0.09167802 0.0958918 0.01029659 0.001178507 0.002550363 0.3669545 0.007666433 0.0001626585 0.03468002 0.001798451 0.003836286 0.00139027 0.02786678 0.08727397 0.04614591 0.2367234 0.0002363152 0.004747787 0.00815134 0.5396856 0.04547993 0.1036718 0.0002884887 0.004121705 0.0001749346 0.02295633 0.0001902798 0.006871555 0.0008163616 0.05440774 0.006770277 0.007945715 0.002096147 7.365669e-05 0.0001227611 0.0001288992 0.0002762126 0.0001411753 0.002145251 9.207086e-06 0.0001442443 0.008126788 0.0003283861 0.01506893 0.001098712 9.207086e-05 0.0002577984 4.603543e-05 0.0005217349 9.207086e-06 0.0002884887 4.29664e-05 2.762126e-05 6.751863e-05 0.001034263 0.0001227611 0.0009176395 0.0001319682 0.03419819 0.0001565205 0.0001166231 0.0003099719 0.02723456 0.004204569 0.0005493561 0 1.534514e-05 0.0008224997 0.001537583 2.762126e-05 0.005364662 8.900183e-05 0.006751863 0.0004081808 0.0005861845 0.0002731435 4.603543e-05 8.59328e-05
0.003409691 0.0001288992 0.004238328 0.006211714 0.001568274 0.1393738 0.2527376 0.2507059 0.004999448 0.07273291 0.01059736 0.03955364 0.003179514 0.09538848 0.006668999 4.910446e-05 0.0222566 0.001031194 0.001994869 0.01370321 0.006306854 0.001617378 0.01948833 0.01464847 0.0001258302 0.002329393 0.002056249 0.03967947 0.01696866 0.01289299 0.0003959047 0.01535742 1.227611e-05 0.02667293 1.841417e-05 0.01162241 0.0001933488 0.01577788 0.0005002517 0.03197007 0.00417081 6.138057e-05 0.0003682834 6.138057e-06 2.762126e-05 6.138057e-06 0.0001381063 0 1.227611e-05 0.0008808112 2.455223e-05 0.0008255687 6.138057e-05 3.069029e-06 6.751863e-05 3.069029e-06 6.44496e-05 0 4.910446e-05 6.138057e-06 2.762126e-05 4.910446e-05 8.286377e-05 1.841417e-05 0.0001012779 9.207086e-06 0.002961613 1.227611e-05 4.910446e-05 4.910446e-05 0.001985661 0.0004235259 6.44496e-05 3.069029e-06 3.069029e-06 4.603543e-05 0.0001503824 0 0.000426595 3.069029e-06 0.0004971826 2.455223e-05 3.989737e-05 3.375931e-05 0 6.138057e-06
0.005659289 0.005604046 0.001816865 0.01520397 0.004649578 0.001157024 0.09167802 0.004999448 0.002980027 0.002602536 0.0006045986 0.001749346 0.000325317 0.009922169 0.01403774 0.0003161099 0.0007365669 0.0001411753 0.000214832 0.008172823 0.0009237776 0.03514345 0.001227611 0.07191041 0.0007273598 0.001270578 0.02041825 0.04547687 0.01929498 0.01124185 6.138057e-06 0.0005186658 0.0007242907 0.002108423 0.0001319682 0.008298653 0.001540652 0.01172369 0.002298702 0.009305295 0.0003866976 2.455223e-05 0.0001964178 9.207086e-06 4.910446e-05 9.207086e-06 0.0005647013 3.069029e-06 2.762126e-05 0.001147817 7.672571e-05 0.0002455223 0.0001964178 0.0001258302 8.59328e-05 0.0001595895 5.524251e-05 3.069029e-06 3.682834e-05 2.762126e-05 4.29664e-05 1.841417e-05 0.0002639365 1.534514e-05 0.0002393842 3.069029e-05 0.007101732 5.217349e-05 4.603543e-05 0.0001442443 0.004922722 0.0004511472 4.910446e-05 5.831154e-05 0 8.900183e-05 0.0001780037 0 0.0006843934 0.0001166231 0.000641427 5.831154e-05 8.59328e-05 2.455223e-05 9.207086e-06 3.069029e-06
0.0009759511 0.000104347 0.0003805595 0.05426349 0.0005677703 0.2818995 0.0958918 0.07273291 0.002602536 0.3964817 0.01357431 0.05571821 0.003563142 0.05356069 0.001224542 0 0.001356511 0.002169803 0.001608171 0.03684369 0.0001810727 0.0001933488 0.0009237776 0.008522692 0.0001933488 0.003329896 0.001227611 0.1661848 0.02913736 0.0003161099 0.0003836286 0.004087946 5.831154e-05 0.02248984 7.672571e-05 0.002826575 0.0002700745 0.05408856 0.008670006 0.006202507 0.004560576 0.0001196921 0.0001534514 3.069029e-06 1.841417e-05 1.534514e-05 0.0004787685 0 3.989737e-05 0.0008378448 1.841417e-05 0.0005002517 0.0001595895 9.207086e-06 0.0001135541 6.138057e-06 4.603543e-05 0 3.069029e-06 3.069029e-06 3.069029e-06 0 0.0001749346 3.069029e-06 1.534514e-05 3.069029e-06 0.002673124 1.227611e-05 9.207086e-06 1.534514e-05 0.002197424 0.0001595895 3.682834e-05 0 0 2.14832e-05 6.138057e-05 0 0.000107416 3.069029e-06 0.0002577984 2.455223e-05 4.603543e-05 3.989737e-05 1.227611e-05 9.207086e-06
0.0007058766 0.02088781 0.0005432181 0.001997938 0.0001411753 0.007319633 0.01029659 0.01059736 0.0006045986 0.01357431 0.1409605 0.01568887 0.04127537 0.007721676 7.058766e-05 5.524251e-05 0.004213776 0.04190759 0.007457739 0.007061835 0.0007089456 0.002461361 0.001246026 0.001537583 0.01509655 0.03956592 0.006715035 0.006911452 0.004066463 0.001218404 0.006300716 0.004164672 7.365669e-05 0.07393904 6.138057e-06 0.008028579 0.0576916 0.1452418 0.01979217 0.002673124 5.217349e-05 0.004520679 7.672571e-05 3.069029e-06 2.762126e-05 0 1.534514e-05 0 0 7.672571e-05 6.138057e-06 6.751863e-05 9.207086e-06 0.007341116 2.455223e-05 0.01381063 1.841417e-05 0 6.138057e-06 3.069029e-06 0.003909942 0.0009360537 0 3.069029e-06 1.534514e-05 9.207086e-06 0.0003498693 0.001457789 0.0009452608 0.00394984 0.0002086939 6.44496e-05 6.138057e-06 0.002415326 0 6.138057e-06 0.0001227611 0 0.0006107367 0.00391915 0.0002670055 3.989737e-05 9.207086e-06 6.138057e-06 0.001945764 3.069029e-06
0.0001227611 9.207086e-05 9.207086e-06 0.06227673 0.004981033 0.1235223 0.001178507 0.03955364 0.001749346 0.05571821 0.01568887 0.09123608 0.005505837 0.0327895 0.02458292 1.227611e-05 0.0001872107 0.002025559 0.001479272 0.1157024 2.14832e-05 2.14832e-05 6.138057e-05 0.003311482 0.0001350373 0.00375956 0.001015848 0.0332652 0.01981365 3.989737e-05 0.0005493561 0.005739083 2.762126e-05 0.03046625 3.069029e-05 0.002172872 0.0003774905 0.05151671 0.006435753 0.04046514 0.00508538 0.000104347 0.0001442443 9.207086e-06 3.069029e-06 0 0.0007058766 6.138057e-06 0.0007427049 0.0003437312 0.0002792816 0.0002209701 0.0001626585 0.000217901 0.00306596 3.069029e-06 0.000322248 9.207086e-06 0 6.138057e-06 6.138057e-06 9.207086e-06 0.0008746731 0 9.207086e-06 6.138057e-06 0.001150886 3.069029e-06 7.979474e-05 1.227611e-05 0.001150886 0.0003928357 2.455223e-05 9.207086e-06 5.217349e-05 3.069029e-06 0.0003498693 0 3.682834e-05 6.138057e-06 0.0008132926 2.14832e-05 9.207086e-05 8.286377e-05 2.14832e-05 2.455223e-05
8.900183e-05 0.008630108 0.0001012779 0.0004756994 4.603543e-05 0.003099719 0.002550363 0.003179514 0.000325317 0.003563142 0.04127537 0.005505837 0.0192336 0.001279785 0.000107416 3.989737e-05 0.0002823506 0.002648572 0.0003866976 0.001951902 9.207086e-05 0.002099216 0.0002393842 0.0003805595 0.04667992 0.01176972 0.01515486 0.001617378 0.0005861845 0.0001841417 0.002424533 0.001101781 9.207086e-06 0.02185455 0.0001503824 0.01343621 0.07546434 0.06467978 0.01295437 0.003124271 0.0003774905 0.007611191 0.0002363152 0 0.000107416 0 9.207086e-06 0 3.069029e-06 5.217349e-05 9.207086e-06 2.762126e-05 6.138057e-06 0.02426067 2.14832e-05 0.04972133 3.069029e-05 0 1.227611e-05 1.227611e-05 0.02650106 0.007365669 3.069029e-05 1.227611e-05 3.069029e-05 9.207086e-06 0.0001227611 0.005263384 0.005647013 0.02350262 5.831154e-05 3.989737e-05 0 0.01212266 6.138057e-06 3.069029e-06 0.0002025559 3.682834e-05 0.001838348 0.01351907 0.001417891 0.0005493561 4.910446e-05 0.000107416 0.002663917 0
0.07184596 9.820891e-05 0.005990744 0.009670509 0.0006874624 0.0136848 0.3669545 0.09538848 0.009922169 0.05356069 0.007721676 0.0327895 0.001279785 0.1087265 0.0006168747 0.0001565205 0.05633509 0.001356511 0.004588198 0.01850317 0.02047349 0.003857769 0.04485385 0.03268209 7.979474e-05 0.00239998 0.004155465 0.06963319 0.05910335 0.1133239 0.0002424533 0.007414773 0.0001841417 0.03336034 2.762126e-05 0.005981537 0.0001227611 0.02106274 0.0007887403 0.007089456 0.0030322 1.841417e-05 0.0001687966 4.603543e-05 7.365669e-05 3.069029e-05 0.0001319682 0 6.138057e-06 0.001595895 5.831154e-05 0.002915577 7.672571e-05 1.534514e-05 8.286377e-05 6.138057e-06 9.820891e-05 6.138057e-06 0.0001227611 1.841417e-05 6.138057e-06 0.0001196921 8.59328e-05 6.44496e-05 0.0004020427 3.069029e-05 0.006926798 3.069029e-05 9.513989e-05 0.0001534514 0.005699186 0.001120195 0.0001841417 3.069029e-06 3.069029e-06 0.0002516603 0.0003989737 6.138057e-06 0.001780037 1.841417e-05 0.001823003 0.0001258302 0.0001288992 6.751863e-05 3.069029e-06 2.762126e-05
4.29664e-05 9.207086e-06 9.207086e-05 0.002792816 0.01950675 0.04132447 0.007666433 0.006668999 0.01403774 0.001224542 7.058766e-05 0.02458292 0.000107416 0.0006168747 0.01307713 0 3.069029e-05 1.227611e-05 1.227611e-05 0.006104298 2.14832e-05 0.0001565205 3.989737e-05 0.02539928 0 7.672571e-05 7.979474e-05 0.005840361 0.0004112498 6.138057e-05 6.138057e-06 0.009504782 9.207086e-06 0.0006230128 9.207086e-06 0.0002025559 2.14832e-05 0.000641427 0.0001166231 0.02097988 0.0006721173 0 9.207086e-06 0 0 0 1.227611e-05 0 0 9.207086e-06 0 6.138057e-06 0 0 3.069029e-05 0 0 0 0 0 0 0 6.138057e-06 0 0 0 3.375931e-05 0 0 0 3.069029e-05 0 0 0 0 0 3.069029e-06 3.069029e-06 0 0 0 0 3.069029e-06 0 0 0
7.979474e-05 0.002550363 0.003762629 0 0 6.138057e-06 0.0001626585 4.910446e-05 0.0003161099 0 5.524251e-05 1.227611e-05 3.989737e-05 0.0001565205 0 0.01330117 0.004462368 4.910446e-05 0.0002700745 3.069029e-06 0.03310561 0.05563842 0.06574473 0.01376152 9.513989e-05 0.002129906 0.01982899 0.01199069 0.0005125278 0.01103316 3.069029e-06 3.069029e-06 1.534514e-05 0.00145472 0.001399477 0.2091942 0.08813023 0.04147178 0.01814717 0.002608674 6.138057e-06 2.455223e-05 0.0004235259 3.069029e-06 0.0001780037 0.001335027 6.138057e-06 0 0 0.0001503824 9.207086e-06 0.003296137 6.138057e-06 1.534514e-05 0 1.227611e-05 1.841417e-05 3.069029e-06 0.03229232 0.0003161099 9.207086e-06 5.524251e-05 0 0.003731939 0.03397415 0.01470372 0.00856259 0 0.0002670055 0.002473637 0.01072625 0.0001473134 0.000104347 0 0 8.59328e-05 0.000214832 7.979474e-05 0.01095643 0.002421464 0.00183221 0.0003713525 0.0004480782 3.069029e-06 9.207086e-06 7.058766e-05
0.02101978 0.001598964 0.1003756 0.0001780037 3.069029e-05 0.001120195 0.03468002 0.0222566 0.0007365669 0.001356511 0.004213776 0.0001872107 0.0002823506 0.05633509 3.069029e-05 0.004462368 0.01083367 0.002295633 0.04351576 0.0001442443 0.04440577 0.0009943653 0.05994427 0.01126027 7.365669e-05 0.02107502 0.2168821 0.02012976 0.0369419 0.02856959 4.29664e-05 0.0005984606 0.0003744215 0.02288268 3.375931e-05 0.004514541 0.0009759511 0.02631385 0.002105354 0.0001135541 0.0001135541 3.069029e-05 3.989737e-05 2.14832e-05 0.001123264 0.0002025559 6.138057e-06 0 0 0.0001657275 3.682834e-05 0.0001227611 0 6.138057e-06 0 1.227611e-05 5.217349e-05 0 2.762126e-05 0.005904811 0.0001350373 0.01035183 0 0.0002915577 4.910446e-05 0.0003682834 0.000211763 2.762126e-05 0.004087946 0.0018629 0.0002209701 5.524251e-05 6.751863e-05 1.227611e-05 0 9.207086e-06 0.000647565 9.207086e-06 0.001988731 0.001224542 0.001110988 0.000540149 3.375931e-05 0 9.207086e-06 0
0.0003682834 0.0002731435 0.001577481 0.0003069029 6.138057e-06 0.0004849065 0.001798451 0.001031194 0.0001411753 0.002169803 0.04190759 0.002025559 0.002648572 0.001356511 1.227611e-05 4.910446e-05 0.002295633 0.004293571 0.01367252 0.0009513989 0.0004419401 0.0002240391 0.0005002517 0.000432733 0.02484686 0.05254484 0.008786629 0.001466996 0.001068022 0.0004910446 0.0007365669 0.0002086939 3.069029e-05 0.01570422 9.207086e-06 0.01542801 0.01558146 0.07219583 0.006220921 0.0006383579 6.138057e-06 0.0003774905 6.44496e-05 0 3.989737e-05 3.069029e-06 3.069029e-06 0 0 1.841417e-05 0 2.14832e-05 0 0.0001135541 3.069029e-06 0.0006843934 6.138057e-06 0 3.069029e-06 3.682834e-05 0.004471575 0.005174382 9.207086e-06 2.14832e-05 2.762126e-05 6.138057e-06 7.058766e-05 0.0009360537 0.00221277 0.005653151 3.989737e-05 3.069029e-06 3.069029e-06 0.0004419401 0 0 3.375931e-05 0 0.001046539 0.0001902798 0.0001964178 5.217349e-05 0 0 1.841417e-05 0
0.002860335 0.003599971 0.007445463 0.0002792816 3.069029e-06 0.0004051118 0.003836286 0.001994869 0.000214832 0.001608171 0.007457739 0.001479272 0.0003866976 0.004588198 1.227611e-05 0.0002700745 0.04351576 0.01367252 0.03325599 0.0008102235 0.004683338 0.0005647013 0.003544728 0.001203059 0.01673541 0.08751335 0.01945457 0.003351379 0.006543169 0.003385139 2.762126e-05 0.0001718656 0.0001288992 0.04970292 9.207086e-06 0.01191397 0.007997889 0.07180606 0.001626585 0.0003437312 1.841417e-05 0.0001565205 7.365669e-05 1.534514e-05 0.001279785 6.138057e-05 3.069029e-06 0 3.069029e-06 7.979474e-05 1.841417e-05 3.069029e-05 0 0.0001350373 1.534514e-05 0.001123264 4.603543e-05 0 6.138057e-05 0.0009728821 0.006085884 0.02734198 3.069029e-06 0.0001657275 8.286377e-05 0.0001565205 0.0001381063 0.001249095 0.01697173 0.02559877 7.365669e-05 1.534514e-05 5.217349e-05 0.0003590763 0 0 0.0002731435 3.069029e-06 0.002728366 0.00142096 0.001795382 0.0005800464 5.831154e-05 0 4.29664e-05 9.207086e-06
0.0003406622 4.29664e-05 4.29664e-05 0.06239335 0.0007887403 0.02445402 0.00139027 0.01370321 0.008172823 0.03684369 0.007061835 0.1157024 0.001951902 0.01850317 0.006104298 3.069029e-06 0.0001442443 0.0009513989 0.0008102235 0.01496458 9.207086e-06 1.534514e-05 3.375931e-05 0.008237273 9.820891e-05 0.001807658 0.0006076677 0.05546042 0.01411753 3.682834e-05 0.0002332462 0.001890522 1.534514e-05 0.01091347 7.058766e-05 0.001936557 0.0001994869 0.03200383 0.005834223 0.0095723 0.003004579 7.672571e-05 0.0001350373 0 3.069029e-06 3.069029e-06 0.0007856713 3.069029e-06 3.069029e-05 0.0009268466 7.365669e-05 0.0006690482 0.0002608674 9.207086e-06 0.0003437312 3.069029e-06 5.524251e-05 3.069029e-06 3.069029e-06 0 0 6.138057e-06 0.0003836286 1.227611e-05 2.455223e-05 3.069029e-06 0.003336034 6.138057e-06 1.534514e-05 6.138057e-06 0.002884887 0.000211763 2.455223e-05 0 0 1.841417e-05 6.138057e-05 0 0.0001442443 1.227611e-05 0.0003468002 1.841417e-05 5.831154e-05 3.069029e-05 1.841417e-05 3.069029e-06
0.007479223 0.0001166231 0.05646092 1.534514e-05 1.227611e-05 0.0001964178 0.02786678 0.006306854 0.0009237776 0.0001810727 0.0007089456 2.14832e-05 9.207086e-05 0.02047349 2.14832e-05 0.03310561 0.04440577 0.0004419401 0.004683338 9.207086e-06 0.1036779 0.01005107 0.3376361 0.005511975 3.069029e-05 0.007571294 0.01493389 0.05222873 0.01025056 0.1373421 1.841417e-05 0.0001319682 9.820891e-05 0.03789637 0.001617378 0.138582 0.009833168 0.2595876 0.04264722 0.001175438 5.217349e-05 6.138057e-06 0.0004143189 3.069029e-06 3.069029e-06 7.672571e-05 6.138057e-06 0 3.069029e-06 9.207086e-05 6.138057e-06 0.001663413 9.207086e-06 6.138057e-06 0 0 3.069029e-06 0 0.005892535 3.989737e-05 1.534514e-05 0.0001503824 6.138057e-06 0.001209197 0.008924735 0.001568274 0.003952909 0 9.820891e-05 0.0003652144 0.004756994 0.0001718656 4.603543e-05 0 0 4.910446e-05 0.0001350373 3.682834e-05 0.00401122 0.0009084325 0.0009053634 8.900183e-05 0.0001780037 0 0 1.841417e-05
0.003391277 0.04588505 0.001445512 9.207086e-06 3.069029e-05 0.0001135541 0.08727397 0.001617378 0.03514345 0.0001933488 0.002461361 2.14832e-05 0.002099216 0.003857769 0.0001565205 0.05563842 0.0009943653 0.0002240391 0.0005647013 1.534514e-05 0.01005107 0.02511079 0.006497134 0.02984323 0.007918094 0.001430167 0.05657754 0.01408991 0.01072625 0.07240759 3.682834e-05 3.069029e-05 0.0005585632 0.001531445 6.138057e-05 0.008759008 0.008694558 0.008283308 0.0009943653 0.0002915577 4.603543e-05 0.0001902798 4.910446e-05 0 8.900183e-05 0.0006997385 3.069029e-06 0 0 3.375931e-05 0 0.0001350373 9.207086e-06 0.0006291509 0 0.00123068 6.138057e-06 0 0.009388158 0.0001381063 0.0001657275 7.672571e-05 0 0.0004388711 0.0006230128 0.0057176 0.001239888 8.59328e-05 0.0001626585 0.002409187 0.001129403 9.207086e-06 1.227611e-05 0.0002915577 0 0 1.534514e-05 9.207086e-06 0.002163665 0.0009513989 0.0004358021 0.0001288992 5.831154e-05 0 1.227611e-05 1.534514e-05
0.01092881 0.001046539 0.2065487 0.0001135541 2.762126e-05 0.0007948784 0.04614591 0.01948833 0.001227611 0.0009237776 0.001246026 6.138057e-05 0.0002393842 0.04485385 3.989737e-05 0.06574473 0.05994427 0.0005002517 0.003544728 3.375931e-05 0.3376361 0.006497134 0.1930695 0.02154458 3.989737e-05 0.02738801 0.6364613 0.08075535 0.01513031 0.0595944 1.227611e-05 0.0003682834 0.0001258302 0.0354258 0.003520176 0.3250285 0.04337765 0.2697032 0.05731104 0.004364159 8.59328e-05 2.14832e-05 0.001466996 6.138057e-06 0.000319179 0.006042917 6.138057e-06 0 0 9.513989e-05 6.138057e-06 0.0004664923 3.069029e-06 3.069029e-06 0 3.069029e-06 1.841417e-05 0 0.01378301 0.0002946267 1.841417e-05 8.59328e-05 3.069029e-06 0.0005217349 0.0072337 0.02303306 0.001651137 3.069029e-06 0.0001780037 0.01784333 0.001414822 9.820891e-05 3.375931e-05 0 0 4.910446e-05 7.672571e-05 0.0001994869 0.007798402 0.001884384 0.002415326 0.0009299157 6.751863e-05 3.069029e-06 0 3.069029e-05
0.01899115 0.002166734 0.02073129 0.02549442 0.003498693 0.003271584 0.2367234 0.01464847 0.07191041 0.008522692 0.001537583 0.003311482 0.0003805595 0.03268209 0.02539928 0.01376152 0.01126027 0.000432733 0.001203059 0.008237273 0.005511975 0.02984323 0.02154458 0.04224518 0.0001473134 0.0131293 0.01237739 0.1063081 0.07239838 0.05869517 3.069029e-05 0.0007028075 0.002249598 0.008396862 0.0008010165 0.0793037 0.01313237 0.06686493 0.0145564 0.01876711 0.001878245 4.29664e-05 0.000748843 4.910446e-05 0.0001258302 0.0003130409 0.002651641 0 0.0001810727 0.003946771 0.0002240391 0.009581507 0.001031194 4.910446e-05 0.0002608674 2.762126e-05 0.000217901 3.069029e-06 0.001961109 0.0001166231 1.534514e-05 5.831154e-05 0.001224542 0.0003345241 0.002694607 0.0009513989 0.01972465 4.29664e-05 5.831154e-05 0.0003498693 0.018629 0.001153955 0.0001442443 1.841417e-05 6.138057e-06 0.0002455223 0.0005585632 1.841417e-05 0.003520176 0.0002547294 0.002746781 0.0001595895 0.0003713525 0.0001687966 1.534514e-05 5.524251e-05
1.841417e-05 0.03324679 6.44496e-05 2.455223e-05 3.069029e-06 7.979474e-05 0.0002363152 0.0001258302 0.0007273598 0.0001933488 0.01509655 0.0001350373 0.04667992 7.979474e-05 0 9.513989e-05 7.365669e-05 0.02484686 0.01673541 9.820891e-05 3.069029e-05 0.007918094 3.989737e-05 0.0001473134 0.002010214 0.03231073 0.05980923 0.0001503824 6.44496e-05 7.365669e-05 0.002759057 3.989737e-05 6.138057e-06 0.003262377 0 0.001973385 0.003038338 0.01139223 0.0007334978 7.672571e-05 7.672571e-05 0.003247032 3.069029e-05 0 1.534514e-05 0 0 0 0 3.069029e-06 0 9.207086e-06 0 0.002323255 3.069029e-06 0.004060325 9.207086e-06 0 0 3.069029e-06 0.001411753 0.0004941136 0 3.069029e-06 6.138057e-06 0 3.069029e-06 0.000217901 0.000426595 0.001921212 6.138057e-06 0 0 0.0007641881 0 0 1.227611e-05 0 0.0002056249 0.0006045986 7.979474e-05 2.14832e-05 0 3.069029e-06 8.286377e-05 3.069029e-06
0.0006629102 0.03478437 0.1484121 0.0005984606 2.14832e-05 0.001224542 0.004747787 0.002329393 0.001270578 0.003329896 0.03956592 0.00375956 0.01176972 0.00239998 7.672571e-05 0.002129906 0.02107502 0.05254484 0.08751335 0.001807658 0.007571294 0.001430167 0.02738801 0.0131293 0.03231073 0.444957 0.1567384 0.01065874 0.001783106 0.001077229 0.009529334 0.000429664 5.831154e-05 0.02127451 4.910446e-05 0.07071042 0.1358782 0.1750758 0.02453075 0.002581053 3.069029e-05 0.001638861 0.0003529383 2.762126e-05 0.008286377 0.0004941136 6.138057e-06 0 0 0.0004204569 0.000110485 7.365669e-05 0 0.001184645 6.138057e-06 0.004447022 0.0002209701 0 7.365669e-05 0.04114954 0.01102702 0.03389435 9.207086e-06 0.0008071545 4.910446e-05 0.0006567721 0.0002240391 0.001301268 0.01808272 0.02238243 0.0002670055 0.000107416 0.0002700745 0.001506893 3.069029e-06 0 0.00230791 3.682834e-05 0.01232829 0.005238832 0.005748291 0.003053683 0.0001657275 0 4.603543e-05 1.534514e-05
0.002077732 0.0688199 0.119643 0.0001902798 1.534514e-05 0.0003897666 0.00815134 0.002056249 0.02041825 0.001227611 0.006715035 0.001015848 0.01515486 0.004155465 7.979474e-05 0.01982899 0.2168821 0.008786629 0.01945457 0.0006076677 0.01493389 0.05657754 0.6364613 0.01237739 0.05980923 0.1567384 0.3549485 0.007494568 0.005100726 0.007025006 0.001018917 0.0001534514 0.0001626585 0.06265422 0.00202249 0.5406094 0.3652328 0.5530696 0.05161799 0.01372163 9.207086e-06 0.001482341 0.002277219 3.375931e-05 0.006883831 0.02169803 0 0 1.841417e-05 0.0003437312 3.682834e-05 8.59328e-05 2.14832e-05 0.00388539 3.069029e-06 0.01514259 5.831154e-05 3.069029e-06 0.009283811 0.008949287 0.0462165 0.04097153 1.841417e-05 0.0005524251 0.005846499 0.02852662 0.0008347758 0.008040855 0.02203869 0.07320861 0.0007181527 7.672571e-05 6.44496e-05 0.00726746 6.138057e-06 0 0.0003590763 0.0002393842 0.03829534 0.008743662 0.006420408 0.002482844 0.000107416 6.138057e-06 9.513989e-05 4.910446e-05
0.02296861 0.0004143189 0.03029745 0.0661345 0.000963675 0.07328533 0.5396856 0.03967947 0.04547687 0.1661848 0.006911452 0.0332652 0.001617378 0.06963319 0.005840361 0.01199069 0.02012976 0.001466996 0.003351379 0.05546042 0.05222873 0.01408991 0.08075535 0.1063081 0.0001503824 0.01065874 0.007494568 0.2697492 0.118931 0.138539 0.0002086939 0.002056249 0.004661854 0.03567439 0.001605102 0.133512 0.009467953 0.19945 0.03915467 0.008789698 0.004609681 9.207086e-05 0.001408684 7.058766e-05 0.0001227611 0.0001319682 0.003179514 6.138057e-06 0.000211763 0.005613253 0.0002577984 0.0113462 0.001424029 7.058766e-05 0.0004204569 9.207086e-06 0.0003468002 9.207086e-06 0.001276716 5.524251e-05 2.455223e-05 5.524251e-05 0.001350373 0.0003866976 0.001672621 0.0005769774 0.02838851 6.751863e-05 8.286377e-05 0.0002639365 0.02447857 0.002449085 0.0003161099 6.138057e-06 0 0.0005278729 0.0009759511 4.910446e-05 0.004793823 0.0001810727 0.004554438 0.0003468002 0.0005063897 0.0002271081 3.069029e-05 7.058766e-05
0.06632785 0.0002025559 0.002866473 0.008826526 0.0001964178 0.003820941 0.04547993 0.01696866 0.01929498 0.02913736 0.004066463 0.01981365 0.0005861845 0.05910335 0.0004112498 0.0005125278 0.0369419 0.001068022 0.006543169 0.01411753 0.01025056 0.01072625 0.01513031 0.07239838 6.44496e-05 0.001783106 0.005100726 0.118931 0.1110589 0.08506427 8.286377e-05 0.001307406 0.02161824 0.06840865 2.762126e-05 0.002765195 0.0001565205 0.05591156 0.002050111 0.001829141 0.008126788 3.069029e-06 4.603543e-05 5.524251e-05 8.900183e-05 0.0001258302 0.0001964178 0 2.14832e-05 0.002108423 6.44496e-05 0.007353393 8.900183e-05 2.14832e-05 6.44496e-05 1.534514e-05 0.0002516603 0 0.0005831154 3.989737e-05 5.524251e-05 0.0001473134 9.207086e-05 0.0004173879 0.001470065 0.000104347 0.01310782 8.59328e-05 0.0001473134 0.0002240391 0.01321831 0.002314048 0.0003007648 3.069029e-06 0 0.0005125278 0.0009882272 3.069029e-06 0.004447022 0.0001442443 0.004204569 0.0002577984 0.0003345241 0.0001442443 9.207086e-06 3.069029e-05
0.07547969 0.0008746731 0.00259026 4.29664e-05 1.841417e-05 0.0003345241 0.1036718 0.01289299 0.01124185 0.0003161099 0.001218404 3.989737e-05 0.0001841417 0.1133239 6.138057e-05 0.01103316 0.02856959 0.0004910446 0.003385139 3.682834e-05 0.1373421 0.07240759 0.0595944 0.05869517 7.365669e-05 0.001077229 0.007025006 0.138539 0.08506427 0.09250666 2.762126e-05 0.0004542162 0.001829141 0.03457261 0.000211763 0.01379221 0.001242957 0.1209136 0.01038866 0.0001872107 6.138057e-05 9.207086e-06 3.069029e-05 6.751863e-05 5.217349e-05 0.0003652144 3.069029e-05 3.069029e-06 6.138057e-06 0.0008869493 3.069029e-05 0.01709142 4.910446e-05 2.14832e-05 3.069029e-06 1.227611e-05 0.0001595895 0 0.01825765 0.0001288992 2.762126e-05 0.0001258302 1.534514e-05 0.006896107 0.03571122 0.001856762 0.03021766 1.841417e-05 0.0001473134 0.0006690482 0.03774905 0.001881315 0.0003069029 1.227611e-05 0 0.000641427 0.001160093 2.762126e-05 0.02228422 0.003741146 0.00685621 0.0007641881 0.001209197 5.217349e-05 2.762126e-05 9.513989e-05
3.069029e-06 5.217349e-05 3.069029e-06 3.989737e-05 0 0.0002608674 0.0002884887 0.0003959047 6.138057e-06 0.0003836286 0.006300716 0.0005493561 0.002424533 0.0002424533 6.138057e-06 3.069029e-06 4.29664e-05 0.0007365669 2.762126e-05 0.0002332462 1.841417e-05 3.682834e-05 1.227611e-05 3.069029e-05 0.002759057 0.009529334 0.001018917 0.0002086939 8.286377e-05 2.762126e-05 3.989737e-05 0.000107416 6.138057e-06 0.003234756 0 0.001239888 0.01179121 0.01301882 0.003274654 0.0001012779 3.069029e-06 0.0004634233 1.227611e-05 0 6.138057e-06 0 0 0 0 0 0 0 0 0.001586688 0 0.004407125 0 0 0 6.138057e-06 0.004465437 0.001144748 0 6.138057e-06 0 3.069029e-06 9.207086e-06 0.0003375931 0.0006076677 0.003099719 6.138057e-06 3.069029e-06 0 0.001187714 0 0 1.841417e-05 0 8.59328e-05 0.0008132926 5.831154e-05 1.534514e-05 3.069029e-06 0 0.000104347 0
0.0003130409 3.989737e-05 0.0001012779 0.0005155968 0.0009145705 0.008795836 0.004121705 0.01535742 0.0005186658 0.004087946 0.004164672 0.005739083 0.001101781 0.007414773 0.009504782 3.069029e-06 0.0005984606 0.0002086939 0.0001718656 0.001890522 0.0001319682 3.069029e-05 0.0003682834 0.0007028075 3.989737e-05 0.000429664 0.0001534514 0.002056249 0.001307406 0.0004542162 0.000107416 1.841417e-05 1.534514e-05 0.02729901 1.534514e-05 0.003836286 3.069029e-05 0.01385666 8.286377e-05 0.0190157 0.01695024 1.227611e-05 0.0001718656 0 0 0 1.841417e-05 0 0 2.762126e-05 0 2.455223e-05 0 0 1.534514e-05 0 0 0 0 0 3.069029e-06 0 3.069029e-06 0 0 0 7.672571e-05 0 0 3.069029e-06 9.513989e-05 9.207086e-06 0 3.069029e-06 0 0 3.069029e-06 0 1.227611e-05 0 1.227611e-05 0 9.207086e-06 3.069029e-06 0 0
0.0001749346 9.207086e-06 8.286377e-05 1.227611e-05 3.069029e-06 9.207086e-06 0.0001749346 1.227611e-05 0.0007242907 5.831154e-05 7.365669e-05 2.762126e-05 9.207086e-06 0.0001841417 9.207086e-06 1.534514e-05 0.0003744215 3.069029e-05 0.0001288992 1.534514e-05 9.820891e-05 0.0005585632 0.0001258302 0.002249598 6.138057e-06 5.831154e-05 0.0001626585 0.004661854 0.02161824 0.001829141 6.138057e-06 1.534514e-05 0.0004204569 0.004493058 0 8.59328e-05 1.227611e-05 0.007500706 0.0001411753 9.207086e-06 3.069029e-06 0 0 3.069029e-06 6.138057e-06 3.069029e-06 0 0 6.138057e-06 5.217349e-05 0 0.0002271081 3.069029e-06 0 0 0 1.227611e-05 0 9.207086e-06 6.138057e-06 6.138057e-06 0 0 0 2.762126e-05 6.138057e-06 0.0004419401 0 3.069029e-06 6.138057e-06 0.0003682834 7.672571e-05 6.138057e-06 0 0 3.069029e-05 3.375931e-05 0 0.0001749346 0 0.0001595895 3.069029e-06 3.069029e-06 0 0 9.207086e-06
0.01535742 0.004109429 0.006733449 0.004048049 0.0003621454 0.03161713 0.02295633 0.02667293 0.002108423 0.02248984 0.07393904 0.03046625 0.02185455 0.03336034 0.0006230128 0.00145472 0.02288268 0.01570422 0.04970292 0.01091347 0.03789637 0.001531445 0.0354258 0.008396862 0.003262377 0.02127451 0.06265422 0.03567439 0.06840865 0.03457261 0.003234756 0.02729901 0.004493058 0.04447636 6.44496e-05 0.007826023 0.001123264 0.08755325 0.002789747 0.00464344 0.000107416 0.0005002517 0.0001749346 6.138057e-06 3.682834e-05 5.217349e-05 3.989737e-05 0 0 0.0003498693 2.14832e-05 0.0005677703 1.227611e-05 2.455223e-05 5.217349e-05 7.365669e-05 3.069029e-05 0 2.762126e-05 3.069029e-05 0.0001933488 0.0004020427 5.831154e-05 1.841417e-05 8.286377e-05 7.058766e-05 0.001328889 4.910446e-05 0.0003989737 0.0004572853 0.001095643 0.0002086939 3.375931e-05 2.762126e-05 0 4.29664e-05 7.672571e-05 3.069029e-06 0.0003836286 6.44496e-05 0.0003498693 3.375931e-05 3.682834e-05 3.069029e-06 9.207086e-06 3.069029e-06
9.207086e-06 3.069029e-06 0.0001350373 5.831154e-05 3.069029e-06 2.14832e-05 0.0001902798 1.841417e-05 0.0001319682 7.672571e-05 6.138057e-06 3.069029e-05 0.0001503824 2.762126e-05 9.207086e-06 0.001399477 3.375931e-05 9.207086e-06 9.207086e-06 7.058766e-05 0.001617378 6.138057e-05 0.003520176 0.0008010165 0 4.910446e-05 0.00202249 0.001605102 2.762126e-05 0.000211763 0 1.534514e-05 0 6.44496e-05 0.5393265 0.101281 0.0004081808 0.01021987 0.008534969 7.058766e-05 6.44496e-05 0.000104347 0.001052677 0 1.227611e-05 6.138057e-06 0 0 0 3.989737e-05 3.069029e-06 5.217349e-05 3.069029e-06 0 0 0 3.069029e-06 0 1.534514e-05 0 0 0 3.069029e-06 3.069029e-06 9.207086e-06 3.375931e-05 0.0001503824 3.069029e-06 2.14832e-05 5.217349e-05 8.900183e-05 1.534514e-05 3.069029e-06 3.069029e-06 0 3.069029e-06 2.455223e-05 0.224435 0.0005278729 6.138057e-05 0.0002547294 0.0005033207 0 3.682834e-05 3.682834e-05 1.534514e-05
0.0004664923 0.002541156 0.0408856 0.001617378 0.0005616322 0.006579997 0.006871555 0.01162241 0.008298653 0.002826575 0.008028579 0.002172872 0.01343621 0.005981537 0.0002025559 0.2091942 0.004514541 0.01542801 0.01191397 0.001936557 0.138582 0.008759008 0.3250285 0.0793037 0.001973385 0.07071042 0.5406094 0.133512 0.002765195 0.01379221 0.001239888 0.003836286 8.59328e-05 0.007826023 0.101281 0.04423391 0.3573423 0.1917069 0.03525393 0.08350827 0.01193852 0.01518555 0.002252667 3.375931e-05 0.0002056249 0.001915074 0.0001012779 6.138057e-06 2.762126e-05 0.001080298 7.672571e-05 0.003526314 0.0001381063 0.0001749346 3.375931e-05 0.0002639365 0.0001319682 3.069029e-06 0.001859831 0.0002455223 0.0001288992 0.0002301771 5.524251e-05 0.0003468002 0.001344235 0.005060828 0.007970267 0.000322248 0.0006015296 0.004002013 0.007826023 0.0009452608 0.0001350373 0.0001473134 3.069029e-06 0.0002424533 0.001270578 0.00458206 0.005039345 0.009314502 0.005987675 0.002310979 0.0003314551 0.0003590763 0.004468506 0.0001687966
5.217349e-05 0.01208277 0.009191741 4.603543e-05 3.069029e-06 8.59328e-05 0.0008163616 0.0001933488 0.001540652 0.0002700745 0.0576916 0.0003774905 0.07546434 0.0001227611 2.14832e-05 0.08813023 0.0009759511 0.01558146 0.007997889 0.0001994869 0.009833168 0.008694558 0.04337765 0.01313237 0.003038338 0.1358782 0.3652328 0.009467953 0.0001565205 0.001242957 0.01179121 3.069029e-05 1.227611e-05 0.001123264 0.0004081808 0.3573423 0.0676598 0.05064511 0.03378387 0.01827607 0.0006874624 0.003848562 0.00113861 0 0.0001196921 0.0006598411 3.069029e-06 0 0 1.841417e-05 9.207086e-06 0.000110485 9.207086e-06 0.004784616 3.069029e-06 0.004410194 2.762126e-05 0 0.0002976958 0.0002792816 0.000644496 0.0004818375 6.138057e-06 6.44496e-05 0.0001994869 0.0008163616 0.0002670055 0.0001902798 0.0004173879 0.001509962 0.0002700745 2.762126e-05 3.069029e-06 0.0005248039 9.207086e-06 3.069029e-06 0.0001473134 4.910446e-05 0.02471182 0.006377441 0.00142096 0.001552928 1.534514e-05 3.682834e-05 0.003830148 9.207086e-06
0.01289913 0.006641378 0.0529745 0.01585767 0.0006352889 0.01485103 0.05440774 0.01577788 0.01172369 0.05408856 0.1452418 0.05151671 0.06467978 0.02106274 0.000641427 0.04147178 0.02631385 0.07219583 0.07180606 0.03200383 0.2595876 0.008283308 0.2697032 0.06686493 0.01139223 0.1750758 0.5530696 0.19945 0.05591156 0.1209136 0.01301882 0.01385666 0.007500706 0.08755325 0.01021987 0.1917069 0.05064511 0.1178323 0.0104347 0.01031194 0.0009391227 0.004161603 0.003520176 3.375931e-05 0.0002884887 0.001181576 0.0002363152 6.138057e-06 1.534514e-05 0.002034766 7.672571e-05 0.003326827 0.0001350373 0.0003682834 0.0001626585 0.0007058766 0.0001411753 3.069029e-06 0.0004726304 0.0002884887 0.0005647013 0.0008409138 0.0001381063 0.0001503824 0.0006230128 0.002366221 0.008504278 0.0003069029 0.0008470519 0.002967751 0.00685621 0.00123068 0.0001964178 0.0002025559 0 0.0002485913 0.0008071545 0.0004204569 0.007939577 0.007856713 0.004766201 0.003492555 0.0002301771 0.0001657275 0.001884384 0.0002547294
0.0005616322 0.0002915577 0.003646006 0.003440381 2.762126e-05 0.0005554942 0.006770277 0.0005002517 0.002298702 0.008670006 0.01979217 0.006435753 0.01295437 0.0007887403 0.0001166231 0.01814717 0.002105354 0.006220921 0.001626585 0.005834223 0.04264722 0.0009943653 0.05731104 0.0145564 0.0007334978 0.02453075 0.05161799 0.03915467 0.002050111 0.01038866 0.003274654 8.286377e-05 0.0001411753 0.002789747 0.008534969 0.03525393 0.03378387 0.0104347 0.0004726304 0.002093077 8.286377e-05 0.0004695614 0.0006260818 1.227611e-05 1.841417e-05 0.0001288992 6.138057e-05 0 9.207086e-06 0.0004572853 1.534514e-05 0.0006537031 3.989737e-05 0.0001411753 4.603543e-05 0.0001319682 3.989737e-05 3.069029e-06 0.0001473134 0 0.0001196921 5.524251e-05 4.910446e-05 1.534514e-05 0.0001687966 0.0003529383 0.001942695 0.0001166231 0.0001503824 0.0004818375 0.001402546 0.0003621454 3.989737e-05 8.286377e-05 0 4.603543e-05 0.0002301771 0.0004173879 0.001559067 0.006196369 0.003026062 0.003262377 5.217349e-05 0.0001381063 0.0015161 3.682834e-05
6.44496e-05 8.59328e-05 0.0008409138 0.004686407 0.01397022 0.05710541 0.007945715 0.03197007 0.009305295 0.006202507 0.002673124 0.04046514 0.003124271 0.007089456 0.02097988 0.002608674 0.0001135541 0.0006383579 0.0003437312 0.0095723 0.001175438 0.0002915577 0.004364159 0.01876711 7.672571e-05 0.002581053 0.01372163 0.008789698 0.001829141 0.0001872107 0.0001012779 0.0190157 9.207086e-06 0.00464344 7.058766e-05 0.08350827 0.01827607 0.01031194 0.002093077 0.01641623 0.002894094 0.0008317067 0.0002731435 3.069029e-06 6.138057e-06 8.286377e-05 0.0001135541 0 1.534514e-05 0.0001258302 0 5.524251e-05 3.069029e-05 6.138057e-06 4.603543e-05 9.207086e-06 9.207086e-06 0 4.910446e-05 1.227611e-05 3.069029e-06 9.207086e-06 5.831154e-05 1.534514e-05 3.069029e-05 0.0001565205 0.0006199438 1.534514e-05 1.534514e-05 0.0001565205 0.0005125278 4.910446e-05 1.227611e-05 3.069029e-06 0 0 7.672571e-05 6.138057e-05 0.0002209701 8.900183e-05 0.0001166231 5.524251e-05 6.138057e-06 3.069029e-06 9.207086e-05 3.375931e-05
9.207086e-06 0 3.069029e-05 0.001427098 7.672571e-05 0.008485864 0.002096147 0.00417081 0.0003866976 0.004560576 5.217349e-05 0.00508538 0.0003774905 0.0030322 0.0006721173 6.138057e-06 0.0001135541 6.138057e-06 1.841417e-05 0.003004579 5.217349e-05 4.603543e-05 8.59328e-05 0.001878245 7.672571e-05 3.069029e-05 9.207086e-06 0.004609681 0.008126788 6.138057e-05 3.069029e-06 0.01695024 3.069029e-06 0.000107416 6.44496e-05 0.01193852 0.0006874624 0.0009391227 8.286377e-05 0.002894094 6.138057e-06 0.0003283861 0.0001411753 3.069029e-06 0 3.069029e-06 1.227611e-05 0 0 0.0001442443 1.534514e-05 0.0001227611 2.455223e-05 3.069029e-06 1.841417e-05 1.534514e-05 3.069029e-06 0 3.069029e-06 0 0 0 3.069029e-06 6.138057e-06 6.138057e-06 0 0.0003836286 1.227611e-05 3.069029e-06 1.227611e-05 0.0002363152 5.831154e-05 6.138057e-06 3.069029e-06 0 1.534514e-05 6.44496e-05 3.069029e-06 6.44496e-05 6.138057e-05 0.0001595895 5.217349e-05 9.207086e-06 9.207086e-06 0.0002854197 5.831154e-05
