0.01121432 5.609028e-05 0.0197176 0.0006244718 4.487223e-05 0.002236133 0.1050421 0.01996066 0.001121806 0.00825275 0.001032061 8.974445e-05 3.739352e-06 0.05853582 1.121806e-05 1.869676e-05 0.02842656 0.0006207325 0.008910876 0.0001159199 0.002965306 0.0003066269 0.01633349 0.01569406 2.617547e-05 0.008219096 0.003623432 0.02403282 0.03930433 0.02574918 1.121806e-05 0.0009273593 0.0007104769 0.01198836 0 0.0007366524 2.243611e-05 0.003286891 0.0001047019 4.487223e-05 0.0003215843 0 2.243611e-05 3.739352e-05 3.365417e-05 0.0001944463 3.739352e-06 3.739352e-06 1.495741e-05 8.60051e-05 4.487223e-05 0.000796482 3.739352e-05 7.478704e-06 3.739352e-06 0 0.0001121806 0 0.0001420954 0 0 1.121806e-05 0 3.365417e-05 5.235093e-05 3.739352e-05 0.00259885 0 6.356899e-05 0.0004599403 0.00179115 0.0003963713 1.121806e-05 0 1.121806e-05 4.861158e-05 0.0001607921 0 0.0003776746 3.739352e-05 0.0003739352 4.113287e-05 7.478704e-06 3.739352e-05 3.739352e-06 0
5.609028e-05 0.0008675297 0.001166678 0 3.739352e-06 2.617547e-05 0.0002505366 2.617547e-05 0.06541249 1.121806e-05 7.478704e-06 0 0.006140016 0.0001121806 0.000127138 0.0004337649 0.0005272487 1.121806e-05 0.0001233986 0 5.982964e-05 0.07246865 0.0003328023 0.0328876 0.0425127 0.004281558 0.0285163 0.0008151788 0.0002580153 0.002146388 0.0001645315 0 0.0001009625 0.0003365417 0 0.0009535348 0.0009198806 0.0006992589 0.0001981857 8.60051e-05 0 0.0006880408 7.478704e-06 1.495741e-05 0.0002991482 0.007377742 0 0 0 5.982964e-05 7.478704e-06 3.739352e-06 0 3.365417e-05 0 0.0002206218 1.121806e-05 0 0.0002094037 0.0002243611 4.861158e-05 0.0004150681 0 2.243611e-05 0.0001570528 8.60051e-05 0.0002467972 0.0001121806 0.006704658 0.02753285 0.0001121806 7.478704e-06 7.478704e-06 4.113287e-05 0 0 0.0002168824 0 0.0002281005 0.0002281005 0.0005908176 4.113287e-05 0 0 3.739352e-06 0
0.0197176 0.001166678 0.04262114 6.730834e-05 3.365417e-05 0.008263968 0.1411755 0.02755529 0.0003514991 0.001660272 0.0004225468 3.739352e-05 2.617547e-05 0.05238458 5.982964e-05 0.0002318398 0.1156544 0.0002954088 0.01130406 2.991482e-05 0.004662972 0.000732913 0.09744004 0.003537427 2.991482e-05 0.08199651 0.116522 0.01587355 0.0144339 0.02467225 0.0001533134 0.0005048125 0.0001495741 0.01462461 1.869676e-05 0.01204819 0.006618653 0.01682335 0.001693927 6.730834e-05 0.0001645315 0 4.861158e-05 0 0.003713177 0.019841 0 3.739352e-06 3.739352e-06 6.356899e-05 1.121806e-05 2.617547e-05 3.739352e-06 7.478704e-06 0 2.617547e-05 1.495741e-05 0 0.0006768227 0.0002393185 1.869676e-05 0.0003253236 0 5.609028e-05 0.0006244718 0.001469565 0.00040385 7.478704e-06 0.004199293 0.04772535 0.0003365417 2.243611e-05 0 3.739352e-06 0 0 0.0007703066 0 0.0007553491 0.0006843015 0.002041686 2.617547e-05 7.478704e-06 0 0 0
0.0006244718 0 6.730834e-05 0.04797589 8.60051e-05 0.007396439 0.001043279 0.007590885 0.04211258 0.0466559 4.861158e-05 0.1240119 3.739352e-06 0.004079633 0.003840315 0 1.121806e-05 7.478704e-06 1.495741e-05 0.04053458 0 0 7.478704e-06 0.05569765 0 4.861158e-05 3.365417e-05 0.05602671 0.007190774 2.617547e-05 0 0.001301295 0.0001981857 0.001106848 2.617547e-05 0.004629318 3.739352e-05 0.003178449 0.0001981857 0.007998474 0.001319991 7.478704e-06 0.0001607921 1.121806e-05 1.495741e-05 3.739352e-06 0.00427408 3.365417e-05 0.0004711584 0.001465826 0.0003739352 0.004397478 0.008249011 3.739352e-06 0.0007927427 0 0.0003851533 7.104769e-05 3.739352e-06 0 0 7.478704e-06 0.001768714 0 7.85264e-05 3.739352e-06 0.01625496 3.739352e-06 7.478704e-06 1.869676e-05 0.01594086 0.0003215843 7.478704e-06 0 5.235093e-05 7.478704e-06 0.0001121806 0 0.0001346167 7.478704e-06 0.000329063 1.869676e-05 0.0001308773 6.356899e-05 0 3.739352e-06
4.487223e-05 3.739352e-06 3.365417e-05 8.60051e-05 3.739352e-06 0.001600443 0.0001832283 0.0006618653 0.0009610135 0.000998407 0 0.001136763 0 0.0001346167 0.01486392 0 1.121806e-05 0 7.478704e-06 0.0002355792 0 3.739352e-06 0 0.0001570528 0 1.495741e-05 1.121806e-05 4.113287e-05 6.356899e-05 7.478704e-06 0 0.0007740459 0 7.478704e-06 0 0.0001495741 0 5.235093e-05 0 0.02118717 5.609028e-05 0 0 0 0 0 0 0 0 0 3.739352e-06 3.739352e-06 0 0 0 0 0 0 0 0 0 0 0 0 0 0 2.617547e-05 0 0 3.739352e-06 0 0 0 0 0 0 0 0 3.739352e-06 0 0 0 0 0 0 0
0.002236133 2.617547e-05 0.008263968 0.007396439 0.001600443 0.277187 0.1270408 0.08149918 0.001480783 0.3762387 0.0003851533 0.114742 1.495741e-05 0.02082819 0.02038695 2.243611e-05 0.001989335 0.0001533134 0.001005886 0.01977743 8.60051e-05 5.609028e-05 0.003933799 0.009535348 3.739352e-06 0.002838168 0.004068415 0.01459095 0.01923897 0.0005048125 1.121806e-05 0.02441049 0.001226508 0.003496294 4.861158e-05 0.007598364 0.0001720102 0.007781592 0.0005758602 0.007287997 0.005317359 7.478704e-06 0.0001682708 1.869676e-05 1.869676e-05 0.0001308773 0.0004337649 1.495741e-05 0.0001233986 0.0004449829 0.000201925 0.0008338755 0.001162939 2.243611e-05 0.0001159199 0 0.0003888926 1.121806e-05 1.869676e-05 7.478704e-06 3.739352e-06 1.121806e-05 0.0002094037 7.478704e-06 4.487223e-05 2.243611e-05 0.007336609 3.739352e-06 5.235093e-05 0.0003477598 0.005063083 0.0003963713 1.121806e-05 0 4.861158e-05 1.121806e-05 0.0001121806 0 0.0001533134 1.495741e-05 0.0003589778 2.991482e-05 1.869676e-05 7.85264e-05 0 0
0.1050421 0.0002505366 0.1411755 0.001043279 0.0001832283 0.1270408 0.2586659 0.131068 0.01001399 0.07217324 0.0006768227 0.00433017 0.0001308773 0.2300337 0.001189114 0.0001645315 0.02529298 0.0003963713 0.005650161 0.0001495741 0.02014015 0.0009273593 0.1805845 0.05118799 7.104769e-05 0.02906225 0.07853014 0.2954462 0.1556431 0.0794201 8.226575e-05 0.004240425 0.01526404 0.02585762 0.0005048125 0.06371108 0.001133024 0.05083275 0.004704105 0.003765528 0.00692902 9.722316e-05 0.001929506 9.34838e-05 0.0001944463 0.001170417 0.0005908176 3.739352e-05 0.0002692334 0.0009310987 0.0003776746 0.003739352 0.001720102 3.739352e-05 9.722316e-05 0 0.0006431686 2.617547e-05 0.0002243611 3.365417e-05 0 7.104769e-05 0.0002617547 2.991482e-05 0.0002505366 0.000467419 0.0168757 0 0.0003514991 0.002804514 0.01105726 0.001050758 1.121806e-05 0 8.226575e-05 3.739352e-05 0.00040385 1.121806e-05 0.000721695 6.356899e-05 0.0008937052 7.85264e-05 8.60051e-05 0.0001495741 0 7.478704e-06
0.01996066 2.617547e-05 0.02755529 0.007590885 0.0006618653 0.08149918 0.131068 0.07369515 0.001936984 0.1814857 0.002101516 0.04895934 4.113287e-05 0.08960236 0.006080187 1.121806e-05 0.01677473 0.0008488329 0.007729241 0.01693553 0.000860051 0.000265494 0.0133981 0.01815455 7.478704e-06 0.01047766 0.00744879 0.03350834 0.0251808 0.007512359 1.869676e-05 0.01946707 0.001009625 0.01315504 2.617547e-05 0.02615303 0.0008338755 0.02133674 0.001409736 0.01264649 0.01415345 1.121806e-05 0.0002168824 1.869676e-05 8.226575e-05 0.000392632 0.0001458347 1.495741e-05 4.861158e-05 0.0002243611 7.85264e-05 0.0009049232 0.0004898551 7.478704e-06 5.235093e-05 0 0.000265494 7.478704e-06 0.0001346167 1.121806e-05 3.739352e-06 1.121806e-05 5.609028e-05 2.991482e-05 4.861158e-05 7.478704e-05 0.00536971 3.739352e-06 5.235093e-05 0.0009460561 0.003802921 0.000530988 1.121806e-05 0 3.365417e-05 2.617547e-05 0.0001420954 3.739352e-06 0.0005384667 1.869676e-05 0.0004449829 4.487223e-05 2.617547e-05 0.0001159199 0 1.121806e-05
0.001121806 0.06541249 0.0003514991 0.04211258 0.0009610135 0.001480783 0.01001399 0.001936984 0.0009909283 0.0362418 2.991482e-05 0.009232461 0.003541167 0.0024231 0.006420468 6.730834e-05 0.0008376149 3.365417e-05 9.34838e-05 0.01900339 0.0001233986 0.04097956 0.000127138 0.177365 0.02524063 0.0004001107 0.05526389 0.05796744 0.01095256 0.01170791 0.0002168824 0.0001346167 0.001551831 0.00201925 5.982964e-05 0.008626686 0.000467419 0.00387023 0.0006880408 0.003271933 0.0004225468 0.0001607921 0.0001458347 0.0002505366 0.0002617547 0.0002692334 0.004524616 6.730834e-05 0.0002804514 0.001581746 0.000467419 0.001245204 0.005321098 0.000127138 0.0009124019 0.0002056644 0.001372342 9.34838e-05 0.001207811 1.869676e-05 2.243611e-05 4.113287e-05 0.001230247 0.0002991482 0.0003141056 1.495741e-05 0.06159835 8.974445e-05 0.0002729727 0.001278858 0.03146291 0.003533688 6.730834e-05 4.861158e-05 6.730834e-05 0.0001495741 0.0009460561 3.739352e-05 0.002123952 0.0002206218 0.002464233 0.0002094037 0.0002505366 0.0004524616 3.739352e-06 6.730834e-05
0.00825275 1.121806e-05 0.001660272 0.0466559 0.000998407 0.3762387 0.07217324 0.1814857 0.0362418 0.3111178 0.001372342 0.1358993 6.356899e-05 0.1104642 0.005571635 7.478704e-06 0.0004524616 0.0003253236 0.0004412436 0.02569683 2.617547e-05 2.991482e-05 0.001301295 0.03606979 0 0.0008301362 0.002045426 0.07408031 0.1331845 0.0003589778 3.739352e-06 0.0196503 0.001424693 0.02347565 0.0002056644 0.05680824 0.001207811 0.06887887 0.004012325 0.02083193 0.02433196 2.991482e-05 0.003829097 7.104769e-05 3.739352e-05 3.365417e-05 0.01324852 0.0001533134 0.001649054 0.005051865 0.001447129 0.009591438 0.02405151 9.722316e-05 0.002183782 3.739352e-06 0.002090298 0.0002094037 1.495741e-05 7.478704e-06 2.243611e-05 2.617547e-05 0.005212657 0 0.000201925 3.365417e-05 0.05796744 0 5.982964e-05 0.0001196593 0.05180872 0.001865937 3.365417e-05 0 0.0002991482 1.495741e-05 0.000669344 7.478704e-06 0.0007815246 1.121806e-05 0.00149948 0.0001009625 0.00040385 0.0003589778 3.739352e-06 1.495741e-05
0.001032061 7.478704e-06 0.0004225468 4.861158e-05 0 0.0003851533 0.0006768227 0.002101516 2.991482e-05 0.001372342 0.07721388 0.0004487223 0.02409265 0.002168824 7.104769e-05 8.60051e-05 0.0002767121 0.057242 0.008133091 0.0001607921 0.0008824871 4.113287e-05 0.001922027 0.000190707 0.0008675297 0.01218655 0.00409833 0.0004262862 0.01791898 0.001428433 0.00150322 0.0008413542 0.0005908176 0.08208626 9.34838e-05 0.0282882 0.1161779 0.1516494 0.07227046 0.0003103662 0.002804514 0.003765528 9.722316e-05 3.739352e-06 6.356899e-05 8.226575e-05 0 0 0 0 3.739352e-06 1.121806e-05 0 0.001484523 0 0.01205941 1.495741e-05 0 3.739352e-06 1.495741e-05 0.0003253236 0.000138356 0 7.478704e-06 7.478704e-06 2.243611e-05 3.365417e-05 0.00173132 0.00115172 0.002767121 3.365417e-05 0 7.478704e-06 0.001215289 0 0 7.478704e-06 0 0.0004786371 0.001933245 0.0001346167 1.869676e-05 0 0 0.0004973338 0
8.974445e-05 0 3.739352e-05 0.1240119 0.001136763 0.114742 0.00433017 0.04895934 0.009232461 0.1358993 0.0004487223 0.1902358 0 0.01184253 0.01815829 0 2.617547e-05 0.0001196593 0.0001047019 0.1162752 0 0 3.365417e-05 0.001357385 0 0.0001196593 1.121806e-05 0.01698414 0.01505837 7.478704e-06 0 0.01263901 2.243611e-05 0.00323454 0 0.003758049 0.0001121806 0.008129352 0.0004113287 0.02639235 0.007463747 0 0.0001682708 3.739352e-06 0 0 0.0005048125 3.739352e-06 1.121806e-05 2.617547e-05 1.869676e-05 0.0002393185 0.0004001107 3.739352e-06 0.0002355792 0 7.478704e-06 3.739352e-06 0 0 0 0 0.0001159199 0 7.478704e-06 0 0.0006394292 0 0 0 0.000721695 1.121806e-05 0 0 0 0 0 0 2.991482e-05 0 3.739352e-06 0 1.495741e-05 0 0 0
3.739352e-06 0.006140016 2.617547e-05 3.739352e-06 0 1.495741e-05 0.0001308773 4.113287e-05 0.003541167 6.356899e-05 0.02409265 0 0.02914077 1.869676e-05 3.739352e-06 4.113287e-05 1.121806e-05 0.004479744 0.00092362 0 0.0001420954 0.007818985 0.0003365417 0.001824804 0.03334006 0.008697733 0.0586667 0.0004001107 0.0001196593 0.0001607921 0.02818724 2.243611e-05 2.243611e-05 0.008682776 0.0008450936 0.01222768 0.1582419 0.04703731 0.01724215 6.730834e-05 0.000138356 0.008720169 5.982964e-05 3.739352e-06 0.001118066 6.356899e-05 0 0 3.739352e-06 8.974445e-05 7.478704e-06 2.243611e-05 3.739352e-06 0.01547344 0 0.126334 2.617547e-05 0 7.478704e-06 0.0001720102 0.003395332 0.002142649 0 1.495741e-05 0.0001009625 3.365417e-05 0.0001533134 0.02561082 0.0148041 0.04332787 4.113287e-05 1.869676e-05 2.617547e-05 0.0115172 0 0 0.0001757496 2.243611e-05 0.001297555 0.01571276 0.001219029 0.0001981857 0 0 0.002939131 0
0.05853582 0.0001121806 0.05238458 0.004079633 0.0001346167 0.02082819 0.2300337 0.08960236 0.0024231 0.1104642 0.002168824 0.01184253 1.869676e-05 0.05052239 0.0006506473 1.495741e-05 0.04228459 0.001305034 0.0158399 0.005911916 0.002894259 0.000669344 0.03111515 0.03135073 2.243611e-05 0.01885381 0.01034305 0.05328951 0.03856394 0.03028127 1.869676e-05 0.003208364 0.001005886 0.01635593 1.121806e-05 0.008873483 0.0002954088 0.01413849 0.0006207325 0.00288678 0.002759642 7.478704e-06 0.0001159199 4.861158e-05 0.0001121806 0.0004748977 4.113287e-05 0 3.739352e-05 0.0002131431 0.0001570528 0.001589225 0.0002243611 1.869676e-05 1.869676e-05 3.739352e-06 0.0002430579 0 0.0002692334 1.495741e-05 7.478704e-06 2.243611e-05 3.365417e-05 4.113287e-05 0.0001196593 0.0001869676 0.005571635 0 0.000138356 0.001346167 0.004105809 0.0008899658 2.243611e-05 0 2.243611e-05 3.739352e-05 0.00040385 3.739352e-06 0.0006992589 8.226575e-05 0.0007703066 7.85264e-05 2.991482e-05 0.0001346167 0 1.869676e-05
1.121806e-05 0.000127138 5.982964e-05 0.003840315 0.01486392 0.02038695 0.001189114 0.006080187 0.006420468 0.005571635 7.104769e-05 0.01815829 3.739352e-06 0.0006506473 0.003593517 0 1.495741e-05 1.121806e-05 1.495741e-05 0.007033721 0 3.739352e-05 3.739352e-05 0.006398032 6.356899e-05 3.739352e-05 0.0002131431 0.001376082 0.001693927 3.739352e-06 3.739352e-06 0.01244082 1.869676e-05 0.0003178449 0 0.0005048125 1.121806e-05 0.0005384667 6.730834e-05 0.004748977 0.001914548 0 3.739352e-06 3.739352e-06 3.739352e-06 0 1.869676e-05 0 0 3.739352e-06 0 1.121806e-05 1.869676e-05 0 0 0 0 0 0 0 0 0 0 0 0 0 5.235093e-05 0 0 1.121806e-05 5.609028e-05 7.478704e-06 0 0 0 0 3.739352e-06 0 1.495741e-05 0 0 0 0 3.739352e-06 0 0
1.869676e-05 0.0004337649 0.0002318398 0 0 2.243611e-05 0.0001645315 1.121806e-05 6.730834e-05 7.478704e-06 8.60051e-05 0 4.113287e-05 1.495741e-05 0 0.0136075 0.001121806 3.739352e-05 0.0002056644 0 0.0152416 0.09119532 0.0239169 0.01641576 8.974445e-05 9.722316e-05 0.102002 0.02223045 0.0001832283 0.009138977 3.739352e-06 0 8.60051e-05 0.01909313 0.0004001107 0.09904796 0.01975126 0.02131431 0.002284744 0.001013364 0.0001495741 2.991482e-05 0.0004973338 7.478704e-06 9.722316e-05 0.0002281005 0 0 3.739352e-06 8.974445e-05 0 0.001409736 1.869676e-05 3.739352e-06 0 1.121806e-05 2.243611e-05 0 0.06666143 5.235093e-05 3.739352e-06 3.365417e-05 0 0.005855826 0.0393679 0.05979972 0.005205178 0 0.0001346167 0.008824871 0.01145738 0.0003851533 5.235093e-05 0 0 0.0001420954 0.0007890033 3.739352e-05 0.00265494 0.001147981 0.001678969 0.0001495741 0 2.991482e-05 3.739352e-06 1.495741e-05
0.02842656 0.0005272487 0.1156544 1.121806e-05 1.121806e-05 0.001989335 0.02529298 0.01677473 0.0008376149 0.0004524616 0.0002767121 2.617547e-05 1.121806e-05 0.04228459 1.495741e-05 0.001121806 0.009213764 0.0005646422 0.02777217 1.869676e-05 0.01063846 0.001764974 0.04869758 0.005276226 7.478704e-06 0.02045052 0.3778316 0.01067585 0.08593031 0.07205732 2.243611e-05 0.0002393185 0.001862197 0.02267917 3.739352e-06 0.002202478 0.001174157 0.00866034 0.0006992589 2.243611e-05 0.0001308773 3.739352e-06 2.991482e-05 7.478704e-06 0.001402257 0.00652143 0 0 0 6.730834e-05 7.478704e-06 5.235093e-05 0 3.739352e-06 0 1.869676e-05 7.478704e-06 0 0.0004449829 0.0002355792 2.991482e-05 0.0002804514 0 4.861158e-05 0.0005347274 0.001032061 0.0001981857 1.121806e-05 0.002684855 0.01464704 0.0002056644 3.739352e-06 3.739352e-06 3.739352e-06 0 0 0.0002281005 0 0.0002580153 0.0002206218 0.0005908176 1.869676e-05 0 0 0 0
0.0006207325 1.121806e-05 0.0002954088 7.478704e-06 0 0.0001533134 0.0003963713 0.0008488329 3.365417e-05 0.0003253236 0.057242 0.0001196593 0.004479744 0.001305034 1.121806e-05 3.739352e-05 0.0005646422 0.0004262862 0.00427408 4.861158e-05 0.0002954088 1.869676e-05 0.001136763 7.478704e-05 0.001110588 0.01764974 0.01238847 0.0001009625 0.005953049 0.0008039607 0.002501627 0.000190707 0.0001720102 0.04355971 3.739352e-05 0.01958299 0.02197617 0.1111149 0.04112166 0.0001159199 0.0004898551 2.991482e-05 8.60051e-05 1.121806e-05 0.0001047019 7.478704e-05 0 3.739352e-06 0 2.243611e-05 0 7.478704e-06 0 0.0002168824 0 0.001065715 3.739352e-06 0 1.121806e-05 7.478704e-05 0.0004487223 0.0006244718 0 0 1.121806e-05 1.869676e-05 3.365417e-05 0.000456201 0.00202299 0.004595664 1.869676e-05 0 1.121806e-05 0.0002767121 0 0 1.495741e-05 0 6.730834e-05 0.0001458347 0.0001346167 2.617547e-05 0 0 3.739352e-06 0
0.008910876 0.0001233986 0.01130406 1.495741e-05 7.478704e-06 0.001005886 0.005650161 0.007729241 9.34838e-05 0.0004412436 0.008133091 0.0001047019 0.00092362 0.0158399 1.495741e-05 0.0002056644 0.02777217 0.00427408 0.03928563 4.487223e-05 0.00173132 0.0001757496 0.01382439 0.0005795996 0.0005758602 0.02730475 0.05632586 0.0009797103 0.03240897 0.0108329 0.001009625 0.0002243611 0.001147981 0.07845161 4.113287e-05 0.02009528 0.01653168 0.1198724 0.03070008 7.85264e-05 0.0002355792 3.739352e-06 0.0001047019 4.113287e-05 0.0007665672 0.001806107 0 0 3.739352e-06 0.0004337649 7.104769e-05 3.365417e-05 1.121806e-05 0.0002131431 0 0.001185375 0.0001308773 0 7.478704e-05 0.001106848 0.0009946677 0.0048462 0 4.487223e-05 0.0001159199 0.000201925 0.0001308773 0.001005886 0.01207811 0.02121708 0.0001495741 6.356899e-05 4.487223e-05 0.000265494 3.739352e-06 0 0.0002056644 0 0.0007628278 0.0008151788 0.001349906 0.0001196593 0 0 3.739352e-06 0
0.0001159199 0 2.991482e-05 0.04053458 0.0002355792 0.01977743 0.0001495741 0.01693553 0.01900339 0.02569683 0.0001607921 0.1162752 0 0.005911916 0.007033721 0 1.869676e-05 4.861158e-05 4.487223e-05 0.007351566 0 0 0 0.005698773 0 2.243611e-05 1.121806e-05 0.01737303 0.007609582 3.739352e-06 0 0.00357856 2.617547e-05 0.00150322 7.478704e-06 0.002396925 4.861158e-05 0.004128245 0.0001682708 0.01397396 0.002722248 0 0.0001458347 7.478704e-06 7.478704e-06 0 0.001439651 0 0.0001233986 0.0003253236 3.739352e-05 0.001032061 0.002037947 3.739352e-06 0.0002879301 0 5.609028e-05 1.869676e-05 0 3.739352e-06 3.739352e-06 0 0.0004973338 0 7.478704e-06 0 0.003937538 0 0 7.478704e-06 0.003896405 8.60051e-05 0 0 7.478704e-06 0 2.243611e-05 0 2.243611e-05 0 5.609028e-05 3.739352e-06 2.991482e-05 0 0 3.739352e-06
0.002965306 5.982964e-05 0.004662972 0 0 8.60051e-05 0.02014015 0.000860051 0.0001233986 2.617547e-05 0.0008824871 0 0.0001420954 0.002894259 0 0.0152416 0.01063846 0.0002954088 0.00173132 0 0.1737228 0.01093761 0.1772827 0.001764974 7.478704e-06 0.0006356899 0.01750391 0.04308856 0.0207908 0.2608049 0 7.478704e-06 0.001548092 0.1986419 0.0008675297 0.1964431 0.02030468 0.1429367 0.01166304 0.002165085 0.001177896 0.000138356 0.0009273593 0 7.478704e-06 7.478704e-06 0 0 0 1.495741e-05 0 0.0005571635 0 0 0 0 7.478704e-06 0 0.005504326 3.739352e-06 0 0 0 0.001596703 0.006775706 0.002785817 0.001664012 0 7.478704e-06 0.0001159199 0.003305587 0.0001458347 1.869676e-05 0 0 4.487223e-05 0.0002991482 1.495741e-05 0.001035801 0.0003365417 0.00051977 5.235093e-05 0 7.478704e-06 0 3.739352e-06
0.0003066269 0.07246865 0.000732913 0 3.739352e-06 5.609028e-05 0.0009273593 0.000265494 0.04097956 2.991482e-05 4.113287e-05 0 0.007818985 0.000669344 3.739352e-05 0.09119532 0.001764974 1.869676e-05 0.0001757496 0 0.01093761 0.009782145 0.02492278 0.08798696 0.05599306 0.0003514991 0.07847031 0.01747025 0.00225109 0.03491433 0.0002355792 7.478704e-06 0.000796482 0.003728134 7.478704e-05 0.02044678 0.002703552 0.003787964 0.0005571635 0.0002056644 7.85264e-05 0.0006020357 0.0001233986 1.495741e-05 0.0004861158 0.0005235093 0 0 0 4.113287e-05 7.478704e-06 0.0002318398 7.478704e-06 3.365417e-05 0 0.0003514991 4.113287e-05 0 0.02403656 2.991482e-05 5.982964e-05 4.487223e-05 0 0.003387853 0.001260162 0.01218281 0.005362231 9.34838e-05 0.000329063 0.01146111 0.007878815 0.0004113287 4.861158e-05 3.739352e-05 0 0.0001308773 0.0005422061 2.243611e-05 0.001484523 0.0006057751 0.0009124019 0.0001159199 3.739352e-06 2.243611e-05 3.739352e-06 3.739352e-06
0.01633349 0.0003328023 0.09744004 7.478704e-06 0 0.003933799 0.1805845 0.0133981 0.000127138 0.001301295 0.001922027 3.365417e-05 0.0003365417 0.03111515 3.739352e-05 0.0239169 0.04869758 0.001136763 0.01382439 0 0.1772827 0.02492278 0.1366958 0.01276989 3.365417e-05 0.07645479 0.2596831 0.1236566 0.02523315 0.1288955 0.0001607921 0.0001869676 0.0006917802 0.1642585 0.001540613 0.4498329 0.05656144 0.2473581 0.01094508 0.007183296 0.0002355792 0.0002505366 0.002284744 0 0.000860051 0.01030565 0 0 0 0.0003103662 1.121806e-05 0.000138356 2.243611e-05 7.478704e-06 0 7.478704e-06 3.739352e-06 0 0.07235646 0.0002580153 3.365417e-05 0.0001720102 0 0.002860604 0.02638861 0.1036324 0.001372342 0 0.0009086626 0.07789818 0.004244165 5.235093e-05 2.617547e-05 0 0 1.869676e-05 0.0003328023 1.121806e-05 0.001469565 0.0004449829 0.0009834496 0.0001495741 7.478704e-06 3.739352e-06 0 0
0.01569406 0.0328876 0.003537427 0.05569765 0.0001570528 0.009535348 0.05118799 0.01815455 0.177365 0.03606979 0.000190707 0.001357385 0.001824804 0.03135073 0.006398032 0.01641576 0.005276226 7.478704e-05 0.0005795996 0.005698773 0.001764974 0.08798696 0.01276989 0.08869743 0.01035053 0.001966899 0.2107611 0.110984 0.1345905 0.0478151 0.0001159199 0.0007927427 0.02362897 0.03341859 0.0008824871 0.1258292 0.008727648 0.04997644 0.006607435 0.007396439 0.004146942 0.0001944463 0.002011771 0.0009385774 0.0006768227 0.0008750084 0.006147495 0.0001944463 0.001458347 0.007452529 0.002662419 0.04708218 0.01357385 0.0003028875 0.001069455 0.0001084412 0.005549199 0.0001757496 0.007265561 3.365417e-05 5.609028e-05 7.478704e-05 0.002669897 0.001996814 0.00577356 0.001069455 0.1520234 4.113287e-05 0.0003627172 0.003514991 0.1057414 0.01341306 0.0002804514 1.869676e-05 0.0005534241 0.0007665672 0.00530988 8.974445e-05 0.01052254 0.001338688 0.0124857 0.001091891 0.0007029982 0.001918288 1.121806e-05 0.0002729727
2.617547e-05 0.0425127 2.991482e-05 0 0 3.739352e-06 7.104769e-05 7.478704e-06 0.02524063 0 0.0008675297 0 0.03334006 2.243611e-05 6.356899e-05 8.974445e-05 7.478704e-06 0.001110588 0.0005758602 0 7.478704e-06 0.05599306 3.365417e-05 0.01035053 0.00219126 0.005721209 0.0220547 0.0002692334 9.722316e-05 0.0005085519 0.001735059 0 2.991482e-05 0.0005235093 7.478704e-06 0.0005235093 0.002505366 0.001323731 0.000785264 2.991482e-05 1.495741e-05 0.001877155 1.495741e-05 0 0.0007478704 8.60051e-05 0 0 3.739352e-06 4.487223e-05 0 1.495741e-05 0 0.001028322 0 0.00969614 2.617547e-05 0 1.121806e-05 6.356899e-05 0.0007478704 0.0009572742 0 7.478704e-06 4.113287e-05 1.869676e-05 3.739352e-05 0.003421507 0.004360085 0.01668499 2.617547e-05 1.495741e-05 3.739352e-06 0.001136763 0 0 0.0001047019 0 0.0003066269 0.0008077001 0.0005085519 4.861158e-05 0 0 0.0001420954 0
0.008219096 0.004281558 0.08199651 4.861158e-05 1.495741e-05 0.002838168 0.02906225 0.01047766 0.0004001107 0.0008301362 0.01218655 0.0001196593 0.008697733 0.01885381 3.739352e-05 9.722316e-05 0.02045052 0.01764974 0.02730475 2.243611e-05 0.0006356899 0.0003514991 0.07645479 0.001966899 0.005721209 0.3861479 0.3186302 0.004894812 0.01570154 0.01005886 0.0182443 0.0002692334 0.0003328023 0.03437586 0.0001682708 0.09025674 0.1781203 0.1511783 0.08095324 0.0003178449 0.000340281 7.104769e-05 0.0003851533 0.0001346167 0.007403917 0.01532387 0 0 1.495741e-05 0.001405996 0.0001570528 1.869676e-05 3.739352e-06 0.002546499 0 0.01507333 0.0004262862 1.121806e-05 0.000190707 0.004315212 0.005044386 0.01592216 3.739352e-06 0.0001495741 0.0003215843 0.0005048125 0.0005870783 0.00588948 0.06350168 0.09092235 0.0005908176 0.0001570528 0.0002094037 0.003185928 0 3.739352e-06 0.0008039607 1.121806e-05 0.003170971 0.003582299 0.005493108 0.0005272487 3.739352e-06 0 1.121806e-05 0
0.003623432 0.0285163 0.116522 3.365417e-05 1.121806e-05 0.004068415 0.07853014 0.00744879 0.05526389 0.002045426 0.00409833 1.121806e-05 0.0586667 0.01034305 0.0002131431 0.102002 0.3778316 0.01238847 0.05632586 1.121806e-05 0.01750391 0.07847031 0.2596831 0.2107611 0.0220547 0.3186302 0.3622722 0.1461114 0.007437572 0.009187588 0.02432823 0.0001869676 0.0004823764 0.1480896 0.0006768227 0.3184956 0.135372 0.3198044 0.06119076 0.001439651 0.0001869676 0.000265494 0.001622879 0.0002505366 0.06254814 0.1213083 3.739352e-06 3.739352e-06 2.243611e-05 0.003133577 0.0002991482 0.0001308773 4.487223e-05 0.005941831 0 0.03664565 0.000785264 7.478704e-06 0.04152925 0.00934838 0.01268014 0.03256976 7.478704e-06 0.001738799 0.03325032 0.06618279 0.003787964 0.02222671 0.1521019 0.5436756 0.004943424 0.0003440204 0.0004449829 0.007228168 3.739352e-06 7.478704e-06 0.004296516 6.356899e-05 0.008955749 0.009505433 0.01690561 0.001192853 2.617547e-05 1.869676e-05 0.0001458347 7.478704e-06
0.02403282 0.0008151788 0.01587355 0.05602671 4.113287e-05 0.01459095 0.2954462 0.03350834 0.05796744 0.07408031 0.0004262862 0.01698414 0.0004001107 0.05328951 0.001376082 0.02223045 0.01067585 0.0001009625 0.0009797103 0.01737303 0.04308856 0.01747025 0.1236566 0.110984 0.0002692334 0.004894812 0.1461114 0.1859655 0.1951007 0.3838146 1.495741e-05 0.001435911 0.0500774 0.1041185 0.001779932 0.2386903 0.02127317 0.1060817 0.01426563 0.005938091 0.007411396 0.0003066269 0.003178449 0.0004412436 0.000127138 0.0003103662 0.006009139 0.0001607921 0.001017104 0.004404957 0.001402257 0.01984848 0.01287459 0.000127138 0.0008937052 1.121806e-05 0.002845647 0.0001047019 0.005575374 1.495741e-05 4.113287e-05 5.235093e-05 0.002651201 0.001435911 0.003701959 0.00103954 0.0788405 0 0.0001495741 0.001061976 0.06285477 0.006872929 0.0001458347 0 0.0003365417 0.0004188074 0.002980264 3.739352e-05 0.00559781 0.0008824871 0.006285851 0.0006095144 0.0003701959 0.001061976 1.869676e-05 0.0001233986
0.03930433 0.0002580153 0.0144339 0.007190774 6.356899e-05 0.01923897 0.1556431 0.0251808 0.01095256 0.1331845 0.01791898 0.01505837 0.0001196593 0.03856394 0.001693927 0.0001832283 0.08593031 0.005953049 0.03240897 0.007609582 0.0207908 0.00225109 0.02523315 0.1345905 9.722316e-05 0.01570154 0.007437572 0.1951007 0.1573445 0.1015945 3.365417e-05 0.005033168 0.02679994 0.1353085 1.869676e-05 0.01838639 0.000721695 0.06297069 0.002138909 0.00611758 0.01073194 2.991482e-05 0.0002430579 0.0002505366 1.869676e-05 0.0001607921 0.0001121806 2.617547e-05 6.730834e-05 0.0008114394 0.0004337649 0.006678483 0.0004075894 0.0001009625 2.991482e-05 3.739352e-06 0.001342427 1.869676e-05 0.001035801 3.739352e-06 2.991482e-05 2.243611e-05 7.478704e-05 0.0001869676 0.0003552385 5.609028e-05 0.02483304 0 0.0001346167 0.0004748977 0.01865189 0.00427034 8.60051e-05 0 5.609028e-05 0.0002318398 0.001525656 5.235093e-05 0.003731873 0.0002879301 0.003787964 0.0003589778 0.0001196593 0.0005833389 0 8.60051e-05
0.02574918 0.002146388 0.02467225 2.617547e-05 7.478704e-06 0.0005048125 0.0794201 0.007512359 0.01170791 0.0003589778 0.001428433 7.478704e-06 0.0001607921 0.03028127 3.739352e-06 0.009138977 0.07205732 0.0008039607 0.0108329 3.739352e-06 0.2608049 0.03491433 0.1288955 0.0478151 0.0005085519 0.01005886 0.009187588 0.3838146 0.1015945 0.07643236 7.478704e-06 0.0001159199 0.01244456 0.0739083 6.730834e-05 0.006839275 0.0003963713 0.03222948 0.00207534 0.0002580153 0.0005609028 7.104769e-05 8.974445e-05 0.0001196593 5.235093e-05 0.0003178449 0 0 3.739352e-06 0.0003851533 0.0001009625 0.008794956 4.487223e-05 1.869676e-05 0 1.495741e-05 0.0003215843 0 0.01108718 1.121806e-05 1.495741e-05 1.869676e-05 0 0.00427408 0.01140876 0.001305034 0.01625496 1.121806e-05 9.34838e-05 0.000721695 0.02028225 0.002924173 0.0001495741 0 7.478704e-06 0.000392632 0.001910809 3.739352e-05 0.004498441 0.001252683 0.00392258 0.0003103662 3.365417e-05 0.0002281005 3.739352e-06 3.365417e-05
1.121806e-05 0.0001645315 0.0001533134 0 0 1.121806e-05 8.226575e-05 1.869676e-05 0.0002168824 3.739352e-06 0.00150322 0 0.02818724 1.869676e-05 3.739352e-06 3.739352e-06 2.243611e-05 0.002501627 0.001009625 0 0 0.0002355792 0.0001607921 0.0001159199 0.001735059 0.0182443 0.02432823 1.495741e-05 3.365417e-05 7.478704e-06 0.005855826 0 0 0.0009460561 0 0.003679523 0.02577535 0.007818985 0.005212657 1.121806e-05 1.869676e-05 7.104769e-05 1.869676e-05 3.739352e-06 0.0002580153 5.609028e-05 0 0 0 5.609028e-05 0 3.739352e-06 0 0.003021397 0 0.01959421 2.243611e-05 0 0 7.85264e-05 0.002165085 0.001230247 0 1.121806e-05 6.356899e-05 1.495741e-05 6.356899e-05 0.003829097 0.007067376 0.01765722 1.495741e-05 1.495741e-05 1.121806e-05 0.003339242 0 0 4.861158e-05 0 0.0001570528 0.001342427 0.0003664565 6.356899e-05 0 0 2.991482e-05 0
0.0009273593 0 0.0005048125 0.001301295 0.0007740459 0.02441049 0.004240425 0.01946707 0.0001346167 0.0196503 0.0008413542 0.01263901 2.243611e-05 0.003208364 0.01244082 0 0.0002393185 0.000190707 0.0002243611 0.00357856 7.478704e-06 7.478704e-06 0.0001869676 0.0007927427 0 0.0002692334 0.0001869676 0.001435911 0.005033168 0.0001159199 0 4.861158e-05 2.617547e-05 0.006386814 7.478704e-06 0.01093387 0.0003440204 0.008952009 0.0006207325 0.01263527 0.01971386 0 7.478704e-05 3.739352e-06 0 3.739352e-06 1.121806e-05 0 7.478704e-06 2.243611e-05 1.495741e-05 6.730834e-05 3.365417e-05 0 1.121806e-05 0 1.869676e-05 7.478704e-06 3.739352e-06 0 0 0 1.121806e-05 0 0 3.739352e-06 0.0003701959 0 0 1.495741e-05 0.0003028875 5.235093e-05 0 0 0 0 2.243611e-05 0 0.0001084412 0 4.861158e-05 0 7.478704e-06 7.478704e-06 0 0
0.0007104769 0.0001009625 0.0001495741 0.0001981857 0 0.001226508 0.01526404 0.001009625 0.001551831 0.001424693 0.0005908176 2.243611e-05 2.243611e-05 0.001005886 1.869676e-05 8.60051e-05 0.001862197 0.0001720102 0.001147981 2.617547e-05 0.001548092 0.000796482 0.0006917802 0.02362897 2.991482e-05 0.0003328023 0.0004823764 0.0500774 0.02679994 0.01244456 0 2.617547e-05 0.001563049 0.01462087 3.739352e-06 0.0002281005 0.0001458347 0.004696626 0.0002467972 2.991482e-05 7.104769e-05 2.243611e-05 1.121806e-05 1.495741e-05 7.478704e-06 3.739352e-06 7.478704e-06 0 0 8.974445e-05 6.356899e-05 0.001372342 3.739352e-05 7.478704e-06 0 0 0.0001420954 0 0.0003589778 0 1.121806e-05 0 0 8.226575e-05 0.0001084412 0 0.003728134 0 3.739352e-06 1.121806e-05 0.003148535 0.0008525723 1.121806e-05 0 7.478704e-06 5.235093e-05 0.0002131431 3.739352e-06 0.0006768227 8.226575e-05 0.0007665672 9.722316e-05 3.739352e-06 0.0001084412 0 1.495741e-05
0.01198836 0.0003365417 0.01462461 0.001106848 7.478704e-06 0.003496294 0.02585762 0.01315504 0.00201925 0.02347565 0.08208626 0.00323454 0.008682776 0.01635593 0.0003178449 0.01909313 0.02267917 0.04355971 0.07845161 0.00150322 0.1986419 0.003728134 0.1642585 0.03341859 0.0005235093 0.03437586 0.1480896 0.1041185 0.1353085 0.0739083 0.0009460561 0.006386814 0.01462087 0.04065798 2.617547e-05 0.006536388 0.01770583 0.07421118 0.004535834 0.001357385 0.0008077001 0.001678969 0.0001308773 4.861158e-05 0.0006319505 0.002864344 2.243611e-05 3.739352e-06 1.869676e-05 0.000201925 9.34838e-05 0.001405996 6.730834e-05 1.495741e-05 3.739352e-06 3.365417e-05 0.0001981857 0 0.001783671 0.0001047019 1.121806e-05 0.0001720102 1.121806e-05 0.0004375042 0.001050758 0.001241465 0.006057751 1.121806e-05 0.001256422 0.008050825 0.004636797 0.0008787478 2.991482e-05 3.739352e-06 1.121806e-05 4.861158e-05 0.0004973338 1.121806e-05 0.001129284 0.0002954088 0.0009684922 0.000127138 0 0.0001196593 0 0
0 0 1.869676e-05 2.617547e-05 0 4.861158e-05 0.0005048125 2.617547e-05 5.982964e-05 0.0002056644 9.34838e-05 0 0.0008450936 1.121806e-05 0 0.0004001107 3.739352e-06 3.739352e-05 4.113287e-05 7.478704e-06 0.0008675297 7.478704e-05 0.001540613 0.0008824871 7.478704e-06 0.0001682708 0.0006768227 0.001779932 1.869676e-05 6.730834e-05 0 7.478704e-06 3.739352e-06 2.617547e-05 0.4577902 0.1500116 0.002553978 0.00352247 0.005870783 5.609028e-05 8.974445e-05 0.0005272487 0.002064122 0 1.121806e-05 1.869676e-05 0 0 0 7.478704e-06 3.739352e-06 4.113287e-05 0 3.739352e-06 0 0 3.739352e-06 0 2.243611e-05 0 0 0 0 1.495741e-05 7.478704e-06 3.365417e-05 0.0001084412 0 1.121806e-05 4.113287e-05 8.974445e-05 2.991482e-05 3.739352e-06 0 0 0 3.739352e-06 0.2126158 0.000392632 1.495741e-05 7.85264e-05 4.113287e-05 3.739352e-06 7.478704e-06 3.739352e-06 7.478704e-06
0.0007366524 0.0009535348 0.01204819 0.004629318 0.0001495741 0.007598364 0.06371108 0.02615303 0.008626686 0.05680824 0.0282882 0.003758049 0.01222768 0.008873483 0.0005048125 0.09904796 0.002202478 0.01958299 0.02009528 0.002396925 0.1964431 0.02044678 0.4498329 0.1258292 0.0005235093 0.09025674 0.3184956 0.2386903 0.01838639 0.006839275 0.003679523 0.01093387 0.0002281005 0.006536388 0.1500116 0.02660923 0.6834713 0.1123114 0.02623156 0.08660714 0.03808156 0.006790664 0.004958381 0.0002281005 0.001578007 0.006196107 0.0001308773 5.235093e-05 9.722316e-05 0.0007740459 0.0004300255 0.006136277 0.0004337649 0.001147981 1.495741e-05 0.0002467972 0.001361124 1.869676e-05 0.006745791 0.0002729727 0.0001047019 0.0005085519 7.478704e-05 0.001379821 0.003978671 0.004659233 0.0310815 7.478704e-05 0.00386649 0.01619513 0.02175181 0.004498441 5.609028e-05 4.113287e-05 0.0001121806 0.0001533134 0.001922027 0.001477044 0.004494701 0.001649054 0.005429539 0.00115546 0.0001009625 0.0006506473 0.0006020357 0.0002168824
2.243611e-05 0.0009198806 0.006618653 3.739352e-05 0 0.0001720102 0.001133024 0.0008338755 0.000467419 0.001207811 0.1161779 0.0001121806 0.1582419 0.0002954088 1.121806e-05 0.01975126 0.001174157 0.02197617 0.01653168 4.861158e-05 0.02030468 0.002703552 0.05656144 0.008727648 0.002505366 0.1781203 0.135372 0.02127317 0.000721695 0.0003963713 0.02577535 0.0003440204 0.0001458347 0.01770583 0.002553978 0.6834713 0.03384488 0.0318892 0.02958202 0.008787478 0.00207534 0.0002243611 0.003728134 3.739352e-06 0.000456201 0.001424693 0 3.739352e-06 1.121806e-05 0.000138356 1.495741e-05 0.0004524616 0 0.0009385774 0 0.004535834 3.365417e-05 0 0.001465826 0.0002056644 0.0001869676 0.0005459454 0 0.0003440204 0.000998407 0.0008899658 0.001697666 0.00051977 0.003189667 0.005343534 0.001783671 0.0001832283 1.869676e-05 0.0001495741 0 2.991482e-05 0.0001645315 9.34838e-05 0.007703066 0.0009273593 0.0005721209 8.974445e-05 0 2.617547e-05 0.0002916695 3.739352e-06
0.003286891 0.0006992589 0.01682335 0.003178449 5.235093e-05 0.007781592 0.05083275 0.02133674 0.00387023 0.06887887 0.1516494 0.008129352 0.04703731 0.01413849 0.0005384667 0.02131431 0.00866034 0.1111149 0.1198724 0.004128245 0.1429367 0.003787964 0.2473581 0.04997644 0.001323731 0.1511783 0.3198044 0.1060817 0.06297069 0.03222948 0.007818985 0.008952009 0.004696626 0.07421118 0.00352247 0.1123114 0.0318892 0.05561165 0.02403656 0.005429539 0.003589778 0.006364377 0.001978117 0.0001458347 0.001592964 0.005956788 5.609028e-05 3.365417e-05 5.982964e-05 0.0004898551 0.000201925 0.002138909 0.0002430579 5.609028e-05 2.243611e-05 0.0001682708 0.0005347274 3.739352e-06 0.001742538 0.000530988 0.0001009625 0.0009460561 4.113287e-05 0.0003028875 0.0009722316 0.002064122 0.01183879 0.0001458347 0.005313619 0.01628488 0.00802465 0.001600443 4.861158e-05 2.617547e-05 4.487223e-05 8.60051e-05 0.0008450936 3.739352e-05 0.002819472 0.0005010732 0.001996814 0.0002206218 4.113287e-05 0.0002131431 3.739352e-06 4.113287e-05
0.0001047019 0.0001981857 0.001693927 0.0001981857 0 0.0005758602 0.004704105 0.001409736 0.0006880408 0.004012325 0.07227046 0.0004113287 0.01724215 0.0006207325 6.730834e-05 0.002284744 0.0006992589 0.04112166 0.03070008 0.0001682708 0.01166304 0.0005571635 0.01094508 0.006607435 0.000785264 0.08095324 0.06119076 0.01426563 0.002138909 0.00207534 0.005212657 0.0006207325 0.0002467972 0.004535834 0.005870783 0.02623156 0.02958202 0.02403656 0.0001794889 0.0002206218 7.85264e-05 0.003021397 0.0002206218 3.739352e-06 0.0003440204 0.0008189181 0 0 7.478704e-06 5.609028e-05 1.121806e-05 0.0002841908 2.243611e-05 2.617547e-05 0 8.974445e-05 4.487223e-05 0 0.0001720102 0.0001495741 3.739352e-05 0.000392632 3.739352e-06 5.235093e-05 0.0001458347 0.0001233986 0.001129284 3.365417e-05 0.001645315 0.002692334 0.0008750084 0.0002131431 0 1.495741e-05 0 1.121806e-05 7.104769e-05 3.365417e-05 0.0005347274 0.0001196593 0.0003514991 2.991482e-05 1.869676e-05 3.739352e-05 0 0
4.487223e-05 8.60051e-05 6.730834e-05 0.007998474 0.02118717 0.007287997 0.003765528 0.01264649 0.003271933 0.02083193 0.0003103662 0.02639235 6.730834e-05 0.00288678 0.004748977 0.001013364 2.243611e-05 0.0001159199 7.85264e-05 0.01397396 0.002165085 0.0002056644 0.007183296 0.007396439 2.991482e-05 0.0003178449 0.001439651 0.005938091 0.00611758 0.0002580153 1.121806e-05 0.01263527 2.991482e-05 0.001357385 5.609028e-05 0.08660714 0.008787478 0.005429539 0.0002206218 0.003223322 0.00294661 7.478704e-06 1.869676e-05 3.739352e-06 0 2.243611e-05 6.356899e-05 7.478704e-06 1.121806e-05 4.861158e-05 5.609028e-05 0.0001458347 8.974445e-05 1.869676e-05 2.617547e-05 3.739352e-06 6.356899e-05 3.739352e-06 5.235093e-05 0 0 7.478704e-06 1.495741e-05 3.739352e-06 2.617547e-05 2.991482e-05 0.001645315 0 1.869676e-05 4.861158e-05 0.0009385774 0.0001944463 3.739352e-06 0 3.739352e-06 0 4.861158e-05 0 0.001002146 1.121806e-05 0.0002131431 4.487223e-05 1.121806e-05 4.113287e-05 7.478704e-06 3.739352e-06
0.0003215843 0 0.0001645315 0.001319991 5.609028e-05 0.005317359 0.00692902 0.01415345 0.0004225468 0.02433196 0.002804514 0.007463747 0.000138356 0.002759642 0.001914548 0.0001495741 0.0001308773 0.0004898551 0.0002355792 0.002722248 0.001177896 7.85264e-05 0.0002355792 0.004146942 1.495741e-05 0.000340281 0.0001869676 0.007411396 0.01073194 0.0005609028 1.869676e-05 0.01971386 7.104769e-05 0.0008077001 8.974445e-05 0.03808156 0.00207534 0.003589778 7.85264e-05 0.00294661 0.0003215843 8.226575e-05 9.722316e-05 2.243611e-05 0 3.739352e-06 3.739352e-05 1.121806e-05 1.121806e-05 5.982964e-05 4.861158e-05 0.0002243611 3.739352e-05 3.739352e-06 7.478704e-06 0 7.478704e-05 3.739352e-06 3.365417e-05 0 0 3.739352e-06 2.243611e-05 1.495741e-05 1.869676e-05 0 0.0016154 0 7.478704e-06 1.495741e-05 0.00109937 0.0002206218 7.478704e-06 0 7.478704e-06 1.121806e-05 8.226575e-05 0 0.0005384667 7.478704e-06 0.0001570528 1.495741e-05 1.869676e-05 5.235093e-05 0 1.121806e-05
0 0.0006880408 0 7.478704e-06 0 7.478704e-06 9.722316e-05 1.121806e-05 0.0001607921 2.991482e-05 0.003765528 0 0.008720169 7.478704e-06 0 2.991482e-05 3.739352e-06 2.991482e-05 3.739352e-06 0 0.000138356 0.0006020357 0.0002505366 0.0001944463 0.001877155 7.104769e-05 0.000265494 0.0003066269 2.991482e-05 7.104769e-05 7.104769e-05 0 2.243611e-05 0.001678969 0.0005272487 0.006790664 0.0002243611 0.006364377 0.003021397 7.478704e-06 8.226575e-05 0 1.495741e-05 0 1.121806e-05 0 0 0 0 0 3.739352e-06 3.739352e-06 0 2.243611e-05 0 0.0001794889 0 0 3.739352e-06 0 3.739352e-06 0 0 0 0 0 1.869676e-05 4.113287e-05 1.121806e-05 3.739352e-05 1.869676e-05 0 0 0 0 0 0 2.991482e-05 0.001192853 3.739352e-06 3.739352e-06 0 0 0 3.739352e-06 0
2.243611e-05 7.478704e-06 4.861158e-05 0.0001607921 0 0.0001682708 0.001929506 0.0002168824 0.0001458347 0.003829097 9.722316e-05 0.0001682708 5.982964e-05 0.0001159199 3.739352e-06 0.0004973338 2.991482e-05 8.60051e-05 0.0001047019 0.0001458347 0.0009273593 0.0001233986 0.002284744 0.002011771 1.495741e-05 0.0003851533 0.001622879 0.003178449 0.0002430579 8.974445e-05 1.869676e-05 7.478704e-05 1.121806e-05 0.0001308773 0.002064122 0.004958381 0.003728134 0.001978117 0.0002206218 1.869676e-05 9.722316e-05 1.495741e-05 1.121806e-05 3.739352e-06 7.478704e-06 4.113287e-05 7.478704e-06 0 0 2.243611e-05 1.121806e-05 0.0001009625 1.495741e-05 0 0 0 3.739352e-05 0 2.243611e-05 7.478704e-06 0 3.739352e-06 7.478704e-06 1.495741e-05 1.869676e-05 2.243611e-05 0.0005721209 0 3.739352e-05 8.974445e-05 0.0003851533 6.356899e-05 0 0 0 3.739352e-06 3.365417e-05 6.356899e-05 0.0001196593 7.478704e-06 6.356899e-05 1.495741e-05 0 7.478704e-06 0 0
