0.02629874 0 0.006680767 1.315759e-05 0.0001513123 0.01303259 0.0755476 0.1087771 9.868194e-05 0.0003289398 1.973639e-05 1.315759e-05 2.631518e-05 0.2180048 2.960458e-05 3.289398e-06 0.01352929 9.868194e-06 4.934097e-05 1.315759e-05 0.005401191 3.289398e-06 0.01391415 0.0004736733 0 0.0002960458 8.223495e-05 0.009621489 0.1475098 0.09051765 3.289398e-06 0.0210061 0.008207048 0.01114448 1.973639e-05 0.002203897 0.0001249971 0.005522899 0.0008684011 0.0001776275 0.0009078738 6.578796e-06 5.920916e-05 0 0 2.960458e-05 0 0 0 0.0001151289 3.289398e-06 1.644699e-05 0 0 0 0 9.868194e-06 0 6.578796e-06 0 0 0 0 0 3.289398e-06 9.868194e-06 0.0002368367 0 0 1.315759e-05 0.0002236791 2.302579e-05 5.263037e-05 0 0 0 1.973639e-05 0 6.249856e-05 9.868194e-06 3.618338e-05 3.289398e-06 0 2.302579e-05 0 0
0 0.005210406 0.01652922 0 3.289398e-06 9.868194e-06 6.249856e-05 6.578796e-06 0.04698905 6.578796e-06 0.0007335357 1.644699e-05 0.007420882 0 6.578796e-06 0.001647988 0.008832033 0.0004966991 0.005782762 0 0.0001578911 0.1031851 0.0002236791 0.06345907 0.05808748 0.05473558 0.136385 0.001684172 3.289398e-06 6.578796e-06 0.0004078853 0 0 0.00136839 9.868194e-06 0.005861707 0.008368228 0.007700481 0.003486762 9.210314e-05 3.289398e-06 0.003532813 1.315759e-05 0 0.0002203897 0.002772962 0 0 0 2.302579e-05 0 0 0 1.644699e-05 0 8.223495e-05 3.289398e-06 0 1.315759e-05 0.0002039427 9.868194e-06 0.0001151289 0 9.868194e-06 2.302579e-05 2.302579e-05 7.236675e-05 9.868194e-05 0.001884825 0.003545971 1.644699e-05 3.289398e-06 0 9.868194e-06 0 0 3.618338e-05 0 9.868194e-06 0.0001348653 3.289398e-06 0 0 0 0 0
0.006680767 0.01652922 0.06753792 0.0001085501 0.0002368367 0.01220696 0.1532004 0.05727829 0.003460447 0.003953856 0.0005723552 0.0001085501 0.0004078853 0.03139401 0.0001151289 0.002756515 0.09652409 0.0004901203 0.006276171 4.276217e-05 0.03058811 0.008608354 0.2121102 0.01859168 9.210314e-05 0.1212176 0.3449855 0.0453608 0.01339443 0.00945373 3.947278e-05 0.007404435 0.0004177535 0.01785156 0.0003026246 0.06912012 0.06464325 0.06778133 0.02219357 0.001565753 0.001490097 0.0004144641 0.0002335473 7.894555e-05 0.01593713 0.1291385 3.289398e-06 0 6.578796e-06 0.00130918 2.960458e-05 6.249856e-05 1.315759e-05 0.0001874957 0 6.249856e-05 0.0001611805 0 0.005016332 0.004187404 0.0001677593 0.0008387965 0 0.000240126 0.007124836 0.02765068 0.001299312 3.289398e-06 0.009733329 0.0792416 0.001470361 9.210314e-05 0.0001480229 2.302579e-05 0 0 0.000240126 1.644699e-05 0.001325627 0.0063913 0.0007170888 0.0003782808 0 2.631518e-05 0 9.868194e-06
1.315759e-05 0 0.0001085501 0.02595006 6.907736e-05 0.004213719 0.007434039 0.0005328825 0.04570289 0.04611078 3.289398e-06 0.1412994 3.289398e-06 0.0004407793 0.003286109 0 0.0001052607 0 6.578796e-06 0.0480285 6.578796e-06 3.289398e-06 6.249856e-05 0.05292641 0 1.644699e-05 2.302579e-05 0.08551448 0.0015822 4.276217e-05 0 0.000595381 0.0001611805 0.0008486647 1.973639e-05 0.002651255 3.618338e-05 0.002249948 0.0004276217 0.007095231 0.000694063 3.289398e-06 6.578796e-05 3.289398e-05 0 0 0.001249971 0 0.0005328825 0.002411129 0.0004144641 0.001921008 0.002272974 0 0.000371702 0 0.0001710487 2.960458e-05 0 0 0 3.289398e-06 0.0003651232 0 3.289398e-06 1.315759e-05 0.00235192 0 0 1.315759e-05 0.005841971 0.0006151174 3.289398e-05 0 4.605157e-05 3.289398e-06 0.0002960458 3.289398e-06 0.0001249971 0 0.0002598624 1.315759e-05 3.947278e-05 0.0001447335 0 3.289398e-06
0.0001513123 3.289398e-06 0.0002368367 6.907736e-05 0 0.006055782 0.001246682 0.0008157707 0.0001513123 0.00224008 0 0.0007730085 0 0.0001480229 0.02610466 0 0.0002467048 0 0 2.302579e-05 5.591977e-05 0 0.0002434154 6.249856e-05 0 9.868194e-06 3.289398e-06 0.0002993352 0.0002105215 0.0001151289 0 0.0004506475 3.289398e-06 0.0004572263 0 0.00027302 3.289398e-06 0.0003684126 4.276217e-05 0.01108198 1.973639e-05 0 9.868194e-06 3.289398e-06 0 0 0 0 0 9.868194e-06 3.289398e-06 0 0 0 0 0 0 0 0 0 0 0 0 0 0 0 1.644699e-05 0 0 0 1.973639e-05 0 0 0 0 0 0 0 0 3.289398e-06 3.289398e-06 0 0 3.289398e-06 0 0
0.01303259 9.868194e-06 0.01220696 0.004213719 0.006055782 0.1346186 0.1972619 0.1068989 0.002763094 0.378011 9.868194e-06 0.05701842 5.920916e-05 0.02400932 0.03009799 9.868194e-06 0.01189446 3.289398e-06 0.0001217077 0.006591953 0.002407839 6.578796e-06 0.01522991 0.004763048 0 0.0006874842 0.000240126 0.05176526 0.01131224 0.006519587 0 0.03172295 0.0003519656 0.006312355 2.302579e-05 0.004522922 0.0001282865 0.007381409 0.001230235 0.04856138 0.002740068 6.578796e-06 0.0001447335 4.276217e-05 0 4.934097e-05 0.0001414441 0 9.210314e-05 0.0009210314 0.0001118395 0.0001743381 0.0002927564 0 4.276217e-05 0 8.552435e-05 3.289398e-06 1.644699e-05 3.289398e-06 0 0 3.947278e-05 3.289398e-06 6.578796e-06 4.276217e-05 0.0007664297 0 0 2.302579e-05 0.001042739 0.0002105215 0.0001085501 0 1.315759e-05 0 0.0001480229 3.289398e-06 0.0001282865 1.315759e-05 0.0001348653 0 6.578796e-06 7.236675e-05 0 3.289398e-06
0.0755476 6.249856e-05 0.1532004 0.007434039 0.001246682 0.1972619 0.21238 0.1391119 0.0447095 0.1673317 0.0001743381 0.002430865 0.001111817 0.1551148 0.005473558 0.0002598624 0.03803202 8.881374e-05 0.001223656 0.0004572263 0.02110807 0.0007631403 0.1477861 0.06113346 6.578796e-06 0.007512985 0.01071357 0.47242 0.07658705 0.09252419 3.289398e-06 0.02646321 0.009032687 0.03348607 0.0002203897 0.1245498 0.004786074 0.08973478 0.03630837 0.01128263 0.01571345 0.0001447335 0.001483518 0.002009822 5.263037e-05 0.0007269569 0.0004572263 0 0.0005361719 0.01944363 0.001167736 0.002476917 0.001351943 3.289398e-06 0.0001348653 0 0.002545994 9.868194e-06 0.001243392 6.249856e-05 6.578796e-06 1.973639e-05 0.0001644699 0.0002598624 0.0005855128 0.00316769 0.0258152 0 6.578796e-05 0.00120392 0.02587769 0.005766315 0.005197249 0 8.223495e-05 0.0001776275 0.002470338 4.934097e-05 0.006424194 0.00027302 0.005693948 0.0003782808 8.552435e-05 0.001796011 0 3.618338e-05
0.1087771 6.578796e-06 0.05727829 0.0005328825 0.0008157707 0.1068989 0.1391119 0.08635656 0.0006315644 0.05746249 1.644699e-05 0.010457 0.0001315759 0.1692954 0.001358521 2.631518e-05 0.06908065 1.315759e-05 0.0005723552 0.000934189 0.01511807 6.578796e-06 0.07899818 0.004276217 0 0.002957169 0.0008914268 0.01813774 0.01047673 0.04957123 0 0.01196025 0.0004013065 0.01058199 6.578796e-06 0.003526235 0.0003420974 0.005368297 0.001999954 0.003220321 0.0002467048 1.973639e-05 3.289398e-05 6.249856e-05 9.868194e-06 0.0001940745 6.578796e-06 0 1.315759e-05 0.0003486762 1.973639e-05 6.907736e-05 3.618338e-05 0 0 0 5.920916e-05 0 9.868194e-06 6.578796e-06 0 0 0 9.868194e-06 9.868194e-06 0.0001118395 0.000661169 0 3.289398e-06 9.868194e-05 0.0005065673 0.0001052607 0.0001118395 0 0 6.578796e-06 4.276217e-05 0 0.0001019713 6.578796e-06 0.0001217077 1.644699e-05 0 1.973639e-05 0 0
9.868194e-05 0.04698905 0.003460447 0.04570289 0.0001513123 0.002763094 0.0447095 0.0006315644 0.007953764 0.03410119 0.0001052607 0.0142398 0.001118395 0.000355255 0.001736802 0.002802567 0.0009045844 4.276217e-05 0.0004703839 0.01506544 0.004990017 0.02501916 0.001546017 0.1815912 0.01519702 0.00939781 0.05029161 0.1614568 0.0008322177 0.003628206 9.539254e-05 0.0003585444 8.552435e-05 0.000628275 6.578796e-06 0.00360518 0.001240103 0.001996665 0.001006556 0.002917696 0.0002269685 0.0002927564 2.631518e-05 0.0004934097 7.565615e-05 7.236675e-05 0.005818945 9.868194e-06 0.001884825 0.01280563 0.001266418 0.001664435 0.007861661 3.289398e-06 0.001490097 1.644699e-05 0.001006556 7.894555e-05 0.0008026131 4.934097e-05 0 1.973639e-05 0.001713776 0.0004670945 0.0001217077 0.0003519656 0.03467354 2.960458e-05 0.0001611805 0.0002664412 0.03794649 0.002437444 0.001878246 0 0.0001282865 4.934097e-05 0.0009901088 1.644699e-05 0.001904561 0.0001249971 0.001592069 0.0001348653 0.0001414441 0.0005361719 0 1.973639e-05
0.0003289398 6.578796e-06 0.003953856 0.04611078 0.00224008 0.378011 0.1673317 0.05746249 0.03410119 0.4016717 5.920916e-05 0.2021467 7.236675e-05 0.01733842 0.02206528 0 0.001055897 1.315759e-05 4.605157e-05 0.07659692 0.0007730085 9.868194e-06 0.004940676 0.01689764 3.289398e-06 0.0001973639 0.0001085501 0.1503781 0.04192996 0.000917742 3.289398e-06 0.03404856 0.001276286 0.02478232 3.947278e-05 0.02001928 0.0002861776 0.04121287 0.00344071 0.03219992 0.01719697 1.315759e-05 0.001121685 0.0002598624 0 1.644699e-05 0.003269662 0 0.001552596 0.01156881 0.00131247 0.004006487 0.006068939 0 0.0008190601 0 0.00109537 6.578796e-05 1.315759e-05 3.289398e-06 0 0 0.0009769512 0 2.960458e-05 7.894555e-05 0.008937294 0 0 2.960458e-05 0.01805222 0.002309157 0.0002697306 0 0.0001743381 9.868194e-06 0.001289444 9.868194e-06 0.0007730085 1.315759e-05 0.001470361 5.591977e-05 0.0001019713 0.0008059025 0 6.578796e-06
1.973639e-05 0.0007335357 0.0005723552 3.289398e-06 0 9.868194e-06 0.0001743381 1.644699e-05 0.0001052607 5.920916e-05 0.1952225 1.315759e-05 0.1268951 1.315759e-05 0 2.302579e-05 0.00246047 0.0463213 0.02360472 6.578796e-06 0.0001611805 0.0002499942 0.0005855128 0.0001874957 0.01293391 0.07948172 0.01898969 0.0001381547 5.263037e-05 5.591977e-05 0.02052584 6.578796e-06 3.289398e-06 0.07102797 2.960458e-05 0.007062337 0.0633242 0.2141826 0.04362071 7.565615e-05 0.001236814 0.007085363 2.960458e-05 9.868194e-06 0.0003585444 0.0002105215 0 0 0 3.289398e-06 3.289398e-06 0 0 0.001213788 0 0.004667656 6.578796e-06 0 1.644699e-05 8.552435e-05 0.00098353 0.0006743266 0 0 1.315759e-05 1.973639e-05 1.315759e-05 0.002960458 0.006542613 0.007190624 0 0 0 0.0006545902 0 0 3.618338e-05 0 0 0.002845329 8.223495e-05 6.578796e-06 0 6.578796e-06 0.0002828882 0
1.315759e-05 1.644699e-05 0.0001085501 0.1412994 0.0007730085 0.05701842 0.002430865 0.010457 0.0142398 0.2021467 1.315759e-05 0.1693185 3.289398e-06 0.003562418 0.04146944 0 4.605157e-05 3.289398e-06 1.315759e-05 0.07557392 3.289398e-06 1.973639e-05 5.591977e-05 0.01173986 6.578796e-06 2.960458e-05 5.591977e-05 0.109958 0.01084186 6.578796e-06 0 0.01196354 5.920916e-05 0.008134681 0.0001414441 0.002911117 4.605157e-05 0.007657718 0.0003190716 0.03624588 0.00349663 3.289398e-06 0.0001480229 1.315759e-05 0 3.289398e-06 0.0006710372 0 0.000256573 0.001292733 0.0002467048 0.001371679 0.001180894 0 0.0001644699 0 0.0001184183 3.289398e-06 3.289398e-06 0 0 0 0.0002960458 0 3.289398e-06 0 0.001157868 0 0 0 0.002815725 0.000338808 1.973639e-05 0 1.315759e-05 6.578796e-06 0.0002006533 0 6.249856e-05 0 0.0001578911 0 2.631518e-05 6.907736e-05 0 0
2.631518e-05 0.007420882 0.0004078853 3.289398e-06 0 5.920916e-05 0.001111817 0.0001315759 0.001118395 7.236675e-05 0.1268951 3.289398e-06 0.07642916 0.0001052607 0 0.000371702 0.0003420974 0.01049647 0.004407793 3.289398e-06 0.009575437 0.003151243 0.006378143 0.001522991 0.07545879 0.03770308 0.1049055 0.002582177 0.0001842063 0.002740068 0.02699938 4.934097e-05 2.631518e-05 0.01832524 0.0004111747 0.02170345 0.08507699 0.08433687 0.01364442 0.0007236675 0.0001414441 0.01921995 3.618338e-05 3.289398e-06 0.0007039312 0.0001184183 0 0 0 1.973639e-05 0 0 0 0.003319003 0 0.01555227 0 0 2.302579e-05 6.249856e-05 0.002315736 0.001677593 0 0 2.631518e-05 4.934097e-05 4.605157e-05 0.01198328 0.02157187 0.02212449 9.868194e-06 3.289398e-06 6.578796e-06 0.001990086 0 0 7.894555e-05 3.289398e-06 9.868194e-06 0.009348469 0.0002631518 1.315759e-05 0 0 0.0006907736 0
0.2180048 0 0.03139401 0.0004407793 0.0001480229 0.02400932 0.1551148 0.1692954 0.000355255 0.01733842 1.315759e-05 0.003562418 0.0001052607 0.0974221 0.0002467048 3.289398e-06 0.0529001 1.973639e-05 0.00027302 0.0005888022 0.01348653 2.631518e-05 0.05055476 0.003802544 0 0.001703908 0.0004802521 0.01713118 0.03486762 0.07556734 0 0.01875944 0.0004769627 0.01326285 3.289398e-06 0.005434085 0.0004210429 0.004897914 0.001526281 0.001118395 0.000388149 9.868194e-06 4.605157e-05 2.631518e-05 3.289398e-06 0.0001118395 3.289398e-06 0 3.289398e-06 0.0002499942 1.644699e-05 5.263037e-05 9.868194e-06 0 0 0 3.947278e-05 0 1.315759e-05 3.289398e-06 0 0 3.289398e-06 6.578796e-06 6.578796e-06 6.907736e-05 0.0005295931 0 9.868194e-06 2.631518e-05 0.0004802521 9.868194e-05 0.0001578911 0 0 3.289398e-06 2.631518e-05 0 0.0001513123 1.315759e-05 9.210314e-05 0 0 2.302579e-05 0 3.289398e-06
2.960458e-05 6.578796e-06 0.0001151289 0.003286109 0.02610466 0.03009799 0.005473558 0.001358521 0.001736802 0.02206528 0 0.04146944 0 0.0002467048 0.003174269 0 6.578796e-05 0 0 0.004460424 2.302579e-05 1.644699e-05 0.0001513123 0.001559175 9.868194e-06 1.973639e-05 2.960458e-05 0.003447289 0.0002697306 2.302579e-05 0 0.004841994 3.289398e-06 0.0001118395 1.644699e-05 8.881374e-05 9.868194e-06 0.0001480229 3.947278e-05 0.01276286 4.276217e-05 0 0 0 0 3.289398e-06 1.973639e-05 0 3.289398e-06 3.947278e-05 6.578796e-06 1.973639e-05 2.631518e-05 0 0 0 6.578796e-06 0 0 0 0 0 0 0 3.289398e-06 0 2.302579e-05 0 0 0 6.249856e-05 3.289398e-06 0 0 0 0 9.868194e-06 0 6.578796e-06 0 1.315759e-05 0 0 0 0 0
3.289398e-06 0.001647988 0.002756515 0 0 9.868194e-06 0.0002598624 2.631518e-05 0.002802567 0 2.302579e-05 0 0.000371702 3.289398e-06 0 0.01555556 0.001815748 3.289398e-05 0.0003519656 0 0.02583822 0.07304108 0.05738026 0.03072956 0.0001644699 0.002417707 0.1781834 0.01801274 9.868194e-06 4.276217e-05 2.302579e-05 0 3.289398e-06 0.00114471 7.894555e-05 0.04420622 0.02062453 0.006154464 0.007368251 7.894555e-05 6.578796e-06 6.578796e-05 0.0002039427 9.868194e-06 0.0005098567 0.003184137 0 0 0 0.0003157822 9.868194e-06 5.263037e-05 3.289398e-06 1.315759e-05 0 9.868194e-06 0 0 0.02812106 0.0001447335 3.289398e-06 3.618338e-05 0 0.002657834 0.01814761 0.03079534 0.005447243 2.302579e-05 0.0002861776 0.007480091 0.004299243 1.644699e-05 0.0005493295 0 0 3.289398e-06 3.947278e-05 0 0.001496676 0.001049318 0.0001611805 0.0001282865 0 3.289398e-06 0 6.578796e-06
0.01352929 0.008832033 0.09652409 0.0001052607 0.0002467048 0.01189446 0.03803202 0.06908065 0.0009045844 0.001055897 0.00246047 4.605157e-05 0.0003420974 0.0529001 6.578796e-05 0.001815748 0.008772824 0.003865043 0.02784804 2.302579e-05 0.04207469 0.001542728 0.02360801 0.007397856 0.0001776275 0.05209748 0.2781811 0.01817721 0.06275513 0.09069528 2.960458e-05 0.01341745 0.004167667 0.04723575 0.0001151289 0.04363715 0.06986023 0.06823527 0.02244027 0.0008091919 0.003190716 2.960458e-05 0.0002697306 2.302579e-05 0.007361673 0.02994339 0 0 0 0.0002236791 6.578796e-06 9.868194e-06 0 6.249856e-05 0 3.947278e-05 5.263037e-05 0 0.0003420974 0.004045959 8.223495e-05 0.000677616 0 9.868194e-05 0.0004835415 0.002223633 0.0004013065 2.960458e-05 0.01021358 0.02245672 0.0003486762 2.302579e-05 4.605157e-05 1.315759e-05 0 3.289398e-06 0.0004999885 3.289398e-06 0.0001085501 0.002055874 0.0001546017 2.302579e-05 0 3.289398e-06 3.289398e-06 0
9.868194e-06 0.0004966991 0.0004901203 0 0 3.289398e-06 8.881374e-05 1.315759e-05 4.276217e-05 1.315759e-05 0.0463213 3.289398e-06 0.01049647 1.973639e-05 0 3.289398e-05 0.003865043 0.008769535 0.02568691 0 3.618338e-05 8.223495e-05 6.578796e-05 8.552435e-05 0.0006545902 0.06218278 0.009756354 4.934097e-05 1.315759e-05 1.315759e-05 0.001542728 6.578796e-06 0 0.02507179 1.315759e-05 0.008052446 0.04434108 0.08909005 0.03453868 8.223495e-05 0.0002532836 0.0004539369 2.302579e-05 6.578796e-06 0.0003355186 0.0004934097 0 0 0 3.289398e-06 0 0 0 0.000305914 0 0.0008026131 6.578796e-06 0 9.868194e-06 0.0001447335 0.0004703839 0.0004703839 0 0 0 3.289398e-06 1.644699e-05 0.0009868194 0.004894624 0.004506475 0 0 0 0.0001217077 0 0 3.947278e-05 0 0 0.0005460401 2.960458e-05 0 0 0 6.578796e-06 0
4.934097e-05 0.005782762 0.006276171 6.578796e-06 0 0.0001217077 0.001223656 0.0005723552 0.0004703839 4.605157e-05 0.02360472 1.315759e-05 0.004407793 0.00027302 0 0.0003519656 0.02784804 0.02568691 0.02882499 0 0.0007762979 0.0009539254 0.001259839 0.001378258 0.001562464 0.1344739 0.08458358 0.0007697191 0.0007434039 0.0001874957 0.0005986704 0.0001282865 7.565615e-05 0.06679451 9.868194e-05 0.05776183 0.1394113 0.2067452 0.09587937 0.0006644584 0.0003355186 0.0001447335 9.868194e-05 3.618338e-05 0.005312378 0.005644607 0 0 0 0.0001611805 0 0 0 0.0002532836 0 0.0004045959 7.236675e-05 0 5.920916e-05 0.00180259 0.0003848596 0.00196706 0 2.631518e-05 2.960458e-05 0.0001118395 0.0001019713 0.0008815586 0.02955524 0.01415099 8.223495e-05 2.302579e-05 8.881374e-05 4.605157e-05 0 0 0.0005888022 3.289398e-06 1.644699e-05 0.0007006418 6.907736e-05 1.315759e-05 0 3.289398e-06 6.578796e-06 0
1.315759e-05 0 4.276217e-05 0.0480285 2.302579e-05 0.006591953 0.0004572263 0.000934189 0.01506544 0.07659692 6.578796e-06 0.07557392 3.289398e-06 0.0005888022 0.004460424 0 2.302579e-05 0 0 0.007447197 0 0 1.644699e-05 0.009266234 0 3.289398e-06 6.578796e-06 0.07111678 0.001703908 0 0 0.001009845 4.934097e-05 0.001190762 9.868194e-06 0.001121685 1.644699e-05 0.001986796 0.0001710487 0.008611644 0.0006348538 0 6.578796e-05 1.973639e-05 3.289398e-06 0 0.0006381432 0 0.000240126 0.001381547 0.0002105215 0.000950636 0.001141421 0 0.0001513123 0 0.0001085501 6.578796e-06 0 0 0 0 0.0001940745 0 0 3.289398e-06 0.001302602 0 0 1.644699e-05 0.003009799 0.0003157822 1.644699e-05 0 1.973639e-05 6.578796e-06 0.0001611805 0 8.552435e-05 0 0.0001644699 3.289398e-06 2.960458e-05 6.907736e-05 0 0
0.005401191 0.0001578911 0.03058811 6.578796e-06 5.591977e-05 0.002407839 0.02110807 0.01511807 0.004990017 0.0007730085 0.0001611805 3.289398e-06 0.009575437 0.01348653 2.302579e-05 0.02583822 0.04207469 3.618338e-05 0.0007762979 0 0.1393257 0.01476611 0.4067275 0.03275582 1.973639e-05 0.001243392 0.06035716 0.1292372 0.00683208 0.1493091 3.289398e-06 0.001440756 0.000371702 0.05115014 0.0005723552 0.2952268 0.05634739 0.1632298 0.09459651 0.0002072321 0.0007401145 0.000256573 0.001552596 3.618338e-05 7.565615e-05 0.00071051 0 0 0 0.0006151174 1.973639e-05 0.0003289398 2.960458e-05 0 0 0 5.263037e-05 0 0.008309019 5.263037e-05 6.578796e-06 2.302579e-05 0 0.004664366 0.006364985 0.003230189 0.01242077 0 4.934097e-05 0.001187473 0.009848457 0.0001184183 0.001950613 0 0 1.315759e-05 7.236675e-05 6.578796e-06 0.001440756 0.0005427507 0.0002664412 7.894555e-05 0 2.960458e-05 0 0
3.289398e-06 0.1031851 0.008608354 3.289398e-06 0 6.578796e-06 0.0007631403 6.578796e-06 0.02501916 9.868194e-06 0.0002499942 1.973639e-05 0.003151243 2.631518e-05 1.644699e-05 0.07304108 0.001542728 8.223495e-05 0.0009539254 0 0.01476611 0.01695685 0.04144312 0.1320858 0.03441697 0.008730062 0.1693744 0.0129997 1.973639e-05 0.002644676 0.0001578911 3.289398e-06 3.289398e-06 0.00071051 4.934097e-05 0.01050305 0.006526166 0.002944011 0.001796011 9.868194e-05 0 0.0009966876 4.605157e-05 9.868194e-06 0.0002006533 0.001628252 0 0 0 0.0001348653 3.289398e-06 1.315759e-05 6.578796e-06 9.868194e-06 0 3.618338e-05 6.578796e-06 0 0.009878062 7.236675e-05 1.644699e-05 2.960458e-05 0 0.001046029 0.001470361 0.007795873 0.00245718 4.605157e-05 0.0004506475 0.00393412 0.00174996 9.868194e-06 0.0002039427 3.289398e-06 0 3.289398e-06 1.315759e-05 3.289398e-06 0.0005855128 0.0003749914 6.249856e-05 6.578796e-05 0 0 0 3.289398e-06
0.01391415 0.0002236791 0.2121102 6.249856e-05 0.0002434154 0.01522991 0.1477861 0.07899818 0.001546017 0.004940676 0.0005855128 5.591977e-05 0.006378143 0.05055476 0.0001513123 0.05738026 0.02360801 6.578796e-05 0.001259839 1.644699e-05 0.4067275 0.04144312 0.1760288 0.02993023 2.631518e-05 0.005496584 0.1407336 0.1681113 0.02198634 0.09346495 9.868194e-06 0.00884848 0.0009078738 0.05165999 0.001059186 0.4186811 0.2133536 0.1724335 0.1628055 0.001450624 0.001575622 0.001302602 0.001940745 5.920916e-05 0.0003092034 0.01675619 3.289398e-06 0 1.315759e-05 0.002381524 1.973639e-05 8.223495e-05 6.578796e-06 0 0 0 8.552435e-05 0 0.05153171 0.0003684126 1.644699e-05 6.907736e-05 0 0.002503232 0.02311131 0.09792538 0.00508212 6.578796e-06 0.0002499942 0.02623295 0.0052433 0.0001447335 0.0005230143 0 3.289398e-06 1.315759e-05 8.223495e-05 3.618338e-05 0.003756492 0.005496584 0.0005559083 0.0006644584 3.289398e-06 5.920916e-05 3.289398e-06 3.289398e-05
0.0004736733 0.06345907 0.01859168 0.05292641 6.249856e-05 0.004763048 0.06113346 0.004276217 0.1815912 0.01689764 0.0001874957 0.01173986 0.001522991 0.003802544 0.001559175 0.03072956 0.007397856 8.552435e-05 0.001378258 0.009266234 0.03275582 0.1320858 0.02993023 0.08944202 0.01526939 0.02903881 0.2495206 0.1966895 0.008545856 0.008489936 0.0001677593 0.002101925 0.001378258 0.005802498 0.0001381547 0.06926814 0.01649962 0.01819366 0.01028595 0.004144641 0.002065742 0.0003486762 0.0003980172 0.002819014 0.000388149 0.002026269 0.0005986704 0 0.0005723552 0.02137122 0.001246682 0.01611476 0.001710487 1.315759e-05 0.0002105215 3.618338e-05 0.003039404 9.868194e-06 0.006496561 0.000289467 1.315759e-05 0.0001315759 0.0001842063 0.005305799 0.006361696 0.004430819 0.08885651 3.618338e-05 0.0007203781 0.00284204 0.0702122 0.007970211 0.01450624 3.289398e-06 0.0001085501 0.000371702 0.002792699 0.0001052607 0.01177604 0.001121685 0.007335357 0.0007401145 8.881374e-05 0.001921008 0 5.591977e-05
0 0.05808748 9.210314e-05 0 0 0 6.578796e-06 0 0.01519702 3.289398e-06 0.01293391 6.578796e-06 0.07545879 0 9.868194e-06 0.0001644699 0.0001776275 0.0006545902 0.001562464 0 1.973639e-05 0.03441697 2.631518e-05 0.01526939 0.002710464 0.0197331 0.07611338 0.0003420974 6.578796e-06 3.289398e-06 0.005828813 0 0 0.001769696 3.289398e-06 0.001838773 0.02241067 0.007897844 0.00218745 3.947278e-05 3.289398e-06 0.01673317 9.868194e-06 0 0.001378258 0.0001151289 0 0 0 1.973639e-05 0 0 0 0.0008124813 0 0.003598601 0 0 3.289398e-06 7.236675e-05 0.0004045959 0.0005131461 0 1.315759e-05 0 6.578796e-06 1.973639e-05 0.0025131 0.007828767 0.007269569 9.868194e-06 0 3.289398e-06 0.0005723552 0 0 5.591977e-05 0 3.289398e-06 0.001220367 9.210314e-05 0 0 0 8.881374e-05 0
0.0002960458 0.05473558 0.1212176 1.644699e-05 9.868194e-06 0.0006874842 0.007512985 0.002957169 0.00939781 0.0001973639 0.07948172 2.960458e-05 0.03770308 0.001703908 1.973639e-05 0.002417707 0.05209748 0.06218278 0.1344739 3.289398e-06 0.001243392 0.008730062 0.005496584 0.02903881 0.0197331 0.4972616 0.5763815 0.004710418 0.001506544 0.0004013065 0.008269546 0.0005690658 6.249856e-05 0.03208479 0.0001644699 0.07442921 0.2611058 0.180532 0.09241892 0.0008618223 0.0004276217 0.003424263 0.0001611805 0.0001151289 0.03620969 0.03227557 0 0 0 0.0004802521 1.973639e-05 6.578796e-06 0 0.003572286 0 0.01010503 0.0001907851 0 0.0002960458 0.01689764 0.004786074 0.009683988 0 0.0001085501 0.0001874957 0.0003815702 0.0006216962 0.0128122 0.1168065 0.08828744 0.0003157822 7.565615e-05 0.0001940745 0.001374968 0 0 0.003641364 0 6.578796e-05 0.01023003 0.0004605157 2.631518e-05 0 0 0.0002236791 0
8.223495e-05 0.136385 0.3449855 2.302579e-05 3.289398e-06 0.000240126 0.01071357 0.0008914268 0.05029161 0.0001085501 0.01898969 5.591977e-05 0.1049055 0.0004802521 2.960458e-05 0.1781834 0.2781811 0.009756354 0.08458358 6.578796e-06 0.06035716 0.1693744 0.1407336 0.2495206 0.07611338 0.5763815 0.6564454 0.1096948 0.0005065673 0.0005098567 0.01387139 0.0001644699 2.631518e-05 0.05614015 0.0009802406 0.2892203 0.3264727 0.2809771 0.1210696 0.003022957 0.0001546017 0.003256504 0.0009045844 0.0001546017 0.04932781 0.1561905 0 0 3.289398e-06 0.002542705 5.263037e-05 3.618338e-05 9.868194e-06 0.003292687 0 0.008315598 0.0002993352 0 0.02386787 0.006779449 0.003733467 0.00786824 0 0.00071051 0.02854211 0.06698201 0.002134819 0.01564767 0.09782669 0.17744 0.00278612 9.210314e-05 0.0003092034 0.001075633 0 3.289398e-06 0.002194028 1.315759e-05 0.002147977 0.0142102 0.001397994 0.0006216962 0 2.631518e-05 0.0001381547 1.973639e-05
0.009621489 0.001684172 0.0453608 0.08551448 0.0002993352 0.05176526 0.47242 0.01813774 0.1614568 0.1503781 0.0001381547 0.109958 0.002582177 0.01713118 0.003447289 0.01801274 0.01817721 4.934097e-05 0.0007697191 0.07111678 0.1292372 0.0129997 0.1681113 0.1966895 0.0003420974 0.004710418 0.1096948 0.2502146 0.0335716 0.1476874 3.289398e-06 0.007012996 0.007730085 0.03321634 0.0007565615 0.2896874 0.03734125 0.09715566 0.05667633 0.009591884 0.009743197 0.0002072321 0.002013112 0.003348607 0.0001578911 0.001897983 0.003884779 0 0.001980218 0.02958485 0.002447312 0.01580556 0.00770377 1.315759e-05 0.0009473466 0 0.004052538 4.605157e-05 0.006266303 0.0003289398 2.631518e-05 0.0001907851 0.001085501 0.005496584 0.004766338 0.00529922 0.09941547 6.578796e-06 0.0002335473 0.002749937 0.09082028 0.01112474 0.02010809 0 0.000256573 0.0004407793 0.003726888 0.0001184183 0.01413454 0.001101948 0.008684011 0.0009572148 0.0002006533 0.002299289 0 9.539254e-05
0.1475098 3.289398e-06 0.01339443 0.0015822 0.0002105215 0.01131224 0.07658705 0.01047673 0.0008322177 0.04192996 5.263037e-05 0.01084186 0.0001842063 0.03486762 0.0002697306 9.868194e-06 0.06275513 1.315759e-05 0.0007434039 0.001703908 0.00683208 1.973639e-05 0.02198634 0.008545856 6.578796e-06 0.001506544 0.0005065673 0.0335716 0.3069074 0.1661541 0 0.05182118 0.0370156 0.06510705 3.289398e-05 0.03234136 0.001259839 0.0281704 0.003618338 0.001243392 0.00475318 1.973639e-05 0.0004901203 5.591977e-05 3.289398e-06 8.881374e-05 6.578796e-06 0 0 0.0005888022 3.618338e-05 8.881374e-05 3.618338e-05 0 0 0 0.0001085501 0 2.960458e-05 3.289398e-06 0 0 0 6.578796e-06 9.868194e-06 6.578796e-05 0.0009144526 0 0 2.631518e-05 0.001009845 0.0002236791 0.0002072321 0 0 0 6.249856e-05 3.289398e-06 0.0002697306 6.578796e-06 0.0001973639 6.578796e-06 0 7.565615e-05 0 6.578796e-06
0.09051765 6.578796e-06 0.00945373 4.276217e-05 0.0001151289 0.006519587 0.09252419 0.04957123 0.003628206 0.000917742 5.591977e-05 6.578796e-06 0.002740068 0.07556734 2.302579e-05 4.276217e-05 0.09069528 1.315759e-05 0.0001874957 0 0.1493091 0.002644676 0.09346495 0.008489936 3.289398e-06 0.0004013065 0.0005098567 0.1476874 0.1661541 0.198604 0 0.01160829 0.03607812 0.1026621 0.000595381 0.2453463 0.02125938 0.1417566 0.06318933 0.0003453868 0.005805787 6.907736e-05 0.001111817 0.000884848 1.315759e-05 0.0001052607 3.289398e-06 0 3.618338e-05 0.006190647 0.0002861776 0.001457203 6.249856e-05 6.578796e-06 0 0 0.001046029 0 0.002322315 0.0001151289 0 5.263037e-05 0 0.001888114 0.001539438 0.0007499827 0.02283829 3.289398e-06 3.618338e-05 0.0003157822 0.02059821 0.002726911 0.005832103 0 2.631518e-05 0.0001513123 0.0009966876 5.591977e-05 0.004638051 0.0002664412 0.002815725 0.0003420974 3.947278e-05 0.0006184068 0 2.302579e-05
3.289398e-06 0.0004078853 3.947278e-05 0 0 0 3.289398e-06 0 9.539254e-05 3.289398e-06 0.02052584 0 0.02699938 0 0 2.302579e-05 2.960458e-05 0.001542728 0.0005986704 0 3.289398e-06 0.0001578911 9.868194e-06 0.0001677593 0.005828813 0.008269546 0.01387139 3.289398e-06 0 0 0.001513123 0 0 0.002963748 6.578796e-06 0.0005756446 0.0180259 0.01462795 0.003328871 3.289398e-06 1.973639e-05 0.001687461 3.289398e-06 0 0.0001151289 2.302579e-05 0 0 0 3.289398e-06 0 0 0 0.0008486647 0 0.003493341 0 0 0 9.868194e-06 0.0007269569 0.0005328825 0 0 3.289398e-06 3.289398e-06 9.868194e-06 0.00235192 0.004743312 0.005062383 0 0 0 0.0004638051 0 0 9.868194e-06 0 0 0.001628252 6.578796e-05 0 0 0 7.565615e-05 0
0.0210061 0 0.007404435 0.000595381 0.0004506475 0.03172295 0.02646321 0.01196025 0.0003585444 0.03404856 6.578796e-06 0.01196354 4.934097e-05 0.01875944 0.004841994 0 0.01341745 6.578796e-06 0.0001282865 0.001009845 0.001440756 3.289398e-06 0.00884848 0.002101925 0 0.0005690658 0.0001644699 0.007012996 0.05182118 0.01160829 0 0.0001184183 0.0003815702 0.0292888 6.578796e-06 0.007545879 0.0002631518 0.003776229 0.0004177535 0.0148911 0.001358521 1.315759e-05 0.0001019713 2.960458e-05 0 3.289398e-05 3.289398e-06 0 3.289398e-06 0.0003651232 1.973639e-05 2.960458e-05 3.289398e-06 0 0 0 3.947278e-05 0 0 0 0 0 3.289398e-06 0 6.578796e-06 1.315759e-05 0.0003157822 0 0 1.644699e-05 0.0003092034 7.565615e-05 5.263037e-05 0 3.289398e-06 0 1.644699e-05 0 5.263037e-05 3.289398e-06 3.618338e-05 0 0 3.618338e-05 0 0
0.008207048 0 0.0004177535 0.0001611805 3.289398e-06 0.0003519656 0.009032687 0.0004013065 8.552435e-05 0.001276286 3.289398e-06 5.920916e-05 2.631518e-05 0.0004769627 3.289398e-06 3.289398e-06 0.004167667 0 7.565615e-05 4.934097e-05 0.000371702 3.289398e-06 0.0009078738 0.001378258 0 6.249856e-05 2.631518e-05 0.007730085 0.0370156 0.03607812 0 0.0003815702 0.001838773 0.009808985 0 0.000644722 7.236675e-05 0.001516412 0.0002039427 3.289398e-05 0.0001677593 0 6.578796e-06 3.289398e-06 0 6.578796e-06 0 0 0 3.618338e-05 3.289398e-06 9.868194e-06 6.578796e-06 0 0 0 3.289398e-06 0 6.578796e-06 0 0 0 0 3.289398e-06 0 9.868194e-06 7.236675e-05 0 0 0 6.907736e-05 9.868194e-06 6.578796e-06 0 0 3.289398e-06 6.578796e-06 0 3.289398e-05 0 1.973639e-05 0 0 0 0 0
0.01114448 0.00136839 0.01785156 0.0008486647 0.0004572263 0.006312355 0.03348607 0.01058199 0.000628275 0.02478232 0.07102797 0.008134681 0.01832524 0.01326285 0.0001118395 0.00114471 0.04723575 0.02507179 0.06679451 0.001190762 0.05115014 0.00071051 0.05165999 0.005802498 0.001769696 0.03208479 0.05614015 0.03321634 0.06510705 0.1026621 0.002963748 0.0292888 0.009808985 0.05984731 6.578796e-05 0.01632199 0.00906887 0.144671 0.01536149 0.0003256504 0.00316769 0.002914407 0.0003124928 4.605157e-05 0.0007368251 0.003246636 9.868194e-06 0 0 0.0004506475 9.868194e-06 4.276217e-05 3.289398e-06 3.947278e-05 3.289398e-06 0.0001348653 8.223495e-05 0 0.0003980172 0.0002203897 2.302579e-05 7.894555e-05 0 2.302579e-05 0.000322361 0.001417731 0.0005164355 0.0001217077 0.00120063 0.002871644 0.0005690658 0.0001348653 0.0001480229 1.973639e-05 0 9.868194e-06 7.565615e-05 3.289398e-06 0.0001677593 0.0002795988 0.0001611805 2.302579e-05 0 3.618338e-05 3.289398e-06 3.289398e-06
1.973639e-05 9.868194e-06 0.0003026246 1.973639e-05 0 2.302579e-05 0.0002203897 6.578796e-06 6.578796e-06 3.947278e-05 2.960458e-05 0.0001414441 0.0004111747 3.289398e-06 1.644699e-05 7.894555e-05 0.0001151289 1.315759e-05 9.868194e-05 9.868194e-06 0.0005723552 4.934097e-05 0.001059186 0.0001381547 3.289398e-06 0.0001644699 0.0009802406 0.0007565615 3.289398e-05 0.000595381 6.578796e-06 6.578796e-06 0 6.578796e-05 0.2593592 0.06919578 0.003631495 0.002440733 0.006384721 2.631518e-05 8.552435e-05 0.0003651232 0.0005986704 1.315759e-05 3.289398e-06 4.276217e-05 0 0 0 0.0001414441 6.578796e-06 0 0 6.578796e-06 0 2.302579e-05 4.934097e-05 0 0.0002697306 6.578796e-06 0 6.578796e-06 0 0.0003618338 9.868194e-06 0.00174667 6.249856e-05 0 1.644699e-05 0.0002960458 0.0002072321 6.578796e-06 0.0001118395 0 0 0 1.973639e-05 0.1360232 0.0111379 0.0007170888 0.0004144641 0.004947255 3.289398e-06 0.0006545902 2.631518e-05 0.0001019713
0.002203897 0.005861707 0.06912012 0.002651255 0.00027302 0.004522922 0.1245498 0.003526235 0.00360518 0.02001928 0.007062337 0.002911117 0.02170345 0.005434085 8.881374e-05 0.04420622 0.04363715 0.008052446 0.05776183 0.001121685 0.2952268 0.01050305 0.4186811 0.06926814 0.001838773 0.07442921 0.2892203 0.2896874 0.03234136 0.2453463 0.0005756446 0.007545879 0.000644722 0.01632199 0.06919578 0.0692188 0.5499413 0.0579263 0.02661781 0.03026904 0.02071005 0.01548649 0.01124974 0.0002499942 0.003611759 0.01409178 1.315759e-05 0 1.644699e-05 0.001871667 8.881374e-05 0.0001874957 5.920916e-05 4.934097e-05 0 2.960458e-05 0.0002598624 0 0.007279438 0.001647988 3.618338e-05 0.0002960458 3.289398e-06 0.0002072321 0.004779495 0.0191443 0.002782831 7.894555e-05 0.004233455 0.01419704 0.003092034 0.0005230143 0.000644722 1.644699e-05 3.289398e-06 1.644699e-05 0.0003486762 0.0001513123 0.001249971 0.002069031 0.0006052492 0.0001940745 0 0.0001315759 0 3.289398e-05
0.0001249971 0.008368228 0.06464325 3.618338e-05 3.289398e-06 0.0001282865 0.004786074 0.0003420974 0.001240103 0.0002861776 0.0633242 4.605157e-05 0.08507699 0.0004210429 9.868194e-06 0.02062453 0.06986023 0.04434108 0.1394113 1.644699e-05 0.05634739 0.006526166 0.2133536 0.01649962 0.02241067 0.2611058 0.3264727 0.03734125 0.001259839 0.02125938 0.0180259 0.0002631518 7.236675e-05 0.00906887 0.003631495 0.5499413 0.08310993 0.06358406 0.05340338 0.01547662 0.0005690658 0.01131553 0.002799278 1.315759e-05 0.001618384 0.006368274 0 0 0 0.0003519656 3.289398e-06 9.868194e-06 0 0.001118395 0 0.004318979 2.631518e-05 0 0.003812412 0.0004670945 0.0002927564 0.0004934097 0 6.907736e-05 0.002371656 0.01140105 0.000355255 0.002121662 0.005598555 0.008874796 0.0004999885 3.289398e-05 6.249856e-05 0.000611828 0 0 0.0001249971 1.973639e-05 0.0004605157 0.005121593 0.0001973639 7.236675e-05 0 3.289398e-06 0.0008091919 0
0.005522899 0.007700481 0.06778133 0.002249948 0.0003684126 0.007381409 0.08973478 0.005368297 0.001996665 0.04121287 0.2141826 0.007657718 0.08433687 0.004897914 0.0001480229 0.006154464 0.06823527 0.08909005 0.2067452 0.001986796 0.1632298 0.002944011 0.1724335 0.01819366 0.007897844 0.180532 0.2809771 0.09715566 0.0281704 0.1417566 0.01462795 0.003776229 0.001516412 0.144671 0.002440733 0.0579263 0.06358406 0.06043611 0.01426612 0.0008782693 0.005460401 0.01092409 0.0007236675 0.0001184183 0.004246613 0.01515755 9.868194e-06 0 9.868194e-06 0.001121685 4.276217e-05 9.539254e-05 2.960458e-05 0.0001776275 0 0.0004506475 0.0001677593 0 0.001417731 0.001710487 0.0002072321 0.0006184068 0 8.223495e-05 0.001361811 0.005230143 0.001276286 0.0005822234 0.007443908 0.01326943 0.001289444 0.0002763094 0.0003157822 5.920916e-05 6.578796e-06 1.644699e-05 0.0003749914 6.249856e-05 0.0004934097 0.001562464 0.0003420974 7.565615e-05 3.289398e-06 9.539254e-05 1.973639e-05 0
0.0008684011 0.003486762 0.02219357 0.0004276217 4.276217e-05 0.001230235 0.03630837 0.001999954 0.001006556 0.00344071 0.04362071 0.0003190716 0.01364442 0.001526281 3.947278e-05 0.007368251 0.02244027 0.03453868 0.09587937 0.0001710487 0.09459651 0.001796011 0.1628055 0.01028595 0.00218745 0.09241892 0.1210696 0.05667633 0.003618338 0.06318933 0.003328871 0.0004177535 0.0002039427 0.01536149 0.006384721 0.02661781 0.05340338 0.01426612 0.0007960343 0.000322361 0.000305914 0.002345341 0.0005263037 4.276217e-05 0.001697329 0.004963701 3.289398e-06 0 3.289398e-06 0.0003026246 1.315759e-05 3.289398e-05 1.315759e-05 5.591977e-05 0 0.0001315759 4.605157e-05 0 0.001052607 0.0007203781 4.934097e-05 0.0002434154 0 2.960458e-05 0.000644722 0.002848619 0.0004670945 0.0001611805 0.003032825 0.004976859 0.0003980172 6.249856e-05 7.565615e-05 1.973639e-05 0 0 0.0001381547 0.0001217077 0.0002236791 0.000595381 8.223495e-05 3.618338e-05 0 3.289398e-05 0 0
0.0001776275 9.210314e-05 0.001565753 0.007095231 0.01108198 0.04856138 0.01128263 0.003220321 0.002917696 0.03219992 7.565615e-05 0.03624588 0.0007236675 0.001118395 0.01276286 7.894555e-05 0.0008091919 8.223495e-05 0.0006644584 0.008611644 0.0002072321 9.868194e-05 0.001450624 0.004144641 3.947278e-05 0.0008618223 0.003022957 0.009591884 0.001243392 0.0003453868 3.289398e-06 0.0148911 3.289398e-05 0.0003256504 2.631518e-05 0.03026904 0.01547662 0.0008782693 0.000322361 0.002371656 0.0004473581 0.0004144641 0.0003355186 1.315759e-05 7.565615e-05 0.0001184183 0.0005756446 0 0.0001282865 0.0005328825 5.591977e-05 0.001042739 0.0007499827 0 0.0001907851 3.289398e-06 5.263037e-05 1.644699e-05 2.960458e-05 1.644699e-05 0 3.289398e-06 0.0001644699 3.289398e-06 3.618338e-05 0.0001414441 0.0007664297 0 2.960458e-05 0.0001249971 0.001684172 0.0001217077 1.644699e-05 0 9.868194e-06 3.289398e-06 9.210314e-05 0 6.249856e-05 3.289398e-06 8.552435e-05 3.289398e-06 2.960458e-05 2.960458e-05 0 0
0.0009078738 3.289398e-06 0.001490097 0.000694063 1.973639e-05 0.002740068 0.01571345 0.0002467048 0.0002269685 0.01719697 0.001236814 0.00349663 0.0001414441 0.000388149 4.276217e-05 6.578796e-06 0.003190716 0.0002532836 0.0003355186 0.0006348538 0.0007401145 0 0.001575622 0.002065742 3.289398e-06 0.0004276217 0.0001546017 0.009743197 0.00475318 0.005805787 1.973639e-05 0.001358521 0.0001677593 0.00316769 8.552435e-05 0.02071005 0.0005690658 0.005460401 0.000305914 0.0004473581 5.263037e-05 9.210314e-05 0.0004276217 4.276217e-05 0 1.315759e-05 3.289398e-06 0 0 0.0003585444 1.315759e-05 2.302579e-05 1.315759e-05 0 0 0 4.605157e-05 0 3.289398e-06 0 0 3.289398e-06 3.289398e-06 0 0 6.578796e-06 0.0003980172 0 0 6.578796e-06 0.0003453868 8.881374e-05 7.236675e-05 0 3.289398e-06 3.289398e-06 4.605157e-05 0 0.0001184183 0 6.249856e-05 1.315759e-05 0 1.644699e-05 0 0
6.578796e-06 0.003532813 0.0004144641 3.289398e-06 0 6.578796e-06 0.0001447335 1.973639e-05 0.0002927564 1.315759e-05 0.007085363 3.289398e-06 0.01921995 9.868194e-06 0 6.578796e-05 2.960458e-05 0.0004539369 0.0001447335 0 0.000256573 0.0009966876 0.001302602 0.0003486762 0.01673317 0.003424263 0.003256504 0.0002072321 1.973639e-05 6.907736e-05 0.001687461 1.315759e-05 0 0.002914407 0.0003651232 0.01548649 0.01131553 0.01092409 0.002345341 0.0004144641 9.210314e-05 8.552435e-05 4.605157e-05 0 5.591977e-05 4.605157e-05 0 0 0 3.289398e-06 0 0 0 4.934097e-05 0 0.0003124928 0 0 1.973639e-05 0 2.302579e-05 3.289398e-05 0 0 2.960458e-05 7.236675e-05 6.578796e-06 0.000240126 0.0005032779 0.0005328825 0 0 0 1.973639e-05 0 0 0 3.289398e-06 0 0.0001578911 6.578796e-06 0 0 0 2.631518e-05 0
5.920916e-05 1.315759e-05 0.0002335473 6.578796e-05 9.868194e-06 0.0001447335 0.001483518 3.289398e-05 2.631518e-05 0.001121685 2.960458e-05 0.0001480229 3.618338e-05 4.605157e-05 0 0.0002039427 0.0002697306 2.302579e-05 9.868194e-05 6.578796e-05 0.001552596 4.605157e-05 0.001940745 0.0003980172 9.868194e-06 0.0001611805 0.0009045844 0.002013112 0.0004901203 0.001111817 3.289398e-06 0.0001019713 6.578796e-06 0.0003124928 0.0005986704 0.01124974 0.002799278 0.0007236675 0.0005263037 0.0003355186 0.0004276217 4.605157e-05 4.605157e-05 9.868194e-06 9.868194e-06 4.276217e-05 0 0 0 3.618338e-05 0 3.289398e-06 0 0 0 0 0 0 2.960458e-05 0 0 0 0 0 1.315759e-05 8.223495e-05 4.276217e-05 0 6.578796e-06 7.565615e-05 3.947278e-05 3.289398e-06 9.868194e-06 0 0 0 3.289398e-06 6.578796e-06 0.0002861776 1.973639e-05 1.315759e-05 6.249856e-05 0 7.565615e-05 0 1.315759e-05
0 0 7.894555e-05 3.289398e-05 3.289398e-06 4.276217e-05 0.002009822 6.249856e-05 0.0004934097 0.0002598624 9.868194e-06 1.315759e-05 3.289398e-06 2.631518e-05 0 9.868194e-06 2.302579e-05 6.578796e-06 3.618338e-05 1.973639e-05 3.618338e-05 9.868194e-06 5.920916e-05 0.002819014 0 0.0001151289 0.0001546017 0.003348607 5.591977e-05 0.000884848 0 2.960458e-05 3.289398e-06 4.605157e-05 1.315759e-05 0.0002499942 1.315759e-05 0.0001184183 4.276217e-05 1.315759e-05 4.276217e-05 0 9.868194e-06 0.01169052 9.210314e-05 0.001884825 7.236675e-05 3.289398e-06 0.0007697191 0.05529478 0.02234159 0.00174996 0.001756539 0.001782854 3.289398e-05 0.00027302 0.07864293 3.289398e-06 0.0001249971 0.00442424 0.001707198 0.008957031 2.631518e-05 0.004818968 0.0001348653 0.006184068 0.008930715 1.644699e-05 0.008930715 0.00213153 0.01620357 0.05999204 0.01989757 6.907736e-05 0.000999977 0.000901295 0.01656212 4.934097e-05 0.005588687 0.002920985 0.03049601 0.002684149 3.947278e-05 0.0003519656 6.578796e-06 4.276217e-05
0 0.0002203897 0.01593713 0 0 0 5.263037e-05 9.868194e-06 7.565615e-05 0 0.0003585444 0 0.0007039312 3.289398e-06 0 0.0005098567 0.007361673 0.0003355186 0.005312378 3.289398e-06 7.565615e-05 0.0002006533 0.0003092034 0.000388149 0.001378258 0.03620969 0.04932781 0.0001578911 3.289398e-06 1.315759e-05 0.0001151289 0 0 0.0007368251 3.289398e-06 0.003611759 0.001618384 0.004246613 0.001697329 7.565615e-05 0 5.591977e-05 9.868194e-06 9.210314e-05 0.009489913 0.04414043 3.289398e-06 6.578796e-06 2.302579e-05 0.0008026131 3.947278e-05 0.008207048 1.973639e-05 0.001088791 0 0.002236791 0.0002236791 2.960458e-05 0.001631541 0.008864927 0.0005493295 0.005029489 0 8.552435e-05 0.06863987 0.000256573 0.08903084 0.009647804 0.08525791 0.0761364 0.002302579 0.0002631518 0.0002335473 0.0001085501 1.644699e-05 9.868194e-06 0.002782831 0 0.000256573 0.00163812 0.0008815586 3.618338e-05 0.0006874842 2.631518e-05 0.0002335473 9.868194e-06
