0.006209545 3.558478e-06 0.01163267 7.828652e-05 0 0.0004554852 0.04718186 0.006963942 0.0006334091 0.0009679061 0.0001494561 7.116957e-05 7.116957e-06 0.07772072 0 0.000252652 0.02972041 0.0001103128 0.002633274 0.0001209883 0.001985631 3.558478e-06 0.009906803 0.007650728 0 0.001732979 0.0006583185 0.01118786 0.06041229 0.0167035 0 3.914326e-05 0.001320195 0.03501543 1.423391e-05 0.003978379 2.490935e-05 0.004832413 0.0002811198 3.20263e-05 0.0001992748 0 0.0001281052 2.846783e-05 0 0 1.067543e-05 0 3.558478e-06 0.000170807 0 0.0001138713 1.067543e-05 0 7.116957e-06 0 3.914326e-05 0 4.626022e-05 3.558478e-06 0 0 0 7.116957e-06 1.067543e-05 1.067543e-05 0.0006903448 0 1.067543e-05 1.423391e-05 0.0009999324 0.0001316637 3.558478e-06 0 0 2.846783e-05 2.846783e-05 0 9.963739e-05 0 7.472804e-05 1.423391e-05 7.116957e-06 1.779239e-05 0 0
3.558478e-06 0.002369947 0.002323686 0 0 7.116957e-06 0.0001031959 1.779239e-05 0.02757465 7.116957e-06 0.0001992748 3.558478e-06 0.01279985 1.779239e-05 3.558478e-06 0.0008789441 0.003355645 9.963739e-05 0.002405531 3.558478e-06 4.270174e-05 0.086713 0.0006120583 0.06215238 0.02494137 0.006084998 0.01475345 0.0008469178 1.423391e-05 1.779239e-05 0.0002633274 0 0 0.0004341343 7.116957e-06 0.001832616 0.0008540348 0.003234657 0.000238418 9.252043e-05 0 0.003957028 0 0 3.558478e-05 0.0003558478 0 0 0 7.116957e-06 0 0 0 1.779239e-05 0 0.0001494561 0 0 1.067543e-05 0.0001209883 3.558478e-06 2.135087e-05 0 7.116957e-06 7.116957e-06 8.540348e-05 2.135087e-05 3.558478e-05 0.0008789441 0.001523029 3.20263e-05 0 3.558478e-06 2.490935e-05 0 0 3.558478e-06 1.067543e-05 0.0001281052 4.270174e-05 5.693565e-05 1.779239e-05 0 0 3.914326e-05 0
0.01163267 0.002323686 0.0159918 1.423391e-05 0 0.000661877 0.115889 0.04052751 0.0001921578 0.00168316 0.0005515641 8.1845e-05 2.490935e-05 0.07149339 1.067543e-05 0.0009465552 0.02459264 0.001113804 0.001775681 4.98187e-05 0.01354001 0.0004270174 0.06410243 0.004985428 0 0.0385312 0.4144631 0.01608076 0.008180942 0.04341699 1.779239e-05 0.00016369 0.0002989122 0.003159929 1.067543e-05 0.003053174 0.01056156 0.007152541 0.0004234589 0.0001494561 0.0003558478 1.779239e-05 1.779239e-05 1.067543e-05 0.002181347 0.006896331 0 0 0 0.0002313011 3.558478e-06 5.693565e-05 0 7.116957e-06 0 7.116957e-06 4.626022e-05 0 0.0003167046 0.004814621 4.98187e-05 0.000498187 3.558478e-06 7.116957e-05 7.116957e-05 0.0009643476 0.0007152541 3.558478e-06 0.02162843 0.01387095 0.000900295 9.963739e-05 4.270174e-05 3.558478e-06 0 1.779239e-05 0.0005835904 2.490935e-05 0.002103061 0.0001067543 0.001690277 0.0005195378 7.116957e-06 0 0 3.558478e-06
7.828652e-05 0 1.423391e-05 0.01248314 0.0003131461 0.007188126 0.003195513 0.002967771 0.01831549 0.05839463 0.0003629648 0.05073678 3.20263e-05 0.002494493 0.001718745 3.558478e-06 2.490935e-05 7.116957e-05 8.1845e-05 0.03642814 1.423391e-05 1.423391e-05 3.558478e-06 0.02036873 0 0.0001352222 0.0001067543 0.04537771 0.00376487 7.116957e-06 1.067543e-05 9.252043e-05 1.779239e-05 0.002120853 1.067543e-05 0.001017725 1.423391e-05 0.006451521 0.0002562104 0.002715119 0.0009145289 3.558478e-06 2.846783e-05 1.423391e-05 0 0 5.693565e-05 0 0 0.000580032 6.405261e-05 0.0001530146 9.607891e-05 7.116957e-06 9.607891e-05 0 8.896196e-05 0 1.779239e-05 0 0 0 2.135087e-05 3.558478e-06 3.558478e-06 0 0.0006405261 0 0 3.558478e-06 0.001291728 7.472804e-05 3.558478e-06 0 0 3.558478e-06 3.558478e-05 0 3.558478e-05 0 5.337717e-05 7.116957e-06 4.626022e-05 1.423391e-05 0 7.116957e-06
0 0 0 0.0003131461 1.779239e-05 0.001658251 0.0002170672 0.0001921578 0.007700547 0.0001138713 0 0.008376658 0 3.558478e-05 0.01346172 0 0 0 3.558478e-06 0.0006939033 0 7.116957e-06 0 0.004248823 3.558478e-06 0 1.423391e-05 0.0007330465 0.0001850409 0 0 0.002587014 0 1.067543e-05 0 0 0 2.490935e-05 0 0.03083777 7.116957e-06 0 0 0 0 0 0 0 0 3.558478e-06 0 0 0 0 0 0 0 0 3.558478e-06 0 0 0 0 0 0 0 3.558478e-06 0 0 0 3.558478e-06 0 0 0 0 0 0 0 0 0 0 0 0 0 0 0
0.0004554852 7.116957e-06 0.000661877 0.007188126 0.001658251 0.1097292 0.05898889 0.0485839 0.009362356 0.1789523 0.003818247 0.09131767 0.0003594063 0.02247179 0.01559325 8.540348e-05 0.0001352222 0.0006440846 0.0004376928 0.02464246 0.0006654354 1.423391e-05 0.0001494561 0.007547532 0 0.001202766 0.0008647102 0.05528808 0.01610211 0.0004946285 3.558478e-05 0.00626648 0.0002063917 0.006860746 9.963739e-05 0.002309452 0.0001850409 0.0125899 0.000483953 0.01523029 0.009725321 6.405261e-05 0.0001067543 5.337717e-05 3.558478e-06 0 0.0001387807 0 3.558478e-06 0.00107466 0.0001067543 0.0005551226 0.0001103128 1.423391e-05 0.0006334091 0 0.0002028333 3.558478e-06 6.405261e-05 0 0 0 1.423391e-05 2.846783e-05 7.116957e-06 0 0.002206257 0 7.116957e-06 1.067543e-05 0.003896534 0.0003131461 7.116957e-06 0 3.558478e-06 2.490935e-05 6.049413e-05 0 0.0001601315 0 0.0002953537 3.914326e-05 7.116957e-05 5.337717e-05 0 1.067543e-05
0.04718186 0.0001031959 0.115889 0.003195513 0.0002170672 0.05898889 0.1379551 0.2197147 0.03809707 0.1007049 0.003654557 0.0009145289 0.0002348596 0.2739494 0.001224117 0.002544312 0.02544668 0.0008647102 0.002786288 0.001305962 0.07451098 0.0002135087 0.03778036 0.07000594 3.558478e-06 0.03084845 0.03633206 0.3945534 0.1312438 0.07261075 6.049413e-05 0.0008469178 0.009316096 0.04857323 0.0001921578 0.02860661 0.0007686313 0.09094047 0.009885453 0.001757888 0.007301997 3.914326e-05 0.000743722 0.0007188126 4.626022e-05 2.846783e-05 0.0005124209 0 6.761109e-05 0.008849935 0.001096011 0.006981734 0.000647643 3.558478e-05 5.337717e-05 1.067543e-05 0.002772055 5.337717e-05 0.001562172 7.828652e-05 1.423391e-05 3.20263e-05 0.0002170672 0.0003665233 0.0004270174 9.607891e-05 0.02816536 7.116957e-06 0.0003736402 0.0003167046 0.04408955 0.003864507 9.607891e-05 3.558478e-06 3.558478e-05 0.0003878741 0.001131596 0 0.003234657 4.98187e-05 0.003650999 0.0004803946 0.0006120583 0.0005551226 1.067543e-05 6.049413e-05
0.006963942 1.779239e-05 0.04052751 0.002967771 0.0001921578 0.0485839 0.2197147 0.2117295 0.005174027 0.08620769 0.006359001 0.03632139 0.0003380554 0.1188069 0.007177451 0.0009216459 0.03028977 0.001259701 0.005031688 0.01490291 0.004576203 1.423391e-05 0.008415801 0.01033382 2.135087e-05 0.01219846 0.003003356 0.030578 0.03220779 0.00834819 7.472804e-05 0.008906871 0.000729488 0.02590216 4.626022e-05 0.004359136 0.0002704443 0.01820162 0.0007899822 0.02012675 0.01191379 9.252043e-05 0.0001423391 0.0001316637 7.116957e-06 7.116957e-06 9.607891e-05 0 2.135087e-05 0.001583523 0.0001850409 0.000893178 0.0001031959 1.423391e-05 0.0002953537 0 0.0005053039 0 0.0001174298 7.116957e-06 0 1.423391e-05 3.914326e-05 2.490935e-05 1.423391e-05 7.116957e-06 0.00441963 0 8.1845e-05 7.472804e-05 0.007081372 0.0006191752 1.067543e-05 0 3.558478e-06 6.405261e-05 0.0002135087 0 0.0004875115 0 0.0005373302 0.0001174298 0.0001174298 0.0001174298 0 7.116957e-06
0.0006334091 0.02757465 0.0001921578 0.01831549 0.007700547 0.009362356 0.03809707 0.005174027 0.004462332 0.01588861 0.0005408887 0.0005871489 0.004964077 0.00392856 0.013661 7.828652e-05 0.0001494561 0.0003167046 0.0001245467 0.01749348 0.0002099502 0.06088912 7.116957e-05 0.2120711 0.01130884 0.00257278 0.02244332 0.08959181 0.007056462 0.001181415 0.0002135087 0.0002490935 0.0003309385 0.002352154 2.135087e-05 0.002658183 0.0002597689 0.006576068 0.0007401635 0.004070899 0.0006369676 0.001010608 9.963739e-05 0.0002419765 6.761109e-05 7.116957e-06 0.0007543974 0 0.0001031959 0.007060021 0.000661877 0.001960722 0.0007543974 4.270174e-05 1.779239e-05 5.337717e-05 0.00114583 5.337717e-05 0.001177856 7.116957e-06 2.490935e-05 1.423391e-05 0.0003843157 0.0001352222 0.0006369676 4.626022e-05 0.0245108 3.20263e-05 4.98187e-05 0.0001423391 0.02857102 0.001555055 4.626022e-05 3.558478e-06 1.067543e-05 0.0001281052 0.000416342 3.558478e-06 0.0009252043 4.98187e-05 0.001227675 0.0001458976 0.0009323213 0.0001672485 1.067543e-05 1.423391e-05
0.0009679061 7.116957e-06 0.00168316 0.05839463 0.0001138713 0.1789523 0.1007049 0.08620769 0.01588861 0.5422374 0.004942726 0.1006622 0.0002704443 0.03618261 0.0006867863 0.0001423391 0.000252652 0.0008326839 0.0006689939 0.08904024 0.001398482 4.270174e-05 0.0003131461 0.01385316 0 0.0022454 0.001811265 0.2432006 0.03534281 0.0008718272 6.405261e-05 0.0007721898 0.0003522893 0.0191197 0.0001174298 0.005277223 0.0002028333 0.05058733 0.001110245 0.002729353 0.005601045 6.049413e-05 0.0002063917 8.896196e-05 0 3.558478e-06 0.0009501137 0 1.423391e-05 0.001633342 0.0001387807 0.0007223711 0.0001352222 7.116957e-06 0.0004519267 0 0.0003095876 7.116957e-06 0.0001423391 3.558478e-06 0 0 4.626022e-05 6.761109e-05 4.626022e-05 7.116957e-06 0.003362762 7.116957e-06 1.067543e-05 1.779239e-05 0.005771852 0.0004199004 7.116957e-06 0 3.558478e-06 2.135087e-05 0.0001387807 0 0.0002063917 3.558478e-06 0.0004519267 6.405261e-05 0.0001530146 5.337717e-05 0 3.558478e-06
0.0001494561 0.0001992748 0.0005515641 0.0003629648 0 0.003818247 0.003654557 0.006359001 0.0005408887 0.004942726 0.06775343 0.009718204 0.04902515 0.007721898 1.779239e-05 9.252043e-05 0.0007721898 0.01486376 0.002216932 0.004611788 0.0003771987 0.000252652 0.0006867863 0.0009999324 0.002718677 0.0327807 0.004718542 0.002060359 0.002647508 0.0001672485 0.01110601 0.0003522893 1.779239e-05 0.05402126 4.626022e-05 0.01255075 0.08583405 0.1552173 0.04018234 0.005786086 0.02082066 0.002562104 0.0001387807 7.116957e-06 6.761109e-05 1.779239e-05 3.558478e-06 0 0 8.540348e-05 3.558478e-06 4.626022e-05 0 0.0005373302 8.896196e-05 0.004928492 2.490935e-05 0 3.558478e-06 7.116957e-06 0.0002597689 0.0001209883 0 0 2.846783e-05 3.558478e-06 0.0002135087 0.0004234589 0.001658251 0.002732911 0.0003487309 5.337717e-05 0 0.001547938 0 7.116957e-06 2.135087e-05 0 0.001775681 0.0007152541 7.828652e-05 1.423391e-05 7.116957e-06 1.067543e-05 0.0006262922 0
7.116957e-05 3.558478e-06 8.1845e-05 0.05073678 0.008376658 0.09131767 0.0009145289 0.03632139 0.0005871489 0.1006622 0.009718204 0.1177963 0.000565798 0.02393788 0.02292728 3.558478e-06 7.828652e-05 0.001658251 0.001124479 0.1044947 1.423391e-05 7.116957e-06 2.846783e-05 0.004166978 0 0.002515844 0.0003024707 0.04401838 0.02233657 1.067543e-05 0.0001423391 0.002611923 0 0.01646508 0.0001494561 0.001807707 0.0002562104 0.0412392 5.337717e-05 0.02115871 0.01500966 0.0001387807 6.049413e-05 0 0 0 0.000156573 0 2.135087e-05 2.490935e-05 3.558478e-05 1.067543e-05 5.337717e-05 1.423391e-05 0.001252584 0 2.490935e-05 0 3.558478e-06 0 0 3.558478e-06 9.963739e-05 3.558478e-06 0 0 6.049413e-05 0 7.116957e-06 1.423391e-05 0.0001779239 3.558478e-05 0 0 0 0 3.558478e-05 0 3.558478e-06 0 5.693565e-05 0 1.067543e-05 3.558478e-06 0 3.558478e-06
7.116957e-06 0.01279985 2.490935e-05 3.20263e-05 0 0.0003594063 0.0002348596 0.0003380554 0.004964077 0.0002704443 0.04902515 0.000565798 0.02183482 0.0002989122 0 6.761109e-05 0.0003167046 0.001551497 0.0001779239 0.000156573 0.0001316637 0.01138713 0.0001245467 0.006995968 0.0295496 0.005725592 0.02140781 0.0002633274 0.0001494561 2.846783e-05 0.005184703 3.558478e-06 0 0.005882165 0.000498187 0.02332938 0.132959 0.03496205 0.005693565 0.001106687 0.002213373 0.01479259 0.0003095876 0 0.0002917952 0 0 0 0 1.423391e-05 0 2.135087e-05 7.116957e-06 0.003668791 7.116957e-06 0.03947064 3.558478e-06 3.558478e-06 3.558478e-06 4.270174e-05 0.001779239 0.0006049413 3.558478e-06 0 0.0001885993 3.558478e-06 0.0001316637 0.004216797 0.01226963 0.01520538 3.558478e-05 0 0 0.01239418 0 0 2.846783e-05 3.558478e-06 0.002216932 0.006704173 0.0003558478 6.405261e-05 7.116957e-06 7.116957e-06 0.003864507 0
0.07772072 1.779239e-05 0.07149339 0.002494493 3.558478e-05 0.02247179 0.2739494 0.1188069 0.00392856 0.03618261 0.007721898 0.02393788 0.0002989122 0.09810369 0.0001316637 0.0008362424 0.08974482 0.0016369 0.01133375 0.01304182 0.003608297 1.779239e-05 0.02299489 0.01734758 1.067543e-05 0.01457909 0.003594063 0.04015743 0.06209545 0.0198741 7.472804e-05 0.002483818 0.000409225 0.0695896 4.270174e-05 0.007846445 0.000402108 0.02405175 0.0006156167 0.01698462 0.007746807 4.626022e-05 0.0002490935 0.0001174298 7.116957e-06 2.846783e-05 4.270174e-05 0 3.558478e-06 0.0008398009 7.828652e-05 0.0005515641 3.914326e-05 3.558478e-06 0.0002099502 0 0.0002811198 7.116957e-06 0.0001174298 2.135087e-05 0 3.558478e-06 2.490935e-05 3.914326e-05 3.914326e-05 3.558478e-06 0.002907277 0 7.116957e-05 6.049413e-05 0.004900025 0.0004803946 1.423391e-05 0 7.116957e-06 4.270174e-05 0.0001316637 0 0.0004768361 3.558478e-06 0.0004199004 7.116957e-05 4.626022e-05 6.761109e-05 0 7.116957e-06
0 3.558478e-06 1.067543e-05 0.001718745 0.01346172 0.01559325 0.001224117 0.007177451 0.013661 0.0006867863 1.779239e-05 0.02292728 0 0.0001316637 0.002608365 0 0 3.558478e-06 0 0.003839598 0 2.135087e-05 0 0.02166046 0 7.116957e-06 3.20263e-05 0.005031688 9.607891e-05 7.116957e-06 0 0.007850003 0 4.270174e-05 0 2.490935e-05 3.558478e-06 0.0001031959 7.116957e-06 0.01655048 0.0003451724 0 0 0 0 0 0 0 0 0 0 7.116957e-06 3.558478e-06 0 0 0 3.558478e-06 0 1.779239e-05 0 0 0 0 3.558478e-06 0 0 1.423391e-05 0 0 0 2.846783e-05 0 0 0 0 3.558478e-06 0 0 0 0 0 0 0 0 0 0
0.000252652 0.0008789441 0.0009465552 3.558478e-06 0 8.540348e-05 0.002544312 0.0009216459 7.828652e-05 0.0001423391 9.252043e-05 3.558478e-06 6.761109e-05 0.0008362424 0 0.01002423 0.00142695 3.914326e-05 0.0003878741 3.558478e-06 0.003949911 0.002369947 0.032464 0.02289169 7.472804e-05 0.001270377 0.08022945 0.01054021 0.00217423 0.01077863 7.116957e-06 0 0.0002633274 0.01167893 0.0006156167 0.1278099 0.01330159 0.03728218 0.01243332 0.00114583 0.0005551226 4.270174e-05 0.0007757483 1.779239e-05 4.270174e-05 2.846783e-05 7.116957e-06 3.558478e-06 0 0.0005586811 2.490935e-05 0.0004127835 2.490935e-05 0 0 0 3.20263e-05 3.558478e-06 0.03678399 2.135087e-05 3.558478e-06 0 3.558478e-06 0.002234724 0.01432643 0.003576271 0.00311011 0 8.540348e-05 0.002821873 0.005295016 8.896196e-05 1.423391e-05 0 0 7.116957e-06 3.914326e-05 3.558478e-06 0.0004127835 4.98187e-05 0.0002099502 3.558478e-05 1.423391e-05 1.067543e-05 0 3.558478e-06
0.02972041 0.003355645 0.02459264 2.490935e-05 0 0.0001352222 0.02544668 0.03028977 0.0001494561 0.000252652 0.0007721898 7.828652e-05 0.0003167046 0.08974482 0 0.00142695 0.001971397 0.00114583 0.002594131 3.914326e-05 0.01944708 0.001024842 0.01452927 0.004227472 3.558478e-06 0.0213651 0.2031998 0.002170672 0.03010828 0.03127902 1.067543e-05 0.0001814824 0.001693836 0.02475633 3.558478e-06 0.002793405 0.02194158 0.01614482 0.0008398009 0.0001458976 0.0003736402 0.0001885993 7.116957e-06 1.067543e-05 0.001960722 0.001081777 0 0 0 2.846783e-05 3.558478e-06 1.779239e-05 0 3.558478e-06 0 5.693565e-05 1.423391e-05 0 4.98187e-05 0.002818315 0.0001031959 0.001313078 0 1.067543e-05 3.914326e-05 9.607891e-05 9.963739e-05 2.846783e-05 0.02273156 0.01524808 8.540348e-05 1.067543e-05 1.067543e-05 1.423391e-05 0 0 0.0002953537 1.067543e-05 0.001024842 0.0002348596 0.0006084998 0.0002313011 1.067543e-05 3.558478e-06 0 3.558478e-06
0.0001103128 9.963739e-05 0.001113804 7.116957e-05 0 0.0006440846 0.0008647102 0.001259701 0.0003167046 0.0008326839 0.01486376 0.001658251 0.001551497 0.0016369 3.558478e-06 3.914326e-05 0.00114583 0.0009394383 0.004444539 0.0007330465 7.472804e-05 0.0002775613 0.0002206257 0.0006761109 0.000402108 0.03497984 0.00645508 0.0003451724 0.0003914326 9.963739e-05 0.001946488 1.423391e-05 7.116957e-06 0.01220202 1.779239e-05 0.02100926 0.02557122 0.10442 0.03111889 0.001394923 0.001868201 7.116957e-06 2.846783e-05 0 4.98187e-05 0 0 0 0 3.558478e-06 3.558478e-06 1.067543e-05 0 6.405261e-05 2.135087e-05 0.001163622 3.558478e-06 0 0 3.914326e-05 0.000238418 0.0006903448 0 0 3.558478e-06 0 4.626022e-05 0.0003309385 0.003736402 0.007938965 4.98187e-05 3.558478e-06 0 0.0005871489 0 3.558478e-06 3.558478e-06 0 0.00315637 0.0001494561 0.0001494561 2.846783e-05 0 0 1.423391e-05 0
0.002633274 0.002405531 0.001775681 8.1845e-05 3.558478e-06 0.0004376928 0.002786288 0.005031688 0.0001245467 0.0006689939 0.002216932 0.001124479 0.0001779239 0.01133375 0 0.0003878741 0.002594131 0.004444539 0.001875318 0.0006013828 0.005362627 0.0001850409 0.005864372 0.0007721898 0.0002775613 0.0516691 0.03805792 0.000661877 0.004273732 0.001067543 0.0002811198 2.846783e-05 0.000334497 0.018529 1.423391e-05 0.01030535 0.007711222 0.06412734 0.01050463 0.0006796693 0.0003949911 3.558478e-06 1.067543e-05 3.558478e-06 0.001394923 5.337717e-05 0 0 0 1.423391e-05 0 1.067543e-05 0 1.067543e-05 1.067543e-05 0.0003131461 3.558478e-06 0 7.116957e-06 0.0005373302 0.0002313011 0.002700885 0 7.116957e-06 3.558478e-05 3.20263e-05 7.116957e-05 0.0005871489 0.01436558 0.02227607 6.761109e-05 3.558478e-06 0 0.0001601315 0 0 8.540348e-05 0 0.001370014 0.0003380554 0.0002882367 9.607891e-05 3.558478e-06 0 2.490935e-05 3.558478e-06
0.0001209883 3.558478e-06 4.98187e-05 0.03642814 0.0006939033 0.02464246 0.001305962 0.01490291 0.01749348 0.08904024 0.004611788 0.1044947 0.000156573 0.01304182 0.003839598 3.558478e-06 3.914326e-05 0.0007330465 0.0006013828 0.005572577 1.779239e-05 0 1.779239e-05 0.007227269 0 0.001199207 0.0001850409 0.05036314 0.01530146 2.135087e-05 7.116957e-05 0.0008362424 0 0.009714646 3.558478e-05 0.001757888 0.00016369 0.02832193 0.0002063917 0.008810792 0.005042364 2.846783e-05 7.472804e-05 7.116957e-06 3.558478e-06 3.558478e-06 7.472804e-05 0 3.558478e-06 0.0004768361 7.828652e-05 0.0001138713 7.828652e-05 0 0.0002170672 0 7.472804e-05 0 7.116957e-06 0 7.116957e-06 0 3.558478e-05 7.116957e-06 0 0 0.0005551226 0 3.558478e-06 1.067543e-05 0.001231233 5.693565e-05 0 0 0 3.558478e-06 3.914326e-05 3.558478e-06 1.779239e-05 0 4.98187e-05 3.558478e-06 3.558478e-05 7.116957e-06 0 0
0.001985631 4.270174e-05 0.01354001 1.423391e-05 0 0.0006654354 0.07451098 0.004576203 0.0002099502 0.001398482 0.0003771987 1.423391e-05 0.0001316637 0.003608297 0 0.003949911 0.01944708 7.472804e-05 0.005362627 1.779239e-05 0.1172163 0.0003416139 0.1216288 0.008220085 7.116957e-06 0.00201054 0.04261634 0.07481701 0.005405328 0.2103381 0 1.779239e-05 0.001245467 0.1497799 0.001088894 0.2103274 0.004771919 0.2998481 0.0564944 0.003348528 0.001711628 6.405261e-05 0.001551497 2.846783e-05 1.067543e-05 3.914326e-05 7.116957e-06 0 0 0.000565798 2.135087e-05 0.0005764735 1.423391e-05 0 0 0 6.405261e-05 1.423391e-05 0.005501407 7.116957e-06 0 0 0 0.0009999324 0.001348663 0.0001209883 0.004846647 0 6.761109e-05 7.828652e-05 0.006807369 0.0003878741 2.135087e-05 0 0 7.472804e-05 8.1845e-05 0 0.0003771987 7.116957e-05 0.0002028333 5.337717e-05 1.067543e-05 2.846783e-05 0 3.558478e-06
3.558478e-06 0.086713 0.0004270174 1.423391e-05 7.116957e-06 1.423391e-05 0.0002135087 1.423391e-05 0.06088912 4.270174e-05 0.000252652 7.116957e-06 0.01138713 1.779239e-05 2.135087e-05 0.002369947 0.001024842 0.0002775613 0.0001850409 0 0.0003416139 0.01049395 0.001999865 0.07889858 0.02714763 0.004316434 0.06766802 0.002213373 8.1845e-05 5.693565e-05 0.0003700817 0 3.558478e-06 0.0002241841 3.558478e-06 0.003085201 0.002256075 0.002490935 0.0003487309 7.116957e-05 3.558478e-06 0.003793338 7.116957e-06 3.558478e-06 8.1845e-05 6.761109e-05 3.558478e-06 0 0 0.000320263 7.116957e-06 0.0002811198 1.067543e-05 1.779239e-05 0 0.0001423391 2.846783e-05 1.067543e-05 0.01201342 1.779239e-05 3.558478e-06 1.067543e-05 3.558478e-06 0.0004590437 0.00254787 0.001323754 0.003337853 4.98187e-05 0.0001387807 0.001501678 0.003355645 7.116957e-05 2.135087e-05 1.779239e-05 0 1.779239e-05 3.914326e-05 3.558478e-06 0.0002241841 4.98187e-05 0.0001245467 2.490935e-05 1.067543e-05 0 2.135087e-05 0
0.009906803 0.0006120583 0.06410243 3.558478e-06 0 0.0001494561 0.03778036 0.008415801 7.116957e-05 0.0003131461 0.0006867863 2.846783e-05 0.0001245467 0.02299489 0 0.032464 0.01452927 0.0002206257 0.005864372 1.779239e-05 0.1216288 0.001999865 0.07877047 0.01022351 7.116957e-06 0.01420189 0.3488127 0.0347521 0.008170266 0.1536017 2.846783e-05 3.558478e-05 0.0004483683 0.07872066 0.001014166 0.3689501 0.1176006 0.2703127 0.08983023 0.004928492 0.0007864237 0.000156573 0.002014099 3.558478e-06 0.001031959 0.003441048 0 0 0 0.0008789441 4.98187e-05 7.472804e-05 2.490935e-05 1.067543e-05 0 0 8.1845e-05 3.558478e-06 0.02565663 0.0008148915 2.490935e-05 0.0001209883 7.116957e-06 0.0007970991 0.00888552 0.006743316 0.0006761109 0 0.00109957 0.01151168 0.001551497 3.558478e-05 0.0001530146 0 0 1.067543e-05 0.0002028333 4.98187e-05 0.001974955 7.828652e-05 0.001252584 0.0003914326 3.558478e-05 0 0 7.116957e-06
0.007650728 0.06215238 0.004985428 0.02036873 0.004248823 0.007547532 0.07000594 0.01033382 0.2120711 0.01385316 0.0009999324 0.004166978 0.006995968 0.01734758 0.02166046 0.02289169 0.004227472 0.0006761109 0.0007721898 0.007227269 0.008220085 0.07889858 0.01022351 0.05781815 0.01553632 0.01503813 0.2628683 0.1020038 0.05703529 0.02857102 0.0004554852 0.0002740028 0.007124073 0.02315502 0.0004590437 0.07046499 0.005561902 0.06823026 0.01440828 0.00907412 0.004245265 0.001117362 0.00081845 0.001832616 9.607891e-05 0.0002099502 0.001017725 7.116957e-06 0.0001601315 0.02257854 0.002017657 0.02857102 0.001362897 0.00016369 9.963739e-05 5.693565e-05 0.005348393 9.607891e-05 0.02371014 7.472804e-05 7.828652e-05 6.405261e-05 0.000572915 0.004650931 0.01046904 0.000661877 0.09437796 2.846783e-05 0.000409225 0.0009999324 0.1345034 0.01077863 0.0003451724 2.846783e-05 7.116957e-05 0.001117362 0.002775613 3.558478e-06 0.008785883 0.0003309385 0.008227202 0.001174298 0.001711628 0.001231233 1.067543e-05 0.0001458976
0 0.02494137 0 0 3.558478e-06 0 3.558478e-06 2.135087e-05 0.01130884 0 0.002718677 0 0.0295496 1.067543e-05 0 7.472804e-05 3.558478e-06 0.000402108 0.0002775613 0 7.116957e-06 0.02714763 7.116957e-06 0.01553632 0.002241841 0.005006779 0.01765361 0.0001174298 3.558478e-06 3.558478e-06 0.002273868 0 0 0.000170807 3.558478e-06 0.0007828652 0.001957163 0.003562037 0.0001174298 2.846783e-05 4.98187e-05 0.009461994 1.779239e-05 0 3.914326e-05 0 0 0 0 0 0 3.558478e-06 0 0.0003843157 0 0.004366253 0 0 3.558478e-06 3.558478e-06 0.0003024707 0.0002811198 0 0 1.423391e-05 0 1.067543e-05 0.0007828652 0.002487376 0.004227472 3.558478e-06 0 3.558478e-06 0.001558613 0 0 7.116957e-06 0 0.0001672485 0.0005835904 7.828652e-05 1.067543e-05 0 0 0.0001672485 0
0.001732979 0.006084998 0.0385312 0.0001352222 0 0.001202766 0.03084845 0.01219846 0.00257278 0.0022454 0.0327807 0.002515844 0.005725592 0.01457909 7.116957e-06 0.001270377 0.0213651 0.03497984 0.0516691 0.001199207 0.00201054 0.004316434 0.01420189 0.01503813 0.005006779 0.1486376 0.3732132 0.007188126 0.00273647 0.004174095 0.002302335 5.337717e-05 6.049413e-05 0.03527519 6.761109e-05 0.1308417 0.191955 0.3303584 0.07665674 0.005380419 0.003014031 0.0003985496 0.00016369 7.116957e-06 0.002764938 0.000238418 0 0 3.558478e-06 0.0001031959 0 6.405261e-05 7.116957e-06 0.0005764735 1.779239e-05 0.0140204 1.779239e-05 7.116957e-06 0.000170807 0.002352154 0.002003423 0.005554785 0 7.116957e-05 0.0001743654 7.472804e-05 0.0006120583 0.003409022 0.04506101 0.0704899 0.000565798 8.1845e-05 2.846783e-05 0.00486444 0 3.558478e-06 0.0002633274 7.116957e-06 0.01253652 0.001444742 0.001092453 0.0002989122 7.116957e-06 3.558478e-06 0.0001850409 3.558478e-06
0.0006583185 0.01475345 0.4144631 0.0001067543 1.423391e-05 0.0008647102 0.03633206 0.003003356 0.02244332 0.001811265 0.004718542 0.0003024707 0.02140781 0.003594063 3.20263e-05 0.08022945 0.2031998 0.00645508 0.03805792 0.0001850409 0.04261634 0.06766802 0.3488127 0.2628683 0.01765361 0.3732132 0.3569616 0.09451318 0.002330803 0.005593928 0.005835904 2.135087e-05 0.0003594063 0.1072383 0.0008042161 0.4242133 0.1421541 0.5525036 0.07397365 0.009618567 0.0004056665 0.0008469178 0.0009287628 4.270174e-05 0.01463246 0.03416851 2.490935e-05 0 7.116957e-06 0.003252449 0.000170807 0.0001885993 9.607891e-05 0.00049107 7.116957e-06 0.01130529 0.0003558478 3.558478e-06 0.01017369 0.01056512 0.002757821 0.007821535 1.067543e-05 0.001234792 0.0109957 0.0237137 0.00156573 0.006949708 0.06309182 0.177988 0.003095876 0.0001957163 0.000893178 0.004843089 3.558478e-06 2.135087e-05 0.001939371 0.0003380554 0.0185717 0.002085268 0.0100527 0.002836107 0.0001316637 2.135087e-05 0.0001992748 5.337717e-05
0.01118786 0.0008469178 0.01608076 0.04537771 0.0007330465 0.05528808 0.3945534 0.030578 0.08959181 0.2432006 0.002060359 0.04401838 0.0002633274 0.04015743 0.005031688 0.01054021 0.002170672 0.0003451724 0.000661877 0.05036314 0.07481701 0.002213373 0.0347521 0.1020038 0.0001174298 0.007188126 0.09451318 0.201264 0.08896196 0.1450827 3.20263e-05 0.0004448098 0.01337632 0.05870066 0.0005586811 0.07983802 0.002234724 0.1379836 0.02242553 0.006038738 0.008643544 9.252043e-05 0.001288169 0.0007970991 2.135087e-05 7.116957e-05 0.0007259296 3.558478e-06 0.0001138713 0.01279985 0.00123835 0.008764532 0.0008967365 7.116957e-05 0.0001423391 1.779239e-05 0.003213306 2.490935e-05 0.004704308 4.270174e-05 3.558478e-05 2.490935e-05 0.0004448098 0.0009465552 0.00170807 0.0002241841 0.03527519 7.116957e-06 0.0002170672 0.0004483683 0.05783239 0.004316434 6.761109e-05 1.067543e-05 6.405261e-05 0.0003843157 0.001174298 7.116957e-06 0.003238215 9.607891e-05 0.004053107 0.0005444472 0.0009928154 0.0006049413 1.067543e-05 4.98187e-05
0.06041229 1.423391e-05 0.008180942 0.00376487 0.0001850409 0.01610211 0.1312438 0.03220779 0.007056462 0.03534281 0.002647508 0.02233657 0.0001494561 0.06209545 9.607891e-05 0.00217423 0.03010828 0.0003914326 0.004273732 0.01530146 0.005405328 8.1845e-05 0.008170266 0.05703529 3.558478e-06 0.00273647 0.002330803 0.08896196 0.08300151 0.07753212 3.914326e-05 0.002063917 0.01494917 0.0992851 0.0001245467 0.03518623 0.0002135087 0.04220355 0.001469652 0.01467161 0.02240774 4.270174e-05 0.0009109704 0.0002348596 3.558478e-06 1.067543e-05 6.405261e-05 0 7.116957e-06 0.00168316 0.0001814824 0.001152947 8.1845e-05 3.558478e-06 0.0002562104 0 0.0006227337 0 0.0003807572 7.116957e-06 0 0 1.423391e-05 0.0001387807 5.693565e-05 7.116957e-06 0.006512015 0 3.558478e-05 2.490935e-05 0.01098858 0.001252584 4.626022e-05 0 7.116957e-06 0.0001209883 0.0003167046 0 0.001010608 3.914326e-05 0.0008611517 0.0001174298 0.0001103128 0.0001387807 0 1.779239e-05
0.0167035 1.779239e-05 0.04341699 7.116957e-06 0 0.0004946285 0.07261075 0.00834819 0.001181415 0.0008718272 0.0001672485 1.067543e-05 2.846783e-05 0.0198741 7.116957e-06 0.01077863 0.03127902 9.963739e-05 0.001067543 2.135087e-05 0.2103381 5.693565e-05 0.1536017 0.02857102 3.558478e-06 0.004174095 0.005593928 0.1450827 0.07753212 0.09109704 3.558478e-06 2.490935e-05 0.01478548 0.06554717 0.0001281052 0.01984207 0.0002170672 0.0750234 0.01102417 0.0007081372 0.002248958 1.067543e-05 0.00032738 4.270174e-05 3.558478e-06 7.116957e-06 3.558478e-06 0 0 0.0004305759 5.337717e-05 0.0004661607 7.116957e-06 3.558478e-06 0 0 0.0001245467 3.558478e-06 0.0002633274 1.067543e-05 0 0 7.116957e-06 9.963739e-05 4.98187e-05 3.558478e-06 0.002063917 0 6.049413e-05 4.270174e-05 0.003102993 0.0003095876 1.423391e-05 0 0 1.423391e-05 6.405261e-05 0 0.0003238215 1.779239e-05 0.0002704443 3.914326e-05 1.779239e-05 3.558478e-05 0 3.558478e-06
0 0.0002633274 1.779239e-05 1.067543e-05 0 3.558478e-05 6.049413e-05 7.472804e-05 0.0002135087 6.405261e-05 0.01110601 0.0001423391 0.005184703 7.472804e-05 0 7.116957e-06 1.067543e-05 0.001946488 0.0002811198 7.116957e-05 0 0.0003700817 2.846783e-05 0.0004554852 0.002273868 0.002302335 0.005835904 3.20263e-05 3.914326e-05 3.558478e-06 0.0003985496 0 0 0.001295286 7.116957e-06 0.002903718 0.02952114 0.01679602 0.006230895 0.0001530146 0.0004056665 0.0006974617 7.116957e-06 0 8.896196e-05 0 0 0 0 0 0 1.423391e-05 0 0.0004697191 0 0.00736605 3.558478e-06 0 0 2.135087e-05 0.000402108 0.0001957163 0 0 5.337717e-05 0 6.049413e-05 0.0006369676 0.003686583 0.005323483 2.135087e-05 0 0 0.002700885 0 0 1.067543e-05 0 0.0005764735 0.0006440846 7.472804e-05 1.779239e-05 0 0 0.0001458976 0
3.914326e-05 0 0.00016369 9.252043e-05 0.002587014 0.00626648 0.0008469178 0.008906871 0.0002490935 0.0007721898 0.0003522893 0.002611923 3.558478e-06 0.002483818 0.007850003 0 0.0001814824 1.423391e-05 2.846783e-05 0.0008362424 1.779239e-05 0 3.558478e-05 0.0002740028 0 5.337717e-05 2.135087e-05 0.0004448098 0.002063917 2.490935e-05 0 0 3.558478e-06 0.009632801 0 0.001711628 2.846783e-05 0.004159861 1.067543e-05 0.02308029 0.02955672 3.558478e-06 3.914326e-05 3.558478e-06 0 0 0 0 0 2.135087e-05 0 1.067543e-05 0 0 1.067543e-05 0 3.558478e-06 0 3.558478e-06 0 0 0 0 0 0 0 3.558478e-05 0 0 0 4.98187e-05 3.558478e-06 0 0 0 0 0 0 3.558478e-06 0 3.558478e-06 0 0 0 0 0
0.001320195 0 0.0002989122 1.779239e-05 0 0.0002063917 0.009316096 0.000729488 0.0003309385 0.0003522893 1.779239e-05 0 0 0.000409225 0 0.0002633274 0.001693836 7.116957e-06 0.000334497 0 0.001245467 3.558478e-06 0.0004483683 0.007124073 0 6.049413e-05 0.0003594063 0.01337632 0.01494917 0.01478548 0 3.558478e-06 0.0004234589 0.005576135 1.067543e-05 0.0005480057 7.116957e-06 0.001818382 8.1845e-05 1.067543e-05 7.116957e-06 0 7.116957e-06 7.116957e-06 0 0 0 0 0 0.0001103128 3.558478e-06 6.405261e-05 3.558478e-06 0 0 0 2.135087e-05 0 2.490935e-05 0 0 0 0 7.116957e-06 0 3.558478e-06 0.000402108 0 0 0 0.0006298507 0.0001138713 3.558478e-06 0 0 7.116957e-06 7.116957e-06 0 7.828652e-05 3.558478e-06 2.490935e-05 0 1.067543e-05 7.116957e-06 0 3.558478e-06
0.03501543 0.0004341343 0.003159929 0.002120853 1.067543e-05 0.006860746 0.04857323 0.02590216 0.002352154 0.0191197 0.05402126 0.01646508 0.005882165 0.0695896 4.270174e-05 0.01167893 0.02475633 0.01220202 0.018529 0.009714646 0.1497799 0.0002241841 0.07872066 0.02315502 0.000170807 0.03527519 0.1072383 0.05870066 0.0992851 0.06554717 0.001295286 0.009632801 0.005576135 0.03280561 7.116957e-05 0.008341073 0.007988784 0.05840175 0.00465449 0.00245535 0.0006227337 0.000647643 0.0002775613 7.116957e-05 0.000580032 0.001313078 3.914326e-05 0 3.558478e-06 0.000811333 6.405261e-05 0.0005408887 4.98187e-05 7.116957e-06 0.000156573 2.135087e-05 0.0002562104 7.116957e-06 0.0001921578 0.0004590437 1.779239e-05 7.116957e-05 2.135087e-05 6.761109e-05 6.405261e-05 0.0004056665 0.002832549 3.558478e-06 0.001619108 0.003565595 0.004334227 0.0005159793 6.049413e-05 1.423391e-05 0 3.558478e-05 0.0002063917 1.423391e-05 0.0008682687 4.270174e-05 0.0006725524 0.0001957163 5.693565e-05 4.270174e-05 1.779239e-05 0
1.423391e-05 7.116957e-06 1.067543e-05 1.067543e-05 0 9.963739e-05 0.0001921578 4.626022e-05 2.135087e-05 0.0001174298 4.626022e-05 0.0001494561 0.000498187 4.270174e-05 0 0.0006156167 3.558478e-06 1.779239e-05 1.423391e-05 3.558478e-05 0.001088894 3.558478e-06 0.001014166 0.0004590437 3.558478e-06 6.761109e-05 0.0008042161 0.0005586811 0.0001245467 0.0001281052 7.116957e-06 0 1.067543e-05 7.116957e-05 0.5713706 0.04915682 0.001131596 0.00315637 0.003683025 3.20263e-05 5.693565e-05 0.0005871489 0.0006227337 0 7.116957e-06 1.423391e-05 3.558478e-06 0 3.558478e-06 1.423391e-05 0 3.558478e-06 3.558478e-06 1.779239e-05 0 0.0001031959 0 0 3.558478e-06 1.067543e-05 3.558478e-06 3.20263e-05 0 3.558478e-06 0 7.116957e-06 3.20263e-05 2.846783e-05 7.828652e-05 0.0001103128 6.761109e-05 3.558478e-06 0 0 0 0 0 0.2706543 0.001256143 0.0001458976 0.0003843157 0.0008469178 0 3.20263e-05 0.0001921578 5.693565e-05
0.003978379 0.001832616 0.003053174 0.001017725 0 0.002309452 0.02860661 0.004359136 0.002658183 0.005277223 0.01255075 0.001807707 0.02332938 0.007846445 2.490935e-05 0.1278099 0.002793405 0.02100926 0.01030535 0.001757888 0.2103274 0.003085201 0.3689501 0.07046499 0.0007828652 0.1308417 0.4242133 0.07983802 0.03518623 0.01984207 0.002903718 0.001711628 0.0005480057 0.008341073 0.04915682 0.08907583 0.4392408 0.2365214 0.05351595 0.05613499 0.02452503 0.04685804 0.00729488 0.0001530146 0.001476768 0.002704443 2.846783e-05 0 3.558478e-06 0.001352222 9.963739e-05 0.0007543974 3.20263e-05 1.067543e-05 3.914326e-05 0.0001387807 0.0003665233 0 0.0007935407 0.001686719 7.116957e-05 0.0003487309 7.116957e-06 0.0002099502 0.0002704443 0.001167181 0.005440913 4.270174e-05 0.007910497 0.008355307 0.007618702 0.0009607891 9.252043e-05 2.846783e-05 3.558478e-06 0.0001458976 0.0003558478 0.0004376928 0.003796896 0.0001494561 0.00130952 0.0003771987 7.472804e-05 0.0001992748 6.761109e-05 7.472804e-05
2.490935e-05 0.0008540348 0.01056156 1.423391e-05 0 0.0001850409 0.0007686313 0.0002704443 0.0002597689 0.0002028333 0.08583405 0.0002562104 0.132959 0.000402108 3.558478e-06 0.01330159 0.02194158 0.02557122 0.007711222 0.00016369 0.004771919 0.002256075 0.1176006 0.005561902 0.001957163 0.191955 0.1421541 0.002234724 0.0002135087 0.0002170672 0.02952114 2.846783e-05 7.116957e-06 0.007988784 0.001131596 0.4392408 0.06117736 0.0592451 0.01587437 0.02013743 0.002693768 0.003864507 0.00184685 0 6.405261e-05 0.0001174298 0 0 0 2.846783e-05 3.558478e-06 2.135087e-05 0 0.001569289 7.116957e-06 0.009675502 7.116957e-06 0 4.270174e-05 9.607891e-05 9.607891e-05 6.761109e-05 0 3.20263e-05 3.20263e-05 6.761109e-05 0.0001138713 0.0001245467 0.001067543 0.001327312 0.0001850409 1.423391e-05 7.116957e-06 0.00170807 0 0 1.067543e-05 1.067543e-05 0.04402549 0.0008362424 7.116957e-05 1.779239e-05 7.116957e-06 0 0.0001992748 3.558478e-06
0.004832413 0.003234657 0.007152541 0.006451521 2.490935e-05 0.0125899 0.09094047 0.01820162 0.006576068 0.05058733 0.1552173 0.0412392 0.03496205 0.02405175 0.0001031959 0.03728218 0.01614482 0.10442 0.06412734 0.02832193 0.2998481 0.002490935 0.2703127 0.06823026 0.003562037 0.3303584 0.5525036 0.1379836 0.04220355 0.0750234 0.01679602 0.004159861 0.001818382 0.05840175 0.00315637 0.2365214 0.0592451 0.1228031 0.002907277 0.0125721 0.003398347 0.003266683 0.001533704 0.0003060291 0.002049683 0.004060224 0.0001103128 0 1.779239e-05 0.002551429 0.0002277426 0.001526587 9.607891e-05 7.116957e-05 0.0004127835 0.0001921578 0.0009999324 1.423391e-05 0.0006512015 0.002039008 0.0001138713 0.0007330465 1.779239e-05 0.0002170672 0.0003771987 0.001743654 0.009458435 0.0001779239 0.01154014 0.01488867 0.01294219 0.00187176 8.896196e-05 6.049413e-05 1.779239e-05 0.0002135087 0.0006867863 5.693565e-05 0.02126547 0.0001957163 0.002473142 0.0007223711 0.0001067543 0.0002562104 9.252043e-05 3.558478e-05
0.0002811198 0.000238418 0.0004234589 0.0002562104 0 0.000483953 0.009885453 0.0007899822 0.0007401635 0.001110245 0.04018234 5.337717e-05 0.005693565 0.0006156167 7.116957e-06 0.01243332 0.0008398009 0.03111889 0.01050463 0.0002063917 0.0564944 0.0003487309 0.08983023 0.01440828 0.0001174298 0.07665674 0.07397365 0.02242553 0.001469652 0.01102417 0.006230895 1.067543e-05 8.1845e-05 0.00465449 0.003683025 0.05351595 0.01587437 0.002907277 0.00016369 0.001131596 6.049413e-05 0.0001494561 0.0003451724 4.270174e-05 0.0001458976 0.000402108 1.423391e-05 0 1.423391e-05 0.0002811198 4.98187e-05 0.0002277426 2.135087e-05 1.067543e-05 3.558478e-06 5.693565e-05 0.0001352222 3.558478e-06 0.0001245467 0.0001067543 1.067543e-05 7.116957e-05 3.558478e-06 2.490935e-05 6.405261e-05 0.0001352222 0.00142695 1.779239e-05 0.0008682687 0.001302403 0.001950046 0.0002313011 2.135087e-05 2.846783e-05 0 2.490935e-05 7.828652e-05 1.779239e-05 0.00420968 1.779239e-05 0.0003700817 8.896196e-05 1.779239e-05 3.558478e-05 2.490935e-05 3.558478e-06
3.20263e-05 9.252043e-05 0.0001494561 0.002715119 0.03083777 0.01523029 0.001757888 0.02012675 0.004070899 0.002729353 0.005786086 0.02115871 0.001106687 0.01698462 0.01655048 0.00114583 0.0001458976 0.001394923 0.0006796693 0.008810792 0.003348528 7.116957e-05 0.004928492 0.00907412 2.846783e-05 0.005380419 0.009618567 0.006038738 0.01467161 0.0007081372 0.0001530146 0.02308029 1.067543e-05 0.00245535 3.20263e-05 0.05613499 0.02013743 0.0125721 0.001131596 0.01355424 0.003138578 0.001163622 0.0003024707 3.558478e-06 1.067543e-05 7.828652e-05 1.779239e-05 0 0 0.000238418 2.135087e-05 6.049413e-05 1.423391e-05 0 9.252043e-05 3.558478e-06 3.20263e-05 0 1.779239e-05 4.270174e-05 0 1.067543e-05 1.067543e-05 7.116957e-06 7.116957e-06 2.135087e-05 0.0003558478 3.558478e-06 0.000238418 0.0001957163 0.0006939033 9.252043e-05 0 3.558478e-06 0 3.558478e-06 4.626022e-05 0 0.000170807 3.558478e-06 8.540348e-05 1.779239e-05 1.779239e-05 1.423391e-05 0 7.116957e-06
0.0001992748 0 0.0003558478 0.0009145289 7.116957e-06 0.009725321 0.007301997 0.01191379 0.0006369676 0.005601045 0.02082066 0.01500966 0.002213373 0.007746807 0.0003451724 0.0005551226 0.0003736402 0.001868201 0.0003949911 0.005042364 0.001711628 3.558478e-06 0.0007864237 0.004245265 4.98187e-05 0.003014031 0.0004056665 0.008643544 0.02240774 0.002248958 0.0004056665 0.02955672 7.116957e-06 0.0006227337 5.693565e-05 0.02452503 0.002693768 0.003398347 6.049413e-05 0.003138578 4.626022e-05 0.001633342 0.0003522893 2.490935e-05 0 0 1.423391e-05 0 0 0.0003095876 2.135087e-05 0.00016369 2.490935e-05 0 4.270174e-05 3.558478e-06 0.0001281052 0 4.626022e-05 0 0 3.558478e-06 1.423391e-05 2.846783e-05 0 0 0.00098214 7.116957e-06 3.558478e-06 2.135087e-05 0.001633342 0.0002135087 3.558478e-06 0 3.558478e-06 1.067543e-05 4.98187e-05 1.067543e-05 0.000252652 7.116957e-06 0.0001601315 2.135087e-05 1.779239e-05 3.914326e-05 0 7.116957e-06
0 0.003957028 1.779239e-05 3.558478e-06 0 6.405261e-05 3.914326e-05 9.252043e-05 0.001010608 6.049413e-05 0.002562104 0.0001387807 0.01479259 4.626022e-05 0 4.270174e-05 0.0001885993 7.116957e-06 3.558478e-06 2.846783e-05 6.405261e-05 0.003793338 0.000156573 0.001117362 0.009461994 0.0003985496 0.0008469178 9.252043e-05 4.270174e-05 1.067543e-05 0.0006974617 3.558478e-06 0 0.000647643 0.0005871489 0.04685804 0.003864507 0.003266683 0.0001494561 0.001163622 0.001633342 7.116957e-06 0.0004270174 0 1.067543e-05 0 0 0 0 0 0 0 0 0.0003380554 0 0.001676043 0 0 3.558478e-06 0 0 3.558478e-06 0 0 7.116957e-06 0 3.558478e-06 9.252043e-05 6.405261e-05 0.0002206257 3.20263e-05 0 0 0.0001209883 0 0 0 1.067543e-05 0.006198869 4.270174e-05 4.98187e-05 1.779239e-05 0 1.779239e-05 2.490935e-05 0
0.0001281052 0 1.779239e-05 2.846783e-05 0 0.0001067543 0.000743722 0.0001423391 9.963739e-05 0.0002063917 0.0001387807 6.049413e-05 0.0003095876 0.0002490935 0 0.0007757483 7.116957e-06 2.846783e-05 1.067543e-05 7.472804e-05 0.001551497 7.116957e-06 0.002014099 0.00081845 1.779239e-05 0.00016369 0.0009287628 0.001288169 0.0009109704 0.00032738 7.116957e-06 3.914326e-05 7.116957e-06 0.0002775613 0.0006227337 0.00729488 0.00184685 0.001533704 0.0003451724 0.0003024707 0.0003522893 0.0004270174 8.896196e-05 0 3.558478e-06 3.558478e-06 0 0 0 2.490935e-05 0 3.914326e-05 0 0 0 0 3.558478e-06 0 1.067543e-05 0 0 0 0 0 7.116957e-06 7.116957e-06 0.0001387807 3.558478e-06 7.116957e-06 1.423391e-05 0.0002099502 2.490935e-05 3.558478e-06 0 0 0 7.116957e-06 3.558478e-06 0.0001850409 3.558478e-06 3.20263e-05 3.558478e-06 3.20263e-05 2.490935e-05 7.116957e-06 7.116957e-06
2.846783e-05 0 1.067543e-05 1.423391e-05 0 5.337717e-05 0.0007188126 0.0001316637 0.0002419765 8.896196e-05 7.116957e-06 0 0 0.0001174298 0 1.779239e-05 1.067543e-05 0 3.558478e-06 7.116957e-06 2.846783e-05 3.558478e-06 3.558478e-06 0.001832616 0 7.116957e-06 4.270174e-05 0.0007970991 0.0002348596 4.270174e-05 0 3.558478e-06 7.116957e-06 7.116957e-05 0 0.0001530146 0 0.0003060291 4.270174e-05 3.558478e-06 2.490935e-05 0 0 0.01236927 1.067543e-05 0.003522893 0.0008398009 0 0.0002989122 0.04272309 0.004786153 0.0002135087 0.005490732 0.0005017454 0.0005835904 2.135087e-05 0.06310961 7.116957e-06 5.693565e-05 0.006736199 0.001814824 0.007522623 0.0009038535 0.003252449 0 0.001722303 0.006412378 0 0.007899822 0.0008860611 0.0557578 0.06910565 0.03927848 0.0001067543 8.540348e-05 0.002277426 0.01693124 0 0.0005373302 0.0005302133 0.009390824 0.0003985496 7.472804e-05 7.472804e-05 7.116957e-06 2.135087e-05
