0.001648585 1.549422e-05 0.01074989 0.0002510063 3.098844e-06 0.0005268034 0.04980152 0.01035634 0.000356367 0.003920037 9.606416e-05 2.788959e-05 6.197688e-06 0.02184375 6.197688e-06 0.0001053607 0.02083043 0.0001518433 0.001896492 5.577919e-05 0.009652899 0.0001673376 0.04293448 0.01167954 1.239538e-05 0.002968692 0.0003718613 0.02480315 0.05725734 0.09716115 0 0.0001859306 8.986647e-05 0.003179414 3.098844e-06 0.0001766341 1.859306e-05 0.0004276404 5.887803e-05 3.098844e-05 3.098844e-06 0 6.197688e-06 6.197688e-06 3.098844e-06 3.098844e-06 9.296531e-06 0 0 0.0001053607 0 4.95815e-05 1.239538e-05 0 0 0 9.296531e-06 0 0.0001053607 6.197688e-06 0 0 3.098844e-06 6.197688e-05 0.0001673376 9.296531e-06 0.0006259665 0 9.296531e-06 1.859306e-05 0.000774711 0.0001642387 5.577919e-05 3.098844e-06 3.098844e-06 1.549422e-05 5.887803e-05 3.098844e-06 0.0001425468 3.098844e-06 0.0001239538 3.098844e-05 0 3.098844e-06 3.098844e-06 0
1.549422e-05 0.002268354 0.006944509 0 0 1.549422e-05 0.001115584 8.676763e-05 0.02005572 5.577919e-05 0.002460482 9.296531e-06 0.01415242 8.366878e-05 2.479075e-05 0.0003253786 0.004840394 0.001341799 0.002990384 0 0.0005020127 0.0605762 0.002243563 0.0150046 0.01860856 0.02299962 0.07037474 0.001416172 9.9163e-05 0.0002200179 0.002767268 9.296531e-06 1.549422e-05 0.001837614 3.408728e-05 0.004676155 0.001202351 0.005615105 0.001118683 1.859306e-05 3.098844e-06 0.001409974 1.239538e-05 0 0.0001828318 0.00380538 0 0 0 5.268034e-05 0 0 0 4.028497e-05 0 4.95815e-05 0 0 6.197688e-06 3.718613e-05 5.577919e-05 8.056994e-05 0 6.197688e-06 1.549422e-05 7.74711e-05 1.239538e-05 3.098844e-05 0.002296243 0.002553447 6.197688e-05 0 0 6.197688e-06 0 0 6.197688e-05 0 3.408728e-05 2.788959e-05 3.718613e-05 0 0 0 0 0
0.01074989 0.006944509 0.01676475 6.507572e-05 0 0.0007375248 0.08966195 0.01961878 0.006076833 0.003523385 0.0003904543 8.986647e-05 0.0002695994 0.03259054 0.0001239538 0.001230241 0.02939563 0.000932752 0.00608303 4.338381e-05 0.007139736 0.00168887 0.0771984 0.04458926 9.606416e-05 0.07446212 0.1515428 0.0755932 0.00758597 0.03423913 1.239538e-05 0.0002200179 9.606416e-05 0.005106895 0.0002138202 0.02845049 0.01576692 0.02257818 0.006857741 0.0001952272 1.549422e-05 9.296531e-05 9.296531e-05 9.296531e-06 0.01166715 0.04339621 1.239538e-05 0 0 0.0007127341 4.028497e-05 3.098844e-05 4.95815e-05 1.549422e-05 0 2.479075e-05 3.408728e-05 3.098844e-06 0.001369689 0.0007375248 2.169191e-05 0.0002107214 6.197688e-06 0.0005391988 0.001035014 0.009615712 0.001103188 0 0.02062281 0.02153077 0.001633091 8.366878e-05 0.0001208549 6.197688e-06 0 2.479075e-05 0.0004431347 1.239538e-05 0.0004772219 0.0001115584 0.0003904543 1.859306e-05 9.296531e-06 9.296531e-06 0 0
0.0002510063 0 6.507572e-05 0.02234886 3.718613e-05 0.003647339 0.001162066 0.002947 0.02563364 0.02427944 3.098844e-06 0.07281043 3.718613e-05 0.002630918 0.001915085 3.098844e-06 3.408728e-05 0 9.296531e-06 0.0436782 9.296531e-06 6.197688e-06 0.0001239538 0.0107313 0 1.549422e-05 1.859306e-05 0.04766951 0.005054214 6.507572e-05 0 0.0004648266 0.0001518433 0.0004772219 6.197688e-06 0.001276724 6.197688e-05 0.002479075 7.127341e-05 0.004335283 0.0001363491 6.197688e-06 1.859306e-05 3.098844e-06 0 0 0.002274551 0 0.0001146572 0.001131078 0.0001921283 0.0009141589 0.002637116 9.296531e-06 0.001007124 0 5.887803e-05 6.197688e-06 3.098844e-06 0 3.098844e-06 0 0.000892467 0 0 3.098844e-06 0.004034695 0 9.296531e-06 0 0.004084276 6.817456e-05 1.549422e-05 0 1.859306e-05 0 2.169191e-05 0 4.028497e-05 0 0.0002014248 4.028497e-05 4.338381e-05 1.859306e-05 0 3.098844e-06
3.098844e-06 0 0 3.718613e-05 9.296531e-06 0.01047409 3.408728e-05 0.0006011757 8.056994e-05 0.0003811578 0.0002479075 0.001025717 0.0001084595 3.098844e-05 0.01411833 0 0 2.169191e-05 6.197688e-06 0.0002943902 0 0 0 3.098844e-05 0 4.338381e-05 0 4.028497e-05 0.0005825826 0 0 0.002587535 0 0.000734426 0 5.268034e-05 6.197688e-06 0.0009668393 8.056994e-05 0.01254722 0.0006910422 6.197688e-06 0 0 0 0 0 0 0 0 0 0 0 0 0 0 0 0 0 0 0 0 0 0 0 0 0 0 0 0 3.098844e-06 0 0 0 0 0 0 0 0 0 0 0 0 0 0 0
0.0005268034 1.549422e-05 0.0007375248 0.003647339 0.01047409 0.2360482 0.02709319 0.152209 0.001276724 0.2962805 0.0001332503 0.1060548 0.0001952272 0.04228992 0.01606751 9.296531e-06 0.0001673376 1.239538e-05 9.296531e-06 0.02719545 0.0001518433 6.197688e-05 0.0009947289 0.002541052 1.239538e-05 0.0001146572 0.0001270526 0.01263709 0.02763549 0.0003780589 0 0.02691036 0.000139448 0.001657881 0.0001115584 0.001834516 6.507572e-05 0.004167945 0.0001332503 0.01948553 0.0006290653 9.296531e-06 2.788959e-05 6.197688e-06 0 0 0.0002293144 0 2.169191e-05 0.000337774 4.648266e-05 7.437225e-05 0.0004090474 0 0.0001177561 0 2.169191e-05 0 6.197688e-06 0 0 0 0.0001022618 9.296531e-06 2.169191e-05 0 0.0009296531 0 0 9.296531e-06 0.001028816 5.887803e-05 1.859306e-05 0 3.098844e-06 3.098844e-06 1.859306e-05 0 3.718613e-05 0 8.056994e-05 1.859306e-05 9.296531e-06 9.296531e-06 0 3.098844e-06
0.04980152 0.001115584 0.08966195 0.001162066 3.408728e-05 0.02709319 0.1246014 0.09108742 0.03368443 0.115057 0.0001146572 0.0009048624 0.0003873555 0.1109355 0.0009172578 0.001000927 0.007576673 0.0001549422 0.001357294 0.0004307393 0.03395093 0.005509744 0.1233836 0.04599614 0.0005577919 0.00868296 0.01897112 0.2176783 0.07762914 0.1819734 3.098844e-05 0.002128906 0.003238292 0.008605489 0.0001859306 0.01333432 0.001320107 0.02001543 0.002482174 0.001320107 0.0007778098 3.408728e-05 0.0001332503 0.0007127341 3.408728e-05 0.0001425468 0.002401604 3.408728e-05 0.0005670884 0.01371858 0.00217229 0.002032842 0.005079005 0.0001270526 9.296531e-05 3.098844e-06 0.001453358 3.098844e-05 0.0007065364 2.479075e-05 4.648266e-05 1.859306e-05 0.0008831705 0.0003470705 0.001537027 0.0006476584 0.03704358 0 0.0001735353 0.0008521821 0.05049256 0.005884704 0.001155869 0 0.0001518433 0.0003842566 0.001574213 4.648266e-05 0.00415555 0.0001115584 0.007034375 0.001106287 0.0005020127 0.000734426 9.296531e-06 0.0001084595
0.01035634 8.676763e-05 0.01961878 0.002947 0.0006011757 0.152209 0.09108742 0.2172259 0.002212574 0.196194 0.0001766341 0.03576066 0.0001487445 0.09521508 0.008373076 0.0001456457 0.01695997 0.0001487445 0.002190883 0.01578551 0.005376494 0.0005794838 0.03770363 0.01985119 3.408728e-05 0.005131685 0.001028816 0.04640519 0.03025711 0.02381461 0 0.007310173 0.0006817456 0.001716759 9.606416e-05 0.003783688 0.0002324133 0.004062584 0.0002293144 0.01735972 0.0004741231 1.549422e-05 4.648266e-05 6.817456e-05 3.098844e-06 6.197688e-06 0.0001673376 0 3.408728e-05 0.001106287 0.0001704364 0.0002076225 0.000356367 9.296531e-06 6.817456e-05 0 0.0001301514 0 0.0001084595 0 3.098844e-06 0 6.507572e-05 8.366878e-05 0.0002355121 2.788959e-05 0.003848764 0 1.859306e-05 1.859306e-05 0.004301195 0.0004803208 0.0001766341 0 3.098844e-05 5.577919e-05 0.000139448 3.098844e-06 0.0003687624 9.296531e-06 0.0004834196 9.9163e-05 4.028497e-05 6.507572e-05 3.098844e-06 9.296531e-06
0.000356367 0.02005572 0.006076833 0.02563364 8.056994e-05 0.001276724 0.03368443 0.002212574 0.006157403 0.01900211 0.000495815 0.003861159 0.002736279 0.00190269 0.005264936 0.001354195 0.00099163 0.0007282283 0.0007592167 0.01158658 0.001149671 0.03418025 0.002290046 0.1554597 0.01158658 0.008456745 0.03298099 0.1060424 0.004161747 0.004552202 0.0005299023 0.0002262156 0.0006042745 0.000973037 7.437225e-05 0.002364418 0.0003067855 0.003015175 0.0005175069 0.003879752 8.056994e-05 0.0001332503 3.408728e-05 0.0001518433 3.098844e-05 6.507572e-05 0.00370002 6.197688e-06 0.0001890295 0.003703118 0.0005268034 0.000396652 0.00503872 5.887803e-05 0.0002045237 6.197688e-06 0.0002850936 1.549422e-05 0.002283848 1.549422e-05 2.788959e-05 1.859306e-05 0.001602102 0.0008180948 0.0002603029 0.0001363491 0.02310498 1.549422e-05 0.0002200179 0.0002231168 0.02173219 0.001140375 0.0004276404 6.197688e-06 2.169191e-05 0.0001239538 0.000356367 9.296531e-06 0.0007499202 6.817456e-05 0.00110009 0.0001518433 0.0001270526 8.366878e-05 0 1.239538e-05
0.003920037 5.577919e-05 0.003523385 0.02427944 0.0003811578 0.2962805 0.115057 0.196194 0.01900211 0.2435567 0.0002262156 0.06568929 0.0008180948 0.1012919 0.001970865 7.127341e-05 0.0005051115 2.788959e-05 0.0001270526 0.03499214 0.000554693 0.0003470705 0.004211329 0.0128757 5.268034e-05 0.0004617277 0.0005856815 0.07519035 0.1313259 0.001797329 3.098844e-06 0.0182243 0.000932752 0.009048624 0.0001053607 0.02030672 0.0005113092 0.03663143 0.000932752 0.01116823 0.001530829 5.887803e-05 0.0003067855 2.479075e-05 0 9.296531e-06 0.004840394 1.859306e-05 0.000337774 0.004673056 0.0007003387 0.001695068 0.007654144 2.479075e-05 0.0004338381 3.098844e-06 0.0002293144 3.098844e-06 9.296531e-06 0 6.197688e-06 6.197688e-06 0.002259057 3.098844e-06 8.676763e-05 3.408728e-05 0.01345208 0 1.239538e-05 3.718613e-05 0.01322587 0.0004462335 5.268034e-05 0 1.549422e-05 9.296531e-06 0.0001952272 0 0.0002169191 1.859306e-05 0.0007375248 0.0001115584 9.296531e-05 7.127341e-05 0 3.098844e-06
9.606416e-05 0.002460482 0.0003904543 3.098844e-06 0.0002479075 0.0001332503 0.0001146572 0.0001766341 0.000495815 0.0002262156 0.06394774 6.817456e-05 0.07407786 0.001654783 3.098844e-06 0.0003098844 0.003455211 0.01738451 0.02162993 4.028497e-05 0.0001022618 0.001289119 0.0005361 0.0006662514 0.009826434 0.05056383 0.07776549 0.0002541052 0.004440643 8.056994e-05 0.003101943 0.002286947 9.296531e-06 0.07010824 0.0002231168 0.01109696 0.07013613 0.2093517 0.02771606 0.0004121462 0.001521532 0.02327542 7.127341e-05 9.296531e-06 0.0003036867 0.0002695994 0 0 0 1.859306e-05 0 6.197688e-06 3.098844e-06 0.002324133 3.098844e-06 0.00549425 3.098844e-06 0 1.239538e-05 4.95815e-05 0.001053607 0.0007375248 0 6.197688e-06 2.479075e-05 4.028497e-05 3.718613e-05 0.001332503 0.007006486 0.005667785 2.788959e-05 9.296531e-06 3.098844e-05 0.000793304 0 0 8.676763e-05 6.197688e-06 8.056994e-05 0.0003408728 0.0001332503 0 3.098844e-06 0 0.0001766341 0
2.788959e-05 9.296531e-06 8.986647e-05 0.07281043 0.001025717 0.1060548 0.0009048624 0.03576066 0.003861159 0.06568929 6.817456e-05 0.04795151 6.817456e-05 0.02039349 0.005072807 1.549422e-05 9.296531e-06 6.197688e-06 6.197688e-06 0.0514625 3.098844e-06 7.127341e-05 4.95815e-05 0.01163616 1.239538e-05 3.718613e-05 6.197688e-05 0.03500764 0.01615737 9.296531e-06 0 0.0088441 9.296531e-06 0.0006073734 0.0001239538 0.0006228676 9.296531e-06 0.0016083 3.098844e-05 0.02685768 5.268034e-05 0 9.296531e-06 0 0 0 0.0001766341 0 9.296531e-06 8.366878e-05 1.239538e-05 6.507572e-05 0.0002355121 0 0.0006290653 0 0 3.098844e-06 0 0 0 0 5.577919e-05 0 0 0 0.0002231168 0 0 3.098844e-06 0.0002788959 3.098844e-06 0 0 3.098844e-06 0 0 0 0 0 1.239538e-05 3.098844e-06 1.859306e-05 0 0 0
6.197688e-06 0.01415242 0.0002695994 3.718613e-05 0.0001084595 0.0001952272 0.0003873555 0.0001487445 0.002736279 0.0008180948 0.07407786 6.817456e-05 0.0436844 0.002290046 3.098844e-06 0.0002603029 0.0003408728 0.006247269 0.001837614 0.0001332503 6.817456e-05 0.007328766 0.0007778098 0.002510063 0.06032209 0.05928088 0.0554848 0.001075299 0.001558718 0.0001487445 0.01147502 0.001400677 0 0.008326593 0.0009947289 0.009426683 0.07868584 0.07431957 0.009984475 0.001450259 0.0001704364 0.01622865 0.0001115584 3.098844e-06 0.0002788959 0.000198326 0 0 3.098844e-06 1.859306e-05 0 2.788959e-05 3.098844e-06 0.009417386 0 0.0187511 3.098844e-06 0 1.549422e-05 2.479075e-05 0.0004710243 0.0001642387 0 0 5.887803e-05 3.098844e-05 0.0001301514 0.004013003 0.006166699 0.00812207 0.0001022618 2.169191e-05 1.239538e-05 0.002940803 0 0 6.817456e-05 1.859306e-05 0.0001177561 0.001059805 0.0001115584 3.098844e-06 3.098844e-06 3.098844e-06 0.0005330011 0
0.02184375 8.366878e-05 0.03259054 0.002630918 3.098844e-05 0.04228992 0.1109355 0.09521508 0.00190269 0.1012919 0.001654783 0.02039349 0.002290046 0.09939851 0.0005825826 0.0002881925 0.0348496 0.0003067855 0.003848764 0.01208859 0.01253482 0.0005670884 0.07963099 0.03000301 5.887803e-05 0.007561179 0.001189956 0.06740295 0.04340241 0.09646391 6.197688e-06 0.002736279 0.0006786468 0.007093254 9.606416e-05 0.003504792 0.0002850936 0.0115215 0.000576385 0.006042745 0.002383011 0.0002045237 2.479075e-05 7.437225e-05 0 6.197688e-06 7.74711e-05 0 1.859306e-05 0.0009265543 9.9163e-05 0.0001952272 0.0001425468 1.239538e-05 1.549422e-05 3.098844e-06 9.296531e-05 3.098844e-06 0.0001952272 0 3.098844e-06 3.098844e-06 3.098844e-05 0.0001270526 0.000297489 2.479075e-05 0.003204205 0 1.859306e-05 5.268034e-05 0.003901444 0.0005670884 0.0002169191 0 1.549422e-05 4.028497e-05 0.0001673376 3.098844e-06 0.0004865185 1.549422e-05 0.000576385 0.0001208549 3.408728e-05 5.887803e-05 0 6.197688e-06
6.197688e-06 2.479075e-05 0.0001239538 0.001915085 0.01411833 0.01606751 0.0009172578 0.008373076 0.005264936 0.001970865 3.098844e-06 0.005072807 3.098844e-06 0.0005825826 0.003545077 9.296531e-06 9.296531e-06 3.098844e-06 0 0.003148425 6.197688e-06 0.0001239538 6.817456e-05 0.01616357 1.859306e-05 4.028497e-05 8.056994e-05 0.005612006 0.0002479075 6.197688e-06 0 0.008026005 9.296531e-06 6.197688e-06 0 2.169191e-05 0 4.95815e-05 0 0.0109792 0.0002107214 0 0 0 0 0 9.296531e-06 0 0 0 0 0 6.197688e-06 0 9.296531e-06 0 0 0 3.098844e-06 0 0 0 0 0 0 0 1.859306e-05 0 0 0 1.859306e-05 3.098844e-06 0 0 0 0 0 0 3.098844e-06 0 0 0 0 0 0 0
0.0001053607 0.0003253786 0.001230241 3.098844e-06 0 9.296531e-06 0.001000927 0.0001456457 0.001354195 7.127341e-05 0.0003098844 1.549422e-05 0.0002603029 0.0002881925 9.296531e-06 0.005162674 0.01017041 0.0004989139 0.003074053 3.098844e-06 0.02689487 0.05250681 0.02523079 0.04431347 0.000238611 0.006953806 0.1211369 0.01372168 0.0003935532 0.03048333 1.239538e-05 1.239538e-05 9.606416e-05 0.02538883 0.003418025 0.2183538 0.03263702 0.07005556 0.04700326 0.0008304901 9.606416e-05 7.127341e-05 0.0008118971 1.239538e-05 0.0003315763 0.0008800716 0 0 0 0.000139448 9.296531e-06 3.098844e-06 6.197688e-06 3.098844e-06 0 2.479075e-05 3.098844e-06 0 0.03918798 7.437225e-05 2.169191e-05 7.437225e-05 0 0.008106575 0.01817472 0.03452422 0.002339627 6.197688e-06 0.0006290653 0.02387349 0.003396333 4.338381e-05 0.0002479075 3.098844e-06 0 1.549422e-05 0.0001456457 2.788959e-05 0.00045553 7.437225e-05 0.0002726983 2.169191e-05 3.098844e-06 0 3.098844e-06 0
0.02083043 0.004840394 0.02939563 3.408728e-05 0 0.0001673376 0.007576673 0.01695997 0.00099163 0.0005051115 0.003455211 9.296531e-06 0.0003408728 0.0348496 9.296531e-06 0.01017041 0.003520287 0.002575139 0.01096681 6.197688e-06 0.009420485 0.002200179 0.03722951 0.01133557 0.0002355121 0.05422047 0.3482171 0.0163464 0.03202655 0.01691349 3.098844e-06 7.437225e-05 0.0008521821 0.01553141 5.268034e-05 0.005630599 0.002317935 0.01047719 0.001794231 2.788959e-05 9.296531e-06 3.718613e-05 1.549422e-05 3.098844e-06 0.003414926 0.008865792 0 0 0 0.0002076225 6.197688e-06 6.197688e-06 6.197688e-06 1.239538e-05 0 2.479075e-05 6.197688e-06 0 0.0003067855 0.0002850936 5.887803e-05 0.0002510063 0 9.296531e-05 0.0001735353 0.001035014 0.0001518433 1.859306e-05 0.01185928 0.002745576 0.000238611 1.859306e-05 4.338381e-05 9.296531e-06 0 0 0.0001859306 0 0.0001735353 7.437225e-05 0.0001890295 9.296531e-06 9.296531e-06 0 0 0
0.0001518433 0.001341799 0.000932752 0 2.169191e-05 1.239538e-05 0.0001549422 0.0001487445 0.0007282283 2.788959e-05 0.01738451 6.197688e-06 0.006247269 0.0003067855 3.098844e-06 0.0004989139 0.002575139 0.001685771 0.01190266 0 9.606416e-05 0.001323206 0.0005391988 0.001134177 0.0107313 0.05927778 0.1101763 0.0003284774 0.0005887803 0.000139448 0.0001053607 0.0001518433 3.098844e-06 0.01410594 0.0001115584 0.01556549 0.02521839 0.05993784 0.01111865 5.268034e-05 5.268034e-05 0.0004896173 9.296531e-05 1.239538e-05 0.0005825826 0.0003749601 0 0 3.098844e-06 3.098844e-05 3.098844e-06 3.098844e-06 3.098844e-06 0.0008831705 0 0.002692895 6.197688e-06 0 2.788959e-05 9.296531e-05 0.002782762 0.001208549 0 9.296531e-06 1.549422e-05 5.887803e-05 6.197688e-05 0.00163619 0.01378986 0.01423609 2.169191e-05 9.296531e-06 5.887803e-05 0.0005206058 0 0 0.0001797329 0 0.0001208549 0.0001425468 0.0002138202 3.098844e-06 0 0 2.479075e-05 3.098844e-06
0.001896492 0.002990384 0.00608303 9.296531e-06 6.197688e-06 9.296531e-06 0.001357294 0.002190883 0.0007592167 0.0001270526 0.02162993 6.197688e-06 0.001837614 0.003848764 0 0.003074053 0.01096681 0.01190266 0.007307074 3.098844e-06 0.0007902052 0.00219708 0.00621938 0.003433519 0.006637723 0.1153111 0.2672629 0.002634017 0.003176315 0.001558718 4.028497e-05 6.507572e-05 7.437225e-05 0.01451189 9.606416e-05 0.01115274 0.005577919 0.02605818 0.005391988 3.098844e-05 3.408728e-05 0.0001890295 6.507572e-05 1.859306e-05 0.001639288 0.002097917 3.098844e-06 0 0 8.366878e-05 0 6.197688e-06 1.239538e-05 0.0003718613 0 0.0009172578 9.296531e-06 0 9.296531e-05 0.0001828318 0.00193058 0.001667178 0 2.479075e-05 6.817456e-05 0.0003997509 4.648266e-05 0.0009420485 0.01619766 0.006476584 4.95815e-05 3.098844e-05 9.606416e-05 0.0001084595 0 0 0.0002293144 3.098844e-06 0.0001828318 0.0002293144 0.0003191809 6.197688e-06 0 0 1.549422e-05 0
5.577919e-05 0 4.338381e-05 0.0436782 0.0002943902 0.02719545 0.0004307393 0.01578551 0.01158658 0.03499214 4.028497e-05 0.0514625 0.0001332503 0.01208859 0.003148425 3.098844e-06 6.197688e-06 0 3.098844e-06 0.004189637 6.197688e-06 1.549422e-05 3.408728e-05 0.006523066 0 1.239538e-05 1.549422e-05 0.05488672 0.01592806 1.239538e-05 0 0.004198933 5.887803e-05 0.0008893682 2.788959e-05 0.001757044 1.239538e-05 0.003194908 6.197688e-05 0.01736282 0.0001363491 1.239538e-05 2.169191e-05 3.098844e-06 0 0 0.0005732861 0 1.239538e-05 0.0004648266 7.74711e-05 0.0001828318 0.0008645774 0 0.0001735353 0 1.549422e-05 0 0 0 0 0 0.000297489 0 0 0 0.001332503 0 0 0 0.001279822 2.479075e-05 3.098844e-06 0 6.197688e-06 0 3.098844e-06 0 9.296531e-06 0 6.197688e-05 3.098844e-06 2.479075e-05 3.098844e-06 0 0
0.009652899 0.0005020127 0.007139736 9.296531e-06 0 0.0001518433 0.03395093 0.005376494 0.001149671 0.000554693 0.0001022618 3.098844e-06 6.817456e-05 0.01253482 6.197688e-06 0.02689487 0.009420485 9.606416e-05 0.0007902052 6.197688e-06 0.2012637 0.004685452 0.1502072 0.01015181 8.056994e-05 0.001059805 0.04835436 0.09451474 0.0115339 0.2222367 6.197688e-06 2.169191e-05 0.0003160821 0.0777252 0.004484027 0.1797298 0.01771609 0.1477529 0.05686378 0.0007096352 0.000257204 1.859306e-05 0.000753019 3.098844e-05 0.0001549422 0.000653856 0 0 1.549422e-05 0.0003780589 3.408728e-05 3.718613e-05 3.098844e-05 0 0 6.197688e-06 1.549422e-05 3.098844e-06 0.01403466 1.859306e-05 0 1.239538e-05 0 0.005264936 0.005599611 0.003836369 0.004626574 6.197688e-06 0.0001456457 0.003198007 0.006017955 0.0003811578 0.0006073734 0 3.098844e-06 7.127341e-05 0.0002912913 1.549422e-05 0.0006848445 7.437225e-05 0.0004493324 6.817456e-05 2.788959e-05 1.859306e-05 0 9.296531e-06
0.0001673376 0.0605762 0.00168887 6.197688e-06 0 6.197688e-05 0.005509744 0.0005794838 0.03418025 0.0003470705 0.001289119 7.127341e-05 0.007328766 0.0005670884 0.0001239538 0.05250681 0.002200179 0.001323206 0.00219708 1.549422e-05 0.004685452 0.008115872 0.01109076 0.06582564 0.02648892 0.01786483 0.0962284 0.007685133 0.001047409 0.006792666 0.001574213 2.788959e-05 0.000198326 0.001406875 0.0002200179 0.02247591 0.0009823335 0.005525239 0.004267108 0.0001363491 9.296531e-06 0.0005732861 3.408728e-05 3.098844e-06 0.0001766341 0.000635263 0 3.098844e-06 0 4.95815e-05 0 3.098844e-06 3.098844e-06 2.788959e-05 0 7.127341e-05 6.197688e-06 0 0.01296556 5.577919e-05 5.577919e-05 3.718613e-05 0 0.00273318 0.0006910422 0.008751135 0.0008676763 3.098844e-05 0.0005856815 0.0075054 0.001118683 0 6.197688e-05 9.296531e-06 0 0 4.028497e-05 3.098844e-06 0.0001363491 3.098844e-05 0.0001208549 1.239538e-05 0 0 0 0
0.04293448 0.002243563 0.0771984 0.0001239538 0 0.0009947289 0.1233836 0.03770363 0.002290046 0.004211329 0.0005361 4.95815e-05 0.0007778098 0.07963099 6.817456e-05 0.02523079 0.03722951 0.0005391988 0.00621938 3.408728e-05 0.1502072 0.01109076 0.104744 0.02946691 6.197688e-05 0.02330331 0.3036712 0.1519239 0.04884088 0.1706285 3.098844e-06 0.0003439717 0.0009885312 0.06684826 0.005026325 0.2982296 0.09446516 0.2140929 0.0986455 0.002138202 0.0001084595 0.0004276404 0.001375887 1.549422e-05 0.002776564 0.00865817 3.098844e-06 0 3.098844e-06 0.0003284774 1.549422e-05 2.479075e-05 1.239538e-05 2.169191e-05 0 2.479075e-05 9.296531e-06 0 0.01615117 0.0002417098 3.098844e-06 0.0001766341 3.098844e-06 0.002336528 0.007437225 0.04063824 0.001038113 6.197688e-06 0.001038113 0.04062584 0.001397579 8.986647e-05 0.0001115584 6.197688e-06 0 1.859306e-05 0.0001487445 3.718613e-05 0.0003067855 3.718613e-05 0.0002665006 4.338381e-05 1.239538e-05 3.098844e-06 0 3.098844e-06
0.01167954 0.0150046 0.04458926 0.0107313 3.098844e-05 0.002541052 0.04599614 0.01985119 0.1554597 0.0128757 0.0006662514 0.01163616 0.002510063 0.03000301 0.01616357 0.04431347 0.01133557 0.001134177 0.003433519 0.006523066 0.01015181 0.06582564 0.02946691 0.097031 0.009119897 0.02993173 0.1728628 0.0999749 0.1190111 0.08488663 0.0003749601 0.002482174 0.02264635 0.05321954 0.002643314 0.1087787 0.005134784 0.08973322 0.02750844 0.00806629 0.002290046 0.0002076225 0.0008118971 0.000337774 0.0002324133 0.0006569549 0.00262782 9.296531e-06 0.0002788959 0.006929015 0.0009265543 0.004747429 0.004546004 5.887803e-05 0.0001735353 2.479075e-05 0.000594978 1.859306e-05 0.004654463 2.788959e-05 3.718613e-05 5.268034e-05 0.001177561 0.002057632 0.006380519 0.001075299 0.03061348 2.169191e-05 0.0005980769 0.001372788 0.03534541 0.003074053 0.001062903 2.169191e-05 5.268034e-05 0.0003253786 0.0009017636 4.648266e-05 0.002280749 7.74711e-05 0.003005879 0.0005453965 0.0002169191 0.0002912913 6.197688e-06 4.648266e-05
1.239538e-05 0.01860856 9.606416e-05 0 0 1.239538e-05 0.0005577919 3.408728e-05 0.01158658 5.268034e-05 0.009826434 1.239538e-05 0.06032209 5.887803e-05 1.859306e-05 0.000238611 0.0002355121 0.0107313 0.006637723 0 8.056994e-05 0.02648892 6.197688e-05 0.009119897 0.003858061 0.04263389 0.06109371 0.00104431 8.986647e-05 0.0002355121 0.005264936 0 9.296531e-06 0.0003160821 1.859306e-05 0.002342726 0.002646413 0.005460163 0.001109386 1.549422e-05 3.098844e-06 0.003975817 3.098844e-06 3.098844e-06 0.0002695994 0.0001084595 0 0 0 6.197688e-06 0 1.239538e-05 6.197688e-06 0.002463581 3.098844e-06 0.006101623 0 0 1.859306e-05 1.239538e-05 0.0003501694 0.000158041 0 3.098844e-06 2.788959e-05 1.549422e-05 5.268034e-05 0.0007003387 0.003854962 0.007257492 3.098844e-06 3.098844e-06 3.098844e-06 0.0009482462 0 0 4.648266e-05 3.098844e-06 4.95815e-05 0.000139448 0.0001239538 9.296531e-06 0 0 0.0001518433 0
0.002968692 0.02299962 0.07446212 1.549422e-05 4.338381e-05 0.0001146572 0.00868296 0.005131685 0.008456745 0.0004617277 0.05056383 3.718613e-05 0.05928088 0.007561179 4.028497e-05 0.006953806 0.05422047 0.05927778 0.1153111 1.239538e-05 0.001059805 0.01786483 0.02330331 0.02993173 0.04263389 0.1755712 0.4679533 0.01400058 0.003235193 0.002990384 0.0009110601 0.0003501694 7.437225e-05 0.05767258 0.0009048624 0.2091596 0.1926427 0.2407864 0.06257805 0.0003997509 0.0001239538 0.003492397 0.0009947289 5.577919e-05 0.008887484 0.008472239 0 0 3.098844e-06 0.0003656636 1.549422e-05 3.098844e-05 2.788959e-05 0.005007732 1.239538e-05 0.01882238 5.887803e-05 0 0.000734426 0.0008180948 0.008159256 0.00568328 0 0.0001518433 0.0005887803 0.002751773 0.0004431347 0.00549425 0.07483398 0.05590624 0.0004679254 0.0001084595 0.0003284774 0.003603955 0 1.239538e-05 0.0009978277 4.95815e-05 0.0009668393 0.0009606416 0.001310811 5.577919e-05 2.169191e-05 0 0.0002076225 0
0.0003718613 0.07037474 0.1515428 1.859306e-05 0 0.0001270526 0.01897112 0.001028816 0.03298099 0.0005856815 0.07776549 6.197688e-05 0.0554848 0.001189956 8.056994e-05 0.1211369 0.3482171 0.1101763 0.2672629 1.549422e-05 0.04835436 0.0962284 0.3036712 0.1728628 0.06109371 0.4679533 0.3995184 0.122677 0.001326305 0.003489298 0.0010722 8.366878e-05 0.0001270526 0.07647637 0.003328158 0.3716536 0.1161695 0.3617683 0.103647 0.001066002 3.408728e-05 0.002503866 0.001571114 9.296531e-05 0.04445291 0.06547857 0 0 1.239538e-05 0.001230241 0.0001022618 4.95815e-05 8.056994e-05 0.004781516 6.197688e-06 0.01584439 7.437225e-05 0 0.002441889 0.002073127 0.007139736 0.007276085 6.197688e-06 0.0002757971 0.004886877 0.028404 0.0005515942 0.005748355 0.1086981 0.1129188 0.001193055 0.0001022618 0.0004152451 0.003529583 3.098844e-06 0 0.001654783 7.437225e-05 0.001347997 0.001174462 0.001989458 7.127341e-05 2.169191e-05 0 0.0001642387 3.098844e-06
0.02480315 0.001416172 0.0755932 0.04766951 4.028497e-05 0.01263709 0.2176783 0.04640519 0.1060424 0.07519035 0.0002541052 0.03500764 0.001075299 0.06740295 0.005612006 0.01372168 0.0163464 0.0003284774 0.002634017 0.05488672 0.09451474 0.007685133 0.1519239 0.0999749 0.00104431 0.01400058 0.122677 0.2184561 0.1835104 0.2926517 3.718613e-05 0.002296243 0.03005569 0.08043359 0.003148425 0.1047936 0.004394161 0.1060486 0.03181893 0.005326913 0.002593732 0.0001642387 0.0008087982 0.001214747 8.676763e-05 0.0003191809 0.005608907 2.169191e-05 0.0005887803 0.01535167 0.002054533 0.00731637 0.009547538 0.0001363491 0.001521532 1.239538e-05 0.001605201 5.577919e-05 0.004700946 3.408728e-05 6.197688e-05 4.95815e-05 0.002454284 0.00203594 0.005224651 0.001025717 0.05930257 6.197688e-06 0.0002665006 0.001177561 0.0702229 0.007917546 0.002243563 0 0.0001859306 0.0005794838 0.001939876 9.9163e-05 0.005670884 0.0002014248 0.007437225 0.001406875 0.0005299023 0.0007902052 1.239538e-05 0.0001053607
0.05725734 9.9163e-05 0.00758597 0.005054214 0.0005825826 0.02763549 0.07762914 0.03025711 0.004161747 0.1313259 0.004440643 0.01615737 0.001558718 0.04340241 0.0002479075 0.0003935532 0.03202655 0.0005887803 0.003176315 0.01592806 0.0115339 0.001047409 0.04884088 0.1190111 8.986647e-05 0.003235193 0.001326305 0.1835104 0.1168419 0.144809 3.098844e-06 0.01115584 0.03175075 0.02574829 0.0001115584 0.02736279 0.001583509 0.02714897 0.001602102 0.01596524 0.004412754 9.296531e-05 6.817456e-05 0.0003160821 9.296531e-06 3.098844e-05 0.0001115584 0 4.338381e-05 0.002125807 0.0002262156 0.0007034375 0.0003098844 1.239538e-05 1.549422e-05 3.098844e-06 0.0003253786 0 0.0004865185 0 0 6.197688e-06 5.268034e-05 0.0002634017 0.0008459844 4.028497e-05 0.008487733 3.098844e-06 2.788959e-05 6.817456e-05 0.01114654 0.002073127 0.0007003387 0 1.239538e-05 0.0001735353 0.0005484954 3.098844e-05 0.001698166 5.887803e-05 0.001654783 0.0003222798 6.507572e-05 0.000158041 0 3.098844e-05
0.09716115 0.0002200179 0.03423913 6.507572e-05 0 0.0003780589 0.1819734 0.02381461 0.004552202 0.001797329 8.056994e-05 9.296531e-06 0.0001487445 0.09646391 6.197688e-06 0.03048333 0.01691349 0.000139448 0.001558718 1.239538e-05 0.2222367 0.006792666 0.1706285 0.08488663 0.0002355121 0.002990384 0.003489298 0.2926517 0.144809 0.1877682 1.239538e-05 0.0002355121 0.009237653 0.04647956 0.0008304901 0.01706843 0.0009637404 0.04838535 0.01210718 0.0001239538 0.0003160821 2.788959e-05 0.0001053607 0.0003253786 6.197688e-06 5.577919e-05 0 0 4.028497e-05 0.001716759 0.0001487445 0.000356367 0.0001146572 1.239538e-05 0 3.098844e-06 0.0001952272 3.098844e-06 0.005590314 6.197688e-06 3.098844e-06 1.239538e-05 0 0.003095745 0.005277331 0.0006104722 0.009432881 3.098844e-06 4.648266e-05 0.0004183439 0.01351096 0.002135103 0.001335602 0 1.239538e-05 0.0004059485 0.0009544439 9.296531e-06 0.002249761 0.0001456457 0.00174155 0.0002943902 3.098844e-05 0.0001084595 6.197688e-06 2.788959e-05
0 0.002767268 1.239538e-05 0 0 0 3.098844e-05 0 0.0005299023 3.098844e-06 0.003101943 0 0.01147502 6.197688e-06 0 1.239538e-05 3.098844e-06 0.0001053607 4.028497e-05 0 6.197688e-06 0.001574213 3.098844e-06 0.0003749601 0.005264936 0.0009110601 0.0010722 3.718613e-05 3.098844e-06 1.239538e-05 3.098844e-06 3.098844e-06 0 0.0002293144 0 0.0001952272 0.005100697 0.003439717 0.0003904543 0 6.197688e-06 0.0004741231 3.098844e-06 0 2.169191e-05 1.239538e-05 0 0 0 0 0 0 0 0.0005453965 0 0.001639288 0 0 0 0 6.817456e-05 9.296531e-06 0 0 3.098844e-06 3.098844e-06 2.169191e-05 0.0001239538 0.001010223 0.001230241 6.197688e-06 0 3.098844e-06 0.0004214428 0 0 3.098844e-06 0 3.098844e-06 4.028497e-05 1.549422e-05 3.098844e-06 0 0 1.239538e-05 0
0.0001859306 9.296531e-06 0.0002200179 0.0004648266 0.002587535 0.02691036 0.002128906 0.007310173 0.0002262156 0.0182243 0.002286947 0.0088441 0.001400677 0.002736279 0.008026005 1.239538e-05 7.437225e-05 0.0001518433 6.507572e-05 0.004198933 2.169191e-05 2.788959e-05 0.0003439717 0.002482174 0 0.0003501694 8.366878e-05 0.002296243 0.01115584 0.0002355121 3.098844e-06 2.169191e-05 0.0005330011 0.006507572 3.098844e-05 0.01564296 0.0006135711 0.01893084 0.0007623156 0.02807243 0.006086129 6.507572e-05 6.817456e-05 9.296531e-06 0 0 9.296531e-06 0 0 0.0001177561 1.239538e-05 1.859306e-05 2.479075e-05 3.098844e-06 2.169191e-05 0 3.098844e-05 0 0 0 0 0 0 3.098844e-06 9.296531e-06 0 0.0004586289 0 3.098844e-06 6.197688e-06 0.0005639896 9.9163e-05 3.098844e-05 0 0 9.296531e-06 2.479075e-05 0 6.197688e-05 3.098844e-06 6.197688e-05 2.169191e-05 0 1.239538e-05 0 0
8.986647e-05 1.549422e-05 9.606416e-05 0.0001518433 0 0.000139448 0.003238292 0.0006817456 0.0006042745 0.000932752 9.296531e-06 9.296531e-06 0 0.0006786468 9.296531e-06 9.606416e-05 0.0008521821 3.098844e-06 7.437225e-05 5.887803e-05 0.0003160821 0.000198326 0.0009885312 0.02264635 9.296531e-06 7.437225e-05 0.0001270526 0.03005569 0.03175075 0.009237653 0 0.0005330011 0.0005794838 0.002977989 6.197688e-06 6.507572e-05 0.000198326 0.001183758 0.000653856 1.239538e-05 6.197688e-06 3.098844e-06 0 3.098844e-05 0 0 6.197688e-06 0 3.098844e-06 0.0002510063 2.169191e-05 0.0001022618 2.479075e-05 0 0 0 4.338381e-05 0 0.0001611399 0 3.098844e-06 0 0 8.366878e-05 0.0002045237 9.296531e-06 0.001047409 0 0 3.098844e-06 0.001453358 0.0002819948 0.0001084595 0 3.098844e-06 2.788959e-05 9.296531e-05 3.098844e-06 0.000297489 3.098844e-06 0.0002138202 3.408728e-05 3.098844e-06 1.549422e-05 0 0
0.003179414 0.001837614 0.005106895 0.0004772219 0.000734426 0.001657881 0.008605489 0.001716759 0.000973037 0.009048624 0.07010824 0.0006073734 0.008326593 0.007093254 6.197688e-06 0.02538883 0.01553141 0.01410594 0.01451189 0.0008893682 0.0777252 0.001406875 0.06684826 0.05321954 0.0003160821 0.05767258 0.07647637 0.08043359 0.02574829 0.04647956 0.0002293144 0.006507572 0.002977989 0.01555 0.0003532682 0.007995017 0.01951032 0.0436813 0.01562437 0.001385183 0.000653856 0.001103188 7.437225e-05 8.056994e-05 0.0005113092 0.001335602 6.197688e-06 0 3.098844e-06 0.0003501694 2.788959e-05 8.986647e-05 5.887803e-05 1.239538e-05 3.098844e-06 1.549422e-05 5.887803e-05 0 0.0005825826 1.239538e-05 2.479075e-05 7.74711e-05 9.296531e-06 0.0002324133 0.000495815 0.0006383618 0.001757044 6.197688e-06 0.0009947289 0.001360392 0.002336528 0.0003873555 0.0001642387 0 0 4.338381e-05 0.0001673376 6.197688e-06 0.0004121462 3.098844e-05 0.0003780589 5.577919e-05 1.549422e-05 3.408728e-05 0 9.296531e-06
3.098844e-06 3.408728e-05 0.0002138202 6.197688e-06 0 0.0001115584 0.0001859306 9.606416e-05 7.437225e-05 0.0001053607 0.0002231168 0.0001239538 0.0009947289 9.606416e-05 0 0.003418025 5.268034e-05 0.0001115584 9.606416e-05 2.788959e-05 0.004484027 0.0002200179 0.005026325 0.002643314 1.859306e-05 0.0009048624 0.003328158 0.003148425 0.0001115584 0.0008304901 0 3.098844e-05 6.197688e-06 0.0003532682 0.6878752 0.2241084 0.001800428 0.02762929 0.0316206 0.0002231168 0.000158041 0.0007003387 0.001970865 0 2.169191e-05 0.0001363491 0 0 0 1.859306e-05 3.098844e-06 0 0 2.479075e-05 3.098844e-06 3.098844e-06 0 0 8.676763e-05 3.098844e-06 3.098844e-06 3.098844e-06 0 3.718613e-05 3.408728e-05 0.0002603029 5.577919e-05 0 8.366878e-05 0.0004028497 0.0001208549 2.169191e-05 1.549422e-05 0 0 3.098844e-06 9.296531e-06 0.2381183 0.001081496 0.0002014248 0.0008211936 0.001853109 3.098844e-06 1.549422e-05 4.95815e-05 1.239538e-05
0.0001766341 0.004676155 0.02845049 0.001276724 5.268034e-05 0.001834516 0.01333432 0.003783688 0.002364418 0.02030672 0.01109696 0.0006228676 0.009426683 0.003504792 2.169191e-05 0.2183538 0.005630599 0.01556549 0.01115274 0.001757044 0.1797298 0.02247591 0.2982296 0.1087787 0.002342726 0.2091596 0.3716536 0.1047936 0.02736279 0.01706843 0.0001952272 0.01564296 6.507572e-05 0.007995017 0.2241084 0.06134781 0.4330386 0.2042386 0.03499834 0.0589586 0.0176944 0.01347377 0.005286628 0.0001642387 0.00292221 0.007390743 1.859306e-05 3.098844e-06 1.239538e-05 0.001013322 0.0001053607 0.0003780589 0.0001611399 8.366878e-05 6.197688e-06 8.366878e-05 0.0001239538 0 0.004642068 0.0002107214 0.0002541052 0.0004648266 9.296531e-06 0.001174462 0.002138202 0.005391988 0.004440643 9.296531e-05 0.007499202 0.007892755 0.006039647 0.001109386 0.0003997509 1.549422e-05 6.197688e-06 0.0001239538 0.0004741231 0.003039966 0.001177561 0.0001208549 0.001118683 0.0001673376 4.338381e-05 0.0001177561 6.197688e-06 2.788959e-05
1.859306e-05 0.001202351 0.01576692 6.197688e-05 6.197688e-06 6.507572e-05 0.001320107 0.0002324133 0.0003067855 0.0005113092 0.07013613 9.296531e-06 0.07868584 0.0002850936 0 0.03263702 0.002317935 0.02521839 0.005577919 1.239538e-05 0.01771609 0.0009823335 0.09446516 0.005134784 0.002646413 0.1926427 0.1161695 0.004394161 0.001583509 0.0009637404 0.005100697 0.0006135711 0.000198326 0.01951032 0.001800428 0.4330386 0.1046263 0.1025283 0.015017 0.004806307 0.0003811578 0.001880998 0.001208549 9.296531e-06 0.0007096352 0.001270526 0 0 0 4.648266e-05 3.098844e-06 1.239538e-05 3.098844e-06 0.001372788 0 0.00203594 6.197688e-06 0 0.000892467 7.127341e-05 0.0001673376 0.0001952272 0 0.0001456457 0.0003222798 0.001007124 0.0001425468 0.0004245416 0.002863332 0.001735353 0.0002014248 4.648266e-05 1.859306e-05 0.0002014248 0 0 7.437225e-05 4.028497e-05 0.001868603 0.000257204 8.056994e-05 3.098844e-06 0 0 9.606416e-05 0
0.0004276404 0.005615105 0.02257818 0.002479075 0.0009668393 0.004167945 0.02001543 0.004062584 0.003015175 0.03663143 0.2093517 0.0016083 0.07431957 0.0115215 4.95815e-05 0.07005556 0.01047719 0.05993784 0.02605818 0.003194908 0.1477529 0.005525239 0.2140929 0.08973322 0.005460163 0.2407864 0.3617683 0.1060486 0.02714897 0.04838535 0.003439717 0.01893084 0.001183758 0.0436813 0.02762929 0.2042386 0.1025283 0.01867363 0.01095441 0.01096681 0.0005484954 0.008131366 0.002454284 0.000257204 0.002451185 0.007223405 5.887803e-05 3.098844e-06 2.169191e-05 0.001574213 0.0001425468 0.0004989139 0.0001549422 8.056994e-05 1.549422e-05 0.0001115584 0.0001952272 0 0.001103188 0.0002014248 0.000158041 0.0003098844 1.239538e-05 0.000337774 0.0009265543 0.002764169 0.005630599 8.056994e-05 0.005959077 0.005797937 0.008007412 0.001440962 0.0004431347 1.549422e-05 6.197688e-06 0.0001549422 0.0004400358 0.0003160821 0.001546323 0.0001239538 0.001326305 0.000257204 6.507572e-05 0.0001363491 3.098844e-06 1.549422e-05
5.887803e-05 0.001118683 0.006857741 7.127341e-05 8.056994e-05 0.0001332503 0.002482174 0.0002293144 0.0005175069 0.000932752 0.02771606 3.098844e-05 0.009984475 0.000576385 0 0.04700326 0.001794231 0.01111865 0.005391988 6.197688e-05 0.05686378 0.004267108 0.0986455 0.02750844 0.001109386 0.06257805 0.103647 0.03181893 0.001602102 0.01210718 0.0003904543 0.0007623156 0.000653856 0.01562437 0.0316206 0.03499834 0.015017 0.01095441 0.0002138202 0.0005206058 9.296531e-06 0.001261229 0.0003439717 1.239538e-05 0.0006476584 0.001819021 0 0 0 0.000158041 2.479075e-05 5.887803e-05 1.239538e-05 6.197688e-06 0 1.859306e-05 2.169191e-05 0 0.0008707751 5.887803e-05 4.338381e-05 7.127341e-05 3.098844e-06 0.0002479075 0.0004431347 0.001177561 0.0008831705 2.479075e-05 0.001812824 0.001865504 0.001137276 0.0001921283 9.296531e-05 3.098844e-06 0 3.718613e-05 0.0001022618 0.0002603029 0.0003935532 1.859306e-05 0.0002138202 4.028497e-05 6.197688e-06 9.296531e-06 3.098844e-06 3.098844e-06
3.098844e-05 1.859306e-05 0.0001952272 0.004335283 0.01254722 0.01948553 0.001320107 0.01735972 0.003879752 0.01116823 0.0004121462 0.02685768 0.001450259 0.006042745 0.0109792 0.0008304901 2.788959e-05 5.268034e-05 3.098844e-05 0.01736282 0.0007096352 0.0001363491 0.002138202 0.00806629 1.549422e-05 0.0003997509 0.001066002 0.005326913 0.01596524 0.0001239538 0 0.02807243 1.239538e-05 0.001385183 0.0002231168 0.0589586 0.004806307 0.01096681 0.0005206058 0.008571402 0.002618523 0.0001673376 0.0004865185 1.549422e-05 6.197688e-06 2.788959e-05 0.0001611399 0 1.239538e-05 0.0001270526 2.788959e-05 3.408728e-05 0.0002726983 3.098844e-06 5.887803e-05 0 1.239538e-05 0 1.239538e-05 0 3.098844e-06 0 7.437225e-05 3.098844e-06 2.788959e-05 1.859306e-05 0.0004617277 0 1.549422e-05 4.338381e-05 0.0007499202 6.507572e-05 1.549422e-05 0 0 3.098844e-06 1.549422e-05 1.239538e-05 7.74711e-05 0 7.437225e-05 1.549422e-05 2.788959e-05 0 0 3.098844e-06
3.098844e-06 3.098844e-06 1.549422e-05 0.0001363491 0.0006910422 0.0006290653 0.0007778098 0.0004741231 8.056994e-05 0.001530829 0.001521532 5.268034e-05 0.0001704364 0.002383011 0.0002107214 9.606416e-05 9.296531e-06 5.268034e-05 3.408728e-05 0.0001363491 0.000257204 9.296531e-06 0.0001084595 0.002290046 3.098844e-06 0.0001239538 3.408728e-05 0.002593732 0.004412754 0.0003160821 6.197688e-06 0.006086129 6.197688e-06 0.000653856 0.000158041 0.0176944 0.0003811578 0.0005484954 9.296531e-06 0.002618523 0 7.127341e-05 0.0001921283 1.549422e-05 3.098844e-06 0 0 0 0 7.74711e-05 0 1.239538e-05 6.197688e-06 0 0 0 1.859306e-05 0 3.098844e-06 0 0 0 3.098844e-06 0 2.479075e-05 0 0.0002231168 0 0 6.197688e-06 0.000356367 5.887803e-05 9.296531e-06 0 0 3.098844e-06 1.239538e-05 3.098844e-06 3.408728e-05 0 5.268034e-05 9.296531e-06 0 3.098844e-06 0 0
0 0.001409974 9.296531e-05 6.197688e-06 6.197688e-06 9.296531e-06 3.408728e-05 1.549422e-05 0.0001332503 5.887803e-05 0.02327542 0 0.01622865 0.0002045237 0 7.127341e-05 3.718613e-05 0.0004896173 0.0001890295 1.239538e-05 1.859306e-05 0.0005732861 0.0004276404 0.0002076225 0.003975817 0.003492397 0.002503866 0.0001642387 9.296531e-05 2.788959e-05 0.0004741231 6.507572e-05 3.098844e-06 0.001103188 0.0007003387 0.01347377 0.001880998 0.008131366 0.001261229 0.0001673376 7.127341e-05 3.098844e-06 7.74711e-05 3.098844e-06 3.718613e-05 1.239538e-05 0 0 0 0 0 3.098844e-06 0 0.0002943902 0 0.0008397867 0 0 3.098844e-06 6.197688e-06 2.169191e-05 1.549422e-05 0 0 6.197688e-06 1.549422e-05 2.479075e-05 0.0001301514 0.0006600537 0.001047409 2.479075e-05 6.197688e-06 0 0.0001332503 0 3.098844e-06 0 1.239538e-05 0.0001456457 2.788959e-05 9.296531e-06 0 0 0 2.169191e-05 0
6.197688e-06 1.239538e-05 9.296531e-05 1.859306e-05 0 2.788959e-05 0.0001332503 4.648266e-05 3.408728e-05 0.0003067855 7.127341e-05 9.296531e-06 0.0001115584 2.479075e-05 0 0.0008118971 1.549422e-05 9.296531e-05 6.507572e-05 2.169191e-05 0.000753019 3.408728e-05 0.001375887 0.0008118971 3.098844e-06 0.0009947289 0.001571114 0.0008087982 6.817456e-05 0.0001053607 3.098844e-06 6.817456e-05 0 7.437225e-05 0.001970865 0.005286628 0.001208549 0.002454284 0.0003439717 0.0004865185 0.0001921283 7.74711e-05 6.507572e-05 3.098844e-06 1.859306e-05 3.098844e-05 0 0 0 1.549422e-05 3.098844e-06 3.098844e-06 0 0 0 0 0 0 2.169191e-05 3.098844e-06 0 3.098844e-06 0 6.197688e-06 9.296531e-06 1.859306e-05 4.338381e-05 0 2.788959e-05 3.098844e-05 7.127341e-05 1.549422e-05 3.098844e-06 0 0 3.098844e-06 3.098844e-06 3.718613e-05 1.859306e-05 3.098844e-06 1.549422e-05 3.098844e-06 0 3.098844e-06 3.098844e-06 0
