0.006125717 0 0.005306735 6.325469e-05 6.658388e-06 0.0002097392 0.03654456 0.00867255 0.0001797765 0.0006092425 0.000103205 6.991307e-05 5.992549e-05 0.04392539 1.331678e-05 0.0001265094 0.004178139 4.993791e-05 0.0009621371 5.65963e-05 0.01356979 1.331678e-05 0.01363305 0.001072 9.987582e-06 0.001867678 9.987582e-05 0.02304468 0.04164156 0.1133824 1.331678e-05 0.000103205 0.001371628 0.005939282 0 0.0008655904 5.32671e-05 0.001368299 0.0002463604 3.329194e-05 0.0001298386 0 3.329194e-05 0 3.329194e-06 3.329194e-06 3.329194e-06 0 0 3.662113e-05 6.658388e-06 1.331678e-05 9.987582e-06 0 0 0 1.331678e-05 0 0 0 0 0 3.329194e-06 0 0 3.329194e-06 1.997516e-05 0 0 0 3.329194e-06 6.658388e-06 6.658388e-06 0 0 0 0 0 3.329194e-06 0 6.658388e-06 0 0 0 0 0
0 0.001161889 0.001348324 0 6.658388e-06 9.987582e-06 6.658388e-06 5.65963e-05 0.00937834 3.995033e-05 0.003129442 4.327952e-05 0.0112893 5.32671e-05 4.660872e-05 0.0001664597 0.01163553 5.992549e-05 0.0008589321 1.331678e-05 6.325469e-05 0.1007114 0.00223056 0.01229138 0.04276017 0.008972178 0.03079837 0.0001231802 2.996275e-05 5.32671e-05 3.329194e-05 0 0 0.01344329 2.996275e-05 0.00970793 0.008139879 0.02598103 0.00214733 4.660872e-05 3.329194e-06 0.004018337 0 0 5.65963e-05 0.004347927 0 0 0 4.327952e-05 0 9.987582e-06 0 7.657146e-05 0 3.329194e-06 0 0 1.664597e-05 0.001148572 4.660872e-05 0.0002030808 0 1.331678e-05 3.662113e-05 0.0007990066 2.996275e-05 0.0003761989 0.0004660872 0.005047058 1.331678e-05 0 0 0 3.329194e-06 0 0.0001331678 1.997516e-05 0.0007091183 0.0009754539 0.0019842 0.0001964224 0 0 0 0
0.005306735 0.001348324 0.01291727 0.0001165218 6.658388e-06 0.001767802 0.04421503 0.01294391 0.0001531429 0.004903903 0.0001598013 4.660872e-05 0.0002330436 0.02075087 1.664597e-05 0.002137343 0.06187973 0.000326261 0.01242122 1.664597e-05 0.02191941 6.325469e-05 0.1861885 0.002203926 1.331678e-05 0.1304511 0.08660898 0.02276503 0.00454435 0.01144244 0.00020641 7.657146e-05 0.0002463604 0.03256618 9.987582e-05 0.02183618 0.007620525 0.03565234 0.004208101 2.663355e-05 0.0001831057 0 3.995033e-05 1.664597e-05 0.0001231802 0.004261368 3.329194e-06 0 0 0.0001231802 0 6.325469e-05 9.987582e-06 6.658388e-06 6.658388e-06 0 6.658388e-06 0 0 0.000326261 0 6.658388e-06 0 2.663355e-05 0 0.0007757022 3.329194e-05 0 5.65963e-05 0.001165218 6.325469e-05 1.664597e-05 6.658388e-05 0 0 0 6.325469e-05 2.996275e-05 0.0005293419 0.0001531429 0.0009488203 7.657146e-05 0 0 0 0
6.325469e-05 0 0.0001165218 0.02706968 0.0001731181 0.01784781 0.005396624 0.00954147 0.01505129 0.06363089 0.0002630063 0.0912632 0.0003362486 0.008952203 0.0005526462 1.331678e-05 6.658388e-06 0.0001231802 2.330436e-05 0.0461393 0.0001831057 3.329194e-06 5.65963e-05 0.02887743 3.329194e-05 0.00020641 6.658388e-05 0.05180559 0.008908923 0.0002463604 3.329194e-05 0.0003528946 7.657146e-05 0.007454065 0.0001065342 0.004021666 6.991307e-05 0.007324227 0.0006924724 0.002117367 0.001771131 6.658388e-06 0.0001098634 5.992549e-05 0 3.329194e-06 0.0003362486 3.329194e-06 0.0002663355 0.001871007 0.000103205 0.001331678 0.0007191059 3.329194e-06 0.001751156 0 0.0004028325 1.997516e-05 0 0 0 0 0.0004760747 6.658388e-06 3.329194e-06 3.329194e-06 0.001028721 3.329194e-06 0 3.329194e-06 0.001654609 8.322985e-05 4.327952e-05 0 3.329194e-06 0 3.329194e-05 0 4.327952e-05 0 0.000103205 0 5.992549e-05 0 0 0
6.658388e-06 6.658388e-06 6.658388e-06 0.0001731181 0 0.001897641 0.0002530187 0.0009221867 0.01032383 0.0003995033 1.664597e-05 0.002769889 1.664597e-05 9.987582e-05 0.007054562 3.329194e-06 9.987582e-06 0 0 0.0002496896 3.662113e-05 3.995033e-05 1.664597e-05 0.002966312 0 3.329194e-06 3.329194e-06 0.0007490687 4.327952e-05 6.325469e-05 6.658388e-06 1.997516e-05 9.987582e-06 0.0003295902 1.331678e-05 8.988824e-05 1.997516e-05 0.0001598013 1.997516e-05 0.01479827 5.65963e-05 0 0 0 0 0 0 0 0 3.329194e-06 0 3.329194e-06 0 0 1.331678e-05 0 3.329194e-06 0 0 0 0 0 0 3.329194e-06 0 0 0 0 0 0 9.987582e-06 3.329194e-06 0 0 0 0 0 0 0 0 0 0 3.329194e-06 0 0 0
0.0002097392 9.987582e-06 0.001767802 0.01784781 0.001897641 0.1103128 0.08987159 0.07424769 0.003605517 0.2736531 0.0006392053 0.1631671 0.0004660872 0.01833054 0.003062859 9.987582e-05 0.0005526462 0.0001398261 0.0002030808 0.02011499 0.003532275 9.987582e-06 0.001977541 0.01207832 6.991307e-05 0.0007790314 0.0001265094 0.07181072 0.02082078 0.004807356 3.995033e-05 0.003828573 0.000119851 0.009288451 0.0009355035 0.002743256 0.0001131926 0.005499829 0.0006591804 0.01257437 0.00268666 0 6.991307e-05 7.990066e-05 0 3.329194e-06 0.0001131926 3.329194e-06 3.329194e-05 0.001228473 2.663355e-05 0.0003495654 0.0002630063 3.329194e-06 0.001151901 0 0.0003362486 0 3.329194e-06 0 0 0 0.0001265094 6.658388e-06 0 0 0.0004560996 3.329194e-06 0 6.658388e-06 0.0007623854 0.000119851 7.657146e-05 0 3.329194e-06 0 6.658388e-06 3.329194e-06 8.655904e-05 3.329194e-06 0.000223056 0 3.329194e-06 0 0 3.329194e-06
0.03654456 6.658388e-06 0.04421503 0.005396624 0.0002530187 0.08987159 0.1784614 0.09245838 0.003861865 0.1500068 0.0008389569 0.006262214 0.0008289693 0.1126999 0.0004161493 0.001894311 0.005000449 0.0003329194 0.001578038 0.0006358761 0.1140682 0.0009022116 0.044508 0.04596618 6.325469e-05 0.009781172 0.001195181 0.5079318 0.02578794 0.1412111 8.322985e-05 0.001151901 0.001627976 0.02073422 7.990066e-05 0.01353983 0.00090887 0.02330769 0.00536999 0.000549317 0.002407007 2.330436e-05 0.0001864349 0.0003329194 0 3.329194e-06 0.0001531429 3.329194e-06 3.995033e-05 0.002916374 4.660872e-05 0.0009488203 0.0003995033 0 0.0001598013 0 0.0008256401 3.329194e-06 9.987582e-05 1.331678e-05 0 3.329194e-06 0.0001930933 9.654663e-05 9.987582e-06 3.995033e-05 0.0009554787 0 3.329194e-06 9.987582e-06 0.001548075 0.0004028325 0.0006092425 0 1.997516e-05 3.329194e-06 3.995033e-05 0 0.0004694164 6.658388e-06 0.000532671 0 1.331678e-05 1.664597e-05 0 6.658388e-06
0.00867255 5.65963e-05 0.01294391 0.00954147 0.0009221867 0.07424769 0.09245838 0.07853902 0.002450287 0.06010194 0.002906386 0.07556605 0.001524771 0.08075626 0.003272598 0.000755727 0.01175205 0.0006558512 0.003235977 0.01320691 0.03352831 0.0001165218 0.03311549 0.01356647 0.0002363728 0.006744947 0.0008123233 0.05851059 0.01472503 0.1014272 0.0001398261 0.002992945 0.0002163976 0.03003932 0.0005193543 0.00326261 0.0003761989 0.008233097 0.0009588079 0.01655608 0.003825244 1.664597e-05 6.325469e-05 0.0001098634 3.329194e-06 3.329194e-06 5.65963e-05 6.658388e-06 2.996275e-05 0.00115523 2.330436e-05 0.000342907 0.0001797765 9.987582e-06 0.0006225593 0 0.0003329194 1.331678e-05 6.658388e-06 0 0 0 0.000103205 6.658388e-06 0 1.331678e-05 0.0003329194 0 6.658388e-06 0 0.0005992549 0.0001831057 0.0001431553 0 0 0 2.663355e-05 0 0.0001498137 6.658388e-06 0.0002130684 9.987582e-06 6.658388e-06 6.658388e-06 3.329194e-06 0
0.0001797765 0.00937834 0.0001531429 0.01505129 0.01032383 0.003605517 0.003861865 0.002450287 0.0004893915 0.008442836 0.0001231802 0.01475166 0.0003029567 0.00268333 0.05326045 0.002040796 5.32671e-05 1.997516e-05 8.322985e-05 0.008419532 0.004610934 0.03009591 0.0001731181 0.1272118 0.0009355035 0.001834386 0.00136164 0.05333369 0.003921791 0.006918065 3.329194e-06 5.65963e-05 0.0005526462 0.002160647 7.990066e-05 0.004454462 0.000136497 0.004514387 0.001178535 0.005030412 0.0005593046 8.988824e-05 4.993791e-05 0.0009554787 1.331678e-05 3.329194e-06 0.0004960499 2.663355e-05 9.321743e-05 0.007727059 9.654663e-05 0.000582609 0.001012075 9.987582e-06 0.0008655904 3.329194e-06 0.001904299 2.663355e-05 8.988824e-05 1.331678e-05 0 3.329194e-06 0.0006558512 3.662113e-05 6.658388e-06 6.991307e-05 0.004015008 6.658388e-06 1.997516e-05 9.654663e-05 0.004754089 0.001464845 0.00218728 0 3.329194e-05 3.329194e-06 0.000103205 1.331678e-05 0.001265094 0 0.001687901 9.987582e-06 6.991307e-05 3.995033e-05 0 6.658388e-06
0.0006092425 3.995033e-05 0.004903903 0.06363089 0.0003995033 0.2736531 0.1500068 0.06010194 0.008442836 0.4813748 0.002173964 0.05642984 0.00214733 0.05342025 0.0007424103 0.000136497 0.00111528 0.0007457395 0.0005027083 0.04090581 0.01037377 3.995033e-05 0.004291331 0.02440965 0.0001964224 0.00268666 0.0004061617 0.1353284 0.05017428 0.01035379 0.0001797765 0.0020641 0.0003295902 0.03728697 0.000565963 0.02231559 0.0005459878 0.0366744 0.003342511 0.002423653 0.007131134 2.330436e-05 0.0004560996 0.0001997516 0 3.329194e-06 0.0004028325 1.664597e-05 8.322985e-05 0.003818586 6.658388e-05 0.00136164 0.0009987582 3.329194e-06 0.0007057891 0 0.000892224 1.331678e-05 9.987582e-06 3.329194e-06 0 3.329194e-06 0.0005626338 6.658388e-06 0 6.658388e-06 0.001541417 0 0 0 0.002144001 0.0003728697 0.0001764473 0 9.987582e-06 0 2.996275e-05 0 0.00020641 6.658388e-06 0.0003695405 6.658388e-06 5.992549e-05 1.331678e-05 0 3.329194e-06
0.000103205 0.003129442 0.0001598013 0.0002630063 1.664597e-05 0.0006392053 0.0008389569 0.002906386 0.0001231802 0.002173964 0.1487617 0.0020641 0.07384818 0.003805269 6.658388e-06 3.329194e-05 0.0007657146 0.0587403 0.01017402 0.0006658388 0.0001731181 0.0009121992 0.0002097392 0.0002863107 0.0263539 0.1550306 0.06416356 0.0007690438 0.001185193 0.0003662113 0.01770132 0.0001398261 9.987582e-06 0.06148356 2.330436e-05 0.004034983 0.03468687 0.08456819 0.01157894 0.0003362486 6.325469e-05 0.01510788 6.658388e-06 0 6.325469e-05 4.327952e-05 0 0 0 2.330436e-05 0 9.987582e-06 0 0.009321743 9.987582e-06 0.0004494412 9.987582e-06 0 0 3.329194e-05 0.0003528946 0.0003695405 3.329194e-06 0 3.329194e-06 1.331678e-05 6.658388e-06 0.003279256 0.001215156 0.001647951 3.329194e-06 3.329194e-06 0 0.0002330436 2.663355e-05 0 8.322985e-05 0 2.996275e-05 0.0005526462 0.001072 0.000326261 0 0 4.327952e-05 0
6.991307e-05 4.327952e-05 4.660872e-05 0.0912632 0.002769889 0.1631671 0.006262214 0.07556605 0.01475166 0.05642984 0.0020641 0.1411245 0.00194092 0.04615928 0.00813655 1.664597e-05 0 0.0005626338 0.0001831057 0.0514194 7.657146e-05 1.997516e-05 1.997516e-05 0.02111708 0.0001797765 0.00128174 0.0003395778 0.02644379 0.02961984 0.0001065342 0.0001498137 0.004104896 2.663355e-05 0.02366724 0.001325019 0.003535604 0.0003662113 0.008585991 0.0004893915 0.006675034 0.01290729 1.997516e-05 5.992549e-05 1.664597e-05 0 0 0.0002929691 0 0.0002596771 0.0003861865 7.324227e-05 0.0005426586 0.0005459878 0 0.003981716 0 0.0001897641 6.658388e-06 3.329194e-06 0 0 0 0.0002330436 0 0 3.329194e-06 0.0003562238 3.329194e-06 3.329194e-06 3.329194e-06 0.0005559754 1.664597e-05 9.987582e-06 0 0 0 1.331678e-05 0 1.331678e-05 0 1.664597e-05 0 5.65963e-05 3.329194e-06 0 0
5.992549e-05 0.0112893 0.0002330436 0.0003362486 1.664597e-05 0.0004660872 0.0008289693 0.001524771 0.0003029567 0.00214733 0.07384818 0.00194092 0.02995609 0.00268333 9.987582e-06 0.0001697889 8.322985e-05 0.00165128 0.0002463604 0.0006258885 0.0005060375 0.003275927 0.0002097392 0.0006392053 0.04080593 0.007993395 0.02389363 0.001151901 0.001135255 0.0003229318 0.006658388 0.0001131926 2.996275e-05 0.04439813 5.32671e-05 0.005965916 0.02114038 0.05446561 0.002729939 0.0004993791 0.0001464845 0.005366661 3.662113e-05 0 2.663355e-05 6.658388e-06 0 0 0 3.995033e-05 0 6.658388e-06 3.329194e-06 0.003622163 6.658388e-06 0.0001265094 6.658388e-06 0 0 1.997516e-05 0.0004893915 0.0004927207 6.658388e-06 6.658388e-06 9.987582e-06 6.658388e-06 9.987582e-06 0.004943853 0.001022063 0.001344994 2.330436e-05 3.329194e-06 9.987582e-06 4.993791e-05 1.664597e-05 0 5.65963e-05 0 1.997516e-05 0.0007457395 0.0008322985 0.0002130684 0 0 0.0001797765 0
0.04392539 5.32671e-05 0.02075087 0.008952203 9.987582e-05 0.01833054 0.1126999 0.08075626 0.00268333 0.05342025 0.003805269 0.04615928 0.00268333 0.08290359 0.0003728697 0.001414907 0.01620652 0.001091976 0.004737443 0.01230137 0.04699157 0.0001864349 0.04711142 0.0140492 0.0003528946 0.009814464 0.001168547 0.07344202 0.0557873 0.1993621 0.0002796523 0.007883531 0.0009854414 0.05187217 0.0005160251 0.01118942 0.0007091183 0.01652945 0.00218728 0.01983867 0.009478215 2.663355e-05 0.0001398261 9.321743e-05 6.658388e-06 6.658388e-06 7.324227e-05 3.329194e-06 1.664597e-05 0.001055355 2.663355e-05 0.0003329194 0.0001598013 9.987582e-06 0.0003995033 0 0.0002996275 3.329194e-06 1.997516e-05 6.658388e-06 0 0 6.658388e-05 2.663355e-05 3.329194e-06 6.658388e-06 0.0002962983 0 0 1.331678e-05 0.0005626338 0.0001598013 0.0001731181 0 3.329194e-06 0 2.330436e-05 0 0.0001065342 6.658388e-06 0.0001897641 3.329194e-06 6.658388e-06 6.658388e-06 0 6.658388e-06
1.331678e-05 4.660872e-05 1.664597e-05 0.0005526462 0.007054562 0.003062859 0.0004161493 0.003272598 0.05326045 0.0007424103 6.658388e-06 0.00813655 9.987582e-06 0.0003728697 0.007247655 3.329194e-06 3.329194e-06 3.329194e-06 0 0.0002463604 3.329194e-05 0.0001797765 9.987582e-06 0.02429313 0 4.660872e-05 1.664597e-05 0.004354586 0.0002463604 0.0003562238 0 0.0001664597 1.997516e-05 0.0003628821 6.658388e-06 0.000119851 3.329194e-06 0.000239702 5.992549e-05 0.01432552 0.0004560996 0 0 0 0 0 0 0 0 6.658388e-06 0 9.987582e-06 0 0 9.987582e-06 0 0 0 0 0 0 0 0 0 0 0 0 0 0 0 1.664597e-05 0 0 0 0 0 0 0 0 0 0 0 0 0 0 0
0.0001265094 0.0001664597 0.002137343 1.331678e-05 3.329194e-06 9.987582e-05 0.001894311 0.000755727 0.002040796 0.000136497 3.329194e-05 1.664597e-05 0.0001697889 0.001414907 3.329194e-06 0.01110952 0.0005360002 9.987582e-06 7.657146e-05 0 0.003192697 0.07066547 0.008416203 0.02430645 3.995033e-05 0.001002087 0.02059772 0.03229651 0.004347927 0.00218728 0 2.330436e-05 0.0009488203 0.02203594 0.0007157767 0.1454758 0.02173631 0.03715381 0.02203261 0.0005759506 0.001974212 3.329194e-06 0.001544746 0.000239702 3.329194e-06 2.330436e-05 0 0 3.329194e-06 0.002153989 9.987582e-06 0.005613021 6.658388e-06 0 6.658388e-06 0 0.0002829815 3.329194e-06 0.006874786 1.664597e-05 0 0 6.658388e-06 0.008599308 0.005712897 0.006069121 0.00516358 0 9.987582e-06 0.0004594288 0.007014612 0.0004261368 0.003299231 0 6.658388e-06 0 3.662113e-05 1.331678e-05 0.001411578 4.327952e-05 0.0006891432 1.997516e-05 3.329194e-06 1.997516e-05 0 3.329194e-06
0.004178139 0.01163553 0.06187973 6.658388e-06 9.987582e-06 0.0005526462 0.005000449 0.01175205 5.32671e-05 0.00111528 0.0007657146 0 8.322985e-05 0.01620652 3.329194e-06 0.0005360002 0.01041039 0.002540175 0.03752668 3.329194e-06 0.02210252 0.0009421619 0.04152171 0.0004128201 4.327952e-05 0.04976479 0.2749515 0.002104051 0.006325469 0.03253621 2.996275e-05 4.993791e-05 0.0003528946 0.03553249 6.658388e-06 0.001062013 0.001634634 0.009408302 0.0009388327 1.997516e-05 7.990066e-05 0 6.658388e-06 3.329194e-06 0.001431553 0.00540994 0 0 0 4.993791e-05 0 1.664597e-05 0 1.331678e-05 0 0 3.329194e-06 0 0 0.001744498 6.658388e-06 0.000136497 0 3.329194e-05 4.993791e-05 0.001657939 6.658388e-06 1.331678e-05 0.0009421619 0.004980474 1.664597e-05 0 6.658388e-06 0 3.329194e-06 0 0.0002363728 3.329194e-06 0.001351653 0.001814411 0.003136101 0.0002962983 0 0 0 3.329194e-06
4.993791e-05 5.992549e-05 0.000326261 0.0001231802 0 0.0001398261 0.0003329194 0.0006558512 1.997516e-05 0.0007457395 0.0587403 0.0005626338 0.00165128 0.001091976 3.329194e-06 9.987582e-06 0.002540175 0.001315032 0.004760747 0.0001764473 0.0001165218 2.330436e-05 0.0003162734 7.324227e-05 0.003032896 0.02942675 0.03360821 0.0002097392 0.0002929691 0.0003395778 0.001614659 1.664597e-05 0 0.02098724 1.331678e-05 0.000995429 0.01467509 0.05664624 0.00673496 0.0001531429 2.330436e-05 0.0009421619 0 0 2.330436e-05 1.331678e-05 0 0 0 6.658388e-06 0 3.329194e-06 0 0.00284979 6.658388e-06 0.0001065342 0 0 0 6.658388e-06 7.990066e-05 6.991307e-05 0 3.329194e-06 0 3.329194e-06 0 0.0005293419 0.0002962983 0.0003761989 0 0 0 3.662113e-05 0 0 6.658388e-06 0 3.329194e-06 9.987582e-05 0.0002729939 5.992549e-05 0 0 0 0
0.0009621371 0.0008589321 0.01242122 2.330436e-05 0 0.0002030808 0.001578038 0.003235977 8.322985e-05 0.0005027083 0.01017402 0.0001831057 0.0002463604 0.004737443 0 7.657146e-05 0.03752668 0.004760747 0.01353317 3.995033e-05 0.001744498 0.0005626338 0.00925183 0.0002530187 0.0007823606 0.09184913 0.2256328 0.0007224351 0.001880995 0.005806114 0.0002297144 1.997516e-05 9.321743e-05 0.04872275 1.664597e-05 0.007151109 0.01966555 0.1089013 0.01186525 3.329194e-05 4.660872e-05 3.329194e-06 3.329194e-06 0 0.0003662113 0.0005360002 0 0 0 1.664597e-05 0 6.658388e-06 0 1.997516e-05 0 0 3.329194e-06 0 0 0.0005726214 1.331678e-05 0.0003695405 0 9.987582e-06 2.996275e-05 0.0001098634 3.329194e-06 1.331678e-05 0.0008955532 0.0006059133 1.331678e-05 3.329194e-06 3.329194e-06 0 1.331678e-05 0 4.660872e-05 0 0.0001531429 0.0002863107 0.0004927207 6.325469e-05 0 0 0 0
5.65963e-05 1.331678e-05 1.664597e-05 0.0461393 0.0002496896 0.02011499 0.0006358761 0.01320691 0.008419532 0.04090581 0.0006658388 0.0514194 0.0006258885 0.01230137 0.0002463604 0 3.329194e-06 0.0001764473 3.995033e-05 0.003778635 2.663355e-05 1.331678e-05 1.664597e-05 0.01430555 5.992549e-05 0.0003662113 0.0001165218 0.02296811 0.01080656 2.996275e-05 5.992549e-05 0.000772373 2.663355e-05 0.00817983 0.000429466 0.003638809 0.0001131926 0.005569742 0.000429466 0.002104051 0.002879753 0 8.655904e-05 2.996275e-05 0 0 8.322985e-05 3.329194e-06 1.331678e-05 0.0005859382 6.658388e-06 0.000342907 0.0001731181 0 0.0002763231 0 7.990066e-05 3.329194e-06 0 0 0 0 7.990066e-05 6.658388e-06 0 0 0.0002696647 0 0 0 0.0003362486 2.663355e-05 9.987582e-06 0 0 0 6.658388e-06 0 9.987582e-06 0 2.663355e-05 0 2.663355e-05 3.329194e-06 0 0
0.01356979 6.325469e-05 0.02191941 0.0001831057 3.662113e-05 0.003532275 0.1140682 0.03352831 0.004610934 0.01037377 0.0001731181 7.657146e-05 0.0005060375 0.04699157 3.329194e-05 0.003192697 0.02210252 0.0001165218 0.001744498 2.663355e-05 0.1245085 0.02133015 0.2359799 0.01084984 1.331678e-05 0.004857294 0.005429915 0.05021423 0.02182953 0.1590789 1.997516e-05 0.00020641 0.003189368 0.1998615 0.001278411 0.1789941 0.01000756 0.1900903 0.06543531 0.001085317 0.003422411 1.331678e-05 0.002070759 0.0006891432 3.329194e-06 2.996275e-05 9.987582e-06 1.331678e-05 6.658388e-06 0.004827331 1.331678e-05 0.006714984 2.663355e-05 3.329194e-06 3.329194e-06 0 0.0005126959 2.330436e-05 0.002576796 1.664597e-05 0 6.658388e-06 6.658388e-06 0.002996275 0.0008655904 0.0003229318 0.00483399 0 0 0.0001165218 0.006635084 0.0009821122 0.005975903 0 6.658388e-06 0 7.324227e-05 9.987582e-06 0.002160647 2.330436e-05 0.001424895 1.664597e-05 1.331678e-05 6.325469e-05 3.329194e-06 3.329194e-06
1.331678e-05 0.1007114 6.325469e-05 3.329194e-06 3.995033e-05 9.987582e-06 0.0009022116 0.0001165218 0.03009591 3.995033e-05 0.0009121992 1.997516e-05 0.003275927 0.0001864349 0.0001797765 0.07066547 0.0009421619 2.330436e-05 0.0005626338 1.331678e-05 0.02133015 0.01683241 0.01933263 0.07769673 0.01483822 0.01138917 0.02170635 0.02749581 0.0003961741 0.0003329194 6.658388e-06 3.329194e-06 9.987582e-05 0.005719555 6.991307e-05 0.01946913 0.005909319 0.006871456 0.001621317 0.0002263852 0.0001098634 0.0009388327 0.0001498137 8.988824e-05 6.658388e-06 2.996275e-05 0 3.329194e-06 0 0.0005593046 0 0.0002596771 3.329194e-06 1.331678e-05 0 0 7.324227e-05 6.658388e-06 0.004810685 1.997516e-05 0 1.664597e-05 3.329194e-06 0.005073692 0.0002163976 0.00346902 0.002283827 2.330436e-05 3.329194e-06 0.002833144 0.002500225 0.0001398261 0.001388274 0 0 0 1.997516e-05 3.329194e-06 0.0005060375 3.995033e-05 0.0003029567 6.658388e-06 0 6.658388e-06 0 3.329194e-06
0.01363305 0.00223056 0.1861885 5.65963e-05 1.664597e-05 0.001977541 0.044508 0.03311549 0.0001731181 0.004291331 0.0002097392 1.997516e-05 0.0002097392 0.04711142 9.987582e-06 0.008416203 0.04152171 0.0003162734 0.00925183 1.664597e-05 0.2359799 0.01933263 0.1891082 0.002097392 2.330436e-05 0.02684662 0.1848768 0.07282612 0.01828393 0.1517613 5.992549e-05 0.0001298386 0.001068671 0.2379608 0.003009591 0.6143428 0.1553402 0.4001591 0.1596182 0.0006292177 0.001058684 5.992549e-05 0.004141517 3.329194e-06 4.993791e-05 0.001228473 3.329194e-06 0 0 0.0001564721 0 0.000565963 0 3.329194e-06 0 0 2.330436e-05 3.329194e-06 0.007214363 5.992549e-05 0 3.329194e-06 0 0.003951753 0.00648527 0.01361307 0.001098634 0 1.331678e-05 0.00392512 0.001168547 3.662113e-05 0.0002796523 0 0 0 1.997516e-05 0.0001331678 0.0004760747 0.0001664597 0.0003162734 9.987582e-06 0 0 0 3.329194e-06
0.001072 0.01229138 0.002203926 0.02887743 0.002966312 0.01207832 0.04596618 0.01356647 0.1272118 0.02440965 0.0002863107 0.02111708 0.0006392053 0.0140492 0.02429313 0.02430645 0.0004128201 7.324227e-05 0.0002530187 0.01430555 0.01084984 0.07769673 0.002097392 0.1176437 0.001255106 0.002706635 0.002913045 0.1193383 0.02172632 0.07367173 1.664597e-05 0.0003062859 0.002806511 0.01493476 0.0002430312 0.03252623 0.0009721247 0.0361151 0.01370629 0.01057019 0.002723281 0.000103205 0.0005160251 0.003851877 2.330436e-05 6.658388e-05 0.001315032 0.000103205 0.0003861865 0.03050208 0.0003928449 0.01791439 0.003129442 1.331678e-05 0.001484821 3.329194e-06 0.0090887 5.32671e-05 0.0005992549 5.65963e-05 3.329194e-06 6.658388e-06 0.001821069 0.0007357519 0.0001298386 0.0003528946 0.01094639 6.658388e-06 6.658388e-06 0.0002463604 0.01715867 0.005556425 0.006968003 0 0.0001697889 6.658388e-06 0.0004893915 2.330436e-05 0.005150263 1.664597e-05 0.006844823 4.327952e-05 0.0002596771 0.0002863107 0 4.660872e-05
9.987582e-06 0.04276017 1.331678e-05 3.329194e-05 0 6.991307e-05 6.325469e-05 0.0002363728 0.0009355035 0.0001964224 0.0263539 0.0001797765 0.04080593 0.0003528946 0 3.995033e-05 4.327952e-05 0.003032896 0.0007823606 5.992549e-05 1.331678e-05 0.01483822 2.330436e-05 0.001255106 0.006508574 0.002866436 0.06146358 7.990066e-05 0.000119851 2.330436e-05 0.002952995 2.996275e-05 0 0.01731847 3.329194e-06 0.0008256401 0.0127042 0.02769557 0.002566809 5.65963e-05 9.987582e-06 0.005320052 0 0 0.0002197268 1.331678e-05 0 0 0 3.329194e-06 0 1.664597e-05 0 0.000429466 3.329194e-06 6.658388e-06 0 0 0 8.988824e-05 0.0001897641 0.0007490687 0 0 8.322985e-05 2.996275e-05 1.997516e-05 0.0004560996 0.000462758 0.001331678 3.329194e-06 3.329194e-06 0 3.329194e-06 1.997516e-05 0 8.322985e-05 0 2.996275e-05 0.000103205 0.0007990066 0.0001498137 0 0 0 0
0.001867678 0.008972178 0.1304511 0.00020641 3.329194e-06 0.0007790314 0.009781172 0.006744947 0.001834386 0.00268666 0.1550306 0.00128174 0.007993395 0.009814464 4.660872e-05 0.001002087 0.04976479 0.02942675 0.09184913 0.0003662113 0.004857294 0.01138917 0.02684662 0.002706635 0.002866436 0.1933196 0.2995209 0.005716226 0.003086163 0.006455307 0.001185193 5.65963e-05 0.0001464845 0.0608044 6.325469e-05 0.0159535 0.1555366 0.2490104 0.04332613 0.0002263852 7.324227e-05 0.001318361 3.662113e-05 1.997516e-05 0.004188126 0.001111951 0 0 0 0.0002696647 0 0.0001131926 0 0.01702217 3.329194e-06 0.0005060375 4.660872e-05 0 2.330436e-05 0.004204772 0.00363548 0.01185193 0 7.657146e-05 0.000549317 0.0006791556 0.0001598013 0.008629271 0.01470172 0.01622316 9.987582e-05 3.995033e-05 3.995033e-05 0.0002962983 0.0003995033 0 0.001318361 0 0.0008489445 0.002906386 0.0127375 0.002626734 0 0 3.329194e-05 0
9.987582e-05 0.03079837 0.08660898 6.658388e-05 3.329194e-06 0.0001265094 0.001195181 0.0008123233 0.00136164 0.0004061617 0.06416356 0.0003395778 0.02389363 0.001168547 1.664597e-05 0.02059772 0.2749515 0.03360821 0.2256328 0.0001165218 0.005429915 0.02170635 0.1848768 0.002913045 0.06146358 0.2995209 0.2869366 0.01697889 0.0004261368 0.0008556029 0.0003861865 9.987582e-06 1.664597e-05 0.3012255 0.001188522 0.3705027 0.3434263 0.6411695 0.08757112 0.0001331678 2.663355e-05 0.001295056 0.0005759506 1.997516e-05 0.003229318 0.02022485 0 3.329194e-06 0 0.0002330436 0 0.0001065342 0 0.01011409 0 0.0002729939 2.996275e-05 0 0.009108675 0.003452374 0.003625492 0.01130594 0 0.0003495654 0.007224351 0.0412354 0.0009155284 0.009298439 0.01016403 0.09214876 0.001424895 4.660872e-05 5.65963e-05 0.0001464845 0.0003928449 0 0.001331678 0.0005293419 0.002407007 0.002650038 0.01516115 0.002620076 0 0 1.997516e-05 0
0.02304468 0.0001231802 0.02276503 0.05180559 0.0007490687 0.07181072 0.5079318 0.05851059 0.05333369 0.1353284 0.0007690438 0.02644379 0.001151901 0.07344202 0.004354586 0.03229651 0.002104051 0.0002097392 0.0007224351 0.02296811 0.05021423 0.02749581 0.07282612 0.1193383 7.990066e-05 0.005716226 0.01697889 0.2563912 0.07068212 0.2462705 3.995033e-05 0.0009155284 0.01028721 0.0701894 0.0005526462 0.07657146 0.00268666 0.1176104 0.04066943 0.003875182 0.0065685 3.662113e-05 0.001171876 0.002293815 6.658388e-06 5.32671e-05 0.0009121992 6.325469e-05 0.0002163976 0.02237884 0.0002363728 0.01164219 0.002310461 1.997516e-05 0.001215156 0 0.004983803 4.660872e-05 0.0007856898 2.663355e-05 0 6.658388e-06 0.00136497 0.0008789072 0.0002197268 0.0007024599 0.008769097 3.329194e-06 2.663355e-05 0.0002530187 0.0140492 0.003548921 0.006944699 0 9.987582e-05 3.329194e-06 0.0003196026 3.995033e-05 0.003781964 1.997516e-05 0.004660872 4.993791e-05 0.0001864349 0.0001864349 0 1.997516e-05
0.04164156 2.996275e-05 0.00454435 0.008908923 4.327952e-05 0.02082078 0.02578794 0.01472503 0.003921791 0.05017428 0.001185193 0.02961984 0.001135255 0.0557873 0.0002463604 0.004347927 0.006325469 0.0002929691 0.001880995 0.01080656 0.02182953 0.0003961741 0.01828393 0.02172632 0.000119851 0.003086163 0.0004261368 0.07068212 0.140482 0.1346959 5.65963e-05 0.01166217 0.02647375 0.05228166 0.0005959257 0.04894248 0.0004827331 0.06933047 0.01274083 0.02416662 0.01416572 9.987582e-06 0.0008655904 0.0001897641 6.658388e-06 1.331678e-05 8.988824e-05 1.331678e-05 1.331678e-05 0.00165128 2.996275e-05 0.000549317 0.0001431553 3.329194e-06 0.0002563479 0 0.0004560996 3.329194e-06 6.991307e-05 3.329194e-06 0 0 6.325469e-05 4.327952e-05 3.329194e-06 1.664597e-05 0.0005792798 0 3.329194e-06 2.663355e-05 0.0008655904 0.0003229318 0.0005060375 0 3.329194e-06 0 3.662113e-05 0 0.0002530187 0 0.0003562238 0 9.987582e-06 9.987582e-06 0 3.329194e-06
0.1133824 5.32671e-05 0.01144244 0.0002463604 6.325469e-05 0.004807356 0.1412111 0.1014272 0.006918065 0.01035379 0.0003662113 0.0001065342 0.0003229318 0.1993621 0.0003562238 0.00218728 0.03253621 0.0003395778 0.005806114 2.996275e-05 0.1590789 0.0003329194 0.1517613 0.07367173 2.330436e-05 0.006455307 0.0008556029 0.2462705 0.1346959 0.2395089 1.664597e-05 0.0004494412 0.008209792 0.03758327 0.0001065342 0.01735509 0.0002929691 0.02820826 0.01078992 0.0004594288 0.001904299 3.329194e-06 0.0002463604 0.0001331678 3.329194e-06 1.664597e-05 4.327952e-05 3.329194e-06 2.330436e-05 0.0009454911 9.987582e-06 0.0003828573 0.000103205 0 2.996275e-05 0 0.0002696647 0 6.658388e-06 9.987582e-06 0 0 3.995033e-05 6.658388e-06 3.329194e-06 6.658388e-06 0.0002496896 0 6.658388e-06 3.662113e-05 0.0003395778 0.0001531429 0.0001897641 0 3.329194e-06 0 2.663355e-05 0 0.0001964224 0 0.00020641 6.658388e-06 6.658388e-06 6.658388e-06 0 0
1.331678e-05 3.329194e-05 0.00020641 3.329194e-05 6.658388e-06 3.995033e-05 8.322985e-05 0.0001398261 3.329194e-06 0.0001797765 0.01770132 0.0001498137 0.006658388 0.0002796523 0 0 2.996275e-05 0.001614659 0.0002297144 5.992549e-05 1.997516e-05 6.658388e-06 5.992549e-05 1.664597e-05 0.002952995 0.001185193 0.0003861865 3.995033e-05 5.65963e-05 1.664597e-05 3.329194e-06 6.658388e-06 3.329194e-06 0.004557667 0 0.0003395778 0.006821519 0.01161889 0.001091976 2.663355e-05 1.664597e-05 0.0004594288 3.329194e-06 0 3.329194e-06 0 0 0 0 3.329194e-06 0 0 0 0.002250535 0 6.325469e-05 0 0 0 6.658388e-06 0.0001598013 0.0001431553 0 3.329194e-06 0 6.658388e-06 0 0.001960895 0.000532671 0.0005559754 0 0 3.329194e-06 2.996275e-05 3.329194e-06 0 1.997516e-05 0 6.658388e-06 4.660872e-05 0.0003196026 6.991307e-05 0 0 3.329194e-06 0
0.000103205 0 7.657146e-05 0.0003528946 1.997516e-05 0.003828573 0.001151901 0.002992945 5.65963e-05 0.0020641 0.0001398261 0.004104896 0.0001131926 0.007883531 0.0001664597 2.330436e-05 4.993791e-05 1.664597e-05 1.997516e-05 0.000772373 0.00020641 3.329194e-06 0.0001298386 0.0003062859 2.996275e-05 5.65963e-05 9.987582e-06 0.0009155284 0.01166217 0.0004494412 6.658388e-06 0 9.321743e-05 0.006894761 3.995033e-05 0.0006924724 1.997516e-05 0.0009421619 9.654663e-05 0.00202415 0.005350015 6.658388e-06 1.664597e-05 0 0 0 3.329194e-06 0 0 2.663355e-05 0 1.331678e-05 0 0 3.662113e-05 0 9.987582e-06 0 0 0 0 0 0 3.329194e-06 0 0 1.331678e-05 0 0 0 9.987582e-06 9.987582e-06 3.329194e-06 0 0 0 0 0 0 0 0 0 0 0 0 0
0.001371628 0 0.0002463604 7.657146e-05 9.987582e-06 0.000119851 0.001627976 0.0002163976 0.0005526462 0.0003295902 9.987582e-06 2.663355e-05 2.996275e-05 0.0009854414 1.997516e-05 0.0009488203 0.0003528946 0 9.321743e-05 2.663355e-05 0.003189368 9.987582e-05 0.001068671 0.002806511 0 0.0001464845 1.664597e-05 0.01028721 0.02647375 0.008209792 3.329194e-06 9.321743e-05 8.322985e-05 0.003535604 1.331678e-05 0.0009221867 1.331678e-05 0.006645071 0.001008746 7.324227e-05 0.0001231802 3.329194e-06 9.987582e-06 9.987582e-06 0 0 3.329194e-06 0 3.329194e-06 0.0001731181 0 5.992549e-05 9.987582e-06 0 6.658388e-06 0 3.662113e-05 3.329194e-06 1.331678e-05 0 0 0 3.329194e-06 1.331678e-05 0 0 5.65963e-05 0 0 0 8.988824e-05 2.663355e-05 6.325469e-05 0 0 0 0 0 3.995033e-05 0 1.664597e-05 0 0 0 0 0
0.005939282 0.01344329 0.03256618 0.007454065 0.0003295902 0.009288451 0.02073422 0.03003932 0.002160647 0.03728697 0.06148356 0.02366724 0.04439813 0.05187217 0.0003628821 0.02203594 0.03553249 0.02098724 0.04872275 0.00817983 0.1998615 0.005719555 0.2379608 0.01493476 0.01731847 0.0608044 0.3012255 0.0701894 0.05228166 0.03758327 0.004557667 0.006894761 0.003535604 0.0330822 0.0004993791 0.02213914 0.00854937 0.1109054 0.009125321 0.001494808 0.0005859382 0.0001498137 0.0002130684 0.000103205 0.000549317 0.003086163 2.996275e-05 9.987582e-06 1.664597e-05 0.001072 1.331678e-05 0.0004161493 7.324227e-05 0.0002863107 0.000223056 9.987582e-06 0.0002896399 0 0.0004927207 0.0006392053 1.331678e-05 9.987582e-05 3.662113e-05 6.658388e-05 0.0006292177 0.002124026 0.0004494412 0.000532671 0.0001997516 0.0110962 0.000685814 0.0002130684 0.0003828573 0 9.987582e-06 0 0.0001331678 8.322985e-05 0.000772373 0.001052025 0.001494808 0.0001265094 0 1.331678e-05 6.991307e-05 3.329194e-06
0 2.996275e-05 9.987582e-05 0.0001065342 1.331678e-05 0.0009355035 7.990066e-05 0.0005193543 7.990066e-05 0.000565963 2.330436e-05 0.001325019 5.32671e-05 0.0005160251 6.658388e-06 0.0007157767 6.658388e-06 1.331678e-05 1.664597e-05 0.000429466 0.001278411 6.991307e-05 0.003009591 0.0002430312 3.329194e-06 6.325469e-05 0.001188522 0.0005526462 0.0005959257 0.0001065342 0 3.995033e-05 1.331678e-05 0.0004993791 0.5219644 0.09647006 0.001315032 0.002297144 0.00330589 8.655904e-05 0.0004094909 6.658388e-06 0.001295056 0 0 2.330436e-05 0 0 0 1.664597e-05 0 6.658388e-06 0 0 1.664597e-05 0 1.331678e-05 0 9.987582e-06 6.658388e-06 0 0 0 6.658388e-06 3.329194e-06 9.987582e-06 3.329194e-06 0 0 2.330436e-05 1.331678e-05 6.658388e-06 9.987582e-06 0 0 0 0 0.4440546 5.32671e-05 0 1.997516e-05 1.664597e-05 0 3.329194e-06 0 0
0.0008655904 0.00970793 0.02183618 0.004021666 8.988824e-05 0.002743256 0.01353983 0.00326261 0.004454462 0.02231559 0.004034983 0.003535604 0.005965916 0.01118942 0.000119851 0.1454758 0.001062013 0.000995429 0.007151109 0.003638809 0.1789941 0.01946913 0.6143428 0.03252623 0.0008256401 0.0159535 0.3705027 0.07657146 0.04894248 0.01735509 0.0003395778 0.0006924724 0.0009221867 0.02213914 0.09647006 0.02075752 0.6754269 0.2484178 0.1141015 0.07516654 0.03801274 0.007816948 0.002383703 0.0003728697 0.0007191059 0.004447803 4.660872e-05 3.329194e-06 9.987582e-06 0.002543504 3.329194e-05 0.001591355 0.0001664597 1.997516e-05 9.654663e-05 0 0.0006192301 0 0.003255952 0.001042038 3.329194e-06 4.660872e-05 5.32671e-05 0.002496896 0.002869765 0.00694137 0.001504796 1.331678e-05 0.0003828573 0.01465844 0.002400349 0.000446112 0.001484821 0 2.663355e-05 0 0.000223056 0.001408249 0.001458187 0.0009321743 0.002416995 0.0001498137 1.997516e-05 2.996275e-05 3.329194e-06 3.329194e-06
5.32671e-05 0.008139879 0.007620525 6.991307e-05 1.997516e-05 0.0001131926 0.00090887 0.0003761989 0.000136497 0.0005459878 0.03468687 0.0003662113 0.02114038 0.0007091183 3.329194e-06 0.02173631 0.001634634 0.01467509 0.01966555 0.0001131926 0.01000756 0.005909319 0.1553402 0.0009721247 0.0127042 0.1555366 0.3434263 0.00268666 0.0004827331 0.0002929691 0.006821519 1.997516e-05 1.331678e-05 0.00854937 0.001315032 0.6754269 0.1084485 0.0746938 0.04356583 0.0003362486 0.0002630063 0.004288002 0.001424895 0 0.0004228076 0.001424895 0 0 0 6.658388e-05 0 7.990066e-05 6.658388e-06 0.0004727456 0 1.664597e-05 6.658388e-06 0 0.001970883 0.0006059133 1.997516e-05 0.0002929691 0 0.0008655904 0.00156805 0.004860623 0.0002596771 0.0001797765 0.0005193543 0.009341718 0.000309615 1.997516e-05 6.658388e-05 6.658388e-06 6.658388e-06 0 4.993791e-05 0.0001431553 0.0003662113 0.001351653 0.001015404 8.655904e-05 0 0 5.992549e-05 0
0.001368299 0.02598103 0.03565234 0.007324227 0.0001598013 0.005499829 0.02330769 0.008233097 0.004514387 0.0366744 0.08456819 0.008585991 0.05446561 0.01652945 0.000239702 0.03715381 0.009408302 0.05664624 0.1089013 0.005569742 0.1900903 0.006871456 0.4001591 0.0361151 0.02769557 0.2490104 0.6411695 0.1176104 0.06933047 0.02820826 0.01161889 0.0009421619 0.006645071 0.1109054 0.002297144 0.2484178 0.0746938 0.06312152 0.008619283 0.001105292 0.0009421619 0.005579729 0.001907628 0.000359553 0.001697889 0.008742464 3.329194e-05 3.329194e-05 1.997516e-05 0.003369144 4.660872e-05 0.001474833 0.0001930933 0.0003895157 0.000136497 6.658388e-06 0.0007956774 6.658388e-06 0.0007757022 0.002363728 4.327952e-05 0.0004261368 8.988824e-05 0.0002496896 0.000789019 0.004331281 0.001255106 0.0004993791 0.00136164 0.01391603 0.002090734 0.0006092425 0.001807752 6.658388e-06 2.330436e-05 0 0.000342907 0.0009654663 0.002530187 0.0025202 0.004877269 0.0004194784 1.997516e-05 2.663355e-05 9.654663e-05 9.987582e-06
0.0002463604 0.00214733 0.004208101 0.0006924724 1.997516e-05 0.0006591804 0.00536999 0.0009588079 0.001178535 0.003342511 0.01157894 0.0004893915 0.002729939 0.00218728 5.992549e-05 0.02203261 0.0009388327 0.00673496 0.01186525 0.000429466 0.06543531 0.001621317 0.1596182 0.01370629 0.002566809 0.04332613 0.08757112 0.04066943 0.01274083 0.01078992 0.001091976 9.654663e-05 0.001008746 0.009125321 0.00330589 0.1141015 0.04356583 0.008619283 0.0001664597 5.65963e-05 0.0001731181 0.0002097392 0.0008456153 0.000119851 0.0001897641 0.001035379 1.331678e-05 9.987582e-06 3.329194e-06 0.001072 1.664597e-05 0.000789019 3.662113e-05 4.660872e-05 9.987582e-06 3.329194e-06 0.0002496896 9.987582e-06 0.0003129442 0.0002962983 6.658388e-06 7.657146e-05 1.664597e-05 0.000136497 0.0002297144 0.0007224351 0.0005759506 2.996275e-05 0.0001797765 0.001368299 0.000755727 0.0002263852 0.0007690438 0 1.331678e-05 0 4.660872e-05 0.002120697 0.0004827331 0.0002596771 0.0007590562 2.996275e-05 0 3.329194e-06 9.987582e-06 0
3.329194e-05 4.660872e-05 2.663355e-05 0.002117367 0.01479827 0.01257437 0.000549317 0.01655608 0.005030412 0.002423653 0.0003362486 0.006675034 0.0004993791 0.01983867 0.01432552 0.0005759506 1.997516e-05 0.0001531429 3.329194e-05 0.002104051 0.001085317 0.0002263852 0.0006292177 0.01057019 5.65963e-05 0.0002263852 0.0001331678 0.003875182 0.02416662 0.0004594288 2.663355e-05 0.00202415 7.324227e-05 0.001494808 8.655904e-05 0.07516654 0.0003362486 0.001105292 5.65963e-05 0.003462362 0.003066188 1.331678e-05 0.0001831057 6.658388e-06 0 0 1.331678e-05 0 0 8.988824e-05 0 5.32671e-05 4.327952e-05 0 0.0001464845 0 1.664597e-05 0 3.329194e-06 0 0 0 1.331678e-05 9.987582e-06 6.658388e-06 3.329194e-06 7.324227e-05 0 3.329194e-06 0 9.321743e-05 1.664597e-05 4.993791e-05 0 0 0 3.329194e-06 0 1.997516e-05 0 2.663355e-05 0 4.327952e-05 3.329194e-06 0 0
0.0001298386 3.329194e-06 0.0001831057 0.001771131 5.65963e-05 0.00268666 0.002407007 0.003825244 0.0005593046 0.007131134 6.325469e-05 0.01290729 0.0001464845 0.009478215 0.0004560996 0.001974212 7.990066e-05 2.330436e-05 4.660872e-05 0.002879753 0.003422411 0.0001098634 0.001058684 0.002723281 9.987582e-06 7.324227e-05 2.663355e-05 0.0065685 0.01416572 0.001904299 1.664597e-05 0.005350015 0.0001231802 0.0005859382 0.0004094909 0.03801274 0.0002630063 0.0009421619 0.0001731181 0.003066188 3.662113e-05 2.330436e-05 0.0005060375 2.330436e-05 0 0 6.658388e-06 0 0 0.0002297144 3.329194e-06 0.0001298386 1.331678e-05 0 0.0001165218 0 4.993791e-05 0 2.663355e-05 0 0 0 9.987582e-06 1.997516e-05 0 0 0.000119851 3.329194e-06 0 0 0.0001598013 2.996275e-05 0.0001098634 0 0 0 0 3.329194e-06 4.660872e-05 0 6.325469e-05 0 0 0 0 0
0 0.004018337 0 6.658388e-06 0 0 2.330436e-05 1.664597e-05 8.988824e-05 2.330436e-05 0.01510788 1.997516e-05 0.005366661 2.663355e-05 0 3.329194e-06 0 0.0009421619 3.329194e-06 0 1.331678e-05 0.0009388327 5.992549e-05 0.000103205 0.005320052 0.001318361 0.001295056 3.662113e-05 9.987582e-06 3.329194e-06 0.0004594288 6.658388e-06 3.329194e-06 0.0001498137 6.658388e-06 0.007816948 0.004288002 0.005579729 0.0002097392 1.331678e-05 2.330436e-05 0 4.327952e-05 3.329194e-06 2.663355e-05 0 0 0 0 3.329194e-06 0 3.329194e-06 3.329194e-06 6.325469e-05 0 0 0 0 0 3.329194e-06 1.331678e-05 4.993791e-05 0 0 6.658388e-06 3.329194e-06 3.329194e-06 7.657146e-05 1.664597e-05 3.662113e-05 0 3.329194e-06 9.987582e-06 0 0 0 0 0 0 0.0001431553 1.997516e-05 6.658388e-06 0 0 4.660872e-05 0
3.329194e-05 0 3.995033e-05 0.0001098634 0 6.991307e-05 0.0001864349 6.325469e-05 4.993791e-05 0.0004560996 6.658388e-06 5.992549e-05 3.662113e-05 0.0001398261 0 0.001544746 6.658388e-06 0 3.329194e-06 8.655904e-05 0.002070759 0.0001498137 0.004141517 0.0005160251 0 3.662113e-05 0.0005759506 0.001171876 0.0008655904 0.0002463604 3.329194e-06 1.664597e-05 9.987582e-06 0.0002130684 0.001295056 0.002383703 0.001424895 0.001907628 0.0008456153 0.0001831057 0.0005060375 4.327952e-05 9.987582e-06 6.658388e-06 3.329194e-06 3.329194e-06 0 0 0 4.993791e-05 0 3.662113e-05 0 0 3.329194e-06 0 1.331678e-05 0 1.664597e-05 0 0 0 3.329194e-06 1.331678e-05 1.331678e-05 2.996275e-05 2.330436e-05 0 0 6.658388e-06 2.330436e-05 6.658388e-06 1.664597e-05 0 0 0 0 3.329194e-06 1.997516e-05 0 1.331678e-05 0 0 0 0 0
0 0 1.664597e-05 5.992549e-05 0 7.990066e-05 0.0003329194 0.0001098634 0.0009554787 0.0001997516 0 1.664597e-05 0 9.321743e-05 0 0.000239702 3.329194e-06 0 0 2.996275e-05 0.0006891432 8.988824e-05 3.329194e-06 0.003851877 0 1.997516e-05 1.997516e-05 0.002293815 0.0001897641 0.0001331678 0 0 9.987582e-06 0.000103205 0 0.0003728697 0 0.000359553 0.000119851 6.658388e-06 2.330436e-05 3.329194e-06 6.658388e-06 0.0004094909 5.992549e-05 0.0003295902 0.0001065342 8.322985e-05 0.0002496896 0.07647159 0.0007990066 0.006714984 0.0006558512 0.0001098634 0.0001631305 0 0.007470711 0.0005226835 2.330436e-05 0.003392449 1.997516e-05 0.0006558512 0.000223056 0.001348324 0.000103205 0.002007504 0.008932228 1.664597e-05 0.0002363728 0.0002330436 0.01506127 0.004411182 0.03876514 0 7.657146e-05 4.660872e-05 0.007244326 9.987582e-06 0.001731181 8.322985e-05 0.007533966 0.000119851 0.0003795281 8.988824e-05 0 6.658388e-06
3.329194e-06 5.65963e-05 0.0001231802 0 0 0 0 3.329194e-06 1.331678e-05 0 6.325469e-05 0 2.663355e-05 6.658388e-06 0 3.329194e-06 0.001431553 2.330436e-05 0.0003662113 0 3.329194e-06 6.658388e-06 4.993791e-05 2.330436e-05 0.0002197268 0.004188126 0.003229318 6.658388e-06 6.658388e-06 3.329194e-06 3.329194e-06 0 0 0.000549317 0 0.0007191059 0.0004228076 0.001697889 0.0001897641 0 0 2.663355e-05 3.329194e-06 5.992549e-05 0.002367057 0.007647159 0 1.331678e-05 0 0.0007523979 0 0.01724855 0 0.002330436 1.664597e-05 0.002450287 5.992549e-05 0.0002962983 6.658388e-05 0.003875182 0.000136497 0.001784448 3.329194e-06 1.664597e-05 0.05140276 0.0007956774 0.02762898 0.02330436 0.01163553 0.0210971 0.002430312 7.657146e-05 0.0003728697 2.330436e-05 9.987582e-05 0 0.000446112 1.997516e-05 0.001471504 0.004814015 0.005146934 0.0007357519 0.0001697889 3.329194e-06 0.0001265094 0
