0.01131127 0 4.227904e-05 9.7567e-06 1.626117e-05 0.0004488082 0.03386225 0.02869446 0 0.0008130584 0.0001203326 3.252233e-06 3.577457e-05 0.08517274 6.504467e-06 3.252233e-06 0.0004423038 1.626117e-05 3.252233e-06 1.300893e-05 0.000585402 0 0.0006471945 4.227904e-05 0 4.227904e-05 1.95134e-05 0.0005398708 0.0637763 0.01721407 3.252233e-06 0.006153226 0.003762834 0.001024454 6.504467e-06 0.0006081677 9.7567e-06 0.001265119 0.0002439175 9.7567e-06 7.80536e-05 0 1.95134e-05 0 0 3.252233e-06 0 0 0 9.7567e-06 0 0 0 0 0 0 3.252233e-06 0 0 0 0 0 0 0 0 0 0 0 0 3.252233e-06 9.7567e-06 0 0 0 0 0 0 0 0 0 3.252233e-06 0 0 0 0 0
0 0.00460191 0.0004650694 0 1.95134e-05 3.252233e-06 1.95134e-05 6.504467e-06 0.04406451 0 0.001974106 2.601787e-05 0.02809279 0 0.0003122144 0.0005301141 0.0009691656 2.601787e-05 0.0002146474 3.252233e-06 6.504467e-05 0.132896 0.0002634309 0.05280326 0.05767186 0.009063975 0.1101271 0.0008163106 3.252233e-06 4.227904e-05 0.0001691161 6.504467e-06 0 0.0002861965 0 0.0007545182 0.001411469 0.002969289 0.0004813306 0.0001170804 0 0.006010127 3.252233e-06 0 0.0003512412 0.002777407 6.504467e-06 0 0 2.92701e-05 6.504467e-06 9.7567e-06 6.504467e-06 7.80536e-05 3.252233e-06 0.0002244041 6.504467e-06 0 1.626117e-05 8.78103e-05 1.626117e-05 7.154914e-05 9.7567e-06 1.95134e-05 0.0002406653 0.0001170804 5.528797e-05 6.82969e-05 0.001752954 0.01925973 6.179244e-05 0 1.300893e-05 9.7567e-05 0 0 4.87835e-05 0 9.106254e-05 0.0002569264 0.0001008192 6.179244e-05 3.252233e-06 0 7.80536e-05 0
4.227904e-05 0.0004650694 0.08154 6.504467e-06 3.252233e-06 0.001056976 0.1170772 0.0033498 3.90268e-05 0.003018073 0.0005138529 2.601787e-05 0.0002666831 0.00149928 9.7567e-06 0.005811741 0.2915074 0.0007675271 0.00601338 1.95134e-05 0.04372953 0.0008065539 0.3732393 0.01350978 1.626117e-05 0.1287787 0.04054559 0.0617469 0.001154543 0.008550122 4.87835e-05 0.0007740316 0.0002536742 0.07678848 0.0002081429 0.1311951 0.05334639 0.2282287 0.04821761 0.0001300893 8.130584e-05 0.000152855 0.0003805113 2.601787e-05 0.004182372 0.05628315 3.252233e-06 0 9.7567e-06 0.001206579 0.0001463505 9.7567e-06 2.601787e-05 2.601787e-05 3.252233e-06 9.7567e-06 0.0002471697 0 0.0006309333 0.00275139 2.92701e-05 9.7567e-05 0 0.0003057099 0.003187189 0.00512552 0.0003870158 1.626117e-05 0.003834383 0.04690696 0.0009301388 5.203574e-05 0.0001918818 3.252233e-06 6.504467e-06 1.300893e-05 0.003005064 6.179244e-05 0.002439175 0.00186353 0.002390392 0.0009594089 6.504467e-06 0 9.7567e-06 2.601787e-05
9.7567e-06 0 6.504467e-06 0.03608678 0.0005106007 0.009590837 0.003079865 0.0009236343 0.01713277 0.05168775 0.0004975917 0.05776942 5.203574e-05 0.001359434 0.003603475 0 2.276563e-05 6.82969e-05 2.92701e-05 0.07229065 3.252233e-06 3.252233e-06 2.276563e-05 0.01777996 0 0.0001821251 4.227904e-05 0.08086028 0.003434359 3.252233e-05 2.601787e-05 0.002165987 0.0001073237 0.004263678 2.92701e-05 0.004904368 7.480137e-05 0.007541929 0.001122021 0.004504343 0.0006732123 0 8.78103e-05 1.626117e-05 6.504467e-05 0 0.004536866 3.252233e-06 0.0001788728 0.003951464 0.0002146474 0.001157795 0.009782718 1.626117e-05 0.002136717 0 0.0001723684 2.92701e-05 0 0 0 0 0.004536866 0 0.0001365938 0 0.01006891 9.7567e-06 9.7567e-06 9.431477e-05 0.01626442 9.7567e-05 3.252233e-06 3.252233e-06 4.227904e-05 9.7567e-06 0.000139846 3.252233e-06 6.504467e-05 0 0.0001788728 6.504467e-06 0.0001593594 1.300893e-05 0 0
1.626117e-05 1.95134e-05 3.252233e-06 0.0005106007 9.7567e-06 0.005480013 0.0002764398 0.0005333663 0.009203821 0.001297641 1.95134e-05 0.01302194 0 0.0001496027 0.02780334 0 8.455807e-05 6.504467e-06 0 0.0009659133 7.80536e-05 4.227904e-05 6.82969e-05 0.004010004 1.300893e-05 9.7567e-06 6.82969e-05 0.0007512659 0.0001073237 0.0001723684 0 0.0005398708 0 0.0001496027 4.87835e-05 0.0001268371 6.504467e-06 0.0002536742 9.7567e-06 0.02456412 7.80536e-05 0 0 0 0 3.252233e-06 6.504467e-06 3.252233e-06 0 2.276563e-05 3.252233e-06 9.7567e-06 9.7567e-06 0 9.7567e-06 0 0 0 0 0 0 0 3.252233e-06 0 0 0 3.252233e-05 0 0 3.252233e-06 7.480137e-05 0 0 0 0 0 0 0 6.504467e-06 0 3.252233e-06 0 1.300893e-05 0 0 0
0.0004488082 3.252233e-06 0.001056976 0.009590837 0.005480013 0.1654053 0.03681203 0.09563193 0.006478449 0.2715127 0.002858713 0.08454831 0.0005040962 0.02871072 0.02789115 3.252233e-06 0.003577457 0.0004488082 0.0001333416 0.03653234 0.003379071 6.504467e-06 0.005320654 0.0009691656 1.300893e-05 0.0011643 0.0002569264 0.0149245 0.007766334 0.006631304 5.85402e-05 0.08574188 0.0002113952 0.01328537 0.004110823 0.004042526 0.0001430983 0.0132561 0.000891112 0.05493998 0.003105883 6.504467e-06 0.0001170804 3.252233e-06 1.300893e-05 2.276563e-05 0.000500844 0 3.577457e-05 0.0007415092 4.87835e-05 5.528797e-05 0.0009854267 9.7567e-06 0.0002731876 9.7567e-06 1.626117e-05 0 3.252233e-06 0 0 0 0.0004618172 0 1.95134e-05 6.504467e-06 0.0009626611 0 3.252233e-06 8.130584e-05 0.001957845 1.626117e-05 2.276563e-05 6.504467e-06 2.276563e-05 0 1.300893e-05 0 1.300893e-05 3.252233e-06 3.90268e-05 3.252233e-06 0.0004390515 3.252233e-06 0 0
0.03386225 1.95134e-05 0.1170772 0.003079865 0.0002764398 0.03681203 0.2091902 0.0656756 0.009265613 0.2526335 0.002159483 0.0006114199 0.0003609979 0.1197082 0.0003740068 9.7567e-06 0.02484706 0.000445556 0.001297641 0.001629369 0.03699416 0.0001918818 0.1400672 0.03330938 1.626117e-05 0.0170352 0.001909061 0.2250838 0.05019172 0.07765033 6.82969e-05 0.01454074 0.005014944 0.03229468 0.0009496522 0.058976 0.008410276 0.05301791 0.01794582 0.001648882 0.003740068 5.528797e-05 0.001096003 5.203574e-05 0.0001300893 0.0007317525 0.0004423038 0 2.92701e-05 0.007379318 0.0001203326 0.0003414845 0.001574081 1.95134e-05 0.0001235849 0 0.0001723684 9.7567e-06 0.001157795 5.203574e-05 3.252233e-06 2.601787e-05 0.0005528797 0.0001040715 0.0003089622 0.001476514 0.008735499 3.252233e-06 0.0002536742 0.003899428 0.01712951 0.000347989 0.0006732123 0 4.227904e-05 9.431477e-05 0.0003675024 9.7567e-06 0.0005366185 5.528797e-05 0.0009106254 0.0001788728 9.7567e-06 1.95134e-05 6.504467e-06 6.504467e-06
0.02869446 6.504467e-06 0.0033498 0.0009236343 0.0005333663 0.09563193 0.0656756 0.1816437 0.000152855 0.04246766 0.0008390762 0.004692973 0.0001170804 0.1238776 0.005346672 6.504467e-06 0.01626117 0.000139846 0.0002569264 0.003027829 0.02056062 1.300893e-05 0.02417385 0.0005301141 1.300893e-05 0.0006211766 0.0005886543 0.007623235 0.02010531 0.07401758 1.626117e-05 0.02770903 0.0002211519 0.01379923 0.0005236096 0.001775719 0.0001170804 0.008263925 0.0007610226 0.006897987 0.0007285003 2.92701e-05 1.626117e-05 0 0 3.90268e-05 9.7567e-06 0 3.252233e-06 9.7567e-05 6.504467e-06 6.504467e-06 3.90268e-05 6.504467e-06 1.300893e-05 0 3.252233e-06 0 0 6.504467e-06 0 0 3.90268e-05 3.252233e-06 1.300893e-05 1.95134e-05 0.0001105759 0 1.95134e-05 0.0001821251 0.0002634309 1.626117e-05 3.90268e-05 0 3.252233e-06 0 1.300893e-05 0 1.626117e-05 3.252233e-06 6.504467e-06 6.504467e-06 6.504467e-06 0 0 0
0 0.04406451 3.90268e-05 0.01713277 0.009203821 0.006478449 0.009265613 0.000152855 0.01824503 0.01388378 0.0002276563 0.02258676 0.00186353 0.0002113952 0.01500906 0.0004553127 0.0001561072 9.7567e-06 5.85402e-05 0.01217636 0.0004845828 0.06229978 0.000152855 0.1760011 0.01094051 0.002982298 0.05295287 0.08507192 0.0004357993 0.006745132 2.276563e-05 0.0007317525 5.528797e-05 0.000543123 3.252233e-06 0.001658639 0.0001626117 0.001440739 0.0004325471 0.006767898 0.000195134 0.0002406653 3.577457e-05 0.0002699354 0.0001886295 7.80536e-05 0.003040838 3.252233e-06 4.227904e-05 0.006237784 0.000139846 0.001739945 0.003580709 2.92701e-05 0.0009561566 4.227904e-05 0.0002731876 3.90268e-05 0.0007610226 1.95134e-05 1.626117e-05 3.577457e-05 0.001788728 0.0002601787 0.0005821498 4.553127e-05 0.03249632 2.276563e-05 0.0003609979 0.0007837883 0.0256341 0.0006341855 0.003831131 9.7567e-06 6.179244e-05 0.0001268371 0.0002081429 3.252233e-06 0.001157795 7.480137e-05 0.0009496522 0.0002276563 0.0001203326 5.85402e-05 1.95134e-05 9.7567e-06
0.0008130584 0 0.003018073 0.05168775 0.001297641 0.2715127 0.2526335 0.04246766 0.01388378 0.5591793 0.008976164 0.02736754 0.001411469 0.03186213 0.002914001 3.252233e-06 0.005506031 0.001580585 0.0004715739 0.06015981 0.003996995 2.276563e-05 0.00841678 0.0129634 1.626117e-05 0.00365551 0.0006439422 0.06953926 0.06018258 0.006452431 0.0002016385 0.04736228 0.001349677 0.06868717 0.003583961 0.05979556 0.0007317525 0.1066863 0.01231621 0.01284632 0.008260673 5.528797e-05 0.001772467 1.626117e-05 0.0001170804 3.252233e-05 0.00481981 6.504467e-06 0.0002634309 0.009730683 0.0004000247 0.001476514 0.01400412 3.252233e-05 0.001401713 6.504467e-06 0.0002796921 1.95134e-05 1.626117e-05 0 3.252233e-06 9.7567e-06 0.005483266 3.252233e-06 0.0002178996 4.553127e-05 0.01642378 1.95134e-05 1.95134e-05 0.0003089622 0.03003112 0.000250422 4.553127e-05 3.252233e-06 7.80536e-05 3.90268e-05 0.0002406653 6.504467e-06 0.0001463505 6.504467e-06 0.0003447367 4.553127e-05 0.0001918818 3.252233e-05 3.252233e-06 0
0.0001203326 0.001974106 0.0005138529 0.0004975917 1.95134e-05 0.002858713 0.002159483 0.0008390762 0.0002276563 0.008976164 0.1310813 0.003356305 0.05274797 0.0006049154 2.601787e-05 1.300893e-05 0.001492775 0.03918941 0.003414845 0.002806677 0.0005886543 0.0007545182 0.001112264 0.0004130337 0.00314491 0.1219425 0.01673925 0.001746449 0.002478202 0.001434235 0.01203652 0.0008878597 2.92701e-05 0.06209489 6.504467e-06 0.0142025 0.1158348 0.1669014 0.02315915 0.0001983862 7.80536e-05 0.04299453 4.553127e-05 0 0.0001788728 5.203574e-05 3.252233e-06 0 0 4.87835e-05 0 2.276563e-05 1.300893e-05 0.002510724 0 0.01101857 0 3.252233e-06 6.504467e-06 6.504467e-06 7.80536e-05 9.7567e-06 1.300893e-05 0 3.577457e-05 9.7567e-06 0.0001138282 0.0008553374 0.002689597 0.003418097 0.0001430983 3.252233e-06 3.252233e-06 0.00198061 0 3.252233e-06 2.276563e-05 3.252233e-06 5.528797e-05 0.003681528 0.0001268371 3.252233e-05 3.252233e-06 3.252233e-06 0.001606603 0
3.252233e-06 2.601787e-05 2.601787e-05 0.05776942 0.01302194 0.08454831 0.0006114199 0.004692973 0.02258676 0.02736754 0.003356305 0.07311671 0.0005203574 0.006670331 0.04769726 0 3.577457e-05 0.0004910873 0.0001300893 0.0790683 2.276563e-05 3.577457e-05 6.504467e-05 0.003977482 9.7567e-06 0.001206579 0.000250422 0.03106859 0.007971224 3.90268e-05 6.82969e-05 0.01717504 6.504467e-06 0.01442366 4.87835e-05 0.004019761 5.85402e-05 0.01991343 0.000500844 0.04454259 0.002029394 9.7567e-06 0.000152855 3.252233e-06 9.7567e-06 0 0.002309086 0 0.0001463505 0.001017949 9.7567e-05 0.0002309086 0.003092874 1.626117e-05 0.001216335 3.252233e-06 7.480137e-05 6.504467e-06 6.504467e-06 0 0 6.504467e-06 0.001700918 0 9.7567e-06 0 0.003053847 3.252233e-06 3.252233e-06 1.300893e-05 0.004803549 5.528797e-05 3.252233e-06 0 7.480137e-05 0 7.154914e-05 3.252233e-06 2.601787e-05 0 4.553127e-05 0 0.0009138776 0 0 0
3.577457e-05 0.02809279 0.0002666831 5.203574e-05 0 0.0005040962 0.0003609979 0.0001170804 0.00186353 0.001411469 0.05274797 0.0005203574 0.0533659 7.80536e-05 1.95134e-05 2.601787e-05 0.0002601787 0.001479766 0.0008846075 0.0003544934 0.0003967725 0.00827043 0.0007740316 0.00155782 0.04707283 0.01031608 0.03751126 0.0004097814 0.0003414845 0.0001853773 0.007158166 0.0001821251 3.252233e-06 0.01932477 0 0.00342135 0.09718975 0.0734582 0.006826438 5.203574e-05 0.000682969 0.01655387 6.504467e-06 0 0.0008683463 3.90268e-05 3.252233e-06 0 0 3.252233e-06 3.252233e-06 0.0001203326 0 0.01308374 0 0.05581158 1.626117e-05 3.252233e-06 2.601787e-05 6.504467e-06 0.0003414845 0.000139846 0 0 0.0002471697 1.300893e-05 0.0002113952 0.004520605 0.01587415 0.02481129 3.252233e-05 0 6.504467e-06 0.01080717 0 0 8.78103e-05 0 0.0001138282 0.01642378 0.0006309333 0.0001138282 0 0 0.008377753 3.252233e-06
0.08517274 0 0.00149928 0.001359434 0.0001496027 0.02871072 0.1197082 0.1238776 0.0002113952 0.03186213 0.0006049154 0.006670331 7.80536e-05 0.1328017 0.0003935203 9.7567e-06 0.009194064 7.154914e-05 0.0001333416 0.004497839 0.01396184 1.300893e-05 0.01203001 0.001287884 3.252233e-06 0.000390268 0.0003870158 0.01073887 0.1015412 0.08753386 9.7567e-06 0.03029781 0.0002081429 0.01331464 0.0002081429 0.003008316 8.455807e-05 0.008426537 0.0005366185 0.001157795 0.0004065292 1.300893e-05 9.431477e-05 0 0 1.95134e-05 3.90268e-05 0 0 0.0001593594 1.300893e-05 1.626117e-05 5.203574e-05 3.252233e-06 9.7567e-06 0 1.300893e-05 0 3.252233e-05 3.252233e-06 0 0 2.601787e-05 6.504467e-06 9.7567e-06 1.300893e-05 0.0002569264 0 3.252233e-06 6.504467e-05 0.0003317278 2.601787e-05 0.000139846 0 0 0 3.252233e-06 6.504467e-06 3.577457e-05 1.300893e-05 3.577457e-05 9.7567e-06 6.504467e-06 0 0 0
6.504467e-06 0.0003122144 9.7567e-06 0.003603475 0.02780334 0.02789115 0.0003740068 0.005346672 0.01500906 0.002914001 2.601787e-05 0.04769726 1.95134e-05 0.0003935203 0.006719114 0 2.601787e-05 0 3.252233e-06 0.007359804 6.504467e-06 0.0005593842 2.601787e-05 0.02531213 5.203574e-05 5.85402e-05 0.000695978 0.005346672 0.0001268371 4.553127e-05 3.252233e-06 0.01458952 0 0.0002601787 3.577457e-05 9.106254e-05 6.504467e-06 0.0002146474 1.95134e-05 0.01578634 0.0005919065 6.504467e-06 0 0 0 0 0.0001300893 0 1.626117e-05 0.0001691161 9.7567e-06 6.179244e-05 0.0002244041 0 6.179244e-05 0 3.252233e-06 0 0 0 0 0 0.0001170804 9.7567e-06 9.7567e-06 0 0.0003154666 0 0 3.252233e-06 0.0005203574 1.300893e-05 3.577457e-05 0 0 0 0 0 3.90268e-05 0 1.626117e-05 3.252233e-06 0.000139846 0 0 0
3.252233e-06 0.0005301141 0.005811741 0 0 3.252233e-06 9.7567e-06 6.504467e-06 0.0004553127 3.252233e-06 1.300893e-05 0 2.601787e-05 9.7567e-06 0 0.01863205 0.001395208 1.626117e-05 9.106254e-05 0 0.007922441 0.06333074 0.02556581 0.009356676 4.227904e-05 0.01556194 0.1515183 0.01142184 8.130584e-05 0.0003317278 0 6.504467e-06 1.300893e-05 0.001857025 0.0001235849 0.04404825 0.02444379 0.005684904 0.005938578 6.504467e-06 1.300893e-05 7.480137e-05 0.0001691161 0.0002146474 0.0001918818 0.0006667079 0 3.252233e-06 6.504467e-06 0.0004390515 4.227904e-05 0.0002861965 0 1.626117e-05 3.252233e-06 6.504467e-06 0.0003707546 2.601787e-05 0.06841073 0.0001821251 1.300893e-05 6.504467e-05 0 0.008894859 0.01221864 0.02381611 0.01975407 3.252233e-06 0.0001593594 0.006862213 0.01176983 0.0006569512 0.007984233 0 2.601787e-05 7.80536e-05 0.0001691161 3.252233e-06 0.001261867 0.0003447367 0.0004000247 0.0002439175 1.626117e-05 1.300893e-05 3.252233e-06 9.7567e-06
0.0004423038 0.0009691656 0.2915074 2.276563e-05 8.455807e-05 0.003577457 0.02484706 0.01626117 0.0001561072 0.005506031 0.001492775 3.577457e-05 0.0002601787 0.009194064 2.601787e-05 0.001395208 0.005239348 0.01446919 0.02994657 4.227904e-05 0.04451982 0.0009561566 0.05510259 0.001011445 9.106254e-05 0.1247752 0.2432053 0.003977482 0.00899893 0.03459401 6.504467e-06 0.00445556 0.0009724178 0.01920119 2.276563e-05 0.01972154 0.01575707 0.0229998 0.01285608 8.130584e-05 0.0001138282 9.106254e-05 5.85402e-05 9.7567e-06 0.003128649 0.01588716 0 0 0 0.0002894488 1.95134e-05 1.626117e-05 0 9.7567e-06 0 1.300893e-05 5.528797e-05 0 5.528797e-05 0.001447244 1.300893e-05 0.0002211519 0 5.85402e-05 0.0005203574 0.000682969 0.0001886295 9.7567e-06 0.005717426 0.02350389 0.0003382323 2.601787e-05 8.130584e-05 6.504467e-06 3.252233e-06 6.504467e-06 0.0006504467 1.300893e-05 0.0006471945 0.0005886543 0.0005073484 0.0002211519 0 0 3.252233e-06 6.504467e-06
1.626117e-05 2.601787e-05 0.0007675271 6.82969e-05 6.504467e-06 0.0004488082 0.000445556 0.000139846 9.7567e-06 0.001580585 0.03918941 0.0004910873 0.001479766 7.154914e-05 0 1.626117e-05 0.01446919 0.00573694 0.01802388 0.0004097814 0.000250422 2.92701e-05 0.0005203574 6.82969e-05 8.78103e-05 0.07152312 0.01739945 0.0003935203 0.0003382323 0.0002016385 0.0005691409 0.0001300893 6.504467e-06 0.01903857 1.626117e-05 0.01997197 0.0646479 0.09386596 0.01615384 5.203574e-05 3.252233e-05 0.001574081 6.82969e-05 0 0.0001040715 0.0001430983 0 0 0 9.7567e-06 0 9.7567e-06 0 0.0002471697 3.252233e-06 0.000891112 0 0 0 2.92701e-05 0.0001593594 0.0001073237 0 0 3.90268e-05 1.626117e-05 4.87835e-05 9.7567e-05 0.005558067 0.005473509 3.252233e-05 3.252233e-06 3.252233e-06 0.0005919065 0 0 2.276563e-05 0 3.252233e-05 0.0002178996 8.130584e-05 2.276563e-05 0 0 1.626117e-05 0
3.252233e-06 0.0002146474 0.00601338 2.92701e-05 0 0.0001333416 0.001297641 0.0002569264 5.85402e-05 0.0004715739 0.003414845 0.0001300893 0.0008846075 0.0001333416 3.252233e-06 9.106254e-05 0.02994657 0.01802388 0.006777655 0.0001203326 0.0006439422 0.0002048907 0.002299329 0.0001203326 0.0002113952 0.1910655 0.04596707 0.000292701 0.0002569264 0.0001821251 0.0001821251 0.0001008192 3.90268e-05 0.02337055 0 0.02051184 0.03367363 0.04460113 0.01097954 2.276563e-05 6.504467e-06 0.0001788728 6.179244e-05 3.252233e-06 0.0009724178 0.001076489 3.252233e-06 0 0 2.276563e-05 9.7567e-06 6.504467e-06 0 3.577457e-05 0 0.0001300893 1.626117e-05 3.252233e-06 6.504467e-06 0.0002959532 2.601787e-05 0.0004683216 0 6.504467e-06 3.252233e-05 3.90268e-05 4.87835e-05 3.577457e-05 0.006533737 0.01394232 9.7567e-06 3.252233e-06 1.300893e-05 0.0001008192 0 0 7.480137e-05 3.252233e-06 0.0001788728 0.000250422 0.000195134 7.480137e-05 0 0 6.504467e-06 0
1.300893e-05 3.252233e-06 1.95134e-05 0.07229065 0.0009659133 0.03653234 0.001629369 0.003027829 0.01217636 0.06015981 0.002806677 0.0790683 0.0003544934 0.004497839 0.007359804 0 4.227904e-05 0.0004097814 0.0001203326 0.01534404 1.300893e-05 0 5.203574e-05 0.007203697 3.252233e-06 0.0009496522 0.0001561072 0.07614454 0.007128896 4.227904e-05 6.179244e-05 0.008732247 3.90268e-05 0.0117926 0.0001008192 0.00838751 0.0001430983 0.0192955 0.001144786 0.009177803 0.001496027 3.252233e-05 0.0003577457 3.252233e-06 2.276563e-05 0 0.002422914 0 0.0001138282 0.003128649 0.0001235849 0.0003219711 0.005580833 1.95134e-05 0.0008618419 0 9.106254e-05 6.504467e-06 0 3.252233e-06 0 3.252233e-06 0.002117204 6.504467e-06 2.92701e-05 0 0.005974353 3.252233e-06 6.504467e-06 5.528797e-05 0.01110963 6.82969e-05 0 0 6.504467e-06 3.252233e-06 8.130584e-05 3.252233e-06 6.179244e-05 3.252233e-06 0.0001333416 1.300893e-05 0.0002211519 9.7567e-06 0 3.252233e-06
0.000585402 6.504467e-05 0.04372953 3.252233e-06 7.80536e-05 0.003379071 0.03699416 0.02056062 0.0004845828 0.003996995 0.0005886543 2.276563e-05 0.0003967725 0.01396184 6.504467e-06 0.007922441 0.04451982 0.000250422 0.0006439422 1.300893e-05 0.2323461 0.006732123 0.3731905 0.002904244 1.300893e-05 0.003821374 0.01067058 0.04988276 0.01815072 0.1092685 6.504467e-06 0.005788976 0.003161171 0.09171624 0.001069985 0.419704 0.06544795 0.2068843 0.1258712 0.0002081429 0.0003317278 0.0009106254 0.002165987 0.0007317525 2.276563e-05 0.0003284756 0 3.252233e-06 0 0.002572517 0.0002536742 0.0004553127 6.504467e-06 2.276563e-05 3.252233e-06 0 0.001642378 3.577457e-05 0.01708723 0.0001723684 6.504467e-06 8.130584e-05 0 0.0064069 0.00426693 0.002247293 0.03003112 3.252233e-06 4.227904e-05 0.001941583 0.02151678 0.003301017 0.01956869 0 5.85402e-05 0.0004260426 0.0005106007 1.626117e-05 0.003359557 0.000347989 0.001330163 0.0004650694 2.601787e-05 7.480137e-05 9.7567e-06 1.300893e-05
0 0.132896 0.0008065539 3.252233e-06 4.227904e-05 6.504467e-06 0.0001918818 1.300893e-05 0.06229978 2.276563e-05 0.0007545182 3.577457e-05 0.00827043 1.300893e-05 0.0005593842 0.06333074 0.0009561566 2.92701e-05 0.0002048907 0 0.006732123 0.01318455 0.03027829 0.1301219 0.04240587 0.01612132 0.1821674 0.01492125 1.626117e-05 0.0002016385 0.0001040715 3.252233e-06 3.252233e-06 0.0003577457 6.504467e-06 0.002361122 0.0008878597 0.001720432 0.0007089869 0.0002341608 3.252233e-06 0.001135029 9.7567e-06 5.203574e-05 0.0002081429 0.0005919065 3.252233e-06 3.252233e-06 0 0.0002016385 2.92701e-05 0.0001365938 1.626117e-05 2.276563e-05 0 0.0001235849 0.0001463505 1.300893e-05 0.02680491 9.106254e-05 2.276563e-05 3.577457e-05 6.504467e-06 0.002006628 0.001492775 0.007431353 0.008595653 3.577457e-05 0.0007707793 0.009824997 0.003883167 0.0001886295 0.001925322 4.227904e-05 3.252233e-06 2.601787e-05 4.87835e-05 3.252233e-06 0.0004130337 0.000195134 0.0001821251 7.154914e-05 0 3.252233e-06 2.601787e-05 0
0.0006471945 0.0002634309 0.3732393 2.276563e-05 6.82969e-05 0.005320654 0.1400672 0.02417385 0.000152855 0.00841678 0.001112264 6.504467e-05 0.0007740316 0.01203001 2.601787e-05 0.02556581 0.05510259 0.0005203574 0.002299329 5.203574e-05 0.3731905 0.03027829 0.2489129 0.01153567 2.92701e-05 0.03218085 0.07366959 0.1336961 0.009818493 0.1375727 5.203574e-05 0.005453996 0.001008192 0.06710984 0.001437487 0.5325272 0.172892 0.269363 0.1793639 0.0004162859 0.0002113952 0.002370878 0.004172616 9.106254e-05 0.0002601787 0.004627928 3.252233e-06 9.7567e-06 1.626117e-05 0.001278128 5.528797e-05 0.0001365938 1.626117e-05 1.626117e-05 3.252233e-06 9.7567e-06 0.0002861965 2.601787e-05 0.08113347 0.0003317278 3.252233e-06 7.80536e-05 3.252233e-06 0.008289943 0.01176333 0.03768038 0.01182187 0 0.000250422 0.02637236 0.007662262 0.0003935203 0.00621827 0 1.626117e-05 7.480137e-05 0.0003675024 4.553127e-05 0.001987115 0.0006049154 0.00109275 0.0006471945 3.252233e-06 3.252233e-06 9.7567e-06 6.504467e-06
4.227904e-05 0.05280326 0.01350978 0.01777996 0.004010004 0.0009691656 0.03330938 0.0005301141 0.1760011 0.0129634 0.0004130337 0.003977482 0.00155782 0.001287884 0.02531213 0.009356676 0.001011445 6.82969e-05 0.0001203326 0.007203697 0.002904244 0.1301219 0.01153567 0.08157902 0.008976164 0.02119481 0.1014859 0.1746612 0.007213454 0.01439764 2.92701e-05 0.001050471 0.00155782 0.005665391 6.82969e-05 0.04513775 0.005590589 0.01412445 0.007665514 0.01386752 0.001515541 0.0001593594 0.0004130337 0.001769215 0.0003512412 0.0004488082 0.008091557 2.276563e-05 0.0003870158 0.05567498 0.001086246 0.01498304 0.01813445 0.0002081429 0.00234486 4.87835e-05 0.002835948 0.0001463505 0.01296991 0.0002699354 1.300893e-05 0.0001626117 0.007447615 0.005245853 0.009613602 0.001447244 0.1507735 5.203574e-05 0.000390268 0.002500968 0.1803006 0.006676835 0.03440213 3.252233e-06 0.0004097814 0.001105759 0.002422914 7.154914e-05 0.01209831 0.0006276811 0.009880285 0.002065168 0.0003414845 0.0005691409 4.87835e-05 9.106254e-05
0 0.05767186 1.626117e-05 0 1.300893e-05 1.300893e-05 1.626117e-05 1.300893e-05 0.01094051 1.626117e-05 0.00314491 9.7567e-06 0.04707283 3.252233e-06 5.203574e-05 4.227904e-05 9.106254e-05 8.78103e-05 0.0002113952 3.252233e-06 1.300893e-05 0.04240587 2.92701e-05 0.008976164 0.008384258 0.00680042 0.06503491 0.0001008192 0 9.7567e-06 0.001590342 0 0 0.0002471697 0 0.0003382323 0.005476761 0.006175991 0.0006536989 1.300893e-05 0 0.007792351 0 0 0.0004000247 1.95134e-05 3.252233e-06 0 0 0 3.252233e-06 2.601787e-05 0 0.002361122 0 0.009743691 0 0 9.7567e-06 9.7567e-06 0.0001626117 9.106254e-05 0 0 3.252233e-05 0 9.106254e-05 0.001115516 0.008972912 0.01935729 0 0 0 0.003057099 0 0 3.252233e-05 0 5.203574e-05 0.002205014 0.0002113952 4.553127e-05 0 0 0.0008813553 0
4.227904e-05 0.009063975 0.1287787 0.0001821251 9.7567e-06 0.0011643 0.0170352 0.0006211766 0.002982298 0.00365551 0.1219425 0.001206579 0.01031608 0.000390268 5.85402e-05 0.01556194 0.1247752 0.07152312 0.1910655 0.0009496522 0.003821374 0.01612132 0.03218085 0.02119481 0.00680042 0.2717664 0.0997395 0.01665469 0.0008976164 0.0008585896 0.001886295 0.0003317278 2.601787e-05 0.07249228 3.90268e-05 0.1104524 0.419756 0.3052937 0.07186786 0.000250422 7.480137e-05 0.005551563 0.0003284756 1.626117e-05 0.01898654 0.01641077 0 0 3.252233e-06 0.0003382323 6.82969e-05 0.0003707546 2.276563e-05 0.007785847 2.276563e-05 0.02929612 0.0001983862 2.92701e-05 0.0003609979 0.004836071 0.003057099 0.008195628 9.7567e-06 0.0001008192 0.001417974 0.000835824 0.001109012 0.004458812 0.2122733 0.3340629 0.0003447367 4.553127e-05 0.0001365938 0.0162384 0 0 0.001073237 1.626117e-05 0.003248981 0.01004615 0.004374254 0.001580585 3.90268e-05 0 0.0006309333 1.300893e-05
1.95134e-05 0.1101271 0.04054559 4.227904e-05 6.82969e-05 0.0002569264 0.001909061 0.0005886543 0.05295287 0.0006439422 0.01673925 0.000250422 0.03751126 0.0003870158 0.000695978 0.1515183 0.2432053 0.01739945 0.04596707 0.0001561072 0.01067058 0.1821674 0.07366959 0.1014859 0.06503491 0.0997395 0.3998686 0.01186415 0.0005301141 0.001596847 0.001944836 0.0001723684 5.85402e-05 0.08842172 0.0004260426 0.264631 0.1471506 0.3002137 0.1000289 0.0004748261 9.7567e-06 0.001294389 0.001017949 6.504467e-05 0.07281751 0.1417779 6.504467e-06 0 6.179244e-05 0.003583961 0.000403277 0.0003642501 0.0001300893 0.005281627 2.276563e-05 0.01977358 0.0006569512 1.626117e-05 0.03347524 0.008735499 0.001831007 0.00576621 9.7567e-06 0.001896052 0.03030756 0.03809666 0.002826191 0.006475197 0.1574016 0.6730237 0.003704294 8.78103e-05 0.0004910873 0.01256663 9.7567e-06 1.95134e-05 0.0064069 0.0001008192 0.009834754 0.01187065 0.01003639 0.004478325 1.626117e-05 1.300893e-05 0.0005886543 2.92701e-05
0.0005398708 0.0008163106 0.0617469 0.08086028 0.0007512659 0.0149245 0.2250838 0.007623235 0.08507192 0.06953926 0.001746449 0.03106859 0.0004097814 0.01073887 0.005346672 0.01142184 0.003977482 0.0003935203 0.000292701 0.07614454 0.04988276 0.01492125 0.1336961 0.1746612 0.0001008192 0.01665469 0.01186415 0.1932184 0.05957766 0.06749685 4.87835e-05 0.009158289 0.02979046 0.07970249 0.001196822 0.3391266 0.01767914 0.172957 0.09890367 0.005951587 0.009265613 0.0002016385 0.003681528 0.002618048 0.0002861965 0.0009268865 0.008296448 2.601787e-05 0.0004748261 0.08975189 0.001717179 0.01108361 0.0231494 0.000390268 0.003222963 3.577457e-05 0.004117328 0.0001170804 0.009678647 0.0003935203 4.553127e-05 0.0002276563 0.008937138 0.004055535 0.005330411 0.002803425 0.1573691 5.203574e-05 0.0002894488 0.005174303 0.2240366 0.01071286 0.04668581 3.252233e-06 0.0006569512 0.00158709 0.004065292 0.0001593594 0.01698316 0.0006894735 0.01612457 0.002790416 0.000347989 0.0009659133 4.227904e-05 0.0001430983
0.0637763 3.252233e-06 0.001154543 0.003434359 0.0001073237 0.007766334 0.05019172 0.02010531 0.0004357993 0.06018258 0.002478202 0.007971224 0.0003414845 0.1015412 0.0001268371 8.130584e-05 0.00899893 0.0003382323 0.0002569264 0.007128896 0.01815072 1.626117e-05 0.009818493 0.007213454 0 0.0008976164 0.0005301141 0.05957766 0.2142929 0.08124404 5.203574e-05 0.01978334 0.02370228 0.03416471 0.0002081429 0.02633659 0.0002569264 0.05823449 0.008322465 0.0004618172 0.002260302 3.252233e-05 0.001001688 3.577457e-05 3.252233e-06 1.626117e-05 5.85402e-05 0 0 0.0005398708 1.626117e-05 1.95134e-05 0.0001040715 9.7567e-06 1.626117e-05 0 6.82969e-05 0 0.000152855 3.252233e-06 0 3.252233e-06 4.227904e-05 7.154914e-05 2.601787e-05 3.252233e-05 0.001131777 0 3.252233e-06 5.203574e-05 0.001535054 0.0001073237 0.0007122391 0 3.252233e-06 9.7567e-06 1.626117e-05 6.504467e-06 0.0002341608 6.504467e-06 0.0001300893 4.227904e-05 3.252233e-06 3.252233e-06 0 0
0.01721407 4.227904e-05 0.008550122 3.252233e-05 0.0001723684 0.006631304 0.07765033 0.07401758 0.006745132 0.006452431 0.001434235 3.90268e-05 0.0001853773 0.08753386 4.553127e-05 0.0003317278 0.03459401 0.0002016385 0.0001821251 4.227904e-05 0.1092685 0.0002016385 0.1375727 0.01439764 9.7567e-06 0.0008585896 0.001596847 0.06749685 0.08124404 0.07597217 5.528797e-05 0.01884019 0.03624939 0.04950875 0.0002699354 0.1086831 0.005307645 0.05522292 0.02639187 0.0003089622 0.001349677 5.85402e-05 0.0006797168 0.001109012 9.7567e-06 0.0001203326 2.601787e-05 1.95134e-05 2.276563e-05 0.03153366 0.0005268618 0.001791981 0.0001430983 0.0001561072 2.601787e-05 9.7567e-06 0.00136919 9.7567e-06 0.0008195628 0.0001365938 2.276563e-05 8.130584e-05 3.577457e-05 0.001001688 0.0004780783 0.0001756206 0.04236359 6.504467e-06 0.0001040715 0.0003089622 0.0802391 0.00493689 0.02025166 0 0.0002666831 0.0009951834 0.002465193 3.90268e-05 0.009873781 0.0001886295 0.0100494 0.001717179 8.455807e-05 0.0003740068 1.626117e-05 6.82969e-05
3.252233e-06 0.0001691161 4.87835e-05 2.601787e-05 0 5.85402e-05 6.82969e-05 1.626117e-05 2.276563e-05 0.0002016385 0.01203652 6.82969e-05 0.007158166 9.7567e-06 3.252233e-06 0 6.504467e-06 0.0005691409 0.0001821251 6.179244e-05 6.504467e-06 0.0001040715 5.203574e-05 2.92701e-05 0.001590342 0.001886295 0.001944836 4.87835e-05 5.203574e-05 5.528797e-05 0.0001463505 4.227904e-05 0 0.002130213 0 0.0004618172 0.01394558 0.009561566 0.0009236343 9.7567e-06 0 0.001047219 0 0 9.7567e-05 0 0 0 0 0 0 3.252233e-05 0 0.001440739 0 0.006267054 0 3.252233e-06 0 3.252233e-06 6.504467e-05 1.95134e-05 3.252233e-06 0 3.577457e-05 0 4.553127e-05 0.0004520605 0.002796921 0.004010004 0 0 0 0.001574081 0 0 1.95134e-05 0 1.95134e-05 0.00133992 0.0001170804 1.626117e-05 0 0 0.0003675024 3.252233e-06
0.006153226 6.504467e-06 0.0007740316 0.002165987 0.0005398708 0.08574188 0.01454074 0.02770903 0.0007317525 0.04736228 0.0008878597 0.01717504 0.0001821251 0.03029781 0.01458952 6.504467e-06 0.00445556 0.0001300893 0.0001008192 0.008732247 0.005788976 3.252233e-06 0.005453996 0.001050471 0 0.0003317278 0.0001723684 0.009158289 0.01978334 0.01884019 4.227904e-05 0.0002666831 9.106254e-05 0.01738644 0.0005626364 0.01118768 0.0004553127 0.0210387 0.0004520605 0.03232395 0.01730188 1.626117e-05 0.0001235849 0 0 6.504467e-06 7.154914e-05 0 6.504467e-06 0.0003024577 6.504467e-06 1.626117e-05 7.480137e-05 0 3.252233e-05 6.504467e-06 3.252233e-06 0 9.7567e-06 0 0 0 5.85402e-05 6.504467e-06 9.7567e-06 6.504467e-06 0.0004097814 0 0 3.90268e-05 0.0006764646 2.276563e-05 7.154914e-05 0 3.252233e-06 1.300893e-05 1.626117e-05 0 2.276563e-05 3.252233e-06 3.577457e-05 9.7567e-06 2.92701e-05 3.252233e-06 0 0
0.003762834 0 0.0002536742 0.0001073237 0 0.0002113952 0.005014944 0.0002211519 5.528797e-05 0.001349677 2.92701e-05 6.504467e-06 3.252233e-06 0.0002081429 0 1.300893e-05 0.0009724178 6.504467e-06 3.90268e-05 3.90268e-05 0.003161171 3.252233e-06 0.001008192 0.00155782 0 2.601787e-05 5.85402e-05 0.02979046 0.02370228 0.03624939 0 9.106254e-05 0.0006569512 0.005512536 2.276563e-05 0.020746 0.0004325471 0.01171129 0.004159607 1.300893e-05 0.00033498 9.7567e-06 0.0001853773 3.252233e-06 0 0 0 0 0 0.0001040715 0 9.7567e-06 3.252233e-06 0 0 0 6.504467e-06 0 3.252233e-05 0 0 0 3.252233e-06 9.7567e-06 9.7567e-06 0 0.0002244041 0 3.252233e-06 1.300893e-05 0.0003544934 2.601787e-05 0.0001463505 0 0 6.504467e-06 6.504467e-06 0 3.252233e-05 0 1.300893e-05 1.95134e-05 3.252233e-06 0 0 0
0.001024454 0.0002861965 0.07678848 0.004263678 0.0001496027 0.01328537 0.03229468 0.01379923 0.000543123 0.06868717 0.06209489 0.01442366 0.01932477 0.01331464 0.0002601787 0.001857025 0.01920119 0.01903857 0.02337055 0.0117926 0.09171624 0.0003577457 0.06710984 0.005665391 0.0002471697 0.07249228 0.08842172 0.07970249 0.03416471 0.04950875 0.002130213 0.01738644 0.005512536 0.05728484 0.0001430983 0.006598782 0.007093121 0.1062862 0.008296448 0.0009496522 0.0002439175 0.0006927257 0.0001105759 2.276563e-05 0.00064069 0.0052426 4.87835e-05 0 3.252233e-06 0.0006992302 2.92701e-05 4.227904e-05 0.0001561072 6.82969e-05 2.92701e-05 0.0001300893 4.87835e-05 0 0.0001593594 0.0004000247 6.504467e-06 3.90268e-05 4.87835e-05 5.203574e-05 0.0002796921 0.0005301141 0.0009236343 1.300893e-05 0.001200074 0.006432918 0.001505784 8.455807e-05 0.0002634309 5.528797e-05 3.252233e-06 1.95134e-05 0.0002439175 3.252233e-06 0.0003414845 0.0003219711 0.0003544934 0.0001235849 9.7567e-06 9.7567e-06 2.601787e-05 3.252233e-06
6.504467e-06 0 0.0002081429 2.92701e-05 4.87835e-05 0.004110823 0.0009496522 0.0005236096 3.252233e-06 0.003583961 6.504467e-06 4.87835e-05 0 0.0002081429 3.577457e-05 0.0001235849 2.276563e-05 1.626117e-05 0 0.0001008192 0.001069985 6.504467e-06 0.001437487 6.82969e-05 0 3.90268e-05 0.0004260426 0.001196822 0.0002081429 0.0002699354 0 0.0005626364 2.276563e-05 0.0001430983 0.6437276 0.07759504 0.0009236343 0.00128138 0.004016508 0.000347989 0.0001626117 6.504467e-06 0.0008878597 0 0 6.504467e-06 3.252233e-06 0 0 1.300893e-05 3.252233e-06 0 0 0 0 0 0 0 6.504467e-06 0 0 0 0 0 0 6.504467e-06 2.92701e-05 0 0 3.90268e-05 4.227904e-05 3.252233e-06 6.504467e-06 0 0 0 0 0.350929 0.0002016385 1.300893e-05 1.626117e-05 1.95134e-05 0 0 0 3.252233e-06
0.0006081677 0.0007545182 0.1311951 0.004904368 0.0001268371 0.004042526 0.058976 0.001775719 0.001658639 0.05979556 0.0142025 0.004019761 0.00342135 0.003008316 9.106254e-05 0.04404825 0.01972154 0.01997197 0.02051184 0.00838751 0.419704 0.002361122 0.5325272 0.04513775 0.0003382323 0.1104524 0.264631 0.3391266 0.02633659 0.1086831 0.0004618172 0.01118768 0.020746 0.006598782 0.07759504 0.03307521 0.4857471 0.07508757 0.05254308 0.02766025 0.03824627 0.0090282 0.00936318 0.00033498 0.001307398 0.009268865 6.82969e-05 3.252233e-06 1.626117e-05 0.006943518 0.0001073237 0.0002731876 0.000195134 5.528797e-05 2.92701e-05 4.553127e-05 0.0004975917 3.252233e-06 0.006397143 0.0007545182 3.252233e-05 0.0001105759 7.154914e-05 0.0004975917 0.002055412 0.005447491 0.009002182 9.7567e-06 0.002244041 0.02081429 0.01314228 0.001154543 0.005112511 4.227904e-05 6.504467e-05 0.0001756206 0.0005951587 0.003466881 0.002348113 0.0004553127 0.002000124 0.0006114199 1.626117e-05 0.0001300893 1.300893e-05 1.626117e-05
9.7567e-06 0.001411469 0.05334639 7.480137e-05 6.504467e-06 0.0001430983 0.008410276 0.0001170804 0.0001626117 0.0007317525 0.1158348 5.85402e-05 0.09718975 8.455807e-05 6.504467e-06 0.02444379 0.01575707 0.0646479 0.03367363 0.0001430983 0.06544795 0.0008878597 0.172892 0.005590589 0.005476761 0.419756 0.1471506 0.01767914 0.0002569264 0.005307645 0.01394558 0.0004553127 0.0004325471 0.007093121 0.0009236343 0.4857471 0.05242275 0.1044975 0.04300754 0.005197069 0.001268371 0.006016632 0.003515664 9.7567e-06 0.0009106254 0.003671772 0 0 0 0.0003154666 1.626117e-05 2.276563e-05 6.504467e-06 0.001060228 0 0.003457124 7.154914e-05 0 0.003219711 0.0002146474 6.82969e-05 0.0002113952 3.252233e-06 0.0002146474 0.0008488329 0.00244568 0.0004748261 0.0003024577 0.005626364 0.01596847 0.000487835 6.179244e-05 0.0002861965 0.0008813553 6.504467e-06 9.7567e-06 0.0002569264 7.480137e-05 0.0006569512 0.001840764 0.0004162859 0.0001691161 0 0 0.000250422 3.252233e-06
0.001265119 0.002969289 0.2282287 0.007541929 0.0002536742 0.0132561 0.05301791 0.008263925 0.001440739 0.1066863 0.1669014 0.01991343 0.0734582 0.008426537 0.0002146474 0.005684904 0.0229998 0.09386596 0.04460113 0.0192955 0.2068843 0.001720432 0.269363 0.01412445 0.006175991 0.3052937 0.3002137 0.172957 0.05823449 0.05522292 0.009561566 0.0210387 0.01171129 0.1062862 0.00128138 0.07508757 0.1044975 0.05668968 0.01483344 0.0008585896 0.001096003 0.01247232 0.00228632 6.179244e-05 0.001811494 0.01338294 9.431477e-05 0 1.300893e-05 0.003066856 9.7567e-05 0.0001105759 0.0002699354 0.0005561319 3.90268e-05 0.0006081677 0.0001496027 0 0.00155782 0.0008650941 6.179244e-05 9.7567e-05 8.455807e-05 0.000250422 0.001492775 0.002943271 0.00353843 9.431477e-05 0.00372706 0.02191355 0.006296324 0.000195134 0.0007675271 0.0002341608 1.626117e-05 4.87835e-05 0.00064069 0.0001658639 0.001307398 0.0016749 0.001831007 0.0005463752 1.300893e-05 2.92701e-05 0.0006341855 3.252233e-06
0.0002439175 0.0004813306 0.04821761 0.001122021 9.7567e-06 0.000891112 0.01794582 0.0007610226 0.0004325471 0.01231621 0.02315915 0.000500844 0.006826438 0.0005366185 1.95134e-05 0.005938578 0.01285608 0.01615384 0.01097954 0.001144786 0.1258712 0.0007089869 0.1793639 0.007665514 0.0006536989 0.07186786 0.1000289 0.09890367 0.008322465 0.02639187 0.0009236343 0.0004520605 0.004159607 0.008296448 0.004016508 0.05254308 0.04300754 0.01483344 0.0006114199 0.0001561072 4.553127e-05 0.001479766 0.001600099 7.80536e-05 0.0004260426 0.0035677 1.300893e-05 0 3.252233e-06 0.001548063 3.252233e-05 7.154914e-05 5.85402e-05 0.0006504467 3.252233e-06 8.455807e-05 7.480137e-05 3.252233e-06 0.001421226 0.0002894488 6.504467e-06 3.252233e-05 6.504467e-06 0.0001008192 0.0005561319 0.001391956 0.001765963 1.626117e-05 0.001118768 0.007271994 0.002787164 0.0001788728 0.0008293195 6.82969e-05 1.300893e-05 1.300893e-05 0.0001983862 0.00064069 0.0009203821 0.001756206 0.001691161 0.0005658886 9.7567e-06 4.87835e-05 0.0008423285 1.95134e-05
9.7567e-06 0.0001170804 0.0001300893 0.004504343 0.02456412 0.05493998 0.001648882 0.006897987 0.006767898 0.01284632 0.0001983862 0.04454259 5.203574e-05 0.001157795 0.01578634 6.504467e-06 8.130584e-05 5.203574e-05 2.276563e-05 0.009177803 0.0002081429 0.0002341608 0.0004162859 0.01386752 1.300893e-05 0.000250422 0.0004748261 0.005951587 0.0004618172 0.0003089622 9.7567e-06 0.03232395 1.300893e-05 0.0009496522 0.000347989 0.02766025 0.005197069 0.0008585896 0.0001561072 0.009262361 0.001974106 4.553127e-05 6.82969e-05 3.252233e-06 3.252233e-06 6.504467e-06 0.0002471697 0 2.276563e-05 0.0006602034 3.577457e-05 1.95134e-05 0.0004618172 3.252233e-06 0.0002439175 0 4.227904e-05 0 9.7567e-06 0 3.252233e-06 0 0.0002601787 9.7567e-06 9.7567e-06 3.252233e-06 0.000500844 0 6.504467e-06 1.626117e-05 0.001141534 3.252233e-05 3.577457e-05 0 1.300893e-05 3.252233e-06 1.626117e-05 3.252233e-06 1.95134e-05 6.504467e-06 5.528797e-05 3.252233e-06 0.0003252233 3.252233e-06 6.504467e-06 0
7.80536e-05 0 8.130584e-05 0.0006732123 7.80536e-05 0.003105883 0.003740068 0.0007285003 0.000195134 0.008260673 7.80536e-05 0.002029394 0.000682969 0.0004065292 0.0005919065 1.300893e-05 0.0001138282 3.252233e-05 6.504467e-06 0.001496027 0.0003317278 3.252233e-06 0.0002113952 0.001515541 0 7.480137e-05 9.7567e-06 0.009265613 0.002260302 0.001349677 0 0.01730188 0.00033498 0.0002439175 0.0001626117 0.03824627 0.001268371 0.001096003 4.553127e-05 0.001974106 2.276563e-05 0.0004520605 0.0003675024 6.504467e-06 0 3.252233e-06 9.7567e-06 0 0 0.0003512412 3.252233e-06 2.276563e-05 3.252233e-05 7.480137e-05 6.504467e-06 3.252233e-06 9.7567e-06 3.252233e-06 0 0 0 0 1.626117e-05 0 0 0 0.0005236096 0 6.504467e-06 6.504467e-06 0.0008846075 4.553127e-05 0.0001463505 0 0 6.504467e-06 9.7567e-06 6.504467e-06 0.0001691161 0.0002536742 0.0001756206 6.504467e-05 0 9.7567e-06 0.0001333416 0
0 0.006010127 0.000152855 0 0 6.504467e-06 5.528797e-05 2.92701e-05 0.0002406653 5.528797e-05 0.04299453 9.7567e-06 0.01655387 1.300893e-05 6.504467e-06 7.480137e-05 9.106254e-05 0.001574081 0.0001788728 3.252233e-05 0.0009106254 0.001135029 0.002370878 0.0001593594 0.007792351 0.005551563 0.001294389 0.0002016385 3.252233e-05 5.85402e-05 0.001047219 1.626117e-05 9.7567e-06 0.0006927257 6.504467e-06 0.0090282 0.006016632 0.01247232 0.001479766 4.553127e-05 0.0004520605 9.7567e-05 0 0 3.252233e-05 1.95134e-05 0 0 0 0 0 0 0 0.0001040715 0 0.0001561072 0 0 6.504467e-06 0 6.504467e-06 0 0 0 0 3.252233e-06 3.252233e-06 4.227904e-05 0.0001886295 0.0002666831 6.504467e-06 0 3.252233e-06 5.203574e-05 0 0 0 3.252233e-06 3.252233e-05 0.0002244041 0.0002048907 4.87835e-05 0 0 6.82969e-05 0
1.95134e-05 3.252233e-06 0.0003805113 8.78103e-05 0 0.0001170804 0.001096003 1.626117e-05 3.577457e-05 0.001772467 4.553127e-05 0.000152855 6.504467e-06 9.431477e-05 0 0.0001691161 5.85402e-05 6.82969e-05 6.179244e-05 0.0003577457 0.002165987 9.7567e-06 0.004172616 0.0004130337 0 0.0003284756 0.001017949 0.003681528 0.001001688 0.0006797168 0 0.0001235849 0.0001853773 0.0001105759 0.0008878597 0.00936318 0.003515664 0.00228632 0.001600099 6.82969e-05 0.0003675024 0 3.252233e-05 0 3.252233e-06 3.90268e-05 0 0 0 0.0001658639 0 3.252233e-06 3.252233e-06 7.480137e-05 0 3.252233e-06 0 0 4.553127e-05 0 0 0 0 3.252233e-06 9.7567e-06 3.577457e-05 0.0001626117 0 3.252233e-06 4.87835e-05 0.0001723684 6.504467e-06 4.87835e-05 0 0 3.252233e-06 3.252233e-06 5.85402e-05 0.0001268371 0.0002016385 0.0002146474 6.179244e-05 0 3.252233e-06 5.203574e-05 0
