0.00741743 0 0.007186334 1.118206e-05 3.727352e-06 0.0002795514 0.03722879 0.004472822 2.236411e-05 0.0002087317 0.0002609146 7.454703e-06 3.727352e-06 0.116968 0 3.727352e-06 0.008822641 9.691114e-05 0.001968042 7.454703e-06 0.001643762 0 0.003276342 0.0004435548 0 0.003134703 1.490941e-05 0.0017034 0.03264042 0.0506808 0 0.0007007421 1.118206e-05 0.003309888 0 1.490941e-05 7.454703e-06 0.0002683693 3.727352e-05 3.727352e-06 0 0 0 0 0 0 0 0 0 0 0 7.454703e-06 7.454703e-06 0 0 0 0 0 3.727352e-06 0 0 0 0 0 0 3.727352e-06 0.0001006385 0 0 3.727352e-06 2.236411e-05 7.454703e-06 0 0 0 0 3.727352e-06 0 1.118206e-05 0 1.118206e-05 0 3.727352e-06 0 0 0
0 0.006202313 4.472822e-05 3.727352e-06 0.000201277 1.863676e-05 0 3.727352e-06 0.01380238 1.490941e-05 0.0008349268 4.100087e-05 0.004144815 0 0.0008274721 0.0007342883 0 0 7.454703e-06 0 2.981881e-05 0.07080105 1.118206e-05 0.02346741 0.0628506 0.0002050043 0.03798544 8.945644e-05 0 0 8.945644e-05 0 0 0.0001714582 0 0.0001714582 0.0001528214 0.001028749 1.490941e-05 0.0005702848 0 0.0009765661 0 0 0.0002236411 0.0007939259 7.454703e-06 0 0 1.863676e-05 7.454703e-06 2.609146e-05 0 3.727352e-05 1.490941e-05 5.963763e-05 3.727352e-06 0 2.609146e-05 2.609146e-05 2.236411e-05 1.490941e-05 3.727352e-06 0 4.100087e-05 1.863676e-05 0.0001602761 2.236411e-05 0.001032476 0.013001 4.100087e-05 0 0 5.591028e-05 0 0 3.727352e-06 0 2.609146e-05 7.454703e-06 3.354617e-05 7.454703e-06 3.727352e-06 0 3.727352e-06 0
0.007186334 4.472822e-05 0.02738858 7.454703e-06 2.981881e-05 0.02738113 0.1400403 0.1272518 6.336498e-05 0.004513823 0.002348232 0.0001565488 7.454703e-05 0.1000235 7.081968e-05 0.0002907334 0.2674971 0.0006597412 0.004196998 7.454703e-06 0.02804459 5.963763e-05 0.1315606 0.004849285 3.727352e-06 0.08045116 0.1032961 0.0903361 0.008274721 0.02622565 7.454703e-06 0.003865264 4.100087e-05 0.04270054 0.000212459 0.08754058 0.005009561 0.1313631 0.01447703 0.0008386541 7.454703e-05 2.236411e-05 0.0002422779 1.118206e-05 0.003485074 0.02813405 3.727352e-06 0 3.727352e-05 0.000540466 0.0001453667 2.981881e-05 4.845557e-05 1.490941e-05 7.454703e-06 0 0.0001304573 0 0.0003056428 0.0003056428 3.727352e-06 4.100087e-05 3.727352e-06 4.100087e-05 0.0006112857 0.0008386541 0.0006112857 3.727352e-06 0.0030117 0.07323501 0.0005553754 8.200174e-05 0 0 3.727352e-06 0 0.0004957378 1.118206e-05 0.001047386 0.0001602761 0.0006560139 0.0002422779 1.490941e-05 7.454703e-06 0 0
1.118206e-05 3.727352e-06 7.454703e-06 0.01205798 0.0003615531 0.003034064 0.0003839172 0.0006448318 0.01949405 0.04078841 0.0005963763 0.06234741 5.591028e-05 0.001218844 0.002303503 3.727352e-06 0 0.0001230026 0.0001155479 0.05184373 0 7.454703e-06 0 0.01430558 1.118206e-05 0.0001490941 5.963763e-05 0.03354617 0.003317343 4.845557e-05 3.727352e-06 0.0007007421 7.454703e-06 0.001442485 2.236411e-05 0.00144994 4.100087e-05 0.003205522 4.845557e-05 0.002676239 0.0002609146 3.727352e-06 4.100087e-05 0 3.727352e-06 0 0.00250478 0 0.0005031925 0.0003690078 5.963763e-05 0.002240138 0.004148542 7.454703e-06 0.006414772 0 1.490941e-05 6.336498e-05 0 0 0 0 0.001774219 3.727352e-06 7.454703e-06 0 0.01022413 0 7.454703e-06 7.454703e-06 0.01338865 6.336498e-05 0 0 3.354617e-05 0 2.981881e-05 0 2.609146e-05 0 0.0001602761 0 5.963763e-05 2.609146e-05 0 3.727352e-06
3.727352e-06 0.000201277 2.981881e-05 0.0003615531 2.609146e-05 0.01607234 6.336498e-05 7.827439e-05 0.01055586 0.0003950993 7.827439e-05 0.001330665 3.354617e-05 4.472822e-05 0.03580867 0 1.490941e-05 1.118206e-05 1.118206e-05 0.0001789129 0 0.001233753 0 0.001472304 0.0002348232 1.863676e-05 0.000465919 0.0007491977 3.354617e-05 3.727352e-06 0 0.0001677308 0 0.0001304573 0 0.0002087317 3.727352e-06 0.0001080932 3.727352e-06 0.03119421 1.490941e-05 0 0 0 0 0 0 0 0 0 0 1.118206e-05 3.727352e-06 0 0 3.727352e-06 0 0 0 0 0 0 0 0 0 0 2.609146e-05 0 0 0 7.454703e-06 0 0 0 0 0 0 0 0 0 0 0 0 0 0 0
0.0002795514 1.863676e-05 0.02738113 0.003034064 0.01607234 0.3107158 0.03776925 0.09650859 0.01093978 0.213171 0.01888649 0.2172189 0.00144994 0.03997585 0.03794817 3.727352e-06 0.005214565 0.003727352 0.003511165 0.01155106 0.002381778 2.981881e-05 0.005400933 0.004782192 0.0001341847 0.008311994 0.001285936 0.06623504 0.03622613 0.001036204 0.0001453667 0.08765986 0.0001118206 0.03545084 0.0001006385 0.01577415 0.0006261951 0.03278206 0.0009281106 0.05152318 0.004293909 9.691114e-05 0.0001863676 0 7.454703e-06 7.827439e-05 0.0009020191 0 0.0007939259 0.0009952029 7.081968e-05 0.0007790165 0.003499983 1.118206e-05 0.0004920104 0 0.0001006385 3.354617e-05 5.963763e-05 0 3.727352e-06 3.727352e-06 0.0003801899 2.609146e-05 1.490941e-05 2.236411e-05 0.01623634 0 1.118206e-05 0.0002199137 0.01123424 0.0002348232 3.727352e-06 3.727352e-06 4.845557e-05 0 0.0001155479 1.863676e-05 0.0001490941 2.236411e-05 0.000477101 0 8.945644e-05 5.963763e-05 3.727352e-06 0
0.03722879 0 0.1400403 0.0003839172 6.336498e-05 0.03776925 0.06932501 0.1070644 0.006142676 0.08501716 0.00477101 0.002825333 0.0001453667 0.2712953 0.0001528214 3.727352e-06 0.01066395 0.001923313 0.002638965 0.0001192753 0.06571321 3.354617e-05 0.06898955 0.03683742 2.236411e-05 0.01005639 0.002035134 0.4131658 0.08957199 0.04252908 4.100087e-05 0.006202313 0.0006112857 0.01818575 0.000339189 0.01673581 0.001256118 0.04450085 0.005665575 0.002132045 0.001520759 1.490941e-05 0.000339189 3.354617e-05 2.609146e-05 0.0002422779 0.0007939259 1.118206e-05 0.0009020191 0.001431303 0.0002087317 0.001535669 0.003816808 6.709233e-05 0.0002870061 3.727352e-06 0.0004510096 2.236411e-05 0.0006858327 3.727352e-06 2.236411e-05 1.490941e-05 0.0003727352 5.591028e-05 0.0002310958 0.0002422779 0.04928677 0 8.572909e-05 0.001121933 0.02201001 0.001740673 3.727352e-06 1.118206e-05 8.200174e-05 1.118206e-05 0.0007268336 5.591028e-05 0.001185298 5.963763e-05 0.003302434 6.336498e-05 0.0002273685 0.000615013 0 2.981881e-05
0.004472822 3.727352e-06 0.1272518 0.0006448318 7.827439e-05 0.09650859 0.1070644 0.2317667 0.0005702848 0.08353741 0.004241726 0.0233854 0.000212459 0.1130282 0.001945678 3.727352e-06 0.04606261 0.001073477 0.01520387 0.00491265 0.01190143 0 0.02378423 0.002351959 7.454703e-06 0.04549233 0.000413736 0.02156646 0.008666093 0.02438433 2.236411e-05 0.01535669 3.727352e-05 0.0152896 2.981881e-05 0.007682072 0.0003056428 0.01030613 0.0007342883 0.007659708 0.000741743 1.863676e-05 5.591028e-05 0 2.609146e-05 0.0001528214 5.591028e-05 0 4.472822e-05 8.945644e-05 1.490941e-05 0.0001230026 0.0002236411 3.727352e-06 3.354617e-05 0 2.236411e-05 0 3.727352e-05 3.727352e-06 3.727352e-06 1.118206e-05 2.981881e-05 1.118206e-05 1.118206e-05 7.454703e-06 0.002087317 0 3.727352e-05 0.0001975496 0.001032476 2.981881e-05 0 0 3.727352e-06 0 4.100087e-05 0 5.218292e-05 0 9.318379e-05 7.454703e-06 2.609146e-05 2.236411e-05 3.727352e-06 3.727352e-06
2.236411e-05 0.01380238 6.336498e-05 0.01949405 0.01055586 0.01093978 0.006142676 0.0005702848 0.01051486 0.01585988 0.0004472822 0.0310712 0.0008945644 0.0006560139 0.02291203 0.0007901986 7.454703e-06 8.572909e-05 5.591028e-05 0.02814151 0.0005031925 0.04652853 4.472822e-05 0.09290051 0.01111869 0.0002348232 0.01496904 0.06597412 0.002281139 0.0004174634 2.981881e-05 0.0005628301 0.0001304573 0.001103296 0.0001043658 0.002396687 0.000212459 0.001580397 0.0001789129 0.01507341 0.0001043658 3.354617e-05 2.609146e-05 7.454703e-06 1.490941e-05 3.727352e-06 0.0005777395 3.727352e-06 9.691114e-05 0.0001155479 5.218292e-05 0.0001528214 0.0007231062 3.727352e-05 0.001550578 1.863676e-05 0.0001490941 2.981881e-05 3.727352e-05 0 2.981881e-05 1.118206e-05 0.0003317343 3.727352e-06 7.454703e-06 0 0.01237108 7.454703e-06 1.863676e-05 9.318379e-05 0.003764625 0.0002944608 7.454703e-06 2.609146e-05 7.454703e-06 2.609146e-05 8.200174e-05 1.863676e-05 0.0003690078 1.863676e-05 0.000402554 1.863676e-05 7.081968e-05 2.981881e-05 0 3.727352e-06
0.0002087317 1.490941e-05 0.004513823 0.04078841 0.0003950993 0.213171 0.08501716 0.08353741 0.01585988 0.3455031 0.03336725 0.2787276 0.002061225 0.07906831 0.00168849 2.981881e-05 0.0003764625 0.01143551 0.009586749 0.05897043 0.000805108 2.981881e-05 0.001640035 0.006224677 0.000137912 0.01239344 0.003876446 0.3056428 0.1230362 0.0006895601 0.0002460052 0.02419797 0.0001453667 0.05293958 0.0002161864 0.01553933 0.001200207 0.118869 0.001468577 0.006895601 0.004204453 0.0001490941 0.0007193789 3.727352e-06 1.863676e-05 2.609146e-05 0.00491265 2.236411e-05 0.002538326 0.002009043 0.000201277 0.004886558 0.01487586 5.963763e-05 0.00470019 7.454703e-06 0.0001714582 8.200174e-05 8.945644e-05 0 1.118206e-05 7.454703e-06 0.002747058 1.490941e-05 5.963763e-05 3.354617e-05 0.03781026 7.454703e-06 3.354617e-05 0.0001900949 0.04065795 0.000402554 0 3.727352e-06 7.827439e-05 3.727352e-06 0.0002273685 1.490941e-05 0.0001751855 2.236411e-05 0.0007454703 1.490941e-05 0.0002497326 0.0001528214 0 0
0.0002609146 0.0008349268 0.002348232 0.0005963763 7.827439e-05 0.01888649 0.00477101 0.004241726 0.0004472822 0.03336725 0.03533157 0.02329222 0.1068781 0.00371617 0.0009728388 0.000137912 0.009456291 0.009884937 0.00464428 0.005863124 0.004629371 0.0004510096 0.004096359 0.001725764 0.01567724 0.003581985 0.01112987 0.007447249 0.006269406 0.00132321 0.00358944 0.002247593 0.0006597412 0.07004439 6.336498e-05 0.01012349 0.09804426 0.2013553 0.03359835 0.004923832 0.0001416394 0.02557336 4.845557e-05 7.454703e-06 1.863676e-05 0 7.454703e-06 0 7.454703e-06 2.236411e-05 1.863676e-05 7.081968e-05 2.981881e-05 0.006698051 2.609146e-05 0.01532314 2.609146e-05 0 1.863676e-05 0 0.0006336498 2.981881e-05 3.727352e-06 3.727352e-06 7.454703e-06 3.727352e-06 0.001751855 0.0005628301 0.0006932874 0.002419051 0.0005479207 9.318379e-05 7.454703e-06 0.006213495 3.727352e-06 7.454703e-06 5.218292e-05 1.490941e-05 0.0001192753 0.003704988 0.0003950993 5.591028e-05 3.727352e-06 1.863676e-05 0.004320001 3.727352e-06
7.454703e-06 4.100087e-05 0.0001565488 0.06234741 0.001330665 0.2172189 0.002825333 0.0233854 0.0310712 0.2787276 0.02329222 0.1510435 0.00163258 0.01592325 0.007469613 0 1.118206e-05 0.004566006 0.003045246 0.09499156 1.118206e-05 0.0001528214 2.236411e-05 0.005423297 0.0002273685 0.004107542 0.001408939 0.06964929 0.01413039 1.118206e-05 0.000212459 0.02842478 7.454703e-06 0.03256587 1.863676e-05 0.0007715618 0.0005777395 0.02410478 0.0001453667 0.01041049 0.001502123 0.0001230026 1.863676e-05 0 0 0 0.001442485 3.727352e-06 0.0001751855 9.318379e-05 4.472822e-05 0.0006522865 0.001144297 7.454703e-06 0.0047151 0 1.490941e-05 6.709233e-05 0 0 3.727352e-06 7.454703e-06 0.0009206559 0 1.118206e-05 7.454703e-06 0.002728421 0 1.118206e-05 1.118206e-05 0.003212977 1.863676e-05 0 0 1.863676e-05 0 2.236411e-05 0 1.863676e-05 0 3.727352e-05 0 0.0001453667 3.727352e-06 0 3.727352e-06
3.727352e-06 0.004144815 7.454703e-05 5.591028e-05 3.354617e-05 0.00144994 0.0001453667 0.000212459 0.0008945644 0.002061225 0.1068781 0.00163258 0.03599504 0.0002609146 0.0001118206 6.709233e-05 2.981881e-05 0.0003280069 4.472822e-05 0.0003876446 8.945644e-05 0.00251969 0.000264642 0.001483486 0.06479628 0.002094772 0.08682866 0.0004994651 0.0001900949 3.727352e-06 0.01275872 0.0006746507 0 0.001871131 0.0009653841 0.003831718 0.02445143 0.01475286 0.0006970148 0.0008610182 0 0.005837033 2.236411e-05 3.727352e-06 0.0001192753 0 0 0 0 0 0 1.118206e-05 0 0.004558551 3.727352e-06 0.01104042 3.727352e-06 3.727352e-06 3.727352e-06 3.727352e-06 0.0009989303 9.318379e-05 0 0 0 0 0.0002199137 0.001062295 0.00157667 0.00351862 4.845557e-05 1.118206e-05 0 0.005878034 0 0 1.490941e-05 1.863676e-05 0.0001304573 0.001446212 0.0002832787 2.609146e-05 0 0 0.001755583 1.118206e-05
0.116968 0 0.1000235 0.001218844 4.472822e-05 0.03997585 0.2712953 0.1130282 0.0006560139 0.07906831 0.00371617 0.01592325 0.0002609146 0.1491686 0.000667196 7.454703e-06 0.07790165 0.0013083 0.02715748 0.004480277 0.01554678 3.727352e-06 0.02820114 0.0139403 1.118206e-05 0.04874258 0.0005143745 0.07421157 0.03972239 0.142683 7.454703e-06 0.007995169 6.336498e-05 0.02406378 1.490941e-05 0.008196446 0.0003242796 0.01130133 0.001263572 0.004484004 0.00132321 3.727352e-06 3.354617e-05 3.727352e-06 1.490941e-05 4.100087e-05 1.490941e-05 0 3.727352e-05 5.591028e-05 1.863676e-05 0.0002310958 0.0001453667 1.118206e-05 2.609146e-05 0 5.591028e-05 0 6.336498e-05 0 3.727352e-06 3.727352e-06 2.609146e-05 3.727352e-06 3.727352e-06 1.863676e-05 0.003585712 0 0 8.945644e-05 0.001263572 0.0001826402 7.454703e-06 0 0 1.490941e-05 7.827439e-05 1.118206e-05 0.0002310958 3.354617e-05 0.0002199137 7.454703e-06 2.236411e-05 2.981881e-05 0 0
0 0.0008274721 7.081968e-05 0.002303503 0.03580867 0.03794817 0.0001528214 0.001945678 0.02291203 0.00168849 0.0009728388 0.007469613 0.0001118206 0.000667196 0.008006351 0 1.863676e-05 6.709233e-05 2.981881e-05 0.003104884 2.236411e-05 0.00433491 3.727352e-06 0.007029785 0.00094302 5.963763e-05 0.00188604 0.004070268 0.0002609146 3.727352e-06 0 0.01016449 0 0.00194195 3.727352e-06 2.981881e-05 2.609146e-05 0.0004398275 1.863676e-05 0.01291155 0.0006224677 3.727352e-06 0 0 0 0 2.236411e-05 0 7.454703e-06 0 0 1.118206e-05 1.863676e-05 3.727352e-06 8.200174e-05 1.118206e-05 3.727352e-06 0 0 0 3.727352e-06 0 0 3.727352e-06 0 0 0.0001230026 0 7.454703e-06 1.863676e-05 5.218292e-05 0 0 0 0 0 0 0 0 3.727352e-06 7.454703e-06 0 0 0 3.727352e-06 0
3.727352e-06 0.0007342883 0.0002907334 3.727352e-06 0 3.727352e-06 3.727352e-06 3.727352e-06 0.0007901986 2.981881e-05 0.000137912 0 6.709233e-05 7.454703e-06 0 0.02536836 0.0008871097 1.118206e-05 0.0001118206 3.727352e-06 0.002825333 0.07699963 0.03944656 0.02555472 0.0001826402 0.00591158 0.06611204 0.01167779 3.354617e-05 5.591028e-05 1.118206e-05 0 1.118206e-05 0.00446164 0.0004994651 0.0649901 0.01641898 0.01972515 0.01685508 0.0003727352 1.863676e-05 0 0.0003801899 7.454703e-06 0.0004696463 0.002776877 0 0 1.118206e-05 0.000201277 7.081968e-05 0.002419051 2.981881e-05 1.863676e-05 3.727352e-06 5.218292e-05 0.0001602761 0 0.1677457 6.709233e-05 4.472822e-05 1.118206e-05 0 0.004174634 0.05160146 0.02457816 0.009583021 1.490941e-05 0.0008386541 0.03728843 0.006425954 0.0002087317 0.0002199137 2.609146e-05 3.727352e-06 1.863676e-05 0.0001863676 6.336498e-05 0.009761934 0.00451755 0.001058568 0.001658671 0.0001341847 0 0 6.336498e-05
0.008822641 0 0.2674971 0 1.490941e-05 0.005214565 0.01066395 0.04606261 7.454703e-06 0.0003764625 0.009456291 1.118206e-05 2.981881e-05 0.07790165 1.863676e-05 0.0008871097 0.003548439 0.0009318379 0.006787507 1.118206e-05 0.0147864 1.118206e-05 0.009497292 0.003220432 7.454703e-06 0.03558503 0.2550589 0.02024697 0.04929795 0.04542523 7.454703e-06 0.00201277 0.002694875 0.01751855 1.490941e-05 0.001174116 0.0001714582 0.0081629 0.00553139 3.354617e-05 2.236411e-05 0 1.118206e-05 0 1.118206e-05 0.0001006385 0 0 0 3.727352e-06 3.727352e-06 3.354617e-05 3.727352e-06 3.727352e-06 0 1.863676e-05 0 0 2.236411e-05 0 1.863676e-05 3.727352e-06 0 0 3.727352e-06 0 0.0002422779 3.727352e-06 0.0001192753 0.0002795514 0.0001043658 2.609146e-05 0 7.454703e-06 0 0 7.454703e-06 3.727352e-06 3.727352e-05 3.727352e-06 1.863676e-05 7.454703e-06 7.454703e-06 0 0 0
9.691114e-05 0 0.0006597412 0.0001230026 1.118206e-05 0.003727352 0.001923313 0.001073477 8.572909e-05 0.01143551 0.009884937 0.004566006 0.0003280069 0.0013083 6.709233e-05 1.118206e-05 0.0009318379 1.863676e-05 0.00678378 0.001162934 0.0003950993 7.454703e-06 0.000264642 0.000477101 5.963763e-05 0.005486662 0.001621398 0.002739603 0.001278482 0.000201277 1.118206e-05 0.0002571873 3.727352e-05 0.02626292 3.727352e-06 0.02036625 0.07359656 0.1426942 0.03795935 0.0008759276 7.454703e-06 7.827439e-05 7.454703e-05 0 3.727352e-06 0 0 0 7.454703e-06 1.118206e-05 0 1.863676e-05 0 0.0001602761 3.727352e-06 0.000264642 0 0 0 0 9.318379e-05 7.454703e-06 0 0 3.727352e-06 0 0.0003988266 1.118206e-05 0.0001304573 0.0001863676 0.0001006385 2.236411e-05 0 0.0001490941 0 0 7.454703e-06 0 3.727352e-05 3.727352e-06 2.609146e-05 3.727352e-06 3.727352e-06 1.490941e-05 0 0
0.001968042 7.454703e-06 0.004196998 0.0001155479 1.118206e-05 0.003511165 0.002638965 0.01520387 5.591028e-05 0.009586749 0.00464428 0.003045246 4.472822e-05 0.02715748 2.981881e-05 0.0001118206 0.006787507 0.00678378 0.009199104 0.0009653841 0.003078792 3.727352e-06 0.002042589 0.0004621916 1.118206e-05 0.04952159 0.02269957 0.003906265 0.01757074 0.003824263 1.118206e-05 0.001099569 0.0006522865 0.05746085 1.863676e-05 0.03791462 0.03412018 0.09028764 0.01180452 0.001285936 1.490941e-05 0 0.0001043658 0 1.118206e-05 1.490941e-05 3.727352e-06 0 3.727352e-06 3.727352e-06 0 1.863676e-05 3.727352e-06 4.472822e-05 3.727352e-06 5.963763e-05 0 0 7.454703e-06 0 0.0002348232 7.081968e-05 0 0 0 3.727352e-06 0.0002907334 1.863676e-05 0.0007380156 0.0008386541 8.945644e-05 2.236411e-05 0 2.609146e-05 0 3.727352e-06 3.727352e-06 0 3.727352e-05 1.118206e-05 3.727352e-05 7.454703e-06 0 0 0 0
7.454703e-06 0 7.454703e-06 0.05184373 0.0001789129 0.01155106 0.0001192753 0.00491265 0.02814151 0.05897043 0.005863124 0.09499156 0.0003876446 0.004480277 0.003104884 3.727352e-06 1.118206e-05 0.001162934 0.0009653841 0.007365247 0 3.727352e-06 3.727352e-06 0.001837584 3.354617e-05 0.001341847 0.0003540984 0.07434203 0.005579845 7.454703e-06 5.218292e-05 0.005214565 0 0.007749164 3.727352e-06 0.0005181019 0.0001304573 0.008863642 4.845557e-05 0.004204453 0.0004398275 2.981881e-05 2.981881e-05 3.727352e-06 0 0 0.001412666 7.454703e-06 0.0001900949 0.0001453667 1.490941e-05 0.0008684729 0.001740673 0 0.003160794 0 1.863676e-05 1.118206e-05 0 0 0 3.727352e-06 0.0007901986 0 0 0 0.003839172 0 0 7.454703e-06 0.00509529 1.490941e-05 0 0 1.490941e-05 0 1.863676e-05 0 1.118206e-05 0 6.709233e-05 0 2.981881e-05 7.454703e-06 0 0
0.001643762 2.981881e-05 0.02804459 0 0 0.002381778 0.06571321 0.01190143 0.0005031925 0.000805108 0.004629371 1.118206e-05 8.945644e-05 0.01554678 2.236411e-05 0.002825333 0.0147864 0.0003950993 0.003078792 0 0.2115682 0.007805074 0.1421314 0.0008871097 1.118206e-05 0.002269957 0.01999351 0.106565 0.005028197 0.08436115 3.727352e-06 0.0002683693 0.0003876446 0.1614875 0.003962175 0.2480478 0.01515541 0.2305181 0.1050442 0.0008982918 0.0007454703 1.490941e-05 0.001397757 4.472822e-05 7.454703e-05 0.0003205522 0 0 0 7.827439e-05 0.0001230026 0.002661329 1.118206e-05 7.454703e-06 0 1.118206e-05 0.000402554 0 0.02730658 3.727352e-06 3.727352e-06 0 0 0.002389232 0.008401451 0.00139403 0.008323176 0 6.336498e-05 0.001651217 0.003600622 0.0004510096 8.200174e-05 3.727352e-06 1.118206e-05 4.845557e-05 0.0001900949 9.318379e-05 0.004036722 0.001654944 0.0004845557 0.0001565488 7.454703e-05 2.236411e-05 0 1.863676e-05
0 0.07080105 5.963763e-05 7.454703e-06 0.001233753 2.981881e-05 3.354617e-05 0 0.04652853 2.981881e-05 0.0004510096 0.0001528214 0.00251969 3.727352e-06 0.00433491 0.07699963 1.118206e-05 7.454703e-06 3.727352e-06 3.727352e-06 0.007805074 0.01433167 0.004923832 0.08794686 0.05307749 0.003160794 0.08022379 0.01011231 8.572909e-05 7.454703e-06 0.0001118206 0 1.118206e-05 0.0002199137 3.727352e-05 0.003037792 0.0006970148 0.001595307 0.0001826402 0.003171976 1.118206e-05 0.0002534599 2.236411e-05 3.727352e-06 6.709233e-05 0.0003056428 3.727352e-06 0 0 1.863676e-05 1.118206e-05 0.000275824 7.454703e-06 7.081968e-05 3.727352e-05 8.200174e-05 3.354617e-05 0 0.0109696 0 8.572909e-05 1.490941e-05 7.454703e-06 0.0002609146 0.0006709233 0.0008759276 0.00194195 3.354617e-05 0.0005553754 0.01298609 0.0006522865 4.845557e-05 1.490941e-05 6.709233e-05 0 3.727352e-06 3.727352e-05 7.454703e-06 0.0006746507 0.0002199137 0.0001490941 8.200174e-05 7.454703e-06 0 0 3.727352e-06
0.003276342 1.118206e-05 0.1315606 0 0 0.005400933 0.06898955 0.02378423 4.472822e-05 0.001640035 0.004096359 2.236411e-05 0.000264642 0.02820114 3.727352e-06 0.03944656 0.009497292 0.000264642 0.002042589 3.727352e-06 0.1421314 0.004923832 0.1907659 0.005509026 1.118206e-05 0.00495365 0.1491276 0.09886428 0.003794444 0.07743573 3.727352e-06 0.0006075583 7.827439e-05 0.1374796 0.002128318 0.4565857 0.1222199 0.4624823 0.310097 0.004618189 0.00012673 9.318379e-05 0.002165591 7.454703e-06 0.0002050043 0.01076086 0 0 1.118206e-05 0.0001677308 4.100087e-05 4.845557e-05 2.236411e-05 0 0 0 3.354617e-05 0 0.09658314 0.0001192753 3.727352e-06 7.454703e-06 0 0.001476031 0.01847648 0.01927786 0.00571403 2.236411e-05 6.709233e-05 0.06489319 0.004118724 6.336498e-05 0.00012673 0 7.454703e-06 3.727352e-06 0.0001640035 7.827439e-05 0.005974945 0.002985609 0.0007939259 0.00137912 9.318379e-05 3.727352e-06 0 1.118206e-05
0.0004435548 0.02346741 0.004849285 0.01430558 0.001472304 0.004782192 0.03683742 0.002351959 0.09290051 0.006224677 0.001725764 0.005423297 0.001483486 0.0139403 0.007029785 0.02555472 0.003220432 0.000477101 0.0004621916 0.001837584 0.0008871097 0.08794686 0.005509026 0.07760346 0.01770492 0.0205228 0.1158535 0.07900122 0.0954612 0.01368684 6.336498e-05 0.0009914755 0.005479207 0.02458934 0.00364535 0.1116454 0.01084659 0.07834148 0.01336628 0.01107396 0.002370596 7.081968e-05 0.001230026 0.0003466437 0.0005181019 0.001919586 0.002329595 0 0.001520759 0.002922244 0.001319482 0.03086993 0.00752925 0.0003727352 0.004670372 0.0001565488 0.003458982 6.336498e-05 0.01408566 4.845557e-05 0.0001304573 0.0001080932 0.001535669 0.001390302 0.005814669 0.0008349268 0.2365377 3.354617e-05 0.001807766 0.0150585 0.06983566 0.009448837 0.000137912 8.945644e-05 0.0002795514 0.0004211907 0.003813081 0.0006261951 0.01441367 0.001565488 0.01633698 0.0006634686 0.0009840208 0.001893495 0 0.0001565488
0 0.0628506 3.727352e-06 1.118206e-05 0.0002348232 0.0001341847 2.236411e-05 7.454703e-06 0.01111869 0.000137912 0.01567724 0.0002273685 0.06479628 1.118206e-05 0.00094302 0.0001826402 7.454703e-06 5.963763e-05 1.118206e-05 3.354617e-05 1.118206e-05 0.05307749 1.118206e-05 0.01770492 0.001763037 0.0144174 0.07329464 8.945644e-05 3.727352e-06 0 0.0191064 7.454703e-06 0 0.00118157 1.863676e-05 0.0002534599 0.0004733737 0.00308252 3.354617e-05 0.0007976533 0 0.001144297 0 0 0.0007491977 3.354617e-05 3.727352e-06 0 0 7.454703e-06 0 1.490941e-05 0 0.001938223 1.863676e-05 0.006668232 0 0 0 3.727352e-06 0.0009579294 9.691114e-05 7.454703e-06 0 7.454703e-06 0 7.827439e-05 0.0002907334 0.002411597 0.006746507 1.490941e-05 7.454703e-06 0 0.001934496 0 0 7.454703e-06 0 7.081968e-05 0.000201277 0.0001640035 5.218292e-05 0 0 0.00012673 0
0.003134703 0.0002050043 0.08045116 0.0001490941 1.863676e-05 0.008311994 0.01005639 0.04549233 0.0002348232 0.01239344 0.003581985 0.004107542 0.002094772 0.04874258 5.963763e-05 0.00591158 0.03558503 0.005486662 0.04952159 0.001341847 0.002269957 0.003160794 0.00495365 0.0205228 0.0144174 0.1440361 0.09940474 0.01438758 0.0153306 0.003190613 0.000137912 0.002132045 0.0002795514 0.05204501 0.0001490941 0.1427538 0.3236273 0.3220805 0.05623455 0.004636825 4.472822e-05 0.001088387 0.0005553754 1.490941e-05 0.002918516 0.004122451 0 0 2.236411e-05 0.0005292839 0.0001490941 3.727352e-05 7.827439e-05 0.01173743 3.727352e-06 0.02858133 0.0001080932 0 0.0001118206 0.0005181019 0.03394872 0.009985575 7.454703e-06 9.318379e-05 6.336498e-05 0.000275824 0.0007119242 0.006206041 0.1040938 0.1272071 0.0005106472 5.591028e-05 0.0001155479 0.01196853 7.454703e-06 0 0.0004361001 7.454703e-06 0.002117136 0.00183013 0.003034064 0.0006001036 1.118206e-05 7.454703e-06 0.0001118206 1.118206e-05
1.490941e-05 0.03798544 0.1032961 5.963763e-05 0.000465919 0.001285936 0.002035134 0.000413736 0.01496904 0.003876446 0.01112987 0.001408939 0.08682866 0.0005143745 0.00188604 0.06611204 0.2550589 0.001621398 0.02269957 0.0003540984 0.01999351 0.08022379 0.1491276 0.1158535 0.07329464 0.09940474 0.2749406 0.05478461 0.0007752891 0.00012673 0.007022331 0.0001677308 2.236411e-05 0.1210681 0.0008908371 0.482446 0.1551063 0.6468409 0.09146921 0.008256084 2.609146e-05 0.001613943 0.001531942 1.490941e-05 0.03831345 0.09550593 1.118206e-05 0 0.00012673 0.002456325 0.0006448318 0.0001080932 0.0002161864 0.01667617 2.981881e-05 0.04980115 0.0005069198 7.454703e-06 0.02610264 0.001904677 0.03570803 0.01060432 3.727352e-06 0.000805108 0.02717239 0.01577415 0.00371617 0.01997861 0.1618416 0.684517 0.003734806 0.0002161864 0.0001751855 0.02117881 4.100087e-05 0 0.001744401 7.827439e-05 0.007875894 0.005199656 0.006876964 0.002624056 0.0001565488 1.863676e-05 0.0004808284 2.609146e-05
0.0017034 8.945644e-05 0.0903361 0.03354617 0.0007491977 0.06623504 0.4131658 0.02156646 0.06597412 0.3056428 0.007447249 0.06964929 0.0004994651 0.07421157 0.004070268 0.01167779 0.02024697 0.002739603 0.003906265 0.07434203 0.106565 0.01011231 0.09886428 0.07900122 8.945644e-05 0.01438758 0.05478461 0.1756664 0.3570915 0.308211 4.100087e-05 0.006765143 0.02506644 0.1098786 0.00767089 0.2280356 0.01486468 0.2444435 0.04457167 0.01866285 0.009064919 3.727352e-05 0.003313616 0.0002609146 0.0004398275 0.001479759 0.00803617 1.118206e-05 0.003171976 0.003600622 0.0009020191 0.02162237 0.01999724 0.0001416394 0.01042913 2.609146e-05 0.002273685 0.00012673 0.01912504 3.354617e-05 5.591028e-05 4.845557e-05 0.003909992 0.001681036 0.006489319 0.001580397 0.1379083 2.236411e-05 0.0006932874 0.008502089 0.07784574 0.005076653 0.0001230026 2.981881e-05 0.000212459 0.0002199137 0.002064953 0.0003615531 0.009262469 0.001550578 0.007286973 0.000477101 0.0006261951 0.0007342883 3.727352e-06 9.691114e-05
0.03264042 0 0.008274721 0.003317343 3.354617e-05 0.03622613 0.08957199 0.008666093 0.002281139 0.1230362 0.006269406 0.01413039 0.0001900949 0.03972239 0.0002609146 3.354617e-05 0.04929795 0.001278482 0.01757074 0.005579845 0.005028197 8.572909e-05 0.003794444 0.0954612 3.727352e-06 0.0153306 0.0007752891 0.3570915 0.1993686 0.1170948 1.490941e-05 0.00640359 0.03338589 0.07738355 0.000137912 0.004879103 0.0003652805 0.01578906 0.00150585 0.002791786 0.0009728388 1.863676e-05 6.336498e-05 6.336498e-05 7.454703e-06 1.118206e-05 7.081968e-05 0 0.0001155479 0.000275824 0.0001453667 0.002113408 0.0003764625 1.490941e-05 3.727352e-05 3.727352e-06 0.0004100087 0 0.0009094738 0 0 0 4.472822e-05 0.000137912 0.0001043658 4.100087e-05 0.02127572 0 2.609146e-05 8.945644e-05 0.005889216 0.001211389 1.490941e-05 0 2.236411e-05 6.336498e-05 0.0004435548 7.454703e-05 0.001900949 0.0002050043 0.00181522 6.336498e-05 0.0001192753 0.0002087317 0 1.863676e-05
0.0506808 0 0.02622565 4.845557e-05 3.727352e-06 0.001036204 0.04252908 0.02438433 0.0004174634 0.0006895601 0.00132321 1.118206e-05 3.727352e-06 0.142683 3.727352e-06 5.591028e-05 0.04542523 0.000201277 0.003824263 7.454703e-06 0.08436115 7.454703e-06 0.07743573 0.01368684 0 0.003190613 0.00012673 0.308211 0.1170948 0.1361751 3.727352e-06 0.001129388 0.005796032 0.02747431 0.000339189 0.01338492 0.0005963763 0.01250154 0.002135773 0.0001640035 0.0002199137 3.727352e-06 8.200174e-05 7.454703e-06 3.727352e-06 2.236411e-05 3.727352e-06 0 3.727352e-06 5.963763e-05 2.981881e-05 0.0005665575 2.981881e-05 7.454703e-06 7.454703e-06 0 0.0001416394 0 0.0001304573 0 0 3.727352e-06 7.454703e-06 1.863676e-05 1.863676e-05 1.863676e-05 0.007518068 0 1.118206e-05 4.845557e-05 0.00233705 0.0005479207 3.727352e-06 3.727352e-06 1.118206e-05 7.454703e-06 0.0001975496 4.472822e-05 0.0008833823 1.863676e-05 0.001043658 3.727352e-05 4.472822e-05 0.0001640035 0 1.118206e-05
0 8.945644e-05 7.454703e-06 3.727352e-06 0 0.0001453667 4.100087e-05 2.236411e-05 2.981881e-05 0.0002460052 0.00358944 0.000212459 0.01275872 7.454703e-06 0 1.118206e-05 7.454703e-06 1.118206e-05 1.118206e-05 5.218292e-05 3.727352e-06 0.0001118206 3.727352e-06 6.336498e-05 0.0191064 0.000137912 0.007022331 4.100087e-05 1.490941e-05 3.727352e-06 0.000275824 1.490941e-05 0 0.0005367386 3.727352e-06 0.0002273685 0.01817457 0.009609113 0.001263572 5.591028e-05 0 0.001859948 3.727352e-06 0 7.454703e-06 3.727352e-06 0 0 0 0 0 0 0 0.001729491 0 0.005087835 0 0 0 0 0.0004100087 3.354617e-05 0 0 0 0 1.863676e-05 0.0003690078 0.0005031925 0.001282209 3.727352e-06 3.727352e-06 0 0.002959517 0 0 3.727352e-06 0 3.727352e-05 0.0002199137 5.218292e-05 2.236411e-05 0 0 8.572909e-05 0
0.0007007421 0 0.003865264 0.0007007421 0.0001677308 0.08765986 0.006202313 0.01535669 0.0005628301 0.02419797 0.002247593 0.02842478 0.0006746507 0.007995169 0.01016449 0 0.00201277 0.0002571873 0.001099569 0.005214565 0.0002683693 0 0.0006075583 0.0009914755 7.454703e-06 0.002132045 0.0001677308 0.006765143 0.00640359 0.001129388 1.490941e-05 8.572909e-05 1.118206e-05 0.01108142 1.118206e-05 0.02792159 0.0004584643 0.01768628 0.0008945644 0.08685848 0.01102923 1.490941e-05 3.727352e-05 0 0 0 2.609146e-05 0 1.863676e-05 1.490941e-05 7.454703e-06 5.591028e-05 6.336498e-05 0 4.845557e-05 0 1.490941e-05 0 3.727352e-06 0 0 0 7.454703e-06 0 0 3.727352e-06 0.0008833823 0 0 7.454703e-06 0.0004211907 4.100087e-05 0 0 0 0 2.236411e-05 0 4.845557e-05 0 4.472822e-05 0 7.454703e-06 7.454703e-06 0 0
1.118206e-05 0 4.100087e-05 7.454703e-06 0 0.0001118206 0.0006112857 3.727352e-05 0.0001304573 0.0001453667 0.0006597412 7.454703e-06 0 6.336498e-05 0 1.118206e-05 0.002694875 3.727352e-05 0.0006522865 0 0.0003876446 1.118206e-05 7.827439e-05 0.005479207 0 0.0002795514 2.236411e-05 0.02506644 0.03338589 0.005796032 0 1.118206e-05 0.0001490941 0.009191649 1.863676e-05 0.00012673 7.454703e-06 0.004592097 0.0002944608 7.454703e-06 0.0001304573 0 3.727352e-06 3.727352e-06 0 0 0 0 0 3.727352e-06 1.490941e-05 0.0001490941 1.118206e-05 0 7.454703e-06 0 2.609146e-05 0 0.0001230026 0 0 0 3.727352e-06 1.118206e-05 1.863676e-05 0 0.000954202 0 0 3.727352e-06 0.0002981881 6.709233e-05 0 0 0 1.118206e-05 2.236411e-05 3.727352e-06 0.000137912 2.981881e-05 8.945644e-05 1.118206e-05 0 7.454703e-06 0 0
0.003309888 0.0001714582 0.04270054 0.001442485 0.0001304573 0.03545084 0.01818575 0.0152896 0.001103296 0.05293958 0.07004439 0.03256587 0.001871131 0.02406378 0.00194195 0.00446164 0.01751855 0.02626292 0.05746085 0.007749164 0.1614875 0.0002199137 0.1374796 0.02458934 0.00118157 0.05204501 0.1210681 0.1098786 0.07738355 0.02747431 0.0005367386 0.01108142 0.009191649 0.02511862 5.218292e-05 0.01580024 0.0017034 0.04791138 0.003909992 0.00798026 0.0002422779 0.0001192753 2.981881e-05 1.490941e-05 1.118206e-05 8.200174e-05 3.354617e-05 0 4.845557e-05 7.827439e-05 4.100087e-05 0.0005031925 0.000137912 1.490941e-05 8.200174e-05 3.354617e-05 0.0001975496 0 0.001285936 0 2.236411e-05 1.863676e-05 2.236411e-05 8.945644e-05 0.0002385505 4.100087e-05 0.006440864 2.609146e-05 0.0001602761 0.0004957378 0.001811493 0.0003578258 1.118206e-05 1.490941e-05 1.863676e-05 1.490941e-05 0.0001416394 3.354617e-05 0.0007678344 0.0001416394 0.0004100087 4.472822e-05 5.218292e-05 5.591028e-05 0 3.727352e-06
0 0 0.000212459 2.236411e-05 0 0.0001006385 0.000339189 2.981881e-05 0.0001043658 0.0002161864 6.336498e-05 1.863676e-05 0.0009653841 1.490941e-05 3.727352e-06 0.0004994651 1.490941e-05 3.727352e-06 1.863676e-05 3.727352e-06 0.003962175 3.727352e-05 0.002128318 0.00364535 1.863676e-05 0.0001490941 0.0008908371 0.00767089 0.000137912 0.000339189 3.727352e-06 1.118206e-05 1.863676e-05 5.218292e-05 0.5252882 0.1589678 0.00277315 0.003581985 0.01101432 0.0006075583 6.709233e-05 0.004651735 0.002974427 3.727352e-06 1.118206e-05 6.336498e-05 7.454703e-06 0 0 2.236411e-05 1.118206e-05 0.0001304573 2.236411e-05 0 0 0 3.354617e-05 0 0.0003652805 0 3.727352e-06 3.727352e-06 0 5.218292e-05 0.0001080932 9.691114e-05 0.00094302 3.727352e-06 3.727352e-05 0.0001826402 0.0003876446 5.591028e-05 0 1.118206e-05 3.727352e-06 7.454703e-06 2.236411e-05 0.675903 0.003719897 0.0001528214 0.000212459 0.0005591028 3.727352e-06 1.118206e-05 6.709233e-05 5.963763e-05
1.490941e-05 0.0001714582 0.08754058 0.00144994 0.0002087317 0.01577415 0.01673581 0.007682072 0.002396687 0.01553933 0.01012349 0.0007715618 0.003831718 0.008196446 2.981881e-05 0.0649901 0.001174116 0.02036625 0.03791462 0.0005181019 0.2480478 0.003037792 0.4565857 0.1116454 0.0002534599 0.1427538 0.482446 0.2280356 0.004879103 0.01338492 0.0002273685 0.02792159 0.00012673 0.01580024 0.1589678 0.05091935 0.3082296 0.131747 0.02580446 0.07687663 0.0238215 0.01593443 0.001136842 0.0001230026 7.454703e-05 0.0004920104 2.236411e-05 0 8.945644e-05 0.0002870061 0.0002720967 0.004297636 0.0002348232 0.0001304573 1.118206e-05 0.0001938223 0.0009914755 0 0.02214047 3.727352e-05 0.0002385505 0.0003540984 3.727352e-05 0.001781674 0.005378568 0.001382847 0.03243541 5.591028e-05 0.002240138 0.004648008 0.008882279 0.002064953 0.0001043658 0.0001006385 6.709233e-05 9.318379e-05 0.0007491977 0.002187955 0.006731597 0.00464428 0.003104884 0.0003429164 0.0003764625 0.0003056428 0.0001043658 7.454703e-05
7.454703e-06 0.0001528214 0.005009561 4.100087e-05 3.727352e-06 0.0006261951 0.001256118 0.0003056428 0.000212459 0.001200207 0.09804426 0.0005777395 0.02445143 0.0003242796 2.609146e-05 0.01641898 0.0001714582 0.07359656 0.03412018 0.0001304573 0.01515541 0.0006970148 0.1222199 0.01084659 0.0004733737 0.3236273 0.1551063 0.01486468 0.0003652805 0.0005963763 0.01817457 0.0004584643 7.454703e-06 0.0017034 0.00277315 0.3082296 0.07567642 0.01703772 0.005732667 0.009501019 0.0002422779 0.00470019 0.002474962 1.490941e-05 3.727352e-05 0.0001677308 0 0 3.727352e-06 2.981881e-05 1.118206e-05 0.0006448318 7.454703e-06 0.001121933 0 0.001874858 0.0001230026 0 0.005904125 1.118206e-05 0.0004062813 0.0001080932 3.727352e-06 0.000477101 0.001338119 0.0005031925 0.002627783 0.0001751855 0.001304573 0.002419051 0.0009579294 0.0001490941 1.118206e-05 0.0006485592 3.727352e-06 1.118206e-05 6.336498e-05 5.218292e-05 0.001215117 0.000678378 0.0005628301 3.727352e-05 4.100087e-05 1.118206e-05 0.001006385 0
0.0002683693 0.001028749 0.1313631 0.003205522 0.0001080932 0.03278206 0.04450085 0.01030613 0.001580397 0.118869 0.2013553 0.02410478 0.01475286 0.01130133 0.0004398275 0.01972515 0.0081629 0.1426942 0.09028764 0.008863642 0.2305181 0.001595307 0.4624823 0.07834148 0.00308252 0.3220805 0.6468409 0.2444435 0.01578906 0.01250154 0.009609113 0.01768628 0.004592097 0.04791138 0.003581985 0.131747 0.01703772 0.1038515 0.006217223 0.01023531 0.000402554 0.001390302 0.001259845 5.963763e-05 0.0001640035 0.0005553754 6.709233e-05 0 9.318379e-05 0.0003130975 0.000212459 0.001982951 0.0003690078 0.00012673 5.218292e-05 0.0003056428 0.0007268336 0 0.003339707 2.981881e-05 0.0002795514 0.0002795514 2.981881e-05 0.0002832787 0.0006411045 0.0002385505 0.02664311 0.0001528214 0.002299776 0.004495186 0.006362589 0.001602761 4.845557e-05 0.0001565488 5.963763e-05 8.572909e-05 0.0005591028 0.0001453667 0.002463779 0.0003913719 0.002214047 0.0001341847 0.0001006385 0.0001938223 4.845557e-05 5.591028e-05
3.727352e-05 1.490941e-05 0.01447703 4.845557e-05 3.727352e-06 0.0009281106 0.005665575 0.0007342883 0.0001789129 0.001468577 0.03359835 0.0001453667 0.0006970148 0.001263572 1.863676e-05 0.01685508 0.00553139 0.03795935 0.01180452 4.845557e-05 0.1050442 0.0001826402 0.310097 0.01336628 3.354617e-05 0.05623455 0.09146921 0.04457167 0.00150585 0.002135773 0.001263572 0.0008945644 0.0002944608 0.003909992 0.01101432 0.02580446 0.005732667 0.006217223 0.0004361001 0.001278482 2.981881e-05 2.609146e-05 0.0001714582 3.727352e-06 1.490941e-05 0.0001080932 0 0 0 2.236411e-05 2.609146e-05 0.0003764625 1.863676e-05 3.727352e-05 0 7.827439e-05 0.0001006385 0 0.002020225 3.727352e-06 6.709233e-05 1.490941e-05 3.727352e-06 0.0001230026 0.0003913719 0.0001602761 0.002501053 1.863676e-05 0.0003130975 0.0007566524 0.0006858327 0.0001789129 1.490941e-05 3.727352e-05 3.727352e-06 1.863676e-05 5.218292e-05 0.0001341847 0.0004286454 0.0001453667 0.0002385505 3.354617e-05 7.454703e-06 1.490941e-05 0 7.454703e-06
3.727352e-06 0.0005702848 0.0008386541 0.002676239 0.03119421 0.05152318 0.002132045 0.007659708 0.01507341 0.006895601 0.004923832 0.01041049 0.0008610182 0.004484004 0.01291155 0.0003727352 3.354617e-05 0.0008759276 0.001285936 0.004204453 0.0008982918 0.003171976 0.004618189 0.01107396 0.0007976533 0.004636825 0.008256084 0.01866285 0.002791786 0.0001640035 5.591028e-05 0.08685848 7.454703e-06 0.00798026 0.0006075583 0.07687663 0.009501019 0.01023531 0.001278482 0.007767801 0.002426506 9.318379e-05 4.472822e-05 3.727352e-06 0 3.727352e-06 3.354617e-05 0 1.118206e-05 1.118206e-05 1.490941e-05 0.0001602761 3.727352e-05 7.454703e-06 9.691114e-05 7.454703e-06 5.591028e-05 0 6.709233e-05 3.727352e-06 3.727352e-06 1.118206e-05 3.727352e-06 1.118206e-05 1.863676e-05 3.727352e-06 0.002381778 0 4.472822e-05 7.081968e-05 0.0006746507 0.0001565488 0 7.454703e-06 0 3.727352e-06 5.963763e-05 1.118206e-05 0.0002907334 3.727352e-06 0.0002720967 3.727352e-06 2.236411e-05 2.609146e-05 0 0
0 0 7.454703e-05 0.0002609146 1.490941e-05 0.004293909 0.001520759 0.000741743 0.0001043658 0.004204453 0.0001416394 0.001502123 0 0.00132321 0.0006224677 1.863676e-05 2.236411e-05 7.454703e-06 1.490941e-05 0.0004398275 0.0007454703 1.118206e-05 0.00012673 0.002370596 0 4.472822e-05 2.609146e-05 0.009064919 0.0009728388 0.0002199137 0 0.01102923 0.0001304573 0.0002422779 6.709233e-05 0.0238215 0.0002422779 0.000402554 2.981881e-05 0.002426506 0 0 6.336498e-05 0 0 0 7.454703e-06 0 3.727352e-06 2.236411e-05 3.727352e-06 7.081968e-05 1.118206e-05 3.727352e-06 0 0 3.354617e-05 0 2.609146e-05 0 0 3.727352e-06 0 7.454703e-06 3.727352e-06 0 0.001345574 0 0 7.454703e-06 0.0002795514 8.945644e-05 3.727352e-06 0 0 3.727352e-06 3.354617e-05 1.490941e-05 0.0001006385 3.727352e-06 7.454703e-05 3.727352e-06 3.727352e-06 7.454703e-06 0 0
0 0.0009765661 2.236411e-05 3.727352e-06 0 9.691114e-05 1.490941e-05 1.863676e-05 3.354617e-05 0.0001490941 0.02557336 0.0001230026 0.005837033 3.727352e-06 3.727352e-06 0 0 7.827439e-05 0 2.981881e-05 1.490941e-05 0.0002534599 9.318379e-05 7.081968e-05 0.001144297 0.001088387 0.001613943 3.727352e-05 1.863676e-05 3.727352e-06 0.001859948 1.490941e-05 0 0.0001192753 0.004651735 0.01593443 0.00470019 0.001390302 2.609146e-05 9.318379e-05 0 7.454703e-06 0.0005330113 0 4.100087e-05 0 0 0 0 0 0 0 0 0.0006224677 0 0.0009952029 0 0 0 0 3.727352e-06 0 0 0 0 0 1.863676e-05 1.118206e-05 2.236411e-05 0.0001118206 0 0 0 0.0003354617 0 0 3.727352e-06 0.0001006385 0.0001080932 7.827439e-05 0.0001677308 1.490941e-05 0 0 0.000137912 0
0 0 0.0002422779 4.100087e-05 0 0.0001863676 0.000339189 5.591028e-05 2.609146e-05 0.0007193789 4.845557e-05 1.863676e-05 2.236411e-05 3.354617e-05 0 0.0003801899 1.118206e-05 7.454703e-05 0.0001043658 2.981881e-05 0.001397757 2.236411e-05 0.002165591 0.001230026 0 0.0005553754 0.001531942 0.003313616 6.336498e-05 8.200174e-05 3.727352e-06 3.727352e-05 3.727352e-06 2.981881e-05 0.002974427 0.001136842 0.002474962 0.001259845 0.0001714582 4.472822e-05 6.336498e-05 0.0005330113 7.454703e-06 3.727352e-06 0 0 0 0 3.727352e-06 0 7.454703e-06 5.218292e-05 3.727352e-06 3.727352e-06 0 0 7.454703e-06 0 0.0001453667 0 3.727352e-06 0 0 7.454703e-06 2.981881e-05 1.118206e-05 0.0004361001 0 3.727352e-06 1.863676e-05 0.0001118206 2.236411e-05 0 0 3.727352e-06 0 1.118206e-05 5.963763e-05 8.572909e-05 7.454703e-06 6.709233e-05 0 0 0 0 7.454703e-06
0 0 1.118206e-05 0 0 0 3.354617e-05 0 7.454703e-06 3.727352e-06 7.454703e-06 0 3.727352e-06 3.727352e-06 0 7.454703e-06 0 0 0 3.727352e-06 4.472822e-05 3.727352e-06 7.454703e-06 0.0003466437 0 1.490941e-05 1.490941e-05 0.0002609146 6.336498e-05 7.454703e-06 0 0 3.727352e-06 1.490941e-05 3.727352e-06 0.0001230026 1.490941e-05 5.963763e-05 3.727352e-06 3.727352e-06 0 0 3.727352e-06 0.006452046 1.118206e-05 0.0002050043 7.454703e-06 0 0.0003317343 0.05879152 0.001651217 0.0003093702 0.000741743 0.0004286454 3.727352e-06 3.727352e-06 0.04835866 0 7.454703e-05 0.000805108 0.0003130975 0.001360483 3.727352e-06 0.0001416394 0.0001900949 0.0003578258 0.004040449 3.727352e-06 0.0009653841 0.0002907334 0.01216235 0.04936877 0.02734385 1.863676e-05 0.0003466437 2.609146e-05 0.005113927 3.727352e-06 0.0001602761 1.118206e-05 0.00905001 0.00132321 3.727352e-05 3.354617e-05 0 0
