0.006847043 6.378243e-06 0.001677478 0.0006792828 1.594561e-05 0.0009439799 0.08272581 0.02046459 0.0001817799 0.007539083 3.508033e-05 0.0001339431 0 0.05539504 3.189121e-06 9.567364e-06 0.003236958 0.0001339431 0.0004656117 0.0002997774 0.01824815 1.594561e-05 0.03606258 0.003587761 0 0.0006378243 0.0002232385 0.01650689 0.04267044 0.0417743 0 8.92954e-05 0.0009120887 0.01404808 3.189121e-06 0.000998195 0.0001148084 0.001983633 0.000315723 7.972803e-05 5.102594e-05 0 1.275649e-05 0 3.189121e-06 6.378243e-06 0 0 0 4.46477e-05 0 8.610627e-05 0 0 0 0 3.189121e-06 0 2.232385e-05 3.189121e-06 0 0 0 1.594561e-05 5.740418e-05 3.189121e-06 0.0003061556 0 2.551297e-05 3.189121e-05 0.0003093448 6.378243e-06 6.378243e-06 0 0 0 3.189121e-06 6.378243e-06 4.145858e-05 3.189121e-06 2.232385e-05 0 0 0 0 0
6.378243e-06 0.01134052 0.003090259 0 0 6.378243e-06 1.594561e-05 1.913473e-05 0.04008088 9.567364e-06 0.0005230159 0.000105241 0.003434684 1.275649e-05 0.0003029665 0.002041038 0.009079428 0.002678862 0.003616464 0 5.421506e-05 0.1057066 0.0003476142 0.01982358 0.03492726 0.01422348 0.2124593 0.001460618 1.594561e-05 1.913473e-05 0.0001339431 0 0 0.0003125339 3.189121e-06 0.000736687 0.002034659 0.001336242 0.0001084301 7.334979e-05 0 0.001218244 6.378243e-06 0 0.0005421506 0.0003029665 9.567364e-06 0 0 5.102594e-05 0 1.275649e-05 0 0.0001977255 0 0.0001754017 3.189121e-06 0 3.189121e-06 0.0002072929 0.0001754017 0.0002551297 0 6.378243e-06 1.913473e-05 1.913473e-05 0.0001084301 0.0004688008 0.003236958 0.005874361 0.0001530778 0 0 9.567364e-06 0 0 0.0001403213 0 7.972803e-05 0.0006760937 0.0002583188 0.0001084301 0 0 3.189121e-06 0
0.001677478 0.003090259 0.04100891 7.972803e-05 3.189121e-06 0.0002009146 0.009832061 0.008801975 0.0003667489 0.0008578736 0.0004145858 9.567364e-06 3.508033e-05 0.004557254 0 0.001084301 0.1762468 0.003606896 0.01289043 1.275649e-05 0.01107901 0.00504519 0.1916694 0.01091636 3.189121e-06 0.08528029 0.1598005 0.01039016 0.001575426 0.0009631146 3.189121e-06 1.594561e-05 6.378243e-05 0.04547049 0.0001530778 0.1537443 0.09835569 0.1295899 0.02343047 0.000551718 4.46477e-05 1.913473e-05 0.0008546845 3.189121e-06 0.007108551 0.005533125 0 0 0 0.0005931766 3.189121e-06 0.0001498887 6.378243e-06 8.610627e-05 0 3.189121e-05 6.378243e-06 0 0.002021903 0.001447861 2.551297e-05 0.000315723 0 0.0002200494 0.003026476 0.001336242 0.0004400987 0.0001403213 0.004410555 0.06632416 0.001007762 6.378243e-06 2.551297e-05 0 0 0 0.000841928 0.001148084 0.0008132259 0.001884771 0.001033275 0.0002646971 3.189121e-06 0 0 6.378243e-06
0.0006792828 0 7.972803e-05 0.01338474 7.016067e-05 0.02282773 0.00889127 0.01394603 0.007921777 0.03895193 0.0001435105 0.05281504 6.378243e-06 0.01030086 0.0005357724 9.567364e-06 2.551297e-05 0 3.189121e-06 0.04702359 0.0002072929 1.594561e-05 0.0004560443 0.01703947 0 2.232385e-05 3.508033e-05 0.03233131 0.01257471 0.0001403213 0 0.0003221012 0.0002423732 0.01554059 6.378243e-05 0.004809195 0.0001371322 0.01271503 0.001001384 0.00235995 0.0004273423 3.189121e-06 0.0001084301 1.913473e-05 0 3.189121e-06 0.0005995548 0 3.508033e-05 0.002863831 7.016067e-05 0.001518022 0.001368133 0 1.275649e-05 0 0.0001020519 3.189121e-06 6.378243e-06 0 0 0 0.000130754 0 1.913473e-05 0 0.006480294 0 0 3.189121e-06 0.006416512 9.248452e-05 2.232385e-05 0 1.594561e-05 9.567364e-06 7.653891e-05 1.913473e-05 0.0001211866 3.189121e-06 0.0002041038 3.189121e-06 9.567364e-06 9.567364e-06 0 0
1.594561e-05 0 3.189121e-06 7.016067e-05 6.697155e-05 0.00225152 0.0001148084 0.001355377 0.0004975029 0.0001722125 4.145858e-05 0.004662495 0 0.0009184669 0.00551718 0 0 0 0 0.000105241 1.594561e-05 6.378243e-06 1.913473e-05 0.0002391841 0 3.189121e-06 3.189121e-06 0.0001817799 0.003967267 9.567364e-06 0 0.004943138 0 0.001872014 0 0.0003093448 3.189121e-06 0.002579999 0.0003125339 0.01512281 0.003297551 3.189121e-06 1.594561e-05 0 0 0 0 0 0 3.189121e-06 0 0 0 0 0 0 0 0 0 0 0 0 0 0 0 0 1.275649e-05 0 0 0 9.567364e-06 0 0 0 0 0 0 0 0 0 0 0 0 0 0 0
0.0009439799 6.378243e-06 0.0002009146 0.02282773 0.00225152 0.07084952 0.07740316 0.06447128 0.0003284795 0.3357347 3.508033e-05 0.1147446 0 0.02554805 0.004455202 9.567364e-06 9.886276e-05 6.378243e-06 2.232385e-05 0.05933679 0.0007494435 3.508033e-05 0.00195812 0.005399182 3.189121e-06 2.232385e-05 0.0001179975 0.07188279 0.02633576 0.0008738192 0 0.01276286 3.189121e-05 0.007500813 0.0001754017 0.001090679 2.870209e-05 0.004046995 0.001033275 0.008744571 0.002229196 3.189121e-06 2.551297e-05 3.189121e-06 0 0 0.0002136711 0 0 0.0001562669 0 8.610627e-05 1.594561e-05 0 0 0 6.378243e-06 0 6.378243e-06 0 0 0 0 3.189121e-06 4.145858e-05 0 0.0006091222 0 0 0 0.0004879356 9.567364e-06 3.189121e-06 0 0 0 6.378243e-06 1.594561e-05 3.189121e-05 0 5.421506e-05 3.189121e-06 0 3.189121e-06 0 0
0.08272581 1.594561e-05 0.009832061 0.00889127 0.0001148084 0.07740316 0.1459087 0.2092255 0.001243757 0.1570834 0.0003029665 0.0008068477 1.275649e-05 0.1788778 2.232385e-05 0.0001913473 0.002784103 7.972803e-05 0.0002296167 0.001438294 0.0391369 0.0003635598 0.1380188 0.01614014 6.378243e-06 0.0005325833 0.0008100368 0.2483815 0.1747575 0.1091094 0 0.0008833866 0.004764547 0.08469987 0.0002200494 0.02338583 0.0009758711 0.08367935 0.009127265 0.003788676 0.003138095 1.275649e-05 0.0003476142 1.913473e-05 3.189121e-06 0 2.870209e-05 0 0 0.001093869 1.275649e-05 0.0007717673 0.0001275649 3.189121e-06 0 0 3.508033e-05 0 0.0002041038 0 0 0 0 0.0001658343 0.0006792828 9.567364e-06 0.005166376 0 2.232385e-05 5.102594e-05 0.005351345 8.291715e-05 5.421506e-05 0 4.46477e-05 1.913473e-05 0.0001243757 0.0001690234 0.0003476142 1.275649e-05 0.0004592335 4.783682e-05 3.189121e-06 1.913473e-05 0 0
0.02046459 1.913473e-05 0.008801975 0.01394603 0.001355377 0.06447128 0.2092255 0.07427782 0.0005325833 0.1283462 0.0001498887 0.04509736 6.378243e-06 0.1579667 0.003938565 5.102594e-05 0.006378243 0.0002933992 0.001144895 0.02799092 0.03060281 6.378243e-05 0.07563639 0.01572237 3.189121e-06 0.00203147 0.0008196042 0.07746376 0.07984603 0.01759757 0 0.01318064 0.0009694929 0.03381744 7.016067e-05 0.005654312 0.0002965883 0.01164348 0.003364523 0.003935376 0.00119592 3.189121e-06 0.0001084301 1.275649e-05 1.913473e-05 6.378243e-06 7.334979e-05 0 0 0.0002806427 3.189121e-06 0.0002391841 3.508033e-05 3.189121e-06 0 0 1.594561e-05 0 2.232385e-05 6.378243e-06 3.189121e-06 9.567364e-06 0 1.594561e-05 6.05933e-05 0 0.001712558 0 5.102594e-05 3.826946e-05 0.001486131 2.870209e-05 3.826946e-05 0 6.378243e-06 0 5.102594e-05 2.870209e-05 0.0001084301 6.378243e-06 0.0001371322 1.913473e-05 0 9.567364e-06 0 6.378243e-06
0.0001817799 0.04008088 0.0003667489 0.007921777 0.0004975029 0.0003284795 0.001243757 0.0005325833 0.009930924 0.0006920393 0.0001116192 0.003976834 0.002076118 0.0006952284 0.01101204 0.0005198268 3.189121e-05 5.740418e-05 4.46477e-05 0.004241531 0.0005293941 0.05988213 0.001304351 0.1576287 0.01792924 0.001103436 0.01609231 0.05745521 0.001514833 0.01047307 0.0001275649 6.378243e-06 2.870209e-05 0.0008323607 1.594561e-05 0.002535351 0.0003221012 0.001773151 0.0003539925 0.001817799 0.0001754017 0.0004018293 1.913473e-05 5.102594e-05 5.421506e-05 9.567364e-06 0.00138089 0 8.92954e-05 0.007510381 0.0001562669 0.001336242 0.003590951 1.275649e-05 3.189121e-06 4.46477e-05 0.0002328059 0 0.0001562669 1.275649e-05 1.594561e-05 6.378243e-06 0.0003093448 9.886276e-05 0.0002455623 1.594561e-05 0.0269417 4.46477e-05 4.783682e-05 0.0001179975 0.0221325 0.0002200494 4.145858e-05 0 7.972803e-05 2.870209e-05 0.0002328059 1.594561e-05 0.0003252904 0.0001211866 0.0006346351 7.334979e-05 1.594561e-05 1.275649e-05 0 0
0.007539083 9.567364e-06 0.0008578736 0.03895193 0.0001722125 0.3357347 0.1570834 0.1283462 0.0006920393 0.2355038 0.0003125339 0.05452122 1.913473e-05 0.06362616 5.102594e-05 2.551297e-05 0.0002487515 1.913473e-05 5.102594e-05 0.02433937 0.002809616 7.972803e-05 0.00834593 0.01032637 0 0.0001084301 0.0001754017 0.09031591 0.05492305 0.002356761 0 0.001231001 0.0004815573 0.05459776 0.0001722125 0.008307661 0.0002328059 0.02833215 0.003431494 0.001205488 0.0005772309 9.567364e-06 0.0002328059 3.189121e-06 3.189121e-06 0 0.0001020519 0 6.378243e-06 0.000500692 6.378243e-06 0.0002200494 0.0001275649 0 0 0 2.232385e-05 0 9.567364e-06 0 0 0 9.567364e-06 1.275649e-05 6.05933e-05 3.189121e-06 0.001604128 0 3.189121e-06 0 0.001479752 1.275649e-05 1.275649e-05 0 1.913473e-05 0 4.46477e-05 6.378243e-05 0.000105241 3.189121e-06 0.0001179975 9.567364e-06 3.189121e-06 9.567364e-06 0 3.189121e-06
3.508033e-05 0.0005230159 0.0004145858 0.0001435105 4.145858e-05 3.508033e-05 0.0003029665 0.0001498887 0.0001116192 0.0003125339 0.04954619 5.740418e-05 0.07171058 0.0003699381 3.189121e-06 2.870209e-05 0.002981828 0.02866063 0.01643673 9.567364e-05 0.0002009146 0.0003795054 0.00123419 0.0001881582 0.01989693 0.1154589 0.01654197 0.0004911247 0.000711174 7.334979e-05 0.006671642 0.0001913473 3.189121e-06 0.02161586 5.740418e-05 0.01080474 0.07092925 0.1444321 0.06078784 0.0004560443 0.0003061556 0.00910813 0.000105241 0 0.0003061556 6.378243e-06 0 0 0 3.189121e-06 0 3.189121e-06 0 0.00145105 0 0.003638787 0 0 0 1.275649e-05 0.0003635598 0.0001722125 0 3.189121e-06 6.378243e-06 6.378243e-06 2.232385e-05 0.001345809 0.002497082 0.002579999 9.567364e-06 0 0 0.0002678862 0 0 6.05933e-05 0.0001211866 3.189121e-05 0.01079836 0.0002455623 0.0001020519 0 0 0.0001275649 0
0.0001339431 0.000105241 9.567364e-06 0.05281504 0.004662495 0.1147446 0.0008068477 0.04509736 0.003976834 0.05452122 5.740418e-05 0.05352621 9.567364e-06 0.01862766 0.03484753 0 6.378243e-06 0 3.189121e-06 0.04201348 2.870209e-05 0.0002646971 7.653891e-05 0.007535894 4.145858e-05 9.567364e-06 7.016067e-05 0.01168494 0.01238336 2.232385e-05 0 0.0006760937 6.378243e-06 0.01008081 5.740418e-05 0.0005230159 9.567364e-06 0.00184969 0.0005836092 0.01054961 0.000235995 3.189121e-06 9.567364e-06 6.378243e-06 0 0 0.0009567364 0 0.0001243757 0.000526205 2.870209e-05 0.0009312234 0.0005899874 6.378243e-06 6.697155e-05 0 2.232385e-05 0 0 0 0 0 6.05933e-05 0 0 0 0.001301161 0 0 0 0.001109814 9.567364e-06 0 0 1.275649e-05 0 1.275649e-05 3.189121e-06 3.189121e-06 3.189121e-06 1.913473e-05 0 0 3.189121e-06 0 0
0 0.003434684 3.508033e-05 6.378243e-06 0 0 1.275649e-05 6.378243e-06 0.002076118 1.913473e-05 0.07171058 9.567364e-06 0.06551093 9.567364e-06 9.567364e-06 2.870209e-05 5.102594e-05 0.009851196 0.005593719 9.567364e-06 3.826946e-05 0.005322643 0.0001179975 0.0007972803 0.0325992 0.02554486 0.03496871 9.248452e-05 3.508033e-05 3.189121e-05 0.01106625 3.189121e-06 0 0.003957699 0.0001211866 0.01097377 0.06705127 0.04379301 0.007236116 0.000105241 1.594561e-05 0.03022968 3.826946e-05 0 0.0005549071 3.189121e-06 0 0 0 3.189121e-06 0 0 3.189121e-06 0.004621037 0 0.01275011 0 0 0 9.567364e-06 0.0009567364 7.972803e-05 0 0 1.913473e-05 0 0 0.004330827 0.003345388 0.00613268 0 3.189121e-06 0 0.0008451171 0 3.189121e-06 0.0001435105 0.0006378243 4.46477e-05 0.03086432 0.0004911247 0.0001594561 0 6.378243e-06 0.0002328059 0
0.05539504 1.275649e-05 0.004557254 0.01030086 0.0009184669 0.02554805 0.1788778 0.1579667 0.0006952284 0.06362616 0.0003699381 0.01862766 9.567364e-06 0.106472 0.0006091222 3.189121e-05 0.005089838 0.0002583188 0.0008291715 0.01432872 0.01909327 6.378243e-05 0.05321049 0.01548637 0 0.001046032 0.0004879356 0.05790806 0.067249 0.02347193 0 0.008632951 0.002522595 0.04166587 0.0001211866 0.01478477 0.001986823 0.02355485 0.007902643 0.00388435 0.002420543 3.189121e-06 0.0002710753 6.378243e-06 9.567364e-06 3.189121e-06 2.551297e-05 0 3.189121e-06 0.0002583188 6.378243e-06 0.0002838318 2.551297e-05 3.189121e-06 0 0 1.913473e-05 0 3.826946e-05 0 3.189121e-06 3.189121e-06 0 1.913473e-05 6.697155e-05 0 0.001447861 0 4.145858e-05 1.913473e-05 0.001151273 2.232385e-05 2.870209e-05 0 0 3.189121e-06 5.102594e-05 1.913473e-05 8.92954e-05 9.567364e-06 0.0001179975 1.594561e-05 3.189121e-06 3.189121e-06 0 0
3.189121e-06 0.0003029665 0 0.0005357724 0.00551718 0.004455202 2.232385e-05 0.003938565 0.01101204 5.102594e-05 3.189121e-06 0.03484753 9.567364e-06 0.0006091222 0.007073471 0 0 0 0 0.000947169 0 0.0007462544 1.913473e-05 0.01020838 0.000130754 1.275649e-05 0.0001817799 0.0009886276 0.003399603 0 3.189121e-06 0.004046995 0 0.0007526326 0 1.913473e-05 3.189121e-06 2.551297e-05 1.594561e-05 0.006636561 0.0004624226 6.378243e-06 0 0 0 0 3.189121e-06 0 0 0 0 6.378243e-06 0 0 0 0 0 0 0 0 0 0 0 0 3.189121e-06 0 1.594561e-05 0 0 0 2.232385e-05 0 0 0 0 0 0 0 0 3.189121e-06 3.189121e-06 0 0 0 0 0
9.567364e-06 0.002041038 0.001084301 9.567364e-06 0 9.567364e-06 0.0001913473 5.102594e-05 0.0005198268 2.551297e-05 2.870209e-05 0 2.870209e-05 3.189121e-05 0 0.03164884 0.0004815573 3.508033e-05 0.0003986402 0 0.004330827 0.06864584 0.06300428 0.01065804 8.291715e-05 0.003361334 0.1835818 0.01006487 3.826946e-05 0.0001626452 3.189121e-06 0 3.189121e-06 0.006687587 0.000105241 0.07816855 0.02170516 0.01403213 0.005048379 0.0005102594 6.378243e-06 1.594561e-05 0.0001945364 0 0.000420964 6.05933e-05 0 0 0 0.001447861 9.567364e-06 0.0001020519 3.189121e-06 1.594561e-05 0 6.378243e-06 3.189121e-06 0 0.01677478 5.421506e-05 2.551297e-05 1.275649e-05 0 0.002235574 0.02838637 0.003925808 0.001613695 1.275649e-05 0.0002232385 0.01091955 0.003396414 3.189121e-06 1.594561e-05 0 0 0 3.189121e-05 0.0002296167 0.0003922619 0.0001211866 0.0001403213 4.46477e-05 9.567364e-06 0 0 3.189121e-06
0.003236958 0.009079428 0.1762468 2.551297e-05 0 9.886276e-05 0.002784103 0.006378243 3.189121e-05 0.0002487515 0.002981828 6.378243e-06 5.102594e-05 0.005089838 0 0.0004815573 0.007201036 0.02150106 0.06452868 9.567364e-06 0.009825683 0.0005804201 0.03353361 0.0005102594 0.0001148084 0.115864 0.1976713 0.006687587 0.003657922 0.004145858 1.275649e-05 9.567364e-06 0.0001371322 0.008907216 9.567364e-06 0.0109929 0.02252157 0.0187042 0.002516217 5.102594e-05 2.232385e-05 6.378243e-06 6.05933e-05 0 0.00740195 0.004509417 0 0 0 0.0001148084 0 3.189121e-06 0 0.0003189121 0 6.05933e-05 3.189121e-06 0 6.378243e-05 0.002828751 0.0001881582 0.001128949 0 4.145858e-05 7.653891e-05 0.0002264276 3.508033e-05 0.0003252904 0.01415013 0.03014995 0.0001945364 3.189121e-06 0 3.189121e-06 0 0 0.001457428 8.291715e-05 0.0006442025 0.001808232 0.001511643 0.0006888502 0 0 0 3.189121e-06
0.0001339431 0.002678862 0.003606896 0 0 6.378243e-06 7.972803e-05 0.0002933992 5.740418e-05 1.913473e-05 0.02866063 0 0.009851196 0.0002583188 0 3.508033e-05 0.02150106 0.003696192 0.01803129 0 0.0006984176 0.0002041038 0.003606896 5.740418e-05 0.007602865 0.03017228 0.009022024 0.0003731272 0.0002136711 0.0001116192 0.00112576 3.189121e-06 6.378243e-06 0.005102594 9.567364e-06 0.004528552 0.02082177 0.02939732 0.01167218 2.551297e-05 1.275649e-05 0.0001339431 2.551297e-05 0 0.003865215 4.145858e-05 0 0 0 3.189121e-06 0 0 0 0.0024333 0 0.00217817 0 0 0 2.870209e-05 0.00221325 0.001282027 0 0 6.378243e-06 0 3.189121e-06 0.00170618 0.01590415 0.01120976 3.189121e-06 0 0 0.0002678862 0 0 0.0002296167 2.551297e-05 0.0001435105 0.002114387 0.0009120887 0.0006792828 0 0 1.594561e-05 0
0.0004656117 0.003616464 0.01289043 3.189121e-06 0 2.232385e-05 0.0002296167 0.001144895 4.46477e-05 5.102594e-05 0.01643673 3.189121e-06 0.005593719 0.0008291715 0 0.0003986402 0.06452868 0.01803129 0.008240689 0 0.002162224 0.0005325833 0.0136016 0.000235995 0.001132138 0.1224272 0.07187323 0.001336242 0.0006537699 0.0004592335 0.0001498887 3.189121e-06 1.594561e-05 0.01447223 1.913473e-05 0.01549275 0.03889133 0.0704158 0.02638041 7.016067e-05 2.551297e-05 7.653891e-05 0.0001148084 0 0.002956315 0.0001817799 0 0 0 2.232385e-05 0 0 3.189121e-06 0.00145105 0 0.0002264276 0 0 6.378243e-06 0.0002168602 0.001122571 0.001986823 0 3.189121e-06 1.913473e-05 1.275649e-05 1.594561e-05 0.0008770083 0.02386101 0.01079518 1.275649e-05 0 0 4.145858e-05 0 0 0.0004943138 0.0001179975 0.0002806427 0.001282027 0.001122571 0.0008801975 0 0 3.189121e-06 0
0.0002997774 0 1.275649e-05 0.04702359 0.000105241 0.05933679 0.001438294 0.02799092 0.004241531 0.02433937 9.567364e-05 0.04201348 9.567364e-06 0.01432872 0.000947169 0 9.567364e-06 0 0 0.002197305 6.697155e-05 6.378243e-06 0.0001658343 0.003501655 3.189121e-06 9.567364e-06 0 0.02191245 0.01159246 4.783682e-05 0 0.000526205 7.653891e-05 0.01055918 3.189121e-05 0.001164029 1.594561e-05 0.004410555 0.0006633372 0.003858837 0.0001148084 0 2.870209e-05 1.275649e-05 0 0 0.0002678862 0 6.378243e-06 0.0008738192 1.594561e-05 0.0005357724 0.0004113966 0 3.189121e-06 0 3.826946e-05 0 6.378243e-06 0 0 0 4.783682e-05 3.189121e-06 6.378243e-06 0 0.001929418 0 0 0 0.001846501 2.551297e-05 6.378243e-06 0 1.594561e-05 3.189121e-06 6.378243e-06 9.567364e-06 3.508033e-05 0 5.102594e-05 6.378243e-06 3.189121e-06 3.189121e-06 0 3.189121e-06
0.01824815 5.421506e-05 0.01107901 0.0002072929 1.594561e-05 0.0007494435 0.0391369 0.03060281 0.0005293941 0.002809616 0.0002009146 2.870209e-05 3.826946e-05 0.01909327 0 0.004330827 0.009825683 0.0006984176 0.002162224 6.697155e-05 0.1080442 0.01763265 0.1329066 0.009659848 1.275649e-05 0.00410121 0.008011073 0.1142471 0.02207829 0.1287002 0 7.016067e-05 0.0007303088 0.1226632 0.0005740418 0.2489588 0.03842891 0.1176307 0.03128847 0.001977255 0.0001371322 7.972803e-05 0.000972682 0 2.551297e-05 1.594561e-05 0 0 0 0.001511643 0 0.0002296167 6.378243e-06 1.275649e-05 0 0 3.189121e-06 0 0.00558734 1.594561e-05 3.189121e-06 1.275649e-05 0 0.002544919 0.01006487 0.00116084 0.001795475 0 0.0001020519 0.0003571816 0.004002347 3.189121e-06 2.551297e-05 0 3.189121e-06 3.189121e-06 2.232385e-05 0.001304351 0.0009280343 4.145858e-05 5.102594e-05 1.913473e-05 0 9.567364e-06 0 0
1.594561e-05 0.1057066 0.00504519 1.594561e-05 6.378243e-06 3.508033e-05 0.0003635598 6.378243e-05 0.05988213 7.972803e-05 0.0003795054 0.0002646971 0.005322643 6.378243e-05 0.0007462544 0.06864584 0.0005804201 0.0002041038 0.0005325833 6.378243e-06 0.01763265 0.02028281 0.03451586 0.09626681 0.0514182 0.006017872 0.135796 0.03218142 9.886276e-05 0.003667489 0.0002487515 0 6.378243e-06 0.000526205 1.275649e-05 0.006904448 0.001406402 0.001164029 0.0004177749 0.0002519406 1.275649e-05 0.001179975 9.567364e-06 0 0.0002232385 4.46477e-05 2.232385e-05 0 0 0.0004496661 9.567364e-06 9.248452e-05 3.508033e-05 4.46477e-05 0 8.291715e-05 6.378243e-06 0 0.001068356 4.783682e-05 4.46477e-05 2.870209e-05 6.378243e-06 0.0004751791 0.0004241531 0.0002041038 0.000816415 0.0001530778 0.0003603707 0.001441483 0.001329864 3.189121e-06 1.913473e-05 3.189121e-06 3.189121e-06 0 3.826946e-05 1.275649e-05 8.291715e-05 0.0004241531 5.102594e-05 1.913473e-05 0 3.189121e-06 1.275649e-05 0
0.03606258 0.0003476142 0.1916694 0.0004560443 1.913473e-05 0.00195812 0.1380188 0.07563639 0.001304351 0.00834593 0.00123419 7.653891e-05 0.0001179975 0.05321049 1.913473e-05 0.06300428 0.03353361 0.003606896 0.0136016 0.0001658343 0.1329066 0.03451586 0.3117143 0.08441923 1.594561e-05 0.03552362 0.2904301 0.3586263 0.03902847 0.08649535 3.189121e-06 0.0001658343 0.001470185 0.2255123 0.001001384 0.4505335 0.1159915 0.2571197 0.04939311 0.002841507 0.0003476142 0.0001020519 0.001776341 1.913473e-05 0.003842891 0.003023287 3.189121e-06 0 3.189121e-06 0.001878392 3.189121e-06 0.00108749 2.551297e-05 4.46477e-05 0 6.378243e-06 1.913473e-05 6.378243e-06 0.02920916 0.0004815573 3.826946e-05 0.0001913473 0 0.001473374 0.03770498 0.008556412 0.005721284 0.0001148084 0.0008483063 0.1042492 0.006081654 6.697155e-05 6.05933e-05 0 6.378243e-06 9.567364e-06 0.0003571816 0.002500271 0.00224833 0.001479752 0.0009280343 0.0002742644 9.567364e-06 3.189121e-06 6.378243e-06 3.189121e-06
0.003587761 0.01982358 0.01091636 0.01703947 0.0002391841 0.005399182 0.01614014 0.01572237 0.1576287 0.01032637 0.0001881582 0.007535894 0.0007972803 0.01548637 0.01020838 0.01065804 0.0005102594 5.740418e-05 0.000235995 0.003501655 0.009659848 0.09626681 0.08441923 0.09193918 0.006920393 0.002146279 0.09894249 0.1823093 0.02645695 0.0486628 2.551297e-05 0.0003795054 0.0006473916 0.02511752 0.0003539925 0.08726074 0.011197 0.04643679 0.01120976 0.009391962 0.003689813 0.0001435105 0.0004369096 0.0005804201 0.0001562669 2.551297e-05 0.002838318 6.378243e-06 0.0001754017 0.03221969 0.0006760937 0.03966948 0.007427463 4.783682e-05 3.189121e-06 9.567364e-06 0.00130754 6.378243e-06 0.003925808 2.232385e-05 6.378243e-06 9.567364e-06 0.0004496661 0.00283194 0.01675245 0.0002678862 0.141125 1.913473e-05 0.0001116192 0.0007207414 0.1232851 0.001731693 0.001100247 0 0.0004560443 0.0003284795 0.0029021 0.0004688008 0.005128107 0.0002423732 0.00867441 0.000892954 9.248452e-05 0.0004369096 1.913473e-05 5.421506e-05
0 0.03492726 3.189121e-06 0 0 3.189121e-06 6.378243e-06 3.189121e-06 0.01792924 0 0.01989693 4.145858e-05 0.0325992 0 0.000130754 8.291715e-05 0.0001148084 0.007602865 0.001132138 3.189121e-06 1.275649e-05 0.0514182 1.594561e-05 0.006920393 0.008585114 0.04551514 0.05760829 0.0004560443 3.189121e-06 0 0.003814189 0 0 0.0006888502 6.378243e-06 0.0003890728 0.01862128 0.007545461 0.0007398761 1.594561e-05 3.189121e-06 0.01686726 0 3.189121e-06 0.0006442025 0 0 0 0 1.275649e-05 3.189121e-06 3.508033e-05 6.378243e-06 0.003211445 0 0.007478489 0 0 0 9.567364e-06 0.001030086 0.0001116192 0 0 6.378243e-06 0 4.145858e-05 0.002098442 0.003087069 0.005756364 3.189121e-05 0 0 0.0004400987 0 0 7.653891e-05 1.594561e-05 6.378243e-06 0.009318612 0.0003858837 0.0001275649 0 0 8.291715e-05 0
0.0006378243 0.01422348 0.08528029 2.232385e-05 3.189121e-06 2.232385e-05 0.0005325833 0.00203147 0.001103436 0.0001084301 0.1154589 9.567364e-06 0.02554486 0.001046032 1.275649e-05 0.003361334 0.115864 0.03017228 0.1224272 9.567364e-06 0.00410121 0.006017872 0.03552362 0.002146279 0.04551514 0.2071494 0.3300485 0.002691618 0.0008993322 0.0004751791 0.002822372 1.594561e-05 1.275649e-05 0.0491029 4.783682e-05 0.07832163 0.3062099 0.3313274 0.07538764 0.0002391841 5.102594e-05 0.002755401 0.0006155004 0 0.01377063 0.002152657 0 0 0 8.92954e-05 3.189121e-06 2.232385e-05 6.378243e-06 0.01329545 0 0.02123317 6.378243e-06 0 3.189121e-05 0.003058367 0.00878284 0.006406945 0 3.508033e-05 9.567364e-05 0.0001466996 3.508033e-05 0.007197847 0.08095265 0.07368146 7.334979e-05 3.189121e-06 9.567364e-06 0.002053794 0 0 0.002481136 0.0005134485 0.001789097 0.02068145 0.005954089 0.004180938 0 0 3.189121e-05 9.567364e-06
0.0002232385 0.2124593 0.1598005 3.508033e-05 3.189121e-06 0.0001179975 0.0008100368 0.0008196042 0.01609231 0.0001754017 0.01654197 7.016067e-05 0.03496871 0.0004879356 0.0001817799 0.1835818 0.1976713 0.009022024 0.07187323 0 0.008011073 0.135796 0.2904301 0.09894249 0.05760829 0.3300485 0.4679748 0.05023823 0.0004879356 0.0004177749 0.002634214 3.189121e-06 1.913473e-05 0.1066091 0.0002742644 0.220802 0.1985802 0.2038167 0.02413527 0.0006633372 2.551297e-05 0.002149468 0.0015244 1.594561e-05 0.09054872 0.02951532 6.378243e-06 0 0 0.002943559 9.567364e-06 0.0003826946 2.232385e-05 0.01607317 0 0.01509411 1.594561e-05 0 0.006269812 0.009787413 0.01359841 0.01358247 0 0.0006984176 0.01013184 0.006684398 0.002599134 0.01214417 0.1552018 0.4506707 0.004385042 1.594561e-05 8.610627e-05 0.001565859 0 0 0.007296709 0.002079307 0.005367291 0.02291065 0.01319021 0.007134064 6.378243e-06 0 3.826946e-05 2.551297e-05
0.01650689 0.001460618 0.01039016 0.03233131 0.0001817799 0.07188279 0.2483815 0.07746376 0.05745521 0.09031591 0.0004911247 0.01168494 9.248452e-05 0.05790806 0.0009886276 0.01006487 0.006687587 0.0003731272 0.001336242 0.02191245 0.1142471 0.03218142 0.3586263 0.1823093 0.0004560443 0.002691618 0.05023823 0.2313995 0.09170318 0.1994604 6.378243e-06 0.0009631146 0.003096637 0.133082 0.001333053 0.2236977 0.02440316 0.1847426 0.05352621 0.01189861 0.008569169 4.46477e-05 0.001135327 0.0005676636 0.0002041038 2.232385e-05 0.0008961431 0 7.334979e-05 0.02425008 0.0003763163 0.02724147 0.002579999 5.102594e-05 0 9.567364e-06 0.0009025213 3.189121e-06 0.008588304 1.275649e-05 3.189121e-06 6.378243e-06 9.248452e-05 0.005380048 0.02969391 0.0007175523 0.1224208 1.275649e-05 0.0001116192 0.001039654 0.11175 0.001974066 0.001518022 0 0.0004400987 0.0003348577 0.002806427 0.001785908 0.006693966 0.0003731272 0.01008719 0.001103436 7.653891e-05 0.0004369096 4.145858e-05 8.291715e-05
0.04267044 1.594561e-05 0.001575426 0.01257471 0.003967267 0.02633576 0.1747575 0.07984603 0.001514833 0.05492305 0.000711174 0.01238336 3.508033e-05 0.067249 0.003399603 3.826946e-05 0.003657922 0.0002136711 0.0006537699 0.01159246 0.02207829 9.886276e-05 0.03902847 0.02645695 3.189121e-06 0.0008993322 0.0004879356 0.09170318 0.1697059 0.1160043 3.189121e-06 0.009229317 0.02865744 0.05176263 0.0001690234 0.02523871 0.01174872 0.03990229 0.01066442 0.008846622 0.005099405 5.102594e-05 0.0003380469 3.189121e-06 1.913473e-05 3.189121e-06 1.275649e-05 0 0 0.0003731272 9.567364e-06 0.0005549071 1.913473e-05 3.189121e-06 0 0 9.567364e-06 0 8.291715e-05 3.189121e-06 0 3.189121e-06 0 5.421506e-05 0.0001626452 1.275649e-05 0.00224833 0 3.508033e-05 3.826946e-05 0.002270654 2.870209e-05 2.870209e-05 0 9.567364e-06 1.594561e-05 5.740418e-05 6.05933e-05 0.0002264276 1.594561e-05 0.0002423732 4.145858e-05 6.378243e-06 9.567364e-06 0 3.189121e-06
0.0417743 1.913473e-05 0.0009631146 0.0001403213 9.567364e-06 0.0008738192 0.1091094 0.01759757 0.01047307 0.002356761 7.334979e-05 2.232385e-05 3.189121e-05 0.02347193 0 0.0001626452 0.004145858 0.0001116192 0.0004592335 4.783682e-05 0.1287002 0.003667489 0.08649535 0.0486628 0 0.0004751791 0.0004177749 0.1994604 0.1160043 0.1727419 0 5.421506e-05 0.00308388 0.06144799 0.0003539925 0.1233297 0.03023925 0.05741694 0.02421181 0.00174126 0.0007175523 2.232385e-05 0.0003061556 0.0001020519 2.870209e-05 1.275649e-05 2.232385e-05 0 6.378243e-06 0.007759132 1.913473e-05 0.01090998 7.016067e-05 1.594561e-05 0 0 0.000105241 3.189121e-06 0.008868946 6.378243e-06 0 9.567364e-06 0 0.006907637 0.0245084 0.0004751791 0.02647608 0 1.913473e-05 0.0005485289 0.05655907 0.0002072929 0.0006601481 0 3.189121e-05 9.248452e-05 0.0003826946 0.0008451171 0.003211445 0.0001626452 0.001856069 0.0002551297 2.232385e-05 6.05933e-05 3.189121e-06 3.826946e-05
0 0.0001339431 3.189121e-06 0 0 0 0 0 0.0001275649 0 0.006671642 0 0.01106625 0 3.189121e-06 3.189121e-06 1.275649e-05 0.00112576 0.0001498887 0 0 0.0002487515 3.189121e-06 2.551297e-05 0.003814189 0.002822372 0.002634214 6.378243e-06 3.189121e-06 0 6.05933e-05 0 0 8.92954e-05 0 0.0002168602 0.005303509 0.002474758 0.0007016067 0 0 0.0009694929 3.189121e-06 0 9.248452e-05 0 0 0 0 0 0 0 0 0.0006027439 0 0.00145105 0 0 0 0 0.000184969 9.567364e-06 0 0 3.189121e-06 3.189121e-06 0 0.000315723 0.0007207414 0.00116084 0 0 0 0.0001435105 0 0 6.378243e-06 0 0 0.002417354 8.92954e-05 2.551297e-05 0 0 0 0
8.92954e-05 0 1.594561e-05 0.0003221012 0.004943138 0.01276286 0.0008833866 0.01318064 6.378243e-06 0.001231001 0.0001913473 0.0006760937 3.189121e-06 0.008632951 0.004046995 0 9.567364e-06 3.189121e-06 3.189121e-06 0.000526205 7.016067e-05 0 0.0001658343 0.0003795054 0 1.594561e-05 3.189121e-06 0.0009631146 0.009229317 5.421506e-05 0 1.275649e-05 9.567364e-06 0.02180721 3.189121e-06 0.001157651 1.275649e-05 0.009548229 0.001371322 0.007558217 0.02780914 9.567364e-06 5.421506e-05 0 0 0 0 0 0 3.189121e-06 0 3.189121e-06 6.378243e-06 0 0 0 0 0 0 0 0 0 0 0 0 0 3.508033e-05 0 0 0 3.508033e-05 6.378243e-06 0 0 0 0 0 0 0 0 6.378243e-06 3.189121e-06 0 0 0 0
0.0009120887 0 6.378243e-05 0.0002423732 0 3.189121e-05 0.004764547 0.0009694929 2.870209e-05 0.0004815573 3.189121e-06 6.378243e-06 0 0.002522595 0 3.189121e-06 0.0001371322 6.378243e-06 1.594561e-05 7.653891e-05 0.0007303088 6.378243e-06 0.001470185 0.0006473916 0 1.275649e-05 1.913473e-05 0.003096637 0.02865744 0.00308388 0 9.567364e-06 0.0008642519 0.001068356 9.567364e-06 0.0004145858 0.0002806427 0.001231001 0.0006346351 6.378243e-06 2.551297e-05 3.189121e-06 6.378243e-06 0 0 0 0 0 0 9.567364e-06 0 9.567364e-06 0 0 0 0 0 0 3.189121e-06 0 0 0 0 0 6.378243e-06 0 4.46477e-05 3.189121e-06 0 6.378243e-06 3.508033e-05 3.189121e-06 0 0 0 0 0 6.378243e-06 9.567364e-06 0 6.378243e-06 3.189121e-06 0 0 0 0
0.01404808 0.0003125339 0.04547049 0.01554059 0.001872014 0.007500813 0.08469987 0.03381744 0.0008323607 0.05459776 0.02161586 0.01008081 0.003957699 0.04166587 0.0007526326 0.006687587 0.008907216 0.005102594 0.01447223 0.01055918 0.1226632 0.000526205 0.2255123 0.02511752 0.0006888502 0.0491029 0.1066091 0.133082 0.05176263 0.06144799 8.92954e-05 0.02180721 0.001068356 0.04722132 0.0003635598 0.04184446 0.01305307 0.1438708 0.03132674 0.00675137 0.0008578736 0.002270654 0.000526205 1.275649e-05 0.00029021 0.0001722125 2.870209e-05 0 0 0.0003571816 3.189121e-06 0.0003890728 2.232385e-05 2.232385e-05 0 1.275649e-05 1.594561e-05 0 0.0001435105 8.610627e-05 2.232385e-05 6.378243e-05 0 4.783682e-05 0.0002232385 3.508033e-05 0.00261189 3.826946e-05 0.0005867983 0.001502076 0.002005957 3.826946e-05 4.145858e-05 0 1.594561e-05 6.378243e-06 0.0001116192 0.0005230159 0.0003508033 0.0001498887 0.0002965883 5.740418e-05 0 1.594561e-05 0 3.189121e-06
3.189121e-06 3.189121e-06 0.0001530778 6.378243e-05 0 0.0001754017 0.0002200494 7.016067e-05 1.594561e-05 0.0001722125 5.740418e-05 5.740418e-05 0.0001211866 0.0001211866 0 0.000105241 9.567364e-06 9.567364e-06 1.913473e-05 3.189121e-05 0.0005740418 1.275649e-05 0.001001384 0.0003539925 6.378243e-06 4.783682e-05 0.0002742644 0.001333053 0.0001690234 0.0003539925 0 3.189121e-06 9.567364e-06 0.0003635598 0.5667228 0.0600384 0.001502076 0.002608701 0.004231964 0.0002519406 4.145858e-05 0.00029021 0.0006027439 0 9.567364e-06 7.653891e-05 0 0 0 1.594561e-05 0 9.567364e-06 0 1.594561e-05 0 0 0 0 0.0001179975 9.567364e-06 0 3.189121e-06 0 6.378243e-05 1.594561e-05 0.000682472 2.232385e-05 3.189121e-06 7.653891e-05 0.0002838318 6.05933e-05 0 1.594561e-05 0 0 0 3.189121e-06 0.4263887 0.0003444251 6.05933e-05 0.0004496661 0.0008514954 0.0001211866 0 0 1.594561e-05
0.000998195 0.000736687 0.1537443 0.004809195 0.0003093448 0.001090679 0.02338583 0.005654312 0.002535351 0.008307661 0.01080474 0.0005230159 0.01097377 0.01478477 1.913473e-05 0.07816855 0.0109929 0.004528552 0.01549275 0.001164029 0.2489588 0.006904448 0.4505335 0.08726074 0.0003890728 0.07832163 0.220802 0.2236977 0.02523871 0.1233297 0.0002168602 0.001157651 0.0004145858 0.04184446 0.0600384 0.03489855 0.2041675 0.1422667 0.02267146 0.07734576 0.01122571 0.01212823 0.01031362 2.551297e-05 0.0005580962 0.0006378243 3.189121e-06 0 0 0.0005453397 3.189121e-06 0.001061977 2.232385e-05 4.145858e-05 0 2.232385e-05 1.275649e-05 0 0.000210482 0.0001275649 3.508033e-05 8.291715e-05 0 7.653891e-05 0.0003189121 6.378243e-05 0.003587761 3.826946e-05 0.0009344125 0.003795054 0.003198689 5.740418e-05 7.653891e-05 3.189121e-06 6.378243e-06 2.232385e-05 0.0001881582 0.07486781 0.0005357724 0.0001371322 0.000551718 0.0001084301 6.378243e-06 1.275649e-05 3.189121e-06 3.189121e-06
0.0001148084 0.002034659 0.09835569 0.0001371322 3.189121e-06 2.870209e-05 0.0009758711 0.0002965883 0.0003221012 0.0002328059 0.07092925 9.567364e-06 0.06705127 0.001986823 3.189121e-06 0.02170516 0.02252157 0.02082177 0.03889133 1.594561e-05 0.03842891 0.001406402 0.1159915 0.011197 0.01862128 0.3062099 0.1985802 0.02440316 0.01174872 0.03023925 0.005303509 1.275649e-05 0.0002806427 0.01305307 0.001502076 0.2041675 0.0391943 0.04581173 0.01002979 0.002050605 0.0001530778 0.0005836092 0.001664721 0 0.001046032 0.0005166376 0 0 0 3.189121e-05 0 2.870209e-05 0 0.0008291715 0 0.00196131 0 0 1.913473e-05 0.0003476142 0.000235995 0.0004432879 0 1.594561e-05 4.145858e-05 3.189121e-05 0.0001179975 0.0004879356 0.004739034 0.0059509 0.000130754 3.189121e-06 0 9.567364e-05 0 0 0.0002965883 0.001291594 0.0005644745 0.00787713 0.0004177749 0.0002232385 0 0 9.567364e-05 0
0.001983633 0.001336242 0.1295899 0.01271503 0.002579999 0.004046995 0.08367935 0.01164348 0.001773151 0.02833215 0.1444321 0.00184969 0.04379301 0.02355485 2.551297e-05 0.01403213 0.0187042 0.02939732 0.0704158 0.004410555 0.1176307 0.001164029 0.2571197 0.04643679 0.007545461 0.3313274 0.2038167 0.1847426 0.03990229 0.05741694 0.002474758 0.009548229 0.001231001 0.1438708 0.002608701 0.1422667 0.04581173 0.0537654 0.008760516 0.003734461 0.0009886276 0.003396414 0.002050605 3.189121e-05 0.0008578736 0.0005134485 3.508033e-05 0 3.189121e-06 0.0006218786 0 0.000711174 5.102594e-05 0.0001722125 0 0.0002391841 1.913473e-05 0 0.0001339431 0.0002997774 8.92954e-05 0.0003029665 0 3.189121e-05 0.0002933992 8.610627e-05 0.003890728 0.0002678862 0.002841507 0.005163187 0.002943559 7.334979e-05 6.05933e-05 1.275649e-05 1.594561e-05 3.189121e-06 0.0002551297 0.02687154 0.0004815573 0.001227812 0.0006473916 0.0002200494 3.189121e-06 2.232385e-05 1.594561e-05 0
0.000315723 0.0001084301 0.02343047 0.001001384 0.0003125339 0.001033275 0.009127265 0.003364523 0.0003539925 0.003431494 0.06078784 0.0005836092 0.007236116 0.007902643 1.594561e-05 0.005048379 0.002516217 0.01167218 0.02638041 0.0006633372 0.03128847 0.0004177749 0.04939311 0.01120976 0.0007398761 0.07538764 0.02413527 0.05352621 0.01066442 0.02421181 0.0007016067 0.001371322 0.0006346351 0.03132674 0.004231964 0.02267146 0.01002979 0.008760516 0.0002615079 0.001575426 0.0003380469 0.0001785908 0.0001817799 3.189121e-06 8.92954e-05 6.05933e-05 3.189121e-06 0 0 7.653891e-05 0 0.0002041038 6.378243e-06 2.551297e-05 0 9.567364e-06 0 0 2.232385e-05 2.870209e-05 9.567364e-06 4.46477e-05 0 1.913473e-05 8.610627e-05 3.189121e-06 0.0007207414 1.275649e-05 0.0002009146 0.0005453397 0.000631446 1.275649e-05 1.594561e-05 0 0 3.189121e-06 4.46477e-05 0.06559704 0.000105241 9.248452e-05 8.610627e-05 9.567364e-06 6.378243e-06 6.378243e-06 0 0
7.972803e-05 7.334979e-05 0.000551718 0.00235995 0.01512281 0.008744571 0.003788676 0.003935376 0.001817799 0.001205488 0.0004560443 0.01054961 0.000105241 0.00388435 0.006636561 0.0005102594 5.102594e-05 2.551297e-05 7.016067e-05 0.003858837 0.001977255 0.0002519406 0.002841507 0.009391962 1.594561e-05 0.0002391841 0.0006633372 0.01189861 0.008846622 0.00174126 0 0.007558217 6.378243e-06 0.00675137 0.0002519406 0.07734576 0.002050605 0.003734461 0.001575426 0.002608701 0.001543535 0.0001594561 0.0002200494 0 3.189121e-06 6.378243e-06 1.913473e-05 0 0 8.92954e-05 0 8.291715e-05 1.913473e-05 0 3.189121e-06 0 3.189121e-06 0 0 0 0 0 0 1.594561e-05 2.232385e-05 0 0.000605933 0 3.189121e-06 6.378243e-06 0.0003763163 6.378243e-06 3.189121e-06 0 6.378243e-06 0 6.378243e-06 0.001543535 5.421506e-05 0 5.102594e-05 9.567364e-06 0 0 0 0
5.102594e-05 0 4.46477e-05 0.0004273423 0.003297551 0.002229196 0.003138095 0.00119592 0.0001754017 0.0005772309 0.0003061556 0.000235995 1.594561e-05 0.002420543 0.0004624226 6.378243e-06 2.232385e-05 1.275649e-05 2.551297e-05 0.0001148084 0.0001371322 1.275649e-05 0.0003476142 0.003689813 3.189121e-06 5.102594e-05 2.551297e-05 0.008569169 0.005099405 0.0007175523 0 0.02780914 2.551297e-05 0.0008578736 4.145858e-05 0.01122571 0.0001530778 0.0009886276 0.0003380469 0.001543535 0 1.594561e-05 7.016067e-05 6.378243e-06 0 0 0 0 0 5.102594e-05 0 5.102594e-05 0 0 0 0 0 0 3.189121e-06 0 0 0 0 6.378243e-06 1.594561e-05 0 0.0002870209 0 0 0 0.0002583188 0 3.189121e-06 0 0 0 6.378243e-06 6.378243e-06 2.870209e-05 0 1.913473e-05 6.378243e-06 0 0 0 0
0 0.001218244 1.913473e-05 3.189121e-06 3.189121e-06 3.189121e-06 1.275649e-05 3.189121e-06 0.0004018293 9.567364e-06 0.00910813 3.189121e-06 0.03022968 3.189121e-06 6.378243e-06 1.594561e-05 6.378243e-06 0.0001339431 7.653891e-05 0 7.972803e-05 0.001179975 0.0001020519 0.0001435105 0.01686726 0.002755401 0.002149468 4.46477e-05 5.102594e-05 2.232385e-05 0.0009694929 9.567364e-06 3.189121e-06 0.002270654 0.00029021 0.01212823 0.0005836092 0.003396414 0.0001785908 0.0001594561 1.594561e-05 4.783682e-05 4.783682e-05 0 1.913473e-05 0 0 0 0 6.378243e-06 0 0 0 0.0001722125 0 0.0003763163 0 0 0 0 3.189121e-05 3.189121e-06 0 0 0 0 3.189121e-06 9.886276e-05 5.421506e-05 0.0001211866 0 0 0 3.189121e-06 0 0 2.551297e-05 0.00112576 9.567364e-06 0.001246946 4.145858e-05 3.189121e-06 0 0 0.0001339431 0
1.275649e-05 6.378243e-06 0.0008546845 0.0001084301 1.594561e-05 2.551297e-05 0.0003476142 0.0001084301 1.913473e-05 0.0002328059 0.000105241 9.567364e-06 3.826946e-05 0.0002710753 0 0.0001945364 6.05933e-05 2.551297e-05 0.0001148084 2.870209e-05 0.000972682 9.567364e-06 0.001776341 0.0004369096 0 0.0006155004 0.0015244 0.001135327 0.0003380469 0.0003061556 3.189121e-06 5.421506e-05 6.378243e-06 0.000526205 0.0006027439 0.01031362 0.001664721 0.002050605 0.0001817799 0.0002200494 7.016067e-05 4.783682e-05 7.016067e-05 0 3.189121e-06 9.567364e-06 0 0 0 0 0 1.275649e-05 0 3.189121e-06 0 0 0 0 0 3.189121e-06 0 0 0 0 0 0 3.508033e-05 0 0 2.551297e-05 2.870209e-05 0 0 0 0 0 3.189121e-06 0.0009439799 3.189121e-06 0 6.378243e-06 3.189121e-06 0 0 0 0
0 0 3.189121e-06 1.913473e-05 0 3.189121e-06 1.913473e-05 1.275649e-05 5.102594e-05 3.189121e-06 0 6.378243e-06 0 6.378243e-06 0 0 0 0 0 1.275649e-05 0 0 1.913473e-05 0.0005804201 3.189121e-06 0 1.594561e-05 0.0005676636 3.189121e-06 0.0001020519 0 0 0 1.275649e-05 0 2.551297e-05 0 3.189121e-05 3.189121e-06 0 6.378243e-06 0 0 0.003855648 2.232385e-05 0.009226128 0.0005485289 4.783682e-05 0.0001658343 0.1028747 0.01263211 0.0002200494 0.01766773 0.0001754017 5.740418e-05 1.275649e-05 0.05263964 6.378243e-06 0.0003061556 0.005313076 0.0003635598 0.00257681 0.0005357724 0.01184121 4.46477e-05 0.01692467 0.00613268 0 0.0005740418 0.001620074 0.02662597 0.05454992 0.08522608 0 0.002554486 0.003249715 0.01666635 6.378243e-06 0.0008036586 6.378243e-05 0.005571395 0.0003348577 1.275649e-05 0.0005198268 9.567364e-06 1.275649e-05
3.189121e-06 0.0005421506 0.007108551 0 0 0 3.189121e-06 1.913473e-05 5.421506e-05 3.189121e-06 0.0003061556 0 0.0005549071 9.567364e-06 0 0.000420964 0.00740195 0.003865215 0.002956315 0 2.551297e-05 0.0002232385 0.003842891 0.0001562669 0.0006442025 0.01377063 0.09054872 0.0002041038 1.913473e-05 2.870209e-05 9.248452e-05 0 0 0.00029021 9.567364e-06 0.0005580962 0.001046032 0.0008578736 8.92954e-05 3.189121e-06 0 1.913473e-05 3.189121e-06 2.232385e-05 0.009997895 0.007363681 6.378243e-06 0 0 0.004719899 9.567364e-06 0.01476244 2.870209e-05 0.0145998 0 0.001090679 2.870209e-05 3.189121e-06 0.01103117 0.02461045 0.008416091 0.03579789 0 0.000921656 0.08733728 0.003109393 0.06457971 0.03870318 0.1040068 0.181292 0.01115874 5.740418e-05 0.0001562669 8.92954e-05 1.594561e-05 3.189121e-06 0.01611144 0.001435105 0.01109176 0.02890301 0.02652711 0.01987141 0.0001371322 9.567364e-06 0.0002296167 4.145858e-05
6.378243e-06 0.0003029665 0.005533125 3.189121e-06 0 0 0 6.378243e-06 9.567364e-06 0 6.378243e-06 0 3.189121e-06 3.189121e-06 0 6.05933e-05 0.004509417 4.145858e-05 0.0001817799 0 1.594561e-05 4.46477e-05 0.003023287 2.551297e-05 0 0.002152657 0.02951532 2.232385e-05 3.189121e-06 1.275649e-05 0 0 0 0.0001722125 7.653891e-05 0.0006378243 0.0005166376 0.0005134485 6.05933e-05 6.378243e-06 0 0 9.567364e-06 0.009226128 0.007363681 0.06042109 2.870209e-05 0 4.145858e-05 0.1360702 0.002222818 2.551297e-05 0.0004018293 0.02349745 0 0.0005772309 0.0121059 0 0.002117577 0.2416525 0.0113437 0.04026585 3.189121e-06 0.02604236 8.610627e-05 0.1561904 0.0004273423 0.0006760937 0.1323709 0.271509 0.01487406 0.001805043 0.05507294 1.594561e-05 0.0001913473 0.0003508033 0.08985668 0.0005325833 0.03085475 0.02199218 0.07939955 0.01063572 1.594561e-05 6.378243e-05 0.0002806427 0.0001243757
