0.009285505 1.313832e-05 0.003639314 2.627663e-05 0 3.613037e-05 0.04070251 0.005918812 0.0005222481 0.0003350271 0.0002726201 0 3.284579e-06 0.06939987 9.853738e-06 9.853738e-05 0.006368799 0.0001116757 0.001487914 6.569158e-06 0.01112487 0.0001346677 0.01759549 0.002492996 4.926869e-05 0.001336824 0.003488223 0.004864462 0.04684467 0.03354541 0 0.0003810112 0.0005813705 0.003297718 3.284579e-05 0.002621094 0.0001313832 0.009078577 0.0008178602 2.299205e-05 0.0001379523 3.284579e-06 3.613037e-05 3.284579e-05 1.313832e-05 6.569158e-06 0 0 0 0.000226636 1.64229e-05 1.970748e-05 2.299205e-05 6.569158e-06 0 0 3.284579e-05 0 0.0003415962 0 3.284579e-06 1.64229e-05 0 0.0001609444 0.0001215294 1.313832e-05 0.0003645883 6.569158e-06 2.956121e-05 0.0001478061 0.0003317425 0.000124814 3.284579e-05 0 0 9.853738e-06 5.255327e-05 0 2.956121e-05 0 0.0001609444 3.284579e-06 1.970748e-05 1.64229e-05 0 0
1.313832e-05 0.001235002 0.05930965 9.853738e-06 6.569158e-06 0 8.868364e-05 2.299205e-05 0.01458353 2.956121e-05 0.001277701 6.569158e-06 0.00842823 0.0001773673 0.0003218888 0.0009623817 0.01210039 0.002190814 0.008188456 0 0.000249628 0.0506515 0.00570203 0.01464594 0.008943909 0.06037714 0.09762755 0.0003875803 7.88299e-05 4.926869e-05 0.0002167822 1.313832e-05 9.853738e-06 0.007068415 1.970748e-05 0.01047781 0.01591707 0.02460478 0.003642598 0.0002102131 3.284579e-06 0.004266668 3.941495e-05 3.284579e-06 0.001382808 0.001093765 0 0 0 5.912243e-05 6.569158e-06 3.284579e-06 3.284579e-06 7.554532e-05 0 4.269953e-05 6.569158e-06 0 0.0002529126 0.0002069285 3.284579e-05 0.0004861177 0 4.926869e-05 1.970748e-05 3.941495e-05 2.627663e-05 7.226074e-05 0.003941495 0.03928357 1.64229e-05 3.284579e-06 2.299205e-05 3.941495e-05 0 0 0.0001051065 0 0.0001839364 0.0001675135 0.0002102131 4.269953e-05 0 0 3.284579e-06 0
0.003639314 0.05930965 0.05253684 0.0004631257 3.284579e-06 0.000663485 0.06209825 0.0233435 0.0005583785 0.003054659 0.005941804 6.569158e-06 3.284579e-05 0.03204435 2.956121e-05 0.0006240701 0.1915008 0.001445215 0.01122012 6.569158e-05 0.01673493 0.01916552 0.2701041 0.002167822 0.000538671 0.08450894 0.1379753 0.02000966 0.00823444 0.01618969 2.299205e-05 0.001024789 0.0002003593 0.03641285 0.0002003593 0.06550108 0.07613655 0.08790519 0.01178835 0.0001346677 0.0001346677 0.0001576598 0.0003415962 5.255327e-05 0.02055818 0.0147182 0 0 1.970748e-05 0.001113472 0.0001083911 7.554532e-05 8.539906e-05 2.627663e-05 3.284579e-06 4.269953e-05 0.0002364897 0 0.002742624 0.0005156789 6.569158e-05 0.0003087504 0 0.0007390303 0.000226636 0.0003481654 0.0009952275 9.853738e-05 0.01400873 0.2352481 0.0007127537 0.0001478061 0.0001543752 4.598411e-05 3.284579e-06 9.853738e-06 0.0003415962 9.853738e-06 0.0007455995 0.0002824738 0.0008342831 0.0001215294 5.255327e-05 6.569158e-06 0 6.569158e-06
2.627663e-05 9.853738e-06 0.0004631257 0.01799621 5.912243e-05 0.009495719 0.004200977 0.005330872 0.05281275 0.0385741 4.926869e-05 0.01814073 6.569158e-06 0.00468381 0.002476573 1.64229e-05 3.284579e-05 0 1.64229e-05 0.05770349 3.284579e-05 0.0002036439 0.0003711575 0.04583959 0 3.613037e-05 0.0001149603 0.02792221 0.005991073 0.0001609444 3.284579e-06 0.002942983 5.255327e-05 0.0009426742 4.269953e-05 0.001343393 1.64229e-05 0.007492125 0.001087196 0.002200668 0.000249628 3.284579e-06 3.941495e-05 0.0001773673 6.569158e-06 9.853738e-06 0.002397743 3.941495e-05 0.0008014373 0.002138261 0.001819657 0.007787737 0.00796182 3.941495e-05 0.002778754 0 0.001037927 0.0003350271 3.613037e-05 0 6.569158e-06 1.313832e-05 0.003793689 1.970748e-05 3.284579e-05 3.941495e-05 0.01618641 9.853738e-06 1.970748e-05 4.269953e-05 0.02191143 0.0006602004 2.627663e-05 0 2.956121e-05 1.313832e-05 0.0005452402 0 0.0003908649 1.313832e-05 0.002023301 2.956121e-05 0.002003593 0.0002069285 3.284579e-06 9.853738e-06
0 6.569158e-06 3.284579e-06 5.912243e-05 2.627663e-05 0.009370905 0.0003251733 0.0003613037 0.001888633 0.0004696948 0.0001773673 0.001586452 0 6.569158e-05 0.00655602 0 6.569158e-06 1.313832e-05 4.269953e-05 0.0006306392 0 3.941495e-05 3.284579e-06 0.0005813705 0 3.284579e-06 5.255327e-05 0.000499256 7.88299e-05 2.627663e-05 0 7.226074e-05 0 0.0009196822 1.313832e-05 0.002489711 1.64229e-05 0.002929845 0.0003054659 0.01428792 0.00167842 0 1.64229e-05 6.569158e-06 0 0 0 0 3.284579e-06 3.613037e-05 6.569158e-06 2.956121e-05 1.313832e-05 0 3.284579e-06 0 9.853738e-06 0 2.956121e-05 0 0 3.284579e-06 3.284579e-06 3.284579e-06 3.284579e-06 0 6.569158e-05 0 0 0 8.868364e-05 3.284579e-06 3.284579e-06 0 0 0 0 0 3.284579e-06 0 1.313832e-05 0 1.313832e-05 0 0 0
3.613037e-05 0 0.000663485 0.009495719 0.009370905 0.2155144 0.07843247 0.07070714 0.006312961 0.2637583 0.0001149603 0.1461079 0 0.01334196 0.01438974 2.299205e-05 3.284579e-05 1.313832e-05 6.569158e-06 0.07297678 5.912243e-05 0.0001543752 0.0004795486 0.004710087 6.569158e-06 4.269953e-05 0.0001346677 0.0556572 0.01378538 0.0002529126 0 0.07319356 3.284579e-05 0.00152076 7.554532e-05 0.001307263 1.64229e-05 0.009255944 0.001254709 0.02267345 0.0003777266 9.853738e-06 5.255327e-05 3.613037e-05 0 6.569158e-06 0.0003678729 9.853738e-06 0.0001478061 0.0005321018 0.0003448808 0.00121201 0.001625867 6.569158e-06 0.0005879397 0 0.0002660509 5.912243e-05 2.956121e-05 3.284579e-06 0 0 0.0005879397 2.956121e-05 9.853738e-06 6.569158e-06 0.003209034 0 0 0 0.004381629 0.0001839364 1.970748e-05 0 6.569158e-06 3.284579e-06 0.0001313832 3.284579e-06 6.569158e-05 9.853738e-06 0.000476264 3.284579e-06 0.0005025406 4.269953e-05 0 3.284579e-06
0.04070251 8.868364e-05 0.06209825 0.004200977 0.0003251733 0.07843247 0.2527714 0.3337198 0.01841335 0.09113394 0.0004696948 0.0009426742 9.196822e-05 0.3072592 0.002069285 0.001402515 0.003747705 7.226074e-05 0.0005977934 0.001244856 0.0165707 0.003544061 0.07783139 0.04588886 4.598411e-05 0.002072569 0.01258979 0.4122968 0.1117184 0.107882 0 0.0184232 0.003156481 0.01534227 0.0006339238 0.04484764 0.001149603 0.07037211 0.01045153 0.00249628 0.002857584 0.0001215294 0.0008342831 0.001120042 3.284579e-05 0.0001149603 0.0003021813 3.284579e-06 0.0003875803 0.00819831 0.001711266 0.003455377 0.001868926 8.211448e-05 0.0002923276 3.284579e-06 0.002043008 4.269953e-05 0.004522866 6.569158e-06 2.956121e-05 1.970748e-05 0.000561663 0.002542264 0.002515988 0.0001576598 0.02792878 6.569158e-06 2.627663e-05 0.0009886583 0.01883706 0.002420735 0.0005879397 6.569158e-06 2.627663e-05 0.0001839364 0.00101822 0 0.0008244294 2.299205e-05 0.005048398 0.0002069285 0.0008736981 0.0005222481 0 5.255327e-05
0.005918812 2.299205e-05 0.0233435 0.005330872 0.0003613037 0.07070714 0.3337198 0.1484958 0.002607956 0.1790293 0.0002791892 0.03061885 1.313832e-05 0.1360374 0.0006799079 0.0001773673 0.007150529 8.539906e-05 0.001060919 0.05535173 0.007649785 0.0004105724 0.03377533 0.009715785 4.269953e-05 0.002220376 0.006605289 0.04408234 0.01678092 0.0163375 0 0.04327433 0.0002857584 0.002180961 2.956121e-05 0.005435979 0.0003087504 0.007984812 0.001123326 0.001806519 0.0003415962 1.313832e-05 8.539906e-05 0.0001346677 1.313832e-05 3.284579e-05 0.0002299205 0 0.0001707981 0.001448499 0.0004926869 0.0008408523 0.001136464 9.853738e-06 0.000249628 0 0.0005353864 9.853738e-06 0.0004467028 0 3.284579e-06 1.313832e-05 0.0004401336 0.0003054659 0.0001970748 4.269953e-05 0.006395076 6.569158e-06 2.627663e-05 0.0003711575 0.004913731 0.0003580191 9.853738e-05 3.284579e-06 1.313832e-05 2.299205e-05 0.0001970748 3.284579e-06 0.0001543752 6.569158e-06 0.0008112911 2.627663e-05 0.0003186042 9.52528e-05 0 0
0.0005222481 0.01458353 0.0005583785 0.05281275 0.001888633 0.006312961 0.01841335 0.002607956 0.01179821 0.02025272 0.0003810112 0.01271461 0.001041212 0.00546554 0.04486078 0.001566744 0.0001510906 0.0006076472 0.000663485 0.02488069 0.001734258 0.06148732 0.001386092 0.2033253 0.003540776 0.001560175 0.03624862 0.1365531 0.01274417 0.02006221 6.240701e-05 0.001221863 0.001366385 0.002082423 0.0001478061 0.009883299 0.0007127537 0.005872828 0.001202156 0.02079139 0.0002167822 0.0002463434 0.0001510906 0.0008375677 1.313832e-05 6.569158e-05 0.002203953 4.598411e-05 0.0008309985 0.005669184 0.001711266 0.002479857 0.005797282 7.226074e-05 0.003885657 1.313832e-05 0.001681705 0.0007324612 0.01570357 1.64229e-05 1.64229e-05 7.88299e-05 0.003484939 0.004664103 0.0004401336 0.002000309 0.04476881 4.269953e-05 0.0001083911 0.0004072878 0.02990281 0.002588248 0.0005419556 2.956121e-05 2.956121e-05 0.000289043 0.000913113 3.284579e-06 0.001123326 7.226074e-05 0.003557199 0.0001576598 0.003182757 0.0002463434 0 3.613037e-05
0.0003350271 2.956121e-05 0.003054659 0.0385741 0.0004696948 0.2637583 0.09113394 0.1790293 0.02025272 0.2757371 0.0002332051 0.04471626 4.926869e-05 0.04743918 0.001218579 0.0001379523 0.0001149603 3.284579e-06 8.868364e-05 0.08468631 0.0002988967 0.000788299 0.002492996 0.01680719 9.853738e-06 0.000124814 0.001051065 0.1409544 0.03668875 0.001297409 3.284579e-06 0.01987499 0.0001576598 0.00608961 0.0002036439 0.00570203 9.853738e-05 0.03911605 0.005649476 0.00269664 0.001524045 1.970748e-05 0.0002332051 0.000124814 3.284579e-06 1.64229e-05 0.002177676 2.299205e-05 0.0008375677 0.002197384 0.001819657 0.005754583 0.007994666 4.269953e-05 0.00253898 0 0.001083911 0.000289043 0.0002003593 3.284579e-06 9.853738e-06 6.569158e-06 0.003616322 0.0001116757 0.0001280986 2.956121e-05 0.01570029 3.284579e-06 6.569158e-06 8.211448e-05 0.02108371 0.0007094691 4.598411e-05 0 3.613037e-05 1.970748e-05 0.0005846551 0 0.0004302799 1.64229e-05 0.002282783 3.284579e-05 0.001970748 0.0001675135 0 1.64229e-05
0.0002726201 0.001277701 0.005941804 4.926869e-05 0.0001773673 0.0001149603 0.0004696948 0.0002791892 0.0003810112 0.0002332051 0.04266997 0.000164229 0.05744729 0.006043626 9.853738e-06 4.926869e-05 0.001977317 0.00799795 0.01123983 0.0005156789 0.0006207855 0.0008638443 0.003507931 0.0003842958 0.04993217 0.01842649 0.01917537 0.0003251733 0.006220993 0.00121201 0.009275652 0.002515988 0.0003974341 0.06196687 1.970748e-05 0.0076465 0.07280927 0.1566876 0.02501864 3.613037e-05 0.0056232 0.01368684 4.269953e-05 3.284579e-06 0.0002134976 9.853738e-06 0 3.284579e-06 9.853738e-06 3.613037e-05 3.284579e-05 2.627663e-05 1.64229e-05 0.03176845 9.853738e-06 0.01331568 3.941495e-05 0 5.912243e-05 6.569158e-06 0.002164538 0.001947755 1.313832e-05 3.284579e-06 7.88299e-05 3.284579e-06 3.941495e-05 0.004506443 0.002259791 0.002341905 5.255327e-05 4.598411e-05 0 0.002542264 3.284579e-06 0 0.0006404929 3.284579e-06 6.569158e-05 0.01016906 0.001632436 0.0001051065 1.313832e-05 3.284579e-06 0.0004072878 0
0 6.569158e-06 6.569158e-06 0.01814073 0.001586452 0.1461079 0.0009426742 0.03061885 0.01271461 0.04471626 0.000164229 0.1542307 1.970748e-05 0.01120698 0.01013621 9.853738e-06 3.284579e-06 0 2.299205e-05 0.100945 3.284579e-06 3.613037e-05 9.853738e-06 0.004463743 0 0 3.284579e-05 0.007984812 0.01398902 1.64229e-05 0 0.04764939 6.569158e-06 0.001080627 6.569158e-06 0.0001445215 1.64229e-05 0.009012885 0.0009886583 0.02362598 0.0002102131 6.569158e-06 1.313832e-05 6.569158e-06 0 0 0.0005912243 1.64229e-05 0.0002069285 0.0002594818 0.0002791892 0.002394458 0.001507622 9.853738e-06 0.001166026 0 0.0001609444 0.0001543752 6.569158e-06 0 0 0 0.001028073 1.313832e-05 0 3.284579e-06 0.002190814 0 6.569158e-06 3.284579e-06 0.003576907 0.0001215294 9.853738e-06 0 6.569158e-06 0 9.52528e-05 0 4.269953e-05 0 0.0003481654 3.284579e-06 0.001077342 3.613037e-05 0 0
3.284579e-06 0.00842823 3.284579e-05 6.569158e-06 0 0 9.196822e-05 1.313832e-05 0.001041212 4.926869e-05 0.05744729 1.970748e-05 0.03959889 3.941495e-05 2.299205e-05 4.269953e-05 7.554532e-05 0.01077999 0.0006569158 1.313832e-05 0.0002036439 0.003080935 0.0004598411 0.0006766233 0.04367833 0.00246015 0.004962999 0.0001280986 3.613037e-05 7.226074e-05 0.002489711 9.853738e-06 9.853738e-06 0.001924763 3.284579e-05 0.004233823 0.03899124 0.02661166 0.004135285 8.211448e-05 0.0001182449 0.01402187 3.284579e-05 0 6.897616e-05 3.284579e-06 0 0 0 6.569158e-06 3.284579e-06 9.853738e-06 0 0.01184091 0 0.004125432 3.284579e-06 3.284579e-06 2.956121e-05 0 0.0005518093 0.0003448808 3.284579e-06 9.853738e-06 2.627663e-05 3.284579e-06 2.627663e-05 0.001665282 0.0006700542 0.000499256 1.313832e-05 3.284579e-06 0 0.0008014373 3.284579e-06 0 0.000187221 3.284579e-06 2.627663e-05 0.006106033 0.0005255327 3.284579e-05 0 0 0.0002824738 3.284579e-06
0.06939987 0.0001773673 0.03204435 0.00468381 6.569158e-05 0.01334196 0.3072592 0.1360374 0.00546554 0.04743918 0.006043626 0.01120698 3.941495e-05 0.1746148 0.0004664103 0.0002956121 0.03728326 0.0009295359 0.009594256 0.03396912 0.03551944 0.0008375677 0.08678515 0.03072724 0.0003350271 0.008474214 0.02332708 0.0758278 0.06740613 0.07359428 3.284579e-05 0.00565933 0.0007291766 0.02898313 0.0001576598 0.05308537 0.001382808 0.05270107 0.006684119 0.003504646 0.01356531 9.853738e-06 0.0002693355 0.0004467028 5.255327e-05 9.52528e-05 0.0001970748 0 0.000124814 0.003353555 0.0006404929 0.001060919 0.0008934056 3.284579e-05 0.0002003593 1.313832e-05 0.0007981528 2.627663e-05 0.002627663 6.569158e-06 3.941495e-05 0.0001083911 0.0003317425 0.001681705 0.001136464 9.853738e-05 0.009269083 3.284579e-05 0.0001707981 0.0009590971 0.006667696 0.001198871 0.0004565565 1.64229e-05 1.313832e-05 7.88299e-05 0.0004171416 3.284579e-06 0.00035145 1.64229e-05 0.001862356 6.569158e-05 0.0003777266 0.000124814 0 2.627663e-05
9.853738e-06 0.0003218888 2.956121e-05 0.002476573 0.00655602 0.01438974 0.002069285 0.0006799079 0.04486078 0.001218579 9.853738e-06 0.01013621 2.299205e-05 0.0004664103 0.003008675 2.956121e-05 1.313832e-05 1.970748e-05 2.299205e-05 0.003291148 6.569158e-06 0.002440442 8.211448e-05 0.02924918 9.196822e-05 4.926869e-05 0.002059431 0.01336824 0.0007587378 0.0002167822 0 0.007288481 3.941495e-05 9.853738e-05 0 0.0003415962 2.299205e-05 0.0004007187 3.613037e-05 0.01764804 2.956121e-05 1.64229e-05 3.284579e-06 6.569158e-06 0 0 0.000187221 3.284579e-06 8.868364e-05 5.912243e-05 8.539906e-05 0.001359816 0.0004434182 3.284579e-06 0.0004598411 0 3.941495e-05 6.240701e-05 1.313832e-05 0 0 3.284579e-06 0.0003448808 2.299205e-05 1.313832e-05 0 0.0006536313 0 3.284579e-06 6.569158e-06 0.001044496 1.970748e-05 6.569158e-06 0 3.284579e-06 0 2.627663e-05 0 3.613037e-05 0 0.000101822 0 0.0004237107 6.569158e-06 0 0
9.853738e-05 0.0009623817 0.0006240701 1.64229e-05 0 2.299205e-05 0.001402515 0.0001773673 0.001566744 0.0001379523 4.926869e-05 9.853738e-06 4.269953e-05 0.0002956121 2.956121e-05 0.02315628 0.0005255327 3.613037e-05 0.0002726201 0 0.02536681 0.1206492 0.02511061 0.06135594 0.0002036439 0.0002561972 0.03636358 0.02028885 0.0006536313 0.01143362 6.569158e-06 1.313832e-05 2.956121e-05 0.008037365 0.0003974341 0.05986146 0.02385918 0.01400216 0.002880576 2.956121e-05 1.64229e-05 4.269953e-05 0.0002791892 7.554532e-05 0.0005288173 0.004946576 0 0 1.313832e-05 0.001136464 0.0001839364 5.255327e-05 6.897616e-05 6.569158e-06 3.284579e-06 3.284579e-06 0.0003383117 0 0.02259791 3.284579e-06 1.313832e-05 4.598411e-05 3.284579e-06 0.001629151 0.0128427 0.01069459 0.0006897616 9.853738e-06 5.583785e-05 0.05358791 0.0004959715 0.0004269953 0.0004894023 0 0 0.0001083911 0.0002627663 9.853738e-06 0.001346677 0.0004040032 0.0008408523 0.0001083911 2.956121e-05 2.627663e-05 0 0
0.006368799 0.01210039 0.1915008 3.284579e-05 6.569158e-06 3.284579e-05 0.003747705 0.007150529 0.0001510906 0.0001149603 0.001977317 3.284579e-06 7.554532e-05 0.03728326 1.313832e-05 0.0005255327 0.00772533 0.002535695 0.03157138 9.853738e-06 0.009081862 0.0006273546 0.08262359 0.000765307 0.002217091 0.07818612 0.3711837 0.00269664 0.03537492 0.02552118 0.000101822 0.0007094691 0.003928357 0.03306257 5.583785e-05 0.03453407 0.07462892 0.08331992 0.01807504 9.853738e-05 4.269953e-05 8.868364e-05 0.0001379523 3.284579e-06 0.003271441 0.0005550939 0 0 0 0.0001478061 3.284579e-06 6.569158e-06 6.569158e-06 0.0001839364 0 0.0002397743 3.613037e-05 0 0.0003251733 0.000952528 0.0004007187 0.002591533 0 0.0001280986 5.912243e-05 9.52528e-05 5.583785e-05 0.0004631257 0.007475702 0.0247066 4.926869e-05 2.627663e-05 4.926869e-05 0.000249628 0 6.569158e-06 0.0003054659 6.569158e-06 0.000499256 0.0002167822 0.0004401336 0.0001707981 1.313832e-05 0 0 6.569158e-06
0.0001116757 0.002190814 0.001445215 0 1.313832e-05 1.313832e-05 7.226074e-05 8.539906e-05 0.0006076472 3.284579e-06 0.00799795 0 0.01077999 0.0009295359 1.970748e-05 3.613037e-05 0.002535695 0.00183608 0.009305213 3.284579e-05 0.000249628 0.001576598 0.001001797 0.000476264 0.05412001 0.04610564 0.04389183 6.240701e-05 0.0009032593 0.0005649476 0.01669552 0.0001412369 0.0001116757 0.004667387 0 0.002949552 0.03164035 0.03515485 0.01256352 2.299205e-05 0.0002923276 0.0007488841 1.313832e-05 0 9.196822e-05 6.569158e-06 0 3.284579e-06 3.284579e-06 6.569158e-06 6.569158e-06 6.569158e-06 6.569158e-06 0.01643275 3.284579e-06 0.009338059 1.64229e-05 0 3.284579e-06 1.64229e-05 0.003205749 0.002095562 6.569158e-06 6.569158e-06 2.299205e-05 0 3.284579e-06 0.001918194 0.003521069 0.002443727 1.313832e-05 1.970748e-05 3.284579e-06 0.004286376 6.569158e-06 0 0.0004959715 0 7.554532e-05 0.0006503467 0.0006404929 0.0001346677 0 0 2.299205e-05 0
0.001487914 0.008188456 0.01122012 1.64229e-05 4.269953e-05 6.569158e-06 0.0005977934 0.001060919 0.000663485 8.868364e-05 0.01123983 2.299205e-05 0.0006569158 0.009594256 2.299205e-05 0.0002726201 0.03157138 0.009305213 0.01438646 9.196822e-05 0.005830128 0.001997024 0.01419595 0.00101822 0.03522054 0.1250833 0.09848482 0.001024789 0.02218076 0.01491527 0.001744112 0.0009558126 0.00401704 0.04408891 2.299205e-05 0.01263906 0.0395332 0.09192223 0.02244681 2.956121e-05 0.0006175009 6.569158e-05 6.240701e-05 6.569158e-06 0.001307263 9.52528e-05 0 0 3.284579e-06 4.926869e-05 3.284579e-05 9.853738e-06 2.299205e-05 0.004913731 6.569158e-06 0.008375677 2.956121e-05 0 0.0001576598 0.0014058 0.007459279 0.02416465 6.569158e-06 0.0001051065 9.52528e-05 9.196822e-05 4.269953e-05 0.006194716 0.02189172 0.03956604 5.255327e-05 2.299205e-05 9.196822e-05 0.006132309 3.284579e-06 0 0.0009459588 6.569158e-06 0.001080627 0.0007160383 0.002272929 0.0006733387 1.313832e-05 3.284579e-06 2.299205e-05 3.284579e-06
6.569158e-06 0 6.569158e-05 0.05770349 0.0006306392 0.07297678 0.001244856 0.05535173 0.02488069 0.08468631 0.0005156789 0.100945 1.313832e-05 0.03396912 0.003291148 0 9.853738e-06 3.284579e-05 9.196822e-05 0.03641285 1.313832e-05 9.853738e-06 6.897616e-05 0.01201499 3.284579e-06 2.299205e-05 3.613037e-05 0.03543076 0.034314 2.627663e-05 6.569158e-06 0.0328228 6.569158e-06 0.005652761 4.926869e-05 0.001080627 5.255327e-05 0.04136271 0.005688891 0.009012885 0.001175879 1.970748e-05 8.868364e-05 7.226074e-05 0 3.284579e-06 0.001832795 2.627663e-05 0.0005649476 0.001198871 0.001175879 0.005238904 0.006191432 3.941495e-05 0.002404312 0 0.0006864771 0.000289043 2.299205e-05 0 6.569158e-06 0 0.003061228 2.299205e-05 6.569158e-06 1.64229e-05 0.01053693 0 6.569158e-06 2.299205e-05 0.01562474 0.0004795486 9.853738e-06 3.284579e-06 3.941495e-05 0 0.000476264 0 0.0002791892 3.284579e-06 0.001471491 1.313832e-05 0.001740827 0.0001182449 0 6.569158e-06
0.01112487 0.000249628 0.01673493 3.284579e-05 0 5.912243e-05 0.0165707 0.007649785 0.001734258 0.0002988967 0.0006207855 3.284579e-06 0.0002036439 0.03551944 6.569158e-06 0.02536681 0.009081862 0.000249628 0.005830128 1.313832e-05 0.1930511 0.0503099 0.2611011 0.01069131 0.0001675135 0.0006733387 0.02054176 0.04322506 0.02700909 0.2981577 3.284579e-06 0.0007226074 0.001931333 0.1623699 0.001928048 0.3915974 0.0622165 0.2253878 0.03948721 6.240701e-05 0.0001806519 0.0002364897 0.001330255 0.000164229 8.211448e-05 0.0008736981 3.284579e-06 0 2.627663e-05 0.002069285 0.0003415962 4.269953e-05 9.853738e-05 1.64229e-05 3.284579e-06 6.569158e-06 0.0005123944 3.284579e-06 0.0250482 6.569158e-06 1.313832e-05 7.554532e-05 3.284579e-06 0.003146627 0.009883299 0.01394961 0.001185733 3.284579e-05 0.0001313832 0.007896128 0.001014935 0.000827714 0.0009623817 1.64229e-05 3.284579e-06 0.0002529126 0.0003613037 1.64229e-05 0.001225148 0.0001379523 0.001143034 5.912243e-05 4.269953e-05 4.269953e-05 0 1.313832e-05
0.0001346677 0.0506515 0.01916552 0.0002036439 3.941495e-05 0.0001543752 0.003544061 0.0004105724 0.06148732 0.000788299 0.0008638443 3.613037e-05 0.003080935 0.0008375677 0.002440442 0.1206492 0.0006273546 0.001576598 0.001997024 9.853738e-06 0.0503099 0.01394304 0.05434336 0.1883476 0.01211353 0.003724713 0.1463904 0.02512375 0.002374751 0.01494484 0.0001412369 3.941495e-05 0.0004828331 0.007429718 0.0002857584 0.03655408 0.011161 0.01273103 0.001744112 0.001931333 2.299205e-05 0.0009196822 0.0001806519 8.211448e-05 0.0004302799 0.00304809 1.313832e-05 0 1.970748e-05 0.0009492434 0.0001215294 0.000101822 0.0001478061 6.240701e-05 9.853738e-06 3.284579e-05 0.0001806519 0 0.01893888 2.299205e-05 3.284579e-05 0.0001478061 1.64229e-05 0.001593021 0.0008178602 0.006434491 0.001080627 8.211448e-05 0.0001773673 0.06069245 0.0007193229 0.0004007187 0.0003186042 2.627663e-05 0 7.226074e-05 0.0002003593 9.853738e-06 0.001287555 0.0003842958 0.0007554532 7.554532e-05 3.941495e-05 1.313832e-05 0 3.284579e-06
0.01759549 0.00570203 0.2701041 0.0003711575 3.284579e-06 0.0004795486 0.07783139 0.03377533 0.001386092 0.002492996 0.003507931 9.853738e-06 0.0004598411 0.08678515 8.211448e-05 0.02511061 0.08262359 0.001001797 0.01419595 6.897616e-05 0.2611011 0.05434336 0.2674797 0.03606796 0.0004926869 0.02718318 0.4961751 0.119828 0.02990938 0.1397326 9.853738e-06 0.001928048 0.001228433 0.1222422 0.002988967 0.5616729 0.1531665 0.2577015 0.04884826 0.0003481654 0.0002857584 0.0004828331 0.002952837 0.0001215294 0.003133489 0.01280001 6.569158e-06 0 2.627663e-05 0.001606159 0.000187221 0.000124814 6.569158e-05 6.569158e-06 6.569158e-06 3.941495e-05 0.0003251733 0 0.02057132 4.269953e-05 5.255327e-05 0.0001740827 3.284579e-05 0.001021504 0.01033 0.007856714 0.001616013 5.583785e-05 0.0006766233 0.1166485 0.001320401 0.0003645883 0.0003481654 4.926869e-05 6.569158e-06 5.912243e-05 0.0002364897 4.269953e-05 0.001875495 0.0005156789 0.001037927 0.0001905056 9.853738e-05 2.956121e-05 0 2.627663e-05
0.002492996 0.01464594 0.002167822 0.04583959 0.0005813705 0.004710087 0.04588886 0.009715785 0.2033253 0.01680719 0.0003842958 0.004463743 0.0006766233 0.03072724 0.02924918 0.06135594 0.000765307 0.000476264 0.00101822 0.01201499 0.01069131 0.1883476 0.03606796 0.1174467 0.003458662 0.001734258 0.1193912 0.1420613 0.07302605 0.1426723 4.926869e-05 0.005097667 0.009567979 0.02239098 0.0008539906 0.1099086 0.01018876 0.04730123 0.008484068 0.01872867 0.001428792 0.0003186042 0.0009393897 0.003067797 9.853738e-05 0.0002956121 0.001300693 1.64229e-05 0.001313832 0.02267673 0.00530788 0.01365728 0.007025715 0.0001740827 0.001313832 2.299205e-05 0.005935235 0.0001510906 0.0319064 3.284579e-05 5.912243e-05 0.0002299205 0.002197384 0.01597948 0.01767104 0.00300539 0.07345305 4.269953e-05 0.0002299205 0.00269007 0.05318719 0.008940625 0.00327801 1.970748e-05 7.88299e-05 0.0009361051 0.003438954 2.956121e-05 0.004026894 0.0001412369 0.01502695 0.0004532719 0.003018528 0.001129895 6.569158e-06 8.211448e-05
4.926869e-05 0.008943909 0.000538671 0 0 6.569158e-06 4.598411e-05 4.269953e-05 0.003540776 9.853738e-06 0.04993217 0 0.04367833 0.0003350271 9.196822e-05 0.0002036439 0.002217091 0.05412001 0.03522054 3.284579e-06 0.0001675135 0.01211353 0.0004926869 0.003458662 0.003304287 0.04938365 0.07136734 0.0001051065 0.0003415962 0.0004302799 0.009873445 1.970748e-05 3.284579e-05 0.00128427 0 0.001432077 0.009958844 0.01258651 0.003422532 8.539906e-05 6.569158e-05 0.01253724 1.64229e-05 0 0.0001379523 6.569158e-06 0 0 0 9.853738e-06 1.313832e-05 6.569158e-06 3.284579e-06 0.006342522 3.284579e-06 0.004365206 1.64229e-05 0 1.970748e-05 3.284579e-05 0.001448499 0.001622582 3.284579e-06 3.284579e-06 3.613037e-05 3.284579e-06 3.284579e-06 0.0007620224 0.002217091 0.002778754 6.569158e-06 1.970748e-05 3.284579e-06 0.001790096 9.853738e-06 0 0.000187221 0 5.583785e-05 0.0006339238 0.0004729794 9.196822e-05 0 0 9.196822e-05 0
0.001336824 0.06037714 0.08450894 3.613037e-05 3.284579e-06 4.269953e-05 0.002072569 0.002220376 0.001560175 0.000124814 0.01842649 0 0.00246015 0.008474214 4.926869e-05 0.0002561972 0.07818612 0.04610564 0.1250833 2.299205e-05 0.0006733387 0.003724713 0.02718318 0.001734258 0.04938365 0.4113213 0.2821289 0.0005780859 0.002956121 0.001681705 0.009400466 0.0003087504 0.0001609444 0.01210367 5.912243e-05 0.04088644 0.1563525 0.1375845 0.04557025 0.0001149603 0.0002824738 0.0003251733 0.0001576598 9.853738e-06 0.01024132 0.001461638 0 0 6.569158e-06 0.0002200668 6.569158e-05 6.569158e-06 3.613037e-05 0.007909267 6.569158e-06 0.01175879 4.269953e-05 0 0.0005222481 0.002082423 0.009778192 0.02736383 9.853738e-06 0.0001445215 0.0001510906 0.0001510906 7.88299e-05 0.00831327 0.03696465 0.09721369 5.912243e-05 6.897616e-05 0.0001478061 0.007478987 9.853738e-06 0 0.001464922 1.64229e-05 0.00156346 0.001103619 0.00319918 0.0009393897 4.926869e-05 3.284579e-06 2.299205e-05 1.313832e-05
0.003488223 0.09762755 0.1379753 0.0001149603 5.255327e-05 0.0001346677 0.01258979 0.006605289 0.03624862 0.001051065 0.01917537 3.284579e-05 0.004962999 0.02332708 0.002059431 0.03636358 0.3711837 0.04389183 0.09848482 3.613037e-05 0.02054176 0.1463904 0.4961751 0.1193912 0.07136734 0.2821289 0.1950974 0.02513688 0.008950478 0.007922405 0.006766233 0.0007423149 0.0004434182 0.1304963 0.001031358 0.2989788 0.2397414 0.3216359 0.05477693 0.001786811 0.000187221 0.0006602004 0.001622582 8.211448e-05 0.04048901 0.02944297 9.853738e-06 3.284579e-06 4.926869e-05 0.002430589 0.0002956121 0.0001215294 0.000187221 0.01669223 1.313832e-05 0.0150171 0.0005123944 0 0.005626484 0.004595126 0.01189675 0.03992078 3.941495e-05 0.001254709 0.003330563 0.001336824 0.0009065439 0.01514191 0.06963308 0.4380249 0.0008769827 0.0001905056 0.0006273546 0.01251096 1.64229e-05 9.853738e-06 0.002900283 5.583785e-05 0.005573931 0.003274725 0.006795794 0.001983886 9.853738e-05 1.970748e-05 4.926869e-05 3.613037e-05
0.004864462 0.0003875803 0.02000966 0.02792221 0.000499256 0.0556572 0.4122968 0.04408234 0.1365531 0.1409544 0.0003251733 0.007984812 0.0001280986 0.0758278 0.01336824 0.02028885 0.00269664 6.240701e-05 0.001024789 0.03543076 0.04322506 0.02512375 0.119828 0.1420613 0.0001051065 0.0005780859 0.02513688 0.2693585 0.1155712 0.7299386 6.569158e-06 0.008175318 0.01239929 0.0801503 0.001711266 0.1991079 0.01169639 0.111472 0.01849875 0.009827461 0.002414166 0.0002561972 0.001803234 0.003186042 4.269953e-05 0.0002102131 0.003810112 3.613037e-05 0.002440442 0.02636532 0.007639931 0.02009506 0.01630794 0.0002134976 0.003570338 2.956121e-05 0.007712192 0.0003678729 0.03503989 6.569158e-06 4.598411e-05 0.0001445215 0.006096179 0.01727032 0.01516162 0.004315937 0.09704289 1.313832e-05 0.0001182449 0.001540468 0.07939156 0.01058948 0.003892226 1.970748e-05 0.000164229 0.001116757 0.004154993 1.64229e-05 0.004614834 0.0001346677 0.01804219 0.0005550939 0.004611549 0.001294124 3.284579e-06 0.0001379523
0.04684467 7.88299e-05 0.00823444 0.005991073 7.88299e-05 0.01378538 0.1117184 0.01678092 0.01274417 0.03668875 0.006220993 0.01398902 3.613037e-05 0.06740613 0.0007587378 0.0006536313 0.03537492 0.0009032593 0.02218076 0.034314 0.02700909 0.002374751 0.02990938 0.07302605 0.0003415962 0.002956121 0.008950478 0.1155712 0.1360571 0.1186029 2.627663e-05 0.001514191 0.02660838 0.0381044 0.0001773673 0.08287979 0.001671851 0.07027029 0.01040226 0.003507931 0.0008342831 8.211448e-05 0.0002956121 0.0008966901 1.970748e-05 7.88299e-05 0.0002529126 3.284579e-06 0.0002463434 0.00738045 0.001182449 0.001596306 0.00124814 5.255327e-05 0.0002857584 1.970748e-05 0.001826226 1.64229e-05 0.009305213 6.569158e-06 4.926869e-05 0.0001543752 0.0003777266 0.006171724 0.003570338 0.0005156789 0.01722762 6.569158e-05 0.0001576598 0.0006306392 0.01380837 0.003153196 0.001468207 2.627663e-05 1.313832e-05 0.0003153196 0.0009492434 6.569158e-06 0.001297409 2.299205e-05 0.004555711 0.0001905056 0.0007127537 0.0002791892 3.284579e-06 3.941495e-05
0.03354541 4.926869e-05 0.01618969 0.0001609444 2.627663e-05 0.0002529126 0.107882 0.0163375 0.02006221 0.001297409 0.00121201 1.64229e-05 7.226074e-05 0.07359428 0.0002167822 0.01143362 0.02552118 0.0005649476 0.01491527 2.627663e-05 0.2981577 0.01494484 0.1397326 0.1426723 0.0004302799 0.001681705 0.007922405 0.7299386 0.1186029 0.1971503 0 0.002246652 0.01509593 0.05501999 0.0009361051 0.1469258 0.00858589 0.06692987 0.0126949 0.0003941495 0.0007784453 0.0001707981 0.0009820892 0.001435361 3.613037e-05 0.0001445215 3.941495e-05 6.569158e-06 0.0002102131 0.01100662 0.001487914 0.0005419556 0.0005321018 5.583785e-05 6.240701e-05 1.970748e-05 0.002699924 9.853738e-06 0.02694997 1.970748e-05 8.211448e-05 0.0002134976 3.613037e-05 0.01487257 0.01000483 0.004105724 0.01615028 4.926869e-05 0.0002430589 0.001356531 0.01474448 0.005987788 0.003475085 3.941495e-05 1.64229e-05 0.000913113 0.00187221 2.299205e-05 0.003169619 8.868364e-05 0.008165464 0.0002726201 0.0006404929 0.0004467028 3.284579e-06 5.912243e-05
0 0.0002167822 2.299205e-05 3.284579e-06 0 0 0 0 6.240701e-05 3.284579e-06 0.009275652 0 0.002489711 3.284579e-05 0 6.569158e-06 0.000101822 0.01669552 0.001744112 6.569158e-06 3.284579e-06 0.0001412369 9.853738e-06 4.926869e-05 0.009873445 0.009400466 0.006766233 6.569158e-06 2.627663e-05 0 2.299205e-05 2.956121e-05 0 0.0009098284 3.284579e-06 0.001041212 0.01820314 0.01227776 0.003760843 0 4.598411e-05 0.0005682322 6.569158e-06 0 2.956121e-05 0 0 0 0 3.284579e-06 6.569158e-06 3.284579e-06 0 0.003961203 0 0.001960894 0 0 0 0 0.0003941495 0.0003251733 0 0 6.569158e-06 0 0 0.0005583785 0.000436849 0.0004401336 3.284579e-06 3.284579e-06 0 0.0005288173 0 0 8.211448e-05 0 1.313832e-05 0.0002923276 0.000101822 1.970748e-05 0 0 1.64229e-05 0
0.0003810112 1.313832e-05 0.001024789 0.002942983 7.226074e-05 0.07319356 0.0184232 0.04327433 0.001221863 0.01987499 0.002515988 0.04764939 9.853738e-06 0.00565933 0.007288481 1.313832e-05 0.0007094691 0.0001412369 0.0009558126 0.0328228 0.0007226074 3.941495e-05 0.001928048 0.005097667 1.970748e-05 0.0003087504 0.0007423149 0.008175318 0.001514191 0.002246652 2.956121e-05 0.0001707981 2.956121e-05 0.007413295 7.554532e-05 0.03393299 0.0005222481 0.01853488 0.00214483 0.04152037 0.002923276 0 0.0001478061 0.0001313832 0 6.569158e-06 0.0001839364 0 5.912243e-05 0.001185733 0.0002036439 0.000374442 0.0006043626 0 0.0001543752 0 0.0003448808 9.853738e-06 0.0004828331 0 0 9.853738e-06 0.0002463434 0.0003350271 0.0001280986 1.970748e-05 0.003829819 0 3.284579e-06 4.598411e-05 0.003209034 0.0003153196 7.554532e-05 0 6.569158e-06 2.956121e-05 0.0001215294 0 8.211448e-05 0 0.000499256 1.970748e-05 0.0002233514 4.269953e-05 0 3.284579e-06
0.0005813705 9.853738e-06 0.0002003593 5.255327e-05 0 3.284579e-05 0.003156481 0.0002857584 0.001366385 0.0001576598 0.0003974341 6.569158e-06 9.853738e-06 0.0007291766 3.941495e-05 2.956121e-05 0.003928357 0.0001116757 0.00401704 6.569158e-06 0.001931333 0.0004828331 0.001228433 0.009567979 3.284579e-05 0.0001609444 0.0004434182 0.01239929 0.02660838 0.01509593 0 2.956121e-05 0.000765307 0.006243985 3.284579e-06 0.001228433 0.0001412369 0.005435979 0.0004959715 1.313832e-05 3.284579e-05 2.627663e-05 1.64229e-05 0.0001149603 3.284579e-06 6.569158e-06 6.569158e-06 0 9.853738e-06 0.0008080065 0.0001116757 7.554532e-05 2.627663e-05 3.284579e-06 0 0 0.0001609444 0 0.001356531 0 6.569158e-06 6.569158e-06 6.569158e-06 0.001041212 0.0005813705 0.0001478061 0.001185733 6.569158e-06 6.569158e-06 4.269953e-05 0.001087196 0.0003613037 0.0002791892 0 3.284579e-06 5.583785e-05 0.0001478061 0 0.0002036439 3.284579e-06 0.0004696948 1.64229e-05 6.569158e-05 3.284579e-05 0 3.284579e-06
0.003297718 0.007068415 0.03641285 0.0009426742 0.0009196822 0.00152076 0.01534227 0.002180961 0.002082423 0.00608961 0.06196687 0.001080627 0.001924763 0.02898313 9.853738e-05 0.008037365 0.03306257 0.004667387 0.04408891 0.005652761 0.1623699 0.007429718 0.1222422 0.02239098 0.00128427 0.01210367 0.1304963 0.0801503 0.0381044 0.05501999 0.0009098284 0.007413295 0.006243985 0.04534362 5.583785e-05 0.01427807 0.01494484 0.04496261 0.003251733 0.0001149603 0.001593021 0.001021504 5.583785e-05 0.0002200668 0.0006602004 0.0006831925 4.926869e-05 0 5.583785e-05 0.001586452 0.000249628 0.000249628 0.0002134976 0.0001412369 5.255327e-05 3.613037e-05 0.0003613037 3.284579e-06 0.004273238 4.269953e-05 4.598411e-05 0.0002036439 5.912243e-05 0.00171455 0.001376239 0.001379523 0.0028116 8.868364e-05 0.0008178602 0.008776396 0.002424019 0.0006963308 0.000499256 4.926869e-05 3.284579e-06 9.196822e-05 0.0003383117 3.284579e-06 0.000601078 7.226074e-05 0.0009623817 7.554532e-05 0.0001116757 4.269953e-05 0 0
3.284579e-05 1.970748e-05 0.0002003593 4.269953e-05 1.313832e-05 7.554532e-05 0.0006339238 2.956121e-05 0.0001478061 0.0002036439 1.970748e-05 6.569158e-06 3.284579e-05 0.0001576598 0 0.0003974341 5.583785e-05 0 2.299205e-05 4.926869e-05 0.001928048 0.0002857584 0.002988967 0.0008539906 0 5.912243e-05 0.001031358 0.001711266 0.0001773673 0.0009361051 3.284579e-06 7.554532e-05 3.284579e-06 5.583785e-05 0.389561 0.1803168 0.005649476 0.002716347 0.002177676 9.52528e-05 0.0004204261 0.0002167822 0.001661997 1.970748e-05 0 4.926869e-05 0 0 0 8.211448e-05 9.853738e-06 3.284579e-06 6.569158e-06 2.627663e-05 3.284579e-06 1.313832e-05 1.970748e-05 3.284579e-06 0.0001149603 0 1.64229e-05 9.853738e-06 0 6.569158e-05 3.613037e-05 2.956121e-05 0.0001609444 3.284579e-06 5.255327e-05 0.0002102131 0.0001051065 2.956121e-05 3.284579e-06 9.853738e-06 0 0 9.853738e-06 0.1562934 0.004450605 0.0006799079 0.0004926869 0.0009788046 1.313832e-05 1.313832e-05 5.583785e-05 7.88299e-05
0.002621094 0.01047781 0.06550108 0.001343393 0.002489711 0.001307263 0.04484764 0.005435979 0.009883299 0.00570203 0.0076465 0.0001445215 0.004233823 0.05308537 0.0003415962 0.05986146 0.03453407 0.002949552 0.01263906 0.001080627 0.3915974 0.03655408 0.5616729 0.1099086 0.001432077 0.04088644 0.2989788 0.1991079 0.08287979 0.1469258 0.001041212 0.03393299 0.001228433 0.01427807 0.1803168 0.05151206 0.6543802 0.181542 0.02848387 0.04915044 0.02605328 0.01208397 0.004555711 0.0009853738 0.001481345 0.002683501 5.255327e-05 6.569158e-06 0.0001313832 0.008043935 0.0009098284 0.0007324612 0.0005419556 0.0001051065 0.0001149603 6.240701e-05 0.002003593 1.313832e-05 0.02144502 9.853738e-05 0.000101822 0.0004269953 8.539906e-05 0.009117992 0.007741753 0.005784144 0.01474119 0.0001445215 0.001313832 0.02709778 0.01199857 0.004227253 0.002332051 5.912243e-05 1.64229e-05 0.0005452402 0.001218579 0.003143342 0.003274725 0.00035145 0.005169928 0.0004335645 0.0004269953 0.0002759047 9.853738e-06 0.0001116757
0.0001313832 0.01591707 0.07613655 1.64229e-05 1.64229e-05 1.64229e-05 0.001149603 0.0003087504 0.0007127537 9.853738e-05 0.07280927 1.64229e-05 0.03899124 0.001382808 2.299205e-05 0.02385918 0.07462892 0.03164035 0.0395332 5.255327e-05 0.0622165 0.011161 0.1531665 0.01018876 0.009958844 0.1563525 0.2397414 0.01169639 0.001671851 0.00858589 0.01820314 0.0005222481 0.0001412369 0.01494484 0.005649476 0.6543802 0.06060049 0.09371233 0.05667213 0.004092586 0.0008244294 0.003800258 0.003136773 2.299205e-05 0.001445215 0.0009032593 6.569158e-06 0 3.284579e-06 0.0003350271 2.299205e-05 9.853738e-06 9.853738e-06 0.004214115 0 0.001386092 0.0001116757 3.284579e-06 0.003071082 0.0001675135 0.0003186042 0.001014935 0 0.0004040032 0.001225148 0.00132697 0.0002134976 0.000413857 0.001928048 0.01419595 0.0001576598 0.0001510906 0.000124814 0.0002430589 0 3.941495e-05 0.0001675135 0.0002134976 0.0004302799 0.008375677 0.0008309985 6.240701e-05 3.284579e-06 6.569158e-06 0.0007685915 3.284579e-06
0.009078577 0.02460478 0.08790519 0.007492125 0.002929845 0.009255944 0.07037211 0.007984812 0.005872828 0.03911605 0.1566876 0.009012885 0.02661166 0.05270107 0.0004007187 0.01400216 0.08331992 0.03515485 0.09192223 0.04136271 0.2253878 0.01273103 0.2577015 0.04730123 0.01258651 0.1375845 0.3216359 0.111472 0.07027029 0.06692987 0.01227776 0.01853488 0.005435979 0.04496261 0.002716347 0.181542 0.09371233 0.04920957 0.006759664 0.001225148 0.003875803 0.01799949 0.001799949 0.0006273546 0.002059431 0.00148463 0.0004302799 3.284579e-06 0.0002561972 0.006299823 0.00109048 0.001524045 0.001924763 0.0007423149 0.0004434182 0.0008309985 0.001501053 4.269953e-05 0.006086325 0.0003251733 0.0005189635 0.001770388 0.0005649476 0.003195896 0.002335336 0.001146318 0.01758235 0.0005123944 0.003297718 0.02185231 0.01360144 0.002249937 0.0007850144 0.0004040032 2.627663e-05 0.0002069285 0.0008375677 4.269953e-05 0.001064204 0.0002167822 0.003343702 0.0002660509 0.000765307 0.0002693355 1.64229e-05 1.970748e-05
0.0008178602 0.003642598 0.01178835 0.001087196 0.0003054659 0.001254709 0.01045153 0.001123326 0.001202156 0.005649476 0.02501864 0.0009886583 0.004135285 0.006684119 3.613037e-05 0.002880576 0.01807504 0.01256352 0.02244681 0.005688891 0.03948721 0.001744112 0.04884826 0.008484068 0.003422532 0.04557025 0.05477693 0.01849875 0.01040226 0.0126949 0.003760843 0.00214483 0.0004959715 0.003251733 0.002177676 0.02848387 0.05667213 0.006759664 0.0002397743 9.196822e-05 3.613037e-05 0.004171416 0.0002332051 0.0001116757 0.0002824738 0.0001543752 4.926869e-05 0 4.598411e-05 0.001110188 0.0001707981 0.0001905056 0.0003678729 0.0002594818 7.554532e-05 0.0002463434 0.0002923276 3.284579e-06 0.001129895 8.868364e-05 0.000164229 0.000436849 8.211448e-05 0.0005583785 0.0004237107 0.0002134976 0.002972544 0.0001707981 0.0007061845 0.003090789 0.00230249 0.0004401336 0.0001543752 0.0001379523 9.853738e-06 3.284579e-05 0.0001707981 9.853738e-05 0.0002561972 2.956121e-05 0.0006404929 4.598411e-05 0.000101822 4.598411e-05 0 3.284579e-06
2.299205e-05 0.0002102131 0.0001346677 0.002200668 0.01428792 0.02267345 0.00249628 0.001806519 0.02079139 0.00269664 3.613037e-05 0.02362598 8.211448e-05 0.003504646 0.01764804 2.956121e-05 9.853738e-05 2.299205e-05 2.956121e-05 0.009012885 6.240701e-05 0.001931333 0.0003481654 0.01872867 8.539906e-05 0.0001149603 0.001786811 0.009827461 0.003507931 0.0003941495 0 0.04152037 1.313832e-05 0.0001149603 9.52528e-05 0.04915044 0.004092586 0.001225148 9.196822e-05 0.0142485 0.000164229 9.52528e-05 6.569158e-05 1.64229e-05 3.284579e-06 0 0.0003974341 0 0.0001445215 0.0001543752 0.0001543752 0.002584964 0.0009558126 3.284579e-06 0.001093765 0 0.0001182449 0.0001609444 7.226074e-05 0 0 3.284579e-06 0.0006667696 4.269953e-05 3.941495e-05 6.569158e-06 0.00132697 0 9.853738e-06 3.284579e-05 0.002062716 5.583785e-05 9.853738e-06 0 6.569158e-06 3.284579e-06 5.912243e-05 3.284579e-06 2.956121e-05 0 0.0002069285 0 0.001172595 1.313832e-05 0 0
0.0001379523 3.284579e-06 0.0001346677 0.000249628 0.00167842 0.0003777266 0.002857584 0.0003415962 0.0002167822 0.001524045 0.0056232 0.0002102131 0.0001182449 0.01356531 2.956121e-05 1.64229e-05 4.269953e-05 0.0002923276 0.0006175009 0.001175879 0.0001806519 2.299205e-05 0.0002857584 0.001428792 6.569158e-05 0.0002824738 0.000187221 0.002414166 0.0008342831 0.0007784453 4.598411e-05 0.002923276 3.284579e-05 0.001593021 0.0004204261 0.02605328 0.0008244294 0.003875803 3.613037e-05 0.000164229 0 0.0005977934 0.0001051065 4.269953e-05 0 0 6.569158e-06 0 3.284579e-06 0.0001970748 4.598411e-05 6.240701e-05 7.226074e-05 3.284579e-06 9.853738e-06 6.569158e-06 4.598411e-05 0 0.0001379523 0 3.284579e-06 0 1.970748e-05 0.0001051065 4.926869e-05 3.284579e-06 0.000663485 0 1.313832e-05 9.853738e-06 0.0004729794 6.569158e-05 2.956121e-05 0 0 3.284579e-06 1.64229e-05 3.284579e-06 3.284579e-05 6.569158e-06 0.0001346677 3.284579e-06 2.299205e-05 1.970748e-05 0 3.284579e-06
