0.006089905 9.576438e-05 0.001468387 0.002848104 1.064049e-05 0.0008157706 0.1079371 0.004554128 0.006157295 0.004472551 0.0002305439 0.0001986224 7.093658e-05 0.03177249 7.093658e-06 4.96556e-05 0.005359258 0.0001489668 0.00153223 0.000226997 0.001166907 0.0005071965 0.005777784 0.02005377 6.029609e-05 0.004717282 0.003905058 0.01291755 0.04896752 0.05891992 0 0.0003440424 0.0006277887 0.015943 1.064049e-05 0.001737946 0.0002305439 0.005295415 0.00116336 8.867072e-05 4.610877e-05 2.128097e-05 1.064049e-05 0.000102858 9.221755e-05 5.674926e-05 2.837463e-05 0 1.064049e-05 0.001127892 0.0001702478 0.000269559 0.0001560605 1.064049e-05 0 3.546829e-06 0.0002411844 0 8.157706e-05 3.192146e-05 3.546829e-06 1.418732e-05 0 3.546829e-06 1.064049e-05 1.418732e-05 0.001759227 0 7.803023e-05 5.320243e-05 0.001819523 0.0009753779 7.093658e-05 0 1.773414e-05 0.0001347795 0.0004220726 1.418732e-05 0.0003582297 3.546829e-06 0.0006561633 3.546829e-05 5.320243e-05 0.0001064049 0 3.901512e-05
9.576438e-05 0.003614219 0.01802144 1.418732e-05 1.418732e-05 1.064049e-05 0.0005036497 0.000102858 0.02794901 1.418732e-05 0.0001773414 2.128097e-05 0.009310426 0.0002305439 6.738975e-05 0.003099928 0.006015422 0.0003830575 0.004054025 3.546829e-06 0.000766115 0.06381454 0.00226997 0.01422988 0.05001738 0.02898468 0.1304524 0.002379922 0.0002943868 0.0005994141 0.0005497585 3.546829e-06 3.901512e-05 0.002770073 2.128097e-05 0.006480056 0.003926339 0.01435047 0.002202581 6.029609e-05 3.546829e-06 0.0007093658 3.192146e-05 1.418732e-05 0.0001844351 0.006657398 0 0 0 2.837463e-05 7.093658e-06 3.546829e-06 0 9.221755e-05 0 0.0002731058 1.418732e-05 0 0.0002801995 0.002316079 0.0002447312 0.0004681814 0 9.221755e-05 5.674926e-05 0.0006668038 8.867072e-05 0.0002128097 0.00276298 0.01573019 0.0001631541 7.093658e-06 3.546829e-05 4.256195e-05 0 0 0.0002234502 4.96556e-05 0.002511155 0.0007519277 0.00189046 0.0004469004 7.093658e-06 3.546829e-06 0 1.418732e-05
0.001468387 0.01802144 0.0695143 0.0001525136 0 0.0002057161 0.03437232 0.002053614 0.0002447312 0.0005426648 0.0001986224 7.093658e-06 0.0001560605 0.004252648 7.093658e-06 0.002099723 0.1159919 0.0007980365 0.003770279 7.093658e-06 0.05454313 0.009661562 0.2070248 0.004433536 0.0005426648 0.133226 0.1731739 0.07358606 0.001752133 0.02625363 3.546829e-05 4.610877e-05 0.0001879819 0.009168552 0.0001596073 0.02845975 0.0124742 0.02848458 0.004547034 2.837463e-05 3.192146e-05 3.192146e-05 9.221755e-05 1.773414e-05 0.01540742 0.03345014 0 0 0 8.867072e-05 1.773414e-05 1.064049e-05 7.093658e-06 4.96556e-05 0 6.738975e-05 2.837463e-05 0 0.000787396 0.003642593 6.384292e-05 0.0005001029 0 0.0001347795 0.02423548 0.00532379 0.0002376375 4.610877e-05 0.002525342 0.03503203 0.0005284775 6.029609e-05 4.256195e-05 2.128097e-05 0 7.093658e-06 0.0008547857 0.0001915288 0.007547652 0.002241596 0.004465457 0.001933022 2.837463e-05 0 7.093658e-06 2.48278e-05
0.002848104 1.418732e-05 0.0001525136 0.0142618 7.44834e-05 0.02041555 0.01592881 0.01422633 0.05058842 0.03745806 0.0001383263 0.1629626 4.256195e-05 0.0183974 0.001262671 7.093658e-06 7.093658e-05 1.418732e-05 6.029609e-05 0.06003362 2.48278e-05 5.320243e-05 0.000124139 0.04341318 0 0.0001986224 0.000124139 0.0329394 0.02210738 0.0003121209 0 0.001170453 0.0006065077 0.0128076 2.837463e-05 0.005919657 0.0001276858 0.0174433 0.003734811 0.002681403 0.003124756 1.064049e-05 0.0002624653 0.00014542 3.546829e-06 1.773414e-05 0.004242007 0 0.0002376375 0.005025856 0.002110363 0.006625476 0.004752751 1.418732e-05 0.0005249307 3.546829e-06 0.001025034 0 7.093658e-06 2.837463e-05 0 3.546829e-06 0.0004433536 1.773414e-05 1.064049e-05 7.093658e-06 0.01568408 0 2.837463e-05 1.418732e-05 0.01272957 0.001603167 4.96556e-05 0 0.0001383263 5.674926e-05 0.0006880848 7.093658e-06 7.44834e-05 1.064049e-05 0.001652822 3.546829e-05 0.000269559 0.0002660122 0 4.256195e-05
1.064049e-05 1.418732e-05 0 7.44834e-05 7.093658e-06 0.002727511 0.0001489668 0.0003334019 0.007898788 0.0002660122 0 0.004429989 3.546829e-06 0.0001064049 0.01181449 0 3.546829e-06 0 3.546829e-06 0.0001418732 0 0.0001560605 0 0.0003404956 7.093658e-06 1.064049e-05 3.901512e-05 0.0001205922 7.093658e-05 0 0 6.384292e-05 7.093658e-06 4.610877e-05 3.546829e-06 6.029609e-05 0 0.0002128097 1.064049e-05 0.01649985 8.157706e-05 0 0 0 0 0 0 0 0 3.546829e-06 0 3.546829e-06 0 0 0 0 3.546829e-06 0 0 0 0 0 0 0 0 0 3.546829e-06 0 0 0 7.093658e-06 0 0 0 0 0 3.546829e-06 0 0 0 0 0 0 0 0 0
0.0008157706 1.064049e-05 0.0002057161 0.02041555 0.002727511 0.1916245 0.06975903 0.05112044 0.005600443 0.3150435 0.0008689731 0.1219542 8.157706e-05 0.02996716 0.01094551 0 0.000226997 8.157706e-05 9.931121e-05 0.05007413 4.96556e-05 2.128097e-05 0.0002553717 0.007022721 1.773414e-05 0.0005001029 0.0002872931 0.03436877 0.02124905 0.0006171482 0 0.01466968 0.0002234502 0.0163828 3.546829e-06 0.003553922 0.0001205922 0.009867278 0.001056955 0.01657788 0.003933433 2.128097e-05 8.512389e-05 7.44834e-05 0 1.064049e-05 0.0005213838 0 1.418732e-05 0.001592526 0.0003440424 0.0006242419 0.000620695 7.093658e-06 5.320243e-05 0 0.0002518248 0 3.546829e-06 1.064049e-05 3.546829e-06 3.546829e-06 4.96556e-05 3.546829e-06 7.093658e-06 1.418732e-05 0.002195487 0 1.773414e-05 7.093658e-06 0.002206128 0.0005745863 2.837463e-05 0 2.837463e-05 3.192146e-05 0.0001915288 7.093658e-06 7.093658e-05 0 0.0004362599 1.773414e-05 6.384292e-05 7.093658e-05 0 2.128097e-05
0.1079371 0.0005036497 0.03437232 0.01592881 0.0001489668 0.06975903 0.2607806 0.1747452 0.08042789 0.09728951 0.0005781331 0.0006348824 0.0003227614 0.2699172 0.0006277887 0.0003085741 0.01650339 0.0004433536 0.003245348 0.0006951784 0.01020777 0.002174206 0.04265062 0.2466216 0.0002837463 0.02942449 0.01659916 0.2710487 0.1228692 0.09668301 7.093658e-06 0.003862497 0.01111931 0.05915401 0.00029084 0.04168943 0.004614424 0.05485525 0.01592526 0.00306446 0.004156883 9.576438e-05 0.0006490697 0.0007377404 0.0004504473 0.0005071965 0.001447106 0 0.0002057161 0.0136482 0.002692043 0.005206745 0.00270623 3.546829e-05 8.157706e-05 1.773414e-05 0.00247214 3.546829e-06 0.0003972448 0.0002305439 3.546829e-06 0.0001170453 0.0001276858 0.0001347795 0.000393698 0.0002801995 0.02117102 1.418732e-05 0.0003759639 0.0007554745 0.01682616 0.007937803 0.0003688702 3.546829e-06 0.0002376375 0.000641976 0.002947415 0.0001205922 0.00182307 0.0001170453 0.00532379 0.0002234502 0.0005674926 0.0008264111 0 0.0001418732
0.004554128 0.000102858 0.002053614 0.01422633 0.0003334019 0.05112044 0.1747452 0.08369097 0.007927162 0.1214044 0.0002518248 0.02013535 6.384292e-05 0.08578715 0.003099928 2.128097e-05 0.002922587 8.157706e-05 0.0008583326 0.01523008 0.0004717282 0.000248278 0.003089288 0.02262522 4.610877e-05 0.003770279 0.002465046 0.03399281 0.01728015 0.01125054 0 0.01506693 0.0006738975 0.01206276 2.128097e-05 0.005125168 0.0003688702 0.008214455 0.00183371 0.008150613 0.001854991 1.064049e-05 2.837463e-05 0.0001064049 1.773414e-05 7.093658e-05 0.0003050273 0 3.901512e-05 0.002869384 0.0005107433 0.0008476921 0.0005249307 1.064049e-05 7.093658e-06 3.546829e-06 0.0005036497 0 6.384292e-05 4.96556e-05 7.093658e-06 2.128097e-05 3.192146e-05 1.418732e-05 1.773414e-05 2.128097e-05 0.003667421 0 5.674926e-05 7.093658e-05 0.002989977 0.001620901 6.738975e-05 0 3.546829e-05 0.00014542 0.0004681814 7.093658e-06 0.0002660122 2.48278e-05 0.0009292691 3.192146e-05 9.221755e-05 0.0001383263 3.546829e-06 2.128097e-05
0.006157295 0.02794901 0.0002447312 0.05058842 0.007898788 0.005600443 0.08042789 0.007927162 0.007299374 0.02321399 0.0001099517 0.01559895 0.002007505 0.01565216 0.01959623 0.0002624653 0.0002801995 3.192146e-05 0.0001276858 0.02009988 0.0004717282 0.03817097 0.0005462116 0.1786396 0.01276149 0.004848515 0.02618269 0.08084642 0.03156323 0.01116187 0.0002163566 0.0005320243 0.004036291 0.01073625 9.931121e-05 0.01184641 0.00181243 0.0124139 0.005433742 0.01227912 0.001588979 7.093658e-05 0.0002766526 0.000393698 0.0001418732 0.0001631541 0.002504061 0 0.000166701 0.004018557 0.001181094 0.001518043 0.002585638 2.128097e-05 0.0004894624 4.96556e-05 0.001049861 0 0.001025034 6.384292e-05 1.773414e-05 4.96556e-05 0.0002660122 0.0002163566 0.0002305439 8.157706e-05 0.03519164 2.128097e-05 0.0001170453 0.00014542 0.02226344 0.00458605 0.0003653234 1.418732e-05 0.0001064049 0.0004504473 0.00166701 6.029609e-05 0.002340907 8.867072e-05 0.002819729 8.157706e-05 0.0002128097 0.0003263082 3.546829e-06 7.803023e-05
0.004472551 1.418732e-05 0.0005426648 0.03745806 0.0002660122 0.3150435 0.09728951 0.1214044 0.02321399 0.3119294 0.0006809911 0.03460996 8.512389e-05 0.07033007 0.000351136 7.093658e-06 0.0003830575 7.803023e-05 0.0001170453 0.03472345 7.803023e-05 2.837463e-05 0.0005639458 0.01475126 1.418732e-05 0.0007129126 0.0004007917 0.04808436 0.05558945 0.0009753779 3.546829e-06 0.005962219 0.0007164594 0.03839087 3.901512e-05 0.01062985 0.0002199034 0.04274638 0.006292074 0.008370516 0.008852885 2.837463e-05 0.0005674926 9.576438e-05 3.546829e-06 1.773414e-05 0.003752545 0 0.0002766526 0.00516773 0.001947209 0.004394521 0.003897965 3.546829e-05 0.0003972448 0 0.001035674 0 1.064049e-05 3.192146e-05 7.093658e-06 7.093658e-06 0.000351136 7.093658e-06 3.546829e-06 3.546829e-05 0.01371913 0 3.901512e-05 1.773414e-05 0.0110129 0.001808883 4.610877e-05 0 0.0001312327 5.320243e-05 0.0005745863 1.064049e-05 0.00014542 1.773414e-05 0.001315873 3.901512e-05 0.0001915288 0.0002553717 0 6.384292e-05
0.0002305439 0.0001773414 0.0001986224 0.0001383263 0 0.0008689731 0.0005781331 0.0002518248 0.0001099517 0.0006809911 0.07691653 0.0004291663 0.06314065 0.0007200062 6.384292e-05 4.96556e-05 0.0008405984 0.05749055 0.01966362 0.0003582297 0.000351136 8.512389e-05 0.001195281 0.0001560605 0.01317292 0.04520788 0.005330884 0.0004256195 0.0009221755 0.0005213838 0.002819729 1.773414e-05 3.192146e-05 0.1141121 5.674926e-05 0.005862908 0.0663789 0.1569933 0.01866341 0.00124139 8.512389e-05 0.01442141 3.901512e-05 3.546829e-06 0.0001134985 3.546829e-06 3.546829e-06 0 0 7.093658e-06 7.093658e-06 0 3.546829e-06 0.001869179 0 0.006813458 0 0 0 3.546829e-06 0.0045293 0.001120798 0 0 0 7.093658e-06 1.418732e-05 0.002177753 0.002660122 0.002418937 2.48278e-05 7.093658e-06 0 0.001081783 0 0 3.546829e-06 3.546829e-05 4.96556e-05 0.001252031 5.320243e-05 4.610877e-05 3.546829e-06 0 2.128097e-05 0
0.0001986224 2.128097e-05 7.093658e-06 0.1629626 0.004429989 0.1219542 0.0006348824 0.02013535 0.01559895 0.03460996 0.0004291663 0.08324407 3.901512e-05 0.01427599 0.007693072 0 7.093658e-06 3.192146e-05 3.192146e-05 0.0739301 0 8.867072e-05 3.546829e-06 0.005047137 1.418732e-05 8.512389e-05 2.48278e-05 0.03160224 0.01724823 1.773414e-05 3.546829e-06 0.003837669 2.837463e-05 0.01828745 0 0.001425825 4.256195e-05 0.01275794 0.0008618794 0.01198473 0.003972448 1.064049e-05 8.867072e-05 1.064049e-05 0 1.064049e-05 0.001117251 0 4.610877e-05 0.0006136014 0.000269559 0.002582091 0.001025034 3.546829e-06 0.0003759639 0 0.0001489668 3.546829e-06 0 0 0 0 0.0001844351 0 0 0 0.00314249 0 3.546829e-06 7.093658e-06 0.002312532 0.0002234502 0 0 1.773414e-05 0 0.0001347795 0 7.093658e-06 3.546829e-06 0.0001702478 1.064049e-05 2.837463e-05 3.546829e-05 0 0
7.093658e-05 0.009310426 0.0001560605 4.256195e-05 3.546829e-06 8.157706e-05 0.0003227614 6.384292e-05 0.002007505 8.512389e-05 0.06314065 3.901512e-05 0.04819786 0.0001737946 1.064049e-05 0.0004717282 0.0003830575 0.01635797 0.005408914 5.320243e-05 0.002429578 0.004508019 0.005206745 0.001468387 0.05037916 0.02632811 0.0341737 0.001195281 0.0001986224 0.0006561633 0.00503295 1.064049e-05 0 0.0238737 0.0001950756 0.01791858 0.1278916 0.09482092 0.01009782 0.0001596073 4.610877e-05 0.03069426 3.901512e-05 0 0.0003617765 1.418732e-05 0 0 0 7.093658e-06 0 3.546829e-06 0 0.004784672 0 0.01707443 0 0 1.418732e-05 3.546829e-06 0.01199183 0.00204652 0 0 1.418732e-05 7.093658e-06 2.128097e-05 0.006387839 0.006327543 0.004933639 2.128097e-05 1.064049e-05 0 0.002826823 0 0 3.546829e-06 6.738975e-05 4.256195e-05 0.003326925 0.00014542 3.901512e-05 3.546829e-06 0 8.867072e-05 0
0.03177249 0.0002305439 0.004252648 0.0183974 0.0001064049 0.02996716 0.2699172 0.08578715 0.01565216 0.07033007 0.0007200062 0.01427599 0.0001737946 0.09423924 0.001032127 9.221755e-05 0.01053053 0.0003759639 0.003192146 0.01486831 0.001440012 0.0008370516 0.01070788 0.04720829 0.0001383263 0.01089586 0.008292486 0.04918033 0.06943981 0.06036703 3.546829e-06 0.03577332 0.001039221 0.04152272 4.256195e-05 0.02457598 0.0005994141 0.01747523 0.003380128 0.01797888 0.002135191 5.674926e-05 0.000166701 0.0002376375 0.0001099517 0.0001631541 0.0002837463 0 4.96556e-05 0.00371353 0.0007093658 0.000932816 0.0004752751 7.093658e-06 1.418732e-05 0 0.0006065077 3.546829e-06 0.0001276858 7.803023e-05 7.093658e-06 5.674926e-05 1.418732e-05 3.192146e-05 4.256195e-05 6.738975e-05 0.004919452 1.773414e-05 0.0001312327 0.0001347795 0.004490285 0.002557264 0.0001702478 0 4.610877e-05 0.0002376375 0.0009292691 1.418732e-05 0.0006277887 4.256195e-05 0.001681197 5.320243e-05 0.0001986224 0.0002766526 0 3.192146e-05
7.093658e-06 6.738975e-05 7.093658e-06 0.001262671 0.01181449 0.01094551 0.0006277887 0.003099928 0.01959623 0.000351136 6.384292e-05 0.007693072 1.064049e-05 0.001032127 0.004990388 0 0 7.093658e-06 7.093658e-06 0.001255577 0 0.0005071965 0 0.001865632 7.093658e-05 5.674926e-05 0.0001312327 0.000684538 0.001791149 0 0 0.001021487 3.546829e-06 0.002667215 0 3.192146e-05 1.064049e-05 0.0004752751 2.837463e-05 0.01092778 0.0006490697 0 0 0 3.546829e-06 3.546829e-06 3.546829e-06 0 0 0 0 0 0 0 0 0 3.546829e-06 0 0 0 0 0 0 0 0 0 0 0 0 3.546829e-06 7.093658e-06 0 0 0 0 0 0 0 0 0 0 0 0 0 0 0
4.96556e-05 0.003099928 0.002099723 7.093658e-06 0 0 0.0003085741 2.128097e-05 0.0002624653 7.093658e-06 4.96556e-05 0 0.0004717282 9.221755e-05 0 0.01415185 0.00203588 1.773414e-05 0.0001312327 0 0.01899681 0.1333324 0.08977378 0.01411993 0.0008760667 0.005455023 0.1141937 0.01301686 0.000102858 0.00379156 2.128097e-05 0 7.093658e-06 0.008771308 0.001067595 0.1093807 0.04296274 0.03275142 0.01052344 0.0001205922 3.546829e-06 0.0001596073 0.0005355711 0 0.0003050273 0.0008689731 0 0 0 4.610877e-05 7.093658e-06 0.0003546829 7.093658e-06 0 0 3.546829e-06 7.093658e-06 0 0.01243873 0.0001170453 1.064049e-05 6.738975e-05 0 0.001847898 0.0291904 0.01128601 0.002241596 1.064049e-05 7.093658e-05 0.004050478 0.003709983 2.837463e-05 3.546829e-05 0 0 3.546829e-06 0.0001383263 7.44834e-05 0.002848104 0.00152159 0.001344248 0.0003830575 1.064049e-05 3.546829e-06 3.546829e-06 2.128097e-05
0.005359258 0.006015422 0.1159919 7.093658e-05 3.546829e-06 0.000226997 0.01650339 0.002922587 0.0002801995 0.0003830575 0.0008405984 7.093658e-06 0.0003830575 0.01053053 0 0.00203588 0.01419441 0.01355243 0.01588979 0 0.03544346 0.002752339 0.09389165 0.001975584 0.009565797 0.1934263 0.3021934 0.01418022 0.01104128 0.06155876 5.674926e-05 0.0001134985 0.0004185258 0.02960893 3.901512e-05 0.008076129 0.003940527 0.02976144 0.004309397 2.48278e-05 3.901512e-05 6.029609e-05 2.837463e-05 1.064049e-05 0.005040044 0.0009434565 0 0 0 6.029609e-05 7.093658e-06 3.546829e-06 0 0.0002340907 0 0.0001879819 1.773414e-05 0 3.901512e-05 0.0007377404 0.0007270999 0.004100134 0 4.256195e-05 6.738975e-05 7.44834e-05 7.093658e-05 0.0007625682 0.005040044 0.005196104 0.0001418732 3.192146e-05 4.610877e-05 2.48278e-05 0 7.093658e-06 0.0001205922 2.128097e-05 0.0006348824 0.0003795107 0.0007341936 0.000166701 1.418732e-05 0 0 0
0.0001489668 0.0003830575 0.0007980365 1.418732e-05 0 8.157706e-05 0.0004433536 8.157706e-05 3.192146e-05 7.803023e-05 0.05749055 3.192146e-05 0.01635797 0.0003759639 7.093658e-06 1.773414e-05 0.01355243 0.001188188 0.03954359 2.48278e-05 0.0004433536 4.256195e-05 0.003146037 6.029609e-05 0.02389853 0.04545261 0.01215498 0.0003156678 0.0003014804 0.0007519277 0.003068007 3.546829e-06 3.546829e-06 0.01999702 1.773414e-05 0.004696001 0.02191586 0.07025913 0.009633187 6.738975e-05 3.546829e-06 0.0002731058 1.064049e-05 0 0.0001596073 7.093658e-06 0 0 0 3.546829e-06 0 7.093658e-06 3.546829e-06 0.0009540969 0 0.002131644 0 0 0 1.064049e-05 0.003486533 0.001120798 0 0 3.546829e-06 3.546829e-06 0 0.0008476921 0.001741493 0.001972037 7.093658e-06 3.546829e-06 0 0.0003546829 0 0 1.064049e-05 1.064049e-05 4.96556e-05 8.867072e-05 6.029609e-05 1.418732e-05 0 0 3.546829e-06 0
0.00153223 0.004054025 0.003770279 6.029609e-05 3.546829e-06 9.931121e-05 0.003245348 0.0008583326 0.0001276858 0.0001170453 0.01966362 3.192146e-05 0.005408914 0.003192146 7.093658e-06 0.0001312327 0.01588979 0.03954359 0.02118166 2.48278e-05 0.00349008 0.0003688702 0.01330415 0.0003688702 0.08230416 0.1403019 0.1022125 0.002362188 0.003507814 0.006848926 0.0009221755 2.48278e-05 0.0001773414 0.04903845 0.0001099517 0.01717729 0.02407942 0.1201063 0.01513787 7.44834e-05 2.128097e-05 7.093658e-05 7.44834e-05 0 0.004054025 8.157706e-05 0 0 0 3.546829e-05 7.093658e-06 0 0 0.003373034 0 0.004433536 2.128097e-05 0 2.837463e-05 0.0004078853 0.01344957 0.01614871 0 2.48278e-05 3.546829e-06 4.96556e-05 2.128097e-05 0.007175235 0.01088876 0.01876627 3.192146e-05 1.064049e-05 4.256195e-05 0.0006809911 0 0 0.0001205922 2.128097e-05 0.0005213838 0.0008689731 0.0006455228 0.0002021692 3.546829e-06 3.546829e-06 3.546829e-05 0
0.000226997 3.546829e-06 7.093658e-06 0.06003362 0.0001418732 0.05007413 0.0006951784 0.01523008 0.02009988 0.03472345 0.0003582297 0.0739301 5.320243e-05 0.01486831 0.001255577 0 0 2.48278e-05 2.48278e-05 0.00554724 0 7.093658e-06 3.546829e-06 0.005735222 3.546829e-06 5.674926e-05 2.128097e-05 0.01931958 0.01534358 2.48278e-05 7.093658e-06 0.002323173 6.738975e-05 0.014542 0 0.002943868 5.674926e-05 0.01475481 0.001397451 0.004593143 0.003585844 7.093658e-06 0.00014542 2.837463e-05 0 3.546829e-06 0.001510949 0 8.867072e-05 0.0009931121 0.0005001029 0.002028786 0.001337154 3.546829e-06 0.0003121209 0 0.0002518248 0 3.546829e-06 0 0 0 0.0001950756 0 0 0 0.004075306 0 3.546829e-06 3.546829e-06 0.003330472 0.0002943868 1.418732e-05 0 3.901512e-05 1.418732e-05 0.0001489668 3.546829e-06 2.48278e-05 3.546829e-06 0.0003298551 1.064049e-05 8.157706e-05 3.901512e-05 0 3.546829e-06
0.001166907 0.000766115 0.05454313 2.48278e-05 0 4.96556e-05 0.01020777 0.0004717282 0.0004717282 7.803023e-05 0.000351136 0 0.002429578 0.001440012 0 0.01899681 0.03544346 0.0004433536 0.00349008 0 0.03493981 0.01826617 0.3628406 0.01002334 0.000372417 0.02509736 0.05101049 0.03979542 0.00532379 0.1599088 0 3.546829e-06 0.0001134985 0.1710671 0.001131438 0.2834555 0.03695086 0.3246235 0.039196 0.0004539941 5.674926e-05 0.0008512389 0.0009434565 0 0.0004220726 0.0004646346 3.546829e-06 0 0 4.96556e-05 3.546829e-06 0.0004575409 7.093658e-06 3.546829e-06 0 0 1.064049e-05 0 0.004841421 6.738975e-05 3.546829e-06 3.901512e-05 0 0.001216562 0.005071965 0.001014393 0.002653028 1.064049e-05 0.0001986224 0.0009611906 0.00445127 6.029609e-05 4.256195e-05 3.546829e-06 0 1.064049e-05 8.157706e-05 1.064049e-05 0.001213015 0.0004681814 0.0004007917 6.384292e-05 0 0 3.546829e-06 1.773414e-05
0.0005071965 0.06381454 0.009661562 5.320243e-05 0.0001560605 2.128097e-05 0.002174206 0.000248278 0.03817097 2.837463e-05 8.512389e-05 8.867072e-05 0.004508019 0.0008370516 0.0005071965 0.1333324 0.002752339 4.256195e-05 0.0003688702 7.093658e-06 0.01826617 0.01507048 0.06111541 0.1290478 0.02686013 0.01205922 0.1106433 0.03129367 0.002117457 0.0133609 0.0003972448 2.128097e-05 0.0003653234 0.001560605 9.931121e-05 0.009583531 0.004735016 0.003670968 0.001149173 0.0004433536 1.418732e-05 0.0001205922 6.029609e-05 7.093658e-06 0.0005603989 0.003270176 0 0 0 0.0001737946 2.128097e-05 0.0001950756 1.064049e-05 1.064049e-05 0 4.610877e-05 7.093658e-06 0 0.0123607 0.0001702478 7.44834e-05 9.221755e-05 0 0.002021692 0.001808883 0.006721241 0.007526371 3.546829e-05 0.0001134985 0.004993935 0.008005193 0.0001986224 9.576438e-05 1.064049e-05 0 1.064049e-05 0.000226997 7.803023e-05 0.002589185 0.001156266 0.001223656 0.0003334019 1.418732e-05 1.418732e-05 3.546829e-06 2.128097e-05
0.005777784 0.00226997 0.2070248 0.000124139 0 0.0002553717 0.04265062 0.003089288 0.0005462116 0.0005639458 0.001195281 3.546829e-06 0.005206745 0.01070788 0 0.08977378 0.09389165 0.003146037 0.01330415 3.546829e-06 0.3628406 0.06111541 0.2511864 0.02747019 0.001145626 0.08930915 0.6164672 0.1854318 0.01360564 0.2063935 4.256195e-05 9.221755e-05 0.000393698 0.1838215 0.006813458 0.6634804 0.1722695 0.3904704 0.1309879 0.000744834 6.384292e-05 0.002188393 0.003390768 1.418732e-05 0.001854991 0.00487689 0 0 0 9.931121e-05 7.093658e-06 5.674926e-05 7.093658e-06 3.192146e-05 0 4.96556e-05 1.064049e-05 0 0.01661689 0.0006490697 6.384292e-05 0.0003866043 0 0.001862085 0.03870654 0.01791503 0.001326514 6.384292e-05 0.0008015833 0.0100127 0.002394109 6.029609e-05 1.064049e-05 1.064049e-05 3.546829e-06 3.546829e-06 0.0003369487 0.0001773414 0.004958467 0.002518248 0.002376375 0.0008760667 2.128097e-05 1.064049e-05 1.418732e-05 4.610877e-05
0.02005377 0.01422988 0.004433536 0.04341318 0.0003404956 0.007022721 0.2466216 0.02262522 0.1786396 0.01475126 0.0001560605 0.005047137 0.001468387 0.04720829 0.001865632 0.01411993 0.001975584 6.029609e-05 0.0003688702 0.005735222 0.01002334 0.1290478 0.02747019 0.09229913 0.006685772 0.00838825 0.0549191 0.1734541 0.09756971 0.07538785 0.0001560605 0.0009647374 0.01661689 0.04647764 0.0007306467 0.1057842 0.0264558 0.06123245 0.02285576 0.003156678 0.003706436 0.0001383263 0.001042768 0.001294593 0.0005710394 0.0007341936 0.004472551 0 0.0004433536 0.01675167 0.003986636 0.01340701 0.005501131 4.96556e-05 0.0003830575 3.546829e-05 0.003486533 0 0.005650098 0.0002837463 3.546829e-05 0.000124139 0.0004007917 0.001450653 0.003986636 0.001088876 0.04966979 3.192146e-05 0.0003404956 0.001046314 0.04609813 0.01134276 0.0008405984 3.546829e-06 0.0002447312 0.001152719 0.004905264 0.0001276858 0.005752956 0.0005001029 0.008774854 0.0003085741 0.0008689731 0.001159813 7.093658e-06 0.00029084
6.029609e-05 0.05001738 0.0005426648 0 7.093658e-06 1.773414e-05 0.0002837463 4.610877e-05 0.01276149 1.418732e-05 0.01317292 1.418732e-05 0.05037916 0.0001383263 7.093658e-05 0.0008760667 0.009565797 0.02389853 0.08230416 3.546829e-06 0.000372417 0.02686013 0.001145626 0.006685772 0.001908194 0.04573281 0.03655007 0.0009966589 0.0001950756 0.0005355711 0.002596279 0 3.546829e-05 0.003766732 3.192146e-05 0.004171071 0.01237134 0.01586142 0.00291904 6.738975e-05 7.093658e-06 0.007175235 1.418732e-05 0 0.00029084 1.418732e-05 0 0 0 3.546829e-06 0 0 0 0.001074689 0 0.006107639 0 0 0 3.192146e-05 0.001539324 0.002099723 0 3.546829e-06 7.093658e-06 0 0 0.0008973477 0.001989771 0.002578545 2.128097e-05 0 3.546829e-06 0.0006384292 0 0 1.064049e-05 2.48278e-05 6.738975e-05 0.00029084 9.221755e-05 5.320243e-05 0 0 1.418732e-05 0
0.004717282 0.02898468 0.133226 0.0001986224 1.064049e-05 0.0005001029 0.02942449 0.003770279 0.004848515 0.0007129126 0.04520788 8.512389e-05 0.02632811 0.01089586 5.674926e-05 0.005455023 0.1934263 0.04545261 0.1403019 5.674926e-05 0.02509736 0.01205922 0.08930915 0.00838825 0.04573281 0.5179079 0.3972803 0.03672387 0.008143519 0.02442346 0.006902129 0.0001276858 0.0005355711 0.05800129 0.0002553717 0.08161608 0.2450185 0.2709139 0.04058991 0.0001596073 5.674926e-05 0.001244937 0.0001986224 3.546829e-05 0.01283243 0.001535777 3.546829e-06 0 0 0.0002376375 2.128097e-05 1.418732e-05 1.064049e-05 0.002784261 0 0.005582709 5.674926e-05 0 3.901512e-05 0.002238049 0.01110512 0.01715601 0 8.867072e-05 7.803023e-05 0.0001276858 0.0001099517 0.00511098 0.01703897 0.01918834 0.0001773414 6.384292e-05 0.0001560605 0.0009682843 0 3.546829e-06 0.0003582297 0.0001099517 0.001418732 0.001191734 0.002177753 0.0004717282 7.093658e-06 3.546829e-06 1.773414e-05 3.546829e-06
0.003905058 0.1304524 0.1731739 0.000124139 3.901512e-05 0.0002872931 0.01659916 0.002465046 0.02618269 0.0004007917 0.005330884 2.48278e-05 0.0341737 0.008292486 0.0001312327 0.1141937 0.3021934 0.01215498 0.1022125 2.128097e-05 0.05101049 0.1106433 0.6164672 0.0549191 0.03655007 0.3972803 0.3119578 0.06510914 0.009136631 0.02014953 0.002770073 8.157706e-05 0.0006774443 0.128459 0.003195693 0.3765136 0.3009449 0.4156068 0.09919771 0.0003475892 6.738975e-05 0.002089082 0.001546417 9.221755e-05 0.03331536 0.008867072 0 0 3.546829e-06 0.0005568521 5.674926e-05 1.418732e-05 3.546829e-06 0.004756297 0 0.007327748 0.0001773414 0 0.001443559 0.00547985 0.01804981 0.03498947 0 0.0005923204 0.01087812 0.003631953 0.0002660122 0.0120273 0.03289684 0.0531315 0.0005816799 0.0001383263 0.000393698 0.001166907 3.546829e-06 1.064049e-05 0.0009221755 0.0002553717 0.004905264 0.003071554 0.004656986 0.001571245 1.418732e-05 7.093658e-06 5.320243e-05 1.064049e-05
0.01291755 0.002379922 0.07358606 0.0329394 0.0001205922 0.03436877 0.2710487 0.03399281 0.08084642 0.04808436 0.0004256195 0.03160224 0.001195281 0.04918033 0.000684538 0.01301686 0.01418022 0.0003156678 0.002362188 0.01931958 0.03979542 0.03129367 0.1854318 0.1734541 0.0009966589 0.03672387 0.06510914 0.2626959 0.07022012 0.1916564 7.093658e-06 0.00166701 0.01538614 0.1152507 0.001337154 0.196019 0.02922942 0.1682545 0.03850083 0.003610672 0.004582503 0.0004007917 0.00181243 0.0007412872 0.001000206 0.001276858 0.003709983 0 0.0003014804 0.0104525 0.002699137 0.008303126 0.004412255 4.96556e-05 0.0004185258 2.128097e-05 0.002167112 0 0.00430585 0.0003263082 1.418732e-05 9.221755e-05 0.0003085741 0.00101794 0.004220726 0.001383263 0.0345603 1.064049e-05 0.0003653234 0.002248689 0.03346788 0.007533464 0.000641976 0 0.0002234502 0.0008228643 0.003493626 0.000102858 0.004933639 0.0005603989 0.006316902 0.0002979336 0.0005603989 0.0009611906 3.546829e-06 0.0002092629
0.04896752 0.0002943868 0.001752133 0.02210738 7.093658e-05 0.02124905 0.1228692 0.01728015 0.03156323 0.05558945 0.0009221755 0.01724823 0.0001986224 0.06943981 0.001791149 0.000102858 0.01104128 0.0003014804 0.003507814 0.01534358 0.00532379 0.002117457 0.01360564 0.09756971 0.0001950756 0.008143519 0.009136631 0.07022012 0.1046953 0.08582262 0 0.03016578 0.02282384 0.05721744 6.384292e-05 0.0350675 0.0006809911 0.02168531 0.002904853 0.01236779 0.001727306 4.256195e-05 0.0002801995 0.0005781331 0.0001560605 0.0002128097 0.0002766526 0 9.221755e-05 0.006707053 0.001156266 0.001638635 0.0008796135 4.610877e-05 2.48278e-05 1.418732e-05 0.001273312 0 0.0002979336 0.0001347795 7.093658e-06 5.674926e-05 3.901512e-05 9.221755e-05 5.674926e-05 8.512389e-05 0.009448752 1.418732e-05 0.0001596073 0.0001347795 0.009633187 0.005394727 0.0002518248 0 0.0001383263 0.0005107433 0.00197913 6.384292e-05 0.001794695 4.610877e-05 0.00364614 8.157706e-05 0.0003830575 0.0005071965 0 9.576438e-05
0.05891992 0.0005994141 0.02625363 0.0003121209 0 0.0006171482 0.09668301 0.01125054 0.01116187 0.0009753779 0.0005213838 1.773414e-05 0.0006561633 0.06036703 0 0.00379156 0.06155876 0.0007519277 0.006848926 2.48278e-05 0.1599088 0.0133609 0.2063935 0.07538785 0.0005355711 0.02442346 0.02014953 0.1916564 0.08582262 0.1317505 1.773414e-05 0.0003050273 0.005735222 0.1057913 0.0002163566 0.03672741 0.002940321 0.07558647 0.01185705 0.0002057161 0.0001276858 0.000226997 0.0002837463 9.931121e-05 0.00029084 0.0001986224 3.546829e-06 0 0 0.0007590214 8.867072e-05 0.001046314 2.837463e-05 3.546829e-06 0 3.546829e-06 0.000124139 0 0.003419143 9.221755e-05 2.128097e-05 9.931121e-05 0 0.001000206 0.001010846 0.0001134985 0.007331295 7.093658e-06 0.0002305439 0.0003085741 0.01082847 0.0008299579 0.0002624653 0 0 0.0001064049 0.0004859155 4.96556e-05 0.002071348 0.0002447312 0.001092423 3.192146e-05 4.256195e-05 5.674926e-05 0 1.773414e-05
0 0.0005497585 3.546829e-05 0 0 0 7.093658e-06 0 0.0002163566 3.546829e-06 0.002819729 3.546829e-06 0.00503295 3.546829e-06 0 2.128097e-05 5.674926e-05 0.003068007 0.0009221755 7.093658e-06 0 0.0003972448 4.256195e-05 0.0001560605 0.002596279 0.006902129 0.002770073 7.093658e-06 0 1.773414e-05 0.00014542 0 0 0.0009576438 0 0.0006277887 0.01350987 0.007090111 0.001273312 3.546829e-06 7.093658e-06 0.0004469004 3.546829e-06 0 2.128097e-05 0 0 0 0 0 0 0 0 0.0005071965 0 0.001500309 0 0 0 0 0.001642182 0.0003546829 0 0 3.546829e-06 0 7.093658e-06 0.0004610877 0.0007767555 0.0007838492 0 0 0 0.0002589185 0 0 1.064049e-05 0 0 6.738975e-05 2.48278e-05 1.773414e-05 0 0 0 0
0.0003440424 3.546829e-06 4.610877e-05 0.001170453 6.384292e-05 0.01466968 0.003862497 0.01506693 0.0005320243 0.005962219 1.773414e-05 0.003837669 1.064049e-05 0.03577332 0.001021487 0 0.0001134985 3.546829e-06 2.48278e-05 0.002323173 3.546829e-06 2.128097e-05 9.221755e-05 0.0009647374 0 0.0001276858 8.157706e-05 0.00166701 0.03016578 0.0003050273 0 0.000166701 0.0002872931 0.00306446 0 0.003451064 1.773414e-05 0.003844762 0.000269559 0.009789247 0.003007711 0 4.256195e-05 1.418732e-05 0 3.546829e-06 7.093658e-06 0 0 0.0001134985 2.48278e-05 3.546829e-05 2.128097e-05 0 3.546829e-06 0 1.418732e-05 0 0 3.546829e-06 0 0 0 0 0 0 0.0002305439 0 0 0 0.0001808883 9.221755e-05 0 0 0 1.064049e-05 2.128097e-05 0 0 0 4.96556e-05 7.093658e-06 3.546829e-06 0 0 0
0.0006277887 3.901512e-05 0.0001879819 0.0006065077 7.093658e-06 0.0002234502 0.01111931 0.0006738975 0.004036291 0.0007164594 3.192146e-05 2.837463e-05 0 0.001039221 3.546829e-06 7.093658e-06 0.0004185258 3.546829e-06 0.0001773414 6.738975e-05 0.0001134985 0.0003653234 0.000393698 0.01661689 3.546829e-05 0.0005355711 0.0006774443 0.01538614 0.02282384 0.005735222 0 0.0002872931 0.0003653234 0.004993935 0 0.0003475892 4.256195e-05 0.001844351 0.0004291663 2.128097e-05 1.418732e-05 3.546829e-06 0 4.96556e-05 1.064049e-05 2.837463e-05 1.773414e-05 0 3.546829e-06 0.0004504473 0.0001099517 0.0001560605 3.192146e-05 0 0 3.546829e-06 0.0001205922 0 6.738975e-05 2.128097e-05 0 0 0 1.064049e-05 1.064049e-05 2.128097e-05 0.001291046 0 3.546829e-06 2.48278e-05 0.001191734 0.0005284775 4.256195e-05 0 1.064049e-05 7.803023e-05 0.0002128097 1.064049e-05 0.0002979336 1.418732e-05 0.0003901512 1.064049e-05 3.546829e-05 4.256195e-05 0 1.773414e-05
0.015943 0.002770073 0.009168552 0.0128076 4.610877e-05 0.0163828 0.05915401 0.01206276 0.01073625 0.03839087 0.1141121 0.01828745 0.0238737 0.04152272 0.002667215 0.008771308 0.02960893 0.01999702 0.04903845 0.014542 0.1710671 0.001560605 0.1838215 0.04647764 0.003766732 0.05800129 0.128459 0.1152507 0.05721744 0.1057913 0.0009576438 0.00306446 0.004993935 0.03446808 7.44834e-05 0.01276149 0.01713118 0.1165878 0.01683325 0.006863114 0.0003759639 0.006611289 0.0001347795 0.0002234502 0.0008654262 0.0005426648 0.0001737946 3.546829e-06 2.837463e-05 0.003245348 0.0004859155 0.000766115 0.0003759639 8.512389e-05 1.773414e-05 0.0001631541 0.0005497585 0 0.0003085741 0.0002411844 0.0001950756 0.0005603989 2.128097e-05 5.674926e-05 0.0004043385 0.0002199034 0.005079059 0.0001312327 0.001056955 0.001117251 0.004181711 0.002429578 0.0001489668 2.128097e-05 8.157706e-05 0.000248278 0.0008583326 3.901512e-05 0.0008796135 9.221755e-05 0.001808883 0.0001170453 0.0001525136 0.0002553717 3.546829e-06 6.384292e-05
1.064049e-05 2.128097e-05 0.0001596073 2.837463e-05 3.546829e-06 3.546829e-06 0.00029084 2.128097e-05 9.931121e-05 3.901512e-05 5.674926e-05 0 0.0001950756 4.256195e-05 0 0.001067595 3.901512e-05 1.773414e-05 0.0001099517 0 0.001131438 9.931121e-05 0.006813458 0.0007306467 3.192146e-05 0.0002553717 0.003195693 0.001337154 6.384292e-05 0.0002163566 0 0 0 7.44834e-05 0.2446106 0.1896135 0.004947826 0.009845997 0.01518043 3.901512e-05 3.192146e-05 0.0004681814 0.001908194 3.546829e-06 5.674926e-05 0.000102858 0 0 3.546829e-06 1.064049e-05 7.093658e-06 1.418732e-05 0 7.803023e-05 0 0.0003334019 3.546829e-06 0 4.96556e-05 1.773414e-05 1.418732e-05 5.320243e-05 0 1.064049e-05 3.192146e-05 0.0002163566 3.192146e-05 1.418732e-05 0.0005036497 0.001333608 5.674926e-05 0 0 7.093658e-06 0 0 0 0.29073 0.01363046 0.001283952 0.003582297 0.008874166 1.064049e-05 0.0003121209 9.576438e-05 0.0003334019
0.001737946 0.006480056 0.02845975 0.005919657 6.029609e-05 0.003553922 0.04168943 0.005125168 0.01184641 0.01062985 0.005862908 0.001425825 0.01791858 0.02457598 3.192146e-05 0.1093807 0.008076129 0.004696001 0.01717729 0.002943868 0.2834555 0.009583531 0.6634804 0.1057842 0.004171071 0.08161608 0.3765136 0.196019 0.0350675 0.03672741 0.0006277887 0.003451064 0.0003475892 0.01276149 0.1896135 0.03136461 0.3983656 0.163828 0.0419377 0.02811926 0.02615077 0.01880883 0.006182123 0.0002979336 0.001964943 0.00166701 9.576438e-05 0 1.418732e-05 0.002723965 0.0004362599 0.0009718311 0.0002943868 0.000166701 3.546829e-06 0.0005639458 0.000517837 0 0.002025239 0.0003617765 0.0002624653 0.001720212 3.546829e-06 0.0005284775 0.002369282 0.0009257223 0.007519277 0.0004114321 0.002238049 0.003426237 0.007607948 0.002525342 0.0002518248 3.192146e-05 4.96556e-05 0.0002553717 0.0009789247 0.008714558 0.01220464 0.002816182 0.003653234 0.003766732 0.0001312327 0.0005745863 0.0003263082 0.0003866043
0.0002305439 0.003926339 0.0124742 0.0001276858 0 0.0001205922 0.004614424 0.0003688702 0.00181243 0.0002199034 0.0663789 4.256195e-05 0.1278916 0.0005994141 1.064049e-05 0.04296274 0.003940527 0.02191586 0.02407942 5.674926e-05 0.03695086 0.004735016 0.1722695 0.0264558 0.01237134 0.2450185 0.3009449 0.02922942 0.0006809911 0.002940321 0.01350987 1.773414e-05 4.256195e-05 0.01713118 0.004947826 0.3983656 0.115999 0.04289535 0.01649985 0.0004398068 0.0001205922 0.003273723 0.001933022 1.064049e-05 0.001691837 0.0001276858 3.546829e-06 0 0 0.0001276858 7.093658e-06 0.0001347795 7.093658e-06 0.0005958672 0 0.001436466 2.48278e-05 0 0.0006313355 0.0001418732 0.001397451 0.003592938 0 0.00014542 0.0004078853 0.0001099517 0.00109597 0.001145626 0.003160224 0.003316285 0.001205922 9.931121e-05 5.320243e-05 0.0001737946 3.546829e-06 1.064049e-05 7.093658e-05 0.001127892 0.001479028 0.0004859155 0.0003192146 0.0002305439 7.093658e-06 2.128097e-05 7.093658e-06 7.093658e-06
0.005295415 0.01435047 0.02848458 0.0174433 0.0002128097 0.009867278 0.05485525 0.008214455 0.0124139 0.04274638 0.1569933 0.01275794 0.09482092 0.01747523 0.0004752751 0.03275142 0.02976144 0.07025913 0.1201063 0.01475481 0.3246235 0.003670968 0.3904704 0.06123245 0.01586142 0.2709139 0.4156068 0.1682545 0.02168531 0.07558647 0.007090111 0.003844762 0.001844351 0.1165878 0.009845997 0.163828 0.04289535 0.08458123 0.07886728 0.005508225 0.001049861 0.01258415 0.002674309 0.0003546829 0.004252648 0.001493215 0.0002553717 0 4.96556e-05 0.005118074 0.000766115 0.001120798 0.0006100546 0.0004504473 1.418732e-05 0.0009718311 0.001010846 0 0.0006597102 0.0008973477 0.0009434565 0.003298551 3.546829e-05 0.0001737946 0.00124139 0.0006526165 0.006930503 0.0007909428 0.004685361 0.005075512 0.006199857 0.003745451 0.0002447312 0.000166701 8.157706e-05 0.0003334019 0.001479028 0.001496762 0.001886913 0.0004220726 0.002901306 0.000393698 0.0002872931 0.0003050273 1.418732e-05 0.0001134985
0.00116336 0.002202581 0.004547034 0.003734811 1.064049e-05 0.001056955 0.01592526 0.00183371 0.005433742 0.006292074 0.01866341 0.0008618794 0.01009782 0.003380128 2.837463e-05 0.01052344 0.004309397 0.009633187 0.01513787 0.001397451 0.039196 0.001149173 0.1309879 0.02285576 0.00291904 0.04058991 0.09919771 0.03850083 0.002904853 0.01185705 0.001273312 0.000269559 0.0004291663 0.01683325 0.01518043 0.0419377 0.01649985 0.07886728 0.00131942 0.0002801995 5.674926e-05 0.001482574 0.0005036497 0.0001276858 0.0006277887 0.0005462116 4.610877e-05 0 1.773414e-05 0.001574792 0.0001844351 0.0003759639 0.0001737946 6.384292e-05 3.546829e-06 0.0001383263 0.0002872931 0 0.0001525136 8.512389e-05 0.0001134985 0.0006987253 0 3.546829e-05 0.0006597102 0.0001844351 0.002638841 0.0001596073 0.0008689731 0.001007299 0.002195487 0.001379716 7.44834e-05 3.546829e-05 1.773414e-05 9.576438e-05 0.0005320243 0.003266629 0.0009647374 0.0001383263 0.001010846 0.0003866043 6.738975e-05 0.0001383263 0 4.96556e-05
8.867072e-05 6.029609e-05 2.837463e-05 0.002681403 0.01649985 0.01657788 0.00306446 0.008150613 0.01227912 0.008370516 0.00124139 0.01198473 0.0001596073 0.01797888 0.01092778 0.0001205922 2.48278e-05 6.738975e-05 7.44834e-05 0.004593143 0.0004539941 0.0004433536 0.000744834 0.003156678 6.738975e-05 0.0001596073 0.0003475892 0.003610672 0.01236779 0.0002057161 3.546829e-06 0.009789247 2.128097e-05 0.006863114 3.901512e-05 0.02811926 0.0004398068 0.005508225 0.0002801995 0.008530123 0.003681608 7.803023e-05 0.0001489668 2.48278e-05 0 1.418732e-05 2.48278e-05 0 3.546829e-06 0.0003334019 7.44834e-05 8.512389e-05 4.610877e-05 0 3.546829e-06 0 7.803023e-05 0 3.546829e-06 1.418732e-05 3.546829e-06 0 7.093658e-06 3.546829e-06 7.093658e-06 0 0.000414979 0 3.546829e-06 3.546829e-06 0.000351136 0.0002234502 1.064049e-05 0 1.418732e-05 1.064049e-05 8.867072e-05 5.320243e-05 0.0001205922 7.093658e-06 7.803023e-05 3.546829e-06 7.093658e-06 2.48278e-05 0 3.546829e-06
4.610877e-05 3.546829e-06 3.192146e-05 0.003124756 8.157706e-05 0.003933433 0.004156883 0.001854991 0.001588979 0.008852885 8.512389e-05 0.003972448 4.610877e-05 0.002135191 0.0006490697 3.546829e-06 3.901512e-05 3.546829e-06 2.128097e-05 0.003585844 5.674926e-05 1.418732e-05 6.384292e-05 0.003706436 7.093658e-06 5.674926e-05 6.738975e-05 0.004582503 0.001727306 0.0001276858 7.093658e-06 0.003007711 1.418732e-05 0.0003759639 3.192146e-05 0.02615077 0.0001205922 0.001049861 5.674926e-05 0.003681608 2.48278e-05 3.192146e-05 8.867072e-05 4.610877e-05 0 1.064049e-05 5.674926e-05 0 1.064049e-05 0.0007058189 0.0001489668 8.867072e-05 0.0001312327 0 0 0 0.0001347795 0 0 1.064049e-05 0 3.546829e-06 3.546829e-06 0 0 1.064049e-05 0.0005887736 0 7.093658e-06 3.546829e-06 0.0005994141 0.0003653234 1.064049e-05 0 7.093658e-06 1.418732e-05 0.000166701 0 6.738975e-05 3.546829e-06 0.0003617765 7.093658e-06 2.128097e-05 4.96556e-05 0 3.546829e-06
2.128097e-05 0.0007093658 3.192146e-05 1.064049e-05 0 2.128097e-05 9.576438e-05 1.064049e-05 7.093658e-05 2.837463e-05 0.01442141 1.064049e-05 0.03069426 5.674926e-05 0 0.0001596073 6.029609e-05 0.0002731058 7.093658e-05 7.093658e-06 0.0008512389 0.0001205922 0.002188393 0.0001383263 0.007175235 0.001244937 0.002089082 0.0004007917 4.256195e-05 0.000226997 0.0004469004 0 3.546829e-06 0.006611289 0.0004681814 0.01880883 0.003273723 0.01258415 0.001482574 7.803023e-05 3.192146e-05 3.192146e-05 3.546829e-05 0 0 7.093658e-06 0 0 0 0 0 0 0 3.192146e-05 0 9.576438e-05 0 0 0 0 7.44834e-05 3.546829e-05 0 0 3.546829e-06 0 3.546829e-06 6.029609e-05 5.674926e-05 7.093658e-05 1.064049e-05 0 0 7.093658e-06 0 0 0 0.0001631541 2.837463e-05 5.320243e-05 2.837463e-05 3.546829e-05 0 3.546829e-06 1.418732e-05 0
1.064049e-05 3.192146e-05 9.221755e-05 0.0002624653 0 8.512389e-05 0.0006490697 2.837463e-05 0.0002766526 0.0005674926 3.901512e-05 8.867072e-05 3.901512e-05 0.000166701 0 0.0005355711 2.837463e-05 1.064049e-05 7.44834e-05 0.00014542 0.0009434565 6.029609e-05 0.003390768 0.001042768 1.418732e-05 0.0001986224 0.001546417 0.00181243 0.0002801995 0.0002837463 3.546829e-06 4.256195e-05 0 0.0001347795 0.001908194 0.006182123 0.001933022 0.002674309 0.0005036497 0.0001489668 8.867072e-05 3.546829e-05 1.064049e-05 1.064049e-05 0 1.418732e-05 0 0 0 8.157706e-05 1.064049e-05 3.546829e-05 2.128097e-05 3.546829e-06 0 3.546829e-06 1.064049e-05 0 3.546829e-06 1.064049e-05 0 0 0 0 1.773414e-05 3.546829e-06 0.0001312327 0 2.48278e-05 2.128097e-05 0.0001489668 8.157706e-05 0 0 3.546829e-06 3.546829e-06 2.837463e-05 0.0001347795 9.931121e-05 3.546829e-06 4.96556e-05 2.48278e-05 3.546829e-06 7.093658e-06 0 1.064049e-05
