0.01270431 8.82244e-06 0.0007440257 0.0001235142 3.823057e-05 0.000582281 0.08216338 0.02944342 4.117138e-05 0.001532164 0.0002911405 7.352033e-05 1.764488e-05 0.08841849 2.940813e-06 0 0.006378624 9.704684e-05 0.002087977 7.940196e-05 0.001029285 0 0.0008440134 0.0002117385 5.881626e-06 0.001605684 0.0001117509 0.004031855 0.06199528 0.04438569 5.881626e-06 0.00108516 0.0003793649 0.0132513 0 0.002370295 0.0001176325 0.006996195 0.0008881256 0.0001558631 0.0001999753 2.940813e-06 2.646732e-05 0 0 0 0 0 0 2.352651e-05 0 8.82244e-06 0 0 0 2.940813e-06 0 0 2.058569e-05 2.940813e-06 0 0 0 5.881626e-06 0 0 0.0001235142 0 5.881626e-06 2.940813e-06 0.0002029161 0 2.940813e-06 0 0 0 0 0 2.940813e-06 2.940813e-06 8.82244e-06 0 0 0 0 0
8.82244e-06 0.005887508 0.002129149 2.940813e-06 3.234895e-05 5.881626e-06 0.0001382182 3.234895e-05 0.009681157 1.470407e-05 0.001038107 5.881626e-06 0.005969851 2.058569e-05 0.0002999629 0.000755789 0.002379118 2.352651e-05 0.004511207 2.940813e-06 0.0001588039 0.08808618 0.0003881873 0.02145323 0.03550444 0.05620776 0.1424648 0.001317484 5.881626e-06 3.823057e-05 0.0001146917 5.881626e-06 0 0.002752601 2.940813e-06 0.004931744 0.002202669 0.008778327 0.001179266 0.0002940813 0 0.0007851971 2.058569e-05 2.940813e-06 0.0006852095 0.002543803 0 0 2.940813e-06 1.470407e-05 0 1.764488e-05 0 8.82244e-05 0 0.0007587298 0 0 2.940813e-05 0.001179266 0.0001617447 0.00104987 0 4.117138e-05 2.352651e-05 0.000141159 4.117138e-05 0.001464525 0.005743408 0.02458226 3.234895e-05 2.940813e-06 1.470407e-05 0.000141159 0 0 0.0002440875 8.82244e-06 0.0005411096 0.0004617077 0.0005587545 0.0001558631 0 0 0.0001088101 0
0.0007440257 0.002129149 0.03884226 2.646732e-05 0 0.0001617447 0.02600267 0.001911529 5.881626e-06 7.352033e-05 0.0004822934 1.470407e-05 0.0001470407 0.002943754 2.940813e-06 0.0002117385 0.2659848 0.0006469789 0.01739785 5.881626e-06 0.05724587 0.001241023 0.1428529 0.0002352651 5.881626e-06 0.2037542 0.03508684 0.04194482 0.0007293217 0.01540692 2.940813e-05 9.704684e-05 2.058569e-05 0.05176125 0.0001499815 0.07219696 0.1358391 0.08099 0.0219767 0.000676387 8.82244e-06 5.587545e-05 0.0004146547 2.940813e-06 0.004428865 0.02535863 0 0 5.881626e-06 0.0001176325 1.764488e-05 1.470407e-05 2.940813e-06 2.058569e-05 0 0 1.470407e-05 0 0.001726257 0.001732139 8.82244e-06 7.057952e-05 0 0.0003999506 0.004922921 0.006552132 0.000455826 8.82244e-06 0.001435117 0.1004464 0.0008234277 2.058569e-05 6.469789e-05 0 0 0 0.0008322501 6.175708e-05 0.004825874 0.0006793278 0.002920228 0.0006440381 8.82244e-06 1.176325e-05 2.940813e-06 1.470407e-05
0.0001235142 2.940813e-06 2.646732e-05 0.02353827 0.0005852218 0.006684468 0.004249475 0.004308291 0.03028155 0.02136501 0.0001705672 0.1734756 1.470407e-05 0.003993624 0.01105158 0 4.41122e-05 1.470407e-05 3.823057e-05 0.05044965 8.82244e-06 5.881626e-06 8.82244e-06 0.04068615 0 7.646114e-05 2.058569e-05 0.01457761 0.004481799 7.352033e-05 0 0.000708736 9.116521e-05 0.003946571 8.82244e-06 0.005540492 7.646114e-05 0.005211121 0.0006910911 0.01101335 0.0003852465 0 7.352033e-05 5.881626e-06 2.646732e-05 0 0.0008793031 0 0.0001146917 0.003967157 0.0002411467 0.003155493 0.004370048 1.764488e-05 0.0006940319 2.940813e-06 0.0001970345 0.0004381812 1.176325e-05 0 2.940813e-06 5.881626e-06 0.0002970221 2.940813e-06 5.587545e-05 0 0.01016051 5.881626e-06 1.176325e-05 2.646732e-05 0.01071338 9.998765e-05 5.881626e-06 0 5.881626e-06 0 5.293464e-05 0 7.352033e-05 1.176325e-05 0.0002352651 5.881626e-06 0.0005087607 2.058569e-05 0 0
3.823057e-05 3.234895e-05 0 0.0005852218 0.0001705672 0.002779068 0.001508637 0.002093859 0.002296775 0.002090918 1.176325e-05 0.004408279 2.940813e-06 0.0003705425 0.02624676 0 2.058569e-05 2.940813e-06 1.176325e-05 0.0007146176 5.881626e-06 0.000126455 0 0.002358532 5.293464e-05 1.176325e-05 2.058569e-05 0.001349833 0.0005969851 6.76387e-05 0 0.002367355 5.881626e-06 0.0004322995 0 0.0006558013 8.82244e-06 0.0009322378 0.000141159 0.03046977 0.0005293464 0 8.82244e-06 2.940813e-06 0 0 5.881626e-06 0 0 2.352651e-05 0 2.940813e-05 1.470407e-05 0 0 0 0 0 0 0 0 0 0 0 2.940813e-06 0 0.0001293958 0 0 0 7.940196e-05 0 0 0 0 0 0 0 5.881626e-06 0 2.940813e-06 2.940813e-06 0 5.881626e-06 0 0
0.000582281 5.881626e-06 0.0001617447 0.006684468 0.002779068 0.2035572 0.157954 0.08734509 0.00126455 0.3858082 0.0004852342 0.07383794 3.528976e-05 0.01156916 0.01640974 0 0.0005763994 5.881626e-05 0.0002499691 0.01795955 0.0001205733 3.528976e-05 4.117138e-05 0.00177331 8.82244e-06 0.000394069 8.82244e-05 0.07413496 0.007057952 0.0009881132 2.940813e-06 0.003155493 0.0002352651 0.008313679 2.058569e-05 0.005790461 0.0001852712 0.008160757 0.001073397 0.01185148 0.002658495 0 6.76387e-05 0 0 0 0.000141159 0 5.881626e-06 0.0003499568 1.176325e-05 0.0002058569 0.0001293958 2.940813e-06 2.058569e-05 0 1.470407e-05 5.881626e-06 1.176325e-05 0 0 0 5.881626e-06 2.940813e-06 5.881626e-06 8.82244e-06 0.001323366 0 0 1.470407e-05 0.00108516 8.82244e-06 8.82244e-06 0 0 2.940813e-06 1.470407e-05 0 4.41122e-05 2.940813e-06 4.41122e-05 0 1.764488e-05 0 0 0
0.08216338 0.0001382182 0.02600267 0.004249475 0.001508637 0.157954 0.1511284 0.3125026 0.01475994 0.08730098 0.002834944 0.001388064 0.0002529099 0.2631616 0.001485111 6.175708e-05 0.05339929 0.0006263932 0.01748019 0.001314543 0.03716306 0.001088101 0.01328659 0.01486581 0.0002235018 0.02975515 0.007949018 0.1539751 0.1806953 0.04265944 1.764488e-05 0.007384382 0.01468936 0.1081219 0.000220561 0.1545103 0.004834697 0.1398239 0.03198723 0.009560584 0.005625776 1.470407e-05 0.00141159 2.940813e-05 7.646114e-05 5.293464e-05 0.0001558631 0 0.0001146917 0.005381688 0.0002411467 0.003670135 0.001111627 2.646732e-05 0.0001235142 2.940813e-06 0.0002823181 2.352651e-05 0.0006675646 2.352651e-05 2.940813e-06 2.940813e-06 0.0001029285 0.0002176202 0.000314667 6.469789e-05 0.02683492 0 6.76387e-05 0.0003764241 0.02363532 0.0003911282 9.704684e-05 0 2.940813e-06 2.646732e-05 0.0002646732 4.117138e-05 0.0009175337 4.117138e-05 0.0008204869 5.587545e-05 0.0001058693 9.410602e-05 0 1.764488e-05
0.02944342 3.234895e-05 0.001911529 0.004308291 0.002093859 0.08734509 0.3125026 0.1312897 0.0009410602 0.1252286 0.001341011 0.0274819 5.587545e-05 0.1194823 0.01692438 5.881626e-06 0.01178678 0.0002705548 0.004643544 0.01028991 0.002182083 0.0001029285 0.001293958 0.003767182 1.470407e-05 0.004587669 0.0005528729 0.04794114 0.03388993 0.03862758 2.940813e-05 0.004414161 0.001785074 0.03826586 3.234895e-05 0.02703784 0.000849895 0.0367984 0.00589339 0.03170785 0.009260621 8.82244e-06 0.000267614 2.940813e-06 8.82244e-06 1.176325e-05 6.76387e-05 0 8.82244e-06 0.0006822687 4.705301e-05 0.0002705548 0.0001205733 5.881626e-06 2.352651e-05 0 3.823057e-05 5.881626e-06 4.999382e-05 2.940813e-06 0 2.940813e-06 1.176325e-05 1.470407e-05 3.528976e-05 0 0.003420166 0 2.940813e-06 1.470407e-05 0.002920228 4.999382e-05 5.881626e-06 0 0 5.881626e-06 2.058569e-05 5.881626e-06 0.0001911529 2.940813e-06 9.998765e-05 2.058569e-05 1.470407e-05 8.82244e-06 0 0
4.117138e-05 0.009681157 5.881626e-06 0.03028155 0.002296775 0.00126455 0.01475994 0.0009410602 0.01118391 0.0171567 9.998765e-05 0.009775263 0.0004352404 0.0006969727 0.01383359 1.176325e-05 5.881626e-06 2.940813e-06 2.940813e-06 0.007951959 1.764488e-05 0.02793184 0 0.1918881 0.01444233 0.000220561 0.008243099 0.1047077 0.00097635 0.0004528852 2.940813e-06 0.0001029285 0.0001029285 0.0007704931 2.940813e-06 0.001661559 0.0001176325 0.001023403 0.0002264426 0.006643297 7.646114e-05 8.82244e-06 1.176325e-05 2.940813e-05 4.705301e-05 5.881626e-06 0.002443816 8.528358e-05 0.0004352404 0.009522353 0.0008851848 0.003031978 0.01238082 0.0001176325 0.002970221 3.528976e-05 0.0007293217 0.002343828 0.0003646608 0 8.82244e-06 2.646732e-05 0.001043989 7.352033e-05 0.0004499444 8.82244e-06 0.03541033 1.470407e-05 8.234277e-05 0.0001205733 0.03142553 0.0003764241 3.823057e-05 2.940813e-06 1.764488e-05 2.646732e-05 0.0003734833 2.940813e-06 0.0002470283 6.76387e-05 0.0008381318 4.999382e-05 0.002576152 7.057952e-05 2.940813e-06 8.82244e-06
0.001532164 1.470407e-05 7.352033e-05 0.02136501 0.002090918 0.3858082 0.08730098 0.1252286 0.0171567 0.3081266 0.002870234 0.1127331 0.0002499691 0.07436728 0.004031855 2.940813e-06 0.0002705548 0.0003029038 0.000488175 0.02302657 9.116521e-05 1.470407e-05 5.587545e-05 0.008760683 0 0.001211615 0.0001352774 0.05858688 0.04764411 0.0005675769 4.117138e-05 0.00882538 0.0001999753 0.04712359 7.940196e-05 0.04047441 0.000849895 0.05396392 0.003758359 0.01561866 0.003755418 1.764488e-05 0.0007352033 1.764488e-05 4.999382e-05 0 0.0008587175 2.940813e-06 0.0002734956 0.008216632 0.0005028791 0.004255357 0.00527876 5.293464e-05 0.0007381441 2.940813e-06 0.0003587792 0.0003264303 2.352651e-05 2.940813e-06 0 2.940813e-06 0.0003352527 8.82244e-06 7.940196e-05 2.940813e-06 0.02206198 2.940813e-06 2.940813e-06 0.0001176325 0.02127384 0.0002440875 2.352651e-05 0 1.470407e-05 8.82244e-06 0.0001764488 5.881626e-06 0.0004234771 1.470407e-05 0.00061463 2.352651e-05 0.0004852342 3.823057e-05 2.940813e-06 2.940813e-06
0.0002911405 0.001038107 0.0004822934 0.0001705672 1.176325e-05 0.0004852342 0.002834944 0.001341011 9.998765e-05 0.002870234 0.1132801 0.001252786 0.06631828 0.002114445 7.057952e-05 5.587545e-05 0.0008263685 0.03616024 0.0222943 0.0005881626 0.001226319 0.0002911405 0.003443692 0.0002940813 0.002952576 0.1483346 0.01093394 0.002226196 0.002155616 0.001032225 0.01123391 0.0004440628 3.234895e-05 0.09483534 0 0.01209851 0.160192 0.167494 0.03448103 0.0006440381 0.0001793896 0.02502926 2.646732e-05 0 0.0001558631 3.234895e-05 2.940813e-06 0 5.881626e-06 5.587545e-05 5.881626e-06 2.646732e-05 8.82244e-06 0.004131843 2.940813e-06 0.01972109 5.881626e-06 0 0 6.76387e-05 0.000347016 0.0002852589 0 8.82244e-06 3.528976e-05 1.176325e-05 0.0002705548 0.003137848 0.002208551 0.002093859 0.0002411467 1.176325e-05 0 0.001032225 0 0 0.0001117509 0 0.0005293464 0.01719199 0.0008293093 8.82244e-05 2.940813e-06 2.940813e-06 0.004211244 0
7.352033e-05 5.881626e-06 1.470407e-05 0.1734756 0.004408279 0.07383794 0.001388064 0.0274819 0.009775263 0.1127331 0.001252786 0.1226643 0.0001176325 0.01668323 0.03419284 2.940813e-06 2.646732e-05 0.0001088101 0.0001440998 0.1070456 5.881626e-06 8.82244e-06 2.940813e-06 0.003937749 5.881626e-06 0.0004322995 7.057952e-05 0.07654937 0.0116368 0.0001029285 1.470407e-05 0.005158186 5.881626e-06 0.01910058 1.470407e-05 0.005805165 0.0002293834 0.01310426 0.0005293464 0.02906112 0.002302657 2.940813e-06 7.646114e-05 5.881626e-06 0 0 0.001682145 2.940813e-06 7.057952e-05 0.0007646114 0.0001117509 0.0005440504 0.001355715 1.176325e-05 0.001032225 0 7.940196e-05 0.0001852712 0 0 0 2.940813e-06 0.0002146794 0 2.940813e-06 0 0.002484987 0 2.940813e-06 5.881626e-06 0.002817299 2.352651e-05 2.940813e-06 0 0 0 5.881626e-05 0 4.117138e-05 2.940813e-06 7.940196e-05 0 0.0002823181 5.881626e-06 0 0
1.764488e-05 0.005969851 0.0001470407 1.470407e-05 2.940813e-06 3.528976e-05 0.0002529099 5.587545e-05 0.0004352404 0.0002499691 0.06631828 0.0001176325 0.05054082 0.0001235142 3.528976e-05 1.470407e-05 0.0004058322 0.00097635 0.001393945 3.823057e-05 4.41122e-05 0.002223255 2.646732e-05 0.0009939949 0.03725716 0.008640109 0.01733315 0.0004264179 0.0001029285 9.704684e-05 0.004243593 2.352651e-05 2.940813e-06 0.02831121 9.704684e-05 0.0191094 0.1738285 0.06822687 0.01684204 0.0003528976 7.352033e-05 0.04359756 6.469789e-05 0 0.0003999506 5.881626e-06 0 0 2.940813e-06 1.176325e-05 2.940813e-06 5.293464e-05 2.352651e-05 0.01542457 1.764488e-05 0.07840502 1.470407e-05 5.881626e-06 0 3.528976e-05 0.001708612 0.001152799 0 1.176325e-05 0.0001176325 1.470407e-05 6.469789e-05 0.01971227 0.009416484 0.01094277 2.646732e-05 8.82244e-06 8.82244e-06 0.004243593 0 0 0.0004322995 8.528358e-05 0.0008763623 0.0454091 0.002673199 0.0002499691 5.881626e-06 2.940813e-06 0.0112986 2.940813e-06
0.08841849 2.058569e-05 0.002943754 0.003993624 0.0003705425 0.01156916 0.2631616 0.1194823 0.0006969727 0.07436728 0.002114445 0.01668323 0.0001235142 0.1248316 0.002211492 1.176325e-05 0.02168262 0.0003999506 0.008013716 0.009028297 0.002967281 6.175708e-05 0.002320302 0.003646608 0 0.007249105 0.0006234524 0.04795878 0.1222231 0.08967128 2.940813e-05 0.009063586 0.001643915 0.06338629 1.764488e-05 0.02131501 0.0008645991 0.04490916 0.005355221 0.007363796 0.002002694 2.940813e-06 0.0001970345 1.470407e-05 1.764488e-05 0 2.940813e-05 0 1.764488e-05 0.0005940443 1.764488e-05 0.0001940937 5.881626e-05 2.940813e-06 1.176325e-05 0 4.117138e-05 5.881626e-06 5.293464e-05 1.470407e-05 0 1.176325e-05 2.940813e-06 2.058569e-05 1.470407e-05 2.940813e-06 0.002834944 0 2.058569e-05 2.058569e-05 0.002755542 5.293464e-05 0 0 2.940813e-06 2.940813e-06 3.234895e-05 2.940813e-06 0.000173508 1.470407e-05 7.057952e-05 1.176325e-05 8.82244e-06 2.940813e-06 0 2.940813e-06
2.940813e-06 0.0002999629 2.940813e-06 0.01105158 0.02624676 0.01640974 0.001485111 0.01692438 0.01383359 0.004031855 7.057952e-05 0.03419284 3.528976e-05 0.002211492 0.008404844 0 2.940813e-06 1.176325e-05 5.881626e-06 0.008890078 0 0.001696849 2.940813e-06 0.02899936 0.0004587669 4.41122e-05 0.0003352527 0.01035754 0.0005264056 1.764488e-05 0 0.004896454 0 0.001646855 0 0.0005587545 2.058569e-05 0.00115574 8.234277e-05 0.01390416 0.001455703 0 2.940813e-06 0 2.940813e-06 0 6.175708e-05 0 2.940813e-06 5.881626e-05 2.940813e-06 0.0001499815 4.41122e-05 0 2.058569e-05 0 2.940813e-06 1.764488e-05 8.82244e-06 0 0 0 5.881626e-06 0 1.470407e-05 0 0.0005205239 0 0 0 0.0003911282 5.881626e-06 0 0 0 0 0 0 1.176325e-05 2.940813e-06 1.470407e-05 0 1.764488e-05 0 0 2.940813e-06
0 0.000755789 0.0002117385 0 0 0 6.175708e-05 5.881626e-06 1.176325e-05 2.940813e-06 5.587545e-05 2.940813e-06 1.470407e-05 1.176325e-05 0 0.07364384 0.001308662 1.176325e-05 0.0001176325 0 0.01965934 0.03832174 0.04856459 0.01290723 0.0008675399 0.0005734586 0.126802 0.009528235 8.82244e-06 0.0003734833 2.940813e-06 0 0 0.004137724 0.0001352774 0.05421095 0.02525864 0.01392769 0.007504955 0.0002646732 2.352651e-05 5.881626e-06 0.000220561 5.881626e-06 0.0002440875 0.0006587422 0 2.940813e-06 0 5.293464e-05 2.940813e-06 0.0007881379 2.940813e-06 2.940813e-06 2.940813e-06 0 8.82244e-06 5.881626e-06 0.09742326 6.175708e-05 0 1.176325e-05 0 0.01477465 0.04680598 0.02757895 0.01658325 0 7.057952e-05 0.03311944 0.02624676 2.352651e-05 3.823057e-05 0 0 1.176325e-05 4.999382e-05 3.528976e-05 0.0008322501 0.0002176202 0.0003381935 8.82244e-05 3.823057e-05 2.940813e-06 2.940813e-06 0
0.006378624 0.002379118 0.2659848 4.41122e-05 2.058569e-05 0.0005763994 0.05339929 0.01178678 5.881626e-06 0.0002705548 0.0008263685 2.646732e-05 0.0004058322 0.02168262 2.940813e-06 0.001308662 0.01041636 0.001211615 0.02560566 1.176325e-05 0.1054987 9.116521e-05 0.04136842 0.0008528358 8.82244e-06 0.03702778 0.2330771 0.04755001 0.007743161 0.08856847 0 0.0003881873 0.0001440998 0.02854059 1.470407e-05 0.02169438 0.07482017 0.03444574 0.005840455 0.0003352527 9.704684e-05 0.0004528852 7.057952e-05 2.940813e-06 0.001749784 0.004981738 0 0 0 3.823057e-05 2.940813e-06 2.940813e-06 2.940813e-06 1.470407e-05 0 2.940813e-06 2.940813e-06 0 0.0001529223 0.002199728 2.940813e-06 0.0002911405 0 7.940196e-05 8.528358e-05 0.0001852712 0.0003676016 2.940813e-06 0.004655307 0.01449233 0.0007057952 0 5.881626e-06 0 0 0 0.0004675893 8.82244e-06 0.001396886 0.0006587422 0.001123391 0.0001852712 2.940813e-06 2.940813e-06 2.940813e-06 2.940813e-06
9.704684e-05 2.352651e-05 0.0006469789 1.470407e-05 2.940813e-06 5.881626e-05 0.0006263932 0.0002705548 2.940813e-06 0.0003029038 0.03616024 0.0001088101 0.00097635 0.0003999506 1.176325e-05 1.176325e-05 0.001211615 0.003199605 0.004755295 5.293464e-05 0.0003176078 8.82244e-06 0.0002176202 2.646732e-05 3.528976e-05 0.02569977 0.007560831 0.0004969974 0.0003058446 0.0004822934 0.0003793649 3.528976e-05 8.82244e-06 0.01423942 0 0.006122773 0.04714712 0.05606072 0.009295911 0.000141159 8.528358e-05 5.587545e-05 2.058569e-05 0 6.175708e-05 2.352651e-05 0 0 0 8.82244e-06 0 2.940813e-06 2.940813e-06 0.0002087977 0 0.001605684 0 0 2.940813e-06 6.469789e-05 0.0001705672 0.0004940566 0 2.940813e-06 0 0 1.764488e-05 0.0007793155 0.001064574 0.001682145 1.764488e-05 0 5.881626e-06 0.0001558631 0 0 0 0 0.0001352774 0.000408773 4.117138e-05 5.881626e-06 0 2.940813e-06 8.82244e-06 0
0.002087977 0.004511207 0.01739785 3.823057e-05 1.176325e-05 0.0002499691 0.01748019 0.004643544 2.940813e-06 0.000488175 0.0222943 0.0001440998 0.001393945 0.008013716 5.881626e-06 0.0001176325 0.02560566 0.004755295 0.02595562 7.646114e-05 0.01124861 6.469789e-05 0.007260868 0.0001058693 0.0001058693 0.05224943 0.03865993 0.01084572 0.003499568 0.01559513 3.528976e-05 0.000173508 5.293464e-05 0.0501144 1.764488e-05 0.0463031 0.1301222 0.1632945 0.01600391 0.0009587051 6.175708e-05 0.001432176 8.528358e-05 5.881626e-06 0.002199728 0.00213503 0 0 0 3.823057e-05 2.940813e-06 2.940813e-06 2.940813e-06 0.0001088101 0 0.0004499444 0 0 4.117138e-05 0.00506408 0.0001352774 0.004661189 0 7.352033e-05 1.764488e-05 9.704684e-05 7.057952e-05 0.001173384 0.01368654 0.01927115 0.0001382182 2.940813e-06 2.058569e-05 6.469789e-05 0 0 0.0005322872 1.470407e-05 0.001649796 0.001191029 0.001199852 0.0002029161 0 0 1.176325e-05 0
7.940196e-05 2.940813e-06 5.881626e-06 0.05044965 0.0007146176 0.01795955 0.001314543 0.01028991 0.007951959 0.02302657 0.0005881626 0.1070456 3.823057e-05 0.009028297 0.008890078 0 1.176325e-05 5.293464e-05 7.646114e-05 0.005384629 5.881626e-06 2.940813e-06 0 0.003323119 5.881626e-06 0.000220561 3.823057e-05 0.02144441 0.006960905 7.057952e-05 8.82244e-06 0.001832127 5.881626e-06 0.008331324 8.82244e-06 0.00455826 0.0001293958 0.007731398 0.0003117262 0.00979879 0.0008234277 2.940813e-06 7.352033e-05 5.881626e-06 2.940813e-06 0 0.0003381935 2.940813e-06 4.117138e-05 0.001255727 7.940196e-05 0.0007381441 0.001249846 2.352651e-05 0.0002058569 0 7.352033e-05 6.76387e-05 0 0 2.940813e-06 0 8.82244e-05 0 2.058569e-05 0 0.00339958 2.940813e-06 0 2.940813e-06 0.003402521 3.528976e-05 2.940813e-06 0 0 0 3.234895e-05 0 4.999382e-05 8.82244e-06 9.998765e-05 0 0.0001705672 5.881626e-06 0 2.940813e-06
0.001029285 0.0001588039 0.05724587 8.82244e-06 5.881626e-06 0.0001205733 0.03716306 0.002182083 1.764488e-05 9.116521e-05 0.001226319 5.881626e-06 4.41122e-05 0.002967281 0 0.01965934 0.1054987 0.0003176078 0.01124861 5.881626e-06 0.1612566 0.003352527 0.3546738 0.002911405 0.0001323366 0.02971104 0.06368037 0.1179854 0.002008575 0.06890913 2.058569e-05 6.76387e-05 5.587545e-05 0.1153269 0.0008146053 0.3819411 0.04889984 0.2256339 0.0784609 0.001073397 0.0004499444 1.470407e-05 0.001370419 2.940813e-06 9.116521e-05 0.0002852589 0 0 2.940813e-06 8.234277e-05 5.881626e-06 0.0005675769 8.82244e-06 2.940813e-06 2.940813e-06 5.881626e-06 0 1.470407e-05 0.03797766 2.940813e-05 2.940813e-06 1.470407e-05 0 0.01132507 0.006305103 0.003511331 0.01558925 0 4.999382e-05 0.003920104 0.0292905 8.528358e-05 4.705301e-05 0 0 1.470407e-05 8.528358e-05 0.0001205733 0.001593921 7.646114e-05 0.0001852712 2.646732e-05 1.764488e-05 2.940813e-06 0 0
0 0.08808618 0.001241023 5.881626e-06 0.000126455 3.528976e-05 0.001088101 0.0001029285 0.02793184 1.470407e-05 0.0002911405 8.82244e-06 0.002223255 6.175708e-05 0.001696849 0.03832174 9.116521e-05 8.82244e-06 6.469789e-05 2.940813e-06 0.003352527 0.01268373 0.003767182 0.1086601 0.07493486 0.001402768 0.1274548 0.01189559 6.76387e-05 9.704684e-05 1.176325e-05 2.940813e-06 8.82244e-06 0.0001558631 0 0.001449821 0.001038107 0.0005558137 0.0001323366 0.001105746 2.940813e-06 0.0001058693 0 0 9.410602e-05 0.0004234771 0 0 0 2.058569e-05 5.881626e-06 0.0002940813 5.881626e-06 1.470407e-05 0 8.234277e-05 5.881626e-06 8.82244e-06 0.006975609 4.41122e-05 2.940813e-06 2.646732e-05 2.940813e-06 0.001114568 0.002376177 0.001802718 0.00332606 2.352651e-05 0.0001382182 0.01136036 0.002999629 2.940813e-06 2.940813e-06 0 0 0 2.352651e-05 8.82244e-06 0.0002470283 0.0001176325 0.0001205733 3.234895e-05 8.82244e-06 0 1.470407e-05 0
0.0008440134 0.0003881873 0.1428529 8.82244e-06 0 4.117138e-05 0.01328659 0.001293958 0 5.587545e-05 0.003443692 2.940813e-06 2.646732e-05 0.002320302 2.940813e-06 0.04856459 0.04136842 0.0002176202 0.007260868 0 0.3546738 0.003767182 0.1404385 0.006299222 1.176325e-05 0.02260897 0.1494609 0.09464125 0.0007675522 0.04728534 0 4.999382e-05 1.470407e-05 0.1292193 0.001202793 0.4608725 0.1780898 0.3237953 0.1132448 0.003902459 0.0001293958 1.176325e-05 0.002714371 2.940813e-06 0.0001293958 0.0005381688 0 0 0 2.646732e-05 0 7.646114e-05 0 0 0 0 0 2.940813e-06 0.04325936 5.293464e-05 0 1.470407e-05 0 0.004402397 0.01867416 0.01473347 0.002608501 2.940813e-06 9.116521e-05 0.02288541 0.004817052 2.940813e-06 8.82244e-06 0 0 0 2.058569e-05 0.0002852589 0.001549809 9.410602e-05 0.0002529099 9.998765e-05 2.940813e-06 0 0 0
0.0002117385 0.02145323 0.0002352651 0.04068615 0.002358532 0.00177331 0.01486581 0.003767182 0.1918881 0.008760683 0.0002940813 0.003937749 0.0009939949 0.003646608 0.02899936 0.01290723 0.0008528358 2.646732e-05 0.0001058693 0.003323119 0.002911405 0.1086601 0.006299222 0.09372372 0.03818058 0.00108516 0.05670182 0.1388181 0.009090054 0.01383653 0 0.0005499321 0.001249846 0.009725269 8.234277e-05 0.05773993 0.008131348 0.0169832 0.006131596 0.01964463 0.0007999012 4.41122e-05 0.0002382059 0.000141159 0.0001940937 0.0001999753 0.0008704807 5.881626e-06 0.0002646732 0.01477759 0.0007793155 0.02637027 0.005384629 7.940196e-05 0.0007969604 5.881626e-05 0.0006881503 0.000394069 0.03003453 2.058569e-05 1.470407e-05 5.881626e-05 0.0003381935 0.007422613 0.01134566 0.0015204 0.1700702 3.528976e-05 0.0001676264 0.003234895 0.1417325 0.001473347 0.0003558384 0 8.82244e-06 8.528358e-05 0.0008940072 3.823057e-05 0.002252663 0.0002558507 0.002684962 0.0002852589 0.00072344 0.0002470283 8.82244e-06 4.41122e-05
5.881626e-06 0.03550444 5.881626e-06 0 5.293464e-05 8.82244e-06 0.0002235018 1.470407e-05 0.01444233 0 0.002952576 5.881626e-06 0.03725716 0 0.0004587669 0.0008675399 8.82244e-06 3.528976e-05 0.0001058693 5.881626e-06 0.0001323366 0.07493486 1.176325e-05 0.03818058 0.002787891 0.006322748 0.09190629 0.002823181 0 5.881626e-06 0.0008851848 2.940813e-06 2.940813e-06 0.00036172 0 0.000488175 0.007243223 0.001288076 0.0003411343 0.0004969974 0 0.003820116 0 0 0.0006263932 0 0 0 0 8.82244e-06 2.940813e-06 2.940813e-05 0 0.003899518 2.940813e-06 0.01734786 1.470407e-05 0 0 8.234277e-05 0.0004969974 0.001014581 0 1.176325e-05 2.646732e-05 8.82244e-06 7.940196e-05 0.005078784 0.003520153 0.006710936 3.823057e-05 2.940813e-06 1.764488e-05 0.0008616583 0 0 0.0001235142 0 6.175708e-05 0.0104987 0.0006646238 8.528358e-05 2.940813e-06 2.940813e-06 0.002658495 2.940813e-06
0.001605684 0.05620776 0.2037542 7.646114e-05 1.176325e-05 0.000394069 0.02975515 0.004587669 0.000220561 0.001211615 0.1483346 0.0004322995 0.008640109 0.007249105 4.41122e-05 0.0005734586 0.03702778 0.02569977 0.05224943 0.000220561 0.02971104 0.001402768 0.02260897 0.00108516 0.006322748 0.2451668 0.2382206 0.02786421 0.003087854 0.01470407 0.002632028 0.0003234895 4.41122e-05 0.07405262 5.293464e-05 0.1354803 0.442116 0.2884203 0.04992324 0.002167379 0.000267614 0.002467342 0.0002734956 2.058569e-05 0.03705719 0.0203122 0 0 0 0.0004940566 4.999382e-05 7.646114e-05 1.470407e-05 0.003305474 0 0.02474694 7.352033e-05 0 9.704684e-05 0.03469277 0.004478858 0.04662953 5.881626e-06 0.0005469913 0.0001646855 0.001185148 0.0002852589 0.03223425 0.1276195 0.2052158 0.0005646361 3.528976e-05 0.0005117015 0.002646732 0 5.881626e-06 0.004043618 8.82244e-05 0.01054282 0.01248375 0.01035166 0.001570394 5.881626e-06 1.764488e-05 0.000188212 3.823057e-05
0.0001117509 0.1424648 0.03508684 2.058569e-05 2.058569e-05 8.82244e-05 0.007949018 0.0005528729 0.008243099 0.0001352774 0.01093394 7.057952e-05 0.01733315 0.0006234524 0.0003352527 0.126802 0.2330771 0.007560831 0.03865993 3.823057e-05 0.06368037 0.1274548 0.1494609 0.05670182 0.09190629 0.2382206 0.374442 0.0754995 0.0003911282 0.001588039 0.0004146547 3.823057e-05 1.764488e-05 0.09724093 0.0003528976 0.2132325 0.2530834 0.2169497 0.05460502 0.002540863 4.117138e-05 0.001485111 0.001082219 2.646732e-05 0.07831091 0.09398839 0 0 5.881626e-06 0.0008351909 0.0001029285 0.0001352774 1.764488e-05 0.005614012 2.940813e-06 0.04335347 9.410602e-05 0 0.01251316 0.0303139 0.007096182 0.04837932 2.940813e-06 0.001876239 0.02935814 0.02484105 0.001564513 0.05125249 0.1335159 0.6090571 0.002773187 4.705301e-05 0.0007204992 0.005017027 5.881626e-06 5.881626e-06 0.0060022 0.0003587792 0.01897707 0.0165009 0.01676264 0.00310844 4.117138e-05 3.234895e-05 0.000488175 3.528976e-05
0.004031855 0.001317484 0.04194482 0.01457761 0.001349833 0.07413496 0.1539751 0.04794114 0.1047077 0.05858688 0.002226196 0.07654937 0.0004264179 0.04795878 0.01035754 0.009528235 0.04755001 0.0004969974 0.01084572 0.02144441 0.1179854 0.01189559 0.09464125 0.1388181 0.002823181 0.02786421 0.0754995 0.1577423 0.08920663 0.1092306 1.764488e-05 0.004078908 0.02103564 0.1631887 0.0007851971 0.430438 0.03894813 0.2486281 0.08544827 0.02085625 0.006143359 4.705301e-05 0.002361473 0.0003881873 0.0003117262 0.0004822934 0.001502756 2.940813e-06 0.0005234647 0.02564683 0.00162627 0.02416466 0.009048882 0.0001382182 0.001305721 1.470407e-05 0.001341011 0.0005528729 0.03601026 5.881626e-05 1.764488e-05 4.41122e-05 0.0005469913 0.01056634 0.007446139 0.00184389 0.235618 4.117138e-05 0.0002146794 0.004899395 0.2179643 0.003314296 0.0008528358 0 1.176325e-05 0.0002911405 0.001817423 0.0002176202 0.005284641 0.0004264179 0.005319931 0.0006028667 0.001135154 0.0006058075 0 7.646114e-05
0.06199528 5.881626e-06 0.0007293217 0.004481799 0.0005969851 0.007057952 0.1806953 0.03388993 0.00097635 0.04764411 0.002155616 0.0116368 0.0001029285 0.1222231 0.0005264056 8.82244e-06 0.007743161 0.0003058446 0.003499568 0.006960905 0.002008575 6.76387e-05 0.0007675522 0.009090054 0 0.003087854 0.0003911282 0.08920663 0.2640174 0.1040577 2.058569e-05 0.01061045 0.03955688 0.05845454 1.176325e-05 0.01734786 0.0008793031 0.04706772 0.004508267 0.00249381 0.001438058 2.940813e-06 0.0001911529 8.82244e-06 5.881626e-06 2.940813e-06 2.940813e-05 0 5.881626e-06 0.0005616953 1.470407e-05 0.0002176202 4.41122e-05 0 8.82244e-06 0 2.646732e-05 5.881626e-06 7.940196e-05 5.881626e-06 0 2.940813e-06 5.881626e-06 3.823057e-05 1.764488e-05 0 0.003752478 2.940813e-06 1.176325e-05 1.176325e-05 0.00358191 6.469789e-05 1.470407e-05 0 0 2.940813e-06 2.646732e-05 0 0.0001617447 2.940813e-06 0.0001382182 8.82244e-06 2.058569e-05 1.764488e-05 0 8.82244e-06
0.04438569 3.823057e-05 0.01540692 7.352033e-05 6.76387e-05 0.0009881132 0.04265944 0.03862758 0.0004528852 0.0005675769 0.001032225 0.0001029285 9.704684e-05 0.08967128 1.764488e-05 0.0003734833 0.08856847 0.0004822934 0.01559513 7.057952e-05 0.06890913 9.704684e-05 0.04728534 0.01383653 5.881626e-06 0.01470407 0.001588039 0.1092306 0.1040577 0.0586751 5.881626e-06 0.001514519 0.009595873 0.100867 9.998765e-05 0.167447 0.01061634 0.09101817 0.02936696 0.001611566 0.0016645 1.176325e-05 0.0006528605 5.881626e-05 1.470407e-05 2.646732e-05 0 0 8.82244e-06 0.0008557766 4.705301e-05 0.0004587669 1.764488e-05 0 0 0 8.82244e-05 0 0.002420289 1.176325e-05 0 3.234895e-05 0 0.0007352033 0.0002176202 4.705301e-05 0.0165656 2.940813e-06 3.528976e-05 9.704684e-05 0.02908464 0.0003999506 0.0001058693 0 0 2.940813e-05 0.0002323242 5.293464e-05 0.001017521 4.999382e-05 0.0006881503 0.0001029285 2.940813e-05 7.352033e-05 0 1.176325e-05
5.881626e-06 0.0001146917 2.940813e-05 0 0 2.940813e-06 1.764488e-05 2.940813e-05 2.940813e-06 4.117138e-05 0.01123391 1.470407e-05 0.004243593 2.940813e-05 0 2.940813e-06 0 0.0003793649 3.528976e-05 8.82244e-06 2.058569e-05 1.176325e-05 0 0 0.0008851848 0.002632028 0.0004146547 1.764488e-05 2.058569e-05 5.881626e-06 2.352651e-05 5.881626e-06 0 0.003899518 0 0.0009939949 0.01673029 0.009869369 0.002890819 3.234895e-05 1.176325e-05 0.0004440628 0 0 4.999382e-05 8.82244e-06 0 0 2.940813e-06 2.940813e-06 0 2.940813e-06 0 0.0007734339 5.881626e-06 0.005922798 0 0 0 1.176325e-05 0.0002440875 0.0002117385 0 0 8.82244e-06 5.881626e-06 8.82244e-06 0.002093859 0.001082219 0.001314543 8.82244e-06 0 5.881626e-06 0.0004440628 0 0 3.528976e-05 0 2.646732e-05 0.001393945 0.0001029285 2.940813e-05 0 0 8.234277e-05 0
0.00108516 5.881626e-06 9.704684e-05 0.000708736 0.002367355 0.003155493 0.007384382 0.004414161 0.0001029285 0.00882538 0.0004440628 0.005158186 2.352651e-05 0.009063586 0.004896454 0 0.0003881873 3.528976e-05 0.000173508 0.001832127 6.76387e-05 2.940813e-06 4.999382e-05 0.0005499321 2.940813e-06 0.0003234895 3.823057e-05 0.004078908 0.01061045 0.001514519 5.881626e-06 0.000141159 5.881626e-05 0.04088319 8.82244e-06 0.004834697 8.82244e-05 0.01108687 0.00151746 0.0136042 0.01768605 2.940813e-06 4.999382e-05 0 0 0 5.881626e-06 0 0 8.234277e-05 2.940813e-06 3.528976e-05 8.82244e-06 0 0 0 1.176325e-05 0 2.940813e-06 0 0 0 0 0 2.940813e-06 0 0.000535228 0 0 0 0.0004764117 5.881626e-06 2.940813e-06 0 0 0 5.881626e-06 0 1.176325e-05 0 1.764488e-05 0 0 0 0 2.940813e-06
0.0003793649 0 2.058569e-05 9.116521e-05 5.881626e-06 0.0002352651 0.01468936 0.001785074 0.0001029285 0.0001999753 3.234895e-05 5.881626e-06 2.940813e-06 0.001643915 0 0 0.0001440998 8.82244e-06 5.293464e-05 5.881626e-06 5.587545e-05 8.82244e-06 1.470407e-05 0.001249846 2.940813e-06 4.41122e-05 1.764488e-05 0.02103564 0.03955688 0.009595873 0 5.881626e-05 0.0006528605 0.001908588 0 0.0008704807 4.117138e-05 0.003490745 0.000220561 3.234895e-05 3.234895e-05 0 2.058569e-05 0 0 0 0 0 0 8.82244e-06 0 2.646732e-05 0 0 0 0 0 0 5.881626e-06 0 0 0 0 5.881626e-06 0 0 0.0001852712 0 2.940813e-06 0 0.0002146794 5.881626e-06 0 0 0 0 0 2.940813e-06 8.82244e-06 0 5.881626e-06 0 0 0 0 0
0.0132513 0.002752601 0.05176125 0.003946571 0.0004322995 0.008313679 0.1081219 0.03826586 0.0007704931 0.04712359 0.09483534 0.01910058 0.02831121 0.06338629 0.001646855 0.004137724 0.02854059 0.01423942 0.0501144 0.008331324 0.1153269 0.0001558631 0.1292193 0.009725269 0.00036172 0.07405262 0.09724093 0.1631887 0.05845454 0.100867 0.003899518 0.04088319 0.001908588 0.04399162 6.469789e-05 0.02461755 0.03430753 0.08970068 0.01242494 0.004208304 0.0006469789 0.004396516 0.0003646608 1.764488e-05 0.0003264303 0.0004793526 2.940813e-05 0 1.764488e-05 0.0007469666 5.587545e-05 0.0002264426 6.469789e-05 9.704684e-05 1.176325e-05 0.0002881997 3.528976e-05 2.940813e-06 0.0002176202 0.0002705548 2.940813e-06 0.0001617447 2.940813e-06 3.823057e-05 8.234277e-05 6.175708e-05 0.004534734 9.704684e-05 0.000802842 0.002067392 0.004211244 0.0001117509 2.352651e-05 1.764488e-05 0 5.881626e-06 0.0001176325 3.823057e-05 0.0005705178 0.0004940566 0.0002617324 3.234895e-05 1.470407e-05 1.470407e-05 6.175708e-05 2.940813e-06
0 2.940813e-06 0.0001499815 8.82244e-06 0 2.058569e-05 0.000220561 3.234895e-05 2.940813e-06 7.940196e-05 0 1.470407e-05 9.704684e-05 1.764488e-05 0 0.0001352774 1.470407e-05 0 1.764488e-05 8.82244e-06 0.0008146053 0 0.001202793 8.234277e-05 0 5.293464e-05 0.0003528976 0.0007851971 1.176325e-05 9.998765e-05 0 8.82244e-06 0 6.469789e-05 0.5003323 0.06109539 0.0007057952 0.001305721 0.005231707 3.823057e-05 0.0001235142 0.0001088101 0.000394069 2.940813e-06 0 3.823057e-05 0 0 0 4.117138e-05 2.940813e-06 0 0 0.0001088101 0 2.352651e-05 2.940813e-06 0 8.82244e-06 5.881626e-06 0 2.940813e-06 0 0.0001146917 0 8.82244e-05 2.058569e-05 1.764488e-05 4.41122e-05 8.528358e-05 7.646114e-05 5.881626e-06 2.352651e-05 0 0 0 1.470407e-05 0.3809206 0.002705548 0.0005234647 0.001073397 0.00271143 0 2.646732e-05 0.0001676264 3.823057e-05
0.002370295 0.004931744 0.07219696 0.005540492 0.0006558013 0.005790461 0.1545103 0.02703784 0.001661559 0.04047441 0.01209851 0.005805165 0.0191094 0.02131501 0.0005587545 0.05421095 0.02169438 0.006122773 0.0463031 0.00455826 0.3819411 0.001449821 0.4608725 0.05773993 0.000488175 0.1354803 0.2132325 0.430438 0.01734786 0.167447 0.0009939949 0.004834697 0.0008704807 0.02461755 0.06109539 0.05389628 0.3934338 0.119247 0.04669129 0.08245746 0.02719076 0.03401639 0.005811047 6.76387e-05 0.0005205239 0.0004528852 2.058569e-05 0 2.352651e-05 0.001670382 0.0001205733 0.0005940443 9.998765e-05 4.999382e-05 1.764488e-05 1.764488e-05 0.0001117509 1.764488e-05 0.001070456 0.0003911282 1.176325e-05 0.0002235018 1.176325e-05 0.0002646732 0.0003558384 0.0003499568 0.01684498 7.646114e-05 0.000991054 0.003229013 0.01810071 0.0005558137 0.000141159 2.940813e-06 0 4.705301e-05 0.0002823181 0.01053987 0.003949512 0.0002529099 0.0009175337 0.0005469913 6.175708e-05 9.116521e-05 4.999382e-05 3.528976e-05
0.0001176325 0.002202669 0.1358391 7.646114e-05 8.82244e-06 0.0001852712 0.004834697 0.000849895 0.0001176325 0.000849895 0.160192 0.0002293834 0.1738285 0.0008645991 2.058569e-05 0.02525864 0.07482017 0.04714712 0.1301222 0.0001293958 0.04889984 0.001038107 0.1780898 0.008131348 0.007243223 0.442116 0.2530834 0.03894813 0.0008793031 0.01061634 0.01673029 8.82244e-05 4.117138e-05 0.03430753 0.0007057952 0.3934338 0.06055723 0.145088 0.05536963 0.01138977 0.00187918 0.002187965 0.001420413 0 0.0006322748 0.0004175955 0 0 5.881626e-06 1.470407e-05 5.881626e-06 5.587545e-05 8.82244e-06 0.004978797 2.940813e-06 0.02502632 2.940813e-06 2.940813e-06 0.0001499815 0.0008146053 0.001041048 0.001070456 0 4.999382e-05 0.000126455 0.0001088101 0.0003646608 0.003040801 0.007181466 0.007713753 0.0004234771 2.058569e-05 1.470407e-05 0.002223255 0 0 0.0002146794 0.0001852712 0.02109151 0.02085625 0.001008699 0.0001646855 2.940813e-06 0 0.001052811 2.940813e-06
0.006996195 0.008778327 0.08099 0.005211121 0.0009322378 0.008160757 0.1398239 0.0367984 0.001023403 0.05396392 0.167494 0.01310426 0.06822687 0.04490916 0.00115574 0.01392769 0.03444574 0.05606072 0.1632945 0.007731398 0.2256339 0.0005558137 0.3237953 0.0169832 0.001288076 0.2884203 0.2169497 0.2486281 0.04706772 0.09101817 0.009869369 0.01108687 0.003490745 0.08970068 0.001305721 0.119247 0.145088 0.073785 0.01286606 0.007043248 0.004670011 0.004358285 0.001332188 1.470407e-05 0.00119397 0.000896948 4.117138e-05 0 5.881626e-06 0.0008146053 5.587545e-05 0.0003411343 0.0001058693 5.293464e-05 2.058569e-05 0.0002646732 4.999382e-05 0 0.0003352527 0.0007940196 3.234895e-05 0.0005175831 2.940813e-06 9.704684e-05 0.0001970345 0.0002117385 0.006043371 0.0002293834 0.002479106 0.005205239 0.005258174 0.0001558631 1.176325e-05 2.352651e-05 2.940813e-06 2.940813e-06 0.0001440998 0.0005940443 0.00274966 0.000676387 0.000488175 9.998765e-05 2.940813e-05 4.41122e-05 0.0001235142 1.470407e-05
0.0008881256 0.001179266 0.0219767 0.0006910911 0.000141159 0.001073397 0.03198723 0.00589339 0.0002264426 0.003758359 0.03448103 0.0005293464 0.01684204 0.005355221 8.234277e-05 0.007504955 0.005840455 0.009295911 0.01600391 0.0003117262 0.0784609 0.0001323366 0.1132448 0.006131596 0.0003411343 0.04992324 0.05460502 0.08544827 0.004508267 0.02936696 0.002890819 0.00151746 0.000220561 0.01242494 0.005231707 0.04669129 0.05536963 0.01286606 0.0009557643 0.003517213 0.0002176202 0.0004322995 0.000220561 2.940813e-06 8.82244e-05 0.0001646855 5.881626e-06 0 2.940813e-06 0.0001440998 1.176325e-05 6.469789e-05 5.881626e-06 1.764488e-05 0 5.293464e-05 5.881626e-06 0 9.410602e-05 4.999382e-05 2.940813e-06 5.881626e-05 2.940813e-06 3.528976e-05 6.175708e-05 6.76387e-05 0.001432176 8.82244e-06 0.0002323242 0.0007704931 0.001464525 3.528976e-05 1.176325e-05 2.940813e-06 0 2.940813e-06 1.764488e-05 0.00368778 0.0006734462 7.646114e-05 0.0001646855 0.0002352651 8.82244e-06 5.881626e-06 5.881626e-06 2.940813e-06
0.0001558631 0.0002940813 0.000676387 0.01101335 0.03046977 0.01185148 0.009560584 0.03170785 0.006643297 0.01561866 0.0006440381 0.02906112 0.0003528976 0.007363796 0.01390416 0.0002646732 0.0003352527 0.000141159 0.0009587051 0.00979879 0.001073397 0.001105746 0.003902459 0.01964463 0.0004969974 0.002167379 0.002540863 0.02085625 0.00249381 0.001611566 3.234895e-05 0.0136042 3.234895e-05 0.004208304 3.823057e-05 0.08245746 0.01138977 0.007043248 0.003517213 0.004675893 0.002158557 0.0005175831 0.0002499691 8.82244e-06 8.82244e-06 2.940813e-06 0.0001970345 5.881626e-06 2.940813e-05 0.0006205116 4.999382e-05 0.000314667 0.0008204869 2.058569e-05 0.0001911529 0 3.528976e-05 0.0001676264 1.764488e-05 2.940813e-06 0 8.82244e-06 7.646114e-05 0 4.41122e-05 0 0.003684839 0 1.176325e-05 4.705301e-05 0.003381935 8.82244e-05 1.764488e-05 0 0 5.881626e-06 4.41122e-05 0.0001588039 0.0005646361 1.764488e-05 0.0001058693 2.352651e-05 0.0003176078 1.470407e-05 0 5.881626e-06
0.0001999753 0 8.82244e-06 0.0003852465 0.0005293464 0.002658495 0.005625776 0.009260621 7.646114e-05 0.003755418 0.0001793896 0.002302657 7.352033e-05 0.002002694 0.001455703 2.352651e-05 9.704684e-05 8.528358e-05 6.175708e-05 0.0008234277 0.0004499444 2.940813e-06 0.0001293958 0.0007999012 0 0.000267614 4.117138e-05 0.006143359 0.001438058 0.0016645 1.176325e-05 0.01768605 3.234895e-05 0.0006469789 0.0001235142 0.02719076 0.00187918 0.004670011 0.0002176202 0.002158557 4.41122e-05 2.940813e-06 0.0002058569 2.940813e-06 0 0 0 0 0 7.940196e-05 8.82244e-06 2.352651e-05 5.881626e-06 0 0 0 2.940813e-06 0 8.82244e-06 0 0 0 0 5.881626e-06 2.940813e-06 0 0.0004646485 0 0 0 0.0003381935 2.940813e-06 5.881626e-06 0 2.940813e-06 2.940813e-06 2.940813e-06 2.940813e-06 0.0004705301 0 2.058569e-05 8.82244e-06 8.82244e-06 5.881626e-06 0 2.940813e-06
2.940813e-06 0.0007851971 5.587545e-05 0 0 0 1.470407e-05 8.82244e-06 8.82244e-06 1.764488e-05 0.02502926 2.940813e-06 0.04359756 2.940813e-06 0 5.881626e-06 0.0004528852 5.587545e-05 0.001432176 2.940813e-06 1.470407e-05 0.0001058693 1.176325e-05 4.41122e-05 0.003820116 0.002467342 0.001485111 4.705301e-05 2.940813e-06 1.176325e-05 0.0004440628 2.940813e-06 0 0.004396516 0.0001088101 0.03401639 0.002187965 0.004358285 0.0004322995 0.0005175831 2.940813e-06 2.352651e-05 0.0001205733 0 0 2.940813e-06 0 0 0 0 0 0 0 0.0004470036 0 0.0008910664 0 0 0 5.881626e-06 5.881626e-06 8.82244e-06 0 2.940813e-06 0 0 5.881626e-06 3.528976e-05 5.587545e-05 3.823057e-05 2.940813e-06 0 0 3.528976e-05 0 0 2.352651e-05 5.293464e-05 0.0009087113 0.001849771 0.0003176078 5.881626e-06 0 0 0.0002558507 0
2.646732e-05 2.058569e-05 0.0004146547 7.352033e-05 8.82244e-06 6.76387e-05 0.00141159 0.000267614 1.176325e-05 0.0007352033 2.646732e-05 7.646114e-05 6.469789e-05 0.0001970345 2.940813e-06 0.000220561 7.057952e-05 2.058569e-05 8.528358e-05 7.352033e-05 0.001370419 0 0.002714371 0.0002382059 0 0.0002734956 0.001082219 0.002361473 0.0001911529 0.0006528605 0 4.999382e-05 2.058569e-05 0.0003646608 0.000394069 0.005811047 0.001420413 0.001332188 0.000220561 0.0002499691 0.0002058569 0.0001205733 2.646732e-05 0 0 0 0 0 0 5.881626e-06 5.881626e-06 8.82244e-06 0 2.940813e-06 0 0 2.940813e-06 0 0 0 0 0 0 5.881626e-06 0 2.940813e-06 9.704684e-05 0 8.82244e-06 1.470407e-05 0.0001146917 0 0 0 0 0 0 0.0001205733 0.0002264426 2.940813e-05 2.940813e-06 5.881626e-06 0 0 0 8.82244e-06
