0.01199492 0 0.01045674 0.0004211248 0 0.0004710887 0.05006745 0.02805833 0.0002105624 0.004493187 0.0002105624 4.63951e-05 3.568854e-06 0.06655913 3.568854e-06 3.568854e-05 0.00971442 0.0001356164 0.00666305 5.710166e-05 0.00158814 7.137708e-06 0.007558833 0.005271197 0 0.004307607 0.001316907 0.008872171 0.053465 0.05017809 0 0.0002248378 0.003750865 0.01688782 3.568854e-06 0.001459661 0.0006923577 0.007144846 0.0004746576 0.000146323 0.0001820115 0 2.498198e-05 7.137708e-06 0 1.070656e-05 3.568854e-06 0 0 8.208364e-05 2.498198e-05 8.565249e-05 1.784427e-05 0 3.568854e-06 0 3.211969e-05 0 7.137708e-06 1.427542e-05 0 1.784427e-05 3.568854e-06 1.070656e-05 7.137708e-06 2.498198e-05 0.0003890051 0 3.568854e-05 8.565249e-05 0.0005496035 5.353281e-05 5.710166e-05 0 0 0 1.427542e-05 0 8.208364e-05 3.568854e-06 3.211969e-05 7.137708e-06 3.568854e-06 3.568854e-06 0 0
0 0.00183796 0.0187579 0 3.568854e-06 0 0.0001391853 1.784427e-05 0.0296893 1.427542e-05 0.002744449 1.070656e-05 0.01115624 1.784427e-05 0.0001106345 0.0004211248 0.001577433 0.0006174117 0.001520332 0 1.784427e-05 0.06953198 0.0001249099 0.03705541 0.02664506 0.03108472 0.06850772 0.0003247657 2.855083e-05 3.211969e-05 0.002758724 0 3.568854e-06 0.0004996395 1.070656e-05 0.001077794 0.007401803 0.006652344 0.0002355444 9.27902e-05 2.498198e-05 0.009521702 7.137708e-06 0 0.0001320476 0.002569575 0 0 3.568854e-06 0.000146323 3.925739e-05 0 7.137708e-06 6.423937e-05 0 2.498198e-05 1.784427e-05 0 5.353281e-05 0.008112005 5.353281e-05 0.003108472 0 4.63951e-05 4.996395e-05 0.000952884 0.0001249099 3.925739e-05 0.008836482 0.02091705 0.0001998558 7.137708e-06 6.067052e-05 0.0001106345 0 3.568854e-06 0.001827253 7.137708e-06 0.001259805 0.0004246936 0.0007708724 0.0001820115 2.855083e-05 3.568854e-06 0 0
0.01045674 0.0187579 0.03578847 0.0001427542 0 0.0002890772 0.1256843 0.02109193 7.494593e-05 0.007002091 0.0004996395 1.784427e-05 0.0001070656 0.03103118 3.568854e-06 0.002152019 0.08551688 0.0002105624 0.003379705 1.427542e-05 0.01635963 0.002109193 0.1615513 0.006277614 7.137708e-06 0.1475436 0.1544671 0.05223018 0.006713014 0.02935025 7.137708e-05 8.565249e-05 0.0003069214 0.04492116 1.784427e-05 0.03766568 0.09664813 0.07476035 0.001202704 0.0004175559 4.996395e-05 2.498198e-05 0.0002177001 2.498198e-05 0.02385422 0.0401389 1.070656e-05 0 2.855083e-05 0.001345458 0.000146323 7.137708e-05 9.27902e-05 0.000292646 0 1.427542e-05 0.0001891493 0 0.001138464 0.06843634 0.0001641673 0.003761572 0 0.001570296 0.001741601 0.02396842 0.001459661 2.498198e-05 0.006156273 0.1797774 0.003372567 8.208364e-05 0.000806561 9.635906e-05 3.568854e-06 7.137708e-06 0.01805126 0.0001927181 0.01421831 0.004999964 0.01003562 0.002401839 0.0002533886 3.568854e-06 1.427542e-05 1.784427e-05
0.0004211248 0 0.0001427542 0.02505692 0.0001677361 0.005692322 0.001673792 0.006652344 0.04141298 0.05796889 2.141312e-05 0.08595585 2.498198e-05 0.004614528 0.003964997 0 0.0001177722 0 1.427542e-05 0.03154153 0 0 1.427542e-05 0.03852935 0 0.0001748738 5.710166e-05 0.02144524 0.01069586 0.0002105624 0 0.0002783706 0.0005103461 0.00252318 6.067052e-05 0.004650217 8.208364e-05 0.008754399 0.001427542 0.006866475 0.001127758 7.137708e-06 0.0001320476 2.498198e-05 0 3.568854e-06 0.004739438 3.568854e-06 0.0003997116 0.004311176 0.0003640231 0.004407535 0.01061377 7.137708e-06 0.002359012 0 0.000146323 0.0001534607 0 3.568854e-06 0 0 0.003004975 3.568854e-06 3.568854e-06 3.211969e-05 0.008515285 0 3.568854e-06 3.568854e-06 0.01125617 0.0003069214 1.784427e-05 0 4.282625e-05 1.427542e-05 0.0002069935 0 0.0004354002 1.070656e-05 0.0006316871 4.63951e-05 0.0009457463 0.0001177722 3.568854e-06 7.137708e-06
0 3.568854e-06 0 0.0001677361 7.137708e-06 0.001231255 1.070656e-05 0.0005638789 0.003186987 0.0001356164 0 0.00274088 0 0.0001142033 0.007901443 0 0 0 3.568854e-06 0.000146323 0 2.141312e-05 0 0.0003961428 0 7.137708e-06 2.855083e-05 7.494593e-05 6.423937e-05 0 0 0.008301154 0 2.141312e-05 0 0 0 3.568854e-06 0 0.005149856 7.137708e-06 0 3.568854e-06 0 0 0 0 0 0 3.568854e-06 0 0 3.568854e-06 0 3.568854e-06 0 0 0 0 0 0 0 0 0 0 0 2.498198e-05 0 0 0 2.498198e-05 0 0 0 0 0 0 0 3.568854e-06 0 0 0 3.568854e-06 0 0 0
0.0004710887 0 0.0002890772 0.005692322 0.001231255 0.1052241 0.01063518 0.08684449 0.004518169 0.2298699 0.0002462509 0.0387756 2.141312e-05 0.05866839 0.007105588 1.427542e-05 0.0002640952 2.141312e-05 0.0001034968 0.006630931 1.427542e-05 7.137708e-06 0.0001177722 0.004378984 0 0.0003497477 8.565249e-05 0.02150234 0.05556349 0.0002962149 0 0.02355444 0.0002355444 0.007009229 0.0009421774 0.005039222 0.0001927181 0.0117451 0.0005210527 0.02507477 0.001563158 3.568854e-06 0.0001034968 7.137708e-06 0 3.568854e-06 0.0003461788 0 3.925739e-05 0.0003997116 3.568854e-05 0.0002640952 0.0007530282 0 0.0003711608 0 1.427542e-05 3.211969e-05 3.568854e-06 0 0 0 0.0002141312 0 0 0 0.0006673757 0 0 1.784427e-05 0.001031399 3.211969e-05 7.137708e-06 0 0 7.137708e-06 6.067052e-05 0 9.27902e-05 0 9.27902e-05 3.568854e-06 0.000171305 1.070656e-05 0 0
0.05006745 0.0001391853 0.1256843 0.001673792 1.070656e-05 0.01063518 0.1388927 0.131448 0.0167986 0.06593814 0.0003533165 0.0002605263 9.635906e-05 0.1492138 0.0001391853 0.0008779381 0.02963933 0.0001855804 0.006295458 0.0002212689 0.02412545 0.0004817953 0.08575599 0.05941071 1.427542e-05 0.08411432 0.03004618 0.180741 0.11481 0.08244766 2.855083e-05 0.0007780101 0.0162704 0.03787625 0.0001249099 0.03903969 0.008825776 0.05225873 0.01176294 0.002419683 0.003572423 9.635906e-05 0.0007530282 0.0009064889 0.0001998558 0.0006887888 0.001156309 7.137708e-06 0.0004461067 0.01793349 0.001841529 0.009382517 0.003522459 3.568854e-05 0.0003069214 3.568854e-06 0.002094917 0.0001070656 0.0008815069 0.000806561 7.137708e-06 0.0001320476 0.0004996395 0.0002426821 0.0001855804 0.00208778 0.04079557 3.568854e-06 0.0003925739 0.004057787 0.05179478 0.0032084 0.00314416 3.568854e-06 4.63951e-05 0.0003533165 0.002387563 3.211969e-05 0.007644485 0.0002177001 0.004093475 0.0006067052 0.0004782264 0.0005424658 0 7.137708e-05
0.02805833 1.784427e-05 0.02109193 0.006652344 0.0005638789 0.08684449 0.131448 0.2757939 0.001131327 0.1504129 0.0004246936 0.02086352 5.353281e-05 0.1950628 0.002041384 4.63951e-05 0.01771579 0.0002034247 0.009821486 0.006020657 0.001017123 1.427542e-05 0.006870044 0.01577433 0 0.0145181 0.002922891 0.04115245 0.06501738 0.0220341 2.141312e-05 0.007166259 0.003101334 0.0242111 9.992791e-05 0.01126687 0.002230534 0.02784063 0.002630245 0.01984997 0.003997116 2.855083e-05 0.0002284066 2.855083e-05 7.137708e-06 9.992791e-05 0.0001427542 0 1.784427e-05 0.0006245494 9.27902e-05 0.000292646 0.0002426821 3.568854e-06 0.0001284787 0 7.137708e-05 0 1.784427e-05 3.568854e-05 3.568854e-06 1.784427e-05 1.784427e-05 1.070656e-05 1.070656e-05 7.137708e-05 0.001395422 0 4.996395e-05 0.0004710887 0.002109193 0.000146323 0.0001605984 0 0 1.070656e-05 0.0001284787 0 0.0003747297 2.141312e-05 0.0001498919 2.855083e-05 1.784427e-05 2.855083e-05 0 7.137708e-06
0.0002105624 0.0296893 7.494593e-05 0.04141298 0.003186987 0.004518169 0.0167986 0.001131327 0.003629524 0.04114532 0.0004925018 0.03716961 0.001595278 0.0009742971 0.008818638 0.0005531724 9.635906e-05 0.0002712329 0.0002426821 0.03021749 0.002216258 0.03178064 0.0003319034 0.09053469 0.005403245 0.007091313 0.04544579 0.0532473 0.003865069 0.01135609 0.0006174117 0.0001249099 0.0007780101 0.00168093 9.992791e-05 0.005517448 0.0008600938 0.003172711 0.001006417 0.00934326 0.0002962149 0.0004175559 6.423937e-05 0.0001998558 3.568854e-05 4.996395e-05 0.005438933 0 0.0003211969 0.004525307 0.0004425379 0.002569575 0.009421774 2.855083e-05 0.00317628 3.568854e-06 0.0004782264 0.0003461788 0.0005674478 2.498198e-05 3.925739e-05 5.353281e-05 0.003294052 0.001459661 3.211969e-05 0.0001177722 0.02652015 1.070656e-05 0.0002426821 0.000121341 0.02658796 0.000610274 0.002469647 3.925739e-05 2.498198e-05 9.27902e-05 0.0003961428 7.137708e-06 0.002044953 0.000267664 0.0007637347 0.0001249099 0.0005531724 9.635906e-05 0 2.141312e-05
0.004493187 1.427542e-05 0.007002091 0.05796889 0.0001356164 0.2298699 0.06593814 0.1504129 0.04114532 0.3333345 0.0008422495 0.04229806 0.0001427542 0.08423923 0.001659517 2.855083e-05 0.003286914 9.992791e-05 0.0007851479 0.01504272 0.0005817232 1.784427e-05 0.002062798 0.04097758 7.137708e-06 0.006688032 0.001498919 0.1599382 0.1410411 0.002965718 1.784427e-05 0.008732985 0.003365429 0.03542087 0.0008993512 0.02399697 0.001156309 0.08221212 0.007305444 0.03118108 0.01068158 0.0001570296 0.001117051 4.996395e-05 2.855083e-05 6.780822e-05 0.008722279 0 0.0005995675 0.008069179 0.0007030642 0.006548847 0.01697347 7.137708e-06 0.003244088 0 0.0002997837 0.0003283346 3.925739e-05 3.925739e-05 0 1.784427e-05 0.004361139 3.568854e-06 3.568854e-06 0.0001249099 0.0168664 0 2.498198e-05 0.0002855083 0.02266936 0.000610274 0.0001534607 0 3.211969e-05 3.925739e-05 0.0004746576 3.568854e-05 0.001034968 2.141312e-05 0.0009957102 9.27902e-05 0.001445386 0.0001605984 0 1.070656e-05
0.0002105624 0.002744449 0.0004996395 2.141312e-05 0 0.0002462509 0.0003533165 0.0004246936 0.0004925018 0.0008422495 0.0505885 0.0002034247 0.05351853 0.0004211248 7.137708e-06 0.0001356164 0.001374009 0.01434322 0.006498883 7.137708e-05 0.0003140591 0.001199135 0.001017123 0.0007673036 0.01157736 0.03701615 0.02259441 0.0002748018 0.0006423937 0.0001605984 0.00747318 2.141312e-05 1.784427e-05 0.06452131 2.855083e-05 0.01210912 0.04233018 0.1857374 0.03577062 0.0009600217 0.0001498919 0.002701622 0.0001391853 3.568854e-06 0.0003604542 3.568854e-05 0 0 0 3.925739e-05 7.137708e-06 2.498198e-05 0 0.005588825 0 0.005795819 7.137708e-06 0 1.427542e-05 0.000121341 0.002608832 0.001117051 0 1.070656e-05 6.780822e-05 3.925739e-05 6.780822e-05 0.005563843 0.005813663 0.002601694 2.855083e-05 0 1.784427e-05 0.006341853 0 0 9.27902e-05 0 0.000121341 0.00189863 0.0002426821 5.710166e-05 0 0 0.001752307 0
4.63951e-05 1.070656e-05 1.784427e-05 0.08595585 0.00274088 0.0387756 0.0002605263 0.02086352 0.03716961 0.04229806 0.0002034247 0.0727261 1.070656e-05 0.01625613 0.01500703 0 1.070656e-05 2.141312e-05 2.855083e-05 0.04890044 3.568854e-06 1.784427e-05 0 0.0267093 7.137708e-06 5.710166e-05 9.992791e-05 0.02499982 0.03096338 2.498198e-05 1.427542e-05 0.004132733 7.494593e-05 0.007962113 0.0008565249 0.004139871 7.494593e-05 0.01498205 0.0002748018 0.03639517 0.001941457 3.568854e-06 0.0001106345 0 3.568854e-06 3.568854e-06 0.002651658 3.568854e-06 0.000635256 0.001274081 0.0002819395 0.002330462 0.004971413 0 0.004361139 0 9.992791e-05 0.0002712329 0 0 0 0 0.001848666 0 0 0 0.002994268 0 3.568854e-06 0 0.0042969 0.0002141312 7.137708e-06 0 7.851479e-05 3.568854e-06 0.0002355444 0 0.0003140591 0 0.0002462509 7.137708e-06 0.001459661 4.282625e-05 0 0
3.568854e-06 0.01115624 0.0001070656 2.498198e-05 0 2.141312e-05 9.635906e-05 5.353281e-05 0.001595278 0.0001427542 0.05351853 1.070656e-05 0.03493194 2.498198e-05 1.427542e-05 0.000121341 9.992791e-05 0.0008993512 0.000488933 1.427542e-05 0.0001784427 0.004364708 0.000513915 0.001777289 0.03776918 0.004075631 0.01985353 0.0001927181 6.423937e-05 5.710166e-05 0.008037059 3.568854e-06 3.568854e-06 0.02368291 0.00202354 0.01628111 0.0654849 0.07845055 0.01202347 0.0007423216 0.0001034968 0.01896489 0.0002391132 0 0.0003747297 1.427542e-05 0 0 0 2.498198e-05 3.568854e-06 1.070656e-05 0 0.004778695 0 0.004407535 1.427542e-05 0 1.070656e-05 2.498198e-05 0.002887203 0.001184859 0 1.427542e-05 5.353281e-05 2.141312e-05 3.925739e-05 0.005503173 0.007708724 0.003004975 3.211969e-05 7.137708e-06 3.211969e-05 0.007284031 0 0 4.282625e-05 7.137708e-06 0.0003033526 0.001327614 0.0001677361 8.208364e-05 1.070656e-05 0 0.001238392 0
0.06655913 1.784427e-05 0.03103118 0.004614528 0.0001142033 0.05866839 0.1492138 0.1950628 0.0009742971 0.08423923 0.0004211248 0.01625613 2.498198e-05 0.07014939 0.001038536 6.423937e-05 0.02374002 0.0003140591 0.01422902 0.004354002 0.001516763 2.141312e-05 0.01242675 0.01770152 0 0.01642743 0.003379705 0.03670209 0.08121284 0.05390754 2.498198e-05 0.002027109 0.002587419 0.02841878 8.922135e-05 0.00825119 0.002287635 0.02181997 0.001766583 0.01265516 0.002298342 1.070656e-05 0.0001106345 4.996395e-05 7.137708e-06 7.494593e-05 7.494593e-05 0 1.427542e-05 0.0004925018 6.423937e-05 0.0003747297 0.0001034968 3.568854e-06 0.0001284787 0 8.208364e-05 7.137708e-06 2.498198e-05 4.996395e-05 3.568854e-06 4.63951e-05 2.141312e-05 1.427542e-05 1.070656e-05 9.635906e-05 0.001313338 3.568854e-06 6.067052e-05 0.0004461067 0.002141312 0.0001534607 0.0002248378 0 0 7.137708e-06 0.0001106345 0 0.0004032805 2.141312e-05 0.0001641673 2.141312e-05 1.784427e-05 2.498198e-05 0 0
3.568854e-06 0.0001106345 3.568854e-06 0.003964997 0.007901443 0.007105588 0.0001391853 0.002041384 0.008818638 0.001659517 7.137708e-06 0.01500703 1.427542e-05 0.001038536 0.002840808 0 0 7.137708e-06 7.137708e-06 0.004536013 0 0.0002890772 3.568854e-06 0.004800108 2.855083e-05 3.925739e-05 0.0004925018 0.001506056 0.001206273 3.568854e-06 1.070656e-05 0.01091356 3.568854e-06 0.0001891493 1.070656e-05 0.0003782985 3.568854e-06 0.000121341 7.137708e-06 0.007123432 4.63951e-05 0 0 0 0 3.568854e-06 5.353281e-05 0 7.137708e-06 9.635906e-05 7.137708e-06 0.0001891493 0.0001605984 0 0.0001106345 0 7.137708e-06 1.070656e-05 0 3.568854e-06 0 0 5.353281e-05 3.568854e-06 0 0 0.0002855083 0 0 0 0.0003104903 3.568854e-06 3.568854e-06 0 0 3.568854e-06 3.568854e-06 0 1.784427e-05 0 2.498198e-05 0 0.0001034968 7.137708e-06 0 0
3.568854e-05 0.0004211248 0.002152019 0 0 1.427542e-05 0.0008779381 4.63951e-05 0.0005531724 2.855083e-05 0.0001356164 0 0.000121341 6.423937e-05 0 0.006713014 0.003665213 5.710166e-05 0.0005210527 0 0.05646641 0.05587755 0.06366122 0.01902913 3.211969e-05 0.002922891 0.03572066 0.03532452 0.0001677361 0.009157679 0.0001034968 0 1.427542e-05 0.02114546 0.0001641673 0.09367171 0.02898623 0.05745498 0.0123411 0.0004603822 6.780822e-05 9.635906e-05 0.0007922856 0.0001748738 0.0001249099 0.0005032084 0 0 0 0.0009850037 0.0001784427 0.0001142033 3.211969e-05 6.780822e-05 0 0 0.000267664 0 0.1005953 0.000196287 2.141312e-05 7.494593e-05 0 0.01731965 0.01454308 0.1026081 0.009018494 7.137708e-06 0.0001748738 0.02114903 0.01305487 0.0002748018 0.004432517 1.427542e-05 7.137708e-06 3.568854e-05 0.0004318313 8.565249e-05 0.02132747 0.003472495 0.004532444 0.003137023 0.0003140591 8.565249e-05 1.070656e-05 0.0001570296
0.00971442 0.001577433 0.08551688 0.0001177722 0 0.0002640952 0.02963933 0.01771579 9.635906e-05 0.003286914 0.001374009 1.070656e-05 9.992791e-05 0.02374002 0 0.003665213 0.002044953 0.006534571 0.009728696 2.498198e-05 0.004707318 0.0007173396 0.04072776 0.01181291 0.0001142033 0.03946796 0.3713 0.01230541 0.0149071 0.01335822 0.0001820115 7.851479e-05 0.0006816511 0.01180934 3.568854e-06 0.005164132 0.06844348 0.01822971 0.002034247 0.0001677361 3.211969e-05 0.0001784427 4.63951e-05 7.137708e-06 0.001520332 0.003593836 3.568854e-06 0 3.568854e-06 0.0001070656 3.925739e-05 3.568854e-05 3.568854e-06 7.494593e-05 0 0 1.427542e-05 0 0.0001748738 0.006998522 5.710166e-05 0.001134896 0 7.494593e-05 6.067052e-05 0.0006138429 0.0001927181 2.141312e-05 0.002619539 0.009461032 0.0004104182 1.427542e-05 0.0001034968 2.855083e-05 0 7.137708e-06 0.001752307 1.784427e-05 0.0008351118 0.000463951 0.0006745134 0.0001534607 1.070656e-05 3.568854e-06 0 0
0.0001356164 0.0006174117 0.0002105624 0 0 2.141312e-05 0.0001855804 0.0002034247 0.0002712329 9.992791e-05 0.01434322 2.141312e-05 0.0008993512 0.0003140591 7.137708e-06 5.710166e-05 0.006534571 0.007355408 0.01078865 3.568854e-06 0.0001748738 0.0004853641 0.0006245494 0.000292646 0.001470368 0.05860772 0.04150934 7.851479e-05 0.0002462509 9.992791e-05 0.004271918 0 1.427542e-05 0.01160948 0 0.01846882 0.0414451 0.09846468 0.02325465 0.0006281183 0.0001677361 0.0001641673 0.0001034968 3.568854e-06 0.000267664 4.996395e-05 0 0 0 1.784427e-05 1.070656e-05 3.568854e-06 3.568854e-06 0.002298342 0 0.0004532444 3.568854e-05 0 3.568854e-06 5.710166e-05 0.002519611 0.00233403 0 2.141312e-05 3.925739e-05 2.141312e-05 3.568854e-05 0.0007030642 0.006481039 0.0036438 2.141312e-05 3.568854e-06 5.710166e-05 0.002405408 0 0 4.282625e-05 3.568854e-06 0.0002141312 0.000317628 4.996395e-05 3.211969e-05 0 0 3.568854e-06 0
0.00666305 0.001520332 0.003379705 1.427542e-05 3.568854e-06 0.0001034968 0.006295458 0.009821486 0.0002426821 0.0007851479 0.006498883 2.855083e-05 0.000488933 0.01422902 7.137708e-06 0.0005210527 0.009728696 0.01078865 0.006370404 0 0.001570296 0.0003247657 0.0150677 0.001249099 0.0004675199 0.07535992 0.06589532 0.002373288 0.0123411 0.004189834 0.00102783 2.498198e-05 0.0006031363 0.0398748 3.568854e-06 0.02144167 0.04592401 0.1225544 0.01330826 0.000585292 0.0001641673 0.0003533165 0.0001748738 1.070656e-05 0.00102783 0.0006780822 0 0 0 0.0001677361 2.855083e-05 2.498198e-05 3.568854e-06 0.0007387528 0 0.0001034968 4.996395e-05 0 4.996395e-05 0.002062798 0.001020692 0.005399676 0 7.851479e-05 2.855083e-05 0.0002284066 0.0001427542 0.0001855804 0.01379005 0.007119864 0.0002319755 2.498198e-05 0.0001356164 0.0006959265 0 1.070656e-05 0.001763014 1.427542e-05 0.0005959986 0.0004139871 0.0002890772 7.851479e-05 3.568854e-06 0 7.137708e-06 0
5.710166e-05 0 1.427542e-05 0.03154153 0.000146323 0.006630931 0.0002212689 0.006020657 0.03021749 0.01504272 7.137708e-05 0.04890044 1.427542e-05 0.004354002 0.004536013 0 2.498198e-05 3.568854e-06 0 0.0032084 0 0 0 0.01199492 0 2.141312e-05 3.568854e-06 0.01601702 0.01145959 1.070656e-05 0 0.0009064889 6.780822e-05 0.003108472 4.63951e-05 0.001927181 3.925739e-05 0.007187672 0.0004175559 0.009767953 0.0009957102 3.568854e-06 9.992791e-05 1.070656e-05 0 3.568854e-06 0.002765862 3.568854e-06 0.0002426821 0.001673792 0.0001320476 0.002351875 0.005817232 3.568854e-06 0.001477506 0 5.353281e-05 0.000171305 0 0 0 0 0.001638104 0 0 0 0.003843656 0 3.568854e-06 3.568854e-06 0.00569946 9.27902e-05 7.137708e-06 0 0 7.137708e-06 0.0001427542 0 0.0001641673 1.070656e-05 0.0002105624 1.784427e-05 0.0008779381 5.353281e-05 0 3.568854e-06
0.00158814 1.784427e-05 0.01635963 0 0 1.427542e-05 0.02412545 0.001017123 0.002216258 0.0005817232 0.0003140591 3.568854e-06 0.0001784427 0.001516763 0 0.05646641 0.004707318 0.0001748738 0.001570296 0 0.1436856 0.00492145 0.1795455 0.02483922 3.568854e-06 0.004935725 0.0117558 0.06139856 0.001855804 0.1824719 2.498198e-05 7.137708e-06 0.0001177722 0.1772935 0.0006316871 0.2525178 0.03781201 0.2679246 0.05451067 0.001067087 0.0002997837 0.0001998558 0.001784427 0.0005353281 3.211969e-05 0.0001748738 3.568854e-06 0 1.784427e-05 0.000952884 0.0005531724 0.0008172675 1.427542e-05 4.996395e-05 0 0 0.001184859 0 0.01026402 8.922135e-05 2.498198e-05 5.353281e-05 7.137708e-06 0.01231611 0.00404708 0.007605228 0.01169157 0 0.0001855804 0.001095638 0.02457156 0.0008208364 0.00775512 0 2.141312e-05 0.0001249099 0.0006388248 5.710166e-05 0.006962834 0.001117051 0.002069935 0.000488933 9.27902e-05 0.0001177722 0 5.710166e-05
7.137708e-06 0.06953198 0.002109193 0 2.141312e-05 7.137708e-06 0.0004817953 1.427542e-05 0.03178064 1.784427e-05 0.001199135 1.784427e-05 0.004364708 2.141312e-05 0.0002890772 0.05587755 0.0007173396 0.0004853641 0.0003247657 0 0.00492145 0.00339398 0.01194495 0.07237636 0.01438605 0.01439319 0.09886796 0.006149135 3.211969e-05 0.0007173396 0.001470368 0 7.137708e-06 0.001627397 1.427542e-05 0.006366835 0.002744449 0.007708724 0.0005210527 0.0002498198 3.568854e-06 0.00177372 5.710166e-05 2.855083e-05 0.0001142033 0.0007387528 0 0 7.137708e-06 0.0001784427 5.710166e-05 7.137708e-06 0 2.141312e-05 3.568854e-06 1.784427e-05 0.0001070656 3.568854e-06 0.02207336 0.0002712329 1.784427e-05 8.208364e-05 0 0.00420411 0.0004354002 0.01564229 0.00373659 3.211969e-05 0.0001891493 0.01492495 0.00501424 7.494593e-05 0.001216979 3.211969e-05 0 3.568854e-06 0.000292646 3.568854e-05 0.003743728 0.0007494593 0.0008422495 0.0004068493 6.423937e-05 1.427542e-05 0 2.141312e-05
0.007558833 0.0001249099 0.1615513 1.427542e-05 0 0.0001177722 0.08575599 0.006870044 0.0003319034 0.002062798 0.001017123 0 0.000513915 0.01242675 3.568854e-06 0.06366122 0.04072776 0.0006245494 0.0150677 0 0.1795455 0.01194495 0.1160449 0.009393223 1.070656e-05 0.06083825 0.288913 0.1127722 0.007508869 0.1896953 6.067052e-05 3.568854e-05 0.0005103461 0.1492138 0.0004675199 0.4656676 0.1712515 0.3605399 0.06199813 0.003101334 0.000267664 0.0003782985 0.004343295 5.710166e-05 0.0003640231 0.002102055 3.568854e-06 0 1.070656e-05 0.00121341 0.0001284787 0.0001820115 3.568854e-05 7.137708e-05 0 3.568854e-06 0.0002462509 0 0.04834369 0.001077794 7.137708e-06 0.0001927181 0 0.006252632 0.005060635 0.06634856 0.00351889 0 0.0004746576 0.0437827 0.006092034 0.0002105624 0.001877217 1.784427e-05 0 2.855083e-05 0.0008208364 0.0001034968 0.01273367 0.001941457 0.003094196 0.002005696 0.0002034247 2.855083e-05 1.427542e-05 5.710166e-05
0.005271197 0.03705541 0.006277614 0.03852935 0.0003961428 0.004378984 0.05941071 0.01577433 0.09053469 0.04097758 0.0007673036 0.0267093 0.001777289 0.01770152 0.004800108 0.01902913 0.01181291 0.000292646 0.001249099 0.01199492 0.02483922 0.07237636 0.009393223 0.07519218 0.005570981 0.02510332 0.2470111 0.1136359 0.06599168 0.09085945 0.001067087 0.0003961428 0.01363659 0.03158436 0.0002462509 0.08946046 0.01159164 0.0641787 0.01814048 0.00653814 0.004432517 0.0005032084 0.0008600938 0.001299063 0.0002248378 0.000635256 0.006306165 0 0.000952884 0.02739809 0.003033526 0.02801907 0.01677361 0.0001356164 0.002173432 1.070656e-05 0.00326907 0.0002605263 0.006741565 0.0004782264 6.780822e-05 0.000196287 0.003600974 0.01203774 0.006274045 0.003761572 0.08002798 2.498198e-05 0.000756597 0.00445393 0.1068586 0.004314744 0.01308342 5.710166e-05 9.27902e-05 0.0005174838 0.00317628 6.423937e-05 0.01395065 0.001584571 0.006459626 0.0009136266 0.001095638 0.0007423216 3.568854e-06 0.0002034247
0 0.02664506 7.137708e-06 0 0 0 1.427542e-05 0 0.005403245 7.137708e-06 0.01157736 7.137708e-06 0.03776918 0 2.855083e-05 3.211969e-05 0.0001142033 0.001470368 0.0004675199 0 3.568854e-06 0.01438605 1.070656e-05 0.005570981 0.003608111 0.03175566 0.05587755 5.353281e-05 7.137708e-06 1.427542e-05 0.006141998 0 0 0.001327614 2.855083e-05 0.00202354 0.01305844 0.01873291 0.0005567412 6.780822e-05 8.565249e-05 0.02573144 7.137708e-05 3.568854e-06 0.0004246936 6.423937e-05 0 0 0 3.925739e-05 1.784427e-05 3.568854e-06 0 0.0008779381 0 0.00112062 1.784427e-05 0 0 6.423937e-05 0.001099207 0.001734463 0 1.427542e-05 1.070656e-05 1.784427e-05 3.568854e-06 0.0007708724 0.004628804 0.002526749 1.784427e-05 3.568854e-06 5.353281e-05 0.001591709 0 0 9.992791e-05 0 0.0002105624 0.0004068493 0.0001249099 3.925739e-05 3.568854e-06 0 6.067052e-05 3.568854e-06
0.004307607 0.03108472 0.1475436 0.0001748738 7.137708e-06 0.0003497477 0.08411432 0.0145181 0.007091313 0.006688032 0.03701615 5.710166e-05 0.004075631 0.01642743 3.925739e-05 0.002922891 0.03946796 0.05860772 0.07535992 2.141312e-05 0.004935725 0.01439319 0.06083825 0.02510332 0.03175566 0.4600788 0.4252789 0.02696983 0.005132012 0.006887888 0.004746576 3.925739e-05 0.000317628 0.03036381 3.568854e-05 0.1042427 0.2221041 0.2723607 0.06230505 0.002494629 0.00034261 0.001234823 0.0006887888 4.282625e-05 0.01587426 0.01220191 7.137708e-06 0 1.784427e-05 0.001202704 0.0003247657 8.922135e-05 4.996395e-05 0.01725541 0 0.003540303 0.0004318313 0 0.0001677361 0.02884348 0.0219663 0.04723735 0 0.0004925018 0.0002962149 0.001349027 0.0005567412 0.009535978 0.1261697 0.08362538 0.001156309 9.27902e-05 0.001127758 0.01777289 3.568854e-06 3.568854e-06 0.01355451 4.63951e-05 0.006434644 0.006120584 0.003586698 0.001206273 8.208364e-05 1.427542e-05 9.27902e-05 1.784427e-05
0.001316907 0.06850772 0.1544671 5.710166e-05 2.855083e-05 8.565249e-05 0.03004618 0.002922891 0.04544579 0.001498919 0.02259441 9.992791e-05 0.01985353 0.003379705 0.0004925018 0.03572066 0.3713 0.04150934 0.06589532 3.568854e-06 0.0117558 0.09886796 0.288913 0.2470111 0.05587755 0.4252789 0.5385972 0.1754663 0.003565285 0.007487455 0.007087744 2.855083e-05 0.0006067052 0.1511195 6.423937e-05 0.2489169 0.2749445 0.4177593 0.02806547 0.003354723 0.0002248378 0.00308349 0.001730894 7.851479e-05 0.01429326 0.0156637 3.568854e-06 0 2.498198e-05 0.002433958 0.0003461788 7.851479e-05 9.992791e-05 0.01123475 0 0.002723036 0.0004211248 0 0.02622037 0.007883598 0.01428969 0.02487491 7.137708e-06 0.008269034 0.01095638 0.06107023 0.003904326 0.009146973 0.07047416 0.2362653 0.007826497 0.0001391853 0.003290483 0.01341175 3.568854e-06 3.568854e-06 0.007676605 0.0001891493 0.02337242 0.006416799 0.007929993 0.002508904 0.0004032805 7.137708e-06 0.000121341 6.780822e-05
0.008872171 0.0003247657 0.05223018 0.02144524 7.494593e-05 0.02150234 0.180741 0.04115245 0.0532473 0.1599382 0.0002748018 0.02499982 0.0001927181 0.03670209 0.001506056 0.03532452 0.01230541 7.851479e-05 0.002373288 0.01601702 0.06139856 0.006149135 0.1127722 0.1136359 5.353281e-05 0.02696983 0.1754663 0.1498669 0.1082433 0.27624 9.992791e-05 0.0008886446 0.02411475 0.1131148 0.0007137708 0.1985817 0.01618118 0.1340033 0.03536377 0.006191962 0.006077758 0.0001855804 0.002034247 0.001566727 0.0001427542 0.0008279741 0.005588825 7.137708e-06 0.0006495314 0.01506056 0.002462509 0.01371867 0.01296922 9.992791e-05 0.001959301 3.568854e-06 0.003693764 0.0001855804 0.00569946 0.0005710166 2.855083e-05 0.0001820115 0.00305137 0.009328984 0.004503894 0.004914312 0.05562773 0 0.0005174838 0.003982841 0.08944975 0.0038615 0.01787639 1.784427e-05 6.780822e-05 0.000438969 0.002441096 0.0001106345 0.01272296 0.001670224 0.004896468 0.0009600217 0.001070656 0.000513915 2.141312e-05 0.0001284787
0.053465 2.855083e-05 0.006713014 0.01069586 6.423937e-05 0.05556349 0.11481 0.06501738 0.003865069 0.1410411 0.0006423937 0.03096338 6.423937e-05 0.08121284 0.001206273 0.0001677361 0.0149071 0.0002462509 0.0123411 0.01145959 0.001855804 3.211969e-05 0.007508869 0.06599168 7.137708e-06 0.005132012 0.003565285 0.1082433 0.1591602 0.07539918 7.137708e-06 0.008929272 0.05234795 0.06666262 9.992791e-05 0.009236194 0.0008779381 0.03991049 0.00208778 0.01995346 0.003540303 2.141312e-05 0.0001927181 0.0002105624 3.568854e-06 5.353281e-05 0.0001784427 0 5.710166e-05 0.002002127 0.0002177001 0.001609553 0.0003461788 3.568854e-06 0.0002069935 0 0.000317628 1.070656e-05 2.498198e-05 4.282625e-05 3.568854e-06 2.498198e-05 7.137708e-05 6.067052e-05 2.855083e-05 4.996395e-05 0.006106309 3.568854e-06 8.208364e-05 0.0001320476 0.009257607 0.0005888609 0.0008386807 3.568854e-06 7.137708e-06 7.851479e-05 0.0003140591 7.137708e-06 0.00140256 5.710166e-05 0.000660238 8.208364e-05 8.922135e-05 0.0001142033 0 1.427542e-05
0.05017809 3.211969e-05 0.02935025 0.0002105624 0 0.0002962149 0.08244766 0.0220341 0.01135609 0.002965718 0.0001605984 2.498198e-05 5.710166e-05 0.05390754 3.568854e-06 0.009157679 0.01335822 9.992791e-05 0.004189834 1.070656e-05 0.1824719 0.0007173396 0.1896953 0.09085945 1.427542e-05 0.006887888 0.007487455 0.27624 0.07539918 0.06373259 2.141312e-05 6.423937e-05 0.01067444 0.07364687 0.0003354723 0.08051334 0.007623072 0.0670088 0.01471795 0.0003390411 0.000463951 4.996395e-05 0.0006709445 0.001184859 1.427542e-05 0.0003782985 5.353281e-05 0 9.635906e-05 0.00513915 0.001341889 0.006388248 0.0002748018 4.282625e-05 1.784427e-05 0 0.002480353 1.070656e-05 0.001363302 0.0001820115 3.568854e-06 7.137708e-05 1.427542e-05 0.003804398 0.001224117 0.0008458184 0.02667718 3.568854e-06 0.0003925739 0.0005353281 0.05256922 0.00267664 0.009635906 0 3.211969e-05 0.0004996395 0.001777289 3.568854e-05 0.009193368 0.0008493872 0.003165573 0.0006174117 0.0001284787 0.0002890772 0 9.27902e-05
0 0.002758724 7.137708e-05 0 0 0 2.855083e-05 2.141312e-05 0.0006174117 1.784427e-05 0.00747318 1.427542e-05 0.008037059 2.498198e-05 1.070656e-05 0.0001034968 0.0001820115 0.004271918 0.00102783 0 2.498198e-05 0.001470368 6.067052e-05 0.001067087 0.006141998 0.004746576 0.007087744 9.992791e-05 7.137708e-06 2.141312e-05 7.137708e-06 0 0 0.002137743 3.568854e-06 0.003711608 0.01677004 0.01878288 0.0072876 8.565249e-05 2.498198e-05 0.0007351839 2.141312e-05 0 0.000146323 7.137708e-06 0 0 0 7.137708e-06 1.427542e-05 1.427542e-05 0 0.00330119 0 0.001256237 7.137708e-06 0 3.568854e-06 4.282625e-05 0.002940736 0.0009921414 0 7.137708e-06 3.568854e-05 0 5.353281e-05 0.002266222 0.005442502 0.002548162 7.137708e-06 0 2.498198e-05 0.004011392 0 0 3.568854e-05 0 0.000121341 0.0002319755 5.353281e-05 4.282625e-05 0 0 1.070656e-05 0
0.0002248378 0 8.565249e-05 0.0002783706 0.008301154 0.02355444 0.0007780101 0.007166259 0.0001249099 0.008732985 2.141312e-05 0.004132733 3.568854e-06 0.002027109 0.01091356 0 7.851479e-05 0 2.498198e-05 0.0009064889 7.137708e-06 0 3.568854e-05 0.0003961428 0 3.925739e-05 2.855083e-05 0.0008886446 0.008929272 6.423937e-05 0 1.784427e-05 8.208364e-05 0.005813663 1.070656e-05 0.004550289 0.0001284787 0.01421118 0.0005496035 0.0222982 0.009717989 3.568854e-06 9.992791e-05 0 0 0 3.568854e-06 0 3.568854e-06 3.568854e-05 0 3.568854e-06 3.568854e-06 0 2.141312e-05 0 0 0 0 0 0 0 0 0 0 0 4.282625e-05 0 0 0 3.925739e-05 7.137708e-06 0 0 0 0 0 0 3.568854e-06 0 7.137708e-06 0 7.137708e-06 0 0 0
0.003750865 3.568854e-06 0.0003069214 0.0005103461 0 0.0002355444 0.0162704 0.003101334 0.0007780101 0.003365429 1.784427e-05 7.494593e-05 3.568854e-06 0.002587419 3.568854e-06 1.427542e-05 0.0006816511 1.427542e-05 0.0006031363 6.780822e-05 0.0001177722 7.137708e-06 0.0005103461 0.01363659 0 0.000317628 0.0006067052 0.02411475 0.05234795 0.01067444 0 8.208364e-05 0.0009707283 0.003147729 0 0.0006459626 0.000121341 0.001630966 0.0001784427 4.63951e-05 0.0001034968 3.568854e-06 2.141312e-05 2.498198e-05 0 1.070656e-05 3.568854e-06 0 7.137708e-06 0.0003033526 4.996395e-05 0.0002962149 3.211969e-05 7.137708e-06 7.137708e-06 0 6.780822e-05 0 3.568854e-06 7.137708e-06 0 0 7.137708e-06 1.070656e-05 3.568854e-06 2.141312e-05 0.0009564528 0 0 7.137708e-06 0.001459661 9.27902e-05 0.000171305 0 0 1.427542e-05 4.63951e-05 0 0.0002069935 7.137708e-06 9.635906e-05 2.141312e-05 7.137708e-06 1.070656e-05 0 3.568854e-06
0.01688782 0.0004996395 0.04492116 0.00252318 2.141312e-05 0.007009229 0.03787625 0.0242111 0.00168093 0.03542087 0.06452131 0.007962113 0.02368291 0.02841878 0.0001891493 0.02114546 0.01180934 0.01160948 0.0398748 0.003108472 0.1772935 0.001627397 0.1492138 0.03158436 0.001327614 0.03036381 0.1511195 0.1131148 0.06666262 0.07364687 0.002137743 0.005813663 0.003147729 0.04280483 0.0001034968 0.01640602 0.02811186 0.1021513 0.01636676 0.008476028 0.001063518 0.002301911 0.0009493151 0.0001284787 0.0003104903 0.0008386807 4.63951e-05 0 1.070656e-05 0.0008743692 0.000121341 0.0006745134 0.0001284787 0.000121341 6.067052e-05 0.0001677361 0.0002890772 0 0.002266222 0.0007423216 2.141312e-05 0.0001106345 0 0.001067087 0.0004960707 0.003836518 0.003418962 0.000171305 0.000317628 0.0085938 0.005610238 0.0002890772 0.001324045 0.0001284787 3.568854e-06 4.63951e-05 0.0004710887 2.855083e-05 0.001616691 0.0002783706 0.0007744413 0.0002105624 5.710166e-05 5.353281e-05 4.63951e-05 1.784427e-05
3.568854e-06 1.070656e-05 1.784427e-05 6.067052e-05 0 0.0009421774 0.0001249099 9.992791e-05 9.992791e-05 0.0008993512 2.855083e-05 0.0008565249 0.00202354 8.922135e-05 1.070656e-05 0.0001641673 3.568854e-06 0 3.568854e-06 4.63951e-05 0.0006316871 1.427542e-05 0.0004675199 0.0002462509 2.855083e-05 3.568854e-05 6.423937e-05 0.0007137708 9.992791e-05 0.0003354723 3.568854e-06 1.070656e-05 0 0.0001034968 0.4312425 0.06091677 0.001295494 0.001720188 0.001748738 8.208364e-05 0.0001534607 0.001506056 0.002048522 0 0 3.568854e-06 0 0 0 7.137708e-06 0 1.427542e-05 3.568854e-06 3.568854e-06 0 0 7.137708e-06 0 3.568854e-06 0 0 3.568854e-06 0 1.070656e-05 7.137708e-06 0 3.568854e-05 0 0 3.568854e-06 6.067052e-05 3.568854e-06 7.137708e-06 0 0 0 3.568854e-06 0.1118086 0.0001284787 1.070656e-05 2.498198e-05 7.137708e-05 3.568854e-06 3.568854e-06 0 3.568854e-06
0.001459661 0.001077794 0.03766568 0.004650217 0 0.005039222 0.03903969 0.01126687 0.005517448 0.02399697 0.01210912 0.004139871 0.01628111 0.00825119 0.0003782985 0.09367171 0.005164132 0.01846882 0.02144167 0.001927181 0.2525178 0.006366835 0.4656676 0.08946046 0.00202354 0.1042427 0.2489169 0.1985817 0.009236194 0.08051334 0.003711608 0.004550289 0.0006459626 0.01640602 0.06091677 0.08371461 0.5247786 0.1325151 0.03880415 0.0898566 0.03602758 0.02570645 0.009889294 0.0005817232 0.0003319034 0.001049243 0.000121341 0 7.137708e-05 0.00292646 0.0006673757 0.002758724 0.0004139871 8.922135e-05 5.710166e-05 7.137708e-06 0.0009635906 3.568854e-05 0.008365394 0.001170584 8.208364e-05 0.0003211969 0.0001284787 0.004250505 0.001866511 0.00921835 0.01367228 5.710166e-05 0.0009350397 0.008087023 0.02278356 0.00124553 0.005217664 3.568854e-05 2.141312e-05 0.000196287 0.00105995 0.001659517 0.007644485 0.0008029921 0.001891493 0.0005424658 0.0002605263 0.0001427542 1.427542e-05 9.635906e-05
0.0006923577 0.007401803 0.09664813 8.208364e-05 0 0.0001927181 0.008825776 0.002230534 0.0008600938 0.001156309 0.04233018 7.494593e-05 0.0654849 0.002287635 3.568854e-06 0.02898623 0.06844348 0.0414451 0.04592401 3.925739e-05 0.03781201 0.002744449 0.1712515 0.01159164 0.01305844 0.2221041 0.2749445 0.01618118 0.0008779381 0.007623072 0.01677004 0.0001284787 0.000121341 0.02811186 0.001295494 0.5247786 0.08676598 0.1459019 0.05335793 0.02230891 0.002662365 0.001923612 0.00501424 3.568854e-05 0.0002284066 0.0002533886 0 0 3.568854e-06 0.0001284787 4.282625e-05 0.0001177722 1.070656e-05 0.0009921414 0 0.001170584 9.992791e-05 3.568854e-06 0.001484643 0.0003283346 0.0002819395 0.0005103461 0 0.0009350397 0.0003925739 0.001895061 0.001163446 0.0007280462 0.001552451 0.002847945 0.001959301 7.137708e-05 0.0007030642 0.0006566691 0 3.568854e-06 0.0002462509 6.067052e-05 0.01409697 0.0006138429 0.0003533165 8.565249e-05 2.855083e-05 1.427542e-05 0.0009064889 2.498198e-05
0.007144846 0.006652344 0.07476035 0.008754399 3.568854e-06 0.0117451 0.05225873 0.02784063 0.003172711 0.08221212 0.1857374 0.01498205 0.07845055 0.02181997 0.000121341 0.05745498 0.01822971 0.09846468 0.1225544 0.007187672 0.2679246 0.007708724 0.3605399 0.0641787 0.01873291 0.2723607 0.4177593 0.1340033 0.03991049 0.0670088 0.01878288 0.01421118 0.001630966 0.1021513 0.001720188 0.1325151 0.1459019 0.09584514 0.02478569 0.01150598 0.002783706 0.00448248 0.002655227 0.0001998558 0.001092069 0.002473216 0.0001748738 0 5.710166e-05 0.002551731 0.0003925739 0.001356164 0.0003961428 0.0002141312 0.0001249099 0.000121341 0.000488933 2.141312e-05 0.006145566 0.003033526 0.0002426821 0.0009457463 7.494593e-05 0.001855804 0.001113482 0.01072084 0.007266187 0.0003747297 0.002608832 0.02218756 0.01030328 0.0006531003 0.001638104 0.0002605263 7.137708e-06 7.137708e-05 0.001634535 0.0004318313 0.003740159 0.0007601659 0.001730894 0.0005210527 0.0001320476 8.208364e-05 6.423937e-05 2.141312e-05
0.0004746576 0.0002355444 0.001202704 0.001427542 0 0.0005210527 0.01176294 0.002630245 0.001006417 0.007305444 0.03577062 0.0002748018 0.01202347 0.001766583 7.137708e-06 0.0123411 0.002034247 0.02325465 0.01330826 0.0004175559 0.05451067 0.0005210527 0.06199813 0.01814048 0.0005567412 0.06230505 0.02806547 0.03536377 0.00208778 0.01471795 0.0072876 0.0005496035 0.0001784427 0.01636676 0.001748738 0.03880415 0.05335793 0.02478569 0.0036438 0.002091348 5.710166e-05 0.001427542 0.0007494593 8.208364e-05 5.353281e-05 6.780822e-05 2.855083e-05 0 1.427542e-05 0.000585292 9.992791e-05 0.000438969 7.851479e-05 3.211969e-05 1.427542e-05 2.141312e-05 0.0001641673 0 0.0006709445 0.0001249099 3.211969e-05 9.27902e-05 3.568854e-05 0.0004104182 0.0002141312 0.0006852199 0.002109193 1.784427e-05 0.0002391132 0.0004853641 0.003272639 0.0002141312 0.0005210527 5.710166e-05 0 2.855083e-05 0.0001641673 0.0004425379 0.0007102019 0.0001142033 0.0002319755 3.211969e-05 1.070656e-05 1.784427e-05 3.568854e-06 3.568854e-06
0.000146323 9.27902e-05 0.0004175559 0.006866475 0.005149856 0.02507477 0.002419683 0.01984997 0.00934326 0.03118108 0.0009600217 0.03639517 0.0007423216 0.01265516 0.007123432 0.0004603822 0.0001677361 0.0006281183 0.000585292 0.009767953 0.001067087 0.0002498198 0.003101334 0.00653814 6.780822e-05 0.002494629 0.003354723 0.006191962 0.01995346 0.0003390411 8.565249e-05 0.0222982 4.63951e-05 0.008476028 8.208364e-05 0.0898566 0.02230891 0.01150598 0.002091348 0.005910022 0.005017809 0.000806561 0.0008636626 0 3.568854e-06 1.070656e-05 0.001067087 7.137708e-06 0.0001142033 0.000660238 4.282625e-05 0.000585292 0.001691637 0 0.0007351839 0 2.855083e-05 0.0001748738 2.855083e-05 1.070656e-05 0 0 0.0007494593 1.070656e-05 2.141312e-05 5.710166e-05 0.001284787 0 1.070656e-05 6.780822e-05 0.001987852 6.423937e-05 2.498198e-05 0 7.137708e-06 2.141312e-05 3.568854e-05 0.0002034247 0.0002962149 3.568854e-06 0.0001106345 2.141312e-05 0.001295494 1.427542e-05 0 3.568854e-06
0.0001820115 2.498198e-05 4.996395e-05 0.001127758 7.137708e-06 0.001563158 0.003572423 0.003997116 0.0002962149 0.01068158 0.0001498919 0.001941457 0.0001034968 0.002298342 4.63951e-05 6.780822e-05 3.211969e-05 0.0001677361 0.0001641673 0.0009957102 0.0002997837 3.568854e-06 0.000267664 0.004432517 8.565249e-05 0.00034261 0.0002248378 0.006077758 0.003540303 0.000463951 2.498198e-05 0.009717989 0.0001034968 0.001063518 0.0001534607 0.03602758 0.002662365 0.002783706 5.710166e-05 0.005017809 2.855083e-05 0.0006566691 0.0001498919 7.137708e-06 0 0 1.070656e-05 0 1.070656e-05 0.0002462509 2.141312e-05 0.0001320476 4.996395e-05 0 1.427542e-05 0 3.568854e-05 0 1.070656e-05 0 0 0 0 1.427542e-05 7.137708e-06 1.070656e-05 0.0005496035 0 0 7.137708e-06 0.0006245494 4.996395e-05 3.568854e-05 0 0 7.137708e-06 3.925739e-05 0 0.0001427542 3.568854e-06 6.067052e-05 7.137708e-06 3.568854e-06 1.784427e-05 0 3.568854e-06
0 0.009521702 2.498198e-05 7.137708e-06 0 3.568854e-06 9.635906e-05 2.855083e-05 0.0004175559 0.0001570296 0.002701622 3.568854e-06 0.01896489 1.070656e-05 0 9.635906e-05 0.0001784427 0.0001641673 0.0003533165 3.568854e-06 0.0001998558 0.00177372 0.0003782985 0.0005032084 0.02573144 0.001234823 0.00308349 0.0001855804 2.141312e-05 4.996395e-05 0.0007351839 3.568854e-06 3.568854e-06 0.002301911 0.001506056 0.02570645 0.001923612 0.00448248 0.001427542 0.000806561 0.0006566691 3.568854e-05 0.0005567412 0 2.498198e-05 0 0 0 3.568854e-06 1.427542e-05 3.568854e-06 0 3.568854e-06 0.0001855804 0 0.0002712329 3.568854e-06 0 7.137708e-06 0 0.0001284787 0.000146323 0 0 3.568854e-06 7.137708e-06 1.070656e-05 0.0004354002 0.0004104182 0.0003782985 2.498198e-05 3.568854e-06 1.070656e-05 0.0002105624 0 0 3.568854e-06 3.568854e-06 0.0001855804 6.780822e-05 2.855083e-05 7.137708e-06 0 0 0.0001534607 0
2.498198e-05 7.137708e-06 0.0002177001 0.0001320476 3.568854e-06 0.0001034968 0.0007530282 0.0002284066 6.423937e-05 0.001117051 0.0001391853 0.0001106345 0.0002391132 0.0001106345 0 0.0007922856 4.63951e-05 0.0001034968 0.0001748738 9.992791e-05 0.001784427 5.710166e-05 0.004343295 0.0008600938 7.137708e-05 0.0006887888 0.001730894 0.002034247 0.0001927181 0.0006709445 2.141312e-05 9.992791e-05 2.141312e-05 0.0009493151 0.002048522 0.009889294 0.00501424 0.002655227 0.0007494593 0.0008636626 0.0001498919 0.0005567412 4.996395e-05 3.568854e-06 0 7.137708e-06 3.568854e-06 0 0 5.353281e-05 3.568854e-06 2.855083e-05 7.137708e-06 0 0 0 3.568854e-06 0 8.922135e-05 7.137708e-06 0 3.568854e-06 3.568854e-06 1.427542e-05 2.855083e-05 0.000121341 0.0001284787 0 3.568854e-06 4.63951e-05 0.0002498198 2.498198e-05 3.925739e-05 0 0 3.568854e-06 7.137708e-06 4.63951e-05 6.067052e-05 0 7.137708e-06 0 0 1.070656e-05 0 0
