0.006794605 3.428156e-05 0.02000329 0.001220424 3.428156e-06 0.0003976661 0.08822017 0.002667105 0.0005862147 0.004189207 0.0002399709 9.256022e-05 3.428156e-06 0.01662656 2.056894e-05 8.57039e-05 0.05713708 0.001398688 0.0196639 0.0003256748 0.001518673 0.0002948214 0.01285901 0.006208391 0 0.01619804 0.002828229 0.01731219 0.06051724 0.08555649 6.856312e-06 2.056894e-05 0.004072649 0.01931423 4.456603e-05 0.001384975 9.598837e-05 0.003596136 0.0003428156 5.48505e-05 0.0001199855 1.028447e-05 3.770972e-05 3.428156e-06 2.056894e-05 1.371262e-05 6.856312e-05 0 6.856312e-06 0.0002365428 6.856312e-06 0.0001268418 2.399709e-05 0 3.428156e-06 0 0 3.428156e-06 6.856312e-06 1.028447e-05 0 3.770972e-05 2.742525e-05 0 1.714078e-05 0 0.0003702409 0 9.598837e-05 0.0001816923 0.0003359593 1.371262e-05 6.856312e-06 0 0 0 2.742525e-05 0 5.827865e-05 0 6.170681e-05 1.371262e-05 0 6.856312e-06 0 3.428156e-06
3.428156e-05 0.001384975 0.00905376 0 0 0 0.0001885486 1.371262e-05 0.02300293 0 0.0001885486 0 0.0009256022 5.827865e-05 3.428156e-06 0.005855291 0.00202604 0.0003462438 0.001306127 0 0.0002948214 0.05411687 0.001700365 0.004953686 0.02757952 0.02163167 0.04491227 0.000593071 8.57039e-05 0.0006822031 0.0002365428 6.856312e-06 1.714078e-05 0.000527936 3.428156e-06 0.001504961 0.005272504 0.002197448 0.0005999273 6.856312e-06 0 0.004281767 0 0 5.827865e-05 0.001388403 3.428156e-06 0 3.428156e-06 3.770972e-05 0 0 0 7.884759e-05 0 1.371262e-05 6.856312e-06 0 6.856312e-06 0.0001474107 6.856312e-05 0.0003222467 0 2.056894e-05 0 0.0001131292 6.856312e-06 6.513497e-05 0.001145004 0.003249892 2.056894e-05 3.428156e-06 1.028447e-05 1.028447e-05 0 0 0.0005519331 6.856312e-06 6.513497e-05 0.0002811088 0.0005999273 1.371262e-05 0 0 0 0
0.02000329 0.00905376 0.03141219 2.742525e-05 1.371262e-05 0.0001988331 0.1215144 0.008278997 0.001124435 0.000548505 0.0006787749 3.085341e-05 6.856312e-05 0.03308171 4.456603e-05 0.002125457 0.06829915 0.001892342 0.01356179 6.856312e-06 0.0469486 0.02472043 0.1285319 0.009101755 2.056894e-05 0.2049077 0.0959918 0.07794256 0.004285195 0.06745583 2.399709e-05 3.085341e-05 0.0003256748 0.01087754 0.0001199855 0.02158367 0.02711672 0.02454217 0.004148069 3.770972e-05 6.856312e-05 3.428156e-06 2.399709e-05 4.799419e-05 0.008117874 0.004953686 3.770972e-05 0 1.028447e-05 0.0006856312 3.085341e-05 6.170681e-05 6.856312e-06 0.0002228301 0 2.056894e-05 7.884759e-05 0 0.0006616341 0.0009564556 8.57039e-05 0.0002262583 1.028447e-05 0.0006136399 0.0003119622 0.008371557 0.0005999273 6.856312e-05 0.0008741798 0.069547 0.001066157 8.913206e-05 0.0005896429 0 3.428156e-06 0 0.005066815 0.000154267 0.005543328 0.002557404 0.005491906 0.0002433991 3.428156e-06 0 0 1.028447e-05
0.001220424 0 2.742525e-05 0.02144654 9.256022e-05 0.007171703 0.002540264 0.004933117 0.02676019 0.02116544 6.170681e-05 0.0633249 2.399709e-05 0.005166231 0.0004079506 0 1.371262e-05 2.056894e-05 2.399709e-05 0.04462774 6.856312e-06 0 1.714078e-05 0.05180287 0 0.000174836 2.742525e-05 0.05190571 0.01026047 0.0001576952 0 0.0002262583 0.0002708243 0.002451132 0.0001062728 0.005920426 7.541943e-05 0.009753104 0.00128213 0.0009118895 0.001055872 1.028447e-05 0.0001062728 2.399709e-05 1.028447e-05 1.028447e-05 0.01719563 0 0.0001714078 0.001086725 6.856312e-05 0.01226594 0.007634504 1.028447e-05 0.002944786 3.428156e-06 0.0001405544 1.028447e-05 0 3.428156e-06 1.371262e-05 0 0.01069928 0 6.856312e-06 0 0.01597521 6.856312e-06 1.028447e-05 3.428156e-06 0.01290015 0.0001782641 0 0 0 3.428156e-06 8.913206e-05 3.428156e-06 0.0001131292 0 0.0002433991 3.085341e-05 0.0001611233 3.428156e-05 3.428156e-06 3.428156e-06
3.428156e-06 0 1.371262e-05 9.256022e-05 5.142234e-05 0.004768565 0.0004285195 0.00970511 0.0009975934 0.000637637 0.0005210797 0.001374691 6.170681e-05 0.0003496719 0.003719549 0 4.113787e-05 0.0001199855 4.113787e-05 0.0003839535 0 0 6.856312e-06 0.0002056894 0 0.0005142234 0.0001165573 0.0002913933 0.0002228301 6.856312e-06 1.371262e-05 0.002142598 3.428156e-06 0.001052444 0 0.0004628011 6.856312e-06 0.003873816 0.0004319477 0.005971848 0.001888914 1.371262e-05 6.856312e-06 0 0 0 0 0 0 0 0 1.028447e-05 6.856312e-06 0 3.428156e-06 0 0 0 0 0 0 0 0 0 0 0 1.371262e-05 0 0 0 6.856312e-06 0 0 0 0 0 0 0 0 0 0 0 0 0 0 0
0.0003976661 0 0.0001988331 0.007171703 0.004768565 0.09470624 0.07661929 0.07516918 0.00390467 0.2020727 0.001607805 0.1303728 0.0001439826 0.01225566 0.01092896 3.428156e-06 0.000109701 0.0003908098 0.0002399709 0.02941701 1.371262e-05 3.428156e-06 3.428156e-05 0.001570096 0 0.001984902 0.0003325311 0.0486044 0.008892637 0.0002433991 8.57039e-05 0.01682196 7.541943e-05 0.00574559 6.856312e-05 0.002560833 0.0001062728 0.01996558 0.003956092 0.0128933 0.01186828 9.256022e-05 5.48505e-05 0 0 0 0.0003153904 0 1.714078e-05 7.884759e-05 3.428156e-06 0.0003256748 0.000154267 0 0.0001816923 0 3.428156e-06 0 0 0 0 0 0.0001816923 0 0 0 0.000373669 0 0 0 0.0002913933 1.028447e-05 0 0 0 0 1.028447e-05 0 1.714078e-05 3.428156e-06 6.856312e-06 0 3.428156e-05 0 0 0
0.08822017 0.0001885486 0.1215144 0.002540264 0.0004285195 0.07661929 0.249155 0.2335877 0.03917697 0.08190893 0.001035303 0.002053466 0.0001576952 0.2276536 0.001546098 4.799419e-05 0.07999602 0.003781256 0.03302686 0.0007919041 0.02460045 0.000548505 0.07895729 0.0481176 5.48505e-05 0.1550624 0.00457316 0.2973411 0.126067 0.1076612 4.456603e-05 0.00115186 0.008933775 0.03531344 0.001165573 0.04933459 0.001508389 0.06677705 0.009972506 0.002200876 0.004453175 0.0001474107 0.0007850478 0.0001268418 7.541943e-05 0.0001028447 0.003585851 0 0.0001028447 0.01067528 0.0002125457 0.002272868 0.001107294 2.399709e-05 0.0001405544 3.428156e-06 0.0002571117 3.428156e-06 2.399709e-05 2.399709e-05 1.028447e-05 5.48505e-05 0.00109701 2.056894e-05 2.056894e-05 7.541943e-05 0.01752816 1.714078e-05 0.0001816923 0.0004662292 0.01785384 0.0009358866 1.371262e-05 0 1.714078e-05 2.742525e-05 0.0008159012 5.48505e-05 0.001755216 4.113787e-05 0.001556383 0.0003051059 3.770972e-05 0.0001679797 1.028447e-05 6.513497e-05
0.002667105 1.371262e-05 0.008278997 0.004933117 0.00970511 0.07516918 0.2335877 0.1399031 0.001940336 0.09768874 0.01167973 0.0410316 0.001127863 0.08607072 0.002773378 2.742525e-05 0.01543699 0.004161782 0.01262933 0.01839549 0.000284537 3.770972e-05 0.001796354 0.005125093 1.028447e-05 0.02938273 0.004216632 0.03194699 0.03069228 0.003133335 0.0004045224 0.01260876 0.0007439099 0.03527915 0.0002605399 0.009746248 0.0008261856 0.07083256 0.01736704 0.00163523 0.03114137 0.0004319477 0.000174836 1.028447e-05 2.742525e-05 1.028447e-05 0.0005313642 0 1.714078e-05 0.0006479215 3.085341e-05 0.0002056894 0.0001199855 3.428156e-06 4.799419e-05 0 3.770972e-05 0 0 0 3.428156e-06 2.742525e-05 0.0001645515 3.428156e-06 1.028447e-05 0 0.001570096 3.428156e-06 5.827865e-05 8.57039e-05 0.001192998 5.827865e-05 6.856312e-06 0 3.428156e-06 6.856312e-06 4.456603e-05 0 7.199128e-05 1.028447e-05 7.199128e-05 4.113787e-05 3.428156e-06 1.028447e-05 0 0
0.0005862147 0.02300293 0.001124435 0.02676019 0.0009975934 0.00390467 0.03917697 0.001940336 0.003976661 0.01188542 3.770972e-05 0.01105923 0.0001199855 0.001552955 0.03526544 0.0008021885 0.0008433264 7.884759e-05 0.0005073671 0.01322925 0.001011306 0.01890971 0.001892342 0.1684527 0.007655073 0.002838513 0.008937203 0.06182337 0.006139828 0.04789134 1.371262e-05 0.00048337 0.0008673235 0.002601971 0.0001954049 0.00645179 0.001110723 0.005694167 0.0009838808 0.008248144 0.0003805253 0.0007439099 8.227575e-05 4.113787e-05 1.028447e-05 3.428156e-05 0.007397961 0 0.0002982496 0.005570754 0.0001371262 0.002557404 0.002605399 1.714078e-05 0.008241287 0 0.000154267 5.48505e-05 4.113787e-05 0 0 3.428156e-06 0.006492928 1.371262e-05 9.941653e-05 0 0.01839206 1.371262e-05 1.714078e-05 2.056894e-05 0.01340409 0.000548505 2.399709e-05 0 0 1.371262e-05 0.0004353758 6.170681e-05 0.001744931 3.085341e-05 0.0009941653 0.0001816923 0.0008878924 5.827865e-05 3.428156e-06 4.799419e-05
0.004189207 0 0.000548505 0.02116544 0.000637637 0.2020727 0.08190893 0.09768874 0.01188542 0.3997401 0.0007336254 0.04031169 0.0001679797 0.06356487 0.0002399709 3.428156e-06 0.0004525166 0.0002879651 0.0005725021 0.02358229 2.742525e-05 3.428156e-06 7.541943e-05 0.01601635 0 0.002125457 0.0002536836 0.0737842 0.05781585 0.000263968 4.113787e-05 0.001885486 0.0004216632 0.01355493 0.0004490885 0.0203941 0.0003531001 0.05643088 0.007377392 0.001110723 0.005125093 0.000109701 0.0004765137 2.399709e-05 3.428156e-06 2.056894e-05 0.02104202 0 0.0002536836 0.00171065 0.0001062728 0.009040048 0.009636547 6.856312e-06 0.002625968 3.428156e-06 0.000219402 1.028447e-05 0 0 3.428156e-06 0 0.01176886 0 2.056894e-05 0 0.01795668 6.856312e-06 1.028447e-05 6.856312e-06 0.0159135 0.0002159738 0 0 1.028447e-05 3.428156e-06 0.0001782641 0 0.0001679797 6.856312e-06 0.0004045224 5.142234e-05 0.000109701 6.170681e-05 0 1.371262e-05
0.0002399709 0.0001885486 0.0006787749 6.170681e-05 0.0005210797 0.001607805 0.001035303 0.01167973 3.770972e-05 0.0007336254 0.06417165 0.0006410652 0.04264283 0.007874475 3.428156e-06 0.0001645515 0.0003119622 0.01906398 0.0009564556 0.0003873816 0.0004696574 6.170681e-05 0.001909483 0.0002879651 0.004148069 0.08490514 0.02692474 0.000658206 0.01206368 0.0002742525 0.01362006 0.01782984 0.0001268418 0.06530295 3.085341e-05 0.015341 0.03472722 0.1369 0.06967727 6.856312e-06 0.002920789 0.001007878 1.028447e-05 0 3.085341e-05 1.371262e-05 0 0 0 0 0 6.856312e-06 3.428156e-06 0.0003976661 0 0.0003085341 0 0 0 0 0.0003531001 0.0001851204 0 0 0 1.028447e-05 1.714078e-05 8.913206e-05 0.0003839535 0.0005382205 3.428156e-06 0 0 6.170681e-05 0 0 6.856312e-06 0 2.742525e-05 0.0002262583 2.742525e-05 1.028447e-05 0 0 1.028447e-05 0
9.256022e-05 0 3.085341e-05 0.0633249 0.001374691 0.1303728 0.002053466 0.0410316 0.01105923 0.04031169 0.0006410652 0.1081069 0.0001405544 0.01310584 0.001786069 0 2.399709e-05 0.0001508389 0.000109701 0.0679392 3.428156e-06 0 3.428156e-06 0.009338297 0 0.0008433264 0.0001988331 0.01407601 0.01450796 3.428156e-05 3.428156e-05 0.002437419 3.085341e-05 0.006664336 6.856312e-05 0.002869367 0.0001062728 0.02718185 0.004977683 0.00180321 0.008875496 4.799419e-05 8.227575e-05 6.856312e-06 0 0 0.004867982 0 7.541943e-05 0.0001131292 6.856312e-06 0.006249529 0.001995187 3.428156e-06 0.003246464 0 2.056894e-05 1.371262e-05 0 0 0 0 0.004062365 0 0 0 0.002944786 0 3.428156e-06 0 0.002228301 2.399709e-05 0 0 0 0 1.028447e-05 0 3.428156e-06 0 4.113787e-05 6.856312e-06 0.0003633845 3.428156e-06 0 0
3.428156e-06 0.0009256022 6.856312e-05 2.399709e-05 6.170681e-05 0.0001439826 0.0001576952 0.001127863 0.0001199855 0.0001679797 0.04264283 0.0001405544 0.01355493 0.0006616341 0 6.856312e-05 5.142234e-05 0.0009495992 0.0001336981 8.227575e-05 0.0001508389 0.0002982496 0.0004079506 0.0001302699 0.01965362 0.006280382 0.01836463 0.0001816923 0.0005347924 4.113787e-05 0.004508025 0.0007439099 6.856312e-06 0.01394574 0.000373669 0.02617054 0.1436226 0.0842298 0.05496363 1.028447e-05 0.001014734 0.008971485 7.884759e-05 0 1.371262e-05 2.056894e-05 6.856312e-06 0 0 3.428156e-06 0 1.028447e-05 3.428156e-06 0.007367108 0 0.004093218 0 0 0 6.856312e-06 0.001340409 0.0002399709 0 0 3.428156e-06 0 1.028447e-05 0.001292415 0.001299271 0.001031875 2.056894e-05 0 3.428156e-06 0.0006067836 0 0 1.714078e-05 3.428156e-06 4.456603e-05 0.003229323 7.541943e-05 2.742525e-05 0 0 7.541943e-05 0
0.01662656 5.827865e-05 0.03308171 0.005166231 0.0003496719 0.01225566 0.2276536 0.08607072 0.001552955 0.06356487 0.007874475 0.01310584 0.0006616341 0.03371592 0.002187164 7.541943e-05 0.06288952 0.005049674 0.03484378 0.01144661 0.001237564 0.0001062728 0.0100445 0.008940631 2.399709e-05 0.05443226 0.00667462 0.03947865 0.03111395 0.02111059 0.0003119622 0.007840193 0.0008364701 0.03709951 0.0002159738 0.008556678 0.0006033555 0.04999966 0.008892637 0.0007507662 0.00650664 0.0001645515 0.000219402 6.856312e-06 3.428156e-05 2.399709e-05 0.0004662292 0 1.028447e-05 0.0006993439 6.856312e-06 0.0002159738 0.0001885486 6.856312e-06 2.399709e-05 3.428156e-06 3.770972e-05 3.428156e-06 3.428156e-06 0 1.371262e-05 2.742525e-05 0.0002056894 0 0 6.856312e-06 0.001559811 6.856312e-06 0.000109701 0.0002433991 0.001275274 8.913206e-05 0 0 0 3.428156e-06 2.742525e-05 1.028447e-05 0.0001028447 1.371262e-05 0.0001028447 2.399709e-05 1.028447e-05 2.399709e-05 0 0
2.056894e-05 3.428156e-06 4.456603e-05 0.0004079506 0.003719549 0.01092896 0.001546098 0.002773378 0.03526544 0.0002399709 3.428156e-06 0.001786069 0 0.002187164 0.002447703 0 2.742525e-05 3.428156e-06 0 0.0002365428 1.028447e-05 1.714078e-05 4.799419e-05 0.01517645 3.428156e-06 6.856312e-06 3.428156e-06 0.002444275 0.003256748 0.0004456603 0 0.02243728 0 0.0001131292 0 0.0001199855 0 0.0001645515 3.085341e-05 0.01094267 0.0004696574 0 0 0 0 0 0.0004490885 0 2.056894e-05 2.399709e-05 3.428156e-06 0.0005587894 0.0001954049 0 0.0007062002 0 3.428156e-06 6.856312e-06 0 0 0 0 0.0004970826 0 0 0 0.0001919767 0 3.428156e-06 0 0.0001508389 0 0 0 0 0 3.428156e-06 0 3.428156e-06 0 3.428156e-06 0 0.0001371262 0 0 0
8.57039e-05 0.005855291 0.002125457 0 0 3.428156e-06 4.799419e-05 2.742525e-05 0.0008021885 3.428156e-06 0.0001645515 0 6.856312e-05 7.541943e-05 0 0.01794297 0.005841578 0.0001028447 0.0007062002 0 0.005594751 0.02276296 0.05970477 0.01056215 0.000548505 0.01026047 0.0958821 0.004065793 0.0002571117 0.00115186 5.142234e-05 3.428156e-06 4.456603e-05 0.003921811 0.0008056167 0.08675978 0.05152176 0.01990387 0.002776806 0 6.856312e-06 4.456603e-05 0.0002605399 5.827865e-05 0.0002433991 0.0005210797 6.856312e-06 0 3.428156e-06 0.0001714078 1.028447e-05 0.0001234136 6.856312e-06 0 0 3.428156e-06 0.0001165573 0 0.01170373 9.941653e-05 1.714078e-05 1.714078e-05 3.085341e-05 0.001100438 0.002564261 0.01117579 0.001511817 0 0.0001885486 0.005005108 0.001871773 3.085341e-05 5.48505e-05 0 0 3.428156e-06 0.0004045224 2.399709e-05 0.000857039 0.0003119622 0.0005107953 1.371262e-05 0 0 0 0
0.05713708 0.00202604 0.06829915 1.371262e-05 4.113787e-05 0.000109701 0.07999602 0.01543699 0.0008433264 0.0004525166 0.0003119622 2.399709e-05 5.142234e-05 0.06288952 2.742525e-05 0.005841578 0.01269789 0.003428156 0.04964999 1.714078e-05 0.009468567 0.0001062728 0.01103866 0.005742162 3.428156e-05 0.07135364 0.2240711 0.01099752 0.03873816 0.07564227 6.513497e-05 8.57039e-05 0.005947851 0.01996215 0.0001371262 0.03089111 0.02737383 0.02698302 0.005646173 3.428156e-05 0.0001028447 3.428156e-06 3.770972e-05 1.028447e-05 0.001823779 0.004857697 3.770972e-05 0 3.428156e-06 0.0002673962 1.028447e-05 4.456603e-05 0 0.0001028447 3.428156e-06 1.714078e-05 2.399709e-05 0 2.399709e-05 0.0008261856 5.142234e-05 0.000373669 0 5.142234e-05 3.428156e-05 0.0007062002 0.0002742525 0.0001199855 0.004254342 0.0131127 0.0004079506 3.428156e-06 9.941653e-05 3.428156e-06 0 0 0.002917361 1.371262e-05 0.0004113787 0.001590664 0.002989352 7.884759e-05 0 0 0 0
0.001398688 0.0003462438 0.001892342 2.056894e-05 0.0001199855 0.0003908098 0.003781256 0.004161782 7.884759e-05 0.0002879651 0.01906398 0.0001508389 0.0009495992 0.005049674 3.428156e-06 0.0001028447 0.003428156 0.001306127 0.009605693 0.0001165573 0.0002776806 0.000174836 0.0007267691 0.000263968 0.0005759302 0.06564919 0.01585179 0.0009427429 0.004110359 0.001121007 0.001073013 0.003726406 0.0001474107 0.01554326 2.056894e-05 0.01634888 0.02583458 0.05465509 0.004538879 1.028447e-05 0.0003702409 1.371262e-05 6.856312e-06 0 0.0001885486 4.799419e-05 0 0 0 1.028447e-05 0 3.428156e-06 0 0.00115186 3.428156e-06 0.001330125 0 0 3.428156e-06 1.371262e-05 0.002382569 0.00210146 0 3.428156e-06 6.856312e-06 6.856312e-06 3.428156e-06 0.0002433991 0.003013349 0.003986946 0 0 1.371262e-05 0.0003839535 0 0 5.142234e-05 6.856312e-06 5.48505e-05 0.0001508389 0.0001439826 1.714078e-05 0 0 1.714078e-05 3.428156e-06
0.0196639 0.001306127 0.01356179 2.399709e-05 4.113787e-05 0.0002399709 0.03302686 0.01262933 0.0005073671 0.0005725021 0.0009564556 0.000109701 0.0001336981 0.03484378 0 0.0007062002 0.04964999 0.009605693 0.02389082 6.856312e-05 0.001299271 0.0005896429 0.002080891 0.0008261856 0.0005142234 0.0823923 0.06741126 0.003990374 0.01540271 0.01239964 0.0001954049 0.002430563 0.001398688 0.02397995 5.827865e-05 0.02126485 0.01761729 0.04616012 0.001597521 1.371262e-05 0.0002365428 1.028447e-05 2.399709e-05 3.428156e-06 0.002091175 0.0008433264 1.028447e-05 0 0 7.541943e-05 6.856312e-06 1.028447e-05 0 0.0009324585 3.428156e-06 0.0004490885 1.028447e-05 0 1.028447e-05 0.000394238 0.001563239 0.006420936 3.428156e-06 1.714078e-05 1.028447e-05 0.0001405544 3.428156e-05 0.001114151 0.0101062 0.01910511 5.142234e-05 6.856312e-06 6.856312e-05 0.0001336981 0 0 0.0004559448 1.028447e-05 0.0003256748 0.0004422321 0.001076441 4.799419e-05 0 0 6.856312e-06 0
0.0003256748 0 6.856312e-06 0.04462774 0.0003839535 0.02941701 0.0007919041 0.01839549 0.01322925 0.02358229 0.0003873816 0.0679392 8.227575e-05 0.01144661 0.0002365428 0 1.714078e-05 0.0001165573 6.856312e-05 0.01148775 6.856312e-06 0 0 0.01478564 0 0.0003873816 8.57039e-05 0.02138827 0.01447368 2.399709e-05 1.714078e-05 0.0009118895 4.113787e-05 0.004041796 0.000109701 0.004905691 0.0001062728 0.01817951 0.003092197 0.0008296138 0.002821372 4.456603e-05 0.0001336981 1.714078e-05 3.428156e-06 1.028447e-05 0.009108611 0 9.941653e-05 0.0004662292 4.113787e-05 0.005293073 0.004185779 3.428156e-06 0.00219402 0 4.799419e-05 1.714078e-05 0 0 0 0 0.005173088 0 0 0 0.006914591 0 6.856312e-06 0 0.005937566 0.0001165573 0 0 3.428156e-06 0 7.884759e-05 0 4.113787e-05 0 0.0001405544 6.856312e-06 0.0001576952 1.714078e-05 3.428156e-06 3.428156e-06
0.001518673 0.0002948214 0.0469486 6.856312e-06 0 1.371262e-05 0.02460045 0.000284537 0.001011306 2.742525e-05 0.0004696574 3.428156e-06 0.0001508389 0.001237564 1.028447e-05 0.005594751 0.009468567 0.0002776806 0.001299271 6.856312e-06 0.1368211 0.004456603 0.2167555 0.01299271 6.170681e-05 0.02184764 0.01087068 0.0532187 0.0021186 0.1631391 1.714078e-05 0 0.0006959157 0.1156591 0.004096647 0.3042386 0.02965698 0.2919006 0.01024333 2.056894e-05 8.57039e-05 5.48505e-05 0.0007301973 1.371262e-05 1.371262e-05 3.428156e-05 2.742525e-05 0 0 0.0001645515 3.428156e-06 0.0001131292 0 3.428156e-06 6.856312e-06 0 2.056894e-05 0 0.0009804527 1.028447e-05 6.856312e-06 3.428156e-06 3.428156e-06 0.0003565282 0.0004936545 0.0003222467 0.0007507662 0 3.428156e-05 0.0003016777 0.0007816196 2.399709e-05 1.028447e-05 0 0 3.428156e-06 2.399709e-05 1.371262e-05 0.0001302699 3.428156e-05 6.513497e-05 1.028447e-05 0 3.428156e-06 0 0
0.0002948214 0.05411687 0.02472043 0 0 3.428156e-06 0.000548505 3.770972e-05 0.01890971 3.428156e-06 6.170681e-05 0 0.0002982496 0.0001062728 1.714078e-05 0.02276296 0.0001062728 0.000174836 0.0005896429 0 0.004456603 0.003750403 0.01588265 0.02604713 0.02442904 0.005574182 0.02959184 0.004298908 0.001556383 0.006722614 5.827865e-05 3.428156e-06 0.000418235 0.0006033555 3.770972e-05 0.005913569 0.003966377 0.001919767 0.0004045224 2.399709e-05 6.856312e-06 0.002749381 1.714078e-05 3.428156e-06 3.428156e-06 2.742525e-05 6.856312e-06 0 6.856312e-06 0.0001679797 1.028447e-05 6.856312e-06 6.856312e-06 6.856312e-06 3.428156e-06 0 3.085341e-05 0 0.003277317 6.856312e-06 0 6.856312e-06 1.714078e-05 0.0004422321 5.142234e-05 0.002262583 0.001467251 3.428156e-06 2.742525e-05 0.001172429 0.001360978 1.714078e-05 2.056894e-05 3.428156e-06 0 3.428156e-06 1.028447e-05 0 0.0002433991 5.827865e-05 6.856312e-05 6.856312e-06 0 0 0 3.428156e-06
0.01285901 0.001700365 0.1285319 1.714078e-05 6.856312e-06 3.428156e-05 0.07895729 0.001796354 0.001892342 7.541943e-05 0.001909483 3.428156e-06 0.0004079506 0.0100445 4.799419e-05 0.05970477 0.01103866 0.0007267691 0.002080891 0 0.2167555 0.01588265 0.1302219 0.02556033 0.0001234136 0.06580003 0.1990799 0.09955708 0.005214225 0.2364434 4.113787e-05 1.028447e-05 0.0009564556 0.1197009 0.006211819 0.611679 0.1178189 0.4121535 0.01844348 4.799419e-05 3.770972e-05 6.513497e-05 0.002338002 4.799419e-05 0.000263968 0.0003565282 4.456603e-05 0 3.428156e-06 0.0004936545 2.742525e-05 0.0001336981 1.714078e-05 2.742525e-05 0 1.028447e-05 4.456603e-05 0 0.01403144 6.856312e-05 2.056894e-05 2.742525e-05 2.056894e-05 0.001247849 0.002972211 0.02426792 0.002691103 1.028447e-05 9.941653e-05 0.04082591 0.004970826 6.170681e-05 9.941653e-05 0 0 0 0.0002948214 0.0002296865 0.00544734 0.0008398983 0.001892342 0.0001988331 0 6.856312e-06 0 2.399709e-05
0.006208391 0.004953686 0.009101755 0.05180287 0.0002056894 0.001570096 0.0481176 0.005125093 0.1684527 0.01601635 0.0002879651 0.009338297 0.0001302699 0.008940631 0.01517645 0.01056215 0.005742162 0.000263968 0.0008261856 0.01478564 0.01299271 0.02604713 0.02556033 0.0765233 0.001278702 0.02485413 0.02576945 0.1179937 0.05139492 0.1159197 3.085341e-05 0.0003359593 0.006338661 0.02244414 0.0021186 0.1207774 0.01865945 0.05617719 0.009149749 0.01050044 0.002029468 0.0002022612 0.0008981769 0.000174836 0.0001199855 0.0001988331 0.01933137 0 0.0002091175 0.01516273 0.0002605399 0.02110373 0.007672213 3.085341e-05 0.002817944 6.856312e-06 0.0004319477 1.371262e-05 0.0006102118 3.428156e-05 2.742525e-05 6.856312e-06 0.009756532 0.0001268418 0.000658206 0.0005690739 0.03867646 2.742525e-05 0.0001234136 0.0009256022 0.03481978 0.001271846 5.142234e-05 3.428156e-06 0 2.742525e-05 0.001244421 9.941653e-05 0.003753831 7.199128e-05 0.002409994 0.0005793584 0.0001474107 0.0001885486 2.399709e-05 8.913206e-05
0 0.02757952 2.056894e-05 0 0 0 5.48505e-05 1.028447e-05 0.007655073 0 0.004148069 0 0.01965362 2.399709e-05 3.428156e-06 0.000548505 3.428156e-05 0.0005759302 0.0005142234 0 6.170681e-05 0.02442904 0.0001234136 0.001278702 0.01004107 0.006403796 0.0325572 0.0001268418 4.113787e-05 0.0002159738 0.001079869 0 6.856312e-06 0.000174836 3.428156e-06 0.003431584 0.02683218 0.01203283 0.005797012 0 2.399709e-05 0.02057579 6.856312e-06 0 0.0002776806 2.056894e-05 0 0 0 6.856312e-06 0 1.028447e-05 0 0.008416123 0 0.008409267 0 0 0 2.399709e-05 0.0062461 0.002910505 0 0 1.371262e-05 0 1.371262e-05 0.001234136 0.006242672 0.007178559 3.428156e-06 0 3.428156e-06 0.001539242 0 0 2.056894e-05 0 0.0002159738 0.002341431 0.0003256748 5.142234e-05 0 0 0.0001405544 0
0.01619804 0.02163167 0.2049077 0.000174836 0.0005142234 0.001984902 0.1550624 0.02938273 0.002838513 0.002125457 0.08490514 0.0008433264 0.006280382 0.05443226 6.856312e-06 0.01026047 0.07135364 0.06564919 0.0823923 0.0003873816 0.02184764 0.005574182 0.06580003 0.02485413 0.006403796 0.2562032 0.3096996 0.07553256 0.01893713 0.03084312 0.003311599 0.01590322 0.0006239244 0.1097593 0.0002742525 0.1088165 0.1560702 0.3750711 0.05321184 4.113787e-05 0.002300293 0.000284537 7.199128e-05 3.085341e-05 0.007411674 0.005042818 2.742525e-05 0 3.428156e-06 0.0002811088 1.028447e-05 4.799419e-05 3.428156e-06 0.003267033 3.428156e-06 0.003105909 2.742525e-05 0 2.742525e-05 0.001014734 0.007802483 0.01414114 1.028447e-05 5.142234e-05 1.714078e-05 0.0001474107 0.0002605399 0.002697959 0.02424049 0.04146355 0.0002811088 2.399709e-05 0.0001062728 0.0008296138 0 6.856312e-06 0.001546098 3.770972e-05 0.0007747633 0.001648943 0.003061343 0.0001439826 0 0 6.170681e-05 3.428156e-06
0.002828229 0.04491227 0.0959918 2.742525e-05 0.0001165573 0.0003325311 0.00457316 0.004216632 0.008937203 0.0002536836 0.02692474 0.0001988331 0.01836463 0.00667462 3.428156e-06 0.0958821 0.2240711 0.01585179 0.06741126 8.57039e-05 0.01087068 0.02959184 0.1990799 0.02576945 0.0325572 0.3096996 0.4096647 0.02106602 0.004569732 0.002588258 0.0202604 0.002958499 0.0003153904 0.1883909 0.002283152 0.5081659 0.5152313 0.5962798 0.1001364 1.714078e-05 0.0003770972 0.0009393148 0.000593071 5.142234e-05 0.01241678 0.006520353 1.028447e-05 0 3.428156e-06 0.0004250914 1.714078e-05 1.028447e-05 3.428156e-06 0.01370577 6.856312e-06 0.01617061 9.598837e-05 0 0.002961927 0.001892342 0.02335946 0.02269439 6.856312e-06 0.0005073671 0.001110723 0.007322541 0.0006719186 0.004689718 0.0450494 0.09551529 0.001570096 5.48505e-05 0.0003188185 0.00382925 0 0 0.00466572 0.0001919767 0.003404159 0.00505653 0.006585488 0.0003565282 0 6.856312e-06 0.000174836 2.742525e-05
0.01731219 0.000593071 0.07794256 0.05190571 0.0002913933 0.0486044 0.2973411 0.03194699 0.06182337 0.0737842 0.000658206 0.01407601 0.0001816923 0.03947865 0.002444275 0.004065793 0.01099752 0.0009427429 0.003990374 0.02138827 0.0532187 0.004298908 0.09955708 0.1179937 0.0001268418 0.07553256 0.02106602 0.1960974 0.1183811 0.3858253 2.399709e-05 0.0005862147 0.01616033 0.06558063 0.00470343 0.2185038 0.01898513 0.1399339 0.01916682 0.003472722 0.003825822 0.0002228301 0.00135755 0.0001199855 8.227575e-05 0.0001679797 0.01937594 0 0.0002399709 0.01076441 0.0002708243 0.01164545 0.007744205 3.770972e-05 0.001755216 0 0.000329103 6.856312e-06 0.0004079506 2.399709e-05 1.714078e-05 2.056894e-05 0.009581696 8.227575e-05 0.0003085341 0.0003565282 0.03453867 4.799419e-05 6.856312e-05 0.0008090448 0.02994152 0.00100445 4.113787e-05 0 2.056894e-05 4.456603e-05 0.0008878924 6.513497e-05 0.002070606 7.199128e-05 0.001775785 0.000373669 0.000109701 0.0002296865 1.371262e-05 5.827865e-05
0.06051724 8.57039e-05 0.004285195 0.01026047 0.0002228301 0.008892637 0.126067 0.03069228 0.006139828 0.05781585 0.01206368 0.01450796 0.0005347924 0.03111395 0.003256748 0.0002571117 0.03873816 0.004110359 0.01540271 0.01447368 0.0021186 0.001556383 0.005214225 0.05139492 4.113787e-05 0.01893713 0.004569732 0.1183811 0.1306573 0.09723279 0.0002605399 0.01417543 0.03649615 0.1054329 0.000658206 0.01765158 0.0008193293 0.09329384 0.01107637 0.001762072 0.005659886 0.0001919767 0.0003531001 1.371262e-05 2.056894e-05 3.428156e-05 0.0007233409 0 2.399709e-05 0.002653393 7.884759e-05 0.0009393148 0.0002948214 6.856312e-06 5.142234e-05 0 7.541943e-05 3.428156e-06 3.428156e-05 0 3.428156e-06 1.714078e-05 0.0002948214 3.428156e-06 3.428156e-05 6.856312e-06 0.003949236 6.856312e-06 6.856312e-05 8.227575e-05 0.004377755 0.0002296865 1.714078e-05 0 3.428156e-06 3.428156e-06 0.0001816923 1.714078e-05 0.000593071 3.428156e-06 0.0004250914 9.256022e-05 1.028447e-05 4.113787e-05 0 1.714078e-05
0.08555649 0.0006822031 0.06745583 0.0001576952 6.856312e-06 0.0002433991 0.1076612 0.003133335 0.04789134 0.000263968 0.0002742525 3.428156e-05 4.113787e-05 0.02111059 0.0004456603 0.00115186 0.07564227 0.001121007 0.01239964 2.399709e-05 0.1631391 0.006722614 0.2364434 0.1159197 0.0002159738 0.03084312 0.002588258 0.3858253 0.09723279 0.1441917 3.428156e-06 2.399709e-05 0.03001008 0.03581052 0.0003119622 0.01269103 0.0006547778 0.03049688 0.001206711 0.000702772 9.256022e-05 3.085341e-05 7.199128e-05 8.913206e-05 3.428156e-05 8.227575e-05 0.000637637 0 5.827865e-05 0.00989023 0.0001714078 0.005406202 0.0002056894 6.856312e-06 1.714078e-05 0 0.0002056894 0 9.256022e-05 1.028447e-05 6.856312e-06 1.028447e-05 0.0001474107 1.714078e-05 0.000154267 2.742525e-05 0.01129577 1.371262e-05 0.0001131292 0.0002125457 0.01448396 0.0007164846 5.142234e-05 0 1.371262e-05 6.856312e-06 0.0005793584 5.827865e-05 0.003112766 4.456603e-05 0.001484392 0.0003325311 2.056894e-05 0.000154267 3.428156e-06 7.541943e-05
6.856312e-06 0.0002365428 2.399709e-05 0 1.371262e-05 8.57039e-05 4.456603e-05 0.0004045224 1.371262e-05 4.113787e-05 0.01362006 3.428156e-05 0.004508025 0.0003119622 0 5.142234e-05 6.513497e-05 0.001073013 0.0001954049 1.714078e-05 1.714078e-05 5.827865e-05 4.113787e-05 3.085341e-05 0.001079869 0.003311599 0.0202604 2.399709e-05 0.0002605399 3.428156e-06 0.0005725021 0.0003908098 0 0.005584466 1.371262e-05 0.008100733 0.0269933 0.03324626 0.01457995 6.856312e-06 0.0002159738 0.0001405544 2.056894e-05 0 2.399709e-05 3.428156e-06 0 0 0 0 0 0 0 0.001093582 0 0.000767907 0 0 0 3.428156e-06 0.000394238 0.0001576952 0 0 0 0 0 7.541943e-05 0.0004148069 0.0004525166 0 0 0 0.0001165573 0 0 0 0 1.371262e-05 0.0002502554 2.056894e-05 0 0 0 1.371262e-05 0
2.056894e-05 6.856312e-06 3.085341e-05 0.0002262583 0.002142598 0.01682196 0.00115186 0.01260876 0.00048337 0.001885486 0.01782984 0.002437419 0.0007439099 0.007840193 0.02243728 3.428156e-06 8.57039e-05 0.003726406 0.002430563 0.0009118895 0 3.428156e-06 1.028447e-05 0.0003359593 0 0.01590322 0.002958499 0.0005862147 0.01417543 2.399709e-05 0.0003908098 8.913206e-05 6.856312e-06 0.07481951 6.856312e-06 0.0010593 0.000284537 0.03230694 0.002697959 0.01215967 0.03518659 0.000109701 2.399709e-05 0 3.428156e-06 0 1.371262e-05 0 0 1.371262e-05 0 2.056894e-05 6.856312e-06 3.428156e-06 0 3.428156e-06 0 0 0 0 0 0 0 0 0 0 1.714078e-05 0 6.856312e-06 6.856312e-06 2.056894e-05 3.428156e-06 0 0 0 0 3.428156e-06 0 0 0 3.428156e-06 0 0 0 0 0
0.004072649 1.714078e-05 0.0003256748 0.0002708243 3.428156e-06 7.541943e-05 0.008933775 0.0007439099 0.0008673235 0.0004216632 0.0001268418 3.085341e-05 6.856312e-06 0.0008364701 0 4.456603e-05 0.005947851 0.0001474107 0.001398688 4.113787e-05 0.0006959157 0.000418235 0.0009564556 0.006338661 6.856312e-06 0.0006239244 0.0003153904 0.01616033 0.03649615 0.03001008 0 6.856312e-06 0.003654414 0.01360292 3.770972e-05 0.0009598837 7.199128e-05 0.003541285 0.0003531001 2.056894e-05 3.428156e-05 3.428156e-06 1.371262e-05 3.428156e-06 0 6.856312e-06 4.113787e-05 0 0 0.0002468272 0 0.0001234136 1.028447e-05 0 0 0 3.428156e-06 0 6.856312e-06 0 3.428156e-06 3.428156e-06 1.028447e-05 0 1.028447e-05 0 0.0003153904 0 3.428156e-06 0 0.0003462438 2.056894e-05 3.428156e-06 0 0 0 2.399709e-05 0 9.256022e-05 3.428156e-06 5.142234e-05 0 0 3.428156e-06 0 0
0.01931423 0.000527936 0.01087754 0.002451132 0.001052444 0.00574559 0.03531344 0.03527915 0.002601971 0.01355493 0.06530295 0.006664336 0.01394574 0.03709951 0.0001131292 0.003921811 0.01996215 0.01554326 0.02397995 0.004041796 0.1156591 0.0006033555 0.1197009 0.02244414 0.000174836 0.1097593 0.1883909 0.06558063 0.1054329 0.03581052 0.005584466 0.07481951 0.01360292 0.03372963 0.0003976661 0.01408287 0.01396631 0.06435335 0.005395918 0.0002468272 0.0004867982 0.00139526 0.0001199855 1.028447e-05 0.0002296865 0.0006684904 0.0002159738 0 1.371262e-05 0.0008947488 2.399709e-05 0.000373669 7.199128e-05 2.742525e-05 1.028447e-05 2.056894e-05 1.714078e-05 0 4.113787e-05 8.913206e-05 2.399709e-05 5.142234e-05 8.913206e-05 6.856312e-06 2.056894e-05 0.0001885486 0.001179286 1.028447e-05 0.0003153904 0.001830635 0.001429541 8.57039e-05 1.028447e-05 6.856312e-06 0 3.428156e-06 0.0003428156 1.371262e-05 0.0003393875 0.0001816923 0.0005313642 0.0001131292 1.028447e-05 6.856312e-06 2.056894e-05 6.856312e-06
4.456603e-05 3.428156e-06 0.0001199855 0.0001062728 0 6.856312e-05 0.001165573 0.0002605399 0.0001954049 0.0004490885 3.085341e-05 6.856312e-05 0.000373669 0.0002159738 0 0.0008056167 0.0001371262 2.056894e-05 5.827865e-05 0.000109701 0.004096647 3.770972e-05 0.006211819 0.0021186 3.428156e-06 0.0002742525 0.002283152 0.00470343 0.000658206 0.0003119622 1.371262e-05 6.856312e-06 3.770972e-05 0.0003976661 0.6155254 0.2011779 0.002790519 0.005872431 0.00249227 6.856312e-06 6.513497e-05 0.0001645515 0.001244421 0 0 0 1.028447e-05 0 0 6.513497e-05 6.856312e-06 1.714078e-05 3.428156e-06 6.856312e-06 0 3.428156e-06 3.428156e-06 0 6.856312e-06 0 3.428156e-06 0 0 0 3.428156e-06 1.714078e-05 8.913206e-05 6.856312e-06 4.113787e-05 3.428156e-05 9.941653e-05 0 0 0 0 0 2.399709e-05 0.614065 0.0008913206 6.170681e-05 8.227575e-05 0.0001474107 0 3.428156e-06 6.856312e-05 3.428156e-05
0.001384975 0.001504961 0.02158367 0.005920426 0.0004628011 0.002560833 0.04933459 0.009746248 0.00645179 0.0203941 0.015341 0.002869367 0.02617054 0.008556678 0.0001199855 0.08675978 0.03089111 0.01634888 0.02126485 0.004905691 0.3042386 0.005913569 0.611679 0.1207774 0.003431584 0.1088165 0.5081659 0.2185038 0.01765158 0.01269103 0.008100733 0.0010593 0.0009598837 0.01408287 0.2011779 0.02355829 0.4750876 0.09348925 0.0169488 0.001042159 0.007545372 0.02855311 0.002896792 7.541943e-05 0.0004936545 0.0009084614 0.0006719186 0 2.056894e-05 0.00386696 8.57039e-05 0.001114151 0.0002125457 6.513497e-05 1.371262e-05 3.428156e-05 0.0001371262 0 0.002478557 0.0002159738 6.513497e-05 0.0001576952 0.0002262583 0.0003359593 0.0004696574 0.002931073 0.005125093 6.170681e-05 0.0008090448 0.007253978 0.006379799 0.0002776806 6.170681e-05 6.856312e-06 3.428156e-06 6.856312e-06 0.0007404817 0.001816923 0.001943765 0.0003976661 0.001268418 0.000174836 1.028447e-05 3.770972e-05 2.742525e-05 3.770972e-05
9.598837e-05 0.005272504 0.02711672 7.541943e-05 6.856312e-06 0.0001062728 0.001508389 0.0008261856 0.001110723 0.0003531001 0.03472722 0.0001062728 0.1436226 0.0006033555 0 0.05152176 0.02737383 0.02583458 0.01761729 0.0001062728 0.02965698 0.003966377 0.1178189 0.01865945 0.02683218 0.1560702 0.5152313 0.01898513 0.0008193293 0.0006547778 0.0269933 0.000284537 7.199128e-05 0.01396631 0.002790519 0.4750876 0.0472537 0.08351674 0.03258805 7.199128e-05 0.000503939 0.001882058 0.00167294 1.371262e-05 0.0003428156 0.0003222467 6.856312e-06 0 0 0.0001268418 3.428156e-06 1.714078e-05 6.856312e-06 0.0006890594 0 0.0002022612 2.399709e-05 0 0.001141576 0.0001131292 0.0004662292 0.0007439099 3.428156e-06 0.0001679797 0.0002399709 0.002327718 0.0002673962 0.0001919767 0.001110723 0.007397961 0.000548505 1.371262e-05 4.113787e-05 3.428156e-05 0 0 0.000329103 7.884759e-05 0.0007781914 0.001299271 0.0005416487 4.799419e-05 0 0 3.770972e-05 1.028447e-05
0.003596136 0.002197448 0.02454217 0.009753104 0.003873816 0.01996558 0.06677705 0.07083256 0.005694167 0.05643088 0.1369 0.02718185 0.0842298 0.04999966 0.0001645515 0.01990387 0.02698302 0.05465509 0.04616012 0.01817951 0.2919006 0.001919767 0.4121535 0.05617719 0.01203283 0.3750711 0.5962798 0.1399339 0.09329384 0.03049688 0.03324626 0.03230694 0.003541285 0.06435335 0.005872431 0.09348925 0.08351674 0.0839384 0.01763786 0.0004319477 0.003181329 0.008117874 0.0009598837 2.399709e-05 0.0006444934 0.001947193 0.0008159012 0 3.770972e-05 0.002852226 3.085341e-05 0.0009016051 0.000284537 0.0001405544 6.856312e-05 0.0001062728 9.941653e-05 3.428156e-06 0.0002982496 0.0003153904 0.0001885486 0.0003256748 0.0002742525 8.227575e-05 0.0001131292 0.000987309 0.004158353 0.0001028447 0.001456966 0.006928304 0.004638295 0.0002365428 4.456603e-05 2.056894e-05 0 6.856312e-06 0.001426113 0.000263968 0.0008913206 0.0006444934 0.001974618 0.0008159012 2.056894e-05 5.142234e-05 0.0003051059 2.056894e-05
0.0003428156 0.0005999273 0.004148069 0.00128213 0.0004319477 0.003956092 0.009972506 0.01736704 0.0009838808 0.007377392 0.06967727 0.004977683 0.05496363 0.008892637 3.085341e-05 0.002776806 0.005646173 0.004538879 0.001597521 0.003092197 0.01024333 0.0004045224 0.01844348 0.009149749 0.005797012 0.05321184 0.1001364 0.01916682 0.01107637 0.001206711 0.01457995 0.002697959 0.0003531001 0.005395918 0.00249227 0.0169488 0.03258805 0.01763786 0.0007336254 6.856312e-05 0.0002399709 0.002656821 0.0003565282 1.714078e-05 0.0001165573 0.0003188185 0.0001062728 0 3.428156e-06 0.0004285195 6.856312e-06 0.000109701 4.113787e-05 3.770972e-05 2.056894e-05 6.170681e-05 2.399709e-05 0 2.742525e-05 5.142234e-05 3.428156e-05 4.113787e-05 4.456603e-05 1.028447e-05 1.028447e-05 0.0001165573 0.000503939 3.085341e-05 0.000154267 0.001038731 0.000593071 5.48505e-05 1.371262e-05 3.428156e-06 0 0 0.0004593729 0.0003599564 0.000154267 0.0001954049 0.0008604672 0.0010593 0 2.399709e-05 0.0004148069 6.856312e-06
5.48505e-05 6.856312e-06 3.770972e-05 0.0009118895 0.005971848 0.0128933 0.002200876 0.00163523 0.008248144 0.001110723 6.856312e-06 0.00180321 1.028447e-05 0.0007507662 0.01094267 0 3.428156e-05 1.028447e-05 1.371262e-05 0.0008296138 2.056894e-05 2.399709e-05 4.799419e-05 0.01050044 0 4.113787e-05 1.714078e-05 0.003472722 0.001762072 0.000702772 6.856312e-06 0.01215967 2.056894e-05 0.0002468272 6.856312e-06 0.001042159 7.199128e-05 0.0004319477 6.856312e-05 0.002152882 0.001028447 0 3.428156e-06 0 0 0 0.0021186 0 0.0001062728 0.0001576952 1.714078e-05 0.0009633119 0.001199855 0 0.00267739 0 2.399709e-05 1.371262e-05 0 0 0 0 0.002543692 0 0 0 0.0010593 0 3.428156e-06 0 0.0009324585 2.742525e-05 0 0 3.428156e-06 0 3.428156e-06 3.428156e-06 1.714078e-05 0 4.113787e-05 3.428156e-06 0.0007267691 1.371262e-05 0 3.428156e-06
0.0001199855 0 6.856312e-05 0.001055872 0.001888914 0.01186828 0.004453175 0.03114137 0.0003805253 0.005125093 0.002920789 0.008875496 0.001014734 0.00650664 0.0004696574 6.856312e-06 0.0001028447 0.0003702409 0.0002365428 0.002821372 8.57039e-05 6.856312e-06 3.770972e-05 0.002029468 2.399709e-05 0.002300293 0.0003770972 0.003825822 0.005659886 9.256022e-05 0.0002159738 0.03518659 3.428156e-05 0.0004867982 6.513497e-05 0.007545372 0.000503939 0.003181329 0.0002399709 0.001028447 7.199128e-05 0.0008433264 4.456603e-05 0 0 0 4.456603e-05 0 0 0.000174836 0 2.399709e-05 3.428156e-05 0 1.028447e-05 3.428156e-06 3.428156e-06 0 0 0 0 0 3.085341e-05 0 0 0 0.000329103 0 0 0 0.000329103 1.714078e-05 0 0 0 0 6.856312e-06 0 2.056894e-05 3.428156e-06 3.085341e-05 2.742525e-05 0 3.428156e-06 2.399709e-05 0
1.028447e-05 0.004281767 3.428156e-06 1.028447e-05 1.371262e-05 9.256022e-05 0.0001474107 0.0004319477 0.0007439099 0.000109701 0.001007878 4.799419e-05 0.008971485 0.0001645515 0 4.456603e-05 3.428156e-06 1.371262e-05 1.028447e-05 4.456603e-05 5.48505e-05 0.002749381 6.513497e-05 0.0002022612 0.02057579 0.000284537 0.0009393148 0.0002228301 0.0001919767 3.085341e-05 0.0001405544 0.000109701 3.428156e-06 0.00139526 0.0001645515 0.02855311 0.001882058 0.008117874 0.002656821 0 0.0008433264 3.085341e-05 7.541943e-05 0 1.028447e-05 0 0 0 0 1.371262e-05 0 6.856312e-06 0 1.371262e-05 0 6.170681e-05 0 0 3.428156e-06 0 3.085341e-05 2.399709e-05 0 0 0 0 3.428156e-06 1.371262e-05 5.142234e-05 9.256022e-05 1.371262e-05 0 0 0 0 0 3.770972e-05 6.856312e-06 3.428156e-06 2.742525e-05 0.0001062728 0.0002262583 0 0 8.57039e-05 0
3.770972e-05 0 2.399709e-05 0.0001062728 6.856312e-06 5.48505e-05 0.0007850478 0.000174836 8.227575e-05 0.0004765137 1.028447e-05 8.227575e-05 7.884759e-05 0.000219402 0 0.0002605399 3.770972e-05 6.856312e-06 2.399709e-05 0.0001336981 0.0007301973 1.714078e-05 0.002338002 0.0008981769 6.856312e-06 7.199128e-05 0.000593071 0.00135755 0.0003531001 7.199128e-05 2.056894e-05 2.399709e-05 1.371262e-05 0.0001199855 0.001244421 0.002896792 0.00167294 0.0009598837 0.0003565282 3.428156e-06 4.456603e-05 7.541943e-05 2.056894e-05 0 0 0 1.714078e-05 0 3.428156e-06 6.513497e-05 0 2.056894e-05 0 0 0 0 0 0 1.028447e-05 0 0 0 3.428156e-06 0 0 6.856312e-06 5.827865e-05 0 0 0 9.941653e-05 3.428156e-06 0 0 0 0 0 1.371262e-05 2.056894e-05 6.856312e-06 6.856312e-06 3.428156e-06 0 0 0 0
3.428156e-06 0 4.799419e-05 2.399709e-05 0 0 0.0001268418 1.028447e-05 4.113787e-05 2.399709e-05 0 6.856312e-06 0 6.856312e-06 0 5.827865e-05 1.028447e-05 0 3.428156e-06 1.714078e-05 1.371262e-05 3.428156e-06 4.799419e-05 0.000174836 0 3.085341e-05 5.142234e-05 0.0001199855 1.371262e-05 8.913206e-05 0 0 3.428156e-06 1.028447e-05 0 7.541943e-05 1.371262e-05 2.399709e-05 1.714078e-05 0 0 0 0 0.0143057 0.001141576 0.002471701 0.002108316 3.428156e-06 0.0007439099 0.05261534 0.007812768 8.227575e-05 0.01286244 0.002749381 0.0006856312 5.48505e-05 0.07122337 6.856312e-06 0.0006547778 0.006962585 0.005066815 0.01123064 0.002283152 0.006393511 0.0004079506 0.004843985 0.001813495 4.456603e-05 0.009999931 0.002015756 0.01171744 0.07246094 0.01611576 2.056894e-05 0.0007919041 0.003315027 0.04371242 0.0001645515 0.004240629 0.0002262583 0.0270173 0.002224873 2.399709e-05 0.0005964992 3.770972e-05 9.598837e-05
