0.007788765 0 0.005504285 0.0008074745 6.728954e-06 0.001170838 0.08293773 0.00402055 0.0002859806 0.009417172 7.738298e-05 0.0002590647 0 0.04698156 4.710268e-05 1.009343e-05 0.04992884 3.700925e-05 0.007425401 0.0005315874 0.00424597 0 0.02142163 0.006752506 0 0.01026838 0.003674009 0.02128032 0.02464816 0.01707136 0 3.028029e-05 3.700925e-05 0.01162763 0 0.0006426151 0.0002321489 0.001493828 0.0001244857 6.728954e-05 2.018686e-05 0 3.364477e-06 0 3.364477e-06 6.056059e-05 1.345791e-05 0 6.728954e-06 0.0001143922 2.691582e-05 8.747641e-05 5.046716e-05 0 0 0 3.700925e-05 0 0 0 0 6.728954e-06 1.682239e-05 3.364477e-06 0 6.728954e-06 0.0004743913 0 6.392507e-05 0.0003263543 0.0004676623 6.056059e-05 0 0 3.364477e-06 0 6.056059e-05 3.364477e-06 9.756984e-05 6.728954e-06 9.420536e-05 1.009343e-05 3.364477e-06 6.728954e-06 0 0
0 0.008925958 0.0002657937 0 0.0003700925 1.682239e-05 1.345791e-05 0 0.05622378 3.364477e-06 0.0001581304 0 0.01020109 2.018686e-05 0.0004474755 0.0006897178 0.0003869149 0.000373457 0.001601491 0 0 0.1099377 1.682239e-05 0.03054609 0.02503844 0.02639096 0.06306376 8.747641e-05 1.345791e-05 3.364477e-06 0.0001783173 2.355134e-05 0 0.000366728 3.364477e-06 0.001022801 0.001651958 0.001742799 0.0002119621 0.001662052 0 0.002842983 3.364477e-06 3.364477e-06 0.0002523358 0.003482234 0 0 3.364477e-06 5.383163e-05 1.009343e-05 4.037373e-05 3.364477e-06 8.747641e-05 0 6.728954e-05 1.009343e-05 0 2.355134e-05 0.000154766 3.700925e-05 0.0004071017 0 1.345791e-05 6.056059e-05 0.0003566346 9.084088e-05 1.345791e-05 0.001180931 0.01840705 5.383163e-05 6.728954e-06 0 2.018686e-05 0 3.364477e-06 0.0004609334 1.345791e-05 0.0005753256 0.0003936438 0.0004811202 6.392507e-05 0 0 2.018686e-05 3.364477e-06
0.005504285 0.0002657937 0.06534824 0.001204483 5.046716e-05 0.002277751 0.1990694 0.01922799 0.0008512127 0.01868294 0.0001244857 0.0001446725 2.355134e-05 0.03116852 8.747641e-05 0.0003700925 0.1333477 2.018686e-05 0.006483348 0.0001278501 0.02532106 9.084088e-05 0.2110637 0.02172443 6.728954e-06 0.05443051 0.246808 0.1077272 0.005783536 0.003021301 0 0.0001177567 0.0001042988 0.01444034 0.0003364477 0.08751005 0.05748546 0.05955125 0.0256575 0.0003700925 6.392507e-05 0.0007099047 0.0004676623 3.700925e-05 0.00356971 0.03273973 4.710268e-05 0 1.682239e-05 0.0005820546 4.037373e-05 0.0002018686 7.40185e-05 5.046716e-05 2.018686e-05 1.345791e-05 0.0001177567 0 0.0003162609 0.0009185023 5.046716e-05 0.0003061674 1.009343e-05 0.0001917752 0.0004676623 0.0104568 0.0008646706 3.364477e-06 0.005258678 0.08444165 0.0007300915 5.383163e-05 6.728954e-06 0 0 0 0.003303917 0.0002422424 0.006971197 0.002762236 0.00437382 0.0003499056 1.345791e-05 6.728954e-06 2.691582e-05 2.355134e-05
0.0008074745 0 0.001204483 0.0415883 0.0005955125 0.01364295 0.002550274 0.005349519 0.0713572 0.06304021 4.37382e-05 0.2499773 0 0.01556744 0.004770829 1.009343e-05 2.691582e-05 1.009343e-05 2.691582e-05 0.08199904 2.018686e-05 0 0.0004979426 0.0433311 0 0.0003297188 0.0003297188 0.045481 0.007425401 8.074745e-05 0 0.0008007456 2.355134e-05 0.004814567 3.364477e-06 0.007438859 0.0001682239 0.0107495 0.001894201 0.01072932 0.0005887835 3.364477e-06 4.037373e-05 7.40185e-05 0 7.738298e-05 0.01006652 0 0.00080411 0.002129714 0.000952147 0.006547273 0.0114695 3.364477e-06 0.003445225 0 0.0007805587 3.700925e-05 3.364477e-06 3.364477e-06 0 3.364477e-06 0.004397372 0 1.009343e-05 1.682239e-05 0.0162908 0 3.028029e-05 3.364477e-05 0.01316183 0.0005114005 6.728954e-06 0 1.682239e-05 2.018686e-05 0.000296074 0 0.0002557003 6.728954e-06 0.0005349519 2.018686e-05 0.0001884107 1.345791e-05 0 0
6.728954e-06 0.0003700925 5.046716e-05 0.0005955125 0.0001648594 0.001503921 0.0005786901 5.046716e-05 0.02352779 0.0005315874 0 0.003744663 1.009343e-05 4.710268e-05 0.02431171 0 3.364477e-06 0 0 0.0001211212 3.364477e-06 0.0002489713 4.037373e-05 0.004367091 9.084088e-05 1.009343e-05 4.037373e-05 0.001271772 4.37382e-05 0 0 0.001685603 6.728954e-06 3.700925e-05 0 5.719611e-05 6.728954e-06 7.065402e-05 1.682239e-05 0.02535806 1.682239e-05 0 3.364477e-06 0 0 0 1.009343e-05 0 0 0 3.364477e-06 6.728954e-06 6.728954e-06 0 1.009343e-05 0 0 0 3.364477e-06 0 0 0 3.364477e-06 0 0 0 4.37382e-05 0 0 3.364477e-06 5.383163e-05 6.728954e-06 0 0 0 0 3.364477e-06 0 0 3.364477e-06 3.364477e-06 0 0 0 0 0
0.001170838 1.682239e-05 0.002277751 0.01364295 0.001503921 0.2656625 0.02984964 0.1110513 0.00730428 0.2656625 0.0002557003 0.09121098 1.009343e-05 0.06955047 0.04138643 6.728954e-06 0.0003970083 3.700925e-05 0.0001244857 0.01477678 7.738298e-05 1.009343e-05 0.0005315874 0.002146536 6.728954e-06 0.0006897178 0.0004104662 0.01544295 0.009639227 0.0001345791 0 0.0162336 1.009343e-05 0.01058465 1.682239e-05 0.008999976 0.0001446725 0.01514688 0.001150651 0.03002796 0.004888585 0 4.710268e-05 1.345791e-05 0 6.728954e-06 0.0005988769 0 6.056059e-05 0.0003196253 0.0001244857 0.0003398122 0.0007132692 0 0.0001783173 0 9.420536e-05 0 0 0 0 0 0.0002758871 0 0 6.728954e-06 0.001399623 0 1.682239e-05 1.009343e-05 0.001295324 0.0001110277 0 0 3.364477e-06 0 3.700925e-05 0 7.065402e-05 3.364477e-06 8.747641e-05 0 1.682239e-05 1.009343e-05 0 0
0.08293773 1.345791e-05 0.1990694 0.002550274 0.0005786901 0.02984964 0.1241156 0.1391581 0.01915397 0.06170788 0.0001581304 0.0007099047 1.009343e-05 0.328309 0.001907659 7.40185e-05 0.06449703 2.691582e-05 0.003896065 0.0006224283 0.04916847 2.355134e-05 0.1795386 0.03735243 0 0.03297524 0.02184555 0.1555532 0.1415604 0.2030664 0 0.001066539 0.00208934 0.03378608 0.0001042988 0.0402156 0.001396258 0.05344808 0.01754575 0.004397372 0.0006325217 2.018686e-05 0.0001985042 0.0002321489 3.028029e-05 0.0004272886 0.001995135 0 0.0003633635 0.007196617 0.001500557 0.006954374 0.003502421 1.345791e-05 0.0003297188 0 0.00186392 1.345791e-05 3.364477e-06 1.345791e-05 0 2.018686e-05 0.000740185 2.355134e-05 4.037373e-05 0.0001076633 0.0331401 0 0.0003330832 0.0007435495 0.0231476 0.00366728 3.364477e-05 0 3.364477e-05 0.0002220555 0.001682239 0.0001211212 0.002546909 4.710268e-05 0.004558867 0.0003297188 0.000148037 0.0001278501 3.364477e-06 4.710268e-05
0.00402055 0 0.01922799 0.005349519 5.046716e-05 0.1110513 0.1391581 0.1684055 0.0006392507 0.15952 0.0001614949 0.02358499 1.345791e-05 0.1200715 0.003152515 6.728954e-06 0.01862911 6.056059e-05 0.00260747 0.009504648 0.002257564 3.364477e-06 0.01305417 0.005315874 0 0.01060147 0.005039987 0.01503921 0.005672509 0.003576439 0 0.01117006 2.355134e-05 0.006873627 1.345791e-05 0.008966332 0.0004979426 0.009477732 0.0004878492 0.01494164 0.002324854 0 4.710268e-05 6.728954e-06 1.682239e-05 5.719611e-05 0.0001581304 0 3.028029e-05 0.000444111 0.000148037 0.0002859806 0.0002826161 3.364477e-06 4.710268e-05 0 0.000154766 0 0 6.728954e-06 0 3.364477e-06 8.747641e-05 3.364477e-06 0 1.682239e-05 0.001995135 0 4.037373e-05 0.0001917752 0.001483734 0.0002085976 6.728954e-06 0 3.364477e-06 1.345791e-05 9.756984e-05 3.364477e-06 0.0001884107 3.364477e-06 0.0002523358 2.691582e-05 1.009343e-05 1.009343e-05 0 3.364477e-06
0.0002859806 0.05622378 0.0008512127 0.0713572 0.02352779 0.00730428 0.01915397 0.0006392507 0.003690831 0.03066048 2.018686e-05 0.03464739 0.001759622 0.001847098 0.01839023 0.0002590647 2.355134e-05 0.0001009343 0.0001076633 0.01931883 0.0001446725 0.05720957 0.0008713996 0.1714302 0.01390538 0.002230648 0.003929709 0.0646989 0.002614199 0.0005282229 2.018686e-05 0.001557753 6.728954e-05 0.001258314 0 0.003078497 0.0003633635 0.002513264 0.001039623 0.009652685 0.0002220555 0.0007906521 1.009343e-05 3.364477e-05 1.682239e-05 6.392507e-05 0.01125081 0 0.0005282229 0.001463548 0.0005080361 0.003791766 0.009494555 5.383163e-05 0.005494191 3.364477e-05 0.0005652322 3.700925e-05 0 3.364477e-06 6.728954e-06 1.009343e-05 0.004710268 6.728954e-06 9.420536e-05 2.018686e-05 0.02334274 1.009343e-05 0.0001110277 0.0001278501 0.01362613 0.0006728954 1.682239e-05 1.009343e-05 2.691582e-05 2.355134e-05 0.0002792516 2.018686e-05 0.0003599991 0.0001143922 0.0006224283 1.009343e-05 0.000148037 1.682239e-05 2.355134e-05 6.728954e-06
0.009417172 3.364477e-06 0.01868294 0.06304021 0.0005315874 0.2656625 0.06170788 0.15952 0.03066048 0.5906037 0.0006358862 0.1522661 3.028029e-05 0.1779203 0.007243719 1.009343e-05 0.000958876 0.0001211212 0.0003297188 0.06850748 0.0005046716 6.728954e-06 0.004256064 0.02084294 0 0.003458683 0.002859806 0.1073436 0.05790602 0.00118766 0 0.004757371 0.0001648594 0.03152852 5.719611e-05 0.0438997 0.001083362 0.07470485 0.009282593 0.01561454 0.002553638 6.728954e-06 0.0003028029 0.0001850462 0 0.0001244857 0.01407024 3.364477e-06 0.001345791 0.004935688 0.002220555 0.007105776 0.01724631 6.728954e-06 0.004256064 0 0.001911023 5.383163e-05 3.364477e-06 0 0 3.364477e-06 0.006096433 3.364477e-06 1.682239e-05 4.710268e-05 0.02569451 0 5.719611e-05 0.0001446725 0.02392816 0.001201118 2.355134e-05 0 6.392507e-05 4.710268e-05 0.0006594375 1.009343e-05 0.0005383163 2.018686e-05 0.001328968 8.074745e-05 0.0002220555 3.028029e-05 0 1.009343e-05
7.738298e-05 0.0001581304 0.0001244857 4.37382e-05 0 0.0002557003 0.0001581304 0.0001614949 2.018686e-05 0.0006358862 0.05231762 0.0002422424 0.06251535 0.0006291572 6.728954e-06 5.046716e-05 0.001598127 0.01998163 0.01006315 0.0001917752 3.700925e-05 5.383163e-05 0.0001143922 0.0001143922 0.009837731 0.008384277 0.002711769 0.0001278501 0.0002422424 3.364477e-06 0.0006964468 0 0 0.05815835 0 0.004293073 0.09701806 0.1637861 0.07849325 7.738298e-05 1.009343e-05 0.01903621 1.682239e-05 0 0.0002456068 6.728954e-06 3.364477e-06 0 0 2.018686e-05 0 4.37382e-05 6.728954e-06 0.01162763 0 0.008952874 3.364477e-06 0 6.728954e-06 0 0.001103549 0.0001951397 0 0 5.046716e-05 0 5.383163e-05 0.002900179 0.003031394 0.006375684 1.009343e-05 3.364477e-06 0 0.002281116 0 0 0.0001244857 3.364477e-06 0.0001682239 0.01176894 0.0006594375 4.037373e-05 0 0 0.00798054 3.364477e-06
0.0002590647 0 0.0001446725 0.2499773 0.003744663 0.09121098 0.0007099047 0.02358499 0.03464739 0.1522661 0.0002422424 0.1479226 6.728954e-06 0.05186005 0.01879733 6.728954e-06 3.028029e-05 4.37382e-05 4.710268e-05 0.1098401 6.728954e-06 3.364477e-06 3.700925e-05 0.006577553 0 3.700925e-05 4.37382e-05 0.05467275 0.008414557 6.728954e-06 0 0.004918866 3.364477e-06 0.011271 6.728954e-06 0.01024483 0.0001715883 0.01709827 0.0007469139 0.04022569 0.002923731 0 6.056059e-05 3.700925e-05 0 3.028029e-05 0.00366728 0 0.0003499056 0.001214576 0.0005013071 0.001978313 0.004134942 3.364477e-06 0.002149901 0 0.000444111 2.691582e-05 0 0 0 0 0.001793266 0 0 6.728954e-06 0.004848212 0 1.682239e-05 0 0.004468026 0.0003196253 3.364477e-06 0 1.345791e-05 3.364477e-06 0.0001816818 0 9.420536e-05 0 0.0002489713 3.364477e-06 0.000218691 1.345791e-05 0 0
0 0.01020109 2.355134e-05 0 1.009343e-05 1.009343e-05 1.009343e-05 1.345791e-05 0.001759622 3.028029e-05 0.06251535 6.728954e-06 0.03194908 7.40185e-05 6.728954e-06 0.0006392507 1.345791e-05 0.0009891563 0.0001985042 3.364477e-06 6.728954e-06 0.00376485 3.364477e-06 0.0007940166 0.07028393 0.003933074 0.03716401 3.364477e-05 1.345791e-05 0 0.001964855 1.009343e-05 0 0.001985042 0 0.003660551 0.06765291 0.04119802 0.02018686 4.37382e-05 0 0.02057041 1.345791e-05 0 0.0007536429 2.018686e-05 0 0 0 6.728954e-06 3.364477e-06 7.065402e-05 0 0.02590311 0 0.02033154 0 0 2.018686e-05 1.009343e-05 0.003771579 0.0008512127 0 0 0.0001312146 3.364477e-06 5.383163e-05 0.005221669 0.01162763 0.0266803 3.364477e-06 0 3.364477e-06 0.006298301 0 0 0.0002153265 3.364477e-06 0.0005181295 0.0271547 0.0007704653 4.037373e-05 0 0 0.009598853 0
0.04698156 2.018686e-05 0.03116852 0.01556744 4.710268e-05 0.06955047 0.328309 0.1200715 0.001847098 0.1779203 0.0006291572 0.05186005 7.40185e-05 0.1407865 0.002997749 2.355134e-05 0.08986182 0.000141308 0.01340744 0.02908591 0.009440723 3.364477e-06 0.04982791 0.02175471 3.364477e-06 0.02872254 0.01197754 0.06127386 0.03878233 0.01960144 0 0.0006056059 0.0002153265 0.03463056 0.0001110277 0.05096174 0.001194389 0.06380395 0.00305831 0.02812366 0.004394007 1.009343e-05 0.0003835504 3.700925e-05 3.700925e-05 0.0001783173 0.0005685966 0 0.0001110277 0.001332333 0.0002927095 0.0008848575 0.0009420536 0 0.0001143922 0 0.0003532701 0 3.364477e-06 6.728954e-06 0 1.009343e-05 0.00022542 1.009343e-05 1.345791e-05 2.018686e-05 0.004871763 0 0.0001648594 0.0007099047 0.003835504 0.0004979426 6.728954e-06 0 6.728954e-06 2.018686e-05 0.0002557003 6.728954e-06 0.0004642979 2.691582e-05 0.0006325217 4.710268e-05 2.355134e-05 1.009343e-05 0 0
4.710268e-05 0.0004474755 8.747641e-05 0.004770829 0.02431171 0.04138643 0.001907659 0.003152515 0.01839023 0.007243719 6.728954e-06 0.01879733 6.728954e-06 0.002997749 0.003976812 0 3.364477e-06 0 3.364477e-06 0.003330832 3.364477e-06 0.0003970083 2.691582e-05 0.009383527 0.0001009343 3.028029e-05 6.392507e-05 0.002964104 0.0002758871 1.009343e-05 0 0.005023164 1.009343e-05 0.0004340176 0 0.0001850462 3.364477e-06 0.0003196253 6.392507e-05 0.004622792 0.0005517743 3.364477e-06 0 0 0 0 9.084088e-05 0 0 4.037373e-05 1.682239e-05 6.056059e-05 0.0001682239 0 6.392507e-05 0 1.009343e-05 0 0 0 0 0 4.710268e-05 0 0 0 0.0001345791 0 3.364477e-06 0 0.0001446725 1.009343e-05 0 0 0 0 0 0 1.009343e-05 3.364477e-06 1.682239e-05 0 1.345791e-05 0 0 0
1.009343e-05 0.0006897178 0.0003700925 1.009343e-05 0 6.728954e-06 7.40185e-05 6.728954e-06 0.0002590647 1.009343e-05 5.046716e-05 6.728954e-06 0.0006392507 2.355134e-05 0 0.02568105 0.003135693 3.364477e-06 0.000514765 0 0.01770051 0.01742799 0.04798081 0.03014572 0.000733456 0.01103549 0.1141937 0.006197367 2.355134e-05 0.009585395 4.37382e-05 0 1.345791e-05 0.007344654 0.0004474755 0.1334082 0.0325816 0.02073864 0.00486167 0.0004844847 0 6.728954e-06 0.0001850462 6.392507e-05 9.420536e-05 0.000373457 1.009343e-05 0 1.009343e-05 0.0005955125 2.018686e-05 0.002274387 0.0001076633 1.009343e-05 3.364477e-06 3.364477e-06 0.0001143922 1.009343e-05 0.05349519 1.345791e-05 3.364477e-06 3.028029e-05 0 0.009400349 0.03496028 0.01810089 0.03555243 0 0.0001514015 0.01006315 0.02611507 0.0007199981 4.710268e-05 6.728954e-06 0 0.000289345 0.001766351 0.0002220555 0.02014649 0.005460546 0.003589897 0.0008512127 0.0003330832 3.364477e-06 0 0.0001884107
0.04992884 0.0003869149 0.1333477 2.691582e-05 3.364477e-06 0.0003970083 0.06449703 0.01862911 2.355134e-05 0.000958876 0.001598127 3.028029e-05 1.345791e-05 0.08986182 3.364477e-06 0.003135693 0.02590984 0.001120371 0.05284921 1.009343e-05 0.01464893 0.0001042988 0.02281788 0.001668781 1.345791e-05 0.1180662 0.2854254 0.01323585 0.07230934 0.03910195 0 6.728954e-05 0.0003700925 0.05784209 4.037373e-05 0.01846089 0.01086726 0.06231012 0.004999613 0.0001177567 2.691582e-05 3.700925e-05 6.728954e-05 3.364477e-06 0.0004676623 0.005036622 0 0 0 9.084088e-05 6.728954e-06 2.018686e-05 6.728954e-06 1.009343e-05 0 6.728954e-06 1.009343e-05 0 0.0003330832 0.0001884107 1.682239e-05 0.0002388779 0 8.411193e-05 0.00022542 0.0004138307 0.0002321489 3.364477e-06 0.003004478 0.01816145 0.0001850462 6.728954e-06 6.728954e-06 3.364477e-06 0 0 0.0005114005 5.383163e-05 0.001086726 0.0005517743 0.0008074745 8.747641e-05 3.364477e-06 0 0 0
3.700925e-05 0.000373457 2.018686e-05 1.009343e-05 0 3.700925e-05 2.691582e-05 6.056059e-05 0.0001009343 0.0001211212 0.01998163 4.37382e-05 0.0009891563 0.000141308 0 3.364477e-06 0.001120371 0.0003499056 0.003273636 4.037373e-05 4.037373e-05 0.0001278501 2.355134e-05 3.700925e-05 0.002122985 0.04729109 0.005036622 3.028029e-05 0.0001614949 1.009343e-05 0.0008848575 0 3.364477e-06 0.01861565 6.728954e-06 0.01014726 0.09680947 0.09334069 0.02365564 3.364477e-05 0 0.000810839 3.028029e-05 0 4.710268e-05 6.728954e-06 0 0 0 1.009343e-05 0 1.009343e-05 0 0.002324854 0 0.002580554 3.364477e-06 0 3.364477e-06 3.364477e-06 0.003337561 0.001426538 0 0 3.028029e-05 0 1.345791e-05 0.0001076633 0.01249903 0.01958799 3.364477e-06 6.728954e-06 0 0.002563732 0 0 2.018686e-05 1.009343e-05 0.0002691582 0.00331401 0.0001244857 3.364477e-05 0 0 1.345791e-05 0
0.007425401 0.001601491 0.006483348 2.691582e-05 0 0.0001244857 0.003896065 0.00260747 0.0001076633 0.0003297188 0.01006315 4.710268e-05 0.0001985042 0.01340744 3.364477e-06 0.000514765 0.05284921 0.003273636 0.0226362 5.719611e-05 0.001715883 0.000154766 0.00514765 0.0002052331 0.0009252312 0.06754524 0.04630193 0.0007099047 0.01392894 0.002274387 8.747641e-05 2.355134e-05 4.037373e-05 0.1065328 5.719611e-05 0.03780327 0.1024382 0.2260828 0.02010948 4.37382e-05 1.682239e-05 9.420536e-05 8.747641e-05 3.028029e-05 0.0003835504 0.0003566346 3.364477e-06 0 0 4.37382e-05 3.364477e-06 4.710268e-05 3.364477e-06 0.0002691582 0 0.0001110277 2.355134e-05 0 0.0001614949 5.719611e-05 0.0007940166 0.003993634 0 3.364477e-06 0.0002657937 2.018686e-05 0.0001312146 0.000154766 0.01782164 0.02767619 6.056059e-05 3.028029e-05 1.009343e-05 0.0002557003 3.364477e-06 0 9.084088e-05 3.700925e-05 0.001806724 0.0003128964 0.0006930823 0.0001345791 0 0 3.364477e-06 0
0.0005315874 0 0.0001278501 0.08199904 0.0001211212 0.01477678 0.0006224283 0.009504648 0.01931883 0.06850748 0.0001917752 0.1098401 3.364477e-06 0.02908591 0.003330832 0 1.009343e-05 4.037373e-05 5.719611e-05 0.01270427 0 3.364477e-06 4.37382e-05 0.007119234 0 7.40185e-05 5.046716e-05 0.02134761 0.008609697 6.728954e-06 0 0.001150651 3.364477e-06 0.007193252 3.364477e-06 0.009222032 0.00022542 0.01564818 0.0008915865 0.01071586 0.0008545772 3.364477e-06 4.37382e-05 4.710268e-05 0 3.364477e-05 0.003482234 0 0.0004104662 0.001433267 0.000585419 0.001890836 0.004686717 3.364477e-06 0.001386165 0 0.0005114005 0 0 6.728954e-06 0 0 0.001678874 6.728954e-06 3.364477e-06 3.364477e-06 0.005945031 0 1.009343e-05 1.345791e-05 0.005480733 0.0003297188 1.009343e-05 0 2.018686e-05 6.728954e-06 0.0001884107 0 9.420536e-05 3.364477e-06 0.0003431767 3.028029e-05 0.0001009343 1.345791e-05 0 0
0.00424597 0 0.02532106 2.018686e-05 3.364477e-06 7.738298e-05 0.04916847 0.002257564 0.0001446725 0.0005046716 3.700925e-05 6.728954e-06 6.728954e-06 0.009440723 3.364477e-06 0.01770051 0.01464893 4.037373e-05 0.001715883 0 0.1551663 0.004229148 0.3118668 0.003536066 1.009343e-05 0.001877378 0.02242424 0.07117888 0.004151765 0.1686276 0 0 0.002533451 0.1567644 0.001561117 0.4191365 0.02856441 0.2742957 0.05658714 0.00170579 0 3.364477e-05 0.0007536429 3.700925e-05 0 2.691582e-05 1.345791e-05 0 3.364477e-06 0.0005416808 4.37382e-05 0.001318875 0.0001211212 3.364477e-06 0 0 8.411193e-05 6.728954e-06 0.006160358 0 0 3.364477e-06 3.364477e-06 0.003694196 0.008458296 0.0002489713 0.02181527 0 2.691582e-05 0.0001177567 0.01621342 0.000662802 2.691582e-05 0 3.364477e-06 0.0001581304 0.0008646706 0.0001143922 0.0066583 0.0003499056 0.00151065 0.0003431767 8.411193e-05 1.009343e-05 3.364477e-06 4.710268e-05
0 0.1099377 9.084088e-05 0 0.0002489713 1.009343e-05 2.355134e-05 3.364477e-06 0.05720957 6.728954e-06 5.383163e-05 3.364477e-06 0.00376485 3.364477e-06 0.0003970083 0.01742799 0.0001042988 0.0001278501 0.000154766 3.364477e-06 0.004229148 0.02092032 0.002055696 0.08917547 0.02248817 0.008734183 0.03479542 0.001756257 1.345791e-05 0.0001177567 3.364477e-05 1.682239e-05 0 0.0001076633 6.728954e-06 0.002876628 0.0007233626 0.0004071017 8.747641e-05 0.001305417 0 0.001460183 1.345791e-05 3.364477e-06 4.037373e-05 3.700925e-05 6.728954e-06 0 0 0.0001143922 6.728954e-06 0.000656073 6.728954e-06 6.392507e-05 0 5.719611e-05 2.018686e-05 0 0.00524522 0 6.728954e-06 6.728954e-06 3.364477e-06 0.0009353247 0.002533451 0.001419809 0.007149514 1.682239e-05 4.37382e-05 0.0016385 0.004303166 0.000148037 0 1.345791e-05 0 5.719611e-05 0.0002523358 3.028029e-05 0.0022542 0.0006325217 0.0005416808 0.0001076633 3.700925e-05 0 1.009343e-05 2.355134e-05
0.02142163 1.682239e-05 0.2110637 0.0004979426 4.037373e-05 0.0005315874 0.1795386 0.01305417 0.0008713996 0.004256064 0.0001143922 3.700925e-05 3.364477e-06 0.04982791 2.691582e-05 0.04798081 0.02281788 2.355134e-05 0.00514765 4.37382e-05 0.3118668 0.002055696 0.1806354 0.04844511 0 0.05249594 0.2933723 0.2855634 0.01798649 0.157868 0 7.738298e-05 0.0003566346 0.1220767 0.002277751 0.5852104 0.07512541 0.2902434 0.04176326 0.0055312 4.710268e-05 1.345791e-05 0.001463548 6.728954e-06 0.0001244857 0.003579804 5.383163e-05 0 2.018686e-05 0.0003095319 6.728954e-05 0.0004609334 0.0001244857 4.710268e-05 1.009343e-05 6.728954e-06 5.046716e-05 0 0.04236886 2.355134e-05 1.009343e-05 4.037373e-05 1.345791e-05 0.001941303 0.00904035 0.04819614 0.004198868 0 0.0001884107 0.05408397 0.00353943 9.084088e-05 0 0 0 1.682239e-05 0.001762986 0.0003970083 0.01591398 0.006792879 0.005689331 0.0006257928 0.0002287844 6.728954e-06 6.728954e-06 0.0002657937
0.006752506 0.03054609 0.02172443 0.0433311 0.004367091 0.002146536 0.03735243 0.005315874 0.1714302 0.02084294 0.0001143922 0.006577553 0.0007940166 0.02175471 0.009383527 0.03014572 0.001668781 3.700925e-05 0.0002052331 0.007119234 0.003536066 0.08917547 0.04844511 0.1051298 0.004558867 0.02392143 0.1229649 0.09987451 0.06662338 0.02200368 1.682239e-05 0.0005013071 0.004646343 0.0405655 0.0003162609 0.1247346 0.009777171 0.0548006 0.03296178 0.0159779 0.0002489713 0.0001614949 0.0004676623 0.000592148 5.046716e-05 0.001177567 0.007159607 6.728954e-06 0.001217941 0.02073191 0.00350915 0.05730041 0.0114224 3.364477e-05 0.002055696 1.009343e-05 0.004356998 4.037373e-05 0.002085976 5.719611e-05 2.018686e-05 8.074745e-05 0.003031394 0.001278501 0.01056446 0.001073268 0.1555734 0 0.0008848575 0.001507286 0.1177769 0.01214576 0.000154766 3.364477e-06 9.756984e-05 0.001154016 0.007364841 0.0005585032 0.02094051 0.0003869149 0.01862575 0.001514015 0.0006964468 0.0004037373 6.728954e-06 0.0003364477
0 0.02503844 6.728954e-06 0 9.084088e-05 6.728954e-06 0 0 0.01390538 0 0.009837731 0 0.07028393 3.364477e-06 0.0001009343 0.000733456 1.345791e-05 0.002122985 0.0009252312 0 1.009343e-05 0.02248817 0 0.004558867 0.001860556 0.01440669 0.05129482 4.710268e-05 0 0 0.004296437 6.728954e-06 0 0.0001514015 0 0.0004878492 0.003162609 0.0009857918 0.0002018686 0.0003970083 0 0.01166464 0 0 0.0003196253 2.355134e-05 0 0 0 6.728954e-06 0 3.364477e-05 0 0.003865784 0 0.003647093 0 0 1.009343e-05 6.728954e-06 0.0006527086 0.0003700925 0 0 7.40185e-05 0 1.345791e-05 0.0003465411 0.002624292 0.009497919 0 3.364477e-06 6.728954e-06 0.001046352 0 0 5.719611e-05 0 8.747641e-05 0.001655323 0.0002489713 2.018686e-05 0 0 0.0002220555 0
0.01026838 0.02639096 0.05443051 0.0003297188 1.009343e-05 0.0006897178 0.03297524 0.01060147 0.002230648 0.003458683 0.008384277 3.700925e-05 0.003933074 0.02872254 3.028029e-05 0.01103549 0.1180662 0.04729109 0.06754524 7.40185e-05 0.001877378 0.008734183 0.05249594 0.02392143 0.01440669 0.2808766 0.2685122 0.01766351 0.01023474 0.002109527 0.004027279 7.738298e-05 3.700925e-05 0.04374157 0.0002153265 0.1083597 0.2552763 0.2125441 0.02487694 0.0002321489 3.028029e-05 0.0008242969 0.0004340176 0.0001917752 0.006718861 0.002287844 0 0 6.728954e-06 0.0005484098 5.383163e-05 0.0005046716 2.018686e-05 0.007832503 6.728954e-06 0.007691195 0.00022542 0 0.000740185 0.0006762599 0.01377417 0.0335943 0 5.383163e-05 0.002842983 0.0003835504 0.001265043 0.00132224 0.133277 0.2850587 0.0002725227 0.0001648594 0.000154766 0.008199231 1.009343e-05 3.364477e-06 0.001221305 0.0001648594 0.007553251 0.007842596 0.005154379 0.001302053 6.728954e-06 3.364477e-06 6.728954e-05 1.682239e-05
0.003674009 0.06306376 0.246808 0.0003297188 4.037373e-05 0.0004104662 0.02184555 0.005039987 0.003929709 0.002859806 0.002711769 4.37382e-05 0.03716401 0.01197754 6.392507e-05 0.1141937 0.2854254 0.005036622 0.04630193 5.046716e-05 0.02242424 0.03479542 0.2933723 0.1229649 0.05129482 0.2685122 0.1921621 0.07715756 0.004424287 0.000888222 0.0150022 5.719611e-05 7.40185e-05 0.08255081 0.002543545 0.6103229 0.1912604 0.3816226 0.1011967 0.00151065 8.074745e-05 0.001534202 0.002392143 0.0002355134 0.03311991 0.1114651 1.682239e-05 0 1.345791e-05 0.001655323 0.000141308 0.0004777558 0.0001278501 0.004340176 6.728954e-06 0.005706153 0.0005652322 0 0.02512592 0.003021301 0.01160745 0.02212144 1.009343e-05 0.001315511 0.01454463 0.08291081 0.002287844 0.00141308 0.1235234 0.6062822 0.002678124 0.0001446725 0.0001009343 0.006806337 1.345791e-05 6.728954e-06 0.01745827 0.001628407 0.0438896 0.01976967 0.02523358 0.002533451 0.0002287844 2.355134e-05 0.0001850462 0.0003801859
0.02128032 8.747641e-05 0.1077272 0.045481 0.001271772 0.01544295 0.1555532 0.01503921 0.0646989 0.1073436 0.0001278501 0.05467275 3.364477e-05 0.06127386 0.002964104 0.006197367 0.01323585 3.028029e-05 0.0007099047 0.02134761 0.07117888 0.001756257 0.2855634 0.09987451 4.710268e-05 0.01766351 0.07715756 0.2022084 0.2205684 0.2864449 1.009343e-05 0.0006156993 0.02960067 0.1124576 0.0005652322 0.2000653 0.009871376 0.1165589 0.06584282 0.008512127 0.000444111 5.383163e-05 0.0009285957 0.0004205596 2.018686e-05 0.0005450453 0.01100857 6.728954e-06 0.001174203 0.01168819 0.002543545 0.02416031 0.01409379 1.682239e-05 0.002644479 3.364477e-06 0.003004478 4.037373e-05 0.001295324 3.700925e-05 6.728954e-06 3.700925e-05 0.004431016 0.001005979 0.004979426 0.0004306531 0.09557807 0 0.000366728 0.0006493441 0.07204691 0.006513628 0.0001244857 0 9.420536e-05 0.0006123348 0.003943167 0.0003196253 0.01233081 0.0002220555 0.00933306 0.0009487826 0.0003801859 0.0002287844 3.364477e-06 0.0001884107
0.02464816 1.345791e-05 0.005783536 0.007425401 4.37382e-05 0.009639227 0.1415604 0.005672509 0.002614199 0.05790602 0.0002422424 0.008414557 1.345791e-05 0.03878233 0.0002758871 2.355134e-05 0.07230934 0.0001614949 0.01392894 0.008609697 0.004151765 1.345791e-05 0.01798649 0.06662338 0 0.01023474 0.004424287 0.2205684 0.1431921 0.03275319 0 0.0008512127 0.02911955 0.07219159 2.355134e-05 0.01053081 0.0005618677 0.02890422 0.001618314 0.002725227 0.003902794 3.364477e-06 7.738298e-05 5.719611e-05 2.018686e-05 0.0001345791 0.000366728 0 9.084088e-05 0.001591398 0.0002826161 0.001271772 0.0006291572 0 7.40185e-05 0 0.000373457 6.728954e-06 0 1.009343e-05 0 1.009343e-05 0.000141308 1.009343e-05 1.682239e-05 6.728954e-06 0.007088953 0 0.0001514015 0.0004003728 0.005181295 0.0007704653 6.728954e-06 0 1.345791e-05 4.037373e-05 0.0003768214 1.682239e-05 0.0006661665 3.364477e-06 0.0009790629 6.728954e-05 3.700925e-05 3.364477e-05 0 3.364477e-06
0.01707136 3.364477e-06 0.003021301 8.074745e-05 0 0.0001345791 0.2030664 0.003576439 0.0005282229 0.00118766 3.364477e-06 6.728954e-06 0 0.01960144 1.009343e-05 0.009585395 0.03910195 1.009343e-05 0.002274387 6.728954e-06 0.1686276 0.0001177567 0.157868 0.02200368 0 0.002109527 0.000888222 0.2864449 0.03275319 0.1287686 0 1.345791e-05 0.001719248 0.04869071 3.028029e-05 0.01099511 0.001053081 0.02923058 0.005420173 0.0001042988 0 3.364477e-06 2.691582e-05 5.046716e-05 3.364477e-06 7.738298e-05 3.028029e-05 0 2.355134e-05 0.001345791 0.0001446725 0.001402987 0.000141308 3.364477e-06 3.364477e-06 0 0.0003196253 3.364477e-06 0.0003028029 1.009343e-05 0 1.009343e-05 2.018686e-05 0.0003162609 0.0005618677 2.355134e-05 0.01074278 0 7.738298e-05 8.074745e-05 0.01184969 0.001332333 1.009343e-05 0 1.009343e-05 0.0001177567 0.001022801 9.756984e-05 0.003132328 4.037373e-05 0.002779058 0.000218691 9.420536e-05 3.700925e-05 0 3.700925e-05
0 0.0001783173 0 0 0 0 0 0 2.018686e-05 0 0.0006964468 0 0.001964855 0 0 4.37382e-05 0 0.0008848575 8.747641e-05 0 0 3.364477e-05 0 1.682239e-05 0.004296437 0.004027279 0.0150022 1.009343e-05 0 0 4.037373e-05 0 0 0.0001648594 0 0.0003162609 0.01592407 0.002758871 0.001773079 3.364477e-06 0 0.0003835504 0 0 0.0001009343 3.364477e-06 0 0 0 0 0 3.364477e-06 0 0.005285594 0 0.005871013 3.364477e-06 0 1.009343e-05 6.728954e-06 0.002553638 0.0003364477 0 0 1.682239e-05 0 6.728954e-06 0.0002523358 0.007062038 0.01179249 6.728954e-06 0 0 0.00379513 0 0 2.691582e-05 0 5.719611e-05 0.005884471 7.738298e-05 2.355134e-05 0 0 0.0001345791 0
3.028029e-05 2.355134e-05 0.0001177567 0.0008007456 0.001685603 0.0162336 0.001066539 0.01117006 0.001557753 0.004757371 0 0.004918866 1.009343e-05 0.0006056059 0.005023164 0 6.728954e-05 0 2.355134e-05 0.001150651 0 1.682239e-05 7.738298e-05 0.0005013071 6.728954e-06 7.738298e-05 5.719611e-05 0.0006156993 0.0008512127 1.345791e-05 0 0 0 0.01434613 4.037373e-05 0.01384819 6.728954e-05 0.02126013 0.001110277 0.04756361 0.01705453 0 0.000141308 0 0 0 6.728954e-06 0 0 5.383163e-05 1.009343e-05 2.355134e-05 1.682239e-05 0 3.364477e-06 0 1.009343e-05 0 0 0 0 0 6.728954e-06 0 0 0 0.0001211212 0 0 3.364477e-06 9.420536e-05 1.009343e-05 0 0 0 0 0 0 2.355134e-05 0 1.682239e-05 3.364477e-06 0 0 0 0
3.700925e-05 0 0.0001042988 2.355134e-05 6.728954e-06 1.009343e-05 0.00208934 2.355134e-05 6.728954e-05 0.0001648594 0 3.364477e-06 0 0.0002153265 1.009343e-05 1.345791e-05 0.0003700925 3.364477e-06 4.037373e-05 3.364477e-06 0.002533451 0 0.0003566346 0.004646343 0 3.700925e-05 7.40185e-05 0.02960067 0.02911955 0.001719248 0 0 0.0004003728 0.0006897178 0 0.0001278501 1.345791e-05 0.0001614949 4.037373e-05 3.364477e-06 3.364477e-06 0 0 0 0 0 6.728954e-06 0 0 2.691582e-05 6.728954e-06 3.028029e-05 6.728954e-06 0 3.364477e-06 0 1.009343e-05 0 0 0 0 0 3.364477e-06 0 3.364477e-06 0 0.0001715883 0 0 0 0.000154766 3.364477e-06 0 0 0 0 6.728954e-06 6.728954e-06 1.682239e-05 0 1.682239e-05 0 0 0 0 0
0.01162763 0.000366728 0.01444034 0.004814567 3.700925e-05 0.01058465 0.03378608 0.006873627 0.001258314 0.03152852 0.05815835 0.011271 0.001985042 0.03463056 0.0004340176 0.007344654 0.05784209 0.01861565 0.1065328 0.007193252 0.1567644 0.0001076633 0.1220767 0.0405655 0.0001514015 0.04374157 0.08255081 0.1124576 0.07219159 0.04869071 0.0001648594 0.01434613 0.0006897178 0.02375994 6.728954e-06 0.007708017 0.005302416 0.03880252 0.005521107 0.001342426 0.0001379436 0.0005383163 4.037373e-05 3.700925e-05 9.084088e-05 0.0003566346 0.0003330832 0 5.383163e-05 0.001180931 0.0002422424 0.0007940166 0.0004710268 0 6.056059e-05 6.728954e-06 0.0002994385 0 0.0004037373 1.345791e-05 3.028029e-05 0.0002052331 0.000141308 0.0001110277 0.0001514015 0.000148037 0.005591761 6.728954e-06 0.000810839 0.002462797 0.003916251 0.0004844847 1.009343e-05 1.345791e-05 1.009343e-05 1.682239e-05 0.0002725227 2.018686e-05 0.0006594375 0.0001110277 0.0007704653 4.37382e-05 3.700925e-05 2.355134e-05 0 1.009343e-05
0 3.364477e-06 0.0003364477 3.364477e-06 0 1.682239e-05 0.0001042988 1.345791e-05 0 5.719611e-05 0 6.728954e-06 0 0.0001110277 0 0.0004474755 4.037373e-05 6.728954e-06 5.719611e-05 3.364477e-06 0.001561117 6.728954e-06 0.002277751 0.0003162609 0 0.0002153265 0.002543545 0.0005652322 2.355134e-05 3.028029e-05 0 4.037373e-05 0 6.728954e-06 0.3709773 0.1423847 0.003011207 0.001557753 0.0003061674 8.411193e-05 0.0001009343 1.009343e-05 0.0007771942 0 3.364477e-06 9.084088e-05 0 0 0 2.691582e-05 3.364477e-06 1.009343e-05 1.009343e-05 0.0002758871 0 3.364477e-06 1.345791e-05 0 1.009343e-05 8.074745e-05 1.682239e-05 2.355134e-05 0 6.728954e-06 1.009343e-05 0.0001009343 3.700925e-05 6.728954e-06 0.0001985042 0.0004003728 8.411193e-05 1.009343e-05 3.364477e-06 0 0 0 0 0.3682218 0.002789152 8.074745e-05 0.001456819 0.004673259 1.009343e-05 9.420536e-05 0.0001581304 9.756984e-05
0.0006426151 0.001022801 0.08751005 0.007438859 5.719611e-05 0.008999976 0.0402156 0.008966332 0.003078497 0.0438997 0.004293073 0.01024483 0.003660551 0.05096174 0.0001850462 0.1334082 0.01846089 0.01014726 0.03780327 0.009222032 0.4191365 0.002876628 0.5852104 0.1247346 0.0004878492 0.1083597 0.6103229 0.2000653 0.01053081 0.01099511 0.0003162609 0.01384819 0.0001278501 0.007708017 0.1423847 0.02477601 0.5435145 0.1250408 0.01479361 0.06842674 0.01543286 0.006113255 0.001164109 0.0001514015 0.0004104662 0.002405601 0.0006527086 3.364477e-06 0.0001312146 0.003404851 0.0007132692 0.002644479 0.001154016 0.0005618677 0.0001110277 0.0004508399 0.0008579417 3.364477e-06 0.007973811 9.420536e-05 0.0005551387 0.0004542044 0.0002153265 0.001497192 0.002792516 0.002570461 0.02074537 1.009343e-05 0.004050831 0.01077978 0.01497192 0.001823547 2.018686e-05 0.000296074 3.700925e-05 0.000141308 0.001258314 0.01367324 0.005635499 0.01986051 0.004605969 0.002503171 8.411193e-05 0.0001009343 0.002308031 7.738298e-05
0.0002321489 0.001651958 0.05748546 0.0001682239 6.728954e-06 0.0001446725 0.001396258 0.0004979426 0.0003633635 0.001083362 0.09701806 0.0001715883 0.06765291 0.001194389 3.364477e-06 0.0325816 0.01086726 0.09680947 0.1024382 0.00022542 0.02856441 0.0007233626 0.07512541 0.009777171 0.003162609 0.2552763 0.1912604 0.009871376 0.0005618677 0.001053081 0.01592407 6.728954e-05 1.345791e-05 0.005302416 0.003011207 0.5435145 0.01555734 0.01240483 0.006944281 0.002661301 9.756984e-05 0.002304667 0.002688217 3.364477e-06 0.000444111 0.0001917752 1.345791e-05 0 3.364477e-06 6.392507e-05 3.364477e-06 9.084088e-05 4.37382e-05 0.01190352 3.364477e-06 0.0113181 2.691582e-05 0 0.001477005 1.345791e-05 0.0001783173 0.0006527086 6.728954e-06 0.0003028029 0.0007099047 0.0003398122 0.001470277 0.0009050444 0.002334947 0.006802973 0.0008848575 6.056059e-05 3.364477e-06 0.0004575689 0 1.009343e-05 0.0002456068 0.0009386891 0.03653822 0.01545304 0.002099434 0.0001244857 1.345791e-05 3.364477e-06 0.01652968 1.345791e-05
0.001493828 0.001742799 0.05955125 0.0107495 7.065402e-05 0.01514688 0.05344808 0.009477732 0.002513264 0.07470485 0.1637861 0.01709827 0.04119802 0.06380395 0.0003196253 0.02073864 0.06231012 0.09334069 0.2260828 0.01564818 0.2742957 0.0004071017 0.2902434 0.0548006 0.0009857918 0.2125441 0.3816226 0.1165589 0.02890422 0.02923058 0.002758871 0.02126013 0.0001614949 0.03880252 0.001557753 0.1250408 0.01240483 0.03815317 0.01602837 0.003428402 0.0002018686 0.002099434 0.0009117733 0.0001076633 0.0003566346 0.002116256 0.0008478482 6.728954e-06 0.0001514015 0.003196253 0.0007872877 0.001813453 0.001742799 4.710268e-05 0.0001648594 2.355134e-05 0.0009656049 6.728954e-06 0.001520744 0.0001177567 0.0001143922 0.0009285957 0.0003431767 0.0003162609 0.0005988769 0.0008377548 0.01367324 5.383163e-05 0.00350915 0.01211212 0.008666893 0.001349155 1.682239e-05 3.700925e-05 3.028029e-05 8.747641e-05 0.0008142035 0.0006156993 0.003741299 0.0004508399 0.001799995 0.0001917752 5.719611e-05 3.700925e-05 3.028029e-05 1.682239e-05
0.0001244857 0.0002119621 0.0256575 0.001894201 1.682239e-05 0.001150651 0.01754575 0.0004878492 0.001039623 0.009282593 0.07849325 0.0007469139 0.02018686 0.00305831 6.392507e-05 0.00486167 0.004999613 0.02365564 0.02010948 0.0008915865 0.05658714 8.747641e-05 0.04176326 0.03296178 0.0002018686 0.02487694 0.1011967 0.06584282 0.001618314 0.005420173 0.001773079 0.001110277 4.037373e-05 0.005521107 0.0003061674 0.01479361 0.006944281 0.01602837 0.0001244857 0.0003128964 2.355134e-05 0.001443361 0.0001076633 4.710268e-05 7.065402e-05 0.001100184 0.0001042988 0 3.700925e-05 0.001005979 0.0002085976 0.0007771942 0.0002792516 3.364477e-06 2.018686e-05 3.364477e-06 0.0002725227 3.364477e-06 0.0002153265 1.682239e-05 1.009343e-05 8.074745e-05 4.037373e-05 9.420536e-05 8.074745e-05 0.000154766 0.004673259 6.728954e-06 0.0005013071 0.002429153 0.003966719 0.0005349519 3.364477e-06 6.728954e-06 3.364477e-06 6.056059e-05 0.0004508399 0.0001177567 0.0009723339 0.0001076633 0.0009622405 9.084088e-05 2.018686e-05 1.682239e-05 0 0
6.728954e-05 0.001662052 0.0003700925 0.01072932 0.02535806 0.03002796 0.004397372 0.01494164 0.009652685 0.01561454 7.738298e-05 0.04022569 4.37382e-05 0.02812366 0.004622792 0.0004844847 0.0001177567 3.364477e-05 4.37382e-05 0.01071586 0.00170579 0.001305417 0.0055312 0.0159779 0.0003970083 0.0002321489 0.00151065 0.008512127 0.002725227 0.0001042988 3.364477e-06 0.04756361 3.364477e-06 0.001342426 8.411193e-05 0.06842674 0.002661301 0.003428402 0.0003128964 0.002405601 0.001275137 4.37382e-05 0.0001110277 6.728954e-06 0 1.682239e-05 0.0005416808 0 5.383163e-05 0.0005484098 0.0001749528 0.0002725227 0.000669531 0 0.0003028029 0 0.0001816818 0 2.355134e-05 0 3.364477e-06 3.364477e-06 0.0002657937 6.728954e-06 1.009343e-05 6.728954e-06 0.001867285 3.364477e-06 6.728954e-06 1.345791e-05 0.001392894 0.0002085976 0 0 0 3.364477e-06 6.056059e-05 3.364477e-06 0.0001715883 1.009343e-05 0.0001682239 2.355134e-05 8.747641e-05 6.728954e-06 0 0
2.018686e-05 0 6.392507e-05 0.0005887835 1.682239e-05 0.004888585 0.0006325217 0.002324854 0.0002220555 0.002553638 1.009343e-05 0.002923731 0 0.004394007 0.0005517743 0 2.691582e-05 0 1.682239e-05 0.0008545772 0 0 4.710268e-05 0.0002489713 0 3.028029e-05 8.074745e-05 0.000444111 0.003902794 0 0 0.01705453 3.364477e-06 0.0001379436 0.0001009343 0.01543286 9.756984e-05 0.0002018686 2.355134e-05 0.001275137 4.037373e-05 6.728954e-06 6.056059e-05 3.364477e-06 0 0 1.345791e-05 0 3.364477e-06 3.364477e-05 1.009343e-05 2.018686e-05 1.345791e-05 0 0 0 2.018686e-05 0 0 0 0 0 3.364477e-06 0 0 0 0.0001076633 0 0 0 6.728954e-05 1.682239e-05 0 0 0 0 0 0 2.018686e-05 6.728954e-06 1.009343e-05 0 0 0 0 0
0 0.002842983 0.0007099047 3.364477e-06 0 0 2.018686e-05 0 0.0007906521 6.728954e-06 0.01903621 0 0.02057041 1.009343e-05 3.364477e-06 6.728954e-06 3.700925e-05 0.000810839 9.420536e-05 3.364477e-06 3.364477e-05 0.001460183 1.345791e-05 0.0001614949 0.01166464 0.0008242969 0.001534202 5.383163e-05 3.364477e-06 3.364477e-06 0.0003835504 0 0 0.0005383163 1.009343e-05 0.006113255 0.002304667 0.002099434 0.001443361 4.37382e-05 6.728954e-06 1.682239e-05 4.037373e-05 0 9.084088e-05 0 0 0 0 3.364477e-06 0 6.728954e-06 0 0.001641865 0 0.002190275 0 0 0 0 0.0001379436 0.000154766 0 0 1.009343e-05 6.728954e-06 1.345791e-05 0.0002085976 0.0009857918 0.00324672 3.364477e-06 0 0 0.0001379436 0 0 1.345791e-05 6.728954e-06 0.001500557 0.0004272886 0.0006930823 1.009343e-05 0 0 0.001978313 0
3.364477e-06 3.364477e-06 0.0004676623 4.037373e-05 3.364477e-06 4.710268e-05 0.0001985042 4.710268e-05 1.009343e-05 0.0003028029 1.682239e-05 6.056059e-05 1.345791e-05 0.0003835504 0 0.0001850462 6.728954e-05 3.028029e-05 8.747641e-05 4.37382e-05 0.0007536429 1.345791e-05 0.001463548 0.0004676623 0 0.0004340176 0.002392143 0.0009285957 7.738298e-05 2.691582e-05 0 0.000141308 0 4.037373e-05 0.0007771942 0.001164109 0.002688217 0.0009117733 0.0001076633 0.0001110277 6.056059e-05 4.037373e-05 0 0 0 6.728954e-06 0 0 0 1.682239e-05 0 6.728954e-06 1.009343e-05 0 0 0 3.364477e-06 0 0 0 0 0 0 0 0 6.728954e-06 5.383163e-05 0 6.728954e-06 4.710268e-05 9.084088e-05 6.728954e-06 0 0 0 3.364477e-06 6.728954e-06 7.738298e-05 1.345791e-05 6.728954e-06 6.728954e-06 0 0 0 3.364477e-06 0
0 3.364477e-06 3.700925e-05 7.40185e-05 0 1.345791e-05 0.0002321489 6.728954e-06 3.364477e-05 0.0001850462 0 3.700925e-05 0 3.700925e-05 0 6.392507e-05 3.364477e-06 0 3.028029e-05 4.710268e-05 3.700925e-05 3.364477e-06 6.728954e-06 0.000592148 0 0.0001917752 0.0002355134 0.0004205596 5.719611e-05 5.046716e-05 0 0 0 3.700925e-05 0 0.0001514015 3.364477e-06 0.0001076633 4.710268e-05 6.728954e-06 3.364477e-06 0 0 0.04358344 2.355134e-05 0.003071768 0.0006426151 3.364477e-06 0.0009353247 0.08195866 0.02030462 0.0002220555 0.009635863 0.001133829 0.0002792516 1.009343e-05 0.09925544 2.018686e-05 4.037373e-05 0.01231735 0.002489713 0.01621005 0.000592148 0.003512514 5.383163e-05 0.004528586 0.002072518 0 0.04798754 0.003202982 0.009767077 0.1064352 0.03936438 1.009343e-05 0.0003566346 0.0007065402 0.02100107 8.747641e-05 0.00109682 0.0006930823 0.01034577 0.0004609334 9.756984e-05 9.756984e-05 1.682239e-05 2.691582e-05
