0.006100168 3.703192e-05 0.009086288 9.089654e-05 3.366539e-06 7.406385e-05 0.02952791 0.001905461 0.0001346615 0.001097492 1.346615e-05 1.009962e-05 0 0.01396777 0 6.733077e-06 0.01000199 4.3765e-05 0.001188388 3.366539e-05 0.005679351 0.0002693231 0.007201026 0.004827616 3.366539e-06 0.002067055 0.0002120919 0.006638814 0.02514804 0.0385132 0 3.366539e-06 0.0005218135 0.005500924 3.366539e-05 0.002080521 7.743039e-05 0.001939126 0.0003130881 1.009962e-05 0 0 3.366539e-06 3.366539e-06 0 3.366539e-06 0 0 2.019923e-05 0.0003905185 2.693231e-05 0.0001380281 2.356577e-05 0 3.366539e-06 0 2.356577e-05 0 6.733077e-05 3.366539e-06 0 0 0 4.039846e-05 6.733077e-06 6.733077e-06 0.00035012 0 0 1.009962e-05 0.0004309169 9.426308e-05 5.049808e-05 0 0 2.019923e-05 3.703192e-05 3.366539e-06 0.0001380281 0 0.0001077292 3.366539e-06 3.366539e-06 3.366539e-06 0 0
3.703192e-05 0.00298612 0.001296117 6.733077e-06 3.703192e-05 6.733077e-06 0.0009257981 9.426308e-05 0.03355429 2.019923e-05 0.0003198212 7.069731e-05 0.01304197 0.000218825 0.0002861558 0.002080521 0.0002120919 0.0002491239 0.0002255581 1.009962e-05 0.0002322912 0.07980043 0.000693507 0.04704401 0.02081867 0.003130881 0.0938288 0.002575402 0.0006026104 0.0003972516 0.0003198212 0 9.089654e-05 0.0002423908 6.733077e-06 0.0007844035 0.0004645823 0.0004511162 0.0001009962 0.0003130881 6.733077e-06 0.0003265542 6.733077e-06 0 0.0001346615 0.005840945 3.366539e-06 0 3.366539e-06 5.723116e-05 1.346615e-05 3.366539e-05 1.683269e-05 1.346615e-05 0 5.049808e-05 1.683269e-05 0 0.0002120919 0.0004746819 2.019923e-05 0.0002457573 6.733077e-06 0 0.0005824112 0.0005352796 0.000131295 1.009962e-05 0.0007069731 0.02789514 5.386462e-05 2.019923e-05 3.366539e-06 2.019923e-05 0 0 5.049808e-05 3.366539e-06 0.0001077292 4.3765e-05 0.0001817931 3.029885e-05 0 0 6.733077e-06 0
0.009086288 0.001296117 0.07081851 0.0002996219 5.723116e-05 0.001710202 0.1728617 0.03191142 0.0002457573 0.01149336 0.0006699412 3.366539e-05 5.723116e-05 0.08025155 4.3765e-05 0.0006766743 0.2317458 0.002046855 0.01127117 5.386462e-05 0.02471713 0.0004443831 0.2723934 0.02649466 6.05977e-05 0.1530933 0.06794348 0.09498015 0.02294969 0.09742089 2.693231e-05 0.0001514942 0.001248986 0.04087988 0.0007473716 0.1325676 0.09320935 0.1133918 0.01009625 0.001945859 8.416347e-05 6.733077e-06 0.0002524904 3.029885e-05 0.001949226 0.02642733 3.366539e-06 0 3.366539e-06 0.001046994 0.0001077292 0.0002491239 5.386462e-05 1.346615e-05 3.366539e-06 0 4.3765e-05 0 0.0005150804 0.0009055989 6.733077e-06 0.0001346615 1.009962e-05 5.049808e-05 0.0005554789 0.002349844 0.0009224316 0 0.0003770523 0.03657071 0.001053727 0.0002221915 0.0001413946 0 0 3.029885e-05 0.0004174508 3.029885e-05 0.0006800408 3.703192e-05 0.00096283 0.0001346615 3.366539e-06 1.683269e-05 0 3.366539e-06
9.089654e-05 6.733077e-06 0.0002996219 0.02044836 0.000562212 0.008338916 0.002157951 0.008917961 0.02822843 0.02690201 0.0002120919 0.05504964 1.009962e-05 0.004864648 0.004706421 0 6.396423e-05 1.009962e-05 2.019923e-05 0.04703054 1.346615e-05 2.693231e-05 1.683269e-05 0.03413334 3.366539e-06 4.3765e-05 1.346615e-05 0.03440602 0.007679075 2.019923e-05 0 0.0003568531 5.049808e-05 0.001945859 4.713154e-05 0.005036342 6.733077e-05 0.005231601 0.0007103397 0.01866072 0.0003770523 3.366539e-06 0.0001009962 2.019923e-05 0 0 0.002235382 0 0.001131157 0.001110958 0.001558707 0.003757057 0.005083473 1.009962e-05 0.000131295 0 0.0004578493 3.366539e-06 0 0 0 0 0.001117691 0 0 3.366539e-06 0.003871519 0 3.366539e-06 3.366539e-06 0.003316041 0.000781037 0 0 2.356577e-05 0 0.0002457573 3.366539e-06 0.0002592235 3.366539e-06 0.0004477496 1.346615e-05 3.366539e-06 2.693231e-05 3.366539e-06 0
3.366539e-06 3.703192e-05 5.723116e-05 0.000562212 6.05977e-05 0.006894671 0.0006632081 0.006170865 0.003262176 0.004292337 7.406385e-05 0.01184685 0 0.00017506 0.02740362 0 1.683269e-05 3.366539e-06 3.366539e-06 0.001316317 3.366539e-06 8.416347e-05 6.733077e-06 0.003100582 1.009962e-05 1.009962e-05 1.346615e-05 0.0005150804 0.0007844035 1.009962e-05 0 0.001104225 0 0.0002693231 0 4.713154e-05 3.366539e-06 0.0003736858 6.733077e-05 0.03224471 0.0001817931 0 3.366539e-06 6.733077e-06 0 0 1.346615e-05 0 3.366539e-06 2.693231e-05 4.039846e-05 2.356577e-05 2.356577e-05 0 3.366539e-06 0 1.009962e-05 0 0 0 0 0 6.733077e-06 0 0 0 0.0001009962 0 0 0 4.713154e-05 3.703192e-05 0 0 0 0 6.733077e-06 0 2.356577e-05 0 1.346615e-05 0 0 0 0 0
7.406385e-05 6.733077e-06 0.001710202 0.008338916 0.006894671 0.1623749 0.03623742 0.1706431 0.0007675708 0.3271872 0.0001582273 0.1929532 3.366539e-06 0.00568945 0.01450305 0 0.0004342835 1.346615e-05 5.049808e-05 0.03224471 0.0002019923 6.733077e-06 0.00017506 0.002572036 0 0.0003029885 5.049808e-05 0.007520847 0.005221501 0.0003770523 0 0.005756781 2.356577e-05 0.001242253 1.009962e-05 0.001090759 5.049808e-05 0.00191556 0.0001851596 0.01341566 0.0007642043 0 1.683269e-05 2.019923e-05 0 3.366539e-06 0.0001043627 0 0.0001009962 0.0003231877 0.000306355 0.0003332873 0.0002726896 0 6.733077e-06 0 0.0002558569 3.366539e-06 0 0 0 0 4.039846e-05 6.733077e-06 0 6.733077e-06 0.001087392 0 0 6.733077e-06 0.0006194431 0.0003804189 0 0 0 6.733077e-06 0.0001144623 6.733077e-06 0.0001481277 0 0.0001851596 2.356577e-05 3.366539e-06 1.346615e-05 0 3.366539e-06
0.02952791 0.0009257981 0.1728617 0.002157951 0.0006632081 0.03623742 0.190297 0.1390044 0.007339054 0.07623863 0.000737272 0.001481277 6.733077e-05 0.3263422 0.0008820331 8.416347e-05 0.01087392 0.0002289246 0.001393747 0.0004342835 0.04294693 0.002730263 0.03095869 0.1367623 0.0001716935 0.0140553 0.004100444 0.6548086 0.0831434 0.1327729 3.366539e-06 0.001228787 0.00272353 0.01463098 0.0005117139 0.04028063 0.001831397 0.03292138 0.007847402 0.006231463 0.001619305 2.356577e-05 0.0003905185 0.0005352796 1.009962e-05 0.000131295 0.001067193 0 0.0007473716 0.01554331 0.0043866 0.008177322 0.003181379 3.366539e-05 0.0001009962 1.683269e-05 0.002733629 3.366539e-06 0.0003097216 3.703192e-05 0 2.356577e-05 0.0005285466 0.0002356577 0.00017506 0.0007036066 0.01625702 6.733077e-06 3.366539e-06 0.002191617 0.01910847 0.007955131 0.001073926 3.366539e-06 3.703192e-05 0.0002289246 0.002339744 5.386462e-05 0.005396561 8.753e-05 0.005043075 0.0003198212 2.693231e-05 0.0004275504 5.049808e-05 5.049808e-05
0.001905461 9.426308e-05 0.03191142 0.008917961 0.006170865 0.1706431 0.1390044 0.2736121 0.002844725 0.2648557 0.001036894 0.06159082 5.049808e-05 0.1017974 0.01416976 1.683269e-05 0.01249996 0.000131295 0.001683269 0.02342101 0.004356301 0.0005083473 0.005901542 0.02817456 2.019923e-05 0.006217997 0.0008618339 0.0404153 0.02829239 0.01573857 3.366539e-06 0.01451315 0.0002019923 0.008170589 0.000131295 0.01141593 0.0002996219 0.0140553 0.001508209 0.02870311 0.001679903 3.366539e-06 0.0002760562 0.0002289246 0 2.356577e-05 0.0006901404 0 0.0005992439 0.003608929 0.002710064 0.003050084 0.00200309 4.039846e-05 5.386462e-05 1.683269e-05 0.001599106 6.733077e-06 0.0001009962 6.733077e-06 3.366539e-06 6.733077e-06 0.0002558569 7.069731e-05 2.356577e-05 7.069731e-05 0.009254615 0 6.733077e-06 9.426308e-05 0.00639979 0.003464168 0.0001514942 0 6.733077e-06 6.05977e-05 0.0008988658 2.356577e-05 0.001599106 5.386462e-05 0.001555341 9.426308e-05 3.366539e-06 0.0001514942 1.683269e-05 3.029885e-05
0.0001346615 0.03355429 0.0002457573 0.02822843 0.003262176 0.0007675708 0.007339054 0.002844725 0.01586313 0.02301366 4.039846e-05 0.002784127 0.001518309 0.001481277 0.008157123 0.0004174508 6.396423e-05 2.693231e-05 1.683269e-05 0.01111294 0.0003602196 0.05453793 0.0001885262 0.2404651 0.007914732 0.0003029885 0.01135533 0.06760346 0.003639228 0.001174922 2.019923e-05 0.0001683269 0.0003972516 0.000737272 6.05977e-05 0.002908689 0.0001346615 0.001764066 0.0004679489 0.006083335 0.0001043627 3.366539e-06 1.346615e-05 0.00052518 1.009962e-05 3.703192e-05 0.004602058 0 0.001134524 0.01454345 0.003935484 0.0006329093 0.008564474 4.3765e-05 0.0002524904 1.346615e-05 0.002292613 4.039846e-05 0.0003467535 1.683269e-05 1.009962e-05 6.733077e-06 0.00193576 0.0001952592 5.049808e-05 0.000131295 0.03997428 3.366539e-06 1.346615e-05 7.743039e-05 0.02765275 0.005413394 0.0004881481 0 2.019923e-05 0.0002120919 0.001336516 4.713154e-05 0.002629267 6.05977e-05 0.002612434 0.0002255581 3.029885e-05 0.0001817931 2.356577e-05 3.366539e-05
0.001097492 2.019923e-05 0.01149336 0.02690201 0.004292337 0.3271872 0.07623863 0.2648557 0.02301366 0.3707939 0.00359883 0.05504627 0.0002154585 0.1112069 0.007019233 1.009962e-05 0.001929027 0.0001817931 0.0003299208 0.04070482 0.001282651 8.079693e-05 0.001174922 0.03132564 0 0.001821297 0.0002962554 0.1271643 0.1121731 0.002875024 6.733077e-06 0.005477358 0.0005554789 0.03140981 0.0004780485 0.05436287 0.0009392643 0.07322558 0.007355887 0.02961881 0.006514252 6.733077e-05 0.0009796627 0.0001548608 0 6.733077e-06 0.005285466 0 0.002918789 0.004046579 0.00569955 0.01160109 0.01295107 6.733077e-05 0.0004309169 0 0.001885262 3.366539e-05 2.019923e-05 6.733077e-06 1.346615e-05 3.366539e-06 0.002602334 2.019923e-05 6.733077e-06 3.703192e-05 0.01337526 0 3.366539e-06 7.406385e-05 0.01088739 0.00342377 5.386462e-05 0 2.356577e-05 3.703192e-05 0.001121057 1.683269e-05 0.001366815 3.029885e-05 0.001693369 0.0001009962 5.723116e-05 0.0001346615 1.009962e-05 2.019923e-05
1.346615e-05 0.0003198212 0.0006699412 0.0002120919 7.406385e-05 0.0001582273 0.000737272 0.001036894 4.039846e-05 0.00359883 0.03898115 0.001265819 0.06079969 0.002282513 6.733077e-06 3.029885e-05 0.00236331 0.02019587 0.003114048 0.0006531085 8.079693e-05 0.0001110958 0.0002289246 0.0003400204 0.002258947 0.03897105 0.02473059 0.0004847816 0.00490168 7.406385e-05 0.009419575 0.0003871519 3.366539e-06 0.03991368 0.0002154585 0.03232887 0.1019893 0.1449834 0.0622978 0.004810784 0.002858191 0.004807417 0.0002996219 1.009962e-05 4.713154e-05 2.356577e-05 1.346615e-05 0 1.009962e-05 7.743039e-05 5.723116e-05 3.703192e-05 1.346615e-05 0.0001649604 0 0.001693369 2.693231e-05 0 0 3.703192e-05 0.0003871519 0.0006362758 3.366539e-06 0 1.009962e-05 1.009962e-05 0.0001615939 0.0004073512 0.0005521123 0.001454345 0.0001683269 5.723116e-05 0 0.0001817931 0 0 2.019923e-05 1.009962e-05 3.029885e-05 0.0001481277 4.3765e-05 6.733077e-06 0 0 2.356577e-05 0
1.009962e-05 7.069731e-05 3.366539e-05 0.05504964 0.01184685 0.1929532 0.001481277 0.06159082 0.002784127 0.05504627 0.001265819 0.125417 4.713154e-05 0.01606512 0.04008538 0 3.029885e-05 5.723116e-05 2.019923e-05 0.08169243 0 0.000218825 0 0.005844311 3.366539e-05 4.713154e-05 2.019923e-05 0.02041806 0.01827357 1.346615e-05 0 0.005548056 1.346615e-05 0.007339054 3.029885e-05 0.003878252 7.743039e-05 0.01285344 0.0003669527 0.04164745 0.001959325 6.733077e-06 6.05977e-05 1.683269e-05 0 0 0.0003299208 0 0.0002289246 0.0002154585 0.0004645823 0.001168189 0.0007978697 6.733077e-06 3.029885e-05 0 0.0001178289 0 0 0 0 0 0.0001649604 3.366539e-06 0 0 0.0007743039 0 0 3.366539e-06 0.0007776704 0.0002726896 0 0 0 3.366539e-06 7.069731e-05 0 0.0001043627 0 0.0001211954 0 6.733077e-06 6.733077e-06 0 0
0 0.01304197 5.723116e-05 1.009962e-05 0 3.366539e-06 6.733077e-05 5.049808e-05 0.001518309 0.0002154585 0.06079969 4.713154e-05 0.02518171 9.762962e-05 1.346615e-05 6.396423e-05 1.346615e-05 0.04072502 0.000919065 6.05977e-05 2.356577e-05 0.003400204 3.029885e-05 0.001508209 0.03554391 0.02095334 0.004214906 0.0001279285 0.0001211954 2.019923e-05 0.001006595 2.356577e-05 1.346615e-05 0.004319269 0.0005386462 0.008843897 0.1725149 0.04851519 0.02031033 0.0003198212 0.0002491239 0.02454543 9.762962e-05 1.346615e-05 0.000831535 4.039846e-05 0 0 0 2.693231e-05 6.733077e-06 1.009962e-05 0 0.001716935 0 0.01627721 6.733077e-06 0 3.366539e-06 0.00026259 0.008008995 0.01286354 0 3.366539e-06 2.693231e-05 2.693231e-05 1.346615e-05 0.005652418 0.0115102 0.02723193 1.683269e-05 6.733077e-06 2.356577e-05 0.002040122 0 0 3.366539e-05 1.009962e-05 7.743039e-05 0.0007069731 0.0001009962 1.009962e-05 0 3.366539e-06 0.0001110958 0
0.01396777 0.000218825 0.08025155 0.004864648 0.00017506 0.00568945 0.3263422 0.1017974 0.001481277 0.1112069 0.002282513 0.01606512 9.762962e-05 0.1169334 0.0009392643 7.743039e-05 0.03869163 0.0004612158 0.004716521 0.008480311 0.01395767 0.0008652004 0.02179834 0.03112365 2.693231e-05 0.01609542 0.001794365 0.05585761 0.04323982 0.07491895 0 0.0006867739 0.0002962554 0.02068401 0.0001279285 0.0123754 0.0005218135 0.03189795 0.002875024 0.01017031 0.00149811 1.009962e-05 0.0001918927 5.723116e-05 0 3.703192e-05 0.0002087254 0 0.0001211954 0.002380143 0.0007945031 0.00113789 0.000562212 3.366539e-06 1.009962e-05 0 0.0004511162 0 0.0001716935 1.009962e-05 3.366539e-06 0 9.762962e-05 9.762962e-05 1.346615e-05 5.723116e-05 0.003581997 0 6.733077e-06 0.0001413946 0.003339606 0.001232153 0.0003299208 0 3.366539e-06 5.386462e-05 0.0003198212 2.019923e-05 0.0008719335 1.346615e-05 0.0007170727 6.396423e-05 0 7.069731e-05 1.683269e-05 6.733077e-06
0 0.0002861558 4.3765e-05 0.004706421 0.02740362 0.01450305 0.0008820331 0.01416976 0.008157123 0.007019233 6.733077e-06 0.04008538 1.346615e-05 0.0009392643 0.005016143 0 6.733077e-06 0 0 0.008779933 3.366539e-06 0.000781037 3.366539e-06 0.02655526 9.089654e-05 1.346615e-05 0.0001043627 0.003985982 0.0007406385 2.356577e-05 3.366539e-06 0.005588454 0 7.743039e-05 0 0.0001043627 0 0.0001413946 1.346615e-05 0.01483297 0.0001918927 0 0 3.366539e-06 0 0 3.366539e-06 0 1.009962e-05 2.693231e-05 2.693231e-05 4.039846e-05 3.366539e-05 0 0 0 2.356577e-05 0 0 0 0 0 0 3.366539e-06 0 0 9.426308e-05 0 0 0 6.05977e-05 2.693231e-05 0 0 0 0 1.009962e-05 0 6.733077e-06 0 2.019923e-05 0 0 0 0 0
6.733077e-06 0.002080521 0.0006766743 0 0 0 8.416347e-05 1.683269e-05 0.0004174508 1.009962e-05 3.029885e-05 0 6.396423e-05 7.743039e-05 0 0.02280157 0.0003770523 6.733077e-06 3.703192e-05 0 0.03409294 0.06332459 0.02698954 0.0385334 0.0003635862 0.0001582273 0.03661447 0.02288573 0.0003029885 0.0078878 0 3.366539e-06 4.039846e-05 0.006345925 0.001363448 0.07863224 0.02090957 0.02353547 0.005588454 0.0006598416 6.733077e-06 6.733077e-06 0.0002289246 6.733077e-06 8.079693e-05 0.0003164546 0 0 0 0.004800684 3.366539e-05 0.005669251 6.733077e-06 3.366539e-06 3.366539e-06 0 4.713154e-05 3.366539e-06 0.08437219 4.3765e-05 0 3.366539e-06 0 0.02104087 0.02732956 0.04961268 0.01173912 0 1.009962e-05 0.004480863 0.01764403 0.0009964954 0.001535142 0 0 0.0002053589 0.0006396423 1.009962e-05 0.002609067 7.743039e-05 0.001370181 0.0001413946 0 1.683269e-05 1.346615e-05 6.733077e-06
0.01000199 0.0002120919 0.2317458 6.396423e-05 1.683269e-05 0.0004342835 0.01087392 0.01249996 6.396423e-05 0.001929027 0.00236331 3.029885e-05 1.346615e-05 0.03869163 6.733077e-06 0.0003770523 0.009880791 0.002875024 0.0131396 2.356577e-05 0.01270868 0.0004039846 0.03151753 0.002319545 3.366539e-06 0.06678203 0.2715416 0.006823974 0.03528806 0.0306759 6.733077e-06 9.426308e-05 0.001036894 0.0490269 0.0001851596 0.04502745 0.0438862 0.07064681 0.004942079 0.0005487458 2.693231e-05 1.346615e-05 5.386462e-05 0 0.0001279285 0.0006766743 0 0 3.366539e-06 9.089654e-05 1.683269e-05 4.3765e-05 6.733077e-06 0 0 3.366539e-06 0 0 0.0001009962 0.000649742 0 0.0004174508 3.366539e-06 4.039846e-05 6.05977e-05 0.0001413946 9.426308e-05 0 0.0005824112 0.003659427 9.426308e-05 1.009962e-05 1.683269e-05 0 0 3.366539e-06 3.366539e-05 3.366539e-06 6.733077e-05 1.009962e-05 4.039846e-05 3.366539e-06 0 0 0 0
4.3765e-05 0.0002491239 0.002046855 1.009962e-05 3.366539e-06 1.346615e-05 0.0002289246 0.000131295 2.693231e-05 0.0001817931 0.02019587 5.723116e-05 0.04072502 0.0004612158 0 6.733077e-06 0.002875024 0.0003332873 0.009554237 3.029885e-05 5.386462e-05 0.0001178289 0.0005386462 9.426308e-05 0.0003097216 0.08204255 0.0639373 9.426308e-05 0.0003905185 0.0001481277 0.009160352 1.346615e-05 3.366539e-06 0.006712878 8.416347e-05 0.02515141 0.08220414 0.06858312 0.01767096 0.0004275504 0.0001582273 0.0003164546 5.386462e-05 6.733077e-06 7.069731e-05 1.346615e-05 0 0 0 1.346615e-05 3.366539e-06 6.733077e-06 0 4.713154e-05 0 0.0004645823 6.733077e-06 0 0 9.426308e-05 0.0004477496 0.001639504 0 0 3.366539e-06 1.683269e-05 0 0.0002390242 0.001252352 0.002875024 1.009962e-05 6.733077e-06 3.366539e-06 7.743039e-05 0 0 3.366539e-06 0 1.346615e-05 2.356577e-05 1.009962e-05 0 0 0 3.366539e-06 0
0.001188388 0.0002255581 0.01127117 2.019923e-05 3.366539e-06 5.049808e-05 0.001393747 0.001683269 1.683269e-05 0.0003299208 0.003114048 2.019923e-05 0.000919065 0.004716521 0 3.703192e-05 0.0131396 0.009554237 0.009459974 1.009962e-05 0.0004443831 0.0001279285 0.003127514 0.0002491239 3.366539e-05 0.05179083 0.03606236 0.0006901404 0.004066779 0.001757333 0.0001649604 2.019923e-05 9.426308e-05 0.02309109 5.723116e-05 0.04245205 0.06542195 0.05540313 0.004521261 0.0006362758 2.356577e-05 0 3.029885e-05 1.009962e-05 0.0001110958 0.0001077292 0 0 0 6.733077e-06 0 3.366539e-06 3.366539e-06 1.009962e-05 0 2.019923e-05 3.366539e-06 0 1.009962e-05 0.0006093435 6.396423e-05 0.001457711 0 0 1.009962e-05 2.356577e-05 1.009962e-05 2.356577e-05 0.001814564 0.004285604 3.366539e-06 6.733077e-06 1.346615e-05 6.733077e-06 0 0 2.019923e-05 3.366539e-06 4.3765e-05 6.733077e-06 6.396423e-05 1.009962e-05 0 0 0 0
3.366539e-05 1.009962e-05 5.386462e-05 0.04703054 0.001316317 0.03224471 0.0004342835 0.02342101 0.01111294 0.04070482 0.0006531085 0.08169243 6.05977e-05 0.008480311 0.008779933 0 2.356577e-05 3.029885e-05 1.009962e-05 0.009355611 0 6.733077e-06 3.366539e-06 0.008503877 0 2.019923e-05 2.019923e-05 0.03150744 0.01113651 3.029885e-05 6.733077e-06 0.001474544 3.029885e-05 0.004426998 3.703192e-05 0.004497696 6.396423e-05 0.00954077 0.0004275504 0.02138425 0.001057093 0 9.089654e-05 2.356577e-05 0 0 0.00104026 0 0.0005857777 0.0006160766 0.001003229 0.002464306 0.002511438 1.346615e-05 9.089654e-05 0 0.0003635862 3.366539e-06 0 0 0 0 0.0005352796 3.366539e-06 3.366539e-06 0 0.00227578 0 0 0 0.001972792 0.000656475 0 0 3.366539e-06 1.009962e-05 0.0001582273 0 0.0001817931 0 0.0002827892 2.019923e-05 1.009962e-05 3.029885e-05 6.733077e-06 3.366539e-06
0.005679351 0.0002322912 0.02471713 1.346615e-05 3.366539e-06 0.0002019923 0.04294693 0.004356301 0.0003602196 0.001282651 8.079693e-05 0 2.356577e-05 0.01395767 3.366539e-06 0.03409294 0.01270868 5.386462e-05 0.0004443831 0 0.09867661 0.02922492 0.2764467 0.003810922 3.029885e-05 0.001087392 0.02531974 0.07155578 0.01880885 0.2405964 0 1.009962e-05 0.0009729297 0.1735417 0.008584673 0.4462145 0.03315367 0.3736824 0.06338182 0.003130881 6.733077e-05 1.009962e-05 0.0008988658 1.009962e-05 4.3765e-05 0.0001649604 0 0 6.733077e-06 0.006177598 3.703192e-05 0.004995943 1.346615e-05 0 3.366539e-06 3.366539e-06 3.029885e-05 0 0.02587522 3.029885e-05 0 0 0 0.01225757 0.009261348 0.008988658 0.01346279 0 3.366539e-06 0.001844863 0.01974138 0.001420679 0.002339744 0 0 0.0003400204 0.001073926 5.049808e-05 0.003750324 0.0001481277 0.001888628 0.00017506 1.346615e-05 2.019923e-05 3.029885e-05 6.733077e-06
0.0002693231 0.07980043 0.0004443831 2.693231e-05 8.416347e-05 6.733077e-06 0.002730263 0.0005083473 0.05453793 8.079693e-05 0.0001110958 0.000218825 0.003400204 0.0008652004 0.000781037 0.06332459 0.0004039846 0.0001178289 0.0001279285 6.733077e-06 0.02922492 0.006106901 0.01877855 0.1432664 0.01797732 0.000912332 0.06404166 0.02731946 0.003682993 0.005144071 0.0001279285 6.733077e-06 0.0007675708 0.001690002 0.0002322912 0.01162129 0.001787632 0.002844725 0.000956097 0.0008618339 3.029885e-05 3.703192e-05 6.733077e-06 1.009962e-05 8.079693e-05 0.000306355 3.366539e-06 0 1.346615e-05 0.003602196 5.049808e-05 0.001299484 3.029885e-05 0 0 6.733077e-06 7.069731e-05 3.366539e-06 0.03601523 6.05977e-05 0 2.693231e-05 1.009962e-05 0.005598554 0.003699826 0.01683943 0.008705869 3.366539e-06 5.049808e-05 0.01425392 0.009897624 0.0006834073 0.0006901404 0 6.733077e-06 0.0001481277 0.0003905185 3.366539e-06 0.001171555 4.3765e-05 0.000649742 7.743039e-05 3.366539e-06 1.683269e-05 3.366539e-06 0
0.007201026 0.000693507 0.2723934 1.683269e-05 6.733077e-06 0.00017506 0.03095869 0.005901542 0.0001885262 0.001174922 0.0002289246 0 3.029885e-05 0.02179834 3.366539e-06 0.02698954 0.03151753 0.0005386462 0.003127514 3.366539e-06 0.2764467 0.01877855 0.2581159 0.01222054 0 0.02440067 0.3653435 0.1361327 0.01979861 0.08105278 6.733077e-06 5.049808e-05 0.000744005 0.1069482 0.007150528 0.4082534 0.06806131 0.3681882 0.04486923 0.005948674 6.05977e-05 1.009962e-05 0.002033389 1.346615e-05 7.743039e-05 0.001003229 0 0 6.733077e-06 0.001080659 0.0001245619 0.0004511162 3.703192e-05 0 0 0 9.089654e-05 0 0.06234156 2.356577e-05 0 1.009962e-05 0 0.00903579 0.01429432 0.05762841 0.003077016 0 1.346615e-05 0.03933464 0.004982477 0.0001952592 0.0002928889 0 0 4.039846e-05 0.00017506 3.703192e-05 0.0006228096 3.366539e-05 0.0003804189 5.386462e-05 0 6.733077e-06 1.346615e-05 6.733077e-06
0.004827616 0.04704401 0.02649466 0.03413334 0.003100582 0.002572036 0.1367623 0.02817456 0.2404651 0.03132564 0.0003400204 0.005844311 0.001508209 0.03112365 0.02655526 0.0385334 0.002319545 9.426308e-05 0.0002491239 0.008503877 0.003810922 0.1432664 0.01222054 0.09176511 0.008968459 0.002440741 0.0614528 0.1153241 0.09151599 0.04273147 3.366539e-05 0.0003837854 0.01513596 0.02565302 0.002380143 0.09577129 0.00868567 0.04116603 0.01374558 0.02489892 0.0009426308 1.346615e-05 0.0005958773 0.001629405 0.0001245619 0.0007170727 0.01080659 0 0.005830845 0.05839261 0.01707508 0.03995071 0.02612771 0.0002322912 0.0007339054 5.386462e-05 0.008470211 3.703192e-05 0.007369353 0.0001548608 2.019923e-05 4.3765e-05 0.005113772 0.003302574 0.002383509 0.001626038 0.1024034 0 6.396423e-05 0.00227578 0.09258318 0.02372736 0.005214768 6.733077e-06 0.0001043627 0.001201854 0.007456883 0.0002154585 0.01619305 0.0003972516 0.01486327 0.000999862 9.089654e-05 0.0008853997 9.089654e-05 0.0001211954
3.366539e-06 0.02081867 6.05977e-05 3.366539e-06 1.009962e-05 0 0.0001716935 2.019923e-05 0.007914732 0 0.002258947 3.366539e-05 0.03554391 2.693231e-05 9.089654e-05 0.0003635862 3.366539e-06 0.0003097216 3.366539e-05 0 3.029885e-05 0.01797732 0 0.008968459 0.0005285466 0.004554927 0.019196 0.0005150804 0.0001514942 0.0001110958 0.001888628 3.366539e-06 1.346615e-05 3.366539e-05 3.703192e-05 0.0004309169 0.001100858 0.0002659566 0.0003231877 9.762962e-05 3.366539e-06 0.002134385 0 1.346615e-05 0.0004713154 6.733077e-05 3.366539e-06 0 0 1.009962e-05 0 3.366539e-06 0 0.0003703192 0 0.002824526 1.009962e-05 0 6.733077e-06 0.0005790446 0.001666437 0.006419989 0 0 3.366539e-06 1.009962e-05 6.733077e-06 0.0008450012 0.006770109 0.01855636 1.009962e-05 3.366539e-06 6.733077e-06 0.0002457573 0 0 4.3765e-05 0 6.733077e-05 0.0001009962 0.0001245619 2.019923e-05 0 0 2.019923e-05 0
0.002067055 0.003130881 0.1530933 4.3765e-05 1.009962e-05 0.0003029885 0.0140553 0.006217997 0.0003029885 0.001821297 0.03897105 4.713154e-05 0.02095334 0.01609542 1.346615e-05 0.0001582273 0.06678203 0.08204255 0.05179083 2.019923e-05 0.001087392 0.000912332 0.02440067 0.002440741 0.004554927 0.3768133 0.3053686 0.005470625 0.006786942 0.00674991 0.006369491 6.05977e-05 0.0001615939 0.01782919 0.0002827892 0.1303658 0.3002784 0.09857225 0.01517972 0.002104087 0.0001245619 0.0005453793 0.000218825 8.416347e-05 0.003194845 0.01867082 0 0 0 0.0001952592 5.049808e-05 3.703192e-05 1.346615e-05 0.0005016143 0 0.002942355 8.753e-05 0 6.733077e-05 0.009214216 0.003767157 0.02149872 0 2.356577e-05 0.0001211954 0.0006901404 0.0001582273 0.001403847 0.01985248 0.08030205 6.733077e-05 9.426308e-05 0.0001144623 0.0003736858 0 0 0.0002760562 1.009962e-05 0.0008416347 0.0002861558 0.0006598416 0.0001245619 0 0 1.683269e-05 0
0.0002120919 0.0938288 0.06794348 1.346615e-05 1.346615e-05 5.049808e-05 0.004100444 0.0008618339 0.01135533 0.0002962554 0.02473059 2.019923e-05 0.004214906 0.001794365 0.0001043627 0.03661447 0.2715416 0.0639373 0.03606236 2.019923e-05 0.02531974 0.06404166 0.3653435 0.0614528 0.019196 0.3053686 0.2192593 0.0448019 0.0009762962 0.002124286 0.0007339054 3.366539e-06 8.416347e-05 0.08293468 0.00202329 0.2991203 0.13856 0.241704 0.02492249 0.003807555 4.713154e-05 0.0002053589 0.0009392643 0.0002322912 0.0334129 0.1377083 3.366539e-06 0 3.366539e-06 0.001282651 0.0005588454 0.0001615939 0.0001077292 0.000744005 0 0.004457297 0.0004410166 0 0.06448268 0.01894015 0.006719611 0.04133773 0 0.0007507381 0.03288435 0.09836353 0.00323861 0.002420541 0.04347211 0.5096771 0.0009729297 0.0001952592 0.0001986258 0.0007069731 0 6.733077e-06 0.001703469 0.000131295 0.00324871 0.000656475 0.004756919 0.0006329093 0 0 1.683269e-05 6.733077e-06
0.006638814 0.002575402 0.09498015 0.03440602 0.0005150804 0.007520847 0.6548086 0.0404153 0.06760346 0.1271643 0.0004847816 0.02041806 0.0001279285 0.05585761 0.003985982 0.02288573 0.006823974 9.426308e-05 0.0006901404 0.03150744 0.07155578 0.02731946 0.1361327 0.1153241 0.0005150804 0.005470625 0.0448019 0.3049512 0.1359004 0.4098188 3.366539e-06 0.0005891443 0.02364657 0.0639474 0.005083473 0.2056921 0.01931047 0.1038476 0.03056817 0.01547934 0.001555341 1.683269e-05 0.001084025 0.001077292 0.0001009962 0.0006632081 0.006393057 0 0.003147714 0.05680361 0.009948122 0.02865598 0.01471514 0.0001683269 0.0004679489 4.713154e-05 0.006019371 2.356577e-05 0.01101195 0.0001514942 1.346615e-05 2.356577e-05 0.003036618 0.004918513 0.002524904 0.002807693 0.07583465 3.366539e-06 4.039846e-05 0.00393885 0.08093832 0.02078501 0.007490548 0 6.05977e-05 0.001299484 0.006712878 0.0002356577 0.01697072 0.0004309169 0.01339882 0.001067193 5.049808e-05 0.0008450012 9.426308e-05 0.0001514942
0.02514804 0.0006026104 0.02294969 0.007679075 0.0007844035 0.005221501 0.0831434 0.02829239 0.003639228 0.1121731 0.00490168 0.01827357 0.0001211954 0.04323982 0.0007406385 0.0003029885 0.03528806 0.0003905185 0.004066779 0.01113651 0.01880885 0.003682993 0.01979861 0.09151599 0.0001514942 0.006786942 0.0009762962 0.1359004 0.08547978 0.1164486 1.009962e-05 0.001046994 0.02453533 0.05435277 0.0001885262 0.02002754 0.0009392643 0.05643665 0.004053313 0.0149811 0.004433731 4.3765e-05 0.0002962554 0.0001211954 0 1.683269e-05 0.0003265542 0 0.0002659566 0.00761511 0.00122542 0.002437374 0.0009863958 1.346615e-05 2.693231e-05 1.346615e-05 0.0007675708 3.366539e-06 0.001046994 1.009962e-05 3.366539e-06 0 0.0001380281 0.0005016143 8.753e-05 0.0001683269 0.008641905 0 3.366539e-06 0.000131295 0.00919065 0.002824526 0.00131295 0 1.009962e-05 0.0002154585 0.001067193 4.039846e-05 0.002582135 6.733077e-05 0.001905461 0.0001514942 6.733077e-06 0.000131295 2.019923e-05 3.029885e-05
0.0385132 0.0003972516 0.09742089 2.019923e-05 1.009962e-05 0.0003770523 0.1327729 0.01573857 0.001174922 0.002875024 7.406385e-05 1.346615e-05 2.019923e-05 0.07491895 2.356577e-05 0.0078878 0.0306759 0.0001481277 0.001757333 3.029885e-05 0.2405964 0.005144071 0.08105278 0.04273147 0.0001110958 0.00674991 0.002124286 0.4098188 0.1164486 0.1490973 0 0.0001178289 0.01877182 0.1161961 0.003134247 0.1321164 0.005918375 0.118859 0.02423235 0.0006228096 0.0001817931 3.366539e-06 0.0002996219 4.039846e-05 1.346615e-05 4.039846e-05 6.733077e-06 0 3.029885e-05 0.005632219 0.0003467535 0.001939126 4.039846e-05 6.733077e-06 3.366539e-06 0 0.0002693231 0 0.002322912 1.683269e-05 0 0 3.366539e-06 0.001336516 0.0006463754 0.000656475 0.004581859 0 0 0.0007776704 0.006763376 0.001700102 0.0008988658 0 0 0.0001009962 0.0006430089 2.356577e-05 0.001807831 4.039846e-05 0.001387014 0.0001043627 3.366539e-06 6.733077e-05 1.683269e-05 2.019923e-05
0 0.0003198212 2.693231e-05 0 0 0 3.366539e-06 3.366539e-06 2.019923e-05 6.733077e-06 0.009419575 0 0.001006595 0 3.366539e-06 0 6.733077e-06 0.009160352 0.0001649604 6.733077e-06 0 0.0001279285 6.733077e-06 3.366539e-05 0.001888628 0.006369491 0.0007339054 3.366539e-06 1.009962e-05 0 0 0 0 0.0003400204 0 0.0008921327 0.01645564 0.007079831 0.002524904 1.346615e-05 2.019923e-05 0.0004107177 1.009962e-05 0 1.009962e-05 0 0 0 0 0 0 0 0 8.753e-05 0 0.0008719335 0 0 0 3.366539e-06 0.0003130881 0.0006295427 0 0 0 0 0 0.0002221915 0.0004140843 0.001279285 0 0 3.366539e-06 0.0001043627 0 0 0 0 0 3.366539e-05 6.733077e-06 0 0 0 0 0
3.366539e-06 0 0.0001514942 0.0003568531 0.001104225 0.005756781 0.001228787 0.01451315 0.0001683269 0.005477358 0.0003871519 0.005548056 2.356577e-05 0.0006867739 0.005588454 3.366539e-06 9.426308e-05 1.346615e-05 2.019923e-05 0.001474544 1.009962e-05 6.733077e-06 5.049808e-05 0.0003837854 3.366539e-06 6.05977e-05 3.366539e-06 0.0005891443 0.001046994 0.0001178289 0 0.0001514942 3.366539e-06 0.001912194 3.366539e-06 0.0004174508 2.693231e-05 0.002797594 0.0004208173 0.01857993 0.004820883 0 1.683269e-05 0 0 3.366539e-06 3.366539e-06 0 6.733077e-06 0.0001178289 5.386462e-05 4.713154e-05 3.366539e-05 0 0 0 2.356577e-05 0 3.366539e-06 0 0 0 3.366539e-06 3.366539e-06 0 0 0.0001615939 0 0 0 0.0001009962 4.039846e-05 0 0 0 0 1.683269e-05 0 2.693231e-05 0 3.366539e-05 3.366539e-06 0 0 0 0
0.0005218135 9.089654e-05 0.001248986 5.049808e-05 0 2.356577e-05 0.00272353 0.0002019923 0.0003972516 0.0005554789 3.366539e-06 1.346615e-05 1.346615e-05 0.0002962554 0 4.039846e-05 0.001036894 3.366539e-06 9.426308e-05 3.029885e-05 0.0009729297 0.0007675708 0.000744005 0.01513596 1.346615e-05 0.0001615939 8.416347e-05 0.02364657 0.02453533 0.01877182 0 3.366539e-06 0.0007170727 0.002780761 2.019923e-05 0.0001851596 0.0002322912 0.001026794 0.0009156985 2.019923e-05 6.733077e-06 0 0 6.733077e-06 0 0 1.009962e-05 0 1.009962e-05 0.001353349 3.366539e-05 0.0003400204 3.029885e-05 0 0 3.366539e-06 5.386462e-05 0 0.0002322912 3.366539e-06 0 0 3.366539e-06 9.762962e-05 3.029885e-05 3.029885e-05 0.001188388 0 3.366539e-06 3.703192e-05 0.001555341 0.0004477496 0.0002760562 0 0 4.3765e-05 0.0001413946 3.366539e-06 0.0003837854 3.366539e-06 0.0002895223 2.019923e-05 0 6.733077e-06 3.366539e-06 3.366539e-06
0.005500924 0.0002423908 0.04087988 0.001945859 0.0002693231 0.001242253 0.01463098 0.008170589 0.000737272 0.03140981 0.03991368 0.007339054 0.004319269 0.02068401 7.743039e-05 0.006345925 0.0490269 0.006712878 0.02309109 0.004426998 0.1735417 0.001690002 0.1069482 0.02565302 3.366539e-05 0.01782919 0.08293468 0.0639474 0.05435277 0.1161961 0.0003400204 0.001912194 0.002780761 0.03342973 0.00026259 0.0132204 0.01094798 0.05764187 0.005605287 0.007971963 0.0004174508 0.0004746819 0.0003467535 5.723116e-05 1.346615e-05 8.416347e-05 7.743039e-05 0 5.723116e-05 0.002161318 0.0004780485 0.0008147023 0.0002423908 6.733077e-06 6.733077e-06 6.733077e-06 0.0003736858 0 0.001770799 1.346615e-05 3.366539e-06 6.733077e-06 3.703192e-05 0.0005487458 0.0004208173 0.001191755 0.00271343 6.733077e-06 6.733077e-06 0.001851596 0.003016419 0.0009830293 0.0003703192 0 0 4.3765e-05 0.0003332873 1.683269e-05 0.0007507381 2.693231e-05 0.0005857777 4.039846e-05 3.366539e-06 4.039846e-05 6.733077e-06 1.009962e-05
3.366539e-05 6.733077e-06 0.0007473716 4.713154e-05 0 1.009962e-05 0.0005117139 0.000131295 6.05977e-05 0.0004780485 0.0002154585 3.029885e-05 0.0005386462 0.0001279285 0 0.001363448 0.0001851596 8.416347e-05 5.723116e-05 3.703192e-05 0.008584673 0.0002322912 0.007150528 0.002380143 3.703192e-05 0.0002827892 0.00202329 0.005083473 0.0001885262 0.003134247 0 3.366539e-06 2.019923e-05 0.00026259 0.5501833 0.2246087 0.005369629 0.0121431 0.007854135 0.0005016143 0.001589006 0.001218687 0.001902094 0 0 6.733077e-06 0 0 0 0.0001649604 1.346615e-05 6.733077e-05 3.366539e-06 4.713154e-05 3.366539e-06 6.05977e-05 2.019923e-05 0 0.0001514942 0 1.009962e-05 1.009962e-05 0 0.0001144623 3.703192e-05 0.0002491239 0.0001178289 1.683269e-05 3.366539e-05 0.0002423908 0.0002356577 3.366539e-05 1.346615e-05 3.366539e-06 0 6.733077e-06 2.019923e-05 0.2497837 0.001962692 0.0001716935 0.0008719335 0.0006901404 3.366539e-06 1.009962e-05 0.0002996219 5.723116e-05
0.002080521 0.0007844035 0.1325676 0.005036342 4.713154e-05 0.001090759 0.04028063 0.01141593 0.002908689 0.05436287 0.03232887 0.003878252 0.008843897 0.0123754 0.0001043627 0.07863224 0.04502745 0.02515141 0.04245205 0.004497696 0.4462145 0.01162129 0.4082534 0.09577129 0.0004309169 0.1303658 0.2991203 0.2056921 0.02002754 0.1321164 0.0008921327 0.0004174508 0.0001851596 0.0132204 0.2246087 0.04974061 0.3436495 0.2207843 0.02750462 0.1114728 0.03265206 0.006659013 0.007648776 6.733077e-05 4.3765e-05 0.0002861558 0.0002053589 0 0.0001178289 0.006635448 0.0006901404 0.002407075 0.0006261762 1.346615e-05 3.029885e-05 2.693231e-05 0.0004915146 3.366539e-06 0.01357388 0.0001110958 0 5.723116e-05 0.0001178289 0.00393885 0.003107315 0.00762521 0.008517343 3.366539e-06 3.029885e-05 0.005989072 0.01009962 0.002407075 0.00140048 0 1.009962e-05 0.0001683269 0.0008079693 0.001770799 0.003797456 5.049808e-05 0.001710202 0.0001952592 1.346615e-05 0.0001110958 6.05977e-05 6.396423e-05
7.743039e-05 0.0004645823 0.09320935 6.733077e-05 3.366539e-06 5.049808e-05 0.001831397 0.0002996219 0.0001346615 0.0009392643 0.1019893 7.743039e-05 0.1725149 0.0005218135 0 0.02090957 0.0438862 0.08220414 0.06542195 6.396423e-05 0.03315367 0.001787632 0.06806131 0.00868567 0.001100858 0.3002784 0.13856 0.01931047 0.0009392643 0.005918375 0.01645564 2.693231e-05 0.0002322912 0.01094798 0.005369629 0.3436495 0.05123198 0.0823388 0.02188923 0.00833555 0.0009796627 0.000605977 0.001895361 3.366539e-06 0.0001077292 7.069731e-05 0 0 3.366539e-06 0.0004948812 1.346615e-05 0.0002019923 1.009962e-05 0.00219835 6.733077e-06 0.01467138 1.346615e-05 0 0.002164684 9.089654e-05 0.0005319131 0.0006026104 3.366539e-06 0.0006228096 0.0004039846 0.001073926 0.0007608377 0.000831535 0.0006867739 0.002652832 0.001003229 0.0001481277 0.0001918927 0.001033527 0 1.683269e-05 7.406385e-05 7.406385e-05 0.000306355 0.002531637 0.0002087254 2.693231e-05 3.366539e-06 0 0.0005723116 0
0.001939126 0.0004511162 0.1133918 0.005231601 0.0003736858 0.00191556 0.03292138 0.0140553 0.001764066 0.07322558 0.1449834 0.01285344 0.04851519 0.03189795 0.0001413946 0.02353547 0.07064681 0.06858312 0.05540313 0.00954077 0.3736824 0.002844725 0.3681882 0.04116603 0.0002659566 0.09857225 0.241704 0.1038476 0.05643665 0.118859 0.007079831 0.002797594 0.001026794 0.05764187 0.0121431 0.2207843 0.0823388 0.04537084 0.01302514 0.01681923 0.002885124 0.00254847 0.002319545 0.0001110958 6.05977e-05 0.0002053589 0.00017506 0 8.753e-05 0.003497834 0.000831535 0.00149811 0.0005049808 1.009962e-05 2.019923e-05 3.366539e-05 0.0006228096 3.366539e-06 0.005588454 7.743039e-05 1.346615e-05 6.396423e-05 7.743039e-05 0.001185022 0.001168189 0.004107177 0.005127238 3.366539e-06 9.426308e-05 0.004676122 0.005214768 0.0017607 0.0004881481 0 3.366539e-06 9.762962e-05 0.0005655785 0.0001716935 0.001339882 4.039846e-05 0.001070559 0.0001110958 6.733077e-06 0.0001110958 1.683269e-05 1.346615e-05
0.0003130881 0.0001009962 0.01009625 0.0007103397 6.733077e-05 0.0001851596 0.007847402 0.001508209 0.0004679489 0.007355887 0.0622978 0.0003669527 0.02031033 0.002875024 1.346615e-05 0.005588454 0.004942079 0.01767096 0.004521261 0.0004275504 0.06338182 0.000956097 0.04486923 0.01374558 0.0003231877 0.01517972 0.02492249 0.03056817 0.004053313 0.02423235 0.002524904 0.0004208173 0.0009156985 0.005605287 0.007854135 0.02750462 0.02188923 0.01302514 0.001296117 0.001144623 0.0002255581 0.00078777 0.0002760562 2.019923e-05 3.366539e-06 4.3765e-05 3.366539e-05 0 1.683269e-05 0.0009661966 0.0001110958 0.0003332873 8.753e-05 3.366539e-06 3.366539e-06 2.019923e-05 9.762962e-05 0 0.001134524 1.009962e-05 6.733077e-06 1.683269e-05 3.366539e-05 0.0003568531 0.0002457573 0.000562212 0.001121057 6.733077e-06 6.733077e-06 0.0004679489 0.001275918 0.000306355 0.0001413946 3.366539e-06 3.366539e-06 1.683269e-05 0.0001178289 7.069731e-05 0.0003130881 2.019923e-05 0.0002289246 4.039846e-05 3.366539e-06 1.009962e-05 3.029885e-05 2.356577e-05
1.009962e-05 0.0003130881 0.001945859 0.01866072 0.03224471 0.01341566 0.006231463 0.02870311 0.006083335 0.02961881 0.004810784 0.04164745 0.0003198212 0.01017031 0.01483297 0.0006598416 0.0005487458 0.0004275504 0.0006362758 0.02138425 0.003130881 0.0008618339 0.005948674 0.02489892 9.762962e-05 0.002104087 0.003807555 0.01547934 0.0149811 0.0006228096 1.346615e-05 0.01857993 2.019923e-05 0.007971963 0.0005016143 0.1114728 0.00833555 0.01681923 0.001144623 0.008308617 0.001393747 0.0001481277 0.0002524904 5.386462e-05 6.733077e-06 1.009962e-05 0.0001178289 0 8.079693e-05 0.001471177 0.0005723116 0.001252352 0.0004006181 3.366539e-06 4.039846e-05 3.366539e-06 0.0003905185 0 0.0001380281 1.346615e-05 0 3.366539e-06 8.416347e-05 5.049808e-05 3.029885e-05 9.762962e-05 0.001989624 0 0 9.089654e-05 0.002151218 0.0009729297 7.069731e-05 0 3.366539e-06 1.683269e-05 0.0002289246 3.366539e-06 0.0005150804 2.356577e-05 0.0005016143 7.406385e-05 3.366539e-06 3.029885e-05 6.733077e-06 1.346615e-05
0 6.733077e-06 8.416347e-05 0.0003770523 0.0001817931 0.0007642043 0.001619305 0.001679903 0.0001043627 0.006514252 0.002858191 0.001959325 0.0002491239 0.00149811 0.0001918927 6.733077e-06 2.693231e-05 0.0001582273 2.356577e-05 0.001057093 6.733077e-05 3.029885e-05 6.05977e-05 0.0009426308 3.366539e-06 0.0001245619 4.713154e-05 0.001555341 0.004433731 0.0001817931 2.019923e-05 0.004820883 6.733077e-06 0.0004174508 0.001589006 0.03265206 0.0009796627 0.002885124 0.0002255581 0.001393747 3.366539e-06 0.0002491239 0.0001279285 1.346615e-05 0 0 1.683269e-05 0 6.733077e-06 0.0001649604 6.396423e-05 7.406385e-05 3.703192e-05 0 3.366539e-06 1.346615e-05 7.743039e-05 0 3.366539e-06 0 0 0 3.366539e-06 3.366539e-06 0 3.366539e-06 0.0002996219 0 0 0 0.0002491239 0.0001649604 0 0 6.733077e-06 3.366539e-06 3.366539e-05 6.733077e-06 0.0001178289 1.009962e-05 6.733077e-05 1.346615e-05 6.733077e-06 1.346615e-05 4.3765e-05 1.683269e-05
0 0.0003265542 6.733077e-06 3.366539e-06 0 0 2.356577e-05 3.366539e-06 3.366539e-06 6.733077e-05 0.004807417 6.733077e-06 0.02454543 1.009962e-05 0 6.733077e-06 1.346615e-05 0.0003164546 0 0 1.009962e-05 3.703192e-05 1.009962e-05 1.346615e-05 0.002134385 0.0005453793 0.0002053589 1.683269e-05 4.3765e-05 3.366539e-06 0.0004107177 0 0 0.0004746819 0.001218687 0.006659013 0.000605977 0.00254847 0.00078777 0.0001481277 0.0002491239 7.406385e-05 9.089654e-05 0 1.683269e-05 0 0 0 0 0 3.366539e-06 1.009962e-05 3.366539e-06 5.049808e-05 0 0.0004881481 0 0 0 0 0.0002221915 0.0002827892 0 0 0 0 3.366539e-06 0.0001918927 0.0003669527 0.0009459974 3.366539e-06 3.366539e-06 0 4.3765e-05 0 0 0 2.693231e-05 1.009962e-05 1.009962e-05 1.683269e-05 0 0 0 6.733077e-06 0
3.366539e-06 6.733077e-06 0.0002524904 0.0001009962 3.366539e-06 1.683269e-05 0.0003905185 0.0002760562 1.346615e-05 0.0009796627 0.0002996219 6.05977e-05 9.762962e-05 0.0001918927 0 0.0002289246 5.386462e-05 5.386462e-05 3.029885e-05 9.089654e-05 0.0008988658 6.733077e-06 0.002033389 0.0005958773 0 0.000218825 0.0009392643 0.001084025 0.0002962554 0.0002996219 1.009962e-05 1.683269e-05 0 0.0003467535 0.001902094 0.007648776 0.001895361 0.002319545 0.0002760562 0.0002524904 0.0001279285 9.089654e-05 3.366539e-05 3.366539e-06 0 3.366539e-06 3.366539e-06 0 3.366539e-06 5.049808e-05 3.366539e-06 1.346615e-05 1.009962e-05 0 0 1.009962e-05 1.346615e-05 0 3.029885e-05 0 0 0 0 6.733077e-06 0 1.683269e-05 2.019923e-05 0 0 2.356577e-05 5.049808e-05 1.346615e-05 0 0 0 0 3.366539e-06 2.356577e-05 4.3765e-05 3.366539e-06 2.693231e-05 6.733077e-06 3.366539e-06 1.346615e-05 1.009962e-05 0
