0.01820514 4.897969e-05 0.004616336 0.0006857157 3.061231e-06 0.0004193886 0.1014829 0.002641842 9.183692e-05 0.002041841 0.0001285717 6.428585e-05 5.510215e-05 0.1025696 3.061231e-06 0.0001163268 0.01888167 0.0001744902 0.005234705 0.0001010206 0.002843883 2.448985e-05 0.006226543 0.007175525 6.122461e-06 0.0159735 0.0007683689 0.02873577 0.06028788 0.03709599 0 0.0004561234 0.0007040831 0.005764297 1.530615e-05 0.004034702 0.0006551034 0.005112255 0.001095921 0.0001346942 4.285723e-05 3.061231e-06 3.061231e-05 0 1.836738e-05 4.285723e-05 0 0 0 3.367354e-05 0 1.836738e-05 6.122461e-06 3.061231e-06 0 0 9.183692e-06 0 9.183692e-06 3.061231e-06 0 6.122461e-06 0 9.183692e-06 0 6.428585e-05 0.0001806126 3.061231e-06 8.265323e-05 0.0002938782 0.0002173474 6.122461e-06 2.142862e-05 6.122461e-06 0 0 3.061231e-06 3.061231e-06 4.897969e-05 3.061231e-06 1.836738e-05 3.061231e-06 1.224492e-05 0 0 0
4.897969e-05 0.002721434 0.006251033 3.061231e-06 4.591846e-05 0.0001500003 0.0001102043 0.0001836738 0.02371842 1.530615e-05 0.0021398 1.530615e-05 0.01614493 0.0001897963 0.0003795926 0.001845922 0.003857151 1.836738e-05 0.002026535 0 0.0001255105 0.07486852 0.0005602052 0.02370311 0.03585007 0.0218878 0.1232023 0.0002816332 0.0001102043 5.816338e-05 0.0007193892 3.061231e-06 0 0.0001622452 0 0.0005112255 0.0006857157 0.001784698 3.9796e-05 0.0009795938 6.122461e-06 0.001827555 6.122461e-06 3.061231e-06 0.0001285717 0.001294901 0 0 0 0.0001071431 1.836738e-05 3.367354e-05 1.224492e-05 3.9796e-05 0 0.0003673477 6.122461e-06 0 6.734708e-05 4.285723e-05 1.530615e-05 2.448985e-05 3.061231e-06 3.9796e-05 0 0.0006948994 3.061231e-05 9.183692e-05 0.0004928581 0.01019696 5.510215e-05 3.061231e-06 1.530615e-05 0.0001714289 0 0 2.448985e-05 0 5.204092e-05 0.0001683677 7.040831e-05 1.530615e-05 0 0 1.224492e-05 0
0.004616336 0.006251033 0.03323272 5.816338e-05 6.122461e-06 0.03303986 0.03893579 0.06263278 0.0001928575 0.007683689 0.0004346948 0.0001622452 0.0002846945 0.04154702 5.204092e-05 0.0004897969 0.02317046 0.0001316329 0.002308168 1.224492e-05 0.01802147 0.000437756 0.1489411 0.002308168 0.0001438778 0.09074406 0.09136549 0.0172684 0.006459197 0.008951039 1.224492e-05 0.0005877563 0.0006459197 0.01141227 0.0001622452 0.03693375 0.05812665 0.04953377 0.004754091 0.001273472 6.734708e-05 4.285723e-05 0.0004224498 0 0.002825516 0.04240111 3.061231e-06 0 7.653077e-05 0.001650003 0.0002112249 2.142862e-05 0.0001224492 1.530615e-05 0 5.204092e-05 0.0001928575 0 0.0005632665 0.001203064 3.367354e-05 0.0002204086 3.061231e-06 0.0004928581 0.0003551028 0.01493881 0.0006489809 3.367354e-05 0.001953065 0.08111649 0.001346942 0.0001102043 0.0003826538 2.448985e-05 0 0 0.0003918375 0.0001836738 0.001028574 0.0005846951 0.001276533 0.0003030618 3.061231e-06 3.061231e-06 3.061231e-06 6.122461e-06
0.0006857157 3.061231e-06 5.816338e-05 0.02822149 0.0002969394 0.009492877 0.001882657 0.01230921 0.02905414 0.04072967 0.001613269 0.02886741 0.001821432 0.02166433 0.003774497 9.183692e-06 3.367354e-05 0.00059694 0.0005204092 0.05124194 2.142862e-05 3.061231e-06 4.591846e-05 0.02631434 3.061231e-06 0.0007867363 0.0001071431 0.07820832 0.02200107 6.428585e-05 1.530615e-05 0.001732657 0.0002602046 0.005488787 5.204092e-05 0.009961245 0.0003520415 0.01910514 0.003798987 0.007695934 0.001221431 6.428585e-05 0.0001622452 6.122461e-06 3.061231e-05 0 0.003786742 0 0.0002173474 0.01108166 0.0002142862 0.009609203 0.01258778 9.183692e-05 0.0005510215 0 0.0005540828 3.061231e-05 0 0 5.204092e-05 1.530615e-05 0.005002051 0 1.836738e-05 9.183692e-06 0.0228429 1.224492e-05 5.510215e-05 4.897969e-05 0.04195417 0.0004346948 4.285723e-05 0 2.448985e-05 3.061231e-06 0.0005785726 9.183692e-06 0.0002602046 1.836738e-05 0.001181635 5.510215e-05 0.0004714295 3.673477e-05 9.183692e-06 3.061231e-06
3.061231e-06 4.591846e-05 6.122461e-06 0.0002969394 0.0002295923 0.003514293 0.00019898 0.0002418372 0.004714295 0.0002234698 0.0003306129 0.002507148 0.0002969394 0.0001224492 0.009339815 3.061231e-06 9.183692e-06 7.9592e-05 5.510215e-05 0.0002938782 0 7.653077e-05 9.183692e-06 0.001861228 3.061231e-06 9.795938e-05 8.877569e-05 0.0004316335 0.0002632658 0 0 0.002259188 0 0.0008265323 0 0.0005785726 5.510215e-05 0.0007010218 6.122461e-05 0.008286752 0.0009734714 9.183692e-06 9.183692e-06 0 0 0 0 0 0 3.061231e-06 0 0 0 0 0 0 0 0 3.061231e-06 0 0 0 0 3.061231e-06 0 0 1.530615e-05 0 0 0 1.224492e-05 0 0 0 0 0 0 0 9.183692e-06 0 0 0 0 0 0 0
0.0004193886 0.0001500003 0.03303986 0.009492877 0.003514293 0.1467615 0.1075012 0.1949269 0.01113982 0.205479 0.002464291 0.1438197 0.006428585 0.01573779 0.03367048 3.061231e-05 0.00271225 0.0005663277 0.001233676 0.0201582 0.01268268 0.0001714289 0.02939394 0.007108178 9.183692e-06 0.01185615 0.0009459203 0.03040108 0.007233688 0.001928575 4.285723e-05 0.008785732 0.0001714289 0.01290921 2.142862e-05 0.02189698 0.001454085 0.01468472 0.002295923 0.06724606 0.01758065 0.0001867351 0.000238776 3.061231e-06 3.367354e-05 8.571446e-05 9.183692e-05 0 6.122461e-06 0.000756124 2.755108e-05 0.0001806126 0.0002663271 2.142862e-05 2.142862e-05 0 3.9796e-05 0 2.755108e-05 1.224492e-05 3.061231e-06 9.183692e-06 7.653077e-05 9.183692e-06 6.122461e-06 8.571446e-05 0.00191633 6.122461e-06 6.122461e-05 0.0004285723 0.002880618 4.897969e-05 0.0001408166 0 0 3.061231e-06 7.040831e-05 3.061231e-06 0.00019898 2.142862e-05 0.0001836738 5.204092e-05 3.673477e-05 6.122461e-06 9.183692e-06 9.183692e-06
0.1014829 0.0001102043 0.03893579 0.001882657 0.00019898 0.1075012 0.1827647 0.1630289 0.01886943 0.1951565 0.003844906 0.002966333 0.006587769 0.280672 0.001310207 0.00121837 0.003278578 0.001310207 0.001659187 0.0005846951 0.0319317 0.002142862 0.02760618 0.05909094 2.142862e-05 0.01044186 0.005647971 0.359664 0.1226176 0.05448685 4.285723e-05 0.004423478 0.004539805 0.02592862 0.0002081637 0.05812053 0.003244905 0.0744124 0.01590615 0.007169402 0.003535722 0.000159184 0.0007346954 0.0001224492 3.9796e-05 0.0001071431 0.0004438785 3.061231e-06 0.0003612252 0.02089596 0.000636736 0.004790826 0.00273674 0.0003642865 0.000159184 3.061231e-06 0.001919392 2.142862e-05 0.0001959188 1.836738e-05 9.489815e-05 5.510215e-05 0.0007316341 0.0002479597 0.0002571434 0.0003673477 0.05114398 1.224492e-05 0.0002295923 0.0007071443 0.08146547 0.001732657 0.004662254 6.122461e-06 0.0001163268 0.0001132655 0.00171735 6.734708e-05 0.005234705 0.0002877557 0.005488787 0.0006000012 0.001053063 0.000318368 1.836738e-05 5.816338e-05
0.002641842 0.0001836738 0.06263278 0.01230921 0.0002418372 0.1949269 0.1630289 0.2157004 0.001435717 0.1428187 0.006737769 0.04761438 0.009737775 0.07938077 0.002470413 9.795938e-05 0.01767249 0.001634697 0.005690828 0.01642963 0.02215413 0.0001408166 0.06308278 0.007953077 1.530615e-05 0.03870008 0.002130617 0.03708987 0.01421942 0.01897963 0.0001040818 0.02429699 0.0002142862 0.01149186 6.122461e-06 0.02456638 0.004077559 0.01921228 0.003012251 0.03912253 0.005424501 0.0003673477 0.0002448985 0 6.122461e-05 0.0001714289 7.040831e-05 0 1.836738e-05 0.001141839 3.061231e-05 0.0002326535 0.0002846945 3.9796e-05 9.183692e-06 9.183692e-06 5.816338e-05 0 2.142862e-05 0 0 3.061231e-05 8.265323e-05 2.142862e-05 3.061231e-05 0.000318368 0.002540822 1.224492e-05 0.0001959188 0.001046941 0.003670416 6.734708e-05 0.0002051025 0 0 9.183692e-06 5.510215e-05 3.061231e-06 0.0002204086 2.142862e-05 0.0002540822 7.040831e-05 3.9796e-05 6.122461e-06 3.367354e-05 3.061231e-06
9.183692e-05 0.02371842 0.0001928575 0.02905414 0.004714295 0.01113982 0.01886943 0.001435717 0.001894902 0.004882663 0.000318368 0.02490005 0.001264288 0.001224492 0.03052047 0.002210209 0.0002755108 8.571446e-05 9.489815e-05 0.01324901 0.0002908169 0.03227149 9.795938e-05 0.1562054 0.002118372 0.001469391 0.02823679 0.0605787 0.00141735 0.00203878 5.816338e-05 0.0006489809 8.265323e-05 0.000437756 6.122461e-06 0.001209186 0.0001500003 0.001809187 0.0002938782 0.0174582 0.0005448991 5.510215e-05 9.183692e-06 1.836738e-05 6.734708e-05 6.122461e-05 0.001594901 3.061231e-06 4.285723e-05 0.002161229 4.591846e-05 0.0004255111 0.003593885 3.9796e-05 0.0002081637 3.367354e-05 0.0002081637 1.530615e-05 0.0001683677 6.122461e-06 6.122461e-06 9.183692e-06 0.001561228 5.204092e-05 0.0001561228 8.877569e-05 0.02603271 9.183692e-06 0.0001377554 0.0003336742 0.0196531 0.0002632658 0.0007346954 1.530615e-05 3.061231e-06 6.122461e-06 0.0001316329 6.122461e-06 0.001013267 0.000119388 0.0004928581 0.0001224492 0.0001163268 2.448985e-05 3.061231e-06 6.122461e-06
0.002041841 1.530615e-05 0.007683689 0.04072967 0.0002234698 0.205479 0.1951565 0.1428187 0.004882663 0.37981 0.008712263 0.05343684 0.009094917 0.1400819 0.002191841 3.673477e-05 0.0004316335 0.002908169 0.002574495 0.03559599 0.006961239 6.122461e-05 0.01001941 0.01233982 6.122461e-06 0.005292868 0.0008142874 0.1823391 0.1055053 0.0007897975 9.489815e-05 0.009195937 0.0003214292 0.02745006 0.0001377554 0.02827353 0.001787759 0.08782671 0.01132655 0.005311235 0.005158174 0.0002540822 0.0006795932 6.122461e-06 6.122461e-06 0 0.001882657 0 0.0002540822 0.01151023 0.0002173474 0.003924498 0.007907159 0.0001530615 0.0003642865 0 0.000557144 9.183692e-06 9.183692e-06 3.061231e-06 5.204092e-05 1.224492e-05 0.00291123 3.061231e-06 2.448985e-05 2.755108e-05 0.01695922 1.836738e-05 7.653077e-05 0.0001469391 0.03506334 0.0005479603 0.0001285717 3.061231e-06 1.224492e-05 6.122461e-06 0.0005632665 2.448985e-05 0.0002755108 4.897969e-05 0.001411227 0.0001010206 0.0004346948 4.285723e-05 2.142862e-05 9.183692e-06
0.0001285717 0.0021398 0.0004346948 0.001613269 0.0003306129 0.002464291 0.003844906 0.006737769 0.000318368 0.008712263 0.1329952 0.003600007 0.05347052 0.009407162 5.204092e-05 9.489815e-05 0.001962249 0.06292972 0.02936333 0.001653065 0.0004316335 0.0009061243 0.001962249 0.002458168 0.007864302 0.06722157 0.01961943 0.003502048 0.01350003 0.0004040825 0.009799 0.0110388 3.061231e-05 0.06845218 1.224492e-05 0.005905114 0.1576871 0.09806653 0.006110217 0.001426534 0.0003336742 0.03488579 3.673477e-05 0 0.0002693883 2.448985e-05 1.530615e-05 0 3.061231e-06 0.0003275517 3.061231e-06 6.734708e-05 7.346954e-05 0.005415317 0 0.02381025 2.448985e-05 0 9.183692e-06 6.122461e-06 0.0001040818 0.0001346942 1.224492e-05 0 3.673477e-05 1.836738e-05 0.000636736 0.001423472 0.002069392 0.005253072 0.0011449 6.122461e-06 4.591846e-05 0.00338266 0 0 4.285723e-05 0 0.0001928575 0.01537656 0.001757146 5.204092e-05 1.530615e-05 1.224492e-05 0.009290835 3.061231e-06
6.428585e-05 1.530615e-05 0.0001622452 0.02886741 0.002507148 0.1438197 0.002966333 0.04761438 0.02490005 0.05343684 0.003600007 0.07371444 0.004472458 0.03412048 0.03892049 6.122461e-06 4.897969e-05 0.0008877569 0.0009336754 0.04982765 7.040831e-05 6.122461e-06 0.0001622452 0.003339803 0 0.001331635 0.0001653065 0.04375111 0.01396533 6.428585e-05 5.816338e-05 0.009070427 9.183692e-06 0.005706134 9.183692e-06 0.002969394 0.0005234705 0.01104492 0.0007316341 0.04323988 0.001117349 8.265323e-05 2.755108e-05 3.061231e-06 6.122461e-06 0 0.003082659 0 0.0002142862 0.00186429 0.0002081637 0.001420411 0.008550017 5.510215e-05 0.001258166 3.061231e-06 0.0002265311 2.448985e-05 0 0 1.530615e-05 0 0.004689805 6.122461e-06 3.061231e-06 6.122461e-06 0.004885724 0 9.183692e-06 3.061231e-05 0.01146737 0.0001775514 6.122461e-06 0 2.448985e-05 0 0.000159184 0 0.0003428578 6.122461e-06 0.0003091843 1.836738e-05 0.001031635 1.224492e-05 0 0
5.510215e-05 0.01614493 0.0002846945 0.001821432 0.0002969394 0.006428585 0.006587769 0.009737775 0.001264288 0.009094917 0.05347052 0.004472458 0.07216851 0.01049084 7.9592e-05 0.0001346942 0.0001102043 0.001772453 0.0004285723 0.002008167 0.0001255105 0.004190825 0.0004132661 0.005017357 0.07570117 0.00977451 0.06002767 0.005519399 0.01100206 0.0007193892 0.02188168 0.01239798 0 0.005155113 0.0003397966 0.01535819 0.09732265 0.02731536 0.001631636 0.003131639 0.0003061231 0.01294288 0.0001071431 0 0.001196941 6.734708e-05 3.367354e-05 0 1.224492e-05 0.0006979606 1.530615e-05 0.0001622452 0.0001255105 0.01384901 3.061231e-06 0.07673281 4.591846e-05 3.061231e-06 6.122461e-06 1.530615e-05 0.0004255111 0.0001224492 5.204092e-05 0 0.0001040818 1.224492e-05 0.001457146 0.008987773 0.01324901 0.0223378 0.001998984 4.285723e-05 0.0001163268 0.01515003 9.183692e-06 0 0.0001683677 9.183692e-06 0.000875512 0.03042863 0.002047963 0.0001377554 4.897969e-05 9.183692e-06 0.0100592 0
0.1025696 0.0001897963 0.04154702 0.02166433 0.0001224492 0.01573779 0.280672 0.07938077 0.001224492 0.1400819 0.009407162 0.03412048 0.01049084 0.1292023 0.000676532 0.0003887763 0.05591032 0.002614291 0.01717657 0.0173235 0.01242554 0.0001071431 0.0375613 0.02936945 6.428585e-05 0.0660032 0.003404089 0.1285686 0.06709299 0.08760018 9.489815e-05 0.004815316 0.000676532 0.02492454 2.142862e-05 0.01837963 0.004922459 0.02703679 0.003162251 0.01335309 0.004111233 0.0003061231 0.0001653065 0 3.673477e-05 0.0001561228 8.877569e-05 0 2.142862e-05 0.001558166 3.9796e-05 0.0003061231 0.000477552 5.510215e-05 3.367354e-05 3.061231e-06 0.0001071431 0 4.285723e-05 3.061231e-06 3.061231e-06 5.510215e-05 0.0001377554 1.836738e-05 2.448985e-05 0.0004653071 0.002669393 3.061231e-06 0.0003489803 0.00134388 0.004815316 9.183692e-05 9.795938e-05 3.061231e-06 3.061231e-06 3.061231e-06 9.489815e-05 9.183692e-06 0.0002540822 4.285723e-05 0.0003214292 8.265323e-05 6.734708e-05 1.224492e-05 1.224492e-05 6.122461e-06
3.061231e-06 0.0003795926 5.204092e-05 0.003774497 0.009339815 0.03367048 0.001310207 0.002470413 0.03052047 0.002191841 5.204092e-05 0.03892049 7.9592e-05 0.000676532 0.01091329 3.061231e-06 6.122461e-06 2.448985e-05 3.061231e-05 0.005109194 9.183692e-06 0.0006979606 3.367354e-05 0.02212045 3.061231e-05 4.285723e-05 0.0006734708 0.004365315 0.000238776 0 6.122461e-06 0.003658171 0 0.0001102043 0 9.183692e-05 2.448985e-05 0.0001653065 6.122461e-06 0.01252656 0.001248982 0 0 0 0 0 3.061231e-05 0 0 2.448985e-05 3.061231e-06 1.530615e-05 4.897969e-05 0 3.061231e-06 0 0 0 6.122461e-06 0 0 0 1.836738e-05 0 3.061231e-06 0 4.285723e-05 0 6.122461e-06 9.183692e-06 0.0001255105 0 0 0 0 0 3.061231e-06 0 9.183692e-06 0 0 0 3.061231e-06 0 0 0
0.0001163268 0.001845922 0.0004897969 9.183692e-06 3.061231e-06 3.061231e-05 0.00121837 9.795938e-05 0.002210209 3.673477e-05 9.489815e-05 6.122461e-06 0.0001346942 0.0003887763 3.061231e-06 0.01335921 0.0008602058 3.061231e-05 0.0001469391 6.122461e-06 0.005479603 0.1141686 0.01200309 0.01843779 4.285723e-05 0.002439801 0.0933308 0.009309203 0.005228582 0.00868165 3.061231e-06 3.673477e-05 0.001796942 0.008017363 0.0002663271 0.06324809 0.02039086 0.02137045 0.007010218 0.001680616 7.653077e-05 2.448985e-05 0.0002693883 0.0002234698 0.0001408166 0.002023474 9.183692e-06 0 9.183692e-06 0.001671432 0.000318368 0.00216429 1.836738e-05 7.040831e-05 6.122461e-06 6.122461e-06 0.0009857163 3.061231e-06 0.05806849 4.591846e-05 5.204092e-05 4.897969e-05 9.183692e-06 0.03969192 0.02518781 0.01995004 0.06739606 1.224492e-05 0.0003000006 0.005292868 0.07083076 0.001496942 0.01018165 3.061231e-06 6.122461e-06 7.9592e-05 0.0005602052 0.0001163268 0.005834706 0.001184696 0.001383676 0.0005418378 0.0002693883 6.122461e-05 3.061231e-06 3.9796e-05
0.01888167 0.003857151 0.02317046 3.367354e-05 9.183692e-06 0.00271225 0.003278578 0.01767249 0.0002755108 0.0004316335 0.001962249 4.897969e-05 0.0001102043 0.05591032 6.122461e-06 0.0008602058 0.002152045 0.0009061243 0.01721024 3.673477e-05 0.01260309 0.001264288 0.04034702 0.001239798 7.653077e-05 0.03836028 0.1834106 0.001588779 0.06909504 0.03544905 1.224492e-05 0.000358164 0.002531638 0.03603681 1.836738e-05 0.007444913 0.09564509 0.031047 0.001163268 0.0001959188 2.448985e-05 2.755108e-05 1.836738e-05 3.061231e-06 0.001454085 0.02198576 0 0 2.755108e-05 0.0002357148 0.0001102043 3.061231e-06 1.224492e-05 3.061231e-06 0 7.9592e-05 3.9796e-05 0 7.9592e-05 0.0005663277 4.285723e-05 0.0004897969 0 8.265323e-05 9.183692e-06 0.0007653077 9.183692e-05 6.734708e-05 0.01550207 0.04852969 0.0002479597 9.183692e-06 0.0001071431 4.897969e-05 0 0 0.0001469391 1.836738e-05 0.000477552 0.001105104 0.0004928581 0.000119388 0 3.061231e-06 6.122461e-06 0
0.0001744902 1.836738e-05 0.0001316329 0.00059694 7.9592e-05 0.0005663277 0.001310207 0.001634697 8.571446e-05 0.002908169 0.06292972 0.0008877569 0.001772453 0.002614291 2.448985e-05 3.061231e-05 0.0009061243 0.004310213 0.007371444 0.0004653071 0.000238776 3.061231e-06 0.001138778 0.0007010218 1.530615e-05 0.01101431 0.001117349 0.001102043 0.00402858 0.0002204086 1.224492e-05 0.00216429 4.591846e-05 0.02026229 2.448985e-05 0.01588779 0.09351448 0.0814471 0.005773481 0.0004010212 4.285723e-05 0.0005204092 5.204092e-05 0 2.755108e-05 1.224492e-05 9.183692e-06 0 3.061231e-06 6.122461e-05 3.061231e-06 1.224492e-05 9.183692e-06 4.591846e-05 3.061231e-06 0.0003367354 3.061231e-06 0 6.122461e-06 0 5.204092e-05 3.367354e-05 9.183692e-06 3.061231e-06 0 6.122461e-06 0.0001714289 2.448985e-05 0.001175513 0.001579595 0.0003275517 3.061231e-06 1.224492e-05 0.0003734701 0 0 6.122461e-06 0 0.0002265311 0.0007377566 1.836738e-05 1.224492e-05 0 0 6.122461e-06 0
0.005234705 0.002026535 0.002308168 0.0005204092 5.510215e-05 0.001233676 0.001659187 0.005690828 9.489815e-05 0.002574495 0.02936333 0.0009336754 0.0004285723 0.01717657 3.061231e-05 0.0001469391 0.01721024 0.007371444 0.04541948 0.000477552 0.003768375 0.0001744902 0.01816228 0.0006948994 0.001172451 0.05470113 0.01387656 0.001432656 0.02963271 0.005761236 9.183692e-05 0.002277556 0.001316329 0.07049402 3.9796e-05 0.03180313 0.05425725 0.1241115 0.006235727 0.0005479603 5.816338e-05 4.591846e-05 7.653077e-05 0 0.0004010212 0.000716328 0 0 0 0.0001163268 1.224492e-05 1.224492e-05 1.836738e-05 2.448985e-05 0 0.0001500003 3.061231e-06 0 1.836738e-05 7.346954e-05 5.510215e-05 0.001062247 9.183692e-06 6.122461e-06 1.836738e-05 4.897969e-05 0.0001744902 0.0001653065 0.004662254 0.009799 0.000238776 3.061231e-06 3.061231e-05 0.0001224492 0 0 3.061231e-05 0 0.0003214292 0.0002418372 6.122461e-05 4.285723e-05 0 0 6.122461e-06 0
0.0001010206 0 1.224492e-05 0.05124194 0.0002938782 0.0201582 0.0005846951 0.01642963 0.01324901 0.03559599 0.001653065 0.04982765 0.002008167 0.0173235 0.005109194 6.122461e-06 3.673477e-05 0.0004653071 0.000477552 0.01438472 1.836738e-05 0 3.673477e-05 0.006177564 0 0.0007653077 8.877569e-05 0.06351135 0.01053063 3.061231e-05 2.142862e-05 0.002455107 3.673477e-05 0.003428578 6.122461e-06 0.002908169 0.0003428578 0.009456142 0.001071431 0.009064304 0.0006887769 4.591846e-05 5.204092e-05 6.122461e-06 1.530615e-05 9.183692e-06 0.002216331 0 0.0001132655 0.004894908 0.0001071431 0.00263572 0.007417362 4.285723e-05 0.0003642865 3.061231e-06 0.0002448985 1.224492e-05 0 0 1.530615e-05 6.122461e-06 0.002902047 0 9.183692e-06 6.122461e-06 0.008895937 3.061231e-06 3.061231e-05 3.367354e-05 0.01825106 0.00019898 3.061231e-06 0 1.530615e-05 0 0.0002479597 6.122461e-06 0.0001653065 3.061231e-06 0.0006091849 2.448985e-05 0.0004591846 2.448985e-05 1.224492e-05 0
0.002843883 0.0001255105 0.01802147 2.142862e-05 0 0.01268268 0.0319317 0.02215413 0.0002908169 0.006961239 0.0004316335 7.040831e-05 0.0001255105 0.01242554 9.183692e-06 0.005479603 0.01260309 0.000238776 0.003768375 1.836738e-05 0.09955122 0.0216276 0.1553758 0.0008877569 9.183692e-06 0.003694905 0.05230419 0.01199084 0.01358574 0.2457862 0 0.0001408166 0.005320419 0.1282105 0.0004561234 0.2112096 0.05703685 0.2213423 0.02609699 0.005455113 0.0001530615 5.816338e-05 0.0009887775 0.000278572 3.061231e-05 0.0001316329 2.142862e-05 0 1.224492e-05 0.001371431 0.0003489803 0.001405105 2.755108e-05 3.673477e-05 0 3.061231e-06 0.001083676 3.061231e-06 0.01072961 2.142862e-05 2.755108e-05 3.061231e-05 9.183692e-06 0.01321533 0.004438785 0.003116333 0.05005725 0 7.653077e-05 0.0007132668 0.06173278 0.002124494 0.009238794 0 9.183692e-06 0.0001071431 0.0004132661 0.0007071443 0.006055114 0.001098982 0.001105104 0.0004102049 0.0003091843 4.285723e-05 6.122461e-06 3.673477e-05
2.448985e-05 0.07486852 0.000437756 3.061231e-06 7.653077e-05 0.0001714289 0.002142862 0.0001408166 0.03227149 6.122461e-05 0.0009061243 6.122461e-06 0.004190825 0.0001071431 0.0006979606 0.1141686 0.001264288 3.061231e-06 0.0001744902 0 0.0216276 0.01464493 0.01011125 0.09560224 0.009648999 0.007545934 0.1202819 0.01866432 0.0003275517 0.003535722 0.0003306129 1.836738e-05 6.122461e-05 0.0001530615 0 0.001108166 0.001754085 0.001111227 0.000119388 0.002286739 2.448985e-05 0.0003551028 0 2.142862e-05 0.0002173474 0.002047963 9.183692e-06 3.061231e-06 0 0.0003459191 4.591846e-05 0.0003551028 2.142862e-05 2.448985e-05 0 9.183692e-05 0.0001040818 0 0.02246025 5.204092e-05 2.142862e-05 2.755108e-05 3.061231e-06 0.01573779 0.008396956 0.006952055 0.02697557 3.9796e-05 0.0005632665 0.008537773 0.02241127 0.0001959188 0.002100004 6.122461e-05 0 6.122461e-06 0.0001530615 3.061231e-06 0.001579595 0.000477552 0.0003428578 0.0001500003 5.816338e-05 3.061231e-06 1.224492e-05 3.061231e-06
0.006226543 0.0005602052 0.1489411 4.591846e-05 9.183692e-06 0.02939394 0.02760618 0.06308278 9.795938e-05 0.01001941 0.001962249 0.0001622452 0.0004132661 0.0375613 3.367354e-05 0.01200309 0.04034702 0.001138778 0.01816228 3.673477e-05 0.1553758 0.01011125 0.1860983 0.001536738 4.285723e-05 0.06002461 0.2804302 0.0139837 0.01190207 0.1183043 9.183692e-06 0.0005846951 0.0005632665 0.1684228 0.002647965 0.5641052 0.2189698 0.560796 0.06568177 0.01699595 0.0001346942 0.0001255105 0.00325715 8.877569e-05 0.0001285717 0.002574495 9.183692e-06 0 0.0001040818 0.002788781 0.0003244905 0.0001469391 0.0001285717 4.897969e-05 3.061231e-06 3.061231e-06 0.0004163274 0 0.06465013 4.897969e-05 5.816338e-05 0.0001163268 3.061231e-06 0.04691336 0.01606534 0.06127666 0.03187353 1.224492e-05 0.0004989806 0.04689193 0.03904906 0.0009000018 0.008736753 6.122461e-06 9.183692e-06 6.428585e-05 0.0005693889 0.002843883 0.003376538 0.00079592 0.001200002 0.0004163274 0.0001346942 3.061231e-06 1.224492e-05 1.530615e-05
0.007175525 0.02370311 0.002308168 0.02631434 0.001861228 0.007108178 0.05909094 0.007953077 0.1562054 0.01233982 0.002458168 0.003339803 0.005017357 0.02936945 0.02212045 0.01843779 0.001239798 0.0007010218 0.0006948994 0.006177564 0.0008877569 0.09560224 0.001536738 0.100491 0.001597962 0.005381644 0.04049702 0.07707873 0.06267564 0.006505115 0.0001224492 0.002176535 0.006817361 0.01906228 0.0002877557 0.06197768 0.004711234 0.05464909 0.01617554 0.03961233 0.002883679 0.0001316329 0.0007102055 0.0001714289 0.0001836738 0.0007469403 0.002755108 0 0.0004193886 0.02604801 0.0007438791 0.0208531 0.009009202 0.0004867357 0.0004346948 4.285723e-05 0.002145923 3.061231e-05 0.00238776 4.285723e-05 0.0001346942 2.755108e-05 0.003300007 0.00296021 0.002207147 0.0006214298 0.09801449 3.061231e-05 0.0003765314 0.001986739 0.125535 0.002231637 0.006171441 1.836738e-05 5.816338e-05 0.0001132655 0.00171735 8.265323e-05 0.007157157 0.0005755114 0.005853073 0.0007255117 0.00131939 0.0003489803 3.061231e-05 5.816338e-05
6.122461e-06 0.03585007 0.0001438778 3.061231e-06 3.061231e-06 9.183692e-06 2.142862e-05 1.530615e-05 0.002118372 6.122461e-06 0.007864302 0 0.07570117 6.428585e-05 3.061231e-05 4.285723e-05 7.653077e-05 1.530615e-05 0.001172451 0 9.183692e-06 0.009648999 4.285723e-05 0.001597962 0.006973484 0.009532673 0.09596652 1.836738e-05 3.367354e-05 3.061231e-06 0.006361237 3.061231e-06 0 0.0001438778 0 0.0007346954 0.001163268 0.002663271 5.204092e-05 8.265323e-05 6.122461e-06 0.008210221 0 0 0.0004744908 7.9592e-05 0 0 0 0 0 1.836738e-05 0 0.0008265323 0 0.007353076 0 0 0 0 7.346954e-05 5.510215e-05 0 0 3.367354e-05 6.122461e-06 2.142862e-05 0.00104388 0.002724495 0.005442868 6.122461e-06 0 3.061231e-06 0.001818371 0 0 9.183692e-06 0 6.734708e-05 0.0005816338 5.204092e-05 1.224492e-05 0 0 0.0001040818 0
0.0159735 0.0218878 0.09074406 0.0007867363 9.795938e-05 0.01185615 0.01044186 0.03870008 0.001469391 0.005292868 0.06722157 0.001331635 0.00977451 0.0660032 4.285723e-05 0.002439801 0.03836028 0.01101431 0.05470113 0.0007653077 0.003694905 0.007545934 0.06002461 0.005381644 0.009532673 0.2696454 0.4007518 0.004451029 0.04427152 0.01248064 0.003860212 0.003410211 0.001132655 0.04291233 0.0002755108 0.1616697 0.5310133 0.2498393 0.01911126 0.003303068 0.0001285717 0.002032657 0.0007071443 3.061231e-06 0.0130286 0.05621032 9.183692e-06 0 2.448985e-05 0.0006704095 0.0002204086 0.0001408166 5.510215e-05 0.004184702 6.122461e-06 0.03573681 0.0002326535 0 0.0003122455 0.002090821 0.003140823 0.01221737 9.183692e-06 0.0002632658 0.0003459191 0.001481636 0.001337758 0.006737769 0.1090502 0.3039557 0.0008693895 9.489815e-05 0.0002938782 0.01713677 3.061231e-06 6.122461e-06 0.0007500015 7.040831e-05 0.00323266 0.02212964 0.002277556 0.00101939 1.530615e-05 6.122461e-06 0.0007316341 9.183692e-06
0.0007683689 0.1232023 0.09136549 0.0001071431 8.877569e-05 0.0009459203 0.005647971 0.002130617 0.02823679 0.0008142874 0.01961943 0.0001653065 0.06002767 0.003404089 0.0006734708 0.0933308 0.1834106 0.001117349 0.01387656 8.877569e-05 0.05230419 0.1202819 0.2804302 0.04049702 0.09596652 0.4007518 0.450307 0.01225411 0.002528577 0.004481642 0.01058267 0.0004408172 0.0001316329 0.05294705 0.001695922 0.3592875 0.2095504 0.3190445 0.02872659 0.01058574 5.816338e-05 0.001702044 0.002929598 3.673477e-05 0.03951437 0.1291503 3.061231e-06 0 0.000477552 0.01021227 0.00124286 0.000238776 0.000517348 0.004864296 9.183692e-06 0.03566334 0.0009183692 0 0.1233064 0.004242866 0.003716334 0.01297656 6.122461e-06 0.01304697 0.0666583 0.2316311 0.004239805 0.01531228 0.1325023 0.7859098 0.007319403 0.0007897975 0.002271433 0.01957657 0 9.183692e-06 0.001714289 0.001374493 0.006355115 0.01871943 0.005586746 0.001928575 2.755108e-05 1.836738e-05 0.001490819 2.448985e-05
0.02873577 0.0002816332 0.0172684 0.07820832 0.0004316335 0.03040108 0.359664 0.03708987 0.0605787 0.1823391 0.003502048 0.04375111 0.005519399 0.1285686 0.004365315 0.009309203 0.001588779 0.001102043 0.001432656 0.06351135 0.01199084 0.01866432 0.0139837 0.07707873 1.836738e-05 0.004451029 0.01225411 0.237074 0.2481985 0.02704597 5.204092e-05 0.003529599 0.03093068 0.07530934 0.0006520421 0.1612197 0.01076941 0.1745085 0.05012765 0.0159184 0.005898992 0.0002112249 0.002084698 0.0001806126 5.510215e-05 0.0001071431 0.00350817 0 0.0004744908 0.02860414 0.0007530628 0.01830922 0.01252349 0.0004928581 0.0005724501 6.122461e-06 0.002522454 5.816338e-05 0.0009367366 1.530615e-05 0.0001102043 5.204092e-05 0.004496948 0.001126533 0.001083676 0.0003857151 0.09321754 3.367354e-05 0.0002020412 0.0007285729 0.1249105 0.002326535 0.006085727 0 9.183692e-05 0.0001102043 0.001763269 0.0003091843 0.006652054 0.0005602052 0.005412256 0.0006673483 0.001200002 0.0002571434 1.224492e-05 5.816338e-05
0.06028788 0.0001102043 0.006459197 0.02200107 0.0002632658 0.007233688 0.1226176 0.01421942 0.00141735 0.1055053 0.01350003 0.01396533 0.01100206 0.06709299 0.000238776 0.005228582 0.06909504 0.00402858 0.02963271 0.01053063 0.01358574 0.0003275517 0.01190207 0.06267564 3.367354e-05 0.04427152 0.002528577 0.2481985 0.3104149 0.1321074 0.0001530615 0.008433691 0.03098884 0.08890732 3.367354e-05 0.02006943 0.005256133 0.04656438 0.005109194 0.004845928 0.003238782 0.0002326535 0.0001500003 1.836738e-05 3.367354e-05 0.0001010206 0.0001224492 0 2.448985e-05 0.001760208 5.204092e-05 0.0003765314 0.0004102049 3.367354e-05 1.224492e-05 3.061231e-06 0.0001530615 3.061231e-06 1.530615e-05 9.183692e-06 3.061231e-06 5.510215e-05 0.0001010206 3.9796e-05 2.448985e-05 0.0001163268 0.004068376 3.061231e-06 0.0002632658 0.0006612258 0.007181647 0.0001408166 0.0005632665 9.183692e-06 1.224492e-05 3.061231e-06 0.0001040818 2.142862e-05 0.0006183686 3.9796e-05 0.0003826538 7.346954e-05 7.9592e-05 2.755108e-05 1.224492e-05 3.061231e-06
0.03709599 5.816338e-05 0.008951039 6.428585e-05 0 0.001928575 0.05448685 0.01897963 0.00203878 0.0007897975 0.0004040825 6.428585e-05 0.0007193892 0.08760018 0 0.00868165 0.03544905 0.0002204086 0.005761236 3.061231e-05 0.2457862 0.003535722 0.1183043 0.006505115 3.061231e-06 0.01248064 0.004481642 0.02704597 0.1321074 0.1195594 3.061231e-06 0.0003887763 0.02750516 0.1379911 0.0003153068 0.1814024 0.04196641 0.1693657 0.03278272 0.005274501 0.0005663277 6.734708e-05 0.0009459203 0.0003489803 3.061231e-05 0.0001102043 1.224492e-05 0 8.265323e-05 0.003783681 0.0007469403 0.001855106 3.673477e-05 9.489815e-05 1.530615e-05 0 0.001962249 0 0.001089798 2.142862e-05 3.061231e-05 1.836738e-05 6.122461e-06 0.001732657 0.0008816345 0.0002724495 0.05036949 0 0.0001040818 0.0004163274 0.08026547 0.002464291 0.012349 6.122461e-06 6.122461e-06 9.489815e-05 0.0007071443 0.000238776 0.01071125 0.0009795938 0.002574495 0.0005602052 0.0006826545 0.0002020412 1.224492e-05 6.734708e-05
0 0.0007193892 1.224492e-05 1.530615e-05 0 4.285723e-05 4.285723e-05 0.0001040818 5.816338e-05 9.489815e-05 0.009799 5.816338e-05 0.02188168 9.489815e-05 6.122461e-06 3.061231e-06 1.224492e-05 1.224492e-05 9.183692e-05 2.142862e-05 0 0.0003306129 9.183692e-06 0.0001224492 0.006361237 0.003860212 0.01058267 5.204092e-05 0.0001530615 3.061231e-06 0.002400005 0.0001285717 0 0.001154084 0 0.0002938782 0.0236327 0.005690828 0.0003459191 3.673477e-05 3.061231e-06 0.001203064 0 0 0.0004653071 3.061231e-06 0 0 0 3.061231e-06 0 5.204092e-05 0 0.002605107 0 0.02047045 0 0 9.183692e-06 3.061231e-06 0.0002938782 9.183692e-05 0 0 7.040831e-05 3.061231e-06 6.734708e-05 0.002194902 0.008387772 0.01420411 3.061231e-05 0 3.061231e-06 0.007031647 0 0 3.673477e-05 3.061231e-06 0.000119388 0.007940833 0.0002081637 3.673477e-05 0 0 0.0006183686 0
0.0004561234 3.061231e-06 0.0005877563 0.001732657 0.002259188 0.008785732 0.004423478 0.02429699 0.0006489809 0.009195937 0.0110388 0.009070427 0.01239798 0.004815316 0.003658171 3.673477e-05 0.000358164 0.00216429 0.002277556 0.002455107 0.0001408166 1.836738e-05 0.0005846951 0.002176535 3.061231e-06 0.003410211 0.0004408172 0.003529599 0.008433691 0.0003887763 0.0001285717 0.002127555 0 0.05471032 1.224492e-05 0.01519289 0.001668371 0.02044596 0.002550005 0.02055923 0.02521842 0.0003551028 0.0002602046 0 0 3.061231e-06 2.755108e-05 0 3.061231e-06 0.0002816332 9.183692e-06 4.591846e-05 7.040831e-05 2.755108e-05 9.183692e-06 6.122461e-06 1.224492e-05 0 0 0 0 0 2.142862e-05 0 0 1.224492e-05 0.000557144 3.061231e-06 6.122461e-06 6.122461e-05 0.0009673489 1.530615e-05 3.673477e-05 3.061231e-06 0 0 9.183692e-06 0 3.367354e-05 6.122461e-06 9.183692e-05 3.673477e-05 3.061231e-05 3.061231e-06 6.122461e-06 3.061231e-06
0.0007040831 0 0.0006459197 0.0002602046 0 0.0001714289 0.004539805 0.0002142862 8.265323e-05 0.0003214292 3.061231e-05 9.183692e-06 0 0.000676532 0 0.001796942 0.002531638 4.591846e-05 0.001316329 3.673477e-05 0.005320419 6.122461e-05 0.0005632665 0.006817361 0 0.001132655 0.0001316329 0.03093068 0.03098884 0.02750516 0 0 0.001524493 0.008292874 0 0.0003918375 0.0003612252 0.001998984 0.0001040818 1.836738e-05 9.183692e-06 0 0 6.122461e-06 0 6.122461e-06 0 0 0 4.591846e-05 6.122461e-06 1.836738e-05 3.061231e-06 0 0 0 1.836738e-05 0 3.061231e-06 0 0 0 0 3.061231e-06 6.122461e-06 3.061231e-06 0.0003948988 0 6.122461e-06 1.530615e-05 0.0006153074 9.183692e-06 7.9592e-05 0 0 0 9.183692e-06 3.061231e-06 6.122461e-05 3.061231e-06 3.061231e-05 9.183692e-06 6.122461e-06 0 0 3.061231e-06
0.005764297 0.0001622452 0.01141227 0.005488787 0.0008265323 0.01290921 0.02592862 0.01149186 0.000437756 0.02745006 0.06845218 0.005706134 0.005155113 0.02492454 0.0001102043 0.008017363 0.03603681 0.02026229 0.07049402 0.003428578 0.1282105 0.0001530615 0.1684228 0.01906228 0.0001438778 0.04291233 0.05294705 0.07530934 0.08890732 0.1379911 0.001154084 0.05471032 0.008292874 0.03594803 2.142862e-05 0.004221437 0.0128786 0.05326848 0.002816332 0.001570411 0.00019898 0.000756124 8.877569e-05 3.061231e-06 7.346954e-05 0.0005602052 3.061231e-05 0 9.183692e-06 0.0009091855 3.367354e-05 0.0001010206 0.00019898 8.877569e-05 1.530615e-05 4.285723e-05 7.653077e-05 0 6.122461e-05 1.224492e-05 6.122461e-06 3.9796e-05 6.122461e-05 5.816338e-05 5.204092e-05 0.0005051031 0.001937759 3.367354e-05 0.0002816332 0.002210209 0.002969394 5.204092e-05 0.0001806126 3.367354e-05 0 0 5.204092e-05 2.142862e-05 0.0001622452 4.591846e-05 0.0002142862 0.000159184 1.530615e-05 9.183692e-06 1.224492e-05 3.061231e-06
1.530615e-05 0 0.0001622452 5.204092e-05 0 2.142862e-05 0.0002081637 6.122461e-06 6.122461e-06 0.0001377554 1.224492e-05 9.183692e-06 0.0003397966 2.142862e-05 0 0.0002663271 1.836738e-05 2.448985e-05 3.9796e-05 6.122461e-06 0.0004561234 0 0.002647965 0.0002877557 0 0.0002755108 0.001695922 0.0006520421 3.367354e-05 0.0003153068 0 1.224492e-05 0 2.142862e-05 0.7650046 0.1562636 0.004279601 0.006247972 0.007888792 0.000159184 0.0001561228 0.0003918375 0.00281021 0 3.061231e-06 1.530615e-05 0 0 0 5.204092e-05 0 0 6.122461e-06 7.346954e-05 0 9.183692e-06 6.122461e-06 0 9.183692e-06 3.061231e-06 6.122461e-06 0 0 4.897969e-05 0 7.346954e-05 1.836738e-05 3.061231e-06 4.591846e-05 8.265323e-05 0.0001285717 0 3.9796e-05 3.061231e-06 0 0 3.061231e-06 0.397458 0.002393882 0.0003489803 0.000358164 0.00156735 1.224492e-05 3.367354e-05 0.0001255105 4.285723e-05
0.004034702 0.0005112255 0.03693375 0.009961245 0.0005785726 0.02189698 0.05812053 0.02456638 0.001209186 0.02827353 0.005905114 0.002969394 0.01535819 0.01837963 9.183692e-05 0.06324809 0.007444913 0.01588779 0.03180313 0.002908169 0.2112096 0.001108166 0.5641052 0.06197768 0.0007346954 0.1616697 0.3592875 0.1612197 0.02006943 0.1814024 0.0002938782 0.01519289 0.0003918375 0.004221437 0.1562636 0.07899506 0.3409446 0.2398076 0.03817661 0.05147459 0.03764702 0.01927657 0.004285723 1.836738e-05 0.0002448985 0.00241225 7.040831e-05 0 4.591846e-05 0.001423472 0.0001071431 0.0002265311 0.0002081637 0.0001163268 3.061231e-06 3.9796e-05 0.0001683677 0 0.0006918381 6.734708e-05 1.530615e-05 0.0001132655 6.428585e-05 0.0005326541 0.0003765314 0.002752046 0.004873479 5.510215e-05 0.000477552 0.008908181 0.006443891 0.0001928575 0.0007224505 4.591846e-05 3.061231e-06 0 0.0001040818 0.009033692 0.001689799 0.000517348 0.0004836745 0.0002142862 6.428585e-05 4.285723e-05 6.428585e-05 1.530615e-05
0.0006551034 0.0006857157 0.05812665 0.0003520415 5.510215e-05 0.001454085 0.003244905 0.004077559 0.0001500003 0.001787759 0.1576871 0.0005234705 0.09732265 0.004922459 2.448985e-05 0.02039086 0.09564509 0.09351448 0.05425725 0.0003428578 0.05703685 0.001754085 0.2189698 0.004711234 0.001163268 0.5310133 0.2095504 0.01076941 0.005256133 0.04196641 0.0236327 0.001668371 0.0003612252 0.0128786 0.004279601 0.3409446 0.06315625 0.143186 0.07308688 0.01075716 0.002871434 0.003985722 0.002246943 3.061231e-06 0.0003673477 0.001631636 6.122461e-06 0 1.224492e-05 0.0001469391 4.285723e-05 4.591846e-05 4.285723e-05 0.008898998 9.183692e-06 0.02596536 2.142862e-05 3.061231e-06 0.000238776 5.510215e-05 7.9592e-05 0.0001500003 3.061231e-06 0.0001714289 0.000119388 0.0008142874 0.0007132668 0.0004744908 0.002268372 0.008666344 0.0007989812 5.816338e-05 9.489815e-05 0.002696944 3.061231e-06 0 0.0001408166 0.000437756 0.003612252 0.01220513 0.005981645 0.0006948994 1.530615e-05 3.061231e-05 0.004818377 0
0.005112255 0.001784698 0.04953377 0.01910514 0.0007010218 0.01468472 0.0744124 0.01921228 0.001809187 0.08782671 0.09806653 0.01104492 0.02731536 0.02703679 0.0001653065 0.02137045 0.031047 0.0814471 0.1241115 0.009456142 0.2213423 0.001111227 0.560796 0.05464909 0.002663271 0.2498393 0.3190445 0.1745085 0.04656438 0.1693657 0.005690828 0.02044596 0.001998984 0.05326848 0.006247972 0.2398076 0.143186 0.1174441 0.01829085 0.00935206 0.001031635 0.009498999 0.005311235 9.183692e-06 0.0004438785 0.002497964 0.0001377554 0 0.0001224492 0.003015312 0.0002418372 0.0004500009 0.0007744914 0.003327558 7.346954e-05 0.0003367354 0.000318368 3.061231e-06 0.0004316335 3.673477e-05 4.591846e-05 0.000238776 0.0001897963 0.000238776 0.0002510209 0.003701028 0.005972461 0.0001500003 0.001141839 0.01252962 0.00957553 0.0003091843 0.0006520421 0.000159184 5.816338e-05 1.224492e-05 0.0002448985 0.00636736 0.003088782 0.0004193886 0.005739808 0.007050014 0.0001775514 0.0001867351 0.000716328 9.795938e-05
0.001095921 3.9796e-05 0.004754091 0.003798987 6.122461e-05 0.002295923 0.01590615 0.003012251 0.0002938782 0.01132655 0.006110217 0.0007316341 0.001631636 0.003162251 6.122461e-06 0.007010218 0.001163268 0.005773481 0.006235727 0.001071431 0.02609699 0.000119388 0.06568177 0.01617554 5.204092e-05 0.01911126 0.02872659 0.05012765 0.005109194 0.03278272 0.0003459191 0.002550005 0.0001040818 0.002816332 0.007888792 0.03817661 0.07308688 0.01829085 0.0009030631 0.0008816345 0.0001438778 0.001239798 0.0004989806 6.122461e-06 3.9796e-05 0.0001897963 1.530615e-05 3.061231e-06 0.0001285717 0.0004714295 0.0002418372 8.571446e-05 0.0003214292 0.003952049 8.877569e-05 2.448985e-05 0.0001132655 0 5.510215e-05 0 0 2.755108e-05 7.346954e-05 7.346954e-05 1.224492e-05 0.0001530615 0.0009336754 9.183692e-06 9.795938e-05 0.0008632671 0.001521432 0.000159184 0.0001102043 6.122461e-06 7.653077e-05 3.061231e-06 0.0001377554 0.006581646 0.00136837 0.0002632658 0.007570424 0.01012043 0.0001102043 0.0002510209 0.0004959194 3.367354e-05
0.0001346942 0.0009795938 0.001273472 0.007695934 0.008286752 0.06724606 0.007169402 0.03912253 0.0174582 0.005311235 0.001426534 0.04323988 0.003131639 0.01335309 0.01252656 0.001680616 0.0001959188 0.0004010212 0.0005479603 0.009064304 0.005455113 0.002286739 0.01699595 0.03961233 8.265323e-05 0.003303068 0.01058574 0.0159184 0.004845928 0.005274501 3.673477e-05 0.02055923 1.836738e-05 0.001570411 0.000159184 0.05147459 0.01075716 0.00935206 0.0008816345 0.007662261 0.004444907 0.0001714289 0.0003275517 0 9.183692e-06 4.897969e-05 0.001579595 0 2.142862e-05 0.001206125 4.591846e-05 0.0002051025 0.005277562 3.673477e-05 0.0004622458 6.122461e-06 0.0001163268 3.061231e-06 3.673477e-05 3.061231e-06 0 1.224492e-05 0.002445923 3.061231e-05 2.142862e-05 8.265323e-05 0.002357148 3.061231e-06 3.367354e-05 0.0002081637 0.00649287 0.0001010206 0.0001500003 3.061231e-06 3.061231e-06 6.122461e-06 4.591846e-05 0.001778575 0.0004438785 1.224492e-05 0.0002142862 3.367354e-05 0.0009795938 1.224492e-05 1.224492e-05 3.061231e-06
4.285723e-05 6.122461e-06 6.734708e-05 0.001221431 0.0009734714 0.01758065 0.003535722 0.005424501 0.0005448991 0.005158174 0.0003336742 0.001117349 0.0003061231 0.004111233 0.001248982 7.653077e-05 2.448985e-05 4.285723e-05 5.816338e-05 0.0006887769 0.0001530615 2.448985e-05 0.0001346942 0.002883679 6.122461e-06 0.0001285717 5.816338e-05 0.005898992 0.003238782 0.0005663277 3.061231e-06 0.02521842 9.183692e-06 0.00019898 0.0001561228 0.03764702 0.002871434 0.001031635 0.0001438778 0.004444907 1.224492e-05 0.0008418385 0.0003306129 0 0 0 2.142862e-05 0 1.530615e-05 0.0001836738 3.061231e-06 3.673477e-05 5.816338e-05 0.0001867351 6.122461e-06 0 2.142862e-05 0 0 0 0 0 1.836738e-05 0 0 3.061231e-06 0.0005265317 0 0 3.061231e-06 0.0007316341 1.530615e-05 7.040831e-05 0 3.061231e-06 3.061231e-06 9.183692e-06 6.122461e-06 0.0001285717 3.061231e-06 0.0001959188 0.0002663271 1.836738e-05 1.836738e-05 7.9592e-05 1.224492e-05
