0.02233739 2.246254e-05 0.01470013 8.664121e-05 0 0.0002984308 0.1184097 0.006758014 8.343228e-05 0.000388281 6.417867e-05 0.0001347752 9.626801e-06 0.07174855 0 3.85072e-05 0.01240574 5.776081e-05 0.002586401 0.0001604467 0.0046337 9.626801e-06 0.02794019 0.002268716 0 0.003892437 0.004133107 0.006421076 0.0426724 0.04047107 3.208934e-06 0.0001700735 0.001813048 0.002663415 0 0.0005904438 0.0004299971 0.0007861887 0.0001347752 1.283573e-05 3.208934e-06 0 0 3.208934e-06 6.417867e-06 3.85072e-05 0 0 0 0.0001026859 9.626801e-06 8.022334e-05 3.208934e-06 0 0 0 9.626801e-06 0 1.92536e-05 3.208934e-06 0 3.208934e-06 0 1.92536e-05 1.283573e-05 3.208934e-06 0.0005551455 0 1.283573e-05 8.664121e-05 0.0001476109 2.88804e-05 1.92536e-05 0 0 6.417867e-06 1.604467e-05 0 2.567147e-05 6.417867e-06 2.88804e-05 3.208934e-06 3.208934e-06 0 0 0
2.246254e-05 0.001148798 0.008837403 0 2.246254e-05 0 5.776081e-05 2.567147e-05 0.02368514 0 0.002441999 3.208934e-06 0.02358887 9.626801e-05 0.0001989539 0.0002021628 0.01228059 0.0007605173 0.001225813 3.208934e-06 3.208934e-05 0.06170138 0.000340147 0.008850239 0.02863332 0.02912107 0.06747104 0.0004075346 3.85072e-05 4.171614e-05 0.00180663 9.626801e-06 3.208934e-06 0.00577929 6.417867e-06 0.005313994 0.006847864 0.01257902 0.001482527 0.0003176844 0 0.003715945 9.626801e-06 6.417867e-06 0.0004909669 0.004283926 3.208934e-06 0 0 4.813401e-05 6.417867e-06 3.208934e-05 0 5.134294e-05 3.208934e-06 6.417867e-05 1.283573e-05 3.208934e-06 0.0001379841 0.0008985014 2.88804e-05 0.00102365 6.417867e-06 1.604467e-05 0.0001091037 0.0002952219 0.000192536 6.738761e-05 0.005182428 0.01780958 4.813401e-05 1.283573e-05 3.529827e-05 2.567147e-05 0 0 0.0002117896 0 0.0002823862 0.0001540288 0.0004652954 4.171614e-05 3.208934e-06 0 0 0
0.01470013 0.008837403 0.1023778 4.492507e-05 6.417867e-06 0.004380194 0.07218175 0.05389083 0.0001091037 0.0007444726 0.0008182781 0.0003690274 0.0001829092 0.0736354 0 0.0003594006 0.09354683 0.0003176844 0.0121779 0.0002342522 0.001659019 0.0004396239 0.2851876 0.005259442 3.85072e-05 0.0767609 0.1625646 0.02548535 0.01898405 0.016234 2.246254e-05 0.0009370086 0.0007220101 0.03545551 0.0001315663 0.03666207 0.05942624 0.07371242 0.01806309 0.0004556686 0.0001026859 0.0001347752 0.0001219395 1.604467e-05 0.008571062 0.03876713 3.208934e-06 0 0 0.0002310432 1.92536e-05 7.701441e-05 3.208934e-06 3.529827e-05 9.626801e-06 4.171614e-05 3.529827e-05 0 0.0008664121 0.003542663 5.455187e-05 0.0008086513 0 5.776081e-05 0.001248275 0.001915733 0.0009594712 2.567147e-05 0.009100536 0.05391971 0.0002310432 3.529827e-05 8.664121e-05 3.208934e-06 0 3.208934e-06 0.001636556 9.626801e-06 0.001867599 0.0008407406 0.003324455 0.000192536 9.626801e-06 0 1.283573e-05 3.208934e-06
8.664121e-05 0 4.492507e-05 0.01578474 8.343228e-05 0.01550557 0.002605654 0.001087829 0.02193627 0.06007124 4.492507e-05 0.009787248 8.022334e-05 0.003115875 0.001456856 0 0 0 3.208934e-06 0.02333857 3.208934e-06 3.208934e-06 1.604467e-05 0.02483073 0 3.529827e-05 1.604467e-05 0.03125501 0.005644514 2.567147e-05 0 0.0004299971 0.0002695504 0.002820653 1.283573e-05 0.003314828 8.343228e-05 0.006639284 0.002304014 0.004649745 0.0007188011 2.246254e-05 0.0001315663 2.567147e-05 0 0 0.003164009 0 0.0005455187 0.003452813 8.985014e-05 0.004524596 0.002291179 2.567147e-05 0.001646183 0 0.0001283573 9.626801e-06 0 0 0 6.417867e-06 0.003837885 3.208934e-06 0 3.208934e-06 0.009591503 0 9.626801e-06 3.208934e-06 0.0164875 0.0002021628 2.567147e-05 0 1.283573e-05 6.417867e-06 0.000336938 0 0.0001283573 3.208934e-06 0.0004781311 3.529827e-05 0.0004460418 3.208934e-05 0 1.283573e-05
0 2.246254e-05 6.417867e-06 8.343228e-05 0 0.003561916 0.0001026859 0.0001411931 0.002262298 0.0001893271 0 0.002063344 1.92536e-05 6.417867e-06 0.01129224 0 3.208934e-06 0 0 0.0001379841 0 4.171614e-05 0 0.0008632032 0 3.208934e-06 3.208934e-06 0.0001283573 1.283573e-05 0 0 0.0003176844 9.626801e-06 3.208934e-06 0 0.0001700735 0 0.0001026859 3.208934e-06 0.007958156 9.626801e-06 0 0 0 0 0 3.208934e-06 0 0 9.626801e-06 0 9.626801e-06 0 0 0 0 0 0 0 0 0 0 0 0 0 0 2.88804e-05 0 0 0 1.92536e-05 0 0 0 0 0 0 0 0 0 3.208934e-06 3.208934e-06 0 0 0 0
0.0002984308 0 0.004380194 0.01550557 0.003561916 0.1811315 0.07890768 0.1023489 0.003786542 0.162295 0.001014023 0.1003722 0.001248275 0.02833809 0.01320155 1.92536e-05 0.0004203703 6.738761e-05 0.0001411931 0.02840227 0.001350961 1.283573e-05 0.002185284 0.005307576 3.529827e-05 0.0005904438 0.0006321599 0.06256137 0.01469371 0.000385072 3.208934e-05 0.02987517 0.0005391009 0.01036486 2.246254e-05 0.007037192 0.0006096974 0.01261753 0.002541475 0.05502359 0.001736033 0.0001091037 0.0001700735 3.208934e-06 3.208934e-06 1.283573e-05 0.0007476815 3.208934e-06 0.000195745 0.001350961 3.85072e-05 0.0007059654 0.0006064885 6.417867e-06 0.0006385778 0 2.567147e-05 0 9.626801e-06 3.208934e-06 0 3.208934e-06 0.0009434265 0 0 9.626801e-06 0.003051696 0 6.417867e-06 3.208934e-05 0.004322434 0.0001123127 3.208934e-06 0 3.208934e-06 0 9.947694e-05 0 7.059654e-05 6.417867e-06 0.0002823862 2.88804e-05 0.0001893271 1.92536e-05 0 0
0.1184097 5.776081e-05 0.07218175 0.002605654 0.0001026859 0.07890768 0.1317331 0.1084074 0.006719507 0.06085101 0.0005968617 0.001347752 0.0007990245 0.301813 0.0001797003 0.000580817 0.003257068 5.776081e-05 0.0005358919 0.0009851426 0.05153227 9.947694e-05 0.06307801 0.03669095 2.567147e-05 0.00267946 0.02397073 0.3156981 0.2332702 0.05956102 2.567147e-05 0.005179219 0.02281873 0.06048519 0.0001764914 0.08838366 0.004636909 0.1028014 0.03514745 0.004855117 0.004585566 0.0001026859 0.0009562622 8.022334e-05 8.022334e-05 0.0004267882 0.0006546225 6.417867e-06 0.0001829092 0.0104868 0.0003497738 0.004826236 0.0004556686 0.0001091037 0.000288804 0 0.0004396239 3.208934e-06 0.0003016398 2.246254e-05 1.92536e-05 1.283573e-05 0.0006610403 8.664121e-05 0.0001283573 0.000192536 0.03407567 3.208934e-06 4.171614e-05 0.0007926066 0.01950711 0.001235439 0.0002727594 0 6.738761e-05 8.664121e-05 0.001055739 9.626801e-06 0.001206559 6.738761e-05 0.002278343 0.0003048487 0.000292013 0.0001219395 0 9.626801e-06
0.006758014 2.567147e-05 0.05389083 0.001087829 0.0001411931 0.1023489 0.1084074 0.1782274 0.0004043256 0.04052883 0.001729615 0.03576357 0.002554311 0.1509611 0.00201521 4.813401e-05 0.009851426 0.0001572377 0.002794981 0.01341976 0.01121522 1.283573e-05 0.03616789 0.004806983 5.134294e-05 0.007441517 0.008603151 0.0220903 0.01938517 0.01282611 4.171614e-05 0.0149408 0.001719988 0.01105478 3.208934e-06 0.006915252 0.00159484 0.01363476 0.002538267 0.00947919 0.00541668 0.0001989539 0.0002470879 6.417867e-06 6.417867e-06 0.0001411931 7.059654e-05 0 1.283573e-05 0.0006193242 1.604467e-05 0.0002278343 4.492507e-05 6.417867e-06 4.492507e-05 0 2.567147e-05 0 3.529827e-05 6.417867e-06 0 3.208934e-06 4.813401e-05 0 1.283573e-05 5.455187e-05 0.001825883 0 5.455187e-05 0.0002823862 0.001081411 4.813401e-05 0 0 6.417867e-06 3.208934e-06 3.208934e-05 0 5.455187e-05 1.283573e-05 0.0001091037 2.246254e-05 2.567147e-05 1.283573e-05 0 0
8.343228e-05 0.02368514 0.0001091037 0.02193627 0.002262298 0.003786542 0.006719507 0.0004043256 0.009090909 0.005220935 0.0006546225 0.01014986 0.006687418 0.0006161153 0.01435356 0.005512948 0.0002214164 0.0003337291 0.0001123127 0.0175657 0.002804608 0.03307127 0.001129545 0.100799 0.007958156 0.004614447 0.0170266 0.06301383 0.001283573 0.003292366 0.0006867118 0.0001604467 0.0002823862 0.001097455 6.417867e-06 0.002271925 0.0007348458 0.00189648 0.0004781311 0.01226454 7.701441e-05 0.0003754452 2.567147e-05 0.0001058948 8.022334e-05 6.417867e-05 0.003407888 6.417867e-06 0.0007123833 0.006687418 0.0002470879 0.008632032 0.002727594 3.529827e-05 0.001931778 1.92536e-05 0.0003497738 1.604467e-05 0.004367359 3.529827e-05 1.604467e-05 8.985014e-05 0.00466579 0.001049321 0.0002791772 0.0007926066 0.0531624 6.417867e-06 0.0002663415 0.0002663415 0.02640632 0.001158425 0.0005743991 3.208934e-06 5.776081e-05 0.0001187305 0.0007059654 1.283573e-05 0.001338125 0.0001476109 0.001880435 0.0002984308 0.0006899207 8.985014e-05 3.208934e-06 1.92536e-05
0.000388281 0 0.0007444726 0.06007124 0.0001893271 0.162295 0.06085101 0.04052883 0.005220935 0.2131181 0.001039695 0.05528672 0.001273947 0.05537015 0.0004781311 9.626801e-06 0.0001764914 6.738761e-05 6.096974e-05 0.09492026 0.0001347752 3.208934e-06 0.0005743991 0.007139877 4.492507e-05 0.0005198473 0.0002470879 0.1036582 0.04577544 0.000195745 4.492507e-05 0.008301511 0.0006514135 0.02346693 3.529827e-05 0.009411802 0.0006867118 0.04522992 0.00842666 0.009007477 0.003273112 0.0001508199 0.0005294741 3.208934e-06 3.208934e-06 6.417867e-06 0.001280365 0 0.000192536 0.001707153 4.813401e-05 0.001681481 0.000869621 1.92536e-05 0.000824696 0 4.171614e-05 0 3.208934e-06 0 3.208934e-06 0 0.001739242 6.417867e-06 3.208934e-06 0 0.004428328 0 0 1.283573e-05 0.007175176 0.0001091037 1.283573e-05 0 1.604467e-05 0 0.0001893271 0 6.417867e-05 6.417867e-06 0.0002342522 2.88804e-05 0.0001989539 3.208934e-06 0 0
6.417867e-05 0.002441999 0.0008182781 4.492507e-05 0 0.001014023 0.0005968617 0.001729615 0.0006546225 0.001039695 0.0333344 0.002397073 0.05351539 0.001537079 2.246254e-05 0.0001058948 0.001517826 0.01147515 0.01969964 0.000917755 0.0006225331 0.001501781 0.001476109 0.0005487277 0.01771973 0.0652665 0.008195617 0.0005038026 0.002265507 7.701441e-05 0.009511279 0.0002695504 3.85072e-05 0.0787344 6.417867e-06 0.009055611 0.09993582 0.1706062 0.02060777 0.0007284279 0.0002535058 0.01342618 5.455187e-05 3.208934e-06 0.0001989539 3.529827e-05 9.626801e-06 0 0 6.096974e-05 0 6.417867e-05 6.417867e-06 0.004932131 0 0.01125373 0 0 6.417867e-06 2.567147e-05 0.0004235792 6.738761e-05 3.208934e-06 0 5.455187e-05 3.208934e-06 0.0002791772 0.003539454 0.01325931 0.00559638 0.0001283573 1.283573e-05 1.604467e-05 0.006841447 0 0 6.096974e-05 0 1.604467e-05 0.001665437 6.096974e-05 9.626801e-06 3.208934e-06 0 0.0001187305 0
0.0001347752 3.208934e-06 0.0003690274 0.009787248 0.002063344 0.1003722 0.001347752 0.03576357 0.01014986 0.05528672 0.002397073 0.08381093 0.002778937 0.05364054 0.0143696 0 9.305908e-05 0.0001861182 0.0001155216 0.05811379 5.134294e-05 1.283573e-05 0.0002631326 0.002031255 9.305908e-05 0.0008599942 0.0001251484 0.02037994 0.04114495 0.0001315663 0.0001026859 0.01961942 4.813401e-05 0.02820011 6.417867e-06 0.005833841 0.0009466354 0.03673587 0.00331162 0.06329301 0.003086994 0.0002374611 0.0002278343 2.567147e-05 0 0 0.001508199 0 0.0006578314 0.001058948 0.000195745 0.001488945 0.00165581 5.134294e-05 0.002605654 9.626801e-06 0.0002502968 3.208934e-06 3.208934e-06 0 3.208934e-06 0 0.003228187 0 0 6.417867e-06 0.003212143 0 1.604467e-05 3.208934e-06 0.006286301 0.0001572377 1.283573e-05 0 4.813401e-05 3.208934e-06 0.0001604467 3.208934e-06 4.492507e-05 0 0.0003176844 1.283573e-05 0.0006899207 6.417867e-06 0 3.208934e-06
9.626801e-06 0.02358887 0.0001829092 8.022334e-05 1.92536e-05 0.001248275 0.0007990245 0.002554311 0.006687418 0.001273947 0.05351539 0.002778937 0.02071367 0.0003658184 9.305908e-05 2.567147e-05 0.0001797003 0.003786542 0.000773353 0.001161634 0.0002823862 0.01601258 0.0004267882 0.002823862 0.05533164 0.01285499 0.0191798 0.0007284279 0.0003914899 5.776081e-05 0.003260277 0.001100664 6.417867e-06 0.02439431 0.0001797003 0.02815839 0.08015595 0.04826878 0.01227096 0.001755287 0.0002085807 0.0176716 0.0001091037 0 0.0003241023 1.604467e-05 3.208934e-06 0 6.417867e-06 8.985014e-05 6.417867e-06 9.947694e-05 3.208934e-06 0.006953759 6.417867e-06 0.01485095 0 0 1.283573e-05 4.171614e-05 0.0005262651 0.0001861182 9.626801e-06 9.626801e-06 7.701441e-05 1.604467e-05 0.0003626095 0.005923692 0.02101531 0.01217469 0.0001700735 6.417867e-06 3.208934e-06 0.009049193 3.208934e-06 3.208934e-06 0.0001219395 0 6.738761e-05 0.00318968 0.000192536 6.738761e-05 6.417867e-06 6.417867e-06 0.0002663415 0
0.07174855 9.626801e-05 0.0736354 0.003115875 6.417867e-06 0.02833809 0.301813 0.1509611 0.0006161153 0.05537015 0.001537079 0.05364054 0.0003658184 0.1645541 0.0003946988 5.455187e-05 0.02398357 0.0002374611 0.006934506 0.02841511 0.01747264 5.134294e-05 0.07278824 0.01247313 3.208934e-05 0.01259186 0.01418028 0.04242531 0.05746558 0.04936944 5.455187e-05 0.006648911 0.001867599 0.013362 6.417867e-06 0.01078202 0.002117896 0.01093925 0.001931778 0.005480859 0.0003690274 8.343228e-05 5.455187e-05 9.626801e-06 4.171614e-05 0.0001476109 0.0001315663 0 4.171614e-05 0.001421558 4.813401e-05 0.0005743991 8.343228e-05 1.92536e-05 8.664121e-05 3.208934e-06 5.455187e-05 6.417867e-06 7.701441e-05 9.626801e-06 0 1.92536e-05 0.0001091037 2.246254e-05 5.455187e-05 5.134294e-05 0.004896833 6.417867e-06 6.096974e-05 0.0002695504 0.002589609 0.0001668646 6.738761e-05 0 9.626801e-06 2.567147e-05 0.0001764914 0 0.0002470879 3.529827e-05 0.0003626095 7.380547e-05 5.134294e-05 2.246254e-05 0 0
0 0.0001989539 0 0.001456856 0.01129224 0.01320155 0.0001797003 0.00201521 0.01435356 0.0004781311 2.246254e-05 0.0143696 9.305908e-05 0.0003946988 0.0184642 3.208934e-06 3.208934e-06 9.626801e-06 3.208934e-06 0.001511408 0 0.0006064885 3.208934e-06 0.01566601 7.059654e-05 8.343228e-05 0.0001829092 0.002194911 9.626801e-05 3.208934e-06 9.626801e-06 0.001540288 0 0.0001219395 0 0.0001572377 3.85072e-05 0.0001123127 2.567147e-05 0.01259186 8.343228e-05 0 9.626801e-06 0 0 0 2.246254e-05 0 9.626801e-06 5.776081e-05 9.626801e-06 0.0001508199 3.208934e-06 0 2.567147e-05 0 6.417867e-06 0 0 0 0 0 3.529827e-05 0 3.208934e-06 0 0.0004075346 0 9.626801e-06 3.208934e-06 0.0001668646 2.246254e-05 0 0 0 0 1.283573e-05 0 3.208934e-06 0 2.88804e-05 0 2.567147e-05 6.417867e-06 0 0
3.85072e-05 0.0002021628 0.0003594006 0 0 1.92536e-05 0.000580817 4.813401e-05 0.005512948 9.626801e-06 0.0001058948 0 2.567147e-05 5.455187e-05 3.208934e-06 0.0402304 0.001302827 6.417867e-06 0.0001091037 3.208934e-06 0.01588743 0.03393768 0.02810384 0.02344447 9.626801e-06 0.00183551 0.03238777 0.01753361 0.0004877579 0.01106119 3.208934e-06 6.417867e-06 0.0001379841 0.007377339 8.022334e-05 0.0484549 0.02527356 0.02479543 0.02194269 0.000677085 1.604467e-05 6.417867e-06 0.0001668646 3.85072e-05 0.0001700735 0.001944614 3.208934e-06 0 3.208934e-06 0.0004139524 5.455187e-05 0.001755287 0 0 0 3.208934e-06 9.305908e-05 6.417867e-06 0.06899528 0.0001091037 9.626801e-06 2.246254e-05 0 0.006674582 0.03210217 0.03531752 0.01221641 6.417867e-06 8.664121e-05 0.01218432 0.002759683 0.0002310432 0.001392677 0 0 3.208934e-05 0.0004524596 4.492507e-05 0.003164009 0.0006674582 0.001922151 0.0008503674 0.0001379841 0 3.208934e-06 2.567147e-05
0.01240574 0.01228059 0.09354683 0 3.208934e-06 0.0004203703 0.003257068 0.009851426 0.0002214164 0.0001764914 0.001517826 9.305908e-05 0.0001797003 0.02398357 3.208934e-06 0.001302827 0.01808555 0.001530661 0.02768989 7.059654e-05 0.0195777 0.001517826 0.07857395 0.002079389 0.0001476109 0.05770625 0.3200109 0.004957803 0.0454738 0.02347656 0.0001219395 0.0001861182 0.00292013 0.03922601 4.492507e-05 0.04585887 0.162003 0.03117479 0.004829445 0.000628951 2.246254e-05 0.0001155216 9.305908e-05 9.626801e-06 0.00421333 0.01338125 0 0 0 0.0001251484 6.417867e-06 9.305908e-05 3.208934e-06 7.380547e-05 9.626801e-06 0.0001155216 2.567147e-05 0 0.0002470879 0.003208934 8.343228e-05 0.002162821 3.208934e-06 4.492507e-05 0.0002214164 0.0005198473 0.0005198473 0.0001283573 0.02167314 0.03432275 7.701441e-05 4.813401e-05 7.701441e-05 5.455187e-05 3.208934e-06 0 0.0008054424 1.604467e-05 0.001482527 0.001460065 0.002772519 0.0003208934 1.92536e-05 0 6.417867e-06 1.283573e-05
5.776081e-05 0.0007605173 0.0003176844 0 0 6.738761e-05 5.776081e-05 0.0001572377 0.0003337291 6.738761e-05 0.01147515 0.0001861182 0.003786542 0.0002374611 9.626801e-06 6.417867e-06 0.001530661 0.002605654 0.01198216 5.776081e-05 6.417867e-05 0.0006482046 0.0002952219 0.0002021628 0.006151526 0.0508263 0.02314283 9.626801e-05 0.0003144755 2.246254e-05 0.009363668 1.283573e-05 1.92536e-05 0.01546385 0 0.006847864 0.04381478 0.04594872 0.006202869 0.0001219395 2.246254e-05 0.0005262651 2.246254e-05 0 7.701441e-05 2.246254e-05 0 0 3.208934e-06 6.417867e-06 0 9.626801e-06 0 0.001347752 0 0.005451978 0 0 0 3.85072e-05 0.0005615634 0.0002535058 0 3.208934e-06 1.283573e-05 1.92536e-05 4.492507e-05 0.001562751 0.01357379 0.01060553 1.283573e-05 6.417867e-06 3.208934e-06 0.003886019 0 0 1.92536e-05 0 2.88804e-05 0.0002663415 3.208934e-05 6.417867e-06 3.208934e-06 0 6.417867e-06 0
0.002586401 0.001225813 0.0121779 3.208934e-06 0 0.0001411931 0.0005358919 0.002794981 0.0001123127 6.096974e-05 0.01969964 0.0001155216 0.000773353 0.006934506 3.208934e-06 0.0001091037 0.02768989 0.01198216 0.01922793 4.813401e-05 0.002852742 0.0002823862 0.01531945 0.0002984308 0.003006771 0.1180535 0.09531496 0.0005519366 0.009995828 0.001447229 0.001302827 6.096974e-05 0.0006546225 0.06578956 9.626801e-06 0.02225075 0.06305876 0.08789269 0.01109328 0.0004652954 9.626801e-06 0.0001283573 4.492507e-05 0 0.0005070115 0.0004075346 0 0 3.208934e-06 5.455187e-05 0 1.283573e-05 0 0.0002310432 0 0.0006802939 3.208934e-06 0 2.246254e-05 0.0005519366 0.0003497738 0.001877226 0 6.417867e-06 1.604467e-05 6.738761e-05 6.738761e-05 0.0003658184 0.01195649 0.01107403 1.604467e-05 1.604467e-05 8.022334e-05 0.0005134294 0 3.208934e-06 8.664121e-05 0 0.0001797003 0.0002695504 0.0002599236 1.604467e-05 3.208934e-06 0 0 0
0.0001604467 3.208934e-06 0.0002342522 0.02333857 0.0001379841 0.02840227 0.0009851426 0.01341976 0.0175657 0.09492026 0.000917755 0.05811379 0.001161634 0.02841511 0.001511408 3.208934e-06 7.059654e-05 5.776081e-05 4.813401e-05 0.01093925 2.88804e-05 3.208934e-06 0.0001668646 0.01377916 1.604467e-05 0.0004011167 5.134294e-05 0.04332702 0.02723743 7.059654e-05 2.567147e-05 0.005930109 0.0001700735 0.01618907 1.92536e-05 0.006372942 0.0005487277 0.03193531 0.005259442 0.01542214 0.002397073 0.0001315663 0.0003112666 1.92536e-05 0 0 0.002705131 0 0.0005262651 0.002714758 8.985014e-05 0.003571543 0.002204537 2.567147e-05 0.001800212 3.208934e-06 8.985014e-05 0 0 0 3.208934e-06 3.208934e-06 0.004190867 0 0 0 0.007675769 0 3.208934e-06 3.208934e-06 0.01409043 0.0002021628 3.208934e-06 0 2.567147e-05 0 0.0002246254 3.208934e-06 0.0001026859 3.208934e-06 0.0004107435 2.246254e-05 0.0005487277 4.813401e-05 0 0
0.0046337 3.208934e-05 0.001659019 3.208934e-06 0 0.001350961 0.05153227 0.01121522 0.002804608 0.0001347752 0.0006225331 5.134294e-05 0.0002823862 0.01747264 0 0.01588743 0.0195777 6.417867e-05 0.002852742 2.88804e-05 0.1694285 0.004232584 0.2178385 0.002932965 2.88804e-05 0.001736033 0.008452331 0.04423515 0.01075955 0.3731862 3.208934e-06 0.0002117896 0.001177679 0.1564804 0.000192536 0.1889003 0.04096525 0.2870423 0.110859 0.002660206 0.0001732824 7.701441e-05 0.0007476815 5.455187e-05 1.604467e-05 4.813401e-05 0 0 3.208934e-06 0.0004973847 8.985014e-05 0.001729615 3.208934e-06 0 0 0 0.0001315663 3.208934e-06 0.01672496 1.92536e-05 0 3.208934e-06 0 0.00457273 0.007155922 0.003927735 0.01227417 3.208934e-06 2.567147e-05 0.0001155216 0.002871996 0.0003433559 0.001270738 0 3.208934e-06 6.417867e-05 0.0003594006 2.88804e-05 0.001719988 0.0003273112 0.001074993 0.0003979078 0.0001508199 3.208934e-06 0 1.283573e-05
9.626801e-06 0.06170138 0.0004396239 3.208934e-06 4.171614e-05 1.283573e-05 9.947694e-05 1.283573e-05 0.03307127 3.208934e-06 0.001501781 1.283573e-05 0.01601258 5.134294e-05 0.0006064885 0.03393768 0.001517826 0.0006482046 0.0002823862 3.208934e-06 0.004232584 0.01841286 0.005589962 0.06222443 0.02100568 0.01068575 0.09857523 0.006337644 9.626801e-05 0.001030068 0.00156596 0 5.134294e-05 0.001196932 0 0.0009337997 0.002252671 0.001755287 0.0003144755 0.0007765619 3.208934e-06 0.001184097 3.208934e-06 2.246254e-05 0.000677085 0.002958637 0 0 0 0.0002310432 1.92536e-05 0.0008407406 1.283573e-05 1.92536e-05 6.417867e-06 1.604467e-05 4.492507e-05 0 0.009402176 0.0001829092 3.208934e-06 0.0001476109 1.283573e-05 0.000969098 0.003504156 0.004309598 0.00466579 1.604467e-05 0.0008503674 0.007836216 0.0008760389 0.0001251484 0.0002663415 9.626801e-06 0 2.567147e-05 0.0001476109 6.417867e-06 0.0007059654 0.0001893271 0.0004460418 0.000195745 2.246254e-05 0 0 6.417867e-06
0.02794019 0.000340147 0.2851876 1.604467e-05 0 0.002185284 0.06307801 0.03616789 0.001129545 0.0005743991 0.001476109 0.0002631326 0.0004267882 0.07278824 3.208934e-06 0.02810384 0.07857395 0.0002952219 0.01531945 0.0001668646 0.2178385 0.005589962 0.2849661 0.0113853 7.701441e-05 0.03871899 0.2676251 0.1176459 0.04584604 0.1941662 3.529827e-05 0.0005615634 0.002788563 0.1073966 0.0006642493 0.2496069 0.161711 0.3657928 0.2231589 0.002846324 0.0001668646 0.0001829092 0.0008952925 2.88804e-05 0.000144402 0.003953406 0 0 0 0.0003433559 3.529827e-05 0.000336938 0 0 0 0 0.0001026859 3.208934e-06 0.02661169 0.0001155216 3.208934e-06 2.88804e-05 0 0.001318872 0.00945031 0.01675384 0.002284761 9.626801e-06 0.0002470879 0.01196611 0.000580817 8.022334e-05 0.0002021628 0 3.208934e-06 1.283573e-05 0.0001668646 1.604467e-05 0.001241857 0.0002278343 0.0007573083 0.0003241023 3.529827e-05 3.208934e-06 9.626801e-06 9.626801e-06
0.002268716 0.008850239 0.005259442 0.02483073 0.0008632032 0.005307576 0.03669095 0.004806983 0.100799 0.007139877 0.0005487277 0.002031255 0.002823862 0.01247313 0.01566601 0.02344447 0.002079389 0.0002021628 0.0002984308 0.01377916 0.002932965 0.06222443 0.0113853 0.09465713 0.002993935 0.005342875 0.05860476 0.1140295 0.03148606 0.04761737 0.0003176844 0.002243045 0.007518532 0.02487565 6.738761e-05 0.06298174 0.005885184 0.04160062 0.01400379 0.02009434 0.001196932 0.0001861182 0.0003786542 0.0006353689 0.0004556686 0.001020441 0.004447582 2.567147e-05 0.0009273818 0.0360267 0.001691108 0.0477008 0.002936174 0.0004299971 0.001976703 3.85072e-05 0.002393865 4.813401e-05 0.01238648 0.0001283573 6.096974e-05 0.0001283573 0.005217726 0.005313994 0.009681353 0.001322081 0.1970831 1.283573e-05 0.0004973847 0.001758496 0.08376921 0.006902416 0.004787729 9.626801e-06 0.0003016398 0.0008343228 0.005362128 5.776081e-05 0.009732696 0.001222604 0.01268171 0.00219812 0.001931778 0.0005038026 6.417867e-06 0.0001091037
0 0.02863332 3.85072e-05 0 0 3.529827e-05 2.567147e-05 5.134294e-05 0.007958156 4.492507e-05 0.01771973 9.305908e-05 0.05533164 3.208934e-05 7.059654e-05 9.626801e-06 0.0001476109 0.006151526 0.003006771 1.604467e-05 2.88804e-05 0.02100568 7.701441e-05 0.002993935 0.006254212 0.04427045 0.02832205 0.0001315663 6.096974e-05 6.417867e-06 0.01334596 6.417867e-06 0 0.01951353 0 0.0008182781 0.01840965 0.02072971 0.002968264 0.0001540288 1.92536e-05 0.02357283 1.283573e-05 0 0.0002952219 2.246254e-05 3.208934e-06 0 0 1.604467e-05 0 2.88804e-05 3.208934e-06 0.002271925 0 0.004190867 6.417867e-06 0 6.417867e-06 8.343228e-05 0.0002502968 0.0009498444 0 9.626801e-06 3.208934e-05 3.85072e-05 3.529827e-05 0.0008952925 0.007265026 0.01218111 1.604467e-05 3.208934e-06 4.492507e-05 0.002040882 0 6.417867e-06 5.134294e-05 0 9.626801e-06 0.0006257421 6.738761e-05 1.92536e-05 0 0 0.0001058948 0
0.003892437 0.02912107 0.0767609 3.529827e-05 3.208934e-06 0.0005904438 0.00267946 0.007441517 0.004614447 0.0005198473 0.0652665 0.0008599942 0.01285499 0.01259186 8.343228e-05 0.00183551 0.05770625 0.0508263 0.1180535 0.0004011167 0.001736033 0.01068575 0.03871899 0.005342875 0.04427045 0.2514649 0.2777974 0.00237782 0.009803292 0.001944614 0.01437281 0.0002214164 0.0004460418 0.09480795 8.664121e-05 0.07525591 0.2134839 0.2368803 0.03861631 0.001845137 9.305908e-05 0.001780958 0.0002021628 0.0001155216 0.01938838 0.0205468 0 0 1.283573e-05 0.0005519366 5.455187e-05 0.0003658184 1.283573e-05 0.003805795 2.246254e-05 0.01582325 0.0001989539 0 0.0005711902 0.01316625 0.004749222 0.03306485 1.92536e-05 0.0002342522 0.0005904438 0.001598049 0.001257902 0.01182171 0.1826878 0.2225492 0.0001604467 0.0002278343 0.0009370086 0.009325161 0 2.88804e-05 0.002108269 3.208934e-05 0.003138337 0.005009145 0.006453166 0.001033277 4.171614e-05 0 2.246254e-05 6.417867e-06
0.004133107 0.06747104 0.1625646 1.604467e-05 3.208934e-06 0.0006321599 0.02397073 0.008603151 0.0170266 0.0002470879 0.008195617 0.0001251484 0.0191798 0.01418028 0.0001829092 0.03238777 0.3200109 0.02314283 0.09531496 5.134294e-05 0.008452331 0.09857523 0.2676251 0.05860476 0.02832205 0.2777974 0.2390912 0.0772647 0.009029939 0.01003113 0.007178385 0.0001764914 0.000965889 0.07913551 0.0006449957 0.1754228 0.139733 0.2561371 0.08117319 0.002191702 6.738761e-05 0.0003754452 0.0004139524 0.0001797003 0.05346725 0.1258801 0 0 1.92536e-05 0.001675063 0.0002342522 0.0006000706 1.604467e-05 0.001880435 1.283573e-05 0.007521741 0.0004235792 0 0.04351314 0.01441453 0.003343709 0.02412155 6.417867e-06 0.0006000706 0.04411642 0.04324038 0.006279883 0.01031672 0.1447807 0.3973687 0.001277156 0.0002984308 0.001033277 0.00523698 0 1.92536e-05 0.004643327 0.0001219395 0.008510092 0.005034817 0.01179604 0.002040882 8.343228e-05 0 2.246254e-05 3.208934e-05
0.006421076 0.0004075346 0.02548535 0.03125501 0.0001283573 0.06256137 0.3156981 0.0220903 0.06301383 0.1036582 0.0005038026 0.02037994 0.0007284279 0.04242531 0.002194911 0.01753361 0.004957803 9.626801e-05 0.0005519366 0.04332702 0.04423515 0.006337644 0.1176459 0.1140295 0.0001315663 0.00237782 0.0772647 0.1545037 0.08726374 0.4438052 4.171614e-05 0.003090203 0.03028912 0.1008343 0.0002374611 0.1685557 0.01165806 0.1509322 0.05107018 0.01042903 0.003703109 0.0001123127 0.001046112 0.0004941758 0.0002278343 0.0006417867 0.006510926 2.246254e-05 0.00120335 0.03131598 0.001360588 0.02876809 0.004370568 0.0003594006 0.003074158 6.417867e-06 0.001761705 3.208934e-05 0.006039213 6.738761e-05 5.455187e-05 3.529827e-05 0.007877932 0.002547893 0.004232584 0.0007797709 0.1402946 3.208934e-06 0.0001347752 0.001209768 0.08055065 0.005108622 0.00297789 3.208934e-06 0.0002663415 0.0005904438 0.003500947 9.947694e-05 0.00653018 0.0007220101 0.008587107 0.001495363 0.001800212 0.0004235792 6.417867e-06 7.701441e-05
0.0426724 3.85072e-05 0.01898405 0.005644514 1.283573e-05 0.01469371 0.2332702 0.01938517 0.001283573 0.04577544 0.002265507 0.04114495 0.0003914899 0.05746558 9.626801e-05 0.0004877579 0.0454738 0.0003144755 0.009995828 0.02723743 0.01075955 9.626801e-05 0.04584604 0.03148606 6.096974e-05 0.009803292 0.009029939 0.08726374 0.1599814 0.07078908 8.022334e-05 0.004049674 0.03195777 0.02633572 6.417867e-06 0.01214581 0.005394218 0.01277156 0.001598049 0.002326477 0.0003465648 0.0001315663 6.096974e-05 3.529827e-05 2.567147e-05 6.417867e-05 0.0001572377 0 3.85072e-05 0.002297597 7.380547e-05 0.001091037 8.985014e-05 1.283573e-05 7.701441e-05 3.208934e-06 0.0001540288 0 0.0002310432 6.417867e-06 6.417867e-06 6.417867e-06 0.0001347752 0.0001700735 0.0002182075 2.567147e-05 0.009514488 3.208934e-06 6.738761e-05 0.0001893271 0.003892437 0.0003946988 0.0002502968 3.208934e-06 1.283573e-05 4.492507e-05 0.0003305202 6.417867e-06 0.0005615634 5.776081e-05 0.000725219 0.0001572377 7.701441e-05 2.88804e-05 0 9.626801e-06
0.04047107 4.171614e-05 0.016234 2.567147e-05 0 0.000385072 0.05956102 0.01282611 0.003292366 0.000195745 7.701441e-05 0.0001315663 5.776081e-05 0.04936944 3.208934e-06 0.01106119 0.02347656 2.246254e-05 0.001447229 7.059654e-05 0.3731862 0.001030068 0.1941662 0.04761737 6.417867e-06 0.001944614 0.01003113 0.4438052 0.07078908 0.07050027 6.417867e-06 0.0001700735 0.01823958 0.02721497 3.529827e-05 0.06669127 0.008686583 0.04338157 0.01599012 0.0003946988 0.0001508199 9.626801e-06 0.0001861182 0.000192536 2.88804e-05 5.776081e-05 3.208934e-06 3.208934e-06 2.88804e-05 0.002441999 0.0002695504 0.002875205 0 2.246254e-05 0 0 0.0004396239 0 0.003635722 1.283573e-05 6.417867e-06 0 6.417867e-06 0.001729615 0.001578795 0.0004877579 0.02245933 0 4.171614e-05 0.0002053718 0.006119437 0.001212977 0.001286782 0 2.246254e-05 0.000192536 0.0007926066 1.283573e-05 0.002230209 0.0003273112 0.002021628 0.0004139524 0.0001989539 6.096974e-05 0 2.246254e-05
3.208934e-06 0.00180663 2.246254e-05 0 0 3.208934e-05 2.567147e-05 4.171614e-05 0.0006867118 4.492507e-05 0.009511279 0.0001026859 0.003260277 5.455187e-05 9.626801e-06 3.208934e-06 0.0001219395 0.009363668 0.001302827 2.567147e-05 3.208934e-06 0.00156596 3.529827e-05 0.0003176844 0.01334596 0.01437281 0.007178385 4.171614e-05 8.022334e-05 6.417867e-06 2.88804e-05 6.417867e-06 0 0.004675416 0 0.001681481 0.02462857 0.017601 0.002477297 5.776081e-05 1.283573e-05 0.001187305 0 0 7.380547e-05 6.417867e-06 0 0 0 6.417867e-06 0 9.626801e-06 0 0.00150499 0 0.005301158 3.208934e-06 0 0 2.246254e-05 0.0003305202 0.0001187305 0 0 9.626801e-06 6.417867e-06 3.208934e-05 0.001909316 0.009084491 0.007348458 6.417867e-06 0 6.417867e-06 0.003135128 0 0 6.417867e-06 0 3.208934e-06 0.0003529827 4.813401e-05 3.208934e-06 0 0 1.283573e-05 0
0.0001700735 9.626801e-06 0.0009370086 0.0004299971 0.0003176844 0.02987517 0.005179219 0.0149408 0.0001604467 0.008301511 0.0002695504 0.01961942 0.001100664 0.006648911 0.001540288 6.417867e-06 0.0001861182 1.283573e-05 6.096974e-05 0.005930109 0.0002117896 0 0.0005615634 0.002243045 6.417867e-06 0.0002214164 0.0001764914 0.003090203 0.004049674 0.0001700735 6.417867e-06 1.604467e-05 6.417867e-05 0.005997497 9.626801e-06 0.02841832 0.0006963386 0.03018965 0.001841928 0.0371755 0.006337644 4.492507e-05 0.0002149986 9.626801e-06 0 0 2.246254e-05 0 1.604467e-05 0.0003690274 1.604467e-05 0.0001155216 3.208934e-05 3.208934e-06 1.604467e-05 0 0 0 9.626801e-06 0 0 0 3.208934e-05 3.208934e-06 0 3.208934e-06 0.001248275 0 0 6.417867e-06 0.000725219 4.492507e-05 3.208934e-06 0 0 3.208934e-06 1.92536e-05 0 3.208934e-05 0 8.343228e-05 0 1.92536e-05 1.283573e-05 0 0
0.001813048 3.208934e-06 0.0007220101 0.0002695504 9.626801e-06 0.0005391009 0.02281873 0.001719988 0.0002823862 0.0006514135 3.85072e-05 4.813401e-05 6.417867e-06 0.001867599 0 0.0001379841 0.00292013 1.92536e-05 0.0006546225 0.0001700735 0.001177679 5.134294e-05 0.002788563 0.007518532 0 0.0004460418 0.000965889 0.03028912 0.03195777 0.01823958 0 6.417867e-05 0.001347752 0.003584379 0 0.002907294 0.001553124 0.001370215 0.0001604467 1.604467e-05 1.283573e-05 0 3.208934e-06 3.208934e-06 0 6.417867e-06 0 0 0 0.0002470879 9.626801e-06 0.0002535058 0 0 0 0 3.208934e-05 0 0.0001026859 0 0 0 0 2.567147e-05 6.096974e-05 3.208934e-06 0.001591631 0 6.417867e-06 9.626801e-06 0.0004588775 8.664121e-05 3.208934e-05 0 3.208934e-06 2.246254e-05 3.208934e-05 0 0.0001251484 1.283573e-05 0.0001251484 2.567147e-05 9.626801e-06 3.208934e-06 0 0
0.002663415 0.00577929 0.03545551 0.002820653 3.208934e-06 0.01036486 0.06048519 0.01105478 0.001097455 0.02346693 0.0787344 0.02820011 0.02439431 0.013362 0.0001219395 0.007377339 0.03922601 0.01546385 0.06578956 0.01618907 0.1564804 0.001196932 0.1073966 0.02487565 0.01951353 0.09480795 0.07913551 0.1008343 0.02633572 0.02721497 0.004675416 0.005997497 0.003584379 0.02807175 5.455187e-05 0.0334756 0.05192055 0.07920932 0.01006963 0.003555499 0.0001058948 0.004900042 0.0001283573 4.813401e-05 0.0004685043 0.001886853 7.059654e-05 0 1.604467e-05 0.00159484 8.985014e-05 0.0009370086 8.343228e-05 3.85072e-05 7.380547e-05 2.567147e-05 0.0001091037 0 0.0007669351 0.0002759683 6.417867e-06 0.000144402 0.0001026859 0.0003241023 0.0003273112 0.0001893271 0.007618009 3.85072e-05 0.001257902 0.0033405 0.003029233 0.000340147 0.0002502968 3.208934e-05 1.92536e-05 2.88804e-05 0.0002374611 1.92536e-05 0.0005679813 0.0001861182 0.0006899207 0.0001508199 4.492507e-05 2.567147e-05 1.604467e-05 1.283573e-05
0 6.417867e-06 0.0001315663 1.283573e-05 0 2.246254e-05 0.0001764914 3.208934e-06 6.417867e-06 3.529827e-05 6.417867e-06 6.417867e-06 0.0001797003 6.417867e-06 0 8.022334e-05 4.492507e-05 0 9.626801e-06 1.92536e-05 0.000192536 0 0.0006642493 6.738761e-05 0 8.664121e-05 0.0006449957 0.0002374611 6.417867e-06 3.529827e-05 0 9.626801e-06 0 5.455187e-05 0.9374643 0.0954369 0.001107082 0.002095434 0.004928922 3.208934e-05 0.0003497738 4.171614e-05 0.0008375317 3.208934e-06 0 1.604467e-05 0 0 3.208934e-06 2.246254e-05 0 0 3.208934e-06 3.208934e-06 0 0 0 0 9.626801e-06 2.567147e-05 0 1.283573e-05 3.208934e-06 2.246254e-05 9.626801e-06 8.022334e-05 3.208934e-05 0 7.701441e-05 0.0001123127 2.88804e-05 0 6.417867e-06 0 0 0 1.283573e-05 0.3988929 0.0005679813 9.305908e-05 0.0005872349 0.001604467 5.776081e-05 9.626801e-06 9.626801e-06 3.208934e-06
0.0005904438 0.005313994 0.03666207 0.003314828 0.0001700735 0.007037192 0.08838366 0.006915252 0.002271925 0.009411802 0.009055611 0.005833841 0.02815839 0.01078202 0.0001572377 0.0484549 0.04585887 0.006847864 0.02225075 0.006372942 0.1889003 0.0009337997 0.2496069 0.06298174 0.0008182781 0.07525591 0.1754228 0.1685557 0.01214581 0.06669127 0.001681481 0.02841832 0.002907294 0.0334756 0.0954369 0.09828001 0.3607162 0.2892918 0.09530212 0.1189359 0.03318358 0.01882681 0.01166768 6.738761e-05 0.0007573083 0.002981099 0.0004620864 0 0.0002214164 0.002056926 0.0001123127 0.00177454 0.0005615634 5.455187e-05 0.0005455187 3.529827e-05 0.00024067 6.417867e-06 0.002262298 0.0003658184 3.208934e-05 0.0002310432 0.0009113372 0.0007027565 0.0009305908 0.0005294741 0.01259506 1.283573e-05 0.001893271 0.005063697 0.005092578 0.0006032795 0.0005615634 6.417867e-06 1.92536e-05 7.701441e-05 0.0006674582 0.002592818 0.004155569 0.003815422 0.001694317 0.0005166383 0.0006417867 5.134294e-05 0.0001379841 0.0001219395
0.0004299971 0.006847864 0.05942624 8.343228e-05 0 0.0006096974 0.004636909 0.00159484 0.0007348458 0.0006867118 0.09993582 0.0009466354 0.08015595 0.002117896 3.85072e-05 0.02527356 0.162003 0.04381478 0.06305876 0.0005487277 0.04096525 0.002252671 0.161711 0.005885184 0.01840965 0.2134839 0.139733 0.01165806 0.005394218 0.008686583 0.02462857 0.0006963386 0.001553124 0.05192055 0.001107082 0.3607162 0.1060938 0.1583127 0.08202034 0.0108462 0.0008952925 0.008384944 0.001132754 6.417867e-06 0.0007637262 0.003513782 0 0 0 0.0001829092 1.604467e-05 0.0002310432 0 0.01000866 0 0.009771203 6.417867e-06 0 0.0003305202 0.000385072 0.0002149986 0.0001732824 3.208934e-06 7.059654e-05 0.0003080576 0.0001797003 0.0009113372 0.002355357 0.00956904 0.005724738 0.0002535058 4.492507e-05 3.208934e-05 0.004418702 0 1.604467e-05 0.0003433559 1.604467e-05 0.0003016398 0.004261464 0.0004781311 2.246254e-05 6.417867e-06 3.208934e-06 0.0006674582 0
0.0007861887 0.01257902 0.07371242 0.006639284 0.0001026859 0.01261753 0.1028014 0.01363476 0.00189648 0.04522992 0.1706062 0.03673587 0.04826878 0.01093925 0.0001123127 0.02479543 0.03117479 0.04594872 0.08789269 0.03193531 0.2870423 0.001755287 0.3657928 0.04160062 0.02072971 0.2368803 0.2561371 0.1509322 0.01277156 0.04338157 0.017601 0.03018965 0.001370215 0.07920932 0.002095434 0.2892918 0.1583127 0.1009402 0.06509001 0.009565831 0.002374611 0.01178962 0.002820653 5.455187e-05 0.001450438 0.006093765 0.0001411931 0 4.492507e-05 0.002913712 0.0001155216 0.001601258 7.059654e-05 0.0001155216 9.626801e-05 0.0001379841 0.0002085807 3.208934e-06 0.001283573 0.0007573083 5.455187e-05 0.0004043256 0.0001636556 0.0004011167 0.0007027565 0.000532683 0.01215223 0.0001091037 0.003584379 0.01033277 0.004993101 0.000484549 0.0003722363 6.738761e-05 1.604467e-05 5.134294e-05 0.0005423098 5.776081e-05 0.001049321 0.0004556686 0.001578795 0.0002727594 0.0001411931 5.455187e-05 5.134294e-05 3.208934e-06
0.0001347752 0.001482527 0.01806309 0.002304014 3.208934e-06 0.002541475 0.03514745 0.002538267 0.0004781311 0.00842666 0.02060777 0.00331162 0.01227096 0.001931778 2.567147e-05 0.02194269 0.004829445 0.006202869 0.01109328 0.005259442 0.110859 0.0003144755 0.2231589 0.01400379 0.002968264 0.03861631 0.08117319 0.05107018 0.001598049 0.01599012 0.002477297 0.001841928 0.0001604467 0.01006963 0.004928922 0.09530212 0.08202034 0.06509001 0.003119084 0.002111478 0.0002182075 0.007624426 0.002053718 1.604467e-05 0.0002117896 0.0008920836 2.88804e-05 0 3.208934e-06 0.0004941758 4.171614e-05 0.0004075346 3.208934e-06 6.417867e-06 3.208934e-06 1.92536e-05 4.492507e-05 0 0.0006610403 0.0001347752 1.283573e-05 8.022334e-05 3.208934e-05 0.0001700735 0.0002823862 0.0001829092 0.002955428 9.626801e-06 0.0006899207 0.001742451 0.0009370086 0.0001508199 0.0001476109 3.208934e-06 3.208934e-06 0 0.0001540288 0.0001893271 0.0004267882 8.985014e-05 0.0003594006 7.059654e-05 3.529827e-05 0 3.208934e-06 0
1.283573e-05 0.0003176844 0.0004556686 0.004649745 0.007958156 0.05502359 0.004855117 0.00947919 0.01226454 0.009007477 0.0007284279 0.06329301 0.001755287 0.005480859 0.01259186 0.000677085 0.000628951 0.0001219395 0.0004652954 0.01542214 0.002660206 0.0007765619 0.002846324 0.02009434 0.0001540288 0.001845137 0.002191702 0.01042903 0.002326477 0.0003946988 5.776081e-05 0.0371755 1.604467e-05 0.003555499 3.208934e-05 0.1189359 0.0108462 0.009565831 0.002111478 0.009565831 0.004174823 0.0006514135 0.0009241729 9.626801e-06 1.283573e-05 1.283573e-05 0.0009466354 0 0.0003914899 0.001347752 5.134294e-05 0.0004460418 0.001257902 1.92536e-05 0.001261111 0 5.134294e-05 0 6.417867e-05 6.417867e-06 0 6.417867e-06 0.002121105 1.604467e-05 3.529827e-05 6.417867e-06 0.003725572 0 2.567147e-05 7.701441e-05 0.005127876 0.0001347752 2.567147e-05 3.208934e-06 1.283573e-05 1.283573e-05 0.0001315663 3.208934e-06 9.305908e-05 6.417867e-06 0.0002791772 2.246254e-05 0.0006642493 1.283573e-05 3.208934e-06 3.208934e-06
3.208934e-06 0 0.0001026859 0.0007188011 9.626801e-06 0.001736033 0.004585566 0.00541668 7.701441e-05 0.003273112 0.0002535058 0.003086994 0.0002085807 0.0003690274 8.343228e-05 1.604467e-05 2.246254e-05 2.246254e-05 9.626801e-06 0.002397073 0.0001732824 3.208934e-06 0.0001668646 0.001196932 1.92536e-05 9.305908e-05 6.738761e-05 0.003703109 0.0003465648 0.0001508199 1.283573e-05 0.006337644 1.283573e-05 0.0001058948 0.0003497738 0.03318358 0.0008952925 0.002374611 0.0002182075 0.004174823 9.626801e-06 0.0002502968 0.0003112666 0 0 0 6.417867e-06 0 0 0.0001508199 3.208934e-06 5.134294e-05 6.417867e-06 3.208934e-06 0 0 0 0 3.208934e-06 0 0 0 1.604467e-05 3.208934e-06 6.417867e-06 0 0.0005455187 0 3.208934e-06 0 0.0001989539 1.283573e-05 0 0 0 6.417867e-06 1.92536e-05 3.208934e-06 2.88804e-05 0 4.492507e-05 6.417867e-06 1.283573e-05 0 0 0
0 0.003715945 0.0001347752 2.246254e-05 0 0.0001091037 0.0001026859 0.0001989539 0.0003754452 0.0001508199 0.01342618 0.0002374611 0.0176716 8.343228e-05 0 6.417867e-06 0.0001155216 0.0005262651 0.0001283573 0.0001315663 7.701441e-05 0.001184097 0.0001829092 0.0001861182 0.02357283 0.001780958 0.0003754452 0.0001123127 0.0001315663 9.626801e-06 0.001187305 4.492507e-05 0 0.004900042 4.171614e-05 0.01882681 0.008384944 0.01178962 0.007624426 0.0006514135 0.0002502968 0.0003433559 2.246254e-05 0 9.626801e-06 0 3.208934e-06 0 0 9.626801e-06 0 0 0 0.000292013 0 0.0002663415 0 0 0 0 0 3.208934e-06 0 0 6.417867e-06 0 1.92536e-05 9.305908e-05 8.022334e-05 3.208934e-05 2.567147e-05 0 3.208934e-06 5.134294e-05 0 0 6.096974e-05 0 3.208934e-06 4.171614e-05 5.455187e-05 3.85072e-05 0 0 6.417867e-06 0
0 9.626801e-06 0.0001219395 0.0001315663 0 0.0001700735 0.0009562622 0.0002470879 2.567147e-05 0.0005294741 5.455187e-05 0.0002278343 0.0001091037 5.455187e-05 9.626801e-06 0.0001668646 9.305908e-05 2.246254e-05 4.492507e-05 0.0003112666 0.0007476815 3.208934e-06 0.0008952925 0.0003786542 1.283573e-05 0.0002021628 0.0004139524 0.001046112 6.096974e-05 0.0001861182 0 0.0002149986 3.208934e-06 0.0001283573 0.0008375317 0.01166768 0.001132754 0.002820653 0.002053718 0.0009241729 0.0003112666 2.246254e-05 7.701441e-05 0 9.626801e-06 3.208934e-06 0 0 0 1.283573e-05 0 0 0 0 0 0 6.417867e-06 0 9.626801e-06 3.208934e-06 3.208934e-06 0 0 0 3.208934e-06 3.208934e-06 9.626801e-05 0 6.417867e-06 1.92536e-05 1.604467e-05 6.417867e-06 3.208934e-06 0 0 0 9.626801e-06 3.529827e-05 4.813401e-05 9.626801e-06 2.246254e-05 6.417867e-06 3.208934e-06 3.208934e-06 3.208934e-06 0
