0 0.19852 0.52931 0.20404 -0.32451 -0.19424 0.052472 0.4406 0.3223 -0.0075498 0.06839 0.22927 0.0055003 0.12886 0.24855 -0.0049166 -0.12283 0.28565 0.26262 -0.16903 -0.45632 -0.12582 -0.23367 -0.043566 0.31594 -0.13835 0.20268 -0.11443 -0.12812 -0.26701 0.095414 -0.52628 -0.17939 0.079407 0.32556 -0.092715 0.13016 0.10695 0.12573 0.054714 0.10606 0.08766 0.21141 -0.29194 -0.21619 -0.31895 0.39651 0.0014435 0.49349 -0.13134 -0.12591 -0.27479 -0.38027 -0.20333 -0.077322 -0.12673 -0.024045 -0.016981 0.02477 -0.061324 0.12859 -0.21539 -0.12179 -0.30193 -0.23384 0.078431 -0.11281 -0.49041 -0.38 -0.20557 0.023936 -0.32096 -0.23963 -0.28048 0.10679 0.1628 0.21301 0.22939 0.26225 0.11128 -0.02464 -0.14713 0.034236 0.42152 0.42351 0.43585 0.21308 0.23719 0.32735 -0.16616 0.047923 0.049886 0.41958 0.067364 -0.26676 -0.25055 -0.15799 -0.38633 -0.28505 0.40704 -0.16513 -0.11791 0.24473 -0.16864 0.31984 0.22665 -0.001666 0.37472 -0.061042 0.059622 0.06856 -0.26069 0.071374 0.27003 0.21291 0.048071 -0.12092 0.5894 0.14117 -0.39121 0.022423 -0.45442 -0.097199 0.21671 -0.22462 0.10355 0.10836 0.27731 0.16491 -0.17646 0.034435 -0.33914 -0.045487 -0.30034 -0.58091 0.21095 -0.25532 0.12007 0.15402 0.19128 -0.047207 -0.5119 -0.48088 -0.23646 0.19845 0.082652 0.28086 0.30948 0.18811 0.088302 -0.25696 0.44575 0.0893 0.25317 0.11852 0.29895 0.38523 0.068827 -0.28765 0.32614 0.45465 0.080544 0.31502 -0.21902 -0.047666 0.068687 0.14586 -0.51694 -0.10621 -0.28698 -0.10457 -0.041835 -0.30449 0.032406 0.019837 0.037317 0.14864 -0.028243 0.13924 -0.37016 -0.7026 -0.34842 -0.34776 -0.18064 -0.53125 -0.40187 -0.49708 -0.2076 -0.22548 -0.066849 0.39242 0.26963 0.39829 0.26206 0.34919 0.047916 -0.055366 -0.17294 -0.047093 0.41752 0.47326 0.30852 0.44308 0.32193 0.57336 -0.056359 0.10719 0.19429 0.37615 0.30227 -0.45007 0.10076 -0.43305 -0.4234 -0.44096 -0.58018 0.15007 -0.061858 -0.33058 0.0014485 -0.21865 0.53778 0.45158 0.010577 0.059141 0.11546 0.050436 -0.03462 0.24697 -0.088518 0.62477 0.42742 0.44967 -0.13598
0.19852 0 0.40026 0.58526 0.29309 0.28733 0.42775 0.32178 -0.028913 0.62388 0.71463 0.441 0.32154 -0.2165 0.18349 -0.048028 -0.067654 -0.20669 -0.087575 -0.10283 -0.041111 0.31455 0.32592 0.15124 0.1065 -0.23536 -0.13305 0.013358 0.11012 -0.099346 0.10716 0.022338 0.021969 0.34641 0.37785 -0.11701 -0.21534 -0.07505 0.13546 -0.10668 -0.12395 0.22377 -0.16549 -0.30311 0.087057 -0.00092887 0.44684 0.21655 0.15646 0.084989 -0.046268 -0.018472 -0.013013 0.093273 -0.23004 0.0096013 -0.0091419 -0.36714 0.06634 -0.50312 -0.12905 -0.2915 -0.22168 -0.40115 -0.43018 -0.24945 -0.58997 -0.33227 -0.37073 -0.4226 -0.50619 -0.66053 -0.59558 -0.60383 0.15576 0.12835 0.1852 0.45938 0.35611 -0.10214 -0.03215 -0.45254 -0.56117 0.2189 0.17941 0.044582 0.057977 -0.138 0.080684 0.42124 0.15118 -0.086288 0.32815 -0.011418 -0.059427 0.35855 -0.30806 0.1663 0.090107 0.063327 0.33257 0.25759 -0.20274 0.44169 0.15491 0.033253 0.092767 0.16397 -0.12359 0.17229 0.021691 -0.26407 0.070659 -0.16776 0.018228 0.25462 0.45094 0.35177 0.010445 0.087194 0.021382 0.13644 0.36654 0.61617 0.5177 0.44744 0.10244 -0.27845 0.28496 -0.50982 -0.20626 0.35196 0.058458 -0.14447 -0.16798 0.16652 0.24735 0.1176 -0.051906 -0.10612 -0.054477 -0.3656 -0.20255 0.010356 -0.27885 0.09416 0.2844 0.25069 0.10154 -0.15763 0.23766 0.2876 -0.34814 0.023669 -0.18822 -0.18063 0.081192 -0.19348 -0.3833 -0.11878 0.15782 0.039879 -0.057306 0.16347 0.0054872 -0.039139 0.10184 0.098187 0.26384 -0.17647 0.34153 -0.29794 0.3718 0.18695 -0.046393 -0.33883 -0.013885 -0.54309 -0.074707 -0.64104 -0.4289 -0.32617 -0.38078 -0.58647 -0.21678 -0.50039 -0.42201 -0.53283 -0.57968 -0.086323 0.22868 0.44672 0.59936 0.001532 0.4482 0.0087187 -0.25912 -0.48662 -0.53303 0.17016 0.27437 -0.042444 0.062646 -0.16197 0.027712 0.097424 0.12479 0.087679 0.4344 0.23954 -0.35481 0.36895 -0.16577 0.063927 -0.0064724 -0.065234 0.14221 0.32701 0.30371 0.50888 0.32028 0.16959 0.12504 0.42027 0.38981 0.31274 -0.15909 -0.19824 0.083857 -0.14762 0.095159 0.044281 0.34067 -0.28033
0.52931 0.40026 0 0.52669 0.025225 0.17127 -0.13487 0.68885 0.17728 0.24456 0.6202 0.40979 0.50813 -0.30095 0.64615 -0.18696 -0.21515 -0.13892 -0.065262 -0.47538 -0.61115 0.0066775 -0.14036 -0.3431 -0.019544 -0.25135 0.38402 -0.24858 -0.3653 -0.15135 -0.035652 -0.25604 -0.28842 0.24871 0.36865 -0.21557 -0.33256 -0.23483 -0.11794 -0.0099573 -0.11422 -0.021406 -0.043161 -0.44252 -0.37557 -0.51042 0.39601 0.18655 0.2874 0.35754 -0.32431 -0.12966 -0.26574 0.42364 -0.29075 0.15318 0.40688 0.073117 0.44881 -0.17839 0.29157 -0.63224 0.14598 -0.26837 -0.50292 0.25507 -0.33757 -0.55775 -0.32353 -0.54089 -0.42235 -0.51705 -0.31808 -0.282 0.47332 0.4464 0.46807 0.57756 0.61011 -0.10768 0.2133 -0.058796 -0.078779 0.55633 0.38928 0.35452 0.20689 0.12774 0.12294 0.18442 0.021052 -0.14319 0.66087 0.28998 -0.5337 -0.12332 -0.14919 -0.25873 -0.25896 0.13758 0.048545 0.21128 -0.04194 0.12666 0.068565 -0.17723 -0.012427 0.19102 0.20533 -0.12608 -0.14386 -0.17116 0.10624 0.084664 0.15714 0.1475 0.17096 0.67269 0.31847 -0.043142 0.061699 -0.35279 0.22635 0.66488 0.18329 0.48966 0.39419 -0.061543 0.25212 -0.60056 0.094267 -0.18733 0.076701 -0.7911 -0.48832 0.15196 -0.35525 0.38068 -0.30358 -0.0062044 -0.088175 -0.63363 -0.67474 0.0033084 -0.20642 -0.10685 -0.033 0.29837 0.24678 -0.15093 -0.30083 0.44396 -0.32963 -0.09397 -0.14938 -0.088495 0.1402 -0.28595 -0.53241 -0.12902 0.022314 -0.26164 -0.20208 -0.19748 -0.28292 -0.21527 0.11079 -0.32509 -0.022188 -0.52737 0.20049 -0.174 0.05216 0.36036 0.36284 0.086893 0.3522 -0.21344 0.35644 -0.46816 -0.62085 -0.0079912 -0.15983 -0.5493 -0.77752 -0.64244 -0.66549 -0.38783 -0.29915 0.24727 0.54932 0.46358 0.54295 0.28662 0.55513 0.21607 0.12732 -0.20415 -0.076409 0.56693 0.52445 0.15254 0.51421 0.10636 0.44706 0.1963 0.23275 0.42892 0.53276 0.58532 -0.55309 0.46791 -0.24 -0.32406 -0.29397 -0.44079 0.11808 -0.34695 -0.29415 0.28803 -0.0027828 0.17018 -0.18177 0.074209 -0.1049 0.38387 0.14429 -0.21845 -0.060657 -0.050456 0.25498 0.38172 0.43008 0.083591
0.20404 0.58526 0.52669 0 0.41729 0.10257 0.10473 0.46919 0.24347 0.4822 0.59617 0.37201 0.35367 -0.46804 0.36356 -0.2611 0.06023 -0.31216 -0.23983 -0.31464 -0.21886 0.2541 0.24934 -0.1605 -0.006411 -0.5651 0.067214 0.045908 0.10808 0.12536 -0.14066 0.11829 -0.060883 0.22142 0.31299 -0.24027 -0.46862 -0.30969 -0.16017 -0.22636 -0.23817 -0.21519 -0.27632 -0.34779 -0.041992 -0.14015 0.48029 0.3008 0.098467 0.19454 -0.22247 -0.095608 0.0094395 0.35247 -0.29136 0.021905 0.12756 -0.20498 0.24278 -0.33188 0.10505 -0.35959 0.0064541 -0.27492 -0.47839 -0.019042 -0.5092 -0.44244 -0.30579 -0.53567 -0.58606 -0.50826 -0.41887 -0.3065 0.26934 0.27031 0.31465 0.49329 0.43551 -0.09867 0.10938 -0.22088 -0.29089 0.24028 0.15656 0.035157 0.084353 -0.068381 -0.21454 0.38652 0.1184 -0.13234 0.42212 0.078013 -0.24927 0.42084 -0.040738 0.089522 0.029553 -0.06096 0.23913 0.30868 -0.096011 0.3128 0.065443 -0.048527 -0.10796 0.045158 -0.086473 -0.15471 -0.3493 -0.19361 0.17969 -0.08086 -0.19377 0.29198 0.33935 0.32304 0.4034 0.2657 0.14132 -0.054146 0.30256 0.55147 0.56733 0.57455 0.28387 -0.3643 0.092338 -0.3201 0.16596 0.43457 0.072897 -0.46418 -0.11012 0.18186 0.1963 0.25691 -0.18874 -0.17544 -0.26724 -0.25433 -0.010159 0.29547 -0.39196 -0.28681 0.068639 -0.032995 0.24073 -0.11011 -0.0080588 -0.00091244 -0.40123 -0.35592 -0.32387 -0.40692 -0.2928 -0.5818 -0.45673 -0.29364 -0.17295 0.026513 -0.14121 0.15698 -0.10786 -0.23747 0.08632 0.0039442 -0.20011 -0.36413 0.021239 -0.32098 0.31432 0.07327 0.059172 -0.18289 0.064025 -0.39241 0.095202 -0.496 -0.28802 -0.062289 -0.063016 -0.6165 -0.30138 -0.59807 -0.4024 -0.45805 -0.32509 0.16758 0.3729 0.46157 0.50875 0.094712 0.47191 0.20398 -0.04827 -0.31274 -0.26545 0.28571 0.22094 -0.072413 -0.073586 -0.27012 -0.13788 0.26933 0.12531 0.17303 0.24873 0.090753 -0.3931 0.63751 -0.017807 -0.072016 0.084605 0.005475 0.030809 -0.12764 0.059486 0.31056 0.15774 -0.081573 -0.14663 0.30416 0.023947 0.13419 -0.17471 -0.2653 -0.24485 -0.23655 -0.061318 0.022472 0.048156 -0.11061
-0.32451 0.29309 0.025225 0.41729 0 0.34342 0.17402 -0.078556 -0.070562 0.36553 0.38033 0.32453 0.22755 -0.1373 0.2503 0.066928 0.61124 -0.059799 0.12304 0.17787 0.36254 0.60885 0.73941 0.11233 -0.042104 -0.21599 0.15581 0.44797 0.57483 0.54384 -0.13077 0.49277 0.15346 0.31662 -0.029182 -0.021929 -0.22793 -0.12719 -0.20556 -0.14484 -0.013586 0.12792 -0.33339 -0.28172 0.05228 0.079561 0.094438 0.01831 -0.1676 0.35882 0.3934 0.3162 0.19476 0.27479 -0.23497 -0.26799 -0.17481 -0.54754 -0.21363 -0.56488 0.29872 0.21909 0.28895 0.064301 0.029249 -0.34116 -0.38484 0.0086351 -0.15698 -0.23477 -0.32197 -0.35473 -0.38718 -0.27176 -0.070217 -0.18732 -0.25879 0.2021 -0.055894 0.019845 -0.25498 -0.3623 -0.41802 -0.33708 -0.2276 -0.26693 -0.20497 -0.18524 -0.0089956 0.36552 0.17432 0.18683 0.10833 -0.093565 0.34343 0.53553 0.40958 0.28057 0.22009 -0.17166 0.10532 0.13157 -0.071386 0.23801 -0.1328 -0.12782 0.07763 -0.14593 -0.077311 0.13563 0.074506 0.0548 -0.24218 -0.095997 0.034536 0.059437 0.15218 0.033087 0.40004 0.6754 -0.1386 0.20274 0.23466 0.25788 0.33794 0.2475 0.072402 -0.20225 -0.035432 0.041823 0.2451 0.29677 0.1069 0.033747 0.2444 0.17449 0.46113 0.37483 -0.44071 -0.3097 -0.10774 0.37287 0.39151 0.36345 -0.13663 -0.2943 -0.15148 -0.26716 -0.36945 -0.16645 0.42269 -0.31573 -0.11582 -0.30802 -0.2617 -0.41991 -0.35292 -0.19237 -0.39224 -0.21881 -0.25772 -0.10923 -0.13904 0.18417 -0.10453 -0.31318 -0.1858 0.35598 -0.12465 0.2147 0.10788 -0.61603 0.11603 -0.18361 -0.36346 -0.57366 -0.49665 -0.5552 -0.41994 -0.08331 0.23677 0.1132 0.41466 -0.35312 0.10585 -0.32111 -0.19581 -0.39243 -0.40704 -0.3121 -0.25746 0.030592 0.13231 -0.31774 -0.068174 -0.37948 -0.45408 -0.49402 -0.44891 -0.42332 -0.29079 -0.54236 -0.33102 -0.32245 -0.27328 0.23834 0.013444 0.074244 0.073408 -0.16154 0.20911 0.42558 0.42279 0.18943 0.054655 0.41027 0.083827 0.05225 0.20634 0.15524 0.29683 -0.20811 -0.22088 0.2397 0.1144 -0.2023 -0.14354 0.056431 -0.059045 -0.061735 -0.26885 -0.1614 -0.050163 -0.017315
-0.19424 0.28733 0.17127 0.10257 0.34342 0 0.41467 0.38331 0.047098 0.1441 0.24284 -0.02754 0.0075106 -0.22534 0.03732 -0.15962 0.010416 0.040144 -0.11139 0.36514 0.35577 0.11555 0.2924 -0.22 -0.36962 -0.24535 -0.049322 -0.066595 -0.16943 0.13383 -0.10609 0.074701 -0.21574 0.044044 -0.10693 -0.27624 -0.51691 -0.43296 -0.42842 0.36674 -0.1788 0.16236 -0.083778 0.10413 -0.10937 -0.10527 -0.086033 0.073732 -0.33358 0.1427 -0.20552 -0.00030346 0.0012458 0.22549 -0.25824 0.14616 0.12197 -0.023164 0.24111 0.060198 -0.053687 -0.088765 0.18451 0.13378 0.05063 0.23352 0.02579 0.3421 0.18913 -0.12696 -0.29777 -0.073482 0.065519 -0.13413 0.22178 0.23655 0.30668 0.14982 0.26091 0.2435 0.2343 0.095209 -0.036052 0.27625 0.27677 0.13432 0.13085 0.14368 0.077643 0.22756 0.22911 -0.2955 0.038411 0.10698 -0.036104 0.039168 0.32059 0.51383 0.074646 -0.28327 0.065154 0.10855 -0.11531 0.22874 -0.30242 -0.37433 0.029123 -0.12075 -0.17748 -0.13661 -0.27789 -0.21134 0.13924 0.19157 0.27397 0.1172 0.31935 0.10626 0.098185 0.18996 0.28646 0.41251 0.28682 0.12977 -0.030795 -0.1104 -0.10094 -0.13745 -0.20332 -0.30222 0.022759 0.1572 0.46224 -0.10155 0.17215 -0.27985 -0.18376 0.20792 -0.56081 -0.35662 0.024602 0.00060336 -0.23135 -0.085059 -0.45265 -0.19271 -0.19678 -0.090411 -0.20769 -0.28944 -0.11759 -0.11057 -0.48576 -0.34609 0.069139 -0.34429 0.05346 0.031817 0.085767 -0.4905 -0.41706 -0.24003 -0.32406 -0.056343 -0.17181 -0.15325 0.082765 0.20894 0.15415 -0.20586 0.18835 -0.078305 0.29288 0.12476 0.13927 0.016245 0.16754 -0.017286 0.22448 0.082557 0.16085 0.18116 -0.022487 -0.23828 -0.078538 -0.081636 -0.046473 0.040012 -0.055748 -0.011216 0.18114 0.13978 -0.032383 0.28968 0.17403 0.046792 0.043935 -0.17748 0.0060481 0.14384 0.17342 0.1387 0.11946 0.08289 0.089345 0.39875 0.10391 0.050176 0.31035 0.15995 0.00090461 0.076434 0.36709 0.39757 -0.10075 0.020587 -0.18596 -0.064889 0.063561 0.12895 0.36855 -0.24446 -0.34945 -0.041133 -0.28726 -0.046544 -0.26928 -0.13912 -0.2639 -0.32706 0.017871 0.24452 0.23564 -0.25603
0.052472 0.42775 -0.13487 0.10473 0.17402 0.41467 0 0.25306 -0.094153 0.29119 0.16589 0.21295 0.077181 0.11713 -0.027501 0.21173 0.10789 0.015803 0.11697 0.3933 0.47947 0.44268 0.39659 0.24179 -0.094009 -0.2139 -0.082361 0.3482 0.33043 0.17712 0.046746 0.057708 0.024147 0.11102 -0.098365 -0.35198 -0.34324 -0.27555 -0.16006 0.40393 0.32722 0.47277 0.15336 0.061505 0.18944 0.12612 0.076908 0.12014 -0.21422 0.030518 0.1714 0.23589 0.18825 -0.1353 -0.25912 -0.084808 -0.11685 -0.28572 -0.24711 -0.32311 -0.11799 0.15444 -0.11658 -0.052907 -0.0042486 -0.033544 -0.15753 0.25784 -0.037391 -0.070918 -0.23509 -0.31112 -0.37431 -0.46115 -0.086568 -0.020862 -0.053638 0.19767 0.13791 0.23728 -0.17672 -0.39056 -0.36479 0.18563 0.23375 0.14083 0.0055049 0.21775 0.11032 0.20959 0.2815 -0.25619 -0.016768 -0.25993 0.024889 0.2983 0.081818 0.34672 0.063203 0.018309 0.18694 0.19037 -0.024384 0.23298 0.15436 0.13662 0.28548 0.4449 -0.023082 -0.016841 0.029792 -0.27685 0.062474 0.10441 0.028793 0.016881 0.073235 -0.027149 -0.037081 -0.057449 0.08714 0.36318 0.084666 -0.070094 -0.026202 -0.15629 0.11615 0.11167 -0.029968 -0.18752 0.0035982 0.3257 -0.0639 0.19078 0.042035 0.096762 0.16147 -0.014751 -0.085862 -0.36796 0.31235 0.15006 0.070783 0.10805 -0.46523 -0.087485 0.07729 0.024575 -0.30463 -0.23396 0.14955 -0.033147 -0.45732 -0.23186 0.25528 0.090581 0.13429 0.011948 0.028768 -0.39197 -0.14281 0.14921 -0.015557 -0.098845 -0.06933 -0.12066 0.17822 0.07799 0.12948 0.13615 0.088372 -0.28194 0.11869 0.071605 -0.14729 -0.18826 -0.17188 -0.3375 0.042491 -0.088905 0.067843 -0.095219 -0.053457 -0.28986 0.21644 -0.081044 -0.15759 -0.11296 -0.45224 -0.37641 -0.0028585 0.19043 0.15408 0.025467 0.22774 -0.20572 -0.38677 -0.4928 -0.41298 0.024049 0.033336 0.032067 -0.14413 0.037129 0.049806 0.096614 -0.19261 -0.0098075 0.10409 -0.12893 -0.043556 -0.10879 0.046745 0.35114 -0.14329 -0.07562 -0.040328 0.2429 0.29907 0.24088 0.3233 0.21282 0.17798 0.36354 0.28298 0.21323 0.11555 0.18984 0.21109 -0.065496 -0.02263 0.21025 0.17312 -0.25673
0.4406 0.32178 0.68885 0.46919 -0.078556 0.38331 0.25306 0 0.38079 0.081496 0.39412 0.078765 0.23033 -0.4653 0.29661 -0.36947 -0.36062 -0.11197 -0.31844 -0.27423 -0.32757 -0.064749 -0.24764 -0.44256 0.022126 -0.41452 0.043925 -0.35602 -0.46419 -0.22893 0.11599 -0.23396 -0.3104 0.17434 0.19704 -0.40359 -0.52797 -0.43609 -0.36773 0.18499 -0.15839 -0.077769 -0.24302 -0.333 -0.24704 -0.49509 0.3695 0.38667 0.16301 0.11478 -0.51818 -0.12574 -0.029391 0.37645 -0.22095 0.045632 0.19033 0.00016264 0.40152 0.036113 -0.096696 -0.68669 -0.1485 -0.32536 -0.52118 0.31157 -0.18325 -0.21569 -0.23115 -0.6166 -0.55757 -0.3481 -0.17523 -0.24008 0.4741 0.55558 0.60996 0.57406 0.72777 0.13232 0.4174 0.09875 0.027362 0.78955 0.58821 0.4711 0.42735 0.25632 0.0025566 0.20852 0.16899 -0.25617 0.29402 0.30922 -0.51288 -0.10983 -0.054836 0.01645 -0.067676 0.18532 0.17083 0.31582 0.078826 0.18808 0.22753 -0.057743 0.079307 0.13302 0.16171 -0.31876 -0.31113 -0.26353 0.35215 0.31517 0.18803 0.21209 0.17817 0.55872 0.36493 -0.023159 0.54476 0.10859 0.23546 0.40845 0.0412 0.22128 0.35266 -0.12043 -0.079491 -0.45998 0.25028 0.076272 0.33736 -0.65358 -0.17839 -0.01305 -0.40575 0.30531 -0.33791 -0.065677 -0.050554 -0.4249 -0.55569 -0.059942 -0.48733 -0.3029 -0.036561 0.15196 0.29795 -0.17492 -0.44632 0.2066 -0.59463 -0.43471 -0.0033394 -0.22741 0.038847 -0.40203 -0.14757 -0.38434 -0.22112 -0.15088 -0.24205 -0.17984 -0.29562 -0.17378 0.35339 -0.22334 -0.0017451 -0.63317 0.068347 -0.15193 0.22176 0.16748 0.24223 0.16082 0.391 -0.034017 0.49325 -0.37175 -0.39551 -0.050324 -0.27492 -0.52794 -0.6364 -0.49504 -0.49042 -0.13771 -0.15695 0.2325 0.615 0.57232 0.42053 0.50801 0.67844 0.38883 0.22366 -0.10499 0.048749 0.73992 0.6611 0.36084 0.48468 0.2361 0.5219 0.42799 0.36 0.20045 0.45592 0.33341 -0.51335 0.27611 0.011488 0.04539 -0.20764 -0.43812 0.07248 -0.28741 -0.13366 0.28996 0.11501 0.21846 -0.14133 0.044808 -0.2619 0.15489 0.064121 -0.22075 -0.11444 -0.20754 0.18361 0.54541 0.42746 -0.082797
0.3223 -0.028913 0.17728 0.24347 -0.070562 0.047098 -0.094153 0.38079 0 -0.20941 -0.13302 -0.092197 -0.16183 0.002771 0.17995 -0.12833 0.015277 0.31219 0.12769 0.067371 -0.21046 -0.28692 -0.23627 -0.21706 0.22997 -0.06056 0.22571 -0.14221 -0.14308 0.04365 -0.1341 -0.12962 -0.074481 -0.073474 -0.045259 -0.16277 0.020084 -0.095479 -0.13672 -0.22119 -0.23649 -0.2781 -0.026553 -0.11089 -0.34824 -0.29687 0.056034 -0.12143 0.12377 -0.011123 -0.17618 -0.13902 -0.26488 0.022226 0.040714 -0.10961 -0.018707 0.046153 -0.054705 0.08173 0.19631 -0.14461 0.10991 0.048897 -0.014228 0.094886 0.11279 -0.25801 -0.075703 -0.15677 0.034367 0.028701 0.061418 0.064251 0.050475 0.032477 0.071966 -0.090567 0.045958 0.095776 0.1798 0.16296 0.25879 0.20622 0.22339 0.255 0.20589 0.22016 0.047442 -0.37464 -0.20484 0.13898 0.016359 0.1137 -0.16648 -0.40597 0.0031025 -0.36394 -0.40537 -0.02649 -0.43958 -0.34332 0.13826 -0.4787 -0.11898 -0.20453 -0.33126 -0.12699 -0.12176 -0.0081086 -0.41804 0.079506 0.38885 0.307 0.22088 0.39412 -0.14272 0.38151 0.49912 0.032117 0.23072 -0.28016 0.18549 0.093574 -0.096928 0.10902 0.22825 0.27607 -0.0026484 0.25919 0.34719 -0.22481 0.36547 -0.26019 -0.35059 0.12385 -0.17417 0.37264 -0.070314 0.22301 0.0082478 -0.07087 -0.16399 0.076418 0.033422 -0.1928 -0.0058716 -0.01405 0.35518 0.16148 -0.20494 0.036593 0.056076 -0.13645 0.15602 -0.10095 -0.16444 -0.11425 -0.014711 0.053413 -0.0485 -0.0030383 0.15047 -0.077742 -0.154 -0.26388 -0.26131 -0.25626 -0.30872 -0.24525 -0.13142 0.12489 -0.075784 -0.0034516 0.11833 0.18351 0.084376 0.14369 0.12573 -0.055071 -0.20409 0.071521 0.10196 0.04094 -0.34018 -0.18904 -0.12094 0.072667 0.16682 0.11607 0.12279 0.0097093 -0.11719 0.17259 0.058452 0.24689 0.19295 0.091982 0.30077 0.19081 0.26517 0.29076 0.30964 0.33277 0.20946 -0.012472 -0.034183 0.17253 0.029822 0.069732 -0.15734 0.31764 0.0023753 -0.43443 -0.30056 -0.28317 -0.094884 -0.34256 -0.52944 -0.46578 -0.57979 -0.0051099 -0.078985 -0.20998 -0.22744 -0.11068 -0.12434 0.050784 -0.23351 -0.25614 0.19244 0.23164 -0.16909 -0.04332
-0.0075498 0.62388 0.24456 0.4822 0.36553 0.1441 0.29119 0.081496 -0.20941 0 0.76396 0.70497 0.61518 -0.29184 0.12662 -0.079232 -0.079359 -0.54716 -0.20822 -0.35175 -0.062962 0.48078 0.49673 0.29565 0.030425 -0.16158 -0.087793 0.25062 0.28735 0.0010719 -0.013627 0.22237 -0.18974 0.34403 0.47695 0.17833 -0.16638 0.086432 0.091156 -0.20352 -0.020484 0.37172 -0.024525 -0.32246 -0.16091 -0.16643 0.35391 0.20191 0.036753 0.19269 0.15194 0.18256 0.087878 0.2165 -0.35696 0.042148 0.14732 -0.33977 0.21823 -0.52957 -0.10518 -0.083226 -0.19811 -0.38653 -0.345 -0.27434 -0.63183 -0.3217 -0.32387 -0.34075 -0.37141 -0.67984 -0.61891 -0.61083 -0.072503 -0.09875 -0.13241 0.21416 -0.0023389 -0.42999 -0.31777 -0.57935 -0.6572 -0.22377 -0.23495 -0.23624 -0.15163 -0.28708 -0.060906 0.50066 0.33281 -0.11016 0.34106 -0.060607 0.061058 0.59587 -0.26792 0.12709 0.31141 0.10709 0.37143 0.36334 -0.17159 0.51238 0.023725 -0.11041 0.1502 0.32724 0.30126 0.29087 0.11264 -0.27413 -0.050695 -0.2123 -0.082243 0.1361 0.54376 -0.019437 -0.09535 0.25868 -0.33422 -0.021693 0.1646 0.55876 0.7301 0.64321 0.079459 -0.37851 0.35536 -0.42135 -0.177 0.45482 -0.20696 -0.10623 -0.096542 0.24136 0.49025 0.1139 0.18105 -0.0015608 -0.021758 -0.18586 0.23836 0.24077 -0.13013 0.2419 0.047987 0.24637 0.0056181 -0.50439 0.29725 0.24021 -0.20348 0.07199 -0.45054 -0.17153 0.20107 -0.15623 -0.53997 -0.090915 0.052068 -0.067361 -0.30038 -0.099635 -0.34467 -0.42515 0.10254 0.15151 0.28636 0.17681 0.22109 -0.33146 0.29332 0.25774 0.014949 -0.44251 -0.17697 -0.62673 -0.25902 -0.54062 -0.19722 -0.29194 -0.14368 -0.44899 0.084312 -0.49488 -0.29683 -0.6075 -0.60246 -0.24375 -0.098454 0.13263 0.32379 -0.36896 0.034349 -0.27493 -0.40297 -0.52519 -0.60439 -0.15667 -0.15379 -0.25915 -0.16281 -0.31952 -0.25169 0.2363 0.03014 -0.019834 0.13104 0.11848 -0.25919 0.24837 -0.18525 0.090469 0.25794 0.25895 0.46762 0.28471 0.3268 0.56369 0.47793 0.063452 -0.1683 0.45868 0.44244 0.45476 0.21724 -0.017692 0.14584 -0.029752 -0.14903 -0.087847 0.20445 0.12604
0.06839 0.71463 0.6202 0.59617 0.38033 0.24284 0.16589 0.39412 -0.13302 0.76396 0 0.66007 0.80063 -0.36935 0.41483 -0.062122 -0.14329 -0.59205 -0.24543 -0.52204 -0.27896 0.43316 0.25243 0.010969 -0.012745 -0.14014 0.080225 0.063132 0.065929 -0.036897 0.12851 0.27941 -0.083225 0.50442 0.39402 -0.097274 -0.39394 -0.20801 -0.12025 -0.22264 -0.065493 0.21419 -0.24228 -0.46144 -0.13774 -0.2151 0.42362 0.34211 0.052941 0.50914 0.083194 0.327 0.15688 0.54053 -0.46476 0.082288 0.28436 -0.26871 0.27922 -0.52769 0.056832 -0.39331 -0.10222 -0.38606 -0.4845 -0.10519 -0.61022 -0.41176 -0.38567 -0.55649 -0.61142 -0.72916 -0.62487 -0.55404 0.27806 0.20799 0.12563 0.56004 0.38669 -0.32564 -0.053429 -0.42123 -0.52049 0.16202 -0.0096463 -0.028109 0.062156 -0.21949 0.014361 0.60467 0.29812 -0.049415 0.48453 0.12031 -0.1627 0.40874 -0.26863 0.029136 0.17936 0.16897 0.44024 0.45551 -0.20772 0.55054 0.15022 -0.19299 0.32028 0.2462 0.3218 0.046158 0.040887 -0.2397 -0.01645 -0.22017 -0.0050668 0.16093 0.39899 0.28894 0.016645 0.21579 -0.11067 -0.017422 0.43483 0.7278 0.65417 0.67639 0.39887 -0.34765 0.52335 -0.62437 -0.11263 0.30485 -0.10097 -0.51553 -0.18484 0.1664 0.16492 0.19114 -0.13575 -0.079123 0.068083 -0.3606 -0.15758 0.1967 -0.35005 -0.05434 -0.03855 0.22507 0.078141 -0.37731 0.23363 0.3318 -0.48002 -0.19744 -0.47862 -0.24053 0.037441 -0.42992 -0.62548 -0.30398 -0.12275 -0.19605 -0.36129 0.060138 -0.29823 -0.34128 0.086506 0.17619 0.31079 -0.038663 0.49687 -0.5043 0.43321 0.41033 0.12334 -0.28527 0.0036374 -0.6205 -0.011726 -0.57468 -0.33749 -0.19929 -0.13939 -0.65253 -0.32171 -0.61246 -0.51977 -0.58252 -0.5947 -0.011879 0.15037 0.38399 0.52327 -0.19057 0.33245 -0.07376 -0.1969 -0.46026 -0.46278 0.13222 0.071564 -0.22435 0.075546 -0.2314 -0.012678 0.22137 0.19678 0.23868 0.30375 0.32346 -0.36223 0.34545 -0.22633 0.018706 0.0029031 0.0021373 0.38892 0.069921 0.20631 0.62546 0.35741 0.14836 -0.29268 0.52588 0.31866 0.51592 0.22364 -0.17727 0.054065 -0.00030393 -0.072015 -0.012115 0.33399 0.060843
0.22927 0.441 0.40979 0.37201 0.32453 -0.02754 0.21295 0.078765 -0.092197 0.70497 0.66007 0 0.76089 0.10659 0.47713 0.21461 0.06985 -0.27233 0.22322 -0.27447 -0.18725 0.57064 0.4265 0.50196 0.20044 0.1362 0.42807 0.51912 0.41427 0.22792 -0.14298 0.06151 -0.2805 0.46026 0.28205 0.036054 -0.092835 0.066404 0.071655 -0.18583 0.31845 0.4577 0.23389 -0.38801 -0.40214 -0.39683 0.16729 -0.15001 -0.043328 0.43626 0.42866 0.28589 -0.14877 0.10391 -0.52473 0.010572 0.36905 -0.20437 0.01955 -0.60655 0.35246 0.097162 0.14718 -0.12457 -0.040616 -0.018281 -0.39618 -0.43039 -0.3617 -0.17502 -0.083035 -0.60632 -0.65897 -0.52111 -0.21979 -0.2911 -0.33861 0.12245 -0.12021 -0.18282 -0.59087 -0.64861 -0.51009 -0.19728 0.020137 0.16927 -0.15715 0.056588 0.064902 0.17527 0.081049 0.062027 0.58293 -0.016517 0.020338 0.20322 -0.27265 -0.31632 -0.1236 0.1956 -0.050275 0.054734 0.017153 0.050878 -0.075344 -0.24126 0.11621 0.50827 0.32514 0.24731 0.23405 -0.01653 -0.033086 -0.014755 0.13854 0.12619 0.13523 0.16375 0.033365 -0.024675 -0.56371 -0.44142 0.10859 0.44773 0.38323 0.59515 0.34284 0.067767 0.44222 -0.34682 -0.12341 -0.069016 -0.41498 -0.29375 -0.4373 0.44734 0.26276 0.26854 0.18061 0.10167 0.35356 -0.1642 -0.001428 0.43082 0.027837 0.22703 0.047874 0.43345 -0.0023416 -0.52328 0.24137 0.42466 -0.064198 0.14155 -0.16933 0.15925 0.12579 -0.089836 -0.65157 -0.021524 0.1466 -0.16187 -0.10891 -0.37333 -0.52388 -0.52596 -0.12042 -0.204 0.040458 0.2324 0.14573 -0.36017 -0.17096 0.48404 0.065866 -0.29438 -0.2276 -0.65159 -0.059617 -0.29891 -0.28694 -0.15844 0.070654 -0.24469 -0.073253 -0.49527 -0.5769 -0.52293 -0.64138 -0.39373 -0.20098 -0.067852 0.26692 -0.28219 -0.056249 -0.4926 -0.49326 -0.56249 -0.52827 -0.17878 0.016917 -0.19219 0.10225 -0.07404 -0.1056 -0.03507 -0.29819 0.25344 0.20787 0.3555 -0.14249 0.33719 -0.39729 -0.37757 -0.1863 -0.12447 0.33984 -0.002086 -0.12893 0.19777 0.010743 0.19817 -0.12548 0.33833 0.4349 0.53207 0.44583 0.2455 0.30794 0.088429 -0.016746 0.11993 0.11965 0.18631
0.0055003 0.32154 0.50813 0.35367 0.22755 0.0075106 0.077181 0.23033 -0.16183 0.61518 0.80063 0.76089 0 -0.14085 0.59684 0.16742 -0.048158 -0.56704 -0.067077 -0.57466 -0.34624 0.42011 0.16725 0.10015 -0.032301 0.12829 0.37828 0.30525 0.17977 0.1627 0.067187 0.37588 -0.090862 0.44686 0.24014 -0.066903 -0.37369 -0.2224 -0.15828 -0.15707 0.18085 0.29375 0.07395 -0.27302 -0.22801 -0.27227 0.21065 0.21195 -0.098175 0.74084 0.24519 0.55922 0.20748 0.59447 -0.52029 0.175 0.53633 0.029922 0.26491 -0.438 0.32962 -0.21109 0.14824 -0.14166 -0.27805 0.11134 -0.36489 -0.3126 -0.15379 -0.31625 -0.35519 -0.50704 -0.49264 -0.33159 0.1796 0.059251 -0.076518 0.36482 0.19567 -0.35038 -0.18107 -0.34344 -0.33817 0.029404 -0.10586 -0.0033515 -0.10359 -0.085 -0.039614 0.35087 0.11752 -0.04179 0.55356 0.11667 -0.23033 0.24419 -0.22545 -0.19721 -0.030521 0.14029 0.24839 0.33427 -0.12947 0.31268 0.057414 -0.22322 0.36359 0.43178 0.54127 -0.056857 0.051478 -0.1357 -0.16899 -0.1932 -0.035478 -0.033217 0.09683 0.089989 -0.054619 0.034837 -0.3561 -0.2381 0.26499 0.49672 0.51987 0.62296 0.60265 -0.13397 0.55013 -0.55123 -0.023559 0.093161 -0.42589 -0.59864 -0.33705 0.22546 0.050992 0.11464 -0.0096083 -0.02351 0.30776 -0.20587 -0.10348 0.4436 -0.31724 -0.016203 -0.23321 0.24182 0.058628 -0.44184 0.21276 0.4016 -0.43148 -0.21423 -0.35692 -0.021022 0.046669 -0.35041 -0.50922 -0.36853 -0.23001 -0.28318 -0.43338 -0.17253 -0.44803 -0.4492 -0.034943 0.099106 0.19797 0.079284 0.43081 -0.45053 0.21034 0.60841 0.27575 -0.063767 0.021915 -0.53988 0.13853 -0.30755 -0.17631 0.061948 0.13135 -0.43456 -0.21201 -0.38782 -0.38403 -0.36301 -0.47529 -0.046907 -0.02303 0.13752 0.28218 -0.28307 0.11085 -0.16911 -0.15507 -0.31617 -0.3427 0.019449 -0.098891 -0.25972 0.07074 -0.19608 -0.12931 -0.035171 -0.095028 0.34264 0.04268 0.31878 -0.27429 0.24393 -0.31659 -0.18934 -0.069038 -0.074075 0.28074 -0.15313 -0.027286 0.36856 0.099476 0.049658 -0.41831 0.47961 0.33597 0.69092 0.55722 0.021806 0.11233 0.11826 -0.24604 -0.039585 0.066545 0.21352
0.12886 -0.2165 -0.30095 -0.46804 -0.1373 -0.22534 0.11713 -0.4653 0.002771 -0.29184 -0.36935 0.10659 -0.14085 0 0.10907 0.8007 0.39918 0.54112 0.84235 0.51547 0.30397 0.10837 0.11609 0.4609 -0.016518 0.50513 0.44882 0.5058 0.42696 0.36129 -0.18726 -0.22281 0.11041 -0.14145 -0.36681 -0.058843 0.33714 0.15216 0.19213 0.074953 0.58595 0.19935 0.58019 0.34497 -0.016167 0.15449 -0.40063 -0.60593 -0.21493 0.0094371 0.63231 0.2109 -0.2473 -0.53022 -0.035007 0.19382 0.16583 0.24312 -0.56555 -0.08014 0.40966 0.72185 0.37644 0.62676 0.68416 0.2041 0.53319 0.20823 0.22698 0.7462 0.73414 0.22751 -0.018451 0.088286 -0.46232 -0.57824 -0.58702 -0.49838 -0.58459 0.088222 -0.5157 -0.22912 0.17607 -0.38587 -0.092543 0.2418 -0.24934 0.47831 0.36442 -0.52233 -0.3341 0.125 -0.087718 -0.36597 0.13948 -0.3316 -0.05656 -0.30291 -0.43059 -0.013386 -0.44191 -0.4381 0.044717 -0.55443 -0.18137 -0.10253 -0.14517 0.26552 -0.036926 0.075241 0.21563 0.24574 -0.035833 0.1725 0.097794 -0.16754 -0.56104 -0.10277 -0.19956 -0.42716 -0.53515 -0.41212 -0.17662 -0.52422 -0.56657 -0.51256 0.081474 0.75779 0.13116 0.31061 -0.13221 -0.53919 -0.35971 0.34707 -0.40002 0.26499 -0.027249 -0.11664 0.22048 -0.10515 0.55349 0.30525 0.0089938 0.1076 0.36088 0.10016 -0.16966 -0.078228 -0.39937 0.095763 0.18999 0.10938 0.32888 0.39348 0.55544 0.66938 0.074124 0.50136 0.1617 0.17671 0.17678 -0.16522 0.21641 -0.22097 0.1164 0.084689 -0.47208 -0.16444 0.014868 0.53327 -0.014335 0.19528 -0.59385 0.28235 0.091009 0.2495 -0.18451 -0.0077219 0.022925 0.5281 0.15619 0.15821 0.29129 0.51607 0.31282 0.45761 0.066302 0.32565 -0.049536 -0.31953 -0.46389 -0.59198 -0.33498 -0.26445 -0.49899 -0.45279 -0.24107 -0.097797 0.11794 -0.48431 -0.24093 0.18004 0.081944 0.47066 -0.00063311 -0.65169 -0.54072 0.27484 -0.276 0.061565 0.29589 -0.34403 -0.34313 -0.41465 -0.5555 -0.3025 -0.18457 0.010631 -0.32588 -0.5673 -0.57591 0.18657 0.16355 -0.1078 0.10969 0.075068 0.23486 0.29788 0.20042 0.17319 0.097266 0.094474 -0.29273 0.019898
0.24855 0.18349 0.64615 0.36356 0.2503 0.03732 -0.027501 0.29661 0.17995 0.12662 0.41483 0.47713 0.59684 0.10907 0 0.32989 0.35603 0.13201 0.39642 -0.22706 -0.35462 0.16354 0.11632 -0.1887 -0.053799 -0.093239 0.72258 0.23959 0.16837 0.40345 -0.096743 0.033215 -0.10044 0.156 0.068132 -0.27254 -0.28751 -0.30736 -0.14645 0.0029623 0.15746 0.11506 0.22469 -0.16657 -0.32101 -0.34389 0.16082 0.0010694 0.071408 0.70835 0.077537 0.29869 -0.13782 0.41852 -0.3101 0.073623 0.43162 0.14356 0.052718 -0.39499 0.81444 -0.19727 0.59678 0.1101 -0.22172 0.21251 -0.15999 -0.3383 0.034604 -0.21638 -0.2136 -0.34544 -0.33195 -0.12868 0.32909 0.13387 0.043825 0.42701 0.32207 -0.14618 0.00016184 -0.12227 -0.065984 0.19014 0.13182 0.18414 -0.09977 0.19288 -0.019012 -0.14717 -0.32987 0.078021 0.59556 0.060591 -0.49341 -0.081221 0.16114 -0.37106 -0.52941 -0.066464 -0.16274 -0.022527 0.03601 -0.13737 -0.060811 -0.15217 0.052543 0.33892 0.22065 -0.19951 -0.12668 -0.0097662 -0.15672 -0.12679 0.043361 0.061733 -0.23632 0.49919 0.31042 -0.049978 -0.22498 -0.43946 0.22292 0.40205 0.10478 0.35445 0.72727 0.25864 0.39016 -0.29818 0.40288 -0.29983 -0.28 -0.64661 -0.57171 0.26742 -0.20646 0.35362 -0.28623 -0.1842 0.13557 -0.19892 -0.40153 0.35586 -0.22951 -0.27112 -0.25398 0.11276 -0.02144 -0.14001 -0.096053 0.3323 -0.31428 -0.24116 0.12503 0.022393 -0.1142 -0.2217 -0.39573 -0.29173 -0.15132 -0.26811 -0.18962 -0.28045 -0.34307 -0.33388 -0.26325 -0.19806 -0.13368 -0.2325 0.30361 -0.3826 -0.10584 0.45132 0.29867 0.073942 0.079794 -0.37554 0.27091 -0.19179 -0.34315 0.39486 0.37448 -0.43154 -0.52709 -0.3042 -0.39379 -0.17819 -0.32458 0.12164 0.22011 0.20539 0.38927 0.02507 0.31023 0.011175 -0.021375 -0.24238 -0.13251 0.17233 0.16302 -0.10861 0.29919 0.0030692 0.043233 -0.20951 -0.20339 0.5663 0.176 0.41932 -0.35982 0.44576 -0.16682 -0.49328 -0.4588 -0.40954 -0.14356 -0.51946 -0.45883 -0.086568 -0.33627 0.013679 -0.28201 0.072638 -0.0021896 0.4237 0.31972 -0.023478 -0.033839 0.11637 -0.15989 0.078692 -0.16881 0.0020507
-0.0049166 -0.048028 -0.18696 -0.2611 0.066928 -0.15962 0.21173 -0.36947 -0.12833 -0.079232 -0.062122 0.21461 0.16742 0.8007 0.32989 0 0.53722 0.26358 0.77386 0.26434 0.21797 0.30675 0.18459 0.39124 -0.0040304 0.49776 0.36432 0.55211 0.48116 0.39019 0.07885 0.063503 0.23474 0.18445 -0.094341 0.073621 0.10958 0.066908 0.18958 0.066174 0.60764 0.29769 0.40048 0.22354 0.10234 0.16046 -0.0663 -0.18508 -0.081231 0.29768 0.62743 0.49582 0.16047 -0.11451 0.005236 0.24879 0.24486 0.19258 -0.43562 -0.21264 0.42807 0.492 0.29247 0.42595 0.37423 0.14205 0.31154 0.11499 0.13452 0.45068 0.41137 0.05322 -0.15497 0.00060888 -0.24766 -0.39997 -0.45269 -0.239 -0.35341 -0.042034 -0.30236 -0.19548 0.13404 -0.26108 -0.20213 0.097945 -0.35463 0.34413 0.28265 -0.3499 -0.26539 0.20311 0.082927 -0.37369 -0.032172 -0.088734 -0.021297 -0.23779 -0.33652 -0.006315 -0.17338 -0.19388 -0.017617 -0.22372 0.0055499 0.024751 0.074423 0.395 0.088726 -0.043954 0.28558 0.022461 -0.22414 -0.019594 0.046294 -0.28772 -0.60996 -0.16979 -0.22937 -0.32235 -0.45003 -0.229 -0.042731 -0.42894 -0.34452 -0.39451 0.34292 0.50177 0.30754 0.10455 -0.064389 -0.28145 -0.56857 0.13703 -0.34587 0.24121 0.024483 -0.26118 0.16147 -0.13668 0.5897 0.22777 0.041434 0.13033 0.078014 0.0049029 -0.2565 -0.061099 -0.34329 -0.052233 0.39941 0.1908 0.017866 0.14149 0.32979 0.50224 0.0049903 0.19052 -0.010891 -0.06799 -0.0035814 -0.26307 -0.035411 -0.10232 0.012837 0.072434 -0.23452 0.11716 0.15333 0.45026 0.17131 -0.11187 -0.36078 0.39619 0.11436 0.15283 -0.094577 -0.2165 0.078917 0.32658 0.06345 0.11496 0.23166 0.15343 0.1945 0.29952 -0.03476 0.14161 -0.23083 -0.17805 -0.32016 -0.32893 -0.18664 -0.28464 -0.33061 -0.29806 -0.17129 -0.15188 0.02389 -0.39018 -0.34894 -0.017314 -0.12096 0.19323 -0.15302 -0.69427 -0.47777 0.24796 -0.42357 -0.047745 0.070533 -0.3514 -0.38654 -0.31193 -0.54794 -0.33452 -0.15162 -0.06823 -0.17179 -0.32405 -0.41439 0.18703 0.034498 0.11507 0.17176 0.25115 0.33535 0.26393 0.29838 0.21849 -0.20107 0.017236 -0.26019 -0.13206
-0.12283 -0.067654 -0.21515 0.06023 0.61124 0.010416 0.10789 -0.36062 0.015277 -0.079359 -0.14329 0.06985 -0.048158 0.39918 0.35603 0.53722 0 0.4744 0.66452 0.4134 0.37045 0.41637 0.61254 0.1296 -0.028261 -0.074799 0.37036 0.63247 0.72863 0.75101 -0.063785 0.28301 0.4009 0.11449 -0.09237 0.017183 0.025905 -0.0044041 0.034655 0.059115 0.30165 0.10583 0.13237 0.1649 0.22843 0.3085 0.046889 -0.13409 -0.016314 0.20544 0.49531 0.28268 0.12955 -0.049128 -0.046413 -0.15093 -0.14337 -0.17191 -0.51406 -0.39762 0.59335 0.51434 0.52063 0.40188 0.23459 -0.15838 0.026601 0.12146 0.20239 0.20213 0.13276 -0.033405 -0.19523 0.015918 -0.11233 -0.32002 -0.3854 -0.025053 -0.23548 -0.011611 -0.24396 -0.25225 -0.072128 -0.41264 -0.35681 -0.2313 -0.40267 0.11311 0.09372 -0.17696 -0.22166 0.22182 0.023569 -0.41817 0.13054 0.28983 0.48439 0.017122 -0.16716 -0.2595 -0.14489 -0.16953 0.024716 -0.14669 -0.025977 0.14746 -0.084112 -0.028774 -0.10795 0.014329 0.12255 0.092549 -0.50977 -0.16628 -0.14342 -0.26102 -0.36148 -0.041289 0.33001 0.29592 -0.37269 -0.071356 -0.1069 -0.17547 -0.1164 -0.20873 0.11011 0.23961 -0.073211 0.26867 0.46097 -0.011586 -0.21504 0.18481 -0.073417 0.34184 0.35827 0.17589 -0.27504 -0.37853 -0.062276 0.50108 0.33745 0.33743 0.069935 -0.32499 -0.33328 -0.42457 -0.49853 0.17151 0.38874 -0.23333 0.10393 -0.096793 0.13909 0.020986 -0.17222 0.14684 -0.059959 -0.054939 -0.11346 -0.15961 -0.0051912 0.057405 0.17395 -0.003382 -0.36676 0.22489 -0.26786 0.26074 -0.088487 -0.44556 -0.25628 -0.16357 -0.25416 -0.23817 -0.41793 -0.37377 -0.27695 0.15437 0.22531 0.33672 0.57416 -0.11275 0.19193 0.10957 0.1011 -0.0065255 -0.25162 -0.21675 -0.27729 -0.13366 -0.0095501 -0.3457 -0.21802 -0.30788 -0.33938 -0.35165 -0.17742 -0.48934 -0.43731 -0.31048 -0.4072 -0.10994 -0.28022 -0.38798 -0.29604 0.23243 -0.30153 -0.3417 0.12855 0.164 0.20794 -0.1479 -0.27888 0.11615 -0.22917 -0.15603 -0.098025 -0.29349 -0.17577 -0.14093 0.063231 0.052168 -0.034938 -0.21805 -0.035594 0.10365 -0.0001521 0.061914 -0.28628 -0.30152 -0.39392 -0.16875
0.28565 -0.20669 -0.13892 -0.31216 -0.059799 0.040144 0.015803 -0.11197 0.31219 -0.54716 -0.59205 -0.27233 -0.56704 0.54112 0.13201 0.26358 0.4744 0 0.64794 0.6484 0.253 -0.19551 0.072186 0.036537 0.12883 -0.0056018 0.34281 0.12044 0.14809 0.33289 -0.14384 -0.44917 0.021925 -0.29239 -0.27054 -0.11501 0.29008 0.093967 0.096494 0.22499 0.13083 -0.035504 0.30695 0.3061 -0.061037 0.011433 -0.23519 -0.46277 0.065285 -0.27489 0.051614 -0.29376 -0.43543 -0.53952 0.1687 -0.13753 -0.18789 0.10779 -0.42469 0.047538 0.36383 0.37136 0.42079 0.43626 0.36359 0.088473 0.40894 0.20328 0.3057 0.41057 0.44103 0.27832 0.15739 0.1991 -0.14975 -0.27728 -0.15679 -0.27149 -0.21658 0.25486 -0.093749 0.060977 0.24116 -0.067744 0.17087 0.25485 -0.052032 0.39935 0.15124 -0.62363 -0.49027 0.054536 -0.19863 -0.16737 0.027119 -0.39663 0.29418 -0.17493 -0.43956 -0.1578 -0.52277 -0.54154 0.25894 -0.58781 -0.18548 0.051651 -0.37559 -0.12434 -0.364 0.0013248 0.0044978 0.19529 -0.094158 0.20587 0.16738 -0.064137 -0.32759 0.33053 0.27769 -0.14291 -0.046281 -0.15172 -0.27781 -0.26785 -0.5767 -0.46227 -0.11463 0.62452 -0.27777 0.40772 0.38498 -0.46208 0.19947 0.28954 -0.19551 0.1911 -0.098197 0.26137 -0.12672 -0.091983 -0.051428 0.25513 -0.19525 -0.049127 0.31606 -0.087265 -0.071472 -0.13303 -0.22328 0.29686 -0.21176 -0.0080881 0.32298 0.22575 0.64952 0.22859 0.020841 0.54944 0.34319 0.24926 0.21004 -0.067731 0.27637 -0.26027 0.16524 0.21866 -0.30787 -0.31188 -0.22884 -0.079884 -0.22913 0.16644 -0.51861 -0.19431 -0.093009 0.13662 -0.10885 0.14394 0.023478 0.27 0.0027451 0.29622 0.25433 0.27776 -0.035969 0.33105 0.15248 0.35361 0.11209 -0.12675 -0.055917 -0.22882 -0.094311 0.16083 -0.10285 -0.12943 -0.076602 -0.0055583 0.17178 -0.098386 0.20071 0.27787 0.22316 0.43465 0.18807 -0.34318 -0.19376 0.19869 0.092216 0.05671 0.1279 0.016868 0.15413 -0.3024 -0.45037 -0.28871 -0.36142 -0.15947 -0.43256 -0.61354 -0.47958 0.010455 0.29276 -0.4775 -0.27052 -0.36728 -0.23836 0.0142 -0.053098 -0.05156 0.22846 0.11647 -0.20328 -0.2861
0.26262 -0.087575 -0.065262 -0.23983 0.12304 -0.11139 0.11697 -0.31844 0.12769 -0.20822 -0.24543 0.22322 -0.067077 0.84235 0.39642 0.77386 0.66452 0.64794 0 0.46024 0.1753 0.19877 0.27908 0.35415 0.094754 0.31212 0.54429 0.52887 0.49202 0.45314 -0.11641 -0.18191 0.12056 0.035284 -0.12926 0.010361 0.28887 0.1809 0.23878 0.14022 0.54319 0.3065 0.56198 0.14357 -0.097012 0.029657 -0.12463 -0.50856 0.016121 0.11745 0.56413 0.17602 -0.28124 -0.38632 -0.050345 0.034345 0.080023 0.060052 -0.53074 -0.27779 0.62748 0.57318 0.49272 0.45807 0.44981 0.077969 0.28204 -0.030314 0.087844 0.44537 0.5322 0.019802 -0.15693 -0.018439 -0.28281 -0.46152 -0.47605 -0.25373 -0.38643 0.074846 -0.42267 -0.26783 0.091406 -0.29411 -0.049774 0.21971 -0.2952 0.44852 0.42281 -0.52884 -0.35317 0.26632 0.19083 -0.37175 0.017581 -0.24777 0.14051 -0.36859 -0.55291 -0.057026 -0.51808 -0.49607 0.15252 -0.52348 -0.14902 -0.046138 -0.20596 0.26903 -0.060331 0.15586 0.22774 0.14527 -0.19539 0.14674 0.16909 -0.19213 -0.53731 0.14842 0.097017 -0.26616 -0.52468 -0.48115 -0.22384 -0.27714 -0.48052 -0.34525 0.15176 0.66822 0.15467 0.21633 0.13692 -0.50925 -0.37815 0.15312 -0.54725 0.37247 0.00098683 0.093013 0.019022 -0.11608 0.33637 0.16799 -0.089874 0.095626 0.34202 0.024772 -0.1404 -0.02201 -0.39218 0.07697 0.20787 0.18496 0.29078 0.32253 0.46276 0.5179 0.11541 0.45069 -0.099096 0.195 0.21413 -0.21423 0.22246 -0.24332 0.009717 -0.0022161 -0.42555 -0.16475 -0.11608 0.32421 -0.013518 -0.055764 -0.604 0.17946 0.012457 0.027931 -0.23008 -0.19317 -0.050904 0.25031 -0.10807 0.16587 0.33666 0.19971 0.014575 0.13892 -0.14705 0.082193 -0.21255 -0.29061 -0.28006 -0.34839 -0.096176 -0.1984 -0.29025 -0.40028 -0.286 -0.25843 -0.01366 -0.38344 -0.14726 0.067404 0.07294 0.36649 0.048214 -0.60534 -0.49992 0.30989 -0.13844 0.087249 0.044408 -0.058476 -0.25157 -0.52555 -0.69531 -0.38385 -0.21803 -0.16093 -0.45984 -0.53192 -0.54749 0.17076 0.16496 -0.13018 0.048104 0.028984 0.19216 0.31591 0.22476 0.13301 0.079018 0.13868 -0.22503 -0.064702
