0 0.17824 0.62371 0.36652 0.61257 0.12677 -0.11995 0.21904 -0.24129 0.31767 -0.11236 -0.4301 0.036977 -0.45309 0.51711 -0.10296 0.33295 0.15158 0.39678 -0.22165 -0.022487 0.20961 0.081176 -0.29258 -0.31451 -0.02317 -0.39255 0.16761 0.071809 0.28628 -0.052289 0.21045 0.15693 -0.072396 0.32303 0.48802 0.063354 0.21042 -0.31664 -0.28328 -0.59103 -0.38774 -0.16208 -0.060583 0.22897 0.32426 0.21994 0.42788 0.37139 0.024049 -0.28165 -0.15182 0.0055098 0.20168 0.17139 -0.058239 0.11639 -0.2501 -0.13036 -0.12504 0.2508 -0.1633 0.32293 -0.050959 -0.4592 -0.11466 -0.34316 -0.10793 -0.16036 -0.22769 -0.31717 -0.45754 -0.18718 -0.27383 -0.13389 -0.011323 -0.019288 0.20351 0.086192 -0.059551 0.18054 -0.1776 -0.27598 -0.08023 -0.020223 -0.16586 0.14689 -0.30751 0.22409 -0.13487 -0.011071 0.11633 0.27569 0.23291 0.3758 0.44833 0.45167 0.081811 0.20415 0.37959 0.033986 0.00013874 -0.042748 -0.35544 0.0015595 0.056819 0.23534 -0.041152 -0.36499 -0.12914 0.0018757 -0.10047 -0.0068311 0.089882 0.017028 0.31701 0.1995 0.36158 0.16963 0.51461 -0.14493 -0.16213 0.17102 0.18413 0.12645 -0.24105 -0.015754 -0.41081 -0.34979 -0.28799 0.3655 0.27485 -0.13357 -0.18591 0.20867 -0.26382 0.034653 -0.092618 -0.31183 -0.41309 -0.33304 0.23119 0.17445 -0.0096569 0.41281 0.34809 0.35177 0.21209 -0.016833 0.34279 0.051694 -0.16314 0.21696 0.18098 -0.26362 -0.49788 0.069824 -0.20556 -0.11413 0.35339 0.29021 0.47193 0.34227 0.29111 0.35004 0.26088 0.21332 -0.081351 -0.25032 -0.24003 0.046224 0.018641 0.11617 -0.091158 -0.15979 -0.36611 -0.24631 -0.17277 -0.25921 -0.0041696 0.10839 0.23085 0.032842 -0.29262 -0.14779 -0.14652 -0.21448 -0.20386 -0.26576 -0.20696 -0.07612 -0.22583 -0.035311 -0.045395 -0.11919 -0.42906 -0.31065 -0.40251 -0.04896 -0.22652 -0.015114 -0.074817 0.10291 -0.05932 0.16823 0.07564 0.38953 0.26924 0.34731 0.021219 0.25261 0.37129 0.17386 0.29806 0.31438 0.20456 0.17383 0.29924 0.29421 0.42095 0.22586 0.14914 0.19147 0.11952 -0.066223 -0.29602 -0.40011 -0.2714 -0.033849 -0.19216 0.1357 0.2564 0.32352 -0.13377
0.17824 0 0.12632 0.36577 0.56811 0.8327 0.77186 0.38274 0.12447 0.15993 0.087737 -0.46203 -0.33177 -0.076904 -0.27969 -0.23224 0.4124 0.6008 0.65659 0.58679 0.76799 0.75367 0.68767 0.2001 -0.61056 -0.71247 -0.40526 -0.35328 0.15363 0.60703 -0.47442 -0.42186 -0.26643 -0.43334 -0.21288 -0.323 -0.4894 -0.18171 -0.58992 0.45397 -0.18219 -0.085012 0.32821 0.35417 -0.1813 -0.069611 -0.23011 -0.14558 -0.25736 -0.47761 -0.60507 -0.50116 -0.51819 -0.44157 -0.3002 -0.3524 -0.19569 -0.27015 -0.29103 -0.099609 0.58707 0.31441 0.36667 0.28772 0.077118 -0.25947 0.064986 0.38353 0.33902 0.060854 -0.38095 0.08512 -0.086645 -0.092392 -0.092545 -0.1794 -0.19111 -0.35701 0.013882 -0.088782 0.14331 0.098621 -0.22358 0.066084 -0.012625 -0.19724 -0.41065 -0.029877 -0.12776 0.14685 0.22795 -0.20501 -0.21914 -0.105 -0.33949 0.4441 0.62958 0.4507 0.36761 0.030463 0.18749 -0.073799 0.22068 0.028775 0.2971 -0.40485 -0.23355 0.21402 -0.18235 -0.15107 -0.36961 -0.40823 0.41502 0.27835 -0.23215 0.28915 0.59506 0.013335 -0.0060422 0.30643 0.29189 0.46527 -0.061566 -0.053309 -0.27901 -0.32425 -0.71922 -0.24458 -0.66715 0.16643 0.070097 0.55034 0.44303 0.44711 0.46978 -0.0024784 0.23507 0.015003 -0.17312 -0.15783 -0.5452 0.26141 -0.2495 -0.27444 -0.27403 -0.37755 -0.18076 -0.19655 -0.57273 -0.045036 -0.65613 -0.67929 -0.15248 -0.4469 0.52618 -0.024494 0.078817 0.017309 0.29939 -0.38583 -0.33192 -0.095319 -0.28899 -0.27931 0.0052438 -0.25942 -0.15384 -0.42747 -0.76363 -0.4732 -0.67061 -0.3434 -0.46377 -0.57595 -0.54216 -0.54382 -0.4858 -0.095999 -0.60255 -0.057512 0.39235 0.079401 0.40432 -0.43136 -0.10416 0.4492 0.25656 -0.0089932 -0.022009 0.0088486 -0.34718 -0.30321 -0.1178 -0.17781 -0.2016 -0.13889 -0.041119 -0.019788 -0.099272 -0.48499 -0.35944 -0.26475 -0.58317 -0.23427 -0.35127 0.096554 0.036961 0.42376 -0.29389 -0.51358 -0.57511 0.23459 0.57248 0.17317 0.15241 -0.092364 0.099102 0.025151 0.086058 0.24265 0.46358 0.058641 -0.25733 -0.18988 0.25139 -0.67375 -0.37376 -0.32832 -0.54675 -0.44413 0.47579 0.17586 -0.055532 -0.051241
0.62371 0.12632 0 0.4644 0.7492 0.22306 -0.032756 0.41152 -0.41442 0.42971 -0.068778 -0.4751 -0.056634 -0.67356 0.64282 -0.35769 0.15808 -0.0031567 0.45894 -0.23468 -0.091262 0.17396 0.048815 -0.46842 -0.44949 -0.19857 -0.58668 0.12305 0.24277 0.21831 -0.0073593 0.11024 -0.043888 -0.15059 0.33865 0.41074 -0.04537 0.11101 -0.44802 -0.38925 -0.75999 -0.47283 -0.22642 0.02986 0.28809 0.29919 0.2747 0.36682 0.36249 -0.11397 -0.42912 -0.2474 -0.12841 0.1061 0.013669 -0.13333 0.020171 -0.40604 -0.3118 -0.31953 0.16273 -0.15781 0.43132 -0.038212 -0.4827 -0.20086 -0.56281 -0.14616 -0.22861 -0.3223 -0.37611 -0.56351 -0.32095 -0.29771 -0.24276 -0.082781 -0.063384 0.1689 -0.041845 -0.16984 0.16553 -0.37367 -0.3786 -0.18098 0.022727 -0.26947 0.14665 -0.37632 0.33796 -0.14408 0.17515 0.35447 0.56581 0.2914 0.50785 0.59035 0.47462 0.17482 0.31496 0.47605 0.089706 -0.1541 -0.20175 -0.34233 0.1336 0.15301 0.23747 -0.16092 -0.57055 -0.34015 -0.091014 -0.089243 -0.10941 -0.039573 -0.080415 0.52315 0.40526 0.41501 0.2714 0.79421 -0.29202 -0.078268 0.22783 0.47424 0.45244 -0.067424 0.14717 -0.60418 -0.37812 -0.46339 0.63102 0.47318 -0.026586 -0.14491 0.47758 -0.23467 0.25542 -0.045535 -0.29207 -0.57753 -0.45768 0.57026 0.47842 0.24746 0.33283 0.1252 0.2515 0.07093 0.11503 0.26378 0.14633 -0.28241 0.15679 0.094394 -0.37477 -0.61661 0.24352 -0.002849 0.008457 0.25252 0.20656 0.38595 0.2893 0.24077 0.22789 0.12772 0.090009 -0.12386 -0.18504 -0.071839 0.16547 -0.15333 0.16152 0.20604 -0.23294 -0.46656 -0.3392 -0.46764 -0.3255 0.014811 0.29231 0.47967 0.29657 -0.48498 -0.0115 -0.1045 -0.20789 -0.21331 -0.36911 -0.21272 -0.15417 -0.23848 -0.05321 -0.14658 -0.29406 -0.5371 -0.41295 -0.38723 -0.095404 -0.2929 0.061785 0.17882 0.36323 0.12797 0.41213 -0.062506 0.58472 0.49416 0.66558 0.23404 0.37497 0.67422 0.43567 0.52242 0.43883 0.38302 0.11033 0.20801 0.3884 0.55906 0.3658 0.13456 0.29641 0.21512 -0.082202 -0.35733 -0.40715 -0.28417 -0.042573 -0.032223 0.020813 0.16618 0.44906 -0.28898
0.36652 0.36577 0.4644 0 0.58599 0.31886 0.15292 0.24663 0.061273 0.03772 -0.19511 -0.43828 -0.34567 0.075457 0.053532 0.043236 0.55187 0.56148 0.5236 0.16279 0.1236 0.32572 0.27906 -0.0050288 -0.41296 -0.34557 -0.10455 -0.15044 -0.1257 0.53416 -0.25108 -0.38673 -0.35433 -0.3458 -0.054885 -0.18984 -0.033781 -0.012081 -0.1209 0.041899 -0.30106 -0.1331 0.34966 0.078513 -0.066882 -0.21966 -0.2344 -0.14158 -0.051916 -0.26856 -0.06681 -0.45659 -0.16986 -0.3269 -0.14448 -0.27582 0.086828 -0.21364 -0.18333 0.025662 0.55642 0.019002 0.48156 0.17702 -0.16097 -0.14825 -0.20583 0.10039 0.039209 0.11714 -0.056364 -0.14489 0.0090603 -0.082132 -0.10507 0.041187 -0.19808 -0.090874 -0.073264 -0.074615 0.18946 -0.12036 -0.16577 0.017465 0.093018 0.017054 -0.15029 0.010759 0.095486 -0.21694 0.010133 -0.034265 0.17134 -0.21579 -0.023229 0.39851 0.52911 0.013692 -0.0091517 0.058414 -0.035491 -0.10604 0.083164 -0.30802 0.29178 -0.24131 -0.31431 0.156 -0.30198 -0.38205 -0.31873 -0.35588 0.29132 0.23221 -0.094354 0.56832 0.018496 0.4465 0.62361 0.31591 0.1226 0.062371 0.26404 -0.097709 -0.15659 -0.42281 -0.19672 -0.19352 -0.17673 0.12103 0.33071 0.38992 0.05165 0.0056291 0.027268 -0.2443 0.14431 0.1357 -0.44881 -0.35596 -0.49483 0.32202 -0.10742 -0.059165 -0.045693 -0.31367 -0.20009 -0.11438 -0.23214 -0.06403 -0.3733 -0.45249 0.014045 -0.19615 -0.01958 -0.35668 0.10457 0.089519 0.11405 -0.13989 -0.21048 -0.10354 -0.10909 -0.32963 0.0058677 -0.30702 -0.16744 -0.39871 -0.44721 -0.066895 -0.19726 -0.32216 -0.27624 -0.09142 -0.23503 -0.13041 -0.29237 -0.077554 -0.14302 -0.078886 0.0071428 0.45983 0.33947 -0.095039 -0.0097207 0.10094 0.035816 -0.073578 -0.015231 -0.029085 -0.056371 -0.146 -0.12852 -0.12562 -0.11374 -0.11077 -0.10158 0.0098392 -0.039361 -0.13542 -0.1835 -0.043794 -0.0060945 0.020299 0.083606 -0.11317 0.26146 0.46569 0.047118 -0.18013 0.028235 0.14741 0.15946 0.15592 -0.034433 -0.10271 0.074121 0.040644 0.034945 0.16784 0.20352 -0.012062 -0.14573 -0.30729 -0.24546 -0.52874 -0.31349 -0.54108 -0.33523 -0.44463 0.2625 0.095797 -0.1047 -0.23433
0.61257 0.56811 0.7492 0.58599 0 0.59085 0.22631 0.43551 -0.27184 0.56785 0.00092338 -0.49651 -0.068936 -0.46217 0.42804 -0.24861 0.48887 0.42091 0.82793 -0.0053232 0.19083 0.52632 0.30446 -0.23791 -0.59443 -0.39692 -0.59622 0.029795 0.26345 0.57394 -0.12144 -0.2394 -0.17578 -0.30219 0.15083 0.15118 -0.31777 -0.060133 -0.57277 -0.16714 -0.7242 -0.49273 0.023383 -0.0033186 0.18517 0.15543 0.0082221 0.17515 0.12375 -0.36852 -0.48442 -0.51134 -0.28315 -0.22034 -0.10255 -0.29342 -0.11963 -0.39185 -0.39077 -0.12716 0.51104 0.060337 0.62004 0.046307 -0.29384 -0.29467 -0.49047 -0.094794 -0.12512 -0.19997 -0.48626 -0.46381 -0.12975 -0.14836 -0.095509 0.045455 -0.14102 -0.011069 -0.091451 -0.2888 0.30194 -0.1401 -0.37693 -0.082792 -0.075044 -0.35024 -0.23894 -0.48107 0.2235 0.0084541 0.22756 0.17719 0.30118 0.02997 0.27112 0.78262 0.71878 0.23768 0.52273 0.46151 0.1419 -0.20597 -0.11103 -0.47398 0.25737 -0.21291 0.0616 0.036763 -0.6388 -0.34572 -0.053051 -0.26139 0.022687 -0.0371 -0.25926 0.35076 0.50086 0.27369 0.15953 0.8091 -0.12254 -0.030415 0.094709 0.33505 0.21349 -0.33029 -0.21214 -0.69513 -0.66615 -0.33847 0.57925 0.69994 0.05632 -0.081454 0.39998 -0.2329 0.16556 -0.13023 -0.44501 -0.56745 -0.63281 0.61563 0.27812 0.084672 0.12721 -0.010711 0.13764 0.0043644 -0.13009 0.18046 -0.23932 -0.47399 -0.026013 -0.15929 -0.19405 -0.70717 0.043883 -0.083843 -0.064498 0.0042463 0.012727 0.2722 0.066984 0.060667 0.18588 -0.062862 -0.046974 -0.41222 -0.57054 -0.32414 -0.26127 -0.2494 -0.14036 -0.074979 -0.44554 -0.50496 -0.45956 -0.2796 -0.56447 -0.081465 0.32158 0.49477 0.39266 -0.55214 -0.12742 0.040192 -0.1782 -0.38174 -0.17116 -0.060019 -0.084999 -0.2442 0.033488 -0.1892 -0.25093 -0.34111 -0.15798 -0.25943 -0.025131 -0.40395 -0.15164 -0.16465 -0.095596 -0.23491 0.028666 -0.13509 0.45608 0.63807 0.35818 -0.13661 0.058827 0.69735 0.55874 0.40827 0.35824 0.29819 0.066249 0.13772 0.36581 0.4878 0.49887 0.13101 -0.079897 0.08855 0.067858 -0.5839 -0.71111 -0.53418 -0.19591 -0.27899 0.077383 -0.022159 0.15984 -0.13503
0.12677 0.8327 0.22306 0.31886 0.59085 0 0.83473 0.53061 0.083864 0.17614 -0.073124 -0.49494 -0.42388 -0.22775 -0.15149 -0.39664 0.21546 0.52027 0.67578 0.57323 0.74427 0.74475 0.72089 0.078678 -0.65418 -0.70857 -0.45633 -0.25144 0.22134 0.57074 -0.51776 -0.39862 -0.28458 -0.45476 -0.30621 -0.29555 -0.66031 -0.28274 -0.71479 0.37318 -0.32178 -0.25985 0.26258 0.3979 -0.28607 -0.0926 -0.28652 -0.24217 -0.35351 -0.477 -0.70136 -0.45762 -0.60333 -0.37441 -0.4521 -0.34836 -0.22663 -0.33525 -0.34671 -0.24506 0.49722 0.27107 0.43593 0.32148 0.039667 -0.21101 -0.084722 0.38911 0.33656 -0.014284 -0.44992 -0.042164 -0.253 -0.15967 -0.1942 -0.26628 -0.20042 -0.34257 -0.053231 -0.063405 0.025286 -0.13994 -0.18297 0.0093326 0.072709 -0.1606 -0.33115 0.0031389 0.069148 0.22175 0.36979 0.07836 -0.085376 -0.032625 -0.28616 0.42685 0.5968 0.64119 0.27001 0.055149 -0.024118 -0.22222 0.11456 0.0081331 0.12763 -0.45067 -0.3113 -0.05744 -0.21099 -0.16776 -0.29731 -0.30822 0.32409 0.17611 -0.18278 0.257 0.5516 0.044721 -0.061565 0.40917 0.30362 0.52897 0.082813 0.029651 -0.079136 -0.31795 -0.55184 -0.28282 -0.58505 0.12662 0.15715 0.5495 0.56043 0.44183 0.60067 0.010559 0.30839 0.17323 -0.20926 -0.37686 -0.47672 0.38469 -0.1015 -0.066358 -0.33648 -0.34477 -0.29427 -0.35911 -0.42078 -0.14037 -0.44486 -0.70212 -0.30888 -0.54827 0.44243 -0.1146 0.084726 0.073193 0.33752 -0.51061 -0.41659 -0.21327 -0.35893 -0.25531 -0.06161 -0.36211 -0.30923 -0.37129 -0.66002 -0.37362 -0.52442 -0.50242 -0.27312 -0.43081 -0.48307 -0.55183 -0.48726 -0.29541 -0.48745 0.038919 0.48129 0.20591 0.48485 -0.52925 -0.041541 0.45186 0.25858 0.026382 -0.2142 -0.12138 -0.36832 -0.28368 -0.099558 -0.16569 -0.21678 -0.25218 -0.22714 -0.058444 -0.16149 -0.44472 -0.2231 -0.10949 -0.39405 -0.077141 -0.18452 0.13727 0.11388 0.52006 -0.10053 -0.29091 -0.49 0.26914 0.57054 0.295 0.090892 -0.010707 0.013153 -0.094952 0.02874 0.15028 0.30856 -0.12448 -0.34568 -0.21951 0.11427 -0.66771 -0.29836 -0.26086 -0.37705 -0.31657 0.32637 0.13266 -0.018259 -0.22275
-0.11995 0.77186 -0.032756 0.15292 0.22631 0.83473 0 0.48241 0.15475 -0.16387 -0.066294 -0.44158 -0.48606 -0.011596 -0.46564 -0.44376 -0.051233 0.3671 0.37703 0.79226 0.84427 0.59703 0.80085 0.16936 -0.53815 -0.67917 -0.17387 -0.32365 0.22812 0.43951 -0.57097 -0.31234 -0.24894 -0.42593 -0.41939 -0.43153 -0.61085 -0.25351 -0.52562 0.57445 -0.016662 0.067619 0.37202 0.64504 -0.48393 -0.153 -0.33714 -0.37108 -0.46445 -0.38545 -0.59472 -0.2449 -0.5572 -0.35315 -0.39532 -0.28423 -0.18604 -0.27297 -0.24827 -0.30566 0.38214 0.40607 0.27565 0.57387 0.23381 -0.14237 0.29091 0.67841 0.6144 0.20053 -0.1355 0.2876 -0.33685 -0.24672 -0.32368 -0.51448 -0.25015 -0.48411 -0.041151 0.089752 -0.16288 -0.12464 -0.20621 -0.010617 0.10599 -0.062142 -0.22589 0.33742 -0.098611 0.18102 0.26642 -0.080535 -0.2046 -0.019497 -0.39655 0.14554 0.39912 0.66997 0.10753 -0.17417 -0.034947 -0.096485 0.24483 0.3417 0.096935 -0.40425 -0.37427 -0.027413 0.08987 -0.20392 -0.5543 -0.28589 0.4969 0.37328 -0.13168 0.3157 0.46101 -0.02625 -0.071693 0.070813 0.36726 0.80071 0.036508 -0.17603 -0.27858 -0.20535 -0.54492 0.12416 -0.3803 0.32172 -0.084094 0.28983 0.74571 0.67527 0.52734 0.10328 0.2987 0.406 0.022465 -0.13762 -0.25025 0.18738 -0.24554 -0.13031 -0.46892 -0.47903 -0.44572 -0.44504 -0.4969 -0.21342 -0.43192 -0.71337 -0.34434 -0.54096 0.70187 0.33717 0.2184 0.26216 0.59787 -0.6212 -0.52081 -0.41372 -0.53292 -0.41481 -0.14411 -0.38665 -0.34629 -0.14674 -0.48674 -0.25258 -0.48445 -0.46321 -0.3058 -0.5505 -0.36294 -0.44532 -0.4301 -0.27646 -0.25936 0.24142 0.51343 0.043558 0.41671 -0.25981 0.1099 0.6766 0.56549 0.40257 -0.25182 -0.21886 -0.60706 -0.3811 -0.32443 -0.11256 -0.2762 -0.24265 -0.24637 -0.052564 -0.18242 -0.40331 -0.2767 0.076119 -0.41575 0.1975 -0.23808 0.16842 -0.11388 0.18094 -0.35707 -0.25668 -0.53561 -0.025074 0.5144 0.18085 -0.10349 -0.30042 -0.035951 -0.19318 -0.15372 0.027641 0.21477 -0.12556 -0.2721 -0.21201 0.12689 -0.60843 -0.010531 -0.10229 -0.50216 -0.36824 0.46887 0.33292 -0.032923 -0.23348
0.21904 0.38274 0.41152 0.24663 0.43551 0.53061 0.48241 0 0.097947 0.17421 -0.15269 -0.37458 -0.17848 -0.4994 0.21433 -0.4585 -0.039326 0.056857 0.26843 0.23659 0.32817 0.35843 0.38909 0.033467 -0.40709 -0.30165 -0.2898 0.16336 0.30015 0.27148 -0.22192 -0.08868 -0.2442 -0.24199 -0.31519 -0.17697 -0.47613 -0.30018 -0.58583 -0.0072759 -0.5261 -0.41312 -0.033171 0.33161 -0.26468 -0.1767 -0.32638 -0.2719 -0.316 -0.17697 -0.48297 -0.13131 -0.43086 -0.066254 -0.14233 0.034292 0.097656 -0.093198 -0.091756 -0.14322 0.18141 -0.0064566 0.38363 0.33563 -0.22207 -0.05152 -0.24051 0.19224 0.12724 -0.079269 -0.18094 0.040373 -0.10056 -0.061374 -0.16131 -0.33995 -0.21244 -0.18797 -0.20593 -0.059451 0.068196 -0.24374 -0.099318 -0.117 0.083126 0.05395 -0.050826 -0.071526 0.063287 -0.089446 0.24462 0.20661 0.15945 -0.0066284 -0.059366 0.34176 0.38871 0.43205 0.082959 -0.11122 -0.21528 -0.45525 -0.062797 -0.036479 -0.070732 -0.17358 -0.31426 -0.29058 -0.21009 -0.20926 -0.20444 -0.0070646 0.1672 -0.14212 0.018177 0.23414 0.34425 -0.0079409 -0.13514 0.45262 -0.12752 0.25704 0.44594 0.19206 0.27004 -0.034138 -0.03604 -0.26753 -0.25211 0.014 0.33289 0.25592 0.25234 0.18785 0.44112 -0.1355 0.46946 0.30168 0.17409 -0.47875 -0.18531 0.48463 0.27011 0.32499 -0.26947 -0.27614 -0.38726 -0.38055 0.023282 -0.28594 0.026878 -0.46602 -0.31178 -0.45474 0.050264 -0.17822 0.16699 0.018939 0.2195 -0.42677 -0.41641 -0.344 -0.31997 -0.26401 -0.30067 -0.43808 -0.43842 -0.13882 -0.24473 -0.16905 -0.046859 -0.29291 0.079629 -0.026365 -0.060422 -0.24362 -0.15164 -0.21955 -0.12914 0.13108 0.26729 0.28679 0.288 -0.2061 -0.024665 0.2179 0.067077 0.029533 -0.10442 0.0084196 -0.31186 -0.2219 -0.13696 -0.17467 -0.31199 -0.24484 -0.17734 0.14626 0.040805 -0.22219 -0.043423 0.20308 0.14168 0.21165 0.14454 0.24404 0.2247 0.44181 0.22945 0.063453 -0.0555 0.2689 0.29459 0.29399 -0.043924 -0.095704 -0.30217 -0.23131 -0.2059 0.037736 -0.010241 -0.31749 -0.25744 -0.10715 -0.24146 -0.32899 -0.10961 -0.058726 -0.056302 -0.047065 0.055419 -0.0081951 0.18459 -0.29889
-0.24129 0.12447 -0.41442 0.061273 -0.27184 0.083864 0.15475 0.097947 0 -0.49092 -0.32007 -0.077415 -0.26221 0.28298 -0.34952 0.17561 0.15911 0.13278 -0.20352 0.15621 0.16619 -0.012396 0.087004 0.34287 0.062379 -0.13541 0.27755 0.014195 -0.18455 0.09865 -0.31892 -0.15706 0.036581 0.09759 -0.39699 -0.57141 -0.12151 -0.33773 -0.060652 -0.017917 0.17561 -0.16734 -0.021141 -0.015223 -0.36032 -0.39473 -0.36873 -0.28728 -0.42132 0.058955 0.033158 0.045718 -0.083563 -0.048565 0.013841 0.19811 0.24342 0.38147 0.33724 0.31856 0.042095 -0.13058 -0.16792 0.17444 0.16224 0.38277 0.34178 0.12884 0.12606 0.2171 0.10535 0.35409 0.25382 0.12682 0.091431 0.014154 0.049126 -0.49044 0.06264 0.22045 0.15445 0.35296 0.47679 0.43888 0.25388 0.61436 -0.14042 0.39325 -0.49388 -0.25498 0.13406 -0.48095 -0.21353 -0.33781 -0.38734 -0.24501 -0.075092 0.059281 -0.24717 -0.36275 0.061717 0.2293 0.34821 0.31223 -0.055284 -0.24408 -0.44156 0.094428 0.23427 0.30513 0.057262 -0.25703 0.41725 0.23308 0.28979 -0.22579 -0.30403 -0.25563 -0.13892 -0.38174 0.35918 -0.058964 0.28514 -0.59155 -0.50832 0.03021 -0.34486 0.18856 0.023271 0.47201 -0.35859 -0.12119 -0.15203 -0.056881 -0.25201 -0.27481 -0.30977 0.011988 0.062625 0.32355 0.11572 -0.37504 -0.43914 -0.14271 -0.42745 -0.30613 -0.34051 -0.10063 -0.06306 -0.11065 -0.23106 -0.13106 -0.22091 -0.39527 0.098879 0.22229 -0.39568 -0.45666 0.015517 -0.35553 -0.31973 -0.37163 -0.32179 -0.17154 -0.21485 -0.29582 -0.11146 -0.13164 -0.22716 -0.17794 -0.37374 0.016311 -0.18289 -0.23219 0.19871 0.19013 0.36843 0.40676 0.17319 0.079465 -0.11486 -0.35212 -0.27861 0.28072 -0.40996 0.098777 0.051887 0.058005 0.20867 0.25042 0.087114 -0.022273 0.023035 0.012412 0.1975 0.4464 0.32287 0.42068 0.17982 0.29188 -0.0039421 -0.12773 -0.27795 -0.049417 -0.56065 0.4998 -0.25845 0.090686 -0.4999 -0.38144 -0.4487 -0.44813 -0.36046 -0.21879 -0.072725 -0.4412 0.21963 0.091976 -0.35206 -0.29847 -0.10243 -0.20626 -0.26325 -0.69786 -0.33804 -0.21728 0.25098 0.10426 -0.044197 -0.26293 0.3576 0.043362 -0.17135 -0.21411
0.31767 0.15993 0.42971 0.03772 0.56785 0.17614 -0.16387 0.17421 -0.49092 0 0.32656 0.059184 0.52967 -0.40012 0.63481 0.087619 0.32591 0.012091 0.49675 -0.27167 -0.22704 0.18793 -0.15864 -0.12653 -0.11961 0.12088 -0.39844 0.34602 0.28465 0.13573 0.41923 0.022794 -0.16906 -0.015502 0.21241 0.36273 -0.10208 -0.02111 -0.15334 -0.13644 -0.41496 -0.28917 -0.20158 -0.28444 0.50373 0.2395 0.12434 0.19671 0.20147 -0.068295 -0.091834 -0.27168 -0.033472 -0.028848 0.15362 -0.037835 -0.11379 -0.10833 -0.23286 -0.0075003 0.070837 -0.053671 0.23631 -0.24808 -0.29483 -0.24835 -0.46559 -0.47009 -0.40905 -0.26646 -0.28794 -0.33172 0.19807 0.33419 0.34238 0.14083 -0.20646 0.25669 -0.2195 -0.53473 0.31538 0.092896 -0.2382 -0.30924 -0.36251 -0.34153 -0.28992 -0.66595 0.23383 0.24712 0.010147 0.31039 0.25472 0.094938 0.24934 0.52996 0.26253 -0.20751 0.43106 0.36528 0.024143 -0.37257 -0.445 -0.59403 0.24806 0.087273 0.48008 0.05135 -0.48041 0.045517 0.34379 0.20968 -0.51145 -0.53186 -0.48411 -0.20066 0.43127 -0.021329 -0.25722 0.64736 -0.4628 -0.28449 -0.22726 0.5826 0.52929 -0.10923 0.17856 -0.56805 -0.34851 -0.53153 0.47295 0.37815 -0.24424 -0.29107 0.13115 0.14729 0.13919 -0.35003 -0.093704 -0.32828 -0.14766 0.4437 0.49238 0.26323 0.20815 0.31049 0.27559 0.099766 0.18692 0.069917 0.075938 0.05832 0.063065 0.082948 -0.30254 -0.55087 -0.027871 -0.08614 -0.42432 0.12496 0.2296 0.34141 0.23881 0.2157 0.060312 0.13597 0.051278 -0.25153 -0.097127 -0.17663 0.077109 0.1022 0.079551 0.31659 -0.15495 -0.083926 -0.16385 -0.20419 -0.37523 -0.25745 -0.07436 0.20777 0.075173 -0.22789 -0.084896 -0.35315 -0.46026 -0.54205 0.14387 0.33938 0.14883 0.067073 0.17539 -0.25352 -0.14045 -0.058292 0.11967 -0.040052 0.063754 -0.35202 -0.090911 -0.20489 -0.0019425 -0.36527 0.12678 -0.23629 0.17624 0.27822 0.42619 -0.019634 0.17176 0.61502 0.27038 0.075564 0.18262 0.40034 -0.24302 -0.04091 0.33778 0.29244 0.25268 0.13699 -0.045989 0.58536 0.40283 0.14541 -0.53715 -0.13084 0.206 0.2932 -0.4823 -0.41272 -0.016158 0.33393
-0.11236 0.087737 -0.068778 -0.19511 0.00092338 -0.073124 -0.066294 -0.15269 -0.32007 0.32656 0 0.64178 0.62313 0.091138 -0.093804 0.22824 -0.13782 -0.269 -0.03032 -0.19087 -0.090852 -0.03027 -0.27078 0.16887 0.24452 0.099781 -0.0022126 0.033 -0.10658 -0.30989 0.50465 0.14226 0.093638 0.20923 0.15114 0.11878 0.1725 0.13224 0.17635 0.019037 0.092817 0.15377 -0.16223 -0.39464 0.34149 0.083856 0.1913 0.14875 0.13375 0.13573 0.22257 0.063782 0.11749 0.029172 0.17838 0.19429 0.060696 0.2042 0.15356 0.30214 -0.29025 -0.03228 -0.32463 -0.34722 0.12048 0.019978 -0.15416 -0.46792 -0.41793 -0.27935 -0.047173 -0.098665 0.36329 0.46206 0.54101 0.35096 0.16732 0.18705 0.14323 -0.17875 0.29492 0.33004 -0.0072658 0.053987 -0.15382 -0.35387 -0.27175 -0.36974 -0.25484 -0.035671 0.15262 0.040544 -0.074721 0.072906 0.022992 -0.22708 -0.29618 -0.34752 0.29876 0.066753 0.1376 -0.21544 -0.3485 -0.27949 0.16203 0.02394 0.4586 0.15731 -0.12773 0.052728 0.35819 0.07701 -0.3981 -0.33785 -0.42897 -0.32908 0.45363 -0.28829 -0.39747 0.14628 -0.086059 -0.11849 -0.5069 0.45998 0.20239 0.28789 -0.11122 -0.11753 0.038359 -0.14903 -0.18939 0.28527 -0.18455 -0.11287 -0.017215 0.059476 0.18332 -0.39134 0.33588 0.18791 0.12184 -0.17013 0.15091 0.16413 -0.051501 -0.014298 0.18118 0.18381 -0.098602 -0.024613 -0.011199 0.22371 0.32952 0.10067 -0.039871 -0.010886 -0.23328 0.0081967 -0.48313 0.15125 0.060065 0.16064 0.094927 0.17688 -0.058705 0.088776 0.029755 -0.17664 0.072652 -0.025136 -0.028819 0.058948 -0.019622 0.12889 -0.0041873 0.066068 0.07401 0.14716 -0.18131 -0.48105 -0.30279 -0.28927 -0.11363 -0.055222 -0.049968 -0.3595 -0.40466 -0.42775 0.39798 0.44373 0.2741 0.38888 0.28886 0.047618 0.20515 0.27408 0.39026 0.069423 0.01061 -0.086394 -0.026384 -0.34981 -0.37971 -0.46267 -0.10164 -0.31394 -0.15634 -0.0069848 -0.11128 -0.14999 -0.12704 0.093891 0.063942 -0.23953 0.19221 0.24538 -0.11204 -0.061938 0.28617 -0.039858 0.20934 0.11307 -0.17351 0.52466 0.4731 0.21298 -0.29561 0.19683 0.28966 0.20029 -0.34588 -0.41898 -0.21539 0.45476
-0.4301 -0.46203 -0.4751 -0.43828 -0.49651 -0.49494 -0.44158 -0.37458 -0.077415 0.059184 0.64178 0 0.6875 0.34177 -0.11532 0.46617 -0.31879 -0.48145 -0.46424 -0.41591 -0.45456 -0.5208 -0.61291 0.36675 0.69101 0.60136 0.47313 0.26757 -0.19459 -0.62984 0.6355 0.24015 0.12608 0.41417 -0.098849 -0.083606 0.20654 -0.085451 0.57435 -0.16577 0.41879 0.23771 -0.30514 -0.55803 0.13536 -0.15291 -0.036216 -0.10325 -0.11162 0.41804 0.65451 0.4408 0.34789 0.21503 0.36721 0.46886 0.13205 0.51842 0.40701 0.46322 -0.57265 -0.15135 -0.58676 -0.43195 0.17459 0.24834 -0.050425 -0.51013 -0.42892 -0.14703 0.29561 0.081079 0.47261 0.53803 0.51308 0.38408 0.24458 0.15242 0.0089242 -0.030284 0.034795 0.34095 0.32966 0.10878 -0.047876 0.086602 -0.070484 -0.14602 -0.19483 -0.012933 -0.056036 -0.0047841 -0.23542 -0.1048 -0.076118 -0.62346 -0.74911 -0.50493 -0.13436 -0.22735 -0.078089 -0.13537 -0.27768 -0.048177 -0.20328 0.080586 0.28058 0.065414 0.13587 0.20223 0.52539 0.36888 -0.45726 -0.49458 -0.089299 -0.61734 -0.18879 -0.47739 -0.40806 -0.30627 -0.057981 -0.35174 -0.29243 0.17552 0.12712 0.47796 0.25383 0.15001 0.43506 -0.064217 -0.40525 -0.15494 -0.39201 -0.39411 -0.48279 0.045755 -0.12243 -0.36581 0.49346 0.45135 0.61303 -0.43628 0.084324 0.17903 -0.18925 0.15308 0.0096625 0.14054 0.26653 -0.23903 0.29223 0.71635 0.06179 0.12801 -0.27309 0.15859 -0.44138 -0.15241 -0.5589 0.05744 0.050702 -0.084138 -0.03386 0.17548 -0.30287 0.070891 0.01728 0.13956 0.5 0.15345 0.18641 0.33717 0.21689 0.32094 0.45196 0.50986 0.50825 0.40972 0.28319 -0.35153 -0.53042 -0.48384 -0.43279 0.35192 -0.10264 -0.4584 -0.40825 -0.329 0.46739 0.44319 0.54027 0.54066 0.30712 0.19455 0.40062 0.56261 0.536 0.33786 0.18901 0.41535 0.19691 -0.24083 -0.058474 -0.26867 -0.021085 -0.19051 -0.25245 -0.4007 -0.18033 0.059306 0.059049 -0.30899 -0.42184 -0.34804 -0.12953 0.046551 -0.23914 -0.21378 -0.04033 -0.38763 -0.23819 -0.15257 -0.2041 0.30471 0.16838 0.70586 0.10091 0.35168 0.59019 0.49817 -0.5325 -0.54605 -0.3201 0.44305
0.036977 -0.33177 -0.056634 -0.34567 -0.068936 -0.42388 -0.48606 -0.17848 -0.26221 0.52967 0.62313 0.6875 0 0.040498 0.34525 0.45448 -0.080342 -0.47106 -0.14183 -0.53785 -0.58925 -0.45571 -0.58572 0.1752 0.57005 0.64953 0.22745 0.56716 0.098246 -0.36621 0.83674 0.41497 0.29376 0.51391 0.23857 0.31976 0.20877 0.073337 0.38778 -0.37726 0.024959 -0.046312 -0.43987 -0.54174 0.49843 0.22901 0.21627 0.29373 0.22173 0.37698 0.5098 0.22689 0.38555 0.26284 0.53957 0.41929 0.1603 0.36215 0.24 0.40071 -0.40616 -0.14998 -0.32247 -0.32721 -0.031851 0.10921 -0.11979 -0.63487 -0.51972 -0.15483 0.18433 -0.036973 0.47845 0.54171 0.58995 0.30625 0.034218 0.18669 -0.069967 -0.32742 0.37743 0.41755 0.071885 -0.063078 -0.25801 -0.021153 -0.17504 -0.42944 -0.1856 -0.0039031 -0.036339 0.033496 0.08358 -0.042063 0.21764 -0.16391 -0.42775 -0.55602 0.23738 0.20336 0.16926 -0.024586 -0.39455 -0.33333 -0.00026383 0.1661 0.65783 0.12024 -0.18681 0.20054 0.61585 0.28749 -0.59745 -0.48951 -0.30336 -0.62218 0.029325 -0.35944 -0.54939 0.099784 -0.33537 -0.45013 -0.35768 0.28284 0.23067 0.2964 0.29493 -0.14541 0.1174 -0.44964 -0.10088 0.04181 -0.49691 -0.55748 -0.41672 -0.15828 -0.22722 -0.449 0.28399 0.23023 0.44849 -0.23864 0.30002 0.22268 0.14892 0.47298 0.38756 0.38652 0.29867 0.1551 0.33104 0.58687 0.15339 0.3209 -0.48116 -0.16355 -0.39169 -0.30229 -0.6635 0.24887 0.36686 0.33659 0.26433 0.42151 0.050177 0.37799 0.21923 -0.00066525 0.32122 -0.068425 0.1994 0.37795 0.19466 0.34328 0.3165 0.35082 0.3715 0.26757 0.049506 -0.26213 -0.4078 -0.3664 -0.50769 0.25806 -0.23412 -0.54301 -0.55693 -0.47313 0.43154 0.53195 0.45657 0.296 0.22804 -0.033207 0.21086 0.39215 0.5116 0.10879 0.19763 0.10574 0.017429 -0.27689 -0.064371 -0.32727 -0.081028 -0.1854 -0.17281 -0.30185 -0.0062015 -0.075168 0.15775 0.046146 -0.21767 -0.22747 0.10617 0.067348 -0.092421 0.090578 0.28083 -0.046716 0.014755 0.12553 -0.032817 0.61032 0.37638 0.51769 -0.28322 0.1447 0.55209 0.4051 -0.61229 -0.4222 -0.15623 0.43204
-0.45309 -0.076904 -0.67356 0.075457 -0.46217 -0.22775 -0.011596 -0.4994 0.28298 -0.40012 0.091138 0.34177 0.040498 0 -0.59324 0.54669 0.13588 0.28921 -0.10247 0.33261 -0.0027058 -0.1255 0.015114 0.30819 0.29528 0.060335 0.65675 -0.2513 -0.22135 0.088027 -0.01876 -0.19449 -0.11544 -0.037838 -0.16644 -0.41842 0.18031 0.05146 0.60396 0.38591 0.75325 0.5484 0.46723 -0.0403 -0.17637 -0.24444 -0.23166 -0.28574 -0.19656 -0.013844 0.63051 -0.043623 0.08659 -0.39676 -0.10922 -0.15555 -0.056578 0.134 0.03915 0.22089 0.1811 0.36534 -0.16415 0.19525 0.5228 -0.025752 0.51368 0.18032 0.24182 0.48039 0.51118 0.47062 0.286 0.22084 0.15946 0.075031 -0.1401 -0.17615 -0.042532 0.009564 -0.009432 0.31916 0.097627 0.0655 -0.067194 0.2068 -0.18056 0.41413 -0.32656 -0.044534 -0.23355 -0.37805 -0.32893 -0.4822 -0.39657 -0.36634 -0.20103 -0.35093 -0.18462 -0.26444 0.084107 0.3661 0.16921 0.16503 0.055838 -0.23709 -0.25117 0.3215 0.41632 0.02132 -0.15445 -0.1233 0.081415 0.2237 -0.13806 -0.28732 -0.54637 -0.14023 0.060182 -0.65589 0.25708 0.10492 -0.35671 -0.61164 -0.62821 -0.18417 -0.15206 0.62788 0.37874 0.36861 -0.46107 -0.24592 0.013673 0.086843 -0.64337 0.029914 -0.41084 0.14407 -0.14523 0.3997 0.23864 -0.50646 -0.54274 -0.2946 -0.21817 -0.26957 -0.18942 -0.059353 -0.32939 -0.16458 -0.34958 0.07077 -0.0021733 0.038332 0.31023 0.45553 -0.23971 0.11923 0.034689 -0.22973 -0.18443 -0.30854 -0.23358 -0.34178 -0.06299 -0.10536 -0.041449 -0.076849 0.045078 0.23321 -0.20972 -0.027442 -0.45264 -0.21832 0.0042313 0.44217 0.12395 0.31428 0.29418 -0.048483 -0.26624 -0.18421 -0.14233 0.53469 0.13183 0.15628 0.28228 0.2674 0.34592 0.15331 0.11058 0.13145 -0.11709 -0.028835 0.2064 0.50656 0.39834 0.23302 -0.02459 0.15319 -0.28617 -0.13932 -0.40305 -0.0077035 -0.36586 -0.22508 -0.51526 -0.40101 -0.70539 -0.34295 -0.25766 -0.58652 -0.30646 -0.46808 -0.41571 -0.43357 0.11078 -0.042051 -0.13434 -0.44585 -0.18842 0.010624 -0.32301 -0.23658 0.11807 0.060739 0.18013 -0.10744 -0.21644 -0.21207 -0.031974 -0.094481 -0.66708 0.20635
0.51711 -0.27969 0.64282 0.053532 0.42804 -0.15149 -0.46564 0.21433 -0.34952 0.63481 -0.093804 -0.11532 0.34525 -0.59324 0 -0.057569 0.17424 -0.11806 0.19763 -0.46986 -0.42767 -0.071985 -0.22723 -0.32343 -0.14937 0.2483 -0.31507 0.49456 0.36436 0.10663 0.29432 0.20471 -0.093454 -0.0022489 0.28122 0.56657 0.10775 0.048721 -0.15593 -0.49428 -0.57807 -0.5247 -0.31853 -0.1474 0.41393 0.17237 0.15187 0.35832 0.34204 0.091032 -0.05391 -0.13251 -0.03278 0.20721 0.2347 -0.0044342 0.017059 -0.18753 -0.16987 -0.14887 0.036564 -0.2044 0.32653 -0.15543 -0.54306 -0.20935 -0.4877 -0.37096 -0.32346 -0.14997 -0.084391 -0.37834 0.0035644 -0.032389 0.020229 -0.020844 -0.17589 0.26877 -0.30236 -0.45069 0.13809 -0.21802 -0.18913 -0.38956 -0.30613 -0.12284 0.18033 -0.3834 0.36222 0.127 0.070809 0.3473 0.57634 0.13005 0.4629 0.49292 0.25253 -0.13691 0.2562 0.39078 -0.029878 -0.22611 -0.38728 -0.42896 -0.061767 0.39744 0.39418 -0.20895 -0.33089 0.19518 0.35333 0.30176 -0.4319 -0.31706 -0.059263 0.0067876 0.047835 0.21903 0.002981 0.50231 -0.52132 -0.44787 0.06095 0.43266 0.57835 -0.0019878 0.52822 -0.42233 -0.052518 -0.50786 0.61571 0.021598 -0.36661 -0.3701 0.098897 -0.074991 0.082089 -0.099452 -0.13117 -0.4507 -0.083588 0.47836 0.53876 0.37134 0.39426 0.42488 0.28035 0.064274 0.38785 0.14934 0.45541 0.17891 0.085365 0.25865 -0.54466 -0.51926 0.12371 -0.18851 -0.26848 0.3351 0.3967 0.3998 0.42106 0.28108 0.14446 0.25744 0.1011 0.059496 0.17875 0.10053 0.4685 0.17441 0.29529 0.42628 0.0080835 -0.017625 -0.096959 -0.29624 -0.15941 -0.11104 0.019454 0.37833 0.08369 -0.11234 -0.016592 -0.32407 -0.34458 -0.31808 -0.05108 0.055663 0.087461 -0.034057 0.066922 -0.31695 -0.23583 -0.26452 -0.19287 -0.24636 0.0082044 -0.20635 -0.014116 0.095882 0.46482 0.059814 0.40057 -0.07729 0.23364 0.17619 0.61417 0.20913 0.48981 0.52281 0.058545 0.13461 0.17157 0.32346 -0.13837 0.11477 0.23542 0.22876 -0.030677 -0.019374 0.29501 0.39541 -0.019343 0.16596 -0.20521 0.076694 0.31325 0.25798 -0.36077 -0.081394 0.32747 -0.026654
-0.10296 -0.23224 -0.35769 0.043236 -0.24861 -0.39664 -0.44376 -0.4585 0.17561 0.087619 0.22824 0.46617 0.45448 0.54669 -0.057569 0 0.43841 0.064217 -0.10385 -0.30901 -0.44315 -0.39005 -0.48804 0.35427 0.62283 0.42337 0.34111 0.14663 -0.50008 -0.17801 0.4382 0.16081 0.187 0.43088 0.23058 0.075007 0.49205 0.3082 0.60414 -0.0166 0.417 0.23033 -0.020554 -0.47929 0.32112 -0.013107 0.14007 0.15925 0.22353 0.43756 0.65937 -0.0063717 0.43733 0.12652 0.27223 0.30941 0.35146 0.47648 0.41276 0.52421 -0.051913 -0.33435 -0.38573 -0.44232 -0.13683 0.16157 0.1401 -0.36516 -0.35528 -0.053095 0.1134 0.077262 0.47906 0.43122 0.4196 0.46383 0.25461 0.18762 0.30242 0.05994 0.16013 0.54794 0.26983 0.26617 -0.034082 0.13411 -0.38247 -0.071075 -0.30712 -0.1029 -0.2981 -0.31305 -0.19374 -0.2434 -0.28898 -0.31462 -0.33337 -0.71444 -0.20642 -0.06417 0.17352 0.22237 0.0056186 -0.24698 0.074528 -0.080446 0.2514 0.66381 -0.017525 0.26986 0.38323 -0.079808 -0.19439 -0.014862 -0.20622 -0.41405 -0.41226 0.011531 -0.11428 -0.29451 0.15893 -0.2792 -0.31397 -0.29971 -0.31462 -0.10224 -0.1387 0.098968 0.3144 0.1097 -0.41567 -0.18871 -0.42527 -0.47749 -0.64742 -0.079864 -0.30904 -0.38501 0.046292 0.53941 0.11929 -0.57181 -0.40588 -0.29476 0.20449 0.34857 0.29295 0.44755 -0.094379 0.048102 -0.21993 0.44573 0.36382 0.34855 -0.17805 0.030152 -0.41455 -0.3155 -0.43336 0.25639 0.28361 0.12923 0.2787 0.16529 0.13709 0.25486 0.23229 -0.39115 -0.040206 -0.17203 -0.11816 0.15549 -0.16463 0.0062134 0.19162 0.37869 0.39046 0.55845 0.11433 -0.51141 -0.61445 -0.38079 -0.44445 0.28176 -0.33645 -0.4141 -0.34394 -0.23396 0.48667 0.35642 0.48219 0.53452 0.38866 0.1766 0.60135 0.51827 0.43498 0.18871 0.065043 0.35454 0.00026525 -0.57629 -0.27758 -0.37721 -0.25084 -0.17249 -0.23049 -0.15609 -0.40125 -0.41067 -0.21461 -0.41591 -0.48925 -0.37467 -0.043952 -0.17666 0.2031 0.29637 0.1208 -0.089207 0.0073758 0.22459 -0.14297 -0.012331 0.23254 0.29838 -0.18398 -0.011163 0.22235 -0.0522 -0.15687 -0.21499 -0.49222 0.3365
0.33295 0.4124 0.15808 0.55187 0.48887 0.21546 -0.051233 -0.039326 0.15911 0.32591 -0.13782 -0.31879 -0.080342 0.13588 0.17424 0.43841 0 0.6953 0.57443 0.057409 0.054538 0.30457 0.089791 0.04586 -0.27513 -0.26033 -0.24071 -0.1051 -0.10482 0.5754 -0.15906 -0.22655 -0.21432 -0.20877 0.15675 0.04741 0.18421 0.20944 -0.078255 0.068482 -0.14284 -0.22389 0.19963 -0.12591 0.22666 -0.030758 -0.046436 0.14549 0.18518 -0.18508 -0.094736 -0.60167 -0.087656 -0.29171 -0.052402 -0.23275 0.073091 -0.063615 -0.10009 0.18274 0.61702 -0.013542 0.35198 -0.11535 -0.25238 -0.23131 -0.080451 -0.085078 -0.084542 0.038562 -0.27482 -0.091837 0.23797 0.1128 0.11764 0.23593 -0.072841 0.040699 0.056685 -0.18787 0.24904 0.26782 -0.11904 0.10255 -0.13708 -0.08153 -0.46528 -0.19547 -0.10086 0.025522 -0.10281 -0.33502 -0.048278 -0.28029 -0.1949 0.53577 0.53025 -0.24103 0.27877 0.17333 0.29899 0.10483 -0.018678 -0.36441 0.3287 -0.21249 -0.058613 0.50275 -0.32792 0.0090212 -0.0058271 -0.40766 0.057642 0.18755 -0.23641 0.063954 -0.032145 0.20014 0.29752 0.16999 -0.012457 -0.20925 -0.2246 -0.1622 -0.26536 -0.44371 -0.41692 -0.3004 -0.36438 0.086724 0.31041 0.23615 -0.17181 -0.17327 -0.10046 -0.10749 -0.16018 -0.26932 -0.39215 0.0052663 -0.52873 0.1433 -0.28744 -0.27267 0.30226 0.067677 0.19864 0.18426 -0.34099 0.10262 -0.62533 -0.21819 0.28597 0.11685 -0.014481 -0.35297 -0.17715 -0.31012 -0.14988 0.1251 0.12102 0.21575 0.17082 -0.15303 0.23701 0.061504 0.21937 -0.64492 -0.65122 -0.38078 -0.48825 -0.063694 -0.48187 -0.27359 -0.41879 -0.1408 -0.21833 0.1502 -0.47394 -0.37586 -0.02555 0.22 0.14353 -0.18868 -0.31224 -0.01996 -0.13034 -0.30178 0.25984 0.15427 0.081738 0.0049234 0.13105 -0.17093 0.05877 0.070394 0.12485 -0.023519 -0.02919 -0.22873 -0.30839 -0.49403 -0.33863 -0.39307 -0.22997 -0.095667 0.056226 0.35414 -0.16972 -0.57476 -0.29379 0.22069 0.16833 -0.0094409 0.22253 0.022308 0.31982 0.37766 0.30905 0.24135 0.42029 0.25583 -0.13294 -0.20397 0.18992 -0.35844 -0.5168 -0.44571 -0.34616 -0.41813 0.20177 -0.012278 -0.21851 0.18325
0.15158 0.6008 -0.0031567 0.56148 0.42091 0.52027 0.3671 0.056857 0.13278 0.012091 -0.269 -0.48145 -0.47106 0.28921 -0.11806 0.064217 0.6953 0 0.64493 0.59898 0.56745 0.69352 0.67054 0.12932 -0.54633 -0.5733 -0.15305 -0.4359 0.039744 0.81122 -0.57403 -0.57823 -0.47883 -0.57329 -0.09105 -0.18622 -0.13715 0.060901 -0.21032 0.51739 0.05682 0.055 0.68505 0.34307 -0.16223 -0.22732 -0.28536 -0.12213 -0.089789 -0.5355 -0.21606 -0.7121 -0.48056 -0.65605 -0.47877 -0.66608 -0.28466 -0.39116 -0.39611 -0.099021 0.8611 0.42443 0.52329 0.26616 0.10759 -0.4644 0.1074 0.41439 0.41979 0.37011 -0.098532 0.11866 0.0011789 -0.16437 -0.17277 -0.050442 -0.30176 -0.1604 -0.1632 -0.23026 0.058308 -0.012782 -0.21217 -0.10656 -0.19771 -0.19545 -0.24265 0.13216 0.14178 0.252 0.014284 -0.16367 -0.17412 -0.36284 -0.3769 0.49798 0.72469 0.21747 0.1995 0.039774 0.11198 0.057097 0.17309 -0.073333 0.1951 -0.31742 -0.43089 0.2599 0.022905 -0.069321 -0.37032 -0.38948 0.33775 0.43292 -0.0066801 0.31104 -0.062433 0.30426 0.43841 -0.050957 0.19325 0.22833 -0.11007 -0.3704 -0.44506 -0.6581 -0.47916 0.032221 -0.29049 0.26548 0.19363 0.12562 0.30827 0.42106 0.11577 0.067224 0.0528 0.22204 -0.57038 -0.24122 -0.63048 0.24328 -0.46362 -0.40953 -0.006943 -0.29981 -0.14816 -0.18608 -0.62255 -0.11196 -0.66356 -0.51671 -0.05426 -0.11521 0.47274 -0.055532 0.18367 0.16887 0.34087 -0.21336 -0.17775 -0.096075 -0.063193 -0.45262 0.13775 -0.22117 -0.11592 -0.38343 -0.58835 -0.14265 -0.44371 -0.37665 -0.63714 -0.51925 -0.63869 -0.27028 -0.52506 -0.045225 -0.4396 -0.13691 0.26099 0.42812 0.52703 -0.17665 0.15508 0.45142 0.39572 0.11492 0.082819 -0.13723 -0.15622 -0.27171 -0.1702 -0.31481 -0.23773 -0.088667 -0.10276 -0.079981 -0.18286 -0.3894 -0.54799 -0.23186 -0.3699 -0.10927 -0.13961 -0.079199 -0.033892 0.34358 -0.29622 -0.52583 -0.37883 0.049756 0.31016 0.017757 -0.1447 -0.14348 0.16574 0.11166 0.014196 0.044651 0.13163 0.035526 -0.19532 -0.37036 0.072381 -0.55476 -0.21748 -0.4512 -0.63176 -0.51229 0.34648 0.18152 -0.22514 -0.050867
0.39678 0.65659 0.45894 0.5236 0.82793 0.67578 0.37703 0.26843 -0.20352 0.49675 -0.03032 -0.46424 -0.14183 -0.10247 0.19763 -0.10385 0.57443 0.64493 0 0.30897 0.33254 0.59357 0.47789 -0.21384 -0.61601 -0.56428 -0.49289 -0.23244 0.29386 0.72885 -0.21708 -0.38107 -0.36553 -0.51225 0.075538 0.0088595 -0.3809 0.011847 -0.47955 0.17883 -0.43933 -0.23598 0.25365 0.1041 0.16067 0.11392 -0.09666 0.11018 0.033454 -0.48127 -0.40522 -0.67158 -0.38087 -0.48965 -0.27981 -0.5601 -0.34196 -0.55252 -0.59817 -0.24089 0.71555 0.38567 0.60832 0.20456 -0.03017 -0.48981 -0.24045 0.12833 0.09818 -0.00061538 -0.39854 -0.26621 -0.15267 -0.16054 -0.14349 -0.066611 -0.27775 -0.050729 -0.17015 -0.35559 0.20268 -0.11698 -0.4222 -0.19485 -0.18137 -0.25466 -0.28206 -0.23614 0.11728 0.17345 0.21937 0.097112 0.17386 -0.18467 -0.037248 0.74931 0.80485 0.2754 0.49078 0.41251 0.21872 -0.081191 -0.065964 -0.3883 0.20279 -0.22319 0.0061878 0.085838 -0.50549 -0.34152 -0.18852 -0.26435 0.046367 0.075997 -0.39773 0.22934 0.33606 0.22459 0.13734 0.5723 0.017539 0.1885 -0.15423 0.096549 -0.068994 -0.42572 -0.37019 -0.43077 -0.62445 -0.19628 0.4624 0.63902 0.2707 0.10752 0.29271 -0.16094 -0.024696 0.013325 -0.50226 -0.48286 -0.60734 0.46948 -0.068177 -0.085125 0.063134 -0.11509 0.092497 -0.13186 -0.48017 0.015167 -0.51913 -0.53782 -0.050561 -0.11989 0.12313 -0.47694 -0.017438 0.025896 0.067462 -0.19051 -0.040252 0.18872 0.0042773 -0.18004 0.18241 -0.051376 -0.019186 -0.49174 -0.67167 -0.23225 -0.43617 -0.23188 -0.46911 -0.31684 -0.67447 -0.50428 -0.63205 -0.30667 -0.60193 -0.090056 0.37408 0.45109 0.4852 -0.4272 0.018685 0.23516 0.078229 -0.14244 -0.12076 -0.10652 -0.16782 -0.26703 0.010273 -0.29974 -0.23916 -0.27782 -0.13094 -0.24578 -0.095721 -0.56524 -0.37498 -0.27246 -0.24814 -0.16362 -0.070212 -0.14722 0.28694 0.50718 0.02523 -0.33907 -0.14 0.49534 0.56894 0.22782 0.20966 0.22658 0.14231 0.15683 0.41953 0.26709 0.37581 0.13998 -0.21499 0.068089 0.30084 -0.60156 -0.64091 -0.55859 -0.39761 -0.33676 0.099288 0.010993 -0.20411 0.042049
