0.0 0.0012832186596608687 0.00016943757056399903 0.0011459663183430527 1.8026904743506954e-05 2.8598375857166597e-05 0.00015942435864422957 7.729101665804004e-05 3.3868940183843486e-05 0.000908688685226593 6.0394990449780586e-05 8.816416748383375e-05 5.556253272124143e-05 0.00012876701793010435 1.2897358678623663e-06 4.954037613541802e-07 7.132421388486055e-07 1.7972444248600182e-07 9.307223125307491e-08 2.1333074012527551e-07 1.7987028048316725e-07 1.1587149829277563e-07 1.810659392066298e-07 2.0173976935610132e-07 1.1814689256122358e-07 0.0 2.610427994971177e-07 4.1338811258161785e-08 0.0 7.814388829141281e-08 0.00034109154110033253 3.953756902422584e-06 2.479055878286021e-05 4.3312106419062614e-08 1.0263482176854536e-07 0.0 5.8091420295909375e-06 1.9534325994977001e-07 1.717880734625383e-07 1.9796360307538517e-07 0.0 0.0 0.0 6.208596155280823e-07 0.0 0.0 6.282567229643948e-06 3.8186018595040276e-08 1.5214322525535413e-07 1.769745900389775e-07 6.061792392112907e-08 9.101977476141705e-08 0.0 0.0 3.04476915880194e-06 4.909011677150028e-06 0.00012894352374797589 0.00025317264394971215 2.6353155690255762e-05 1.4297058390918074e-05 3.5162244797661443e-07 1.8387186249536493e-06 0.0 2.3465000911321467e-05 2.2301957013367136e-06 0.0 2.1323634415492274e-07 1.684762845986338e-07 0.0 6.579865178106724e-07 9.249482836512694e-06 1.81496761715732e-06 2.520449288646773e-07 7.850454572166342e-05 1.6264768240455896e-05 1.9535243571291488e-05 1.0879479791491381e-05 2.8449686355221523e-06 3.4202204437119486e-06 2.848789493552147e-05 7.454624117512761e-07 1.0588554938572621e-05 3.288773654965505e-06 1.599993426331115e-07 4.276851185332245e-08 1.1843038226252888e-06 1.5136392915761794e-07 6.798937583735669e-08 1.669346946181865e-07 0.0 5.993886609569117e-08 1.746146349619871e-07 4.512607084227286e-07 6.11501613495839e-08 0.0 2.093005519328132e-05 1.5933023830400745e-06 0.0 7.924328299638454e-07 0.0005683575473916861 0.0 0.0 9.87299354353644e-07 1.129641098483336e-06 4.4230017642577996e-08 4.260948588284801e-07 3.7685873638202734e-07 9.073597433895736e-07 3.3375462112192382e-06 1.654325859467725e-06 0.0 1.015412582018849e-06 6.062980798195289e-07 1.1192167423824106e-07 7.653381090307514e-07 6.705254597492959e-08 0.0 1.0612222204226922e-07 0.0 0.0 0.0 0.0 0.0 0.0 0.0 0.0 0.0 0.0 0.0 0.0 0.0 0.0 0.0 0.0 2.0483817651416875e-07 5.252042644273294e-08 0.0 0.0 0.0 7.124347103924564e-08 2.0066777020967948e-07 2.1985906972531423e-07 0.0 0.0 0.0 0.0 0.0 0.0 0.0 0.0 0.0 0.0 0.0 0.0 0.0 0.0 2.2588552698216947e-07 0.0 0.0 0.0 0.0 0.0 0.0 0.0 0.0 8.000547417366018e-07 6.068606302362949e-08 0.0 0.0 5.378020163913977e-08 0.0 0.0 0.0 0.0 0.0 0.0 1.1745159983455754e-06 1.1572532166537011e-07 0.0 0.0 0.0 7.844957464677876e-08 0.0 0.0 0.0 0.0 5.115724622310057e-08 0.0 0.0 0.0 0.0 0.0 0.0 0.0 0.0 0.0 0.0 5.450353778726579e-07 3.410950887432981e-07 2.055520685998058e-07 7.495689561136831e-06 6.865084647333263e-07 0.00014127803062147717 3.9038159155494246e-06 0.00043693674298273346 1.6967019892981416e-05 8.486991617959436e-07 6.455503631741767e-07 1.9310283018392132e-07 0.0 7.117366855523583e-07 0.0 2.7526286121573742e-06 0.0 0.0 0.0 0.0 0.0 4.2587942803756896e-05 6.277823823760999e-07
0.0012832186596608687 0.0 0.0004865940338469051 0.0004252924945391965 0.0002668962570317414 1.1750227603605787e-05 0.0003393097574084323 0.0001042992016268252 0.0005225121871219664 0.00056184643661839 0.00018709564627185127 0.0001028089096437021 0.0006811274235374035 0.0007490727198503504 8.74635817171929e-06 9.519499073167999e-07 1.9683340232158754e-06 4.760927095335065e-07 1.1217769730585801e-07 3.2841877828472445e-07 2.2131345311589215e-07 0.0 0.0 9.451196423425172e-08 1.2956334223552752e-07 0.0 2.5649895474075076e-07 0.0 1.1030784810150851e-07 4.977108008046315e-08 0.0007274720270846617 3.056767338388843e-05 2.146590648738036e-05 1.0514620782348095e-07 7.852860573513571e-08 5.401003482071021e-08 5.046786739448807e-06 7.035329102755125e-07 1.5734527788951491e-07 4.773442013132695e-08 9.279277943829267e-08 1.7003898129031386e-07 5.518917508663361e-08 3.729057418553541e-07 0.0 3.4952080823348213e-07 3.5506562801576056e-05 3.930196562057521e-07 1.0826383652707055e-06 7.89397065678996e-07 1.1040509079860545e-07 2.0543943497223308e-07 0.0 2.2772017724759963e-07 6.7522732760965674e-06 7.87991229584859e-06 0.00011315648017665348 0.00034940240089333287 4.3350442138272287e-05 4.546069934375617e-05 7.231469989490133e-07 2.8632035055547565e-06 1.0525698828776136e-07 0.00012555430409896874 3.2511319677360684e-06 1.5494486580185414e-07 1.274180787307976e-07 4.1828371601206947e-07 4.3718944976254197e-07 2.862601208878703e-07 8.221426709301912e-06 1.14116515442857e-07 1.5962038190347128e-07 0.0001469705901669558 5.803771992541903e-05 7.744259986330235e-05 5.7389837367405134e-05 1.156711512091246e-05 3.938005345625885e-06 1.6086611280139477e-05 1.3339785078541158e-06 8.938384634054566e-06 7.238572829480479e-06 1.875258952678479e-07 3.944207927819737e-07 2.3219943442565525e-06 2.828524810599438e-07 5.684333915527078e-08 3.1160770328474103e-07 0.0 1.205362005539763e-07 0.0 2.3646472641192152e-07 6.751785369459885e-08 0.0 5.339874108152733e-05 1.456050604935051e-07 0.0 2.624824989873916e-07 0.00047071885264233474 1.3112483734803677e-06 8.85478753740593e-06 3.091798435043581e-05 4.0258134618805645e-06 3.5490680109288553e-06 6.643494573500243e-05 7.861422656796622e-06 5.6147824138318715e-05 2.2766279114370883e-05 4.957916824260356e-05 7.433095112043278e-06 7.482718433237237e-05 4.018099398027948e-05 1.5649031720897846e-05 2.3046663304725462e-05 8.121353271785083e-07 1.8955468485480902e-07 0.0 0.0 0.0 0.0 0.0 0.0 0.0 0.0 0.0 0.0 0.0 0.0 0.0 1.2370970547991892e-07 4.539098723308715e-08 0.0 0.0 3.6691715313449835e-06 1.6429458367321122e-06 0.0 0.0 0.0 1.3849844012447113e-06 0.0 1.360255295351193e-06 6.605884111700162e-08 0.0 5.650179892777374e-08 4.01198465875112e-08 0.0 0.0 1.1088734491512832e-07 0.0 1.1952064474252947e-07 0.0 4.4992324921650255e-07 0.0 0.0 0.0 0.0 5.735871205352342e-08 0.0 0.0 5.6757014492510346e-08 0.0 3.9049564408043354e-07 2.8919850851201147e-07 0.0 0.0 3.1294481492981947e-06 1.221225604291417e-07 0.0 5.696030427294838e-08 0.0 0.0 0.0 1.7702648233237323e-07 0.0 7.802730645851249e-08 2.6303835740079418e-05 1.3346888126919342e-06 5.716114400778066e-07 1.990702057668974e-07 5.906547172451663e-08 4.530826075850717e-06 5.1999293109186146e-08 6.378646400678133e-07 3.507015895536462e-08 2.255239443099088e-07 4.2080079179928196e-07 1.1162997963785308e-07 2.7778743970943576e-07 0.0 9.569171105763821e-08 1.1842768773333216e-07 0.0 5.208711369894154e-08 0.0 5.913015382159832e-08 0.0 3.8445675827509795e-05 7.717257024144955e-07 1.7851232521650415e-06 8.21152874609477e-05 2.501121387180743e-06 0.0003547186753829897 2.1644936324819566e-05 0.00019435424882327358 2.944662162656187e-05 5.166979025642392e-07 3.07995175043946e-06 2.5472841908765916e-06 1.2675583333860193e-07 2.2312265364422935e-06 4.2063861396272604e-07 2.8480900855377598e-05 0.0 1.0792638442245087e-06 0.0 3.931248734589442e-07 0.0 0.00010437688948437704 1.2485391164554044e-05
0.00016943757056399903 0.0004865940338469051 0.0 4.901112937016548e-06 0.000132701308066614 7.109301501869518e-07 1.4582474135441504e-05 0.0009229809631520836 0.00035130798543062336 3.3963927380268293e-06 0.00047677170992576717 3.504665202554722e-06 2.759905399803905e-05 0.0006190989792649102 4.334356170764671e-06 2.1022527382912473e-06 2.6295736761558875e-06 2.9372382535666685e-07 0.0 3.522853445808105e-07 1.3721062373933117e-06 4.724577669477822e-08 4.46704535292893e-07 1.81220786256668e-07 3.8511754465471606e-07 2.9585201594335446e-07 5.671479734883344e-07 6.206918149410552e-08 5.8701436773923354e-08 4.636796487351475e-07 0.0013107599363031258 0.00013878292479212501 2.1690413618109358e-05 1.229959622427391e-07 4.0701456677102305e-07 1.6754629432281563e-07 3.0821212204245443e-06 2.439281182989579e-07 4.995347228175079e-07 2.454528437492031e-07 6.295150342362253e-07 2.555601265877856e-07 0.0 4.773137171492323e-07 0.0 3.695935213309237e-07 1.568237446745878e-05 3.422369982888612e-07 6.133141597653733e-07 6.138852391987375e-07 6.955572303744991e-07 1.11639837126932e-07 0.0 1.0674777256855061e-07 1.866566009274273e-06 2.860814078483238e-06 7.046410177132906e-05 0.0002730568674958103 1.8716586914111643e-05 1.661437436490384e-05 1.4464604179156133e-06 4.945038246982366e-06 1.0369570044672883e-06 0.00016558935250558159 1.3730457837400832e-06 5.834978564284906e-07 2.2946997644999586e-07 1.004385266866236e-06 9.384266677427442e-07 7.58904830334277e-07 9.631035683889855e-06 8.09595734340931e-07 0.0 6.707498608180569e-05 2.903442039808716e-05 2.768544118459391e-05 2.458215060262099e-05 6.579091419171595e-06 2.57139537137817e-05 9.905694188739011e-05 1.0391846034961253e-06 6.19350056768112e-05 2.5918326697933757e-06 5.447104454117743e-08 2.7627085999101157e-07 6.768221923135461e-07 4.811891653509093e-07 0.0 1.7442812784509982e-07 0.0 0.0 0.0 1.9266548960087774e-06 1.8996987529893473e-07 0.0 6.59212759310275e-06 0.0 8.697754930585636e-08 7.576653506250113e-07 0.00013224408067847484 4.5342723120835985e-08 1.7537174147596436e-06 5.8678852630116465e-06 3.196072882479827e-07 1.5481786159997984e-06 1.37368512023835e-05 1.0424000278688307e-06 1.548114387890511e-05 3.051048048157382e-06 6.997179310153355e-06 1.995662972081239e-06 1.834605648477285e-05 1.0067513835251124e-05 6.663382905036768e-06 9.412282413074382e-06 4.200255629856391e-08 4.951463279474311e-08 0.0 0.0 0.0 0.0 0.0 0.0 0.0 0.0 0.0 0.0 0.0 0.0 0.0 0.0 0.0 0.0 0.0 1.2110960388387898e-06 2.4721059890163724e-07 0.0 0.0 0.0 7.578870715656634e-07 3.335950540873074e-07 4.986436452496167e-07 7.024739093206165e-07 6.733467334073023e-08 0.0 0.0 0.0 0.0 0.0 0.0 0.0 2.0334321703415474e-07 4.7254682670094386e-07 0.0 4.819203982818116e-08 0.0 6.941294759729164e-08 0.0 0.0 0.0 0.0 0.0 0.0 0.0 0.0 0.0 1.648042259058612e-06 5.6530560170918626e-08 0.0 0.0 0.0 0.0 0.0 0.0 0.0 0.0 1.1042292276935527e-05 7.615005204341664e-08 0.0 7.445221211622188e-08 0.0 1.9918660191134732e-06 0.0 3.725090272259799e-07 0.0 0.0 5.374179352748292e-07 0.0 3.957097534396285e-08 0.0 0.0 0.0 0.0 0.0 0.0 0.0 0.0 7.731089939213033e-06 6.521999819395751e-07 2.8504120943054315e-06 3.175591874715161e-05 1.5163994257303856e-06 0.00013609279643403627 8.667251855352019e-06 2.377815579384622e-05 1.1383432693755257e-05 8.421223522533904e-08 2.5717329704706414e-06 1.0928599227911017e-06 0.0 7.78809969838589e-07 9.1364228697464e-08 2.1190311150063924e-06 0.0 0.0 0.0 6.264969791965726e-08 0.0 6.112208365576662e-06 1.4560017751986624e-06
0.0011459663183430527 0.0004252924945391965 4.901112937016548e-06 0.0 1.2876060064517461e-06 4.160104610680728e-05 0.00010076160174947622 4.685219793027627e-07 6.750756156802488e-07 0.0005755016914371717 6.150221995330982e-07 0.0001332632858038259 0.00013260667882095906 3.0104417867668478e-05 1.4574440869793605e-07 0.0 3.511470408891233e-07 0.0 5.5986083678069474e-08 0.0 0.0 0.0 0.0 6.377293070505161e-08 0.0 0.0 0.0 0.0 0.0 0.0 2.6703522605217004e-05 2.836442134462801e-07 2.577253432282048e-07 0.0 0.0 0.0 0.0 0.0 0.0 0.0 0.0 0.0 0.0 0.0 0.0 4.1629757895052266e-08 1.6159383558797904e-06 0.0 0.0 0.0 0.0 0.0 0.0 5.945725946995715e-08 2.566883606813423e-07 2.3485635557114573e-07 2.7816697562672677e-05 4.189749227741608e-05 7.346308959526128e-06 3.743519370923008e-06 0.0 0.0 0.0 5.744469856980115e-06 4.56477009575456e-07 5.194107475635893e-08 0.0 0.0 0.0 0.0 4.4909064304381565e-07 0.0 0.0 1.531610713980121e-05 4.024718633102017e-06 4.3135689553029174e-06 4.010541212000936e-06 5.253566666414579e-07 1.0502622108212193e-07 0.0 1.2374394434628923e-07 4.1295232151101387e-07 1.1348023443129517e-06 5.63242115546849e-08 0.0 2.582603083046381e-07 0.0 0.0 0.0 0.0 0.0 0.0 1.0259880044189994e-07 0.0 0.0 5.07292226975999e-06 0.0 0.0 0.0 0.0003097532748624253 4.962598334861466e-07 1.1707136272939673e-06 2.9888980456722217e-06 6.380440247860233e-07 5.709772488985842e-08 1.0852927038954633e-05 1.598653983719197e-06 2.3573450118507453e-06 9.2160347201289e-06 3.3752763925776994e-06 1.9194879693151826e-07 7.015259307087445e-06 7.903312985079657e-06 9.623050302790644e-07 3.3483985140770723e-07 0.0 0.0 0.0 0.0 0.0 0.0 0.0 0.0 0.0 0.0 0.0 0.0 0.0 0.0 0.0 0.0 0.0 0.0 0.0 9.546430038470891e-08 0.0 0.0 0.0 0.0 1.355651166969655e-07 0.0 0.0 0.0 0.0 0.0 0.0 0.0 0.0 0.0 0.0 0.0 0.0 0.0 0.0 0.0 0.0 0.0 0.0 0.0 0.0 0.0 0.0 0.0 0.0 0.0 0.0 0.0 0.0 0.0 0.0 0.0 0.0 0.0 0.0 0.0 0.0 6.066105611069663e-07 0.0 0.0 0.0 0.0 0.0 0.0 0.0 0.0 0.0 2.3495639661923827e-07 0.0 0.0 0.0 0.0 0.0 0.0 0.0 0.0 0.0 0.0 1.5054230130289276e-06 3.3927668900818404e-07 0.0 1.0068283798550598e-06 0.0 3.133907302259377e-05 2.5290178989346695e-07 0.00033446887516979664 1.8088331777871798e-06 0.0 0.0 3.0987554634573594e-07 0.0 1.0674540587808095e-07 0.0 8.77289298057452e-06 0.0 0.0 0.0 0.0 0.0 6.053790355615573e-05 3.587422886934969e-06
1.8026904743506954e-05 0.0002668962570317414 0.000132701308066614 1.2876060064517461e-06 0.0 1.559413965477423e-06 5.720044305932058e-05 0.0001085220618448241 0.000420628197964466 3.9013479113773436e-05 6.921026792807367e-05 5.969444747707115e-06 0.0001577963641624306 0.0004796055315682559 6.570991156833108e-06 8.683660767869091e-07 1.9057348072504818e-06 3.3115754524289786e-07 6.04775933168805e-08 1.450075492953511e-07 2.8261680557642776e-07 0.0 4.7626996199756666e-08 1.5306521492659714e-07 4.331798965433394e-08 4.2544628888829075e-08 4.082499382628699e-08 9.19148042558474e-08 0.0 4.538105904099107e-08 7.19259854235569e-05 3.927816848836321e-05 7.581450069638345e-06 5.242483224229966e-08 0.0 0.0 5.33146029207367e-07 4.7147026907051995e-08 0.0 4.405226653618622e-08 0.0 1.6096155115749333e-07 4.137741882675129e-08 1.0471274995244376e-07 4.135453337645486e-08 4.854446832032327e-08 2.677717244972462e-05 2.710029270296885e-07 3.3432607863036956e-07 2.6496121652718047e-07 3.0200198765000465e-07 6.514638518944307e-08 0.0 0.0 1.117918065641711e-06 2.6412957861370777e-06 2.1989499668203778e-05 5.7953908453501145e-05 1.187887151264232e-05 1.865145874797336e-05 1.7063888522741752e-07 1.5797731746428849e-06 1.1210695707656777e-07 4.9895570831010176e-05 1.8544962972121657e-06 2.4555759585096635e-07 9.899503044432733e-08 2.2138798153841846e-07 2.1468765754607068e-07 2.592316821727728e-07 7.701624188877729e-06 0.0 0.0 4.0618528791953655e-05 1.6960819104411472e-05 3.386603564807973e-05 2.9031128506540777e-05 7.127891803411893e-06 1.6791983510800762e-06 1.0244530787561026e-05 1.0492253064197969e-06 3.4490059752038458e-06 2.619091507314181e-06 0.0 1.3826079202677589e-07 9.950387038379296e-07 1.4800044522452347e-07 0.0 9.484727515381439e-08 0.0 0.0 6.212166918133008e-08 3.2290948382881983e-07 0.0 0.0 2.2914245447250226e-05 0.0 0.0 3.086233847479155e-07 3.5743775848721767e-06 5.494969280382438e-08 2.1415174914253983e-06 1.538727674479356e-05 2.4831299922908126e-06 4.483166306941893e-06 2.837186914463915e-05 3.246651465440668e-06 3.1489060300746373e-05 8.10403216754646e-06 2.0861800699735616e-05 4.252945490497969e-06 3.940216965400719e-05 2.484392378289159e-05 1.0152361582685746e-05 2.3206630998455358e-05 1.968510129546815e-07 0.0 5.4174091869038445e-08 1.4255166138768728e-07 0.0 0.0 0.0 1.6232436297719415e-07 0.0 4.856313763806915e-08 0.0 0.0 0.0 0.0 0.0 0.0 0.0 1.3109102977007123e-07 0.0 2.036257693623007e-06 1.1669216681919407e-06 0.0 0.0 0.0 1.9032397721985707e-06 1.458369998807451e-07 9.819127742870764e-07 6.008959376467601e-08 0.0 0.0 0.0 0.0 0.0 0.0 0.0 0.0 0.0 2.0069327167161148e-07 0.0 0.0 7.807419372253446e-08 0.0 0.0 0.0 0.0 0.0 0.0 5.288656759899579e-08 7.045407110823383e-07 0.0 0.0 4.68543368453943e-06 2.4623061787146425e-07 0.0 0.0 0.0 0.0 0.0 0.0 0.0 1.0094813059079583e-07 2.674123035139175e-05 1.0553232369845942e-06 1.500525221526155e-07 0.0 0.0 2.087996047944277e-06 0.0 1.4491515161553645e-07 1.0124229235436212e-07 1.0034491477551921e-07 1.2932195097125454e-07 1.1394115707541489e-07 3.0249811072152833e-07 0.0 0.0 0.0 0.0 0.0 0.0 0.0 0.0 2.2242190409590975e-05 1.318205211740241e-06 6.91438902423977e-07 8.288729397341913e-05 9.372567114266309e-07 0.0001552629860456388 1.715534398437985e-05 1.9203760740072616e-05 1.5169011510857178e-05 4.094699039393952e-07 3.4805934374967344e-06 1.1334070835295788e-06 0.0 2.1315387317871963e-06 5.7003247052854194e-08 8.486435255917276e-06 4.3790884924109585e-07 0.0 0.0 4.908571108043948e-07 0.0 2.1880584896534533e-05 3.7609146686751273e-06
2.8598375857166597e-05 1.1750227603605787e-05 7.109301501869518e-07 4.160104610680728e-05 1.559413965477423e-06 0.0 5.840113084374028e-06 3.9088503908692435e-07 1.948072611208014e-06 0.00024459207562702967 8.593259592411007e-08 1.9632265161447664e-05 8.213145503057628e-06 6.4911243997464195e-06 0.0 0.0 0.0 0.0 0.0 0.0 0.0 6.250194870830124e-07 0.0 0.0 0.0 0.0 0.0 0.0 0.0 0.0 1.570221531931442e-06 0.0 2.5272697482289372e-06 0.0 0.0 0.0 9.886628583186706e-07 0.0 8.591790458138316e-08 0.0 0.0 0.0 0.0 0.0 0.0 0.0 0.0 0.0 0.0 4.916838151357532e-08 0.0 2.146737740783453e-06 0.0 0.0 0.0 6.27321971770673e-08 2.0041128667936013e-05 5.02369833428097e-06 2.2194469709566192e-07 0.0 0.0 6.332495341125561e-07 0.0 0.0 0.0 1.393642056400924e-07 6.66644831621308e-08 0.0 0.0 0.0 2.2796731845335052e-05 4.3132260181326495e-05 3.504114705141779e-06 8.910779548973806e-07 0.0 1.0281889521315726e-07 0.0 8.223214141115506e-08 0.0 4.45503804558251e-07 0.0 1.0031938726510726e-07 0.0 6.845564958351325e-07 6.022463280627066e-08 5.903989546623495e-07 1.1108174100024788e-07 2.578511250121243e-06 1.0581499473325001e-06 1.6113139096838426e-06 6.110946618138197e-08 1.2085453530699384e-07 0.0 2.252627748068837e-07 0.0 9.132246041003099e-05 1.543457666883586e-05 1.1637749671519307e-06 1.6846144589593428e-06 8.840860424335947e-05 1.1419652893103157e-07 2.6579531118443946e-07 1.1902886841807758e-06 7.647877716298996e-07 0.0 3.3444456832837017e-06 6.531010100268311e-07 7.716551482457771e-07 9.631158785285182e-07 1.5201790564589433e-06 6.075009762992234e-08 1.9065026531806468e-06 1.4198869456736204e-06 2.166176266422884e-07 1.7494567020961633e-07 0.0 0.0 0.0 0.0 0.0 0.0 0.0 0.0 0.0 0.0 0.0 0.0 0.0 0.0 0.0 0.0 0.0 0.0 0.0 6.652963390231912e-07 0.0 0.0 0.0 0.0 0.0 0.0 8.225916484856196e-08 0.0 0.0 0.0 0.0 0.0 0.0 0.0 0.0 0.0 0.0 0.0 0.0 0.0 1.3664882277454708e-07 1.32593372133563e-07 0.0 0.0 0.0 5.46317413355841e-08 0.0 0.0 0.0 0.0 0.0 0.0 0.0 0.0 0.0 0.0 0.0 0.0 0.0 0.0 0.0 3.1062020540747877e-07 2.9339079553971095e-07 0.0 0.0 0.0 3.5041186347410494e-07 0.0 0.0 0.0 0.0 0.0 0.0 0.0 0.0 0.0 0.0 0.0 0.0 0.0 0.0 0.0 5.836038104815459e-07 0.0 3.877883511285377e-07 2.6977985042040745e-07 0.0 1.024364499411337e-06 6.669516082916233e-08 0.0002632581024860922 1.9564733502058664e-07 0.0 0.0 4.3098817743511344e-07 0.0 0.0 0.0 5.115835428822819e-06 0.0 0.0 0.0 0.0 0.0 8.301993552407712e-05 1.9901552665826153e-06
0.00015942435864422957 0.0003393097574084323 1.4582474135441504e-05 0.00010076160174947622 5.720044305932058e-05 5.840113084374028e-06 0.0 4.985086073243855e-06 0.0002613831252626099 0.0004191248731974354 2.3644508139253858e-06 9.925408155099424e-05 0.0008091976519133138 0.00019850936215445677 2.287044693012147e-06 3.4808511648791867e-07 6.801384764008584e-07 0.0 2.0540929688085897e-07 1.1522246692236895e-07 5.3420527948342876e-08 0.0 0.0 9.804183097281831e-08 0.0 0.0 0.0 0.0 0.0 0.0 2.4060202133989173e-05 9.668765917345276e-06 4.917419345043564e-06 5.2588974878490765e-08 0.0 0.0 2.709023910604758e-07 0.0 8.901459253976986e-08 0.0 0.0 0.0 0.0 1.1104058068061717e-07 0.0 8.631547136817501e-08 1.0452860673511758e-05 2.5194470175601325e-07 9.707634406116636e-08 1.2864165770362185e-07 0.0 0.0 5.810010761284188e-08 1.5136905698696888e-07 8.037119185606223e-07 1.94262937569742e-06 1.1048185250617165e-05 3.0923319641045235e-05 6.303104803915689e-06 6.647230201647879e-06 5.537992066334003e-08 7.82017289412799e-07 0.0 2.1200624602900597e-05 1.0522826500097307e-06 0.0 0.0 2.7148956473327633e-07 2.607112023465625e-07 4.371937068284182e-08 3.333676039695369e-06 0.0 0.0 2.5498052316145826e-05 8.049702540203267e-06 1.4745195276308663e-05 1.3752412404330693e-05 2.151892545196083e-06 4.4609757221770603e-07 1.3926271815711685e-06 4.895450897995064e-07 1.8104851686683417e-06 1.0722644799604097e-06 6.535344083584855e-08 4.684802012620346e-08 5.142841350487552e-07 2.2527892858570266e-07 0.0 0.0 0.0 6.69055804507008e-08 0.0 4.870282075152882e-08 0.0 0.0 4.5853479867472984e-05 4.7592839200037815e-08 0.0 6.265771340907816e-08 1.9539645995128657e-05 1.0747029786470595e-07 6.622580093351816e-06 2.022669630173714e-05 6.485057232436517e-06 3.424442980467365e-06 4.7893133110707986e-05 5.428740227333402e-06 3.7097892339721816e-05 1.4063863641838426e-05 3.541236593836209e-05 5.804573885323931e-06 5.376807984128129e-05 2.7997135033923265e-05 1.4096762920469574e-05 1.795510995638825e-05 9.998009092810273e-08 0.0 0.0 6.036713659799452e-08 0.0 0.0 0.0 1.803856794298999e-07 0.0 0.0 0.0 0.0 0.0 0.0 0.0 0.0 0.0 0.0 0.0 1.2785715563109463e-06 1.12433080325109e-07 0.0 0.0 0.0 1.6831065161726481e-06 5.7876697242200166e-08 1.0143344614796247e-06 0.0 0.0 0.0 0.0 0.0 0.0 0.0 7.00831824304282e-08 0.0 4.164568840118544e-08 1.2062065344738726e-06 0.0 0.0 0.0 6.038265404965893e-08 0.0 0.0 0.0 0.0 0.0 5.827944172257612e-07 1.9918558936971714e-07 0.0 0.0 1.1980827391942981e-06 2.184960346329276e-07 0.0 0.0 0.0 0.0 0.0 0.0 0.0 0.0 2.0234073581070466e-05 1.312895403986693e-06 8.262624449434751e-07 6.496304110227151e-08 0.0 2.790572647815524e-06 5.320765604847177e-08 0.0 0.0 4.1179770402841627e-07 6.189372451456051e-07 5.31741465395418e-08 2.418131901098079e-07 0.0 0.0 4.6230083942750783e-07 2.862239060582305e-07 5.798345135571302e-08 0.0 0.0 0.0 2.6116598261024686e-05 8.768929946219406e-07 4.273034413192401e-07 3.404700204860181e-05 3.4075518584883045e-07 7.378078237604653e-05 5.544825282228948e-06 3.052465054211869e-05 6.771128736280618e-06 1.6105476303836901e-06 1.2403794312079488e-06 2.4413584674039003e-06 5.984090892599962e-08 6.386512074126848e-07 9.967007531535874e-07 1.235614268146006e-05 1.5881564760439748e-07 0.0 0.0 0.0 1.2209409316169983e-07 5.082807560381607e-05 1.0882231895271323e-05
7.729101665804004e-05 0.0001042992016268252 0.0009229809631520836 4.685219793027627e-07 0.0001085220618448241 3.9088503908692435e-07 4.985086073243855e-06 0.0 0.0005007608908938881 9.800815921906994e-07 0.0012954466685481188 6.2593407712532604e-06 3.040493752935127e-05 0.0007904288699778141 1.597221699114819e-05 9.643641741597834e-06 8.957856992948324e-06 2.031802756050133e-06 4.833805346652607e-07 3.074697824117961e-06 1.0058879608842079e-05 8.022463454872736e-07 2.6747739624668054e-06 1.5622441030610565e-06 1.7218852902576344e-06 1.1130495154183582e-06 2.6678712641120314e-06 9.494989648991271e-07 5.10939238566755e-07 1.1668435488003843e-06 0.0007389220332184199 0.0014510644762304617 5.7504677654749986e-05 2.6917784995278394e-06 3.7367573306390884e-06 5.698078879762994e-07 6.964382681139514e-06 2.9060324461604958e-06 1.6261499926505133e-06 2.7060293624577104e-06 3.681051908169516e-06 4.3936325868015374e-07 1.2028886837565483e-06 3.0959450371306723e-06 3.957834483107944e-07 5.329378813854068e-06 3.6776759127793505e-05 9.018941433982833e-07 1.482262628468395e-06 2.7094712858065443e-06 3.71536968654942e-06 6.387003050762958e-07 1.3598976720478941e-06 9.16965514842481e-07 1.839866440061752e-06 3.3208241289906104e-06 4.198686396856833e-05 0.00017377332256489242 1.3729234180282566e-05 2.1940772000923532e-05 3.235562332407411e-05 2.6481986095245555e-05 8.037834543849163e-06 0.0002293898589651254 1.2937318163325799e-06 9.57212117054943e-07 6.585322967275221e-07 3.744383771126155e-06 3.970710912874817e-06 6.237928518792405e-06 1.850139983650072e-05 6.933269818431236e-07 4.823566731099015e-08 5.952247587718211e-05 3.593876085648351e-05 5.035187446376328e-05 0.00011852522856272527 9.976346388307431e-05 0.00044989518859932454 0.0006134896584820256 1.1147605403418923e-05 0.0006176080967255331 3.3736441278383295e-06 1.290274096441224e-07 1.0354785411175447e-06 8.561207644786175e-07 4.018839561866283e-06 0.0 3.807033134136784e-07 1.8750625843513014e-07 4.041451071462056e-08 4.731574291209097e-08 8.43523110754531e-06 6.109555480457091e-07 3.8827861701327003e-07 1.777292084393561e-05 6.736648076755199e-07 8.469815101390935e-08 1.4261158368322842e-06 3.915951538452627e-05 4.836794335309778e-07 4.829328654877712e-07 4.231139057552722e-06 7.921332054618994e-07 1.0883223743244745e-06 1.0362854411616712e-05 7.140163927048537e-07 9.171642479995226e-06 2.12946034217308e-06 5.220169043148683e-06 1.9998366195608843e-06 1.1213512411667148e-05 7.941635549806922e-06 3.4274184946179465e-06 1.3367418478319691e-05 4.0101405380025995e-07 8.504620782686313e-07 0.0 0.0 0.0 0.0 0.0 0.0 0.0 0.0 0.0 0.0 0.0 0.0 0.0 0.0 0.0 1.9587612998416802e-07 0.0 2.2367770023814627e-06 1.9306520129393799e-07 0.0 0.0 5.2683307588249206e-08 1.626993416384828e-06 1.279771795845679e-07 2.43731757042082e-06 9.239016594455906e-07 7.817626655206796e-08 0.0 0.0 0.0 5.534680932403312e-08 8.897696364978652e-08 0.0 0.0 0.0 4.0045285046203157e-07 0.0 0.0 2.479220201028846e-07 5.113236397075063e-07 5.0931186349920475e-08 0.0 0.0 0.0 1.610460598690758e-07 1.0177499865545719e-07 0.0 0.0 0.0 3.958886238864185e-06 0.0 0.0 0.0 0.0 0.0 0.0 0.0 0.0 0.0 1.429307442846988e-05 4.336666384408472e-07 1.2031367583165502e-07 0.0 0.0 2.163246467354724e-06 0.0 1.244248769180457e-06 0.0 8.013962979966129e-08 2.222986177935876e-07 0.0 0.0 0.0 0.0 9.553761569230894e-08 0.0 4.370849730304245e-08 0.0 0.0 0.0 9.116030009665972e-06 1.843909279517199e-06 3.043451608076866e-06 9.560557054274665e-05 1.4199986676043926e-06 0.00020681618554569745 2.83246870862477e-05 2.019773884655595e-05 1.3819655022343062e-05 7.741518950549458e-08 4.831150798151525e-06 1.539537471858702e-06 0.0 2.399801931786162e-06 2.510497131949086e-07 1.9551042420964254e-06 6.039065316574952e-07 0.0 4.79355984963994e-07 1.5190450209967667e-07 0.0 8.153488295455093e-06 5.673522233413214e-07
3.3868940183843486e-05 0.0005225121871219664 0.00035130798543062336 6.750756156802488e-07 0.000420628197964466 1.948072611208014e-06 0.0002613831252626099 0.0005007608908938881 0.0 0.00023208851766084253 0.0006515290625040081 6.820327796205466e-05 0.0007330226994505929 0.0008792051480402306 9.892901585585665e-06 8.340030261487443e-07 4.066885302267082e-06 9.176773453769859e-08 1.0269627757531699e-07 2.7708426471271803e-07 2.922983371728453e-07 0.0 1.4849799724123639e-07 2.443049542168714e-07 1.698463565018351e-07 1.1038391710556697e-07 1.2860379437731842e-07 2.1967502232918238e-07 1.5070173214117083e-07 1.20426588550085e-07 6.88891435726286e-05 5.7857697477158086e-05 1.5303812179090013e-05 0.0 1.875816948332455e-07 8.4493171803482e-08 3.3693063637709736e-06 5.041916626316653e-07 0.0 6.769964975781537e-08 0.0 4.185915941609679e-08 9.992009011500035e-08 5.38818059681542e-07 0.0 2.37298661057089e-07 2.512766794063447e-05 3.652111808718438e-07 3.0801219065533226e-07 2.8666828196360424e-07 6.758827389970611e-08 1.2627826050605838e-07 3.007487245736009e-07 4.6506933886500946e-08 1.756317101440609e-06 2.0649673570562627e-06 1.5528772088219796e-05 3.766102506281625e-05 1.1587964863889875e-05 1.774241190407278e-05 2.741795577732326e-07 1.4691848439510279e-06 7.155981866535944e-08 3.9963528021625e-05 1.175617674153154e-06 3.6556872230849115e-08 4.27736992220563e-08 2.954959555488564e-07 4.1446625544811113e-07 2.035135368813202e-07 1.3210984551157944e-05 1.5852585454305037e-07 0.0 3.6395754437187296e-05 1.4821406144110489e-05 3.358383196023266e-05 2.7972728281691107e-05 1.0192733370171936e-05 3.986997509172178e-06 1.5666687570431897e-05 7.605558834701588e-07 7.666061270825974e-06 1.6192247437544713e-06 4.8901961381222035e-08 3.527821039794887e-07 5.487916393934332e-07 4.187046445642208e-07 9.605763266242663e-08 1.4509509079424924e-07 0.0 0.0 4.567186799305863e-08 2.575811797761831e-07 3.228340920852417e-07 0.0 4.738213672177608e-05 6.676796335382725e-07 0.0 2.9722460338548266e-07 6.358536073575554e-06 6.333129361129055e-07 5.1432688246506085e-06 1.874002828734728e-05 2.585908984953803e-06 4.685210988641383e-06 5.118555196019669e-05 6.094967051553529e-06 4.6128414202281844e-05 1.4228318666286697e-05 3.3376007128260886e-05 8.935018690400718e-06 6.332287803582276e-05 3.801250178443204e-05 2.1050679497237126e-05 2.8285891127608324e-05 4.879733245155706e-07 5.428452626065584e-08 2.2176663340751e-07 1.4991622162034595e-07 0.0 0.0 0.0 1.2077506883689952e-07 0.0 1.0731679045078266e-07 0.0 0.0 0.0 4.9924371664123475e-08 0.0 9.695345477489171e-08 0.0 7.338812426530097e-08 0.0 3.070393320238369e-06 1.4100578717652024e-06 0.0 0.0 0.0 2.8187478224874097e-06 6.840399321492218e-08 2.140771221079106e-06 4.302399311255518e-07 0.0 8.751980423548159e-08 0.0 0.0 0.0 0.0 0.0 0.0 0.0 4.479685973248676e-07 0.0 0.0 3.0339906438455573e-07 4.584552576687706e-08 2.7443709537390174e-07 0.0 0.0 0.0 5.868732594017962e-08 2.98461362889193e-07 4.3018291472401654e-07 6.515399134560663e-08 0.0 3.8672084274007e-06 3.848379625975338e-07 0.0 0.0 0.0 0.0 0.0 0.0 0.0 0.0 3.7966849363489916e-05 2.450150462013958e-06 6.110584693114488e-07 1.9021957602833163e-07 0.0 4.077363452200444e-06 0.0 0.0 0.0 5.146537146043792e-07 1.163296903119478e-06 1.8770439433773718e-07 4.841710613790936e-08 0.0 0.0 1.644760790625442e-07 0.0 1.0197373367310448e-07 0.0 0.0 0.0 3.264677671519287e-05 1.947618333159024e-06 1.832126324007912e-06 0.00012169231720102284 1.2945189530227995e-06 0.00016091158482544915 2.571500574118638e-05 2.4773137738046207e-05 1.7324080180712048e-05 4.244594757139317e-07 5.161262932303668e-06 4.456720569003457e-06 1.1760552327991877e-06 3.1568561813488755e-06 1.5647702176708333e-06 1.066384059041289e-05 2.4718023381636587e-07 0.0 0.0 9.275132886417043e-08 0.0 4.1295007743446086e-05 8.955695906852592e-06
0.000908688685226593 0.00056184643661839 3.3963927380268293e-06 0.0005755016914371717 3.9013479113773436e-05 0.00024459207562702967 0.0004191248731974354 9.800815921906994e-07 0.00023208851766084253 0.0 1.654294473282037e-05 0.0002601232134940224 0.0009732934889028795 0.0004326934152311044 3.273519479009793e-07 6.344339510562878e-08 4.820440132043151e-07 0.0 0.0 0.0 6.421768245277977e-08 8.561097162018805e-08 0.0 0.0 6.895722571826689e-08 0.0 0.0 0.0 8.153468963761713e-08 0.0 2.5686587552802036e-05 1.2953634633508519e-06 1.8351911628619088e-05 0.0 0.0 1.0999763303183185e-07 8.567766000841244e-06 2.4970113128771734e-07 1.4732741613372393e-06 0.0 0.0 4.533690686737041e-08 0.0 0.0 0.0 0.0 2.4660050777612195e-06 0.0 0.0 0.0 0.0 6.170483656660011e-07 4.336764549966004e-08 0.0 1.6295623956290706e-07 2.2515069191860262e-07 2.5042981917048605e-05 3.486862393078263e-05 4.071446614389902e-06 3.681266510432702e-06 5.678195405151631e-08 3.6711186403410493e-07 9.316315533316321e-08 8.119114576103762e-06 2.120650370390602e-07 5.046838300554385e-08 0.0 0.0 0.0 0.0 9.171297365172032e-05 5.608980318087301e-06 2.2117143680286567e-07 1.1369421313108196e-05 5.419698256624298e-06 6.300156834172114e-06 3.5138332330222366e-06 9.022884690099197e-07 1.481835362693178e-07 1.7134522734718356e-06 6.049283167768764e-08 8.152564300050894e-07 8.513587413748798e-07 1.4576903567518188e-07 0.0 1.776661213651298e-07 0.0 4.790338694601633e-07 2.138945334266594e-07 7.51062299099452e-08 1.3656196969976356e-07 2.229830267210622e-07 1.0308394966091564e-07 6.9978266595362e-08 0.0 0.00014442726773778003 1.709410469257409e-05 1.8406053424094122e-06 7.756539330233422e-06 0.0004077612440838821 8.26197896810005e-07 1.8861587679638556e-05 7.226476664814796e-05 1.452355996073132e-05 7.102562551702525e-06 0.0001250230214068457 2.414711281312563e-05 9.48743651302029e-05 4.6463715424367526e-05 0.00012798906704657905 1.1562476757385766e-05 0.00014202223300498965 8.83083111687804e-05 3.685275347690825e-05 2.0473028984995714e-05 3.161947289785453e-07 1.417834210091105e-07 1.087849088327499e-07 4.707324272681174e-08 0.0 0.0 0.0 1.8568149542847027e-07 0.0 4.362364251879701e-08 0.0 0.0 5.4300735857646286e-08 1.7115942316713549e-07 1.0748932441874916e-07 0.0 0.0 0.0 0.0 4.144921409390627e-06 1.0310967923310825e-06 0.0 8.408987435108751e-08 5.59478593942573e-08 2.0363848102054663e-06 4.48859779086679e-08 4.071521474000246e-07 9.499318013278554e-08 0.0 4.4808476238208766e-08 0.0 0.0 3.985450188526128e-08 2.1413955287207699e-07 0.0 5.084362624496521e-08 1.1456542006254141e-07 6.518639416625724e-07 0.0 0.0 1.1029947835275945e-06 0.0 1.7809321596462112e-07 0.0 0.0 5.6820982116997416e-08 2.2738694276401511e-07 4.153490458781472e-07 3.881849057458205e-07 0.0 0.0 7.881869240006468e-07 1.1897356712289057e-07 0.0 5.349062440805566e-08 0.0 1.0915120627989279e-07 0.0 0.0 0.0 6.135128910618088e-08 4.596288668376603e-05 5.017624487396551e-06 2.070836276827216e-06 8.500758983888165e-07 5.480203141305808e-08 4.029929207310354e-06 0.0 0.0 1.2289228557107916e-07 2.4356495411183933e-07 2.878702965161897e-07 1.1645890268068487e-07 4.298686733035723e-07 0.0 8.389644578093983e-08 4.7148183459564534e-07 3.9107970309926693e-07 2.0220664742699412e-07 0.0 5.5674037772369145e-08 5.027687830170563e-08 9.509721885971159e-05 1.8608680345140056e-06 1.09382735217512e-06 5.978586446882547e-06 0.0 3.7435205274755205e-05 1.6776937573836688e-06 0.0007397464035241028 3.978149324269522e-06 0.0 8.320286109032027e-07 6.58633878729268e-06 0.0 1.8623730896406303e-06 1.5938717842070841e-06 7.2814720261859e-05 0.0 0.0 0.0 0.0 0.0 0.0002898267902288645 5.954721512709797e-05
6.0394990449780586e-05 0.00018709564627185127 0.00047677170992576717 6.150221995330982e-07 6.921026792807367e-05 8.593259592411007e-08 2.3644508139253858e-06 0.0012954466685481188 0.0006515290625040081 1.654294473282037e-05 0.0 3.573694454925071e-05 0.0001826997240571476 0.0015779655432824257 7.35927435601588e-06 2.752843028359989e-06 5.545809855234027e-06 4.0117280812229997e-07 3.601899344586591e-08 3.8588058650092466e-07 7.823864410291089e-07 3.760018902380834e-07 1.7293446706787493e-07 2.6545204059362734e-07 3.936342998613313e-07 6.756381512121692e-07 1.171642482600299e-06 3.4293942160086997e-07 7.665798140244525e-07 5.868172774970386e-07 0.00011862864347693083 6.502336716785896e-05 0.00019235139752009058 1.0068614242125606e-07 1.7918825089828113e-06 2.825077629178853e-07 4.034380858309293e-05 7.434670937168885e-06 1.849997575865603e-06 1.8839594538631e-06 3.952660585159465e-07 0.0 0.0 2.384840269097353e-07 1.1838750609230763e-07 4.4956380251960287e-07 1.4791784958773743e-05 0.0 2.9120047932819425e-07 3.248411051429126e-07 6.287975176906551e-07 0.0 1.2303024799637343e-06 1.0049895432267704e-07 1.384514058725977e-06 1.0551262397726845e-06 1.2938317141140318e-05 3.286608523912949e-05 3.7819498098484254e-06 8.90708054945452e-06 1.7235668796545133e-06 2.74945919237734e-05 7.238249590170796e-07 2.4429918172485226e-05 1.2576047179734517e-06 1.0051712127687979e-07 2.526740926872575e-07 3.4168576779726604e-07 2.2439959516108532e-07 3.903672846133563e-07 6.170678478265655e-05 3.3516725847419192e-06 0.0 1.7568873540207937e-05 6.694950302557624e-06 1.4466263418957162e-05 1.5438965205111972e-05 9.227521336965934e-06 2.9649434864942907e-05 0.0002524498674680641 3.793622892869021e-07 0.00010221859693555707 5.036023790319835e-07 1.3935381601777897e-07 3.5038229472807967e-07 3.4278700450189577e-07 3.0833508017114053e-07 0.0 0.0 0.0 5.2466011167987473e-08 0.0 4.440896214147547e-07 0.0 0.0 5.454783185812071e-05 3.3279774137231017e-06 0.0 1.075944892028601e-06 1.701893067335552e-05 8.881890891549541e-08 8.47627769206985e-07 1.0153760162789717e-05 9.625408434474034e-07 3.4049295505630538e-06 2.1907681191540064e-05 1.943868304667394e-06 2.1423255904438473e-05 5.829284005596733e-06 1.231859243183789e-05 4.283284918016514e-06 2.9600475835063186e-05 1.3077880948840322e-05 1.197230548285854e-05 2.4329908899817087e-05 3.448304891527952e-07 4.90908203037333e-08 4.25669859271024e-08 6.652659739379199e-08 0.0 0.0 0.0 0.0 0.0 0.0 1.5273975777490192e-07 0.0 0.0 0.0 0.0 0.0 0.0 0.0 0.0 1.7582861953538052e-06 1.3340607615115712e-06 5.4534271644589916e-08 3.5656272455028696e-07 0.0 2.942874642277764e-06 0.0 2.228601028275213e-06 1.1784956739582044e-06 9.235191635650918e-08 0.0 6.173758062233887e-08 0.0 5.961406759841914e-08 3.379152168245982e-07 0.0 0.0 7.394079858693108e-08 8.082939950432243e-07 0.0 0.0 0.0 0.0 2.2187630867199563e-07 0.0 1.9719065536434905e-07 0.0 4.532820369807719e-07 4.670545344600644e-07 1.8902679380130477e-07 0.0 5.86916432896811e-07 5.7077182835248105e-06 2.484068939522544e-07 0.0 0.0 0.0 0.0 0.0 5.963779404249882e-08 0.0 6.06398827897793e-08 2.645590371871844e-05 3.7403383082166504e-07 0.0 0.0 6.501980446142952e-08 5.335658927488071e-06 2.474048014837625e-07 2.6220565946303347e-07 3.9545872051653956e-08 7.414733624070545e-07 6.018339657392678e-07 0.0 3.431125621262996e-07 0.0 5.6477830604951086e-08 0.0 0.0 0.0 0.0 0.0 0.0 1.9966590361872145e-05 1.0942142093154154e-06 2.848611173100406e-06 8.173044559479937e-05 1.016708512505513e-06 0.00010331622057832438 1.8967130717448963e-05 1.3274637454188307e-05 1.0384245393633032e-05 0.0 3.721978122667919e-06 4.030558519981392e-06 5.638149960465455e-08 2.492302614733232e-06 8.608747832565682e-07 4.71550088683579e-06 0.0 8.530759316015124e-07 4.445662527808064e-07 0.0 0.0 8.855574897368833e-06 2.4041343038181555e-06
