0.0 0.0006245207453308635 0.00024262056290846147 0.0005327176057346873 3.583367051918269e-05 8.742208720638905e-05 5.9843336221058186e-05 8.795727963383167e-06 1.0034874952516218e-05 0.0004842670067849535 1.5371349390267375e-05 9.0819871377618e-06 3.424175211513236e-05 1.7551799353455947e-05 6.3322550434922e-07 4.485482836201988e-07 1.464113912598879e-07 4.1150030307503404e-08 0.0 0.0 0.0 0.0 0.0 0.0 0.0 0.0 0.0 0.0 0.0 0.0 0.00014745473718670815 7.282057556304333e-07 3.443607606390178e-06 0.0 0.0 9.284299925161171e-08 3.518598862817387e-07 1.0315760903418069e-07 2.8782882307011397e-07 3.9477402791963046e-08 0.0 1.313260351490144e-07 9.231776027100022e-08 4.5160514934607483e-07 0.0 3.2851382712140823e-07 6.034465859738194e-06 1.966579391128035e-06 1.0340876915369223e-07 1.7396053833285083e-07 8.331112767148295e-07 3.831956572132271e-08 0.0 2.9286238004023024e-08 4.379008955888814e-06 2.639527650946788e-06 8.882427222988463e-05 0.00025618775285194865 1.7806827469050126e-05 8.145605407827103e-06 3.893636951318306e-08 1.3462862969974558e-06 4.7963010167627404e-08 1.4559426321678608e-05 2.7490311983944304e-06 4.555707835121428e-06 1.2813428271493052e-06 1.2129463738170686e-06 1.1096575927316166e-07 5.4538842285589406e-08 1.172487242808936e-06 4.5881429880210525e-07 1.2269708358295678e-07 4.233444159097864e-05 1.0510730191011372e-05 1.179988897807263e-05 4.8201684691945684e-06 7.494535868270988e-07 6.943317810459299e-07 6.739213019808936e-06 6.636313880009482e-07 2.791154167188681e-06 6.175358029888817e-06 0.0 1.8589512440655689e-06 2.308770693300569e-06 7.540221045815816e-07 6.740394449511219e-08 8.784454936148594e-07 3.2899273616072546e-08 4.1551092733993324e-07 1.6947718019423635e-07 9.616841340433676e-08 4.223547603490744e-08 1.0106052473969606e-07 1.1213872342601872e-05 3.407223984243749e-07 0.0 1.3319823779628391e-06 0.0005322287938032526 0.0 1.423472218943055e-07 0.0 0.0 0.0 1.6735494230547052e-06 0.0 7.860192694435342e-08 3.42927881822064e-07 7.571236673613109e-07 1.0317287199595953e-07 0.0 0.0 6.200133098830027e-07 1.9428490688427256e-07 0.0 0.0 0.0 0.0 0.0 0.0 0.0 0.0 0.0 0.0 0.0 0.0 1.9792311617771065e-07 0.0 0.0 0.0 1.3592629377306807e-07 2.7691046935535993e-07 1.2709002705921472e-07 3.3719037541246963e-07 2.1541437318057139e-07 0.0 0.0 0.0 1.869572661734899e-07 0.0 7.572805087919441e-07 6.144863228388222e-07 5.953655996825132e-07 0.0 0.0 0.0 0.0 0.0 0.0 0.0 0.0 0.0 0.0 0.0 0.0 9.563480295971755e-07 0.0 0.0 0.0 0.0 0.0 0.0 0.0 0.0 7.73396531144389e-07 5.751239576150784e-07 0.0 0.0 0.0 0.0 3.389341696056652e-08 0.0 0.0 0.0 0.0 1.0674502937246417e-06 3.4350709680421134e-07 0.0 0.0 0.0 1.4172150201863803e-07 0.0 2.718581860173639e-07 0.0 0.0 0.0 0.0 0.0 0.0 0.0 0.0 0.0 0.0 0.0 0.0 0.0 9.476777504275411e-07 6.43528768155956e-07 4.1917243119825986e-07 9.447010424009974e-05 5.727263604741076e-07 3.730184753847438e-05 1.2438398331230064e-06 0.0004136696160395835 4.5294684727472e-06 5.867410964387913e-07 1.1325243670293296e-07 5.396870168661502e-06 1.8253359590260016e-07 3.0396731706401483e-07 0.0 7.831943028930441e-07 0.0 0.0 0.0 5.750787875422442e-08 0.0 0.00010661613114287378 3.6515270132552055e-07
0.0006245207453308635 0.0 0.00036357126926144184 0.0013955277567991738 0.0006727404164027113 0.0001313728802176986 0.000450899881571918 6.799753516882487e-05 0.0001816801526890302 0.0012646839280140776 0.000506800692881751 3.685444430097319e-05 0.0003177471468797496 0.00039198514099721506 1.2408938754448476e-05 4.371997785935415e-06 5.920071130793876e-07 4.384934746531857e-07 1.263445653443658e-07 6.836682987057751e-07 5.017631814162561e-07 0.0 0.0 4.972246906475011e-08 6.164862859689586e-08 3.5100914544504665e-08 0.0 0.0 7.183509883344182e-08 0.0 0.00042437319600923014 1.7520536239535887e-05 1.947521327759392e-05 1.85057657584024e-07 4.087209601772227e-08 2.503806069097192e-07 1.6609062801422545e-06 6.606576893794794e-07 7.76265831884856e-07 0.0 2.93612698299275e-07 3.2746783636079315e-07 1.4094092253227364e-06 2.449910471068561e-06 1.5744281919010423e-07 1.8810035379953288e-06 6.849246872724058e-05 5.21367803638146e-06 8.712990029745376e-07 7.255280016584417e-07 1.5554393487045486e-06 3.180031833697559e-07 0.0 2.1996448531292206e-07 7.348447244428686e-06 4.766796184052136e-06 4.7846488084413674e-05 0.0001889113810236292 2.448442317347074e-05 4.5435857171088464e-05 9.536906446000733e-07 1.969537538440538e-06 1.2672789215095133e-07 9.263224562192752e-05 6.669210357629798e-06 9.78510980971789e-06 3.065738447450001e-06 3.4098130698357863e-06 1.5865365609365722e-06 2.089890064565666e-07 7.883728845668787e-06 2.085995952003482e-07 4.548005253971407e-08 9.606462038339759e-05 6.868777310990367e-05 9.065721392590399e-05 6.669018324558932e-05 3.2478726468600835e-06 7.491621475214233e-06 3.960908036121138e-05 6.3651845384853635e-06 1.1565169478849832e-05 1.3870583622981182e-05 1.5755380369842426e-07 5.424705936078275e-06 5.132113129879328e-06 2.373265848069937e-06 7.878212449713986e-08 2.216233337207474e-06 3.170135952628465e-08 9.784606204875948e-07 3.5811501801026335e-07 6.909977650754332e-07 3.5943212802349084e-07 2.0543002460259776e-07 1.256269719639665e-05 5.556366188296105e-07 0.0 1.313180132654728e-06 0.00029627228010020056 2.5765142378551163e-07 4.040172205514251e-07 1.2946706407379004e-07 1.8485536421308185e-07 3.2156261880356957e-07 4.772049191050828e-06 0.0 9.749932682419954e-08 1.583118516059963e-06 6.941094945233984e-07 1.782539048338864e-07 1.201771624375451e-07 1.0190717104633166e-06 2.4027290081322956e-07 1.0418361409487537e-06 0.0 0.0 0.0 0.0 0.0 0.0 0.0 5.5279110511214913e-08 0.0 0.0 8.018573056685016e-08 0.0 6.046634033276263e-08 0.0 0.0 0.0 9.126657926101774e-08 5.493343731146312e-08 0.0 5.33161627362733e-08 7.125509591830684e-07 0.0 0.0 0.0 1.3158917010041522e-06 0.0 9.419742463070294e-07 7.995275284339026e-07 3.0423944553178203e-07 0.0 0.0 0.0 0.0 0.0 0.0 0.0 0.0 0.0 0.0 0.0 0.0 3.6108062023150175e-07 0.0 0.0 0.0 0.0 3.7604966875059045e-08 0.0 2.9486747186246946e-07 0.0 0.0 1.2448827978580851e-06 0.0 0.0 0.0 0.0 0.0 0.0 0.0 0.0 0.0 3.876091348970321e-06 8.707110112223926e-07 0.0 0.0 0.0 6.121919215922641e-08 0.0 1.6270529790791079e-07 0.0 0.0 1.1827080198810318e-07 0.0 0.0 0.0 0.0 0.0 0.0 0.0 0.0 0.0 0.0 1.973347460103808e-06 7.882144857374497e-07 4.400004580492467e-07 0.0001458564515454308 2.6313662511047187e-06 0.0002355268838848556 2.3658951140340387e-05 0.0001922122081275982 1.7276300816600303e-05 1.390718758287674e-06 9.01428204216856e-06 3.169111817936659e-06 0.0 2.4115073332608267e-07 7.354583353566072e-08 1.7703895622904002e-06 0.0 0.0 0.0 2.5240474908544174e-06 0.0 5.0884253368632176e-05 1.362106650088187e-06
0.00024262056290846147 0.00036357126926144184 0.0 6.656412950268201e-05 0.00016537691500939875 2.5717745047247165e-05 4.456930054140301e-05 0.0007736007821270631 0.00011776913352549802 0.0001657360231323796 0.0007247770317736325 3.2700572827531294e-05 9.624176329461933e-05 0.000564765713263524 3.207891298393325e-05 1.6011952665619802e-05 3.085552917739135e-06 3.3242171069166733e-06 8.83353285853426e-07 4.63310152417474e-06 1.828003018233223e-06 7.685875901532932e-07 0.0 2.3980732378149457e-07 5.960471876356409e-07 2.6351907845187044e-07 4.4398770027314436e-08 1.8301032775866212e-07 2.413915874635482e-07 9.328240148644345e-08 0.001920191179484053 0.0004013795260547607 9.184405082803503e-05 1.3330298914557904e-06 8.116692193887477e-07 2.3068426306754795e-06 1.3167550581642289e-05 4.883712258058596e-06 6.315285011288327e-06 8.201100292750222e-07 1.9097061872115577e-06 1.960911972524037e-06 6.987924303856271e-06 1.8158927428664022e-05 1.2167475932270297e-06 1.275931038046218e-05 8.479765537466819e-05 5.383527453355078e-06 1.5722454944108443e-06 3.853843688481821e-06 3.270122939731612e-06 8.574353252974653e-07 5.436450498439829e-07 8.158056505033249e-07 6.923078672800579e-06 4.110847929965364e-06 4.303324381285718e-05 0.000230368533981247 2.3684371763555906e-05 4.236915890656865e-05 7.771718595688354e-06 9.987548826768155e-06 1.7288142166421033e-06 0.0003253048586641913 5.4393829407345515e-06 7.5167720823481194e-06 3.2928495805362624e-06 5.791689457369936e-06 1.056138293289875e-05 4.316778232077755e-06 3.7627427562561525e-05 1.4906058622492033e-06 2.982246592833255e-07 8.985886508949404e-05 7.240843329869433e-05 0.00010347668128904547 0.00012432002338660792 6.280727749770191e-05 0.00017882160026167382 0.0003976380645484922 7.5128546829967e-05 0.00012834094053805497 1.191117825640998e-05 8.908225860294643e-08 5.265735800155638e-06 4.731202573260958e-06 3.7877844397541426e-06 1.2556908960321267e-07 2.623591046961753e-06 3.686328963604409e-07 1.9861674375984814e-06 7.410404291120792e-07 5.979661686202801e-06 2.0727053999991404e-06 1.0925832566025637e-06 2.2413329483594048e-05 1.813882530127715e-06 3.805218574855258e-07 3.436292008224276e-06 0.0001712375484120327 0.0 4.288914420467147e-07 3.105865924115443e-07 6.77478066153407e-08 8.095760326410727e-07 3.907101760599394e-07 3.037445186442299e-07 5.996627503353971e-08 1.048717980709037e-06 3.2637415848319086e-06 3.100724240190029e-07 1.3540029925802933e-06 2.721037936716033e-06 1.3443057406049664e-06 3.140529367379312e-06 0.0 0.0 0.0 0.0 0.0 0.0 0.0 0.0 0.0 0.0 5.183174688140648e-07 0.0 5.277412996190662e-07 0.0 1.2227192051539694e-07 1.770679944107066e-07 8.151991462137983e-07 5.329977230459441e-08 2.0658449546281818e-07 1.5459903555576544e-07 3.0620676387251424e-07 0.0 4.0511761173471657e-07 3.2788530153041484e-07 3.0008877363000474e-06 3.167099559552871e-07 3.945610874098019e-06 2.1156539084099182e-06 2.2443086174613137e-06 3.012078474431195e-07 0.0 0.0 0.0 0.0 4.083477741200254e-07 5.892972845326537e-08 0.0 0.0 0.0 0.0 0.0 1.6594959092531439e-06 6.588862170961805e-08 0.0 0.0 0.0 0.0 0.0 0.0 2.9907768097866595e-07 1.791052418040889e-07 2.727831976377779e-06 0.0 0.0 0.0 4.6611990201214084e-08 0.0 0.0 0.0 0.0 0.0 1.2510199486091827e-05 7.618480513497606e-07 0.0 3.766979639431067e-08 0.0 1.0124325780381513e-06 0.0 1.318699551395212e-07 0.0 0.0 4.650216232149839e-08 0.0 0.0 0.0 0.0 0.0 0.0 0.0 0.0 0.0 0.0 4.482697418574115e-06 4.318916067281442e-06 4.759802797668512e-06 0.00028614058441842614 3.6024167830251632e-06 0.00023498681973449165 4.121852673469323e-05 0.00012309495937452722 2.249719397997218e-05 1.0053063332581893e-06 1.876617972319233e-05 8.077664625666776e-06 0.0 3.9092122676174304e-07 2.1247579783837331e-07 5.064744047855078e-06 0.0 0.0 1.0856934467964358e-07 3.820539740647751e-06 7.977768819451939e-07 5.40708194638549e-05 5.270805792546721e-06
0.0005327176057346873 0.0013955277567991738 6.656412950268201e-05 0.0 0.00013981990913722564 0.00015132431027904211 0.00016487401097423716 2.6877666757894964e-06 2.049640642958939e-05 0.001007175234058019 7.739209407218555e-06 1.0516140815386218e-05 0.0001010678512172985 1.8612908374159814e-05 6.504015330794858e-07 2.5267884414582186e-07 0.0 0.0 0.0 3.3702939344582424e-08 0.0 0.0 0.0 0.0 0.0 0.0 0.0 3.662752174856721e-08 0.0 0.0 1.7449065595347634e-05 5.268831751504714e-07 2.100405995762367e-06 0.0 0.0 0.0 9.386133006531733e-07 1.2413040885207217e-07 1.6495833267261918e-07 0.0 0.0 0.0 7.249578971514632e-08 1.5417512955234702e-07 0.0 1.799384291007857e-07 7.0522425317075175e-06 7.417829425579368e-07 4.965265988677336e-08 7.010006521096365e-08 4.193022619491329e-07 0.0 4.5868070657837637e-08 0.0 9.733176244204871e-07 8.153791623346469e-07 1.3582096446585493e-05 3.828229836040588e-05 3.955188005171009e-06 5.9129131451443415e-06 4.3694486882664814e-08 3.9939666098945883e-07 0.0 9.82044164986104e-06 1.1540043922282802e-06 1.3974801904183598e-06 5.983952749166194e-07 4.531704955087429e-07 5.5445023538744965e-08 0.0 8.826638833675434e-07 2.2131462403849395e-07 6.499452511947141e-08 1.5047234581352293e-05 7.377118178694194e-06 9.36386277396624e-06 6.105637996550853e-06 3.37203062688701e-07 3.4431598842050496e-07 2.260181569614766e-06 1.6699919250548e-07 1.8203647725244066e-06 2.064123091020484e-06 0.0 7.603812130098239e-07 8.708473767628872e-07 1.644599488586782e-07 0.0 4.631973185993294e-07 0.0 1.764285861432931e-07 6.091102677278677e-08 0.0 7.296444784997022e-08 0.0 8.574687398766637e-06 4.29207541840583e-08 0.0 0.0 0.00019324674466231044 3.5362383885918134e-08 0.0 0.00020946638423624647 2.4554152812981848e-05 0.0 6.653524687298339e-05 8.753834732780327e-07 2.9781704003619283e-07 7.46702280347468e-06 1.8825946215743352e-06 1.4416165790847872e-07 0.0 7.524539203050277e-07 0.0 2.4337199806251615e-07 0.0 0.0 0.0 0.0 0.0 0.0 0.0 0.0 0.0 0.0 0.0 0.0 0.0 0.0 1.2155144133043056e-07 0.0 2.3747494170264363e-07 0.0 0.0 0.0 3.080427643684536e-07 0.0 0.0 0.0 1.243533595450907e-07 4.554835842449077e-07 0.0 0.0 0.0 0.0 0.0 0.0 0.0 0.0 0.0 0.0 0.0 0.0 0.0 0.0 0.0 2.8193084659112765e-07 0.0 0.0 0.0 0.0 3.386734583905639e-08 1.377893211480477e-07 9.391002963731529e-08 0.0 0.0 2.5850821667327625e-07 0.0 0.0 0.0 0.0 0.0 0.0 0.0 0.0 0.0 2.785848593525831e-07 0.0 0.0 0.0 0.0 2.0272620274895212e-07 0.0 0.0 0.0 0.0 0.0 0.0 0.0 0.0 0.0 0.0 0.0 0.0 0.0 0.0 0.0 0.0 0.0 0.0 2.982762172831071e-05 7.434969365553265e-08 3.1661304334047194e-05 1.4838971247569915e-06 0.00018716474994931256 2.3011827738954656e-06 1.805740758953431e-07 1.0808783857172905e-06 1.4857715467056447e-06 0.0 9.26704056409384e-08 0.0 9.561840410441299e-07 0.0 0.0 0.0 1.197505219956335e-06 0.0 3.5132186023733e-05 6.511190704751728e-07
3.583367051918269e-05 0.0006727404164027113 0.00016537691500939875 0.00013981990913722564 0.0 5.001891265205668e-06 0.0006204996794457255 7.685275572409007e-05 0.0007541630124326358 0.0006170343991172193 0.001074164483904279 1.3111148540269347e-05 0.0001675989141661177 0.0007124231929883355 4.9765716898600155e-06 2.074215822502382e-06 8.124356948098367e-08 2.3731736806454658e-07 1.1970202135079612e-07 2.9067928404774e-07 0.0 4.734723341012999e-08 0.0 0.0 0.0 0.0 0.0 0.0 4.659536973975677e-08 0.0 2.5426210000585884e-05 1.0250094224806246e-05 3.0311019273897783e-06 7.586060051725168e-08 5.241548275866444e-08 0.0 6.872168012454e-07 1.1340644325953597e-07 1.917500208438372e-07 0.0 1.05471935395351e-07 8.247603339552416e-08 2.563497273873685e-07 1.0217787916121329e-06 3.6723411767622205e-08 6.55797147201321e-07 2.7133479320391655e-05 6.897262349768277e-07 2.2044270102304788e-07 2.4562745947939445e-07 3.0115549136960095e-07 0.0 0.0 5.320062947008074e-08 9.448302441986186e-07 7.520407025866672e-07 4.331438940258178e-06 1.2189582675220573e-05 3.6518964248801226e-06 1.0300084911832529e-05 1.9713483976536494e-07 5.824829795714118e-07 0.0 2.2164228088481594e-05 1.1384925220298803e-06 1.6108038245624902e-06 2.9929280093964893e-07 5.142035028612308e-07 3.1786049687013764e-07 9.65932686855733e-08 1.1939328704563675e-06 4.987495612887291e-08 0.0 1.3797657880071331e-05 1.4211437771771131e-05 2.3899032902607e-05 2.2751570356406875e-05 1.8123396005289508e-06 2.181544791539049e-06 9.27411162116611e-06 1.931614825924746e-06 3.413939515714065e-06 1.8521113280423735e-06 3.2040919117699224e-08 6.650392642009121e-07 9.602664005814185e-07 3.713222846554525e-07 4.183863254894573e-08 4.2318733207312465e-07 3.005514979685013e-08 1.629105784261168e-07 5.313609801758426e-08 1.29580290562486e-07 2.074567748624281e-07 7.895415113300712e-08 1.8655694956185913e-06 6.931848882089744e-08 0.0 8.456098118930335e-08 4.160397262743555e-06 0.0 0.0 0.0 0.0 1.4569444675785519e-07 1.4357946096283715e-06 0.0 0.0 0.0 1.6294989407909625e-07 0.0 1.3881562330354077e-07 0.0 1.9117018056947518e-07 2.090963104884314e-07 0.0 0.0 0.0 4.441744455749767e-08 0.0 0.0 0.0 0.0 0.0 0.0 0.0 0.0 0.0 0.0 0.0 0.0 0.0 0.0 0.0 0.0 1.0835625286853821e-07 0.0 0.0 0.0 4.306701618879629e-07 0.0 1.2882732210120498e-07 1.7725095556069052e-07 1.6939482305383771e-07 0.0 0.0 0.0 0.0 0.0 0.0 0.0 0.0 0.0 0.0 0.0 0.0 4.6945854125719894e-08 0.0 0.0 0.0 0.0 0.0 0.0 0.0 0.0 0.0 3.5741704286531303e-07 0.0 0.0 0.0 0.0 0.0 0.0 0.0 0.0 0.0 5.544977316769164e-07 0.0 0.0 0.0 0.0 0.0 0.0 0.0 0.0 0.0 0.0 0.0 0.0 0.0 0.0 0.0 0.0 0.0 0.0 0.0 0.0 2.564787773329373e-07 3.2448556832011295e-07 5.0900944018330636e-08 5.218264368484352e-05 5.202589817014818e-07 6.69906751561256e-05 1.0405040378537551e-05 1.6810400845735358e-05 4.642149091059313e-06 2.8039980402415375e-07 3.7150545121230904e-06 1.0048524002690423e-06 0.0 0.0 0.0 4.189251265074295e-07 0.0 0.0 0.0 1.5326944885694879e-06 0.0 7.456690523517299e-06 1.8901945397862627e-07
8.742208720638905e-05 0.0001313728802176986 2.5717745047247165e-05 0.00015132431027904211 5.001891265205668e-06 0.0 7.155477900526384e-06 6.017152950330323e-06 1.9868130048322166e-06 0.000358776800959961 6.105438346902433e-06 7.92044253106461e-05 4.0383258021645705e-05 2.0177783737147985e-05 6.642082378881901e-07 5.058891251168495e-07 6.76237395683531e-08 0.0 0.0 4.565329412159429e-08 0.0 0.0 0.0 0.0 0.0 0.0 0.0 0.0 0.0 0.0 4.019087455710941e-06 6.737393630054885e-07 1.5516889914704887e-05 0.0 0.0 0.0 7.720459890567408e-06 2.8203341136158504e-06 6.126489091176802e-06 5.416009793137917e-07 0.0 8.598297344200983e-08 0.0 2.4483686009027196e-07 0.0 3.0310680482152245e-07 2.0317156567091627e-06 4.161092574726845e-08 0.0 0.0 4.001712652093387e-07 1.1224346162149838e-06 8.514584032464851e-07 2.1682014671396884e-07 1.0956762856014976e-07 2.967516976154833e-07 1.718954995839983e-05 9.432126359182573e-06 1.152991940457335e-06 6.43189354358063e-07 1.1566315979664206e-06 6.9474496053398915e-06 1.7279120301314386e-07 1.1296934229444557e-06 6.624869606944348e-08 2.7920279709405554e-07 3.5453158820265764e-07 2.2420833385432538e-07 1.1531392793902191e-07 0.0 5.1586013763742056e-05 0.00010238851029842057 5.223513876438524e-06 1.931517098907319e-06 1.0942930711856688e-06 1.0876762224903087e-06 3.687777924418747e-07 1.0762647853660865e-07 3.116207058599367e-07 8.409326825007899e-06 1.3601382982333797e-06 9.880001261404979e-06 2.5314353345700335e-07 9.768365843328608e-08 3.872802409116833e-08 7.193524472738378e-07 0.0 3.029704619600199e-07 1.2710680530166093e-06 2.6990615072551788e-06 9.243045671924894e-07 9.787459805274072e-07 9.145613999774406e-08 0.0 3.027325074937053e-07 0.00011776821802479897 3.4836836458052734e-05 4.157040454385855e-06 2.2130478423933282e-05 0.00012179613655697441 0.0 0.0 0.0 0.0 0.0 0.0 0.0 0.0 0.0 0.0 1.219160093705759e-07 6.347833081270395e-08 2.1067330717339947e-07 2.775887526553322e-07 8.817011083091762e-07 1.8986470001948375e-07 0.0 0.0 0.0 0.0 0.0 0.0 5.350467181573077e-07 0.0 0.0 2.1916828421271583e-07 0.0 1.2284417628678205e-07 1.5562989294884308e-07 0.0 0.0 0.0 1.0376255819281057e-07 0.0 0.0 1.4544220452642816e-07 0.0 0.0 3.369834134089817e-07 8.46372461044146e-07 3.9945173854204645e-07 1.3676164140576875e-06 1.02936909393135e-06 8.137118676221394e-07 0.0 0.0 0.0 0.0 0.0 7.345001803329448e-08 0.0 0.0 0.0 0.0 0.0 0.0 9.906955091411303e-07 3.7780337690325177e-07 0.0 0.0 8.703442336004316e-08 0.0 0.0 0.0 2.269969945780921e-07 0.0 7.310582998354896e-07 0.0 0.0 0.0 0.0 0.0 0.0 0.0 0.0 8.714341211704592e-08 1.6988124693922709e-06 5.31878404623699e-07 0.0 0.0 0.0 4.538085138779175e-08 0.0 1.057622750938885e-07 0.0 0.0 0.0 0.0 0.0 0.0 0.0 0.0 0.0 4.5341532494956264e-08 0.0 0.0 0.0 4.454713340267646e-07 1.3780248986688577e-06 2.568777419526448e-06 4.297471959774462e-05 4.365347678497933e-08 4.5862559695121384e-06 6.377584355250195e-07 0.00010327500725870243 3.211377084447804e-07 3.327471137321389e-07 5.095270784616605e-07 1.528126916852967e-06 0.0 2.4965418258892935e-07 1.1306316107353768e-07 6.504449406706371e-07 0.0 0.0 0.0 0.0 0.0 4.011871257300136e-05 3.1316146929095666e-06
5.9843336221058186e-05 0.000450899881571918 4.456930054140301e-05 0.00016487401097423716 0.0006204996794457255 7.155477900526384e-06 0.0 8.964857027526201e-06 0.0005437563378733555 0.0005729936824761335 0.00021619931343540175 2.097735298520804e-05 0.002068436329693645 0.0008913598399805414 3.940402118672978e-06 1.6929049580169749e-06 3.263000723712629e-07 2.6827890322548246e-07 1.1125403194354903e-07 1.4548823964082328e-07 0.0 0.0 3.365106924946905e-08 0.0 0.0 0.0 0.0 0.0 5.688395375880011e-08 0.0 1.2710209367622552e-05 5.598288919408069e-06 1.6422536481459634e-06 0.0 0.0 0.0 3.7413157678244735e-07 3.812112129934961e-08 4.490365623231682e-08 0.0 0.0 1.0088707904688562e-07 3.2231691560582476e-08 6.159459460193702e-07 1.2278105093180458e-07 2.092236724690061e-07 1.9606237092492318e-05 8.893154568398814e-07 2.0440603570431338e-07 2.524486815332704e-07 1.7798304962954083e-07 0.0 0.0 0.0 1.2387162032953448e-06 5.881249264272664e-07 5.404080384030169e-06 1.2873266640250205e-05 4.057826132448751e-06 9.984283268955667e-06 1.814474406467246e-07 1.6022809426431485e-07 3.441476163422447e-08 1.6687444304761586e-05 7.38126570631569e-07 1.3220929490670382e-06 1.7417546714232778e-07 7.227470355927572e-07 3.974448291605718e-07 0.0 8.964455278898204e-07 5.4338794134879186e-08 0.0 1.2962579965385533e-05 1.2086342845119947e-05 1.9925504953665165e-05 2.033288966113978e-05 1.5877569887859442e-06 1.0959830286911378e-06 1.5086756733035802e-06 7.890284477284376e-07 2.296235695162624e-06 1.8819793048763947e-06 0.0 9.536253436817688e-07 5.957762773537425e-07 5.601972799332097e-07 4.0675067412836285e-08 2.599451284630219e-07 3.5586941547529824e-08 3.230517311537441e-07 8.200462138307092e-08 1.1345770426171484e-07 1.519420490609555e-07 3.150788828332461e-08 1.0954369250376637e-06 0.0 0.0 9.163262467551486e-08 5.869768380834342e-06 4.3848645712501484e-08 0.0 5.117982266134872e-06 5.661590102992443e-07 4.787184061881474e-07 2.2642423338916563e-06 1.198168483283731e-07 1.0268491909291321e-05 3.923429125240686e-06 4.483106207409272e-07 0.0 1.1662560685198446e-05 4.91783908396746e-06 3.370882091443045e-06 0.0 0.0 0.0 0.0 0.0 0.0 0.0 0.0 0.0 0.0 0.0 0.0 0.0 0.0 0.0 0.0 0.0 0.0 0.0 0.0 0.0 8.492558162800906e-08 0.0 0.0 0.0 0.0 7.07708968420564e-08 1.780785703050079e-07 0.0 3.4749166614688053e-08 0.0 0.0 0.0 0.0 0.0 0.0 0.0 0.0 0.0 0.0 0.0 0.0 0.0 0.0 0.0 0.0 0.0 0.0 0.0 1.647517335330071e-07 0.0 0.0 1.5316048763872237e-07 0.0 6.459619777944586e-08 0.0 0.0 0.0 0.0 0.0 0.0 0.0 9.183548826111912e-08 0.0 0.0 0.0 0.0 0.0 0.0 0.0 0.0 0.0 0.0 0.0 0.0 0.0 0.0 0.0 0.0 0.0 0.0 0.0 0.0 6.727154777825971e-08 0.0 0.0 4.037554699905078e-05 4.092717940205073e-07 6.468290301399369e-05 8.388944777299497e-06 1.8608929247775284e-05 5.2530494699622465e-06 1.4758288432371392e-07 2.9149129856126532e-06 4.4591554096809543e-07 0.0 1.2290552620065255e-07 0.0 2.3472598217472447e-07 0.0 0.0 0.0 1.879260284858091e-06 0.0 4.662585101809829e-06 4.606087319451214e-07
8.795727963383167e-06 6.799753516882487e-05 0.0007736007821270631 2.6877666757894964e-06 7.685275572409007e-05 6.017152950330323e-06 8.964857027526201e-06 0.0 3.229095014090296e-05 8.905965148367075e-05 0.0013150996808442032 5.6337157718932755e-05 0.00017373137712416127 0.0008674896963930758 7.099470937241856e-05 3.8764818770049146e-05 7.273227442077086e-06 9.731217009304942e-06 2.9247833106973463e-06 1.4612518720518001e-05 4.938029176685528e-06 1.3566578504896882e-06 5.416664438448263e-08 4.2266963871721765e-07 3.5142595454382134e-06 1.544045968917935e-06 2.2588068274224676e-07 6.696022936392725e-07 1.0580192801588114e-06 1.6292464264116282e-07 0.00018554436847206023 0.0005114458956391785 0.00030069903965157583 4.709684460314466e-06 2.1846609757890616e-06 7.067143893154336e-06 4.2288203519042086e-05 1.6105666913996808e-05 1.3820490976065564e-05 2.4709630685405836e-06 4.931867663836979e-06 4.7288176342375146e-06 2.100374834503041e-05 9.522962326586152e-05 2.8601168436803667e-06 4.021149026323503e-05 0.0001042267347028188 2.985387348151434e-06 4.2312022039928224e-06 1.1898775727885646e-05 4.480042048767464e-06 2.0237031298718095e-06 2.0622909751119304e-06 3.182307362782715e-06 1.7495513460921846e-06 1.566875334217945e-06 1.1632868473794156e-05 3.524111718905487e-05 7.915737443982686e-06 2.4685602746705335e-05 2.7482571698969678e-05 3.871685250706606e-05 6.9443851777900326e-06 0.00020309682229263442 1.7708515835801372e-06 4.002771820968423e-06 1.8286025147141466e-06 5.71144590185258e-06 2.4862709577270327e-05 1.053274698583856e-05 9.260738498838843e-05 5.783103440376049e-06 7.304440717291766e-07 3.111535651116866e-05 3.3386208332802766e-05 6.903875992302107e-05 0.00015049688686118303 0.00015857362454459918 0.001199594356952004 0.0018115022373202535 0.0002743137847133919 0.0005980608506752117 3.4837165138207583e-06 1.5599419208093765e-07 2.050618376432618e-06 1.8120104457351908e-06 4.345688698619465e-06 1.2073759921411612e-07 1.6204181070646279e-06 4.2016893963765905e-07 1.4509032829831262e-06 7.657699975151375e-07 1.4722850427005772e-05 3.075152425852801e-06 2.836533507183633e-06 3.691863051117075e-05 5.226996799432222e-06 1.153476930706429e-06 9.394943422434289e-06 1.013150203881908e-05 0.0 7.527969951402396e-07 2.8477171111517926e-07 0.0 6.854306556541207e-07 1.4792764712392004e-07 5.19797580844175e-07 5.314436645417011e-07 1.30134520422866e-06 3.824744772474004e-06 6.36757378327748e-07 4.450186159836306e-07 2.8329900345205016e-06 1.6865539168302591e-06 3.550418745996984e-06 6.730141925089842e-08 0.0 0.0 0.0 0.0 0.0 0.0 1.422984750204094e-07 0.0 0.0 9.151083719123318e-07 0.0 8.209829145277107e-07 6.919157070059942e-08 5.961871396967659e-07 0.0 2.0846697493342934e-06 3.3140326356713006e-07 6.395442247321351e-07 5.834237819261526e-07 5.8395708814829e-07 0.0 5.42780727530794e-08 2.4741754149575584e-07 4.8062738897706396e-06 1.4286385192946193e-06 5.299080110116187e-06 6.308365696113294e-06 3.671110757196838e-06 3.266080466061965e-07 0.0 0.0 0.0 3.250177697513427e-07 3.5141660917908965e-07 0.0 0.0 0.0 0.0 0.0 1.3626961483733878e-07 3.563074987647383e-06 1.9447489852185147e-07 0.0 0.0 0.0 0.0 6.771880990383134e-08 6.388027383206407e-08 3.334843948105005e-07 1.2041753707631754e-07 3.438136691534388e-06 4.601499488914909e-08 0.0 0.0 0.0 0.0 0.0 0.0 0.0 7.398400462519929e-08 1.7164271273277184e-05 8.628104570494499e-07 4.522365357299467e-08 4.63702710221873e-08 0.0 1.4651269572634785e-06 2.5835947488272945e-07 1.2107787157385826e-07 0.0 1.1045809651153766e-07 8.945112269219361e-08 0.0 0.0 0.0 0.0 0.0 0.0 0.0 0.0 0.0 0.0 5.705898779103146e-06 8.893983407808712e-06 1.0655802144790171e-05 0.0004201542349808315 6.515432191438084e-06 0.00022109626584464428 6.0774245448607644e-05 5.031849731542724e-05 2.1137551071925767e-05 2.101844647354803e-07 2.449591934578969e-05 1.1089542766839931e-05 7.889180334347796e-08 6.084947145204367e-07 6.801049414262315e-08 7.1134201629935345e-06 9.02700740614746e-08 0.0 0.0 7.14902834179737e-06 1.4677598392293914e-06 4.570537858178217e-05 8.212504495275916e-06
1.0034874952516218e-05 0.0001816801526890302 0.00011776913352549802 2.049640642958939e-05 0.0007541630124326358 1.9868130048322166e-06 0.0005437563378733555 3.229095014090296e-05 0.0 0.00027358877434677194 0.0007934119040055464 5.0062403089566475e-05 0.0010584858116164954 0.0008481819678311932 6.544982889170642e-06 2.315145066310518e-06 7.889582076496084e-08 2.5784478163351046e-07 1.203659618081033e-07 8.034438016113629e-07 1.2323211340850473e-07 0.0 0.0 0.0 1.1799396600951775e-07 0.0 3.7678365813522096e-08 4.928529909072618e-08 0.0 0.0 1.0862193606390592e-05 6.476883872441586e-06 3.982339129450413e-06 1.217510844991364e-07 0.0 0.0 3.7196790372688427e-07 1.9955466879844476e-07 2.3356315248593487e-07 4.8982074484739246e-08 3.61088985539783e-08 3.3294199107261795e-08 4.955959696609411e-07 1.0961668710819631e-06 7.453846386738654e-08 1.0127448710011787e-06 1.806541183529964e-05 6.441714843163811e-07 3.264612940872549e-07 3.6492492648686653e-07 5.499738040610367e-07 0.0 4.326722114853857e-08 0.0 6.302293438058638e-07 9.507902153228264e-08 3.0824729291607394e-06 6.1568502972138156e-06 2.6397865591820064e-06 7.178587239605551e-06 5.858616731566254e-07 5.327490187373069e-07 0.0 1.3191306949130258e-05 5.242529579661469e-07 8.273934394712209e-07 2.8485190403174683e-07 4.381314693391634e-07 4.3107350776498597e-07 2.733763663558805e-07 1.3497116477494234e-06 4.597099764419972e-08 0.0 1.0349756806744579e-05 1.1446149531430566e-05 1.886340053255266e-05 1.636713291187885e-05 2.493383844256579e-06 2.8427210587551327e-06 3.6614308384512962e-06 2.812577441449403e-06 4.283575808372384e-06 5.010305527711598e-07 0.0 7.075383997199124e-07 4.192348308254855e-07 4.3075647003279567e-07 0.0 3.2862282397805106e-07 4.2814396190155624e-08 3.18120174571164e-07 1.7223652994045832e-07 2.3706264086354104e-07 0.0 1.0470303332209202e-07 1.5080919970396732e-06 8.694268359656843e-08 1.1253626976634856e-07 1.772720794220359e-07 1.6389546096612156e-06 0.0 0.0 1.2688787300208207e-07 0.0 5.0624840247209014e-08 5.059006687239003e-08 0.0 0.0 1.0546473319538618e-07 3.2291914652524164e-07 0.0 0.0 2.719199311936706e-07 1.0347296042130502e-07 9.011513118647758e-08 0.0 0.0 0.0 0.0 0.0 0.0 0.0 0.0 0.0 0.0 0.0 0.0 2.1851994366221502e-07 0.0 0.0 0.0 0.0 1.0907736058557536e-07 0.0 0.0 0.0 0.0 0.0 0.0 4.722179266418373e-08 0.0 4.081911400401784e-07 0.0 2.811874259855805e-07 0.0 0.0 0.0 0.0 0.0 0.0 0.0 0.0 0.0 0.0 0.0 0.0 4.471060617064128e-08 0.0 0.0 0.0 0.0 0.0 0.0 5.078080691671293e-08 0.0 0.0 9.51038485490755e-08 0.0 0.0 0.0 0.0 0.0 0.0 0.0 0.0 0.0 5.322036634905769e-07 0.0 0.0 0.0 0.0 6.313767291009367e-08 0.0 0.0 0.0 0.0 0.0 0.0 0.0 0.0 0.0 0.0 0.0 0.0 0.0 0.0 0.0 5.158175894180827e-07 0.0 6.752664367488201e-07 3.878354410765471e-05 7.860183234055722e-07 4.533000139698929e-05 9.820996760314292e-06 7.042617081421631e-06 3.345184097672695e-06 2.009432160173064e-07 2.6609612797873957e-06 6.24120157872128e-07 6.194223083046013e-08 1.1379911381092519e-07 1.8243466041887266e-07 2.0298610400004491e-07 0.0 0.0 0.0 5.49874000295892e-07 0.0 3.2645581808258524e-06 2.457211625956261e-07
0.0004842670067849535 0.0012646839280140776 0.0001657360231323796 0.001007175234058019 0.0006170343991172193 0.000358776800959961 0.0005729936824761335 8.905965148367075e-05 0.00027358877434677194 0.0 0.00019964042351430957 0.0008560409085577804 0.0024392846816832913 0.0004933581653995141 1.8332937151251336e-05 7.472975523801082e-06 9.116504120093768e-07 8.899169944301069e-07 2.1620025533930752e-07 1.0333178304662766e-06 2.605114617775758e-07 0.0 0.0 9.301182652964483e-08 0.0 8.61389757499301e-08 0.0 4.1827409687642e-08 2.142228707658759e-07 1.1338585721429233e-07 3.6755751514861256e-05 1.0740211131373468e-05 8.537924445852055e-05 2.820165634622341e-07 4.6277372362209023e-07 1.3915567859292865e-07 1.162384954399707e-05 3.8178239118876415e-06 4.0424493383281445e-06 4.1715405272642285e-07 4.087849440940494e-07 3.0708113621912246e-07 1.3358549292831134e-06 4.111391786778678e-06 3.7211567356062077e-07 3.0145658933408682e-06 8.98395315985122e-05 4.595265821232612e-06 5.207304099132147e-07 7.62540314628522e-07 1.934127144747972e-06 2.7113873386676044e-07 1.924924986512783e-07 1.3274700360721391e-07 4.228619611072278e-06 3.600527239048469e-06 4.5439661338767396e-05 0.00010376253851068517 2.2201492387734474e-05 3.6623422326328116e-05 1.3336460829148605e-06 9.278976174286038e-06 3.4432052097909733e-07 5.8036824969262185e-05 4.837086146944854e-06 6.023155498022612e-06 2.3878670692537096e-06 2.2269502982312636e-06 1.904920968446347e-06 3.0419771942591286e-07 8.246926348631015e-05 1.897991069309619e-05 7.846128511787859e-07 6.457534701528521e-05 3.56229060262612e-05 6.036779647797286e-05 3.9176030871730627e-05 5.14123711362826e-06 1.1169744703166666e-05 7.444584712024123e-05 8.91998939849299e-06 4.064047788364799e-05 9.956224758196664e-06 9.067447613156493e-08 4.700425580299753e-06 4.160122291302118e-06 1.463754340416739e-06 1.284241090582793e-07 1.91544928399274e-06 1.5105537822084006e-07 5.752814178582143e-07 3.797663181984813e-07 5.228636088829168e-07 5.504555447345282e-07 5.311573487443585e-07 0.00023768049952984724 4.909585706556482e-05 4.5647021760311393e-07 1.657075882588846e-05 0.00034662004713684576 1.775460675671669e-07 4.856572401998481e-06 1.6970194747453348e-05 2.1814681009068548e-06 1.7599105978510537e-06 1.6569377529467398e-05 1.511075638779312e-06 1.8281969786944442e-06 6.634537204517392e-06 1.6388157970574582e-05 2.799556832629933e-06 9.52347311192102e-06 2.1392408421188076e-05 1.687393514506106e-05 1.0670821381919089e-05 0.0 8.611731083262698e-08 1.2239648650021385e-07 1.7805945515440397e-07 0.0 0.0 0.0 0.0 0.0 0.0 1.6708279699045197e-07 0.0 1.126580183723578e-06 3.8035596227720394e-07 0.0 0.0 9.53124823182773e-07 1.0199975252440416e-06 4.4382829287653206e-07 1.3261023502862846e-06 1.5977591338931158e-06 0.0 0.0 2.8841050682255963e-07 8.377934450551634e-06 4.909176564253027e-07 8.134906787628328e-06 5.366618920098448e-06 1.781492655836101e-06 0.0 0.0 0.0 0.0 2.0669095713211396e-07 5.92474805737113e-08 1.2596556374558644e-07 3.751878994439567e-08 0.0 0.0 0.0 0.0 5.444869005157162e-06 0.0 2.0019894656947822e-07 0.0 0.0 0.0 2.280403707748873e-07 6.66107162868033e-07 3.190556149641677e-07 7.789097552801345e-07 1.0200112693613114e-05 3.995366875672727e-07 0.0 0.0 0.0 0.0 0.0 0.0 0.0 0.0 4.663027859563555e-05 3.5571883344652375e-07 0.0 0.0 0.0 3.497420069712962e-06 0.0 6.383379680130585e-07 0.0 6.169775777380398e-08 0.0 0.0 8.842213793590393e-08 4.904199238224247e-08 0.0 0.0 0.0 9.285795442706725e-08 0.0 0.0 0.0 2.8360810288898458e-05 1.5103344403910192e-05 1.2264490236446844e-05 0.0008564369515239137 7.779852662484992e-06 0.00029956288380605397 5.550099630567304e-05 0.0005311572134609297 3.124526225174953e-05 8.771677300332438e-07 2.899499401954817e-05 4.024986715820888e-05 5.888380025411939e-08 6.654817183801283e-07 1.459457753498805e-07 3.648825307999507e-05 3.5044221599698234e-07 1.0070642143454232e-07 0.0 4.1761107394634175e-06 4.860754388728758e-08 0.00019194756683753262 2.3015958876144477e-05
1.5371349390267375e-05 0.000506800692881751 0.0007247770317736325 7.739209407218555e-06 0.001074164483904279 6.105438346902433e-06 0.00021619931343540175 0.0013150996808442032 0.0007934119040055464 0.00019964042351430957 0.0 0.000131269377985178 0.0006658255769267955 0.0013411908450854477 9.730167373706291e-06 5.0966149101693775e-06 3.051077625874616e-07 8.672259855621247e-07 1.870035053988152e-07 1.6520450179390946e-06 2.1158413761996466e-07 6.993136687920071e-07 0.0 1.1066654560894551e-07 7.980440599129403e-08 0.0 0.0 0.0 0.0 0.0 2.3248762525379507e-05 2.9294902655562727e-05 0.0002520996931346319 2.9249853124812456e-07 2.760427289940545e-07 4.891689635697828e-07 2.5978216752751345e-05 6.175178146602067e-06 4.574237289411213e-06 2.1952991046358182e-07 9.184610300144515e-07 7.75431121855823e-07 1.5059352378368883e-06 4.9554357665306386e-06 1.641040603928494e-07 3.2969239473487136e-06 2.0343238117698344e-05 3.676586878501276e-07 4.5154635243875956e-07 8.997948780989286e-07 5.098978637855362e-07 3.24897072154631e-07 5.231464871930068e-08 4.511592123216215e-07 4.1409448496061396e-07 2.0393030172391002e-07 2.310023871234666e-06 8.52315568393708e-06 2.2165469973897482e-06 5.575993284751335e-06 2.0154830513771694e-06 6.985318886149965e-06 5.320123337924555e-07 1.4745019242357814e-05 3.987590767609928e-07 5.00854362920288e-07 4.0446255496265613e-07 5.794231428975521e-07 2.4438248064896365e-06 1.117013446108748e-06 7.155478661892553e-05 1.5181365907406097e-06 2.6355510241111875e-07 7.807029563059007e-06 7.498638753916183e-06 1.4724851219539054e-05 1.2678567511292198e-05 3.824040761477262e-06 3.3735355079404906e-05 0.0008256742577839499 1.705101473815637e-05 4.494750102908035e-05 9.458664959519938e-07 0.0 5.092896002541834e-07 3.257019949472823e-07 6.923043342170521e-07 0.0 1.3338357700059718e-07 1.229922830655461e-07 1.4638247554477945e-07 7.683196767382267e-08 1.1354095851824944e-06 4.781711199872208e-07 1.0463592618404808e-07 2.152252802142593e-05 1.1949068489369026e-06 9.109882923511613e-08 3.071336014757894e-06 4.603481551840454e-06 6.283265990357566e-08 9.449180799355715e-07 1.8880298947738892e-07 0.0 3.5771575759169986e-07 3.1724612621015924e-07 0.0 2.886550867944649e-07 8.606539537952913e-07 2.3646631328580474e-06 6.250426420808499e-07 4.586336573890422e-07 7.771511419854369e-07 7.508713607872483e-07 1.3336322325303126e-06 0.0 0.0 0.0 0.0 0.0 0.0 0.0 0.0 0.0 0.0 1.2775545461044182e-07 0.0 2.209566005075384e-07 0.0 0.0 0.0 4.2198835531055743e-07 1.0977624936992742e-07 0.0 1.3665492443581747e-07 1.1452800366215729e-07 0.0 0.0 0.0 1.299683699138886e-06 2.2100359785917578e-07 1.4496217644083663e-06 1.509253410911376e-06 2.462300176242708e-07 0.0 0.0 0.0 0.0 0.0 8.714947712754261e-08 0.0 0.0 0.0 0.0 0.0 0.0 2.5359665972199754e-07 0.0 0.0 0.0 0.0 5.801916043503902e-08 0.0 0.0 0.0 0.0 1.0845414479463699e-06 0.0 0.0 0.0 0.0 0.0 0.0 0.0 0.0 0.0 5.948472434520615e-06 2.589612554621575e-07 0.0 0.0 0.0 5.13632303282913e-07 0.0 6.040593645685425e-08 3.326972199492066e-08 0.0 3.553126786143187e-08 0.0 0.0 0.0 0.0 0.0 0.0 0.0 0.0 0.0 0.0 2.4040447493063483e-06 2.0204852173821673e-06 3.874814204201208e-06 9.715523262336374e-05 1.3307914004048216e-06 4.7230738136724974e-05 1.0509213854150941e-05 1.886253857209452e-05 4.284631800568578e-06 4.135587456065945e-08 6.895444071284851e-06 3.32759836322801e-06 0.0 1.526927496230123e-07 0.0 3.4760794587590346e-06 0.0 0.0 0.0 3.091524024248533e-06 0.0 1.8705826000255327e-05 3.8987435864811376e-06
