0.0 0.0010523905678637444 0.00024715408981097536 0.000235388818033407 0.00024085851880241302 8.908166333880752e-05 0.00022561731352205785 7.519244128865443e-05 2.521348625187345e-05 0.00034758290228761564 0.00015005423868684999 8.350128134287528e-05 0.000176920905908479 0.00014052702510441965 2.5095463986784046e-06 3.0453771484031676e-06 0.0 0.0 0.0 1.2223848855218637e-07 9.603450832078861e-07 9.59101138704841e-08 0.0 0.0 2.5478838188647225e-07 1.472251104659874e-07 0.0 3.258899605820174e-07 8.612056232989369e-08 0.0 0.00035340469299280743 1.1816282067886465e-05 1.2809437889710707e-05 4.66450669531479e-08 2.4341507682327534e-07 5.20579137797749e-07 1.3153122068741546e-05 9.307106796128586e-07 2.51381244592362e-07 4.986529949239283e-08 1.4930600686507692e-06 1.3810125870898905e-06 4.1220507703005643e-07 5.843945319673062e-07 9.347889124133049e-08 0.0 1.820450768239599e-05 1.502106778703912e-06 0.0 1.3760867225011255e-07 7.806532463108686e-08 4.6911877341960096e-07 0.0 5.618956662581501e-08 2.715467467337738e-06 3.1418427010008122e-06 0.0001188531791444802 0.0003199706228988142 2.751522927743954e-05 1.4697920362235576e-05 0.0 8.994246045157894e-07 6.963631726298303e-08 1.1300518287274369e-05 1.751637717351664e-06 1.6294326814836832e-06 9.555087002333237e-07 6.577626229787748e-07 3.317091970970813e-07 1.1583365078157734e-06 2.168822945877516e-05 1.7689114869342687e-06 0.0 0.00013248204950453807 3.302991925865112e-05 2.4639939274005395e-05 4.241445541652695e-06 6.124256303468645e-07 5.346794773906565e-07 1.7067166409199078e-05 0.0 3.4337709992361655e-06 4.6934423773827095e-06 0.0 2.046361827985525e-06 6.757468836166215e-07 4.3336633005638534e-07 0.0 4.842927861417788e-07 1.4426425575063499e-07 7.413655985792531e-08 2.042490818561156e-07 1.3014591757777389e-06 6.189637708887646e-07 6.245908968322867e-08 6.532237251365857e-05 1.1781909567666935e-05 0.0 4.623820210113783e-06 0.00034983694488973873 3.999679550023304e-07 7.997087265712743e-07 2.2717135708700677e-06 0.0 0.0 1.1627137098711511e-06 5.943446238557281e-07 2.1856431410859756e-07 1.559158628437557e-06 2.837201356876265e-06 0.0 2.1275874352631715e-06 6.424896160748295e-06 1.5112275853237576e-06 1.3410295378673152e-06 0.0 0.0 0.0 0.0 0.0 0.0 0.0 0.0 0.0 0.0 0.0 0.0 0.0 0.0 0.0 0.0 0.0 0.0 0.0 4.4343868891594936e-07 1.0407615445562172e-07 0.0 9.54438214338753e-08 0.0 1.0090371450070314e-06 0.0 4.14756352166243e-07 0.0 0.0 0.0 0.0 0.0 0.0 7.561224288394911e-08 0.0 7.041054305211705e-08 0.0 0.0 0.0 0.0 0.0 0.0 0.0 0.0 0.0 0.0 0.0 0.0 0.0 0.0 0.0 0.0 0.0 0.0 0.0 0.0 0.0 0.0 0.0 0.0 0.0 1.7188505144715492e-06 0.0 0.0 0.0 0.0 2.06898729663303e-07 0.0 0.0 0.0 0.0 0.0 0.0 0.0 0.0 0.0 0.0 0.0 0.0 0.0 0.0 0.0 6.242064764870338e-07 1.3809570827256043e-07 3.7703003775314174e-07 0.00012570172685759837 3.1434070621922907e-06 7.102565642768588e-05 1.3197746355854103e-05 0.0002592051238924088 1.9228513904254027e-06 9.463344078311693e-07 4.442619287307078e-06 2.800258292110542e-06 0.0 4.295342248155734e-08 1.2016220102727446e-07 5.926762459318006e-06 0.0 0.0 0.0 6.764860498240557e-08 0.0 6.755687357226939e-05 9.290448455006263e-06
0.0010523905678637444 0.0 0.0004288312079684638 0.0010982770122149128 0.0010440325448172994 0.00013591984904891375 0.0011062691624939155 0.00019642742739529103 0.0011460405995779915 0.0006246970133647559 0.001007896617259423 0.0001159115207818419 0.000752903847289481 0.0005674674490284611 1.5377441031338076e-05 2.733117864808757e-05 7.742193914243449e-07 2.2211332650732738e-07 1.280121774913657e-07 3.682222308609801e-07 9.296072357194686e-07 1.5379520303575483e-07 1.890187580008684e-07 3.561079269303966e-07 3.924046204989612e-07 2.836243533088267e-07 0.0 6.087264361130784e-08 0.0 3.0869669523587674e-08 0.0008263049517227921 1.206042826314956e-05 1.1779968060329401e-05 9.59328262377577e-08 2.3606879964304783e-07 8.155789907136653e-07 8.62704769352407e-06 1.508423884519368e-06 4.284370956309326e-07 1.7529898087121232e-07 1.493560829702644e-06 2.9221189572292974e-07 2.0343421550452057e-07 2.6208650991049134e-06 3.6104981401360105e-08 2.1775929498421106e-07 7.287746741108172e-05 2.598781915201359e-06 4.915016503459669e-07 4.2980887148570054e-07 3.811798106924585e-07 7.345402018699439e-08 0.0 0.0 3.1853003904924143e-06 4.347376573742699e-06 8.948072949563185e-05 0.00030368917310645186 2.8280225668211437e-05 2.804957664497446e-05 2.941753650995704e-07 1.1796898979739333e-06 6.047236677342267e-08 4.5270428490174236e-05 1.5304756177205129e-06 2.3562615217186603e-06 1.8280277783038568e-06 1.2488086680822887e-06 3.1781906559274685e-07 5.956916189607036e-07 1.5707602613506e-05 3.2025835590973477e-07 6.391110085153273e-08 0.0002509400422698338 0.000121937039236894 0.00010973883780366341 3.384204967801957e-05 7.216257493080003e-06 5.679612992557764e-07 2.558830112830974e-05 1.456778640608403e-07 3.899762527688894e-06 7.031792101572446e-06 0.0 2.873949532200192e-06 1.1103620718295482e-06 7.910018720181987e-07 0.0 6.630412679683222e-07 1.437018183872793e-07 4.5699488786470074e-07 2.4027702181871184e-07 1.587518234433636e-06 4.7535056758625365e-07 1.4122850101983282e-07 2.5454353868282073e-05 3.4245100273303154e-06 0.0 3.903270414799885e-06 0.0002910569317543114 2.487758263067093e-07 7.644721869447944e-07 3.7223235311989503e-07 1.0515996697528156e-07 5.733472013330507e-08 2.499485812667013e-06 6.526130709546849e-07 1.2192632779763668e-06 2.4369448575325007e-06 1.8432559872960792e-06 0.0 3.3955667988202343e-06 4.763976253137574e-06 1.7646752934540762e-06 1.5909695813290644e-06 0.0 0.0 0.0 0.0 0.0 0.0 0.0 0.0 0.0 0.0 5.3297008374018376e-08 0.0 0.0 0.0 4.835265118392143e-08 0.0 0.0 8.138068616601808e-08 0.0 0.0 4.869158504195469e-07 0.0 1.0003709808169594e-07 0.0 1.21645619737518e-06 6.923482529186847e-08 1.531782739191377e-06 4.46866234472248e-07 1.8025442366200018e-07 0.0 0.0 0.0 0.0 0.0 0.0 0.0 0.0 0.0 0.0 0.0 0.0 0.0 0.0 0.0 0.0 4.905754465822214e-08 5.749662501599237e-08 0.0 0.0 5.7480821643938266e-08 2.3720249238576257e-07 2.4051264146394485e-07 0.0 0.0 0.0 0.0 0.0 0.0 0.0 0.0 0.0 1.8009623788380346e-06 2.810440544166533e-07 0.0 0.0 9.293353546394506e-08 1.1352844477238913e-06 0.0 5.927060532163177e-07 0.0 0.0 0.0 0.0 0.0 0.0 0.0 0.0 0.0 0.0 4.165624783898607e-08 8.324644355885097e-08 5.910373499288482e-08 1.1905209382133968e-06 4.659127340348793e-07 1.361258551304186e-06 0.00016678517810332592 4.8208359823395695e-06 0.0001538500613309669 2.4233957867013548e-05 0.00019174283010548636 5.04876031831239e-06 1.6465273218360757e-06 8.582075274061332e-06 1.4214431871450306e-06 1.2616699768256468e-07 1.1944023924714802e-07 0.0 6.204373191315467e-06 0.0 0.0 7.956591456827663e-08 7.815744102597444e-07 1.0530689185487886e-07 6.063938593607001e-05 7.597670775354306e-06
0.00024715408981097536 0.0004288312079684638 0.0 8.800701413883036e-05 0.0005507963651791233 2.5667811266270765e-05 3.6940166028883826e-05 0.0006747098543471395 0.0003039636586751451 3.5402912374769625e-05 0.0013741098684352834 3.525297544881962e-05 5.396391468198605e-05 0.000303631611372207 3.7137905668590487e-06 7.13103160081054e-06 2.9598424031311686e-07 4.5344890997900816e-08 0.0 3.65378885504973e-07 3.2859594342653436e-06 0.0 5.111961346433235e-07 2.543290084051914e-07 1.0443586111581216e-06 4.976408553445845e-07 1.0095536363901649e-07 4.414372482859089e-07 0.0 6.521027083582765e-08 0.0008079812691849185 0.00015054948977353673 2.5690452949974806e-05 6.080247796740198e-08 7.873475713131766e-07 1.6008441324350598e-06 1.6326703784090653e-05 1.7406469568132973e-06 1.0871080771791688e-06 3.0155486920154527e-07 2.4462212676064287e-06 6.540706166232442e-07 8.117638541775947e-07 3.4211615583949385e-07 0.0 4.52911030923023e-08 1.3786964279494532e-05 2.547861574622546e-07 1.4988095678065899e-07 2.77565609386203e-07 1.4916922071186172e-07 0.0 0.0 2.1357036885862664e-07 6.959529556037249e-07 1.4530765944635677e-06 3.061369912583239e-05 0.00017057548101470846 8.663064016680191e-06 6.357190932549422e-06 3.1963537104718764e-07 8.791732339555128e-07 1.1496135444473182e-07 5.5361123975772384e-05 4.1904612106972076e-07 2.987928746912193e-07 5.008028776900848e-07 2.221057501848426e-07 1.171953772189355e-06 2.306597087733126e-06 2.1122681151830064e-05 0.0 0.0 7.014138205447335e-05 4.219144276194848e-05 1.9504224250881653e-05 1.984090364501016e-05 2.68883702580738e-06 1.095677147908167e-05 9.871506411071669e-05 1.4661617931644556e-07 1.3279807609589583e-05 1.5962954870331475e-06 0.0 5.532339641966579e-07 3.3400475308920806e-07 9.012021651484083e-08 0.0 1.806181137015584e-07 0.0 3.894034539047262e-08 0.0 3.899626060923156e-06 1.053311902034193e-06 2.056176671561474e-07 6.8133856219822195e-06 7.257327137012527e-07 0.0 1.584762362069963e-06 6.943532504694502e-05 3.290029924741498e-07 4.2489412901802437e-07 0.0 0.0 0.0 3.178091918052491e-07 0.0 1.1274915792015444e-07 2.590512784173857e-07 5.276272657719732e-07 1.69118484583049e-07 4.247255309424671e-07 4.351470148430176e-07 6.246659130490013e-07 9.592239800422364e-08 0.0 0.0 0.0 0.0 0.0 0.0 0.0 0.0 0.0 0.0 1.1033957196656318e-07 0.0 0.0 0.0 0.0 1.0667264848411444e-07 0.0 0.0 0.0 0.0 0.0 0.0 0.0 0.0 5.371909685337077e-07 0.0 2.840783084911176e-07 8.101461898057946e-08 0.0 1.1149319156622512e-07 0.0 0.0 0.0 0.0 0.0 0.0 0.0 0.0 0.0 0.0 0.0 0.0 0.0 0.0 0.0 0.0 0.0 0.0 0.0 0.0 0.0 5.246688645633325e-08 0.0 0.0 0.0 0.0 0.0 0.0 0.0 0.0 5.718849246129839e-08 1.2001145644609139e-06 0.0 0.0 0.0 3.74335005051841e-08 0.0 0.0 0.0 0.0 0.0 0.0 0.0 0.0 0.0 0.0 0.0 0.0 0.0 0.0 4.539761981196878e-08 0.0 2.83680026994956e-07 1.1841306986417207e-07 3.157796271490174e-07 3.444128154780362e-05 7.482585945445273e-07 2.870532528754667e-05 5.418805644101729e-06 4.347184759318382e-05 1.3374509472665625e-06 4.353951576645927e-07 1.2531532673827146e-06 2.438809376551851e-07 0.0 0.0 0.0 6.523768769431987e-07 0.0 0.0 0.0 4.915096051525723e-08 0.0 8.906772388816626e-06 1.546737642808075e-06
0.000235388818033407 0.0010982770122149128 8.800701413883036e-05 0.0 0.0002888158014400867 0.00010636054318744849 0.0005038368614737663 3.2953874537898704e-06 3.035593389329641e-05 0.0005958929167893891 5.5761611124667266e-05 0.0004948339691713552 0.0014471272331191317 6.672097871265325e-05 4.613451976272975e-07 9.407982342778623e-07 0.0 0.0 0.0 0.0 0.0 0.0 0.0 0.0 0.0 0.0 0.0 0.0 0.0 0.0 9.48894530199677e-06 4.5028745867972513e-07 1.107763811541826e-06 0.0 0.0 0.0 5.937770636765995e-07 0.0 0.0 0.0 0.0 0.0 0.0 0.0 0.0 6.642363116589755e-08 3.984601502945921e-06 3.262528471728283e-07 0.0 0.0 0.0 0.0 0.0 0.0 3.66427821044921e-07 1.018271154899341e-07 1.2235408341268819e-05 2.5469683182335044e-05 3.9351694017698355e-06 1.7330550567189296e-06 0.0 2.5949831796438486e-07 0.0 5.816048715957771e-07 1.6474024667639345e-07 4.101026840609299e-08 2.586605334032752e-07 0.0 5.558778351409514e-08 0.0 1.483943999722504e-06 0.0 9.694611122957178e-08 2.0597472778072997e-05 6.8824293625937124e-06 5.2041540257913495e-06 1.9740052490665687e-06 2.7879200085814525e-07 0.0 3.6490570731339784e-07 0.0 8.474495183337734e-08 6.469832723820655e-07 0.0 8.268625718000212e-08 0.0 0.0 0.0 0.0 0.0 4.246585857336227e-08 0.0 0.0 0.0 0.0 7.695564624102062e-06 4.7099326250749755e-07 0.0 4.162398538773902e-07 0.00011753504441983277 0.0 1.6086822132096407e-07 6.929385553454123e-08 0.0 1.2879475981147875e-07 1.6494266330413932e-06 1.3235569113997202e-07 2.9306208725911633e-07 4.1927673410044587e-07 6.501020147363687e-07 2.3708837610335827e-07 1.7900691576415962e-06 1.4091856369348997e-06 3.2557159235588584e-07 5.156647738141935e-07 0.0 0.0 0.0 0.0 0.0 0.0 0.0 0.0 0.0 0.0 0.0 0.0 0.0 0.0 0.0 0.0 0.0 0.0 0.0 0.0 2.0496006759674393e-07 0.0 0.0 0.0 2.471732182988306e-07 0.0 0.0 2.2529095966278524e-07 0.0 0.0 0.0 0.0 0.0 0.0 0.0 0.0 0.0 0.0 0.0 0.0 0.0 0.0 0.0 0.0 0.0 0.0 0.0 0.0 5.258840044327769e-07 0.0 0.0 0.0 0.0 0.0 0.0 0.0 0.0 0.0 0.0 0.0 0.0 2.4713614013515406e-07 0.0 0.0 0.0 0.0 7.681628852060835e-07 0.0 1.6926920094392482e-07 0.0 4.939060072426286e-08 0.0 0.0 0.0 0.0 0.0 0.0 0.0 0.0 0.0 0.0 0.0 7.187534432766929e-07 8.990323223249435e-08 2.6018930712730686e-07 2.845311652394496e-05 4.815771824965184e-07 1.410834104934064e-05 2.2400150045221327e-06 8.697572094559779e-05 4.5604341198581346e-07 1.4209127881304824e-07 7.978763521418877e-07 8.574368643477872e-07 0.0 3.817963812451719e-07 0.0 1.6976651978232353e-06 0.0 0.0 0.0 0.0 0.0 3.149484630387858e-05 2.9249278804505445e-06
0.00024085851880241302 0.0010440325448172994 0.0005507963651791233 0.0002888158014400867 0.0 2.3417006642280123e-05 0.0005930396483831878 7.32417926200351e-05 0.0021492168811413593 0.0004423291345557935 0.00040246017312307273 8.134408155569717e-05 0.00021627501831686675 0.0004009513349644431 1.699056322184654e-05 4.331352363176267e-05 9.129595319929545e-07 1.285040109660443e-07 1.3174178325624766e-07 0.0 1.201398040634347e-07 0.0 0.0 5.21562041138793e-08 3.6896116134584786e-08 0.0 0.0 0.0 0.0 0.0 9.569350721236883e-05 2.4145495072303354e-06 4.32555281746358e-06 1.1306700822064724e-07 0.0 0.0 4.147729075264842e-06 8.98506860204144e-08 2.0110103022271704e-07 2.0588561731336848e-07 4.1395900564538946e-08 1.2722099295759883e-07 1.571756140388912e-07 3.0879996794822516e-06 6.273389571509088e-08 1.6538330115744206e-07 4.2391750386533246e-05 7.059384390774607e-07 3.9617059393978444e-07 3.106285711485537e-07 1.193742800890389e-07 0.0 0.0 1.4551690870849073e-07 8.207535027694991e-07 1.0764660930779932e-06 1.4262688905593233e-05 6.031756505826882e-05 5.873574557291846e-06 9.357324291695399e-06 1.7988607893176556e-07 4.4463753736802587e-07 7.518930679936868e-08 1.9531728789868474e-05 2.119725915033401e-07 2.8975715727775526e-07 4.5228743185378913e-07 6.600778568251378e-07 1.1386717345218854e-07 1.2386462897626665e-07 7.838399484770623e-06 3.027899060476113e-07 0.0 8.116194831030012e-05 5.150376069677167e-05 6.443265147506723e-05 2.9330163882315686e-05 7.932341262091475e-06 5.929165567881079e-08 2.408465501152678e-06 3.0116414078761545e-07 1.5070747778714038e-06 1.5916335785981209e-06 0.0 7.580735244414168e-07 2.6977047991924076e-07 2.3937831791436243e-07 0.0 1.1735215895384614e-07 0.0 0.0 0.0 8.030714251815727e-08 8.684178706199573e-08 9.352180602855146e-08 8.252356192950996e-06 2.102937853458786e-06 0.0 2.591455481877175e-06 8.666951181400443e-06 2.055641282532598e-07 5.032119888785073e-07 2.079359355155477e-07 6.397890063768106e-07 0.0 5.011581042935002e-06 4.0657860513365524e-07 4.0210760541708536e-07 1.6458216315531002e-06 2.051952403651117e-06 2.4268509383582056e-07 2.8332754805345502e-06 5.283213332724099e-06 1.8450473459989204e-06 2.5675371878344497e-06 0.0 0.0 0.0 0.0 0.0 0.0 0.0 5.6031818428382264e-08 0.0 0.0 5.5715990029902305e-08 0.0 1.2613422892580536e-07 0.0 0.0 0.0 0.0 0.0 0.0 3.9561541417544353e-07 4.5323437588333723e-07 0.0 0.0 0.0 3.7328041681835113e-06 5.960955212780598e-07 3.2695719582919754e-06 7.150045912622739e-07 2.509460409742227e-07 0.0 0.0 0.0 0.0 6.865693316025397e-08 0.0 0.0 0.0 0.0 0.0 0.0 0.0 0.0 0.0 0.0 0.0 0.0 0.0 0.0 1.4473497047538996e-07 4.4978096724546244e-08 0.0 1.5595986925886136e-06 0.0 0.0 0.0 0.0 0.0 0.0 0.0 0.0 0.0 4.387401372419808e-06 0.0 0.0 0.0 0.0 6.512209864388129e-07 0.0 6.052360887530454e-07 2.1886457817762596e-07 1.2048764425043272e-07 0.0 0.0 0.0 0.0 0.0 0.0 0.0 0.0 0.0 0.0 0.0 3.462781070033971e-06 6.829075674562614e-07 2.304988493700076e-06 0.00011347646134627634 2.363859696681344e-06 6.89779481424412e-05 1.362121920395839e-05 1.2881105677330667e-05 4.598260593121685e-06 7.87309749461403e-07 4.820318846869423e-06 2.9108900239379017e-06 0.0 1.818599732219041e-07 1.0080204768983847e-07 1.3236956490701825e-06 1.425191517913775e-07 0.0 4.901408870510946e-07 1.1665322693644885e-06 9.811275201099768e-08 1.1260356716388194e-05 5.48973912936721e-06
8.908166333880752e-05 0.00013591984904891375 2.5667811266270765e-05 0.00010636054318744849 2.3417006642280123e-05 0.0 4.161430508198781e-05 2.5196034156509382e-06 3.534150210442508e-06 0.00031907745989574965 1.4231809432002903e-05 6.480309418926302e-05 7.002403270095001e-05 1.2430897222231066e-05 1.4989313135320578e-07 3.907069067356492e-07 0.0 0.0 0.0 0.0 0.0 9.206335399012446e-07 0.0 0.0 0.0 1.049298021494361e-07 0.0 0.0 0.0 0.0 3.184496914852832e-05 4.148525601736767e-07 9.18425178682423e-06 0.0 0.0 0.0 2.5650530886496195e-05 9.28361056832097e-08 6.406276143068844e-07 0.0 0.0 7.237160872258814e-08 0.0 0.0 0.0 0.0 1.519828885967649e-06 5.9455286980293865e-08 0.0 0.0 7.446283309012008e-08 3.1411930230476527e-06 0.0 6.092361280621855e-08 6.059510518969762e-07 2.9501449095528294e-07 6.929508749703386e-05 5.127873036326634e-05 6.887162137200273e-06 9.80636187960756e-07 1.006466450979428e-07 9.57393498033453e-07 1.0128797150017752e-07 1.554389130911188e-07 8.962291826066621e-08 0.0 1.2375376632928526e-07 1.1941529913562058e-07 0.0 0.0 5.9808755963213605e-05 1.5838424451266638e-05 3.482657691514287e-07 1.1886530686135679e-05 1.516515828537803e-06 6.181416668583716e-07 3.79509792670675e-07 0.0 0.0 1.5785042997773247e-06 5.626856356586875e-08 5.136006409416116e-07 6.739357441384239e-07 0.0 2.3116171649876007e-07 0.0 1.1778176499104355e-07 4.30768182649892e-08 2.817966036897912e-07 5.878655932373684e-07 9.937635112802622e-08 4.850728319542765e-07 1.4793694613586906e-07 2.412301842759612e-07 6.818651126268703e-07 0.00011782116129691817 7.790871527245288e-05 7.49499514494644e-07 2.766413879164393e-05 0.0001415224804596393 0.0 4.2160156285127035e-07 0.0 3.381422020543515e-07 0.0 5.226614777485548e-07 6.961570581458254e-07 0.0 1.4279879312388246e-06 1.925975836601805e-06 0.0 1.0110421214755674e-06 1.3896307037168604e-06 1.0555503334843949e-06 4.258213819131917e-07 0.0 0.0 0.0 0.0 0.0 0.0 0.0 0.0 0.0 0.0 0.0 0.0 0.0 0.0 0.0 0.0 0.0 0.0 0.0 0.0 0.0 0.0 0.0 0.0 1.421177660614196e-07 0.0 6.256289393336401e-08 0.0 0.0 0.0 0.0 0.0 0.0 0.0 0.0 0.0 0.0 0.0 0.0 0.0 0.0 0.0 0.0 0.0 0.0 0.0 0.0 0.0 1.0053225823259265e-06 0.0 0.0 0.0 0.0 0.0 0.0 0.0 0.0 0.0 0.0 0.0 0.0 2.4500424864487185e-07 0.0 0.0 0.0 0.0 0.0 0.0 0.0 0.0 0.0 0.0 0.0 0.0 0.0 0.0 0.0 0.0 0.0 0.0 0.0 0.0 6.699727564326712e-07 0.0 0.0 2.1494432753755934e-05 2.5717371829605443e-07 8.030757173243022e-06 1.8349134071089236e-06 8.657071608407774e-05 4.5679222953832336e-07 8.945315153238562e-08 4.815784905907598e-07 1.907189717513982e-07 0.0 0.0 0.0 4.06652064917425e-06 0.0 0.0 0.0 0.0 0.0 2.2970897047365546e-05 6.561459625859049e-06
0.00022561731352205785 0.0011062691624939155 3.6940166028883826e-05 0.0005038368614737663 0.0005930396483831878 4.161430508198781e-05 0.0 1.134333733461296e-05 0.000686548662986437 0.0010305087610215377 8.801739972982016e-05 0.00045928360488117005 0.0021865979397300787 0.000807301082416964 1.6659619518843527e-05 3.420984509499375e-05 4.0608765146855523e-07 2.2860934907068149e-07 1.0541751877929388e-07 9.619166953583074e-08 1.9848888554383288e-07 0.0 0.0 4.1370880772144013e-08 0.0 0.0 4.609931941149727e-08 0.0 5.014513205897979e-08 0.0 2.0959569857648368e-05 4.435658529404067e-07 3.8422523536053904e-06 1.244216912011023e-07 9.491837259322026e-08 0.0 5.806189334096927e-06 1.5099377645612496e-07 1.610139144671513e-07 1.2962657826763436e-07 5.4369034765360535e-08 0.0 1.5538601163517124e-07 2.7751499012310206e-06 1.4559879075995522e-07 6.800272003771922e-08 4.385289262036887e-05 9.57356914555162e-07 4.6768296734772455e-08 1.1794215261721222e-07 1.7142224438449205e-07 0.0 4.682356869652815e-08 0.0 5.692457216395112e-07 1.4161183571326584e-06 2.2370644478948975e-05 5.814202776856706e-05 8.522985629301851e-06 1.0882222265291108e-05 2.0621266743402135e-07 2.667193102606135e-07 7.648251067870955e-08 1.2658100645555185e-05 6.673991407732591e-07 5.412122593942175e-07 6.201271978752014e-07 5.055053304065249e-07 3.381550439541636e-08 0.0 1.015227517074714e-05 8.338476622479444e-08 0.0 9.50574745181277e-05 4.973449085177586e-05 6.75497362216438e-05 2.7466186626463464e-05 7.61316972333411e-06 4.187704020279184e-08 2.182962318139379e-06 2.764116312226373e-07 2.0468288541501217e-06 1.2249184648653928e-06 0.0 9.827361871838214e-07 5.40423747489548e-07 2.9311170187927953e-07 0.0 1.927467369480389e-07 0.0 7.407811726165038e-08 0.0 0.0 0.0 5.024314616607683e-08 1.647117502085473e-05 3.3811127990169653e-06 0.0 3.231648410491559e-06 1.9502364834757864e-05 0.0 2.5928716632153937e-06 8.738832344423464e-07 3.4626931853571547e-07 4.349021721373715e-07 5.073288403394018e-06 7.953617766852572e-07 7.790735598325405e-07 2.9300273264891214e-06 5.742624589376237e-06 5.745940342675431e-07 5.982536317577932e-06 1.6396206194335776e-05 3.866969916469898e-06 3.4253145750095694e-06 0.0 0.0 0.0 0.0 0.0 0.0 0.0 0.0 0.0 0.0 0.0 0.0 0.0 0.0 0.0 0.0 0.0 0.0 0.0 5.845525490876669e-07 1.8873750180278212e-06 0.0 0.0 0.0 7.2491114021263555e-06 8.769220170461135e-07 6.360560689556565e-06 6.939572619562526e-07 8.668692729600989e-08 0.0 0.0 0.0 5.390678945281353e-08 6.672302405744128e-07 0.0 0.0 0.0 9.207363282203193e-08 0.0 0.0 0.0 0.0 0.0 0.0 0.0 0.0 1.766014078109663e-07 2.5725637391594086e-07 2.2548758548348558e-07 3.1205151872043725e-07 1.2081452172920605e-07 2.9458725276786475e-06 0.0 0.0 6.349978821349881e-08 0.0 4.094535505936983e-08 0.0 0.0 0.0 0.0 6.976679773794721e-06 1.853743111631269e-07 0.0 0.0 0.0 2.656016234121578e-06 7.023651206941075e-07 1.2682290003949036e-06 1.3476935077791424e-07 0.0 0.0 0.0 5.247754045232523e-07 0.0 0.0 0.0 0.0 0.0 0.0 0.0 0.0 5.991671602875408e-06 5.753126295310175e-07 3.077351935118363e-06 0.00012997757425855017 2.653105980077124e-06 8.508768190706066e-05 1.529075384175921e-05 3.907438535586958e-05 4.16694604208338e-06 7.018074376225128e-07 4.875829661985547e-06 2.0490099784564103e-06 0.0 7.049623750108778e-07 0.0 2.3716654436239e-06 1.2668510924333745e-07 3.29933771247704e-07 3.790484072474898e-07 6.3874223550043e-07 8.67972985776417e-08 4.383359694545342e-05 1.5930380093324082e-05
7.519244128865443e-05 0.00019642742739529103 0.0006747098543471395 3.2953874537898704e-06 7.32417926200351e-05 2.5196034156509382e-06 1.134333733461296e-05 0.0 7.312732614685828e-05 3.207220202057305e-06 0.0011237864771692792 4.8711175881363633e-05 0.00010078605861488255 0.0005561099187352068 3.562740469309746e-06 9.306810934427489e-06 2.1530236531518038e-07 3.445216448684811e-08 0.0 8.174275536392989e-07 6.533860434301737e-06 2.89153634467095e-07 8.698182021056156e-07 4.1803165414503873e-07 1.8796118439087624e-06 1.115718674587836e-06 0.0 1.9864701886545854e-07 0.0 0.0 0.0008050465922208478 0.0012082542704297014 8.141601864472909e-05 2.540773197850126e-07 1.4217480328639404e-06 5.161488241281357e-06 3.48147401496339e-05 4.829051883227544e-06 2.4842123250218344e-06 5.555648918538819e-07 4.11968943443228e-06 7.36560935230028e-07 2.6803736095846608e-06 6.046636946012884e-07 8.154376634150098e-08 1.0831821775972009e-07 8.58181657684485e-06 3.7610014874927465e-07 5.410913901582924e-08 4.37801148019038e-07 1.654685364454138e-07 1.0735382030015328e-07 0.0 2.5507971173823224e-07 2.4849267038394036e-07 3.116895617397472e-07 9.814096295573521e-06 0.00010157117480982237 2.964516685340911e-06 2.429195471523556e-06 1.5660535566638678e-06 3.881710870317286e-06 2.0562630257016268e-07 0.00037182338816242074 3.2549880056338866e-08 2.3703963133266528e-07 2.8973200800395063e-07 1.8338074565882434e-07 1.2470202210511473e-06 5.94689771493412e-06 3.0769872713122034e-05 8.894927960664223e-08 5.460700831622095e-08 3.503073591113821e-05 4.460785803653177e-05 1.6511387912859645e-05 0.00013524407841707854 4.847147073245098e-05 0.00035459624575841453 0.000469175356032026 6.53164804189503e-06 0.00028311505021895325 7.347030894833308e-07 0.0 1.7008770605513568e-07 0.0 1.423868251107134e-07 0.0 1.4449292988025096e-07 0.0 0.0 3.177257659369769e-08 1.0379356954586949e-05 5.786826820213792e-07 6.988292523184792e-07 2.1306482595869106e-06 0.0 0.0 1.4909527421079299e-06 8.903044127666383e-06 0.0 0.0 0.0 2.2777785265803203e-07 7.594665684477347e-08 1.2407077334059705e-07 0.0 0.0 8.148923142776965e-08 0.0 0.0 0.0 1.20340709410727e-07 1.2107599449590663e-07 1.0106701313456444e-07 0.0 0.0 0.0 0.0 0.0 0.0 0.0 0.0 0.0 0.0 0.0 0.0 0.0 6.647164552863846e-08 0.0 0.0 0.0 2.097954612005349e-07 0.0 0.0 0.0 0.0 0.0 0.0 1.7873026146817505e-07 0.0 6.826177183406226e-07 0.0 0.0 0.0 0.0 0.0 0.0 0.0 0.0 0.0 0.0 0.0 0.0 0.0 0.0 0.0 5.7233671513170794e-08 0.0 0.0 0.0 0.0 0.0 0.0 0.0 0.0 0.0 0.0 0.0 0.0 0.0 0.0 0.0 0.0 0.0 0.0 3.801673191892833e-07 0.0 0.0 0.0 7.56623555095342e-08 0.0 0.0 0.0 0.0 0.0 0.0 0.0 0.0 0.0 0.0 0.0 0.0 0.0 6.901644659434074e-08 0.0 0.0 8.223054901862626e-08 2.544383803559433e-07 5.317938613344411e-08 1.4550825563188317e-05 1.2725866474373829e-06 1.7549668563725927e-05 2.7849294262624506e-06 6.189089730281707e-06 8.824113249691862e-07 1.2509337435383634e-07 6.578054282048027e-07 1.768938166744736e-07 0.0 0.0 0.0 0.0 0.0 0.0 0.0 2.5274537108385e-07 0.0 2.7330399206521653e-06 4.524380054531106e-07
2.521348625187345e-05 0.0011460405995779915 0.0003039636586751451 3.035593389329641e-05 0.0021492168811413593 3.534150210442508e-06 0.000686548662986437 7.312732614685828e-05 0.0 0.00011173205104217078 0.000602927856872874 4.4002563979947606e-05 0.0005770049874651397 0.001036491622988181 6.951789237047015e-06 2.0915872660749203e-05 2.47162617423417e-07 0.0 6.169186253029003e-08 4.1240001627239466e-08 0.0 5.155725631302794e-08 0.0 0.0 0.0 0.0 0.0 0.0 0.0 0.0 3.284169584186927e-05 5.275017518054802e-07 1.6524342803461846e-06 8.036707581066171e-08 0.0 0.0 2.311616076015745e-06 6.30099832809053e-08 0.0 7.409115504359503e-08 4.3740038645587554e-08 0.0 0.0 1.2833917382743302e-06 1.6020721872451116e-07 9.660787590714362e-08 1.197003232427288e-05 3.2018921615699795e-07 6.125135349438977e-08 0.0 0.0 0.0 0.0 0.0 1.201287549831414e-07 2.2331343325310318e-07 2.4306079344212907e-06 1.2363803561290436e-05 1.2128873544005514e-06 2.380611848745006e-06 0.0 3.015438234412881e-07 0.0 3.493835230646146e-06 9.376909228080091e-08 1.928854812585729e-07 1.5008980033437595e-07 4.668745385462163e-08 0.0 0.0 5.060863191358523e-06 1.9412682949335208e-07 0.0 1.7342043821838405e-05 1.2035901104358012e-05 1.9093009842757192e-05 8.278355668251913e-06 3.4099201915681764e-06 1.0853192848642681e-07 1.927117713233619e-06 0.0 3.7384195312389684e-07 3.0696963899310797e-07 0.0 1.247687080191361e-07 0.0 0.0 0.0 0.0 0.0 3.750690318433213e-08 0.0 3.556124447359937e-07 4.522084448738436e-08 9.187900898312755e-08 4.0824782634676375e-06 1.4470720434909526e-06 0.0 6.334429963266694e-07 2.5284237523595142e-06 0.0 4.3854723982187227e-07 3.004046526389328e-07 0.0 0.0 2.246666926022786e-06 2.5571749732191745e-07 2.671230963767048e-07 9.307314431189144e-07 1.5675336055374236e-06 1.5829533938954046e-07 1.4184170937194131e-06 3.4385318480683743e-06 1.0680486095553517e-06 9.149024669460329e-07 0.0 0.0 0.0 0.0 0.0 0.0 0.0 0.0 0.0 0.0 0.0 0.0 0.0 0.0 0.0 0.0 0.0 0.0 0.0 0.0 0.0 0.0 0.0 0.0 1.6425720598544345e-06 0.0 2.510398525795664e-06 5.2712964215425623e-08 0.0 0.0 0.0 0.0 0.0 0.0 0.0 0.0 0.0 0.0 0.0 0.0 0.0 0.0 0.0 0.0 0.0 0.0 4.312998200379229e-08 0.0 0.0 0.0 2.1514413239247037e-07 3.0308679031984324e-07 0.0 0.0 0.0 0.0 0.0 0.0 0.0 0.0 0.0 1.736777209002664e-06 0.0 0.0 0.0 0.0 2.632328108224734e-07 0.0 6.034985943166339e-07 4.276789554169251e-08 0.0 1.0005727062131796e-07 0.0 8.706529189533267e-08 0.0 0.0 0.0 0.0 0.0 0.0 0.0 0.0 2.579771763394452e-06 2.5169418455939515e-07 9.724597025419039e-07 4.9276994525571915e-05 9.454799068880653e-07 1.921905415182402e-05 4.509737021829805e-06 2.6644942385831218e-06 1.7263580590875242e-06 1.7895453986993394e-07 2.4062629128127064e-06 3.2423754539187904e-07 0.0 0.0 7.176938072602468e-08 1.6186758872125489e-06 0.0 0.0 0.0 9.715544814066e-07 0.0 6.063556557379704e-06 3.915483752088663e-06
0.00034758290228761564 0.0006246970133647559 3.5402912374769625e-05 0.0005958929167893891 0.0004423291345557935 0.00031907745989574965 0.0010305087610215377 3.207220202057305e-06 0.00011173205104217078 0.0 5.843724407787959e-05 0.0006733091912064702 0.002466037996185801 0.00020769580169020802 9.26150860961301e-06 2.0623601190297674e-05 5.572036450952804e-07 4.998216808476199e-08 1.0109589080896081e-07 4.359160978961617e-08 0.0 3.6379346532422126e-07 0.0 0.0 0.0 0.0 0.0 0.0 0.0 0.0 1.6959439718959423e-05 2.456232136076536e-06 1.8367326258950824e-05 0.0 0.0 0.0 3.4979768874251e-05 8.829855252206066e-08 6.282438595627422e-07 5.986992629454593e-08 0.0 9.522034316082759e-08 9.334784941465483e-08 1.9236940853199726e-06 9.438750213353906e-08 5.0337660955076196e-08 3.369169323562222e-05 8.278229785761408e-07 9.459353361664051e-08 2.1164071737016734e-07 1.602463918309957e-07 2.5420464317120494e-07 0.0 0.0 1.085166075156247e-06 1.4850412351483016e-06 2.959333792849838e-05 5.7248258218138825e-05 8.851547730935942e-06 7.699784031479505e-06 4.897384986702207e-08 1.2847963326863995e-06 5.115800868634799e-08 5.586467034541137e-06 6.162630609256546e-07 5.675984060248928e-07 3.5692704956833057e-07 2.0212555685692086e-07 9.458827467938553e-08 8.386406656302255e-08 0.00012562023417333297 1.8676721572792685e-06 0.0 6.6649171284313e-05 2.6332875339301725e-05 4.4257669425286e-05 1.5680808875997807e-05 3.8142573340586287e-06 0.0 1.542603772841897e-06 0.0 4.135509499628146e-07 2.2274439964193296e-06 0.0 7.366292117733671e-07 5.511620591194585e-07 2.365618781312811e-07 0.0 1.4220524569382598e-07 5.5674761821043456e-08 9.285999666331509e-08 0.0 1.2368850769880295e-07 5.0951376276704136e-08 1.1632482024902677e-07 0.00018717187050491544 1.2674946323037075e-05 0.0 7.241214138387441e-06 0.000169464378442017 4.034440594072979e-07 1.0492937575719392e-05 2.1292617029312215e-06 2.2254070081622758e-06 1.1567499023821174e-06 2.7268672513492158e-05 5.702890801827414e-06 4.628099783186255e-06 1.782527784181321e-05 3.1992277990305906e-05 1.6745013853146849e-06 2.5457247850829375e-05 5.778949060027212e-05 1.3456739264716008e-05 1.2229570814674629e-05 0.0 0.0 0.0 0.0 0.0 0.0 0.0 0.0 0.0 0.0 0.0 0.0 0.0 0.0 0.0 0.0 0.0 0.0 0.0 5.846936572639365e-07 1.8415165473184866e-06 0.0 0.0 0.0 1.2685407272207292e-05 1.3283445761638792e-06 5.335227970496721e-06 1.0812053616752542e-06 7.475886876111315e-07 0.0 0.0 0.0 4.513414506347233e-08 6.26425748008638e-08 0.0 0.0 0.0 0.0 0.0 0.0 0.0 0.0 0.0 1.4244387993187935e-07 1.234160622126404e-07 0.0 3.731947319974852e-07 1.4852234818924543e-07 2.196866908401129e-06 2.0820565857207068e-07 0.0 5.2839315627835955e-06 0.0 0.0 0.0 0.0 4.21649570573939e-08 0.0 0.0 0.0 0.0 1.9866790039879944e-05 6.937762004650037e-08 0.0 0.0 0.0 3.928188803330817e-06 1.4413667340162323e-07 3.068201928780615e-06 1.0406076276804966e-07 0.0 1.5394840610370392e-07 1.2486217699674951e-07 0.0 0.0 0.0 5.109358338493826e-08 0.0 7.507550592039828e-08 0.0 0.0 0.0 1.5139244745892712e-05 1.759279364867641e-06 3.6771891138925143e-06 0.00028981132252206196 2.265441571065689e-06 7.373108120400705e-05 1.3535530800773491e-05 0.00015333417555230653 4.014112298275203e-06 3.0417355767167287e-07 4.863265171113701e-06 8.979671471601916e-06 0.0 6.675950295459352e-07 3.583969524114245e-07 4.468088626208306e-05 4.867217743866064e-07 0.0 6.131157231000273e-08 7.021343317014666e-07 0.0 0.000417466432127926 0.0001221180808876067
0.00015005423868684999 0.001007896617259423 0.0013741098684352834 5.5761611124667266e-05 0.00040246017312307273 1.4231809432002903e-05 8.801739972982016e-05 0.0011237864771692792 0.000602927856872874 5.843724407787959e-05 0.0 0.00016495512116541025 0.0004458383329881015 0.0026509989333635313 2.251412969485807e-05 6.133101589584851e-05 1.2663558094411402e-06 1.9950816652092636e-07 1.5850595916259543e-07 1.6929851022302018e-07 4.053298465781985e-07 0.0 0.0 0.0 7.204168610666185e-07 1.9699030090847518e-07 0.0 1.6011574176858522e-07 5.303924740772883e-08 0.0 0.0005293374321110588 0.000100342577618746 0.0001731955936043807 7.502747163744048e-08 1.8397444448252913e-07 1.459291974371515e-06 8.381177951628418e-05 7.148845002428214e-06 4.375585768821228e-06 1.0170013373546114e-06 1.135438962206118e-06 6.793211714505296e-07 2.692789917283213e-07 4.9323745820401594e-06 2.0690236510288264e-07 3.563008807911196e-07 3.4539520676990505e-05 4.6588108413030136e-07 5.311499137636689e-07 1.0618011780184524e-07 1.233171616558925e-07 0.0 0.0 3.4681756274454776e-07 5.297572283212546e-07 8.898810776137129e-07 2.188879929981473e-05 0.00012232340905757102 7.32998601186263e-06 8.693899815195017e-06 3.3773249631381215e-07 4.399462618852745e-06 4.035536969609414e-07 4.558577736587358e-05 2.933598579809992e-07 3.161684067017296e-07 3.5353917180390223e-07 3.308216651143626e-07 1.6154220525874716e-07 5.896093492619505e-07 9.537018435353536e-05 3.3679090086249487e-07 1.609586989460101e-07 9.735782117965129e-05 7.167958871500309e-05 7.472120751608847e-05 3.52674737677854e-05 1.187683626027074e-05 5.217790373732698e-05 0.0002940513955474918 2.458262099137105e-07 1.4295930037095342e-05 1.4836831245623097e-06 0.0 1.0520395048213784e-06 3.6575004562585936e-07 4.028657821514904e-07 0.0 0.0 0.0 1.285234564177504e-07 5.839789530828251e-08 1.6204892677151452e-06 3.735847034431738e-07 1.1336459634054208e-07 5.901126454934263e-06 1.1687799338352114e-06 0.0 2.4035430860814686e-06 1.5092992996981686e-05 0.0 5.623368326612071e-08 0.0 0.0 1.45727900325594e-07 2.2302460338856103e-07 0.0 1.6795487831466036e-07 5.601330192278981e-07 5.404429074181452e-07 0.0 3.38645416612938e-07 9.991506849313804e-07 5.422334726323476e-07 3.744071029567837e-07 0.0 6.293259987841842e-08 0.0 0.0 0.0 0.0 0.0 7.157236314105918e-08 0.0 0.0 0.0 0.0 1.2537095261588025e-07 0.0 0.0 0.0 0.0 4.893974977576831e-08 0.0 0.0 0.0 0.0 0.0 4.664720173638965e-08 1.5420443699915786e-06 0.0 1.1514017391557126e-06 2.679834837438953e-07 4.065680407786392e-07 0.0 0.0 0.0 0.0 0.0 0.0 0.0 0.0 0.0 0.0 4.823920222878246e-08 0.0 0.0 4.7962629937690654e-08 0.0 0.0 0.0 0.0 0.0 0.0 1.0207953119802883e-07 0.0 6.520035654388896e-07 0.0 0.0 0.0 0.0 0.0 0.0 0.0 0.0 0.0 1.3242128874614487e-06 4.2362678490022334e-08 0.0 0.0 0.0 1.1746303156093595e-07 0.0 2.1544677360737917e-07 2.5491446025910995e-07 0.0 0.0 0.0 0.0 0.0 0.0 0.0 0.0 0.0 5.428772708014928e-08 0.0 0.0 7.941631772358913e-07 5.300077217284212e-07 8.368345825670779e-07 8.644384747975666e-05 1.84999563743185e-06 6.431897476876869e-05 1.3649440995254056e-05 1.3783989477307334e-05 3.999699702642709e-06 2.9213470820257543e-07 5.677165886875688e-06 6.650169119175096e-07 0.0 0.0 5.673037395368065e-08 8.951908811424892e-07 0.0 0.0 1.754171376376061e-07 9.276313261673896e-07 0.0 5.1027010982952645e-06 1.6675236553868972e-06
8.350128134287528e-05 0.0001159115207818419 3.525297544881962e-05 0.0004948339691713552 8.134408155569717e-05 6.480309418926302e-05 0.00045928360488117005 4.8711175881363633e-05 4.4002563979947606e-05 0.0006733091912064702 0.00016495512116541025 0.0 0.0005783495381337422 0.0003028101310703647 3.378800074785925e-05 7.488905152511606e-05 2.0890186948784287e-06 2.9684405663409024e-07 3.8475040996620847e-07 1.2774364300778297e-07 3.4184495204684983e-07 8.298874168920486e-07 0.0 7.620674183636506e-08 1.246607879201908e-06 4.773167826327867e-07 1.1763177239804751e-07 7.873919502363379e-07 0.0 5.199545792380689e-08 4.129386707560219e-05 2.5662249667880653e-06 0.00010211153579202855 2.976761473332098e-07 1.5604372407580365e-07 1.2706417403828334e-06 0.000131446775438565 8.391129753003451e-06 2.0272692954577246e-05 1.9893833942111726e-06 1.5971184376727576e-06 9.651085117081803e-07 1.504634504823716e-07 4.318240577293919e-06 2.6842638320582057e-07 5.719955116969652e-07 3.1700502476813946e-05 3.058136256473849e-07 9.544277728250748e-07 1.5931751543815306e-07 3.542650213463554e-08 6.588799911037602e-07 0.0 1.1330521683006678e-06 1.646341018007753e-07 3.7741244947652626e-07 6.530375000595201e-06 1.890936225251318e-05 2.4560764695417667e-06 3.7755399290953484e-06 1.4263443672650513e-07 1.0530810068003958e-06 6.952691609591305e-07 4.682470630691354e-06 1.2969871933304696e-07 1.0028992547427274e-07 1.3726825234390043e-07 1.8559982793836817e-07 4.678076878255786e-07 1.0498731546759386e-06 0.00018693770419886516 1.8919425179150054e-06 7.432877667062396e-08 2.984689904906344e-05 1.4575692434718374e-05 4.2372507397271395e-05 1.8820312568373415e-05 1.0883821676104178e-05 1.0976642350259385e-06 2.3787416000072746e-05 4.1843916534168565e-07 2.353889030528926e-06 3.18895919316645e-07 0.0 1.2504245163943167e-07 1.9728154111925918e-07 4.7781020640477924e-08 0.0 1.3887450243143107e-07 1.3043161731223776e-07 0.0 6.547931992501298e-08 1.3902974566159178e-06 1.0885206994386384e-06 3.256684344902234e-07 0.00024499547831122767 9.222722861705668e-06 0.0 2.8384510407257957e-05 1.825370996735003e-05 1.6994190069172671e-06 8.5553212309053e-06 6.910092750369944e-06 4.615303580351719e-06 3.923128942083207e-06 5.568129328499267e-05 7.414875401868534e-06 8.196122220841731e-06 3.0351358886807497e-05 4.3947467176658894e-05 3.9140906981222365e-06 4.6677847100951214e-05 0.00011013249379558628 3.0096566407996424e-05 2.9321424730450984e-05 1.4495481994893032e-07 1.6533511415282153e-07 0.0 3.4173445460384453e-07 0.0 0.0 0.0 0.0 0.0 0.0 1.3307203541893975e-07 0.0 0.0 0.0 0.0 0.0 5.6792339108306327e-08 0.0 0.0 1.914482455791322e-06 7.873278091300219e-06 0.0 8.420372618095728e-08 0.0 4.0484242161351614e-05 3.4496379566225553e-06 3.2971495380739955e-05 1.6954487284121385e-06 1.1600522825757188e-06 1.347236272401139e-07 1.513726988215202e-07 0.0 0.0 0.0 0.0 1.863976923848604e-07 4.864704941308735e-07 9.714596213338416e-07 0.0 1.6416890829613077e-07 5.534149327268944e-08 5.1753955174523486e-08 0.0 0.0 0.0 5.338390368006304e-08 1.3131691325061223e-06 3.1553622201902244e-07 1.0813855234367074e-06 6.923565297687961e-07 2.3610586784661595e-06 1.877783900399616e-05 2.0576823079536053e-07 0.0 2.242630432716765e-07 0.0 0.0 0.0 0.0 0.0 0.0 4.847499353648438e-05 2.1408644855727816e-07 0.0 0.0 0.0 1.4514469613614621e-05 7.879512169651742e-07 7.05786259908659e-06 2.5268470904341154e-06 1.008932364666269e-06 8.966155949736026e-07 1.7925284179760013e-07 2.5197297795466844e-07 0.0 0.0 7.228180838491588e-08 0.0 4.0846736705694254e-08 0.0 0.0 0.0 4.753427998304844e-05 7.248535043851444e-06 1.5599700187113077e-05 0.00028150911217165986 5.162296351359393e-06 8.177384627734222e-05 2.9176466079180343e-05 2.327946712638293e-05 6.087507626819263e-06 6.223149390135285e-07 1.0178258155428524e-05 1.4458310222797335e-05 1.2517642505802415e-07 6.920809010319772e-06 1.1782213397454786e-06 5.1202096322817915e-05 6.638388170113806e-07 0.0 1.998169996032471e-07 4.160194399977051e-06 7.882432473445608e-07 0.00021726813812625892 0.00014196773807683823
