0.0 0.0014942714798225692 0.0004994756650328596 0.0008200713604863242 0.00011971231874031047 1.451084719013e-05 0.0005172263534569823 2.329578270513561e-05 5.920976842219473e-06 0.0008801341409819852 7.324468193676794e-05 3.7527747407556074e-05 3.0888470140125486e-05 5.053500581185329e-06 1.0745031504887146e-07 6.575868144655382e-08 0.0 7.193378895714826e-08 0.0 0.0 0.0 0.0 0.0 0.0 3.997797156467606e-08 0.0 8.686839032183188e-08 0.0 0.0 0.0 0.00017351785786884143 6.250012134032082e-08 0.0 0.0 0.0 0.0 0.0 0.0 0.0 0.0 3.352288577535057e-07 0.0 4.462522558222547e-08 1.195761022683187e-07 0.0 5.001204105341829e-08 1.1612199454900111e-05 2.0172687765789987e-06 7.032218414948352e-08 0.0 3.708329356673828e-07 3.598924080335099e-07 0.0 0.0 2.3637921862506294e-06 2.7390845929407383e-06 7.44792077776835e-05 0.000205917693181444 6.462827992012128e-06 1.1808690929389422e-05 0.0 1.1607602856454244e-07 0.0 9.702464241797492e-07 2.4634526191436127e-06 1.5575643935060993e-06 7.095979018718057e-07 3.668628686132305e-07 6.283623954569151e-08 5.369290102589133e-07 3.839966917831249e-06 0.0 1.165449460662564e-07 6.540003203943948e-05 6.036912280859427e-06 8.109593022004205e-06 5.361223875720015e-08 1.0198324374070425e-07 0.0 5.954095029589778e-06 6.629980446939165e-08 8.337215875804761e-07 5.2306724064580845e-06 1.2740920386183773e-07 1.9295541096847033e-06 1.8127930870404188e-06 2.2856242005469836e-07 7.352204661223859e-08 4.7155455517763405e-07 2.0650372609694683e-07 4.105066687720996e-07 0.0 5.069113692683604e-07 1.2552017437025472e-07 3.1857001311165744e-07 5.642238654257497e-06 2.2922779823937103e-06 3.2935537946071313e-07 3.113475442574066e-07 0.0002992988564957183 4.4115506623053453e-07 2.115429962836082e-06 3.9105790535002216e-07 9.17005599708086e-06 0.0 1.156082545951496e-05 2.8040937252658015e-06 3.827716422851564e-06 9.868880296864463e-06 4.274524830601721e-06 3.312718245440638e-07 1.7352444068177464e-06 3.162856661207194e-06 1.0078062548123844e-06 2.2421965594066526e-07 0.0 0.0 0.0 9.484536049903946e-07 0.0 0.0 0.0 0.0 1.8988059468424834e-07 0.0 0.0 0.0 3.6847630360022836e-07 0.0 0.0 0.0 0.0 0.0 0.0 0.0 0.0 0.0 0.0 0.0 0.0 0.0 1.7112875860580783e-07 0.0 0.0 0.0 0.0 0.0 0.0 0.0 0.0 0.0 0.0 0.0 0.0 0.0 8.504230828204326e-08 0.0 0.0 0.0 0.0 0.0 0.0 1.3707077826994997e-07 7.326319824855188e-07 6.012488657197141e-07 0.0 2.313791690990707e-07 0.0 0.0 0.0 0.0 0.0 0.0 0.0 0.0 0.0 1.1926797673828921e-06 0.0 0.0 5.5781458811828764e-08 0.0 0.0 2.761386943949306e-07 3.6971239600457864e-07 0.0 0.0 0.0 0.0 0.0 0.0 0.0 0.0 0.0 0.0 2.7135142341434335e-07 0.0 0.0 2.2714046551941964e-07 0.0 0.0 0.00019949893540900928 5.393208526681035e-07 4.3227808949644695e-05 6.2127183554149416e-06 0.0001580191850522746 3.172164112402442e-06 1.200741938178894e-06 3.1379234562613863e-06 2.5127331490592383e-05 6.105339755366157e-07 0.0 0.0 1.5612243127644996e-05 0.0 5.998798173820507e-08 2.682264136375044e-06 5.537789767362601e-07 0.0 7.568904365025747e-05 3.142070535457665e-06
0.0014942714798225692 0.0 0.0005812284708963647 0.0001466597454490628 0.0006421880593415995 7.303140447375944e-05 0.0013739469956873375 7.080468369644865e-05 0.00013612759751054697 0.00016656850116120796 0.00020546876633287164 2.1386210048231594e-05 0.00010752682969425903 5.978867424426989e-05 6.6215667745385345e-06 1.3458309876730036e-06 1.4381273024265902e-07 0.0 5.298489120442752e-08 1.5695681852581044e-07 0.0 0.0 0.0 0.0 0.0 5.3007727225836774e-08 0.0 0.0 0.0 0.0 0.0010794511769610605 1.365661141506794e-06 9.695978894157775e-08 0.0 0.0 4.686090505439586e-08 4.761632971107021e-07 0.0 0.0 5.790021290795312e-08 0.0 0.0 3.12223050112869e-07 2.231668370352136e-07 1.1166272834972318e-07 0.0 0.00013829761797597005 7.4986039624835434e-06 3.478839419045591e-07 1.4192375433740787e-07 1.2603157099381548e-06 0.0 0.0 5.0212812550671115e-08 6.662070259015385e-06 8.69205607378908e-06 5.4257067832590957e-05 0.0003470044436200541 1.6053007920498808e-05 6.923434864956189e-05 6.271807756198796e-08 3.1700419988555143e-07 4.612187946407071e-08 1.8092483136796458e-05 7.618461186892676e-06 4.473169243144834e-06 2.053947379984743e-06 1.3711429902764686e-06 1.5242464321687177e-07 7.192400739057711e-07 3.89703012872417e-06 1.1504862606847873e-07 0.0 0.00018785295181229507 0.00012129186505917096 0.0001083466430524645 2.1409567518235852e-06 7.88061692371186e-07 7.436950208400247e-08 7.896689467931112e-06 3.9770733433779404e-07 1.7452893543318501e-06 1.5226056570230194e-05 5.469637681259183e-08 5.9089543117394314e-06 5.378369032811293e-06 1.0530662022510474e-06 4.433878602848373e-08 1.7134941269318115e-06 8.984213083035455e-08 1.5579305818876757e-06 3.902555778137075e-07 7.101254139663596e-07 5.092778529765199e-07 2.0297265476122148e-07 5.164816210253682e-06 2.0718537061874675e-06 0.0 9.774896062122639e-07 0.0003688289298294489 2.864351019541691e-07 3.86382826835773e-06 8.232947055472902e-07 7.362019146290853e-06 1.2782681451184034e-06 2.23485285724748e-05 5.549156829831737e-06 1.6255265910840557e-05 1.5599193643969672e-05 6.927065778757576e-06 7.395746029048431e-07 5.804486199717483e-06 1.0068260016930878e-05 5.18797124346238e-06 4.090946812945407e-07 0.0 6.185655938794251e-07 0.0 0.0 0.0 0.0 0.0 0.0 0.0 0.0 0.0 0.0 1.049576355292599e-07 0.0 0.0 0.0 0.0 0.0 0.0 0.0 3.4704248810195983e-07 0.0 1.7100884063923053e-07 0.0 3.1804657770034797e-06 1.1755161394952356e-06 1.4846737299096222e-06 1.2797436365212028e-06 0.0 0.0 0.0 0.0 0.0 0.0 9.238744449389663e-08 0.0 1.9360438307935034e-07 1.9882151536980095e-07 0.0 0.0 0.0 0.0 0.0 0.0 0.0 0.0 0.0 5.598875629989297e-07 1.1166055769108166e-06 7.103580569649724e-07 1.4535362912208594e-06 7.670310192133267e-07 0.0 0.0 1.8052544340962376e-07 4.7990863545524954e-08 0.0 0.0 0.0 0.0 1.3755501734054089e-07 8.33558777877297e-06 0.0 0.0 5.261416859477332e-08 9.87435212911211e-08 7.6492880927885e-06 1.6885039473491955e-06 8.065647242255365e-06 0.0 0.0 0.0 2.234819123002784e-07 0.0 0.0 0.0 0.0 0.0 5.298610307993191e-08 0.0 0.0 0.0 3.16089477903648e-06 5.160912396515796e-08 7.499822556889535e-07 0.0002734544844399183 5.75138907400206e-06 0.0002512522568831266 4.6600351318064864e-05 0.0002374221729752036 2.6931722393317305e-05 8.556498853827651e-07 4.773500982101621e-05 3.354963435743588e-05 0.0 4.380272650180099e-06 2.154120456826211e-07 1.7339062769691423e-05 1.59286574986541e-07 4.039895980239399e-07 6.568146271798633e-07 5.996958146968367e-06 1.889442023897541e-07 7.604557785646174e-05 4.027615089443491e-06
0.0004994756650328596 0.0005812284708963647 0.0 4.911353664508016e-06 0.0006107385139015522 2.0812607537634536e-05 0.0001002438147978443 0.0004268099920223913 0.00024433582151553457 4.6637890324224545e-06 0.001441066347289794 1.1585552266398672e-05 0.00013880519837883531 0.00040231221976561114 3.070663030231464e-06 6.573163848589361e-07 9.220395664967068e-08 1.7126167744089138e-07 0.0 2.7802076178540167e-07 5.672968919264887e-06 1.1253481704602527e-07 5.302600840904076e-08 5.433856438688235e-08 4.927635966240168e-07 1.030380750190173e-06 1.3829009403041293e-07 2.4227238412396605e-07 1.1937965889786726e-07 0.0 0.0020228001666131915 0.00018485782835819115 9.099051601218868e-07 0.0 5.383399960842697e-08 1.37067427063198e-07 4.704489990776138e-08 0.0 2.009467781442295e-07 3.866627173153604e-07 6.819991070918604e-06 4.067340294280941e-06 6.518953524538591e-07 1.6241161444196383e-07 0.0 0.0 5.725572531352291e-05 4.046998823790885e-06 5.704792477346358e-07 1.2584486632086974e-06 1.0596761710884667e-06 1.2585915120032706e-06 0.0 1.6656786102301003e-07 2.418474622372895e-06 4.416063319823422e-06 2.784349388293621e-05 0.0002411866851894128 6.858835666832989e-06 3.090386654025381e-05 9.400115029797148e-07 2.4557391717070374e-06 0.0 2.4948381922273174e-05 3.5508050135516914e-06 2.3822620634170737e-06 9.301913006633189e-07 6.952018637521086e-07 2.8197017707947047e-06 9.62024525719053e-06 4.071854526412769e-06 1.7944973901845644e-07 0.0 9.02348219275599e-05 6.994074747627781e-05 5.478879575348276e-05 1.6583047270122345e-06 6.073716028960115e-07 7.708025818842651e-07 0.00023616494259724895 1.5693845490209597e-07 2.4443208069204166e-05 7.54280127235195e-06 0.0 3.4825792297539096e-06 2.3173141720252378e-06 1.339294728896024e-06 4.6157666889679946e-08 6.530397957426839e-07 6.316070478490261e-08 1.7443724056317573e-06 8.248012275582424e-07 7.4432187745955724e-06 5.40528794523535e-06 6.242242709488877e-06 1.0511960969786502e-06 2.1332518782001027e-06 0.0 1.4959360187339618e-06 0.0001077956987638277 2.1445271431607952e-07 1.4682095808994029e-06 2.7473546127518195e-06 9.216334315657666e-07 0.0 4.418542376048674e-06 1.0028237234826717e-06 3.3347347628332167e-06 2.359236090827568e-06 2.6105894579424053e-06 0.0 1.5764093956054587e-06 1.5554116533095202e-06 1.8771575098411977e-06 2.0577167909583571e-07 0.0 2.787594287595061e-07 0.0 0.0 0.0 0.0 1.0014705037230247e-07 0.0 0.0 0.0 5.70534004721712e-08 0.0 0.0 0.0 0.0 5.7949335086136206e-08 0.0 0.0 0.0 0.0 0.0 0.0 5.467297607368563e-08 0.0 3.067197049800806e-07 2.2127054453465528e-07 1.3411653906418668e-07 2.0078477017501505e-07 0.0 5.994589585759343e-08 0.0 5.360322388737667e-08 0.0 0.0 2.2919597949993741e-07 0.0 0.0 0.0 0.0 0.0 1.175344300495144e-07 0.0 6.684694152747066e-08 0.0 0.0 0.0 0.0 0.0 5.322659853717048e-07 1.1529316523275744e-07 4.026719760767279e-07 2.9840793729448066e-07 0.0 0.0 5.847158335409439e-08 0.0 0.0 0.0 0.0 0.0 7.103285432622124e-08 5.154726967453287e-07 2.4272230733206026e-07 0.0 0.0 2.2370201197521864e-07 2.642038476418588e-07 1.9628871205372765e-07 2.321590773507567e-06 0.0 0.0 0.0 0.0 0.0 0.0 0.0 0.0 0.0 0.0 0.0 1.1772242738966482e-07 0.0 8.544395020516155e-07 3.5183225703001533e-07 2.6784490286264577e-07 0.00011759343265280678 2.4066542277805543e-06 8.924587997829243e-05 1.0985666579252272e-05 0.00011548703496710793 6.30495111677898e-06 4.981249379774644e-07 1.1355779162104959e-05 8.44201797494488e-06 0.0 0.0 0.0 5.471262872262978e-06 3.5176026997624437e-07 5.6899005884101674e-08 0.0 9.043677629362349e-07 2.7360290673237716e-07 3.1431402859951634e-05 2.1914004761221493e-06
0.0008200713604863242 0.0001466597454490628 4.911353664508016e-06 0.0 7.507335896474972e-06 0.0006577243834977658 0.00032471047804388993 1.9116061963664557e-07 6.942022791575038e-06 0.0010964013061277446 6.309562583370919e-07 0.0003949318439082426 0.0004226009508805473 3.1307860083056178e-06 6.119761939493759e-07 5.282093351713969e-08 6.920363130298245e-08 4.802482079180103e-08 0.0 0.0 4.7469489146978064e-08 0.0 0.0 0.0 0.0 0.0 0.0 0.0 0.0 0.0 2.5663288976533246e-05 0.0 0.0 0.0 0.0 0.0 0.0 0.0 0.0 0.0 0.0 0.0 5.1152547807866216e-08 6.071035434540866e-08 0.0 0.0 1.88348164217721e-05 2.0574736615268078e-06 1.1083002148528823e-07 3.991453359184421e-08 4.48048688132441e-07 0.0 0.0 0.0 1.238621217545677e-06 2.0832592189107033e-06 1.260477559621589e-05 6.004877332118544e-05 3.707475639845291e-06 1.1389780493444028e-05 4.001319427278835e-08 0.0 0.0 2.1105099667556105e-06 2.0693343942609377e-06 1.2682209098801343e-06 4.956786477331126e-07 2.927965579947039e-07 0.0 0.0 3.466320209221923e-07 0.0 0.0 4.400325080530509e-05 1.1537483846942893e-05 1.2905999359221029e-05 2.689180969402682e-07 6.573266734346468e-08 0.0 0.0 0.0 3.551637975981709e-07 3.6659605690843176e-06 0.0 1.1110688103950705e-06 1.2232048297155898e-06 1.5962423895148361e-07 0.0 5.869622962318883e-07 0.0 2.0800063554437464e-07 4.4803837070255156e-08 0.0 5.971578378265266e-08 0.0 4.8646886216184724e-06 1.1741027464069726e-06 0.0 0.0 0.0002846027035697873 7.064805499939871e-08 4.832367234148253e-06 1.5474220689098006e-05 1.7707541501164683e-05 1.3948578234056586e-07 3.1272246479141305e-05 1.1594518030532065e-05 7.579559995567828e-06 2.196378935302846e-05 5.496620922013585e-06 9.578079483480159e-08 3.3030084721880606e-06 7.353533016925537e-06 2.0969075051120385e-06 4.3582334163048515e-07 0.0 0.0 0.0 0.0 0.0 0.0 0.0 0.0 0.0 0.0 0.0 0.0 0.0 0.0 0.0 0.0 0.0 0.0 0.0 1.4747707078563752e-07 0.0 0.0 0.0 0.0 3.4081641174574714e-07 0.0 0.0 0.0 0.0 0.0 0.0 0.0 0.0 0.0 0.0 0.0 1.228449756824156e-07 0.0 0.0 0.0 0.0 0.0 0.0 0.0 0.0 0.0 2.5008530015848853e-07 1.1167377537813057e-07 3.880544367934122e-07 6.528724538724395e-08 0.0 0.0 0.0 0.0 1.0523516326381623e-07 0.0 0.0 0.0 0.0 0.0 0.0 1.1221833781906655e-06 0.0 0.0 0.0 0.0 9.087524645379608e-07 0.0 0.0 2.1989864375532835e-07 9.824501589018765e-08 0.0 0.0 0.0 0.0 0.0 0.0 0.0 0.0 0.0 0.0 0.0 2.512767963686824e-07 0.0 0.0 8.240882915040739e-05 9.774535632210717e-07 4.079070863754051e-05 4.584845726693735e-06 0.00011445807298512731 5.224113810424785e-06 1.6150499965986324e-07 4.963661714999191e-06 8.357238507620446e-06 0.0 2.0659595229604618e-07 7.336085892610365e-08 7.3343605652404875e-06 0.0 0.0 0.0 7.536184840178506e-07 0.0 4.162858727137498e-05 2.296426846427041e-06
0.00011971231874031047 0.0006421880593415995 0.0006107385139015522 7.507335896474972e-06 0.0 4.016643922793891e-06 0.0008004203880270797 0.00024320023589896817 0.001796193570196701 4.25437105613175e-05 0.001024900327332178 2.3361958300609848e-05 0.0002109318200552745 0.0004062246245095587 4.700509643390326e-06 1.084732389642021e-06 0.0 7.723404601433872e-08 0.0 7.992822662972108e-08 0.0 0.0 8.21753570888003e-08 0.0 0.0 0.0 0.0 0.0 0.0 0.0 9.31216874175437e-05 4.5999439230074606e-07 5.958070500619393e-08 5.4080587419391685e-08 6.585184746747297e-08 0.0 3.61298274303164e-07 0.0 0.0 2.1029094422082966e-07 0.0 0.0 0.0 3.283053800207206e-07 5.639379394763883e-08 1.385239159283263e-07 7.939346894999389e-05 1.0318316866869191e-06 1.3542609008542051e-07 0.0 2.0362452836586866e-07 0.0 0.0 0.0 6.848073437413209e-07 1.3828543861478488e-06 6.486642969751455e-06 4.292113823906001e-05 2.800506066763667e-06 2.054689503689453e-05 7.160718438668957e-08 5.06671661117997e-07 0.0 6.102358488039024e-06 1.4455173728386932e-06 6.332082321761634e-07 5.453734453360398e-07 3.470781930870586e-07 6.185000371854735e-08 0.0 1.169122746000932e-05 9.71885770219198e-07 0.0 3.420532897669423e-05 3.6273482983603764e-05 4.162193208391755e-05 2.5038684776018497e-06 1.2251520127432815e-06 0.0 3.863724690100334e-07 2.435670958533093e-07 2.841194098445303e-07 1.746651123172436e-06 0.0 1.4021478398921899e-06 8.849895232488673e-07 4.916032505607165e-07 0.0 1.5580354585831114e-07 0.0 3.5100882472301196e-07 0.0 0.0 1.1917578351539403e-07 1.5375791237297719e-07 7.398356235759814e-06 2.2959434358835803e-06 0.0 6.080139917199256e-07 5.870356868353507e-06 4.58115849242099e-07 6.623979124024712e-06 1.2336535090197523e-06 2.1912968195462686e-06 6.980552287492207e-07 3.30479032736718e-05 2.822886839307851e-06 2.4504608640235658e-05 1.643691479169693e-05 5.582077790646741e-06 2.6151784924714377e-06 9.555745277458333e-06 1.4849657115266824e-05 8.595777346514894e-06 1.3786818163457228e-06 0.0 7.107815538674249e-08 0.0 0.0 0.0 0.0 0.0 0.0 0.0 0.0 0.0 0.0 5.960543221291411e-07 0.0 0.0 0.0 0.0 0.0 0.0 0.0 4.3812719116079025e-07 0.0 0.0 0.0 4.699305191653906e-06 0.0 1.3232896910887945e-06 5.067969212296549e-07 2.6791628397866456e-07 0.0 0.0 0.0 1.774957051843421e-07 3.720312373417187e-07 0.0 0.0 0.0 1.4124440825704075e-06 1.0041065390463496e-07 0.0 0.0 0.0 0.0 0.0 0.0 0.0 3.987815012134404e-07 0.0 4.244768892889734e-07 9.119922776721057e-07 2.5811788140646074e-06 1.8095860975955314e-06 0.0 0.0 0.0 0.0 0.0 0.0 0.0 0.0 0.0 8.834803981787958e-06 3.5547540211774356e-07 5.8443994637254665e-08 0.0 0.0 9.112986965887898e-06 2.7975354919707476e-06 1.2502802455559749e-05 1.7674670017022055e-07 2.584643063244545e-07 3.524538584792059e-07 4.51732546466281e-07 0.0 0.0 0.0 0.0 0.0 0.0 0.0 0.0 0.0 3.2509282089494307e-06 4.879251177203309e-07 1.6559678435693707e-06 0.00013876997248027525 3.828463057701009e-06 0.00012391630969189782 3.796738617020908e-05 1.8081330856589327e-05 1.3793326268799872e-05 3.710928376207937e-07 3.39964909970067e-05 2.8156240867225477e-05 0.0 8.1227362281739e-06 5.69121122764614e-07 1.6416360645299906e-05 1.3925666367377669e-06 0.0 4.0975911471096293e-07 2.012570825769516e-06 0.0 1.735204135864974e-05 4.668296018033409e-06
1.451084719013e-05 7.303140447375944e-05 2.0812607537634536e-05 0.0006577243834977658 4.016643922793891e-06 0.0 0.00012157501200487562 2.6824686218172947e-07 5.021993376196834e-07 0.0005465768662363159 2.2427293229617254e-06 8.106181749096322e-05 3.324708411012865e-05 2.111707262655718e-06 0.0 0.0 0.0 0.0 0.0 0.0 0.0 3.418068586341678e-06 0.0 0.0 0.0 0.0 0.0 0.0 0.0 0.0 6.284715879130758e-06 0.0 1.9885779249204253e-06 0.0 0.0 0.0 1.095224201821279e-06 0.0 2.2949887830160097e-07 0.0 0.0 0.0 0.0 0.0 0.0 0.0 9.845264437690157e-07 7.620069543544225e-08 0.0 0.0 0.0 1.361564106173606e-05 1.2579760647381893e-06 0.0 0.0 1.179071881153729e-06 3.7162298805900515e-05 2.1844164169802213e-06 5.448725367942253e-07 5.499980859215584e-07 0.0 2.7678896865367406e-07 0.0 0.0 0.0 1.213636474914728e-07 2.234303663710866e-07 0.0 0.0 0.0 7.179842703051213e-05 8.117542716738519e-05 3.062208134690162e-05 1.8452963465208592e-06 2.3088498358088758e-07 3.058521051695754e-07 8.253321485679059e-08 0.0 0.0 6.41329743651625e-07 0.0 1.8493615911443865e-07 0.0 6.46165527575023e-06 4.911661757061841e-08 2.62058182489891e-06 0.0 1.3845967135753973e-05 7.51504493746626e-06 3.731452710055352e-05 1.375718867300025e-06 3.6503655038137926e-06 0.0 7.225815114572122e-08 5.45543771552764e-07 0.00010618954138189748 9.57542470819219e-05 4.456260035741046e-05 1.0613133485302869e-05 0.0001342078462989155 0.0 5.929192001992839e-06 4.875273505012062e-07 6.236137453822828e-06 0.0 1.748055842694589e-05 1.1128864999908897e-05 4.65606443902886e-06 2.037600936237799e-05 1.900382896957153e-05 4.3880165346531517e-07 5.565867405893925e-06 9.343887769802751e-06 3.0753703009406594e-06 4.3459169689167644e-07 0.0 0.0 0.0 0.0 0.0 0.0 0.0 0.0 0.0 0.0 0.0 0.0 0.0 0.0 6.621241752825876e-08 0.0 0.0 0.0 0.0 0.0 0.0 0.0 0.0 0.0 1.3118810208940059e-06 0.0 8.512912638365369e-08 6.75099281129336e-08 0.0 0.0 0.0 0.0 0.0 0.0 0.0 0.0 0.0 0.0 0.0 0.0 0.0 1.694126274748767e-07 0.0 5.996897507850863e-08 0.0 3.190978508462277e-07 0.0 0.0 3.8830177893504803e-07 0.0 0.0 0.0 0.0 0.0 2.984430239757506e-07 0.0 8.129966574218924e-08 0.0 1.0014745433080394e-07 0.0 0.0 3.950684919150866e-06 0.0 0.0 0.0 0.0 1.479371284056878e-06 0.0 1.321113220391267e-07 0.0 0.0 0.0 0.0 0.0 0.0 2.0549825689870236e-07 2.806717105970764e-07 0.0 2.1734157819701406e-07 1.5440833914666505e-07 1.43674407432112e-07 0.0 1.3754570073844896e-06 0.0 3.3690160456578476e-07 9.963261936087166e-06 4.807565525938722e-07 1.6611730796941557e-06 2.77311340582398e-07 3.0095749466574134e-05 1.4884226832705555e-06 0.0 0.0 1.3129654301786773e-05 0.0 4.2266999527800425e-07 0.0 1.3211561323257938e-05 0.0 0.0 0.0 9.7487626676148e-08 0.0 3.217509145043184e-05 1.6573795383831174e-05
0.0005172263534569823 0.0013739469956873375 0.0001002438147978443 0.00032471047804388993 0.0008004203880270797 0.00012157501200487562 0.0 1.5106797876293391e-05 0.00043906828781996565 0.0007475957900539804 0.00015736583244425886 0.00031645946529234144 0.002503213527572916 0.0005689967566914385 1.3780963456868675e-05 4.510944177557474e-06 1.2980538676390592e-07 4.688928932216195e-08 2.450634611933678e-07 1.9331413477402343e-07 1.1997831303095944e-07 0.0 0.0 6.33698439939715e-08 4.377786491704868e-08 1.1965744632003173e-07 0.0 3.1993720241580917e-07 0.0 0.0 9.488022955797183e-05 1.5073773394929349e-06 8.214332565284962e-07 1.0015359614883637e-07 0.0 0.0 8.225929142135334e-07 0.0 6.017494651096141e-07 2.754100521869033e-07 0.0 4.6355260305252884e-08 2.9491964021762967e-07 6.444135793398989e-07 5.88979079660572e-08 5.342251428835469e-08 0.00017758628059465917 4.295041581983183e-06 2.717799533099621e-07 5.744014951706715e-08 7.881422903362788e-07 0.0 1.416304392450902e-07 9.011080857610848e-08 3.159313677217701e-06 4.227359468620013e-06 2.6717958292219376e-05 0.00012085431378505043 1.064716123882555e-05 5.664261988655887e-05 4.13901733875623e-08 7.717630756620046e-07 0.0 1.2007784840572e-05 4.107540067917099e-06 2.5782115080379297e-06 1.213920408276951e-06 8.788356853899827e-07 1.9327509919230036e-07 2.5251741887908477e-07 3.3946500641929575e-05 1.0852851408988653e-06 0.0 0.00010864773866169601 8.371082701741117e-05 0.00010373125574648179 7.002341368004412e-06 6.344725381964229e-06 0.0 2.090802216469789e-06 7.339503670074532e-07 1.895331194741508e-06 9.180922320011232e-06 0.0 4.22718522647904e-06 3.402946008246971e-06 7.790014596568082e-07 4.973432782771327e-08 7.382647179995416e-07 0.0 3.8219712508472926e-07 0.0 0.0 3.18397831983447e-07 6.03463341492583e-08 5.936808984963673e-05 1.225901008276744e-05 0.0 2.48768455213088e-06 6.26663398349484e-05 9.828957993254502e-07 3.705863500410916e-05 1.5951442085428856e-05 2.762949741501538e-05 1.6641556537033794e-06 0.0001667891834102597 2.312485891837106e-05 0.0001268223090637738 0.00011934212946717291 5.49266474907087e-05 1.1749520514315898e-05 6.202465039922744e-05 9.269770612762763e-05 5.897730473169191e-05 9.763923502228407e-06 6.56590232354326e-08 2.2560206788508137e-07 3.246064762937139e-07 0.0 0.0 0.0 0.0 0.0 0.0 0.0 1.8597587410074598e-07 0.0 1.3536698023939002e-07 0.0 0.0 0.0 0.0 0.0 0.0 4.764232608944959e-06 1.0265552549372641e-06 7.1690721355982e-08 4.86136719237893e-07 0.0 1.6353448300796944e-05 2.0288058932111754e-07 4.839655230842276e-06 2.872773706812147e-06 1.150350662533112e-06 0.0 1.7781306817357337e-07 0.0 1.5826034067251112e-06 4.70043043866986e-06 2.764684003773944e-06 0.0 8.597017375453618e-07 1.2632358476267488e-06 2.6947547310975164e-07 1.1406540756401894e-07 0.0 0.0 9.461863920229567e-08 5.927339151519289e-07 1.1480772335511827e-06 1.7670313036041992e-07 1.1130688501560705e-06 1.89359887641634e-06 2.939716147426984e-06 1.1128198319988565e-05 2.9836064447122562e-06 7.6137135821637145e-06 7.020215901024262e-08 2.651383602927135e-07 5.085207193280628e-07 0.0 0.0 0.0 2.731052999330082e-07 0.0 0.0 6.38916886991427e-05 6.107079167697254e-07 0.0 0.0 0.0 3.9015135808669965e-05 1.3227093387490338e-05 4.967450966930468e-05 2.580440654099642e-06 6.220774895524074e-07 1.0041909746172062e-06 0.0 3.6474794387881895e-07 3.022781400362355e-07 9.667866267873791e-08 1.5422927835785316e-07 0.0 0.0 3.7863211711285545e-08 0.0 0.0 2.4987682323526076e-05 1.4542570191398786e-06 6.837230325608569e-06 0.0004837378772542568 6.766407286503605e-06 0.0003168167531119843 9.638042815093525e-05 0.00015474287098639038 3.575211348614522e-05 3.7447152591690577e-07 9.13251086847667e-05 0.00013327180656950855 8.042148469216102e-08 2.2622446859502127e-05 3.443079738790166e-06 9.57016146939743e-05 2.3008567913809305e-06 9.044774294253317e-08 4.899438632331644e-07 7.208378975454976e-06 9.077034007977628e-07 0.00016535900221063439 4.518542412319609e-05
2.329578270513561e-05 7.080468369644865e-05 0.0004268099920223913 1.9116061963664557e-07 0.00024320023589896817 2.6824686218172947e-07 1.5106797876293391e-05 0.0 0.00019005654303463687 3.8397747737334203e-07 0.0010665521667558053 2.888882145629675e-06 5.239670640610944e-05 0.00028439286345562017 9.842957451298427e-06 5.671915387249017e-06 5.416705185121205e-07 4.5832121679781235e-08 0.0 1.968424777410536e-06 8.523520732884689e-06 1.3440563320236664e-07 3.7170234504709356e-07 7.637045363704904e-07 1.4503435062759313e-06 3.374847425703952e-06 4.6756772384567097e-07 1.0708047166726178e-06 1.7841539090938287e-07 1.70412090881931e-07 0.0008567688752587786 0.0009407706436259124 8.856948677686265e-07 1.1392469397866734e-07 4.806120014027568e-07 6.594626617194921e-07 0.0 6.340716398867097e-07 1.2956596303330384e-07 1.0201030277726402e-06 8.380750813269509e-06 4.569776009454363e-06 1.259902608784077e-06 6.12136821988105e-05 2.841925634315249e-07 4.80550220484186e-07 7.593528422179195e-05 8.695301591806548e-07 6.825276245484395e-08 7.123797538480822e-07 1.1232926482356839e-06 1.3295348977654692e-06 0.0 1.3634174859152324e-07 5.003374393001069e-07 6.22122934883822e-07 6.949466184509333e-06 6.937837146707945e-05 1.9606516100681524e-06 1.8319096135563603e-05 1.0103458553485488e-05 5.974038736982734e-06 3.711666466098468e-07 0.0002351531076148372 9.483671867252599e-07 8.519184382642373e-07 2.6233000369231037e-07 6.996894634770185e-07 1.0543107860279794e-06 1.4955255717521195e-05 5.741491406459967e-07 8.764408132920314e-08 0.0 2.8230589223318533e-05 5.484827175491859e-05 4.538341042138791e-05 2.123459868065083e-05 7.755660563702752e-05 0.00027786636820722836 0.0009290134602414132 8.723313610989137e-05 0.00035617925164067524 1.7189718000896296e-06 0.0 9.591413988732443e-07 5.798623133661167e-07 2.883293952723477e-07 0.0 5.963039684830453e-07 0.0 4.001034224332751e-07 1.0047992289477463e-06 5.803316208114454e-06 6.486013000590447e-06 7.010771149280794e-06 7.136102444197437e-07 1.0064424909114441e-07 0.0 2.5005694062287555e-07 7.929987449810773e-06 0.0 0.0 0.0 0.0 0.0 1.153969669039365e-06 0.0 6.850919943359845e-07 2.4376114020490517e-07 4.907719204528069e-07 0.0 5.842151970528139e-07 3.151655868881664e-07 1.690429972019866e-07 0.0 0.0 0.0 0.0 0.0 0.0 0.0 0.0 7.109799057356944e-08 0.0 0.0 2.1593398892069047e-07 0.0 0.0 0.0 0.0 0.0 5.823641355383431e-08 2.2353970722016639e-07 0.0 0.0 0.0 0.0 0.0 0.0 9.134017878123241e-07 0.0 6.21892505412916e-08 0.0 6.664362674046881e-08 0.0 0.0 0.0 0.0 0.0 0.0 1.6514954623626998e-07 0.0 0.0 0.0 2.128189247670385e-07 0.0 0.0 6.15167132226869e-08 0.0 0.0 0.0 0.0 0.0 0.0 3.8468717475205584e-07 0.0 7.079317997646728e-07 0.0 0.0 0.0 0.0 0.0 0.0 0.0 0.0 0.0 6.129067618218033e-07 0.0 7.621888181205914e-08 0.0 5.120200881654743e-07 3.819114027634289e-07 3.299563584162015e-07 9.471237900916792e-07 0.0 0.0 0.0 0.0 0.0 0.0 0.0 0.0 0.0 0.0 6.176717573764526e-08 2.5624681322890103e-07 0.0 0.0 0.0 2.3497444098234996e-07 3.1602390818409556e-05 1.969012598860548e-06 6.705609502760199e-05 1.7541562846592264e-05 3.7574535505273617e-06 4.037954279505656e-06 5.8615363726436683e-08 9.67768939270628e-06 1.8225975761955132e-06 0.0 4.0166823400717847e-07 0.0 5.355241613051589e-06 0.0 0.0 0.0 5.74064758661472e-07 2.8569492631872245e-07 5.6173111170967845e-06 2.043839827146964e-07
5.920976842219473e-06 0.00013612759751054697 0.00024433582151553457 6.942022791575038e-06 0.001796193570196701 5.021993376196834e-07 0.00043906828781996565 0.00019005654303463687 0.0 0.00016647873206442594 0.0008338490247687689 5.2144490220733704e-05 0.001220899097054411 0.0006258720684885653 8.689650867773132e-06 4.704378044806926e-06 2.0380682906674337e-07 0.0 4.9137524484081904e-08 0.0 0.0 0.0 0.0 0.0 0.0 0.0 0.0 6.87541491516195e-08 0.0 0.0 2.6373989347107958e-05 2.273613413717662e-06 2.8312673129149037e-07 0.0 5.4764427331986305e-08 0.0 4.1856271423817117e-07 0.0 0.0 0.0 3.090752900527517e-07 0.0 6.500672918418187e-08 1.5870614226728275e-06 0.0 0.0 5.6753016514158425e-05 3.233159937625594e-07 0.0 4.470523409766837e-08 0.0 0.0 0.0 0.0 2.57843129443893e-07 6.146251971650029e-07 2.0183075064012053e-06 1.0254619078646466e-05 1.2970996599502452e-06 1.0951342551022947e-05 6.43645547055953e-08 1.3931290459004164e-07 6.2407577745256e-08 1.8664900663983647e-06 6.017314807122481e-07 1.6321465096666883e-07 0.0 1.0381683198897414e-07 0.0 2.0680334376629245e-07 1.1106084584623976e-05 0.0 0.0 1.2539916917822498e-05 1.2806566453892982e-05 3.0980773932233375e-05 6.21818048029248e-06 7.934804358154885e-06 0.0 1.5125784206159903e-06 3.795822068981697e-07 4.3468379118595906e-07 4.044641214803681e-07 0.0 2.201173996499473e-07 3.1874175318313674e-07 6.378276790095202e-08 0.0 6.586662492898061e-08 0.0 4.7210333280187204e-08 0.0 0.0 0.0 8.138245250283613e-08 1.910357300126419e-05 3.3281626012139134e-06 0.0 9.329565449987547e-07 8.28685193743226e-07 0.0 4.089989859987593e-06 2.9345504662591382e-06 2.4644494939186372e-06 1.106997539370225e-06 4.8008469800635526e-05 5.623100905905342e-06 3.7477514537229197e-05 3.7781212249269954e-05 1.3873511322351961e-05 3.890557283187869e-06 1.607574212787759e-05 3.065636195371407e-05 1.5706992591693404e-05 2.7053518156866606e-06 0.0 0.0 0.0 1.7647609743854642e-07 0.0 0.0 0.0 0.0 0.0 0.0 8.88970864042831e-08 0.0 1.4611642313599417e-07 0.0 0.0 0.0 0.0 0.0 0.0 0.0 8.808080828478114e-07 0.0 0.0 0.0 6.019041070192156e-06 1.4234368156575562e-07 1.7012727705505638e-06 1.1080896782771607e-06 0.0 0.0 0.0 0.0 4.4341607142753133e-07 2.5680250348994466e-07 1.08335083920094e-06 0.0 7.656008659692786e-08 2.101584705645028e-07 0.0 2.95151075462764e-07 0.0 0.0 0.0 4.105396284881986e-07 1.2740999529073856e-07 0.0 1.1188563265083068e-06 3.718301484485004e-07 4.0370455171482565e-07 2.850653611162173e-07 3.279261248182294e-07 1.6931128500412591e-06 1.3670481659977728e-07 0.0 2.997159301900659e-07 0.0 0.0 1.4626461819767386e-07 0.0 0.0 0.0 2.4534591594381416e-05 5.177336689661213e-07 0.0 0.0 0.0 1.3958862844378775e-05 5.3523547030107526e-06 1.7865029924956392e-05 5.324580964933293e-07 9.431821526475733e-07 3.661476806965172e-07 0.0 0.0 0.0 0.0 0.0 0.0 0.0 5.8585293550230845e-08 0.0 0.0 9.050930106562427e-06 4.234826814644636e-07 1.930097017544593e-06 0.0001308842823489162 2.315697901084678e-06 7.485645643997948e-05 3.043743922423397e-05 7.462199296528122e-06 8.768425248773811e-06 0.0 3.457292156336415e-05 2.5776293865248137e-05 0.0 5.0662582501856265e-06 0.0 1.41297907943891e-05 1.4575896108245434e-07 0.0 3.6969934154974056e-07 1.5648168253638923e-06 4.295446063981888e-07 2.244648313395838e-05 1.3558688403567723e-05
0.0008801341409819852 0.00016656850116120796 4.6637890324224545e-06 0.0010964013061277446 4.25437105613175e-05 0.0005465768662363159 0.0007475957900539804 3.8397747737334203e-07 0.00016647873206442594 0.0 3.3430993419098445e-06 0.0007465212431688008 0.0015195383404880646 7.338615181899676e-05 1.112954410361416e-06 2.424893057172264e-07 0.0 0.0 6.27439432721582e-08 0.0 0.0 0.0 0.0 0.0 0.0 0.0 0.0 0.0 1.0926978535971778e-07 0.0 2.009176656382139e-05 1.4124431674807406e-07 6.91585438046037e-06 4.3979415477125754e-08 0.0 0.0 1.1948831301749455e-06 0.0 0.0 0.0 0.0 0.0 9.912943768686096e-08 1.1458245795778999e-07 0.0 0.0 2.249559320163044e-05 1.3248267243326836e-06 0.0 4.756070132779828e-08 1.08003445532064e-07 0.0 0.0 0.0 1.320251626371952e-06 1.963997577725646e-06 9.355596671848692e-06 4.608513702697768e-05 2.329523145841808e-06 1.0274047681241696e-05 6.110482394411316e-08 0.0 0.0 1.166093646689607e-06 2.110469871813328e-06 1.015333324864841e-06 3.7655549423962355e-07 3.742034252547254e-07 0.0 1.1079793151657509e-07 0.00019146602682274598 2.162421869983692e-06 0.0 3.45109199226926e-05 1.3499675482845464e-05 1.6132338610064352e-05 5.621831519900827e-07 4.477284933116739e-07 0.0 3.2880937472304592e-06 0.0 1.9287144984275138e-07 3.4676137791501956e-06 0.0 1.430736617832684e-06 1.0586054007618534e-06 9.914221184396337e-08 4.971678448707829e-08 4.7145774940817623e-07 4.7479456204697844e-08 2.7273625086571717e-07 0.0 0.0 4.609870543656839e-08 1.3839663190213562e-07 0.00016637491751603906 1.2353900697335912e-05 0.0 2.0548297077924494e-06 0.00017181750419868825 1.0790592994981075e-06 2.813874807498951e-05 1.3251913343906869e-05 4.095862168037339e-05 1.1537569477901154e-06 0.00012076930773822696 4.538095750292652e-05 7.225835271689145e-05 0.0001223134206804946 8.153874332981983e-05 3.920042416188932e-06 4.5293738530211746e-05 8.386106766723396e-05 3.8350360037417696e-05 5.440977382053802e-06 0.0 0.0 0.0 0.0 0.0 0.0 0.0 0.0 0.0 0.0 7.609993664350584e-08 0.0 0.0 0.0 0.0 0.0 0.0 9.860524794488039e-08 0.0 9.023433166621005e-07 2.5640390774368945e-07 0.0 0.0 0.0 1.1636153765346239e-05 0.0 2.2940749670553173e-06 1.3999768308784834e-06 4.2702128374082334e-07 0.0 6.421541982209587e-08 0.0 0.0 0.0 0.0 0.0 1.1328230103272802e-07 4.530681692989613e-07 0.0 0.0 0.0 1.3188078539555684e-07 0.0 0.0 0.0 0.0 4.7212847303554987e-07 5.712041883637415e-07 2.0281569874649066e-06 2.998567929927415e-06 1.2509471620805733e-06 1.7286358559571076e-06 0.0 5.194818859437401e-07 0.0 0.0 0.0 0.0 5.894738463843536e-08 0.0 0.0 4.016313236593757e-05 3.204866684183099e-07 0.0 0.0 0.0 7.152473332380149e-06 3.3674663124533152e-06 8.90607048488702e-06 4.824471395326241e-07 5.351520710074354e-07 1.9167421165100099e-07 0.0 0.0 5.5828890959546505e-08 0.0 1.0891025404936432e-07 0.0 1.2430451896845803e-07 0.0 0.0 0.0 1.3928343647688396e-05 8.081844399428275e-08 1.7391924086692628e-06 0.00023088150773644986 1.7208648732882526e-06 5.2947872711163054e-05 1.243022015657078e-05 0.0001842641041346508 4.627044311727287e-06 4.832471587346446e-07 1.352257876746724e-05 9.398568387287353e-05 0.0 5.6245144515085485e-06 3.6941226720406796e-07 8.33171420380213e-05 2.288807104996728e-07 0.0 1.0746677182357804e-06 1.3616666638174818e-06 0.0 0.0003002531707801122 6.585848891209731e-05
7.324468193676794e-05 0.00020546876633287164 0.001441066347289794 6.309562583370919e-07 0.001024900327332178 2.2427293229617254e-06 0.00015736583244425886 0.0010665521667558053 0.0008338490247687689 3.3430993419098445e-06 0.0 7.426026416190006e-05 0.0005098876828152902 0.0013781008595768712 6.553426702902912e-05 5.447435215585342e-05 2.50658779845091e-06 6.609324853371944e-07 3.483031395343889e-07 3.90920790292954e-07 4.5803908764616225e-06 1.9779789854197957e-06 1.6051350412814897e-07 5.396104950356783e-07 4.689214683391674e-06 2.663184005695679e-06 1.0293246501524036e-06 2.1753260398931783e-06 2.2114292538778944e-06 7.871146034204542e-07 0.0008608661344921489 0.0001604155072128531 3.6407783970944124e-05 8.431630417035203e-08 1.6951245056701892e-07 6.574395015173208e-07 2.863630310171787e-05 4.111050071580365e-06 5.2692669108398104e-06 5.308300188350584e-06 2.3596919889116607e-05 1.455754754229019e-05 1.1931102882168397e-06 1.808883379218234e-05 3.6458666550812245e-07 4.487623055574292e-07 0.00018422850913755916 2.137277077345654e-06 1.2214293249289943e-06 2.925022259986892e-06 2.5291664735625808e-06 1.3703854670965996e-05 1.1597892436043656e-06 3.5113800694195697e-06 1.076907012724336e-06 1.7501198323839915e-06 9.77826883531212e-06 7.80003446279347e-05 4.0991362718896245e-06 2.8066515760699786e-05 8.35699825948474e-07 3.982967184476827e-06 7.979080654276412e-08 2.9142727738090197e-05 1.232625826225953e-06 1.5540680048931427e-06 6.033986463019664e-07 8.445990564678652e-07 6.36319948420684e-06 2.0339297485982204e-05 3.936425035244087e-05 5.123539606913389e-06 8.970181048623809e-07 4.5722989306264426e-05 7.675313376459672e-05 0.0001025669398510827 3.260856833315417e-05 7.33104490312686e-05 1.2257191622352845e-07 0.0003624698251406666 1.309552579359418e-06 1.5481190828159735e-05 3.2750003103969603e-06 0.0 1.5545900882800797e-06 1.3126416788742874e-06 9.254607281438301e-07 3.456595073180213e-07 1.4728742298646683e-06 1.05620434974764e-06 3.4520533636262346e-06 9.667313875233163e-06 1.0557550168136006e-05 1.905046540560393e-05 4.172715934938046e-05 1.1917553417407002e-05 7.86798093278304e-06 3.2498394665915274e-07 5.2035193671062254e-06 1.2957513054173252e-05 0.0 6.003043612789862e-07 1.7644922018331232e-06 6.911266067285804e-07 3.993710992564538e-07 1.0641204190587262e-05 4.2736371688929853e-07 9.922267881108518e-06 7.454236417082969e-06 1.6379607915509142e-06 1.8511863376479053e-06 4.311718806736848e-06 1.0447349852002093e-05 4.576735361175294e-06 1.6378278232515241e-06 1.3160618429912333e-07 1.6796651374799515e-07 0.0 6.111270113489169e-08 0.0 0.0 1.43807808544182e-07 6.95354296256028e-08 0.0 2.3602522772921784e-07 5.44149319171789e-07 0.0 1.2345028276470532e-07 5.799414150359441e-07 5.355022288317447e-08 7.645903555338171e-07 3.0542232217819704e-07 1.442995727845716e-06 0.0 6.544802993928257e-07 9.538841098101279e-07 0.0 9.901379013872773e-08 0.0 4.23893877418344e-06 3.723467124432595e-07 1.7121064387947233e-06 1.8799495020002662e-06 8.459121400649741e-07 6.093185303581206e-07 3.621392169745982e-07 5.6821598366765155e-08 0.0 9.946718821433957e-07 1.0363640433649808e-06 0.0 0.0 4.04350225793083e-07 0.0 0.0 2.8026310245082066e-07 2.537486720254686e-07 7.538003312959177e-07 8.056660472279898e-08 0.0 0.0 1.0031656454999819e-07 6.298768770991566e-07 0.0 2.6419887854008822e-06 1.5270109262955084e-06 2.3366226423085673e-06 6.875098838244684e-07 0.0 7.673761399224443e-08 0.0 1.6008957853504186e-07 0.0 1.9125967603204008e-07 7.710177845928813e-08 3.856277632685346e-07 1.0941951888498424e-05 1.7405081963151166e-06 1.0154267753055214e-07 8.003566310300823e-08 1.3000372131966822e-06 7.662602960711185e-06 4.887778337210699e-06 1.297674095534567e-05 1.2482811926078854e-06 5.475944380312642e-08 3.087058864912655e-07 1.449279772246889e-07 1.190221927223019e-07 2.500044177736343e-07 0.0 0.0 0.0 5.079207667569302e-07 3.736438067033563e-07 1.0284124706358438e-06 0.0 3.548094204685341e-06 1.9712977508830714e-06 3.2993823180895468e-06 0.0002490547816419612 4.8369207162071305e-06 0.00020495807251878496 0.00010343431792546884 1.4147097571979193e-05 1.3544388507571376e-05 2.479585410887943e-07 6.496430742032032e-05 8.53409181985885e-06 1.721400563481448e-07 4.453031540864588e-06 8.077220929498005e-07 6.2391286181332454e-06 6.473652216695809e-07 0.0 7.783072569720432e-08 8.260141393398497e-06 0.0 1.997735211550198e-05 5.1343593591993754e-06
