0.0 0.0016159095028073463 0.0008767403849331572 0.00058271625961512 0.00010286945271571326 7.861073574289442e-05 0.00013652847932587957 4.734565052885113e-05 7.441079115437896e-06 0.000516901136446947 4.254610193703208e-05 0.00018134356726712728 3.981015303093733e-05 9.609282097530776e-06 7.779601392996901e-07 5.637483622961309e-07 1.1022400623535969e-07 1.5620377208500635e-07 6.849867657236353e-08 0.0 6.54408189168032e-08 0.0 0.0 8.431775412448597e-08 0.0 5.148862137421826e-08 0.0 1.8193725244956688e-07 0.0 0.0 0.00042962477535299056 2.153314643285332e-06 3.3327475077476992e-06 4.6086206002947164e-08 0.0 0.0 3.3515523743446785e-06 1.049817722875108e-07 2.163003159291402e-07 0.0 0.0 1.090756653269119e-07 0.0 1.154683055095771e-07 0.0 1.9286401912742921e-07 1.94744038074329e-05 3.0144539895709213e-06 4.899233218148029e-07 1.9936143475588875e-07 2.1826994884264212e-07 1.2534270477832248e-07 0.0 0.0 1.6770258865977402e-06 1.9183384328063982e-06 7.357594529917458e-05 0.00023823682344111463 2.564184585144379e-05 2.34089066612231e-05 1.6753068699539804e-07 1.559738701441553e-06 0.0 1.9031662434773398e-05 2.9493873525611546e-06 2.7078354151899103e-06 1.1330628880616816e-06 1.4376099050894762e-06 9.594102975550643e-08 1.102872223360537e-07 1.6900007335855787e-05 1.8692675812726286e-06 6.985698610507795e-07 0.00014223100678947053 4.857011669515584e-05 1.8132858209912964e-05 1.4110415778000979e-06 9.422046119984248e-07 7.271373153588443e-07 1.0394049968718178e-06 0.0 1.1844346220761477e-06 1.0167212454894134e-05 1.658577259628064e-07 6.164753634736584e-06 2.4982374178241133e-06 1.1756260012246526e-06 1.445929739812748e-07 1.0328746954911054e-06 1.9807986279390176e-07 3.329774207898641e-07 5.299532168938747e-08 0.0 0.0 3.476175120353127e-07 6.515288836833342e-05 2.0443027837078478e-05 1.5879257506369506e-07 2.1657633532426546e-06 0.0008150790031317829 0.0 1.744076528236511e-06 7.201765058369344e-06 1.5791444029841311e-06 0.0 1.7007814548516082e-05 1.5337816835307496e-06 6.36007469213199e-06 7.692879777896552e-06 1.865094556284134e-06 7.167614890754387e-07 1.7057132737468129e-06 6.4308335747572495e-06 1.3543881508245833e-06 8.130759734008239e-07 0.0 0.0 0.0 0.0 0.0 0.0 0.0 0.0 0.0 0.0 0.0 0.0 8.713795533602949e-08 0.0 5.1942682015024236e-08 0.0 0.0 0.0 0.0 0.0 6.576452829247538e-07 0.0 0.0 0.0 0.0 3.952501340738614e-07 5.328375637974532e-07 6.126773947525913e-08 0.0 0.0 0.0 0.0 0.0 0.0 0.0 0.0 0.0 0.0 0.0 0.0 0.0 0.0 0.0 0.0 0.0 0.0 0.0 0.0 3.193386378850374e-06 0.0 0.0 1.4687404021944233e-06 7.056783799141276e-08 0.0 0.0 0.0 0.0 0.0 0.0 0.0 0.0 4.563690650339878e-07 0.0 0.0 0.0 0.0 4.4711619831486665e-06 6.345954005186466e-07 1.624403591632844e-06 0.0 0.0 0.0 0.0 0.0 0.0 0.0 0.0 0.0 8.224869383252826e-08 6.831737903433674e-08 0.0 0.0 7.153601320735775e-08 3.867686515843409e-07 4.6532312609056814e-08 7.184809277303304e-05 1.2597742702332987e-06 0.00011326798487049669 9.746049584907035e-06 0.0007467556153784876 3.5253330228651553e-06 1.4025793405739895e-06 6.458005078473343e-07 0.0 0.0 0.0 0.0 1.6993153438393618e-05 0.0 0.0 0.0 1.5548741499539084e-07 0.0 0.0003766288835751828 5.748064144978722e-06
0.0016159095028073463 0.0 0.0008101788628425196 0.00011580690600894135 0.001398072791724466 5.899824729105554e-05 0.0003990323885978387 0.0004888832790365915 0.00017430728763922292 0.0002509997687253272 0.0008524402233750393 0.00031700916378454787 0.0005110577966145742 0.0004443369865350308 5.208442944767854e-06 3.983796585544115e-06 1.5252703996652667e-07 1.4397089067795232e-07 3.65510920156661e-08 1.514838790122392e-07 2.2993563950953716e-07 0.0 1.772035555288109e-07 4.602318048792558e-07 1.7549586122979477e-07 5.321825947418781e-07 1.2959460111917515e-07 4.388156539732478e-08 0.0 5.705804697023985e-07 0.0009475798533611397 2.0940024127694464e-05 1.7837386470318915e-05 4.004274988820207e-08 4.1579305254482276e-07 5.3017456853914e-08 7.894119426675235e-06 7.510450199870559e-07 6.396656795159212e-07 2.1938234295956754e-07 2.117264737135108e-07 7.630870745724615e-07 6.63302550235099e-08 3.23481015141604e-07 1.5870250972020954e-07 4.868047762358358e-08 6.306395117315031e-05 4.8434135529258495e-06 5.889844179451525e-07 2.7242519827146046e-07 6.391536263776473e-07 0.0 0.0 5.308838584008615e-08 2.0284133621508823e-06 2.707349639537411e-06 5.706915382482018e-05 0.00027013976056583484 2.5622877796837167e-05 3.5858461465383844e-05 6.563370717531653e-07 2.4200592994573895e-06 1.7129801342984182e-07 5.0225904103368324e-05 4.590168647799531e-06 5.074447168162768e-06 3.0389686551127735e-06 1.6334058241905067e-06 4.405029050417681e-07 1.0465612360538406e-07 4.502224592859193e-06 0.0 5.201422165324887e-08 0.0001585726685945783 9.208418761109834e-05 3.6373073815293754e-05 5.526573675553851e-06 3.159372371085105e-06 1.2363603415773752e-05 6.695459775109506e-05 1.96191272353622e-06 8.120672928952321e-06 1.1992821526017244e-05 0.0 7.219924026232958e-06 4.688568065480735e-06 2.463235806772821e-06 5.662846803143346e-08 7.777895028908092e-07 5.4216563562291524e-08 5.082637583545949e-07 5.892213937260531e-08 4.4328540529570217e-07 2.074926480060073e-07 6.435432811541351e-07 1.445144247575983e-05 1.6445258836352487e-07 0.0 8.796899443690222e-07 0.0005062846891282739 1.0845959908553325e-07 2.6279064912671663e-06 4.695596705610314e-06 6.647832531087473e-07 6.26371465394139e-07 3.4581028965859476e-05 5.162499748030292e-07 1.7413706270869795e-05 1.082287849005269e-05 4.930884745365372e-06 6.500738571337964e-06 7.156697917846386e-06 1.3397959401453536e-05 6.293138514692281e-06 3.882626927324069e-06 1.836014309832126e-07 0.0 0.0 0.0 0.0 0.0 0.0 0.0 0.0 0.0 0.0 0.0 0.0 0.0 0.0 1.1339758828912032e-07 0.0 0.0 0.0 5.364951984536549e-07 4.429201692467592e-07 0.0 3.895446680359088e-07 0.0 2.251786172361778e-06 1.0873873086137443e-06 3.6734845113949536e-06 7.655559174836181e-07 0.0 0.0 0.0 0.0 0.0 0.0 5.5889960219277295e-08 0.0 0.0 0.0 0.0 0.0 0.0 0.0 4.1848446451584573e-07 0.0 0.0 3.6472683514226946e-08 9.854817952229423e-08 2.1782314990490612e-07 0.0 0.0 8.076902556681595e-07 7.082328175734245e-06 0.0 0.0 0.0 0.0 7.78708942627661e-08 0.0 0.0 0.0 0.0 2.164057370325187e-06 4.639853002391861e-07 0.0 0.0 0.0 6.274509768704141e-06 1.4361465105064872e-06 7.7955329588803e-06 0.0 3.10940073387336e-07 0.0 0.0 0.0 0.0 0.0 0.0 0.0 0.0 0.0 0.0 0.0 2.351237370137067e-06 7.514047912835546e-07 3.872517885976534e-06 0.0001572044682644483 4.703353682500347e-06 0.00024211018031244775 4.252452770503455e-05 0.00026319646337016027 1.1059621289692922e-05 7.457645522196154e-07 8.305670512781685e-06 2.6985090469669894e-06 0.0 3.220737149783659e-07 3.193428323256323e-07 6.0816317318060335e-06 2.4927846722773065e-07 0.0 5.933298840721609e-07 3.251312505830349e-06 0.0 0.00015752043664908998 7.2940313474321734e-06
0.0008767403849331572 0.0008101788628425196 0.0 1.4034724561510251e-06 0.0005291219032485065 5.887423325234785e-06 4.338038481188385e-05 0.002749442922635425 5.316343372491585e-05 2.4841916310478545e-06 0.001213653073968872 2.3294353380863875e-05 0.00010060983892140906 0.0005798658611306088 7.051235305686343e-06 1.1156149482789156e-05 5.5796689924892074e-08 4.520697712032528e-07 4.110812379708645e-08 3.1496109657830895e-07 5.395185659367603e-06 1.9305096422456553e-07 1.0682141122567227e-05 2.3286598554869294e-05 2.6149157362099346e-06 3.969764882660099e-06 1.1595943370234452e-05 1.061411263251726e-06 1.4147237980080427e-06 1.2884095656506923e-05 0.003387425979782599 0.0007495761697063871 7.204115109619827e-05 1.7571301610076302e-07 6.369036166582277e-06 2.9554154217999786e-06 3.2817519466771215e-05 1.3518714327925124e-05 9.981673374384855e-06 6.475560111457052e-06 1.2883419575226246e-05 1.3107841660690963e-05 2.9393172568123556e-07 2.9317179565054793e-06 5.538370633075007e-08 7.473178915714809e-07 4.4157338886369065e-05 3.6537017224862104e-06 5.091830464008098e-07 1.253314586678477e-06 2.2064653389717922e-06 5.749036723112649e-07 2.155661876979464e-07 9.462748879724586e-07 1.138771387912379e-06 1.4438358061457861e-06 6.408400306234616e-05 0.0003464094169137835 2.379045025879663e-05 2.6970621644932898e-05 1.1038504031574333e-05 2.3537644389159025e-05 9.51750138186626e-07 0.0001628019420232737 3.776059567811017e-06 4.795118490095466e-06 1.682333892050095e-06 2.196320292490182e-06 6.686479054228957e-06 7.792763083954784e-07 3.9096851854225566e-05 1.3200435080336757e-07 0.0 0.0001467733738007456 0.00012350921984374477 3.749101106204869e-05 5.829579297895088e-06 9.233515536749444e-06 0.0004572666539601367 0.0008478470880901103 3.800269363954342e-05 0.000178657707410687 9.342596242872915e-06 0.0 5.999350510055574e-06 3.0558357866146105e-06 2.5627012051254584e-06 9.117906392317444e-08 6.16133024154031e-07 0.0 4.5985457749096376e-07 1.340201287866187e-07 6.805655837984738e-06 6.087375727265843e-06 1.5238249356935004e-06 3.036725216320599e-05 5.861985373237098e-06 0.0 5.234600859424915e-06 0.00039428459173674896 3.743834144349448e-07 2.027632427634341e-06 2.804430363835042e-06 1.509532573841656e-07 9.781530526703492e-07 1.5307835849851556e-05 8.219654336934573e-08 9.649036086788223e-06 6.0476608819718056e-06 1.4831497369750978e-06 7.07989151846471e-06 5.312357857356134e-06 1.562945035837596e-05 6.926332394849916e-06 9.27616646712287e-06 3.7612957981326717e-07 9.586463018263486e-07 0.0 0.0 7.794438254225375e-08 0.0 0.0 0.0 0.0 1.2579926248038761e-07 5.462612711598928e-07 0.0 1.971139084844661e-07 0.0 0.0 4.781932209696336e-07 5.843369941019505e-08 1.0324182233581177e-07 5.164546949312474e-08 2.5049268621308083e-06 3.369091697623673e-06 0.0 8.168238523176725e-07 1.7142067281281645e-07 1.3153245706119233e-05 1.0463888026943333e-06 1.6099242644584448e-05 1.9908150679867724e-06 1.2570674519388375e-06 1.1798590101364173e-06 1.1835049762820618e-07 0.0 8.341667323319373e-07 2.3738892007530412e-07 1.406707013951453e-07 2.1866690768228595e-07 4.201208681048624e-07 0.0 0.0 2.561373421972162e-07 3.057625646675465e-07 3.9280125598426803e-07 1.8929258481506642e-06 1.4134952088629913e-07 0.0 0.0 3.276826163124527e-07 6.268066074898289e-07 0.0 5.548573034175509e-07 1.3922423120881854e-06 3.0382381588999658e-05 7.085174296597241e-07 0.0 2.830063903406682e-07 0.0 0.0 0.0 1.9818767983144794e-07 0.0 1.789140969444029e-07 9.612961128345833e-06 5.520515789381048e-07 2.2373703109941985e-07 0.0 2.5788577515609024e-07 1.7211139612949018e-05 5.304041865462339e-06 1.853065672335544e-05 4.594974782833825e-07 2.2415573381953617e-06 2.9302085063113216e-07 2.60955515244901e-07 9.525383032902091e-07 2.6101258204053156e-07 0.0 0.0 0.0 0.0 0.0 5.112828298810639e-07 0.0 7.904289665471137e-06 6.979004879968222e-06 1.020630352106131e-05 7.436589163201015e-05 4.3063830926664235e-06 0.0001566819214634923 2.3779988867325315e-05 9.647111992570873e-05 3.7054435738765356e-06 1.2142271960921251e-06 3.7160737581320683e-06 4.085035122981978e-06 0.0 2.4934903449007552e-06 1.3164768255277622e-06 6.535518822964983e-06 1.617978077366436e-07 0.0 1.0641805391936954e-06 1.8204524996007638e-06 2.590081769655699e-07 4.4839841947388594e-05 1.1871562815491866e-05
0.00058271625961512 0.00011580690600894135 1.4034724561510251e-06 0.0 5.089883145954185e-05 0.00027752594115939 0.00019379783183998313 5.631283482086805e-08 2.407567493801077e-05 0.0006527426187911096 5.569680591872323e-06 0.0007428869807611561 0.00013775362908798579 1.9535095289735295e-06 2.756607206687609e-07 0.0 0.0 0.0 0.0 0.0 0.0 0.0 0.0 0.0 0.0 0.0 0.0 0.0 0.0 0.0 1.6637611094054408e-05 5.260207343610078e-08 0.0 0.0 0.0 0.0 2.4536811596988684e-07 0.0 0.0 0.0 0.0 0.0 0.0 0.0 0.0 0.0 4.493263056176849e-06 5.48327974412718e-07 1.8467638473926428e-07 0.0 0.0 0.0 0.0 0.0 2.319718490547735e-07 9.138701233931333e-08 6.744394481184753e-06 2.3205806460657104e-05 3.3812409041415228e-06 5.9555958591580704e-06 0.0 0.0 0.0 3.937474321683097e-06 4.867592495971461e-07 3.0855258722128625e-07 2.3746423253194223e-07 1.841781276699721e-07 6.68093951830063e-08 0.0 3.947267858173683e-07 0.0 0.0 2.44285294565012e-05 9.640056685616217e-06 2.8129846694989483e-06 2.0695572538223296e-07 1.453792565651546e-07 0.0 5.367695329158556e-08 4.559172953107545e-08 0.0 1.7262259785544386e-06 0.0 6.380852419930394e-07 5.338998144350119e-07 2.557195045026825e-07 0.0 9.058318420505936e-08 0.0 5.418737672788509e-08 0.0 0.0 0.0 0.0 8.167287508450307e-06 0.0 0.0 0.0 0.0001820908259954607 6.079162145999704e-08 1.950480710351242e-06 3.4054992630699855e-06 8.787145191185182e-07 8.600208495376427e-07 2.0131862009127894e-05 9.092301868442059e-07 3.9350041291142195e-06 1.6740139818704546e-05 2.457231521848016e-06 6.287957929375206e-07 4.3274344120318545e-06 9.139511752011639e-06 1.4263819197010898e-06 5.234827244087737e-07 0.0 0.0 0.0 0.0 0.0 0.0 0.0 0.0 0.0 0.0 0.0 0.0 0.0 0.0 0.0 0.0 0.0 0.0 0.0 0.0 4.633993387550444e-07 0.0 0.0 0.0 1.6978572000861237e-07 0.0 5.184097072010215e-07 0.0 2.617689387843363e-07 0.0 0.0 0.0 0.0 0.0 0.0 0.0 0.0 0.0 0.0 0.0 0.0 0.0 0.0 0.0 0.0 0.0 0.0 0.0 4.352601499004477e-07 0.0 0.0 3.2861466193020994e-07 0.0 0.0 5.277228199959496e-08 0.0 0.0 0.0 0.0 0.0 0.0 7.666065190581373e-08 0.0 0.0 0.0 0.0 1.1735191582955117e-06 0.0 0.0 0.0 2.3924926960843327e-07 0.0 0.0 0.0 0.0 0.0 0.0 0.0 0.0 0.0 0.0 0.0 2.820742708223442e-07 0.0 0.0 8.856886315203635e-06 4.224568455758103e-07 2.3045126274530112e-05 2.129030076882159e-06 9.558783460207683e-05 1.1249150471840199e-06 0.0 3.111920665413238e-07 1.353373597168678e-07 0.0 3.8815707209749786e-07 2.1456523952535046e-07 3.0051566992763083e-06 0.0 0.0 0.0 0.0 0.0 7.412998190568112e-05 3.293328268610611e-06
0.00010286945271571326 0.001398072791724466 0.0005291219032485065 5.089883145954185e-05 0.0 8.000835450791785e-06 0.0005070392335773616 0.00028355803805300844 0.0004035880556108168 0.000126825114428347 0.0012017683356430164 7.348252171167671e-05 0.00013412498178133424 0.00035897402867345117 8.1078235534585e-06 6.931728166949177e-06 1.8443984847226092e-07 4.554140324504334e-08 7.204770073230095e-08 1.1573614839040478e-07 0.0 0.0 1.2320053737822198e-07 4.830822879979588e-07 1.3101723759478863e-07 1.8170832016194312e-07 3.158637881130084e-07 0.0 0.0 5.22669448670472e-07 0.00010314110829403394 2.0756893750592932e-05 4.070794499305943e-06 0.0 2.1263983415636277e-07 0.0 1.6767750953003398e-06 4.908124039766894e-08 3.6118822707275584e-07 1.1478430519973598e-07 3.485654773909731e-07 8.770913048359341e-07 0.0 3.2261258624340324e-07 0.0 4.597328204728055e-08 6.305826298428702e-05 3.4848719879895145e-06 2.5301323462821707e-07 2.52027642215514e-07 9.107953152812373e-08 6.651647667299172e-08 0.0 1.2597371060271754e-07 1.0991545542175196e-06 9.641882842523911e-07 1.077922967643544e-05 4.063905811680935e-05 8.299088309866016e-06 1.8108548731239755e-05 6.169667158963036e-07 8.090085678803869e-07 1.4573397150707876e-07 2.80650506118445e-05 2.2475933886954065e-06 1.8193186743194486e-06 9.147978866675159e-07 1.270693565174901e-06 3.5673839389782215e-07 0.0 3.398620081002627e-06 0.0 0.0 5.390401351060209e-05 4.3025937376398496e-05 2.6778873042066626e-05 6.560278165504705e-06 2.834950951782681e-06 2.8189437156083243e-06 6.786541020741835e-06 7.873184131199775e-07 5.1727869325285006e-06 4.979274929893816e-06 0.0 3.0279146705538125e-06 1.5526702989175002e-06 6.40275592562733e-07 4.569185313066109e-08 4.845338390427324e-07 4.8603080393059353e-08 1.065951811317233e-07 1.0936564726176957e-07 2.2143583356893874e-07 3.4340959042124566e-07 9.19392673859595e-08 1.4057494314093912e-05 5.408455459075801e-07 0.0 1.926651643705177e-07 2.7846824314899844e-05 3.7457627157743e-07 1.4580494094408748e-06 2.935880717094187e-06 8.175649272021517e-07 2.1690089572330765e-06 3.710671281306642e-05 4.193335197970184e-07 2.0072242781266106e-05 1.0991755198083382e-05 1.8020982358759618e-06 8.229003707681303e-06 1.1688963095023939e-05 1.8528540635076434e-05 7.971774364034113e-06 5.873266734282277e-06 0.0 4.0785083416019505e-07 0.0 0.0 0.0 0.0 0.0 0.0 0.0 0.0 0.0 0.0 0.0 0.0 0.0 0.0 0.0 0.0 0.0 1.53802730999193e-06 1.8647138827957242e-06 0.0 2.2656188415717206e-07 9.906291641799631e-08 5.569325993615504e-06 4.881732591539545e-08 7.858954063636287e-06 1.0841113198218326e-07 0.0 6.657243884962288e-08 0.0 0.0 6.220627356278673e-07 0.0 5.869178041509078e-07 0.0 9.902856432291663e-08 0.0 0.0 0.0 8.53418059479847e-08 4.801887696450825e-07 2.8363557587741634e-07 0.0 0.0 0.0 7.648606765086071e-07 1.2841041065679292e-07 0.0 0.0 0.0 1.2718212714892803e-05 3.155276338818768e-07 0.0 0.0 0.0 0.0 0.0 0.0 0.0 0.0 5.9138197481371356e-06 5.514239686502823e-07 0.0 0.0 0.0 1.4596264078647452e-05 5.023820690249063e-06 8.883863024804488e-06 1.3271828862179428e-07 3.534112736926497e-07 6.57887505645902e-08 0.0 0.0 0.0 0.0 0.0 0.0 0.0 9.614387125352487e-08 0.0 0.0 4.549175878897811e-06 8.860967267864825e-07 1.3534775208132016e-06 0.00020119986317553853 4.4066805297223375e-06 0.00020526665032325836 5.5529303695114565e-05 6.774894563280888e-05 1.1394826765899592e-05 3.4474607439391364e-07 1.0861882769727846e-05 2.721970034337039e-06 0.0 2.3425619025490407e-06 7.58906196676362e-07 3.056430798973441e-06 1.1015960772559588e-07 3.2209218234107404e-07 9.655434689579784e-07 2.9619605927526446e-06 7.450227305504614e-08 5.9324102999786126e-05 7.4273433921031626e-06
7.861073574289442e-05 5.899824729105554e-05 5.887423325234785e-06 0.00027752594115939 8.000835450791785e-06 0.0 4.4069124044193734e-05 5.520032246303569e-07 4.115007030336706e-06 0.0003106385056949982 1.36707293419799e-06 0.00011575961832752239 2.7805771274251604e-05 1.1451058683489252e-06 0.0 1.862973547783177e-07 0.0 0.0 0.0 0.0 0.0 7.68019521233534e-07 0.0 0.0 0.0 0.0 0.0 0.0 1.4396160254354897e-07 0.0 1.0177886695556027e-05 1.9807653337888952e-07 6.104028831057542e-06 1.3522901370684298e-07 0.0 0.0 1.2465177228414953e-05 2.4426990687229516e-07 1.8908497206308124e-06 3.0603191667573955e-07 0.0 0.0 0.0 0.0 0.0 0.0 1.4895744033297388e-07 0.0 0.0 0.0 7.32880789625184e-08 2.587409988008936e-06 3.71368706931424e-07 0.0 5.019364618310485e-08 4.6514713383534123e-07 2.636320302618662e-05 1.4734909562234307e-06 1.7211913507464189e-06 9.357177758195372e-07 3.5211104378228217e-07 1.0827587099675747e-06 1.1822820385856232e-07 2.871857863359271e-07 0.0 5.115204707670667e-08 0.0 0.0 0.0 0.0 6.529512831326032e-05 7.940648930673798e-05 9.054499087519942e-06 1.97718276655061e-06 3.2361204084664793e-07 1.228178802430175e-07 0.0 0.0 0.0 6.116896086599036e-07 0.0 1.7840974580099716e-06 1.4029797027292124e-07 1.8599644956177723e-06 6.742638712622241e-08 8.947107830034475e-07 0.0 1.9845687275894703e-06 3.4862964875373137e-06 4.7397928151572184e-06 9.45994268072571e-07 1.3026451636992302e-06 0.0 1.4764203746937872e-07 2.3440638265538888e-07 0.0001141480002457356 0.00016552608296455234 7.276171027317261e-06 1.1351102355891954e-05 0.00011504512267650099 0.0 1.4580206582308623e-06 0.0 2.3180522272402033e-07 0.0 2.8503156769812336e-06 9.737521416706778e-08 4.230329432790278e-07 6.055591560199496e-07 0.0 3.9598517244887865e-07 1.634660157959351e-07 7.067592651630458e-07 3.292367413440289e-07 9.214030337644443e-07 1.0403611340743717e-07 0.0 0.0 0.0 0.0 0.0 0.0 0.0 6.350695387766174e-08 0.0 0.0 0.0 0.0 0.0 0.0 0.0 0.0 5.278980421294795e-08 0.0 0.0 0.0 0.0 0.0 0.0 0.0 6.395162914647645e-08 2.162886629765973e-07 1.8754361393785582e-07 1.0201452061642514e-07 0.0 0.0 0.0 0.0 0.0 0.0 0.0 0.0 0.0 0.0 0.0 0.0 6.23125923635774e-08 0.0 0.0 0.0 0.0 0.0 0.0 0.0 0.0 8.866111603009106e-08 0.0 0.0 0.0 0.0 7.945112953146516e-08 0.0 9.676390867799635e-08 4.9210893107970686e-08 0.0 0.0 0.0 2.253418091353237e-07 0.0 0.0 0.0 0.0 0.0 2.7763709409186124e-07 5.007520302194481e-08 0.0 7.865261445901819e-08 0.0 0.0 0.0 0.0 0.0 0.0 0.0 6.36399048869476e-08 0.0 0.0 0.0 7.485232059274746e-08 9.016108750417237e-08 1.3379186315989813e-06 7.932036442315704e-08 2.7316967491571687e-06 9.552289256920178e-08 6.910011254738261e-05 6.574316441649668e-07 3.0011482275131915e-07 0.0 3.1457305637023414e-07 0.0 0.0 0.0 1.589345170493154e-06 0.0 0.0 0.0 0.0 0.0 1.590601806848081e-05 1.035893284719138e-06
0.00013652847932587957 0.0003990323885978387 4.338038481188385e-05 0.00019379783183998313 0.0005070392335773616 4.4069124044193734e-05 0.0 7.717567146729456e-05 0.000615438439781667 0.0003936780186727307 0.0003657779519632094 0.000557364613712985 0.001353122389048743 0.0002626239711277987 8.939596973148119e-06 9.346513322971848e-06 2.92578217351665e-07 1.9622281155975672e-07 0.0 0.0 5.334876087415739e-08 7.155021767420909e-08 5.4069478097217736e-08 2.2303566415636645e-07 0.0 1.3249621741837804e-07 4.3320844068368815e-07 7.25006256380794e-08 0.0 0.0 6.420078406362487e-05 1.0039142041297952e-05 9.417317631108705e-06 0.0 0.0 0.0 5.506856113619124e-06 2.96347636339002e-07 8.038793901313242e-07 3.269232257559031e-07 6.914734463223826e-08 2.6882193498495084e-07 6.779875263511568e-08 5.322527691643671e-07 4.821445675945674e-08 2.0239259485929482e-07 4.731460073116519e-05 2.3938442713306546e-06 2.9199896915059704e-07 2.504019036451464e-07 9.829017708536956e-08 0.0 4.5023379718867714e-08 0.0 5.936439342547945e-07 6.337806545480151e-07 1.0682485538103835e-05 3.341375625297786e-05 6.774258715413565e-06 1.4725214900812676e-05 6.482046605359627e-07 1.3429342941878425e-06 0.0 1.733096032345988e-05 1.700697556704902e-06 1.8492958402829333e-06 9.94245476750779e-07 7.288397510491025e-07 2.4031788347374894e-07 0.0 1.1714470933620854e-05 6.998505034214256e-08 0.0 4.3253187936048736e-05 3.452247946426101e-05 2.4896426216506733e-05 5.972373816012733e-06 4.056462402286149e-06 1.8425138024554653e-06 5.578245811483104e-06 4.410282836190981e-07 3.563022864273591e-06 4.311961655873062e-06 0.0 2.197653330362732e-06 1.318444766507233e-06 1.1166424232544613e-06 0.0 5.980936818606504e-07 0.0 3.099691638504171e-07 6.26374048024476e-08 1.9019088004393838e-07 4.810891702622092e-07 5.6549266071276404e-08 5.775499945126335e-05 1.2231278075913473e-06 0.0 1.6508713052451937e-06 5.42280721636903e-05 9.518965429885842e-07 1.2932572557516322e-05 1.725474561869053e-05 1.2044967399585603e-05 7.301528661067281e-06 0.00012278649733658167 5.700164846910399e-06 5.695663776527712e-05 4.441566434656095e-05 1.2251602906032626e-05 3.031129966365963e-05 3.528909084130904e-05 6.344467989639961e-05 2.2471583053312203e-05 1.8954611541200524e-05 2.553971346720223e-07 0.0 0.0 0.0 0.0 0.0 0.0 0.0 0.0 0.0 0.0 0.0 0.0 8.897412771528462e-08 0.0 7.313504255706058e-08 3.428160171787173e-07 0.0 0.0 2.136794373817815e-06 4.132546944820234e-06 2.564438661905402e-07 3.581059277770822e-07 0.0 1.4401076971863736e-05 2.9892959768100084e-07 1.3754248623816478e-05 3.9803976378774575e-07 0.0 0.0 0.0 1.6497855814538976e-07 0.0 6.110760472587915e-08 0.0 0.0 3.178602158162526e-07 3.610645953139015e-07 0.0 0.0 0.0 0.0 5.549714759038471e-07 0.0 1.9322771882248217e-07 0.0 1.0430226629898582e-06 7.851090312095653e-07 1.8309124908508163e-06 0.0 4.3777720320772177e-07 2.70918285433819e-05 7.851156161390227e-07 5.65641161957119e-08 5.652723203384136e-08 0.0 0.0 0.0 0.0 0.0 9.636253525185854e-08 1.80263253230696e-05 9.787094072537046e-07 3.649443050630228e-07 7.419266857493514e-08 1.1430346921670534e-07 3.719492416635709e-05 4.758919238678623e-06 1.6883459695952007e-05 1.0618290542722172e-06 1.254195683689639e-06 1.1779209716599998e-07 3.3962142791645064e-07 3.8136921168326186e-07 0.0 0.0 1.3487362199130658e-07 2.1792008411160617e-07 0.0 4.770748331277854e-08 0.0 0.0 1.394821612231877e-05 4.7694887427897564e-06 1.0286075456843025e-05 0.00021873307889162105 3.940366634289883e-06 0.00017913834769334812 5.446478698224221e-05 0.00014356811025503249 1.0493360086421829e-05 1.053875999730786e-06 1.2859531913209667e-05 6.961361092403715e-06 0.0 7.03282138086706e-06 2.0729681733808183e-06 1.5128304480919684e-05 1.1335880216002903e-07 0.0 6.083133718042938e-08 3.4822078920017056e-06 0.0 0.000223606856024906 2.774079721131509e-05
4.734565052885113e-05 0.0004888832790365915 0.002749442922635425 5.631283482086805e-08 0.00028355803805300844 5.520032246303569e-07 7.717567146729456e-05 0.0 0.00044097126714586415 2.076678958102607e-06 0.001189647473360867 9.957038160682539e-05 0.0004947637465682081 0.0008096503583451118 2.4012842762430104e-05 2.1114649770854436e-05 5.237401200831491e-07 2.2585836009546706e-06 4.166110462508928e-07 5.625369717577396e-06 2.974656724530469e-05 0.0 1.8493357197514636e-05 2.6338146494462022e-05 1.833505206670045e-06 3.333774079969478e-06 7.5117064122696025e-06 1.6025947019985103e-07 5.290225831658948e-07 7.83078237797979e-06 0.00016543362141463385 0.0009309963550431356 0.00014619000651043448 6.476225741641771e-06 8.678839359731766e-06 9.303038825233814e-07 6.144057489663443e-05 8.364689924747798e-06 9.64011019740563e-06 6.423489468665754e-06 2.8766512699932987e-05 1.9455780253931956e-05 2.122257603343845e-06 2.9006161635475515e-05 2.404524112877614e-06 1.891794132147108e-05 7.020761856187647e-05 1.0039269994295211e-06 1.2644763493799495e-06 9.784937027785985e-06 7.342995949398315e-06 4.972335464411417e-07 6.874801708495139e-08 3.1806457811014696e-07 3.745506980917927e-07 4.357162680886152e-07 6.45377719592722e-06 2.532838936262776e-05 4.286982334682818e-06 7.381551800433762e-06 6.565271058162063e-05 4.019018520244892e-05 3.449109706735016e-06 2.6112423276722124e-05 1.5838898111999828e-06 1.826315961161161e-06 1.9724972878049788e-06 5.6254392463423e-06 3.751960654022961e-05 1.5501740898485344e-05 2.378639648209653e-05 4.867579466134673e-07 9.984465995126947e-08 2.132551526017948e-05 2.426868158912174e-05 2.3243223441725172e-05 1.02293768143891e-05 0.00015950872703645309 0.0009572458427669382 0.0008399073445498977 0.00022501802579296304 0.00030311472736064567 1.7337366993081737e-06 0.0 1.7661120553513926e-06 1.7821352034846453e-06 6.627085522587865e-06 4.517675062162822e-08 9.875204784924165e-08 1.1385968464419648e-07 6.183398273236099e-07 1.3934702555756526e-07 5.307484695285599e-05 1.6916658086497855e-05 1.9966060486490936e-06 1.4604383390016804e-05 8.338492827232286e-07 0.0 3.972270975346456e-06 1.0436146975447945e-05 8.289911994799356e-08 0.0 2.19883267450373e-06 0.0 1.7156565639018862e-06 1.6135188642648164e-05 8.086936231119447e-07 7.928690986990942e-06 3.609234075030135e-06 1.1305119532892538e-06 2.5586035198201266e-06 3.2983911108771574e-06 6.9810073752969536e-06 5.079686348850354e-06 3.8036944669763636e-06 1.0338453210942671e-07 2.2807858827539212e-07 0.0 0.0 0.0 0.0 0.0 6.169666225482194e-08 2.8839725777599146e-07 0.0 8.095056192035883e-07 0.0 1.0138863493446248e-06 0.0 2.4163907780808386e-07 5.645937264384639e-07 1.8580512254997644e-07 0.0 6.954065589548197e-07 1.1799543807627028e-06 3.839345492872205e-07 6.594399620804685e-08 7.285484894675871e-07 1.5658138842365022e-07 3.37260391541181e-06 6.701570378446152e-07 5.669141435616339e-06 9.626162675046276e-07 5.731926991607822e-07 6.328156570564448e-07 5.646370944027007e-07 1.494161644884991e-07 5.0178597693989906e-08 0.0 2.0392242994139497e-07 1.5373144417869704e-07 7.26659217586291e-08 1.2897918831438777e-07 0.0 2.103351399622181e-07 7.228744972921101e-08 1.1543173989804484e-06 1.1424062222989526e-06 0.0 0.0 0.0 0.0 0.0 0.0 3.8614425791592814e-07 4.6130043430258555e-07 7.356064510083941e-06 3.7344574459509916e-07 0.0 0.0 8.610709688137255e-08 1.529328124211445e-07 5.712725018370067e-08 1.299648662961682e-07 1.6511373395068846e-07 2.393462154836439e-07 3.6229411871769817e-06 5.29623597028655e-07 0.0 0.0 4.945164831944111e-07 5.113729504554995e-06 7.948541083758078e-07 4.922269137236502e-06 2.0347466640678622e-07 2.9666068302972726e-07 0.0 6.305432846365428e-08 1.9097783551192698e-07 0.0 0.0 0.0 0.0 1.3005333694321095e-07 5.691643520346831e-08 2.1378593082128014e-07 5.768940012729915e-08 1.7183687769377285e-06 7.21917862233106e-07 2.338157424874642e-06 0.00018128059716975183 6.210819296381946e-06 0.00015721501478159372 5.6620827844665564e-05 2.8342438583235973e-05 9.686525607096924e-06 6.654498595588519e-07 6.426753575024418e-06 2.3572381545087053e-06 7.212976925655148e-08 3.2530287103630648e-06 2.8741082523052836e-07 3.758073336688188e-06 3.582949654271118e-07 0.0 1.469973600401145e-07 3.5335844373320243e-06 9.628806681748412e-08 1.2162949728479213e-05 4.642786162564603e-06
7.441079115437896e-06 0.00017430728763922292 5.316343372491585e-05 2.407567493801077e-05 0.0004035880556108168 4.115007030336706e-06 0.000615438439781667 0.00044097126714586415 0.0 6.035657514722105e-05 0.0009664859393203049 8.625473505656492e-05 0.0008035004783663068 0.000380697436238561 1.0407257983662972e-05 1.0941257548305232e-05 1.5727009892225293e-07 0.0 7.279566781701531e-08 7.368929680851551e-08 7.133040627233737e-08 0.0 1.3366082034103868e-07 2.787623469074204e-07 1.211952104909263e-07 1.690665196919244e-07 7.420187891926807e-08 0.0 0.0 2.619577236166372e-07 1.4297050706679214e-05 6.971864926137435e-06 6.0518522693064176e-06 0.0 2.0854014186721496e-07 0.0 7.642807371427635e-06 1.4411798781153665e-07 3.943536385182677e-07 1.7837080331386444e-07 1.6390055112907574e-07 2.123542240234604e-07 0.0 9.116722971976759e-07 0.0 6.094957030839939e-08 2.956175727945657e-05 2.7379714673721454e-07 6.06876472519276e-08 0.0 2.087077678003725e-07 0.0 0.0 0.0 3.289404817504915e-07 2.3662240783781136e-07 2.4923613309352935e-06 6.305860042205428e-06 3.487011207145948e-06 4.4533869015033724e-06 4.693296064278836e-07 1.2890685055004104e-06 7.58389009393443e-08 4.8545362727909985e-06 5.980866457487844e-07 3.77959035019945e-07 1.8621402994443054e-07 4.157558572226707e-07 2.456849665950537e-07 0.0 1.649869268011612e-05 0.0 0.0 1.115936049353528e-05 8.383320335443443e-06 1.2880140844334353e-05 5.476020526449993e-06 5.029500415552727e-06 2.940742261995612e-06 1.560877692761442e-05 1.124563128795126e-07 6.1064460485884895e-06 1.174363736758134e-06 0.0 9.081242454136182e-07 5.249370447800527e-07 2.820135595619164e-07 0.0 1.391040210462098e-07 0.0 1.842581347573576e-07 0.0 2.7119616572300785e-07 3.945224001864528e-07 1.4319393512351102e-07 3.8215451520131585e-05 1.1811056971413427e-06 0.0 1.2351715463317768e-06 5.047077929866774e-06 4.95248701679377e-07 3.080011225217551e-06 8.83805389925323e-06 1.3831368171015971e-06 2.657309325362031e-06 7.905993170385913e-05 1.7109726759631945e-06 3.929278519337542e-05 2.124345279966495e-05 9.217359682645626e-06 1.7790090282555755e-05 1.7326344824661568e-05 4.3859849280128375e-05 2.199470117845399e-05 1.3474264202682403e-05 6.067718448746155e-08 8.670609131390562e-07 0.0 0.0 0.0 0.0 0.0 2.577163094877681e-07 0.0 0.0 0.0 0.0 5.967357900606141e-07 0.0 0.0 6.075083534819627e-07 0.0 0.0 0.0 3.948436533406528e-06 2.549030914908426e-06 0.0 2.5681342347789277e-07 0.0 1.5182500282312189e-05 2.594371736456996e-07 1.8082507178859465e-05 4.7097372679188195e-07 2.3424378973978486e-07 0.0 0.0 2.4483978136988236e-07 3.8196800852901617e-07 0.0 3.0210144112668847e-07 0.0 4.964107686457433e-07 1.3394326830758013e-07 0.0 0.0 0.0 1.5595642688772373e-07 0.0 0.0 0.0 0.0 0.0 9.49872550373901e-07 0.0 6.403383847075436e-07 3.451860005789316e-07 2.4155561621925298e-05 7.228214716906358e-07 0.0 0.0 2.761221402502248e-07 0.0 1.7034197346487602e-07 0.0 0.0 0.0 1.5370168605401376e-05 2.187460326302733e-06 9.853731224946219e-08 0.0 0.0 3.074345168018203e-05 4.782754582983368e-06 1.820746770102201e-05 4.2631571925458036e-07 8.693345418685949e-07 5.995794527573839e-08 0.0 1.7693997165433647e-07 0.0 0.0 0.0 0.0 0.0 0.0 0.0 0.0 1.1356587746041792e-05 3.495463759508294e-06 9.896577132241545e-06 0.00016677260681647346 2.4318983452961255e-06 9.293299775631175e-05 4.201584465431111e-05 4.1242889761509854e-05 1.1362774335886038e-05 1.8199868560184781e-06 6.653653803203204e-06 3.1831196803672e-06 1.9873317881048164e-07 2.1822511764718166e-06 1.3344562266824114e-06 7.184773754467665e-06 3.197082278442195e-07 0.0 2.8726629127976296e-07 3.3887438342197096e-06 7.648797350758501e-08 7.940338433941581e-05 2.0284705086813355e-05
0.000516901136446947 0.0002509997687253272 2.4841916310478545e-06 0.0006527426187911096 0.000126825114428347 0.0003106385056949982 0.0003936780186727307 2.076678958102607e-06 6.035657514722105e-05 0.0 6.828413365858838e-06 0.0006001393627825802 0.0004866606674622581 2.3407988256094178e-05 6.28086713108989e-07 9.914524009367766e-07 6.268480618183342e-08 0.0 0.0 0.0 0.0 0.0 0.0 0.0 0.0 0.0 8.295419531782233e-08 9.970787389151393e-08 0.0 0.0 2.891300602310158e-05 8.11799267207739e-07 3.163650527020016e-05 0.0 0.0 0.0 2.662002216334518e-05 1.409689640829949e-07 3.135693443164376e-06 1.70647987933239e-07 0.0 5.143945027073129e-08 0.0 6.542904927915474e-08 0.0 0.0 5.59368426611036e-06 8.655452864133114e-07 5.1915268794222446e-08 0.0 1.3355323667370366e-07 1.3035287538821479e-07 0.0 0.0 4.4568614300024103e-07 2.567039806278756e-07 1.675142222213667e-05 2.6199696271730827e-05 4.119631513888151e-06 6.17630029881679e-06 0.0 2.74558706858827e-06 0.0 5.705734164767175e-06 1.3160021466288016e-06 6.431824674706933e-07 3.9845174777948335e-07 1.2586302700107784e-07 0.0 1.5750855660399467e-07 0.00012044980627009173 0.0 2.4866075961586697e-07 3.285697270016906e-05 1.2251988830350782e-05 5.167411113582292e-06 4.2069507939887326e-07 6.764633232701522e-07 0.0 3.2439692398716165e-06 1.994498703973999e-07 6.229359357800345e-06 2.9801507388764628e-06 0.0 7.296264614783695e-07 9.225090374270881e-07 1.759996063885522e-07 0.0 5.161097348641488e-08 0.0 1.2845351413479026e-07 0.0 1.1570421556651391e-07 0.0 0.0 0.00015981668925927223 3.321120258599883e-05 0.0 4.463469976525415e-06 0.00026687193891451706 8.852323701984663e-07 1.0814445256854319e-05 1.9128692494398197e-05 6.856876064168629e-06 3.610071839082592e-06 0.00010900654501821863 2.6203801697148157e-06 5.4090877321004384e-05 4.482141193558276e-05 1.273036845966607e-05 2.159731169298058e-05 2.424993187179516e-05 4.810993955724855e-05 1.9470533000757335e-05 6.789625482601463e-06 0.0 0.0 0.0 0.0 0.0 0.0 0.0 0.0 0.0 0.0 0.0 0.0 0.0 0.0 0.0 0.0 0.0 0.0 0.0 1.5565316035359696e-06 2.0869074577717204e-06 0.0 2.2464082725311868e-07 0.0 5.036629891061035e-06 3.1487852241860094e-07 4.145579348681147e-06 1.8032970508715754e-07 5.976963496286691e-08 0.0 0.0 0.0 0.0 0.0 0.0 0.0 0.0 0.0 0.0 0.0 0.0 0.0 0.0 9.058320754208047e-08 0.0 0.0 9.462560277698953e-07 5.059714794556828e-07 2.6009363938222913e-06 0.0 0.0 8.417156425649243e-06 0.0 0.0 0.0 0.0 0.0 2.539569643145453e-07 0.0 0.0 0.0 7.167764453833205e-06 5.101609025910136e-07 1.7406981365959515e-07 0.0 1.0642792470140004e-07 1.5837250802242944e-05 6.336652724261244e-07 6.4705829432845175e-06 3.5985764347692616e-07 3.973097039772328e-07 0.0 7.230349782073034e-08 3.3262800724123636e-07 0.0 0.0 7.906853462831699e-08 0.0 0.0 0.0 0.0 0.0 7.2396740110690215e-06 9.515066163713028e-07 1.3084564786859484e-06 3.6202735237365446e-05 6.257384409174179e-07 3.3380615987172595e-05 6.203808380719903e-06 0.00030518187080803166 2.2146319233669125e-06 7.660363956323248e-08 3.297835744227696e-07 1.7754420680391108e-06 0.0 2.5092582326970644e-06 1.2279780651535604e-07 2.4744916215588857e-05 0.0 0.0 0.0 7.700077732003815e-07 0.0 0.0006413594144334817 5.095332036614054e-05
4.254610193703208e-05 0.0008524402233750393 0.001213653073968872 5.569680591872323e-06 0.0012017683356430164 1.36707293419799e-06 0.0003657779519632094 0.001189647473360867 0.0009664859393203049 6.828413365858838e-06 0.0 0.00011897562343731381 0.0011514422602119643 0.0009016381680924247 1.0034893427698067e-05 1.1805542946738678e-05 4.40646326594527e-08 0.0 0.0 2.1593186715029054e-07 2.6238386151168035e-07 0.0 5.383959015857935e-07 1.1978435648832297e-06 3.5542036950885526e-07 1.5055311304113978e-07 6.892074604672588e-07 1.7437878804013608e-07 6.63826232988895e-08 6.311170875326843e-07 4.660296603557316e-05 1.8245034179047338e-05 0.00014642407533474794 0.0 1.6465408798282925e-07 2.285970941000041e-07 5.3702472094692916e-05 4.113639414777872e-06 5.531751787146687e-06 2.2163758017171657e-06 2.464016231764402e-07 8.933437936546804e-07 1.1470934279841464e-07 9.791035850983323e-07 0.0 0.0 3.4951710109695835e-05 1.184786326542348e-06 2.971444011348655e-07 1.0785100458041465e-07 2.1270056486430818e-07 0.0 0.0 3.7273349482119966e-07 3.8167417598567467e-07 3.799410871181831e-07 4.227221194395637e-06 1.4096891935370441e-05 3.94091249110324e-06 7.379878781058622e-06 9.977535988917108e-07 8.080866812568711e-06 0.0 1.2147155147020254e-05 7.741403823578103e-07 9.312908440413228e-07 4.3860422834096296e-07 2.272279888613224e-07 7.757756035377577e-07 6.693493279858495e-08 1.864972642518984e-05 0.0 0.0 1.5906758303232527e-05 1.7261394911652397e-05 1.5008229774160518e-05 5.01062339866547e-06 5.723732251096728e-06 2.2068294186713394e-05 0.0008343289791517389 2.21931788441098e-06 4.5813884098220655e-05 1.6661813906983112e-06 0.0 1.6900135339416599e-06 5.114956129500769e-07 6.400358941293685e-07 0.0 1.530280624728208e-07 0.0 0.0 1.1841898011666488e-07 1.383852758014336e-07 4.6394664635321446e-07 1.0667123259402992e-07 1.5001173491329432e-05 8.000185444742699e-07 0.0 3.8013181553539236e-06 5.864786025803956e-06 1.6047114476036107e-07 3.879619823799928e-07 3.512712416299811e-06 2.2405593927194826e-07 1.4863560103059353e-06 1.7413324383856284e-05 0.0 9.0937329412508e-06 3.132391200223711e-06 1.1478965093337244e-06 5.428985588859188e-06 6.2658966187414975e-06 7.916957556730758e-06 3.979192000692671e-06 3.498735197581089e-06 0.0 1.4905344494833287e-07 0.0 0.0 0.0 0.0 0.0 0.0 0.0 0.0 0.0 0.0 1.2691779034436244e-07 0.0 0.0 4.187696273558434e-07 0.0 0.0 0.0 3.1554012696717977e-07 1.399777264448844e-06 0.0 0.0 0.0 2.4425880117289743e-06 6.650959225176315e-08 3.705451675712366e-06 2.1436527237043253e-07 4.755645389113647e-07 0.0 0.0 0.0 0.0 1.4642462286793732e-07 0.0 9.265519274068447e-08 0.0 5.1815390233358506e-08 0.0 0.0 1.6931033710951528e-07 0.0 6.881722691056817e-08 0.0 0.0 0.0 3.1652918881702173e-07 0.0 0.0 6.690667166601601e-08 7.694305319831295e-08 8.635994502602388e-06 1.2053460943425537e-07 1.9356590337445057e-07 0.0 0.0 0.0 0.0 0.0 0.0 0.0 3.861632962577529e-06 1.0766294786317254e-06 0.0 0.0 0.0 7.84999270976061e-06 1.5652256512823058e-06 4.7617527186551805e-06 3.22983718779681e-07 0.0 0.0 0.0 0.0 0.0 0.0 0.0 0.0 0.0 0.0 0.0 0.0 4.237052953037304e-06 1.6762483398387636e-06 1.6376582572828452e-06 0.0001428759893930704 2.4473027239830542e-06 9.666211240520142e-05 3.684554275280741e-05 2.16528711115223e-05 7.085586125008836e-06 1.3341745021635246e-07 4.986886637716918e-06 2.581343467138323e-06 0.0 1.278987589152821e-06 1.5661040023039835e-07 1.4267545419172156e-06 2.56418421058519e-07 0.0 0.0 2.8305431019087315e-06 0.0 1.747508449169251e-05 4.234262817687961e-06
