0.0 0.0008577694446348404 0.00041463550063061043 0.0006958369932996034 1.5826994053057994e-05 1.607272055236898e-05 0.0002532648403068013 4.438535830927183e-06 2.0637583107634573e-06 0.00078588072048461 3.668227149606534e-05 0.0001546788937899111 0.00016579257688640518 3.0163235782191998e-05 6.423858038730615e-07 6.749160762806668e-07 0.0 0.0 0.0 0.0 0.0 9.01717519941953e-08 0.0 3.366189996403761e-07 1.3508169219694573e-07 0.0 1.3761739939684862e-07 0.0 6.879465936772874e-08 0.0 0.0004451635110578331 2.470910831407036e-06 3.123017137142242e-06 0.0 2.5124232728497464e-07 1.5310468310493074e-07 2.771235489109907e-07 0.0 1.304654677416486e-07 6.927209876832359e-08 0.0 5.8976935409862344e-08 0.0 1.7467434939334872e-07 0.0 1.2415669429508888e-07 8.844705916525796e-06 1.093741662736804e-06 1.4118988354050192e-07 0.0 1.3739541979957314e-07 1.711290182193335e-07 0.0 0.0 8.303221240756789e-07 7.547849215301352e-07 6.651545733586397e-05 0.0003434324076614638 3.543870427740921e-05 6.741881631359381e-06 4.373128321823327e-08 2.545301198688442e-07 1.2542894591124934e-07 8.871610351863482e-06 1.1401037888908426e-06 5.825330782238319e-07 6.894797652253712e-07 0.0 5.843289910088727e-08 8.282519818219311e-08 1.8044057916803157e-06 0.0 5.357363076577428e-08 9.276467829184317e-05 9.421440841776444e-06 3.971185339415345e-06 1.1590648768455296e-06 2.4689246774421666e-07 9.866545534958246e-08 7.059190473464121e-06 0.0 1.4172488526775112e-07 7.629518770827498e-06 0.0 6.17948506061986e-07 9.251580905875327e-07 1.7718400170772944e-07 4.616085490859007e-08 2.148797829643814e-07 0.0 1.7283733797039846e-07 0.0 0.0 0.0 0.0 5.654089596619799e-06 8.820989370836412e-07 0.0 0.0 0.00037401478580087385 0.0 0.0 0.0 3.425070667701629e-07 0.0 0.0 0.0 1.2683089640748418e-07 0.0 6.309676526082616e-08 0.0 5.584588183809605e-07 0.0 6.727035200900825e-08 0.0 0.0 0.0 0.0 0.0 0.0 0.0 0.0 0.0 0.0 0.0 0.0 0.0 0.0 0.0 0.0 0.0 0.0 0.0 0.0 0.0 0.0 0.0 0.0 0.0 0.0 0.0 2.7353381727372406e-07 0.0 0.0 0.0 0.0 0.0 0.0 0.0 0.0 0.0 0.0 0.0 0.0 0.0 0.0 1.1273692619609088e-07 0.0 0.0 0.0 0.0 0.0 0.0 0.0 0.0 0.0 0.0 0.0 0.0 0.0 0.0 0.0 0.0 0.0 0.0 0.0 0.0 0.0 0.0 0.0 0.0 2.952733344558884e-07 0.0 0.0 0.0 0.0 0.0 0.0 0.0 0.0 0.0 0.0 0.0 0.0 0.0 0.0 0.0 1.6136894367755126e-07 1.3443081230349455e-07 3.1836022356723093e-07 1.421234859774571e-05 1.3941601574071227e-06 4.142139270394298e-05 5.637337297291232e-06 0.00022914833716799132 1.0141263590512995e-05 0.0 9.161414341381952e-07 7.432068399936016e-07 0.0 0.0 0.0 3.037802602586297e-07 0.0 0.0 0.0 2.501180103182062e-07 0.0 0.00010143247165494789 0.0
0.0008577694446348404 0.0 0.0006112566206850946 0.00036571369005716976 0.0007139170121042764 1.957384509391166e-05 0.0011825349478995317 1.4556481616598752e-05 0.0008897972484350497 0.0004691399374901953 0.0008798467044255368 9.572470369305664e-06 0.00034828527934610895 0.0007611134672989024 1.0953397613481123e-05 3.542970096268188e-06 2.778469137155814e-07 2.1533982341148486e-07 0.0 1.721527393215956e-07 0.0 0.0 2.3777078522894007e-07 8.451947381606554e-08 7.279114786699956e-08 0.0 1.9358493305169806e-07 0.0 1.0759362893816066e-07 6.956287901520505e-08 0.0007973660712825667 1.3909396641268178e-05 1.101379626111481e-05 1.8380843268614092e-07 4.84679962784203e-07 4.6363386300224126e-07 3.0169135099004228e-06 4.4448826283761286e-07 1.3553991626146161e-06 0.0 0.0 6.934900252140541e-08 0.0 7.70328669480756e-07 3.3598747253284325e-07 0.0 0.00010759602671084967 2.486075009543764e-06 1.3371432377736751e-07 7.495458561913119e-08 4.797346728113495e-07 0.0 0.0 0.0 2.1452335432660607e-06 1.6943467215661776e-06 6.42840364691102e-05 0.0001604093933804103 6.687583976370573e-05 4.288297287086462e-05 2.253796784265049e-07 2.226925567865116e-06 1.113714699574731e-07 2.4215517966660263e-05 3.3582594966049168e-06 1.995802254448537e-06 9.782399159832785e-07 3.5521500491850486e-07 1.1930122760291503e-07 0.0 7.959286293559265e-06 1.24424388270058e-07 5.2405439658830613e-08 0.00017358723914010418 4.669693454171289e-05 4.727242002899151e-05 2.7202992931924807e-05 3.3656535293021914e-06 1.0314267598719702e-06 2.1458169754252667e-05 1.7429334828360757e-07 2.0157463094387976e-06 2.6540372073197783e-05 0.0 1.5617094971385956e-06 2.6525100438064073e-06 1.3424359577742992e-06 6.220366315739762e-08 9.84881753488175e-07 0.0 2.222637322202751e-07 1.7568931232816232e-07 9.073151211041054e-07 0.0 6.461705514628131e-08 1.1466865063042395e-05 2.2689049676848595e-06 0.0 1.4532025651357707e-06 0.0002635747513552401 0.0 0.0 4.7310837508994094e-07 3.2634681274541555e-07 6.992161930936923e-07 1.5563144811363341e-06 1.4930590351477675e-06 1.3168316805353047e-06 1.0717648647231837e-06 1.3518276364546913e-06 6.17979142608819e-07 1.4387734217872387e-06 3.982551509649996e-06 1.994222989873064e-06 6.121873926019839e-07 0.0 0.0 0.0 0.0 0.0 0.0 0.0 0.0 0.0 0.0 0.0 0.0 5.8128892620154784e-08 0.0 0.0 0.0 0.0 0.0 0.0 0.0 2.869976878869352e-07 0.0 0.0 0.0 0.0 5.39276652015273e-07 1.6233321829227607e-06 1.0894115384181567e-06 0.0 0.0 0.0 0.0 0.0 0.0 0.0 0.0 0.0 0.0 0.0 0.0 0.0 0.0 0.0 0.0 0.0 0.0 0.0 0.0 0.0 0.0 3.419197356550462e-07 1.4470783909885828e-06 0.0 0.0 0.0 0.0 0.0 0.0 0.0 0.0 0.0 5.215912083780154e-07 0.0 0.0 0.0 0.0 6.657330790202572e-07 2.9343788306968213e-07 0.0 1.4146961478927937e-07 1.4533352288429582e-07 0.0 0.0 0.0 0.0 0.0 0.0 0.0 2.2088976772300762e-07 0.0 0.0 0.0 5.980337547716313e-07 6.083173200899307e-08 1.7307247488728052e-06 0.00010044972898067697 6.585348896250507e-06 0.00031410483308521675 5.452800401282352e-05 0.0002757866465474341 6.445808444860483e-05 9.174204370784199e-07 2.0979831045485876e-05 5.45938422397421e-06 3.343078089907061e-07 1.6945352361033975e-07 1.0392757098859732e-06 1.2981605852361333e-06 0.0 0.0 3.084201351738849e-07 5.525069427191483e-06 1.5530692563511914e-06 0.00018117886473580246 1.7913384846793157e-06
0.00041463550063061043 0.0006112566206850946 0.0 1.8387127547211872e-05 0.0002703159374298285 1.3963232013635716e-06 3.027136526481922e-05 0.0005604948878949022 0.0003231957771325216 3.257077315764648e-06 0.0024529171998415307 9.030372731623681e-07 4.3106948069414925e-06 0.0009606689783311658 1.7056353038277483e-05 1.4285831905895924e-05 1.1373266508588251e-06 3.297432096348436e-07 2.9806718987194613e-07 5.888297159476627e-07 7.550567087083087e-07 1.1357544443136704e-06 9.286781862739659e-06 4.304017546757616e-06 7.258272392880981e-06 1.3305211089854102e-07 3.4430929316021998e-06 0.0 4.85516146265459e-07 1.015902182955414e-06 0.0019429600439907757 0.00031462360420532785 0.00011992748357347984 4.684942335866168e-06 1.5303542148718597e-05 9.499894994967438e-06 6.19587076267309e-06 7.18037759237913e-06 6.9870064676642865e-06 2.838852563071756e-06 2.247856944362446e-07 4.038194415561717e-07 1.1900447567169162e-06 1.3389429029771944e-06 6.771247778173549e-07 1.146995478397074e-06 5.356611963944527e-05 1.0435867351139985e-06 3.768896026104384e-07 1.61450324963278e-06 6.319041517532496e-07 3.1888337583092057e-06 1.0784915349057786e-06 4.755760200071435e-07 5.68023149962843e-07 7.131634554807059e-07 3.489922050590394e-05 0.00010485917889585636 2.5877257777120538e-05 1.7141943871113962e-05 4.4268730189483695e-06 4.666572297366604e-05 1.3051972710701224e-06 3.256825027531175e-05 8.708836057415434e-07 7.045091743626059e-07 4.965989199222844e-07 3.065850889428524e-07 4.1879306499112176e-06 2.0804341645050754e-06 3.7060042504290126e-06 1.5844405804909113e-06 1.3496730212404565e-07 7.98711535699535e-05 4.031756987550942e-05 3.811266947058348e-05 2.0595961880134453e-05 8.797067525068825e-06 1.137699470484604e-05 0.0005332351616822578 6.786838679370702e-07 9.001521583609318e-05 9.028999691031666e-06 0.0 9.720851317947362e-07 1.2719815442654034e-06 1.0516814666451133e-06 6.48712048216555e-08 4.166786881226893e-07 0.0 3.1422390730854096e-07 1.7401125426073255e-07 5.729499913652503e-06 4.769284734152304e-07 3.546158750788877e-07 4.0227522706837925e-06 1.857281283284189e-06 5.27657740682113e-07 2.2081908897091383e-06 0.0001475533147146236 0.0 2.2126991308443775e-07 8.958968713903846e-07 3.814420094461176e-07 3.671057867327713e-07 5.37884675152008e-07 1.6314971047478625e-07 3.908437602084003e-07 5.000031965118682e-07 9.191276057344115e-08 2.6013109101328325e-07 4.0704636998804534e-07 1.1453930328872655e-06 5.431515258054606e-07 1.9660034397737282e-07 3.149832362611755e-07 2.208401191749816e-07 0.0 5.21132167566107e-08 0.0 0.0 1.1288283506961391e-07 0.0 2.78996588852433e-07 4.1474485597269315e-07 0.0 0.0 3.5827192721025713e-07 0.0 0.0 0.0 3.2905405583020827e-07 0.0 5.6835478272533234e-08 1.4397750638257771e-06 3.554079193651819e-07 5.256747522286946e-08 5.568897243362997e-07 0.0 3.3893301123027485e-07 9.008182609944811e-07 3.4689612223411267e-06 6.255861135059492e-06 1.0729337071076032e-06 0.0 0.0 7.607559318756416e-08 1.263747181872711e-07 4.869520805718321e-07 7.116227336577012e-07 8.368081775230032e-08 0.0 2.7987447681111104e-07 0.0 0.0 0.0 2.1156300171715175e-06 3.0042652204385554e-07 0.0 0.0 0.0 0.0 2.412810496546889e-07 0.0 4.960898822046306e-07 8.494185376449095e-07 2.7804860601949105e-06 1.6549919775462217e-07 0.0 4.194420811707734e-08 0.0 7.901953398328225e-08 0.0 6.464321226722122e-08 0.0 7.127454981607192e-08 1.2694286160773656e-06 4.778507126126995e-07 0.0 0.0 0.0 9.8547805481457e-07 7.896778582269669e-07 5.341968315922349e-07 1.9047766928297765e-07 6.121205533577987e-08 2.699181481323407e-07 1.450020150762057e-07 2.9478479304623224e-07 0.0 0.0 0.0 0.0 5.356804568277103e-08 0.0 0.0 0.0 6.210397529486023e-07 2.63528761301636e-06 5.2472259402556405e-06 4.6875401268487345e-05 1.9497723441775178e-06 0.0001059868581242442 2.2265149839906434e-05 6.816895416586449e-05 1.9274512967935658e-05 8.053575338451469e-08 1.3471953561163712e-05 4.578295993802809e-06 6.966060092852531e-08 3.1622535872109415e-07 7.891693430458925e-07 6.588990427166068e-07 6.490533630517487e-08 1.3394225574785055e-07 1.3299295824316716e-07 4.287756083455856e-06 1.3469012676071039e-06 5.698069682222411e-05 1.4316792758620132e-06
0.0006958369932996034 0.00036571369005716976 1.8387127547211872e-05 0.0 6.547255369994595e-06 0.00018761870653614843 0.00028818161380846563 2.3237054764738258e-07 6.731519019130725e-07 0.00036968808566443037 2.38164588106224e-06 0.00022017763631134948 0.0004954306019752659 9.317541391586106e-05 9.137329721683421e-07 1.5643857628918294e-07 2.594584046838893e-07 0.0 0.0 0.0 6.419976046326157e-08 0.0 0.0 0.0 0.0 0.0 0.0 0.0 0.0 0.0 0.00011399692164105426 4.179831666144026e-07 3.686963986823074e-06 0.0 0.0 0.0 1.3515467541108405e-06 0.0 1.2756411367714223e-07 1.2346434468702665e-07 0.0 0.0 0.0 0.0 0.0 0.0 1.2906619111810095e-05 1.1035264403846973e-06 1.8163956888387806e-07 0.0 2.503727734060865e-07 0.0 0.0 0.0 5.251165619941155e-07 4.598106143114883e-07 3.201454647164534e-05 6.207062981237797e-05 2.0645237473356744e-05 7.999351206441937e-06 0.0 5.01936975650907e-08 0.0 4.4116191159798835e-06 1.1051847367245375e-06 2.9876848697230444e-07 5.950552281127596e-07 5.978330780062039e-08 0.0 0.0 3.3827264994845757e-07 5.3887724474385134e-08 0.0 5.300045021385237e-05 4.917330695195209e-06 5.091331930385008e-06 2.408699451368853e-06 3.843963858274336e-07 0.0 1.0931410788823577e-06 0.0 2.157892351616459e-07 6.002135778320204e-06 0.0 2.8267680640734587e-07 7.328425730657784e-07 4.830636738415405e-08 0.0 2.0761795202166558e-07 0.0 5.200423380135717e-08 0.0 0.0 6.426892461657485e-08 0.0 3.1618939684494843e-06 0.0 0.0 0.0 0.00031312259934642805 0.0 0.0 4.5628462077740365e-07 4.2020977600977225e-06 2.140064766670145e-07 4.85767078175724e-06 2.569956367747601e-07 9.603977719561865e-07 2.2314121502377932e-06 9.722037362387428e-07 0.0 2.4883728982296437e-06 1.3815019738287217e-06 4.840151069305045e-07 4.790332053186284e-07 0.0 0.0 0.0 0.0 0.0 0.0 0.0 0.0 0.0 0.0 0.0 0.0 0.0 0.0 0.0 0.0 0.0 0.0 0.0 1.7212825961880516e-07 1.986009320686211e-07 0.0 0.0 0.0 0.0 0.0 3.303115552542463e-07 0.0 0.0 0.0 0.0 0.0 0.0 0.0 0.0 0.0 0.0 0.0 0.0 0.0 0.0 0.0 0.0 0.0 0.0 0.0 0.0 0.0 0.0 0.0 0.0 0.0 0.0 7.21652626399242e-08 0.0 0.0 0.0 0.0 0.0 0.0 0.0 3.6959203849599274e-07 0.0 0.0 0.0 0.0 8.122473679678723e-08 0.0 0.0 0.0 0.0 0.0 0.0 0.0 0.0 0.0 0.0 0.0 0.0 0.0 0.0 0.0 0.0 0.0 2.6963859484892004e-07 4.109711888468352e-05 1.1255683282809108e-06 4.7456277913327836e-05 7.610393579881437e-06 0.00031364270919389576 1.1420585137950677e-05 0.0 2.1474980501948177e-06 5.876673886098981e-06 0.0 9.534244077107152e-08 0.0 1.924795311518004e-06 0.0 0.0 0.0 5.220991025735899e-07 0.0 8.67753799101088e-05 3.7069747598896174e-07
1.5826994053057994e-05 0.0007139170121042764 0.0002703159374298285 6.547255369994595e-06 0.0 2.8855659852669527e-06 0.0005381773596130603 1.9587843099144315e-05 0.0016568650520659542 9.452352371591363e-06 0.0009476973591751885 3.36337313044573e-06 0.000394094809920836 0.0015651374764569415 8.237384513291012e-06 3.020261235158038e-06 5.184400742556167e-07 1.6022264988247727e-07 0.0 0.0 9.248362799981349e-08 0.0 5.894031619784588e-08 5.305153493473405e-07 0.0 0.0 7.547281316488594e-08 0.0 2.595830788825093e-07 8.515580220173266e-08 3.826582110246411e-05 1.2810016611943045e-05 4.621212846964772e-06 2.2605544317792026e-07 0.0 1.317204605047048e-07 1.705549284840556e-06 8.73004134910222e-08 1.3381603817307327e-06 1.3753489162827893e-07 0.0 1.2320428428991142e-07 0.0 3.2102140013011357e-07 1.9263079261741384e-07 4.855504178493656e-08 5.785608238351595e-05 1.5853202481031562e-06 2.4595007680997246e-07 1.031076940564623e-07 2.0005220168764709e-07 2.0567599404921187e-07 0.0 1.2442803845311904e-07 5.775901245195974e-07 3.752655627085165e-07 1.1325781243067999e-05 1.3394548831816288e-05 1.4375871796920287e-05 1.635635932589981e-05 1.2904713307310533e-07 2.383156833446213e-06 0.0 7.795966569371364e-06 1.0551918295197826e-06 6.378742874179597e-07 6.515073273554664e-07 6.120662928564859e-08 0.0 0.0 8.14644763521735e-06 2.3027537286228983e-07 0.0 3.6712567534587316e-05 1.6977232389679616e-05 3.0214833849824874e-05 1.2864870976078153e-05 2.111681212028355e-06 4.940638412808755e-07 5.261673751034148e-06 1.0830344565665949e-07 2.1739187794794546e-06 6.899410154582507e-06 0.0 9.77562269342878e-07 8.562425245856506e-07 1.088623023147021e-07 0.0 2.471626910991493e-07 0.0 3.7745676305629535e-07 0.0 1.5190220148159574e-07 0.0 0.0 3.117236733752171e-05 2.365135743359698e-06 0.0 6.388894131721423e-07 4.4337880484218085e-06 2.720373596000807e-07 9.833998473223161e-07 1.433417618747405e-06 2.4189288319157776e-07 7.404936142436256e-07 3.1050626439641067e-06 1.6782071039498154e-06 3.2055256440789154e-06 1.7755614998759832e-06 3.2726875508152374e-06 3.890173736958955e-07 2.7926466753549235e-06 7.77090083044777e-06 6.208342052334967e-06 3.4564897622868873e-06 0.0 2.7786644446685645e-07 0.0 0.0 0.0 0.0 0.0 0.0 0.0 0.0 0.0 0.0 0.0 0.0 0.0 0.0 0.0 0.0 0.0 6.693075624343008e-07 1.5202842208557062e-06 0.0 0.0 5.680726887024572e-08 3.6642332366824897e-07 2.101175337687545e-06 1.0644766229642323e-06 1.6223396739148688e-06 1.5237727659349417e-06 0.0 0.0 0.0 0.0 0.0 0.0 0.0 0.0 0.0 0.0 0.0 0.0 0.0 0.0 0.0 0.0 0.0 4.7558511517282064e-08 4.515336273226143e-08 0.0 3.2085751296906557e-07 2.173484994602212e-07 3.618902529579015e-06 0.0 0.0 0.0 0.0 0.0 0.0 0.0 7.1258358755108e-08 0.0 3.3431425436581667e-06 0.0 0.0 1.7815320861338305e-07 0.0 5.580654876798462e-06 1.625878594549545e-06 1.1986565192607493e-06 0.0 0.0 2.5805936979030705e-07 0.0 4.4168175294874373e-07 0.0 0.0 1.0731097830023373e-07 0.0 0.0 0.0 0.0 0.0 2.7830598860596227e-06 3.688671219849514e-06 2.633834381991913e-06 6.720365832533892e-05 2.1684294380516386e-06 0.00013535186301801962 3.291451322141891e-05 8.845422500092995e-05 3.504248410993781e-05 3.247682978963396e-07 2.9552759791549596e-05 1.3525589029211201e-05 0.0 2.0634898329836194e-07 9.421177839271199e-07 1.8149700727365996e-06 0.0 0.0 4.415685669818742e-07 3.895433423560176e-06 9.084039434484515e-07 5.9740956672821935e-05 5.755712946006364e-06
1.607272055236898e-05 1.957384509391166e-05 1.3963232013635716e-06 0.00018761870653614843 2.8855659852669527e-06 0.0 7.099761350186223e-05 7.75301699330275e-07 2.0838949848536335e-06 0.0004325123350281718 1.4882922974386548e-06 0.0002317495823142451 0.000151947946022524 3.832101166966353e-05 0.0 0.0 0.0 0.0 0.0 0.0 0.0 9.288205456852468e-07 0.0 1.2156765049912927e-07 0.0 0.0 7.863997552887959e-08 0.0 8.280223686468018e-08 0.0 8.53659675498703e-06 0.0 1.469270734583859e-05 1.9269894956253806e-07 0.0 3.516807568210662e-07 1.4196055282431594e-05 1.661026540456559e-06 7.841259703065593e-06 4.941378294313047e-07 0.0 8.966777682296542e-08 0.0 7.72245678224797e-08 0.0 0.0 2.5440983800668786e-07 0.0 0.0 0.0 2.0176579602896528e-07 8.301732730940245e-07 4.229775803268048e-06 1.6951512234274416e-07 0.0 1.1738505188820305e-07 6.85245856021447e-05 2.2188680269284078e-05 3.8351164165872574e-06 1.3482711464741606e-07 0.0 6.551870178300035e-06 0.0 0.0 0.0 0.0 1.5483334013112135e-07 7.562374293336643e-08 0.0 0.0 0.00013543683612931645 0.00015974343881403733 1.7098111041620487e-05 4.950258102976065e-06 0.0 0.0 0.0 0.0 0.0 2.834870493552876e-06 0.0 1.166146247130041e-07 1.2225342296198707e-07 9.070664050518564e-07 1.9698575635606216e-07 6.060465730141978e-07 6.098213545439737e-08 2.6223794941336915e-06 5.940790919176848e-07 2.7175376953226013e-06 5.496047541107142e-07 3.088754084213266e-07 0.0 2.85127908119368e-07 1.5470045302061398e-07 0.0001621786857476763 0.0001868457942905733 6.0247389469898085e-05 1.7144927339151358e-05 0.00024238619579565002 0.0 6.421779782013904e-07 2.108180243452622e-06 1.3039405289454749e-06 7.58861335407055e-07 3.031699466216171e-06 4.486110650886835e-06 2.9954002131921193e-06 1.65440391942369e-06 4.062161472102902e-06 1.0535439914845214e-06 3.159372275074798e-06 5.462896093874666e-06 1.7511040011036718e-06 1.4615396438312625e-06 1.4012469651012567e-07 0.0 5.9327379489206106e-08 6.455763743612085e-08 5.9345232822331694e-08 0.0 5.966025800919261e-08 6.335767761975545e-08 1.9043042894701273e-07 1.6435105993553287e-07 1.3791548758284622e-07 2.657430657178629e-07 2.3142372651170532e-07 0.0 4.624188139955247e-07 0.0 1.5253064107951443e-06 6.54688560342131e-07 8.06542961086213e-07 1.0806229123882234e-07 1.6291330432412612e-07 1.9572728758880463e-07 2.66422900953501e-07 1.4609420740283896e-07 0.0 1.438597993383483e-07 5.143380106483489e-07 1.2112832862739456e-06 1.064578971976827e-06 7.826839901005039e-08 2.851836605004796e-07 0.0 0.0 0.0 3.156169140989767e-07 0.0 4.28636604527903e-08 6.541847479902703e-08 0.0 6.685972913361679e-08 2.521735821316849e-07 2.5819271203774797e-06 9.95099395894552e-07 0.0 0.0 0.0 0.0 0.0 0.0 0.0 1.5299427264032653e-07 2.2878606636678866e-06 0.0 2.052912178020103e-07 0.0 7.111611521063386e-08 0.0 0.0 0.0 0.0 1.1280632359761633e-06 2.0277429162698604e-06 2.703251386212068e-06 7.331109902616654e-07 4.733585489435162e-07 4.844067291641942e-07 4.4928397860789446e-07 0.0 1.0267637797523176e-07 5.085481879684614e-07 0.0 0.0 2.230088012253909e-07 2.0379692221812614e-07 5.879322972377095e-08 1.227487649201679e-07 0.0 6.766738136034436e-08 3.8006027127060903e-07 3.9357042423605643e-07 2.0243829682000862e-07 1.3005688957461083e-07 1.4397766768734789e-06 9.388047278355909e-07 5.122292006877338e-07 5.8386424140910585e-05 0.0 1.7077876005699004e-06 2.986330932008152e-07 7.65079327702801e-05 1.043397103560178e-06 1.24240572775555e-07 1.5250162666797507e-07 3.8964864619937334e-05 1.6966435576059053e-07 1.1331356045732007e-07 1.8194899762824484e-07 8.79149712610077e-06 0.0 0.0 1.4120819503975866e-07 2.2477486505496377e-07 0.0 2.1332207858895516e-05 4.313356218267186e-06
0.0002532648403068013 0.0011825349478995317 3.027136526481922e-05 0.00028818161380846563 0.0005381773596130603 7.099761350186223e-05 0.0 3.3278731009061925e-06 0.0010401201284793485 0.00033558865369819394 5.3176648158743e-05 0.0003183598541300829 0.000684929101738326 0.0010025707728773235 1.1072309433951064e-05 4.3718495763648955e-06 1.6126876129851207e-06 1.1204654935294025e-07 0.0 0.0 0.0 0.0 1.5107061859413568e-07 0.0 1.4913124301260279e-07 0.0 0.0 5.947013421076868e-08 0.0 1.4258732810536463e-07 5.7220919511902415e-05 6.270996403291998e-06 7.381336148909534e-06 3.1665367589673923e-07 2.502201094220022e-07 9.450335304665383e-08 4.481518652439032e-06 0.0 2.651228655373103e-06 3.596221465851427e-07 0.0 0.0 1.0871094088556912e-07 4.658644201993324e-07 1.3212728173715712e-07 1.011061858464549e-07 6.924381469252972e-05 1.451379381999687e-06 2.2604826019320353e-07 1.3698051060963272e-07 4.020910079333012e-07 0.0 6.282536809183864e-08 0.0 6.221918779489813e-07 5.914831453377829e-07 1.953571680004074e-05 2.906631519623167e-05 1.8579116680055913e-05 2.147063957854022e-05 0.0 2.302628577325662e-06 0.0 1.0903835844392245e-05 1.1542892143631018e-06 7.663327678885125e-07 3.2307744146921426e-07 5.250780760391021e-08 0.0 0.0 2.3955286647072683e-05 0.0 0.0 5.4624096104261035e-05 2.0420374697202066e-05 3.228487834379408e-05 1.6914696726469525e-05 4.070550929410722e-06 1.9945238649208175e-07 5.462336404187295e-06 7.124010783980251e-08 8.710609425397624e-07 9.012822787779828e-06 0.0 7.479029481750814e-07 8.254099659511496e-07 6.5487081579989e-07 0.0 6.711688453027088e-07 0.0 2.7052039425894884e-07 0.0 1.8629140155650558e-07 0.0 0.0 5.025816522778626e-05 4.5641980099046474e-06 0.0 1.3802994732729018e-06 5.086788121926604e-05 1.7946802196987538e-06 2.597910454118673e-06 1.5976867222283244e-05 2.842300429056944e-05 3.084506967480786e-06 1.4248503225518706e-05 7.436536549641533e-06 1.616012770342256e-05 1.1806447424421352e-05 1.0364546954418822e-05 1.9732526276031235e-06 4.251078020946499e-05 1.4467824027937945e-05 8.752166467987925e-06 6.9179307252683695e-06 3.4969847265608073e-07 0.0 0.0 0.0 0.0 0.0 0.0 0.0 0.0 0.0 0.0 0.0 0.0 0.0 0.0 0.0 0.0 0.0 0.0 2.464788126420666e-06 2.4664318750392197e-06 0.0 0.0 0.0 1.8915569641804974e-06 8.852284540949447e-07 5.6004285659313915e-06 3.0355787702077916e-06 1.9008929965016928e-06 0.0 0.0 0.0 4.055557851711735e-07 0.0 0.0 0.0 4.439180959131765e-07 4.492410548784541e-07 5.208369722637804e-08 8.202412688716694e-08 0.0 3.6288393350795047e-07 8.826370588843787e-08 5.2361546586170665e-08 1.313698271005135e-07 0.0 1.2263651232479683e-06 8.925196833999909e-07 4.956745413540378e-07 0.0 1.1988850873627203e-06 4.919134237771607e-06 6.7588297342318e-07 1.2231917548154715e-07 5.751560128193961e-08 0.0 0.0 0.0 0.0 0.0 0.0 5.367496980603724e-06 0.0 0.0 0.0 0.0 4.2301291970285165e-06 1.1669617071134824e-07 3.933825178102472e-06 1.3308284930214233e-06 9.778511184763145e-07 7.895932300201046e-07 6.593844867717567e-07 0.0 0.0 1.0934669372369963e-07 0.0 0.0 1.5507420298869325e-07 0.0 0.0 0.0 3.0373343568003e-06 3.711985855392989e-06 6.058090990713974e-06 0.00011663804123560758 3.130048131871313e-06 0.00018646413957466097 4.5232850966410344e-05 0.0002481991994060869 4.259871112392287e-05 3.0495000761582034e-07 3.6105628885610363e-05 3.698855829235136e-05 0.0 5.013295931411844e-06 2.277904531886958e-06 1.5875977885330694e-05 5.060467712849498e-07 7.279458600623136e-08 9.663608306580948e-07 1.2855286648005868e-05 4.862026192302529e-07 0.000176191063905563 8.201810571330984e-06
4.438535830927183e-06 1.4556481616598752e-05 0.0005604948878949022 2.3237054764738258e-07 1.9587843099144315e-05 7.75301699330275e-07 3.3278731009061925e-06 0.0 1.0550231073807775e-05 1.1055207201720244e-07 0.0010527060884830566 1.1442756224909368e-06 1.7873484483708497e-06 0.0005365484352285201 2.1863801045959545e-05 2.1633131767605905e-05 5.082936418468566e-06 9.0498524409198e-06 2.8836030955393517e-06 2.989646497411211e-05 1.1621197502637811e-05 2.8671936748692184e-06 3.726243425748961e-05 1.9163058384370105e-05 1.9890946015682302e-05 8.103150011921961e-07 1.3899864752392174e-05 9.935568565530108e-07 1.2722312183013811e-06 2.4647770395575924e-06 0.00039884351726673147 0.0019689277434630443 8.065721125310772e-05 3.036419882572129e-05 6.0789533348280854e-05 3.579449287035214e-05 1.2825508299347081e-05 2.001757731447599e-05 1.633758921749185e-05 1.0851374860609637e-05 1.5320168671977932e-06 5.096873002934177e-06 4.3071600079087476e-05 2.9592913834784005e-05 1.3360400971697567e-05 5.9354292065512245e-05 5.316300390320152e-05 2.023806451320262e-06 2.857559274161251e-06 3.5752426422753986e-05 3.094037258455076e-06 5.589581774337571e-06 3.0330895876959297e-06 2.6650056957896692e-06 4.790943118064292e-07 4.1076364598862106e-07 2.026864897677037e-05 4.574665403970189e-05 1.6968042993239358e-05 1.5087624600534762e-05 0.00015937049394229935 0.0001549187516316757 2.4694401840112124e-05 0.0002099196488746189 5.159600474933832e-07 2.835555395121435e-06 1.5698512380293615e-06 4.706048580365705e-06 6.738803102558726e-05 4.36897432868227e-05 5.605499033706962e-06 3.1404417895884722e-06 2.3038732064465624e-07 5.6648646159212105e-05 5.699262775605203e-05 4.6256290709229976e-05 0.00015011926877023956 0.0001589879049385562 0.00039291147596887946 0.0011394340671121474 0.0002231963480059331 0.0008163286831167376 6.714719184119427e-06 3.7719969399177173e-07 1.260936980149314e-06 1.5128054160646844e-06 7.09753014474085e-06 0.0 7.030941680248831e-07 1.3241934182000818e-07 1.2658553291963586e-06 1.0550951413201303e-06 9.642867708188717e-05 2.55640129556882e-06 2.527631378137606e-06 3.3992402154267368e-06 3.863637224170539e-06 6.714464561131935e-07 6.6426692430306536e-06 6.3010947147296695e-06 1.1827299299628692e-07 1.4675582201514716e-07 1.8028052697109585e-07 0.0 8.355036081553634e-07 8.760791339384204e-07 6.853625366978131e-08 9.350984137436896e-07 7.181239141603464e-07 2.7495983095808467e-07 3.038874181223527e-07 1.638361489824578e-06 2.1688746316441957e-06 1.191392632250189e-06 1.4862948180614039e-06 2.3084470297089982e-07 5.549217985677533e-07 0.0 3.874844217646351e-07 0.0 0.0 6.606432243802983e-08 0.0 2.881936567355139e-07 0.0 4.931723332926634e-08 1.135909099995151e-07 1.5483016704667613e-06 0.0 7.086873882100626e-07 5.3612359056592596e-08 9.871133216799525e-07 2.742278556594266e-07 3.53031582035464e-07 1.717947718514592e-06 1.4988129580500594e-06 5.999733802619629e-07 9.082592613999409e-07 3.2813759861358383e-07 9.796548465910628e-07 2.161034042215461e-06 6.219278447592645e-06 8.413990956832255e-06 1.774906428330407e-06 9.547311278086234e-08 8.327394350889072e-08 4.2124423031629266e-07 1.1805606458594449e-07 3.3969763749214436e-07 1.302168546821167e-06 1.68453585495429e-07 1.331301808926838e-07 1.2205368524780373e-07 0.0 0.0 1.1666668904608508e-07 5.242258476556644e-06 3.2127888949579885e-07 0.0 0.0 0.0 2.2674533534946108e-07 1.0629781773796893e-07 0.0 2.677555093310658e-07 7.950857672513479e-07 6.307829987833336e-06 4.321338055391697e-07 0.0 0.0 0.0 5.995289742607714e-08 0.0 0.0 0.0 3.268742149732834e-07 2.6003703935145795e-06 2.039562523300932e-06 1.6610897143716953e-07 1.9661575501996473e-07 6.756642577862763e-08 1.736085349404276e-06 1.4586485852519667e-06 3.245200006306534e-06 3.566467551457467e-07 2.0498611702365888e-07 5.874596288232734e-08 1.1712938004105445e-07 4.825161123039037e-07 6.025475696303823e-08 0.0 0.0 0.0 0.0 1.895630598768655e-07 1.3282907486861604e-07 0.0 1.4540754397724853e-06 3.7062552383794327e-06 1.1027938092647671e-05 5.6805952218166305e-05 4.72111026938945e-06 9.030232272655219e-05 2.332355088841185e-05 2.8026517362494577e-05 1.2730381298893052e-05 3.0755055100302117e-07 9.563455348623014e-06 7.225628707316687e-06 3.481809317674123e-07 9.266446200661694e-07 1.0280686709721986e-06 2.3203746389926137e-06 0.0 0.0 6.796166033040889e-08 2.692495379669149e-06 9.715302547449892e-07 2.7031158383301526e-05 3.6487038622742965e-06
2.0637583107634573e-06 0.0008897972484350497 0.0003231957771325216 6.731519019130725e-07 0.0016568650520659542 2.0838949848536335e-06 0.0010401201284793485 1.0550231073807775e-05 0.0 4.095440122913958e-06 0.00038150842908585655 8.104192843474337e-06 0.0005357147937892731 0.0010380897857050473 8.919590876038985e-06 4.723572306504667e-06 3.9570184715646446e-07 0.0 1.3305327713960206e-07 1.3618660336683852e-07 0.0 8.627522701443997e-08 6.907239134611587e-08 1.2533649480168534e-07 1.9085847728137427e-07 2.4082944552279304e-07 1.0058666710523974e-07 1.5758035657989096e-07 2.0710813049914286e-07 0.0 8.597152508165726e-06 8.022866901187036e-06 1.4727765604778818e-05 5.8607134758103295e-08 1.1815252559577996e-07 4.794854342225212e-08 6.20479689533981e-06 4.763514870097847e-07 2.7529685114843656e-06 4.188011446183165e-07 0.0 0.0 5.900238824236926e-08 3.7452407194301967e-07 9.877247689941525e-08 2.419754856225713e-07 3.185924331811849e-05 4.636412277388116e-07 0.0 1.4062902382557203e-07 9.961897101186973e-08 0.0 0.0 0.0 1.1476167971088264e-07 9.68858699393963e-08 3.1345770851448755e-06 3.2812808693324204e-06 7.189800043920248e-06 8.839911374569567e-06 0.0 3.3320984225622205e-06 7.991772135211646e-08 2.5934652884496497e-06 3.8983692688254117e-07 5.3620200891778817e-08 5.87705599665233e-08 0.0 2.0563949979159487e-07 0.0 1.7274836877197103e-05 5.9206904515705235e-08 0.0 1.2611592073834901e-05 4.394978238110605e-06 2.0084670325900286e-05 8.093720987022138e-06 2.5451157057757895e-06 4.875052196194783e-07 1.1135172004375452e-05 0.0 2.3968431683283095e-06 2.9865966039937496e-06 0.0 4.563751521330133e-07 3.344131947738559e-07 5.1874728032627324e-08 0.0 1.5405792992593446e-07 0.0 1.2655591342588368e-07 0.0 1.8856357992808593e-07 0.0 7.198310941758289e-08 3.10538493165212e-05 3.8055135493431836e-06 0.0 1.9751278523533065e-06 6.826018699275335e-07 2.132605367675999e-07 0.0 3.542073877877768e-07 1.302260929773786e-06 1.036408290407145e-06 4.753529589863387e-06 1.1032998639801225e-06 6.736520307606991e-06 8.159132521172251e-06 3.402448605169537e-06 1.4384028449036044e-06 6.8759795802888754e-06 1.248193178573747e-05 5.277164567543882e-06 6.931396928363701e-06 0.0 5.437364790004918e-07 0.0 0.0 0.0 0.0 0.0 0.0 0.0 0.0 0.0 0.0 5.0273827413575025e-08 0.0 0.0 0.0 6.331810494011694e-08 0.0 0.0 3.956476283066182e-07 3.1525636007277285e-07 0.0 0.0 0.0 1.8932949511351764e-06 7.588179421519923e-07 4.9928712904420215e-06 2.423936576369347e-06 8.438110499392171e-07 0.0 0.0 0.0 0.0 0.0 0.0 0.0 0.0 2.297536693123337e-07 0.0 0.0 0.0 0.0 4.407816117474826e-07 0.0 0.0 0.0 1.1522365884442512e-07 0.0 0.0 7.310176481410969e-07 3.902850474372418e-07 6.231341969397834e-06 7.023380841001359e-08 0.0 0.0 0.0 0.0 0.0 0.0 0.0 0.0 3.461075278251909e-06 0.0 0.0 7.350076768765689e-08 0.0 3.73106171207027e-06 7.956708264682939e-07 1.1762602531148596e-06 9.150986215183046e-08 1.7199798897769113e-07 0.0 0.0 1.208649296759173e-07 0.0 4.8687641121675655e-08 0.0 0.0 0.0 0.0 0.0 0.0 4.040212005024277e-06 4.148560971947285e-06 5.853740653033923e-06 7.2801492701625e-05 1.4852182980456518e-06 7.173637942842285e-05 2.1689321417171922e-05 5.1938764023310916e-05 2.2499324660924127e-05 4.2325406881959307e-07 3.7903213242448885e-05 9.748713665070295e-06 1.6869113516816852e-07 1.0613027282086594e-06 2.714309142483536e-07 3.6092211611628638e-06 3.704007206498911e-07 0.0 0.0 6.2409013974661634e-06 4.920759682463898e-07 4.981831139109479e-05 8.351582145056532e-06
0.00078588072048461 0.0004691399374901953 3.257077315764648e-06 0.00036968808566443037 9.452352371591363e-06 0.0004325123350281718 0.00033558865369819394 1.1055207201720244e-07 4.095440122913958e-06 0.0 1.3153344466297863e-06 0.0005239717912871479 0.0016125851185786156 0.0001884620223955893 3.1367967031522745e-07 1.73825458428324e-07 0.0 0.0 6.822663181406995e-08 0.0 0.0 0.0 0.0 7.458700764108258e-08 0.0 0.0 0.0 1.0969493784831468e-07 2.3149657114005531e-07 0.0 2.3852058803681452e-05 0.0 4.3166282378193554e-05 0.0 0.0 2.784744347093397e-07 3.807449027862054e-05 3.8652738087368614e-07 5.522532898321743e-06 3.011723256293799e-07 0.0 0.0 0.0 0.0 0.0 0.0 2.8650480487987456e-06 5.339537763529284e-08 0.0 0.0 0.0 9.151835147799538e-08 8.054714846844007e-07 0.0 5.4505025712871765e-08 1.9002407724018236e-07 2.7977740110136053e-05 1.7242337430661177e-05 5.604179867393574e-06 2.481184975920921e-06 0.0 8.177589626382713e-07 0.0 5.50742967521294e-07 1.1038309580425178e-07 9.764717922993641e-08 4.566975761349171e-08 0.0 0.0 0.0 0.00018089015721356566 3.156399625059195e-07 0.0 1.700199489835435e-05 7.606850637986998e-07 9.185311302291576e-07 2.472427717231733e-07 3.126096024902809e-07 0.0 4.102792523077254e-06 0.0 0.0 1.3119551230551118e-06 0.0 0.0 2.4381990722005535e-07 8.646269647850096e-08 0.0 4.1340644289530187e-08 0.0 3.9519911016973767e-08 0.0 0.0 0.0 0.0 6.354557367056297e-05 4.1535816889394095e-05 7.136529548740906e-07 6.265565048278493e-06 0.00033566847860114625 5.046063764851679e-07 1.131725044340198e-05 3.632425310511795e-05 6.28370622711582e-05 4.985116991492311e-06 0.00010251664477551822 3.835693356040141e-05 1.5395855853881222e-05 3.253899132422628e-05 3.464964361250556e-05 1.5683823271210391e-06 4.09473394501903e-05 4.621136623645193e-05 1.8553669451564472e-05 4.611289926548603e-06 1.754337351434375e-07 6.279771151810606e-08 0.0 0.0 0.0 0.0 0.0 0.0 0.0 0.0 0.0 0.0 1.6739574426913836e-07 0.0 0.0 0.0 0.0 0.0 5.08437254967278e-08 1.2509549449427411e-06 2.6892864636032733e-06 0.0 0.0 0.0 7.491681228284398e-07 0.0 2.3705540501047066e-06 1.4191305296184996e-06 3.6514072734241745e-07 0.0 0.0 0.0 0.0 0.0 5.15054082659811e-08 0.0 5.428954677356226e-07 4.855346433030663e-07 0.0 0.0 0.0 1.8843831124944459e-07 0.0 2.9437023600050834e-07 0.0 0.0 8.219108603319163e-07 6.813340977372669e-07 5.194792821304096e-07 0.0 3.4903759262418113e-07 6.143754001755332e-06 4.1623294927457104e-07 4.936084241465496e-08 4.764836887643439e-08 5.0327694119204833e-08 0.0 0.0 0.0 0.0 0.0 4.618547543120213e-06 0.0 0.0 0.0 0.0 4.77181601493727e-06 5.355656729591274e-07 1.608277226290595e-06 7.95902185218518e-07 1.128127280785598e-06 6.520487396220542e-07 5.214095284677931e-08 0.0 0.0 0.0 0.0 8.463692337850231e-08 0.0 0.0 0.0 0.0 2.150101751520476e-06 1.224869536468624e-06 3.638843593236685e-06 0.00027959367054934366 2.4984333025636186e-07 1.2111079975919269e-05 1.8636452449238144e-06 0.0006357137596909709 1.810858020350374e-06 0.0 1.5430275118741927e-06 8.284143909238942e-05 0.0 1.6532543957467165e-06 3.7477010336893014e-07 3.7291002915034864e-05 3.184414249943525e-07 0.0 8.850013475807972e-08 1.3333428216595388e-06 2.496593292235083e-07 0.0004090370318987036 1.053075522673854e-05
3.668227149606534e-05 0.0008798467044255368 0.0024529171998415307 2.38164588106224e-06 0.0009476973591751885 1.4882922974386548e-06 5.3176648158743e-05 0.0010527060884830566 0.00038150842908585655 1.3153344466297863e-06 0.0 2.1078175470264428e-05 8.484343618459125e-05 0.0012542383568979955 2.2967920107195603e-05 1.955825700608174e-05 2.2148308831900194e-06 4.903428582997844e-07 9.352935319315919e-07 1.38483630624662e-06 1.1555612501489362e-06 3.1516108878027948e-06 8.698312310809015e-06 4.163122741138035e-06 1.2213637916056362e-05 1.1796138588022401e-06 3.7300443106314197e-06 2.1718895011008065e-06 2.62460793089249e-06 1.9745497110662904e-06 0.00030176434246631696 6.986487956888561e-05 0.0002032712630397594 6.355143967377505e-06 1.9936354088491486e-05 3.171093281725257e-05 0.00015688241991227404 6.102615130422099e-05 6.694936659195864e-05 1.4521795362051513e-05 3.4920631135533906e-07 1.5759243512651602e-06 1.0917937448181492e-06 2.3629632975313186e-06 2.3673248459881656e-06 2.1046404292046645e-06 3.624170627125914e-05 1.1311104496897323e-06 2.7792481710385836e-07 1.0166065130398304e-06 5.652689581023504e-07 2.653748970462899e-06 6.287322191603964e-06 4.847874031205987e-06 1.5116493266019967e-07 1.387391718376658e-07 9.66164951384305e-06 2.2410829868913243e-05 9.230571205688555e-06 1.2129534665344678e-05 3.960705182961829e-06 0.00011255283356787602 4.3296338309784435e-06 7.88140785072425e-06 3.1118652712755456e-07 1.3617826171405471e-07 4.3527429960513504e-07 2.4203305173572266e-07 2.3356959567528214e-06 1.9093973967109674e-06 4.000026923117058e-05 5.347315095739949e-06 7.949506498941365e-07 2.9220620956169565e-05 1.3672536141265832e-05 3.746569002870944e-05 1.4552262001193633e-05 9.413524692801047e-06 1.6101905772785814e-06 0.00029079196357149293 2.3234467072721715e-07 2.5889986325171787e-05 4.3285251636035746e-06 1.1812432755298329e-07 5.263054538798919e-07 4.999109423001457e-07 2.907946582888458e-07 2.9557980215963927e-07 3.5418950794917256e-07 0.0 3.020299217508957e-07 1.0614866459385797e-06 4.060846315689786e-06 6.929921728083946e-07 1.0080904352739576e-06 2.177823262539853e-05 1.4556754073986886e-05 2.073300438327217e-06 1.5810393925468907e-05 1.7896921578349877e-05 4.85804241886002e-07 6.14249927783356e-08 1.6311966916527375e-06 1.1687680100461573e-06 1.4789541408926703e-06 1.4723383393408106e-06 6.496147187977792e-07 4.036467848681843e-06 2.890002089848771e-06 2.2815820686020296e-06 1.2432660880198403e-06 5.080768546728502e-06 5.200986519321809e-06 3.703490205778168e-06 2.5352523696756473e-06 7.138959040914829e-07 1.0359651150174625e-06 8.973626697982129e-08 8.195820170334589e-07 0.0 7.2233139384274e-08 5.0154374794250996e-08 0.0 8.11249724470114e-07 5.3381927998121656e-08 0.0 1.2974242100280182e-07 1.493458109207458e-06 0.0 1.5952708553850333e-07 6.281266439456688e-08 1.3219079340782144e-06 5.278079775216514e-07 7.254566851234458e-07 9.435960702018938e-07 1.6158028776218992e-06 3.7030491091753123e-07 1.1798572056018123e-06 0.0 9.712263467131772e-07 3.2407120570084582e-06 7.067726373541532e-06 9.223892230221559e-06 2.1562170879837793e-06 1.6790658435934104e-07 0.0 4.731212416065816e-08 0.0 9.37125825379341e-07 7.35091608367992e-07 5.5860655991900806e-08 0.0 2.716106857641125e-07 0.0 0.0 0.0 5.032263857780025e-06 2.595192536898974e-07 0.0 5.610442309263435e-08 0.0 0.0 2.484801951403753e-07 0.0 1.4652300432764777e-06 1.2743524820504686e-06 7.014803728691123e-06 1.302694521539684e-07 0.0 5.321655653026872e-08 0.0 0.0 0.0 0.0 5.921983540279407e-08 7.936377199412273e-08 4.352808767503395e-06 1.3198060344745357e-06 1.1064300095499199e-07 0.0 0.0 5.810871483228068e-06 1.4970684772531095e-06 3.812818220712407e-06 5.575648264507482e-07 8.020416605998862e-07 6.69021155591398e-07 2.8069156877473835e-07 6.31222037046447e-07 4.393136171714225e-08 7.035377220642602e-08 7.53233601302164e-08 0.0 4.515123850747173e-08 1.2945381799166738e-07 7.039112978534793e-08 6.232199497362406e-08 3.8316642256652514e-06 7.555017391028473e-06 1.3286324898809113e-05 5.738278480095984e-05 2.8163003614084155e-06 6.564980886886392e-05 2.0413156005819112e-05 3.261557618989431e-05 1.4271469147411941e-05 2.0388068710368377e-07 1.8413444306863224e-05 1.2116096122609572e-05 0.0 1.7494848382098234e-06 9.285043277518463e-07 1.8969322828256178e-06 8.01478116258618e-08 1.8759497886194452e-07 0.0 7.813272783979458e-06 7.477576754330459e-07 2.9055821468973077e-05 1.0954850969459973e-05
