0.0 0.0007064337255476404 0.0004906995459015638 0.0004603891079981667 2.071497127524113e-05 1.5514843985935878e-05 6.26924682521343e-05 0.00011895116343320319 1.2237774972501325e-06 0.0006286596548211355 4.808076173148164e-05 7.913655016028532e-06 2.124916779167379e-05 9.455899580392238e-05 9.111553744156882e-08 1.564900717987534e-07 1.2836370822248831e-07 0.0 5.550673329736908e-08 0.0 0.0 0.0 0.0 6.975469233712839e-08 0.0 0.0 0.0 0.0 0.0 0.0 0.00020967115240744003 3.159972353560047e-07 1.8147615791879895e-06 0.0 1.0877618430541884e-07 1.3396985702960466e-07 1.828594250200049e-06 6.837445931750183e-08 6.970040044940472e-07 0.0 4.4245785918093664e-07 0.0 0.0 0.0 0.0 0.0 3.84255321306911e-06 2.529449954137237e-06 4.075583973245478e-07 0.0 6.807283863030246e-07 3.3362199899298126e-07 0.0 0.0 2.9246975686908496e-06 5.363403844911202e-06 0.00010586989005372697 0.00016814042857473568 1.5164597365198115e-05 2.641697341005529e-06 0.0 0.0 5.736792155634322e-08 1.5916507636273884e-06 3.4886193048006775e-06 7.871923923887158e-07 1.3984272487358853e-06 7.590437253560264e-07 3.2519444352385233e-07 4.6854774927305286e-08 1.6010362454276844e-06 1.1950477187753834e-06 0.0 6.560447093688015e-05 1.1127772038097034e-05 1.2423937438411215e-06 1.079490705303358e-06 1.1120707112880881e-07 1.528196359603394e-07 6.69966374193557e-06 0.0 8.35578038234292e-08 4.736057864299353e-06 1.3842252822117444e-07 1.0570935113408849e-06 3.485810195902813e-06 1.0577007463591553e-06 0.0 8.294999211814947e-07 2.941300927260415e-07 4.46958978987739e-07 1.0900262460357307e-07 1.0783430679387392e-07 0.0 0.0 2.8083265528718213e-05 4.386461842335083e-06 2.082343928595105e-07 1.4251419852459647e-06 0.0005939859481276547 0.0 0.0 1.0745090662256806e-06 0.0 0.0 3.2322774398803416e-06 2.8800834947363336e-06 5.737765703449677e-07 5.0031726051455154e-06 1.222938681822249e-05 0.0 2.3653022385592454e-06 1.0468986993943283e-05 2.3471094900161075e-06 4.135972832579223e-06 0.0 0.0 0.0 0.0 0.0 0.0 0.0 0.0 0.0 0.0 0.0 0.0 0.0 0.0 0.0 0.0 0.0 0.0 0.0 4.2644460768013673e-07 0.0 0.0 0.0 0.0 1.6996376205380598e-06 0.0 9.191557325797273e-07 7.717796205531177e-08 0.0 0.0 0.0 0.0 0.0 0.0 0.0 0.0 0.0 0.0 0.0 0.0 0.0 0.0 0.0 0.0 0.0 0.0 0.0 0.0 8.185174954984446e-07 0.0 0.0 0.0 0.0 0.0 0.0 0.0 5.9001171684885435e-08 0.0 4.7154289584624763e-08 0.0 0.0 2.12317241060312e-06 0.0 0.0 0.0 0.0 7.711901739118411e-07 0.0 0.0 0.0 0.0 0.0 0.0 0.0 0.0 0.0 0.0 0.0 0.0 0.0 0.0 0.0 5.446523137831846e-06 1.9280808441865856e-07 9.299446141599802e-07 5.441673816048962e-05 9.072024266903932e-07 3.579780413465558e-05 7.763975281123911e-07 0.0003059211416130499 2.5834979585072816e-06 2.3938242715819357e-06 1.260304481213644e-07 6.166757990022193e-07 0.0 0.0 0.0 1.7148412604555254e-05 0.0 0.0 0.0 6.490198597127845e-07 0.0 0.00012069053193116255 1.582298546653218e-05
0.0007064337255476404 0.0 0.0006917310720798495 0.00027841734637271554 0.0010444931229450843 3.31563970536895e-06 0.0009240083377016115 0.000352121506366445 0.0012675754889081767 0.0016950524246127185 0.000426477064600567 8.720344425711021e-05 0.0003405115406061657 0.0011565766193364635 6.799893860728099e-06 6.489328300459707e-06 1.8292967292218027e-06 4.014950816172274e-07 5.672289972608573e-08 1.5637894731990933e-07 3.4675942115350316e-07 6.390372262838463e-07 0.0 4.45388888172996e-08 2.0177587950135e-06 6.764721771814556e-07 5.405487972235578e-07 9.549341629919944e-08 2.0233998687801537e-07 0.0 0.0009630047361361145 9.009558281105083e-06 2.22025750376794e-05 8.114960031018249e-07 3.5294579737947894e-06 1.7117844144154373e-06 1.1325757321510791e-05 1.791681645647584e-06 4.145018651774027e-06 1.03354113473765e-06 2.763451603152929e-06 9.966474451737764e-07 7.03219382551458e-07 6.001149236178927e-07 3.696390854536799e-07 1.8782282378109365e-07 6.551241806722205e-05 2.097544891838808e-05 1.2435879046532612e-06 8.261231770155513e-07 4.102043974671868e-06 6.97359793616512e-07 2.2983905225322336e-07 2.956433392950613e-07 1.4668025191274074e-05 2.5318205760890006e-05 0.000122268478889152 0.0005486332918294963 5.883882371622734e-05 3.30658905642044e-05 8.977071283166718e-07 2.0225743085204504e-06 6.18172824090836e-07 7.217320246449407e-05 1.6089295729000036e-05 6.954771190182607e-06 8.251529965170836e-06 6.14250086822445e-06 3.2096673767571244e-06 5.23920515070212e-07 9.788358353773613e-06 6.790845045868736e-07 9.943236555165067e-08 0.0003003310901950331 0.00016332519915520188 3.646418786324828e-05 3.017005029476659e-05 4.577045706252527e-06 4.079470355923063e-06 6.926043260689e-05 8.313241557167518e-07 7.748723126980114e-06 3.4705277130294794e-05 8.135968315756831e-07 7.942734126112525e-06 1.602562245153663e-05 7.367670550936795e-06 2.724569905986217e-07 4.7759103812410755e-06 1.1328500478306716e-07 1.1774283076226273e-06 3.542782801967333e-07 3.3221470053258215e-06 1.8028089294096243e-06 3.851857557251753e-07 2.133265913404597e-05 1.1029854287451097e-05 2.7021115296758906e-07 6.686496824997083e-06 0.00043736280642734564 6.862531514508756e-07 7.192947315022519e-07 0.0 0.0 0.0 1.709468675067095e-06 2.8862072028684333e-07 1.3563308106978036e-07 1.9391222939577233e-06 5.970570795984886e-07 3.669114292793931e-07 3.724959760645092e-06 3.2590957124279265e-06 2.1518904913099357e-06 2.0258393454774132e-06 0.0 2.4326011722874376e-07 0.0 0.0 0.0 0.0 0.0 0.0 0.0 0.0 8.380539075077301e-08 0.0 0.0 0.0 0.0 0.0 0.0 0.0 0.0 7.240949774796161e-07 3.0043818530649007e-07 0.0 0.0 0.0 2.3171736846170235e-06 3.601919205892651e-07 2.2074777622287417e-06 4.329367014020001e-06 1.356879138174014e-07 0.0 0.0 0.0 0.0 2.9032285343408474e-07 0.0 0.0 0.0 0.0 0.0 0.0 0.0 1.7620873589573904e-07 0.0 3.9938307767429914e-08 0.0 0.0 3.832963503780174e-07 1.7527841370698251e-07 1.7552935025348343e-07 0.0 0.0 7.133168008678036e-07 0.0 0.0 0.0 0.0 0.0 0.0 0.0 0.0 0.0 3.0972502772903742e-06 0.0 1.1945649246987148e-07 0.0 0.0 6.560989862782022e-07 6.281204462298461e-07 4.143049490095468e-07 8.765983550033692e-08 4.927110860509146e-07 3.3522349680384256e-07 0.0 3.353739447756275e-07 0.0 4.8995367179097094e-08 0.0 0.0 1.9682756697602718e-07 5.345426279183278e-08 1.2276948164232065e-07 0.0 3.6203978159418273e-06 2.256877082255247e-06 3.858720210362618e-06 0.00013158527228103155 9.523682688188392e-06 0.00031934305075302926 2.3655513440381614e-05 0.0001640851470489549 4.469376210217531e-05 2.460898223995575e-06 2.104563737777303e-05 3.839886661545325e-06 1.271094700914952e-07 2.1226669375328276e-06 2.161053115523289e-07 1.8869745250823434e-06 0.0 6.242938171321493e-08 0.0 5.135453649807156e-06 6.784467560920284e-07 3.889938596159945e-05 5.765785850429807e-06
0.0004906995459015638 0.0006917310720798495 0.0 2.9358863930718646e-06 0.00015789731861631277 0.0 5.5163408699151826e-05 0.0014574486785893781 0.0003067467927139068 1.1526730327084146e-05 0.0004649402782072192 2.2263133825437582e-05 9.123867283457194e-05 0.0007073888140477881 1.9581103137430046e-06 1.4088002379757041e-06 4.6843390107038376e-07 3.9154093721720374e-07 0.0 3.582127402688707e-07 9.04488561796013e-07 9.022181761183989e-07 0.0 2.4228249461895034e-07 5.130161907649746e-06 3.354335818094882e-07 7.801866898205457e-07 5.650958941704543e-07 4.912974906518215e-08 1.1367309873771264e-07 0.0020508109554240313 0.0007096065297785256 5.819996265142214e-05 1.000945269860158e-06 6.5538808961170746e-06 3.424361208004931e-06 1.5872877469781602e-05 4.534654786618901e-06 8.003090205796943e-06 2.3865181349377856e-06 6.623941681487289e-06 9.71363086690733e-07 2.7066900619439885e-07 4.2149782449768427e-07 4.974688833751961e-07 1.020782944717173e-06 5.157874278154171e-06 8.054649490614901e-07 2.3938923085628063e-07 5.972657833178842e-07 1.433952769952226e-06 2.4907263020166876e-07 1.1175007633643573e-07 3.776917771005304e-07 9.887405569236936e-07 6.605614430195521e-07 1.164823654043661e-05 0.00012095447734955585 3.603398865623189e-06 9.939743929715754e-07 4.302284432348404e-06 4.9403145498775305e-06 5.785224972405349e-07 0.000215257452843364 4.719498788903672e-07 2.111508363320696e-07 1.1859823673296945e-06 1.5224665252455945e-06 3.3508566299708743e-06 1.1978412666203337e-06 6.420841080702457e-06 1.0557934317724571e-06 0.0 1.450288804740537e-05 1.239199350611175e-05 3.674164124247182e-06 8.996191353917537e-06 1.192459562584391e-05 9.132623810376235e-05 0.00039561033061511305 3.94954247483411e-06 4.244887505939062e-05 1.1599993240455657e-06 0.0 1.3597952061093737e-07 4.6622922145309327e-07 9.051131017410886e-07 0.0 1.6655599678859007e-07 0.0 4.4048041841791385e-07 0.0 6.02886808577917e-06 1.5657600075308645e-06 3.4589334604146803e-07 1.1115515168655058e-05 3.2668650461500676e-06 0.0 4.505387523765007e-06 7.061185091836174e-05 3.226444682430809e-07 0.0 0.0 0.0 0.0 1.141385024204886e-06 0.0 2.817755577131249e-07 6.787867769686406e-07 2.3471474667549543e-07 0.0 1.385296258189467e-06 1.286999236554807e-06 7.343091533327955e-07 4.7621745772438443e-07 1.3382812842727533e-07 0.0 0.0 0.0 9.114452718674896e-08 0.0 0.0 0.0 0.0 0.0 0.0 0.0 0.0 0.0 0.0 0.0 0.0 0.0 0.0 2.0450219625962583e-07 0.0 0.0 0.0 0.0 1.3987309935823471e-06 1.9167719083330604e-07 1.2267595259204678e-06 1.8785027857192804e-06 6.44722350132329e-08 0.0 0.0 0.0 0.0 7.506664012246973e-08 0.0 0.0 0.0 0.0 0.0 0.0 9.871432116046226e-08 0.0 0.0 5.5557374704524093e-08 0.0 0.0 0.0 0.0 0.0 1.1107272377487997e-07 0.0 6.533133635631138e-07 7.306854913000353e-08 0.0 0.0 0.0 0.0 0.0 0.0 0.0 0.0 1.0081362590292598e-06 7.909668951965386e-08 0.0 0.0 0.0 1.4461728194825888e-07 0.0 2.0102241245592226e-07 6.847070043699792e-08 4.9791885895385916e-08 2.3693588518176324e-07 0.0 0.0 0.0 0.0 0.0 0.0 5.686945419725237e-08 0.0 0.0 0.0 1.658325886902306e-06 1.0802542414938996e-06 9.219289798333159e-07 1.791512414341053e-05 9.344702776968442e-07 2.0303929727227645e-05 5.699016514799573e-06 1.0400411604958061e-05 3.030882123302009e-06 9.032731507582146e-08 2.2167075169538646e-06 1.1191345357917628e-06 0.0 1.3325203666577994e-06 9.90669549071484e-08 0.0 2.7098955956791956e-07 0.0 0.0 1.8401931612027274e-06 0.0 2.1457884477893703e-06 1.4382428637521244e-06
0.0004603891079981667 0.00027841734637271554 2.9358863930718646e-06 0.0 5.5797546498789013e-05 6.289894522586437e-05 9.535998761285668e-05 1.4423270725198825e-06 4.597663602806337e-05 0.0006694456941760305 2.2688300471395377e-06 1.2056405310889127e-05 6.934578446630236e-05 2.4121055739549337e-05 2.7562610154201435e-07 5.38694299569859e-07 3.950658977143342e-07 0.0 0.0 8.369753819373457e-08 0.0 0.0 0.0 6.198144353177129e-08 0.0 0.0 0.0 0.0 0.0 0.0 3.360602701726659e-05 0.0 1.470396134299354e-07 0.0 0.0 4.4820161863074833e-08 6.982674842933597e-07 0.0 6.708783175054482e-07 1.75556665189085e-07 4.255332868103622e-08 0.0 0.0 1.8572823699447898e-07 0.0 0.0 1.0186380316293293e-05 6.642822375330916e-06 1.0398556848313192e-07 5.572738514283021e-08 1.4294347639210124e-06 0.0 0.0 4.389116052929525e-08 6.85537362009491e-06 1.1995396629566155e-05 6.746371079663467e-05 0.0002111767611368722 2.812569168410078e-05 8.897587639253575e-06 0.0 1.3733160992321217e-07 0.0 8.983441818518723e-06 7.630999384730531e-06 2.9354211283810177e-06 2.668011202346627e-06 2.4192581456685453e-06 4.146765150109024e-07 0.0 1.6415419251555023e-06 8.619423726382835e-07 1.6878233670089452e-07 0.00013170507166054696 3.982830754336415e-05 5.86350789439666e-06 2.689198549264979e-06 3.484950850244729e-07 0.0 1.3568297571905622e-07 9.644996134411576e-08 3.6001209870206166e-07 1.3793258965720187e-05 2.0272032404706098e-07 2.565013231949928e-06 7.92626741991832e-06 2.862977006966582e-06 1.66940236091293e-07 1.5948912309551727e-06 9.780306935500021e-08 4.891355359448635e-07 1.7925229655201003e-07 5.230243408674769e-08 4.832944476126335e-08 0.0 5.006077577899069e-05 1.4716626442953778e-06 0.0 9.675965435449282e-07 0.0003637806129001804 3.9004967036564326e-07 6.940767740391767e-07 1.960505554748096e-06 1.726927166371681e-06 0.0 9.865410743959205e-07 8.91171589689018e-07 2.1866464936396627e-06 6.520171490062753e-06 7.9756804578439e-06 0.0 3.059786246000675e-06 4.989742194905207e-06 2.698163623645409e-06 2.147891633082893e-06 0.0 0.0 0.0 0.0 0.0 0.0 0.0 0.0 0.0 0.0 0.0 0.0 0.0 0.0 0.0 0.0 0.0 0.0 0.0 2.268049793068847e-07 3.9594159434840725e-07 0.0 0.0 0.0 6.655970947061389e-07 0.0 1.3171886979076973e-07 2.6641883156713654e-07 2.0700796606386518e-07 0.0 0.0 0.0 0.0 0.0 0.0 0.0 0.0 0.0 0.0 0.0 0.0 0.0 0.0 0.0 0.0 7.319692242089938e-08 2.700744833261518e-07 8.109776538537673e-07 0.0 0.0 0.0 9.683467546396729e-08 0.0 5.0922857178090076e-08 0.0 0.0 9.641879607309133e-08 0.0 0.0 0.0 0.0 6.122796310513296e-07 0.0 0.0 0.0 0.0 4.313155668804817e-08 0.0 0.0 2.90758847805982e-07 1.866305363384307e-07 8.408283936024249e-08 0.0 0.0 5.18437693542658e-08 0.0 0.0 0.0 6.544692238974422e-08 0.0 0.0 0.0 2.7711937212194173e-06 0.0 6.825314871586498e-07 3.091135171981703e-05 2.354706555760227e-06 9.770532360902461e-05 2.250457960159384e-06 0.0002790585344214025 8.31467611358546e-06 6.620430279178014e-07 1.9342878093474275e-06 8.520704838344707e-07 0.0 1.393377771237236e-06 1.3874076794022588e-07 1.9315656783181423e-06 1.8331406373471885e-07 0.0 1.05388601358929e-07 5.311153200425805e-07 0.0 8.987674493112494e-05 3.0142950854927957e-06
2.071497127524113e-05 0.0010444931229450843 0.00015789731861631277 5.5797546498789013e-05 0.0 2.3220457833785252e-07 0.001100391680485797 0.00023977811239876345 0.002748982089618726 0.0002474999539816527 0.0004724706706280525 2.0308200224028867e-05 0.0001501833140285894 0.00120748715681817 1.2303188847617528e-06 9.68879184374445e-07 1.833933409324523e-07 0.0 0.0 0.0 0.0 0.0 0.0 0.0 1.4031649612947825e-07 0.0 0.0 0.0 0.0 0.0 2.886465771884771e-05 1.106042484568047e-06 1.0541100754851815e-06 0.0 7.193043400747313e-08 1.4398845569928723e-07 1.7868316819982447e-06 1.6868512868102314e-07 9.562357360761805e-07 4.395226086327745e-08 1.9377987972708315e-07 0.0 0.0 7.804702419886341e-08 1.1064083872957759e-07 0.0 9.114527834747796e-06 1.5071698289367443e-06 2.740780724586018e-07 0.0 3.7727515526829483e-07 0.0 0.0 0.0 9.815573633888674e-07 8.205069016536117e-07 3.5300192939947916e-06 2.239467251075351e-05 3.090903301501977e-06 3.1817881166580153e-06 4.257797600756666e-07 1.9031676200529447e-07 2.538228218185341e-07 1.006962756216298e-05 8.964720598489227e-07 2.692384511900627e-07 3.9828450618720575e-07 3.016450280530166e-07 1.0794278956276413e-07 2.3983906398979913e-07 2.028584768446096e-06 0.0 0.0 1.702504351950119e-05 1.55124720627693e-05 5.318079863204816e-06 4.709276446195536e-06 2.862005988631674e-07 1.837693658984849e-07 1.7335645532777038e-06 0.0 7.933968496517095e-07 2.144572846824712e-06 0.0 7.322083593910931e-07 9.091736559818088e-07 5.057448728939812e-07 0.0 5.087715732249584e-07 0.0 1.372204465956923e-07 0.0 1.793673404305896e-07 9.157045111857698e-08 4.0144680566277614e-08 4.505229435553649e-06 2.1192824322647647e-06 0.0 1.3685866959733247e-06 4.587302071767617e-06 0.0 1.1667687834997234e-07 0.0 0.0 0.0 0.0 0.0 6.454109558603059e-07 4.184413919801674e-07 1.6060744783929516e-06 9.087184401484334e-08 4.7060440680253565e-07 2.1692947757622326e-06 5.076717844793569e-07 7.690305760245478e-07 0.0 0.0 0.0 0.0 0.0 0.0 0.0 0.0 0.0 0.0 0.0 0.0 0.0 0.0 0.0 0.0 0.0 0.0 0.0 3.414606603353335e-07 0.0 0.0 0.0 0.0 9.210374588386366e-07 0.0 0.0 4.4584635722956743e-07 0.0 0.0 0.0 0.0 0.0 0.0 0.0 0.0 0.0 6.462909301652356e-08 8.9611264916657e-08 0.0 0.0 6.050614780248098e-08 0.0 0.0 0.0 0.0 0.0 9.080525738453532e-08 0.0 0.0 0.0 6.093897212243364e-07 0.0 0.0 0.0 0.0 0.0 0.0 0.0 0.0 0.0 8.342328035550347e-07 0.0 0.0 0.0 0.0 6.962054354309809e-08 0.0 0.0 0.0 0.0 1.064448018902916e-07 0.0 0.0 0.0 0.0 0.0 0.0 0.0 0.0 0.0 0.0 7.39457345316633e-07 1.1357022658091069e-06 3.609195735529328e-07 2.1746665893569704e-05 6.325501017392686e-07 3.6416442068042564e-05 3.855424897337654e-06 1.1678665840564282e-05 5.797096557946895e-06 1.721207285907923e-07 3.34725211601876e-06 4.3020394223832207e-07 0.0 1.221428093365957e-07 0.0 4.355318827285312e-07 0.0 0.0 0.0 4.236805502966326e-07 0.0 3.0228831377911813e-06 1.6913949329674682e-06
1.5514843985935878e-05 3.31563970536895e-06 0.0 6.289894522586437e-05 2.3220457833785252e-07 0.0 2.681752380410676e-06 6.573301698783722e-08 0.0 0.00018460112742554326 0.0 2.8786067270738827e-05 8.7426796884095e-06 1.3277949518630506e-06 2.84432681958251e-07 3.296013164431826e-07 0.0 0.0 0.0 0.0 0.0 9.567119906257576e-07 0.0 0.0 0.0 0.0 0.0 0.0 0.0 0.0 4.546754741942831e-07 0.0 1.6181516813424264e-06 0.0 0.0 0.0 1.0254937377336581e-05 4.6555257680074086e-07 5.602757572394328e-06 0.0 0.0 0.0 0.0 0.0 0.0 0.0 6.192942947140492e-08 0.0 2.766201830407851e-07 0.0 1.3909990236532786e-07 7.4151106329631425e-06 1.18105342432247e-06 0.0 4.501368438327435e-07 8.360394569062357e-07 7.268560360906704e-05 9.844855991611376e-06 2.202448576688414e-06 1.3629490279405822e-07 2.0740924698568228e-07 4.2309909784952987e-07 0.0 7.978684962631441e-07 3.0083151088280887e-07 1.747443911765026e-07 6.445728043131267e-07 1.5628291339335077e-07 0.0 0.0 1.98437269886207e-05 5.2426036742990163e-05 6.492660770084806e-06 4.196781425955786e-06 1.025147243804355e-06 1.6205479928443612e-07 1.1326918905550018e-07 0.0 0.0 1.63321438776046e-07 0.0 1.7126276421895866e-07 2.437629529056015e-07 1.374888378522268e-06 1.6802225804249888e-07 2.2319798249273563e-06 0.0 6.734913156980016e-06 2.1597664301149704e-06 6.906869603153921e-06 2.543668716238879e-07 3.0439374884262184e-07 0.0 0.0 0.0 6.0436841367747746e-05 0.0001426124767823207 1.2921053001713118e-05 4.4838550154269316e-05 0.00021434075882187357 0.0 1.5536513069383613e-06 0.0 0.0 0.0 1.3717675823820018e-06 1.4352064167200428e-06 0.0 2.7648624402960402e-06 7.166210784405324e-06 2.5653363925012465e-07 1.4497505753301205e-06 4.3004875904461e-06 2.902837854791002e-06 1.2611293249311047e-06 0.0 0.0 0.0 0.0 0.0 0.0 0.0 0.0 1.093347117172846e-07 0.0 0.0 0.0 0.0 0.0 0.0 0.0 0.0 8.199129571989817e-08 5.373645093974889e-08 2.0717707003306948e-07 0.0 0.0 0.0 0.0 6.444422382303082e-07 0.0 8.139252539643116e-08 9.89968805290582e-08 0.0 0.0 0.0 0.0 0.0 0.0 8.29388839867846e-08 0.0 0.0 0.0 0.0 0.0 0.0 1.1154156254389993e-07 9.298889828562457e-08 0.0 0.0 7.1027547616865e-08 0.0 0.0 0.0 0.0 0.0 0.0 0.0 0.0 0.0 0.0 0.0 0.0 0.0 0.0 0.0 2.786330356667484e-06 9.343094441790637e-08 0.0 0.0 0.0 0.0 0.0 0.0 0.0 0.0 0.0 0.0 0.0 0.0 0.0 0.0 0.0 0.0 0.0 0.0 0.0 2.948824335915232e-06 5.704811062418203e-07 2.4549130890900277e-07 8.030220925294368e-06 5.092370753243797e-08 4.246673010502814e-06 1.1864160264645242e-07 0.00010974341244265476 1.4755082747120568e-07 4.735334493323062e-06 3.689483603146125e-07 5.576076133515923e-07 6.979954960810987e-08 0.0 0.0 4.911964305699194e-06 0.0 0.0 0.0 0.0 0.0 5.431211440754317e-05 6.383073623988745e-06
6.26924682521343e-05 0.0009240083377016115 5.5163408699151826e-05 9.535998761285668e-05 0.001100391680485797 2.681752380410676e-06 0.0 4.0532608749306915e-05 0.001066085691038095 0.0010370841724257793 0.0002545179100264806 9.543824726449118e-05 0.0018104245741681956 0.0024728126466553786 5.948961858920317e-06 4.709159848369925e-06 4.673755163801377e-07 1.8588270364594865e-07 0.0 1.1493931952692787e-07 5.66562267653871e-08 5.07867055189967e-08 0.0 0.0 6.958147040829009e-07 1.5715168201357422e-07 6.064360736699272e-08 1.0536557272722322e-07 3.3703092712855924e-07 0.0 3.464834859157818e-05 1.5572245477064624e-06 5.2723365186762915e-06 2.3209112293846087e-07 1.2087691746616885e-06 4.6448950437028257e-07 8.129217952585087e-06 8.238402647982542e-07 1.984442869930198e-06 1.7405844010803817e-07 7.951294833259675e-07 1.652820364798531e-07 5.4080529344721656e-08 1.3358122394166962e-06 2.0593654548463103e-07 2.84965992263008e-07 3.076395610143865e-05 5.529424502630855e-06 6.106375709064214e-07 1.9297300568043592e-07 1.2239720859506563e-06 0.0 4.919143212930124e-08 1.1674381893488198e-07 3.207696121566592e-06 5.7571465869436876e-06 1.6075972018806052e-05 7.852572483372882e-05 1.4981354852091163e-05 1.2828751353768334e-05 5.42267255447671e-07 2.3861800780775603e-06 2.7357873316256537e-07 2.6637393303022826e-05 3.212652552170199e-06 2.0156223682030567e-06 2.200368808513355e-06 1.6116514906932238e-06 1.253819471763637e-06 3.049309785471143e-07 1.1208780229227331e-05 8.208469570623798e-07 0.0 7.436706560037846e-05 5.048201920940973e-05 1.9254656355043797e-05 1.8301999678404052e-05 4.280296854506965e-06 8.927951492312096e-07 3.832788313518429e-06 2.3534654268990545e-07 4.378866438450983e-06 9.874957067910318e-06 1.2333529102263768e-07 2.338202641167651e-06 3.5476666071298066e-06 1.7673302122145752e-06 0.0 1.2043507205204522e-06 0.0 4.3729370470786777e-07 2.715745170288827e-07 9.269372561530282e-07 5.489137502099072e-07 1.3798254538522914e-07 2.7443176129215726e-05 1.2904892660492728e-05 0.0 1.0141739920202669e-05 3.5385765069193776e-05 4.264821601051134e-06 4.008366021740235e-06 4.739798183725694e-05 4.472436284150926e-06 1.0205184542993406e-07 6.212028507749302e-05 5.695275754224936e-06 1.73929901667105e-05 3.156726886839341e-05 3.19889196876094e-05 1.1287764447514048e-06 2.2403130286175883e-05 9.168805136951929e-06 4.2519573109805495e-06 6.8614548234591685e-06 2.4176307919056845e-07 1.1653622887752609e-07 0.0 0.0 0.0 0.0 0.0 0.0 0.0 0.0 7.5054182647099e-08 0.0 0.0 0.0 0.0 0.0 0.0 1.3989762107404672e-07 0.0 1.8179659776785604e-06 1.8587917273297108e-07 0.0 0.0 0.0 3.0075499798418404e-06 0.0 1.5088121696554217e-06 2.9963860531454884e-06 3.2047480423223787e-07 0.0 0.0 0.0 5.321400531465513e-08 2.03484442967739e-07 0.0 0.0 1.717806861315824e-07 8.115377179465864e-07 0.0 0.0 0.0 5.7337023909529754e-08 0.0 3.1989415897428777e-07 2.8890391850032995e-07 4.7867767098147796e-08 2.5023021714381016e-06 6.184405126179905e-06 8.230779458662209e-07 0.0 0.0 1.1401623182490775e-06 5.074103199417162e-07 1.0767869626472815e-07 3.7801217076282847e-07 0.0 1.213052232534749e-07 5.143986830509245e-08 0.0 0.0 0.0 5.821494152239784e-06 1.3654781198998557e-07 0.0 0.0 0.0 1.0283594465622398e-06 4.817750845354362e-07 8.029290197352774e-07 3.033401162087291e-06 3.4988159944332316e-06 4.869260131926575e-07 2.4372696176573966e-07 3.4523355739788993e-07 2.7648306016479686e-07 0.0 0.0 0.0 9.688826937048252e-08 0.0 0.0 0.0 6.9226906529895015e-06 3.2908623134719563e-06 5.736271695608214e-06 9.114267548188336e-05 2.8703395648375413e-06 0.00013057125356846333 1.3420202310458825e-05 5.118637567111903e-05 2.2473312257831974e-05 1.4019460279770456e-06 1.1761892308348399e-05 6.956462070163429e-06 0.0 1.0731019727999597e-05 6.421548540987756e-07 7.942239163767293e-06 1.6791037687778073e-06 2.2494018675410098e-07 3.5017291185022694e-07 4.943019544324272e-06 7.159071097070863e-08 2.8407329156354063e-05 7.488379442700339e-06
0.00011895116343320319 0.000352121506366445 0.0014574486785893781 1.4423270725198825e-06 0.00023977811239876345 6.573301698783722e-08 4.0532608749306915e-05 0.0 0.0004556392141823004 1.8774537976604044e-05 0.00033376533782112397 7.946135557748631e-05 0.00019699280891204065 0.0013785462572514073 5.077566420735419e-06 5.727658581597422e-06 1.6466270830046071e-06 2.1063753395864956e-06 1.2220651684837554e-07 2.08669185080718e-06 1.9580739224617824e-05 3.293238488410272e-06 5.601911495717286e-07 1.5578745723828583e-06 2.3072332939431865e-05 3.0625744197788067e-06 2.5293071895702203e-06 2.6385066431479545e-06 1.6234505069083887e-07 2.1051361876912687e-07 0.0006292685305009983 0.00020338152876803685 0.00016447042920551076 8.469499085109494e-06 2.887819614135628e-05 2.147391314368575e-05 9.566298648920367e-05 2.1886163289110955e-05 3.311104317145231e-05 7.629851872544977e-06 4.502894376327184e-05 4.395334271256788e-06 2.960275518353432e-06 3.037078672701219e-06 3.878293912784144e-06 3.215634213936375e-06 1.9897156202649688e-05 3.0415683753138583e-06 1.3854010676002354e-06 2.8069750178006544e-06 1.0757269536507351e-05 2.1149707472341643e-06 1.0960307275818235e-06 1.8321371890010316e-06 1.2888653197469305e-06 2.281811116329554e-06 1.4110515890971354e-05 0.00011725162611562952 6.896475544982268e-06 6.325260569988651e-06 8.297610902965388e-05 7.684482796115463e-05 7.87604235402177e-06 0.0001240937092756804 2.3600282286640753e-06 2.240057582603132e-06 4.587485631760736e-06 8.144612478492621e-06 3.7906302856530496e-05 2.7665392760489097e-05 3.134074066000242e-05 1.2536055666382057e-06 0.0 3.92743073338745e-05 5.0469327571487406e-05 1.3804073666562026e-05 2.3490741025147318e-05 2.7949068242907483e-05 0.0004656280749590045 0.00047943000175493705 0.00014981701425012775 0.0005492535541943625 4.782668216308132e-06 4.806887805968541e-08 8.596706963213289e-07 2.772088229245613e-06 4.133898283076278e-06 0.0 9.458908732776362e-07 7.158229807413984e-08 1.100274181388174e-06 1.0980129251493708e-06 6.331811942473257e-05 1.0983822517403931e-05 1.684576528498331e-06 5.162220504405722e-05 6.401188362232629e-06 0.0 1.5000414711711028e-05 3.183606984464537e-05 7.228896670975238e-07 8.81921400560429e-08 1.2204304593716112e-07 0.0 7.970386842317014e-08 1.0276966449880284e-06 0.0 0.0 2.3097238078724424e-06 1.7288473096544294e-06 6.590167549222579e-07 3.1377968042425277e-06 2.6761892198215833e-06 2.9764462408032956e-06 3.2084302795251946e-06 1.1620118926445436e-07 0.0 0.0 0.0 0.0 0.0 8.969198383191433e-08 1.5207075867013055e-07 0.0 0.0 3.401409449195523e-07 0.0 3.9498674569566717e-07 0.0 0.0 6.380169391949944e-08 0.0 1.7044142983187763e-07 0.0 4.0453934154966264e-07 3.202134735067027e-07 0.0 0.0 0.0 3.3743889951895565e-06 3.9818747946115476e-07 2.3876730283717386e-06 4.4220758608348785e-06 1.8038795557492643e-07 1.7831076004550816e-07 0.0 0.0 0.0 1.3738140960905836e-07 0.0 0.0 5.513416802174174e-07 1.7742959438118746e-07 0.0 1.0395555140630308e-07 0.0 5.336926318415511e-07 1.5152154199089636e-07 0.0 1.3351847858209354e-07 0.0 2.3347790843473773e-07 6.680092262521606e-07 2.1828843015455466e-07 0.0 7.296240591469996e-08 9.211045634512887e-07 5.101789398863661e-08 7.44850409137029e-08 1.1458693182185507e-07 0.0 0.0 0.0 0.0 0.0 0.0 3.0029001127719486e-06 4.175478465378276e-07 0.0 2.4114682696299487e-07 3.6416368833972176e-07 3.6479968432763685e-07 2.784745598319369e-07 7.452141708710701e-07 1.4543236601505684e-07 7.921246720655397e-08 3.733715971594904e-07 0.0 5.5240304762266034e-08 0.0 1.0926465892179202e-07 0.0 0.0 0.0 2.4559588091119655e-07 6.046132938017531e-08 0.0 2.883306588072999e-06 3.477945445516406e-06 3.7252325819456223e-06 5.936525499963144e-05 8.402944940927516e-06 8.052458657960615e-05 2.0984564941456562e-05 1.943222416869694e-05 1.3124181763471377e-05 5.720957435381385e-08 6.868765578779223e-06 2.1134307555101216e-06 1.2314622315059565e-07 2.1061120621106517e-06 1.4442158390221494e-07 2.481879245596795e-06 2.9738519737156015e-07 0.0 3.837998119502073e-07 3.0648820095382707e-06 1.6925621284820886e-07 4.126354081746873e-06 4.1659567585380544e-06
1.2237774972501325e-06 0.0012675754889081767 0.0003067467927139068 4.597663602806337e-05 0.002748982089618726 0.0 0.001066085691038095 0.0004556392141823004 0.0 0.00012131313941360896 0.0007515727208756615 2.5736219387942765e-05 0.0009365668070769598 0.0012521922271439727 5.327761786300524e-07 2.6536508281886836e-07 1.0448921566566177e-07 0.0 0.0 0.0 0.0 0.0 0.0 0.0 0.0 0.0 0.0 0.0 0.0 0.0 6.65766588888709e-06 1.067193411655962e-07 1.318942849431825e-06 0.0 6.659660578462169e-08 0.0 2.6564778894912834e-07 2.732644473754058e-07 1.9692385557723818e-07 0.0 6.379009974803516e-08 0.0 0.0 0.0 0.0 0.0 2.3726136845224207e-06 2.91042145299418e-07 0.0 0.0 0.0 0.0 0.0 0.0 1.4767949428542975e-07 3.820687192734225e-07 7.357671182361626e-07 6.206290532004014e-06 1.4630557892379087e-06 1.1029560824554162e-06 0.0 0.0 7.886494421899423e-08 3.3363030052334613e-06 3.930187840095377e-07 8.514961968097915e-08 1.8619465851256072e-07 9.110652886530451e-08 4.3639848445594934e-08 5.4182425104805294e-08 3.6448184604490203e-07 0.0 0.0 5.507450992326572e-06 4.414436419818508e-06 1.8140401722280852e-06 1.0842049618951156e-06 2.0846502449813072e-07 5.094594451446148e-07 1.5269221359869654e-06 0.0 9.751797446283098e-07 3.1768045351465486e-07 0.0 1.4371704590064367e-07 1.0132057522289813e-07 8.325277697066676e-08 0.0 4.6902153045693746e-08 0.0 4.6946859238491604e-08 0.0 0.0 0.0 0.0 2.5189444045825764e-06 3.886399339350123e-07 0.0 3.939977231577885e-07 1.2041517073874073e-06 0.0 0.0 0.0 0.0 0.0 1.481012687470312e-06 0.0 0.0 2.495833780588295e-07 1.120410572346395e-07 0.0 1.6364765369658557e-06 1.6814798962344088e-07 9.6325317526096e-08 2.9288196247018686e-07 0.0 0.0 0.0 0.0 0.0 0.0 0.0 0.0 0.0 0.0 0.0 0.0 0.0 0.0 0.0 0.0 0.0 0.0 0.0 0.0 0.0 0.0 0.0 0.0 2.7842703926840393e-07 0.0 0.0 1.5355675073482228e-07 0.0 0.0 0.0 0.0 0.0 0.0 0.0 0.0 0.0 0.0 0.0 0.0 0.0 0.0 0.0 0.0 0.0 0.0 0.0 0.0 0.0 0.0 0.0 0.0 0.0 0.0 0.0 0.0 0.0 0.0 0.0 0.0 0.0 0.0 0.0 0.0 0.0 0.0 0.0 0.0 0.0 0.0 0.0 0.0 0.0 0.0 0.0 0.0 0.0 0.0 0.0 0.0 0.0 0.0 7.520503637172e-07 4.548195768823553e-07 1.296277146371834e-07 7.156896615824224e-06 2.397065900053474e-07 1.158608086491043e-05 1.2102917535459372e-06 3.2950531532217255e-06 1.3277741980371386e-06 0.0 1.0883669845604854e-06 5.829301471333812e-07 0.0 3.6992208079074856e-07 0.0 0.0 0.0 0.0 0.0 1.2579538773370385e-07 0.0 1.217785391165539e-06 7.643616385713618e-07
0.0006286596548211355 0.0016950524246127185 1.1526730327084146e-05 0.0006694456941760305 0.0002474999539816527 0.00018460112742554326 0.0010370841724257793 1.8774537976604044e-05 0.00012131313941360896 0.0 5.530020666208176e-05 0.0006520626843161447 0.0022081160783631714 0.00021916286276494698 7.809373351571553e-06 6.372540863094949e-06 1.2157652988730159e-06 6.037438172723259e-08 0.0 0.0 7.08473968108732e-07 1.5069726373749416e-07 0.0 1.8889819829221952e-07 7.311944132694338e-07 0.0 3.2748215571086954e-07 2.9187783211394453e-07 1.383439373500467e-07 1.062210292012085e-07 3.123280416392514e-05 1.7259222719914814e-06 3.5949320919841954e-05 7.95147358033351e-07 2.1613812573381485e-06 9.609856989175107e-07 5.7523255508816475e-05 4.498766526683649e-07 7.1019119439817065e-06 8.79596346162936e-07 1.9517306748513054e-06 1.8499154523891029e-07 2.1526829093326684e-07 9.12659953413487e-07 3.65169139550941e-07 8.205574265147393e-07 4.457730918644128e-05 1.1111561556185756e-05 7.746214141368825e-07 5.090483398243417e-07 1.9515586701809757e-06 3.0180680257205473e-07 3.733470922781045e-07 3.9336764511815243e-07 9.584616421782723e-06 1.6339925245783195e-05 6.269093533518578e-05 0.00018566708969676424 3.971570125084629e-05 2.366433723939426e-05 4.333067428086568e-07 1.069543093092343e-05 9.323988274549238e-07 2.536947101950523e-05 1.0060661762607271e-05 4.083659257555562e-06 4.384154097180915e-06 3.833715782487774e-06 2.9697830065783125e-06 6.508611186010769e-07 0.000148081125294247 6.782409392608965e-06 1.0776836764149582e-07 0.00018969875452548427 7.690338332701867e-05 2.5673023107470293e-05 1.9487176829230598e-05 5.022886313878078e-06 7.346796099886313e-07 8.349945293972841e-06 6.946690911659424e-07 1.9395206901495367e-05 2.2506007640067287e-05 5.726229761833938e-07 4.300933983313551e-06 1.083488173611111e-05 4.659507234977255e-06 1.0840216652096885e-07 3.0688683843908253e-06 2.996804030364857e-07 7.97259931756858e-07 2.613762950318951e-07 2.500119855708509e-06 1.0806217758660113e-06 5.536592540865602e-07 0.0003735448966907168 0.00013565867980038095 1.0824260464984307e-06 5.829911192235681e-05 0.00032593394740988257 4.119721572507921e-06 3.4108175409251304e-06 3.797176526659232e-06 1.4121254687975472e-06 4.376275874937048e-07 1.700892686577499e-05 1.4073450114723279e-05 5.9710060738145446e-06 4.0545828086058606e-05 4.897434920808868e-05 4.881940395819932e-06 4.288683946921996e-05 7.816797025747615e-05 3.351413067755634e-05 4.356857778728148e-05 1.7453757161788328e-06 1.0945357571565041e-07 0.0 0.0 0.0 0.0 0.0 0.0 0.0 0.0 0.0 0.0 1.0137921945726635e-07 0.0 0.0 0.0 0.0 0.0 0.0 3.283316346686062e-06 2.6587626405459016e-06 0.0 0.0 0.0 2.3377799434025217e-05 7.912208792058296e-07 1.1597317119208066e-05 1.7533815550277223e-05 4.36200666998815e-07 0.0 0.0 0.0 0.0 0.0 4.200195244707994e-07 0.0 7.690366536840492e-07 1.303781165220911e-06 0.0 0.0 0.0 7.165485315600536e-07 0.0 4.491292386782775e-08 0.0 1.0083128046781379e-07 4.4519568939176144e-07 3.2277634179966567e-06 2.814745344322288e-06 2.4177307624980565e-07 5.851350598427261e-07 8.327766231008425e-06 7.07340251519605e-07 0.0 8.75362621791612e-08 0.0 4.299411007309505e-08 0.0 0.0 0.0 0.0 4.2810473086217585e-05 2.2997065861724902e-07 1.3649016918814884e-07 5.3329886598024e-08 0.0 6.831653145271518e-06 1.1543305598061109e-07 5.743382790317289e-06 1.2591374022450503e-06 1.7134163221064044e-06 7.10026257596923e-07 2.005008344512545e-07 3.4653112475195e-07 5.600008558081394e-08 0.0 0.0 0.0 6.278956073604388e-08 0.0 5.756015775372206e-08 0.0 5.725899398306476e-05 2.1332141997739906e-05 2.0476458634538467e-05 0.00028552465214022507 6.986546860234175e-06 0.000276416444713088 3.2151318198394646e-05 0.0005032445686408748 4.243967184262758e-05 4.523430368217821e-06 4.4089513804632186e-05 8.037710565816877e-06 0.0 7.2646352771782935e-06 3.4223399200364976e-06 4.6365404447518784e-05 2.268456771796447e-06 0.0 1.4886272998663307e-06 5.6278800225462275e-06 5.453992788552406e-07 0.0006060955077204941 0.00014307527205277448
4.808076173148164e-05 0.000426477064600567 0.0004649402782072192 2.2688300471395377e-06 0.0004724706706280525 0.0 0.0002545179100264806 0.00033376533782112397 0.0007515727208756615 5.530020666208176e-05 0.0 0.00017441086378266825 0.000695005218680065 0.0020837111520953613 4.893593069073388e-06 3.50939348310242e-06 1.0517440918494823e-06 3.8094632059850985e-07 0.0 1.898029105705899e-07 4.13779041535788e-07 1.6631679426878617e-06 0.0 1.5930473174073676e-07 6.097215692028661e-06 6.312587544898549e-07 5.12686319752391e-07 5.18998120223118e-07 7.170074768663054e-08 1.2167261518044257e-07 0.00015574520064442351 1.091963601008463e-05 0.00020228492492320715 1.2187575102129287e-06 3.6004188096022796e-06 6.099613130142195e-06 9.990812820361104e-05 1.1427864694647987e-05 1.6378457904863998e-05 2.545015983998836e-06 5.107121314868359e-06 1.1755860300357244e-06 1.7431525575414243e-07 5.100849001918315e-07 3.202731925544345e-07 2.598596729446009e-07 1.4222586494782192e-05 1.5216201291461077e-06 2.211424653877133e-07 3.1268346057700067e-07 1.8211088139675584e-06 6.423467104424353e-07 3.365645271930752e-07 9.988754167304641e-07 9.057922327086919e-07 2.399882890916005e-06 4.629873180192608e-06 3.934973276957529e-05 3.5453086047387225e-06 3.941823277486339e-06 1.7964623205253876e-06 4.884934877649119e-06 1.0088252359779162e-06 2.5071771113327594e-05 9.974219841726061e-07 1.2945915282283237e-06 9.692123980997547e-07 1.6360911581019965e-06 2.54215804663202e-06 7.140374610698287e-07 3.321109917047993e-05 1.2627356054456082e-06 0.0 2.586272059568434e-05 2.375121564673059e-05 9.830182358997922e-06 1.3248052510108984e-05 2.8994309640526433e-06 1.504589592264138e-05 0.00020397103757582803 1.743765762306208e-06 6.706914087564765e-05 3.3933746495221346e-06 0.0 7.812673477515791e-07 1.665803462752728e-06 1.1513220190728068e-06 5.089495519583215e-08 6.248300799362666e-07 5.2635837738916636e-08 4.097692754638869e-07 4.633868926209068e-07 3.0655366615236053e-06 1.5376940018472215e-06 1.2717802073819048e-07 5.774115110547794e-05 4.167141669048837e-06 0.0 8.272006290675278e-06 1.3563152794288737e-05 0.0 1.9406114413981928e-07 2.610758954880715e-07 0.0 0.0 2.96923571506679e-07 3.6418261196135213e-07 4.2271558372210843e-07 8.5711857573035e-07 4.5580250449465413e-07 0.0 1.0258882089142603e-06 2.0214624723688336e-06 7.092655400936366e-07 2.5631326409356554e-06 6.039254564142528e-08 6.470489973255292e-08 0.0 0.0 0.0 0.0 1.1256984814344601e-07 3.228986853444266e-07 0.0 0.0 0.0 0.0 0.0 0.0 0.0 0.0 0.0 0.0 0.0 0.0 6.375584125911374e-07 0.0 0.0 9.030733822342513e-08 7.128813072121718e-07 0.0 8.163832787460023e-07 1.9718179524502863e-06 2.247414110296304e-07 0.0 8.556576237954665e-08 0.0 0.0 6.675950259873828e-08 0.0 0.0 0.0 5.442752571689837e-08 6.464319940235572e-08 0.0 0.0 1.5204696601446753e-07 0.0 0.0 0.0 6.664897811610918e-08 4.226495927714959e-08 0.0 0.0 8.491211182674372e-08 7.2953643380049e-08 1.243882023661165e-07 0.0 0.0 0.0 0.0 0.0 0.0 0.0 0.0 0.0 1.2137060255326965e-06 9.792886136721568e-08 0.0 0.0 7.607455606634203e-08 6.137673324577565e-07 0.0 6.212913929070228e-07 0.0 0.0 8.056529896018833e-08 7.812826972950369e-08 0.0 0.0 4.011997280847372e-08 0.0 0.0 0.0 0.0 0.0 0.0 9.006394824802275e-07 1.2459196367064707e-06 2.252280692545843e-06 4.940470538965439e-05 2.8263365287550036e-06 5.715782787449333e-05 1.0068952782247068e-05 1.905150576896278e-05 8.813095002478478e-06 1.217698059342358e-07 5.438808058443709e-06 1.7335321836977296e-06 0.0 6.099058690474328e-07 0.0 6.00471342952209e-07 0.0 0.0 0.0 1.5534971942414931e-06 0.0 3.898812104211533e-06 1.4538374085417546e-06
