0.0 0.0017361212953615707 0.00033759281917907023 0.0006778726183054177 2.0297449944078847e-06 2.0656855496182602e-05 0.00021152531983356543 2.3088396889896566e-06 1.530274114065115e-07 0.0004282281101772375 2.10763653770101e-06 3.070607428285887e-05 2.246310998385361e-05 8.841116049792684e-06 2.953576836955709e-07 0.0 6.858180946062932e-08 0.0 0.0 0.0 7.58442227539528e-08 1.0291693015376163e-07 1.6746387851777552e-07 2.633659451050787e-07 1.3112279785599083e-07 0.0 0.0 0.0 0.0 0.0 0.00023521212144495988 8.356844286273195e-06 7.259271935618115e-07 1.3543713793184997e-07 1.718279024196132e-07 0.0 0.0 0.0 6.926981410385087e-08 6.458982612805324e-08 0.0 0.0 1.0973189921226861e-07 1.1202753659862472e-07 1.0533617193236828e-07 0.0 1.3727524396261141e-05 9.594032117288803e-07 0.0 6.561983005649765e-08 5.957941045086325e-07 8.658593582370466e-08 0.0 2.0539694266819208e-07 4.491256061478776e-06 4.358819757595203e-06 5.4058663306443825e-05 0.000179929721800646 2.6632660979283732e-05 1.375233199766328e-05 0.0 3.4688425627141924e-07 0.0 9.329213702310396e-06 2.2248081956389615e-06 1.9252173417208156e-06 5.930484743432898e-07 4.402768549452905e-07 5.785747081374159e-07 6.701098144567724e-08 7.432557127983727e-06 1.6069360103668377e-06 7.867839991297854e-08 5.4586091034448015e-05 1.935152679220381e-06 2.589079285076506e-06 2.492880769103796e-07 5.495336722823694e-08 1.004790729220863e-07 1.6278998488673247e-06 0.0 1.5302574249364027e-06 8.492828278709613e-06 3.433863666125995e-07 2.8705695046336963e-06 4.783793222756995e-06 5.582025623241295e-07 0.0 7.271908452922332e-07 2.2089406868819423e-07 6.238681511076413e-07 8.756470463841478e-08 1.2472348015686708e-07 6.105864770917868e-07 0.0 1.7760542784635325e-05 1.4588450275874834e-05 1.6411746528945472e-07 6.773398595344234e-07 0.00018935220357243183 0.0 0.0 0.0 1.203297465374396e-06 0.0 3.4727227254749707e-06 2.0007786078834126e-06 8.702116920775821e-07 6.895928439546465e-06 2.2261452863545654e-06 0.0 9.208123546904626e-07 4.767939027799286e-06 1.9772246728622122e-06 0.0 2.997689877797217e-07 8.324438187642519e-07 0.0 0.0 0.0 0.0 0.0 0.0 0.0 0.0 0.0 0.0 0.0 0.0 0.0 0.0 0.0 0.0 0.0 0.0 0.0 0.0 0.0 0.0 2.7176403996960347e-06 0.0 3.587191311378152e-06 8.464963890355502e-08 0.0 0.0 0.0 0.0 0.0 1.1448590918469148e-06 0.0 0.0 0.0 0.0 0.0 0.0 0.0 0.0 0.0 0.0 0.0 0.0 0.0 0.0 0.0 0.0 0.0 0.0 3.166972364192905e-07 0.0 0.0 0.0 0.0 0.0 0.0 0.0 0.0 1.5126029179203833e-06 0.0 0.0 0.0 0.0 0.0 0.0 0.0 0.0 0.0 0.0 3.436770625956153e-07 6.980331901016168e-07 0.0 0.0 0.0 0.0 0.0 0.0 0.0 0.0 2.931203815476772e-07 2.0198818045742985e-06 6.089511325533148e-06 1.0518678918630824e-05 2.2501110584424535e-06 5.4116007144176935e-05 6.220251603103969e-06 0.0002821067691417974 9.303993752428024e-06 1.4243004140065002e-06 1.3134328528272156e-07 8.543085250110791e-06 0.0 3.4849662981812375e-06 0.0 6.499845918887569e-07 0.0 0.0 0.0 2.9421863531852604e-06 0.0 0.0002863690319549746 8.923485001632538e-06
0.0017361212953615707 0.0 0.0007614715843145552 0.0006963235046532942 0.0005696426516274041 0.00016857371679417064 0.0006279305509244651 0.00034393877666644374 0.0002557513988713832 0.0002832943383946794 0.00046920085602649624 4.372919326771364e-06 0.0003951200097703008 0.0008796012269266506 1.0690653656403004e-05 8.991053001927011e-07 4.5152470547780327e-07 2.7837216526242684e-07 0.0 5.804672365816004e-07 1.187400200872568e-06 1.1978326451240305e-06 1.7070585044558648e-06 1.0178908002865895e-06 6.987331788689294e-07 8.531907071150339e-07 6.313806626719998e-07 0.0 1.288487378594897e-07 1.7793736370629224e-07 0.0007519988021779286 5.641725483515187e-06 1.64894797172959e-05 3.940736839890434e-07 3.752196266687943e-07 0.0 1.8062902738338787e-06 1.0004808171339553e-06 9.934943284957318e-07 5.697013251275712e-07 3.163220080389265e-07 3.7413260865354755e-07 6.067026832948334e-07 1.4072264380770437e-07 1.5178423326504183e-07 2.732427428007634e-07 0.00022676967221206483 6.424446540682911e-06 3.7903981340598336e-07 4.709389822432862e-07 2.710977299151745e-06 5.506240997212552e-07 0.0 3.915219349607091e-07 1.8185295664349455e-05 2.2541399568833024e-05 9.356599003142716e-05 0.0002103338253453422 0.00010297597250242494 9.829504197867696e-05 9.573465834631733e-07 2.2278248451511436e-06 3.241118549074157e-07 0.00012502558658156695 9.870891154769587e-06 7.770240994900532e-06 3.742601867290493e-06 2.117396294144949e-06 3.605289473906969e-06 5.291242998247254e-07 4.137820180030722e-06 2.408379201468881e-06 5.0412628637413015e-08 0.00032567922335036896 4.9806806130924814e-05 8.453162641355926e-05 1.0731836574642511e-05 1.714189420541214e-07 9.389866709580352e-07 7.840414697500064e-05 1.5846852806520504e-06 4.981652330366751e-06 4.154748162735247e-05 5.665237636049693e-07 1.3528466901812973e-05 2.2178126349506124e-05 3.4753468054258046e-06 5.2301700778383664e-08 2.9931534308183984e-06 0.0 1.9552185437228418e-06 7.401699159130133e-07 2.3343340207629323e-06 1.3513294574535932e-06 4.426059132068674e-07 9.269753635324593e-06 4.731954457782088e-06 6.720227994427905e-08 3.1579351029740747e-06 0.0003703129852682117 0.0 6.475938767577375e-06 1.2345140288827777e-07 1.6367206159468611e-06 0.0 2.9340869860534887e-05 5.530731057682298e-07 3.191463086943194e-05 3.859140477084859e-05 9.003573624398176e-06 9.719411881663707e-07 1.2365673823970793e-05 2.408624087583528e-05 1.9303107039871834e-05 1.1891915700126732e-05 4.232120456774652e-06 3.8726565140292995e-06 0.0 1.062433513742196e-07 0.0 0.0 0.0 0.0 0.0 0.0 1.143777418103222e-07 0.0 1.4117232718149567e-06 0.0 0.0 5.064721999738221e-07 0.0 0.0 9.404616387655991e-08 0.0 3.6963147051829003e-07 0.0 3.7751366588781965e-07 3.793130062603928e-07 2.084158684820668e-05 3.8014794001533476e-07 2.6601688325942483e-05 5.941790145036439e-06 3.19569470843508e-06 0.0 0.0 0.0 0.0 3.045620147700907e-06 1.5005668938781368e-06 0.0 1.2770184610336344e-07 2.7394017876212625e-06 0.0 0.0 0.0 7.012058036981625e-08 3.263237270167424e-07 0.0 3.688507465992073e-07 1.073476935233317e-07 1.9175297349436997e-06 0.0 5.225502576876646e-07 1.8096999063000244e-07 0.0 1.263651509661367e-05 7.828886132924599e-07 0.0 0.0 6.061110545343259e-08 0.0 3.534989174293585e-07 0.0 0.0 0.0 2.3414031862196888e-05 1.1861567712861044e-06 0.0 8.570051702822892e-08 0.0 6.569831413631031e-06 0.0 1.3105166108412004e-06 1.6459187167258589e-06 1.956807842290358e-06 2.5956642117985342e-06 1.62599164985974e-06 1.1518115160812057e-06 7.762610687749445e-08 5.998984453972305e-08 0.0 5.448649354045803e-08 3.965308428202947e-07 0.0 0.0 0.0 6.3795310408466234e-06 2.335288853292808e-05 5.1447922759690805e-05 0.00020296633682032457 1.1462470332637386e-05 0.0005870700775021812 0.00011843732777867522 0.00032945878378756 9.214122300370145e-05 5.878311995580098e-06 2.0359409131377343e-05 2.2765627866321807e-05 8.222756730332807e-08 1.870652749791594e-05 4.793025145018491e-06 1.2471357654831628e-05 8.674318696549204e-07 8.111369155336552e-08 9.588490695812828e-07 9.810438655703836e-06 0.0 0.00035465707759484177 3.0233353791528642e-05
0.00033759281917907023 0.0007614715843145552 0.0 6.427105798214493e-05 7.151736911312944e-05 1.5094101503683513e-05 6.111053835279605e-05 0.0014875800668271016 0.00012516645448386882 1.04861392132113e-05 0.0011654175379821044 2.519890095318157e-07 6.062948893357864e-05 0.0007920610489360833 1.4618372720190797e-05 3.359427445837557e-06 7.502870524045665e-07 1.242187904206188e-06 6.169736487191971e-08 7.997655722675161e-06 2.6367303359695047e-05 1.0712139575683548e-05 3.34605215458889e-05 1.777623030565666e-05 1.0801387653411235e-05 4.945113729008223e-06 1.0656925285264223e-05 1.1492269513503464e-06 1.1330624945797133e-06 1.117520879843003e-06 0.0015756643918818799 5.896450708515142e-05 0.00012062566874497776 4.933887809593267e-06 6.617275077807631e-06 3.967515689066802e-06 7.881621218327067e-06 8.618904255915151e-06 4.509520126561864e-06 7.179155368363978e-06 6.271001555854437e-06 5.993474569664992e-06 4.567287981527612e-06 2.8836118839896717e-07 5.039182433436816e-07 3.254687288036852e-07 0.00011100065860450546 2.4493077383489025e-06 5.440333556701431e-07 1.3597016892827493e-06 2.5942853454150816e-05 5.94271976700939e-06 6.898582019535335e-07 4.06874792924141e-06 6.481145422008022e-06 7.007203477991954e-06 3.460249006870981e-05 0.00011840653700956152 3.3935966132612415e-05 3.5312850818407254e-05 6.611452400190342e-06 4.1851905543844245e-05 1.225140913864834e-06 0.00010904610183417274 4.542820210164905e-06 4.73248966484315e-06 4.806737510213756e-06 1.170361786936377e-05 1.9246330913792406e-05 5.457033267412702e-06 2.484584712322294e-05 6.288181526503053e-06 0.0 0.00011720510658292784 4.120704846087813e-05 6.613176788219817e-05 1.4669685828752611e-05 1.7455404517179156e-06 1.952574511824872e-05 0.0008140837479254802 4.942222158464015e-06 0.0001278822849867643 1.4976273506124389e-05 2.646851789643741e-07 5.070394905636831e-06 8.733872339428561e-06 3.3257923394824143e-06 7.464875949631023e-08 5.681888199919208e-06 4.9225633535733674e-08 1.5346009986890758e-05 5.935624492186411e-06 2.8433203459228778e-05 1.0986357452001063e-05 6.000697625424181e-06 2.8412877165901653e-06 1.8379787799906342e-05 4.625080273537292e-07 8.821261569555836e-06 0.00014167725583310545 0.0 1.9336401608732143e-06 0.0 0.0 0.0 1.199442150493099e-05 1.0053635123922067e-06 1.1223207908858763e-05 1.1529799860795428e-05 2.1401067675903304e-06 6.651181199247838e-07 5.403142037930706e-06 1.0047911707412244e-05 1.204583520853727e-05 6.700364095658254e-06 3.3824895544517212e-06 4.4521114969942755e-06 8.426836305801145e-08 1.1699786427266794e-06 0.0 0.0 2.070860478509588e-07 0.0 0.0 9.811944491580669e-08 3.0278996725992536e-07 0.0 4.1672534913843273e-07 2.479890183154676e-07 5.534070204576489e-07 0.0 1.2351164740397798e-07 7.173888887072028e-07 7.507397428900076e-07 0.0 0.0 4.2474074642775655e-07 1.6126412546486627e-06 9.736531450110778e-07 1.778536266848612e-05 0.0 3.1987999816529776e-05 1.681481642043095e-05 1.6186081849801157e-06 8.584598008778465e-08 0.0 0.0 0.0 4.62350339805716e-06 3.0006443394222245e-06 0.0 1.9494471097428465e-07 1.8720786103919522e-06 0.0 7.537968025958702e-08 2.7060418132302245e-07 8.383710761898865e-07 1.2557533402897332e-06 0.0 0.0 5.964488331771383e-08 4.233823468144086e-07 1.3733053833613025e-06 1.0593148798454137e-06 1.7022858867015767e-06 2.8932092836799244e-07 6.751816125448016e-06 0.0 0.0 0.0 0.0 0.0 2.367405455631407e-07 0.0 9.192957663438267e-08 3.934717161513508e-07 1.7330964492241856e-05 6.969050288666071e-07 0.0 3.576611631166841e-07 4.672236906861289e-07 3.1660753277863795e-06 1.5436424812005488e-06 6.813334239872118e-07 5.76512045191868e-07 3.2419171809909035e-06 3.1184423255297697e-06 5.455108166187426e-07 1.2703713379008734e-06 1.700444584847567e-07 6.318767082407898e-08 0.0 0.0 1.404560098320204e-07 1.0353434268053874e-07 7.370678688622343e-08 6.036904148920276e-07 3.452749546154134e-06 2.3725726847656248e-05 5.190623759231413e-05 0.00010718629836348817 9.022978120379595e-06 0.0002571103150166742 7.548343041452213e-05 5.995352495547731e-05 2.8770762907753438e-05 1.8125612565654528e-06 1.4002289860109308e-05 1.7251484937438636e-05 0.0 2.098135094108186e-05 1.2918887879574036e-05 4.338966632604253e-06 4.311609297995506e-07 6.27911932108852e-08 0.0 3.899070955483577e-06 7.962382456449977e-07 6.476584245201012e-05 1.3044849023129636e-05
0.0006778726183054177 0.0006963235046532942 6.427105798214493e-05 0.0 6.786966200673569e-06 0.00019045403128865738 0.00017409101921889289 5.803753014731762e-07 6.761429600570728e-08 0.00043918859665843595 7.310680844722409e-07 0.0001478323355149217 0.0002678532873144293 2.2719554308866975e-05 6.126847301583459e-07 2.7871315876767624e-07 0.0 6.71219752322432e-08 0.0 0.0 0.0 0.0 4.8929657207857037e-08 0.0 0.0 0.0 0.0 0.0 7.127175947616846e-08 5.601012660868802e-08 2.9356482463733547e-05 4.570843801555837e-08 6.018646173920159e-08 0.0 0.0 0.0 0.0 0.0 0.0 0.0 0.0 0.0 0.0 0.0 0.0 0.0 1.1438870988355095e-05 2.580505897252652e-07 7.19142824080464e-08 0.0 0.0 0.0 0.0 0.0 1.5891704754700162e-06 2.008583554236843e-06 1.1151476938374449e-05 2.2996782160749903e-05 1.0015845605030408e-05 8.549006698730899e-06 0.0 4.914826092802729e-08 0.0 2.9622517531537507e-06 7.883133941239653e-07 8.357159321279211e-07 2.549561755216582e-07 1.6607573594495734e-07 0.0 0.0 0.0 0.0 0.0 2.185037674612044e-05 1.5892259681015192e-06 2.6729196418762224e-06 1.5771393269035734e-07 0.0 0.0 2.2514792132691883e-07 0.0 0.0 3.2386616459496786e-06 0.0 1.2732378875373503e-06 1.3532283956142192e-06 3.6100904665894924e-07 0.0 4.2210155420664224e-07 0.0 0.0 0.0 0.0 0.0 0.0 7.435339498950558e-06 0.0 0.0 0.0 0.00010496600064354342 8.495411748163127e-08 5.976928040096039e-07 2.507500675992175e-07 1.9683048620259644e-06 9.197349853441141e-08 3.1139319947360256e-06 1.8883372311817128e-06 2.244537635263849e-06 1.070880909724896e-05 2.311914614075388e-06 1.9759439143486828e-07 2.092220679555221e-06 8.817619917287498e-06 4.348149523092041e-06 4.4948718703159284e-07 0.0 0.0 0.0 0.0 0.0 0.0 0.0 0.0 0.0 0.0 0.0 0.0 0.0 0.0 0.0 0.0 0.0 0.0 0.0 0.0 0.0 0.0 0.0 0.0 0.0 0.0 0.0 0.0 0.0 0.0 0.0 0.0 0.0 0.0 0.0 0.0 0.0 0.0 0.0 0.0 0.0 0.0 0.0 0.0 0.0 0.0 8.789048359067535e-08 0.0 6.671850659587775e-07 0.0 0.0 2.0049511201976713e-07 0.0 0.0 7.724732843476641e-08 0.0 0.0 0.0 0.0 0.0 0.0 2.7822626323957757e-07 0.0 0.0 0.0 0.0 0.0 0.0 0.0 5.630770110389541e-08 0.0 0.0 0.0 0.0 0.0 0.0 0.0 0.0 0.0 0.0 0.0 0.0 2.253440910395448e-06 2.524731903063418e-07 0.0 7.382701219870538e-06 1.4499118253875374e-06 2.8943156284392465e-05 4.053412631514431e-06 0.00012138867068028886 5.3140869506281e-06 2.2441380849076007e-07 1.681827938480637e-07 3.3078565678015205e-07 0.0 2.1074809699621443e-07 6.829518773886206e-08 2.233133880311886e-06 0.0 0.0 0.0 3.048487392007451e-07 0.0 0.00022714701812578605 8.376671043634075e-06
2.0297449944078847e-06 0.0005696426516274041 7.151736911312944e-05 6.786966200673569e-06 0.0 5.810672866184964e-07 0.0006392526237529798 0.0005235777110689025 0.0010982732704166547 3.776551797267388e-05 0.0008624984172500349 1.9385999858177376e-07 0.0001350132360187054 0.0013408888322688 3.2314463849852812e-06 5.634239198942171e-08 0.0 0.0 0.0 0.0 0.0 0.0 0.0 0.0 6.448156840395752e-08 0.0 0.0 0.0 0.0 0.0 9.488477056097032e-06 1.1955476067834118e-06 2.0423463605543823e-07 0.0 0.0 0.0 0.0 7.131493130299667e-08 6.148305276375498e-08 0.0 0.0 0.0 7.079611504607833e-08 0.0 0.0 0.0 3.981877055098859e-05 3.963482681844291e-07 7.093160980326968e-08 0.0 2.1817302472906787e-07 0.0 0.0 0.0 1.0975781168428053e-06 1.1992551546871295e-06 3.406645129153589e-06 2.0782065292265548e-06 6.0030552887500856e-06 6.9057087505531654e-06 0.0 0.0 0.0 8.744447382823719e-06 6.30825092828254e-07 4.0119099221229325e-07 1.0820379979907162e-07 1.5891253687952727e-07 1.2278167701754053e-07 0.0 9.772091014162485e-07 6.650413226573163e-07 0.0 2.4707728000541526e-05 8.444201548792073e-06 2.0230068712011315e-05 2.2822967378348675e-06 1.2432635901496152e-07 0.0 4.7634697038483595e-06 0.0 0.0 2.4843874132380877e-06 0.0 6.426528991070904e-07 1.1340982476487692e-06 1.398073840318287e-07 0.0 0.0 0.0 1.7780084612200916e-07 2.3553569786693196e-07 8.007968155214529e-08 6.569589855966214e-08 0.0 6.373006835959606e-07 1.136664866025949e-06 0.0 1.0567614644612757e-06 5.851632658956195e-07 0.0 2.2658937450011154e-06 0.0 6.105091257929784e-07 0.0 2.0951583642588584e-05 0.0 1.3821480363835332e-05 1.5663777420081417e-05 4.883856473848516e-06 1.20468564630323e-06 7.30571228312981e-06 1.1477098042844118e-05 7.42745898272217e-06 6.708812647435566e-06 2.3569710637466903e-06 2.037911548494241e-06 0.0 7.438204880859439e-08 0.0 0.0 0.0 0.0 0.0 0.0 0.0 0.0 0.0 0.0 0.0 4.4870381228563084e-07 0.0 0.0 0.0 9.018056446885594e-07 0.0 0.0 4.904141044353856e-07 0.0 1.1648176438879841e-05 3.418290867948326e-07 1.0100660225943855e-05 1.7831809830583312e-06 8.462518822192827e-07 0.0 0.0 0.0 0.0 2.39066361036659e-06 2.323592674206222e-06 0.0 3.9654544367702854e-07 4.51740594444401e-07 0.0 0.0 0.0 0.0 0.0 0.0 0.0 0.0 6.547319074578652e-08 5.336684989805429e-07 0.0 3.8758138704550603e-07 0.0 3.572792445947846e-06 6.196961757776063e-07 0.0 0.0 2.744398851995482e-07 0.0 0.0 0.0 0.0 0.0 1.433222663006828e-05 8.552392422613777e-07 0.0 1.4456922800741798e-07 0.0 2.5049268168515415e-06 1.4823773374868977e-07 1.2247643558092511e-07 2.0951577701667886e-06 5.117045145791294e-07 1.5771826905104807e-06 0.0 0.0 0.0 0.0 0.0 0.0 8.753392606651418e-08 0.0 0.0 0.0 2.2521865578680017e-06 1.3604008717213709e-05 2.8620600656643266e-05 6.72507249774873e-05 2.1243651858954156e-06 0.00010320736470217279 3.790012582370869e-05 8.771712726920911e-06 2.063125649936539e-05 1.147785766669265e-06 1.0373185800743943e-05 6.911152376973836e-06 0.0 8.178506711634823e-06 3.812319666875163e-06 3.136442782500653e-06 1.8386843712933421e-06 1.4160465829367656e-06 0.0 2.5155956279203335e-06 0.0 5.299591935189397e-06 8.031279658906108e-06
2.0656855496182602e-05 0.00016857371679417064 1.5094101503683513e-05 0.00019045403128865738 5.810672866184964e-07 0.0 6.117310829998345e-05 5.224708692582317e-07 1.5349843010107948e-06 0.0002215829721918639 1.5037531622163566e-06 9.811476911289845e-05 8.463450984612572e-05 1.153529207576473e-05 3.407115714851355e-07 3.5676112215557684e-07 6.422626650009354e-08 0.0 0.0 0.0 0.0 2.688197742259879e-06 0.0 0.0 0.0 0.0 0.0 0.0 0.0 0.0 7.066663127323368e-06 6.19921819957591e-08 8.050966902651682e-06 0.0 0.0 0.0 6.934008760965628e-06 1.1743585843751317e-07 0.0 9.709573989753527e-08 0.0 0.0 0.0 3.781056782084866e-07 6.092049360154895e-08 2.743832887671417e-07 2.951510086963574e-07 0.0 0.0 0.0 4.722877331877359e-07 1.155653265718199e-05 2.735693681424424e-06 9.217800428783463e-08 0.0 1.1630268449739827e-06 7.113905880131416e-05 3.7187448472931283e-06 5.178041209267801e-06 4.810974025933277e-07 1.6653467846099614e-07 4.831646597372289e-07 0.0 7.02180472680947e-08 0.0 0.0 7.898836766311346e-07 2.4948013400574113e-07 0.0 0.0 6.286696586983697e-05 0.00014121756433488163 3.1957238777590235e-05 9.783953038269318e-07 1.3481033670472707e-07 5.956537939405514e-07 1.968603425254027e-07 6.901901860568168e-07 0.0 3.1857460869686613e-06 5.65575278995732e-07 5.104386722940199e-07 2.2977104011641884e-07 2.26659446679451e-06 5.547191073126412e-08 6.386543696811274e-06 0.0 8.572606886845542e-06 2.123049204200094e-05 2.7351751132030753e-05 8.792024837045692e-06 2.6786557235425057e-05 0.0 0.0 1.0354908460217564e-06 7.814937666847044e-05 0.0003435077450347739 6.220741207419147e-05 1.0380888012639574e-05 0.00016852228315822137 0.0 2.7905975651303216e-07 1.0326779394044576e-07 6.45319545712057e-07 0.0 2.6221462706471317e-06 2.9129718373319053e-06 9.943827134897733e-07 7.783550200012268e-06 2.2276136228331515e-06 0.0 7.473098712327848e-07 5.092882969592905e-06 3.4491852409228273e-06 1.864250854994377e-07 0.0 0.0 0.0 0.0 0.0 0.0 0.0 0.0 0.0 0.0 0.0 0.0 0.0 0.0 0.0 0.0 6.674068233958142e-08 0.0 1.1233428670520045e-07 0.0 0.0 0.0 9.585346525332988e-08 0.0 2.063267777301242e-07 0.0 1.0729543132072622e-07 1.1723691004462145e-07 6.536246545133212e-08 0.0 0.0 0.0 0.0 0.0 0.0 0.0 0.0 0.0 0.0 0.0 0.0 0.0 0.0 1.0947751785278714e-07 0.0 1.42768715645469e-07 0.0 0.0 0.0 0.0 0.0 0.0 0.0 0.0 8.424336345917889e-08 0.0 0.0 0.0 0.0 0.0 1.2448936782091916e-07 1.07767264015188e-06 0.0 0.0 4.1300054955110233e-07 7.738639030144005e-08 0.0 0.0 0.0 0.0 0.0 0.0 0.0 0.0 0.0 0.0 0.0 0.0 3.114115558104746e-07 8.089404795898537e-08 0.0 0.0 2.0789941273960496e-06 9.778094881337285e-08 4.185357914467301e-07 3.2222632387907204e-06 5.761232004258462e-07 2.5326540099984213e-06 6.343552398964776e-07 5.6950146548097634e-05 1.3695555458191237e-07 1.840942117197731e-07 3.790857980073137e-07 0.0 6.676049961448281e-08 7.396774417154849e-08 1.6378508057889364e-07 3.517389610139507e-06 0.0 0.0 0.0 4.894153393510331e-07 0.0 1.2926356388264558e-05 2.347758882048064e-06
0.00021152531983356543 0.0006279305509244651 6.111053835279605e-05 0.00017409101921889289 0.0006392526237529798 6.117310829998345e-05 0.0 1.2779712994768589e-05 0.0003470063581221485 0.0008350863857436903 7.866348823187689e-05 3.158623037724112e-05 0.0023194218986779358 0.0005130283233053464 9.497285557775026e-06 9.653482748694688e-07 4.040287492661399e-07 2.730721352418705e-07 0.0 0.0 0.0 7.40345688748719e-08 1.1430810859427625e-07 0.0 1.0789641894912271e-07 5.810119005314815e-08 6.10332134088321e-08 0.0 1.0312540362394465e-07 1.363343874273528e-07 5.992430813826297e-05 7.797314315996596e-07 1.1024416809726628e-06 0.0 0.0 0.0 2.6487723009324425e-06 1.5101771811897443e-07 4.7162696983938955e-07 2.7123252957612147e-07 7.693165842359533e-08 2.1165392545394877e-07 1.849042438968121e-07 0.0 0.0 1.3776604703114262e-07 0.00012326633416952286 2.3946148723955784e-06 1.9159116778877885e-07 7.141002439006645e-08 1.3543677994236782e-07 0.0 0.0 9.3073455312368e-08 6.752143234075499e-06 8.930906127858037e-06 2.4423548142078703e-05 3.613621244827267e-05 3.333326906608293e-05 3.9821614845612266e-05 3.248482904134285e-07 9.176288138911537e-08 6.081383404478402e-08 3.8380367375733054e-05 3.492983251020097e-06 3.454749058050329e-06 1.8565036472302726e-06 8.65313969784642e-07 5.96250093611444e-07 0.0 4.534258861868277e-06 2.9254958180853585e-06 0.0 0.00012276400105672627 2.5908057046962894e-05 5.4999111827451975e-05 6.30635787990125e-06 1.017861888374131e-06 4.011021980353964e-07 2.643863421300644e-06 4.515878139093602e-07 4.373303500627001e-07 1.4031269249323183e-05 1.7110265834669527e-07 4.404634292612626e-06 7.981100682332446e-06 8.3631944699159e-07 0.0 7.682914600450919e-07 0.0 1.2515502369218737e-07 1.9522039696972996e-07 1.2248355701455092e-07 1.537680916449548e-07 2.8926097365330155e-07 3.6573316932542856e-05 4.411441867483616e-06 0.0 2.584060067972192e-06 4.280887378782798e-05 1.753040612645142e-07 4.138764117321181e-06 5.007627237449054e-06 4.120437271963561e-06 2.589574742519718e-06 0.00011193606368019256 7.913607148112033e-06 0.00011315181520330337 0.00011708020410376817 2.8739752563233854e-05 3.550293744590018e-06 5.515336847671905e-05 8.930477870154744e-05 7.23525549821642e-05 3.1010586452281536e-05 4.6766552769759315e-06 8.884713227790499e-06 2.869252627538491e-07 2.3597083834419132e-07 0.0 0.0 0.0 1.7279894888978112e-07 0.0 0.0 0.0 0.0 0.0 0.0 0.0 0.0 0.0 0.0 0.0 0.0 7.801406348865859e-07 0.0 0.0 0.0 4.427247827620393e-05 0.0 4.969108637178173e-05 1.434458839470677e-05 9.75176236833305e-07 0.0 0.0 0.0 2.1593135425713677e-07 8.966504376082707e-06 1.7232674371578685e-06 0.0 2.198897172632092e-06 2.5393914615487173e-06 0.0 5.972140356951044e-08 0.0 6.149639213374232e-08 0.0 0.0 1.1731225404526265e-07 0.0 6.170757324032605e-06 2.094465614550287e-06 2.2433276904792996e-06 4.0509543433115987e-07 6.435861521162201e-07 2.254450466305618e-05 2.692482347899827e-06 0.0 6.690015386851369e-08 0.0 9.429175318483242e-08 1.442436365734575e-07 0.0 0.0 0.0 7.143396419513155e-05 2.3684062237521473e-06 0.0 0.0 1.6748220843161443e-07 8.631625561323492e-06 1.681147247051121e-07 3.136605071065867e-06 3.830132673734377e-06 4.644047591910827e-06 8.039911147570545e-06 1.361225650508004e-06 1.7034551741092314e-06 0.0 4.747619860167569e-08 6.66400659862165e-08 0.0 6.568662066558466e-08 0.0 0.0 0.0 2.4027606571254825e-05 4.985900129147626e-05 7.308824061954189e-05 0.00022508080867219847 9.701701622047635e-06 0.0003290168733371106 0.00010303596763157135 6.857633580144821e-05 6.055485546534737e-05 5.971416676951221e-06 3.2370581820792984e-05 3.0622164676403264e-05 1.1629724902376189e-06 2.6691694067100118e-05 1.4498496221579568e-05 1.7241427069515267e-05 2.056377604880819e-06 1.5246326686231341e-07 1.2968326845008641e-06 9.025921842320141e-06 6.786308079628542e-07 0.00016933894987761994 4.695685532031308e-05
2.3088396889896566e-06 0.00034393877666644374 0.0014875800668271016 5.803753014731762e-07 0.0005235777110689025 5.224708692582317e-07 1.2779712994768589e-05 0.0 0.00013602028131880488 1.329613483051236e-06 0.0006660231180941028 4.200527173263064e-06 5.251485449224927e-05 0.0003174656022132945 2.770401364754813e-05 2.990310239995627e-06 5.644175239635362e-07 3.1522243482112933e-07 0.0 4.975461997551356e-06 9.38547215002805e-06 2.285200808178492e-06 1.25209645642129e-05 6.3283067477706e-06 7.432766176794149e-06 1.8027878752122966e-06 5.605083781185817e-06 4.644118793461747e-07 3.1027303845116156e-07 6.16094707828635e-07 0.00035634644717415 0.0009424908288890946 7.510690016705051e-05 2.618393322005882e-06 4.795342133920386e-06 3.1401555894403336e-06 1.5182281195896146e-05 9.506936493939969e-06 5.129537107794998e-06 3.3388249551014437e-06 1.4658232134267899e-06 2.288217888130409e-06 3.0239662844736924e-06 1.3683482689085719e-06 7.654821759404097e-08 1.6735603844807558e-06 0.00010729506975561107 1.2689289471361797e-06 1.2206376746722586e-07 1.1558152107839816e-06 7.249276366388191e-06 4.0346226756203725e-06 5.556484693170434e-07 9.959367330461855e-07 7.75860870628205e-07 9.60000909263465e-07 6.223760356038858e-06 1.1721653272926953e-05 7.767055446803058e-06 1.037633836692949e-05 2.3608740125380032e-05 4.179151930266514e-05 6.726801320586002e-07 0.00010661378102064424 9.381185166315109e-07 1.769237007191713e-06 5.565582313973012e-07 4.140145176816389e-06 9.04633908628461e-06 1.4304729368451612e-06 1.1744128811512939e-05 2.388784399983495e-06 9.631906466902377e-08 4.720221378929635e-05 4.451042288955763e-05 8.74955291417541e-05 4.864003401703633e-05 3.246458223872787e-05 0.00016008136225061385 0.0007048039042446409 6.00402934616751e-05 0.00045118852757887847 3.836958932246909e-06 6.303944613137566e-08 1.2797046734685097e-06 1.7235549069737658e-06 2.5785277240866576e-06 0.0 3.099754051433964e-06 4.867369728523073e-07 4.996083142096554e-06 2.5340340210958607e-06 7.215421620700446e-06 3.0499417029695424e-06 3.2121064123462303e-06 1.308075062908436e-06 2.6327182157285613e-06 1.3382388390149065e-07 4.62685709040495e-06 9.050071915064613e-07 0.0 0.0 1.7699684862481112e-06 7.133391838324196e-07 1.0961536511228936e-07 1.692401317224707e-05 0.0 9.699687172614118e-06 1.0258357878636333e-05 3.199065260382765e-06 1.0177108850011621e-06 7.761919614624951e-06 9.63258558573524e-06 4.42323154362083e-06 3.2940960231884576e-06 1.860912100183905e-06 2.6004619356961438e-06 0.0 0.0 0.0 0.0 0.0 2.1664576488644196e-07 0.0 0.0 0.0 0.0 0.0 9.72599036457506e-08 0.0 8.12841968295493e-08 8.834300786671385e-08 2.8364177470056464e-07 0.0 0.0 3.141286831941957e-07 0.0 8.640673396017383e-07 0.0 7.087885792219404e-06 0.0 1.6543873798408627e-05 3.805822362340655e-06 7.173847334721427e-07 0.0 0.0 0.0 0.0 1.9514514459734905e-06 1.5636601279291961e-07 2.9322894611990035e-07 6.46111307640171e-08 1.0057591760055062e-06 0.0 6.760733651970427e-08 7.495174645154444e-08 1.4689265645821106e-07 1.653918907985753e-07 0.0 0.0 0.0 0.0 1.0841580202272098e-07 0.0 6.833471233475247e-07 4.1611542455832263e-07 5.39305892322529e-06 5.093509127291316e-07 0.0 0.0 0.0 0.0 0.0 6.986266599508893e-08 0.0 0.0 8.876416510433168e-06 5.065241595900797e-07 8.721936411802575e-08 2.995639535656344e-07 6.85438838844256e-08 2.2652944706080974e-06 0.0 0.0 4.132964491669471e-07 9.469410523495605e-07 8.431495283203769e-07 1.5722328679625582e-07 7.784501275783475e-07 2.6163298194897634e-07 0.0 0.0 0.0 2.4319011816670254e-07 2.0845196098165108e-07 0.0 1.116879111246105e-06 1.2640993451275457e-06 8.905738103497683e-06 2.0151344732366064e-05 0.00018672954296465808 5.9468543580092255e-06 0.0002623426174460773 0.00012494728077199285 1.5149381263560265e-05 3.33887934052262e-05 4.056980819226905e-06 2.9643037701739856e-05 1.4286789057975497e-05 0.0 1.5075297326231105e-05 5.379803015928586e-06 6.363115313815579e-06 0.0 0.0 2.6725686885921677e-07 9.861247928163843e-06 4.6433191131472316e-07 1.1359911460154184e-05 8.120240484168649e-06
1.530274114065115e-07 0.0002557513988713832 0.00012516645448386882 6.761429600570728e-08 0.0010982732704166547 1.5349843010107948e-06 0.0003470063581221485 0.00013602028131880488 0.0 8.391990444923335e-06 0.00028268835836003367 0.0 6.0015023968605455e-05 0.00015567362757730626 1.737468611420249e-06 1.555980315946874e-07 1.3481227581442172e-07 0.0 0.0 0.0 0.0 0.0 0.0 0.0 0.0 0.0 0.0 0.0 0.0 0.0 1.358350905469455e-06 6.066883637155502e-07 7.855217964044102e-07 0.0 0.0 0.0 0.0 0.0 8.659068344612192e-08 0.0 0.0 0.0 0.0 0.0 0.0 0.0 9.830526647365712e-06 6.268887640748039e-08 0.0 0.0 2.017717025128985e-07 0.0 0.0 0.0 0.0 1.6543402275119366e-07 8.407915794552392e-07 2.1901498189670613e-07 9.99604348075532e-07 9.60373644502793e-07 0.0 0.0 0.0 2.502022750769697e-06 5.659603606104126e-08 0.0 1.0281757102536359e-07 0.0 0.0 0.0 1.2371614974797753e-06 5.64979102916446e-07 0.0 4.876287711055895e-06 2.063238055650669e-06 4.7217844581770125e-06 6.621238021374364e-07 0.0 0.0 8.227011094385074e-07 0.0 0.0 2.826548616251369e-07 0.0 6.019681360172539e-08 0.0 2.7536573549760237e-07 0.0 5.351147082997119e-08 0.0 0.0 0.0 0.0 0.0 0.0 2.3095330038101963e-07 9.66698918044038e-07 0.0 1.1060494179993495e-07 0.0 0.0 0.0 1.3162651036618858e-07 7.5601724088209e-07 0.0 1.2723102234259209e-05 0.0 8.661263612828392e-06 1.078749284143349e-05 3.54964140251806e-06 7.433108815346303e-07 2.4066662047499642e-06 5.996321762298759e-06 9.909460263946969e-06 2.453706840958205e-06 3.817111266595561e-07 9.623735356973679e-07 0.0 0.0 0.0 0.0 0.0 0.0 0.0 0.0 0.0 0.0 0.0 0.0 0.0 0.0 0.0 0.0 0.0 7.497350539320818e-07 0.0 0.0 0.0 0.0 5.5262075963457645e-06 0.0 4.815040794973373e-06 9.53794743937047e-07 0.0 0.0 0.0 0.0 0.0 9.63137374445879e-08 6.450384557801444e-07 0.0 7.036310972037285e-08 1.4719231496361775e-07 0.0 0.0 0.0 0.0 0.0 0.0 0.0 0.0 6.979712749683335e-07 9.746130682366237e-08 0.0 0.0 2.3721903686196934e-07 7.485866500965721e-06 3.3968602537809896e-07 0.0 0.0 0.0 0.0 0.0 0.0 0.0 0.0 5.873753536509914e-06 1.244379110946483e-07 0.0 0.0 0.0 0.0 0.0 0.0 0.0 7.407200903438503e-07 6.583998634295751e-07 8.438441131512211e-08 0.0 0.0 0.0 0.0 0.0 0.0 0.0 0.0 0.0 1.6536985910302042e-06 9.139164344079622e-06 1.3711335378854969e-05 2.330429704366563e-05 1.2738251096178047e-07 2.6847223812201095e-05 1.45490170610615e-05 1.2620965644464367e-06 4.025510095971579e-06 1.7308245951247787e-07 2.169821522603551e-06 1.4179465950658377e-06 0.0 5.383064649576346e-06 2.0248925322137516e-06 3.8966938286104706e-06 0.0 0.0 9.32280726743943e-08 2.1173980627834616e-06 7.248791964001127e-07 1.9223954555340083e-06 1.721303856325048e-06
0.0004282281101772375 0.0002832943383946794 1.04861392132113e-05 0.00043918859665843595 3.776551797267388e-05 0.0002215829721918639 0.0008350863857436903 1.329613483051236e-06 8.391990444923335e-06 0.0 2.2430344144149454e-05 0.0004893355401286695 0.0030516596723967632 0.00015927504126530002 3.163397881832036e-06 6.345729017633673e-07 1.5444059193417824e-07 8.085873485364496e-08 0.0 0.0 7.901891609891847e-08 0.0 0.0 0.0 0.0 1.3813081700449412e-07 0.0 0.0 0.0 0.0 2.1880824885205515e-05 1.4173100641960054e-07 4.751583136153106e-06 0.0 0.0 0.0 3.2583191688970384e-05 0.0 1.517884490173714e-06 2.4247667922313443e-07 0.0 7.003770580471256e-08 0.0 0.0 0.0 0.0 2.715096932157719e-05 5.526158764875695e-07 1.325653633536457e-07 0.0 1.5879183475914938e-07 0.0 0.0 6.065073574145582e-08 1.6772364378336085e-06 1.8842193165252528e-06 1.2943118239983427e-05 1.798623336261396e-05 9.698405165399182e-06 1.0364348429771285e-05 6.986154514706763e-08 1.7659871744115243e-07 0.0 5.841616441404353e-06 8.331069559238069e-07 7.205078081432148e-07 6.235133068188587e-08 1.1156321571679551e-07 0.0 0.0 0.00015508875871514185 9.471650088648436e-07 0.0 3.107723285979572e-05 4.69753600651344e-06 1.020832221292356e-05 8.814310739227099e-07 1.7413052060087008e-07 3.4417668805922587e-07 9.282797681036368e-07 0.0 1.8547289740377272e-07 3.6021623889013417e-06 1.0942406235190799e-07 1.4576671987212573e-06 2.142228473229746e-06 1.7453093183658726e-07 0.0 2.0989003882544122e-07 0.0 1.5771563740217676e-07 6.099888051278791e-08 4.973451558452397e-08 0.0 2.2745870933957056e-07 0.0001907925018886024 3.83242893078348e-05 0.0 4.972702695597221e-06 0.00011201824028939786 7.768515809492105e-08 1.4627936856691677e-05 3.337483973381111e-06 1.0802782026705751e-05 5.573291404380833e-07 7.147112051160319e-05 1.2193343969155935e-05 4.77556168505608e-05 8.74267398134619e-05 3.1480736894502046e-05 3.605495262456037e-06 3.195503239465296e-05 9.639141652538515e-05 6.632067130757325e-05 9.471865717646485e-06 2.5088282799865035e-06 1.6539469419716242e-06 8.277055211206693e-08 0.0 0.0 0.0 0.0 0.0 0.0 0.0 0.0 0.0 0.0 0.0 0.0 0.0 0.0 0.0 0.0 8.961676001466578e-08 8.552498199982178e-07 0.0 0.0 0.0 1.0065974970228337e-05 0.0 5.066615943093216e-06 3.433897368278666e-06 7.708101674965855e-08 0.0 0.0 0.0 0.0 2.4148376044796673e-06 3.2459506399620473e-07 0.0 6.380878683728387e-08 5.426440112754922e-07 1.5586224487958774e-07 0.0 0.0 0.0 2.0367153564722958e-07 6.089986232675377e-08 0.0 0.0 1.9576144693055376e-07 6.036131573523691e-07 1.5563656490065485e-06 2.6616246944179174e-07 0.0 2.3957831199290235e-06 4.930648375555178e-07 0.0 0.0 0.0 0.0 0.0 0.0 0.0 0.0 3.0681519554146253e-05 3.0292023281361047e-07 9.233332058170691e-08 0.0 0.0 9.218416170692655e-07 9.185645302088632e-08 2.5181116547124913e-07 2.675911048868138e-06 8.103612972264715e-07 1.0694009735347344e-06 7.897888690832948e-07 1.896155985700881e-07 0.0 0.0 0.0 0.0 0.0 0.0 0.0 0.0 3.835445818102961e-05 1.5218292035522478e-05 1.5199265013879246e-05 7.019344938460236e-05 2.432471689048089e-06 6.952828253975199e-05 2.456672967926193e-05 9.951567837481537e-05 1.081364342333057e-05 3.63186215097411e-07 8.216473149780886e-06 6.945999073160432e-06 0.0 6.181419908641476e-06 2.9654741997385593e-06 2.4584619692215816e-05 1.7364073558623744e-07 0.0 8.47773985308655e-08 4.1531383070479e-06 0.0 0.0004111100037506904 7.903727134477499e-05
2.10763653770101e-06 0.00046920085602649624 0.0011654175379821044 7.310680844722409e-07 0.0008624984172500349 1.5037531622163566e-06 7.866348823187689e-05 0.0006660231180941028 0.00028268835836003367 2.2430344144149454e-05 0.0 1.4031015477398178e-05 0.0006638003914496166 0.0013862572058854065 2.5678679543831782e-05 3.5635624159164695e-06 5.824458785433457e-07 1.4469605856678684e-07 7.11075701572758e-08 3.2625362926672563e-07 1.4395765411862256e-07 1.936318872576083e-06 1.434738475283408e-06 4.847257112298963e-07 2.6666190312532257e-06 2.2693712292594562e-07 1.4534966468255912e-06 0.0 2.581611147160808e-07 5.4114533945007884e-08 9.543907502270358e-05 0.0001943993213797234 6.620023056639688e-05 5.511469689305242e-08 3.684773081662537e-07 1.9448616309903206e-06 4.061878541519846e-05 8.574121975045777e-06 8.096921224038303e-06 2.470831429781582e-06 7.476212496319504e-07 5.875108756835714e-07 3.8831541464607386e-07 3.115312819833358e-07 9.919808427246076e-08 1.9293950534061234e-07 8.707767246061671e-05 6.562404623500514e-07 1.5004943328195403e-07 1.3562766504835344e-07 2.154497923461433e-06 1.9459995346533782e-06 7.256874301061823e-07 3.4723449783828926e-07 1.4549406314958359e-06 1.2773888181999745e-06 5.4589010391794876e-06 6.752066709561921e-06 7.4541252101121845e-06 1.2165726069345585e-05 7.354260609088988e-08 2.1724218733920368e-05 0.0 2.2522326042651352e-05 6.014564411939611e-07 8.792443292656017e-07 6.789185974122179e-07 8.83304245364184e-07 8.772163188495646e-07 8.404234384142651e-08 2.3026462902500544e-05 2.2942373022770026e-06 0.0 3.925677219209163e-05 2.870531878660595e-05 7.416834007039285e-05 1.6435269365761302e-05 3.120092230864247e-06 1.583107084020258e-06 0.00011303188121328604 3.986442209424718e-07 6.721845915106869e-06 3.5219277277359086e-06 2.7070041230523173e-07 9.450752239542484e-07 1.7923284240638336e-06 8.549665906529709e-07 5.717383534691335e-08 4.4368081072107765e-07 0.0 1.5870923976678409e-06 9.59809585194186e-07 9.086447396810913e-07 1.3646919305479115e-06 1.3601761105821086e-06 4.658570215157447e-06 4.438558782322683e-06 0.0 6.906362929452111e-06 2.8542373894556183e-06 0.0 1.8233880944199102e-06 2.32022303854114e-06 3.583372398913048e-06 7.177032546138322e-07 4.705564415868081e-05 0.0 5.078477914780161e-05 3.8240861478510056e-05 8.031973071747575e-06 5.101201170580943e-06 1.5959659485917998e-05 2.8006874816358977e-05 2.3335636043838667e-05 1.0595618414467006e-05 4.1413904347062795e-06 5.080434375457889e-06 6.479711482352169e-08 2.1816003056322394e-07 0.0 0.0 0.0 0.0 0.0 2.896020353470237e-07 0.0 0.0 1.00159004754421e-07 0.0 1.0767862070528715e-07 0.0 0.0 2.29682727520611e-07 0.0 5.097068565570378e-07 1.150796654255498e-06 0.0 1.3142834443602198e-06 1.1997714053527598e-07 2.0344170171177056e-05 1.1208156829209885e-06 2.942871525023616e-05 9.764778158446423e-06 1.7822849524317792e-06 0.0 1.1700638186527398e-07 1.6827423459006027e-07 0.0 5.642831364166716e-06 1.5761218952247976e-06 0.0 1.2901996763819677e-07 1.1712768660127998e-06 6.508089820010956e-08 0.0 9.218071477962757e-08 2.1421674658555064e-07 4.5278588111430705e-07 5.920907374106525e-07 1.0741003227750217e-06 4.2975899610811287e-07 8.505066724495082e-07 3.8715575886019933e-07 1.6756965162439438e-07 1.3661865238502964e-06 0.0 7.982151760760758e-06 1.1483297402108597e-06 6.510088466765904e-07 0.0 0.0 0.0 5.8382254414383924e-08 7.399161013702114e-08 0.0 0.0 2.753596828756695e-05 1.2699178334155386e-06 0.0 0.0 3.4722289727435777e-07 2.738290443368351e-06 7.48011973842753e-07 1.727152304923268e-06 5.635263351447295e-06 4.185109529431645e-06 3.874998417294435e-06 1.1084270690713408e-06 1.3413658345231633e-06 5.673871191677214e-08 0.0 0.0 0.0 1.185413981466785e-07 1.8519915051802204e-07 0.0 0.0 4.494072258189886e-06 3.327323140863845e-05 4.4327163675519486e-05 0.00027716816446278817 1.0738572317219205e-05 0.00025813727891548383 0.0001274850244250026 1.6357001383742424e-05 3.446615739877961e-05 4.18532770697386e-06 4.1516561074266204e-05 2.7385192681144138e-05 3.8199717730286387e-07 2.0269755617775847e-05 7.729890172070789e-06 5.704731700551422e-06 2.201695329230372e-06 0.0 1.2335715363355858e-06 1.8813031589224727e-05 7.951884670594471e-07 1.1243784164079979e-05 1.644088761859898e-05
