0.0 0.0008648835242694508 0.00028984981531284557 0.0009064806690436877 2.2257310634574853e-06 2.28045939905549e-05 0.00010551177030660426 3.133091415333386e-05 5.656356733501626e-07 0.00041219785041856586 2.0031537267516018e-05 2.3542828732535053e-05 3.943743803210397e-05 3.948062559286582e-06 3.105701472631554e-07 5.448985536848445e-07 5.950096674593897e-07 0.0 0.0 0.0 0.0 1.3401577432025797e-07 0.0 6.486115700650307e-08 8.930251027587026e-08 6.055609631629341e-08 5.193826787105742e-08 6.715228095191897e-08 0.0 0.0 0.0006480994667374578 9.616216058123272e-07 1.6016874391800086e-06 0.0 0.0 0.0 0.0 0.0 0.0 0.0 0.0 0.0 5.617632938718245e-08 0.0 7.524924595030523e-08 0.0 1.2753814474590986e-05 2.9933389015260394e-06 1.7645520984565836e-07 0.0 0.0 0.0 0.0 0.0 1.0905752026303088e-06 4.52890664729663e-07 5.318190973464248e-05 0.0003503837552330264 1.4665269054221107e-05 1.177632424966821e-05 0.0 0.0 0.0 6.858512294721851e-05 0.0 2.519620229466247e-07 6.088224270300014e-08 3.3040076037330886e-07 0.0 0.0 5.4186065153422155e-08 0.0 0.0 4.7409112818696035e-05 2.327415641761629e-05 4.4492586162685535e-05 7.826267368003116e-06 2.8091154307229546e-07 8.049036205945194e-07 3.934889565667219e-06 6.743914745297088e-08 1.2616441801797957e-07 4.038305439459931e-06 0.0 2.92915148748662e-07 5.069829350179399e-07 3.142746707346865e-07 0.0 3.380817428002598e-07 8.003470799707718e-08 1.4896374020568964e-07 0.0 0.0 0.0 1.2204352548503703e-07 2.5820726445337384e-06 1.037495555972167e-06 0.0 6.568557991116468e-08 0.0006350914613692793 0.0 0.0 0.0 0.0 0.0 0.0 1.5822790493176683e-06 0.0 0.0 0.0 0.0 0.0 4.938488433197696e-07 0.0 0.0 0.0 0.0 0.0 0.0 0.0 0.0 0.0 0.0 0.0 0.0 0.0 0.0 0.0 0.0 0.0 0.0 0.0 0.0 0.0 0.0 0.0 0.0 0.0 0.0 0.0 0.0 3.755581980226797e-07 0.0 0.0 0.0 0.0 0.0 0.0 0.0 0.0 0.0 0.0 9.198777897233914e-07 0.0 0.0 0.0 0.0 0.0 0.0 0.0 0.0 0.0 0.0 0.0 0.0 0.0 0.0 0.0 0.0 0.0 0.0 0.0 0.0 0.0 0.0 0.0 0.0 0.0 0.0 0.0 0.0 0.0 0.0 0.0 0.0 0.0 0.0 0.0 0.0 0.0 0.0 0.0 0.0 0.0 0.0 0.0 0.0 3.5642783086135134e-07 0.0 3.617319283539345e-07 5.295476288034353e-06 7.78083933053374e-07 1.6617343377946852e-05 4.139895460717962e-06 0.00010351707818222911 4.125475872099209e-06 9.783792541738831e-08 2.6934147684289425e-07 0.0 0.0 0.0 0.0 0.0 0.0 0.0 0.0 1.0282399849643802e-07 0.0 4.091898538619632e-05 3.6006297369850415e-06
0.0008648835242694508 0.0 0.0006652213586608952 0.00016206198369680453 0.0004326462981801641 9.410431339164631e-05 0.0007381117452055607 6.253526605973984e-05 0.00011343453071721425 0.00017764200650211592 0.0002841486290841229 1.260149023246187e-05 0.0004388262859697646 0.0003884000167820333 1.923066176480916e-06 7.112835228062745e-07 0.0 0.0 0.0 3.6972904821394745e-07 0.0 0.0 0.0 8.154147327079063e-08 0.0 5.555125005502428e-08 4.7552820107666045e-08 0.0 5.6821847218662665e-08 0.0 0.0011555424274286264 6.308290658929452e-05 1.7723602286968782e-05 6.221856589727262e-08 0.0 5.7916119698077454e-08 7.104769466446248e-07 9.22103642332263e-08 0.0 3.1140470416233637e-07 0.0 6.159108237011633e-08 0.0 9.705956416072602e-07 1.203195471611036e-07 6.076027669717367e-08 7.542555150327502e-05 7.791802408572069e-06 1.0196864104776641e-06 2.748899837759243e-07 1.8762008680457312e-07 2.3688915259481342e-07 0.0 2.144597467835985e-07 1.2406212227588034e-06 7.24814497082284e-07 6.826796279915934e-05 0.00030826960062391916 3.0894552488359186e-05 3.5997875133751444e-05 1.0956822584392168e-07 4.5668825271395804e-07 0.0 0.00015686392617444118 3.342207590925391e-07 5.295077725930222e-07 5.744353453291332e-07 7.133429175926638e-07 1.2874647797654822e-07 1.2133132108165865e-07 1.006532195724196e-06 2.506848099839844e-07 0.0 0.00011365861853745472 7.049575561612881e-05 0.00014470691283928748 7.247316396561142e-05 3.3857914232698954e-06 2.4438152762926475e-06 0.00015026510921810918 6.387158920854292e-07 1.2872299473192948e-06 1.3178934066917712e-05 8.396215661332724e-08 1.22237665652054e-06 1.0009999213701604e-06 9.213836967620111e-07 0.0 3.3473851356855207e-07 2.3450372509523967e-07 4.176574484813607e-07 0.0 7.901539183831291e-08 2.0473725041532704e-07 2.739519271346259e-07 1.3107286464217519e-05 3.204506611948729e-07 0.0 0.0 0.00018308770142920616 0.0 0.0 0.0 0.0 0.0 1.5129966288627135e-07 9.660026288338605e-07 2.4159974925975264e-07 0.0 0.0 0.0 4.3942277925856853e-07 2.583522368433927e-07 1.0412423034735818e-07 6.782392550578062e-07 0.0 0.0 0.0 0.0 0.0 0.0 0.0 0.0 0.0 0.0 0.0 0.0 0.0 0.0 0.0 0.0 0.0 0.0 0.0 0.0 0.0 0.0 0.0 0.0 0.0 0.0 0.0 0.0 0.0 0.0 0.0 0.0 0.0 0.0 0.0 0.0 0.0 0.0 0.0 0.0 0.0 0.0 0.0 0.0 0.0 0.0 0.0 0.0 0.0 0.0 0.0 1.0034976924118923e-07 0.0 0.0 0.0 0.0 0.0 0.0 0.0 0.0 0.0 6.828207640707425e-08 0.0 0.0 0.0 0.0 0.0 0.0 0.0 0.0 0.0 0.0 0.0 0.0 0.0 0.0 0.0 0.0 6.442390611903231e-08 0.0 0.0 0.0 5.672055785818762e-07 5.2719165184003713e-08 0.0 2.4885577140781838e-05 3.0409078320136626e-06 9.140058708202351e-05 1.641860168400966e-05 0.00011095888443057023 9.384106354245896e-06 1.6155093494691713e-06 2.6043784303893763e-06 1.334717328421971e-07 0.0 0.0 0.0 0.0 0.0 0.0 0.0 0.0 0.0 4.766887218597078e-05 0.0
0.00028984981531284557 0.0006652213586608952 0.0 4.544050290783468e-06 0.0003099734024659996 5.643957964559446e-07 0.00027024522241029245 0.0010818345970902462 7.978302744113929e-05 1.8605845871039084e-06 0.000944158452117934 5.596366157275445e-07 4.9588641750731515e-05 0.0002660282078025996 1.71868654865064e-06 3.0986422616372607e-06 6.623577567372664e-07 6.366552753086743e-08 2.6471036070479576e-07 1.8031261425834334e-06 2.702183785500768e-06 2.64175106190014e-07 6.013051060568821e-07 1.43022376442615e-06 1.811253614713386e-07 2.425809847885232e-07 1.3159134543515927e-07 1.7295718001118774e-07 0.0 5.680824049803503e-08 0.0017161564304269846 0.00023497161124707075 7.481783579029145e-05 9.90065477692117e-07 1.8642720481797318e-06 2.465815652653897e-07 5.83049996599419e-07 1.36370688436222e-06 2.1496286579360635e-07 4.792054826885557e-07 1.7754011392172705e-06 4.403588352458732e-07 4.0247384875140913e-07 4.283730564196522e-06 6.364223270011204e-07 1.4933842404971295e-06 3.457713579923566e-05 2.7351933401973422e-06 7.494072293813907e-07 6.105359161296581e-07 5.39215752852487e-08 3.8114496746333936e-07 1.4906552347761936e-07 1.1605327756040261e-07 7.9562849205721e-07 6.698718891680832e-07 2.8863503740732593e-05 0.00021876161376504407 1.143434642077652e-05 1.3865725739834141e-05 5.817115505521163e-06 1.5628313733176306e-05 2.725473918697851e-06 0.00016651411346810214 4.997445546595254e-08 5.144377952323551e-07 4.3159603327388316e-07 4.689055191429705e-07 2.2928576939790811e-07 1.463940433794139e-06 9.827712290709282e-06 2.180691897424464e-06 0.0 4.516086075130301e-05 3.2722915758547175e-05 5.790706357863202e-05 2.991712946722283e-05 7.715311199818412e-06 0.00013287362722520294 0.00023451348927000488 1.0670182140190518e-05 0.00012349511899638254 3.805685068650662e-06 0.0 6.31504494979387e-07 5.325941195570409e-07 2.8076846789336495e-07 0.0 1.1026663028168435e-07 0.0 5.394590710271191e-08 7.206162440336928e-08 9.204719612248169e-07 0.0 2.0698289074260482e-07 4.436232534877868e-06 2.4946113668201263e-06 0.0 1.0687109986233437e-06 6.0551577879034355e-05 0.0 0.0 0.0 0.0 4.2061613155424427e-07 0.0 2.462794721960164e-07 1.3801595693979625e-07 0.0 1.3019281326903477e-06 1.5789697288976836e-07 6.440761613490913e-07 1.5032864603879433e-06 1.1242066054891684e-06 1.4984246949892804e-06 0.0 0.0 0.0 0.0 0.0 0.0 0.0 0.0 0.0 0.0 0.0 0.0 2.4239030313842427e-07 0.0 0.0 0.0 1.198207704796503e-07 0.0 0.0 2.453715333544698e-07 8.641969006997804e-07 0.0 0.0 0.0 6.485009998298218e-07 6.495566517300115e-08 1.655974730605101e-06 2.74075314059482e-07 0.0 0.0 0.0 0.0 0.0 0.0 0.0 0.0 0.0 0.0 0.0 0.0 0.0 6.605323418456465e-07 0.0 0.0 0.0 0.0 4.313512600781647e-08 0.0 0.0 0.0 8.07323337712116e-08 3.5740563799668712e-06 6.732141578585269e-08 0.0 0.0 0.0 0.0 0.0 0.0 0.0 0.0 2.0493890553890787e-06 0.0 0.0 0.0 0.0 2.1050991471405862e-06 0.0 1.8094676445340275e-06 0.0 0.0 0.0 8.948082993041146e-08 0.0 0.0 0.0 0.0 0.0 0.0 0.0 0.0 0.0 4.8030605495458015e-06 9.75889241350053e-07 4.0200001772443984e-07 1.3165321548940432e-05 7.627773158375145e-07 3.120298322320172e-05 5.891015384240503e-06 2.469917097352266e-05 4.137811790950871e-06 8.52870158328688e-08 3.060348260758283e-06 4.991959548732174e-07 0.0 0.0 5.251016504577498e-08 0.0 0.0 0.0 0.0 0.0 0.0 4.179235542186546e-06 1.162024962248495e-06
0.0009064806690436877 0.00016206198369680453 4.544050290783468e-06 0.0 0.0 0.00019330721874590852 0.00013768942764382942 0.0 0.0 0.0004267551753687613 0.0 0.00012588985042368046 0.00033505399646947234 4.594824902130527e-05 0.0 0.0 2.071960257552097e-07 0.0 0.0 0.0 0.0 1.276572298668222e-07 0.0 0.0 0.0 0.0 0.0 0.0 0.0 0.0 0.00012620257875938827 2.4975057277303766e-07 6.846598084176946e-07 0.0 0.0 0.0 0.0 0.0 0.0 0.0 0.0 0.0 0.0 1.8816254822067306e-07 0.0 0.0 3.4905438021345158e-06 0.0 0.0 0.0 0.0 1.1374305646322857e-07 5.60517829923982e-08 0.0 0.0 0.0 4.004283062204557e-06 3.4235509397722056e-05 1.7575802000948216e-06 1.207640873631963e-06 0.0 0.0 0.0 7.636049454722425e-06 0.0 0.0 0.0 0.0 0.0 7.658563166501501e-08 2.8174071866692733e-06 6.645155871103518e-07 0.0 5.31714178504054e-06 1.3259965572348767e-06 5.159192948606191e-06 1.396507333772558e-06 6.854060523573465e-07 0.0 0.0 0.0 0.0 5.648649498174684e-07 0.0 0.0 0.0 9.302806903271584e-08 0.0 0.0 0.0 0.0 0.0 0.0 0.0 0.0 2.2827829472364265e-05 5.337168075752101e-07 0.0 0.0 0.0001940219085299147 0.0 0.0 0.0 0.0 0.0 0.0 5.090499487721661e-06 0.0 0.0 5.794059474417885e-07 0.0 0.0 1.104798965872076e-06 0.0 0.0 0.0 0.0 0.0 0.0 0.0 0.0 0.0 0.0 0.0 0.0 0.0 0.0 0.0 0.0 0.0 0.0 0.0 0.0 0.0 0.0 0.0 0.0 0.0 0.0 0.0 0.0 0.0 0.0 0.0 0.0 0.0 0.0 0.0 0.0 0.0 0.0 0.0 0.0 0.0 0.0 0.0 0.0 0.0 0.0 0.0 0.0 0.0 0.0 0.0 0.0 0.0 0.0 0.0 0.0 0.0 0.0 0.0 0.0 0.0 0.0 0.0 0.0 0.0 0.0 0.0 0.0 0.0 0.0 0.0 0.0 0.0 0.0 0.0 0.0 0.0 0.0 0.0 0.0 0.0 0.0 0.0 0.0 0.0 0.0 0.0 3.0157714390427953e-06 1.0760104870255466e-07 2.631848336162152e-06 1.5533448182807564e-07 8.936069781952138e-05 1.5473298975180923e-06 0.0 0.0 0.0 0.0 0.0 0.0 0.0 0.0 0.0 0.0 0.0 0.0 9.288616860711857e-05 0.0
2.2257310634574853e-06 0.0004326462981801641 0.0003099734024659996 0.0 0.0 0.0 0.0006666064354740543 2.4809602441779127e-05 0.0009103931445267346 1.5811241263303933e-06 0.00053494882500252 1.4757813726599948e-06 0.00030070630396271815 0.000825505987312725 2.4876158471004156e-07 1.61453482067822e-07 9.925137609658856e-08 7.888820253413354e-08 0.0 0.0 0.0 1.399145548451177e-07 0.0 0.0 0.0 0.0 0.0 0.0 0.0 0.0 8.035705489745174e-05 5.0713185466418625e-05 2.633145487460616e-06 0.0 0.0 0.0 6.597562927084294e-08 0.0 0.0 0.0 0.0 5.623655361933386e-08 0.0 6.836488756812051e-08 0.0 1.2605581433470768e-07 2.6286367829285512e-05 4.33389017109571e-07 8.701553541402081e-08 0.0 0.0 0.0 0.0 5.761166790311497e-08 6.548345929450974e-07 3.3348522888237053e-07 2.758120954322399e-06 1.4050045676830153e-05 1.9275283964994774e-06 4.98867172397527e-06 0.0 4.7318595814823495e-08 0.0 2.183098635299276e-05 0.0 0.0 1.0197640892791755e-07 3.473057125688271e-07 0.0 0.0 1.5290156323595878e-06 0.0 0.0 1.007201192821722e-05 6.911770115532425e-06 1.3637799912146615e-05 1.7207751262720595e-05 3.289852368574282e-06 1.3971959225016637e-06 1.5496918116495636e-05 2.531211916399603e-07 3.3846999471591306e-07 2.4647799390895312e-06 0.0 5.6025342531095035e-08 1.9903014618388696e-07 7.08758845241798e-08 0.0 0.0 0.0 0.0 6.298721488818358e-08 0.0 1.0719621181998758e-07 0.0 0.0 0.0 0.0 0.0 1.6423686351818333e-07 0.0 0.0 0.0 0.0 0.0 0.0 0.0 0.0 0.0 0.0 0.0 0.0 0.0 0.0 0.0 0.0 0.0 0.0 0.0 0.0 0.0 0.0 0.0 0.0 0.0 0.0 0.0 0.0 0.0 0.0 0.0 0.0 0.0 0.0 0.0 0.0 0.0 0.0 0.0 0.0 0.0 0.0 0.0 0.0 0.0 0.0 0.0 0.0 0.0 0.0 0.0 0.0 0.0 0.0 0.0 0.0 0.0 0.0 0.0 0.0 0.0 0.0 0.0 0.0 0.0 0.0 1.1196174689828807e-07 0.0 0.0 0.0 0.0 0.0 0.0 0.0 0.0 0.0 0.0 0.0 0.0 0.0 0.0 0.0 0.0 0.0 0.0 0.0 0.0 0.0 0.0 0.0 0.0 0.0 0.0 0.0 0.0 0.0 0.0 0.0 0.0 0.0 1.2601854567468415e-05 9.789658493350426e-07 2.433605656484069e-05 7.479529744546007e-06 5.871040002215936e-06 4.047394279828782e-06 0.0 9.136103545981344e-07 0.0 0.0 0.0 0.0 0.0 0.0 0.0 0.0 0.0 0.0 9.444417455703103e-07 8.850479496528937e-08
2.28045939905549e-05 9.410431339164631e-05 5.643957964559446e-07 0.00019330721874590852 0.0 0.0 1.248956475878457e-05 1.4504404639713558e-06 0.0 0.00011770652409236879 1.0361257331908518e-06 1.8861216644635707e-05 1.5280404294846495e-05 1.0969718231667975e-05 0.0 3.225918156622266e-07 9.350006991597497e-08 0.0 0.0 0.0 8.927404642586893e-08 1.1066171477174674e-05 0.0 0.0 0.0 2.149100473914373e-07 0.0 0.0 0.0 0.0 0.00012476081705855384 2.3908641631280866e-07 9.285292308608244e-06 0.0 0.0 0.0 2.4064267049122103e-06 2.130058340141108e-07 5.381160638297313e-07 0.0 1.0710497745093377e-07 0.0 0.0 0.0 0.0 0.0 5.953410428281255e-07 0.0 0.0 0.0 0.0 1.2476762266960338e-05 5.355595497218447e-06 1.8405364824434053e-07 0.0 0.0 3.282575871778714e-05 1.976223567871212e-05 3.217319493532902e-07 0.0 0.0 1.002513694616528e-06 0.0 3.5507882170198235e-07 0.0 0.0 0.0 0.0 7.939240712628e-08 0.0 2.485116879076494e-05 0.000129152037709044 8.86080275746293e-06 3.4219869086197614e-07 1.2473787783267848e-07 3.639505513267831e-07 5.019940513610495e-07 1.2500273713979966e-07 1.0883714595215389e-07 1.7642738256738223e-06 0.0 8.655489506258727e-07 0.0 0.0 0.0 1.1576920742800095e-07 1.0762133942629763e-07 0.0 0.0 1.6949098899359765e-06 0.0 0.0 0.0 0.0 0.0 8.916882166531472e-05 0.0002228828631191734 6.109039163684234e-05 7.446907097575684e-06 0.00013597078293840244 0.0 0.0 0.0 0.0 0.0 0.0 8.889811340077358e-05 2.320903225418108e-07 1.6312641529653536e-06 7.127448891486239e-06 0.0 4.898057944149458e-07 8.686670039771191e-07 8.146203366641786e-07 1.2723931598224173e-06 0.0 0.0 0.0 0.0 0.0 0.0 0.0 0.0 0.0 0.0 0.0 0.0 0.0 0.0 1.1179286214610356e-07 6.418702129739869e-07 0.0 3.6610341416694085e-07 0.0 0.0 9.097025601339023e-07 0.0 8.591242481824182e-08 0.0 0.0 0.0 1.8046551509236369e-07 0.0 0.0 0.0 0.0 0.0 0.0 0.0 0.0 0.0 0.0 0.0 0.0 0.0 0.0 5.733654274018862e-07 0.0 0.0 0.0 0.0 0.0 0.0 0.0 0.0 0.0 4.2015293468529266e-07 0.0 0.0 0.0 0.0 0.0 0.0 0.0 0.0 0.0 6.405176969864529e-07 4.4408578081969167e-07 0.0 0.0 0.0 4.2084352406839243e-07 0.0 8.011804774000245e-08 0.0 0.0 0.0 6.188436574150601e-08 0.0 0.0 0.0 0.0 0.0 0.0 0.0 0.0 0.0 5.801461007541119e-06 1.0563638374603198e-07 0.0 2.613621570629124e-05 1.5606774425147301e-06 1.1215063534857158e-06 7.64281830375485e-07 6.19093484308236e-05 0.0 0.0 0.0 0.0 0.0 0.0 0.0 5.4404944430132985e-06 0.0 0.0 0.0 0.0 0.0 4.545565797551052e-06 2.7393451212365187e-05
0.00010551177030660426 0.0007381117452055607 0.00027024522241029245 0.00013768942764382942 0.0006666064354740543 1.248956475878457e-05 0.0 2.5022215300742724e-05 0.0008108500906404233 0.0001486840937125131 0.0006284259762902618 6.171446952231946e-05 0.00037154034190994476 0.0012413034077809653 2.1592540089121175e-06 1.1900191644084964e-06 9.376991380705207e-08 0.0 0.0 0.0 1.950159476190405e-07 0.0 0.0 1.280891778844744e-07 0.0 0.0 0.0 0.0 0.0 0.0 7.305329221166537e-05 5.139419300139935e-05 1.4773080455776804e-05 5.773921527888977e-08 5.523961977712415e-08 0.0 2.8606602006453006e-06 0.0 0.0 0.0 0.0 0.0 2.4975770010289026e-07 3.742374367336196e-07 1.3259208734036836e-07 2.2488895712411788e-07 4.078261962209709e-05 1.815641713911686e-06 2.1834983659672185e-07 6.335506809024772e-08 0.0 0.0 0.0 0.0 4.529840361609373e-07 4.753738608516632e-08 3.925222081600098e-06 1.6164494414348875e-05 3.5965423156207605e-06 8.969964395852039e-06 4.1451371628141167e-07 0.0 0.0 3.0108321414814652e-05 5.5356373851949966e-08 5.755723533692829e-08 2.008518325839731e-07 1.8993291670908548e-07 5.4517946369332426e-08 0.0 1.3921998222812064e-05 7.795840995791141e-07 0.0 1.4488702700088951e-05 1.0340807738050683e-05 2.149070985865935e-05 3.752613943528125e-05 5.4633490957880225e-06 1.4685154634163003e-06 1.8872117327277608e-05 2.612712137549126e-07 1.3411713643178733e-06 1.7140499761834674e-06 0.0 2.5264000877793173e-07 1.7516323069246222e-07 5.023227781367141e-07 0.0 1.0763386624846274e-07 0.0 0.0 0.0 9.455027117076706e-08 2.3046850261243096e-07 0.0 3.094764710013655e-05 6.763212246638356e-07 0.0 8.566905435378942e-07 2.341808115835092e-06 0.0 0.0 4.6756415452798096e-07 0.0 0.0 0.0 7.2864947115135125e-06 0.0 5.611541174654458e-07 6.380311568887314e-07 0.0 4.5804700369419404e-07 9.99246046909844e-07 5.822893900102157e-07 2.436644969323104e-06 0.0 0.0 0.0 0.0 0.0 0.0 0.0 0.0 0.0 0.0 0.0 0.0 0.0 0.0 0.0 0.0 0.0 0.0 0.0 0.0 2.838875499899881e-07 0.0 0.0 0.0 1.7658969130629771e-07 0.0 2.825702671107126e-07 8.079817915904422e-08 0.0 0.0 0.0 0.0 0.0 0.0 0.0 0.0 0.0 0.0 0.0 0.0 0.0 0.0 0.0 0.0 0.0 0.0 0.0 0.0 0.0 0.0 0.0 4.190223094134241e-07 2.6128397929147473e-07 0.0 0.0 0.0 0.0 0.0 0.0 0.0 0.0 1.0684083712884153e-06 0.0 0.0 0.0 0.0 1.377258149361973e-06 0.0 1.4854468276547413e-07 0.0 0.0 2.452922744909976e-07 0.0 0.0 0.0 0.0 0.0 0.0 0.0 0.0 0.0 0.0 3.077877309009991e-06 1.6311262669827194e-07 0.0 2.6273727271077576e-05 2.0366893414801013e-06 4.0617828821820726e-05 8.68416685786979e-06 1.3666741327350141e-05 5.904276616931606e-06 3.240520429958819e-07 4.25499418760897e-06 0.0 0.0 0.0 0.0 0.0 0.0 0.0 0.0 0.0 0.0 1.8300607796322367e-05 1.7493373692325311e-06
3.133091415333386e-05 6.253526605973984e-05 0.0010818345970902462 0.0 2.4809602441779127e-05 1.4504404639713558e-06 2.5022215300742724e-05 0.0 5.48465553451257e-05 3.899015935528591e-06 0.0008531710832605272 4.185489404693232e-06 4.7295381771840446e-05 0.00041534117274589534 9.604907534775975e-06 1.4124333062903568e-05 2.9377049312487868e-06 7.329766936314821e-07 7.330867296011358e-07 1.0568049128934508e-05 1.1324796956747464e-05 7.666573853296411e-07 3.7957244433040554e-06 4.955293295856768e-06 1.1227824922335694e-06 1.1027352458081602e-06 1.237432947589114e-06 2.6551493052877545e-07 4.893769383171019e-07 2.431713851708444e-07 0.000573052652636228 0.001046695754839583 0.000724540605055412 5.784572901761616e-06 8.671859274985421e-06 1.0322969986614274e-06 9.367607671219327e-06 6.297600977648142e-06 1.1103109438186923e-06 4.744944540642314e-07 9.281445033927319e-06 3.4298387991875937e-06 2.655563835679942e-06 2.2448749208240805e-05 3.3577987329677423e-06 1.3175721920308327e-05 0.00012786666616751443 4.3505801382420465e-06 1.242251346538992e-06 1.7762515279962798e-06 4.452086024042496e-07 2.956226474391656e-07 2.4134759524222682e-06 1.7770276993325327e-06 1.4395435496067225e-06 9.360896630856701e-07 1.2204154972554475e-05 5.272339226181574e-05 8.135363590273172e-06 1.882507901342506e-05 3.107483361363092e-05 9.451143978399479e-05 1.6379456490111496e-05 0.0002089171040857098 2.1586277360079743e-07 1.6550619322204732e-07 1.6002529930012265e-07 4.0320324627504587e-07 5.191298858478526e-07 8.372039937508598e-06 7.306921678088353e-05 1.5606402331922853e-05 7.682529523590295e-08 3.3039639897602096e-05 2.2628264452471895e-05 4.8883755299177246e-05 0.00012385316119871575 0.00023132808022472264 0.0010107819666248193 0.0016326878691991242 5.7342964524064385e-05 0.0008904008340309198 4.515733585473153e-06 6.25590010457412e-08 6.23878382761684e-07 4.516402588254355e-07 6.515848090324537e-07 0.0 3.38034886574339e-07 0.0 1.0423308979605544e-07 0.0 1.0147464831650206e-06 1.4452328809829402e-06 1.3048621372415253e-06 4.576771609213046e-05 1.2282478632590784e-05 3.434091547322809e-07 6.828977164984459e-06 1.5899304823124792e-06 1.620096695617481e-07 2.019052507994483e-07 3.4534183764328493e-07 0.0 7.657356010530698e-07 4.448058798491986e-07 1.3722385806744537e-05 7.925103022977371e-07 1.2273043582458528e-06 7.210563390326932e-06 1.934959820075418e-06 8.586213252592367e-06 9.333788138680946e-06 3.5433936463998354e-06 1.2419133962937224e-05 0.0 0.0 0.0 0.0 0.0 0.0 0.0 2.2936943311037213e-07 0.0 0.0 5.634120942117388e-07 0.0 0.0 0.0 0.0 0.0 0.0 3.632974401040086e-07 0.0 1.8138699301879203e-06 3.8063039414085e-06 0.0 6.330730872819174e-07 3.2858723004845274e-07 3.6461822014919987e-06 9.58730598270986e-07 8.317399021964598e-06 1.030498967721346e-06 6.294815666589739e-08 3.8746438549037556e-07 0.0 0.0 1.6070984125183236e-07 0.0 0.0 0.0 0.0 0.0 0.0 0.0 0.0 2.2366637395122554e-06 0.0 0.0 0.0 0.0 4.283290505573049e-08 8.160264099317772e-08 0.0 0.0 7.176272555997455e-08 1.2808425070564728e-05 1.0272111259134131e-07 0.0 0.0 9.087310323239422e-08 0.0 0.0 0.0 0.0 2.293455616706746e-07 7.42513678221452e-06 5.993969027389204e-08 0.0 0.0 0.0 9.799700781755507e-06 4.7365902187892825e-07 3.5170055033353383e-06 0.0 0.0 6.77869145436323e-08 2.1390849272054332e-07 0.0 0.0 0.0 0.0 0.0 0.0 0.0 0.0 0.0 2.3688659567943794e-05 3.1336264135143747e-06 2.0868994307905737e-06 0.0001328775861613848 6.435822106770302e-06 0.00013883563816945196 4.46379578536864e-05 5.352020542237919e-05 2.0969503629302926e-05 9.197877716610269e-07 2.1167309721946904e-05 1.891822673520742e-06 0.0 3.691089079963363e-07 0.0 3.625275918574367e-07 7.950644440392118e-08 0.0 1.1562901387286255e-07 1.4207994450744062e-07 0.0 2.7780628651783043e-05 1.4544455629707364e-05
5.656356733501626e-07 0.00011343453071721425 7.978302744113929e-05 0.0 0.0009103931445267346 0.0 0.0008108500906404233 5.48465553451257e-05 0.0 1.0804652159589838e-06 0.0006542849247299855 3.193938691492538e-06 0.0006152071280621692 0.0005237482000227088 2.1916729699813826e-07 2.5569955152537584e-07 0.0 0.0 0.0 0.0 0.0 0.0 0.0 0.0 0.0 0.0 0.0 0.0 0.0 0.0 1.54754749421645e-05 1.685614954355761e-05 3.868342925875133e-06 6.48554733303846e-08 0.0 0.0 7.814836978114325e-08 0.0 0.0 0.0 0.0 0.0 0.0 2.2043748493709617e-07 0.0 0.0 1.0574284769575556e-05 3.041421880732846e-07 0.0 0.0 1.6810910090461851e-07 0.0 0.0 0.0 3.164195480098978e-07 7.468819891329786e-08 9.072356571371706e-07 2.621650093368059e-06 7.89278495852656e-07 1.923775306015514e-06 0.0 0.0 1.0750309622832878e-07 7.627539314888602e-06 0.0 0.0 0.0 8.379856336360909e-08 0.0 0.0 8.98344432503283e-07 1.6402148061167357e-07 0.0 2.5418041743569334e-06 2.28393095205313e-06 5.47828248304421e-06 8.018252262301256e-06 1.32295548359298e-06 1.03834844272683e-06 1.1007773353323368e-05 6.486831843841235e-08 1.3874219433951116e-07 6.245560360979382e-07 0.0 0.0 9.072103647784429e-08 0.0 0.0 0.0 0.0 5.773348613336235e-08 0.0 0.0 0.0 0.0 1.4383715073869784e-06 1.1682022144847804e-07 0.0 0.0 0.0 0.0 0.0 0.0 0.0 1.24347125099533e-07 0.0 1.536281740531946e-07 0.0 0.0 0.0 0.0 0.0 7.123508376098593e-07 0.0 3.04572175222676e-07 0.0 0.0 0.0 0.0 0.0 0.0 0.0 0.0 0.0 0.0 0.0 0.0 0.0 0.0 0.0 0.0 0.0 0.0 0.0 0.0 0.0 0.0 0.0 0.0 0.0 0.0 0.0 0.0 0.0 0.0 0.0 0.0 0.0 0.0 0.0 0.0 0.0 0.0 0.0 0.0 0.0 0.0 0.0 0.0 0.0 0.0 0.0 0.0 0.0 0.0 0.0 0.0 0.0 0.0 0.0 0.0 0.0 0.0 0.0 0.0 0.0 0.0 0.0 0.0 0.0 0.0 8.273865439000658e-08 0.0 0.0 0.0 0.0 0.0 0.0 0.0 0.0 0.0 0.0 0.0 0.0 0.0 0.0 0.0 2.2497629249135438e-07 0.0 0.0 8.944033135092327e-06 4.194510632050977e-07 1.0051628776533211e-05 3.6597695123656947e-06 6.606717982279924e-06 9.078493804844433e-07 1.0286456857657179e-07 4.132791195223077e-07 0.0 0.0 0.0 0.0 0.0 0.0 0.0 0.0 0.0 0.0 6.438765051744013e-07 0.0
0.00041219785041856586 0.00017764200650211592 1.8605845871039084e-06 0.0004267551753687613 1.5811241263303933e-06 0.00011770652409236879 0.0001486840937125131 3.899015935528591e-06 1.0804652159589838e-06 0.0 2.6343364426810115e-05 0.0008614551396046957 0.0028473865714359918 0.0003003056919612224 9.035543969519923e-08 5.037485282910347e-07 8.752855538782706e-08 0.0 0.0 0.0 8.370813039288791e-08 1.1673234044833405e-07 0.0 0.0 0.0 0.0 0.0 0.0 0.0 0.0 1.604995171580886e-05 1.6719041252642913e-06 6.031279744342539e-05 0.0 0.0 0.0 2.351507200004696e-05 0.0 0.0 4.1431161612599075e-07 0.0 0.0 0.0 0.0 5.6812588510265666e-08 0.0 1.2203835333976922e-06 0.0 0.0 0.0 0.0 0.0 4.24922584745103e-07 0.0 0.0 0.0 1.1429591900662535e-06 7.874185247786035e-06 1.4416437020345574e-07 0.0 0.0 0.0 1.7210947676914486e-07 1.5040842836883705e-06 0.0 0.0 0.0 0.0 0.0 1.104609381171468e-07 6.357120950607021e-05 1.9064344670147933e-06 0.0 9.57821994439334e-07 8.261953761101835e-07 1.4239518562477877e-06 1.2507687046414821e-06 7.534796401570427e-07 4.036159266306565e-07 3.373503548532463e-06 8.861320540357323e-08 3.0549702300067506e-07 5.683800818333795e-07 0.0 5.461074943299496e-08 0.0 0.0 0.0 0.0 0.0 0.0 0.0 0.0 0.0 0.0 0.00010942917642983687 3.0801869606028176e-05 7.203229208765703e-07 2.9032941827205604e-06 2.7201248303618493e-05 0.0 3.9540040014843874e-07 0.0 3.1486359165611416e-06 6.216446412103604e-07 1.92548971871254e-06 8.952472357425746e-05 1.068945507099992e-06 4.7831461874680415e-06 2.2404219646292248e-05 1.414886216644853e-06 1.2213515282345772e-05 1.023844908485277e-05 2.033750926396256e-06 8.473009616778512e-06 0.0 0.0 0.0 0.0 0.0 0.0 0.0 0.0 0.0 0.0 0.0 0.0 0.0 0.0 0.0 0.0 0.0 0.0 0.0 1.0191873666634332e-07 3.5815766905536285e-07 0.0 0.0 0.0 1.3018180171492281e-06 8.304801688113546e-08 1.651067416226025e-06 0.0 1.033658688102217e-07 0.0 0.0 0.0 0.0 0.0 0.0 0.0 0.0 0.0 0.0 0.0 0.0 0.0 0.0 0.0 0.0 7.031634934501993e-08 0.0 0.0 0.0 0.0 0.0 4.615307402199619e-06 0.0 0.0 0.0 0.0 0.0 0.0 0.0 0.0 0.0 3.4185935323136597e-06 0.0 0.0 0.0 0.0 2.1459329725808963e-06 0.0 4.9478508118471e-07 0.0 0.0 0.0 0.0 2.68196284309134e-07 0.0 0.0 0.0 0.0 0.0 0.0 0.0 0.0 1.8540660221595627e-05 7.582131022510067e-07 6.300179351742748e-08 5.589473603032297e-06 2.573877056387344e-07 2.1629787037501936e-06 1.1208031406579573e-06 2.2839776536830605e-05 9.846989791194294e-07 0.0 0.0 0.0 0.0 0.0 0.0 2.6835819632745635e-06 0.0 0.0 0.0 0.0 0.0 0.00010174166248711734 2.786547364812418e-05
2.0031537267516018e-05 0.0002841486290841229 0.000944158452117934 0.0 0.00053494882500252 1.0361257331908518e-06 0.0006284259762902618 0.0008531710832605272 0.0006542849247299855 2.6343364426810115e-05 0.0 1.6088967532187536e-05 0.00040047448287764136 0.001643828875622046 6.667419677327344e-06 5.904482024986528e-06 8.994894147410268e-07 6.390437833607043e-08 1.9778397177652962e-07 9.601559960373872e-07 1.1002150839243601e-06 2.7512972691827786e-07 5.663176690149712e-07 2.398415949913189e-07 6.986943563978014e-07 1.1985311059676447e-07 9.090912637163314e-08 2.6270514840284387e-07 2.3080032130790392e-07 0.0 0.00014136524646505308 9.696262107327676e-05 0.00015504703193745594 3.456678305707365e-07 1.2177601701647705e-06 1.191769816224453e-06 1.8225097004648118e-05 3.6381195999994248e-06 1.3957757878193485e-06 8.806780495855249e-07 1.6234653251977622e-06 1.8292194875768553e-07 6.014209109577961e-07 4.147073889660679e-06 1.3372785065544805e-07 2.9446233064325406e-07 9.990877576666798e-05 2.817675086743118e-06 1.0278019156275491e-06 1.9109048828943176e-07 2.847053002588867e-07 3.206740467173575e-07 5.888245092296243e-07 2.5383881258667956e-07 6.768327498308227e-07 6.1615637556051e-07 9.262469893644462e-06 2.0924000788972154e-05 8.853901183225784e-06 1.7775429376451283e-05 9.654361482024834e-07 5.277519429481208e-06 8.67564933494069e-07 4.8637924098516704e-05 1.2795795885392705e-07 4.84340726689173e-07 2.4341591681032783e-07 2.1947655718309709e-07 2.3012302035956916e-07 9.162573789747377e-07 6.727038844643681e-05 4.96689068351727e-06 0.0 2.7791660473884025e-05 1.4954261329712796e-05 4.053512238250695e-05 8.109030097459658e-05 2.537751304059777e-05 5.560026210498044e-05 0.00029991304958196143 1.3798490644879342e-06 1.7203583326400422e-05 4.468014441109394e-06 0.0 6.597117156366321e-07 2.80890604409475e-07 3.1236567738574444e-07 0.0 4.7020360256431787e-07 0.0 1.893173347997213e-07 0.0 4.394003855746617e-07 2.2328350049828308e-07 1.2417317619192688e-07 2.1857503282474426e-05 3.5657260602780886e-06 7.690012083200274e-08 4.065995883233455e-06 9.94929584765341e-07 0.0 0.0 6.35010362603225e-08 0.0 2.58808414372338e-07 1.9638076308169488e-07 5.385605273021964e-06 7.380600712456802e-08 1.3638140387080817e-06 2.4640659159097955e-06 9.061966754590359e-07 3.381196819067182e-06 6.075814344301612e-06 2.6087399470344707e-06 4.650252103680795e-06 0.0 0.0 0.0 0.0 0.0 0.0 0.0 6.60304881127385e-07 0.0 0.0 0.0 0.0 0.0 0.0 0.0 0.0 0.0 2.7094861583686006e-07 0.0 7.061138272028649e-07 1.2465474554393153e-06 0.0 8.115213577299865e-07 0.0 1.534360919453002e-06 1.6738429010760937e-07 3.5746474424974603e-06 1.0695498523816702e-06 6.781504305674266e-08 0.0 0.0 0.0 0.0 0.0 0.0 0.0 0.0 0.0 0.0 0.0 5.871321548796141e-08 3.948232512569877e-07 0.0 0.0 0.0 0.0 0.0 0.0 0.0 0.0 0.0 4.785617523732147e-06 6.827787048674659e-08 0.0 0.0 0.0 5.5032358843787674e-08 0.0 0.0 0.0 0.0 3.127935422504731e-06 0.0 0.0 0.0 0.0 2.8855927940415883e-06 3.5726516707815405e-07 1.5961410124724383e-06 0.0 0.0 5.859032304292764e-08 0.0 0.0 0.0 0.0 0.0 0.0 0.0 0.0 0.0 0.0 1.2893336526130715e-05 2.055161811763363e-06 9.85616523373616e-07 0.00011210917048162287 5.27697065350094e-06 0.00011558115126114623 3.745748317974059e-05 4.9447048402787606e-05 1.9171565191050686e-05 5.577372334749187e-07 1.2101479278218995e-05 5.886807292748551e-07 0.0 0.0 6.559921645254438e-08 3.3629653423350193e-07 7.099184288434902e-08 0.0 0.0 2.0214689228962542e-07 0.0 1.5917801983297114e-05 6.119223034166526e-06
2.3542828732535053e-05 1.260149023246187e-05 5.596366157275445e-07 0.00012588985042368046 1.4757813726599948e-06 1.8861216644635707e-05 6.171446952231946e-05 4.185489404693232e-06 3.193938691492538e-06 0.0008614551396046957 1.6088967532187536e-05 0.0 0.0009638735566001585 0.00015396016646454448 1.786348217707325e-06 1.8971112432101694e-06 2.2875319757825437e-07 0.0 0.0 2.0670479131196566e-07 2.0153207199286105e-07 0.0 0.0 4.46016849566678e-08 0.0 2.7736911235998727e-07 0.0 0.0 0.0 0.0 1.4830208698607661e-06 7.06533621815873e-06 5.915567554416623e-05 2.3433369792415532e-07 0.0 2.8059977070249236e-07 0.00011661496819984261 4.006426660652642e-06 2.7250903956007284e-06 1.100945649443439e-06 6.751830798884623e-07 7.21146815199353e-08 0.0 1.0157756832365541e-06 1.6659377033099454e-07 0.0 1.1080787749405514e-05 5.558164521817069e-07 0.0 6.547350490415584e-08 0.0 1.5090895562253487e-07 1.0592175203005908e-06 6.488506823193351e-08 0.0 0.0 6.222868340913113e-07 1.1260932506236123e-06 4.441677848987291e-07 9.769610292067426e-07 1.9935952658230504e-07 1.6585570008596859e-06 8.492976268676558e-08 3.5035536799329547e-06 0.0 0.0 0.0 2.3879021721557023e-07 0.0 2.4949766623679373e-07 0.00011215037522376668 5.571374811719121e-06 2.5428955652125557e-07 7.01502933584396e-07 5.709135577284874e-07 2.2150678732221967e-06 8.17593319866176e-06 6.207764076776261e-06 2.7487298844759487e-06 9.92433647277525e-06 4.889124228352909e-07 7.618975111927545e-07 5.00344807694398e-07 0.0 7.32570947360736e-08 0.0 0.0 6.550755580778166e-08 0.0 0.0 0.0 0.0 1.9760350369241566e-07 1.5410633035769005e-07 5.513627349426184e-08 0.00020079480350423948 3.610767664608165e-06 3.849451187855639e-07 8.038235334339614e-06 1.3171459367831807e-06 0.0 1.4636639115836222e-07 0.0 3.593665528637068e-06 1.013632800931661e-06 0.0 7.154233522113086e-05 1.1529376110027878e-06 4.459499254171181e-06 2.5034841115494814e-05 2.037822581242985e-06 1.1877499498977816e-05 1.376987035169283e-05 4.781237160017043e-06 1.2113379890000416e-05 0.0 0.0 0.0 0.0 0.0 0.0 0.0 0.0 0.0 0.0 0.0 0.0 0.0 0.0 0.0 0.0 0.0 3.4937709422815035e-07 0.0 7.58404431840183e-07 4.2073533415674195e-06 0.0 0.0 0.0 1.2110159769193436e-06 8.691945855291402e-08 3.774732319826006e-06 9.78924989387427e-07 0.0 0.0 0.0 0.0 1.3969539229398918e-07 0.0 0.0 0.0 0.0 0.0 0.0 0.0 0.0 2.0779339148261415e-07 0.0 0.0 0.0 0.0 0.0 0.0 0.0 0.0 8.005606725193039e-08 6.44706647562341e-06 7.480663251441668e-07 0.0 0.0 0.0 0.0 0.0 0.0 0.0 0.0 5.164891885395049e-06 0.0 0.0 0.0 0.0 6.67918866085354e-06 1.7136904154648604e-07 2.0942955360031136e-06 4.89875703631203e-08 0.0 0.0 1.444341458904194e-07 1.1607438673350659e-07 0.0 0.0 0.0 0.0 0.0 0.0 0.0 0.0 4.7489704964595785e-05 1.7345980397300565e-06 5.44048281421196e-07 2.5190897566281842e-05 6.012907661420352e-07 1.669290044611206e-05 5.4611031229656915e-06 9.154027740447842e-06 2.2308951492725657e-06 0.0 7.6029253256408126e-06 9.296924639509525e-07 0.0 6.487130407347739e-07 0.0 1.1913889985571628e-07 0.0 0.0 0.0 0.0 0.0 0.00014553975100049373 2.2639646491327944e-05
3.943743803210397e-05 0.0004388262859697646 4.9588641750731515e-05 0.00033505399646947234 0.00030070630396271815 1.5280404294846495e-05 0.00037154034190994476 4.7295381771840446e-05 0.0006152071280621692 0.0028473865714359918 0.00040047448287764136 0.0009638735566001585 0.0 0.0021990189883664972 4.837229037063153e-06 5.221638094251927e-06 6.861648856396008e-07 6.345294667668406e-08 1.2776773189791767e-07 5.047888967861418e-07 1.02439368787575e-06 6.629947547382451e-07 1.8784951975844779e-07 3.5425332458253434e-07 2.127893882601669e-07 2.0544022452868894e-07 0.0 3.331549731978302e-07 7.207706126770707e-08 9.086208826807664e-08 1.6878754535175158e-05 4.009901539737546e-05 0.00050200217643751 2.984105246773366e-07 3.9178830461794635e-07 2.520660512706213e-07 0.00042378561275651093 2.2306303638532345e-06 4.5837499272869834e-06 5.389582880079959e-07 1.2801789833390494e-06 4.496653092569764e-07 1.8978324278218151e-07 2.3771648554164768e-06 0.0 4.3518064823034265e-07 5.621537877703595e-05 9.912212873328665e-07 0.0 1.3860542235739603e-07 0.0 1.5263828796937182e-07 1.5829493593443777e-06 1.148142020645173e-07 1.279032875733434e-07 0.0 1.5271073778885409e-06 5.780344758260317e-06 1.4897139725415638e-06 3.542584387543058e-06 4.0260315238310455e-07 5.014024704791985e-06 7.50765031187715e-07 2.0419728816845317e-05 7.539932341821368e-08 1.8567229668244623e-07 1.1462573704810462e-07 1.3440957350380298e-07 1.1259250990656473e-07 6.46288844880396e-07 0.0003114578594132541 9.776880850558188e-06 0.0 8.663961900799446e-06 4.875590463391925e-06 1.090858327567372e-05 4.5030041533268545e-05 1.932504253739072e-05 1.5113354381088614e-05 7.523424032920926e-05 1.1003723711354248e-06 3.358240013581581e-06 1.0377927383453734e-06 7.01871309684663e-08 1.3171621011580611e-07 6.987399451639477e-08 1.4036946491428857e-07 0.0 1.4993772904740902e-07 0.0 6.345825523017871e-08 7.884705271903577e-08 1.73394021673978e-07 1.3998959073723386e-07 0.0 0.0004923839987608806 6.537434805896046e-06 1.5736915262334966e-07 1.0280065774157962e-05 5.804260763662378e-07 0.0 1.1029658439156396e-06 2.3004024557405005e-06 1.0050471534606078e-05 1.4022614590565267e-06 1.0638011322736905e-06 5.0818693347931295e-05 4.5952425932150035e-06 1.2102870011244749e-05 3.603864737656101e-05 4.008074852839212e-06 3.250849928158987e-05 4.1182790672632334e-05 9.074926138610162e-06 2.686948505808974e-05 0.0 0.0 0.0 0.0 0.0 0.0 0.0 0.0 0.0 0.0 0.0 0.0 1.1983910601880856e-07 0.0 0.0 0.0 2.438209526215591e-07 0.0 0.0 1.7685369294669262e-06 5.13660199566866e-06 0.0 2.1353557536305757e-07 0.0 2.7661533925458126e-06 4.712802613314415e-07 4.6325131061169465e-06 1.1087574246252285e-06 0.0 0.0 0.0 0.0 0.0 0.0 0.0 0.0 1.0604037944453348e-07 9.820535234374351e-08 5.1586078880375825e-08 0.0 0.0 3.9352728784683253e-07 0.0 0.0 0.0 0.0 0.0 0.0 1.7784125952229142e-07 0.0 0.0 8.483405225225818e-06 1.6479274409359898e-07 5.6200149673794994e-08 0.0 0.0 0.0 0.0 0.0 0.0 0.0 1.0474664835501064e-05 8.693113850733751e-08 0.0 0.0 0.0 6.478216442325702e-06 2.3855329886024754e-07 3.193955486755468e-06 0.0 6.427983061310496e-08 0.0 4.586819157860372e-07 2.628106829010118e-07 0.0 0.0 0.0 0.0 0.0 0.0 0.0 0.0 5.331998871218308e-05 2.9518915744018237e-06 3.5448333158769697e-07 7.415922297933026e-05 3.256589455489212e-06 5.846318176012783e-05 1.4454949802969384e-05 1.7815870488290192e-05 9.944719374377514e-06 1.0395479996226629e-07 1.5011199805965407e-05 1.2468377662480952e-06 0.0 5.278249838699193e-07 4.3168546591760745e-07 2.232506977299329e-06 5.37978609806482e-07 2.139352742024136e-07 0.0 0.0 0.0 0.00011514620973653754 2.9881282976637667e-05
3.948062559286582e-06 0.0003884000167820333 0.0002660282078025996 4.594824902130527e-05 0.000825505987312725 1.0969718231667975e-05 0.0012413034077809653 0.00041534117274589534 0.0005237482000227088 0.0003003056919612224 0.001643828875622046 0.00015396016646454448 0.0021990189883664972 0.0 1.0506192962752064e-05 1.1071467890337145e-05 1.3947442574406055e-06 2.09062135767838e-07 1.243831937081809e-07 1.0195879976256725e-06 1.8145775364973189e-06 7.881916235195475e-07 4.2989679030841736e-07 4.546935438454731e-07 1.8494570632644441e-06 3.3744129480787717e-07 1.902744260723405e-07 3.402357935287262e-07 3.2564350641111296e-07 0.0 3.735550912953826e-05 8.20392719734616e-05 0.0006180901633213147 2.2591218365205167e-07 2.0055971038761443e-06 9.253126401850801e-06 0.0003618681751245905 1.5538670031823037e-05 1.1054107573378368e-05 3.5020011894848676e-06 2.045023469231883e-06 1.032237928215528e-06 3.1605947576043996e-07 5.521093738977604e-06 3.191119338056023e-07 6.843222264746375e-07 0.00010911106575230924 2.600545143235381e-06 3.745138225359091e-07 4.625213810959732e-07 2.3790588268094377e-07 7.707749131263214e-08 4.280989554551624e-06 5.354743593739754e-07 1.6677631295689175e-07 1.469260741131012e-07 4.457405615236178e-06 1.1310136374577609e-05 6.438844356076894e-06 1.2058041351524124e-05 7.116650452494035e-07 1.109363382365821e-05 1.168091490790316e-06 4.106273534820662e-05 1.0938170464474149e-07 2.6147528046227047e-07 1.1641317361590087e-07 7.696188534038229e-08 9.910535108975257e-08 1.5685314871958123e-06 0.0004330575758613454 1.3516438655142846e-05 8.343427951014731e-08 1.5854709012247396e-05 1.1820712879183738e-05 3.343782454596151e-05 8.737448900234515e-05 3.9275129628525435e-05 3.445291833015575e-05 0.00018485272627310752 2.1235538673033305e-06 1.3269674416527007e-05 3.069787653219092e-06 0.0 0.0 2.91630609527505e-07 2.7792256032202426e-07 0.0 3.1224332488994187e-07 6.51592544515651e-08 1.54014220702514e-07 2.388625590452063e-07 4.5969055231737483e-07 6.523629668135108e-08 2.3336203370596838e-07 0.0002176532031924377 1.2941161494860128e-05 6.867098478731929e-07 2.2480208850036415e-05 1.2294107001969808e-06 0.0 1.3012999273363243e-07 3.1590032714544634e-07 1.2255443681500334e-07 2.812472118899711e-06 1.4325340650947892e-06 3.80598212257279e-05 5.854839229073117e-07 6.217457288003332e-06 1.7711663571822656e-05 3.185125935691143e-06 1.2652158232822498e-05 2.1121516758368674e-05 6.563118525509771e-06 1.733561656628644e-05 1.987360329957839e-07 0.0 0.0 0.0 0.0 0.0 0.0 0.0 0.0 0.0 0.0 0.0 1.2240048876365818e-07 0.0 0.0 0.0 0.0 0.0 0.0 2.299663071997924e-06 6.437463927555942e-06 0.0 1.9554411458970242e-07 0.0 3.8045589619013088e-06 6.096695903228129e-07 5.294541942833561e-06 1.9170045700026134e-06 0.0 0.0 0.0 0.0 0.0 0.0 0.0 0.0 0.0 1.2911110285057706e-07 0.0 0.0 0.0 9.521727272960757e-07 0.0 0.0 0.0 0.0 0.0 8.720601813545561e-08 0.0 0.0 0.0 1.2638523150651031e-05 7.255795539898881e-07 0.0 0.0 8.10545129519876e-08 0.0 0.0 0.0 0.0 0.0 9.171114200840202e-06 2.753049091836017e-07 0.0 0.0 0.0 1.1093464899120293e-05 3.455775112735376e-07 3.2964635126454517e-06 0.0 0.0 0.0 7.294791980625666e-08 9.472102414729171e-07 0.0 0.0 0.0 1.2784848556820906e-07 0.0 0.0 0.0 0.0 4.918866683817545e-05 3.7820263632664867e-06 1.6203713137964977e-06 0.00012679527702354586 4.680180051599234e-06 0.00012294508644058034 3.6677856299131335e-05 4.66270941107679e-05 2.197680218918023e-05 3.861771863087951e-07 2.615539263981101e-05 2.0638737789361495e-06 0.0 3.130933754902217e-07 3.671931794911937e-07 2.5032178790662103e-07 1.0599824066979107e-07 0.0 0.0 0.0 0.0 8.331964794164757e-05 2.563540397892004e-05
