0.0 0.0003871847282207315 0.0003142972622663527 0.0006526111192017783 0.0 8.555798732544234e-05 9.190420754712454e-05 0.00020728953466811367 5.806331856511316e-06 0.00043121779071858774 8.883297088484742e-05 8.915176157295651e-06 5.0603211769797556e-05 0.00020065042780294232 1.1650440012585836e-05 7.272910808168523e-06 6.779540474646058e-06 3.806770723484701e-07 6.031784098397668e-07 1.24786620817001e-06 9.115338031607951e-07 1.9866686480362023e-07 6.933834942399936e-07 8.53788853880183e-07 1.3329784434002443e-06 1.9151529319441098e-07 4.1594185538386317e-07 2.0463026750237097e-07 2.5595269458345444e-07 5.655501639365962e-08 0.0009306430740201651 5.119999984482065e-05 7.622598648195768e-05 6.916106812614483e-07 1.0897124462341523e-06 2.759261244696312e-06 2.7138427431771365e-06 2.688223557933013e-06 3.52266529195e-07 3.782141917654936e-07 2.008001096464869e-06 9.460779416156849e-07 3.970339241623298e-07 7.026982779548551e-07 9.942621009443235e-07 5.941740237298456e-08 7.21021904829422e-05 2.8071010716628e-06 1.9060037752456974e-06 1.498940021856921e-07 2.0727559721174935e-06 4.716189925581484e-07 4.737415543443144e-07 1.7644771312257693e-07 1.6760035537003993e-06 1.7478231261575389e-06 4.114779515347227e-05 0.0005934248157420612 7.30925273750911e-06 1.0795536088981106e-05 7.874559456087409e-07 3.5675884771707415e-06 7.999480660424889e-08 6.259121983424922e-05 1.732172263392418e-06 7.019417727698631e-07 3.3281205164711586e-07 2.1070859928797485e-06 1.630652369674765e-06 1.7327103758358614e-06 3.6151956501645436e-06 1.8255100969965096e-05 3.2596417038163697e-07 4.273980863907829e-05 8.604108209328589e-05 6.132774416072952e-05 3.729990085013479e-05 1.320362600975638e-05 3.292944392969617e-06 0.0002070352672434683 2.866281918562147e-07 1.2338310623723635e-05 1.5064998606374874e-06 5.8206401380895e-08 1.7047039327186895e-06 6.133680968418943e-07 1.1613666490078844e-06 0.0 1.7259054816399062e-07 0.0 2.6627093604192757e-07 0.0 1.8253452154157743e-06 5.857793799606203e-07 1.2103819816088706e-07 3.091026897186154e-05 7.973483174857136e-06 2.9646158050976295e-06 1.835796066401263e-06 0.000372402920110714 0.0 0.0 7.091870675630952e-07 6.606757549280903e-07 3.46366870380941e-07 5.645097498478033e-07 2.8188871739940785e-06 0.0 1.5280770286380582e-06 6.651924449644581e-06 8.694784328164467e-07 1.1531351875912138e-06 6.869665669588508e-07 9.119023331299098e-07 4.515987102111326e-07 1.2274998170327507e-07 0.0 0.0 0.0 0.0 0.0 0.0 0.0 0.0 0.0 0.0 0.0 7.853962145900231e-08 0.0 0.0 0.0 6.005872611872167e-08 0.0 7.501937186022643e-08 1.0991530118493644e-07 0.0 0.0 0.0 0.0 3.6948626020223615e-07 1.9461005091018298e-07 1.3730982293162523e-06 3.2527647273150726e-07 9.822879504177243e-08 0.0 0.0 0.0 0.0 0.0 0.0 0.0 0.0 0.0 6.366618671535812e-08 0.0 0.0 6.555045478469705e-07 0.0 0.0 0.0 0.0 0.0 0.0 0.0 0.0 1.7464192415992697e-07 1.068006254767015e-06 0.0 0.0 0.0 0.0 0.0 0.0 0.0 0.0 0.0 1.2922606611517237e-06 0.0 8.920437430941287e-08 0.0 7.858375822614726e-08 3.1153446081214474e-07 0.0 0.0 0.0 0.0 0.0 0.0 0.0 0.0 0.0 0.0 0.0 0.0 6.05066059763335e-08 0.0 0.0 2.7153665615348628e-06 2.037988908539098e-07 6.53122714720458e-08 0.00024357318421344828 4.4686233537231554e-06 0.00018021491518866034 3.5328651967340864e-05 0.0003116896813551063 1.9282011158762102e-05 2.3486361265295856e-06 1.264173061004019e-05 5.9306069971944545e-06 0.0 1.7721722607776222e-07 0.0 1.3198609289661333e-05 0.0 0.0 0.0 2.2626062458240038e-07 1.1334369118897353e-07 7.193848597674276e-05 1.7171492538184197e-05
0.0003871847282207315 0.0 0.0012552237889367705 9.9009209463002e-05 0.0 2.3138969711345915e-06 0.0005105828342930412 0.00048547064314152577 0.00046353488990268993 0.0004389286895064045 0.0006551506936600707 4.304111692555335e-05 0.00033264331264823936 0.0016722533906718719 1.4295268188167444e-05 1.3260661836335893e-05 9.003932855123563e-06 2.268116161295158e-07 5.678502647687113e-07 5.893231630810919e-07 3.013205056439936e-07 0.0 1.2516515606078947e-07 1.368110367876647e-07 3.8406833583547584e-07 3.23898856896132e-07 1.576461351567631e-07 1.1035088301348571e-07 1.1665615680836157e-07 1.7806192178638579e-07 0.00043661639927297446 0.0001196095326465515 3.889833211803173e-05 2.067123615924994e-07 2.0564664170445105e-07 5.650270141643544e-07 3.4977948835985583e-06 1.525613637539532e-06 3.3524276144937574e-07 1.831004529319634e-07 5.921043397331686e-07 6.11734887038346e-08 1.8634525656357665e-07 2.284405878238925e-06 4.606682306342762e-07 7.140355209027514e-08 5.5168701506129225e-05 6.977582597082984e-07 1.3199983821650744e-06 1.1000464970725436e-07 2.984299749008912e-07 0.0 9.175105830271693e-08 9.229848039151526e-08 6.400667070337913e-07 5.353027733825838e-07 7.772191376062944e-06 5.504519386124227e-05 3.0845285530511167e-06 6.819912048491544e-06 7.360254594029051e-08 4.0832771310574726e-06 6.501893214238193e-07 1.9994619157821563e-05 1.0635837083636552e-06 8.014405976830115e-08 1.8692736880657823e-07 2.6249402163748345e-07 5.566706300076497e-07 2.7522143578285857e-07 5.637169511577382e-06 2.5488116726973475e-06 0.0 1.787118935825295e-05 3.0705104659438e-05 4.3191431003176576e-05 3.74663467542787e-05 1.790252355755281e-05 1.0342876241070275e-06 6.587669028371722e-05 4.708187532077051e-07 8.693669304095775e-06 7.230906140734411e-07 1.266524995351539e-07 7.640229124657566e-07 2.9949467790837244e-07 3.934787063236446e-07 0.0 5.338061825208582e-08 5.6476824503849204e-08 9.166236971513433e-08 0.0 8.269539816922955e-07 4.2072548570026645e-07 0.0 2.397035141515613e-05 3.908645508520271e-06 0.0 2.774546781703738e-06 2.3363476818777346e-05 0.0 4.5023100169785394e-07 1.2981756312817504e-06 0.0 1.5785875367690423e-06 1.100060554927567e-06 8.828545130003067e-07 1.0040430517648724e-07 2.339580701316262e-06 4.7493175701590715e-06 8.919557517960777e-07 3.081463529753233e-06 2.054033358040614e-06 8.669081239897223e-07 3.968989820358095e-06 3.110626033258141e-07 5.935058709392686e-08 0.0 0.0 0.0 0.0 0.0 0.0 0.0 0.0 0.0 0.0 8.287707778682675e-08 0.0 0.0 0.0 2.6360142532771693e-07 0.0 0.0 9.075616767411987e-07 0.0 0.0 0.0 0.0 2.2497100295044904e-06 1.4730583693620975e-06 3.715934583757199e-06 8.681126501504461e-07 1.8578957491425381e-07 0.0 0.0 0.0 0.0 0.0 0.0 0.0 0.0 3.5126755402694953e-07 0.0 0.0 0.0 2.2716972411045113e-07 0.0 0.0 0.0 0.0 0.0 1.5050629295360537e-07 6.458964293680312e-08 0.0 4.097252950797675e-07 3.6136261427403574e-06 0.0 0.0 0.0 0.0 0.0 0.0 0.0 0.0 6.303385717447369e-08 3.7329439865083625e-06 4.308633117934719e-07 0.0 0.0 0.0 2.361682268399485e-06 3.3762574012297594e-07 1.845656960636518e-06 0.0 0.0 2.538760376914603e-07 0.0 0.0 0.0 0.0 0.0 0.0 0.0 0.0 0.0 0.0 5.352171271356366e-06 1.7731258083627872e-06 3.91230253478112e-06 0.0002778831415859214 3.049520521982583e-06 0.0001220258520447887 3.785351716106897e-05 5.252722216313651e-05 1.6479699067452643e-05 1.1169536265418554e-06 2.6432568518842125e-05 8.386680457138809e-06 0.0 8.86616921292171e-07 5.801607744837082e-07 8.193786481422063e-06 0.0 0.0 0.0 7.040599474427254e-07 0.0 5.451933655110375e-06 4.8863342575522e-06
0.0003142972622663527 0.0012552237889367705 0.0 6.002561439558839e-05 0.0 0.0 0.0009576579253025036 0.0004955540769614329 0.0002950866916741335 0.00032574520197777305 0.000627913776319081 6.903913991260626e-06 0.00036329241020313543 0.001866940668302788 1.0567292580497131e-05 1.1814110318393937e-05 5.649348299979407e-06 2.4492669179868295e-07 6.033077279941714e-08 1.7958036105343876e-07 9.848969422113277e-07 0.0 2.8116461293465635e-07 3.469989010834547e-07 4.232036609970787e-07 6.49032032478337e-08 3.5719520403506766e-07 8.419269711187246e-08 1.3928914567595005e-07 5.203280324312592e-08 0.00034967776117192167 0.00011645976277123818 3.099490225634468e-05 1.2007430744766795e-07 5.039563466127186e-07 1.7344254424497944e-06 1.1106764186506316e-06 6.696344353694204e-07 2.4108040953743106e-07 1.318690760916979e-07 1.2648750422981635e-06 2.124815608555992e-07 1.1142556805265623e-07 1.6393737143422679e-06 3.9535148073720223e-07 5.909095880774882e-08 3.240697413096289e-05 3.0667636163396655e-07 5.779448257066867e-07 1.1492649277012435e-07 4.628425620176398e-07 7.373855060324006e-08 6.598908642484108e-08 0.0 3.711479426616632e-07 3.7953568824516384e-07 4.1327581659044595e-06 2.873344073580298e-05 1.046496387657854e-06 3.377121355411164e-06 1.538371620359914e-07 3.639551023035615e-07 1.39569514175164e-07 2.170410490707377e-05 1.725778475332342e-07 2.3476177102653057e-07 1.8122617187495321e-07 5.421847637276562e-07 8.128214253771734e-07 4.2719191638762903e-07 2.0872644006944776e-06 1.1096243166611165e-06 0.0 8.117984887674827e-06 1.667287774897552e-05 2.3705494486822282e-05 2.4685194086046644e-05 1.7380700162817572e-05 1.3138401326980688e-06 9.005923879050321e-05 3.9142143242041914e-07 6.184997082539444e-06 1.4470239523523653e-07 0.0 5.128171159823024e-07 1.677605854485241e-07 1.8155171892507684e-07 0.0 6.124005495091668e-08 0.0 6.590711755006722e-08 0.0 8.490927084968134e-07 3.3691748903379214e-07 1.0691640002711188e-07 5.556687216579798e-06 2.9705098523911714e-07 0.0 7.922389408936067e-07 6.9975500431458395e-06 0.0 0.0 0.0 0.0 1.4259358416465742e-07 0.0 1.236506598000171e-07 0.0 1.6931522981429858e-07 2.384761576524305e-07 4.913306412767179e-07 8.996658481696645e-07 0.0 2.752475052801726e-07 6.707899063814805e-07 1.0436355664294423e-07 0.0 0.0 9.963087826875193e-08 0.0 0.0 0.0 0.0 0.0 0.0 0.0 0.0 1.192615583909829e-07 0.0 0.0 0.0 0.0 0.0 0.0 2.5991449032659567e-07 0.0 0.0 0.0 0.0 3.36495300974998e-07 0.0 2.800717942171281e-07 1.285873576202325e-07 1.3319512570598896e-07 8.102884547446602e-08 0.0 0.0 0.0 0.0 0.0 0.0 0.0 2.4469593046901164e-07 0.0 0.0 7.978296340365852e-08 0.0 9.251632526271793e-08 0.0 0.0 0.0 0.0 0.0 0.0 0.0 0.0 1.1469468135562252e-06 0.0 0.0 0.0 0.0 0.0 0.0 0.0 0.0 0.0 5.97107657757394e-07 0.0 0.0 0.0 0.0 2.6556261854421695e-07 0.0 7.758560818404267e-07 0.0 0.0 0.0 0.0 1.307899416812297e-07 0.0 0.0 0.0 0.0 5.0801501994490726e-08 0.0 0.0 0.0 7.038193078446877e-07 3.9783294740662553e-07 7.037865767420262e-07 0.00010657087374341198 2.208585237696089e-06 5.460179180192815e-05 2.0328128378634948e-05 1.5502436793980026e-05 6.256294443244787e-06 6.005276553838533e-07 1.1865117280069376e-05 3.0555783451548887e-07 0.0 1.1261326380236116e-07 9.926105748389686e-08 0.0 9.693214365220277e-08 0.0 0.0 5.613601552910008e-07 0.0 1.819241350381711e-06 2.192566500746056e-07
0.0006526111192017783 9.9009209463002e-05 6.002561439558839e-05 0.0 0.0 3.770184723715557e-05 0.0001149105587414008 1.9298511054542754e-05 0.0002324627407662762 0.00040518544420635656 2.4657817888902832e-05 6.580725965424945e-05 9.642382834120059e-05 0.00029253336908603624 2.6450839148184323e-07 6.761844121340688e-07 1.929558186573597e-07 0.0 1.3471446978922e-07 0.0 0.0 0.0 0.0 0.0 0.0 0.0 0.0 0.0 1.0884374979812571e-07 7.149016541139424e-08 7.369447891645143e-06 4.106664138940831e-06 1.2873065642974789e-05 0.0 0.0 0.0 0.0 1.7438369460334518e-07 0.0 0.0 0.0 0.0 0.0 0.0 0.0 0.0 4.5319376914612325e-06 0.0 0.0 0.0 0.0 0.0 0.0 0.0 0.0 0.0 3.610919891508678e-06 1.4262133994048899e-05 0.0 5.291557760103434e-07 0.0 0.0 0.0 1.9676915315813104e-06 6.101232351028204e-08 0.0 0.0 1.810272866381607e-07 0.0 0.0 6.2617632601389e-07 9.767350354254471e-08 0.0 2.2549852364891605e-06 5.556514790990415e-06 3.510173329236503e-06 7.599465080569048e-07 3.014400409922891e-07 0.0 2.830846143531444e-05 0.0 3.710176989384162e-07 8.975857836901374e-08 0.0 8.849448375972289e-08 0.0 0.0 0.0 0.0 0.0 0.0 0.0 0.0 0.0 0.0 6.570481617564387e-06 4.826805820122354e-07 0.0 6.703243494041327e-08 6.1000536934789984e-05 0.0 0.0 0.0 0.0 9.404096542596372e-08 7.563336019610682e-08 0.0 0.0 0.0 3.2871344188710435e-07 1.0211366065711305e-07 6.297641960951111e-07 2.8436503076714903e-07 0.0 7.621685124614666e-07 1.2078181144092489e-07 0.0 0.0 0.0 0.0 0.0 0.0 0.0 0.0 0.0 0.0 0.0 1.1380516404192103e-07 0.0 0.0 0.0 0.0 0.0 0.0 0.0 0.0 0.0 0.0 0.0 7.00802600900607e-07 0.0 1.9751192505977469e-07 0.0 0.0 0.0 0.0 0.0 0.0 0.0 0.0 0.0 0.0 2.1712306032245275e-07 0.0 0.0 0.0 0.0 0.0 0.0 0.0 0.0 0.0 0.0 0.0 0.0 0.0 0.0 0.0 0.0 0.0 0.0 0.0 0.0 0.0 0.0 0.0 1.176681065423416e-07 0.0 0.0 0.0 0.0 0.0 0.0 0.0 0.0 0.0 0.0 0.0 0.0 0.0 0.0 0.0 0.0 0.0 0.0 0.0 0.0 6.300273232805469e-08 0.0 3.4480605417270415e-07 1.4810538904141102e-05 4.2966836506274365e-07 1.1361504879819247e-05 2.3661128917399205e-06 0.00019144269541778277 4.831628988415419e-07 0.0 8.919711585743025e-07 8.0923265878084e-07 0.0 1.0307440941690647e-07 0.0 2.43639370807133e-07 0.0 0.0 6.39957655931669e-07 4.816986057668405e-06 0.0 5.840409018506597e-06 8.636375953550277e-07
0.0 0.0 0.0 0.0 0.0 0.0 0.0 0.0 0.0 0.0 0.0 0.0 0.0 0.0 0.0 0.0 0.0 0.0 0.0 0.0 0.0 0.0 0.0 0.0 0.0 0.0 0.0 0.0 0.0 0.0 0.0 0.0 0.0 0.0 0.0 0.0 0.0 0.0 0.0 0.0 0.0 0.0 0.0 0.0 0.0 0.0 0.0 0.0 0.0 0.0 0.0 0.0 0.0 0.0 0.0 0.0 0.0 0.0 0.0 0.0 0.0 0.0 0.0 0.0 0.0 0.0 0.0 0.0 0.0 0.0 0.0 0.0 0.0 0.0 0.0 0.0 0.0 0.0 0.0 0.0 0.0 0.0 0.0 0.0 0.0 0.0 0.0 0.0 0.0 0.0 0.0 0.0 0.0 0.0 0.0 0.0 0.0 0.0 0.0 0.0 0.0 0.0 0.0 0.0 0.0 0.0 0.0 0.0 0.0 0.0 0.0 0.0 0.0 0.0 0.0 0.0 0.0 0.0 0.0 0.0 0.0 0.0 0.0 0.0 0.0 0.0 0.0 0.0 0.0 0.0 0.0 0.0 0.0 0.0 0.0 0.0 0.0 0.0 0.0 0.0 0.0 0.0 0.0 0.0 0.0 0.0 0.0 0.0 0.0 0.0 0.0 0.0 0.0 0.0 0.0 0.0 0.0 0.0 0.0 0.0 0.0 0.0 0.0 0.0 0.0 0.0 0.0 0.0 0.0 0.0 0.0 0.0 0.0 0.0 0.0 0.0 0.0 0.0 0.0 0.0 0.0 0.0 0.0 0.0 0.0 0.0 0.0 0.0 0.0 0.0 0.0 0.0 0.0 0.0 0.0 0.0 0.0 0.0 0.0 0.0 0.0 0.0 0.0 0.0 0.0 0.0 0.0 0.0 0.0 0.0 0.0 0.0 0.0 0.0 0.0 0.0 0.0 0.0 0.0 0.0
8.555798732544234e-05 2.3138969711345915e-06 0.0 3.770184723715557e-05 0.0 0.0 6.383978607545325e-07 2.1041238737447217e-07 0.0 9.383657273911663e-05 0.0 6.792801734487024e-06 9.568829534252948e-07 1.436605392513048e-06 0.0 6.532786087371936e-08 0.0 0.0 0.0 0.0 0.0 1.6773328905367683e-06 0.0 0.0 0.0 0.0 0.0 0.0 0.0 0.0 7.0070468318800775e-06 0.0 1.9730270499599413e-06 0.0 0.0 0.0 1.6148078305916752e-06 2.5839165149464017e-07 5.765150003176234e-08 0.0 2.509442257478666e-07 0.0 0.0 0.0 0.0 0.0 7.37081931903592e-07 0.0 0.0 0.0 0.0 8.169433445301027e-07 9.473951671969731e-07 0.0 0.0 0.0 1.2978844066486124e-05 9.450939623230993e-06 3.156726666562791e-07 0.0 0.0 8.757351951824723e-07 0.0 0.0 0.0 0.0 0.0 0.0 0.0 0.0 1.2436908737335777e-05 8.095304127003356e-05 9.344752886892433e-07 1.7076202258196693e-07 1.0655237753675572e-06 4.6196849298749233e-07 0.0 1.967515474275616e-07 0.0 1.2937868162594882e-06 0.0 2.719168387437934e-06 0.0 6.926801158764659e-08 0.0 0.0 0.0 2.756782641894609e-07 6.79322953821687e-08 1.7464910458189048e-07 0.0 5.942761683451776e-08 0.0 0.0 2.1931596119013136e-07 3.443877984948263e-05 2.887568183180829e-05 1.6526782576008127e-05 4.169068459883079e-06 3.345990918224283e-05 0.0 6.530404760610441e-07 6.878919448770406e-07 4.7566505242077206e-07 2.3886131050591764e-07 3.835146547430237e-07 5.185963454232734e-06 0.0 1.9408586599502934e-06 8.85682831405367e-06 9.159050987835731e-07 2.741249264114517e-06 2.0270181784013144e-06 3.8756028710075594e-07 1.2220024361710357e-06 1.0155567131148277e-07 0.0 0.0 0.0 0.0 0.0 0.0 7.298165111761975e-08 0.0 0.0 8.047628502590415e-08 0.0 0.0 0.0 0.0 0.0 0.0 8.224298426944833e-08 1.1734776010997548e-07 2.224019405287629e-07 0.0 0.0 0.0 0.0 8.408463134626722e-07 6.722476648571419e-08 5.226882827865516e-07 2.528504493062824e-07 6.34447142783773e-08 0.0 0.0 0.0 0.0 0.0 0.0 0.0 0.0 0.0 0.0 0.0 0.0 9.62385057593481e-07 0.0 0.0 0.0 0.0 0.0 1.9624481716357886e-07 0.0 0.0 6.329314926748469e-08 5.70992824172203e-07 0.0 0.0 0.0 0.0 0.0 0.0 0.0 0.0 0.0 1.1522517591093164e-06 3.219299644410526e-07 0.0 0.0 0.0 3.729690055854843e-07 1.2675739180328318e-07 1.3544190049105913e-07 0.0 0.0 0.0 0.0 0.0 0.0 0.0 0.0 0.0 0.0 0.0 0.0 0.0 4.856283826387702e-06 0.0 3.550862601474349e-07 1.634837896574906e-05 0.0 2.243371804628708e-06 0.0 2.436601619887132e-05 0.0 6.297187726627586e-08 0.0 3.323822373991218e-06 0.0 2.719225880620038e-07 0.0 1.2647271903540271e-05 0.0 0.0 0.0 0.0 0.0 2.8584768646360448e-05 1.572328710758045e-05
9.190420754712454e-05 0.0005105828342930412 0.0009576579253025036 0.0001149105587414008 0.0 6.383978607545325e-07 0.0 0.0001546577122143877 0.00040173041216389133 0.0005221677575290967 0.0008414018239606193 6.87180912432732e-05 0.0009500061199098577 0.0014608858653359308 5.4315856632855805e-06 6.4583527749115225e-06 1.8167401894335497e-06 1.3097791516695732e-07 0.0 1.6505360787358202e-07 0.0 0.0 1.4310262212494746e-07 6.222994875292297e-08 9.144133723464379e-08 0.0 1.7516234703203553e-07 0.0 0.0 7.560852340707207e-08 1.8808481069919886e-05 1.8789775307006684e-05 6.158262574388263e-06 5.189425430349216e-08 0.0 0.0 1.3140228889639075e-06 4.933462811841533e-07 3.4865954175911715e-07 2.219142861141123e-07 0.0 7.038404838636812e-08 0.0 6.200842194396078e-07 3.023240713014612e-07 5.7315510240794623e-08 1.741942211150178e-05 0.0 6.404440734875074e-07 1.5282287970250647e-07 0.0 0.0 0.0 0.0 0.0 1.0471555088887819e-07 2.3267303234823934e-06 5.96317823792999e-06 5.609153551288206e-07 1.1499029061174413e-06 3.866863342855304e-07 2.9383309449310865e-06 0.0 2.562179269191905e-06 1.568874799957147e-07 7.434583997897636e-08 5.949184633156196e-08 5.0338472691695637e-08 0.0 0.0 1.1869361245643023e-05 6.578249364840325e-07 0.0 3.580189432878899e-06 6.334560457422714e-06 9.756680575108686e-06 9.829339721516814e-06 8.221075820363314e-06 3.015254921641887e-07 7.235730213843653e-06 6.441923035588934e-08 6.191804674581803e-06 7.028306592025595e-08 0.0 1.387393536328505e-07 6.728611551290708e-08 6.489767058744211e-08 0.0 0.0 0.0 0.0 0.0 7.312312618296697e-08 6.584254770932297e-08 0.0 5.6170091836085576e-05 5.612271655751692e-06 1.8241922596266682e-07 2.189582757334481e-06 6.061385989769823e-07 1.441938013819696e-07 7.497438755425779e-07 1.0408218786529493e-06 0.0 9.291684504931373e-07 1.0888813061660676e-06 1.1984881563460067e-06 3.722254625148228e-07 2.7682220004041057e-06 7.632333242129106e-06 2.5619321589130346e-06 4.387265092901879e-06 3.3695281753995953e-06 3.9590208669980875e-06 6.515587897630591e-06 2.06612246587769e-07 0.0 1.8988088803737972e-07 2.5000952573272254e-07 0.0 0.0 0.0 0.0 9.031000987261946e-08 0.0 0.0 0.0 5.364330714124422e-07 0.0 0.0 0.0 0.0 0.0 0.0 1.2797414750927594e-06 0.0 0.0 3.746953907027092e-07 3.9334228660740233e-07 4.422814536087532e-06 2.483999963797355e-06 5.132392787228457e-06 1.5856440860774226e-06 6.83033895505258e-07 0.0 0.0 0.0 0.0 0.0 0.0 0.0 0.0 5.771745532039756e-07 0.0 0.0 0.0 0.0 1.4576248285010302e-07 0.0 0.0 0.0 3.582863542383593e-07 0.0 0.0 0.0 4.519222857581159e-07 6.034791495696393e-06 0.0 0.0 0.0 0.0 0.0 0.0 0.0 0.0 0.0 7.170902396725369e-06 9.936370846424562e-08 0.0 0.0 0.0 3.53611677071501e-06 7.275272847403503e-07 2.4538139264210686e-06 0.0 0.0 8.687266301852602e-08 5.877659329333042e-08 0.0 0.0 6.063052013686688e-08 0.0 0.0 0.0 0.0 0.0 0.0 9.09573300177921e-06 1.6575344375725656e-06 4.442071560332483e-06 0.00011459923845223824 5.000395218938407e-07 3.109521467287269e-05 1.490735579579499e-05 1.4235473253319427e-05 5.0682420423960115e-06 7.623560750444345e-07 8.967154202557872e-06 5.299459075679498e-06 0.0 5.626943150466312e-07 1.0924256205547542e-06 1.1121688349063393e-05 1.5676529660741178e-07 0.0 9.01183299609881e-08 7.600283731683549e-07 0.0 5.48605839881513e-06 6.3531501506826054e-06
0.00020728953466811367 0.00048547064314152577 0.0004955540769614329 1.9298511054542754e-05 0.0 2.1041238737447217e-07 0.0001546577122143877 0.0 5.428685595447919e-05 3.1626238670161974e-05 0.00047076849053619623 6.145465680321691e-05 9.622823638626432e-05 0.0008652349348916467 3.998511159017307e-05 9.651919257123331e-05 1.8316458098998285e-05 1.062357578679047e-06 1.2835392749788923e-06 1.7664145049488546e-05 2.646474387344602e-05 1.1718594245264675e-06 8.378620450086817e-06 6.19185285396802e-06 1.4787447169320699e-05 1.0956676225766416e-06 2.5337067212270393e-06 1.2593252360550476e-06 8.177376486184602e-07 5.56615685252763e-07 0.0005676569331649533 0.00040410970276939497 0.00010843331003030793 1.4056892062509084e-05 2.7257001782275103e-05 6.503729582252181e-05 3.282170561623567e-05 4.366311712230375e-05 8.243982798361008e-06 9.768521821420432e-06 2.592344223936189e-05 1.2720630850552547e-05 3.2130280895451484e-06 9.100622690663495e-06 2.3392333556672065e-06 2.019544085480486e-06 8.891017578622881e-05 1.7847174872801698e-06 5.391572786796705e-06 5.231303149583226e-06 1.4376991102360085e-05 1.2386350286398958e-06 1.2444226189143945e-06 1.0875590667410038e-06 1.2247304278941867e-06 6.628054722330223e-07 8.19248620246671e-06 9.647881196582813e-05 2.5589573100935217e-06 7.505617251891768e-06 1.7734478714555714e-05 3.6028543887360376e-05 2.0759905861907705e-06 0.00037312628818376303 7.740505460602856e-07 6.42205746435677e-07 6.803080371560309e-07 9.42708497480276e-06 1.501454720183277e-05 3.178792857408718e-05 2.9207305116868203e-05 1.7017893122824795e-06 1.9084384488069028e-07 2.4947952023470823e-05 8.706645357576352e-05 7.730553711616884e-05 0.000264426648765458 0.0002971726283276457 0.0004367366086719678 0.0009604200778291895 1.5611659470832245e-05 0.0005663617888089864 9.525429445197203e-07 6.706610821404947e-08 1.7370914667163464e-06 2.120054656751501e-07 3.368220765828679e-06 0.0 3.420259068527933e-07 2.979922098920223e-07 1.3829428908172302e-06 1.596578362084509e-07 2.9183549280177364e-05 8.205045901877575e-06 1.8541777224992607e-06 3.67567757292156e-05 3.9775108312528135e-06 1.8006931043436247e-07 4.751272545877247e-06 8.206953607176243e-06 0.0 0.0 2.7695812252280814e-07 0.0 2.62314104336167e-07 1.2854063507107412e-07 1.988804885828363e-07 0.0 7.796663291748072e-07 9.58726715613693e-07 8.861961983714999e-07 8.442312971933598e-07 1.0652056951261692e-06 1.6243239732609536e-06 3.1526048885279815e-06 6.127023970162774e-07 5.5288070368247965e-08 1.1345777273700308e-07 0.0 1.0890658886663942e-07 0.0 0.0 0.0 0.0 0.0 5.003883575842173e-07 0.0 4.639352977245095e-07 0.0 0.0 0.0 0.0 7.154783291588095e-08 7.238194061500798e-08 6.252786778061844e-07 0.0 0.0 3.5173376678849957e-07 1.1838796667212198e-07 2.5552570269785074e-06 1.1395653439281938e-06 3.361829102841462e-06 1.884439395037075e-06 3.972448791488738e-07 5.29387824005222e-07 5.396098851641795e-07 6.281135540532697e-08 0.0 0.0 0.0 0.0 0.0 1.6483299459691712e-07 0.0 1.282542939549783e-07 7.863463711897869e-07 5.576116346823098e-07 1.8926731018920585e-06 0.0 0.0 0.0 0.0 5.1759826843054836e-08 1.287970881995631e-07 0.0 1.6507047978992998e-07 4.192175721847162e-06 1.2601596550441443e-07 0.0 0.0 0.0 0.0 5.5993424385448775e-08 6.808159835261617e-08 0.0 6.40005245942209e-08 3.300381417480876e-06 1.689787419593797e-07 3.075486666876201e-07 1.9853307237472078e-07 3.851682893191055e-07 1.213031569765032e-06 6.602695173673346e-08 1.7324495937015291e-06 0.0 0.0 5.081311933615319e-08 0.0 0.0 0.0 0.0 0.0 0.0 6.965390323599475e-08 2.298682345982222e-07 2.1914261003190536e-07 2.0816619781454475e-07 3.357110673246808e-06 2.215664199882275e-06 3.503217986523013e-06 0.00019890081532393254 1.8878986430082637e-05 0.0001375785399510434 5.8173104394573945e-05 3.040497007726615e-05 1.4080215849474901e-05 2.861208473133588e-07 2.0942612894124592e-05 2.09735820623546e-06 2.1889003765170305e-07 1.670674912754828e-06 1.5365884684038475e-07 8.697824261490802e-07 0.0 0.0 0.0 2.110737075577447e-06 3.5983895239140083e-07 4.951865062883914e-06 3.1530273671240806e-06
5.806331856511316e-06 0.00046353488990268993 0.0002950866916741335 0.0002324627407662762 0.0 0.0 0.00040173041216389133 5.428685595447919e-05 0.0 0.00019151830950290394 0.0004262919262500207 1.0644635715377688e-06 0.0004793091908784326 0.0009896284921220256 2.7394937630088093e-07 2.984378692145182e-07 1.2630192062094804e-07 0.0 0.0 0.0 0.0 1.309712701637413e-07 0.0 0.0 0.0 0.0 0.0 0.0 0.0 0.0 5.058253241187548e-06 5.752367025846566e-07 0.0 0.0 0.0 0.0 2.0540442905443436e-07 0.0 0.0 0.0 0.0 0.0 0.0 0.0 0.0 0.0 5.909449838222887e-07 0.0 0.0 0.0 0.0 0.0 0.0 0.0 0.0 0.0 0.0 0.0 0.0 1.7180780746036732e-07 0.0 0.0 0.0 2.6114497392024424e-07 0.0 0.0 0.0 0.0 0.0 0.0 3.630649790120527e-07 0.0 0.0 2.6962809875040565e-07 2.8768698450480805e-07 1.4665956243479738e-07 9.714249266093945e-08 0.0 0.0 1.9775053753753053e-06 0.0 5.660136871528094e-07 0.0 0.0 5.849079589704805e-08 0.0 0.0 0.0 0.0 0.0 0.0 0.0 0.0 0.0 0.0 1.0058128224027825e-06 1.6291031002491315e-07 0.0 0.0 0.0 0.0 0.0 0.0 0.0 0.0 0.0 0.0 0.0 0.0 0.0 0.0 0.0 0.0 0.0 0.0 0.0 0.0 0.0 0.0 0.0 0.0 0.0 0.0 0.0 0.0 0.0 0.0 0.0 0.0 0.0 0.0 0.0 0.0 0.0 0.0 0.0 0.0 0.0 0.0 9.072199177094627e-08 9.761062296870176e-08 0.0 0.0 0.0 0.0 0.0 0.0 0.0 0.0 0.0 0.0 0.0 0.0 0.0 0.0 0.0 0.0 0.0 0.0 0.0 0.0 0.0 0.0 0.0 0.0 0.0 2.7233144045850374e-07 0.0 0.0 0.0 0.0 0.0 0.0 0.0 0.0 0.0 2.608451892279981e-07 0.0 0.0 0.0 0.0 0.0 0.0 0.0 0.0 0.0 0.0 0.0 0.0 0.0 0.0 0.0 0.0 0.0 0.0 0.0 0.0 9.463679933082169e-08 0.0 1.9815610852269843e-07 3.1491773701358587e-06 0.0 1.0924592896778573e-06 6.586926967041311e-07 3.3300960871337173e-07 0.0 0.0 0.0 0.0 0.0 0.0 0.0 0.0 0.0 0.0 0.0 0.0 0.0 7.282504320922089e-07 0.0
0.00043121779071858774 0.0004389286895064045 0.00032574520197777305 0.00040518544420635656 0.0 9.383657273911663e-05 0.0005221677575290967 3.1626238670161974e-05 0.00019151830950290394 0.0 0.00015916148805432734 0.00015959408047398768 0.0013431355561815536 0.0006762631522304191 8.744271331477802e-06 4.936061605775734e-06 6.574441715739557e-06 8.307436921897528e-08 3.572381080939333e-07 3.2582200632782384e-07 2.0314593316437856e-07 2.4334481080573533e-06 2.0259960266574004e-07 2.473421151881729e-07 1.587473877571989e-07 1.4226680855678748e-07 3.1033830212580186e-07 4.621305256424266e-07 5.054841079767255e-08 0.0 6.796495184994739e-05 2.18307838372026e-05 1.3502127809629573e-05 0.0 1.695268986925061e-07 5.209305860489258e-07 7.918190646816528e-06 1.8490472445977531e-06 8.982345202876822e-07 2.512751892434598e-07 0.0 1.2430929126805946e-07 1.2825362156864414e-07 8.702486513622292e-07 3.6908607411848766e-07 1.2684231585750105e-07 5.289487475524643e-05 7.982366394459326e-07 9.196268277022203e-07 1.0540751528685672e-07 2.971304222888056e-07 5.497006234613289e-07 9.929196567249706e-07 9.390352467862146e-08 7.51962252381362e-07 5.503315459715512e-07 1.4373360485940248e-05 7.112979102780369e-05 2.1845212903439487e-06 5.3876944582707246e-06 1.2916823715495477e-07 7.172269121562344e-06 1.166409534062502e-07 1.216684924464455e-05 8.366164015935173e-07 2.461476001128691e-07 0.0 1.1824189281629171e-07 2.0145824346563136e-07 5.689459224507616e-08 5.2047271585855894e-05 6.448459303143327e-05 1.1197372893631557e-06 2.0713280858574136e-05 3.0385767939668627e-05 3.765603029692701e-05 1.9890342388822116e-05 8.378866124281293e-06 5.815222405954653e-07 1.999364228424135e-05 5.333497069095547e-07 1.6197795871334176e-05 5.74249382113065e-07 1.252910624771278e-07 4.615207916027964e-07 8.661845117781757e-08 1.6530416724531478e-07 1.3068289113597836e-07 2.625926549019589e-07 5.631544265247784e-07 2.1393259131738585e-07 2.00311924378675e-07 1.173579870231074e-07 1.6715452878106705e-07 0.0 0.00018662098438097877 5.6802613409676944e-05 1.6086958205517954e-05 1.2381970590097536e-05 0.00028566403486140514 2.760074869515445e-06 1.023108915744915e-05 3.123457155524601e-05 8.409405288999003e-06 1.0987876628486847e-05 1.9080333136276923e-05 5.731903765421329e-05 3.245799319559235e-06 6.874389634748926e-05 0.00018917698500083433 2.7572165647551468e-05 5.7235573616361e-05 4.485187246571009e-05 3.3847751751238485e-05 4.680093227988563e-05 1.7843282253990845e-06 1.9792157020806363e-07 0.0 1.1573884752618133e-07 0.0 0.0 0.0 0.0 0.0 2.2295885903689797e-07 0.0 0.0 1.4992662039385825e-06 0.0 1.0214918921896751e-07 0.0 5.543341207006994e-07 6.148468321109686e-08 1.1394015597483638e-07 8.71386469327645e-06 7.104703417850416e-07 0.0 7.465059700966892e-07 1.280603918480179e-06 2.3090869077341902e-05 5.307395475710392e-06 2.555481210543596e-05 6.741417414658935e-06 1.7587340056105166e-06 0.0 0.0 0.0 6.002855174434293e-08 0.0 1.8502018232452339e-07 0.0 6.967115285083909e-07 1.807495118069728e-06 0.0 1.6822591414656067e-07 0.0 1.2765803545060188e-06 1.7828290446048123e-07 0.0 7.908196329549802e-08 0.0 3.8747810654880274e-07 1.5819100549791793e-06 0.0 1.023139736772324e-06 1.641383277869498e-06 2.9675287557744434e-05 8.998069745902461e-07 0.0 0.0 0.0 0.0 0.0 1.1569145259068879e-07 0.0 1.8414819686190527e-07 5.709766127301597e-05 1.3321417167148408e-06 0.0 0.0 0.0 3.0069798003543053e-05 2.6313738412499427e-06 1.8958674728131298e-05 0.0 5.086090857227384e-07 1.4044645246872384e-06 4.869780770090394e-07 1.516122564089132e-06 1.7596139517952884e-07 0.0 0.0 0.0 6.340328365870071e-08 0.0 0.0 0.0 0.00011038486969386317 1.2018822019352336e-05 2.160419544088443e-05 0.0005452489943194063 7.091317110753424e-06 0.00013182957229882517 3.6645821985445014e-05 0.000453561746301607 1.7369478856705918e-05 2.748114278779918e-06 2.9420289328013926e-05 9.590588612640749e-05 1.7363654887010317e-07 1.3146825564049686e-05 3.873227674583197e-06 0.0002431539002700916 2.2290068599750075e-06 2.908291504377779e-06 1.4269340199123029e-06 7.814421678918562e-08 3.175181596169081e-07 0.0002598060954610841 0.0001724635583838488
8.883297088484742e-05 0.0006551506936600707 0.000627913776319081 2.4657817888902832e-05 0.0 0.0 0.0008414018239606193 0.00047076849053619623 0.0004262919262500207 0.00015916148805432734 0.0 3.874192877694928e-05 0.0006298937754840577 0.0013021196191633686 2.392838600761297e-06 7.269525878394761e-06 5.364554303333196e-07 1.7258038350885265e-07 0.0 5.60663617005737e-08 9.164205534677682e-07 3.0619469643832955e-07 2.7526389573470106e-07 5.9260582787406496e-08 5.824410772737621e-07 0.0 2.3745295167315266e-07 1.3590555652432624e-07 1.4094329906864767e-07 0.0 7.05044242134308e-05 7.196827864736087e-05 3.01534013623341e-05 2.594167708695973e-07 4.729532145717726e-07 2.5879972068557674e-06 6.194143275757347e-06 2.7396622123876484e-06 7.330671504571059e-07 6.192620528237115e-07 1.2822955055293442e-06 4.874656774667618e-07 1.5955598213042409e-07 6.151890643034581e-07 3.585486845214728e-07 1.4536098104741673e-07 4.299946326453833e-06 5.982848360566625e-08 2.1560915343735597e-07 1.1287726259971129e-07 3.8616714827223395e-07 0.0 3.068201443956211e-07 7.677068092767755e-08 0.0 7.127005434921342e-08 3.847517210818944e-07 2.419316477311074e-06 5.303405041290056e-07 2.472737683624652e-07 8.763983922367343e-08 1.4069922531966654e-06 0.0 3.5138524778378535e-06 0.0 0.0 0.0 1.9855521961841885e-07 7.249487827616288e-07 4.66854056242048e-07 9.493985862752584e-06 7.459973637918235e-08 7.803036767100002e-08 1.1843209472314781e-06 1.6907340482405728e-06 3.463095046201981e-06 6.226556036694134e-06 4.592574715483196e-06 1.4093112090697615e-05 8.058759378550866e-05 5.114620458417863e-07 8.36301299774558e-06 9.505402750276815e-08 0.0 0.0 0.0 1.8172032187363446e-07 0.0 0.0 0.0 7.443636310211265e-08 0.0 8.621685142255419e-07 6.784333950026563e-07 9.601566447660796e-08 5.645260456701811e-06 1.047792964337831e-06 0.0 8.704628769687198e-07 6.3622157447016e-07 0.0 0.0 6.044458041227346e-08 0.0 3.2952312785048933e-07 0.0 0.0 0.0 2.520616986309808e-07 1.42163630458757e-07 1.611381071747078e-07 0.0 2.544804465973453e-07 5.700481794801658e-08 5.987241243111151e-07 0.0 0.0 0.0 0.0 0.0 0.0 0.0 0.0 0.0 0.0 0.0 0.0 0.0 0.0 1.008600336918639e-07 1.3570288600150435e-07 0.0 0.0 0.0 0.0 0.0 0.0 0.0 0.0 5.748928682864574e-07 0.0 2.2018424437737874e-07 0.0 0.0 0.0 2.4092653267969814e-07 0.0 0.0 5.1936834620789505e-08 0.0 0.0 0.0 0.0 0.0 0.0 9.788623495718143e-08 0.0 0.0 0.0 0.0 0.0 9.024412431293743e-08 0.0 0.0 0.0 0.0 5.440065945000688e-07 0.0 0.0 0.0 0.0 0.0 0.0 6.564898760627574e-08 0.0 0.0 5.839593214657676e-07 8.090500187299235e-08 0.0 0.0 0.0 1.1402954600248365e-07 0.0 1.5389491255113667e-07 0.0 0.0 0.0 0.0 0.0 0.0 0.0 0.0 0.0 9.860866841737656e-08 0.0 0.0 0.0 3.088342486058736e-07 3.517000105042049e-07 5.766046559793778e-07 1.3873685189912877e-05 5.077276328945139e-07 8.424233433127347e-06 3.7613110403778243e-06 2.1381652913504363e-06 8.202701709934177e-07 6.617048546641246e-08 1.1563987391800583e-06 8.781632403425929e-07 0.0 6.683200155483906e-08 4.918505204290131e-08 1.20328880384741e-07 0.0 0.0 0.0 7.100455305894375e-08 0.0 5.018611907954691e-07 1.0883235243470838e-07
8.915176157295651e-06 4.304111692555335e-05 6.903913991260626e-06 6.580725965424945e-05 0.0 6.792801734487024e-06 6.87180912432732e-05 6.145465680321691e-05 1.0644635715377688e-06 0.00015959408047398768 3.874192877694928e-05 0.0 0.000697390783957945 0.000189452525330363 1.6267545377945613e-05 6.230441740717128e-05 8.096022678885156e-06 1.659637699380621e-07 3.7137707698242716e-07 8.835912782506982e-07 1.535624639948622e-06 6.869169390366432e-06 1.0697885849175618e-06 4.070606280374826e-07 5.693415134795065e-06 3.436839368432447e-07 8.73528933749302e-07 1.8415306128649561e-06 5.237070460353844e-06 6.030191912461572e-07 4.994616739083683e-06 3.3343692060506412e-06 0.00015112332714977306 3.2057463281696205e-07 9.15740272819979e-07 2.3433864951288115e-05 0.00033700848970064486 5.1732919917615335e-05 1.60573104175527e-05 1.1238757629166636e-05 1.0431017647294974e-05 5.4300787417474005e-06 6.960483148519969e-08 2.9271798409333645e-06 2.535202872132275e-07 3.1374599342213235e-07 3.1346525585753055e-05 2.41794334405126e-07 1.3571027228990107e-06 7.774440217813414e-07 4.030683582514853e-06 3.7583919996240466e-06 6.187106387523444e-06 8.383085946204904e-07 2.765249563044223e-07 0.0 2.0923037411939754e-06 7.613759984979603e-06 4.503321169810198e-07 2.124029178028596e-06 4.0160593125638784e-07 1.8177347650366972e-05 6.391711548452141e-08 3.2344744410489285e-06 1.504150227345422e-07 2.2770293892504055e-07 3.1740355095119686e-07 3.6296529649285326e-06 3.345764685126035e-06 1.2434709847249086e-06 0.00027830912975644855 7.311750395407481e-06 7.032210002222057e-07 5.110502810163315e-06 8.10746027756869e-06 1.6424541585301878e-05 2.2286523529964395e-05 2.6585841963797043e-05 7.717998116668028e-07 9.080725941043039e-05 6.553513018702427e-08 2.1454104915115178e-05 1.898105697085317e-07 0.0 1.6870977497411606e-07 1.4365921274098138e-07 9.369401158721625e-07 5.563090023747924e-08 3.1458555077099243e-07 7.449466439297731e-07 9.715163670003076e-07 4.096227769164724e-07 8.819078536395865e-06 5.860518097355052e-06 1.396175503679938e-06 0.000472446673841876 7.076434276297857e-05 2.9710790232725066e-06 4.0323332018653815e-05 1.8183779357695867e-06 8.154923887779083e-07 3.865900929731807e-06 3.314365604695459e-06 5.179497729135969e-07 3.336331785545139e-06 4.31462051486432e-06 5.532336259875761e-06 1.4715853203231333e-06 8.863047746526552e-06 2.652433991475618e-05 1.4559924322019355e-05 1.8297358765950827e-05 1.53481352869223e-05 1.1945129348740067e-05 2.3464502583248982e-05 1.1284786022445693e-06 7.864682100838571e-07 2.1798801478229274e-07 5.496821369876724e-08 0.0 0.0 4.3358886715379485e-08 4.0125013927282576e-07 5.577753856578757e-08 0.0 3.7606216534607936e-07 0.0 6.011318899673554e-07 0.0 2.637114891598732e-07 7.005635551072137e-08 6.183306566327772e-07 8.154550381320993e-08 1.382578129532013e-07 4.370171284913112e-06 1.7374273195397276e-07 0.0 2.399252373637416e-07 7.722794763055692e-07 2.0924591134887224e-05 6.719549481074171e-06 1.951587577134381e-05 4.2942143201162914e-06 1.010164440348954e-06 4.4923688265332804e-07 0.0 0.0 0.0 6.859842271267714e-08 0.0 2.6258640419937096e-07 0.0 1.3488545140819808e-06 0.0 7.011183153382262e-08 2.8524102564457465e-07 1.3784430780929028e-06 8.773658897630673e-07 0.0 6.967598407116603e-08 0.0 6.029879667869478e-07 4.0907846772736927e-07 4.622926413080195e-07 9.837509302638079e-08 6.894972049918594e-07 2.509424269484014e-05 2.940831176159872e-07 0.0 0.0 0.0 6.118161959783847e-08 6.051569149291051e-08 2.6405836579870823e-07 1.00767385495869e-07 0.0 3.2050886392876056e-05 6.267370464101862e-07 0.0 0.0 2.1903968096585048e-07 1.616184649109675e-05 1.987680195168489e-06 1.1428423316222285e-05 0.0 1.1729066537903265e-07 8.472355276354624e-07 7.188148678691741e-07 6.859774244033042e-07 8.42679960802328e-08 0.0 0.0 0.0 5.22111225892655e-08 1.2597899670763428e-07 1.9342581670493914e-07 9.105771177727374e-08 4.206148792274353e-05 1.1729421902381938e-05 1.9454699775718085e-05 0.00016445892283623826 4.896420571381249e-06 6.063248418565004e-05 3.149842494697612e-05 2.4323983071232926e-05 6.829240508212401e-06 9.663839549504559e-07 1.412483348491316e-05 2.6061788255290322e-05 2.845878106220019e-07 9.303126992942697e-06 2.559175960168112e-06 4.01354153827757e-05 1.6127382130035246e-07 5.529209804540026e-07 1.3704556389586057e-06 9.0652394804721e-07 6.330129344319391e-07 3.937945847073148e-05 2.8695644073725237e-05
