0.0 0.001220676320956341 0.0003880807826546242 0.002098848444697068 7.693466591218121e-05 9.082081565098779e-05 0.00043731137873950597 4.757633652855276e-05 5.3012074633627295e-05 0.0013698643637422517 0.00015689345768517065 2.2057611847657967e-05 0.0001485828322594864 0.00023068499819246793 2.2408141781395325e-07 1.383012098372663e-07 0.0 0.0 0.0 0.0 0.0 0.0 0.0 1.8351108187607023e-07 0.0 0.0 2.7503296566764773e-07 0.0 0.0 0.0 0.0001750597233769767 7.73472359786339e-07 6.536557016664405e-06 0.0 0.0 0.0 1.2105250243789585e-06 0.0 0.0 0.0 6.03190308677095e-08 5.750163754260091e-08 0.0 0.0 0.0 0.0 3.0065333583656514e-06 1.6066686307844944e-07 6.845945618243147e-08 0.0 0.0 0.0 0.0 0.0 2.0181640351575565e-07 0.0 7.273142964832114e-05 8.580743632833578e-05 5.108329405492703e-06 1.7295263943482556e-06 0.0 0.0 0.0 3.4210461761250974e-07 4.018986946947681e-07 3.200537144701251e-07 1.4008362523580853e-07 9.353972852944866e-08 0.0 2.1271792261375803e-07 0.0 1.4056271380526425e-07 6.948893598867498e-08 2.6444727139535988e-05 6.285325500322953e-07 7.1969643227744285e-06 5.34582779296628e-07 0.0 8.372330021775129e-07 7.705510459357373e-06 0.0 4.833520202948384e-07 7.048825134327909e-07 0.0 8.959099320978764e-08 5.268898413267701e-08 0.0 0.0 0.0 0.0 0.0 0.0 5.7361880683796056e-08 0.0 0.0 8.56635063097574e-06 4.785701209148652e-07 1.0527850934347545e-07 0.0 0.0003251845211294632 0.0 0.0 0.0 7.627570851918527e-08 0.0 2.217100279463606e-06 0.0 5.875512382451203e-07 0.0 0.0 0.0 5.445188206855731e-07 1.875254618131398e-07 6.837576977710811e-08 3.8021045569503346e-07 6.925919063379928e-08 0.0 0.0 0.0 0.0 0.0 0.0 0.0 0.0 0.0 8.906610858308268e-08 0.0 0.0 0.0 0.0 0.0 4.18623695759572e-07 0.0 0.0 0.0 0.0 0.0 0.0 0.0 1.3805761112104249e-07 7.110555626046808e-08 6.359557343126006e-08 0.0 0.0 0.0 0.0 0.0 0.0 0.0 0.0 0.0 0.0 0.0 0.0 0.0 0.0 1.572611190097327e-07 0.0 0.0 0.0 0.0 0.0 0.0 0.0 0.0 0.0 2.1229228078784977e-07 0.0 0.0 0.0 0.0 0.0 0.0 0.0 0.0 0.0 2.305859535012222e-07 0.0 0.0 0.0 0.0 0.0 0.0 0.0 0.0 0.0 0.0 0.0 0.0 0.0 0.0 0.0 0.0 0.0 0.0 0.0 0.0 5.324637942148613e-07 0.0 0.0 3.7824537622771445e-05 1.1914687381712407e-07 5.074208995767121e-06 8.664818395638305e-07 0.0003285760162055793 3.26808176466653e-06 6.374867360565989e-08 3.0600266716838973e-07 0.0 0.0 0.0 0.0 3.16328136702522e-06 0.0 0.0 0.0 0.0 0.0 7.062968532329142e-05 1.7951736311442788e-07
0.001220676320956341 0.0 0.000720762406458146 0.00021170967738242888 0.0005435647489351862 3.5748643324223615e-05 0.0016769978938728158 0.00035197791235595555 0.0002330364996774307 0.0005417510879003908 0.00017519691432959218 4.1379162663679155e-05 0.00046078643328520614 0.0003705320580873824 1.6781044027683804e-06 1.434186069398979e-07 9.720177058916014e-08 0.0 0.0 0.0 0.0 0.0 5.800088156415226e-08 5.221793094504534e-08 0.0 0.0 0.0 1.0619749076297823e-07 1.1205175269426037e-07 0.0 0.0004787506637552235 6.350752397353586e-07 3.831500248611786e-06 0.0 0.0 0.0 2.4693759588776064e-06 0.0 0.0 0.0 0.0 0.0 0.0 0.0 5.2725396212551196e-08 8.052211604975512e-08 0.00010161275635511552 1.7778044077137798e-06 1.5714447413942355e-07 0.0 1.7550743959406647e-07 0.0 0.0 0.0 1.6860797461559236e-06 1.7477830109409293e-06 5.3467695669473194e-05 0.00019782399174635596 9.185020992515187e-06 3.7314234348311694e-05 0.0 5.291450215919124e-08 0.0 1.423932364599052e-05 2.61644735357249e-06 3.124938530564313e-06 8.535607510817234e-07 8.58688854822751e-07 2.562094548323738e-07 0.0 6.195476921040524e-08 0.0 0.0 0.0001981519134914516 2.3451036940712746e-05 0.00012792040493364346 1.0417348631492831e-05 2.3687960688164143e-07 4.3665314316066653e-07 2.243315217747415e-06 1.1729638027779147e-07 4.936196951614981e-07 8.119206443165456e-06 6.3817983636617e-08 2.6385443942434327e-06 9.118422053567867e-07 1.8460314170278126e-07 0.0 0.0 0.0 0.0 0.0 0.0 0.0 0.0 1.0238529339472855e-05 1.9693955782209346e-07 0.0 0.0 0.0005399515423818158 0.0 5.802338149774405e-07 4.745068543890757e-07 4.315030901625637e-07 3.214590504498562e-07 9.035583188679163e-06 1.840925011843405e-06 2.6737695587480754e-06 2.6925987146660077e-06 2.592262505447051e-06 1.0549916767134266e-06 9.9814462540688e-06 1.2815756318543597e-05 1.62840024096294e-06 4.175141353121351e-06 6.771808306801302e-07 0.0 0.0 0.0 0.0 0.0 0.0 0.0 0.0 0.0 0.0 6.910182855166496e-07 7.712082666877801e-07 0.0 2.4027226698006146e-07 0.0 1.3578824510032811e-06 0.0 0.0 1.8119224962989428e-07 6.993304492878717e-07 0.0 0.0 0.0 1.1799195301253906e-06 5.589000707434609e-07 2.270450905321176e-06 5.920341989446447e-07 4.908163211787285e-06 0.0 0.0 0.0 0.0 0.0 0.0 0.0 2.448157459049325e-07 0.0 0.0 0.0 0.0 1.0052187192452037e-06 0.0 0.0 0.0 0.0 5.196584731514712e-07 0.0 2.5353102736291046e-07 0.0 2.962577762315192e-07 0.0 0.0 0.0 0.0 0.0 0.0 0.0 2.190113296161439e-07 0.0 0.0 3.104115899721701e-06 4.0717706310160135e-07 0.0 0.0 0.0 6.639441146476328e-07 0.0 2.4046529249864236e-06 5.495461558109661e-07 7.839018012827812e-07 3.9048674082559494e-07 0.0 0.0 0.0 1.5715227178805754e-07 0.0 0.0 0.0 0.0 0.0 0.0 4.358372471747962e-06 3.7234830356291126e-07 1.6074446956549757e-06 0.00011022083905929269 2.623983232029728e-06 0.0001147264466071981 2.3987618706021633e-05 0.0003098489974424859 2.280694867382733e-05 1.1874157590089484e-06 8.318625069726248e-06 4.23966199394178e-06 0.0 1.2748480354372775e-06 1.1495160139901e-06 1.8707192934549463e-05 0.0 1.1494812962995079e-07 0.0 3.3782754206817977e-06 4.457089277055591e-07 3.143222155376347e-05 1.2086471699106602e-06
0.0003880807826546242 0.000720762406458146 0.0 1.9906882754423178e-05 0.000520000087965231 3.387916037519085e-06 0.0004607737200230788 0.0009641637760168806 0.00045582424604884955 1.4822833601546297e-05 0.0008354919737975749 4.846176607941519e-06 0.0001443468513954183 0.000687182816308107 2.837951224915577e-06 1.1351823408271756e-06 2.8040159056069335e-07 2.7680617430810214e-07 5.072167282616967e-08 6.331955741723943e-07 9.03944358666782e-07 8.113736090079168e-08 1.0476355807393567e-06 1.5711402786589337e-06 3.015618976264686e-07 1.658717287053373e-07 1.3503757618593603e-06 6.211227825487525e-08 1.3268144360223946e-07 6.635324645005648e-07 0.0011719342547508906 0.0001076980374502851 1.6548781380894865e-05 2.2113177135400248e-07 7.647041502754097e-07 8.574735497878903e-07 9.7007601357814e-07 3.202525717999793e-07 1.5523961750315622e-07 0.0 1.2932542726549334e-06 4.1984450323717723e-07 3.26715914809043e-07 2.3194400651066086e-07 4.4873193430554124e-07 0.0 4.52140764756204e-05 1.362097996443359e-06 8.92369912000991e-08 1.1762909436091536e-07 0.0 1.1305352577780759e-07 0.0 2.2209672172761994e-07 5.145363429971465e-07 9.268879369705841e-07 2.9656237395604827e-05 0.00019507398447749728 3.9939896478064165e-06 1.389152286766296e-05 4.576942810618963e-07 1.2920353151737889e-06 7.829138340139446e-08 7.440747525140661e-05 1.4082482415663496e-06 1.437434066690036e-06 6.252130036958734e-07 9.687170615050003e-07 8.624892359869706e-07 1.7888610066552922e-06 6.090651885595877e-07 6.896115966189459e-08 6.156999588107943e-08 0.0001072952644766554 2.7742249250287964e-05 7.98005024147085e-05 1.1222164448256484e-05 8.825939255628603e-07 2.0160389239076033e-05 0.00013364340837117132 2.935453183365039e-07 1.664211070258385e-05 3.4427713588625675e-06 4.846044549315651e-08 1.2722249090302443e-06 4.978688171728562e-07 4.502082660606681e-07 0.0 0.0 0.0 0.0 0.0 8.31717315533095e-07 1.1890798654048508e-07 2.5081394447674304e-07 2.451346338579646e-06 1.7778619434681967e-07 0.0 0.0 0.00038809509770247234 0.0 1.1772978949538224e-07 0.0 0.0 0.0 6.219568456727649e-07 1.645593161459688e-07 0.0 4.2811311861040214e-07 5.910664692539144e-07 4.4230355104268157e-07 2.0446997187389754e-06 1.7530099987217579e-06 5.132803164280391e-07 4.28107170958229e-07 1.2887891851688795e-07 0.0 0.0 0.0 0.0 0.0 0.0 2.2760544495077974e-07 0.0 0.0 3.884008482038848e-07 0.0 4.1067092405781987e-07 0.0 1.1671501888997112e-07 0.0 1.2228261219910704e-06 9.67748925506636e-07 2.8509117598175475e-07 0.0 0.0 0.0 0.0 0.0 5.973468268653763e-07 3.0161422486281204e-07 1.4402950516373584e-06 7.016863679116974e-08 3.8023944185453444e-07 0.0 0.0 5.874662896926783e-08 0.0 0.0 0.0 0.0 0.0 0.0 0.0 0.0 3.597626263550301e-07 1.0312849532574185e-06 0.0 0.0 0.0 0.0 0.0 0.0 2.6279180707638244e-07 0.0 4.856059081559111e-07 0.0 0.0 0.0 0.0 0.0 0.0 0.0 0.0 0.0 0.0 2.9878663191936547e-06 1.2377570327964895e-07 3.7451926576486877e-07 0.0 0.0 3.5597939655986836e-07 0.0 1.5784985877128823e-07 2.423796031355152e-07 0.0 0.0 0.0 0.0 0.0 0.0 0.0 0.0 0.0 0.0 6.86248190670168e-08 0.0 9.839274600934992e-07 6.833056156920165e-08 5.787193508186276e-08 2.574689180724768e-05 9.339973869211757e-07 5.438264186632176e-05 1.099619154737881e-05 7.686904745406845e-05 8.668493698887602e-06 0.0 3.1573919810957114e-06 1.3522733697945419e-07 0.0 5.876529794056231e-07 0.0 3.175644340103073e-06 0.0 0.0 2.4319284083207845e-07 2.3354191069676366e-06 0.0 4.9284985544265945e-06 2.8461986777124643e-07
0.002098848444697068 0.00021170967738242888 1.9906882754423178e-05 0.0 1.460099201075583e-05 0.0005120676164043163 0.00021171244140249157 6.710349522506533e-08 7.843774868096818e-06 0.0008707429237041737 2.1037606482751917e-06 7.407602546364444e-05 0.00012875550168698718 2.447823982491025e-05 1.421191313884905e-07 0.0 5.573072410803606e-08 0.0 0.0 0.0 0.0 0.0 0.0 0.0 0.0 0.0 0.0 0.0 0.0 0.0 6.016567683748695e-06 0.0 5.300399271228944e-07 0.0 0.0 0.0 0.0 0.0 0.0 0.0 0.0 0.0 0.0 0.0 0.0 0.0 1.8826758452191862e-05 4.761373453119035e-07 0.0 0.0 0.0 0.0 6.780682238423064e-08 0.0 1.5961891356454897e-07 1.3601282905152647e-07 2.7504879178223122e-05 6.373348177187232e-05 2.8701751721477117e-06 8.35923394005303e-06 0.0 0.0 0.0 1.332893865864038e-06 1.102632275527336e-06 1.3511868383451053e-06 1.358278639848151e-07 3.667475430158244e-07 0.0 6.587032994399856e-08 4.4501505800493663e-07 1.4283350233493958e-07 6.232416768596649e-08 6.621177555872462e-05 2.844824048216046e-06 3.007438435419231e-05 1.0615794924983847e-06 6.804893850983284e-08 0.0 4.370787806641531e-08 0.0 4.062003514187083e-08 2.4839261940094114e-06 0.0 6.85704352224583e-07 2.4650406218442666e-07 7.81539736175387e-08 0.0 0.0 0.0 0.0 0.0 0.0 0.0 0.0 2.0503956810548702e-05 1.0205469513699621e-06 0.0 0.0 0.00046633342776120215 0.0 8.020949258240227e-07 5.671979186542202e-07 1.4703007061506054e-06 7.941511793386493e-08 1.8093485849846737e-06 5.419435650981748e-07 6.762483978844917e-07 8.671222115163302e-06 2.6538200052071766e-06 3.9478151625428833e-07 3.4691029074373125e-06 6.292397453265837e-06 1.0350305304376963e-06 8.505282135420309e-07 0.0 6.198372511295477e-08 0.0 0.0 0.0 0.0 0.0 0.0 0.0 0.0 0.0 0.0 0.0 0.0 0.0 0.0 0.0 4.0295429921738854e-07 0.0 0.0 2.676867550718625e-07 0.0 0.0 0.0 1.3876042823445453e-07 0.0 5.713101322826327e-07 0.0 0.0 0.0 0.0 0.0 0.0 0.0 0.0 0.0 0.0 0.0 0.0 0.0 0.0 0.0 0.0 0.0 0.0 0.0 0.0 0.0 2.8468266823521747e-07 0.0 7.830799533223165e-07 0.0 0.0 0.0 0.0 0.0 0.0 0.0 0.0 0.0 0.0 9.751362423321944e-07 0.0 0.0 0.0 0.0 0.0 0.0 0.0 6.186598234754958e-08 1.272849520568969e-07 0.0 0.0 0.0 0.0 0.0 0.0 0.0 0.0 0.0 0.0 0.0 3.538077946395085e-07 0.0 0.0 6.953568050625922e-05 4.254567527809765e-07 1.8100411691971017e-05 1.9042022951125458e-06 0.00019869388627612004 1.0486793202145818e-06 1.0085693999846804e-07 4.106965949199249e-07 8.136176287803912e-07 0.0 0.0 0.0 2.145790584738527e-05 0.0 0.0 0.0 4.853891905798508e-08 0.0 5.340590506151416e-05 4.410482506404092e-07
7.693466591218121e-05 0.0005435647489351862 0.000520000087965231 1.460099201075583e-05 0.0 7.5321822464354374e-06 0.0010445003051849926 6.14395705729975e-05 0.0012785639699297543 0.00013632735929467078 0.0004513259745624939 4.13437586849138e-06 4.051786768685609e-05 0.00011607182865804995 1.8882481158207761e-06 7.78949135991176e-08 5.346427528968481e-08 0.0 0.0 0.0 5.964061382444104e-08 0.0 0.0 0.0 0.0 0.0 0.0 0.0 0.0 0.0 4.0279105790701555e-05 1.0293516291522468e-06 0.0 0.0 0.0 0.0 0.0 0.0 0.0 0.0 0.0 0.0 0.0 0.0 0.0 0.0 3.6236256716272734e-05 4.4809905829664536e-07 0.0 0.0 0.0 0.0 0.0 0.0 4.898702450914333e-07 5.661350481408271e-07 6.643938760185204e-06 2.3280570227106294e-05 1.5050889905330817e-06 1.0789297245049346e-05 0.0 0.0 0.0 6.137370758252545e-06 6.946710819164784e-07 9.735661658965933e-07 2.7227157795969605e-07 2.4765612154588763e-07 0.0 0.0 2.0694074242753714e-07 0.0 0.0 4.482285444765005e-05 9.775828164017492e-06 3.555825874042688e-05 6.525920678133864e-06 2.395620758153359e-07 4.915210643632222e-08 1.4658158219734518e-07 7.047106798830142e-08 0.0 2.096978319194125e-06 4.903374556462292e-08 9.312589383048541e-07 3.8543893038890525e-07 0.0 0.0 0.0 0.0 1.0547284542029685e-07 0.0 0.0 0.0 0.0 8.469564067886654e-06 0.0 0.0 0.0 2.2438816974697797e-05 9.824629242270212e-08 3.9853194319164313e-07 2.1733097091488442e-07 7.33482015028617e-08 0.0 8.218865328913818e-06 1.0596589454715736e-06 4.996540827762262e-06 2.85645195459265e-06 3.2577033147781447e-06 8.613855618133195e-07 1.4984514236750759e-05 1.2659048858521407e-05 2.0646978390093934e-06 5.6654473331501845e-06 0.0 0.0 0.0 0.0 0.0 0.0 0.0 0.0 0.0 0.0 0.0 0.0 2.205175223889112e-06 0.0 0.0 0.0 1.137415584802508e-06 2.2468877856792307e-07 4.61434692948317e-07 0.0 1.599130470088632e-06 0.0 0.0 0.0 1.8104937630508883e-06 5.962870209489245e-07 3.619101662186184e-06 7.251067871257033e-07 2.93710514375614e-06 0.0 0.0 0.0 0.0 0.0 7.870579989831009e-07 0.0 5.961995697143549e-07 7.756626777923888e-07 0.0 0.0 0.0 2.713684053650902e-06 0.0 2.6812807864347147e-07 0.0 0.0 3.7250232009069815e-07 5.448694728184926e-08 3.576248906081999e-07 0.0 1.904235521567673e-06 3.872971740302339e-07 0.0 3.494443272861522e-07 1.3172246249290332e-07 0.0 0.0 0.0 0.0 0.0 3.0906116949485893e-07 6.749895833534279e-06 0.0 0.0 0.0 0.0 1.8152047531038985e-06 0.0 2.547987244704391e-06 1.1194792207513767e-06 8.039081903457918e-07 0.0 6.798264552917872e-08 3.551758756671461e-07 0.0 0.0 0.0 0.0 0.0 1.0811722517452177e-07 0.0 0.0 5.903974042021005e-06 8.280286257439882e-07 2.2102625455819898e-06 8.627419679801145e-05 1.1137811668156515e-06 5.958066310712108e-05 2.0785959292088854e-05 9.723544092241036e-05 1.9410452119312077e-05 5.556256721010425e-07 8.935302116270618e-06 4.886458154244959e-06 0.0 1.8535389101421576e-06 0.0 2.282217399341532e-05 0.0 0.0 0.0 2.8905791072959864e-06 0.0 1.5759334452953897e-05 1.2876585088272596e-06
9.082081565098779e-05 3.5748643324223615e-05 3.387916037519085e-06 0.0005120676164043163 7.5321822464354374e-06 0.0 4.64539460703801e-05 0.0 5.2191140446063556e-06 0.000625869639529175 1.9218611035030683e-06 3.390047676057953e-05 5.419391884301458e-05 8.651446954045788e-06 0.0 2.1045753383054248e-07 5.70684228339838e-08 0.0 0.0 0.0 0.0 0.0 0.0 0.0 0.0 0.0 0.0 0.0 0.0 0.0 5.831920068649682e-06 1.5649234174213267e-07 1.0643319492187492e-05 0.0 0.0 0.0 5.439312566227029e-07 0.0 0.0 0.0 0.0 0.0 0.0 0.0 0.0 0.0 5.184220790214412e-07 0.0 0.0 0.0 0.0 2.0820545274171428e-07 3.885947952627588e-07 0.0 4.6866682186982414e-08 0.0 0.00012150678662653283 2.366920254531129e-06 5.201062254607817e-06 3.933709587892191e-07 0.0 1.0868382549245004e-06 0.0 2.9907398953552076e-07 0.0 0.0 0.0 4.249659720609914e-08 0.0 0.0 3.774797281340346e-05 1.2456140637234555e-05 2.5416737903104504e-06 1.7707612291317343e-06 0.0 8.393132410717213e-07 6.735938258600456e-08 0.0 0.0 4.442300448571817e-06 0.0 5.010475865589669e-06 0.0 0.0 9.338730697524598e-08 5.242030672611247e-08 0.0 1.3051417707078192e-07 6.800935809489833e-08 4.473953896661707e-07 0.0 0.0 0.0 0.0 0.0 8.606557314233143e-05 7.507450688047475e-05 4.426517316149087e-06 5.568867213240927e-07 0.000126363651857017 0.0 7.19845423125592e-08 2.496031995967099e-07 9.5252361888591e-07 0.0 6.429949708461136e-07 2.850174570807274e-07 4.5810072269089077e-07 1.001531252701421e-06 4.612553357914382e-06 0.0 2.177266695971411e-06 5.499382418132181e-06 6.20381253827155e-07 3.360965768866307e-07 7.017323152537042e-08 0.0 0.0 0.0 0.0 0.0 0.0 0.0 0.0 0.0 0.0 0.0 0.0 0.0 0.0 0.0 0.0 0.0 0.0 0.0 4.4174499907384223e-07 0.0 0.0 0.0 0.0 0.0 0.0 0.0 7.410180707051425e-08 0.0 0.0 0.0 0.0 0.0 0.0 0.0 0.0 0.0 0.0 0.0 0.0 0.0 0.0 0.0 0.0 0.0 0.0 0.0 7.949793553243921e-08 0.0 0.0 0.0 0.0 0.0 0.0 0.0 0.0 0.0 0.0 0.0 0.0 7.033413367082587e-08 0.0 1.307595436574555e-07 0.0 0.0 0.0 0.0 8.301216806183521e-08 0.0 0.0 0.0 0.0 2.2473004904971778e-07 0.0 0.0 0.0 0.0 0.0 0.0 0.0 0.0 3.0670593381365206e-07 0.0 1.4598299595929946e-07 3.5781785029629927e-05 6.341155583937168e-07 5.918161025160821e-07 1.205418057279738e-07 0.00012976066200167123 9.162352985880466e-06 0.0 0.0 1.0487981781647698e-07 0.0 1.382508579476112e-07 0.0 2.719499656707543e-05 0.0 0.0 0.0 0.0 0.0 5.117151252365973e-05 4.943312954356774e-07
0.00043731137873950597 0.0016769978938728158 0.0004607737200230788 0.00021171244140249157 0.0010445003051849926 4.64539460703801e-05 0.0 7.386935294044675e-05 0.00020640964531820768 0.0016010802152162443 0.0004908595090003132 0.0002732671761872991 0.0018183943756714658 0.0011838770164686147 3.88125201324672e-06 3.8702927033714245e-07 6.164155357128804e-08 6.290853315682485e-08 0.0 0.0 7.776938182992174e-08 0.0 0.0 0.0 0.0 0.0 0.0 0.0 0.0 0.0 5.5475685156338274e-05 1.9808278906960204e-06 6.700648694335835e-06 0.0 0.0 0.0 1.5398677655879562e-06 0.0 1.1277354523866104e-07 0.0 0.0 7.0550626480961e-08 0.0 0.0 0.0 0.0 9.481879645868225e-05 1.2835826813441913e-06 6.352238186567251e-08 5.12474003250939e-08 1.9147429654849854e-07 0.0 0.0 0.0 1.6514730337391727e-06 1.3735629388793863e-06 2.365392627733946e-05 7.68094138555343e-05 4.514327730989528e-06 2.845285965101063e-05 0.0 0.0 0.0 1.3153256666693324e-05 2.693641148769899e-06 2.120760090695814e-06 4.566390525899583e-07 1.1068617391650867e-06 0.0 0.0 6.622884110393932e-07 2.6582956177899173e-07 0.0 0.00013068793273230203 1.78123552655872e-05 9.830519933138811e-05 1.263462083527707e-05 4.42664075586621e-07 1.2562264378839552e-07 8.473753484287936e-07 5.0796429108390003e-08 2.2317693379662258e-07 5.189113966017021e-06 4.68090513392898e-08 1.9693799958909314e-06 5.537497238206868e-07 1.318329565572224e-07 0.0 0.0 0.0 0.0 0.0 5.3493922779696333e-08 2.249049688085436e-07 0.0 4.3305122248477095e-05 4.7342851392864206e-07 0.0 7.583819300103883e-08 0.00010822144935445697 1.8270756184783232e-06 4.2450276622984256e-06 1.0279909087764154e-05 3.496427498668381e-05 3.7849843525527937e-07 4.113550370586495e-05 5.9779446246930306e-06 2.244155326642572e-05 5.5816399713409116e-05 4.015833005119214e-05 5.44194273385891e-06 6.002245039676822e-05 0.0003136402396933473 2.2662152878517402e-05 1.417540135799737e-05 1.756221233816788e-06 3.341024319865978e-07 0.0 6.251488676036165e-07 0.0 0.0 0.0 0.0 0.0 0.0 0.0 4.090138156625484e-07 2.5757920388252135e-06 0.0 4.552949523575654e-07 0.0 2.5076929559019644e-06 0.0 1.0988691968618482e-06 2.695690279195582e-06 2.663140334923548e-06 0.0 0.0 0.0 6.70973127789488e-06 3.534443239329809e-06 1.1530686391329643e-05 3.5886885156954848e-06 1.0063721358470593e-05 0.0 0.0 3.1389093969446726e-07 5.491124483462823e-08 0.0 0.0 0.0 1.2604685748619475e-06 2.120988515550879e-06 5.499447695343751e-07 4.5318552415003914e-07 7.612012727476556e-08 5.039394033398297e-06 0.0 1.3118485265689762e-07 1.5875844476675288e-07 3.134800330039212e-07 6.366843173813939e-07 5.01250302946859e-06 1.523809947592585e-06 0.0 1.7697436143728857e-06 1.5643005996875808e-06 5.783993619448044e-07 1.971656464082639e-07 4.2941549018430673e-07 0.0 8.324576037196822e-08 0.0 4.869959211509374e-08 0.0 0.0 3.2231303488038435e-05 1.0629840634094864e-06 0.0 0.0 0.0 3.0578030796760814e-06 0.0 1.0247957051109968e-05 2.94523107166869e-06 5.663182267506757e-06 2.4473072430356533e-06 9.772947127356193e-07 8.095680038172894e-07 4.3275903892808165e-08 0.0 4.6864322144768345e-08 0.0 1.58106753256469e-07 0.0 0.0 0.0 3.1387721444969645e-05 3.247947963580911e-06 6.857136000456764e-06 0.00021153277067985745 2.6338685325110705e-06 0.0001397134446483089 5.059483622161954e-05 0.0002843638613448808 4.4866072500251666e-05 1.275308641331811e-06 2.2119431510935253e-05 1.0444622238896202e-05 9.003950064615817e-08 8.401816246557778e-06 1.2356343347545358e-06 8.891333358446273e-05 1.2452511177589146e-07 0.0 0.0 7.139392134665862e-06 7.631056279830128e-07 7.728902944057061e-05 1.2441226596840787e-05
4.757633652855276e-05 0.00035197791235595555 0.0009641637760168806 6.710349522506533e-08 6.14395705729975e-05 0.0 7.386935294044675e-05 0.0 0.0004437969216110065 7.944277533773036e-06 0.0006997082948170162 8.036338574827563e-06 0.0002490638956091555 0.0008687449734608365 8.397687603404722e-06 1.3850900463834033e-06 4.4656168962557553e-07 1.7867463353503196e-07 0.0 1.0139133827519708e-07 1.7529426078460083e-06 0.0 8.274715909451438e-07 3.3936874386275766e-06 1.0784016832137079e-06 3.2569058020514983e-07 1.1958347341412547e-06 6.193309658831487e-08 1.0548707050990584e-07 7.953719824938328e-07 0.00080485372457431 0.0006664549298529353 1.7845538384115223e-05 4.992148495277211e-07 5.657505687361727e-07 0.0 4.094702400463901e-06 3.881727151122799e-07 5.6449663854155946e-08 1.8662507545152155e-07 1.6345925594904895e-06 6.349080960130582e-07 5.225331428856981e-08 5.5105688971990567e-08 1.3874119345816771e-07 0.0 7.372005941904497e-05 7.035018584806095e-07 4.9413344955248643e-08 2.04460718433656e-07 0.0 0.0 0.0 0.0 8.090177638652596e-07 3.987948717774298e-07 9.924387932734183e-06 8.07273971076241e-05 1.3908089171017347e-06 1.3395744931186389e-05 3.611009021242664e-06 4.7259808250328915e-06 1.5166069561153357e-07 0.0002397334929473344 7.103354687719838e-07 9.13964484123841e-07 2.1741239237126974e-07 5.675842048311192e-07 5.295085286067818e-07 3.7332833659459054e-06 8.39384915467314e-07 4.84739560864688e-07 1.1274365137061615e-07 8.616248130594724e-05 5.1723072625384255e-05 0.00010017376978263388 5.997794585749218e-05 5.3510039361013864e-06 0.000142171391519238 0.00027334314015412496 1.9666990138702805e-06 0.0001020612623650869 3.4934708057966772e-06 4.763236460069008e-08 1.2153056356772831e-06 4.863597255222239e-07 2.475022174010632e-07 7.800855006396711e-08 0.0 2.465639839155872e-07 0.0 0.0 8.922925190415716e-07 2.607306905754983e-07 2.429900673882207e-07 1.430917328806484e-06 0.0 0.0 1.475750648761917e-07 9.067467278594178e-05 0.0 0.0 0.0 0.0 0.0 8.106742411869717e-08 0.0 1.8646695262317896e-07 0.0 0.0 5.13038390488989e-07 0.0 0.0 3.2546224395972797e-07 2.7121669095906743e-07 0.0 0.0 0.0 0.0 7.162668902519169e-08 0.0 0.0 0.0 0.0 0.0 4.5069742587253924e-07 0.0 3.843848689708094e-07 0.0 2.0908841542171187e-07 0.0 4.644494523678149e-07 4.942898823139688e-07 5.266960412302317e-07 0.0 0.0 0.0 0.0 0.0 0.0 2.5824072933427267e-07 1.2743833318870316e-07 4.734823453677153e-08 5.205352590909488e-07 0.0 0.0 0.0 0.0 0.0 0.0 0.0 0.0 0.0 0.0 0.0 2.0865674381761934e-07 4.872097643166088e-07 3.9478784427956557e-07 0.0 0.0 0.0 0.0 0.0 0.0 0.0 2.9522250438028147e-07 0.0 3.7379852789134765e-08 0.0 0.0 0.0 0.0 0.0 0.0 0.0 0.0 3.1117799768822856e-07 2.7892501242753314e-07 0.0 0.0 0.0 5.692825966754502e-08 0.0 8.54699748084996e-08 0.0 0.0 0.0 1.7459742719946151e-07 0.0 0.0 0.0 0.0 0.0 0.0 0.0 0.0 0.0 0.0 0.0 0.0 3.270808258761328e-05 8.550113730729505e-07 9.094675137209778e-05 2.0674179471584647e-05 3.4846833628061876e-05 1.2019134283067358e-05 1.590966007787184e-07 3.5615311382099462e-06 9.093790301624485e-07 0.0 0.0 0.0 1.0541821346873634e-06 0.0 0.0 0.0 2.6246156239274006e-06 0.0 2.023099808425403e-06 1.6165690943209418e-07
5.3012074633627295e-05 0.0002330364996774307 0.00045582424604884955 7.843774868096818e-06 0.0012785639699297543 5.2191140446063556e-06 0.00020640964531820768 0.0004437969216110065 0.0 6.707966577509178e-05 0.0008584641366128147 8.268766856813647e-06 0.00019651960492981127 0.0003186544926725055 1.844616593332587e-06 2.7476332436105806e-07 5.685183925299426e-08 0.0 0.0 0.0 0.0 0.0 0.0 0.0 0.0 0.0 5.988616195282335e-08 7.29709664768717e-08 6.240250725572427e-08 0.0 7.537682216322536e-05 2.620877096616814e-06 1.7846961692724117e-05 0.0 6.460208821134359e-08 0.0 0.0 0.0 0.0 0.0 6.51912645374845e-08 0.0 4.5344887201072467e-08 1.503185188567694e-07 0.0 0.0 2.445883767149036e-05 3.6995225557660325e-07 1.3897200212876623e-07 0.0 0.0 0.0 0.0 0.0 1.0383571093541219e-07 2.7561189785450777e-07 4.0843350462318595e-06 1.4787999642134382e-05 4.263684941442365e-07 4.4125791964350525e-06 0.0 0.0 0.0 6.601156705931741e-06 5.065786480571493e-07 4.813539895377535e-07 9.054148508302765e-08 9.069988022393337e-08 2.1073700432393582e-07 0.0 1.2752819201212484e-07 0.0 0.0 2.3886589258175614e-05 6.54743438639272e-06 2.5614422175272936e-05 6.548409520391718e-06 2.5559191477544774e-07 2.5460315434224024e-07 1.2181967824827925e-06 6.149026449155432e-08 4.85275294769703e-08 1.4181194034065163e-06 0.0 3.927058331924859e-07 1.6804857804556503e-07 5.0702853002360056e-08 0.0 0.0 0.0 0.0 0.0 0.0 0.0 0.0 1.4830596372560134e-05 0.0 0.0 0.0 2.4666450809827826e-05 0.0 4.250654396277132e-07 0.0 5.895180135713443e-07 0.0 6.210570082586946e-06 2.562208011891722e-07 3.699114475939237e-06 3.428780873010395e-06 3.0674210513464105e-06 1.7639017750813894e-06 9.999174536742303e-06 1.605643187255576e-05 5.63576060851746e-06 5.5118381892801695e-06 6.723073435080807e-08 2.6008432428867184e-07 4.682100369960178e-07 4.684224235055973e-07 0.0 0.0 0.0 0.0 0.0 0.0 0.0 0.0 5.596872442375502e-07 0.0 7.908099647025585e-07 0.0 6.295037765621305e-07 4.140559032129901e-07 5.271733316722863e-07 3.4037010329055414e-07 5.120428287253348e-07 0.0 0.0 0.0 2.507276875272718e-06 1.543688276269741e-06 2.3553344701533837e-06 1.1230178274163862e-06 2.2002402373020035e-06 0.0 0.0 0.0 0.0 0.0 7.037111976829349e-07 0.0 0.0 5.253426305016317e-08 0.0 0.0 0.0 8.68729602553443e-07 0.0 0.0 0.0 0.0 0.0 1.0233950468559617e-07 1.9971847727220677e-07 0.0 4.6824824720329317e-07 2.3415650718455464e-07 0.0 0.0 0.0 0.0 0.0 0.0 0.0 0.0 0.0 9.932699011577576e-06 0.0 0.0 0.0 0.0 1.368321138159606e-06 0.0 2.8089255282238727e-07 1.0537965746772994e-06 1.872273530376456e-07 3.8210821923739366e-07 0.0 0.0 0.0 0.0 0.0 0.0 0.0 0.0 0.0 0.0 7.914246217042525e-06 4.637632074189609e-07 1.1208044060666838e-06 6.293354535103105e-05 9.81159441790756e-07 4.0679036365796965e-05 2.1979809377690406e-05 6.064210336145125e-05 1.2593089408888087e-05 0.0 1.0242527562197849e-05 1.2673512705734368e-06 0.0 2.3666174818626884e-06 9.531711695162648e-08 1.3669581329516972e-05 0.0 1.2818125459455215e-06 0.0 4.276155555786256e-06 4.6463098543174606e-07 1.402563632523128e-05 2.443318901366528e-06
0.0013698643637422517 0.0005417510879003908 1.4822833601546297e-05 0.0008707429237041737 0.00013632735929467078 0.000625869639529175 0.0016010802152162443 7.944277533773036e-06 6.707966577509178e-05 0.0 1.6498585383698567e-05 0.0013107119683537956 0.0017826763130653746 0.0003246951273881331 1.5904017286096748e-06 2.249901896735483e-07 1.0747021484687126e-07 0.0 0.0 0.0 0.0 0.0 0.0 2.628618994656559e-07 0.0 0.0 0.0 0.0 9.863900171815433e-08 0.0 1.3063778959832238e-05 3.2154403790409246e-07 0.00016971795116959296 0.0 9.938739444531206e-08 0.0 4.493595631106903e-05 0.0 0.0 0.0 1.6471768535234472e-07 3.1887178717514907e-07 0.0 0.0 0.0 0.0 4.3768369397654336e-05 9.798728319273524e-07 0.0 4.072220854453774e-08 1.3211464445291576e-07 0.0 0.0 0.0 7.343185549002282e-07 6.834907406883281e-07 6.132929753570888e-05 7.86700361341349e-05 6.367155922631518e-06 1.6204482196335835e-05 0.0 2.6433426323771963e-07 0.0 2.4030403937255e-06 1.3046134411110692e-06 1.892678260850312e-06 4.7324010389188564e-07 9.596409140317738e-07 1.6340504370462942e-07 4.393175789512894e-08 1.9675617290306016e-05 9.33075712632993e-08 1.244607768522391e-07 0.0001036114359163331 4.183326230220194e-06 5.22976385180272e-05 5.248931466302133e-06 3.999530819448809e-07 8.789159424121499e-08 2.361462008547852e-06 0.0 8.414658156920328e-07 4.142389309703235e-06 4.575082310673539e-08 1.4620286933539733e-06 6.364735647471932e-07 1.4519937117337462e-07 0.0 0.0 0.0 0.0 8.331542916392129e-08 0.0 0.0 0.0 0.000271911979766905 9.78585415067829e-06 0.0 1.3277400393918458e-07 0.0007351369273786736 2.404989174810447e-07 2.1229837821193268e-05 6.856840973567894e-06 1.2920501661500513e-05 7.10583217445222e-06 0.00018900512834681694 2.0698868093629513e-05 4.603134856061053e-05 0.0001105657146517443 7.148024507322171e-05 1.3861346633102213e-05 0.00013537313166046998 0.00021588756728134348 3.174805126381437e-05 2.1005151865166675e-05 7.255055996805078e-07 2.9153422522123044e-07 0.0 7.824428456626371e-07 0.0 0.0 0.0 0.0 0.0 0.0 0.0 0.0 2.7167827890779733e-06 0.0 1.6794399273162443e-07 0.0 1.0086591853269346e-06 9.55867954310423e-07 7.573533319781593e-07 1.2207184184297774e-06 5.890643183645245e-06 0.0 0.0 0.0 7.554668473628196e-06 2.774447662873714e-06 6.088225446663036e-06 2.1029221935707953e-06 7.242513262856169e-06 5.237413288921218e-07 2.841112873189581e-07 0.0 0.0 0.0 0.0 0.0 3.8168595754520596e-07 1.0840225992128901e-06 2.846100083274914e-07 1.4138100873514343e-07 0.0 2.457371625767859e-06 0.0 0.0 2.3249419027121e-07 0.0 5.3370647314595215e-08 2.0481822117262872e-06 7.3478571834062825e-06 0.0 3.404928514202155e-07 1.539165847538245e-06 3.406238078285664e-07 2.15075851163645e-07 3.837563067387077e-07 0.0 0.0 0.0 3.343958595794586e-07 0.0 0.0 3.5408846884087947e-05 1.8480941544368106e-06 0.0 0.0 0.0 3.2672831799793176e-06 0.0 4.754855855073578e-06 1.2431650608851824e-06 3.320432770006528e-06 2.353643979695805e-06 3.7622714532469414e-07 9.650347516102312e-07 0.0 0.0 0.0 0.0 4.646899778422545e-08 0.0 0.0 1.6765997505066845e-07 5.647807463450066e-05 2.496026653453955e-06 2.93517034570519e-06 0.0003830816983410736 3.8858795719172825e-06 5.7112476523070906e-05 1.5864658645971662e-05 0.0005774937233783975 1.3929757280499515e-05 1.9893565386325346e-06 6.073292997075515e-06 1.272266412922807e-05 0.0 8.163698598703464e-06 2.9487041720337835e-07 0.000390058227338358 0.0 9.796012044680203e-07 7.446083951450444e-07 2.501137921362704e-06 1.3374676579318527e-06 0.00027276176063374593 2.175451234794966e-05
0.00015689345768517065 0.00017519691432959218 0.0008354919737975749 2.1037606482751917e-06 0.0004513259745624939 1.9218611035030683e-06 0.0004908595090003132 0.0006997082948170162 0.0008584641366128147 1.6498585383698567e-05 0.0 1.7148228727456774e-05 0.0006337135473895409 0.0009762416360559432 8.144855183116545e-06 1.6745279273674046e-06 1.52597615080832e-07 0.0 0.0 1.230065888631611e-07 2.711051768032419e-07 0.0 5.685811973163353e-08 7.860933122772037e-07 8.244373503713257e-08 7.15886430699385e-08 2.586979291605562e-07 6.407193455266257e-08 1.2802195520303986e-07 2.872788573106061e-07 0.0004396818605614058 0.00012931082377812692 3.0454872845336752e-05 0.0 8.711118965941003e-08 0.0 9.446043839891584e-06 0.0 0.0 0.0 1.010839449380256e-07 4.358938579309823e-07 0.0 1.9696796477709507e-07 4.805017419859118e-08 4.948898733390466e-08 7.938254061569667e-05 9.629230887107178e-07 3.6484210717505767e-07 1.9225936502325037e-07 0.0 0.0 8.062967518978231e-08 7.463287708258238e-08 8.239756811610692e-07 9.006047562939621e-07 1.3610372024213205e-05 8.531951083150985e-05 2.7424163011376373e-06 1.6704313613375616e-05 1.0108181830657996e-07 8.737279471969132e-07 1.1261799425119281e-07 6.832077971723736e-05 1.2890187187250953e-06 1.3137048553775196e-06 2.9135741656414907e-07 7.7691298579767e-07 7.017142086294645e-07 1.8731178722191225e-07 1.7832993380894948e-06 5.590325789011797e-08 0.0 9.15006991492779e-05 3.726983782202999e-05 9.091597837103847e-05 3.5722160240191106e-05 1.1548724626213925e-06 5.408032232166341e-05 1.1089085713591859e-05 3.294179945697067e-07 6.681237883105411e-07 3.2820759807685752e-06 5.023165285239272e-08 1.8539276990011843e-06 5.613536112599692e-07 1.73316326262435e-07 0.0 6.754286506209421e-08 0.0 0.0 0.0 1.596577937471782e-07 8.914708483003937e-08 0.0 1.0519966595225158e-05 2.1862748128504857e-07 0.0 0.0 0.00013908539190436806 0.0 0.0 0.0 0.0 1.0822530300514543e-07 1.014375051962228e-06 7.27414026637048e-08 0.0 1.9092921324548164e-07 1.3892042267136609e-06 5.777032791643036e-07 1.786570689424659e-06 3.2069339656413132e-06 4.102343248930606e-07 6.794422179427443e-07 0.0 0.0 0.0 0.0 0.0 0.0 0.0 0.0 0.0 0.0 0.0 0.0 6.391472375528555e-07 0.0 5.465661962080716e-08 0.0 0.0 0.0 0.0 0.0 2.8302464780898055e-07 0.0 0.0 0.0 2.2360548461229286e-07 1.7734825090893116e-07 1.4696542101911294e-06 1.712296556048301e-07 4.014235611411106e-07 0.0 0.0 0.0 0.0 0.0 0.0 0.0 0.0 0.0 0.0 0.0 0.0 3.8903037433601163e-07 0.0 0.0 0.0 0.0 0.0 3.6976214682814326e-07 7.771618146440752e-08 0.0 0.0 8.060419019180774e-08 1.2511457770428208e-07 0.0 0.0 0.0 0.0 6.528576996416654e-08 0.0 0.0 0.0 2.0428408958931475e-06 0.0 0.0 4.6782952557442654e-08 8.475891915944652e-08 2.2029543463620845e-07 0.0 2.3144069336137998e-06 0.0 2.3695479108360388e-07 0.0 0.0 0.0 0.0 0.0 0.0 0.0 0.0 0.0 0.0 0.0 4.481853900240109e-07 4.143618096371183e-07 7.80461918727972e-07 6.469442577932236e-05 1.387021023413626e-06 0.00011976685832451395 3.086843369295476e-05 7.737182252669178e-05 2.210310894029216e-05 3.836702213893755e-07 1.1432703805528624e-05 0.0 9.094136527597645e-07 5.249997457603948e-07 1.4541162368788344e-07 2.3015427238780208e-06 0.0 0.0 0.0 4.359078301589255e-06 1.890539046835282e-07 6.523642135179768e-06 2.53955830639021e-07
2.2057611847657967e-05 4.1379162663679155e-05 4.846176607941519e-06 7.407602546364444e-05 4.13437586849138e-06 3.390047676057953e-05 0.0002732671761872991 8.036338574827563e-06 8.268766856813647e-06 0.0013107119683537956 1.7148228727456774e-05 0.0 0.0007213468107313837 7.342202286257153e-05 5.509915684196357e-06 4.5415936877066e-06 1.2918565441372843e-06 0.0 0.0 8.601080484862522e-08 8.467445904065002e-08 0.0 3.989614968091333e-07 2.4092010029679174e-06 1.3235681331206194e-06 1.3423117872161407e-07 2.259126670676714e-06 2.0579920816276346e-07 6.5354526725154e-08 1.6416392262667975e-06 6.170029044022923e-06 1.1710154063884926e-06 0.0002046403458715599 1.2149107435589044e-07 5.103747240894176e-07 2.9177370380514944e-06 0.00010426728850954443 3.2795525951053116e-05 2.650980610755933e-07 0.0 3.576573779292273e-06 5.757014835779724e-07 0.0 3.266321073759137e-07 2.8854489893064753e-07 3.985358593056467e-07 1.3978993842732212e-05 1.2591681916019964e-07 5.07927818490123e-07 1.4768264130590543e-07 0.0 0.0 0.0 8.764917554609816e-08 1.110406864041926e-07 6.565190501139148e-08 2.85968581324253e-06 2.5254602700428534e-06 5.342338820668934e-07 1.6318983940838445e-06 1.723249996075013e-06 7.218056661488928e-05 2.801052669453355e-07 1.7109090889596194e-06 1.0789888669034735e-07 1.110191693892812e-07 5.7888693110551294e-08 7.155504488655036e-08 2.072997281893737e-07 3.8898426274198295e-07 5.061519054833468e-05 3.769428908012239e-07 0.0 6.593332098353964e-06 3.816082831961381e-06 1.2602547978293274e-05 8.351641282265161e-06 2.036268895848961e-06 0.0 1.576865489505323e-05 2.2142318037595857e-07 2.7174779494536966e-05 5.803652511745931e-07 0.0 2.4663652711792905e-07 4.700551836997848e-08 7.36296948895814e-08 0.0 0.0 6.364557952718414e-08 0.0 0.0 2.261840425298221e-07 1.4926246912472032e-07 1.594199870759486e-07 0.00032510480742296507 1.4114662109942909e-06 8.491244293116675e-08 0.0 2.1251944552733524e-05 4.0589575901075787e-07 3.1253085428237466e-06 9.300960512771912e-07 2.341894219930819e-06 1.0997097306510521e-06 2.978554008866147e-05 2.181190283441985e-06 1.7808911056288326e-05 1.8991992615060834e-05 1.9315311923400497e-05 5.7066783123335625e-06 4.974643825306765e-05 7.647091977400527e-05 1.705237699178492e-05 2.2831719110668953e-05 1.2409531523830528e-06 0.0 0.0 0.0 0.0 0.0 5.649848560655136e-08 0.0 0.0 0.0 6.05414765169238e-07 0.0 2.4599693882047233e-06 0.0 6.016128495453376e-07 0.0 2.973543417505451e-06 2.6485549541814084e-06 1.4770454388082696e-06 2.3219019435744555e-07 3.827005435832131e-06 0.0 0.0 0.0 8.802589140602535e-06 1.865080562594985e-06 1.0212555211943317e-05 2.9203505341031194e-06 6.523662312243974e-06 7.672958959013552e-07 4.2414778951407475e-07 0.0 0.0 0.0 0.0 0.0 7.704123532571399e-07 6.333913798725727e-07 0.0 0.0 5.466464635778797e-07 2.4755287920834976e-06 2.4996144190202485e-07 2.335301061632717e-07 2.0907141965983326e-07 0.0 1.3020666573149974e-06 6.87378512573214e-07 2.9880636550310927e-06 0.0 1.94877706509531e-06 1.5093156964658282e-06 0.0 0.0 8.065964686141667e-08 0.0 1.2529202175734418e-07 8.201369730841906e-07 0.0 0.0 0.0 2.9628348755149077e-05 1.3431860920855982e-06 0.0 0.0 0.0 3.540826150717043e-06 1.2978954815330278e-06 6.092672228693456e-06 1.2328623744032588e-06 2.5142047921593786e-06 1.322174489291418e-06 3.3010008999378863e-07 4.5106527259873263e-07 0.0 0.0 0.0 0.0 1.6252917411853896e-07 0.0 0.0 1.677539790764405e-07 3.8532760750023716e-05 3.0272809173892632e-06 7.867492285223958e-06 0.00012179441285093594 1.329402304436131e-06 3.926008836280739e-05 2.2831287828082808e-05 8.179365863859537e-05 7.463714396110186e-06 1.641257340315125e-07 8.939058685369119e-06 4.957516349731545e-06 0.0 2.6332538971214846e-06 1.148455205271828e-06 8.618581204139589e-05 0.0 1.4674609010693066e-06 0.0 5.186546616138797e-06 1.2658558510043591e-06 9.62580337186516e-05 1.825677592578065e-05
