0.0 0.001928636447007183 0.00029507589321849 0.001040561733150225 4.842053096954786e-05 9.585343546194587e-05 0.00019399242318942188 4.5991343205425065e-06 4.7315312259621824e-06 0.0006075076650409124 3.619537911358829e-05 1.112530475165792e-05 2.6791412449578924e-05 1.3548378142680549e-05 0.0 1.4208952578820465e-07 0.0 4.6388398109733065e-08 0.0 0.0 0.0 6.672242318495866e-08 0.0 0.0 1.757225223450153e-07 0.0 0.0 0.0 0.0 0.0 0.0006552342831971016 0.0 6.901592483021397e-07 0.0 0.0 0.0 1.7890650439855743e-07 4.851585732966158e-08 0.0 0.0 9.06910855525648e-08 0.0 0.0 0.0 0.0 0.0 6.361699092149736e-06 2.904709152856988e-07 0.0 0.0 2.409273591889152e-07 0.0 0.0 0.0 2.1256160143228537e-06 8.204645141404452e-07 0.0001269278855091452 0.00025211669263394774 2.215451356037974e-05 9.83031010493518e-06 0.0 0.0 0.0 5.023546649297432e-07 5.919651746717538e-07 2.4352558819656013e-07 4.4571728270943535e-08 0.0 3.5366096355692856e-08 1.1086732735353481e-07 1.09367713129422e-07 1.4036324834348938e-07 0.0 8.932959262358197e-05 5.226555394415383e-06 5.904298158701716e-06 8.461182706371003e-08 0.0 6.986180618738521e-08 3.7744474833166804e-06 0.0 1.4618622638959856e-07 2.0416756132710436e-06 0.0 1.664803171413906e-07 3.2986403610187667e-07 4.026714795500779e-08 0.0 4.044063631894483e-08 0.0 7.900909405913838e-08 0.0 0.0 3.3566012890642e-08 0.0 1.1520023286840765e-05 2.275137563549901e-06 0.0 1.5501977409807646e-07 0.000946789806113216 0.0 2.884786772525972e-06 5.614756514909593e-07 2.801751386383789e-06 5.225096465125609e-07 1.8229242813544223e-06 8.710994189856549e-06 1.505230720343238e-06 7.008065570042361e-06 3.227708495474649e-05 3.717191290781598e-06 3.316587809912218e-05 3.2998506329728916e-05 1.236983396142074e-05 5.883918328127893e-06 0.0 0.0 0.0 0.0 0.0 0.0 0.0 0.0 0.0 0.0 0.0 0.0 0.0 0.0 0.0 1.041033385024271e-07 0.0 4.908821181897878e-08 0.0 9.145072566746222e-07 3.26558166385402e-07 0.0 0.0 0.0 1.1756222049564716e-06 0.0 4.2172023387845537e-07 0.0 0.0 0.0 0.0 0.0 0.0 0.0 0.0 0.0 0.0 0.0 0.0 4.738389050293008e-08 0.0 3.7553245856488966e-08 0.0 0.0 0.0 0.0 2.4447842036356736e-07 8.027230535436138e-08 9.05733113589421e-07 0.0 1.7173006002190748e-06 0.0 8.935952186586503e-07 0.0 0.0 0.0 0.0 0.0 0.0 0.0 0.0 9.655116626526438e-06 1.689935964437421e-07 0.0 0.0 0.0 1.29591106666363e-07 0.0 3.3846697608386847e-07 1.863602773201496e-07 0.0 0.0 0.0 0.0 0.0 0.0 0.0 0.0 0.0 0.0 0.0 0.0 1.2201161705455537e-05 6.347998039375416e-07 1.332444204951531e-06 0.00013025514434524072 4.0580723439720824e-06 2.2947204653609142e-05 2.019084337106637e-06 0.0005885583407961723 2.5792345009086343e-06 2.806777063704435e-06 2.5185732364613416e-07 0.0 0.0 1.2507267943114501e-06 0.0 2.1212962789600447e-06 4.998765944449322e-08 3.0064771493860344e-06 0.0 0.0 0.0 0.0003429496218492433 2.744937721825192e-05
0.001928636447007183 0.0 0.0013973990391705504 0.000768296120344427 0.0016550493198302177 2.1309079701019285e-05 0.0017100217572598025 0.00017643391957576139 0.0016447753434184924 0.0002562933244412211 0.0018273021938364116 0.00010699641857426209 0.00029007412347810987 0.00048558631038191617 1.7543589655716068e-06 1.9756958937447493e-06 1.3893458356380262e-07 0.0 0.0 1.2109538248720644e-07 1.4721371243298262e-07 0.0 0.0 4.7905206489693e-08 2.2811941183380959e-07 1.0886581881993352e-07 1.5725110024142284e-07 2.8346911952903083e-08 0.0 3.485398219005137e-08 0.0010022610053980032 4.309580496796931e-06 9.101514664615775e-06 0.0 2.0156750532644152e-07 5.4798266988254645e-08 1.083537946060441e-06 0.0 2.438833956016062e-07 0.0 6.587221350750232e-07 1.8615058337601413e-07 0.0 4.0607690701482175e-07 0.0 5.854339602903487e-08 8.236615960864393e-05 3.5276283117189673e-06 1.9386133265086605e-07 0.0 2.3955029389466877e-06 0.0 0.0 1.5605289428160554e-07 1.3112112327593572e-05 5.465529177806676e-06 6.080141509345449e-05 0.0003281638579149046 5.764428206678122e-05 8.161381358103584e-05 4.6247084818942456e-07 3.5729104552240654e-07 7.002107852780639e-08 6.75615684322441e-05 5.534652483148677e-06 2.2299113815824352e-06 3.3887184405756926e-07 6.553404688518079e-07 5.334028128020257e-07 4.4718823392931507e-07 2.379599925021591e-06 2.2313435623816192e-06 0.0 0.0003366782409500892 7.884471582631392e-05 0.0001459904296842242 1.1783184002349346e-05 1.438415698515152e-06 8.253788093119027e-07 0.00011018818701860149 7.15800107662454e-07 2.3247594080600698e-06 1.324977785299827e-05 8.991810826708027e-08 2.4964329923606808e-06 1.7725002951342965e-06 4.5480179276721e-07 0.0 3.1288166800826333e-07 0.0 9.424215827507702e-07 1.2986314993809035e-07 1.683672608747927e-06 8.509511017336557e-07 1.64791166066768e-07 9.071749854743235e-07 2.0208097545396686e-06 0.0 1.5764114197837093e-06 0.00021550930232304427 3.505710388235744e-07 1.5317759868310718e-07 2.3119080832958863e-07 0.0 4.937863016718994e-07 1.557774510767637e-06 4.1098804779713637e-07 5.550220630404414e-08 2.734695357677342e-07 2.2655909901831125e-06 4.735397242864327e-06 7.185356273550052e-06 4.551579676695128e-06 1.6631755734723134e-06 1.939265713746014e-06 1.5377910848016512e-07 0.0 0.0 0.0 0.0 0.0 0.0 0.0 0.0 0.0 0.0 0.0 1.0203600412757374e-07 0.0 0.0 0.0 0.0 0.0 0.0 3.6817942552776763e-07 0.0 0.0 7.93621820361126e-08 0.0 1.681951014264357e-06 2.2596417393261588e-07 4.06030771186645e-06 1.1079042802615844e-06 0.0 0.0 0.0 0.0 3.5539054733631357e-07 5.160344817971938e-08 0.0 0.0 2.9817998100411036e-07 0.0 0.0 0.0 0.0 0.0 0.0 0.0 0.0 0.0 6.77864752233314e-07 4.47887399116643e-07 4.888305922275743e-07 0.0 3.7902446459097754e-07 1.977446971738398e-06 3.1212535428484525e-06 0.0 0.0 0.0 0.0 0.0 0.0 0.0 0.0 1.7040742860496404e-06 3.5387245349719435e-07 0.0 4.09112997447923e-08 4.865243204724391e-08 4.722810136177223e-07 0.0 3.3990479406210805e-07 5.392084903304187e-07 0.0 4.7002157755186174e-08 0.0 0.0 0.0 0.0 3.672154162477866e-08 0.0 0.0 0.0 0.0 0.0 2.050012268716785e-06 1.7494985928288075e-06 1.7611387658742645e-06 0.00017516030831727424 1.0593779125559218e-05 0.0001996553800650076 2.4634279860596098e-05 0.00011617041207581244 1.7723812236297636e-05 1.3923972391413489e-06 1.258510482301569e-05 8.300340373596473e-07 2.935707438285096e-07 8.100294818486629e-07 1.0441255372790526e-07 1.6955827707615846e-06 1.795008849114837e-07 4.1462044541244754e-08 0.0 1.58846270272512e-06 0.0 6.609220355709517e-05 4.488776974039413e-06
0.00029507589321849 0.0013973990391705504 0.0 2.8676645358396397e-05 0.00030201123748604237 5.338413002430537e-07 5.4870198645034824e-05 0.0014031518872326943 0.0001713552612839817 6.645512830212061e-06 0.0020287223595422785 5.717405953519191e-06 0.000103919196550791 0.0008775928886333726 6.375952840701075e-06 9.876830674381123e-06 8.008292774276404e-07 5.153490980691742e-07 0.0 4.25418150405054e-08 4.083424522025452e-06 4.689456208853313e-08 1.839781367322028e-06 5.2643097097878915e-06 4.055124454878555e-06 9.888356748491365e-07 1.705418663606532e-06 9.59384210081502e-08 4.69088692793653e-08 4.3512655791385004e-07 0.0019325844377675503 0.00032971113837773776 5.7801322576599876e-05 0.0 5.1470414339922464e-06 5.24559983045188e-06 3.904042586150406e-06 1.685420866632593e-06 7.893817500381778e-07 9.722407161881596e-08 8.42939417048989e-06 7.610503395679501e-07 1.0240902735770403e-07 7.683890593364189e-07 0.0 0.0 4.432027488840338e-05 1.7263502448562002e-06 6.402556876679882e-07 6.761766617384708e-07 5.203058890617613e-06 9.056074060159374e-08 2.390733016337264e-07 1.485068144522976e-07 4.73733497074347e-06 1.633073775770852e-06 2.167402566799098e-05 0.00014478761336283444 1.627324006903048e-05 3.388113250050186e-05 5.9345194554824256e-06 9.389534306529823e-06 1.9612033415251922e-07 0.00033591170407026123 2.3963911122140914e-06 1.5927845501307557e-06 1.3139290073415801e-06 3.44577828606174e-06 6.092448630872014e-06 9.668291312644671e-06 2.195197763631412e-06 1.3439370789641026e-06 0.0 0.00012342266240717597 6.289740824237731e-05 0.00010532872693661142 2.477128828541319e-05 4.959718411578903e-06 3.599752361013881e-05 0.0012566426750011423 2.7425141128717696e-06 5.703681343110351e-05 5.3379792830401476e-06 0.0 1.2453344268502437e-06 4.819544888498374e-07 1.821572355143744e-06 3.679909462181265e-08 1.2107999344422134e-07 3.774896081213082e-08 5.823610656116725e-07 1.5690413870810145e-07 2.0153162062480726e-05 1.3302440215634202e-06 3.6565199705793217e-07 4.057015347068424e-07 6.2388992789457e-06 0.0 1.4150560733260164e-06 2.5904551575199046e-05 0.0 0.0 0.0 0.0 0.0 0.0 0.0 0.0 0.0 0.0 1.6114764603887296e-07 8.316927203171751e-07 6.770871983485533e-07 9.574900875297266e-08 6.702667890843213e-07 7.91073572315167e-08 0.0 0.0 0.0 0.0 0.0 0.0 4.918070713914821e-08 0.0 6.714454609271741e-08 1.8351936395552435e-07 0.0 2.959716928415835e-07 0.0 0.0 9.129550358701155e-08 8.049438589786637e-08 0.0 4.0067169407875396e-08 1.765110466968331e-07 0.0 0.0 4.994629440197648e-07 0.0 1.1794466586791321e-06 1.2317843106847292e-07 1.9057474330232564e-06 8.194930534518149e-07 2.6978980104290905e-07 4.8644284728080597e-08 4.40972115065287e-08 0.0 1.0637436193418472e-07 3.967446923198511e-08 1.1438039606858982e-07 0.0 7.603208916370704e-08 1.6681373425042591e-07 3.8618216861409655e-08 0.0 8.042716823558604e-08 3.0539467675553563e-07 4.693733931277878e-07 4.1220460269880674e-08 5.385072252559064e-08 0.0 2.519651411532568e-07 2.4253923684627367e-07 0.0 4.961170366568983e-08 1.5166588686001736e-06 5.787104254163772e-07 5.229806594131205e-07 0.0 0.0 0.0 0.0 0.0 0.0 0.0 5.615358462309769e-08 1.8176455721864006e-07 7.107540270964287e-07 0.0 0.0 1.8330247387122527e-07 7.628977115199461e-07 0.0 1.1713656941274908e-07 1.6220767881416274e-07 1.2830866210631913e-07 4.9305582051143536e-08 4.914233907020804e-07 7.211461742826417e-08 0.0 0.0 0.0 0.0 4.9182652041895136e-08 0.0 0.0 1.1614117730359994e-07 4.894708785231495e-08 1.0674846093864695e-06 2.0508810567738404e-06 6.147848903607528e-05 3.79634593650006e-06 8.842005105613386e-05 1.5429366112840383e-05 1.2175025011373353e-05 6.393741030625312e-06 2.162616467157185e-07 6.311056912152688e-06 1.8905410680675583e-06 4.4321613777687806e-08 8.705598999247448e-07 0.0 3.9990735337703e-07 0.0 4.42342724497978e-08 0.0 9.67085417177252e-07 9.337544944061454e-08 1.3372986104895892e-05 1.3288865888468393e-06
0.001040561733150225 0.000768296120344427 2.8676645358396397e-05 0.0 8.385231166570122e-06 0.0001320207042640393 0.0009620754013348824 1.7199239184721552e-06 1.239498114672458e-05 0.001150944735877411 1.1648493564287533e-05 6.465418314182988e-05 0.00011774606087795671 1.63267724109764e-05 0.0 0.0 0.0 0.0 0.0 0.0 0.0 0.0 0.0 0.0 0.0 0.0 0.0 0.0 0.0 0.0 2.5696843170122307e-05 0.0 7.61029109738903e-08 0.0 0.0 0.0 6.716360613963736e-08 0.0 0.0 0.0 0.0 0.0 0.0 0.0 0.0 0.0 1.839272338866151e-05 1.040265494875034e-06 0.0 0.0 6.540597169649361e-07 0.0 0.0 0.0 3.6996507903000046e-06 1.1251968299542282e-06 2.4657567493994493e-05 6.579903137550102e-05 2.138537216707715e-05 1.9292371877046058e-05 0.0 0.0 0.0 1.427236999230063e-06 1.4337481081793217e-06 4.153618180282942e-07 5.5957580970954346e-08 1.4395789357313612e-07 0.0 0.0 0.0 2.7354670586203985e-07 0.0 0.00011488237666186533 9.8785783883008e-06 1.5623674502660003e-05 5.373187741989291e-07 0.0 4.4351039548466844e-08 1.202378748660833e-07 0.0 4.623641915461291e-08 3.714137407527273e-06 0.0 2.774904945627772e-07 5.094914369370484e-07 0.0 0.0 4.3192363736980955e-08 0.0 1.6382972770510558e-07 0.0 3.786117562280782e-08 1.7539633784307013e-07 0.0 7.977130995461132e-07 1.473934822250102e-07 0.0 1.2550795048925512e-07 0.00029299324746912713 1.484412654557959e-06 1.5305882286456984e-06 1.4892129875451778e-06 6.932962123317746e-06 4.263603403073427e-07 4.8691366386774474e-06 4.732661257002899e-06 5.217541326303976e-06 2.2555746626325117e-05 1.7930828417058716e-05 4.8748939337110965e-06 3.872353459414836e-05 3.119449130151443e-05 1.590644649914959e-05 9.408879968495983e-06 0.0 0.0 0.0 0.0 0.0 0.0 0.0 0.0 0.0 0.0 0.0 0.0 0.0 0.0 0.0 0.0 0.0 0.0 0.0 1.1202980058763407e-06 2.3238135623483987e-07 0.0 0.0 0.0 2.1605262710583233e-06 0.0 1.4573922574457811e-06 7.101778952413076e-08 7.661669046250885e-08 0.0 0.0 0.0 0.0 0.0 0.0 0.0 5.416665708616838e-07 4.686570155511499e-08 0.0 0.0 0.0 0.0 0.0 1.8093423265231587e-07 0.0 4.4483343988955435e-07 7.267146678821355e-07 7.530480615269749e-07 0.0 0.0 0.0 0.0 3.4651085073234364e-07 0.0 0.0 0.0 0.0 0.0 0.0 0.0 0.0 1.0803719728946624e-05 5.237568822550643e-07 5.2745306660265364e-08 4.367699095676931e-08 0.0 7.374558005160902e-07 0.0 0.0 3.8322150394065e-07 5.766866994078025e-08 2.1678253117718443e-07 1.645561002585167e-07 0.0 4.358154789337407e-08 0.0 0.0 0.0 8.072223429358023e-08 0.0 0.0 0.0 1.1721441988873601e-05 8.44236668396758e-07 3.0149498264676397e-07 2.6689944120018433e-05 1.5902256324698833e-06 4.371695076450663e-05 3.510840269798878e-06 0.00019452788604625238 2.3964066927084403e-06 1.97930704329755e-06 9.867266101547194e-07 0.0 5.6691301610056245e-08 1.3764703667295858e-06 5.032226172863995e-08 1.1849884250604084e-06 0.0 1.0119691534324618e-07 0.0 1.1136523765130262e-07 0.0 0.00016788081691527062 2.4214275912224497e-05
4.842053096954786e-05 0.0016550493198302177 0.00030201123748604237 8.385231166570122e-06 0.0 3.104367641931087e-07 0.0007362288951215806 4.7642766673659944e-05 0.0018670743620457606 2.4412534028776057e-05 0.0015894452636605208 6.139455681273173e-06 0.00011668383649812327 0.00013088757763406053 9.043262681874265e-07 7.392509852573474e-07 1.051587399780508e-07 3.905042287434704e-08 0.0 0.0 9.875274694444274e-08 0.0 0.0 0.0 0.0 0.0 0.0 0.0 0.0 0.0 5.221659173772159e-05 1.5305301246761335e-06 3.793781026107599e-07 0.0 0.0 1.6355332663566085e-07 0.0 9.600776894672056e-08 0.0 0.0 5.450631885247665e-08 0.0 0.0 3.664162739425347e-08 0.0 5.066767037867433e-08 1.7338387926389076e-05 5.116992479906203e-07 4.623120742303321e-08 0.0 3.2196473154462007e-07 0.0 0.0 4.100873329459257e-08 1.3117800842964925e-06 8.592647131207569e-07 3.483539165481017e-06 1.8433221332755452e-05 6.288645776527395e-06 1.3576192130008414e-05 7.876793523525024e-08 0.0 8.90876287163184e-08 1.752612353864781e-05 7.30160266705335e-07 3.6955744990218114e-07 0.0 3.238029685315268e-08 1.3910873441023782e-07 3.016145455431317e-08 3.874715175788921e-08 2.764848947531172e-07 0.0 3.755499286842031e-05 1.5657687703392557e-05 3.485863950583066e-05 4.704114205440605e-06 7.431718423391343e-07 7.405191378211118e-08 2.601281593284449e-07 2.19862305949328e-07 0.0 2.7294221580541324e-06 0.0 3.5063240050524015e-07 1.862269116920997e-07 0.0 0.0 1.0788008740739772e-07 0.0 6.527134340111343e-08 4.4829698347950495e-08 0.0 9.453967734166078e-08 0.0 0.0 1.6461172751598956e-06 0.0 7.976601617244698e-07 1.415603618149668e-06 1.252416720308261e-07 0.0 0.0 0.0 0.0 4.735490962865445e-07 0.0 6.752255495948303e-07 0.0 0.0 2.7763070989518895e-07 1.337572007899854e-06 5.719523077404365e-07 0.0 3.4904397715944546e-07 0.0 0.0 0.0 0.0 0.0 0.0 0.0 0.0 0.0 0.0 0.0 0.0 0.0 0.0 0.0 0.0 0.0 0.0 0.0 3.183744167624958e-07 0.0 0.0 0.0 0.0 9.258901646703176e-07 7.903005950296823e-08 8.459782741062476e-07 1.4615216628024288e-07 1.5945826096813858e-07 0.0 0.0 0.0 0.0 2.0485349449014986e-07 0.0 0.0 0.0 4.5463675865240113e-07 0.0 0.0 0.0 0.0 0.0 0.0 0.0 0.0 3.09812456489164e-07 1.2137064700410843e-07 0.0 0.0 4.0998297068008974e-07 6.777859654385998e-07 5.266176700946344e-07 0.0 0.0 0.0 0.0 0.0 0.0 0.0 0.0 0.0 0.0 0.0 0.0 0.0 0.0 0.0 1.4126100937365296e-07 2.8495866584251774e-07 0.0 2.730779843000288e-07 0.0 0.0 0.0 0.0 0.0 0.0 0.0 0.0 0.0 0.0 5.7395143680708355e-08 6.756499091407478e-07 2.1111437407533437e-06 4.934405198740395e-05 2.5758312979264074e-06 4.284383043658248e-05 7.299279912247436e-06 4.021239134540524e-06 4.1021483317273855e-06 3.170480477894767e-07 5.052380856633578e-06 8.773118972348535e-08 0.0 7.418657094714147e-07 0.0 8.992478596910541e-07 0.0 4.455568586219186e-08 0.0 1.1513651195893165e-06 0.0 5.624185758979263e-06 5.521284002666264e-07
9.585343546194587e-05 2.1309079701019285e-05 5.338413002430537e-07 0.0001320207042640393 3.104367641931087e-07 0.0 2.4117822052482576e-05 0.0 3.3514032325819653e-07 0.00044319350265531243 2.73908706963634e-07 4.860399355753774e-05 4.8775262532172034e-05 9.6570016931248e-06 6.266392776689979e-08 1.3277880834640867e-07 0.0 0.0 0.0 0.0 0.0 6.786747689760496e-06 0.0 0.0 0.0 0.0 0.0 0.0 2.9455973903096765e-07 0.0 8.79577493780165e-06 1.9573303108175165e-07 2.0723869951548734e-06 0.0 0.0 0.0 3.3681213491704813e-06 0.0 2.1702241061973438e-07 0.0 0.0 0.0 0.0 7.641639586868006e-08 0.0 0.0 1.9530408278091537e-07 0.0 0.0 0.0 0.0 9.247148301590222e-06 1.1380065082727788e-05 0.0 0.0 2.2620301406776044e-07 4.602173001342957e-05 2.1677862739270207e-06 1.8579449295542438e-07 7.048345119791293e-07 0.0 7.061072745701861e-08 0.0 0.0 0.0 4.580066673307292e-08 1.1977793271662833e-07 0.0 0.0 6.549667861780899e-08 2.747395949439727e-05 3.450266636591541e-05 4.131643815114223e-06 2.5013036852436807e-07 3.176449445203318e-07 0.0 0.0 0.0 9.916175999212295e-08 2.6150718654333725e-07 0.0 0.0 0.0 1.1649614271950702e-06 0.0 7.389130857552624e-07 0.0 1.2575080107464208e-06 1.6206099272953368e-06 4.774938635164762e-06 8.720049657046272e-07 1.6601095193812674e-06 7.682317835602238e-08 5.0482187434827664e-08 2.2278363192580733e-07 0.00022373997058836614 0.00015991592812838353 1.6613156559859263e-05 1.1696843372506263e-05 0.0001801846536439236 1.5570914791563768e-07 8.488752553703742e-07 3.544396539942322e-07 1.365782184072916e-07 2.438682739827488e-07 1.4395477929761261e-06 4.994359913143851e-06 1.020556123939555e-06 7.0554243348329305e-06 1.9016696794213104e-05 8.167397366835652e-07 2.572961739487121e-05 1.774929444629419e-05 9.627456997620642e-06 6.97061029866175e-06 5.248273871160817e-08 0.0 0.0 0.0 0.0 0.0 0.0 0.0 0.0 0.0 0.0 0.0 0.0 0.0 6.498008813693903e-08 0.0 0.0 0.0 1.1501615134854656e-07 2.6883951852184664e-07 0.0 0.0 0.0 0.0 2.0930498880900526e-06 0.0 6.691490170087317e-07 4.170489147993903e-07 1.5154244600990684e-07 0.0 0.0 0.0 0.0 0.0 0.0 0.0 0.0 0.0 0.0 0.0 0.0 3.593267873832644e-07 4.962041926112454e-08 7.545923021523981e-08 0.0 0.0 0.0 0.0 0.0 0.0 0.0 0.0 4.870389599727409e-08 0.0 0.0 0.0 0.0 0.0 0.0 5.16230248414315e-08 0.0 1.0227834253497795e-05 1.385251669488024e-06 6.243251472912011e-08 0.0 2.0309303537965727e-07 1.7603684294020412e-07 0.0 0.0 1.2310435762400964e-07 0.0 0.0 0.0 0.0 2.1198528268416603e-07 7.247959666218953e-08 0.0 0.0 9.175474982595238e-08 4.724330746234272e-08 0.0 0.0 1.0332287656261207e-05 8.527715823662655e-07 1.4155551566432533e-06 2.2179403106847824e-06 6.810899297581647e-08 5.29372953038005e-07 1.1367223570605743e-07 7.250728730621632e-05 2.1103629170008396e-07 0.0 0.0 6.054851782727068e-08 0.0 2.6315453132563244e-07 0.0 3.6481019148758e-07 0.0 0.0 0.0 0.0 0.0 5.4516217760170564e-05 2.0985025955512004e-05
0.00019399242318942188 0.0017100217572598025 5.4870198645034824e-05 0.0009620754013348824 0.0007362288951215806 2.4117822052482576e-05 0.0 4.482010867067661e-06 0.001061258874935416 0.0008681980956289007 0.000536064062311045 0.0001398316558157751 0.0008808490834125307 0.0015339467818452368 3.863251800480981e-06 4.14578140131009e-06 1.5430168561480306e-07 1.072561565283602e-07 0.0 0.0 1.2622537649003037e-07 0.0 0.0 7.835151028475789e-08 4.867994026547087e-08 3.489082290255306e-08 0.0 4.2202350499491334e-08 0.0 0.0 7.403413943138556e-05 3.176454176787032e-06 1.0983871083542907e-07 0.0 2.8565163469125026e-08 4.162541637198719e-08 9.480143967513324e-07 3.192116001499135e-07 1.5499803859431522e-06 0.0 0.0 3.7520975665442574e-08 8.408349727141597e-08 1.8175788073217908e-07 0.0 3.853951211728022e-08 6.903628719313e-05 2.2495101483298247e-06 4.9752168188766045e-08 0.0 1.530098438316899e-06 4.16308894498735e-08 5.31283431006318e-08 3.564700109056095e-08 9.462313317930994e-06 2.4666415312426874e-06 1.975591822606543e-05 6.807910676450668e-05 2.8896340068429328e-05 5.273622793629324e-05 3.0061795914213955e-07 3.9414238205534816e-08 0.0 3.894644262691612e-05 2.801580234942059e-06 6.095454423367011e-07 1.8118244782648273e-07 3.9255997879133734e-07 1.6499472445051896e-07 1.591212640224847e-07 1.2430883711075e-06 7.907174952657837e-06 0.0 0.0001578543686256224 4.0298637510714126e-05 0.00011982127894344497 1.5776278005558054e-05 2.1636510399399534e-06 2.8269447388165867e-07 6.935512042764506e-07 3.630784500817101e-07 1.4289082268103084e-07 8.153042076127462e-06 0.0 1.3899673353886297e-06 7.679277496772197e-07 1.3836578459981965e-07 0.0 1.164002140382072e-07 9.240562611698439e-07 6.034667673186702e-07 8.965155326779188e-08 2.369419586861251e-07 6.387273040777734e-07 1.5864709977169277e-07 2.6695923516867965e-06 1.5622690612827258e-05 0.0 1.9058075639461526e-06 4.636777501437035e-05 2.33932973207822e-06 1.4036787842759133e-06 2.4673977762867273e-06 3.2736872891647106e-07 1.327716754155843e-06 5.772137236841278e-06 9.049524539380859e-07 4.407851400163642e-06 3.186017540134565e-06 3.891948089901087e-06 1.0203147189639126e-05 2.117515078962803e-05 9.30937432234801e-06 5.7878368564837945e-06 1.017984063902261e-05 4.598936089368939e-07 1.3309777847472695e-07 0.0 0.0 0.0 0.0 0.0 0.0 0.0 0.0 0.0 0.0 1.1232215715298894e-07 0.0 0.0 0.0 0.0 0.0 0.0 7.511119846879282e-06 5.071536547185024e-07 0.0 9.54353178200481e-07 0.0 1.0521222507709342e-05 6.663063714650974e-07 1.6097434569233113e-05 1.904309144013883e-06 8.588818681317545e-07 0.0 0.0 0.0 2.3485556426435179e-07 4.0182236539987196e-07 7.303997662840672e-07 0.0 1.041148380438094e-06 2.0899947406489421e-07 0.0 0.0 0.0 6.983379958782935e-08 0.0 0.0 3.5078650061991873e-07 0.0 2.248907495902403e-06 1.544556972971848e-06 4.1001586080888643e-07 0.0 3.4166606942397224e-06 6.943155161085243e-06 1.040192764021248e-05 7.582797162041632e-08 0.0 0.0 0.0 0.0 3.8503212330855025e-08 0.0 0.0 5.138078431733584e-06 2.3587439670607622e-06 0.0 0.0 0.0 3.8721893366692986e-06 6.257287592923788e-08 3.632347686010843e-06 4.143103443445465e-06 1.651860408870422e-06 1.2301640577899167e-06 1.47850934291167e-06 0.0 0.0 0.0 0.0 0.0 4.529320210056079e-08 0.0 0.0 0.0 3.677527703888264e-06 6.233986679486325e-06 1.365872450048312e-05 0.00023349087851920247 1.1877698098142068e-05 0.00017788663958118257 3.250729459610718e-05 4.482858951938866e-05 2.479187808951092e-05 3.6677342919737847e-06 2.0562417903918682e-05 4.462589259688142e-06 5.120547853294914e-08 8.367903450604685e-06 1.6997558513405433e-06 6.536953193784883e-06 5.052313979329281e-07 1.3890147159453605e-07 1.634693068369933e-07 3.4774450801476277e-06 4.695251107366016e-08 5.169926688892457e-05 1.2451604638084802e-05
4.5991343205425065e-06 0.00017643391957576139 0.0014031518872326943 1.7199239184721552e-06 4.7642766673659944e-05 0.0 4.482010867067661e-06 0.0 3.195960901619705e-05 9.105928238497215e-07 0.0012487294765327317 2.700958992578442e-06 2.6231096172848876e-05 0.0007296239049266104 1.393249152432055e-05 2.5290826360602366e-05 1.1135290636010496e-06 3.645066772582788e-07 0.0 1.0951524160005327e-06 1.3544089832691654e-05 0.0 4.904277339038234e-06 9.020952827059518e-06 7.524612463818433e-06 1.6766809416800956e-06 2.5835731747619417e-06 1.2276132540201913e-07 0.0 3.3470215186386505e-07 0.0004969039145300231 0.0014775398541325843 2.26959142569581e-05 7.652023544190308e-08 6.643286855590176e-06 9.775837970787393e-06 3.2051195969538505e-06 3.315447760799009e-06 8.06462138191326e-07 9.638979981158865e-07 1.3600955233486664e-05 9.523642082117765e-07 6.768306261703956e-07 8.131302831467379e-06 0.0 4.815378481366969e-07 6.514512060465846e-05 1.8439562499749377e-06 8.509272797139166e-07 1.2698601762206037e-06 4.476928608271628e-06 3.2534798407913837e-07 1.2557694591420263e-07 2.2240550332596635e-07 1.7683750591629125e-06 5.849712891992269e-07 4.80407556357456e-06 3.8767545233171366e-05 7.008976273792525e-06 2.3647193315798955e-05 6.67693042968291e-05 2.536380874501375e-05 1.1186445407282137e-06 0.0004969047883231659 1.7614584288741865e-06 1.281572875905058e-06 1.0842352605512485e-06 4.2007959718729085e-06 9.338158813107687e-06 2.827288073410176e-05 1.7357120585398508e-06 8.766392374252738e-07 0.0 5.437029440258178e-05 8.744703841716217e-05 0.00021536690490091777 0.0002937713585624472 0.00014109429661024423 0.0006654449798519162 0.0012268729409174663 0.00015331533912373455 0.00033955123636984807 3.294709390442696e-06 0.0 6.270475948061642e-07 3.9491682409571394e-07 3.1783582031482643e-06 0.0 3.619614134224719e-08 3.950075598866795e-08 3.052566919834618e-07 1.9256211938245095e-07 2.7703828540742222e-05 8.772255678641741e-07 4.269954756495489e-07 3.7533105172980254e-07 8.113892271761656e-07 0.0 1.8778600499279746e-06 5.204811767646302e-07 2.440238023853821e-07 0.0 0.0 0.0 0.0 0.0 1.7779475544366243e-07 3.6145485134639075e-07 0.0 3.3141321495693085e-07 6.810100064109081e-07 5.293997805402707e-07 3.14601657947067e-07 6.910808951691639e-08 1.8833443869778267e-07 4.445972314509391e-08 1.5790589429592573e-07 0.0 0.0 0.0 0.0 0.0 6.205506988415105e-08 0.0 0.0 1.5027719560571012e-07 0.0 2.72906644445845e-07 0.0 0.0 8.017819637269415e-08 0.0 0.0 0.0 4.6867580209612104e-07 2.2291699755385724e-07 0.0 4.721242605341408e-07 0.0 3.8065976009297335e-07 3.625707210639808e-07 1.0935674327014718e-06 5.156936011238672e-07 3.234951208157926e-07 4.476324041330566e-08 2.559747465785146e-07 0.0 1.1399549069824003e-07 9.020216435218049e-08 9.060076305343295e-08 5.400142817719367e-08 0.0 0.0 0.0 0.0 1.2751619020970714e-07 4.973428450411695e-07 6.638235967467673e-07 1.3415825189204535e-07 0.0 3.2816119169635145e-08 1.9337004717808002e-07 5.691604727810662e-08 0.0 8.639951481265972e-08 4.856740910420642e-07 3.3763748114012224e-07 3.462986679204742e-07 0.0 3.4319231179781905e-08 0.0 0.0 0.0 0.0 0.0 1.5725794386796363e-07 1.179581145665172e-07 1.887077901302515e-07 6.868254479588728e-08 0.0 2.8703498931475457e-07 5.451934362306001e-08 0.0 0.0 2.5285354841677186e-07 0.0 0.0 0.0 6.164050778582103e-08 0.0 0.0 0.0 0.0 0.0 0.0 1.2712969245023324e-07 4.0178818981191564e-08 6.501487758482478e-07 6.970171941893874e-07 2.3200303132137784e-06 8.822433615823134e-05 4.592475988533128e-06 0.00010618513036655018 2.639730708449289e-05 4.931915343056608e-06 1.0135773767998934e-05 4.821399717936841e-07 1.0681347612012281e-05 8.843052448202146e-07 9.304669402035079e-08 3.296325744415283e-07 1.7700587857822175e-07 2.2198616406026414e-07 0.0 0.0 0.0 2.773392084792606e-06 3.484704921954066e-07 3.993058478344468e-06 1.0320977542328637e-06
4.7315312259621824e-06 0.0016447753434184924 0.0001713552612839817 1.239498114672458e-05 0.0018670743620457606 3.3514032325819653e-07 0.001061258874935416 3.195960901619705e-05 0.0 0.00018489113432801504 0.0015373952287110852 1.2097350819548036e-06 0.00016893397735239285 0.0002582465749021962 1.320554491766911e-06 1.211051756803194e-06 0.0 0.0 0.0 0.0 0.0 0.0 0.0 0.0 0.0 0.0 0.0 0.0 0.0 0.0 1.6168761814056654e-05 1.4727328328466598e-06 1.1516356282112201e-07 0.0 0.0 0.0 2.3936902713530824e-07 0.0 5.510207720744263e-07 4.072799266089377e-08 0.0 9.804911455861804e-08 0.0 0.0 0.0 0.0 1.0527059865880132e-05 2.7507629286082926e-07 0.0 0.0 2.1495175471565852e-07 0.0 0.0 0.0 6.680170744932845e-07 1.3135404248894743e-07 1.4884454954932213e-06 4.827262618150742e-06 2.435920901954078e-06 6.222668889265724e-06 0.0 1.396759744131127e-07 0.0 8.734424557844194e-06 1.647564465138247e-07 1.3052197054906148e-07 0.0 0.0 3.2287260606906776e-08 0.0 4.1052644336361507e-07 1.921606835543164e-06 0.0 1.4037288023123075e-05 6.580413747455022e-06 2.1206583162154705e-05 5.388979145846911e-06 2.8347564103105415e-07 1.4083730015459125e-07 5.989356240661801e-07 1.211599927642417e-07 0.0 6.438966823612227e-07 0.0 2.130610995608114e-07 7.621129675728424e-08 0.0 0.0 3.830920828184837e-08 0.0 6.991553108685872e-08 0.0 0.0 0.0 8.444559865705804e-08 1.5498927559187605e-07 3.139874005280671e-06 0.0 1.1473913641917234e-07 1.4340908152378843e-07 5.789898410850795e-07 0.0 0.0 0.0 7.423405513992576e-07 4.475564496029676e-07 0.0 6.636538644762603e-07 5.09406447725918e-07 1.738079965478601e-07 2.0772683606916964e-06 2.3121437811975304e-06 1.130289050299014e-06 2.2515352631205168e-07 2.1783051284882856e-06 6.330207466945318e-08 9.959220343694593e-08 0.0 0.0 0.0 0.0 0.0 0.0 0.0 0.0 0.0 0.0 0.0 0.0 0.0 4.4973061991683865e-08 0.0 0.0 0.0 2.0489329267039104e-06 4.369921997960252e-07 0.0 0.0 0.0 2.5126212505849e-06 3.8206873577125796e-07 2.904929081851829e-06 4.6727524116112735e-07 0.0 0.0 0.0 0.0 8.851688788849905e-08 0.0 7.824034997603899e-08 0.0 0.0 1.4544613011617937e-07 0.0 0.0 0.0 0.0 0.0 5.980212493120828e-08 5.2729516481088655e-08 0.0 4.4638336327769147e-07 4.4852741494917956e-07 3.2143541410639987e-07 0.0 1.1561561899772028e-07 1.6681957989874466e-06 8.772806633123019e-07 0.0 0.0 0.0 0.0 0.0 0.0 0.0 0.0 3.597863466299911e-07 0.0 0.0 0.0 0.0 1.0481180457936005e-06 0.0 7.613324963339613e-07 1.22946899209291e-06 2.6572672902557386e-07 2.2894162554789696e-07 8.224211987435506e-07 0.0 0.0 0.0 0.0 0.0 0.0 0.0 0.0 0.0 2.0959463253891924e-07 1.4750372113605273e-06 2.8185220396577564e-06 4.193240508495629e-05 1.930317860456406e-06 2.6298842484007136e-05 5.99471699737555e-06 3.6552235531086057e-06 3.634771764172053e-06 2.511294893767523e-07 4.216232853387777e-06 9.254831937705217e-07 7.054277741729761e-08 1.336806482023019e-06 2.385597774135934e-07 1.375824227492307e-06 0.0 6.305961093737818e-07 0.0 6.835017428764267e-07 0.0 1.7068849622543718e-06 1.2369959693305504e-06
0.0006075076650409124 0.0002562933244412211 6.645512830212061e-06 0.001150944735877411 2.4412534028776057e-05 0.00044319350265531243 0.0008681980956289007 9.105928238497215e-07 0.00018489113432801504 0.0 0.00011181315737227174 0.0008962421848140512 0.004278607568011037 0.0010121784478723005 1.366832513606845e-06 1.1293740009067766e-06 0.0 0.0 0.0 0.0 0.0 0.0 0.0 0.0 0.0 0.0 0.0 0.0 0.0 0.0 2.4602100381029385e-05 4.438034649784362e-07 2.173925292591686e-06 0.0 8.265414265903615e-08 0.0 1.0085250509688128e-05 0.0 7.226217476854558e-07 0.0 0.0 0.0 5.397661243370704e-08 9.476814567512523e-08 0.0 0.0 2.990583175612018e-05 1.0719679870430592e-06 4.9872697458686193e-08 4.849631713487594e-08 8.907420280954349e-07 4.7276340419935194e-08 1.6305140801488808e-07 6.033359999591338e-08 5.068640289181604e-06 1.6952571575748213e-06 2.9837652369820564e-05 5.234043888105486e-05 2.2634423208870553e-05 2.6528233929093474e-05 0.0 0.0 0.0 8.634139932562413e-06 1.9194687188639645e-06 1.0457999617931883e-06 5.461542789657962e-08 2.7938144145303636e-07 0.0 7.643236838248927e-08 4.3967594143675266e-05 1.5988966622814814e-05 0.0 0.00011258634087518677 1.7628061981591336e-05 4.142429053888002e-05 4.474899688764939e-06 2.962247611558861e-07 1.437840435788446e-07 1.6377353217136135e-07 1.741182115749066e-07 8.622756413745699e-08 5.020609043877177e-06 0.0 5.94677183529005e-07 9.122430707915845e-07 3.226666894907361e-08 0.0 8.175329105685125e-08 3.7379702792162165e-08 1.9977211697817818e-07 4.185603625411539e-08 0.0 3.58310691176592e-07 4.0371039189710016e-08 1.8653393543762952e-05 3.05127057408219e-05 0.0 6.676374607778617e-06 0.0002617763022502048 8.007769212534751e-06 2.000601598707968e-05 3.8252902940110626e-05 9.520582004955972e-05 9.411357966046945e-06 2.1367257838234627e-05 5.6424925602598806e-05 1.8930985021323043e-05 3.790895648619486e-05 5.635774426441615e-05 4.3248935907219965e-05 0.00018916318734891685 0.0001638543761292167 5.934000325080123e-05 6.528360843190567e-05 4.0586021749861844e-07 1.0068338109470837e-06 0.0 0.0 0.0 0.0 0.0 9.911321035730259e-08 0.0 0.0 0.0 7.531920937310276e-08 0.0 0.0 0.0 0.0 0.0 0.0 0.0 2.3072799826908777e-05 2.987729599714946e-06 0.0 4.570553692057635e-06 0.0 3.771412021330279e-05 6.253348344355398e-06 4.11969857313283e-05 5.493676995535415e-06 9.963389546623698e-07 0.0 0.0 0.0 1.2288143773341292e-06 2.9593294977108245e-07 3.403165542849183e-07 0.0 2.391788688275926e-06 1.1148456351264808e-06 0.0 0.0 0.0 1.85534581014581e-07 0.0 1.284858691850865e-06 1.0030704970656196e-06 2.0586593184852954e-07 6.86945697952914e-06 8.65497941355028e-06 2.638391844995576e-06 6.711634500288684e-08 1.2862845918297408e-05 2.542254266553922e-05 2.6117771047582757e-05 4.280905257910151e-07 8.852840019330561e-07 0.0 0.0 0.0 1.8582271835653921e-07 1.3351672268205866e-07 0.0 5.968457393037036e-05 1.0609465762975898e-05 1.4860085353902238e-07 3.0082713343257227e-08 0.0 1.1667275575204166e-05 2.9663277440199795e-07 1.1994357947580258e-05 1.0248562358414297e-05 6.290487502183606e-06 3.3793298480123453e-06 4.488406394093359e-06 4.1155170796339267e-07 0.0 0.0 1.2151330562059606e-07 0.0 2.292656949681048e-07 3.695368703999901e-08 0.0 0.0 4.501492078726877e-05 2.1405511328091687e-05 4.09670721345548e-05 0.00010787321650967372 4.745120699058128e-06 7.943100933029547e-05 1.2001089228637202e-05 0.00023519842621618457 9.359369190088306e-06 1.6403360335111718e-06 6.7069038616758396e-06 1.243529920250899e-05 3.050812201226139e-06 1.9216582861219877e-05 1.9619216184209187e-06 2.1546488916512544e-05 1.3278385901572964e-06 5.868829638905114e-06 2.4916431101868164e-07 6.915719223345538e-07 7.649051307345516e-07 0.0004555766080040239 8.602083931832192e-05
3.619537911358829e-05 0.0018273021938364116 0.0020287223595422785 1.1648493564287533e-05 0.0015894452636605208 2.73908706963634e-07 0.000536064062311045 0.0012487294765327317 0.0015373952287110852 0.00011181315737227174 0.0 6.7082290393959265e-06 0.0002854116741857616 0.00228316224849026 6.365239675160837e-06 8.857414251295627e-06 2.6820949158826173e-07 1.7082594706092882e-07 0.0 0.0 1.4022630591773145e-07 0.0 3.978853473918224e-08 3.9279498989919885e-08 3.9604300787568383e-07 1.0874406486906494e-07 0.0 7.266362700679706e-08 0.0 0.0 0.00021115273689607602 6.1153913570406125e-06 1.4482340176443253e-05 0.0 2.7296934628705983e-07 5.317646911132259e-07 3.2627389879212807e-06 2.796231837477486e-07 3.6101473201040176e-07 2.136582150932255e-07 4.367322240380605e-07 8.527609644128313e-08 4.536395097689106e-08 4.3127858910141546e-07 0.0 0.0 3.3186213734819994e-05 5.558513331048074e-07 1.070694975261338e-07 1.2256814185885888e-07 5.901106430465203e-07 4.204536038088726e-08 5.138014295526597e-08 0.0 2.272092107194509e-06 3.763984052405882e-07 4.279931037890749e-06 1.941266582285055e-05 7.88576924058539e-06 1.7357894526018633e-05 2.3026369142358852e-07 2.6651200174311167e-07 3.7980531873258716e-08 2.9827589707393148e-05 1.078376110352957e-06 2.652022191438312e-07 1.956627289252711e-07 2.584601043708054e-07 3.4321393364632594e-07 2.7136812001115133e-07 4.521069069552994e-06 2.3335826720952732e-06 0.0 3.7836520747089616e-05 2.2804852067568775e-05 7.784304244405872e-05 2.3997273324418228e-05 3.0846507253807317e-06 2.0854330411509513e-06 0.0002523131719606804 3.636463282557988e-07 1.0036061478973005e-05 2.760701117259907e-06 0.0 3.9776782360442835e-07 2.2521549577582587e-07 1.498990518113164e-07 0.0 6.78589939611614e-08 0.0 6.709578677306965e-08 4.545282999351542e-08 1.2848187605663426e-06 2.312461256181862e-07 1.3424637118103417e-07 1.5224428513462066e-06 3.1167329750046485e-06 0.0 6.493733583175984e-07 2.384546642329622e-06 4.4587533340781844e-07 0.0 0.0 0.0 1.104792159325631e-06 6.987996063896362e-08 0.0 4.3632527441063834e-07 1.1726514693334888e-06 1.5335423231945525e-07 5.214508359870911e-06 4.070964681872942e-06 1.315629250439681e-06 1.1369138752807574e-06 3.08186572189226e-06 1.568227536448739e-07 0.0 0.0 0.0 0.0 0.0 0.0 0.0 0.0 0.0 0.0 0.0 1.071427838927667e-07 0.0 0.0 0.0 0.0 0.0 0.0 2.0286443485358422e-06 0.0 0.0 1.0763400554843132e-07 0.0 3.133671011471274e-06 5.449651046481098e-07 4.944712484045829e-06 8.617641988081583e-07 7.199507580427018e-08 0.0 0.0 0.0 1.7840327904625154e-07 3.608687123588547e-08 4.669204301218756e-08 0.0 5.6350244679918115e-08 1.8802627189644154e-07 0.0 0.0 0.0 6.58217265672114e-08 6.91924375179225e-08 1.1428902210641043e-07 1.0720636397912815e-07 0.0 1.1240225979596772e-06 6.076665751158468e-07 0.0 0.0 6.179594745226652e-07 2.8574986808230526e-06 2.986072822154328e-06 4.541880027326515e-08 0.0 0.0 0.0 0.0 0.0 0.0 0.0 1.4258305245751546e-06 3.644222441677775e-07 5.641381868845854e-08 3.310720425481922e-08 0.0 9.17057777825667e-07 0.0 1.1347671524069028e-06 1.2308080363618007e-06 7.647686167951801e-07 1.7388289961490137e-07 3.527126836779133e-07 1.2405726272486987e-07 0.0 0.0 0.0 0.0 2.8405529498349345e-08 0.0 0.0 0.0 7.528817237195434e-07 3.0823240625358592e-06 6.302021535200558e-06 0.00011380629435765646 6.200183844297141e-06 6.53425274646279e-05 2.2172850939178235e-05 7.636208275768205e-06 1.2119498746014549e-05 5.860629084106909e-07 1.1254472067054639e-05 1.7102806955944866e-06 5.401498171821136e-08 3.215031137398922e-06 4.139058455984763e-07 1.3436875722529551e-06 7.579413639044074e-08 0.0 0.0 2.025817231825078e-06 2.95839618750514e-07 5.011529247169656e-06 2.2962343004708e-06
