0.0 0.0013780649570828126 0.0002196824105586423 0.00042785352295827457 2.2493034720974586e-05 7.388713609034145e-05 9.13223877282937e-05 3.8281128081659545e-05 7.7904514035679e-06 0.0005094246671587675 8.889403426174346e-05 0.00014236596886870598 0.00015600937359339407 8.560962372811907e-05 2.6069867171175363e-07 2.5635089147955717e-07 8.107762627041533e-08 6.337916258884699e-08 0.0 2.6080909755063724e-07 0.0 5.53936351147131e-08 0.0 0.0 5.598172835766691e-08 0.0 0.0 0.0 0.0 0.0 0.0004140257463692926 1.3963551444615707e-05 5.864412835753882e-06 0.0 0.0 0.0 2.650652171097761e-06 1.3602395799161454e-07 1.400073643387414e-07 1.9320541026988446e-07 5.567304505080557e-07 9.302517053787153e-08 1.3051078250350907e-07 9.30676214170335e-08 0.0 0.0 8.17173654821417e-06 2.459390244651279e-07 1.1348358342587876e-07 5.959038131488297e-08 3.452731344483965e-07 4.4320563986169934e-07 1.2916096316907034e-07 0.0 6.189683282358733e-07 6.604475360264832e-07 2.755089664792493e-05 4.281888659355049e-05 5.702629221311911e-06 4.282376876136579e-06 9.99579438490784e-07 9.170919616304682e-07 1.865424418938962e-07 1.7017362042277856e-06 4.5828742893319764e-07 2.882745255695556e-07 2.0046159110092298e-07 3.2028876222774924e-07 3.8053918215783907e-07 1.8190566803079047e-07 6.079026831319866e-06 2.830269266280946e-06 1.7795568052213576e-07 8.392803653252153e-06 2.651463701537302e-06 4.336101265174665e-06 1.7913527021878464e-06 3.377867906168012e-07 4.878006339249957e-07 2.9459850441360814e-05 6.16513029733111e-07 2.650756752166928e-06 2.6305552816898877e-06 0.0 2.4507291021066845e-07 3.9361257303252236e-07 0.0 8.662193451465069e-08 1.6195656492083538e-07 1.9206193146081356e-07 1.3653863459269698e-07 9.588426201052474e-08 4.5551191478829226e-07 7.018286610953396e-08 0.0 3.0675860421207854e-05 4.174333063073722e-06 2.5293014642912545e-07 5.904208433154507e-07 0.0004755960252089325 0.0 9.041806580247285e-07 0.0 0.0 2.465735130870031e-07 9.982520020330816e-08 3.0923884329735566e-06 1.9181239722348237e-07 3.74351707392258e-07 1.3082799456744127e-06 2.3249758585012493e-07 1.9249328755851205e-06 1.2781226787310318e-06 1.4965755535971186e-06 1.4926886492926447e-06 0.0 0.0 0.0 0.0 0.0 0.0 1.7138807690602293e-07 0.0 0.0 0.0 0.0 0.0 0.0 0.0 0.0 0.0 0.0 3.0477915040899403e-07 0.0 4.9436329108082644e-08 0.0 0.0 4.4788022333855687e-07 0.0 6.140373868250206e-07 3.7333240258729035e-07 2.486873849040257e-07 2.677471847076513e-07 0.0 0.0 0.0 0.0 0.0 0.0 0.0 0.0 0.0 7.06236596388465e-08 0.0 0.0 0.0 4.309978680196082e-08 6.076017598366224e-08 0.0 0.0 0.0 2.894947551305135e-08 0.0 0.0 0.0 1.9677030519254383e-07 1.7207387857513253e-07 0.0 0.0 0.0 0.0 0.0 0.0 0.0 0.0 0.0 1.4493918217713179e-06 4.6788078345559174e-08 5.678281307083823e-08 0.0 0.0 1.071309147378941e-07 0.0 2.9133252348116887e-07 1.457787836348146e-07 0.0 0.0 0.0 0.0 0.0 0.0 4.313652880950031e-07 0.0 0.0 0.0 0.0 0.0 4.179002285485944e-06 1.9872876947744165e-07 3.0613657082326103e-07 4.911619871320142e-05 9.267407378140796e-07 1.7298722766716288e-05 2.9453329126593338e-06 0.0002054466266271258 1.3670412334486365e-06 1.785122465589838e-07 2.708100570996241e-07 6.5033736681138514e-06 0.0 0.0 0.0 3.5326396482738933e-06 0.0 0.0 0.0 2.0553206991056198e-07 0.0 8.354596885382776e-05 5.426871572405735e-06
0.0013780649570828126 0.0 0.0006333496803377709 0.0005736380753692826 0.0006975654307404173 6.0740375562280444e-05 0.000965371355956679 0.00023453786518696278 0.0008591908560869255 0.001440873322674338 0.0010654065766070731 0.00031467396658762696 0.0008345795051917948 0.0011679469250277352 1.2514974219628635e-05 3.3142659052555334e-06 7.364180601026325e-07 3.489854154606043e-07 0.0 1.1531042263300387e-06 1.809710061443451e-06 2.9419305167307755e-07 5.826970924238863e-07 0.0 5.037764309105652e-07 8.06694137332757e-08 2.3027944679639776e-07 1.2298191293363225e-07 0.0 0.0 0.0005944411802661519 1.6874418953761645e-05 2.430707623184539e-05 9.84403957472812e-08 1.4449666573639157e-07 2.6473110502377267e-07 1.0959431714343202e-05 2.4626864644355855e-07 8.618432307375719e-07 6.343358804793535e-07 9.667949965062215e-07 2.0845022522851696e-07 7.83547058395276e-07 9.742787519397994e-07 1.7553937498305305e-07 2.7086785697748475e-07 0.00013929600964162652 5.119936649227165e-06 1.4314018537991394e-06 6.700710501364535e-07 2.4918851286823397e-06 6.565947070173756e-07 2.947959871760747e-07 2.8875540615737143e-07 7.704127019657355e-06 8.983718632977968e-06 8.708521377713007e-05 0.0001592558928045378 6.363943028221168e-05 5.814187387299124e-05 2.2942288600518758e-06 2.222714411441097e-06 0.0 5.100246550896922e-05 5.672914987913036e-06 4.279793798875189e-06 1.6893556460210531e-06 1.4141409762215319e-06 1.4317682056924826e-06 1.4128085069276404e-06 1.3068493406815452e-05 6.495279399131024e-07 2.4383835664511004e-07 0.00011467181566833944 3.633165147478565e-05 0.00010347635031413887 6.641032037642505e-05 5.0285256802795e-06 2.611063939216604e-06 7.095763640547455e-05 2.7598367939541582e-06 1.066076015250247e-05 2.6556708753249017e-05 3.0931763712736614e-07 4.519758763286897e-06 5.085757699893008e-06 1.2359727850550618e-06 3.384853557657891e-08 8.653705578990195e-07 2.1747847689524084e-07 7.477213264787375e-07 3.212598923101085e-07 3.377724493370192e-07 9.485174054008602e-07 3.046823460506663e-07 4.02261619869377e-05 3.190423371575136e-06 2.934127230903917e-07 3.4278479716115356e-07 0.0007298103858682307 0.0 4.4810165373490194e-07 7.485671539118071e-07 1.9063984428406842e-07 5.521445405374676e-07 1.3319248780654627e-06 2.5385905193719946e-06 4.71630966215852e-08 2.606247356627607e-06 2.456999287561745e-06 9.329864155450879e-07 4.988075923583752e-06 4.276298517175291e-06 3.6909662109924646e-06 5.032862303623694e-06 5.0388715618592695e-08 0.0 0.0 0.0 0.0 0.0 0.0 0.0 0.0 0.0 0.0 0.0 0.0 0.0 5.747652101464796e-08 0.0 0.0 0.0 4.6283009624547506e-08 3.4610278079486184e-07 2.0810100455675648e-07 0.0 0.0 0.0 2.6682995434302564e-06 9.300545379746853e-08 5.852755888830012e-07 3.7119483497974257e-07 9.459342878307133e-08 0.0 0.0 0.0 0.0 0.0 3.136585907837017e-07 0.0 0.0 0.0 0.0 0.0 0.0 1.6279275856106188e-07 0.0 0.0 0.0 0.0 0.0 5.30455579046796e-08 0.0 9.723940498004012e-08 1.9192448435897995e-07 7.500745286592613e-07 0.0 0.0 0.0 0.0 0.0 5.075622782828837e-08 0.0 0.0 0.0 3.8277322935030376e-06 2.7165371937662125e-07 8.3478686461888e-08 0.0 0.0 1.3608372839183669e-06 2.8280635192906965e-07 5.70446607695715e-07 0.0 0.0 4.2628476664656076e-08 0.0 0.0 0.0 0.0 0.0 0.0 0.0 4.8405853019124945e-08 0.0 0.0 6.417048046148642e-06 1.3195745485470323e-06 6.251150019021187e-07 0.00017214362387529245 8.729710924073709e-06 0.00028498985768179514 3.748182480247224e-05 0.00030536947282408414 1.0412172753469353e-05 2.5318335768882355e-06 3.7013085367640564e-06 8.450375875892716e-06 2.411475283187608e-07 6.607327204798876e-07 2.3727335294380208e-07 3.0109469712278926e-06 5.4062755137513076e-08 6.623021678334092e-07 0.0 1.7037586125967384e-06 0.0 0.00010384780574523048 3.7245903678750682e-06
0.0002196824105586423 0.0006333496803377709 0.0 3.779802959088418e-07 0.00020932077509886861 1.0244881079872174e-06 2.0216694270982475e-05 0.0013001288737327734 0.0004227052497540923 1.9365438238834038e-05 0.0015088674086908003 1.9433624701481057e-05 0.00016272115300314426 0.0007302235896026138 2.5881407667848062e-06 6.817553062429648e-07 4.0908469770757887e-07 4.852440107247654e-08 6.949960965048805e-08 6.465198327254526e-07 1.7843279454456088e-06 0.0 1.8287151766602666e-07 3.213057233664365e-07 5.206458989441689e-07 7.80733916026024e-08 1.1398824618012691e-07 0.0 3.430810722810346e-07 0.0 0.0017641265500148362 0.0002523074361785452 3.26369835724672e-05 0.0 0.0 2.6568868560549874e-07 8.797680554401845e-06 8.7820653595534e-07 3.8857552457814273e-07 5.233388377218492e-07 7.551054012362801e-07 5.13120982511642e-07 3.1283905617676546e-07 4.994243549165872e-07 5.6821607369931305e-08 1.521776893458909e-07 1.5221423055823823e-05 9.288500604999932e-07 2.593153183709666e-07 2.0772498432020763e-07 7.239290310317148e-07 7.343787767606216e-07 1.5453195970846625e-07 9.491619539367202e-08 7.583348092564143e-07 1.2564559043317077e-06 2.7204312603609064e-05 8.623254042287574e-05 1.0314183735179204e-05 9.085437679650044e-06 1.1184267325350548e-06 1.1618216802076945e-06 0.0 1.9899526278917252e-05 7.919176151130734e-07 9.29256390042357e-07 5.97875481430732e-07 2.462296419630914e-07 5.683852495510361e-07 6.67019754995234e-07 9.198743821049888e-06 4.397831385011559e-07 0.0 1.9651246697704405e-05 7.596421198398331e-06 1.6678226612797346e-05 1.165207932191289e-05 8.402130422933146e-07 2.470646732715275e-06 0.00014137860396529084 1.382238121295594e-06 6.504019598664225e-06 3.809263535239996e-06 0.0 3.1814098786717454e-07 1.0547212360106421e-06 1.2179922522111397e-07 0.0 7.404542680417935e-08 0.0 1.7537169631372075e-07 0.0 4.5896551723379965e-07 4.149746564194129e-07 4.0724560204715033e-07 3.6561343116258787e-06 0.0 0.0 3.0891801899298684e-07 0.0001566369320228701 0.0 2.644163224261886e-07 0.0 0.0 2.6135763926571203e-07 0.0 6.398877264610853e-07 0.0 6.208901921697191e-07 1.230181850562369e-07 3.527867903418292e-07 1.437414020023591e-06 9.243981915413002e-07 2.265575938940805e-06 2.4568562289051442e-06 0.0 0.0 0.0 0.0 0.0 0.0 0.0 0.0 0.0 0.0 2.3929906087240774e-07 0.0 4.749246523068821e-08 0.0 0.0 5.299342716552422e-08 9.543430975585857e-08 0.0 0.0 0.0 5.2279921863798165e-08 0.0 2.0734343026720806e-07 0.0 9.373749536886664e-07 0.0 6.638012533729751e-07 2.0921744194849902e-07 1.2831169797489678e-07 0.0 0.0 0.0 0.0 0.0 0.0 0.0 0.0 0.0 0.0 0.0 0.0 1.0938310893260931e-07 4.818036871353823e-08 0.0 0.0 0.0 0.0 4.425128129521424e-08 0.0 0.0 1.0173350887812723e-07 2.2445451762585187e-07 0.0 0.0 0.0 0.0 0.0 0.0 0.0 0.0 0.0 1.8970891297305232e-06 6.211176314500044e-08 0.0 0.0 0.0 8.362586640093806e-07 0.0 5.70462970171724e-07 0.0 0.0 0.0 0.0 0.0 0.0 0.0 0.0 0.0 0.0 0.0 0.0 7.249244269855862e-08 3.3253601390571653e-06 6.875571356167448e-07 3.1835124697952956e-07 2.971832504863161e-05 1.189254797878949e-06 3.324135818733245e-05 5.669437332656587e-06 3.652389682260608e-05 8.624298411941194e-07 2.7817972147665896e-07 9.371292919711721e-07 2.94058711224704e-06 0.0 1.7833470088185927e-07 3.5919982427211656e-08 3.0768800304175013e-07 0.0 4.3163762557181905e-08 1.2110135971697392e-07 3.373946123272235e-07 7.797494610203899e-08 1.0596306453474435e-05 1.0452669035107883e-06
0.00042785352295827457 0.0005736380753692826 3.779802959088418e-07 0.0 2.054617881382804e-06 0.00010720566122035259 0.00032532630856149485 2.1287957022982493e-07 2.4053735048386963e-06 0.000703087131683155 3.170594089123564e-07 0.00032506535503191064 0.0001854561790845872 1.2203877379894852e-05 7.928553724241112e-07 7.34375045321433e-08 3.8238202365344044e-08 0.0 0.0 4.4404653235127444e-08 0.0 4.353251570074345e-08 0.0 0.0 0.0 0.0 0.0 0.0 0.0 0.0 1.2074901851402427e-05 5.163724451800655e-07 5.026256763709166e-07 0.0 0.0 0.0 1.9613478581817683e-07 0.0 1.4860884992347215e-07 0.0 5.920086052404823e-08 0.0 0.0 6.96671155680061e-08 0.0 0.0 9.967630849532243e-06 4.0526356001880044e-07 8.998090063709957e-08 3.88177098431282e-08 1.531848525775117e-07 1.41104810547701e-07 6.769738786481732e-08 0.0 4.1585588357842494e-07 9.954559189054899e-07 1.2065882274755975e-05 9.275341699097982e-06 6.700038649404427e-06 5.488153104727298e-06 0.0 0.0 3.7579744429237785e-08 2.5470135264198036e-06 8.480562798564214e-07 2.66185977615671e-07 3.763583982253086e-08 4.6066050620995396e-08 0.0 0.0 2.834790944247789e-06 9.246728640468058e-07 1.3293801171564796e-07 1.0587359161945473e-05 2.2116491567563104e-06 6.029204024732076e-06 1.5323839383523063e-06 3.891053227213686e-08 1.374594593467384e-07 3.2301313607723445e-07 0.0 1.2080968555374642e-07 3.24773361033095e-06 3.775742254941992e-08 1.9778938829934984e-07 3.327587022231892e-07 3.851659191405352e-08 0.0 8.31269695264112e-08 8.609646092517585e-08 4.1360383334355483e-08 3.960450510206181e-08 0.0 1.1838579333082004e-07 3.606771689958555e-08 1.3580556408270106e-05 2.5170995717692425e-06 2.527127613044315e-07 1.5276106358511802e-07 0.00014587292205835246 1.895566328246054e-07 7.132882563465792e-07 7.654267808503906e-06 3.226486291732678e-05 0.0 1.8709826014572415e-05 3.4736466830415416e-06 5.745701733481597e-07 4.4788406827568736e-05 1.5092472446780605e-05 1.1452629898087807e-07 2.8020678953788236e-06 2.0150809107233373e-06 1.044452660867763e-06 4.406264092073742e-07 0.0 0.0 0.0 0.0 0.0 0.0 0.0 0.0 0.0 0.0 0.0 0.0 0.0 0.0 0.0 0.0 0.0 0.0 0.0 4.6137807693770933e-07 0.0 0.0 0.0 0.0 0.0 0.0 1.8272040013728978e-07 0.0 5.011831296209668e-08 0.0 0.0 0.0 0.0 0.0 0.0 0.0 7.405615757104293e-08 1.2182441819402955e-07 0.0 0.0 0.0 0.0 0.0 3.782756554441072e-08 7.031153741920223e-08 0.0 8.668462614805227e-08 1.6660992871650566e-07 0.0 0.0 0.0 1.1276120731848953e-07 9.08352994393541e-08 0.0 0.0 0.0 0.0 0.0 0.0 0.0 0.0 7.928002012530241e-07 0.0 0.0 0.0 0.0 0.0 0.0 9.101107441038227e-08 7.096785035361454e-08 1.9484603425008546e-07 1.047660633266942e-07 0.0 0.0 0.0 0.0 0.0 0.0 0.0 0.0 0.0 0.0 1.5082605237444626e-06 1.0274651975866138e-07 0.0 1.689817579189879e-05 6.606693464768195e-07 2.2186113661129114e-05 3.4414993986943846e-06 0.00011384953845359971 8.549385249894701e-07 1.1306558449846028e-07 5.089041740674408e-07 2.6340330866645753e-06 4.823036884698415e-08 6.70063362680718e-07 0.0 2.470012362140473e-06 3.131434362359331e-07 0.0 0.0 9.961463877527818e-07 0.0 3.229091778935256e-05 1.1730710566553357e-06
2.2493034720974586e-05 0.0006975654307404173 0.00020932077509886861 2.054617881382804e-06 0.0 1.2503443885388648e-06 0.0005717838105073644 0.00024757169198910597 0.0017121717987154225 0.00018885659223404292 0.0008660155285596959 3.5621436807201924e-05 0.00034134443404020367 0.0006119058793655136 4.596419157337384e-06 1.4060808660307801e-06 1.8667040492112594e-07 2.567000747217579e-07 0.0 8.750327281066313e-07 9.848917078244426e-07 0.0 0.0 0.0 0.0 0.0 0.0 0.0 0.0 0.0 6.50450288050226e-05 9.028620609894435e-06 2.655523225212997e-06 0.0 0.0 0.0 1.0521877586743283e-06 0.0 8.389796087353521e-08 1.0811542156907234e-07 1.3137418167528748e-07 4.7026470090869415e-08 3.480140176129329e-07 4.756398505763881e-07 0.0 2.926267887113326e-07 4.5646457462096425e-05 8.415391658372281e-07 5.2432257004906e-07 2.4782250006664447e-07 4.983054874826572e-07 0.0 0.0 0.0 2.1175077186993137e-06 2.0440483524250736e-06 9.98092324364028e-06 1.988100799846745e-05 9.994734152318874e-06 1.229961243040499e-05 1.3061169806709694e-06 7.520893589819613e-07 4.205811927463485e-08 1.866615212166606e-05 1.6355283746399767e-06 1.2225583389110396e-06 8.188544254594971e-07 4.439573780191222e-07 4.497002644738706e-07 1.553353448999644e-07 1.707389248222321e-06 0.0 0.0 2.051707390774929e-05 1.0911498233885036e-05 3.260143541816584e-05 3.207113509981213e-05 1.6903526658419788e-06 5.289427827715704e-07 2.553279643569638e-06 1.8010453630906784e-06 3.330376762488703e-06 5.955814657492979e-06 1.63457501784011e-07 1.0883979036863925e-06 1.146904123406834e-06 7.834471848130481e-08 0.0 1.572499734119891e-07 0.0 3.5927620648679966e-07 0.0 8.464295595180732e-08 2.299341562284121e-07 6.704148377636548e-08 5.243525128331092e-06 1.9693682066632667e-07 0.0 5.504693949863797e-08 1.2731172041257482e-05 0.0 1.9245101749291567e-07 0.0 0.0 1.307190175404401e-07 0.0 2.627945168769563e-07 9.765280007160814e-08 2.1632916195404424e-07 3.493238736943352e-07 6.093157457539538e-08 1.0619406955643586e-06 3.7812832118010304e-07 9.129337333264884e-07 1.4591534941447575e-06 0.0 0.0 0.0 0.0 0.0 0.0 0.0 0.0 0.0 0.0 0.0 0.0 0.0 0.0 0.0 0.0 0.0 0.0 0.0 0.0 5.8209449378692724e-08 0.0 0.0 0.0 5.158543740058326e-07 0.0 1.5622799383309705e-07 4.9328301640220605e-08 0.0 0.0 0.0 0.0 0.0 0.0 0.0 0.0 0.0 0.0 0.0 0.0 0.0 0.0 0.0 0.0 0.0 0.0 0.0 0.0 0.0 0.0 0.0 2.56292294064154e-07 0.0 0.0 0.0 0.0 0.0 0.0 0.0 0.0 0.0 2.582955125857375e-07 0.0 0.0 0.0 8.957352594625922e-08 3.152025226942542e-07 1.287945623293799e-07 1.6984828815981618e-07 0.0 8.93268190802884e-08 0.0 0.0 0.0 0.0 4.7827016394219576e-08 0.0 0.0 0.0 0.0 0.0 0.0 1.2071387307875235e-06 7.644568369971558e-08 0.0 4.943731494798196e-05 1.782272979118058e-06 0.00010011933737264857 1.0478853088061181e-05 2.035072756087181e-05 3.2274862944015974e-06 6.541154679923511e-07 1.4400580124538923e-06 2.2804228200952476e-06 0.0 0.0 4.893236024028854e-08 6.048100905178852e-08 0.0 8.280453402345452e-08 0.0 5.953639406956347e-07 0.0 1.2890346953585611e-05 6.319271558657207e-07
7.388713609034145e-05 6.0740375562280444e-05 1.0244881079872174e-06 0.00010720566122035259 1.2503443885388648e-06 0.0 2.7536819370344704e-05 4.912327287696254e-07 3.4527171126136654e-06 0.0003556408238083538 1.903711475517384e-06 5.704527984297315e-05 5.542226982202453e-05 1.3771435125125368e-05 1.1830880360559e-07 5.434840602081604e-08 0.0 0.0 0.0 0.0 0.0 1.8551459595131093e-06 0.0 0.0 0.0 0.0 0.0 0.0 1.8473488207716427e-07 0.0 2.0243520214972888e-05 1.1245869009971923e-07 4.470007012399519e-06 0.0 0.0 0.0 4.0070129113399625e-06 1.508581188541323e-07 1.174611614147116e-06 4.2369187132372584e-07 0.0 1.2375652055206851e-07 0.0 1.073380556800014e-07 0.0 0.0 2.8326210576549864e-07 0.0 0.0 5.6062656824262465e-08 0.0 9.083573719245146e-06 1.2424530741458445e-06 1.236572746347656e-07 0.0 3.279239202305577e-07 3.787120254040874e-05 6.432035449387211e-07 1.2638934256213908e-06 3.208143999314476e-07 0.0 0.0 0.0 2.735052704428591e-07 9.663331099803854e-08 8.57044870585784e-08 0.0 0.0 0.0 0.0 8.2585499291686e-05 4.228783034780787e-05 7.94939456933717e-06 1.498027952958876e-07 4.109687635444611e-07 4.528789064941817e-07 1.7508495133559397e-07 5.37510244886479e-08 4.543549498209199e-08 7.037402405378422e-07 0.0 6.605067150396611e-08 0.0 2.0612807259533253e-06 0.0 1.8913083703196913e-07 0.0 2.073658652574087e-06 6.977303402413549e-07 5.511303664613839e-06 8.142268650264861e-08 7.263886137794712e-07 0.0 5.2246431045403426e-08 6.608382459256394e-07 0.00020669287523714154 6.280720522046825e-05 1.2041741789389683e-05 9.326698066729074e-06 7.526045523413043e-05 1.4476655589583855e-07 2.2833043145990158e-06 1.1195494753680183e-06 5.486804232648641e-07 1.6664481882459605e-07 1.3207760690865036e-07 9.944208700760084e-06 2.667908364222005e-07 1.6807893586184814e-06 4.90802632032653e-06 2.358891548466432e-06 9.451023735408461e-06 5.7827459040986186e-06 5.482349118835036e-06 3.2922904003305187e-06 0.0 0.0 0.0 0.0 0.0 0.0 0.0 9.332066827458837e-08 0.0 0.0 9.798482042106026e-08 0.0 1.7208076561412839e-07 0.0 3.1944821812099983e-07 0.0 4.5582347556453986e-07 3.536436796494062e-07 4.995254435199092e-07 1.8224832701280529e-07 4.5100701966020644e-07 0.0 0.0 0.0 8.01881663357743e-07 9.088700981576138e-08 4.007965176924203e-07 1.5167503915027913e-07 3.8163827814662497e-07 6.232526135387318e-08 8.422929309492718e-08 0.0 0.0 0.0 0.0 0.0 0.0 0.0 0.0 0.0 4.9918640656760035e-08 4.248052826795217e-07 0.0 0.0 0.0 0.0 0.0 1.1580224963953142e-07 1.117263836422059e-07 0.0 0.0 4.8136112577917005e-08 4.3331795367733476e-08 0.0 0.0 0.0 0.0 0.0 0.0 3.8220944459097645e-08 0.0 4.472841596148123e-06 8.666268494012078e-07 4.7280498754568757e-08 0.0 0.0 6.368999665579605e-07 5.411613659980382e-07 2.6142034817429504e-07 5.7455007655376516e-08 0.0 0.0 0.0 0.0 0.0 3.8382493318219996e-08 0.0 0.0 0.0 4.936295565416484e-08 7.989962301126091e-08 0.0 1.958063696186179e-05 8.618797706254885e-07 4.6711403604470527e-07 4.8580967231738685e-05 3.190934319616227e-07 1.2189003797068317e-06 3.670414091761999e-07 2.7568266482951002e-05 2.1932193281146165e-06 1.252420928688822e-06 5.667620792624709e-08 1.3583929269396814e-05 0.0 1.4009419515899148e-07 0.0 1.622846916747295e-05 0.0 0.0 0.0 0.0 0.0 4.235910861589657e-05 1.4088196698393123e-05
9.13223877282937e-05 0.000965371355956679 2.0216694270982475e-05 0.00032532630856149485 0.0005717838105073644 2.7536819370344704e-05 0.0 8.294977991956786e-06 0.0008592178557530197 0.0013889417209990724 8.246762826421133e-05 0.0005945248574242937 0.0013032362036285194 0.0006752713824137007 4.201743509948551e-06 1.1131325660386973e-06 4.5693871233117345e-08 1.407007181413319e-07 4.621923253391289e-08 7.310459854172325e-07 5.958290922307602e-07 5.212145086616692e-08 1.3836837574238223e-07 0.0 0.0 0.0 0.0 0.0 0.0 0.0 3.7346399040825514e-05 4.782914636650569e-06 3.556599484188797e-06 1.5241436508984595e-07 0.0 0.0 2.506508610069754e-06 1.9367118371154163e-07 4.537458384405621e-07 4.084035718542424e-08 2.962635973350791e-07 0.0 2.0948791946411458e-07 4.0164327510608983e-07 0.0 0.0 5.2491792690117305e-05 1.3411274967759285e-06 4.24358903508214e-07 3.299174070666035e-07 7.8427275997509e-07 1.5280424002189992e-07 5.6545532695533176e-08 7.26484145532767e-08 2.590836161517446e-06 2.8977294198376088e-06 1.7149099762871112e-05 2.5946593405568297e-05 1.769856867148349e-05 2.0025783376222603e-05 1.1797659812377686e-06 1.04966983763889e-06 0.0 1.7752974981033258e-05 2.0778908445673497e-06 1.405648453843657e-06 6.741152276926464e-07 2.545045603973074e-07 3.7592015278525663e-07 1.736967897359762e-07 1.119680944393319e-05 7.244433736459563e-07 4.55725533923435e-08 3.083759212372963e-05 1.3069904535768777e-05 3.730267184246767e-05 2.7753633486950183e-05 2.078065280711817e-06 1.033644325560368e-06 2.4191592263027683e-06 2.189110336956903e-06 4.015368072991911e-06 8.994679153996151e-06 0.0 1.034359852058321e-06 1.668947072031465e-06 4.1485594137264097e-07 0.0 3.5274074046653644e-07 3.691777387290787e-08 2.8575487125758093e-07 1.2535384429002066e-07 2.2098003812358887e-07 5.582186440457314e-07 0.0 5.789326074833379e-05 7.2099511844494005e-06 9.893241594792104e-08 6.776772088680384e-07 6.820732425688785e-05 6.815636582594014e-07 2.1033249617404864e-06 3.5050573651694036e-05 4.5330804943959565e-05 7.238616578241463e-08 4.48282020161234e-05 8.674806326311642e-06 6.538886506185976e-06 7.709561952393738e-05 3.0004778721132326e-05 7.760259453818603e-07 4.877605059818962e-06 3.264469204346079e-06 3.1707898457211106e-06 3.7915988934844664e-06 0.0 0.0 0.0 0.0 0.0 0.0 0.0 0.0 0.0 0.0 0.0 0.0 0.0 0.0 0.0 0.0 0.0 0.0 1.9857662119621295e-07 6.697411229631507e-07 1.2955490928554744e-07 0.0 0.0 0.0 1.6037801469838025e-06 0.0 4.94127018424438e-07 2.909070328834045e-07 0.0 0.0 0.0 5.075882486389634e-08 0.0 5.1834809539128724e-08 0.0 0.0 1.1021265738637988e-07 0.0 5.2105206437230925e-08 0.0 0.0 4.190814190787223e-08 5.4570489994858446e-08 1.858993617484576e-07 5.4666482419659075e-08 1.478892407243083e-07 1.085304373605779e-06 1.4195489832843014e-06 1.4986279775938026e-07 0.0 0.0 1.3272517284286637e-07 1.0037010894772872e-06 9.072474979500361e-08 7.522479768186347e-08 0.0 0.0 0.0 0.0 0.0 0.0 2.4119160623209355e-06 3.822329503545059e-07 0.0 0.0 0.0 1.533353792950437e-06 0.0 4.066720573861557e-07 8.483305953415108e-07 7.417318684802732e-07 4.4251726419055705e-07 2.0228078287314966e-07 0.0 0.0 0.0 0.0 8.122743664375746e-08 3.87979499147717e-08 0.0 0.0 0.0 5.355201808397134e-06 6.962226343862566e-07 1.4106154773501185e-07 8.52687421607294e-05 3.3650282772900164e-06 0.00012378025543920845 1.6939709992350273e-05 7.58592137594934e-05 4.323451090332188e-06 8.328752535052113e-07 2.031853272082938e-06 6.0215271874748775e-06 5.2842407529482147e-08 2.814882676787532e-06 4.808971835067445e-07 3.5489555705482016e-06 6.575230608713226e-08 1.3835498171838186e-07 6.987148672269115e-08 9.784754664688033e-07 0.0 3.766416948756785e-05 3.3837183997278743e-06
3.8281128081659545e-05 0.00023453786518696278 0.0013001288737327734 2.1287957022982493e-07 0.00024757169198910597 4.912327287696254e-07 8.294977991956786e-06 0.0 8.313343269579718e-05 3.5174434226422235e-06 0.0014409796217689358 1.930267218395085e-06 4.697148196472595e-05 0.0005587518331458363 1.3960431281963728e-05 8.873058107875483e-06 2.7076414225866616e-06 3.1923124846441917e-06 0.0 1.2054765447896234e-05 2.9089768303696033e-05 1.153841666395633e-06 5.166840439617126e-06 2.206685032601132e-06 1.0222107170766308e-05 2.505224191693004e-06 2.2165581615659466e-06 1.137411762474264e-06 3.8967743066310776e-07 3.936136095434077e-07 0.0014333138584471997 0.0009677862389968595 7.767960896404632e-05 1.8792204277735743e-06 6.2369831955380284e-06 1.2238548064389159e-05 1.5463969462113076e-05 4.801663808537742e-06 2.3422357139639557e-06 7.037938471533309e-06 2.4532094222701464e-05 6.128810852246152e-06 6.510282640831768e-06 3.308237961032045e-06 1.9882955288589162e-07 1.4188937212567593e-06 6.509035747604112e-05 1.6553806589956195e-06 3.0667055330334814e-06 3.0037649038043766e-06 7.731080065795125e-06 6.716692232374924e-07 9.267326271163993e-07 1.545484281389214e-06 2.225395706746495e-06 2.093297044270881e-06 3.6232412582723216e-05 0.00012419056689361635 1.6447950076869018e-05 1.7804726429184405e-05 2.5999993729477977e-05 1.7203205354700168e-05 1.3562190636001144e-06 0.0002741043743048573 1.6532317703858425e-06 1.1430848796537795e-05 8.025530877571089e-06 7.163882424504119e-06 1.1192853709547512e-05 1.6256785234062965e-05 1.0336962291308876e-05 3.54380834674507e-07 3.016894957274143e-07 3.5869674807053076e-05 2.6849928584542782e-05 4.951231505025822e-05 9.524534003292699e-05 0.00022413580276797444 0.0006091356250325272 0.0014987277391781504 4.097299054067783e-05 0.0004728662045868775 5.0438563500106315e-06 7.106168338073672e-08 1.3301409852472867e-06 2.8547530008646177e-06 1.8186451077479774e-06 0.0 5.28574478782726e-07 0.0 7.136462412937175e-07 1.855299377520173e-07 5.4149270800869975e-06 2.4944477751624944e-06 1.99259879382777e-06 3.985326022871062e-07 3.248535590474359e-07 0.0 8.473190442138074e-07 4.7123635673240834e-05 2.5206264440175795e-07 2.0570454532193744e-07 2.3354159992292823e-07 0.0 6.012154707663822e-08 0.0 0.0 0.0 0.0 1.6452852848217357e-07 1.5665348155166448e-07 8.335054953116518e-07 4.554976512468268e-07 1.7192127048615815e-06 2.8505282285617785e-06 3.4224823002600515e-07 6.782178644627912e-08 0.0 0.0 0.0 0.0 0.0 1.6677053607824018e-07 0.0 0.0 0.0 0.0 1.24873775635732e-07 0.0 2.728812534601262e-07 0.0 0.0 0.0 0.0 3.3066536195929355e-07 2.5592122892547803e-07 0.0 1.2168425888871174e-07 1.3803081869728247e-07 1.2068961699650954e-06 9.188244780590774e-07 1.7645543956085204e-06 1.4381651967376173e-06 7.474418485935982e-07 0.0 1.3180043238103466e-07 5.30830392899842e-08 0.0 0.0 3.6188914965768154e-07 0.0 0.0 2.665914146069945e-07 0.0 0.0 1.8210615226965426e-07 1.2578896177055539e-06 3.68439737220088e-07 0.0 0.0 0.0 0.0 0.0 0.0 3.111775551398089e-07 5.130853495707505e-07 6.251442084755193e-07 0.0 0.0 0.0 0.0 0.0 0.0 3.8325813447955285e-08 3.059463998677097e-07 4.446701951927883e-08 1.948625634315953e-06 1.3253459304135458e-07 2.3236264940799216e-07 9.982165303272165e-08 9.087678118083798e-07 4.923159575042697e-07 4.055746630027405e-07 1.125684306897395e-06 8.754909638107921e-08 0.0 0.0 8.069512496163414e-08 1.8487107960754127e-07 1.0416309039413722e-07 1.641815046376513e-07 0.0 0.0 0.0 0.0 2.011261788472392e-07 3.3163868598969417e-07 1.4350512963389036e-06 1.0469319949062851e-06 1.5499095580852957e-06 0.00011704024972183177 6.063060912858874e-06 0.00011412145423172022 2.352272927208687e-05 3.1313374612599875e-05 2.23661424411609e-06 7.115329194033035e-07 3.2699767970713863e-06 6.075390500642804e-06 9.370470361948033e-07 2.2225360768640205e-07 1.225395300876284e-07 1.9628290898213284e-07 0.0 1.579681746838666e-07 1.0839990925682582e-07 1.1328933264831357e-06 1.1102481549084648e-07 1.603440219783811e-05 6.943559761738598e-07
7.7904514035679e-06 0.0008591908560869255 0.0004227052497540923 2.4053735048386963e-06 0.0017121717987154225 3.4527171126136654e-06 0.0008592178557530197 8.313343269579718e-05 0.0 0.0001348662436959727 0.0007262982005904525 3.693426040775316e-05 0.00043820442850630627 0.0008801663175131304 4.110661005542161e-06 1.8703125610878272e-06 2.3282049929976774e-07 3.313846573259948e-07 0.0 1.93143711959415e-06 1.8313915226261853e-06 0.0 1.7314401848064852e-07 1.0142121966506251e-07 0.0 6.352791917612201e-08 0.0 1.187232352080436e-07 6.211457324117937e-08 0.0 3.075200192927138e-05 1.0647622676463083e-05 8.057441491932687e-06 6.407319300271006e-08 1.3024445678983e-07 7.376212246635366e-08 2.5093519465769455e-06 1.1703798367582073e-07 2.5003997402588664e-07 3.6304815309646226e-07 5.917841084994341e-07 2.6468617227687893e-07 6.821098476706052e-07 4.200850178645751e-07 0.0 2.8086125287620315e-07 2.3417992593843788e-05 5.223673304646954e-07 1.599496610272139e-07 1.1130828394289576e-07 5.166389666791341e-07 0.0 6.257602212908576e-08 1.46612443581765e-07 7.85389254950771e-07 7.134622116651636e-07 3.3797293300004357e-06 5.787116717906052e-06 3.2391203833812423e-06 3.9697924446172725e-06 3.7735225294507704e-06 1.3922820096704294e-06 1.7965562747535995e-07 9.33659578691465e-06 6.665519229277902e-07 1.4131999308676294e-06 4.4743031427184443e-07 4.796886578812038e-07 1.8840713735776285e-06 1.0483356724980221e-06 9.235679682037749e-06 6.722900587076455e-08 0.0 6.8432495521791154e-06 4.613931748704379e-06 1.4643785190308074e-05 1.6992589066452337e-05 1.8058299059765209e-06 1.6435843531831702e-06 1.967534077617499e-05 5.653675393779504e-06 1.432394373723223e-05 2.2152394231620937e-06 0.0 4.772699568502965e-07 4.828356776819117e-07 6.234529624553411e-07 0.0 4.173654753074958e-08 0.0 1.3154644402609195e-07 8.248019249214704e-08 7.968911628797208e-08 1.2726112221234783e-07 1.1026887082674607e-07 1.1631248438838118e-05 3.594795152178269e-07 0.0 5.6702592886681194e-08 4.878875111003158e-06 1.0942781710214455e-07 3.365638949195096e-07 4.6374250798616116e-07 5.118594220791183e-08 1.0563114682866182e-07 0.0 2.3164630521811816e-06 1.094770053020634e-07 3.2009479649067754e-07 8.805711224804244e-07 4.550321023825282e-07 2.384156532975799e-06 2.0780059663763847e-06 1.9082096477206973e-06 2.962582512422666e-06 0.0 0.0 0.0 0.0 0.0 0.0 0.0 0.0 0.0 0.0 0.0 0.0 1.9579856472044077e-07 0.0 0.0 0.0 0.0 0.0 2.5161211918690774e-07 4.197711681267882e-07 1.990653648707753e-07 0.0 0.0 0.0 1.4056741046088803e-06 1.951748558117766e-07 1.1323172970752124e-06 4.5074135616181555e-07 1.1607868133434573e-07 0.0 0.0 0.0 0.0 0.0 0.0 0.0 0.0 1.5708276405175223e-07 0.0 0.0 0.0 0.0 1.0216910833622376e-07 0.0 0.0 0.0 0.0 0.0 0.0 0.0 0.0 9.663103182576885e-07 0.0 0.0 0.0 0.0 0.0 0.0 0.0 0.0 0.0 2.3819338879789158e-06 0.0 0.0 0.0 5.4196010128653565e-08 1.1309891149055118e-06 4.202045534824651e-07 7.116922368848246e-07 0.0 0.0 6.296917070802029e-08 0.0 0.0 0.0 0.0 0.0 0.0 4.2985975027517375e-08 0.0 0.0 0.0 6.46124240860025e-06 8.954124439056442e-07 4.994605262673002e-07 6.407221386846029e-05 1.241682459973515e-06 5.637368625623833e-05 1.0303731968254071e-05 2.1865567012113814e-05 1.1587249772520921e-06 1.4894036929266293e-07 2.737867470664898e-06 5.030265895680634e-06 8.540298043792156e-08 0.0 0.0 1.4945494569769308e-06 0.0 0.0 0.0 6.975778608524821e-07 0.0 1.0942954145317075e-05 1.9502935732371884e-06
0.0005094246671587675 0.001440873322674338 1.9365438238834038e-05 0.000703087131683155 0.00018885659223404292 0.0003556408238083538 0.0013889417209990724 3.5174434226422235e-06 0.0001348662436959727 0.0 2.204460794256682e-05 0.0018458524649900244 0.0018790313191668216 0.00028686100653153667 6.3787080526559326e-06 1.4014767652941482e-06 4.798992797723689e-07 1.8900694806835947e-07 0.0 3.9267486466783195e-07 8.406731581130543e-07 1.3985298180071468e-07 0.0 8.408629490146143e-08 2.3567853986555078e-07 6.624825351235001e-08 2.437684036771149e-07 1.3624892980015224e-07 0.0 0.0 5.505368821237696e-05 1.2622750981420195e-05 3.435819086113884e-05 0.0 0.0 3.4718742897358027e-07 1.7701380662173985e-05 2.7880983084004213e-07 1.6241433793805363e-06 1.2832730322211993e-07 1.924230000278366e-07 8.037145831408107e-07 3.4178674658773593e-07 0.0 0.0 0.0 7.349414274618721e-05 1.03102985353593e-06 1.443604480516362e-07 1.5895398291204574e-07 1.2668857576892002e-06 2.51425915764691e-07 8.262987272578907e-07 5.703933223986006e-08 1.8635235932968981e-06 2.3734193627782964e-06 3.46146218374803e-05 1.2888017792699242e-05 1.5035490047780334e-05 1.4420463999443005e-05 1.9817544599214764e-06 9.112699606031742e-06 0.0 1.1473851370135466e-05 1.3516051505604319e-06 1.421129357190076e-06 8.35130059131519e-07 1.8354017083837224e-07 5.349071255354355e-07 2.7260162297755077e-07 0.00011893514745161018 8.087293552487389e-07 5.421522560087543e-07 2.1398579876672678e-05 9.269789012390754e-06 2.8729650012732142e-05 2.4428790103274267e-05 2.1190002252739527e-06 2.3162252017248893e-07 1.898448274783736e-05 2.653862461250448e-06 1.7438973463502226e-05 7.942638533800438e-06 1.1793604549913409e-07 9.867362538046113e-07 1.0770209068359532e-06 3.375615107341947e-07 0.0 3.1910164055199783e-07 2.5388798038017913e-07 1.36523325902755e-07 2.2745350063851075e-07 6.315326655810286e-08 2.2134739197745476e-07 2.313740771507846e-07 0.00020098345014660373 1.917119455273078e-05 7.479192338363717e-07 2.155848141192363e-06 0.00030689255741422677 7.967953719987034e-07 5.0545602712422805e-06 3.026140144910844e-06 1.2663641554678835e-05 3.119576579934574e-06 1.0060555705970759e-05 2.3597318867106027e-05 1.6435538221791932e-07 2.0797237401651635e-05 1.661157607789348e-05 7.145947259165821e-06 3.1184214095706324e-05 2.1768597897501588e-05 2.095160861579692e-05 1.9364284360365746e-05 1.687482967407929e-07 0.0 0.0 0.0 0.0 0.0 0.0 0.0 0.0 0.0 0.0 0.0 7.554660494405553e-07 0.0 4.886276429270965e-08 5.76410498425666e-08 0.0 5.430863855316919e-08 2.705292950926652e-07 1.415202112878327e-06 3.8787374048701547e-07 0.0 4.76146992319171e-07 0.0 6.863709850941095e-06 4.800763993283515e-07 2.790579928521286e-06 1.0018979405902128e-06 7.381166423165237e-07 0.0 5.074237313278325e-08 0.0 0.0 1.778434091180363e-07 0.0 1.1253268546016841e-07 0.0 0.0 0.0 6.105229354321304e-08 3.2693165396372147e-07 6.527262727610446e-07 1.0437720187195064e-07 0.0 0.0 0.0 2.623997271557861e-07 2.020544290500977e-07 3.9115426288979764e-07 0.0 4.111744821632974e-07 2.0367096739651264e-06 0.0 4.243959558931799e-08 0.0 0.0 0.0 0.0 0.0 0.0 0.0 2.056469175336758e-05 4.56810760820731e-07 0.0 0.0 0.0 6.1772418694462255e-06 9.051457130016189e-07 3.065379158999437e-06 2.0402973663688768e-07 1.8564781495249007e-07 6.89407229809349e-08 1.463671072135208e-07 6.626359387345792e-08 5.427153722185604e-08 6.313597985988742e-08 0.0 0.0 0.0 0.0 1.2526281272148674e-07 0.0 5.620406801879038e-05 3.7618434184691274e-06 1.974011904994928e-06 0.0003980542167047977 3.885474541358409e-06 0.00023819632882358927 4.730245665320468e-05 0.0006396707181109772 1.2908321866237175e-05 6.636880980554257e-07 9.770700432199831e-06 4.6016230886510704e-05 1.0394330747426104e-06 9.384235111341852e-07 7.764655641988357e-08 2.2702896881331566e-05 0.0 1.5956044427957235e-06 2.0965794755812108e-07 2.623640884565005e-06 0.0 0.00027314115335911986 3.7169579263945393e-05
8.889403426174346e-05 0.0010654065766070731 0.0015088674086908003 3.170594089123564e-07 0.0008660155285596959 1.903711475517384e-06 8.246762826421133e-05 0.0014409796217689358 0.0007262982005904525 2.204460794256682e-05 0.0 1.6761279365265148e-05 0.00034600614974115415 0.0011686745719570923 5.958522124698245e-06 3.40747838770643e-06 7.11645187928206e-07 5.754640430607795e-07 4.499743668983888e-08 1.5596087346107226e-06 3.2800062721865165e-06 1.006226565525403e-06 2.5705650778176454e-07 2.3672223722669453e-07 2.4838483140737435e-06 4.3056542416131943e-07 7.737847497193207e-07 4.005317265906912e-07 1.5733746932672415e-07 9.507565395584158e-08 0.00040209344982190473 0.0001226529568213114 0.000229061195618009 1.0176542477581515e-07 9.555598260161076e-07 2.187794713844101e-06 6.439975793624322e-05 2.491309257630246e-06 2.7552449413211587e-06 3.232856350769967e-06 3.80793814877049e-06 1.407944011622953e-06 9.90060407557286e-07 7.248846019340015e-07 1.2178944746842583e-07 6.506421027392904e-07 2.4586001515602115e-05 8.342583333222923e-07 3.916648136017157e-07 6.540342228140959e-07 1.3870548852739967e-06 7.035031444311392e-08 4.964703161676099e-07 7.511352017653548e-07 1.1715871272082758e-06 1.4133025828748704e-06 1.6439639007238467e-05 3.6760542136329075e-05 8.934995624903008e-06 1.036029390373437e-05 4.5950302241129955e-06 5.13001497279698e-06 2.3339942230058026e-07 3.006920347559388e-05 7.563066367352583e-07 1.8405034379965642e-06 1.3761686014688024e-06 1.12887452616846e-06 1.8342441790937566e-06 1.4873148643642833e-06 2.8746339657643868e-05 1.5859316771435026e-07 0.0 1.8653765920233394e-05 9.298604875892248e-06 2.341865417858773e-05 2.2812602428646327e-05 4.377110049620614e-06 2.039363208917729e-05 0.0008728071530345552 5.500091723484349e-06 3.7270355704738844e-05 3.560445336903805e-06 4.7590717825059025e-08 4.7225857067792824e-07 1.1612089467976309e-06 3.623798051189886e-07 0.0 1.504452247428257e-07 3.9576628717631107e-08 2.9959568327522633e-07 4.519886242609047e-08 3.6575734494066933e-07 7.053991416599941e-07 4.7434270614931965e-07 8.236274757429748e-06 5.450200426560595e-07 0.0 8.198183114824442e-07 3.899621170154477e-05 4.101472134996913e-08 4.3382470960773284e-07 1.5977756566982987e-07 5.413824768035271e-08 0.0 0.0 9.458422111137033e-07 2.858653949891593e-07 5.816068384487945e-07 1.2143360579546345e-06 4.189501852838088e-07 3.560999274233879e-06 3.2003620540950753e-06 3.57602713882655e-06 8.584399667311466e-06 0.0 0.0 0.0 0.0 0.0 0.0 0.0 0.0 0.0 0.0 1.6780052270372405e-07 0.0 5.759539787228605e-07 0.0 0.0 1.1481155253500822e-07 5.690634789322864e-08 5.977964820260623e-08 0.0 0.0 3.4505833196332594e-07 0.0 0.0 0.0 3.3340537733388287e-06 7.335326585286647e-07 1.5104792847047213e-06 8.062524627691918e-07 4.568475799907478e-07 6.917299931201972e-08 0.0 0.0 0.0 0.0 8.324520086810324e-08 0.0 0.0 4.7332165943022486e-08 0.0 0.0 6.202307812194375e-08 1.354838983906208e-07 0.0 0.0 0.0 0.0 0.0 0.0 0.0 0.0 5.529310968230581e-07 9.964778466588375e-07 0.0 0.0 0.0 0.0 0.0 0.0 1.0834264778878638e-07 1.401623083201645e-07 0.0 6.082714820547787e-06 4.1398023075489836e-07 2.0083032409010622e-07 0.0 2.0808973538007173e-07 2.2788304687303496e-06 5.95331204226829e-07 1.2549936120493862e-06 4.116342035330611e-08 0.0 0.0 0.0 1.374658396470791e-07 0.0 0.0 0.0 0.0 0.0 2.8973844459812826e-07 8.494237803390513e-08 0.0 5.433394456335528e-06 1.81780015271157e-06 1.3799223371580432e-06 7.396467377568878e-05 2.4022314660486337e-06 5.760128348341058e-05 1.329253083246091e-05 2.4618937279538393e-05 1.2718773378660612e-06 1.3447880587741383e-06 2.268888509684333e-06 4.041072923929188e-06 0.0 4.103212264022139e-07 1.794169996359035e-07 5.811881456349222e-07 0.0 1.907788893401841e-07 1.5513296039114354e-07 3.1454790848601565e-07 0.0 1.1154089644901112e-05 2.0203352032217624e-06
