0.0 0.0016507569336275674 0.00021442332112287633 0.0011971414772326602 2.305991691271113e-05 1.1362569716157504e-05 0.00014933267537929135 0.00011122042039852297 3.820244626884384e-06 0.000621965168173952 5.376341704868663e-05 8.387586867829558e-07 7.4185177099306545e-06 3.386564131125797e-05 5.851963249927655e-07 7.167417851295605e-08 0.0 0.0 0.0 5.5715993039829284e-08 0.0 0.0 0.0 1.0135035402221463e-07 0.0 0.0 0.0 0.0 0.0 0.0 0.0004381730595278462 3.058313096208727e-07 2.3149660702544194e-05 0.0 0.0 0.0 1.101827139877626e-06 0.0 0.0 0.0 0.0 0.0 0.0 0.0 0.0 0.0 2.5611032824010343e-06 6.767387774731565e-07 0.0 0.0 0.0 0.0 0.0 0.0 2.3330766892783746e-06 4.342308136591532e-06 7.391639971648933e-05 0.0005401715601168729 8.106838603016352e-06 9.266634079124429e-06 0.0 2.1373699111352512e-07 0.0 4.671968602186522e-07 6.236062591455187e-07 5.563041451785141e-08 5.827939015571844e-08 1.3299525222574838e-07 5.8522621603512155e-08 0.0 1.3709854340695288e-05 3.3317199551941113e-07 0.0 8.016391711662973e-05 2.063453478827746e-05 1.536539918744656e-05 0.0 0.0 1.2432708209761206e-06 4.161749852134725e-05 2.778971015727655e-07 1.0946128317823606e-05 3.919073690617517e-06 6.741322955873961e-08 3.9098369928637644e-07 6.522069694073487e-07 6.221411856332045e-08 0.0 0.0 0.0 5.12119019282728e-08 0.0 5.339748137109043e-08 0.0 0.0 4.435291031174796e-05 9.881514292620883e-06 0.0 8.294974299025113e-08 0.0006691415030046635 0.0 0.0 0.0 0.0 0.0 3.2844168491745316e-07 3.860355072216216e-07 3.9030172006067973e-07 1.3333635791618656e-06 2.280005713332965e-07 0.0 9.309324397786818e-07 1.16648000183155e-06 2.5233099541060927e-07 2.2507977004282127e-06 0.0 0.0 0.0 0.0 0.0 0.0 0.0 0.0 0.0 0.0 0.0 0.0 0.0 0.0 0.0 0.0 0.0 0.0 0.0 0.0 0.0 0.0 0.0 0.0 0.0 0.0 0.0 0.0 0.0 0.0 0.0 0.0 0.0 0.0 0.0 0.0 0.0 0.0 0.0 0.0 0.0 0.0 0.0 0.0 0.0 0.0 0.0 0.0 0.0 0.0 0.0 1.0847064692320547e-06 0.0 0.0 0.0 0.0 0.0 0.0 0.0 0.0 0.0 1.0416488266508645e-07 0.0 0.0 0.0 0.0 0.0 0.0 0.0 0.0 0.0 0.0 0.0 0.0 0.0 0.0 0.0 0.0 0.0 0.0 0.0 0.0 6.422710296068516e-07 1.4892329579286323e-07 0.0 3.379993873372269e-05 7.049552794165864e-07 1.952945781603941e-05 2.2562325977483577e-07 0.0004993561147626033 2.1854595002267623e-06 2.420480644031977e-07 1.1204939087443514e-06 3.519852815167985e-07 0.0 2.5886773692936067e-07 0.0 1.2837416085636581e-06 0.0 0.0 0.0 2.3691697997771568e-07 0.0 0.00013134145993800683 1.4631853678766638e-06
0.0016507569336275674 0.0 0.0005039011756253066 0.0007929857103988453 0.0008386894903847696 4.527100996578882e-05 0.0013827198300438034 0.0003932451160751106 0.00046773551188774676 0.0006586766435822472 0.0007855423478242661 5.50605768737218e-06 0.00024484160073709975 0.0010578973663451035 1.728925308433348e-05 2.185867561852079e-06 4.348504409358415e-07 0.0 8.853487787662903e-08 5.380476064195519e-08 0.0 0.0 0.0 0.0 0.0 0.0 0.0 0.0 1.4978653463956246e-07 5.187942885624989e-08 0.0019410641970985722 1.812659255888191e-05 0.00011387657642176635 0.0 0.0 0.0 2.448784263694729e-06 5.809769598784129e-07 9.631797381540375e-08 0.0 2.2320437288036374e-07 0.0 3.274639034263677e-07 2.1433540723034162e-07 4.9491831887908686e-08 5.8407101016061635e-08 9.069908837909131e-05 5.12748702365273e-06 1.2784982605263225e-07 1.8569135283113186e-07 2.585779171243696e-07 1.1083702252705159e-07 0.0 6.687175523982277e-08 1.6502470043248518e-05 3.1356529232353514e-05 7.363730676487794e-05 0.0005083822537509107 3.0885676867731745e-05 9.013557032634902e-05 7.744935494905376e-07 5.002454341177684e-07 0.0 3.839735326814129e-05 6.157237901600555e-06 3.1116675906042523e-06 7.268319805667062e-07 9.73941746460938e-07 2.7843918816907907e-07 0.0 1.1840852139271835e-05 0.0 0.0 0.00028422637308695765 0.00017457192764063742 0.00017512599604001987 2.623038981849529e-05 2.3302035946017308e-06 1.1507579836557517e-05 0.0003050639859289888 8.169733255150406e-07 3.51498507380201e-05 2.235749069610502e-05 1.1141025788554066e-06 4.958141381115691e-06 3.863392639908567e-06 1.3484928005667326e-06 1.3744481663358127e-07 2.7003749647095257e-07 5.273208891014931e-08 7.696979845746333e-07 3.57939126449971e-07 8.339666892332731e-07 3.8732773142328633e-07 1.1061603715800721e-07 5.195412447702445e-05 5.9082658642405596e-06 0.0 1.3466996016447919e-06 0.0005657561071770635 0.0 0.0 9.421639287872622e-07 3.397719121601155e-07 0.0 1.4810582425638004e-05 1.3257871438522063e-06 8.523910183608944e-06 1.4349455453926922e-05 5.080786845043842e-06 1.7677675890888596e-06 1.2891144613490713e-05 1.81857932224273e-05 1.2925968949161738e-05 3.257263042242882e-05 3.533272915242882e-07 0.0 0.0 0.0 0.0 0.0 0.0 0.0 0.0 0.0 0.0 0.0 0.0 0.0 0.0 0.0 0.0 0.0 0.0 2.6593377524991536e-07 2.0109948359793432e-07 0.0 0.0 0.0 4.926364792248735e-06 0.0 3.0507871865400805e-07 7.780348131360398e-07 0.0 0.0 0.0 0.0 0.0 0.0 0.0 0.0 7.161947067716927e-07 4.470696184239411e-07 0.0 0.0 0.0 0.0 0.0 5.884799601677966e-08 0.0 0.0 3.2570817247956804e-07 2.591986388469046e-07 1.0597533590422254e-07 0.0 0.0 2.5551837972848285e-06 0.0 3.044992491210805e-07 9.830554955118779e-08 1.1348724823127038e-07 0.0 0.0 0.0 0.0 0.0 1.0250073842481678e-05 8.283209218769099e-08 0.0 0.0 4.1799080880568644e-08 8.288487496381534e-06 0.0 4.938828906207101e-06 3.594902376923108e-07 0.0 5.927588012281635e-08 7.847261759571072e-08 0.0 0.0 2.006199173269133e-07 0.0 0.0 4.586049968618591e-08 5.196381258691879e-08 6.187323312266805e-08 0.0 1.6022663283272172e-05 3.945619738249352e-06 3.198693689417446e-06 0.00021064529649207118 8.11344087522426e-06 0.0002667345401343271 8.799875601018013e-06 0.0005190730929188601 2.232827403903397e-05 2.511581096010795e-06 2.589337443019856e-05 7.229064307925515e-06 3.1864306533088765e-07 1.1141525092267281e-06 8.635499006244556e-07 1.0381662736046307e-05 1.5490225260315602e-07 0.0 2.402127373948178e-07 5.137606055654493e-06 0.0 8.72373715493585e-05 1.1943685378125914e-05
0.00021442332112287633 0.0005039011756253066 0.0 9.73171720682604e-05 0.00048622226568932473 8.722043395815839e-07 9.594207146508332e-06 0.001383680006000072 0.00010904482498479303 6.8048765545485785e-06 0.0015680254342536894 9.275344575478774e-07 5.169518442545742e-06 0.0002004036651534029 6.7827042594774655e-06 1.9631938931611454e-06 0.0 0.0 0.0 5.4245409030943975e-08 9.418879192391099e-08 0.0 1.040809581424651e-07 7.074288120687198e-07 0.0 2.650858220785036e-07 2.0181234881675708e-07 3.587605816162669e-07 0.0 0.0 0.0017889013222446232 0.0001585253665157726 6.066370833608065e-05 0.0 6.373567083875325e-07 0.0 2.761651729097653e-07 0.0 1.8706603038889519e-07 0.0 7.143132718737947e-07 4.150769636667468e-08 6.768164856794298e-07 4.0730645343001677e-07 0.0 0.0 2.9815309480175948e-05 1.6161699974366169e-06 9.515653886877153e-08 1.0378035375143807e-06 4.032654778863695e-07 0.0 0.0 5.5610081805966966e-08 3.866788479168483e-06 6.7833277066847984e-06 1.995639838559994e-05 0.00023021539082303217 7.5220287611225925e-06 2.4041522467316626e-05 5.141265680174259e-06 4.901148219945461e-06 0.0 6.211269084124604e-05 1.2569971150244469e-06 1.0091794033901982e-06 2.4445280088672215e-07 5.360083272591517e-07 2.0276801178688414e-06 1.1797283240812416e-06 2.0271357224765105e-06 0.0 0.0 7.781969925563668e-05 6.33176490929313e-05 5.310236229672641e-05 2.618369626013576e-05 4.4464119913574804e-05 0.00014373297574874912 0.00026409844339008744 1.170583109924805e-05 0.0001329148268174265 6.0475808524190915e-06 2.2236761928300127e-07 1.189930472739617e-06 1.0446511926448275e-06 1.2298732603628925e-06 0.0 3.4168988386128045e-07 0.0 2.8016374824368617e-07 9.542531589017502e-08 3.966174341163157e-06 5.736623496905482e-07 5.203933530303997e-08 2.616327134097613e-06 1.592370617702844e-06 0.0 3.7865124622794783e-07 6.915564215831427e-05 0.0 0.0 0.0 0.0 0.0 0.0 0.0 0.0 2.397224945366905e-07 1.6364914544719696e-07 1.946176939755431e-07 3.0543796391271086e-07 2.0637222945416792e-07 1.608434310476828e-07 8.313352527916682e-07 0.0 0.0 0.0 0.0 0.0 0.0 0.0 0.0 0.0 0.0 0.0 0.0 0.0 0.0 0.0 0.0 0.0 0.0 0.0 0.0 0.0 0.0 0.0 0.0 1.4801027114033906e-07 0.0 1.5245382332428978e-07 6.471279285605924e-08 0.0 0.0 0.0 0.0 0.0 0.0 0.0 1.2143633512346561e-07 0.0 4.7206918941317654e-08 0.0 0.0 6.428731534034601e-08 0.0 7.050754771230398e-08 0.0 0.0 0.0 0.0 0.0 0.0 0.0 0.0 1.3972032431904967e-07 0.0 0.0 0.0 0.0 0.0 0.0 0.0 0.0 0.0 1.498180541697171e-07 0.0 0.0 0.0 0.0 4.1880662591762045e-07 0.0 1.1125425555754027e-07 0.0 0.0 0.0 0.0 0.0 0.0 0.0 0.0 0.0 0.0 4.923205619462303e-08 0.0 6.255221899220279e-08 0.0 2.1744329328094137e-07 3.060799877863419e-07 4.503941006225164e-05 2.5662796668500243e-06 6.513023358889896e-05 2.109767778536365e-06 6.386343327921518e-05 5.556531323073517e-06 9.851321831204503e-07 6.1069666065711445e-06 4.771357466041211e-07 5.4845508910601634e-08 2.5442774360777865e-07 0.0 1.173226048677617e-07 0.0 0.0 5.8777584116151e-08 1.6341711017191139e-06 0.0 5.1554176940981e-06 2.1481769473423724e-07
0.0011971414772326602 0.0007929857103988453 9.73171720682604e-05 0.0 5.6582325928306826e-05 0.00018925389217224395 0.0002525753299866834 1.6610619342332728e-05 7.130728650483731e-06 0.0003020557090558084 2.240357650536937e-05 2.652623841712564e-06 6.964307432303622e-05 3.30191858298857e-05 5.728320760289685e-07 0.0 0.0 0.0 0.0 0.0 0.0 0.0 5.148027076474509e-08 0.0 0.0 0.0 0.0 0.0 0.0 0.0 3.9134475178386204e-05 5.6832659453748996e-08 2.3174707546450778e-07 0.0 0.0 0.0 4.3853960358807455e-08 0.0 0.0 0.0 0.0 0.0 0.0 4.280296494761782e-08 4.588522888993328e-08 0.0 4.4781012158933845e-06 3.8295922573970374e-07 5.619124360558838e-08 0.0 0.0 0.0 0.0 0.0 1.978767695986891e-06 3.37343430368605e-06 2.2021643290721525e-05 7.746764343678742e-05 4.586581829331993e-06 7.231877743823314e-06 4.566150102838253e-08 0.0 0.0 2.7183885356401287e-06 5.575307281409333e-07 2.6687804730930665e-07 1.0689517214278577e-07 9.871061356841558e-08 0.0 0.0 5.23590270167187e-07 0.0 0.0 4.2750942220339174e-05 1.7075637158319386e-05 1.4386769900510983e-05 8.695906634364115e-07 9.465330637559472e-08 0.0 9.924033301169967e-07 0.0 2.0084035419745635e-07 3.2122575981459098e-06 1.782943403102851e-07 9.227703781467167e-07 4.337106057751509e-07 0.0 0.0 0.0 8.05138653980187e-08 0.0 1.0388168310944792e-07 0.0 5.327100356939351e-08 0.0 3.307726049829073e-06 3.320939706123099e-07 0.0 0.0 0.00032275358904309344 0.0 2.076872652407888e-07 0.0 0.0 0.0 1.8209414318888531e-06 1.8137314743646464e-07 8.133026077193849e-07 1.5889083505973047e-06 4.3508489640761483e-07 4.749402431651641e-07 8.13196573179658e-07 1.6721126436633372e-06 5.689656335588117e-07 6.213479547541291e-07 0.0 0.0 0.0 0.0 0.0 0.0 0.0 0.0 0.0 0.0 0.0 0.0 0.0 0.0 0.0 0.0 0.0 0.0 0.0 0.0 0.0 0.0 0.0 0.0 1.5758295611556967e-07 0.0 0.0 0.0 0.0 0.0 0.0 0.0 0.0 0.0 0.0 0.0 0.0 0.0 0.0 0.0 0.0 0.0 0.0 0.0 0.0 0.0 0.0 0.0 0.0 0.0 0.0 6.7158693939508e-07 0.0 0.0 0.0 0.0 0.0 0.0 0.0 0.0 0.0 4.6041271611234154e-07 0.0 0.0 0.0 5.686366875273964e-08 4.859788052667923e-07 0.0 0.0 0.0 4.0217638096300993e-07 0.0 0.0 0.0 0.0 0.0 0.0 0.0 0.0 0.0 0.0 0.0 1.1556326871259592e-06 1.920472344099593e-07 6.973005746463734e-08 2.572683712975153e-05 5.905378500099028e-07 1.8818332357928056e-05 3.9943959454182267e-07 0.00033228177500672 1.3430664793820686e-06 5.120270161000104e-07 1.4060551586157895e-06 2.40923612712101e-07 0.0 0.0 0.0 1.428715460031765e-06 0.0 0.0 0.0 5.005029775497117e-07 0.0 8.268890657739865e-05 4.3072525599050634e-07
2.305991691271113e-05 0.0008386894903847696 0.00048622226568932473 5.6582325928306826e-05 0.0 9.800612889646118e-07 0.0007611299396419521 0.00042941369473354664 0.0010175470004725087 0.00024336792528011116 0.0007917334740679786 4.641194434723945e-07 0.00010410613029489364 0.0004119048198559468 5.75014966553552e-06 7.563180609519732e-07 0.0 0.0 0.0 4.59316344142969e-08 0.0 0.0 0.0 0.0 0.0 0.0 0.0 0.0 0.0 0.0 7.877819869647268e-05 5.398233609631891e-06 2.40163599582571e-06 0.0 0.0 0.0 6.414317248536693e-07 5.317908117327687e-08 0.0 0.0 0.0 0.0 4.475959516330669e-08 9.226986353931358e-08 0.0 0.0 3.590663574977757e-05 6.410314867728674e-07 4.5969544589780314e-08 1.0104703860293639e-07 4.483994381585381e-08 0.0 0.0 0.0 2.657340639692529e-06 3.860204400953493e-06 7.241175503491613e-06 3.458560969622228e-05 5.368675012642445e-06 1.843410865605816e-05 1.539966730736996e-07 9.655926085727012e-07 4.409897761567511e-08 1.0722159418819071e-05 1.0771816353007787e-06 8.091302433990874e-07 0.0 1.558779038791319e-07 1.069920948043094e-07 0.0 5.108358525346091e-06 0.0 0.0 3.664222689637377e-05 3.1509989095471514e-05 3.7327799333626365e-05 1.1398106270754546e-05 1.6157379379388887e-06 6.2055566482635854e-06 4.004205301118867e-06 4.386939527671037e-07 1.102532411155958e-06 4.334200478357426e-06 1.5437454176988747e-07 1.096745369294142e-06 3.36513439885321e-07 2.661916800955997e-07 0.0 7.192213385094294e-08 0.0 1.0069524697115403e-07 5.283155422364007e-08 1.428990347071357e-07 0.0 0.0 2.189603895800614e-05 1.1857047637511253e-06 0.0 0.0 8.418327474837328e-06 8.797262864548567e-08 2.2678870428803156e-07 6.741274824067491e-07 2.021959193462024e-07 0.0 9.461669456834657e-06 1.1375933325138693e-06 3.0449413022692794e-06 1.0333191511051847e-05 1.3272352224148342e-06 2.9837191921426663e-06 6.573180651017893e-06 1.0396953628447405e-05 7.312266623845792e-06 1.9729607555348726e-05 6.019603100393064e-08 0.0 0.0 6.573791104338254e-08 0.0 0.0 0.0 0.0 0.0 0.0 0.0 0.0 0.0 0.0 0.0 0.0 0.0 0.0 0.0 1.2933223041681633e-07 3.0892402054627057e-07 0.0 0.0 0.0 2.302107371151356e-06 0.0 1.7835200918759349e-07 0.0 4.587126471336053e-07 0.0 0.0 0.0 0.0 0.0 0.0 0.0 6.096347394959335e-07 2.2048534250368282e-07 0.0 0.0 0.0 0.0 0.0 0.0 3.7732757903080305e-07 0.0 0.0 0.0 0.0 0.0 0.0 2.1834372797949446e-06 0.0 0.0 0.0 0.0 0.0 0.0 0.0 0.0 0.0 4.742884181760658e-06 8.808865521217383e-08 0.0 0.0 0.0 6.187202612833043e-06 0.0 1.0862802687534859e-06 9.856117536433975e-08 2.9044408982794057e-07 4.0783114539556517e-07 0.0 0.0 0.0 0.0 0.0 0.0 0.0 0.0 0.0 0.0 8.208269560806695e-06 8.84624139963359e-07 7.20959921437193e-07 7.10078178288543e-05 1.8051440585228326e-06 8.264124972811312e-05 3.38580005783178e-06 4.794773006948985e-05 6.819760461061735e-06 5.074331200516677e-07 9.83586536666473e-06 1.991147035037362e-06 1.7009387527937803e-07 1.887751806319649e-06 2.983663513166897e-07 3.0696549142026642e-06 9.242519491333332e-08 0.0 8.818195948435958e-08 2.09155281936534e-06 0.0 2.254014763192124e-05 4.913119267766592e-06
1.1362569716157504e-05 4.527100996578882e-05 8.722043395815839e-07 0.00018925389217224395 9.800612889646118e-07 0.0 4.0769151268644084e-05 2.186640766157968e-07 1.777812705602668e-06 0.000400724903469972 6.828906261133625e-08 6.598567920306693e-05 3.222335276762218e-05 1.1696193193974281e-05 6.148206440080584e-08 0.0 0.0 0.0 0.0 0.0 0.0 5.30505666988504e-07 0.0 0.0 0.0 0.0 0.0 0.0 6.37626999094722e-08 0.0 4.822883555564481e-06 0.0 5.764181634822254e-07 0.0 0.0 0.0 2.299851418075247e-06 2.042977315876742e-07 5.831778760196345e-07 0.0 0.0 0.0 0.0 0.0 0.0 0.0 5.725275403068226e-07 0.0 0.0 0.0 0.0 2.3319867759851525e-06 3.486935506739654e-07 0.0 0.0 1.0813105406816843e-07 2.2165740709615417e-05 1.4179803324033535e-06 5.885628387165316e-07 1.0356411098106285e-07 0.0 1.8450610284492105e-07 0.0 0.0 0.0 7.695935700188525e-08 0.0 0.0 0.0 0.0 6.546000826548808e-05 3.388636541296445e-05 2.199759634257506e-06 1.7693355379596105e-07 1.3213898653829022e-07 2.9820969334164366e-07 0.0 0.0 0.0 2.1055318266572572e-07 0.0 2.063081019007089e-07 0.0 2.6393676448952414e-07 0.0 6.306219929252315e-08 0.0 1.2616575707281295e-07 5.004109190919514e-07 7.640495214969534e-07 3.279641000441189e-07 1.6144870126980208e-07 8.70581328264387e-08 5.2463737081382493e-08 0.0 0.00015590540170772513 0.00016767202758999605 4.597217440623798e-06 7.473884658083133e-06 7.440197284971345e-05 0.0 0.0 4.857368366411294e-07 0.0 0.0 3.816785293608038e-06 3.902974851420187e-07 1.2370259061716056e-06 2.0752190654881896e-06 3.3455130257460223e-06 4.391215264825156e-07 3.625138565150241e-06 3.0122424578176573e-06 1.6368570223451787e-06 2.578169120204183e-06 0.0 0.0 0.0 0.0 0.0 0.0 0.0 0.0 0.0 0.0 0.0 0.0 0.0 0.0 1.5642195911735317e-07 1.0393275299703553e-07 1.1508149101467165e-07 0.0 0.0 0.0 0.0 0.0 0.0 0.0 3.3965014124090626e-07 0.0 7.959843415517107e-08 5.145382165678248e-07 2.1094071599054456e-07 0.0 0.0 0.0 0.0 0.0 0.0 0.0 0.0 0.0 0.0 0.0 0.0 1.933581160645201e-07 0.0 0.0 0.0 0.0 0.0 0.0 0.0 0.0 2.8513840004621956e-07 0.0 0.0 0.0 0.0 0.0 0.0 0.0 0.0 0.0 0.0 3.880395549201493e-07 0.0 0.0 0.0 0.0 1.3575422860025697e-06 0.0 3.387876762448058e-07 0.0 0.0 0.0 0.0 0.0 0.0 0.0 0.0 0.0 0.0 0.0 0.0 0.0 1.4771619218070668e-06 5.046419217287688e-07 4.653095023873258e-07 1.665005135454545e-05 7.975369749836899e-08 4.339520811773553e-07 2.7117215703725516e-07 5.937496346025003e-05 0.0 0.0 0.0 3.4437647629171163e-07 6.452474716057586e-08 5.0805064857750155e-08 0.0 3.1201811845004916e-06 0.0 0.0 0.0 0.0 0.0 7.8376095457147e-05 2.154269422082797e-06
0.00014933267537929135 0.0013827198300438034 9.594207146508332e-06 0.0002525753299866834 0.0007611299396419521 4.0769151268644084e-05 0.0 5.144989874447825e-06 0.0009926611710944953 0.001345856522295001 0.0004698742583239018 1.318895243601183e-05 0.00143020021533706 0.0009747454847174581 8.038786534276828e-06 2.6250080816896727e-06 0.0 5.8253542695336685e-08 0.0 0.0 0.0 0.0 1.1078647137448068e-07 1.250813967954257e-07 8.285110680240181e-08 4.7723604529517966e-08 0.0 1.1023856389097141e-07 0.0 0.0 3.743126694713854e-05 2.342249910023402e-06 7.342883997271677e-06 0.0 0.0 0.0 2.1844761657198423e-06 0.0 0.0 0.0 1.3029062312367067e-07 0.0 0.0 1.4816846831272984e-07 0.0 4.1016956033162546e-08 3.615751409580471e-05 1.344156201338604e-06 0.0 1.7214239812769892e-07 1.0918684565229947e-07 0.0 0.0 0.0 3.1952396795529105e-06 5.115474289945501e-06 1.1729721716817794e-05 5.110544107340064e-05 6.824730767395524e-06 2.225560532218812e-05 3.6201344985211045e-07 3.459770119261353e-07 0.0 8.20979833030194e-06 1.1447730630935373e-06 9.018909960893359e-07 3.8313715610236127e-07 5.684672567655455e-07 1.9286972279436222e-07 1.705461569389054e-07 8.664946951102242e-06 0.0 0.0 4.832995673083587e-05 3.666755627015758e-05 4.1689230236927796e-05 1.1271759113747157e-05 1.9047880974864784e-06 1.8793861369416995e-06 2.3223984014016296e-06 2.702658164129791e-07 2.4773103143814904e-06 4.58717357417634e-06 1.9791351517154074e-07 7.821328707911567e-07 7.911106007176332e-07 3.388647041428607e-07 0.0 1.9452212342660404e-07 0.0 1.0482374416712866e-07 5.19132954497588e-08 5.65005789022163e-07 4.9367182414549346e-08 5.932497286464353e-08 5.064071382980994e-05 2.8321233862994976e-06 1.0202715014967066e-07 4.2159779447703483e-07 5.957749351722976e-05 3.937613934911355e-07 1.0228082007669409e-07 2.7378699991102276e-06 1.8395478616685114e-06 7.803393784862962e-08 3.2513674363703434e-05 2.5274507181096345e-06 1.797255506731509e-05 3.0419913344647005e-05 1.052230933402044e-05 5.122573663368769e-06 2.9880986295289373e-05 3.621824018895718e-05 2.1260995518662138e-05 6.120304177180463e-05 1.5544072931398452e-07 0.0 0.0 0.0 0.0 0.0 0.0 0.0 0.0 6.156163920275431e-08 0.0 0.0 0.0 0.0 0.0 0.0 0.0 0.0 0.0 4.337259509774075e-07 2.771745079464163e-07 0.0 0.0 0.0 7.067322793494562e-06 0.0 4.971624515998971e-07 3.1640367775990237e-07 0.0 0.0 0.0 0.0 0.0 0.0 0.0 0.0 3.92315462151323e-07 3.6776098281412923e-07 0.0 0.0 5.959387744383801e-08 0.0 5.706266741054302e-08 1.9434449495071852e-07 1.2692482372353374e-07 0.0 3.714755337186965e-07 2.1935806328155236e-07 0.0 0.0 0.0 6.03320056107249e-06 2.94926053914686e-07 1.6936234410380646e-07 1.6355820949799733e-07 0.0 0.0 0.0 0.0 0.0 0.0 1.4566379085271202e-05 1.4145302258072223e-07 0.0 0.0 0.0 1.797123813516931e-05 1.223064080914136e-06 4.279138941823923e-06 3.954238456773076e-07 0.0 6.16233784491733e-07 0.0 2.889462297114144e-07 0.0 0.0 0.0 0.0 0.0 7.513769568484711e-08 0.0 0.0 2.6660204737050737e-05 4.799396947534226e-06 2.7255773143191043e-06 9.485005068755015e-05 1.911165421529972e-06 9.065865617348364e-05 4.0489483435328295e-06 0.00016208764429963426 1.2073388963287724e-05 2.857324111673204e-07 1.5051026884515944e-05 5.085410066628334e-06 1.5250269921787238e-07 3.6412086060502905e-06 9.450762644923419e-07 8.863034276519794e-06 4.0164686306103566e-07 0.0 1.7351674403520563e-07 2.2667766310500818e-06 0.0 0.00012062176353257404 2.803321800579566e-05
0.00011122042039852297 0.0003932451160751106 0.001383680006000072 1.6610619342332728e-05 0.00042941369473354664 2.186640766157968e-07 5.144989874447825e-06 0.0 6.52093244110768e-05 5.819860057840709e-07 0.0005873853653718356 5.229872917333792e-07 2.1956284625998475e-06 0.0003482930523540103 2.0816174437954724e-05 6.391179400514721e-06 2.254108760528308e-07 3.826889988114093e-07 8.834476574493159e-08 1.9921977923406757e-07 5.548977099827197e-07 0.0 1.7192142976636004e-06 3.1947250986682614e-06 6.657877115122977e-07 1.440655592096286e-06 7.573508921337252e-07 1.4107429584579355e-06 5.320704184106275e-08 0.0 0.0008818164510925461 0.0005436104105075476 4.559648054912689e-05 0.0 1.67469128393525e-06 1.7101091375039207e-07 4.811176246232008e-07 1.114743042272061e-06 3.671276796414758e-07 1.829971834679157e-07 3.0919317386315746e-06 8.003383269067519e-07 1.6728600260204026e-06 7.705916502064111e-07 5.905888306070367e-08 4.779538129851029e-08 5.94763617845055e-05 1.7090898784711305e-06 3.902185183655407e-07 2.2587292141087353e-06 6.246803722803629e-07 1.5348986896237496e-07 0.0 2.2201661425759667e-07 3.1723400797210303e-06 4.7387874634623455e-06 1.0548909474659506e-05 9.438037091918175e-05 7.517881121754117e-06 2.8419641934994714e-05 1.53525846509767e-05 8.460762716185068e-06 0.0 0.0001292131928994949 1.9197955947433266e-06 8.031569714143466e-07 6.621589474741002e-07 1.1552342008388203e-06 3.925679691764852e-06 4.308673698262233e-06 1.554996091399221e-06 0.0 0.0 5.3799841075984695e-05 6.599187877107671e-05 7.412457047252921e-05 0.00010472317085690186 0.00016278389387036556 0.0007368679297614439 0.0004546197522100016 3.3911495781712574e-05 0.00019371614980483558 4.798566839697774e-06 2.589989216135453e-07 1.3495876971176564e-06 6.406026587391773e-07 1.7149256984322224e-06 5.26279889969191e-08 3.6386539764065694e-07 0.0 8.47131282548957e-07 3.795280317120506e-07 1.653747749663237e-05 2.605059667414083e-06 2.7851164949821644e-07 1.3392646917042407e-06 1.0689240286314327e-06 0.0 4.118868963833359e-07 2.5627180730437933e-05 0.0 0.0 2.555558604594033e-07 0.0 0.0 3.8169327844298373e-07 0.0 0.0 0.0 0.0 1.08592073436379e-07 0.0 2.2013551951380816e-07 0.0 3.6861128304889525e-07 0.0 0.0 0.0 0.0 0.0 0.0 0.0 0.0 0.0 0.0 1.1867691995015599e-07 0.0 5.7145839342197485e-08 0.0 0.0 1.9735942113516828e-07 0.0 3.2241838476708443e-07 0.0 0.0 0.0 0.0 0.0 0.0 1.4707416703149775e-07 0.0 1.0196967260904876e-07 8.348315565677708e-08 0.0 0.0 0.0 0.0 0.0 0.0 0.0 0.0 0.0 0.0 0.0 0.0 5.6117124025168133e-08 7.136979160823343e-08 8.570135162675189e-08 0.0 0.0 0.0 0.0 0.0 0.0 0.0 0.0 0.0 0.0 0.0 0.0 0.0 0.0 0.0 0.0 0.0 1.3513173042288606e-07 6.981734100908814e-08 0.0 0.0 0.0 0.0 4.803193296998231e-07 0.0 0.0 0.0 0.0 0.0 0.0 0.0 0.0 0.0 0.0 0.0 0.0 7.808053896160612e-08 7.014067874962612e-08 0.0 2.0156290530454187e-07 2.2182040486348973e-07 6.680789555772481e-08 8.419982833534744e-05 3.858753601157992e-06 0.00011056851906183482 4.866982073972108e-06 3.5396477519094515e-05 8.702425377478557e-06 5.471242744206496e-07 1.3266074892657207e-05 1.2794295004314e-06 0.0 8.122759375789379e-08 0.0 0.0 0.0 0.0 0.0 2.913222788729369e-06 6.727402148950149e-08 4.6695165247548336e-06 7.745642420183063e-08
3.820244626884384e-06 0.00046773551188774676 0.00010904482498479303 7.130728650483731e-06 0.0010175470004725087 1.777812705602668e-06 0.0009926611710944953 6.52093244110768e-05 0.0 0.00010372002420569436 0.00040826832639387714 2.3240640850518405e-06 0.0005904374293480844 0.00023654663275643717 1.0204359213633347e-05 3.056342927859487e-06 0.0 1.0834532139355382e-07 0.0 0.0 0.0 0.0 8.623427957367213e-08 4.920791375671423e-08 1.2942999070783407e-07 0.0 0.0 1.466903626461023e-07 0.0 0.0 3.3044396355949686e-05 3.276198615343339e-06 3.325796460511343e-06 0.0 0.0 0.0 1.6761800321735733e-06 9.488409243491379e-08 0.0 0.0 5.360704606591448e-08 0.0 7.148379425797112e-08 1.4573465290478515e-07 0.0 0.0 3.763298030260563e-05 9.98518829038696e-07 6.366115965591462e-08 1.4186753012640998e-07 0.0 0.0 0.0 0.0 2.1298012866143273e-06 3.3902311476195506e-06 3.0454800808668803e-06 1.4760236441270044e-05 3.571795640246359e-06 1.749461579591816e-05 3.3136401690142033e-07 2.2447375573358788e-07 4.001242992523203e-08 8.941029913015713e-06 8.893684564107681e-07 6.290697464185521e-07 9.566364911879454e-08 1.7744817294794727e-07 2.63303150926246e-07 1.825125233891076e-07 6.845363950160505e-06 0.0 0.0 2.5498234349583097e-05 2.3725537145095778e-05 3.4357196309609996e-05 1.351927473307943e-05 2.6327745951156186e-06 3.667174792971973e-06 6.3547633179410675e-06 2.900679006426674e-07 2.026841812318355e-06 2.982080627278821e-06 4.8353093724220644e-08 9.144770297843342e-07 6.580567314349967e-07 1.842983026995391e-07 0.0 1.2150129605449247e-07 5.813380844885696e-08 1.0525280605676882e-07 4.206941410702224e-08 4.476096300801878e-07 5.019676301213158e-08 0.0 2.513052523601871e-05 1.683286944262288e-06 0.0 1.7651876137120676e-07 4.994993919678935e-06 0.0 0.0 1.6216666624910882e-06 4.798725500330139e-07 0.0 1.8270767813539866e-05 1.0783867672946795e-06 8.82125513717388e-06 1.3122015396694574e-05 4.998399623408021e-06 3.2286204734667443e-06 1.5640473605181683e-05 1.892133776153264e-05 1.190456423700562e-05 3.165299367999877e-05 9.378326019478279e-08 0.0 0.0 0.0 0.0 0.0 0.0 0.0 0.0 0.0 0.0 0.0 0.0 0.0 0.0 0.0 0.0 0.0 0.0 0.0 3.721709447797849e-07 0.0 0.0 0.0 3.095684956554518e-06 0.0 5.548247936974611e-07 4.507855256930192e-07 5.812369906872807e-07 0.0 0.0 0.0 0.0 0.0 0.0 0.0 1.3240821001196214e-07 4.871266978279473e-07 0.0 0.0 0.0 0.0 0.0 1.510315752143385e-07 5.399869525545611e-08 0.0 2.27778029759202e-07 1.6206091488767784e-07 0.0 0.0 0.0 4.009319424610074e-06 7.868409140547338e-08 0.0 5.367561263050013e-08 8.294785513494438e-08 0.0 0.0 0.0 0.0 0.0 1.0112436456102958e-05 2.610259254625255e-07 0.0 0.0 5.4576583071775344e-08 9.303166689992081e-06 3.6771609097555206e-07 2.0152416132629803e-06 1.0968161256008068e-07 0.0 9.896140068936256e-08 0.0 1.1661277977629098e-07 0.0 0.0 0.0 0.0 0.0 0.0 0.0 0.0 1.5325958382250113e-05 2.620242254746776e-06 1.4325996075233118e-06 7.582130421471203e-05 2.5173907070977642e-06 7.426503756692793e-05 3.2516691798524436e-06 3.054545890723615e-05 6.58591153508842e-06 3.9984322991179134e-07 1.3622050840924885e-05 4.152880828658504e-06 0.0 2.0699547256903827e-06 2.7777587490013117e-07 4.706329210012244e-06 1.236532640193832e-07 9.683667056477544e-07 2.668423608913129e-07 1.2025023645275199e-06 0.0 3.6185279570406884e-05 1.3631120144589515e-05
0.000621965168173952 0.0006586766435822472 6.8048765545485785e-06 0.0003020557090558084 0.00024336792528011116 0.000400724903469972 0.001345856522295001 5.819860057840709e-07 0.00010372002420569436 0.0 5.222342302058236e-05 0.0005374101880964994 0.002592877534451778 0.000434808987102878 5.2914012511973174e-06 1.4169663797746684e-06 0.0 0.0 0.0 4.474521940026166e-08 0.0 0.0 0.0 0.0 0.0 0.0 0.0 1.1739243000255184e-07 0.0 0.0 2.244111541114632e-05 1.0177898008940224e-06 1.2476561047611454e-05 0.0 5.455652673510472e-08 0.0 6.1407162806088305e-06 0.0 3.774327589333303e-07 0.0 1.1014281476112496e-07 0.0 6.496701128158389e-08 9.22597992296041e-08 0.0 0.0 1.7430806358834072e-05 8.761721437243906e-07 4.009458139455853e-08 6.115274845179664e-08 0.0 6.243897743728465e-08 0.0 0.0 2.280788293136492e-06 3.1852580868190174e-06 1.599826438192073e-05 4.027605001474963e-05 3.3039151332653356e-06 1.2193180087786434e-05 2.36118234350143e-07 2.907620191181404e-07 0.0 4.776147562979807e-06 9.445493360135247e-07 9.313390429932546e-07 0.0 3.0079186271244075e-07 2.873454219537033e-07 5.497392559072167e-08 1.8263368347657505e-05 7.617011442974168e-08 0.0 3.219627891986662e-05 2.312033574890859e-05 2.2705554808607402e-05 4.852011415405299e-06 1.9678680655792866e-06 1.0460631893603092e-06 3.346777944076562e-06 6.090830988210747e-07 2.262535985044265e-06 2.91191069952772e-06 1.9833033151324547e-07 9.478572794515931e-07 3.1228605273964677e-07 1.0476181911152744e-07 0.0 9.710193124307383e-08 0.0 6.274637470587474e-08 6.077263048656088e-08 6.833498469167202e-07 1.4689446786747176e-07 5.925029628186932e-08 0.00011189645005672446 6.432274779077787e-06 0.0 2.2381069758022194e-07 0.00028745098037121956 1.3486235132870908e-06 1.7638274309712873e-06 9.878563889419046e-06 8.115358795902312e-06 0.0 0.0001092847757610044 1.1958474028732684e-05 4.419454665518032e-05 9.7258925056524e-05 4.286383762593179e-05 1.3815479870617344e-05 7.630770857402923e-05 0.00011239907747101584 5.65361539750143e-05 0.00013554420211646604 3.7854800945577e-07 0.0 0.0 0.0 0.0 0.0 0.0 0.0 0.0 0.0 5.254770412326748e-08 6.263166198443384e-08 0.0 0.0 0.0 0.0 0.0 0.0 0.0 9.90670372487816e-07 2.022118087950339e-06 0.0 7.693357332039895e-07 0.0 1.1857710062127592e-05 4.065337551033651e-07 1.4654701617693167e-06 6.313541236224207e-07 0.0 0.0 0.0 0.0 0.0 2.5248020401066133e-07 6.173304540959511e-07 0.0 9.919768874139983e-07 1.0993443082625288e-06 0.0 0.0 0.0 0.0 0.0 6.272747489317581e-08 1.2415144777519245e-06 7.376485921120051e-08 9.624651849204474e-07 7.141785198233885e-07 4.996208048749027e-07 0.0 0.0 1.7103395800075896e-05 1.5889176708199e-07 4.820445318153115e-07 4.3207395427817046e-08 0.0 0.0 0.0 0.0 0.0 1.5726892584184788e-07 3.145056262062065e-05 6.087285349333013e-07 0.0 0.0 0.0 5.132043094564116e-05 4.1806519200554146e-07 8.276423820344507e-06 1.1450801627272814e-06 1.38974009195502e-06 9.939838987052036e-07 0.0 2.254496025981765e-07 0.0 6.004334432811085e-08 0.0 0.0 0.0 0.0 0.0 0.0 7.794297647716225e-05 9.783551329280892e-06 5.942493969284924e-06 0.00015876591205144414 6.926158702066222e-07 4.8144464920909116e-05 1.5322100605205892e-06 0.0007974241186022773 4.499470458135519e-06 3.426819093056936e-07 6.780061457636683e-06 1.0878887946079372e-05 1.2411435141841559e-07 8.717764082791644e-06 4.7128123942664834e-07 2.509499046723074e-05 1.1036100236262017e-06 4.054048176299518e-07 2.504971395687521e-07 4.457968935565929e-07 1.1503297653483026e-07 0.0008818557271653591 8.593339322040004e-05
5.376341704868663e-05 0.0007855423478242661 0.0015680254342536894 2.240357650536937e-05 0.0007917334740679786 6.828906261133625e-08 0.0004698742583239018 0.0005873853653718356 0.00040826832639387714 5.222342302058236e-05 0.0 2.926758674711922e-05 0.0005551605278697935 0.0005846617542928338 1.0366619088911487e-05 3.78055925513526e-06 4.575531978365862e-08 0.0 0.0 6.356912670971245e-08 0.0 5.930305418422442e-08 3.5793423248272315e-07 1.2350890559173734e-06 1.684652301597456e-07 3.5264497639640857e-07 2.812287665080324e-07 2.0361740636133407e-07 0.0 6.195409625830552e-08 0.00041814681269839577 3.884511846770337e-05 2.13029628440171e-05 0.0 3.8395902370551477e-07 1.9203117063214677e-07 2.0810751713899768e-07 2.2632411330167327e-07 1.4879870584647303e-07 1.8872362262323048e-07 6.372577830686903e-07 1.1754384960431442e-07 2.400207374078136e-07 1.7266169014676188e-07 0.0 0.0 3.1216003099957195e-05 7.217345628941942e-07 2.7708034053317813e-07 5.564661903442665e-07 3.059891836468596e-07 1.6109184984564366e-07 0.0 5.8931712195009e-08 1.389991142695401e-06 3.3974230302047738e-06 4.923158554889352e-06 3.256321440818441e-05 3.4474365904655532e-06 1.4778393808098436e-05 1.6160783939349778e-06 1.2342850421530332e-06 1.0563910207101505e-07 1.3146380057282989e-05 1.0637954230790224e-06 4.1549044224625385e-07 4.667285998198396e-08 9.011282855377191e-07 1.167229663221148e-06 1.186687838890537e-06 1.2663447753005848e-06 0.0 0.0 2.7446026279396635e-05 2.8277380098224783e-05 3.870334391445081e-05 1.6306459388431835e-05 7.318103855446436e-06 0.00012504077072323532 0.0004857210739549787 2.6013565797029996e-06 5.6726488414429904e-05 2.6652082766832484e-06 0.0 8.960292946524514e-07 7.934297161599159e-07 7.121657684315888e-07 0.0 1.2107638404498598e-07 0.0 3.743073166787634e-07 1.2229926357954005e-07 4.404369432417389e-06 6.282309986677238e-07 6.034818193702835e-08 6.0762469870719205e-06 2.937210919978402e-07 0.0 2.083969287590576e-07 1.214198753212313e-05 0.0 0.0 3.063486415018807e-07 1.9823315798806625e-07 0.0 1.4779805749538876e-06 0.0 2.7624729036368087e-07 1.3982486558223676e-06 2.6925685554584835e-07 2.33617434094221e-07 1.9919436717094575e-06 2.4763122554535633e-06 1.0295247222363192e-06 6.008185666140628e-06 0.0 0.0 0.0 0.0 0.0 0.0 0.0 0.0 0.0 0.0 0.0 0.0 0.0 0.0 0.0 0.0 0.0 0.0 0.0 0.0 0.0 0.0 0.0 0.0 6.273534690965067e-07 2.6853324996102396e-07 0.0 0.0 0.0 0.0 0.0 0.0 0.0 0.0 0.0 0.0 0.0 0.0 0.0 0.0 0.0 0.0 5.638185746459709e-08 0.0 0.0 0.0 6.718180996239191e-08 6.64679030216094e-08 0.0 0.0 0.0 3.926570576636785e-07 0.0 0.0 0.0 0.0 0.0 0.0 0.0 0.0 0.0 1.046730733295992e-06 9.51931989779032e-08 0.0 0.0 2.8230090249711614e-07 7.096553205547413e-07 7.201554016936146e-08 0.0 0.0 0.0 0.0 0.0 1.2817749225421125e-07 0.0 0.0 0.0 0.0 0.0 0.0 0.0 0.0 1.3184231858069322e-06 8.193148996323909e-07 8.022780514632077e-07 6.171367981111849e-05 1.6612350850055017e-06 6.642573173559856e-05 3.202353356456475e-06 2.1860309574296452e-05 6.7583950992839115e-06 5.465545417991012e-07 1.1787193262223518e-05 1.8055021047382995e-06 0.0 6.175494283038244e-07 0.0 1.9930542578686733e-07 0.0 8.342391781863949e-08 0.0 2.537691010799443e-06 0.0 4.253058879810293e-06 1.3927959684423045e-06
8.387586867829558e-07 5.50605768737218e-06 9.275344575478774e-07 2.652623841712564e-06 4.641194434723945e-07 6.598567920306693e-05 1.318895243601183e-05 5.229872917333792e-07 2.3240640850518405e-06 0.0005374101880964994 2.926758674711922e-05 0.0 0.0004321706015849426 0.00021486475373291218 9.669214159236304e-06 7.766761734193378e-06 6.913580823565991e-07 1.6328350529123896e-07 0.0 0.0 1.8807061177186847e-07 6.090987841774405e-08 6.890959299718481e-08 4.42578202304883e-07 2.622268437973968e-07 9.011103424084527e-07 1.6208695793667245e-07 1.2723608004049406e-06 4.326899733701442e-08 7.04790002786795e-08 3.2002887145552987e-06 1.273171043241408e-06 0.00012965318942565244 0.0 2.3672849208189015e-07 4.7530854502702745e-07 1.3305982470078239e-05 6.21992215991414e-06 3.275627224470508e-06 2.4435863432386925e-06 9.282190984794795e-07 1.4052241748825062e-06 3.1643106866955513e-07 3.8231034776077e-07 0.0 0.0 1.5843758366335665e-05 4.527234006615056e-07 1.484818012705275e-07 1.4471436150427307e-06 5.965553675404134e-07 8.133848909984289e-07 3.7581920815229893e-07 2.5299851383473356e-07 2.6655548767129374e-07 5.948668680533202e-07 9.844557654144407e-07 5.343379426791502e-06 1.180493870667745e-06 3.226151056679333e-06 5.174089029533743e-06 7.012814802498928e-05 0.0 5.0443502129100596e-06 1.466426432764914e-07 9.516032308323769e-07 5.211876298833612e-07 8.704964853256706e-07 1.967345142415107e-06 4.010531920940441e-07 2.7179028329889756e-05 1.3355080467286452e-06 8.282264440730468e-08 4.926424459531436e-06 7.4863603500370005e-06 9.240639727442496e-06 7.832028863445612e-06 2.887249360777084e-06 1.312177037943771e-06 2.316261489778749e-05 7.37155870380806e-07 2.8861613642522684e-05 5.284910234894712e-07 0.0 2.966752496506604e-07 3.048372687633619e-07 1.4167560752446563e-06 0.0 4.0067183681823567e-07 2.925704271806942e-07 1.389170376341177e-07 6.55340872995385e-07 7.029007783597938e-06 2.0806038325964746e-06 4.09544888569496e-07 9.175138675910052e-05 4.875480067550509e-06 0.0 3.4071729567305904e-06 1.2778585101577196e-05 6.05024171644308e-07 4.6414876900854404e-07 2.174563853874164e-06 1.3140515336978384e-06 1.0487050685330707e-07 3.604996514746381e-05 3.183807440092864e-06 1.9367507387458372e-05 2.6932588863179493e-05 1.0243495066418866e-05 4.7046619488973514e-06 3.239206323188704e-05 3.399208072231173e-05 2.0180200796175673e-05 5.3317964242271245e-05 4.200617520617378e-08 5.9468092706138827e-08 0.0 0.0 0.0 0.0 0.0 0.0 0.0 0.0 8.570792510491448e-08 0.0 4.957497575684912e-07 0.0 0.0 2.1252227102566828e-07 1.5931086245622718e-07 0.0 0.0 1.6724440430562658e-07 7.106765439775127e-07 0.0 2.1541854295293537e-07 0.0 5.491678803413203e-06 0.0 1.0506248217913832e-06 9.509814418763236e-07 3.9390201745185365e-07 0.0 0.0 0.0 0.0 0.0 3.520656599328302e-07 0.0 3.7365648281370106e-07 4.5305086277061904e-07 0.0 0.0 1.4477351770542446e-07 2.9809231891429735e-07 2.5957006587464734e-07 1.5828290398209106e-07 4.884388338007863e-07 0.0 1.894219207423217e-07 2.3344614949247424e-07 0.0 7.406871887705371e-08 4.842558056491617e-07 8.040363169833142e-06 0.0 0.0 1.4214507887190747e-07 0.0 0.0 0.0 4.6578173833729104e-08 0.0 1.554978454408653e-07 1.3964519788246586e-05 9.118395556072888e-07 0.0 0.0 0.0 1.3523279658665379e-05 0.0 1.892827267044405e-06 9.66305112377783e-07 1.311452858348887e-07 4.481005277349755e-08 0.0 3.9552172927419003e-07 0.0 0.0 0.0 0.0 5.398367319960338e-08 5.894920036815431e-08 0.0 6.842052367073468e-08 3.0212805872085546e-05 6.754941790987224e-06 4.088452923372851e-06 7.392617826698349e-05 8.448198758491765e-07 3.6558103755642056e-05 6.721481366996397e-06 0.00010317367609492033 3.080223570409976e-06 0.0 9.569802037344392e-06 5.288705091932562e-06 6.228706461206353e-08 2.2293934010531855e-06 4.98888737956609e-07 1.04689579988062e-05 4.849998757555879e-07 0.0 2.6102786434094864e-07 1.6046532509400368e-06 0.0 0.0002508085593765331 3.774728000892701e-05
