0.0 0.0010976172083555149 0.0001984243017733022 0.0002267986763428723 6.808292546249672e-05 5.246616942773011e-05 0.00013799613654444273 3.668285553294571e-05 1.2165294946717499e-05 0.0002159267589826857 6.836785071226901e-05 4.777022823484825e-05 3.3416992299414214e-05 9.373048627295991e-05 3.787727795378702e-07 2.5788239686811696e-07 0.0 0.0 0.0 0.0 0.0 0.0 0.0 4.510215327701772e-08 2.1623075123348825e-07 8.206735701003632e-08 1.2515461033466526e-07 9.181320201773796e-08 0.0 0.0 0.00036293040150712407 8.623477391521626e-07 1.5655583569773627e-06 6.425946367842428e-08 5.930793220417522e-08 0.0 1.4222304825011057e-06 1.0092865951527184e-07 2.8419348793801863e-07 1.1786168700813249e-07 1.2226004079155184e-07 2.8439140951507443e-07 0.0 4.942319230476945e-08 0.0 0.0 3.7161093188904375e-06 2.4417098756379066e-07 4.112395581227877e-08 0.0 1.4112258795825136e-07 1.1311692674139492e-07 0.0 0.0 1.4234879461972652e-06 1.8212123929945728e-06 0.00013986366379615105 0.00017621893487586236 1.1834134677288836e-05 7.361297979139186e-06 1.4092393765668504e-07 4.264485137856098e-07 5.174291771990652e-07 2.904392224833496e-07 4.975864955657236e-07 3.880192412981083e-07 9.500774663325766e-08 0.0 4.4546653578407644e-07 5.6343131107636436e-08 8.863977578023502e-06 9.269112266963737e-08 0.0 5.685600273681046e-05 4.258377461626734e-06 5.255929283560917e-06 2.401335273069586e-07 1.735260899364717e-07 5.685915900589977e-07 8.510648806494554e-06 6.528108005910309e-08 3.518009393797947e-07 1.779139057804894e-06 1.971774152452419e-07 2.9716764665505726e-07 8.070907573529582e-07 1.1229648787888489e-07 8.173906953294748e-08 3.5300161503229904e-07 1.8180182360604926e-07 3.217794133792976e-08 0.0 5.127073484352245e-07 0.0 0.0 8.574581547996139e-05 9.965712414881401e-06 0.0 1.2094619830342177e-06 0.0005000034465451585 6.089572963584938e-08 0.0 0.0 0.0 5.486684601545931e-08 0.0 1.143079027791746e-06 0.0 1.964360062644074e-06 1.1836245483216605e-07 0.0 0.0 1.2330602163900496e-06 0.0 0.0 0.0 0.0 0.0 0.0 0.0 0.0 0.0 0.0 0.0 0.0 0.0 0.0 0.0 0.0 0.0 2.0474847814294786e-07 0.0 0.0 0.0 0.0 0.0 0.0 0.0 0.0 8.306015962356934e-08 0.0 0.0 0.0 0.0 0.0 0.0 0.0 0.0 0.0 0.0 0.0 0.0 0.0 0.0 0.0 0.0 0.0 0.0 0.0 0.0 0.0 0.0 0.0 0.0 9.51069948307325e-07 0.0 0.0 0.0 0.0 0.0 0.0 0.0 0.0 0.0 0.0 0.0 0.0 0.0 0.0 0.0 0.0 0.0 0.0 0.0 0.0 0.0 3.4035886273325425e-07 0.0 0.0 0.0 0.0 0.0 0.0 0.0 0.0 0.0 0.0 4.199988558881545e-07 0.0 1.5966345863662143e-07 2.0049097299079432e-05 1.336582852417644e-06 2.312847329606227e-05 3.1889165449545942e-06 0.00041083735364093397 3.762519617195872e-06 1.948419406359836e-07 1.022844503011252e-06 1.165864161998338e-06 0.0 0.0 0.0 9.71860808380074e-07 0.0 0.0 0.0 1.1902305584351936e-06 0.0 0.00012406583629171684 6.80488497884481e-07
0.0010976172083555149 0.0 0.0009093821969208214 0.0007112119229735784 0.0009110541899523532 7.196409131733853e-05 0.0011085531055415507 0.00032366480570297746 0.0008030546141607426 0.0004939117885812379 0.000687475034966109 3.2642606803029485e-05 0.00038065186819632107 0.0010840377590215135 3.40234286986692e-06 1.2667903088714975e-06 3.7217428694638733e-07 1.5804093893947028e-07 8.491467314098989e-08 1.8986281965176646e-07 4.276270332980967e-07 0.0 8.130563002388942e-08 9.845612640007592e-08 3.592591225593321e-06 6.204593324577593e-07 3.6831102391144673e-07 5.94007600472226e-08 0.0 0.0 0.000595852092313667 8.509388229687284e-06 5.635896669933566e-06 9.75097930911294e-08 8.364983591874293e-07 1.5885227603284392e-06 1.7447385737525494e-06 4.155548839503768e-07 6.097831219525853e-07 7.735903151137543e-07 1.84984462612006e-06 6.189854725607529e-07 2.395054483960401e-07 6.899615434142224e-07 4.850455635701857e-08 3.9034501804158067e-07 2.5498186012062577e-05 3.982670183401215e-06 4.350620579041796e-07 7.430279035474709e-07 2.6946427493965253e-07 3.6193295008010824e-08 0.0 7.213770465308833e-07 8.275347177416401e-06 1.1299824136249807e-05 0.0001390392585881517 0.0003336401944921015 2.702784620162889e-05 5.003436211950803e-05 1.7498600758465286e-06 1.7095599460082847e-06 1.5008356168935218e-06 8.157800634610086e-06 2.8991566248854564e-06 1.4997368548212616e-06 1.0910803190239544e-06 5.590841720515442e-07 1.6361114440610509e-06 1.9717406981675903e-06 5.062913957953192e-06 0.0 5.279653968108712e-08 0.00023633721430901502 3.857320913260403e-05 5.234204643479128e-05 3.2461152219567595e-06 1.0278519713789281e-06 3.029600921101332e-06 7.239557211401885e-05 9.99972545651579e-07 6.622734160325982e-06 1.0349198234765514e-05 8.334021574020524e-07 1.3999026579036382e-06 8.780755953452687e-06 1.3895919027404873e-06 2.666851295292086e-07 2.024817852168288e-06 0.0 7.148234958374128e-07 4.058531763288281e-08 1.6473004871532544e-06 2.6817597453710583e-07 2.0980547062835864e-07 9.760443260160793e-06 2.4662665158103752e-06 3.050076730249001e-08 2.0560085554330474e-06 0.0002750787150625879 5.057228009172553e-08 0.0 3.3818455866653747e-07 0.0 9.40528522687616e-08 1.2246098161999958e-06 1.2417996811891386e-06 5.884553726392658e-07 6.8287957242495265e-06 9.583287556671735e-08 4.898358720337287e-07 1.1504224896205319e-06 2.2603113631547525e-06 9.04667304524149e-07 1.7416238885986878e-07 0.0 6.18650381711634e-08 0.0 0.0 0.0 0.0 0.0 0.0 0.0 0.0 0.0 0.0 0.0 0.0 0.0 0.0 0.0 7.352045620540205e-08 0.0 0.0 3.1759805626572125e-07 0.0 0.0 0.0 0.0 0.0 1.0109334017803559e-06 0.0 3.670430170290688e-07 0.0 0.0 0.0 0.0 0.0 0.0 0.0 0.0 0.0 0.0 0.0 0.0 0.0 0.0 0.0 0.0 0.0 0.0 0.0 0.0 0.0 8.328267594434482e-07 5.148538006511492e-07 0.0 0.0 0.0 0.0 0.0 0.0 0.0 0.0 0.0 2.7359907238680305e-06 0.0 0.0 0.0 0.0 3.5194504610919795e-07 0.0 3.339482382354801e-07 0.0 0.0 0.0 0.0 0.0 0.0 0.0 0.0 0.0 0.0 0.0 0.0 0.0 2.1005965032060577e-06 7.537610478412022e-07 1.754250235851552e-07 9.049252990017613e-05 9.810238670371042e-06 0.00021009356900699051 2.2643568358833223e-05 0.0002485814834949193 1.530360921144972e-05 1.3924912906100644e-06 1.803028490349597e-05 4.065938350149066e-06 8.124971644964665e-08 0.0 0.0 7.656205437171614e-07 0.0 0.0 0.0 8.344510146708936e-06 0.0 0.00013690379377724694 4.309374949555444e-06
0.0001984243017733022 0.0009093821969208214 0.0 4.5912278690998776e-05 0.0006010987865589533 3.2169126919442415e-06 1.4907592617989742e-05 0.001569212456737437 0.0009209444209279463 2.9210857934522016e-06 0.0019226662398280979 2.8682165562139455e-06 3.248941862715901e-05 0.0007197860038645164 3.209124098950351e-06 1.5839572225678177e-06 3.680724453365003e-07 1.3333003944771758e-07 1.0901096055077839e-07 2.240380316387266e-07 3.634309540775968e-07 0.0 0.0 0.0 4.139436501554651e-06 1.0395007725946114e-06 6.846987066588778e-07 5.496946383507078e-07 1.797686530727329e-07 3.9968111874640826e-07 0.0013231025807405848 0.00035092845282657016 1.045913852311006e-05 0.0 1.4997916170107783e-06 1.313097329424404e-06 1.8614077409928988e-06 7.752611084373799e-07 2.5120098533799086e-06 9.066311995905979e-07 8.656714487297222e-07 5.592875328283465e-07 1.3767842604889993e-07 5.399363204942842e-07 6.004034697561116e-08 2.861886365412744e-07 2.667515889422267e-05 3.189504205889262e-06 5.321688022132376e-07 5.526401340775141e-07 9.461841536137207e-08 5.766648199317971e-07 6.605770508914291e-08 1.5720406879669713e-07 6.380506987096027e-06 7.353410031845529e-06 5.609581123733496e-05 0.00027167247158401233 1.5068527429811694e-05 3.931445123261073e-05 3.84562500729236e-06 3.7292751438133335e-06 2.038281084138416e-06 6.521101321782138e-05 3.0595061310103584e-06 1.2524340599925107e-06 1.0714531678667407e-06 1.801013333011711e-07 1.6559155732528884e-06 2.269887316244971e-06 3.830201838687325e-06 7.298740297065471e-07 0.0 0.00016859034350375998 5.278049488424053e-05 5.2623098662449976e-05 1.0041622300458818e-05 1.6079742451551484e-06 2.9112693883820653e-05 0.0004234363097484716 1.6543464486580717e-06 2.3337908090766215e-05 9.504830125992906e-06 5.591788246207658e-07 1.6274846109223072e-06 6.771313850328086e-06 1.1602908186439605e-06 2.9438451366409176e-07 1.4492548957602676e-06 7.432830853816648e-08 5.621340065537661e-07 0.0 1.8768294346595246e-06 4.125176680417793e-07 1.2521677053541216e-07 1.3387537722877337e-06 5.964341481559106e-07 0.0 2.4937351041480845e-06 2.9892480657128337e-05 0.0 1.3818483420064484e-07 0.0 0.0 0.0 0.0 0.0 0.0 0.0 1.228576356987465e-07 0.0 0.0 3.8407878884811596e-07 5.371209749650556e-08 0.0 0.0 0.0 0.0 0.0 0.0 0.0 0.0 0.0 0.0 0.0 1.0535234376267666e-07 0.0 0.0 0.0 0.0 0.0 0.0 1.751466741413229e-07 0.0 0.0 0.0 0.0 0.0 0.0 2.5220542014365056e-07 0.0 0.0 3.8769477816725065e-07 0.0 0.0 0.0 0.0 0.0 0.0 0.0 0.0 0.0 0.0 0.0 0.0 0.0 0.0 0.0 0.0 0.0 4.993762517082418e-08 0.0 0.0 0.0 0.0 0.0 1.4546296150471604e-07 0.0 0.0 0.0 0.0 0.0 0.0 0.0 0.0 0.0 8.029233159626349e-07 0.0 0.0 0.0 0.0 0.0 0.0 0.0 0.0 0.0 0.0 0.0 0.0 0.0 0.0 0.0 0.0 0.0 0.0 0.0 0.0 2.511031223000656e-07 0.0 0.0 6.272708597896662e-05 5.193227261565956e-06 0.00015187309290084805 1.2244529086958409e-05 4.6477759175398696e-05 6.673329602197551e-06 4.203291138363196e-07 1.4292763271185111e-05 3.444472345992889e-07 0.0 0.0 0.0 0.0 0.0 4.4615747155637416e-08 0.0 6.209790599446176e-06 3.6730099716538316e-07 4.923090812012273e-05 4.0485643860293815e-07
0.0002267986763428723 0.0007112119229735784 4.5912278690998776e-05 0.0 5.363522187022806e-05 0.00015406549854270397 0.0007484847618220785 4.4298518218740526e-07 1.1279204473968863e-05 0.0016643116200328978 6.4181578943593586e-06 0.0003902628658318886 0.0005222038639894462 8.274351219717229e-05 1.744161948621869e-07 0.0 0.0 0.0 0.0 0.0 0.0 0.0 0.0 0.0 0.0 0.0 0.0 0.0 0.0 0.0 3.1858721834649364e-05 0.0 9.648634323958217e-08 0.0 0.0 0.0 3.977924980069976e-07 0.0 9.962489557861197e-08 0.0 0.0 0.0 0.0 0.0 0.0 0.0 1.7826944289043457e-06 4.759907971647857e-07 0.0 0.0 1.0092954564427663e-07 0.0 0.0 0.0 7.899538968698125e-07 1.0202217943489294e-06 2.704818209275564e-05 2.6046845841204065e-05 2.2029262813376956e-06 3.1970582370377077e-06 6.645571692739779e-08 4.441040424816654e-08 3.105874583039502e-08 0.0 1.410563235810612e-07 5.362869060393012e-08 4.5675918892718475e-08 0.0 0.0 0.0 1.6288292329848227e-06 0.0 0.0 2.0995944306337712e-05 2.7822687994833793e-06 2.8903375279867565e-06 2.7884978899608905e-07 0.0 6.056269087495199e-08 2.50625079021168e-07 0.0 3.510248477760965e-08 1.0668616845986465e-06 0.0 8.896930214728969e-08 9.142538678432401e-07 1.4162733461811226e-07 0.0 1.742973078306435e-07 0.0 0.0 0.0 9.754324446106007e-08 0.0 0.0 7.577983203786004e-06 2.893014479986744e-06 0.0 1.9155779496954906e-07 0.0001448074143144391 4.963635588368718e-07 3.8046318633595147e-06 2.0345938879409706e-05 2.0144216415222178e-05 3.722336459301158e-08 4.858331142793647e-05 8.9712852179034e-06 2.428875615120478e-05 4.7654127682598755e-05 3.69382707980047e-05 4.5751463139315324e-07 8.636295704048887e-05 3.879634482548996e-05 3.042404768155569e-06 2.3314590457155503e-07 0.0 0.0 0.0 0.0 0.0 0.0 0.0 0.0 0.0 0.0 0.0 0.0 0.0 0.0 0.0 0.0 0.0 0.0 0.0 1.1206181526731484e-07 0.0 0.0 0.0 0.0 6.141332808117773e-08 0.0 0.0 0.0 0.0 0.0 0.0 0.0 0.0 0.0 0.0 0.0 1.5253603709963088e-06 5.895867320163299e-07 1.0106103086515781e-07 0.0 0.0 0.0 0.0 1.606755112368242e-07 2.219159217363509e-07 2.8725162698476215e-07 5.137112888741764e-07 9.02889630634015e-07 1.5625631010260802e-07 0.0 0.0 4.032886781804051e-07 0.0 5.707951597020566e-08 0.0 4.32094691697364e-08 0.0 0.0 0.0 0.0 0.0 5.737212101440244e-07 0.0 0.0 0.0 0.0 4.6768201438120714e-07 5.208592834700578e-08 0.0 2.2830310753896887e-06 8.408900524288222e-07 3.8971069250415807e-07 0.0 0.0 4.190253965380285e-08 2.484998851566638e-07 0.0 0.0 5.741697954633089e-08 0.0 0.0 0.0 1.3332967683440114e-06 0.0 0.0 1.4322310458742125e-05 1.101968101573715e-06 1.5918577179145636e-05 1.5555487661650192e-06 0.00023150981086173366 2.4532978866549225e-06 0.0 1.8285441311034336e-06 8.117039773072418e-06 0.0 3.5458696074323004e-06 3.4604496891838845e-07 4.530095279221478e-06 4.22700010286585e-07 1.38499421656936e-07 4.7222149878312893e-07 7.91653777961e-08 0.0 8.401477042969876e-05 2.224580006613957e-06
6.808292546249672e-05 0.0009110541899523532 0.0006010987865589533 5.363522187022806e-05 0.0 2.8484760796506527e-06 0.0004996835583584373 7.642235626236715e-05 0.0023899211350182884 0.00010786285241150105 0.0005717702934104266 7.561216873482369e-06 0.0002885411109699993 0.0007290919482642877 4.636002086145019e-06 6.932435874391689e-07 1.291476125665598e-07 5.5380276156587545e-08 4.5144151128007665e-08 7.546675694726902e-08 0.0 0.0 0.0 0.0 2.415347362851645e-07 7.274045863832758e-08 0.0 2.915324287599414e-07 0.0 0.0 3.297239814306086e-05 8.13918290972994e-07 1.7049788164580362e-06 0.0 1.1443300903718052e-07 1.1974337611999916e-07 2.3271134574164884e-06 1.254929775291835e-07 3.8823594064835105e-08 2.7863746490780742e-08 2.046841988113244e-07 1.4069139875048177e-07 3.452136778904678e-08 4.583876404418517e-07 2.0791514467359333e-07 4.2541085672100575e-07 3.949069979650992e-05 3.587255872004486e-06 9.253218785389411e-07 6.462398392115553e-07 2.5421325438318537e-07 8.991766131037542e-08 0.0 6.337285663035955e-08 6.565751416055875e-06 7.870316637783207e-06 2.1749598951655686e-05 6.622554466772341e-05 1.1960499634907709e-05 4.422783011357955e-05 8.070165877722779e-07 3.499869487749548e-07 9.201674351821884e-08 6.262090784458866e-06 2.5235894636607677e-06 1.1864800873799907e-06 9.673346363175106e-07 2.8884585176661906e-07 4.215483165807794e-07 2.355052755149621e-07 1.538468557016811e-05 0.0 4.200803272884301e-08 0.00010611110229244485 3.2945720165434e-05 5.674244174867152e-05 5.61826926708872e-06 1.5601473064012734e-06 6.454980734472003e-07 1.7269663441984817e-06 3.0756955359488115e-07 6.786802991820506e-07 1.0684432971996551e-05 5.133746239801145e-07 1.298947440752305e-06 5.229563188364962e-06 8.854111703344224e-07 2.928183156269093e-07 1.8852099764031025e-06 0.0 1.6721024334853503e-07 1.2204366499499182e-07 2.4801563897473267e-07 1.1246764194722047e-07 3.7216948902421006e-08 3.0240223804837457e-05 2.035353838588251e-06 0.0 2.5262560765173997e-06 7.5789814893227524e-06 0.0 0.0 0.0 3.16424215164592e-07 3.841506818934253e-07 9.280390823659917e-07 1.1127285846961826e-06 1.0678933428030802e-06 1.5013519794220804e-06 8.823996492520653e-07 1.5936296063150638e-06 1.732959925488684e-06 6.050900731430732e-06 1.8626846645483874e-06 8.894233176166573e-07 0.0 0.0 0.0 0.0 0.0 0.0 0.0 0.0 0.0 0.0 0.0 0.0 0.0 0.0 0.0 0.0 0.0 1.3390322208380998e-07 0.0 0.0 2.318428985083861e-07 0.0 0.0 0.0 8.794661658200904e-07 1.1538835870875076e-06 1.4256532432290323e-06 3.2589566333020644e-07 0.0 0.0 0.0 0.0 0.0 0.0 0.0 0.0 1.4615029446303353e-07 0.0 0.0 0.0 0.0 0.0 0.0 0.0 0.0 0.0 0.0 0.0 1.0522858885140301e-07 0.0 0.0 1.8357373998957044e-06 0.0 0.0 0.0 0.0 0.0 0.0 0.0 0.0 0.0 6.844711977007359e-06 4.405686034550248e-07 1.2499192404514188e-07 0.0 0.0 2.2610022289694971e-07 0.0 7.953638601889324e-07 0.0 0.0 0.0 0.0 0.0 0.0 0.0 0.0 0.0 0.0 0.0 0.0 0.0 5.3820525815576115e-06 1.6655042236389779e-06 7.412821652802857e-07 0.00017415384762271106 8.276035113758613e-06 0.0002323261420557526 2.5189696787731137e-05 8.166303644628945e-05 8.654035506528197e-06 9.63489745884929e-07 3.6942271489737626e-05 8.144861574180373e-06 1.140520435226756e-07 0.0 0.0 1.8398975948494954e-06 0.0 0.0 0.0 1.2066895098253919e-05 6.872004936908236e-07 5.960437882165061e-05 1.1793537860383177e-05
5.246616942773011e-05 7.196409131733853e-05 3.2169126919442415e-06 0.00015406549854270397 2.8484760796506527e-06 0.0 2.90356771560736e-05 1.165285350694126e-07 2.401819513421721e-06 0.00023913557285598768 2.8126837026342443e-07 7.882089149603713e-05 4.340250422920386e-05 7.541519085600905e-06 1.8370231964008332e-07 2.4442278811625587e-07 1.6702553500430394e-07 0.0 0.0 0.0 0.0 1.327127934638826e-06 0.0 0.0 2.2328379011075174e-07 0.0 0.0 0.0 3.682202743907033e-07 0.0 2.159520181890737e-06 0.0 3.3283617898133193e-06 0.0 0.0 0.0 4.226799965966284e-06 1.2371596823580324e-07 3.647512997032587e-06 7.528977599774737e-08 1.3690352663850103e-07 4.2419152863593e-07 0.0 5.6849431408153794e-08 0.0 0.0 4.7564912156098954e-07 0.0 0.0 0.0 0.0 6.427720812025533e-06 1.528167000980391e-06 0.0 0.0 9.043802978331315e-07 0.00010291168035292525 1.5457917104594481e-06 3.175225382532068e-06 0.0 1.5972409084781464e-06 2.97560479302471e-06 4.85941090206259e-07 0.0 0.0 0.0 1.077757929097423e-07 8.130064554823751e-08 0.0 0.0 6.960869387841032e-05 0.00010674805534811157 1.2960515405582355e-05 2.0048938652838594e-07 1.0645257785844781e-07 2.019116556449457e-07 0.0 0.0 0.0 5.759458661595195e-07 0.0 2.228689050936906e-06 0.0 1.609338268779032e-06 0.0 1.9790267860582145e-06 0.0 3.058187603115116e-06 5.362074561208179e-06 1.1766535617838523e-05 1.1816928045806157e-06 1.593499289968297e-06 0.0 1.1013984226450692e-07 7.5503280619736e-08 0.00023051179992878337 0.00010158218077562225 3.732786205547648e-06 4.4803852113961014e-05 9.588848806114139e-05 0.0 9.71656159218337e-07 5.683661285252405e-07 0.0 0.0 2.687981974178578e-06 3.036635144311734e-06 1.4578872234818205e-06 7.595313100477087e-07 3.592019028192767e-06 1.8219582454459824e-07 2.0707627491076338e-06 5.6247285004262415e-06 1.1521095218411495e-06 2.244212649439082e-07 0.0 0.0 0.0 0.0 0.0 0.0 0.0 0.0 0.0 0.0 0.0 0.0 0.0 0.0 0.0 0.0 0.0 0.0 1.3838332709771687e-07 0.0 0.0 0.0 0.0 0.0 6.138988880304191e-07 0.0 7.653139372517094e-07 7.701571511147157e-07 1.0944891815180168e-07 0.0 0.0 0.0 0.0 0.0 0.0 0.0 0.0 0.0 0.0 0.0 0.0 6.9641566402058e-08 0.0 0.0 0.0 1.3381712182544361e-07 1.0161486149314895e-07 0.0 1.0422747294865403e-07 0.0 8.178766671310467e-08 0.0 0.0 0.0 0.0 5.5950768341787086e-08 0.0 0.0 0.0 0.0 0.0 3.7557254562435198e-06 1.6207824179180802e-07 0.0 0.0 0.0 0.0 0.0 7.458106634314869e-07 0.0 0.0 0.0 0.0 0.0 0.0 0.0 3.2869980690625914e-07 0.0 2.1865457640240134e-07 0.0 0.0 0.0 4.927398083102105e-06 0.0 0.0 0.00010841399502253924 2.438414052889916e-06 9.847867838324772e-07 0.0 9.935992665360301e-05 2.31462819122886e-06 2.1403963403486488e-07 2.340461883212331e-07 3.09312730016475e-05 1.0788522692693535e-07 0.0 0.0 8.127186431135393e-06 1.186483596917233e-07 0.0 0.0 1.0117084090419822e-07 0.0 2.992521490967249e-05 8.12656904990029e-06
0.00013799613654444273 0.0011085531055415507 1.4907592617989742e-05 0.0007484847618220785 0.0004996835583584373 2.90356771560736e-05 0.0 1.986110600429006e-06 0.0008779118373555868 0.0017707123218239978 5.342541884228427e-05 6.00304429332569e-05 0.0022691205556875445 0.0014367069596436717 4.820695135906128e-06 8.822573701637345e-07 2.6827648313649403e-07 0.0 0.0 0.0 1.1485112201233344e-07 0.0 0.0 0.0 1.745375683017602e-07 4.344296999229352e-08 1.0515209318208526e-07 6.997061758243387e-08 0.0 6.174571973470975e-08 2.6702902949170047e-05 4.353561565421332e-07 1.3201735592304901e-06 1.8408442779462073e-07 1.9886134601434313e-07 3.698124966376053e-07 1.0530700194065283e-06 6.743681331039391e-08 0.0 9.065803666836423e-08 1.292831669851077e-07 2.2316890231932202e-07 3.958782494840011e-08 3.150944066139264e-07 4.931902550833847e-08 8.54194256306469e-08 2.936577828563909e-05 3.4519418450981156e-06 6.495485166599116e-07 4.586397849522859e-07 1.6122401343119447e-07 0.0 0.0 7.565724553431754e-08 5.99255427543083e-06 7.869308706848835e-06 3.2776227175066884e-05 7.547959811959266e-05 1.4275367066393367e-05 4.34295155866347e-05 4.926524418201344e-07 1.3193702832876519e-06 4.908596162899781e-07 3.2409450002569046e-06 2.497215186346008e-06 5.268987481703404e-07 1.1651226148513362e-06 4.509297542904248e-07 6.802727895995727e-07 1.155431829352751e-07 1.7651458612259843e-05 4.371784662659849e-07 0.0 0.00011921924769967272 3.25284480276001e-05 4.495388545778691e-05 3.946517568710279e-06 1.8012648362445758e-06 1.9531455054493085e-07 2.466086582069137e-06 3.890561346594255e-07 2.349910274534433e-06 8.479034116735085e-06 3.948627106657399e-07 1.4574951055674064e-06 6.411988530142728e-06 6.844212112801716e-07 2.0348650218461898e-07 9.221499156385534e-07 0.0 4.4954065379868576e-07 0.0 4.85939061437222e-07 1.9841666374353687e-07 3.748756803664574e-08 3.9324051463886746e-05 4.833982109821449e-06 0.0 5.793647442432542e-07 3.360820847416303e-05 1.6917896840103958e-07 5.375096941083527e-07 5.759489005683815e-06 4.173087979235901e-06 8.577130862440661e-07 2.0382960264887587e-05 4.2126663424252576e-06 2.5591085334239765e-05 4.6872495114233704e-05 1.1698548043287774e-05 3.4669394006953357e-06 1.6888993020098098e-05 1.744351281160354e-05 5.773571251231948e-06 4.514467114581838e-07 0.0 0.0 0.0 0.0 0.0 0.0 4.803082246338633e-07 0.0 0.0 0.0 0.0 0.0 0.0 0.0 0.0 0.0 0.0 0.0 0.0 6.857285517967291e-07 0.0 4.2903722016227193e-07 0.0 0.0 2.1639839343266272e-06 3.871152964364894e-07 2.6159573853503997e-06 4.156096082462185e-07 0.0 0.0 0.0 1.1050127796213005e-07 0.0 0.0 0.0 0.0 3.341847472328167e-07 6.873495732362867e-08 0.0 0.0 0.0 0.0 3.1066052896806846e-07 2.5155396958023085e-07 1.1228008283270417e-07 0.0 1.9691330799324313e-07 3.3985545401159466e-07 2.5258373893073326e-07 5.821073076832705e-07 1.2393218371297103e-07 3.6488362849563324e-06 0.0 4.478755707603245e-08 0.0 4.5918893133912334e-08 0.0 0.0 0.0 0.0 0.0 1.701005520394355e-05 0.0 0.0 0.0 0.0 1.5783356959488054e-06 0.0 2.985624195383863e-07 6.612890147382021e-07 5.548533607777862e-07 1.1396596075369753e-07 0.0 0.0 0.0 0.0 0.0 0.0 0.0 0.0 0.0 0.0 1.1530421434697063e-05 8.648547147026235e-07 2.718924100768106e-06 0.00017128848134416444 6.73482854374912e-06 0.00022815884061259899 1.9209885134836067e-05 0.0001531194858550527 1.0188878314855741e-05 1.0822313823139982e-06 2.742385799425179e-05 2.925236714366382e-05 9.590899521418768e-08 1.1443644686793133e-06 3.757205839682344e-07 7.766703004468537e-06 1.737407780070654e-07 0.0 0.0 1.126685132844989e-05 1.1091766240274399e-06 0.0001099136158935674 1.8325095455742992e-05
3.668285553294571e-05 0.00032366480570297746 0.001569212456737437 4.4298518218740526e-07 7.642235626236715e-05 1.165285350694126e-07 1.986110600429006e-06 0.0 0.00023911492596272922 4.52817733752266e-07 0.001850116063588591 1.722881280741725e-06 5.2654190431160284e-06 0.0008886837741414204 6.668923413168193e-06 3.5622245261113774e-06 2.3210678714303173e-07 4.936483313106939e-07 3.756686200808386e-08 3.101051927952386e-06 4.094366071113022e-06 0.0 6.674923929000839e-07 6.959462838186636e-07 2.020107731966903e-05 3.6089409295198013e-06 2.9455179645633764e-06 1.4744713260194544e-06 1.8120849027979213e-07 3.8271062898391095e-07 0.0010055433672810218 0.0009561789531461412 1.1656917880451716e-05 9.333862937600618e-07 1.0070105821315998e-05 8.823400022764106e-06 2.813817568823625e-06 3.802759947900783e-06 3.6358466597902825e-06 3.6798103559135037e-06 1.2000134672459694e-05 3.1923662626596137e-06 2.420933741630066e-06 1.2916730133283184e-05 2.1175775274100788e-07 5.879884846751751e-06 3.347333626709759e-05 2.039839511057418e-06 7.365290217667791e-07 4.330528373391359e-06 2.0534304097319917e-06 6.490795270543328e-08 6.339125546680104e-08 1.1769543317489543e-06 3.231305391623244e-06 3.693684329081636e-06 2.488480759948185e-05 0.0001595352208511807 8.66304438369372e-06 2.918525645206127e-05 8.261140144208617e-05 2.5323223690647922e-05 1.6922058976379846e-05 0.00021862503947528544 1.2343148234861286e-06 9.953049135870344e-07 1.3840574004025205e-06 2.1185449441765637e-06 1.6104103452512067e-05 2.621530478315035e-05 6.720275792848423e-06 0.0 4.256205574010493e-08 8.658521459119068e-05 3.8163768156935033e-05 5.346448069428526e-05 6.850988628710262e-05 0.0001652142814858107 0.0007021485260185442 0.0006491134267239225 0.00017012381719030693 0.0004936826696228861 7.361589337772977e-06 2.552544413893185e-07 9.526759725964563e-07 3.549890254557226e-06 2.194936161037871e-06 7.54026758287124e-08 1.4926524633006581e-06 0.0 3.5120936956685294e-07 2.5196985265838155e-07 1.8471575964430717e-05 2.2100709354604212e-06 4.943411384475345e-07 5.795616217038312e-06 7.178913618989225e-07 0.0 3.9749454529085275e-06 7.352242040944772e-06 0.0 0.0 1.4195509158375744e-07 0.0 0.0 1.3299295772323586e-07 1.441938148972037e-07 1.3007224329362403e-06 0.0 0.0 0.0 0.0 1.7147924911431766e-06 9.518127692647713e-07 0.0 0.0 0.0 0.0 0.0 0.0 0.0 0.0 0.0 0.0 0.0 2.2658299414047156e-07 0.0 0.0 0.0 0.0 0.0 0.0 1.2601987449926608e-07 0.0 0.0 0.0 0.0 0.0 0.0 2.3307739863777055e-07 0.0 1.4226936306510083e-06 3.169216716644498e-07 0.0 0.0 7.554253846656647e-08 0.0 0.0 0.0 3.623719395550384e-07 0.0 0.0 0.0 0.0 0.0 0.0 1.7192488397380408e-07 3.5771336699360837e-07 0.0 0.0 0.0 0.0 0.0 0.0 1.4619809879092327e-07 0.0 7.792880575718723e-07 0.0 0.0 0.0 0.0 0.0 0.0 0.0 0.0 0.0 1.9272393607601036e-06 3.866629975370992e-07 1.2907304947464396e-07 0.0 8.264342248029227e-08 0.0 0.0 0.0 0.0 0.0 0.0 0.0 0.0 0.0 0.0 4.223480305182105e-08 0.0 0.0 0.0 0.0 5.6022445684641336e-08 4.0868514552159003e-07 1.637167992579866e-07 4.394360956081321e-07 8.216500521123117e-05 6.584287905642487e-06 0.00012657443824451908 1.491368516881317e-05 3.446030303904796e-05 4.752317623784704e-06 4.877513031032367e-07 1.5024533762706804e-05 7.132273151589697e-07 0.0 1.5111275680494033e-07 0.0 0.0 0.0 0.0 0.0 8.812824157624028e-06 6.070470937139795e-07 2.1957216450260408e-05 1.354415566106084e-06
1.2165294946717499e-05 0.0008030546141607426 0.0009209444209279463 1.1279204473968863e-05 0.0023899211350182884 2.401819513421721e-06 0.0008779118373555868 0.00023911492596272922 0.0 4.000111888585437e-05 0.0007691118158501363 7.897387144325108e-06 0.00031613819371785777 0.0007783634216883536 3.7956356572557796e-06 2.1244287125128275e-06 3.0042491404664597e-07 3.8563792117244455e-08 0.0 1.7691075294698857e-07 1.4670222457750127e-07 0.0 0.0 0.0 9.4645649253779e-07 5.56755145196755e-08 7.293028262862253e-08 1.5521415826522292e-07 0.0 8.908325425644787e-08 1.3004894393059422e-05 9.574842572362245e-07 3.7390399181689203e-06 1.0747500749568033e-07 3.2123377069990654e-07 5.526852362949188e-07 1.2768105623808783e-06 4.327719099594753e-07 3.322536564289332e-07 8.827836054519615e-08 5.196643880603709e-07 3.4448483386913345e-07 9.549244462438532e-08 5.031070646910493e-07 1.0485453747505385e-07 1.5841438401702665e-07 2.0711314807950564e-05 1.0852748127852213e-06 1.1465152728380149e-07 1.7516902266461138e-07 2.1532433453832967e-07 0.0 0.0 0.0 1.6629223148045498e-06 2.297223472019935e-06 5.729767652968791e-06 1.65254804780243e-05 4.6983533642883745e-06 1.8807866025923396e-05 2.2729026500139668e-07 1.7619643444557737e-06 4.6681396065918026e-07 2.692896442724222e-06 7.228323152081771e-07 3.890856654914896e-07 3.5919180328054055e-07 2.0525876310908872e-07 5.576719476736373e-07 5.199663685826298e-07 1.3348193117021567e-05 0.0 0.0 3.245906658378442e-05 1.2628032008549337e-05 2.8778450649158623e-05 5.435800316597582e-06 3.1557239829912866e-06 1.6591117472964135e-06 8.074342104615804e-06 2.140333436848901e-07 9.696594453148328e-07 2.76152212635005e-06 2.769550673750763e-07 8.34745324930445e-07 1.5655802711808428e-06 2.9513571495340874e-07 0.0 4.770080441132996e-07 0.0 2.0605802815222122e-07 3.443397331594978e-08 2.5274098602051016e-07 3.1562829933930986e-07 8.450054774635855e-08 3.361349407627208e-05 2.4332241119048063e-06 0.0 1.9681622090117666e-06 2.1007006554279986e-06 0.0 2.2204297048241207e-07 4.881460619152766e-07 3.5279361956760993e-07 7.908245944043639e-07 2.5660133882124553e-06 1.4761811177639851e-06 2.8726505533706232e-06 3.5374000009790475e-06 6.5043407551064046e-06 3.057554312366498e-06 3.4128428339768785e-06 1.253470144469621e-05 5.383628095608937e-06 1.0647140518490148e-06 0.0 0.0 0.0 0.0 0.0 0.0 0.0 0.0 0.0 0.0 0.0 0.0 0.0 0.0 0.0 0.0 0.0 0.0 0.0 9.336634131169203e-08 1.959413119219343e-07 0.0 0.0 0.0 2.77376408308321e-06 5.950624670948708e-07 3.469448982164646e-06 7.862251534646149e-07 0.0 1.4414805099794338e-07 0.0 0.0 0.0 0.0 0.0 0.0 0.0 0.0 0.0 0.0 0.0 1.1970561653076237e-07 0.0 0.0 0.0 0.0 7.342504576268939e-08 1.5126882627590826e-07 0.0 5.7984661769817914e-08 0.0 1.1049990504515223e-06 0.0 0.0 0.0 0.0 0.0 0.0 0.0 0.0 0.0 1.4345156499743305e-05 2.5733484201561037e-07 0.0 0.0 0.0 6.696397137556251e-07 0.0 6.97157686295963e-07 0.0 5.320100510360708e-08 0.0 0.0 0.0 0.0 0.0 0.0 0.0 0.0 0.0 0.0 0.0 8.189063606942002e-06 2.8171019185329227e-06 2.1689146884076325e-06 9.940546245043191e-05 3.2806998226290327e-06 9.829947911469895e-05 1.1161372227430957e-05 2.9977313080591276e-05 4.067401177156982e-06 7.240743095404275e-07 2.2873845887135476e-05 1.3927604388867369e-05 0.0 4.380581358567096e-08 0.0 4.994007735795102e-06 0.0 1.4749803838135196e-07 2.939322089349055e-07 4.437199052666009e-06 5.730718408178068e-07 2.5570456615370607e-05 1.4166383228968873e-05
0.0002159267589826857 0.0004939117885812379 2.9210857934522016e-06 0.0016643116200328978 0.00010786285241150105 0.00023913557285598768 0.0017707123218239978 4.52817733752266e-07 4.000111888585437e-05 0.0 2.170865711284328e-06 0.0014771958858307355 0.0031628965452631446 0.00022933103268011845 5.917212652141609e-07 5.222648181569582e-07 1.5934460376959668e-07 0.0 0.0 0.0 1.1718485934235865e-07 0.0 0.0 0.0 8.249913269529195e-07 0.0 5.257946605793577e-07 0.0 0.0 0.0 3.6069007982099603e-06 0.0 1.66399520190987e-05 0.0 0.0 1.2570387623232255e-07 1.5987689714872242e-05 9.740721782902937e-08 5.255442824971372e-07 1.7052398397479068e-07 1.7632860699941686e-07 0.0 0.0 4.610551889807556e-07 0.0 0.0 4.751636738580854e-06 2.2256004424609288e-07 4.435613759131755e-08 4.626784432322133e-08 3.809669719539279e-08 6.954040195061033e-08 0.0 6.258912274697474e-07 1.4488219197199983e-06 1.0928637527526194e-06 4.373752445325819e-05 6.628641466463935e-06 2.6459404230371493e-06 3.696326060368581e-06 0.0 3.278646204085951e-06 5.66194267143083e-07 4.6564802476154103e-07 2.4927703195345316e-07 1.7850582596417572e-07 0.0 0.0 7.940513865369225e-07 4.830152088283779e-07 8.227755808479715e-05 5.068521023763016e-07 6.039821483803079e-08 1.0878178024839714e-05 1.579631752895042e-06 3.7404089874813145e-06 6.588511922288909e-07 8.103900896381922e-07 0.0 1.5043788795065074e-06 0.0 9.31674117628933e-07 8.103847816088575e-07 0.0 2.2103975002327672e-07 4.681830416311663e-07 3.658533130527947e-08 0.0 2.4010490592308363e-07 0.0 0.0 0.0 1.373586704783802e-07 6.074600910430686e-07 1.665556068015554e-07 0.00013019819349040048 2.072714717577254e-05 0.0 3.7489712876923047e-06 0.00013521482734396925 5.439786457159483e-07 2.0543102017484337e-06 6.78662098558676e-06 7.573898119924961e-06 4.691509521813796e-06 2.596769035948682e-05 2.1829853964978274e-05 2.7558944609557613e-05 8.068070896484994e-05 4.376440376289279e-05 1.1717347456677782e-05 3.507742687408048e-05 8.08661662484095e-05 2.145167501138443e-05 2.6063510473629906e-06 0.0 2.784946290739505e-07 0.0 0.0 2.855874854584685e-07 0.0 1.585448606831853e-07 0.0 0.0 0.0 0.0 0.0 0.0 0.0 0.0 0.0 0.0 0.0 0.0 5.128096234628261e-07 1.0153683550235913e-06 3.443530192647735e-07 5.492205185245748e-07 0.0 6.103538184721379e-06 3.8358528495000325e-07 1.0233076983825029e-05 1.2075669028807456e-06 1.5323834709557823e-06 9.533221850880944e-08 0.0 0.0 0.0 0.0 0.0 0.0 3.97572621417889e-07 0.0 0.0 0.0 0.0 3.5705675123085816e-07 0.0 4.8351314337151454e-08 0.0 0.0 1.4311579232451305e-07 1.557623602250949e-07 4.991396027957991e-07 8.28270703846157e-07 6.241361498692357e-07 4.18649158988148e-06 0.0 0.0 4.865110868587918e-08 0.0 0.0 0.0 0.0 0.0 3.8153730090483714e-07 4.7445746897537434e-05 2.2742475256726118e-07 7.212762464416905e-08 0.0 0.0 2.5160251837308053e-06 2.2224089788926395e-07 8.235513090221816e-07 4.94652627367207e-07 2.3076959807052358e-07 2.1296438644511025e-07 7.429909542998895e-08 0.0 0.0 0.0 0.0 0.0 0.0 0.0 0.0 5.2983687794979453e-08 3.8043515428616266e-05 3.980059798927811e-06 5.9116912930789165e-06 0.00018310316007974747 2.003156766774471e-06 2.4607900132391804e-05 1.922844738046178e-06 0.0005246649292398927 4.05381484612764e-06 0.0 5.197790397450592e-06 0.00015585273126381694 1.7331290595326765e-07 1.1864801311034613e-06 0.0 5.558082781116789e-05 2.7747948085202704e-07 0.0 2.5498897637781177e-06 1.4833972335271093e-06 0.0 0.0004569117785957852 8.397991735234231e-05
6.836785071226901e-05 0.000687475034966109 0.0019226662398280979 6.4181578943593586e-06 0.0005717702934104266 2.8126837026342443e-07 5.342541884228427e-05 0.001850116063588591 0.0007691118158501363 2.170865711284328e-06 0.0 1.3047076075009328e-05 0.00015413854220903663 0.0019142049536073483 3.3222507876852884e-06 2.565605684338211e-06 1.1043993684773295e-07 2.1197947737547513e-07 5.747671746680482e-08 3.5166732628334275e-07 3.133802221180466e-07 8.053915758373009e-08 1.7349395027065994e-07 2.497734157708314e-07 5.959513483463882e-06 1.805752496674208e-06 1.023781590263609e-06 2.976877052743331e-07 5.821755920848035e-07 0.0 0.0002704863920240276 3.2335320481332656e-05 0.00012408871695587703 3.601665801645815e-08 1.573227418747243e-06 2.494250289057834e-06 2.6591774892341526e-05 2.2446231895091217e-06 6.0564941934113945e-06 1.332878285176807e-06 2.5563491836691156e-06 1.569749965787353e-06 9.717756175698971e-08 7.931596259491194e-07 0.0 1.8496899732895404e-07 1.7160936494524766e-05 1.8398047466021619e-06 5.521434675150255e-07 1.1278743249651667e-07 4.51090706215613e-07 1.1249181519668326e-07 0.0 3.8717501395267703e-07 1.7973213173218434e-06 2.5866357904975577e-06 1.729972088244409e-05 5.8469249219267116e-05 6.12507995167874e-06 1.736877324010062e-05 2.805693724661223e-06 1.3808999624390762e-05 1.6185130415368237e-06 7.1367018961001006e-06 1.0118935108974492e-06 4.903973455243859e-07 5.022673408630928e-07 3.239099502519128e-07 1.7728124843921622e-06 2.3221960535685158e-06 2.9658169320936503e-05 1.412853995883905e-07 0.0 4.950267404519477e-05 1.6207396036041485e-05 2.6393334037859137e-05 5.10803177006249e-06 2.7061784875469533e-06 0.00011712818916260562 0.00041607463614099627 1.4292945805015403e-06 5.031762515158672e-05 2.7719961478674346e-06 1.247044130767634e-07 5.146996812469714e-07 2.6958103205519663e-06 4.4606812410158894e-07 8.858990776282942e-08 5.906774752040763e-07 0.0 4.082652049053649e-07 0.0 2.500111117146507e-06 6.796828579593305e-07 1.2792940671723047e-07 8.187152110082755e-06 2.4632958033006076e-07 0.0 9.815594151330859e-06 1.0562149256403101e-05 0.0 0.0 1.3247528640545644e-07 0.0 0.0 9.028229465115069e-07 0.0 3.7911298603305296e-07 7.322120694260826e-08 7.133179451688932e-07 1.6890435002670114e-07 7.094796657250712e-07 1.6972414294780502e-06 2.051928252004793e-07 8.912173907231758e-07 0.0 0.0 0.0 0.0 0.0 0.0 0.0 0.0 0.0 0.0 2.8679172894617636e-07 0.0 0.0 0.0 0.0 2.5503135549746565e-07 0.0 3.8855948850122346e-07 0.0 0.0 0.0 0.0 0.0 0.0 4.770552887807649e-07 0.0 6.91374027218055e-07 2.531098313889562e-07 6.00160250663482e-08 0.0 0.0 0.0 0.0 0.0 0.0 0.0 0.0 0.0 0.0 0.0 5.462045551376015e-07 0.0 0.0 0.0 0.0 0.0 0.0 0.0 0.0 0.0 0.0 1.4455516897768168e-07 7.656116707675213e-08 0.0 0.0 0.0 0.0 0.0 0.0 0.0 0.0 3.7793746070383508e-06 4.514680135330754e-07 0.0 0.0 0.0 7.089485130038474e-07 0.0 1.5100861332769367e-07 0.0 0.0 0.0 0.0 0.0 0.0 0.0 0.0 0.0 0.0 0.0 0.0 0.0 1.13994380426628e-06 3.033146594334998e-07 5.41337736430251e-07 6.288206480002354e-05 3.8644120061316056e-06 6.965347119253468e-05 9.024032930127387e-06 2.374023026454322e-05 1.5987839330758947e-06 5.143702744490346e-07 1.0335497505647615e-05 6.064528859183098e-07 1.5573772059194538e-07 0.0 0.0 6.216584690440975e-07 0.0 0.0 0.0 4.29236982788931e-06 3.1173343297979727e-07 1.6204682446688007e-05 1.9164266047710477e-06
4.777022823484825e-05 3.2642606803029485e-05 2.8682165562139455e-06 0.0003902628658318886 7.561216873482369e-06 7.882089149603713e-05 6.00304429332569e-05 1.722881280741725e-06 7.897387144325108e-06 0.0014771958858307355 1.3047076075009328e-05 0.0 0.00040193876919241697 0.00020666149422373298 2.6464593856547615e-06 3.7828267237044587e-06 7.233510796127224e-07 2.630009898938506e-07 2.209832709588138e-07 7.365471174538244e-07 5.463323034591929e-07 2.065059284704659e-07 0.0 0.0 1.3924206294006672e-05 1.0413102713415683e-06 3.4160730831785157e-06 2.0036853368960293e-06 3.0384553582238935e-06 8.857816072371992e-08 2.0641600503182762e-06 1.4600818735368711e-07 6.3896619881004e-05 1.0192731524407333e-07 2.557518460039911e-06 4.51159965942031e-06 0.00011931424696395267 6.102197113004678e-06 2.457430940993044e-05 1.1533131584470855e-05 1.7621913217365127e-06 4.062716011980716e-06 1.8823839069639778e-07 3.7684548393123746e-07 0.0 7.765610276235225e-07 7.757523774831636e-06 3.155853891252327e-07 0.0 1.2577203237834196e-07 2.292562879434162e-07 5.4435802552591836e-08 1.3321027036802662e-06 3.516800952857058e-06 9.017147897228574e-08 2.347178478727784e-07 3.858950367499996e-06 2.30097572699274e-06 9.158594432380729e-07 2.5862200706536973e-06 1.011398992614818e-06 2.3168353228773263e-05 1.5150101597732604e-06 1.890613486137957e-06 1.9892967122444898e-07 5.123913938917517e-07 2.044403413560238e-07 7.186619618347094e-07 3.4129118529327186e-06 2.2465945583741503e-06 0.0003020602854651368 1.4877078372198708e-06 5.499618587138153e-08 5.129958134497321e-06 2.5088593995121733e-06 7.64069162981196e-06 2.668126271695682e-06 2.1142469940562028e-06 6.102862683334215e-07 9.628613218500823e-06 5.235439628647548e-08 9.524881447283406e-06 4.708792144688434e-07 0.0 7.962298180992672e-08 7.489629391104987e-08 5.43308662230777e-07 0.0 1.223573284286036e-07 1.4458357174420346e-07 2.6636029912119764e-07 2.6813725011661706e-07 6.042363269065959e-06 2.427320481453284e-07 9.278818236166226e-07 0.0004729305811249317 2.9342094427153272e-05 7.602587636626767e-07 6.879507181395087e-05 1.1952820615846116e-05 6.076367192899272e-07 1.0104702769496375e-06 2.491515304352727e-06 2.377044955471628e-06 3.227894261338505e-06 1.494789990390268e-05 1.1989086383964145e-05 2.2223454685111194e-05 1.5117206751795722e-05 1.601373054534038e-05 1.3663769204707145e-05 1.938030777946553e-05 4.91154171196922e-05 2.5626344824170612e-05 5.272003649133243e-06 0.0 2.996591091181383e-07 0.0 0.0 0.0 0.0 2.669635022922252e-07 3.13529534855353e-07 0.0 0.0 5.551295123884949e-07 0.0 0.0 0.0 0.0 3.1950244660353946e-07 0.0 3.0378083324757014e-07 0.0 5.791559617560938e-08 1.9050383196529753e-07 0.0 3.4583142057292915e-07 0.0 1.2333518974115673e-05 1.5584966142145458e-06 7.515284872051962e-06 2.308694467369951e-06 1.3641291606818485e-06 0.0 0.0 2.6314517241060296e-07 0.0 0.0 1.334336669880108e-07 0.0 2.490206200322854e-07 2.5749332793705514e-07 0.0 0.0 0.0 7.470331600107341e-08 9.659702774803524e-07 0.0 0.0 0.0 3.552554083686228e-07 2.0452629003969195e-07 2.759519052139018e-07 5.83726825035438e-07 8.383517329797154e-07 1.0799872996690116e-05 2.0901712479329167e-07 0.0 0.0 0.0 0.0 6.219959267904267e-08 0.0 0.0 0.0 5.039632579261347e-05 3.677033988400894e-07 0.0 0.0 2.7145584987790873e-07 3.1863192716925867e-06 0.0 3.7827906460113923e-06 0.0 3.047606587350199e-07 6.903847399715607e-08 0.0 1.698793018046246e-07 0.0 0.0 0.0 0.0 0.0 1.227070870446702e-07 0.0 0.0 3.6882039794280044e-05 4.982180519500061e-06 5.70836298241104e-06 0.00011706192691620594 2.435950121638842e-06 3.367582497344833e-05 4.318167305179509e-06 0.00011749327525408943 2.6559257618977825e-06 2.7142515017172976e-07 1.2661664542308214e-05 8.799684065129557e-05 3.034051028899488e-07 7.6752746418648e-07 0.0 3.632931878927125e-05 0.0 0.0 1.8389267006096466e-06 5.223233166627844e-06 0.0 0.00022172267571696745 8.544383978477328e-05
