0.0 0.0013352663358802872 0.00017192855641002457 0.0003923340420472966 6.643119983369504e-05 3.917621733238141e-05 0.0002483267783999253 0.0001102686935772621 1.1579251462011059e-05 0.0002848422139830806 9.541941660098457e-05 2.9119683037807023e-05 5.845355718321745e-05 0.00010985872702446162 8.235473651460234e-07 7.436072083674376e-07 9.098813620452386e-08 0.0 0.0 0.0 0.0 0.0 1.1395943461356325e-07 3.544958517797995e-07 1.8987940304943258e-06 6.947004051684094e-07 4.413686089266015e-07 2.195591944295103e-07 2.41741266832012e-07 0.0 0.0002653191010962923 4.533090503559398e-07 4.378709049586059e-06 0.0 5.107111263099612e-07 1.1340195933529263e-06 2.064611738786762e-06 5.597876500130232e-07 3.236270652597563e-07 6.565490286754556e-07 5.158809681524934e-07 1.4979756205507284e-07 0.0 1.355569387043132e-07 0.0 8.116440870044911e-08 3.348927104264254e-06 5.360788152129409e-07 2.593609742118821e-07 0.0 0.0 8.36599494377857e-07 1.8569480938240278e-07 0.0 1.0829414383773642e-06 3.2495721196195986e-06 0.00016985024503124763 0.0001471428738436844 2.9237928711887265e-05 2.203489706938183e-06 3.796938082425679e-07 5.624829164167143e-07 7.08592644330312e-07 2.4556443335092117e-07 2.938098380494122e-07 2.1992721661395497e-07 3.116220580637368e-07 1.2663192776050715e-07 4.1711241386323777e-07 5.575682073784297e-07 2.766550949045958e-06 1.0562543035550682e-06 5.934900760553409e-07 3.397401636417661e-05 3.0675422328864777e-06 2.4797036711696095e-06 1.1024157889752357e-06 7.689251741401208e-07 4.353491678931024e-06 7.179356494879945e-05 4.737808416359491e-07 3.4415017464174388e-06 1.5643579212203778e-06 2.2795545361033648e-07 2.2628969442891207e-07 1.1731515327734152e-06 1.58176955417473e-07 1.4289942441456404e-07 1.3134130172594794e-07 2.420165628236452e-07 1.107757756461513e-07 2.142306342543064e-07 1.579454055153878e-07 0.0 3.457025595357711e-07 1.1255809106109892e-05 2.7904723134497097e-06 6.033762058939744e-08 2.1560810849603587e-06 0.0005905466691584971 5.632386614461217e-08 0.0 0.0 0.0 0.0 2.8927251512660926e-06 0.0 0.0 7.086448442173833e-07 2.0597337782541244e-07 0.0 2.755318504953063e-07 3.4007397757780196e-07 2.493014803511157e-07 0.0 0.0 0.0 0.0 0.0 0.0 0.0 0.0 0.0 0.0 0.0 0.0 0.0 0.0 0.0 0.0 0.0 0.0 0.0 0.0 0.0 0.0 0.0 0.0 0.0 1.0022580039064877e-07 0.0 0.0 0.0 0.0 0.0 0.0 0.0 0.0 0.0 0.0 0.0 0.0 0.0 0.0 0.0 0.0 0.0 0.0 0.0 0.0 0.0 0.0 0.0 0.0 0.0 0.0 0.0 0.0 0.0 0.0 0.0 0.0 0.0 0.0 0.0 0.0 1.6363598397788968e-07 0.0 0.0 0.0 0.0 6.887424324636006e-08 0.0 0.0 0.0 0.0 0.0 0.0 0.0 0.0 0.0 0.0 0.0 0.0 0.0 0.0 0.0 1.0092536780192316e-07 0.0 0.0 1.0361463508293844e-05 1.5422642212900429e-06 1.398155305528783e-05 1.5875161521010167e-06 0.000442207932617693 8.074775106985856e-07 5.433141110676218e-07 1.0158243913980993e-06 9.943403376878766e-07 0.0 0.0 0.0 0.0 0.0 0.0 0.0 2.3632313161478537e-07 5.349614995028811e-08 3.0334705791058154e-05 0.0
0.0013352663358802872 0.0 0.0011856873446295683 0.0010731835121208517 0.0009221211500098915 6.816101682584279e-05 0.0009910543911065958 0.00037156111766375706 0.0009795031030133807 0.00040067880719584425 0.000894590614122235 1.6296881150081978e-05 0.00043217945961332834 0.001187699955175366 1.0344767547637893e-05 2.5292272435025117e-06 4.780394130438106e-07 3.559617695139503e-07 1.074330313086176e-07 1.489967161800017e-07 2.200538863107643e-07 0.0 1.2120048668971335e-07 2.4593056663531915e-07 4.2557918839828575e-06 9.225547891980506e-07 7.517453119071327e-07 4.585589242667991e-07 1.776758587319062e-07 2.3568625300632305e-07 0.0006959951231421144 5.328305880916118e-06 8.110301655440998e-06 0.0 9.435728127725933e-07 1.9872035823956706e-06 2.3120175333744716e-06 4.802659547198116e-07 5.969830938801563e-07 7.629402197066835e-07 9.406086839767958e-07 3.2810645594637334e-07 7.676919790374682e-08 4.943191771040156e-07 1.0960926498163842e-07 1.6487982615063156e-07 6.107656623117326e-05 5.265810408366635e-06 1.6738313823455817e-06 1.0863990982611799e-06 4.597780436324534e-07 2.437457657710915e-07 0.0 0.0 1.244373845585839e-05 3.4637768395379254e-05 0.00024081017956797856 0.0002768642547016296 0.0001287914241259541 2.328403603117918e-05 1.0849593267232518e-06 1.7930572940925313e-06 6.383611920839237e-07 2.595336530974423e-06 4.43105829702698e-06 3.2048389678955288e-06 3.193930599966562e-06 6.186571237871723e-07 6.311128201470872e-07 5.112927881625576e-07 3.842114373681546e-06 2.3169301685019623e-07 0.0 0.00025534008129900394 6.655728486073513e-05 4.6242339348009635e-05 1.0974161152433832e-05 5.1638788566327524e-06 3.971309246369017e-06 0.00011567496652308405 9.005475609036587e-07 5.645767585375738e-06 1.8666423890030733e-05 1.1999834832659546e-06 2.7123974380070802e-06 1.3389910123547144e-05 2.4795559878327863e-06 1.631490894044112e-07 1.9242371978140193e-06 2.9256948124042146e-07 1.2968859535113343e-06 1.8618623970322866e-07 8.096507871836976e-07 8.630080119672057e-07 2.588246131359181e-07 5.807445746835605e-06 4.7651878882537054e-07 1.1998793222153564e-07 9.674167382425203e-07 0.0005824862798695058 0.0 0.0 1.5512818122084894e-07 0.0 6.819665391821929e-07 6.390629838018248e-06 6.329345135478447e-07 6.302861384164018e-08 3.101658302376231e-05 6.853810497853222e-07 1.77766967572703e-07 4.0151869650954997e-07 2.064582793556979e-06 1.7046093852856578e-06 2.2686259512742147e-07 0.0 0.0 0.0 0.0 0.0 0.0 0.0 0.0 0.0 9.217272420945159e-08 6.22672349365801e-08 0.0 0.0 0.0 0.0 0.0 0.0 0.0 0.0 0.0 0.0 0.0 0.0 0.0 1.0143373913909163e-06 1.1352668850808878e-07 9.292176349449125e-07 0.0 0.0 0.0 0.0 0.0 0.0 0.0 0.0 0.0 0.0 0.0 0.0 0.0 6.131172604505095e-08 0.0 0.0 0.0 0.0 0.0 0.0 5.046791194658834e-08 0.0 0.0 0.0 1.3987632493516176e-07 0.0 0.0 0.0 3.734879987218435e-08 0.0 0.0 0.0 0.0 0.0 1.852991376402136e-06 0.0 0.0 0.0 0.0 2.38995307483625e-07 0.0 1.379901821454508e-07 0.0 0.0 0.0 0.0 0.0 0.0 0.0 0.0 0.0 0.0 0.0 0.0 3.972900789384469e-08 1.6794815598322047e-06 6.358300093245695e-07 2.953705887116555e-07 0.00021517789591579553 1.2576665377271843e-05 0.00028807356522975413 2.1688348965971306e-05 0.00025195156965785896 2.9556386943911465e-05 5.4193633424379935e-06 2.590600068153163e-05 4.547066489924789e-06 0.0 0.0 0.0 6.659979393261974e-07 0.0 0.0 0.0 5.560436454151214e-06 4.939673612642049e-07 9.683223989126165e-05 4.608331506724297e-06
0.00017192855641002457 0.0011856873446295683 0.0 2.428309235845873e-05 0.000954906651727901 1.285883946271998e-06 1.4171368522502333e-05 0.0018939053027241346 0.00081013394713322 2.0935376976114284e-06 0.0016028721606045303 1.65261216256765e-06 3.9556651538713516e-05 0.0007970680612691339 6.116514405930119e-06 2.826351167127928e-06 4.430877825011303e-07 7.726663510576371e-08 3.4367799289872356e-08 7.195717281412782e-08 3.5801943517045663e-07 0.0 4.7141087485435194e-08 1.4984667942437436e-07 3.6371700017589568e-06 1.159236155331952e-06 1.2754696167185817e-06 3.3859556565013567e-07 8.879686593223754e-08 1.0620139686113775e-07 0.0016515525927909384 0.00017433027690841714 7.822005701638506e-06 1.7641652340111976e-07 1.4431676250419747e-06 2.92397363952e-06 1.6834157656238401e-06 9.586579743751744e-07 7.219693629816943e-07 9.295725392705816e-07 1.6567301795205395e-06 4.161172112143302e-07 3.4373125212152393e-07 2.716757102867992e-07 9.440818220984343e-08 2.1163969302364999e-07 1.996399676158952e-05 1.6099386907299944e-06 9.232155043524414e-07 7.510385111724571e-07 1.2743693339334296e-07 1.4780008457224887e-07 5.814322602272114e-08 1.9210606438561035e-07 3.6187574129182723e-06 9.9885385360679e-06 9.74312699082388e-05 0.0002589199207627951 3.544070674498374e-05 7.242943142612948e-06 1.26204997557388e-06 3.324630153123738e-06 1.2252344781322444e-06 4.9303487457291266e-05 1.2099460702878348e-06 1.1428390198569996e-06 1.116230201277554e-06 6.793316220905768e-08 6.7412961225041e-07 9.402752050892547e-07 8.112731762651565e-07 6.47730563033649e-08 0.0 9.34702599057864e-05 4.65169454375511e-05 2.598770618698636e-05 7.362972493369471e-06 3.481569109127223e-06 2.6552711044577207e-05 0.0002119115067042094 2.229630773588383e-06 1.6893320855461827e-05 6.519371726811752e-06 4.3129487819044403e-07 8.453376683394813e-07 3.625511880761552e-06 6.121734788531088e-07 8.619539997730858e-08 8.645925514306684e-07 3.442552861104536e-08 4.4164964323543817e-07 3.6659628871277306e-08 6.889786643312041e-07 3.7711250547502476e-07 1.0535619615147984e-07 1.1662211047894547e-06 4.639023032060338e-08 0.0 5.934919649553877e-07 4.216603693536744e-05 0.0 0.0 0.0 0.0 0.0 0.0 0.0 0.0 0.0 0.0 0.0 8.020345989614738e-08 1.0105264325972689e-07 1.0084465537149373e-07 0.0 0.0 1.3139635137533282e-07 0.0 0.0 0.0 0.0 0.0 0.0 0.0 0.0 8.88586744419789e-08 0.0 0.0 0.0 0.0 0.0 0.0 0.0 0.0 0.0 0.0 0.0 0.0 0.0 0.0 0.0 6.866830838061048e-08 0.0 0.0 0.0 0.0 0.0 0.0 0.0 1.3063127822342006e-07 0.0 0.0 0.0 0.0 0.0 0.0 0.0 4.954391754699074e-08 0.0 0.0 0.0 0.0 0.0 0.0 0.0 0.0 9.74349669839655e-08 0.0 0.0 0.0 0.0 0.0 0.0 0.0 0.0 0.0 0.0 0.0 0.0 0.0 6.350897335808519e-08 1.0176880195735099e-07 0.0 0.0 0.0 0.0 0.0 0.0 0.0 0.0 0.0 0.0 0.0 0.0 0.0 0.0 0.0 2.1288647746407908e-07 1.2226000742962494e-07 0.0 4.6143051790830165e-05 5.131013159598306e-06 7.109658680470683e-05 6.811451039982087e-06 1.6887871116231337e-05 6.711329982530676e-06 1.4324373210049253e-06 4.207067083614231e-06 8.477885027218115e-07 0.0 0.0 0.0 5.775373065543965e-08 0.0 1.4783014285055836e-07 0.0 1.8917645650638436e-06 3.1552066122273967e-07 1.9991180148948245e-05 5.303567431468175e-07
0.0003923340420472966 0.0010731835121208517 2.428309235845873e-05 0.0 1.9206663462663178e-05 0.00013303417459342416 0.0007464349040255684 1.150117160619848e-07 7.5699619233613675e-06 0.0015962665569679592 1.1887925263410669e-06 0.0002702035047803827 0.0004621001621170161 4.1418486088644334e-05 3.142706122378382e-07 9.617479313672864e-08 0.0 0.0 0.0 0.0 4.476361284836054e-08 0.0 0.0 0.0 0.0 0.0 0.0 2.347474905714476e-07 0.0 0.0 1.9264005824906564e-05 0.0 0.0 0.0 0.0 0.0 0.0 0.0 0.0 0.0 0.0 1.5129246679562673e-07 0.0 0.0 3.999992927652313e-08 7.174767201543076e-08 5.394366367327423e-06 5.990320819358162e-07 2.7571848754651926e-07 1.7844372793333512e-07 4.10791655971744e-08 8.148124557288716e-08 0.0 0.0 2.1156098736301737e-06 4.5989425126992056e-06 6.598959382017144e-05 3.21083657736247e-05 2.0033121354217104e-05 2.777880977355797e-06 0.0 5.6456853063220465e-08 0.0 0.0 5.617345658491007e-07 4.570868832737292e-07 3.448117178684299e-07 9.703614946226735e-08 0.0 5.892506353555346e-08 5.733646308619264e-07 1.7782337794629206e-07 0.0 3.2826728143209255e-05 6.1168357069328435e-06 3.3355947523836355e-06 2.288900353991371e-07 1.4462346794940266e-07 0.0 2.8100635132545737e-07 3.8937161896405e-08 0.0 2.5668574148805393e-06 0.0 4.3728300167893623e-07 1.7444028753929434e-06 1.3275860639428513e-07 8.235464848529528e-08 3.3671403320887983e-07 0.0 1.6432594873458256e-07 4.1743318370607296e-08 0.0 0.0 3.6415626552296875e-08 5.723467429113842e-06 1.6273661152468219e-06 1.4844034111886727e-07 7.376756444547499e-07 0.00026077445671932335 0.0 0.0 0.0 0.0 0.0 4.395623096136178e-06 1.8884021886988106e-07 4.388473302103042e-07 7.629682243657006e-06 8.090940480691578e-07 0.0 1.1677432299821818e-06 1.934447949896689e-06 3.948730567621649e-07 0.0 0.0 0.0 0.0 0.0 0.0 0.0 0.0 0.0 0.0 0.0 0.0 0.0 0.0 0.0 0.0 5.500637477431675e-08 0.0 0.0 0.0 0.0 0.0 0.0 0.0 0.0 5.353138673908891e-07 0.0 4.5831959197715975e-07 0.0 0.0 0.0 0.0 0.0 0.0 0.0 0.0 0.0 0.0 0.0 0.0 0.0 6.753327938354177e-08 0.0 0.0 0.0 0.0 0.0 0.0 0.0 0.0 0.0 0.0 0.0 0.0 0.0 0.0 0.0 0.0 0.0 0.0 0.0 0.0 1.398847399401089e-07 0.0 0.0 0.0 0.0 0.0 0.0 0.0 0.0 0.0 0.0 0.0 0.0 0.0 0.0 0.0 0.0 0.0 0.0 0.0 0.0 1.023970572745735e-06 0.0 0.0 2.561338406432733e-05 2.9578482717752594e-06 2.4154941978864037e-05 2.46302033302108e-06 0.00032613932801143965 3.484677134507617e-06 5.701319738869853e-07 1.6543411745362606e-06 7.229351519058628e-07 0.0 0.0 0.0 3.497780777296331e-07 0.0 0.0 0.0 5.632852960905595e-07 0.0 4.639126274622099e-05 1.922049114501053e-06
6.643119983369504e-05 0.0009221211500098915 0.000954906651727901 1.9206663462663178e-05 0.0 2.4211469133027095e-06 0.0006007336369667426 9.489002078873782e-05 0.0029456501420389537 0.0001232767343899845 0.0006297463440751159 2.105960210205027e-05 0.0005519485149899102 0.0009357344648239906 1.3137322374881059e-05 5.34458056613291e-06 3.127802134041886e-07 1.9827229951072864e-07 1.2038238110236762e-07 1.6695029037317282e-07 4.077096454896229e-08 8.22128377476697e-08 4.225636212435243e-08 9.767832773341981e-08 2.1302271997502688e-07 4.81906504694926e-07 1.0045894675643847e-07 1.3299687934819517e-07 1.4677375834121397e-07 0.0 2.858655735220256e-05 2.4567942737756846e-06 2.0781999694827047e-06 3.32565590940231e-08 9.980644667602638e-08 6.795742547332201e-08 1.7678374586169002e-06 4.4313338466623797e-08 1.6658361399271084e-07 1.893773826537638e-07 5.784783875916991e-07 0.0 0.0 6.015622113275302e-07 1.330763235597939e-07 1.0430910097206473e-07 4.985490340382408e-05 2.303960837547529e-06 1.5706329725052134e-06 3.5462341967394536e-07 3.6918516200072433e-07 3.8233542152961004e-08 0.0 1.6650155277425443e-07 5.600825222305271e-06 1.1436924717475725e-05 3.733493626045151e-05 3.790952622196732e-05 3.577607625734899e-05 1.503142835837461e-05 4.46894086185658e-08 3.1712860454570616e-07 9.562701809128846e-08 4.8794892078076205e-06 1.7183158050244877e-06 1.3529231126788814e-06 2.379595158640467e-06 1.850813525377101e-07 2.6693808637389927e-07 4.769469902313643e-07 1.1793938132836656e-05 0.0 0.0 8.160420085368827e-05 4.070372136344611e-05 3.8970679069992655e-05 1.7615656095100107e-05 9.55838329125489e-06 1.9015875465568414e-07 2.7615203785193457e-06 4.086247921978488e-08 1.7255559797916115e-06 1.1362577483325632e-05 3.5246291191442516e-07 1.5058130338817333e-06 4.725867219966943e-06 1.0423847490979911e-06 0.0 1.0478454427551314e-06 0.0 3.744402520210332e-07 1.9349782563467525e-07 6.91105855236031e-08 5.087154601420319e-07 2.5407914715457805e-07 1.8383659748613363e-05 1.5892842073053467e-06 0.0 1.1299496583059634e-06 9.087131349584398e-06 0.0 0.0 4.92430787328941e-07 2.7037439542069476e-07 1.8041961585559428e-07 1.5010507796671195e-06 9.338471588687288e-07 7.932062441968322e-08 2.3751739568178464e-06 3.338722329222332e-06 1.9024164245441376e-06 1.9438842350559654e-06 5.778108165955119e-06 2.5879365218420563e-06 1.4197389382895694e-06 0.0 0.0 0.0 0.0 0.0 0.0 0.0 0.0 0.0 0.0 0.0 0.0 0.0 0.0 0.0 0.0 0.0 0.0 0.0 0.0 0.0 0.0 0.0 0.0 3.179315619305293e-06 0.0 1.6587395931805934e-06 2.3175843903759398e-07 0.0 0.0 0.0 0.0 0.0 0.0 1.6105069751119602e-07 0.0 0.0 0.0 0.0 0.0 0.0 0.0 0.0 0.0 0.0 0.0 0.0 0.0 0.0 0.0 0.0 2.1922412803039773e-07 5.230360051514796e-08 0.0 0.0 0.0 0.0 0.0 0.0 0.0 0.0 9.55862746068035e-06 0.0 0.0 0.0 0.0 6.846161974526882e-07 0.0 0.0 6.080755982312064e-08 0.0 1.3449244057849668e-07 1.643800792983207e-07 0.0 0.0 4.520913066347112e-08 0.0 0.0 0.0 0.0 0.0 0.0 5.006471062507893e-06 1.3034795992707053e-06 1.2232584648801247e-06 0.00023871180913302597 8.149413145205844e-06 0.00021814099086855422 2.4678465364988217e-05 1.9689266025533278e-05 2.8237173401076976e-05 1.3095148467869012e-06 3.555696335658611e-05 7.95360182881214e-06 4.179312505414389e-08 0.0 0.0 1.9689041246427723e-06 0.0 0.0 1.4755214629882684e-07 9.772983427779615e-06 9.126964915406733e-07 4.618077558958238e-05 1.0315919081459849e-05
3.917621733238141e-05 6.816101682584279e-05 1.285883946271998e-06 0.00013303417459342416 2.4211469133027095e-06 0.0 3.39086266282607e-05 3.7658965615168516e-07 1.3873805019309978e-06 0.0004890320544990186 9.224228884715702e-07 9.374986665976241e-05 4.932434125697141e-05 1.0253362361400952e-05 0.0 9.691525090714875e-08 0.0 0.0 0.0 0.0 0.0 3.882010464184257e-06 0.0 0.0 1.1331582996923179e-07 0.0 0.0 0.0 0.0 0.0 1.8287885270988574e-06 0.0 2.238678345199987e-06 0.0 0.0 0.0 5.029843428408038e-06 1.4817610996352628e-07 1.9715387433299576e-06 3.550470286357503e-07 7.307293085305865e-08 0.0 0.0 0.0 0.0 0.0 1.6898312281295212e-07 0.0 0.0 0.0 0.0 2.551134983461287e-05 2.5034553837023465e-06 1.6120187516390287e-07 0.0 4.325835944214823e-07 2.802426848520312e-05 1.1771852086979971e-06 1.0032929450734383e-06 0.0 7.062459709985794e-07 1.2403475524852784e-06 8.545473332378688e-08 0.0 0.0 0.0 1.4317943519620312e-07 0.0 0.0 0.0 3.097559350184018e-05 3.088669767903061e-05 6.429557433068603e-06 5.968794580213567e-07 0.0 0.0 7.56526490930745e-08 0.0 0.0 3.7807613395111467e-07 0.0 6.881385603692234e-07 8.330004445066629e-08 1.062710850382775e-06 0.0 7.92875889603681e-07 4.0306417483302733e-08 2.7777956814333114e-06 1.1090850414652256e-06 7.699349845811268e-06 1.6514130183945903e-06 2.550352603150795e-06 0.0 0.0 8.959470657628655e-07 0.00013743653262384954 3.551488414822016e-05 1.307802455646679e-05 3.206435597512908e-05 9.300308464011896e-05 0.0 0.0 0.0 0.0 0.0 3.623016521454109e-07 0.0 7.193586673777222e-08 1.3763027059343395e-07 1.9810695958373834e-06 0.0 0.0 1.2704132133203994e-06 0.0 0.0 0.0 0.0 0.0 0.0 0.0 0.0 0.0 0.0 0.0 0.0 0.0 0.0 0.0 0.0 0.0 0.0 0.0 0.0 0.0 0.0 0.0 0.0 0.0 0.0 5.401819059762042e-08 0.0 1.3729663056750037e-07 0.0 0.0 0.0 6.40337712623576e-08 0.0 0.0 0.0 0.0 8.035908377487242e-08 0.0 0.0 0.0 0.0 0.0 0.0 0.0 0.0 0.0 0.0 0.0 0.0 0.0 0.0 0.0 0.0 0.0 0.0 0.0 0.0 0.0 0.0 0.0 0.0 0.0 4.906243543307722e-07 0.0 6.292256687504003e-08 0.0 1.1727412296651773e-07 0.0 0.0 0.0 0.0 0.0 0.0 0.0 0.0 0.0 0.0 0.0 0.0 1.4160496986632256e-07 3.092020339388814e-07 7.116044492020104e-08 0.0 6.530991750515482e-07 0.0 0.0 6.9235155527475866e-06 1.7470738516759714e-07 1.0776291681000354e-06 4.222287816317794e-08 6.31909382575757e-05 1.9609061040790483e-06 5.656663605329362e-08 0.0 9.031404775716465e-07 0.0 0.0 0.0 1.2124246025694273e-07 0.0 0.0 0.0 0.0 0.0 2.1864874251819348e-05 1.1579027709416747e-06
0.0002483267783999253 0.0009910543911065958 1.4171368522502333e-05 0.0007464349040255684 0.0006007336369667426 3.39086266282607e-05 0.0 1.8316635016028793e-06 0.0016860910015972926 0.0017308983494584286 3.662294027628794e-05 0.00012132559190282102 0.0028308169697270832 0.0015234541507231584 8.311539116226852e-06 3.5540287412899374e-06 5.335245807113108e-07 2.1267146215150176e-07 0.0 6.0015898836428e-08 0.0 6.891142443843154e-08 1.6541569784332915e-07 1.3753715349081824e-07 4.2223565985390787e-07 1.3284679385570486e-07 2.7419379607568785e-07 5.0266083125805865e-08 4.2141673365437786e-08 4.603935147070536e-08 1.7939466055419516e-05 7.590591478079872e-07 1.40102929977425e-06 0.0 1.2616859818492502e-07 5.685302851208875e-07 1.543526358638434e-06 0.0 3.799769582388185e-07 8.80895758142953e-08 2.6392167413779006e-07 3.4306423168151154e-07 4.400110597455222e-08 4.4864126800005677e-07 0.0 9.228430061015354e-08 4.4169164682215324e-05 2.820841818628354e-06 1.1795233983917634e-06 4.5626959531452383e-07 3.1259272590034807e-07 1.1466664117826485e-07 0.0 2.1317045105655855e-07 5.930301256115327e-06 1.3629376229669253e-05 5.9541988209752965e-05 4.077623862645652e-05 4.5521983072843304e-05 1.421588843740423e-05 3.82374557270703e-07 1.929863049371447e-06 5.615346706890295e-07 1.88169469568102e-06 1.92973725399962e-06 1.2192216378047537e-06 1.6915717734293803e-06 1.7187475425229864e-07 2.8253909374783044e-07 1.6022849781506037e-07 9.555122482805952e-06 4.386994529106011e-08 0.0 9.390776440412213e-05 3.2602366809828914e-05 2.8373667171539495e-05 9.579486580911476e-06 4.812384359601486e-06 1.3868010214147903e-07 6.113806033603828e-07 3.7177434562928363e-07 1.7612388593439788e-06 9.031662889580974e-06 4.6208913521986314e-07 2.712053929746622e-06 5.66414651718068e-06 9.422447728056708e-07 0.0 1.0453677370538117e-06 0.0 5.25146557025248e-07 8.380183835737211e-08 8.258088380446882e-08 3.007543447544153e-07 8.76704966317492e-08 2.4116614782480485e-05 1.2722419341455011e-06 0.0 1.3933870906856645e-06 5.4669586647287736e-05 8.493363861850012e-07 1.2033227720801801e-06 2.928449607507796e-06 3.2350257868976234e-06 1.2453534061728912e-06 2.7907077933381478e-05 4.788989138905988e-06 1.261929575354161e-05 5.4125888367371894e-05 2.473276255179241e-05 9.806311726282835e-07 1.1450313760230097e-05 1.2126940692305058e-05 7.847754614137946e-06 2.816160566296467e-06 0.0 0.0 0.0 0.0 0.0 0.0 0.0 0.0 0.0 0.0 0.0 0.0 0.0 0.0 0.0 0.0 0.0 1.0355306947440371e-07 0.0 0.0 0.0 0.0 0.0 0.0 4.585319225450736e-06 0.0 1.5046234625228122e-06 3.465970327850345e-07 0.0 0.0 0.0 0.0 0.0 0.0 0.0 0.0 3.219908630371977e-07 2.1347865508881497e-07 0.0 4.3775858374044464e-08 0.0 0.0 0.0 4.4575477806905215e-08 0.0 1.497058325330601e-07 3.7768161345321933e-07 5.88391890068765e-07 1.9154769001478989e-07 0.0 0.0 5.839875451124372e-07 1.4876721333231144e-07 1.8333915109326025e-07 0.0 0.0 0.0 0.0 0.0 0.0 0.0 1.259363661004707e-05 0.0 0.0 0.0 0.0 1.5011632333768478e-06 6.077646011334782e-08 1.3714124093625345e-06 1.3779364522884328e-06 5.977529116625179e-07 9.80191234976028e-08 0.0 0.0 4.1963701978893814e-08 1.8818274438760837e-07 0.0 0.0 4.002221411941158e-08 0.0 0.0 0.0 8.937279576396389e-06 1.138260114276772e-06 6.872490137771115e-07 0.00017342418422330673 6.040668337053123e-06 0.0001900232372824233 1.8099745541599658e-05 8.446920509871051e-05 2.148600408755036e-05 3.6104085015684735e-06 2.3566064757861008e-05 1.1399874671167474e-05 5.050738488468803e-08 3.0081337482050197e-06 3.314602352797561e-07 2.426046821481229e-06 6.570858940549072e-07 5.128719921547985e-08 7.729070739119236e-07 5.0128179904679645e-06 1.663200781196935e-07 6.500215053094792e-05 1.891180014954762e-05
0.0001102686935772621 0.00037156111766375706 0.0018939053027241346 1.150117160619848e-07 9.489002078873782e-05 3.7658965615168516e-07 1.8316635016028793e-06 0.0 0.0006616095135121753 3.8139895680885144e-07 0.0015159415472878158 3.105847505496502e-06 1.0631874344863621e-05 0.0006654070168471942 2.421131146806207e-05 1.6835702582513683e-05 8.868018741257862e-07 3.3785400676736606e-07 7.498117049086665e-08 1.2213215605126986e-06 4.917371945711792e-06 5.5006518008443485e-08 2.7380667720129285e-06 3.872070364920278e-06 3.22603742409636e-05 9.795654391081238e-06 8.77246654509354e-06 3.883907200331259e-06 8.934642454096033e-07 6.044422020100331e-07 0.0010330006074661408 0.0015419551318858723 1.966720759402261e-05 4.779726450524302e-07 1.747262334060184e-05 1.8960470121086142e-05 6.838444475016372e-06 3.931360499420456e-06 2.311214133157473e-06 5.026028357601336e-06 1.535161466239347e-05 1.75345569295444e-06 2.6023425477847366e-06 1.9801838950815752e-05 2.981921368863959e-07 3.144346803651446e-06 5.5539879964708134e-05 2.5317852349159243e-06 1.0417873702840274e-06 1.9913244461268295e-06 7.457161160327921e-07 5.0898676646642615e-08 1.6453162697252165e-07 7.842666174040079e-07 4.207501247140752e-06 9.660487804164923e-06 7.35285704330666e-05 0.00020043518204730987 3.604091898660273e-05 1.315479048982606e-05 4.711697172844909e-05 3.597371879818097e-05 1.605866479752438e-05 0.000186866036015619 1.1733982953333802e-06 1.8369183230592006e-06 2.0359593690803842e-06 1.7253593581281457e-06 1.3265702314020284e-05 1.574821311744658e-05 3.4203628004154236e-06 0.0 0.0 8.862865772992268e-05 5.150079204010385e-05 5.165187078069408e-05 5.2971296784499217e-05 0.00014417633401468766 0.0005789571570332785 0.0009641156314210828 0.0001666839405881501 0.0004194137050255457 7.5183383865439025e-06 1.6547766152337447e-07 2.1708296642693193e-06 4.593969364137204e-06 1.8737936834136894e-06 8.70369929773987e-08 1.1685529533890679e-06 8.106854030898188e-08 9.89586417909013e-07 1.7582663155432344e-07 1.0638192187343829e-05 1.3754098500370909e-06 2.3245409735082554e-07 2.9082691156490416e-06 4.83039546318486e-08 0.0 1.601084347923479e-06 2.7430504587274033e-05 0.0 9.660264540953879e-08 0.0 0.0 0.0 0.0 0.0 3.506637062715691e-07 0.0 4.842045410884907e-07 0.0 0.0 3.3998151398088955e-07 2.484715818206667e-07 0.0 0.0 0.0 0.0 0.0 0.0 0.0 1.7818953211900027e-07 2.383885319141368e-07 0.0 3.7042355829260504e-07 6.90723515606999e-07 0.0 0.0 5.981019672613441e-08 0.0 9.02135260470043e-08 0.0 0.0 0.0 0.0 0.0 0.0 0.0 0.0 8.441223476622305e-07 0.0 2.454994378818594e-07 1.4244743719139477e-07 0.0 6.34898874106944e-08 0.0 0.0 0.0 0.0 0.0 0.0 0.0 0.0 0.0 0.0 4.4751843777611724e-08 6.065502144620958e-08 5.710124609205797e-07 0.0 0.0 0.0 0.0 0.0 0.0 0.0 0.0 0.0 0.0 0.0 0.0 0.0 0.0 0.0 0.0 8.194597466524946e-08 0.0 3.953493937868834e-07 0.0 4.420938033103888e-08 0.0 1.1757636487824777e-07 0.0 0.0 0.0 0.0 0.0 0.0 0.0 0.0 0.0 0.0 4.0647350513523855e-08 0.0 0.0 5.7031711294795584e-08 5.8883251106716684e-08 0.0 5.314666405227283e-07 4.941647916036782e-07 2.933228121779842e-07 0.00012817493545942045 5.891537658172024e-06 0.00015399260228231865 2.0498140418100957e-05 1.7625120618270666e-05 1.3611359704077372e-05 1.3325458230980467e-06 2.0635572213939407e-05 9.783188844391064e-07 0.0 1.855869182764206e-07 8.556248119564229e-08 0.0 0.0 0.0 0.0 5.072421918115386e-06 9.465124336124929e-07 2.2263325144881725e-05 1.2837577490539251e-06
1.1579251462011059e-05 0.0009795031030133807 0.00081013394713322 7.5699619233613675e-06 0.0029456501420389537 1.3873805019309978e-06 0.0016860910015972926 0.0006616095135121753 0.0 2.8662900658350608e-05 0.0008337674270411024 1.1619768024846628e-05 0.0005592239769731995 0.0012702292765308805 1.000616715380407e-05 4.682029117412688e-06 6.798915959091459e-07 5.6358731718301084e-08 0.0 6.608765315068204e-08 3.912796467347121e-08 0.0 6.132851427832498e-08 1.0582376605402291e-07 6.558873854832854e-07 3.144800324673389e-07 5.037840494077583e-07 3.656063170935365e-07 1.1236170567426133e-07 5.3280934706742213e-08 9.325328437151944e-06 1.1280910552611666e-06 1.6188027316805096e-06 9.438964831064951e-08 4.7266224577088155e-07 4.2047400840866183e-07 1.5442285341044332e-06 1.3321031610133378e-07 0.0 4.810932034189156e-08 2.4407623077388195e-07 4.580816860606998e-08 4.135511509451097e-08 9.91759640681328e-07 5.1931627456040165e-08 1.3925613310246702e-07 2.223893799204988e-05 1.7531669956198217e-06 4.7323031231761314e-07 4.14379112830803e-07 1.4149205362972653e-07 0.0 0.0 4.365900319896255e-08 1.3709458241946129e-06 3.5108220595271065e-06 1.0802335318603914e-05 9.185387337566997e-06 1.2283034211859385e-05 5.955923433268982e-06 2.4615394622409044e-07 1.3558812644339308e-06 3.523834587506935e-07 2.218432087988739e-06 1.345785001179207e-06 5.955274412584232e-07 7.197417858423187e-07 6.525737863065029e-08 2.5960238638040366e-07 1.1195233060380324e-07 9.513076310794528e-06 3.185571381727725e-07 0.0 2.2451704131959173e-05 1.2668999759097608e-05 1.9223064319241382e-05 1.2436815270149966e-05 6.730121598711211e-06 1.7456021508639525e-07 2.633452131760174e-06 1.197232922521245e-07 8.573439527064646e-07 2.941936822335841e-06 2.127528221195459e-07 7.420417458992326e-07 1.8241689549628068e-06 7.474785105050708e-07 0.0 5.326100039555479e-07 3.535968666555431e-08 2.296797806293843e-07 4.3913825662602e-08 7.219041765337967e-08 2.1852739247717117e-07 4.5065902504799486e-08 1.7973994715585873e-05 6.521446150861088e-07 0.0 1.3159554230094744e-06 2.611968940438756e-06 0.0 1.1437002717409878e-07 1.7787246547515053e-07 0.0 1.4454603199962287e-07 3.790291562385224e-06 0.0 1.4729694366794263e-06 9.399109457846818e-07 2.295344337992543e-06 4.956735840864394e-07 2.1490120570704474e-06 6.189389900475616e-06 2.483394769855557e-06 1.7271042750529153e-06 0.0 4.922079627724112e-08 0.0 0.0 0.0 0.0 0.0 0.0 0.0 0.0 0.0 0.0 0.0 0.0 0.0 0.0 0.0 0.0 0.0 3.3688213039281024e-07 0.0 0.0 0.0 0.0 6.113603816857286e-06 0.0 2.080587240737241e-06 6.82367093417678e-07 0.0 0.0 0.0 0.0 0.0 0.0 0.0 0.0 2.4445625180048707e-07 0.0 0.0 0.0 0.0 0.0 0.0 0.0 0.0 0.0 0.0 0.0 0.0 0.0 0.0 4.253486715723399e-07 0.0 0.0 0.0 0.0 0.0 0.0 0.0 0.0 0.0 7.095684817252816e-06 0.0 0.0 0.0 0.0 2.3705215751146347e-07 0.0 3.740291909655413e-07 0.0 0.0 1.8269991508979502e-07 0.0 0.0 0.0 0.0 0.0 0.0 0.0 0.0 0.0 0.0 4.334759081178803e-06 2.1088811013924263e-06 2.283171227644505e-06 0.00010369394485140495 2.5147776385767642e-06 9.072150294126e-05 1.1367541053105408e-05 1.041473055525838e-05 1.0022049980290492e-05 3.2769935173363327e-07 1.6118351559257743e-05 4.767655343762826e-06 1.5754377463671654e-06 1.1088737293516342e-07 0.0 6.213405703913614e-07 3.5720565644735677e-07 0.0 2.230029307625872e-07 5.053944924646413e-06 7.142585775708783e-08 2.2090638697753296e-05 1.0079839785057562e-05
0.0002848422139830806 0.00040067880719584425 2.0935376976114284e-06 0.0015962665569679592 0.0001232767343899845 0.0004890320544990186 0.0017308983494584286 3.8139895680885144e-07 2.8662900658350608e-05 0.0 1.2456556600207988e-06 0.0011565007096042085 0.002297742789786706 0.00016233137844200488 3.5506469179081525e-06 2.6548790081974204e-06 9.880159362782833e-08 0.0 4.583762112338504e-08 2.839719214146553e-07 0.0 4.2888819274364313e-07 0.0 3.567475101567368e-07 1.0281551309026375e-06 3.130993390386105e-07 3.3666427725409644e-07 0.0 4.035919687177844e-07 0.0 5.641206264768614e-06 0.0 7.582020136067391e-06 8.583641646307131e-08 2.366363488414784e-07 5.820044029784669e-07 1.0268877589437222e-05 4.4479879769852233e-07 6.336934634408384e-07 1.351074879188053e-07 9.862607810974945e-08 0.0 9.042530367150798e-08 7.735034351667784e-08 0.0 0.0 7.255136860770975e-06 4.297498325533914e-07 1.3962648880956016e-07 0.0 5.197106458560815e-08 2.935368627490369e-06 7.541947587088601e-08 0.0 1.198822090237429e-06 2.413046059588105e-06 6.504509844235646e-05 1.2310158130199104e-05 9.404991826805051e-06 1.5955574860678636e-06 2.2037104545998753e-07 3.502915941559965e-06 8.627213646710265e-07 3.2447775064285136e-07 2.1100745162004154e-07 1.98843045729248e-07 2.636087881400152e-07 7.921889536519601e-08 3.512160230324453e-07 9.209821262309317e-08 8.114783229851238e-05 3.881537436464675e-06 7.509653752305244e-07 1.8861973168541667e-05 4.071743610568448e-06 4.7553669836555455e-06 1.4809202824866926e-06 1.3928637072183939e-06 1.4701184628437696e-07 3.4085523618603864e-07 7.777058946054818e-08 2.419103744133449e-06 1.1038350810170815e-06 2.670357929366599e-07 3.48643550052008e-07 7.766843458293833e-07 5.2246569460342915e-08 4.451820504451128e-07 1.716944821675936e-07 1.2376367630830995e-06 5.796593947434579e-07 4.381186683670314e-07 4.4243582253273795e-07 1.6749068587704057e-07 2.2690416883271362e-07 0.0004236808626986253 4.8315261498006545e-05 1.299233483263783e-06 1.1310382030544276e-05 0.0003827240604135104 5.614751807817151e-07 1.6351810467880141e-06 3.700251704732872e-06 3.3335413240700457e-06 1.9151437286169215e-06 3.430806495352061e-05 7.595760427693156e-06 2.1060277555399493e-05 8.428931902102496e-05 3.964947770596138e-05 8.820462056969587e-06 2.7748406211481643e-05 6.839729139213646e-05 3.423313516528867e-05 8.512040505787424e-06 8.304898486689861e-08 0.0 0.0 0.0 0.0 0.0 0.0 0.0 0.0 0.0 7.937957123093368e-08 0.0 0.0 0.0 0.0 0.0 3.429423424236828e-07 0.0 0.0 0.0 2.6612155934599215e-07 0.0 0.0 0.0 1.9103586974905127e-05 8.870870234317228e-07 6.938933897817325e-06 1.000579598345288e-06 3.622011495331341e-07 0.0 0.0 0.0 0.0 0.0 5.433554609695906e-07 0.0 0.0 5.489957881259544e-07 0.0 0.0 0.0 2.3360099090806087e-07 0.0 0.0 0.0 0.0 5.4979816779979954e-08 1.0014793473848873e-06 1.9075385067575275e-07 0.0 0.0 2.47708068130309e-06 0.0 0.0 0.0 0.0 0.0 0.0 5.4568143995405107e-08 0.0 8.12644428177696e-08 4.71486238445041e-05 1.526081438669832e-07 0.0 0.0 9.766427885282007e-08 4.028779567416351e-06 0.0 8.509321337188829e-07 1.3288550884655046e-07 2.843095182833406e-07 4.795335628211549e-08 0.0 0.0 0.0 0.0 0.0 0.0 0.0 0.0 4.80611548827241e-08 0.0 4.060507652464978e-05 5.102190072717094e-06 3.709950767817912e-06 0.0002091522300644134 2.987504748518758e-06 3.156158688572759e-05 5.562732130165729e-06 0.0006302271711793679 1.0307373470861435e-05 1.4306067232159543e-06 6.402182043347004e-06 9.667475941775363e-05 0.0 1.3445619756995542e-06 3.078976007464756e-07 2.003352088492539e-05 3.468353206591661e-07 0.0 0.0 3.887941192564538e-06 3.0932984055657183e-07 0.00046371333472995565 0.00011790890290855476
9.541941660098457e-05 0.000894590614122235 0.0016028721606045303 1.1887925263410669e-06 0.0006297463440751159 9.224228884715702e-07 3.662294027628794e-05 0.0015159415472878158 0.0008337674270411024 1.2456556600207988e-06 0.0 1.2552078860439816e-05 8.242163773162493e-05 0.0014256537575718382 9.862982780014538e-06 7.050093126141032e-06 4.0900580691120815e-07 0.0 4.213693768712178e-08 1.3654276250196228e-07 1.5936522274903188e-07 3.8958542573868274e-08 2.733082481029482e-07 4.1256171048575994e-07 8.367819054255215e-06 1.0597809157506973e-06 1.437518154773853e-06 1.550013742580015e-06 3.124316979173821e-07 2.035369175845113e-07 0.0001757848052407285 1.5354240382660526e-05 0.00016040447621212413 7.93935067178497e-08 2.489067241137201e-06 4.4246454813686e-06 4.6001445272244846e-05 2.82388047989882e-06 2.312484903346046e-06 2.6282986812730234e-06 1.914824307562113e-06 3.5657225723455703e-07 1.2222597738834213e-07 1.0818097753822746e-06 0.0 7.475097534489705e-08 2.262966328093741e-05 1.679944098636045e-06 5.457171888048548e-07 4.112008221591006e-07 1.323963195429995e-07 0.0 2.6206090766087015e-07 4.560564659179489e-07 1.910491973563014e-06 4.418649405402027e-06 2.7839905487619644e-05 3.512623981247091e-05 1.5350652827328004e-05 5.243621117560955e-06 1.0657510275477493e-06 9.49264114567435e-06 2.1482794712089105e-06 6.183823550761683e-06 6.341973103700278e-07 1.0314874639095825e-06 5.924505782527326e-07 3.0183256650000205e-07 1.5014683787636891e-06 4.833807329924735e-07 2.2489089650496558e-05 1.8617458402616354e-07 0.0 3.536451425541904e-05 1.678148265560065e-05 2.0680747201167915e-05 1.222289779642551e-05 8.153554345198959e-06 2.4895562320018052e-05 0.0004180655972920221 2.085624680533849e-06 1.6068740748389506e-05 3.3349390414715484e-06 1.5760735805601203e-07 5.758839997898674e-07 2.2535042231926893e-06 2.778120930326652e-07 4.493450011371845e-08 5.509197029485096e-07 3.7390370593432214e-08 2.437799599348112e-07 5.4472027928260315e-08 7.411205177087081e-07 4.952774760769724e-07 1.594554721850681e-07 9.31503012425716e-06 5.715604866257415e-07 0.0 4.142420052454108e-06 1.4846435679697545e-05 0.0 0.0 0.0 0.0 1.8749971454988614e-07 2.167125713304539e-07 0.0 4.980013773698383e-07 4.598592275418834e-07 1.1410287105852758e-06 0.0 6.946337416185798e-07 1.985186186417094e-06 4.060529040900958e-07 6.524806841241086e-08 7.152021920617977e-08 5.512099788425664e-08 0.0 0.0 0.0 0.0 0.0 0.0 0.0 0.0 6.829883595063232e-08 0.0 0.0 0.0 0.0 8.550650052443349e-08 0.0 0.0 0.0 0.0 0.0 0.0 0.0 0.0 1.0469648512799865e-06 1.5515808134481017e-07 8.622989851354764e-07 1.3012475460648683e-07 0.0 0.0 0.0 0.0 0.0 0.0 0.0 0.0 0.0 0.0 0.0 0.0 0.0 0.0 8.103695718403125e-08 0.0 0.0 0.0 0.0 0.0 0.0 0.0 0.0 0.0 0.0 0.0 0.0 0.0 0.0 0.0 0.0 0.0 0.0 3.174999103725068e-06 0.0 0.0 0.0 0.0 0.0 0.0 0.0 0.0 0.0 0.0 0.0 0.0 0.0 0.0 0.0 0.0 0.0 0.0 0.0 0.0 1.302634046443819e-06 6.09582922564168e-07 3.195545728868221e-07 8.148311608226872e-05 3.209326352836846e-06 7.968918802614298e-05 9.727998324242532e-06 1.1103692488053152e-05 8.438101524707128e-06 1.090805251548358e-06 1.1632672378236265e-05 8.861665114118321e-07 1.2498369983938932e-07 4.131942890863751e-08 0.0 0.0 0.0 0.0 0.0 4.057820346297885e-06 8.438041918422088e-07 1.2973624349637975e-05 3.6734221026832026e-06
2.9119683037807023e-05 1.6296881150081978e-05 1.65261216256765e-06 0.0002702035047803827 2.105960210205027e-05 9.374986665976241e-05 0.00012132559190282102 3.105847505496502e-06 1.1619768024846628e-05 0.0011565007096042085 1.2552078860439816e-05 0.0 0.00035681079565203264 0.00014001359974938135 1.0499368976405452e-05 1.2269107128012105e-05 6.320254751783161e-07 0.0 2.1962019426324433e-07 2.8558406925605106e-07 3.4297132346199733e-07 2.4339550760240944e-07 7.045166397372278e-07 1.098589560826867e-06 1.7223227349599417e-05 3.987669701971341e-06 3.854929575763452e-06 2.931958584001568e-06 1.2295969569469378e-06 8.650395493317551e-07 6.390537081984996e-07 1.0071418698628099e-07 5.125220285112897e-05 5.302448743097735e-07 3.872150029951155e-06 9.453450724953524e-06 0.00013724392736764389 7.708524919668045e-06 1.0211201670721143e-05 1.0213485953654497e-05 6.4065026977966806e-06 7.688611484854591e-07 2.2701491865314239e-07 1.6054033402604787e-06 1.3130515599725115e-07 2.1385428061815516e-07 1.4432524482918422e-05 3.396068045531518e-07 4.465269055017078e-07 2.5339913418565074e-07 3.5850261759281655e-07 4.6911982709255557e-07 1.2337257075072011e-06 2.3542822806633277e-06 4.924994770448556e-07 1.8029257016920222e-06 8.22231774910356e-06 3.5846640681195386e-06 3.7420791403284636e-06 1.8694402492372919e-06 2.046969170643452e-06 2.2915326069282296e-05 5.2780180500754005e-06 2.6372780137594026e-06 2.4202171328412e-07 4.947198477172289e-07 3.2434103068481437e-07 1.609894320975186e-07 1.1349492693728853e-06 2.658570644011344e-06 0.00021781472198112434 9.361316775415803e-07 6.134019382774454e-08 5.790861135792991e-06 3.657419299711354e-06 9.627564676213733e-06 3.7316960208944593e-06 5.440397724543431e-06 3.603089043728144e-07 7.940388021075679e-06 9.17901574946477e-07 9.024259541303031e-06 1.0961221829028956e-06 8.40024765444759e-08 1.324086346938566e-07 4.638751842113676e-07 2.424344275001582e-07 3.7975962432381424e-08 8.803856954494713e-08 1.072176191181474e-07 3.3931141997524043e-07 3.720773514563564e-08 1.1052749659486934e-06 4.5698150174900985e-07 5.754817177927282e-08 0.0004715221682423238 3.449946432459714e-05 0.0 5.473355910240765e-05 4.472975388830596e-05 8.571644415530577e-07 1.2130584911654935e-06 2.012600482108376e-06 2.0949307151431475e-06 8.657752415834164e-07 2.5158084337125542e-05 7.067295419435083e-06 1.6480108659125563e-05 1.3282093937965399e-05 3.942009010803037e-05 9.904942781778492e-06 3.1845710342880265e-05 5.812263617668023e-05 3.572347872846955e-05 1.076188378406189e-05 1.9632745460140045e-07 2.818820221115392e-07 0.0 1.1338313210454326e-07 0.0 0.0 0.0 2.0173814164403553e-07 0.0 0.0 1.5960819855677057e-07 0.0 0.0 0.0 0.0 1.2247869013265617e-07 0.0 8.141328097973937e-08 0.0 6.999359168740167e-07 3.8397905103845003e-07 0.0 6.307088581330029e-08 0.0 2.841729503623611e-05 4.945166641403306e-07 1.7874757490281724e-05 1.0661059408255511e-06 5.108566462146611e-07 9.278579014434e-08 5.0153900964109525e-08 4.514969745299855e-08 0.0 9.385358862316058e-08 0.0 0.0 0.0 5.579282442603075e-07 0.0 0.0 0.0 4.0031933151721127e-07 2.8649530686623407e-07 0.0 7.189906750337207e-08 0.0 2.685790093545523e-07 6.650383243897011e-07 5.393890812122313e-07 0.0 0.0 4.6750891464550335e-06 3.781725603588674e-08 0.0 0.0 0.0 0.0 0.0 0.0 2.651272041656679e-07 1.1890150137005901e-07 6.348457742321096e-05 3.257794086740512e-07 0.0 0.0 1.4382162540353281e-07 5.229566868665506e-06 7.684655925241888e-08 2.4544349480960886e-06 2.102759728389427e-07 5.839878256126022e-07 1.0665278727544551e-07 7.163123759059621e-08 1.5825228164792734e-07 0.0 0.0 0.0 0.0 0.0 0.0 0.0 0.0 5.0202024673513054e-05 1.1833655640223741e-05 7.911372054522564e-06 0.00017914389117172042 3.3974520333451617e-06 5.030510308001161e-05 1.2985986248533169e-05 0.00010883479152915672 7.771096270496179e-06 2.5026006638913475e-06 1.7305399902748937e-05 7.493982926053029e-05 0.0 2.6137369866909533e-06 8.199228971854183e-07 2.1171264156760015e-05 2.5753548510676553e-07 1.180778406858304e-06 5.5712841296030084e-08 3.1090633891583914e-06 1.5005571769620379e-07 0.00030937784322717017 0.00011095134876225337
