0.0 0.0012514529992735139 0.000199298998549348 0.00029182803992777354 5.1809154699749665e-05 3.588115786046688e-05 0.00038230088174189664 2.247842288559198e-05 4.6858359135608775e-06 0.00046077049690161875 3.0394412141594243e-05 0.0003385908615225491 0.00019430598200231391 1.3266830329551599e-05 1.0196779539093415e-06 2.861218890233294e-07 0.0 5.758137020719733e-08 0.0 8.689800323168328e-08 1.2010122975679126e-07 2.3008461721192706e-07 4.8977191786998826e-08 0.0 3.185903921420813e-07 0.0 0.0 1.2684148866375332e-07 0.0 0.0 0.0002554546262718828 1.2561283563243474e-06 6.449336194930046e-06 1.8125659470962536e-07 0.0 3.01482160547939e-07 4.513654343922056e-06 4.201904006657148e-07 7.52907527522226e-07 1.0125991702819639e-07 4.3415224406895843e-07 1.2479344956573763e-07 3.826654767230176e-08 2.0663130138445137e-07 1.2721876664163637e-07 4.127667709415639e-08 9.59400577474805e-06 5.879771989341402e-07 3.976718524872751e-08 3.034210428282117e-07 0.0 2.615511260924279e-07 8.532816558083031e-07 0.0 1.0491831329294248e-05 1.3133118029457128e-05 8.021894842976532e-05 0.0002586521534241646 1.759482573042621e-05 5.828252732219662e-06 4.3946577520687433e-07 9.915012636933864e-07 3.097911194751147e-07 4.158834370846413e-06 1.8334050427143704e-06 9.082443044940697e-07 3.2915864065069744e-07 2.0506981287143978e-07 1.8352520895441733e-07 5.863573200088267e-07 7.1546165515897735e-06 8.523075631917454e-06 1.6753847347351473e-07 9.186825739981927e-05 3.675386984595153e-06 6.61692113612834e-06 3.273728977834219e-06 7.856958843241817e-07 6.982636144284816e-07 3.950145655042741e-06 5.40321384674248e-07 4.948627064287075e-07 8.928599136801694e-06 1.7867854095066e-06 1.3091515474013689e-06 4.827875311712282e-06 3.162498220356644e-07 2.8085644666148686e-06 1.3257142554328967e-06 2.430085644328866e-07 1.6073569192082115e-07 4.941794333088065e-07 5.139247462776372e-07 0.0 2.526711627026294e-07 1.8386720807985788e-05 3.230074363230297e-06 6.468200690863177e-07 6.434806780942922e-07 0.0005271589356575021 1.3974036748436397e-07 1.540949646948146e-05 4.631405078251681e-06 6.521596296764205e-06 5.233370658067146e-07 5.985593204576144e-06 8.446523753364682e-06 5.306123096336795e-06 9.046826890803143e-06 7.94350838557708e-06 6.352265273455353e-07 8.257646444554198e-06 1.0149829529842707e-05 4.28274171686766e-06 5.382031634631425e-06 0.0 0.0 0.0 0.0 0.0 0.0 0.0 0.0 0.0 0.0 7.766610888254154e-08 0.0 0.0 0.0 0.0 0.0 2.924626637207484e-07 0.0 0.0 1.0900520602616539e-06 1.1373523685651555e-06 0.0 7.152774487321646e-08 0.0 8.856822810225884e-07 6.395755402010909e-07 2.9738545817479148e-06 4.2412547011314307e-07 0.0 0.0 7.435707279965667e-08 0.0 0.0 0.0 0.0 0.0 1.2827584405807887e-07 0.0 0.0 0.0 0.0 4.519090445353479e-08 0.0 0.0 0.0 0.0 3.508411678090734e-07 2.0433223815164902e-07 4.3740093941220456e-07 0.0 0.0 3.3029560513931977e-06 5.460008970888506e-07 0.0 1.3563493205921846e-07 0.0 0.0 0.0 0.0 0.0 0.0 9.30506980943042e-06 3.021350968507898e-07 0.0 0.0 0.0 3.9774024782552483e-07 2.926720398636159e-07 9.185713962939606e-07 1.8001967106013737e-07 1.174642786451529e-07 1.375419831157803e-07 0.0 0.0 0.0 0.0 0.0 0.0 4.0329899915565234e-08 5.276965576009848e-08 0.0 6.03491162766027e-08 3.7318562448655693e-06 4.3085452639777835e-07 1.1378764964217564e-06 0.00021816868744069145 3.2213859552743995e-06 6.80933939592885e-05 4.306263518493837e-06 0.0006626391897776912 1.93135018846705e-05 1.2414082227578955e-06 1.7748040240071868e-06 0.00015581358676094564 0.0 7.772974998129672e-07 0.0 5.452515550564101e-05 3.0932101098179433e-07 0.0 0.0 7.785275412312967e-08 0.0 0.00032314372299007695 2.646744139405628e-06
0.0012514529992735139 0.0 0.0008979145627855124 0.00010136799101262323 0.0011668513332995815 2.0651521059217186e-05 0.001396032548453673 0.00010015985145909953 0.00023304826125473938 0.0005566636158135236 0.00020113735004192453 0.00014152492161084498 0.0016832598032017552 0.0006891385313190856 8.233762135332678e-06 2.525138324378303e-06 4.648277197211879e-07 1.579085929399085e-07 7.783079032547992e-08 3.294428492975509e-07 4.266964321345444e-07 2.700544555827588e-07 1.0996371411612069e-07 3.726820731261199e-07 7.827018098232779e-07 1.0969256795847906e-07 8.805255721235759e-08 7.669446267843688e-07 1.161489076920328e-07 0.0 0.0006337509808279919 6.153200250690394e-06 5.940066993261379e-05 2.0828446975595588e-07 1.5051129444401083e-07 1.2196298726523431e-06 3.664935229970589e-05 2.046645529429826e-06 2.566428512645511e-06 6.95563087711455e-07 1.6876354861305146e-06 3.991169618200875e-07 3.899849864673709e-07 9.052209171884281e-07 1.7596940927363495e-07 8.539191885054548e-07 5.2748633590618377e-05 3.1033140175916334e-06 2.0751377203720537e-07 6.474819175528606e-07 1.8451782425304591e-07 6.975048574893428e-07 1.8321006102390584e-06 1.2588589340033972e-07 2.3980975260107367e-05 3.582626790218161e-05 7.567634444363412e-05 0.00033107227825214845 3.7430996044284594e-05 1.900057439278569e-05 1.6725409910311395e-06 3.833798085343729e-06 1.0026080847835159e-06 2.406741674562398e-05 5.307047891625646e-06 3.3770424050085445e-06 7.017871032947777e-07 7.223132962107921e-07 3.5919460433109433e-07 1.236826122265897e-06 3.625080123676053e-05 1.8766742921760361e-07 7.683505956889806e-08 0.00023201933986915488 1.7253063918934364e-05 4.892438751745152e-05 2.5819494093664093e-05 5.283179438312084e-06 1.7770816191656138e-06 1.7781468163121925e-05 8.601917343118548e-07 3.6123773251211335e-06 2.730068279963934e-05 4.99759704818529e-06 3.808276478132332e-06 1.5142406583818705e-05 1.5051395977075691e-06 6.5215484866063215e-06 4.647025495943017e-06 2.3863314798071613e-07 1.804596526046551e-07 3.550237659994382e-07 1.043508721398767e-06 3.5112938566314203e-07 9.922009897602259e-08 3.380571944593528e-05 2.3897005816299118e-06 0.0 4.561811164347119e-06 0.0005647649558572356 7.676032150562359e-07 1.2649270789917681e-06 1.1058401626829219e-06 5.1279906293101365e-06 0.0 1.3283747146830146e-05 8.833079727861409e-07 6.05267031694089e-07 4.490665665539788e-06 6.015779857276827e-07 6.879629298436235e-07 1.4350211072625671e-06 3.2665035216306088e-06 1.8170939160540112e-06 2.838983877675948e-06 0.0 0.0 0.0 0.0 0.0 0.0 0.0 0.0 8.49119548719436e-08 0.0 1.3715021699196814e-07 0.0 2.318507164112156e-07 0.0 1.1235221378821614e-07 0.0 6.034206759821362e-08 7.910120967098832e-08 0.0 0.0 2.718366133214163e-07 0.0 0.0 0.0 9.302225939081785e-07 8.061305131710807e-07 1.981937800634543e-06 1.1975948500614058e-06 1.2417793023856346e-06 0.0 0.0 0.0 0.0 0.0 0.0 0.0 0.0 0.0 0.0 0.0 0.0 0.0 2.0180010899291284e-07 4.55769607136416e-08 9.788205863373021e-08 4.621584308073097e-08 6.407129971564116e-08 2.451997083469238e-07 0.0 0.0 2.0005378806676327e-07 1.2421790000818433e-06 0.0 0.0 0.0 0.0 0.0 0.0 0.0 0.0 5.5121996580478204e-08 4.538020474456172e-06 1.3519792847276762e-07 0.0 0.0 1.023260332529633e-07 7.951232854197508e-07 2.3082175410313207e-07 2.5135814625414373e-06 5.988780415759644e-08 5.414421317749485e-08 0.0 0.0 0.0 5.6112603657081173e-08 9.43074813227851e-08 4.672593509366087e-08 0.0 1.0026269910179014e-07 0.0 0.0 0.0 8.581405616637955e-07 2.136502226270581e-06 2.8107105612240065e-06 0.0002186689775136904 1.0894853892165046e-05 0.00023036132701300007 3.356183554998848e-05 0.0003970458215362166 5.644227701770148e-05 2.569247354396401e-06 1.2217230377657211e-05 1.2313721447637117e-05 0.0 1.2877231996383313e-07 0.0 4.475335998595166e-06 3.082288638574735e-07 0.0 1.3101436416477963e-07 6.991830038007447e-07 6.357200868063294e-08 0.0001306500648807829 1.0780747997588336e-06
0.000199298998549348 0.0008979145627855124 0.0 5.399401673246187e-06 0.0011422136829808297 1.1432195140484776e-06 0.00012478223653684047 0.0018214022656520325 0.00016909126859781794 4.135498204922184e-06 0.0011752533886669747 2.4260202155812054e-05 0.00015485575177997385 0.0007419499318818787 1.5337840068135547e-05 7.4962288138630255e-06 3.965978444927102e-07 1.1697360161618834e-06 1.1829272269779016e-07 5.3166917211608916e-06 1.6414942837776123e-05 5.407049272193258e-06 7.412435388001512e-06 3.248841487533321e-06 7.062281864361361e-06 1.5536627178301084e-06 3.0994381309900634e-07 2.4227433638796344e-06 1.3753548443693697e-07 4.3308462258227683e-08 0.002077539351731988 0.0009915708965667984 0.00016274383559323352 3.421323780279041e-06 1.8482205758730849e-06 1.0453204010867271e-05 8.234813536898545e-05 1.0997053646245988e-05 1.5294322052431967e-05 4.788102463639284e-06 2.709574220047697e-05 7.88461372138873e-06 2.7021974926203364e-06 3.7720682820495288e-06 5.838815115272597e-07 2.641811935255409e-06 4.177741683520499e-05 2.897084928703945e-06 5.356982368477294e-07 3.844448819310537e-06 5.366781695910431e-07 2.4943299333753203e-06 3.954224484239861e-06 2.2898920120872708e-06 1.804022860961126e-05 2.6696748648423382e-05 5.415458663570381e-05 0.00045015683182590645 2.946036458670033e-05 1.6647431275042227e-05 5.144098596631704e-05 3.0297298967851813e-05 4.624340515007295e-06 0.0001823621761916009 3.5418935698462213e-06 2.572051299120121e-06 7.388905539013559e-07 1.307282207497872e-06 7.201826659967772e-06 2.8404320829272564e-05 7.8863218350767e-05 8.915212209371004e-07 6.258470160130459e-08 0.00020153130514583668 4.5449911524162545e-05 5.6368734363966074e-05 5.00825977069483e-05 1.889210194092479e-05 0.00011676018023028015 0.0003384073677902134 4.893280396148727e-05 0.0001728016247036969 2.0905390171588337e-05 3.2844878373696218e-06 2.6664523382603744e-06 1.044808114865083e-05 2.5075270603048735e-06 2.9457397302966775e-06 3.5386712382969907e-06 1.473902026137991e-07 2.6252572166909673e-07 8.697955875643254e-08 2.2454509487907635e-05 4.312040391683293e-06 1.6562680821023747e-06 5.7117741891748754e-05 1.5859041912679407e-05 9.802628515935162e-07 2.856648537659225e-05 0.00014286054723440796 3.723808832432911e-07 1.2574189990084168e-06 7.20095459226695e-07 0.0 5.287317146407944e-07 1.409159119082288e-06 1.4932670433682731e-06 1.6248447264757074e-06 1.0207876286507653e-06 4.942704618520479e-07 2.951816034817783e-06 3.155458045250012e-06 4.665855768878097e-06 2.6125019166991445e-06 8.08041832513591e-06 0.0 0.0 0.0 0.0 0.0 0.0 0.0 5.18897397104978e-07 0.0 4.660466019382077e-08 2.838734293671551e-07 0.0 6.540822884174603e-07 6.322084120750129e-08 7.72481161027582e-07 3.062088892099638e-07 1.4637184227064364e-07 9.299632582670979e-08 3.973839494355781e-07 4.09944223930576e-07 6.903234301967379e-07 0.0 1.587806599170443e-06 0.0 4.4295151347934875e-06 7.331715381312208e-06 1.552757555715832e-05 6.865182764314872e-06 7.504221790814326e-06 4.273010372273115e-07 1.860480496339827e-07 0.0 1.6535881079999527e-07 0.0 2.8965042920124356e-07 0.0 4.05747582659704e-08 5.325484220149241e-08 0.0 0.0 3.662908576808858e-07 8.524850429793771e-07 4.3294097138512766e-07 8.618686105585163e-08 6.486053459013465e-08 0.0 3.488507773476567e-07 4.439573464973241e-07 0.0 0.0 1.1227940397992809e-07 7.482541344246339e-06 6.687875792330128e-08 0.0 0.0 0.0 0.0 0.0 0.0 0.0 4.664849009183256e-08 1.5760119341747135e-05 9.761335201354741e-07 1.5944929725955922e-07 7.17877209742939e-08 0.0 3.2892843291319243e-06 2.112136732578044e-06 1.0468043230190636e-05 0.0 3.544144388710973e-07 0.0 0.0 0.0 0.0 2.465750220136956e-07 4.386874172970819e-08 0.0 4.702406379480735e-08 8.45947209234181e-08 0.0 4.940612991958458e-08 6.74428056877222e-06 9.333841667904836e-06 1.4088031543104867e-05 0.00011174170887565058 8.967471856341788e-06 0.00013395150301665336 2.362120318881899e-05 8.723224519609625e-05 2.344038608716744e-05 1.0302032192297728e-06 1.537980223643988e-05 8.22671253062857e-06 1.8052360090710396e-07 1.2245923340144152e-07 1.201171869804544e-07 4.028324001660124e-06 5.4260755186506944e-08 0.0 1.0510083885601196e-07 1.6945618728442814e-06 0.0 7.084157732642951e-05 4.42565402942971e-06
0.00029182803992777354 0.00010136799101262323 5.399401673246187e-06 0.0 9.096668949639011e-06 8.358518618415785e-05 0.00011242680083319427 1.3950520649437094e-06 6.437137005992092e-07 0.0004034357447466627 4.267255593144359e-06 0.001378590701160061 0.0004747196312265429 1.7307891180889838e-05 2.917663823879065e-07 0.0 0.0 0.0 0.0 1.8369471374863532e-07 1.4804841457018748e-07 8.040041715061557e-08 0.0 6.101878776300044e-08 0.0 0.0 0.0 6.782104464507473e-08 0.0 0.0 3.4247387137086764e-05 7.018274993140466e-08 5.193385560827337e-06 0.0 0.0 0.0 1.3575367442825547e-05 0.0 7.698780023222455e-08 1.5414120460399384e-07 0.0 9.29931343819772e-08 0.0 9.346933990973574e-08 0.0 0.0 1.2152480226528546e-06 7.373589173373741e-08 0.0 3.961211432416768e-08 0.0 0.0 2.2667946147158447e-07 0.0 4.500719592104757e-07 8.645185119884063e-07 3.9130418136470125e-06 1.154475730936275e-05 1.3766838205744112e-06 5.965165461578825e-07 1.1142320666073833e-07 7.620249495974881e-08 0.0 2.326744999413862e-07 1.1152709868019791e-07 4.3844263131503804e-08 1.1105393986044945e-07 5.6955792763330055e-08 0.0 0.0 2.4370773478307935e-05 9.18391991507919e-08 0.0 6.018532134609008e-06 4.526059952755318e-07 7.062926199684471e-07 4.2804390569273016e-07 0.0 0.0 6.022636723324328e-07 9.317675462506367e-08 9.478365790319916e-08 5.013557115925057e-07 9.218627781151101e-08 1.0218688698630407e-07 3.493496124619888e-07 0.0 1.1809534522922357e-07 0.0 0.0 0.0 1.7241184576442777e-07 0.0 0.0 5.2964764480538794e-08 1.4568005392751206e-05 2.2932105863201728e-07 0.0 3.8096473339080486e-07 7.297412899280496e-05 5.0197275318815996e-08 1.633652737622299e-06 4.1990920254269075e-07 3.2645566571200867e-06 0.0 1.7864545305035539e-06 8.508925880445717e-07 1.161265965262489e-06 2.0482125649777297e-06 4.1315463641070277e-07 2.390550410533308e-07 1.6760320190689819e-06 7.991992477442378e-06 2.8070457260928675e-06 1.522086057066897e-06 0.0 0.0 0.0 0.0 0.0 0.0 0.0 0.0 0.0 0.0 0.0 0.0 0.0 0.0 0.0 0.0 0.0 0.0 0.0 9.742212875042447e-08 1.0305091818060284e-07 0.0 0.0 0.0 1.0515136318928435e-06 3.1887507480170115e-07 7.693454435515551e-08 2.1950004240100516e-07 1.7326391085018817e-07 0.0 0.0 0.0 0.0 0.0 0.0 0.0 0.0 0.0 0.0 0.0 0.0 0.0 0.0 0.0 0.0 0.0 2.2338793853213037e-07 0.0 1.5467955646200524e-07 0.0 0.0 1.2597404530122002e-07 0.0 0.0 0.0 1.0753567960825571e-07 0.0 0.0 0.0 0.0 0.0 1.9581473242302613e-06 0.0 0.0 0.0 0.0 1.0627252604622029e-07 0.0 6.422782596794644e-07 4.5903577220207615e-08 4.430616143423648e-08 0.0 0.0 0.0 0.0 0.0 0.0 0.0 0.0 0.0 0.0 0.0 1.6652303898320601e-06 4.7226385469816873e-07 2.749900827564666e-07 2.538136082261987e-05 6.183678869926257e-07 7.07652441740119e-06 1.6353327980768568e-06 9.604925692604386e-05 1.526447549846356e-06 7.058183249654267e-08 1.834371077113899e-07 2.4420358593277065e-05 0.0 0.0 0.0 1.371185764588893e-05 1.1341131751877459e-07 0.0 0.0 7.293454239556494e-07 0.0 7.29764789527062e-05 6.709361886427052e-07
5.1809154699749665e-05 0.0011668513332995815 0.0011422136829808297 9.096668949639011e-06 0.0 3.0221816994007523e-06 0.0005863269741095469 5.408622897604139e-05 0.0013546476552653386 4.7543948350636514e-05 0.00027676239559371545 1.4921156591218235e-05 0.0008205750689259854 0.0010802112518048825 9.634989558991999e-06 2.2823625581084133e-06 3.9396623778455266e-07 1.2445997977535802e-07 2.3098392436393383e-07 3.082296599094476e-08 8.072888266881237e-08 6.112510412256309e-08 0.0 0.0 6.335179899408118e-08 0.0 0.0 0.0 0.0 0.0 5.1713344257826054e-05 6.257967717453316e-06 7.615710964854796e-06 0.0 0.0 0.0 5.689082587619621e-06 4.4785412584479684e-07 4.318177673785617e-07 1.2264075134363268e-07 1.724492493519575e-07 0.0 6.929724342589485e-08 6.195200528173777e-07 0.0 9.123029899578256e-08 3.300977342270818e-05 1.8416048810079836e-06 1.1139646293282573e-07 3.808127743057802e-08 1.369574132038347e-07 0.0 9.26604714988259e-08 0.0 7.57104448858656e-06 1.1790959420829166e-05 1.1221620537751798e-05 3.15670704971189e-05 9.97071575688308e-06 8.74121785570303e-06 9.73097768695307e-08 5.082164457289159e-07 0.0 8.65589759853672e-06 1.9167792386589674e-06 1.6192166354002154e-06 3.315379350672375e-07 3.0899757506470677e-07 2.117419659135973e-07 4.1179407503437876e-07 6.918882599569899e-06 4.735787733490308e-08 0.0 6.593178131559853e-05 5.90313359636304e-06 3.4482090762654946e-05 1.9984056673957147e-05 8.650404496165531e-06 7.585466945754126e-07 1.05046607091591e-06 2.945728563858531e-07 2.5129210759157923e-07 9.911164934190597e-06 1.8209278977559795e-06 1.5134921332434923e-06 5.714919579767912e-06 1.0893477026196928e-06 2.2503292566039164e-06 2.0740791666410407e-06 4.176580037440419e-08 3.271725380146868e-07 1.2150270820458538e-07 2.5527440824999964e-07 1.9173839559226944e-07 1.20715452604773e-07 7.338692704497066e-06 1.5781375709718e-06 0.0 1.1416760307837531e-06 1.9669467647918268e-05 0.0 0.0 3.7717268191736455e-07 4.369379990050694e-07 3.4542498576909386e-07 3.793242019825478e-06 9.539300674204841e-08 3.615102435370488e-07 4.82324887836216e-07 1.0758799469662806e-07 0.0 5.79721676804937e-07 1.5171914989382174e-06 4.4622075383852166e-07 7.866211753363077e-07 0.0 0.0 0.0 0.0 0.0 0.0 0.0 0.0 0.0 0.0 0.0 0.0 0.0 0.0 0.0 0.0 0.0 0.0 0.0 0.0 0.0 0.0 0.0 5.778170754174045e-07 1.7453184796090453e-07 8.218903014709962e-08 5.924108719171445e-07 0.0 0.0 0.0 0.0 0.0 0.0 0.0 0.0 0.0 0.0 0.0 0.0 0.0 0.0 0.0 0.0 0.0 0.0 0.0 0.0 0.0 0.0 0.0 0.0 5.242724341131493e-07 0.0 0.0 4.8449807354140057e-08 5.150508739659989e-08 0.0 0.0 0.0 0.0 0.0 2.407432248564427e-07 0.0 0.0 4.492328625350574e-08 0.0 0.0 0.0 9.520112058473607e-07 0.0 0.0 0.0 0.0 0.0 0.0 0.0 0.0 0.0 0.0 0.0 0.0 0.0 5.859911216270558e-07 4.847868848160317e-07 4.7185885240107773e-07 0.0001714873446384916 6.164137939683366e-06 0.0001329018637325546 3.124840842411497e-05 0.00013177477762656332 3.6626133804737104e-05 7.448776282329983e-07 1.2058180224475899e-05 3.950018876529025e-06 0.0 0.0 0.0 5.149628378544968e-07 6.951467416737327e-08 0.0 0.0 7.744228077792559e-07 1.1166219593704333e-07 3.335515934403585e-05 6.732763498678807e-07
3.588115786046688e-05 2.0651521059217186e-05 1.1432195140484776e-06 8.358518618415785e-05 3.0221816994007523e-06 0.0 3.2717546480832224e-05 2.2927200373832077e-07 9.384574223044723e-08 0.00011972150210264192 5.268242076635564e-07 5.807611412096099e-05 3.252077557854099e-05 1.389654166770208e-06 6.016388221905961e-08 5.400401033276086e-08 0.0 0.0 0.0 0.0 0.0 1.7569613693353874e-06 0.0 0.0 0.0 0.0 0.0 0.0 0.0 0.0 1.5799322032067336e-05 1.0482413118980559e-07 1.3979293658568449e-06 0.0 0.0 3.7526538480837435e-07 5.386056310583798e-06 2.5835210439236725e-07 4.989891069681171e-07 0.0 0.0 0.0 0.0 0.0 1.0774902515573965e-07 0.0 5.674312747844218e-08 4.444244191378886e-08 0.0 0.0 1.057283014956907e-07 1.0824743807305209e-05 1.5163242292597512e-06 0.0 4.88311423023567e-07 1.5584862717411134e-06 3.80327321186975e-05 2.2510211390259175e-05 1.5647518484743216e-06 3.029335514545109e-07 0.0 5.009811836123516e-07 7.910621756158917e-08 2.1362461435873406e-07 4.1500128883293675e-08 2.2538715431520564e-07 1.4772308622045231e-07 1.2804413865733712e-07 0.0 4.045669290295325e-08 5.126417828174891e-05 0.00015792838384856336 1.3123766354614807e-05 6.756091501451884e-06 2.7501203931728024e-07 2.3865147526821133e-07 5.281102875224466e-08 1.261863451258834e-07 0.0 3.9423337835339724e-08 8.652198446328661e-08 6.577119633802692e-08 5.000283890045196e-07 5.875007437355352e-07 0.0 3.0217587642237345e-07 1.233945040105885e-07 7.379670554535389e-06 8.166110859626339e-06 1.782518954839439e-05 1.579757059107963e-06 6.864615258862517e-06 6.108661862803218e-08 0.0 1.3583143025219548e-06 4.660652642912157e-05 0.00014128148416617419 6.108831114308171e-05 1.6534021220351358e-05 0.0001744144610693665 7.555160668152237e-08 3.821373128829078e-06 1.0968102737590503e-06 5.58048673322906e-07 2.568918917825549e-07 1.4297529908897749e-06 1.5009824985093029e-06 3.4648937094265887e-06 2.196520014860298e-06 2.824082826824704e-06 2.871714980248874e-07 2.7749111993430246e-06 5.124169026216367e-06 1.3688440004045148e-06 1.6965407422625819e-06 0.0 0.0 0.0 0.0 0.0 0.0 0.0 0.0 0.0 0.0 0.0 1.4789052127953754e-07 1.1647748538118965e-07 4.187459824507527e-07 6.880256406470943e-07 0.0 1.3532091090409216e-06 1.2315680289111428e-07 3.550944011384697e-07 0.0 0.0 0.0 1.5142493414996993e-07 0.0 7.343307066804524e-07 4.830543174969442e-07 9.182320212453002e-07 1.1296171025852243e-06 8.944088415785548e-07 0.0 0.0 0.0 0.0 0.0 6.554487152494664e-08 0.0 0.0 0.0 0.0 0.0 0.0 5.034376107612409e-06 0.0 0.0 0.0 0.0 1.6132081545073051e-07 3.924243864263755e-08 6.393521716355694e-07 0.0 4.108831961814027e-07 7.09896875544355e-07 0.0 0.0 9.344011032861307e-08 0.0 5.705182196033617e-08 0.0 0.0 0.0 0.0 1.951648580255414e-06 4.92144759923436e-06 0.0 0.0 0.0 7.83991490008142e-07 6.96205056589153e-08 2.6546795509439446e-07 5.122526427244027e-08 0.0 8.527659009711027e-08 0.0 0.0 0.0 0.0 0.0 0.0 5.772874113811651e-08 0.0 0.0 0.0 2.3000841622222925e-06 2.8787472527304545e-06 3.8613497155496005e-06 2.7512099893123876e-06 5.399568218174427e-07 4.7163173515444135e-06 1.425795917842098e-07 0.00019957714001371228 2.4781772427683212e-06 3.948949952411841e-07 0.0 2.3177537414449278e-05 0.0 2.2574228395611764e-07 1.3492218330576632e-07 1.1820132174696166e-05 1.2652259024291827e-07 0.0 0.0 0.0 0.0 5.7999884990825894e-05 6.0792008187137874e-06
0.00038230088174189664 0.001396032548453673 0.00012478223653684047 0.00011242680083319427 0.0005863269741095469 3.2717546480832224e-05 0.0 1.367557158868622e-05 0.0009420478010191436 0.0005382342967953243 9.872191096510337e-05 0.00025599280509352394 0.002279362467987478 0.0010348496575107405 4.741077310700639e-06 8.432780324912628e-07 1.7801411580861353e-07 3.556635384973714e-08 0.0 3.804437318474114e-08 6.951620837663248e-08 5.3820314102895077e-08 6.811218979935729e-08 1.217827665259192e-07 0.0 0.0 0.0 0.0 0.0 6.32839681290495e-08 2.0078059108163446e-05 1.8533514022276846e-06 2.4348461650353505e-05 1.4155600282695158e-07 0.0 0.0 1.8324893774179788e-05 4.7940761064030713e-08 2.2083973997877097e-07 1.7656165023187664e-07 1.972699545106444e-07 4.884801788052455e-08 1.3223748716777075e-07 8.540904699429422e-07 9.415892716915891e-08 2.68976116341771e-07 2.4185536840832764e-05 1.1816375902140542e-06 1.1687007650432045e-07 1.1135811131976316e-07 0.0 1.0964143609281368e-07 5.5863479191778304e-08 4.2039515608871435e-08 6.921405476433648e-06 9.145520853700537e-06 1.4631274496418848e-05 3.645148437266279e-05 1.053748801099468e-05 7.580472830470827e-06 2.397692046082461e-07 5.721708452121567e-07 3.8842675814903517e-08 7.4346876567946036e-06 1.8640849436918923e-06 1.2740240099655328e-06 1.333552599288223e-07 2.472914579351552e-07 1.6301155023857767e-07 2.510622077814515e-07 1.4277942044154146e-05 0.0 0.0 6.563142214195205e-05 6.000612092830069e-06 2.5085755848665386e-05 1.3613779541364478e-05 5.059729082068344e-06 6.310434659976583e-07 2.4224510065553004e-06 2.1361263015810543e-07 4.352735447876226e-07 9.666417032378427e-06 8.944454382588561e-07 1.272048263242022e-06 5.04708446224827e-06 5.665228890214922e-07 1.3981417054841068e-06 1.3718115627562619e-06 3.870455717897451e-08 4.396469493993494e-08 1.86840769045072e-07 6.549623311116931e-07 1.410061769652586e-07 3.22967682934809e-07 2.2731251558032946e-05 9.57165888432258e-07 1.8402488354174036e-07 3.4890844009608614e-06 2.9835381936187238e-05 1.764860180574985e-07 2.661283315884688e-06 6.567500749641582e-06 1.2877246882555232e-05 0.0 1.7882894339223337e-05 2.4512119012229766e-06 1.0184334134898284e-05 6.551437542513309e-06 2.584035662577601e-06 6.102528571816017e-07 2.0415362181890358e-05 4.506562345831909e-06 3.5196060142401643e-07 2.0375313856413295e-06 6.795897150484636e-08 0.0 0.0 0.0 0.0 0.0 0.0 0.0 0.0 0.0 0.0 0.0 0.0 0.0 1.0786669972960589e-07 0.0 0.0 0.0 0.0 0.0 1.9235678323944313e-07 0.0 8.554481619137413e-07 0.0 5.251222774902183e-07 4.640080141481757e-07 7.912603346627601e-07 2.6835189942309587e-07 1.1417983333143236e-07 0.0 0.0 0.0 0.0 0.0 0.0 0.0 4.0892321490539755e-08 1.1968134490620214e-07 0.0 0.0 0.0 0.0 3.175565377327749e-07 0.0 1.6485712075381045e-07 0.0 2.6179569496938794e-07 1.1656561918997965e-07 0.0 0.0 0.0 5.9854766553303e-07 5.2194197024838597e-08 0.0 0.0 0.0 0.0 0.0 0.0 0.0 0.0 2.7486480841914013e-06 0.0 0.0 0.0 0.0 6.850511381694999e-08 3.4247915925465834e-07 5.052187419546935e-07 1.8399242271328633e-07 3.934580345858523e-07 3.057300675659448e-07 0.0 0.0 0.0 5.133684904870444e-08 0.0 0.0 4.992830383043089e-08 0.0 0.0 0.0 9.301895975538507e-07 1.528743892028774e-07 3.9245486074331233e-07 0.00014101403892652863 4.292673662941266e-06 0.00010434718570640815 2.5565610826041477e-05 0.00018555107978521535 2.8932159945308436e-05 4.896626597365395e-07 1.0857561147635858e-05 1.5715683514301563e-05 0.0 1.2749409641424386e-06 0.0 6.776386300151111e-06 8.578527237436237e-07 0.0 0.0 3.951596644304908e-07 0.0 6.434451336499638e-05 7.650819483885287e-07
2.247842288559198e-05 0.00010015985145909953 0.0018214022656520325 1.3950520649437094e-06 5.408622897604139e-05 2.2927200373832077e-07 1.367557158868622e-05 0.0 0.00011085421840237138 1.4716434023454744e-06 0.0014109795882442384 5.119162548969596e-05 0.00017329565523910236 0.0010042198696079486 1.988135663739465e-05 9.047122794177182e-06 2.289524919956238e-06 8.784282552373106e-06 4.7638607234629606e-07 3.287483524961299e-05 3.5656511153895414e-05 3.2777452120172457e-06 2.2877153946743938e-05 8.0053816338186e-06 5.943923791622138e-06 1.92226805320475e-06 9.402881934898225e-07 2.9163275131406076e-06 2.1870621937240632e-07 0.0 0.0002454448313267157 0.0008322265126686186 7.572310470665995e-05 2.9359636417917177e-05 5.314815035868722e-06 1.818639290665858e-05 4.4747112740124355e-05 7.398922514293255e-06 9.567742286899366e-06 3.0262462358465176e-06 4.739672585808157e-05 1.6833968408153858e-05 2.80772813622006e-05 7.117467373586753e-05 8.01409065590221e-06 2.4300458638025098e-05 3.7237738748959923e-05 9.497182530371435e-06 1.3852554657977947e-06 2.32592183065292e-05 2.300039337259313e-06 2.4928223194888674e-06 3.5189618996405543e-06 2.4606325467320197e-06 5.0719892015480794e-06 7.491379775433597e-06 8.123583534222978e-06 4.359186674061371e-05 7.255298440805885e-06 7.1869622673099365e-06 0.0001430867738472404 4.295670838064609e-05 1.8009404040661114e-05 2.4033536053539968e-05 1.7036393584393695e-06 1.4985339873736128e-06 5.713928274336624e-08 2.385615579411575e-06 2.0999733453539443e-05 0.00012369134073747303 2.9583295158857233e-05 8.72048284388053e-07 0.0 5.232367449487796e-05 1.2969503440900805e-05 3.8628440129338936e-05 3.388240946121607e-05 0.00043038104731908384 0.0007590409524596429 0.0009721679846862339 0.0003803145137491973 0.0005052605674408741 1.2544967215205848e-05 5.867342470001575e-07 3.235535887667039e-06 2.972222856121859e-06 8.60164004203178e-06 1.4922788678686094e-06 1.286661432752078e-06 3.063078674176922e-07 5.309060690950136e-07 3.8194753915806135e-07 4.4595650518176235e-05 8.005612944811774e-06 7.172389953358243e-06 5.863108884682266e-06 4.102186129144868e-06 4.019250785798353e-07 2.1325319130693656e-05 1.7425208786958757e-05 5.3494345293162547e-08 9.096004477819375e-07 0.0 4.371829731448526e-07 6.829206859816536e-08 3.8305577738751373e-07 6.790266855792543e-07 1.5189842586418037e-07 1.893223271929428e-07 6.866948407593482e-08 7.166860446082912e-07 3.4239783892708327e-07 5.753367077290767e-07 6.046674996234483e-07 1.7559118471758634e-06 0.0 0.0 0.0 0.0 0.0 0.0 0.0 0.0 0.0 0.0 1.5507280975564174e-07 0.0 1.3882056416507434e-06 2.9810004327541123e-07 0.0 3.8683928577590446e-07 1.0424878824392376e-07 0.0 4.2909935482104374e-07 0.0 5.807883394108314e-08 0.0 7.825842220914453e-07 0.0 2.1207922925347544e-06 3.4486615945430793e-06 3.531620160896731e-06 1.798773271974348e-06 2.696094484173917e-06 3.0575687642538254e-07 8.87672780036547e-08 0.0 0.0 0.0 0.0 0.0 0.0 8.559994640900043e-08 0.0 0.0 4.039667999199109e-07 9.447555394713323e-07 3.7857510115385534e-07 0.0 0.0 0.0 1.52437468840042e-07 2.1486552912334684e-07 5.401986262230016e-08 0.0 0.0 4.02521067133666e-06 1.3182701744098466e-07 0.0 0.0 0.0 0.0 0.0 0.0 0.0 9.788430928976615e-08 5.7171488581899275e-06 3.2355702554018126e-07 0.0 0.0 0.0 9.097470660818992e-07 1.8376208507457285e-07 3.3710836628903447e-06 0.0 0.0 2.1522280086775287e-07 0.0 0.0 0.0 0.0 0.0 0.0 0.0 0.0 0.0 0.0 1.8953736652192259e-06 5.61317606840227e-06 5.65861138252237e-06 0.00010274500139542796 7.4469262466868585e-06 8.913628866336565e-05 2.8368964271302187e-05 3.082583183956472e-05 1.3375742791904361e-05 2.7981884357106597e-07 1.2240296555317581e-05 2.825140678582612e-06 0.0 5.571714602315994e-07 1.4704359434742834e-07 1.1076111937860314e-06 0.0 0.0 0.0 8.375648326044826e-07 0.0 1.617231515526551e-05 1.6502037871108236e-06
4.6858359135608775e-06 0.00023304826125473938 0.00016909126859781794 6.437137005992092e-07 0.0013546476552653386 9.384574223044723e-08 0.0009420478010191436 0.00011085421840237138 0.0 9.882532522311542e-07 0.0005909308559947403 1.382927433148128e-05 0.0006824860932856458 0.0010675318339947975 4.314479473221508e-06 1.00509365575702e-06 0.0 0.0 0.0 0.0 2.9099606098463467e-07 0.0 6.202619877309361e-08 0.0 0.0 0.0 0.0 0.0 0.0 0.0 9.966038088542383e-06 2.4816905819719478e-06 1.6345795223174017e-05 0.0 0.0 5.3557736359229456e-08 9.327486701771769e-06 3.787017964439556e-07 7.081607875044907e-07 0.0 2.2279339625999982e-07 7.809002826927225e-08 6.272401793361281e-08 6.221101852176836e-07 0.0 0.0 1.005231825050802e-05 5.074258105266313e-07 0.0 0.0 0.0 0.0 5.25991595193309e-08 0.0 9.78396319582437e-07 2.0412960601636963e-06 1.474847392133537e-06 5.489221353670141e-06 2.8615808478290936e-06 2.088206317473548e-06 6.564832933423853e-08 1.0128834476787606e-06 0.0 2.003827109530034e-06 2.633683173547831e-07 1.9362344304858277e-07 4.867902328325365e-08 1.4585925354924946e-07 3.97668523542656e-08 5.784938570952982e-07 9.065288917331832e-06 0.0 0.0 1.4576478294964035e-05 1.4025634955821886e-06 1.0290019923600138e-05 5.631266657079829e-06 4.741052318287069e-06 1.7648418351953998e-07 5.433043039541016e-06 3.113681563305482e-07 7.054339765986458e-07 1.8152939448432235e-06 2.4042299123934195e-07 2.804482637749174e-07 1.3226593480874972e-06 1.4436464787573672e-07 3.345013290013748e-07 1.8812470680046825e-07 0.0 1.221632938432239e-07 0.0 2.3060645822831147e-07 5.335283258108931e-08 2.5969219275928396e-07 5.529721840286929e-06 2.970537371658623e-06 0.0 8.363367523687437e-07 2.0350847560830325e-06 0.0 5.549965087383994e-08 2.785044278803148e-07 0.0 5.848868274732936e-07 0.0 0.0 2.501780907484783e-07 5.912713307530187e-08 1.3864974733246628e-07 0.0 1.5601394220205273e-07 1.4015477477368754e-06 0.0 3.767426256935969e-07 0.0 0.0 0.0 0.0 0.0 0.0 0.0 0.0 0.0 0.0 0.0 0.0 0.0 0.0 1.048258680304764e-07 0.0 0.0 0.0 0.0 0.0 0.0 0.0 0.0 0.0 1.8037944313142576e-07 3.0736569746509207e-07 5.980799488140497e-07 0.0 2.646609972082225e-07 0.0 0.0 0.0 0.0 0.0 0.0 0.0 0.0 0.0 0.0 0.0 0.0 0.0 0.0 0.0 0.0 0.0 0.0 0.0 0.0 0.0 0.0 0.0 0.0 0.0 0.0 0.0 0.0 0.0 0.0 0.0 0.0 7.343420395658297e-07 0.0 0.0 0.0 0.0 0.0 0.0 2.0564170384648832e-07 0.0 0.0 0.0 0.0 0.0 0.0 0.0 0.0 0.0 0.0 0.0 0.0 0.0 3.447725560447721e-07 8.128265260619535e-08 5.341006184303468e-07 5.745036996209983e-05 2.202052120159801e-06 3.107918072111553e-05 1.0588842315292123e-05 2.145060217755241e-05 9.983918881340579e-06 1.8741636166180024e-07 4.353015531526486e-06 1.308874872300925e-06 0.0 1.644547852308328e-07 0.0 1.2230117655829507e-06 0.0 0.0 4.769044324445027e-07 0.0 0.0 6.306114927360001e-06 3.2484712907995897e-07
0.00046077049690161875 0.0005566636158135236 4.135498204922184e-06 0.0004034357447466627 4.7543948350636514e-05 0.00011972150210264192 0.0005382342967953243 1.4716434023454744e-06 9.882532522311542e-07 0.0 2.087252383064026e-06 0.0015962968120364091 0.001489569200752553 4.1221107759787466e-05 4.550352491902844e-08 0.0 0.0 0.0 0.0 0.0 0.0 0.0 0.0 0.0 0.0 0.0 0.0 0.0 0.0 0.0 6.16246023843739e-06 0.0 1.2247861082622731e-05 0.0 0.0 0.0 2.493122478122548e-05 1.244650419422298e-07 5.650249833507049e-07 0.0 0.0 0.0 4.789100057881168e-08 0.0 0.0 0.0 1.4762414636795539e-06 1.2667338781574428e-07 0.0 0.0 0.0 0.0 3.424400658658926e-07 0.0 1.1224039236741059e-06 1.0543052233372921e-06 1.31061247283954e-05 8.396262602111777e-06 1.6625802857707582e-06 1.0083970869103234e-06 0.0 4.607134879217283e-07 0.0 4.913504310399918e-07 1.817576840984115e-07 1.8582364981931264e-07 1.809595732444065e-07 6.364339283220369e-08 4.325388204014712e-08 1.201865846205079e-07 9.821698705908935e-05 6.576774234087954e-06 3.2613835432933657e-07 9.321890666261905e-06 5.956408274732362e-07 9.694423812537337e-07 9.299158606088748e-07 1.6764044773140034e-07 0.0 4.6267811162810975e-07 4.2283899946510185e-08 1.5177552991304745e-07 8.722402812689578e-07 2.5825307190836787e-07 9.055047422829667e-08 8.575216131618218e-07 1.0927395317263045e-07 3.2632547720110917e-07 4.734281964997067e-07 2.555972000886718e-07 0.0 1.5034654425112923e-07 0.0 0.0 0.0 0.0001460475489332116 5.003056459465883e-06 1.0655431252402154e-06 3.032887664900892e-06 0.00012050807460301843 3.1135424134204044e-06 3.642473322699317e-05 5.4058252359015476e-05 2.795362839820611e-05 2.306728410024339e-06 3.4660187884973954e-05 3.128573258013138e-05 1.7338598078884536e-05 3.767487915141625e-05 3.3751952062051825e-05 8.435144023947309e-06 2.2315440586645034e-05 7.061752072233123e-05 1.5722880840923143e-05 3.0661417283905926e-05 0.0 0.0 0.0 0.0 0.0 0.0 0.0 0.0 0.0 0.0 0.0 0.0 0.0 0.0 0.0 0.0 0.0 0.0 0.0 1.5734721383117829e-06 2.8426196207258506e-06 0.0 6.403438027244841e-07 0.0 7.489623004516079e-06 4.6915289154380235e-06 6.5760773774266395e-06 5.410173729152267e-07 5.288180862799867e-07 2.293484753856898e-07 1.836892535557764e-07 0.0 0.0 9.790867571701051e-08 0.0 0.0 6.339597987864523e-08 2.0954610358240434e-07 0.0 0.0 0.0 1.6149877648796455e-07 0.0 5.6699283106758145e-08 3.905111225459975e-07 0.0 1.2035808388676291e-06 1.129648014730747e-06 3.264798863170051e-06 0.0 0.0 9.992092149590347e-06 4.15283681033922e-07 1.4265180455351727e-07 2.6014656837086115e-07 0.0 0.0 0.0 0.0 0.0 6.597142512002811e-08 2.92548866669291e-05 5.794710036567027e-07 0.0 0.0 0.0 1.1811754418786332e-05 3.1941503830311835e-06 5.518147606424938e-06 6.074707496108996e-07 2.538014298612567e-07 2.386286575238984e-07 0.0 0.0 2.2471279697741475e-07 0.0 0.0 0.0 0.0 0.0 0.0 0.0 2.354473761315546e-05 1.8270753910340808e-06 2.6840207132244876e-06 8.853311619277067e-05 2.0089791072487276e-07 9.99911379115965e-06 1.5323932186200896e-06 0.00016936387904059898 2.458849929454268e-06 0.0 7.457186209594823e-08 0.00026927141663768764 0.0 8.063338067531823e-07 3.824443117740969e-07 0.00010988713062344931 3.4442965303849906e-07 0.0 2.900203183694395e-07 3.7616173933124077e-07 0.0 0.000585277913935167 1.4629838928854467e-05
3.0394412141594243e-05 0.00020113735004192453 0.0011752533886669747 4.267255593144359e-06 0.00027676239559371545 5.268242076635564e-07 9.872191096510337e-05 0.0014109795882442384 0.0005909308559947403 2.087252383064026e-06 0.0 0.00013887008450312325 0.000546588743344472 0.001989175821574158 1.5655446098590605e-05 3.896269020262677e-06 1.6789781495305347e-07 1.5626523771819412e-07 3.687478829542812e-08 5.905678270577204e-07 3.7621512619504373e-06 5.1380599052045344e-06 1.2544954112914037e-06 4.337647332047898e-07 5.4367575881179376e-06 2.1822140200965494e-07 4.064529570771413e-08 2.6334756247060858e-06 0.0 8.115642771044347e-08 0.00015464089201137204 2.9184066460287323e-05 0.00016341089130712057 6.71825244816336e-07 8.591902900731498e-07 8.872793241114993e-06 9.820246829410658e-05 1.640447701582765e-05 9.690938063771453e-06 4.27361488690543e-06 5.884402421043483e-06 1.199922929388665e-06 1.4116859327848873e-07 2.097759028005099e-06 1.1625457273634391e-07 4.706963885585151e-07 3.6334123124853596e-05 1.6892469594706653e-06 4.121104622730772e-08 4.206619963288596e-07 1.6002021849856663e-07 2.331827186992842e-06 3.948318151288903e-06 1.53261640264629e-06 4.309795858010718e-06 7.2204103340933565e-06 7.720352984681846e-06 3.221463577216871e-05 7.067188207677675e-06 7.569139554304567e-06 1.9657910275884453e-05 5.520101515271744e-05 5.365032458539321e-06 1.3347696824277812e-05 1.3291719469851137e-06 9.060335957935595e-07 5.162536506042151e-07 3.979327223376144e-07 8.252314871983815e-07 4.5106797726945185e-06 4.308364537021781e-05 6.397384775665225e-07 0.0 4.8464921374223305e-05 7.892707952532721e-06 3.523270034865397e-05 2.7367319163354932e-05 2.5956536814692202e-05 7.3240019850510596e-06 0.00011250223661793198 8.998096413615014e-06 5.9550327682039066e-05 6.861137116011403e-06 7.59219069020104e-07 8.663383953538013e-07 4.12836836541592e-06 6.361360203443925e-07 1.480321979059491e-06 1.1890727445997398e-06 5.427788839604097e-08 1.4352620251556998e-07 1.5408861813426665e-07 3.1873466787818835e-06 1.3172660489233556e-06 2.3722108927850222e-07 2.691029831448875e-05 4.4954492938258725e-06 5.180622010842327e-07 9.176771730193338e-06 1.7418362645902397e-05 4.902185753958343e-08 4.730795004061129e-07 1.2536862606438852e-07 3.319122821264885e-07 1.4833151598111326e-07 8.902652318428317e-07 9.315971042861398e-07 4.2375334476258347e-07 3.409038954240763e-07 1.329084395741632e-07 1.2231805937329906e-06 3.6797752898524683e-07 2.9451975284418455e-06 1.0043043738430919e-06 4.295812611664625e-06 4.590573741579195e-08 0.0 0.0 0.0 0.0 0.0 0.0 2.1336945799051816e-07 0.0 0.0 0.0 0.0 2.925032985556095e-07 0.0 3.210430716953816e-07 0.0 4.7472128885280544e-07 0.0 2.2590279698144607e-07 2.0586984148701875e-07 2.1681045778020486e-07 0.0 3.8002204140620823e-07 0.0 1.5211336568666338e-06 1.22135971168421e-06 5.272702059136311e-06 2.4108229704351115e-06 2.485368971697155e-06 1.0892335451481847e-06 0.0 0.0 0.0 6.70212439898338e-08 8.977863308943783e-08 0.0 0.0 0.0 0.0 0.0 1.9675602697456644e-07 2.7598584246039293e-07 1.13119267759976e-07 3.9127177553620176e-08 0.0 4.635681303009457e-08 0.0 1.1508879442283445e-07 0.0 0.0 9.467273891585884e-07 2.9089323712218756e-06 0.0 0.0 0.0 0.0 0.0 0.0 0.0 0.0 0.0 4.853420008049346e-06 5.770789615533223e-07 0.0 0.0 0.0 1.3782088426701717e-06 2.08186765231386e-07 3.3264984671470867e-06 0.0 0.0 9.404995850915519e-08 0.0 0.0 0.0 5.333915496080658e-08 0.0 0.0 0.0 0.0 0.0 0.0 2.301869055485007e-06 3.6064850135401748e-06 7.940708851704983e-06 0.00014522155321802595 5.067878866784872e-06 9.267115284460951e-05 2.71320081501305e-05 5.2191457495193254e-05 2.285585461367698e-05 9.618024424977045e-07 1.332658771144849e-05 4.906511572754106e-06 0.0 9.333998870077635e-08 0.0 1.164676602906199e-06 0.0 0.0 0.0 1.7940672261899783e-06 0.0 1.796215074646352e-05 1.6788557565395127e-06
