0.0 0.002110005752343839 0.00015264546099305953 0.000463713027521152 0.000472061346931219 8.572245542236049e-05 0.0004677577921388217 3.42671779672259e-05 1.1314682139758982e-05 0.0005314979380502052 7.668471848405868e-05 6.647763412635381e-05 7.812157610311073e-05 4.859369688133117e-05 5.490014904734339e-07 5.888262883226932e-07 6.297088468092321e-08 0.0 0.0 4.10136702589509e-08 0.0 0.0 1.6745278356046573e-07 0.0 0.0 0.0 0.0 0.0 0.0 0.0 0.0002857677546972543 1.8362005466028292e-07 3.08511363911949e-06 0.0 5.994577792288283e-08 7.333841320241722e-08 2.3035477963303558e-06 0.0 4.4071853000489136e-07 0.0 0.0 0.0 0.0 2.785742651492048e-07 0.0 8.039006519652839e-08 4.835565662991488e-06 6.730191669487105e-07 5.596252167284958e-08 0.0 4.447176438240272e-08 0.0 0.0 3.8264749766960655e-08 1.9429509001565123e-06 1.3349228702422894e-06 0.00015301390649539315 0.0005173151029804061 3.1940677670563344e-05 4.733915121862125e-06 0.0 1.9597934131350892e-07 0.0 1.0439788658999458e-06 2.3968921239128243e-06 2.1136323322387087e-06 8.990492614956409e-07 1.1128087307190331e-07 3.33570157642054e-08 0.0 5.8628078706306465e-06 1.3041905503034072e-06 0.0 6.059346945456479e-05 1.0620406748097031e-05 1.1452844858878437e-05 2.1265967741504595e-07 1.433337297214291e-07 0.0 2.0032925387770754e-06 3.9465771304199966e-08 3.84387416542902e-07 5.782397426881487e-06 1.2095758816030843e-07 2.722862157230127e-06 3.6401520401718587e-06 3.6126966142467674e-07 3.965005582318231e-08 1.3583011945698853e-06 0.0 2.992979498547692e-07 5.0352608399917595e-08 0.0 0.0 5.470856140112729e-08 7.372286470577044e-06 6.275161619988883e-06 0.0 1.9710229316815813e-06 0.0005743443386515098 6.824248797888391e-08 9.554315456007846e-07 0.0 0.0 0.0 4.3045406300690936e-06 1.997862610051016e-06 0.0 4.708218274024146e-06 5.571681158100741e-07 4.2773675819798695e-07 4.835755583301579e-06 7.929008877864613e-06 2.3631710925958587e-06 9.374378231579473e-07 0.0 0.0 0.0 0.0 0.0 0.0 0.0 0.0 0.0 0.0 0.0 0.0 0.0 0.0 0.0 0.0 5.548547763174664e-07 0.0 0.0 5.239104219262143e-07 1.283357780213176e-07 0.0 0.0 0.0 8.772150756785546e-07 1.8298698695997642e-07 1.621506387599226e-06 1.7183810377860168e-06 2.355335301848058e-07 0.0 0.0 0.0 0.0 0.0 0.0 0.0 0.0 6.386465484748394e-08 0.0 0.0 0.0 0.0 0.0 0.0 6.02178728776015e-07 0.0 0.0 0.0 0.0 0.0 0.0 9.992008934507552e-07 0.0 0.0 0.0 0.0 0.0 0.0 0.0 0.0 0.0 4.441132250535448e-06 0.0 0.0 0.0 0.0 0.0 0.0 0.0 3.204853002603953e-07 6.502569281942305e-08 4.2386482019795626e-07 0.0 6.095469503721262e-08 0.0 0.0 0.0 0.0 3.548778357630552e-08 0.0 0.0 0.0 3.259362497722565e-06 1.250828968978822e-06 5.344571595045239e-06 6.366655279227434e-05 9.774355494396046e-07 2.6488034723729935e-05 1.500622630252554e-06 0.00036951296199187863 2.1310481878325694e-06 3.421037854357394e-07 3.9945738546297137e-07 2.0689042401160227e-06 0.0 3.3212624455856097e-06 2.683486032056484e-07 8.45657546564542e-06 3.200037553868076e-07 0.0 2.022067767337617e-07 4.602896401756847e-07 0.0 7.433571866296182e-05 4.753164182647866e-06
0.002110005752343839 0.0 0.00041222033750376927 0.0001634318656683183 0.0018873799852933638 4.4280818540338235e-05 0.0024621041793338205 0.00013076431353922964 0.0006920489494184103 0.00030765042118854815 0.0006195151465291151 5.6826148306884454e-05 0.0002471016777264976 0.0003445533015153757 5.271268316157643e-06 1.6294627920771752e-06 2.650929002864567e-07 5.590261457842484e-08 0.0 0.0 4.4882432844959606e-08 0.0 8.534499488711683e-08 0.0 0.0 1.1931910377648242e-07 0.0 0.0 1.2762319821391431e-07 1.0099122507322862e-07 0.0010787661621622204 4.4373450541626354e-06 1.0296957206972547e-05 3.561062042128645e-08 1.8535815018939593e-07 0.0 8.646585954895473e-06 3.314638798449545e-07 4.873841999606949e-07 1.0981332476756298e-07 0.0 0.0 0.0 6.223968986198522e-07 3.4897933358343047e-08 1.460185406519215e-07 4.397822782589987e-05 2.199662943540469e-06 1.3567046763537685e-07 9.327214135378094e-08 4.5772816011569137e-07 3.952909757523792e-08 5.163338580684488e-08 5.413428111240972e-07 5.342741145995723e-06 5.089279439503782e-06 0.00015253412632645902 0.0005416140989386238 4.615185920306292e-05 2.1399078422417448e-05 2.904474631941422e-07 6.924876725695964e-07 4.127429374612551e-07 1.201255972498766e-05 8.075947940814945e-06 8.666476533818017e-06 3.474916413885831e-06 6.37329375687955e-07 1.1174231890730077e-07 4.3231315058571266e-08 6.091176863990415e-06 0.0 0.0 0.00017212483989134073 4.868318216757974e-05 4.189452442735216e-05 1.6762977015248296e-06 2.0199945632488977e-06 7.580054213055417e-08 1.8670200373444087e-05 4.2537311585704935e-07 2.068255227092081e-06 2.0870246261515068e-05 1.0618971909482268e-07 7.816465129310482e-06 1.2787919911731526e-05 1.5578158409950816e-06 3.577498076111067e-07 6.00810995402488e-06 1.091428118830731e-07 5.325599864584645e-07 8.503234498758407e-08 5.0854580578651775e-08 1.2703461231125845e-07 6.842401635550123e-08 3.3924443073941086e-06 2.9257024014348446e-06 0.0 1.834697662473262e-06 0.00036502213588347017 0.0 0.0 0.0 2.634444898899151e-07 0.0 1.6888593728819797e-06 9.25237329956995e-07 4.968554654368618e-07 7.022935850815302e-07 4.450369403168814e-07 1.7625213207961706e-07 3.234656177549033e-06 2.8716612620085502e-06 2.6097300242837504e-06 8.540391978080722e-07 0.0 0.0 0.0 0.0 0.0 0.0 0.0 0.0 0.0 0.0 0.0 0.0 0.0 0.0 0.0 0.0 0.0 0.0 1.023675021630705e-07 0.0 0.0 0.0 0.0 0.0 1.5922060656283767e-06 0.0 6.688368704175047e-07 3.3919079646900086e-07 4.599107681055301e-07 0.0 0.0 0.0 0.0 0.0 0.0 0.0 0.0 1.3326813854612452e-07 0.0 0.0 0.0 0.0 0.0 0.0 0.0 0.0 2.0174590292791168e-07 0.0 0.0 0.0 0.0 5.978100741187173e-08 0.0 0.0 0.0 0.0 0.0 0.0 0.0 0.0 0.0 3.0098904275602122e-06 0.0 0.0 0.0 5.185665608958725e-08 0.0 0.0 0.0 0.0 0.0 0.0 0.0 0.0 0.0 0.0 0.0 0.0 0.0 0.0 0.0 0.0 1.509214887824686e-06 4.1199471306267585e-07 7.479196238365069e-07 0.000165645238314016 3.2183188284140516e-06 0.00014835250100042355 8.671969421546142e-06 0.00019103249926267718 1.4986157516897956e-05 1.4536078760152463e-06 2.174602774339316e-06 7.076140059010978e-07 5.347622124616464e-08 1.1412641585479507e-06 0.0 2.650449856614877e-06 0.0 0.0 4.265698699238579e-07 3.252274336592621e-06 0.0 0.00013319312255876913 2.6982871275882403e-06
0.00015264546099305953 0.00041222033750376927 0.0 2.563119174909634e-06 0.00027263143323753413 2.0648879491596238e-07 2.619126561249911e-05 0.001167504031405945 7.693515476852629e-05 4.9907211893527765e-06 0.0005517291034270604 2.6864682957515203e-05 9.38733284725866e-05 0.0002035435959079551 7.461589857929889e-06 7.0313215114659305e-06 1.4915084444708847e-07 0.0 0.0 1.2215343868044544e-07 6.799609470175272e-07 2.876683453923483e-07 1.9072425406866393e-06 8.171566176853258e-07 2.8942412833508216e-07 4.934844498113392e-07 3.4634185484782235e-07 7.636572357428251e-08 0.0 0.0 0.0023080492382541104 9.800601067427727e-05 8.773257695063033e-05 4.283127139482484e-07 1.7963370035022335e-06 2.985056408290546e-06 6.490320037198156e-05 3.676487194518023e-06 4.535336302775901e-06 9.412255330572828e-07 2.3720903073065456e-07 5.5811538373999386e-08 0.0 1.2592016582094306e-06 2.1260458381925637e-07 1.24085195462884e-07 1.6588797710237924e-05 6.114988906971199e-07 3.32711177272516e-07 4.178081388477877e-08 2.553139638429375e-06 3.027583060950678e-07 3.812861973533708e-08 6.581338270654193e-07 1.680293266160637e-06 1.4165240779988455e-06 7.351194421269075e-05 0.0004115439867782332 2.606417174962734e-05 6.004329118230616e-06 4.927878354786121e-06 1.4230600014786565e-05 1.8202472893076232e-06 2.42052146845655e-05 2.2334530701764654e-06 2.4323820265985897e-06 1.643246061784434e-06 6.778273190576896e-07 4.1916001692732977e-07 6.125344786890997e-07 2.527124246512408e-05 2.966534962588835e-07 0.0 6.726276712264971e-05 2.6233950213567865e-05 1.676136676832304e-05 2.300189219097322e-06 3.777170534437836e-06 4.545835542725779e-05 0.0006439949285353563 1.5278965180505248e-06 0.00013723710615784634 6.008776914475872e-06 0.0 2.9832329731033217e-06 3.5583101834848883e-06 5.4992428788936e-07 5.434937884800955e-08 1.8122417065394315e-06 1.0671199507232375e-07 5.520353174319052e-07 2.0387185724137662e-07 7.62776284238396e-07 7.819679405589834e-07 6.19159562399369e-07 9.495619829159927e-07 2.140690246380835e-06 0.0 1.1603688338756456e-06 4.806503441169397e-05 0.0 0.0 0.0 0.0 1.1074515440003695e-07 2.2941679223248988e-07 2.72236415025621e-07 1.9768489616177446e-07 1.1995425808457e-07 1.585360519780416e-07 1.3640268170696307e-07 1.7028044846989868e-06 1.615378335812508e-06 1.3745332187644415e-06 4.4187671107926107e-07 0.0 0.0 0.0 0.0 0.0 0.0 0.0 0.0 0.0 0.0 0.0 0.0 0.0 0.0 5.259723609330499e-08 0.0 0.0 0.0 1.6177084006690435e-07 0.0 0.0 0.0 9.645172859131398e-08 0.0 2.009342411025528e-06 0.0 1.362369075441096e-06 3.215695497659239e-07 5.493368102939526e-08 6.057653150365646e-08 0.0 0.0 0.0 0.0 0.0 0.0 0.0 2.3560981162502654e-07 0.0 0.0 0.0 0.0 0.0 0.0 0.0 4.0564721319064665e-08 0.0 0.0 0.0 0.0 1.3603573775294004e-07 1.2096413724859326e-07 0.0 0.0 0.0 0.0 0.0 0.0 0.0 9.694265994974861e-08 0.0 2.4146941449535697e-06 2.199939055052658e-07 0.0 0.0 0.0 2.1411147215565604e-07 0.0 0.0 3.5022724854288984e-07 0.0 0.0 0.0 0.0 0.0 0.0 4.1296317858753024e-08 0.0 0.0 0.0 0.0 0.0 9.470849909701254e-07 6.624747837920153e-07 1.4508105410224664e-06 5.051049261122561e-05 1.784969963852264e-06 4.547556469243051e-05 5.452594834598228e-06 1.5553647525622275e-05 3.7920811573770913e-06 2.2400696579478878e-07 1.2395237995246782e-06 5.19711491035782e-07 0.0 1.2592377708247816e-06 0.0 7.596732189535072e-07 0.0 0.0 0.0 7.63707827856096e-07 0.0 3.138517638385121e-05 2.471086208813874e-06
0.000463713027521152 0.0001634318656683183 2.563119174909634e-06 0.0 6.163737040419003e-05 0.00010141104499449247 0.0009147379417572069 5.862220133021806e-07 4.935237508413839e-06 0.0008775534982620923 2.363425522238098e-06 0.00019626593239725667 0.00027338436339818356 9.773238970723438e-06 3.0234016224637933e-07 9.440747699809906e-08 0.0 0.0 0.0 5.150792607638211e-08 0.0 0.0 0.0 0.0 0.0 0.0 0.0 4.716299764463251e-08 0.0 0.0 2.0694830625143574e-06 4.739659696090799e-08 4.435754763268184e-07 0.0 0.0 0.0 6.587390148256228e-07 0.0 8.715615744041396e-08 0.0 0.0 0.0 0.0 8.362504504529624e-08 5.875699001755619e-08 0.0 2.7646114997392917e-06 9.626015069560154e-08 5.6245169272651716e-08 0.0 0.0 5.4618830766205536e-08 0.0 3.963494904286079e-08 4.961003701833773e-07 4.1381717319953534e-07 5.1292989740869214e-05 9.465208751264394e-05 8.32002545382831e-06 2.201880461583542e-06 0.0 5.0382610699648205e-08 8.189376511823451e-08 4.1792074416427206e-07 8.570135271932723e-07 8.227994681595873e-07 2.177184792210164e-07 9.559233545045475e-08 0.0 0.0 4.8452271510433585e-06 0.0 0.0 2.3272695450971042e-05 3.4432952575352352e-06 5.389131481229461e-06 5.31567264930697e-08 4.7472335623092214e-08 3.7610377216179175e-08 1.3306876349766007e-07 4.4232295262930085e-08 3.4970151113659305e-07 2.881989118980861e-06 3.898421668010859e-08 8.937516276031026e-07 1.8673592690669917e-06 2.89970861825905e-07 0.0 2.6258082927862514e-07 0.0 4.475141857758433e-08 6.63871556440529e-08 0.0 0.0 0.0 1.0972283606348412e-05 6.661694023828374e-06 0.0 1.073197605406757e-06 0.00032673411296111433 4.267789723997802e-06 2.548659986638662e-05 5.594453687211758e-05 4.337605698853149e-05 1.8536402324276101e-07 6.208881809589613e-05 2.284023463225772e-05 3.2041953506337776e-06 5.858410513090736e-05 8.87003195471428e-06 6.032895971565076e-08 4.2356353678554494e-05 6.0749379682909215e-05 1.3260963441443146e-05 1.8826427545159856e-06 0.0 0.0 0.0 0.0 0.0 0.0 0.0 0.0 0.0 0.0 0.0 0.0 0.0 0.0 0.0 0.0 0.0 0.0 0.0 1.0005932003685973e-06 0.0 0.0 0.0 0.0 1.724282783633189e-06 0.0 1.5923017733220355e-06 2.1738327835664222e-06 2.913714404210102e-07 0.0 0.0 0.0 5.072605919004296e-08 0.0 0.0 0.0 5.43881221492455e-07 1.962057710844506e-06 6.048210762631124e-08 0.0 0.0 0.0 0.0 5.262902696042178e-07 8.026822680312119e-07 1.4959250976074824e-07 1.7688220735035349e-06 1.5078669001961006e-06 2.2077207370055378e-07 0.0 0.0 7.249267011663429e-07 8.836789803133235e-08 3.9083059485707944e-07 1.2919952963730828e-07 0.0 0.0 0.0 0.0 0.0 0.0 6.2948618365785046e-06 8.59051353204582e-07 0.0 0.0 0.0 0.0 3.711290326979547e-08 1.8266523334020263e-07 2.97048710823189e-06 1.8547899955671623e-06 3.205700256367768e-07 1.541990149539126e-07 0.0 0.0 0.0 0.0 0.0 0.0 5.086876106112656e-08 0.0 0.0 4.795143877555594e-06 1.2559364973016984e-06 2.806547756153257e-06 4.7092893483241273e-05 2.8387307885268436e-07 1.1951379406546158e-05 6.119814983756053e-07 0.00028958163738926194 9.288078213861865e-07 6.195065048202382e-08 3.51818052963868e-07 5.527925584462261e-06 0.0 4.516542694515976e-06 2.410980386124083e-07 1.2394735226776916e-05 3.323875385553699e-07 0.0 0.0 7.332160983446062e-08 3.432482800531526e-07 7.321575704076926e-05 6.265322754024781e-06
0.000472061346931219 0.0018873799852933638 0.00027263143323753413 6.163737040419003e-05 0.0 1.3771996213940767e-05 0.0009994683168351697 0.00016321318006589177 0.001374693347210173 0.0002554667953042522 0.0006406184555691914 8.803496632691881e-05 0.00023302824806264554 0.0004932199383368352 1.7949784970303104e-05 3.846790895338993e-06 1.9169995576729366e-07 2.991545524477586e-07 4.775432018864614e-08 0.0 0.0 0.0 1.1688654162557973e-07 5.060477592531024e-08 0.0 7.397719469786257e-08 0.0 1.9335842543343402e-07 0.0 0.0 0.0001732841666368886 3.4221276161476527e-06 6.740069426960097e-06 6.000086176816879e-08 4.95842908134503e-07 2.8002416179177103e-07 6.198275466532459e-06 3.1393197375665333e-07 1.1791832237090126e-06 6.629355730935003e-08 0.0 1.6585618734031948e-07 0.0 7.420649696717952e-07 4.714684106008469e-08 1.0048624648920239e-07 7.602252530131242e-05 2.0908414692556806e-06 4.144626435404845e-08 4.391104866934603e-08 4.233837726000547e-07 0.0 1.4267769633485924e-07 1.7840368471533084e-07 3.6585807228320127e-06 4.4742024227331155e-06 5.256693282802837e-05 0.0001592269294361876 2.2854778675261757e-05 2.300853436731639e-05 4.1208306237624723e-07 1.9959776946881113e-07 3.628761479056918e-07 1.781822028374662e-05 6.979900465627235e-06 6.50530365793302e-06 3.6651608729712952e-06 4.728791622214269e-07 2.185170714712829e-07 0.0 9.368018260813274e-06 4.790389681483643e-07 0.0 9.165753810500461e-05 3.838263122722749e-05 4.139735343236702e-05 7.052933840823306e-06 7.80997515832929e-06 3.921875887008698e-07 1.2738348841950991e-05 2.929971678958943e-07 2.0299210472387973e-06 1.5380189416614363e-05 3.8572683672894745e-08 8.76073866005821e-06 1.1083427059072042e-05 1.4357574404737115e-06 2.186441952877019e-07 4.5639821611912675e-06 4.753928258115213e-08 8.106626099956219e-07 3.1050842241746504e-07 0.0 0.0 7.363061629579623e-08 2.5844776434041473e-06 1.110945014901164e-05 0.0 2.066046452000614e-06 2.5162281233620312e-05 0.0 7.35139664703979e-07 0.0 0.0 0.0 2.762736695648672e-06 3.48004270217773e-07 5.070645157723667e-07 0.0 1.63172783082487e-06 0.0 4.863950412669612e-06 5.618706160117388e-06 5.491158560808436e-06 2.617925576114552e-06 0.0 0.0 0.0 0.0 0.0 0.0 0.0 0.0 0.0 0.0 0.0 0.0 4.472002845616755e-08 0.0 0.0 0.0 0.0 0.0 0.0 0.0 1.624414927086132e-07 0.0 0.0 0.0 3.7378154996035877e-06 0.0 1.8338189080823222e-06 3.2220936481475617e-07 3.141640877462061e-07 0.0 0.0 0.0 0.0 0.0 0.0 0.0 0.0 0.0 0.0 0.0 0.0 0.0 0.0 0.0 0.0 0.0 3.144059002367226e-07 0.0 0.0 0.0 2.375535953287005e-06 1.6180056935253275e-06 1.054909850026022e-07 0.0 0.0 0.0 0.0 0.0 0.0 0.0 0.0 7.83455375015518e-06 0.0 0.0 0.0 0.0 0.0 0.0 6.809085854665855e-07 1.8282972433677575e-07 3.947447395372425e-07 0.0 0.0 0.0 0.0 0.0 0.0 0.0 0.0 0.0 0.0 0.0 1.1598677294917366e-06 3.413728597307022e-06 5.009509818355501e-06 0.0002680059459231224 4.88307507977996e-06 0.00022878213153389905 2.5837675116231938e-05 5.044851624216513e-05 2.6518981187480148e-05 3.126551765053159e-06 6.1242676877548116e-06 5.6130082225476736e-06 0.0 3.064440153256883e-06 4.786157377869386e-07 2.4740065236590217e-06 2.09778318432114e-06 0.0 6.896703490443346e-08 2.7121448813928805e-06 0.0 8.312066285082579e-05 3.1603358528772285e-06
8.572245542236049e-05 4.4280818540338235e-05 2.0648879491596238e-07 0.00010141104499449247 1.3771996213940767e-05 0.0 4.837679879648657e-05 1.5659784361235466e-07 3.5574092629489843e-06 0.0005038304598748247 2.923616905211191e-06 0.00013353573795963172 5.928342068466249e-05 6.469247406993256e-06 0.0 6.392703206949998e-08 0.0 0.0 0.0 0.0 0.0 4.399916592093056e-07 0.0 0.0 6.175652445469092e-08 0.0 0.0 0.0 5.8111643182986605e-08 0.0 6.765242389987472e-07 0.0 6.221176766969995e-07 0.0 0.0 0.0 3.0641171125706277e-06 4.050732465431298e-07 1.8243805765573167e-06 0.0 0.0 0.0 0.0 0.0 0.0 0.0 8.866445309950709e-07 5.1300081090413824e-08 0.0 0.0 1.2807189364070572e-07 7.050873907170052e-06 1.4838449971252632e-06 4.689706890842201e-08 5.963106416674423e-08 2.3558184718055873e-07 0.0001453467153756417 5.034797119038842e-06 4.798387077078937e-07 1.1568704441707768e-07 0.0 1.743259720862735e-07 0.0 4.4131452304015337e-08 1.701323129681478e-07 7.219314504504783e-08 4.8708286714573194e-08 7.39421903897596e-08 1.0421734171417877e-07 0.0 6.046864338008274e-05 4.435475750006112e-05 6.924957875887673e-06 8.575274144874665e-07 4.379814433741644e-08 6.668414103445537e-07 0.0 0.0 0.0 2.7704813256876823e-07 0.0 0.0 2.9015260796377047e-07 6.233331484806475e-07 1.0147419352034924e-07 2.920842444899974e-07 2.0508572669225853e-07 1.4548917313311592e-06 7.166869210509853e-07 4.185022619268322e-06 4.3319965662705427e-07 2.057854059332995e-06 0.0 0.0 1.633646313921673e-07 7.088111802146135e-05 6.864772300578364e-05 9.307416491756005e-06 2.5675404146831487e-05 0.00016758766376278095 6.228500175251329e-08 1.6446784042702625e-06 5.878030867205163e-07 5.139087973050208e-07 1.1242935239514141e-07 7.587249369712079e-07 8.900237045419803e-06 4.1488281224376423e-07 2.188995141758742e-06 2.3435955264448972e-06 8.404787238590452e-08 9.677721827906963e-06 1.0419798449430618e-05 6.905939167500493e-06 2.2166741369820213e-06 2.0056866611924226e-07 1.3759995255046503e-07 0.0 0.0 0.0 0.0 0.0 0.0 0.0 0.0 0.0 0.0 5.223561526424122e-07 0.0 0.0 0.0 0.0 1.0369530624910106e-07 1.4341062869354763e-07 0.0 0.0 0.0 0.0 0.0 2.4628889863967805e-06 0.0 3.2084656097085765e-06 1.1948295383994895e-06 6.71232627667297e-07 0.0 0.0 0.0 0.0 0.0 0.0 0.0 0.0 4.2203918789724273e-07 0.0 0.0 0.0 0.0 0.0 0.0 0.0 0.0 0.0 0.0 3.053676253761351e-07 0.0 0.0 1.7072324939221688e-06 0.0 0.0 3.5479870067543294e-07 0.0 0.0 0.0 0.0 0.0 0.0 1.0348211844215613e-05 9.276530367372549e-08 0.0 0.0 4.459783514442753e-08 1.5252348190638504e-07 0.0 1.1736640941253965e-07 3.4826133899633363e-07 0.0 5.584149192121178e-08 5.392115947888291e-08 0.0 0.0 0.0 0.0 0.0 0.0 0.0 0.0 0.0 1.2167104382295285e-05 3.6173358908826986e-06 4.630016836128379e-06 3.232345622150234e-05 0.0 2.133388233954674e-06 2.954202785585924e-07 8.953401852480268e-05 5.986381973943715e-07 0.0 9.364751624329327e-08 8.846301874467175e-07 0.0 4.335878534288661e-06 0.0 1.9699362295993674e-05 1.8373368572975126e-06 0.0 0.0 0.0 0.0 9.796623791161584e-05 2.1116371536302963e-05
0.0004677577921388217 0.0024621041793338205 2.619126561249911e-05 0.0009147379417572069 0.0009994683168351697 4.837679879648657e-05 0.0 3.088347515861279e-05 0.0014883339940424372 0.0012537397872429354 0.0001539076771007265 0.0003598666616722597 0.0025134031170801763 0.0020804001412749198 1.6238156094541426e-05 5.206722309115778e-06 8.032126889294285e-08 4.403015757176484e-08 0.0 0.0 4.163020110506728e-08 5.867569681845946e-08 4.417864474168064e-08 0.0 4.122166475264182e-08 3.6613677482922665e-08 0.0 0.0 4.0896758470021204e-08 3.4579273898394106e-08 3.867612832619669e-05 2.169105388378839e-06 2.0291478062980207e-06 0.0 2.571633844474056e-07 4.090266727523302e-08 4.7058998317679625e-06 9.100768113596975e-08 1.150867426342529e-06 4.4359347575655617e-08 5.7824952374337696e-08 4.8133829291705965e-08 3.84752468899217e-08 1.3173877334871119e-06 3.717414293305235e-08 7.601173153927435e-08 5.897457423559214e-05 1.798140778423932e-06 5.1959146558602e-07 8.852315855111697e-08 3.654802961696568e-07 0.0 0.0 1.0709453333185079e-07 4.978106013731934e-06 3.4256123291460687e-06 7.588697221999047e-05 0.00017189735504765058 2.604780141453851e-05 2.077008599061372e-05 4.3150994634721976e-07 8.40781116228738e-07 2.557576250846945e-07 1.1844092638784682e-05 6.542151874030737e-06 5.059983817275695e-06 3.082350521894186e-06 4.903858080049392e-07 4.8866212372022075e-08 1.020664001100271e-07 1.4062810400077514e-05 3.100128433189573e-07 0.0 9.619673542846658e-05 3.253788795870088e-05 3.952118876621845e-05 5.5744884613584196e-06 7.5767096310452906e-06 2.2708580107810779e-07 1.2304424566894693e-06 3.88705488837432e-07 2.135685624873479e-06 1.5614333532530743e-05 7.604407395988094e-08 7.231477776783136e-06 1.0027378902748253e-05 1.7450021391151328e-06 8.529654463448068e-08 4.121906049062198e-06 9.837127124284718e-08 3.446990574912152e-07 2.141103638484078e-07 0.0 7.988645493318101e-08 2.8252650179695995e-07 1.6101066590607537e-05 1.8162048712266608e-05 0.0 6.400925861930775e-06 0.00013421082977814057 1.976377485764259e-06 4.937739773665165e-06 3.0345527609366622e-05 1.477165733766413e-05 1.3342658748060258e-07 3.2373005349399495e-05 6.127769262624208e-06 8.353744944565697e-06 4.37416172680826e-05 3.820014754501508e-06 8.194153153554799e-07 2.7085453614142558e-05 2.4383839452200592e-05 1.8302822138488817e-05 1.3236913476422805e-05 2.3035463467554797e-07 0.0 0.0 0.0 0.0 0.0 0.0 0.0 0.0 0.0 0.0 0.0 0.0 0.0 0.0 0.0 0.0 0.0 0.0 1.1292920871458357e-06 1.3012248306129302e-06 0.0 9.441560891814303e-07 5.854407281958926e-07 7.284477208151325e-06 7.396369610060972e-07 8.146005329040187e-06 3.814007293693764e-06 9.67121710441375e-07 0.0 0.0 0.0 1.0541493107413333e-07 0.0 0.0 0.0 1.7498751580747266e-06 2.8360070080834307e-06 0.0 0.0 3.573074337608483e-08 4.3681601117524693e-07 0.0 1.6074919204497572e-07 4.755912128089494e-07 1.1189964653385913e-07 9.780571180459402e-07 1.4864792679451703e-06 0.0 0.0 6.093971988869039e-07 6.3481244502910446e-06 3.78219527448439e-07 5.226285297117029e-07 9.856118505260335e-08 0.0 0.0 0.0 0.0 0.0 0.0 2.7446174305960908e-05 0.0 0.0 0.0 8.699866080512568e-08 1.924681222209544e-06 0.0 8.384266101097204e-07 2.907909217600574e-06 2.322611526043057e-06 1.1396446713954024e-06 8.316579632338784e-08 6.307661329220012e-07 0.0 0.0 0.0 0.0 0.0 0.0 0.0 0.0 9.342573570750187e-06 7.147660523309556e-06 1.0193033826692568e-05 0.0002542614395088823 4.4699180579297e-06 0.00017139654054621476 2.0099355845401514e-05 0.00018980125146638897 1.7163011370513907e-05 1.6037367024787512e-06 4.787814820482476e-06 1.1423955832652547e-05 7.072544073264909e-08 9.88279587024568e-06 2.6199425197972116e-06 1.2282616135407916e-05 2.411412001918647e-06 0.0 0.0 5.557792846217666e-06 9.383929434934729e-07 0.00011911082319976424 1.5320107654917413e-05
3.42671779672259e-05 0.00013076431353922964 0.001167504031405945 5.862220133021806e-07 0.00016321318006589177 1.5659784361235466e-07 3.088347515861279e-05 0.0 0.0002722967844434265 2.8525496475724244e-06 0.0007915630295953486 1.3792175843293845e-05 0.00012194670975012558 0.0007486061460924401 1.5248855563481288e-05 7.823961436772707e-06 5.456350055819402e-07 1.0384661456473958e-07 3.9538939083588505e-08 1.2841374044836754e-06 5.219428027913514e-06 1.1404087663637554e-07 3.727667194905821e-06 3.4540084024091017e-06 1.6570540945207958e-06 1.6686029095601416e-07 1.4248609048770302e-06 0.0 9.043774144646027e-08 6.649727133193865e-08 0.0008212724297541113 0.00036134566193988664 4.5529566937097715e-05 4.1922172136459396e-07 5.2546675994187415e-06 2.439140766962723e-06 3.215653183073533e-05 2.3140933235461457e-06 2.475962767206293e-06 1.2087771528457666e-07 3.552532496545821e-07 4.6546729412081123e-07 6.502273711675e-07 2.784743042858536e-05 3.4627843432191576e-07 3.6838337212435134e-07 3.935365986697633e-05 4.667157616088109e-07 3.3927709167647e-07 6.110068997839552e-07 5.6002725339518835e-06 9.788570266141997e-08 0.0 3.219240390766182e-07 1.6650090949262194e-06 1.3448138363975604e-06 3.264161997234605e-05 0.00019625108994983893 1.1602196778211793e-05 8.222637725639127e-06 4.019485210994129e-05 2.6881571957645012e-05 1.6353529315748362e-06 0.00014816873359940226 2.162388152658575e-06 2.0905805132763317e-06 2.0488564928251453e-06 2.042573297524687e-06 6.8536895693639835e-06 2.4052824778058785e-06 1.2033448778235126e-05 0.0 0.0 4.1171414833296175e-05 4.3658180235498836e-05 2.0853639210198964e-05 1.2977004252642561e-05 0.00012349706360868145 0.0005429929540681312 0.00043436704587556047 0.0001909811049852212 0.0002966072741653401 5.9448979621398685e-06 0.0 3.015823901546261e-06 4.558654225983552e-06 1.4615930542294666e-06 5.057864457552865e-08 1.8169141446382764e-06 6.784216480069952e-08 9.016941181123437e-07 0.0 2.290567834866962e-06 1.4989920990295386e-06 3.210061721653708e-07 1.583289421800485e-06 5.546574261235933e-07 0.0 5.525393469669096e-07 4.430796908426503e-06 0.0 0.0 0.0 0.0 0.0 0.0 0.0 0.0 2.3767188063857764e-07 0.0 0.0 0.0 1.1859043888822475e-07 2.250227992663742e-07 1.6578182024898203e-07 7.931999617347458e-08 0.0 0.0 0.0 0.0 0.0 0.0 0.0 0.0 1.639004930714205e-07 0.0 0.0 0.0 0.0 0.0 0.0 1.1416864723620333e-07 0.0 0.0 0.0 0.0 0.0 0.0 0.0 1.0206305243710728e-07 0.0 1.0301472759467663e-07 2.370153044739713e-07 6.017926348328236e-08 0.0 0.0 0.0 0.0 0.0 0.0 0.0 0.0 0.0 0.0 9.483351550457598e-08 0.0 0.0 1.4167406399350767e-07 0.0 0.0 5.071810927940047e-08 0.0 0.0 0.0 4.319043054673383e-07 0.0 0.0 0.0 0.0 0.0 0.0 0.0 0.0 0.0 0.0 1.6222984177605357e-07 1.0430664397697354e-06 0.0 0.0 0.0 8.417106674935259e-08 1.7779007251997365e-07 0.0 0.0 0.0 0.0 0.0 0.0 0.0 1.1789014146525243e-07 0.0 0.0 0.0 1.673259750103314e-07 0.0 0.0 0.0 0.0 3.940433728090366e-07 3.4492576970174595e-07 5.924885956620188e-05 9.334243923492856e-07 7.26890430890303e-05 9.316906370943641e-06 7.716640857514742e-06 4.6881074312241525e-06 5.988249097887624e-07 2.145971414922876e-06 2.6290308992458875e-07 0.0 3.3336345346501277e-07 0.0 3.39810369472256e-07 0.0 0.0 1.0379510590412525e-07 4.485481161822029e-07 0.0 2.269038453369155e-05 3.981592034070291e-07
1.1314682139758982e-05 0.0006920489494184103 7.693515476852629e-05 4.935237508413839e-06 0.001374693347210173 3.5574092629489843e-06 0.0014883339940424372 0.0002722967844434265 0.0 4.0181211590857635e-05 0.0005878657123886157 2.8001165657583e-05 0.00022530731204977 0.00045318018188841294 8.801210741842094e-06 3.458228241629527e-06 6.051940655293983e-08 0.0 0.0 0.0 0.0 0.0 0.0 0.0 0.0 0.0 0.0 0.0 0.0 0.0 1.647298299597622e-05 6.3810372493598e-07 3.978216789976352e-06 0.0 0.0 0.0 3.9971726011146566e-06 0.0 5.855648716083626e-08 0.0 0.0 0.0 0.0 7.60806630498438e-07 0.0 5.1627285241727954e-08 1.692777064145337e-05 2.145182826689354e-07 8.209106330942151e-08 0.0 6.656936005558997e-08 1.5984770272969225e-07 0.0 6.323059909614087e-08 3.604962514751699e-07 3.5590447929302046e-07 4.786646069862147e-06 1.407813517240913e-05 2.0916581909424004e-06 2.8760696467180532e-06 2.665644430471256e-07 0.0 1.0997564465199004e-07 3.7784402417729526e-06 8.05167895673145e-07 5.111677162179646e-07 3.951040910990902e-07 1.3017849320442566e-07 4.023557356735636e-08 0.0 6.370510485363204e-06 0.0 0.0 9.567667694950761e-06 5.6628312128408415e-06 7.989117102428471e-06 2.868856597887194e-06 4.513196139653946e-06 1.2041589242970473e-07 5.661016670112945e-07 4.018502695643549e-08 8.26058336742297e-07 1.711741903599988e-06 0.0 7.438261706443908e-07 1.2916124005950886e-06 1.812929962090396e-07 0.0 5.771453897107382e-07 4.6509593643880284e-08 1.31044064914431e-07 4.57250226178622e-08 0.0 0.0 0.0 4.569406333870005e-06 5.150698950800487e-06 0.0 8.294426098026158e-07 1.0933492345635196e-06 0.0 7.715191708410789e-07 0.0 4.096897200011922e-07 0.0 2.483494673757342e-06 4.938042858320616e-07 8.032854926900141e-07 1.1429532707968947e-06 8.444176608198219e-07 0.0 4.150993832804655e-06 8.55971481117708e-06 5.144732318601692e-06 2.432369519952575e-06 1.3569769429173514e-07 0.0 1.3795827705926157e-07 7.842762357910368e-08 0.0 0.0 0.0 0.0 0.0 0.0 0.0 0.0 0.0 0.0 0.0 0.0 0.0 0.0 0.0 6.015286561973433e-08 0.0 0.0 0.0 0.0 1.763301296084802e-06 0.0 2.6401019526070624e-06 8.39987720996917e-07 3.412960862150639e-07 0.0 0.0 0.0 0.0 0.0 0.0 0.0 1.7796549058097037e-07 1.7359046559462155e-07 0.0 0.0 0.0 0.0 0.0 0.0 0.0 0.0 0.0 2.2349043611410536e-07 0.0 0.0 4.831623066341672e-07 1.8996064467539233e-07 0.0 5.967674852651166e-07 0.0 0.0 0.0 0.0 0.0 0.0 0.0 6.2549535581671625e-06 0.0 0.0 0.0 0.0 6.839061568023187e-07 0.0 2.4397367014949634e-07 0.0 5.835564628665646e-07 0.0 0.0 0.0 0.0 0.0 0.0 0.0 0.0 0.0 0.0 0.0 2.108218901364825e-06 3.455638134090818e-06 5.145926999061393e-06 7.050774040561568e-05 1.3650318729845151e-06 4.762045413946568e-05 9.911754063294298e-06 9.838691118070826e-06 5.2497326290091255e-06 3.3538941636354843e-07 2.1538900914520365e-06 1.7013774204858005e-06 3.78844950753884e-07 1.8562903673169564e-06 2.964140888926006e-07 5.701296917237855e-06 0.0 0.0 1.3672066513199227e-07 3.173235382436014e-06 0.0 1.583100891912214e-05 3.910096531061054e-06
0.0005314979380502052 0.00030765042118854815 4.9907211893527765e-06 0.0008775534982620923 0.0002554667953042522 0.0005038304598748247 0.0012537397872429354 2.8525496475724244e-06 4.0181211590857635e-05 0.0 1.612520266882594e-05 0.0016415515434597462 0.0028747652101852937 8.456741569700315e-05 7.085493739913462e-06 2.303940124095547e-06 5.369424413285942e-07 7.478167625233363e-08 0.0 1.5961710331837305e-07 0.0 0.0 4.474421295538708e-08 0.0 4.37842433693796e-08 0.0 0.0 0.0 1.9314577344916635e-07 8.798117355557165e-08 1.0821063578270275e-05 1.5952360898904244e-07 4.602274430129694e-06 0.0 1.0525193190461864e-07 1.1231195633119711e-07 1.4492224953439876e-05 4.184191509088383e-07 5.789586983498886e-06 4.5896719236632574e-08 0.0 4.843322175644276e-07 0.0 2.7036071713883336e-07 8.615913919070487e-08 5.782547890153479e-08 4.4602806389960886e-05 1.9833005318653962e-06 8.681049233552282e-08 0.0 4.263969252406204e-07 2.4941358014112514e-07 0.0 5.174713193225623e-08 4.534872971843129e-06 4.193014050805549e-06 0.00011110531951790786 0.00015013119028135514 2.2230411125100407e-05 1.6234758820809574e-05 4.2072089705260657e-07 6.76954738685661e-06 3.2873555241667274e-07 4.622780688354372e-06 5.722688846210727e-06 4.866746850616055e-06 3.7406617203715e-06 3.7496098713268517e-07 1.531031590988728e-07 6.106665682045605e-08 0.00012798222977073256 6.441317352551831e-06 3.317941456544146e-07 9.379553272714635e-05 2.0484135781469512e-05 2.990223400709965e-05 2.700321189905141e-06 2.5348826588883276e-06 1.7885450250174996e-07 3.226238421490555e-06 1.0430543751465524e-07 5.670463708837711e-06 1.567185011547665e-05 3.429104576033638e-08 7.42548143854543e-06 1.0128055072797719e-05 1.8801094144095259e-06 3.967356753765e-08 4.147844420125751e-06 3.599285186496532e-07 6.379879669566489e-07 4.146161847214588e-07 9.414557521989597e-08 1.0972977270178736e-07 2.2358677434033387e-07 9.689343212044774e-05 0.00012902099786347667 1.462350089833177e-06 3.601351614960265e-05 0.0003626471174966674 4.5085054811139443e-07 7.576717057678902e-06 5.704429734559551e-06 7.118260206673611e-06 1.2670964102528017e-07 1.579064875686931e-05 1.602252114844266e-05 5.541058680835645e-06 2.9176152316523797e-05 1.1630450578625906e-05 3.19620546942663e-06 5.6105937573315445e-05 5.4600229363123714e-05 4.182669647553562e-05 1.7688368240654563e-05 9.445215055565482e-07 3.683628765656793e-07 0.0 0.0 0.0 1.1673742392309457e-07 0.0 0.0 0.0 0.0 0.0 0.0 6.826006358672961e-07 4.4139021945015493e-07 0.0 0.0 2.0606667611195267e-07 0.0 1.0306320319862229e-06 6.873422342885292e-07 5.501376776617372e-07 0.0 2.220911816373958e-06 0.0 1.652013093884322e-05 1.1240956797320227e-06 2.2167563282025044e-05 7.822293804883302e-06 3.3289711417685025e-06 0.0 2.7858660603665766e-07 0.0 0.0 0.0 0.0 0.0 6.08157113581875e-07 3.8527338760661e-06 4.510656312212392e-07 0.0 0.0 1.0039398592360027e-06 0.0 8.894118214359371e-08 5.488596206453283e-07 0.0 6.886434877531211e-07 4.955137896343055e-07 0.0 3.0751441586586624e-06 2.1590366022885053e-06 1.2287050339451082e-05 3.02143094817112e-07 5.7356681186385315e-08 0.0 0.0 0.0 0.0 0.0 0.0 0.0 5.532037889928169e-05 0.0 9.436896250868209e-08 0.0 0.0 2.301624515985757e-06 0.0 1.0341513722732672e-06 2.13092619278107e-06 1.7087967639725478e-06 1.3101879680923918e-06 7.924810050979551e-07 1.409744114038434e-06 0.0 0.0 0.0 0.0 0.0 3.995050459248119e-08 0.0 0.0 3.695300459143269e-05 2.204987796938996e-05 3.0039737286656594e-05 0.00042401019887480687 4.9142924320225685e-06 0.0001628399062961601 1.5727467518072813e-05 0.0007292576532554122 2.35621000100453e-05 5.388502021215508e-06 7.567631151607987e-06 1.8922865704300258e-05 0.0 1.7258723208137097e-05 5.013302419757502e-06 6.060559436836176e-05 4.032243534409091e-06 9.111098382193855e-07 7.179795843218615e-07 3.4742018839776974e-06 2.2976557424838112e-07 0.00038366267511105555 4.953146346872101e-05
7.668471848405868e-05 0.0006195151465291151 0.0005517291034270604 2.363425522238098e-06 0.0006406184555691914 2.923616905211191e-06 0.0001539076771007265 0.0007915630295953486 0.0005878657123886157 1.612520266882594e-05 0.0 7.79284316102277e-05 0.00045782178810167584 0.001154472578465575 2.666611647931643e-05 1.6387308313809525e-05 8.748443057194486e-07 7.073789537597782e-08 0.0 1.922450251721602e-07 3.567054311651703e-07 7.977511263193615e-07 5.674405411691355e-07 0.0 4.4991844546481845e-07 5.152618551955041e-08 0.0 0.0 5.920564969250084e-08 0.0 0.00015020513815303837 8.507140241754595e-06 0.00042194728356954164 0.0 1.679911969465241e-06 3.9474957578705284e-06 0.0001750937633600548 4.948111033379389e-06 7.38183495679195e-06 6.849312012496854e-07 0.0 1.2157542622394748e-06 0.0 3.928748152486827e-06 0.0 4.978139529463143e-07 4.06912703010413e-05 3.0178991857424257e-07 3.677775830830892e-07 1.988776037695683e-07 1.6555702531248563e-06 6.329698247508983e-07 2.494445867427317e-07 5.896749754105447e-07 9.93836855378194e-07 1.1389617363692629e-06 1.789667310262716e-05 6.295224016111429e-05 6.912971493996369e-06 9.024833489040561e-06 1.1072744098507307e-06 6.25218664702089e-05 1.981384005369659e-06 1.2830913818277065e-05 1.5268209497434125e-06 1.8726544425824423e-06 1.0519722085358892e-06 4.174381982389763e-07 1.1725475314507725e-07 0.0 7.76676221484468e-05 4.1002401276865975e-07 0.0 2.8916769730446356e-05 1.7241985064549587e-05 1.9112504595355875e-05 7.451391975171229e-06 1.4633023912980977e-05 6.205951865797095e-06 0.00014635035037238045 1.4792741300229389e-07 5.634794581169304e-05 4.275864837607521e-06 5.968190329277455e-08 2.8293760220682857e-06 3.3865875341199375e-06 6.178529981604557e-07 8.680824321934757e-08 1.594683587351609e-06 2.633873389378554e-07 9.402302308962159e-07 3.957710190484048e-07 2.664363864325241e-07 1.0673329732266436e-06 1.9282883332802769e-07 3.923185587659619e-06 2.6613204071193315e-06 0.0 3.1158494952410295e-06 7.094376243977905e-06 2.6196189330827514e-07 5.159095161496066e-07 0.0 0.0 0.0 0.0 3.3003010728525726e-07 1.0357017738572885e-06 1.478417151756817e-06 1.7361999011967335e-07 6.459154709417804e-07 2.7628293514346887e-06 2.7387856884898727e-06 5.446593711617857e-06 1.5914993458736668e-06 7.83434897332769e-08 0.0 6.071912936936776e-08 0.0 0.0 0.0 0.0 0.0 0.0 0.0 0.0 0.0 0.0 1.8171211510809305e-07 9.69727305030048e-08 0.0 0.0 9.775653448940237e-08 0.0 0.0 0.0 0.0 0.0 0.0 8.093441501422556e-07 0.0 1.372776506273693e-06 1.803168310364697e-07 0.0 0.0 0.0 0.0 0.0 0.0 0.0 0.0 1.2268521814883725e-07 8.472203520892731e-08 0.0 7.155601463488717e-08 0.0 2.355875739763691e-07 1.450799409197466e-07 0.0 0.0 0.0 0.0 0.0 0.0 0.0 0.0 5.934625715540043e-07 0.0 0.0 0.0 0.0 7.332673209904471e-08 0.0 0.0 0.0 0.0 3.6080736047010915e-06 8.105914150681383e-08 0.0 0.0 5.9330001115715374e-08 3.4813884666914834e-07 0.0 2.8084480968129353e-07 3.1517392790821476e-07 0.0 0.0 0.0 0.0 0.0 0.0 0.0 0.0 0.0 9.041565980586122e-08 3.8177431406641854e-07 0.0 2.2354523134448326e-06 2.21160922486043e-06 1.4271483892841268e-06 0.00013700147038713038 3.070789005198752e-06 9.6058837741037e-05 1.7076919392792343e-05 1.6677871573985015e-05 8.558822477584725e-06 1.3226986508157891e-06 5.110754631277488e-06 2.224571443657349e-06 0.0 1.5123431484110064e-06 0.0 1.3016450448185603e-07 5.018412099691517e-07 0.0 8.687915213205724e-08 3.5873663398436733e-06 0.0 2.485011648664751e-05 4.041422268524923e-06
