0.0 0.0018580636902143187 0.00041015242838996375 0.00041808143493153805 9.593703521510077e-05 7.795009566087193e-05 0.00038655774028061127 3.4921775474613634e-05 2.961988670553423e-05 0.000311216437022255 0.00010012624989438642 0.00018342687390606412 0.0001587943204647215 3.7514772553638114e-05 7.748605746477265e-07 8.490831481429973e-07 1.4459646864692913e-07 5.1917076935814645e-08 0.0 9.755949207807081e-08 0.0 1.1493615414564415e-07 0.0 6.20619772331606e-08 2.292174622838121e-07 2.2619210852913226e-07 0.0 3.1491475257831983e-07 0.0 0.0 0.0004595161034093112 1.8259424065532208e-06 1.1718760269282044e-05 0.0 7.919929001674218e-08 6.461252019433951e-07 3.655233429634683e-06 0.0 1.0146001863284646e-06 1.644326931651602e-07 7.09440536232963e-07 1.6093341687266507e-07 0.0 9.31135199645809e-08 0.0 4.0595661038354017e-07 5.304591368453535e-06 2.933516745135349e-07 0.0 9.325289483596316e-08 6.411405194045891e-08 1.533137762925356e-07 6.08353967356957e-08 0.0 4.473973595282083e-06 6.334968375631546e-06 2.2410894909750763e-05 0.00044575939475923284 3.2327209129556755e-05 1.0548616623779387e-05 9.208678518163881e-07 4.437994066573885e-07 4.476923223538944e-07 2.800657628403894e-06 1.1656840112219068e-06 5.268366486411427e-07 1.199689442686875e-07 6.987903541412466e-08 3.104511549801831e-07 3.8438718098628247e-07 1.1442494362944644e-05 2.408712093257588e-06 5.114416918108835e-08 6.610155188075665e-05 4.787021206483177e-06 3.669935697399835e-06 1.7894641407156807e-06 4.112620817552435e-07 1.924896363391616e-07 8.046530380371187e-06 2.0303856945549487e-07 2.6119826725204293e-06 6.507106878412885e-06 7.495066031920408e-07 4.532888809495917e-07 1.5888439359753508e-06 1.1607183611991239e-07 6.474439770082252e-07 8.466142520261856e-07 1.525843683628059e-07 1.5376480682368177e-07 0.0 3.991329056136414e-07 0.0 4.2287640614097595e-08 1.9034954465880234e-05 3.850478591925175e-06 2.090170547245464e-06 6.1750812781297e-07 0.0003550068218066156 5.925536924042393e-07 4.238900186557224e-06 4.738657137969368e-06 2.7845014819199133e-06 0.0 1.1906503967307098e-05 4.245692768365913e-06 5.086861687237391e-06 2.506753810432665e-06 8.52931666450216e-06 2.1444978367070186e-07 4.138536294773828e-06 6.203383281058549e-06 2.3136943120651174e-06 3.017077717851598e-06 0.0 0.0 0.0 0.0 0.0 0.0 0.0 0.0 0.0 0.0 0.0 0.0 0.0 0.0 0.0 0.0 0.0 0.0 0.0 0.0 7.923495772509992e-07 0.0 0.0 0.0 2.18502916562147e-06 3.1503499826740106e-07 9.081937141635073e-08 0.0 1.0910655893191671e-06 1.0337876977775089e-07 0.0 0.0 0.0 0.0 0.0 0.0 0.0 9.076942717283605e-08 0.0 0.0 0.0 0.0 0.0 0.0 8.969588013377907e-08 0.0 8.714586561491863e-07 5.318737493641285e-07 5.069007504498333e-07 0.0 0.0 1.0840867924571668e-06 3.8034555675224076e-07 0.0 1.853352612946381e-07 0.0 0.0 0.0 0.0 0.0 0.0 4.976488195723438e-06 0.0 0.0 0.0 0.0 4.1524964447838403e-07 0.0 0.0 2.406613962439281e-07 5.125611589121138e-07 8.376748052742631e-08 1.825673405783581e-07 0.0 0.0 5.010216757067707e-08 0.0 0.0 0.0 0.0 0.0 0.0 1.145844901036273e-06 4.453153916695677e-07 6.854808934887667e-07 0.00021632710457623414 2.990435954663224e-06 4.185888478951124e-05 9.314755934739075e-06 0.00029973832073496595 1.657959448140204e-05 7.777855923863131e-07 1.2019761658328794e-06 5.7483325168514786e-05 0.0 4.662852216272112e-07 6.924466117614076e-08 3.590305546449815e-05 2.3139010490111755e-07 0.0 0.0 4.256991753032629e-06 0.0 0.000304205084991474 3.6891005352363937e-06
0.0018580636902143187 0.0 0.0008252912735833616 0.0001770855437293599 0.0009546645057137547 5.415143879827528e-05 0.0016506844775140569 6.699020947623159e-05 0.00039446928274874124 0.0002925822830304648 0.00046894965603784983 3.892644082166496e-05 0.0007695371002701792 0.00042324483141741286 8.506220978405651e-06 2.448115706215106e-06 2.319632428422502e-07 9.472915716844379e-08 0.0 4.153875156521121e-07 1.0216202847527001e-06 2.134787959721267e-07 1.2392703451780557e-07 6.853144305782137e-08 4.3869593200390005e-07 1.7265934068596712e-07 0.0 3.5709197524157617e-07 6.702763799664124e-08 0.0 0.001277814906127166 3.67397848162921e-06 4.054826780716902e-05 4.11524383909857e-08 7.12328860168555e-08 1.1905347559366828e-06 1.2886218980277767e-05 1.0111329316355388e-06 9.188543075713627e-07 4.2110315636132487e-07 1.7702503431995474e-06 4.220824036563007e-07 7.271263907603337e-08 6.520368281604387e-07 9.404177042768412e-08 3.1883247928612005e-07 3.307720249042016e-05 9.794917067085571e-07 4.523201165754052e-07 2.1921949114844452e-07 5.0106761008987436e-08 0.0 6.191356227469058e-08 6.484558724434599e-07 1.6086684434666462e-05 1.8258866247405987e-05 2.044935803512495e-05 0.0003611146302939077 6.250348947988366e-05 3.0113362174809885e-05 2.205631191132895e-06 2.2479149149726265e-06 3.7971517805373804e-07 1.45858711374996e-05 3.5586987934335327e-06 1.7052266257829449e-06 4.918593845427277e-07 4.0441332609847216e-08 1.7455630181976913e-07 1.237136949069525e-06 6.207850065063616e-06 5.920453280296778e-08 0.0 0.0001659921705769338 1.3439724118542973e-05 2.5763155541850084e-05 1.8924322384912776e-05 2.341385323254503e-06 3.6415365806641545e-07 1.281656934110126e-05 1.1042444251885189e-06 3.0342963949992017e-06 2.2285855590078143e-05 1.9262124747634588e-06 2.0266063939569156e-06 8.42107747489556e-06 6.851549061582652e-07 8.437552394541536e-07 1.8369261087846396e-06 3.4535001556686177e-07 1.484231751036273e-07 1.024790143851949e-07 5.466483879492382e-07 4.787248826925466e-08 1.6113509495018652e-07 3.805352285200399e-06 1.2931973252624334e-06 0.0 4.2711521526073906e-07 0.0002876052139921399 1.5329891116715395e-07 7.62533329302973e-07 8.444389385554281e-07 9.108041118098116e-07 0.0 2.64313813006836e-05 6.954642751766561e-07 1.5304452920289914e-06 2.6870994090850755e-06 1.7420409644659672e-06 0.0 2.1425224649010148e-06 2.704334970609197e-06 1.338061630572126e-06 1.1618727427277917e-06 0.0 0.0 0.0 0.0 0.0 0.0 0.0 0.0 0.0 0.0 1.1234468876885256e-07 0.0 0.0 0.0 0.0 0.0 0.0 0.0 0.0 0.0 3.661614560382624e-07 0.0 0.0 0.0 4.87090350148697e-07 1.0071832692537493e-06 1.378521154343357e-06 4.878768771078909e-07 8.389694889545336e-07 4.980743566998788e-08 0.0 0.0 0.0 0.0 0.0 0.0 0.0 0.0 0.0 0.0 0.0 0.0 6.35690116640648e-08 4.807391573050042e-08 0.0 5.929266380643419e-08 5.270739894146967e-08 1.7902657655153698e-07 0.0 0.0 0.0 7.01270567373022e-07 0.0 0.0 1.0296527440423964e-07 0.0 0.0 0.0 0.0 0.0 0.0 3.564095431845871e-06 0.0 0.0 0.0 0.0 4.871342115771771e-07 0.0 2.0835655732005317e-07 0.0 0.0 0.0 0.0 0.0 0.0 2.2189131126369078e-07 0.0 0.0 6.807499205465499e-08 0.0 0.0 0.0 2.448800379139623e-06 5.989388938765445e-07 1.2487523546854758e-06 0.00012058991825490269 1.0823685894684038e-05 0.0001544686769763989 2.6105459778435795e-05 0.00016314878230068572 3.891786524468372e-05 1.9310421618764417e-06 5.370500445147773e-06 1.4396508426111429e-05 0.0 5.574995213312764e-08 0.0 1.0181299382761311e-05 0.0 5.300858958160689e-08 2.3088561433813184e-07 4.816556230747772e-06 0.0 0.00014632751766030795 1.1171801596902092e-06
0.00041015242838996375 0.0008252912735833616 0.0 9.54421873603587e-06 0.0004495979297134058 8.362204886929993e-06 5.399030769528435e-05 0.0014696188397738546 0.000522133868809083 6.760595460089037e-06 0.0013987365796210936 8.065141084140777e-06 0.00012735823729688212 0.0008150758947800504 1.472287439126256e-05 1.7993782545711288e-05 9.850569060476995e-07 5.816779628248572e-07 2.0837489527096947e-07 2.8599994273212956e-06 2.722115227275298e-05 1.1547126214100898e-06 6.54454278842244e-06 1.0033266248928022e-06 4.521823567469083e-06 4.083622563227134e-06 2.671394210786893e-07 1.7618171556454705e-06 5.035496778820899e-07 1.5138455726381835e-07 0.0030424620289744835 0.0004927590183362663 0.00019143424294065125 5.132137790890385e-06 3.738112056577546e-06 8.450862972226558e-06 3.5056967750106747e-05 6.959740494467798e-06 7.160847016510896e-06 2.2551602923670897e-06 3.764261735066605e-05 1.7386736261858842e-05 2.1227756029862335e-06 3.504545488951035e-06 1.4118357835257505e-06 6.360825734938605e-06 3.326526713480834e-05 1.9680078906911497e-06 4.5236652712943253e-07 4.4947768835640586e-06 2.0549762172301992e-06 1.945909600088211e-06 9.908385161211417e-07 2.3721341394260393e-06 1.2514247064652498e-05 1.3327994710632129e-05 1.746361876909743e-05 0.0005835071185509522 6.383874346705979e-05 2.77859245029737e-05 4.166711227732406e-05 2.2599985115321672e-05 4.394243360364339e-06 0.0001966575202222874 3.3719502389358e-06 2.038648412918294e-06 1.1020309106368795e-06 1.3687080270322488e-06 1.8774661018617657e-05 3.748976497683824e-05 4.6312324222589125e-05 6.742103394484132e-08 5.4243877204536146e-08 0.0001805326270915846 3.783795816602851e-05 3.0439611803885833e-05 4.482105005753938e-05 1.0823823361291491e-05 5.1175708029266724e-05 0.0003249685051682864 4.785538747842291e-05 0.0001710019096450591 1.7550122710838073e-05 1.2719736460791327e-06 1.3124696667405702e-06 5.471599433850357e-06 3.463197025669661e-06 1.0885919135919545e-06 2.6585086496635986e-06 4.488111092109479e-07 6.233887026734542e-07 2.0165365317527465e-07 1.823435417836572e-05 1.152331372965356e-06 3.5337205423181455e-06 1.2043367595582394e-05 1.2965768320367713e-05 0.0 8.122179594176352e-06 0.00010673448400595616 6.717671028580011e-07 8.95681986597978e-07 3.8430394774088976e-07 7.085357327125683e-07 0.0 1.397737830366428e-06 1.1969064420312627e-06 1.4033873728230409e-06 1.2183116712249139e-06 1.4684887741246455e-06 1.9772717065084796e-06 4.3514979941843016e-06 7.169526853443049e-06 3.1153442772085358e-06 4.111029103462204e-06 2.788642457606108e-07 0.0 0.0 0.0 0.0 0.0 1.3868508946592895e-07 0.0 0.0 1.6104843900251424e-07 1.0728536339453804e-06 0.0 7.043157484553424e-07 0.0 0.0 3.1228914610431277e-07 0.0 1.2003374361293267e-06 2.8239598044104165e-07 6.040988108955533e-07 0.0 0.0 7.076859144030615e-07 3.861348356837195e-07 3.932497751831917e-06 7.605018538214444e-06 1.0330445449771503e-05 4.462646860233183e-06 2.3162275986636214e-06 1.0919095074054966e-06 6.490438110657892e-08 6.114623252221489e-08 0.0 0.0 0.0 3.436244938668017e-07 0.0 4.3247331963057207e-07 0.0 0.0 5.077901410692728e-07 7.56261277498914e-07 2.247738767533134e-06 1.0439780419661049e-07 0.0 4.725227743108035e-08 1.5910508879607997e-07 1.4168512023606551e-07 0.0 4.953109041137714e-07 1.6792847013839999e-06 4.825492594919505e-06 5.978251981101202e-07 0.0 0.0 0.0 0.0 0.0 0.0 0.0 0.0 1.6732550968391243e-05 4.95274944258441e-07 3.214040600515511e-07 0.0 7.110003074887396e-08 2.9657667277367054e-06 3.8689126720843473e-07 8.148606514772264e-06 1.1882266838642213e-07 2.4085424188784736e-07 0.0 1.296542536989558e-07 0.0 0.0 1.0099041815171729e-07 0.0 9.878602603251312e-08 2.6140740796620823e-07 1.6941779101093766e-07 0.0 0.0 4.8581358982841775e-06 4.316781657431216e-06 7.851306366514131e-06 0.00011322256071697832 9.147019796839256e-06 0.0001168548960929313 3.671518320563677e-05 4.1477968747770156e-05 2.827165801302552e-05 1.287293210373196e-06 1.4217299844860014e-05 7.735341973171846e-06 0.0 9.945130662763967e-07 5.657139853208516e-07 5.554793586684329e-06 3.029265624127294e-07 1.230597160317903e-07 0.0 2.523212948413735e-06 0.0 7.260104866348926e-05 1.493852451590666e-06
0.00041808143493153805 0.0001770855437293599 9.54421873603587e-06 0.0 1.7236229638470432e-05 0.00017453309725164154 0.00019135611573335847 2.491203843855652e-06 5.062102847091149e-07 0.00043422157838483817 2.5982681658431614e-06 0.001064958929421732 0.0004113422530640658 2.098164386209052e-05 3.9219160810695123e-07 2.56958807962056e-07 0.0 0.0 0.0 0.0 0.0 2.0840169689153944e-07 0.0 0.0 8.196151100286622e-08 0.0 0.0 0.0 0.0 0.0 1.893666148082714e-05 0.0 7.1469092286331395e-06 0.0 0.0 7.893556292958971e-08 1.5562155249458255e-05 1.29660411698873e-07 1.45649601200214e-07 2.4145061553797004e-07 0.0 1.247709024808803e-07 0.0 0.0 0.0 7.976884056489982e-08 2.9778090331166844e-06 0.0 0.0 0.0 0.0 0.0 0.0 0.0 1.4440979711397334e-06 2.4166790020702588e-06 2.934064230710547e-06 5.005376261590798e-05 5.4451201022307284e-06 2.773018322932418e-06 6.225407604057829e-07 4.073513006985127e-07 9.924695232631698e-08 6.643534616960322e-07 3.0680391125828175e-07 1.8394490306100272e-07 0.0 7.08743543728379e-08 0.0 0.0 5.0261947143055926e-05 0.0 0.0 1.2740121721125431e-05 4.894071830501104e-07 1.9550231642877927e-06 1.337763064242419e-06 0.0 0.0 3.1055258296719175e-07 1.5546692812405645e-07 8.812070671774437e-08 2.036978252353536e-06 5.750119422353968e-08 4.856546733319498e-08 7.461304152932399e-07 0.0 6.246392993705962e-08 2.2877277592467364e-07 7.995305784846993e-08 0.0 0.0 1.3938508220535634e-07 5.7630057532272535e-08 0.0 1.0588287647883312e-05 1.41654727642288e-06 0.0 1.3517984134560713e-07 9.37670608484188e-05 2.387991741061707e-07 4.6820568698744147e-07 4.4848290213629014e-07 1.828504224024597e-06 0.0 6.182406666560294e-06 8.895574654349589e-07 2.555182727697928e-07 1.223078020444562e-06 9.780486904151643e-07 6.53729261351641e-08 2.89031927077418e-06 8.301355133461933e-06 5.285533629692283e-07 8.524864921053863e-07 0.0 0.0 0.0 0.0 0.0 0.0 0.0 0.0 0.0 0.0 0.0 0.0 0.0 0.0 0.0 0.0 0.0 0.0 0.0 3.169246736280452e-07 0.0 0.0 0.0 0.0 1.0612607766337781e-06 0.0 2.4879840548338184e-07 0.0 0.0 0.0 0.0 0.0 0.0 0.0 0.0 0.0 0.0 0.0 0.0 0.0 0.0 0.0 0.0 5.1632018823367516e-08 1.597302403551181e-07 0.0 0.0 0.0 8.72128098764606e-08 0.0 0.0 1.231799330790115e-07 0.0 0.0 0.0 0.0 0.0 0.0 0.0 0.0 0.0 2.7181093566751944e-06 0.0 0.0 0.0 0.0 3.466194657684016e-07 0.0 9.958667772500595e-07 0.0 0.0 0.0 0.0 0.0 0.0 0.0 0.0 0.0 0.0 0.0 0.0 0.0 1.158298116861891e-06 1.1418706854199296e-06 0.0 2.8992174768278194e-05 1.17004627391908e-06 1.511024644431453e-05 2.737676351288905e-06 7.20164932105124e-05 4.2433622625565434e-06 5.41765473519529e-08 1.3487500316458872e-06 1.7907363534246254e-05 0.0 1.3967024772477878e-07 0.0 1.1419079570724516e-05 0.0 0.0 0.0 3.11313299314175e-06 3.767396088642029e-06 9.482631215511213e-05 2.24135232730038e-06
9.593703521510077e-05 0.0009546645057137547 0.0004495979297134058 1.7236229638470432e-05 0.0 2.4852268533336736e-06 0.0003403651851608726 3.656309140924292e-05 0.0012838130551573556 2.44990417699525e-05 0.00021919946764912415 4.216600447011644e-06 0.0005526644295637407 0.0008908320421105662 1.7023220665669896e-05 6.0941285620807145e-06 5.841953209689239e-07 1.3711860885442856e-07 4.52047173969772e-08 1.4547177821190674e-07 9.558644384296602e-08 1.3820907249209537e-07 0.0 0.0 1.4123584759908166e-07 0.0 0.0 0.0 0.0 0.0 8.065980398764144e-05 5.057189314513015e-06 6.943335106517402e-06 0.0 4.198945736926878e-08 5.850057674615177e-08 4.270494521179022e-06 1.076889186105085e-07 2.56239822089163e-07 0.0 1.1680784241815798e-07 1.052881543183627e-07 1.9195229714289654e-07 1.8718621286045397e-07 4.812571453445526e-08 3.799396801135108e-08 4.5603937484832694e-05 3.729492510760858e-07 1.8400782564736617e-07 9.073990099532601e-08 0.0 5.3275596161738536e-08 7.46526238639082e-08 0.0 1.0175007969059842e-05 9.416768770629378e-06 6.066217534862891e-06 5.477854098255233e-05 2.763831798248584e-05 2.1834984060637916e-05 3.7036160222714986e-07 2.6196220437619216e-07 0.0 1.2183557736030418e-05 2.745294767429516e-06 1.4832757179688924e-06 2.3617413688913276e-07 8.942917787341075e-08 2.411086460495438e-07 5.30484436558386e-07 4.58682934792081e-06 3.1663124493198967e-07 0.0 7.975613723761128e-05 8.062750863633372e-06 3.129535470363116e-05 2.723346746345487e-05 4.308212567831291e-06 1.0111001581871425e-07 1.1388558933511544e-06 2.066998834911606e-07 1.1851879973236743e-07 1.35142566291864e-05 9.154958919467414e-07 1.1023589100580519e-06 3.513799079624316e-06 2.3144174617484194e-07 6.527817420771693e-07 1.2839978426430762e-06 9.359921788712158e-08 1.4564458887469997e-07 1.66245715747765e-07 5.427426621808113e-08 1.6538823574068722e-07 1.3738701530547162e-07 1.8910907053204741e-06 1.7918285584873844e-06 0.0 2.1694229858138174e-07 1.4100914469878037e-05 0.0 7.143163904441625e-08 1.635897524823055e-07 5.070373399003227e-07 2.624619761927297e-07 6.52752144295009e-08 1.6931784524018816e-07 2.964713781355511e-07 2.089341633913584e-07 4.570792766881734e-07 7.261381749829204e-08 5.629535043277276e-08 5.695833216060468e-07 5.669472322112504e-07 0.0 0.0 0.0 0.0 0.0 0.0 0.0 0.0 0.0 0.0 0.0 0.0 0.0 1.4432746429705687e-07 0.0 0.0 0.0 0.0 0.0 0.0 1.1603602305411475e-07 0.0 0.0 1.2301757669514747e-07 0.0 1.7910887177601212e-07 0.0 4.1421648962250504e-07 2.8668885107170594e-07 2.7504093694456457e-07 0.0 0.0 0.0 0.0 4.5156620553437706e-08 0.0 0.0 0.0 0.0 0.0 0.0 0.0 0.0 0.0 2.891905134764489e-07 0.0 0.0 0.0 0.0 0.0 0.0 2.3834044607512796e-07 0.0 0.0 0.0 4.876180370381149e-08 0.0 0.0 0.0 0.0 0.0 0.0 1.8864813313952273e-06 0.0 0.0 0.0 0.0 1.633487240692665e-07 0.0 0.0 0.0 0.0 4.380153835072345e-08 0.0 0.0 0.0 0.0 0.0 0.0 5.017995170218959e-08 0.0 0.0 0.0 9.964957381764887e-07 1.3442077476976452e-07 4.5933903352291245e-08 0.00012033958352868649 6.713313885615326e-06 0.00015227573717605937 3.879516052660646e-05 4.4756638928645935e-05 2.452306890723998e-05 6.739698981935054e-07 8.784708555064352e-06 2.5053987855136703e-06 0.0 0.0 0.0 1.1272019214706059e-06 0.0 0.0 0.0 1.7421119962789658e-07 0.0 3.845857212764275e-05 5.871617977999768e-07
7.795009566087193e-05 5.415143879827528e-05 8.362204886929993e-06 0.00017453309725164154 2.4852268533336736e-06 0.0 4.25493759033373e-05 1.2229174183746277e-06 9.232207412394101e-07 0.00012021368839023466 2.043085810374922e-06 0.0001150160483301492 4.0252163277557605e-05 1.979990889519601e-06 0.0 0.0 0.0 0.0 0.0 0.0 0.0 1.1794903866653816e-06 0.0 0.0 7.608037046564565e-08 0.0 0.0 0.0 0.0 0.0 2.7516059117923517e-05 0.0 1.5779235000326161e-06 0.0 0.0 0.0 4.137744136108896e-06 2.6359980272627143e-07 1.6753193647442817e-06 6.914895440068312e-08 5.807510191466202e-08 0.0 0.0 0.0 0.0 0.0 4.4535813964573725e-07 0.0 0.0 0.0 0.0 7.201521694354814e-06 4.783623555090478e-07 0.0 9.16406699517056e-07 1.207336557971286e-06 4.239492679951352e-05 2.8653215847246352e-05 2.4465427024199724e-06 6.584900683713638e-07 9.561935334019804e-08 4.6447753359104634e-07 0.0 3.8370169534898566e-07 0.0 3.12422975195537e-07 1.8656554375251838e-07 0.0 1.1028463730352197e-07 0.0 2.1449068983205894e-05 0.0001412819727727756 1.2486533039728535e-06 4.285619084529195e-06 3.192963986543023e-07 3.910376204038593e-07 1.1854511444131595e-07 5.1435080973689356e-08 0.0 4.76094421423256e-07 0.0 1.1570699252597967e-07 4.239800378738146e-07 1.5942706626617032e-06 4.948932843124089e-08 2.6785060920517557e-07 0.0 6.047152234650577e-06 3.2155488629661656e-06 9.046542218352734e-06 1.7415475368214376e-07 3.1859252780702007e-06 0.0 1.6829815205854674e-07 4.662111824189042e-07 2.975291223863321e-05 6.736082876211343e-05 2.4685377326729044e-05 1.260769501413584e-05 0.00019998761191863593 7.02611249880581e-08 1.982508297786923e-06 2.319596239432291e-06 5.57822343736239e-07 0.0 1.8777713596460342e-06 8.185197235712942e-07 3.121359049924193e-07 9.749091129224854e-07 1.936606774057452e-06 9.261231820317888e-07 3.238053828599684e-06 3.255900170629549e-06 6.777894978886713e-07 2.733113552608381e-07 0.0 0.0 0.0 0.0 0.0 0.0 0.0 0.0 0.0 0.0 0.0 0.0 5.204664913058448e-08 0.0 1.3050558286658137e-07 0.0 4.6638628443050386e-07 0.0 1.0240874158148841e-07 0.0 5.424196894060834e-07 0.0 0.0 0.0 3.0899990773225e-07 1.3007427941656533e-07 6.282921747982358e-07 5.698914113542307e-07 2.9030387270101724e-07 0.0 0.0 0.0 0.0 0.0 0.0 0.0 0.0 0.0 0.0 0.0 0.0 7.933364217993611e-07 0.0 0.0 1.3300681206319062e-07 0.0 0.0 0.0 0.0 0.0 0.0 3.740178967768366e-07 0.0 1.6361076844713932e-07 1.0948630273750959e-07 7.035995372626446e-08 8.054238560101292e-08 0.0 0.0 0.0 0.0 1.917417973724704e-06 1.8378330353829134e-06 0.0 5.791894291327286e-08 0.0 2.1131642146165996e-07 0.0 0.0 3.131325056743711e-07 0.0 0.0 0.0 0.0 0.0 0.0 0.0 0.0 2.0542471923853482e-07 0.0 0.0 0.0 1.6971136148420055e-06 1.2893895904578055e-06 3.3858063975123263e-06 8.940984637217066e-06 4.77562585269799e-07 2.7177899856143712e-06 6.688052123047933e-07 0.00014938937409801108 1.2550430881427717e-06 0.0 1.3059515312351684e-07 1.349722658374905e-05 0.0 0.0 0.0 1.051658692572391e-05 6.91379272845523e-08 0.0 8.065517724600832e-08 5.586883375362254e-07 0.0 2.8121287649706213e-05 2.7613583577426475e-06
0.00038655774028061127 0.0016506844775140569 5.399030769528435e-05 0.00019135611573335847 0.0003403651851608726 4.25493759033373e-05 0.0 1.4727951826885003e-05 0.0006790231527322439 0.000553015472979612 3.4073538288869727e-05 0.00025096881884027305 0.0029229091432393666 0.001507786699402539 2.3715364038554695e-05 7.2893621010891186e-06 9.557191167920785e-08 1.62212394072914e-07 0.0 8.311451414201792e-08 2.853641614627692e-07 1.2978401564604865e-07 1.261680595760522e-07 0.0 5.149472406707361e-08 0.0 5.0268089866121075e-08 3.3230764383986103e-07 3.918527247789486e-07 4.7461592144545664e-08 4.891104166106927e-05 4.4830775286562135e-06 4.397269150549362e-05 3.4697776827753854e-08 0.0 6.355333740613594e-08 5.038100108730205e-05 5.801989043307862e-07 8.396942067796749e-07 2.4577759504375717e-07 6.528929620000927e-07 0.0 1.64554037985622e-07 4.756397462154146e-07 1.311877066655513e-07 1.5156763603345028e-07 6.514432064560349e-05 1.564505862654846e-06 3.066152186840741e-07 0.0 1.8786697259083762e-07 5.078464223243299e-08 3.7532279128022546e-08 1.8963355955778753e-07 1.5593471006188446e-05 1.5010620656845629e-05 1.5235962417190846e-05 0.00012833407660791413 4.368502355033624e-05 3.579934925739573e-05 2.835545436812814e-07 2.4821046471291327e-06 2.513801254672812e-07 1.5899462387258813e-05 2.9899272430061086e-06 2.7200878934067364e-06 7.936958162794135e-07 4.929800080590588e-08 1.7937983451306725e-07 4.0214406374641903e-07 3.0324096872932852e-05 4.049323524054485e-08 4.457272043337993e-08 0.00013980112169208924 1.1361116483544397e-05 3.9637736741791584e-05 3.20577532550813e-05 5.673298291041302e-06 5.3343785270124205e-08 1.856530620654823e-06 4.2833450640481363e-07 2.5001574611678493e-06 2.0709444433961243e-05 2.8278295237804904e-06 2.0109116212958028e-06 6.290637922371655e-06 3.2386374064988164e-07 1.969538833914756e-06 2.472263107092825e-06 1.0493218254058976e-07 2.673315542563391e-07 0.0 2.435583986631241e-07 2.968562710315399e-07 1.9302291555176034e-07 6.549244940492951e-06 2.3438431779342532e-07 0.0 1.1583109448349745e-06 4.234458573376815e-05 1.5291264883223012e-06 2.2710693419439265e-06 2.170109841606096e-05 1.3586234486403706e-05 1.0909852453214096e-06 3.4418549098887664e-05 5.185293757163035e-06 3.1084226946101854e-05 4.7079132943827646e-05 5.413928300310499e-06 7.797578995132887e-07 7.991834171579012e-05 2.0417011346863266e-05 2.3658602903452606e-06 4.1374622357615225e-06 5.438445145380923e-08 0.0 9.680668732888821e-08 0.0 0.0 0.0 0.0 0.0 0.0 0.0 0.0 0.0 0.0 0.0 0.0 0.0 0.0 0.0 0.0 3.7099895879881465e-07 4.647745425196119e-07 0.0 0.0 0.0 1.3028281793562245e-06 1.380570801653013e-06 1.5680097789286742e-06 5.6307236804706e-08 2.729091877429885e-07 0.0 1.4976394711699906e-07 5.346183269644432e-08 3.8274497129673034e-08 0.0 1.19617945433871e-07 0.0 6.031855651868992e-07 1.8624007913596326e-06 1.1559161595311202e-07 5.056532792956724e-08 0.0 0.0 4.1770390102446195e-08 2.9786655178191246e-07 7.566337219264657e-07 5.0172737533681924e-08 1.1123592513073406e-06 2.9802585601756167e-06 2.1557079385214406e-07 0.0 1.53284976902225e-07 5.323359144183805e-07 1.2905926953707023e-06 4.6485159986392486e-07 4.5353128417191456e-07 5.1312543935801664e-08 6.071406265593142e-08 0.0 0.0 0.0 0.0 7.527006073793374e-06 0.0 0.0 0.0 0.0 3.5704931319098685e-07 4.044204973041897e-07 1.269685573185472e-06 2.920143860663954e-06 3.142719615717281e-06 2.3865052500049455e-06 1.1256911206351014e-07 1.6851088231382667e-07 6.017687024919923e-08 3.159441660912259e-07 0.0 0.0 0.0 0.0 0.0 0.0 7.767478594871238e-06 1.0620087802911647e-06 1.1558249745893227e-06 0.00019578449807144065 9.63985919126648e-06 0.00023703978258669267 5.1244684817446476e-05 0.00011473660755954753 4.6208537961487784e-05 1.2021436705910923e-06 1.3493616452717348e-05 2.667554404259441e-05 0.0 1.2899628827069596e-05 1.3130077900077549e-06 1.806521458216151e-05 1.6714090598584748e-06 0.0 2.6442925667326085e-07 2.0338054109206056e-06 0.0 0.0001375876610086279 5.539374431062534e-06
3.4921775474613634e-05 6.699020947623159e-05 0.0014696188397738546 2.491203843855652e-06 3.656309140924292e-05 1.2229174183746277e-06 1.4727951826885003e-05 0.0 8.500155334524284e-05 1.5885047089450273e-06 0.0010391481830449238 5.428853769436951e-05 0.00017116345898365138 0.0006571312490754127 3.5369989504868654e-05 3.272141733226683e-05 1.6526710430208298e-06 3.444140060238629e-06 4.325390562796884e-07 1.579745708417772e-05 5.4492099890730744e-05 1.2191264605395417e-06 1.664265685794385e-05 2.760431295916738e-06 6.588237850658312e-06 7.091499584760553e-06 5.89838469130274e-07 4.675109761650361e-06 1.5043973748465882e-07 2.239241601224103e-07 0.00017883851365072204 0.0010830285615919238 0.00012070139118569723 2.368904780084683e-05 8.240945440692605e-06 1.0222006608498984e-05 4.4815052358952566e-05 5.514031633512511e-06 5.719484393132064e-06 2.3388992563425736e-06 6.750595278876137e-05 2.8757010414487116e-05 2.562705357939943e-05 3.5450369451740456e-05 7.618099429663022e-06 2.5944898183030224e-05 5.299524203444094e-05 4.928582307465096e-06 2.8057493491540514e-06 1.6922102175440832e-05 5.8181479823731985e-06 1.993387278217424e-06 9.242927989017431e-07 3.1146161617427423e-06 5.180140968386954e-06 5.677620401430878e-06 3.850595300344536e-06 6.452314089626546e-05 1.7382443083328187e-05 1.914606267838896e-05 0.00015218666443539398 2.2991472774532272e-05 4.219119609592895e-06 4.433260701320305e-05 1.70807871060507e-06 1.7266141113442765e-06 1.640776006924917e-06 3.4724973204760353e-06 3.799627083838292e-05 0.00011890707817856302 4.646696679859752e-05 3.907013220037289e-07 0.0 7.045219741441982e-05 1.3985115221920739e-05 4.294765010092412e-05 6.820456274214691e-05 0.00017939738173383137 0.0009313762028504307 0.0006984529221285165 0.0005007880231204781 0.0006526293162773042 1.1636024132012843e-05 6.253062286627934e-07 3.3572938661711934e-06 3.2031542698676664e-06 8.701420424707223e-06 7.486774249229546e-07 3.6216917456867366e-06 6.413261902625581e-08 1.1304678883313536e-06 2.3431988792917517e-07 3.5713054515801116e-05 2.538780984424226e-06 1.0163574220861216e-05 1.1345006178357477e-05 6.414124881869793e-06 0.0 4.425213449225924e-06 9.788087841597144e-06 0.0 1.3782567613329574e-07 2.440721262259856e-07 1.1469004824685943e-06 4.768813278870964e-07 6.476770322434646e-07 5.593523274575324e-08 1.1159789308191478e-06 4.370385313878079e-07 5.997535185004773e-07 2.3776298321312318e-07 1.7000480378513963e-06 3.246326621737313e-06 2.964050160198153e-06 3.8921808609436525e-06 0.0 0.0 0.0 0.0 0.0 0.0 1.883099475988363e-07 3.4151671074164763e-07 0.0 7.324162129357355e-07 2.7107668762145946e-06 0.0 3.0515259703745664e-07 0.0 5.266053154977411e-07 2.0454454055734358e-07 3.653202267065475e-07 1.2086949590495372e-06 6.718978601097314e-07 2.996463856091495e-07 5.644106553790696e-07 0.0 2.979920389313884e-07 0.0 2.16674367585216e-06 2.0043658893582137e-06 4.562045675281877e-06 2.135725909034239e-06 1.8274801486383633e-06 1.521200057618389e-06 4.147492282199947e-07 0.0 0.0 0.0 2.3103565472216136e-07 9.282675050099399e-08 0.0 5.287604579385376e-08 0.0 0.0 5.984525479319196e-07 8.123397696683233e-07 1.6593606143797412e-06 0.0 0.0 4.1984190847246553e-08 0.0 1.0697435790499787e-07 1.699577330362375e-07 0.0 1.0665643648031812e-06 3.690604318816179e-06 8.083620239427253e-07 0.0 0.0 0.0 0.0 0.0 0.0 0.0 1.4990834863482532e-07 1.311303852813451e-05 5.719098497770972e-08 0.0 0.0 2.0378180782341069e-07 1.926991977306468e-06 4.809065474957774e-07 3.5177075442706127e-06 3.9943222379217585e-07 4.4056644237991814e-08 0.0 0.0 0.0 0.0 5.013888285506726e-08 5.010666434270962e-08 0.0 0.0 1.8329485814532247e-07 0.0 0.0 4.634451227074829e-06 1.5127616500853125e-06 4.6818400223517486e-06 0.0001138109243093261 6.3092071026045946e-06 0.00012545223424649348 4.012219235587337e-05 1.0011496408855554e-05 1.4430613133843666e-05 6.73164274274103e-07 1.8362602743275438e-05 5.870130420033716e-06 0.0 4.915779532058129e-07 0.0 3.293020816104965e-06 0.0 0.0 3.003889473131209e-07 9.364019436424515e-07 0.0 2.020524298907164e-05 1.5075847126409507e-06
2.961988670553423e-05 0.00039446928274874124 0.000522133868809083 5.062102847091149e-07 0.0012838130551573556 9.232207412394101e-07 0.0006790231527322439 8.500155334524284e-05 0.0 4.056218181872268e-06 0.0002668113915191199 5.607497158357243e-06 0.0009201675659597449 0.0010309468702410821 1.3148890758095582e-05 6.6679798144177585e-06 3.6465773332243e-07 8.053088231395826e-08 5.313820115893431e-08 5.200027079864977e-08 1.0531414322615284e-07 8.781852077296935e-08 0.0 4.533816698355537e-08 4.513668510277546e-07 0.0 3.4698768552159123e-08 0.0 1.3206979003043791e-07 0.0 2.765112119110094e-05 4.9704757788007715e-06 1.3942146420590214e-05 5.6629411187584366e-08 0.0 3.581836275164363e-07 1.2010547274781726e-05 0.0 2.2881494390317655e-07 4.2109219726961175e-07 6.003782404316144e-07 5.400780132712824e-07 0.0 5.602914224449084e-07 1.7335533072544831e-07 0.0 2.4060048571243297e-05 8.724716220739416e-08 1.5140433088797114e-07 4.129716929020292e-08 1.6844017988221894e-07 0.0 0.0 7.698141474190525e-08 3.6795322099033902e-06 3.6899639870712983e-06 2.879702277437831e-06 1.678785965686751e-05 8.697359517340885e-06 1.078053205977693e-05 5.891894445808593e-07 1.7921692534130375e-06 0.0 7.270677698233309e-06 1.442192020042099e-06 3.5189492763120603e-07 9.641691099575576e-08 0.0 4.8401449721446316e-08 5.674107577538563e-07 8.308703335134083e-06 0.0 0.0 3.1667067591224454e-05 4.1207841844636275e-06 1.8180405630960707e-05 1.8822671764725752e-05 5.849092468992104e-06 1.4498444770334151e-07 1.496568967328567e-05 2.9564334912110066e-07 4.716641020862999e-07 4.5599004321839705e-06 5.51899973241433e-07 5.156729394795854e-07 1.488899608059571e-06 4.257552711022762e-08 2.7255685348144576e-07 3.5250467702998606e-07 7.891226277641454e-08 0.0 5.839049533716645e-08 2.8106644319728634e-07 2.9481490121944656e-07 2.5410544141669206e-07 5.2181513123818084e-06 1.9865066728122436e-06 0.0 8.907843753138149e-07 3.79385360232474e-06 5.951015935118492e-08 3.7386383221146576e-07 2.7744125370764666e-07 1.6902495357900918e-07 0.0 2.476724051738672e-06 3.349677279529395e-07 7.850587488048216e-07 1.0874825212650074e-06 9.99730965160905e-07 2.782290910319397e-07 2.352722612828843e-06 1.7939514645146613e-06 7.27237041426288e-07 1.5879821632694936e-06 0.0 0.0 0.0 0.0 0.0 0.0 0.0 0.0 0.0 0.0 0.0 0.0 1.2845130989652193e-07 0.0 0.0 1.1269038885955425e-07 0.0 0.0 0.0 0.0 2.4611681133338323e-07 0.0 0.0 0.0 1.4395915432200794e-06 2.1115127249643814e-07 1.6278326429477483e-06 3.0556289168310396e-07 3.283906045367027e-07 4.860038176063261e-08 0.0 0.0 0.0 0.0 0.0 0.0 0.0 0.0 0.0 0.0 0.0 0.0 1.2609593221190553e-07 0.0 0.0 4.5530117569347124e-08 0.0 8.207229055719103e-08 0.0 0.0 0.0 6.627836980113201e-07 0.0 4.787807343197028e-08 0.0 0.0 0.0 0.0 0.0 0.0 1.006558669050518e-07 5.154126855759911e-06 0.0 0.0 0.0 0.0 3.097166631202893e-07 8.265009712151675e-07 2.7187393630295158e-06 0.0 8.870490757733295e-08 0.0 0.0 0.0 0.0 5.676597915667878e-08 0.0 0.0 0.0 0.0 6.939328378809635e-08 0.0 2.4280685845206403e-06 6.238581642415619e-08 1.1101305207675333e-06 0.00010311982849838177 4.993952548425878e-06 8.77921042672698e-05 2.703775066997537e-05 1.3048867643583188e-05 1.80680707591894e-05 6.007898919853826e-07 8.465566983564946e-06 2.422022738967029e-06 0.0 0.0 0.0 1.373501503673625e-06 0.0 0.0 0.0 6.351693718220667e-07 0.0 1.4716287057023204e-05 6.949106351817729e-07
0.000311216437022255 0.0002925822830304648 6.760595460089037e-06 0.00043422157838483817 2.44990417699525e-05 0.00012021368839023466 0.000553015472979612 1.5885047089450273e-06 4.056218181872268e-06 0.0 4.855206705994488e-06 0.00190612320864842 0.001851971161751233 0.0001111449588981802 6.067801436885785e-07 6.908484246107987e-07 5.957169638756698e-08 1.1066080517288385e-07 0.0 0.0 6.46764277026665e-08 0.0 6.574423204877742e-08 0.0 2.371412829982247e-07 0.0 1.2680690552444112e-07 0.0 0.0 0.0 1.4940443230533189e-05 2.472787614735774e-07 4.218430238687279e-05 6.746963202093219e-08 0.0 0.0 7.138054672774263e-05 5.304941640501153e-07 4.344929789127247e-07 1.5846190718612137e-07 2.855852372400299e-07 2.652041908395878e-07 0.0 0.0 0.0 0.0 3.1278962286863152e-06 0.0 5.161411766081747e-08 0.0 0.0 3.0756548757711386e-07 1.346751288082058e-07 0.0 1.306584834983632e-06 1.9054316954032738e-06 1.6134025494703328e-05 4.112296627856677e-05 6.553921841183565e-06 3.705165722333225e-06 3.073185804222934e-07 9.685185339409504e-07 2.540824563239778e-07 8.075828149787811e-07 7.48902940188528e-08 2.0595580018837238e-07 5.083377018293537e-08 0.0 0.0 5.757343257489417e-07 0.0003559733539774367 1.1352356624835409e-07 0.0 1.4516953541303947e-05 1.4717674150084787e-06 1.4671278561429403e-06 9.310745039640671e-07 3.05024703971734e-07 7.978369852981633e-08 1.9575939466613744e-07 0.0 1.7066877437319084e-07 1.7466908129197396e-06 1.8806876165556686e-07 1.4334284665331607e-07 7.511553217442961e-07 0.0 2.1068110562252593e-07 3.4492738702021746e-07 5.3113014223226406e-08 4.9048691315071225e-08 0.0 1.4358429395355872e-07 0.0 0.0 0.0001031204254770912 4.851851730973307e-06 0.0 7.670038689719467e-07 0.0001459611657359002 3.0797773989389768e-06 3.7433985974698526e-05 7.997712508436153e-05 4.518327857804214e-05 2.867466829254634e-06 7.589641261288366e-05 4.58777294970487e-05 3.177212874627087e-05 7.829446258039386e-05 8.33119847625157e-05 7.423000169007776e-06 5.8737308035243895e-05 0.00020663332994397268 3.54988609299886e-05 1.7785529414147985e-05 6.021169875105664e-08 1.2526130840917166e-07 0.0 0.0 0.0 0.0 0.0 0.0 0.0 0.0 0.0 0.0 1.33696422128339e-07 9.768163171014987e-08 0.0 0.0 2.2868537528863923e-07 0.0 0.0 1.9094478033202167e-06 4.096862889589846e-06 0.0 0.0 0.0 1.139380688128751e-05 7.637748107281443e-07 4.4603486767629135e-06 1.430603197652535e-07 1.6913836102399626e-07 0.0 0.0 0.0 0.0 0.0 1.7512473891561618e-07 0.0 2.387581768636986e-07 9.257840087049531e-07 1.0495376418216012e-07 0.0 3.928431316586581e-07 1.0304308717761222e-07 0.0 3.264796303728565e-07 4.59724030245644e-07 7.777749376143635e-08 2.1692182466375e-06 3.836455351057871e-06 2.172152050266666e-06 4.5160043255717274e-08 0.0 4.800031424142005e-06 3.4575682306604433e-07 2.355419573336775e-07 2.690672903597503e-07 0.0 0.0 0.0 0.0 0.0 0.0 4.7036848604187925e-05 0.0 8.506230741699709e-08 8.240974179218962e-08 0.0 7.754503803613096e-06 7.616389012963918e-07 7.114009777533536e-06 2.898382222904164e-06 2.0367877911444687e-06 7.486213763830109e-07 0.0 0.0 0.0 1.862677256914056e-07 0.0 0.0 0.0 0.0 0.0 0.0 3.545642030603935e-05 3.559027888405853e-06 2.342954728915964e-06 0.00010290615191962511 8.564701022518358e-07 1.717478442073131e-05 3.6260821919742287e-06 0.00014825732886306257 6.058541004388177e-06 4.9631066542498304e-06 1.2688930672379857e-06 0.00022167898765121944 6.013715831019816e-08 6.759345293019795e-06 1.0724001366340346e-06 0.000206912038678754 9.038662298449359e-07 0.0 1.2404323454415053e-07 1.2928141687792117e-06 3.957285842477768e-07 0.0004837939007336694 6.666710431882619e-05
0.00010012624989438642 0.00046894965603784983 0.0013987365796210936 2.5982681658431614e-06 0.00021919946764912415 2.043085810374922e-06 3.4073538288869727e-05 0.0010391481830449238 0.0002668113915191199 4.855206705994488e-06 0.0 5.6965410283857196e-05 0.0004221729991342968 0.0017191150611866556 2.8477073455881618e-05 1.5869215580549133e-05 5.112658665923167e-07 3.142313864386689e-07 1.1263719018468798e-07 6.584898213353207e-07 7.449150992813216e-06 1.5360878530322098e-06 1.106160494023227e-06 3.769239500238179e-07 4.05543590106883e-06 2.172956030859347e-06 0.0 2.3147491810311696e-06 0.0 0.0 0.00016354280673722151 5.291669770857935e-05 0.0001747459453001512 7.703941558263717e-07 1.304131097571268e-06 1.124656203588781e-05 6.845735618587891e-05 1.137494285458644e-05 6.342481994786357e-06 3.407324192796325e-06 7.71831036317289e-06 3.785541168852761e-06 8.263458254195787e-07 1.567758382162286e-06 2.082797541722484e-07 1.964737724217668e-06 4.803551611498522e-05 9.194352754809946e-07 2.3274608932242433e-07 5.853719250007818e-07 5.305966768475746e-07 1.0911258016695204e-07 7.704034823320603e-07 4.758162803200182e-07 5.2239136858659705e-06 7.793886490111591e-06 4.0793881291514985e-06 4.7664779401057294e-05 1.9881549943167135e-05 2.2144960931476802e-05 2.173925163281435e-05 3.428273900057146e-05 3.707911305978875e-06 2.389933732569904e-05 1.8606911408302893e-06 9.619976058541903e-07 2.667796900567809e-07 1.4584479905689235e-07 2.325102665674549e-06 6.293604585374795e-06 3.05513218319981e-05 0.0 0.0 7.847249651242037e-05 1.058163313416114e-05 4.141248210270977e-05 4.561330152567891e-05 1.5227028304985365e-05 6.439756414431052e-06 0.00024994691433876255 5.9340837911391275e-06 5.040571214208499e-05 1.0468925832283204e-05 6.835758446097248e-07 1.8394576016866561e-06 3.861370282181087e-06 1.1375814379845657e-06 5.96823946706138e-07 1.4053509692443193e-06 0.0 3.5781307345165007e-07 4.873523121812217e-08 2.5906468962572393e-06 5.281394236468859e-07 1.1798684520579737e-06 5.529667045918609e-06 4.128934540809879e-06 1.0088686350659773e-07 2.401273780713393e-06 1.410174355864131e-05 6.048560085900258e-08 2.196115516699183e-07 8.639574210186281e-07 7.243176267515794e-07 0.0 6.702929850847936e-07 6.933317490646253e-07 6.220098334059434e-07 8.816831092129046e-07 1.3156860187391943e-06 8.074124102322347e-07 3.5661066883223225e-06 3.884443573923245e-06 1.8371038422671342e-06 1.940493646321481e-06 0.0 0.0 0.0 0.0 0.0 0.0 0.0 0.0 0.0 2.300089586057304e-07 7.646492288152273e-07 0.0 2.462763966172845e-07 0.0 0.0 0.0 0.0 2.884282855553e-07 5.02379980118744e-07 3.9986993943861736e-07 3.762124217752432e-07 0.0 1.2978431638557946e-07 0.0 2.91908750590141e-06 1.3375525823731551e-06 3.356049982410008e-06 4.766593033482206e-07 1.2304495544919803e-06 1.3169060402507006e-07 0.0 4.8988894271688976e-08 0.0 0.0 0.0 1.6347471961175887e-07 0.0 1.7134465782689577e-07 0.0 0.0 3.884100877647619e-07 2.2862659503128986e-07 4.603442625652134e-07 0.0 0.0 4.652404381761397e-08 1.1766447749036342e-07 1.3774161227396067e-07 0.0 0.0 4.7156844901432986e-07 1.6800608814712407e-06 3.526111137622762e-07 0.0 0.0 0.0 0.0 0.0 0.0 0.0 0.0 1.0927744067284051e-05 8.625476829864158e-08 0.0 0.0 0.0 1.5008888472332868e-06 7.274746757789073e-08 3.2540079318224272e-06 0.0 0.0 1.2441386737405196e-07 0.0 0.0 0.0 0.0 5.4588521126647396e-08 0.0 0.0 0.0 0.0 0.0 4.316601242354571e-06 3.070871144522654e-06 2.265153530435079e-06 0.000130218416476937 5.578771843057345e-06 0.00014024083033224114 4.124678736684414e-05 1.5775300156526726e-05 2.1034276172815555e-05 4.49782419130449e-07 1.3178533414890127e-05 4.3791797612133465e-06 4.456775823112105e-07 7.030096295124351e-07 0.0 3.4223048666019206e-06 0.0 4.678932114544327e-08 0.0 3.7503597169338345e-07 0.0 2.889962015483052e-05 1.3638134875875792e-06
