0.0 0.0011606176734742066 0.00042186742623107515 0.0011704574027630859 3.3402559032029316e-05 9.414420008711513e-05 0.00018541732607814049 3.8823156837613085e-05 1.7037286578405974e-05 0.00047049310729325213 0.00010201376115234487 2.135800734861019e-05 4.292956731393523e-05 7.103235131368032e-05 4.1853836519220124e-07 1.4902005157383414e-07 0.0 0.0 0.0 0.0 6.173470008822556e-08 4.0115923863479213e-07 0.0 0.0 0.0 0.0 4.396539093955367e-08 7.998553901496875e-08 0.0 0.0 0.00034819749631641295 0.0 2.4461577580648106e-05 0.0 6.87695169060843e-08 1.0253242414324562e-07 7.3240601786765465e-06 4.1659007384002566e-07 6.803464677931204e-07 2.720705535905256e-07 0.0 2.1085983861817133e-07 0.0 0.0 0.0 0.0 2.3532660502788503e-06 5.3869545857150606e-08 6.541213011507375e-08 0.0 0.0 0.0 2.3037726941909588e-07 0.0 7.821529792113941e-07 6.52796704377539e-07 0.00014498506898815686 6.296476540830744e-05 4.529405745561442e-06 1.7925297219566764e-06 0.0 6.580047483670653e-07 0.0 7.37079278417954e-07 1.7754849735299113e-07 8.957390508109248e-08 2.7958896328819907e-07 0.0 3.963811133085691e-08 4.814097458352112e-08 7.214777642704112e-06 7.112588062733276e-07 0.0 2.8458553480165495e-05 3.119541346590094e-06 5.330464204804708e-06 2.004853636454375e-07 0.0 0.0 7.956260303548918e-06 1.1923828369324794e-07 1.259115083593889e-07 8.69763556102604e-07 1.390538143845438e-07 2.3747570057532738e-07 9.594725668805603e-08 0.0 1.329478999708861e-07 6.917567938008175e-08 0.0 1.2993287819996083e-07 2.392629265510098e-07 1.0093783266304156e-07 0.0 7.178320803742361e-08 2.675959397682085e-05 7.460677335617375e-07 0.0 1.4487856099136943e-07 0.0007306665963154543 0.0 0.0 0.0 0.0 0.0 0.0 6.594776626232922e-07 8.318136906945557e-08 6.784141276355786e-06 1.808390683356158e-06 0.0 3.534176298868326e-07 2.3541975681833385e-06 1.7981197388574513e-06 1.3251505145895302e-07 0.0 1.448258603391424e-07 0.0 0.0 0.0 0.0 0.0 0.0 0.0 0.0 0.0 0.0 0.0 0.0 0.0 0.0 0.0 0.0 0.0 0.0 0.0 0.0 0.0 0.0 3.57212028016371e-07 5.82789570579451e-07 7.284531173687893e-07 3.7680454534420905e-07 6.362987572628487e-07 0.0 0.0 0.0 0.0 0.0 4.4657143460658594e-08 0.0 0.0 0.0 0.0 0.0 0.0 4.3262490344412697e-07 1.0983852358073675e-07 0.0 0.0 0.0 0.0 0.0 0.0 6.729010204821042e-08 0.0 1.2189228707447873e-07 0.0 0.0 0.0 0.0 0.0 0.0 0.0 0.0 0.0 8.11881039304287e-07 0.0 0.0 0.0 0.0 2.12527972350907e-07 0.0 9.745219541057584e-07 0.0 0.0 4.695076935658266e-08 0.0 0.0 0.0 0.0 0.0 0.0 0.0 0.0 0.0 0.0 1.2673680399142149e-06 1.4343784821312385e-06 2.679996467238616e-06 5.9508213190458546e-05 7.295288662278524e-07 1.5507903857147038e-05 2.782606031854742e-06 0.0003963773926968461 1.5240799058220141e-06 2.143006458294841e-06 1.0488299103690316e-06 4.028547505822023e-06 0.0 0.0 0.0 3.1833667469854535e-06 0.0 0.0 0.0 1.1763310508294339e-07 0.0 7.713334966412792e-05 8.943560279729683e-07
0.0011606176734742066 0.0 0.0005097333026455051 0.0007441016927928646 0.0005382395533350043 2.6460000510656663e-05 0.0010604831426036215 1.3531026344226235e-05 0.0007586397502978934 0.00045255475660921563 0.00014075585649150107 1.1623428358559807e-05 0.0005151076052872461 0.00079642869642513 1.696824791217629e-06 3.374105911177544e-07 1.1074525374504725e-07 0.0 0.0 0.0 9.335217378353913e-08 1.613464466383485e-07 0.0 1.5536515455692617e-07 4.02766535281502e-08 0.0 8.306710497289654e-08 2.9996514187827116e-07 1.4562900509476404e-07 1.0115705248290896e-07 0.0003680435888203197 1.8058792293184656e-06 1.9857347898908513e-05 0.0 0.0 3.462257884420492e-07 2.347819388429987e-06 2.49207565262433e-07 4.1445764760532337e-07 5.787869395624065e-07 1.9114506725240696e-07 1.5543931635036594e-07 0.0 4.360671642876296e-08 3.73588935759546e-08 0.0 4.57016878661773e-05 2.0709797218497004e-06 1.8587382703832262e-07 1.5768611655095065e-07 2.4734464542663155e-07 7.81605057842603e-08 3.6468081340287856e-07 6.210384270401623e-08 6.876788806284249e-06 2.1512886459591003e-06 0.00017432944671299513 0.0001382310863100982 1.9219638920046264e-05 4.925415685502887e-05 4.2517951106777256e-08 3.4341756820549724e-07 0.0 3.246326353916096e-05 2.0435179637623344e-06 1.5347391315623001e-06 3.8034838037739335e-07 8.796861751704196e-07 1.2120012864726162e-07 4.714821124535427e-07 2.0664184419451847e-06 1.966028655779886e-07 0.0 0.00022510637445104947 5.3590264735499466e-05 8.471661162531059e-05 6.1803059865800815e-06 1.493170802383002e-07 2.405140085390076e-07 6.525812549066272e-06 1.1620788021701664e-07 3.198514070504951e-07 1.281065531501607e-05 4.280665716997949e-08 2.271265367480212e-06 1.584535195948303e-06 3.581438907884583e-07 1.8541964861798004e-07 8.079472292107844e-07 0.0 2.5767504143711635e-07 0.0 1.1040746356152026e-07 6.486963201817344e-08 3.3992210009010857e-07 8.80946477025824e-07 5.957943629383996e-07 0.0 1.0574926060202239e-06 0.0003036816817800019 0.0 0.0 0.0 0.0 0.0 3.180925426199335e-07 7.90410125825646e-07 0.0 3.131558191549561e-05 7.493614571835649e-07 1.4100349436289282e-07 0.0 2.3326297438574183e-06 1.244215246829684e-06 0.0 0.0 9.332798422079001e-08 0.0 4.5327547761800044e-08 0.0 0.0 0.0 0.0 6.00487919404696e-08 0.0 0.0 0.0 1.0168952195210379e-07 0.0 0.0 0.0 0.0 1.4066497476913403e-07 7.05435951860409e-08 0.0 0.0 0.0 0.0 0.0 5.91091290567908e-07 0.0 1.2455047769770954e-06 2.919980563822129e-07 5.807714114932337e-07 0.0 0.0 0.0 0.0 0.0 0.0 0.0 0.0 0.0 0.0 0.0 0.0 4.4491338443621744e-07 0.0 0.0 0.0 9.050474851001069e-08 0.0 0.0 0.0 0.0 0.0 0.0 0.0 0.0 4.478450337020733e-08 1.7299428876021996e-07 4.242483990693964e-08 0.0 5.759516579010634e-08 0.0 0.0 8.250602125913655e-07 0.0 0.0 0.0 0.0 0.0 0.0 0.0 0.0 0.0 0.0 0.0 0.0 5.200743172972229e-08 3.9479179250397286e-08 0.0 0.0 1.962768832948245e-07 0.0 0.0 0.0 7.40473120460925e-07 2.8893626385061e-07 2.3916005529292447e-06 0.00018455147324431375 6.634156895624733e-06 0.00021955904994029629 2.747813141825269e-05 0.00030190958579900506 1.0242312446155487e-05 1.21169918550771e-06 1.779695494092825e-05 1.286392493163933e-06 0.0 0.0 5.576139184431924e-08 9.376105613368112e-07 0.0 0.0 1.0863048595219053e-07 1.3289843985332052e-06 4.5628938848798714e-07 5.584893343548293e-05 2.4615586789051493e-06
0.00042186742623107515 0.0005097333026455051 0.0 0.00014087472007502191 0.0002843472045283248 1.925719059766205e-05 6.10675730303074e-05 0.0005575422630070745 0.0006913251996272769 1.3289469892492847e-05 0.000740606451978795 1.2715741208408772e-05 0.00014890529675509702 0.0007596738462650212 4.231400400795069e-06 2.2370368462572756e-06 9.655572520993552e-08 3.196666007443243e-07 0.0 1.962525188567353e-06 2.5314543728586805e-05 7.293888499826084e-07 1.0708292922423322e-06 1.4155462727305153e-06 7.673617150075927e-06 1.6426004498471964e-06 5.529089654761115e-06 9.489521427191072e-07 2.5589737714451406e-07 1.2570900363114657e-06 0.0017588046575081116 2.6386986949310297e-05 0.00013110450030651477 2.243234239090545e-07 4.184130448845685e-06 1.0150836007243576e-05 2.1534150046604055e-05 4.200697192468509e-06 8.305481700462797e-07 3.1440641338419557e-06 1.1065179407633826e-05 2.4175165137237945e-06 2.290982208051571e-06 1.4990247009836932e-07 0.0 4.7564637650525254e-07 1.4018176649299055e-05 7.196088229852905e-07 3.7815480270832287e-07 2.2283520088854494e-06 4.429832306782154e-07 6.630549589693683e-08 1.3303447577712403e-06 2.836962631475401e-07 9.872698048437323e-07 7.424741307768815e-07 0.00010845787966389473 0.00022349139612272322 4.028558138731008e-06 9.628195813970365e-06 2.1232087175833863e-05 6.861693960626405e-06 4.61875211737718e-06 0.00015783527395443867 5.303963754468155e-07 1.4812786841316277e-06 1.0621354883129289e-06 1.2288176379390666e-06 7.812625664727959e-06 3.297318362370041e-05 1.2193191147655956e-05 4.382069609227911e-07 0.0 6.46120923937296e-05 3.9362629026523665e-05 2.3577475397234394e-05 5.44595100654699e-06 5.938522303721979e-07 2.8880012803727982e-05 0.00011613016269518941 1.62242580211589e-06 7.513070571645815e-05 1.7470310923983809e-06 8.542100640052578e-08 1.3462816663406704e-06 8.563661670791987e-07 1.3717497631490593e-06 0.0 4.6719866154919114e-07 5.314299833164213e-08 2.065529916517412e-07 1.8187743720924472e-07 1.2540140379815123e-05 1.7568722250511818e-06 1.3317592978454456e-06 1.8822547431366237e-06 3.509928834985665e-06 7.948208115105944e-08 1.0235392464144283e-06 0.00022760129603045183 0.0 0.0 1.2320559172275024e-07 6.578561867299846e-08 0.0 4.724537601284812e-07 5.871154615619744e-07 6.99042961111849e-08 8.956866614551146e-07 1.3032338002264721e-06 0.0 5.120461475091605e-07 2.8658560478879767e-06 2.100772046341131e-06 9.502773590332138e-08 1.1853179952700175e-07 0.0 0.0 0.0 0.0 8.688016257589544e-08 0.0 0.0 0.0 0.0 3.6388881122782676e-07 6.829870854284243e-08 0.0 0.0 6.382247970250668e-08 0.0 0.0 6.372700936413702e-08 0.0 0.0 0.0 0.0 0.0 6.720875602177653e-08 1.1325459523980055e-06 6.311655220750013e-07 2.2114131165000606e-06 8.596024076812961e-07 1.3602189349087634e-06 1.1606406432433099e-07 4.247502577242619e-08 0.0 0.0 0.0 0.0 0.0 0.0 0.0 0.0 7.150028842526509e-08 2.3555421123426244e-07 5.459895608892436e-07 4.2135588159430134e-07 0.0 0.0 0.0 0.0 0.0 0.0 0.0 0.0 3.39464018256852e-07 0.0 0.0 0.0 0.0 0.0 0.0 0.0 8.801566203545085e-08 2.730588495199173e-07 2.664200517959458e-06 1.8728510460400162e-07 3.698073557177626e-08 4.620157349078136e-08 1.7173582111213473e-07 1.1441085755997858e-07 8.560102728726807e-08 4.4511704553909076e-07 0.0 0.0 0.0 0.0 2.3529472735921599e-07 0.0 0.0 0.0 0.0 7.344907113747125e-08 9.177737709313958e-08 6.410344821859336e-07 0.0 2.070912036242503e-06 8.830425761894433e-07 4.858760791117998e-06 2.8606751648160183e-05 1.7710171069658726e-06 3.360915967339633e-05 7.943475460420069e-06 8.26758446276595e-05 1.11897985902819e-06 1.8048308867517932e-07 3.888469251552544e-06 1.8428458863571912e-06 0.0 0.0 7.856889006013524e-08 1.6966439127397774e-06 0.0 0.0 0.0 3.1802124963661034e-07 0.0 1.7896445736612702e-05 2.2925175341874623e-06
0.0011704574027630859 0.0007441016927928646 0.00014087472007502191 0.0 4.3048054118922314e-05 0.00012517958165621164 0.00025550481184164544 1.4071445655537177e-06 3.0918932043509926e-06 0.0010040168101868587 5.114984528984458e-06 0.00012943188210473951 0.0004108390369143731 2.944222860794654e-05 8.808941792277838e-08 1.268294848697416e-07 0.0 0.0 0.0 0.0 0.0 0.0 0.0 4.339143054106609e-08 0.0 0.0 0.0 0.0 0.0 5.637806394236193e-08 4.6099170303481915e-05 1.7540495905697568e-07 1.7411523938498088e-06 0.0 0.0 0.0 5.271265850259825e-08 0.0 9.945508815427701e-08 8.998821924851694e-08 5.832888534090628e-08 0.0 0.0 0.0 0.0 0.0 7.676304861976029e-06 3.204720924307754e-07 1.1435792496140168e-07 0.0 4.702075916765074e-08 0.0 0.0 0.0 1.8868201584004034e-06 5.523385031948109e-07 0.00011730679239220389 4.5608628793229894e-05 7.908758847778898e-06 1.0802512023156771e-05 0.0 0.0 0.0 2.792879536919074e-06 6.223464365974205e-07 1.7746455108589837e-07 5.688140583309632e-08 1.3276075283773714e-07 4.557706404765413e-08 5.2843280920673206e-08 4.915211722837323e-07 0.0 0.0 6.214021507177968e-05 8.337986875565954e-06 1.6633924850479198e-05 6.36699032572256e-07 0.0 0.0 5.490745358481291e-07 0.0 0.0 4.7205105945375526e-06 0.0 5.201802160655591e-07 4.66612520915411e-07 0.0 0.0 1.0961338302509677e-07 0.0 0.0 1.449787862299111e-07 6.406309962507363e-08 0.0 5.5760518993581635e-08 4.600323805921617e-06 2.630299416476669e-06 0.0 8.016295660912651e-07 0.0005043826900456334 0.0 9.087454728981737e-08 8.53273183867392e-08 0.0 0.0 9.55333154659467e-07 7.955300057868229e-07 0.0 6.418560825463819e-06 1.8862327878405835e-06 0.0 8.305612048207561e-07 3.023588544553121e-06 3.75909407003925e-06 0.0 0.0 0.0 0.0 0.0 0.0 0.0 0.0 0.0 0.0 0.0 0.0 0.0 0.0 0.0 0.0 0.0 0.0 0.0 0.0 0.0 0.0 0.0 0.0 0.0 5.021472144363609e-07 8.38257123670357e-07 1.5836946345841391e-06 1.0820675049026613e-06 2.1128008328753043e-06 0.0 0.0 0.0 0.0 0.0 0.0 0.0 0.0 0.0 0.0 0.0 0.0 1.0480821763756195e-07 0.0 0.0 0.0 0.0 0.0 0.0 0.0 0.0 0.0 0.0 0.0 0.0 0.0 0.0 0.0 0.0 0.0 0.0 0.0 1.236397995623705e-06 0.0 0.0 0.0 0.0 0.0 0.0 1.1167758956561125e-07 0.0 0.0 0.0 0.0 0.0 0.0 0.0 0.0 0.0 4.5165035772545984e-08 0.0 0.0 0.0 7.117240479241734e-07 5.397694922483504e-07 4.341991593333004e-06 7.34420099123407e-05 1.390244536389632e-06 4.86749894746219e-05 4.08429958318924e-06 0.0005500476928651083 3.757677469915227e-06 3.251775971860149e-07 3.1296201143821707e-06 2.7018510810184266e-06 0.0 3.327641746951398e-07 0.0 3.674272931834105e-06 0.0 0.0 0.0 5.569485986501938e-08 0.0 4.997317289639015e-05 1.7307928733127895e-06
3.3402559032029316e-05 0.0005382395533350043 0.0002843472045283248 4.3048054118922314e-05 0.0 1.105564079100782e-06 0.0007202798994791614 3.8189721342066e-06 0.0020745451114618533 0.00013999063574232133 0.0002166073003258392 2.2464423378861688e-06 0.00029750020599031787 0.0009505756112879216 5.903180546837146e-07 8.824892681718697e-08 6.802463341123485e-08 0.0 0.0 0.0 0.0 0.0 0.0 0.0 0.0 3.7165383177812976e-08 4.0501076881261004e-08 1.2799591559582014e-07 0.0 0.0 3.954869475254338e-05 5.592641129569222e-07 1.6484220773860017e-06 0.0 0.0 0.0 3.0187931270161316e-07 7.618713065511844e-08 2.022113344212792e-07 1.3904181421286456e-07 1.5402267960323508e-07 4.932416648530217e-08 0.0 0.0 0.0 5.033171701365722e-08 1.9410010742258698e-05 4.044374004876997e-07 0.0 4.842576197418109e-08 4.875812278196613e-08 4.9781863775926035e-08 1.1882903877433804e-07 2.0088754946030518e-07 1.0786110159817505e-06 5.059114290211619e-07 2.0793846930609874e-05 2.7633355640986676e-05 2.6010461902369585e-06 1.56663252405751e-05 0.0 3.6150694195348633e-08 0.0 1.568319989602928e-05 2.128845196695155e-07 3.027250928586485e-07 8.445506887848969e-08 1.3522543001090067e-07 0.0 9.035500882962684e-08 1.3929780790573086e-06 4.0996343987094864e-07 0.0 4.4078114518651276e-05 1.662405300019467e-05 2.3646547033416937e-05 3.6590459866261693e-06 0.0 0.0 1.684572741062094e-06 0.0 9.230181999785927e-08 1.6496686059009205e-06 0.0 3.6258041712793574e-07 2.2928205537819911e-07 6.272370711629506e-08 0.0 8.769900033324006e-08 0.0 0.0 6.373393113152473e-08 5.6759481403140835e-08 0.0 5.182332736645234e-08 8.533729269016802e-07 9.111468378736044e-07 0.0 8.092872198969917e-07 1.1124636867614974e-05 0.0 0.0 2.5106417981982926e-07 0.0 0.0 5.353984022468624e-08 4.454174221660013e-07 0.0 3.2005255763932386e-06 1.5391993591564215e-06 0.0 4.474503647800962e-07 2.7692343522530623e-06 1.8618430889627268e-06 0.0 0.0 0.0 0.0 0.0 0.0 0.0 0.0 0.0 0.0 0.0 0.0 0.0 0.0 0.0 0.0 0.0 0.0 0.0 0.0 0.0 0.0 0.0 0.0 0.0 5.848346049229949e-07 4.291807443028664e-07 1.6468830340046618e-06 1.847067645636333e-07 6.666913955308056e-07 0.0 0.0 0.0 0.0 0.0 0.0 0.0 0.0 0.0 0.0 0.0 0.0 6.326897025783968e-08 0.0 0.0 0.0 0.0 0.0 7.277455650285634e-07 0.0 0.0 0.0 4.2709043159029067e-07 0.0 0.0 0.0 0.0 0.0 0.0 0.0 0.0 0.0 1.8178065698438356e-06 0.0 0.0 0.0 0.0 0.0 0.0 6.027303767150726e-07 0.0 0.0 1.6197323892186638e-07 0.0 0.0 0.0 0.0 0.0 0.0 8.120152385792307e-08 0.0 0.0 0.0 9.087812414668616e-07 9.51230176326855e-07 2.2978159212802564e-06 8.456032291227128e-05 3.055591772495571e-06 7.467615651156379e-05 1.7356201700444105e-05 2.90494410821632e-05 5.218578394559294e-06 3.2165587945805934e-07 1.213419469020092e-05 3.67348670695432e-06 0.0 0.0 0.0 2.4520493363500353e-06 4.459538225154409e-07 0.0 0.0 9.016968003378368e-07 0.0 9.27552068097252e-06 3.0404889307925087e-07
9.414420008711513e-05 2.6460000510656663e-05 1.925719059766205e-05 0.00012517958165621164 1.105564079100782e-06 0.0 8.20122829849408e-06 1.8720866851556304e-06 2.567215405121283e-07 0.00014993810119001406 2.58506069195916e-06 5.10619992538371e-05 1.960267411810954e-05 3.451881703421317e-06 3.561491460758734e-07 2.0184789280261388e-07 0.0 0.0 0.0 0.0 0.0 4.87660427121589e-06 0.0 0.0 0.0 0.0 0.0 6.590507714702394e-08 1.1066109079123294e-07 0.0 2.544278637100843e-05 0.0 2.7094717088620952e-06 0.0 0.0 6.537268702789619e-08 4.184868450248178e-06 5.89154624000556e-07 7.191778144793353e-06 2.437292671522203e-07 0.0 7.853772989918792e-08 0.0 0.0 0.0 0.0 3.495523050050498e-07 0.0 0.0 6.302388231611236e-08 1.6324187253431158e-06 9.104373374892324e-06 1.0368439423518112e-06 1.415540617512275e-07 8.129002970194585e-08 7.849693114663396e-07 6.573957414855001e-05 3.994442914144197e-06 2.3933691377430207e-06 3.7646289752665295e-07 0.0 8.750921389478383e-07 0.0 0.0 0.0 1.0458497843160563e-07 2.0334741374670924e-07 0.0 0.0 0.0 6.272105491354997e-05 8.792099501579658e-05 1.6643311404909396e-05 1.217850051734354e-06 0.0 3.4599530396458567e-07 0.0 6.249693072850352e-08 0.0 8.795057483775649e-07 0.0 1.1480526401634925e-07 1.990879143549056e-07 3.3063357564832794e-06 0.0 2.135233517997461e-06 4.9423836273374405e-08 6.516976113391334e-06 6.794944711687166e-06 9.664219834939436e-06 3.5264319612181936e-06 5.9761883095247686e-06 0.0 1.8824670533968061e-07 2.8857649614004935e-06 9.616633914074968e-05 4.161243274617154e-05 4.2206612390180035e-06 1.1669052748818608e-05 0.0001552677195658309 0.0 0.0 0.0 0.0 0.0 0.0 4.4212421126768435e-07 0.0 6.446696827174803e-07 1.1212696059266055e-06 0.0 0.0 1.054852885651063e-06 3.804886499324668e-07 1.987044460000859e-07 0.0 0.0 0.0 0.0 0.0 0.0 0.0 0.0 0.0 0.0 1.584852419204835e-07 0.0 0.0 0.0 0.0 0.0 0.0 0.0 5.56901598995092e-08 0.0 0.0 0.0 0.0 0.0 3.2422918382109536e-07 0.0 1.6329043172342353e-07 3.3869626363113683e-07 3.7258316145192267e-07 0.0 0.0 0.0 0.0 0.0 7.232004176030648e-08 0.0 0.0 0.0 0.0 0.0 9.953442906555491e-08 3.5792411857004717e-07 0.0 4.8506052034338015e-08 0.0 5.7289301800866314e-08 0.0 0.0 0.0 0.0 0.0 0.0 0.0 0.0 0.0 0.0 0.0 0.0 4.3185419455437695e-08 0.0 0.0 1.9739968063979984e-07 8.190078533691189e-07 6.745576667666707e-08 0.0 2.9392841156730836e-07 0.0 0.0 0.0 0.0 0.0 1.3140051262480274e-07 0.0 7.665851888423496e-08 0.0 4.6217049805782716e-08 6.761384421794304e-08 0.0 1.4156285129711663e-07 6.335150653527937e-08 0.0 0.0 9.470842696079661e-07 4.615249303276739e-07 1.216383369510317e-06 1.5176410373062236e-05 2.204846294169989e-07 1.5704062084624286e-06 5.601722744743655e-07 5.819209310719828e-05 1.787687207102964e-06 5.230420281166295e-07 5.000528548703656e-07 2.3648527318105764e-06 0.0 0.0 0.0 1.9880802713607884e-06 0.0 0.0 0.0 6.54235931478375e-08 0.0 3.1799997600571e-05 5.350289422308036e-07
0.00018541732607814049 0.0010604831426036215 6.10675730303074e-05 0.00025550481184164544 0.0007202798994791614 8.20122829849408e-06 0.0 5.016845797404109e-06 0.00029972806762189276 0.0010813018659389531 1.8510111419314822e-05 7.335310284691156e-05 0.0015723358974365686 0.00035477273297947784 5.715202813809377e-06 6.41177501526023e-07 3.0322035935409727e-07 2.242722766869863e-07 5.859071004293086e-08 0.0 4.9438027727674604e-08 0.0 0.0 0.0 7.354210603916744e-08 3.2204443232102186e-07 5.00717051554723e-08 4.82867772798088e-07 4.3916240287249635e-07 8.678107570562348e-08 4.478886620169797e-05 1.325258915936904e-06 7.667927777735422e-07 4.142780936632068e-08 0.0 5.382369616763603e-07 7.628765559275949e-07 3.8532297036579296e-07 3.5043318719020974e-06 4.0290360641848795e-07 4.2918781866653666e-08 3.3120594996105214e-07 0.0 4.6101714483318415e-08 0.0 0.0 7.783277042311672e-05 1.2944252164250738e-06 1.2375805740884288e-07 0.0 3.3387579894028865e-07 1.3262368780460246e-07 1.124676314888142e-06 2.3186005970674527e-07 3.735273625490519e-06 1.7369688874068381e-06 8.910890756293605e-05 7.51125599248125e-05 1.3997420786741973e-05 5.735811207013566e-05 1.100873898064261e-07 5.673724293646358e-07 0.0 3.980522983565756e-05 1.3977522887629149e-06 5.751115024430117e-07 2.325474327145339e-07 8.260409031220229e-07 3.28048107225205e-07 2.0596864555024639e-07 8.564712271783647e-06 6.948391166363077e-07 0.0 0.0001651511349578288 5.322643505838316e-05 9.479004045494306e-05 1.2942922824785069e-05 2.9091058202477963e-07 4.8099834625678794e-08 1.9391410503623232e-06 4.329426943588307e-08 5.991353059539761e-07 9.672702054966965e-06 9.293307114476044e-08 1.9394923575245806e-06 1.3007307969709213e-06 4.1291306192699227e-07 8.508594158660955e-08 9.273696569423358e-07 1.3052590397802115e-07 3.007386463319222e-07 1.304905870943304e-07 4.033170843582827e-07 1.7075846328429405e-07 5.1113470822356317e-08 4.145713147452246e-06 1.2699155176615801e-05 1.7903300282285918e-07 4.824040601619963e-06 5.6456693797688974e-05 0.0 1.0484300775888447e-06 3.6236771439011405e-06 3.517564496615115e-06 1.8753408741325106e-06 5.375579613214163e-06 1.6892690940078687e-05 9.830486986766804e-07 4.4527840982118257e-05 2.6834356706629967e-05 6.34155920909734e-07 7.775220610776455e-06 4.835650414001427e-05 2.752866592657041e-05 3.4992543709805787e-06 5.813086785895595e-07 9.341524487914513e-07 0.0 6.186985766782531e-08 0.0 0.0 0.0 0.0 0.0 0.0 2.157264636845658e-07 6.466006238723016e-08 1.249940274817627e-06 1.426099791973781e-07 7.053024606322172e-07 1.4365189440861932e-07 6.938265792614307e-07 0.0 2.700807468936521e-07 3.263031974195127e-06 1.6227501210995712e-06 5.133411833304553e-07 9.044031869710268e-07 1.5790573983538979e-06 1.0834576613116458e-05 1.223794649292845e-05 1.617105154277361e-05 9.697026283935649e-06 8.963009292461254e-06 0.0 0.0 0.0 0.0 1.4042680249094317e-07 7.427413299199862e-07 0.0 2.4374785337946503e-07 1.1012548333207863e-06 0.0 0.0 0.0 1.890821235987289e-06 4.2550610983991906e-07 0.0 1.606619851676357e-07 0.0 9.342285516096082e-07 1.1988688869981405e-06 1.702949490233699e-07 6.218391424629618e-07 1.3048309949992606e-06 6.132992270016787e-06 7.438014529196909e-07 6.101841313677244e-08 0.0 0.0 0.0 0.0 0.0 0.0 0.0 2.124223661401643e-05 5.866637094225283e-07 0.0 0.0 1.755611932351554e-07 9.258259410628167e-07 2.2202639511602401e-07 4.658250227722419e-06 4.145403761540795e-07 4.7180148426573617e-07 1.1017686311088177e-07 0.0 2.9292550912172735e-07 3.557934929714821e-08 4.953324780814046e-08 4.7775561420882055e-08 5.385283961610988e-08 5.0036278402457946e-08 0.0 4.3481746787387965e-07 0.0 1.5532487811092897e-05 8.245028394088182e-06 3.7604354563710594e-05 0.00046586279734114433 1.5186171584937886e-05 0.00030951839582660413 6.900892733525419e-05 0.00022401723012872808 2.7578052318767912e-05 3.2583725931923256e-06 5.866891772843383e-05 4.938401620623595e-05 0.0 2.5897110667293505e-06 1.0311527785309465e-06 3.618750774338105e-05 2.985779195906124e-07 0.0 4.970531171431255e-07 1.6952140977776642e-06 4.632929352755747e-07 6.425087057182665e-05 1.891787262625554e-05
3.8823156837613085e-05 1.3531026344226235e-05 0.0005575422630070745 1.4071445655537177e-06 3.8189721342066e-06 1.8720866851556304e-06 5.016845797404109e-06 0.0 5.850795449989239e-05 1.1943157038523898e-06 0.000982173993256388 1.8086823125537534e-05 7.076467989728808e-05 0.00022122753817250843 1.7981675454416967e-05 8.131240904551137e-06 6.488347860487453e-07 1.5926760611431372e-06 9.343696848596421e-08 7.359726074481448e-06 9.257095355521016e-05 2.157802172511442e-06 2.2583590790737352e-06 3.5314059438733874e-06 3.641648567436763e-05 7.057358258351641e-06 2.1510463639578213e-05 4.03359957504705e-06 2.166608577237922e-06 4.774146024125712e-06 0.0013430864189598293 0.00039786056377936346 0.0002774907111741451 6.171254280277076e-07 1.3756095533636654e-05 4.981949143733488e-05 5.3260272841564366e-05 2.1716516896715345e-05 3.539489988316359e-06 1.64891606390383e-05 3.642438046279683e-05 6.28753043817487e-06 8.965462726340304e-06 5.992896235228439e-07 1.1960644358897736e-07 2.4063952630623046e-06 4.860792551721288e-05 1.9713481621982194e-06 1.4533460902136884e-06 5.5883147807978535e-06 3.147120478686263e-06 1.4785066658372066e-06 1.836125381258788e-06 9.65080794621724e-07 1.1626320247338215e-06 7.41999086340829e-07 9.933372726544582e-05 0.00027783988781762117 5.208621932687879e-06 2.8354480428691496e-05 0.00015047203447262283 5.007680305546489e-05 3.560931222428381e-05 0.000381610394888022 1.1220899482832984e-06 3.747950647137869e-06 2.5184258322454325e-06 3.2677788172833766e-06 1.6458828651688907e-05 0.00010643930832355973 3.0364188976921598e-05 4.167963290797064e-07 7.186180733076715e-08 0.0001229376408079545 0.00010291564617104176 9.05590799068293e-05 3.234806805287831e-05 8.533601790082148e-06 0.0004198886728703612 0.0011909832407770529 2.0114714741633267e-05 0.000993565014055038 3.417021256575909e-06 0.0 2.312756156384369e-06 4.193822201945329e-06 4.226877395090205e-06 0.0 7.254343264696789e-07 4.89274802404665e-08 9.139802303929668e-07 1.783779375000645e-07 3.423421661367465e-05 5.947081529937656e-06 8.063371861361769e-06 2.3064349316676096e-06 3.21037822396154e-06 1.6691212748394258e-07 1.3225939195194602e-06 6.560698346426945e-05 3.001723920457159e-07 0.0 3.7938163104313276e-07 9.367388947463619e-08 1.0987669706684145e-07 4.899987802087711e-07 1.0063731869947643e-06 0.0 3.5242268442182177e-06 3.2463036189011142e-06 2.678122139304713e-07 6.478002076667809e-07 4.980526746781878e-06 3.1474307923831092e-06 1.9384391868115205e-07 1.4631339331926113e-07 1.4414152094545577e-07 2.2702120105996868e-07 1.0455860674201253e-07 0.0 0.0 0.0 5.1448001549282737e-08 1.0953516217053457e-07 0.0 3.867755740567793e-08 1.2902493031731354e-07 3.026113323298227e-07 0.0 2.5023345786398036e-07 1.658782144217714e-07 2.9552354323835357e-07 2.173819990681937e-07 6.612216672278348e-08 2.8184423563440475e-07 5.695163308398042e-07 5.9293476963728114e-08 1.541098914307797e-07 1.8196602545526016e-07 1.9571453730461324e-06 1.001539516621603e-06 1.503904638549799e-06 1.836452685025761e-06 1.3838127617698363e-06 1.738996760772419e-07 0.0 4.6436626700951866e-08 0.0 0.0 0.0 5.186149474870573e-08 0.0 2.1783453860445903e-07 0.0 5.0390011845611676e-08 1.3415871790370483e-07 1.4463083404952744e-06 3.5769373175420465e-07 0.0 0.0 0.0 1.9423383880680845e-07 4.4469218086467364e-07 0.0 2.091396207221911e-07 1.0485123758160835e-07 1.1503774201165126e-06 3.508183902595723e-07 0.0 0.0 0.0 0.0 5.903503989918168e-08 4.572904384146952e-08 3.011504487645318e-07 4.5630681498348246e-07 4.429083522926313e-06 3.464359959254546e-07 3.79588167059974e-08 1.595137042434331e-07 1.2201377355310263e-06 8.838965721303445e-08 0.0 6.808511342195898e-07 0.0 0.0 0.0 0.0 4.124855390253288e-07 5.347983326243881e-08 0.0 0.0 0.0 1.3414912264944254e-07 2.6872651592233424e-07 4.377333142686889e-07 8.319316171019019e-08 2.0254452718399807e-06 2.0663102939076403e-06 7.185386881434714e-06 5.9749478598353684e-05 4.325217349284829e-06 9.14465677256579e-05 2.535594457113803e-05 3.13177923153789e-05 3.883912857781003e-06 1.19012850152745e-07 1.138919508483988e-05 4.79314958999624e-06 0.0 9.940973287671867e-07 5.09605449315876e-08 2.050660122909364e-06 0.0 0.0 7.34876291662086e-08 1.5495176695413089e-06 0.0 1.4127695953663875e-05 6.31672085578458e-06
1.7037286578405974e-05 0.0007586397502978934 0.0006913251996272769 3.0918932043509926e-06 0.0020745451114618533 2.567215405121283e-07 0.00029972806762189276 5.850795449989239e-05 0.0 3.8118795514555024e-05 0.0006283070410542918 6.4135438503319125e-06 0.00038235744147180323 0.0010817361709366269 3.9369612891442694e-06 3.2128980402755294e-07 0.0 0.0 6.48253363692029e-08 0.0 0.0 7.124753404629001e-08 0.0 0.0 0.0 0.0 0.0 0.0 5.4586192935831115e-08 0.0 3.095250265196343e-05 5.538467068673972e-07 7.947135976674933e-06 0.0 0.0 0.0 2.1038382305937524e-06 5.331721811809757e-07 4.361249250325945e-07 1.8318841323824067e-07 4.536855648683915e-08 1.6582113120430237e-07 0.0 0.0 3.792757719498302e-08 0.0 3.150422261833363e-05 4.21295377168172e-07 1.1171920867578152e-07 0.0 4.2663286858439584e-08 0.0 1.5968436792611427e-07 0.0 5.313315953371244e-07 6.140455040057828e-07 1.4821435531680634e-05 1.9413562316975344e-05 2.2487031891524733e-06 1.651945396459349e-05 8.678473801641062e-08 6.789559189064968e-08 0.0 1.6972687527064532e-05 2.575228083334716e-07 2.2876498897778988e-07 1.3056032969942033e-07 2.749879656231965e-07 1.4994919508016204e-07 8.824957992927733e-08 2.7441262697508265e-06 0.0 0.0 3.6427997986574974e-05 1.9362196091774016e-05 3.2653287020682877e-05 7.61470444966859e-06 1.1357873782217923e-07 5.242705319586245e-08 1.0047634204246211e-05 0.0 4.78016498917743e-07 2.547543211170345e-06 0.0 4.178346369148223e-07 3.4937145399452906e-07 1.0370342055010547e-07 0.0 2.7298190742220493e-07 0.0 0.0 0.0 9.725657552142082e-08 4.6944622778311556e-08 0.0 0.0 8.57876610865217e-07 0.0 1.837810959798573e-06 3.977885445323439e-06 1.9142407734780017e-07 0.0 9.225122822626047e-07 7.707588192538973e-08 4.544513418462818e-07 9.420510277123103e-07 1.623712960917067e-06 7.356323146855798e-08 5.733235131807229e-06 4.039520313871533e-06 0.0 1.0206925780184624e-06 9.653586248426585e-06 4.4283558095652055e-06 3.5024236981126694e-07 0.0 1.6479828442455966e-07 8.014387902185111e-08 0.0 0.0 0.0 0.0 0.0 0.0 0.0 0.0 7.831398712549839e-08 5.994970201827199e-08 0.0 0.0 7.969913410371111e-08 0.0 2.489890595931691e-07 0.0 3.731443983723506e-07 0.0 0.0 0.0 2.793207081788174e-07 2.8605034097647225e-06 1.897725064155994e-06 3.420910474983652e-06 1.8997938119618846e-06 1.072869528958745e-06 0.0 0.0 0.0 0.0 0.0 6.576997511247116e-07 0.0 0.0 8.827862815767073e-08 0.0 0.0 0.0 1.8643231112180884e-07 0.0 0.0 0.0 0.0 0.0 0.0 0.0 0.0 2.1055772239363683e-07 1.1545694780551706e-06 0.0 0.0 0.0 0.0 0.0 0.0 0.0 0.0 0.0 3.155160447218911e-06 2.6205777148305624e-07 0.0 0.0 0.0 0.0 0.0 1.4610700013254057e-06 1.7648015246556938e-07 1.6783657407668593e-07 0.0 0.0 0.0 0.0 0.0 4.6624957981255295e-08 0.0 0.0 0.0 0.0 0.0 3.7202460290145046e-06 1.5616475114378022e-06 6.908648276320601e-06 0.00013731251729279476 4.788214324069915e-06 9.797273374875364e-05 2.413720212413417e-05 1.836890478878027e-05 7.999408458992096e-06 2.1464565595353542e-06 2.3515257156149088e-05 9.59050317096045e-06 3.644147556799692e-08 9.860915479057367e-07 0.0 4.17724469723264e-06 3.500992100825973e-07 0.0 0.0 1.6281129618102936e-06 0.0 8.368766684174552e-06 3.6511953748208446e-06
0.00047049310729325213 0.00045255475660921563 1.3289469892492847e-05 0.0010040168101868587 0.00013999063574232133 0.00014993810119001406 0.0010813018659389531 1.1943157038523898e-06 3.8118795514555024e-05 0.0 2.2957830580162286e-06 0.0009385366631780568 0.004304589739517822 0.00021658461904306082 1.2254379507272883e-06 1.4217388954039843e-07 0.0 8.624147388617068e-08 0.0 0.0 5.101282441807414e-08 2.2555238248797226e-07 0.0 0.0 0.0 0.0 0.0 3.0404689101602054e-07 5.5145305716002486e-08 4.617861080214591e-08 1.2820304557843255e-05 0.0 9.878016761354982e-07 0.0 0.0 9.703019893589018e-07 4.459276473698603e-06 3.2315710337667075e-07 5.140053290476543e-06 1.2942669740798122e-06 0.0 2.46253252396656e-07 0.0 2.5914581934538395e-07 0.0 0.0 1.4869818981757524e-05 4.3628003305020703e-07 5.3833734561503606e-08 0.0 0.0 4.0261965830738335e-07 7.411662707639804e-07 4.507858997834102e-08 1.0071519224489895e-06 5.919577933001475e-07 9.222431634582622e-05 1.416469789706704e-05 5.657125974800695e-06 7.887750053831159e-06 9.357702135431612e-08 0.0 0.0 2.7150050637111414e-06 5.51787899183368e-07 8.196957452042689e-08 4.8383712542493315e-08 1.4781784007136518e-07 0.0 0.0 4.807864864608326e-05 4.46325775954761e-06 2.0259760444385105e-07 2.8903852884366383e-05 6.674054045249494e-06 1.3869933218194967e-05 9.7345013612694e-07 1.7142644740839034e-07 0.0 9.78988831845884e-07 3.9597499356153086e-08 1.7599799704273864e-07 1.710079383691518e-06 7.626636474899839e-08 2.6780949161278616e-07 1.2593512416011469e-07 0.0 2.487428546466517e-07 7.679291683953893e-07 3.105029314967066e-07 2.2088742256507212e-07 5.721373001777348e-07 6.615692205215354e-08 0.0 6.514762948463404e-07 6.141596567070553e-05 3.315902747472494e-05 5.7312301112609606e-08 7.249635443529977e-06 0.0005143848360334917 2.3975988381327193e-07 1.2109103329199353e-06 6.234652597248068e-06 3.8921061642143835e-06 1.9656682294637687e-06 1.0182136990144514e-05 2.8147132321900534e-05 9.78614354464047e-07 7.377729335095127e-05 6.938310069036147e-05 6.862622899653715e-08 1.768929701517677e-05 9.653475540128609e-05 4.84584276622622e-05 3.7498756126222566e-06 1.7377111676091032e-07 5.0739722850750833e-08 2.2523961504289846e-07 6.202887520220328e-08 0.0 0.0 0.0 0.0 7.969577698548957e-07 1.47613281702349e-07 1.747628338989623e-07 0.0 1.2395607244925274e-06 0.0 8.695674027368445e-07 7.778533866722482e-08 0.0 0.0 7.016658470590921e-08 2.824076027989405e-06 3.0864790699257706e-07 9.639071674549486e-07 1.2718733230867954e-06 2.609726342902903e-06 1.610294852370383e-05 1.612045368563505e-05 2.82965555664247e-05 1.2175417571915218e-05 1.0186803134214571e-05 0.0 5.411889794940441e-07 0.0 0.0 5.396245501950976e-07 8.64343366656881e-07 0.0 0.0 5.851041326853748e-07 0.0 0.0 3.232200279798453e-07 3.165399438056e-06 2.3874853058554954e-07 0.0 0.0 0.0 1.357327943396496e-06 7.723182067716597e-07 9.449667215108369e-07 2.28119967542329e-07 1.6059162973587408e-06 8.750976788032888e-06 3.952666110975267e-08 0.0 8.67684193699282e-08 0.0 0.0 0.0 0.0 0.0 1.3604680086653974e-07 2.2932254918234155e-05 9.693346265875846e-07 0.0 0.0 1.9136279468062857e-07 3.0518219087963804e-06 3.9635609972589286e-07 8.374519487737891e-06 0.0 0.0 2.2886112158402688e-07 5.197100760740357e-07 7.417386441611269e-07 0.0 0.0 4.1636170434704155e-08 0.0 6.069796704674826e-08 0.0 0.0 1.3420611125721623e-07 3.0234225374986057e-05 1.1412736937407035e-05 4.104399566169759e-05 0.0008162896437773652 1.1973518083257466e-05 6.479353720216555e-05 2.1946986303769993e-05 0.0005609855742470897 1.156814443438051e-05 5.714891193888349e-06 2.3608974996405096e-05 0.00015488649542623077 0.0 5.13626229524411e-06 1.0850058378857035e-06 0.00010576505974971966 6.94157902414493e-07 2.023468509073361e-06 9.194008440563562e-08 1.5728816925043396e-06 0.0 0.0002279129701597825 5.6167972297846795e-05
0.00010201376115234487 0.00014075585649150107 0.000740606451978795 5.114984528984458e-06 0.0002166073003258392 2.58506069195916e-06 1.8510111419314822e-05 0.000982173993256388 0.0006283070410542918 2.2957830580162286e-06 0.0 5.760721676414002e-05 0.00039874882955540526 0.0009922561802275947 3.1327045415204014e-05 1.3480900159145875e-05 4.398178741014031e-07 4.5070179481618335e-07 0.0 2.0862843233059525e-07 4.265918339179887e-06 5.850565934498171e-06 3.8809471398690495e-07 4.0905263843781303e-07 4.49702236670736e-06 1.3286778020818075e-06 3.8039173084498827e-06 1.306055809063138e-06 2.83038371741588e-06 1.5930138147035563e-06 0.0002747151510467541 1.6776724323740553e-05 0.00042681374996768047 1.5738939307905025e-07 1.516534837553736e-06 9.437079770530946e-06 0.00011693858094029438 2.5465642367374842e-05 6.156779970455156e-06 5.865657050702863e-06 5.555773962254956e-06 5.325681178085881e-06 2.384552649454173e-07 1.1524670430938895e-06 1.0404810808561493e-07 8.636158486190138e-07 6.15147569009392e-05 3.177161913557435e-07 3.727091510468519e-07 4.009826420086358e-07 2.62480105805912e-06 2.312238006550352e-06 2.749450671457912e-06 2.13761030886751e-06 5.829766139471274e-07 5.13483952412641e-07 3.889200646146379e-05 5.879509611548412e-05 3.3635039395625633e-06 2.972043457281219e-05 5.304175802262734e-06 7.014081114796573e-05 1.219041343446826e-06 3.200501065462718e-05 2.7863800156535676e-07 9.204998821600999e-07 1.2001281939257814e-06 5.230821761986337e-07 2.0015114726685363e-06 5.954833112859297e-06 6.254599767564261e-05 2.1278005652700803e-06 1.5989105348731266e-07 6.874440303407914e-05 3.2717947458456965e-05 7.586877457871811e-05 2.550691881038441e-05 5.833065451168977e-06 5.040826223895724e-06 0.0005513169469920261 2.75956710916836e-07 4.32435360305184e-05 2.8417752923923467e-06 7.932302088972226e-08 5.286312240494029e-07 1.6652185760760604e-06 4.870179644205979e-07 1.9175328551638264e-07 7.210859946778073e-07 4.5717981221351776e-07 3.883712764379221e-07 9.469633401057746e-07 6.5796697346245136e-06 4.116016134599049e-06 8.43390664966348e-06 8.122667715775582e-06 9.09007761492898e-06 7.306825307489119e-07 1.1799430872452517e-06 4.9552790389860714e-05 4.2678993899020524e-07 0.0 2.6525319868335646e-07 2.1088913710446851e-07 4.547968808690493e-07 1.452260355453879e-06 1.058169852738686e-06 3.5059926810132586e-07 6.994825879506643e-06 6.260382866678004e-06 6.237839759833693e-07 1.3542762313753349e-06 1.391274090996774e-05 8.140308737229304e-06 6.948081579024534e-07 3.7472426431126467e-07 1.7171973746392784e-07 6.755966032984716e-08 0.0 0.0 0.0 0.0 1.2626998449501198e-07 6.269945651503281e-08 9.525634344650651e-08 4.0833133717250714e-07 1.209514943679221e-07 1.288442004682414e-06 0.0 2.769959648489052e-07 0.0 9.259679166443318e-07 2.8173308450201476e-07 4.382823953692294e-07 3.8231586223809357e-07 1.3353449228966366e-07 1.6668697472060005e-07 5.199139782790358e-07 3.65167806127874e-07 3.4464947799652433e-06 2.3980734675068827e-06 5.928801874728871e-06 4.034056863379636e-06 2.6591243537813767e-06 0.0 0.0 0.0 0.0 0.0 1.663598082902814e-07 0.0 0.0 4.498756141257105e-07 0.0 0.0 1.237113812578607e-07 2.989455118281698e-06 3.218040626563587e-07 0.0 0.0 5.2236295634662514e-08 2.3602045086479736e-07 1.3465957857888097e-07 0.0 2.262823420663641e-07 9.669808472369817e-07 1.6094003543241017e-06 0.0 0.0 0.0 0.0 0.0 4.6635050699399574e-08 0.0 5.322311138011103e-08 1.0342460272602852e-07 7.656452473178584e-06 1.3356873245398297e-06 2.938364845146253e-07 1.7827780381929257e-07 1.465740125106516e-07 3.2003687867645894e-07 0.0 1.2924255520083315e-06 2.516042668954614e-07 0.0 5.496199088589973e-07 0.0 6.71950162524734e-08 0.0 0.0 0.0 0.0 0.0 5.313090049834192e-08 0.0 5.1841162819985755e-08 7.016228594654576e-06 5.2121197996168305e-06 1.2168872207674435e-05 0.00013756380129671574 4.8739452870919875e-06 0.000108779685084658 4.422551776377806e-05 2.6971122809750508e-05 6.305578699432345e-06 6.941674915649038e-07 3.0250538103784614e-05 5.0962694769058175e-06 0.0 1.5265418759371207e-06 0.0 3.1921544678230676e-06 0.0 0.0 0.0 3.081865382353891e-06 1.7285291440805905e-07 1.97828884236922e-05 1.0575615838127443e-05
