0.0 0.001138082479843462 0.00047274497129706875 0.00042984869276345205 0.00014268678034483958 1.4425390955069023e-05 0.000705883709180328 9.974231856811928e-05 3.5165544389326146e-05 0.0007216810508526312 0.00012852952565604417 0.00014074630765756823 0.0003008785323373298 0.00022943947178568038 1.8621269600930956e-06 5.30492138917004e-07 0.0 0.0 0.0 0.0 0.0 0.0 0.0 0.0 0.0 0.0 0.0 0.0 0.0 0.0 0.00020851054756449943 8.569734972603649e-06 2.5508465993346246e-05 0.0 0.0 0.0 9.922590648016008e-07 0.0 2.127297301280837e-07 0.0 6.052977803841144e-08 0.0 5.047522574760481e-08 0.0 0.0 0.0 1.7935436135181386e-05 5.98545790913747e-07 7.186579546533387e-08 0.0 1.8046693527741764e-07 1.68736857786562e-07 1.557480996666496e-07 0.0 1.939366797129391e-06 3.875157321916017e-06 0.00012794206136752744 7.157206849123377e-05 4.492745180449387e-05 1.6492892291633885e-05 0.0 5.5480762608424205e-08 0.0 4.925726219650768e-06 6.713475058888874e-07 7.485596389341826e-07 3.919775868459832e-07 4.4154568929869517e-07 1.0607731921336394e-07 0.0 8.260356693918853e-07 6.219611101037876e-06 1.4483046666738512e-07 2.8819682799293884e-05 8.033098671300759e-06 8.318227273785467e-06 7.14454530920202e-07 0.0 0.0 2.3963064044187465e-05 0.0 6.183037052200524e-08 2.573366547827667e-06 0.0 7.0231120334935e-07 8.409092210232437e-07 3.613703975379176e-07 1.9447011873912103e-07 1.3279451276467148e-07 9.568075669972056e-07 1.5617798825602497e-07 2.281963011525013e-07 6.25528766411347e-08 0.0 1.1600601507971644e-07 4.3884685539537215e-05 1.0618064735574613e-05 3.694837724958806e-07 3.945424374627193e-07 0.0007590987912798024 0.0 3.506758736547309e-06 6.352315590379864e-06 2.7183363939049337e-06 8.026481741584225e-07 3.271439745128019e-05 1.6212213310895727e-06 7.88286158435075e-06 3.623700932554359e-05 6.1340338891383625e-06 1.6018712773649333e-06 1.7589312928332627e-05 2.753144728495429e-05 9.03790416591873e-06 3.1476012159935044e-06 0.0 0.0 0.0 0.0 0.0 0.0 0.0 0.0 0.0 0.0 0.0 0.0 1.0982999914722561e-07 0.0 0.0 0.0 9.440033096685414e-08 0.0 0.0 0.0 4.223248850547678e-07 0.0 0.0 0.0 3.717409516934246e-07 3.5286925623250965e-07 2.8730463034070074e-07 7.007015338797239e-07 0.0 0.0 0.0 0.0 0.0 0.0 7.048731846401483e-07 0.0 0.0 0.0 0.0 1.0712240292231549e-07 0.0 0.0 0.0 0.0 0.0 0.0 0.0 0.0 0.0 0.0 0.0 0.0 7.447728941479198e-08 0.0 0.0 0.0 0.0 0.0 0.0 0.0 0.0 2.9862554374331694e-06 0.0 0.0 0.0 0.0 3.6478628933262324e-06 0.0 2.0212375247950107e-06 0.0 0.0 0.0 0.0 0.0 0.0 0.0 0.0 0.0 0.0 0.0 0.0 0.0 1.2641626351710881e-06 0.0 4.376216421185191e-07 0.00025925110596045135 5.281378413176618e-07 2.4670585468949657e-05 4.6888455969182286e-07 0.0005040078080368502 6.7109675947909015e-06 1.2139823322619085e-06 6.211425787020396e-07 1.4175741590190336e-06 0.0 0.0 1.005173739701115e-06 1.3907382854915464e-05 0.0 3.6348587321633354e-06 0.0 1.9969987484524228e-07 0.0 0.00034428860244067996 6.906392849913857e-06
0.001138082479843462 0.0 0.0006788160797894758 0.0008826013764344329 0.0007331424935709997 2.3522835026340807e-05 0.001322472019191257 0.00019313094016461607 0.0004325797559025984 0.0009608903136137829 0.0003615648609018785 6.97270882469351e-05 0.0011682930996136252 0.0009406549493801329 8.031960193494508e-06 5.02082204210019e-07 5.3763598609816654e-08 6.230888545719244e-08 0.0 0.0 0.0 6.266079642123018e-08 5.417780214757415e-08 5.348049327603512e-08 0.0 0.0 0.0 1.0599044712525107e-07 0.0 0.0 0.0006980000204109386 7.088718043033202e-06 2.2858124951748482e-05 0.0 0.0 0.0 9.869776205416465e-08 5.893334954557914e-08 2.364940828988343e-07 0.0 2.438896966448353e-07 1.876906043308546e-07 5.910687885808408e-08 2.2192254013235998e-07 0.0 0.0 9.151021997635438e-05 1.6561656430810375e-06 8.565152788894032e-08 4.846227497936146e-08 2.846963951576746e-07 1.4349833398011002e-07 1.3658408211359665e-07 0.0 2.7194784080099276e-06 7.833900821062822e-06 5.706255429363484e-05 7.837313631353669e-05 5.543857088493815e-05 4.353521965749714e-05 0.0 7.880759017505625e-08 0.0 2.176050865663579e-05 2.1526533421135804e-06 2.416393751810466e-06 7.266234048921913e-07 1.8533497502407625e-06 2.684700436348976e-07 5.056721875439656e-08 1.1898945603517628e-06 8.208899608112144e-07 2.0780492383402455e-07 6.278874828173974e-05 5.46939132741291e-05 3.6240693575858704e-05 1.5022236963563912e-05 2.859932991473948e-07 6.582787871305475e-08 2.91398900931221e-05 2.3263749397433203e-07 5.3199133709985026e-08 6.530617831862553e-06 5.622812129792531e-08 1.366617929498142e-06 1.7128799114525655e-06 1.2412661080159634e-06 6.461675011120585e-08 3.6079681883526237e-07 3.6040955831282676e-07 0.0 0.0 4.384583841158698e-08 1.7281463995896509e-07 1.9267054107460705e-07 1.1733070059042893e-05 2.8605888898396316e-06 6.392002316224397e-08 9.726291913675773e-07 0.0005454789513571132 0.0 6.689707460780673e-07 3.2642104609693456e-06 2.0071583556737146e-06 9.079982557744718e-07 1.746569252347587e-05 2.2051078700754866e-07 5.046281136945017e-06 4.207635452399657e-05 2.56714881699905e-06 1.8317821731040476e-06 9.915552473498527e-06 1.168921373707226e-05 7.337702803089183e-06 3.867238971595294e-06 0.0 0.0 0.0 0.0 0.0 0.0 0.0 0.0 0.0 0.0 0.0 0.0 2.269833238273881e-07 0.0 2.212788889987613e-07 0.0 0.0 0.0 0.0 3.0723281071675177e-07 1.268663913737173e-07 0.0 0.0 0.0 1.0151995673982485e-06 1.0863698848099974e-06 2.026545733017186e-07 5.242898156076986e-08 4.908493213690769e-08 0.0 0.0 0.0 0.0 0.0 1.6174346444955684e-07 0.0 0.0 2.1210244892421296e-07 0.0 0.0 0.0 5.015462221821749e-08 0.0 0.0 0.0 5.099561225038139e-08 0.0 0.0 0.0 6.535867185330543e-07 7.619614546520078e-08 3.369770473393265e-06 1.8207501565077538e-07 0.0 0.0 0.0 0.0 0.0 0.0 0.0 0.0 2.9889722325111257e-06 0.0 0.0 0.0 0.0 2.185032803488309e-06 0.0 3.890695393319856e-06 0.0 1.3624251594244951e-07 0.0 0.0 0.0 2.3617429853738248e-07 0.0 0.0 0.0 6.745693068082737e-08 0.0 0.0 0.0 2.1907548884763333e-06 3.215748879820749e-07 7.477005108229217e-07 0.00017314778297538476 1.922074090389304e-06 0.00013779669120705574 1.7808853605640798e-05 0.00041343634686008275 4.100811382829701e-05 1.8765809500226593e-06 1.9675100241855524e-05 4.026257364237316e-06 0.0 1.6888119249100432e-06 7.3335410494889e-07 3.734324779738141e-06 0.0 3.998329364379741e-06 0.0 1.4539052148934747e-06 0.0 0.00016304442600635437 3.195791187017382e-06
0.00047274497129706875 0.0006788160797894758 0.0 9.70125880898669e-05 0.00047609685789305213 6.598559450334213e-06 0.00012808049921772646 0.0011703788183587635 0.0005020310861612584 4.899206964825913e-06 0.0012046139370708543 4.1851961274891476e-07 9.987683742043557e-06 0.0008813642287223085 1.6987247078797067e-05 2.087315334778622e-06 6.170973304780265e-07 0.0 0.0 3.00845176400918e-07 6.210105180876473e-07 0.0 1.5507899523952658e-06 9.503100791277892e-07 2.3318871342104232e-07 1.328593702740582e-07 1.8503436948786888e-07 2.0698044697406906e-07 1.116489190229384e-07 3.452814513645874e-07 0.002144225700369178 0.00021953130304575466 5.140839151920234e-05 1.749496780838936e-07 7.550054476024206e-07 1.6554988717158165e-07 1.2984276241749758e-06 4.5818692476101216e-07 1.6127618464880334e-06 6.836985932487632e-07 1.8753922657269778e-06 1.0994877760261061e-06 1.6620738806251636e-07 3.098475768616245e-07 1.2954640894479816e-07 1.4113722341028774e-07 0.00013902168847872444 3.0644684504531903e-06 1.8364591117145355e-07 3.788374393294625e-07 5.714216544279137e-07 1.4994828772762861e-07 6.124619187579094e-07 0.0 5.3523740508596905e-06 1.588267485273236e-05 8.043556493251735e-05 0.000207486252829229 9.328732594852887e-05 7.30308640088888e-05 1.2334032552037888e-07 3.0480614388281748e-06 0.0 0.00017297448609618614 2.766081856653766e-06 3.922191442506547e-06 9.037737440624052e-07 2.9507400087191833e-06 6.659364719473301e-07 1.711285098913967e-06 8.337632847400289e-06 1.9351690672848553e-06 0.0 0.00011624413605699317 0.00014069118484896602 7.560466542298203e-05 5.649626464574907e-05 2.176304425892853e-06 2.7753525771384682e-06 0.00020063923439036355 6.565608755852444e-07 6.098886566741369e-06 1.2137226524452866e-05 6.438375144474583e-07 3.0449734442909116e-06 3.209635371325699e-06 3.076212704473291e-06 6.944646130350436e-08 3.946511137421651e-07 1.8705711446071837e-07 4.646493808912844e-07 2.1467878132102891e-07 3.6939940088431844e-06 2.450058362338857e-06 5.795854641680052e-07 6.950102039475345e-06 7.63495954048915e-06 2.374857013519287e-07 7.671837035092515e-06 0.0005122468022276249 0.0 9.307279546793847e-08 9.35736034094233e-07 7.483710109689644e-07 1.186511244582926e-06 8.195004563770586e-06 0.0 1.5064397706387214e-06 3.3978778710287186e-06 3.9853531265478925e-07 4.5109197698163995e-07 5.652821729377143e-06 3.9872195850218305e-06 4.398951339487988e-06 4.3069325132391215e-06 0.0 9.025527854453302e-08 0.0 0.0 0.0 0.0 0.0 0.0 8.643842150306726e-08 0.0 0.0 1.0812528829176891e-07 2.2554606458838773e-07 8.38544972547832e-08 0.0 8.283112821061424e-08 6.533154351802438e-08 0.0 9.067197987304472e-08 1.1031655804295992e-07 3.861667720939266e-07 0.0 8.89247797168014e-08 0.0 1.540968424285986e-06 1.3340733364013298e-06 2.126215247582927e-06 6.766740983881735e-07 5.239151380419119e-07 0.0 0.0 0.0 0.0 0.0 1.1095301571823953e-07 0.0 0.0 3.537420460953508e-07 0.0 0.0 0.0 6.542450967841819e-07 0.0 0.0 0.0 0.0 0.0 2.1055949911622034e-07 0.0 0.0 1.2098516398982603e-07 3.5508911002069e-06 2.935523033240759e-07 0.0 0.0 0.0 0.0 0.0 0.0 0.0 6.782953570697393e-08 3.44256212110782e-06 5.618162881744061e-07 0.0 0.0 1.2305968664305896e-07 2.414913143815796e-06 3.014516874451122e-07 2.5251604262141102e-06 3.899486466358509e-08 0.0 0.0 0.0 0.0 0.0 0.0 0.0 0.0 0.0 0.0 0.0 0.0 1.1129956851824008e-06 7.751540378690572e-07 2.749402975277036e-06 0.0001756813204501529 3.777148766580587e-06 0.00018046533065724547 1.8447198415551165e-05 0.0002628474943371516 4.3968101003065507e-05 1.9680152932350406e-06 1.4199116457703877e-05 5.7470282622204975e-06 0.0 2.1848970364747335e-06 3.792662267422688e-07 3.6711209868838484e-06 3.3612527562470627e-07 9.112018559461761e-08 7.181312386234539e-07 2.563302980213242e-06 3.434428983163872e-07 9.47420562983024e-05 2.851685554983193e-06
0.00042984869276345205 0.0008826013764344329 9.70125880898669e-05 0.0 6.32014064435197e-05 0.00011738815371246769 0.0004040907048731295 2.081397665612419e-07 1.2535355238850344e-05 0.0006406526052439681 7.597025386393876e-07 0.000753841467665907 0.001068853127873117 5.930591188546653e-05 5.564354022986725e-07 0.0 0.0 0.0 0.0 0.0 0.0 0.0 0.0 0.0 0.0 0.0 0.0 0.0 0.0 0.0 1.3814205581963288e-05 0.0 7.484682457552777e-07 0.0 0.0 5.2553051930544904e-08 9.35306405131854e-07 0.0 0.0 0.0 0.0 0.0 0.0 0.0 0.0 0.0 4.116132866679021e-06 4.6776584039522474e-08 0.0 0.0 5.315216360535431e-08 0.0 0.0 0.0 8.392343046037371e-07 4.3273170641581354e-07 1.196699449270189e-05 9.205005722784306e-06 6.769697020760138e-06 3.379601370456036e-06 0.0 0.0 0.0 7.340694131333729e-07 2.3005342648356744e-07 1.671473586487253e-07 0.0 1.1046946491459629e-07 0.0 0.0 0.0 2.9357947463210105e-07 0.0 5.2940835825193775e-06 3.644335113039455e-06 1.506058150288957e-06 4.749956420173593e-07 0.0 0.0 6.901863182478661e-08 0.0 0.0 3.34829974160237e-07 0.0 1.802177649825388e-07 1.284062256577584e-07 0.0 5.282378917139833e-08 0.0 5.906833320183943e-08 0.0 0.0 0.0 0.0 0.0 1.6573241828919573e-05 4.8746135469595025e-06 0.0 0.0 0.00016005572114488584 1.9097114361991248e-07 7.59436438873841e-07 5.31610016664029e-07 8.854339276275328e-06 0.0 1.664869656025821e-05 1.2349182243837412e-05 8.197092130442202e-07 3.142529491258761e-05 8.47557533376736e-06 0.0 3.114002016248581e-05 2.5880705164768584e-05 2.3650700560874173e-05 3.567616915877642e-07 0.0 0.0 0.0 0.0 0.0 0.0 0.0 0.0 0.0 0.0 0.0 0.0 0.0 0.0 0.0 0.0 0.0 0.0 0.0 0.0 0.0 0.0 0.0 0.0 0.0 0.0 0.0 0.0 0.0 0.0 0.0 0.0 0.0 0.0 0.0 0.0 1.1435826996823493e-07 0.0 0.0 0.0 0.0 0.0 0.0 0.0 0.0 0.0 1.877746160456844e-07 0.0 4.5437034077552486e-07 0.0 0.0 0.0 0.0 0.0 0.0 0.0 0.0 0.0 0.0 0.0 0.0 8.991397647670933e-08 0.0 0.0 0.0 0.0 1.449966816607281e-07 0.0 0.0 0.0 0.0 0.0 0.0 0.0 0.0 1.1523230872645316e-07 0.0 0.0 0.0 0.0 0.0 0.0 1.0842626402026187e-06 1.309147103584067e-07 0.0 8.000493495587339e-06 7.032893793909122e-08 6.705240317262958e-06 5.559294609047917e-07 7.576203461570616e-05 8.363730405315129e-07 8.765717329067671e-08 2.7351254600834835e-07 0.0 0.0 0.0 0.0 2.7333198886164247e-06 8.45657498865362e-08 0.0 0.0 0.0 0.0 7.021425192137489e-05 8.847508606396202e-07
0.00014268678034483958 0.0007331424935709997 0.00047609685789305213 6.32014064435197e-05 0.0 4.402813649159056e-06 0.0004016316542492117 0.00019969259464912498 0.000641226527844961 0.0001564062152021157 0.00033331574905334966 0.0 7.655736128619693e-05 0.0005253830941579184 3.2192864005962024e-06 3.320584067387885e-07 8.040553166658915e-08 0.0 0.0 0.0 6.974894913543236e-08 0.0 0.0 0.0 0.0 0.0 0.0 9.324766767869834e-08 0.0 0.0 5.091798710450146e-05 2.4949816483073397e-06 4.489004117928329e-06 0.0 1.1862480991935405e-07 0.0 3.4773093359224057e-07 6.279776309058029e-08 6.824305436662144e-08 0.0 0.0 5.490833879826822e-08 6.860828240502083e-08 1.8496682170564483e-07 0.0 0.0 4.5162596140356655e-05 1.8061976157515874e-07 0.0 0.0 6.508093184568516e-08 0.0 6.283911988050533e-08 0.0 8.664413292461933e-07 2.1573780565676517e-06 9.837619736773302e-06 1.2679187851540406e-05 1.3562916730797386e-05 1.3436238322797726e-05 0.0 0.0 0.0 8.527380028787368e-06 5.811336736608296e-07 6.593898653360752e-07 1.0311720440059262e-07 4.1244411722713454e-07 1.0722659392158973e-07 0.0 1.1688532158015618e-06 6.862558117270836e-07 1.2747434827169933e-07 1.7839581185777418e-05 1.8528934262516054e-05 1.5005353254392676e-05 6.726431887364611e-06 3.525058097724618e-07 1.3494681160850378e-07 7.307538286761883e-07 1.4824491529409945e-07 1.12632193601542e-07 2.1542824119866626e-06 7.355023750979572e-08 4.659094044185961e-07 4.12573997870026e-07 1.712037171176343e-07 0.0 6.619376924792661e-08 5.723541137365499e-08 5.3649599976953754e-08 0.0 2.686319613538247e-07 6.906214172824707e-08 6.754963542369425e-08 1.3649566855734023e-05 7.538675472424145e-07 0.0 1.2148999973081027e-07 5.4282268696141325e-05 0.0 1.0600433090267627e-06 3.3354267457883617e-06 2.726334042367612e-07 2.156607711936353e-06 1.4523830988090096e-05 4.875606172586289e-07 4.4554750729787755e-06 9.480065959031491e-06 3.317488713768185e-06 1.1539765889331998e-06 1.334582089824156e-05 1.113903872052711e-05 9.825820876033824e-06 3.976736563137471e-06 0.0 0.0 0.0 0.0 0.0 0.0 0.0 0.0 0.0 0.0 0.0 0.0 0.0 0.0 0.0 0.0 0.0 0.0 0.0 0.0 2.493840842810775e-07 0.0 0.0 0.0 9.812644210637424e-07 2.571366135252797e-07 1.2683758172982106e-07 4.4416380373655026e-07 0.0 0.0 0.0 0.0 0.0 0.0 0.0 0.0 0.0 0.0 0.0 0.0 0.0 6.526374506145936e-08 0.0 0.0 0.0 0.0 6.148824033359103e-08 0.0 0.0 0.0 0.0 4.280576818945392e-06 0.0 0.0 0.0 0.0 0.0 0.0 0.0 0.0 0.0 2.841617846765815e-06 0.0 0.0 0.0 0.0 1.328198935416901e-06 5.999495000780111e-07 2.5481232433034275e-06 0.0 0.0 1.0623716439265095e-07 0.0 0.0 0.0 0.0 0.0 0.0 0.0 0.0 0.0 0.0 2.011271160632607e-06 6.056447494825741e-07 3.0393563291831494e-07 0.00013641114997899303 6.08067790043587e-07 7.300933787359221e-05 1.64560432619972e-05 9.14957758074874e-05 2.5779378894244076e-05 1.809993075947524e-06 1.779823551504996e-05 3.7406364776339846e-06 0.0 8.747257849655099e-07 6.752511052049682e-07 5.3325250835753715e-06 8.927494491310775e-07 0.0 3.464621633209616e-07 2.900277970232442e-06 0.0 5.410177227529455e-05 5.784802794952859e-06
1.4425390955069023e-05 2.3522835026340807e-05 6.598559450334213e-06 0.00011738815371246769 4.402813649159056e-06 0.0 3.4054055221122084e-05 4.2071252083597673e-07 3.263656940690292e-06 0.0002777867744324649 5.688281374097618e-07 0.0001777009567881189 7.938266966499066e-05 1.2957759359378486e-05 0.0 0.0 0.0 0.0 0.0 0.0 0.0 4.1840458008439554e-07 0.0 0.0 0.0 0.0 0.0 0.0 0.0 0.0 3.362141754891841e-07 0.0 1.5331739026133518e-06 0.0 0.0 0.0 2.936843460331578e-07 0.0 1.9411474309758543e-07 0.0 0.0 0.0 0.0 0.0 0.0 0.0 0.0 0.0 0.0 0.0 5.710486823429107e-08 1.8062360763576092e-06 1.7209509716865153e-07 0.0 0.0 0.0 3.1384725616104606e-05 1.7521710284238488e-07 2.2383542707529928e-07 1.1270647825667844e-07 0.0 0.0 0.0 0.0 0.0 0.0 0.0 9.313222319204759e-08 0.0 0.0 1.1031208708703642e-06 2.418618639676571e-05 1.8937929306723135e-06 6.178105034542837e-08 0.0 0.0 0.0 0.0 0.0 5.485591205039489e-07 0.0 0.0 0.0 7.156451176550777e-08 0.0 1.9564229433892126e-07 0.0 5.721979749564466e-07 2.017797108992373e-07 2.2065748566055244e-06 3.7456747946412076e-07 2.7833226156130245e-07 0.0 0.0 0.0 3.629357459935373e-05 2.2164414452181162e-05 1.7938470789799963e-06 4.891262486181475e-07 6.288114922968704e-05 0.0 0.0 0.0 0.0 0.0 7.903162141460248e-08 0.0 0.0 1.4519252215342049e-05 0.0 0.0 0.0 0.0 2.7154242474178287e-07 9.469425558424307e-08 0.0 0.0 0.0 0.0 0.0 0.0 0.0 0.0 0.0 0.0 0.0 0.0 0.0 0.0 0.0 0.0 0.0 0.0 0.0 0.0 0.0 0.0 0.0 0.0 0.0 0.0 0.0 0.0 0.0 0.0 0.0 0.0 0.0 0.0 0.0 0.0 0.0 0.0 0.0 0.0 0.0 0.0 0.0 0.0 0.0 0.0 0.0 0.0 0.0 0.0 0.0 0.0 0.0 0.0 0.0 0.0 0.0 0.0 0.0 0.0 0.0 0.0 0.0 0.0 0.0 0.0 0.0 0.0 0.0 0.0 0.0 0.0 0.0 7.4846604340214e-08 0.0 0.0 0.0 0.0 0.0 0.0 0.0 0.0 0.0 0.0 2.114479516490418e-07 8.22074862610144e-08 0.0 5.916859398555417e-08 0.0 3.505235043005027e-05 2.0961348996419172e-07 0.0 0.0 0.0 0.0 0.0 0.0 0.0 0.0 0.0 0.0 0.0 0.0 1.4272265392451818e-05 1.5102186505175374e-06
0.000705883709180328 0.001322472019191257 0.00012808049921772646 0.0004040907048731295 0.0004016316542492117 3.4054055221122084e-05 0.0 1.968248499155464e-05 0.0002029965596164901 0.0006422601418688697 8.409308066802674e-05 1.742509880862627e-05 0.0010617150093079047 0.000225701619082413 5.40468834443316e-06 4.959194068726844e-07 0.0 0.0 4.890400793134548e-08 0.0 0.0 0.0 0.0 0.0 0.0 2.134326030747258e-07 4.790949777067543e-08 0.0 0.0 0.0 9.378745287945064e-05 1.55147368008912e-06 8.634313235250867e-06 0.0 0.0 5.484955566532144e-08 1.710883147084622e-06 4.58418059932327e-08 1.5367876955333586e-07 3.4051073369262893e-07 1.0704694546936975e-07 5.7309557262638423e-08 1.9695178128529039e-07 8.705450741181923e-08 0.0 6.043626755659162e-08 5.2055446725300525e-05 9.986338923444103e-07 5.864441603337111e-08 0.0 0.0 2.735839344795816e-07 0.0 0.0 2.5390549289200404e-06 6.2181333847507784e-06 3.1602668405637174e-05 3.593832384735588e-05 3.2253361961788116e-05 2.4085909471413948e-05 1.199826009159538e-07 2.8991925324309293e-07 0.0 1.0668975319983818e-05 9.516738012583482e-07 1.3808720916910415e-06 4.209148642687054e-07 5.177611545934573e-07 2.7998424127861463e-07 0.0 3.14858558727235e-06 2.142424423437023e-06 3.1873017736900673e-07 3.506829209161932e-05 2.7232872300435012e-05 2.0131387211783793e-05 8.479724222402363e-06 4.3381219787542064e-07 2.766523674655973e-07 1.1836392820879372e-06 1.2208138974065368e-07 3.5478981560081226e-07 4.135038403175961e-06 0.0 1.4013428611543508e-06 6.019015638393748e-07 1.0176614445767946e-06 6.081274012971243e-08 1.0754508014806177e-07 4.591440083473167e-07 5.153168828110333e-08 0.0 0.0 5.989181631708627e-08 3.85859391636023e-07 2.2698835629383518e-05 2.002539398933548e-06 8.840880239662858e-08 1.3726247268215266e-06 0.00018581500355779187 5.230848240508748e-07 1.2487442768798203e-05 4.952697014165931e-05 0.00011534748432010997 5.5059477117666115e-06 8.296038252128332e-05 1.1774939039315002e-05 5.022143941007497e-05 7.680280660960927e-05 4.027765665927433e-05 2.4653654104795683e-06 0.000114903499144223 8.14813200771674e-05 3.946250256606356e-05 7.746004280634529e-06 5.5410161970833846e-08 2.6621074265811076e-07 0.0 0.0 0.0 0.0 0.0 0.0 0.0 0.0 0.0 0.0 0.0 0.0 0.0 0.0 8.093657630518256e-08 0.0 0.0 1.4922817196739299e-06 6.494701355537377e-08 0.0 0.0 0.0 1.514350623110855e-06 4.5859402436700097e-07 1.3779164218714937e-06 5.931994891444059e-07 4.2543775902036744e-07 0.0 0.0 0.0 0.0 6.775739073639038e-08 0.0 0.0 7.681023403661493e-07 7.062554387666256e-07 0.0 9.289687579653964e-08 0.0 0.0 0.0 2.0079392062456937e-07 2.6814292704897375e-07 6.505038986304003e-08 1.169846674025265e-06 4.053576476120786e-07 6.811221131331392e-07 5.6253152921397626e-08 0.0 8.460674758546785e-06 1.1937162070636712e-06 1.9327369487316385e-07 1.8400899952530004e-07 0.0 6.048659938318723e-08 0.0 1.0724777142707036e-07 0.0 0.0 7.037365246704969e-06 2.136098656443795e-07 0.0 0.0 0.0 3.5265605904845166e-06 3.671735935805411e-07 5.0460900246180275e-06 7.683781761440439e-07 1.3633167095759584e-07 2.3782845374986769e-07 1.6792654850319627e-07 0.0 7.27154964308449e-08 5.105461024704896e-08 8.31909801796663e-08 0.0 0.0 0.0 0.0 0.0 5.959234861857037e-06 9.150014522687382e-08 1.421674842083011e-06 0.00014203769634177373 1.8677176335342184e-06 8.084450028937332e-05 1.1517030729307516e-05 0.00023770271743870977 2.499517920116152e-05 3.789665639206364e-06 1.2520863101657687e-05 9.097719947336622e-06 0.0 9.79003542181506e-06 1.574145920854031e-06 1.8872010491416582e-05 1.7227649317913397e-06 0.0 5.680569557052179e-07 1.5991887575267711e-06 1.0974666783417825e-07 0.00015544490632074173 1.6759818149994394e-05
9.974231856811928e-05 0.00019313094016461607 0.0011703788183587635 2.081397665612419e-07 0.00019969259464912498 4.2071252083597673e-07 1.968248499155464e-05 0.0 0.00046564433827288396 3.6363294832848145e-06 0.00039108960187899983 4.937074220206452e-06 4.659847717183057e-05 0.0009572520681146024 4.920620019584391e-05 2.6257228360677325e-05 2.4400828530393363e-06 2.2149522990763412e-06 2.083893934415275e-07 1.4429588411857582e-05 3.2765684150156316e-05 6.462486569299328e-08 5.114524169825267e-05 3.251052499907472e-05 2.0747798361540483e-06 1.3507055171483463e-05 7.250048552840376e-06 1.2925786800651335e-06 2.0630551347325402e-06 4.562805029779049e-06 0.0007437251531029492 0.0015231771975673166 8.898164956441207e-05 2.6379485737234292e-05 2.633548622649906e-05 5.464965809794776e-07 1.219997452868677e-05 1.8769648219651652e-06 1.1320533143070014e-05 2.883687635090315e-06 6.201017930732426e-05 2.6541153081734428e-05 2.5505744632414225e-05 1.3434672422858558e-05 5.526242695848348e-06 1.243075844258143e-05 0.0002008580849522585 2.1372767587012273e-06 9.506216941915231e-07 8.65571107900081e-06 5.413682011578882e-06 5.086213129726838e-07 4.834140133411905e-06 3.928577966693157e-06 2.467570203216187e-06 7.153687930622182e-06 1.8963726265816256e-05 6.181932581054412e-05 2.8774658218510024e-05 3.9236160802924824e-05 3.235909009164457e-05 0.00011555645605242714 3.74917215828251e-06 0.00023526793778040584 1.806922982244e-06 3.66476876031867e-06 2.1964121025259887e-06 7.280493864716463e-06 2.2588942639355486e-05 0.00011438688508436627 3.9914530202928014e-05 1.1833624758422366e-05 3.151142537171019e-07 6.340469379495552e-05 0.00011127253604798908 9.906826105774127e-05 0.00019098694592445333 0.0001100097488047344 0.0008506029591986854 0.001669374969947446 0.0001374207303095043 0.0007737398337087325 5.1681925336719045e-06 2.2533420895968643e-07 2.8056340017115194e-06 2.5975612636785095e-06 8.008204569562416e-06 1.018202646002523e-07 1.602439632193377e-06 9.034436641476657e-07 6.45892667583895e-06 9.414909663735734e-07 0.00013777944573004726 4.2594437705591565e-05 8.913883895201253e-06 1.9073473484238713e-05 3.7999124614024564e-05 1.9017600416286746e-06 3.735482338785702e-05 6.123715027613017e-05 2.0646738374310947e-07 3.546858573705689e-07 3.1305919234537977e-06 7.533608090622358e-07 2.422477237576863e-06 1.0943977077488322e-05 6.529062182713394e-07 2.2224464502199633e-06 2.1207023906193516e-06 1.7943333737724072e-06 1.5030914821327016e-06 1.2043492669413615e-05 9.738032353864834e-06 9.027467196491861e-06 9.804688348692116e-06 2.4567911304588676e-07 5.8618135514521696e-08 5.3904240344057816e-08 0.0 0.0 0.0 2.8517108283283515e-07 0.0 5.190733228600088e-07 6.625573952606514e-08 4.1432448812699395e-07 6.142378837947736e-07 1.8836006954997545e-06 2.512629556112189e-07 1.71988532820528e-06 2.8112519897031476e-07 1.636878611571504e-06 1.1387970266001578e-06 1.2794288502521948e-06 1.4885843089559142e-06 3.933742990627062e-06 1.5484154934167897e-07 1.1368155488906832e-06 1.2628787975813891e-07 7.42197629355217e-06 4.0629203129391415e-06 9.316525020791352e-06 8.22259515148895e-06 4.436143461723505e-06 1.6255624914203919e-07 1.3391757857528818e-07 0.0 5.82753025426874e-08 0.0 9.037765104328104e-07 0.0 5.446286050305114e-07 9.85313147394236e-07 6.328841782599222e-08 0.0 9.724395025127378e-07 4.726679678235543e-06 8.070498544372645e-07 0.0 1.1109157596018553e-07 6.406507407908888e-08 6.588870260371628e-07 1.0935493993688114e-07 1.5674818285507777e-07 2.020104745353683e-06 2.22551322248847e-06 1.843720221666586e-05 9.04093882053731e-07 6.711806373517271e-08 1.220507850894233e-07 0.0 0.0 0.0 5.684516961709336e-08 5.5755618070592815e-08 7.485470515012059e-07 1.1070458728511998e-05 4.295714097888713e-06 1.3558655938450798e-07 1.8539850530235427e-07 1.676494092187287e-06 7.860929038802634e-06 1.3226495471444635e-06 1.521603440218549e-05 9.349250488854122e-08 1.3627226113879674e-07 2.1790057776408776e-07 5.944641277653871e-08 1.8820963003006612e-07 0.0 0.0 0.0 0.0 0.0 1.9068337395285877e-07 3.921177048499049e-07 6.494814606623551e-08 4.2076877350097845e-06 5.365230878178709e-06 1.6258887986863012e-05 0.0002771967732569494 1.026969343199684e-05 0.0002786158076208623 7.057074275038464e-05 4.98828412096954e-05 5.7499520529783705e-05 1.4286655720051443e-06 4.470877986597214e-05 1.5221966520936914e-05 1.5844882025249438e-07 8.191243405672405e-06 2.114775777750771e-06 9.923525242532869e-06 3.321437917909004e-06 0.0 2.153833122993831e-06 1.1758554337706329e-05 1.155055186906267e-06 3.37182857419137e-05 1.2628341502431065e-05
3.5165544389326146e-05 0.0004325797559025984 0.0005020310861612584 1.2535355238850344e-05 0.000641226527844961 3.263656940690292e-06 0.0002029965596164901 0.00046564433827288396 0.0 0.0003401134901854268 0.0003913934741897891 1.416543162760409e-05 0.0002936937722925947 0.00010456068994706511 4.818462405065878e-06 1.1155393627699835e-06 7.703474066214333e-08 0.0 0.0 0.0 0.0 0.0 0.0 0.0 0.0 1.628208672431776e-07 0.0 0.0 8.141110283255251e-08 0.0 2.562220471720456e-05 2.0310089180361053e-06 2.6494372536145054e-05 4.8612334906697345e-08 0.0 0.0 6.800657938421208e-07 0.0 8.419510101551433e-07 0.0 0.0 2.0485946004121482e-07 0.0 0.0 0.0 5.592682416911669e-08 3.359656252999561e-05 4.395287053593595e-07 1.303228458578465e-07 5.964457979569452e-08 5.7333863721053064e-08 0.0 0.0 2.0563532398434102e-07 7.767706859332815e-07 1.9271318794212234e-06 2.735532237393891e-06 3.58523676158529e-06 6.390309454207875e-06 7.929939711717096e-06 5.521481056168593e-08 1.1137626591390785e-07 0.0 3.822791308854423e-06 1.4554131195333408e-07 4.5824581084949184e-07 4.423267815923607e-08 6.635202085461768e-08 1.0927014934106346e-07 5.557918809785718e-08 2.5867647063859116e-06 1.102697446097923e-07 8.861265435173034e-08 1.204423346580698e-05 1.0804688093898978e-05 1.4001257405404886e-05 5.311704095199826e-06 4.745614606298956e-07 6.616964631894011e-08 1.9764738064735085e-06 0.0 0.0 1.1444012812189655e-06 7.506974479058435e-08 1.5349468953687452e-07 4.0198489597618056e-07 4.301276297410502e-07 0.0 0.0 5.5639797572430694e-08 5.107905547161661e-08 0.0 6.17800789823573e-08 1.1042010445107174e-07 5.6379586792101385e-08 2.135386195203613e-05 2.22424203947666e-06 0.0 2.1330885052420445e-07 1.950886574067724e-05 0.0 0.0 2.5814811403467143e-06 2.010579505362721e-06 3.602986331264367e-06 2.7137790448603776e-05 5.941734887723953e-07 1.0680329654542936e-05 1.0376443364182838e-05 4.601769594181675e-06 1.7320618074577196e-06 1.7979944975890424e-05 2.288917628227274e-05 1.4620331253821494e-05 9.70401894342003e-06 7.540468599700704e-08 0.0 0.0 0.0 0.0 0.0 0.0 0.0 0.0 0.0 0.0 0.0 2.6860808462285165e-07 0.0 3.852533013666154e-07 0.0 0.0 0.0 0.0 1.1492886922729517e-06 1.448334111956255e-06 7.155291807724002e-08 2.2323117657650095e-07 0.0 9.19575990410958e-07 2.714448766125432e-07 1.1996027926115998e-06 4.971926534714798e-07 1.4007953436304967e-07 0.0 0.0 0.0 0.0 0.0 0.0 0.0 0.0 0.0 0.0 0.0 0.0 5.793091897100138e-07 0.0 0.0 0.0 0.0 0.0 0.0 0.0 0.0 8.702459121976089e-07 5.635759262542868e-06 0.0 0.0 0.0 0.0 0.0 0.0 0.0 0.0 0.0 6.661923858296124e-06 1.2177018202272355e-07 0.0 0.0 0.0 5.794646601744189e-06 4.1970856114791933e-07 4.7714684416095e-06 0.0 0.0 0.0 0.0 0.0 0.0 0.0 0.0 0.0 0.0 0.0 0.0 0.0 6.345406423621406e-06 3.1332836466213345e-07 1.0927919197027955e-06 0.00011706601717967208 1.930589721566883e-06 5.3840850277786574e-05 1.0768119716568594e-05 3.7155038614984094e-05 1.7394681191788523e-05 7.939746270987162e-08 1.4322132294242582e-05 2.7273252534749027e-06 0.0 2.912278852109064e-07 6.218834422403143e-07 8.103167901669998e-06 0.0 0.0 8.809720523820446e-08 1.0280403426067923e-06 0.0 4.752649236460309e-05 9.891810390457174e-06
0.0007216810508526312 0.0009608903136137829 4.899206964825913e-06 0.0006406526052439681 0.0001564062152021157 0.0002777867744324649 0.0006422601418688697 3.6363294832848145e-06 0.0003401134901854268 0.0 7.062865958861978e-05 0.0007404398522950719 0.0017201023739343026 0.0004664572766063557 1.4115964443955237e-06 7.887853101353791e-08 0.0 0.0 0.0 0.0 0.0 8.01609715414195e-07 0.0 0.0 0.0 0.0 0.0 0.0 0.0 0.0 1.122840971847607e-05 1.222647714500225e-07 1.2409950771280243e-05 0.0 0.0 1.721054285325596e-07 5.358868279962675e-06 0.0 0.0 0.0 0.0 0.0 0.0 0.0 0.0 0.0 8.122121491542832e-06 2.6608298379446214e-07 0.0 0.0 0.0 6.842242573416819e-07 0.0 0.0 9.732340640759007e-07 2.145329712190372e-06 3.156594824051703e-05 1.2984092895851008e-05 1.4441253994421581e-05 7.930692674768648e-06 0.0 0.0 0.0 2.0033918796984473e-06 2.871640288934072e-07 5.469744557998299e-07 1.0020856735426122e-07 3.367566840025473e-07 4.893376208034771e-08 0.0 9.867568767170288e-06 1.2066924619055644e-05 7.507897632082164e-07 1.2736469163176417e-05 4.646389890969548e-06 5.3911915097111415e-06 9.412159497636145e-07 0.0 0.0 6.574995301311638e-07 0.0 0.0 1.3724570167347932e-06 0.0 3.814808853047335e-07 4.514516454212638e-07 1.3145908997667178e-07 2.907177718797802e-07 1.1355350685466209e-07 1.4522006338515162e-06 7.901650038025171e-08 5.250560285886992e-08 0.0 5.852823295268015e-08 1.8270999166164707e-07 9.000808604334607e-05 2.5800082638649308e-05 7.79951174826018e-07 1.5246984778095264e-06 0.0002478412859699134 2.677611992673485e-07 3.869294183371621e-06 3.7232117657859664e-05 6.306157036765766e-05 3.5723886899628938e-06 4.819096026540044e-05 1.710493712409912e-05 7.559178869838719e-06 3.9431828827194305e-05 4.414479241123342e-05 1.4006610717103118e-06 4.691968729731231e-05 0.00011188259013674685 5.537814834180173e-05 1.3218188808664512e-05 0.0 0.0 0.0 0.0 0.0 0.0 0.0 0.0 0.0 0.0 0.0 0.0 0.0 0.0 0.0 0.0 0.0 9.388046819439697e-08 0.0 8.219759178667188e-07 7.886187907517647e-08 0.0 5.667840314020035e-07 0.0 1.1495821021126764e-06 0.0 8.559822019981175e-07 0.0 1.7874046051757575e-07 0.0 0.0 0.0 0.0 0.0 0.0 0.0 0.0 9.97253612278367e-08 0.0 0.0 0.0 7.003306164290513e-08 0.0 0.0 0.0 0.0 2.1722574005668156e-07 0.0 1.1075685409381112e-06 0.0 0.0 2.3400390011087e-06 9.859686473667704e-07 0.0 0.0 0.0 0.0 0.0 0.0 0.0 0.0 9.15493015251003e-06 3.5404071561990727e-07 0.0 0.0 0.0 4.322610008816117e-06 1.476024145766725e-07 5.720513528486434e-07 2.1090142786989633e-07 0.0 0.0 0.0 0.0 0.0 0.0 0.0 0.0 0.0 0.0 0.0 0.0 9.002655150313216e-06 1.9041754276696346e-07 2.782291180226671e-07 5.63141062584983e-05 5.071833106633159e-07 1.236687112794435e-05 6.075198920318938e-07 0.00028340866806013794 3.0374039162682394e-06 2.1637747151597586e-07 1.1039093088174842e-06 3.555281491187746e-06 0.0 2.6425307766812554e-06 3.2737476258968117e-07 1.7738480025287388e-05 2.6641120155695506e-07 0.0 8.151172172246854e-08 0.0 0.0 0.00041731117475562785 3.346302909194248e-05
0.00012852952565604417 0.0003615648609018785 0.0012046139370708543 7.597025386393876e-07 0.00033331574905334966 5.688281374097618e-07 8.409308066802674e-05 0.00039108960187899983 0.0003913934741897891 7.062865958861978e-05 0.0 1.5299776830104567e-05 0.00021333367693939442 0.0012125497769492973 3.961428413372558e-05 1.2580993094409272e-05 1.046254702800891e-06 2.6390290486206246e-07 0.0 2.541408313348569e-07 5.882481964204315e-07 0.0 1.746689819095815e-06 1.9134398231035543e-06 1.6708623887281492e-07 9.357905154764363e-07 8.013963960263961e-07 6.823453591535749e-08 2.988745134987231e-07 7.797483703315553e-07 0.0003957239590927384 0.00017520640222174353 0.00010502187417596791 5.169194528252182e-08 3.9849909468885317e-07 0.0 1.3576209382316071e-05 4.0716701052854365e-07 1.1461314489490086e-06 2.3234176539695392e-07 3.0407486416175566e-06 2.32529093884294e-06 1.9348002671370977e-07 6.074768566191507e-07 1.6358538369604944e-07 2.398119458067249e-07 0.00015360370582472946 8.237356293583709e-07 6.008371737298449e-07 1.486631027633466e-07 6.542347878019118e-07 7.218786723014661e-08 4.408583984481381e-07 5.020419083097154e-07 2.75964530950716e-06 7.30922971187727e-06 1.049526808241275e-05 2.0612996278553246e-05 2.1131249130866427e-05 3.583782049145303e-05 0.0 1.6988876905169501e-06 8.398184877262786e-08 3.1120644495215124e-05 1.9399675516163984e-06 1.7162788048411602e-06 3.1646555851513024e-07 1.6033009402761387e-06 4.4533880389901344e-07 9.577837689783332e-07 2.9037392501976338e-05 1.438330307790503e-06 0.0 4.695428494459558e-05 6.289648300597937e-05 8.479464845185477e-05 4.518268009693028e-05 5.567322544342572e-06 7.511972280825305e-06 0.00012795878682061564 3.9030761676838217e-07 5.149062795834973e-06 4.372675570022065e-06 6.639624697048077e-08 1.1922631240069002e-06 1.7342326293448152e-06 1.3618956591188951e-06 1.749993474140168e-07 1.258872350164289e-07 1.0924343014211739e-07 1.267164702125344e-07 8.170728351900974e-08 3.220826163259003e-06 3.1472527876122747e-06 1.0602483651139666e-06 6.35667218732612e-05 1.873070177542281e-05 1.0345807226464721e-07 1.0242119469358874e-05 4.327168530658482e-05 1.5255010385699607e-07 1.7878779544289904e-06 5.991936891868932e-06 1.605983921176035e-06 3.291718791693266e-06 3.35471366897077e-05 1.5120152021846504e-06 1.3449025243309917e-05 1.1056378838701971e-05 6.3668921869201e-06 4.042644366678333e-06 2.698601377804406e-05 3.093966610818465e-05 2.3852235492755824e-05 2.0032104322101986e-05 7.634987150477272e-08 8.070071860833778e-08 4.9491002187567694e-08 0.0 0.0 0.0 0.0 0.0 0.0 0.0 0.0 0.0 3.716249252841967e-07 0.0 1.0210312373602042e-07 2.996230987019637e-07 2.6067593378439454e-07 0.0 5.428404778117847e-08 5.576066289170392e-08 9.934481206324657e-07 0.0 0.0 0.0 4.056058765352807e-06 1.425991024506288e-06 3.916386415645969e-06 1.1867759969738899e-06 7.001215450760652e-07 0.0 0.0 0.0 0.0 0.0 5.2373524339167844e-08 0.0 0.0 4.024484823591002e-07 0.0 0.0 0.0 2.573143640146327e-07 0.0 0.0 3.527352887025956e-07 0.0 3.3610642580953423e-07 1.411277917882104e-07 0.0 4.0859883998226643e-07 6.404782499863677e-07 1.641207844727655e-05 6.133699596999428e-07 0.0 0.0 0.0 0.0 0.0 5.65899876143598e-08 0.0 0.0 1.3868404682477187e-05 7.726875053098937e-07 0.0 0.0 1.0195184624760006e-07 1.3189249243838425e-05 5.465526156473293e-07 1.163281129862819e-05 1.3120878717093118e-07 0.0 5.3933439428447994e-08 7.40285912971923e-08 0.0 0.0 0.0 0.0 0.0 0.0 0.0 0.0 0.0 9.761486291227625e-06 1.2102907765802852e-06 6.064228824761184e-06 0.00038552608941453884 7.509297858663624e-06 0.00025750416792004205 6.427229634175173e-05 6.653372604056535e-05 7.172624014920996e-05 2.972697124829039e-06 6.161232890859013e-05 1.5252636781699687e-05 0.0 1.6971341518809436e-06 1.5243174975745965e-06 8.024772097815846e-06 3.6226354573830384e-07 0.0 1.5815215119870503e-06 1.3352487743486242e-05 2.0812831611545467e-07 4.351193299154099e-05 1.7196171370995187e-05
0.00014074630765756823 6.97270882469351e-05 4.1851961274891476e-07 0.000753841467665907 0.0 0.0001777009567881189 1.742509880862627e-05 4.937074220206452e-06 1.416543162760409e-05 0.0007404398522950719 1.5299776830104567e-05 0.0 0.0007066073364538761 8.613707705947675e-05 2.895081003225379e-06 3.1247528362171468e-06 1.1537734173798805e-07 0.0 0.0 0.0 6.935863575763045e-08 4.1266334984358305e-07 0.0 0.0 0.0 0.0 0.0 9.906885408161067e-08 0.0 0.0 1.056475250744992e-06 5.64814966548732e-07 2.6880860878655112e-05 0.0 0.0 0.0 5.38257676503259e-05 1.7546983271290485e-06 2.915212189530631e-07 0.0 3.054421812309433e-07 4.009873150548342e-07 0.0 0.0 0.0 8.714577077722582e-08 6.925616040040347e-06 1.0888284853168015e-07 0.0 0.0 1.935550320575764e-07 3.202523346356851e-07 1.4651280036158674e-07 5.565507483061179e-07 1.3335296148032097e-07 4.3023799807229724e-07 5.3062421833197155e-06 3.1918623501667637e-06 2.8502807759766526e-06 1.7040012769713629e-06 4.1741949706947525e-07 5.607108219406861e-06 8.160604689589642e-08 1.4186258453110723e-06 4.74830559534878e-08 0.0 6.257040593968939e-08 2.747719115155151e-07 0.0 1.0596850864409268e-07 4.016110973373017e-05 5.565347924366852e-06 5.333106809194107e-07 3.995393829081363e-06 2.3236458034304006e-06 4.074048843633019e-06 3.866273557563481e-06 1.153500083869067e-06 0.0 7.500134292507009e-06 1.918022364919374e-07 3.1996680313238963e-07 5.624986908753151e-07 0.0 5.315843046387742e-08 0.0 0.0 4.640898802386686e-08 2.3535076618253303e-07 7.483120308776068e-07 5.728488822169495e-08 5.7265496770893436e-08 1.1918789611031057e-07 1.5187940227621514e-06 1.8327356129597541e-07 0.0002643087194397584 4.871591816393732e-05 1.5769553490536135e-07 3.323042318741143e-06 4.664895629645944e-05 6.941815300828993e-08 8.777530446910291e-06 1.9752203985106336e-05 1.0403130852824746e-05 8.443688389280287e-06 0.00011314119661543836 4.195879420266595e-06 2.9543670860363604e-05 4.949547819726495e-05 2.6277940802586924e-05 7.6115238128266934e-06 9.159990437094543e-05 9.6446417566009e-05 6.957106894448959e-05 4.22121624422531e-05 6.339252377504366e-08 1.4120800310097873e-07 1.0860350331301251e-07 0.0 0.0 0.0 0.0 0.0 8.017048866135235e-08 0.0 1.6967666274865283e-07 0.0 9.29969181354716e-07 0.0 0.0 0.0 0.0 0.0 0.0 1.177574153740685e-06 6.356503816981079e-06 0.0 0.0 0.0 8.318757982699497e-06 2.716954453121382e-06 3.6686130796294497e-06 1.0313128603169407e-06 8.98466117762807e-07 0.0 0.0 0.0 0.0 7.399583353242649e-08 0.0 0.0 8.285162979063985e-08 1.1432486313597918e-07 0.0 0.0 0.0 6.619549263402046e-08 0.0 3.3828657188684667e-07 0.0 0.0 3.9066426816325994e-07 4.815023914084073e-08 0.0 0.0 1.1656101791844373e-06 1.9250462326464795e-05 1.4647394136241593e-07 0.0 0.0 0.0 0.0 0.0 0.0 0.0 0.0 3.7405076099840105e-05 2.856508063764517e-07 0.0 0.0 0.0 1.9698479773702337e-05 8.488589593525129e-07 1.4792663242718652e-05 9.183139346309543e-08 6.247588380785077e-08 1.333256514061427e-07 0.0 0.0 0.0 0.0 0.0 0.0 0.0 0.0 0.0 0.0 3.2797327457089315e-05 1.940706284422775e-06 7.085484581280633e-06 5.582949027243556e-05 7.633746222963145e-07 1.4205816978360458e-05 5.659339226430558e-06 0.00015375632830184977 3.405276072092024e-06 1.2155475159886754e-06 7.1483683928150606e-06 7.091391162583578e-06 0.0 3.1732567320897566e-06 7.968753499979986e-07 2.1076832561409123e-05 1.5555348685154197e-07 0.0 9.881327189519714e-07 3.656781957997564e-07 2.781223397060883e-07 0.00047507919552187554 7.546631504469899e-05
