0.0 0.0007440298394191975 0.0007371331657755115 0.00037290742856623053 0.00027950599321997847 2.445604092211971e-06 0.0002248880264951648 5.557075933488046e-05 0.00020723379319649956 0.0005411219695492746 0.0002477773501993434 3.793923065701885e-06 2.9704363350612407e-05 0.0001508369747861261 0.0 0.0 0.0 0.0 0.0 0.0 7.316654231755406e-08 0.0 0.0 0.0 0.0 0.0 0.0 0.0 0.0 0.0 0.00014559957940654515 1.6211604213527803e-06 2.960331225954222e-05 0.0 0.0 0.0 5.629985468961823e-07 0.0 0.0 0.0 0.0 0.0 0.0 0.0 0.0 0.0 1.0034139492201667e-05 7.347969579637227e-07 0.0 0.0 0.0 0.0 0.0 0.0 7.863985382578114e-07 0.0 5.839059294189589e-05 0.00041256193869681617 4.505752761720447e-05 1.4544246640866025e-05 0.0 5.358843795053653e-06 0.0 2.316460223521756e-07 1.6154461191849534e-07 5.283511623957221e-07 2.642603938732718e-07 0.0 8.111942092664207e-08 0.0 0.0 0.0 0.0 7.484139292039964e-05 8.122118668945997e-06 6.126310311627531e-07 1.7651480652589277e-07 0.0 2.910904142586202e-06 7.349548064446303e-06 0.0 6.340217442804993e-07 1.1289938857346601e-06 0.0 0.0 0.0 0.0 0.0 0.0 0.0 0.0 0.0 0.0 0.0 0.0 7.41634588684686e-07 0.0 0.0 0.0 0.00049650766738961 0.0 3.388272262384274e-06 0.0 0.0 0.0 4.557847638375963e-07 9.344300129479633e-06 0.0 2.862296572712228e-06 2.489446518735995e-06 0.0 2.7687514588352164e-07 5.452265867478852e-06 2.200833275352295e-06 3.963253517113693e-06 0.0 0.0 0.0 0.0 0.0 0.0 0.0 0.0 0.0 0.0 0.0 0.0 0.0 0.0 0.0 0.0 0.0 0.0 0.0 0.0 0.0 0.0 0.0 0.0 1.713855212814911e-07 7.194719266300087e-07 0.0 0.0 0.0 0.0 0.0 0.0 0.0 0.0 0.0 0.0 0.0 0.0 0.0 0.0 0.0 0.0 0.0 0.0 0.0 0.0 0.0 0.0 0.0 0.0 0.0 0.0 0.0 0.0 1.392915899781356e-07 0.0 0.0 0.0 0.0 0.0 0.0 1.7503684392281926e-06 0.0 0.0 0.0 0.0 0.0 0.0 0.0 0.0 0.0 0.0 0.0 0.0 0.0 0.0 0.0 0.0 0.0 0.0 0.0 0.0 4.927736875467191e-06 0.0 0.0 2.2649693837011184e-05 1.1880888815088393e-06 2.1149313516327114e-05 2.6575531320559376e-06 0.0003607589791999557 2.1402899140600277e-06 0.0 0.0 3.862471868455433e-05 0.0 0.0 0.0 5.6873984661331186e-05 0.0 0.0 0.0 0.0 0.0 0.00016900112542937747 6.71732434466209e-07
0.0007440298394191975 0.0 0.001684193417288632 0.00025877978367195144 0.0007299075108628581 0.000292934281491728 0.0008002825887403727 0.00022529851531560233 0.0003869162023503673 0.0008250554762744002 0.00028384444729870686 1.4261959291458182e-05 0.0001122739893579404 0.00026539407952717354 1.3454774876011348e-07 0.0 2.782484155807282e-07 0.0 0.0 0.0 0.0 0.0 0.0 0.0 0.0 0.0 0.0 0.0 0.0 0.0 0.0005976221488700181 1.323506122491357e-06 2.9608373051782152e-05 0.0 0.0 0.0 0.0 0.0 0.0 0.0 0.0 9.17715899992654e-08 0.0 0.0 0.0 0.0 2.726453443737442e-05 2.0177498646085426e-06 2.74253764431234e-07 0.0 0.0 1.1597878169630666e-07 0.0 0.0 3.52270605846145e-07 8.244630201197582e-08 2.1615909602975236e-05 0.00030461466564206386 5.2831450066663696e-05 2.4211305140827857e-05 0.0 3.827473105394374e-06 0.0 4.912033509614457e-06 3.023383294354877e-07 4.582145527752652e-07 7.600291907260972e-08 0.0 0.0 0.0 0.0 0.0 0.0 7.585769462249028e-05 1.3621128206701305e-05 1.3482348522365258e-06 7.148555656876225e-07 3.7296059177330365e-07 3.374269789428745e-06 9.058787644687073e-06 0.0 1.3098617586411827e-07 2.5304658480302187e-06 0.0 0.0 0.0 0.0 0.0 0.0 0.0 6.798864641035239e-08 0.0 0.0 0.0 0.0 1.530366438756895e-06 0.0 0.0 0.0 0.00019689109731105395 0.0 0.0 0.0 0.0 1.1851773614306258e-07 0.0 0.0 0.0 0.0 1.0648373112939726e-07 3.7895597546636555e-07 0.0 3.1076276841995035e-07 0.0 0.0 0.0 0.0 0.0 0.0 0.0 0.0 0.0 0.0 0.0 0.0 0.0 0.0 0.0 0.0 0.0 0.0 0.0 0.0 0.0 0.0 0.0 0.0 0.0 0.0 0.0 1.9497923691354152e-07 0.0 0.0 0.0 0.0 0.0 0.0 0.0 0.0 0.0 0.0 0.0 0.0 0.0 0.0 0.0 0.0 0.0 0.0 0.0 9.689265207182751e-08 0.0 0.0 0.0 0.0 0.0 0.0 0.0 0.0 0.0 0.0 0.0 0.0 0.0 0.0 0.0 0.0 0.0 0.0 0.0 0.0 0.0 0.0 0.0 0.0 0.0 0.0 0.0 0.0 0.0 0.0 7.548628431500804e-08 0.0 0.0 0.0 0.0 0.0 8.810335338073763e-08 0.0 0.0 6.386863933980093e-06 1.5566070603977265e-06 6.272589818972945e-05 7.526273432729177e-06 0.0003382927668427641 1.1133686584875105e-05 0.0 4.357442712569646e-07 7.293006331860124e-07 0.0 0.0 0.0 5.889962207836277e-07 0.0 0.0 0.0 0.0 0.0 3.8828487568508985e-05 0.0
0.0007371331657755115 0.001684193417288632 0.0 0.0 0.0007964289732480455 1.43485047971299e-05 0.0002013511873653542 0.0003942944095620746 0.00034712371522891143 0.00018403521055624384 0.0006302007505647698 8.90924721690875e-06 4.4973746575119445e-05 0.00021858791117075602 2.198236315348083e-06 0.0 1.4951641273860634e-07 0.0 0.0 0.0 0.0 0.0 0.0 0.0 1.8513601049506588e-07 7.52438010283244e-08 9.111951041769265e-08 0.0 3.465542505243734e-07 0.0 0.0019444467140782111 2.5588599505344544e-05 3.330023391407155e-05 0.0 6.568587908745118e-07 9.477194461228741e-07 7.519148096554441e-07 2.40255651600011e-07 7.101450974577528e-08 5.600667169558132e-07 0.0 0.0 4.09116500785836e-07 0.0 0.0 8.295137260430124e-08 6.051014186841805e-05 2.4672327178418096e-06 4.482856480843431e-07 0.0 1.5032057349693456e-07 0.0 9.015480252135689e-08 0.0 1.3998932505311615e-06 2.7994228869709413e-07 3.8648834334086804e-05 0.0004978652951889096 0.00011542994519834636 4.959164857579885e-05 2.1899558293730888e-06 6.253288831274496e-06 3.352958785130717e-07 0.00019912114384772086 2.554025335633142e-07 4.813081011055157e-07 4.4261501106454464e-07 3.605444362244191e-07 0.0 0.0 2.8504890479961464e-07 0.0 0.0 0.00016015343886667725 0.00010086637121657454 2.177960844840431e-06 3.243694689291523e-05 3.947086307366477e-06 1.6539000020128995e-05 2.9955055769573903e-05 0.0 9.164065847213116e-06 4.807210975313327e-06 0.0 1.4132439183627136e-07 2.9824094669633667e-07 2.2915087556027744e-07 0.0 8.668987036758395e-08 0.0 0.0 0.0 0.0 0.0 0.0 5.096172684840281e-06 2.917735592733209e-07 0.0 8.405357320052183e-07 0.00010391912779157903 0.0 0.0 0.0 0.0 0.0 0.0 0.0 0.0 8.41162128689377e-08 0.0 7.00185157946281e-07 0.0 4.043318815025813e-07 0.0 0.0 0.0 0.0 0.0 0.0 0.0 0.0 6.930352842067966e-07 0.0 0.0 0.0 9.685295072485883e-08 0.0 0.0 0.0 0.0 0.0 0.0 0.0 0.0 0.0 0.0 0.0 0.0 0.0 0.0 0.0 0.0 0.0 0.0 0.0 0.0 0.0 0.0 0.0 0.0 0.0 0.0 0.0 0.0 0.0 0.0 0.0 9.306371525240175e-08 0.0 0.0 0.0 0.0 0.0 0.0 0.0 0.0 0.0 0.0 0.0 0.0 0.0 0.0 0.0 0.0 0.0 0.0 1.0128044789450104e-07 0.0 0.0 0.0 0.0 0.0 0.0 0.0 0.0 0.0 0.0 0.0 0.0 0.0 0.0 0.0 0.0 0.0 0.0 0.0 0.0 0.0 0.0 0.0 3.456741410154017e-06 6.071715259272461e-07 0.0001339225973270174 1.101006244902878e-05 0.00014897880046907673 1.9186158355723617e-05 0.0 1.9273678639774254e-07 0.0 0.0 0.0 0.0 0.0 0.0 0.0 0.0 0.0 1.4089124496837325e-07 2.145504315994409e-05 1.1669403930542721e-07
0.00037290742856623053 0.00025877978367195144 0.0 0.0 2.2990908509713744e-05 0.00040534518928397835 0.0006610863556393246 0.0 4.49602230887285e-05 0.00035079495707895263 2.889033070615895e-06 0.0 2.8549895614425725e-06 3.232709485454019e-06 0.0 0.0 0.0 0.0 0.0 0.0 0.0 0.0 0.0 0.0 0.0 0.0 0.0 0.0 0.0 0.0 7.241026754313183e-05 0.0 0.0 0.0 0.0 0.0 0.0 0.0 0.0 0.0 0.0 0.0 0.0 0.0 0.0 0.0 3.3869319275986715e-06 2.0238026046612838e-07 2.115780101194442e-07 0.0 0.0 0.0 0.0 0.0 0.0 0.0 5.196584854459441e-06 7.735157560255345e-05 1.017171417573744e-05 3.4649845910079824e-06 0.0 0.0 0.0 0.0 2.172832657426416e-07 0.0 0.0 0.0 0.0 0.0 0.0 0.0 0.0 1.3605684113550925e-05 4.088520239452015e-07 0.0 1.8803999882346232e-07 0.0 0.0 0.0 0.0 0.0 2.0490053068418595e-07 0.0 0.0 0.0 0.0 0.0 0.0 0.0 0.0 0.0 0.0 0.0 0.0 6.844444658603965e-07 0.0 0.0 0.0 5.65059657049766e-05 0.0 0.0 0.0 0.0 0.0 0.0 0.0 0.0 0.0 2.82734520003327e-07 0.0 0.0 0.0 0.0 0.0 0.0 0.0 0.0 0.0 0.0 0.0 0.0 0.0 0.0 0.0 0.0 0.0 0.0 0.0 0.0 0.0 0.0 0.0 0.0 0.0 0.0 0.0 0.0 0.0 0.0 0.0 0.0 0.0 0.0 0.0 0.0 0.0 0.0 0.0 0.0 0.0 0.0 0.0 0.0 0.0 0.0 0.0 0.0 0.0 0.0 0.0 0.0 0.0 0.0 0.0 0.0 0.0 0.0 0.0 0.0 0.0 0.0 0.0 0.0 0.0 0.0 0.0 0.0 0.0 0.0 0.0 0.0 0.0 0.0 0.0 0.0 0.0 0.0 0.0 0.0 0.0 0.0 0.0 0.0 0.0 0.0 0.0 0.0 0.0 0.0 3.8653815581125975e-06 0.0 8.350067151053169e-06 3.161960312867883e-07 0.00011751511082135641 5.02658384508056e-07 0.0 0.0 0.0 0.0 0.0 0.0 0.0 0.0 0.0 0.0 0.0 0.0 1.3718732606491832e-05 0.0
0.00027950599321997847 0.0007299075108628581 0.0007964289732480455 2.2990908509713744e-05 0.0 6.505680125869867e-05 0.00040371132716561547 7.456788653039442e-05 0.00048349308462355565 0.00127536568012783 0.0002502091576037391 6.734023020433192e-05 0.0005795870665879497 0.0004316390123184346 1.501056890328113e-07 0.0 1.6829292780385545e-07 0.0 0.0 9.55729754984071e-08 0.0 0.0 0.0 0.0 0.0 0.0 0.0 0.0 0.0 0.0 0.0002914867156902965 3.0983679387975177e-06 1.2820295500078506e-05 0.0 0.0 0.0 7.922726486393473e-07 0.0 0.0 6.664101210828366e-08 0.0 0.0 0.0 0.0 0.0 0.0 2.5875154052851464e-05 1.4931745789895611e-06 5.797857088520654e-07 0.0 0.0 6.157033411683866e-08 0.0 0.0 4.1479064769605376e-07 0.0 9.23283104500318e-06 9.351372531228809e-05 3.275630743084802e-05 1.323999739229248e-05 0.0 1.5678302279442212e-06 0.0 8.503602868622692e-06 5.8682834356367034e-08 1.6061192055642056e-07 5.9397954736689256e-08 7.676907273182587e-08 0.0 0.0 0.0 0.0 0.0 3.661838404975163e-05 1.8878626612970653e-05 5.716677228864401e-07 4.0470761659147765e-06 1.1398053088277679e-06 1.4152131516190293e-07 3.1687180447600224e-06 0.0 1.3770643373824666e-07 1.251473269501214e-06 0.0 0.0 1.640938110228511e-07 0.0 1.0563276479477045e-07 0.0 0.0 0.0 0.0 0.0 0.0 0.0 6.387895498691378e-06 0.0 0.0 0.0 4.158191177395955e-05 0.0 0.0 0.0 0.0 0.0 0.0 0.0 0.0 9.370046532159266e-07 1.1621867874794448e-07 0.0 2.0592633178594077e-07 5.756114463176545e-07 2.1445111669018123e-07 0.0 0.0 0.0 2.1743533636333575e-07 0.0 0.0 0.0 0.0 0.0 0.0 0.0 0.0 0.0 0.0 0.0 0.0 0.0 0.0 0.0 0.0 0.0 0.0 0.0 9.944547718327813e-08 1.516443352661212e-07 0.0 0.0 0.0 0.0 0.0 0.0 0.0 0.0 0.0 0.0 0.0 0.0 0.0 0.0 0.0 0.0 0.0 0.0 0.0 0.0 0.0 0.0 0.0 0.0 0.0 0.0 0.0 0.0 0.0 0.0 0.0 0.0 0.0 0.0 0.0 0.0 0.0 0.0 0.0 0.0 0.0 0.0 0.0 0.0 0.0 0.0 0.0 0.0 0.0 0.0 0.0 0.0 0.0 0.0 0.0 0.0 0.0 0.0 4.2398848707589155e-07 0.0 0.0 3.260539855221453e-06 3.4228475120390793e-07 6.877572381947565e-05 7.510551350979558e-06 5.859705420209386e-05 1.6270635112897087e-05 0.0 1.3518958896211706e-07 0.0 0.0 0.0 4.2516382534360176e-07 0.0 0.0 0.0 0.0 2.5414144313072764e-07 0.0 7.918999927535645e-06 3.684568745622397e-07
2.445604092211971e-06 0.000292934281491728 1.43485047971299e-05 0.00040534518928397835 6.505680125869867e-05 0.0 0.00023597035440527496 7.381403370703425e-07 1.0335608994446616e-05 0.0007548951155104894 2.85680744189037e-06 0.00013597075216893755 6.307352302544611e-05 7.743952556052779e-06 0.0 0.0 0.0 0.0 0.0 0.0 0.0 1.1653723956922078e-07 0.0 0.0 0.0 0.0 0.0 0.0 0.0 0.0 6.750859896160292e-07 0.0 6.567081981024153e-06 0.0 0.0 0.0 9.47818484146643e-06 8.131427209741858e-07 0.0 1.0379806854114428e-07 0.0 0.0 0.0 0.0 0.0 0.0 0.0 0.0 0.0 0.0 0.0 9.872166916441428e-08 1.775171256690378e-07 0.0 0.0 0.0 9.154696845519917e-05 2.373108957624434e-07 7.22864887557078e-08 0.0 0.0 2.1638477601954023e-07 0.0 2.4534180477748527e-07 0.0 0.0 0.0 9.172324323800068e-08 0.0 0.0 3.407276101176414e-05 0.00012273330734313302 2.4005848442936083e-06 0.0 0.0 0.0 0.0 0.0 0.0 3.977734638839834e-07 0.0 2.5249482422327024e-07 0.0 0.0 0.0 0.0 0.0 0.0 0.0 5.73572843903773e-07 0.0 7.063182612945481e-08 0.0 0.0 0.0 7.921321511565814e-05 0.00026070729789572035 2.3782343276256582e-05 8.047053719266168e-06 8.068089278975758e-05 0.0 1.130881668421125e-06 0.0 0.0 0.0 0.0 2.2065764166798983e-06 0.0 1.3813624489073874e-06 1.384397897146572e-07 0.0 1.037215582080337e-06 3.222154025738017e-06 8.658371228039305e-07 4.880244954611675e-07 0.0 0.0 0.0 0.0 8.832250777170186e-08 0.0 1.6253298122648496e-07 2.9104035635980076e-07 0.0 1.704330742504848e-07 0.0 0.0 2.2521719094346532e-07 1.0601187518430318e-07 0.0 2.80523299595214e-07 0.0 3.1380336273907297e-07 0.0 0.0 0.0 0.0 0.0 3.290169273423127e-07 2.7886544903841476e-07 2.3460975271013043e-07 9.116067905719749e-08 1.2013375038947275e-06 4.81292472856596e-07 0.0 0.0 1.228776111833027e-07 0.0 0.0 2.7973467735928343e-07 2.616359142169599e-07 0.0 0.0 0.0 0.0 1.9945652702486176e-07 7.805166480590153e-07 3.405007821033947e-07 0.0 0.0 0.0 0.0 0.0 0.0 0.0 0.0 0.0 0.0 0.0 0.0 0.0 0.0 0.0 0.0 0.0 0.0 1.0762255703629123e-06 2.403626826734807e-06 0.0 0.0 0.0 0.0 0.0 0.0 0.0 0.0 0.0 0.0 0.0 0.0 0.0 0.0 0.0 0.0 7.102863375594388e-08 0.0 0.0 1.2922569294463953e-06 2.3029294323363085e-06 1.0569646323614584e-06 3.7217009161404802e-06 0.0 0.0 0.0 0.00010218703812800836 0.0 0.0 0.0 9.177776962317633e-06 0.0 0.0 0.0 1.4007838221525979e-05 0.0 0.0 0.0 0.0 0.0 1.6653807691260192e-05 2.05278103055571e-06
0.0002248880264951648 0.0008002825887403727 0.0002013511873653542 0.0006610863556393246 0.00040371132716561547 0.00023597035440527496 0.0 2.1395466517477854e-05 0.00021138461125159668 0.0014233354442043655 0.00020933050175126839 0.00029817875951349324 0.0007985880145643006 0.0008314442662567892 2.5269656111290557e-07 0.0 0.0 0.0 0.0 0.0 0.0 0.0 0.0 0.0 0.0 7.879268553850299e-08 0.0 0.0 0.0 0.0 0.0001830496763002235 2.3756563463642574e-06 1.0224175990588067e-06 0.0 0.0 0.0 1.0181899703559303e-07 7.288827398268539e-08 0.0 0.0 0.0 0.0 0.0 1.0053988740617707e-07 0.0 0.0 2.1812508588341913e-05 5.386454440402806e-07 5.950828194033464e-07 0.0 0.0 0.0 0.0 0.0 9.283572543803615e-08 7.778812851033879e-08 8.228180115394689e-06 9.310554954658314e-05 3.207797742105341e-05 1.2643890217967792e-05 0.0 2.546960480412266e-07 1.7287028409932603e-07 8.361433743806058e-06 8.410114409127279e-08 1.6414440622519642e-07 0.0 0.0 0.0 0.0 0.0 0.0 0.0 3.643798755776743e-05 1.7329996477889908e-05 4.086135941860999e-07 3.5975150500422043e-06 1.3435785418797277e-06 1.4939299232418915e-06 2.9635016608843124e-07 0.0 0.0 1.935727209009194e-06 1.2294159147151782e-07 0.0 6.773084100052998e-08 7.172981485717219e-08 9.287271387722201e-08 0.0 0.0 0.0 0.0 0.0 1.3700359005734598e-07 0.0 1.5199018445619174e-05 0.0 0.0 8.100827087800966e-08 3.0226789707141654e-05 3.890291129023837e-07 4.492449037749598e-07 8.293628060330125e-07 0.0 0.0 0.0 1.2462088350025612e-06 3.4438490337286443e-06 3.087376909597524e-06 2.2375246933602332e-06 0.0 8.516299604283895e-06 1.0666419438846991e-06 0.0 9.324586009205719e-08 0.0 0.0 0.0 0.0 0.0 0.0 0.0 0.0 0.0 0.0 0.0 0.0 0.0 0.0 0.0 0.0 0.0 0.0 0.0 4.1424945426157815e-07 0.0 0.0 0.0 0.0 0.0 1.388726304567745e-07 1.0121427194551227e-07 0.0 0.0 0.0 0.0 0.0 0.0 0.0 0.0 0.0 0.0 0.0 5.944518783347502e-08 0.0 0.0 0.0 0.0 0.0 0.0 0.0 3.071124507156686e-07 3.501659805461654e-07 0.0 0.0 0.0 6.013723160794555e-07 0.0 0.0 5.3643022288489264e-08 0.0 0.0 0.0 0.0 0.0 0.0 0.0 0.0 0.0 0.0 0.0 0.0 0.0 0.0 4.039883239278825e-07 3.3185266017762224e-07 0.0 0.0 0.0 0.0 0.0 0.0 0.0 0.0 0.0 0.0 0.0 1.8010727173560882e-07 0.0 0.0 1.3688169552160585e-06 1.1100427998038189e-07 6.236139308759525e-05 6.253102258167079e-06 5.54826184705355e-05 1.587826167084256e-05 0.0 1.2949462761000808e-06 2.4733039785042975e-07 0.0 6.69312351827008e-08 0.0 3.2329458145569e-07 0.0 0.0 0.0 0.0 0.0 7.267730819245968e-06 7.250403334730673e-08
5.557075933488046e-05 0.00022529851531560233 0.0003942944095620746 0.0 7.456788653039442e-05 7.381403370703425e-07 2.1395466517477854e-05 0.0 0.00035645303260734864 0.00011055747420765889 0.0006926481868425765 8.436775195791685e-05 0.0006374737290132646 0.0009965108706914973 2.2867500831184687e-06 1.6647910088363982e-06 4.719194598600589e-06 9.671029611094383e-08 0.0 0.0 1.18797281761362e-07 0.0 1.5564471307893117e-07 0.0 9.892546395822162e-07 0.0 3.342373800110948e-07 0.0 0.0 0.0 0.0006285278485791925 0.00043440911594012227 0.0007132795268763157 0.0 9.598165077693807e-07 2.8161842763028883e-06 0.00012132775590117846 4.241145728958151e-06 5.715541238315602e-07 9.653793515680754e-07 0.0 0.0 0.0 1.435738462988169e-07 0.0 6.346178450684069e-07 6.249650716905009e-05 1.1195325565059298e-06 2.5189326172918848e-06 0.0 0.0 0.0 1.4869563673961638e-07 0.0 0.0 2.5121314419290064e-07 1.2420037619639049e-05 0.0001494141371919147 4.387452826681276e-05 2.0317010588567494e-05 2.9025377038811652e-06 4.8848471250407055e-05 1.3666464125905952e-06 0.0005178958100800125 0.0 3.3754959762442747e-07 1.2771972933306585e-07 7.919211634625282e-08 7.495049030594437e-08 0.0 3.1519856275942256e-05 1.1714086682891471e-07 0.0 6.834042723078314e-05 9.391785942598019e-05 5.090076089630406e-06 0.0003310033193708922 0.0002977310111794908 0.0005533643397935445 0.00017569313316667833 3.0993179315442454e-06 9.23273642680232e-05 1.4067195862664138e-06 0.0 0.0 1.4898844077104863e-07 0.0 1.4210497563143707e-07 0.0 0.0 9.983069953236809e-08 0.0 0.0 6.410614813532468e-08 0.0 3.1829068121429473e-05 1.8776502925778477e-06 0.0 2.5399040594844576e-06 2.2451177411703505e-05 0.0 0.0 0.0 0.0 0.0 0.0 0.0 0.0 5.598065153200503e-07 4.222611618009125e-07 9.226413160230151e-07 8.191015543046106e-07 5.0760480023918625e-06 1.4169774758892557e-06 2.277219521960972e-06 0.0 0.0 2.2085277679681827e-07 0.0 0.0 0.0 0.0 0.0 0.0 0.0 0.0 0.0 1.8672525193072108e-07 0.0 9.53777516986628e-08 0.0 0.0 0.0 0.0 0.0 0.0 0.0 1.7438507891187657e-06 1.8898204813397828e-07 3.8606421609964294e-07 1.9760644003369764e-06 1.8599071895346306e-07 2.0183651774282188e-07 9.812752124786787e-08 0.0 0.0 0.0 0.0 0.0 0.0 0.0 1.3982723620233942e-07 0.0 0.0 0.0 0.0 0.0 0.0 0.0 2.1663461688102765e-07 0.0 0.0 0.0 0.0 0.0 6.705286212228413e-07 0.0 0.0 0.0 8.410905058127e-08 8.778640763685727e-08 3.8396106864826085e-07 0.0 0.0 0.0 0.0 2.2006453246788633e-06 1.665033112104871e-07 0.0 0.0 0.0 0.0 0.0 0.0 0.0 0.0 0.0 0.0 0.0 8.362194640546694e-08 0.0 0.0 0.0 0.0 0.0 0.0 0.0 4.604740307459239e-06 7.629297219443818e-07 1.1880919955469555e-07 3.852188663286113e-05 7.82180784750385e-07 0.00012036584046838226 4.827806548355024e-05 0.00016164298832528113 7.270597049070493e-05 0.0 7.176890326643504e-06 8.287580070505013e-07 0.0 0.0 0.0 0.0 0.0 0.0 8.263865034059163e-07 6.501096389490879e-06 0.0 1.4861500943699468e-05 0.0
0.00020723379319649956 0.0003869162023503673 0.00034712371522891143 4.49602230887285e-05 0.00048349308462355565 1.0335608994446616e-05 0.00021138461125159668 0.00035645303260734864 0.0 0.0006536651389429531 0.0006942992021859928 8.520378896045002e-05 0.0010859414844579672 0.00034328238729819247 6.965675429202521e-07 0.0 1.7352782802608837e-06 0.0 0.0 0.0 7.789368384642312e-08 0.0 0.0 7.971902215160795e-08 8.23955273565865e-08 0.0 0.0 0.0 0.0 0.0 0.0003957964365913926 2.3926767022727828e-05 3.514541849086314e-05 0.0 0.0 7.632977168012477e-08 1.2079568880460072e-06 6.171443491116707e-08 0.0 8.799932339552726e-08 0.0 0.0 0.0 9.388819642894708e-08 0.0 0.0 2.633032612177261e-05 6.10935653807636e-07 3.926224753773197e-07 0.0 0.0 0.0 1.356121269882967e-07 0.0 4.306010256213462e-07 0.0 7.842171814752344e-06 8.961881957462807e-05 2.240001617223317e-05 1.1659452625889485e-05 8.845098031711052e-08 7.255703723174493e-06 7.159550480980297e-08 3.7281760501291625e-05 2.9659210045992145e-07 3.701945289433099e-07 4.703780595503268e-07 1.92255736123159e-07 0.0 0.0 1.0305946092418147e-07 0.0 0.0 3.852754830250676e-05 3.221884815559446e-05 1.3509614987332092e-06 1.7890300405379733e-05 1.6447507537671484e-05 1.6250388486827243e-05 4.177281569558033e-05 0.0 9.541572185156001e-07 9.403992503325146e-07 0.0 0.0 0.0 6.232065368393754e-08 7.505939191349618e-08 8.552870361231872e-08 0.0 0.0 0.0 0.0 0.0 0.0 2.444843066159585e-05 3.22614971665956e-07 0.0 1.5937563686815113e-07 3.6591396982618235e-05 1.8602351663626864e-07 7.929301751486078e-07 0.0 0.0 3.484539721162944e-07 1.6990149738795505e-07 1.1956813814593695e-07 0.0 1.8801543486855775e-06 3.6287343799894327e-06 1.2936168773941008e-06 2.258894463252139e-06 8.144008309028328e-06 4.981728147499676e-06 7.178133540386089e-06 0.0 0.0 0.0 0.0 0.0 0.0 0.0 0.0 9.709265776739122e-08 0.0 0.0 0.0 0.0 0.0 0.0 0.0 0.0 0.0 0.0 1.7503964972394242e-07 4.503386489659898e-07 0.0 1.252370302487841e-06 6.258879875591251e-07 2.2236980949438816e-07 2.874167887707419e-06 1.3565670945806207e-06 0.0 0.0 0.0 0.0 0.0 0.0 0.0 0.0 0.0 0.0 0.0 0.0 3.4497882169507515e-07 0.0 0.0 0.0 0.0 0.0 1.3016892558963978e-07 0.0 0.0 0.0 0.0 0.0 0.0 0.0 0.0 0.0 0.0 0.0 0.0 0.0 3.161675299209772e-07 0.0 3.0622941823329205e-06 0.0 0.0 0.0 0.0 0.0 0.0 1.203045226563665e-06 0.0 0.0 0.0 0.0 0.0 0.0 0.0 0.0 0.0 0.0 0.0 0.0 0.0 5.657889535872002e-06 1.913514564003734e-07 2.89156880546392e-07 8.307914211601992e-06 7.324968185723102e-08 7.580448325338698e-05 1.4429683522009555e-05 6.20176008147051e-05 2.3842028271415174e-05 0.0 1.8493614150049743e-06 4.053456296934165e-06 9.31289728240476e-08 4.2755789784748483e-07 0.0 5.027915006648795e-06 0.0 0.0 0.0 3.6515940587791117e-06 3.089926383159477e-07 1.5589876396161103e-05 6.148689689622986e-07
0.0005411219695492746 0.0008250554762744002 0.00018403521055624384 0.00035079495707895263 0.00127536568012783 0.0007548951155104894 0.0014233354442043655 0.00011055747420765889 0.0006536651389429531 0.0 0.0001588227620908395 0.0004684657767942413 0.0034990478534540114 0.0008532287211566069 6.812197648576051e-06 3.213699581148992e-07 7.141465973798912e-06 0.0 0.0 0.0 6.372407149253535e-08 8.689047248061744e-08 0.0 0.0 0.0 9.578804469360509e-08 0.0 0.0 0.0 0.0 0.00043968288850487503 3.229707785998773e-05 1.264260110647019e-05 0.0 2.2375900301023395e-07 4.199838815604863e-07 1.2022341600299616e-05 8.817014158128823e-08 0.0 7.111531485422445e-08 0.0 7.448398100595514e-08 0.0 8.258913607893482e-08 0.0 1.8235923326273953e-07 0.00021391986347121634 3.61592217157245e-06 6.137298063170457e-06 0.0 2.3722263653298189e-07 0.0 1.0858333174414506e-07 0.0 1.0219888646245788e-06 1.6441762876271038e-07 4.231659227217576e-05 0.00035105359669736214 0.00011870358070806775 6.363480972753138e-05 8.956157298215325e-08 4.735730499904725e-06 7.636940546830044e-07 9.3671774083905e-05 8.060822359627342e-07 1.5444636048613164e-06 5.335983430119982e-07 3.148863882497396e-07 0.0 0.0 1.4114584154664777e-05 7.92199051779186e-07 0.0 0.00017357230998631498 0.00011983651343505526 7.559422109854678e-06 3.718361421136657e-05 1.7782890400973594e-05 1.8772250020586553e-05 2.8599306590299635e-05 0.0 5.373420449135568e-07 6.646881936498603e-06 0.0 7.469329186965311e-08 8.356763546950472e-08 1.851121590743066e-07 4.2421782278808714e-07 1.452632489231751e-07 0.0 7.05090327450855e-08 6.481675579939349e-08 0.0 0.0 0.0 0.00019334962311376194 0.0 0.0 1.09799590583917e-07 0.00011069440023177701 1.8758508535693358e-07 1.1664822135423428e-05 3.5616750575575647e-06 0.0 1.4658109708119838e-05 1.0713045709886455e-05 3.1065309094188485e-05 4.664161416916635e-06 4.265958954696888e-05 8.8685587895272e-05 2.1455623912218707e-05 6.689479763796981e-05 0.00019220695964574638 8.848930673180232e-05 6.925586078890391e-05 0.0 0.0 7.618525708818902e-07 0.0 1.2728236004060308e-07 9.12619750225023e-08 0.0 2.195070478638344e-07 0.0 0.0 0.0 0.0 1.0627967190625156e-07 0.0 5.687415351608952e-07 0.0 0.0 3.2725823473084934e-07 0.0 6.0173829683980464e-06 1.233284736557041e-05 2.0824973462549233e-06 1.910129548624089e-05 6.089372182630314e-06 3.0701787632246763e-06 2.866973398246576e-05 1.195627667996483e-05 1.4990869709278058e-07 3.646604662460535e-06 0.0 0.0 2.7015925294078686e-07 0.0 5.462051568640666e-07 2.313067230926503e-06 1.5745192134864178e-07 8.191428707289747e-07 2.8080546311674347e-07 2.52218128741552e-07 5.334351093563614e-07 0.0 0.0 0.0 1.1590062461761587e-07 0.0 0.0 4.6667909423703014e-07 6.447888424717403e-07 6.97870403687844e-08 5.660539302573425e-07 3.8117121034463337e-06 8.399266725963221e-06 3.9154272752372133e-07 0.0 1.8922664791097485e-07 0.0 1.8742878175561348e-07 7.019746003646361e-08 0.0 0.0 0.0 5.466027156071054e-05 3.3837732690106917e-06 0.0 0.0 0.0 5.711980457124212e-06 6.716599354364348e-07 3.0934953136302755e-06 8.028732302398522e-07 3.3723298439648165e-07 1.7603064221319281e-07 0.0 0.0 1.140818363485369e-07 0.0 0.0 0.0 1.4575092840432509e-07 0.0 0.0 0.0 0.00012017016586675731 5.474295069249103e-06 1.9250549675857968e-06 8.970965183350264e-05 1.4441396153011578e-06 0.0005566711152821969 0.00010054143496172624 0.0010677973339725858 0.0001965289879387252 3.9779327761125274e-07 2.0704758512296362e-05 0.00013797885374063567 3.8351019815325277e-07 2.3990642172571284e-06 1.141135794808074e-06 0.00018380639853553284 6.120676963894669e-07 0.0 0.0 5.280866296079622e-06 1.3353624267672213e-06 0.0007383801008253144 6.273195955408436e-05
0.0002477773501993434 0.00028384444729870686 0.0006302007505647698 2.889033070615895e-06 0.0002502091576037391 2.85680744189037e-06 0.00020933050175126839 0.0006926481868425765 0.0006942992021859928 0.0001588227620908395 0.0 3.37692558786366e-05 0.0003177932571531201 0.0010579470919270815 2.039880267339546e-06 8.929745082518223e-07 4.877435004956363e-06 0.0 1.175955797302766e-07 4.686540805468152e-07 0.0 0.0 0.0 8.351261199939729e-08 4.149114618189084e-07 1.0074547725822743e-07 1.8075110175518842e-07 0.0 0.0 0.0 0.0005441625075306975 8.106991843499377e-05 0.00031746252272291803 0.0 3.363945164385659e-07 8.27346730254183e-07 1.3686531341156047e-05 1.219259368559917e-06 8.959996590530998e-07 7.49162675548483e-07 6.076058814641759e-07 0.0 0.0 0.0 0.0 1.526483539351534e-07 3.701389724448815e-05 3.0628719894664024e-07 1.2631860852343116e-06 0.0 0.0 0.0 1.3639731850426845e-07 0.0 0.0 9.890281117823564e-08 6.3848220380750505e-06 6.129050177479919e-05 2.0010554112620063e-05 8.915169088190142e-06 9.437497864487712e-08 3.1201649124947474e-05 0.0 0.00010761209863428191 8.322110636351866e-08 0.0 6.920714841317421e-08 0.0 0.0 9.373231507008347e-08 2.53017583607703e-06 3.8701708009507503e-07 0.0 2.7352696804416472e-05 3.5739735615795936e-05 2.0889962329651904e-06 7.485848281964075e-05 9.615772969202011e-05 0.00010634294406747702 0.00011411236626739134 3.6036561126607756e-07 3.354968205312827e-05 9.480718813452199e-07 0.0 0.0 0.0 0.0 0.0 0.0 0.0 0.0 9.013800782765121e-08 0.0 0.0 0.0 2.223763536190996e-05 5.15381981650929e-06 0.0 1.0712963858186274e-06 2.1247268013172384e-05 1.1570917988785687e-07 1.077017317193021e-07 0.0 0.0 5.823176118497985e-07 0.0 1.0877965759670077e-06 7.084758041303835e-07 8.85106811780294e-07 3.890261624832192e-06 3.0627565167106216e-06 8.413333955077481e-07 8.643635483555853e-06 6.669903497768058e-06 6.10055408125472e-06 0.0 0.0 0.0 0.0 0.0 0.0 0.0 0.0 0.0 0.0 0.0 0.0 8.838062944583357e-08 0.0 1.1622273227552648e-07 0.0 0.0 0.0 0.0 1.5837194543702267e-07 1.1882245585661617e-06 0.0 1.6699691264208893e-06 3.6816059125296623e-06 7.850893860776182e-07 2.587392623512445e-06 1.8799120131837537e-06 2.6443957773770133e-07 1.9505315573357558e-07 0.0 0.0 1.4860502350846006e-07 0.0 0.0 2.919624599922797e-07 0.0 0.0 0.0 0.0 8.903870170346961e-07 0.0 1.8859721108112985e-07 0.0 8.689903344642215e-08 0.0 0.0 0.0 0.0 0.0 1.1870797642621454e-06 1.0477115795024082e-07 2.2673493406396815e-06 0.0 0.0 0.0 2.983445491610598e-07 0.0 5.752361836125062e-07 0.0 0.0 1.686731624139284e-07 5.578077567599666e-06 5.158207691502424e-07 0.0 0.0 0.0 0.0 0.0 0.0 0.0 0.0 0.0 0.0 0.0 1.2342006606711694e-07 0.0 0.0 0.0 0.0 0.0 0.0 0.0 7.05816992995543e-06 6.52222658429102e-07 1.4033229096057275e-07 8.507677713115127e-05 4.673833313180371e-07 7.290852462005858e-05 6.419580431700723e-05 0.00014979782937128868 4.661471156108031e-05 1.8601482688651467e-06 8.172972457849697e-06 1.4451819260829601e-06 0.0 0.0 1.3112512107805331e-06 4.69227164898421e-06 0.0 0.0 0.0 1.2105427240727041e-05 2.9586414918695353e-07 1.4798373337178961e-05 0.0
3.793923065701885e-06 1.4261959291458182e-05 8.90924721690875e-06 0.0 6.734023020433192e-05 0.00013597075216893755 0.00029817875951349324 8.436775195791685e-05 8.520378896045002e-05 0.0004684657767942413 3.37692558786366e-05 0.0 0.00034144584383937994 9.270135502582964e-05 8.823430501716883e-06 1.2579307310596849e-05 7.663633068181869e-06 0.0 0.0 0.0 1.970959172356531e-07 8.531269492765515e-07 0.0 7.774332330767765e-08 8.985915078123769e-06 1.421230951108499e-06 4.542759701459582e-06 0.0 9.211191319674764e-07 0.0 2.1081185788529635e-05 2.318330192854589e-06 5.908696426874663e-05 0.0 2.6464588540192775e-07 6.07621216360149e-05 5.1085562295486475e-05 7.853816648922144e-05 4.972514078175418e-06 8.241194029033123e-06 0.0 0.0 0.0 1.5214893611371382e-06 0.0 0.0 1.0154575386097906e-05 7.060823966583695e-07 0.0 0.0 0.0 0.0 7.0283592008429525e-06 0.0 7.946892266661595e-08 0.0 8.007145579054455e-07 6.431943288112132e-06 2.7034270725986047e-06 3.934881922243599e-06 1.3561024589815315e-06 6.70614326518805e-05 8.195350917467807e-07 1.1569128208573367e-05 0.0 0.0 6.201782139416435e-08 0.0 0.0 0.0 3.208241409144041e-05 9.858301556167569e-05 2.4589870879815968e-06 7.5282611813172055e-06 3.2213392772500933e-06 4.581166764460547e-06 5.973653861193275e-06 1.1186958324093593e-05 2.9381345506862675e-05 2.1544147502404234e-05 0.0 7.647752941080796e-06 0.0 6.370225739162848e-08 0.0 1.3397915706824436e-07 0.0 2.004232036266508e-07 2.042295240845024e-07 2.8852668895815605e-07 0.0 0.0 0.0 0.0 0.0 0.0009243000947426265 0.00018562405740104543 7.579077665099875e-06 5.605019391453848e-06 8.741215831360455e-06 4.174885711496362e-07 3.890596584494871e-06 1.0981182083666836e-06 0.0 1.2255151175076936e-05 4.435852366141802e-06 1.0425363104710888e-05 2.7013248699147187e-06 4.420548376733102e-05 3.475675896678289e-05 1.4087170960444326e-05 4.079152840168937e-05 0.00017699904481547114 9.405504349301944e-05 9.576262132751671e-05 9.827954964431635e-08 0.0 1.1567001214979258e-06 1.6346973139417236e-07 1.0405718818061244e-07 0.0 1.3898071344176377e-06 5.614188608073169e-06 3.8035149734102753e-06 1.0185533680480523e-06 2.489894554928514e-06 0.0 1.2005225321461046e-05 2.2459421020077953e-06 1.1847858582249964e-05 2.2820121005145306e-07 1.6731083301876873e-06 1.5495339925610724e-05 6.012345425883372e-06 2.6565440939797038e-06 1.2788413634770877e-05 2.8534929124995876e-06 2.5453483507964557e-05 4.1510220351497744e-05 1.2208414682922243e-05 7.13987468237613e-05 4.8253930252523836e-05 4.207208455986873e-05 2.5901083624308712e-05 3.3566437214383983e-06 3.0746536623880867e-07 2.9935092341519607e-06 0.0 0.0 1.4039133977357826e-05 6.651920677126248e-07 1.2600897443548747e-06 2.78736348407352e-07 5.633688429744365e-07 8.724352417694968e-07 2.860110422949967e-07 4.025839322698391e-05 3.217814228326582e-07 0.0 1.4271333200664333e-07 0.0 5.198935826564581e-07 1.6076602849696712e-07 1.0614134527751521e-07 1.6704135788305593e-06 1.2509768047379544e-05 8.675370519327284e-06 0.0 5.693298244633582e-07 0.0 0.0 1.3509000307876097e-07 2.3791044891023553e-06 0.0 0.0 3.8925416285364624e-07 0.00014494964385604965 4.002284428037788e-05 0.0 3.6360948893783224e-07 1.6962475968199113e-07 4.9278944880201265e-06 1.7063982421368435e-06 2.6487143465489505e-06 5.884576505304128e-07 7.87431839441199e-07 2.1938724712287523e-07 1.0366913680706422e-07 9.392312643615779e-08 5.00471933898045e-07 0.0 0.0 0.0 0.0 0.0 0.0 0.0 0.00014601444585204018 9.03979893009192e-05 3.8275555930972584e-05 0.00011409460853892504 9.241854672423508e-07 1.5386084985571394e-05 2.4641963322243718e-05 0.00019426677813326557 8.506649654071832e-06 0.0 1.017543360925381e-05 3.736003023426978e-05 2.8713342080260546e-07 7.868801685879692e-06 2.6333048720019746e-06 5.165427508649214e-05 1.0078675990319554e-06 0.0 3.0731754865525724e-06 4.13662584749375e-06 2.565773683068951e-06 0.0003838884670135698 6.987062663042426e-05
2.9704363350612407e-05 0.0001122739893579404 4.4973746575119445e-05 2.8549895614425725e-06 0.0005795870665879497 6.307352302544611e-05 0.0007985880145643006 0.0006374737290132646 0.0010859414844579672 0.0034990478534540114 0.0003177932571531201 0.00034144584383937994 0.0 0.0013125756996037275 4.529005929310908e-06 8.720569209733582e-06 1.2839853380087468e-05 0.0 0.0 0.0 0.0 3.7557524901447214e-07 0.0 5.706976050086308e-07 8.102294359225042e-06 0.0 3.55389952078019e-06 0.0 0.0 7.423850507586138e-07 0.00021254848379458126 4.694054193016433e-05 0.00028753812746651233 0.0 7.105639830866838e-07 3.240271924380664e-05 0.0001053400324601073 8.923449877651906e-05 1.2548569220933305e-05 2.0585555666655575e-05 0.0 0.0 0.0 1.1607201071948076e-06 0.0 3.0905438071914356e-07 4.8072024518215396e-05 6.716652345792633e-07 9.834686564793745e-07 0.0 0.0 0.0 1.2375403984644053e-05 0.0 9.640620764986266e-08 7.292005300556473e-08 6.193054240056546e-06 5.465527522905961e-05 1.7196377498915058e-05 1.0684032739281058e-05 1.449137799540859e-06 0.0001809948283875654 1.693510441764093e-06 7.762919722559775e-05 1.212059480201465e-07 2.3669035769236823e-07 3.3084605527354427e-07 1.405756820685378e-07 0.0 0.0 4.388024739837868e-05 6.075454057883494e-06 0.0 2.9965096082936965e-05 3.1042981715351534e-05 4.456605677881368e-06 3.861834269678904e-05 4.247142895569985e-05 0.00010610739874687808 6.48315718121679e-05 0.0 7.160491918039248e-06 1.1274887286061783e-06 0.0 0.0 1.3425983218511475e-07 6.868609066584105e-08 0.0 2.4455354144764276e-07 0.0 0.0 0.0 0.0 0.0 0.0 0.0008983797430338621 3.938397235311671e-05 3.2257428860527614e-07 1.6658683388241302e-05 1.2762252252205036e-05 7.420411606679802e-07 2.8055632634455212e-06 1.2780966592068568e-06 1.5964102680809768e-07 1.4102585290779552e-05 4.228993200486958e-06 1.138054543818425e-05 4.272288379675286e-06 5.257073279369107e-05 5.347569571004929e-05 1.3719692157752168e-05 3.965527630535695e-05 0.00020572264376669464 0.00011790510790397809 0.00010835552288178419 1.4160115065435816e-07 0.0 2.714714706012139e-06 0.0 0.0 0.0 0.0 0.0 4.3606120644478355e-07 6.011249770045227e-07 1.4960187038936927e-06 0.0 2.8231423780747108e-06 5.368522753322473e-07 2.7291548174396965e-06 7.945525256708801e-08 9.009767945063469e-07 1.6836987515790843e-06 8.05995264572765e-07 4.0019368533539195e-06 1.3393453749392315e-05 4.494619363975803e-07 3.355316383275605e-05 2.3421597419824374e-05 1.1044959790507404e-05 6.062547522085148e-05 4.3319305473093215e-05 7.595563409278214e-06 8.284559258244977e-06 5.590251028740639e-07 6.281391732157422e-08 3.820013643485813e-06 7.86356113446998e-08 0.0 3.6353472457727913e-06 0.0 1.1657458480328238e-06 6.467070741173464e-07 9.356338008567831e-07 1.1575713765825853e-06 0.0 6.721513649584012e-06 9.0009149986001e-08 0.0 0.0 0.0 7.589842831531881e-07 8.207318746532482e-07 0.0 3.6914347035341577e-06 5.220130371115087e-06 9.57157218444958e-06 8.61280451110796e-08 0.0 7.805904454843428e-08 7.400987134174962e-08 0.0 3.7805028281475995e-06 0.0 5.313991406798021e-07 1.8267361916172758e-07 0.0001275246736438775 8.305776630278287e-06 0.0 0.0 8.172921820423103e-08 5.346830252965033e-06 1.6706900209668034e-06 3.191904396704173e-06 5.29911010478377e-07 7.159614767394293e-07 0.0 0.0 1.1249415193193985e-07 3.5976375742470074e-07 0.0 0.0 0.0 0.0 0.0 0.0 0.0 0.00014029251145124735 3.111723810239543e-05 1.2775571848269823e-05 0.0002791409412083026 1.0436227788411847e-06 8.544543940027844e-05 0.00010240302827095009 0.00017834764857038582 3.119402307783377e-05 3.11076837637096e-07 3.3592595250678365e-05 5.364813890645997e-05 3.4931072317257473e-07 5.851927372672805e-06 3.792353706607898e-06 5.557637036182147e-05 4.400757927162534e-07 0.0 3.0761587878483844e-06 2.337925260812295e-05 3.431092587706068e-06 0.00028620365441958727 5.631004910036578e-05
0.0001508369747861261 0.00026539407952717354 0.00021858791117075602 3.232709485454019e-06 0.0004316390123184346 7.743952556052779e-06 0.0008314442662567892 0.0009965108706914973 0.00034328238729819247 0.0008532287211566069 0.0010579470919270815 9.270135502582964e-05 0.0013125756996037275 0.0 3.91977867376014e-06 5.186489702357349e-06 3.3068509914093726e-05 0.0 0.0 0.0 0.0 0.0 6.005006598644622e-08 1.103606975004423e-06 6.801831364036604e-06 0.0 2.561527333191161e-06 8.634120365916202e-08 1.772964353711382e-07 0.0 0.0005410419648695452 9.841525737755281e-05 0.00020783392181853566 9.83919822544102e-08 1.184751888819374e-06 1.5846973821500706e-05 8.71410564571601e-05 2.033432682032132e-05 1.3018898200076102e-05 1.953232754751785e-05 0.0 0.0 0.0 1.6602503718005472e-06 0.0 1.402963422934359e-07 9.908741473043703e-05 1.0923799703296056e-06 2.1680109916456386e-06 0.0 0.0 6.991533873917979e-08 2.115705907916811e-06 0.0 1.8968930952657964e-07 1.3431537290223143e-07 9.594233235109713e-06 0.00010860823468057176 2.646853365702409e-05 1.4704435379476524e-05 2.191251812866671e-06 6.80863948845471e-05 1.4340412963806425e-06 0.00013383021000195597 0.0 4.1352727187617165e-07 1.5445483911465736e-07 6.369930697246397e-08 0.0 0.0 5.0029525994833726e-05 1.8580060428744192e-06 0.0 5.9427856379880637e-05 6.288627022379029e-05 6.123691284176938e-06 8.650107057512829e-05 9.055608067679996e-05 0.00010442057233458537 0.00011961525188005831 2.8730257113066335e-07 9.912803314051888e-06 1.0695559340812833e-06 0.0 0.0 6.13714051395389e-08 3.144785548171062e-07 9.880574819355689e-08 0.0 0.0 6.490675150095725e-08 0.0 0.0 0.0 0.0 0.0002014841831672436 5.173294251380594e-05 0.0 2.1336083832084e-05 3.577618906323344e-05 4.138731465063502e-07 1.4113542778094406e-06 9.51321227056786e-08 0.0 3.492105440385673e-06 1.9660573544014557e-06 1.7596706305531138e-06 0.0 1.4066509227815535e-05 7.187387168550488e-06 3.178965526106313e-06 1.0029358240302003e-05 5.92412528235039e-05 3.104967289655451e-05 2.368083346625973e-05 0.0 0.0 7.755702993588748e-07 0.0 9.438836373074691e-08 0.0 3.210952682848491e-07 0.0 7.829046508275864e-08 0.0 0.0 0.0 1.3549078295115923e-06 0.0 7.092376139703285e-07 0.0 0.0 5.591800130752776e-07 0.0 0.0 6.34895945561899e-06 8.06111138458879e-07 1.2154100068172662e-05 7.894124727160357e-06 5.032397627571128e-06 2.4411253712265265e-05 1.3198211202082922e-05 2.1560575029903892e-06 3.322302710786315e-06 0.0 8.431149472701979e-08 3.998869404414566e-07 0.0 0.0 3.978575619140366e-06 0.0 0.0 2.1608922741214093e-07 0.0 2.3238889989597942e-07 0.0 2.105018291589968e-06 0.0 0.0 0.0 0.0 2.3547108509706338e-07 7.657771772858884e-08 0.0 3.7029540266615825e-06 2.3692547707061116e-06 2.746947576195793e-06 8.519603989299665e-08 0.0 0.0 0.0 0.0 1.3104962148782288e-06 0.0 0.0 0.0 3.332543900192201e-05 4.941908345687887e-06 0.0 0.0 0.0 5.636682709344044e-07 8.518133952187496e-07 1.2717404429445963e-06 1.3454644930895379e-06 0.0 0.0 2.5600603415027126e-07 0.0 3.067256924596433e-07 0.0 0.0 0.0 0.0 0.0 0.0 0.0 3.139858744018625e-05 1.2542811855312951e-05 2.9281806360468463e-06 0.00034068498677370355 1.271352676584706e-06 0.00013921478384307213 0.00017896041317794968 0.00021069566812487858 6.612093356759718e-05 1.6765424386421388e-07 3.8290422544227385e-05 1.9512221633746622e-05 0.0 3.1238942000944484e-06 1.3059502100851507e-07 2.101165638467369e-05 0.0 0.0 1.1970883566606627e-06 4.4588847526522345e-05 3.3797492561763814e-06 6.277116575315843e-05 1.0407361066759276e-05
