0.0 0.0010630570633725562 0.0005265289101312761 0.0005815096546428706 7.169202989751626e-05 1.3572713488646735e-05 0.0004713406994865447 5.6859340746666715e-06 6.0506265402863965e-06 0.0005950284438649957 1.9349331467503636e-05 2.0045624818300552e-05 0.0001551058276080258 1.4515879720240921e-05 4.5079332013328487e-07 2.1922297354029316e-07 0.0 1.4925383716488514e-07 0.0 3.503920982314676e-08 0.0 0.0 0.0 0.0 3.644615695255335e-08 4.954148901345359e-08 4.66308010004276e-08 0.0 0.0 0.0 0.00014319600920620007 3.9952596448981305e-06 5.651957824228142e-07 0.0 4.191192936806223e-08 0.0 4.37751609935715e-07 0.0 3.4297624775178156e-08 6.740115331691327e-08 0.0 0.0 7.199767998189271e-08 3.1979887333009626e-08 0.0 7.635652130063809e-08 1.1756466258966583e-05 0.0 6.554230102045214e-08 7.541664517995996e-08 3.4520408836002797e-08 0.0 0.0 8.681239396809568e-08 8.856996089869535e-07 1.7057350734124768e-06 8.459060504133234e-05 0.00020637926977442567 3.394080373515429e-05 2.1408863727446704e-05 5.433071723099618e-08 1.3410126329527388e-07 0.0 9.119838724998846e-06 1.8980170520450947e-07 1.720146800530672e-07 3.384475674637023e-08 7.784279839456526e-08 1.2230030352076675e-07 3.085253926034556e-08 5.572565415200424e-06 0.0 0.0 4.037778570006082e-05 5.286469314961025e-06 1.009939997728065e-05 6.074571629301522e-07 1.819617187368339e-07 3.0833226345413943e-07 7.497140990700629e-07 2.4553976332307335e-07 3.0179024539231267e-07 1.6448739262992864e-06 3.482568400108516e-07 2.2595477380706674e-07 5.261327333414265e-07 0.0 9.587492262011871e-08 2.3340917259547802e-07 3.367862464097492e-08 7.267853706221742e-08 6.597858506295903e-08 1.0297719855860629e-07 6.71405254053235e-08 0.0 2.870396133627026e-05 2.5879140445374356e-06 0.0 2.3649947585468166e-07 0.00036283911061478876 1.5206260949136825e-07 2.300651241942913e-06 1.4546346573382461e-06 3.6145035628447107e-06 2.918238288850425e-06 1.2952045281052324e-06 1.720908515234133e-05 2.571553128387162e-06 4.4734337108991576e-06 7.103856422221576e-06 9.065241215080051e-07 4.388320632571325e-06 6.2291686631968555e-06 5.407857603827248e-07 2.7201330576880187e-07 4.603405127856254e-08 0.0 0.0 0.0 0.0 0.0 0.0 0.0 0.0 0.0 0.0 0.0 0.0 0.0 0.0 0.0 0.0 0.0 0.0 6.301372330993013e-07 0.0 0.0 0.0 0.0 4.3429163236418007e-07 0.0 1.5508919960386912e-06 6.79929499917846e-07 3.0832861196244224e-07 0.0 0.0 0.0 0.0 0.0 0.0 0.0 0.0 2.4305941298907444e-07 0.0 0.0 0.0 0.0 0.0 0.0 0.0 0.0 0.0 0.0 0.0 0.0 0.0 1.927010034551019e-06 9.819334913906917e-08 0.0 0.0 0.0 0.0 0.0 0.0 0.0 0.0 2.727782579026437e-07 0.0 0.0 0.0 0.0 5.352451154681288e-07 0.0 1.8338490839038614e-06 0.0 0.0 4.1336553331379804e-08 0.0 0.0 0.0 0.0 0.0 0.0 0.0 0.0 0.0 0.0 1.380912455041307e-06 7.441790036845495e-07 4.784993471569291e-07 0.00011610219783595748 7.805168863715051e-07 6.292787865662512e-05 8.188124149699202e-06 0.00031501868932222254 9.185727659326738e-06 8.561205636017555e-07 4.02205363573358e-06 1.1228434190067758e-05 0.0 2.7069062288587224e-07 1.6527822851801553e-07 5.0323213436132035e-05 0.0 0.0 4.6588747628821334e-07 1.0937112848277046e-06 0.0 0.0002114416141128305 1.001936301382932e-06
0.0010630570633725562 0.0 0.000570091366733068 0.0009695388077381373 0.0008928338379879994 3.8366524643769826e-05 0.0016486675969161581 3.926595994325589e-05 0.0008967941078243424 0.0005328584178702626 0.0006580436061302868 3.229648752729915e-05 0.00023045317930985246 0.0002614690875638324 6.476211804407744e-06 5.195400659827623e-06 2.2641900237406975e-07 1.2182502819160334e-07 6.703788987964235e-08 1.1783401852004487e-07 6.471972791695638e-08 3.894145163926059e-08 0.0 3.507623231899775e-08 4.895047339480967e-08 1.0641519488842114e-07 3.860461614231834e-08 7.638764050030807e-08 1.2171917492344938e-07 3.5947369954441926e-08 0.0005855257010425738 1.1999480331318656e-05 1.3938349152721622e-05 3.7577916347116074e-08 5.715148687645058e-08 7.798689542411673e-08 2.2146067133038045e-06 1.3922391854067664e-07 2.457127738913455e-07 4.5525687958923574e-08 1.9759316405506424e-07 3.795589957189403e-08 4.5125943443273155e-08 2.1963202059249974e-07 2.768891638580237e-07 5.290282831988995e-07 4.815857224016144e-05 1.847905019761139e-07 2.6174012458315554e-07 3.8847377277347904e-08 9.484126745614873e-08 7.073795841367701e-08 5.712121671781547e-08 3.031749021183178e-07 2.4337318902370684e-06 3.5958503589496657e-06 5.785871519592879e-05 0.0001987972754165906 3.8475114734175e-05 6.075026507957938e-05 1.5714414469505598e-07 1.3301849602941272e-07 0.0 5.6359024693328654e-05 1.2604799556626956e-06 3.545212770265115e-07 1.7044336965375464e-07 2.2250935144443226e-07 3.039329511793977e-07 1.9457718880124087e-07 1.1774047665452036e-05 1.726584549585696e-06 0.0 7.745418079854719e-05 2.8316307709450363e-05 6.098636723806836e-05 1.1044676032779235e-05 1.7962405436310119e-06 6.635002328880282e-06 5.8158141704927485e-06 2.8528692721832164e-07 1.4034579522064267e-06 4.093251998953368e-06 1.1672073099759153e-06 4.404452479911374e-07 2.537520822782915e-06 1.32428670913959e-07 4.047228677584695e-07 6.580634693745448e-07 4.001150789948353e-08 3.400986723391162e-07 1.1345961452522884e-07 3.6808539971185945e-07 3.0670078496206824e-08 0.0 1.4045866116783413e-05 1.2738814023933825e-05 5.791531003181485e-08 1.8718408031634737e-06 0.00032110749160218415 8.223156840979041e-07 1.5263849433742452e-06 2.3319192329780545e-06 1.8175028721599164e-06 5.064472210583723e-06 1.3684662117753425e-06 1.0624426896198847e-05 3.892373612120645e-06 9.529132983500933e-06 6.2137203154235415e-06 3.1044922422520644e-06 1.0497074638556245e-05 2.1269019089156107e-05 5.641696028190575e-06 2.862658616875931e-06 7.998939561972692e-07 2.5661347946013597e-07 0.0 0.0 0.0 0.0 0.0 1.8295003326379946e-07 0.0 0.0 0.0 0.0 0.0 0.0 0.0 0.0 0.0 0.0 0.0 2.8744265901757382e-06 1.3089478230588267e-06 0.0 0.0 0.0 3.2663488415519538e-06 6.695439407682669e-07 4.359038840759173e-06 2.320114615559379e-06 8.493559491294779e-07 0.0 0.0 0.0 0.0 0.0 0.0 0.0 1.5128880702760842e-07 6.477664688963871e-07 0.0 0.0 0.0 4.0988548022851776e-08 0.0 1.3073104412705747e-07 0.0 0.0 0.0 1.4787991342500577e-07 2.4822307753170934e-07 0.0 1.911998942910671e-07 7.939526531250391e-06 5.51244635456161e-07 0.0 0.0 0.0 0.0 0.0 0.0 0.0 0.0 4.628707987297948e-06 0.0 0.0 0.0 0.0 1.6822977140124494e-06 1.6693997409248617e-07 1.6333032535243144e-06 2.6931810498567745e-07 3.1095636320306325e-07 9.988764590089725e-07 1.643533398173446e-07 4.902424767777591e-07 0.0 0.0 0.0 0.0 0.0 0.0 0.0 1.130864579141601e-07 3.574725252063672e-06 5.618773538348551e-06 3.833319725756103e-06 0.00019437258207526866 4.970297624914096e-06 0.0002011912652833221 3.561878141456051e-05 0.00024046118650135594 1.0143119736500953e-05 6.307969226022311e-07 1.8646074088335728e-05 1.350596332523838e-05 5.7524929577433287e-08 1.3052903788457315e-06 1.009777201492591e-06 3.1109050473428297e-05 0.0 0.0 3.129103204003744e-07 1.6737100054067161e-06 1.5977879285596761e-07 0.00012657383752459015 6.633536662565103e-06
0.0005265289101312761 0.000570091366733068 0.0 3.4425300929670624e-05 0.0003543869597222639 6.812782028322593e-06 5.993526789387021e-05 0.00048740075081846787 0.00035908687914370683 7.988192571284158e-05 0.0017660481622596958 3.471157691586494e-05 0.00020118670483167245 0.001029707611593193 1.8722651178807536e-05 2.2960438217123074e-05 5.375684178205586e-07 8.060372049101412e-07 3.2973043854862566e-08 2.3200144779370324e-06 2.86289069732084e-06 1.5624817599320053e-06 1.6284994716359886e-06 5.575303261838137e-07 5.457154710529494e-07 4.1559780370135695e-07 3.1884691067961354e-07 2.3779781340880656e-07 3.536227516652209e-07 1.970119831617411e-07 0.0022429862468949994 9.801333278867974e-05 6.454785909353966e-05 1.9398926695277373e-06 1.1787284645858922e-06 3.7926885440268127e-07 1.1203126536312828e-05 2.706126766121397e-06 2.2095783908241073e-06 9.82005029250352e-07 3.1236407170078916e-06 1.677789582978403e-06 8.602546705262847e-07 1.2375831893030404e-06 1.170719511261685e-06 1.1592428251759102e-06 7.268144200997475e-05 4.229912684143367e-07 3.207188523586959e-07 1.470697867708838e-07 3.4880622062593543e-06 8.010187479181213e-07 4.471479993648224e-07 7.84903970609603e-07 3.0850947677553426e-06 5.062266543481921e-06 0.00010314918141346361 0.0005021306768321533 5.95837572532906e-05 7.875893294997775e-05 2.1888103333794045e-06 5.4328839096854784e-06 6.198257681611946e-07 0.0003594115943676158 1.830962541264324e-06 1.2404762258760005e-06 1.2405976110578688e-06 3.299593298600538e-06 3.8707568458745026e-06 5.603635624279851e-06 3.726753742102757e-05 3.677818321651773e-06 0.0 0.00011889382693803509 6.38828950892976e-05 9.126901484229633e-05 2.9096506119299185e-05 1.2474880595639882e-05 0.0002074659951619232 0.0002501212427321863 4.76173628421409e-06 4.511885656543211e-05 5.0335640068395855e-06 1.2817404753650468e-06 6.741473858871863e-07 3.1928635463136335e-06 5.307613236104154e-07 7.436315198763573e-07 8.519824729520809e-07 1.1828889533072159e-07 6.068607269843216e-07 1.0894455580853543e-07 8.732007659369485e-06 2.9920801474848063e-06 3.198162755950758e-07 2.8339264554691943e-05 3.8318855493269854e-05 0.0 6.275724102576732e-06 0.00025968027445578447 6.845338556025131e-07 9.980468690119968e-07 2.7402230943416513e-06 1.2987601581475602e-06 4.5910334617707575e-06 8.777371791123519e-07 3.4539225677176134e-06 3.6877048876954533e-06 1.0159993722611387e-05 5.698788380589442e-06 4.5197251262033014e-06 1.3890055837087814e-05 2.39402368686612e-05 1.1196138028796782e-05 4.550893524109804e-06 7.944783202701172e-07 7.261869043608253e-07 0.0 4.686015282433006e-08 0.0 0.0 0.0 0.0 0.0 0.0 0.0 0.0 4.293216629982179e-07 0.0 1.8511751197644227e-07 8.945437895099357e-08 0.0 0.0 0.0 3.5830187925607017e-06 1.7035093431018756e-06 0.0 7.436278037837119e-07 0.0 5.011562431201792e-06 4.918753980243426e-07 6.001897205166345e-06 4.154904092391506e-06 1.340260680990685e-06 0.0 9.724215862373051e-08 0.0 6.711941320016975e-08 4.1795779939242494e-08 2.3321147831248144e-07 0.0 5.956624571426883e-08 9.444137251257583e-07 0.0 0.0 0.0 4.9691458576829733e-08 1.4233695518121291e-07 0.0 0.0 0.0 4.296656445905369e-08 8.698750868154126e-08 0.0 6.50214574128474e-08 3.8016609697371257e-07 1.1532032945160388e-05 3.751483013723541e-07 3.872768371745462e-07 0.0 3.777047946907572e-08 0.0 0.0 0.0 0.0 0.0 4.697748318924722e-06 8.066789322732059e-07 9.207205859614993e-08 0.0 5.852794851072771e-08 2.9678546226768453e-06 6.987149358016037e-07 3.213742834286378e-06 3.2332298118588607e-07 2.1210290926925398e-07 1.8167402302790355e-06 2.5800934598879013e-07 6.479131161252788e-07 0.0 0.0 0.0 0.0 4.73581369249411e-08 0.0 0.0 0.0 5.915352194523294e-06 1.0329620471677595e-05 9.092526871428122e-06 0.00015824423695085766 5.232122090649619e-06 0.00020195229584428313 4.718951486212793e-05 0.00010139907681680217 1.0522351140811032e-05 7.884160473078297e-07 2.1152317672919186e-05 1.1446666800308154e-05 4.412051889371321e-08 3.983371126228782e-06 6.149273704934849e-07 8.79721362170505e-06 0.0 0.0 4.1039056428097125e-07 4.500728091451484e-06 1.7240588186236295e-07 8.490913772377068e-05 7.697445102789025e-06
0.0005815096546428706 0.0009695388077381373 3.4425300929670624e-05 0.0 0.00010106854926099993 6.64776923279623e-05 0.0007516975457881498 2.7772524163595115e-07 1.1896840975724161e-05 0.0012260533803716512 4.83950050324563e-06 0.00010132026197101468 0.000551385629163824 1.6680427515545222e-05 9.821097904548564e-08 4.9198836354928136e-08 0.0 0.0 0.0 0.0 0.0 0.0 0.0 0.0 0.0 0.0 0.0 0.0 0.0 0.0 7.55379001755362e-06 2.392832014706356e-07 7.09366032534844e-08 0.0 0.0 0.0 7.365595863880423e-08 0.0 0.0 0.0 0.0 0.0 0.0 0.0 0.0 0.0 1.8986602683062062e-06 0.0 0.0 3.672770634268762e-08 3.450452315519062e-08 0.0 0.0 0.0 1.9326518353219568e-07 3.8242618883634213e-07 7.670317491122869e-06 2.1413349002049994e-05 4.387015278123722e-06 3.828132398808974e-06 0.0 0.0 0.0 9.221366387483816e-07 1.4291338329048208e-07 4.268823281139225e-08 4.06258936802363e-08 0.0 0.0 3.703270280082158e-08 4.0086264116864013e-07 0.0 0.0 5.9085951906579745e-06 8.350227060110046e-07 1.932007505463546e-06 2.6208409694676786e-07 0.0 4.1149109065514556e-08 1.2755946672241276e-07 0.0 4.838740230066185e-08 1.9651042447532374e-07 0.0 0.0 7.486854612464111e-08 6.443209373273873e-08 5.321213950612367e-08 4.324131229220197e-08 0.0 3.533242737503946e-08 0.0 0.0 0.0 0.0 4.7888350561711785e-06 1.503500321992872e-07 0.0 2.7938590437547873e-08 7.741396402882506e-05 0.0 9.223164939409387e-07 9.663082508397343e-07 8.181958109156519e-07 2.3147585386303305e-07 1.5463627312658414e-06 7.550849523893537e-06 1.0299963262221182e-06 2.7529365209773408e-06 3.961561975282347e-07 1.7318152699126735e-07 1.4858246719525458e-06 1.412095037470316e-06 6.717791120460279e-07 3.369178354652142e-07 1.0183555060459922e-07 0.0 0.0 0.0 0.0 0.0 0.0 0.0 0.0 0.0 0.0 0.0 0.0 0.0 0.0 0.0 0.0 0.0 0.0 6.882603490006408e-07 1.3699691774475825e-07 0.0 0.0 0.0 0.0 0.0 4.7117806631309264e-07 8.821883351862272e-07 1.22213661344145e-07 0.0 0.0 0.0 0.0 0.0 0.0 0.0 0.0 0.0 0.0 0.0 0.0 0.0 0.0 0.0 0.0 0.0 0.0 3.981922471496655e-08 0.0 0.0 0.0 5.376622614647985e-07 0.0 0.0 0.0 0.0 0.0 0.0 0.0 0.0 0.0 2.457307606410955e-07 0.0 0.0 0.0 0.0 2.02524686628077e-07 0.0 0.0 0.0 0.0 3.9222632496365945e-07 0.0 0.0 0.0 0.0 0.0 0.0 0.0 0.0 0.0 0.0 0.0 0.0 4.790046619270552e-07 2.0417232415525872e-05 1.7616838259858257e-07 1.4642968550597507e-05 2.0977772026151002e-06 0.00011322611236110641 1.2211919968416602e-06 0.0 1.7077230137848333e-06 2.240144714044863e-06 0.0 2.019002230993884e-07 0.0 1.6373037730707106e-05 0.0 0.0 0.0 1.5991534080327412e-07 0.0 6.696642289952705e-05 3.1837317346826695e-07
7.169202989751626e-05 0.0008928338379879994 0.0003543869597222639 0.00010106854926099993 0.0 5.5340110032236456e-06 0.0010241853925548304 5.957016395251025e-05 0.0017394422604860187 0.00035181996747312317 0.0006248070481472761 2.871735257143676e-05 0.0002786014428659928 0.0003278993351342267 6.695723731837344e-06 3.36958265199653e-06 6.745176969802938e-08 1.3820189154740186e-07 3.6686653978156554e-08 1.5197687788049407e-07 3.956525070105232e-08 1.1049339430654417e-07 1.7454026027958775e-07 7.937716628015333e-08 3.960985611774026e-08 1.2594043467971537e-07 0.0 1.1124382353195951e-07 0.0 6.059613864205882e-08 5.4470278418783015e-05 1.452691700759561e-05 1.0160283091792502e-06 3.6355106530268556e-08 0.0 4.8726935656254816e-08 7.266119293809134e-07 8.437009359264938e-08 8.077655509860803e-08 7.131262999239933e-08 8.909732028099568e-08 0.0 4.4310119600757654e-08 2.520713498698664e-07 2.2389452343990606e-07 1.2296752980099875e-07 3.868207499881971e-05 1.22693978623512e-07 1.3065279084500865e-07 0.0 2.1878014019212222e-07 1.3373654479854821e-07 0.0 8.624200758561104e-08 1.3429711368263162e-06 2.4810960627363225e-06 2.2367981788147896e-05 6.94818831844638e-05 1.6905831969254843e-05 4.084606972079567e-05 3.0001554044537435e-07 2.5873215677068656e-07 4.580263530054988e-08 5.611670910796334e-05 9.326333638250544e-07 3.2771338775846837e-07 6.607645857587926e-08 2.936113408161708e-08 2.3338838647130144e-07 9.772025486097e-08 5.243560762153551e-06 1.4877012126039005e-06 0.0 4.468273047532005e-05 3.095460092965042e-05 4.9892931381597704e-05 1.4374396358923335e-05 2.2948537682677347e-06 9.066673451942603e-06 5.556125812018877e-06 1.179490943426285e-06 1.6670834616183835e-06 2.612325475493445e-06 6.638111787858777e-07 3.6412776412069045e-07 9.579785707264804e-07 4.069592110820073e-08 2.704708289260835e-07 5.488163042667271e-07 3.378090024708691e-08 2.6705892061255984e-07 6.310663300903194e-08 2.9397206020657272e-08 1.7085488077070376e-07 7.272016775904759e-08 1.4727845961589679e-05 7.780923091124152e-06 0.0 4.525892541823312e-07 1.1644300656808182e-05 5.720593009469496e-08 1.1021000717324234e-06 1.6638072552873672e-06 7.085566134149176e-08 2.5911471743408743e-06 6.242780501373118e-07 3.939277521320628e-06 1.395622004836138e-06 5.015644752775665e-06 2.1395658795262648e-06 2.6277398831590146e-06 5.5161387417352655e-06 1.1278633082941064e-05 4.588091992943978e-06 2.485006696523245e-06 1.1088915509704897e-07 3.156960855605535e-07 0.0 0.0 0.0 0.0 0.0 0.0 0.0 0.0 1.5851252813455917e-07 0.0 0.0 0.0 0.0 0.0 0.0 0.0 0.0 1.2904077508054448e-06 8.808095479178111e-07 0.0 0.0 0.0 1.125286127291067e-06 5.18289741391537e-07 2.6622487007391495e-06 1.5587070926838547e-06 6.161755469493676e-07 0.0 0.0 0.0 0.0 0.0 0.0 0.0 0.0 3.436042243415638e-07 0.0 0.0 4.1586248301527615e-08 0.0 1.5061236126918242e-07 0.0 0.0 0.0 0.0 5.3516145416383593e-08 0.0 0.0 0.0 5.578158943681799e-06 1.091387924026798e-07 0.0 0.0 0.0 0.0 0.0 0.0 0.0 0.0 3.0458515743152485e-06 1.87046324023684e-07 0.0 0.0 0.0 1.1691928262745922e-06 9.439320143116496e-08 8.059301826724465e-07 0.0 0.0 1.1750094802789464e-06 0.0 1.5282578356101382e-07 0.0 0.0 0.0 0.0 0.0 0.0 0.0 0.0 2.35142566774092e-06 2.793914096067687e-06 2.6765393687564536e-06 0.00011527196445352732 3.28375597313629e-06 0.0001278421315155967 2.223852178305995e-05 2.5906032358942497e-05 5.58109996337817e-06 4.3124909073942443e-07 1.4482093971846477e-05 3.343616596143285e-06 4.5909506802698534e-07 1.711207093662558e-06 4.6855931306170027e-07 5.667999334832573e-06 0.0 0.0 3.0486894201447053e-07 2.6006155999798148e-06 0.0 3.42460489223204e-05 4.470710565591536e-06
1.3572713488646735e-05 3.8366524643769826e-05 6.812782028322593e-06 6.64776923279623e-05 5.5340110032236456e-06 0.0 2.6754235916365018e-05 4.476391111550278e-07 2.2525578477867017e-06 0.00019875952965467481 8.686322137897623e-07 4.098711532455388e-05 4.5407188538331026e-05 1.281370439902652e-05 5.940402165862249e-07 8.787505803409098e-07 0.0 0.0 0.0 0.0 0.0 1.9820355872770592e-06 0.0 0.0 0.0 0.0 0.0 0.0 1.0410558486079672e-07 0.0 3.168204189222965e-07 1.5193199252636346e-07 6.912189032401263e-06 0.0 0.0 0.0 2.6079096284521727e-06 2.1477242963730866e-07 2.9516283718176705e-07 7.805730738153537e-08 0.0 1.1654746910086808e-07 0.0 7.423216218287213e-08 0.0 0.0 8.654602918467266e-07 0.0 0.0 0.0 0.0 2.053142497087694e-06 6.99755564791755e-07 1.1556448876649128e-07 0.0 0.0 1.5354955714313887e-05 1.259793896667914e-06 2.9331370271367254e-07 3.077497966943214e-07 0.0 7.432142100552389e-07 0.0 1.7135140673562442e-07 0.0 0.0 0.0 0.0 0.0 0.0 7.513131634518362e-05 9.159181013832658e-05 1.5522078619834565e-06 4.930275005651505e-07 1.7854699259146975e-07 2.7290247014505924e-07 2.393510509237714e-07 8.302222249235139e-08 0.0 8.515824967958872e-06 0.0 3.8751538632774615e-06 0.0 4.91348414250413e-08 0.0 1.8554538559072682e-07 0.0 1.1836930443870243e-06 2.7536631647488366e-07 3.7484267797739804e-06 1.778280332565867e-07 0.0 0.0 1.7080384294530585e-07 1.816530000335832e-07 0.00023117561801489652 8.794181280262405e-05 4.278782187940065e-06 5.082196222124445e-06 0.00022954510966295222 5.218238193270154e-08 6.575697070997171e-06 4.662896319573535e-06 6.372650008796145e-06 3.2136323820459515e-06 1.7254630740468567e-06 3.388748570238895e-05 3.4630272838651164e-06 1.2630260986786855e-05 1.3991407212813566e-05 9.777085770664928e-07 6.15587287945475e-06 1.2616493927912992e-05 3.983679881846861e-06 4.839298997506683e-07 0.0 4.569365350075653e-08 0.0 0.0 0.0 0.0 0.0 0.0 0.0 0.0 0.0 0.0 0.0 0.0 0.0 0.0 0.0 0.0 0.0 6.221903751294774e-07 1.775583950508259e-07 0.0 5.604733485095851e-07 0.0 1.0630547909880562e-06 0.0 1.0732033754018324e-06 1.7504929421859483e-07 2.1657971191960732e-07 0.0 0.0 0.0 0.0 0.0 0.0 0.0 9.316183352678461e-08 7.414878389225766e-08 0.0 0.0 0.0 1.0324761043762892e-07 0.0 0.0 0.0 0.0 1.8893755062395372e-07 4.72612791850271e-07 1.5220601129166652e-07 0.0 0.0 2.026958416110149e-06 0.0 0.0 0.0 0.0 0.0 0.0 0.0 0.0 0.0 1.2648840207214908e-06 6.514389835878511e-07 0.0 0.0 0.0 0.0 0.0 7.770211291033151e-07 0.0 4.80680644320038e-07 1.6451858904311303e-07 0.0 0.0 0.0 0.0 0.0 0.0 0.0 0.0 0.0 0.0 3.3392008198554324e-06 1.5306333416812713e-06 1.3704937832913673e-06 5.049551750997612e-06 1.6727435475339277e-07 3.908736715474454e-06 9.213680012842507e-07 9.992401889573777e-05 1.0705845421683137e-06 0.0 7.51057078955703e-07 9.296719068496248e-06 0.0 4.957578842552168e-07 0.0 7.4474626147387e-05 0.0 0.0 0.0 5.999681534146268e-07 0.0 7.788467061280753e-05 6.564725492035619e-06
0.0004713406994865447 0.0016486675969161581 5.993526789387021e-05 0.0007516975457881498 0.0010241853925548304 2.6754235916365018e-05 0.0 3.038272874996459e-05 0.0008711776634037833 0.001315073611996494 0.0005091430244083798 0.00023128517471391005 0.0014103012761142017 0.0009506018602140716 6.115901956331981e-06 3.854449200896697e-06 2.5721912565545355e-07 0.0 3.914488925418519e-08 9.493236402196804e-08 5.024448883786934e-08 1.217682285768636e-07 5.6195965021339726e-08 0.0 4.1645899586699765e-08 3.567181307132201e-08 0.0 8.104044997244077e-08 6.503512205153206e-08 1.2004657023719198e-07 3.7723248340691386e-05 1.1326009708042165e-05 2.732224561765653e-06 0.0 1.22006095421e-07 0.0 6.123653337984699e-07 1.0597605917548181e-07 6.998752303579039e-08 0.0 1.8341723039818894e-07 3.8115048622400964e-08 0.0 5.083308038283394e-08 1.0288281811124806e-07 2.698013508413677e-07 4.375060525947817e-05 2.0869134241788563e-07 1.0984273970767064e-07 0.0 8.792561289049439e-08 3.9828305762557086e-08 5.501824666641027e-08 0.0 1.0439492727866171e-06 2.619984929996724e-06 2.3601901719152495e-05 7.706466615068472e-05 1.8659357759847065e-05 3.992732869246442e-05 5.53283167599748e-07 9.476267271194459e-08 0.0 4.237271957727772e-05 1.1111704817001399e-06 4.977076208572387e-07 3.164205821195771e-08 1.0814209820984813e-07 2.001582739094772e-07 5.883869752949657e-08 8.16333576913359e-06 3.4155767983464533e-06 0.0 4.433110059830916e-05 2.577695980880885e-05 4.840636837617825e-05 1.1468061286996112e-05 2.604379405039943e-06 6.159222672418356e-06 9.874424793796293e-06 7.096672821379759e-07 5.088759712310993e-07 2.782012297289109e-06 8.424011279317358e-07 2.5703381629711803e-07 1.4981932171969931e-06 1.0169557573079682e-07 2.015009092567267e-07 2.8047148024447345e-07 1.3679997713949193e-07 1.717146178768896e-07 7.421347097516206e-08 1.5129336600881754e-07 5.259593259387579e-08 6.871987093211117e-08 6.759903222634388e-05 1.4888173717923176e-05 0.0 1.1733356973944413e-06 3.973133593076906e-05 7.865093749284433e-07 2.533674386957431e-06 2.9936767451562745e-05 2.2713220807163543e-05 4.383286096095648e-06 5.8301995988725105e-05 1.0096434544578288e-05 1.0574375318097563e-05 4.062493724781544e-05 1.71744214862881e-05 3.567857260692925e-06 2.9661749318818056e-05 3.0435224298837268e-05 7.94336826966406e-06 3.94802676613572e-06 5.413802798337555e-07 3.5916685119243383e-07 8.228740208654119e-08 1.4121958026447312e-07 0.0 0.0 0.0 0.0 0.0 0.0 0.0 0.0 0.0 0.0 1.1492885234998123e-07 0.0 0.0 0.0 0.0 2.6172560721195322e-06 1.6733711303655492e-06 0.0 0.0 0.0 4.477823203829755e-06 2.3661336178932216e-06 3.6611554114493437e-06 2.3840185934634752e-06 4.4690780996278266e-07 0.0 0.0 0.0 4.7762326601082167e-08 0.0 4.8481033684643294e-08 0.0 4.00581543985144e-07 1.6468906725421156e-06 9.114617934760496e-08 0.0 0.0 0.0 0.0 4.068833818736378e-08 0.0 0.0 3.8853557434735914e-08 1.8202476310990991e-07 1.899017351586089e-07 0.0 0.0 1.129567877529586e-05 5.943173731118744e-07 7.007940404169627e-08 7.163896937335957e-08 0.0 0.0 0.0 0.0 0.0 0.0 4.3875555604642925e-06 1.3236472212760666e-07 0.0 0.0 6.002779180379931e-08 2.4544266379103856e-06 2.0874136508552444e-07 4.192356799795859e-06 5.056542819479825e-07 4.0537250104711266e-07 1.0807480832397412e-06 6.113497176802556e-07 9.921786726796007e-07 0.0 0.0 0.0 0.0 0.0 0.0 8.332192782519547e-08 7.370354800405681e-08 5.805077139117083e-06 4.552117484438778e-06 3.0888044987455025e-06 0.00013000423485100816 4.429219262226606e-06 0.0001433365797776518 2.9199350358339352e-05 8.822076174310896e-05 5.7858496081817065e-06 6.256655246951575e-07 1.6137187426705722e-05 1.0212248042314381e-05 0.0 2.469056713157621e-06 9.36141847480061e-07 2.0107941175604004e-05 0.0 0.0 2.447337465197579e-07 2.4173385351820374e-06 2.266691495508557e-07 7.550767667416694e-05 8.504639086118136e-06
5.6859340746666715e-06 3.926595994325589e-05 0.00048740075081846787 2.7772524163595115e-07 5.957016395251025e-05 4.476391111550278e-07 3.038272874996459e-05 0.0 0.00013249058605938237 3.562235162595974e-05 0.0007564436649623035 2.881689528365041e-05 0.0001475544358791444 0.0012642985359653323 1.9533322883435318e-05 2.5600812384603638e-05 3.25664999355911e-07 3.8415306754788406e-07 4.967715192776832e-07 4.716980424222487e-06 7.937618016205857e-06 6.823871190238771e-06 4.835823346514594e-06 1.6256535845265855e-06 2.741981024575679e-06 5.792593934879978e-07 1.008066402264706e-06 4.0421379382839916e-07 2.7873362244795503e-07 2.954970763358345e-07 0.00016776899802211457 0.00017812638144963248 0.00015359114128729525 3.6466625916836103e-06 3.24579582220675e-06 3.0937119343935036e-06 1.7243821725179072e-05 6.670914291362583e-06 3.377155085946205e-06 1.3604897481137805e-06 9.430523056684829e-06 4.686159124134999e-06 1.5338644842364903e-06 1.0791636957627497e-06 1.4909748656593408e-06 1.7119911769058054e-06 5.0584460003317666e-05 1.5884357723227448e-07 4.047993706624428e-07 2.9274899198593197e-07 4.471285403286981e-06 3.7208341612532067e-06 5.060359258931643e-07 1.2479637464934794e-06 1.0032258162932596e-06 1.4829542026441943e-06 2.2000191433271893e-05 0.00010758526872704757 1.2707722621128996e-05 3.097665156509409e-05 1.0674856063766747e-05 3.0225206332878605e-05 6.474614509046036e-07 0.0002694371954772609 8.960371142596995e-07 1.3776283889282467e-06 1.2830396127404368e-06 4.228409924578915e-06 5.047984418170974e-06 8.639956419197983e-06 2.641740240974723e-05 5.330943047230197e-06 0.0 3.637660236969194e-05 4.905297982318623e-05 6.349322629126749e-05 4.305004363481577e-05 1.8171655367746836e-05 0.0009471388510984539 0.0007432658508228206 4.657390047285415e-05 0.00033575998600866364 1.8715960578564606e-06 7.222726283109127e-07 4.6372550711359044e-07 1.3805422793025673e-06 4.4384328555818914e-07 3.08247482400076e-07 2.900877928352663e-07 1.57291016489149e-07 7.137211393035299e-07 4.706443763454819e-07 1.4119506297409652e-05 5.824699101909172e-06 2.591679307733254e-06 2.6440627210493677e-05 3.604690980883267e-05 4.810785553992507e-08 9.56649703379433e-06 4.589575286089344e-06 9.740721404665403e-08 1.6450605645914156e-07 1.1787370811219022e-06 2.101004705983565e-07 1.7758078758525036e-06 3.405198305310124e-07 3.614791344688239e-07 9.572663944911696e-07 3.892516746288443e-06 7.087358964276469e-07 2.3342497706366947e-06 6.356856313581891e-06 7.425479287945933e-06 4.611831807831507e-06 3.055920068934303e-06 8.801277864242103e-07 1.9099579220924563e-07 0.0 0.0 0.0 0.0 0.0 0.0 0.0 0.0 0.0 0.0 8.73628697230651e-07 0.0 2.3496030596526946e-07 0.0 0.0 0.0 1.292718009918788e-07 1.781255372352113e-06 1.053717957480816e-06 0.0 0.0 0.0 3.862848619271765e-06 2.195128632204774e-06 6.644056484018911e-06 7.602563392062999e-06 3.3894674545136283e-06 0.0 0.0 0.0 0.0 6.754379836324569e-08 2.926483898520047e-07 0.0 5.224977610296356e-08 5.430672320830082e-07 0.0 0.0 1.2441619683806892e-07 4.306169089355309e-07 9.714494342523586e-08 0.0 0.0 0.0 3.5157626437628515e-08 0.0 0.0 2.7780981965846277e-07 5.626328413145227e-07 5.666634609037237e-06 2.791677746591678e-07 0.0 0.0 0.0 0.0 0.0 0.0 0.0 0.0 4.334369122906891e-06 3.3892403206556177e-06 0.0 9.179500051004082e-08 1.0952264508504674e-07 2.0647275081969544e-06 0.0 3.701221199526583e-06 2.0224703175225494e-07 1.5007249114418357e-07 1.1716236153762973e-06 2.1156754890569406e-07 2.7125443227657217e-07 0.0 0.0 0.0 0.0 0.0 4.704321960688865e-08 0.0 0.0 2.01561937772592e-06 7.640975315881463e-06 9.697170158556876e-06 8.748835560086267e-05 3.0396142820028198e-06 0.00012164074988286024 3.486719644434136e-05 9.983849337726981e-06 5.641972917083724e-06 3.932591587727152e-07 1.2941609726921224e-05 6.5545587270692456e-06 3.194598721632679e-07 2.298111046520897e-06 8.722871662519941e-07 2.1578100579027528e-06 0.0 0.0 2.1207356813378022e-07 4.842390251322695e-06 4.044127524442412e-07 2.8264421452112225e-05 4.476019717622231e-06
6.0506265402863965e-06 0.0008967941078243424 0.00035908687914370683 1.1896840975724161e-05 0.0017394422604860187 2.2525578477867017e-06 0.0008711776634037833 0.00013249058605938237 0.0 0.0001982218518951349 0.001246082834809684 4.9590703264825286e-05 0.000249666745335184 0.0004418402479072988 5.714590144769764e-06 6.6634533801833315e-06 0.0 1.9951703874411392e-07 5.518442491534008e-08 3.777206065419142e-08 1.4710826740242513e-07 0.0 0.0 0.0 0.0 5.3362493598953984e-08 0.0 0.0 0.0 0.0 9.942059171917772e-06 1.2413882596032054e-05 6.575278733713353e-06 0.0 0.0 4.9799400608978893e-08 1.5707278864092137e-06 9.636705264431889e-08 4.3582376382646237e-07 6.377595728196609e-08 1.1000571559530588e-07 0.0 0.0 2.8878000816151044e-07 4.689282859923069e-08 1.860918542411598e-07 1.7225365987925586e-05 0.0 6.804582156124372e-08 5.108408275312605e-08 8.267205766640857e-08 0.0 5.345778922641321e-08 5.6747903218729396e-08 3.373819102204355e-07 3.909236683747049e-07 3.2426267057906124e-06 1.3856355518833152e-05 3.258006256630217e-06 8.427839992949356e-06 0.0 1.1678044473034703e-07 0.0 1.7853977589648504e-05 1.9001356862883468e-07 6.954301621543472e-08 5.055950151922643e-08 1.2345414413470784e-07 3.298152811274018e-08 0.0 2.0175348850540464e-05 1.3710202287240607e-06 0.0 7.4609303103571235e-06 9.718389124468286e-06 2.0419723517303407e-05 8.078065772026085e-06 3.372381014341629e-06 9.630747521956433e-06 6.63017631995901e-05 5.539078987609367e-07 2.19879671404069e-06 6.394968676650583e-07 3.686744434634622e-08 2.3435634862331477e-07 3.603055105835228e-07 4.228391085711896e-08 0.0 1.2130439684425735e-07 0.0 7.56906577927918e-08 0.0 8.440699303907502e-08 8.650265395461463e-08 6.008150287796281e-08 4.9634573239707844e-05 2.4581262843848917e-05 0.0 1.5682726904539911e-06 2.360082210195192e-06 1.084684649693055e-06 1.5318877259806625e-06 3.543636430220541e-06 1.8686229807085483e-06 5.102054347526126e-06 2.5618242009622924e-06 1.0062242856129625e-05 4.19096696268905e-06 1.6291044539796564e-05 9.729467894860497e-06 3.1129618757054713e-06 1.952490818232162e-05 3.078738196867208e-05 1.0403734198788575e-05 5.4246254321221985e-06 8.420035490859716e-07 4.635513275757773e-07 0.0 0.0 0.0 0.0 0.0 0.0 0.0 0.0 0.0 0.0 2.112191190766486e-07 0.0 0.0 0.0 0.0 0.0 5.331692839674836e-08 2.832027172823047e-06 2.0470596779476096e-06 0.0 2.272565628975726e-07 0.0 3.852038115084226e-06 2.619832517902255e-07 3.239000073153624e-06 2.8054005753496018e-06 8.644707806640997e-07 0.0 0.0 0.0 2.0813734621885708e-07 6.093616727158881e-08 0.0 0.0 5.69069289121874e-07 8.9963052662808e-07 0.0 0.0 9.434795000499394e-08 0.0 0.0 0.0 0.0 0.0 0.0 1.0384767634150706e-07 1.4423878864194747e-07 0.0 0.0 1.0444583584063829e-05 6.222750577440006e-07 2.738197451625369e-07 0.0 0.0 0.0 0.0 0.0 0.0 7.011577129935732e-08 5.893684205877613e-06 0.0 0.0 0.0 0.0 2.9707080096487234e-06 1.4291602577689136e-07 5.504872041031961e-06 0.0 5.071848199202065e-07 1.4234060759578074e-06 3.937837769214424e-07 1.0283902205215536e-06 0.0 0.0 0.0 0.0 0.0 0.0 0.0 4.785123596336594e-08 8.810542556947497e-06 7.384974105751962e-06 7.090944873706138e-06 4.3739539698441756e-05 1.609985473555838e-06 3.9727603955519034e-05 1.360901728664287e-05 7.083552836366491e-06 3.5833074572838567e-06 7.276447047414919e-07 6.8746892247531236e-06 5.516018805460382e-06 0.0 2.4135448506451995e-06 4.803556769401704e-07 7.059187539716279e-06 0.0 0.0 5.179598212722991e-07 9.396630390644697e-07 2.182806979558208e-07 3.116352496160787e-05 1.3197393927084184e-05
0.0005950284438649957 0.0005328584178702626 7.988192571284158e-05 0.0012260533803716512 0.00035181996747312317 0.00019875952965467481 0.001315073611996494 3.562235162595974e-05 0.0001982218518951349 0.0 7.721417638286095e-05 0.001128678748037841 0.0023488098010752347 0.00020690202079578254 5.36392493218627e-06 3.815024257302896e-06 9.56600506373438e-08 0.0 8.205313443809614e-08 0.0 5.4238685489544236e-08 0.0 0.0 2.9978036223118177e-08 1.0803723856580388e-07 4.380236229953848e-08 0.0 0.0 0.0 1.1140580887172068e-07 9.39271578851381e-06 1.9065990022453457e-05 3.88917518533139e-06 0.0 0.0 0.0 2.140527772265373e-06 3.8614027577615935e-07 5.617185963891444e-08 0.0 4.874550381453952e-08 6.298639218681941e-08 0.0 1.2815771149479574e-07 3.1467023788262174e-07 0.0 3.3389475466079955e-05 0.0 0.0 0.0 0.0 0.0 0.0 0.0 2.3597453777744856e-07 7.850368024642641e-07 1.657012323590049e-05 3.456943017048542e-05 8.845104578022915e-06 1.6672259756170782e-05 1.38019163150763e-07 4.249268881710358e-08 0.0 1.679936042080585e-05 4.638699917488317e-07 3.579233998344845e-08 3.7691041836307955e-08 6.125947963668552e-08 2.5920780432436166e-07 0.0 0.0002255052407622241 4.653852445214392e-06 0.0 1.4452789917317039e-05 9.941665075370743e-06 2.5000259967907577e-05 7.816921375854564e-06 2.8130623001147787e-06 1.8977386404153069e-06 1.0710869837343578e-06 0.0 2.900022919420646e-07 1.7437026226887158e-06 2.637059929648402e-07 1.8155971626422832e-07 3.6676506092048264e-07 0.0 8.53306604741994e-08 9.210324239676829e-08 3.0010830125467145e-07 1.47187972667693e-07 0.0 0.0 4.626686694378852e-08 5.85658969535044e-08 0.00018166461820036007 4.2592822874093065e-05 0.0 1.4639979895392346e-06 0.0001341000231047257 3.4714768048899507e-06 2.0924024095608333e-05 5.7810302571572164e-05 4.6227977025248584e-05 2.1134863219602103e-05 0.00012611422323413176 0.0001416152218969907 3.9788011093319994e-05 0.0002106222948729664 9.307883883044871e-05 9.917539762014784e-06 8.521008343173706e-05 0.00011027930575177437 3.638572446349454e-05 9.742680080808176e-06 2.150054917090089e-06 6.341477461047774e-07 0.0 0.0 0.0 0.0 0.0 0.0 0.0 0.0 0.0 1.4562590635645956e-07 1.053816707720892e-06 0.0 0.0 0.0 0.0 2.8077789484723453e-07 0.0 1.1251453415215516e-05 3.2825629720427325e-06 0.0 2.006553529815648e-06 0.0 6.544385034420227e-06 4.618140530335351e-06 1.1391958170605797e-05 8.969170711550817e-06 1.6407000190381292e-06 0.0 0.0 0.0 9.939147524119228e-08 1.899349708083949e-07 7.263354157885113e-07 0.0 7.366525502288912e-07 4.595984490753921e-06 1.2569370827695403e-07 0.0 0.0 0.0 0.0 0.0 0.0 3.478849354276857e-08 1.861624876875441e-07 1.0260695298931769e-06 1.0439363741306052e-06 0.0 5.871805372041608e-07 3.746336608708552e-05 1.174455121084113e-06 3.889806994910771e-07 8.054510220576778e-08 0.0 0.0 0.0 0.0 0.0 0.0 7.481592702184045e-06 0.0 0.0 0.0 0.0 7.226490771093565e-06 0.0 1.794184595687009e-05 4.232294121196804e-07 1.3519087518541993e-06 5.441035008167729e-06 2.2354227907867487e-07 1.126090024568031e-06 0.0 0.0 0.0 0.0 4.372864646504933e-08 0.0 0.0 0.0 2.479839915753913e-05 1.5023182618389693e-05 1.578965191165496e-05 0.0001385417866929152 2.8344215423710855e-06 0.0001198409852467546 2.748412467040031e-05 0.00024002970430886137 1.05159397735528e-05 1.061162241606464e-06 1.6312496146027775e-05 5.319759116645721e-05 8.432819772430752e-07 7.591210116860259e-06 2.418060992196836e-06 0.00020620205954464762 3.659713459834662e-07 0.0 1.6892771727813814e-06 1.7281026718709028e-06 5.51382346220537e-07 0.0003563054068457446 3.291105926341973e-05
1.9349331467503636e-05 0.0006580436061302868 0.0017660481622596958 4.83950050324563e-06 0.0006248070481472761 8.686322137897623e-07 0.0005091430244083798 0.0007564436649623035 0.001246082834809684 7.721417638286095e-05 0.0 2.9096300448337193e-05 0.0005757224990465367 0.0009669394040488714 1.0050583772342543e-05 9.099082532594986e-06 2.769012657690065e-07 4.7406467662981404e-08 5.241853223735441e-08 5.214754756325676e-07 1.5832778480358023e-07 1.5718858584076108e-06 8.239824347077511e-07 4.21408160651369e-07 2.5278166498261896e-07 2.036367458096418e-07 1.7257796955994502e-07 0.0 2.3747191700577757e-07 0.0 6.896789999761392e-05 2.7416033351314044e-05 8.289936354751579e-05 2.685767045118469e-07 4.7470019922560555e-07 2.839436581665316e-07 1.6259360620170107e-05 2.30823249546015e-06 1.5715734759077203e-06 2.9100836250110765e-07 5.544399921622536e-07 2.1123577996884046e-07 5.530802129538179e-07 2.0395806785028358e-07 2.1554322046638316e-07 3.216889771043597e-07 2.5675513866523484e-05 1.32681236011953e-07 0.0 9.113552634360564e-08 1.9293110126614555e-07 8.08694580299914e-07 5.841802845906609e-08 4.624682465338814e-07 4.4815642324412507e-07 9.18613352247506e-07 9.756632076815863e-06 3.084112282694903e-05 5.880623481467592e-06 1.7854960240825665e-05 3.9297105700068125e-07 4.954403207592724e-06 0.0 4.292889073642401e-05 5.179629621088809e-07 2.955701646182544e-07 3.955429314972526e-08 3.323207766114702e-07 2.541851359657595e-07 1.0568871692602584e-06 3.34043200626191e-05 6.373387130226208e-07 5.602700585539711e-08 1.8553364073841397e-05 2.32508166342436e-05 3.382397079446285e-05 1.5096723858049245e-05 6.043189282282937e-06 5.701691832373385e-05 0.0001277796203126045 3.0712715491237504e-06 2.7572552208049262e-05 1.2360580224382325e-06 2.933450495547794e-07 2.619994697044861e-07 5.512153650741067e-07 3.81544613533393e-08 0.0 1.846201277417798e-07 0.0 1.217730275044521e-07 2.950095022166077e-07 7.033756204369586e-07 3.643021343851127e-07 2.589271962623313e-07 2.0124061720854338e-05 2.093977403752317e-05 5.079937099276039e-08 5.541617694133336e-06 2.942664627244315e-06 1.980509417559435e-07 5.207274058798834e-07 8.131148109769648e-07 3.81877093080678e-07 2.22493589120669e-06 3.2332431934838673e-06 1.3903180793297867e-06 2.071827607698731e-06 5.563495352847333e-06 5.488356420991672e-06 2.4229284429340713e-06 4.688875926244744e-06 1.6539776925052256e-05 5.33832903361435e-06 2.5309083435438994e-06 4.046001198042156e-07 2.048459402075748e-07 0.0 9.017512557877979e-08 0.0 0.0 0.0 0.0 0.0 0.0 9.103381061237898e-08 0.0 6.161855631725904e-08 0.0 0.0 1.1902303896469235e-07 0.0 0.0 0.0 1.8770929279379897e-06 8.995614712905758e-07 0.0 0.0 0.0 1.622644739986961e-06 3.983501780108615e-07 2.8268901330998212e-06 2.249939802069505e-06 5.506300651012703e-07 0.0 0.0 0.0 0.0 0.0 0.0 0.0 1.643694777494787e-07 6.622715443848849e-07 0.0 0.0 0.0 9.903405357538963e-08 0.0 0.0 0.0 0.0 0.0 6.092440374652574e-08 0.0 4.21164664296023e-07 0.0 5.525643085501465e-06 1.9807299836543677e-07 0.0 0.0 0.0 0.0 0.0 0.0 0.0 0.0 3.394482490731623e-06 4.5088933252364693e-07 0.0 0.0 0.0 1.9696659638120224e-06 5.226072504083087e-07 2.731560854698986e-06 1.5165331634031102e-07 1.8253784845124653e-07 1.2583335706977926e-06 0.0 3.173757563600614e-07 0.0 0.0 0.0 0.0 0.0 0.0 0.0 0.0 3.924126716286506e-06 4.558530500559309e-06 4.35042354754851e-06 5.9265200474698504e-05 2.0774985988695964e-06 6.490716122834656e-05 1.9262517781516576e-05 6.913501619078843e-06 3.1298609269838464e-06 0.0 8.675860777225794e-06 3.440277401604497e-06 3.277894076934471e-07 4.812657627949724e-07 1.99679125599651e-07 3.5573731850971785e-06 0.0 0.0 1.0658421004185233e-06 5.553362811002388e-07 1.3976446543751483e-07 2.101891185421361e-05 6.525467717238621e-06
