0.0 0.0005116326884035342 7.700191423812588e-05 0.0004284648891743323 1.9073689695899172e-05 4.622769968619535e-05 0.00032633080663803116 2.0902611006100225e-05 2.6416790621757946e-06 0.0007348825516990182 2.4116076182551377e-05 5.822228994127682e-05 0.000195140723205557 4.86622347147007e-05 9.75720212265377e-07 0.0 0.0 4.317934112166226e-08 0.0 0.0 6.877092082515381e-08 0.0 0.0 0.0 0.0 6.393192358425351e-08 0.0 0.0 0.0 0.0 0.0005781184347344451 8.075776617429423e-07 3.685423484780808e-07 0.0 0.0 7.827399734300403e-08 2.3140643524817638e-07 1.5596590830000546e-07 4.0107154492964843e-07 0.0 0.0 5.2792511278453037e-08 1.4124378699108915e-07 0.0 0.0 4.4539537796132324e-08 1.4708839666060269e-05 5.464769884400102e-07 1.6743460581981107e-07 9.300376224417443e-08 0.0 5.874316444540179e-08 0.0 0.0 1.2492394206497222e-06 7.212601845693379e-07 0.0001532310111477781 0.0003487128033215177 7.06042213658948e-05 8.581674762892501e-06 1.2648301094420234e-07 1.6246751085632677e-07 4.109266264529106e-08 2.900733838250617e-05 1.0017662174089874e-06 4.860851881305999e-07 9.112264272772403e-08 2.2525085607737243e-07 0.0 0.0 3.693196851535792e-07 8.907819463586924e-07 0.0 0.00020543260864986298 8.344611023333144e-05 7.140995718471083e-05 6.6938414111259485e-06 1.5066463474287458e-07 4.774916916879869e-08 1.7739399072953774e-06 1.2172858181576134e-07 3.4250092208682793e-07 4.4004881732307375e-06 4.695319545359123e-08 5.654062909854549e-07 8.598447195465245e-07 3.2270285958013063e-07 5.156970308519052e-08 1.3043371912325306e-07 0.0 4.137556809612745e-08 0.0 0.0 5.141543947706469e-08 0.0 6.765834115339929e-06 9.511210928667402e-08 0.0 0.0 0.0007353924063455037 5.5796287571401836e-08 4.805468558701671e-07 1.672234960942998e-06 2.2010775120818722e-07 7.651141754239749e-07 8.735409634315211e-07 1.280691137101286e-05 4.824617356344972e-06 3.4271897804247177e-06 4.675454063777696e-06 2.359133741131749e-06 4.513257946715107e-06 6.935127964826205e-06 3.7954015407616874e-06 2.427853381411098e-06 0.0 0.0 0.0 0.0 0.0 0.0 0.0 0.0 0.0 0.0 0.0 0.0 0.0 0.0 0.0 0.0 0.0 0.0 0.0 2.0969011239951924e-07 1.1743109292481314e-06 0.0 0.0 0.0 6.942564724805209e-07 2.1036205263635335e-07 6.129269445070879e-07 0.0 0.0 0.0 0.0 0.0 0.0 0.0 0.0 0.0 0.0 6.717076347337355e-08 0.0 0.0 0.0 1.5370299412658837e-07 0.0 0.0 4.103638137641801e-08 0.0 0.0 0.0 0.0 0.0 9.322265769944208e-08 2.258857247066995e-06 0.0 0.0 5.568610879801967e-08 0.0 0.0 0.0 4.336845062687266e-08 0.0 0.0 1.0405114754998486e-06 0.0 0.0 0.0 0.0 1.1154268784064227e-06 0.0 1.6137784996848263e-06 0.0 0.0 0.0 0.0 0.0 0.0 0.0 0.0 0.0 0.0 0.0 0.0 0.0 6.797011210291971e-06 1.8543992206190557e-07 2.8435325825422226e-07 0.00022318584587841287 3.25583664724477e-06 4.2321160765642454e-05 1.684976663403415e-05 0.00035787955842293145 3.474602709265785e-06 4.490558402499253e-06 3.2205383642451806e-06 1.4274955626869489e-05 0.0 1.2461232594909056e-07 1.198085477162188e-06 8.41549226631984e-06 0.0 1.1997736561235572e-06 8.574702459411731e-07 1.390283112091141e-07 0.0 9.457919877502108e-05 6.776894000972811e-06
0.0005116326884035342 0.0 0.0011594740666519446 0.00016455837835068645 0.0007471913482224407 1.792348167070324e-05 0.0014861018662847998 0.0005227200651172716 0.0005507846379303806 0.0011692749883085577 0.0008210145671746509 0.00022408203966575927 0.0009791158488083795 0.0008550541455767045 1.5076617359193146e-05 3.5459121466607044e-06 2.3328135845787947e-07 4.176901506709699e-08 4.538748423716987e-08 2.337066901279659e-07 6.197777019157775e-07 4.3062525563335094e-08 2.4142130301377415e-07 1.6430164356402512e-07 5.2565994439916005e-08 8.316836158290484e-08 5.631104001711703e-08 0.0 0.0 0.0 0.0010425701136264542 9.660771197953627e-05 3.638169028150478e-06 2.1416124371839317e-07 1.5056194039735577e-07 3.6846731542307746e-07 1.6865543186118394e-06 3.2261381265574534e-07 5.292399846226075e-07 2.42211198870153e-07 6.546973291282451e-08 1.1613102929747259e-07 6.679134628822509e-07 3.629665126453874e-07 2.0163363661133832e-07 2.9419713904617174e-07 0.000122729147100827 1.9188666065273108e-06 6.156999731499035e-07 6.920760646854783e-07 0.0 0.0 2.235707722909472e-07 7.788890095030331e-08 3.154815441503126e-06 1.3238102955757525e-06 9.8932353064889e-05 0.00032524988804682754 5.9006548542875555e-05 3.1846070267201705e-05 1.841303174547132e-06 1.786797321527579e-06 3.1548776007499646e-07 0.000174104996038438 2.0424860687083235e-06 1.645347387038473e-06 4.4522022310153545e-07 4.786917319703754e-07 7.644950333469046e-07 4.1974843866182605e-07 1.673300703494558e-06 1.472235820475373e-07 0.0 0.00026674199887143064 0.00022942647309043366 0.00029037065433225453 0.00010850757739080122 5.541953664890342e-06 3.968578183351625e-06 0.00010309416284836545 1.670662316821835e-06 4.176587108918476e-06 1.1663143784829227e-05 8.954490534605646e-08 1.773722307364221e-06 1.7828685484224741e-06 1.1811650254075292e-06 5.3036547304466276e-08 7.489442652047047e-07 0.0 3.580892049057804e-07 7.873641061464063e-08 1.6860305752287946e-07 2.0467706704657165e-07 3.829518413115602e-07 1.9023469825295565e-05 1.0721144462421034e-06 0.0 3.301350260007875e-07 0.0003973952778354319 0.0 1.812307864347188e-07 8.665092805285043e-07 3.2489015956344334e-07 1.0306074194636987e-07 1.1537040821435188e-06 4.255679129797054e-06 3.3643463487954106e-06 1.9723314429983343e-06 3.192140720034047e-06 6.198770952658619e-06 5.601150259073047e-06 1.0690143410688169e-05 4.546257233344042e-06 6.57204941895721e-06 0.0 0.0 0.0 0.0 0.0 0.0 0.0 0.0 0.0 0.0 6.269626009031392e-08 0.0 4.149326127950228e-07 0.0 0.0 0.0 0.0 0.0 0.0 0.0 9.198568461570127e-07 0.0 0.0 2.5050508130239704e-07 7.922187829305455e-07 1.149877400039847e-06 1.376142099972898e-06 0.0 0.0 0.0 0.0 0.0 0.0 7.199334087154307e-08 0.0 0.0 0.0 5.9274462584761365e-08 0.0 0.0 0.0 9.943502894576859e-08 5.6374716877914295e-08 3.792662010670882e-08 0.0 0.0 0.0 4.791512950889681e-08 0.0 0.0 0.0 5.5444401124953445e-06 0.0 0.0 0.0 0.0 5.479803072152529e-08 5.439000355206243e-08 0.0 0.0 0.0 1.7777234595506508e-06 0.0 0.0 0.0 0.0 1.9324753618183524e-06 0.0 2.1217399153543376e-06 0.0 2.0579402721847975e-07 3.572604988485378e-07 0.0 0.0 7.080379803594989e-08 1.4872090069539783e-07 5.643776078264605e-08 0.0 0.0 4.297292341433083e-08 7.145310731731608e-08 0.0 9.209804690243476e-06 3.2025318635238994e-07 1.1152917626446555e-06 0.00014562539845265035 8.586443990607784e-06 0.00011154355820705341 3.0512447279651595e-05 0.00012338036211296627 5.906742905929756e-06 1.6528260294612325e-06 1.9130113361379492e-05 5.9164949303607505e-06 9.138618934684675e-08 9.590432154016306e-07 5.721044504598753e-07 6.742255191566616e-07 0.0 0.0 2.3228920537731376e-07 1.692414769987195e-06 1.2314660328354507e-07 4.9854751573950225e-05 8.701998896631661e-06
7.700191423812588e-05 0.0011594740666519446 0.0 1.0155577711520707e-06 0.00028932646634440294 5.480538707757646e-07 8.999232555787459e-05 0.0013027599546338571 0.00020175081829218217 9.549080039718529e-05 0.0011239452975537348 1.7269536152724008e-05 0.0001181876100762674 0.0003808689209840672 4.721532699023516e-06 2.1307837915003468e-06 1.066282340934293e-07 1.4164892329103606e-07 0.0 3.349636923622781e-07 7.864509615291155e-07 0.0 3.6466198355675214e-07 1.2799280363850172e-07 5.009889826363301e-08 1.0681129535179069e-07 0.0 0.0 0.0 0.0 0.0012336284249796707 0.0002966565220272424 2.3263400171642315e-06 2.2752508572852355e-07 5.695845783328131e-08 3.344438947755255e-07 2.4541144694675925e-07 2.57146489417767e-07 2.7647426186623363e-07 1.9790699858100385e-07 8.392186061476353e-08 1.1943867262137137e-07 1.0453728260839076e-06 2.855650100745729e-07 9.106342617136551e-08 3.4551040979035684e-07 2.6275758105137357e-05 2.9397302447948596e-07 2.1040875813129846e-07 2.5084072568903766e-07 4.936870756127738e-08 0.0 0.0 0.0 5.113258325614455e-07 4.935615578339192e-07 2.383841437295668e-05 0.0001528671930316122 1.4748336061627613e-05 6.106893067493735e-06 2.7052252045903175e-06 1.9058671066136258e-06 6.196321479311739e-07 0.00022183399789814942 3.097141162180627e-07 4.1479882216934597e-07 0.0 1.309841947209507e-07 8.472801566888333e-07 7.679897096359385e-07 2.3838581599208903e-07 0.0 0.0 5.895422706565636e-05 6.283606544578019e-05 6.510978454568522e-05 4.055024440803945e-05 2.986824719003489e-06 9.644436861294806e-06 0.00013575157342350771 2.5350435176248825e-06 7.050976606882487e-06 1.9919043989370264e-06 0.0 3.8265372640766236e-07 2.7054228645546594e-07 3.0815589313100207e-07 0.0 1.7326171410605115e-07 0.0 5.152160582720064e-08 0.0 2.5213782663781156e-07 0.0 5.0784123174849606e-08 3.043490488328148e-06 0.0 0.0 0.0 3.185037131471231e-05 0.0 0.0 0.0 0.0 0.0 1.8520511386905912e-07 1.5132030171627737e-06 3.714709954770923e-07 8.381707233213177e-07 6.252491629231053e-07 6.022733759518432e-07 1.27004983901012e-06 1.6255908220197955e-06 1.111570554711094e-06 9.393434202494906e-07 0.0 0.0 0.0 0.0 0.0 0.0 0.0 0.0 0.0 5.7541613952049726e-08 0.0 0.0 0.0 0.0 5.5835997236148306e-08 0.0 4.050406532525707e-08 0.0 0.0 5.637678971649167e-08 2.944979782521998e-07 0.0 0.0 0.0 1.1169007258588921e-07 1.7952803097635362e-07 7.673648265363083e-07 0.0 5.198631032576473e-08 5.540639773949095e-08 5.464677272933665e-08 0.0 0.0 0.0 0.0 0.0 0.0 7.133020279566786e-08 0.0 0.0 0.0 0.0 0.0 0.0 0.0 0.0 0.0 0.0 0.0 0.0 0.0 9.416619457207406e-07 5.207370638228305e-08 0.0 0.0 0.0 0.0 0.0 0.0 0.0 0.0 5.936831146180104e-07 0.0 0.0 0.0 0.0 6.293736082884169e-07 0.0 3.2260905993300724e-07 0.0 0.0 0.0 0.0 0.0 0.0 0.0 0.0 0.0 0.0 0.0 5.034109094391142e-08 0.0 1.3802634545878304e-06 5.1250145406509305e-08 4.565441254437168e-07 3.06854501554433e-05 1.5721005303507432e-06 2.3743685457493008e-05 7.334476614449812e-06 1.0362774143589187e-05 9.858887069815374e-07 2.9160366634362343e-07 4.166635122191722e-06 1.7207866924924826e-06 0.0 5.46139737603472e-08 4.718808878087928e-08 2.868966867111169e-07 0.0 0.0 0.0 4.404922115604635e-07 0.0 6.055201896067907e-06 1.290760750014311e-06
0.0004284648891743323 0.00016455837835068645 1.0155577711520707e-06 0.0 2.4125989484928177e-05 0.00012820682672012596 0.0004298792969589822 6.35301345484593e-07 3.607761766938584e-06 0.000938660694011925 2.3945465151492607e-06 0.00011198192383059188 0.0004996372405707152 0.00011332519517473364 4.370617932673276e-07 5.379150102482658e-08 0.0 0.0 0.0 0.0 0.0 0.0 0.0 0.0 0.0 0.0 0.0 0.0 0.0 0.0 4.290989303487082e-05 8.990021504840037e-07 5.426928291391538e-08 0.0 0.0 0.0 6.063198307656813e-08 0.0 0.0 0.0 0.0 0.0 0.0 0.0 0.0 5.484203782482233e-08 1.0212386973095882e-05 2.0960498165944616e-07 0.0 0.0 0.0 0.0 0.0 0.0 2.728981600360832e-07 2.8938960453367794e-07 1.5875952648542496e-05 3.3647932513120926e-05 9.846308233983478e-06 5.690738745850191e-06 9.625955869315675e-08 0.0 0.0 1.3680548247646552e-05 1.697222422947608e-07 1.2079732947289828e-07 0.0 0.0 0.0 0.0 3.5415224038679723e-07 0.0 0.0 5.091439991346558e-05 2.846720566817446e-05 2.792006048171154e-05 5.907546319654856e-06 0.0 7.667960692426576e-08 7.824066535838043e-07 3.9351729942127685e-08 1.6456724451423794e-07 1.5937958027833476e-06 0.0 1.886620163765184e-07 3.659688638618143e-07 1.5089963541358896e-07 0.0 7.572223311383042e-08 0.0 4.314575743521141e-08 0.0 0.0 0.0 0.0 7.902976946445265e-06 0.0 0.0 0.0 0.00010151825250733644 0.0 0.0 7.559990232428843e-08 3.213748296588839e-06 0.0 3.3262718723726787e-06 4.553093007091015e-06 4.015177585976531e-06 2.0966978599636966e-06 1.392346682118872e-06 1.3099508304587783e-06 5.160745928465271e-06 2.5778007325732586e-06 1.851221422124542e-06 9.590915310479708e-07 6.07213742402172e-08 0.0 0.0 0.0 0.0 0.0 0.0 0.0 0.0 0.0 0.0 0.0 0.0 0.0 0.0 0.0 0.0 0.0 0.0 8.482224246881359e-08 2.778938601719352e-07 0.0 0.0 0.0 3.29392594446333e-07 0.0 5.001933457573919e-07 0.0 0.0 0.0 0.0 0.0 0.0 0.0 0.0 0.0 1.7328419700162064e-07 0.0 0.0 0.0 0.0 0.0 0.0 0.0 0.0 0.0 0.0 0.0 0.0 0.0 0.0 1.1026883932875975e-06 0.0 0.0 0.0 0.0 0.0 0.0 0.0 0.0 0.0 2.92456421029861e-07 0.0 0.0 0.0 0.0 4.459526013888897e-07 5.034973023898208e-08 0.0 0.0 0.0 0.0 0.0 0.0 0.0 0.0 0.0 0.0 0.0 0.0 0.0 0.0 3.450910434535763e-06 0.0 3.0029655539602137e-07 4.421801485919589e-05 9.795379182377094e-07 1.3425712418017936e-05 3.980957882321692e-06 0.00019530630591148128 9.196421037818945e-07 4.688575898182421e-07 1.7685817232148054e-06 2.831674517101648e-06 0.0 1.1349834663233487e-07 5.224613693994054e-08 2.509246527021369e-06 0.0 0.0 0.0 2.440715677918449e-07 0.0 3.2271681004286115e-05 3.608309322054786e-06
1.9073689695899172e-05 0.0007471913482224407 0.00028932646634440294 2.4125989484928177e-05 0.0 3.4107633416255083e-07 0.0013435421770475766 0.00017856959126050077 0.0011748241597084193 0.00030327646759442954 0.0008122731655266362 4.296032730361029e-05 0.0006008428545530493 0.0012990341155532418 3.338905853113727e-06 1.222464598059314e-06 0.0 0.0 0.0 8.134268679690161e-08 9.575213151091408e-08 0.0 5.3773519150167875e-08 9.451555744859939e-08 5.046275176241318e-08 0.0 0.0 0.0 0.0 0.0 6.151788865166608e-05 2.31340741959623e-05 4.435968425546937e-07 1.5285141281504547e-07 0.0 0.0 9.576819230839122e-08 1.301099454389653e-07 2.3286732375803964e-07 1.1298909461184462e-07 0.0 4.5570412241622755e-08 8.669485964559928e-08 2.69831036315611e-07 5.0430500615047785e-08 4.830407916045296e-08 2.6040807956161805e-05 2.404144438838015e-07 0.0 4.458271576399843e-08 0.0 0.0 0.0 0.0 1.8855936644896906e-07 1.5196097318317186e-07 3.5835520709831785e-06 1.3810206514156516e-05 2.8935563959298876e-06 4.473648422280909e-06 2.392118458666684e-07 5.216510042620755e-07 0.0 2.0494888988087924e-05 1.2675422336456395e-07 1.657574203058967e-07 4.0066052324874073e-08 0.0 8.799536227053856e-08 4.921320025000513e-08 2.5176563736675244e-07 0.0 0.0 2.174586752030406e-05 2.5405687073484354e-05 4.283747194895285e-05 2.0176977332013497e-05 8.27223337300726e-07 6.38753025179137e-07 1.1153612812087435e-05 3.18764836432874e-07 7.435498989864652e-07 1.5173499972446194e-06 4.526898819899605e-08 3.465139597816006e-07 3.241264332941038e-07 9.566458369299991e-08 0.0 0.0 0.0 8.502051688173392e-08 5.37347718747609e-08 0.0 5.9228908255526174e-08 8.370604110388471e-08 4.785479702508419e-06 3.6795111569185554e-07 0.0 0.0 2.643746485462381e-06 0.0 0.0 8.692931249468966e-08 0.0 3.479829582723978e-07 4.0364867922241006e-07 1.411211741474408e-06 1.2513363855875335e-06 1.0452128436622066e-06 8.273102151475998e-07 1.0972424207917765e-06 2.0664913087500518e-06 2.870590628912249e-06 1.9745425065953372e-06 2.1942519322589033e-06 0.0 0.0 0.0 5.330609997336691e-07 0.0 0.0 5.984524459752234e-08 0.0 0.0 0.0 0.0 0.0 0.0 0.0 0.0 0.0 0.0 0.0 0.0 0.0 6.685323421530018e-08 0.0 0.0 0.0 1.3587228122116007e-07 0.0 4.083964530584188e-07 0.0 0.0 0.0 0.0 0.0 0.0 0.0 0.0 0.0 0.0 0.0 0.0 0.0 0.0 5.311259086827607e-08 0.0 0.0 0.0 0.0 0.0 0.0 0.0 1.7361779816166354e-07 0.0 7.074546391658574e-07 7.819681371797666e-08 0.0 0.0 0.0 0.0 0.0 0.0 0.0 0.0 9.252919436532973e-07 0.0 0.0 0.0 0.0 9.01412495301236e-07 0.0 5.509248410413606e-07 2.0370042324036164e-07 0.0 0.0 0.0 0.0 0.0 0.0 4.140915918557321e-08 4.698881126214739e-08 0.0 0.0 0.0 0.0 2.6204689931346857e-06 0.0 3.0951371344410307e-07 2.5100342893346123e-05 8.437587370806531e-07 1.695329012608843e-05 4.9253554086354495e-06 7.717621448137417e-06 9.852035523987728e-07 9.37651158536423e-08 4.197628515526342e-06 9.578422941628466e-07 1.4118173138617916e-07 4.3757359191807e-07 0.0 4.47338153320958e-07 0.0 0.0 0.0 2.85999125398131e-07 0.0 7.753516730856273e-06 2.572898450830292e-06
4.622769968619535e-05 1.792348167070324e-05 5.480538707757646e-07 0.00012820682672012596 3.4107633416255083e-07 0.0 1.4052971146120835e-05 1.59623065521526e-07 0.0 0.0002514423829618418 4.877414564823702e-07 2.6428300220824677e-05 2.769471326084931e-05 1.063663573308555e-05 1.254498045553124e-07 3.2674243331019115e-07 0.0 0.0 0.0 0.0 0.0 7.92636624990672e-06 0.0 8.303038456360116e-08 0.0 1.780131635290372e-07 0.0 6.928826431909073e-08 2.3390085958020356e-07 0.0 1.005832928297523e-05 0.0 4.348327799986936e-06 0.0 0.0 3.0121374575003546e-07 5.119419804972207e-06 9.241987396920848e-07 6.992859458194939e-06 1.5749098077581801e-07 8.494216358350933e-08 2.3477085954310532e-07 0.0 0.0 0.0 0.0 1.6443593722320676e-06 0.0 6.759071316615375e-08 0.0 1.236747255380843e-07 1.6029455495298447e-05 1.0746653147088916e-05 2.364328356039582e-06 0.0 0.0 5.780802125867812e-05 5.854597101779955e-06 3.122179334700433e-06 1.5657215806142426e-07 7.477345566109518e-07 1.6745259435716515e-06 0.0 8.759158145896134e-07 0.0 0.0 0.0 0.0 6.489186993542335e-08 0.0 4.345716459786e-05 9.972131139118525e-05 1.531754846919685e-05 6.266030962937242e-06 4.033523750910695e-06 3.116685338976571e-06 5.0510119825403526e-08 0.0 0.0 8.278834808651562e-07 0.0 9.295940794041561e-07 1.2155412653899347e-07 0.0 4.884541576092292e-08 9.93445521329146e-07 0.0 3.2844047676229024e-07 3.794324094075161e-07 3.5421872113192014e-06 3.4801724894486344e-07 1.5183906658523877e-06 7.516891476608375e-08 6.475766844352848e-08 1.9935279719617364e-06 6.974234246250892e-05 4.9595776752071296e-05 1.9275056461946668e-05 1.4689208048789838e-05 0.0001868638316275492 0.0 6.692657716656341e-07 1.5350944282442644e-06 4.610386317190481e-07 8.537813335729465e-08 2.6125514567551475e-06 2.2180844522858724e-05 5.935486910362678e-06 5.728003538211129e-06 6.9528894338186566e-06 3.5662054029005406e-06 9.638051718953052e-06 8.137645607643508e-06 4.423488097666934e-06 4.39503039295802e-06 0.0 0.0 0.0 0.0 0.0 0.0 0.0 0.0 0.0 0.0 0.0 0.0 1.3033032149321689e-07 0.0 0.0 0.0 0.0 0.0 0.0 4.5582076770567156e-07 1.8994345258804333e-07 0.0 1.4381003147832472e-07 5.871358577920223e-08 8.443151239697938e-08 2.3049421970674799e-07 7.525332556490097e-07 1.492101054056469e-07 0.0 0.0 0.0 0.0 0.0 0.0 5.3219838055670166e-08 0.0 0.0 0.0 0.0 0.0 5.234385647287369e-08 2.675729377903888e-07 4.831987715161048e-08 0.0 0.0 0.0 0.0 0.0 0.0 0.0 8.297853398718726e-08 1.4698085709192424e-06 0.0 0.0 0.0 0.0 0.0 0.0 0.0 0.0 0.0 1.2083605527961995e-06 9.446134161530876e-08 0.0 0.0 0.0 1.3468505848417456e-06 0.0 4.1000936577044484e-07 0.0 5.8895725364696205e-08 0.0 0.0 0.0 0.0 0.0 0.0 0.0 0.0 0.0 0.0 0.0 7.739940408085972e-06 1.2193278232611447e-07 1.574386341987445e-07 9.300180888253203e-05 2.92646574357355e-07 2.243760752603518e-06 6.129220289184619e-07 0.00010243047655110448 3.5909034522217796e-07 0.0 4.4554578460909617e-07 1.6563458500225102e-05 0.0 0.0 0.0 1.2466247879667964e-05 0.0 0.0 0.0 0.0 0.0 1.8904253797746386e-05 2.2616367518497658e-05
0.00032633080663803116 0.0014861018662847998 8.999232555787459e-05 0.0004298792969589822 0.0013435421770475766 1.4052971146120835e-05 0.0 2.4736750679570163e-05 0.0004390295179635431 0.0010149129073358397 0.00027088470479714446 8.033212797209867e-05 0.0020593799273580064 0.0015720343110942063 5.838902867297718e-06 1.2463454862938873e-06 4.146586242515666e-08 4.033750164107303e-08 0.0 6.30333332549739e-08 2.2892013570307308e-07 0.0 0.0 5.238995122073796e-08 0.0 0.0 0.0 0.0 0.0 0.0 7.561890668579939e-05 1.7580110430324727e-05 1.1638489798133745e-06 2.295011523563098e-07 0.0 0.0 5.650157718989755e-07 1.0777992541600073e-07 9.451307744530144e-08 3.99475525852028e-08 5.417304397996608e-08 0.0 1.5621083638690647e-07 2.8895016275527557e-07 4.306522395498314e-08 5.8091930385356626e-08 5.898627023328249e-05 8.954087367502346e-07 1.8704494688284527e-07 1.90208472403155e-07 4.269200196613279e-08 0.0 0.0 5.4049247397430134e-08 1.1294290473549565e-06 4.429621393823031e-07 1.7550648968340712e-05 4.260468042075829e-05 1.2819446444040289e-05 1.38826755196606e-05 4.765039618968854e-07 2.571789774609698e-07 2.8147328964830177e-07 4.846398177046563e-05 9.872176704204434e-07 8.56504936120184e-07 2.0403558643233252e-07 2.2270623943979322e-07 1.1754615249274546e-07 4.3682667044719705e-08 6.201657965214208e-07 0.0 0.0 9.150459060817811e-05 8.405309343166582e-05 0.0001024386988206654 3.978157434836445e-05 1.5080516875662333e-06 6.968152473458829e-07 9.897429533964917e-06 5.578750243733121e-07 1.462331275841558e-06 4.449176427111024e-06 3.5260416680577076e-08 6.182135416267916e-07 5.026422749841428e-07 5.077760187662528e-07 8.398842464357933e-08 1.2106652457714435e-07 2.187371644303481e-07 8.324300598067487e-08 1.2422550836007117e-07 4.166421456952365e-08 0.0 8.712483299350008e-08 1.3423158318143865e-05 0.0 0.0 0.0 1.5151054943195661e-05 2.1912153903104417e-07 2.931966835068042e-07 2.6079130177511003e-06 2.9070998123877724e-06 0.0 1.713814983842354e-05 6.322953464424198e-06 1.05291164004937e-05 6.621185842746909e-06 3.7053325033753535e-06 2.3378966067412155e-06 2.1647576527984117e-05 9.385527207980132e-06 5.633718732114159e-06 5.621648878093438e-06 0.0 0.0 0.0 0.0 0.0 0.0 0.0 0.0 0.0 0.0 0.0 0.0 3.8012279420619134e-07 0.0 0.0 0.0 0.0 0.0 0.0 1.3803513281375213e-07 3.7280249444175817e-07 0.0 3.7913567886366813e-07 0.0 1.0574974585655316e-06 0.0 1.359685049789698e-06 0.0 5.6220508792250376e-08 0.0 0.0 0.0 0.0 0.0 5.753502528657167e-08 0.0 5.395495174964708e-08 0.0 0.0 0.0 0.0 1.01549213249762e-07 0.0 0.0 5.032474883262729e-08 0.0 0.0 0.0 0.0 0.0 0.0 3.137090051006413e-06 6.055114607354819e-08 4.177273137054642e-08 0.0 0.0 0.0 0.0 0.0 0.0 0.0 1.91911219348076e-06 5.857195168040851e-08 7.081423625878591e-08 0.0 0.0 6.356843579342242e-07 1.0620933192443014e-07 1.4169488034319483e-06 0.0 2.400352809915285e-07 8.044603605229081e-08 0.0 0.0 0.0 9.218594969395536e-08 0.0 0.0 0.0 0.0 0.0 0.0 7.84335878131389e-06 5.096482213753232e-07 3.8342910869250214e-07 6.807818339911128e-05 2.84226211386767e-06 5.107914125050982e-05 1.4447731885882217e-05 3.753848123485772e-05 2.1351824030809917e-06 9.861396722107953e-07 9.66941028722105e-06 4.347962210485847e-06 1.4974988367568636e-07 6.565869213723805e-07 1.500876194083917e-07 2.662773004137104e-06 5.522519463285423e-08 0.0 1.0685350722881989e-07 3.881920882800748e-07 0.0 2.8234314169936507e-05 9.701878520009453e-06
2.0902611006100225e-05 0.0005227200651172716 0.0013027599546338571 6.35301345484593e-07 0.00017856959126050077 1.59623065521526e-07 2.4736750679570163e-05 0.0 9.033241697538409e-05 1.2334771885487047e-05 0.001308544873103993 4.200877619667917e-06 0.00011017652937890089 0.0006032675977327126 2.6308834453241907e-05 2.6605604021977567e-05 2.222434571288599e-06 7.359224378583432e-07 1.3768809151643344e-07 6.188810208188879e-06 1.816937921680388e-05 9.337316798914392e-08 5.137553515056682e-06 4.943725326078811e-06 2.2028258921979243e-06 4.746457912945347e-06 1.6325355086280191e-06 1.4016015214110924e-06 1.0135388967061641e-06 7.13308031785558e-07 0.0006573400666373212 0.000951267959158044 5.546365995331022e-05 6.2520699731479445e-06 3.863251851049174e-06 8.473207413875793e-06 1.3717944195166974e-05 1.291494305748007e-05 4.436988173291064e-06 3.2835017280936767e-06 2.8850924370923703e-06 1.9107557335324638e-06 1.5781307209249535e-05 6.377662981236973e-06 2.1085629952644193e-06 4.98633524363728e-06 5.113797137423506e-05 7.266986171148341e-07 1.2252061750782152e-06 4.201502684140923e-06 1.1790174054769835e-07 1.951720176305755e-07 2.437975829498861e-07 6.761523521667375e-07 5.14549707296336e-07 1.3547140904628655e-07 8.979473676962722e-06 5.197052729235843e-05 6.216988187033269e-06 6.922738375454928e-06 0.00010759961968190063 9.1771076560523e-05 1.3916567859178613e-05 0.0006352602902662961 4.428190246845255e-08 2.916799727137529e-07 1.4530179047700093e-07 1.1664165938546701e-06 1.266773740587871e-05 1.2255227041916748e-05 7.82773221020522e-06 8.142118704457536e-07 0.0 3.689478799498965e-05 5.917722283252592e-05 8.64602021148039e-05 0.0005246552197673099 0.00042807855193604117 0.0008752829502582353 0.0014407084747723115 0.00023271622563722781 0.0006055576932234691 1.5067761737506438e-06 3.599356487940294e-08 4.0177997452843913e-07 3.12796479003576e-07 2.583122419888879e-06 0.0 1.3815070096743543e-07 5.183849842771094e-08 1.1720514093478845e-07 1.286392368563418e-07 4.80172348351249e-06 4.185751520627759e-06 1.3584817855030223e-06 4.193916646470871e-06 5.620353150400225e-07 1.1507378908557749e-07 1.1497738136334404e-06 8.188792977271556e-06 0.0 0.0 0.0 0.0 0.0 9.626659894132488e-08 2.3704005145621391e-07 7.194117936934255e-08 1.91534963241758e-07 7.077425268322743e-08 2.3833945103491027e-07 3.182553512180438e-07 1.1055035042550309e-06 4.893730469505772e-07 2.5091731263267453e-06 1.58483056124937e-07 2.8579426231973257e-07 0.0 2.1586687894178196e-07 0.0 0.0 0.0 0.0 8.684438533697688e-08 0.0 6.857859101715359e-08 0.0 7.835310981835757e-07 0.0 9.795131700256947e-08 1.1528826495287846e-07 1.8571597974244174e-07 2.1304205894651192e-07 1.5831430485575438e-07 0.0 1.6290185197122982e-07 1.1588902909506211e-07 6.352933835635575e-07 8.151406020688464e-07 5.793978033228025e-07 1.5309812465357225e-06 2.035526283691962e-06 1.5988017486641675e-06 4.5087829140179105e-07 5.774273851801392e-08 1.3336080779183405e-07 0.0 0.0 5.938689557009635e-08 5.606213282044694e-07 0.0 0.0 6.122641765809591e-08 0.0 0.0 0.0 9.237579616730996e-07 2.71567423579894e-07 0.0 0.0 0.0 0.0 0.0 0.0 0.0 1.0764604595438482e-07 2.2387087971092756e-06 4.61733121478406e-08 0.0 3.711739873209349e-08 0.0 4.30273798449563e-08 0.0 5.177575434427348e-08 0.0 0.0 5.987218039453575e-07 2.704181160216866e-07 0.0 0.0 0.0 6.329590045786885e-07 6.334518256519556e-07 1.0918717404557809e-06 3.944238701790794e-08 2.8402705638760106e-07 2.062400354533755e-07 0.0 1.458267960706792e-07 0.0 0.0 0.0 0.0 0.0 0.0 0.0 0.0 9.958856150814614e-07 6.444741558916115e-07 1.3472989287215384e-06 7.737892178174161e-05 3.1471926442618023e-06 4.602215468091996e-05 1.5685733645379066e-05 6.953432521227425e-06 2.3500559296570315e-06 1.3350301932423147e-07 9.570910115876668e-06 1.7156132501501187e-06 1.501670424393821e-07 3.6641546803780096e-07 2.0621994742666224e-07 1.317505823669637e-07 0.0 0.0 0.0 2.0330170977880663e-06 0.0 3.0586839287115883e-06 2.08438431045473e-06
2.6416790621757946e-06 0.0005507846379303806 0.00020175081829218217 3.607761766938584e-06 0.0011748241597084193 0.0 0.0004390295179635431 9.033241697538409e-05 0.0 4.7443966622759245e-05 0.00042564498017783173 6.055548811514314e-06 0.000217013694052257 0.0004279499733001012 5.859749053228067e-07 3.7503095507682146e-07 4.9094330360587897e-08 0.0 0.0 0.0 6.368830582745324e-08 0.0 0.0 0.0 0.0 0.0 0.0 0.0 0.0 0.0 1.3091850931658692e-05 4.343361970935582e-06 4.336854390460864e-07 0.0 0.0 0.0 0.0 0.0 0.0 0.0 0.0 0.0 0.0 0.0 0.0 0.0 5.005530161938927e-06 0.0 0.0 0.0 0.0 0.0 0.0 0.0 0.0 0.0 5.871689195673314e-07 2.8308022925387726e-06 4.42736958784349e-07 8.553226963390789e-07 5.549195785326935e-08 7.291986270065277e-08 0.0 4.462513103831298e-06 4.040978078196642e-08 0.0 0.0 0.0 0.0 4.589702497446196e-08 0.0 0.0 0.0 4.427598888208117e-06 4.378613200499465e-06 6.56805548839232e-06 4.134352500993425e-06 4.2986984292730566e-07 0.0 6.311085904642643e-06 0.0 4.459687843357831e-07 2.3580618689003967e-07 0.0 1.274410843376576e-07 8.223262302512074e-08 0.0 0.0 0.0 5.236488467994166e-08 0.0 0.0 0.0 6.980426787094728e-08 0.0 1.3267907857481834e-06 0.0 0.0 0.0 2.725763962649161e-07 0.0 0.0 0.0 0.0 0.0 0.0 3.785124799453819e-07 2.815913192977957e-07 2.8783264735874855e-07 2.595641409909848e-07 2.57323683802655e-07 4.86899384317801e-07 2.678517938030044e-07 4.7609585329447844e-07 5.700438157196293e-07 0.0 0.0 0.0 0.0 0.0 0.0 0.0 0.0 0.0 0.0 0.0 0.0 0.0 0.0 0.0 0.0 0.0 0.0 0.0 0.0 0.0 0.0 0.0 0.0 1.1508820641818257e-07 0.0 0.0 0.0 0.0 0.0 0.0 0.0 0.0 0.0 0.0 0.0 0.0 4.6247149619164476e-08 0.0 0.0 0.0 0.0 0.0 0.0 0.0 0.0 0.0 0.0 0.0 0.0 0.0 1.8400709460428348e-07 0.0 0.0 0.0 0.0 0.0 0.0 0.0 0.0 0.0 2.261138787175629e-07 0.0 0.0 0.0 0.0 0.0 1.1346856808527245e-07 0.0 0.0 0.0 0.0 0.0 0.0 0.0 0.0 0.0 0.0 0.0 0.0 0.0 0.0 6.271224315634441e-07 0.0 1.495896532536557e-07 4.137511858627595e-06 5.374061653924957e-08 3.5754017178164274e-06 5.103221011968258e-07 1.4986628281554936e-06 1.634735630598532e-07 1.173795740025716e-07 8.054916754465965e-07 2.4106830230554555e-07 0.0 0.0 0.0 0.0 0.0 0.0 0.0 2.0561632942993726e-07 0.0 2.4549709071438027e-06 5.269165583687213e-07
0.0007348825516990182 0.0011692749883085577 9.549080039718529e-05 0.000938660694011925 0.00030327646759442954 0.0002514423829618418 0.0010149129073358397 1.2334771885487047e-05 4.7443966622759245e-05 0.0 5.3954064422974556e-05 0.000836329526520405 0.003121924222568825 0.0005185188676512082 1.0437159688238917e-05 1.7638294076414136e-06 7.364936862597836e-08 8.878170839085362e-08 0.0 0.0 3.694432411387803e-08 7.737311208529944e-08 0.0 0.0 9.76617266473211e-08 4.138280378336145e-07 0.0 1.5150390487386685e-07 1.3230936042346322e-07 0.0 6.0143745815605526e-05 5.941876679576253e-06 2.6641334206805237e-05 1.1182111299895358e-07 7.865414853509875e-08 5.138130796898985e-08 4.31425410189939e-06 1.8298354542226555e-07 8.78242453743295e-07 1.4743209628302984e-06 2.7017559020663686e-07 1.2439421891278178e-07 7.15924501891823e-08 3.6496425894379454e-07 0.0 2.398570205753722e-07 0.00010607368784052735 6.991105792340511e-07 5.570720659323986e-07 9.906198092729882e-08 0.0 0.0 0.0 1.2779694260192503e-07 1.600176440402689e-06 1.663676166039069e-06 3.952656392280216e-05 5.273619754744725e-05 2.589363472558421e-05 2.420608237221234e-05 3.2593878639074997e-07 2.639613796862227e-06 1.9091143859169535e-07 4.036242618872532e-05 1.1107820284087754e-06 9.722669298224334e-07 0.0 4.6365917717401576e-07 3.549707895350107e-07 2.5970171454706533e-07 1.179993592148257e-05 3.411139857947098e-07 0.0 0.00014426108700852936 0.00011582953595911191 0.00014099463089092392 4.5975308869609176e-05 2.9931180827157284e-06 2.3674175147744316e-07 1.4967418568367945e-05 3.3627004705470096e-07 1.357709445849094e-06 7.201408025076424e-06 4.410503011384356e-08 1.2981870976809616e-06 1.1378827086265415e-06 4.490298042869444e-07 0.0 3.730524935801788e-07 1.044792075938488e-07 2.0049390852855624e-07 1.6168592856324222e-07 0.0 1.53524137769341e-07 2.412757786411504e-07 0.00019806454975182988 5.093926344563372e-06 1.2240757340525596e-07 6.747553144880521e-07 0.00018769219719144353 5.89738491700783e-08 2.8816473386603097e-06 1.0416459544890835e-05 5.37724897267094e-06 2.304309326136332e-06 1.2734364082539003e-05 8.105942712016137e-05 4.0439386868859177e-05 2.6943706939529335e-05 4.083159481537509e-05 2.2659844267537203e-05 5.9210337968622344e-05 7.080922801427519e-05 3.237200735752165e-05 4.4873307415026115e-05 1.9398504363421928e-07 1.3688347850615532e-07 6.150663212027915e-08 1.8903828839927546e-07 0.0 0.0 0.0 0.0 0.0 0.0 0.0 0.0 3.666756536972304e-07 0.0 2.42418708519235e-07 0.0 0.0 0.0 0.0 1.182653934253162e-06 6.246673312001281e-06 0.0 0.0 1.8308349695816687e-07 5.065282669219098e-06 2.7616961789096686e-06 8.472402123491477e-06 1.5427852145909254e-06 9.843665253752407e-07 0.0 3.038606495684129e-07 0.0 0.0 1.8003504729237827e-07 7.901051649556633e-07 0.0 0.0 9.708668310053488e-07 0.0 0.0 5.864059595079661e-08 7.26253671209709e-07 0.0 4.203343153812272e-08 0.0 9.808693616799136e-08 0.0 0.0 0.0 4.711194527663807e-08 4.198130927179527e-07 2.889684865002396e-05 0.0 1.5418214556973722e-07 5.511844344611968e-08 0.0 0.0 0.0 0.0 0.0 5.209786975769928e-08 1.0141300969192116e-05 0.0 0.0 0.0 0.0 1.017240191693842e-05 5.7104185788265334e-08 8.065599494522683e-06 1.470152284570345e-07 1.3608649428214142e-07 2.811131487514736e-07 0.0 8.548913978550874e-07 0.0 0.0 0.0 0.0 0.0 0.0 0.0 0.0 5.445480172599265e-05 2.563178999576944e-06 3.5910906702617883e-06 0.00034729160026490604 5.1263126780189905e-06 8.985414085495148e-05 2.43319348367658e-05 0.0003447264512728586 6.415183117698658e-06 2.1969262530689632e-06 1.8290237602477372e-05 4.046171012254479e-05 4.410121016846526e-08 9.059025819886006e-07 3.609760967925493e-06 2.8493580721636234e-05 0.0 0.0 0.0 8.016445832859317e-07 0.0 0.00026156180402050507 9.689435553194058e-05
2.4116076182551377e-05 0.0008210145671746509 0.0011239452975537348 2.3945465151492607e-06 0.0008122731655266362 4.877414564823702e-07 0.00027088470479714446 0.001308544873103993 0.00042564498017783173 5.3954064422974556e-05 0.0 1.689889533650015e-05 0.00088921067359792 0.001757644018035147 1.9209777896571643e-05 1.3670433935450208e-05 7.185725198609358e-07 9.768535700710313e-08 8.653009488918064e-08 7.529456246749927e-07 2.078942835278322e-06 1.480243047839854e-07 4.641358930318362e-07 1.052677794245863e-06 4.3237795539693833e-07 7.054604759169911e-07 6.385899520070575e-07 2.854761963445276e-07 4.5574734480206316e-07 1.5126241917960328e-07 0.0003525127474510067 6.108178020497993e-05 6.665355039059512e-05 6.690022250465114e-07 5.651021944616619e-07 1.284982109135807e-06 1.0757280357280755e-05 2.269181430467803e-06 1.863449859400923e-06 6.631003946310549e-07 8.04344277861078e-07 6.288190499390213e-07 9.199244243961325e-07 2.527670230924315e-06 1.5569454411824813e-07 4.236544475575547e-07 5.896140466899221e-05 4.3177146873968215e-07 2.6831505101606176e-07 2.8080307430928387e-07 0.0 0.0 2.0477480138549467e-07 1.2972877263357178e-07 2.7260391319703066e-07 2.2109679873238436e-07 4.9355445577074345e-06 1.815864625853112e-05 4.21773908435906e-06 8.244331844202129e-06 3.9273320899351366e-06 9.041678922310527e-06 7.431122820463107e-07 3.09434205500761e-05 2.1634434250208925e-07 4.322637123793456e-07 7.146569240867865e-08 1.8559157981581986e-07 1.6295710903575584e-06 1.1775362401640365e-06 6.55000545435942e-06 2.5811924295014697e-07 0.0 2.141717548607292e-05 2.823348385372787e-05 6.305343809388855e-05 5.678082049389384e-05 1.4028032029374546e-05 2.0086326256360626e-05 0.0003807018991951546 5.720381762583104e-06 5.05661793153548e-05 1.8501448193794357e-06 0.0 2.3353651378226128e-07 3.017128297570042e-07 3.619547564342758e-07 4.643134353574854e-08 5.928866523051381e-08 0.0 3.660555936487899e-08 5.109221731589846e-08 8.3965939897261e-07 8.594327947002368e-07 4.5716934167811854e-07 3.1102634718576256e-05 2.1583419990131025e-06 0.0 7.375839031125465e-07 6.211336714801486e-06 0.0 2.950126196529912e-07 8.367565551123897e-07 3.1347603692218197e-07 9.197534189149966e-08 1.3917628227155868e-07 4.272800402594886e-06 1.70592107523155e-06 1.2892078126656227e-06 2.801422722484554e-06 3.1898154245239436e-06 2.1951262888843147e-06 7.7907956703405e-06 3.8581003696912385e-06 4.74601253396502e-06 0.0 0.0 0.0 1.1082190856572738e-07 4.906504781418509e-08 0.0 0.0 0.0 0.0 1.1925789518694254e-07 0.0 0.0 2.3766069263975561e-07 0.0 0.0 8.605245735849272e-08 4.959079740885272e-08 0.0 1.1009404980677129e-07 3.307212173474728e-07 7.940066210095165e-07 0.0 7.490690796990423e-07 5.155056264182699e-08 2.014256294809977e-06 3.1107536781930874e-07 2.9119057330473737e-06 1.4391194850937702e-07 2.6616773090681016e-07 5.508918681019908e-08 0.0 0.0 0.0 0.0 1.0783469277241275e-07 0.0 0.0 0.0 0.0 0.0 0.0 3.782561327388181e-07 0.0 0.0 0.0 0.0 0.0 0.0 1.240974328464719e-07 0.0 4.805506388005708e-07 6.383831941321094e-06 0.0 0.0 0.0 0.0 0.0 0.0 0.0 0.0 0.0 3.3596300710012857e-06 1.1306416838332e-07 0.0 0.0 0.0 3.4501626432129866e-06 1.601097976314721e-07 1.39459920618892e-06 0.0 0.0 0.0 0.0 1.9423550175832492e-07 0.0 0.0 0.0 0.0 0.0 0.0 0.0 0.0 6.823639527612929e-06 6.873521988215609e-07 1.2938165175405772e-06 0.0001009412352480748 2.8940250758367235e-06 5.067622522348561e-05 1.689062865267124e-05 1.0923143303577728e-05 2.230857565653731e-06 4.1046271037330544e-07 1.1459458619161394e-05 2.817548181420832e-06 5.328340017004624e-08 5.303013149891955e-07 4.936823450990205e-07 9.559616151245937e-07 0.0 8.845278370270116e-07 6.549237867428228e-08 1.9199215073928113e-06 7.194180862391065e-08 1.7955219727595287e-05 8.881065391591278e-06
5.822228994127682e-05 0.00022408203966575927 1.7269536152724008e-05 0.00011198192383059188 4.296032730361029e-05 2.6428300220824677e-05 8.033212797209867e-05 4.200877619667917e-06 6.055548811514314e-06 0.000836329526520405 1.689889533650015e-05 0.0 0.0011267434746218734 0.00013475204597540417 1.4777544829783053e-05 8.368143251235406e-06 3.556531861320184e-06 1.1248468303958228e-06 3.508628750573538e-07 1.4227981392104334e-06 5.3937894768158624e-06 5.804692839357242e-06 2.355276810390837e-06 1.1741545631894482e-06 2.1713900884839397e-06 1.2050211002837322e-05 5.663575791639169e-06 1.364625082735105e-05 5.608030102848773e-06 1.345276308360203e-06 4.035511688240834e-06 1.1037879749289331e-06 0.00011702113334418352 1.8172451252411482e-06 4.781018835442001e-07 4.033439242022195e-06 0.00015175538038416126 1.558848655677567e-05 4.1455836575048095e-05 1.5096780615140706e-05 8.76873105116356e-06 9.380703024132067e-06 8.697904100261001e-07 1.144995017547223e-06 1.7241188693415437e-06 1.4513019349657135e-06 3.705194419752923e-05 6.563884692875824e-08 1.5769339420319767e-06 8.964252604900742e-07 2.0876558197604283e-07 6.666258673789529e-07 1.2532917005101122e-05 6.31494278356259e-06 2.643855117009825e-07 8.957546861058028e-08 2.533160495538738e-06 3.2506649260987243e-06 2.5948052379322296e-06 2.867149916754678e-06 6.081495623929004e-07 3.3748824162749985e-05 5.421216436631694e-07 3.7555561976258366e-06 0.0 2.370179313073954e-07 9.641297465836434e-08 2.030783051593336e-07 1.4147131878022961e-06 4.628707918987502e-06 0.00016730055992776485 7.88215093367607e-06 1.638874534012921e-07 1.3562647950682863e-05 1.0826052836436336e-05 2.3134812896407315e-05 1.3652857974405937e-05 4.4257125754907305e-06 0.0 1.2170416066806205e-05 4.176756519054207e-07 7.547113463066424e-06 8.936741706227016e-07 0.0 1.8579661316310141e-07 7.540293453997133e-08 1.0446916543124091e-07 4.112667570544723e-08 9.845944746932946e-08 0.0 0.0 0.0 3.3695593120261506e-06 8.317950294219829e-06 4.210548873722844e-06 0.0005817953384492094 4.558080338141111e-05 2.085800303501906e-06 4.060905607609834e-05 7.414936431177144e-06 0.0 5.510856192850153e-07 2.7963135714515656e-06 3.8760695556166303e-07 1.3102093541458485e-06 3.44081249406268e-06 1.5199744174271274e-05 8.608434231671446e-06 7.033198433031998e-06 1.2630439151980742e-05 8.310209737538325e-06 2.180921618042612e-05 3.063577104770805e-05 1.5182370740660509e-05 2.347997832663444e-05 4.0662155171306874e-07 3.648033733567135e-07 1.1207838187838485e-07 2.4641059215602614e-07 1.1315758307470765e-07 4.615611869214081e-08 8.955768661678442e-08 6.444193811322046e-08 1.1027627082520936e-07 1.5799323696610965e-07 1.6565689873938661e-07 1.4514985511077717e-07 2.3948112240385857e-06 5.693625625151872e-08 8.906006322071322e-07 1.1322643462895349e-07 2.074946665307473e-06 2.779352133015537e-07 3.703338177260599e-07 3.7361760860032913e-07 3.863186775022338e-06 6.513696940165674e-07 1.561148262055002e-06 3.055041025956785e-06 5.486241849192468e-06 4.200590231703657e-06 1.0257933288589044e-05 3.0894264123394126e-06 1.4545770125149628e-06 1.5881560235820396e-07 0.0 0.0 3.2219420720222887e-07 2.019963463474034e-07 1.7466872065769462e-06 0.0 4.8931205367543814e-08 4.3006716235388143e-07 0.0 1.3142854468498453e-07 0.0 3.5973442132643577e-06 2.887328293319358e-07 0.0 0.0 0.0 0.0 3.0365282159054937e-07 1.7231481923492384e-07 9.167453673924819e-07 1.7042223284949339e-06 2.4144581122069368e-05 4.5856791917974704e-07 0.0 0.0 0.0 0.0 0.0 0.0 0.0 0.0 1.0033269427083305e-05 1.2050179747392773e-06 1.4303783988429513e-07 0.0 5.62630338159646e-07 4.821109132575235e-06 1.0277704363477763e-06 5.170906675947249e-06 6.691213984587205e-08 3.1492273389078514e-07 6.708481248146338e-07 2.0035917031952977e-07 5.772623243039241e-07 4.4757026682365385e-08 4.2089420388696467e-08 0.0 0.0 3.032716228746736e-07 0.0 0.0 1.586363203287488e-07 3.434065424481427e-05 5.769789939211791e-06 9.576951448328382e-06 0.0001276826307808975 3.529907908064731e-06 5.356550437993655e-05 1.9794608554283267e-05 4.165861952291914e-05 1.8787099674551084e-06 9.621857571328421e-08 1.1210085089333892e-05 1.233439074969663e-05 2.694297532745195e-07 2.5117762747436525e-06 9.826874780081044e-07 7.170844893806506e-06 5.113915230368605e-08 0.0 1.997537385890496e-07 2.4516018411710593e-06 4.600591340582967e-07 0.00024195974278161573 5.1180946011442726e-05
