0.0 0.0006304567921338863 0.00016649901431285092 0.0007345159097151325 1.9689064913831984e-05 3.149107464066649e-05 0.00026484766677380004 1.6184640965593406e-05 9.317855094159148e-06 0.0004092761300960896 5.763569510110834e-05 0.000139988901849162 9.494403760299276e-05 1.3030626634979465e-05 3.808210606835172e-07 2.1348534734435486e-07 8.568129289257539e-08 0.0 8.593631777013228e-08 1.0114220917024213e-07 0.0 9.939093075959344e-08 0.0 0.0 0.0 0.0 0.0 0.0 0.0 0.0 0.0007803480872291327 3.476690833174072e-06 2.5617698879195503e-06 4.530802283523621e-08 0.0 0.0 1.8027373589934713e-06 0.0 9.093190711526957e-08 6.095976921073385e-08 0.0 2.2109173782560267e-07 0.0 3.4184921385747005e-07 1.3217987392238624e-07 0.0 6.293817999618486e-06 8.730355126224508e-07 0.0 3.57076512228805e-08 0.0 8.511280436007017e-08 0.0 0.0 2.332901493666229e-06 1.2318503832907162e-06 4.916019975448275e-05 0.0004910330347366771 1.8982084296226702e-05 5.781183090573074e-06 5.465643246889366e-07 2.224583441029321e-07 4.6211806670591056e-08 5.41644938346557e-06 6.219760959974127e-07 8.855063718916811e-08 1.7875831703453192e-07 0.0 0.0 9.580503930744719e-08 7.591777271883761e-06 3.7538371743298693e-06 4.6076232888474887e-07 5.618300756059245e-05 2.434538462271195e-05 4.2383270646022816e-06 1.5752354142137834e-06 7.189884388274523e-07 1.457262954757586e-07 1.2591508763050652e-05 3.192983629379929e-07 1.5879169359816246e-06 1.3991095862265423e-06 3.1908297672804554e-07 0.0 4.4329610567569376e-07 0.0 0.0 0.0 2.798514564482088e-07 1.56766438623269e-07 1.6050678824929982e-07 1.6175397544527645e-07 4.4802556321481924e-08 0.0 6.610436561914064e-05 5.972543736975563e-06 1.6580435733871167e-06 1.2867328920615208e-06 0.0007350454877567907 0.0 5.521956876858106e-07 2.979974400124258e-07 1.1381285790847437e-05 1.8231836201081473e-07 7.489599609508073e-06 1.796920177083546e-06 0.0 8.691327535684588e-06 2.1052475375036603e-06 2.50360150543463e-07 3.2511725335485416e-07 4.415478173155202e-06 1.7767710263050399e-06 2.3316022247760296e-07 0.0 0.0 0.0 0.0 0.0 0.0 1.338955905615171e-07 0.0 0.0 0.0 0.0 0.0 0.0 7.355256948742526e-08 6.700839990919869e-08 2.839816592630087e-07 4.602045389377405e-08 1.6092049846704147e-07 1.1609342850111072e-07 5.386455747120988e-07 1.3774586611181538e-07 0.0 0.0 0.0 0.0 0.0 5.251810896232876e-07 3.346779274982144e-07 0.0 0.0 0.0 0.0 0.0 0.0 0.0 0.0 1.2667016772627446e-07 0.0 0.0 0.0 0.0 0.0 6.045919301224341e-08 0.0 0.0 0.0 0.0 0.0 4.270788010367568e-07 4.410606239857947e-07 3.850870097644987e-07 4.656071318758792e-07 1.5074267111082498e-07 0.0 0.0 0.0 0.0 0.0 0.0 0.0 0.0 8.566203086523957e-07 3.50744641787764e-07 0.0 0.0 0.0 2.875909798007076e-07 7.037396910172243e-07 6.487393573359747e-08 0.0 5.2009799728238707e-08 0.0 0.0 0.0 0.0 0.0 0.0 0.0 0.0 0.0 0.0 0.0 4.702372657072959e-06 0.0 0.0 0.00018338681018641165 4.5242784984258556e-07 2.243004697728343e-05 2.080673977709301e-06 0.0002415275036279062 8.855786551287171e-07 7.957726802181327e-08 6.834213294504507e-08 2.935751351715006e-05 0.0 2.5018083898378864e-07 0.0 9.370872318432205e-06 0.0 0.0 8.225046396189142e-08 1.9391531573558303e-06 0.0 4.795900280482124e-05 1.3175715402562143e-06
0.0006304567921338863 0.0 0.0010561198313814607 0.0007494088254627961 0.0016084142526181365 1.4760082061131036e-05 0.0016163251896417579 0.00023267563135094443 0.001936247036248548 0.0002223192107821849 0.0006306218686457102 4.921183591713775e-05 0.00032721534743261876 0.0004191044866053414 2.743769791424356e-06 2.7458110554032453e-06 3.8084657395152694e-07 1.5826280649238904e-07 9.177058801616001e-08 3.4765421081353166e-08 1.1194472285020228e-07 4.543563490969638e-08 9.209214992864945e-08 2.6224545254454803e-07 0.0 1.6637120400585175e-07 0.0 0.0 0.0 3.3900834903213334e-08 0.0012570801849145104 2.542541605065735e-05 1.0461803906292399e-05 2.0821823279941777e-07 4.9161244988318735e-08 7.560051722384964e-08 1.6004769577523992e-06 1.8246181779204154e-07 2.7251121410669116e-07 0.0 9.992941425155196e-08 2.1158294937184542e-07 5.3612179962717655e-08 1.0912008982077936e-06 1.613855978293493e-07 1.9058975369935407e-07 4.185701880276206e-05 6.887055682656706e-07 7.069507661016833e-07 0.0 1.2718270674005962e-07 1.0192145167018023e-07 0.0 0.0 8.583358279802091e-06 3.1302307739731445e-06 2.169351284190708e-05 0.0001852404219067046 2.9486219297388688e-05 2.31279034883685e-05 7.683985280143167e-07 1.0908570146358533e-07 1.6022135325498198e-07 2.8714696625605535e-05 1.7651726554668704e-06 3.71470964103432e-07 6.607496710835637e-08 2.2162923149423123e-07 1.0482825571635917e-07 2.711122049989662e-07 7.266011014565332e-07 2.276585100032351e-07 0.0 0.00012458564499205068 7.903779065902944e-05 3.088550856431694e-05 1.4104042364727389e-05 2.271688865428987e-06 5.288571170665894e-07 4.2335827417461167e-05 1.2036739057762378e-06 2.7295250609453016e-06 5.035542805966436e-06 3.460063673074916e-07 7.588475658998674e-08 8.04836887726531e-07 1.4597367290639993e-07 3.3290963261982395e-08 8.763815728218178e-08 0.0 1.4606760158694859e-07 7.311008252475424e-08 5.596032641477147e-07 2.879196795481012e-07 1.50976752894757e-07 1.8024991983534014e-05 1.2873177698469843e-07 2.085594474417852e-07 0.0 0.00025975679669191305 0.0 0.0 5.701633919813507e-08 1.4041178244031436e-05 0.0 1.9319325699545583e-05 6.793585456913723e-08 2.0264513870926484e-07 9.901400394482991e-06 0.0 0.0 3.299215683250223e-07 1.0362062813279548e-06 9.051318897949218e-08 1.4733298781187308e-07 0.0 0.0 0.0 0.0 0.0 0.0 0.0 0.0 0.0 0.0 6.392061499733347e-08 0.0 6.904586793195146e-08 0.0 0.0 5.2305714436228155e-08 0.0 0.0 0.0 0.0 0.0 0.0 0.0 0.0 2.0430359259872302e-07 3.3967725399810235e-07 3.1472206014203044e-07 2.0272024441282595e-07 8.694498694428227e-08 0.0 0.0 0.0 0.0 0.0 1.1457133175889915e-07 0.0 0.0 0.0 0.0 0.0 0.0 0.0 0.0 0.0 0.0 0.0 0.0 0.0 5.0161962908392415e-08 0.0 2.4570511922521687e-07 3.054951916664094e-07 2.8677502563548216e-07 0.0 0.0 0.0 0.0 0.0 0.0 0.0 0.0 6.392779856664894e-07 0.0 0.0 0.0 0.0 5.0950064817145195e-08 3.5420077164811967e-07 0.0 0.0 0.0 0.0 0.0 0.0 0.0 0.0 0.0 0.0 0.0 0.0 0.0 0.0 7.321685865478166e-07 2.6872016135226347e-07 1.921343713723799e-07 3.977613396328278e-05 2.511508511467999e-06 0.0001356896909344717 1.824109889593485e-05 7.726846280689198e-05 1.6986474386328762e-05 2.2478530114888877e-07 5.372601434977358e-06 2.3288382362293196e-06 0.0 3.579897957547325e-08 0.0 3.7977689833946624e-07 0.0 0.0 6.986276291935184e-08 1.058868441964315e-05 0.0 2.5341415046568877e-05 5.647699361252388e-07
0.00016649901431285092 0.0010561198313814607 0.0 3.11423840031579e-05 0.00025339580303184307 6.987152955264647e-07 0.0001362439769983606 0.0010615943439517318 0.0012240152183144951 4.2091922558201085e-05 0.001152223777505421 2.0562793433455148e-05 0.00016884593130959334 0.0005230619623453072 2.421449938870399e-06 4.2620836804080856e-06 4.961350833475065e-07 8.921910767822998e-08 5.062944307348203e-07 2.7017953661614115e-07 1.4153064998515334e-06 6.098115984824065e-08 1.0549008850897169e-06 1.0641655497895217e-06 8.411736876449992e-08 3.034333602694163e-07 5.88560712269529e-08 4.785035465753742e-07 4.175520716268012e-08 0.0 0.0015136114788440402 0.00018604118338144107 6.157962045004876e-05 3.0991796763710575e-06 1.128122278638052e-06 6.406851028319861e-07 2.7418704249899653e-06 6.301797778900443e-07 2.11746593628911e-07 8.327377141439631e-08 2.6133283510765346e-06 2.337808825397817e-06 4.033247561582157e-07 1.0028387913289172e-06 1.0138328178561342e-06 1.9157906219050955e-06 1.5814026313006415e-05 9.296430743857757e-07 4.107972722174009e-07 3.684423170521022e-07 1.0606538134185303e-07 5.1754686648602875e-08 1.174400880416325e-07 3.5659595136873915e-07 1.954419078437496e-06 9.81964684796669e-07 7.020511262447248e-06 5.840234832231943e-05 1.0068830689851437e-05 7.411288367992943e-06 1.2584633515535642e-06 4.502568288453463e-06 3.5625902792084777e-06 4.231500663071899e-05 5.795774971367733e-07 1.6911925737697262e-07 3.188563823205897e-07 4.418687804338958e-07 1.4979418776857749e-06 6.556350677332882e-06 2.2164155495802638e-06 9.914605892134185e-07 0.0 3.878085717065548e-05 3.075923170926097e-05 1.7949453135897037e-05 1.278203672302687e-05 3.616158011856913e-06 4.4801760575393e-06 0.0003203175251573954 2.564869436375347e-06 9.521799277333323e-05 1.1521070699552449e-06 0.0 2.21412466718458e-07 3.091347034490438e-07 9.854979457416567e-07 4.406429838754263e-08 3.9519738539755693e-08 0.0 9.489860287623782e-08 3.967519307045753e-08 3.3327760973297797e-06 5.822732303413837e-07 8.138871462394871e-07 2.7517641714171128e-05 2.961473328057336e-07 0.0 3.764947160456899e-07 4.2082100936573906e-05 0.0 0.0 0.0 0.0 0.0 0.0 2.635362246344794e-07 0.0 0.0 3.3423317668218475e-07 0.0 1.3207932028568854e-07 6.246130016821359e-07 3.809187885869462e-07 1.0147634477909135e-07 3.619361201022169e-07 0.0 0.0 0.0 0.0 0.0 0.0 0.0 0.0 0.0 6.848143996181963e-08 0.0 1.1971960870285552e-07 0.0 1.3612576379296342e-07 0.0 1.9996419405321754e-07 1.0087243821178942e-07 7.624396118970753e-08 0.0 0.0 0.0 1.1663989264783848e-07 0.0 1.7370570014526578e-07 1.2049306579976602e-06 7.589818029304766e-07 3.309334258409876e-07 3.465079888639543e-07 7.455431643175289e-08 6.105450477696734e-08 0.0 0.0 0.0 1.2252321958345685e-07 0.0 0.0 5.23041202653205e-08 0.0 0.0 0.0 1.4917847584302544e-07 6.075330447773081e-08 0.0 0.0 0.0 0.0 0.0 0.0 0.0 2.8779592876465097e-07 6.694236987288268e-07 5.204742477505423e-07 0.0 0.0 0.0 0.0 0.0 0.0 0.0 0.0 1.6789177517877259e-07 5.897068819512078e-08 0.0 0.0 0.0 0.0 0.0 2.804324402752258e-07 0.0 0.0 0.0 0.0 0.0 0.0 0.0 0.0 0.0 0.0 0.0 0.0 0.0 1.645965520442927e-07 4.082828367526118e-07 2.7312477390151787e-07 2.41330987615726e-05 1.6483402503482145e-06 4.1527859029259066e-05 1.1245777872816986e-05 8.47346507523914e-06 5.740952518412432e-06 1.7569547697727913e-07 2.5671145647592836e-06 9.549433278415066e-07 0.0 9.57347847182259e-08 1.1648494446240443e-07 0.0 0.0 0.0 0.0 1.1720856771140687e-06 6.481293125573295e-07 6.3907801162647064e-06 1.7438419300388637e-07
0.0007345159097151325 0.0007494088254627961 3.11423840031579e-05 0.0 1.8291384145749093e-05 8.595701689680698e-05 0.0003718643954676048 3.691620786834203e-07 5.009318857872727e-06 0.0006580357862079881 2.3771964470236007e-06 0.0013157802032837923 0.0006237642651660365 1.3727847878758068e-05 0.0 2.601014756113995e-07 0.0 0.0 0.0 0.0 0.0 2.0545606709567175e-07 0.0 0.0 0.0 0.0 0.0 0.0 0.0 0.0 0.00012136529820632609 4.332443484909284e-07 1.6236604560499272e-07 0.0 0.0 0.0 2.2897173768910746e-07 0.0 0.0 0.0 0.0 0.0 0.0 0.0 0.0 4.8805911479838886e-08 7.418326475746535e-06 0.0 3.8783956797513116e-08 0.0 0.0 0.0 0.0 0.0 2.3389133767652265e-06 8.800159590836444e-07 1.2837982550326568e-05 0.00010598953542031177 7.2119946273421884e-06 4.379481415118124e-06 8.394006298543475e-08 0.0 1.1205308400425506e-07 2.392239383449558e-06 3.2338763345469266e-07 3.9457771679208e-08 0.0 0.0 0.0 5.4735433437598895e-08 1.193788605514832e-06 3.022129832386838e-07 8.29243670456652e-08 3.084301930025267e-05 1.4771688706630904e-05 3.512157849525232e-06 1.7700012554094312e-06 4.842294556673492e-07 0.0 1.8275817677716922e-07 1.878932168758022e-07 1.4172855258301513e-07 1.1216787672323201e-06 0.0 0.0 4.551752563984608e-08 0.0 0.0 4.0970688871725906e-08 0.0 0.0 0.0 0.0 0.0 0.0 5.3050129796496876e-05 8.484298766720619e-07 9.061845652729587e-08 2.722047020822582e-07 0.0003072110026719645 8.304308704387408e-08 4.7177286226769576e-07 0.0 1.473826508090876e-05 0.0 8.049195049804713e-06 4.294717972659118e-06 1.1488717490993174e-06 1.669113647746767e-05 1.4672528855517816e-06 0.0 1.409045570015883e-06 9.714014764237583e-07 1.184629015624955e-06 2.7185436995832673e-07 0.0 0.0 0.0 0.0 0.0 0.0 0.0 0.0 0.0 0.0 0.0 0.0 0.0 0.0 0.0 0.0 0.0 0.0 0.0 0.0 0.0 0.0 0.0 0.0 0.0 1.6328679690693438e-07 3.414129304410155e-07 2.2769377123433594e-07 0.0 0.0 0.0 0.0 0.0 0.0 0.0 0.0 6.429060638463023e-08 0.0 0.0 0.0 0.0 4.377083373730056e-08 0.0 0.0 0.0 0.0 8.542338674710755e-08 0.0 1.1692287431766523e-07 0.0 1.0724169980079971e-07 1.5316250821261445e-07 0.0 0.0 0.0 0.0 0.0 0.0 0.0 0.0 0.0 2.2212061507605336e-07 6.394627200206447e-08 2.2593922934676767e-07 0.0 0.0 2.40229325095073e-07 0.0 1.6083506658676087e-07 0.0 0.0 0.0 0.0 0.0 0.0 0.0 0.0 0.0 0.0 0.0 0.0 0.0 1.259583655158918e-06 2.459151577757875e-07 6.163626608897624e-08 5.626611487508349e-05 3.9207917076846885e-07 1.7488201657883134e-05 8.545658045614394e-07 0.00021297258803771078 1.3251916543275913e-06 4.503964024284038e-08 6.087509488830872e-07 1.5596527006653772e-05 0.0 3.7114608971286805e-07 0.0 5.235544482636445e-06 0.0 0.0 0.0 7.664527568328423e-06 0.0 3.0003477841079e-05 7.523329930192298e-07
1.9689064913831984e-05 0.0016084142526181365 0.00025339580303184307 1.8291384145749093e-05 0.0 3.379892197447737e-07 0.0006864325612234392 4.455044734585229e-05 0.0018931491047464316 2.108761278021889e-05 0.00015225210501377572 1.7981452131440905e-05 0.00037218811799455284 0.0004793431390872176 3.7134315308428276e-06 2.191858993186671e-06 4.795810819726884e-07 8.662579342094867e-08 1.772371153800841e-07 3.7274910696236134e-08 0.0 6.257347524549322e-08 0.0 9.880063344639255e-08 0.0 0.0 0.0 0.0 0.0 0.0 0.00013887984704367414 3.483016388999612e-05 2.801922692811056e-06 9.956246420260567e-08 0.0 0.0 2.0049994001398626e-07 1.26994813444782e-07 4.233033045156534e-08 0.0 9.182601812263759e-08 2.7262815699634723e-07 0.0 5.528608718307471e-07 7.357646245057808e-08 8.033066077914432e-08 4.267598356301332e-05 1.271248621833406e-06 8.378812249089145e-07 9.317746017588234e-08 8.26731773251689e-08 0.0 5.883425591276991e-08 1.875589113962825e-07 6.48877719610482e-06 3.068411289299073e-06 1.0528556249033046e-05 4.855565632897025e-05 1.6841895188289883e-05 1.806206375830904e-05 5.849003129279121e-07 2.417420201490218e-07 0.0 2.6105891296735817e-05 1.559372930204571e-06 1.2368415821323703e-07 1.113069107504198e-07 5.2520450564186525e-08 4.722850223392162e-08 2.3456020834168324e-07 4.5150280603947036e-07 1.0985252707085951e-07 0.0 7.310113455451887e-05 5.000638738730552e-05 3.299453585490869e-05 1.675445961484923e-05 2.064542996771665e-06 9.541133626127096e-07 4.82645013122325e-06 1.0168296762248769e-06 3.1699648010969766e-06 3.404194976859852e-06 0.0 2.0089910342219556e-07 3.8846303907023215e-07 0.0 0.0 5.655911268805562e-08 0.0 2.6518412694190533e-07 7.63446846970757e-08 5.273248248174049e-07 1.3348773108167622e-07 4.29342043514306e-08 2.9110153057242096e-05 1.8509398343170955e-07 0.0 0.0 8.371646352856936e-06 0.0 1.285264098775662e-07 0.0 0.0 0.0 3.7639865026143676e-06 1.91946393141767e-07 0.0 0.0 1.571340093535113e-07 5.536218434333771e-08 1.1868882040736183e-07 7.656034400679328e-07 4.363967397922212e-08 5.6401479239330404e-08 0.0 0.0 0.0 0.0 0.0 0.0 0.0 0.0 0.0 0.0 0.0 0.0 8.952019037469464e-08 0.0 0.0 0.0 0.0 0.0 0.0 0.0 0.0 0.0 0.0 2.2180787010471096e-07 9.704400410962346e-08 5.032472971811002e-07 5.635310072572424e-07 1.2171496186630199e-07 1.3794939730900884e-07 0.0 0.0 0.0 0.0 0.0 0.0 0.0 0.0 6.755735658134146e-08 0.0 0.0 0.0 1.3572315723693305e-07 0.0 0.0 0.0 0.0 0.0 2.073729792102769e-07 0.0 1.6399445198623657e-07 2.470845605383991e-07 3.8692255382794027e-07 0.0 0.0 0.0 0.0 0.0 0.0 0.0 0.0 0.0 6.309342976739388e-08 3.2520089505960734e-07 0.0 0.0 0.0 7.076156823736394e-08 0.0 0.0 0.0 0.0 0.0 0.0 0.0 0.0 0.0 0.0 0.0 0.0 0.0 0.0 0.0 5.535231845080039e-07 6.490172004180193e-07 1.0793508247703727e-07 4.6394001967834604e-05 1.896601792494524e-06 0.00014069636629763773 3.2304491264749185e-05 3.2542781855881986e-05 2.5434872695348753e-05 1.9676539865818866e-07 1.2203538067984877e-05 1.1108479570187495e-06 0.0 0.0 0.0 6.993396453756112e-07 0.0 0.0 0.0 1.7550067321245628e-06 0.0 1.482660157325057e-05 4.6089844755970824e-07
3.149107464066649e-05 1.4760082061131036e-05 6.987152955264647e-07 8.595701689680698e-05 3.379892197447737e-07 0.0 1.0900799902548628e-05 1.5094558816020982e-07 9.406370323113753e-07 9.441526361148545e-05 2.5491704757536847e-06 6.53166481799831e-05 6.657538505598358e-05 8.039255694735913e-06 5.405466692538865e-08 2.509478801961446e-07 5.630330052527588e-08 0.0 0.0 0.0 0.0 3.1575499011466967e-06 7.929072233464996e-08 0.0 0.0 1.0467109267872147e-07 1.9222305039586176e-07 0.0 7.559992920999024e-08 0.0 1.062610164929382e-05 2.061703993990216e-07 3.7954461914468764e-06 0.0 7.454424179429547e-08 4.147966190812831e-07 1.534129932311677e-05 2.762652579221582e-07 1.987914366715382e-06 0.0 0.0 1.5025755967683624e-07 0.0 4.647978418677266e-08 0.0 7.320381193393948e-08 3.270562159891861e-07 0.0 0.0 0.0 2.3711716374199284e-07 3.0079091222739392e-06 2.6549273915583943e-06 2.388944094980205e-07 1.2709811767964411e-07 1.9567384664383847e-06 2.568361113633548e-05 1.1258162424718636e-05 1.6869941221463146e-07 0.0 1.3241396615989795e-06 1.2768202066879862e-06 8.016225687656146e-08 1.3548640325668458e-07 0.0 5.6992485435906234e-08 2.9785699290211284e-07 0.0 0.0 0.0 0.00010396480996496566 8.651608625743736e-05 1.5856345222922133e-05 4.6662566661589205e-07 8.72339199677147e-07 1.4793610382720842e-07 1.4254255650227356e-07 1.0021449643755418e-07 2.565333813787305e-07 1.4331780704145523e-06 0.0 3.678969792785895e-06 0.0 3.211865613558214e-06 0.0 2.300965340470208e-06 0.0 5.479520599376058e-06 1.4205489210811202e-06 6.626232302430144e-06 2.6460319864953057e-07 2.2546551231467625e-07 0.0 0.0 1.3640147695813954e-07 0.00030213696019430107 9.160819151143711e-05 3.558753974867478e-05 2.317387886119972e-05 0.00017099891764409182 0.0 6.809714154397542e-07 0.0 7.50461442907132e-07 2.047955576609172e-07 8.562992988195855e-08 2.4423077312847937e-06 0.0 1.8778521245015742e-06 2.4094112469206076e-06 0.0 4.842379720680791e-07 2.822493841535977e-06 5.234803379368775e-07 5.215363118498681e-07 0.0 0.0 0.0 8.089988759571743e-08 0.0 0.0 5.643076886301486e-08 6.983357129797729e-08 1.4065737100212564e-07 6.055030902649804e-08 1.6791111364791014e-06 1.463688998884951e-07 2.899277436111413e-07 7.212487379689606e-07 2.615596519803528e-07 8.359245761243901e-07 8.414371799221311e-07 2.46824813582877e-06 7.973520364432735e-07 0.0 0.0 5.657722351492451e-08 5.054080357759847e-07 2.0192126751441834e-07 2.42539827553198e-07 1.8322225691545418e-07 4.770264132929432e-07 2.978034477067289e-07 4.95654150078663e-07 1.1788175178490039e-07 6.994741862133808e-07 0.0 0.0 0.0 6.625978639784696e-08 0.0 0.0 0.0 0.0 0.0 1.3681165647932995e-06 1.0126623044006772e-06 1.594219438397133e-06 0.0 0.0 0.0 0.0 4.8402716909949094e-08 2.0927711182367155e-07 4.247837927438265e-08 3.788403653988876e-07 8.55383695905657e-08 0.0 0.0 0.0 0.0 0.0 0.0 7.902625330116266e-08 0.0 8.269105621323775e-08 3.016498488990426e-07 1.2249813131879765e-06 1.2618560706526732e-06 4.1137903679615344e-07 9.975734963602007e-07 1.5942856356907246e-07 0.0 0.0 0.0 1.928697480384082e-07 0.0 0.0 0.0 0.0 0.0 6.23818741961578e-08 0.0 0.0 0.0 1.7234581682639525e-07 8.025906355827742e-08 2.9539953990039005e-06 3.761999087638023e-07 3.0486407312439287e-07 3.290263605738042e-05 5.202307381443983e-07 1.0363012161655516e-06 5.199431013648515e-07 4.987619031571744e-05 4.84104153180659e-07 7.115567276633643e-07 6.999642500307635e-08 1.658901343504603e-05 1.8746597253906378e-07 1.124704856423362e-07 0.0 8.593751973579576e-06 6.148090629384065e-08 0.0 0.0 2.2105892338550559e-07 0.0 2.0139120856235807e-05 3.5165117034114474e-06
0.00026484766677380004 0.0016163251896417579 0.0001362439769983606 0.0003718643954676048 0.0006864325612234392 1.0900799902548628e-05 0.0 3.135041347044148e-05 0.001488574434967978 0.0003624357691661883 0.00026897339764193033 0.00033520187895938887 0.0018326307150428663 0.0011990713797247314 5.604723117176755e-06 4.765252523473369e-06 5.14971725123746e-07 0.0 4.377402207911587e-08 0.0 8.131599887005154e-08 0.0 4.4067222123121193e-08 0.0 0.0 1.2196673960065764e-07 0.0 0.0 2.3989059644463333e-07 0.0 0.0002077128161296383 1.8704601578475906e-05 4.969488487944775e-06 3.0732372203120605e-07 0.0 7.434954387196734e-08 2.2650528644196437e-06 3.8521280552948215e-07 1.4244448232401626e-07 0.0 4.214126112856893e-08 2.3057132159101068e-07 0.0 1.292959263015958e-06 6.802269114919304e-08 1.9080282378804415e-07 5.2005353807715826e-05 8.985807587859488e-07 1.6693798827818785e-06 1.8978453405380597e-07 9.099168852430656e-08 0.0 0.0 0.0 7.868221645360973e-06 3.516193467044007e-06 1.6172261996556673e-05 8.871800333875801e-05 2.191542626703304e-05 2.110517756761775e-05 4.322327784484055e-07 5.805383542506683e-07 5.6702705672516304e-08 2.7922191365266567e-05 1.1945778573173544e-06 7.851587033819521e-08 7.859654583970217e-08 1.7765307638420974e-07 2.7781275359635133e-07 9.205372322293897e-08 4.538788762896829e-06 5.178502947044438e-07 0.0 9.69375615435248e-05 6.579963122920622e-05 3.8160000982987435e-05 2.4017224031759514e-05 3.871081391688198e-06 7.199964611863567e-07 8.972565381809754e-06 1.0007460696038453e-06 5.082609708924827e-06 5.173385694365053e-06 0.0 1.6597043335976015e-07 7.313617335304366e-07 3.1418932938566287e-07 4.927207906732459e-08 0.0 0.0 3.237493893812144e-07 0.0 2.6906862163207593e-07 2.576816450430974e-07 5.083270770439259e-07 0.0002397966223334805 2.4237239452683186e-06 0.0 4.926421274858354e-08 4.994115726217661e-05 3.0116707972026037e-07 6.709716027459776e-07 1.5677982586947068e-05 8.851187583823678e-06 1.2415152469564715e-07 1.5495500214803894e-05 1.6016120989074705e-06 5.655243285061306e-07 1.1898298551278018e-05 3.9509406058220975e-06 4.89938759901284e-07 7.443857050964242e-06 1.1048123733678012e-05 3.3527068499606805e-06 1.9729848124284877e-06 5.912485889556296e-08 5.2960748808603174e-08 0.0 0.0 0.0 0.0 0.0 0.0 0.0 0.0 0.0 0.0 5.56990705503513e-08 0.0 0.0 0.0 0.0 0.0 0.0 4.5935340194326224e-07 1.3380639539253643e-07 0.0 1.5085882344851457e-07 4.2795201141816756e-08 1.6810948829023126e-06 3.1333857231347256e-06 7.013338310048726e-06 1.9564087278665063e-06 5.115077060774439e-07 0.0 3.953908092898564e-08 0.0 0.0 2.9049340967712145e-07 0.0 0.0 3.273921352400754e-07 1.3980827898918051e-07 0.0 0.0 0.0 5.546354780578952e-07 1.9024113008235848e-07 1.0810193794312377e-07 0.0 0.0 3.424419579616747e-08 3.86225424196721e-07 4.149464842135771e-08 7.62025101327136e-07 2.4219803143045856e-06 2.700587259019878e-06 9.696068581249296e-07 0.0 0.0 0.0 0.0 0.0 0.0 0.0 0.0 2.3792054192413793e-06 6.506226056571302e-07 0.0 0.0 0.0 1.811369637654718e-07 5.812643814963324e-07 5.603555298784817e-07 6.370149816612276e-07 1.1938872807739236e-06 8.816389067362269e-08 7.523394285042464e-08 6.201145159869752e-08 6.287015437149987e-08 7.761305999245197e-08 0.0 0.0 0.0 0.0 0.0 0.0 4.939319218393884e-06 1.604029655822183e-06 1.7765880657926937e-06 8.735059891428304e-05 1.803839218564102e-06 0.0001662222266732163 3.946452297013471e-05 5.350796063782034e-05 2.550703945010611e-05 5.983139021504503e-08 1.7042443701515396e-05 1.2760215600573629e-05 6.616740288705098e-08 1.3862365287442395e-06 1.5620729951112797e-07 6.837645348464064e-06 6.015690815411065e-08 0.0 4.9021817102028684e-08 5.763228953063969e-06 0.0 4.384823935253691e-05 3.9572313871613424e-06
1.6184640965593406e-05 0.00023267563135094443 0.0010615943439517318 3.691620786834203e-07 4.455044734585229e-05 1.5094558816020982e-07 3.135041347044148e-05 0.0 0.00011297905930625881 7.398654527615611e-06 0.0009065094339565219 6.7318738401154115e-06 7.960790975396671e-05 0.000491930769601592 3.3672663997933032e-06 5.061597677208372e-06 1.2933616931678303e-06 4.437212821636932e-07 1.9492488228421733e-06 4.953347063227648e-06 1.1394796951169707e-05 5.480452637277351e-07 4.463601080403418e-06 3.498414835338207e-06 5.307393559639531e-07 9.341138254272357e-07 2.8887052409266844e-07 6.454893786012306e-07 4.958633915437802e-07 2.0882407981245562e-07 0.0006094995744650569 0.0009357579229746505 0.00010899260223538673 1.526432114168829e-05 5.5948607755898095e-06 1.7314090172640255e-06 3.4740970093047794e-06 1.5801430366855577e-06 8.926077270693382e-07 5.740453549451822e-07 8.089103690910833e-06 1.102731713113682e-05 5.20274008124264e-06 3.4940057146826972e-06 3.5653692065739594e-06 1.0869341487746147e-05 1.5126942042687776e-05 4.156996685526625e-06 4.327577435017369e-06 3.9945444599570524e-06 7.034484771533665e-07 9.511451274519438e-07 2.278712076831476e-07 2.0216238455750344e-06 1.6756147799372767e-06 4.333513082119497e-07 2.926885523095696e-06 2.4918807385316076e-05 3.934483982809137e-06 4.931246800795129e-06 1.8176294571241972e-05 1.383691033734049e-05 1.3343996452716056e-05 3.7062276567554853e-05 6.795073981331312e-07 1.9344395108560352e-06 7.413466335393907e-07 3.5175781841482054e-06 1.56816670785232e-05 5.3874213710672354e-05 3.572053019643558e-06 1.6850135869321245e-06 0.0 2.27034268283304e-05 2.2096458120054404e-05 1.1895556851723317e-05 1.2997901883329655e-05 6.2133971603805215e-06 0.00013330570367872327 0.001028364046964909 8.325954761721063e-05 0.0005711531019422356 3.107156848791568e-06 3.3409810663194146e-08 2.069809559236923e-06 5.339767773360556e-07 6.538799273782805e-06 0.0 2.069056649957654e-07 0.0 2.954357216998552e-07 4.21082376168774e-08 1.505970135117017e-05 2.6780522518071673e-06 3.5590513831306704e-06 5.927580558134903e-06 2.2319441397196577e-06 0.0 3.9111706575849446e-07 7.839869652242955e-06 0.0 0.0 0.0 0.0 0.0 2.1407953861600234e-07 0.0 0.0 0.0 6.238992345254398e-08 2.8300830032111455e-07 5.766716600467187e-08 7.648877945336305e-07 4.1683224466060975e-08 0.0 0.0 5.17315548367236e-08 0.0 0.0 0.0 0.0 0.0 0.0 0.0 0.0 1.035731597339739e-07 8.384194307276616e-08 7.613060289787309e-07 1.281514399729267e-07 0.0 9.474003513882492e-08 0.0 2.419331083196021e-07 4.481927551555028e-08 0.0 0.0 5.875085594704778e-08 2.85446761128528e-07 2.3475767972938144e-07 3.695519122717275e-08 7.120808276829734e-07 9.010351057677967e-07 4.1311768270905646e-07 3.2770362578185114e-07 7.012671580734036e-08 1.0274460247169576e-07 0.0 0.0 0.0 5.685214482143666e-07 0.0 0.0 0.0 0.0 0.0 0.0 1.266672603244142e-07 7.520821593737929e-07 0.0 0.0 0.0 0.0 0.0 0.0 3.9447913953529853e-07 2.6487250899712677e-07 1.866471109719781e-07 4.1972925827603005e-08 0.0 0.0 0.0 5.654212562100686e-08 0.0 0.0 0.0 0.0 8.359892347817164e-08 3.208881988768051e-07 0.0 0.0 7.25616550650849e-08 5.9235621106208234e-08 0.0 2.0856818924782793e-07 0.0 4.68012023625409e-08 2.7701693890580966e-07 4.820698996336708e-08 5.895299551144074e-08 0.0 0.0 0.0 0.0 0.0 0.0 0.0 0.0 4.822471335443752e-07 5.180358000101037e-08 6.090911965693305e-07 3.375503491980076e-05 4.697603881007105e-06 4.3039625106245384e-05 1.9857356593969772e-05 3.5562551518240044e-06 3.609036027193023e-06 4.387501019272076e-08 3.836426242805941e-06 9.775376983200649e-07 0.0 1.1317747103918747e-07 4.222446247627631e-07 8.069824914980239e-07 2.299812627500972e-07 0.0 0.0 9.001364539867364e-07 0.0 2.9920219122819406e-06 1.8832167970792696e-07
9.317855094159148e-06 0.001936247036248548 0.0012240152183144951 5.009318857872727e-06 0.0018931491047464316 9.406370323113753e-07 0.001488574434967978 0.00011297905930625881 0.0 2.051829882325857e-05 0.0005965278113037453 1.748339924415778e-05 0.0007655135035735459 0.001321235376721777 2.495441780844731e-06 2.7189827433981172e-06 1.4429913030440033e-07 4.2146827659771063e-08 0.0 0.0 4.854496072927688e-08 0.0 1.5026942448982103e-07 5.098520517873049e-08 5.4150189776845e-08 0.0 0.0 0.0 0.0 0.0 0.00010368457427412777 1.4074094939738665e-05 5.3562129203030285e-06 1.0768501651636116e-07 0.0 0.0 1.78442480743661e-06 1.1642997170003971e-07 5.324776490685401e-08 0.0 1.0903189166196471e-07 1.2596636087100751e-07 0.0 5.23301611124319e-07 0.0 0.0 2.15535611463376e-05 2.295277243936135e-07 0.0 0.0 0.0 6.519212309988282e-08 9.368432812266816e-08 4.494643351264129e-08 1.8972449555204267e-06 1.116843859207746e-06 2.933577359287731e-06 1.9153773046766165e-05 7.437938547732859e-06 8.202892683296803e-06 1.3889663863531562e-07 3.2176518234714687e-07 1.054511583980627e-07 1.1619667236654996e-05 6.991732570538683e-07 8.150130817109158e-08 4.5454075677675306e-08 5.405138384800711e-08 4.563338070386232e-08 8.661312825576635e-08 1.0804323390614693e-06 2.4707566192866045e-07 0.0 2.656357899915217e-05 2.4558860391963883e-05 1.6250122783521342e-05 1.2127744286939171e-05 2.267823396253911e-06 5.032738917412627e-07 1.7289596373659176e-05 2.2708234462312132e-07 3.359854955506902e-06 1.3094770198698324e-06 0.0 7.933576746302212e-08 3.7866141318101615e-07 7.443425053515472e-08 0.0 0.0 0.0 0.0 0.0 1.290405397955154e-07 5.641043665045498e-08 9.908369351806722e-08 4.604867096384532e-05 2.737366676570764e-07 0.0 0.0 2.230031199965347e-06 1.562281217352373e-07 6.077508059098985e-08 0.0 4.501432755289154e-07 1.1533480242043123e-07 1.6441091280214267e-06 4.3178155294643537e-07 0.0 3.048760914743299e-07 1.0442438983064664e-06 6.200867486658376e-08 1.0058260618050092e-07 1.978584452077648e-06 8.455849643513264e-07 3.3517942491841786e-07 1.540644528712869e-07 8.485247102406055e-08 0.0 0.0 0.0 0.0 0.0 0.0 0.0 0.0 0.0 0.0 2.9750439692482273e-07 0.0 0.0 0.0 0.0 0.0 0.0 4.3254459566454755e-08 0.0 0.0 3.25380562694341e-07 0.0 4.0097063940544297e-07 1.569933877990867e-06 1.409267845788216e-06 4.798049878501095e-07 1.174438905312565e-07 0.0 0.0 0.0 0.0 0.0 0.0 0.0 0.0 0.0 0.0 0.0 0.0 4.0463192403459275e-07 0.0 0.0 0.0 0.0 0.0 4.518751919498722e-08 5.297790247957878e-08 0.0 4.946112878985903e-07 1.1537041090638344e-06 2.4994281750699885e-07 0.0 0.0 0.0 0.0 4.90781292292953e-08 0.0 0.0 0.0 5.261066201712081e-07 0.0 0.0 0.0 0.0 4.6531163531107833e-08 1.5897617183961455e-07 8.127653529990231e-07 0.0 1.6002695260632714e-07 0.0 0.0 0.0 0.0 0.0 0.0 0.0 0.0 0.0 0.0 0.0 1.0540563893851062e-06 8.356605579015285e-07 4.749735425738182e-07 3.8404657470963266e-05 1.3245228963650867e-06 6.140454915631672e-05 2.1638906944655958e-05 1.6383434120245434e-05 1.0908596535113844e-05 5.537227204776974e-08 7.5640152232706285e-06 3.69346793763788e-06 0.0 2.715597684812899e-07 0.0 6.528321461355998e-07 8.428617447655334e-08 0.0 0.0 2.935224990455433e-06 4.2665206304528624e-07 7.810704775698759e-06 1.9490988597075693e-06
0.0004092761300960896 0.0002223192107821849 4.2091922558201085e-05 0.0006580357862079881 2.108761278021889e-05 9.441526361148545e-05 0.0003624357691661883 7.398654527615611e-06 2.051829882325857e-05 0.0 4.2835246078001996e-05 0.001156587722663352 0.0021285584852048815 7.954666411201801e-05 1.2082594436565364e-06 1.5223786327890061e-06 1.3026552620155677e-07 0.0 0.0 0.0 0.0 9.40508848556774e-07 0.0 0.0 0.0 0.0 0.0 0.0 0.0 0.0 5.583513938133572e-05 2.135022439226042e-06 2.5235543118520015e-06 6.919261005730346e-08 0.0 0.0 5.307724931583241e-06 2.0188833873829305e-07 0.0 0.0 5.495143706209858e-08 5.259149897211798e-08 0.0 2.569423025502619e-07 8.674190655771429e-08 0.0 8.434504341875033e-06 2.118540498949691e-07 0.0 0.0 0.0 5.194070679306404e-07 0.0 0.0 1.9204355295847296e-06 3.975971744934852e-07 1.4401599261489623e-05 4.538892798882272e-05 3.912364191782996e-06 3.7630167893584017e-06 1.277630143511384e-07 6.194189347922521e-07 5.2493486861990274e-08 2.751364529430957e-06 2.1067610459767815e-07 7.300484764438714e-08 0.0 0.0 0.0 4.8542125195777216e-08 6.96185441750269e-05 7.066705997115455e-06 3.770910601014115e-07 1.8817255116099408e-05 1.0133088050585809e-05 6.135708341335777e-06 4.417555283112305e-06 1.1928504424691655e-06 2.6687879268487037e-07 5.951062381997248e-06 2.4650507614672345e-07 2.2026363268064755e-06 8.012356654463734e-07 2.446214064156353e-07 5.353673778455915e-08 4.633740251086233e-07 7.049739974429369e-08 5.048401809917504e-07 5.65044469995952e-08 1.228000434414784e-07 0.0 0.0 1.8476921357694287e-07 5.1008111585297e-08 0.0 0.00018893955763479796 1.1907840408977877e-05 1.5782322823827572e-06 1.0547765234252018e-06 0.00024171993065704315 9.760106949288715e-07 3.981124262112083e-06 1.699745516294368e-06 1.2181319931640758e-05 3.80541283689224e-07 4.930978885347075e-06 1.1519923667450444e-05 1.1843896057821086e-06 2.1080751978244364e-05 1.9896599717723104e-05 7.890162964380559e-07 7.92707731151171e-06 3.069132765970814e-05 1.07636377414613e-05 4.054739526943893e-06 0.0 7.219973253463632e-08 0.0 0.0 0.0 0.0 0.0 0.0 3.333733599497932e-07 0.0 0.0 0.0 5.438992531403488e-07 0.0 0.0 0.0 5.743848088127153e-08 3.410527621519141e-07 0.0 1.2716940978665284e-06 0.0 0.0 8.971980213284103e-07 3.9206142908363384e-07 2.131073207476697e-06 2.842980025524962e-06 6.818309852063247e-06 1.761046114671717e-06 1.6075733540131752e-06 0.0 0.0 1.5337824069739008e-07 1.0908288879729132e-07 2.78204279357876e-07 0.0 0.0 0.0 0.0 0.0 0.0 1.5309492255296602e-07 9.04210713816304e-07 6.843119091079191e-08 0.0 1.5348034603732782e-07 0.0 8.225440496144671e-07 1.6501789990871895e-07 1.901067545418179e-06 1.0702977829918158e-06 2.959501096905538e-06 4.618145257848394e-06 4.3852707480383207e-07 0.0 0.0 0.0 0.0 0.0 1.2651659157317898e-07 0.0 0.0 5.390012554754302e-06 4.7280407523986577e-07 1.3332770964333324e-07 0.0 6.448963600905581e-08 1.4977986767105539e-06 1.1781018135133152e-06 1.709223430753764e-06 3.798873534762072e-07 2.3924071699375887e-07 0.0 0.0 0.0 0.0 0.0 0.0 0.0 0.0 5.640198231785453e-08 0.0 0.0 2.4918364199270264e-05 9.03062025475261e-07 7.683565634252189e-07 0.00017828389671173072 9.598869498284494e-07 3.2504986562720426e-05 9.810290204832303e-06 0.0002724718685019224 7.42136021891798e-06 7.115658941460833e-08 4.275242058548678e-06 0.00010447185409050399 0.0 8.964185240224662e-07 0.0 4.8697787860518075e-05 4.263383249838702e-07 0.0 0.0 7.696333878264058e-06 0.0 0.00028708801948369055 1.4710340900540877e-05
5.763569510110834e-05 0.0006306218686457102 0.001152223777505421 2.3771964470236007e-06 0.00015225210501377572 2.5491704757536847e-06 0.00026897339764193033 0.0009065094339565219 0.0005965278113037453 4.2835246078001996e-05 0.0 0.00012245841349798914 0.0008310506018604317 0.001742948213565928 8.97038845976676e-06 1.7178834437420372e-05 7.24255942114885e-07 5.6211779434806966e-08 3.007312863153553e-07 1.979629182835096e-07 2.9105471496698563e-06 4.641983813385502e-07 3.427561863613146e-06 3.7835432130958297e-06 4.7608580345627287e-07 7.968130074051234e-07 1.0018042495449549e-06 3.2558628587653253e-07 3.0876704778346626e-07 2.909291442806406e-07 0.0005648500572766797 0.00013654852420061643 0.00020185186254642249 6.467711426455104e-06 5.921835499391575e-06 4.578101955034991e-06 8.97746972675761e-05 1.8577717834315672e-05 2.0371763678785054e-06 4.1443894331759667e-07 4.249549756652437e-06 2.3723665926514737e-06 6.61794199302905e-07 5.9955267584812235e-06 7.806004918123967e-07 4.274685934640939e-06 3.6338366746731315e-05 7.284483241285711e-07 8.874963969962132e-07 2.9633435714719684e-07 3.4310824299922585e-07 1.9430104564050045e-07 5.359947755665756e-07 9.71764947390703e-07 2.7218712732802443e-06 1.7507552416510346e-06 5.608062539352996e-06 4.083287668745098e-05 1.0348176434780116e-05 1.309032898555307e-05 2.7217855212590847e-06 1.0658605379600861e-05 1.1238929174127729e-05 3.089988205676422e-05 9.013146769572389e-07 3.7310154940269924e-07 1.8490739356715351e-07 3.365521236726792e-07 1.0461357185629944e-06 7.200768626080703e-06 3.1037656369679855e-05 2.3511183655679375e-06 0.0 4.692098093596692e-05 4.671867793312173e-05 3.4604425950860395e-05 3.287019558103093e-05 1.7063651528780053e-05 7.179639733143187e-06 0.0005164256717064708 1.8182248992319932e-06 9.248095027533662e-05 2.5118320105594806e-06 0.0 2.884133465837439e-07 3.8838984441171393e-07 3.417005737540497e-07 0.0 1.431324683397222e-07 0.0 1.2849581028967276e-07 8.794605440592792e-08 5.692331174682819e-06 1.4988712433907566e-06 5.724264972556662e-07 5.3804338756265655e-05 9.251695531456889e-06 4.2708435776772796e-07 2.3050383328032342e-06 1.5655844061146015e-05 1.7336756930891648e-07 1.8249729462822414e-07 0.0 0.0 1.6172415007563116e-07 5.8150382727335926e-08 2.9254475809369926e-07 0.0 1.5349859700749989e-06 9.364303615609068e-07 7.275583684191424e-07 6.641275297657487e-07 5.335687679126809e-06 2.9712256424509553e-06 1.7054081877625105e-06 2.863947146049533e-07 5.2566890592102925e-08 0.0 2.7600601894527575e-07 0.0 0.0 0.0 1.4858077935542738e-07 1.7274055706368457e-07 0.0 3.202273954351208e-07 0.0 1.3118391532115549e-06 7.011145358094575e-08 0.0 2.063834204865568e-07 2.771825138083802e-07 1.0670402319452602e-07 1.0138460155005338e-07 1.573225984651892e-07 0.0 1.1858590818173927e-07 7.874641489208863e-07 5.512951803943497e-07 1.9073365669778835e-06 2.997739674115219e-06 6.753355433566018e-06 2.437692423569492e-06 1.7096489698503103e-06 0.0 1.972169867687054e-07 5.432779609632714e-08 0.0 2.6096020778489486e-07 7.3525780556015e-07 0.0 0.0 1.6856306486761581e-07 3.926387410907734e-08 4.604594102783453e-08 1.8808684983969615e-07 1.3133213891475878e-06 1.5084620075099988e-07 0.0 0.0 0.0 0.0 1.1513548858930696e-07 0.0 1.2362072229806398e-06 4.5231454675871885e-06 1.6394802763868977e-06 2.001463182791859e-07 0.0 0.0 0.0 0.0 1.0145146852609589e-07 0.0 0.0 0.0 2.396565332811402e-06 8.333875674608881e-07 0.0 0.0 1.0274586343474975e-07 5.076071324749629e-07 2.6841897412000154e-07 6.485222103511927e-07 3.955685201451358e-08 0.0 4.1134355015973987e-07 5.1514505854251686e-08 1.1448353802295001e-07 0.0 0.0 0.0 0.0 5.431760712284154e-08 0.0 0.0 0.0 3.1285735124451235e-06 2.9785772236597284e-06 2.3768274813938143e-06 8.147987778384791e-05 3.2801430551784963e-06 9.667392145604227e-05 3.7557803223161824e-05 1.5935751431178768e-05 1.3546242352882006e-05 2.5990333127450665e-07 1.1366969348811486e-05 4.49770480948881e-06 0.0 1.6973029557236572e-06 6.500293290737084e-08 2.9473999317499306e-06 1.6850330959252815e-07 0.0 4.874896560430155e-08 1.9196962164925868e-06 1.39100258034588e-07 1.489939875400029e-05 1.950354909579104e-06
