0.0 0.0008882224029055433 0.000301425886148248 0.0003657782132794211 2.80065913693418e-05 0.00013066041142527465 0.0001685524370254286 4.026288308754734e-05 2.647854488271388e-06 0.0004920233557806372 2.399879429221712e-05 0.00026583690301541275 0.00013642987598810728 5.6831456870125235e-06 1.8987189708641484e-06 6.993321155974468e-07 3.6180549334944206e-07 0.0 0.0 0.0 0.0 8.032738165052758e-08 3.804699912485488e-08 5.0303599162026775e-08 1.3671445125404867e-07 0.0 1.9764196102977904e-07 0.0 0.0 0.0 0.0005070710759545434 2.243834982815632e-05 3.4143681876805577e-07 3.741622337089145e-08 4.6125541974493553e-08 1.6895320959617089e-07 1.1369239595447142e-06 2.7536045681004854e-07 5.254510864340045e-07 2.3705597919014408e-07 2.433699518026082e-07 4.1022713504755054e-08 0.0 3.7698856978783835e-07 9.447533136720342e-08 3.504380106799091e-08 4.436766029722788e-05 2.0032502374785712e-06 2.9313882886736325e-07 1.9999324466038182e-07 1.7713429341346405e-07 0.0 0.0 3.7099650639308535e-08 2.591189905921127e-06 9.218906547273629e-06 3.799657371459645e-05 0.000316021969963513 2.3846776654916596e-05 1.3163924712795469e-05 0.0 2.0490309960449584e-07 0.0 6.043493328454689e-05 2.2909529812781264e-06 2.0470250712348793e-06 3.247478137868296e-07 5.215611190633979e-07 1.3946553514452756e-07 5.800656475838844e-08 1.0992953161833856e-06 6.133975348381137e-07 0.0 6.344413954419582e-05 3.705936268415005e-05 3.980266519516948e-05 1.4402146643990354e-05 1.119062004193364e-06 1.1714370292789725e-06 7.825787451080466e-06 8.246255089548508e-07 2.6716062785049664e-06 5.103197491621303e-06 1.9132620030776014e-07 2.5986521171059224e-06 1.175617264371569e-06 8.110545586800424e-07 8.92003432145478e-08 3.351355980372266e-07 1.8298547666804885e-07 1.5713546052287268e-07 0.0 1.7330854021245884e-07 4.253475812473008e-08 7.682576197652395e-08 5.117943619669138e-06 4.2295010468341094e-06 1.8421190017598427e-07 1.030580066475427e-07 0.0005241610539449309 3.502096709459269e-07 1.0873625328870244e-05 1.5555282668962733e-05 4.316586721572557e-06 9.81447332586915e-07 1.8182846494345888e-05 5.398760220547609e-06 6.731844120037123e-06 1.1670790304196207e-05 2.1215769874083462e-05 1.6435881120729483e-06 8.389442494297414e-06 7.098425090969552e-06 2.390519552432729e-06 1.1438225790156881e-06 0.0 0.0 0.0 0.0 0.0 0.0 0.0 0.0 0.0 0.0 0.0 0.0 0.0 0.0 0.0 0.0 0.0 0.0 0.0 3.7101904028581434e-07 9.625075091269772e-08 0.0 5.005143549779939e-08 1.0269832748250482e-07 7.580207575297773e-07 6.498924641502249e-07 1.6221381230957005e-06 0.0 3.0321247196768267e-07 0.0 0.0 0.0 0.0 0.0 0.0 0.0 0.0 0.0 0.0 0.0 0.0 0.0 0.0 0.0 0.0 0.0 6.729795942631372e-08 7.288827049003296e-08 1.4447561208238206e-06 0.0 0.0 5.228668319275448e-07 1.270053628562384e-07 0.0 0.0 0.0 0.0 0.0 0.0 0.0 2.3064155689386475e-07 3.381812745236707e-06 0.0 0.0 0.0 0.0 1.5075018874339823e-06 8.27456655605328e-07 6.020829746428963e-07 4.939682653274532e-08 0.0 0.0 1.584463923157721e-07 0.0 4.186612580221574e-08 0.0 0.0 0.0 0.0 0.0 0.0 0.0 1.9165356109408287e-06 3.6061003383551056e-07 1.5010193097024048e-06 0.00010213459403161198 3.113614254980616e-06 8.247346967093288e-05 1.8822019801659275e-05 0.0004077977115800654 5.279554597756753e-06 1.6097199497266436e-06 2.576353815544821e-06 2.2197047407415817e-05 1.7856535956335753e-07 4.029676268080161e-07 1.0389335884010002e-06 5.366449247947114e-05 1.1688788013567425e-07 0.0 0.0 3.650893070490382e-07 0.0 0.00020423771440231187 1.1000959029476467e-05
0.0008882224029055433 0.0 0.0012834863358214136 0.0005897097987073955 0.0006100968850785403 8.610394391315311e-05 0.0008639498280533969 0.0005420419267095926 0.000355009285984677 0.00046131612878979683 0.0003937611017902401 6.191947938439262e-05 0.000145264970168298 0.0007423338504397443 2.0293163166553813e-05 1.4802199305739108e-05 1.0040787608142493e-06 9.649213642175379e-08 2.2320501034032678e-07 1.0461111900859089e-07 2.6767118355432644e-07 1.7731666511998058e-07 2.2365467967636867e-07 4.403922153142643e-07 1.7872394384428762e-06 1.864251683540447e-07 6.946993000769552e-07 4.745065551794874e-07 3.7145627947619654e-07 6.311763585632398e-07 0.001148411173652617 0.00013048814569013674 8.356096667213331e-06 6.922019947178102e-07 3.2803673813864817e-07 7.289383497559744e-07 4.328855751755388e-06 1.2652994164899185e-06 1.4571883206439528e-06 1.10432607270105e-06 6.582568941628058e-07 3.469885586381252e-07 0.0 8.787173976384554e-07 3.420310867696723e-07 8.792179507564314e-07 0.0001797630653326854 1.883810601263554e-06 6.407368173149393e-07 8.05664160120722e-08 3.000083931048791e-07 1.219787208467191e-07 3.628297088905399e-07 1.2644161955527492e-07 2.5975439470369717e-06 1.007569513855688e-05 2.352529055713637e-05 0.00012176728532196213 2.2577868709600437e-05 2.623603239440873e-05 8.96484465626024e-07 1.1174624999795749e-06 2.6234415770128716e-07 0.00016983507057084072 3.445032317568286e-06 2.5038180810624525e-06 4.3085531753552286e-07 9.954222223786656e-07 5.303636606658324e-07 2.860257754624915e-07 1.4808569910070448e-05 2.7798982117513214e-06 0.0 8.63834837543116e-05 8.695706255806862e-05 0.00013581526460530678 8.792789807607705e-05 1.0356782313203319e-05 4.332007666079585e-06 7.197195183371446e-05 1.4434778112026436e-06 8.148924502987988e-06 6.239683024027416e-06 3.823916583564909e-07 3.2965493242834633e-06 1.912016560023744e-06 1.1703724606219006e-06 2.2558205450425658e-07 5.219843472707808e-07 4.072022290932018e-08 1.9056844712009807e-07 1.192953871279542e-07 2.4866338718238394e-07 1.3330964626606282e-07 3.856563535144801e-07 1.781608893676727e-05 1.955500049479991e-06 3.6170897874409354e-08 3.5553209659324286e-07 0.0002876781441731546 1.8765186471883604e-06 7.197982941223054e-06 3.0386445340164797e-05 7.517339790318992e-06 4.317731881997816e-06 6.588016485137008e-05 9.649455293735339e-06 3.189337463346488e-05 2.7102131854667256e-05 4.779903634570919e-05 6.953727720510052e-06 3.7746140343350386e-05 3.1763575770160886e-05 1.6466084880466375e-05 1.244623630070791e-05 3.009947892008078e-07 1.0280041059511755e-07 0.0 4.371234891757389e-08 0.0 0.0 8.172951321795343e-08 7.737104876952188e-08 2.8802555635288927e-07 1.0332333673783468e-07 0.0 0.0 0.0 0.0 8.361961307693807e-08 0.0 0.0 0.0 0.0 4.092892103324642e-06 1.7788909529227617e-06 0.0 0.0 0.0 7.835658258210075e-06 2.4498104655490603e-06 8.592079313534693e-06 1.3297005518161892e-06 6.397829382078179e-08 0.0 8.61080428542269e-08 4.124385810862895e-07 0.0 1.6990982036546666e-07 4.058184550380568e-08 2.648158943312441e-07 4.227681373123942e-07 4.568731530215651e-07 0.0 4.567978296799718e-08 1.5760390191562512e-07 6.129340710721323e-08 0.0 0.0 5.778455456099649e-08 0.0 2.00041056482475e-07 4.861607231646704e-07 1.2852606588628615e-06 7.126834841627534e-08 6.783970774230675e-07 9.727064328130869e-06 3.285962153443243e-07 1.6234494137479568e-07 0.0 0.0 0.0 0.0 0.0 0.0 0.0 3.0108055736054034e-05 1.8723746816397446e-07 0.0 0.0 0.0 1.3209245091930173e-05 6.949936637453993e-07 8.495348569670284e-06 4.042202563298597e-07 1.1155117064850264e-06 1.6946915344950182e-07 4.875742577975274e-07 5.998082332382548e-08 0.0 0.0 0.0 0.0 4.6529880567790036e-08 0.0 0.0 0.0 2.4786717630581176e-05 3.934956732920503e-06 5.264361055618314e-06 0.0003267694036802424 1.262691818491646e-05 0.000246750596507042 8.10552214451705e-05 0.00023811537000786005 3.3302082010901976e-05 2.8099365373246273e-06 2.6795177939792163e-05 2.063291257294007e-05 5.285507588792203e-07 3.0385932771445594e-06 1.3138670366059567e-06 3.941901390334645e-05 1.0991726481555865e-06 0.0 6.93365899357245e-08 5.2763105926968626e-06 9.60413960761481e-07 0.00016591985268648755 2.056900605717792e-05
0.000301425886148248 0.0012834863358214136 0.0 4.401527484653221e-06 0.0002182957199964451 1.738767031448294e-05 6.582931363282924e-05 0.0004125842749225622 0.0003149215684912041 8.757438682789338e-06 0.0005672978525906235 3.078380388385238e-05 7.329619289107702e-05 0.0007528596573693686 5.636815827225665e-06 6.508615431166466e-06 7.716948210910422e-07 4.066118435785944e-08 4.373370723654712e-08 3.2977777833901654e-07 8.026218061769454e-07 5.537301349456518e-08 2.928875499770678e-07 1.9179836950676443e-07 8.778670680175266e-07 2.8773420586559785e-07 2.890125959207685e-07 1.4223462387516065e-07 3.992268892448589e-08 3.885841416085267e-08 0.0016979786086608005 0.0002913513598888637 1.4292968603463898e-05 6.03470578593593e-07 3.081409164452136e-07 3.6626128293039067e-07 6.010373039526711e-06 5.77146713416388e-07 6.803204305512647e-07 8.1398363371799e-07 2.6992718414777058e-06 8.685058009578966e-07 2.0074049502462069e-07 4.6745381489551683e-07 3.7414830625352384e-07 3.491880973521643e-08 6.023934309570364e-05 1.279061852261466e-06 2.4190367721872944e-07 7.018737029638023e-07 3.224434293618517e-07 4.764329431441434e-07 1.0653525482142014e-07 5.811150018416649e-08 1.2907510152211887e-06 4.226653519491431e-06 1.235464519623987e-05 9.210447726422498e-05 1.28101771619124e-05 9.279528584208922e-06 5.347818009504451e-07 2.401430893923333e-06 1.3761090358320055e-07 0.00011303320859677454 1.4676849970539004e-06 1.4664677058978785e-06 2.2138025691408714e-07 5.349279154874415e-07 1.1698989766364585e-06 1.1515003904272915e-06 1.229415708809151e-05 4.829159477946115e-07 0.0 4.704743639260376e-05 4.2054228344170437e-05 5.240749689216668e-05 3.3546698584425815e-05 3.4707018336441095e-06 2.1203185403432196e-06 0.00021339998957410026 1.5509460539480987e-06 1.6443841704033578e-05 2.8415010422455138e-06 0.0 1.4323307238633961e-06 6.781632929264272e-07 7.394288822462408e-07 1.1913271865630734e-07 2.3754470541741383e-07 7.700222797172532e-08 3.321349181830921e-07 7.110131176004127e-08 9.861350938060278e-07 5.12816285757911e-07 1.8810322255002504e-07 9.365550779242827e-06 1.7581806658887947e-06 5.571695543935147e-08 7.897179073873109e-07 0.00010068281546627735 0.0 1.5955706202576125e-07 3.7274460312960345e-06 5.855062771723427e-07 5.184383837172635e-07 4.053617041075825e-06 1.1120433895780774e-06 2.5480502810692875e-06 3.2776919363863406e-06 6.305485471113103e-06 1.8357830985096031e-06 5.434685380196449e-06 3.2883470987002573e-06 2.6563330603084237e-06 2.4886744574980227e-06 0.0 0.0 0.0 0.0 0.0 0.0 0.0 0.0 1.7678989670725118e-07 0.0 0.0 0.0 2.552066183325288e-07 0.0 0.0 0.0 0.0 0.0 0.0 1.2729780848329177e-07 2.608543716422931e-07 0.0 0.0 0.0 2.0851418994408267e-06 6.216046019290244e-07 2.734501129522665e-06 5.409555709244579e-07 2.2334171410004688e-07 0.0 0.0 4.734113473580018e-08 0.0 0.0 0.0 0.0 0.0 1.773830912244118e-07 0.0 0.0 0.0 1.3313895914395557e-07 4.603007301106462e-08 0.0 0.0 0.0 0.0 2.835480929042225e-07 0.0 3.7077014657279706e-07 8.492435145231365e-08 2.2868207776542984e-06 2.621591100176687e-07 0.0 0.0 0.0 6.232496689066951e-08 0.0 0.0 0.0 2.441112314896138e-07 6.4446212609127506e-06 1.1467494297443451e-07 0.0 0.0 0.0 2.0060205636552635e-06 9.581779699801675e-07 1.8741831038716242e-06 5.126271328469931e-07 1.0332812256046675e-06 0.0 1.6622131540044734e-07 0.0 0.0 0.0 0.0 0.0 0.0 0.0 0.0 0.0 3.395140846722495e-06 1.3801514813059655e-06 1.656630932744363e-06 7.504318407472463e-05 3.7688060385666256e-06 7.430942332343111e-05 2.4968761234462488e-05 5.129752067479139e-05 8.082542012343134e-06 9.174859237176043e-07 5.8102541693424505e-06 4.533899304581162e-06 0.0 9.065780811057308e-07 3.602572719939409e-07 4.279448734854347e-06 0.0 0.0 1.0413150657154352e-07 2.0751238702600004e-06 3.2228381738196985e-07 2.80058718223012e-05 3.6938717097972144e-06
0.0003657782132794211 0.0005897097987073955 4.401527484653221e-06 0.0 5.758697919312635e-05 0.00011716455190169827 0.00029308463842847555 1.0635321041938613e-06 4.6876529797063575e-06 0.0011517556210644522 3.060089370268339e-06 0.0009333166619998849 0.00030403391954810356 4.04021122797755e-06 5.285389350821292e-07 3.8107805058648957e-07 5.2622028599770976e-08 0.0 0.0 0.0 0.0 0.0 0.0 6.423183414374952e-08 0.0 0.0 0.0 0.0 0.0 0.0 3.862771910297846e-05 6.591799116745842e-06 3.1902286240469314e-07 0.0 0.0 4.8023153131054504e-08 3.6811849766036525e-07 1.5186357217259413e-07 0.0 8.451765243066021e-08 0.0 0.0 3.916478414968158e-08 0.0 0.0 0.0 1.9829720461904433e-05 4.1846793801163686e-08 8.76907734866902e-08 7.353137739397136e-08 0.0 0.0 0.0 0.0 4.797310400648723e-07 1.1015861412931755e-06 6.584518021259816e-06 4.785840003612188e-05 4.5398943997187575e-06 3.5240840655747385e-06 0.0 0.0 5.422779429061703e-08 1.4796023886868219e-05 3.9797162396291025e-07 3.2283070357399865e-07 1.0180482336858781e-07 9.033803255922872e-08 0.0 3.5180244964038684e-08 1.7059506663876512e-06 1.3462926802390946e-07 0.0 1.4400280968222954e-05 1.0411558565242455e-05 1.0418277018754513e-05 4.512164910282627e-06 3.971453502933626e-07 5.588458050118643e-07 7.864085280521421e-07 3.2717213148381705e-07 3.972201384395355e-07 8.54374816626686e-07 0.0 5.257262387523877e-07 1.7016898178715603e-07 1.2537223413941926e-07 0.0 1.206491716778665e-07 0.0 4.6895787180118294e-08 0.0 0.0 4.115682790859732e-08 4.065471560858757e-08 5.038345712470218e-06 5.280969812222635e-07 0.0 4.1805113524291394e-08 0.00013924232627026195 7.345369671763628e-08 5.242661984217526e-06 2.161494532578928e-05 7.930880663605451e-06 1.003111962770275e-06 3.5777470282305834e-05 3.81901471942872e-06 9.882678639524391e-06 1.7130202303695128e-05 1.6855998877511656e-05 1.5335523605598233e-07 9.885142973133301e-06 6.7226291160080205e-06 3.571824551996219e-06 8.137527634068178e-07 0.0 0.0 0.0 0.0 0.0 0.0 0.0 0.0 0.0 0.0 0.0 0.0 0.0 0.0 0.0 0.0 0.0 0.0 0.0 2.428148087517527e-07 1.0025956260278204e-07 0.0 0.0 0.0 1.463819333123887e-06 0.0 1.2203436941470198e-06 0.0 0.0 0.0 1.2722961283099663e-07 0.0 0.0 0.0 0.0 0.0 0.0 0.0 0.0 0.0 0.0 0.0 0.0 0.0 0.0 0.0 0.0 4.3530665540427515e-07 2.3837247639669252e-07 0.0 0.0 1.8099917218395337e-06 0.0 0.0 0.0 0.0 0.0 0.0 0.0 0.0 0.0 3.2331306747235755e-06 0.0 0.0 7.375614709607423e-08 4.4345262359603743e-08 1.1258340236516876e-06 0.0 1.5300136670019004e-06 4.070098309799946e-07 7.716747589968156e-07 8.026593007925237e-08 0.0 0.0 0.0 0.0 0.0 0.0 7.136046390088522e-08 0.0 0.0 0.0 2.452437025242652e-06 1.0117346230263862e-06 2.3391755302798503e-07 3.811592999335134e-05 1.01404630219588e-06 2.570844489138414e-05 1.0191679949120606e-05 0.0001445408739325953 2.6339695422464137e-06 6.236003054346588e-07 1.893354527735909e-06 8.529948334875417e-06 0.0 3.9432279461214814e-07 1.071648271590915e-07 1.9677224712570215e-05 0.0 0.0 0.0 5.005853410711514e-07 1.3126756018853312e-07 9.192709262309938e-05 7.952267029293594e-06
2.80065913693418e-05 0.0006100968850785403 0.0002182957199964451 5.758697919312635e-05 0.0 6.670103243154241e-06 0.0010003022266218719 8.698841180924759e-05 0.0018560949563182416 7.615071687132941e-05 0.0007632199539365701 1.3016623885760291e-05 0.0005657299357992562 0.0021893665734096577 6.595327019774133e-06 7.102864147186171e-06 1.9956101093930705e-07 0.0 6.04292057159663e-08 5.476322482575738e-08 0.0 0.0 4.548208858565875e-08 1.5746762198118017e-07 7.931402872029458e-07 0.0 2.465029486701847e-07 0.0 1.6535063907269827e-07 5.471717327068269e-08 3.533811921079475e-05 3.549757667697448e-05 1.0020277558442514e-06 1.7962835047670485e-07 6.274375576031645e-08 2.2861720032474113e-07 6.43174889224869e-07 2.972391744424099e-07 2.0757410526690092e-07 9.797544135701543e-08 2.511936673853781e-07 4.251050016027978e-07 5.771201547303529e-08 3.401323742861191e-07 1.9419659874721925e-07 4.155568152223856e-08 3.7445063477446117e-05 1.3274000344101447e-07 4.593199303645179e-08 4.77533249243391e-08 4.562386896783467e-08 0.0 7.778569219487217e-08 0.0 3.22396827143281e-07 1.2623996008640289e-06 2.751553430105036e-06 8.77971855259139e-06 2.0042607390237233e-06 5.0285579286903025e-06 4.074447994568591e-08 3.173780088864678e-07 4.661944072628867e-08 2.6584142407099244e-05 2.9339328180679925e-07 3.193563417430531e-07 0.0 8.171071950593689e-08 4.203647572027199e-08 0.0 3.7960982083783813e-06 7.345668391242199e-07 0.0 1.0031725320425106e-05 1.3006147453967865e-05 2.5639574574216947e-05 2.5026249191764903e-05 3.849062427936765e-06 9.116900543018431e-07 1.8441712967673566e-05 3.31356106757126e-07 1.474344628567557e-06 6.545660380502748e-07 0.0 2.3477096388960006e-07 1.25163498644622e-07 8.615611763360752e-08 0.0 0.0 0.0 1.4195248617377626e-07 7.510420845796505e-08 4.700137535869229e-08 0.0 6.469134736318843e-08 1.0559976400805057e-05 1.4028793096748879e-06 0.0 3.099248063089797e-07 6.4162504062780095e-06 7.121907114868718e-07 1.4575547346091653e-06 1.0198764368023679e-05 2.032241389792775e-06 2.0094094953039307e-06 2.063630804758477e-05 2.5428417716125205e-06 1.1622324201061206e-05 9.144959938667429e-06 1.6974356215561195e-05 3.757033632610533e-06 1.973934409635992e-05 1.3861185399375717e-05 7.182562287515847e-06 6.0610596437119826e-06 3.744165041250569e-07 5.043555731611175e-08 0.0 4.0911068027723696e-08 0.0 0.0 0.0 0.0 0.0 0.0 0.0 0.0 0.0 0.0 0.0 0.0 0.0 0.0 0.0 9.30658815437864e-07 1.2292133362619878e-06 0.0 0.0 0.0 3.533713898646104e-06 6.124144736593132e-07 3.2067472574547952e-06 8.756367107093956e-07 3.9821500485373606e-07 0.0 0.0 0.0 0.0 0.0 0.0 0.0 0.0 9.390804897051203e-08 0.0 0.0 0.0 0.0 0.0 0.0 0.0 0.0 2.385509532417393e-07 6.231241825954967e-07 3.1273241054818985e-07 0.0 7.608323865622936e-08 6.011670167608826e-06 1.04912433411547e-06 0.0 0.0 0.0 0.0 0.0 0.0 0.0 0.0 1.4070707080777415e-05 3.65809615118964e-07 0.0 0.0 6.006912128734425e-08 6.975492361083875e-06 2.5665297003486243e-07 4.822131560830082e-06 0.0 6.679019818504599e-08 6.735757339019174e-08 3.964719878332889e-07 0.0 0.0 0.0 0.0 0.0 0.0 0.0 0.0 5.5469998329416056e-08 9.609171672731681e-06 2.132197951353623e-06 2.9034972259056157e-06 9.080712545186298e-05 4.233194257187768e-06 4.9809194239108586e-05 1.8945216574691343e-05 2.0680846865069646e-05 7.167003049130914e-06 4.2678891819948146e-07 6.891946809153549e-06 3.557739319139413e-06 0.0 4.651904889307669e-07 6.413263892087631e-07 1.0818073782845556e-05 4.5020085006026725e-08 4.40331073104504e-08 1.0295206579684194e-07 1.5729884980684875e-06 3.7066008812033597e-07 2.773580897415776e-05 8.525359451783624e-06
0.00013066041142527465 8.610394391315311e-05 1.738767031448294e-05 0.00011716455190169827 6.670103243154241e-06 0.0 5.050824062222388e-05 1.9517715750072756e-06 1.7254200672628715e-06 0.00021162018290800041 2.581484025602224e-06 8.845591016849968e-05 3.62646192329866e-05 5.937526248228566e-06 0.0 0.0 0.0 0.0 0.0 0.0 0.0 3.816430344271269e-07 0.0 0.0 5.3372768561895396e-08 0.0 0.0 0.0 1.4412664177553622e-07 0.0 6.29024768501892e-05 4.1290367518745314e-07 7.219002546461086e-07 0.0 0.0 0.0 1.3899667611373035e-06 1.357983823112512e-07 1.7208721188867012e-07 0.0 1.456831633004762e-07 0.0 0.0 0.0 0.0 0.0 2.0143621813497518e-07 0.0 0.0 0.0 0.0 5.073425421129216e-07 1.4244416061628084e-07 0.0 0.0 5.6598140777754096e-08 3.0034637526195745e-05 6.129667757505709e-05 1.0909507966778894e-06 1.8844702218851456e-07 0.0 3.3764909847166476e-07 0.0 1.7739023438178565e-07 0.0 0.0 1.3391033661272403e-07 0.0 0.0 0.0 7.148984494980832e-06 7.659107538170664e-06 7.998461961055828e-07 1.5121580937785985e-07 5.5692014714038304e-08 1.094696292221142e-07 4.814433931719846e-08 9.328135678854235e-08 0.0 9.129349869092019e-07 0.0 0.0 0.0 1.1846329746193063e-07 0.0 5.7129215502767795e-08 0.0 2.6459152061188e-07 4.0977172086818107e-07 1.2939311959069836e-06 2.775551911397647e-07 5.217462224320894e-07 0.0 5.245545598580891e-08 5.581118076949143e-08 5.867814296355177e-05 1.2889352221418605e-05 7.229109758379362e-07 1.0630975873848084e-06 0.00020273336680509853 0.0 1.4630793001637854e-06 2.8356638668803135e-06 3.2276796815243757e-07 0.0 2.9814310651426356e-06 1.5331272669025068e-06 1.0148210331434674e-06 2.215434522283935e-06 4.682281136650685e-06 9.213329145865917e-08 2.3259827620822725e-06 8.637878708038725e-07 3.449306208765835e-07 2.708070946073712e-07 0.0 0.0 0.0 0.0 0.0 0.0 0.0 0.0 0.0 0.0 0.0 0.0 0.0 0.0 0.0 0.0 0.0 0.0 0.0 7.009086280634648e-08 0.0 0.0 0.0 0.0 0.0 0.0 1.270357112208281e-07 0.0 5.1719769554988645e-08 4.771618607450229e-08 0.0 0.0 0.0 0.0 0.0 0.0 0.0 0.0 0.0 0.0 0.0 0.0 0.0 0.0 0.0 0.0 0.0 0.0 0.0 0.0 0.0 0.0 0.0 0.0 0.0 0.0 0.0 0.0 0.0 0.0 0.0 3.8213952872203014e-07 0.0 0.0 0.0 0.0 0.0 0.0 1.7339060144784175e-07 0.0 0.0 0.0 0.0 0.0 0.0 0.0 0.0 0.0 0.0 0.0 0.0 0.0 3.709979047071317e-07 0.0 5.830895945175376e-08 6.004172980011182e-07 0.0 6.526619426763662e-07 2.379754572968333e-07 0.0001018949424567223 3.4552093214442736e-07 0.0 6.956786860409613e-08 2.2200497536959322e-07 0.0 0.0 0.0 3.2656549025905954e-06 0.0 0.0 0.0 0.0 0.0 2.4766237644633193e-05 3.921553756667317e-06
0.0001685524370254286 0.0008639498280533969 6.582931363282924e-05 0.00029308463842847555 0.0010003022266218719 5.050824062222388e-05 0.0 2.379355132186537e-05 0.0006601445229533812 0.0004978833958419276 0.00016025432819113394 0.00013495480077448024 0.0014308593569724328 0.0015024247368980465 5.5355481482550056e-06 6.2895830146893225e-06 2.7380476746758306e-07 0.0 0.0 5.137146561284541e-08 4.949349272523609e-08 0.0 4.291281336373964e-08 2.220042607444943e-07 3.3629470138595343e-07 0.0 1.512843020172091e-07 1.9450108472442378e-07 1.4536250080966925e-07 0.0 2.72948034805768e-05 1.9848063780679e-05 8.645101538377078e-06 5.23172827588941e-08 2.442231708600841e-07 1.7707143115368194e-07 6.755065714132391e-06 3.0696290492070977e-07 3.682404789056019e-07 2.194476198468346e-07 2.558408713099172e-07 4.7761819991532116e-08 4.6949238662624e-08 3.456524046009343e-07 8.357964666285707e-08 1.5725857093763794e-07 3.0195812660313407e-05 3.96418827150607e-07 5.361749208169483e-08 1.6528593920551897e-07 4.2824648425672194e-08 0.0 3.4904943533405633e-07 0.0 1.7577817009050082e-07 1.1996355386138891e-06 4.997693038647629e-06 1.2587143327485375e-05 2.5331040239639906e-06 3.6862826913275533e-06 2.0438215337547267e-07 2.6654543556411195e-07 2.4725220988426895e-07 1.9549505773350612e-05 3.0144982595912933e-07 4.119169387938583e-07 4.440427306852815e-08 0.0 4.385873569270337e-08 0.0 1.2548747216984826e-05 1.7618501018100493e-06 4.548610409811924e-08 1.0262564553139617e-05 8.997492365775843e-06 1.9122700660075834e-05 1.7262546596635492e-05 2.812355465944029e-06 9.668132862158438e-07 2.3506486373232543e-05 3.2707081249414553e-07 1.2977627836661561e-06 6.162849388800347e-07 0.0 3.365883844590655e-07 1.5685323001303393e-07 1.3345742516800836e-07 0.0 9.809542722048246e-08 8.86720001517087e-08 4.414203349976776e-08 0.0 6.929530254797584e-08 1.0227264603831088e-07 0.0 8.338057448332797e-05 3.442926840222784e-06 0.0 1.073809424728213e-06 3.796672183811442e-05 2.612591773714767e-06 6.876558307388564e-06 3.681686036455789e-05 7.575558010944876e-06 8.07668534101528e-06 7.34707577514942e-05 1.4026400479326297e-05 4.762574930921565e-05 4.2977133764991446e-05 6.896114994305788e-05 1.1897176605830163e-05 6.876579074827045e-05 5.0452644880813176e-05 2.84221298672689e-05 1.325473355026942e-05 4.9228923664270186e-08 0.0 0.0 0.0 0.0 0.0 4.806336394073206e-08 0.0 0.0 0.0 0.0 0.0 6.634870836745211e-08 1.0202097425889183e-07 1.1633505110894854e-07 0.0 0.0 0.0 0.0 3.668513117511716e-06 3.4605889882526503e-06 4.1291446571708506e-08 0.0 2.5020549246074e-07 1.3717538103986326e-05 1.788559125166641e-06 9.845918021262632e-06 1.1384833550381254e-06 4.5840663330089185e-08 0.0 0.0 0.0 0.0 6.027600525347614e-07 0.0 0.0 4.959786542241895e-07 8.259915751568956e-07 0.0 2.373635000038076e-07 1.3455884806232385e-07 1.4574065195074839e-07 0.0 7.328167315378562e-08 0.0 0.0 1.1401245085926351e-06 7.460262825976052e-07 5.961299867010619e-07 6.226831042287177e-07 3.369247470467422e-07 1.6474350763368463e-05 1.4036249884826322e-06 0.0 0.0 0.0 0.0 0.0 0.0 0.0 6.412128071286499e-08 4.4596685548484095e-05 2.991177227424365e-07 0.0 0.0 0.0 1.6540185269587907e-05 1.2251728212038793e-06 1.2904337176555773e-05 7.91876378360277e-07 4.038053858331576e-06 7.575897055696885e-07 2.66891437856586e-07 3.3310340534093627e-07 0.0 0.0 5.5512158116636045e-08 1.1369899092324126e-07 8.04893076545392e-08 0.0 0.0 0.0 4.175658773294574e-05 4.209789298335523e-06 6.452012977889198e-06 0.00010263095312315885 3.0671708749859443e-06 4.38830542053893e-05 2.5535232098560472e-05 6.171373251053768e-05 6.4834045002255355e-06 1.7106387493427397e-07 8.490601095491609e-06 1.6528853654292387e-05 2.683224328533311e-07 2.1370173644589215e-06 1.5247347530516236e-06 3.313224578764085e-05 4.2804350597971295e-07 0.0 2.8260518994364206e-07 2.5983515909561057e-06 0.0 0.0001661496250581761 3.7957546797405784e-05
4.026288308754734e-05 0.0005420419267095926 0.0004125842749225622 1.0635321041938613e-06 8.698841180924759e-05 1.9517715750072756e-06 2.379355132186537e-05 0.0 0.00010655868329484111 3.2232279724218056e-06 0.0009206138324297273 3.2145624222853e-05 5.4662408551640855e-05 0.0005399967762515792 1.4557761552451602e-05 1.8944439662745074e-05 8.362346230758442e-06 2.4481236100179874e-06 2.8122550069793685e-06 8.300471678765063e-06 2.0268699396262282e-05 3.405652391046838e-07 5.723712519202024e-06 4.3027144624632996e-06 1.641352071793793e-06 1.23551008671893e-06 5.579141442487272e-07 5.259165703306768e-07 6.024394983204846e-07 2.2640370940639015e-07 0.0004846008438669736 0.0014633574012944707 3.8332953957534824e-05 1.8644413537038173e-05 6.8930228736845095e-06 2.233514741464734e-06 1.4717215052616704e-05 3.830735963177515e-06 3.232530782529622e-06 2.9090408110061587e-06 1.896174287717116e-05 9.128095284405401e-06 9.439387088094587e-06 3.710154520016056e-06 9.580887798180403e-06 4.599421105087961e-06 7.888911609205604e-05 2.6093872277160765e-06 2.5660767672486025e-06 1.0195875862654766e-05 4.288768723807076e-06 1.0507924794621351e-06 9.374103830064524e-07 2.963585552355791e-07 8.313626757449311e-07 2.5861830506740862e-06 5.762468915216182e-06 4.119362288145528e-05 6.559043925759195e-06 7.194909601629967e-06 2.2868291294871103e-05 0.00014881611088985702 4.221629562739859e-06 0.00028042534907230145 9.482028275861207e-07 1.2536131274986667e-06 4.2527976920328364e-07 3.4009057552378673e-06 1.564952769615034e-05 1.768736867166504e-05 2.4508171217305853e-05 2.7227728663611025e-06 1.0005771040168639e-07 2.4539674029353483e-05 3.525776844450733e-05 4.471521612898185e-05 0.00010015917468608683 0.00022660007536254203 0.0003827804500147099 0.001947904452431533 7.441688743310672e-05 0.0008942514634470911 1.997620928302312e-06 1.9920437279795844e-07 1.4147225284816894e-06 5.032736276677661e-07 2.3360877682529495e-06 0.0 3.84125419280419e-07 2.8622118366323647e-07 1.740565670740995e-06 2.5299142654457016e-06 2.1588545911436577e-05 5.885083980324127e-06 6.227326382663631e-06 7.1930179549634095e-06 2.5981446064474816e-06 2.1526567089144676e-07 2.012726234349534e-06 9.841623415218058e-06 0.0 2.1265994978948376e-07 2.3754976285945572e-06 0.0 2.6175213257065205e-07 3.3355829608062283e-06 1.5992613031276953e-07 2.6018696686626903e-06 6.925499088644448e-07 1.4311138843751851e-06 2.860470644844854e-06 3.0279371063121054e-06 3.2471752481965074e-06 2.8782727232750387e-06 2.167910833318324e-06 0.0 0.0 0.0 0.0 0.0 0.0 2.433758729819991e-07 0.0 0.0 0.0 6.565109196462784e-08 0.0 1.7227948007004115e-07 0.0 1.0705944006550204e-07 0.0 1.9952536011835582e-07 3.580568237570486e-07 2.1605357754594435e-07 6.144657818035953e-08 3.597858638242627e-07 0.0 0.0 2.5002904502722946e-07 3.0038367955833233e-06 2.820626750298156e-07 5.774959352341451e-06 1.1203165053523718e-06 4.899883418156094e-07 0.0 1.7616951240656573e-07 2.823318473901199e-07 0.0 3.640519158010303e-07 0.0 5.057017288560782e-08 0.0 2.5599839200595984e-07 0.0 4.7776032059516334e-08 5.101913502122716e-07 8.39733345579263e-07 3.773486263739241e-07 6.839770248760454e-08 0.0 0.0 0.0 2.371819790414564e-07 0.0 2.9872427986168696e-07 1.376235038776933e-07 3.014674481190898e-06 0.0 0.0 0.0 0.0 0.0 1.99492416210658e-07 6.611569108736798e-08 0.0 6.388527190693392e-07 7.267705905128917e-06 1.2609467618507326e-06 6.389207476664166e-08 3.933213078615335e-07 1.4980428219187177e-06 2.3121918372088385e-06 7.992497409180575e-07 2.3653868466444013e-06 3.337529871813768e-07 1.2385061354311897e-06 2.3099510451368172e-07 0.0 2.2903889100539575e-07 0.0 0.0 0.0 0.0 0.0 2.705465534333263e-07 2.451577303406138e-07 5.383623604021484e-07 2.551042187430866e-06 1.5067016805656614e-06 4.887592305748346e-06 0.0001470565614415721 1.0606074935519322e-05 0.00010237304175091627 5.1598657569203966e-05 2.625536218352599e-05 1.0593067202630901e-05 8.077903585004766e-07 1.316521215786217e-05 4.471432449031785e-06 0.0 8.28965925252516e-07 8.17453915070557e-07 3.2611187965732067e-06 1.597694201438953e-07 0.0 0.0 5.9941792295220265e-06 6.291712814037108e-08 9.647446658918393e-06 3.594270582961423e-06
2.647854488271388e-06 0.000355009285984677 0.0003149215684912041 4.6876529797063575e-06 0.0018560949563182416 1.7254200672628715e-06 0.0006601445229533812 0.00010655868329484111 0.0 1.2134293337434559e-05 0.0005626701367771439 4.623908294046152e-06 0.0004713651387722382 0.0016697757645430591 1.1180888333021877e-06 9.374116637631232e-07 0.0 5.7420027701023644e-08 0.0 5.043438483597115e-08 0.0 0.0 0.0 5.97562330514011e-08 4.410748400580874e-08 0.0 0.0 0.0 0.0 0.0 6.0822062449454025e-06 6.368746884589542e-06 1.5639775705497671e-07 5.2896085778391994e-08 0.0 0.0 0.0 6.0150947407976e-08 1.0386133497354685e-07 4.9746794839837504e-08 4.401973670578611e-08 0.0 2.0617207578877493e-07 5.4279036931907916e-08 0.0 6.508343833411884e-08 6.6066895588466605e-06 9.49585045552847e-08 0.0 0.0 0.0 0.0 0.0 0.0 4.334539047609572e-08 3.9280666951379454e-07 2.7706639685296174e-07 1.0800015181847403e-06 1.4458850614248667e-07 7.05739583446876e-07 0.0 0.0 0.0 4.861064568239354e-06 6.570479712357557e-08 0.0 0.0 0.0 0.0 0.0 9.856189798038638e-07 0.0 0.0 1.5703002980930966e-06 1.903485517180204e-06 3.987248586162891e-06 4.541462089194376e-06 9.684095978188017e-07 8.151142263095244e-08 1.1814850866352208e-05 4.8841185409851215e-08 1.1961466677279052e-07 9.071928040906977e-08 0.0 0.0 0.0 4.028734262267973e-08 4.16251331822833e-08 0.0 0.0 0.0 0.0 0.0 5.2139771121773095e-08 0.0 3.4343368732915438e-06 8.285624992756881e-07 0.0 0.0 1.2565593535389878e-06 0.0 9.689301016608588e-08 1.5504787540993356e-06 0.0 2.6298402249655175e-07 5.7064280056795076e-06 1.6185720819798808e-07 1.785289180143748e-06 2.9943735908109927e-06 2.351713451304008e-06 0.0 3.132099060243923e-06 2.563726773655516e-06 3.586846311872787e-06 4.220061520592112e-07 0.0 0.0 0.0 0.0 0.0 0.0 0.0 0.0 0.0 0.0 0.0 0.0 1.0548488895148677e-07 0.0 0.0 0.0 0.0 0.0 0.0 3.298564675338895e-07 0.0 0.0 0.0 0.0 9.988072251360972e-07 0.0 5.065820727311608e-07 6.23161005896589e-08 0.0 0.0 0.0 0.0 0.0 0.0 0.0 0.0 0.0 0.0 0.0 0.0 0.0 0.0 0.0 0.0 0.0 0.0 0.0 0.0 0.0 0.0 0.0 8.655398005295575e-07 0.0 0.0 0.0 0.0 0.0 0.0 0.0 0.0 0.0 2.9930027604416216e-06 0.0 0.0 0.0 0.0 5.283025983529925e-07 1.8922971919510498e-07 7.842727827760444e-07 0.0 0.0 2.3521918850736842e-07 0.0 0.0 0.0 0.0 0.0 0.0 0.0 0.0 0.0 0.0 3.575347956908086e-06 1.2820852330635475e-06 3.771054620361586e-07 1.861835810794087e-05 1.0347807318024527e-07 7.197957288966257e-06 5.000786517675317e-06 4.7036707289794234e-06 1.4471421735950579e-06 1.5349884785832513e-07 1.0789387685733746e-06 2.1156886266337356e-07 0.0 1.4800643733954018e-07 1.7481325605815116e-07 5.088771330000863e-07 0.0 0.0 0.0 3.0008298325968256e-07 0.0 4.735969698353143e-06 2.5335619470652443e-06
0.0004920233557806372 0.00046131612878979683 8.757438682789338e-06 0.0011517556210644522 7.615071687132941e-05 0.00021162018290800041 0.0004978833958419276 3.2232279724218056e-06 1.2134293337434559e-05 0.0 2.6178116144650933e-05 0.0018518709557717302 0.002141622887002168 8.106033104556379e-05 1.7331671416239955e-06 1.0639206406009883e-06 5.4689943270160934e-08 0.0 0.0 9.278024681984015e-08 0.0 4.7014713171036035e-07 5.0345666140792406e-08 1.8524678250210813e-07 0.0 9.945848952221988e-08 9.527694892403143e-08 2.1301045329199632e-07 0.0 0.0 2.5756298059643724e-05 3.229061252925536e-06 4.300864421826847e-06 0.0 0.0 0.0 6.080759729281467e-06 1.9964179451163435e-07 5.523484243318096e-07 1.0780857134775013e-07 3.743858649606434e-07 2.3701759051978797e-07 0.0 0.0 0.0 9.261843837320411e-08 1.032692096407171e-05 4.4470406826327954e-07 0.0 5.518508874886021e-08 0.0 3.867348001291006e-07 3.0351146987161684e-07 1.580101616439277e-07 2.746386204942403e-07 9.09621452848891e-07 2.5126971543725566e-05 4.9067068912402616e-05 3.610276443471481e-06 2.806411758847635e-06 4.225958105742592e-08 9.488581078656618e-08 0.0 1.0062540517727678e-05 5.361793570610688e-07 2.6842112536374297e-07 8.46991795802417e-08 2.0219841994121836e-07 0.0 0.0 5.864017557861272e-05 1.5982141453366689e-06 1.5275314739527475e-07 1.0184229345179842e-05 5.2599758221180165e-06 7.029650360323168e-06 3.5098054972393365e-06 6.319827526618542e-07 1.5257684845529133e-07 4.789925600995743e-06 1.5633530315239395e-07 2.423421012637129e-07 6.311918575751253e-07 5.200489568860473e-08 3.296176435381749e-07 1.888041584019018e-07 1.9246653469339158e-07 0.0 0.0 5.8813447648196237e-08 0.0 0.0 0.0 0.0 8.150838160726316e-08 0.0002143575355958463 2.4516516918572332e-05 5.162380190079802e-07 2.376828374992472e-06 0.0003231781782540401 1.313274238071535e-06 1.3138960463632726e-05 5.5086866904150354e-05 2.6116113263314043e-05 6.344019971393626e-06 9.87025848036377e-05 2.9245161372457693e-05 5.196888962782618e-05 6.832900929537255e-05 0.00010124090821111569 6.1454590241419656e-06 6.572232111075297e-05 8.310293280089591e-05 2.6066999187018478e-05 1.0886006320078848e-05 0.0 5.316380970808455e-07 0.0 0.0 0.0 0.0 4.955392959074316e-08 0.0 0.0 0.0 6.293240441196576e-08 0.0 5.501767467157821e-08 0.0 0.0 0.0 0.0 5.110498160410365e-08 0.0 3.501138242520885e-06 4.977006501297144e-07 0.0 0.0 7.399194244256016e-08 8.287970701692987e-06 1.114378372950472e-06 4.314661447309353e-06 8.463591391304445e-07 0.0 0.0 0.0 0.0 0.0 0.0 0.0 1.5730676636800928e-07 1.1070982859829812e-07 1.2403393932054678e-07 0.0 0.0 0.0 4.036183006946035e-07 1.1212246608276234e-07 0.0 4.8496918635474505e-08 0.0 9.873184263485844e-08 2.9702138084246296e-07 2.139274200019094e-06 0.0 2.0849201491071072e-07 6.915152647466873e-06 4.891105532666377e-07 3.568566743225546e-08 0.0 0.0 0.0 0.0 0.0 0.0 8.851081661533226e-08 2.7188799594373834e-05 3.3348251240909574e-07 0.0 0.0 0.0 6.700491026588136e-06 8.678914615812079e-07 4.871555521461278e-06 5.982528346956128e-07 1.152192441416467e-06 1.1320843327580465e-07 2.3194107324687262e-07 4.3134204838102275e-08 0.0 0.0 0.0 6.382436171830942e-08 0.0 0.0 0.0 0.0 2.795870009702445e-05 3.7849002341635843e-06 2.387893348504879e-06 3.7077538344451744e-05 6.555176093204966e-07 1.648424325983386e-05 6.9729798072956705e-06 0.00021351188265790073 1.8983011472024272e-06 5.237530722330972e-07 1.4448590020891412e-06 1.827931319506391e-05 6.458222318250166e-08 2.001478870568919e-06 3.19556996715087e-07 5.435598155057839e-05 4.3125113940632017e-07 0.0 0.0 6.442536575754648e-07 0.0 0.0005736079118139564 6.706868017378588e-05
2.399879429221712e-05 0.0003937611017902401 0.0005672978525906235 3.060089370268339e-06 0.0007632199539365701 2.581484025602224e-06 0.00016025432819113394 0.0009206138324297273 0.0005626701367771439 2.6178116144650933e-05 0.0 0.0003500546891860224 0.0007659446481947074 0.0022037234671741022 1.2549437012728556e-05 1.9802362286719905e-05 9.36835372759124e-07 1.1913119659765514e-07 1.3366926974602805e-07 1.1001648076565333e-06 4.662887148831896e-06 6.486595347696358e-07 1.6000490117908231e-06 1.534655169393724e-06 1.4269992462981608e-06 1.4084129426155036e-06 5.910560309414882e-07 1.1920017091288273e-06 1.2637969899194344e-06 2.918017498392434e-07 0.00011955756995981278 7.699564481747172e-05 0.00039584119416420015 2.561626536894073e-06 2.76911339912022e-06 1.4102722176931656e-06 6.408078198661297e-05 6.320169757794155e-06 4.976446405368435e-06 2.0093000091702717e-06 8.36105899915118e-06 2.836882878086357e-06 6.190609047171388e-07 3.0380987998867316e-07 6.225549945318754e-07 8.151164011209722e-07 3.9088673371663316e-05 4.6747351194315633e-07 2.6227258072763663e-07 3.690497438790727e-07 9.181570804300783e-07 2.4418121648890984e-06 2.2278754801285477e-06 3.805995487572799e-07 2.7538243075843594e-07 1.4252360310644203e-06 1.9019556502433685e-06 1.0875348893238644e-05 2.170754137876328e-06 4.602040079237213e-06 1.8268733507678728e-06 3.3387076636915963e-06 3.2095815688735676e-07 3.678789775393703e-05 2.9250543591498566e-07 3.767614984360663e-07 1.0549135770075865e-07 4.5053886463843226e-07 1.775255621014885e-06 3.8159567922262945e-06 0.00012406882753133455 4.456853864993065e-06 4.801041548004927e-07 9.347900903584249e-06 1.4024311221805009e-05 3.092559093586257e-05 3.768497815811685e-05 1.1613476167848041e-05 1.8757874774356548e-06 0.0006992665299261617 1.4562465159167493e-06 6.610124907096993e-06 8.583296632941501e-07 6.93839903070031e-08 2.9526662045891874e-07 3.6466065882791854e-08 3.138431792538637e-07 0.0 2.589612957255373e-07 2.5318228651232637e-07 1.3440104584730285e-07 4.767339797404593e-07 7.143684556822019e-06 9.173104817090164e-07 2.47226999395715e-06 1.8514438043777377e-05 7.919144951018619e-06 2.75105508892189e-07 1.5363486761973625e-06 8.925112292726812e-06 1.2050349952783595e-07 3.075070037654913e-07 2.5274653287593764e-06 7.38260102069335e-07 7.84300241704087e-07 4.857326531402219e-06 0.0 5.341619472047573e-06 3.947556489124213e-06 5.2032378901526265e-06 3.345381300001023e-06 7.000589477923556e-06 7.327107408799516e-06 5.268484049549853e-06 3.5604006325055635e-06 1.2826899327354383e-07 0.0 0.0 0.0 0.0 0.0 0.0 0.0 0.0 1.9981476472171989e-07 2.629440220527042e-07 0.0 7.341068556752785e-07 0.0 0.0 1.3491517993577286e-07 1.6598321840429225e-07 4.5494713629072645e-08 7.09344669079463e-08 1.5201924381486354e-06 4.594749019216795e-07 0.0 0.0 0.0 5.23639875926793e-06 7.163073387584356e-07 5.924097564033512e-06 9.957978553170156e-07 3.1803550110083863e-07 0.0 2.672261298920835e-07 0.0 0.0 0.0 4.196752522588105e-08 0.0 5.982431114632066e-08 6.054923179643026e-08 0.0 0.0 1.2773780717838486e-07 4.906667221194511e-07 2.4039209045379616e-07 5.811425350164708e-08 0.0 0.0 5.8283393816180946e-08 7.699754671328529e-07 0.0 1.3610582578453604e-07 0.0 5.094830685712287e-06 2.915348574733023e-07 0.0 0.0 0.0 0.0 5.216242257187767e-08 0.0 6.178655411052767e-08 1.1539582026954728e-07 1.5202894795966432e-05 1.039147156122657e-06 1.1805176002618767e-07 0.0 2.4335262137055605e-07 4.610125923018597e-06 4.044647509221383e-07 4.541131047624754e-06 1.1463768347360698e-07 7.278251123454134e-07 1.0688510247752163e-07 0.0 0.0 0.0 0.0 0.0 0.0 0.0 1.6873178409204169e-07 1.1446145878038702e-07 0.0 8.962622534155632e-06 3.3276271416694616e-06 4.161688578991894e-06 0.00010417953203869872 4.862021831761442e-06 5.725387529899422e-05 2.979742510907486e-05 1.8811611302561857e-05 6.277843571202617e-06 9.208446059973669e-07 1.1014796268862261e-05 4.2904238233786645e-06 0.0 5.214606941285039e-07 4.217180436805938e-07 3.461600458099343e-06 0.0 0.0 0.0 2.666186688593121e-06 0.0 1.1492091767594393e-05 8.003783022418865e-06
