0.0 0.0009355239121267334 0.0001656739223117416 0.0009583955630547727 3.118149419580509e-05 0.00014856198449614882 0.00044328165681569896 7.77616826940498e-05 1.6657005031266226e-05 0.0006377196927843253 0.00015205057005274902 2.593651029251074e-05 0.00015794345034739787 0.00010090272376435646 1.3391070472473396e-06 1.0998777100800843e-06 9.659101152676413e-08 5.82106206954788e-08 8.694324218244659e-08 8.405978916986645e-08 3.948191030270418e-07 0.0 2.512649008230433e-07 3.841388037760566e-07 3.049409007414587e-07 0.0 1.8949756118349356e-07 1.0217833525162948e-07 4.6900503945655304e-08 0.0 0.0006436780108314014 1.921960470974619e-05 3.7998588824024965e-06 1.2477586165817706e-07 1.4286526924779666e-07 0.0 1.064870816298331e-06 2.4369222501987886e-07 3.1737292862792646e-07 5.915148686212762e-08 1.9177973894185753e-07 5.5499936613081415e-08 0.0 3.8914096024614607e-07 2.267137414641428e-07 1.9626039000188375e-07 2.412332774794102e-05 4.5893833790855576e-07 8.887911813830845e-08 0.0 3.2590313447377524e-07 0.0 0.0 6.787155406710061e-08 7.860294955683454e-07 3.0136956441675054e-07 3.53352885321383e-05 0.0003295026538163959 4.418042250545067e-06 9.586922735068988e-06 2.275813250838877e-07 1.2064423836978898e-06 1.6090508270765723e-07 4.362884824594e-05 1.109922577168073e-06 5.205404983519946e-07 2.519940307996335e-07 2.464776543188807e-07 3.664316778002972e-08 7.859945995610751e-08 5.028411040296392e-06 2.7687095123393032e-06 0.0 6.588017120598275e-05 4.231899090963149e-05 1.844785160955295e-05 3.726780072034377e-06 1.0184064829417214e-06 1.0163260573328915e-06 2.5793742000437904e-05 2.4826258648820076e-07 1.8941715254707438e-06 5.034789469580041e-06 0.0 8.074782548561474e-07 1.8265366133495354e-07 1.2990619271259194e-07 0.0 0.0 5.327290864497366e-08 1.7288376062337448e-07 5.009157720279898e-08 2.989615070059265e-07 1.4806379300699436e-07 4.137132677593145e-08 5.388391901258512e-05 2.0776073064174616e-05 6.308854588906788e-07 1.6580423089700005e-06 0.0005103497764034758 4.651399270094142e-08 1.4334100210205701e-06 8.862940532878681e-07 9.535552641697005e-07 0.0 2.452574834540142e-06 6.510279019686227e-06 1.4065355676679892e-06 3.3033612486084814e-06 4.440812306761698e-06 9.679202768326434e-08 8.390577806248273e-06 6.085127094148974e-06 2.5980131820166253e-06 1.737136107808486e-06 0.0 0.0 0.0 0.0 0.0 0.0 0.0 0.0 0.0 0.0 0.0 0.0 1.1172375498238403e-07 0.0 0.0 0.0 9.509688355863592e-08 0.0 0.0 0.0 0.0 0.0 0.0 6.894062276717749e-08 4.273429488503555e-07 0.0 8.356102066527877e-07 2.291632908704403e-07 0.0 0.0 0.0 0.0 0.0 0.0 0.0 0.0 0.0 0.0 0.0 0.0 4.4146551547044136e-08 1.6089354593921298e-07 0.0 0.0 0.0 0.0 0.0 0.0 1.412574225922765e-07 0.0 0.0 5.187301883975528e-07 0.0 0.0 0.0 0.0 0.0 0.0 0.0 0.0 0.0 6.836288873149931e-07 0.0 0.0 0.0 0.0 1.2395899354829496e-06 0.0 5.384749530115835e-07 2.155302620980042e-07 0.0 0.0 0.0 0.0 0.0 0.0 0.0 0.0 0.0 0.0 0.0 0.0 2.22389955984399e-06 1.6635816999839812e-07 3.6236015191440917e-07 0.0001264925353118942 1.6091958922352093e-06 3.21093318789807e-05 6.1033261522788395e-06 0.0003112124121586792 1.3512060522604756e-06 1.463121451133636e-07 8.47353817088723e-07 1.9361471230235944e-05 0.0 0.0 4.5083904822047174e-07 3.304351367925838e-05 0.0 0.0 0.0 4.6653851252317995e-07 2.1194028061643478e-07 8.46178515464665e-05 8.39734473426837e-06
0.0009355239121267334 0.0 0.0011783311272490016 0.0004641716086038268 0.0005514714557738908 0.00011796439317809094 0.0012223673428816996 0.00015078162124955452 0.00045744007908791296 0.0006135328954597588 0.000886414266005137 0.0002661688731074907 0.0003936893754984201 0.0006437830451550144 5.287791397810618e-06 2.7982968298042817e-06 3.187817279859488e-07 9.04205359879628e-08 0.0 1.372807155895403e-07 1.0594498394209716e-06 0.0 4.098409133891579e-07 6.405642952152164e-07 7.052653186155525e-07 2.4452976645983103e-07 4.641394050360858e-07 4.954031220942443e-08 1.9565579812083084e-07 4.302196350746609e-08 0.0005997306021056765 3.499583324738397e-05 1.0129146712377513e-05 1.9795140387024544e-07 2.419821405472059e-07 7.409316714721336e-08 2.3458086851583716e-06 0.0 5.887282375108645e-07 1.4338757276001066e-07 3.914769244996527e-07 4.205324264411802e-07 2.689721851770505e-07 6.59902661245336e-07 4.453371881930414e-07 6.340590360096219e-07 5.2404134253714376e-05 5.040821507002965e-07 8.750106589855448e-08 2.100989657908901e-07 5.296100349244261e-07 0.0 1.0119510445641621e-07 7.713783368879702e-08 6.648725613456191e-07 5.902667362320297e-07 1.598310773265412e-05 0.00019998696067924176 5.22174812807636e-06 1.4472637045416911e-05 7.295918758808508e-07 1.7766842152500504e-06 1.6304003701557536e-07 0.00010766694567781452 8.858536375406894e-07 7.380852013331479e-07 1.494877997822634e-07 2.3766941390625265e-07 1.589859016823893e-07 5.241182194939092e-07 3.2651709799946106e-06 2.4420398675169963e-06 2.9281805824929763e-08 7.008799555488372e-05 9.725813452500398e-05 4.972488497414826e-05 3.040559448601467e-05 4.237514106037739e-06 2.8248096621407038e-06 4.6775433149539665e-05 1.1704645070387547e-06 4.378807471175901e-06 4.1687444324036195e-06 0.0 8.470912942738627e-07 1.9270647528443597e-07 3.773971448501253e-07 0.0 7.904567980025022e-08 0.0 2.7824732466425745e-07 3.632594546601002e-08 3.825603161000444e-07 1.9561250806642618e-07 1.4394335929708774e-07 1.130913605929117e-05 1.6002400619283467e-06 1.487068024822395e-07 5.853631624575698e-07 0.0003254862326947599 0.0 5.336809645627929e-07 8.629182064842302e-07 0.0 1.0238078612872758e-07 2.5697562542551745e-06 1.7369248529640825e-06 1.421971975017433e-06 2.5103919349770765e-06 1.4468056283776979e-06 3.575326649134764e-07 9.978893911498254e-06 8.953412799550016e-06 4.6077640877493e-06 3.973973406600606e-06 7.195253606602039e-08 0.0 0.0 0.0 0.0 0.0 0.0 0.0 0.0 0.0 1.1463741786937225e-07 0.0 5.76414962255705e-08 0.0 0.0 3.068626375568827e-07 0.0 3.587857846648015e-07 0.0 3.930757498059587e-07 7.006330001977739e-07 0.0 5.2721597069761575e-08 0.0 1.98363681703152e-06 9.735267363763925e-07 2.37086224516301e-06 8.320597079367635e-07 2.0362014022540296e-07 0.0 0.0 0.0 0.0 0.0 0.0 0.0 8.504651670835515e-08 8.296915307898321e-08 0.0 8.943546365743663e-08 0.0 1.3830954379284707e-07 4.347377938303186e-08 0.0 0.0 0.0 0.0 1.3928052667022879e-07 2.5088350426409734e-07 2.7745307638416573e-07 2.9092263085574714e-07 1.6672727609476748e-06 0.0 0.0 0.0 0.0 0.0 0.0 0.0 0.0 0.0 1.9768353780806757e-06 4.798396643354891e-07 0.0 0.0 0.0 2.2152946926288445e-06 6.765438022386673e-08 5.229749055556179e-07 2.2391578786173977e-07 7.076645689536154e-08 1.3438749591834449e-07 0.0 0.0 0.0 0.0 0.0 0.0 0.0 0.0 0.0 0.0 2.580913548417673e-06 9.087257266143874e-07 1.1143084962977109e-06 9.70847502052702e-05 1.9000684320882632e-06 5.194726062780807e-05 1.096087178570936e-05 0.0001426616032213558 1.8991390995846029e-06 1.5680156441570912e-07 2.368875029811207e-06 4.083387857667867e-06 0.0 4.670699616028417e-07 4.4319182594987666e-07 5.283290778669547e-06 0.0 6.765280762102953e-07 0.0 1.680212406645691e-06 2.8091334918622487e-07 2.7661324109925762e-05 1.07467765237003e-05
0.0001656739223117416 0.0011783311272490016 0.0 5.298137863664299e-06 0.0002853670306262043 1.595731322020251e-06 0.00010000097382940557 0.0009198700811684535 0.0005916642185698739 1.6956716772926628e-05 0.001698303750769623 1.0330971274930976e-05 9.039680438324363e-05 0.0007527299082706382 1.1608824242963575e-06 2.0101475500797947e-06 1.0705753430320401e-07 3.029739081180836e-07 7.745563982851457e-08 7.616608376382292e-07 6.511236857169042e-06 0.0 7.059748755250764e-06 5.520776439648309e-06 3.831339854045741e-06 2.955594059132012e-06 1.670528412159004e-06 3.6835290221550766e-07 9.345808171930613e-08 8.859834455947864e-07 0.0009827417960690341 0.00012928065349778384 3.118840372325189e-05 6.7834758763039e-07 2.7456769208859892e-06 1.0287505451725805e-06 2.938011725899169e-06 6.439407579750751e-07 1.1047987582545539e-06 6.6407969188792e-07 3.5737814395235296e-06 1.1067232061329258e-06 4.211915780758796e-07 4.254435651060654e-07 4.7461712298082777e-07 3.4620003360881544e-07 7.628461836107642e-06 0.0 2.4994648886268967e-07 1.9861822287541315e-07 1.4134025441588737e-07 3.4365263128901075e-08 4.524094834494918e-08 0.0 5.487534249096536e-08 7.361247363779479e-08 2.7820398274874026e-06 6.674019579529746e-05 9.182085217226798e-07 2.045938149119065e-06 9.818453675158865e-07 7.35906129366844e-06 2.2795374998091293e-07 2.8591612373519004e-05 2.474987872026168e-07 1.1630314711628757e-07 6.140271875304955e-08 0.0 3.9357684305478793e-07 2.1879365458965032e-06 4.336826605527763e-06 7.867452559364549e-06 3.554153216456249e-08 1.0807600814037746e-05 1.2732272288335623e-05 9.002713889179746e-06 6.358477732939827e-06 2.104646555752903e-06 1.4026543254832193e-05 0.0003014224438517188 1.5682669065890772e-06 1.7479305980866966e-05 7.31390012448401e-07 0.0 1.3255774270489082e-07 6.910104129948602e-08 9.257837129450742e-08 0.0 4.1716498192507965e-08 0.0 7.083973323135379e-08 0.0 3.3763182598931137e-06 6.664257302401707e-07 1.0022225830553073e-07 9.631712025916619e-06 2.1955610051757938e-07 0.0 8.170532540537745e-07 7.717556085941423e-05 5.771937143111567e-07 7.087940605079641e-07 1.6600902918816735e-06 6.581659878597638e-07 6.052561753224731e-07 3.150271290852301e-06 1.16027156560542e-06 1.8044284881505811e-06 3.7111760942878265e-06 2.2759905475236743e-06 1.715907025361325e-06 1.2304562432983268e-05 1.2068642778853497e-05 8.340870408092854e-06 9.513106500051726e-06 8.012135691035388e-08 4.128295202419243e-07 0.0 0.0 0.0 3.780457099858676e-08 0.0 0.0 0.0 0.0 9.115074355772933e-08 0.0 5.484156600052548e-07 0.0 0.0 0.0 4.9246688254330196e-08 0.0 0.0 2.8529465050302917e-07 1.7266066964458378e-06 0.0 3.9542401787550203e-07 1.6050150077219285e-07 6.263716962183081e-06 6.592024741171712e-07 6.563924704144738e-06 4.597640891748671e-06 9.89789794332159e-07 0.0 4.743232878547366e-08 1.612901840754199e-07 1.0360908707698225e-07 0.0 5.414631809987376e-08 0.0 0.0 6.340722776733225e-07 5.897060027038001e-08 0.0 4.872986276621735e-08 3.808862145441854e-07 0.0 0.0 3.96326845313571e-08 0.0 1.9478139802551794e-07 1.1822053349862576e-06 1.6082908599234945e-07 4.1718498106068685e-08 9.447058764671975e-08 6.2911876506350535e-06 5.848989247586454e-07 0.0 0.0 0.0 0.0 4.0893052416611935e-08 0.0 0.0 0.0 4.742348870171682e-06 9.042613636702402e-07 2.8292983967022806e-07 0.0 0.0 5.977315912295329e-06 4.399087815125858e-08 2.291196477257067e-06 1.2295418262990643e-07 1.7303820425864754e-07 2.683409888558194e-07 1.6055055144718004e-07 5.684374188583584e-08 0.0 0.0 0.0 0.0 0.0 0.0 0.0 0.0 3.359128055674598e-06 3.060112976449982e-06 3.539059747700633e-06 2.0829497897930177e-05 1.646864223780655e-07 1.178672116889799e-05 3.156420708295054e-06 1.0507328168049041e-05 3.747928536847941e-07 8.218527267375779e-07 5.53560257523797e-07 6.410293949886816e-06 0.0 1.601577671816701e-06 8.977065693385477e-07 2.763883531484453e-06 0.0 0.0 4.952114719925566e-07 2.932131622903198e-07 4.7697876314321646e-08 7.729978349032549e-06 1.2648647927550855e-05
0.0009583955630547727 0.0004641716086038268 5.298137863664299e-06 0.0 1.1476615329902237e-05 0.0002406354815903386 0.0002783752788481711 9.959261756923881e-06 1.100107105444775e-05 0.0008563445940963172 3.446759581772976e-06 4.518980376667482e-05 0.0003987058230961671 9.557783089869849e-05 3.0727228134214603e-07 3.8800754650107176e-08 1.1933620856939846e-07 0.0 5.48440519179251e-08 0.0 1.4498983270047537e-07 0.0 0.0 0.0 7.270531098337361e-08 0.0 0.0 0.0 0.0 0.0 7.256577960419157e-05 2.832455486956171e-06 1.248883195304981e-07 3.039804950466668e-08 0.0 0.0 8.473057384214135e-08 6.127445721596058e-08 0.0 0.0 1.6144720834449567e-07 0.0 0.0 0.0 0.0 9.274161889708586e-08 8.07422858182152e-06 1.6893340341343768e-07 0.0 0.0 6.415737609013628e-08 0.0 0.0 0.0 8.827170029244147e-08 7.858526181200868e-08 3.426045163416663e-06 3.425848578745646e-05 7.942328925579976e-07 2.362462452935147e-06 4.703626515859704e-08 9.396274003143926e-08 5.2897446612137294e-08 1.3949564277631417e-05 4.946938980895864e-08 0.0 0.0 6.027271169303136e-08 0.0 4.8875648390609436e-08 1.7343010502197109e-06 1.1434692421376434e-06 0.0 1.3809122667604586e-05 1.9110582092674953e-05 6.271420775175442e-06 2.6900793083703836e-06 2.175453923923496e-07 2.1867837758451805e-07 6.630471489383379e-06 0.0 3.987641219583903e-07 6.119944461960835e-07 0.0 1.1015678544208108e-07 1.2098547579490783e-07 0.0 0.0 0.0 0.0 0.0 0.0 1.2676233791149005e-07 9.936101913206623e-08 6.481911146409449e-08 1.994727328987278e-05 7.99687163027413e-07 0.0 0.0 0.00017000046454811063 0.0 2.0973317104208253e-07 1.2595517714601715e-07 0.0 0.0 4.298584022404819e-07 4.0369108602623436e-07 8.999141043603502e-07 0.0 1.5572555067419251e-06 0.0 7.29009261310775e-07 1.3967449970423412e-06 1.053482063195736e-06 9.1802054537525e-07 0.0 0.0 0.0 0.0 0.0 0.0 0.0 0.0 0.0 0.0 0.0 0.0 0.0 0.0 0.0 0.0 0.0 0.0 0.0 0.0 2.1187345120676564e-07 0.0 0.0 0.0 2.165475100564849e-07 1.9431078172029895e-07 0.0 1.9915778340572804e-07 8.710880024416972e-08 0.0 0.0 0.0 0.0 0.0 0.0 0.0 0.0 0.0 0.0 0.0 0.0 0.0 0.0 0.0 0.0 0.0 0.0 0.0 2.6455460281967165e-07 0.0 0.0 0.0 0.0 0.0 0.0 0.0 0.0 0.0 0.0 0.0 0.0 2.893941317023857e-07 0.0 0.0 0.0 0.0 2.7092108541470385e-07 0.0 1.74947556516183e-07 0.0 0.0 0.0 0.0 0.0 0.0 0.0 0.0 0.0 0.0 0.0 0.0 0.0 3.0731674215340223e-07 3.000786326351219e-07 4.5605887230127353e-07 2.0408428867352643e-05 2.418398144006192e-07 7.1859207118471265e-06 1.5034105141276276e-06 0.0001694167995203317 4.1577368181071364e-07 1.0338729542091483e-07 7.943012591683072e-08 2.260078465081449e-06 0.0 1.8348773398073286e-07 0.0 2.122479300522832e-06 0.0 0.0 0.0 2.685716093228389e-07 0.0 2.66941342083575e-05 2.5864610415659393e-06
3.118149419580509e-05 0.0005514714557738908 0.0002853670306262043 1.1476615329902237e-05 0.0 2.048003090925078e-06 0.0005856743008916869 5.688961918555869e-05 0.0018177598358192712 3.904810589399739e-05 0.000654590558767852 9.886724311355919e-06 0.00011161693245345148 0.0006192992658124198 2.8167714660853533e-06 1.0519870501726934e-06 3.470561612019679e-07 0.0 4.7215235684091597e-08 0.0 3.430930498848977e-07 0.0 2.2885940338379603e-07 4.920355657817336e-08 0.0 0.0 0.0 0.0 0.0 1.4131288603357255e-07 6.161740024437928e-05 1.493101442309896e-05 1.5000227288757773e-06 9.70576248994058e-08 3.636633502466044e-08 0.0 3.2556533230390624e-07 0.0 1.8983029835488814e-07 4.027817526581813e-08 9.736121115683362e-08 0.0 1.372333853370883e-07 3.5856372283407605e-07 7.735070647569296e-08 2.677169661375778e-07 1.818681620555989e-05 3.5071600922901763e-07 7.077568009920526e-08 1.1091333659373534e-07 1.3711957659147696e-07 0.0 0.0 1.1023203995344317e-07 5.026134626264066e-08 1.2806177243120758e-07 2.6750271297556113e-06 3.182670238657746e-05 1.2379195915286564e-06 4.96300705349037e-06 1.3472247833431109e-07 1.2514604752154188e-06 3.557079487493946e-08 3.761064021286482e-05 2.723236272792093e-07 2.5325984875988687e-07 6.812475119807437e-08 7.462074061798723e-08 0.0 1.812931021279443e-07 3.60028535299078e-07 1.4924386933151518e-07 0.0 1.9379670831820576e-05 3.6027813146767835e-05 2.1967770724913142e-05 1.3697934603754539e-05 1.8013800609019756e-06 1.136582303776622e-06 8.020367437731401e-06 4.6975677404619965e-07 1.2643354435846622e-06 1.3628565766576177e-06 0.0 3.3105180324492325e-07 3.570050355444974e-08 4.353684498022336e-08 0.0 0.0 4.155175997112648e-08 4.590088876543204e-08 8.587830684409228e-08 3.297558841012162e-07 7.812022601093354e-08 0.0 7.84563971953956e-07 8.790874703572715e-08 3.5688137629296275e-08 6.011476199811533e-08 1.3757345616666643e-05 0.0 2.4042774499759767e-07 6.71443339458518e-08 4.182932375080044e-07 5.3072457681436296e-08 7.40283693267545e-07 8.111997213379673e-08 0.0 8.309739536224603e-07 0.0 0.0 4.15505992448973e-06 2.1733901870343488e-06 2.225233436974425e-06 8.228808717406e-07 0.0 0.0 0.0 0.0 0.0 0.0 0.0 0.0 0.0 0.0 0.0 0.0 5.4372308332236356e-08 0.0 0.0 0.0 0.0 0.0 0.0 1.1507767834375868e-07 1.9545758308549802e-07 0.0 0.0 0.0 6.732427368411391e-07 5.194896586776965e-08 3.9078783937611473e-07 1.537083161229701e-07 4.8121190316191145e-08 0.0 0.0 0.0 0.0 0.0 0.0 0.0 0.0 0.0 0.0 0.0 0.0 0.0 0.0 0.0 0.0 0.0 0.0 0.0 0.0 0.0 0.0 8.884997374579895e-07 0.0 0.0 0.0 0.0 0.0 0.0 0.0 3.95589579042681e-08 0.0 1.36140302457549e-06 8.435423607075818e-08 0.0 0.0 4.4462730427901715e-08 2.523093122037534e-07 0.0 9.322079290696213e-07 0.0 0.0 0.0 0.0 0.0 0.0 0.0 0.0 0.0 0.0 0.0 0.0 0.0 6.903770490654528e-07 2.727566644633127e-07 5.853412193066068e-07 3.829597753254998e-05 5.187174094467729e-07 1.8266012894361256e-05 3.6767450576042417e-06 1.7419363608933422e-05 7.177710265472716e-07 8.969634679161352e-08 7.443724078515056e-07 7.180759450452547e-07 0.0 2.2581997885166973e-07 0.0 1.7977567703010703e-06 0.0 6.423343243019619e-07 0.0 8.805659778825266e-07 0.0 4.743678486616707e-06 3.1491995017729087e-06
0.00014856198449614882 0.00011796439317809094 1.595731322020251e-06 0.0002406354815903386 2.048003090925078e-06 0.0 3.243612666746243e-05 3.981555333556717e-06 2.2881616829595978e-06 0.00032984706884951536 1.6978924809956312e-06 4.3601025336686686e-05 5.430717279966587e-05 1.8522944003698406e-05 2.1753181223396286e-07 9.596108844242726e-08 0.0 0.0 0.0 0.0 5.2082916599956875e-08 4.7428613883925465e-06 0.0 0.0 0.0 0.0 0.0 4.8250445599148806e-08 0.0 0.0 3.358947459132426e-05 1.7778255385911484e-06 9.61476500683945e-06 2.5931672672407402e-08 3.44223693563363e-08 0.0 6.862026325955945e-06 3.91021757837236e-07 2.8341573916581624e-06 5.730393690234812e-07 0.0 0.0 0.0 0.0 3.378494970160252e-08 0.0 2.2430534307426764e-06 1.7847209051593186e-07 0.0 4.410444777677027e-08 5.6480993589206933e-08 6.20166476839573e-06 5.351420380589642e-07 2.2940268735566268e-07 0.0 1.0249692396621863e-07 3.5740366946400884e-05 1.686057611150027e-05 2.175771490943114e-06 4.16368078480245e-07 0.0 2.042608715382441e-06 0.0 2.760304515367453e-06 3.5982224297310625e-08 0.0 1.3041597502686048e-07 3.8299763881320655e-08 0.0 1.063498940810242e-07 6.651949921922819e-05 5.698326265678074e-05 2.049582969845306e-06 5.937673808916408e-06 4.279007877831971e-06 9.685913316795766e-07 0.0 0.0 1.088991161979509e-07 3.042175636821918e-06 0.0 1.2428734333167925e-06 4.082309084418292e-07 2.682116000382606e-07 0.0 2.702158705535348e-07 0.0 2.9310975682177127e-07 2.2378539287648892e-07 6.999384308392229e-07 5.767959457890238e-07 3.971107834802751e-07 0.0 0.0 3.8939489026469793e-07 0.00019997006692494315 0.00020624865563565126 1.2161411371740004e-05 1.6192603578550025e-05 0.0002658437837235597 2.04954830985268e-07 3.375979054057205e-06 9.271905838150202e-07 5.039247786201664e-07 0.0 2.9888797415928193e-06 7.805005985107384e-06 2.0605791436424767e-06 2.358830613014315e-06 3.950038838604123e-06 0.0 5.665740105777882e-06 6.696306401663532e-06 3.4849682719508875e-06 4.539844899095077e-07 0.0 0.0 0.0 0.0 0.0 0.0 0.0 0.0 0.0 0.0 0.0 0.0 8.179277535236741e-08 0.0 0.0 0.0 5.974044277302791e-08 0.0 4.934620569216745e-07 0.0 0.0 0.0 0.0 0.0 0.0 0.0 0.0 0.0 2.454365595650073e-07 0.0 0.0 0.0 0.0 0.0 0.0 0.0 0.0 0.0 0.0 0.0 5.755674212479489e-08 3.5286332325117754e-07 0.0 0.0 0.0 0.0 0.0 4.694139037724007e-08 4.0461945583858444e-07 0.0 0.0 1.595517995836802e-07 0.0 9.39015501295749e-08 0.0 0.0 0.0 0.0 0.0 5.073953988010834e-08 1.228567769020401e-07 3.4437799124221165e-07 4.5589955620578817e-07 0.0 0.0 0.0 4.4260260918068583e-07 0.0 6.051640302367995e-08 7.48648139197041e-08 0.0 0.0 5.088965140448508e-08 0.0 0.0 0.0 0.0 0.0 0.0 0.0 4.7946210301450515e-08 0.0 2.9420733795409426e-06 1.2331298078670725e-07 2.3569561412367705e-07 3.843469873867438e-05 6.186055610748838e-08 2.5626740448309557e-06 4.5893863913777186e-07 0.00013146960322970257 3.821885247160105e-07 2.1654711628468445e-06 4.5702131828055194e-07 8.592588466348384e-06 0.0 1.4112027324057445e-07 0.0 2.174258730861039e-05 0.0 0.0 0.0 4.9735188879729665e-08 0.0 5.945480498518188e-05 2.4571344213188825e-05
0.00044328165681569896 0.0012223673428816996 0.00010000097382940557 0.0002783752788481711 0.0005856743008916869 3.243612666746243e-05 0.0 4.7745474216696115e-05 0.00048470988021942897 0.0008830898963633005 7.116655947344498e-05 0.00014337594758234414 0.0016362711583835156 0.0015299907887882218 9.301022185287994e-06 4.102353963390121e-06 6.3333664797766e-07 6.801825580096539e-08 2.0614055613396112e-07 2.843675849821317e-07 7.411811110015415e-07 0.0 2.673616957786108e-07 1.2324211117899073e-07 1.8657596696229086e-07 0.0 8.107337166346701e-08 0.0 0.0 1.0791734807243812e-07 0.00017795520450248468 3.706346601783512e-05 5.932499635036449e-06 1.8556480259179998e-07 1.2281455512444434e-07 2.554335622621396e-07 6.231451909522163e-07 1.3503148671763493e-07 9.969397679082541e-08 0.0 2.8216333553260776e-07 2.4310670995404893e-07 2.5782544024803904e-07 1.191148532298765e-06 8.803308700318188e-07 6.49014305769462e-07 5.776969910991505e-05 8.634627947475497e-07 2.4219191719462974e-07 1.9960699380384437e-07 5.98571259285644e-07 0.0 3.963474344857879e-08 7.885390858578466e-08 4.5177914112861665e-07 9.188489132986519e-07 1.2593949204755313e-05 0.00011829849978097982 4.717643071533791e-06 1.5587496393682372e-05 8.663744918809913e-07 3.1988639390522434e-06 3.619334343329394e-07 0.00010255186259789962 9.94600868998979e-07 1.375415248138682e-06 3.948024515728296e-07 3.0894708162556895e-07 1.7857911073507772e-07 5.3182415972352e-07 2.020412078481145e-06 2.8939651327646915e-06 0.0 6.520186516314058e-05 0.00011200478884810051 7.056024655652937e-05 4.152593953743498e-05 6.394340350605473e-06 3.47276766263359e-06 1.9250229566218107e-05 1.322463648587613e-06 5.0357958639703585e-06 4.935121047585317e-06 0.0 1.1686399709911116e-06 2.568280330469178e-07 3.2003386641322855e-07 0.0 3.340124889442354e-08 1.1308767739806765e-07 2.3851205761014936e-07 2.1944649655917496e-07 7.721432044503629e-07 3.114871705968713e-07 3.650327631082125e-08 1.2375824045495895e-05 6.736872642118495e-07 3.907346336012141e-08 5.74392673885649e-07 5.337661138017698e-05 3.9462608031387284e-08 2.577744393467846e-06 3.2084208707077957e-06 4.588875885492243e-07 1.0776479876522725e-07 6.4304092854407375e-06 3.1977161687848227e-06 4.439826439434477e-06 7.871242178180223e-06 4.717873974597291e-06 7.119111369633605e-07 1.5964375532971163e-05 1.920002770185662e-05 1.253940813974184e-05 8.18485286879661e-06 5.224827591250627e-08 0.0 0.0 4.491259607720017e-08 0.0 0.0 0.0 0.0 0.0 0.0 0.0 0.0 2.111225178247253e-07 1.2899683450089215e-07 0.0 0.0 0.0 1.2103020988627793e-07 0.0 4.539816266792237e-07 9.094647226241802e-07 0.0 5.691650892707038e-08 0.0 5.454353254657543e-06 8.048285060282355e-08 3.4537007662366048e-06 2.270834357338482e-06 4.45532019834237e-07 0.0 0.0 0.0 0.0 0.0 5.8597138151104315e-08 0.0 0.0 0.0 0.0 0.0 1.3526226556290228e-07 9.374424015856189e-08 1.0886626358062328e-07 0.0 0.0 0.0 1.082652585010652e-07 4.737934660339345e-07 3.159225316889321e-07 3.7528120214285746e-08 3.68089109269209e-07 2.7293650296371443e-06 1.3353478743207146e-07 0.0 0.0 0.0 0.0 0.0 0.0 0.0 0.0 4.176683691741376e-06 4.194432374927181e-07 0.0 0.0 0.0 4.29677362860307e-06 0.0 1.43051661812748e-06 0.0 2.432000599565886e-07 2.2352714627431992e-07 2.830479587885448e-07 4.9128662299688655e-08 0.0 0.0 0.0 0.0 0.0 0.0 0.0 0.0 6.07578647612539e-06 1.7482222373449634e-06 3.1357315807710987e-06 0.00012259185341454305 2.9500790179972707e-06 6.701504217068256e-05 1.0991599050798501e-05 7.398824030963815e-05 2.675967297194696e-06 3.415669357216211e-07 2.0553551116690118e-06 8.567338132239923e-06 0.0 1.6181721843905998e-06 5.691676140063013e-07 7.969861378443136e-06 0.0 0.0 0.0 2.6899171787319073e-06 0.0 2.821208017809183e-05 1.366473080595331e-05
7.77616826940498e-05 0.00015078162124955452 0.0009198700811684535 9.959261756923881e-06 5.688961918555869e-05 3.981555333556717e-06 4.7745474216696115e-05 0.0 0.00012849619426353898 5.500478931843925e-06 0.0014368837772709107 4.485423791629774e-06 6.710523432523714e-05 0.0006253411445087487 2.546676329443952e-06 5.259455529361727e-06 2.8102897462350234e-07 4.773345365860296e-07 2.0888415183734702e-07 2.499071573328438e-06 1.2514050412759529e-05 0.0 1.7088148381074934e-05 1.2720979677040367e-05 1.4451995965505704e-05 6.632783746587008e-06 5.367216176132495e-06 8.07624319971565e-07 9.353765778301467e-07 1.9177773995993355e-06 0.0007474652798903207 0.00044482885202123734 6.698103484239371e-05 1.829407675593316e-06 9.471786124489757e-06 3.2515631799454157e-06 7.208595829620554e-06 3.413946565218242e-06 4.1414661797336655e-06 3.2263443506864474e-06 9.586927033019867e-06 3.451907110841831e-06 8.782637016139683e-07 1.921810377461886e-06 6.225171559850301e-07 9.291933109187422e-07 1.9989725529557366e-05 4.5322624628442083e-07 7.084745091020644e-07 4.296773262159282e-07 1.7511703055771992e-07 7.662213858660976e-08 1.9631639379249588e-07 3.998356004921987e-07 3.152128791313682e-07 1.475708826343026e-07 6.858813303336927e-06 8.704405055206547e-05 1.8068777704876765e-06 4.063016163628929e-06 2.6740023324339847e-06 3.408518948876298e-06 3.840466058976334e-07 9.690368650627056e-05 3.554833466557923e-07 2.1267481408618595e-07 0.0 3.403593885347428e-08 3.2431514720834957e-07 4.670874574304967e-06 7.200261970878349e-06 3.4453398605267656e-06 1.0287820562329852e-07 2.2778556628733196e-05 3.9442648661142e-05 1.9571558749316607e-05 3.7433114503805105e-05 1.9861320725368655e-05 0.0002666723339838012 0.0016639651517584453 4.953374472930566e-06 6.0311036198079316e-05 1.2862793522788167e-06 0.0 2.1975227216296975e-07 1.8768179494314161e-07 2.722464132252124e-07 0.0 0.0 3.6411348607056085e-08 0.0 0.0 5.5133664555711285e-06 1.217015203122265e-06 1.661114260046591e-07 6.084052851759468e-06 9.619277470189094e-07 4.356326619850704e-07 2.415436222335455e-06 5.7455785301965076e-05 0.0 7.324408893881691e-08 5.223921108691036e-07 1.7470820971825408e-07 1.479411833995335e-07 1.8292124107410305e-06 7.307857186911087e-07 1.5624425868963535e-06 2.8263278636025012e-06 1.2206653869707417e-06 4.6675428891128597e-07 6.447214636727959e-06 7.309902887312719e-06 2.8225229752604606e-06 3.8378442437237e-06 0.0 2.5832466090699697e-07 0.0 0.0 0.0 0.0 0.0 0.0 0.0 0.0 0.0 2.2743044340646275e-07 5.867629622045687e-08 0.0 6.662146213521917e-08 0.0 0.0 5.18214682728172e-08 0.0 3.99336491629651e-07 5.755110603299153e-07 0.0 0.0 0.0 2.967190287739254e-06 3.3039894326375475e-07 2.477206524579876e-06 2.004171137581869e-06 3.105423387631152e-07 5.949123615280813e-08 9.852774148298191e-08 3.9788777163681e-08 0.0 0.0 5.400479626634947e-08 4.2593885736338616e-08 0.0 1.2170965567488958e-07 0.0 0.0 0.0 3.098478346191371e-07 1.687964900763794e-07 0.0 0.0 0.0 9.61016041082595e-08 3.268780488582499e-07 0.0 0.0 0.0 2.2849287481577353e-06 9.643802745573574e-08 0.0 0.0 0.0 0.0 0.0 0.0 3.8849072437516204e-08 0.0 2.3468936506868916e-06 4.843719777588636e-07 1.0217416772989267e-07 0.0 4.966617322914941e-08 2.2024338447673037e-06 0.0 1.345875391355301e-06 1.247971557688695e-07 2.8988679053315447e-07 2.9645442281928794e-07 5.338746269998651e-08 0.0 0.0 0.0 5.7356142099377194e-08 0.0 0.0 0.0 1.0237650059966889e-07 0.0 2.334184731041394e-06 1.827003040394827e-06 2.050128163672514e-06 4.268681240003279e-05 6.242763656636303e-07 2.181369141240283e-05 5.924083209987107e-06 1.7356796642364263e-05 9.930634323437113e-07 0.0 3.89828747289143e-07 1.8235172096912075e-06 0.0 6.047743265834824e-07 6.263165600920576e-07 2.2331097300895756e-06 0.0 0.0 3.913063107558226e-07 4.6797453120163704e-07 2.9676834713920596e-07 6.373771221000618e-06 6.498428180965605e-06
1.6657005031266226e-05 0.00045744007908791296 0.0005916642185698739 1.100107105444775e-05 0.0018177598358192712 2.2881616829595978e-06 0.00048470988021942897 0.00012849619426353898 0.0 2.2764280000448904e-05 0.0005531248922974579 6.768280443011242e-06 0.00018233437264130177 0.0008801373110281642 4.511600691280745e-06 2.743138518177208e-06 2.288256067078932e-07 3.8009891316880706e-08 4.932944865245672e-08 3.24272940958033e-08 2.3813292182305465e-07 0.0 3.700984447829577e-08 9.585504954732672e-08 1.1522034919594366e-07 8.396517214134414e-08 0.0 4.016883837661592e-08 0.0 0.0 4.495851895880388e-05 1.959688477891116e-05 5.273139798155517e-06 1.0411201875566854e-07 8.914551656205653e-08 9.098704255859832e-08 7.762162644314355e-07 2.698993687052699e-07 1.236257778261555e-07 3.850242592941587e-08 7.30973157794678e-08 5.119974359189699e-08 1.1037260530656887e-07 4.445983148487542e-07 1.0634484771528479e-07 3.558471352801275e-07 2.5282234099261128e-05 2.069909479501777e-07 2.606435637861206e-07 1.773742187129423e-07 1.6589133613839183e-07 0.0 0.0 2.8889179937667645e-08 2.3768626410963855e-07 4.556706778994945e-07 3.733776716833846e-06 3.101455255723626e-05 1.7095936646938854e-06 6.641320666428382e-06 4.122901553553273e-07 1.2421766684009634e-06 3.892920251454656e-08 4.265293535493284e-05 4.61866658547107e-07 4.594615761629772e-07 1.3237401151559407e-07 1.0742447496521643e-07 7.161944487266007e-08 1.6225734103120714e-07 7.258347463441684e-07 9.374409358104624e-07 3.4882240784350085e-08 2.2547966343638968e-05 4.615879723004196e-05 3.4297275545687443e-05 2.474663587284478e-05 3.1714053277180343e-06 1.964851790439276e-06 2.4014258511766722e-05 6.095083921563909e-07 2.229719146822014e-06 1.880825763785298e-06 0.0 4.966247432069881e-07 7.459642489876283e-08 1.0268102470476028e-07 0.0 0.0 3.7835585186057284e-08 0.0 0.0 5.846465754171158e-07 1.485425083410431e-07 0.0 1.6572693734333363e-06 0.0 1.0105458257967228e-07 1.2646431352547103e-07 1.0619418255024091e-05 5.3304770621888446e-08 2.861711343592105e-07 2.072562594643819e-07 3.629289099405284e-07 9.841500101417944e-08 1.2545401216115798e-06 1.2629969020595562e-06 4.79102789352035e-07 1.6519272533961136e-06 2.209156619416274e-06 1.1982471323189053e-06 5.163997180059725e-06 4.538770464167308e-06 3.1196206808351074e-06 3.3831461480113443e-06 0.0 0.0 0.0 0.0 0.0 0.0 0.0 0.0 0.0 0.0 0.0 0.0 0.0 0.0 0.0 0.0 0.0 6.973678711352221e-08 0.0 7.91064007782828e-08 8.30561673305189e-07 0.0 0.0 0.0 1.4903598080124184e-06 7.084372684756355e-08 1.424911795158958e-06 9.298073216473564e-07 1.6613439085059327e-07 0.0 0.0 0.0 0.0 0.0 5.129729838164356e-08 0.0 1.3127654963277532e-07 0.0 0.0 0.0 0.0 4.0853617475086625e-07 4.7339823466922305e-08 0.0 0.0 0.0 0.0 1.6017247462052666e-07 0.0 0.0 0.0 7.153947068951291e-07 0.0 0.0 0.0 0.0 0.0 0.0 0.0 0.0 1.4127540939249972e-07 1.5451250869375149e-06 2.5735181786156733e-07 4.9761774687172876e-08 0.0 0.0 2.035014944217758e-06 0.0 9.20945350637791e-07 0.0 1.3115195563903292e-07 0.0 1.8128849984238995e-07 0.0 0.0 0.0 0.0 0.0 0.0 0.0 0.0 0.0 1.7680145495933548e-06 6.190405609070776e-07 1.0063949244595734e-06 6.224966345428051e-05 9.350627156193458e-07 2.9332707578295655e-05 4.965711315490093e-06 2.3162113050848366e-05 1.7827173333716084e-06 1.5613291629705189e-07 1.2959185909359427e-06 3.3328183605210144e-06 0.0 5.704404502967524e-07 0.0 2.7439687680068484e-06 0.0 0.0 2.782528120047261e-07 1.279469485120823e-06 0.0 4.739263053234766e-06 3.489446413802595e-06
0.0006377196927843253 0.0006135328954597588 1.6956716772926628e-05 0.0008563445940963172 3.904810589399739e-05 0.00032984706884951536 0.0008830898963633005 5.500478931843925e-06 2.2764280000448904e-05 0.0 6.569065533192619e-06 0.0006124280792333152 0.002565443789755065 0.0002943155571897398 1.4752660846094236e-06 5.57278214840518e-07 4.546058792011972e-08 0.0 0.0 3.685163081963339e-08 0.0 1.0358524959795713e-07 0.0 2.0559231896003023e-07 1.3804255222703363e-07 0.0 0.0 0.0 1.1286242626419484e-07 5.449442727767453e-08 5.6500340650513404e-05 8.41637016351353e-06 2.0069202616177404e-05 3.7055513311873585e-08 0.0 0.0 9.184534452982056e-06 0.0 3.5294760221720967e-07 9.214089951946501e-08 0.0 0.0 0.0 1.4423416039282372e-07 1.512831818104839e-07 1.5217465259654734e-07 1.4323911563617799e-05 1.1150191984993485e-07 9.24966139586171e-08 3.887353411316509e-08 1.832402074121223e-07 1.8847246884356188e-07 0.0 0.0 1.8556356662037584e-07 1.7656820075521834e-07 5.920389937938857e-06 3.119921568140865e-05 9.442997791125025e-07 2.08920188478547e-06 1.321095664235691e-07 4.80550111268657e-06 0.0 1.898361488473626e-05 1.7442472507647623e-07 1.2061831154007498e-07 8.098755239133842e-08 7.766111852505632e-08 0.0 3.464147448255685e-07 3.919030660501187e-05 3.5996695379923228e-06 2.047544421308474e-07 1.5200910785722977e-05 2.179532923709954e-05 1.0239794256111384e-05 4.977244161743643e-06 7.836487351143516e-07 6.253198236693975e-07 6.005379863925448e-06 1.6886959250684467e-07 4.258779444681825e-06 7.335337893563596e-07 0.0 2.4455510697948253e-07 6.392233655945693e-08 4.26172822406345e-08 0.0 0.0 0.0 0.0 0.0 4.6884439422596817e-08 0.0 0.0 8.194236975623774e-05 9.277878741483031e-06 0.0 1.670743415288606e-06 0.00013157237842735566 5.170706949059636e-08 4.61541407698105e-06 3.7962612987650317e-06 1.8436077450747918e-06 2.477746262121174e-07 1.341024973978994e-05 6.324241010839039e-06 3.475735562306818e-06 1.309943552768443e-05 1.0738344661429979e-05 2.0881455546652476e-06 2.377143534545811e-05 2.648881589308257e-05 1.5220237031158954e-05 8.17951543489225e-06 0.0 2.287284059401123e-07 5.816797657588878e-08 0.0 0.0 0.0 0.0 0.0 0.0 0.0 0.0 0.0 2.412582494746172e-07 0.0 0.0 0.0 0.0 0.0 0.0 5.964301530697075e-07 3.958123333900587e-07 0.0 2.4209053027237703e-07 0.0 3.1808654778423437e-06 9.175765738811352e-07 2.697998071699597e-06 1.6624105735831897e-06 9.864970111853554e-07 0.0 0.0 0.0 0.0 0.0 0.0 0.0 2.1318941917337346e-07 3.5234857841847724e-07 0.0 0.0 7.103748865922237e-08 1.8083474926783609e-07 1.0720607446692592e-07 0.0 0.0 0.0 1.896104817687347e-07 6.012376875168705e-07 5.477187180784424e-07 0.0 0.0 1.9427588881848474e-06 5.665442087602772e-07 0.0 0.0 0.0 0.0 0.0 0.0 0.0 0.0 3.612031879449749e-06 2.9093594705038755e-07 0.0 0.0 0.0 4.327274937619859e-06 0.0 1.2505903544382528e-06 1.2731165888950898e-07 4.347240056063903e-07 4.6372306278257654e-08 0.0 0.0 0.0 0.0 0.0 0.0 0.0 6.304072249022851e-08 0.0 0.0 9.208856553918225e-06 2.1960924232008973e-06 1.1291822167872017e-06 5.2838608478191205e-05 2.208992784882542e-07 1.4975902995369784e-05 2.926965712641228e-06 0.00024045782913520425 8.176760780660621e-07 1.6598396878063255e-07 6.372627484720331e-07 1.7498717877880453e-05 0.0 1.2644516217930794e-06 2.2866348638578452e-07 2.248663303492939e-05 1.0606941552049916e-07 0.0 2.5151338387205244e-07 1.5896900489716577e-07 0.0 0.00019719669969776822 4.248579067855573e-05
0.00015205057005274902 0.000886414266005137 0.001698303750769623 3.446759581772976e-06 0.000654590558767852 1.6978924809956312e-06 7.116655947344498e-05 0.0014368837772709107 0.0005531248922974579 6.569065533192619e-06 0.0 1.0592003424406312e-05 0.00039516534318935096 0.0015965179660451588 5.337851588171247e-06 1.0231412264356395e-05 4.275785691012767e-07 2.447694641742699e-07 0.0 5.207538897500159e-07 2.657496294296957e-06 1.8833817651123227e-07 4.646038669489219e-06 5.028024665691735e-06 9.085276457347468e-06 3.5770228988016714e-06 3.2758681294489814e-06 8.421640569259051e-07 8.598618137413961e-07 1.649323490158275e-06 0.0003853403314653427 8.735334251319476e-05 9.017188860133603e-05 2.581140519974081e-07 4.074661188263779e-06 1.9039759029530545e-06 2.4310305259659743e-05 2.495164124201838e-06 5.004120487686098e-06 1.7991210653714548e-06 3.5952393971715284e-06 2.268388009657156e-06 5.311836874056959e-08 2.2413947291423258e-06 2.8113704759217786e-07 5.572035814203242e-07 1.861173362881032e-05 1.729131817119993e-07 8.466292956085989e-07 4.4630632487692636e-07 1.5897001106485786e-07 4.551970337748318e-08 5.7859020985314234e-08 5.073779461392649e-07 1.8186887227334945e-07 3.3842291633135974e-07 3.634012432522811e-06 5.7255253102808365e-05 1.2501983931185403e-06 4.542407406352086e-06 3.9820732614816534e-07 1.4099927008541942e-06 5.711835734573562e-08 4.118637894356768e-05 2.748619865116089e-07 1.8788073044422927e-07 6.773391405337587e-08 1.9314318001188598e-07 7.596563590574136e-08 1.039752814979564e-06 1.8102648051508497e-05 1.0281062283004268e-06 0.0 1.8839994051871775e-05 3.0065296119687176e-05 2.7067407124630683e-05 2.6499940878082515e-05 7.439322976811818e-06 1.2304682415375088e-05 0.0004457332804988026 2.06461605301212e-06 8.882188412136542e-06 1.800306184956259e-06 0.0 2.714843033076052e-07 1.282033346356578e-07 6.899428193863068e-08 0.0 0.0 4.153492218956393e-08 1.4705604153247125e-07 6.977337869968076e-08 1.050981742691916e-06 7.120114773469956e-07 1.3545028228125774e-07 5.201525306484921e-06 1.4076292533165066e-06 1.0752052050342496e-07 3.76913068257115e-06 6.329516935600675e-05 0.0 2.885331751254026e-07 1.2671256677074807e-07 0.0 0.0 3.036525837536471e-07 0.0 2.3859068154109746e-07 4.518786927264679e-07 2.0708880086368492e-07 2.2151704060752302e-07 1.9132977329688107e-06 2.1355731321032867e-06 1.8975888529239963e-06 1.3143291585575865e-06 0.0 1.2278270556935293e-07 0.0 0.0 0.0 0.0 0.0 0.0 0.0 0.0 0.0 0.0 4.059941914515017e-08 0.0 1.903315437710535e-07 1.1122351573391071e-07 1.7093940987852624e-07 0.0 0.0 0.0 4.732984874276538e-08 0.0 0.0 0.0 9.23945627793603e-07 5.29282946577204e-07 6.801553169510287e-07 4.2157898369187516e-07 1.8797301216996013e-07 0.0 0.0 0.0 0.0 0.0 1.0327467295943429e-07 0.0 7.933650884508877e-08 5.672616311683523e-08 0.0 0.0 0.0 4.4511191066279374e-08 2.587813647700543e-07 0.0 0.0 0.0 9.440243531286289e-08 0.0 0.0 0.0 0.0 4.5202022077090374e-07 4.228931504940963e-08 0.0 0.0 0.0 0.0 0.0 0.0 0.0 0.0 1.0049326864174626e-06 1.5915045978733207e-07 0.0 0.0 0.0 3.3610861884324626e-07 0.0 5.919437413890986e-07 0.0 7.646885018090905e-08 3.229367875284675e-08 0.0 0.0 0.0 0.0 0.0 0.0 0.0 0.0 0.0 0.0 1.3211273740452694e-06 5.79347155397688e-07 6.410541032375244e-07 5.221314866057254e-05 1.3222635889115113e-06 2.571743070866447e-05 4.896954958050615e-06 1.7786251822902153e-05 1.0321553390060643e-06 7.892503905179171e-08 8.643345986817804e-07 6.603338755268616e-07 0.0 1.6380360339197132e-07 0.0 4.4217524876985737e-07 0.0 0.0 0.0 1.389618280225029e-06 0.0 3.136145696412771e-06 2.8514187480808757e-06
