0.0 0.0008460302289665481 0.0002891382778796997 0.0007589780464136848 3.163735012379227e-05 0.00011418846507341534 0.0002267544674141231 2.0178755651169695e-05 1.8333462972226585e-05 0.0002680750201086556 7.122671256092163e-05 4.291747680761395e-05 6.723361995717403e-05 1.9380468246855773e-05 6.46606541368993e-08 2.302377703762289e-07 2.0088675509245934e-07 0.0 4.2454373217201476e-08 4.518638839112452e-08 0.0 0.0 0.0 0.0 0.0 0.0 0.0 0.0 0.0 0.0 0.0005872593537531819 5.761575730100129e-06 1.4984906561781521e-06 0.0 0.0 6.506978489001899e-08 1.0082576374791067e-06 2.1743755571959694e-07 1.4772607162932335e-07 0.0 7.551941520520683e-08 9.19155469589975e-08 0.0 2.540548770627745e-07 3.236483544121031e-08 1.851028954153316e-07 9.128670022319388e-06 2.2486669243702249e-07 5.886219956438793e-08 0.0 0.0 3.187187200497696e-07 2.1928834888528804e-07 0.0 5.866368194490089e-06 1.875651869114981e-06 4.723153203393007e-05 0.00042679209905195046 3.3823917185308034e-05 4.452079436904894e-06 3.9628786509106027e-07 0.0 6.613382573156666e-08 7.302726183161333e-06 1.3904577961164834e-06 3.3352519074339684e-07 2.996466158766632e-07 8.693588108165262e-08 0.0 2.428290574893856e-07 1.0388551800515502e-05 4.841571605276439e-06 7.978377089445106e-07 0.00010058509585642413 1.63514613901368e-05 3.748579585886013e-06 8.656696455705977e-07 9.107520716623792e-07 1.924499063845234e-07 3.1762722745212492e-06 1.1379084999091285e-06 6.431233398361083e-07 4.167969390523733e-06 0.0 0.0 6.981386546574901e-07 3.582075494711623e-08 9.200963732422383e-08 1.8348972622941138e-07 5.123242856393294e-07 7.946017172290838e-08 0.0 1.1288070299069786e-07 3.73699542571224e-08 3.3820860537479394e-08 9.082443582754554e-05 2.0177670490625393e-05 1.368218925920302e-06 1.6143515678176194e-06 0.0005924733926515603 0.0 6.537941387644939e-07 1.1831519854327144e-06 2.819135908658684e-07 0.0 3.7521647406140983e-06 1.962284385114736e-06 7.875556379148512e-07 3.1389855003902152e-06 3.349194968033054e-06 1.5249898301023418e-07 1.2864656495218402e-06 6.007096848914811e-06 1.4437443202194388e-06 3.4041550823162856e-07 6.129221263266419e-08 7.532340379044631e-08 0.0 0.0 0.0 0.0 0.0 5.548387648233569e-08 0.0 0.0 0.0 0.0 0.0 0.0 0.0 0.0 1.2014215183992969e-07 1.194326455518774e-07 5.7618438731754775e-08 0.0 0.0 0.0 0.0 0.0 5.15547817694503e-07 1.0732659598551823e-06 6.650878789161836e-07 1.6099623985425934e-07 1.0606540705845015e-07 0.0 0.0 4.867552079943968e-08 0.0 0.0 0.0 0.0 0.0 0.0 0.0 0.0 0.0 1.0001617771408927e-07 0.0 0.0 0.0 0.0 0.0 0.0 0.0 0.0 0.0 6.337792504176464e-07 0.0 0.0 0.0 0.0 0.0 0.0 0.0 0.0 0.0 1.0858113397423128e-06 6.915486259108919e-08 1.3122799632403208e-07 0.0 0.0 6.307136082315823e-07 0.0 2.731800440872233e-07 0.0 0.0 0.0 0.0 0.0 0.0 0.0 0.0 0.0 0.0 0.0 0.0 0.0 4.698319435683912e-06 4.887700212077579e-07 2.2502592278041574e-07 0.0001360650049355576 4.279932064718299e-06 4.2117638783151574e-05 5.4276512419629335e-06 0.0003378073998688887 9.27561034135479e-06 7.331429836159119e-07 3.1856529521370806e-07 1.9620771522907873e-05 0.0 4.104595263813897e-07 6.516493606223284e-08 1.810534906602204e-05 0.0 0.0 2.720717129466634e-07 2.3426746302302406e-06 0.0 0.0001097013902665492 1.4456878214867054e-07
0.0008460302289665481 0.0 0.0013862329953417212 0.0004993686046557343 0.00146624571700658 2.3795722013496003e-05 0.001205293972454611 0.00012039315250259075 0.0019190276537171267 0.0002688296891612489 0.0008050179624118116 3.753786626418889e-05 0.00041661034450803433 0.00036382935368726603 5.435682306281607e-07 8.163389639465332e-07 3.789278680355766e-07 8.723981514184337e-08 5.882875521318142e-08 2.6254831500164463e-07 1.2635343391718393e-07 0.0 1.4137370865186235e-07 0.0 4.18153752335863e-08 1.1267237335661561e-07 5.3239408199876425e-08 0.0 0.0 0.0 0.001097840923512193 1.869546470040631e-05 5.5148178035604355e-06 3.061827266971956e-07 1.9220149110457945e-07 3.4069760574070953e-07 6.582862352484088e-07 5.999701230483623e-08 0.0 0.0 1.1820915577640572e-07 2.8878436378899676e-07 1.8017109764965687e-07 8.5998593816847e-07 1.8852786828830162e-07 3.1544063519162135e-07 3.908221700155941e-05 1.2703205561343627e-06 4.355573839187664e-08 8.867799617875571e-08 8.0273113121377e-08 6.520890490458219e-08 0.0 4.976622647117358e-08 1.1965928625755619e-05 4.6324613876234365e-06 4.723256251791057e-05 0.00020876665053543285 6.543536611207497e-05 1.6091581245801265e-05 5.260341808625585e-07 7.503527961184961e-07 1.2516203837493469e-07 4.2735775460524566e-05 4.132521878907892e-06 1.0990506256256456e-06 4.149001222933437e-07 2.3619699828411536e-07 2.88787713367424e-07 5.09823134211557e-07 2.2379586821697465e-06 6.858226983906605e-07 5.134665529597898e-08 0.00014443999481527408 6.232870292805316e-05 1.783096776088758e-05 8.501264910353547e-06 2.10806402057746e-06 2.0566777039584147e-07 1.3621189093163154e-05 1.3672701787254645e-06 2.7809403540397085e-06 9.390735580133849e-06 1.3635762173461263e-07 3.738863056777933e-07 2.1150729877199626e-06 4.554318664243994e-07 4.1986258381009104e-08 3.193237529223844e-07 6.85255468821601e-08 7.408921915180052e-08 0.0 1.0679759532863555e-07 1.7330487976744162e-07 3.0920911902472186e-07 8.088823545783276e-06 2.2503099215198942e-07 1.0688008432289838e-07 0.0 0.00025787253383767814 0.0 0.0 0.0 0.0 8.667756172192523e-08 9.897809057629821e-06 3.410871726413261e-07 1.1781151388441757e-07 4.75075685772839e-06 8.069830063480781e-08 5.8176378203256996e-08 3.719353305431142e-07 2.2186009091040343e-06 3.16426341866274e-07 8.819436141487925e-08 4.1518442499513206e-08 0.0 0.0 0.0 0.0 0.0 0.0 0.0 4.71129842524904e-08 0.0 0.0 0.0 0.0 0.0 0.0 0.0 6.145701060545858e-08 0.0 0.0 0.0 0.0 0.0 0.0 0.0 5.102129614920703e-08 3.4567887890136886e-07 2.1328316553287558e-07 2.4385055032703385e-07 2.420339569357071e-07 0.0 0.0 0.0 0.0 5.3307782032071936e-08 0.0 0.0 0.0 0.0 0.0 0.0 8.414753705669232e-08 0.0 0.0 0.0 0.0 4.4205820201228077e-08 0.0 0.0 0.0 0.0 1.2082009108368668e-07 0.0 0.0 0.0 0.0 0.0 0.0 0.0 0.0 0.0 0.0 0.0 0.0 0.0 0.0 0.0 0.0 0.0 1.2714177423724203e-07 0.0 0.0 0.0 0.0 0.0 0.0 0.0 0.0 0.0 0.0 0.0 0.0 0.0 1.0543781500014744e-06 1.5542739534691315e-07 2.9012238857345416e-07 2.9318923503261472e-05 6.73205035758314e-06 0.00020280277620614775 1.0205727287060567e-05 0.00012126031940971833 4.175858577372593e-05 1.462293359754399e-06 2.6522776076020284e-06 2.3043715515720972e-06 0.0 0.0 5.787764209730508e-08 8.17797277814242e-07 0.0 0.0 0.0 1.4417949845137402e-06 6.207318902348889e-07 4.1989080031158906e-05 1.340439695491673e-07
0.0002891382778796997 0.0013862329953417212 0.0 0.00012599263981810793 0.00017685271842705024 9.922295189566866e-07 5.713419025889036e-05 0.0008774615491507952 0.0009859569827561996 5.6152178439266605e-05 0.0007909905107368866 3.287561484148805e-06 8.171854940302499e-05 0.0002539364577868504 7.499117800789848e-07 2.3070309818315404e-06 7.313226195379299e-07 0.0 3.6439519162542804e-07 1.2551263829887634e-06 2.477172969128695e-06 0.0 5.4756047164498996e-08 7.259830636390855e-08 3.6906020929200827e-07 1.3823965405880284e-07 7.379811764159216e-08 1.031641256641186e-07 6.95671693360382e-08 0.0 0.0015894655085828017 0.00022561474729375721 3.4254919129707465e-05 1.5614559350167316e-06 7.841899545087837e-07 1.6720669900245662e-06 6.373850040886896e-07 8.850760775313709e-07 0.0 0.0 9.245887783245494e-07 6.338102999167146e-07 1.958789225393992e-06 1.393087041595282e-06 6.468628516245777e-07 3.321668508622151e-06 2.1423740830260325e-05 6.342735607572972e-07 1.054250300257512e-07 3.80467815822825e-07 5.647969136175274e-07 3.289504477514545e-07 0.0 4.8056507776556004e-08 4.814528028420824e-06 2.0199978142903735e-06 1.3639904419015262e-05 8.686542650869674e-05 2.5795069435689843e-05 1.0390269025223201e-05 1.113409066095377e-06 4.880079220380047e-06 2.3036506207142454e-06 0.0001106243556694388 1.9197744223968222e-06 7.896136806202372e-07 4.3661228574738854e-07 1.0213860947487767e-06 5.84229167870573e-06 4.1309658582874994e-06 1.6167666974424044e-06 4.1914964436487916e-07 0.0 6.828667900011564e-05 5.9440651928113666e-05 1.4838538117363956e-05 1.437209343498013e-05 2.015681143136528e-06 5.340442659550455e-06 0.00016413820853998707 2.74633037204248e-06 5.174594921161995e-05 4.670506725543842e-06 3.593308797796124e-08 2.3266394846651692e-07 1.1332150365424496e-06 6.117025326059241e-07 0.0 2.7616186966300716e-07 1.8748142076991364e-07 3.206757514279774e-07 6.245251045734597e-08 2.672862001431108e-06 9.537440490025888e-07 8.703538075887361e-07 2.302325949239564e-06 2.0254779881918296e-07 0.0 4.0244014701240866e-08 3.366496267101895e-05 0.0 0.0 0.0 0.0 0.0 0.0 0.0 0.0 5.239943036731919e-07 0.0 0.0 0.0 1.5950569031239648e-07 0.0 1.6015964888910231e-07 0.0 0.0 0.0 0.0 0.0 0.0 0.0 0.0 0.0 0.0 0.0 0.0 2.756967186572466e-07 0.0 0.0 0.0 6.133845738818675e-08 0.0 0.0 0.0 0.0 0.0 1.0570680607816926e-07 0.0 1.051164284148154e-07 0.0 2.1721062017386696e-07 1.459984092237836e-07 3.022786708866956e-07 0.0 0.0 0.0 0.0 0.0 5.0314576890421967e-08 0.0 9.824222876366069e-08 0.0 0.0 0.0 0.0 5.4417225412685436e-08 1.201380725548777e-07 0.0 0.0 0.0 0.0 0.0 0.0 0.0 0.0 3.587762898865374e-07 0.0 0.0 0.0 0.0 0.0 5.916995574430036e-08 9.733961702908042e-08 0.0 1.4608121003100936e-07 1.2773654621317754e-07 0.0 0.0 0.0 1.5359438516381282e-07 0.0 0.0 0.0 0.0 0.0 0.0 0.0 0.0 0.0 0.0 0.0 7.324859390552424e-08 0.0 0.0 0.0 0.0 6.516707053447438e-08 1.5168899579849744e-07 1.7288874768820428e-07 1.2522234287339581e-05 3.604838773234801e-06 9.11362364208912e-05 5.287747634994606e-06 3.820421481577274e-05 1.3585631537287909e-05 1.808646629017967e-07 2.5274685527521905e-06 3.5544494448119915e-07 0.0 0.0 0.0 0.0 0.0 0.0 0.0 8.220354010325117e-07 0.0 1.3909363373995363e-05 1.6972753643626427e-07
0.0007589780464136848 0.0004993686046557343 0.00012599263981810793 0.0 1.3684877173737364e-05 0.0001393228358766136 0.00016459279954328726 1.3614705026176346e-06 1.2198928457860049e-05 0.0004949676392938004 3.4754594828583476e-05 0.0005805148848175071 0.0007072547912677538 1.7872628020423058e-05 4.98629238499359e-08 0.0 0.0 0.0 0.0 0.0 0.0 0.0 0.0 0.0 5.263693090773154e-08 0.0 0.0 0.0 0.0 0.0 0.00010191520254607792 3.8271737919339096e-07 3.667793714027102e-07 0.0 0.0 0.0 2.886932919018349e-07 0.0 5.5766552613409854e-08 0.0 0.0 0.0 4.5006832342937085e-08 3.3102224880201195e-08 0.0 5.085796080422876e-08 3.2542648165623585e-06 3.241736145992565e-08 0.0 0.0 0.0 7.710127772672868e-08 0.0 0.0 1.164756875420776e-06 4.5769213430183953e-07 9.160329794003632e-06 5.5647613336329605e-05 5.276425995619146e-06 1.2242377890533513e-06 1.5568622260816788e-07 1.4678968765774044e-07 5.5851320735412525e-08 1.8891158885659028e-06 4.969273344162163e-07 1.400735514622927e-07 4.544327083956884e-08 4.571756016630834e-08 0.0 0.0 3.3180178635281364e-06 2.195423015777068e-06 6.440605756678476e-07 1.9114618317975542e-05 4.378024668263651e-06 1.3878897752736973e-06 5.587684278716225e-07 4.2975905792892036e-07 5.281990725481206e-08 2.3148384248226818e-07 7.382089927529079e-08 0.0 9.6600515511903e-07 1.0004062449330163e-07 3.78593784554974e-08 1.978729638661182e-07 0.0 1.080977782347382e-07 0.0 1.7050677953276273e-07 0.0 0.0 0.0 4.488536351373292e-08 0.0 7.007903114519118e-05 2.8274547634839416e-06 8.189068626357873e-07 3.8648341115654825e-07 0.0001567993357734051 0.0 5.355253013440571e-07 0.0 6.337306590284848e-08 0.0 3.481203062528308e-06 2.035048312380496e-06 3.4257711141552947e-07 2.9745662614068958e-06 1.6004675845240386e-06 3.618009399189508e-07 7.16784150478716e-07 2.9551829325364844e-06 1.3760872849490603e-06 1.405022717844486e-06 5.849817561020419e-08 0.0 0.0 0.0 0.0 0.0 0.0 0.0 0.0 0.0 0.0 0.0 0.0 0.0 0.0 0.0 0.0 4.6341706852098235e-08 5.920975850829871e-08 9.74481215110705e-08 0.0 0.0 1.4653619979165615e-07 0.0 1.6637637965679248e-07 2.6188176818202025e-07 1.0901007320837458e-06 1.0626354651631895e-07 1.209196783578483e-07 0.0 0.0 0.0 0.0 0.0 0.0 0.0 0.0 0.0 0.0 0.0 0.0 4.475021027438973e-08 6.100619978142928e-08 0.0 0.0 0.0 0.0 0.0 8.73784208257459e-08 0.0 0.0 6.753994789548955e-08 0.0 0.0 0.0 0.0 0.0 0.0 0.0 0.0 0.0 3.30428762652728e-07 8.010564384371404e-08 1.515213625779364e-07 0.0 0.0 2.1953632698417045e-07 0.0 0.0 0.0 0.0 0.0 0.0 0.0 0.0 0.0 0.0 0.0 0.0 0.0 0.0 0.0 2.4182021590016186e-06 2.023167807738343e-07 2.3349366025908824e-07 4.4083228755349256e-05 1.2594198192550157e-06 1.971292858668683e-05 1.2875452810115374e-06 0.0002363434835748153 4.142322224626252e-06 8.381974448298232e-08 2.5854229635224426e-07 1.013453809562211e-05 0.0 0.0 2.9505179470155703e-07 8.899579222174599e-06 6.65241384116411e-08 0.0 0.0 4.567086196401708e-06 0.0 4.636734321705185e-05 6.859221120782245e-07
3.163735012379227e-05 0.00146624571700658 0.00017685271842705024 1.3684877173737364e-05 0.0 2.25948255881264e-07 0.0004366520681985403 1.0701677705034577e-05 0.0017976963281244626 2.56513654909033e-05 0.00012310867701078457 5.797231661357922e-06 0.00020109570588368038 0.0001745219592663034 2.876101726073451e-07 1.4599431097278848e-06 1.2124154648526138e-07 0.0 0.0 4.782248411140944e-08 0.0 0.0 0.0 0.0 0.0 0.0 0.0 0.0 0.0 0.0 9.228951681769115e-05 1.2128138804907895e-05 2.311258104802806e-07 0.0 0.0 6.506345862289344e-08 1.3025183530498383e-07 0.0 0.0 4.065552423366591e-08 0.0 6.452361073237839e-08 0.0 2.4412951684821836e-07 8.693988000253891e-08 3.895376480602135e-08 2.4812185796665233e-05 4.7461963391937834e-07 3.952922366565077e-08 3.683689231676083e-08 3.665600865255569e-08 0.0 0.0 0.0 4.350345295132784e-06 1.3233273872240756e-06 1.2696971674433836e-05 3.133571335042829e-05 2.2213816031033313e-05 8.211265691115046e-06 1.513308770032109e-07 0.0 7.841636336372264e-08 2.1311979858870735e-05 9.514323384153872e-07 4.202571107870159e-07 5.0774992839538255e-08 0.0 4.0989893810698537e-08 0.0 3.251339728087574e-07 0.0 0.0 3.801617582842106e-05 2.8005066457560206e-05 1.5694252082927553e-05 8.967607321300078e-06 9.634416378840912e-07 1.9082242273340494e-07 1.1105380305584565e-06 2.073071768745863e-07 6.205245924766945e-07 4.251383186674559e-06 0.0 0.0 8.165292920074941e-07 1.1188122671989057e-07 0.0 8.014130303132783e-08 0.0 4.754682859385268e-08 0.0 0.0 0.0 3.5804865344269847e-08 5.6237195513381825e-06 0.0 0.0 0.0 8.178043910072783e-06 0.0 2.5040033912857206e-07 0.0 0.0 0.0 4.805765691983448e-06 0.0 0.0 0.0 4.0283233699939434e-07 4.742840074467937e-08 0.0 2.6701761056446093e-07 3.594737479788648e-07 0.0 0.0 0.0 0.0 0.0 0.0 0.0 0.0 0.0 0.0 0.0 0.0 0.0 0.0 0.0 0.0 0.0 0.0 0.0 0.0 0.0 0.0 0.0 0.0 0.0 0.0 0.0 5.943238653474602e-08 0.0 0.0 0.0 0.0 0.0 0.0 0.0 0.0 0.0 0.0 0.0 0.0 0.0 0.0 0.0 0.0 0.0 0.0 5.1378257700507184e-08 0.0 6.440909501079238e-08 0.0 0.0 0.0 2.4297286434209366e-07 0.0 0.0 0.0 0.0 0.0 0.0 0.0 0.0 0.0 0.0 0.0 0.0 0.0 0.0 6.52343256974831e-08 0.0 0.0 0.0 0.0 0.0 0.0 0.0 0.0 0.0 0.0 0.0 0.0 0.0 0.0 0.0 5.075228578378539e-07 0.0 0.0 1.9968006840323297e-05 1.9751022316693272e-06 0.00011660439674864679 6.731048131250585e-06 6.652259677620637e-05 2.3867695790640697e-05 2.527811564691605e-07 3.2245178534632144e-06 2.7152489587569697e-07 0.0 0.0 0.0 2.6314997900843237e-07 0.0 0.0 0.0 3.188871183371883e-07 0.0 1.2777798657385363e-05 0.0
0.00011418846507341534 2.3795722013496003e-05 9.922295189566866e-07 0.0001393228358766136 2.25948255881264e-07 0.0 1.5114236890129279e-05 2.4877453991036716e-07 9.409079983571785e-07 0.00027130846885114286 2.539920181410874e-06 4.92745395329194e-05 6.069351448148519e-05 1.026296176831047e-05 4.672323765759934e-07 6.528585262889019e-07 6.655529527723451e-07 0.0 7.855246811478799e-08 0.0 7.166283532924821e-08 8.898498472015717e-07 0.0 6.129603153781924e-08 0.0 0.0 2.601853256475798e-07 0.0 6.22548853301378e-08 0.0 5.3817592696979566e-05 1.8581057904410533e-07 4.474276578811664e-06 2.5063624331519653e-07 3.5163612663621197e-07 7.773077345138899e-08 1.664704569708783e-05 1.5172435410267475e-06 2.073200402844083e-06 3.5714642745611364e-07 0.0 0.0 1.0807064729239078e-07 6.428874806534164e-08 2.0049640383758536e-07 5.835414373783211e-07 6.665165126902084e-07 0.0 0.0 0.0 0.0 6.338373099913565e-06 2.597110510588132e-06 4.317662847650375e-08 1.4137642817523036e-07 3.0258585808831475e-07 2.5637144170987684e-05 3.0753688892758656e-05 1.0777236283305023e-06 1.6716391954975996e-07 6.053319366065442e-07 2.5292321202596917e-06 2.4486848142485737e-07 1.806863798219943e-07 0.0 0.0 0.0 0.0 0.0 1.5315724910622262e-07 0.0001299251358800162 0.00029945739079780415 3.5972755977682825e-05 4.1852618045304115e-06 1.2822686084650872e-06 9.607807642842312e-08 1.4311350604642604e-07 7.410384864452839e-08 5.287103815161049e-08 1.3314888182923852e-06 1.0038395949666209e-07 1.8424070621319573e-06 0.0 1.7969785397240815e-06 0.0 1.124439944704693e-07 0.0 6.653956013431464e-06 0.0 2.487430241705553e-05 0.0 0.0 0.0 0.0 7.333256481500297e-08 0.00036338707767907726 0.00019972814067845888 4.994958349366345e-05 2.7190315033059866e-05 0.00025782505853640635 0.0 4.603194092512946e-07 3.524249362829979e-07 0.0 3.295095123212768e-07 9.935110509472087e-07 2.133019746051343e-06 0.0 1.157252524273369e-06 1.1468036911707048e-06 1.0825375865126968e-07 2.0676125345314272e-07 2.9988554947087865e-06 8.899057485152472e-07 9.6009328420672e-07 2.0572917183301907e-07 9.108935833145143e-08 0.0 5.558970001575731e-08 0.0 0.0 0.0 4.0093031971447263e-07 0.0 0.0 1.1141969017284743e-06 6.164355833606371e-08 6.450133957186041e-07 3.5583341200002866e-07 9.400905147760629e-07 6.026911476189812e-07 1.5632810855844242e-06 5.0076089831656875e-06 1.8506872071458703e-06 0.0 0.0 6.605888132518176e-08 7.353113502480002e-08 1.8358150210666496e-07 6.626148645901131e-07 7.255486921087962e-07 9.040494912944052e-07 1.6386243682549035e-06 1.3540457923584567e-06 7.458174540697236e-08 8.048137524956002e-08 0.0 0.0 0.0 1.4928356130666534e-07 0.0 0.0 1.0491421931559448e-07 0.0 0.0 3.8593521825106474e-07 4.640256779204285e-06 4.1153937967618467e-07 0.0 0.0 0.0 6.907837519272246e-08 3.068876811589015e-07 0.0 4.806115603990134e-08 7.509957351607979e-08 6.628051926510739e-08 0.0 0.0 0.0 0.0 4.09622421085572e-08 0.0 0.0 0.0 0.0 2.6381653225719e-07 6.1072353344599925e-06 2.1125544261993284e-06 1.6978084680923707e-07 3.1410926295280234e-07 7.35861041141533e-08 5.484662079383338e-08 0.0 1.8304286289320237e-07 0.0 0.0 0.0 5.155403984747235e-08 0.0 0.0 1.701923884873284e-07 1.555271195616132e-06 0.0 0.0 0.0 0.0 2.6014167729752336e-06 1.7968524965665646e-06 1.4064469830224621e-06 4.247904664586315e-05 1.3552286950156727e-07 2.6400736050471812e-06 7.139480540664839e-07 5.313684623647693e-05 1.5568778810211614e-06 0.0 1.1904972187465604e-06 9.428644144673334e-06 0.0 4.3020960194391946e-07 2.9365845686911706e-07 7.453178846990678e-06 1.8538445609178555e-07 0.0 0.0 8.893461953312975e-07 0.0 2.580262153279539e-05 5.180956510588594e-06
0.0002267544674141231 0.001205293972454611 5.713419025889036e-05 0.00016459279954328726 0.0004366520681985403 1.5114236890129279e-05 0.0 1.51376593734019e-05 0.0017038573278933663 0.00038037468452355237 0.00017263762275039735 0.00013041514185387423 0.0015656208623985634 0.0010506376616308778 1.263069946803803e-06 2.296261212825786e-06 2.011436632574367e-07 0.0 0.0 0.0 8.675461488401867e-08 0.0 1.781504853580971e-07 0.0 6.525401170351813e-08 0.0 0.0 1.22032246297225e-07 0.0 3.020246719045174e-08 0.00013939489912157669 8.217155124352289e-06 4.276344315834944e-06 4.5247115733680046e-07 0.0 1.2672750017751617e-07 2.993329101768341e-06 3.8972800183770726e-07 2.492725148559749e-07 0.0 3.2152879775970753e-07 8.222478903158117e-08 1.0001850184576189e-07 4.326808161126777e-07 4.6197613902960243e-08 2.926824212181673e-07 2.8988517310081044e-05 3.435264083012605e-07 1.261777032032848e-07 5.6949886022553953e-08 3.4514987052952624e-07 0.0 0.0 0.0 7.42279705198627e-06 1.978392909592244e-06 2.168971854941504e-05 7.093518157496795e-05 2.919006641698368e-05 9.839000743845835e-06 5.458977884892858e-07 5.575758204377543e-07 5.104580979140527e-07 2.1806980902809415e-05 1.8528395234467804e-06 6.108863798553934e-07 2.1511358477527309e-07 3.3620930565998345e-08 1.888555772832793e-07 5.183616693056629e-07 1.5608050653170996e-05 1.2585808205794535e-06 0.0 6.280245619447673e-05 3.6550447363479676e-05 1.7674306100537855e-05 1.145434889160973e-05 1.3780731542044956e-06 7.555077330267122e-08 4.520707486673145e-06 5.968166974767975e-07 2.159704773359746e-06 5.411574278100585e-06 1.6283281499175107e-07 2.753554409765286e-07 9.831340537649996e-07 4.6040463384175876e-08 3.7160541314086256e-08 8.319603819282053e-08 5.039938037265752e-08 0.0 0.0 3.0298976517066256e-07 0.0 0.0 8.775318086027715e-05 1.5457605595006295e-07 1.1108012135574931e-07 2.804915951719323e-07 3.342524191301479e-05 0.0 2.5607478857880916e-07 2.457981816695056e-06 1.6742901200137435e-06 1.1630829895003703e-07 1.1885464088406062e-05 1.4237802606001267e-06 1.6591303330873733e-06 1.2683069798862401e-05 3.1840040208974146e-06 7.917243200648045e-07 7.733789432560944e-06 9.618252878844917e-06 2.02125539775951e-06 2.128965402821811e-06 2.3720125783006636e-07 0.0 0.0 1.7107863486320123e-07 0.0 0.0 0.0 0.0 0.0 0.0 0.0 4.920093785744454e-07 2.8570557081085374e-07 0.0 0.0 0.0 7.167100675761875e-08 0.0 0.0 1.6997762971998848e-07 1.89818899323212e-07 0.0 0.0 0.0 1.350384417041035e-06 4.006950989447134e-06 4.231190851035232e-06 9.376980574897119e-07 5.583076518910439e-07 1.1493544112158942e-07 0.0 0.0 0.0 0.0 5.56247130754787e-08 4.964462905930426e-08 6.541854383165235e-07 4.3651936869898184e-07 0.0 0.0 0.0 5.1031373815588436e-08 0.0 4.507225520296735e-08 1.0291786092924938e-07 0.0 1.606207591846104e-07 6.659935284162282e-08 5.631434691263143e-08 1.4430981023191754e-07 8.363969274862073e-07 1.2083463571185555e-06 5.656252431464482e-08 0.0 0.0 0.0 0.0 0.0 0.0 0.0 0.0 3.286008989908005e-06 2.476152643178733e-07 0.0 0.0 0.0 6.020871723387873e-07 1.8452709902620612e-07 0.0 2.2638563303135135e-07 1.397439876623702e-07 1.4164893984662409e-07 0.0 0.0 0.0 0.0 0.0 0.0 0.0 0.0 0.0 0.0 5.747672459406778e-06 2.4767038352748817e-06 1.1492299817708247e-06 4.46562869219726e-05 5.39692542082334e-06 0.00016321273581048717 1.298817318659546e-05 0.0001251987857544291 3.886303573631766e-05 5.627119039126918e-07 4.868303320950562e-06 6.569116373750449e-06 6.610587828929546e-08 3.1979141771924875e-07 1.0248337367456136e-07 7.258859702257149e-06 0.0 6.721148990648735e-08 0.0 1.5636272494064185e-06 1.5071562502328298e-07 3.377938908551486e-05 2.6008898379988664e-06
2.0178755651169695e-05 0.00012039315250259075 0.0008774615491507952 1.3614705026176346e-06 1.0701677705034577e-05 2.4877453991036716e-07 1.51376593734019e-05 0.0 8.558669627015701e-05 1.6691472891634515e-06 0.0007883926521194944 1.421603921842799e-06 5.059383943783271e-05 0.0003854752008728502 2.276443512425085e-06 2.726143517239256e-06 4.3296656536944874e-06 1.50202544186173e-06 2.563843969920131e-06 7.580814487957378e-06 2.043531971607681e-05 1.0990921224662568e-07 5.345875865418896e-07 4.0633432767422487e-07 1.0985526217489382e-06 2.76094254468536e-07 2.2680497003351762e-07 7.482496176830746e-07 2.0716083051424146e-07 3.583845499388798e-07 0.000632526177441958 0.0007305866294287233 7.371182324656865e-05 3.916264406670577e-06 1.6847195757087687e-06 9.23019594696725e-06 5.5214376120522855e-06 1.8474176328528719e-06 2.433111653341134e-07 5.22127219083826e-07 6.5464538204580175e-06 7.811606231029886e-06 1.7633173798210932e-05 6.358536118705236e-06 7.46089459446873e-06 2.3557358098349356e-05 2.7162867385178997e-05 1.895923784565771e-06 1.8854788957363607e-06 3.736246987807746e-06 3.827779432359617e-06 9.94516268434015e-07 0.0 1.3243905279869668e-06 2.992343043098642e-06 7.016487556839253e-07 7.486529824680321e-06 4.9057209096203596e-05 1.4728186330013005e-05 9.345384178393963e-06 1.2540644962283137e-05 2.5407898017266857e-05 6.925990312037136e-06 0.00015624299472908622 1.3222182524418585e-06 1.3981617814952417e-06 1.258111805664605e-06 5.276404602678232e-06 3.6362127487295957e-05 2.8381880638742052e-05 2.9031910076373975e-06 1.7958164256692545e-07 0.0 3.926297670886077e-05 5.464363440918702e-05 1.9593097563107208e-05 2.87088316421232e-05 2.3347771469063686e-05 0.0001397861444502963 0.0007936211798733105 4.242258221726375e-05 0.0004706083616008701 3.4632741836165176e-06 3.6782373266735606e-08 2.901328584169643e-07 1.2102159651427251e-06 6.0606635835762365e-06 0.0 9.241718104579886e-07 4.149224667459808e-07 1.9771374059477157e-06 7.347216830038711e-07 1.608648477864546e-05 5.253098216693974e-06 5.018213211633759e-06 1.9138865514389626e-06 5.212919107307539e-07 0.0 0.0 3.988620791179132e-06 0.0 0.0 0.0 0.0 0.0 0.0 0.0 0.0 0.0 0.0 0.0 0.0 0.0 0.0 7.451509458248988e-08 9.120060483877586e-08 0.0 0.0 0.0 0.0 0.0 0.0 0.0 0.0 0.0 5.056389224902196e-08 0.0 1.241286291387933e-07 0.0 0.0 0.0 5.307840020113745e-08 0.0 5.512709816133342e-08 0.0 0.0 0.0 1.4274034950844975e-07 2.615770722695385e-07 0.0 2.1184062232904787e-07 2.9421914158052033e-07 6.106266557300493e-07 1.8170752548644663e-07 0.0 5.074739899959624e-08 0.0 0.0 0.0 1.6914872156907434e-07 0.0 0.0 0.0 0.0 0.0 2.8213964240577546e-07 1.5936329465443852e-07 6.293495840322305e-07 0.0 0.0 0.0 0.0 0.0 0.0 0.0 1.5426925128187266e-07 2.212463542771844e-07 0.0 0.0 0.0 0.0 0.0 0.0 0.0 0.0 8.208968722530405e-08 0.0 1.0465694147545483e-07 0.0 5.139962171032251e-08 5.497167386482871e-08 0.0 0.0 0.0 3.3154615887118123e-07 0.0 0.0 0.0 1.5495769572937275e-07 4.345147392327005e-08 0.0 1.4483791531053742e-07 0.0 1.814046747352098e-07 6.921634439243251e-08 0.0 0.0 5.432221568140328e-08 4.243280893988519e-07 1.908455097509333e-07 2.712032009491339e-05 8.402949395899884e-06 9.24048922558346e-05 1.4071898696918447e-05 3.7595155438075424e-05 1.433274172289829e-05 2.195462857115866e-07 3.1470230709917487e-06 4.976322535176889e-07 7.950704010435692e-08 2.162631555911144e-07 4.4029993050330134e-08 0.0 0.0 0.0 1.2701863704795746e-07 7.89348308501326e-07 8.753039267769122e-08 8.96579863574266e-06 5.408916667285854e-07
1.8333462972226585e-05 0.0019190276537171267 0.0009859569827561996 1.2198928457860049e-05 0.0017976963281244626 9.409079983571785e-07 0.0017038573278933663 8.558669627015701e-05 0.0 3.438122968773495e-05 0.0008835402692894405 1.0558341484168404e-05 0.000470236368732799 0.0008283189304111706 1.39099299895822e-06 2.06682947574434e-06 8.047411997267874e-08 0.0 0.0 0.0 9.183897276733179e-08 7.890471389684362e-08 0.0 0.0 0.0 0.0 0.0 0.0 0.0 0.0 7.130286294090847e-05 1.4617237552635143e-05 4.496880762003248e-06 1.7151828149732857e-07 2.427908877252347e-07 3.092452186079638e-07 9.131691814602071e-07 0.0 0.0 1.5410256957303376e-07 5.972570288136166e-08 3.0239180755919785e-08 0.0 4.0092202291800356e-07 0.0 5.6089172949414067e-08 2.2507659206544626e-05 3.967312534807436e-07 0.0 0.0 2.8642328710207607e-08 0.0 0.0 0.0 2.8103401793031706e-06 8.158279764352119e-07 1.0350356892024422e-05 2.3688692111080806e-05 1.887117820994481e-05 7.81905272640711e-06 1.2138700562521664e-07 2.1432187558938795e-07 1.074245547602257e-07 2.2109970545826545e-05 1.2298771257923013e-06 3.9151646777103164e-07 1.528670283872706e-07 0.0 9.276745533414102e-08 5.181194195645131e-07 6.948113968950769e-06 0.0 0.0 3.166480522303858e-05 2.5379179728347207e-05 1.526780538517346e-05 1.3588145148375933e-05 1.215831064049294e-06 1.0681893362191784e-07 5.414015924685493e-06 2.1321406520862193e-07 2.1607947975433545e-06 3.107805399909199e-06 0.0 1.4812340813748184e-07 8.183373539389878e-07 4.512638207586385e-08 0.0 1.2507318132418012e-07 0.0 4.716592173573425e-08 0.0 1.362971878819903e-07 2.7649161669322754e-07 1.923452979572875e-07 2.6397225878724916e-05 0.0 0.0 1.3213509559362622e-07 4.739103394712667e-06 0.0 2.0212750709072793e-07 0.0 0.0 9.950996704877843e-08 2.117215290645824e-07 4.2489229084614715e-07 0.0 1.3417854030903732e-06 2.026585342104134e-07 1.2195652396571595e-07 7.732652916100182e-07 1.97053386316301e-06 7.397121369668226e-07 1.2148201342775881e-06 2.249364774639681e-07 0.0 0.0 0.0 0.0 0.0 5.997334023618145e-08 0.0 0.0 0.0 0.0 0.0 0.0 0.0 7.3477644636096e-08 0.0 0.0 0.0 0.0 0.0 0.0 0.0 6.59071280637672e-08 0.0 7.680822883205658e-07 1.095845513037255e-06 2.5153057496905426e-06 7.383122510621595e-07 2.9721731965674517e-07 0.0 0.0 0.0 0.0 4.563628306366461e-08 0.0 0.0 0.0 5.4470915104520406e-08 0.0 0.0 5.166327403608716e-08 4.90079969967279e-08 5.648076502700679e-08 0.0 0.0 0.0 0.0 0.0 0.0 0.0 4.0632920686958514e-07 7.636843400640767e-07 0.0 0.0 0.0 0.0 0.0 0.0 0.0 0.0 7.04634419452264e-08 1.3907757103269427e-06 3.7843326195579595e-07 0.0 0.0 0.0 6.645272359941464e-08 0.0 2.737370384761366e-07 2.346372134062004e-07 0.0 0.0 0.0 0.0 0.0 0.0 0.0 0.0 0.0 0.0 0.0 0.0 1.9345091889672262e-06 7.337642757665356e-07 1.204970399957542e-06 2.8290371486939973e-05 2.4590689831289317e-06 9.870184921361707e-05 8.247067097585621e-06 6.989667048405713e-05 2.7655073868120857e-05 6.581820029254682e-08 3.0630881100116554e-06 2.3413612258115935e-06 0.0 4.936816347095704e-08 4.8848490200604605e-08 1.3041794642824611e-06 0.0 0.0 0.0 3.1128722705500513e-07 9.755082048572884e-08 1.0528143285922434e-05 1.0515653077642353e-06
0.0002680750201086556 0.0002688296891612489 5.6152178439266605e-05 0.0004949676392938004 2.56513654909033e-05 0.00027130846885114286 0.00038037468452355237 1.6691472891634515e-06 3.438122968773495e-05 0.0 2.3210963836932138e-05 0.001584091719474886 0.0027698531848841315 9.09401219149789e-05 4.677080392146302e-07 4.3409372744132064e-07 0.0 6.518529712725995e-08 0.0 0.0 6.899039893322421e-08 2.3901118742477155e-07 0.0 0.0 0.0 1.1773486575771936e-07 0.0 0.0 0.0 0.0 2.02126930365329e-05 3.4369254996290574e-07 3.7075708772168358e-06 0.0 0.0 8.213990518517987e-08 4.492392333339858e-06 1.4751574896393127e-07 3.776013964035833e-07 9.633060313908536e-08 1.9948044648367203e-07 1.0917417265584048e-07 0.0 1.2648078861788553e-07 0.0 1.6677321790712348e-07 1.8675284535116235e-06 0.0 0.0 0.0 4.771626518629248e-08 1.2201827064734943e-06 2.0639409851106252e-07 2.6786336947364347e-07 3.704252910837807e-07 7.966760127833453e-08 4.148505324597872e-06 9.151628408964108e-06 2.5451682796745605e-06 8.602134426924934e-07 8.162927127618776e-08 1.593872399612568e-07 1.862726858552684e-07 9.211130538736431e-07 4.018933492288421e-08 9.493207378153981e-08 0.0 0.0 0.0 8.033637257806606e-08 5.236996851699263e-05 2.1391288389842062e-05 3.454341854466678e-06 5.937528953086715e-06 1.7501743049525918e-06 9.249901201827275e-07 9.478927405255657e-07 2.228349320283939e-07 0.0 3.2046876226817944e-07 1.503242129614215e-07 1.2362792181155106e-06 3.6414450686144417e-07 1.4580735788533138e-07 0.0 1.2080458079970248e-07 0.0 4.789559589335925e-07 0.0 3.187018689700445e-06 0.0 0.0 0.0 0.0 0.0 0.000248145964194676 5.507521573743196e-05 7.463366972310611e-06 5.045982946232563e-06 0.00013425351210031534 2.67967158186389e-07 4.273724408672202e-06 1.60748937007243e-05 3.271859509127414e-06 9.861528404278817e-07 6.558855943183333e-06 1.7714035283106088e-05 2.5053835783260824e-06 1.1708376795243919e-05 1.3512537348661266e-05 2.061265430584971e-06 7.161430405248255e-06 2.6599908223230347e-05 1.163816455882247e-05 4.61719056635114e-06 7.567746580264726e-07 0.0 0.0 7.231980916945189e-08 0.0 0.0 0.0 5.57999326732838e-08 0.0 0.0 6.083581489183394e-08 0.0 1.1133619373340317e-07 0.0 0.0 5.0684538149169184e-08 3.503640133259124e-07 5.623973135641267e-07 3.234008874293147e-07 3.289489979819049e-07 8.281023876429302e-08 0.0 1.5225336697491063e-06 1.2052024916681446e-07 3.0272228686769627e-06 4.113494823671523e-06 6.0593033268489745e-06 1.3143883010551815e-06 9.164339821217616e-07 0.0 0.0 0.0 0.0 1.6617462381146622e-07 7.564377392981035e-08 3.972886754070185e-08 2.629624733369718e-07 3.482471761968848e-07 0.0 0.0 2.3371717550592513e-07 3.5862009730860846e-07 8.22981004381186e-08 0.0 0.0 0.0 1.9419115033407004e-07 0.0 8.051819039533355e-07 1.0510056967180865e-06 1.6242060146923431e-07 1.8380455767047392e-06 0.0 0.0 0.0 0.0 4.5030915876120413e-08 0.0 0.0 0.0 0.0 5.5121638027040285e-06 4.3464411268124506e-07 0.0 0.0 0.0 1.7812643589932006e-06 0.0 5.792872638288738e-07 2.1297820281136363e-07 1.0791469902152556e-07 2.827884737487083e-07 0.0 1.5981605672041153e-07 0.0 0.0 0.0 0.0 0.0 0.0 0.0 0.0 2.540219334124661e-05 2.8804353187060303e-06 1.491620876556112e-06 0.00010810960019569291 9.620942201359442e-07 1.2840584113366727e-05 3.3787439266861283e-06 0.0002418176335327082 2.5107317492634914e-06 0.0 4.1239614847607097e-07 4.1702997391682484e-05 0.0 4.122514672612399e-07 9.936440825725767e-08 5.610085314798044e-05 0.0 0.0 1.0534071837220985e-07 4.39446082458654e-06 0.0 0.00016124301419437627 4.121001216068739e-06
7.122671256092163e-05 0.0008050179624118116 0.0007909905107368866 3.4754594828583476e-05 0.00012310867701078457 2.539920181410874e-06 0.00017263762275039735 0.0007883926521194944 0.0008835402692894405 2.3210963836932138e-05 0.0 6.919856978700235e-05 0.0008680649290910714 0.0017530439471420366 5.8252315267816885e-06 1.1005249563930389e-05 1.1841577815415138e-06 6.552875621289231e-07 5.419761843595589e-07 2.3541766807286126e-06 7.932718934470097e-06 5.7825675413183204e-08 2.869059067058111e-06 2.696030029253091e-07 2.1176998351320567e-06 4.813413473879272e-07 2.1478630974679031e-07 4.6379093547818377e-07 1.5832410562749846e-07 2.8614624289173567e-07 0.0006028973555233641 0.00011547261522237594 0.00020330290525214084 5.883281977551824e-06 6.562469688267016e-06 1.6330955614963762e-05 6.285013404237722e-05 1.109198288552506e-05 7.666213513664876e-07 1.492053502576722e-06 4.0291039664229925e-06 3.050265952723215e-06 1.47653489607954e-06 2.5067183660419442e-06 1.5088205535301153e-06 5.469019805293376e-06 3.9033621317736766e-05 5.970823910523713e-07 5.365002376132198e-07 4.349729853493422e-07 8.557601524569219e-07 5.951280084770657e-07 1.2079377664126297e-07 4.187776868602554e-07 3.6182599650145267e-06 1.437436540066553e-06 1.1672469539523386e-05 4.13293201742765e-05 2.351756090840952e-05 1.2743032222430309e-05 4.048745627511398e-06 9.31044653240569e-06 1.2582058439538518e-05 5.9234544671812016e-05 2.041429217495055e-06 1.0752504532761006e-06 2.187802544839327e-07 1.4205390387847944e-06 8.046337615165478e-06 9.576983925290603e-06 3.361007400369361e-05 1.2314548222354722e-06 6.04698043354736e-08 5.1124503160404536e-05 4.789272556181239e-05 3.2325782886342654e-05 3.387121255764191e-05 6.870457230183412e-06 7.054237042119978e-06 0.0003293297198063536 1.372800965978492e-06 0.00015684918540180746 5.231052487304557e-06 3.9200772105781844e-08 8.621519774543187e-08 1.3585847909767697e-06 1.535036122313475e-06 5.3819711411415515e-08 4.4964160899679134e-07 5.3820319285965e-07 3.346079564355575e-07 0.0 6.516010559725101e-06 2.843755236163991e-06 1.1169279396741424e-06 1.959822415396689e-05 3.179756874390618e-06 0.0 1.1823754104265178e-06 1.3015504769333624e-05 4.524670330478156e-08 1.5665872866495918e-07 1.670576427624437e-07 5.617543905946574e-08 0.0 2.2860866336896287e-07 4.1240373806788166e-07 5.225499860285852e-08 2.772274920713362e-07 4.6638949148937677e-07 4.6435360036263036e-08 2.6828756047141933e-07 3.056894697710291e-06 6.888560084655723e-07 1.3975513063613243e-06 2.2269235635470472e-07 0.0 5.585528108149925e-08 0.0 0.0 0.0 0.0 0.0 0.0 0.0 1.7691182282813734e-07 2.3333555179944847e-07 3.5555603347475884e-07 0.0 0.0 1.978944243129324e-07 2.390511605608013e-07 1.657840989699943e-07 1.0128776383546167e-07 0.0 0.0 5.2581325334185766e-08 3.1814886417977425e-07 6.354977063043612e-08 1.1810215699742467e-06 1.348807222070258e-06 2.854223797062056e-06 1.7043228709444588e-06 1.1255929101028944e-06 0.0 0.0 0.0 0.0 0.0 6.223814065256817e-07 0.0 1.4552712161032855e-07 6.126036913563882e-08 0.0 0.0 3.7957702404973896e-07 9.823110314855828e-07 4.083910845529594e-07 0.0 0.0 0.0 0.0 0.0 0.0 5.407772763750981e-07 1.0064418413003042e-06 6.592350949530783e-07 0.0 0.0 0.0 0.0 0.0 0.0 0.0 0.0 0.0 1.2491230351538962e-06 2.6395160191780087e-07 6.229296508642312e-08 1.7104926336791349e-07 9.663632128375508e-08 4.2134428686459133e-07 8.336515654316413e-08 0.0 5.122866141330061e-08 1.686795362821946e-07 6.329979307111058e-08 0.0 3.035647707763973e-07 0.0 0.0 0.0 0.0 0.0 0.0 0.0 3.633885500856051e-07 1.7501595211606659e-06 2.462394706257236e-06 1.5574681686766498e-06 5.0042117105348164e-05 8.270573008505965e-06 0.00014844705964859838 2.7475192933327955e-05 8.783941125006445e-05 3.093547177411601e-05 4.944949489977679e-07 5.9542372996243315e-06 2.330797513741314e-06 7.70014525746365e-08 3.171157924731289e-07 2.3736759879484262e-07 1.328762682560826e-06 0.0 0.0 3.8135579485011076e-07 1.7873502922593299e-06 5.650635940650565e-07 1.5526648773908995e-05 2.2317261968110085e-06
