0.0 0.0016898222803074636 0.00027000661782417717 0.0010230041353017309 5.883542498668949e-05 2.5365017194064395e-05 0.0003792791559678185 1.3219745946874157e-05 2.8815811014304783e-06 0.0019304554700216912 6.164270729727669e-05 7.161390116447921e-05 0.00022335631082084253 0.00010270268356290446 2.4911432276378834e-07 4.356075861882595e-08 0.0 0.0 0.0 0.0 0.0 8.226550692406522e-08 0.0 0.0 1.3960207663804548e-07 0.0 4.389286597762617e-08 0.0 0.0 0.0 0.00038129217953011 3.576596077579751e-07 3.118424679323749e-05 0.0 3.951349551685232e-08 1.8903837887411918e-07 1.3404760268221248e-05 7.853346884956795e-07 7.461247335428938e-07 1.3152781397963055e-07 0.0 2.338695883177421e-07 0.0 5.1396654719244325e-08 4.247091052955185e-08 0.0 3.891099881099964e-06 0.0 0.0 8.575938305433114e-08 2.0412310479054126e-07 2.1170029730734933e-07 0.0 0.0 1.3457894690126232e-06 6.748599917849174e-07 9.355680248296472e-05 0.00048734123204926215 2.033535348408971e-05 1.5184649359538744e-06 0.0 3.7385784715435805e-06 4.5919062266070515e-08 1.2900762495191273e-06 3.7520715143284567e-07 4.0725309236669474e-08 5.08021612942914e-08 2.954117000552496e-07 1.6474069491280014e-07 0.0 1.0734935636794215e-05 6.432320620773723e-07 0.0 2.9758887199516973e-05 4.417410731528905e-06 1.0169655733033298e-06 1.0244574300101865e-07 1.1353086612674435e-07 1.3928835060423026e-07 4.258021397354774e-05 0.0 1.5408654574758943e-06 1.376191858355909e-06 0.0 4.6966232558819624e-08 9.64223037629545e-08 9.019545752871185e-08 0.0 0.0 0.0 0.0 0.0 0.0 0.0 0.0 7.947307886911904e-05 1.6472073450086526e-05 0.0 3.341517724965571e-06 0.0001518251325880989 4.287120740391758e-08 5.417083087023813e-06 5.242255535457689e-08 8.702731577326073e-08 1.6020952590842325e-07 3.978177129414712e-07 0.0 0.0 0.0 4.701449512414883e-07 5.130552754841387e-07 1.181846343860588e-06 2.4368698616446037e-06 1.707726160131867e-06 1.6961545225608474e-06 0.0 0.0 0.0 0.0 0.0 0.0 0.0 0.0 0.0 0.0 0.0 0.0 0.0 0.0 0.0 0.0 0.0 0.0 0.0 3.870573406879323e-07 5.2630238326263114e-08 0.0 0.0 0.0 2.0422019458736394e-06 1.4347831485049465e-07 1.7865416726650637e-06 1.7753623763365167e-06 1.817622059893532e-07 0.0 0.0 0.0 0.0 0.0 0.0 0.0 0.0 0.0 0.0 0.0 0.0 7.697188315937516e-08 0.0 0.0 1.2968831927346772e-07 0.0 0.0 0.0 0.0 0.0 1.2131606662329115e-07 8.255483983177184e-07 3.660144880212078e-08 0.0 0.0 0.0 0.0 0.0 0.0 0.0 0.0 9.982543001434656e-07 0.0 0.0 0.0 0.0 3.2426632192027104e-07 0.0 8.66431291241325e-07 3.714926824458179e-08 0.0 0.0 0.0 0.0 0.0 0.0 0.0 0.0 0.0 0.0 0.0 0.0 2.5923859208318737e-06 3.6237516654822543e-07 1.9172294849630615e-06 2.29025070345414e-05 5.124008392696821e-07 1.254837467348302e-05 2.933220390204756e-06 0.0001904487677999666 9.306534872072793e-07 7.149988254039808e-07 5.690049764889269e-07 4.752163559786916e-06 0.0 0.0 0.0 1.0755020280937541e-05 0.0 0.0 0.0 9.388270779788437e-08 0.0 5.728801360703038e-05 4.076463851762219e-06
0.0016898222803074636 0.0 0.0007981496789579378 0.0007342704070568242 0.0007092447313129674 4.413649013719055e-05 0.0012693805826121801 0.00010416219130616535 0.0008138298212571803 0.0009546986271234678 0.0010067404220977197 0.00010501056066207413 0.0007213522869780991 0.001271901070599262 1.1053778501298224e-06 8.740116264446922e-07 8.09035027439655e-08 3.615149069733742e-08 1.416723129306782e-07 2.2250294604312264e-07 8.455337991326075e-08 5.330518113575214e-08 5.667217412233319e-08 6.544317491285154e-08 9.05403786832504e-08 0.0 0.0 0.0 0.0 0.0 0.0010206943274145063 5.680910939768062e-06 8.935678884641004e-05 0.0 0.0 2.8019914140639803e-07 3.502347898120853e-05 1.3236867085636496e-06 1.5284372993357054e-06 3.092860281565005e-07 8.739941042714287e-08 2.853495355354424e-07 6.874231187039054e-08 3.938116354251383e-08 0.0 3.5266349636451744e-08 4.1700128209434975e-05 2.5663590498974007e-07 1.5219194182820241e-07 2.2662630059557227e-07 5.221559333553572e-07 0.0 0.0 2.181381726831402e-07 3.500356576044286e-06 3.7644719902610458e-06 0.00010536326950977966 0.0005148295326437444 4.163975128830563e-05 2.593126121584295e-05 4.581455945949456e-08 8.22834728604976e-06 0.0 3.350525179288427e-05 1.5237571070738779e-06 8.684588158235489e-07 5.188489651168322e-07 1.926688799111732e-07 5.436976875134104e-07 4.439954787911524e-08 1.0010973722362234e-05 9.077282161622102e-08 0.0 0.00014723239635592748 7.381745024075116e-05 1.3388537485629822e-05 6.741529240490596e-07 7.004391824971317e-07 1.9765006636962996e-07 0.00015995702542002393 7.61917931795192e-08 3.1768516434231472e-06 8.308877156710446e-06 0.0 4.612211740570527e-07 1.1509090138721899e-06 8.505509908309641e-08 4.4445311839060205e-08 4.52567071597616e-07 4.408209697040296e-08 1.767056967951184e-07 0.0 2.0731555997447423e-07 5.123122562053633e-07 1.4886255086021377e-07 5.292590917360866e-06 1.4171029704569412e-06 0.0 2.0591439628067145e-06 0.0002760258496719111 1.5626615516311836e-07 4.113881110342241e-06 5.1786506117419294e-08 0.0 4.786250133019054e-07 9.851446368572848e-07 2.827139858886548e-07 3.499203436169489e-07 2.2355189907569346e-06 1.0458258050899527e-06 3.709734891473872e-07 1.6133446582366192e-06 2.815282895333185e-06 1.941489832564544e-06 1.4196012621377776e-06 0.0 0.0 0.0 0.0 0.0 0.0 0.0 0.0 0.0 0.0 0.0 0.0 0.0 0.0 0.0 0.0 5.396928845938743e-08 0.0 0.0 5.076970683801871e-07 0.0 0.0 0.0 0.0 2.919745474390737e-06 1.6032023212956596e-07 2.1417405964131086e-06 1.0489435338572296e-06 5.906464600744197e-08 0.0 0.0 0.0 0.0 1.050456887221973e-07 0.0 0.0 0.0 1.0664747536493954e-07 0.0 0.0 0.0 0.0 0.0 0.0 0.0 0.0 5.400398801476349e-08 0.0 0.0 0.0 1.9855012106088862e-07 3.236479825132005e-06 0.0 0.0 6.117637311066893e-08 0.0 5.4280487908864334e-08 5.717945234294463e-08 0.0 0.0 0.0 2.5732289288026934e-06 9.056605431939568e-08 0.0 0.0 0.0 1.192126145076958e-06 1.4879782056078935e-07 4.0532009143075764e-07 0.0 0.0 0.0 0.0 0.0 0.0 0.0 0.0 0.0 5.670674367448825e-08 0.0 0.0 0.0 4.008638110644468e-06 1.996510329895002e-06 3.3817925249968463e-06 4.5126160160735024e-05 2.5605246438211248e-06 9.953065256044034e-05 1.8614612139099438e-05 0.00036433777036217553 3.17218413212768e-06 2.5461904915010803e-06 2.8021549778990828e-06 5.915254514177211e-07 0.0 0.0 0.0 3.465132881595103e-06 4.992506573709074e-07 0.0 0.0 3.159204429670133e-07 0.0 4.864209306987591e-05 2.0263096682100056e-06
0.00027000661782417717 0.0007981496789579378 0.0 0.00011823935767059069 0.0002938460661919323 2.232244328318825e-06 0.00013461575019702195 0.001075808196743587 0.0003002058319302876 5.323958095651452e-05 0.001758181174158639 1.6987578362132965e-05 0.00024599515527064746 0.0008015080777311521 9.247242239981937e-07 1.444390194357329e-06 3.874469716458629e-07 2.1551370722402034e-07 9.69441508227876e-08 3.947110768403329e-07 2.2609901883587049e-07 1.0305929602863127e-07 0.0 4.965044015029774e-08 1.8740354852137433e-06 1.617073128005316e-07 2.775046098634793e-07 5.410808668089161e-08 0.0 5.940469486735043e-08 0.0022123104131204245 7.094814458324236e-05 0.0001079364683937075 9.88844291129434e-08 5.734016656396619e-07 1.3951844471813642e-06 4.6731843910032835e-05 6.622151716897076e-06 3.349999934905291e-06 1.7188563237213513e-06 1.3847544583308689e-06 1.7011498058903104e-06 5.081083505267266e-07 4.078084604744442e-08 1.2287957014360917e-07 9.699336552040272e-08 8.65459398465842e-06 2.3498829429591868e-07 2.493127528975286e-07 2.920478101890304e-07 3.928396493864753e-06 2.7940709960868206e-07 0.0 4.553248186198187e-07 3.486445202677367e-07 3.6828975069796745e-07 1.5019795358340383e-05 0.000211454277131899 6.290083418412435e-06 4.616139847241993e-06 7.227021436544036e-07 3.319109873240197e-05 0.0 5.806868339842577e-05 1.9635985222908574e-07 2.7920463089662024e-07 1.5607774658202215e-07 1.7084482206304935e-06 3.194783239222074e-06 3.640839175802715e-07 2.3830442278748714e-05 8.296923470760666e-07 0.0 2.7323650588120746e-05 3.5352800325764465e-05 5.352429057097777e-06 6.923085690947323e-07 3.852597974559508e-08 3.457460317584915e-06 0.0005662173842881426 3.860158340137671e-07 3.4170547108562223e-05 1.326093808637277e-06 7.020029234146359e-08 2.1763831877691002e-07 2.1595899369131905e-07 3.484972322706706e-07 0.0 4.194250113321585e-08 9.685380141035752e-08 7.378384808495582e-08 6.864548773232382e-08 2.134425722134686e-06 9.329980359485121e-07 1.8509019518348075e-07 2.813757417755006e-06 4.737451485277299e-06 0.0 5.3385075943504455e-06 1.983781932424713e-05 4.4103524892610263e-07 1.054771694126584e-07 1.5020871160429472e-07 7.78848449095524e-08 8.022094061526375e-08 1.7249427636507692e-07 0.0 3.254387927087973e-07 5.435295679132591e-07 1.4717477556525854e-07 7.344953688894413e-07 1.052824008478989e-06 2.400212110143167e-06 2.9011567716590093e-06 3.1540477727772254e-06 0.0 4.295544383880422e-08 0.0 0.0 0.0 0.0 0.0 0.0 0.0 0.0 0.0 0.0 0.0 0.0 0.0 0.0 5.287686008879244e-08 0.0 3.0706256611099085e-07 5.290110851566378e-07 6.466745134552663e-08 0.0 1.118295281044516e-07 0.0 4.262834753894171e-06 7.081917210974834e-07 6.179912567490692e-06 4.142701377443038e-06 1.8354709934270089e-07 0.0 0.0 0.0 8.971541498289753e-08 0.0 0.0 0.0 0.0 0.0 0.0 0.0 0.0 1.0153001161700298e-07 0.0 0.0 0.0 0.0 5.285806614488866e-08 5.8798930728369203e-08 0.0 1.2916081142120765e-07 6.762377998348384e-07 4.566934247026192e-06 2.637351378384266e-07 0.0 0.0 0.0 0.0 6.577958933488626e-08 0.0 0.0 0.0 5.732250975258407e-06 7.200358962905207e-08 4.935821551877119e-08 0.0 0.0 1.216348283036098e-06 0.0 2.465495364137261e-06 1.5572961491315658e-07 1.4474169745668967e-07 8.225122352669836e-08 6.248607077741957e-08 0.0 0.0 0.0 0.0 0.0 5.066097214398385e-08 5.649225531679898e-08 1.3538384799584397e-07 6.060130668878288e-08 6.206396442139298e-06 4.103547470835441e-06 7.62908168307772e-06 1.3352746787784613e-05 7.527649193659556e-07 1.7736310827459512e-05 3.1680559137590714e-06 2.0788650871390487e-05 1.173956931651634e-06 1.9206182704461e-07 5.33918559788794e-07 1.751096025977613e-06 9.476552914912249e-07 1.8721869326744657e-06 8.514917054426653e-07 2.890141494176838e-06 0.0 0.0 4.1778852513404014e-07 2.6271338034922383e-07 0.0 6.120179801016709e-06 1.9027100158776545e-06
0.0010230041353017309 0.0007342704070568242 0.00011823935767059069 0.0 2.8943995453491698e-05 0.00011501300607422399 0.00029584339940547615 7.791858922386988e-08 2.8339279996797225e-06 0.001486677402125638 1.41000241948864e-05 0.00024409074721204653 0.0005711511972506893 3.2338653360070176e-05 0.0 0.0 0.0 0.0 0.0 0.0 0.0 0.0 0.0 0.0 0.0 0.0 0.0 0.0 0.0 0.0 2.2570862653951147e-05 0.0 3.996271636206481e-06 0.0 0.0 0.0 3.229963786732673e-06 0.0 3.619064258041662e-07 0.0 0.0 0.0 0.0 4.0154069431331685e-08 0.0 0.0 2.35559160483304e-06 4.764747487221262e-08 0.0 0.0 0.0 0.0 0.0 0.0 4.871176545870312e-07 4.4372455773092587e-07 1.3371758051855377e-05 6.327806628833658e-05 4.602943960732572e-06 1.092231246145782e-06 0.0 1.5094791331022425e-06 0.0 6.113425489322558e-07 7.758028692897384e-08 0.0 4.661571278730763e-08 0.0 8.045951065656273e-08 0.0 6.916947679305367e-06 0.0 0.0 1.2581900466516798e-05 3.939797081110834e-06 5.914267959299329e-07 0.0 6.050754610488034e-08 0.0 1.5276597783325424e-06 0.0 3.673344785516724e-07 1.403171958125182e-06 0.0 0.0 0.0 0.0 0.0 4.1612151644055915e-08 0.0 0.0 0.0 0.0 0.0 0.0 2.8327256123238898e-05 1.3783942627057755e-06 0.0 2.1031867959782224e-06 1.9948357979716456e-05 4.88436347911443e-07 3.5990455707498857e-07 5.839347668275003e-07 4.297152975909169e-06 0.0 0.0 1.9095562681106115e-07 0.0 0.0 1.0057635885865632e-07 1.7646819221500017e-07 6.715704241949062e-07 4.831840453879283e-07 7.319382507511075e-07 9.87179102481047e-07 0.0 0.0 0.0 0.0 0.0 0.0 0.0 0.0 0.0 0.0 0.0 0.0 0.0 0.0 0.0 0.0 0.0 0.0 0.0 5.475399694497687e-07 0.0 0.0 0.0 0.0 7.930780194765971e-07 3.1721231323554667e-07 1.1654539607627533e-06 3.6372631263321563e-07 0.0 0.0 0.0 0.0 0.0 0.0 0.0 0.0 0.0 0.0 0.0 0.0 0.0 0.0 0.0 0.0 0.0 0.0 0.0 3.515046533049391e-07 0.0 0.0 0.0 1.0861484576111796e-06 0.0 0.0 0.0 0.0 0.0 0.0 0.0 0.0 0.0 1.7866912300661833e-06 0.0 0.0 0.0 0.0 3.7684805774047756e-07 0.0 1.1598726850885275e-06 0.0 0.0 0.0 0.0 0.0 0.0 0.0 0.0 0.0 0.0 0.0 0.0 0.0 1.3663383687888875e-06 4.355090833129475e-07 5.901689299821589e-07 4.012630933484574e-06 0.0 7.342180714538412e-06 1.4089058321454364e-06 9.403743579167677e-05 1.3357898106066989e-06 1.5862205318554325e-06 0.0 0.0 0.0 0.0 0.0 2.870724603099646e-06 0.0 0.0 0.0 0.0 0.0 1.0956529354440529e-05 1.1659365892422025e-06
5.883542498668949e-05 0.0007092447313129674 0.0002938460661919323 2.8943995453491698e-05 0.0 4.951165820745776e-06 0.0005054727122403513 9.07013881048468e-05 0.0007770543038877328 0.000383417250053719 0.0007528940424397028 0.00010860445866202576 0.00016716541436818618 0.0008469300347519198 1.1167204446347162e-06 9.678456254270606e-07 5.082500794730169e-08 0.0 0.0 1.5500098925187024e-07 3.9057475305351095e-08 0.0 0.0 0.0 0.0 8.59171673984136e-08 4.168983139475359e-08 0.0 0.0 0.0 0.00012384501681394705 5.660242637685631e-06 5.639595574172895e-06 0.0 0.0 0.0 7.0858875686931245e-06 4.981901504433791e-07 5.025766993428774e-07 0.0 4.757587135901767e-08 1.3640212648580684e-07 3.761196383886506e-08 2.1782902219747238e-07 0.0 0.0 3.36624685287731e-05 8.635432583824356e-08 1.1666160652074845e-07 6.947888468509907e-08 2.988542192609111e-07 1.1887373567677623e-07 0.0 0.0 1.7469557738325918e-06 1.6291100894966087e-06 2.8951688704970966e-05 0.00011871526728683269 1.3124883450018192e-05 1.9979877274775925e-05 2.116969624421153e-07 2.670484841480197e-06 0.0 2.5572713270640548e-05 9.606734946852833e-07 1.9246307350772033e-07 2.716117645132121e-07 8.491751893524979e-08 4.057293133088598e-08 0.0 7.257459311114339e-06 0.0 0.0 7.511611703528541e-05 4.8657372371047935e-05 1.2312558015619904e-05 9.531194851341659e-07 3.6347743842357486e-07 5.22645957887618e-08 8.516011879378369e-06 0.0 9.057409982308068e-07 3.797827329289007e-06 5.117066390265448e-08 2.863390465735261e-07 5.173666062156671e-07 5.019522712632133e-08 0.0 4.074543627881982e-07 5.466591919752572e-08 1.4346834416867624e-07 4.352685603971771e-08 3.96972268081499e-08 0.0 1.5184614739115762e-07 9.865112748043657e-06 7.787716426273324e-07 0.0 1.8795863203511592e-06 9.835666571956941e-06 2.696707401176141e-07 2.0952041516767207e-06 0.0 0.0 6.60385500987816e-08 6.177869159906255e-07 0.0 8.000393923878961e-07 2.4606762775645917e-06 9.576721074961628e-07 6.216931905994366e-07 3.062173561046632e-06 4.622164374550496e-06 2.875128247422704e-06 3.6032635365594883e-06 0.0 0.0 0.0 0.0 0.0 0.0 0.0 0.0 0.0 0.0 0.0 0.0 0.0 0.0 0.0 0.0 0.0 0.0 0.0 1.0016048138087084e-06 2.494108855462761e-07 0.0 0.0 0.0 4.747783101255707e-06 4.454914767258934e-07 3.797422437083394e-06 1.15373808179189e-06 3.795355125863232e-07 0.0 0.0 0.0 0.0 0.0 0.0 0.0 0.0 2.0903649739540948e-07 0.0 0.0 0.0 1.2573721616267096e-07 0.0 0.0 0.0 0.0 0.0 1.761667882256091e-07 0.0 0.0 4.1514875886104113e-07 3.592282865369513e-06 8.697262963573621e-08 0.0 8.757971641618312e-08 0.0 0.0 0.0 0.0 0.0 0.0 5.919194968328515e-06 1.6975268930847424e-07 0.0 0.0 0.0 2.0982918242645367e-06 0.0 1.6376248171985175e-06 2.803724639615456e-07 1.6002549787064297e-07 0.0 6.720927997460942e-08 0.0 0.0 0.0 0.0 0.0 0.0 0.0 0.0 0.0 6.087191771958867e-06 1.962631179628109e-06 3.320366435481757e-06 4.146450900102912e-05 2.182569826268017e-06 7.481718984747749e-05 1.282567022968868e-05 4.432283290492977e-05 4.0684052855796605e-06 7.355888259811761e-07 3.506221634619145e-06 2.509064194260416e-06 0.0 2.3648526442866037e-07 0.0 5.972445728985501e-06 0.0 0.0 0.0 1.7139105207482592e-07 0.0 2.316945450675194e-05 3.1271488854548727e-06
2.5365017194064395e-05 4.413649013719055e-05 2.232244328318825e-06 0.00011501300607422399 4.951165820745776e-06 0.0 2.5050545874392487e-05 1.0370807992913179e-07 6.115719254849055e-07 0.00048486865834888084 4.858114726595614e-07 8.266543009004143e-05 4.754183501224735e-05 7.74077607848627e-06 0.0 0.0 0.0 0.0 0.0 0.0 0.0 4.172223950205184e-07 0.0 0.0 0.0 0.0 0.0 0.0 4.971357649718651e-08 0.0 1.255208738460041e-06 0.0 7.046973091278546e-06 0.0 0.0 2.1913584848873337e-07 2.9380440907613072e-05 1.666124405919333e-06 8.011380343472232e-06 6.448774789315411e-07 0.0 0.0 0.0 0.0 0.0 0.0 2.923444605823845e-07 0.0 0.0 0.0 0.0 4.596465021295888e-06 2.4914504026398236e-07 6.352159165110531e-08 0.0 9.001806813367293e-08 0.0001731975914166533 2.880194583164751e-06 7.298457963427762e-06 0.0 0.0 1.6213926658967083e-06 0.0 0.0 0.0 4.363043751911883e-08 0.0 0.0 0.0 0.0 8.688541621752592e-05 2.9492110769152895e-05 4.253406716824777e-06 1.8016563643239238e-07 4.174074772148516e-07 0.0 0.0 0.0 0.0 1.021339636241299e-06 0.0 1.9087330651060559e-07 0.0 2.61219001802431e-07 0.0 4.571388326946682e-08 0.0 8.164600935786508e-07 7.897560386922048e-07 2.2905711551763317e-06 7.662683567561971e-07 1.015677857485554e-06 0.0 0.0 5.136281431558959e-08 0.00016974473828321697 0.0001395545410337711 8.595095953130715e-06 6.19497700046955e-05 0.0001792704834673626 7.935941040023519e-07 5.056180840012448e-06 5.842095484181587e-08 4.3771510231758886e-07 5.146144267227108e-07 1.900847504949063e-06 9.632905245253943e-07 1.1724267343913019e-06 2.158603856829678e-06 2.9904391148250673e-06 1.6878831976286694e-07 4.832632184799734e-06 9.492188181860302e-06 4.625298836993239e-06 2.382387603084451e-06 0.0 0.0 0.0 0.0 0.0 0.0 0.0 0.0 0.0 0.0 0.0 0.0 0.0 0.0 0.0 0.0 4.6586724895184167e-08 9.526603250622621e-08 0.0 7.306324023101607e-08 0.0 0.0 0.0 0.0 1.1681661783960404e-06 0.0 1.5056799528859557e-07 1.603936782971106e-07 0.0 0.0 1.4624816347687747e-07 0.0 0.0 0.0 0.0 0.0 0.0 0.0 0.0 0.0 0.0 0.0 0.0 0.0 0.0 0.0 5.7879689257386846e-08 0.0 0.0 0.0 0.0 5.700644744784138e-07 2.0536037935857338e-07 0.0 0.0 4.45612379721413e-08 0.0 0.0 0.0 0.0 0.0 2.445331483030739e-06 2.3016169297184523e-07 0.0 0.0 0.0 7.928905265703618e-07 0.0 1.2322796294937954e-06 0.0 0.0 0.0 0.0 0.0 6.617120990732951e-08 0.0 0.0 0.0 0.0 0.0 0.0 0.0 6.405310654177507e-06 6.486815370947717e-08 8.477213011567289e-07 3.969442930840363e-06 1.3176610988370269e-07 5.469546666873083e-07 1.120606229605437e-07 0.0001626789670031469 4.300219056657673e-06 0.0 1.3831523127661907e-07 1.1187152163184904e-05 0.0 1.025338484448082e-07 0.0 2.1541534356520142e-05 0.0 0.0 0.0 0.0 0.0 3.376077869409274e-05 5.428796919857026e-06
0.0003792791559678185 0.0012693805826121801 0.00013461575019702195 0.00029584339940547615 0.0005054727122403513 2.5050545874392487e-05 0.0 2.2670511883534696e-05 0.00041068109611924004 0.0009818470046078964 0.0005503048050699918 0.000436636120361015 0.0017447614301261333 0.0012507686962873554 1.4229565124421152e-06 8.951160497673396e-07 8.096014458211881e-08 3.8128641857585335e-08 0.0 7.531027242572236e-08 0.0 0.0 0.0 0.0 1.3586042849936017e-07 0.0 0.0 0.0 8.355262924887551e-08 0.0 0.00012408486041766965 8.536432853159023e-06 1.9590500221614283e-05 0.0 0.0 2.2685007287893435e-07 2.99143630453166e-05 2.464555327803234e-06 1.8685225318844607e-06 1.694033706536779e-07 0.0 2.1463521045818996e-07 0.0 7.598596699296752e-08 0.0 0.0 5.3694797671803784e-05 1.9017303568227965e-07 0.0 2.555395906533003e-07 2.5487116213564564e-07 8.457853553652206e-08 0.0 1.499179848359666e-07 3.1322089301714867e-06 3.5167866007269106e-06 5.4702065004821356e-05 0.00022161104331688236 2.7346010438417694e-05 3.0580319011928204e-05 2.3917589022263554e-07 9.548173715709412e-06 1.722365365009961e-07 4.002797061120983e-05 9.198896698683841e-07 2.2077961204107002e-07 3.1511724632770513e-07 1.2642271184231588e-07 5.180988974025539e-08 0.0 3.974272142403023e-05 4.909641616280716e-07 4.2779515566922934e-08 0.00012220992268184065 6.653505616489103e-05 1.7963229109637113e-05 2.0211565609702625e-06 4.927676256589219e-07 1.0500238917113717e-07 2.0548923157060954e-05 3.634315218511531e-08 1.836414952466921e-06 6.041677395588947e-06 0.0 1.9064073074825701e-07 9.55247880911249e-07 1.0443674233045885e-07 0.0 2.7410916595460057e-07 0.0 7.42562458761446e-08 0.0 1.323895148945406e-07 0.0 4.854309532317279e-08 7.715517307843287e-05 5.73756645086885e-06 0.0 8.104063211977413e-06 2.0818132453571826e-05 3.398839256698271e-06 1.3218598648665836e-05 4.733292463493326e-05 7.979149671917975e-05 1.2786290730752623e-06 1.3221099616717325e-05 6.415968928684055e-06 5.888344243094553e-06 2.1887019450900552e-05 2.1731636382182193e-05 5.585422375661386e-06 4.257254913625073e-05 3.0480205015177306e-05 1.9019016046961064e-05 1.5414385071521607e-05 0.0 0.0 0.0 0.0 0.0 0.0 0.0 0.0 0.0 0.0 0.0 0.0 0.0 0.0 0.0 0.0 4.54509884950581e-08 0.0 0.0 4.630580548506267e-06 1.3898584158746073e-06 0.0 0.0 0.0 1.6160043593730938e-05 1.7620135947345832e-06 1.2283025901751797e-05 4.3288998359546626e-06 4.506725007442655e-07 3.5296177462429085e-07 0.0 0.0 0.0 0.0 0.0 0.0 3.494948035084556e-07 1.2887579688136347e-06 0.0 6.495791810741282e-08 0.0 0.0 0.0 4.0280768874812975e-08 1.9855709601631036e-07 4.321513657735686e-08 6.964200000908914e-07 3.0670412151269683e-06 4.4530106157334287e-07 6.99471025901174e-07 6.037889265646446e-07 1.2898578158462968e-05 1.6946537258115573e-06 4.2048207882664444e-08 0.0 0.0 0.0 0.0 0.0 0.0 4.928101056244586e-08 2.7031435562701797e-05 2.3563174806435866e-07 0.0 0.0 0.0 8.69556512150751e-06 0.0 5.505794150818337e-06 6.151170257103977e-07 2.2071507278985735e-06 1.4380593992432778e-07 0.0 0.0 0.0 0.0 0.0 0.0 0.0 0.0 4.0678337942463506e-07 0.0 3.503958114624629e-05 4.406855052172968e-06 1.070602090257027e-05 8.479552148500525e-05 3.920549796192366e-06 0.00011608776317199164 2.2342453200914924e-05 0.00012054973419473008 8.317971594210155e-06 2.047294742923472e-06 5.837834255560961e-06 1.236436948235575e-05 0.0 4.0291750727336556e-06 1.0329891344370625e-06 2.3738761435504714e-05 1.2825324480470145e-06 1.4125693285652083e-06 1.3928634742416425e-06 6.281154966764358e-07 0.0 7.630966037938826e-05 1.681457074544056e-05
1.3219745946874157e-05 0.00010416219130616535 0.001075808196743587 7.791858922386988e-08 9.07013881048468e-05 1.0370807992913179e-07 2.2670511883534696e-05 0.0 7.075567629830122e-05 8.113565300011949e-06 0.001626800137458421 2.5652211345302446e-06 6.284723692531723e-05 0.0002811556959553358 2.438616356003091e-06 5.421833252106259e-06 2.91045572683459e-06 1.3151464061193996e-05 4.444041662429699e-06 2.2400964883874208e-05 1.4467686388948929e-05 2.8989931478351953e-07 1.6804315656140805e-06 1.540337867665082e-06 1.0518765495262752e-05 5.510293576427537e-07 1.2131709562704682e-06 3.6018744408385975e-07 1.6803179710605063e-07 1.4982274899812149e-07 0.0012161635590232478 0.001947824112909511 6.773152325034616e-05 6.293458530948016e-06 7.481661628174498e-06 1.7841837352877633e-05 2.6072674909974726e-05 2.5464522244423554e-05 4.457484555059002e-06 7.915884318311134e-06 1.485872493131947e-05 5.588337946593869e-06 1.690022058947658e-05 2.6827731667428117e-05 1.0811352530550874e-05 1.9267599775709174e-05 2.932757769221017e-05 2.718627524056568e-06 5.165194942056932e-06 1.9641008038659315e-05 1.5982064684955655e-05 4.5352957022730377e-07 2.68155575186248e-07 3.637119472772964e-07 7.040136012751139e-07 8.023292804270173e-07 1.818768931634767e-05 0.00016907094005882563 8.836880202543854e-06 1.2984443310442202e-05 0.00011212985286645135 0.00015015590954410273 8.56003367746349e-06 0.00016321310069000486 4.9644899752158e-07 4.03244358828034e-06 2.665091030450636e-06 1.7572451113504527e-05 6.791611138156867e-05 1.4919295455506454e-05 4.835979524690688e-06 1.950480038568748e-07 0.0 4.8570222258754e-05 7.199959619858823e-05 1.302924468697276e-05 7.826032787694936e-05 9.406266613570239e-05 0.0008038605849700008 0.0017019177183271485 0.00011070328341471166 0.0007041557085307774 3.414098031492184e-06 6.773349252783308e-08 3.1553688513781266e-06 1.1278195091928143e-06 8.708586252600195e-06 0.0 2.520235998446814e-07 5.187678487592496e-08 4.380017000705724e-07 0.0 2.3713573741014033e-05 4.875404188441408e-06 1.1309012864171746e-06 4.913565678721548e-07 4.422198721896344e-07 0.0 1.340998304870897e-06 1.1197400978416169e-05 0.0 0.0 5.7570745081178415e-08 0.0 0.0 0.0 0.0 0.0 0.0 0.0 2.7308304770518065e-07 5.498966452305938e-07 6.64884403757975e-08 7.536351496226254e-07 8.730425654785017e-07 0.0 0.0 0.0 0.0 0.0 0.0 0.0 0.0 0.0 0.0 0.0 0.0 0.0 0.0 0.0 0.0 3.791917558084598e-08 9.431889403971387e-08 0.0 2.134338196053077e-07 0.0 0.0 0.0 0.0 1.6679492017830536e-06 2.552884159518794e-07 1.7092566032678563e-06 1.1610127822488703e-06 1.2877958545412956e-07 0.0 7.537343138186699e-08 0.0 0.0 0.0 0.0 0.0 0.0 9.973297709327776e-08 0.0 0.0 1.5584036635281096e-07 2.1009201615587164e-07 1.339768372658694e-07 0.0 0.0 0.0 0.0 0.0 0.0 0.0 0.0 6.019581985974273e-07 0.0 0.0 0.0 0.0 0.0 0.0 1.4672298045843945e-07 0.0 0.0 8.091133854680272e-07 3.598261425234766e-07 8.930410174863151e-08 0.0 4.4748407000786933e-07 4.83291948061349e-07 0.0 0.0 5.128303190410028e-08 0.0 0.0 0.0 0.0 0.0 3.206951673535983e-08 0.0 0.0 4.146116138134863e-08 1.6958622018399834e-07 4.2697992242735165e-08 5.8038502322609274e-08 4.3559733854305706e-07 7.136376803756025e-07 1.3332854031221617e-06 4.187309796410235e-05 3.6448350480662e-06 6.346776417355078e-05 1.557958611914456e-05 1.2203884694409988e-05 3.1271660204446303e-06 2.8240642935552256e-07 3.492066604128367e-06 5.681565811210693e-07 0.0 1.1157940190726958e-07 0.0 6.305036388890543e-07 0.0 0.0 0.0 1.3869472198331264e-07 0.0 6.8925262351038234e-06 1.2183180494481622e-06
2.8815811014304783e-06 0.0008138298212571803 0.0003002058319302876 2.8339279996797225e-06 0.0007770543038877328 6.115719254849055e-07 0.00041068109611924004 7.075567629830122e-05 0.0 1.2660705299002772e-05 0.0008021729308889183 7.710412133356355e-06 0.00011640036411836622 0.0003751084023879566 2.2105353448000695e-07 0.0 0.0 0.0 0.0 0.0 0.0 0.0 0.0 0.0 0.0 0.0 0.0 0.0 0.0 0.0 1.4092253944760267e-05 1.0565574098916122e-06 3.260590739683275e-06 0.0 0.0 0.0 2.8747723918668174e-06 0.0 0.0 0.0 0.0 0.0 0.0 0.0 0.0 0.0 4.578869472518591e-06 0.0 0.0 0.0 0.0 0.0 0.0 0.0 0.0 3.158210865922943e-07 1.6792932517587907e-06 6.9361699216468564e-06 6.888736833390683e-07 1.4039929058564693e-06 4.309055109929512e-08 7.835920292322112e-07 0.0 2.6438062841820065e-06 1.3222301185618097e-07 0.0 3.778471268414609e-08 0.0 0.0 0.0 2.28369345629468e-06 0.0 0.0 5.729447724282704e-06 3.9517017784555564e-06 1.7434813190530787e-06 9.312244613538614e-08 1.2974650136717403e-07 0.0 3.8225590148728125e-05 0.0 1.2489511182024644e-07 1.340303731575039e-07 0.0 0.0 0.0 2.8494843603249494e-08 0.0 0.0 0.0 0.0 0.0 0.0 0.0 5.4562091842467474e-08 3.58082814026036e-06 6.285346666271009e-07 0.0 9.361628597956712e-08 4.1178238480283833e-07 5.591782760638995e-08 6.413712298860253e-08 6.257575604295984e-08 0.0 0.0 2.731912612558688e-07 1.490086292620933e-07 1.4380861629498597e-07 9.066679664149667e-07 4.899058336675736e-07 4.5381908740044535e-07 6.86159038036937e-07 1.4048578540257471e-06 8.807767510154384e-07 1.3101726278662293e-06 1.5098848788072617e-07 0.0 0.0 0.0 0.0 0.0 0.0 0.0 0.0 0.0 0.0 0.0 0.0 0.0 0.0 0.0 0.0 0.0 0.0 1.9143730570176573e-07 6.652714742176836e-08 0.0 0.0 0.0 8.556418717463655e-07 4.707526626026277e-07 1.2819352810775604e-06 5.388168663677137e-07 0.0 0.0 0.0 0.0 0.0 0.0 0.0 0.0 0.0 0.0 0.0 0.0 0.0 0.0 0.0 0.0 0.0 0.0 0.0 1.870775459442623e-07 0.0 0.0 0.0 6.864743551971307e-07 0.0 0.0 0.0 0.0 0.0 0.0 0.0 0.0 0.0 2.2729241957774455e-06 0.0 0.0 0.0 0.0 7.57932400440089e-08 0.0 4.3859574413656563e-07 0.0 2.6103690402986665e-07 4.030275637610193e-08 3.7702810654923277e-08 0.0 0.0 0.0 0.0 0.0 0.0 0.0 0.0 0.0 2.23781572940057e-06 3.58724800453773e-07 1.0594472034462991e-06 6.518687972369477e-06 4.173145277380018e-07 8.799300776250275e-06 1.1350747656897861e-06 4.147297191962129e-06 6.859415935190484e-07 8.46720672017094e-08 4.6813048633065976e-07 6.722883641566587e-07 0.0 0.0 0.0 2.0165941035819817e-06 0.0 0.0 0.0 0.0 0.0 3.7298139652617976e-06 1.3436664401076411e-06
0.0019304554700216912 0.0009546986271234678 5.323958095651452e-05 0.001486677402125638 0.000383417250053719 0.00048486865834888084 0.0009818470046078964 8.113565300011949e-06 1.2660705299002772e-05 0.0 6.509323780447144e-05 0.0022589092197688623 0.00247383565738343 8.88405460728213e-05 6.352418323705416e-07 1.8666968627382343e-07 3.985137106204466e-08 4.218892223859973e-08 0.0 0.0 0.0 0.0 0.0 0.0 0.0 0.0 0.0 0.0 0.0 0.0 3.454708863566455e-05 1.3589015854030608e-06 3.2446744899909226e-05 3.86465944731027e-08 0.0 0.0 6.0119841845555524e-05 1.910115736972136e-06 6.665012029465841e-07 1.5369538103426675e-07 0.0 5.5862067529213764e-08 0.0 1.6781791071979763e-07 0.0 2.0389423411999086e-07 3.649089905398531e-05 1.9291679040128446e-07 4.505625067146814e-08 5.09014328843011e-08 2.9167493551582234e-07 6.623557845866072e-08 0.0 0.0 3.1605044279661352e-06 3.3929910504974717e-06 9.053220212218786e-05 0.00031436848189006467 3.720961548258441e-05 1.8524495248734716e-05 0.0 4.622691325649832e-06 0.0 1.9704906447472613e-05 1.184457082675266e-06 1.7581228357275807e-07 3.076085965960848e-07 2.5558144886430165e-07 1.3853136163151256e-07 0.0 8.711765280712327e-05 2.135084211058249e-06 6.263579492180076e-08 0.00012111630930079861 4.314110014997043e-05 5.89759981958668e-06 1.0574742519553203e-06 1.5261858131176018e-07 0.0 4.385400278648226e-06 0.0 7.437466128829194e-07 8.350615403000389e-06 4.679253412479399e-08 4.294776517029498e-08 9.645516885983614e-07 0.0 4.756406932747751e-08 4.32655150864155e-07 4.0971543815692795e-08 2.4508439530871786e-07 5.5269399801668677e-08 1.0537361902098402e-07 7.674423056248228e-08 2.54949904521367e-07 0.00015219592067004393 1.0273937929795569e-05 4.1113385808262277e-08 6.606431682196625e-06 8.35868962920138e-05 8.914927949967772e-07 1.605973477867492e-05 1.0060445882878044e-05 3.176828896816094e-05 8.494639802032962e-07 1.3330962252611362e-05 4.220909263399805e-06 7.047990784754015e-06 1.6812390331418142e-05 1.4818406342811984e-05 3.8039055451016175e-06 7.031628471683809e-05 0.00012814226572940715 4.762269879900733e-05 1.1937521165580397e-05 0.0 0.0 0.0 5.7070221375744446e-08 0.0 0.0 0.0 0.0 0.0 6.707820846628311e-08 0.0 0.0 0.0 0.0 0.0 0.0 0.0 0.0 0.0 4.317367888932241e-06 5.527785453288411e-07 0.0 0.0 0.0 8.758678972186769e-06 4.256533469511284e-07 8.246663360722446e-06 3.042120496381375e-06 3.7749897821565346e-07 6.665349359562737e-08 1.2963991285674827e-07 2.0836699211194618e-07 0.0 0.0 0.0 0.0 1.0152825374736266e-07 5.240063002874148e-08 0.0 0.0 0.0 0.0 0.0 0.0 1.2039796409357087e-07 4.4869803443314675e-08 1.2585276076456e-07 1.09456265043091e-06 7.879442657598396e-08 0.0 0.0 9.724053516172375e-06 1.2245682058251592e-06 0.0 0.0 0.0 0.0 0.0 0.0 0.0 0.0 1.9834496538007996e-05 4.944469874845537e-07 7.94415600008093e-08 0.0 0.0 4.272335197105343e-06 3.9701912011188053e-07 2.483510099822167e-06 4.109082233618122e-07 1.5762102612300556e-07 4.6781300150806385e-08 0.0 0.0 0.0 0.0 0.0 0.0 2.1767957501647508e-07 0.0 8.161124027902738e-08 0.0 3.521889686118606e-05 2.8625497801236396e-06 6.12366432821969e-06 7.049735005469213e-05 3.539438720873898e-06 8.589807841785208e-05 1.174149460769604e-05 0.0006084101563827793 3.7791425937431657e-06 3.676110889485111e-06 2.263884048753283e-06 2.4527358430480196e-05 1.1989556099374654e-07 8.28874417680432e-07 4.3860892815886813e-07 6.0124780509656075e-05 4.944404194957369e-07 0.0 4.1809085610291984e-07 1.7264287569898082e-07 0.0 0.0002894552387959945 2.8558067549699988e-05
6.164270729727669e-05 0.0010067404220977197 0.001758181174158639 1.41000241948864e-05 0.0007528940424397028 4.858114726595614e-07 0.0005503048050699918 0.001626800137458421 0.0008021729308889183 6.509323780447144e-05 0.0 1.5829551963005816e-05 0.0005692734018179705 0.0012939156449713607 1.629119124720467e-06 1.7268731277822461e-06 2.7327901908235004e-07 0.0 0.0 0.0 0.0 2.4324561279411343e-07 0.0 0.0 2.7622683646595223e-07 0.0 0.0 0.0 0.0 0.0 0.000548895737166222 4.7776849394798364e-05 0.00015515253085823775 0.0 0.0 5.693892151393433e-07 4.393764581884057e-05 4.610171622632809e-06 1.1942446295215192e-06 8.69909069581444e-07 1.834280333492172e-07 5.337683099792149e-07 5.008331696230598e-08 1.1444748775020811e-07 0.0 0.0 1.2786354076235128e-05 0.0 0.0 1.3358157660323848e-07 6.536610335113556e-07 0.0 6.758873676741928e-08 2.1581494447014973e-07 3.680744455809115e-07 2.408788137189929e-07 8.592681281782545e-06 5.804220482282152e-05 4.024488227698305e-06 6.97811178124244e-06 0.0 4.1460357009028e-05 0.0 1.2132625127345435e-05 1.6569452289287944e-07 9.653580505334848e-08 4.0903323212400565e-08 9.142778914818943e-08 2.5211979657589904e-07 0.0 8.517682590337489e-06 2.1217373512430605e-07 0.0 2.024248700016567e-05 1.9969507220236462e-05 6.822594308976678e-06 1.2775778726826626e-06 0.0 7.185480857325448e-07 0.00017504895723976371 0.0 3.1067738423774246e-06 1.0574264249007818e-06 0.0 3.521401768768988e-08 1.3959406448301283e-07 5.0463084632383403e-08 4.26832199202111e-08 4.985475434286618e-08 0.0 9.115461846700867e-08 0.0 3.131047060297785e-07 2.2090980744073313e-07 4.3996834640533296e-08 2.107884061054354e-06 3.2597488077364264e-07 0.0 6.630705140340328e-07 9.913487404410943e-06 0.0 3.5201940953691436e-07 1.482556901723251e-07 0.0 6.106145026331503e-08 3.0217499327627374e-07 0.0 8.106187492869938e-07 6.27816754926918e-07 2.1987415373766943e-07 2.1136391679919835e-07 1.1873476223353946e-06 5.450335016967948e-07 7.649723631246328e-07 6.117384313494219e-07 0.0 0.0 0.0 0.0 0.0 0.0 0.0 0.0 0.0 0.0 0.0 0.0 1.0898546459582617e-07 0.0 0.0 0.0 0.0 8.745723642507e-08 0.0 0.0 7.242755274195169e-08 0.0 0.0 0.0 1.868946000419889e-06 2.1762595151397425e-07 1.500272497170505e-06 6.777757944622731e-07 0.0 0.0 0.0 0.0 0.0 0.0 0.0 0.0 0.0 0.0 0.0 0.0 0.0 0.0 0.0 0.0 0.0 0.0 0.0 4.817434401299561e-08 0.0 0.0 1.0680790499195341e-07 1.8520838337260702e-06 8.990085044685288e-08 0.0 0.0 0.0 0.0 4.457410546486219e-08 0.0 0.0 0.0 1.473769933145807e-06 0.0 0.0 0.0 1.2757340426516958e-07 2.876063518856066e-07 1.8615534266076697e-07 5.277420728457427e-07 3.9676115415524146e-08 0.0 6.359504347096385e-08 0.0 5.059942974963066e-08 0.0 0.0 0.0 0.0 0.0 0.0 0.0 0.0 2.243448455262581e-06 6.51669463298206e-07 8.910736843954089e-07 2.6243000534782724e-05 7.089696151533675e-07 2.603256451032102e-05 5.283794085495566e-06 1.3839316817934013e-05 1.916818465649121e-06 1.6470002368772957e-07 2.240920534151987e-06 4.924259517587512e-07 0.0 0.0 0.0 2.711623914229232e-07 0.0 0.0 0.0 2.1874328963217346e-07 0.0 5.039385413015665e-06 1.2122779895809103e-06
7.161390116447921e-05 0.00010501056066207413 1.6987578362132965e-05 0.00024409074721204653 0.00010860445866202576 8.266543009004143e-05 0.000436636120361015 2.5652211345302446e-06 7.710412133356355e-06 0.0022589092197688623 1.5829551963005816e-05 0.0 0.00109442518044101 7.42755842594071e-05 2.2312919077649213e-06 1.292882750575358e-06 2.739005305680127e-07 0.0 0.0 1.082536029848e-07 0.0 2.0299876345535056e-07 0.0 0.0 0.0 0.0 0.0 0.0 0.0 0.0 1.7751980632871994e-05 1.3869357428096386e-06 3.5087362422694474e-05 0.0 0.0 0.0 0.000171612483234749 3.0085101956016436e-06 2.2045440446191594e-06 3.5478876075966903e-07 2.63776224508573e-07 3.0172232771310545e-07 0.0 4.9538026930340284e-08 0.0 0.0 1.4073941481916198e-05 0.0 0.0 9.121844439620014e-08 5.020744149416459e-07 3.8375443081082764e-07 3.04113929141865e-07 1.3732287712461548e-07 5.234345687307627e-07 7.329453291809665e-08 6.562736440897999e-06 2.4394307905730068e-05 2.0343224704326197e-06 6.495040499517931e-06 5.476299203740648e-08 4.746933321070929e-06 0.0 5.368754796587911e-06 1.2224567443806885e-07 0.0 4.936351173694801e-08 1.1433366145176167e-07 4.0216369235755e-08 0.0 7.491586763929683e-05 1.3808883179773018e-06 1.992806458996642e-07 1.6765946140923986e-05 1.0553012653560539e-05 5.943372455833562e-06 1.4499067482106014e-06 3.2253627579539566e-07 0.0 4.703583936384801e-06 0.0 5.554335813279919e-07 8.064322244737717e-07 3.769623701379242e-08 0.0 8.692462170715068e-08 0.0 5.493044749066772e-08 0.0 1.2622812810822267e-07 0.0 0.0 4.780117259330485e-08 1.2905900759454568e-07 3.76243361888834e-07 0.0002468089603508362 7.800584676404288e-06 1.5354156744073841e-06 5.59630485202716e-06 5.395171168477095e-06 1.1086285552352295e-06 8.89943869924615e-06 1.0182191406663399e-06 3.197929054337399e-07 2.3267786009556767e-07 5.165701380908919e-06 4.7106083806413814e-07 5.142569167345294e-06 5.884449849649677e-06 7.744483233379036e-06 4.938591095278549e-06 2.197395113234783e-05 2.52874292228146e-05 2.0350952265351178e-05 1.532305923881256e-05 0.0 0.0 0.0 0.0 0.0 0.0 0.0 0.0 0.0 0.0 0.0 2.4612137447940423e-07 0.0 0.0 0.0 0.0 1.1938815276991412e-07 0.0 0.0 5.477586196062237e-06 5.023251035440666e-07 0.0 0.0 0.0 1.3441099848143944e-05 1.7214411721119532e-06 1.0890890417286121e-05 5.674882481275203e-06 1.0423124171719104e-06 0.0 1.0609872611683276e-07 0.0 0.0 0.0 0.0 1.7079011501196315e-07 0.0 1.7632556172463386e-07 0.0 0.0 0.0 0.0 0.0 1.0535231544968375e-07 4.964598047458641e-08 0.0 0.0 7.68099901482781e-07 2.07934748359101e-07 2.0599094019887966e-07 1.77243158372255e-07 1.1783538141115063e-05 7.392574490497068e-07 0.0 0.0 0.0 0.0 0.0 0.0 0.0 0.0 2.666645736709513e-05 3.9734227985768803e-07 0.0 0.0 0.0 9.207582926069646e-06 0.0 5.862885130140021e-06 3.4113894539490845e-07 6.147519399258211e-08 3.8207257066242745e-07 1.210351183581069e-07 0.0 0.0 0.0 0.0 0.0 0.0 0.0 7.913234451353094e-08 7.526319430278264e-08 4.4151919363164114e-05 6.233796262959845e-06 8.192212105104341e-06 4.4867061921259674e-05 1.6064646051662055e-06 3.648807372789745e-05 5.816668507458048e-06 0.00011090502377242324 2.624311020945657e-06 2.1842564089247274e-07 2.1832491891870195e-06 1.0033796709133953e-05 0.0 2.0678569906391433e-06 6.822479222212219e-07 3.648867827113662e-05 2.8447602693667826e-07 1.2824463237392666e-06 2.9632654967828814e-07 1.9515670915887708e-07 0.0 0.00010884627009906903 2.6117686470625902e-05
