0.0 0.0010350734989946185 0.00022136870140332198 0.0004437551722144837 0.00016592781635316615 3.248038745992336e-05 0.0004318089784856918 3.4397555397308855e-05 3.58905974903952e-05 0.0007291356856283486 0.00015052512544955242 5.3714620986003966e-05 0.00018055370828015525 0.00017177089664714793 5.028977354674196e-07 7.999431256589739e-07 1.56327523275571e-07 0.0 0.0 0.0 0.0 1.7729656360689099e-07 0.0 0.0 0.0 5.144247986873644e-08 0.0 6.472342615934304e-08 0.0 0.0 0.0003673129175482968 8.146382943372569e-07 2.075505230242112e-05 0.0 0.0 4.7969742400157266e-08 2.091438771217725e-05 5.802303508040968e-07 1.81736034461475e-07 0.0 7.143511628527833e-08 0.0 0.0 4.057548866305747e-08 3.6721592139626365e-08 0.0 3.157273223646107e-06 3.943632285629725e-07 7.237651519333472e-08 1.1879779264686842e-07 4.0088401671191434e-07 1.8793062493643884e-07 1.2755487208553084e-07 7.028224962597597e-08 1.6453282405601133e-06 2.7774485627269525e-06 7.129739932928251e-05 0.00040373539405021944 6.158780344212761e-06 1.926335480332363e-06 1.211606439127209e-07 1.8219575998049645e-06 0.0 1.2125774383139142e-06 1.7495394235358535e-06 6.416183113047913e-07 3.135718653357428e-07 9.374767380139652e-08 2.7506647331374334e-07 2.396132232358854e-07 2.739068227296954e-05 3.1202479668449425e-07 1.8243213207971732e-07 3.898337946636185e-05 5.023947946065414e-06 3.6432919400949154e-06 2.910895751004778e-07 1.653916723248747e-07 4.6186568484100605e-07 4.721848478689857e-05 0.0 1.3813128446143304e-06 3.7628165547747822e-06 0.0 2.888934509688123e-07 7.967133554186604e-07 0.0 1.1468803682897612e-07 3.7023099938965593e-07 2.213221709367534e-07 4.6864701815702354e-08 5.513916004109643e-08 4.1636136816821295e-07 6.253746776798849e-07 7.562906102282691e-08 0.00011314105859672789 1.2356052676603571e-05 2.952301973292662e-07 1.3245285202553841e-06 0.00025954231971971964 0.0 0.0 0.0 0.0 0.0 1.8684067706252168e-06 2.0814400559371185e-06 0.0 5.87956919882199e-07 1.3870086736481314e-06 3.2931808648281495e-07 3.3461327932458376e-06 1.5134261655283602e-06 2.131702595215891e-06 5.159820644364047e-07 3.680316004720156e-08 0.0 0.0 0.0 0.0 0.0 0.0 0.0 0.0 0.0 0.0 0.0 0.0 0.0 0.0 0.0 0.0 0.0 0.0 1.2922114945442193e-07 0.0 0.0 0.0 0.0 3.097704085784025e-06 0.0 1.1875538313310504e-07 3.665562753704176e-07 0.0 0.0 0.0 0.0 0.0 0.0 0.0 0.0 4.717606680957359e-08 4.8051709671875754e-08 0.0 0.0 0.0 0.0 0.0 0.0 0.0 4.39298930568564e-08 4.4983109191826454e-07 0.0 0.0 0.0 0.0 1.239195046630494e-07 0.0 0.0 0.0 0.0 0.0 0.0 7.577424024279426e-08 0.0 0.0 2.0384618180511687e-06 0.0 0.0 0.0 0.0 5.1966031469311525e-08 0.0 0.0 4.022952098486074e-08 1.9820549519726798e-07 0.0 0.0 0.0 0.0 0.0 0.0 0.0 7.716003973648066e-08 0.0 0.0 0.0 1.0000828419827444e-06 6.624873981866804e-07 1.789255107822706e-06 4.0336308199682004e-05 8.056513734385047e-07 2.0209188120663862e-05 3.6007885639248423e-06 7.194535171564541e-05 2.6078754235753166e-06 6.790915097203226e-08 6.549412085799597e-07 2.1086536575516113e-06 6.326173564542188e-08 7.486239428134058e-08 0.0 3.2237571416131204e-06 0.0 0.0 0.0 2.1747496302315902e-07 0.0 7.774862510761174e-05 2.628908474583172e-06
0.0010350734989946185 0.0 0.0007576954558150621 0.0006345129134547646 0.0011828199277501663 4.2893832188478526e-05 0.0009321194891021087 0.00012284556074806442 0.000595345658900425 0.0007855791655357396 0.0009649608111333115 7.24564438057658e-05 0.00035849525953304725 0.0010310222305081225 5.076573037826493e-06 2.8739175866317385e-06 5.437059705949276e-07 1.9329193768907016e-07 7.267698198347378e-08 4.219160293729972e-08 0.0 0.0 0.0 0.0 2.513743789253559e-07 4.026573000051808e-08 0.0 2.3168858729223395e-07 8.818752799571141e-08 0.0 0.0007308643463950545 3.6956204433354263e-06 4.746172326329025e-05 0.0 0.0 4.034197009459666e-08 4.059135986151538e-05 6.610166495023392e-07 3.551014349370955e-07 7.432390350355392e-08 1.6922869497368903e-07 1.9673221129018003e-07 9.85373958843956e-08 2.4027196107808716e-07 1.7435168199687565e-07 0.0 2.100145542607346e-05 1.0370872667668943e-06 1.7171856178662192e-07 1.1296224236972474e-07 6.369214961127834e-07 0.0 0.0 2.5813517900790297e-07 5.116356063782661e-06 7.779918388633721e-06 6.892292202890069e-05 0.0003789243628647711 1.0191664797562614e-05 1.0503810347172772e-05 0.0 3.7093379153424078e-06 0.0 2.1273673847311542e-05 5.133045225087561e-06 1.8609448291032105e-06 9.305371529583571e-07 4.849387559325514e-07 4.350661853858061e-07 9.367304299690279e-08 9.389409702587897e-06 2.4136463320711206e-07 3.5008606915489044e-08 0.00010135015740797252 4.168977112839674e-05 2.4585531851943026e-05 1.5288130417775623e-06 3.066824877485772e-07 2.546718192010586e-07 0.00010807048948701783 0.0 1.7187484658385064e-06 1.077066170185631e-05 0.0 5.543251903696104e-07 1.825788747363493e-06 1.7677797299645128e-07 1.9689566659664508e-07 8.137620509496131e-07 1.3775974416592826e-07 1.050580568284621e-07 8.952869041119078e-08 6.577661093683219e-07 3.005883979998329e-07 1.0789658332974267e-07 1.0076178103445149e-05 3.4674553305074855e-07 0.0 4.1376079465651024e-07 0.0003525640170277982 0.0 0.0 8.875292408374352e-08 0.0 0.0 7.966175878971016e-07 1.1307027184960831e-07 5.068883890647745e-07 9.09468610311176e-06 1.5034330422332355e-06 0.0 2.021790829293918e-06 1.469653547987633e-06 2.2687448713445317e-06 9.814833592766311e-07 0.0 0.0 0.0 0.0 0.0 0.0 0.0 0.0 0.0 0.0 0.0 0.0 0.0 0.0 0.0 0.0 0.0 0.0 0.0 0.0 0.0 0.0 0.0 0.0 3.2900311064543788e-06 0.0 1.925942242730867e-06 8.884920367888124e-07 4.655588979409518e-08 0.0 0.0 0.0 0.0 0.0 0.0 0.0 0.0 0.0 0.0 0.0 1.3346669203928222e-07 0.0 0.0 3.9356803834689725e-08 7.43365115774699e-08 1.1950614334867717e-07 0.0 0.0 0.0 0.0 0.0 5.226982777310439e-07 6.200660218291082e-08 0.0 9.997358921645808e-08 0.0 0.0 0.0 0.0 0.0 2.4525525939871325e-07 4.057051368038581e-06 0.0 0.0 0.0 0.0 1.1293564175952936e-07 0.0 0.0 1.3089620691795927e-07 0.0 3.645194442833683e-08 0.0 0.0 0.0 0.0 0.0 5.791763992474525e-08 0.0 0.0 0.0 0.0 2.677327063823088e-06 1.0226682362067929e-06 3.44352925310493e-06 2.4529009954200013e-05 1.7759315893144258e-06 8.40533000808851e-05 1.1006799149497871e-05 7.126731896464271e-05 8.373622744271792e-06 3.4912967782107006e-07 2.657638438183675e-06 4.195421615732961e-07 0.0 5.335129404009419e-07 4.0989410368922946e-08 1.3800403609984833e-06 0.0 0.0 0.0 5.477326557127649e-07 0.0 3.919938616859137e-05 1.250878962336402e-06
0.00022136870140332198 0.0007576954558150621 0.0 3.700675279015475e-05 0.0002651724493376021 4.0592797400852505e-06 3.58729409419304e-05 0.0007291519262445557 0.00021850341958113518 3.3816848537042005e-05 0.0015698626458307023 1.98103186505198e-05 0.00012044523931008916 0.0005342801038330922 2.5024115506539714e-06 3.5017918164445937e-06 3.1406463631475626e-07 2.5148428985409235e-07 6.880821136439518e-08 6.263507887276244e-07 3.576438018644786e-07 1.979467013159169e-07 0.0 1.0970515266375786e-07 7.822965879220368e-07 6.509164581595274e-07 0.0 5.147664887318487e-07 1.5210096379965457e-07 1.833048107726005e-07 0.0023460387882868507 9.793941220588265e-05 6.784141645560446e-05 0.0 1.1614231100284391e-07 5.188558740201806e-07 4.7365699539279975e-05 3.040475414088001e-06 1.217705670319516e-06 1.3172655478660655e-06 3.2139579110886843e-06 1.369564438994915e-06 3.717447729043666e-07 3.494001242606462e-07 0.0 0.0 7.509697790959776e-06 2.8243353479006514e-07 2.782072622646813e-07 1.2287503815272074e-06 2.1162121830729808e-06 3.504791381359709e-07 0.0 2.5203142760514427e-07 1.6424167842497636e-06 1.5653391496064325e-06 2.9999052165561044e-05 0.00024425551471166275 2.7495267583232964e-06 3.017478946955643e-06 3.6869714229591765e-07 1.7741893422357724e-05 0.0 1.6369939170579903e-05 1.1271269598698027e-06 8.988256668272564e-07 3.121514779489955e-07 2.054605542600438e-06 5.900642251325736e-06 3.972155425936057e-06 1.0656359983275262e-05 3.716088086422238e-08 1.3149346043161345e-07 2.9145577932896028e-05 1.8754765909903757e-05 1.093704602482096e-05 1.1613956781491754e-06 5.679483591902253e-07 1.9641457562844368e-05 0.0005870435907740231 6.371420634499905e-08 4.312591697754168e-05 2.6498023545827268e-06 0.0 4.0377893934673193e-07 3.583497060911281e-07 4.4883320812908366e-07 0.0 2.844092276641577e-07 1.2893303632844828e-07 2.566105664545184e-07 6.207767953400525e-07 1.4284009729186797e-05 3.0826762793151722e-06 1.0653729214876076e-06 1.2445762092601733e-06 3.2105434304947245e-07 3.3599520054870095e-08 8.895167637649273e-07 0.00012244238158857934 0.0 0.0 0.0 0.0 0.0 5.397247597408718e-07 6.626872755030126e-07 2.9712372768694803e-07 1.500490426644952e-07 5.122650965655658e-07 4.98873209874209e-07 1.2291780768586368e-06 7.327335660018743e-07 1.5539493789041886e-06 2.1650177916667694e-06 0.0 0.0 0.0 0.0 0.0 0.0 0.0 0.0 0.0 8.825060090607339e-08 0.0 0.0 0.0 1.1156681672105885e-07 0.0 0.0 0.0 0.0 0.0 0.0 0.0 0.0 0.0 0.0 5.822044758041453e-06 3.434269767657516e-07 1.297693610512813e-06 1.9374298132744204e-06 2.890097014335417e-07 0.0 0.0 0.0 0.0 0.0 0.0 0.0 2.0152918109281641e-07 1.5986999859832555e-07 0.0 0.0 0.0 4.74984601703052e-08 3.0630348821835184e-07 0.0 0.0 0.0 2.6446332572713826e-07 0.0 0.0 0.0 0.0 1.3900007630581352e-06 0.0 0.0 0.0 0.0 0.0 0.0 1.2389398677342032e-07 4.4763155987924273e-08 0.0 5.0453272694515155e-06 0.0 0.0 2.2757831378008182e-07 2.548712971532474e-07 3.608853784921687e-07 7.034055679089482e-08 2.9102543130256126e-07 3.479142914447005e-07 4.0928819432755135e-08 1.5763215126757258e-07 0.0 0.0 0.0 0.0 0.0 0.0 6.121015766760036e-08 2.576872758508238e-07 2.47656911109775e-07 0.0 2.5107221439387e-06 2.7636055335915764e-06 4.872086370007999e-06 1.101965533504394e-05 8.363681736518239e-07 2.551554296541011e-05 5.257228392916254e-06 3.230467195825195e-05 1.965562455321452e-06 2.988816901883774e-07 1.2311669576242161e-06 7.670609464365157e-07 1.406811490808246e-07 4.2733013510711717e-08 0.0 3.744428031000414e-07 0.0 0.0 6.787965127398202e-08 0.0 0.0 8.600771460563823e-06 7.887779307266342e-07
0.0004437551722144837 0.0006345129134547646 3.700675279015475e-05 0.0 0.00016668533015068372 9.216849450990957e-05 0.0006891654691725403 7.220409667636802e-07 4.8155153617167186e-05 0.0017255361511506785 1.3349037942117371e-05 0.0002872222477774965 0.0006863681152832733 5.323535309440887e-05 3.4013960046645957e-07 1.0428606227347913e-07 5.8188899883872465e-08 0.0 0.0 0.0 0.0 0.0 0.0 0.0 0.0 5.446292117466029e-08 0.0 0.0 0.0 0.0 4.646031487550916e-05 6.890631294750216e-08 1.2311484152949565e-06 0.0 0.0 0.0 2.602785418113859e-06 9.141875961296415e-08 1.0353569254729156e-07 0.0 0.0 0.0 0.0 3.762813691185962e-08 0.0 4.093782731287576e-08 3.2756941112058127e-06 2.80409681558546e-07 4.7496454474830063e-08 0.0 4.85597807349562e-08 0.0 4.388995664252841e-08 5.3208722520069773e-08 2.2174375688426636e-06 1.4495986640132924e-06 1.7260165060108906e-05 7.756365296041568e-05 2.250873151395844e-06 1.537250422823897e-06 0.0 1.8485248290744333e-07 0.0 2.441977851545e-06 9.814529218124074e-07 5.563022854555836e-07 8.276261576369956e-08 3.6348872980335706e-08 3.918618955617481e-08 0.0 5.980632294836856e-06 0.0 0.0 2.2280062844361364e-05 4.930134551717297e-06 3.022907805497041e-06 9.778075762028498e-08 0.0 0.0 1.2394744772841681e-06 0.0 1.1904972633971381e-07 1.9968451929830865e-06 0.0 0.0 2.845757773031699e-07 0.0 0.0 8.043189999924303e-08 5.345518048677286e-08 5.7389692360341144e-08 0.0 0.0 0.0 0.0 1.5414015580918885e-05 3.0807896239372605e-06 0.0 9.790699514684923e-08 0.0002324474383827722 8.930856681192083e-08 2.5423921731134756e-06 3.3947144295533167e-06 1.5153002832387752e-05 0.0 6.874437723639359e-06 4.175457248381257e-06 0.0 1.183180882709725e-06 5.453022054095935e-07 0.0 2.9321324718092002e-06 1.00275422719443e-06 1.0325657960998096e-06 1.0431470289488342e-06 0.0 0.0 0.0 0.0 0.0 0.0 0.0 0.0 0.0 0.0 0.0 0.0 0.0 0.0 0.0 0.0 0.0 0.0 0.0 7.60436601686095e-08 0.0 0.0 0.0 0.0 2.533232874817472e-06 0.0 5.314269313174636e-07 3.0078196240444833e-07 1.1053284816284315e-07 0.0 0.0 0.0 0.0 0.0 0.0 0.0 0.0 0.0 0.0 0.0 0.0 0.0 0.0 0.0 0.0 1.84285595859943e-07 0.0 4.98542175456718e-08 6.62274315229344e-08 0.0 0.0 3.595473252005011e-07 0.0 0.0 0.0 0.0 0.0 0.0 0.0 0.0 0.0 3.130949920078848e-06 0.0 0.0 0.0 0.0 5.653842313544129e-07 0.0 0.0 2.460606644620977e-07 1.674465931284881e-07 0.0 0.0 0.0 0.0 3.6190851984472214e-08 3.913103588886143e-08 0.0 0.0 0.0 0.0 0.0 9.33494320192721e-07 4.257639857245784e-07 5.116779306943458e-07 3.3426948241237473e-06 2.539778633579254e-07 1.353544665242708e-05 1.95054562692916e-06 8.963551217840608e-05 1.6967221873315557e-06 2.6985613795678917e-07 0.0 2.4340494674949073e-06 1.0039121169671791e-07 0.0 1.192978438863012e-07 1.7060588890965096e-06 0.0 0.0 0.0 0.0 0.0 2.058095098328479e-05 3.0856646709090344e-06
0.00016592781635316615 0.0011828199277501663 0.0002651724493376021 0.00016668533015068372 0.0 1.9824852748243467e-05 0.0003659621335128397 0.00015646886201765018 0.0013084641922767593 0.0009692499156696482 0.0004980212672917814 0.0001964439123977565 0.00017756656234151297 0.0009445971214976073 7.891527523162705e-06 1.932114459939048e-06 2.3288415337408517e-07 2.341600774380701e-07 4.309874231836852e-08 0.0 0.0 0.0 4.731652761614445e-08 0.0 0.0 4.41156062582402e-08 0.0 0.0 0.0 0.0 0.00015549617385490097 5.7499280750762415e-06 4.102851986281409e-06 4.339050888668993e-08 5.035137561375553e-08 3.731762685308029e-08 7.192567952014267e-06 3.3930472232930106e-07 1.5610638203729895e-07 8.301826798045681e-08 0.0 8.85677906999307e-08 1.5272996528357305e-07 1.8921280570533513e-07 2.6131833014055775e-07 0.0 3.892172042339721e-05 1.2257497960148366e-06 3.494722109676346e-07 1.9547896815128047e-07 3.986456842276834e-07 0.0 0.0 0.0 6.534205949928629e-06 9.614332108735535e-06 3.7484655344491546e-05 0.00014388967545911124 8.120565575009784e-06 1.629657474386796e-05 1.4530437181511096e-07 1.3202458013061638e-06 4.9457879695122316e-08 4.164482524112637e-05 5.28274004654823e-06 2.028158507146832e-06 7.674505069296409e-07 2.717183552073849e-07 2.5615228870447266e-07 9.221012776627556e-08 5.3455688655458316e-06 1.152886450014338e-07 0.0 9.637260147040632e-05 5.768028475370753e-05 4.808188053834698e-05 1.8761106942772686e-06 4.772209462413249e-07 1.1797858437539109e-07 5.991455761267425e-06 7.987887236664096e-08 8.716392722648058e-07 1.0311880090341389e-05 8.701882285031189e-08 6.100363877765286e-07 2.3914095561198793e-06 2.4082670153912595e-07 1.2067943674434506e-07 9.532962084614211e-07 1.3958308109848605e-07 4.086674345362492e-08 9.574229357762761e-08 7.974120415082014e-08 0.0 5.1691552931014795e-08 6.189795087826482e-06 6.674416198394229e-07 0.0 1.6327472287417771e-07 3.468842309160783e-05 0.0 0.0 1.2249907586076134e-07 0.0 9.576712515258088e-08 3.2996206915113634e-06 6.146645182523981e-07 9.772506732589317e-07 1.3711429095008372e-06 5.00638817388642e-06 0.0 8.325877305482273e-06 4.069074317277856e-06 6.607872100688202e-06 2.7986008017446796e-06 0.0 0.0 0.0 0.0 0.0 0.0 0.0 0.0 0.0 0.0 0.0 0.0 0.0 0.0 0.0 0.0 0.0 0.0 0.0 0.0 0.0 0.0 0.0 0.0 8.269539378529674e-06 0.0 3.1565074917125414e-06 2.031414253805976e-06 7.517916518658541e-07 0.0 0.0 0.0 0.0 0.0 0.0 0.0 3.2431420168016604e-07 0.0 0.0 0.0 0.0 1.858063064777351e-07 0.0 0.0 0.0 3.810699226916946e-08 2.9888262203804504e-07 0.0 0.0 2.7348288503028155e-07 0.0 1.3090931257001526e-06 0.0 0.0 1.25639568986408e-07 3.9093324080724174e-08 4.02601181947418e-08 0.0 0.0 0.0 0.0 7.675705764988811e-06 0.0 0.0 0.0 0.0 4.552921155435875e-07 0.0 8.856488569556995e-08 4.945046749662303e-07 0.0 2.1681527854002504e-07 0.0 0.0 0.0 0.0 0.0 0.0 4.606215738288498e-08 0.0 0.0 0.0 4.898110026221177e-06 1.184582473357462e-06 4.1683960525066395e-06 3.466737710120173e-05 1.8736751084470397e-06 0.00011982947042573402 2.030591491489449e-05 4.667472295561388e-05 1.3104059607732116e-05 9.433748227994409e-07 4.146190841113984e-06 2.70636223629315e-06 0.0 3.8414670688260296e-07 6.468406956258609e-08 3.736683348539724e-06 0.0 0.0 7.651262016992474e-08 3.033890144900311e-07 0.0 4.8913849970370316e-05 3.0914366927048676e-06
3.248038745992336e-05 4.2893832188478526e-05 4.0592797400852505e-06 9.216849450990957e-05 1.9824852748243467e-05 0.0 5.822513056873245e-05 4.4222280858289585e-08 8.700464778982778e-06 0.0004759408787003973 6.728673692570091e-07 3.6980670655197984e-05 5.0703409535666324e-05 9.011922922321753e-06 5.4203866967052874e-08 9.905929677984517e-08 0.0 0.0 0.0 0.0 0.0 5.521019242674662e-07 0.0 0.0 0.0 0.0 0.0 0.0 0.0 0.0 4.457522523874124e-05 0.0 2.882328624435881e-06 0.0 0.0 0.0 2.2564640198413335e-05 4.921114542759712e-07 1.5620407952305798e-06 1.3650128562714273e-07 0.0 0.0 0.0 0.0 0.0 0.0 4.7186216575318746e-08 0.0 0.0 4.92410160905627e-08 4.5878797471693594e-07 1.1647371647399784e-05 5.703206857401589e-07 0.0 1.1403226019794046e-07 2.852464724036467e-07 2.607783647624414e-05 8.689329483112635e-06 8.582158358061297e-07 9.50912412764943e-08 0.0 1.641335451104155e-07 0.0 0.0 4.050010054581792e-08 7.285250104531874e-08 3.337656126600816e-07 0.0 0.0 0.0 7.739919640662791e-05 2.6407231110479336e-05 9.240658507599725e-06 1.1026905542571936e-06 2.6310733950631094e-07 1.4217201980148142e-07 5.498037877423424e-08 0.0 0.0 4.4955061995956537e-07 0.0 0.0 0.0 1.0191333044289667e-07 0.0 6.871624815608308e-07 0.0 9.245689132050458e-07 1.969478841979421e-06 6.126995987437649e-06 1.5494024169717514e-06 1.989832746158227e-06 0.0 3.017869578336323e-07 2.7133632050967067e-07 0.0001595737155055359 0.0001585262041897303 8.250647590853206e-06 1.3074281073637019e-05 0.00017254842753104235 0.0 0.0 7.910827884023766e-07 0.0 0.0 6.791359113215981e-06 4.080240949921111e-06 9.874982151793487e-07 2.904168169144193e-06 1.0597912727331473e-05 5.6918064014898206e-08 1.4087947609513502e-05 6.057847470491131e-06 8.69451915507299e-06 4.5100592656370006e-07 1.666749269395785e-07 0.0 0.0 0.0 0.0 0.0 0.0 0.0 0.0 0.0 0.0 0.0 0.0 0.0 0.0 0.0 0.0 0.0 0.0 4.946409794274581e-08 0.0 0.0 0.0 0.0 1.2243980075548931e-06 0.0 5.964416033926155e-07 2.856238863103106e-07 3.8888293487817294e-08 0.0 0.0 0.0 0.0 0.0 0.0 0.0 0.0 6.849522820618044e-08 0.0 0.0 0.0 0.0 0.0 0.0 0.0 4.782132389324999e-08 0.0 0.0 0.0 0.0 0.0 7.038764626076684e-08 0.0 0.0 0.0 0.0 4.8100636216806876e-08 0.0 0.0 0.0 0.0 3.6123190380103956e-06 0.0 0.0 6.40636351791042e-08 0.0 0.0 0.0 0.0 0.0 3.1062156124813757e-07 0.0 0.0 0.0 0.0 0.0 0.0 0.0 7.644647955129179e-08 6.043034445016787e-08 0.0 0.0 5.191128521258936e-06 0.0 2.088713222465976e-07 1.3071986782840679e-05 1.1491712097632011e-07 1.1557161254229023e-06 1.0914565829028757e-07 5.208791205731925e-05 3.0267332732099764e-07 4.604781666023775e-06 0.0 5.046565416625801e-06 5.072794346008622e-08 8.285129826953095e-08 0.0 1.932763170487175e-05 0.0 0.0 0.0 0.0 0.0 2.588659489773269e-05 8.112624337350785e-06
0.0004318089784856918 0.0009321194891021087 3.58729409419304e-05 0.0006891654691725403 0.0003659621335128397 5.822513056873245e-05 0.0 3.8413859476146445e-06 0.00016244654494320735 0.0009961615053038415 0.00030201104467236984 0.00019112405249539544 0.0013754094281370885 0.0007624634515065269 5.8720128476165125e-06 3.0702968132678113e-06 1.2528403727654294e-07 7.22969618559934e-08 8.175876222014007e-08 5.2801631420180835e-08 0.0 0.0 0.0 3.263591354219445e-08 1.7132919357993587e-07 0.0 0.0 0.0 6.036116274754019e-08 6.944152006455523e-08 8.340608771332148e-05 2.96193929863516e-06 3.6744716151833074e-06 0.0 7.95644781217866e-08 0.0 9.810519010474962e-06 6.476073949081289e-07 3.00232487633595e-07 8.842873802174653e-08 8.607939118044278e-08 3.713611732908613e-08 7.76054638776186e-08 2.102391089382956e-07 4.836844389478441e-08 5.694593075734038e-08 3.0707771554430354e-05 1.18786246289923e-06 3.495972474435161e-07 1.8717480315013223e-07 1.1515420423954129e-07 4.044552373782263e-08 0.0 0.0 5.861095740648232e-06 6.545074571131663e-06 4.710047004675607e-05 0.00017627438476629665 7.386193267057135e-06 1.3339486077743283e-05 5.678471189007776e-08 1.3096268152334617e-06 0.0 2.4027252838224833e-05 5.961304771297543e-06 1.5714822812719714e-06 7.817587657094085e-07 1.0135243977405133e-07 9.650454364751455e-08 3.567443864817661e-08 8.031604008306327e-06 4.514981147668897e-08 0.0 9.55477870552487e-05 4.129473175267318e-05 3.342145131329654e-05 1.7908726391000937e-06 1.3989240785610008e-07 7.984503586981998e-08 4.1861811311440076e-06 7.200606205577555e-08 7.578834371355789e-07 1.1338920571105311e-05 0.0 6.418677600651894e-07 1.8507649217191473e-06 3.999716678474655e-07 8.523471826788873e-08 1.2216801836889765e-06 9.142335673799122e-08 8.383389380765631e-08 0.0 1.288700462491679e-07 0.0 0.0 2.1652825434694875e-05 1.0490688359644205e-06 0.0 6.630497324829472e-08 5.2436302219244047e-05 2.2343001784323656e-07 1.1203383610846303e-06 1.0031304702245908e-05 9.533075717025111e-06 0.0 1.3145273599787447e-05 3.239261848034107e-06 1.3547027413853907e-06 4.913234691806912e-06 1.2732904169098353e-05 2.2710521814119395e-07 1.5361748366762227e-05 8.860201712406818e-06 1.3093414630449313e-05 7.172094356922595e-06 4.274055705564035e-08 6.111157093101566e-08 0.0 0.0 0.0 0.0 0.0 0.0 0.0 0.0 0.0 0.0 0.0 0.0 0.0 0.0 0.0 0.0 0.0 8.459865543426656e-08 0.0 0.0 0.0 0.0 1.3000379484402844e-05 0.0 4.366438068731422e-06 3.0147187461167446e-06 4.919230253984129e-07 0.0 0.0 0.0 0.0 0.0 0.0 0.0 1.1810255588022385e-07 2.6213948198419904e-07 0.0 0.0 0.0 0.0 5.522698465358302e-08 0.0 1.6836936687620312e-07 3.87842191920786e-08 8.208389906462333e-07 4.9938575085744134e-08 0.0 0.0 0.0 2.5502891641836533e-06 0.0 0.0 4.698689836878723e-08 0.0 0.0 0.0 0.0 0.0 0.0 1.733488094691472e-05 0.0 0.0 0.0 0.0 4.18214515415377e-08 0.0 0.0 1.7195665943476706e-06 1.796658697806e-07 0.0 7.838834184506915e-08 1.324064186961625e-07 0.0 0.0 0.0 0.0 1.869702991262439e-07 0.0 0.0 0.0 9.713140439171235e-06 4.65656537740779e-06 9.354715871531888e-06 3.051880806140578e-05 2.111427484103428e-06 9.765680545355153e-05 1.5106980022726864e-05 6.428047993959276e-05 1.119034506971591e-05 4.766992494653265e-07 3.075673118446207e-06 3.319491586945769e-06 0.0 1.013436404507611e-06 8.032544726816214e-08 8.694028194544757e-06 0.0 0.0 4.1895091331305553e-08 1.30086759401969e-06 0.0 6.950823022674679e-05 5.3084764475287805e-06
3.4397555397308855e-05 0.00012284556074806442 0.0007291519262445557 7.220409667636802e-07 0.00015646886201765018 4.4222280858289585e-08 3.8413859476146445e-06 0.0 9.173150903665798e-05 1.8038340556187887e-06 0.001193568896757947 1.738904637434342e-06 4.695158925958257e-05 0.000329530781734483 8.157328795684406e-06 6.567565233222676e-06 1.2371991311394872e-06 4.577400609544878e-06 1.3195214316648302e-06 5.817451632572306e-06 2.707870539998224e-06 6.152091917787734e-07 9.176567097384021e-07 2.0930790712803095e-07 2.5906262886599783e-06 2.563711100808102e-06 6.229888230393794e-07 1.2071563866019544e-06 2.857478134413497e-07 0.0 0.0006215555594633798 0.0012862171962095602 4.662406962520877e-05 1.6716803545524937e-06 6.447606000899562e-07 3.1792130767941993e-06 2.6262347967254786e-05 1.1165650627534695e-05 2.317343277987776e-06 1.6593655204147802e-06 6.395434234773147e-06 2.439462020146248e-06 2.860627620627999e-06 1.8381515347809296e-06 3.8820612506892454e-06 7.422039748819986e-07 2.7338161220005165e-05 9.917133469242615e-07 8.110528208084092e-07 4.31721513939917e-06 2.98887295190172e-06 4.236571091250508e-07 0.0 1.5837717424744487e-06 2.0002074308305996e-06 3.8310787229417034e-06 2.281407159386706e-05 0.00014634654068590105 3.831749048260566e-06 1.1315943226119784e-05 1.4024597531561333e-05 4.375906271050696e-05 9.227219782889994e-08 0.00013030081225802215 2.6535888029397374e-06 1.463053818859703e-06 9.467388918055074e-07 2.704734049388769e-06 7.956867801261253e-06 1.4429862886499836e-05 4.744936269752075e-06 6.907821702428724e-08 5.24708336629229e-08 5.971575159213559e-05 6.74192383486894e-05 4.572483532603188e-05 3.320374648218902e-05 0.00018822409863560188 0.0010064569763380137 0.0018788798880245694 2.143931844730224e-05 0.0006418743249963884 4.25989614928345e-06 4.290592930999308e-08 4.603493080637319e-07 1.0633196454726142e-06 6.476298007156933e-07 3.4398961280381564e-08 4.2261217136503307e-07 0.0 3.112716609918328e-07 2.7300118679192216e-07 2.403024892127627e-05 5.891602927934883e-06 9.237291569088331e-07 7.955092932344423e-08 1.3584462447848608e-07 0.0 3.123042805867201e-07 2.089882243552787e-05 0.0 0.0 0.0 0.0 0.0 8.809131081971016e-08 2.4367034581794636e-07 0.0 6.42881014936507e-08 3.3662610123098965e-07 0.0 2.740305049765583e-07 6.718022266295944e-07 6.983705267866178e-07 7.676835640106473e-07 0.0 0.0 0.0 0.0 0.0 0.0 0.0 4.8175556930086154e-08 0.0 0.0 9.079307728881429e-08 0.0 0.0 0.0 0.0 0.0 4.188319027983583e-08 0.0 8.704155998220263e-08 0.0 0.0 0.0 0.0 0.0 1.694931766879163e-06 0.0 1.4009480589973951e-06 1.1090785257250922e-06 1.6187687737462882e-07 0.0 0.0 0.0 0.0 0.0 0.0 0.0 0.0 0.0 0.0 0.0 1.9676544726165968e-07 1.6209714592829154e-07 2.1518918016220083e-07 0.0 0.0 4.320334909963157e-08 4.5044401825585236e-07 1.1202290832220172e-07 0.0 0.0 0.0 6.619249751428261e-07 0.0 0.0 0.0 7.280720131845917e-08 1.0563897486952963e-07 0.0 8.771909160516181e-08 2.185708418983418e-07 0.0 1.5868616110179922e-06 5.912877233342565e-08 0.0 6.653589447069779e-08 3.8686004307885057e-07 1.488471636709272e-07 0.0 0.0 0.0 4.962362468934211e-08 0.0 0.0 0.0 0.0 0.0 0.0 0.0 0.0 5.5462065179582024e-08 0.0 1.2289401445768294e-07 1.0034603414570368e-06 9.830427017192165e-07 9.96736978065106e-07 2.186383825101659e-05 1.3298886615398618e-06 6.626111769317535e-05 1.4087533971799913e-05 9.89403719657347e-06 4.877926606157759e-06 2.520637968085203e-07 2.851485989018393e-06 7.95682297781311e-07 0.0 9.129829097540587e-07 0.0 1.7658061315334828e-07 0.0 0.0 0.0 1.0216149561735597e-06 2.680704181682754e-07 7.483993738474834e-06 7.580880565313306e-07
3.58905974903952e-05 0.000595345658900425 0.00021850341958113518 4.8155153617167186e-05 0.0013084641922767593 8.700464778982778e-06 0.00016244654494320735 9.173150903665798e-05 0.0 0.00027016720241583044 0.00041836023115888413 7.35508550295551e-05 9.358442689201627e-05 0.0005947805180504539 5.861957050775167e-06 2.570179513089216e-06 1.4199025882598963e-07 0.0 0.0 4.733541310274218e-08 0.0 0.0 0.0 0.0 0.0 0.0 0.0 8.649119773547534e-08 0.0 0.0 4.485611623396527e-05 4.7073056508660215e-06 3.365901992819847e-06 0.0 0.0 7.734463176001034e-08 6.415977298517984e-06 7.806356265336307e-07 4.974748052648598e-07 1.5839939191012401e-07 0.0 0.0 8.886034416352701e-08 3.865976845027391e-08 4.854638872401821e-08 6.027240332713305e-08 2.0470464405155762e-05 4.939599511495558e-07 4.027496270786012e-08 2.4334512140917684e-07 7.275646728099809e-08 0.0 0.0 0.0 1.8243682446048824e-06 2.8335888369694106e-06 1.1508930046645137e-05 4.3856634926088134e-05 3.2617058288941466e-06 8.252297032804769e-06 7.059009134062761e-08 1.015139784284539e-06 0.0 1.624421087175562e-05 2.4887827789023385e-06 7.883138666338903e-07 4.1382932850174996e-07 2.0770914596537745e-07 4.900815425424857e-08 3.967262099919531e-08 3.0858757955029427e-06 8.70968704369204e-08 0.0 3.90925318872183e-05 2.3616247540785086e-05 2.531213408379198e-05 1.5392276391982398e-06 3.545368079948208e-07 3.3622070816827287e-08 2.2733933398091797e-06 1.0029169606871844e-07 5.858959938251718e-07 4.1788603899917995e-06 0.0 3.857980391577766e-07 9.060667481450175e-07 1.6327195986595682e-07 0.0 4.347011961413778e-07 7.06952394821738e-08 1.1835767265320383e-07 7.276238378682446e-08 9.39243998304301e-08 3.901406065216835e-08 0.0 4.752198313249977e-06 9.393792969595384e-07 0.0 0.0 9.532032690296475e-06 9.513385195145579e-08 4.734765198669461e-07 6.989305003970595e-08 0.0 0.0 3.5021551816081727e-06 2.5503302010680647e-06 8.322925176152619e-07 1.479904364694025e-06 3.13684218302259e-06 0.0 9.788894184637848e-06 5.771710629042181e-06 9.64395484644096e-06 2.1855750254430573e-06 0.0 0.0 0.0 0.0 0.0 0.0 0.0 0.0 0.0 0.0 0.0 0.0 0.0 0.0 0.0 0.0 0.0 0.0 0.0 0.0 0.0 0.0 0.0 0.0 7.0295574573320426e-06 2.2054000295000203e-07 2.945960473019777e-06 2.0968981195844233e-06 1.647182674647294e-07 0.0 0.0 0.0 0.0 0.0 0.0 0.0 3.5406352894425234e-07 9.780648554587091e-08 0.0 0.0 0.0 0.0 1.626572171610799e-07 1.5673407301517682e-07 7.760362976081243e-08 0.0 5.941991530203298e-07 0.0 0.0 0.0 3.4315305437900247e-07 1.8975107786823155e-06 0.0 0.0 0.0 0.0 0.0 0.0 0.0 0.0 0.0 9.495620345041633e-06 4.675032096681416e-08 0.0 0.0 0.0 1.520601458259585e-07 0.0 0.0 3.867285280290892e-08 4.2052183435754327e-08 4.509941468005998e-08 0.0 0.0 0.0 0.0 7.630667251861478e-08 0.0 0.0 0.0 0.0 0.0 7.191604292253038e-06 2.9780735449420955e-06 3.98386592450264e-06 2.305689668399663e-05 6.949107937978449e-07 5.6807136396758844e-05 1.1039032613438997e-05 2.5379976662240454e-05 6.593153751140091e-06 2.8594289247145657e-07 3.934450389239718e-06 2.2040127449633713e-06 0.0 8.438717585000893e-07 1.1334244295063282e-07 3.288562357549007e-06 0.0 0.0 2.0161719503348945e-07 5.381712273070083e-07 0.0 3.3613580438680015e-05 4.2506961454273625e-06
0.0007291356856283486 0.0007855791655357396 3.3816848537042005e-05 0.0017255361511506785 0.0009692499156696482 0.0004759408787003973 0.0009961615053038415 1.8038340556187887e-06 0.00027016720241583044 0.0 3.758900217815462e-05 0.0017702845194268982 0.0037114557080726806 0.00022277460625765215 3.921779585570708e-06 1.637565986077119e-06 1.1330706224579114e-07 4.3093234051444165e-08 0.0 8.915909516697644e-08 0.0 4.633713586592405e-08 0.0 0.0 3.942204514443706e-08 3.7231642273905716e-08 0.0 0.0 0.0 0.0 6.401114054925483e-05 2.27435304142801e-06 1.4979651829729056e-05 4.645975544917548e-08 0.0 1.0440390723652866e-07 0.00014352190329741972 2.7594516613479896e-07 4.1584771488188547e-07 0.0 0.0 0.0 0.0 1.243124878547954e-07 6.605648000358736e-08 0.0 2.494693467620176e-05 1.02340978146454e-06 9.796638799058722e-08 7.376062552460766e-08 3.456591087518763e-07 0.0 0.0 5.461392223636081e-08 5.648278342717428e-06 7.7432185840268e-06 5.953624733171163e-05 0.00016916918395070546 7.173191874669891e-06 1.1021406079408262e-05 6.51370313321468e-08 1.103373289447027e-06 0.0 1.5618491380116174e-05 4.979887499390994e-06 1.7025759338223685e-06 8.743080305479043e-07 8.085691811178582e-08 4.5942226851531627e-08 1.8840450451234868e-07 0.000219684284761214 4.7238823186873875e-08 3.3673453303326945e-07 7.984842047205951e-05 3.120002754894366e-05 2.6559943048169656e-05 6.475371156936705e-07 8.61704787458926e-08 3.977582261032462e-08 3.6623676896870393e-06 3.518890059753589e-08 4.6565195570284204e-07 9.906749185039536e-06 0.0 6.35123869356294e-07 2.318060852522168e-06 1.2872886362888622e-07 7.801035699559305e-08 8.248224290647326e-07 0.0 5.469094922571426e-08 5.184369587833979e-08 8.123924567653853e-08 1.0985465093297846e-07 0.0 0.00018420679694809263 1.1900112780586571e-05 1.5513837956079428e-07 1.4425206238465884e-06 0.00040614454331721017 9.016473253704259e-07 1.2653323944196309e-06 1.5012540756726416e-05 1.4960473816291982e-05 3.299964257088195e-07 6.153344353915241e-05 1.7528432329300783e-05 7.2053501516549765e-06 0.00013200875423780183 7.147289496768095e-05 6.332658173258001e-07 0.00012626000026076602 4.845321025357634e-05 5.2375063183111526e-05 7.106004448661088e-06 0.0 1.5766437255830297e-07 0.0 0.0 0.0 0.0 0.0 0.0 0.0 0.0 0.0 0.0 0.0 0.0 0.0 0.0 0.0 0.0 0.0 1.0386433906303102e-06 0.0 0.0 0.0 0.0 1.645243257349549e-05 0.0 5.602427235972129e-06 1.4215314111886535e-06 3.5134575832688785e-07 0.0 8.592689915927404e-08 0.0 0.0 0.0 1.2694324737922446e-07 0.0 4.214945079153976e-07 9.991170256551426e-07 0.0 0.0 0.0 1.9325314907687253e-07 0.0 1.6107806329873497e-07 1.578744440141739e-07 3.427879704704808e-08 1.694665976729672e-07 9.252977823490604e-07 1.0212281912294373e-07 0.0 6.873182099106865e-07 2.2102598710518207e-06 6.772430158049911e-08 0.0 7.47582519457849e-08 8.657562331536466e-08 0.0 0.0 0.0 0.0 0.0 3.060275927656572e-05 0.0 0.0 0.0 0.0 6.562336160291767e-07 0.0 5.414087866272422e-07 8.267505473154754e-07 6.736582995888893e-07 1.0737281873495783e-07 1.810778438960622e-07 0.0 0.0 0.0 3.385317249265805e-08 0.0 4.861054435494641e-08 0.0 0.0 0.0 2.2917291274005154e-05 1.512292071942045e-06 4.064921578045135e-06 4.86460296695276e-05 1.7400206146798169e-06 8.410353600476243e-05 1.177817171701457e-05 0.0004321699166127915 8.921491399745735e-06 9.053576371722097e-07 4.012083311620877e-06 1.1092920444330831e-05 0.0 1.5247895042408244e-06 2.9949255462368507e-07 4.1331720480967355e-05 0.0 0.0 2.42263862219891e-07 3.1985766466452583e-07 0.0 0.00031435012373685965 3.294926346460538e-05
0.00015052512544955242 0.0009649608111333115 0.0015698626458307023 1.3349037942117371e-05 0.0004980212672917814 6.728673692570091e-07 0.00030201104467236984 0.001193568896757947 0.00041836023115888413 3.758900217815462e-05 0.0 2.7871714593806923e-05 0.0007294699080366739 0.0014627853913922412 3.871749008819364e-06 2.8335484656919044e-06 9.665828109315975e-08 4.8982825692805926e-08 0.0 0.0 0.0 0.0 0.0 0.0 1.2529093000583065e-07 9.239219048356448e-08 5.794796793361121e-08 0.0 0.0 0.0 0.0004925066644967172 5.142172591114139e-05 6.742612414087403e-05 3.308313925935653e-08 0.0 7.195941928209339e-08 5.857878233253716e-05 2.1456772991466858e-06 5.287929147565774e-07 3.891501242812916e-08 6.812928640431387e-08 0.0 0.0 4.5872447581815446e-08 0.0 0.0 1.3466945096517923e-05 2.8877824476736135e-07 1.8571902618378454e-07 9.964361089525706e-08 6.450070905974412e-07 0.0 0.0 6.003982548309859e-08 1.2712686436259396e-06 2.3861343729008154e-06 1.5586370729149893e-05 9.056006208779442e-05 1.9915959447673126e-06 4.569170992517139e-06 2.3385911661969455e-07 1.3024766785975344e-05 0.0 2.075085699984548e-05 1.0550228228551965e-06 7.258032491526431e-07 8.989690710954757e-08 1.3009314183262919e-07 3.7132869759038034e-07 9.282460718664316e-08 1.31938272806049e-05 0.0 0.0 3.0517320749463383e-05 2.32553187262654e-05 1.957263595355253e-05 2.4707361315423876e-06 5.818033278343588e-07 3.3248828401761347e-06 0.0001655660159900062 0.0 1.2588116254993332e-05 1.8269602894734367e-06 0.0 1.2745543633036002e-07 3.5001594376958344e-07 8.99862670552961e-08 0.0 2.9662831794633603e-07 3.512334867123267e-08 1.292394344156783e-07 3.9441797399138384e-08 9.769530108925543e-07 4.753540815754029e-07 5.800957650878115e-08 4.260962969240269e-06 0.0 0.0 1.9994624954150137e-07 3.8986648451202784e-05 7.970404257772477e-08 0.0 0.0 0.0 0.0 9.74677898449854e-07 1.2402786546725936e-07 1.6000540375066774e-07 4.62275947188018e-08 9.445027188459031e-07 0.0 3.7828129688802943e-06 2.890356133624589e-06 2.632200057518107e-06 1.5564839537933986e-06 0.0 0.0 0.0 0.0 0.0 0.0 0.0 0.0 0.0 0.0 0.0 0.0 0.0 0.0 0.0 0.0 0.0 0.0 0.0 1.0030485437767628e-07 0.0 0.0 0.0 0.0 5.567761514235301e-06 1.6508730359914313e-07 2.074957659994484e-06 1.8711954801474393e-06 0.0 0.0 0.0 0.0 0.0 0.0 0.0 0.0 0.0 1.1474394485078235e-07 0.0 0.0 0.0 0.0 0.0 0.0 0.0 0.0 9.388406701021175e-08 0.0 0.0 0.0 0.0 7.338245667180032e-07 0.0 0.0 0.0 0.0 0.0 0.0 0.0 1.0901309897724782e-07 0.0 5.496082203046796e-06 0.0 0.0 0.0 0.0 6.352006803931851e-08 0.0 0.0 2.2406253668986879e-07 0.0 0.0 0.0 0.0 0.0 0.0 0.0 0.0 0.0 5.06201565569415e-08 0.0 0.0 2.9648796038279184e-06 1.654311416310677e-06 3.103850832434624e-06 1.749774769417139e-05 6.040425768850357e-07 3.8905755152496674e-05 9.864423454915156e-06 1.4007662193323762e-05 3.5243611651048404e-06 1.4805365670075958e-07 3.3372144002758195e-06 1.0992860577668157e-06 0.0 6.272163084484578e-07 0.0 1.913662191730906e-06 0.0 0.0 0.0 2.4599229627902113e-07 0.0 1.0280944388287254e-05 2.0549952805887383e-06
5.3714620986003966e-05 7.24564438057658e-05 1.98103186505198e-05 0.0002872222477774965 0.0001964439123977565 3.6980670655197984e-05 0.00019112405249539544 1.738904637434342e-06 7.35508550295551e-05 0.0017702845194268982 2.7871714593806923e-05 0.0 0.0010676617023160245 5.215349202490183e-05 1.6389463394271921e-06 1.354785463011602e-06 2.0465181228737327e-07 0.0 0.0 0.0 0.0 0.0 0.0 0.0 8.594242702881531e-08 0.0 0.0 0.0 0.0 0.0 9.235500698981498e-06 9.092727369901618e-07 3.8106385649827083e-06 0.0 0.0 0.0 8.468027706075639e-05 0.0 1.6124489988827976e-07 4.202110403064842e-08 0.0 0.0 0.0 0.0 0.0 0.0 4.814622431416043e-06 1.1096730014392608e-07 0.0 0.0 6.14858845886265e-08 4.168815266526967e-08 0.0 3.8030734425573426e-08 6.22726565043867e-07 6.769474419651707e-07 3.7949058837592195e-06 1.6227611555549947e-05 7.741661137824335e-07 1.8256335574156679e-06 4.0560892643183835e-08 1.1090804101321983e-06 0.0 3.4594095748148093e-06 3.463855107129613e-07 2.835000204643026e-07 0.0 5.3214147955912574e-08 0.0 0.0 3.290637993518645e-05 2.921764934275865e-07 0.0 9.535757973816254e-06 4.28290387848465e-06 6.626099550549701e-06 9.889898846282921e-07 7.800641364445978e-08 0.0 2.161201420581542e-06 0.0 3.7328927379208646e-08 1.3076084584358547e-06 0.0 0.0 1.5259469621086484e-07 1.9380551406082204e-07 6.44702470420212e-08 8.336228912823669e-08 0.0 3.944455153260056e-08 0.0 0.0 0.0 0.0 8.349095453438235e-05 1.813539192992815e-06 7.008456733330544e-08 5.885314599299857e-08 2.0409264923822928e-05 1.2415407932780028e-07 1.9685918837997262e-07 1.949034755460557e-07 0.0 0.0 1.0572084561345556e-05 2.4195196207806776e-06 2.1906589871938126e-06 2.597819546861145e-06 1.3415919579439044e-05 7.702430533058918e-07 2.1499911519328657e-05 1.3436292954838525e-05 2.124514817769897e-05 1.2464924912451848e-05 0.0 6.116452365816163e-08 0.0 0.0 0.0 0.0 0.0 0.0 0.0 0.0 0.0 0.0 0.0 0.0 0.0 0.0 0.0 0.0 0.0 2.3172754748310058e-07 0.0 0.0 0.0 0.0 1.768518041556001e-05 1.336859991607481e-07 4.953755929069794e-06 3.613720607950362e-06 1.4250472859012125e-07 2.4134449637953203e-07 0.0 0.0 0.0 0.0 0.0 0.0 4.956975135388955e-07 4.645178769077914e-07 0.0 0.0 0.0 7.769100471885622e-08 0.0 0.0 7.774877348174485e-08 0.0 5.247399662693771e-07 1.317962376172777e-07 0.0 0.0 0.0 3.855636692041274e-06 0.0 0.0 5.1202506392419035e-08 0.0 0.0 0.0 0.0 0.0 0.0 2.8204006765772512e-05 8.456904923911138e-08 0.0 0.0 0.0 6.475245697430655e-07 0.0 5.790064298680726e-07 9.249952004080883e-07 1.328887204181162e-07 1.5281941101865605e-07 5.459342154367244e-08 0.0 3.035879126246489e-07 0.0 0.0 0.0 0.0 0.0 0.0 0.0 1.7069983521238598e-05 2.833605181316756e-06 7.669071400635774e-06 1.71806914476836e-05 4.177155173139813e-07 1.962331382858206e-05 5.016506262659359e-06 4.4520455709443394e-05 2.7487407179834813e-06 1.4381688533578684e-07 1.3582170097666181e-06 4.274566137312938e-06 2.2040621892025624e-07 1.319045756429402e-06 5.845653894143395e-08 1.3727270781935207e-05 3.6893424035040343e-07 0.0 0.0 2.029001064908553e-07 0.0 0.00010143616772986392 1.6594348257723797e-05
