0.0 0.0014175913931817033 0.0006262953500343727 0.0006355011662165269 6.134109096441148e-05 1.3946745646807225e-05 0.00027284518995370356 4.916353542711217e-05 1.2836672342720908e-05 0.0007855651353302208 0.00013735331646630883 3.451915820951689e-05 3.517950351399312e-05 0.00012968299014491346 1.2447562214251333e-06 3.7892954804882575e-07 1.0058571869645973e-07 0.0 0.0 7.578223726193214e-08 1.3431533506162665e-06 1.022287630832534e-06 1.106486852820646e-07 3.516855474222558e-07 0.0 6.38302878300812e-07 8.1331910670654e-08 1.8387857319422215e-07 1.549174389689619e-07 0.0 0.0002568717937195676 3.3229328437889924e-06 6.507030867322943e-06 0.0 0.0 0.0 2.7939639847249836e-06 7.795600216429757e-07 5.892243224763627e-07 0.0 9.99147411303568e-08 2.5681334144519494e-07 0.0 2.8567042018136794e-07 0.0 0.0 8.478801654042659e-06 1.0110205979335794e-06 8.576865040370893e-08 1.833791217198826e-07 0.0 3.8640074771462563e-07 0.0 2.0553461523942935e-07 2.2625662076266677e-06 1.7172950379945731e-06 4.157488694857869e-05 0.0007116115498745827 7.276455661905696e-06 1.3095562173090437e-05 2.674344109293394e-07 2.4579399258781806e-07 0.0 1.938940551460047e-05 3.3265476793557997e-06 9.69385384799146e-07 4.138038180616733e-07 6.60264887360109e-07 9.639894132092462e-07 7.88090016248347e-07 5.839014006589645e-06 2.724368450178223e-06 2.7773761139578563e-07 6.628609906182524e-05 3.127157707902347e-05 1.1147550983328026e-05 2.1918598216633204e-06 4.2001435858696884e-07 1.041354059203122e-07 1.5147082749073575e-05 3.166052622114773e-07 1.58490159493748e-07 8.97916801420513e-06 4.1402324625316237e-08 1.9701505119711783e-06 3.531719396724913e-06 5.498738985407207e-07 1.0308961495912207e-07 5.172444525495379e-07 2.5755590004748376e-07 1.695733620427358e-07 3.307944989688145e-07 1.7876640608036673e-06 8.421693809175031e-07 4.206601698886968e-07 1.650204035881188e-05 4.870712664121425e-06 3.1947164056869766e-07 1.1925850072026947e-06 0.0004282549620523658 0.0 0.0 0.0 1.9095987660776336e-07 2.3580029153925916e-07 1.37841381884333e-06 0.0 5.13656916210547e-07 9.334750022734844e-06 0.0 0.0 2.7141983723207246e-06 2.810987250457396e-06 1.3453352809488837e-06 2.1617006448027647e-07 0.0 0.0 0.0 0.0 0.0 0.0 0.0 0.0 0.0 0.0 0.0 0.0 0.0 0.0 0.0 0.0 0.0 0.0 0.0 0.0 0.0 0.0 0.0 0.0 1.2926914513800945e-07 0.0 0.0 8.572511225929664e-08 0.0 0.0 0.0 0.0 0.0 0.0 0.0 0.0 0.0 0.0 0.0 0.0 0.0 0.0 0.0 0.0 0.0 0.0 5.600549150189736e-08 2.2729587221343913e-07 0.0 0.0 1.3676364176741872e-07 0.0 0.0 0.0 0.0 0.0 0.0 0.0 0.0 0.0 0.0 1.4847504903591506e-06 0.0 0.0 0.0 0.0 2.865238658402795e-07 1.1135000771791825e-07 0.0 0.0 0.0 3.5251223808015625e-07 0.0 0.0 0.0 0.0 0.0 0.0 0.0 1.0096485548337173e-07 0.0 0.0 7.500900285943155e-07 1.7039164591762742e-07 7.237985296657763e-08 8.562083030425265e-05 1.6403249868570502e-06 4.063041397508237e-05 1.0543174801805896e-05 0.0004087559493775176 8.720331294963315e-06 2.6987928292173576e-06 1.8860561094178555e-06 5.5477861315703296e-06 1.78676677615447e-07 2.1026445998040276e-07 1.2313438396996817e-07 2.6948789427112636e-06 1.7843372936116123e-07 5.689265961704231e-07 0.0 1.0001324956238033e-07 1.193707885693646e-07 0.0001620006142624305 1.7527120373437873e-07
0.0014175913931817033 0.0 0.000792557899116946 0.00043649272270003184 0.0005302684859626385 7.955350457034295e-07 0.0023011939792588025 6.710006125193886e-05 0.00034376927976140036 0.00036753298670601264 0.0005929304214845825 1.8914271892229867e-05 0.0003028854045676255 0.0013848965980718187 1.0439778881803608e-05 1.6933591352144375e-06 2.2677476659677782e-07 5.5407923709257295e-08 0.0 6.668079775056792e-08 3.6358736173433463e-07 0.0 1.193395546831558e-07 4.7308476732285866e-08 6.760315063570962e-08 2.4904325647435356e-07 0.0 9.42815992170907e-07 1.8062260281090755e-07 5.0666268232524895e-08 0.0007586307841320796 7.982447736142372e-06 6.208146167353489e-06 0.0 0.0 5.982627128053063e-08 3.1509574133611003e-06 6.631721841364374e-07 7.515131073233966e-07 4.852611829314807e-08 6.440651787561035e-08 2.4922411554878174e-07 5.423584001650977e-07 3.7715038273522007e-07 0.0 0.0 0.00010420743596389411 6.914389207894029e-06 1.4716505860877068e-06 1.3097447476152216e-07 0.0 5.4737422764145226e-08 0.0 4.477690298727621e-07 8.049956275821255e-06 8.371605110935273e-06 2.8877183755485557e-05 0.0006018885406279409 1.4337609561367716e-05 6.0392919564139285e-05 1.668338290946048e-07 1.3562484210719878e-07 0.0 0.00014445772005645523 1.2507097205880929e-05 4.319037976547391e-06 1.2035800483895384e-06 1.6812724291411074e-06 1.583699124121348e-06 3.7862497709480124e-07 4.792393474733924e-06 1.1056319096929475e-07 0.0 0.00015374511103668898 0.00016866705342352955 7.113202058933381e-05 1.809105674107353e-05 7.549585768042071e-07 8.505351238167303e-07 1.9166486395481047e-05 1.8576555288019033e-07 6.048485771495868e-07 3.7467416905914406e-05 2.6853885331472967e-07 1.1598458288621978e-05 1.0962440365154204e-05 1.4184976137510971e-06 9.28337149006542e-08 1.9862236692513866e-06 0.0 6.852879829021147e-07 1.985784603290384e-07 1.957460910767041e-06 8.537565036851559e-07 6.711188419730798e-07 4.293991212209797e-06 8.955353588932427e-07 0.0 8.584668171063767e-07 0.00019386014533377812 0.0 0.0 9.785703648152466e-08 0.0 1.7246075566733275e-07 6.348795057804064e-06 0.0 7.365411980538527e-07 2.552296210252421e-05 2.329930838188928e-06 5.297819846152691e-07 8.127678002205123e-06 1.6563394132762262e-05 7.944773520625731e-06 1.5454975798728385e-06 5.8754462221705315e-08 0.0 0.0 0.0 0.0 0.0 0.0 0.0 0.0 0.0 1.4311616802391716e-07 0.0 3.787775025724543e-07 0.0 0.0 0.0 0.0 0.0 0.0 0.0 9.79370276810101e-07 0.0 0.0 0.0 1.9770234576453232e-06 0.0 1.3589829478095699e-06 2.553529882503971e-07 1.2474527503147846e-07 0.0 0.0 0.0 0.0 0.0 5.301118536650063e-07 0.0 0.0 0.0 0.0 1.822712720014514e-07 0.0 0.0 2.1544591156093211e-07 0.0 0.0 5.191547832837672e-08 0.0 1.5694517734060342e-07 0.0 4.660364623072794e-07 7.690114729158358e-07 1.3377258071110863e-06 0.0 0.0 0.0 0.0 0.0 0.0 0.0 0.0 0.0 5.3604928596816745e-06 0.0 0.0 0.0 0.0 2.087693479322382e-06 1.4730320973818621e-06 1.0575584021856975e-06 0.0 0.0 0.0 0.0 0.0 0.0 0.0 0.0 0.0 9.571832316570182e-08 0.0 0.0 0.0 4.652287246013902e-06 1.817854167324267e-06 2.9340858912333416e-06 0.00010500435032370275 4.962647282537054e-06 0.0002770537039438934 5.0602451713971e-05 0.0002996871457186777 2.8649172238544502e-05 4.309406064633794e-06 2.1586991109297605e-05 6.1688550303367024e-06 1.3925562588560058e-07 6.992920642355248e-07 1.1175852599172707e-07 5.7562307782412745e-06 2.1494639924135975e-07 3.499576949217075e-07 3.847515038746602e-07 7.00287370554883e-07 3.805278711894568e-07 0.0001624488346118181 1.5615349973393146e-06
0.0006262953500343727 0.000792557899116946 0.0 0.00015984061293709435 0.0003263403820333075 3.859852018164198e-07 0.00011125318742673994 0.0007251901969588788 0.0002835588730789217 8.242978701034444e-06 0.0010005193988753946 3.0173947243653148e-06 3.565114859521861e-05 0.0006499260247556308 6.922959306268446e-06 3.545020627731066e-06 0.0 1.285776279114335e-06 0.0 7.090069112437917e-06 5.878091028555891e-05 4.437339464233641e-07 6.710498117042676e-06 8.250428013317862e-06 6.448320619303794e-07 1.745783956761874e-05 1.6642971601565604e-06 7.727263133693665e-06 6.837452567549936e-06 5.760940699548775e-07 0.0012686960473470106 0.0004390384209357105 2.637262049385929e-05 1.5786553044575802e-06 2.609421241870159e-06 2.551094890087248e-06 7.910802984856766e-06 3.897315563822593e-06 1.7228920658959251e-06 1.7428103207661718e-07 9.029851302201407e-06 1.594457315436385e-05 9.766644304871218e-06 8.234789287620088e-07 4.977152251968359e-07 1.5566075712257445e-06 3.502749440278915e-05 1.767900907192598e-06 1.248280404355539e-06 6.5833396321878456e-06 6.616038374138688e-06 8.919791477083101e-07 0.0 4.773552836261951e-06 1.7001772965169604e-06 2.1646850155876915e-06 1.502002388138612e-05 0.0004229203030103907 4.82178769518591e-06 1.5151042130912404e-05 2.1733953811535115e-05 7.325390971150505e-06 1.8310250644613126e-06 0.00020116228766595522 2.472785997065268e-06 3.0936725088658103e-06 5.746534897706181e-06 1.1194814867265198e-05 9.634315214098615e-05 2.8624823686775303e-05 8.764617842500537e-06 5.280037083181216e-07 0.0 5.1138402911677306e-05 8.230605344618317e-05 2.7627196875587957e-05 1.6906160847357887e-05 2.1845605165409717e-06 3.6770499364074995e-05 0.0003517840184784049 1.803135592590261e-05 9.510460413106602e-05 9.101775485218988e-06 0.0 3.6593823933492855e-06 3.5922861240669075e-06 1.1202081975118482e-05 0.0 1.1719694287805106e-06 1.2418866284114426e-07 3.153293299034343e-06 8.444079784436706e-07 0.0001047211470086999 1.8797188732303494e-05 5.2258414567931985e-06 9.115434131263915e-06 1.302676153080682e-05 0.0 1.7050070187076967e-06 4.2863189846269875e-05 0.0 1.0230875766302957e-07 3.276482257797909e-07 0.0 0.0 2.393008354206353e-06 1.7655101560207568e-07 3.925847461972251e-07 3.459956727377996e-06 9.14372562989849e-07 9.83181074590252e-07 5.735520453650635e-06 1.1522583458436776e-05 7.173448174489791e-06 2.181626065889328e-06 2.733275489170554e-07 7.195295030565581e-07 0.0 0.0 2.3578518840034346e-07 0.0 2.0374601553443748e-07 0.0 1.1627641974427352e-07 6.212492710789392e-07 1.4088016047649574e-06 0.0 2.3580363802706725e-07 8.793834408393695e-08 0.0 4.542710562467234e-07 0.0 5.481815221912288e-07 0.0 3.46630951391688e-07 4.4737812291357966e-07 0.0 3.7495122644111804e-07 6.632478688455515e-07 4.078292265607085e-06 1.281740526367375e-07 3.5429745377611316e-06 6.43438709477848e-07 1.7788885015989962e-07 2.0771095997966868e-06 5.4099115707805097e-08 1.5182692705557688e-07 5.188813515678111e-08 2.2239188165539806e-07 8.042091015385035e-07 1.1853906871493803e-06 0.0 6.735878941990495e-08 0.0 1.3273745524318323e-07 5.454968040373361e-07 2.0147577848717533e-07 4.3637301116463724e-06 0.0 0.0 0.0 4.647014773345285e-08 2.3484640054174425e-07 0.0 6.60183249959045e-07 1.6544229321030409e-06 3.252784526921278e-06 1.8804445699284633e-07 0.0 0.0 0.0 2.1759131447208043e-07 1.984181297601239e-07 5.084336166309628e-08 0.0 1.0974638968991083e-06 1.4345654876369174e-05 2.2903955461540693e-07 2.857051188655599e-07 2.583117093893764e-07 1.3106027093425287e-06 2.1714004295736334e-06 1.3651043264066695e-06 4.468431097668286e-06 0.0 1.6852205444709836e-07 1.6954960197929835e-07 1.7643452064315634e-07 0.0 0.0 0.0 0.0 0.0 2.557199695118971e-07 0.0 2.440570707672807e-07 7.080686172456659e-08 6.652261562682617e-06 3.78439694233914e-06 5.758720132493282e-06 3.9675642695780556e-05 8.785016054708569e-06 7.270768233537628e-05 2.1279458141730947e-05 5.101640156735218e-05 6.27072009442074e-06 1.8612558899638678e-06 6.209536998109149e-06 3.401442150867188e-06 3.1763812356068165e-07 1.6152548072456718e-06 5.070063429611045e-07 3.519006508698038e-06 1.3543332159585474e-07 2.0852111222721577e-07 1.2974153468094088e-06 2.611468606209693e-07 1.0499782625107269e-07 4.843893061360353e-05 1.9864328179788106e-06
0.0006355011662165269 0.00043649272270003184 0.00015984061293709435 0.0 6.464799231638364e-05 4.8239850281512e-05 0.0004942106037180942 6.688889307799633e-06 7.256714541029507e-06 0.0006965115334111724 9.770634932765304e-05 0.00025960080041874926 0.00022053347185190626 3.587965778560109e-05 8.499957646302067e-07 1.8776719878780096e-07 0.0 0.0 0.0 0.0 0.0 0.0 0.0 0.0 0.0 0.0 0.0 0.0 0.0 0.0 2.38871004380064e-05 9.080814329536112e-08 4.0485613445378244e-08 0.0 0.0 0.0 0.0 1.4305862195478095e-07 0.0 0.0 0.0 0.0 1.2585305038351394e-07 0.0 0.0 0.0 1.4130376417649695e-05 2.097538058846038e-06 1.209884537334683e-07 1.246501502704609e-07 0.0 0.0 0.0 0.0 1.4828984797806318e-06 2.5727736375451895e-06 1.0953556531857633e-05 0.00010396683528432695 4.056795327085263e-06 1.527432754627153e-05 4.5090877572041465e-08 5.456145497038198e-08 0.0 2.3737712701688613e-05 3.6231470695616913e-06 9.726007646515518e-07 4.7381677265753435e-07 4.830351938896812e-07 0.0 0.0 7.361448927703977e-07 0.0 0.0 5.0507009749853034e-05 3.397290756008657e-05 9.707936659675921e-06 1.4956264439040963e-06 0.0 0.0 4.401959617659678e-07 0.0 4.6939132647575915e-08 1.1704646893263601e-05 4.3190586301236613e-08 3.091556984344294e-06 3.5244319158594864e-06 3.9349531538893346e-07 0.0 3.8113393027237354e-07 0.0 1.1643871088180286e-07 8.725798283080853e-08 0.0 4.811323944431653e-08 5.99112653102746e-08 2.8965704310701413e-05 5.283553126371577e-07 0.0 4.4573473373713305e-08 0.00016058249710039938 0.0 0.0 0.0 0.0 0.0 1.9257045330223717e-06 2.5544466849517584e-07 1.7506251134620133e-07 1.833773140080139e-05 7.230643372830079e-07 0.0 2.2724058485455884e-06 3.4233144098277053e-06 1.5557836895894284e-06 2.1351701627009488e-07 0.0 0.0 0.0 0.0 0.0 0.0 0.0 0.0 0.0 0.0 0.0 0.0 0.0 0.0 0.0 0.0 0.0 0.0 0.0 0.0 0.0 0.0 0.0 0.0 0.0 0.0 3.4685222522190753e-07 0.0 0.0 0.0 0.0 0.0 0.0 0.0 0.0 0.0 0.0 0.0 0.0 0.0 0.0 0.0 0.0 0.0 0.0 0.0 5.785157305050191e-08 0.0 0.0 0.0 0.0 9.60937551539899e-08 0.0 0.0 0.0 0.0 0.0 0.0 0.0 0.0 0.0 6.631570607157773e-08 0.0 0.0 0.0 0.0 0.0 0.0 0.0 0.0 0.0 0.0 0.0 0.0 0.0 0.0 0.0 0.0 0.0 0.0 0.0 0.0 6.5433293349411e-07 0.0 0.0 3.616223889049198e-05 1.233844649756921e-06 5.197672655951011e-05 7.201354617448407e-06 0.0003406825922244233 5.268795737111403e-06 1.3677499109349514e-06 2.2150145663014896e-06 2.809738402052651e-06 0.0 1.6931384360336398e-07 5.3379715477206376e-08 1.1099776046758781e-06 0.0 2.2672613773454836e-07 0.0 1.889826499202797e-07 0.0 0.00011907832766908139 6.302029614634307e-07
6.134109096441148e-05 0.0005302684859626385 0.0003263403820333075 6.464799231638364e-05 0.0 1.1820900969286243e-07 0.0003945166396639545 2.372943412634606e-05 0.0015744500050427334 3.7470563719949943e-05 0.0007917595151791296 1.09636258466292e-06 6.098065256319732e-05 0.0014058405464219914 5.045528552837332e-06 6.2985053235346e-07 0.0 0.0 0.0 0.0 1.8867484064774996e-07 0.0 0.0 0.0 0.0 1.4213577554719477e-07 0.0 0.0 0.0 0.0 5.499697053091928e-05 4.765919348838914e-06 9.139224231964634e-07 0.0 0.0 0.0 5.132623044527407e-07 4.9251701075464975e-08 0.0 0.0 0.0 0.0 0.0 1.7619483436941085e-07 0.0 0.0 3.869455948031255e-05 1.7798897842723388e-06 1.012946839696205e-07 0.0 4.66943894589204e-08 0.0 0.0 0.0 9.099334908562004e-07 1.5131716806075936e-06 3.4135787196088594e-06 3.870958670127906e-05 2.6190843403458952e-06 1.2616921475440744e-05 5.055108482640309e-08 5.027615158531166e-07 0.0 2.9125315418540116e-05 2.1110398830638148e-06 1.34367375651275e-06 3.101758444820793e-07 8.596062928247399e-07 2.868550734851401e-07 0.0 1.1569121570295348e-06 0.0 0.0 2.2604724741492465e-05 3.4208788451277644e-05 2.3952984362643464e-05 9.487521007522245e-06 1.9957809004022122e-07 1.961218374320287e-07 2.5787157660862417e-06 1.1869156985449793e-07 1.0466869410471129e-06 6.820327967462464e-06 0.0 2.219176150370324e-06 1.8793445117801308e-06 2.0102499981884458e-07 0.0 6.09326482062972e-07 0.0 5.200593828820722e-08 0.0 3.079045020797533e-07 5.7108652757106557e-08 0.0 3.778808953335161e-06 1.945696823019864e-07 0.0 1.0485170980461576e-07 1.7150139299323712e-06 0.0 1.114821568031398e-07 3.4845989148607553e-07 1.4910168935688062e-07 0.0 5.041523459327159e-06 2.714307528668501e-07 1.2244424015550984e-06 4.833017828831416e-06 2.226116850591565e-06 3.85507215188122e-07 8.736725471692168e-06 1.8449253512640783e-05 9.297846753501918e-06 1.2055954013759993e-06 0.0 0.0 0.0 0.0 0.0 0.0 0.0 0.0 0.0 0.0 0.0 0.0 0.0 0.0 0.0 0.0 7.767983782132765e-08 0.0 0.0 0.0 0.0 0.0 0.0 0.0 1.6343915050996477e-06 0.0 1.0471734324868498e-06 0.0 0.0 0.0 0.0 0.0 0.0 8.342437146862023e-08 1.5171269351114603e-07 1.2036562164802254e-07 0.0 0.0 0.0 0.0 0.0 0.0 0.0 0.0 0.0 0.0 0.0 0.0 0.0 0.0 1.2812109024181115e-07 4.803151077540348e-07 0.0 1.4917878702751384e-07 0.0 0.0 0.0 0.0 0.0 0.0 0.0 7.634455849286114e-06 0.0 0.0 0.0 0.0 2.1368685897708213e-06 5.670373449290942e-07 1.6960898287023484e-06 0.0 0.0 0.0 4.223131388090304e-08 0.0 0.0 0.0 0.0 0.0 0.0 0.0 0.0 0.0 5.724743681215562e-06 2.967982324269247e-07 1.3202104116140233e-06 7.765700844657226e-05 1.185115859373359e-06 9.050460060887076e-05 2.37407684067485e-05 3.775683762681299e-05 8.592907592498968e-06 6.923164388506141e-07 1.2577010920432134e-05 6.0928417299226395e-06 1.7209552201613256e-07 7.080407028049395e-07 0.0 5.5655384178407135e-06 2.687722691491984e-07 5.5654286057165395e-08 0.0 1.446537473403954e-06 1.0959404133949121e-07 2.5571426206003893e-05 1.587954453792588e-06
1.3946745646807225e-05 7.955350457034295e-07 3.859852018164198e-07 4.8239850281512e-05 1.1820900969286243e-07 0.0 6.128334890601959e-06 4.953187782351392e-07 3.768804022960846e-07 0.00019322394482052706 4.247348669649867e-07 2.002584820539952e-05 1.355451657479906e-05 6.0975803701800525e-06 0.0 0.0 1.2600335162987635e-07 0.0 0.0 0.0 0.0 1.9106896034689534e-05 0.0 0.0 0.0 0.0 0.0 1.195473884774916e-07 8.501789459643563e-08 0.0 8.390393162224594e-07 0.0 8.638668294957979e-06 0.0 0.0 0.0 8.948009041999145e-06 1.0419529791120482e-06 3.773197860044143e-07 0.0 0.0 0.0 0.0 0.0 0.0 2.2254792939597636e-07 8.760199839718918e-08 0.0 0.0 0.0 5.2509337266044e-07 1.9169679059779848e-05 1.691817039829564e-06 9.115868079464775e-07 0.0 3.515800519293239e-07 1.1216227129504604e-05 6.487577280735575e-06 9.593779868126092e-07 1.617350932278773e-07 0.0 4.248236813992971e-06 0.0 7.456336527524958e-08 1.6305398125624238e-07 0.0 5.894421551706341e-07 1.6367109388979798e-07 0.0 0.0 6.006056103845943e-05 0.00013114975971289885 1.787037266341445e-05 1.386717083829268e-06 2.460587099143099e-07 0.0 0.0 0.0 2.4508659914983984e-07 2.299714378921912e-06 0.0 1.177411057957101e-06 2.519617994778915e-07 5.737860628912795e-06 0.0 7.510536075050204e-07 4.079335173180295e-08 1.051886171604688e-05 5.250758546418377e-06 2.964897330004397e-05 2.785307428654943e-06 1.236695106268814e-05 0.0 2.6620931920774083e-07 5.051101104053613e-06 8.915945850139534e-05 5.917914609360457e-05 1.2655262561470272e-05 5.980792306252832e-06 0.00021908390057096564 0.0 1.5974511608381574e-07 0.0 7.392392244122913e-08 9.77375972893924e-08 4.3239413924560107e-07 1.9283060385597272e-07 0.0 1.8014512593044964e-06 4.797956517192426e-07 0.0 3.5274147587530095e-07 9.114525630810124e-07 6.701467582509353e-08 0.0 2.4381825998883045e-07 1.8826140067065969e-07 0.0 1.2446662414665842e-07 0.0 0.0 0.0 0.0 7.111698311594554e-08 0.0 2.2583117872536295e-07 7.356910008543184e-08 2.4171852818553577e-07 0.0 1.1415197463555967e-07 0.0 6.284461635334879e-07 3.9457042361149687e-07 5.5003059529711636e-08 0.0 0.0 5.3865361844264836e-08 1.9909187578432261e-07 6.081172067216301e-08 4.266927786713235e-08 0.0 0.0 4.328543117418295e-07 2.3397555990681205e-07 0.0 1.5649386458633964e-07 6.827089326359805e-08 0.0 0.0 3.359900226995914e-07 0.0 0.0 0.0 0.0 0.0 5.528361419426252e-07 2.8084573124350636e-07 1.4406518464222072e-07 9.068558071460794e-08 0.0 1.9139009296767335e-07 0.0 0.0 0.0 1.2245385370230396e-07 2.545353736730671e-07 0.0 0.0 0.0 0.0 0.0 0.0 0.0 0.0 0.0 2.975363121440159e-07 5.18867526178786e-08 6.30575675697984e-07 1.9471677903275072e-07 0.0 1.327372997498103e-07 0.0 5.467786880232414e-08 0.0 0.0 0.0 4.409692336896953e-08 0.0 1.421832855331975e-07 0.0 0.0 8.887239277495342e-08 0.0 7.397802061383583e-08 2.574004168154549e-07 7.692518791915036e-08 0.0 1.7599190199661215e-07 1.7447477343896114e-07 6.529656498435747e-07 3.837329878031932e-06 2.3891178491711367e-07 7.392346745409882e-07 4.774341603438318e-07 6.971990636051313e-05 2.433024005833592e-07 3.264452141171442e-07 0.0 1.7067135145315066e-06 8.83723396088666e-08 1.8558335521063895e-07 0.0 6.934099189532149e-07 0.0 0.0 7.490018420269751e-08 0.0 0.0 1.8237039753934785e-05 5.85589171362357e-07
0.00027284518995370356 0.0023011939792588025 0.00011125318742673994 0.0004942106037180942 0.0003945166396639545 6.128334890601959e-06 0.0 9.161720857662578e-06 0.0007764924460702655 0.0008094227774946466 0.000222051262185972 0.0003391525751760231 0.0013730212704941192 0.0013800434061034905 1.8102608634451347e-05 4.248279196077958e-06 2.239881597201464e-07 1.0034905102232295e-07 0.0 7.531309347414543e-08 2.7724884840068775e-07 0.0 0.0 3.8097992422738727e-07 5.75733548428934e-08 0.0 0.0 5.5787976554953146e-08 0.0 0.0 9.699069013915527e-05 4.393437157722311e-06 5.028361175170857e-06 0.0 0.0 0.0 6.250381240117668e-06 0.0 5.441090696279735e-08 0.0 1.0810185256673728e-07 1.0840483816441638e-07 0.0 3.0860482394955524e-07 0.0 0.0 0.0001591343307663085 6.370310560882494e-06 3.520104271628975e-07 5.3357415699357944e-08 1.187597029941543e-07 0.0 0.0 0.0 7.966888011218903e-06 8.625948200151296e-06 1.696083998376923e-05 0.0001786479360547657 1.1822934650208965e-05 6.121110408890651e-05 6.331995012949323e-07 2.6387262057458107e-06 0.0 0.00010840685470726516 1.1688220397575218e-05 3.949888853484737e-06 1.4210459168928857e-06 1.4541984865342864e-06 4.393004213467794e-07 6.231052129355597e-08 6.236178651212004e-06 0.0 0.0 0.0001292202516936651 0.00014159747496631444 8.422248367500727e-05 2.556832450194795e-05 1.139401135628657e-06 3.1172626214269397e-07 4.279957140937161e-06 1.2177377639359561e-07 2.0672757155128537e-06 3.475102731422218e-05 1.8884397011339626e-07 1.0077914224387067e-05 1.0494347986371879e-05 1.6547015525652445e-06 5.809051227999936e-08 1.7226177417832204e-06 1.8241465041242898e-07 2.000824057529e-07 1.9691914998332299e-07 1.9475157912566414e-07 7.777144369971062e-08 1.786220352160351e-07 2.7450919497899567e-05 3.8943034678932205e-07 0.0 2.3135697376047235e-07 4.930809473251026e-05 1.648081720017596e-05 3.9055037153744265e-05 0.000176771939639812 9.97544482719655e-05 1.3692278179794337e-06 0.00011370469985489385 2.5109590123361987e-05 1.1215243329694839e-05 8.294745255922954e-05 4.911195570629997e-05 3.1843009728082027e-06 0.00010186123939326291 0.00019124514826857024 6.890521978085979e-05 9.463212664311102e-06 2.1130398726289754e-07 5.00867153612226e-07 0.0 8.243348386528514e-07 0.0 0.0 0.0 0.0 0.0 0.0 0.0 0.0 0.0 2.964299700352437e-07 0.0 0.0 7.579312585438405e-07 0.0 0.0 9.175919505149269e-06 6.47828706550893e-07 1.5743287554412605e-07 3.378085143153782e-07 3.586358916129073e-07 1.6022395870313127e-05 4.162947542897334e-07 6.331944795350457e-06 4.833949987939923e-07 2.337660055445022e-07 0.0 0.0 0.0 2.3716471208355848e-07 1.5745828180914182e-07 4.903860687271811e-07 0.0 2.9585201299918804e-06 2.3216651147116737e-06 1.1763976197583466e-07 3.28317989821527e-07 9.236250913553122e-08 1.7059695801508966e-07 0.0 1.3697339489082263e-06 5.946244687252959e-07 1.8535664249265856e-07 7.483152874051977e-06 1.7136967077112706e-05 4.271988565295521e-06 1.30324135222352e-06 9.345389548606291e-07 6.505030526207548e-06 8.192682899143146e-07 4.277158686141573e-06 1.8710018528861977e-06 4.783864152806404e-08 7.722093631440812e-07 5.442558080479223e-08 1.0039256550470023e-07 0.0 0.0 4.7657944112659045e-05 0.0 0.0 0.0 5.078977729467832e-08 8.996370773374524e-06 2.527277016918016e-06 9.718696503615087e-06 1.767877539242884e-06 4.772943856607856e-06 3.596119069511825e-06 6.290931139931869e-07 6.849333397017254e-07 1.7315979573089548e-06 0.0 0.0 0.0 2.766052917528668e-07 0.0 4.873004785170775e-08 0.0 4.6310406065265575e-05 5.676740443191701e-06 7.827442440037428e-06 0.0005042881453026129 6.413292150569389e-06 0.00041336849623911805 9.764255876297129e-05 0.00043658758437640333 4.339873328288747e-05 2.784038312027069e-06 5.67108995159831e-05 7.506250357917549e-05 2.967121769858962e-07 2.8751612202191644e-05 1.5085515871455627e-06 8.022121402405834e-05 4.901126052364926e-06 8.757748216271876e-07 1.303253582115328e-06 1.6673565395924582e-06 9.410834545874274e-07 0.0002516638125425725 2.7520067884210224e-05
4.916353542711217e-05 6.710006125193886e-05 0.0007251901969588788 6.688889307799633e-06 2.372943412634606e-05 4.953187782351392e-07 9.161720857662578e-06 0.0 0.00013766114157550059 1.0043519401288102e-06 0.0014837852298755054 3.1379473605971577e-06 2.8507513736384268e-05 0.0003254801661895595 2.242298527710808e-05 8.288212250536702e-06 3.3031046162013646e-07 2.152175786696119e-06 2.3597122269985669e-07 1.11931823085402e-05 4.3130431827389665e-05 2.3091556863829493e-06 6.879704524866236e-06 6.217364950276742e-06 8.837447798077305e-07 2.047534907313558e-05 1.5338210957398378e-06 6.598323210220937e-06 9.620091462882933e-06 8.974021244407336e-07 0.00032018869505331515 0.0004817153547996217 4.38832747174184e-05 3.87733016961816e-06 3.536434763680753e-06 3.3122240557607876e-06 1.599709810586877e-05 7.42994497875183e-06 4.26171728829459e-06 1.3554901542587453e-07 8.081817337789083e-06 1.636502235354843e-05 1.0976856514066674e-05 1.540517066969644e-05 1.4655021144605242e-06 4.932376356645747e-06 7.639663578232573e-05 3.1346571242068625e-06 1.77601245561033e-06 8.334353566969666e-06 6.923103326934662e-06 4.1884909125044854e-07 1.6562556107989596e-07 6.031989922382885e-06 1.4281622806817255e-06 1.536462441383563e-06 4.565857833282635e-06 8.516687847252021e-05 2.9302773345859345e-06 2.018592443109976e-05 7.571090561683461e-05 1.100193188580459e-05 3.815144992884616e-06 0.0002028471309868838 2.3437721078200385e-06 2.220390702345473e-06 7.85271892893203e-06 7.705026472633462e-06 5.159423917435649e-05 2.7880248852624414e-05 1.8846364339654667e-05 8.417443364023876e-07 0.0 3.260840109217754e-05 8.942201758663188e-05 5.577836851803286e-05 0.00013339124478818428 6.765100415389715e-05 0.00038221063582089183 0.00122626010419075 0.00015088513978051872 0.00026848416883069843 6.200958202246719e-06 8.625927931928167e-08 3.498915466887591e-06 4.15553081661641e-06 1.2883694211364031e-05 5.116488815534844e-08 1.6216939433108757e-06 1.7274262458891375e-07 6.238475159878706e-06 5.664344700800315e-07 6.217641372535894e-05 1.5239804569590973e-05 5.956165968953237e-06 7.20011073469072e-06 4.604539497122881e-06 0.0 4.796421111402877e-06 3.9770805305913255e-06 0.0 0.0 3.241470558685742e-07 0.0 0.0 6.98628587534519e-07 0.0 1.3491572472095582e-07 4.2562733131962427e-07 1.1760040863132785e-07 8.248452219873643e-08 3.542705824931014e-06 3.7891230822814897e-06 2.8245238274440163e-06 3.8363577807886247e-07 1.7201181249686037e-07 1.6543232338086855e-07 1.0599761145562844e-07 0.0 5.597456522214366e-08 0.0 1.4849315590116032e-07 7.171202921171205e-08 0.0 3.9635733317113115e-07 1.02703147673765e-06 0.0 6.368454862406803e-08 2.6289775656332346e-07 0.0 8.027306773095416e-07 0.0 6.173363445754083e-07 0.0 0.0 0.0 0.0 0.0 0.0 2.643214525334889e-06 0.0 6.527728820049566e-07 9.771332680205698e-08 1.1168741481595058e-07 1.808596930213837e-06 2.1242688603559297e-07 2.06041543916831e-07 0.0 0.0 8.509177761059865e-08 2.0205509947053456e-06 0.0 0.0 0.0 5.199723403961551e-08 5.831814308493802e-07 0.0 3.242743620112881e-06 0.0 0.0 0.0 5.663089936886816e-08 0.0 0.0 2.7405129958180464e-07 3.3765946377658043e-07 1.1189726799595967e-06 0.0 0.0 0.0 2.1462363556270577e-07 0.0 0.0 2.3825968627465537e-07 0.0 3.2890670125249316e-07 4.58360185812251e-06 2.290044807189456e-07 0.0 2.739328237725262e-07 1.1001748596301138e-06 3.083108130237251e-07 1.5582393829064916e-07 8.043563470020594e-07 0.0 0.0 4.4094334066281656e-08 0.0 5.162953277619316e-08 5.600461600660211e-08 6.928225596385345e-08 5.923909450154919e-08 6.177550916089214e-08 0.0 1.8366458727078458e-07 1.0360720169314887e-07 2.323277324086563e-07 2.809693826158989e-06 1.0453640980786106e-06 1.3772220196049861e-06 6.928014457680779e-05 1.251438604224293e-05 0.00011933774953016717 4.000356355214741e-05 2.8437105022201597e-05 1.1120708696450056e-05 2.3339273356198115e-07 1.2703099364120183e-05 2.8494223660337473e-06 1.611358758533682e-07 1.9870481694809033e-06 7.335332936849664e-08 1.3724743167881644e-06 0.0 5.300724124329409e-08 1.6188849082053488e-07 1.3830435326127367e-06 0.0 2.6471479651326257e-05 6.633259096172941e-07
1.2836672342720908e-05 0.00034376927976140036 0.0002835588730789217 7.256714541029507e-06 0.0015744500050427334 3.768804022960846e-07 0.0007764924460702655 0.00013766114157550059 0.0 1.8130660882869678e-05 0.0005051901420669266 2.9690653558932474e-06 8.15875181846544e-05 0.0003706079699424444 3.3455299959525204e-06 1.392231237143154e-06 5.8899625426180565e-08 0.0 0.0 0.0 0.0 0.0 7.722498590268499e-08 0.0 0.0 0.0 0.0 0.0 1.5917667287597818e-07 0.0 2.0181129299423916e-05 3.970386250182935e-06 1.399680238439827e-06 5.998545593089269e-08 0.0 0.0 2.563478889348693e-07 1.2018132819822763e-07 0.0 0.0 0.0 0.0 0.0 0.0 0.0 0.0 2.0127800937323255e-05 4.972293861532068e-07 5.24227348939777e-08 0.0 0.0 0.0 0.0 0.0 4.7362126340314624e-07 9.059825597441582e-07 1.057054505629068e-06 1.11637586761787e-05 5.232309237441923e-07 4.901889612713431e-06 0.0 0.0 0.0 1.2986970651610692e-05 9.61331504141016e-07 3.036856795482377e-07 8.289415258819058e-08 2.0919285035872962e-07 3.7738965661349833e-07 1.1954627636184628e-07 7.95550946590954e-07 0.0 0.0 7.973763904506552e-06 1.2984464287735805e-05 1.0482548858531148e-05 6.053182695585567e-06 3.464671796868253e-07 0.0 2.5493763502876205e-05 1.0213722143039401e-07 1.5035450622292563e-07 2.1752432251856954e-06 0.0 6.80810588412628e-07 5.805010496084753e-07 2.6867571790549905e-07 4.5569942513077375e-08 1.4973961106007923e-07 0.0 0.0 0.0 1.8998982106004816e-07 0.0 7.700915434051692e-08 4.242604228813585e-06 0.0 0.0 0.0 3.266657949877672e-07 0.0 0.0 0.0 2.0219345476950928e-07 0.0 3.2207986950428584e-06 0.0 9.520526331700089e-07 1.955081091455372e-06 1.331990643629656e-06 4.6293178021521617e-07 6.991397436034892e-06 1.1136467094580021e-05 4.991792128802109e-06 3.150568794858732e-07 2.2575909064556975e-07 2.785397949460006e-07 1.250726359055051e-07 0.0 4.80567737160929e-07 0.0 0.0 0.0 0.0 0.0 0.0 0.0 0.0 0.0 0.0 0.0 0.0 0.0 0.0 0.0 0.0 0.0 0.0 0.0 1.7949119517042368e-06 0.0 7.531948966023681e-07 1.2687580466347972e-07 0.0 0.0 0.0 0.0 0.0 0.0 1.0686537602600975e-07 0.0 0.0 0.0 0.0 0.0 0.0 0.0 0.0 0.0 0.0 0.0 0.0 0.0 0.0 1.826614589587115e-07 0.0 6.846743215453794e-07 9.417374326715235e-08 0.0 0.0 0.0 0.0 0.0 0.0 0.0 0.0 4.145871449981624e-06 0.0 0.0 0.0 0.0 5.668445601890226e-07 0.0 8.432973298445272e-07 0.0 0.0 1.0141505612199022e-07 1.713417577501227e-07 0.0 0.0 0.0 0.0 0.0 0.0 0.0 0.0 0.0 3.694299177278459e-06 8.633619377815811e-07 6.422130431068283e-07 6.0700583768112685e-05 2.97705776258443e-07 4.397405217105436e-05 1.2419722200765847e-05 1.6580462893827412e-05 5.8108376474174155e-06 1.748177073123129e-07 8.755659696892884e-06 4.389703886909714e-06 0.0 0.0 0.0 3.1914239484456817e-06 0.0 2.0091912911364325e-07 0.0 3.7825183356332733e-07 0.0 1.4008622564689575e-05 7.31822373060611e-07
0.0007855651353302208 0.00036753298670601264 8.242978701034444e-06 0.0006965115334111724 3.7470563719949943e-05 0.00019322394482052706 0.0008094227774946466 1.0043519401288102e-06 1.8130660882869678e-05 0.0 1.4314749027092528e-05 0.0013397204092229892 0.0019354371663530563 0.00021576112227406812 3.8825733419268595e-06 8.682125839718449e-07 0.0 0.0 0.0 0.0 6.309492451460878e-08 0.0 0.0 0.0 0.0 0.0 0.0 0.0 0.0 0.0 1.4224466160692575e-05 1.3826776296639748e-07 1.3686660183949677e-05 0.0 0.0 0.0 2.6478970547946054e-05 2.611883300274639e-07 3.389560892102949e-07 8.763310383235081e-08 0.0 4.337570792225671e-08 5.249701340215442e-08 1.695920246277746e-07 0.0 0.0 3.247682020340258e-05 2.5989249794798025e-06 2.450357122534126e-07 0.0 4.40049855460383e-07 0.0 4.5061246619689814e-07 0.0 3.2625444741062966e-06 3.909488041392532e-06 1.205983444552888e-05 7.3159879441297e-05 5.614947282152694e-06 2.270488791032836e-05 0.0 3.107537896871174e-07 0.0 3.5536369630740024e-05 5.3333417798665785e-06 2.666645973810427e-06 5.455423973985032e-07 4.957890882232222e-07 1.3821049746139065e-07 1.4098325866725242e-07 5.5861333832501186e-05 7.30046997052897e-08 0.0 6.0179604026716944e-05 5.051702642335727e-05 2.017123440765325e-05 3.949123403553724e-06 2.3091586610387786e-07 0.0 1.8182759160559352e-06 6.233054613575306e-08 1.8017382764088367e-06 1.5840056837004e-05 1.3369082229563728e-07 4.182067362959769e-06 4.84514822178195e-06 3.414372158346994e-07 0.0 9.585499102355154e-07 0.0 1.1029197334375748e-07 2.937475842819445e-07 0.0 5.454410055784994e-08 4.4860267378866384e-08 4.920191466648299e-05 6.041688169121479e-06 0.0 1.221650463960009e-06 0.00030825466779100505 2.829705955082689e-06 2.1441703510124034e-05 5.8213707232018364e-05 0.00013318788456522914 1.1944491158416836e-06 7.283449901199456e-05 8.246482183740564e-05 1.025820765448812e-05 0.00010562680078108731 6.336049922141794e-05 2.582763272104018e-06 9.211610696103791e-05 0.00020604239217712395 7.774726115739875e-05 4.625916979551118e-06 2.516787880180488e-07 3.684412631445573e-07 0.0 0.0 0.0 0.0 0.0 0.0 0.0 1.613425603488608e-07 0.0 0.0 0.0 0.0 0.0 0.0 0.0 0.0 0.0 1.9909604300671633e-06 9.63822416707041e-07 0.0 0.0 0.0 4.263743701592271e-06 0.0 1.0921764867258189e-06 1.597408907204217e-07 6.646545295026283e-08 0.0 0.0 5.5649895059526294e-08 0.0 1.7996865176913728e-07 9.784148038365311e-08 0.0 6.032843780437263e-07 5.586800831792712e-07 0.0 0.0 0.0 2.234763600438241e-07 0.0 0.0 5.884381006589053e-08 0.0 2.088814143722915e-06 3.426514196399042e-06 1.5950719905423057e-06 0.0 0.0 1.351363062676369e-06 0.0 5.6730851185027064e-08 1.5850717249691777e-07 1.036975602442579e-07 0.0 0.0 4.5601413019636264e-08 0.0 0.0 1.3967726658317764e-05 2.532148191613794e-07 0.0 0.0 0.0 1.951130241470307e-06 9.956103089020483e-07 2.4861158658943606e-06 5.218776209760554e-07 1.2112909951743166e-06 5.606984953288298e-07 4.193959479217786e-07 4.917495630718247e-07 2.639148049125619e-07 0.0 0.0 0.0 4.5332108638643824e-08 0.0 0.0 0.0 2.8894179583398233e-05 1.3964163818382739e-06 2.6680625894236605e-06 0.0003425475865435234 2.514423447952155e-06 0.0001015935701501573 1.9954889703833463e-05 0.0008472492940951022 9.438294952712433e-06 1.056071574554018e-06 6.29276131721266e-06 7.547960069955114e-05 0.0 6.005045746782174e-06 7.131489474294489e-07 5.315727463203996e-05 7.720539677996111e-07 1.9433777407717667e-07 3.684380113048892e-07 2.11153397339708e-06 0.0 0.0005269733029292773 3.101550780040993e-05
0.00013735331646630883 0.0005929304214845825 0.0010005193988753946 9.770634932765304e-05 0.0007917595151791296 4.247348669649867e-07 0.000222051262185972 0.0014837852298755054 0.0005051901420669266 1.4314749027092528e-05 0.0 4.70199580216829e-05 0.0003241181829464155 0.0009823762568099057 2.806811673675146e-05 9.51937213819595e-06 2.0013678448963608e-07 1.2353445827757033e-07 0.0 7.385214670029798e-07 3.493486152110076e-06 6.605628836486925e-07 1.751629059804439e-07 7.655318422170569e-07 4.788775377186575e-08 4.796768142188575e-06 3.9918489903035913e-07 1.3192414580410814e-06 4.221548678512487e-06 1.5264609318634518e-07 0.00013584660308463455 0.00011349385537082963 9.437833773227602e-05 6.950757262176849e-08 2.9849993161820927e-07 2.8529137804259597e-07 4.427095435080107e-05 5.743329831120749e-06 4.286194301251839e-06 6.193593099765599e-08 3.7099599897957684e-07 1.0353608139058743e-06 7.975159636683745e-07 4.7580115542046215e-07 0.0 5.1708523409626874e-08 0.00010919842835647645 2.237569011872121e-06 8.394452080103823e-07 5.544573733134332e-07 2.432143365735876e-06 3.914550192372848e-07 1.936117214344503e-07 2.5610303622479464e-06 1.78488966691739e-06 1.5174343860731744e-06 3.6984848763412556e-06 5.1228882108742263e-05 3.0386507428072805e-06 2.1627304104817325e-05 1.076307177877193e-07 3.02106545979968e-06 7.751726611966888e-08 7.476059393479166e-05 2.3973127555579064e-06 1.3305699784281463e-06 2.050944767121829e-06 1.8547860574786788e-06 3.4921027681348645e-06 1.8360539026766302e-06 4.12261986440884e-05 1.0746596174220037e-06 5.531294768103124e-08 3.188795342441604e-05 6.73506382950435e-05 6.420855213015668e-05 4.714222228840014e-05 3.6048017079050248e-06 1.756030841923033e-05 0.00013082215213173462 3.3018400494447935e-07 4.499811918353911e-06 8.62559721104517e-06 0.0 2.5892867531831485e-06 2.7626123359482313e-06 1.0845090307613826e-06 0.0 1.1062534200847235e-06 4.240993182258702e-08 2.222443539375675e-06 2.3481602186908638e-07 7.517984947895828e-06 4.369974005500155e-06 1.886680486296158e-06 2.097975685479254e-05 3.7097740197217787e-06 1.1023201712734129e-07 7.1964906157295274e-06 5.394000471397773e-06 0.0 5.9061500787951965e-08 0.0 0.0 0.0 6.0730619249995055e-06 0.0 3.299949047212874e-07 5.9312900377478094e-06 1.8700275145101465e-06 5.125224433224425e-07 1.2466896584745751e-05 2.3152631118160345e-05 9.261312841874864e-06 1.545023947058982e-06 6.510961158379878e-08 7.172330586153806e-08 0.0 0.0 0.0 0.0 1.6800514039092392e-07 0.0 0.0 7.253969271728035e-07 1.5128688505032872e-07 0.0 1.933658661301495e-07 1.1433646752250674e-07 7.083821730124116e-08 0.0 0.0 3.3457855864940807e-07 4.755612021037502e-08 1.6616754675230537e-07 4.172718881662063e-07 0.0 8.884290987933508e-07 0.0 1.59014080216517e-06 0.0 1.99363774876468e-06 4.0147563416051847e-07 0.0 6.323284578425573e-07 0.0 0.0 0.0 0.0 1.6757780403870334e-07 3.3880302964670883e-07 1.8748841945193372e-07 0.0 0.0 0.0 0.0 6.269082428076477e-08 5.936854949507073e-07 0.0 0.0 3.855963196513758e-08 0.0 4.55140291243566e-08 0.0 0.0 6.864453302174895e-07 8.91583092566368e-07 0.0 0.0 5.256962542700847e-08 0.0 0.0 0.0 8.259121093429082e-08 1.0165287985555163e-07 1.318182494086974e-07 1.0264234621565545e-05 6.503202039072117e-08 0.0 0.0 6.142566259302771e-08 1.9598577532227515e-06 2.551554034975099e-07 3.4230077059102394e-06 0.0 8.911158890654519e-08 6.760242049291515e-08 7.666108580556872e-08 1.3231587552605071e-07 0.0 0.0 0.0 0.0 6.94934430065788e-08 8.410583131623109e-08 1.3134895688811923e-07 7.857816360006544e-08 8.44942984153782e-06 1.4127074225171137e-06 2.525342236541044e-06 0.00025981363854757296 4.0284657021517146e-06 0.0001882073567855219 7.108995041391132e-05 6.200321251363016e-05 2.3946411211572562e-05 4.608558557994291e-07 4.837646701584495e-05 1.3060916992139946e-05 0.0 1.4163244349911418e-06 6.538031202485659e-08 7.187652781429009e-06 2.2571796602872812e-07 2.088361587021668e-07 4.5372187393538127e-07 3.32482634405575e-06 4.9314104622359e-07 3.361918483652099e-05 1.3784412397616124e-06
