0.0 0.0010128965164794388 0.00019699814358903876 0.0004912663283327574 7.757813921765266e-05 0.0001028560588092403 0.00033276134190439325 4.298519552700804e-06 6.435302719956054e-06 0.0005763698995094548 6.892553216719944e-05 3.1873967652462035e-05 4.881911522144176e-05 1.628755233624892e-05 3.3429371724262856e-07 1.2203306490825735e-07 0.0 0.0 0.0 0.0 0.0 0.0 0.0 0.0 0.0 0.0 4.428987117928367e-08 0.0 0.0 0.0 0.0005375178627732715 9.129846133787456e-07 1.9991756189171733e-06 3.001831641447323e-07 6.298753173777098e-08 0.0 1.0625474262395122e-06 5.928761207836914e-07 4.1990865639764904e-07 2.0523803981320765e-07 0.0 0.0 0.0 4.278225920640023e-08 0.0 5.4656888807860236e-08 1.1176400614270592e-06 1.6056709444957368e-07 8.960613588799982e-08 0.0 4.5466712965328894e-08 0.0 0.0 0.0 8.288680575274416e-06 1.4123688975725477e-05 6.29118926176997e-05 0.00018559589006685847 8.842694573675258e-05 3.006163058202671e-06 0.0 6.073237421341208e-08 0.0 9.56354383193737e-06 1.4375587627989061e-06 5.588497860209803e-07 7.064045218031358e-08 0.0 0.0 0.0 3.972761760985462e-06 1.006668862434828e-06 1.2950635091718815e-07 4.0969081749184394e-05 3.9012914193196335e-06 1.7016035182678517e-06 4.987187929846325e-07 1.6506960057448997e-07 1.5485266475385937e-07 7.919395232622646e-07 1.560380840330337e-07 2.4232626721870733e-07 6.627677831085168e-06 1.5358603980154812e-07 4.97076681379412e-07 5.604894362586072e-07 1.0955621097350844e-07 0.0 0.0 0.0 0.0 0.0 2.0162025102875358e-07 0.0 0.0 1.4319209455206508e-05 1.8294869458697417e-06 0.0 9.74702575603237e-07 0.0003351400712602558 0.0 7.610454425292689e-07 1.4502764416087996e-07 3.3242194285351144e-07 0.0 2.54598975519819e-06 1.0448593252721465e-06 6.994363479878926e-07 2.4156611323876832e-06 5.013427055323212e-06 2.8060348110279236e-07 2.538903507082443e-06 2.518895559050854e-06 2.223319024338936e-06 5.299810216684761e-07 0.0 0.0 0.0 0.0 0.0 0.0 0.0 0.0 0.0 0.0 0.0 0.0 0.0 8.215328344587686e-08 0.0 0.0 0.0 0.0 7.080086589491719e-08 0.0 1.3375565722791242e-07 0.0 0.0 0.0 6.844807412267951e-07 0.0 7.001033688770275e-07 6.329001208753495e-07 1.3156569513715222e-07 0.0 0.0 0.0 0.0 0.0 0.0 0.0 0.0 0.0 0.0 0.0 0.0 0.0 0.0 0.0 0.0 0.0 0.0 0.0 7.27531552176489e-08 0.0 0.0 6.209128002015878e-07 0.0 0.0 0.0 0.0 0.0 0.0 0.0 0.0 0.0 1.8595991548642024e-06 6.799996577557962e-08 0.0 0.0 0.0 0.0 0.0 0.0 0.0 0.0 0.0 0.0 0.0 0.0 0.0 0.0 0.0 5.2004050164438625e-08 0.0 0.0 0.0 2.1532893869566746e-06 6.41759539502677e-07 4.3879623140986905e-07 8.652219984995312e-05 8.388371047695124e-07 7.119756620601608e-05 6.441779923901819e-06 0.0003104354984849943 1.5098576461974547e-05 4.430845064555406e-06 1.011985513724223e-06 1.192904222790967e-05 0.0 0.0 0.0 1.7390153704354784e-05 0.0 0.0 0.0 6.097783255630056e-07 0.0 0.0001726715720763528 1.723879443041319e-06
0.0010128965164794388 0.0 0.0006129143964247471 7.173700015046404e-05 0.0012352886739573495 4.913961307060964e-05 0.0013945169357468847 9.612623346093796e-06 0.0007266734674365703 0.00019114732756921892 0.00017070199119551186 6.945730719506695e-05 0.0005821709428044999 0.0006035974829066356 6.098833439136648e-07 5.683115554550298e-07 5.7112749942715595e-08 0.0 0.0 1.0743113624003408e-07 0.0 0.0 0.0 0.0 0.0 0.0 1.1632956381437486e-07 0.0 6.34598029965175e-08 0.0 0.0008455927972784375 8.79585998696386e-07 9.227921556674841e-06 8.469836542665475e-07 1.2397875491207868e-07 0.0 5.194468437783374e-06 1.2216029620964906e-06 5.793903785398925e-07 1.81607389990703e-07 0.0 0.0 4.506565597845993e-08 0.0 6.825430709358314e-08 4.328458055298492e-07 5.323711237522262e-06 1.8959553637643903e-07 4.685463566924799e-08 5.970372361962504e-08 1.3616808608848471e-07 0.0 5.5089998702891225e-08 9.340203169613605e-08 1.2351242329978415e-05 2.6107177981154794e-05 3.435192061541509e-05 0.00019691580891350284 7.55804108439656e-05 6.215452082305475e-06 1.370379768510314e-07 4.374972260156315e-07 4.6060800516761285e-07 1.2253081008929217e-05 2.4189372937274555e-06 1.079120618488425e-06 5.993995653625496e-08 4.0195321653478917e-07 5.876664108897294e-07 6.456998031138843e-08 2.5159938952768816e-06 1.2693213659169326e-07 5.2828031070565906e-08 5.580751031945601e-05 1.2243963007259495e-05 6.404678938894061e-06 1.516286999730322e-06 7.804742330361239e-07 4.1641589146673304e-07 2.882431059445485e-06 3.565847442412389e-08 3.552680520237401e-07 1.1423472385238094e-05 1.3302814312258397e-07 8.068074612334737e-07 1.0143686234485456e-06 5.194363996670435e-07 5.964404113057064e-08 1.3151749254438406e-07 0.0 1.764684176610609e-07 6.618905429423109e-08 5.493291869828259e-08 1.2054660318497248e-07 6.508244417877114e-08 4.591615765018633e-06 0.0 0.0 6.989244613582325e-07 0.0003169978110189307 0.0 0.0 7.848728558283753e-08 2.2900919189178552e-07 0.0 2.3530166906463526e-06 1.5992330251442111e-07 8.931709544845305e-08 7.64498160782434e-06 1.2146835778404638e-06 0.0 1.3618308583771708e-06 9.806743690077286e-07 4.823177116214829e-07 5.208316675588408e-07 0.0 0.0 0.0 0.0 0.0 0.0 0.0 0.0 0.0 0.0 0.0 0.0 0.0 0.0 0.0 0.0 2.685780757109555e-07 0.0 0.0 0.0 0.0 0.0 0.0 0.0 1.7499378606818637e-07 0.0 5.54415001555427e-07 5.8435473970127496e-08 0.0 0.0 0.0 0.0 0.0 0.0 0.0 0.0 0.0 0.0 0.0 0.0 0.0 0.0 0.0 0.0 0.0 0.0 1.2712764506268391e-07 0.0 5.2783149216158515e-08 0.0 0.0 0.0 0.0 0.0 0.0 0.0 0.0 0.0 0.0 0.0 0.0 8.838900128744406e-07 0.0 0.0 0.0 0.0 0.0 0.0 0.0 0.0 0.0 0.0 0.0 0.0 0.0 0.0 0.0 0.0 0.0 0.0 0.0 0.0 3.9998268909434166e-07 2.811202872247308e-07 3.890640429917583e-07 5.215329676128615e-05 1.0594727305937474e-06 0.00012942638423293687 1.1569977346120132e-05 0.00014487419686567802 2.1624808797443703e-05 4.87434694436792e-06 5.831248111778865e-06 4.446046639444617e-06 7.590955594446855e-08 1.9000722686046124e-07 5.483205127057405e-08 3.8634498804712474e-06 0.0 0.0 0.0 1.9010586316708368e-07 0.0 9.269652215223605e-05 1.3344799600744026e-07
0.00019699814358903876 0.0006129143964247471 0.0 3.1289680877638263e-06 0.0003100218067437301 5.8255758723234585e-06 4.914431212293626e-05 0.0009058218035322006 0.0003569398461428428 1.0527208179185044e-05 0.0007325947452826815 1.7273649542343782e-05 0.00010034133383489501 0.0005311247935572649 1.6731683534895704e-06 3.875476414395261e-06 1.3481149312411976e-06 1.8849402087031964e-07 1.7962765917577512e-07 3.419826988283077e-07 2.0798920344403039e-07 2.5108136472071457e-07 3.130116563828737e-07 3.042409896768918e-07 6.635501986828166e-08 0.0 2.728082748044711e-07 0.0 1.668256128569034e-07 7.527108562225547e-08 0.001728915399266631 2.925978433957623e-05 7.439612776320435e-05 3.4855764890229773e-06 1.6268650706471019e-07 1.1544690247793682e-07 1.740889354218194e-05 7.811281613305483e-06 2.23063311596688e-06 1.7835531016557267e-06 1.3160543373859063e-07 1.205093460571607e-06 6.821270965696077e-07 1.1521249207591503e-07 3.576475199617549e-07 1.3939701154652922e-06 5.792892526523722e-06 3.966862560088985e-06 1.1822697112558677e-06 4.5548875296489655e-06 1.550038105601024e-06 0.0 5.992274869058719e-07 2.744200165710699e-07 5.296527644114777e-06 1.082761694274925e-05 1.0720728212151294e-05 0.0001474185294589324 2.9634355558315203e-05 4.441821528474624e-06 1.0554651344722027e-06 1.1715521702358599e-05 7.054643734267352e-07 2.941191968369295e-05 1.3168043216046154e-06 1.6899076150856078e-06 1.1596686200415457e-06 3.2435169510329552e-06 7.092929723461988e-06 9.883970346845733e-07 9.880970692103938e-06 5.935992342621102e-08 0.0 2.8341816611295927e-05 1.2137908070608954e-05 5.056250356780292e-06 3.5665016246265533e-06 1.7164360566492693e-06 1.023647104988205e-05 0.0001633809069065501 7.01606028928547e-07 3.5404469518968086e-05 6.6220683581248496e-06 0.0 1.4838905021639485e-06 4.990250921835114e-07 9.23497501898509e-06 0.0 7.385764155229589e-07 1.1385294157894754e-07 9.71936497835968e-07 2.439721114116752e-07 1.5106586400705776e-06 8.457100343604821e-07 6.98440466985058e-07 1.6138431875572568e-06 7.175929324968122e-07 2.667127547098637e-07 5.405151431320062e-07 5.9739829962421006e-05 0.0 0.0 0.0 1.0046190847951024e-07 0.0 3.4918092457647424e-07 0.0 0.0 6.500251945451365e-08 2.4195440613756304e-07 0.0 4.865433382139352e-07 4.975556460014168e-07 3.322010099794461e-07 3.1884074559638284e-07 0.0 0.0 0.0 0.0 0.0 0.0 0.0 0.0 0.0 0.0 0.0 0.0 1.8588076841163432e-07 0.0 1.2708924902538744e-07 0.0 2.788684212525557e-07 0.0 0.0 0.0 0.0 0.0 0.0 0.0 6.171770927762409e-07 5.396364965163602e-07 9.76424932980662e-07 1.9772859213097508e-07 5.790630328644886e-07 0.0 0.0 0.0 0.0 0.0 0.0 0.0 0.0 0.0 0.0 0.0 0.0 1.7882417993753537e-07 0.0 0.0 0.0 0.0 0.0 0.0 0.0 0.0 5.486841984144166e-07 0.0 0.0 0.0 0.0 0.0 0.0 0.0 0.0 0.0 0.0 6.450735877431026e-07 6.597125406983032e-08 0.0 9.976696614771266e-08 0.0 0.0 0.0 0.0 0.0 0.0 0.0 0.0 0.0 0.0 0.0 0.0 0.0 0.0 0.0 0.0 0.0 1.4829962214861564e-07 2.44926408598103e-07 8.982208506019716e-07 2.2388899622968307e-05 5.124731015648137e-06 8.09956470787972e-05 8.425444565267415e-06 3.1461298296492314e-05 1.038961726372495e-05 1.8074393769880228e-06 4.327635695846643e-06 1.1352122640855624e-06 0.0 0.0 0.0 5.22936697874534e-07 0.0 0.0 0.0 7.372522419154225e-07 0.0 3.889737544181939e-05 2.0267976114035423e-07
0.0004912663283327574 7.173700015046404e-05 3.1289680877638263e-06 0.0 1.9508546389078642e-05 0.0004980420264418484 0.00036543034047674237 7.808501055951514e-07 2.804755332483262e-05 0.0008920882247066375 9.63365464580659e-07 0.00022563789373611416 0.0006407726924712662 5.410196903461653e-05 7.540200184063881e-08 0.0 0.0 0.0 0.0 0.0 0.0 0.0 0.0 0.0 0.0 0.0 0.0 0.0 0.0 0.0 7.378782009991418e-05 6.979202947240393e-08 0.0 0.0 0.0 0.0 1.6195396418108482e-06 0.0 1.2514154517535314e-07 0.0 0.0 0.0 0.0 0.0 0.0 0.0 3.906172048582115e-07 0.0 0.0 0.0 5.4352347265418427e-08 0.0 0.0 0.0 1.8210278610606755e-06 3.793117037624869e-06 7.4810492790657016e-06 2.1796459277750477e-05 1.160547733960315e-05 5.022163898492959e-07 0.0 4.751911411807572e-08 0.0 2.5565131880351218e-06 1.6825434756499274e-07 0.0 0.0 0.0 0.0 0.0 5.865206420048808e-06 1.4415850251020955e-06 0.0 5.393554310375329e-06 4.241832055085689e-07 1.5913366076698745e-07 4.108519002989058e-08 0.0 0.0 1.2885596614894241e-07 0.0 6.578964470490832e-08 1.1179005480567753e-06 1.6988362373815083e-07 9.980090318574539e-08 1.7019716110892545e-07 7.124502762230513e-08 1.257567378999552e-07 5.702229873728713e-08 1.4583947388864996e-07 0.0 0.0 0.0 0.0 0.0 1.3372374337566927e-05 4.579451018331985e-06 4.998911498281452e-07 1.4349868217523088e-06 0.00019017610662564155 0.0 6.344782758380396e-07 0.0 1.9113299607966682e-07 0.0 1.509647981133456e-06 3.952314907981254e-07 0.0 1.942729617459274e-06 2.0937681158581962e-06 1.405900999801463e-07 7.14387466563549e-07 2.0823793842172325e-06 4.1953816058100664e-07 5.722677385043362e-07 0.0 0.0 0.0 0.0 0.0 0.0 0.0 0.0 0.0 0.0 0.0 0.0 0.0 0.0 0.0 0.0 0.0 0.0 0.0 0.0 0.0 0.0 0.0 0.0 8.841075179941632e-07 0.0 2.5417686362486295e-07 4.0291800128748527e-07 0.0 0.0 0.0 0.0 0.0 0.0 0.0 0.0 0.0 4.1861279662471045e-08 0.0 0.0 0.0 0.0 0.0 0.0 0.0 0.0 0.0 0.0 7.469045581703734e-08 0.0 0.0 3.172086545785987e-07 0.0 0.0 0.0 0.0 0.0 0.0 0.0 0.0 0.0 1.0599871823640743e-06 0.0 0.0 0.0 0.0 0.0 0.0 0.0 0.0 0.0 0.0 0.0 0.0 0.0 0.0 0.0 0.0 0.0 0.0 0.0 0.0 7.77122576785181e-07 3.5061962798546303e-07 7.275444848958083e-07 3.2361279316785464e-05 1.5174708688992067e-07 1.924785984377883e-05 2.6632077105684205e-06 0.00012539239716915173 4.281206426006795e-06 4.926651031674816e-07 1.1266185369561823e-06 7.1903843174496995e-06 0.0 1.0863938235253022e-07 0.0 7.5288479870307e-06 4.1454297233089584e-07 0.0 0.0 9.044980449196719e-07 0.0 3.9038592428452386e-05 6.969108032339976e-07
7.757813921765266e-05 0.0012352886739573495 0.0003100218067437301 1.9508546389078642e-05 0.0 7.764523502809387e-06 0.000516503084466717 2.9940447434807207e-05 0.0015700971841437427 0.00019530537178198758 0.00022216024733244213 2.8523301925236966e-05 0.0001673239092415912 0.0009395997318173698 2.6409478803501135e-06 8.76738459066204e-07 0.0 1.0606082901538817e-07 0.0 4.459868038938446e-08 0.0 0.0 4.902775409297124e-08 0.0 0.0 0.0 0.0 0.0 0.0 0.0 0.0002303617803148488 6.083785318680283e-06 4.570622887286401e-06 3.846280229780457e-08 0.0 0.0 2.7846441192173783e-06 7.614302103864639e-07 6.618770362281775e-07 0.0 0.0 1.8147970695214947e-07 8.02768327826228e-08 9.728147455738619e-08 5.520426582875087e-08 1.3686713069960493e-07 7.691156306099677e-06 1.2205054418537117e-07 0.0 2.526244411415604e-07 4.3198904854695205e-08 0.0 0.0 0.0 8.82384889509583e-06 1.675717671357504e-05 8.761693688267899e-06 5.628190472340538e-05 3.332544800441459e-05 7.184965994491276e-06 1.9448301141888068e-07 1.9402842114616015e-06 0.0 1.6744842790834863e-05 1.3557516079547858e-06 7.838595150058785e-07 0.0 4.320048090825315e-08 2.64798893853514e-07 0.0 5.482535891261725e-06 0.0 0.0 3.314084290542723e-05 8.884230581178053e-06 1.0598796079528916e-05 3.5248830377545544e-06 1.4717363533024607e-06 4.8684249004235784e-08 6.38854905224468e-07 1.391912032736756e-07 7.625624200220607e-07 7.628939513195368e-06 1.5705215450995552e-07 6.171601615506727e-07 4.6503897597270455e-07 9.003842857007485e-08 0.0 7.200737705133616e-08 0.0 0.0 6.12874823282989e-08 0.0 0.0 0.0 1.1126637475533227e-05 6.118702415565005e-07 0.0 7.284011024336376e-07 2.0329386723115755e-05 0.0 0.0 3.3030992731278984e-07 2.8473592596081264e-07 5.290159839689126e-07 1.118116233904798e-06 7.84907827354237e-07 6.834769248267256e-07 1.7980124720638524e-06 2.4452440338477244e-06 8.282337861232264e-08 2.6410470582224643e-06 3.412821722079776e-06 2.5106454894269117e-06 6.073800390266435e-07 0.0 0.0 0.0 0.0 0.0 0.0 0.0 0.0 0.0 0.0 0.0 0.0 0.0 0.0 0.0 0.0 3.758217750793934e-07 2.8496285821570554e-07 0.0 0.0 0.0 0.0 0.0 0.0 1.390897605539893e-06 5.47995456523777e-07 2.4062912540104604e-06 5.431966782732351e-07 3.9295874373776177e-07 0.0 0.0 0.0 0.0 0.0 0.0 0.0 2.3945081587458866e-07 0.0 0.0 0.0 0.0 0.0 0.0 0.0 0.0 0.0 2.2154311162566488e-07 2.5166713777890166e-07 1.1172602163050516e-07 0.0 0.0 1.7853932933584222e-07 0.0 0.0 0.0 0.0 0.0 0.0 0.0 0.0 0.0 3.233172208943246e-06 0.0 0.0 0.0 0.0 0.0 0.0 5.71225266634286e-07 0.0 0.0 3.3571199032771805e-07 0.0 0.0 0.0 0.0 0.0 0.0 0.0 0.0 0.0 0.0 2.15363403679213e-06 6.717118860769886e-08 1.4812028411684587e-06 0.00011046518891499459 2.0311602152104677e-06 0.00017224254045987826 1.4569702491457094e-05 6.366745813173672e-05 3.1818072754126955e-05 4.716232808650044e-06 1.5247273405279378e-05 6.351863613539217e-06 0.0 0.0 0.0 5.541299939969599e-06 0.0 0.0 0.0 6.266324801662537e-07 0.0 6.185260454156198e-05 1.4472588827688726e-06
0.0001028560588092403 4.913961307060964e-05 5.8255758723234585e-06 0.0004980420264418484 7.764523502809387e-06 0.0 8.93667402502143e-05 9.627847147878242e-07 3.0974736376412357e-06 0.0005747400052022544 3.057005861728308e-06 4.293134219851113e-05 4.414587468599907e-05 7.372775612482601e-06 0.0 1.7338160002311546e-07 0.0 0.0 0.0 0.0 0.0 0.0 0.0 0.0 0.0 0.0 0.0 0.0 0.0 0.0 5.8075140747887034e-05 2.0305049693222978e-07 1.561613155310132e-06 0.0 0.0 0.0 2.126661910208638e-06 5.650634614888052e-07 3.851605004555783e-06 5.734559855997708e-07 0.0 5.902335491887565e-08 0.0 0.0 0.0 0.0 0.0 0.0 5.8599733774277886e-08 0.0 1.192331863051147e-07 8.260089043931407e-07 0.0 0.0 4.667718176734893e-07 8.19988340886884e-07 3.576503646735688e-05 1.4213844294934434e-05 6.553964635490042e-06 2.0595346435544142e-07 0.0 2.8143708371860366e-07 0.0 3.7414860289602884e-07 8.442793085065398e-08 1.0181211939983807e-07 1.4528999546301543e-07 6.512331131238689e-08 0.0 0.0 3.402424736084657e-05 3.0802396677507384e-05 3.1440925333159543e-06 3.191818402311891e-06 7.288826905686638e-07 4.737456146921676e-08 4.8143228084113835e-08 1.1723600215634144e-07 0.0 6.40892256038609e-07 0.0 2.9544589738367025e-07 2.640431599579361e-07 6.495133468303793e-07 1.603856277726281e-07 6.573808570178529e-07 0.0 1.654890198824724e-06 1.2625562857357912e-06 1.6463161204782819e-06 1.8887890871513114e-07 4.6092027456114246e-07 0.0 0.0 0.0 7.738776545132398e-05 5.180825588943117e-05 4.917395024788609e-07 1.1302256890005749e-05 0.0001464005017320444 0.0 7.602913754886884e-07 4.629658623630141e-07 9.831959509273686e-07 0.0 1.3244739008684071e-06 1.2698980847744332e-07 7.244168163387897e-07 1.8297139040679027e-06 5.090021409781516e-06 0.0 1.7451126267833262e-06 2.2679009615914487e-06 2.273290098372875e-06 4.343883987573202e-07 0.0 0.0 0.0 0.0 0.0 0.0 0.0 0.0 8.71406368289177e-08 0.0 0.0 0.0 5.154633761936091e-07 0.0 2.3980148779123165e-07 0.0 6.328599769103418e-07 7.621684228471166e-07 0.0 1.7843452501714735e-07 0.0 0.0 0.0 0.0 6.1542605835846e-07 0.0 2.005501430919937e-07 8.660873075187251e-07 1.1105143827861867e-07 0.0 0.0 0.0 0.0 0.0 0.0 0.0 0.0 0.0 0.0 0.0 0.0 9.506420490655315e-07 7.093043306334144e-08 0.0 0.0 0.0 0.0 0.0 0.0 1.5373755173216706e-07 0.0 0.0 9.752275668263698e-08 0.0 9.362121988539857e-08 0.0 0.0 0.0 0.0 0.0 0.0 2.236363617517395e-06 3.9144736674804545e-07 0.0 0.0 0.0 0.0 0.0 0.0 0.0 0.0 0.0 0.0 0.0 0.0 0.0 0.0 0.0 0.0 0.0 0.0 0.0 1.4883878553071703e-06 5.549371617193907e-07 1.1221411893158396e-06 2.0779236349964504e-05 1.2100961269688465e-07 6.9960948784854e-06 4.399026955944438e-07 3.7087184142359936e-05 2.619481414738262e-06 6.46056480897172e-07 2.887054600646416e-07 1.0403716340506747e-05 0.0 0.0 0.0 9.695490718003581e-06 2.2087141446239273e-07 0.0 0.0 4.097744958178962e-07 0.0 0.0001104182135458398 8.288533113736584e-07
0.00033276134190439325 0.0013945169357468847 4.914431212293626e-05 0.00036543034047674237 0.000516503084466717 8.93667402502143e-05 0.0 3.4156250608663476e-06 0.0005242979650246029 0.0010621097812341536 2.1225519795675548e-05 0.00034970070718905866 0.0014642712454289559 0.0008860569069210981 4.731463028150527e-06 3.873849982252907e-06 5.95622420051681e-08 0.0 0.0 0.0 0.0 0.0 0.0 0.0 0.0 0.0 4.711208693655619e-08 0.0 0.0 4.080468168275317e-08 0.00031815811744125526 5.787298408735411e-06 2.296764274614671e-06 4.2939647287321625e-07 0.0 0.0 2.9058972224602403e-06 1.6006985117349597e-06 2.277076687033457e-06 8.988426718316611e-07 0.0 0.0 0.0 6.625143488320361e-08 5.584040774262113e-08 0.0 1.1635837241953073e-05 2.2051868654172558e-07 2.5521674765388607e-07 0.0 0.0 0.0 4.969356537721528e-08 0.0 1.2979187808689323e-05 2.72833770551534e-05 1.9428803533618757e-05 9.606460979925134e-05 5.5716658073255204e-05 1.0281346940580569e-05 9.177635190856596e-08 8.728501727933236e-07 1.597497809634364e-07 2.4138861092024455e-05 3.213947676274664e-06 1.4302862614731856e-06 7.247852626372251e-08 4.745306223232756e-07 1.6888142879235907e-07 4.722027360887439e-08 1.9267053773119374e-05 1.2951437971018973e-06 0.0 5.2507299297432314e-05 1.2724063915236104e-05 1.439441730735484e-05 4.855441980880028e-06 2.9235396081457e-06 1.4862886816843282e-07 1.2534622913181058e-06 4.824552531020448e-07 7.257628828219836e-07 1.188557796881952e-05 9.330608700361466e-08 1.1487404203303583e-06 7.382588569455753e-07 4.064386001025327e-07 1.1104733924220455e-07 3.000254647445896e-07 4.963448282624362e-08 0.0 0.0 2.4482732152719137e-07 1.0816872606224434e-07 6.009896282854554e-08 5.818886285756323e-05 4.516453446549325e-06 9.618668484361085e-08 2.499032095567044e-06 4.98922447479769e-05 3.9297100841791844e-07 2.040317897109274e-06 1.370163226534433e-06 2.2278465462604492e-06 5.438143485799736e-07 9.248469575454343e-06 2.3859557722147713e-06 2.3764523897781383e-06 1.5118038414464286e-05 1.5642043559906405e-05 5.623713674373199e-07 1.6893290798750252e-05 1.713854370338172e-05 1.1735110971438231e-05 1.6213480076089807e-06 2.838453519274993e-07 6.158155576192373e-08 0.0 0.0 0.0 0.0 0.0 0.0 0.0 0.0 0.0 0.0 8.910740898125799e-07 0.0 2.536141022457853e-07 0.0 1.9084000577749946e-07 8.747739342494926e-08 0.0 1.375788777835368e-07 0.0 0.0 0.0 0.0 7.991851081226841e-06 1.2365699028229889e-06 4.852482794394098e-06 2.1519259190261723e-06 1.2610264792967543e-06 0.0 0.0 0.0 0.0 0.0 0.0 0.0 0.0 0.0 0.0 0.0 0.0 3.3538267944972977e-07 0.0 0.0 1.6321951800070018e-07 0.0 1.5042620483456827e-07 0.0 1.146146686938268e-06 4.308505736120263e-07 0.0 0.0 0.0 0.0 0.0 0.0 0.0 6.394944327348701e-08 0.0 0.0 0.0 1.4057963112546035e-05 1.1188701258283161e-07 0.0 0.0 0.0 4.872347652328585e-07 0.0 5.412682827007398e-07 1.289012955247304e-07 4.535617518430799e-07 0.0 0.0 0.0 0.0 0.0 0.0 0.0 0.0 0.0 0.0 0.0 1.026313413700893e-05 3.13135247519412e-06 5.865902270395003e-06 0.00021106413460278653 3.1861640572258914e-06 0.00029132905959058204 2.5325168373605642e-05 0.00020183840571603108 6.25990221089117e-05 5.854089372800802e-06 2.719795341193116e-05 2.9956868395199803e-05 0.0 1.5696034387726062e-06 2.7344147864319013e-07 2.859268504664089e-05 7.463985995775528e-08 0.0 0.0 6.460823657932618e-06 0.0 0.00016550377450997577 4.596645282698712e-06
4.298519552700804e-06 9.612623346093796e-06 0.0009058218035322006 7.808501055951514e-07 2.9940447434807207e-05 9.627847147878242e-07 3.4156250608663476e-06 0.0 0.0001258737292797905 1.0838561989370385e-06 0.0011014860166785052 1.570525236826655e-05 8.227285417680478e-05 0.0006799404286318439 1.6784416305527456e-05 2.3684139633924136e-05 4.1300477528754984e-05 3.0731592075781813e-06 8.103443585826298e-06 5.535987848209633e-06 9.076592775802394e-07 6.319132908302936e-08 2.7914967287433395e-06 1.06218097108693e-06 1.8445732613030746e-07 0.0 1.252996778280789e-06 3.894245765933184e-07 5.036853495951074e-07 2.056784786815739e-07 0.001027166079962194 0.0007558076323300235 0.00013188195444322284 1.8656656888692687e-05 1.4906186585882778e-06 2.474815922390311e-06 1.769150691314923e-05 2.633522935406146e-05 5.273989873932908e-06 3.000141424536591e-06 2.040198545102799e-06 4.94015797605475e-06 1.6226602622304122e-05 1.785467421383637e-05 1.2034781058805862e-05 1.7163955141308003e-05 3.815854350455971e-05 4.361550766416817e-05 2.7041744053682766e-05 7.780200368105211e-05 1.0348820326107823e-05 1.9403284706775663e-07 2.04753307354046e-06 1.1443822139074331e-06 1.113293960781772e-05 2.2425148060288472e-05 9.515696944079962e-06 0.00012627644950581393 3.059699790293163e-05 1.3483279929276173e-05 0.0001276477112481641 9.386779877642344e-05 9.210490310279607e-06 0.00027078357179418933 3.201882298791973e-06 1.8626407397650348e-05 8.112047803764857e-06 3.006098593072079e-05 6.0085877261217484e-05 8.779025990280195e-06 1.6110537952232192e-05 1.714057088119172e-07 0.0 4.636122452199571e-05 3.36027018236552e-05 2.713934092055462e-05 3.0335933847403967e-05 6.089195169864397e-05 0.00046387705388469403 0.0006834766301144392 0.00019724892279575484 0.0008809063770015662 1.5182843729406638e-05 1.2276909813436096e-07 1.0840125093994467e-05 2.7701144620092218e-06 0.00010404715573055573 6.872301763873579e-08 5.975032204281806e-06 3.214042258945592e-07 6.768584477855229e-06 1.0776617571598558e-06 1.2651882718286196e-05 6.193338932084039e-06 4.269696454986577e-06 2.562107763073535e-06 2.185802729761209e-06 1.890071916917675e-07 3.0648125317083725e-06 4.198795065412259e-06 0.0 1.0528891300611856e-07 9.412446092084957e-08 0.0 0.0 5.627216664194792e-07 0.0 3.88805680467146e-07 1.3163554738743647e-07 2.407890864056153e-07 4.983825357965184e-07 0.0 6.353684477506924e-07 6.920826831468464e-07 6.086868403730479e-07 0.0 0.0 0.0 0.0 0.0 0.0 0.0 0.0 0.0 0.0 0.0 0.0 6.609799536773932e-07 0.0 1.547164625945307e-07 1.9904692526020285e-07 4.97682041605274e-07 8.072056190600942e-07 3.783130552614914e-07 0.0 0.0 0.0 0.0 0.0 5.047006296769202e-07 2.173435969329009e-07 1.0655782129034368e-06 1.0733156727291114e-06 1.2798181225880868e-06 2.618706512010213e-07 0.0 0.0 0.0 0.0 0.0 0.0 5.693949431023244e-08 0.0 0.0 0.0 0.0 1.382529967509182e-06 2.1504437476709062e-07 0.0 0.0 5.1630428183948726e-08 3.1259063605093744e-07 0.0 0.0 0.0 0.0 6.847425412344763e-07 0.0 0.0 0.0 0.0 4.0852015176028444e-08 4.963079239630752e-08 2.3421105394704333e-07 1.6909504242181477e-07 1.574422115510044e-07 1.2304079549895318e-06 8.493554981265486e-08 0.0 2.2349353951888576e-07 4.2792475341222443e-07 9.194719157417533e-08 5.039067721483644e-08 0.0 0.0 0.0 0.0 0.0 0.0 0.0 0.0 0.0 0.0 5.034213735957852e-07 1.8183454600628624e-07 4.730571452058467e-08 0.0 5.3411475720410154e-08 8.898912194595304e-07 1.504280172961599e-06 0.00011929607520378876 2.571413776258248e-05 0.0003618882405002045 4.8837326095482804e-05 4.311486265160268e-05 3.989039078365048e-05 4.709342341409607e-06 2.0795065875180575e-05 1.0553733990749868e-06 2.7441662773162946e-07 1.5475014344278758e-07 0.0 8.388171608818964e-07 0.0 0.0 0.0 5.2917478206647395e-06 0.0 5.860270748250832e-05 6.655348976336511e-07
6.435302719956054e-06 0.0007266734674365703 0.0003569398461428428 2.804755332483262e-05 0.0015700971841437427 3.0974736376412357e-06 0.0005242979650246029 0.0001258737292797905 0.0 0.0002062298065120144 0.0007746924720331923 8.503400416940694e-05 0.0004312224045762788 0.0014147929206840906 4.540604365920108e-06 4.2328118725096345e-06 5.27348882510364e-08 0.0 0.0 0.0 0.0 0.0 5.877304777911507e-08 6.297123936518846e-08 0.0 0.0 0.0 6.887521382305993e-08 1.4806938861281328e-07 0.0 5.761114458428979e-05 2.163977361730801e-06 1.572334927677223e-05 1.1588285056653554e-06 0.0 0.0 1.0029039668867368e-05 1.7228377397405965e-06 1.1331355281470152e-06 4.1168465975849265e-07 0.0 0.0 2.0508923246832397e-07 0.0 6.036199514147765e-08 3.3911915868731313e-07 5.742762890475963e-06 3.1307414074492e-07 0.0 1.1861028194396781e-07 1.0852499848196257e-07 0.0 0.0 0.0 1.2897914576038495e-06 5.615098657549153e-06 3.1076506532575488e-06 1.1869284500133873e-05 9.585776418480902e-06 3.788954184013324e-06 0.0 1.433153858492783e-06 2.381033938556185e-07 1.0790455072133368e-05 4.81268669618699e-07 2.0257025784716257e-07 2.8531990569056853e-07 3.7213812930799535e-07 5.51301102388135e-07 3.6430622949936927e-07 1.4394631135016262e-05 0.0 0.0 8.09549553800485e-06 3.140837087676034e-06 6.386132365445171e-06 4.748214233378773e-06 2.9485659701384743e-06 1.0820882786944095e-07 3.695320508116164e-06 0.0 1.3795882700290925e-06 1.5578897676943868e-06 0.0 1.7475650244918443e-07 2.921918656518804e-07 3.1908098350507875e-07 0.0 2.769368379009505e-07 9.947803596705677e-08 4.899214047121535e-08 0.0 1.8506163889670603e-07 0.0 2.3666801118499046e-07 3.0156894769645188e-05 1.170078557564854e-06 0.0 6.711837005889289e-07 3.1192098970303576e-06 5.439557264213566e-07 1.3723311368470165e-06 1.2635840510155423e-06 9.866204364186499e-07 0.0 4.025995505859583e-06 9.727898724652417e-07 1.3065013903349114e-06 5.702070750691715e-06 5.442966942584387e-06 3.4727520342059875e-07 9.145053779401483e-06 1.2572856354285463e-05 5.752373924505004e-06 2.1723406834502245e-06 0.0 0.0 0.0 0.0 0.0 0.0 0.0 0.0 0.0 0.0 0.0 0.0 1.962488088535693e-06 0.0 3.329656099870146e-07 0.0 3.0412195547545563e-07 0.0 5.058504612776072e-07 0.0 0.0 0.0 0.0 0.0 3.3692368689491718e-06 8.529144346065383e-07 3.7175941206958317e-06 1.8877018534144706e-06 1.1754996110522827e-06 0.0 0.0 0.0 0.0 0.0 1.20079948643844e-07 0.0 0.0 2.0774692250294452e-07 3.2686837115087286e-07 0.0 0.0 7.057395504322075e-07 0.0 0.0 0.0 0.0 2.557198006006409e-07 0.0 5.453755107018332e-07 0.0 6.590884234893567e-07 2.080779261791988e-07 0.0 0.0 0.0 0.0 0.0 0.0 0.0 0.0 0.0 8.60527446843525e-06 0.0 2.803098681621824e-07 0.0 5.493181610937372e-08 3.381466882413406e-07 0.0 1.6300469995500704e-06 1.3139746601292992e-07 0.0 3.482847338255429e-07 0.0 0.0 0.0 0.0 0.0 0.0 0.0 0.0 0.0 0.0 7.246634784493338e-06 3.037453101313195e-06 4.970745796503772e-06 0.00012509055194627128 2.361969933104006e-06 8.769906609401464e-05 1.3563096544691148e-05 4.2643824443976194e-05 2.3464904574904277e-05 1.2064296523982495e-06 2.3791380450346865e-05 1.1761416602483774e-05 0.0 1.2831683000727286e-06 0.0 1.5515098951088405e-05 0.0 0.0 5.882117643356815e-07 3.1455918012851246e-06 1.190213076317362e-07 4.0887513726417156e-05 3.47515685196018e-06
0.0005763698995094548 0.00019114732756921892 1.0527208179185044e-05 0.0008920882247066375 0.00019530537178198758 0.0005747400052022544 0.0010621097812341536 1.0838561989370385e-06 0.0002062298065120144 0.0 6.276939499674943e-06 0.0009765079485340352 0.0021997525432678818 0.0001585305184538451 2.0854559380496e-06 1.3969634465354012e-06 1.6515931239676778e-07 0.0 0.0 0.0 0.0 0.0 0.0 0.0 0.0 3.0392524712829946e-07 7.539774714461405e-08 0.0 0.0 0.0 0.00017393922018901366 1.031674323881962e-06 4.95836338903779e-06 6.11647317536582e-08 0.0 0.0 1.5107105664952399e-05 1.5180721592748315e-06 5.067445162489638e-06 2.882058835158582e-07 0.0 0.0 0.0 0.0 0.0 0.0 4.860468090263211e-06 0.0 6.024392732679104e-08 1.4502800736663815e-07 0.0 5.623529671741763e-08 0.0 0.0 3.6384837394202422e-06 9.62319620085711e-06 2.1131465319964236e-05 4.2063334810237444e-05 2.62663172975543e-05 3.162689485349252e-06 9.895297988575329e-08 2.4429534832193914e-06 6.52565624249301e-08 1.5157999365927813e-05 5.6273912948205e-07 3.486153678102218e-07 1.4551080834946417e-07 0.0 0.0 0.0 7.818490395369579e-05 2.8665108852065646e-06 5.291319503788554e-07 1.734317240392027e-05 5.403638562592412e-06 3.8468257064569345e-06 2.352913971517859e-06 1.1898381669021754e-06 0.0 6.836574251169218e-07 1.7185778323618043e-07 8.736974831835984e-08 2.606684608959616e-06 1.1166598890732675e-07 3.8099910777433785e-07 3.777339561091114e-07 0.0 2.338164081903885e-07 5.972184499263287e-08 1.2199152000675353e-07 4.6180227434423515e-08 0.0 0.0 7.368791712293871e-08 0.0 0.00043508234485463795 1.3480498376349278e-05 0.0 7.410153875900573e-06 0.00023890689572611705 8.172123787343376e-07 7.95742691941418e-06 3.416571724246036e-06 4.44171140254299e-06 6.541560763212331e-08 2.747833792536247e-05 5.315796069550657e-06 1.0694091340697172e-05 3.6473478288087624e-05 5.0319896759807956e-05 1.3338830119533336e-06 4.694883109473677e-05 5.9416800650191194e-05 2.9388993137418912e-05 7.193283853875659e-06 1.5223501491117289e-06 2.659310840316593e-07 0.0 0.0 0.0 0.0 0.0 1.0353167166136263e-07 0.0 0.0 0.0 0.0 1.8195075368862547e-06 7.478717880761204e-08 1.2728408945721568e-06 0.0 4.864739010559461e-07 5.436935956370031e-08 2.575086278747268e-07 9.513105260206081e-07 0.0 0.0 0.0 0.0 1.2892182261702099e-05 2.015750812040665e-06 1.3129650282213174e-05 5.316308984182329e-06 1.3590797369041594e-06 0.0 0.0 0.0 0.0 0.0 0.0 0.0 2.1723231328291228e-07 2.814334970617413e-07 0.0 0.0 0.0 2.1742475396240948e-06 0.0 0.0 6.067979758558437e-07 0.0 1.5290250083339489e-06 1.2625861561664953e-06 3.896848018446049e-06 0.0 0.0 1.9193254556131905e-06 3.656892943262723e-07 0.0 3.5696847761060464e-07 0.0 0.0 5.673327126937458e-08 0.0 0.0 1.0445953265724645e-07 3.7721681262739594e-05 8.452072084173263e-07 1.1964109231485273e-07 0.0 3.043434396439754e-07 3.9183023750373546e-07 0.0 1.3594323772662956e-06 2.4020396192913936e-07 2.4431524356592676e-07 1.090402707081543e-07 0.0 0.0 3.681915095960192e-07 0.0 0.0 9.134895926131823e-08 0.0 0.0 0.0 1.0642431366373374e-07 2.9483848971506274e-05 7.887894345326574e-06 1.4644228940416848e-05 0.0003939355668512694 1.253301631142452e-06 0.0001433496853309857 1.6066482822231603e-05 0.0004811388014110738 4.759080198431871e-05 3.200559133728998e-06 3.240026811236515e-05 0.0001076756191322436 0.0 2.0094105236941095e-06 3.797048208120487e-07 0.0001305603862662499 8.557939558008941e-07 0.0 1.2470671718736951e-06 2.788421361815504e-06 0.0 0.00040269614581890753 1.4193167561871458e-05
6.892553216719944e-05 0.00017070199119551186 0.0007325947452826815 9.63365464580659e-07 0.00022216024733244213 3.057005861728308e-06 2.1225519795675548e-05 0.0011014860166785052 0.0007746924720331923 6.276939499674943e-06 0.0 0.0001282119620464976 0.0004160786006436747 0.0016492475363459826 9.193558633947342e-06 1.293768180587364e-05 4.322099963383967e-06 1.6831997300826587e-06 5.898034097979623e-08 3.9423211880423115e-06 8.589743378364811e-07 0.0 3.346300619892736e-06 2.568907843966715e-06 9.772440073661452e-08 2.601857072596004e-07 8.183500137559475e-07 1.0561011336980968e-07 2.304566316964227e-07 4.598840420471528e-07 0.0004002479539357822 8.691762954407922e-05 0.0004975220994711894 2.883980045742882e-05 4.117855466436525e-06 2.3563900516842574e-06 0.00018167671414630064 0.00011025925974326713 3.296103880283986e-05 1.2250328385989543e-05 1.6648295968024542e-06 6.216343934044758e-06 8.374299986400334e-06 3.848177396143563e-07 4.071859857786164e-06 1.6960463064003595e-05 1.3763634131241217e-05 1.2155663974308394e-05 3.667952250523899e-06 2.036008049263019e-05 9.03872467104712e-06 8.075490236186645e-08 2.002828191138793e-06 9.486242659616137e-07 4.801187566210074e-06 8.870923198904806e-06 6.878422254364061e-06 5.8230373990660235e-05 1.9371044588745654e-05 5.5849130745057145e-06 4.976513241268547e-06 5.718153854493697e-05 1.2062836650866455e-05 2.9742973764474868e-05 1.6415720663096134e-06 9.887910198607552e-06 5.838381949577664e-06 1.5433713124652533e-05 3.838109249183237e-05 6.203138940123329e-06 9.896663604284166e-05 9.219265705146262e-07 2.5047733733026887e-07 2.141452745758906e-05 1.3324506938312903e-05 1.4473916393378614e-05 1.1013155493506849e-05 8.435466984947073e-06 9.861156653789422e-06 0.0005547148373878511 2.5486354951147836e-07 9.516990077215386e-05 7.13759672544882e-06 0.0 3.905492821385177e-06 1.971009200456699e-06 3.4397290686462554e-05 0.0 2.2437771983369117e-06 0.0 2.927404412517731e-06 1.9999934155966853e-07 1.616672020469437e-05 4.502329204797138e-06 2.175374865439407e-06 2.8038754152960436e-05 6.279745559261792e-06 8.442242439192682e-08 6.545880051489682e-06 1.806260712363079e-05 0.0 0.0 1.1127789058304533e-07 2.9562992595837463e-07 0.0 2.1623815491310264e-06 0.0 5.930795646519172e-07 1.6635705018838087e-06 2.6521941283178763e-06 5.59344384705131e-07 2.637591317578526e-06 4.641155162523121e-06 2.6291165857356797e-06 4.2164939133785776e-07 1.250238794813274e-07 0.0 0.0 0.0 0.0 0.0 0.0 0.0 0.0 0.0 0.0 0.0 1.4245431839232925e-07 1.648087247957472e-07 6.400826963468278e-07 0.0 3.7841120513183045e-07 4.665607951279694e-07 9.823328281149773e-07 0.0 0.0 0.0 0.0 0.0 4.067105345237404e-06 6.274452179084193e-07 4.147663380349595e-06 3.000444944562838e-06 1.5828317265061882e-06 1.4796045282861875e-07 0.0 0.0 0.0 0.0 1.628832802700375e-07 0.0 2.632379652210705e-07 4.905458267545045e-08 4.314817927907094e-08 0.0 0.0 1.3313020977787633e-06 0.0 0.0 1.665265842590058e-07 0.0 6.005100669682762e-08 5.665129313541982e-07 1.1517835722046043e-07 0.0 0.0 4.831397338108426e-07 1.7915063057017776e-07 1.2516070427909868e-07 0.0 0.0 4.917861744187908e-08 2.042793484856872e-07 1.3193595422147007e-07 7.393753028026839e-08 0.0 3.552866050278767e-06 5.094470998124626e-07 0.0 6.608749936990878e-08 1.9747576849417548e-07 1.505757937204138e-07 0.0 0.0 1.9852805989133173e-07 0.0 0.0 8.648525149567944e-08 0.0 0.0 0.0 0.0 0.0 1.3199028266849944e-07 1.560048896210602e-07 2.943955711890986e-07 0.0 2.1103181018534863e-06 3.7307927714881257e-06 5.86927077355589e-06 0.00011650437004682677 2.24151760872943e-05 0.0001699073558164242 3.40899630996655e-05 3.1619695074391154e-05 2.375242732351839e-05 2.2217650095875326e-06 2.565971666241278e-05 4.616200183433472e-06 0.0 2.9434145353112534e-07 5.443264557274152e-07 2.8931217063762606e-06 2.092665883669286e-07 0.0 0.0 3.595126321195357e-06 0.0 3.773592861502927e-05 6.967008767915695e-07
3.1873967652462035e-05 6.945730719506695e-05 1.7273649542343782e-05 0.00022563789373611416 2.8523301925236966e-05 4.293134219851113e-05 0.00034970070718905866 1.570525236826655e-05 8.503400416940694e-05 0.0009765079485340352 0.0001282119620464976 0.0 0.0008597482172614928 0.000266869451120548 6.622154934054557e-06 1.1054699055689414e-05 7.320381573378193e-08 1.540736078599507e-07 1.2179159469431036e-07 2.5847532594347067e-07 1.0013834403548217e-07 0.0 1.2346631633938272e-06 7.272049458842357e-07 0.0 0.0 1.092413213098662e-06 6.926600376144235e-08 0.0 5.677696232776037e-07 1.6212280553401325e-05 1.3135461940793196e-06 6.20040071829197e-05 4.264665150463885e-06 1.0970401366532163e-06 1.9477567094437537e-07 0.00025849518530791807 3.554526957457684e-05 4.125265318559785e-05 1.0613798303100497e-05 1.8409030671163643e-07 5.783048797591286e-07 1.896322623158294e-07 1.9551505409501674e-07 7.234427957825278e-07 1.5304158853275622e-06 5.236462115673439e-06 3.518267942094102e-07 5.96620003581507e-08 6.911631369684984e-07 8.188391643537254e-07 1.1819336972858954e-06 3.7330733404439254e-07 2.3631510490435274e-07 1.0873731040792414e-06 1.3583290262739337e-06 1.728257846298727e-06 5.725561683042018e-06 4.045352128679445e-06 1.9219125929292787e-06 7.276082048060143e-07 7.71529859284788e-06 1.7481584508142224e-06 1.3221682240174081e-05 1.731476241708401e-07 4.822977158473298e-07 3.6863904394830476e-07 1.2999591595867914e-06 1.4882832812349828e-06 7.4196085109358e-07 0.0003315081445165463 1.6429787654540682e-06 4.5224137568146224e-07 4.98795141753626e-06 6.116954098704591e-06 6.009738058103223e-06 8.653447712880953e-06 6.478542744891231e-06 2.0429213527412133e-07 9.877814168146595e-06 0.0 1.6023023829624942e-06 1.0342717347323542e-06 0.0 5.244764405853847e-07 2.513704246177127e-07 4.4962221788629734e-07 1.79176583567347e-07 1.7976116323518569e-07 1.2715210956482618e-07 0.0 1.5258944535883165e-07 8.971513653036543e-07 2.570283012311286e-07 8.94073598623487e-07 0.0006742944751911273 5.678611093600106e-05 8.782355575295508e-07 7.696837239792922e-06 1.466092384875257e-05 1.2636674878097658e-06 2.8625895990962238e-06 1.952204786591476e-06 1.8950424460911298e-06 5.713417000230603e-07 2.213398318161829e-05 3.395369912401394e-06 8.669350790505968e-06 2.010750876172429e-05 2.692227865566763e-05 1.657640733331287e-06 3.5592703893122006e-05 4.4712023224690524e-05 2.6077801562168292e-05 7.549927550951529e-06 9.087109722822214e-08 2.725949238506084e-07 0.0 0.0 0.0 0.0 0.0 0.0 0.0 0.0 0.0 0.0 9.06696652604641e-07 5.449221131708794e-07 5.24517829827278e-07 0.0 1.372312953858746e-06 3.818430131106298e-07 1.711316908219627e-06 2.085671513638732e-07 1.6018889672511203e-07 0.0 2.297939790051117e-07 5.651010727422312e-08 1.6688095027007154e-05 2.9506079258827634e-06 1.1943086360091813e-05 5.630005847685516e-06 4.434564178017676e-06 0.0 0.0 0.0 0.0 0.0 0.0 0.0 0.0 2.5557395403126833e-07 0.0 0.0 1.3052665426435348e-07 2.360214656961835e-06 0.0 0.0 1.974913798559614e-07 0.0 9.287578417022931e-07 5.580905919419734e-07 1.7791233955849714e-06 7.27920039649797e-07 0.0 1.973678866552615e-06 8.826927861652158e-07 1.3477591841726654e-07 3.5895337113595283e-07 0.0 3.721417873088459e-08 1.0570331456169316e-07 0.0 0.0 2.513322620698322e-07 3.98350120331269e-05 6.815901227993629e-07 1.5208890242329878e-07 0.0 0.0 1.5441061934859473e-06 0.0 1.270468836680191e-06 6.701844112892031e-07 1.0379511387793614e-06 2.8079849016586546e-07 0.0 1.0453905526084308e-07 0.0 0.0 0.0 1.609315357559431e-07 0.0 0.0 9.773047146143028e-08 0.0 3.105701025389869e-05 1.6191319057295186e-05 1.8051048567354593e-05 0.00015803389826048848 3.286331522580202e-06 6.0038893181610314e-05 1.88239687465013e-05 0.00010269172847182885 1.6475752997125496e-05 3.985956257611897e-07 3.725383342530705e-05 5.4363571208661176e-05 0.0 2.917230847356121e-06 8.875554853862941e-07 6.250192946243369e-05 7.244463235637355e-07 0.0 3.8945611712192864e-07 6.207444180120819e-06 0.0 0.0002710725349876543 1.3070937325529593e-05
