0.0 0.0012877683643398921 0.0002896816015623891 0.0005119792833625888 3.668325313823869e-05 0.0002368490916569659 0.00019069929266421167 2.8359335158176065e-05 6.994444713469835e-06 0.0005030950106174225 5.558379798140919e-05 6.215976940098655e-05 2.8719181913942593e-05 2.0235734590709854e-05 3.0209126629671835e-07 2.206314342927078e-07 1.4154093951349827e-07 0.0 0.0 0.0 1.691881893229954e-07 0.0 0.0 7.588153237243666e-08 4.2230892108979855e-07 1.2581501277661797e-07 0.0 1.0952277600238703e-07 0.0 0.0 0.0002777696721815629 3.073543977701598e-06 6.3248780753644406e-06 0.0 5.076050248243518e-08 1.210749464657581e-06 8.175996733339411e-07 1.910872045124207e-06 2.705642305000704e-07 3.656544794820708e-08 6.439056447135088e-07 0.0 1.4550056168402283e-07 0.0 0.0 0.0 1.083761719363015e-05 3.430462764414718e-07 1.0110757821085875e-07 1.6831520045654173e-07 3.3864151978707294e-07 3.034724183868309e-07 0.0 0.0 3.599906654945877e-06 4.736945705696323e-06 5.7107651438587414e-05 0.0001538944409405448 1.3794115657918581e-05 9.206412505298386e-06 2.3847866533907267e-07 1.7147959884385796e-06 1.531508274322677e-07 6.4026074547739e-06 3.7419454352353785e-06 1.9870282180660197e-06 3.0397928593342247e-07 8.201694967531084e-07 4.056168026753867e-07 1.5461724631142117e-07 2.9520145159838924e-06 1.5961442122660583e-06 2.691305241615666e-07 6.387775562070451e-05 9.459123105693922e-06 7.342223992468441e-06 3.2017244307559193e-07 1.3328429028717968e-07 4.447877249939023e-08 1.3212030008581882e-05 7.319611274389897e-08 1.7600189621481772e-06 7.609425974031966e-06 1.3380073989453143e-07 1.5654320681016517e-06 1.8756571983907745e-06 1.1065187593403567e-07 0.0 0.0 2.67461804479093e-07 4.296161067550075e-08 7.555179578001422e-08 2.2595275852349213e-06 2.2422141830561622e-07 4.0995275292797667e-08 1.4089292064277579e-05 5.087565141879344e-06 3.186993937673647e-07 4.990042774830157e-07 0.0004595675917844223 7.250973112281808e-08 9.930064416041473e-07 8.287169031849767e-08 2.727507833879068e-06 5.847232082409153e-07 6.679615110466529e-06 5.571935008006283e-06 9.82641282879383e-07 1.736604311852305e-05 2.874250189651903e-06 5.4615878839122445e-08 7.5368628821678875e-06 4.706406114647469e-06 2.7848928390348103e-06 1.3638536774631154e-06 0.0 3.597464829216581e-07 0.0 0.0 0.0 0.0 0.0 0.0 0.0 0.0 1.7793414173892747e-07 0.0 0.0 1.9086558060271569e-07 0.0 8.780064420026269e-08 0.0 0.0 0.0 5.5543110961572956e-08 0.0 0.0 0.0 0.0 6.991859315483472e-07 1.5011255725791142e-07 1.0639898089516593e-06 6.409590469969597e-07 7.661944690462876e-08 0.0 0.0 0.0 0.0 0.0 0.0 0.0 0.0 0.0 0.0 0.0 6.137287771375134e-08 0.0 1.3582648802030577e-07 0.0 0.0 4.252054170895481e-08 1.1108062605254675e-07 0.0 7.833420741399171e-07 0.0 0.0 1.3359424070087755e-06 0.0 0.0 0.0 0.0 0.0 0.0 0.0 0.0 0.0 7.284014860676054e-08 6.53422505152667e-08 0.0 0.0 1.2005897732122353e-07 4.53406641561868e-07 0.0 0.0 0.0 0.0 0.0 0.0 0.0 0.0 3.7685983851077015e-08 0.0 0.0 0.0 0.0 0.0 0.0 2.4094917180573604e-06 3.8216465773279084e-07 1.576008038773736e-07 0.00012094361524999548 1.2941406719005697e-06 3.1701432449126964e-05 9.601242393142421e-06 0.0003906847920728558 4.8108238502882916e-06 5.625478241414541e-07 6.907681622344762e-07 9.78093576686181e-06 2.0305268968017946e-06 2.1880027570852413e-07 7.469773437569813e-07 1.9676069998404702e-05 4.940417318511627e-08 0.0 0.0 2.4254689962293925e-07 0.0 0.00010939710645249827 8.225005936558128e-06
0.0012877683643398921 0.0 0.0008163345215557057 0.0008731729380491367 0.0015602815063078268 8.622908073377077e-05 0.0016019395601072478 0.00010624695469890157 0.00046787408686106756 0.0003548627524036279 0.0004207822903124684 3.311070937164963e-05 0.0006872068785758827 0.0008081667796007936 7.461043347282058e-06 1.7110744337079691e-06 5.229501943789874e-07 3.486509060820197e-07 0.0 1.3032031331037629e-07 6.758630865832869e-07 0.0 0.0 0.0 1.1695002333543027e-06 5.283486791538958e-07 0.0 1.6691666910617503e-07 0.0 3.951108382285177e-08 0.0006911920409873238 3.057081578864852e-05 2.8012233944667155e-05 1.6074786465119855e-07 1.0624332545785668e-06 3.4234215528258486e-06 8.297587951256924e-06 6.927100721212822e-06 1.988952622430164e-06 4.940137491928681e-07 3.317487637034832e-06 1.4447745937449121e-07 1.8915802366121082e-07 4.3881842175429726e-08 2.768439244191525e-07 3.688079327034673e-08 7.696935405887056e-05 3.01097941753173e-06 4.678824448573605e-07 6.232421372654109e-07 9.818905008195818e-07 1.4698431454083908e-06 2.7602454088605794e-07 1.583779291673435e-07 1.3602412127920303e-05 1.4329358961971919e-05 0.00010357008462523988 0.0002713264059143713 3.6667382211355725e-05 5.429733740227182e-05 2.713210976146698e-07 4.7945381513947745e-06 4.5847114574089874e-07 4.862746494450769e-05 1.4998687539247998e-05 1.0792067312663765e-05 2.3788552883689225e-06 4.234277167529341e-06 1.3480779729287022e-06 1.9814789389565137e-06 2.6696139046199193e-05 6.297057313902785e-07 0.0 0.00021698942468417797 5.801806602637189e-05 7.482558808014998e-05 6.758717385330096e-06 1.341081964604047e-06 2.730186758595776e-07 5.561830687915359e-05 4.2651524083498864e-08 8.753275186080382e-06 3.5292259785846576e-05 2.3191967368482927e-07 1.0192929353298555e-05 7.980620983498038e-06 1.0861557398970074e-06 3.5554317430352996e-08 1.9196680364562645e-07 0.0 3.232891347655037e-07 2.969747003587936e-07 1.0302783237592302e-05 1.2354516900726822e-06 9.448202081675515e-07 1.5872404232462438e-05 6.634056186203065e-06 0.0 2.4038303628815364e-06 0.0003995825089516741 0.0 1.7953542539640867e-06 7.073156573068528e-07 1.5835310637454986e-06 2.817867308075218e-07 1.2839165952208769e-05 2.112906603333481e-06 1.9118193205776166e-06 2.4600007811836994e-05 2.4128909004009204e-06 1.3345607525132696e-06 9.032270598796208e-06 1.4597574523279592e-05 1.0968409510197053e-05 5.879501805589229e-06 2.685944113325998e-07 1.529306284368068e-07 0.0 0.0 0.0 0.0 0.0 0.0 0.0 0.0 0.0 0.0 7.516954063642585e-07 0.0 0.0 0.0 0.0 0.0 0.0 5.943803786073822e-07 1.4217077078013095e-07 0.0 0.0 0.0 3.886291432967023e-06 1.4770196329547387e-07 7.76845443885663e-06 9.385692967890347e-07 2.777607679879745e-07 0.0 2.3462366248113186e-07 0.0 0.0 7.030857410346648e-08 0.0 0.0 0.0 2.3546355869759223e-07 0.0 0.0 0.0 7.59552735851165e-08 7.595480753800815e-07 0.0 0.0 0.0 5.709509047081647e-07 1.2755377504259213e-07 3.3007731582751143e-07 0.0 3.35158366331539e-07 4.577082923999308e-06 0.0 0.0 0.0 0.0 0.0 0.0 9.901060420467027e-08 1.7202480983786387e-07 1.8601839319873075e-07 3.662948979507803e-06 0.0 0.0 0.0 4.0338500884293205e-07 8.40161387349155e-07 1.1227691741708839e-06 2.9509811903856646e-06 0.0 0.0 0.0 0.0 0.0 0.0 0.0 0.0 0.0 0.0 0.0 5.705835901754934e-08 5.212001478234532e-08 2.640625454526043e-06 1.278856918099981e-06 2.305251952916561e-06 0.00027559625386632886 8.163460228083741e-06 0.00018497490557221113 4.718568848469574e-05 0.0002617117875692774 1.573926593060563e-05 3.867913820479535e-06 1.4965201205049454e-05 4.95370234169753e-06 4.104426775137347e-07 1.8868631027937491e-06 1.8934115373241334e-06 9.637077839443383e-06 1.289169595292924e-07 3.8914274142291645e-07 1.231551629383668e-07 7.999735733772538e-07 5.208115438622355e-07 7.344774174480963e-05 9.05090170124707e-06
0.0002896816015623891 0.0008163345215557057 0.0 1.2102440183894055e-06 0.00034375307098870024 1.5533019360926904e-06 1.6310329202246394e-05 0.0012774750192272204 0.0004743364725092567 1.928758857121798e-06 0.0011433808813852326 9.667148967210557e-06 4.222156577256496e-05 0.0004582740372840984 6.137859326921427e-06 3.4318614643353155e-06 6.356416841665968e-07 1.304286705851931e-06 5.48631945046338e-08 9.971282481683867e-07 6.169284000924462e-06 2.1198444912868335e-07 0.0 6.328147613979408e-08 5.625724449805011e-06 2.199467162284329e-06 0.0 3.2277594087731334e-07 1.1235760504539206e-07 5.011505698502261e-08 0.001592320868950031 0.0003815689627807239 6.611587108801273e-05 6.13089201850487e-07 3.173663648422854e-06 1.3018353982124237e-05 1.2338291804483887e-05 1.7672307661494442e-05 3.704453092305182e-06 2.5229395857753697e-06 1.0335829434918517e-05 2.046984970324739e-06 3.1076754301729895e-06 7.229640252111227e-07 1.1542170943392613e-07 6.945317107843202e-07 1.890905050698584e-05 5.463677692030979e-07 8.058849446475788e-07 6.040480621372369e-06 3.8743522183128624e-06 3.6547548169522918e-06 4.655986917302698e-07 1.888959630584621e-07 1.841925310250894e-06 2.6031624097630003e-06 3.5657363883525445e-05 0.00018301380533634003 9.080898932452526e-06 8.691109591982972e-06 7.2294368836964456e-06 1.976017168950646e-05 6.885498143568928e-07 4.1451565285186594e-05 2.259433291675292e-06 2.926052482602386e-06 2.5299351578006046e-06 1.0763281665117545e-05 1.7394273251137283e-05 9.648618329311889e-06 9.973256921658835e-06 7.339136532839711e-07 3.07663768434476e-07 5.161095989157742e-05 1.3401979264547662e-05 1.6914144410391263e-05 7.703116035708979e-06 2.4418073650567554e-06 2.2850451577524167e-05 0.0004045536116579576 5.3562846356284156e-06 9.349132832218116e-05 4.7603163287532375e-06 8.551471618666634e-08 1.4102111883206263e-06 1.84587454386779e-06 3.191729300214011e-06 0.0 3.7153141284585566e-07 2.544517986666092e-07 6.830683864178883e-07 1.3966630798893936e-06 5.025710409796997e-05 7.247515350130433e-06 3.281473050158128e-06 5.172155032200971e-06 1.5197689310773361e-06 0.0 2.4483122919411287e-06 6.661151286535652e-05 1.3718471455904462e-07 0.0 5.2988039090240277e-08 1.1292778889274994e-07 3.5343756355199265e-07 5.130392068245822e-07 0.0 1.4907815743762497e-07 6.417297600075661e-07 1.6988024019230532e-06 4.5469729788048943e-07 2.6192725311927115e-06 3.0692720510836834e-06 2.1147786054929705e-06 2.0042265694096844e-06 0.0 0.0 0.0 0.0 0.0 0.0 0.0 0.0 0.0 1.0201747404193745e-07 0.0 0.0 2.0550950460828236e-07 0.0 0.0 0.0 3.204209717857045e-07 2.546907519265589e-07 0.0 1.6422411994846883e-07 6.720199662739604e-08 0.0 0.0 6.354989944242659e-08 1.0604725415088522e-06 2.176225878868533e-07 3.678046175642498e-06 8.335592780741401e-07 3.7498471614936303e-07 2.0920336754687897e-07 7.626638812499574e-07 1.2352848980926618e-07 0.0 0.0 0.0 1.4761886808764008e-07 0.0 6.657935108000883e-08 0.0 1.0574076074903592e-07 1.417697653384121e-06 4.4497047165046276e-07 8.481615520115321e-07 0.0 0.0 0.0 0.0 0.0 1.1363378746126494e-07 0.0 0.0 1.5669281222884202e-06 6.965811116271694e-08 0.0 8.632630252026685e-08 0.0 0.0 0.0 0.0 4.678937126204276e-08 2.6872122572555755e-07 2.016831758771116e-06 2.635415219729932e-07 8.334814911759236e-08 0.0 1.1646675892643377e-06 3.4549715538374544e-07 6.416682021256769e-08 4.117581764569418e-07 9.726859283013204e-08 0.0 0.0 0.0 0.0 0.0 6.442255777901623e-08 0.0 0.0 1.3267494195622506e-07 1.4401604960010876e-07 1.1383821687690984e-07 1.4868163398086325e-07 8.397514873487934e-07 3.243599127026326e-07 1.0646076684266143e-06 7.17296951934756e-05 6.21603780386783e-06 4.31505035051361e-05 1.3556988839891871e-05 3.253394002083713e-05 2.617667580636918e-06 6.356284464455395e-07 6.091993132180399e-06 2.070647467778144e-06 1.4361138519279438e-07 7.435489161310459e-07 3.5282029242019563e-07 4.5611122200662714e-07 0.0 3.7853704620015367e-08 0.0 7.313695781412169e-07 0.0 8.56352354400445e-06 2.1810931624882553e-06
0.0005119792833625888 0.0008731729380491367 1.2102440183894055e-06 0.0 1.1491693909932224e-06 0.00019288382480814442 0.0001805786698554126 3.8074062269811043e-08 3.499633806769703e-07 0.0007918165645500484 5.448416268828005e-08 0.0002987683670594836 0.00025165842104002525 2.691964972283275e-05 4.4656607482169926e-07 0.0 0.0 0.0 0.0 0.0 0.0 0.0 0.0 0.0 0.0 0.0 0.0 0.0 0.0 0.0 1.0614292258253726e-05 5.189721616950331e-07 5.243826711463971e-07 0.0 0.0 0.0 0.0 4.861341023295376e-08 0.0 0.0 0.0 0.0 0.0 0.0 0.0 0.0 7.18754742926761e-06 2.861499167209133e-07 1.1318795225407875e-07 3.467099620034764e-08 5.405287410041272e-08 0.0 0.0 0.0 1.6360819175950962e-06 1.8402753977176874e-06 1.8167301732516526e-05 2.9097209537600307e-05 5.483726595723282e-06 5.473894852703791e-06 0.0 1.3285060205249898e-07 0.0 4.3451619513321115e-06 1.6869416616692263e-06 1.3729080704323265e-06 2.0717163352526585e-07 1.1847544840592216e-07 0.0 0.0 4.804959040759923e-07 0.0 0.0 2.8364579619339607e-05 7.045520710012847e-06 6.829156280748376e-06 4.177815345505213e-07 6.64681938867133e-08 0.0 0.0 3.9228133732692186e-08 2.097499449513431e-07 4.032479311671642e-06 4.0565698849626354e-08 1.1060389291366484e-06 7.597594062592884e-07 4.2521047419646876e-08 0.0 3.9745551792545716e-08 0.0 8.986052283980365e-08 0.0 4.4072706645452095e-08 0.0 0.0 9.084152423842592e-07 0.0 0.0 7.223228435489569e-08 0.0002442016564646346 2.1632695048317979e-07 2.402098862356677e-06 1.030930127990168e-05 2.0889667053863344e-05 6.575494349298003e-08 3.3296539389268214e-06 7.879960119703805e-06 3.122912526377962e-07 1.8579073331791255e-05 9.69506174157578e-06 0.0 1.034255207851907e-05 7.515537541551714e-06 2.5248281507863496e-06 1.18759008323681e-06 0.0 0.0 0.0 0.0 0.0 0.0 0.0 0.0 0.0 0.0 0.0 0.0 0.0 0.0 0.0 0.0 0.0 0.0 0.0 5.801577314400996e-07 0.0 0.0 0.0 0.0 1.0597950908046991e-07 0.0 4.10369772541611e-07 0.0 0.0 0.0 0.0 0.0 0.0 0.0 0.0 0.0 1.9301866535863313e-07 0.0 0.0 5.8380385925572335e-08 0.0 0.0 0.0 0.0 2.5220574908111605e-07 4.71264059538644e-08 1.5576280001970453e-07 1.8361409913550289e-07 2.362503189331005e-07 0.0 0.0 0.0 1.1647105581466702e-07 0.0 0.0 0.0 0.0 0.0 0.0 0.0 0.0 3.6475956326443293e-07 0.0 0.0 0.0 0.0 0.0 0.0 0.0 2.2907239027654505e-07 7.567567837307748e-08 0.0 0.0 0.0 0.0 3.885180895592541e-08 0.0 0.0 0.0 0.0 0.0 0.0 4.282024444085222e-06 0.0 0.0 4.381483462291078e-05 4.937490476565052e-07 1.9052954100410287e-05 3.840847096796842e-06 0.0002374508074022147 1.8581759002622487e-06 3.659622292279335e-07 5.485892108402088e-07 2.790882631820691e-06 1.2428010810962376e-07 5.204789316599951e-07 2.552371607607923e-07 1.2867736563636008e-05 0.0 8.833818161294376e-08 0.0 7.1885399873124e-08 1.1633619963011575e-07 6.756326607624601e-05 7.818837244863359e-06
3.668325313823869e-05 0.0015602815063078268 0.00034375307098870024 1.1491693909932224e-06 0.0 9.909304992132112e-07 0.0016372181147664506 1.1439443332548266e-05 0.00266539593961681 8.103659383456616e-06 0.00031400836080823545 7.108164075112916e-06 0.0006140475709471364 0.0019404825182256931 4.426957036471977e-06 6.116671665214844e-07 3.8259216836431153e-07 0.0 0.0 0.0 9.901097770341672e-08 0.0 0.0 5.8206368562722974e-08 2.597053196537222e-07 1.70706326209984e-07 1.5730968639427223e-07 0.0 0.0 1.1202737265817353e-07 8.01520775077312e-05 2.6196104702142408e-05 8.541424360259857e-06 0.0 0.0 3.95850960700202e-08 4.61404583080379e-06 8.23575864815914e-07 7.096886700237427e-08 2.240626317589044e-07 1.9593318845717045e-07 4.3739122685411614e-08 5.517887366193619e-08 0.0 4.594044496969527e-08 3.0412069321988014e-08 4.184184129782804e-05 9.056271205163494e-07 1.7868493371462482e-07 4.1366192600987826e-08 2.184920995791367e-07 1.520200186612217e-07 5.6925935532797805e-08 0.0 4.007521804821304e-06 4.070170032015671e-06 1.9697858051082922e-05 3.524517308644529e-05 1.0929441579489274e-05 2.3525320717837232e-05 5.873537995755965e-07 3.7786571922279277e-06 1.4512315937989908e-07 2.1721751980341586e-05 4.794998082048014e-06 4.001328489924256e-06 4.3478729275297414e-07 1.1972296925515977e-06 7.210823649690041e-08 8.495612732694095e-08 1.760599482325445e-05 7.75343367114241e-07 0.0 6.0556973324785015e-05 2.221469302460822e-05 4.245116495142301e-05 5.2121779448236755e-06 1.1634634821906297e-06 3.3966432131442824e-08 2.1321531556965877e-06 1.3196618015804623e-07 1.837684724474693e-06 9.77564356727e-06 3.765059401852823e-08 3.098976406387162e-06 2.7418149677849123e-06 5.410961054317445e-07 0.0 6.068189181166355e-08 0.0 7.49718348592764e-08 0.0 5.480632419727711e-07 1.0003408992884429e-07 2.5561378962503406e-07 1.3629159173034336e-05 5.562580930219893e-06 0.0 0.0 8.774884927812817e-06 0.0 2.8437715945841685e-07 7.707706285723108e-07 0.0 1.3357642448014305e-06 5.513216047119723e-06 9.442146278770478e-07 9.522151164586914e-07 6.733105703688635e-06 3.7575177614391146e-06 1.4127812331948026e-06 7.198315031239001e-06 1.8264622178871744e-05 8.653852668948479e-06 4.973314575775779e-06 0.0 0.0 0.0 0.0 0.0 0.0 0.0 0.0 0.0 0.0 0.0 0.0 4.3325751460417207e-07 0.0 0.0 0.0 0.0 0.0 0.0 1.2074805804917464e-06 0.0 0.0 0.0 0.0 3.5373492474422685e-06 3.5898634356140416e-07 4.888082260999697e-06 1.0729156720779177e-06 9.58696655049881e-07 0.0 0.0 0.0 0.0 0.0 0.0 0.0 0.0 1.2516112224117774e-07 0.0 0.0 0.0 7.344934158867901e-08 0.0 0.0 0.0 0.0 1.0719253384991127e-07 6.401243896788454e-07 0.0 0.0 0.0 4.707042635838554e-06 1.1029462934102454e-07 0.0 0.0 0.0 0.0 0.0 0.0 0.0 0.0 4.195008649657853e-06 2.4372074338229065e-07 0.0 0.0 0.0 1.1189559436771672e-06 3.277036222191016e-07 2.0593952131723268e-06 3.4302395245445075e-07 3.0977555678917333e-07 5.631035010330768e-08 0.0 0.0 0.0 0.0 0.0 0.0 9.037406775070972e-07 0.0 0.0 0.0 2.4720350185463697e-06 2.8047203637400394e-06 1.7595388278569934e-06 0.00015257161598138615 2.9438566323862645e-06 8.62022742693031e-05 2.1286727998458235e-05 2.7491290499557354e-05 7.185068627162415e-06 5.776888452308301e-07 1.203143570890942e-05 1.6575835760619723e-06 7.660489367471259e-08 8.272560801764224e-07 1.1563501060165325e-06 2.155807264302043e-06 3.6262619792020744e-08 1.0097893598775249e-07 0.0 5.520523639336664e-07 0.0 1.0635627868432778e-05 5.636528958741027e-06
0.0002368490916569659 8.622908073377077e-05 1.5533019360926904e-06 0.00019288382480814442 9.909304992132112e-07 0.0 3.803654032462622e-05 1.4739090825097018e-07 1.0308720882681521e-06 0.000452667146551551 9.698126949934059e-07 0.00015967069562828113 5.4610652338951676e-05 1.571288658343891e-05 4.410660909361245e-08 5.404574126594555e-08 5.1571315376153737e-08 0.0 0.0 0.0 0.0 4.350731482006391e-07 0.0 0.0 0.0 0.0 0.0 0.0 0.0 0.0 3.4473686133551505e-06 0.0 6.32374453311142e-06 0.0 0.0 0.0 7.325142476821138e-06 1.8076120994072356e-07 6.375428853342808e-07 0.0 9.907320656093013e-08 7.777454962068589e-08 0.0 0.0 0.0 0.0 1.2540744962239543e-06 0.0 0.0 0.0 1.5080887130140843e-07 1.150871467088521e-05 8.832043414242098e-07 0.0 1.4103608819907767e-07 4.5694840787820214e-07 1.6879051611810148e-05 1.0952416574825358e-05 1.1444955929453454e-06 5.453632195348378e-07 0.0 2.585441087457766e-07 0.0 4.073555814678541e-08 2.1027412234691742e-07 9.522511177714889e-08 1.562212581624006e-07 5.115147634277868e-08 9.60758559837489e-08 0.0 5.022358735171864e-05 7.671814833780914e-05 4.054665999892455e-06 3.450055166701122e-06 5.526580896573106e-07 2.197853505571915e-07 4.4233730879343864e-08 0.0 0.0 2.465175019955491e-07 0.0 3.624292351741925e-07 7.341096409668868e-07 4.525612717708579e-07 0.0 5.816166208489486e-07 8.146658142383543e-08 8.312097461987957e-07 1.7405519794187048e-06 7.508437413014568e-06 3.4489792787722943e-07 1.2423529288747043e-06 0.0 0.0 3.3225279728702003e-07 0.0002272147759498272 5.489758482148414e-05 1.1710593718098726e-05 3.409722845072638e-06 0.00013641821890457553 0.0 0.0 2.9066084948355586e-07 0.0 0.0 2.791143043079418e-07 0.0 0.0 1.8372506594359672e-06 0.0 0.0 6.490926300389792e-08 4.430447021979801e-07 2.6353673920585973e-07 1.9820152567139962e-07 0.0 0.0 0.0 0.0 0.0 0.0 0.0 0.0 0.0 0.0 0.0 0.0 5.07486364603141e-08 0.0 0.0 0.0 0.0 5.619074456668586e-08 0.0 0.0 0.0 0.0 0.0 0.0 5.130564869258772e-08 0.0 1.847310686211392e-07 7.485902501666036e-08 5.782962401302878e-08 0.0 0.0 0.0 0.0 0.0 0.0 0.0 0.0 0.0 0.0 0.0 0.0 2.383941686846151e-07 1.6854920898972456e-07 0.0 0.0 0.0 0.0 0.0 0.0 0.0 0.0 0.0 0.0 0.0 0.0 0.0 0.0 0.0 0.0 0.0 6.657689854841725e-08 4.624285335295418e-08 0.0 0.0 0.0 6.028004021349264e-08 0.0 0.0 0.0 0.0 0.0 0.0 0.0 0.0 0.0 0.0 0.0 0.0 0.0 0.0 0.0 0.0 2.7243326450138087e-07 1.0526639420398094e-07 0.0 6.187497174804559e-06 3.9919302748324647e-07 1.8297551477700921e-06 3.711618573207056e-07 9.225930192631132e-05 5.67468551134902e-07 1.230017210595574e-07 0.0 6.447559327888966e-07 0.0 5.181870706353383e-08 0.0 2.788547722586534e-07 0.0 5.8444568214582555e-08 0.0 0.0 0.0 1.2959273282743812e-05 1.2281149980065056e-06
0.00019069929266421167 0.0016019395601072478 1.6310329202246394e-05 0.0001805786698554126 0.0016372181147664506 3.803654032462622e-05 0.0 2.191226920560464e-06 0.0010318145920205682 0.0004317968191933665 4.0525753119032214e-05 8.69610556244733e-05 0.0030918903575397135 0.0018758822651524284 4.344095050510288e-06 4.7172358529280126e-07 3.6807964320091767e-07 9.492354293974478e-08 0.0 0.0 3.5266845691652576e-08 0.0 1.1836541170886588e-07 0.0 1.068921416988233e-07 0.0 0.0 1.2509104990998932e-07 0.0 0.0 9.657940851742682e-05 1.6674305710515093e-05 1.3103190622905307e-05 0.0 0.0 9.176322791836956e-08 6.95535551135492e-06 5.139996109241938e-07 5.554402586823677e-07 1.354962754648791e-07 5.201367010387101e-08 6.828466041843784e-08 4.4168114090723474e-08 1.5364514145462093e-07 8.529340991616067e-08 3.995236763380938e-08 5.978797211842887e-05 1.5637007493682169e-06 0.0 2.069800782478275e-07 2.01309825208062e-07 5.8917159814267336e-08 0.0 0.0 6.366688622398824e-06 7.1386144363196575e-06 4.1017206243452035e-05 6.668302137855207e-05 1.8508431134064162e-05 3.46622804484454e-05 2.5450764829774554e-07 6.250697892582659e-06 0.0 3.102310092916032e-05 7.74550953495937e-06 5.6391029732788725e-06 9.867897070135782e-07 1.4706835341143488e-06 2.563289703131737e-07 2.5120584996804395e-07 2.2584911367905374e-05 5.979538030740997e-07 5.986478893463125e-08 0.00011009434231403853 3.213834048428865e-05 4.978712210427879e-05 6.083051638296867e-06 8.739706657514147e-07 1.0858421001089662e-07 1.840824725130621e-06 3.5411895417212566e-08 3.439313309700845e-06 1.8789838370313523e-05 8.456601945484139e-08 4.999409194601673e-06 3.8359672827899725e-06 5.746964162433251e-07 1.782560910477518e-07 0.0 0.0 1.6582564952016888e-07 0.0 2.9417713855796543e-07 7.77493665503404e-08 0.0 1.6714378305081668e-05 6.934202188395917e-06 0.0 8.996685628026259e-07 4.714629745923546e-05 4.4595722559083984e-07 2.152456220327889e-06 7.772384058831388e-06 1.7999129284602993e-06 1.371829482074509e-06 1.6922512368854614e-05 3.5286956516809617e-06 7.352321745922552e-06 2.5577647820900347e-05 5.517064842626813e-06 1.29299617919315e-06 1.712105817112716e-05 2.3901578185502477e-05 1.312019119178889e-05 9.096838295543847e-06 9.29566126032863e-08 0.0 0.0 0.0 0.0 0.0 0.0 0.0 0.0 0.0 0.0 0.0 0.0 0.0 0.0 0.0 0.0 0.0 0.0 1.8770806516928941e-06 2.2879935608230837e-07 0.0 0.0 0.0 4.066928129002643e-06 0.0 1.0208867414102212e-05 2.9095998496010044e-06 2.1720021038412198e-07 0.0 0.0 0.0 0.0 0.0 0.0 0.0 3.2777489767899533e-07 3.733586810935389e-07 0.0 0.0 0.0 0.0 0.0 1.1510692601255546e-07 8.724093814959669e-08 4.1952400536157065e-08 3.564488955424251e-07 0.0 1.015531589100496e-07 0.0 0.0 6.388455101392814e-06 1.5878644094227596e-07 0.0 5.164898989421635e-08 0.0 0.0 0.0 0.0 0.0 0.0 3.7590077305710847e-06 1.0005866812953848e-07 0.0 0.0 0.0 1.4637643012665255e-06 0.0 1.6074327954092382e-06 4.549741364734619e-07 2.148870632362173e-07 1.0516019165334814e-07 1.6950863141563944e-07 1.7002491906335776e-07 4.7734561072009625e-08 0.0 0.0 0.0 5.170783280380194e-07 0.0 0.0 0.0 8.323540657085668e-06 1.951083729962893e-06 2.8522981809398974e-06 0.00022765741090076326 5.847767306112786e-06 0.00012671009953774977 3.184678964017713e-05 0.00014157723623736167 1.1135673024121415e-05 1.4676342242425311e-06 1.347570749731977e-05 4.826977340541473e-06 1.273290596870682e-06 1.61592218723936e-06 7.819452681554413e-07 8.877767124169307e-06 5.498430196895811e-07 2.6621675136582075e-07 8.510915273812159e-08 3.292177266417482e-07 0.0 4.862908479534976e-05 1.5886103991300614e-05
2.8359335158176065e-05 0.00010624695469890157 0.0012774750192272204 3.8074062269811043e-08 1.1439443332548266e-05 1.4739090825097018e-07 2.191226920560464e-06 0.0 3.595480291223732e-05 4.069061600116425e-08 0.001287875358578961 2.3331556145734295e-06 6.0649928483056915e-06 0.00016893536515584387 1.193324841162733e-05 4.135304637059716e-06 1.818984108288114e-06 7.125504689815383e-06 4.891731789967622e-07 8.379366942897705e-06 2.2901634589721283e-05 2.2578788526933296e-07 3.415976599007986e-07 1.0352217654259984e-06 1.0613398158444853e-05 3.190066566427376e-06 4.088689686406956e-07 8.624629644454289e-07 4.036527810017323e-07 9.533610701081104e-08 0.00047509764941597527 0.0012869960890236935 4.233508635685307e-05 4.9287858007185485e-06 6.117045058191715e-06 3.114728383174221e-05 8.835471455148092e-06 1.9441714584045377e-05 2.375954379795487e-06 2.212176164465476e-06 1.1087307197283166e-05 4.76747006923434e-06 1.7851853721358695e-05 1.0776235811382998e-05 5.249784148681455e-07 3.441208531583287e-06 3.779962871128873e-05 1.0474439400862143e-06 1.5869642080325949e-06 4.318787730353054e-05 1.0403495260798901e-05 3.3678514871538587e-06 1.8384065422025038e-07 1.7750375120070093e-06 1.793241870655634e-06 1.8214466582398887e-06 2.0488168590493922e-05 8.35655925417664e-05 7.194998861470806e-06 1.577841534865119e-05 0.00011155547571657762 0.00013161156976876682 6.3785328890442255e-06 8.753410339741813e-05 1.6877489709463856e-06 9.534301531634157e-06 7.939451208268792e-06 4.579717873039716e-05 9.730130496092459e-05 3.593797955032978e-05 1.0523995121989947e-05 6.732091234819153e-07 0.0 4.417044953872131e-05 2.3859710281620784e-05 3.644064545417374e-05 0.0001068668642622016 6.336242118145063e-05 0.0008655675415845097 0.001268531939322578 0.00011472313580234042 0.0016340568412580496 4.951055177595462e-06 7.048563895166283e-08 2.1053931075377006e-06 1.193622732524869e-06 1.909631448875622e-05 8.618334835404526e-08 7.104659010832692e-07 2.6923075734285377e-07 3.732424932357118e-06 2.8399011097073934e-06 0.0001684573700440249 1.5537054062956064e-05 8.11011828736271e-06 1.543736781935089e-06 1.293206323470145e-06 0.0 2.40959600684008e-06 9.300603600669891e-06 1.6399437525053277e-07 0.0 8.42202733179216e-07 0.0 2.2615750359515722e-07 1.510055564023375e-07 0.0 3.0142282253136195e-07 6.02606989279652e-07 3.98781081503026e-07 0.0 9.158885887174476e-07 1.3702333170025033e-06 9.43119053589514e-07 1.1196854627508115e-06 6.522564618981086e-08 0.0 0.0 0.0 0.0 0.0 0.0 0.0 0.0 7.78791755438669e-08 0.0 0.0 9.345338246252975e-07 0.0 9.766671605143593e-08 6.814331262735574e-08 2.9045732902503726e-07 4.3647626730551945e-07 1.8800261024708145e-07 9.749095349090412e-08 1.335323331183921e-07 0.0 0.0 0.0 4.7230154650786106e-07 6.911111729062406e-08 1.975057431199241e-06 7.781864759303416e-07 9.634295584480563e-07 4.811219011962016e-07 8.287074896944472e-07 4.98490333292034e-08 0.0 0.0 0.0 1.9645074864486553e-07 0.0 4.906565771950344e-08 0.0 0.0 7.141928236188724e-07 5.909186963718199e-07 1.420514005807723e-06 0.0 0.0 0.0 0.0 0.0 0.0 0.0 1.7919957532361996e-07 7.426673995940982e-07 5.2614560175603374e-08 5.4397061458493426e-08 0.0 1.906989803300166e-07 8.138014125377696e-08 5.075758059843656e-08 1.6871452019595365e-07 0.0 3.8262118558108057e-07 7.73815003633257e-07 0.0 0.0 3.7278616370534053e-07 1.0258293693124638e-06 6.57033266272833e-07 0.0 4.400182385503693e-07 3.520071988704148e-08 0.0 1.3500147225832705e-07 0.0 0.0 0.0 0.0 0.0 4.927163070961365e-08 1.910968358221306e-07 1.558330144787345e-07 2.3381094243009745e-07 0.0 2.865786734500217e-07 1.0582081838741867e-06 7.434047125619378e-07 8.945338290262973e-05 1.5504281372481788e-05 7.088381011301827e-05 2.1663894172047047e-05 1.2110501889911827e-05 3.7913378746103194e-06 4.905046788906904e-07 8.027412542867781e-06 6.503700188888563e-07 1.8573691396646644e-07 2.750955503447304e-07 5.448971063204894e-07 7.771427155043039e-07 1.0137737321242731e-07 9.743831330474817e-08 0.0 5.749369329095319e-07 2.274789950448004e-07 5.23943197978035e-06 4.434498657053893e-07
6.994444713469835e-06 0.00046787408686106756 0.0004743364725092567 3.499633806769703e-07 0.00266539593961681 1.0308720882681521e-06 0.0010318145920205682 3.595480291223732e-05 0.0 5.303607301221023e-06 0.00047721446565875353 7.309580552392222e-06 0.0009543559459803516 0.002030588708904119 3.04927869293504e-06 6.221173342219953e-07 5.398903886775981e-08 0.0 0.0 0.0 6.08104282652133e-08 0.0 3.5450911162370484e-08 0.0 1.447800627703699e-07 9.913103606595237e-08 0.0 0.0 0.0 0.0 2.0778861831904158e-05 7.230422507224687e-06 5.5495175735820456e-06 0.0 1.2534457953694567e-07 1.1669353877148886e-07 1.7330375019492276e-06 3.414998825564016e-07 0.0 5.5654241712479405e-08 1.5947901999830862e-07 5.50179783346914e-08 0.0 0.0 0.0 0.0 1.6848960615892846e-05 1.9341212480355465e-07 1.0004001632930753e-07 1.365013969498039e-07 0.0 0.0 0.0 3.4254578151066e-08 1.0493176676115947e-06 6.972730494552657e-07 3.4390706974752996e-06 7.054216785472288e-06 2.226905639515767e-06 8.195184828190752e-06 2.78059884293787e-07 1.6684091000867484e-06 0.0 5.371241174779444e-06 1.0183389742488854e-06 7.807726671883789e-07 1.4657743128654704e-07 4.850711513395904e-07 8.198581078734419e-08 4.4033271127366774e-08 7.399312119005551e-06 2.6232626943226787e-07 0.0 1.4890448742860975e-05 6.932484679200202e-06 1.4591655553127688e-05 2.8700182902005305e-06 1.0239243736619402e-06 0.0 9.169512167797178e-06 3.0210647728106406e-08 9.439337865674208e-07 2.024907803174394e-06 0.0 7.707854594473131e-07 4.345999583419003e-07 2.4573940825307746e-07 0.0 3.7292121159721293e-08 0.0 0.0 1.3535065722795285e-07 3.7325006567489823e-07 8.010919773625007e-08 0.0 6.963652333180919e-06 1.970276006017017e-06 0.0 1.0655772810882396e-07 2.1686395937860815e-06 1.4895830730890363e-07 1.1560845219654322e-07 2.451679155074578e-07 1.1202974387941856e-06 1.12507514221014e-06 1.0007456264964313e-06 1.871803616811249e-06 5.105353703874831e-07 4.961405409591563e-06 3.1827833045137304e-06 1.496863588299512e-07 5.659131959241565e-06 1.0766720038387092e-05 4.681859406838722e-06 6.329016137387397e-06 3.86180780678284e-08 0.0 0.0 0.0 0.0 0.0 0.0 0.0 0.0 0.0 0.0 0.0 0.0 0.0 0.0 0.0 0.0 0.0 0.0 9.483917188663557e-08 5.390653795262168e-07 0.0 0.0 0.0 2.6564913209967843e-06 4.4609664308751555e-07 3.1684856766467774e-06 8.843151928020616e-07 0.0 0.0 0.0 0.0 0.0 0.0 0.0 0.0 4.766593976692462e-08 0.0 0.0 0.0 0.0 0.0 0.0 0.0 0.0 0.0 3.708520946479705e-08 3.9213699493527105e-08 2.515551737602127e-07 0.0 0.0 3.179060424358365e-06 8.009373885450623e-08 0.0 0.0 0.0 0.0 0.0 0.0 0.0 0.0 1.6093588722544945e-06 3.3703795084611136e-07 0.0 7.169483618527793e-08 0.0 1.3540173202467246e-06 0.0 7.519208938375449e-07 0.0 0.0 0.0 0.0 0.0 0.0 0.0 0.0 0.0 0.0 0.0 0.0 0.0 5.340839652665417e-06 5.494753779323439e-07 9.33745933977654e-07 7.326269704631637e-05 1.9835376838786207e-06 2.746556868867048e-05 8.197927624498399e-06 8.811818956223075e-06 2.4040372316075783e-06 3.6121383058972966e-07 5.133769766148216e-06 1.7353784268269113e-06 1.17786961309607e-07 4.0623414652375383e-07 2.658505474134926e-07 6.547461053828431e-07 0.0 7.815562411159972e-08 0.0 1.9108891963188552e-07 0.0 4.819510006546513e-06 4.9568216677104595e-06
0.0005030950106174225 0.0003548627524036279 1.928758857121798e-06 0.0007918165645500484 8.103659383456616e-06 0.000452667146551551 0.0004317968191933665 4.069061600116425e-08 5.303607301221023e-06 0.0 1.4277407504199068e-06 0.0011924472062230767 0.0037664200962663494 0.00034299776889664904 2.611108912901941e-07 1.0067805134716708e-07 7.270701117750256e-08 0.0 0.0 0.0 0.0 1.3389758845001022e-07 0.0 0.0 0.0 0.0 0.0 0.0 0.0 0.0 7.661307994090965e-06 5.724322998954607e-07 1.955775976204605e-05 1.9917675403541555e-07 0.0 0.0 9.624071495901794e-06 1.547420940516876e-06 3.3327128209435027e-07 0.0 0.0 0.0 0.0 0.0 0.0 0.0 8.014846798940332e-06 4.184341062718038e-07 0.0 3.945200491494321e-08 0.0 8.586483523368811e-07 0.0 0.0 1.712907939054188e-06 1.967969072830557e-06 2.6611948475616982e-05 2.5640399322150757e-05 4.861906199615294e-06 4.7919429895562235e-06 0.0 5.919482830162258e-06 0.0 3.3640459547006775e-06 1.5756679202382823e-06 1.3162474941903208e-06 2.2346818371422324e-07 1.9921770668557708e-07 3.261022843547227e-08 1.1792619370955888e-07 6.855885811745974e-05 1.1708204945717917e-05 7.741805266940651e-07 2.7472441250701488e-05 5.004431440537577e-06 5.790145555636585e-06 3.735647433267124e-07 0.0 0.0 1.5517597134945054e-06 0.0 3.804198791622304e-06 3.943995799382753e-06 0.0 8.764306210437563e-07 7.770041606905731e-07 0.0 2.3152392697324821e-07 1.489546152903217e-07 8.690622873536896e-07 5.1974806402450544e-08 5.6417871468098224e-08 4.503137546327681e-08 0.0 1.4116260180985912e-07 0.00011144807069499397 3.8108560974014435e-05 2.8646237850051867e-06 1.6983707200046475e-06 0.00042073682900028444 4.2671392894689416e-07 1.3955987089431503e-05 4.7670680556765366e-06 1.2396401731042866e-05 2.7594181454955247e-06 1.5245779287302935e-05 3.334468691435242e-05 9.546550661004787e-06 9.622506830325839e-05 2.9536748329361612e-05 8.739531430411994e-06 6.670468018413756e-05 0.0001245900535620684 4.965144559087903e-05 2.9151724542030206e-05 3.4015251392369837e-07 1.300922708412404e-07 0.0 0.0 0.0 0.0 0.0 0.0 0.0 0.0 0.0 0.0 3.6191688083185693e-08 0.0 0.0 0.0 0.0 0.0 0.0 2.2531915756375946e-06 5.287889812911571e-07 0.0 0.0 0.0 5.714466664513228e-06 8.86069651931282e-07 9.696590085224971e-06 1.1032932109450036e-06 0.0 0.0 0.0 0.0 0.0 5.448215306670636e-08 0.0 0.0 0.0 2.8279246707799385e-07 0.0 0.0 0.0 0.0 8.297316959737246e-08 0.0 0.0 0.0 3.7866435969320627e-07 6.811017370318143e-08 3.86471381212678e-06 0.0 0.0 6.247653848051578e-06 2.0802888586488993e-07 0.0 0.0 0.0 0.0 0.0 0.0 0.0 0.0 8.219509069569172e-06 2.055732915835751e-06 6.933874659742986e-08 0.0 0.0 3.4961005284602786e-06 0.0 4.688173875804807e-06 5.406210579951693e-07 0.0 7.639214680556761e-07 0.0 0.0 0.0 0.0 9.999888188772072e-08 0.0 0.0 0.0 0.0 0.0 3.805508752537638e-05 1.3287328962237056e-06 2.3819843683181408e-06 8.286282407304297e-05 6.63848957335429e-07 1.9129318348512146e-05 3.6648874413070667e-06 0.00041460175834060517 2.7868545304729234e-06 1.764246217654959e-07 4.146445053580717e-07 2.324123647394438e-05 4.4493216654451255e-08 3.462383487721894e-07 1.6747013144770824e-07 7.52664527990717e-05 7.413466088677671e-07 8.626155502518905e-08 0.0 2.2928778667308065e-07 9.950483889985609e-08 0.0004854205278975471 0.0001134130333144549
5.558379798140919e-05 0.0004207822903124684 0.0011433808813852326 5.448416268828005e-08 0.00031400836080823545 9.698126949934059e-07 4.0525753119032214e-05 0.001287875358578961 0.00047721446565875353 1.4277407504199068e-06 0.0 8.782303943960654e-05 0.00042131336065054516 0.0017456893662987567 1.6445757537297708e-05 5.8939038511455475e-06 1.186122289353422e-06 1.7184349536720488e-06 0.0 1.0368049010107614e-06 6.0125440191092445e-06 4.607163028957586e-07 5.991748200556549e-08 2.1886757158885416e-07 1.2299875141399344e-05 8.217168538022024e-06 3.0811876923479363e-07 2.5556210731442428e-06 3.952847729589011e-07 8.077493446201949e-08 0.00031585914169774234 0.00029856487008180654 0.00036586049113095386 1.0295045044289609e-06 2.969533511043418e-06 2.828377271272383e-05 0.00012955420089867404 7.985622484388083e-05 1.8925806933290613e-05 7.348235927449917e-06 2.296479865834805e-05 3.5606195249377425e-06 2.062279132510747e-06 4.5420501000620324e-07 1.5546369362978794e-07 4.6582550462831144e-07 5.0039833094699576e-05 7.90513722729055e-07 1.2933468184941776e-06 3.7430945553608954e-06 5.249315434197075e-06 7.226908621102392e-06 1.0630597078299886e-06 6.947529377276586e-07 1.7908146047668519e-06 1.8615342291146068e-06 2.006578866497872e-05 5.249289725914777e-05 6.872964689103902e-06 1.865749275178739e-05 3.176338976974641e-06 4.3456073280943764e-05 5.368645298996386e-07 3.288552614118718e-05 2.510635879313577e-06 3.0748632512958527e-06 2.871813447471917e-06 8.881517091247037e-06 1.1714854145582669e-05 1.018039319509924e-05 8.314383042284136e-05 1.3776965656483437e-06 1.2343829481995164e-07 4.7834553144982146e-05 2.0667660053435225e-05 4.141921734872477e-05 1.8264227562572298e-05 5.661039030619635e-06 1.7164117995446476e-05 0.0006505462780672037 1.0153828341351598e-06 9.97589675295587e-05 5.056083391979376e-06 1.01225762469065e-07 2.0216458733568996e-06 1.8056983976000919e-06 2.1254222852077156e-06 5.266516429779651e-08 4.175384496672704e-07 3.9251939154564125e-07 1.4649986154645132e-06 2.953893317142687e-06 5.189240111951798e-05 7.78420208140558e-06 7.086126079056762e-06 2.0433313305568933e-05 4.8218490771516555e-06 1.2782666710898729e-07 6.5788301327083305e-06 1.5474407683423636e-05 3.1012714801620974e-07 4.69771485831345e-08 8.062658902318459e-07 0.0 5.510626087821233e-07 1.313463969992821e-06 1.7393888183845605e-07 9.742200363913423e-07 4.007644226472369e-06 2.426738534994997e-06 1.0001827605802647e-06 3.905050738036271e-06 7.801347653740545e-06 6.0905964947661565e-06 7.4625647960782854e-06 1.0904347795175969e-07 0.0 0.0 0.0 0.0 0.0 0.0 0.0 0.0 0.0 3.2743413461030664e-07 0.0 4.017915739476037e-07 0.0 0.0 4.856554620333401e-08 3.467618584974382e-07 2.726733415628685e-07 6.987880793615316e-07 1.1514712538515672e-06 4.2633877424584633e-07 8.180365577924077e-08 1.578453430920266e-07 0.0 1.8747839318792345e-06 4.960195564519416e-07 7.64803523686832e-06 1.990268937782135e-06 8.994205232767121e-07 2.685175565286001e-07 1.968895756273433e-06 1.3812304917963014e-07 0.0 0.0 4.2515511044423266e-08 8.888979298723803e-08 7.148873098322207e-08 4.3708634610747376e-08 0.0 0.0 1.0808051191517186e-06 4.832853811163445e-07 2.838708200985481e-06 0.0 0.0 0.0 7.798083330886836e-08 4.8828172012150285e-08 2.745897206619121e-07 0.0 7.008587101375518e-07 6.884125122513473e-06 1.0340443023646352e-07 3.989200627002812e-08 0.0 0.0 0.0 7.222262627226681e-08 1.8777750618843734e-07 0.0 6.771726095465513e-07 4.056166850067551e-06 1.858603073753308e-07 0.0 1.329048684455863e-07 1.3142906681518079e-06 6.553693326627915e-07 0.0 2.1704087978525387e-06 3.145977495248353e-07 1.5622714820457878e-07 4.0616299666520847e-08 0.0 0.0 0.0 0.0 1.889435362218015e-07 8.166674369893483e-08 6.253964813401105e-08 1.7375942725934233e-07 2.2351067332825282e-07 3.685376782653877e-07 3.2519626299471097e-06 1.9613992926815493e-06 2.7153130270915994e-06 0.00018811189001422245 9.47146936457042e-06 8.527427525476716e-05 2.9034048932926515e-05 2.8656838623684945e-05 7.12190618804788e-06 5.14096152086899e-07 1.61608217063471e-05 2.719530009730205e-06 5.70067761964286e-07 1.177265837498624e-06 3.705815394277145e-07 2.517071665960979e-06 4.4637264874523014e-08 5.659903488660937e-08 0.0 1.6901639609560152e-06 0.0 1.018085419832189e-05 5.076513277614234e-06
