0.0 0.0020946156336552188 0.0003844468247961856 0.0006999156649070669 0.00019835296024277185 3.451228214859544e-05 0.0002944331279869247 6.815662856594911e-06 5.019118128673483e-05 0.00045491522269854755 5.5354069439954186e-05 4.558189390204104e-06 2.6370843806936535e-05 4.2708097798613234e-05 2.766405734921372e-07 2.918411447231706e-07 6.439153245117719e-08 1.6200887048132828e-07 4.263783176022175e-08 9.300000491142266e-08 0.0 2.1815320254052042e-07 0.0 0.0 5.4782007551689274e-08 4.545211335046102e-08 0.0 5.675376235674379e-08 0.0 1.1753864608495313e-07 0.00043914846901236843 2.592675509963812e-05 6.84079844248826e-06 0.0 1.3580295612497266e-07 4.804492853750775e-08 2.0296029098020965e-06 5.788417835621307e-07 1.1208998713154971e-06 2.150949990043278e-07 0.0 4.943450859876528e-08 7.2710843990982e-08 3.959220628751951e-08 0.0 0.0 2.0523769124830942e-05 9.274041818970683e-07 6.781694145268171e-08 5.827790920019674e-08 2.62201142963931e-06 1.0511595543593188e-06 4.3226527675023954e-07 0.0 4.442050284896865e-06 1.5590848138782643e-05 0.0001548579970465743 0.00047733685123143996 1.3794595682513284e-05 5.6385507547988135e-06 0.0 2.904811231111157e-07 2.0598136425795e-07 4.5676585785972e-05 6.341946331148979e-06 1.3231279784222071e-06 9.130628607265162e-06 2.3242165186786882e-06 1.468129559083591e-07 1.9246509283833425e-07 7.206774120012319e-06 8.754799815844407e-06 8.90008789889609e-07 6.130152719590424e-05 1.9666791263773392e-06 4.7231164084095175e-06 2.589998255739439e-07 1.2460034087152483e-07 3.99611745314352e-07 4.05819440457092e-06 0.0 3.287205771673915e-07 3.194654056806581e-06 3.0602591247157446e-07 2.0042943662871735e-06 2.1313578154590738e-05 1.0011898838411961e-06 7.657058277338717e-07 6.91623467075605e-06 7.640538470716211e-07 3.4021435146920256e-06 1.368345469269979e-06 5.376939020352473e-08 1.204100977483292e-06 3.7081482386757646e-07 3.4948759675455705e-05 1.341801569862058e-05 1.8677637136978231e-06 3.136479507380688e-06 0.0001262341052608396 0.0 0.0 0.0 0.0 0.0 6.237591164969985e-07 0.0 0.0 0.0 0.0 0.0 0.0 0.0 0.0 0.0 0.0 1.5000061176416614e-07 0.0 0.0 0.0 0.0 0.0 0.0 0.0 0.0 0.0 0.0 0.0 0.0 0.0 0.0 0.0 0.0 0.0 4.3229846064127165e-07 0.0 0.0 0.0 0.0 9.738823877710654e-07 0.0 0.0 8.751874195270837e-07 0.0 0.0 0.0 0.0 0.0 0.0 0.0 0.0 0.0 0.0 0.0 0.0 6.72755298080274e-08 5.142157349668896e-07 0.0 0.0 0.0 5.216903046875347e-08 0.0 0.0 0.0 0.0 0.0 0.0 0.0 0.0 0.0 1.1371563617279763e-07 0.0 0.0 1.1493911643166074e-07 0.0 0.0 0.0 0.0 0.0 0.0 6.326351137048797e-08 0.0 0.0 0.0 0.0 0.0 0.0 0.0 0.0 0.0 1.2402495920687026e-07 4.886519862431771e-08 2.519488591356434e-07 3.122387359497597e-07 6.420885920041892e-08 0.0 0.0 0.0 1.8827979307906196e-07 3.0025263219663538e-06 1.6719239911650392e-06 2.5421977763167217e-06 0.0001378353157208573 3.663693713737312e-06 0.00024097806927327587 1.2928672538540028e-05 8.638408085681103e-07 0.0 5.784117571436874e-07 0.0 4.133225651564332e-07 1.1406131557724627e-07 0.0 0.0 0.0 0.0 5.502320690181156e-05 0.0 6.072994960932659e-05 0.0
0.0020946156336552188 0.0 0.000554703400854471 0.00031290875706816725 0.000876552961979529 1.5030695845425102e-05 0.0004469270639033304 0.00017100344713767848 0.00027099910106590685 0.0003734810218539104 0.00020255167185472746 6.854852620342192e-06 4.1645603503842364e-05 0.00016214796119527235 2.1151838780680416e-06 2.446574944588821e-07 1.890256444983162e-07 4.991455594102323e-08 0.0 4.532922751987473e-08 1.5744201146664326e-07 1.2738257614559178e-07 0.0 7.431299794951591e-08 0.0 7.594555660196501e-08 0.0 4.628154877618202e-08 7.329939100370907e-08 0.0 0.0005409678335938595 2.5165093059200677e-06 6.164180777180258e-06 0.0 0.0 1.4086040123437688e-07 6.08876909000914e-07 5.2627403772930665e-08 1.831632865627093e-07 1.8250578679089922e-07 0.0 1.9141066036549612e-07 4.302803380999603e-08 0.0 1.056752894337736e-07 5.150772490787993e-08 0.00010459364678994375 2.2700828733056265e-06 2.5839551436326137e-07 1.5361480732522828e-07 2.935672333008201e-06 1.0421863869866856e-07 1.443851630645916e-07 5.442935472086436e-08 4.666436528302915e-06 1.873962685121161e-05 0.00017304821414463963 0.00015114616561795984 3.1852952538686205e-05 2.9146102560978477e-05 0.0 1.0273104638980587e-06 1.1801104023049169e-07 5.510086503112207e-05 9.411752317036872e-06 1.691976240560207e-06 1.307453843794402e-05 3.072441122559157e-06 2.334834341841304e-07 0.0 1.1810512553268655e-06 4.872977172454537e-08 8.422426689270884e-08 0.00018395762722365748 1.2083452734470516e-05 5.572188030318437e-05 2.7707719483898004e-06 3.4087239228271424e-07 1.3708171512316098e-07 2.1634125064482542e-06 0.0 1.1261634579375033e-07 6.33902350826968e-06 2.528323386157808e-07 2.9055736837245025e-06 3.109774107024836e-05 9.067080836284073e-07 1.4021262171604358e-07 1.0313886461865592e-05 3.843086489930074e-07 4.198761413225806e-06 2.2916219168575396e-06 1.0970752063437066e-07 9.501735982091802e-07 5.987258314159864e-07 4.074307320088086e-07 9.291071915779279e-08 0.0 2.1828432422812014e-07 0.00012315349818662943 2.0030471773034892e-07 0.0 0.0 0.0 0.0 0.0 0.0 0.0 0.0 0.0 0.0 0.0 0.0 2.8201091180373e-07 0.0 2.1867530315828645e-07 0.0 0.0 0.0 0.0 0.0 0.0 0.0 0.0 0.0 0.0 0.0 0.0 0.0 0.0 0.0 0.0 0.0 0.0 4.423299102065428e-07 0.0 0.0 0.0 0.0 0.0 0.0 5.919315846408121e-07 7.098422362020705e-07 0.0 0.0 0.0 0.0 0.0 0.0 0.0 0.0 0.0 6.318710888335968e-08 0.0 0.0 5.136208295580966e-08 1.3276114938934036e-06 0.0 4.40481471290863e-08 0.0 1.8898151029318657e-07 0.0 0.0 0.0 0.0 0.0 0.0 0.0 0.0 0.0 1.2847694165786803e-07 0.0 5.905064160587375e-08 5.126891280021951e-08 0.0 0.0 1.0729554285572716e-07 0.0 0.0 5.051375268912473e-08 0.0 0.0 0.0 0.0 0.0 0.0 5.692344875694819e-07 0.0 0.0 1.2572419084439483e-07 4.315310230454095e-08 5.039585184105413e-08 6.100743683909314e-08 2.667014570863195e-07 4.944754446677246e-08 0.0 0.0 0.0 2.040896753010154e-06 2.280673857100412e-06 0.00010253510835490917 4.286222459786256e-06 0.00047081953283850946 5.761490056490231e-05 8.888944654414459e-05 5.906505831403777e-05 8.032794952941557e-07 1.2994509258116239e-05 7.310978132087892e-07 2.0473183076022478e-07 1.2611438457045057e-06 2.155751064623303e-07 0.0 0.0 0.0 0.0 1.060941504624822e-05 1.669286227898166e-07 6.309327191468161e-05 0.0
0.0003844468247961856 0.000554703400854471 0.0 6.530992012687405e-06 0.0004270774006692685 3.919724348695698e-06 3.9957764937498824e-05 0.00018520104495939853 0.00035291854076064614 3.580768251669051e-05 0.0007220774806737953 2.5036598554496805e-05 0.00021453401303507232 0.0006254499148943984 1.3220540337659503e-06 3.82957168440977e-07 4.169484832876969e-07 7.992100154533323e-08 0.0 1.1465815393844324e-07 1.4733913052389537e-07 8.202163525828416e-08 9.248420719826597e-08 0.0 1.048503996832037e-07 0.0 0.0 3.020357391707736e-07 9.444286324499585e-07 0.0 0.0018302289673850648 0.00013609843087801808 0.00012100159634238292 1.0344527276552901e-07 7.760432109478194e-08 2.6358773897211117e-07 2.488956720271251e-05 1.0767039781832787e-06 4.0655626295393266e-06 5.555712239056859e-07 3.23139172476426e-07 1.5238706347278496e-07 4.695571448211692e-08 1.6027720871172342e-07 5.472529528306918e-08 7.99948745468993e-08 5.835688865970121e-05 1.714184023216031e-06 2.8737892409843474e-07 5.330006196096193e-08 2.2054235714550326e-06 4.940795269979231e-07 1.5052348417560738e-06 8.151300334188661e-07 2.778824006138306e-06 1.0637046707222657e-05 0.00010420314686665486 0.00016059949874930703 1.551076190680107e-05 1.8995328750156956e-05 2.092822920494917e-07 3.311909338080676e-06 1.1028157142892496e-06 0.00016543523717519958 5.1405527795198575e-06 1.4103531932286432e-06 7.9196202497996e-06 2.8214822541302595e-06 7.77952117054014e-08 2.0044276197715634e-07 2.7330971152798916e-05 2.365008773957532e-06 5.845680440761983e-08 0.00011745193624704964 1.8197002732104018e-05 3.859134779634484e-05 3.3630860009586266e-06 8.073845127886276e-07 1.0522920471265505e-06 0.0001548763061359076 1.369370858901732e-07 6.370817981090609e-06 3.7003106207247624e-06 4.1948766598196345e-08 2.0096785543414707e-06 1.9083662006807568e-05 8.922239394717792e-07 1.8860785857033593e-07 6.542925589152593e-06 1.8604485154404628e-07 2.6425890536481817e-06 1.4425335305171596e-06 5.92178248789578e-07 1.1987390137573544e-06 1.2510216861048865e-06 7.976148802391978e-06 5.142906914391453e-06 3.979821369576775e-08 7.5712655999173605e-06 6.340256863695664e-05 1.7528339799466121e-07 7.726600818119376e-07 0.0 0.0 5.448461033874935e-07 3.5047897151071563e-07 0.0 0.0 6.429300089602425e-07 3.6878237713160776e-06 1.9109448068179186e-06 2.7544563618882128e-06 1.300569591495163e-06 2.8458912626369417e-06 0.0 6.119723704259091e-07 1.018988488768338e-06 2.7314602213573973e-07 0.0 0.0 0.0 0.0 5.399845338712244e-07 0.0 0.0 5.058068833376123e-07 0.0 0.0 0.0 0.0 0.0 0.0 0.0 0.0 4.732633849861106e-06 8.217789920000062e-07 0.0 0.0 0.0 1.719277297309231e-06 0.0 3.926170014325674e-06 3.8432353355889044e-05 6.179536742986855e-07 0.0 0.0 0.0 9.289620536732549e-07 0.0 2.3167660923659412e-07 0.0 1.1823898526123944e-07 1.0144272251421914e-06 0.0 0.0 3.498569862711138e-07 4.301347872463645e-06 1.3452847459322865e-07 6.931598766061038e-08 0.0 0.0 7.143162718827692e-08 1.1871320507569934e-06 0.0 0.0 0.0 0.0 1.1119748011628506e-06 0.0 0.0 1.656398799537327e-07 0.0 0.0 1.646297319753858e-07 0.0 0.0 1.5138876939442011e-06 1.4838822055675172e-06 0.0 0.0 0.0 2.0383926455407308e-07 0.0 0.0 0.0 4.754231651929101e-07 5.038966361878836e-07 2.6008118296394116e-07 5.053244822327379e-07 8.096862012973273e-08 5.3931910806970017e-08 0.0 0.0 1.6889405156882154e-07 4.757700006693707e-07 0.0 0.0 1.5688518984449798e-06 2.9242143451467358e-05 4.93988399667821e-05 2.3390852084559504e-05 2.2933528456774894e-06 0.00021466566090653616 1.578975827297207e-05 2.9426236136690512e-05 1.4681187160529757e-05 9.006441021096222e-07 4.281330069390147e-06 1.3613168497036707e-05 2.767113667178633e-07 5.986812139727557e-06 2.858902460067384e-06 1.0929093424671e-06 1.2611713509698152e-06 0.0 0.0 2.483342251920743e-06 1.9988268670594054e-07 5.738829360427127e-05 1.8810844008544507e-07
0.0006999156649070669 0.00031290875706816725 6.530992012687405e-06 0.0 2.0670904816738594e-05 0.00023030830271307816 0.000534330174414322 8.758035504180168e-07 1.3744644021284966e-05 0.0011315824746773505 1.820629288979805e-06 2.9916811882253097e-05 0.00012057970452291772 2.3889664450143023e-05 8.626836868427355e-08 0.0 3.986903512965094e-07 4.6784666691511204e-08 0.0 2.2058385781858963e-07 0.0 0.0 0.0 0.0 0.0 1.169068388575375e-07 0.0 0.0 0.0 0.0 0.00010750231120907083 1.10306511601654e-06 0.0 0.0 0.0 0.0 1.0927207270061997e-06 1.4916661679042985e-07 1.5258018299024354e-07 0.0 5.340178704944079e-08 1.059103281223869e-07 0.0 8.806274042409663e-08 0.0 0.0 2.4680460915690418e-05 9.682150314381525e-07 1.5930557642852785e-07 0.0 1.8097859439133787e-06 0.0 0.0 0.0 1.7873011664034827e-06 8.662796763505382e-06 7.149148644445157e-05 7.129006473456754e-05 1.305954520822834e-05 6.807575952523823e-06 0.0 1.6895914304738452e-07 0.0 1.6330523997071805e-05 4.54939972382979e-06 1.059877641378939e-06 5.005956434250949e-06 1.2674151987965144e-06 1.079570518852748e-07 0.0 1.6820469923850836e-06 6.867801671965558e-07 0.0 6.308215284181606e-05 2.102664482920075e-06 1.016000473600995e-05 1.2883604074623178e-07 7.182686508773543e-08 1.1156252141479046e-07 5.374921905905956e-08 0.0 2.3582524301593427e-07 2.7640576046878067e-06 3.827384072462925e-07 1.2217120143507776e-06 1.3357057323165535e-05 6.098865483075758e-07 8.764434640223805e-08 3.58214632465193e-06 3.2800550038509635e-07 1.88865421703602e-06 6.304257583556335e-07 7.924065316627823e-08 2.819023427689402e-07 4.886555191992457e-07 4.699086699731107e-05 6.030772036943537e-06 4.2249646824893984e-07 8.107910731920486e-07 9.0831571274399e-06 0.0 0.0 0.0 0.0 0.0 2.428741377731892e-07 0.0 0.0 0.0 0.0 0.0 0.0 0.0 0.0 0.0 0.0 0.0 0.0 0.0 0.0 0.0 0.0 0.0 0.0 0.0 0.0 0.0 0.0 0.0 0.0 0.0 0.0 0.0 0.0 0.0 0.0 0.0 0.0 0.0 0.0 0.0 0.0 0.0 0.0 0.0 0.0 0.0 0.0 0.0 0.0 0.0 0.0 3.138043349112745e-07 0.0 0.0 0.0 0.0 0.0 5.0020905317550046e-08 0.0 0.0 0.0 0.0 0.0 0.0 0.0 0.0 0.0 0.0 0.0 0.0 0.0 0.0 0.0 0.0 0.0 0.0 0.0 0.0 0.0 0.0 0.0 0.0 0.0 0.0 0.0 0.0 0.0 0.0 0.0 5.002489607813543e-08 0.0 0.0 2.9628970057672487e-07 9.889744269616135e-08 0.0 0.0 0.0 3.5202810800677973e-07 7.735298179079962e-07 1.0133384457698773e-05 1.762552753651233e-06 0.0001386709432070032 1.1519255312773013e-05 5.287659314366515e-05 1.3941713277269665e-05 1.4277866689958072e-07 5.419701384189826e-07 7.148612534777967e-07 3.13248726702313e-07 6.293696264569373e-08 4.4334339692086035e-08 0.0 0.0 0.0 0.0 0.00010196260704367251 0.0 2.9350708389137966e-05 0.0
0.00019835296024277185 0.000876552961979529 0.0004270774006692685 2.0670904816738594e-05 0.0 6.0639289776249e-06 0.00011289770696533759 8.48313223825091e-05 0.0009901364895537961 0.0008222385647520172 0.00011594340697231457 5.509767745387916e-05 0.00028219111296558935 0.0009726128558136636 4.91043488136773e-06 7.27995512461771e-07 1.1925656077104898e-06 6.58766271820652e-08 0.0 0.0 6.927177021829585e-08 0.0 7.684978063828555e-08 0.0 5.613562914908593e-08 0.0 0.0 0.0 1.7252668416633087e-07 0.0 0.00031208932151274843 2.883697481018869e-06 2.1495007566662013e-06 6.005084736491758e-08 0.0 0.0 8.425886026673792e-07 5.8398233175204466e-08 6.04870906762125e-07 5.132750345464469e-07 0.0 0.0 0.0 0.0 0.0 0.0 8.268831698869655e-05 3.4781984403306125e-07 6.070821303237428e-08 0.0 1.0009164335039126e-06 0.0 5.2461928249422735e-08 0.0 9.509891468978935e-07 4.399682377454289e-06 5.3131328284326904e-05 4.424955932218554e-05 1.2270529213810892e-05 1.6218256683291344e-05 0.0 6.142558346154119e-08 7.46608276479068e-08 6.89216022024106e-05 2.006496086936853e-06 5.554749832228318e-07 4.108139221852929e-06 8.881958747547138e-07 0.0 0.0 7.273819295535523e-07 3.582196967542487e-07 0.0 8.061748130931184e-05 1.6149402837729666e-05 5.457850069020866e-05 6.353303328258907e-06 4.1758434601573057e-07 6.612425549488906e-07 8.099689626385953e-07 0.0 0.0 1.74440542885025e-06 4.78697790034035e-08 5.025713152333404e-07 9.238764071119758e-06 4.0957664675032513e-07 0.0 3.1690812467904387e-06 1.36985280220209e-07 1.3348975128931818e-06 8.101585815700017e-07 6.712502772921873e-08 4.4945157276052037e-07 2.1238148989922942e-07 9.047325776008883e-06 0.0 0.0 5.306878281853164e-08 1.0933533333105903e-05 0.0 0.0 0.0 0.0 0.0 1.0842422798418007e-06 0.0 0.0 0.0 0.0 0.0 0.0 0.0 0.0 4.337504870883287e-07 1.9573716969674477e-07 0.0 0.0 0.0 0.0 0.0 0.0 0.0 0.0 0.0 0.0 0.0 0.0 0.0 0.0 0.0 0.0 0.0 0.0 2.1357059597531693e-06 0.0 0.0 0.0 0.0 5.30235702294292e-07 0.0 0.0 2.5300021506964333e-06 0.0 0.0 0.0 0.0 0.0 0.0 0.0 0.0 0.0 0.0 0.0 0.0 0.0 5.415712843262706e-07 0.0 0.0 0.0 0.0 0.0 0.0 0.0 0.0 0.0 0.0 0.0 0.0 0.0 1.3974961949953039e-07 0.0 0.0 0.0 0.0 0.0 0.0 0.0 0.0 0.0 0.0 1.9986768551551298e-07 0.0 0.0 0.0 0.0 1.5024115797984455e-07 0.0 0.0 7.331516445024062e-08 0.0 0.0 0.0 5.6599116915844164e-08 8.076924857483328e-08 0.0 0.0 0.0 2.4554181370972905e-06 2.996470761276103e-06 0.00014575503341596681 1.913172344867769e-06 0.00026734679223836065 5.2396578804951e-05 2.7941946041171446e-05 4.768013078175671e-05 5.351401389607655e-07 1.8741933205626946e-05 4.53327059093444e-07 6.895493249840235e-08 8.419633156861117e-07 2.2417932501305752e-07 3.31101021925836e-07 0.0 0.0 0.0 8.967588275461873e-06 1.1630473343225382e-06 2.927127510200448e-05 3.1443671555040804e-07
3.451228214859544e-05 1.5030695845425102e-05 3.919724348695698e-06 0.00023030830271307816 6.0639289776249e-06 0.0 0.00013247912606132326 6.320463849576321e-06 1.2373656095095743e-05 0.000584906003925394 2.6779587624033712e-06 6.732768622806266e-05 0.00028786179921133116 2.5927815342528893e-05 8.662049665840505e-07 2.661674997939985e-07 0.0 0.0 0.0 0.0 0.0 2.960081517237829e-06 1.3550708492708853e-07 0.0 0.0 8.656164103227471e-08 0.0 4.992220636316977e-07 2.4001463249555624e-06 0.0 6.975484656633523e-05 2.984010187072106e-06 9.996321392329306e-07 0.0 0.0 5.609386720372487e-08 2.49931374237411e-05 5.9153436939578426e-06 3.271482496817954e-05 2.748327113167918e-06 1.573505291761906e-07 7.637989285686896e-08 0.0 0.0 0.0 0.0 6.726847254330876e-06 2.6748670281545426e-07 6.023064430851003e-08 0.0 1.3840817272770635e-06 2.1917566601528246e-05 1.0448449803590703e-05 8.874643031369512e-07 8.076778452523729e-07 2.9967084889882163e-06 3.656848501758703e-05 6.651517939602761e-05 3.66961846719155e-06 1.8429337701229998e-06 3.031667197958135e-07 5.361288672368743e-07 3.868324420566504e-07 7.829383092834603e-06 1.407028707001641e-06 5.782989152667413e-07 2.3136328088890023e-06 8.542319356932374e-07 1.1218785001465093e-07 0.0 0.00012616502564366256 0.00020595505361271796 4.349497410258088e-05 1.6503294945381406e-05 5.651521753293255e-07 2.5979709260228806e-06 1.2481309974032303e-07 2.918502591949132e-07 1.9069529456519804e-07 1.0099967040120245e-06 1.4182484274965782e-07 7.212326992846028e-07 3.62007876528827e-07 4.3934332301934877e-07 8.260736561716122e-07 6.324664423359017e-06 5.612713155736901e-07 5.058829593500044e-06 1.4700857739686603e-05 1.570126398011447e-05 8.548655163351199e-06 2.4286995501216408e-05 1.881988264196304e-07 1.2398026546288684e-07 5.398574593605243e-06 3.224046760889592e-05 0.00017312861829411237 6.418504861177995e-05 8.045191389195185e-05 2.6385026183928017e-05 0.0 0.0 0.0 0.0 0.0 0.0 9.20159887848347e-08 0.0 0.0 0.0 0.0 0.0 6.41461039121778e-07 0.0 0.0 0.0 0.0 0.0 0.0 0.0 0.0 0.0 0.0 0.0 0.0 0.0 0.0 0.0 0.0 9.526332477733097e-07 0.0 0.0 0.0 0.0 0.0 0.0 0.0 0.0 0.0 0.0 0.0 0.0 4.3649348527830877e-07 9.755279684186577e-08 0.0 0.0 0.0 0.0 0.0 0.0 0.0 0.0 0.0 0.0 0.0 0.0 9.697433281176995e-06 0.0 0.0 0.0 1.2976138853035533e-07 0.0 0.0 0.0 0.0 0.0 0.0 0.0 0.0 0.0 3.427240312057232e-07 8.516184129443122e-08 9.138305323113533e-08 0.0 0.0 0.0 0.0 0.0 0.0 1.755175626928334e-07 1.941013231754935e-07 0.0 0.0 0.0 0.0 0.0 0.0 0.0 0.0 0.0 5.3505116765872294e-08 0.0 0.0 1.0665422809208491e-07 4.3939376475337584e-07 0.0 0.0 0.0 1.1975587567188752e-06 4.0909291385049297e-07 5.484098461162373e-06 1.3563856823401354e-06 4.131742287242031e-05 1.8920360976141288e-06 0.00024963854341643267 3.326385454473253e-06 4.027678219070796e-07 1.3092188182414613e-06 2.498206877873669e-07 0.0 3.049122405566981e-07 1.6442660549859143e-07 0.0 0.0 0.0 0.0 8.32994415606489e-06 0.0 7.241177469559971e-05 0.0
0.0002944331279869247 0.0004469270639033304 3.9957764937498824e-05 0.000534330174414322 0.00011289770696533759 0.00013247912606132326 0.0 1.5275700512933473e-05 0.0009053809971021906 0.0019302663200839426 2.3473247796975143e-05 0.0005682385303195906 0.000866532163222467 0.0013794905418066624 4.217640457621768e-06 1.7513602193457294e-07 6.904210402753665e-07 2.176307042339823e-07 0.0 0.0 0.0 0.0 8.409710821996625e-08 0.0 0.0 0.0 6.739343990467411e-08 0.0 0.0 0.0 4.2222022484167526e-05 3.772598425596542e-06 1.6656863121385962e-07 5.521879005497058e-08 0.0 4.444686711744491e-08 1.0594108944139646e-05 1.2807165841748296e-06 1.0272716060055917e-06 0.0 0.0 0.0 7.365021261646702e-08 6.348246539798407e-07 0.0 0.0 6.437808139146765e-05 5.351712974136326e-07 2.9037829744208137e-07 0.0 7.052164683819432e-07 0.0 3.849371313573166e-07 0.0 1.7589801581854499e-06 5.718189575351029e-06 6.223345197081406e-05 2.666657426461389e-05 1.6464334925512925e-05 1.8129487053769087e-05 0.0 0.0 0.0 3.018842305694284e-05 2.102294435829758e-06 7.81308540926419e-07 4.4206390335451564e-06 8.157762776735673e-07 1.142370154016282e-07 0.0 1.0759527501043115e-05 1.4389992727114382e-06 9.506267321949987e-08 8.056153610834458e-05 9.241105581684983e-06 3.933382861365954e-05 5.213197637232539e-06 3.164386345863994e-07 0.0 2.9623081951701023e-07 0.0 1.672389402635625e-07 1.7577507125950051e-06 2.4770300894867116e-07 9.241410715331827e-07 9.216313696000792e-06 5.016393500930202e-07 9.917504795625602e-08 3.6402878150425677e-06 0.0 1.0867679827364075e-06 2.885444204094646e-07 2.3507120660683514e-07 4.3999812220693887e-07 2.569345260459673e-07 2.3326058308412477e-05 2.42536980931613e-07 0.0 1.0539557549832905e-07 2.5525678116285757e-06 0.0 1.488697190005991e-07 4.2838464820900655e-07 2.4268368184564626e-07 0.0 8.567784710055e-07 0.0 0.0 1.1455654815659604e-06 0.0 1.9596562247432016e-06 1.291025995070375e-06 3.854661869043067e-07 7.780102721005052e-07 0.0 1.630968082332178e-07 0.0 0.0 0.0 0.0 0.0 0.0 0.0 0.0 0.0 1.619428633937318e-07 0.0 0.0 0.0 0.0 0.0 0.0 0.0 0.0 1.4220712339400597e-07 0.0 0.0 0.0 7.011682186475475e-08 0.0 0.0 9.796953953046246e-07 3.4955135967516376e-06 2.9999483276224996e-07 0.0 0.0 0.0 0.0 0.0 0.0 0.0 0.0 1.6955093631032123e-07 0.0 0.0 0.0 1.5302691048740077e-06 0.0 0.0 0.0 4.559600732164916e-08 0.0 0.0 0.0 0.0 0.0 0.0 0.0 0.0 0.0 6.793323304851159e-08 0.0 0.0 6.209890754705136e-08 0.0 0.0 0.0 0.0 0.0 6.875599100229136e-08 0.0 0.0 0.0 0.0 1.1855770969065653e-07 1.0082321681786862e-06 0.0 0.0 0.0 0.0 0.0 4.671736942754935e-08 0.0 0.0 0.0 0.0 0.0 0.0 2.7702354685483493e-06 4.554872869313265e-06 0.0001353516907492139 2.1492892833494804e-06 0.0002541402028228272 4.504795897277707e-05 2.232500518557815e-05 4.023727764242468e-05 3.9218205893350036e-07 2.2623575534152962e-05 1.4822102294837472e-06 1.1599455006286128e-07 1.248598133733259e-06 9.384351019595832e-07 6.320226729958086e-08 3.962978232733956e-07 6.276045819519143e-08 0.0 6.186993897176282e-05 4.6333399068348494e-07 4.3220708979616094e-05 6.353734783582355e-08
6.815662856594911e-06 0.00017100344713767848 0.00018520104495939853 8.758035504180168e-07 8.48313223825091e-05 6.320463849576321e-06 1.5275700512933473e-05 0.0 8.534559724824724e-05 4.152117005352649e-05 0.0002881530619084867 4.8724496979516307e-05 0.00043999327794613276 0.0010595563261089054 1.1881011817627838e-05 4.794930196010653e-06 1.7139213590306193e-06 3.271018775062221e-07 1.4224458012719438e-07 1.440670245324702e-06 2.765325602967708e-06 2.00516652551017e-06 1.0065639331439473e-06 9.501277298960326e-07 1.8654648922477134e-06 9.865697555580855e-07 6.782256458694799e-08 3.398672024660123e-06 7.2870671362825315e-06 1.2291025607575914e-07 0.00016287758558545333 0.0006243674549816443 0.0007967276495782141 1.0008806923815897e-06 2.6806170390120248e-06 1.7395211919988274e-05 0.00015311178980781693 3.149905730501575e-05 4.1586075099292526e-05 1.0018501470875433e-05 4.87840611899285e-06 1.9366749651713244e-06 5.605252653100498e-07 1.9908443794124375e-06 0.0 4.0019751312996225e-07 4.8771395135485087e-05 3.1451714116813804e-07 6.525131337992648e-07 5.806337229264406e-07 3.6022248978068105e-07 1.7457634342727162e-06 1.139397426745225e-05 3.8661225935582e-06 4.7240294093445526e-07 1.168037422052236e-06 1.5800465455876923e-05 3.3405878065393876e-05 5.084558711388639e-06 7.345797328599543e-06 4.081202901199399e-06 0.0001613581485978744 1.1191532125173242e-05 0.00025879527378983876 8.946146316525378e-07 1.556313668571794e-07 8.468695974435158e-07 3.8877389852641474e-07 0.0 1.1029605331180475e-06 0.0002154837292264535 1.012602690096289e-05 2.4035914472970145e-07 3.4998660760845635e-05 2.801774392575888e-05 5.290205881123937e-05 7.511615061908605e-05 0.00013742495171045394 0.00020363082938072683 0.0012025830221730953 5.133111567101046e-06 0.00039808512128603466 2.626432003925886e-07 0.0 8.332371777810003e-07 2.4294316983881228e-06 2.1030765393551638e-07 0.0 8.609147995543447e-07 5.58787823180385e-08 4.596936124034953e-07 6.458320456647678e-07 5.399224204341643e-07 1.6376302478799833e-06 5.15502579070301e-06 1.6422623981424744e-05 2.0353340503273407e-05 3.925941338657415e-07 5.842996772187658e-05 3.2695593405057107e-06 6.288129084188447e-07 3.9394239591329056e-07 0.0 0.0 1.4083670268298866e-06 2.6583908748112106e-06 0.0 5.018922940249552e-07 4.565578521578775e-06 2.572793555062727e-06 2.6991783532005e-06 4.867712392766215e-06 2.2770930304019037e-06 1.5770891843633903e-06 0.0 1.3184330081314418e-06 2.425467289308181e-07 9.91598567075897e-07 0.0 0.0 0.0 0.0 1.912185457058304e-06 0.0 0.0 6.235019783358038e-07 0.0 3.814243001902656e-07 0.0 0.0 0.0 1.0107878873270125e-07 2.4265430836796565e-07 0.0 8.224224311615777e-06 3.914967852252454e-06 0.0 0.0 0.0 8.431005455740192e-06 1.090664417094189e-07 4.226818360723437e-06 6.804792421986672e-05 1.713499822805032e-06 1.639882414887977e-07 6.592039144415103e-08 0.0 9.533247730565771e-07 0.0 1.4634741495770757e-07 0.0 3.0627948993097207e-07 3.7769334551785187e-06 0.0 0.0 1.5995472566098093e-06 7.638350105010416e-06 9.023900436807191e-08 0.0 0.0 0.0 0.0 1.0501433578122054e-06 0.0 0.0 1.394748628008732e-07 0.0 1.535771591465147e-06 0.0 0.0 0.0 0.0 0.0 4.696770526102526e-08 0.0 0.0 1.6275893462699418e-06 6.623235978873006e-07 0.0 0.0 1.2885585905751885e-06 0.0 0.0 0.0 5.36450546586354e-07 2.942111187061882e-06 1.8198209634290233e-06 5.841229101087024e-08 2.047213382506439e-07 0.0 0.0 6.708019063230582e-08 0.0 0.0 6.939878553810895e-08 0.0 0.0 1.3325121108979498e-06 4.3541490736288555e-05 8.011357930894987e-05 0.00012411436250065377 2.527752957105654e-06 0.00010563380650870481 3.0423304676988286e-05 1.0635145412694588e-05 2.0254309696109943e-05 6.199590661750008e-07 1.543242013199413e-05 2.2122960440741124e-05 1.29645074275514e-06 1.1136987426835599e-05 4.575628459047662e-06 1.4194130821871836e-06 0.0 0.0 9.864374408041693e-07 5.333317482292962e-06 1.7402758933805484e-06 6.440969054132078e-05 1.5737572969633676e-06
5.019118128673483e-05 0.00027099910106590685 0.00035291854076064614 1.3744644021284966e-05 0.0009901364895537961 1.2373656095095743e-05 0.0009053809971021906 8.534559724824724e-05 0.0 0.0003898203406641891 0.0004930982677978807 0.00012490278560585197 0.00036189561893992426 0.00106708875626265 4.386479637388613e-06 6.96359342893585e-07 0.0 0.0 5.3722023621049553e-08 0.0 9.460582130609052e-08 0.0 1.3356401458079547e-07 0.0 0.0 0.0 1.0655839897086723e-07 0.0 0.0 0.0 0.00011301814760188416 1.724647487643606e-05 5.244756336103057e-07 0.0 6.693717990013483e-08 0.0 3.46547824472274e-06 2.1009313783725993e-07 0.0 0.0 0.0 5.594275009460583e-08 0.0 1.6455572486946634e-07 0.0 0.0 4.245878410851887e-05 1.7210204041917546e-07 1.0366153684466758e-07 0.0 2.782728408144394e-07 0.0 1.1721923911062018e-06 0.0 2.446186689364315e-07 1.941577829579862e-06 2.5478987678711802e-05 1.9940973732213603e-05 6.684691199396645e-06 8.10844988228828e-06 0.0 5.927246870353403e-08 0.0 4.3466164344110485e-05 1.3310888937654318e-06 2.525592836551254e-07 1.7889594453460544e-06 6.461574521904142e-07 0.0 0.0 5.453792098108137e-06 0.0 0.0 4.097898449727308e-05 1.2781379091357759e-05 2.7013439142297877e-05 6.0608081427313864e-06 2.7768391461009236e-07 5.017626474852428e-07 5.737219521826716e-07 8.089971823781822e-08 1.5474560297874627e-07 9.123974284509887e-07 5.9470378983410305e-08 4.5997794600269974e-07 4.030986772313328e-06 1.115489953722502e-07 1.3992136093334326e-07 1.280246437433282e-06 1.9004253006434903e-07 4.417468429751526e-07 4.4453724474191223e-07 0.0 1.528133210964691e-07 1.0204809962329672e-07 1.5937927241234742e-05 3.1200615275809985e-07 0.0 0.0 3.9324434298501514e-06 0.0 0.0 0.0 0.0 0.0 0.0 0.0 0.0 7.116431559337696e-07 0.0 0.0 2.3902004524649067e-06 0.0 5.901025492377815e-07 0.0 9.644383800136778e-07 0.0 7.841112063050822e-08 0.0 0.0 0.0 0.0 0.0 0.0 0.0 0.0 0.0 0.0 0.0 0.0 0.0 0.0 0.0 0.0 9.720992992940793e-07 0.0 0.0 0.0 0.0 7.101226900236031e-07 0.0 1.915638329706525e-07 3.5678823359128323e-06 0.0 0.0 0.0 0.0 0.0 0.0 0.0 0.0 2.5982551995063404e-07 0.0 0.0 0.0 0.0 1.0820145013289716e-07 0.0 0.0 0.0 0.0 0.0 1.572170444773984e-07 0.0 0.0 0.0 0.0 0.0 0.0 0.0 0.0 0.0 0.0 0.0 0.0 0.0 0.0 0.0 0.0 5.817126849352291e-08 0.0 0.0 0.0 0.0 0.0 0.0 0.0 0.0 0.0 0.0 0.0 0.0 0.0 0.0 0.0 0.0 0.0 5.277909706834048e-07 1.9032047752175925e-06 3.801186907259556e-06 0.00010121698347696325 1.918103523792024e-06 0.00012601682500365104 2.957004537242446e-05 1.2436412909351953e-05 2.0367954691658515e-05 6.565636771805316e-08 1.206685011147336e-05 1.3577086171620463e-06 5.071747107478923e-08 7.899600428224369e-07 0.0 0.0 0.0 0.0 0.0 6.3673285996882525e-06 0.0 2.052505402025937e-05 3.5382629015995436e-07
0.00045491522269854755 0.0003734810218539104 3.580768251669051e-05 0.0011315824746773505 0.0008222385647520172 0.000584906003925394 0.0019302663200839426 4.152117005352649e-05 0.0003898203406641891 0.0 4.63884854835338e-05 0.0012095620636281645 0.0023959448590552173 0.0004305673147202471 1.8305885950272403e-06 1.0575743389937102e-06 1.766358866414861e-07 0.0 7.695206988990629e-08 0.0 0.0 1.8709211128369326e-06 0.0 0.0 6.866160928323266e-08 0.0 5.409574933250898e-08 8.244471229664896e-07 9.768779326666369e-06 0.0 3.759334769321981e-05 1.720188349106854e-05 7.306260988335936e-07 0.0 0.0 8.678849935533116e-08 1.988585407302152e-05 9.28453271005067e-08 2.493881798834714e-05 2.938646360629057e-07 2.1161271125983349e-07 3.0726831994141795e-07 0.0 5.640727832617485e-08 0.0 1.495739240816935e-07 2.625504441107787e-05 1.958952879779684e-07 8.595180842166293e-08 1.6603467392153862e-07 3.171096002850051e-07 2.2104652616150577e-06 2.4713326461484726e-05 3.937397397265907e-06 1.8671958141312302e-07 1.417734895684565e-06 1.950536595532227e-05 1.3322421796438708e-05 5.917999908134027e-06 4.188979037063374e-06 4.7227809440573663e-07 2.464141782511144e-07 7.225722445491812e-07 1.846885024028303e-05 7.744643634010471e-07 2.6149245093614366e-07 1.367338206847374e-06 3.362304163329783e-07 0.0 0.0 0.00020605009300264716 2.7234881707285537e-06 3.5759718897009745e-07 2.192518137041392e-05 2.1672831372787277e-06 1.2487286237431112e-05 3.0979798400116653e-06 4.4283272754314886e-07 1.8522796181179933e-07 2.323365136381892e-07 0.0 6.681523280002225e-08 4.025020085815072e-07 4.731695924013492e-08 1.4131070515591037e-07 2.8797812107775065e-06 6.408683348740957e-08 0.0 7.70939190009196e-07 1.2822645877203216e-06 4.161117599840123e-07 3.7610059782363634e-07 0.0 4.6434555369397453e-07 2.8296766266555848e-06 0.0004418649408456397 1.5515743088151985e-05 1.4886265031388898e-06 2.142791766502481e-05 2.634973900946591e-05 0.0 0.0 0.0 0.0 1.8960262431692013e-06 2.6284595322690868e-06 0.0 1.266512292682287e-06 2.959846094733307e-06 1.8319293194852715e-06 2.0132043335150557e-06 8.089002425029754e-06 7.164757644588521e-06 2.520225147956712e-06 2.0285684380686166e-07 6.251904723764806e-07 2.1729574855351687e-07 0.0 1.5208788590894654e-07 0.0 0.0 0.0 0.0 0.0 0.0 2.4995677133604204e-07 0.0 2.1042667386129456e-07 0.0 0.0 0.0 8.890725750285726e-07 0.0 0.0 6.537927741867554e-06 1.8879349598973294e-06 0.0 0.0 0.0 3.5223655241482924e-06 0.0 1.3608415260716537e-06 1.4858976534206215e-05 2.838353414158649e-07 0.0 0.0 0.0 0.0 0.0 0.0 0.0 0.0 7.306064178636611e-07 0.0 1.6453074446543137e-07 2.314300791921817e-07 1.2065496869067585e-05 2.1705658962425285e-07 6.681520505429396e-08 1.2860120090200452e-07 0.0 0.0 3.591874862540764e-07 0.0 0.0 0.0 0.0 0.0 1.5024888978946068e-07 0.0 0.0 0.0 0.0 0.0 0.0 0.0 9.53153295207183e-07 0.0 0.0 0.0 7.523301762895061e-07 0.0 0.0 0.0 2.9543610787024135e-07 1.8243794571066296e-06 8.683817530725748e-07 0.0 0.0 0.0 0.0 0.0 0.0 6.079637970829654e-08 4.264313859318558e-07 0.0 0.0 2.501990211394373e-06 8.988939737081262e-06 3.086405221131628e-05 6.979819605290462e-05 2.104051773958749e-06 7.823098062485838e-05 2.017455538165158e-05 6.989036464319504e-05 1.2814199698320817e-05 6.792414169820935e-08 7.794474148140511e-06 5.3713145959097975e-06 0.0 4.093398471328232e-06 8.51427577825149e-07 1.5202081523509902e-07 0.0 0.0 4.63527350663922e-07 0.00022795621718721664 0.0 4.714735222045915e-05 2.2401178150793457e-06
5.5354069439954186e-05 0.00020255167185472746 0.0007220774806737953 1.820629288979805e-06 0.00011594340697231457 2.6779587624033712e-06 2.3473247796975143e-05 0.0002881530619084867 0.0004930982677978807 4.63884854835338e-05 0.0 5.43922483884785e-05 0.000597077578017764 0.002080097843705922 3.4014402067228123e-06 6.751905591492392e-07 4.376510601839125e-07 0.0 4.494774687735889e-08 7.621988324183375e-08 0.0 3.1861671587557745e-07 0.0 0.0 3.15346664455332e-07 2.1816544303098331e-07 0.0 6.768690184848524e-08 1.7500874904191552e-06 0.0 0.0003430804813446673 0.0001116575813828015 0.0007203151800548252 0.0 0.0 1.4825027110784922e-06 5.329918209305076e-05 5.387088671344538e-06 6.462594353141665e-06 1.395005123393888e-06 2.1172962713454983e-07 2.770607732984786e-07 0.0 7.234531714223162e-08 1.3885505560094203e-07 7.325244060715824e-08 2.020261832685082e-05 1.8213780444519535e-07 5.701896065200582e-08 0.0 4.3258839425330217e-07 1.2715670742017755e-07 2.364400310136183e-06 7.302147221688473e-07 6.250761830973755e-07 1.5539975407236645e-06 1.5968408508735814e-05 2.264366853277441e-05 3.534589283937065e-06 4.590411577299454e-06 1.8242601319778396e-07 8.465575403126069e-06 7.551157919181362e-07 4.464435362756447e-05 1.1336006957807373e-06 4.5638079094309426e-08 1.0321334853491597e-06 5.566039846525873e-07 4.942268891851472e-08 5.7594453299573506e-08 4.364517961192416e-05 4.021369672830018e-06 0.0 2.487369165190085e-05 7.32287735009288e-06 1.8732195934770134e-05 3.4418654091378498e-06 8.029914021487679e-07 4.5250624334064436e-07 0.00014424008830457184 7.009262296539982e-08 2.93593339256566e-06 1.0164523442313195e-06 0.0 2.780520403087257e-07 2.695138332386686e-06 9.596304059958844e-08 0.0 1.3296743333001388e-06 4.347601633892948e-08 3.5363750822468475e-07 1.4037392613173226e-07 4.902719205892553e-08 2.77758522873458e-07 7.493456052919008e-07 6.107530612748653e-06 2.943376993429248e-06 0.0 6.863889723121377e-06 6.912206582917546e-06 3.0892034684654895e-07 0.0 0.0 0.0 0.0 8.05657983978756e-07 0.0 9.881184619953612e-07 5.178626242444507e-07 0.0 5.788588888036201e-07 2.5794272072504278e-06 5.600554145229376e-07 1.9573390494938295e-07 0.0 7.567214557112983e-08 1.0449179076937308e-07 5.994687949673547e-08 7.743472995491132e-08 0.0 0.0 0.0 0.0 0.0 0.0 0.0 0.0 0.0 0.0 0.0 0.0 0.0 0.0 0.0 3.175409141052409e-06 2.1074740523172452e-06 0.0 0.0 0.0 2.6708795415650975e-06 1.1287384927370057e-07 1.6850370292911611e-06 2.1309012814654674e-05 9.82392816511604e-07 0.0 0.0 0.0 2.106606443393688e-07 0.0 0.0 0.0 4.151927752202427e-07 5.578720199267925e-07 0.0 0.0 3.1491102877548654e-07 2.5430157758781e-06 0.0 0.0 0.0 4.549936895002305e-08 2.751462116880012e-07 5.654133967368663e-07 0.0 0.0 0.0 0.0 0.0 0.0 6.746366896725838e-08 0.0 0.0 0.0 0.0 0.0 0.0 2.219651234099369e-07 0.0 0.0 0.0 1.0693410850189917e-07 9.571176048649312e-07 0.0 0.0 1.964945032232221e-07 5.27827151113092e-07 1.6548349578052712e-07 0.0 1.0025846037986185e-06 0.0 0.0 0.0 0.0 1.704152712379401e-07 5.445256402257704e-08 0.0 0.0 6.668793354892303e-07 8.796556461771364e-06 2.3246728637701276e-05 5.168619500912706e-05 1.353141707280193e-06 6.095804337336294e-05 1.317405081152837e-05 8.704367459873503e-06 1.2918546748874293e-05 9.476844456873044e-07 4.007527574074544e-06 7.534135230482215e-06 0.0 4.614477172302832e-06 9.433290137464597e-07 1.6531236012844844e-07 2.070207747310644e-07 0.0 5.684815979838186e-07 2.0080845761242054e-06 2.0557153534241384e-06 2.6287564934116635e-05 1.1654704335139367e-06
4.558189390204104e-06 6.854852620342192e-06 2.5036598554496805e-05 2.9916811882253097e-05 5.509767745387916e-05 6.732768622806266e-05 0.0005682385303195906 4.8724496979516307e-05 0.00012490278560585197 0.0012095620636281645 5.43922483884785e-05 0.0 0.0003360131739394603 0.0002380206029943978 4.629283485983473e-06 3.011103516177728e-06 6.536620797833711e-07 5.6940611339609355e-08 0.0 6.81765445884427e-08 9.603541995611504e-08 4.752422690560486e-06 0.0 0.0 3.5475284025897037e-07 6.266118397937802e-08 4.523818361192903e-07 3.290015877532047e-06 2.5550753887013208e-05 8.21898381868828e-07 1.8782397501773143e-05 7.563881962196893e-06 2.8674266599377295e-06 1.1939596825797297e-07 2.9429756653424305e-07 2.2383660515295966e-07 2.7452239060604423e-05 1.7787582474151184e-06 9.009336884376202e-05 1.814401935988573e-06 1.0694894553010108e-06 2.0431836114270835e-06 0.0 5.309716716099877e-07 0.0 2.633875581668034e-07 8.671999260883034e-06 1.494450960409656e-07 2.992610414862248e-07 1.818577575610114e-07 1.2412346579086775e-07 2.757383878419882e-06 5.867488730710916e-05 9.176677332386703e-06 0.0 1.5179589448873468e-07 3.692549872313982e-06 1.8586074013970509e-06 3.2107618046818537e-07 4.103829653600944e-07 3.2223579006053017e-07 5.562536162200581e-07 1.4328102180738196e-06 6.2330254389058675e-06 4.9839304901618905e-08 0.0 4.7217648030017094e-08 1.4691239659854225e-07 5.697911316189661e-08 1.5635441128778117e-07 3.785278301112066e-05 4.714739894426559e-06 1.4822637602421902e-06 3.7877520834253286e-06 1.681146167200478e-06 7.719499858502985e-06 1.0022335740928987e-06 1.8208983485555869e-06 7.558928434088499e-07 1.965683817739338e-06 1.4750575749512722e-07 7.899582670958265e-07 5.12118120914034e-08 0.0 1.0705742439127393e-07 1.1131398442936519e-07 0.0 6.246239970906066e-08 3.984245240980729e-07 2.0492895491113284e-07 4.1340686130325933e-07 7.488529706375766e-07 6.178428023684477e-08 8.183780223608347e-07 5.2812841700541285e-06 0.00035436790088945767 1.5275984971388453e-05 1.1621567704331112e-06 1.722586648703881e-05 1.3033869602601034e-05 1.1628845131403696e-06 3.518789839658094e-07 0.0 0.0 3.342714375109427e-06 4.57748303901787e-06 4.7161154952650475e-07 4.4375644757787957e-07 6.987055540476109e-06 4.7518064533109276e-06 3.3135233163437476e-06 1.085395376586859e-05 1.1296860639246301e-05 9.660616530957266e-06 0.0 7.983559973123487e-07 2.3060590158197122e-07 6.101905166338318e-07 1.2168383014540944e-07 0.0 0.0 0.0 9.43290345449803e-07 0.0 0.0 1.001773411189247e-06 0.0 6.937017691767152e-07 0.0 0.0 0.0 1.5902329138892865e-07 3.1049367761767995e-07 0.0 1.151286215593382e-05 1.8697946732627557e-06 0.0 0.0 0.0 9.039304985384015e-06 1.2658459512717292e-07 3.319985129987587e-06 2.7231647498721955e-05 1.6486531725484635e-06 0.0 0.0 0.0 1.1162086143280344e-07 1.2304229799668034e-07 0.0 8.734454224736915e-08 0.0 1.3915216055887729e-06 0.0 8.784170315483499e-07 7.971729055852962e-07 5.83171423073959e-06 1.2685324961532197e-06 4.660809750097623e-08 1.114912796331237e-07 5.346594904610613e-08 2.2513147517070703e-07 1.4139736708850183e-06 0.0 0.0 0.0 0.0 1.2010349172817057e-06 0.0 5.7163987573765706e-08 0.0 0.0 1.181477804280697e-07 4.912585586871665e-08 0.0 0.0 3.7047568228157003e-06 7.135488712812117e-07 0.0 0.0 1.0020842003403738e-06 1.6205650989679827e-06 0.0 0.0 1.6837884114024696e-07 2.0119319884043898e-06 8.604448331600315e-07 0.0 0.0 5.483364235203271e-08 9.268921113600778e-08 0.0 5.240498939068829e-07 7.242391616618265e-08 0.0 0.0 0.0 1.3006555847557034e-06 1.7293269295751065e-05 4.411752609030155e-05 7.838570994109463e-05 3.512957872543538e-06 2.375162139177757e-05 1.1898629670695906e-05 4.643694150665449e-05 7.213591092851101e-06 0.0 7.632852145597277e-06 8.18801529457988e-06 5.077689687563585e-07 7.698148151796329e-06 4.893676863795011e-06 1.3606837731091854e-06 2.76867945111167e-07 0.0 5.862995070014171e-07 1.2053945735096823e-05 8.66335098674008e-07 6.74312436490619e-05 2.57568612122533e-06
