0.0 0.0014001080014776923 0.00025886771890618054 0.0006130770294836894 1.717981304818286e-05 4.259904120752507e-05 6.587166012481947e-05 4.6622398959489084e-05 1.207622245955419e-05 0.0004886997780404056 0.0001064693506040414 5.915762164416333e-06 1.6837284569215077e-05 5.990209362248651e-05 1.2237977718635974e-06 1.4379550808482823e-06 1.0386456530619433e-07 4.5370629849872705e-08 0.0 0.0 2.7868699594441624e-07 3.2498893632130554e-07 1.53612305901376e-07 1.5450048688746027e-07 1.8155054639322396e-07 7.44657843325909e-08 1.377125114295162e-07 6.735852813652315e-08 0.0 7.4557512638154e-08 0.0006352857930701087 4.960338136196688e-06 1.811176171439373e-05 2.1151442946845995e-07 0.0 1.3072267036430492e-07 2.130807736533511e-06 5.939801384056843e-07 2.490016288572399e-06 1.6773260507556112e-07 5.58503330198802e-07 5.05795773004225e-07 0.0 4.6091578648740164e-07 1.1605975814970361e-07 0.0 7.2415333745193246e-06 2.0331561690745897e-06 0.0 0.0 6.059708555817475e-08 1.2070869092378717e-07 8.122720274647518e-08 1.3587469922524886e-07 3.2894439529215528e-06 5.970062481985165e-06 8.741605906579427e-05 0.00023011975080827524 5.406236051004862e-05 5.90224658095519e-06 9.993767477297684e-08 1.2620326958883847e-06 7.319270370817389e-08 1.528057583951724e-05 4.149432629311453e-06 1.8488603381938743e-06 5.903358190603364e-07 9.666355904440397e-08 5.191660474881652e-07 3.3033567437880527e-07 6.07456746197264e-06 4.656933040131113e-06 7.193874361868361e-07 5.9569776611069166e-05 5.791236763652383e-05 1.7203336328323865e-05 6.180901188462947e-06 2.544383690720869e-06 3.409271317512227e-06 6.106741848600493e-05 8.185120170183773e-08 3.3963159307665144e-06 9.862194833992384e-06 2.4139593991313383e-07 1.5009515970021216e-06 6.81070981663059e-06 4.832237068538005e-07 6.999584902053275e-07 6.709660789963724e-07 5.998798238393953e-07 0.0 1.594632355014401e-07 4.4694154136139204e-07 9.636256446639566e-07 1.0752728186351146e-07 4.067873567925252e-05 1.6216482338857547e-05 0.0 2.9264740409556528e-06 0.000542625080388547 4.0779117480765237e-07 3.7747805803755068e-06 5.206027577809491e-07 3.2103537627458968e-06 0.0 8.635490443597012e-07 1.243775428385286e-06 0.0 9.28285729756926e-06 7.526006704423965e-06 0.0 2.105943904557031e-06 4.387418194110603e-06 1.0122680946183168e-06 0.0 0.0 8.572938070292553e-08 0.0 0.0 0.0 0.0 0.0 0.0 0.0 0.0 0.0 0.0 0.0 0.0 0.0 0.0 0.0 0.0 0.0 0.0 0.0 0.0 0.0 0.0 1.6394582010495025e-07 0.0 0.0 5.817056257089052e-08 8.320064203267713e-08 0.0 0.0 0.0 0.0 0.0 0.0 0.0 0.0 0.0 0.0 0.0 0.0 0.0 0.0 0.0 0.0 4.4907832034239216e-08 1.1955358926772134e-07 0.0 1.3446093148012353e-06 0.0 8.248276896734319e-07 0.0 0.0 0.0 0.0 0.0 0.0 0.0 0.0 0.0 0.0 2.5167878929040047e-07 0.0 0.0 4.325904232265276e-08 0.0 0.0 0.0 0.0 0.0 0.0 0.0 0.0 0.0 5.07368887669204e-08 0.0 0.0 0.0 1.6206120536121383e-07 0.0 0.0 0.0 3.300937518468914e-06 1.7625047797064104e-07 6.12073832624166e-08 0.0001427100019700768 1.2470949370595911e-06 6.759915882007886e-05 9.403209691525336e-06 0.000402542440297195 2.6762359732590695e-06 5.859697595299231e-07 8.670014092573957e-07 3.166649316994321e-06 0.0 0.0 0.0 1.503103443331944e-05 0.0 0.0 0.0 2.4746677016353386e-07 0.0 0.00013526579334580786 3.6157294013425896e-07
0.0014001080014776923 0.0 0.0006663076654478573 0.0014073555956219904 0.0009371786555773181 7.667623530736154e-05 0.0009885155074307666 0.00018666466859230515 0.0008697330795986043 0.0015086860329863948 0.000503544075762138 5.0472480709856714e-05 0.0004655004365554852 0.0009843041970073567 4.6872343074535224e-06 3.9399533672526304e-06 2.942991164990795e-07 2.642685072837588e-07 1.387765613850125e-07 8.654073480294894e-08 4.683670520212058e-07 0.0 4.5378089017186254e-07 9.106876229208396e-07 3.1078800838538116e-07 2.829323217575757e-07 1.0665440262155071e-06 4.1004274707515866e-07 0.0 1.1066222638875456e-07 0.0014024478977812027 7.038284545371331e-05 2.1396484547232233e-05 4.412646683959357e-07 2.5762338438056295e-07 2.1717908326992444e-07 5.337637075949893e-06 2.0475864298566534e-06 2.72702520628255e-06 3.7308578892393833e-07 8.651813820986753e-07 9.1211138911571e-07 5.122837785621176e-08 3.464148533468565e-06 3.469130162583795e-07 5.6212789912219356e-08 6.228174567681348e-05 6.324572330508832e-06 1.8116729396585783e-07 7.59075006968454e-08 2.843721814855084e-07 1.2844601538310666e-07 0.0 0.0 7.138336030339867e-06 1.4229104820635857e-05 5.4760082043459785e-05 0.00018427067212950946 7.439459755326343e-05 3.342821348254328e-05 3.6042326742778477e-07 3.823847813416127e-06 3.86532435196533e-07 0.00011342648699628029 1.1076816432548805e-05 5.810219215984903e-06 2.0123169970529043e-06 1.2696937774361911e-06 2.571129571980485e-06 6.002787469217031e-07 4.052288318254621e-06 7.114369730997062e-07 1.2758769361977638e-07 0.00012492234285154495 0.0001433826803429963 8.804912922805951e-05 2.5605386256864827e-05 9.628838395161608e-06 3.7566674619553337e-06 7.322218314207369e-05 5.64946542895153e-07 6.424129765357632e-06 2.3438721919242835e-05 4.3938011809077013e-07 5.44342184622797e-06 1.8659770756154754e-05 3.432615752427328e-06 6.229790458280604e-07 2.369633970954997e-06 2.6963632480873825e-07 3.215336918249773e-07 9.255156468909368e-08 2.0895519282812433e-06 5.95926195326698e-07 3.324704839559847e-07 1.1127928313523798e-05 1.9432075642070972e-06 0.0 8.339631378038458e-07 0.0003493227302149028 1.6006645704512366e-07 4.9864950005900754e-06 3.1209210007200556e-07 3.1038022983247854e-06 1.4163034028871202e-07 4.715831609538081e-07 3.0701477645717816e-06 0.0 1.036879855793461e-05 1.3871053323547214e-05 1.2430560361806447e-07 4.883367250067108e-06 9.194027914156116e-06 2.508030034661546e-06 4.501719959308233e-07 0.0 0.0 0.0 0.0 0.0 0.0 0.0 0.0 0.0 0.0 0.0 0.0 0.0 0.0 0.0 2.1912779022716334e-07 0.0 0.0 0.0 8.557060406442359e-08 0.0 0.0 0.0 0.0 1.1774007282109983e-06 1.2968135111466548e-07 5.485501686869072e-07 5.059980778973162e-07 0.0 0.0 0.0 0.0 0.0 0.0 0.0 0.0 0.0 0.0 8.042627964010337e-08 0.0 0.0 0.0 0.0 0.0 0.0 5.228591951605523e-08 0.0 9.25714842622986e-08 1.4954641251059497e-06 0.0 0.0 3.7543064810493954e-07 0.0 0.0 4.280758166807302e-08 0.0 0.0 0.0 1.4823793175181559e-07 0.0 0.0 2.980503603759542e-06 3.9695870469539286e-07 0.0 0.0 0.0 0.0 0.0 8.546452367817449e-07 0.0 0.0 9.784110143275811e-08 1.681479237467318e-07 0.0 0.0 0.0 9.59413637619322e-08 0.0 6.241718923769844e-08 5.59796108888837e-08 0.0 0.0 5.991376018545945e-06 2.6563626427835397e-07 1.8458673961416663e-06 0.0001243914074817004 5.152990779792128e-06 0.00031306253547609377 5.4721202028929935e-05 0.000281899039737559 2.099748185912523e-05 1.7553511519038156e-06 8.070069620738386e-06 2.7082551205232176e-06 1.0119524181146881e-07 3.3003969996820496e-07 0.0 2.005160624972675e-05 0.0 0.0 0.0 3.7208890006887976e-06 3.430606730967801e-07 0.00010644481091015837 2.3469924843267455e-06
0.00025886771890618054 0.0006663076654478573 0.0 3.253657099739391e-05 0.0003373027851086814 4.750722832232631e-06 9.779069357136122e-05 0.0008194208623264491 0.0005129636841637698 6.580691241398279e-05 0.0010756442720540804 3.326150643745938e-05 0.00013087333316377821 0.0009462801425631768 5.854704097404739e-06 6.951512266271038e-06 1.0361081829653487e-07 3.389980628511824e-07 4.946182262903999e-08 3.1992592612402168e-06 1.1095974740560281e-05 2.089079537173379e-07 6.886503583249933e-06 7.976377432934612e-06 3.499475783779983e-06 1.6165811149240988e-06 4.0792050382477145e-06 2.741529853339805e-07 6.625930076247477e-07 3.119258550031455e-06 0.0018516222218316737 0.00024177183106343029 8.291772836185838e-05 4.5064103099737116e-06 1.714283931183876e-06 2.3971964500033366e-06 1.0333477594411255e-05 1.0829960914585843e-05 9.86613244952023e-06 1.9625975490177233e-06 9.332285579922186e-06 4.366621926094852e-06 1.1300157244728098e-06 1.3652129316272858e-06 9.344886010827945e-07 2.8031769855465546e-07 1.3628019399465335e-05 1.5764127760204106e-06 1.8342001404540693e-07 7.06620753768362e-07 2.8442140812346366e-06 0.0 5.870653924399427e-07 1.0880366858935261e-06 3.0098258035191363e-07 2.0702353953865315e-06 8.942873429297199e-06 4.80532851492554e-05 1.1598444234812855e-05 3.4182129465038443e-06 6.426340020419009e-07 1.531510428916771e-05 4.0081240106697953e-07 9.908116092235398e-05 1.3672182760608653e-06 3.0192199483469305e-06 1.4404894538660664e-06 2.918323484023893e-06 2.26490377977347e-05 1.1784686920041896e-05 1.4810001714089088e-05 8.223394506449438e-07 9.761436626650452e-08 1.2964469072295425e-05 2.1303044910297143e-05 1.397993040418111e-05 1.4737995727210787e-05 5.330097138915229e-06 9.221998210823243e-05 0.0007059000284746773 8.808429310645688e-07 0.00011354017748914027 3.759835233904999e-06 0.0 2.1484223621972266e-06 2.1760552887131164e-06 4.801403168098835e-06 3.2901239208030836e-07 1.2599471375163655e-06 0.0 5.630265231841615e-07 7.595943093558753e-07 1.7504096966128226e-05 9.695861991744062e-06 1.9111417432806217e-06 7.72161201596485e-06 1.24886141576596e-06 0.0 6.495972662240593e-07 5.299592966615537e-05 0.0 2.0463259147535465e-07 0.0 0.0 6.78260162746302e-07 9.908911706409018e-07 1.859137021605396e-07 0.0 1.0139266628830252e-06 2.2334451739711046e-06 1.0894219500423316e-06 1.5599829823583724e-06 2.070145857992376e-06 2.000498475847716e-06 6.812948166908846e-07 7.035842149955829e-08 0.0 0.0 0.0 0.0 0.0 0.0 0.0 0.0 0.0 2.761902228327055e-07 0.0 0.0 0.0 0.0 0.0 0.0 2.3017837684682913e-07 0.0 0.0 0.0 0.0 0.0 0.0 1.1863698523353025e-06 4.399892035443984e-07 6.073729019508408e-07 1.5427771066590141e-06 1.551977202785604e-07 0.0 0.0 0.0 0.0 5.6790880413282877e-08 0.0 0.0 0.0 1.8025403026608166e-07 0.0 0.0 1.1944111979717534e-07 2.9919793399598395e-07 1.36837081225633e-07 0.0 0.0 0.0 0.0 0.0 1.0981979678795293e-07 0.0 0.0 8.064449763825874e-07 2.086070819753552e-07 0.0 0.0 0.0 0.0 0.0 4.6074528605642106e-08 0.0 0.0 4.379648142912128e-06 1.7185818388708252e-07 0.0 0.0 0.0 0.0 2.4285444252508705e-07 4.2690693322533013e-07 0.0 1.0271950398494445e-07 0.0 1.3179446100312105e-07 0.0 0.0 0.0 1.0457117853675957e-07 0.0 1.7628478748219234e-07 1.484599588749886e-07 0.0 0.0 5.341972809077913e-06 2.2190209583324654e-06 2.8585669271286804e-06 2.8447734930077238e-05 2.4609696724431515e-06 3.9404049475213075e-05 1.6287989615499212e-05 2.8332353303309798e-05 3.1854649366587597e-06 1.8588580025937424e-07 2.288100535982929e-06 1.6058633132486145e-06 8.43685347450509e-08 1.1626503124446329e-06 0.0 2.7848839385270076e-06 0.0 0.0 0.0 2.112672974808363e-06 0.0 9.640971247715264e-06 8.682287666884053e-07
0.0006130770294836894 0.0014073555956219904 3.253657099739391e-05 0.0 3.776375539313253e-05 0.00020872786021160656 0.00039068346743281686 1.6118531482429041e-06 2.0566964561653964e-05 0.0012481739800783193 9.494690907388637e-06 5.548117508806803e-05 0.00019513258714062224 5.0123743111438135e-05 5.954642593769493e-07 1.0749484509792465e-07 1.8837699540729828e-07 0.0 0.0 0.0 6.080366756140422e-08 0.0 4.101720430675102e-08 0.0 4.7808312792140925e-08 0.0 1.8449226380904017e-07 0.0 0.0 0.0 6.047984319920889e-05 3.1920772361649435e-06 3.854098564926424e-06 0.0 0.0 0.0 8.337180295900868e-07 2.44215957033134e-07 1.3161286465298624e-06 0.0 1.977927754852457e-07 6.511312988958355e-08 0.0 5.094830769037209e-07 0.0 6.093890801191393e-08 7.0772725827076146e-06 1.3255847369612686e-06 0.0 5.556564140028951e-08 0.0 8.725172582891931e-08 0.0 0.0 8.030967321331068e-07 3.2413049131920856e-06 1.3654688759922102e-05 3.500827353402847e-05 1.7981286202195213e-05 5.304089989486321e-06 0.0 2.0074059040082587e-07 0.0 1.0438493274236947e-05 2.7619587570633074e-06 1.3741742345200569e-06 5.142370163563672e-07 3.093094653779027e-07 4.2216897051083657e-07 1.999171661510056e-07 3.7066610327175925e-06 3.099706977449675e-06 1.506839312971303e-07 2.5420638405519445e-05 2.996287581579843e-05 1.1589543983438522e-05 3.3126052735554353e-06 1.0537239282492328e-06 3.51328326993953e-07 1.810387716390972e-06 0.0 5.935428099351676e-07 4.448213428274052e-06 2.274141152002315e-07 1.0198774158841121e-06 4.299403402835669e-06 3.650878668293991e-07 2.504222935431484e-07 3.696396624853813e-07 2.4186779537537824e-07 5.937858440324279e-08 2.9799505516706534e-07 2.3757210679171187e-07 1.9846446703783688e-07 4.782245303102536e-07 1.7700876835746158e-05 5.202490117751617e-06 0.0 1.712922452922525e-06 0.0001634916237309834 5.880173676111396e-07 1.8114920162887678e-05 6.45551678232426e-06 5.849590766322017e-05 2.3602798142878072e-07 1.584896976943049e-05 4.0743959216578386e-05 5.379267131339254e-07 3.130534848049581e-05 2.0940748981480504e-05 2.4604536000390923e-07 7.78666713503105e-06 2.3876129443803647e-05 4.036206613697335e-06 0.0 0.0 0.0 0.0 0.0 0.0 0.0 0.0 0.0 0.0 0.0 0.0 0.0 0.0 0.0 0.0 0.0 0.0 0.0 8.763909024258593e-08 0.0 0.0 0.0 0.0 0.0 7.244793076145083e-07 0.0 5.1068252035133264e-08 1.4150829363557782e-07 0.0 0.0 0.0 0.0 0.0 0.0 0.0 0.0 0.0 0.0 0.0 0.0 7.542384089390873e-08 0.0 0.0 0.0 0.0 1.0905420212803346e-07 2.2465879037792448e-07 7.569302577417251e-07 9.958639676445187e-07 0.0 0.0 3.2495562560760196e-07 6.722153576236924e-08 0.0 4.709611757037837e-08 4.5681066692211575e-08 0.0 0.0 0.0 0.0 0.0 1.8887632103228358e-06 2.1927446852399368e-07 0.0 7.30105680877495e-08 0.0 0.0 3.9163140694922756e-07 0.0 9.041164835517674e-08 1.6129048380750347e-07 0.0 0.0 0.0 7.007416685402596e-08 0.0 0.0 0.0 6.506277114648728e-08 0.0 0.0 0.0 7.29057509794072e-06 4.572951644264731e-07 1.585240312494979e-07 0.00013894232061926787 1.6614031832479866e-06 5.4116695112964586e-05 9.306084317353506e-06 0.0002287724711027154 3.5888085532535532e-06 3.001892650243093e-07 1.1858359747486433e-06 3.783211577994889e-06 1.0887445073472943e-07 1.0195120693246124e-06 0.0 3.233797324319974e-05 0.0 0.0 0.0 4.264715701312235e-07 0.0 9.791615417192265e-05 7.839994301303353e-06
1.717981304818286e-05 0.0009371786555773181 0.0003373027851086814 3.776375539313253e-05 0.0 1.1677116842912539e-06 0.0009510582964560202 8.635398205823999e-05 0.0014745592429954552 0.00041094328795101865 0.0003608793170429662 1.6422662636063925e-05 0.00032009511452931664 0.000926819674743102 9.9504769607606e-07 7.809626630033714e-07 5.9798015060714e-08 4.691984988730932e-08 4.715408006483149e-08 3.312218738788368e-07 1.1138946398939301e-07 0.0 5.884523037997145e-08 2.604281577511534e-07 0.0 0.0 6.663942590545074e-08 0.0 0.0 0.0 7.606275469616071e-05 1.9017994964722842e-05 9.819005200065324e-07 1.0642373106410208e-07 1.5989096665231516e-07 0.0 4.1045440483002465e-07 1.8983946904617835e-07 2.580045063076813e-07 1.0775126228086247e-07 4.4373740994814105e-08 0.0 0.0 5.505095482824382e-07 4.4073485446664884e-08 0.0 1.3322297829409205e-05 8.537506924867921e-07 1.2409471631282205e-07 7.654807647455152e-08 0.0 0.0 0.0 0.0 6.936917828092755e-07 1.914195257589401e-06 4.283508010323679e-06 1.4956430234936728e-05 7.993761231582824e-06 5.308541409986019e-06 1.5349193062367244e-07 3.740943331054941e-07 0.0 2.2824599596534516e-05 1.6839885720729284e-06 9.529069327936595e-07 1.4816815283443823e-07 8.713566793546074e-08 4.94723341709051e-07 2.5333088953356284e-07 4.4709132479185383e-07 0.0 0.0 1.4588082767166832e-05 1.752022022953628e-05 1.582471104382589e-05 7.068062337506119e-06 1.6379041078451479e-06 5.511359636842064e-07 2.9890959595876695e-06 1.626064764926763e-07 1.14303958928225e-06 3.101077440864245e-06 0.0 6.095517351541225e-07 2.246938079082727e-06 3.643727315978428e-07 1.3781281811981982e-07 2.68070813895116e-07 0.0 1.3718018036855661e-07 0.0 1.5794725368431484e-07 1.667771059200227e-07 9.749593622815758e-08 1.0932002734231112e-06 1.6097041742623762e-07 0.0 0.0 7.22750415121017e-06 0.0 5.243202430960531e-07 0.0 2.572160359551206e-07 0.0 0.0 0.0 0.0 8.994200313591144e-07 1.4397113581234083e-06 0.0 8.430297494309803e-07 2.366357507246e-06 4.859093373343544e-07 1.983472532775142e-07 0.0 0.0 0.0 0.0 0.0 0.0 0.0 0.0 0.0 0.0 0.0 0.0 0.0 0.0 0.0 0.0 0.0 0.0 0.0 0.0 0.0 0.0 0.0 0.0 0.0 0.0 0.0 2.7447446533639373e-07 0.0 0.0 0.0 0.0 0.0 0.0 0.0 0.0 6.191738757277125e-08 0.0 0.0 0.0 0.0 0.0 0.0 0.0 0.0 0.0 0.0 0.0 0.0 0.0 0.0 0.0 0.0 0.0 0.0 0.0 0.0 0.0 0.0 0.0 0.0 1.4559843848248714e-06 4.768760323935125e-07 0.0 0.0 0.0 0.0 0.0 1.2990815877431127e-07 0.0 0.0 0.0 0.0 0.0 0.0 0.0 5.877912446113088e-08 0.0 6.601582163633447e-08 5.4299926909999404e-08 0.0 0.0 1.5181689186026223e-06 1.2049802512613195e-07 1.304676708299251e-07 1.0818756879592001e-05 1.0994135330520782e-06 5.2178945584309e-05 1.365461395882361e-05 1.4467315151197438e-05 3.955946468775039e-06 1.3481767307397196e-07 1.8365772712768192e-06 1.0033833528025016e-06 4.785084224888251e-08 0.0 0.0 2.5372742838875e-07 2.077798034935177e-07 0.0 0.0 1.2768718194023057e-06 0.0 6.313271387959298e-06 2.936172798989948e-07
4.259904120752507e-05 7.667623530736154e-05 4.750722832232631e-06 0.00020872786021160656 1.1677116842912539e-06 0.0 2.9142616067670384e-06 1.5711894700453173e-06 5.710522142753137e-07 0.0003142403302018638 4.400211336617221e-06 7.688679685549138e-05 3.417938645201057e-05 1.1215978006339652e-05 2.438175212675183e-07 3.145232344445141e-07 0.0 0.0 0.0 8.864836741288479e-08 0.0 1.2692856033915607e-06 0.0 0.0 4.8741443708783226e-08 0.0 0.0 0.0 6.733680831074596e-08 0.0 6.464974733419397e-06 3.476811280499716e-07 4.55685609749695e-06 0.0 0.0 0.0 7.702474231638185e-06 8.749056779440689e-07 2.2287628173130773e-05 9.784377361974185e-07 0.0 0.0 0.0 0.0 0.0 0.0 1.7384454391221613e-06 1.1882791430242526e-07 0.0 0.0 5.466177767703181e-08 6.1524913502631385e-06 5.552062944760704e-07 5.704484087570817e-08 1.761662728682212e-07 1.4230143215985348e-06 5.7732120831432515e-05 1.7402412832907352e-05 7.695033836085797e-06 4.883552804959196e-07 0.0 9.890447317229656e-07 0.0 1.617749120403972e-06 3.671575934500497e-07 1.7298370018432036e-07 0.0 0.0 6.090776807256489e-08 0.0 5.701886744376148e-05 9.189502802915053e-05 1.1933058493362185e-05 9.958041166971999e-06 6.36087192663465e-06 1.4827283329273625e-06 7.271524652041977e-07 3.0415121014005317e-07 1.6267797511441243e-07 1.619744376173807e-06 0.0 0.0 1.660625675507287e-06 1.8104018606572673e-06 2.5697527734489216e-07 3.9041955625754535e-06 0.0 7.994961681883107e-06 1.0125676252325442e-06 1.0886539365195595e-05 5.523388586227675e-07 4.499181276961025e-06 0.0 0.0 1.265601106597306e-06 0.0002534552261442157 0.00015144652200808415 2.7892277425860235e-06 3.536858959178405e-05 0.0001432305535716873 0.0 1.881016445612891e-06 0.0 2.248367141322637e-06 0.0 5.927795229815655e-07 2.4701530225961487e-06 7.351316477568603e-08 5.991520602589223e-06 6.0894399405017824e-06 0.0 1.9103225276749584e-06 3.569678284075209e-06 7.117158954535034e-07 0.0 0.0 8.23908264035321e-08 0.0 0.0 0.0 8.039509942664756e-08 0.0 0.0 0.0 0.0 0.0 0.0 0.0 0.0 0.0 0.0 3.635623319941497e-07 0.0 0.0 0.0 0.0 0.0 0.0 0.0 4.934523070092576e-07 7.557792962638347e-08 2.114584404052382e-07 9.791696455944414e-07 1.7396554666050304e-07 0.0 0.0 0.0 0.0 0.0 0.0 0.0 0.0 5.6527238055591795e-08 0.0 0.0 0.0 2.0613174677067432e-07 1.496795877049099e-07 0.0 0.0 5.2212153462108364e-08 5.5776573007049375e-08 0.0 3.8708832660994887e-07 0.0 0.0 0.0 0.0 0.0 0.0 0.0 0.0 1.5086079503697943e-07 9.755516332956309e-08 0.0 0.0 6.794281319794786e-07 1.5140691595209465e-06 0.0 8.396742075133539e-08 0.0 0.0 0.0 2.2926802093756127e-07 7.411179104378798e-08 0.0 1.2424391979614645e-07 0.0 5.0346032588197436e-08 0.0 0.0 0.0 0.0 4.821729634631786e-08 5.6137888128461765e-08 5.3882526067509043e-08 0.0 1.8641788041264869e-06 4.410979778954549e-07 9.131610088587534e-07 2.7892475896658364e-05 1.1873670069994654e-06 1.0901748801066379e-05 1.6720504770447611e-06 8.57624469769655e-05 1.1524478018555368e-06 1.279641518053316e-07 2.5164520068536026e-07 1.2396231196491058e-06 0.0 0.0 0.0 5.433810193031783e-06 0.0 0.0 6.909892935876308e-08 0.0 0.0 6.40081329960145e-05 2.604240087126747e-06
6.587166012481947e-05 0.0009885155074307666 9.779069357136122e-05 0.00039068346743281686 0.0009510582964560202 2.9142616067670384e-06 0.0 6.921639434896371e-06 0.0009504939768843096 0.001403190044413149 0.00015799609004201105 7.815161018042338e-05 0.0019307543628862534 0.0023519714245774843 1.5628072081225292e-06 1.7990402612755359e-06 1.1748169187271617e-07 0.0 0.0 9.737073208505322e-08 4.1984037401414626e-07 0.0 1.859554825188954e-07 2.190431018354623e-07 0.0 0.0 1.8454836563976085e-07 0.0 0.0 2.6699477433803633e-07 7.015354442009043e-05 2.1262568836943678e-05 1.2477713688745482e-06 4.3865650918715094e-08 5.9174898108289595e-08 0.0 8.674350244552691e-07 1.8475946237035843e-07 1.9099932707425292e-07 1.5825883833869646e-07 1.8384614228683278e-07 1.0706390007332989e-07 0.0 8.216134011304552e-07 0.0 5.4795773657642515e-08 2.019743617249816e-05 1.3832398392945224e-06 0.0 0.0 0.0 0.0 0.0 3.7866613291030545e-08 1.8101534258022899e-06 2.5148448968151047e-06 4.217917990708505e-06 1.923427459025679e-05 1.2737653112156247e-05 8.248882925383243e-06 8.866620481477008e-08 7.858414119128758e-07 0.0 2.5922076439623715e-05 2.3719803041683055e-06 1.554722302012204e-06 3.223808334962702e-07 1.737750299984613e-07 5.386054204359147e-07 2.762099168709126e-07 1.3389586924985673e-06 8.858012696638576e-08 0.0 2.0358638641272743e-05 2.453429320585188e-05 2.3261629261370854e-05 9.085262308222329e-06 4.2077074414076996e-06 6.508552360036185e-07 2.7922135923680306e-06 0.0 1.978315707268083e-06 5.661557399259404e-06 1.4489249460757627e-07 1.1968956069326882e-06 4.326170742139368e-06 5.318266438820155e-07 1.8984543766880063e-07 4.729113889126155e-07 0.0 0.0 0.0 7.58673796316882e-07 4.860468854911816e-07 7.124795569562982e-08 4.343241385443039e-06 1.9148578592760962e-07 0.0 0.0 9.24630059960069e-06 7.701767618407621e-07 3.3525062084998614e-06 2.8422242338745977e-05 4.857246166398391e-05 6.46663539191025e-07 2.041187337444261e-05 1.3075005917335006e-06 8.817994411001866e-07 5.8368424134550154e-05 1.6649361281757517e-05 0.0 4.247175469978531e-06 1.1919563510106648e-05 3.1197627939303583e-06 4.1985517072097094e-07 7.336187106622067e-08 1.473976245964403e-07 0.0 0.0 0.0 0.0 0.0 0.0 0.0 0.0 0.0 0.0 0.0 0.0 0.0 0.0 0.0 0.0 0.0 1.2033478047822578e-06 7.67599021664815e-08 0.0 0.0 0.0 8.697318285720805e-07 1.2657542005593437e-07 2.0090849315192026e-07 1.7080620810879367e-07 0.0 0.0 0.0 0.0 0.0 0.0 0.0 0.0 1.911350508140438e-07 1.8726825327552722e-07 1.1468789722362935e-07 0.0 0.0 9.265909655415055e-08 0.0 5.4122636264618616e-08 8.126125047633252e-08 9.03502585342381e-08 1.0615750834439067e-06 1.0811085085131798e-06 1.7443418824902782e-07 4.8500528029538415e-08 0.0 3.574696852601162e-07 5.045391967087595e-07 2.1911861578564275e-07 1.5828859284877288e-07 9.301951356298214e-08 0.0 0.0 5.163426030416795e-08 0.0 0.0 4.5194050042476235e-06 2.0643563101584287e-07 0.0 0.0 0.0 6.536294211901227e-08 0.0 1.0783074725796967e-07 2.0949720457612645e-06 1.1759242512651965e-06 8.687713233450719e-07 1.708354189184288e-07 1.519340677629245e-07 2.4480904158414536e-07 0.0 0.0 0.0 4.677344948181561e-08 0.0 0.0 0.0 6.436552414273902e-06 3.55624245140028e-07 1.390690343647709e-06 3.294052208847806e-05 7.84684953019412e-07 8.68861841574823e-05 2.017582054388996e-05 2.5052631805706965e-05 4.731707646314361e-06 2.569853055974761e-07 3.387065596719149e-06 1.7848790395814694e-06 1.0848362274788118e-07 2.1988445933954194e-06 5.034813529931153e-07 5.484703055359375e-06 6.447832941878722e-08 0.0 0.0 7.718913473605666e-07 3.066637062630441e-07 1.3613536790399302e-05 1.7005203115814152e-06
4.6622398959489084e-05 0.00018666466859230515 0.0008194208623264491 1.6118531482429041e-06 8.635398205823999e-05 1.5711894700453173e-06 6.921639434896371e-06 0.0 0.0002868461527189607 6.664839660026521e-06 0.0009862433692591076 3.723110685541675e-06 2.4407309788957384e-05 0.0005122889789239341 5.725241648142559e-06 7.154511186934489e-06 6.30632773323972e-07 7.834717801288051e-07 4.29616188496911e-07 5.990435948400708e-06 2.688617829740827e-05 1.5703902022047336e-07 1.574259596214913e-05 2.6156800107858282e-05 6.789395462505443e-06 2.6369824808275523e-06 1.0698046634087694e-05 6.839792429756463e-07 1.035172196614537e-06 7.788627106655953e-06 0.00044990478121958825 0.0005463218009138769 7.135571803329002e-05 1.1020209955188161e-05 6.051962749631271e-06 6.1253080922040805e-06 6.374563036735295e-06 1.60775396709466e-05 5.453960113990326e-06 4.625964857765174e-06 1.8509231916354653e-05 1.1270561177015105e-05 1.354864532113852e-06 2.3445246803800293e-06 1.7361460091335889e-06 3.4203164147711404e-07 3.396893897626071e-05 1.6186695488673407e-06 2.73428820647688e-07 1.5134929578754903e-06 3.55172937527054e-06 7.565395989061257e-07 6.512435831054902e-08 2.156329981689582e-06 3.0007143909756384e-07 1.6785767107847929e-06 5.201330589971218e-06 2.4503218659569982e-05 8.92319959258211e-06 7.315766297994021e-06 3.343304892067837e-06 4.524603966941625e-05 8.721352060302086e-07 9.207211959156682e-05 2.7720786574046116e-06 4.142699402772303e-06 2.9327943652700382e-06 5.646605286738961e-06 3.0062026977540435e-05 2.171157804691887e-05 3.229447918132707e-06 0.0 2.3687422901490354e-07 1.3831707273163532e-05 2.446179961633559e-05 2.4707597479871208e-05 2.8815954430900305e-05 2.24598415343654e-05 0.0006067966057981656 0.001225396796548942 1.048285623788079e-05 0.0006261415531263528 3.014546730286469e-06 9.484055160178268e-08 3.3001294104618957e-06 3.507432513518125e-06 4.673989619716701e-06 1.1027404843813133e-07 8.760063974737726e-07 0.0 1.200133057114464e-06 8.842566006004856e-07 3.602085183995413e-05 2.2462938983697246e-05 3.903796023299312e-06 3.861078510643605e-06 0.0 0.0 1.343336226121997e-07 1.8547354185647998e-05 0.0 0.0 0.0 0.0 0.0 0.0 0.0 0.0 8.528097685304909e-07 6.002283398496782e-07 0.0 0.0 1.3600804276533008e-07 2.0279441680412645e-07 9.810778045809912e-08 0.0 7.022274608869552e-08 0.0 0.0 0.0 0.0 0.0 0.0 0.0 0.0 2.2030720938889258e-07 0.0 0.0 0.0 0.0 6.506762014894153e-08 0.0 5.573995417821628e-07 0.0 0.0 0.0 0.0 0.0 0.0 5.309521480374094e-07 0.0 6.357858734761563e-07 4.893733615859568e-07 0.0 2.604500306185363e-07 6.005499205373588e-08 0.0 0.0 0.0 0.0 0.0 0.0 1.1739006022500931e-07 0.0 0.0 1.1175395271041833e-07 5.689880374265749e-07 1.1186731626613452e-07 0.0 0.0 3.9805034241402175e-08 0.0 0.0 0.0 0.0 0.0 2.238031790619794e-07 0.0 0.0 0.0 0.0 0.0 5.367012445585235e-08 0.0 0.0 0.0 1.1589998190787183e-06 0.0 5.015186709208296e-08 0.0 0.0 4.95456394890706e-07 0.0 1.4794087396774332e-07 0.0 0.0 0.0 8.828158306777396e-08 0.0 0.0 0.0 0.0 0.0 2.2779177758157895e-07 1.0267418353260424e-07 6.148761452468329e-08 0.0 5.635790960111797e-07 8.377808291239863e-07 7.559692007594537e-07 3.921731495856483e-05 2.4443684520456777e-06 9.351218461675879e-05 3.3601623993615126e-05 2.0520083193675663e-05 7.134944253808388e-06 1.2684796299122005e-07 6.622140862748228e-06 1.3043000648528048e-06 1.806955472437016e-07 5.892098194738171e-08 5.618016385833074e-08 0.0 0.0 5.584080617992545e-08 0.0 6.276880204487292e-06 0.0 4.397385874437986e-06 6.077910841110024e-08
1.207622245955419e-05 0.0008697330795986043 0.0005129636841637698 2.0566964561653964e-05 0.0014745592429954552 5.710522142753137e-07 0.0009504939768843096 0.0002868461527189607 0.0 7.793825892546628e-05 0.0007011470508925502 2.5392872276422852e-05 0.0003199239987945603 0.000671290178386415 1.0862099853153146e-06 5.963950785598635e-07 4.9032085827648144e-08 0.0 0.0 0.0 2.513522468327671e-07 0.0 0.0 4.97740879158259e-08 0.0 0.0 1.583648397876963e-07 0.0 0.0 0.0 1.433934833324624e-05 6.1642773340174715e-06 1.4166870056992154e-06 5.414289011290965e-08 0.0 0.0 2.3345575477804977e-07 0.0 6.500432939016366e-08 0.0 0.0 0.0 0.0 1.7225438443977293e-07 0.0 0.0 3.935153213262474e-06 2.757377593528674e-07 0.0 0.0 0.0 0.0 0.0 0.0 1.1012000803458471e-07 3.6967952176884447e-07 5.502756765444659e-07 2.4455802153425484e-06 1.2319197704262515e-06 1.3222361906559874e-06 0.0 1.7826860943311778e-07 0.0 4.417991231105449e-06 4.447208230870768e-07 2.1926855225771016e-07 4.678235811423156e-08 4.638028156936445e-08 3.377826185009538e-07 1.8527914736179443e-07 8.058741513303839e-07 0.0 0.0 3.482326799283838e-06 2.8256597156733577e-06 4.552638186268264e-06 3.4078864359674358e-06 1.3514018248255405e-06 3.0111681394975424e-07 3.0502945268481155e-06 0.0 1.490758248772314e-06 6.835639605511711e-07 4.1500924520847816e-08 8.618906130269556e-08 5.430674370531011e-07 9.321903551529607e-08 0.0 8.764924737231151e-08 0.0 6.23659243272e-08 0.0 2.75510424102423e-07 2.388115867288566e-07 0.0 3.125931204314034e-06 1.8687400601701478e-07 0.0 2.4976889851725964e-07 1.3712965932081007e-06 0.0 3.723678022856233e-07 1.9233565012851963e-07 2.2233215120282286e-07 0.0 2.505144326446005e-07 2.1416467109140122e-07 0.0 7.094175166191172e-08 3.308708504026666e-06 2.5266736556982317e-07 3.0725750406848623e-06 4.0145464902559845e-06 8.623438417148225e-07 1.0068670066537405e-06 0.0 0.0 0.0 0.0 0.0 0.0 0.0 0.0 0.0 0.0 0.0 0.0 0.0 0.0 0.0 0.0 0.0 0.0 0.0 3.36688938885112e-07 0.0 0.0 0.0 0.0 7.377505158506333e-07 0.0 0.0 1.3923987873662324e-07 0.0 0.0 0.0 0.0 0.0 0.0 0.0 0.0 0.0 0.0 0.0 0.0 0.0 0.0 0.0 0.0 0.0 0.0 0.0 0.0 6.49689969163006e-08 0.0 0.0 8.843383852290886e-07 0.0 0.0 0.0 0.0 0.0 0.0 0.0 0.0 0.0 2.2164409466968974e-06 5.213341758338695e-08 0.0 0.0 0.0 0.0 0.0 0.0 0.0 0.0 0.0 0.0 0.0 0.0 0.0 0.0 0.0 0.0 0.0 0.0 0.0 3.657663852458276e-06 9.02708742423978e-08 3.7536288289290033e-07 5.968776106878105e-06 5.182861750503061e-07 1.387984480664141e-05 4.864154620340433e-06 2.5933083574509594e-06 1.4686321096142002e-06 0.0 4.679222406216526e-07 2.2846233743177002e-07 0.0 0.0 0.0 1.4208964472832486e-06 5.47397990930992e-07 0.0 0.0 9.125922095941199e-07 0.0 2.52944369667915e-06 7.941251593431111e-08
0.0004886997780404056 0.0015086860329863948 6.580691241398279e-05 0.0012481739800783193 0.00041094328795101865 0.0003142403302018638 0.001403190044413149 6.664839660026521e-06 7.793825892546628e-05 0.0 7.260785975491477e-05 0.0009923528684434165 0.004149247307042606 0.00032924240083872716 1.3442210281105238e-05 7.814171901284402e-06 1.5674722223474433e-07 1.3625409339318713e-07 0.0 1.2751114059764153e-07 9.402402751467415e-07 0.0 6.511835021930214e-07 1.1105114457746007e-06 1.2745954141205695e-07 5.481942664054433e-08 4.751044147111206e-07 0.0 3.2595985240491275e-07 1.0831296122047355e-07 0.0001095287649043376 6.583560742105036e-05 2.963451408413216e-05 5.708366108721692e-07 1.8931241792061539e-07 1.694604137928395e-06 5.101465011487721e-05 3.2865346481068592e-06 8.573005299858975e-06 4.899633772500329e-07 7.995239839028877e-07 7.415477318148958e-07 0.0 3.127705359265152e-06 5.811162141564306e-08 5.062039188569813e-08 8.26293228051014e-05 3.836294107260481e-06 0.0 1.3980170655337596e-07 0.0 1.420057916215982e-07 8.721266316728787e-07 2.0778925179896427e-07 3.2398216983882228e-06 5.722903357668371e-06 1.9535338866634272e-05 4.0437714824177904e-05 3.340548914805e-05 2.3036610186888648e-05 5.527831142396476e-07 2.1114567974693913e-06 2.107373244688277e-07 6.112054406023581e-05 5.9162637018952596e-06 2.858325644955064e-06 8.454960592083356e-07 6.498392048656158e-07 1.7798219206805224e-06 1.5353593250175729e-06 0.00014397828520733476 6.563939981829766e-06 9.392876515624261e-07 6.303422730102374e-05 6.618097192206817e-05 7.900805293516557e-05 4.079667586363886e-05 1.4937615179109784e-05 3.582478688003276e-06 1.1222252434281967e-05 9.743422220065954e-07 6.4936818831301515e-06 1.276265644961114e-05 3.3655094771311034e-07 2.6812864348501684e-06 8.763987051313033e-06 1.9203129306533772e-06 9.897597179403268e-07 1.5701951104041633e-06 6.899576038769185e-07 3.941751155049597e-07 1.4087889794990907e-07 1.353564302714066e-06 1.879565035271139e-06 2.156883734547929e-07 0.00014748032600467295 1.4494842877719052e-05 7.549458638984839e-08 4.865071359695623e-06 0.00012516988705673358 2.2316928435584413e-06 4.739597887126908e-05 1.411130033985226e-05 5.588281807412103e-05 2.4080780021695086e-06 3.5893942293826256e-05 5.407316658048389e-05 5.422945511688931e-06 8.714790717206742e-05 0.0002394346434553818 1.6363932690314564e-06 8.193895515040652e-05 0.00020103427075803085 6.887155217089135e-05 9.577854956367909e-06 7.054400538900375e-07 7.616984139540591e-07 0.0 0.0 0.0 0.0 0.0 0.0 0.0 0.0 0.0 0.0 0.0 0.0 0.0 0.0 0.0 0.0 0.0 1.0441476196091394e-06 5.3230657430266594e-08 0.0 6.624723262638327e-07 0.0 1.5778461600747165e-05 2.1972446481205155e-06 3.4511279348891828e-06 7.247779078968694e-07 1.0091587322056895e-06 9.713833437938876e-08 0.0 0.0 0.0 9.6284905114548e-07 0.0 0.0 5.712747931537491e-08 4.48244171097941e-07 0.0 0.0 0.0 1.2637239506181423e-06 0.0 5.1213271038765006e-08 0.0 0.0 1.5460185681418235e-06 8.681430110328748e-07 1.4223529595488461e-05 2.1895424104630074e-07 2.8225964187840465e-06 2.8589622537332542e-06 2.1808321280228677e-07 1.4614548650754e-07 2.1294741037895758e-07 0.0 0.0 0.0 4.6703944428364256e-08 0.0 0.0 7.704519223513426e-05 4.705646690678819e-07 0.0 0.0 0.0 1.1065828033177391e-06 0.0 6.555358008666363e-06 1.1228055034953921e-06 1.2036486281953125e-07 2.693542328827391e-07 2.442659774737335e-07 0.0 7.158313292175311e-08 0.0 0.0 0.0 3.0919711672967697e-07 0.0 0.0 0.0 0.00016931317777615126 8.625104303218133e-06 1.3692100316080818e-05 0.0005782631670453335 8.872615576269638e-06 0.00037348414558718103 0.00013855784737095824 0.00036573580925674073 4.0227265560257696e-05 1.3087583440328835e-06 2.434854437782961e-05 2.33920332628654e-05 0.0 2.24190864863018e-06 4.2087029569157174e-07 0.00021601884014889582 0.0 3.079082406005876e-07 2.467410388144883e-07 1.9649944947010008e-05 2.3337875068591916e-07 0.0004922827005369832 2.725728753788496e-05
0.0001064693506040414 0.000503544075762138 0.0010756442720540804 9.494690907388637e-06 0.0003608793170429662 4.400211336617221e-06 0.00015799609004201105 0.0009862433692591076 0.0007011470508925502 7.260785975491477e-05 0.0 0.0001794465668541969 0.0009216388472498137 0.0021723609444245237 1.2777023709607995e-05 2.096913337852708e-05 4.787532326741939e-07 1.1621974703881912e-07 6.66610168540863e-08 3.3841503474462976e-07 2.746426572555747e-06 2.4064489226057717e-07 3.029941572035147e-06 5.330083280595092e-06 1.9685630906708135e-06 1.4637940254702942e-06 4.4429599368559395e-06 8.367256918283163e-07 6.579615940871056e-07 2.666519724180207e-06 0.00026606347490653617 6.731688617610781e-05 0.0002278860827614247 8.153912167594295e-07 8.780178031604199e-07 2.833922826651288e-06 9.715050444118964e-05 3.533910310991556e-05 1.7329146419528987e-05 3.2299264711789063e-06 6.180229504965179e-06 4.862103242602823e-06 6.580932823613992e-08 3.444195762317445e-06 2.940160136930006e-07 8.721251495857497e-08 2.639154557646684e-05 7.494462533865335e-07 5.8789354084248655e-08 3.4929893489122544e-07 1.1166067344900379e-06 1.3830185491875034e-06 8.475682546317307e-08 1.6484563547499617e-06 5.141687879921003e-07 1.544447789375037e-06 6.338207036722955e-06 2.1549859695028524e-05 7.162854975003083e-06 5.654597582540785e-06 7.415363584071459e-08 6.430360790297833e-05 6.586755251228699e-08 3.1557848346055605e-05 1.035401452939874e-06 9.039585123954006e-07 6.504134008605556e-07 1.4637987737874816e-06 2.5716415968368145e-06 2.816348748958261e-06 5.585268522103087e-05 6.343638592049297e-08 0.0 1.2424549217782267e-05 1.828722688352919e-05 3.3303953831681034e-05 3.450686674054882e-05 1.8022272927057966e-05 2.651621550368209e-05 0.00044348687514888065 3.477938029184621e-07 4.934175024081118e-05 2.337407476479591e-06 1.3503395308210992e-07 7.779181600259802e-07 1.904184467858139e-06 6.192357448105212e-07 1.529638807002617e-07 2.356012732402175e-07 5.264775739537342e-07 2.9529934005017807e-07 7.811232922507846e-07 6.390608031444265e-06 8.330282654348267e-06 4.443417684298585e-06 2.435773354759103e-05 1.6419019613544815e-06 0.0 1.1067709438074823e-06 2.6235730981722406e-05 0.0 2.8376350280035846e-07 0.0 1.6151991733891021e-07 2.535227956522879e-07 1.6748316457613782e-06 1.4905345986026386e-06 4.931569689295441e-07 1.610227093264585e-06 5.400508126178934e-06 3.762846363743821e-07 2.3605937428952027e-06 8.94761727605869e-06 3.986895512885444e-06 1.443011188869149e-06 9.999381285039359e-08 6.92230622106276e-08 0.0 0.0 0.0 0.0 0.0 0.0 0.0 0.0 7.414771554702044e-08 0.0 7.396405756536041e-08 0.0 0.0 0.0 1.6651081352610663e-07 2.3357366125300878e-07 0.0 4.759439929051635e-07 0.0 0.0 0.0 0.0 3.703299578561094e-06 5.198848637730796e-07 1.9936535128267626e-06 2.2799221657530384e-06 8.548219756718629e-07 0.0 5.232229911669414e-08 0.0 7.948082081938093e-08 0.0 0.0 0.0 0.0 1.2330676549623854e-07 0.0 0.0 0.0 3.876283701623535e-07 1.2233634478414448e-07 0.0 0.0 0.0 0.0 0.0 0.0 0.0 4.258225609555612e-07 1.8535759729435784e-06 2.855588660960977e-07 0.0 0.0 0.0 0.0 0.0 0.0 0.0 0.0 9.32391939945023e-06 0.0 0.0 4.65803270850663e-08 0.0 7.580123343874084e-08 0.0 1.337048092901147e-06 0.0 6.394132656144312e-08 5.356794904699495e-08 1.4885171316629232e-07 0.0 0.0 0.0 5.629405500484546e-08 0.0 0.0 4.4356938637472633e-08 0.0 0.0 9.981018338280115e-06 2.6749017122390694e-06 3.894970895216328e-06 6.0291542503096885e-05 2.2138016515761747e-06 6.417465332631208e-05 2.8946916583185653e-05 2.021491690286653e-05 3.800675115347084e-06 5.212180655840722e-08 4.304660156456429e-06 2.177471084662258e-06 0.0 2.933990063225721e-07 4.788343688896783e-07 2.7644536091001258e-06 1.4550122162165438e-07 0.0 0.0 4.580109400163269e-06 1.0467746995932811e-07 1.3627770243703845e-05 1.7119950892579715e-06
