0.0 0.0008036604026605203 0.0003302764429062075 0.00021154529999456754 9.176142337473872e-06 4.921803206169286e-05 1.814604077172525e-05 8.131152579599132e-05 1.8783165727066896e-06 9.10122018459501e-05 4.215126723120907e-05 1.6201118630598552e-05 1.631982650735549e-05 2.6337075421368368e-05 3.702410070404404e-07 1.4926382104971027e-06 9.612218178931218e-08 9.265791584262415e-08 0.0 0.0 1.2102262262674773e-07 0.0 0.0 1.484092674987108e-07 0.0 0.0 0.0 0.0 0.0 3.7370140146747315e-08 0.0001492678873287679 1.0099054947149152e-05 3.092249420084371e-06 4.333924980684493e-08 0.0 6.998478222659756e-08 1.1354469488547454e-06 2.7605664704815436e-07 2.727313525940531e-07 0.0 0.0 0.0 2.970963173522284e-07 2.3473936640330645e-07 0.0 9.151978740910332e-08 5.837055150408664e-06 2.6746518666067734e-06 8.141404914706736e-08 5.286590576230978e-08 3.158482375226128e-07 4.184819678859549e-08 0.0 3.574187929177437e-08 2.8546611069404138e-06 1.4662431336007885e-06 9.651766735988633e-05 0.00033652188769395843 7.971814605790378e-06 7.515322313626501e-06 3.0656671006311825e-07 9.779487824879563e-08 4.742831542937767e-08 5.521412627935101e-06 3.747926445194823e-06 2.0249490290429104e-06 1.2151719238012647e-06 1.7696258121437464e-06 2.504538614057929e-07 0.0 6.219091622267668e-06 6.359328419922196e-07 0.0 9.821535850105991e-05 7.897529086455948e-06 7.669353778365736e-06 1.0235542874628858e-06 1.0583637402575047e-06 2.155436573113567e-07 4.645604650387553e-06 1.082654769152594e-07 4.872653693744186e-07 3.5739629483188934e-06 0.0 1.1069746262812548e-06 1.2249820661286407e-06 6.259824988582259e-07 0.0 4.818894283206029e-07 6.742441285703165e-08 1.7848132100714083e-07 0.0 6.492264242869982e-07 8.062582282484405e-08 1.8048507993062397e-07 3.565772327898906e-05 5.316016059731615e-06 3.484489637676311e-07 3.0679984373231587e-07 0.0005709997939480322 3.0602177646124546e-07 2.0509887414120072e-05 1.9092057660033545e-06 1.4646695467332115e-05 8.198999948930433e-07 7.742528046988624e-07 1.6711653636094936e-05 0.0 3.0597704877172117e-06 2.9121928573890585e-05 4.2743871713477673e-07 7.472336230989023e-07 8.922060839203916e-06 2.9611925462651234e-06 1.559902307691797e-06 0.0 0.0 0.0 0.0 0.0 0.0 0.0 0.0 0.0 0.0 0.0 0.0 2.5034047931407727e-07 0.0 0.0 0.0 0.0 0.0 0.0 5.484163993187184e-07 1.2092932195340988e-06 0.0 0.0 0.0 8.420756857668465e-07 0.0 1.980953194416633e-06 6.159076376864801e-08 0.0 0.0 0.0 1.9763863288510078e-07 0.0 0.0 0.0 0.0 0.0 5.045574217648943e-07 0.0 0.0 0.0 0.0 0.0 0.0 0.0 0.0 2.6378655883395504e-07 0.0 3.3941443991777563e-06 2.2759712728059479e-07 0.0 3.3428835579341954e-06 0.0 0.0 0.0 0.0 0.0 0.0 0.0 0.0 0.0 3.7601715701387643e-06 3.7356975013017014e-07 0.0 0.0 0.0 3.655855095722591e-07 0.0 0.0 7.08212599440839e-08 0.0 0.0 0.0 0.0 0.0 0.0 0.0 7.378375596315884e-08 0.0 1.3870491174142368e-07 3.909115356490877e-08 0.0 5.541730592557802e-06 8.19763386961567e-07 2.769558558411046e-07 0.00011679674987141492 1.018275049168012e-06 5.2715509523399986e-05 5.044613461200171e-06 0.0005766136381144507 1.3148260460942192e-06 2.017129372325653e-06 1.3322316444849481e-06 5.099248114808375e-05 0.0 8.188685840301043e-07 1.0343146993708073e-07 6.44496511687167e-05 1.3970885481165211e-07 0.0 0.0 5.843595714071997e-08 1.754567593812642e-07 0.00018787759793909947 1.9443515420703916e-05
0.0008036604026605203 0.0 0.0007112050750001658 0.0008403973009959746 0.0009069482898628513 1.7096780511639316e-05 0.0015157808767292285 0.00046109501370880256 0.0009540323738655954 0.001083843482527557 0.0006186621480020337 0.0003279960341441227 0.0006691455176869913 0.0007950845068835228 2.8001828512526806e-05 1.3985504490179286e-05 5.471432725355594e-07 2.3145511792516065e-07 0.0 8.104894943617483e-08 4.83434266286341e-07 6.898846745970342e-08 0.0 1.0252804869471733e-07 1.420825684169079e-07 5.022633644306824e-07 0.0 0.0 5.031799344159225e-08 4.862665402505596e-08 0.0007769116312846859 2.7132629215752605e-05 2.9774024453154443e-05 0.0 0.0 8.396836439089295e-07 1.1494504236147835e-05 1.1470284376339723e-06 4.692033304037703e-07 1.8569499147048576e-07 0.0 8.654550750455033e-08 4.3428543244258483e-07 1.574030738453199e-06 2.095700270537954e-07 9.624194811856257e-07 0.00011124740662878818 1.2735669369171395e-05 1.483344586587542e-06 3.530026805903795e-07 1.4987242262824719e-06 1.7490014237883993e-07 5.057465454225954e-08 1.231426615448891e-07 9.08459201718241e-06 6.695924019819486e-06 5.354448758936309e-05 0.00040026463523353646 7.540448397512974e-06 7.674206202435003e-05 1.0363294926170336e-06 1.2885917241351228e-06 3.5273407055733e-07 6.15188214300365e-05 1.2292197407379468e-05 7.795171263333745e-06 3.7031445904552365e-06 6.613808622431398e-06 1.3272669728988619e-06 6.934369987663972e-07 1.9730283985680094e-05 6.715077181533277e-07 4.3810018073679306e-08 0.0003091285502134945 7.907988308230824e-05 0.00015215544366297903 1.9988555009115203e-05 1.1418538405163274e-05 5.655584295030107e-07 1.0168571859011858e-05 4.923806761846183e-07 2.175484898357603e-06 1.4884199003702314e-05 0.0 4.449239111503906e-06 4.304458867535586e-06 3.776105758310375e-06 4.288158766666736e-08 2.273784650961712e-06 4.207419060190052e-08 9.104226807742729e-07 2.605490275671614e-07 1.1359542228310473e-06 6.6972510135044e-07 4.66651461330958e-07 1.383460844824434e-05 1.2039049722272897e-06 0.0 1.2830162932785126e-06 0.0002630985546492268 2.586487670505839e-07 4.635984304312066e-06 1.061754929221843e-06 4.5133603083868335e-06 1.4404720761756807e-06 9.91473839697533e-07 6.954894726184873e-06 1.7832542104080324e-07 1.293212856539336e-06 1.22382344519413e-05 7.339435386123136e-07 1.4074708656446988e-06 4.936736562254713e-06 3.6582586767415462e-06 1.5092054953947254e-06 0.0 0.0 0.0 0.0 0.0 0.0 0.0 0.0 0.0 0.0 0.0 0.0 0.0 0.0 0.0 0.0 9.9634256578212e-08 0.0 0.0 0.0 7.19956387175706e-07 0.0 6.56990853661638e-08 0.0 3.195620237306243e-06 9.813747069495572e-07 2.2552582689388984e-06 8.282223328693826e-07 2.95987925205577e-07 0.0 0.0 0.0 0.0 0.0 5.1457056153776694e-08 0.0 0.0 1.4409899747033817e-07 0.0 0.0 0.0 1.567657574579192e-07 1.094157706404319e-07 0.0 0.0 0.0 1.4640433826827005e-07 9.34873651620234e-08 1.0973579025844456e-06 0.0 0.0 1.6174364859536995e-06 1.1946875002242413e-07 0.0 0.0 0.0 3.759895318689697e-08 0.0 3.702754835622137e-08 0.0 0.0 7.95838746754109e-06 3.6448293945685893e-07 8.935009731678889e-08 0.0 4.048581852860842e-08 1.5383197165826909e-07 0.0 0.0 4.2479028298619416e-08 0.0 1.3557668452193322e-07 0.0 0.0 0.0 0.0 0.0 0.0 2.1286643098908068e-07 7.844154815086477e-08 0.0 0.0 5.691571633913097e-06 2.638049352757259e-06 4.684835293396027e-06 0.00021651845006118086 8.69186745314039e-06 0.0004352119271717234 3.67468151232326e-05 0.00032175320397946725 2.7310134458140888e-05 2.6255929759338737e-06 1.8877815898731842e-05 1.2717659977622984e-05 0.0 1.3954445225384137e-06 9.084844819876103e-07 9.282038631215851e-06 3.986158368158386e-07 2.4113668056122595e-07 0.0 3.135200367287758e-06 1.0111604220775242e-07 9.935984855929368e-05 7.887336591405022e-06
0.0003302764429062075 0.0007112050750001658 0.0 0.00012802898051631845 0.00025595908869833887 3.832356313086378e-06 5.076837521036622e-05 0.001807568854176518 0.0002943235146242548 0.00010317946960845833 0.000780427060451971 0.00014621984885359625 0.0003791034949676552 0.0007594838023101142 7.329412359387282e-06 6.855049771738074e-06 5.398868612819814e-07 2.3045641009361928e-07 0.0 4.5278612344123385e-07 2.1027710947108864e-06 2.027674228115936e-07 5.756566181378102e-08 0.0 1.4889826567308358e-07 1.4664807026350104e-07 0.0 0.0 0.0 3.8452231529474886e-08 0.001972781737573108 0.00022798621197036122 3.3535706850237416e-05 0.0 1.6636544777951383e-07 1.860103449402535e-07 1.0306605630855724e-05 3.4378485454489074e-07 1.3907139385692132e-06 3.6181349879011315e-07 4.684533341088286e-07 7.388569396078763e-08 1.4322871099446024e-06 8.866007450007647e-07 5.200235691077343e-08 4.1887109003210035e-07 1.0817385984485513e-05 1.0437551853299488e-06 2.2328738175954208e-07 9.966421184688749e-07 5.300817279995107e-07 1.5144185080841163e-07 5.127315929796942e-07 5.420183967449417e-07 3.9358863412270446e-07 3.713066125024683e-07 7.2351480054723665e-06 8.861499642982797e-05 6.933714091260397e-07 5.702520507857408e-06 1.8167926278924303e-06 1.1116274618747877e-06 4.27382437499348e-07 0.00020432291829401572 5.670646637300014e-07 5.603396472331005e-07 3.527211381737229e-07 1.114679409339106e-06 2.999583610406582e-06 4.369215305068197e-06 1.449266628747789e-05 4.353298117490093e-07 0.0 2.3449291591941797e-05 1.0479419899411974e-05 1.5120321600809745e-05 6.079139700929446e-06 5.233246152606179e-06 3.536929850019593e-06 5.428001839530516e-05 8.546871889082726e-07 1.3177401251704082e-05 7.063632816977101e-07 0.0 2.1889342658827432e-07 2.858964961588629e-07 1.1708824339174108e-06 0.0 8.581963198998391e-08 0.0 6.611385919842462e-08 0.0 5.71443223300161e-06 8.337952985415892e-07 4.1140457425884063e-07 3.033970893815729e-06 1.4727028674079506e-07 0.0 1.3603322356081197e-06 8.631271981349361e-05 0.0 3.6947650156176094e-07 1.2958661423806278e-07 1.2539935428889727e-07 4.786355881543304e-07 6.816568331707222e-07 0.0 0.0 1.272444661389547e-07 1.0357609102913732e-06 3.2035300797789926e-07 6.762095230615175e-07 7.922189965131346e-07 5.845795923933991e-07 1.2482449229934916e-06 0.0 0.0 0.0 0.0 0.0 0.0 0.0 6.495221972428785e-08 0.0 0.0 0.0 0.0 2.857914766807295e-07 0.0 0.0 0.0 0.0 0.0 0.0 0.0 1.0565105575510619e-06 0.0 0.0 0.0 1.1091810745021847e-06 3.204494189796443e-07 1.8060616605141814e-06 9.789683230946113e-07 4.933944636016077e-08 0.0 0.0 0.0 0.0 0.0 0.0 0.0 0.0 0.0 0.0 0.0 4.653254215937302e-08 9.964574328851854e-08 0.0 0.0 0.0 0.0 0.0 0.0 0.0 0.0 2.3741013472920584e-07 1.7196740428256137e-06 0.0 0.0 0.0 0.0 0.0 0.0 0.0 0.0 0.0 2.6840186625656357e-06 0.0 0.0 0.0 0.0 0.0 0.0 0.0 0.0 0.0 0.0 0.0 0.0 0.0 0.0 1.679610777228455e-07 0.0 0.0 4.8726785750601745e-08 0.0 0.0 3.499816056269121e-06 2.4702642603529343e-06 3.2347390684667905e-06 3.515084998366362e-05 1.1218449005269445e-06 3.740727990688829e-05 6.987885341667993e-06 2.276290271601589e-05 2.366516807537302e-06 1.7743573533388053e-07 1.7046642496328223e-06 2.7797967905002675e-06 0.0 0.0 0.0 2.053199980023853e-06 5.314426835333924e-08 0.0 0.0 1.0829701980202887e-06 0.0 9.856480644474725e-06 2.407828400555899e-06
0.00021154529999456754 0.0008403973009959746 0.00012802898051631845 0.0 4.4682028687072124e-05 9.805633728672838e-05 0.00016671997444234763 2.0142056570665452e-06 9.860053860426275e-06 0.0010353346556331226 3.969920329618168e-05 0.001048772260780021 0.00027917812039668897 3.243805888199237e-05 1.4800637867450251e-06 2.3712910698535691e-07 5.3469069511207286e-08 3.473574640348522e-08 0.0 4.937459818510847e-08 0.0 0.0 5.4532262239563535e-08 4.439454214369471e-08 0.0 0.0 0.0 0.0 0.0 0.0 3.817450772935399e-05 5.121460493985756e-07 2.530715954853056e-07 0.0 9.154293457276609e-08 5.8671932983957467e-08 9.414814604001544e-07 4.243786234161454e-07 0.0 1.452546837863937e-07 0.0 4.418888937989081e-08 1.3227434381942048e-07 2.2170719200044093e-07 0.0 4.652050143820982e-08 1.5854117464386133e-05 3.6055851635423585e-06 4.891780476017956e-08 8.772159059900974e-08 3.1027089877062625e-07 4.1046336554224686e-08 0.0 0.0 2.829202960747865e-06 2.5418178865896686e-06 2.9839120309208295e-05 0.00016151022396229293 2.9424833767194842e-06 1.6472767095214386e-05 1.234225714325124e-07 1.1219561681985267e-07 0.0 5.775823815115511e-06 4.9061417978639205e-06 2.2393420156394586e-06 1.2414034265335166e-06 1.7427266869911479e-06 1.7248924776094242e-07 8.65404558434252e-08 3.1858972615390983e-06 1.7233434108034195e-07 0.0 0.00010095954073314215 1.6600153391410824e-05 2.1436182315804275e-05 1.2638302351212493e-06 9.737884559896691e-07 0.0 6.713021604564756e-07 1.3715469101931513e-07 1.682340706701872e-07 4.822586863910916e-06 0.0 1.0436886778017814e-06 1.157039872758055e-06 7.243260084854998e-07 0.0 7.015030559098763e-07 3.671107375205729e-07 3.743658604530462e-07 0.0 9.076304136058817e-08 0.0 0.0 6.398239771722199e-05 3.594802522358584e-06 0.0 0.0 0.000303641476132404 1.6286687905410223e-07 1.785220442144043e-05 3.819446830780156e-06 2.2223670600499556e-05 0.0 2.712741368542808e-07 2.2152068362268775e-05 2.1242773306668935e-07 4.263489141831778e-06 4.0189349236809974e-05 4.3104583265004824e-07 3.6997745325795498e-06 1.3734785473932417e-05 2.7292929182208327e-06 4.4066042553587067e-07 0.0 0.0 0.0 0.0 0.0 0.0 0.0 0.0 0.0 0.0 0.0 0.0 0.0 0.0 0.0 0.0 0.0 0.0 0.0 7.841738606553794e-07 0.0 0.0 0.0 0.0 6.706881262933724e-07 0.0 1.364155841519693e-06 0.0 0.0 0.0 0.0 0.0 0.0 0.0 0.0 0.0 5.823389069571609e-08 0.0 0.0 0.0 0.0 0.0 0.0 0.0 0.0 0.0 1.4566069179007018e-07 0.0 3.75351165811295e-06 0.0 0.0 3.56175074604379e-07 0.0 0.0 4.9444678919392934e-08 0.0 0.0 0.0 0.0 0.0 0.0 6.884889835658896e-06 1.8318641064242165e-07 0.0 0.0 9.175591404819527e-08 0.0 0.0 0.0 0.0 1.623876104905142e-07 0.0 0.0 0.0 0.0 0.0 5.547989289265571e-08 7.086308940284852e-08 0.0 0.0 5.355659667022094e-08 0.0 9.45897499952128e-06 4.92220058930572e-07 8.434992510838741e-07 7.392090297014588e-05 1.3185731067187899e-06 8.589377734129344e-05 5.741779326743476e-06 0.0004875840449784836 3.0123262797160402e-06 8.015061755390012e-07 3.2380867757743067e-06 4.9963103468928754e-05 9.901764577289977e-08 6.130468567494231e-07 3.6577051969485295e-07 6.08878527056195e-05 1.164048405130404e-07 8.381689257760392e-08 3.215547689838401e-07 6.821209303600808e-07 0.0 0.0002118720793547399 3.291886642217683e-05
9.176142337473872e-06 0.0009069482898628513 0.00025595908869833887 4.4682028687072124e-05 0.0 2.631022170871516e-06 0.0015185817878175902 0.00017058813930288433 0.0026594468272261697 0.00028112477180238963 0.0005681237202165798 6.792523328543438e-05 0.0010508967555583097 0.0014764303276693105 1.5336134812267327e-05 1.2436290068145748e-05 1.6330601625137394e-07 0.0 0.0 0.0 0.0 0.0 0.0 0.0 5.523206318398779e-08 0.0 0.0 0.0 0.0 0.0 3.109424271314208e-05 4.261857347108737e-06 6.327132387134386e-06 0.0 1.4109748466300182e-07 0.0 3.2851639597783557e-06 3.1088280212274216e-07 1.8439975342562073e-07 1.193279591450714e-07 0.0 1.1012264259916297e-07 9.089953783425902e-08 1.0477113440757815e-06 3.9975685987413136e-08 7.752853498088805e-08 2.5155126758271975e-05 7.63212515685025e-07 4.225645263395498e-07 0.0 8.777133028379306e-08 0.0 0.0 4.812342531145927e-08 6.313787481798353e-07 3.117630171943693e-07 2.298731946693671e-06 1.856123985813026e-05 7.894500797549925e-07 7.600795298728745e-06 1.912890685623196e-07 7.070305861354939e-07 8.589070928817623e-08 1.2174240035033939e-05 9.399203528729866e-07 3.339482245978582e-07 3.005200290485734e-07 6.61240897136999e-07 2.664930264393173e-07 9.556114581271749e-08 1.4787746523262787e-05 1.5505786852417075e-06 0.0 2.0829319000420023e-05 9.133137254558727e-06 2.9680920070124754e-05 1.1433336543261618e-05 8.75141424794314e-06 1.1159993713477646e-07 1.9809438909680457e-06 1.9641080058718858e-07 7.201222429466101e-07 5.996251504290688e-07 0.0 2.340561628373873e-07 3.693151073812471e-07 1.8201130444284563e-07 8.551481783917611e-08 3.388466115713878e-07 0.0 1.1575471041181368e-07 0.0 4.2384574364811884e-07 5.5670728324671575e-08 9.36018257719156e-08 1.0849054549765205e-05 8.547089428493667e-07 0.0 2.6541792739479857e-06 5.18077974440044e-06 4.259083621274106e-07 1.3816967627989644e-06 5.290113888589207e-07 5.766875897258688e-07 6.554676188411396e-08 3.178283575568207e-07 1.7708126083002152e-06 1.948902276413392e-07 6.954102543110555e-07 1.151578036746442e-05 7.886923207517162e-07 1.3936021151792244e-06 8.348604994773467e-06 5.091326306028938e-06 3.88577699024098e-06 0.0 0.0 0.0 0.0 0.0 0.0 0.0 0.0 0.0 0.0 0.0 0.0 2.0070749898865795e-07 0.0 0.0 1.5116392749226258e-07 0.0 0.0 0.0 6.642752768842707e-08 2.5195490694412116e-06 0.0 0.0 0.0 4.328337558279281e-06 7.656124120400575e-07 5.11477188157503e-06 1.7176686808766338e-06 5.895973047822133e-07 0.0 0.0 0.0 0.0 0.0 0.0 0.0 1.9642821423021035e-07 1.473774960369892e-07 0.0 0.0 0.0 1.5537955017475342e-07 1.739619659701895e-07 0.0 0.0 0.0 0.0 4.775507431081732e-07 5.195716798262467e-07 0.0 0.0 4.076835095283138e-06 0.0 0.0 0.0 0.0 0.0 0.0 0.0 0.0 0.0 1.1106976703712802e-05 2.5687948256813494e-07 0.0 1.287900580839648e-07 1.8138803567274097e-07 6.168923018345303e-07 0.0 2.3206299240542528e-07 3.8951430715586185e-07 7.360640036926527e-08 0.0 0.0 0.0 0.0 0.0 0.0 0.0 0.0 0.0 6.957849230023661e-08 0.0 8.41230744140302e-06 3.550259747889935e-06 7.230455068016054e-06 8.679238000047205e-05 1.1079179592524944e-06 7.507940033728823e-05 1.02807249677916e-05 1.3101331053597362e-05 7.464856346835445e-06 9.67469159017419e-08 5.167191447998933e-06 1.1214972042967446e-05 1.1571397258390873e-07 5.717082319348247e-07 2.764478147728475e-07 4.524012707846727e-06 1.0669495120352797e-07 0.0 2.617383315242539e-07 1.341380704342623e-06 4.4100318451310477e-07 1.63189776348744e-05 8.135033140777126e-06
4.921803206169286e-05 1.7096780511639316e-05 3.832356313086378e-06 9.805633728672838e-05 2.631022170871516e-06 0.0 1.5890041439506708e-05 3.553970860094066e-07 1.8177417927294332e-06 0.0002758357917084922 1.9065427636639606e-06 4.923705975142121e-05 3.9200116275960754e-05 5.982493139668863e-06 0.0 3.1031073837974584e-07 0.0 0.0 0.0 0.0 5.96879823387641e-08 1.7689032311907835e-07 0.0 0.0 0.0 0.0 0.0 0.0 0.0 0.0 7.137250350014228e-06 8.270380281226837e-08 3.539345648780932e-06 0.0 0.0 0.0 7.688430729165944e-06 4.5640709250609306e-07 1.3550929746055367e-06 1.2112473764559702e-07 0.0 0.0 0.0 0.0 0.0 0.0 7.310941657094651e-08 5.214608502911783e-08 0.0 5.115687078006727e-08 5.526625450490585e-08 2.3932308930637693e-06 2.6054076329870177e-07 0.0 0.0 1.783824612118459e-07 4.888823551905705e-05 5.385041754098349e-06 1.5809336416076554e-07 9.415056533002862e-08 0.0 0.0 0.0 0.0 0.0 0.0 0.0 0.0 0.0 0.0 9.4584222999329e-05 3.537276958473778e-05 5.128086526116875e-06 9.547726397957732e-07 0.0 0.0 0.0 1.860381438282099e-07 0.0 6.469536717844877e-07 0.0 9.078070414458687e-08 0.0 4.5192665263411023e-07 0.0 3.945234602408488e-07 4.4510671342498426e-08 1.3407925873974656e-06 1.765379666413406e-06 4.711626615903529e-06 1.0308345441304961e-06 2.5046057706639045e-06 0.0 0.0 8.193874758435423e-07 0.00016743542350209484 4.471249586505732e-05 5.1075326151544735e-06 6.5892732944175395e-06 0.00018627659779806921 0.0 1.1644232882140811e-05 1.4025921706428621e-06 7.995207612590328e-06 5.081539028942541e-07 0.0 1.278822793659142e-05 0.0 1.998781755510155e-06 3.58052704924821e-05 4.345239455899825e-07 4.008917271833905e-06 6.051464731105546e-06 3.2803035340221064e-06 0.0 0.0 0.0 0.0 0.0 0.0 0.0 0.0 7.03890069053863e-08 0.0 0.0 0.0 0.0 0.0 0.0 0.0 0.0 0.0 0.0 0.0 0.0 7.641579401292024e-07 0.0 6.030147232552277e-08 0.0 1.684049092606306e-07 0.0 7.328187097175241e-07 1.252607138915562e-07 0.0 0.0 0.0 0.0 0.0 0.0 0.0 0.0 0.0 0.0 0.0 0.0 0.0 5.142455964713615e-08 0.0 0.0 0.0 0.0 0.0 8.965204962453237e-08 1.085940755061237e-06 0.0 0.0 2.1358610092641808e-07 0.0 0.0 0.0 0.0 0.0 0.0 0.0 0.0 0.0 3.0244063127028623e-06 2.1509857679051603e-07 8.395828663837463e-08 0.0 0.0 3.0711998988771946e-07 0.0 0.0 0.0 0.0 0.0 0.0 0.0 0.0 9.561279339287704e-08 0.0 0.0 0.0 0.0 1.1976501470391708e-07 0.0 4.487193611812129e-06 2.1364615045820882e-07 1.4667424317876563e-07 1.4383933435202521e-05 0.0 9.183187221481664e-07 9.048145304954111e-08 9.970358160234989e-05 2.1190094741808628e-07 0.0 7.001410874212327e-08 1.4205725592311993e-05 0.0 0.0 0.0 2.8576669659465296e-05 0.0 0.0 0.0 0.0 0.0 5.922325835332328e-05 4.311209318703698e-05
1.814604077172525e-05 0.0015157808767292285 5.076837521036622e-05 0.00016671997444234763 0.0015185817878175902 1.5890041439506708e-05 0.0 1.695804644384725e-05 0.0006030474254933079 0.000854279504877515 4.5746904634816e-05 0.00028131531472322944 0.0014152086837864195 0.0012056813470586966 1.7141064697442903e-05 1.4423760718400101e-05 4.349027349419253e-07 1.7295164357968238e-07 0.0 4.6482930323248906e-08 2.910083510552634e-07 1.4823856659143887e-07 0.0 1.8326565058578043e-07 0.0 6.21269479327902e-08 0.0 0.0 0.0 0.0 3.814423183918835e-05 4.945842707579104e-06 5.545669209811952e-06 0.0 4.163203420936845e-08 4.583102673164673e-08 6.31862778942071e-06 3.749032706530487e-07 1.2796592923569214e-06 2.786698080794714e-07 4.680948530246794e-08 1.1282893646147553e-07 1.35496887289547e-07 1.6021788335487031e-06 8.582967302698987e-08 4.702201435723614e-07 4.784954685480019e-05 2.0838080603442294e-06 7.800285940735158e-07 1.6692296955706497e-07 3.4038947935650506e-07 0.0 8.607264120843621e-08 0.0 1.444433463603859e-06 5.624166208221046e-07 6.536632271168651e-06 5.0951817662535025e-05 1.4665695213932994e-06 2.2286130951510255e-05 4.056875755984099e-07 3.366996031424897e-07 1.2557215650361966e-07 1.4737434037148055e-05 2.6336394427289534e-06 1.3660922143652483e-06 9.589538220163692e-07 1.3384507146647005e-06 3.171724447623918e-07 3.487260544284098e-07 2.027724393962917e-05 2.2128869252712317e-06 0.0 5.9503136934415896e-05 1.9115928922442323e-05 5.367079434131548e-05 1.4639249027076522e-05 7.517197187988795e-06 1.74793270734233e-07 3.5351827980911675e-06 3.6878892491606187e-07 1.0077156809158205e-06 2.582449806632244e-06 4.905890050741207e-08 8.654046698920574e-07 9.101041048626582e-07 6.916647213140538e-07 4.690445063091242e-08 2.427182012576514e-07 0.0 1.643672715808172e-07 4.850359805145838e-08 5.761182993153269e-07 6.005331479977983e-08 1.919494199999435e-07 3.660219688318455e-05 1.8469539853284202e-06 0.0 8.484254828397506e-07 1.2137785189664012e-05 2.421947747506154e-06 5.313396529214532e-06 4.684129337358207e-05 3.706515105635743e-05 5.773091243436472e-06 2.3185124781691743e-05 5.247728845445975e-06 4.663444278585527e-06 7.231281823990368e-05 3.6781440414950845e-05 2.7629948311931947e-06 2.6021915914407557e-05 2.7389126322649997e-05 1.3109665887960602e-05 5.802286091234021e-06 0.0 0.0 0.0 0.0 0.0 0.0 0.0 0.0 0.0 0.0 4.606646823305201e-08 0.0 1.475497901352454e-07 0.0 0.0 5.691698394219641e-08 0.0 1.225682080154164e-07 0.0 2.52122108731935e-06 4.204805525447269e-06 0.0 0.0 0.0 8.123988098415705e-06 8.884426868597073e-07 5.420068202127567e-06 2.457619582123522e-06 3.424735993577433e-07 0.0 0.0 0.0 0.0 0.0 1.1859459301034218e-07 0.0 4.212842892040348e-07 9.379231437346608e-07 0.0 0.0 0.0 0.0 0.0 1.0562512345757456e-07 4.4992307073184765e-07 6.893306637403555e-08 7.691715220228722e-07 4.176110693755981e-07 5.615515213958039e-07 0.0 0.0 6.061601975866657e-06 7.184815348773013e-07 1.640717510440844e-07 3.221675312166924e-07 0.0 0.0 0.0 0.0 0.0 0.0 2.227608726574234e-05 2.692339279502331e-07 1.7757207117718467e-07 7.710331034027754e-08 1.5925837359443283e-07 1.6613888946520574e-06 0.0 4.733507310747915e-07 1.070424222233976e-06 5.782657044028858e-07 9.607743606984874e-07 5.511877222541904e-07 5.4404905305942506e-08 4.6335143829516525e-08 0.0 0.0 1.395864380813507e-07 4.057388986396653e-08 6.584625556379526e-08 0.0 0.0 1.604746819748006e-05 8.652163517673602e-06 9.423036089054774e-06 0.00014485362381430855 3.087005241825664e-06 0.00015875499905796674 1.95187139335393e-05 5.360253531602013e-05 1.3955680708932578e-05 1.688912445769035e-06 8.073813262690744e-06 2.3536470566605653e-05 0.0 4.550685616270412e-06 4.846266615584502e-07 1.4652710527111607e-05 2.457444708104886e-07 1.1668180332515983e-07 2.4122174909217744e-07 1.7889162341449927e-06 3.5876313796043733e-07 5.001005006700101e-05 2.2373136425709025e-05
8.131152579599132e-05 0.00046109501370880256 0.001807568854176518 2.0142056570665452e-06 0.00017058813930288433 3.553970860094066e-07 1.695804644384725e-05 0.0 9.573558284135819e-05 1.1465773619944645e-05 0.001810190015209838 8.009465742210533e-05 0.00033808026169877776 0.0010499991091775988 4.1832978618479007e-05 4.441830326612267e-05 1.8563131890438255e-06 1.4675893373662972e-06 1.4752876394805768e-07 3.6607589080687115e-06 1.4904243267292791e-05 2.25933740170406e-06 1.6315508992569759e-06 1.1291660556528264e-06 5.6407326440724445e-06 3.259583390299164e-07 5.974538310858916e-08 1.2189526676302874e-06 4.136255546107029e-07 0.0 0.0005630915539270994 0.0015410077982035268 2.3303063445516805e-05 5.976058070818418e-07 1.4278521481354278e-06 8.84008446903732e-06 1.1163204783350147e-05 7.694453079597184e-06 2.316782233422182e-06 2.197385671997834e-06 5.412372230792688e-06 4.856500877808946e-06 7.83568712629727e-06 9.834025355139522e-06 6.178227089785046e-07 2.9651315995159847e-06 4.7961209595130176e-05 2.3647863890472596e-06 2.080443844168818e-06 3.4555334374311582e-06 2.998937502620865e-06 1.10468558454829e-06 1.6355542538270902e-06 3.560866236568481e-06 9.353183649859507e-07 9.472627505453258e-07 1.0650585421824237e-05 0.0001178385971187524 1.39713656348349e-06 1.610541864442008e-05 1.847757275500872e-05 8.875066927293247e-06 5.772461244581817e-06 0.00019860394564700826 2.051841384772911e-06 1.3781096178998993e-06 1.00764907176436e-06 5.220299866276955e-06 1.8325280471309946e-05 2.9943623770484024e-05 7.1312593651207205e-06 8.691494423534454e-07 0.0 5.623450116734897e-05 3.704663928841982e-05 6.615039563090817e-05 6.436031401033987e-05 8.35974988726557e-05 0.0002332120931255859 0.0004741448773996774 2.700481192205687e-05 0.0001872035118544192 2.3891825521564586e-06 0.0 6.118202013148102e-07 7.355456855590955e-07 4.2562859549584905e-06 0.0 5.450105798783248e-07 4.446855668287866e-08 8.963949816436638e-07 3.7602201854109804e-08 4.808435857043195e-05 6.9489957759351594e-06 2.234953659583831e-06 1.1714981923983284e-06 4.497945107095613e-07 0.0 5.554999100124513e-07 3.424008190826283e-05 0.0 0.0 2.737347055935466e-07 0.0 0.0 0.0 0.0 2.3516054905938273e-07 0.0 2.8558772525596034e-07 0.0 6.90534591617162e-07 1.7234642441772494e-07 3.399909750856743e-07 3.884381164804835e-07 0.0 0.0 0.0 0.0 0.0 0.0 5.9591846703362024e-08 5.8351065630988964e-08 0.0 0.0 8.010979285447027e-08 0.0 3.950737765990924e-07 0.0 0.0 1.0785379111984463e-07 0.0 0.0 0.0 7.992491713687719e-08 1.5153197427865896e-07 0.0 1.3702466565470395e-07 5.0149203707867336e-08 1.4677925773964294e-06 5.103373613037167e-08 6.353108680995614e-07 7.301725801229781e-07 4.845405505692004e-08 0.0 0.0 0.0 0.0 0.0 5.1348683106966464e-08 0.0 9.731317400434066e-08 0.0 0.0 0.0 7.357794584715894e-08 6.551325897905328e-08 1.1335582045520114e-07 0.0 0.0 0.0 0.0 0.0 0.0 9.527743652519541e-08 0.0 8.469171014109189e-07 1.449419725222502e-07 0.0 0.0 0.0 0.0 0.0 0.0 0.0 9.646008907383697e-08 1.418325823275209e-06 1.7283452437331227e-07 0.0 0.0 3.2475102480272577e-07 0.0 0.0 0.0 0.0 0.0 0.0 5.995512047314705e-08 0.0 0.0 0.0 0.0 1.1945587992406132e-07 4.678069640694516e-08 1.048370118713275e-07 5.5807467382977905e-08 0.0 1.3239365284385133e-07 2.5294386221768253e-06 1.4811526737757164e-06 0.00013432455661879948 4.157488546531059e-06 0.0001270030318103239 2.2238266537747893e-05 2.275804451941575e-05 1.0462103086997825e-05 4.875690623908302e-07 6.648997962765163e-06 1.099732183313241e-06 1.7158097810404037e-07 3.357999845781958e-07 9.801157516985484e-08 4.899349706715311e-07 0.0 0.0 0.0 4.47373824851269e-06 0.0 9.036041213472157e-06 1.477097563445808e-06
1.8783165727066896e-06 0.0009540323738655954 0.0002943235146242548 9.860053860426275e-06 0.0026594468272261697 1.8177417927294332e-06 0.0006030474254933079 9.573558284135819e-05 0.0 9.771842432113365e-05 0.00038761630299437674 3.181350295453375e-05 0.0006048782013257194 0.00066845473604587 5.55512512284264e-06 6.067791778537956e-06 4.188664973148802e-08 0.0 6.797441123271253e-08 0.0 0.0 0.0 0.0 0.0 0.0 0.0 0.0 0.0 5.226094557584147e-08 0.0 7.264730949348617e-06 1.1083913238305624e-06 3.015815371249815e-06 0.0 0.0 0.0 1.943737318429019e-06 5.067759566013773e-08 7.798526382585322e-07 4.516220712334253e-07 0.0 0.0 0.0 8.331352519738451e-07 6.058379494681773e-08 5.6124099339337924e-08 7.6020329491480506e-06 3.930337578289482e-07 7.478410943641644e-08 5.544348552831095e-08 0.0 0.0 0.0 0.0 1.385394165693021e-07 1.3315137250907906e-07 6.838815571935804e-07 5.50087256068777e-06 8.071256322287784e-08 2.0736705566076297e-06 0.0 2.9617427610000736e-07 4.5219516760020795e-08 3.3118599235769196e-06 2.0552404642942436e-07 2.0028712276258603e-07 7.391912146792105e-08 1.4019426338905408e-07 0.0 5.4696593661069043e-08 6.030574388035458e-06 3.760853921380289e-07 0.0 5.532463489049602e-06 3.054972239025569e-06 9.182232687000975e-06 5.104174555383731e-06 3.440838505982522e-06 6.847384710275197e-08 1.2673846376508675e-06 0.0 3.421662446246045e-07 3.18763695069602e-07 0.0 1.100718866814473e-07 7.318161828170593e-08 3.3330588015216176e-08 0.0 6.97145167173195e-08 0.0 0.0 0.0 0.0 0.0 0.0 5.7066444073223295e-06 7.795641887361063e-07 0.0 9.062490907971327e-07 1.7121047039486228e-06 0.0 7.222700840308789e-07 2.3263612811025667e-07 4.275448184092575e-07 0.0 1.2238035309624608e-06 1.0277985482450453e-06 0.0 7.133936302963973e-07 6.208171271687047e-06 0.0 1.1738747416212822e-06 4.17384887395292e-06 1.5102270127383422e-06 1.4069773075348136e-06 0.0 0.0 1.7054354196326352e-07 0.0 0.0 0.0 0.0 0.0 0.0 0.0 0.0 0.0 2.2034463999740413e-07 0.0 0.0 0.0 0.0 0.0 0.0 1.7524088528106314e-07 6.757726904182827e-07 0.0 0.0 0.0 1.8315957094722657e-06 2.464204427317342e-07 1.2447961955761565e-06 1.0140336666197707e-06 0.0 0.0 0.0 0.0 0.0 0.0 0.0 0.0 0.0 0.0 0.0 0.0 0.0 6.072963420712488e-08 0.0 0.0 0.0 0.0 0.0 0.0 1.847364084489192e-07 0.0 0.0 2.610179646478151e-06 4.587962364610673e-07 0.0 0.0 0.0 0.0 0.0 0.0 0.0 0.0 5.312673541768396e-06 9.214551152909939e-08 0.0 0.0 0.0 9.087426576031637e-07 0.0 3.4559966954088055e-07 0.0 0.0 1.4249825358063714e-07 0.0 0.0 0.0 0.0 0.0 0.0 0.0 0.0 0.0 0.0 4.899228565193429e-06 2.339970734818091e-06 2.964780077988337e-06 3.085225022021229e-05 5.676340393729827e-07 2.6068761849690584e-05 2.9865532029377504e-06 4.1122521111318e-06 2.4522253914931437e-06 0.0 9.794243756529505e-07 7.873778070628435e-06 0.0 4.3844244471024403e-07 0.0 2.0413399122943276e-06 0.0 0.0 0.0 1.0464507038450078e-06 0.0 6.5147660625608025e-06 3.414230852825781e-06
9.10122018459501e-05 0.001083843482527557 0.00010317946960845833 0.0010353346556331226 0.00028112477180238963 0.0002758357917084922 0.000854279504877515 1.1465773619944645e-05 9.771842432113365e-05 0.0 6.142567009704532e-05 0.001539429832296455 0.0016763930096302265 0.00014625044276566263 2.932304204482304e-05 2.135463782168674e-05 8.667103390762476e-07 0.0 0.0 4.890170238545764e-08 2.2587400272047062e-07 2.39705614789523e-07 0.0 0.0 7.182223626978397e-08 0.0 0.0 0.0 0.0 1.6929444089352806e-07 1.5342636506660082e-05 3.303611347720617e-06 3.0681228776682636e-05 1.938330962506989e-07 1.6732207701131362e-07 0.0 2.7699191319515843e-05 2.4344573355971464e-06 3.228376670105525e-06 6.253980370734548e-07 0.0 0.0 3.5669061284914036e-07 1.468206662812833e-06 1.4017221441259245e-07 1.0875357555957847e-06 5.3653466353617266e-05 2.0021869094818867e-06 1.3551081197544e-06 3.769723274596927e-08 2.960693648015087e-07 3.841087412729823e-08 4.1375293121334844e-07 0.0 1.932242301237825e-06 7.773364356834756e-07 1.1806869230393293e-05 2.8941274422303552e-05 7.894001728835013e-07 1.997067479060701e-05 4.806665395041813e-07 4.092387304442667e-06 4.956165290279881e-07 1.1729895624156894e-05 1.1995331020923617e-06 9.614619537350406e-07 3.386643944502726e-07 1.389159187415129e-06 1.3180794863236606e-07 2.267471631686447e-07 0.0002450671353275634 5.029950095257682e-06 4.156657504020676e-07 4.426827603122512e-05 1.5705754737077553e-05 5.240441676427524e-05 1.738841121685505e-05 1.3661097896220878e-05 1.5823630223995927e-07 8.007768802367088e-06 4.502769853241424e-07 2.566142008618475e-06 1.4288108491711418e-06 0.0 6.009468859281024e-07 2.896359350364411e-07 5.679791619113275e-07 0.0 4.552702786190428e-07 2.2293295577261017e-07 1.8307642145743187e-07 2.0081315443191678e-07 3.388117842853443e-07 1.9268094380271137e-07 6.492137869387582e-08 0.00019849826731228312 1.7348981700339882e-05 0.0 7.301645056606051e-06 0.0001711080403143004 2.0913025782520317e-06 3.649511013156937e-05 2.3283392132856162e-05 8.33090145131092e-05 4.041819806147153e-06 9.952530552433521e-06 6.133747967557839e-05 1.006272394123563e-06 2.174151951514606e-05 0.00021496691621532786 4.773530602330957e-06 1.7883672185649025e-05 7.555216187289973e-05 4.047282423346856e-05 2.379997374724733e-05 0.0 1.046251928683436e-07 2.7509525135608466e-07 0.0 0.0 0.0 0.0 0.0 0.0 0.0 0.0 0.0 2.9877258701782886e-07 0.0 0.0 4.669826745908123e-07 3.4291540498600517e-07 1.799946918118534e-07 0.0 1.103364140806453e-06 9.937725238419405e-06 0.0 4.1116756906998776e-07 0.0 2.83551170889446e-05 3.3747653944465146e-06 1.7842310787382232e-05 5.317661694891559e-06 6.198674188109913e-07 0.0 0.0 0.0 2.6304238784843524e-07 0.0 1.5254033304488709e-07 0.0 2.2159443931750926e-07 2.2486774853986374e-07 0.0 0.0 1.704261768940872e-07 0.0 3.02661585879515e-07 0.0 0.0 3.7046653535349896e-08 5.054892418004614e-07 1.7993762541544477e-07 8.000219994673504e-06 8.789165488552211e-07 0.0 2.2787741933736406e-05 7.488843263108267e-07 0.0 0.0 0.0 0.0 0.0 0.0 0.0 4.9370336563134025e-08 7.256376780662121e-05 1.4264538706275622e-06 4.4272009366148784e-07 1.47781432236752e-07 4.5353253341737553e-07 7.901914721629851e-06 2.738852916450991e-07 8.195549280836016e-07 1.6783200958409316e-07 8.785042074256561e-07 3.282787856386624e-07 2.0479591553338227e-07 9.613938562940596e-08 0.0 0.0 0.0 1.7766496797988613e-07 8.369289249083045e-08 5.433787327045517e-08 1.836633517047775e-07 0.0 8.613342787625802e-05 2.6967951245704484e-05 2.7054353736453742e-05 0.00042400535242866284 7.274884129297742e-06 0.0002244531143543986 3.403292045488204e-05 0.00022922262199214204 2.917261266360698e-05 0.0 2.6546429695614278e-05 0.00010167797006970658 0.0 1.4826075128416953e-06 3.532195807580252e-07 0.00010517955431227097 3.933652595678283e-07 1.6308615589554137e-07 3.038237760863377e-07 7.48717085840598e-06 4.4327666149135047e-07 0.0003531842154946582 0.00021954004474911707
4.215126723120907e-05 0.0006186621480020337 0.000780427060451971 3.969920329618168e-05 0.0005681237202165798 1.9065427636639606e-06 4.5746904634816e-05 0.001810190015209838 0.00038761630299437674 6.142567009704532e-05 0.0 0.00020824772528682447 0.0009990274397784415 0.001539228880327883 4.6642353133166336e-05 6.893690908840444e-05 2.8152091939626847e-06 1.7775087801726908e-06 1.2361539999234394e-07 2.0777875489667784e-06 5.520139379859622e-06 7.3267383587850235e-06 5.582181987015368e-07 3.1897104264768345e-07 7.88675460463917e-06 8.077984636624458e-07 1.641419268453206e-07 2.5084161852163815e-06 3.588943539566648e-06 1.0711733039192787e-07 0.00020257098417933672 0.00016450613854565146 0.0003185145166329771 6.455285329455002e-08 7.191518224504671e-07 1.1767145252190544e-05 0.0002021670002100698 3.912587785410548e-05 2.005233070647015e-05 9.895980943252717e-06 4.322532845604104e-06 3.5260434809569604e-06 2.893135403837204e-06 5.73044164863558e-06 9.359918487755972e-07 1.0057521844854837e-06 4.7914397254540985e-05 1.807788184537373e-06 1.1407309667225725e-06 1.6478979369746178e-06 3.0586434919515565e-06 5.91550579876153e-07 2.530872533400739e-06 1.0795974559783924e-05 9.882871364682113e-07 6.954931166330927e-07 5.535261476625953e-06 6.376339645848509e-05 9.74681816526002e-07 1.3712510513491973e-05 2.16297447761124e-06 1.0597111169525075e-05 1.819417665736373e-06 5.448104661740727e-05 1.2350940952003448e-06 6.036541206254202e-07 9.775057409893218e-07 4.495646463600524e-06 1.249679565577299e-05 1.6314110711783725e-05 0.00010732379194929725 3.4476695975285377e-06 0.0 4.45153189428533e-05 2.329943546116654e-05 5.794157424307396e-05 4.0305035092523364e-05 3.471065308819357e-05 1.770315476984213e-06 0.0004711553389698844 6.554384431214684e-07 3.5297919859435636e-05 1.64119405812271e-06 0.0 6.712104995241465e-07 5.469547875519713e-07 1.5282026948569346e-06 0.0 1.7106508253866733e-07 0.0 3.876310537891331e-07 1.1839780442024516e-07 4.281125583761619e-05 1.1167401281184488e-05 2.3704796766986586e-06 8.724823205277589e-06 1.1860453242405491e-06 0.0 1.020211913083545e-05 1.6002107991465976e-05 1.313383244471233e-06 6.33171651882535e-07 1.22899834324785e-07 5.761621055110532e-07 9.370847056710667e-07 8.306412360584217e-07 1.0146012163216453e-06 1.878885794275646e-07 2.1814197675242217e-06 7.635591592945973e-06 9.58589499231944e-07 3.4249762048172787e-06 7.539499835859386e-06 6.648820925153831e-06 3.564195750028337e-06 0.0 4.5078512801569274e-08 0.0 4.347575283685728e-08 0.0 0.0 0.0 2.9930281146754834e-07 0.0 4.54293032971399e-07 2.0601087117659016e-07 0.0 4.0985214077147614e-07 3.6632249480749584e-07 7.245513302738013e-08 1.59856541411108e-07 0.0 2.7882140380761485e-07 0.0 0.0 2.322378329867198e-06 0.0 0.0 1.6649041820482917e-07 7.019641411159505e-06 1.8249005210510153e-06 6.664778457179352e-06 3.677725385653022e-06 8.013996415459815e-07 7.31184898919472e-07 1.9868288762103674e-07 0.0 0.0 6.006844683595987e-08 5.597992211160082e-07 0.0 3.787880832906876e-07 4.484997611121379e-07 0.0 0.0 2.941516775292264e-07 4.547779039287984e-07 1.4394991937733043e-07 0.0 0.0 9.133769813664738e-08 5.6123076550064066e-08 1.9754407732800006e-07 5.21734197280961e-07 2.0877379871677238e-07 0.0 5.796189309935913e-06 1.0565070040139694e-06 0.0 4.2992707820565744e-08 0.0 0.0 0.0 4.447557196828275e-08 0.0 6.67467231743133e-08 1.6319751656882763e-05 6.449792098729935e-07 2.261082345768693e-07 5.502637763847637e-08 4.167978666704337e-07 7.483130198252737e-07 0.0 4.933200917418122e-07 3.16163610661405e-07 0.0 4.430853605590883e-08 4.3355676720471055e-08 5.154388178424996e-08 4.2491164086734347e-08 1.0151691659603507e-07 0.0 0.0 0.0 7.180662562067451e-08 2.109735889729094e-07 1.2567990669798747e-07 8.176885159912817e-06 1.1354206874288708e-05 1.310670153649688e-05 0.00023400482224480575 6.815000467870137e-06 0.00015373962351317142 3.4042595310380754e-05 1.913351834425783e-05 1.3431644583429432e-05 5.461405653357033e-07 8.395531055105964e-06 6.814613771570347e-06 7.172959516440094e-08 5.214230038098747e-07 4.2118604570484076e-07 1.631879745677549e-06 2.7064255464315523e-07 1.0473957480213783e-07 0.0 7.607161329303199e-06 1.4772658188377004e-07 1.6263973715983728e-05 8.276109186203425e-06
