0.0 0.0017288525400479151 0.00020874530457039314 0.0007849614172499303 3.253071884178524e-05 6.890917829305897e-05 0.00011390976109332006 2.6462854589547184e-05 1.3420007878453925e-05 0.0007662450784989191 7.358996852811879e-05 5.9588886574236915e-06 3.171156953734134e-05 2.7405350267229788e-05 2.4736479809077693e-06 2.7111746421118284e-06 0.0 1.3220655220542002e-07 0.0 0.0 2.7401280726738963e-07 0.0 1.7116499505024075e-07 6.197784101277481e-08 1.9878380950898724e-07 0.0 1.1083441379685947e-07 0.0 7.973014793295084e-08 0.0 0.0002646879104674198 3.5705665177183934e-06 3.7484295186557734e-06 0.0 5.3687812761307426e-08 0.0 4.934752154185105e-07 5.32260918429988e-07 1.1219096196837064e-06 1.6278010362861958e-07 5.442329666064456e-07 4.681441967778812e-07 0.0 2.855358842839819e-07 0.0 1.2044518429205545e-07 9.692340620918215e-06 1.8387896208096395e-06 4.7395069530021956e-07 0.0 0.0 4.2923310487960446e-07 0.0 9.912893241875091e-08 2.413701331805508e-06 5.194631675603447e-06 5.652461727041033e-05 0.0001286533410877307 3.440198433345717e-05 3.6558828516378295e-06 0.0 5.019805001698151e-07 0.0 6.321762229038674e-06 2.443610187865514e-06 1.7319068942877105e-06 3.160193987532243e-07 7.583469151981223e-07 6.547879195035388e-07 4.3426299385080487e-07 2.105439517166511e-06 9.321845857203626e-08 1.1852912001502412e-07 2.4760943943329558e-05 1.355770311659565e-05 9.525641815206565e-06 4.130516853674645e-06 2.055572954821172e-06 1.0813228187516137e-06 5.472143608958416e-05 0.0 3.6237919088125407e-06 5.434981003982704e-06 0.0 2.142191871186718e-06 6.484419298425655e-06 9.01010833632617e-07 1.9286340905886739e-07 4.2494687252305485e-07 1.425262966822482e-07 1.1063082569273903e-07 6.233008544598974e-07 3.2801775928298076e-07 7.697130212464883e-08 6.935169457221373e-08 1.9616909911106883e-05 2.3544353041766966e-06 0.0 1.9023118308457e-06 0.0004694954727980767 8.043922674467585e-08 3.8449226636994194e-07 0.0 7.346516129108959e-07 0.0 8.45449376494533e-07 5.746557562284554e-07 2.250821050927414e-06 1.304437455728114e-05 3.980917186798263e-06 0.0 1.5145306372392304e-06 2.09759743596554e-06 2.661785963872342e-07 1.1830088071138307e-07 0.0 6.467950603736718e-08 0.0 0.0 0.0 0.0 0.0 0.0 0.0 0.0 0.0 0.0 0.0 0.0 0.0 0.0 0.0 0.0 0.0 0.0 0.0 0.0 0.0 0.0 5.206080496626978e-07 0.0 8.513355862066851e-08 0.0 0.0 0.0 0.0 0.0 0.0 0.0 0.0 0.0 0.0 0.0 0.0 0.0 0.0 0.0 0.0 0.0 0.0 0.0 0.0 0.0 0.0 0.0 0.0 0.0 0.0 0.0 0.0 0.0 0.0 0.0 0.0 0.0 0.0 5.501059274076349e-07 0.0 0.0 0.0 0.0 0.0 4.998069167378312e-07 0.0 0.0 0.0 1.3197720815387767e-07 0.0 0.0 5.4213241346182085e-08 0.0 0.0 0.0 0.0 0.0 0.0 0.0 9.943783444689447e-07 4.072305586120578e-07 3.57037732762433e-07 0.0001310944212617848 2.067505252232815e-06 5.199937122569419e-05 8.444116053459092e-06 0.0002957723933324567 4.492541978901419e-06 0.0 2.4581637738440393e-06 3.2512749927669807e-06 6.528995989137661e-08 1.3339623667348351e-07 0.0 1.2494135939167549e-05 0.0 0.0 0.0 4.265197714592953e-07 0.0 8.475471356349487e-05 3.996405050819462e-07
0.0017288525400479151 0.0 0.0005825408711582573 0.0013979092350300453 0.0009729811211787694 0.0002426090845384775 0.0007860306136743216 0.0001545108693655031 0.0008178677441286764 0.0012384019345963856 0.0003689525643557039 5.436216869332202e-05 0.0005710261109701329 0.0007386140757758978 3.7225229953045046e-05 1.1165714524234146e-05 4.5931022533437554e-07 6.316110866957937e-07 1.0107832056952082e-07 4.390181836276094e-07 5.847451647997858e-07 4.84407722847456e-08 7.985414540186419e-07 4.914149654126509e-07 4.818530255810784e-07 7.35044338694033e-08 1.6812385792966621e-07 3.1808169697782056e-07 0.0 1.6985206668035429e-07 0.0015511349743979415 5.560320110196411e-05 5.435197030580529e-06 1.446401914721479e-07 2.2895720834016525e-07 1.1180654759882351e-07 1.7587381807379584e-06 1.196086586981705e-06 4.0971046726786506e-06 4.321105901294984e-07 4.374101585464191e-07 6.392130948884142e-07 5.2667545819029895e-08 2.1832972867476514e-06 3.315919412978664e-07 3.31741412882529e-07 0.00013095880099824506 1.3737731334717221e-05 2.0086281885995798e-06 1.1368292158994048e-07 1.1001272327387997e-07 3.1597926092345206e-07 5.932010382900297e-08 1.9523398839490362e-07 9.094843613168783e-06 1.879694590750082e-05 0.0001020393634585419 0.00023203269268584452 9.378512095304825e-05 3.5004526890180905e-05 5.96430551055485e-07 2.054889140061818e-06 2.7751032219708e-07 6.761451463555452e-05 1.2090349972416013e-05 9.735441062007639e-06 2.0512305617583547e-06 3.307484767582217e-06 4.3886443094323285e-06 5.292360985165545e-07 7.0134775446258825e-06 2.8148097001026106e-06 1.685885616673084e-07 7.476222207010322e-05 0.00011037817210558726 0.0001677766224194039 3.533987040213842e-05 1.1150056081492288e-05 3.723354128196499e-06 7.89618686628041e-05 1.8137365188408712e-07 7.543972858185525e-06 3.698777842679406e-05 5.354761541431858e-07 1.320192446582273e-05 2.932394819083851e-05 9.569945693665844e-06 1.2406126729823611e-06 2.7433005377092213e-06 3.6546635042854234e-07 1.2685286404350015e-06 6.183946891897912e-07 6.430760838090342e-07 4.871559646886761e-07 7.404409596172771e-07 1.883689124503105e-05 4.033416581116474e-06 0.0 3.3687550175641998e-06 0.0009045158693594339 0.0 1.5756812236702527e-06 7.510072523766509e-07 5.266436785444662e-07 0.0 2.4793471697023945e-06 1.5443049962901413e-06 7.443278820544743e-07 2.3537968332708016e-05 1.025750770548613e-05 2.1845938172718646e-07 6.778594279042511e-06 1.1642344204971569e-05 7.673500787827144e-06 1.1245419154103346e-06 5.947998181634179e-08 2.2767401139737483e-07 0.0 0.0 0.0 0.0 0.0 0.0 0.0 0.0 0.0 0.0 0.0 0.0 0.0 0.0 0.0 0.0 0.0 0.0 9.252986597960532e-07 0.0 2.0208851770641163e-07 0.0 1.4546624736210826e-06 0.0 2.5213027532842163e-07 1.1089095189146157e-06 6.052835935120318e-08 0.0 0.0 0.0 0.0 0.0 0.0 4.928163058700558e-08 0.0 8.813610213937667e-08 0.0 0.0 0.0 0.0 4.9597911040913425e-08 0.0 0.0 0.0 0.0 5.7995712691658735e-08 0.0 0.0 0.0 6.186006440348537e-07 0.0 0.0 4.485318411375825e-08 1.0965733313149495e-07 5.511227228610693e-08 0.0 5.1934206904669066e-08 0.0 0.0 5.195699656365666e-06 1.6401342160685836e-07 0.0 0.0 0.0 0.0 4.839049012752919e-07 5.306482526012269e-07 1.6488064870939065e-07 0.0 3.982666018853751e-07 1.0615537905056608e-07 0.0 5.490193473677921e-08 0.0 0.0 0.0 1.5310330227072348e-07 0.0 0.0 0.0 1.0539845651022232e-05 1.0318444341761547e-06 1.3902196416779019e-06 0.00024829483894545025 1.2706256152447267e-05 0.00037159650618149475 4.2802377468767575e-05 0.0004052553740292905 1.742093857743424e-05 1.6073843475671338e-06 1.8661775401346626e-05 4.524224402886893e-06 6.926792726419287e-08 6.193227419377224e-07 5.543316929602576e-08 8.785057512533128e-06 0.0 3.115357310126178e-07 0.0 2.765937564081668e-06 0.0 7.754619096655674e-05 1.846884604609552e-06
0.00020874530457039314 0.0005825408711582573 0.0 5.3943463755303394e-05 0.0002503330888282302 2.4246295633625275e-05 7.051857763628728e-05 0.0010339029356846085 0.0004188935904310595 4.8843670090631454e-05 0.0011252441585823249 7.344937585475409e-06 0.0001205954914370687 0.0005815419157706583 9.815778772903194e-06 8.685713214752521e-06 4.384737646682267e-07 6.910846537168402e-07 1.5025369376166776e-07 2.3148871799639525e-06 7.754175422641037e-06 1.4167565289401563e-07 5.33507694979375e-06 4.687882462574853e-06 1.3676652939932817e-06 9.850955268553e-07 1.921460998752776e-06 2.83692999475596e-07 2.685679403098861e-07 1.2965565704587063e-06 0.0024408398988083114 0.0002306226810500665 8.677469291582264e-06 3.5247668468880733e-06 2.4593587723914237e-06 5.343638342836275e-07 1.94324038191233e-06 2.0731977883484722e-06 2.633359804485626e-06 4.864386809062242e-07 5.965435933765055e-06 1.820758236022729e-06 5.122247387563224e-07 1.535142737315173e-06 8.981777036077682e-07 3.4442230198703907e-07 2.6766896158341136e-05 4.014504220357164e-06 1.0728824762428148e-06 2.6669991240692873e-07 5.76578569950694e-07 0.0 0.0 3.3266794962604057e-07 2.0969614317923675e-06 4.241766777672126e-06 4.518602773846023e-05 0.00012947004787923526 3.756534250444741e-05 4.921009505581192e-06 4.366779526034461e-07 4.6242793237071315e-06 6.499826612616301e-08 8.227991960420385e-05 2.1381720120960385e-06 5.418642790503918e-06 2.2965363496607158e-06 4.5381561932017495e-06 1.547164095551332e-05 6.296327206850185e-06 5.657911187572564e-06 0.0 0.0 3.1598246985323196e-05 3.378168893356702e-05 2.824246196213182e-05 1.3828661416873706e-05 1.1393376052786623e-05 2.2533412203867562e-05 0.0004495681556035233 1.5141662075173023e-06 8.546380529351284e-05 7.342451523696351e-06 1.176118889582141e-07 3.133885008955644e-06 7.271706153359284e-06 5.5439230975185585e-06 2.2206185577135505e-07 7.726192581653028e-07 4.9055560459900726e-08 5.032800747986462e-07 5.986652665592927e-08 1.872960224545246e-05 3.016427571011502e-06 4.892434987421568e-07 4.132642618456594e-06 1.6386766745856445e-07 0.0 4.6407933332196593e-07 0.00014635228948259473 0.0 1.7152184313730142e-06 0.0 0.0 0.0 0.0 2.3137227192289938e-07 4.5465869235974224e-07 9.352458744103193e-07 3.832763832489107e-06 9.215243329424039e-08 2.383210878390506e-06 5.118817766246345e-06 2.7185711994502174e-06 3.122897577426051e-07 0.0 0.0 0.0 0.0 0.0 0.0 0.0 0.0 0.0 0.0 1.227915196531625e-07 0.0 0.0 0.0 0.0 5.994065362733688e-08 1.0207068254747351e-07 5.8096885827015276e-08 0.0 0.0 0.0 0.0 0.0 0.0 2.001227954144088e-06 0.0 6.187475432503152e-07 1.9244293958847094e-07 1.012303483956777e-07 0.0 0.0 0.0 0.0 0.0 2.21142774060214e-07 0.0 0.0 0.0 0.0 0.0 0.0 1.6654448775115713e-07 5.03791048926491e-08 0.0 0.0 1.03449940142632e-07 0.0 0.0 0.0 0.0 0.0 1.876658645138258e-07 0.0 0.0 0.0 0.0 0.0 0.0 1.2831758154948598e-07 0.0 0.0 3.291982461199768e-06 0.0 0.0 0.0 0.0 0.0 1.1957509855353044e-07 7.347707321517586e-07 0.0 5.874339720103004e-08 0.0 0.0 0.0 0.0 0.0 0.0 0.0 5.313555170459607e-08 0.0 0.0 0.0 3.7267805602594007e-06 8.839302053725876e-07 1.7526185305367909e-06 3.8727424914739296e-05 1.7849119526863718e-06 6.625307761993014e-05 1.375869751455939e-05 5.298542229094137e-05 3.7316351007407174e-06 4.502131948687042e-07 4.893137615150658e-06 5.152772499419685e-07 0.0 3.511906649941712e-07 1.5192086720677156e-07 3.0508667724269085e-06 0.0 0.0 9.679834173120095e-08 1.2261677393631232e-06 6.262546519854419e-07 1.4887839088176115e-05 2.0212789350204753e-06
0.0007849614172499303 0.0013979092350300453 5.3943463755303394e-05 0.0 3.0279557826866793e-05 0.0002371627195025006 0.00038355869661179005 4.232187202193399e-06 2.1899811643606272e-05 0.000710516237034859 5.480195452755975e-06 3.610711595281962e-05 0.0002316292317528597 2.9499359232032406e-05 1.2944766002996158e-06 3.943617051191849e-07 1.2948403002428203e-07 0.0 0.0 0.0 0.0 0.0 0.0 0.0 0.0 0.0 0.0 0.0 5.321245667346352e-08 0.0 2.0534273541696974e-05 1.6939397973753275e-06 0.0 0.0 5.274879317289631e-08 0.0 2.768845954049312e-07 0.0 2.548215537067783e-06 0.0 0.0 0.0 0.0 6.093395504419833e-08 0.0 1.471145445362281e-07 1.350608212184871e-05 8.694451298916507e-07 2.3325518973096464e-07 0.0 0.0 3.634119910675142e-07 8.72918086356133e-08 0.0 8.974209875827074e-07 1.3126529973603172e-06 9.545331773339043e-06 1.2860120444585294e-05 8.502886214589207e-06 1.9977542316135427e-06 4.532015460056144e-07 4.018592662520112e-08 0.0 4.539359255602429e-06 1.3090271341096686e-06 6.424713431950833e-07 6.99646119334046e-08 2.741990419592208e-07 3.935373373969117e-07 0.0 2.3058658005379615e-06 1.4591149100578803e-06 3.457894476745496e-07 5.880158028138493e-06 1.1129775901713716e-05 1.0297665291698928e-05 1.190896848246652e-06 3.192141684067612e-07 5.339919132419893e-08 3.5556126944773874e-07 0.0 4.1273785592176553e-07 3.5570243284435223e-06 4.7978342553732415e-08 1.1718805686099393e-06 2.5005334282286686e-06 6.020655556098144e-07 1.4728403866862035e-07 2.942784963015901e-07 2.315482655210468e-07 1.3174798909206143e-07 3.842127853105425e-07 0.0 5.7544467525164704e-08 1.312078359110714e-07 1.612728280079338e-05 3.363238716962289e-06 0.0 2.6510394480237674e-06 0.00014190420021669288 1.1897573652972725e-07 1.0959032492977556e-06 9.532009953046996e-07 4.931568835203246e-06 0.0 3.0190807077669694e-07 6.387345293869593e-07 8.664678907445795e-08 8.848823271098308e-06 4.019128682976289e-06 0.0 1.5578202885823498e-06 2.929876822429779e-06 1.1850410352294927e-06 1.7414550812174896e-07 0.0 0.0 0.0 0.0 0.0 0.0 0.0 0.0 0.0 0.0 0.0 0.0 0.0 0.0 0.0 0.0 0.0 0.0 0.0 0.0 0.0 0.0 0.0 0.0 7.396792802905136e-08 0.0 0.0 0.0 0.0 0.0 0.0 0.0 0.0 0.0 0.0 0.0 0.0 0.0 0.0 0.0 0.0 0.0 0.0 0.0 0.0 0.0 0.0 0.0 2.8584618135874535e-07 0.0 0.0 0.0 0.0 0.0 0.0 0.0 0.0 0.0 0.0 0.0 7.943056771921545e-08 8.3816505589822e-08 0.0 0.0 0.0 0.0 0.0 0.0 0.0 0.0 0.0 0.0 0.0 0.0 4.526330362845151e-08 0.0 0.0 0.0 0.0 0.0 0.0 0.0 1.542515046646706e-06 0.0 2.8143370534694733e-07 8.851350172262381e-05 4.172580166304552e-07 3.2086774240519974e-05 4.161025672515526e-06 0.00018939208689149994 1.6514979473121544e-06 6.586271119930869e-08 1.561443498825264e-06 1.0402652984473218e-07 0.0 0.0 0.0 9.950685595086585e-06 0.0 0.0 0.0 0.0 0.0 3.924870731219758e-05 8.337453385461637e-08
3.253071884178524e-05 0.0009729811211787694 0.0002503330888282302 3.0279557826866793e-05 0.0 4.928449135991952e-06 0.0010074071482577287 0.00013401741380734828 0.0014327983344001036 0.0003196993836640372 0.00025079119959973815 3.3561922389125054e-05 0.00035286559797887356 0.0008256739349209055 1.0973153223407024e-05 2.3514788536434186e-06 4.115989092186296e-08 0.0 0.0 2.738965224709596e-07 3.1329150604579233e-07 0.0 1.0804490518640602e-07 1.3509124250823243e-07 0.0 4.443358553951757e-08 3.9886660901744184e-08 0.0 0.0 0.0 6.0099898134488596e-05 1.6126488934596194e-05 5.633998588630619e-07 2.09505774956207e-07 5.224412901025438e-08 0.0 1.0371933735348697e-06 7.414451835234258e-08 5.158082143621297e-07 0.0 0.0 6.001983260283331e-08 0.0 4.918405675256692e-07 9.514059089867157e-08 5.416464050237753e-08 2.597708745424753e-05 2.2603777774778318e-06 3.94744677671763e-07 0.0 5.3668644982026945e-08 0.0 0.0 9.108331552870617e-08 1.2459049516759038e-06 2.0674173844553944e-06 5.687608327164335e-06 1.2905779122972694e-05 6.495700258247088e-06 5.284572516493201e-06 9.121503857226808e-08 1.0092874012283877e-07 0.0 1.2661689993127665e-05 1.2724859280560449e-06 7.381869150571234e-07 4.3941802172935246e-07 3.4340219632182746e-07 5.766329122580438e-07 1.7261035608277905e-07 1.5292891539534494e-06 0.0 0.0 6.024609553667039e-06 1.4322986594684844e-05 3.201504838222894e-05 8.949306930870499e-06 3.4305927289663533e-06 1.2266068806858227e-06 1.5143912495031126e-06 8.00047947123004e-08 1.287856475107592e-06 3.734362243509793e-06 0.0 1.3688502288517552e-06 3.7340191104244146e-06 1.6717630839724045e-06 1.266952794160382e-07 2.857743646813066e-07 0.0 8.998954656365137e-08 5.2399055791670536e-08 1.671017887161774e-07 1.3729529117796203e-07 5.743965759197239e-08 1.069279195813317e-06 0.0 0.0 2.948955746110808e-07 1.0307155185033243e-05 0.0 1.0686365954081495e-07 0.0 4.768057428783222e-07 0.0 7.797607598559206e-07 0.0 0.0 2.9688306527505153e-06 3.827580621443296e-06 5.149838627675631e-07 1.559125495812707e-06 4.855049697524366e-06 1.7338890095870754e-06 1.1338572827678018e-06 0.0 0.0 0.0 0.0 0.0 0.0 0.0 0.0 0.0 0.0 0.0 0.0 0.0 0.0 0.0 0.0 0.0 0.0 0.0 0.0 0.0 0.0 0.0 0.0 1.2879699375553691e-06 0.0 0.0 0.0 0.0 0.0 0.0 0.0 0.0 0.0 0.0 0.0 0.0 0.0 0.0 0.0 0.0 1.8673216706858892e-07 0.0 0.0 0.0 0.0 0.0 0.0 0.0 0.0 0.0 0.0 0.0 0.0 0.0 0.0 0.0 0.0 0.0 0.0 0.0 1.1043491679611079e-06 0.0 0.0 0.0 0.0 1.410998857049515e-07 0.0 3.9933140145747023e-07 0.0 0.0 0.0 0.0 0.0 0.0 0.0 0.0 0.0 0.0 0.0 0.0 0.0 2.9648045643331648e-06 4.779202641698298e-07 5.397001779034968e-07 4.164144539940352e-05 1.3991101165414403e-06 5.620011014191442e-05 6.0300389299623674e-06 1.5661029505038327e-05 2.3449006201692587e-06 2.0013903682132885e-07 5.462535855957123e-06 1.3454631875163352e-06 0.0 2.7056240540057104e-07 0.0 3.1728107004603105e-06 0.0 2.1898117754615205e-07 0.0 4.7271825628198985e-07 2.3270193682029807e-07 3.761430220181934e-06 8.336818115099117e-07
6.890917829305897e-05 0.0002426090845384775 2.4246295633625275e-05 0.0002371627195025006 4.928449135991952e-06 0.0 1.6848285035659492e-05 9.626512749597065e-08 2.1401921242721255e-06 0.00043405210487502927 3.97530307568782e-06 0.00010310694494914555 5.9542276905470924e-05 7.981804340970793e-06 8.185584417214669e-08 1.124611429857658e-07 0.0 0.0 0.0 0.0 0.0 5.646379304828179e-07 0.0 0.0 0.0 0.0 0.0 1.1221534867350315e-07 3.203932529396694e-07 0.0 2.2819460650858487e-06 6.266232507195232e-08 2.7937904076907205e-06 0.0 0.0 0.0 3.03411896761582e-06 8.4039113501515e-07 1.998792737379201e-05 7.724949901541113e-07 0.0 0.0 0.0 5.971825255348093e-08 0.0 0.0 3.0768971247125566e-07 0.0 0.0 0.0 0.0 9.111590712392707e-06 1.1558341940457262e-06 8.600238559169433e-07 0.0 2.2287055542667748e-07 3.789932777321145e-05 2.746914732564153e-06 1.1267468793274137e-06 1.7748919295407117e-07 0.0 2.4440192671431325e-07 0.0 2.2261591103542433e-07 0.0 0.0 0.0 6.058142756973278e-08 5.075933573510715e-08 0.0 3.6341156452999424e-05 5.388818632320604e-05 3.8938211644887075e-06 4.2364044361892355e-07 5.928122396034467e-08 5.868789813392489e-07 0.0 5.952222027989719e-08 0.0 1.6916999693885313e-06 0.0 6.117063397669716e-07 2.285769533061474e-07 5.454333114885639e-08 5.989463321658647e-08 1.2886120541293385e-06 0.0 2.1059432943052907e-06 7.096239846546833e-07 5.967465416138668e-06 2.159149521652084e-06 1.209832931652776e-05 0.0 1.6877449799656764e-07 2.9189926687012514e-06 0.00012912751113193632 9.999017619455382e-05 2.7077866585014343e-07 4.5682345196057815e-05 0.0001299122624775425 0.0 8.424738468843607e-07 3.861966182106589e-07 6.276620201731844e-07 0.0 5.75704678073414e-07 1.2493669009806397e-06 0.0 4.655613485996533e-06 7.98913043232717e-06 0.0 2.1978556545911803e-06 2.264663348598411e-06 5.983010464975507e-07 0.0 0.0 0.0 0.0 0.0 0.0 0.0 0.0 0.0 0.0 0.0 0.0 0.0 0.0 0.0 1.8609555004256617e-07 0.0 8.316976036406173e-08 0.0 0.0 0.0 0.0 0.0 0.0 0.0 4.4789693364845817e-07 1.3756181362511763e-07 0.0 1.3856638830888446e-07 8.801897467027737e-08 0.0 0.0 0.0 0.0 0.0 0.0 0.0 0.0 0.0 0.0 0.0 0.0 1.8402851430415947e-07 6.909928790024981e-08 0.0 0.0 0.0 0.0 0.0 0.0 0.0 0.0 0.0 0.0 0.0 0.0 0.0 0.0 0.0 8.710275965898247e-08 0.0 0.0 3.3087677024497754e-07 6.842837853170786e-07 0.0 0.0 0.0 0.0 0.0 2.8575896272151456e-07 0.0 0.0 0.0 0.0 0.0 0.0 0.0 0.0 0.0 0.0 0.0 5.6214347020054846e-08 0.0 2.8861398933359866e-06 4.732355847262304e-07 4.509932234936388e-07 2.2975921959364985e-05 1.1441232937582035e-07 1.991475146936967e-06 1.392910706767339e-07 3.376678038079841e-05 9.21707092113465e-07 1.2180495558572836e-07 1.993762729062972e-07 1.5644356319093693e-06 1.0444818066963624e-07 0.0 0.0 1.0143542911904285e-05 0.0 0.0 0.0 0.0 0.0 5.541115653285609e-05 8.458612297376843e-07
0.00011390976109332006 0.0007860306136743216 7.051857763628728e-05 0.00038355869661179005 0.0010074071482577287 1.6848285035659492e-05 0.0 9.445715086658009e-06 0.0007164402900073281 0.0013716747423913156 0.00021261489393233922 0.00013314392532029744 0.002124021157791894 0.0022617194607945953 1.4962992709065848e-05 6.518269499868743e-06 1.6284640866233172e-07 1.9934801716435412e-07 1.2214366967950087e-07 9.641658278854359e-08 3.0654432678126424e-07 0.0 1.050342373355039e-07 1.9879071619933382e-07 1.0031325039244705e-07 4.229210430749819e-08 5.819365206654653e-08 0.0 0.0 0.0 5.415972407988604e-05 1.9495292887654107e-05 1.9148850634768052e-06 9.239582457822132e-08 5.023822534367155e-08 5.1752750045914764e-08 9.792010234700346e-07 4.3774508666106996e-07 7.851182025479346e-07 4.584515096289954e-08 1.479837069635509e-07 1.8315932365335012e-07 0.0 6.096800990623803e-07 1.0782062523473248e-07 1.2511083707380707e-07 4.360028699085896e-05 2.6544382089740896e-06 4.2947247633271817e-07 0.0 5.6340054429059217e-08 0.0 0.0 5.542435550437511e-08 1.3858326030913207e-06 3.4834028719351124e-06 9.380368429814118e-06 1.7081387725828882e-05 8.504615705492569e-06 8.675910512453144e-06 4.1536813568507035e-07 2.8050980951538965e-07 9.463543887290533e-08 1.8565821586970934e-05 2.2980100107863904e-06 1.7496089593699365e-06 1.9419779131044323e-07 6.76213545451e-07 6.056847863411282e-07 2.7471597930657663e-07 4.990570408763272e-06 3.7720451057212593e-07 4.053980882702015e-08 8.601963610921555e-06 2.1410605198270008e-05 4.3723053823025255e-05 1.3073595893241206e-05 5.727179171283733e-06 1.6895366189863776e-06 2.178091230805458e-06 1.6284540068066998e-07 2.379275984090061e-06 4.388942252683845e-06 4.997814591529812e-08 2.2365598804289727e-06 5.349437745167715e-06 1.4547194528084593e-06 1.5374234651658778e-07 2.924027996741499e-07 0.0 4.689201249334157e-08 1.8369248950546064e-07 6.787020788010984e-07 5.021062277384527e-08 1.0663866190619826e-07 7.165755664725148e-06 7.622418692332006e-07 0.0 1.2060685245482564e-06 2.4506098616980073e-05 3.5892261815070205e-07 1.601226414222451e-06 1.7037424875789269e-06 1.036787060158931e-06 2.121073393379309e-07 4.908470342730255e-06 1.3689388143121193e-06 4.941037564954589e-07 4.092343372920205e-05 1.3450851976187075e-05 9.378609739697979e-08 1.5192284095582311e-05 2.276744073728908e-05 1.0044052928518136e-05 2.157854878069542e-06 0.0 0.0 0.0 0.0 0.0 0.0 0.0 0.0 0.0 0.0 0.0 0.0 0.0 0.0 0.0 0.0 0.0 0.0 0.0 5.828181417461276e-08 0.0 0.0 0.0 0.0 4.514778683340924e-06 0.0 4.3178960441719334e-07 3.8772925835932773e-07 1.36300167330256e-07 0.0 0.0 0.0 0.0 0.0 0.0 0.0 0.0 1.4411070273713957e-07 0.0 0.0 0.0 0.0 4.822825749502842e-08 0.0 0.0 0.0 0.0 0.0 3.088439683998708e-07 2.1851289345764724e-07 0.0 1.80303337442724e-06 1.400529556317564e-07 0.0 0.0 0.0 0.0 0.0 0.0 0.0 0.0 6.8668460450616124e-06 2.383635198350851e-07 0.0 0.0 0.0 1.1731055888831382e-07 0.0 1.2457054600092573e-06 0.0 0.0 0.0 0.0 0.0 0.0 0.0 0.0 0.0 9.384640695576763e-08 0.0 4.502296854486909e-08 0.0 1.2877920920933125e-05 1.5537372250095491e-06 1.8610703296965723e-06 8.344431004655373e-05 1.9298586431583816e-06 9.085971404545728e-05 1.4723033969548607e-05 3.9763056606157856e-05 4.9255381413996935e-06 4.085648803847339e-07 9.070041829251781e-06 3.6922340773397676e-06 0.0 9.398715143520248e-07 5.700614483887249e-08 9.945442421227678e-06 0.0 1.5364105887451443e-06 7.130700159130168e-08 1.2211429064279382e-06 3.343307443988055e-07 1.2240089301199525e-05 3.637336275327801e-06
2.6462854589547184e-05 0.0001545108693655031 0.0010339029356846085 4.232187202193399e-06 0.00013401741380734828 9.626512749597065e-08 9.445715086658009e-06 0.0 0.0005341638945771958 1.1070792600845256e-05 0.0008421428447413563 3.692897236538908e-06 4.6595483496543356e-05 0.00033525772293664755 2.066156088131766e-05 2.0821037619380426e-05 8.425185286954642e-07 1.2516040759597022e-06 2.144391839546681e-07 4.557041390871238e-06 1.7074313379908496e-05 0.0 2.435163497491402e-05 2.4748490684707765e-05 3.803238078003332e-06 2.5720548476790647e-06 1.1937219144182067e-05 1.5117690739123684e-06 6.791623312917221e-07 4.857767760394633e-06 0.00031871937114275474 0.00036112659150807383 1.5383906747758273e-05 9.373363183052613e-06 7.390431410477985e-06 2.5814109778149345e-06 3.5937402015914264e-06 7.3659913427962826e-06 3.5252689910965607e-06 2.4535865895967797e-06 1.9629751686180397e-05 5.219614174504698e-06 1.341837501670459e-06 2.98637403329569e-06 2.5083411735423124e-06 3.7952169913550084e-07 5.07862042443042e-05 2.284181732124345e-06 1.0019961820055818e-06 4.3879708889798707e-07 2.0867558755101127e-06 1.097609294547664e-07 0.0 1.3218684817989546e-06 6.053180060059654e-07 1.5984151170803967e-06 6.221847941819887e-06 1.9769618524046193e-05 6.13351716616621e-06 5.854227292664514e-06 2.745390942494475e-06 1.9364054836484745e-05 6.214331289514387e-07 4.815967089482484e-05 1.0486788850908908e-06 8.455083345515083e-06 5.223809490947281e-06 6.6151581245014265e-06 2.1462428970703806e-05 2.155347929297676e-05 2.8892392917966117e-06 0.0 6.009906399337613e-08 6.124225433962746e-06 1.9634722991257417e-05 4.3497067902708433e-05 2.9703379925594735e-05 5.928509540824739e-05 0.00031881089511157865 0.0011308135129321803 3.907659942287742e-06 0.000745400636202556 2.9785485636325054e-06 4.6893661551340254e-08 3.858599079844301e-06 7.761166513308088e-06 5.631268155809399e-06 4.844925545841117e-08 1.5334157542701855e-06 5.152246655546365e-08 4.620415330836776e-07 2.0138126535745778e-07 5.263846139923491e-05 1.080863576661808e-05 2.9954531297516342e-06 6.753794164343142e-07 6.478371924541564e-08 0.0 1.1391425741324648e-07 1.6686182916624294e-05 0.0 0.0 0.0 0.0 0.0 0.0 0.0 0.0 0.0 0.0 0.0 0.0 1.415371086369521e-06 1.9037031156780464e-07 3.7166154683929766e-07 0.0 1.8091125844041376e-07 0.0 0.0 0.0 0.0 0.0 1.7982004168492656e-07 0.0 0.0 2.794101458735767e-07 0.0 2.685514255383395e-07 0.0 0.0 2.7239708927015666e-07 0.0 0.0 0.0 0.0 0.0 0.0 2.181312957920558e-07 0.0 6.78487939144942e-07 8.01803689900765e-08 3.058868485667693e-07 9.068929751307824e-07 1.1023333417230462e-07 2.8267187373294263e-07 0.0 6.112400797056434e-08 0.0 0.0 1.651905506553427e-07 1.0526956476619053e-07 0.0 6.355742488339621e-08 0.0 0.0 0.0 8.450237663176611e-08 3.522382079202166e-07 0.0 0.0 0.0 0.0 0.0 0.0 0.0 5.614279161146282e-07 1.9630124341032686e-07 0.0 0.0 0.0 5.009921257673164e-08 4.680509221868264e-08 0.0 0.0 0.0 4.745946988158598e-08 5.885196771220609e-07 2.1219920275465924e-07 0.0 0.0 0.0 0.0 0.0 9.906260883817616e-07 0.0 8.880280540204028e-08 0.0 2.9045670560745066e-07 5.827324229856093e-08 0.0 0.0 0.0 0.0 0.0 0.0 0.0 0.0 4.31825464372793e-07 2.616999846826432e-07 1.2503424820798871e-06 6.559268206862228e-05 2.430474824021266e-06 7.001073237625512e-05 1.4998520639538002e-05 1.0951191851174394e-05 4.171301497215386e-06 7.68178308687523e-08 8.428548659684779e-06 8.889267543423426e-07 0.0 6.529111624793901e-07 1.3670480342470918e-07 1.8168116289753745e-07 0.0 0.0 0.0 5.294901203783332e-06 0.0 4.28987821412448e-06 6.277879936893473e-07
1.3420007878453925e-05 0.0008178677441286764 0.0004188935904310595 2.1899811643606272e-05 0.0014327983344001036 2.1401921242721255e-06 0.0007164402900073281 0.0005341638945771958 0.0 8.301905912644219e-05 0.0006361329005669836 1.8385448449620477e-05 0.0002643911413734217 0.0008193963737279728 4.10997416724786e-06 2.4712879934430354e-06 8.514041289596861e-08 6.098587819556014e-08 0.0 0.0 5.404786381089657e-08 0.0 0.0 1.601360830593013e-07 1.1219301179987806e-07 0.0 0.0 6.621399280844032e-08 0.0 0.0 1.3007998224771972e-05 4.4750049163853e-06 6.864855317566928e-07 0.0 0.0 0.0 6.36591455543914e-07 9.092142560997041e-08 2.2883194041116545e-07 5.398688092035865e-08 4.8757242239205865e-08 0.0 0.0 3.1130610472621016e-07 3.99569252874238e-08 0.0 9.213637356593514e-06 5.108430620051757e-07 4.870565776968242e-08 0.0 0.0 0.0 0.0 5.171362422973097e-08 1.1753172216068915e-07 4.4757753651525204e-07 1.3579352752355704e-06 2.0123691512602233e-06 1.437636090902163e-06 1.2424021871777193e-06 0.0 3.883037635553513e-07 5.74399640183976e-08 3.441070162094351e-06 2.1500263360782526e-07 4.34570609694348e-08 0.0 1.451334533462317e-07 4.6524687848081e-08 4.248143551899435e-08 1.153434802561869e-06 0.0 0.0 1.4548181019577348e-06 2.895669041508138e-06 8.530700533139145e-06 4.530594705871933e-06 2.6679980298641884e-06 6.562449489317938e-07 9.56241402646551e-07 6.847959690229178e-08 1.11681700199773e-06 8.264565142877864e-07 4.5022811299729856e-08 1.8689939122627882e-07 7.137158660510615e-07 1.8116572542689434e-07 5.155242377045187e-08 0.0 0.0 0.0 0.0 3.243802437643219e-07 1.0377422800286106e-07 0.0 2.8212225116902914e-06 3.0059548512057547e-07 0.0 9.554580355863525e-08 2.9097339700728097e-06 0.0 0.0 0.0 2.466131643092548e-07 0.0 1.5697707901428048e-06 1.842764656971784e-07 4.515353603825392e-07 2.035295161943177e-06 3.7148380136902206e-06 0.0 2.8651189558980245e-06 6.820369808876048e-06 3.9320720888774164e-06 5.749454582219053e-07 4.5670391134306127e-08 1.5934462795424868e-07 0.0 0.0 0.0 0.0 0.0 0.0 0.0 0.0 0.0 0.0 0.0 0.0 0.0 0.0 0.0 0.0 0.0 0.0 0.0 0.0 0.0 0.0 1.3538288627755558e-06 0.0 0.0 1.478728451084613e-07 0.0 0.0 0.0 0.0 0.0 0.0 0.0 0.0 0.0 0.0 0.0 0.0 0.0 0.0 0.0 0.0 0.0 0.0 0.0 0.0 0.0 0.0 0.0 7.41041926347886e-07 0.0 0.0 0.0 0.0 0.0 0.0 0.0 0.0 0.0 1.9883801594040936e-06 5.8435051578763776e-08 0.0 0.0 0.0 1.850557242241234e-07 0.0 3.722047118694931e-07 0.0 0.0 6.050576040234597e-08 0.0 1.093061200651163e-07 0.0 0.0 0.0 0.0 0.0 0.0 0.0 0.0 3.46684023738722e-06 1.0226787762870225e-06 2.3310300465966853e-07 2.013331197988102e-05 1.2151989071111532e-06 1.382443781646569e-05 2.173955982006064e-06 3.923885846449772e-06 1.0621805857583712e-06 6.053535071200934e-08 1.861143484973658e-06 1.1774595858308461e-06 0.0 4.779459072233056e-07 0.0 2.540873354292157e-06 0.0 0.0 0.0 5.146256422126717e-08 0.0 2.745380036132895e-06 1.2589193093376188e-06
0.0007662450784989191 0.0012384019345963856 4.8843670090631454e-05 0.000710516237034859 0.0003196993836640372 0.00043405210487502927 0.0013716747423913156 1.1070792600845256e-05 8.301905912644219e-05 0.0 3.372845117655385e-05 0.0009808364033228713 0.0038039219720223 0.00027973391893741146 3.663414700678056e-05 1.744190397911457e-05 5.117908349063377e-07 2.1216709249084144e-07 0.0 2.806525235909916e-07 0.0 7.515324995248267e-08 5.294446660500841e-08 3.5410628420629377e-07 1.8970748701857555e-07 3.448222126634618e-07 2.3312529718210053e-07 2.65338883152142e-07 1.4069040323466847e-07 0.0 4.7529172164275944e-05 2.833279635131774e-05 1.216203995865567e-05 2.112951883533985e-07 0.0 1.3122964863423242e-07 5.308941770640817e-05 3.801596293600325e-06 1.606146365859342e-05 3.127427567971906e-07 6.097550445148975e-07 2.40997295278793e-07 5.498473035047811e-08 1.4939802337048428e-06 1.8162154683013284e-07 0.0 9.715247928703028e-05 3.821200537004209e-06 3.467769753724524e-07 0.0 7.204213471302046e-08 1.760015233024539e-06 5.885809180559045e-07 1.6935007971700607e-07 1.212467413893225e-06 4.677175213659895e-06 1.9414452097143085e-05 1.80261419960849e-05 1.3672322170914521e-05 1.4057822132679456e-05 5.343374533875753e-07 9.347226754808806e-07 2.164547198940109e-07 2.838755691461049e-05 2.459950659223223e-06 2.889647596944314e-06 6.842802331897025e-07 9.95800130826377e-07 1.0245331682140596e-06 4.988621193985347e-07 0.00016372822040474152 1.669504978455731e-05 8.720812922359333e-07 1.1781568019079903e-05 3.418545118855795e-05 8.476186048812681e-05 3.5359892736175984e-05 1.7723357759424295e-05 1.777702617861843e-06 4.513394156017638e-06 2.0106469057290468e-07 3.3285041688561265e-06 6.913497266863662e-06 1.740002499004326e-07 3.5410897067901873e-06 6.603784559388761e-06 2.0607078633857505e-06 3.1299141780929933e-07 5.977084016635415e-07 1.1201972805963012e-06 6.349318500251272e-07 3.055707967231023e-06 1.94113139397716e-06 1.11627469576791e-07 9.219084666898566e-07 0.00019096298424629916 3.424112543481206e-05 2.252920942836068e-07 1.8223651075697053e-05 0.0002623308238005354 5.280573607293379e-07 1.08743291207705e-05 1.22610457681304e-05 4.097147297400779e-05 1.2526694037141885e-06 2.63005390525707e-05 2.8493003827702183e-05 9.031993247101862e-06 6.271886102963331e-05 0.00018924256936303318 3.3931619750642786e-06 6.120372210368468e-05 0.00016973600708718718 7.373154934203421e-05 1.039896130405198e-05 1.0126665226640113e-06 4.512126812610424e-07 0.0 1.6239253871159043e-07 0.0 0.0 0.0 0.0 0.0 0.0 0.0 0.0 0.0 0.0 0.0 0.0 1.5777856313367517e-07 0.0 0.0 7.501575117399875e-07 6.891867693970604e-07 0.0 0.0 0.0 1.3675546716346349e-05 2.1319693687167656e-06 4.668338073122045e-06 2.5573722884309513e-07 1.2737710079085796e-06 0.0 0.0 0.0 0.0 0.0 0.0 0.0 9.900016074549469e-08 2.2885366443194018e-07 0.0 0.0 0.0 6.786801814074776e-07 0.0 0.0 6.755381412906319e-08 0.0 2.542856183242538e-07 4.901451544663289e-07 4.205376381802811e-06 3.505316062644305e-07 0.0 5.507733160978288e-06 7.780892682173778e-08 0.0 1.8418361849034813e-07 0.0 0.0 0.0 0.0 0.0 0.0 4.364816065653307e-05 2.1087345688996153e-06 0.0 0.0 7.774195652012887e-08 3.366678829352304e-07 6.657451881898849e-07 6.461655226044559e-06 1.662927947302098e-07 5.304630823380306e-07 9.969487138341997e-07 7.388745077317454e-08 2.9035635095320345e-07 0.0 0.0 0.0 0.0 4.984089510030301e-08 0.0 0.0 4.715965178417839e-08 0.00010832210598969018 4.901993016284293e-06 7.785634941561826e-06 0.0006375315938750439 1.2592450188551836e-05 0.00020796759888354932 4.247797794836195e-05 0.0004766153736715023 1.7657280295715983e-05 2.2915059163794182e-07 3.9365900876670375e-05 2.1385190710683925e-05 0.0 5.073906554644281e-06 2.6762020369606394e-07 0.0001322303904717623 0.0 1.9829732530359726e-07 0.0 1.0085528999095741e-05 1.348418839728137e-07 0.00022997879525055666 3.843125137259429e-05
7.358996852811879e-05 0.0003689525643557039 0.0011252441585823249 5.480195452755975e-06 0.00025079119959973815 3.97530307568782e-06 0.00021261489393233922 0.0008421428447413563 0.0006361329005669836 3.372845117655385e-05 0.0 0.00010226368104623471 0.0009950175825133953 0.001273023722507531 5.277124540800666e-05 7.400944940235677e-05 6.382375500765064e-07 4.4495379250504225e-07 2.4268138265618137e-07 2.050132325418575e-06 5.345148287269848e-06 8.28256713088759e-07 6.105162295274542e-06 8.092450483952865e-06 2.797431261644643e-06 1.4068272160802033e-06 6.103542476807911e-06 2.6438576230347516e-06 2.374333398426551e-06 2.6490431161510447e-06 0.0002382656564034831 0.00010391004372614083 0.0002772019661321237 1.795016646291622e-06 2.1143189405191096e-06 7.455765898967256e-07 0.00012320458640543663 5.7584774441844695e-05 2.2213607132419103e-05 3.298450429543982e-06 1.1557436752765343e-05 4.664028245930756e-06 2.4980739771654765e-07 6.027406892279046e-06 3.086925614904176e-07 1.8649265852996914e-07 7.277841215196871e-05 1.6778675539697462e-06 2.8494278787418835e-07 1.8251428393256153e-07 7.640900923124672e-07 4.2127865791490477e-07 5.82094112550395e-07 3.1927453078378813e-06 1.077947390560799e-06 1.9512363174022292e-06 9.396323838065284e-06 2.4710918458563495e-05 9.407613718524422e-06 9.938575368752004e-06 2.740244635673265e-07 8.019104781390861e-05 9.373801263978607e-08 3.7007031602280925e-05 1.9622905579563656e-06 2.8251328838128685e-06 1.0165575052513423e-06 1.4651164530317737e-06 3.59803246571024e-06 6.393218403852069e-06 7.728277980801349e-05 3.6037220867429313e-07 0.0 7.892319627910702e-06 2.1896964107507514e-05 6.953142260533259e-05 5.8832961560769114e-05 4.68646155074231e-05 1.7373549529183478e-05 0.0002521831303870532 2.8216899571380536e-07 0.00012619048681234105 3.2808469208767184e-06 8.592209461082864e-08 2.4262340556695894e-06 4.399211880312449e-06 2.413597251651039e-06 1.1813605958197488e-07 2.5663467523584765e-07 0.0 2.2758162383018233e-07 1.9983373530368112e-07 1.625081415479473e-05 6.3919810942664446e-06 3.7482116897867355e-06 2.006068479245187e-05 1.991662905697071e-06 0.0 2.057409533696282e-06 3.937974775864197e-05 3.5794283175196174e-07 1.181886883204999e-07 1.1605090839714265e-06 0.0 0.0 1.7649892193327768e-06 1.532175025610769e-07 1.0149451539128597e-06 4.291576397117427e-06 1.3572487998078218e-05 1.4207320731250574e-06 1.0358228466736726e-05 1.67736205398871e-05 1.1329662011744546e-05 1.9589689196989502e-06 4.319427853743713e-07 4.463259095581086e-07 0.0 6.660178351336174e-08 0.0 0.0 0.0 0.0 0.0 0.0 2.2114411669178751e-07 0.0 2.733544904121521e-07 0.0 4.786576632343243e-07 0.0 3.1016355751257834e-07 4.130816381473335e-07 0.0 3.8446864734364303e-07 0.0 0.0 0.0 3.2498931869941804e-07 8.891173713352468e-06 1.039011123312537e-06 3.254865407318547e-06 1.8973458075925898e-06 1.6179492614075942e-06 6.345331650544052e-08 1.00047590777594e-07 0.0 0.0 6.195469372189362e-08 2.632508330120504e-07 8.156026362964522e-08 0.0 2.8331800207392594e-07 0.0 0.0 0.0 1.4080177149974497e-06 2.670862798417437e-07 0.0 0.0 0.0 0.0 5.3474789948832705e-08 9.497242730207287e-08 3.304910922696192e-07 7.436010869570621e-07 3.1524789120206566e-06 2.2334406086019033e-07 2.0116967387894277e-07 0.0 0.0 0.0 0.0 0.0 0.0 0.0 1.8136617798229987e-05 4.4201936838703743e-07 0.0 0.0 6.405138831271662e-08 1.4657339950128285e-06 1.0839049371511188e-07 5.211801687645317e-06 2.2363729482138314e-07 0.0 4.5557327040881844e-07 1.995652251166885e-07 3.1729947095286325e-07 0.0 0.0 0.0 0.0 4.3694634183263934e-08 0.0 0.0 0.0 1.3595678995044275e-05 4.536155712476508e-06 9.675076886741434e-06 0.00013937507099382764 4.090419403647789e-06 0.00010019780420450421 2.8123950397125407e-05 2.5262914637853766e-05 6.68541478500959e-06 4.0927373744049336e-07 1.70540674069956e-05 6.027552876247156e-06 2.740378213403085e-07 1.4291502279415178e-06 7.187666444342208e-07 1.4569143731962604e-06 0.0 7.646809348752652e-08 8.893906839500684e-08 1.308739691204719e-05 5.002290352662263e-07 9.282005079627125e-06 7.3634402782958155e-06
