0.0 0.0015865022790649778 0.0002631142605872722 0.0011489944079685892 1.980966464507766e-06 1.1502707621462405e-05 0.00011506263431349324 0.00015981263706939112 1.3507713905505069e-06 0.00046702881543531034 2.4078913698853915e-05 3.7197181478911045e-06 5.497343924338896e-06 7.26935643916374e-05 1.3391746401132186e-06 1.7672026034504496e-06 0.0 0.0 0.0 0.0 0.0 5.5482684351354805e-08 0.0 0.0 1.6211788368526103e-07 4.260775213342858e-07 0.0 0.0 0.0 0.0 0.0002137094498369961 4.822819141188125e-05 5.6688158445613634e-05 0.0 3.2886499647369726e-07 9.312730547417918e-07 1.6720711739181225e-06 6.031718925504003e-07 3.9218805731412006e-07 5.364461083265854e-08 1.061327565984356e-06 4.216709357364466e-07 0.0 1.4174154107277173e-07 5.7409127098427325e-08 2.7694893662771024e-07 4.4144526008643385e-06 1.9537058760174247e-07 1.817630159536497e-07 7.966810087256713e-08 5.4848664079641984e-08 1.3295950491599937e-07 0.0 1.2588373449289107e-07 5.844967013185617e-06 5.622729035139097e-06 8.315611588446401e-05 0.00026120851020570806 1.6900941854520242e-05 1.0670844472195757e-05 1.5843527295976677e-07 4.24106714854902e-06 3.916193781760091e-07 2.0693323131147993e-06 6.99011292091549e-07 4.2990305996095955e-07 4.452497399529566e-08 1.111723449998705e-07 3.1140447823192015e-07 3.133384169277316e-07 3.350190835626775e-07 0.0 0.0 2.7348765213364288e-05 5.1931553660101066e-06 4.272830554411553e-06 4.509267747023748e-07 3.02416469096737e-07 1.9566642964143036e-06 0.00015290738841142897 4.0827231164959757e-07 1.7266437005594913e-05 2.196417602205094e-06 3.4516523768049546e-07 2.9054042623391394e-07 2.29404887758172e-06 2.451082655741234e-07 1.403467865164298e-07 4.072114242704203e-07 0.0 1.0930144173399471e-07 0.0 5.366473380512897e-07 1.9867499217915323e-07 1.0350723093131688e-07 3.574353622811636e-06 3.3157699278140357e-07 8.359810041680187e-08 3.565305205526706e-07 0.00048821184786531046 5.803217260658113e-07 1.0607528534275306e-05 1.289571660898807e-06 1.081184729732839e-05 0.0 1.2989438092689139e-06 4.763694390157655e-06 0.0 8.014004323255643e-06 1.277964685614411e-05 0.0 7.937676797887737e-07 8.88187958920472e-06 2.2302738409389577e-06 2.219165944699607e-07 0.0 0.0 0.0 0.0 0.0 0.0 0.0 0.0 0.0 0.0 0.0 0.0 0.0 0.0 0.0 0.0 0.0 0.0 0.0 2.2023445983854328e-07 0.0 0.0 7.877229801696785e-08 0.0 1.1495721062798161e-07 4.9435910563689896e-08 1.214693763905036e-07 2.1839522542860086e-07 1.8007027251275585e-07 0.0 0.0 0.0 0.0 0.0 0.0 0.0 6.328555858637174e-08 0.0 0.0 0.0 0.0 4.6409418848532927e-08 0.0 5.078027729472507e-08 0.0 0.0 0.0 6.220423180342586e-08 2.327351425859185e-07 0.0 0.0 0.0 0.0 0.0 0.0 0.0 0.0 0.0 5.798235654433139e-08 0.0 0.0 6.961015390855809e-07 0.0 0.0 0.0 0.0 7.157385258206554e-08 0.0 5.419436390611574e-07 0.0 0.0 0.0 0.0 0.0 0.0 0.0 0.0 0.0 0.0 0.0 0.0 0.0 8.64342040381333e-07 3.4909871989846863e-07 2.8412013809962844e-07 2.8331849165997688e-05 2.4578403934151443e-06 2.398562839833217e-05 6.273819228602197e-06 0.0004374965255872569 2.1490572719323054e-06 6.788170003799636e-07 2.3832604627955684e-07 1.2243148832503734e-06 0.0 8.17127422862408e-08 2.872739033708508e-07 4.713704690735153e-05 9.719368047637148e-08 7.794275921958991e-08 0.0 8.096632137262713e-07 1.734439310059289e-07 0.00010614900102360538 5.78766679119229e-06
0.0015865022790649778 0.0 0.0005784580881943864 0.0011839078276774575 0.0010653032608063774 2.465719983588516e-05 0.0010528428768518286 0.00029247394465493665 0.000742502152027332 0.0009518399491273411 0.00019331343075139053 7.334954913091355e-06 0.00014416039554488672 0.0009319714354930696 2.2737642543818183e-05 3.8057726298694274e-06 5.381756626320071e-07 2.1842468826959008e-07 1.623000792956e-07 1.6218817388154376e-07 0.0 5.760088961030998e-08 0.0 7.343319517195835e-08 5.101130687261415e-07 2.9710043293568465e-07 5.002222174252822e-08 3.2187059134230564e-07 2.0441381464159988e-07 0.0 0.00032439963446005406 5.030687860149117e-05 0.00015900109251402504 3.7564216058603753e-07 1.1326150675362181e-06 2.1163373559982614e-06 6.153383807557113e-06 1.3318243430286382e-06 1.8751622156921715e-06 3.1048031554280374e-07 5.795394943906548e-07 1.4562136117328636e-06 1.284192142316453e-07 2.112072987617487e-07 0.0 3.991808063264209e-07 9.025293529179692e-05 2.1597269461971833e-06 1.3198081346069636e-06 4.061735810648435e-07 3.3228660283048947e-07 1.1931642800406017e-07 1.556637271116284e-07 4.1605236681457965e-07 4.4983951103798623e-05 5.043583598689621e-05 9.359546492372563e-05 0.0005638363156595126 5.1753122131899555e-05 0.00011098991898316895 1.1058659272102823e-06 5.623943829041929e-06 3.643869630048015e-07 3.456795113770162e-05 1.3300143039080183e-05 8.176498145974505e-06 7.174526605318245e-07 5.674265493194891e-07 6.45951722210465e-07 8.334812580124422e-07 2.853663088669136e-06 5.153487847191753e-07 6.882898472223177e-08 0.0002407523901209551 7.214529230348104e-05 9.356534007565999e-05 1.4408196233323387e-05 1.5533148164486668e-06 2.5905533102379443e-06 0.0003079431404365442 1.0304822707407879e-06 2.347660936187738e-05 2.397133977584596e-05 4.715862567603379e-06 4.5537958081536615e-06 2.488157103038271e-05 1.2913188183030693e-06 1.0072571556782879e-06 2.914456583563053e-06 4.5021885293003205e-07 1.3830459101378608e-06 3.2340269123139687e-07 1.2137197986598837e-06 1.0273786714070717e-06 3.8602832012563994e-07 8.066899043364009e-07 1.4833028899781518e-06 0.0 8.306589963309442e-07 0.0004328529951110862 0.0 7.375474384590706e-06 9.372182328587112e-07 9.334795874241755e-06 0.0 4.2100292482630805e-06 5.861406204392011e-06 1.6326168957075868e-06 1.7296506211274905e-05 1.3369576767747522e-05 0.0 1.8842825985870663e-06 1.0836170888849782e-05 3.6342605151542617e-06 5.280593218735876e-07 6.892672469047299e-08 0.0 0.0 0.0 0.0 0.0 0.0 0.0 0.0 0.0 6.260836345075134e-08 0.0 0.0 0.0 0.0 0.0 0.0 0.0 1.0838494864493935e-07 3.328923629574071e-07 0.0 0.0 0.0 0.0 6.675299120549934e-07 2.0504286334027523e-07 9.278385017142049e-07 1.2099597265816557e-06 2.5379748188344835e-07 0.0 0.0 0.0 0.0 0.0 0.0 0.0 0.0 7.872220282629664e-08 0.0 0.0 0.0 5.325002614913229e-07 6.088393507509795e-08 3.3752082027692835e-07 0.0 6.223685252586578e-08 0.0 0.0 0.0 0.0 2.841051397706202e-07 7.277418711814307e-07 0.0 0.0 0.0 0.0 0.0 0.0 0.0 0.0 0.0 1.4127859018529675e-06 6.594078377480019e-08 0.0 0.0 0.0 8.359523195422141e-08 0.0 1.2800049651641337e-06 1.1384754330610999e-07 0.0 1.1611805363764003e-07 0.0 0.0 4.278672104494104e-08 0.0 0.0 0.0 0.0 0.0 0.0 0.0 2.794400523125768e-06 7.09997342986534e-07 1.2492186502705526e-06 0.0003216318518708173 3.0360633551306666e-05 0.0004319918530658172 5.283001014586923e-05 0.0004996445896615125 2.3801886770272208e-05 9.520115549044342e-06 6.696738887780365e-06 6.303449138242131e-06 0.0 9.554863873209207e-07 3.4594220514797913e-07 3.274930697342716e-05 0.0 1.4123556035240085e-06 1.9090633368612765e-07 1.2074284556364276e-05 0.0 0.0003110417995187762 5.595095556160584e-06
0.0002631142605872722 0.0005784580881943864 0.0 0.0002669437809873103 0.000279641151531881 1.2138611122469208e-06 9.816211601384225e-05 0.0011247548488367099 0.0007293736935001407 5.076332553948377e-05 0.0008263338425236306 5.362786496035417e-06 0.00012538977428685146 0.0014491587494724048 2.5782726778028277e-05 7.551973128556128e-06 4.965053330740223e-07 9.498923000197098e-07 3.729381908283322e-07 3.576905885629098e-07 5.714994220968947e-07 1.0625835345451279e-07 3.1214277933834134e-07 1.320012454682049e-07 5.936079012742808e-07 2.2394386624934936e-06 0.0 7.88234618064233e-07 7.341314166001679e-08 1.8136832579302412e-07 0.0009990347958418924 0.0004498501865070603 0.00010520277048328949 3.486883432350767e-07 2.3718038393279495e-06 4.768244090171058e-06 4.252784782816872e-06 1.997951403230454e-06 8.466159964049477e-07 9.658258250075722e-07 3.7682834607670266e-06 4.369200307600865e-06 1.608657782232536e-06 2.8149864628840766e-07 1.8518167988526131e-07 8.728627763190021e-07 7.517454643492867e-05 3.138857083329093e-06 8.060723134092218e-07 3.0347008530916464e-06 1.2716825165259875e-06 2.1250785390736187e-07 4.118049358692441e-07 6.728068252163215e-07 3.371458014023897e-05 3.2905208197663697e-05 4.447666773803473e-05 0.0002555637970997008 3.3984026783422985e-05 7.900082944693668e-05 5.9103678571161206e-06 1.9740527792640105e-05 1.9146897683291183e-06 4.548251005348708e-05 9.219998995236348e-06 7.455858597789642e-06 1.055281663669067e-06 1.3485469235454646e-06 6.514454631657199e-06 9.080866890070973e-06 1.5681760477381e-06 4.6183720687809956e-07 8.184665961326052e-08 0.00017080614187984765 8.552479872716838e-05 0.00010102965103900284 1.6904320472527506e-05 2.828584348647312e-06 1.7746191832446896e-05 0.0006402113739381659 1.4369893819706004e-05 6.882638534523801e-05 1.9161276826352712e-05 2.730721004357477e-06 3.831203756660345e-06 1.9160932382523724e-05 1.2369986395119942e-06 1.450055212302717e-06 2.5508319466466663e-06 3.921835166536227e-07 2.109026075793153e-06 3.701175434609771e-07 5.2098101485487e-06 3.980683348572732e-06 7.542976475444019e-07 5.830946289668746e-07 8.373350278420241e-07 7.053887140753887e-08 1.5045475824585167e-06 3.8525611443467047e-05 0.0 1.2939362646816371e-06 0.0 9.056271469915131e-07 0.0 4.112669415629077e-07 9.114641146086197e-07 1.5295441275211954e-07 2.0394979129642244e-06 6.856416388336099e-07 0.0 3.3975952025885515e-07 2.7023194269919746e-06 2.735268607691952e-07 2.0607653248259024e-07 5.291801189589021e-08 0.0 0.0 0.0 0.0 0.0 0.0 0.0 0.0 0.0 7.041080034169773e-08 0.0 1.4895680495979956e-07 0.0 0.0 0.0 5.85192864323784e-08 1.8090341618295074e-07 0.0 0.0 0.0 0.0 2.047298407532975e-07 4.670262010181827e-07 2.3547919364138518e-07 2.357378247753514e-07 9.0744176471866e-07 6.020927235459207e-07 1.659038137316615e-07 9.517445647103428e-08 0.0 0.0 0.0 0.0 0.0 0.0 0.0 7.113721597984823e-08 0.0 0.0 0.0 2.2117072345220041e-07 4.004131422285561e-07 0.0 1.517222215594195e-07 1.7322685720596223e-07 0.0 0.0 0.0 0.0 1.6841249328303262e-07 2.176637320971605e-07 0.0 0.0 0.0 0.0 0.0 0.0 0.0 0.0 3.218076459537963e-07 1.0879555459239185e-06 3.6929106285632784e-07 0.0 1.4472627286072005e-07 7.847959263468015e-08 0.0 0.0 1.3076103222757517e-06 0.0 0.0 0.0 0.0 0.0 0.0 1.0072272554932283e-07 0.0 0.0 8.416724262510528e-08 5.01368155363124e-08 6.869466220879374e-08 0.0 5.114127909885615e-07 5.151028944470298e-07 9.733638070137306e-07 0.0002028507294910837 1.973193324202747e-05 0.00030282358332128773 4.003199870732688e-05 6.847653053783567e-05 1.3009621704844409e-05 5.964609873517642e-06 4.649797558817944e-06 1.060771791712092e-06 0.0 1.719734323154831e-07 2.2975656898837565e-07 1.5880926549067624e-06 0.0 0.0 0.0 1.0798001987373e-05 1.205945853448829e-07 0.0001187476778425584 8.675507116280028e-07
0.0011489944079685892 0.0011839078276774575 0.0002669437809873103 0.0 1.597798383286199e-05 0.0002459832581453192 0.0003483012447758153 1.7251068442320564e-06 6.406187100247911e-06 0.0014539147928464085 8.449490337538604e-07 5.5873265407176215e-05 5.3560215318938917e-05 1.5213153894974641e-05 1.0836286276937578e-07 0.0 0.0 0.0 6.8871439254729e-08 0.0 0.0 0.0 0.0 0.0 0.0 0.0 0.0 0.0 0.0 0.0 8.238847209412122e-06 1.2598287331900504e-07 4.346666273348222e-06 0.0 0.0 0.0 8.08724821276035e-08 0.0 0.0 0.0 0.0 0.0 0.0 0.0 0.0 0.0 2.9139179300248454e-06 2.043640667535729e-07 7.24172641906231e-08 0.0 3.838144426354831e-08 0.0 0.0 0.0 2.5591803047052287e-06 3.768598239161817e-06 1.61492056154296e-05 0.00010730997107850054 8.42946560026426e-06 7.878536074472969e-06 0.0 6.927790554760768e-08 0.0 1.2697645794779348e-06 7.368982031157733e-07 4.505651747659118e-07 1.0739688226927663e-07 0.0 0.0 0.0 2.111897599782129e-07 0.0 0.0 1.995645320747161e-05 2.4114350199992642e-06 2.6316072837225955e-06 5.377417722932915e-07 0.0 0.0 4.411901691884036e-06 0.0 5.517539515219632e-07 1.1192918370650635e-06 4.1935634369521557e-07 2.235878694622141e-07 2.173382249448507e-06 9.917419309993309e-08 4.47222579760692e-08 3.2846369148400433e-07 1.5033432301453673e-07 8.762740279117708e-08 0.0 1.574507374943208e-07 4.186770036441903e-08 4.9979175509229657e-08 3.983886507997807e-07 0.0 0.0 4.741499185007921e-08 0.0001315882041928058 1.3900672826764273e-06 2.0078285302884873e-05 2.2686439142566713e-06 7.519723978140628e-06 4.2603365829662013e-07 7.160308311617491e-06 6.687697233249702e-06 3.0459000802791454e-06 1.565269081514276e-05 2.4203771343763125e-05 0.0 3.6920247624222237e-06 1.3295560528614196e-05 4.396370726034301e-06 2.982245287529667e-06 0.0 0.0 0.0 0.0 0.0 0.0 0.0 0.0 0.0 0.0 0.0 0.0 0.0 0.0 0.0 0.0 0.0 0.0 0.0 1.4952058648747327e-07 4.4466231611935055e-08 0.0 0.0 0.0 0.0 0.0 0.0 1.0618065735091747e-07 0.0 0.0 0.0 0.0 0.0 0.0 0.0 0.0 0.0 0.0 0.0 0.0 0.0 0.0 0.0 0.0 0.0 0.0 0.0 0.0 0.0 0.0 1.6005776800932583e-07 0.0 0.0 0.0 0.0 0.0 0.0 0.0 0.0 0.0 0.0 2.4253428669409835e-06 0.0 0.0 0.0 0.0 0.0 0.0 1.726146623328298e-06 0.0 0.0 0.0 0.0 0.0 0.0 0.0 0.0 0.0 5.6469036724152725e-08 0.0 0.0 0.0 2.9091831916646457e-06 0.0 8.945846594168337e-08 1.2561798092131682e-05 1.278189221919158e-06 1.5136315921545308e-05 2.541647971994452e-06 0.00033781209383331823 1.4477043850189336e-06 8.608492852189429e-07 0.0 3.3650960103480042e-06 0.0 0.0 4.3910016779835216e-08 6.0519894411418675e-05 0.0 0.0 0.0 3.0580300753375326e-07 0.0 0.000260547565692037 1.4242410029773293e-05
1.980966464507766e-06 0.0010653032608063774 0.000279641151531881 1.597798383286199e-05 0.0 4.815041613293037e-07 0.0007003989569499886 1.676448609568929e-05 0.0013901416022715576 0.0004561004944592997 0.0003105688147299001 3.92249093824392e-06 0.00021681661434812328 0.0007515693910510603 1.4117570949476725e-05 4.12921869212641e-06 8.839588706999784e-08 0.0 0.0 0.0 0.0 0.0 0.0 0.0 0.0 0.0 0.0 1.4784822778233908e-07 1.0649563833891706e-07 6.063065497446574e-08 8.972270131833736e-06 1.6026912803764115e-06 1.5677334587544517e-06 0.0 4.686586778029994e-08 0.0 3.4650543999556464e-07 0.0 5.369993421443218e-07 0.0 4.874514168305578e-08 1.1335093268245095e-07 0.0 5.8200050986986455e-08 0.0 9.462142846227215e-08 3.3902201746615096e-05 3.3054237498834724e-07 3.2864670068294516e-07 5.3844721471064606e-08 0.0 0.0 9.842090009603408e-08 1.1050748232388706e-07 4.2808181164749574e-06 4.9454244959699964e-06 1.5636430954299885e-06 8.251919693805641e-06 3.2424514196930533e-06 1.1385272261758096e-05 0.0 5.21999804008337e-07 0.0 4.466839210772602e-06 1.8764043468151812e-06 1.1160141522809054e-06 1.8646594074848065e-07 4.594617500484597e-08 5.951165228614662e-08 5.090587222134315e-08 4.544317143992016e-08 0.0 6.707557587037287e-08 1.997447014635446e-05 9.69350723672843e-06 1.7198901375919956e-05 3.2908065823115373e-06 1.0112765213381182e-06 5.724370813526592e-08 1.1017025627994523e-06 1.9166225718598055e-07 4.3776749037390897e-07 2.321416666821594e-06 3.1531667208410544e-07 3.40365540862756e-07 2.3419269074665117e-06 2.204124781698553e-07 4.552838150053962e-07 3.073476585545167e-07 0.0 2.8136350697060255e-07 4.466667668992454e-08 1.0605515568149094e-07 1.2646411580065496e-07 1.3529053273329414e-07 1.7888982748459346e-06 3.240551314063171e-07 0.0 3.4111805886723587e-07 1.1309317302086066e-06 0.0 1.0881585218091403e-06 1.432566424268849e-06 1.2498858636709155e-06 0.0 4.622402676756052e-06 1.927015230460927e-06 9.217849908983941e-07 7.267425624905421e-06 4.622888212284279e-06 4.262552116575449e-07 2.335779058962068e-06 2.1858142505253654e-05 5.816813075468543e-06 3.256173604429521e-06 5.479222739994754e-07 1.1064061500419196e-07 0.0 0.0 0.0 0.0 0.0 0.0 0.0 0.0 0.0 0.0 0.0 0.0 0.0 0.0 0.0 0.0 0.0 2.0457283423196404e-07 0.0 0.0 9.376663304481896e-08 0.0 1.6084450304210315e-06 8.648080755092349e-07 1.5245181437361206e-06 1.712881591776181e-07 0.0 0.0 0.0 0.0 0.0 0.0 0.0 0.0 0.0 3.751080670029188e-07 0.0 0.0 0.0 0.0 0.0 0.0 0.0 0.0 0.0 0.0 0.0 0.0 1.2216784702885096e-07 2.368276386058784e-06 0.0 0.0 0.0 0.0 0.0 0.0 0.0 0.0 0.0 4.110491467883776e-06 3.5735296537196273e-07 0.0 0.0 0.0 0.0 0.0 2.8435691103420892e-06 0.0 0.0 0.0 0.0 0.0 0.0 0.0 0.0 0.0 4.7781659832536314e-08 0.0 0.0 0.0 8.646277161008393e-06 3.5853185204029724e-07 1.1098538298231543e-06 0.00013820495940380906 4.055384471736334e-06 0.00011235288442038962 2.328899105809214e-05 1.0574539671032452e-05 8.52500306196116e-06 6.338062014375725e-07 3.863153715495095e-06 1.4360621604456023e-06 0.0 7.59109885846518e-07 3.755054584063332e-07 6.809609433374713e-06 1.2251336942549618e-06 6.713886212999607e-08 0.0 7.85385338488046e-06 0.0 1.9854334331723835e-05 7.218780860118093e-06
1.1502707621462405e-05 2.465719983588516e-05 1.2138611122469208e-06 0.0002459832581453192 4.815041613293037e-07 0.0 1.7599645687298657e-05 5.121334504069598e-07 1.8978882954440332e-06 0.00035230581733034286 7.558294901722751e-07 7.353445568278929e-05 5.8247032210696885e-05 9.657149293437965e-06 1.0730976075780758e-07 6.071557690252107e-08 0.0 0.0 0.0 0.0 0.0 7.477745578274115e-07 0.0 0.0 0.0 0.0 0.0 0.0 0.0 0.0 5.581814050243221e-06 0.0 5.191684899477316e-06 0.0 0.0 2.0081507750469765e-07 1.2557260817835108e-05 2.916123803475358e-06 3.075644731638063e-06 0.0 0.0 1.9903578817430994e-07 0.0 0.0 0.0 0.0 1.3832298969294302e-07 0.0 0.0 0.0 6.539083003759294e-08 4.742056596104684e-06 1.1072574338437476e-06 0.0 1.9951531022156459e-07 1.4920634512547536e-07 5.242462481960779e-05 9.045387648196643e-07 1.2601012692928488e-07 1.3596519706168265e-07 9.316224283388701e-08 1.5545986174574586e-06 0.0 0.0 0.0 0.0 0.0 0.0 5.6781293959006946e-08 0.0 2.7880789120337106e-05 0.00010687838852083569 3.4906926766950464e-06 0.0 0.0 0.0 0.0 0.0 0.0 1.0656931152021626e-06 0.0 6.599963099210714e-07 0.0 2.0465503883840444e-07 0.0 0.0 0.0 7.921099431681164e-07 6.893979002300468e-07 3.97165520990331e-06 5.662631111872944e-07 2.8866163919801313e-06 0.0 0.0 1.1416972760821303e-06 0.00010375274131225356 2.43201805913734e-05 1.1051756609537529e-05 2.387433709252934e-06 0.00014871291809652576 0.0 5.266502713113625e-06 8.36815668895165e-07 6.44334269480778e-06 1.7470990059654978e-07 5.873924496669758e-06 6.731866295997218e-06 1.6270195862096207e-06 1.516540321582428e-05 2.2466280439725334e-05 0.0 3.5348354634249107e-06 1.542362529802236e-05 4.099623184742852e-06 1.1099421025785735e-06 0.0 0.0 0.0 0.0 0.0 0.0 0.0 0.0 5.376775534617533e-08 0.0 0.0 0.0 0.0 0.0 0.0 0.0 1.2470569035504545e-07 0.0 0.0 0.0 0.0 0.0 2.6781831795210485e-07 0.0 9.0558860926106e-07 2.3652233642805232e-07 1.3780707804640502e-07 5.839677349515172e-07 0.0 0.0 0.0 0.0 0.0 0.0 0.0 5.0502448042367094e-08 0.0 0.0 0.0 0.0 0.0 1.9743574238178484e-07 0.0 1.3048727606345089e-07 0.0 0.0 0.0 0.0 0.0 0.0 0.0 7.013264951281723e-08 0.0 0.0 0.0 0.0 3.904223899652244e-08 0.0 0.0 0.0 0.0 9.611743846139897e-07 2.4471364101510836e-06 4.7088610974357895e-08 0.0 0.0 0.0 1.3517112815473373e-07 3.408146385552193e-07 6.178232244120835e-07 0.0 0.0 0.0 0.0 0.0 0.0 0.0 0.0 0.0 1.4112680252934656e-07 0.0 0.0 6.0335854778395315e-06 1.8631830046494079e-06 1.8002181736234922e-06 2.0324021597760094e-06 4.282161531339486e-08 1.1172686094320216e-06 1.1796637258434234e-07 7.760050097900458e-05 0.0 0.0 0.0 8.342894859336754e-07 0.0 1.4074255717417092e-07 1.5083892803054448e-07 2.8265531619953393e-05 0.0 0.0 0.0 0.0 0.0 5.5181067228235754e-05 1.842234998668679e-05
0.00011506263431349324 0.0010528428768518286 9.816211601384225e-05 0.0003483012447758153 0.0007003989569499886 1.7599645687298657e-05 0.0 1.046434572581798e-06 0.00017748837464686082 0.0018107852411392324 4.062494546013401e-05 1.8493625917915375e-05 0.0009119985565362905 0.00041894557008741157 9.579227690737791e-06 3.9206838164655125e-06 6.815517900315829e-08 1.3339376828348082e-07 0.0 0.0 1.5225625725876416e-07 0.0 0.0 1.399944029631011e-07 0.0 5.274329937122922e-08 0.0 0.0 0.0 0.0 6.347318108994636e-06 7.822887389104948e-07 4.781207244978465e-06 0.0 1.6827613840597258e-07 3.3908145686662406e-07 2.0302498995633243e-06 2.325236481386168e-07 1.7009088154796322e-07 0.0 2.5936335727634245e-07 6.925190287000032e-08 9.644961993443276e-08 1.5382383990134537e-07 0.0 1.0814075629683231e-07 2.599622213876815e-05 3.308328807872212e-07 1.8198711298486727e-07 5.753750687773002e-08 8.193677178638862e-08 0.0 0.0 2.328103786291169e-07 7.916673799105896e-06 6.9690888074191835e-06 1.3465429763544043e-05 7.614105925672424e-05 8.364004930237516e-06 1.8749249803305512e-05 0.0 7.967838842709763e-07 0.0 6.123958735730464e-06 1.961558340567972e-06 2.1097475423686226e-06 2.66062262525466e-07 2.624151506322878e-07 0.0 1.8330303627248953e-07 9.755692559832333e-07 0.0 0.0 3.874814808570882e-05 1.1523601441799096e-05 1.6188267621734962e-05 2.9050328961236893e-06 1.2007215855799956e-07 0.0 7.118118192200107e-07 2.1148770705781695e-07 2.8978595304417747e-07 3.8582094507359115e-06 5.866835612356062e-07 5.994816540297932e-07 4.581639057929311e-06 1.7128460897280998e-07 2.1485361957668165e-07 2.663094358879364e-07 9.938933422499969e-08 2.1911129916578855e-07 4.389321440653583e-08 1.7749928429438984e-07 2.3659611572960388e-07 0.0 7.858959708128145e-06 1.0738526821159094e-06 0.0 3.484283550481856e-07 2.6869548004574112e-05 2.958655533632567e-07 2.7720099602386316e-06 2.7528328961049198e-05 5.756578619491745e-05 2.0896513218490964e-07 1.8391956159154654e-05 3.538755429781644e-06 2.686394835399906e-06 5.664841417291089e-05 2.4087764941494087e-05 0.0 9.488583784398247e-06 4.168367961436908e-05 2.1765411798818334e-05 8.7764204145081e-06 0.0 1.1125720582838663e-07 0.0 0.0 0.0 0.0 0.0 0.0 0.0 0.0 0.0 0.0 0.0 0.0 0.0 0.0 6.91692191145414e-08 0.0 0.0 7.108045129210084e-08 0.0 0.0 0.0 0.0 2.9230985667127563e-06 1.304487383329974e-07 4.1965354150152224e-07 1.387406404172734e-07 0.0 0.0 0.0 0.0 0.0 0.0 0.0 0.0 2.882134599280981e-07 2.854320223861284e-07 0.0 0.0 0.0 7.669331866222425e-08 0.0 5.3203327449691444e-08 5.195508122753026e-07 4.9625190504819e-08 7.85541372883552e-08 3.007482876706298e-07 0.0 0.0 1.443828291347161e-07 2.094953806775492e-06 0.0 3.4359601178188443e-07 4.1306330660663887e-08 0.0 0.0 0.0 0.0 0.0 0.0 9.420725764612213e-06 0.0 0.0 0.0 0.0 1.6785146637985048e-06 1.6573527869199728e-07 2.654389893411343e-06 5.0004052669008366e-08 1.83524499591988e-07 2.964258554329572e-07 2.6812415008804004e-07 0.0 0.0 0.0 0.0 0.0 6.234842028457346e-08 0.0 0.0 0.0 2.8718564444322172e-05 1.2021400982098178e-06 2.16993939974664e-06 0.0001170743048143255 5.8556336067474105e-06 0.00011568753572336811 1.9007706578481223e-05 6.40706678311559e-05 8.319153565719205e-06 3.2708393364878804e-06 1.8668613930751624e-06 2.127158730771852e-06 0.0 2.5270024767466517e-06 5.559158688384418e-07 2.42737487168363e-05 0.0 1.42680210078817e-06 0.0 5.703466236455221e-06 0.0 8.231737817842013e-05 1.832990338024602e-05
0.00015981263706939112 0.00029247394465493665 0.0011247548488367099 1.7251068442320564e-06 1.676448609568929e-05 5.121334504069598e-07 1.046434572581798e-06 0.0 1.2974773418617536e-05 1.3330197265725756e-06 0.0011054295121164053 1.2652540828583877e-06 8.664482173920413e-06 0.00032775384560677565 7.679720126621447e-05 5.068607921210734e-05 1.483824364898529e-06 1.8588414482559436e-06 5.869593484770466e-07 9.414458739848539e-07 5.82327994396211e-06 1.2675586288490567e-07 1.0679031884420586e-06 7.60020391180725e-07 4.632610695765266e-06 9.287079989671126e-06 1.1944465342663208e-07 2.5082103229883646e-06 2.9511303535877684e-07 3.870984785559602e-08 0.0009239994604398706 0.0009207713155994968 4.368786522869485e-05 1.2666530050464612e-06 1.732983397115173e-05 1.661447170915696e-05 5.7736201035869945e-06 5.2171300277100205e-06 1.3001278475931382e-06 1.6265561462042554e-06 2.0962735224150435e-05 2.125874377616171e-05 3.6836412271078683e-06 1.2490083810298016e-06 4.920707671029629e-07 3.3954327741262255e-06 0.00010830498636586407 2.407578008678335e-06 1.648237816157951e-06 6.010899080630544e-06 2.089788448509811e-06 6.856373425712693e-07 9.870857602151027e-08 1.8138515099825657e-06 9.160124138346894e-06 1.0191253311714882e-05 1.0316506039108079e-05 7.967116043521186e-05 8.621865142374851e-06 2.65099757881683e-05 3.144042852699809e-05 5.7107240638891884e-05 1.3921280273560405e-05 6.084700740432991e-05 3.0656619801986105e-06 3.871337458531801e-06 1.327864301805674e-06 2.463359096747956e-06 1.8089492482624416e-05 3.731216593993354e-05 1.0780262919547453e-06 7.987658664992457e-07 5.233407395178774e-08 5.118499869409823e-05 4.629772853701251e-05 7.281056063860028e-05 2.333722922795598e-05 5.551549809045506e-05 0.0004335513687844646 0.0007371365385842451 0.00016916825879877156 0.00035579371204367844 8.864060587102982e-06 9.539270402530798e-07 2.058049205907178e-06 8.066841748075004e-06 1.8495413458899326e-06 4.1960889703290697e-07 2.1148083979117945e-06 1.6180906088766686e-07 2.2889128856840713e-06 1.455138973741585e-07 3.206752857485172e-05 1.1074145368380376e-05 1.8395837706764248e-06 1.404773105679844e-06 1.1609924076792216e-06 5.189448206132886e-08 9.347364789095672e-07 1.3038393712637682e-05 0.0 2.0070210767235197e-07 0.0 0.0 0.0 4.6127488209207267e-07 0.0 7.102752751433792e-07 8.212652315869971e-07 5.534916320661075e-07 0.0 0.0 1.8549249066891743e-06 1.3286074040495758e-06 1.9992728190450802e-07 1.668213519444149e-07 0.0 0.0 0.0 0.0 0.0 0.0 1.75064766720632e-07 0.0 8.660329733464053e-08 4.2108981158691577e-07 0.0 4.4309501646410905e-08 1.6764793866931655e-07 1.0489790146582335e-07 4.857425913477751e-07 0.0 6.556626932519472e-08 5.482128505451843e-08 0.0 0.0 0.0 2.7080749392759376e-07 0.0 1.6891834505121807e-06 8.297831955350429e-08 2.334695590479482e-07 4.558916975373623e-07 3.603107651261537e-07 3.38136266288703e-07 2.928872531057579e-07 0.0 0.0 0.0 0.0 6.634366255999413e-07 0.0 0.0 0.0 0.0 6.557974338148644e-08 2.1948898435990566e-07 1.7456443191926623e-06 1.312819045135489e-07 0.0 0.0 4.387495207582446e-08 0.0 0.0 0.0 7.089881136599268e-07 1.0318699538294007e-06 0.0 0.0 0.0 0.0 0.0 5.348157153576341e-08 0.0 0.0 0.0 1.6670238310204245e-06 2.2129281962625394e-07 7.229972797165826e-08 0.0 7.610024344281217e-07 1.019577787730729e-07 0.0 2.520065444082635e-06 5.5742132289688087e-08 0.0 5.2318782988144014e-08 0.0 0.0 0.0 5.617887822792304e-08 0.0 0.0 6.055283345602665e-08 0.0 1.8882955391479783e-07 2.4392850743341297e-07 1.2604115391847939e-06 1.1637901941715938e-06 1.8090395064313112e-06 0.0002348549847626303 1.1242229335872282e-05 0.00027147206112942106 6.678609857612228e-05 1.9287565528591886e-05 9.28791473157664e-06 2.525446043162105e-06 8.222051933306626e-06 2.209309614638435e-06 1.1068541704530323e-07 1.8392291039297865e-06 9.862634890471323e-07 1.918268297597348e-06 0.0 5.110309831834261e-08 0.0 2.188538585402662e-05 2.3068960718951236e-07 3.087382292716706e-05 1.5050838306043362e-06
1.3507713905505069e-06 0.000742502152027332 0.0007293736935001407 6.406187100247911e-06 0.0013901416022715576 1.8978882954440332e-06 0.00017748837464686082 1.2974773418617536e-05 0.0 0.00028582822232601666 0.0004007890899415065 9.023541469341342e-06 0.0006190990124285411 0.0005816185939764286 1.2273614648156191e-05 7.747669238424276e-06 1.1115178018125822e-07 6.413621209821546e-08 0.0 0.0 1.005601043019069e-07 0.0 0.0 0.0 0.0 6.477721701199643e-08 0.0 0.0 0.0 6.194818614470035e-08 3.4929786902307253e-06 4.576543677930684e-07 9.965347103844951e-06 0.0 1.2432604997567167e-07 2.125152212254918e-07 2.183281021179115e-06 1.107700624175493e-07 1.150980322029389e-07 5.201383840341089e-08 1.1714494394686123e-07 3.76134700050922e-07 0.0 0.0 5.2178636723883955e-08 0.0 1.8136553839988496e-05 1.833550705695913e-07 2.750301216757508e-07 0.0 4.767093460431752e-08 1.6172480783877826e-07 2.8718127646931695e-07 5.8087942979721014e-08 2.0775337653705985e-06 1.8834739236744667e-06 4.645404080679163e-07 2.442127100108699e-06 1.0194887238970642e-06 4.1282720480226075e-06 2.2711480820894323e-07 3.407469434814729e-07 7.662581975015662e-08 2.156203393651236e-06 4.7033350943159174e-07 2.4151643590092393e-07 4.0839231114472456e-08 0.0 0.0 4.287142172834892e-07 3.32123637174618e-06 6.069124127760621e-07 0.0 5.927299012165423e-06 3.0236264747732333e-06 9.601632161809524e-06 1.4821882993197215e-06 5.436008708066746e-07 0.0 2.763645266092728e-06 0.0 6.475562797216006e-07 1.1201472177517878e-06 1.1071455187823957e-07 3.704100430342904e-07 1.2414125924279632e-06 0.0 6.327412332523249e-08 0.0 0.0 1.9490040092093522e-07 4.034039196551269e-08 2.441169319809923e-07 2.2098353054270217e-07 1.6819480527190804e-07 4.02524661911609e-06 6.675400577942775e-08 0.0 0.0 1.0837339407891029e-06 5.788140724239587e-08 5.360256020027351e-06 2.1214318420141546e-06 1.6698523055603366e-06 2.1003488864457683e-07 9.69466153887162e-06 1.5958017477805298e-06 3.9808607044564085e-06 2.9478090820001772e-05 1.8454645431258457e-05 2.092802257246921e-07 4.988923615132474e-06 4.939027225318457e-05 2.171866864463901e-05 6.789493146480185e-06 0.0 0.0 0.0 0.0 0.0 0.0 0.0 0.0 0.0 0.0 0.0 0.0 0.0 0.0 0.0 0.0 1.199016200966003e-07 0.0 0.0 1.052612636416294e-07 2.507470423646627e-07 0.0 0.0 0.0 4.984585908009981e-06 0.0 6.312618108133806e-07 1.447463067564937e-06 7.42390402111603e-08 0.0 0.0 0.0 0.0 0.0 0.0 0.0 1.0015553531051084e-07 0.0 0.0 0.0 0.0 0.0 0.0 0.0 0.0 0.0 4.7070949991743535e-08 0.0 1.3864526082070714e-07 0.0 0.0 2.457697594144574e-06 0.0 3.04374982670396e-07 0.0 0.0 0.0 0.0 0.0 0.0 0.0 1.2860196723057067e-05 2.6198358207606466e-07 1.2430498028191907e-07 0.0 0.0 1.5608385397518184e-07 0.0 7.999934797285719e-06 0.0 0.0 0.0 0.0 0.0 0.0 0.0 0.0 0.0 0.0 0.0 0.0 0.0 2.2725363121797093e-05 1.9247570429417384e-06 1.7815171128467264e-06 0.00010492718014958546 2.6216803290255575e-06 6.0720543028052254e-05 1.9780082058638774e-05 7.655971776650264e-06 4.172358738943891e-06 2.4208546555744443e-07 2.731583192819182e-06 2.4261197282882148e-06 0.0 1.7493446905894928e-06 7.967528875099753e-07 8.493906994913836e-06 0.0 0.0 3.6981011952125567e-07 4.920033678796172e-06 0.0 1.5357223852663344e-05 1.5579084531407577e-05
0.00046702881543531034 0.0009518399491273411 5.076332553948377e-05 0.0014539147928464085 0.0004561004944592997 0.00035230581733034286 0.0018107852411392324 1.3330197265725756e-06 0.00028582822232601666 0.0 4.31525868740574e-05 0.0005754215134441516 0.003582860070168624 0.0002728748675052471 1.6950161479146442e-05 7.83371875526109e-06 1.8832349537290849e-07 5.579654946882138e-08 1.908293161089948e-07 0.0 0.0 4.1098960110686383e-07 0.0 6.106434593573718e-08 6.44722139003362e-07 1.2520675802930592e-07 0.0 0.0 2.6733956768850414e-07 6.845343479622392e-08 6.2742941649682415e-06 9.433380881268737e-07 1.5067556500256421e-05 0.0 3.478414586000764e-07 9.047589675591947e-07 9.43155493118494e-06 1.5466166572570755e-06 1.6543450559791373e-06 4.071183535932854e-07 2.857999059278405e-07 6.638160891122279e-07 0.0 6.942853199073521e-08 0.0 6.251272016143666e-08 3.1326712891165734e-05 3.629769721528247e-07 5.592689022175813e-07 3.137671009425481e-07 6.511683397738286e-08 4.5685934701961304e-07 6.113293820798123e-08 4.0935329434566444e-07 6.938146116294255e-06 6.900850896424092e-06 2.5361856857251663e-05 0.00011718261457194797 8.350712339577425e-06 1.9075281771715745e-05 3.5902273217032573e-07 2.0049129882619616e-06 4.765609384780527e-07 5.305760186492407e-06 2.0342766164624584e-06 1.4701042157414476e-06 9.580113193497374e-08 1.6187035015708547e-07 1.0308136714260251e-07 1.515673824638475e-07 2.3916559861611054e-05 9.78870686620964e-06 1.301185757173717e-07 3.8340920595475335e-05 8.97173967528109e-06 1.9691550035363754e-05 3.0697626436190883e-06 7.815087196818126e-07 3.1169867894503735e-07 6.245851586596124e-07 1.9772425119045423e-07 1.6508951283780107e-06 3.4913389361692047e-06 1.2441593833154014e-06 6.259437165625843e-07 3.1073383843371045e-06 1.7392212494214576e-07 4.3754688887949076e-08 5.76422597867734e-07 5.156172593104943e-07 2.0185059892778208e-07 1.6361405061373085e-07 4.4478125119618805e-07 4.1748438565834606e-07 4.523847769291575e-07 0.00012795884442024422 2.59285316442715e-06 7.205226647662375e-07 1.1950137245051326e-06 0.0001487929794887011 4.520735146520636e-06 5.913792000711674e-05 1.8142624436164946e-05 5.281983031947376e-05 2.5238333947856642e-06 8.910424963371167e-05 5.0593968350850645e-05 2.78742433852014e-05 0.00022236479157129393 0.00020088656949032862 0.0 5.134930076089755e-05 0.00035721704809301867 0.00013437505330488988 4.90947324664859e-05 1.1558013232917423e-06 0.0 1.002310157518663e-07 0.0 0.0 0.0 0.0 0.0 0.0 0.0 0.0 0.0 6.250315004412781e-08 0.0 2.0016575662204547e-07 0.0 5.647455497727844e-08 3.3704033993163673e-07 0.0 9.094222966368132e-07 0.0 0.0 6.799726563603142e-08 3.0458390450551796e-07 2.2922730603130452e-05 0.0 5.164208693928654e-06 2.1914995427167274e-06 1.792244748064015e-07 0.0 1.0532014430289468e-07 0.0 0.0 0.0 0.0 0.0 0.0 8.778170549710957e-07 0.0 0.0 0.0 0.0 0.0 5.8777518811456733e-08 1.3031909154219612e-07 0.0 1.8376977565297578e-07 6.057812802213154e-07 9.342760520762169e-07 0.0 0.0 9.800879470157256e-06 0.0 2.7190475804299353e-07 0.0 0.0 0.0 0.0 0.0 0.0 0.0 6.499131447975395e-05 2.6542913302072043e-07 0.0 0.0 0.0 4.775684451192289e-06 1.2609740537009688e-06 1.9541012980862155e-05 3.923768806165873e-07 7.01612415245836e-07 7.129315036505576e-07 0.0 3.534154152109802e-07 0.0 0.0 0.0 0.0 0.0 0.0 6.00606734514387e-08 0.0 0.00015837732757487523 5.690736514045481e-06 8.842892388030018e-06 0.00022729928353956534 7.991032964227028e-06 0.00013368267555761924 3.215299559762302e-05 0.00033693750839407867 9.049714923376744e-06 2.5696278242610844e-06 7.563412103904193e-06 1.422022312772937e-05 0.0 8.01933505224801e-06 1.7581599166591503e-06 0.00023871218838310344 2.1657154889081583e-07 1.621443751591826e-07 7.752245227318387e-08 1.0883785772666229e-05 5.17775246801045e-07 0.0007697832289779404 0.0002334300313152284
2.4078913698853915e-05 0.00019331343075139053 0.0008263338425236306 8.449490337538604e-07 0.0003105688147299001 7.558294901722751e-07 4.062494546013401e-05 0.0011054295121164053 0.0004007890899415065 4.31525868740574e-05 0.0 0.00010781433319811359 0.0003181672619559907 0.0012606509050230327 5.758307185270936e-05 4.472208668190296e-05 1.1192992494039065e-06 1.508936281970176e-07 2.3901962252323214e-07 5.273315041617989e-08 3.1373351549054074e-07 7.999308546302789e-07 7.138386517258696e-08 3.790823347712375e-07 3.370389111671474e-06 3.667857277007905e-06 1.716160771891169e-07 1.2880477483479783e-06 3.4969964029872304e-07 0.0 0.00011742575528764816 3.558509189956172e-05 0.00030886806256077607 0.0 4.557579551479707e-06 1.2088494119262444e-05 0.00010638022686607766 1.783901277325442e-05 3.0408305453856316e-06 1.961382065181412e-06 5.2072249080588595e-06 8.105744110931544e-06 1.2465388437727462e-07 1.1676433723003744e-06 1.5728722226417243e-07 2.745838827985724e-07 5.974819705253713e-05 6.450608073180071e-07 2.3192476331774966e-07 9.622283999028817e-07 7.190798087936637e-07 7.947838390894399e-07 1.7339866171413045e-06 1.503340618944005e-06 3.5231597144991114e-06 4.167748576112733e-06 2.0346192401683303e-06 1.3783320742516224e-05 2.2966368868454206e-06 8.968222094411163e-06 3.7984458754020573e-06 3.092924970543998e-05 2.1218230623641024e-06 8.672832081977814e-06 1.119617504040905e-06 6.357519902282374e-07 9.194160588563952e-08 2.590289723609767e-07 1.8091818780051066e-06 4.16303953814821e-06 1.2922385403419869e-05 4.637355640964286e-06 8.384483965096694e-08 1.3189996847979298e-05 6.379508481653354e-06 2.4771339338516027e-05 6.4778699447607394e-06 4.210246733680997e-06 9.173376229659745e-06 0.00043070235523888777 3.515175181686548e-06 8.160922660106273e-05 2.950375864319206e-06 7.632444884531777e-07 6.182301055386761e-07 2.009820590081818e-06 2.7513241838331553e-07 2.6564638047200927e-07 2.5081853847290464e-07 3.358863979541506e-07 4.3122062328884644e-07 2.550628951466854e-07 5.526823583780228e-06 3.4184087284833463e-06 1.1419324385614862e-06 8.150242542000672e-06 6.693551086850004e-06 2.9890745180960546e-07 1.4257814362004238e-06 3.597044506013113e-06 1.7415715557512743e-07 2.9181685349304575e-07 1.3723160463952715e-06 4.064113161563793e-07 8.369152740072365e-07 5.630955727936144e-06 7.465969060129232e-07 1.5601561350765338e-06 1.5143478887442485e-05 6.738833939530409e-06 0.0 3.3118446618762114e-06 3.29276612010642e-05 1.7127418539141046e-05 1.2848994312261996e-05 1.5293099554975288e-07 1.8469279031390697e-07 0.0 0.0 0.0 0.0 0.0 0.0 9.344213660751932e-08 0.0 2.2500221124454002e-07 0.0 4.649021816557014e-08 1.9170359263217956e-07 1.0553430461956772e-07 6.394670062199016e-08 5.278228537935505e-07 6.213401878550856e-08 5.731483443050704e-08 4.074480660017796e-07 3.9117433877925945e-07 5.9012102453072205e-08 1.1499820745410247e-06 0.0 9.188268255116971e-06 4.846611552288115e-07 5.894639629795971e-06 2.585537597606997e-06 6.244252418707503e-07 2.4579462885639953e-07 0.0 0.0 0.0 0.0 0.0 0.0 2.4355309256954456e-07 1.462086023514277e-06 0.0 7.015674845741158e-08 6.13674060820486e-08 4.442913968952662e-07 6.063367779377701e-08 0.0 1.1212696741719584e-07 1.0072448135713553e-07 6.181849947841031e-07 7.22228994815206e-07 0.0 0.0 1.3250270643055243e-06 6.194681343099886e-06 0.0 0.0 2.239319981462109e-07 0.0 0.0 0.0 0.0 0.0 2.029092867235457e-07 2.0430484708633764e-05 6.00495649120463e-07 0.0 6.211233809636324e-08 1.519209944394921e-07 2.1733247933712364e-06 1.018026792005177e-06 1.3583453759425449e-05 1.0707031809493748e-07 2.5030175856975595e-07 5.598134020169677e-07 2.3832743549013395e-07 1.1988728099946312e-07 5.493497521827441e-08 0.0 0.0 0.0 0.0 1.5937176810852007e-07 0.0 0.0 1.6046145498063608e-05 5.131958836044805e-06 9.711909659036066e-06 0.00033395015701805216 8.383307332679784e-06 0.00019306752072479905 7.697166835724199e-05 1.3316572718053044e-05 1.2397369951256714e-05 1.7510116628878756e-06 6.636241777104151e-06 5.113816697774458e-06 1.2645155502168706e-07 3.6194585729282773e-06 1.4318058604197767e-06 8.407117704150128e-06 6.121359989026678e-07 0.0 0.0 2.348599086812429e-05 3.8884452330545446e-07 2.365567143732417e-05 8.929397019256035e-06
