0.0 0.0007352895450122229 0.00016004513429388923 0.0007159250189572264 2.4422700846996507e-05 4.136552957289801e-05 0.0003217648565221542 0.00013042290904073528 1.0426465716750158e-06 0.0004713237982908982 1.1726573588478192e-05 7.599905867580197e-05 8.200969006296258e-05 4.763770758493595e-05 1.3584288941456642e-06 0.0 0.0 0.0 0.0 0.0 0.0 0.0 4.925827328659866e-08 0.0 6.658810944425034e-08 0.0 0.0 0.0 0.0 0.0 0.0010805861152402118 1.0094796724279846e-05 3.210072563759188e-05 0.0 6.541909570278351e-08 6.696891521732334e-08 6.283978562321729e-06 4.5025974637587806e-08 5.628151645491374e-07 6.56968089089852e-08 0.0 1.0547593561693039e-07 7.266370481114782e-08 0.0 0.0 4.931879454448302e-08 4.6351013503996055e-06 1.341942032361718e-07 0.0 0.0 1.0280968281448343e-07 3.4815650314531727e-07 5.738902749077072e-07 0.0 4.024035011764039e-06 4.984180665852202e-06 0.0001267198260948916 0.00036524742352836003 9.544368802025873e-05 1.265351863423996e-05 6.081747665242983e-08 2.614497616646274e-07 0.0 7.04922410117204e-06 2.189259701587625e-06 2.690469700628786e-07 3.4835184774281883e-07 5.750031717393471e-08 0.0 0.0 1.5251369765957542e-05 1.261354962173054e-06 1.729981683507179e-07 9.456903354814306e-05 4.514390016460278e-06 3.932163859907081e-06 6.48895474713381e-07 4.100191810697405e-07 1.505811321471429e-06 2.8732345225582115e-05 5.334938540805284e-08 5.091506415486584e-06 5.757772833606151e-06 5.898880026119831e-08 1.176050599991774e-06 1.5299771965382198e-06 1.0763066759819938e-07 8.078484244983735e-07 2.1701673556488326e-07 4.899937021550344e-07 1.4601005112665882e-07 2.9162993217116094e-07 2.0573186711618203e-07 0.0 0.0 0.00015960053198126007 4.662068158041313e-05 9.96958776824895e-07 1.6503912978172004e-06 0.0007034061204258691 2.0802233899568796e-07 4.870728926349114e-06 1.4338496883962689e-06 3.3741618001708717e-07 0.0 1.8060036023229606e-06 4.304879863546231e-06 1.8593798883209448e-06 4.990069449539013e-06 1.4400856782771591e-05 4.550518230629513e-07 2.27030739520509e-06 9.402013141899555e-06 3.2610930767260244e-06 2.357148964080966e-06 8.087791127208715e-08 0.0 0.0 2.3758798939226187e-07 0.0 0.0 0.0 0.0 0.0 0.0 0.0 0.0 0.0 0.0 0.0 0.0 0.0 0.0 0.0 4.42580818259985e-07 5.676858462767736e-07 0.0 0.0 0.0 8.798768349523331e-06 4.1590624519524745e-07 6.7284183642409325e-06 0.0 0.0 0.0 0.0 0.0 0.0 5.6580505987799956e-08 0.0 0.0 4.3087436934634125e-07 3.4243635813339367e-07 0.0 0.0 0.0 0.0 0.0 0.0 0.0 0.0 9.298853820360637e-08 0.0 2.997922760142738e-07 4.1145257330616303e-07 1.0584988828931497e-06 1.8678290176783666e-07 0.0 0.0 0.0 0.0 0.0 0.0 0.0 0.0 0.0 4.580840743500801e-06 3.3304920808451633e-07 0.0 0.0 0.0 1.1868848906563695e-06 6.203003341724324e-07 0.0 0.0 0.0 0.0 2.572984608419562e-07 0.0 0.0 0.0 0.0 0.0 0.0 0.0 0.0 0.0 3.1340867330196082e-06 5.647183539116962e-07 1.2806617098286136e-06 5.9716377061729254e-05 1.9905137591038876e-06 4.1845373085897696e-05 7.842265715836385e-06 0.000340133296287076 4.572695104546868e-06 1.5415020208446736e-06 1.7754984955634649e-06 2.040707189850147e-06 0.0 2.9808658475641645e-07 1.9798956667731764e-07 3.093302309406407e-05 1.9636460557823842e-07 0.0 6.968782552914313e-08 1.743157984223578e-06 0.0 0.00014660883896213493 1.813784017000356e-06
0.0007352895450122229 0.0 0.0005950072755949626 0.0012766598951299676 0.0010883846503950748 4.3434968202855886e-05 0.00125154511165299 0.000814014810159292 0.0002914890387679731 0.0006099595257497105 0.0008742163608671179 0.0002631965888601175 0.0005665505614707325 0.0006442908998993676 2.305423416379348e-05 2.2260206534832787e-06 0.0 3.085806415613528e-07 0.0 0.0 3.5536434446409635e-07 0.0 0.0 4.3681906310895446e-08 9.097579169700947e-08 1.3469817664322915e-07 3.4042163250906925e-07 5.36912828621624e-07 6.379660038972547e-08 5.684302297653239e-08 0.0012066048751855892 6.445352707956581e-05 0.00011058540950542851 0.0 4.7431316456671346e-08 5.8020634524520365e-08 1.879300355111564e-05 2.7225645012583476e-07 8.319503797403619e-07 5.234900912480287e-07 3.3352368128184026e-07 6.331384572027129e-08 2.2739570342950988e-07 1.3096293260036755e-07 5.3897779463612945e-08 5.013288109939167e-08 6.178713200775437e-05 1.527192375117163e-06 3.663277806715498e-07 1.825909965871987e-07 5.4871197162293156e-08 0.0 9.858055967608863e-08 0.0 7.768908533040205e-06 8.456501704790644e-06 8.031155465480967e-05 0.00029000473078772294 9.150829862834612e-05 5.561509719456102e-05 2.4327302534236775e-07 8.170919303448115e-07 1.7067281857683382e-07 0.00010654172722825946 4.2436377039184865e-06 7.223571492477794e-07 9.796907962073666e-07 5.100115816879812e-08 1.38146290448407e-07 2.687936551604652e-07 2.032228888378533e-05 1.0218975663089515e-07 4.263524097845196e-08 0.00017020134998844345 4.347372181402431e-05 5.422251632857511e-05 2.3512030512142774e-05 7.097200469895323e-06 4.960471107199813e-06 0.00011612995874887288 7.774976970327617e-08 1.720582041088761e-05 1.7374349982854902e-05 9.24779988301539e-08 2.0920954683131285e-06 3.323822450047899e-06 3.3871576686174003e-07 2.2409498928377098e-07 4.5063465129589057e-07 0.0 1.2313155564148894e-07 6.025692805623584e-08 2.576534934733113e-07 1.2443672294924226e-07 4.469676787034897e-08 1.1509143124030166e-05 4.872953012617797e-06 0.0 2.63790013221663e-06 0.00020879911457430663 0.0 5.44644455613695e-06 6.43135670291094e-07 1.944012696923819e-06 0.0 3.570898398770499e-06 4.149040114613434e-06 2.633660659265857e-06 4.6002631519319155e-06 1.0760124257871743e-05 1.0720074158313463e-06 6.786655631045232e-06 7.140103800214465e-06 6.586772470481881e-06 4.53058517332458e-06 3.41111711927187e-07 5.964839396628808e-08 0.0 1.4337377709110057e-07 0.0 0.0 0.0 0.0 0.0 0.0 0.0 0.0 0.0 0.0 0.0 0.0 0.0 0.0 0.0 8.332250856685024e-07 0.0 0.0 0.0 0.0 7.006911651050489e-06 0.0 1.1059734816000736e-05 2.6131451249025326e-07 0.0 0.0 0.0 0.0 0.0 4.4342648553158237e-07 5.4820839160607826e-08 0.0 0.0 9.354341873640697e-07 0.0 0.0 0.0 0.0 0.0 0.0 0.0 1.1151140518301649e-07 4.594178297700731e-08 0.0 1.6129098943463367e-07 0.0 6.481492053851921e-07 1.5599816432906237e-06 0.0 0.0 0.0 4.352352822586562e-08 0.0 0.0 0.0 0.0 0.0 1.0167366120886827e-05 7.631389545855604e-08 0.0 0.0 0.0 4.261325022271238e-06 1.0047021154894528e-07 2.2102238467840356e-07 6.101438588849548e-07 3.675693607111688e-07 6.098273622713183e-07 0.0 0.0 0.0 0.0 0.0 0.0 7.219842558900472e-08 0.0 0.0 0.0 3.7819319856664324e-06 3.9290333174413555e-06 5.869988589755001e-06 0.0001206333479611119 4.4869129111570375e-06 0.00012053658181439049 1.96067500992765e-05 0.00020869590995611622 1.0285253781052985e-05 2.487220437978873e-06 1.0048319484512751e-05 3.3399961853961427e-06 0.0 1.7143618699551983e-06 3.8660052433431144e-07 7.913481314806369e-06 0.0 1.1899327725124193e-07 1.6035739620797966e-06 5.356835661565172e-06 9.246518323175448e-08 6.379801347978295e-05 4.591370383869141e-06
0.00016004513429388923 0.0005950072755949626 0.0 0.00015253743896927841 0.0003364524096981036 3.332384052503553e-06 8.259974674886068e-05 0.0022634477858311528 0.00022951705414307071 1.2059125928512734e-05 0.0015475923105401957 0.00014850976364623334 0.0003607920241290559 0.000825619399240908 2.3350144586941425e-06 1.6489816752713535e-06 1.141401966935598e-07 2.631835215163209e-07 0.0 3.1368792924665335e-07 5.745661111670976e-07 0.0 3.598904244841375e-07 4.4690167026059443e-07 2.3886525803452485e-06 5.31895769237966e-07 6.938465592117142e-07 1.5607906401062952e-07 0.0 1.1597666383305889e-07 0.0012512168275033912 0.0002610464543247183 0.00018763974047361458 0.0 2.829839819890801e-07 3.370344617409636e-07 2.0322098113869788e-05 6.402251383942192e-07 4.5306757504051667e-07 8.545179469082887e-07 2.5993283484338458e-06 1.6897494321177247e-06 9.279308937797856e-07 1.0820519168555936e-07 0.0 1.5558061023313596e-07 5.731221343008448e-06 3.079531922970585e-07 0.0 4.785730005300066e-07 5.344720573507628e-07 2.42627672362664e-06 0.0 6.670213176988323e-07 5.477656816260531e-07 2.549310710386391e-07 5.913655478293467e-06 3.6263247218275245e-05 6.394350778418541e-06 3.0770800272736452e-06 8.230372081093766e-07 2.8260920319726703e-06 0.0 0.00010766720692946527 3.387239347779351e-07 1.5013263446443564e-07 1.0609509124238708e-07 0.0 6.522495317596725e-07 5.275575026235822e-07 2.1571771873046935e-05 1.8960750021076054e-07 0.0 8.954281089807349e-06 2.0709413643149993e-06 3.3381438407035634e-06 5.558667149975318e-06 9.020374492819967e-06 2.565783762957504e-05 0.0004362558371274208 3.658614916126974e-07 0.00011368463317123066 3.8341210889733203e-07 0.0 1.0344154453797344e-07 1.7265345714275723e-07 2.659777761911358e-07 0.0 6.486755452559118e-08 0.0 2.0093307846222552e-07 1.7990910145467998e-07 2.5727135666245524e-06 3.911020438277998e-07 1.6468472211356535e-07 9.49992707956928e-06 8.354546684500049e-06 0.0 3.748190761866042e-06 4.4713073363026575e-05 0.0 8.107927838972261e-08 0.0 8.805463015348738e-08 5.829208998757953e-07 3.778764841689455e-07 3.430953718921002e-07 8.227711506088078e-07 4.803477297408872e-07 2.2702144740055558e-06 2.42469551400716e-06 2.196701727689308e-07 6.336627368443229e-07 2.0534715948006473e-06 9.575119269500078e-07 3.679755016244953e-07 6.909749770006077e-07 0.0 0.0 0.0 0.0 0.0 2.175639900055224e-07 0.0 0.0 0.0 0.0 0.0 0.0 0.0 1.217641759035308e-07 0.0 1.5298323721651682e-07 0.0 7.012045741992058e-07 4.961490462329845e-07 0.0 2.2040373194351698e-07 0.0 5.8778748223417105e-06 2.6834206753965005e-07 2.930984383360841e-06 9.221110831568917e-07 0.0 0.0 0.0 0.0 0.0 0.0 4.3610272793639433e-07 1.338605231762005e-07 1.9998003188720367e-07 2.0050730048325028e-07 0.0 1.639956728100025e-07 0.0 0.0 3.591466979977832e-07 0.0 0.0 0.0 0.0 6.102303317295982e-07 0.0 3.390117990736285e-07 5.42027440664744e-07 1.5028786461671934e-06 0.0 3.204320405706908e-07 0.0 0.0 0.0 0.0 0.0 0.0 6.225185439214697e-08 7.33027593297952e-06 0.0 0.0 0.0 0.0 9.517073855448276e-07 1.357844486636374e-07 2.708289100756434e-07 3.879808859490027e-07 1.339834823539324e-06 6.64614313096412e-07 0.0 0.0 0.0 0.0 0.0 0.0 0.0 0.0 0.0 0.0 1.0732846281011987e-06 2.7230535258376513e-06 6.111041702009303e-06 1.1848001618535727e-05 1.322397762189874e-06 7.899092739592768e-06 1.674477939230216e-06 1.7459641346937177e-05 1.2010696045773308e-06 0.0 1.6170818704603497e-06 2.9617809800948175e-06 9.8440658763941e-08 1.7659960375735453e-06 4.160722883059022e-07 0.0 0.0 0.0 1.408212408243753e-06 2.63884129191858e-07 0.0 6.103518811915058e-06 1.9888508824891637e-06
0.0007159250189572264 0.0012766598951299676 0.00015253743896927841 0.0 1.3480697052916052e-05 0.00015409670748129604 0.0005478323541278353 2.6792648485586986e-06 3.901216018834146e-07 0.0007637165218178717 5.874760599486098e-06 0.0005022697311536765 0.0003150368018613514 6.591422119637246e-06 1.355261482501125e-06 0.0 0.0 0.0 0.0 0.0 0.0 0.0 0.0 0.0 0.0 0.0 0.0 0.0 0.0 0.0 0.00015051006162399128 9.596930850196218e-08 2.6854842300729544e-07 0.0 0.0 0.0 1.671273427239424e-07 0.0 7.799359051839426e-08 5.845030584984481e-08 0.0 0.0 0.0 0.0 0.0 0.0 5.648426790051057e-06 2.588876964327124e-07 0.0 0.0 0.0 0.0 0.0 0.0 1.7129068453131234e-06 1.63941045916268e-06 2.9578021918266515e-05 7.552288670196553e-05 3.184633810609257e-05 1.0534383429419091e-05 0.0 8.679475949716538e-08 0.0 2.364322284395449e-06 7.990946529558348e-07 3.7313304997782246e-07 0.0 0.0 0.0 0.0 7.154359352761136e-07 2.2055656200999923e-07 1.27478140228125e-07 4.600812112956037e-05 4.804641343078175e-06 4.718562395585153e-06 4.626281493358358e-07 0.0 0.0 6.217620586146836e-08 0.0 3.146929601065752e-07 3.302909319855371e-06 0.0 2.526387863197393e-07 8.614505894737166e-07 1.3288841137077496e-07 6.553317886195308e-08 7.588363202014096e-08 2.1763832047623906e-07 0.0 5.825487608539188e-08 0.0 0.0 0.0 1.8495548544192872e-05 1.5859381859549115e-06 0.0 1.5620644943649207e-07 0.0003394854426110121 0.0 5.555797404937022e-06 8.864041655627613e-08 2.254575939946546e-06 0.0 2.95416000606156e-06 4.780555670946177e-06 3.443232562748221e-06 2.4724968970898906e-06 6.0165190352880586e-06 5.701932018813442e-07 3.1816682434228376e-06 4.787067244048371e-06 1.7763096621086118e-06 3.378565012669043e-07 0.0 1.553890981484469e-07 0.0 0.0 0.0 0.0 0.0 0.0 0.0 0.0 0.0 0.0 0.0 0.0 0.0 0.0 0.0 0.0 0.0 0.0 0.0 0.0 0.0 0.0 5.525179610134131e-07 0.0 0.0 0.0 0.0 0.0 0.0 0.0 0.0 0.0 0.0 0.0 0.0 0.0 0.0 0.0 0.0 0.0 0.0 0.0 0.0 0.0 0.0 5.84913238758612e-08 3.903351438195295e-07 0.0 0.0 0.0 0.0 0.0 5.275057657283982e-08 0.0 0.0 0.0 0.0 0.0 0.0 2.5668394924869163e-06 9.901351844573669e-07 0.0 0.0 0.0 8.817224328001351e-07 0.0 0.0 1.401827904233031e-07 0.0 0.0 0.0 0.0 0.0 0.0 0.0 0.0 0.0 0.0 0.0 0.0 6.412123490834548e-07 3.98486172624815e-07 1.19543025866886e-07 1.8880928978948304e-05 8.881235321996708e-07 2.3597961512474527e-05 2.606125668824656e-06 0.00026762158111087855 2.4993825828048442e-06 3.8495552061267214e-07 1.4580830846332337e-06 0.0 0.0 0.0 2.08183507312268e-07 1.478122135859182e-05 0.0 1.9429867433828394e-07 0.0 5.569215060682516e-07 0.0 8.977029846825458e-05 2.065353248355574e-06
2.4422700846996507e-05 0.0010883846503950748 0.0003364524096981036 1.3480697052916052e-05 0.0 8.553515731951873e-07 0.0011636531450800818 3.509815380485892e-05 0.0019854890654966515 9.559593367923168e-05 0.0006910611860061466 2.9949235467382802e-05 0.0004091925314932213 0.001063584816912063 1.5355007823096918e-05 2.722051893544647e-06 2.943160369844197e-07 0.0 0.0 0.0 0.0 0.0 0.0 0.0 0.0 1.1838416321491087e-07 0.0 0.0 0.0 0.0 0.000122933972365781 1.2333802490840368e-05 6.743330302537524e-07 0.0 0.0 0.0 7.756438477240412e-07 6.356445555808582e-08 8.684091187367978e-08 0.0 0.0 0.0 1.1512833205255377e-07 0.0 0.0 2.2150424712265275e-07 3.780096453741171e-05 2.704210009341833e-07 0.0 0.0 6.004401878890265e-08 0.0 9.263781258665001e-08 0.0 2.2869433559319335e-06 1.753128990224346e-06 1.0212154674397354e-05 4.40903809568572e-05 1.3638669378256051e-05 2.2911169056067625e-05 0.0 1.2303281064470755e-07 0.0 6.34444632035501e-05 9.126578678871515e-07 1.0645139326687479e-07 2.042822120476134e-07 0.0 0.0 0.0 7.312637954680604e-06 0.0 0.0 3.690511463504865e-05 1.6512736035057288e-05 2.6053694284742446e-05 1.9211879632794914e-05 5.506487727311904e-06 4.6334657312648953e-07 1.4117764707698921e-06 0.0 1.4499093527520498e-07 5.321033275874105e-06 0.0 6.592463415396181e-07 1.430207937388186e-06 1.0915784892594632e-07 0.0 1.9505924765873678e-07 0.0 0.0 0.0 0.0 0.0 1.1563211890343185e-07 1.8368976641161062e-05 1.5598895737606037e-06 0.0 7.60655218615508e-07 3.230984409958535e-06 6.77558318925114e-07 4.312291586435496e-06 1.5129129433795504e-06 1.443152369051645e-07 6.556018246334003e-07 4.511883678803555e-06 1.5198691934127894e-06 2.2250031355260557e-06 5.346542765043847e-06 6.529746168225957e-06 2.0414128588759383e-06 1.0030632973218254e-05 1.0724672257129822e-05 1.1942874244371366e-05 8.122558401883743e-06 2.846350893422356e-07 2.0855775523008408e-07 0.0 0.0 0.0 0.0 0.0 0.0 0.0 0.0 0.0 0.0 0.0 0.0 0.0 0.0 0.0 0.0 0.0 1.976161104065926e-06 1.0017382406920243e-06 0.0 4.1902221194557896e-07 0.0 1.361033660464778e-05 0.0 8.424480030127773e-06 6.618698689214517e-07 0.0 0.0 0.0 0.0 0.0 0.0 0.0 0.0 0.0 0.0 0.0 0.0 0.0 0.0 0.0 6.81312770143298e-07 0.0 0.0 0.0 1.1371837695003959e-07 2.163297992128286e-07 4.774725664622532e-07 1.1014901298395437e-06 2.1745106917246088e-06 0.0 0.0 0.0 0.0 0.0 0.0 0.0 5.2542152764946426e-08 0.0 2.3541628014979163e-05 1.0129436970419098e-06 0.0 0.0 0.0 1.063965863058717e-06 0.0 7.527098639422571e-07 3.292889006245318e-07 1.15925951374633e-06 0.0 0.0 0.0 0.0 0.0 0.0 0.0 7.295360500253628e-08 0.0 0.0 0.0 7.888132438340237e-06 4.291183281979368e-06 3.4699371956912297e-06 7.388884191485192e-05 1.8504253174404467e-06 5.0151707002550825e-05 9.43922158123565e-06 2.2551745808811977e-05 5.5358500355286865e-06 4.198619905308232e-07 1.415859568681221e-05 3.997238552625157e-06 0.0 3.017602530934241e-06 1.1298890903357535e-06 5.822498491879594e-06 0.0 0.0 5.440017119871588e-07 4.431384926743481e-06 0.0 2.879036928300697e-05 3.0327722249814258e-06
4.136552957289801e-05 4.3434968202855886e-05 3.332384052503553e-06 0.00015409670748129604 8.553515731951873e-07 0.0 3.990393329068647e-05 1.1164574104322624e-06 1.2849912813028179e-06 0.00020071616848546197 1.910853179623688e-06 9.510935847306056e-05 6.001487016456692e-05 1.4312578820538147e-05 1.2413314332323318e-07 6.210097910997759e-08 0.0 0.0 0.0 0.0 0.0 1.0552671783114504e-06 0.0 0.0 0.0 0.0 0.0 0.0 0.0 0.0 9.214628409897513e-06 2.010844444682577e-07 2.6380075885758676e-06 0.0 0.0 0.0 2.2761441013289117e-06 2.793800045517229e-07 3.1073523403104422e-06 0.0 0.0 0.0 0.0 0.0 0.0 0.0 4.711130123127189e-07 0.0 0.0 0.0 0.0 4.192685050356289e-06 2.4837803379782644e-07 1.0462708066800966e-07 0.0 5.935127688966168e-07 1.973232034568189e-05 6.51857275898321e-06 2.0792427898452987e-06 0.0 0.0 6.848489506317807e-08 0.0 0.0 0.0 0.0 0.0 0.0 0.0 0.0 5.408943429622371e-05 0.00013976294590821957 8.688247225095373e-06 4.270265796105611e-06 0.0 1.2905326243836547e-07 7.908175648957865e-08 7.244184895834972e-08 0.0 0.0 1.6594728566777888e-07 2.167265149835348e-07 5.252757218286869e-07 3.58387645515748e-07 0.0 1.627434391958786e-06 0.0 1.3444056596034337e-05 8.211865521557762e-06 1.0119358998782954e-05 3.3975396132697564e-06 6.808908984884934e-06 0.0 0.0 4.815069411718061e-07 0.00019253624887242496 0.0002099746781653369 1.6484007060735585e-05 1.4602048237486486e-05 9.865727550277973e-05 0.0 1.1703201457231632e-06 1.052128467929529e-06 7.407530241915309e-07 0.0 9.88751172830473e-07 2.3988770553600567e-06 2.042722069586098e-07 9.46383064078405e-07 8.380442762684422e-06 5.634051362992518e-07 3.045590621723537e-07 3.0425103926482357e-06 1.6921330969198952e-06 6.553664961800065e-07 0.0 0.0 0.0 0.0 0.0 0.0 0.0 0.0 0.0 0.0 0.0 0.0 0.0 0.0 0.0 0.0 0.0 1.5463004161084257e-07 1.5102853401507573e-07 0.0 0.0 0.0 0.0 0.0 3.1112275339322814e-07 0.0 0.0 0.0 0.0 0.0 1.1089934274793973e-07 0.0 0.0 0.0 0.0 0.0 0.0 0.0 0.0 0.0 0.0 0.0 0.0 0.0 0.0 0.0 0.0 0.0 3.0513002141446265e-07 0.0 0.0 0.0 0.0 0.0 0.0 0.0 0.0 0.0 0.0 0.0 0.0 7.272353418894135e-07 3.4567281584209447e-07 0.0 0.0 0.0 0.0 0.0 0.0 0.0 0.0 0.0 0.0 0.0 0.0 0.0 0.0 0.0 0.0 6.807456880252621e-08 6.964781328426693e-08 0.0 1.7330731383977876e-06 0.0 0.0 3.3056797480616426e-06 6.205610423773403e-08 2.0300045267367075e-06 0.0 2.9217649692171665e-05 9.604002951616763e-08 4.2418469187094845e-07 0.0 0.0 0.0 0.0 0.0 7.213260305339762e-06 0.0 0.0 0.0 0.0 0.0 3.066624885276583e-05 1.9578873098636364e-06
0.0003217648565221542 0.00125154511165299 8.259974674886068e-05 0.0005478323541278353 0.0011636531450800818 3.990393329068647e-05 0.0 8.06325100016854e-06 0.0005466344097975392 0.0009368797294447774 0.0002606028196424906 0.0003061451794279073 0.00162510415198372 0.0018320237319066038 1.1097550714700965e-05 2.2286903697417485e-06 8.48237285744724e-08 0.0 0.0 0.0 0.0 0.0 0.0 0.0 0.0 0.0 0.0 0.0 0.0 0.0 0.0001339851222151924 4.122201899334957e-06 2.986678775886272e-07 0.0 0.0 0.0 2.788969173256014e-07 0.0 6.260847072324103e-07 0.0 0.0 0.0 0.0 0.0 0.0 0.0 2.4831692164352218e-05 6.763102905306038e-07 0.0 1.3834931629381e-07 0.0 0.0 0.0 0.0 2.981178126385922e-06 3.4972684059511735e-06 2.4447760634385076e-05 8.416260169392373e-05 3.089001574245273e-05 2.2362622778776405e-05 0.0 4.178096778919526e-07 0.0 3.460348354079187e-05 1.896144518617784e-06 3.587834771723874e-07 6.663892166967643e-08 1.1178408137237884e-07 6.367862793977588e-08 0.0 6.418259643959453e-06 4.1336058879596666e-07 0.0 6.029665780638984e-05 1.4132310018492063e-05 1.6286335767011172e-05 9.711916081492594e-06 3.3218437784329964e-06 1.713196088502315e-07 3.4994455084516737e-07 1.0769237713783407e-07 2.334692345117284e-07 5.243404195852084e-06 0.0 1.0123584743632276e-06 1.5770226620938404e-06 1.015217070642032e-07 1.8101819821806042e-07 2.083104101254061e-07 0.0 3.645265604832183e-07 1.5283101548540163e-07 1.4286256854874433e-07 0.0 0.0 3.6082203729528186e-05 1.4578304145663095e-06 1.742970535819141e-07 1.0382214591036308e-06 2.8828792430181734e-05 2.3125239757283612e-06 5.030504966052448e-06 7.48487460719661e-05 1.6316514570790912e-05 8.023573785856853e-07 1.70060694172661e-05 1.1391632011289511e-05 1.859007638582031e-05 2.3006483511824796e-05 2.3809363726269483e-05 4.187901835087729e-06 1.835001504271493e-05 2.7001660638947286e-05 1.9283815586006447e-05 7.5281564900146305e-06 1.304265430293841e-07 2.1278154935066342e-07 0.0 0.0 0.0 0.0 0.0 0.0 0.0 0.0 0.0 0.0 0.0 0.0 0.0 0.0 0.0 0.0 0.0 8.831382319777422e-06 5.144868048713361e-07 0.0 0.0 0.0 1.3703419666000719e-05 6.023141447094126e-07 1.1998192251694061e-05 6.031624278230887e-07 1.0658786722312131e-07 0.0 0.0 0.0 0.0 0.0 0.0 0.0 2.2394000084340643e-06 1.0587950327165423e-06 0.0 0.0 5.498146727538194e-07 0.0 0.0 2.0054480638641414e-07 9.438523159511865e-08 0.0 1.4013293206773255e-06 2.8696697547686028e-06 1.1146633807679692e-06 0.0 2.111204531307808e-07 3.0778952007210763e-06 1.7823458211214471e-06 0.0 5.104398497863923e-08 0.0 6.058372987099023e-08 0.0 5.625617401463583e-08 0.0 0.0 2.686251083036623e-05 3.931178401223703e-07 0.0 1.218354281972901e-07 7.868032003642408e-08 4.4559918814515125e-06 1.1041945536584893e-06 1.7235014518430967e-06 3.2903400932240387e-06 4.747267227103921e-06 1.0479814822323948e-06 3.2159923741719465e-07 5.701615116642891e-08 5.324820301423411e-08 0.0 0.0 0.0 0.0 0.0 0.0 0.0 1.065360965856023e-05 2.916685055001156e-06 3.391133716131959e-06 5.1248603344643975e-05 1.3780508203548982e-06 5.041573140171162e-05 7.613119162386937e-06 0.00013540052167590767 5.229342341341855e-06 6.51150225140133e-07 5.4877210597952244e-06 2.6994593237931342e-06 0.0 8.269590505093895e-06 1.1078031585002054e-06 2.731375254358048e-05 1.5467853161739414e-06 0.0 5.945051382697656e-07 1.0382505456453145e-06 3.890220722075735e-07 0.00010134605790821219 9.100074999378094e-06
0.00013042290904073528 0.000814014810159292 0.0022634477858311528 2.6792648485586986e-06 3.509815380485892e-05 1.1164574104322624e-06 8.06325100016854e-06 0.0 5.104299056525925e-05 6.652540710129662e-07 0.0013670105045690399 5.183369354004973e-05 0.00015440895900501844 0.00056973659057029 1.669898792088321e-05 1.37237165808554e-05 5.328313038655548e-07 2.1813551864953494e-06 0.0 2.940391746366181e-06 5.621013559961356e-06 1.1280784328380942e-06 3.7638442325860975e-06 6.342325240269575e-06 2.651556991106252e-05 1.7270731445169667e-05 1.3848669930587335e-05 3.7900997071941906e-06 5.16981442211166e-07 1.2226873615143885e-06 0.00040168541596493767 0.0005976655756697117 0.00020109521705343825 1.291110015758378e-07 8.211246211820681e-06 8.485611115828629e-06 4.015965774865526e-05 1.1967162780126003e-05 9.615974736139673e-06 8.663433655363268e-06 1.597890453051462e-05 9.149690811637759e-06 6.294303193671367e-06 1.2193638915703523e-06 1.682849603161996e-07 5.9405043597187105e-08 2.7135421236956087e-05 2.9718186028738477e-07 1.1690936686229242e-06 3.6174986561155208e-06 1.1423976294308673e-06 1.4695202015798062e-05 1.4637336117457508e-06 5.386151164458811e-06 5.026131732321166e-07 1.0044951476308711e-06 7.109899924906464e-06 3.516261492241464e-05 7.533970797230234e-06 1.0826935269505623e-05 6.170346475715719e-06 2.5603006294601564e-05 1.1831286630989132e-07 0.00016148559016775955 6.329607543308563e-07 6.954975570645036e-07 5.099220955554865e-07 5.488831166395314e-07 3.837823799240752e-06 6.725571472334587e-06 4.063733383979791e-05 2.461634983944062e-07 0.0 2.0587233227966048e-05 1.2825352217530683e-05 2.2692802586546e-05 0.00012098056663823313 0.00016142123966585145 0.00035133218204316157 0.0007660274080858472 1.6259687360478358e-05 0.0006980483276783819 2.0179223861226435e-06 0.0 3.8508207059129734e-07 7.230897796970384e-07 6.074965172012853e-07 0.0 9.61846146106416e-08 6.914415702271436e-07 1.9140423980633518e-06 7.882239392250289e-07 8.767341898572577e-06 1.9101269731959052e-06 1.6732089638212335e-06 3.615223315564378e-06 9.24772108330751e-06 0.0 7.1026110127611e-06 8.821974320047728e-06 0.0 0.0 0.0 0.0 0.0 0.0 0.0 3.73012623908559e-07 6.761198247827461e-07 2.2527999413425331e-07 2.654132328593648e-07 0.0 1.0882859754744721e-06 9.222112719362779e-07 3.7237723789550916e-07 3.666498901928396e-07 3.250593110956889e-07 6.092564273626245e-08 0.0 0.0 0.0 1.1264451902668846e-07 4.5039014103402307e-07 0.0 7.473890708209633e-07 6.580137486411554e-07 0.0 0.0 0.0 8.356503403319345e-08 5.091178762002316e-07 0.0 1.7344811752161105e-07 0.0 4.800065996004539e-07 0.0 0.0 0.0 0.0 4.836758887339326e-06 2.2028201620327543e-07 6.0752850388044215e-06 1.1059064418259529e-06 1.1026724985701026e-07 9.184022327578227e-07 6.335141002363038e-07 0.0 0.0 6.357246287374401e-07 2.1776885707930304e-07 0.0 3.018128254358455e-07 9.661616650336409e-07 0.0 1.6170063435967448e-07 2.421787962953583e-07 1.1003435880065362e-07 1.4088980630359676e-06 0.0 2.190379784887735e-07 1.3234091359598901e-07 0.0 5.27284656100317e-08 0.0 4.657197177823791e-07 1.3244412742437678e-06 4.5548388717405285e-07 9.205680364427719e-08 0.0 4.075594540688417e-07 9.087683581063415e-08 0.0 0.0 0.0 3.074604812054301e-07 2.7543837259666304e-07 6.614884868520079e-06 5.939120518425721e-07 7.142485660288382e-07 0.0 7.268995245445195e-08 1.209075857676394e-06 9.542583060728178e-07 1.7591299671751196e-06 4.3674049051294484e-07 0.0 1.3249300960446164e-07 0.0 7.806536598056928e-08 0.0 0.0 0.0 0.0 0.0 0.0 0.0 0.0 9.11541170987252e-07 4.936090209914181e-06 5.365239705160757e-06 5.058198604274025e-05 4.213006769071668e-06 4.334549003549892e-05 1.239597396385268e-05 8.853214206708115e-06 3.2927850052309653e-06 3.1543793570821653e-07 6.609549856573472e-06 2.5228253985654837e-06 0.0 3.443276764395992e-06 9.075702781010364e-07 0.0 9.037265556955204e-08 0.0 1.1306916631299477e-06 3.0913933838468944e-06 9.055119794421541e-08 4.073820861869937e-06 1.7519357769019775e-06
1.0426465716750158e-06 0.0002914890387679731 0.00022951705414307071 3.901216018834146e-07 0.0019854890654966515 1.2849912813028179e-06 0.0005466344097975392 5.104299056525925e-05 0.0 1.6178171256739397e-05 0.00077357446932334 9.367636248196273e-06 0.0002232540463568009 0.0008074857014129753 1.3551999420787222e-05 3.2295808058772526e-06 1.2201674458122726e-07 1.5594643067833372e-07 5.0717718499007856e-08 0.0 0.0 0.0 0.0 0.0 4.9395363689350465e-08 0.0 0.0 0.0 0.0 0.0 1.9922272824768172e-05 7.156470519818988e-06 1.7870703563604998e-06 0.0 0.0 0.0 1.7006666753929725e-06 0.0 1.944309102248066e-07 5.21974577792622e-08 0.0 0.0 0.0 5.5678490638936296e-08 0.0 0.0 2.40031787942688e-05 1.7272630327517824e-07 5.6936641733954e-08 3.4935126569508725e-08 0.0 0.0 0.0 1.0306031698571264e-07 1.348770410300801e-06 1.4421050386058666e-06 3.0837507530745694e-06 1.085704269526896e-05 5.146049938886764e-06 1.0612678863779916e-05 4.2863853409393564e-08 1.1193533787804495e-07 0.0 1.959029476548684e-05 4.0279178785226406e-07 2.1075126250764956e-07 3.714029076937784e-07 9.192767432369564e-08 0.0 1.9786477681568784e-07 1.2020196845035462e-05 0.0 0.0 1.4649595567553224e-05 9.744080427021319e-06 1.576781674904862e-05 1.0368082335901834e-05 5.145850311608278e-06 7.981204890324374e-07 1.4048957086667948e-05 4.4028953526665636e-08 3.148122992833161e-07 2.394593526762001e-06 0.0 3.5102333628499165e-07 4.227685074142755e-07 4.985877329413212e-08 0.0 0.0 8.052497942553293e-08 0.0 2.183877409816291e-07 0.0 0.0 6.068820538692935e-08 1.3657057872064013e-05 4.176428674676214e-06 0.0 4.6974616385431466e-07 7.293789656668799e-07 1.309675997493036e-06 1.729855165973107e-06 1.5223053940572593e-06 2.3977445214627675e-07 1.2572620088232223e-06 9.326112569767224e-06 3.5822420891936265e-06 8.261101355380456e-06 7.1226185505928095e-06 1.2133056816171317e-05 3.089214537451675e-06 1.0478876980077532e-05 1.886733638217352e-05 1.874163650355697e-05 6.78402568775306e-06 1.6587406398965787e-06 0.0 0.0 0.0 0.0 0.0 0.0 0.0 0.0 0.0 0.0 0.0 0.0 0.0 0.0 0.0 0.0 0.0 0.0 5.251497907299085e-06 2.0248480652759026e-06 0.0 0.0 0.0 2.041952039084029e-05 1.0621071551781984e-07 1.762822293563392e-05 9.222284148269216e-07 0.0 0.0 1.1176145940786242e-07 0.0 0.0 5.764468488990419e-07 0.0 0.0 0.0 9.116418423793622e-07 0.0 0.0 0.0 0.0 0.0 0.0 0.0 0.0 1.105084077854483e-06 1.2491147030303832e-06 7.768747616168907e-08 0.0 1.804164693730855e-07 4.401855841358036e-06 9.543592654103354e-07 0.0 1.7696451494395695e-07 0.0 0.0 0.0 0.0 0.0 0.0 3.0267813853312088e-05 8.241985487140806e-08 0.0 0.0 0.0 4.708975378979213e-06 2.4721800314194654e-07 6.849582806639491e-07 1.0705160370677353e-06 3.8569280685527386e-07 8.163419866710054e-07 6.547280319899993e-07 0.0 1.0673746905658899e-07 2.949820465998474e-07 0.0 0.0 0.0 0.0 0.0 0.0 8.889116472955315e-06 5.8851908094664755e-06 7.396582403426668e-06 4.167082068151768e-05 9.248696934347662e-07 2.6126037473870958e-05 5.811224244966398e-06 1.1000331285130828e-05 2.8318099464215814e-06 2.4636736779818485e-07 7.871059725264395e-06 3.910987827446754e-06 0.0 2.3753163604275564e-06 1.9257832219808043e-06 4.224505872958802e-06 1.0695110832636269e-06 0.0 1.876545149483961e-06 2.0107655516966075e-06 2.428230477824909e-07 2.325449424895026e-05 6.146641447134033e-06
0.0004713237982908982 0.0006099595257497105 1.2059125928512734e-05 0.0007637165218178717 9.559593367923168e-05 0.00020071616848546197 0.0009368797294447774 6.652540710129662e-07 1.6178171256739397e-05 0.0 7.0260115565701075e-06 0.0010909847757885622 0.0026995978239928212 0.00012811659367898518 1.1173687900902094e-06 3.9067868296801634e-07 0.0 0.0 0.0 0.0 0.0 1.143923882033287e-07 0.0 7.697289299498607e-08 0.0 0.0 0.0 0.0 0.0 0.0 3.9482456790258165e-05 3.6532876422062367e-07 9.884465407842787e-06 0.0 0.0 0.0 4.692938316310103e-06 8.738154356995617e-08 4.518631480695486e-07 1.2866400080369032e-07 0.0 0.0 0.0 6.273843751884453e-08 0.0 0.0 6.6385859266996046e-06 0.0 0.0 0.0 0.0 2.3445829859604945e-07 7.67433972610915e-07 0.0 4.3269297170389425e-07 9.598990146525103e-07 1.7592575610572353e-05 3.664684133705883e-05 1.3153633297063744e-05 5.886867734572608e-06 0.0 0.0 0.0 1.8323612448281664e-06 5.15413863359477e-07 5.413374464135776e-08 5.0971297013413646e-08 0.0 7.759957575671785e-08 0.0 0.000125754160308349 8.145174128934893e-06 5.820565526528601e-07 2.6266550107785857e-05 2.310124534762338e-06 4.635485619628701e-06 3.1203482249792476e-07 1.7132467425605458e-07 0.0 2.199894636696866e-07 0.0 2.1770988910438922e-07 1.2327837697677225e-06 0.0 2.034810870915923e-07 3.65236427023042e-07 0.0 1.2114274145378912e-06 5.649216677025063e-07 1.1614492452890504e-06 2.983493937461251e-07 6.093734386426939e-07 0.0 0.0 0.0 7.307350031946977e-05 5.9839897258503344e-05 1.3431963955551836e-06 4.912594610921526e-06 0.00016593180341102008 9.734906097017257e-07 4.304790321041325e-05 4.393667758845543e-05 5.554472336546072e-05 1.3715880560269884e-06 4.1472314516446645e-05 4.48334566014246e-05 2.1253472968551986e-05 2.8349427105280683e-05 5.736572188302432e-05 5.614405796870918e-06 2.2704086822325914e-05 5.540584491500904e-05 2.5237077415652474e-05 6.948156447514671e-06 0.0 6.273465367286142e-08 0.0 0.0 0.0 0.0 0.0 2.0090441775529874e-07 0.0 0.0 0.0 0.0 0.0 0.0 0.0 0.0 0.0 0.0 0.0 2.965541141554314e-06 1.5392863498819019e-06 0.0 0.0 0.0 1.1121245348859013e-05 0.0 3.3133782280762327e-06 0.0 0.0 0.0 0.0 0.0 0.0 0.0 0.0 0.0 5.346586540856861e-08 0.0 0.0 0.0 0.0 0.0 0.0 1.513152789736937e-07 5.995288203977866e-08 0.0 3.290604058050945e-07 8.492651575698947e-07 3.3229392403730164e-06 0.0 0.0 1.4975043438670134e-06 9.641212960458105e-07 0.0 0.0 0.0 0.0 0.0 7.048175996112559e-08 0.0 0.0 2.197135089176969e-05 1.851796460746542e-06 2.0467223207371282e-07 7.422681848124243e-08 0.0 2.766637960600467e-06 0.0 3.4019609419951587e-07 7.162003492205176e-07 3.956089450615021e-07 8.713687108532415e-08 0.0 0.0 0.0 0.0 2.7747023705606217e-07 0.0 6.390301041213183e-08 0.0 0.0 0.0 2.2991399459230583e-05 1.001594628934138e-06 2.52537693148441e-07 3.489234869822011e-05 3.9921310905503844e-07 1.538575686422747e-05 2.183118097777833e-06 0.00045450322727527237 1.0574899140756185e-06 2.55392635359474e-07 2.0238658307699696e-06 1.500346798980745e-06 0.0 1.9594901275553545e-06 1.1249034251126044e-07 8.955955492755051e-05 1.224112825113194e-07 0.0 3.3530355295435706e-07 8.998966871140974e-07 0.0 0.0003459814314629394 2.810421713607402e-05
1.1726573588478192e-05 0.0008742163608671179 0.0015475923105401957 5.874760599486098e-06 0.0006910611860061466 1.910853179623688e-06 0.0002606028196424906 0.0013670105045690399 0.00077357446932334 7.0260115565701075e-06 0.0 0.00010408730009780087 0.0010092822785351878 0.001548330519331493 2.2819834958894986e-05 9.688033321650067e-06 1.4387120075403917e-07 9.25224438120714e-08 0.0 0.0 0.0 0.0 1.0635420155306396e-07 0.0 4.729231993643609e-07 0.0 1.5483501818498936e-07 2.269707730644794e-07 0.0 0.0 5.90023423661376e-05 1.3875919417074064e-05 0.00010029211244798608 0.0 0.0 3.996158676237241e-07 1.83856181701843e-05 1.2536693261458472e-07 7.729679305003957e-07 2.4246217107604276e-07 0.0 3.173844101599258e-07 4.593430856313068e-08 3.0513868816565873e-07 0.0 5.1237099013128256e-08 2.8352741077081854e-05 0.0 5.993552420397186e-08 0.0 0.0 5.259595070035403e-07 0.0 2.0539914011495246e-07 9.294739323827672e-07 1.1997011825581108e-06 4.890071784792062e-06 1.839987807030106e-05 5.7401655296042304e-06 1.5006260269420104e-05 4.428786917002511e-08 4.694069844426251e-07 0.0 3.277688786740528e-05 6.582780176357447e-07 2.8082899856252604e-07 1.0697374245758645e-07 0.0 5.4169713483827535e-08 0.0 1.2573539700695474e-05 0.0 0.0 2.0830165662558672e-05 1.265051953276921e-05 2.6827681529817176e-05 1.4815799728913099e-05 1.260968266902514e-05 5.302567872253467e-06 0.00041635518511343324 0.0 2.598401276967884e-05 2.9637981471717487e-06 0.0 5.412102799884471e-07 6.896709817523283e-07 1.9533329057489046e-07 0.0 1.4964135904427342e-07 0.0 4.798200190878072e-08 0.0 1.601987435609209e-07 2.6500206304033727e-07 1.0124435074808355e-07 1.2385559789592577e-05 3.703148252673177e-06 0.0 1.3387477404050935e-06 1.3041843513561194e-06 8.566943802398854e-07 1.2113485418297672e-06 1.5928418271456073e-06 1.7830090121163404e-06 9.096282685366663e-07 6.408827635260609e-06 3.041384063771691e-06 8.35361739950447e-06 6.3089460774018155e-06 6.896471078336264e-06 4.223999689266578e-06 8.213178061890166e-06 1.620811940408136e-05 1.3199012483382155e-05 7.413615517925682e-06 9.749027426448538e-07 2.2150771057867592e-07 5.721850378735902e-08 0.0 0.0 0.0 0.0 0.0 0.0 0.0 0.0 0.0 0.0 0.0 0.0 0.0 0.0 0.0 0.0 2.1297797516289074e-06 2.5505970071310576e-06 0.0 3.285142301458396e-07 0.0 1.7169419865252386e-05 2.3973606861795668e-06 1.3432282143337798e-05 1.0768921460503916e-06 0.0 0.0 0.0 0.0 1.1075202825545221e-07 1.0222577008462517e-07 0.0 0.0 5.479094069398747e-07 9.877367614391912e-07 0.0 0.0 0.0 0.0 0.0 0.0 1.3376945131618234e-07 4.569375653671823e-08 8.528067927988353e-07 1.511801595775312e-06 1.9491505595446675e-07 2.884889020037065e-07 5.733290976983003e-07 2.9155178784324977e-06 3.8700346134803813e-07 0.0 0.0 0.0 0.0 0.0 0.0 0.0 0.0 2.920911325452236e-05 2.04549547052453e-07 1.0069493874467589e-07 0.0 0.0 4.973255351994417e-06 1.938647543987559e-06 7.941871750496301e-07 8.291245808489806e-07 3.9190006789567654e-06 5.411385856376544e-07 3.47536398516688e-07 1.0532637433915386e-07 0.0 0.0 0.0 0.0 0.0 0.0 0.0 0.0 7.171982199731686e-06 5.159008451486185e-06 8.283552612881773e-06 6.653818707557695e-05 1.511545519030332e-06 4.015204482087112e-05 9.199842453799871e-06 1.3049575934633692e-05 5.178543848072809e-06 1.6648528935526956e-07 1.15579364100956e-05 6.973484754134258e-06 0.0 2.714710267111944e-06 1.0887780782307336e-06 4.967265913137772e-06 1.228991167810885e-06 0.0 6.083858588966685e-08 3.7487760088781383e-06 6.488329824489074e-07 1.3213713467195724e-05 4.608336058309362e-06
7.599905867580197e-05 0.0002631965888601175 0.00014850976364623334 0.0005022697311536765 2.9949235467382802e-05 9.510935847306056e-05 0.0003061451794279073 5.183369354004973e-05 9.367636248196273e-06 0.0010909847757885622 0.00010408730009780087 0.0 0.0007989698185072779 3.821657296188909e-05 1.8491282126040913e-05 1.4530335502798972e-05 2.1613054910227054e-07 1.4479988552539482e-07 0.0 3.1949635994261394e-07 4.3252190374310754e-07 4.790003561253671e-07 0.0 1.480874190715141e-07 8.331618106791894e-07 8.583475762111348e-08 6.609562952006141e-08 5.393998942139186e-07 0.0 0.0 2.4663195884551778e-05 6.474228845903603e-06 1.1820404160163465e-05 0.0 9.364130638587769e-08 2.2280448285836383e-07 2.4690296470818495e-05 2.709275435442741e-06 3.830997870865414e-06 5.932827410720546e-07 0.0 1.9539098510110252e-07 2.1989048344989654e-07 6.56631241630403e-07 1.3544202479665692e-07 1.6614454043833297e-07 2.313275237462129e-05 5.9141476216054215e-08 0.0 9.955857639014382e-08 4.962678257411877e-08 9.072763142293961e-07 7.028821725298126e-07 8.275460235717008e-07 1.1066579225604524e-06 4.0769021372820693e-07 3.4812526958534467e-06 1.233440208645599e-05 5.190942444744818e-06 8.132544527046167e-06 3.647233245299097e-07 1.0749422081426597e-06 6.750719468351377e-08 1.0418669412352977e-05 2.994319508652252e-07 1.7832543821588607e-07 5.229524566173273e-08 5.127788587170515e-08 4.962392339789358e-08 2.122529464723784e-07 9.867560118798886e-05 1.1904559571503686e-06 8.254893552516021e-08 1.057081343876393e-05 7.306169545000489e-06 1.5407668203812672e-05 1.0901608480423641e-05 1.164097740376576e-05 2.3157868149141473e-06 1.983133397930579e-06 0.0 9.441231387454636e-07 1.3106122418452197e-06 0.0 2.525389584860045e-07 1.3323311041202829e-07 0.0 3.2928558316899676e-07 3.233872648391992e-07 1.4359109070649132e-07 1.3893940565542844e-07 4.315269671947098e-07 1.971023663224265e-07 0.0 8.16063644851591e-08 0.00021481699209546955 4.86788900312718e-05 3.1180006182420677e-07 5.733602000606121e-05 2.4049463524281207e-05 1.6736983250127738e-06 2.1003612514742718e-05 9.588399725342456e-06 7.048879969910459e-06 2.402480688074039e-06 3.68345409637247e-05 2.822963224479411e-05 2.9365837368967237e-05 3.777697419143173e-05 9.542702497238578e-05 1.3353478189276937e-05 4.1067947277883045e-05 0.00010103389893257698 4.9879381104859484e-05 2.8248480705028678e-05 8.352140381511088e-07 8.492073819323001e-07 0.0 0.0 0.0 0.0 0.0 0.0 0.0 0.0 0.0 0.0 1.0072970308311892e-07 0.0 0.0 0.0 1.2836129312504067e-07 0.0 0.0 9.374799449865821e-06 3.6147454316334295e-06 0.0 2.660639773126484e-07 0.0 5.114367717792053e-05 1.7499670900982321e-06 3.5178995386342884e-05 2.4137711004857186e-06 6.729683961360844e-07 0.0 0.0 0.0 0.0 1.572164280907327e-07 1.4861346288568837e-07 0.0 3.449807329728345e-07 8.775019480239527e-07 0.0 0.0 6.347812871393073e-08 1.7847685288874756e-07 6.122413667860286e-08 0.0 1.9085822150316198e-07 0.0 1.3639455388105985e-06 2.052900071834431e-06 3.610048259319187e-06 3.455622569724848e-07 2.3651579993004413e-06 8.584424943729e-06 1.9265945588598535e-06 1.1711486336039946e-07 1.422583495843336e-07 0.0 0.0 0.0 0.0 0.0 0.0 9.656856099210287e-05 1.992227910278916e-06 6.121273809605179e-07 5.281162911027808e-08 0.0 1.2539797901004269e-05 1.2299121672787707e-06 2.3153118226039764e-06 2.3563042985349398e-06 2.3232898246085934e-06 1.2689013502347413e-06 2.2676074325121697e-07 9.862751221638917e-07 0.0 0.0 5.6751809171595236e-08 0.0 7.625290781022355e-08 0.0 0.0 0.0 4.139010134148841e-05 1.1583768037175615e-05 1.4866060031938474e-05 7.540274084413885e-05 1.061892822406106e-06 3.382986711667906e-05 1.1904040653324445e-05 0.0001711332356501667 4.6635755822585656e-06 1.7252188231400013e-07 1.1538060743149197e-05 9.185601979859165e-06 0.0 7.559722590432245e-06 2.6845911369761412e-06 5.066646478432807e-05 4.0854882637641537e-07 0.0 1.1464949141285126e-06 4.445944192749942e-06 4.655848498315016e-07 0.00035380597454047165 3.358860508989299e-05
