0.0 0.0009749672651745247 0.00023935779755502123 0.0007380637752675578 2.402377728797158e-05 3.2779326436225536e-05 0.00014244560416515461 5.7845700900381055e-05 1.1107213354093804e-05 0.00031609634158710005 2.7138498069976694e-05 5.830416730817629e-06 4.912718323481956e-05 6.822232019787963e-05 7.334161880725683e-07 7.002319250829605e-07 3.212782762937967e-07 0.0 0.0 0.0 0.0 0.0 0.0 0.0 6.590432211801452e-08 5.98298327771232e-08 9.863960541903532e-07 5.507906691889115e-08 2.617217455780651e-07 3.990381230140179e-08 0.0004018528012024165 1.8862552054409479e-06 9.653427913986359e-06 0.0 0.0 1.3683800450278868e-07 1.816267515789429e-06 1.7365760465839822e-06 3.740063721190401e-06 0.0 1.200611630185101e-07 5.1339580673287035e-08 8.69420993200986e-08 0.0 0.0 0.0 7.20128304709067e-06 6.823769169380689e-07 0.0 1.1228484214264064e-07 4.3312531230417155e-07 0.0 8.465485536252408e-08 0.0 3.98433959984064e-07 3.4389279328133925e-06 5.112800598861944e-05 0.0002831955841727798 2.4026513205732878e-05 4.071321275541486e-06 1.1170855708180759e-06 2.676759992600773e-06 0.0 8.716119481071806e-06 1.3510806423753188e-06 1.1029336594001617e-06 4.807959926959155e-08 1.0583896882637712e-07 2.911391914421744e-07 0.0 9.097381337711752e-06 3.688936157805051e-06 1.3848103742101893e-07 4.2157312600621356e-05 1.5959015003876638e-05 3.4164088677363873e-06 9.81133227638703e-07 9.301373867647232e-08 2.2243334801854222e-06 1.3732161908300958e-05 8.881896639356166e-07 7.194547640950127e-06 5.028281305067947e-06 1.1373035024739537e-07 5.967527468058658e-07 1.5068502518339842e-06 9.595023673110127e-08 6.789149571989925e-08 1.3912671050915826e-07 0.0 1.8607479181222192e-07 0.0 7.724267896234817e-08 0.0 6.135664292247589e-08 1.8451782077929924e-05 1.9303424311862577e-06 0.0 6.592024585065812e-06 0.00030193928345760617 1.5082717708846617e-07 0.0 7.638443341198296e-07 0.0 0.0 0.0 0.0 0.0 0.0 3.031483861315575e-07 0.0 0.0 3.0801406430879326e-07 7.583281924549459e-08 1.5254541321517782e-06 0.0 0.0 0.0 0.0 0.0 0.0 0.0 0.0 0.0 0.0 0.0 0.0 1.9141609063260905e-07 0.0 0.0 0.0 0.0 0.0 0.0 7.573674849080122e-08 0.0 0.0 0.0 0.0 7.343679346752747e-07 0.0 8.010157726123118e-08 9.684764901904862e-07 6.954262784944982e-07 0.0 1.733656092588414e-07 0.0 0.0 0.0 0.0 0.0 5.07779686533104e-08 3.067650939661385e-07 0.0 0.0 0.0 0.0 0.0 1.2878229755602563e-07 0.0 4.64781505226193e-08 0.0 0.0 0.0 0.0 0.0 1.2511308060953615e-07 1.251167593129559e-07 0.0 0.0 0.0 0.0 0.0 0.0 0.0 0.0 3.189735915089833e-06 0.0 0.0 0.0 0.0 2.1022539554365838e-06 2.2354444446480388e-07 5.226738066849425e-07 0.0 2.1776134751256084e-07 3.615325154149165e-07 0.0 0.0 0.0 9.322566837623258e-08 0.0 0.0 0.0 0.0 0.0 5.4145811527788324e-08 5.738831909023984e-07 1.000958309478374e-06 3.3622391412675944e-06 2.353906248571345e-05 1.762048133562021e-06 4.327529907647436e-05 1.408586324232243e-05 0.0002873105943668332 5.6059797123010045e-06 8.014114420940514e-07 1.4322187549630403e-06 1.6783580181713334e-06 0.0 1.4598523732837125e-06 0.0 1.0767648926961827e-06 0.0 4.290649332982644e-08 0.0 2.880132637428592e-07 1.3116377965413574e-07 3.987596747429943e-05 8.735799897562614e-07
0.0009749672651745247 0.0 0.00046442504503978313 0.000359917459106938 0.0007410819014771477 0.00011059681728017569 0.0014719300687018532 9.178763231776551e-05 0.0003512679992343066 0.0008973586213678259 0.00018829674814255522 1.8703367883890415e-05 0.0007495808890361881 0.000984692923800197 3.842407365919946e-06 1.1014946159766e-06 7.877886272699162e-07 1.4129904888528119e-07 2.750882437095289e-07 0.0 6.575268003400546e-08 0.0 0.0 9.103670509042414e-08 4.452576627074925e-07 1.325863228127251e-07 0.0 8.277253895696226e-07 3.0978645822640025e-07 1.009362711693978e-07 0.0007036830410250951 1.204634559518566e-05 3.749919530574458e-05 0.0 0.0 1.76677385593928e-07 4.941689144095044e-06 1.8372515104822667e-06 4.209001063059958e-06 9.153338294187766e-07 1.225625129051573e-07 3.6920190123341053e-07 1.6893952940271699e-07 3.259807069536158e-07 1.1351780743039851e-07 0.0 4.035899888233377e-05 2.841986180828619e-06 1.7361039463117775e-07 1.1797382896783704e-07 3.687941816398279e-07 0.0 3.637479101174205e-07 4.306197581850446e-08 1.3037428071612159e-06 1.0419997129757223e-05 4.971349192027749e-05 0.00040416567674503876 4.666677290076916e-05 1.9025947521731613e-05 1.1993761821094122e-06 2.865771706933403e-06 0.0 8.337452317038374e-05 5.562820378855362e-06 6.3112782394696836e-06 8.347386355128665e-08 8.835839474667118e-07 7.02931500488497e-08 0.0 1.5407617210503647e-05 2.2804282431823106e-06 1.2405271119266547e-07 0.00013011951437460242 6.818268940466242e-05 3.8487855857916783e-05 1.1791722241364882e-05 7.213396751318693e-07 5.83270618806105e-07 3.813857730571971e-05 1.4935648401414527e-06 5.130796036456723e-06 1.4785170879696067e-05 2.676734295577251e-07 3.3169606691568257e-06 5.7458545572211126e-06 1.0294431534939297e-06 8.996502332366008e-08 3.3561142112432744e-07 5.676655757432907e-08 3.864068164560174e-07 1.2208819934710384e-07 1.636471957418596e-07 5.227158961726043e-08 9.920551195468921e-08 2.0297058444108113e-05 6.350318065152619e-06 0.0 5.7222722996929295e-06 0.0005775689409190013 0.0 3.1236382791283744e-07 5.8802768764428075e-06 0.0 0.0 4.296561737033848e-07 2.954965179483957e-07 0.0 8.739971385539394e-08 2.71909252734649e-06 1.496682440226433e-07 8.085376498349797e-07 9.492817231890543e-07 1.5215951520517757e-06 2.2574863731326814e-06 2.2300279918033002e-07 0.0 0.0 0.0 0.0 0.0 0.0 0.0 0.0 0.0 0.0 0.0 3.220172981656009e-07 0.0 0.0 0.0 1.7438518953559607e-07 0.0 0.0 0.0 1.300932769589806e-07 0.0 0.0 0.0 1.406208718247828e-06 0.0 1.480366130637488e-06 2.4687406939377886e-06 5.828861909299621e-07 0.0 0.0 8.206442156266021e-08 0.0 0.0 0.0 0.0 2.49737442774734e-07 7.189684610630846e-07 7.805439228322926e-08 0.0 1.0328643712557547e-07 1.397039806001011e-07 5.006930619104742e-08 3.9928303303106716e-08 6.205038170694617e-08 0.0 0.0 0.0 0.0 0.0 5.456561896350538e-07 1.2230584316475843e-06 0.0 5.026727231418222e-08 0.0 4.9171850782766913e-08 5.008832630048703e-08 0.0 0.0 0.0 0.0 9.86543584346346e-06 0.0 0.0 0.0 0.0 1.3796104292318297e-06 3.422225564860708e-07 1.1525850386062699e-06 1.5699292657188653e-07 9.49530776800615e-07 3.3747559397597146e-07 8.319146579462633e-08 2.2011337303310455e-07 0.0 5.970739798125472e-08 5.151046857472935e-08 0.0 1.0671818231247987e-07 0.0 0.0 0.0 3.575150839239249e-06 1.5517780983672494e-06 5.4382019389984205e-06 0.0002115887658313272 3.94396589381533e-06 0.0001833993254902529 4.23454010479838e-05 0.0003554310615518924 1.3615048781394962e-05 1.4701626740108118e-06 2.569908991577204e-05 7.766770638389221e-06 0.0 8.809729742394206e-07 1.1310775327503026e-07 2.447179220289894e-06 0.0 0.0 2.103543927152244e-07 4.734168909387573e-06 6.136742974330932e-07 4.2148051030189965e-05 2.9078176329524275e-06
0.00023935779755502123 0.00046442504503978313 0.0 2.3890096530678816e-05 0.000431323983218045 7.526002976141663e-06 0.0001003908691235949 0.0013001679046681454 0.00029608315070000097 1.2957088049015073e-05 0.0009673637058830041 1.0646966474056048e-05 7.034507003594439e-05 0.0007522248862704243 2.4286340058590723e-05 2.2794774074966413e-05 1.0071198921227286e-05 5.289456490317319e-07 6.469382286069267e-07 1.098232364017863e-06 2.9197896296169377e-06 9.653548610493794e-07 3.261638235120305e-07 5.108130773237766e-07 2.508076955067081e-06 3.1208891389211765e-06 2.997499648770967e-07 2.4267849770031732e-06 9.247145197704325e-07 1.18893858544264e-07 0.0013797591842680472 0.00020700304425752387 0.000145255872187795 4.025281244447302e-07 4.6590690549545865e-07 4.9270341127152826e-06 1.8121086644283997e-05 1.4587716352363592e-05 1.0881723997322351e-05 7.292527171089756e-06 2.5978727310832235e-06 2.348899303129626e-06 1.974415491228381e-06 1.747319518007536e-06 5.071959921862805e-07 1.3606722821129112e-06 5.01727814783882e-05 3.5728241772334006e-06 3.1741618647664523e-06 2.5616586178865454e-06 1.8189446955719474e-06 8.376849265994011e-07 2.110370131913003e-06 7.523314746773783e-07 7.214532062527025e-07 7.896289171839279e-06 3.824888114922692e-05 0.00035074685943684144 4.098590670557105e-05 2.2185019789748574e-05 3.129624341467374e-05 2.9431905449210407e-05 1.0079708142908924e-06 0.0003474488458959604 4.277767187361789e-06 4.869880321074381e-06 1.4051366962346851e-06 2.3339445382717775e-06 6.61159058781647e-06 4.073028372473391e-06 2.453330846516706e-05 2.5901766275020714e-06 1.1926965999563841e-06 0.0001171997835049148 8.231253929455317e-05 5.674839767510998e-05 4.039162244961048e-05 7.993764749929383e-06 0.0002012809544646409 0.0005914545590847893 3.014087644756322e-05 0.00020982075220854132 1.2441148004507975e-05 1.496885611108527e-07 3.916367782393967e-06 4.9424258044548545e-06 1.6968646991944658e-06 9.885818104013857e-08 7.76541843864282e-07 2.0925439301719056e-07 1.1674201647523505e-06 3.2824623241215435e-07 6.821551773625229e-06 1.5795704062513758e-06 4.252503267160691e-07 4.115365605651031e-05 5.5924840317152935e-06 2.2006377117490602e-07 5.320657719930776e-06 0.00011084112524978636 0.0 0.0 2.439879594696728e-07 0.0 0.0 0.0 1.0692309822055516e-07 0.0 0.0 1.246007841017959e-07 6.674860880804071e-07 5.435855512383632e-07 9.715159279341246e-08 5.053715439415286e-07 1.2183511802692726e-06 1.0235850103181678e-07 0.0 0.0 0.0 0.0 0.0 0.0 2.53691850193209e-07 0.0 0.0 1.0430674404731878e-06 2.2476140806644095e-07 3.3079787812486134e-07 0.0 1.1090695615279968e-06 2.5643017999814155e-07 7.594861957385863e-07 4.478649808127959e-07 5.99984993076544e-07 0.0 0.0 0.0 1.4073766594207428e-07 2.052329974874498e-07 8.44757692077462e-07 0.0 1.7894159891420462e-06 2.3884812895197655e-06 1.8557405290126975e-06 0.0 7.982482153065825e-07 0.0 0.0 0.0 0.0 7.194232087699821e-08 7.805221605391683e-08 5.360390381566208e-07 0.0 1.605813602692861e-07 4.2575218001813045e-07 2.1143279788518e-06 2.284145556144115e-06 4.259158688452065e-08 0.0 4.743478185056265e-08 4.8557864401922844e-08 9.579102500736308e-08 5.281541786859877e-08 2.1634824029561878e-07 6.966892932644032e-07 2.8148689352346786e-07 0.0 0.0 0.0 0.0 0.0 0.0 2.0848197983742217e-07 0.0 6.794859647353042e-08 3.0839397768818436e-06 2.6190677863316065e-06 2.394092033152995e-07 1.0589047404303e-07 8.42833747032799e-07 8.859818523479458e-07 4.074634385911878e-07 8.629901648384522e-07 2.1606033795893288e-07 1.4007218445090538e-07 3.07739751614594e-07 0.0 0.0 0.0 1.1187397611225024e-07 0.0 7.62139827776687e-08 1.64230495941888e-07 2.4112296705495983e-07 4.211884721862628e-07 2.9143658025214795e-07 9.273355016312951e-07 3.059708716672591e-06 3.4625636831360853e-06 0.00015569229330332927 1.4337905982325458e-05 0.0001884971954635585 4.816026137749566e-05 8.321001449776156e-05 6.9308218879963785e-06 1.9593044320068318e-06 1.9523057465873256e-05 2.657294770153691e-06 5.471437198519502e-07 1.682764801678384e-06 1.8357809083648984e-07 8.329524094008988e-07 0.0 0.0 0.0 4.588029559314857e-06 1.0047788990067906e-06 1.551456064939384e-05 1.8999215313762276e-06
0.0007380637752675578 0.000359917459106938 2.3890096530678816e-05 0.0 9.507457450762123e-06 0.00015849563193223045 0.0005134845391682091 1.868821088803898e-07 2.396356551347502e-06 0.0005494971048925905 1.1366064083885622e-06 1.2346984246547044e-05 0.0007393468467496038 0.00010483465758085817 0.0 0.0 2.0103232917273935e-07 0.0 0.0 0.0 0.0 0.0 0.0 0.0 0.0 0.0 0.0 0.0 0.0 0.0 5.2978437175021146e-05 1.058403567620996e-07 2.080740951738143e-07 0.0 0.0 0.0 0.0 0.0 4.2612849251282795e-07 7.344362265028625e-08 0.0 0.0 0.0 0.0 0.0 0.0 3.3780100628619017e-06 4.6167796304356683e-07 0.0 0.0 0.0 0.0 0.0 0.0 1.2109930861994092e-07 1.6907646273684372e-06 1.21878209253828e-05 7.418622143120508e-05 9.650259233150504e-06 1.5230950591517892e-06 0.0 0.0 0.0 6.179497182140529e-06 3.7913705843109293e-07 3.996623942680677e-07 9.590929599606413e-08 4.882890601460143e-08 0.0 0.0 2.579061121929372e-06 7.674721959718309e-08 0.0 1.7778357679910675e-05 8.482404971288287e-06 2.081382548607292e-06 1.9602673898961513e-07 1.5069877282148062e-07 0.0 2.873239548988623e-07 5.6897218921251615e-08 1.0051653515173247e-07 2.6754714357710434e-06 2.021121970652452e-07 4.2841525810420684e-07 7.579300031287394e-07 1.4823077381748526e-07 4.874090347848891e-08 0.0 0.0 0.0 0.0 0.0 0.0 0.0 3.2270961532658844e-06 9.412046514647381e-07 0.0 5.356184363635169e-07 0.0002590246948276084 0.0 8.443109452136248e-08 2.774501282899886e-06 0.0 0.0 0.0 0.0 0.0 2.7512992557529164e-07 1.6770137552612472e-06 0.0 0.0 2.4225417509409334e-07 7.499586705463095e-08 4.861543206791113e-07 0.0 0.0 0.0 0.0 0.0 0.0 0.0 0.0 0.0 0.0 0.0 0.0 0.0 0.0 0.0 0.0 0.0 0.0 0.0 0.0 0.0 0.0 0.0 0.0 2.3667455895133876e-07 0.0 0.0 1.3670514671389748e-07 0.0 0.0 0.0 0.0 0.0 0.0 0.0 0.0 0.0 0.0 0.0 0.0 0.0 0.0 0.0 6.787564225992356e-08 0.0 0.0 0.0 0.0 0.0 0.0 0.0 1.952643512872985e-07 0.0 0.0 0.0 0.0 0.0 0.0 0.0 0.0 0.0 5.315555914135591e-07 0.0 0.0 0.0 0.0 5.337913739485689e-07 0.0 9.778057292259057e-07 0.0 0.0 0.0 0.0 6.077674181745715e-08 0.0 0.0 0.0 0.0 0.0 0.0 0.0 0.0 3.3267944059834865e-07 4.3853847722350927e-07 1.3075286140771696e-06 4.819583208479044e-05 3.5805645734817345e-07 1.562341876245708e-05 4.2533354693773585e-06 0.00041552765493480887 1.1812718306382219e-06 1.447510303097704e-07 8.635348521276766e-07 1.87444215436687e-06 0.0 2.7921860229981244e-07 0.0 1.3399435058917603e-06 0.0 0.0 0.0 1.8254591470617608e-06 0.0 2.9992221015946294e-05 9.309682549460849e-07
2.402377728797158e-05 0.0007410819014771477 0.000431323983218045 9.507457450762123e-06 0.0 7.642630999299994e-07 0.0013000445144705519 0.00010672624141178411 0.0013544855390573679 0.00022511111821611608 0.0004618010305427359 3.311040769578966e-05 0.0006346161134667682 0.0014639630114937153 2.0960676597881843e-06 2.7190487837897996e-07 3.959322765885903e-07 0.0 7.332122154217804e-08 0.0 0.0 0.0 0.0 0.0 0.0 0.0 0.0 0.0 0.0 4.203273389210886e-08 3.747232628841208e-05 6.245032993849119e-06 4.705304387470072e-06 0.0 4.775751396257554e-08 1.7642639830492883e-07 1.2428289426844197e-06 1.3548059662865116e-07 9.498441032899649e-07 1.9674201099043998e-07 0.0 0.0 0.0 5.1957626429241756e-08 0.0 5.7436721664173324e-08 1.9774775422179673e-05 7.108879700311024e-07 1.1176185987734768e-07 0.0 4.0682039988590036e-08 0.0 1.427894391930228e-07 0.0 3.6639177944259984e-07 2.653742025269505e-06 6.911984143878121e-06 3.782854632151672e-05 7.213246456745095e-06 6.018801579938668e-06 4.1862696269735336e-07 2.3681631704648916e-06 0.0 2.5157569003140266e-05 1.151173167730129e-06 1.5259106046720012e-06 2.0289779563437709e-07 1.3649847567351302e-07 0.0 0.0 1.152858225792399e-05 5.895780691154833e-07 0.0 2.5494688658978943e-05 2.4871526187026327e-05 1.67801938408897e-05 5.8098512728581895e-06 3.7845442986995454e-07 0.0 6.567036372232186e-06 2.787480651396835e-07 6.74803002232136e-07 4.943669290430141e-06 0.0 1.2380539317451323e-06 1.5248984559151585e-06 8.939058300457862e-08 0.0 6.17458780420069e-08 0.0 4.286085652100985e-08 0.0 0.0 6.966502154625079e-08 3.916144860378035e-08 1.6860576515560048e-05 4.289037198478119e-06 0.0 3.5247095359555924e-06 1.9051768277028284e-05 0.0 0.0 1.4663787839284163e-07 0.0 0.0 2.3234651047755453e-07 3.444795488349369e-07 9.085743432672011e-07 5.229472030720628e-07 5.223462528438045e-06 1.20327849477543e-06 1.9963036115060297e-06 1.924393987969134e-06 3.2332612289941e-06 4.374493425019126e-06 1.756171846158586e-07 2.658329998395084e-07 0.0 0.0 0.0 0.0 0.0 0.0 0.0 5.995323778048705e-08 0.0 0.0 0.0 0.0 0.0 6.459295867459264e-08 0.0 0.0 0.0 1.6645409361401393e-07 4.963698442615106e-08 0.0 0.0 0.0 1.595606932253856e-06 0.0 3.0053374599156285e-06 5.30055360911047e-07 5.167445452785078e-07 0.0 0.0 0.0 0.0 0.0 0.0 0.0 3.023768387272277e-07 2.317649923600436e-07 0.0 0.0 0.0 8.598355452737282e-08 0.0 0.0 0.0 1.0608308044350838e-07 0.0 0.0 0.0 3.573363949478404e-07 7.113113712770836e-07 1.0033141417158264e-06 3.047760776437679e-07 0.0 0.0 0.0 0.0 0.0 0.0 0.0 0.0 1.290115407769788e-05 8.867766577819552e-08 0.0 0.0 5.842731025445308e-08 2.368294222589833e-06 5.118760305918588e-07 1.3880237351224684e-06 5.148562385154176e-08 4.011518716375064e-07 7.739698810633656e-07 0.0 2.568314685982916e-07 0.0 0.0 0.0 0.0 0.0 0.0 0.0 0.0 9.060487590795821e-06 1.5241033944541714e-06 3.2449420286589713e-06 0.00015395019683336607 2.1808824073672036e-06 8.033601192100316e-05 1.5458503626794765e-05 4.969579576002851e-05 5.984159212990746e-06 1.6870398795179446e-07 1.9955745938883878e-05 5.497993492373566e-06 0.0 4.09699780343018e-07 1.192708784819268e-07 5.5337237314258296e-06 0.0 0.0 0.0 1.805847460339421e-06 0.0 1.0184936591824985e-05 1.6659600599910627e-06
3.2779326436225536e-05 0.00011059681728017569 7.526002976141663e-06 0.00015849563193223045 7.642630999299994e-07 0.0 2.0212992491220152e-05 2.130425951328985e-07 1.0463946356961429e-06 0.00011852807772604137 3.0597690480824306e-07 4.783001639636719e-05 3.4401830120944916e-05 1.0692172658970866e-05 0.0 0.0 0.0 0.0 0.0 4.277014885774893e-08 6.34689665537056e-08 5.371575021160501e-08 0.0 0.0 0.0 5.3949125539543185e-08 0.0 1.2386041471958148e-07 6.264811711224356e-08 0.0 1.280949714051586e-05 0.0 5.786515269488687e-06 0.0 0.0 0.0 7.548730005869045e-06 6.854030176974229e-08 6.610569309676596e-06 2.8782878956770626e-07 0.0 6.376383551921208e-08 0.0 0.0 0.0 0.0 0.0 0.0 0.0 0.0 4.949042245638839e-08 1.686735460072406e-06 1.0980304496892268e-06 5.483630281217009e-08 0.0 1.5402534145209486e-07 5.905297019883112e-05 2.6502205257829548e-06 2.279099998802225e-06 5.553741584736002e-08 0.0 1.8433817968604671e-06 0.0 0.0 0.0 0.0 0.0 0.0 0.0 0.0 8.769419931943771e-05 5.750736597543507e-05 5.795110920488031e-06 1.3333650543950158e-07 2.9027581457216725e-07 0.0 0.0 0.0 0.0 2.0834349956134452e-07 0.0 2.2500965990930745e-07 5.328149476927002e-08 1.2057528540285613e-07 0.0 4.669981935386909e-08 0.0 1.9038053561994177e-07 4.1331142827600884e-07 5.668677350420822e-07 0.0 0.0 0.0 0.0 0.0 0.00010191729209551895 5.6036079767456905e-05 6.680338092893208e-06 3.3723605806625224e-05 9.071997556122791e-05 0.0 1.890723186133277e-07 4.722852112709801e-07 0.0 0.0 5.740807224534258e-07 2.348763837908091e-06 9.128393956293098e-07 3.468379143919605e-07 1.1221772736539625e-05 8.803434544323234e-07 1.9058314964335885e-06 1.9622871058744416e-06 1.3710897739243638e-06 7.769186650441592e-07 0.0 0.0 0.0 0.0 0.0 0.0 0.0 0.0 0.0 0.0 1.9287161073971138e-07 0.0 0.0 0.0 0.0 0.0 0.0 0.0 0.0 0.0 0.0 0.0 3.1701621540479874e-07 0.0 3.823617114806096e-07 0.0 0.0 1.0972254772891725e-07 0.0 0.0 0.0 0.0 0.0 0.0 0.0 0.0 1.237890471994826e-07 9.756576022430776e-08 0.0 0.0 1.352695225980014e-07 2.7571042632244287e-07 5.7143644887512345e-08 0.0 0.0 0.0 0.0 0.0 0.0 0.0 0.0 0.0 0.0 0.0 6.548169569051933e-08 0.0 0.0 0.0 0.0 0.0 0.0 2.4665119959387603e-06 7.416702013888452e-08 7.169136053820727e-08 0.0 0.0 7.809705985285704e-07 0.0 0.0 0.0 0.0 0.0 0.0 0.0 0.0 0.0 0.0 0.0 0.0 0.0 0.0 0.0 4.056373187597719e-06 2.5883506161452435e-07 4.969640626646373e-08 8.851749348166143e-06 6.575545590545043e-08 8.493493034811485e-07 2.3667360221894754e-07 0.00010606056655624011 7.537594718843527e-07 4.586631678965547e-08 7.754604128597e-07 9.2959603928005e-06 0.0 1.9857002003145095e-07 0.0 1.0415415291172786e-05 0.0 0.0 0.0 0.0 9.637695622146731e-08 7.513708365272301e-06 7.3938032304841855e-06
0.00014244560416515461 0.0014719300687018532 0.0001003908691235949 0.0005134845391682091 0.0013000445144705519 2.0212992491220152e-05 0.0 3.186829056874186e-05 0.0005174019277773268 0.0009921309651944364 0.00022577736547723843 0.0002589492513917085 0.001268964935455804 0.001178650436061871 2.0609398825339815e-06 4.640396940078401e-07 3.4039878199652386e-07 4.647978101021561e-08 0.0 0.0 0.0 9.664822354213961e-08 0.0 0.0 9.154258071105991e-08 0.0 0.0 0.0 0.0 0.0 2.8710445333598077e-05 1.7739009294556467e-06 4.441868163971828e-06 0.0 0.0 0.0 1.8909222538461718e-06 2.1110267872109855e-07 2.278744360485996e-06 1.882718772170277e-07 0.0 0.0 0.0 1.7724647966545708e-07 0.0 1.09540677617632e-07 1.206612993504808e-05 4.433384305804888e-07 1.0386060794257491e-07 0.0 1.372992236284313e-07 0.0 2.054203081720161e-07 5.1464848609792905e-08 1.2839523866580704e-07 2.800083023537553e-06 9.589439728090179e-06 5.7235572371096974e-05 7.62511193223791e-06 3.6708479158208142e-06 4.214139106778851e-07 2.0329962593371207e-06 0.0 1.564998537824089e-05 8.296254600985939e-07 1.0001249618778577e-06 0.0 1.3487994386331576e-07 0.0 0.0 1.2727144179917842e-05 1.4681309584523186e-06 0.0 2.5589711229118363e-05 1.7915812601629456e-05 9.738601826990103e-06 3.3195353471912187e-06 2.1312779821613383e-07 0.0 1.6237604133532215e-06 5.886936778206295e-08 6.242529413832746e-07 3.670964397989446e-06 0.0 9.974457406170672e-07 1.1390203452749014e-06 1.4202064744748178e-07 0.0 0.0 0.0 2.364156887264401e-07 0.0 0.0 1.2723976870173831e-07 0.0 3.723411560801845e-05 4.686697013731539e-06 6.288232789663602e-08 3.967518000798088e-06 4.737636900920121e-05 3.886770211444553e-07 4.3624977458591575e-07 5.753354790057818e-06 7.049858542218808e-07 5.735953626787852e-08 8.8244197012438e-06 1.6929785465470419e-06 6.974128389791464e-07 9.081819603633517e-06 1.139504779646768e-05 1.3724245402548342e-06 1.3168790575364034e-05 8.641074763396028e-06 7.257809299764777e-06 1.0640865647624193e-05 1.825106133022055e-07 9.16129274920231e-08 0.0 0.0 0.0 0.0 0.0 0.0 0.0 0.0 0.0 0.0 3.26144021846553e-07 0.0 0.0 0.0 0.0 0.0 0.0 7.15734954870173e-07 2.0052451583213376e-06 0.0 0.0 0.0 3.492915021089966e-06 0.0 3.5031528729198624e-06 1.2718999941537132e-06 3.053622042468816e-07 0.0 0.0 0.0 0.0 0.0 0.0 0.0 5.581379427501813e-07 6.572784305900274e-07 0.0 0.0 0.0 1.9765350071964246e-07 0.0 0.0 0.0 0.0 2.0720940784993325e-07 8.959579098553528e-07 0.0 0.0 1.4035940090479245e-06 1.6647245175896457e-06 1.9917162616040157e-07 9.954708563101232e-08 0.0 0.0 0.0 0.0 0.0 0.0 0.0 3.1856930870701405e-05 0.0 0.0 0.0 0.0 4.41235712677218e-06 7.533829909508539e-07 1.1668366590569847e-06 4.186116684541979e-07 1.2241020144535198e-06 8.869293576616361e-07 1.4464268373524026e-07 1.1645783596230208e-07 0.0 6.137220666771337e-08 0.0 0.0 4.656128854615107e-08 3.878924601583392e-08 0.0 0.0 1.6039734606681166e-05 3.594470860702082e-06 8.064831657299636e-06 0.00015394837188317367 1.7547580247611268e-06 6.171550982648515e-05 1.1984457908516862e-05 9.394089126030303e-05 2.779115609960312e-06 9.237980577278163e-08 1.3869864559702316e-05 2.162367660146756e-05 0.0 1.642327240503512e-06 7.156517292584646e-08 1.069933080607729e-05 1.2557851070521053e-07 0.0 2.7570378309612074e-07 4.8681561343417e-06 6.990886703007605e-08 3.219181957819867e-05 7.047635065822616e-06
5.7845700900381055e-05 9.178763231776551e-05 0.0013001679046681454 1.868821088803898e-07 0.00010672624141178411 2.130425951328985e-07 3.186829056874186e-05 0.0 0.00030460766446540645 3.868797727342102e-06 0.0011079372409371058 4.179416988774813e-05 0.00021959550594091007 0.0007968784508057775 2.1962622555009027e-05 1.6770477233036672e-05 1.2610686037396924e-05 1.3161545335291026e-06 1.2582575528404539e-06 3.1706541839991583e-06 8.197847499055605e-06 3.2630871456888454e-07 3.491102582531745e-07 7.290779861078436e-07 4.313103707453633e-06 3.3989891458792946e-06 3.482231584623962e-07 2.4898213152333637e-06 1.2400890362923069e-06 1.1438015008616585e-07 0.0002607227375911477 0.0005177205579800628 0.0001477823133381344 2.7489302313885485e-07 1.026245406858528e-06 7.08870212659193e-06 1.954246087128027e-05 1.535255813053291e-05 1.074632633659067e-05 5.7621444589747956e-06 4.0670951561239025e-06 4.610906698333157e-06 3.97049230662605e-06 7.529187002089193e-05 1.2413961045462966e-06 6.890803769755655e-06 6.437394650727939e-05 1.8457340885143173e-06 4.82943375852997e-06 7.115235287061032e-06 3.2007974057077398e-06 1.232253307051229e-06 3.0309214071015918e-06 2.306692400148226e-06 4.7080172358531444e-07 2.306479816905917e-06 5.03142305253948e-06 3.6720187911976473e-05 4.79761972160728e-06 1.1391608586073104e-05 0.00015923760358854197 7.261557724383809e-05 1.1924086706694899e-06 5.544690970091219e-05 1.5376643989757916e-06 3.5319129055113836e-06 2.1317455817487732e-06 5.502678540149095e-06 1.7576034934343842e-05 9.960528561626062e-06 2.0567171935410257e-05 2.7411334317232206e-06 1.5903908373632303e-06 2.5422387341116018e-05 3.924535273414316e-05 5.979992138784315e-05 5.5408171939900335e-05 0.0001607426045137202 0.0003656651215548697 0.0005768062448928279 0.0003448820983847972 0.0005643930593160245 3.993315525015287e-06 4.726540989833178e-08 1.8240933677792002e-06 2.083300800420472e-06 3.496557227190284e-06 6.169626270870426e-08 5.042412151529376e-07 0.0 1.1289312282753044e-06 2.3330393009908781e-07 1.100455259300188e-05 1.3548923787603402e-06 2.5209548998242313e-06 4.684434287388998e-05 8.53960613465766e-06 0.0 2.9473800534914116e-06 2.0599801428363997e-05 7.311353650020984e-08 0.0 9.631389273427115e-08 0.0 0.0 0.0 0.0 0.0 0.0 6.134750949691572e-07 1.3946253705358206e-07 0.0 9.950062481957993e-07 5.3317300142134e-07 6.159548375263771e-07 1.346262009155278e-07 5.783722197073342e-08 0.0 0.0 0.0 0.0 0.0 7.792527383572632e-08 0.0 0.0 1.3344241975774131e-06 4.0231346266761334e-07 6.278322086411087e-07 0.0 7.186840993100014e-07 3.03600455661515e-07 1.9837366182511307e-06 3.6544701631259413e-07 3.793008685341058e-07 1.2711645802410323e-07 1.1059353466396591e-07 0.0 2.711054038213993e-07 0.0 4.1366033577773936e-07 2.8330772033399256e-07 5.072422488498861e-07 1.5514872584578694e-06 1.2291402009134663e-06 2.5717268518435605e-07 9.213699719821704e-07 4.7597458023565397e-07 0.0 0.0 4.7303609123439394e-07 0.0 1.0834625112760514e-07 2.723737277823201e-07 0.0 3.372752124404264e-07 5.393940493632176e-07 3.2063667470836175e-06 2.194702426971092e-06 0.0 0.0 0.0 0.0 0.0 0.0 0.0 4.466460026830956e-07 8.335944913737949e-07 6.949681855930072e-08 0.0 5.313709218493968e-08 6.545133628097808e-08 0.0 0.0 3.285203699300003e-07 2.589123952369643e-07 2.4914733764713424e-07 3.128470242595148e-06 0.0 4.5544682224871686e-07 0.0 4.7489209143540003e-07 1.693268739651425e-06 2.7015166290328574e-07 4.805017570603016e-07 4.868802851750405e-07 1.971882862256337e-07 2.5891452093463634e-07 0.0 4.734319156798306e-08 3.4254089908292254e-07 5.82140263067306e-08 0.0 0.0 1.4228620469279095e-07 1.2503162360524103e-07 1.5131870172323358e-07 5.628387395536282e-07 1.5456802398270695e-06 2.819869553104389e-06 3.3664818957011908e-06 0.00017083843774438458 2.8867071174752795e-05 0.00016003088636273806 3.5555690955457334e-05 3.0364424476405715e-05 7.962079312662684e-06 4.547235157170712e-07 2.1092040789390505e-05 3.2915390060183357e-06 7.660061854961853e-07 7.389600278139332e-07 3.323033302302127e-07 3.098131524076258e-07 5.4452242132614126e-08 0.0 0.0 7.822485639264761e-06 0.0 4.926197578252646e-06 2.5926859277001384e-06
1.1107213354093804e-05 0.0003512679992343066 0.00029608315070000097 2.396356551347502e-06 0.0013544855390573679 1.0463946356961429e-06 0.0005174019277773268 0.00030460766446540645 0.0 3.885967961689283e-05 0.0005167998941271172 2.04116021920644e-05 8.269406416164371e-05 0.0003764118813889281 4.917831906855006e-06 1.2890807181956816e-06 1.0931704276869373e-06 0.0 4.908181687471108e-08 0.0 0.0 0.0 0.0 0.0 2.3252911835078936e-07 8.594909868618462e-08 0.0 1.5747571260164397e-07 1.223162890654581e-07 5.480932565375838e-08 2.544807135442504e-05 1.0975904124165993e-05 1.0467001439300929e-05 0.0 0.0 0.0 3.129665696561862e-06 2.477782973893809e-07 1.6688789561909586e-06 3.5069295976156516e-07 2.9666325309949355e-07 1.671157784946022e-07 1.2592902511310516e-07 2.6794428251894625e-07 9.081408963311123e-08 1.4087146025070052e-07 2.244358831043519e-05 5.188404124388533e-07 3.46670850051307e-07 2.0765146200876713e-07 9.554604424601729e-08 0.0 1.9527084965625152e-07 0.0 5.498473782140287e-08 1.4083279613450137e-06 3.2495937322893997e-06 1.5237842979252449e-05 3.834394358209305e-06 5.923241757398707e-06 2.6317427084328083e-07 8.659932433824474e-07 0.0 1.1427050363571861e-05 9.372530434991401e-07 9.322993459419117e-07 1.0070116765935859e-07 3.999768122408498e-07 2.3300526115422462e-07 0.0 1.9283355448545826e-05 4.6084316350058337e-07 6.638049187165798e-08 1.5208687634269447e-05 1.48973549179537e-05 1.73989091545546e-05 6.830371414542505e-06 5.780738168957771e-07 3.204381540846931e-07 3.933797547583024e-05 3.7594777079229126e-07 1.1345517918906482e-06 2.4007928655451917e-06 0.0 2.5784073031408033e-07 6.206784106245317e-07 3.9922835779617437e-07 0.0 9.185798910399352e-08 0.0 1.457069811449566e-07 0.0 0.0 1.7606245595579678e-07 0.0 4.100234311876285e-05 4.608276475919655e-06 0.0 3.247790180562333e-06 1.1462951675808248e-05 0.0 0.0 2.463420803689043e-07 0.0 0.0 1.2020936558219712e-06 6.829366491810236e-07 1.1495039021529887e-06 1.3372751320897722e-06 9.718183544117666e-06 2.8589427734640634e-06 3.2741682695334287e-06 7.389221442431389e-06 5.652045379780742e-06 1.1035269678968843e-05 1.265623011054709e-07 0.0 0.0 0.0 0.0 0.0 0.0 0.0 0.0 0.0 0.0 0.0 5.164728400169524e-07 0.0 7.035245128698063e-07 0.0 0.0 0.0 0.0 5.905682197648799e-07 6.412827240466468e-07 0.0 1.0527791602322072e-06 0.0 3.029658109354501e-06 3.0684505860265435e-07 3.071829657031514e-06 1.3289755055461108e-06 3.130982076112786e-07 0.0 6.091242937820972e-08 0.0 0.0 0.0 0.0 0.0 1.8199329731818737e-07 7.113030807192849e-07 0.0 0.0 0.0 1.718989283967668e-07 0.0 1.7307902411358147e-07 0.0 0.0 2.8492822624694067e-07 1.2774317837832347e-07 0.0 0.0 1.6491920918628352e-06 2.484130906784685e-06 2.0867990216646868e-07 0.0 0.0 0.0 0.0 0.0 0.0 0.0 0.0 2.9211836810154145e-05 2.060104975190165e-07 0.0 0.0 0.0 4.812601746600726e-06 5.034020631513293e-07 5.988291121218003e-07 8.034264283108019e-07 6.044303524378621e-07 7.455421950706336e-07 8.680665431121988e-08 7.051263254445893e-08 0.0 0.0 0.0 4.6925325221011846e-08 8.130858276093702e-08 0.0 0.0 0.0 1.3681648634486295e-05 4.458838696602465e-06 8.040270591790934e-06 0.00018068408701448708 1.3463252208686193e-06 7.69176935602713e-05 1.4298990302776614e-05 3.0850728781731026e-05 2.7556244070793188e-06 7.293563817585858e-08 2.0668620691738847e-05 1.3799853163973903e-05 0.0 1.2692799387062575e-06 4.3306972749975184e-07 8.924400479731549e-06 1.455084456986735e-07 0.0 1.107022518038588e-07 3.0255267199187535e-06 0.0 9.342215092409353e-06 2.477832629652424e-06
0.00031609634158710005 0.0008973586213678259 1.2957088049015073e-05 0.0005494971048925905 0.00022511111821611608 0.00011852807772604137 0.0009921309651944364 3.868797727342102e-06 3.885967961689283e-05 0.0 4.197432736720248e-06 0.0011916055789560273 0.0034140452313957633 0.0003623944513111915 1.7099543209931748e-06 2.2083995064627077e-07 4.094718253757047e-07 0.0 0.0 4.7461459187908073e-08 0.0 0.0 0.0 0.0 0.0 7.856110336031933e-08 0.0 5.470466182517929e-07 0.0 0.0 3.684485911697231e-05 1.1221385596798782e-06 4.079617030013983e-05 0.0 0.0 0.0 1.629374839058647e-05 4.635840603128473e-07 5.192995058668238e-06 2.734167614777639e-07 0.0 1.0272614903457683e-07 6.03253258300486e-08 3.746712809182847e-07 0.0 0.0 1.1841238215987423e-05 1.0167442254947703e-06 0.0 2.2606514123216518e-07 0.0 6.39108893302745e-08 7.619058730192726e-07 0.0 4.446170394146153e-07 3.731493221472863e-06 1.642713469327318e-05 7.093067690429291e-05 9.545669423318238e-06 5.780831221289146e-06 5.633392925081436e-08 9.358095782201673e-06 0.0 2.3643297007582195e-05 1.5896534998794391e-06 1.3299952104675787e-06 0.0 5.8237796390366075e-08 0.0 0.0 8.122984784894645e-05 5.935683317647075e-06 9.490123693331648e-08 3.156708042474042e-05 3.06887113122421e-05 1.015921554219234e-05 3.0882076994411254e-06 9.339562312671587e-08 0.0 2.9659354941787363e-06 0.0 1.0623155419366547e-06 4.609502909150702e-06 0.0 8.109137688416574e-07 1.4171550337822013e-06 5.828442025055811e-08 0.0 1.4393927656357702e-07 0.0 6.078271802612626e-08 9.214951287490675e-08 0.0 4.1929187823415e-07 0.0 0.00017390589471665994 2.4358398029548678e-05 2.770338297713796e-07 1.2891070741517942e-05 0.00020941247604936526 6.466058719018088e-07 1.336337905922368e-05 5.284402736743359e-05 4.6254409085607655e-05 6.935259991014138e-07 1.9843385962929544e-05 1.4444098251537503e-05 8.736964463221956e-06 4.202905327185552e-05 7.950417244403148e-05 8.86849979865904e-06 3.2199757893407275e-05 3.896790752628743e-05 2.157101919940721e-05 3.5832373543165196e-05 9.959772540910435e-07 4.673568671221194e-08 0.0 3.023638083015613e-07 0.0 0.0 0.0 1.2822418232556344e-07 0.0 0.0 0.0 0.0 1.9790597027009284e-07 0.0 0.0 0.0 0.0 0.0 0.0 2.471298376497133e-06 2.044615716959345e-06 0.0 0.0 0.0 1.298827891964225e-05 7.096530171654897e-08 8.265239951032645e-06 4.321338525484116e-06 1.52760033219472e-06 0.0 0.0 0.0 6.319763859506488e-08 0.0 0.0 0.0 5.745441851839017e-07 1.480441264449183e-06 0.0 0.0 1.4517756451745506e-07 1.1088993305378795e-07 6.058181769907333e-08 5.3413554158243166e-08 1.3939622606629733e-07 2.6680740482976194e-07 2.7002105208800353e-07 4.728761302948677e-06 2.043054184839498e-07 4.900921234005567e-07 3.3112260657354687e-06 5.6203566613261905e-06 1.2123089166398408e-06 5.386252037172602e-07 1.7743923766085658e-07 0.0 0.0 0.0 9.621784892978593e-08 0.0 0.0 9.610130203349185e-05 8.030390123303248e-07 0.0 0.0 0.0 1.4142772110471178e-05 1.9296211627641076e-06 4.764354924658004e-06 2.190194718303095e-06 3.2899847066606154e-06 2.057953930847299e-06 0.0 2.605398172470926e-07 0.0 0.0 0.0 0.0 1.1423067749391723e-07 1.0171562402777856e-07 0.0 0.0 6.416763590908571e-05 1.4916004563093802e-05 2.395906598082644e-05 0.0005678681730542097 2.1492405890124826e-06 8.616426641977278e-05 1.34394004591823e-05 0.00048382537592325255 5.440819629565103e-06 2.4276132748084274e-07 1.996003623348475e-05 0.00011541950125799785 0.0 4.988635547747648e-06 1.6978760192324063e-07 8.366768351964034e-05 1.8163734233701167e-07 0.0 3.4392063520455666e-07 7.160167590484978e-06 8.891418619543105e-07 0.00018208875003723117 4.0215752441722685e-05
2.7138498069976694e-05 0.00018829674814255522 0.0009673637058830041 1.1366064083885622e-06 0.0004618010305427359 3.0597690480824306e-07 0.00022577736547723843 0.0011079372409371058 0.0005167998941271172 4.197432736720248e-06 0.0 0.0001029772903844412 0.0004481863923342878 0.0013908712406958312 9.163903783067567e-06 4.781368641628514e-06 3.078041693497524e-06 3.7367590529727285e-07 0.0 2.0751396204651286e-07 3.438962856914448e-07 1.149033395311844e-06 0.0 0.0 1.414493522176977e-06 1.8975202038185516e-06 4.156972493576397e-07 2.717287870660887e-06 1.5231129978841248e-06 1.245366257623914e-07 9.209592963886885e-05 7.772215875066954e-05 0.00024594093699331995 1.234570408470717e-07 2.0446281106863426e-07 1.0639280200563341e-06 7.893866654343523e-05 1.0823265293444117e-05 2.0718564271839852e-05 4.924124544656204e-06 1.7373509593955614e-06 2.512893971274629e-06 7.949205787739678e-07 3.6433924484826957e-07 2.2156631939532344e-07 4.524347221225252e-07 2.5127910989611402e-05 4.5650879183419967e-07 7.08726566701958e-07 3.1343208700315967e-07 3.147071754663396e-07 4.3007896520090515e-07 3.933168306373704e-06 4.711776722522014e-07 1.3782683459198316e-07 8.061819557173447e-07 2.3182282076929623e-06 1.7549703779160333e-05 3.2693507042153885e-06 3.4281080272305974e-06 3.3238914003001023e-06 1.2836575682242044e-05 1.3800113506353926e-07 1.1605250476354596e-05 6.6891412908147e-07 8.64472527352925e-07 2.1110392179945194e-07 2.0945099815481103e-07 6.654290224823231e-07 6.057898927472236e-07 9.6493320031522e-05 3.717168515426276e-06 2.463201294243226e-07 1.132250493736373e-05 1.2635419863846539e-05 1.7202461995685786e-05 1.1029740274432746e-05 1.7760362820397865e-06 1.1321816629046212e-05 0.0003863931299746952 8.598438863631671e-07 5.002447367413813e-05 1.4354539522815168e-06 0.0 5.993139194171727e-07 5.966511209395067e-07 3.3943275852102163e-07 1.0932152189329719e-07 1.5361450237191272e-07 0.0 1.5569194569617508e-07 0.0 1.2313204222254888e-06 7.324419885776526e-07 2.263677785951863e-07 7.516496972711903e-05 1.0001062867310832e-05 3.8043407425742245e-07 6.813774684668424e-06 1.4790018228362949e-05 1.6882507860602878e-07 0.0 2.0168427155306206e-07 0.0 0.0 1.1321992677912527e-07 0.0 0.0 9.012599691725956e-08 2.000978408096112e-06 8.790825080908983e-08 1.1835836026540376e-06 7.45491916088454e-07 1.144753223882933e-06 2.037166827638044e-06 5.83606354393576e-08 9.684120050798074e-08 0.0 0.0 0.0 0.0 4.9995863504916895e-08 0.0 0.0 0.0 3.0750391708015726e-07 3.9041844927283647e-07 4.3967635207039715e-07 0.0 4.2705092739533704e-07 7.991691443462082e-08 2.8148959528184024e-07 6.542543039334249e-08 0.0 2.795548398349113e-07 0.0 0.0 0.0 0.0 9.20133496429794e-07 0.0 1.4803669964129262e-06 1.9597083954151462e-06 1.0619774044118773e-06 0.0 2.864929755478918e-07 6.232389263245137e-08 0.0 4.314953367618159e-08 0.0 0.0 4.9390275482704224e-08 2.2945680135314292e-07 0.0 5.785729987584505e-08 7.655576531810544e-08 9.565722564557277e-07 3.886394592917717e-07 0.0 0.0 0.0 1.736761969332826e-07 0.0 0.0 2.3155398570491433e-07 2.0106920379511378e-07 6.268017472177918e-07 1.7791848310701125e-07 4.305663630850414e-08 0.0 0.0 0.0 6.135404222738422e-08 0.0 0.0 0.0 6.651010081295022e-06 4.88804772592644e-07 1.2854797897080036e-07 0.0 1.756369155370396e-07 1.5021484949293702e-06 2.3287772603145363e-07 7.121973593717734e-07 1.6898821158506056e-07 5.552533979594164e-07 3.7168108794258634e-07 0.0 1.5508292489119248e-07 5.083050134665105e-08 0.0 0.0 0.0 0.0 1.1078000315452589e-07 0.0 0.0 2.986195734292717e-06 1.5694240638534345e-06 4.412879468970027e-06 0.0001103959958296446 2.907483662603594e-06 6.649131690187282e-05 1.6392102259118045e-05 1.3252081221293627e-05 2.8675318317687256e-06 2.3507476764217105e-07 1.4042129010404172e-05 4.303820701500386e-06 1.2528112863278902e-07 6.22102533739077e-07 2.2625951624005685e-07 1.915606838896624e-06 0.0 0.0 2.4129926857947505e-07 2.5433177008565207e-06 5.1635995233234e-07 3.068263834558797e-06 2.179562995917857e-06
