0.0 0.0009669010692667655 0.000351905486965606 0.0004616725474054916 8.617177392189941e-05 0.0001670447327269107 0.00030646838728935554 5.1739999594368196e-05 1.761859732073373e-05 0.0004265226403898 5.737385298053111e-05 0.0002856662114000604 0.00026877365247073227 6.806619028010096e-05 1.451684030564953e-06 3.204455527724651e-07 5.5222236771079535e-08 0.0 0.0 0.0 8.318926307323144e-08 0.0 0.0 0.0 5.341711536741194e-08 0.0 0.0 0.0 0.0 0.0 0.00024413946239680638 3.2670750929391252e-06 1.0531204208500837e-05 0.0 0.0 7.469685661151581e-08 1.2873700578312452e-06 4.0196325585454876e-07 5.231572238144808e-07 4.998952427089419e-07 0.0 0.0 0.0 0.0 0.0 0.0 1.3267292451824502e-05 0.0 0.0 0.0 0.0 0.0 1.8711262907335262e-07 0.0 4.233605008224753e-06 3.8227574703157806e-07 9.770135533172538e-05 0.00022099005720803143 1.3060492474711787e-05 8.715756370371873e-06 2.1070253141149157e-06 5.35518550940931e-07 0.0 9.015192975951007e-06 2.8482803275039114e-07 0.0 0.0 0.0 0.0 0.0 1.1784423889083535e-05 4.917053965452717e-07 0.0 5.486608643489544e-05 1.52153352168884e-05 1.4469215167127537e-05 1.921529429306669e-06 4.0686449150747227e-08 0.0 6.01650280578582e-06 4.330594259530121e-07 1.7227718712729405e-06 4.522014660471941e-06 0.0 1.1268985492022697e-07 1.9812986648151365e-07 0.0 0.0 4.099155518926464e-08 4.546426424304589e-08 0.0 0.0 0.0 0.0 0.0 4.356389755428251e-05 2.9963263486901814e-06 9.353686737637932e-08 1.8549313923671813e-06 0.0003808376415289651 1.2648223272821485e-07 8.68113985464427e-06 7.856994130374415e-06 3.3831626194231888e-06 6.097356216075611e-07 2.9692102313555516e-06 3.490910874348333e-06 4.273063522329993e-06 6.959485448593082e-06 4.010337470542515e-06 3.691284946956298e-06 6.796563410185809e-06 4.402618620763274e-06 1.1364348700410916e-06 1.0537572552473656e-05 3.556477993585755e-07 5.6465607043027184e-08 0.0 0.0 0.0 0.0 0.0 0.0 0.0 0.0 0.0 0.0 4.192864723362342e-07 0.0 7.828758717947443e-07 0.0 0.0 2.7077067589881355e-07 0.0 0.0 8.281841950782041e-08 0.0 7.361830025744879e-07 0.0 5.092982815924688e-07 2.1174335108694773e-06 3.5025720883913675e-06 7.437460032139795e-07 6.444499511920003e-07 0.0 0.0 0.0 0.0 0.0 1.535785843978757e-06 0.0 5.582912368995811e-07 9.619349264692083e-07 0.0 0.0 0.0 0.0 0.0 0.0 0.0 0.0 0.0 2.8142117355176796e-07 8.760889822339903e-07 1.093949256136563e-06 1.0841786965488726e-06 6.269860643653796e-07 7.562954701317586e-08 3.478818285539373e-07 0.0 0.0 0.0 0.0 0.0 0.0 0.0 5.487576512961982e-06 0.0 0.0 0.0 0.0 3.06450605609898e-06 9.62813072945689e-07 0.0 1.3961066993657578e-06 3.3018488205824557e-07 1.1574800203436604e-06 2.407135813564695e-07 0.0 0.0 0.0 0.0 0.0 0.0 0.0 0.0 0.0 5.931385984590858e-06 1.3845152807216477e-06 8.224240763564009e-07 9.054776483616509e-05 1.2368738332049964e-06 1.4676727492190661e-05 2.5059533123161223e-06 0.0006840758381628176 2.8437023894063815e-06 2.5394577337601404e-06 2.0988793350791674e-07 3.688316655676002e-06 0.0 1.5771270346098018e-06 5.169617796437942e-07 4.1551629248412635e-05 0.0 0.0 6.108768330370512e-07 3.6795590711052763e-07 0.0 0.00026090137738196185 2.488395660699875e-05
0.0009669010692667655 0.0 0.000980565541413252 0.0004062823500473218 0.0008588561662444507 0.00013368109906494144 0.0014199093651718552 0.00021834954429644231 0.00033124275938542806 0.00028553373175497295 0.00036528436542779757 3.2280596785530704e-05 0.0001730098916836822 0.00023509459754087047 7.880485243435154e-06 2.206049262848165e-06 5.201579319231446e-07 0.0 4.110747634299546e-08 0.0 0.0 0.0 1.396037868668486e-07 0.0 1.334440902518415e-07 5.520105927289792e-08 2.2294739071994087e-07 8.653885268168875e-08 6.55141065847071e-08 4.413562123574097e-08 0.0009771813735440814 2.562891812663855e-05 2.1470961281871956e-05 0.0 5.672967229977379e-07 1.577704090809803e-07 4.152072903525143e-06 1.3177361210468978e-06 2.3684487009324474e-06 3.6252699496639657e-07 0.0 0.0 0.0 3.4008557300813576e-07 4.1997099706596285e-08 5.234057110536301e-07 5.8553461736995806e-05 2.2577046760426355e-07 5.12364647045924e-08 0.0 0.0 0.0 1.8914069226328302e-07 0.0 1.3258383987149688e-05 2.071429279759607e-06 5.330811986809547e-05 0.0003980402600981537 2.3064546069251152e-05 2.408855126287643e-05 3.327295613583736e-06 3.7112729335467622e-06 2.387506010744543e-07 0.00012016181942488814 5.750565801970626e-07 0.0 0.0 0.0 1.9226950683601463e-07 4.2973626610728905e-08 3.46929539855388e-05 9.55330494736024e-07 1.1391706643949473e-07 0.0001249270579505746 5.599961158865621e-05 4.9122616147565506e-05 2.194503574507748e-05 3.1974823464411504e-06 6.244510198315968e-07 2.8057987630494147e-05 3.2613610042676004e-06 6.344680147533337e-06 1.8072852914907923e-05 1.48916760132205e-07 1.1983410996344205e-07 6.802683799036659e-07 0.0 1.5988697599116767e-07 1.1168679872064984e-07 0.0 0.0 0.0 0.0 1.0885985920153591e-07 0.0 7.829639698426435e-05 6.36877074993568e-06 2.9382285736401517e-07 5.932280121380046e-06 0.00030597440719139267 5.292053021513821e-07 6.157967781597617e-06 1.1034250492202332e-05 6.426888178867793e-06 2.4243064042916798e-06 7.091306604410881e-06 4.157942201973652e-06 1.2441741490298674e-05 1.3334833492285698e-05 9.57025060564676e-06 5.74724168507961e-06 1.6417058246605725e-05 1.2178322419047474e-05 4.293048538251878e-06 2.4271754702647417e-05 2.2921194887330515e-07 1.301764482205852e-06 2.662220693253379e-07 2.5112960291332364e-07 0.0 2.402570171585054e-07 0.0 0.0 0.0 0.0 0.0 0.0 1.7044817978727346e-06 0.0 7.681317468992773e-08 0.0 2.8324449030049295e-07 3.8245517388258574e-07 5.275265872896447e-07 5.359532332553797e-07 1.8150002739849134e-06 0.0 1.0752294732292363e-06 2.9290048008240236e-07 3.123811871137024e-06 2.355506359266676e-06 9.424228987909231e-06 3.777551313531141e-06 1.1253145244015453e-06 0.0 0.0 0.0 0.0 1.1322354931221928e-07 4.240504830072669e-07 0.0 6.374813177877189e-07 2.6238870327595285e-06 0.0 0.0 0.0 8.88868630028608e-07 0.0 1.5565588259135163e-07 4.397074530132558e-08 4.776674294312737e-08 0.0 1.0949817242519985e-06 4.34645962040578e-07 1.7030440708432522e-06 4.0841503503576416e-07 2.1360164592693917e-06 8.183067794697716e-07 0.0 0.0 0.0 0.0 2.6902491044404446e-07 0.0 0.0 0.0 1.8666947112753188e-05 2.9392360743580563e-07 0.0 0.0 4.1614874958594133e-08 8.782479523756238e-06 1.3334703743741615e-06 8.005963309791255e-07 3.254844570934759e-06 1.706967171755955e-06 1.2665467391424022e-06 1.1388457322061982e-06 4.536366347032068e-07 0.0 0.0 0.0 0.0 0.0 0.0 0.0 0.0 1.727739627698623e-05 6.9787528872690955e-06 4.229332486248415e-06 0.00011990088341912689 2.679766912772225e-06 0.00011707130782977834 2.905442990062061e-05 0.0003965038826202611 2.1320408514067045e-05 3.5704845543015103e-06 6.030943474588851e-06 8.952956898784318e-06 5.415643591664039e-07 7.32219188189503e-06 1.1247006525833203e-06 3.685702330276015e-05 1.1076953052961424e-06 6.832000259198e-08 0.0 2.5096141139120486e-06 1.2379308858998468e-07 0.0001681654542340091 1.9364570427533547e-05
0.000351905486965606 0.000980565541413252 0.0 5.178090966289324e-06 0.0004134249787834753 7.240254747972243e-06 0.00019988678301456066 0.0006330248644353054 0.0005366447563405112 2.237019425301175e-05 0.000787855781018869 3.38701821265803e-05 0.00016767698927414284 0.0009376859817811143 1.009941442945526e-05 4.614099475764934e-06 1.2953421302532197e-06 5.497565596614877e-08 0.0 7.006258146875084e-07 5.15048002974239e-07 0.0 1.3014171283600439e-06 1.756034933551131e-06 2.158752754537927e-06 4.7596248387222237e-07 4.204463040388904e-07 5.83928397693627e-08 2.2355318890409728e-07 3.6474075173989487e-07 0.0015047098865045546 0.0001392051699083667 7.636603571132879e-05 1.1529511442158878e-06 1.439291993769231e-06 1.1129540471313128e-06 1.1008313190520735e-05 4.204407991143811e-06 8.397683891788272e-06 8.051411514814334e-07 3.0860615986548154e-07 0.0 8.163686670525769e-08 8.07237556509901e-06 2.017877701443012e-07 5.461572623897276e-06 5.155479948249276e-05 4.0117572625432583e-07 1.272526044204749e-07 0.0 0.0 1.201523007251672e-07 7.281572131144648e-07 0.0 9.498033709870302e-06 1.3683189008491931e-06 2.710533551313684e-05 0.00033215827609362034 1.58937464752896e-05 1.6986231639713026e-05 2.816265919153306e-05 1.8354265922949277e-05 1.1535102232771574e-06 0.00014331030614878258 3.943326342230325e-07 7.79139873236276e-08 0.0 1.2051467252566933e-07 4.0121006886751956e-07 2.211736259481615e-07 7.48568630535565e-05 3.0092012913984355e-06 4.71874373038763e-07 9.143816795433023e-05 5.207591213217196e-05 4.234662050966333e-05 3.304694384968553e-05 1.0619391387942214e-05 2.3333208094918418e-05 0.0001799945060024875 5.282930984526131e-05 8.140083333760072e-05 1.2867649448915167e-05 1.350014862244113e-07 1.266728991191107e-07 7.012621100768826e-07 3.1183177765522683e-07 2.2401249599386312e-07 1.6383571040492385e-07 8.396382662386265e-08 1.250991491566219e-07 0.0 4.6251934720335504e-07 6.928175654501303e-08 7.001571840625253e-08 4.4860686798265416e-05 1.1446789389455416e-05 1.3162018855703509e-06 2.0431867901741206e-05 0.00013762130215877442 5.490574572178988e-08 2.0909986796233134e-07 8.86183057583401e-07 5.610719166775475e-07 2.2315103847315302e-07 3.9575968062707633e-07 4.3408668774206904e-07 5.288550350597103e-07 1.2596520394008801e-06 7.366139026459501e-07 5.087905728941962e-07 1.349681523369534e-06 8.431149399770792e-07 3.5810795318430887e-07 3.7959480438866684e-06 4.357713745664173e-07 3.3701611821248386e-07 0.0 0.0 1.1507412271080938e-07 4.9762232139560305e-08 0.0 0.0 0.0 0.0 3.157248005485496e-07 0.0 6.149314434571723e-07 7.110674238072415e-08 3.541750176742034e-07 0.0 7.755367699868055e-07 8.278775194854106e-07 1.5596382148392807e-07 0.0 1.244016009545841e-07 0.0 5.149634958751139e-07 7.194247260994292e-08 9.082145693875045e-07 1.420596925599478e-06 1.7694737941416419e-06 1.1259724011622134e-06 1.0440700577498152e-06 0.0 0.0 9.967710151836486e-08 0.0 1.7376506294716517e-07 1.7771959322719887e-07 0.0 1.9004963262902133e-07 1.2802490972703936e-06 0.0 0.0 0.0 6.788582636308057e-07 0.0 0.0 6.445328695959435e-08 9.009627041718587e-08 0.0 5.097664604920749e-08 6.125592880317825e-08 7.416282572239944e-07 5.29410921417892e-07 3.876072625906155e-07 0.0 0.0 0.0 0.0 0.0 0.0 0.0 0.0 0.0 2.728898122841961e-06 1.8480464927694305e-07 0.0 0.0 0.0 1.0466929705257815e-06 1.7206417908832556e-07 4.4405008812755465e-07 3.0968930161494303e-07 4.778970054554881e-08 3.9465832821983283e-07 1.6654763604924207e-07 0.0 0.0 4.443590759417692e-08 4.3171516779475216e-08 0.0 0.0 7.023272268353481e-08 0.0 0.0 3.056543607724444e-06 4.114243670978311e-06 1.586702441178276e-06 6.233604542818191e-05 2.412958186168535e-06 0.00010391884100959732 2.2724883927533027e-05 9.561431889233892e-05 1.7470847627566572e-05 1.847598293147303e-06 4.781268398819309e-06 1.8566215841160387e-06 2.642634799671141e-07 1.3441012621691198e-06 2.0834498126286676e-07 3.3210598663217884e-06 0.0 2.5023563073592406e-07 0.0 1.2816345390015814e-06 4.417088184677706e-07 3.660484889733169e-05 1.9023792133659818e-06
0.0004616725474054916 0.0004062823500473218 5.178090966289324e-06 0.0 2.7911650850086188e-05 0.00019290552225518771 0.0003270126793434471 1.5386448827969046e-06 3.7012557854977793e-06 0.0009349966821613057 7.883176542839375e-07 0.0003361425642594709 0.00043964556730654165 3.163011554640437e-05 1.170995149787438e-06 1.9154249695176315e-07 0.0 0.0 0.0 0.0 0.0 0.0 0.0 0.0 0.0 0.0 0.0 0.0 0.0 0.0 0.00011932762807472965 7.6699080727065e-07 5.294452414448172e-06 0.0 0.0 0.0 7.195983800532465e-07 0.0 0.0 0.0 0.0 6.648630381594683e-08 0.0 0.0 0.0 8.960700972392713e-08 9.668788631860722e-06 4.650944574811667e-08 0.0 0.0 0.0 0.0 0.0 0.0 2.5241351247531e-06 2.8876267945747554e-07 1.4454385704417633e-05 0.00011361165225919115 5.786402722711384e-06 4.737565599401973e-06 3.619029440144654e-07 2.4117030250986123e-07 0.0 7.339729422927186e-06 4.2237513311676994e-08 0.0 0.0 0.0 0.0 0.0 1.0675996444140386e-05 2.4277942103809486e-07 0.0 3.1221380368234486e-05 9.983701635968668e-06 1.0694733729491977e-05 1.33937442887943e-06 8.79975198621209e-08 0.0 1.3030798643936157e-06 3.224724789925907e-07 2.6945192873980935e-07 3.2103549118489034e-06 3.364431849635931e-08 0.0 8.332194400408428e-08 0.0 0.0 0.0 5.2331780070145284e-08 0.0 0.0 0.0 0.0 0.0 2.223711591867256e-05 5.039961970901958e-07 0.0 1.016368255494847e-06 0.00018768127289884722 0.0 2.2755180911219636e-06 2.3758052133083055e-06 1.2559866325030172e-06 3.17635177793234e-07 2.7327763153614663e-06 1.3568146996564697e-06 1.5289217543737967e-06 1.6830223886022099e-06 1.7213696085137314e-06 1.5973746943847673e-06 3.6649281378703727e-06 3.048056005630085e-06 1.495964720725783e-06 3.868148849817706e-06 0.0 0.0 0.0 0.0 0.0 0.0 0.0 0.0 0.0 0.0 6.939918217394001e-08 0.0 0.0 0.0 0.0 0.0 0.0 1.4094779619333305e-07 6.26449751497473e-07 1.4002072938979827e-07 4.1768639214372123e-07 0.0 2.415990243462427e-07 0.0 1.3190011971060274e-07 0.0 1.0332631367864483e-06 1.4236263069947385e-07 0.0 0.0 0.0 0.0 0.0 0.0 0.0 0.0 0.0 1.246352501635536e-07 0.0 0.0 0.0 2.7698844219384916e-07 0.0 0.0 0.0 0.0 0.0 1.3344051855881845e-07 2.021123309994779e-07 0.0 4.7123553382300757e-07 8.200862903414733e-08 1.4340913292704512e-07 1.7993304374620434e-07 0.0 0.0 0.0 0.0 0.0 0.0 0.0 3.3262721952885645e-06 0.0 0.0 0.0 0.0 2.0484193518439677e-06 0.0 0.0 7.189501656218285e-07 1.7801483404286487e-07 3.740266827335312e-07 0.0 7.192850740506829e-08 0.0 0.0 0.0 0.0 0.0 0.0 0.0 0.0 2.129658677248399e-06 1.5927107217438292e-06 7.641259572735003e-07 1.7864272060262834e-05 6.294065965160981e-07 1.197050280205439e-05 1.5402860278887298e-06 0.00022756078635780209 1.1650737842469606e-06 4.829797045517969e-07 4.425864940779685e-07 2.885263711938717e-06 0.0 6.351388001408764e-07 0.0 1.9661899271019162e-05 0.0 9.596728006267432e-08 0.0 8.163380416032905e-08 0.0 8.224235967618653e-05 9.122386546566853e-06
8.617177392189941e-05 0.0008588561662444507 0.0004134249787834753 2.7911650850086188e-05 0.0 2.786043626343693e-06 0.0005746292649473708 7.07055187409544e-05 0.0007652341278704567 8.920827839087671e-05 0.0006070599421701442 1.72063463716112e-05 0.0001699123517967929 0.00017175807094682564 6.239829814262392e-06 2.153263364787817e-06 6.390908229622495e-07 0.0 0.0 0.0 0.0 0.0 0.0 0.0 1.1817326505136345e-07 0.0 4.75895823753669e-08 0.0 0.0 0.0 7.618512279101992e-05 1.5074329067729635e-05 1.6026595202979133e-05 0.0 5.932713417892913e-08 2.6354803884633063e-07 9.243284902377548e-07 4.0360992883997e-07 6.547582860128006e-07 9.355010905501463e-08 0.0 0.0 0.0 8.103489478817151e-07 0.0 8.346635907583134e-07 3.016611219151667e-05 7.51914882429432e-08 0.0 0.0 0.0 0.0 1.2247093434974733e-07 0.0 3.8003595747773185e-06 6.725107028535123e-07 6.2665901519244795e-06 4.02858942521163e-05 7.635323910851981e-06 7.325075045910854e-06 4.1010340342193474e-06 1.1422600869835341e-06 2.708296873114076e-07 4.938522368269243e-05 1.9400205358123544e-07 0.0 5.744322115060946e-08 1.1333858998428313e-07 9.977785159015531e-08 0.0 1.8753174768760134e-05 1.8343358351446832e-06 0.0 2.8566335811117036e-05 1.6334405346166754e-05 1.4221720004954668e-05 1.96896484661569e-05 7.009319933823871e-06 8.434921689486664e-07 2.3423557710536643e-05 5.301455662266505e-06 6.531680392692352e-06 7.203416378867987e-06 9.834303397835505e-08 0.0 7.498896597499226e-08 0.0 3.8195118617640136e-08 7.432662555509051e-08 0.0 0.0 0.0 0.0 0.0 0.0 7.470386447612066e-05 6.327786965954175e-06 0.0 9.980553891040098e-07 1.1370626297349314e-05 2.648635550204351e-07 2.9004619701371104e-06 4.270160202940359e-06 2.257700813407844e-06 2.2094371572373174e-06 2.9791257297101715e-06 2.2206365701305594e-06 5.417405910174144e-06 9.251309895575886e-06 4.546011303995872e-06 4.074473424252964e-06 9.931565942993946e-06 8.236673275719146e-06 4.054771119509807e-06 2.186461826126101e-05 3.5643664585311775e-07 4.120972859307345e-07 0.0 0.0 0.0 0.0 0.0 0.0 0.0 0.0 0.0 0.0 3.694012905023318e-07 1.955135879434986e-07 9.174857082891355e-08 0.0 2.8461297318913853e-07 0.0 3.195709588481016e-07 9.143313750607856e-07 1.4669407871996649e-06 4.6928457020165614e-07 5.772676113055741e-07 0.0 1.481121637347309e-06 6.418143173700362e-07 5.266454789494e-06 4.15610009651179e-07 1.1877094060073284e-06 0.0 0.0 0.0 4.760099418340731e-08 3.1783245162481346e-07 0.0 0.0 2.394364465266834e-07 3.340441097682806e-06 0.0 1.0106330122942271e-07 0.0 5.367457548038363e-07 6.493184023014625e-08 0.0 0.0 0.0 5.7092873667133495e-08 1.953924317520303e-06 3.3319488520046995e-07 6.510815859805134e-08 3.7907057172923155e-07 1.0760086535663475e-06 6.737391355625704e-08 5.224729976828831e-08 1.0479103091658361e-07 0.0 7.601962336073889e-08 0.0 0.0 0.0 4.2934395410192813e-08 1.4180267211358241e-05 2.6326677089190164e-07 0.0 7.655654108126867e-08 0.0 9.27792541314466e-06 1.2114694411382525e-06 5.066259202004476e-07 2.1078888522520867e-06 1.6618366292056038e-06 1.5725824476265451e-06 5.008675318165294e-07 5.09462104777065e-07 0.0 0.0 0.0 0.0 0.0 0.0 2.9756257691457175e-07 0.0 1.5943421478493233e-05 4.717331927800969e-06 2.266735378370099e-06 6.788552908184437e-05 7.916360633568402e-07 7.971029453540966e-05 2.4613690833741415e-05 4.136995910238563e-05 1.990208214396495e-05 6.143316402047137e-07 6.706363461138246e-06 5.827868712048275e-06 0.0 6.140673954062707e-06 1.3033275630274452e-06 1.5356599121312908e-05 6.252795301111465e-08 0.0 2.284127892587157e-07 3.225712923875319e-06 5.559929883396824e-07 5.246867080205439e-05 1.2043127613502622e-05
0.0001670447327269107 0.00013368109906494144 7.240254747972243e-06 0.00019290552225518771 2.786043626343693e-06 0.0 2.04424453998076e-05 1.197658090864432e-06 9.307794655009265e-07 0.0001495850438646098 1.539383438475537e-06 4.2412563265348975e-05 2.590026775751522e-05 5.137076533889443e-06 1.9453089383951587e-07 0.0 0.0 0.0 0.0 0.0 0.0 9.354170619736665e-08 0.0 0.0 1.3407964105997982e-07 0.0 0.0 0.0 0.0 0.0 2.7473151861989058e-05 2.766916777620812e-07 5.164061616411118e-06 0.0 0.0 0.0 8.329925092898106e-07 6.428605516249262e-07 6.841725217491702e-07 0.0 6.833866114695784e-08 0.0 0.0 0.0 0.0 0.0 6.105574172573546e-07 0.0 0.0 0.0 0.0 0.0 0.0 0.0 2.5749577247923963e-07 0.0 6.094940702670392e-05 1.7467511800269392e-05 1.3633329016090067e-06 5.718598881441682e-07 1.69386833404433e-07 0.0 0.0 4.464199007060738e-08 0.0 7.321936243613473e-08 0.0 0.0 0.0 0.0 1.4434841706450022e-05 1.5965794272647823e-05 5.409388841310806e-07 2.3874451158668176e-06 4.347649801928679e-07 5.885325588321083e-07 6.730446269363748e-08 0.0 0.0 5.895312470769808e-07 2.2866915489469356e-07 1.5889612786131242e-07 4.624688917756554e-07 6.250435610243931e-08 0.0 5.2188368747498604e-08 0.0 6.723186506610365e-08 0.0 1.2514267174823925e-07 0.0 0.0 0.0 0.0 0.0 3.5596042608867426e-05 7.846425013727848e-05 1.2248086618295098e-06 7.183629367960287e-06 7.645709551197508e-05 0.0 1.2530177248855543e-06 9.117622061201353e-07 1.1383152343454753e-06 5.477550678769948e-07 1.5760116672313286e-06 6.909747709156588e-07 7.614646095586788e-07 3.078896158457056e-06 2.071729460843061e-06 4.634933283670157e-07 2.7454370789901345e-06 9.268428587650875e-07 1.4682663485211352e-06 3.2146952385699623e-06 9.650213822173956e-08 1.3141283818700416e-07 0.0 0.0 0.0 0.0 0.0 0.0 0.0 0.0 1.954935053051289e-07 0.0 2.2932328769418652e-07 0.0 0.0 0.0 0.0 9.290305839066924e-08 6.158258750163108e-08 2.1209053113333125e-07 7.893340057566865e-07 0.0 8.020999639754729e-08 0.0 6.146826652762551e-08 0.0 4.932503471008877e-08 2.2210857497670645e-07 8.9715042527558e-07 0.0 0.0 5.416841888930994e-08 0.0 0.0 0.0 0.0 0.0 5.585168469281128e-07 0.0 1.2362511565701012e-07 0.0 2.169952657438358e-07 4.563894032123298e-08 0.0 0.0 0.0 0.0 0.0 0.0 0.0 6.787340697775865e-07 0.0 0.0 0.0 0.0 0.0 0.0 0.0 0.0 0.0 0.0 7.985906549926235e-07 0.0 0.0 0.0 0.0 1.5843772996457222e-06 0.0 6.037135098234738e-08 0.0 1.762769010467508e-07 0.0 1.7904734044011217e-07 5.986140662627677e-08 0.0 0.0 0.0 0.0 0.0 0.0 0.0 0.0 1.160922458657992e-06 6.06629856513599e-08 6.376519513066003e-07 5.4248659074744134e-05 0.0 6.905675290037705e-07 7.499577630927735e-08 0.00037981569697635145 1.7869105927583689e-07 5.5036776706562446e-08 0.0 1.1856343710345547e-06 0.0 7.250250220859492e-07 1.2652442694096942e-07 1.9598885946746854e-05 0.0 0.0 1.4538698952105133e-07 0.0 0.0 0.00012367110449308953 1.260711639367475e-05
0.00030646838728935554 0.0014199093651718552 0.00019988678301456066 0.0003270126793434471 0.0005746292649473708 2.04424453998076e-05 0.0 7.11347993195172e-05 0.0009731038532742707 0.0006168791979487101 0.00029739168789139525 9.448623905065043e-05 0.0006508447178301019 0.0004925046650830998 4.590257494588081e-06 2.5550174181982895e-06 1.8537345191836132e-07 0.0 0.0 6.900984083715991e-08 0.0 0.0 4.1001941810390185e-07 1.1335306816543332e-07 3.776716701130821e-07 6.807479993226708e-08 4.8953356601184674e-08 5.293017838011781e-08 1.068416114681019e-07 0.0 8.679185653530113e-05 1.3846909662912068e-05 1.8809936761244996e-05 0.0 1.414098691439876e-07 1.8328308508003858e-07 1.4163360795756804e-06 2.512179764754212e-07 9.475332400349395e-07 1.6389608847819235e-07 6.11392496695776e-08 0.0 0.0 7.347884038339632e-07 0.0 1.0034703398714473e-06 2.5750781808095296e-05 0.0 5.380281610390808e-08 0.0 0.0 0.0 9.441728013610726e-08 0.0 5.059524799692701e-06 7.118788068042775e-07 1.2337962301257436e-05 6.723471672036032e-05 7.898580248036132e-06 9.745478661619066e-06 5.014999986419246e-06 2.119095362593201e-06 2.5853566343794613e-07 4.315640902713583e-05 4.152662964056547e-07 0.0 0.0 0.0 0.0 0.0 3.273263387981494e-05 1.191767722106813e-06 2.172939519225465e-07 4.027450978877392e-05 1.973136724943675e-05 1.9712181806573018e-05 1.4147618644891805e-05 6.089252572895321e-06 5.77158129152556e-07 2.941222808121357e-05 4.522691804468391e-06 5.698809010882652e-06 7.023567669952756e-06 0.0 1.2240021635916346e-07 1.034786155692194e-07 0.0 4.4221866329113104e-08 3.335114872670133e-08 4.22616767911641e-08 0.0 5.921870860391119e-08 0.0 0.0 0.0 0.000121693080806632 5.212518308616683e-06 0.0 1.735001440060197e-06 2.9461581639701485e-05 1.0645481510615749e-06 7.1745195103309615e-06 1.5353570815636552e-05 1.0037077410807728e-05 5.070012748945386e-06 1.1698577975473763e-05 5.088181794398192e-06 2.0489053612629666e-05 2.2385949886730792e-05 1.1158503486992436e-05 1.2488612875262821e-05 2.5629559163230293e-05 1.6304793312137985e-05 1.0360479215230734e-05 4.169407606081583e-05 9.809793046853423e-07 9.90282960157753e-07 4.065829287830939e-07 2.384815832997399e-07 0.0 0.0 0.0 0.0 0.0 3.7776430444081163e-07 0.0 0.0 2.3650649601198543e-06 0.0 1.6665609033561875e-06 0.0 1.315023180934572e-07 8.45070072487715e-08 8.453339107333187e-08 4.011203278791114e-06 2.848991829426281e-06 0.0 5.585182901524103e-07 0.0 4.2807714043136976e-06 1.0359173372870423e-06 1.393649420504076e-05 3.5663720081877008e-06 1.7180051617341892e-06 0.0 0.0 6.511690982018498e-08 0.0 1.038442145264401e-07 6.853689891455355e-07 1.2572841026311295e-07 6.619789247547172e-07 2.6259680511794564e-06 0.0 4.54137690022622e-07 0.0 9.200684366474567e-07 0.0 1.8553526530784802e-07 2.7777233502196926e-07 0.0 9.211452963516337e-08 3.6410780141521905e-06 6.521927500160723e-07 1.7194364267938725e-06 1.6063703305727975e-06 1.918033664428767e-06 2.0718701771261705e-07 4.421556897110355e-08 7.581421081601158e-08 4.194627294532407e-08 0.0 0.0 0.0 0.0 0.0 2.9657380756365043e-05 7.40256539522268e-08 1.3916314024615118e-07 0.0 0.0 1.6972299521808126e-05 2.153747055477487e-06 1.3717412258997062e-06 5.00252928432885e-06 2.9653440478403473e-06 1.3617269681274992e-06 7.314419495058766e-07 9.266262679313705e-07 0.0 0.0 0.0 0.0 0.0 0.0 0.0 0.0 2.882704092013154e-05 9.507086435723983e-06 6.003096109573423e-06 5.740712945675609e-05 8.498081816850137e-07 5.962523310316525e-05 1.566155860939913e-05 8.228486311793074e-05 1.3864825137301144e-05 6.113005705815613e-07 3.247581531258305e-06 1.3650106154013705e-05 6.797763227240692e-07 8.833612386394076e-06 1.915014255445431e-06 4.100919544805371e-05 8.289898587725857e-07 0.0 7.143030790879904e-08 1.7897574005377074e-06 4.356585159576151e-07 0.0001481755743093623 2.907565582529396e-05
5.1739999594368196e-05 0.00021834954429644231 0.0006330248644353054 1.5386448827969046e-06 7.07055187409544e-05 1.197658090864432e-06 7.11347993195172e-05 0.0 0.0003191251646865754 6.948408097256153e-06 0.0009785800583205658 1.1633335547249681e-05 0.00017377231604505516 0.001673386673154842 2.2808393073424063e-05 1.342181125742202e-05 3.710690146559564e-06 0.0 7.518466872102328e-07 7.719537264066177e-07 1.8336194140095222e-06 5.382398824263614e-07 3.799392166600711e-06 3.3004912020719445e-06 2.748296232653716e-06 8.627010364529184e-07 6.18926537144786e-07 6.930134190264988e-07 8.308113762761651e-07 3.3975301891069525e-07 0.00037479250553593244 0.0008507105649736197 0.00013357777927678038 5.827212825941811e-06 1.8461766253377902e-06 9.015698230785154e-07 7.869936154301154e-06 1.3020829015099924e-05 1.2526167378388647e-05 2.561562317886242e-06 5.627546664422282e-07 7.242672987042445e-08 2.3389931935749826e-07 4.792338725826626e-05 1.3494079347465138e-06 3.3691934994676416e-05 5.880585575752112e-05 2.996186241087877e-07 5.129732398023278e-07 6.276863879987586e-07 1.770287405140113e-07 1.7597385839787904e-07 2.6016352703805177e-06 6.993808480640169e-07 5.4410942626128334e-06 7.404786544214001e-07 1.3065638246920903e-05 0.00011619096497646666 1.0051363861332693e-05 1.5364333134461213e-05 0.00013186146596822566 7.694127270221944e-05 4.047446894013859e-06 0.00014486355122834786 6.990669257242858e-07 1.4420618321381496e-07 4.38131084574853e-08 1.174032302390455e-06 1.2380973849830744e-06 7.562030195567252e-07 4.171297391539804e-05 5.79431876587389e-06 6.314367230956745e-07 5.98038826228473e-05 6.347562367136871e-05 4.3397143338093285e-05 8.595900441689902e-05 9.610467625996751e-05 0.0006294269705441333 0.000670052008740053 0.0002666809373571782 0.0007617012766874696 9.82035368178181e-06 1.625429795650886e-07 1.434880470534943e-07 2.726548147898217e-07 4.909571172864907e-07 8.858906189963444e-08 3.902163441480483e-08 5.717973892585368e-08 0.0 0.0 3.7836985762137376e-07 1.219902181568396e-07 0.0 1.1920926183106594e-05 1.6656587189645615e-05 3.303378098564399e-06 2.943851551217231e-05 2.3604003849232015e-05 0.0 0.0 5.662883685954345e-08 1.3789187401808468e-07 0.0 4.3684757199525303e-08 0.0 3.107517864988607e-07 0.0 0.0 1.4961404036156154e-07 9.642535256401581e-08 0.0 0.0 8.691161952531498e-07 2.6894362667345673e-07 3.993259031792433e-07 2.1882132347027193e-07 3.247672324230896e-07 0.0 1.7841471053419952e-07 0.0 0.0 0.0 0.0 0.0 0.0 1.0546181936667103e-06 9.498614785660523e-08 5.805484697494698e-07 0.0 4.803000275055774e-07 4.4732217238023e-07 4.119660137705488e-07 0.0 1.1137640213576815e-07 7.11330879234729e-08 2.8156969549626433e-07 2.1821243594391876e-07 4.430330131285666e-07 2.571209667463271e-07 1.4804137568843183e-06 6.932822913303291e-07 6.575071191516902e-07 0.0 0.0 1.828383308209556e-07 0.0 1.8086270988474733e-07 4.611015458568146e-07 0.0 0.0 1.2909448784782995e-07 0.0 4.772104900715558e-07 1.1886028575520901e-07 9.675317617799587e-07 0.0 0.0 4.6387755525376496e-08 0.0 0.0 0.0 0.0 3.1857295967583797e-07 1.247650982403475e-07 5.165811703882419e-07 2.1628278763527077e-07 0.0 0.0 0.0 0.0 1.4247119791719476e-07 0.0 0.0 1.27697335710471e-07 4.182088699649124e-07 3.647631274587799e-07 0.0 0.0 3.811625808572723e-08 2.1810305715179177e-07 4.446838894569025e-07 2.976023096068399e-07 1.8117935406128344e-07 4.8540514060258276e-08 9.59550566802278e-08 1.0164083212388761e-07 1.1969780757321108e-07 0.0 5.5443892288472226e-08 0.0 0.0 0.0 0.0 0.0 0.0 5.248727083562682e-07 1.3580707833180528e-06 1.6079760649888848e-06 7.863622793345894e-05 5.305909647686232e-06 0.00011265167005347847 2.6548730756564476e-05 3.442254526416875e-05 1.83038176194948e-05 1.4394299805591729e-06 4.875942798743082e-06 2.9994749741004207e-06 1.4828473507891584e-07 7.886319977235965e-07 3.674693070031757e-07 5.310752346621027e-07 0.0 0.0 0.0 1.7852243134106577e-06 0.0 2.0584397251355795e-05 4.228547123398729e-07
1.761859732073373e-05 0.00033124275938542806 0.0005366447563405112 3.7012557854977793e-06 0.0007652341278704567 9.307794655009265e-07 0.0009731038532742707 0.0003191251646865754 0.0 4.665441524768486e-05 0.000805383592123751 3.264755254203115e-05 0.0002786359645454809 0.0005359084196288066 6.635928870805741e-06 3.838305061529643e-06 4.188387665494762e-07 0.0 0.0 2.260392288908401e-07 6.511972736151932e-08 4.1345267643981006e-07 6.556518217775478e-08 6.481972046030813e-08 6.182067357256602e-08 4.4974639872576905e-08 1.092220319366177e-07 0.0 0.0 0.0 2.6437977302864467e-05 1.3352672230783403e-05 2.2856939804450525e-05 1.1022488141441209e-07 2.4452901467402483e-07 2.672132351942295e-07 3.3605394162825068e-06 4.6790522293487613e-07 6.686083315417949e-07 2.4629877899649105e-07 1.0414465401212248e-07 0.0 0.0 1.9219188318943478e-06 0.0 1.4401000309359321e-06 1.3863051648158407e-05 9.39574237023448e-08 0.0 0.0 0.0 0.0 2.1528896500865355e-07 0.0 1.151566808829055e-06 1.1264448331710889e-07 2.4257302886180847e-06 1.2100672304423076e-05 2.4792943487193545e-06 4.368115327321688e-06 5.599487306218714e-06 1.8931193905678625e-06 5.345917865637076e-07 1.9129127566391098e-05 1.1037969688873685e-07 0.0 0.0 0.0 2.537047514729469e-07 0.0 1.8457920240549232e-05 5.580573847970101e-07 0.0 8.963324796275796e-06 6.005507480886623e-06 7.713679017576679e-06 1.7803793814977935e-05 9.619239047528283e-06 1.1857515708007932e-06 5.010598428706156e-05 8.545234492737799e-06 9.416108194477338e-06 2.8381462974277255e-06 0.0 0.0 3.3485804999033205e-08 0.0 0.0 0.0 0.0 0.0 0.0 0.0 0.0 0.0 7.635886891978308e-05 4.312851696427717e-06 2.3035783834017364e-07 1.8838891557819349e-06 3.4969228950468804e-06 1.2248824921313773e-06 1.5561895710432872e-06 5.1789356927442726e-06 1.9215989567329117e-06 1.4902155123202887e-06 3.909923061332576e-06 1.334531737600999e-06 5.144302428724092e-06 5.9728987428169835e-06 3.856088211008713e-06 3.6430443287799975e-06 1.0104874939406697e-05 7.244891973111407e-06 2.894993604757936e-06 1.5768943114378554e-05 8.599736411285295e-07 8.636734021241294e-07 0.0 1.2741326935561342e-07 0.0 0.0 0.0 0.0 0.0 0.0 0.0 1.1528901383209088e-07 1.071183522154901e-06 0.0 2.570406821310224e-07 0.0 9.903461787414431e-08 0.0 6.33141772015617e-08 2.0074865247818914e-07 1.0423481188945911e-06 0.0 0.0 2.448618597132335e-07 1.8323734176052983e-06 1.3548762771566011e-06 7.12196751031136e-06 2.4940755227520957e-06 5.566981737631362e-07 0.0 0.0 0.0 0.0 5.805239579054971e-08 3.172618612227931e-07 0.0 1.1636189835295003e-06 1.8481104540202656e-06 0.0 1.0803617243024907e-07 0.0 2.7685176847004553e-07 0.0 0.0 5.7242413907818626e-08 0.0 2.004257262563681e-07 1.0490383899339443e-06 0.0 7.807379168364113e-07 0.0 5.42941907188038e-07 5.060133882456294e-08 0.0 0.0 0.0 0.0 0.0 0.0 0.0 0.0 9.021600746361594e-06 7.950476886410087e-08 0.0 0.0 0.0 5.7027877122985335e-06 9.745252707054231e-07 1.208884733610271e-06 1.7301414032929263e-06 1.156738869158201e-06 1.0775622366704809e-06 7.859153902137183e-07 5.3260228847079145e-08 0.0 0.0 8.225677173699174e-08 6.824176988177748e-08 0.0 0.0 0.0 0.0 1.1504541686468408e-05 3.2352060475179225e-06 3.0351098357831533e-06 3.570908338167012e-05 6.36806172101834e-07 3.3929280373807626e-05 1.1493904262054118e-05 1.47814891073632e-05 9.239873510612429e-06 1.824852385315873e-07 3.585517056083821e-06 4.542833802615137e-06 0.0 3.655904176969934e-06 9.82624423429212e-07 8.1432923799278e-06 5.942255159436257e-07 0.0 0.0 1.2425242018010994e-06 9.63167853462949e-08 4.06028509613624e-05 6.904994333172819e-06
0.0004265226403898 0.00028553373175497295 2.237019425301175e-05 0.0009349966821613057 8.920827839087671e-05 0.0001495850438646098 0.0006168791979487101 6.948408097256153e-06 4.665441524768486e-05 0.0 1.6597944009797423e-05 0.0005822292185391709 0.0016933786051147486 0.00022608218284442787 1.296904682785813e-06 6.526972851521623e-07 0.0 0.0 0.0 0.0 0.0 0.0 0.0 7.421025650416389e-08 3.382433565290198e-07 2.747049818977746e-07 4.9863694253046696e-08 2.2181447878720753e-07 0.0 0.0 8.815663184963335e-05 3.223810715969232e-06 6.947474753001149e-05 0.0 0.0 2.5167288307094267e-07 6.603495612732332e-06 6.128082576217579e-07 1.4413901165025851e-06 0.0 0.0 0.0 0.0 5.576021183524595e-07 0.0 3.799407785579847e-07 6.302801028541938e-06 1.1051702905970016e-07 0.0 8.803811389515027e-08 0.0 0.0 0.0 0.0 2.347288222844228e-06 2.7870989104188473e-07 2.4855660257584055e-05 7.77202961030439e-05 5.5678338218504965e-06 3.6042068949581077e-06 7.003923970834989e-06 3.0453689172251383e-06 3.001361712326437e-07 4.735133762632286e-06 1.850745513615056e-07 0.0 0.0 0.0 0.0 0.0 0.0001974481083208872 2.433355508685983e-06 0.0 2.3564656513164043e-05 5.947928125785754e-06 5.600971009703937e-06 1.3665013914512892e-06 8.362864601132765e-07 1.5502847432454237e-07 1.6537742385055022e-05 2.5213695816034434e-06 4.863663593758895e-06 2.0688339050048205e-06 5.937158701856859e-08 0.0 8.215445976728763e-08 0.0 4.1909595141622244e-08 0.0 0.0 0.0 0.0 7.00187886075435e-08 0.0 0.0 0.0001276459255190771 1.8632991314296686e-05 7.828421455187174e-08 8.506491618818764e-06 0.0001494431420473894 1.1771483270099285e-06 2.1642595318868692e-05 3.3947685258189025e-05 2.175160993612183e-05 6.33746539653405e-06 2.458175922052732e-05 1.2977788950405148e-05 3.2468687415357934e-05 4.771634743411928e-05 3.0801529602854246e-05 1.853138974399878e-05 5.051644537008235e-05 4.0033087025372864e-05 1.4749840752757738e-05 4.4546826601399406e-05 7.709699489273668e-07 1.5344087591670431e-06 4.269843321416591e-07 7.592144429541603e-07 0.0 0.0 0.0 0.0 0.0 0.0 0.0 0.0 1.3288561604319515e-06 5.927631507401922e-08 2.4880827807738743e-07 0.0 8.392626910413006e-07 0.0 7.786176059650484e-07 1.5671022991057578e-06 5.488002172253433e-06 0.0 1.6250832380667594e-06 0.0 5.519199383365458e-06 1.0181193344650678e-06 1.5160171604883617e-05 3.848593864970161e-06 1.472326100188555e-06 0.0 0.0 0.0 0.0 1.6915177159661512e-06 3.854191584590759e-07 0.0 8.917269108668854e-07 4.468558183745833e-06 0.0 5.483569383472797e-08 0.0 9.085056374857052e-07 0.0 0.0 1.3339850044239726e-07 0.0 8.705839275665705e-07 2.681730731425915e-06 1.2989002102640573e-06 2.4068305850243804e-06 2.062580716549504e-06 1.3945454177893098e-06 4.716481964394194e-07 4.110030539404501e-07 5.465848350061241e-08 0.0 0.0 3.4282103431023073e-07 0.0 0.0 6.432558649243173e-08 4.057387738373127e-05 8.441360345662859e-07 0.0 0.0 0.0 2.4351148860045057e-05 1.5190055975720167e-06 1.19530383601415e-06 3.7592727285025988e-06 3.864988686269448e-06 3.2815998094595405e-06 9.086332307637951e-07 1.7482478350146664e-06 0.0 0.0 0.0 0.0 0.0 0.0 0.0 0.0 6.021600365881397e-05 8.410770276426584e-06 4.744569520980194e-06 4.661244113620614e-05 7.400331153851788e-07 9.964743231045044e-06 1.9362612274587976e-06 0.000430272612310997 1.4091448450932595e-06 1.7664525399749856e-06 9.861029423509849e-07 7.872364763914122e-06 2.2665758733738516e-07 8.320040430542738e-06 2.4853898161108456e-06 0.00011231585980084711 2.799731104331512e-07 0.0 2.823412539246843e-07 8.092333584687347e-07 8.515898746199769e-07 0.0003121815070405726 0.00010211777946861437
5.737385298053111e-05 0.00036528436542779757 0.000787855781018869 7.883176542839375e-07 0.0006070599421701442 1.539383438475537e-06 0.00029739168789139525 0.0009785800583205658 0.000805383592123751 1.6597944009797423e-05 0.0 3.1134998153241366e-05 0.001460030128004402 0.0013441030129686326 5.281668907846944e-06 3.975830800645144e-06 7.440798818621015e-07 7.000744953494515e-08 0.0 0.0 0.0 6.103679988535172e-08 4.585810981777983e-07 1.6180386841736968e-06 3.893824499145142e-06 1.1407715331927795e-06 1.0944085268586075e-06 3.4777950892787083e-07 6.848906770503966e-07 3.668261342863462e-07 6.774609637256542e-05 4.9306235928835e-05 0.00022511932533395522 0.0 6.198914340345519e-07 1.0032469195625394e-06 4.08802238333366e-05 2.101220246421195e-05 3.0186963677962487e-05 3.958158155443461e-06 1.7786386206242556e-06 7.026472627803929e-08 0.0 1.2553618618530277e-06 0.0 7.699966185545035e-07 1.9088013651047395e-05 4.535690290239067e-08 0.0 0.0 0.0 0.0 1.0133919633159247e-06 6.077411775045853e-08 1.8539701131086126e-06 2.856067269084949e-07 3.8846562464403895e-06 2.494062929950167e-05 3.3611966805341893e-06 4.4457171915507305e-06 1.5044782143406049e-05 2.7776230553186422e-05 2.2150467174222463e-07 2.7847619486113234e-05 1.371166826457431e-07 4.071000394942976e-08 0.0 0.0 1.26498066085496e-07 0.0 0.00010449154023028919 1.8834698704121146e-06 2.3816572772852285e-07 1.629928169979624e-05 1.126721852610066e-05 1.1992915432262142e-05 1.7657431469976186e-05 9.935609907242258e-06 1.261993354998838e-06 0.0003354226978148601 7.2646367744936335e-06 2.5202609709647188e-05 3.252383973040012e-06 4.1625792931264794e-08 0.0 8.350149335688914e-08 0.0 0.0 0.0 0.0 0.0 0.0 0.0 6.292325482596214e-08 3.9509076722012146e-08 2.4719732029951506e-05 2.408701154927264e-05 1.1549457108206607e-06 6.135781862020486e-05 7.121981620987118e-06 6.974627570342932e-08 2.656457749333879e-07 5.859842726196908e-07 2.3069095518024483e-07 2.417757791268001e-07 1.1930582096324884e-07 1.1542845150269264e-07 4.809427255279429e-07 1.1924375963872393e-06 3.240033035597232e-07 6.495582761329995e-08 9.880617767128032e-07 8.615016328416032e-07 6.900524701976694e-08 2.146113149266535e-06 3.8810376237444937e-07 0.0 0.0 0.0 0.0 0.0 0.0 0.0 1.0337932020627004e-07 0.0 1.6944326079474347e-07 0.0 7.284813605260761e-08 0.0 1.9947756617463717e-07 6.960639396381293e-08 0.0 4.084316646547268e-07 2.84121955360727e-07 0.0 3.67982076556943e-07 0.0 5.197608385195139e-07 6.828753195937391e-08 5.762003105697561e-07 1.173545319464987e-07 1.2438957893446665e-06 2.5728288732488634e-07 0.0 0.0 0.0 0.0 0.0 0.0 1.0351339842324661e-07 0.0 0.0 3.873888916526588e-07 0.0 0.0 0.0 2.5395191033323294e-07 0.0 0.0 0.0 0.0 0.0 1.089348149886648e-07 1.3791776017909414e-07 5.5090604761864724e-08 6.980051337411582e-08 2.777243143174879e-07 5.456494572212894e-08 0.0 0.0 0.0 0.0 0.0 0.0 0.0 0.0 2.243276513907458e-06 7.340670673141922e-07 0.0 0.0 0.0 1.296779470636405e-06 0.0 0.0 1.666598285545223e-07 9.721553126560197e-08 5.8094869460529034e-08 0.0 1.7629323972394519e-07 0.0 0.0 0.0 0.0 0.0 0.0 0.0 4.924646894812524e-08 1.162608485345747e-06 1.7581898167265574e-06 5.811736308739378e-07 4.177162448363587e-05 1.1246490142476419e-06 4.2112207157452284e-05 1.2767760002015991e-05 2.0585666683885086e-05 7.996311929139463e-06 2.178452100097047e-07 1.7909723082827241e-06 1.6467217373083497e-06 0.0 9.976439553337508e-07 1.5287960139353882e-07 1.6892744783695332e-06 0.0 0.0 0.0 1.958368969834357e-06 0.0 9.40684244948296e-06 7.43509831233625e-07
