0.0 0.0006679159283572646 0.0002531277928581781 0.0008418138392140481 8.12123170105915e-05 3.4462402758287347e-06 0.0003203968703941167 3.132352312344081e-05 1.688632386168719e-05 0.0007140293301216744 9.307622459076501e-05 9.741164999137417e-05 0.00015627261825846113 0.00011289126768323527 8.642714375027571e-07 2.125962823143002e-07 4.308565661327008e-08 0.0 0.0 0.0 2.3613113569788712e-07 0.0 0.0 6.458046018732668e-08 1.430810117220234e-07 0.0 1.1883258284012462e-07 0.0 0.0 0.0 0.0003207852973312514 3.840411438771795e-06 6.5671879686725035e-06 0.0 1.647216183639082e-07 7.294358787634323e-08 2.931812880729114e-06 2.1205568170527535e-07 1.131713133901709e-06 1.6788111747354178e-07 3.6325317574307294e-07 2.405916577173727e-07 0.0 1.6717059411539378e-07 5.9516652075450675e-08 0.0 5.004391132625896e-06 1.1382518017127706e-07 0.0 8.202184924375533e-08 1.2204925803282803e-07 2.9495252511600913e-07 6.22117560601509e-08 1.0570633185537584e-07 4.080196739985875e-06 5.219167619837251e-06 0.00010877841600437612 0.0005427782924079812 1.6236441235514975e-05 1.22108356660001e-06 0.0 1.524278141038535e-07 0.0 2.8549034135798423e-06 2.0369076160216256e-06 2.728426392489288e-07 9.207501758351022e-08 2.8219881775126224e-07 4.704784830600027e-08 1.7629244734514632e-07 1.1040841011703056e-05 5.034072087079469e-07 6.842728571386282e-08 0.00012252864129874613 9.891312809444856e-06 5.304468322757051e-06 7.807500511784917e-07 5.220000353861963e-07 5.1632328452141126e-08 4.1369002888902896e-06 0.0 1.1866768446127124e-06 7.423419920263619e-06 0.0 4.970954605890687e-07 1.4903250387355923e-06 1.1073845246555053e-07 0.0 1.943837732564701e-07 4.438983914729168e-07 1.0759088475655756e-07 1.1374748410710553e-07 9.259715899754399e-07 7.077678670800761e-07 6.002614654280544e-08 3.978854139788788e-05 3.067458581571935e-06 1.462926540944566e-07 1.484837520560967e-06 0.0005089717376956465 7.939407486267007e-08 8.62685963917633e-07 0.0 2.886102630314929e-06 4.897101094925492e-07 1.5246207648969303e-06 1.4601939257178516e-06 5.504954243561146e-07 9.122369220580255e-07 1.7142014733955237e-06 2.181772683099435e-06 2.0339425007224286e-06 1.9003880904918886e-06 1.9588446900104248e-06 4.718737261789131e-06 8.714591126686635e-07 3.172417605527188e-07 0.0 0.0 0.0 0.0 0.0 0.0 0.0 0.0 9.40927289718412e-08 0.0 0.0 0.0 0.0 0.0 0.0 0.0 0.0 2.3834333229666004e-06 0.0 0.0 0.0 0.0 3.474537336528005e-06 3.8839771365308387e-07 2.9254162371456777e-06 1.3471103480063913e-06 8.36809764128339e-08 0.0 0.0 0.0 0.0 0.0 0.0 0.0 0.0 5.811341187611067e-07 0.0 0.0 0.0 0.0 0.0 0.0 0.0 0.0 0.0 0.0 2.2745556417209547e-07 1.1513183754143153e-07 0.0 2.8197927997947525e-07 3.05749165055681e-07 0.0 5.852748150234211e-08 0.0 0.0 0.0 0.0 0.0 0.0 2.527824659358975e-06 0.0 0.0 0.0 0.0 4.4591917866141287e-07 0.0 1.1211163161927657e-06 0.0 8.90038172606174e-07 2.7385344520319895e-07 4.2870762961732436e-08 0.0 0.0 0.0 0.0 0.0 0.0 0.0 0.0 0.0 4.0867049404753e-06 1.9978012640420045e-06 3.8772461027694495e-06 0.00011778150538021225 1.0204988348706101e-06 3.258709530680204e-05 2.3310064240717985e-06 0.00026825060768552244 1.3090412809024623e-06 1.9446233460068806e-07 1.7403855438813476e-06 4.115442388158214e-06 0.0 3.7718665865116204e-07 4.508489832860942e-07 1.4260902863188262e-05 0.0 0.0 0.0 4.634232119652049e-06 0.0 9.327458638425509e-05 2.061573005105911e-06
0.0006679159283572646 0.0 0.0005483629687689427 0.0008985137923999102 0.0005946109970627405 4.768205101669063e-05 0.0024623989767121285 4.4822493893800924e-05 0.0009388491407023163 0.0006493571750552446 0.0004329610809551323 0.00011497076043530326 0.0007018109197096476 0.0009612423749218292 3.949916397351119e-06 2.1849169891082529e-07 0.0 5.024423673761444e-08 0.0 1.718181045049187e-07 0.0 0.0 0.0 0.0 0.0 8.184293231414927e-08 0.0 2.394984034186758e-07 0.0 0.0 0.000955419740987992 6.202290869001164e-06 4.769847572873245e-06 0.0 7.884401363313726e-08 0.0 1.6957857722467843e-06 5.625172569015667e-07 3.064915820955414e-07 6.19083537238612e-08 3.514229013279052e-07 1.8272416181046526e-07 1.095780105232464e-07 6.135715005426704e-08 0.0 4.8457095441662774e-08 3.729548912583583e-05 7.075443679480765e-07 1.1385046595263466e-07 1.4787268587928856e-07 9.854670731097543e-08 1.3283453103188963e-07 0.0 7.02152652498595e-08 8.525431079490628e-06 1.2094960383898753e-05 2.0109497567799473e-05 0.00017244256927622626 1.071447791168061e-05 7.70304279931658e-06 7.951755978929998e-08 0.0 0.0 1.6825065694938238e-05 9.826012196278862e-06 1.1754928769322449e-06 2.737069289553325e-07 2.6923323169513956e-07 4.669489178705001e-08 2.781641216746393e-07 2.429334654931044e-06 3.210716488983456e-07 0.0 0.00016789350512350686 4.980760255465156e-05 3.479831135400229e-05 1.7829934915489692e-06 6.583466840466513e-07 8.78330585437593e-07 2.7220808004285927e-06 0.0 3.5844460496490065e-07 2.4561746222260827e-05 1.0482291134794497e-07 2.081297300364909e-06 6.833519936651874e-06 5.564006463331657e-07 0.0 5.749906338112629e-07 0.0 1.637594472322492e-07 4.506234662939862e-07 1.3334754407943332e-07 5.040217806209432e-07 1.411085112161198e-07 5.1787899923293785e-06 1.3234456417758324e-06 0.0 9.178991456820304e-08 0.0003031059057006244 1.5141941470971253e-07 8.623188282979214e-08 0.0 2.0104021440225462e-05 4.421127441370453e-07 9.434322754529047e-08 1.5302259949578755e-06 9.024917528548068e-08 1.2307786036405366e-06 3.651100058827662e-07 4.886615523162522e-07 1.06742579071012e-06 7.790616701078425e-07 4.4746124290420636e-07 2.6178971011949674e-06 4.833027107485356e-08 1.416454208649465e-07 0.0 0.0 0.0 0.0 0.0 0.0 0.0 0.0 1.1995950532062916e-07 0.0 0.0 0.0 0.0 0.0 0.0 0.0 0.0 4.923134937923251e-07 9.857002593222738e-08 0.0 0.0 0.0 1.3798054987417948e-06 4.5855475501981746e-08 0.0 8.419288014431804e-07 0.0 0.0 0.0 0.0 0.0 0.0 0.0 0.0 0.0 4.484057636749177e-08 0.0 0.0 0.0 0.0 0.0 0.0 0.0 0.0 0.0 0.0 0.0 0.0 0.0 3.9827074826316736e-07 3.9328339237539606e-07 0.0 0.0 0.0 0.0 6.064816797620179e-08 0.0 0.0 0.0 6.485376869200059e-07 5.75982180524499e-08 0.0 0.0 0.0 0.0 2.052570276602554e-07 0.0 0.0 4.3679103525132263e-08 2.4517282884333587e-07 0.0 0.0 4.248429036098271e-08 0.0 0.0 0.0 6.213356989595305e-08 0.0 0.0 0.0 1.3181366518307928e-06 8.434024815223024e-07 8.77916241355347e-07 0.00012415722975044503 2.7617013788758226e-06 0.00013054757296284276 8.945382926797853e-06 0.0001872529088294138 2.59045202024144e-06 1.886488627285626e-07 4.886223936621496e-06 8.32767185891293e-07 0.0 2.624102179888118e-07 1.204464687067742e-07 1.38006151009554e-06 0.0 0.0 4.627706968461715e-08 1.0916159788088916e-07 0.0 3.4035366596219766e-05 7.277586956333844e-07
0.0002531277928581781 0.0005483629687689427 0.0 3.3065865210847204e-05 0.00035617590978043434 1.1987705285260226e-05 0.00011656719654739596 0.0005140295883780625 0.0003393808123196851 2.604320444906036e-05 0.0014021192178520193 1.537513576507146e-05 0.00013371601426855648 0.0006311905901883201 4.7909021517036676e-06 1.221052551718345e-06 2.397082946699449e-07 5.502396394623814e-07 4.930177100701344e-08 6.623274792603804e-07 2.101625828116348e-06 1.0620879930235334e-07 1.269055679335634e-07 8.191924393024644e-07 2.561636119374313e-06 1.9920299373921413e-06 4.249457232153475e-07 5.41773387967828e-07 9.994448948602236e-08 5.140894356414759e-07 0.0025558716465907986 0.0002163510110763317 3.945012763053843e-05 0.0 2.126461123049756e-06 2.3377304409528112e-06 1.1638449880028691e-05 1.8372978757645732e-06 2.8433336492986608e-06 5.419642734780769e-07 1.4080985125668476e-05 8.330211645129292e-06 1.2060138019909142e-06 3.755771025647449e-07 1.1787664780880044e-07 2.7182592505434135e-07 2.170760226768176e-05 7.568095335531243e-07 7.672162634318623e-07 1.5805244097183988e-06 2.5343242171879364e-06 1.883189855268515e-06 6.145454813949637e-08 7.191530360313462e-07 5.039551696053667e-06 7.3475924486324375e-06 1.690337318424257e-05 0.00019741011280749433 7.983463321232362e-06 2.8745202924330732e-06 2.486533029102026e-06 1.1688857046295055e-05 4.42540489920011e-07 9.938282858258678e-05 5.07678059313249e-06 1.1742102412233799e-06 9.517417050790381e-07 3.1340303452061753e-06 6.806180642944025e-06 9.709112662582524e-06 1.7116517300366283e-05 1.7812035752728688e-06 2.044396016563678e-07 0.00011083106692102303 3.9604978593812384e-05 2.776462414268343e-05 5.182535397570466e-06 7.902344574237095e-06 2.6902812226532723e-05 0.0001960666033764813 3.1987730149822104e-06 5.41932575836375e-05 1.3253434746977272e-05 8.275448456309052e-08 1.6593635223512728e-06 3.3232676085063286e-06 1.999510421973769e-06 1.2552545301946499e-07 8.309273774325136e-07 2.9032672446764976e-07 9.572007839321364e-07 1.5778410917943317e-06 2.1110872713163332e-05 9.918866533744213e-06 2.3544329146495676e-06 7.28981205195021e-06 2.9459595267286476e-06 1.0534454001595125e-07 1.9030517030148975e-06 0.00011508709037474902 2.0529921344252037e-07 4.588256687943625e-07 0.0 0.0 2.2416138219523075e-07 9.59291912304409e-07 1.5887818279017398e-07 1.467981331215958e-07 8.432603660346723e-07 8.081978259921634e-07 7.554367735194212e-07 2.6880210658799245e-06 5.295603258281082e-06 3.1164353588014995e-06 6.70763765363325e-06 2.603368075774903e-07 1.6398198103619705e-06 0.0 0.0 0.0 0.0 0.0 0.0 0.0 2.501475131104268e-07 4.1858176423366635e-07 0.0 0.0 0.0 0.0 2.1242197908494184e-07 0.0 7.329666675130004e-07 0.0 6.012913650033497e-07 0.0 0.0 0.0 0.0 3.7433814321822514e-06 1.5436457989583852e-06 4.564440909224959e-06 1.6634938656730311e-06 1.7686848725607393e-07 3.782675556691954e-07 0.0 0.0 0.0 3.2015586488917713e-07 0.0 1.559536680531567e-07 0.0 2.7342678440029153e-07 0.0 0.0 1.421351592312406e-07 2.2766499574333984e-07 1.7858322218813805e-07 0.0 9.563014571438517e-08 0.0 4.01321549946965e-08 1.2893705045663377e-06 1.5872092490173079e-07 1.411059964959848e-07 3.586469250157632e-07 2.3156239215659118e-06 1.5293435377504964e-06 0.0 0.0 0.0 0.0 0.0 0.0 1.2557780922227601e-07 0.0 5.30164060446523e-06 2.6801123318953045e-07 6.567699984619991e-08 0.0 8.894454253543494e-08 0.0 0.0 8.467091289398362e-07 1.1927861780407224e-07 1.3832574692671315e-07 8.752944428145824e-07 2.8174371424682774e-07 5.861812093920851e-07 0.0 0.0 0.0 0.0 0.0 8.153160049743387e-08 1.6816009254851996e-07 1.1970874986716607e-07 3.3705625314455945e-06 3.1469631892005396e-06 1.0369100181237272e-05 6.242345231601686e-05 3.927335914058772e-06 5.745629971347031e-05 5.3156561132177215e-06 5.183682197832038e-05 8.623156206777495e-07 2.1164524152323884e-07 3.643325825190263e-06 1.1627687993250887e-05 2.362566925646283e-07 2.380146965690156e-06 1.212982382165057e-06 2.462458031409439e-07 0.0 0.0 1.5862661275666716e-07 5.129689250213154e-07 8.453371665861755e-08 1.898829375692201e-05 4.669771239720143e-06
0.0008418138392140481 0.0008985137923999102 3.3065865210847204e-05 0.0 7.765109829514959e-05 0.00020403904003862163 0.0003633238942092298 1.2426766909993455e-06 3.0793300514293146e-05 0.001618014026856257 7.014919854951239e-06 0.00024956775275893946 0.0005253747470030643 0.00017362394052779408 7.245402662205867e-07 6.047574740694451e-08 9.764274992244192e-08 0.0 0.0 0.0 0.0 0.0 5.857843162507761e-08 0.0 0.0 5.649801109337976e-08 0.0 5.710905766618688e-08 0.0 0.0 5.712616747046549e-05 1.3416298129121413e-06 1.3536858916194327e-06 0.0 0.0 4.7092291928386424e-08 1.6027119139096465e-06 0.0 9.57872636708208e-07 7.82374793605724e-08 2.4107014406306263e-07 1.5813094249005465e-07 0.0 0.0 0.0 0.0 1.0329839444369362e-05 7.536963032659748e-08 6.390547415108666e-08 0.0 0.0 0.0 0.0 0.0 4.301048567963415e-06 4.891733397757301e-06 3.01088335944441e-05 0.00012115909193735496 1.1500797706298142e-05 1.6682367968476795e-06 5.711697362661189e-08 5.17456747302267e-07 0.0 2.110503189032974e-06 3.1534195404871815e-06 3.395780016519522e-07 1.5781050833285052e-07 2.4316128933533625e-07 0.0 0.0 3.4691773964602293e-06 8.593494913784976e-07 0.0 0.00011268301031729391 1.5046154496628447e-05 7.311286156403152e-06 1.0528808252092001e-06 0.0 1.056984801149543e-07 7.602961254203197e-07 0.0 1.1189067424741338e-07 9.502103689568208e-06 0.0 6.431434499903895e-07 1.7296479593048462e-06 0.0 0.0 4.5221715327955134e-08 6.791742620648848e-08 1.5996486974851824e-07 0.0 3.215206988224551e-07 3.332186563705188e-07 0.0 2.888863650387168e-05 1.8346070914201048e-06 0.0 8.974324469031725e-07 0.00023412622956192367 1.2806479037180212e-06 1.5057021940811919e-06 0.0 6.62240916779733e-06 0.0 1.4302861090321002e-06 1.9476996328920468e-06 0.0 2.1306875225966712e-06 5.302432325567737e-06 3.3930208885713845e-07 6.718298596705635e-06 7.874153067563493e-06 7.409553229539117e-06 1.3830941152103608e-05 1.2928896830152825e-07 4.732928807711079e-07 0.0 4.995540896210728e-08 0.0 0.0 0.0 0.0 0.0 0.0 0.0 0.0 0.0 0.0 0.0 0.0 0.0 0.0 0.0 6.71519901485922e-06 0.0 0.0 0.0 0.0 5.170537890886323e-06 2.914399647074197e-07 3.0730830032739103e-06 1.4446085758810741e-06 0.0 0.0 0.0 0.0 0.0 0.0 0.0 0.0 2.7676952345976326e-07 1.4379790367651338e-06 0.0 0.0 0.0 0.0 0.0 2.9579081924101717e-07 0.0 0.0 5.023373169705043e-08 3.320312352667661e-07 1.1505565233734112e-07 0.0 4.3685812825492483e-07 1.292503619394555e-06 1.6061233920328089e-06 0.0 1.9287476203545126e-07 0.0 0.0 0.0 0.0 0.0 0.0 5.1805419883834425e-06 0.0 0.0 0.0 0.0 4.015066252369017e-07 0.0 3.1511044059828815e-07 9.98346834201269e-08 1.1435505164572583e-06 7.20942059987399e-07 1.4072859243572197e-07 9.32081423643477e-08 0.0 0.0 0.0 0.0 0.0 1.2531852264835494e-07 0.0 0.0 1.1159349097625757e-05 3.678514909059566e-06 6.213237591088898e-06 7.95356887481333e-05 7.625679756422953e-07 5.0420419172713685e-05 2.683184106480228e-06 0.0002324107887742816 1.544054684340338e-06 2.285593863793597e-06 4.314142073506406e-06 1.1785082967741426e-05 1.3582934977268152e-07 2.6276103293964704e-06 1.431214192861929e-06 9.523234950462746e-06 0.0 0.0 2.2354445780210806e-07 6.197002250317222e-07 1.5593959373240105e-07 6.93235738076246e-05 4.285969924093843e-06
8.12123170105915e-05 0.0005946109970627405 0.00035617590978043434 7.765109829514959e-05 0.0 8.358760613862088e-06 0.0008856026498386705 2.8850533515085934e-05 0.0022471748584128597 0.0002126475874790148 0.00032705789064584707 0.00010206147604944343 0.00033688137056627 0.0006991719190263795 2.893423430167983e-06 4.171185858151083e-07 0.0 5.198973305133018e-08 0.0 0.0 0.0 0.0 0.0 0.0 6.737782945751751e-08 0.0 0.0 5.5319469250103817e-08 0.0 0.0 0.00010245821394734432 6.926502910164129e-06 3.759045975423281e-07 0.0 0.0 5.144713148219791e-08 3.959539068587761e-08 0.0 3.657096314349601e-08 0.0 7.14943181585319e-08 0.0 0.0 1.7777723748486477e-07 5.0036704726472046e-08 4.2133811382165484e-08 1.8527788231417458e-05 4.3997141262207717e-07 1.9881425045434257e-07 0.0 0.0 0.0 0.0 0.0 2.126431010628139e-06 4.888157056745286e-06 2.9323730346391883e-06 2.7723432628031854e-05 1.8119668429645496e-06 4.249313017685732e-06 4.6372561449744104e-08 0.0 0.0 1.5090143650950225e-05 3.065430246843034e-06 1.0312296526867482e-06 1.4059648850862928e-07 6.342253972515788e-08 1.0619205140145417e-07 0.0 6.789743891341534e-07 0.0 0.0 5.102404359298232e-05 2.5655617374370797e-05 2.4532433021967e-05 1.7596504092356785e-06 2.529809436025538e-07 2.6993792860897478e-06 2.0960659441378376e-07 0.0 1.5941463613897614e-07 9.447100027255057e-06 0.0 1.0184131651986306e-06 2.9280522688672063e-06 2.657218948466158e-07 0.0 3.234930404683502e-07 3.994550124467505e-08 6.296475926057962e-08 0.0 1.430282600591912e-07 3.7622585641957653e-07 9.600330111441985e-08 7.355599794122355e-07 1.5708174311372306e-06 0.0 3.4492715275914825e-07 9.924426748962741e-06 3.0117983069035337e-07 2.359757131495425e-07 0.0 7.443702473252587e-07 1.7087755861442077e-07 9.019926620280105e-08 9.803211918334716e-07 2.3815900398676344e-07 1.750892281205454e-07 1.0403258483351235e-06 4.5917548867314445e-07 3.540690257299757e-07 2.219247988951485e-06 1.5390996175943003e-06 4.390694278016496e-06 0.0 3.2829849826635533e-07 0.0 0.0 0.0 0.0 0.0 0.0 0.0 0.0 0.0 0.0 0.0 0.0 0.0 0.0 0.0 0.0 0.0 8.587280783451341e-07 0.0 0.0 0.0 0.0 2.3468268258811962e-06 0.0 3.1484358282396057e-07 3.973988873563571e-07 1.3392265111031083e-07 0.0 0.0 0.0 0.0 0.0 0.0 0.0 0.0 0.0 0.0 0.0 0.0 0.0 0.0 0.0 0.0 0.0 0.0 0.0 4.395283554382894e-07 0.0 0.0 0.0 0.0 0.0 0.0 0.0 0.0 0.0 0.0 0.0 0.0 1.4257547117888095e-06 0.0 7.424464458619699e-08 0.0 0.0 0.0 0.0 0.0 5.122868545046954e-08 2.343509200223073e-07 0.0 5.5362212732398715e-08 0.0 0.0 0.0 0.0 0.0 1.1302121670811223e-07 0.0 0.0 0.0 2.1482177583378703e-06 1.3217217098632747e-06 1.288074649676763e-06 8.951324168422841e-05 2.949021756193059e-06 5.777511999156776e-05 7.08815896300345e-06 2.1878730510769642e-05 1.173524395246557e-06 7.872006226648229e-08 3.20508535122112e-06 1.5561235969083186e-06 0.0 1.2133311643837833e-06 4.891583582629256e-07 7.016502763116226e-07 0.0 0.0 0.0 4.6463303638616063e-07 0.0 8.894707395277082e-06 1.6833697809801693e-06
3.4462402758287347e-06 4.768205101669063e-05 1.1987705285260226e-05 0.00020403904003862163 8.358760613862088e-06 0.0 5.5109706411801664e-05 8.637173506930084e-07 4.838399854373822e-06 0.0005819628147671992 6.433133169695095e-06 0.0001290635981738081 0.00015245715761260897 3.881785638039177e-05 1.8287291257645167e-06 9.19957008092517e-07 2.213532915644643e-07 0.0 4.28576891210305e-08 0.0 0.0 3.7011909922770456e-06 0.0 0.0 0.0 0.0 0.0 0.0 9.920726277444063e-07 0.0 1.3316843885001711e-05 7.051190488178609e-07 1.5748014779111344e-05 0.0 0.0 0.0 1.4442158185079867e-05 8.995358345361035e-07 2.690788197668492e-06 1.4435204051026502e-07 1.6728398298148163e-07 2.412142334707988e-07 0.0 3.35590348417855e-07 0.0 9.931709385233747e-08 3.7479386424869283e-06 0.0 0.0 5.9604302240156604e-08 2.9631324558906626e-07 4.746624879406421e-06 2.7525341018236314e-06 1.854968435593306e-07 9.42558173605974e-08 3.0595496312673033e-07 8.729128326299138e-05 4.427106624511476e-06 0.0 2.4668914762474707e-07 6.050353776843659e-08 2.721590125802248e-06 0.0 1.5571766866648588e-06 1.4673084407798302e-07 1.8672721770538942e-07 2.6713221682233604e-07 3.1706530426324485e-07 0.0 1.2855010026185842e-07 8.321056215991736e-05 5.037062738956038e-05 1.522629751454033e-05 2.907388107097747e-06 1.8788829238372755e-06 2.6577943529370514e-06 2.0094833626292167e-06 1.484204706786991e-06 1.510081329076308e-07 1.372476654488309e-06 0.0 3.8443890872053554e-07 6.439145361917889e-07 5.589900509521909e-07 5.1445306282099896e-08 1.0939104547520825e-06 8.677411597890466e-08 3.32781949531072e-06 3.94579274304972e-06 6.351710195643491e-06 1.032885778415666e-06 5.276337869026726e-06 0.0 0.0 9.83731050936547e-07 0.0001340943781035308 0.00011038386079039251 1.570533284661975e-05 1.2624729728262085e-05 7.926095837878301e-05 2.374293295475872e-07 4.2471812279112765e-06 1.8376390124228889e-06 4.796346263915964e-07 3.89732637964756e-07 2.0870339482129098e-06 4.131748272913678e-06 3.678482048697802e-07 1.8713903963150015e-06 1.2517858083884142e-05 6.514059178940013e-07 3.86247429193635e-06 7.623519976866998e-06 5.608130790620697e-06 1.579418874527042e-05 0.0 5.810255159752757e-07 0.0 0.0 0.0 0.0 0.0 0.0 0.0 0.0 7.03753690984555e-08 0.0 0.0 0.0 0.0 0.0 3.356125888190491e-07 1.8225380098521155e-07 0.0 2.2875053519162247e-06 0.0 0.0 0.0 0.0 2.8994346320507246e-06 8.584426440898091e-08 1.3517832658572804e-06 2.401935883360003e-07 1.7912713857734098e-07 0.0 0.0 0.0 0.0 0.0 0.0 0.0 9.925302256889748e-07 3.822669408839225e-07 0.0 0.0 0.0 5.165642109343467e-07 3.0573254221478853e-07 0.0 1.0686746331771705e-07 0.0 2.605526814290806e-07 5.268749690879316e-08 2.223869997239641e-06 0.0 0.0 3.041275694086175e-07 1.0654827300057971e-06 5.595080934400048e-08 0.0 0.0 0.0 0.0 0.0 0.0 5.9382635068255314e-08 7.699122806926114e-06 9.024896369746934e-07 2.1791771066000785e-07 0.0 1.4868354454282358e-07 0.0 0.0 0.0 4.310474685429504e-08 3.3445870407709694e-07 3.2405711517863535e-07 1.0779365772744442e-07 1.198579498351766e-07 0.0 6.251864655662787e-08 0.0 0.0 0.0 0.0 0.0 6.352557565068988e-08 1.4357179342677351e-05 4.045359433015458e-06 4.277746211272311e-06 7.648690323444392e-05 1.0897291004675853e-06 6.3451738127125564e-06 1.9379660942694526e-06 5.229636467697325e-05 7.883383307259062e-08 0.0 2.025263221336438e-06 8.341299225344586e-06 2.250678847239009e-07 1.3647519141935677e-06 1.4014568335042555e-06 4.058886299873716e-05 0.0 0.0 3.558693219866336e-07 4.070981257371095e-07 3.8528930324619324e-07 6.152729283464203e-05 5.054561786759559e-06
0.0003203968703941167 0.0024623989767121285 0.00011656719654739596 0.0003633238942092298 0.0008856026498386705 5.5109706411801664e-05 0.0 8.415117540367889e-06 0.0011808967015568563 0.0012277842271186886 8.612650623385446e-05 0.0005871112586717397 0.002612996337173565 0.0008882226584158387 9.471454550962655e-06 6.108603787371105e-07 6.81373966182987e-08 1.477821694744287e-07 0.0 0.0 0.0 0.0 0.0 4.844873670121398e-08 0.0 0.0 0.0 2.1383683364090548e-07 6.420968092741952e-08 0.0 0.00016040656431565284 9.681171600402368e-06 7.894128530635976e-07 4.884061730225409e-08 4.667373298591401e-08 3.7675790562814223e-08 8.909958111575894e-07 1.8385482595117062e-07 5.284371172918034e-07 5.725043631377749e-08 0.0 1.2402219117875487e-07 0.0 2.313430544808149e-07 5.047392126994622e-08 1.0203023351800604e-07 6.574620171641538e-05 1.7185748421103304e-06 1.674087658281812e-07 3.4087309266148567e-07 2.96524286040397e-07 1.554078892838538e-07 0.0 1.6973647055315573e-07 1.1605102423058265e-05 1.6124666285713773e-05 1.6627273326698763e-05 0.00010890800215243361 1.385849138148278e-05 1.5270955743278032e-05 4.2714826653360214e-08 4.0859146727728704e-07 0.0 3.2004555229645444e-05 1.684640454530392e-05 1.8863129044561915e-06 4.3823869270904737e-07 6.75942025351346e-07 1.254255199340996e-07 1.1542719209728912e-07 2.344929746699342e-06 6.205294472362428e-07 7.665837707579034e-08 0.00022017143311291025 7.27044309813829e-05 7.29679289949701e-05 5.050279488769644e-06 1.7280906107012322e-06 3.6152701539639535e-06 1.117632898145741e-06 1.2258485962158446e-07 7.165192959499405e-07 3.832974117130485e-05 1.0901791745317497e-07 3.9909947935366196e-06 1.1678985569865053e-05 7.720646742721737e-07 5.216712560085441e-08 7.270655015361665e-07 1.0840194960010363e-07 6.228331945199313e-07 1.5032938831118897e-07 4.0269098406048994e-07 3.0138480742135853e-07 2.2293536148940565e-07 1.054611529966122e-05 2.5515200333451805e-05 0.0 8.525090199712325e-08 5.648324015120671e-05 3.7640533780921287e-07 1.0406474350723891e-07 1.3205029324978385e-07 7.694975472343444e-07 1.209067165714849e-07 1.0361556717112264e-06 2.899299631463476e-06 5.41952250817431e-07 7.5489948666257395e-06 3.393561972520435e-06 2.635072342277106e-07 4.479249458051026e-06 9.679676038202073e-06 5.060239048004371e-06 1.841182831411157e-05 5.853994356301116e-07 8.458883195557668e-07 0.0 0.0 0.0 0.0 0.0 0.0 0.0 0.0 0.0 0.0 0.0 0.0 0.0 0.0 0.0 0.0 0.0 5.653015523310558e-06 7.346389158427835e-08 0.0 0.0 0.0 6.090536794081086e-06 0.0 1.6032028217560035e-06 3.7424156985304013e-07 0.0 0.0 0.0 0.0 0.0 1.120356086551949e-07 0.0 0.0 3.1223787308405993e-07 2.2904288999731903e-07 0.0 0.0 0.0 0.0 0.0 0.0 2.1871424826277398e-07 0.0 3.064330100723967e-07 6.291131469771022e-08 2.302116839200716e-07 5.529045870854624e-08 7.510140297619636e-07 2.0775389057831205e-06 1.7982641870288531e-06 4.934543722935786e-08 0.0 0.0 0.0 0.0 0.0 0.0 0.0 9.275856140840967e-06 1.2158386580784108e-07 0.0 0.0 1.0654401082035084e-07 3.3745095739775113e-07 0.0 3.9412749672071605e-07 9.240345558114406e-08 7.05799267094382e-08 2.929829719702638e-07 3.066247608626918e-07 7.519856716541312e-07 0.0 0.0 0.0 0.0 5.246219285669655e-08 0.0 0.0 0.0 1.0714950216005968e-05 2.7143963531160143e-06 5.991289547932498e-06 0.0003226624560527761 6.7156733809846855e-06 0.00023147238748713882 2.0669230857131566e-05 0.00014962282702643366 3.273301968283672e-06 7.839733646915513e-07 1.2046851962515812e-05 4.597169180582138e-06 8.421389428144629e-08 3.0274435841435286e-06 5.930265513796115e-07 5.837869281275362e-06 1.3336426156033087e-07 0.0 7.719684220070057e-07 1.952826177187291e-06 6.820657575801289e-07 5.3849181072144e-05 5.361158615300754e-06
3.132352312344081e-05 4.4822493893800924e-05 0.0005140295883780625 1.2426766909993455e-06 2.8850533515085934e-05 8.637173506930084e-07 8.415117540367889e-06 0.0 4.540581801945962e-05 2.372017717113696e-06 0.0026292901728266413 2.9861234638650504e-06 4.535708908074335e-05 0.0006516200589276586 9.120998975266686e-06 2.4695590805506945e-06 1.8342357172801658e-07 2.213285347531351e-06 9.411885637324397e-08 4.863951067145666e-06 2.335598010330321e-05 5.761363896527785e-07 2.980451360500515e-06 3.7105515985796167e-06 6.802135404646835e-06 9.863292415280441e-06 2.614751416146075e-06 3.3688810557153164e-06 2.300331252704848e-07 1.2020269633368603e-06 0.0006233834943639568 0.0008248884697626447 5.609369780387217e-05 1.0971681225869865e-06 8.538206459416537e-06 6.70264808384536e-06 1.4183129802612628e-05 3.946078704585074e-06 2.9540654262638537e-06 1.9291175951743764e-06 5.122730651855549e-05 1.6761872255005384e-05 5.557142551623138e-06 1.1507208623622346e-06 6.019409131582239e-07 7.312586385012963e-07 4.424296941562624e-05 1.1314194828659428e-06 2.0747628372740734e-06 4.995780812003609e-06 6.050122216411228e-06 4.389660035140967e-06 1.1118609968958472e-07 3.392302216032799e-06 4.538304574481698e-06 7.685833312072598e-06 9.000306567606704e-06 9.265163891530904e-05 4.722273958779018e-06 8.151810074290908e-06 6.806946774065158e-06 1.6944258403277697e-05 3.493022189100457e-06 0.00017589077709410065 7.989601658441932e-06 2.655780062108904e-06 1.3361825133596754e-06 7.3553361642482e-06 1.6816351003290347e-05 4.663241672559572e-05 1.3537226274894047e-05 9.696366664998191e-07 1.2135828459572962e-07 0.00011747429777211826 7.907573973289863e-05 5.529432596279387e-05 1.6907567595467767e-05 3.633477809341523e-05 0.0004010160302636416 0.0009057112718579828 1.8931647617320674e-05 0.00018781490397768732 1.678997896761443e-05 1.067390233108211e-07 2.4612838362463967e-06 4.799541388227508e-06 4.605746945042677e-06 5.521738378062283e-07 1.3028680215310196e-06 4.609425629080189e-07 3.795289054889173e-06 2.516046098946584e-06 7.706885991342919e-05 2.8568271474431278e-05 4.8676203953426724e-06 5.135167172567265e-06 3.0845137447676267e-06 0.0 1.484165644124894e-06 2.2314801572182307e-05 3.1718917450989543e-07 0.0 0.0 4.5938870246459215e-08 6.329374819824306e-08 0.0 1.003376227151297e-06 1.1346586249198526e-07 8.954453853564873e-07 4.150157153222051e-07 6.469324403338203e-08 6.945181784887e-07 1.2152826412885581e-06 1.925368806553104e-06 3.225760214071154e-06 1.5379987447751946e-07 7.827646293066545e-07 0.0 0.0 0.0 0.0 2.6167275264921726e-07 4.3851073202365317e-07 0.0 7.127197093059405e-07 1.1643175519122412e-06 0.0 0.0 3.999241632319393e-07 0.0 9.180672668910566e-07 1.0094614577980133e-07 1.3311057970271068e-06 0.0 1.357595602049345e-06 0.0 0.0 0.0 0.0 4.534351228249442e-06 3.240434025178991e-07 1.7096821157128798e-06 3.626717934038585e-06 4.628731581716725e-07 1.0580977540892972e-06 8.472301018878071e-08 0.0 0.0 2.437655319677781e-07 1.6953575262237918e-07 0.0 2.2508409182477103e-07 1.5330598885100275e-07 0.0 0.0 1.2264672714490612e-07 9.847226956697885e-08 1.4653533067148592e-06 4.6686718946611235e-08 0.0 0.0 1.8909947759275612e-07 4.553589310482333e-08 0.0 0.0 8.288162664991681e-08 1.7994411943520468e-06 3.336850490755594e-07 0.0 0.0 0.0 0.0 0.0 0.0 2.0511806233279439e-07 4.928780281826347e-07 1.9325086344364412e-06 6.600898684402433e-07 0.0 9.023745344485135e-08 1.7831179465356515e-07 0.0 0.0 3.707900218277264e-07 1.0995221372333736e-07 2.5425525775097174e-07 2.947068430428185e-07 5.965804424304201e-08 3.755959967657593e-07 4.352707787697e-08 0.0 0.0 0.0 0.0 2.2515955708882275e-07 7.753900232307116e-08 0.0 2.894704504316764e-06 2.7024610249152064e-06 5.591501879247887e-06 0.00010812586338086058 6.758717078275704e-06 0.0001056380644571906 1.4883188764698811e-05 1.9344144242167635e-05 5.326457042377627e-07 4.85367944939418e-07 7.78634302546897e-06 5.66645938615236e-06 0.0 6.736780843297947e-07 8.40009130340113e-07 1.4578716830731703e-07 6.565922104524538e-08 0.0 7.971402567984822e-08 1.5642797367662217e-06 0.0 1.3404649691956008e-05 1.9616179531193217e-06
1.688632386168719e-05 0.0009388491407023163 0.0003393808123196851 3.0793300514293146e-05 0.0022471748584128597 4.838399854373822e-06 0.0011808967015568563 4.540581801945962e-05 0.0 0.00012229974592885672 0.0005036895675518065 6.310155061248398e-05 0.00035285452792810926 0.0007481535340671037 2.063288797978032e-06 2.6626306329567114e-07 1.0316417963888765e-07 4.467523351861451e-08 0.0 0.0 0.0 0.0 1.3806312429261291e-07 0.0 0.0 0.0 0.0 0.0 0.0 0.0 3.8753289855945195e-05 3.988829873000385e-06 1.3748409105352462e-06 0.0 0.0 0.0 1.090892983250074e-06 2.5442832390026366e-07 0.0 0.0 6.270284980651772e-08 7.127240762661753e-08 0.0 0.0 0.0 0.0 8.576686808322548e-06 1.6601707441346127e-07 0.0 1.0149145810907916e-07 0.0 0.0 0.0 0.0 3.791303683155198e-07 1.3120825949257503e-06 8.753354962967865e-07 8.720141482444634e-06 4.342975753174487e-07 1.5547348156737545e-06 0.0 1.6411969441159085e-07 0.0 6.425929591628337e-06 1.3887730786232645e-06 1.568383053606529e-07 0.0 1.4080338845973774e-07 0.0 6.003283894316475e-08 1.3137593183757735e-06 3.129496538022755e-07 0.0 1.6949572040722984e-05 1.104599325413968e-05 1.0593655478793654e-05 1.975766596698963e-06 6.621132717488797e-07 2.4646571136075078e-06 9.629531487809807e-07 0.0 1.7692517999911773e-07 2.5506929429067738e-06 4.5420013178601754e-08 4.615468089204606e-07 8.821327104617293e-07 1.9680562112649915e-07 0.0 0.0 0.0 4.4186992492400834e-08 0.0 1.2271828850874828e-07 1.7890840862559736e-07 1.378883985632319e-07 3.077856827650217e-07 1.2136439158005747e-06 0.0 1.3963482775699774e-07 2.374026261941535e-06 0.0 0.0 0.0 0.0 1.617422563639462e-07 8.816441956555009e-07 4.76927320606241e-07 4.788834551512657e-07 6.958330323592944e-07 4.964551972946931e-07 0.0 2.161804378867336e-07 1.5185249142896443e-06 1.2998337852281116e-06 3.4816974308924304e-06 4.621752084141997e-08 8.074777507535023e-07 0.0 0.0 0.0 0.0 0.0 0.0 0.0 0.0 0.0 0.0 0.0 0.0 0.0 0.0 0.0 0.0 0.0 4.59110291849644e-07 0.0 0.0 0.0 0.0 2.5326727389592685e-06 0.0 5.687522249363225e-08 6.787349972413008e-08 5.640202922822652e-08 0.0 0.0 0.0 0.0 0.0 0.0 0.0 7.706092833740337e-08 9.572511357948395e-08 0.0 0.0 0.0 8.476952575127816e-08 0.0 0.0 2.612045482640793e-07 0.0 0.0 0.0 1.0958234368347902e-07 0.0 2.0533071166421154e-07 1.8893284358380952e-07 9.730108463209791e-07 0.0 0.0 5.5204302503920507e-08 0.0 0.0 0.0 0.0 0.0 2.106536552640005e-06 0.0 0.0 9.574364274047882e-08 0.0 7.449222824748975e-07 0.0 1.283098092889572e-07 0.0 5.1639156052507705e-08 0.0 0.0 0.0 0.0 0.0 0.0 0.0 0.0 0.0 0.0 0.0 3.535799180717155e-06 2.8252701914888337e-07 1.3665617893707397e-06 4.5654752629644913e-05 7.528812703022161e-07 2.7255528870250087e-05 2.4308971377549338e-06 6.220618957165202e-06 0.0 8.025571126893134e-08 2.424696791062037e-06 2.912103443950914e-07 0.0 9.120311949669797e-08 3.797510614088449e-07 6.667736362790947e-07 0.0 0.0 3.157254181113063e-07 1.6373779495108668e-07 0.0 3.3550126986507235e-06 9.85770874286065e-07
0.0007140293301216744 0.0006493571750552446 2.604320444906036e-05 0.001618014026856257 0.0002126475874790148 0.0005819628147671992 0.0012277842271186886 2.372017717113696e-06 0.00012229974592885672 0.0 7.459999603807581e-06 0.0015152241138803439 0.005118443238336758 0.0007615643024449483 6.9043106908726275e-06 8.984774381792784e-07 0.0 0.0 6.532800130746216e-08 5.2411046693950536e-08 0.0 8.855657935460518e-08 0.0 6.301125454307597e-08 0.0 1.3955953149295505e-07 0.0 6.432995485387705e-08 6.521811074156212e-08 0.0 7.171455944693665e-05 7.601811658681477e-06 7.79759312961299e-06 0.0 0.0 4.8265821231393264e-08 1.4871081654748781e-05 4.213609491028809e-07 2.93354684110221e-07 7.806910127153217e-08 0.0 6.02308596337965e-08 0.0 1.3435470977350802e-07 4.230420395131387e-08 1.285851441037399e-07 4.796434758066713e-05 9.111285523985167e-07 1.1264129116771399e-07 1.3111041321932166e-07 3.4846691878919837e-07 1.2529552512712017e-07 2.1220564893332708e-07 4.591513588518491e-08 6.697971576434276e-06 1.0480952860902648e-05 3.27049861269516e-05 8.898907543714588e-05 1.410812133544542e-05 1.0031707975002675e-05 5.6454010251017334e-08 4.649568471635458e-08 0.0 1.4215593311795592e-05 9.549451468950313e-06 1.7545400754213045e-06 1.4440954445335236e-07 1.700219419884827e-07 5.668429304338126e-08 1.1579233013689335e-07 0.00011901118553111383 1.8848709456787725e-06 2.459542443252901e-07 0.0001565210006475968 3.611166675897637e-05 4.4177222541036286e-05 4.4096795835558176e-06 1.752054403007849e-06 7.296107870128232e-07 6.660672568011691e-07 0.0 4.37835705427411e-07 2.644339266804648e-05 8.62469035505986e-08 2.1882497098471866e-06 5.984075992105205e-06 6.248777600097041e-07 0.0 6.309278589345338e-07 1.3775585523611563e-07 4.0988172488656103e-07 3.733315757841825e-07 4.7437373384913853e-07 1.7203647279664292e-07 1.0942609641509009e-07 0.0002190725894904333 9.320778728180865e-05 1.5374895916878582e-06 2.1716788871574986e-06 0.0001952222121536459 1.1273634150481728e-06 1.010663982770577e-05 2.165118394685266e-06 1.0564173092590743e-05 7.602767850592813e-07 7.118596094477619e-06 1.3003547318120813e-05 3.057715393048823e-06 1.6498743462497986e-05 2.4102969330249084e-05 1.6301730126840333e-06 1.8000789341382872e-05 2.8425027161380485e-05 1.4416268272629838e-05 5.938927792119196e-05 4.93093753314217e-07 3.3442876403548945e-06 0.0 6.721207424861809e-08 0.0 0.0 0.0 0.0 0.0 0.0 0.0 0.0 0.0 0.0 0.0 0.0 0.0 0.0 0.0 1.1396361186430945e-05 0.0 0.0 0.0 0.0 3.2436448783213824e-05 1.002285879652756e-06 8.44904284554934e-06 5.175054902848839e-06 4.6631607367652273e-07 0.0 0.0 0.0 0.0 5.294232931847512e-07 1.0587960080467865e-07 0.0 8.525980424160123e-07 2.023976975787379e-06 0.0 0.0 9.029298684783296e-08 1.5849849722978863e-07 7.664752051520746e-08 4.920373545374989e-07 3.413474080869517e-07 0.0 6.360670511904574e-07 7.121981549979387e-07 3.2157101823715674e-06 0.0 0.0 1.6024037221130997e-06 4.09315622514167e-06 0.0 0.0 0.0 0.0 0.0 0.0 0.0 0.0 2.0927800032774158e-05 1.2639898026636469e-06 2.1987994948536053e-07 0.0 0.0 8.43188317950804e-07 0.0 1.321411111506599e-06 7.304610328184727e-07 3.3481382176816326e-06 2.164955573316524e-06 1.7692397333905295e-07 1.5104985393987078e-06 0.0 5.876415587504916e-08 0.0 0.0 0.0 0.0 0.0 0.0 4.684841198679252e-05 7.950662275091272e-06 2.2243096426512456e-05 0.0004925192929652543 7.208138237945139e-06 0.000210857799531381 1.6457636921050977e-05 0.00042255467991323233 4.466146633847535e-06 1.7559415688365507e-06 1.9993751154965044e-05 2.3325471511865205e-05 4.4145595602178233e-07 6.974457893058836e-06 3.9050734516035004e-06 5.721028602170184e-05 1.3222165925898446e-07 0.0 7.949902792430501e-07 5.944527120361824e-07 2.2871646715579336e-06 0.0002323356652350082 1.723073140701844e-05
9.307622459076501e-05 0.0004329610809551323 0.0014021192178520193 7.014919854951239e-06 0.00032705789064584707 6.433133169695095e-06 8.612650623385446e-05 0.0026292901728266413 0.0005036895675518065 7.459999603807581e-06 0.0 2.968762340348931e-05 0.00041253057117235766 0.0015702924926479867 1.1842788585299643e-05 1.7261670390779555e-06 4.3013570335399766e-07 7.507023903652317e-07 9.736219976737916e-08 7.126839252440195e-07 2.0637133868408283e-06 6.848687241306204e-07 1.1122406114762288e-06 1.300295310732891e-06 3.429291264918742e-06 3.887636027287285e-06 2.354662666781903e-06 3.244252100423984e-06 3.194094831091039e-07 2.5749176678474e-07 0.0006780029965812195 0.00020731343254706383 0.0002631052913492303 0.0 3.6523070399924647e-06 2.7984018805262736e-06 6.682160581841383e-05 9.027907679508612e-06 1.047169308338549e-05 3.3491598632964847e-06 2.1616857057089647e-05 1.3427548490145447e-05 1.0416294130051114e-06 1.5410913401612362e-06 1.433680683774355e-07 1.1553474032306336e-07 3.5310331205392646e-05 8.45338031866222e-07 8.704592342549802e-07 1.8694016582882262e-06 3.0120519691571526e-06 5.560166100365471e-06 6.719432248766502e-08 4.555425039280894e-06 3.2996308007972677e-06 5.437502030439633e-06 5.696160850447033e-06 6.282114278922889e-05 3.4896258905581093e-06 8.43574932511561e-06 9.603214671196857e-07 1.6968314865049287e-05 1.6166247686766279e-06 8.118125510636382e-05 4.9375348912763845e-06 1.1915171704925897e-06 6.855113568051234e-07 2.4556856602458303e-06 4.325308809945949e-06 1.0861634686481465e-05 4.0236354377130965e-05 1.7712614264190746e-06 5.493638543753604e-07 8.252644317390698e-05 4.816618764784391e-05 4.826659258123467e-05 1.198460499023377e-05 9.685826763112302e-06 4.576305505513967e-05 0.0003279002184258917 3.1928934438265364e-06 3.683057428869454e-05 1.1797615582534305e-05 0.0 1.4192298343784883e-06 4.017728097151932e-06 2.1140391829828213e-06 7.730570119054521e-08 9.130479497215694e-07 1.2501307608795549e-06 2.183228395097592e-06 1.8410654842268566e-06 1.879014700580351e-05 1.7183789846198145e-05 7.156597210057898e-06 9.998729519412061e-06 4.798753858325227e-06 0.0 3.191742814024759e-06 2.656423050697426e-05 1.7618877259957998e-07 2.324563014805852e-07 0.0 0.0 4.367791444106842e-07 8.245861962720556e-07 3.0573440121488834e-07 3.233106522785578e-07 5.194730864105243e-07 8.141328832308167e-07 4.7629673763238497e-07 1.910083712272447e-06 5.0409565627090965e-06 2.3631280293364087e-06 6.306499803316147e-06 4.6909444058569313e-08 8.265291555763731e-07 0.0 4.99312723808114e-08 0.0 0.0 0.0 2.899529370075811e-07 0.0 2.0308071314340904e-07 5.392658469531982e-07 0.0 7.356539298972796e-08 0.0 0.0 4.975835359952738e-07 0.0 9.88059695488952e-07 0.0 1.4998679690079524e-06 5.4406578521090675e-08 0.0 0.0 0.0 4.819540957461288e-06 3.256938701265128e-07 1.7979429112516042e-06 8.041854784767404e-07 1.3849698787590706e-07 3.8617490385374115e-07 1.6063162886431658e-07 0.0 0.0 1.1906806407276765e-07 1.2896844964431957e-07 0.0 2.3664980010573423e-07 4.510079987746318e-07 0.0 1.7775660258375682e-07 0.0 6.646072184027798e-07 5.115526373452749e-07 1.6750887805355625e-07 4.621312684118406e-08 0.0 1.333376575789025e-07 4.708091822777579e-08 7.740912243609791e-08 1.767071125274097e-07 8.325105390975137e-08 1.1070570093979212e-06 8.463405365400465e-07 0.0 0.0 0.0 0.0 0.0 0.0 1.647581629258703e-07 0.0 5.382817446903618e-06 3.727147223710636e-07 2.792261549116599e-07 0.0 2.210193272665337e-07 3.139386486153746e-07 0.0 9.999715800085012e-07 5.221496882742309e-07 2.7749510471871976e-07 3.3689556252793197e-07 1.0136268686216543e-07 1.559755434143312e-07 0.0 0.0 1.3022821289195631e-07 0.0 0.0 0.0 1.0383269973478047e-07 3.914401464564322e-07 5.548046579054771e-06 4.4129493855913734e-06 4.695604364787129e-06 0.0001177921859070057 5.013653462043191e-06 8.530970454980036e-05 1.2932891212967283e-05 2.634963677299272e-05 9.460449919331815e-07 1.3367536353703393e-07 1.1486490520429992e-05 4.9068663176697855e-06 9.87006291392395e-08 1.3468638783931582e-06 6.494733858902437e-07 1.5230216530110745e-06 0.0 0.0 1.026793017128545e-07 2.7465044011998965e-06 5.586347723731164e-07 1.537617469262724e-05 5.695491509011096e-06
