0.0 0.00042037663078482127 5.1740144870708755e-05 0.0004903766234660861 2.6864692465866205e-05 5.406151026392817e-05 0.00022486734307253255 4.542753748185582e-05 9.499957924690652e-06 0.0006366535385155465 5.308762145716295e-05 1.8122269275075375e-05 0.00012546640104974877 0.00010144322529135351 3.6933281812838996e-07 2.0732242071821406e-07 0.0 6.195906491634396e-08 0.0 2.3892990086370424e-07 0.0 2.697320226806388e-07 1.065832685357805e-07 0.0 2.4647336183686474e-06 6.161186140270075e-07 1.2497948536714764e-06 9.315288258650113e-08 7.138904035296325e-08 0.0 0.0005876346909635932 2.871661608532675e-06 9.598784274714255e-06 0.0 9.043590800165032e-07 2.6402449960283996e-06 3.0731192891634717e-06 6.43343652817721e-07 1.585827910625654e-07 8.912464894676227e-07 1.1892392013266758e-06 4.7334158115203065e-07 2.3801138814093673e-07 8.807926243163077e-08 0.0 0.0 2.2799059000799555e-06 1.0395864908993026e-06 1.0775693755174412e-07 2.5813282912518193e-07 5.572097169149763e-08 0.0 9.893951954894625e-08 0.0 5.285463379804908e-06 2.9853896202079172e-06 0.000137304875537003 0.0005242096439414518 6.195388105453793e-05 5.926649382254854e-07 2.2225930386433912e-07 5.403995125183998e-07 1.3968040492725785e-07 2.9622220109560487e-05 1.4689088602992953e-06 1.2880979508884863e-06 2.1209089018212746e-06 6.870370496689518e-07 1.3687688442358474e-06 2.0724784163408195e-06 2.2899162225513486e-06 0.0 0.0 2.4656314392672473e-06 5.9138903154938075e-06 1.59898129470869e-06 1.8121035126921428e-06 1.7723978805092949e-07 1.1431724295466716e-06 1.7646860122972192e-05 5.642577607671975e-08 4.354274486187652e-06 5.599462817775241e-06 4.57875456372322e-08 4.5371114164588185e-07 2.8832858138507274e-06 1.8245927610922651e-07 0.0 3.898917909500341e-07 0.0 1.4757352254897434e-07 0.0 2.4933347807328142e-06 1.8832876358957443e-07 0.0 9.011836158404257e-06 1.2468232164466392e-06 8.317006473184041e-08 3.6088097964352115e-07 0.0005414557347630824 0.0 1.2084992057343651e-05 3.312576945026957e-06 8.760134938344685e-07 0.0 6.639548545271691e-06 7.562267987765444e-07 1.5518409804015526e-06 4.663530404797298e-06 3.066527638105743e-06 1.452642589866296e-06 4.3135333133178156e-06 9.232207028799214e-06 2.955181353744606e-06 5.670579282118318e-06 0.0 0.0 0.0 0.0 0.0 0.0 0.0 0.0 0.0 0.0 0.0 0.0 0.0 0.0 0.0 0.0 0.0 0.0 0.0 9.621368682064859e-07 0.0 0.0 0.0 0.0 1.5148757892992098e-06 6.432095228906002e-07 2.1058989050412338e-06 1.1623326728823887e-06 2.4982070017267105e-07 0.0 0.0 0.0 0.0 0.0 0.0 0.0 0.0 0.0 0.0 3.4653211501652314e-07 0.0 1.8874701458094328e-07 0.0 0.0 0.0 0.0 0.0 0.0 5.995120671129828e-07 0.0 0.0 3.6115303476415886e-06 1.2906998550994285e-07 0.0 0.0 0.0 0.0 0.0 0.0 0.0 0.0 2.512882884179577e-06 4.063422450976107e-07 0.0 0.0 5.621921341666122e-08 1.8892645468537385e-06 0.0 8.827509106604766e-07 0.0 0.0 0.0 0.0 6.065698554147572e-08 0.0 0.0 0.0 0.0 0.0 0.0 0.0 0.0 1.8874157266901495e-06 3.022110401904169e-06 5.477039935142123e-06 0.00028127924979022524 1.1508216787002958e-06 3.3550595811597205e-05 4.113637176945161e-06 0.0005469145163384968 1.5677618074499363e-05 1.0462605347581659e-06 1.95132538376961e-06 1.0421054000900239e-05 0.0 2.2455605473637617e-07 0.0 4.2210067559829134e-05 0.0 0.0 0.0 0.0 0.0 0.00029022217932193136 2.0786045807932146e-06
0.00042037663078482127 0.0 0.000267584837431794 0.0002760476535421949 0.001070133333021087 7.690080556465342e-05 0.0015069928746230684 0.00010152048811642852 0.00046136804242803025 0.000752570269427123 0.0003028404187987062 4.408587558926716e-05 0.0009743330510606697 0.0011233049480511043 4.380846533374793e-08 2.9744452226436236e-07 2.993763783022317e-07 6.643382887818573e-08 4.8258811429958144e-08 5.210094575370054e-07 8.486374387723773e-07 1.013129875341866e-06 2.171285750313216e-07 0.0 6.419280089949407e-06 1.2896080909055644e-06 1.209855025597209e-06 6.276932837989029e-07 0.0 2.0722167385293661e-07 0.0008504255000157656 9.464698515370314e-06 5.4512125836805625e-05 0.0 3.6017863785016984e-06 1.0858985247247348e-05 1.456082948354392e-05 8.783285722911663e-07 4.356214713524768e-07 1.804128932833962e-06 4.5880043576299e-06 3.2908381939944623e-06 2.4334656505819746e-07 1.1248211419663452e-07 0.0 6.667883218124162e-08 8.54290228759886e-06 2.0943940540990766e-06 1.0355698522466645e-06 1.8795431344501392e-07 5.46057625638444e-07 0.0 2.860299625746858e-07 0.0 1.1516992662480524e-05 5.744102387185728e-06 0.00011756427088650585 0.0002525557469854019 0.00011719456614513211 8.992946255453547e-07 2.2975582314579055e-07 1.9042067902036741e-06 0.0 3.758111292085624e-05 3.142557900012996e-06 3.4326832739179207e-06 4.982792643693699e-06 1.3010771642841053e-06 3.0020722842857278e-06 4.766173095102478e-06 1.119525288215405e-05 2.5689363473842513e-07 3.7698482871375863e-07 9.604225335516395e-06 1.6383105516886006e-05 9.158824805926957e-06 2.0677827665885666e-05 9.568483330062255e-07 3.9961417742031e-06 7.29682515553752e-05 2.976744814385853e-07 1.1108434875300864e-05 1.5174551511484367e-05 7.647607425710235e-08 1.1493298662678783e-06 6.82711011124975e-06 5.817806453036428e-07 6.174709665907595e-08 3.700421164600676e-07 0.0 1.4436670212629835e-07 0.0 5.763130202846774e-06 3.712248301106904e-07 1.8060739945680237e-07 6.126027993786643e-05 1.6910470772730275e-06 8.064293252697405e-07 1.4629698603946485e-06 0.00019555057604961899 9.806133053865889e-07 2.7993879930748062e-05 9.868770682000316e-06 1.3673226786484456e-06 0.0 2.3092527314798247e-05 4.861963689725803e-06 1.1448343370958738e-05 1.9082794382576586e-05 8.193489038445838e-06 5.6369467419394055e-06 2.716850602239629e-05 3.2936951935957914e-05 9.681352642382876e-06 3.0567509040107863e-05 3.858189704011355e-07 0.0 0.0 0.0 0.0 0.0 0.0 0.0 0.0 0.0 0.0 0.0 0.0 0.0 8.149282404916794e-08 0.0 0.0 0.0 0.0 4.437572870491599e-06 0.0 0.0 0.0 0.0 9.756422168141148e-06 9.373948634470698e-07 1.2746338406703177e-05 3.295286682744116e-06 5.258426288598067e-07 0.0 0.0 0.0 0.0 0.0 0.0 0.0 1.1146942984236818e-06 1.0773214519057461e-06 0.0 0.0 0.0 6.06225531355695e-07 1.3600027132078342e-07 0.0 0.0 0.0 6.122656299244575e-08 9.196742641804986e-07 1.354313225683832e-06 0.0 0.0 3.146757965445292e-05 3.686768078638157e-07 0.0 0.0 0.0 0.0 0.0 9.556793243791786e-08 0.0 0.0 2.1766418331601742e-05 3.3823830230032334e-07 0.0 0.0 0.0 2.5787991390407182e-05 0.0 5.464917768024864e-06 7.237851960189569e-07 9.724960427284456e-07 2.6983798297773855e-06 3.7894845634782307e-07 3.352451750840599e-07 0.0 0.0 0.0 0.0 0.0 0.0 0.0 0.0 3.1076789505449066e-05 1.2923474561625236e-05 1.5650674448300117e-05 0.00017478703334946065 3.861192382755228e-06 0.00017175462483093836 2.474172182614549e-05 0.001105385863229106 6.0727105057086135e-05 2.1346838955383574e-06 2.640796247407822e-05 1.1820030843021788e-05 0.0 3.0394295116917825e-06 6.249031520781293e-08 0.00011299519447906021 5.252720111434538e-07 0.0 2.9012597536745536e-07 2.2764434996923637e-06 2.9564057725801375e-07 0.0003750482217233596 2.638246137821171e-05
5.1740144870708755e-05 0.000267584837431794 0.0 3.008323148186697e-07 0.0010684802380706224 1.9644576220944927e-06 8.992707451375619e-05 0.0018526403638264772 0.00037751692359101806 4.797127095665362e-06 0.0008162445495318928 1.0827018043332341e-05 0.0001738476952513638 0.0009249486306711825 0.0 6.444677181974295e-07 6.402176666894961e-07 3.5857081123943217e-07 0.0 4.953706203202434e-06 1.897236399325223e-06 8.613813025276969e-07 7.083974315934787e-07 2.0267449985485637e-07 8.896788144527294e-06 3.0868540302843984e-06 3.2878117669375865e-06 7.703297219702502e-07 7.282974360140769e-07 2.8468868600017787e-07 0.001004908996921613 0.00026463089939945267 7.346783755686041e-05 1.4592147520249186e-07 8.263132812325633e-06 2.0260930381316957e-05 1.3820092981531806e-05 2.589387616802292e-06 1.3932290997360893e-06 3.229737994875204e-06 1.6640038273168407e-05 1.0363477449211552e-05 2.3030541274854818e-06 1.101069658990915e-06 6.622574553927614e-08 7.519155002256305e-07 8.849186837561274e-06 2.3982803762470193e-06 2.80978893481932e-06 6.875505102875327e-06 1.807364165741341e-06 3.506242504565007e-07 8.821851349066347e-07 1.9392227055514585e-07 7.398950109165973e-06 3.6700519785395387e-06 5.502149390005767e-05 8.169465692136876e-05 6.600956544795896e-05 8.642013749775912e-07 5.181963586479622e-06 3.2166506884493106e-06 2.001486084028834e-06 0.00015058345636085918 1.9416186409993066e-06 5.9573516726400485e-06 5.3621218182578665e-06 7.195635815838171e-06 1.5871619757022474e-05 3.7379081168828016e-05 1.1447433316539235e-05 3.719169810860693e-07 1.415343848071478e-07 1.0228964435852197e-05 1.8857318014512635e-05 1.1873433592763739e-05 3.372789476616035e-05 2.0118713181443396e-06 6.0742264727249543e-05 0.0003661293047358467 4.014889115402909e-06 0.00011549666331422583 9.53825638799823e-06 6.487980857585137e-08 2.0617881612838213e-06 4.165138620406461e-06 2.471825202055635e-06 0.0 8.197653875196361e-07 1.7077064621029528e-07 1.7930003175100416e-07 0.0 2.63717056696568e-05 2.4483164111027183e-06 9.7870122573935e-07 3.009089642200536e-05 2.0098977380076454e-06 2.3258045384945492e-07 2.716905322090178e-06 4.058783729463242e-05 6.850439579364515e-07 5.5769754766418465e-06 1.0614201595281457e-06 3.425074984740913e-07 1.5195496903176652e-07 5.269865723870147e-06 0.0 2.084435794073026e-06 5.853189169741119e-06 6.287041380426514e-07 1.7569088282805402e-06 7.83277217863474e-06 6.167893431010585e-06 2.4510941693396065e-06 1.0200887631548489e-05 3.3412628833456824e-07 0.0 0.0 0.0 0.0 0.0 0.0 0.0 0.0 0.0 9.481136823001e-08 0.0 7.582924102459966e-07 0.0 1.4479745143339864e-07 0.0 1.290483669038879e-07 2.1143762357021662e-07 1.4143582817334996e-07 9.718730485957433e-07 1.4033788593794486e-06 0.0 0.0 0.0 2.7895460778423284e-06 1.131962317941238e-07 6.617837283724796e-06 1.1967346727771778e-06 3.796717850224329e-07 0.0 0.0 0.0 0.0 0.0 0.0 0.0 2.952213843536252e-07 0.0 0.0 0.0 0.0 1.7939667316166186e-06 0.0 0.0 0.0 0.0 3.2645804204365493e-07 2.296446584955481e-07 0.0 0.0 0.0 1.025772136944624e-05 6.776255796078045e-07 0.0 0.0 0.0 0.0 0.0 0.0 0.0 0.0 9.586684520587524e-06 1.9411848352033707e-07 0.0 0.0 4.821596762730234e-08 5.351258814839936e-06 0.0 1.6597676438704397e-06 3.274734167133414e-07 2.2527642149173124e-07 2.484781639313536e-07 8.579231275089525e-08 5.289079164486168e-08 0.0 0.0 0.0 0.0 0.0 8.703293702970605e-08 9.093615649330775e-08 0.0 8.861873566158965e-06 5.240874915921254e-06 8.497616456281778e-06 8.875214230542917e-05 8.976006517211455e-06 0.00015203019168458917 2.340446753041997e-05 0.0004266571566616161 4.28275848957765e-05 1.032546334150078e-06 1.6099247594386433e-05 2.847280284586929e-06 0.0 1.5653702407384197e-06 1.3877880124544672e-07 1.785593747517468e-05 0.0 0.0 0.0 4.352313862083457e-06 0.0 9.259410762198323e-05 1.0927706858018573e-05
0.0004903766234660861 0.0002760476535421949 3.008323148186697e-07 0.0 5.165839083413047e-06 0.00022333632512970035 0.0004914729740538443 1.5329017802200287e-07 3.71709967518252e-06 0.0008445642931537862 1.5253648797277923e-06 0.00017188305793193562 0.0010374890106085617 0.00012539500838548945 0.0 6.40331384718406e-08 0.0 0.0 0.0 0.0 0.0 0.0 0.0 0.0 0.0 0.0 0.0 0.0 0.0 0.0 8.873180625958774e-05 0.0 6.729349707924592e-06 0.0 7.344932566365325e-08 0.0 6.989072380309122e-07 0.0 0.0 0.0 0.0 0.0 0.0 6.037406740228893e-08 0.0 0.0 7.415498420132456e-07 0.0 6.458190683236302e-08 0.0 1.1079011309386991e-07 0.0 2.6586205388146797e-07 0.0 1.3865223612819276e-06 6.287082839730512e-07 2.2691179153055696e-05 8.526545982764358e-05 1.6293908445798097e-05 1.5747237774746797e-07 0.0 8.288714280987041e-08 0.0 1.49380122312581e-06 3.406222576737399e-07 3.5684401231390306e-08 7.048837101860535e-07 0.0 0.0 0.0 1.7621803712186132e-06 0.0 0.0 5.74167786524515e-07 6.794770855474739e-07 2.48370479441666e-07 6.023494420132874e-08 4.7789386947301315e-08 0.0 1.2900217912087297e-07 0.0 4.40387437748739e-07 1.3481822987073735e-06 0.0 9.691057837994844e-08 7.974093619226554e-07 0.0 0.0 9.206898279893455e-08 0.0 0.0 0.0 6.824024404197161e-08 0.0 0.0 1.4489085871572172e-05 0.0 0.0 0.0 0.00015860895661565144 0.0 2.45178286285113e-06 1.6840061980122095e-06 2.668148310545671e-07 0.0 3.6663252599578115e-06 1.7893312825895101e-07 5.933409480649002e-07 2.1682166875067607e-06 7.747023053919772e-07 2.9644316280647527e-07 8.513833838024547e-07 2.587820591291276e-06 1.114769870866685e-06 1.5393992399757855e-06 0.0 0.0 0.0 0.0 0.0 0.0 0.0 0.0 0.0 0.0 0.0 0.0 0.0 0.0 0.0 0.0 0.0 0.0 0.0 3.151863088997028e-07 0.0 0.0 0.0 0.0 7.938944905491335e-07 0.0 2.31732959098704e-07 2.616504241026158e-07 0.0 0.0 0.0 0.0 0.0 0.0 0.0 0.0 0.0 0.0 0.0 0.0 0.0 3.5855930779568536e-07 0.0 0.0 0.0 0.0 0.0 0.0 2.0329183872665738e-07 0.0 0.0 5.690062734017209e-07 0.0 0.0 0.0 0.0 0.0 0.0 0.0 0.0 0.0 3.941613880988225e-07 0.0 0.0 0.0 0.0 0.0 0.0 0.0 0.0 6.18800841856667e-08 6.28335119974783e-08 0.0 0.0 0.0 0.0 0.0 0.0 0.0 0.0 0.0 0.0 3.0979289830456773e-06 1.615812822654231e-07 6.790204052614569e-07 6.164742497427077e-05 0.0 8.350319307657033e-06 3.821459370787494e-07 0.0002824781234945112 4.602806025190122e-06 4.140726803445245e-07 0.0 1.7747946292555336e-06 0.0 7.057507619260091e-08 0.0 1.4176998698605456e-05 3.369808597673533e-07 0.0 0.0 0.0 0.0 9.061521028037455e-05 9.291161969948497e-07
2.6864692465866205e-05 0.001070133333021087 0.0010684802380706224 5.165839083413047e-06 0.0 4.579436266651368e-06 0.000945768010115112 0.00019876694408094115 0.0017082110331658555 6.0320873972856e-05 0.0003624674118235026 1.0192314759131978e-05 0.0004876555901023777 0.0009012066265220509 0.0 0.0 0.0 0.0 0.0 0.0 5.282889547628181e-07 0.0 3.2873452854602684e-07 0.0 1.565560794659926e-06 5.140208563401733e-07 4.4679226470920777e-07 0.0 1.086324400293945e-07 0.0 5.460296822945146e-05 2.8021699895420044e-06 1.4388569007079606e-05 0.0 1.1228748697416562e-06 1.562878597092532e-06 4.035612465286235e-06 0.0 0.0 8.85974886005018e-07 1.844289312300605e-06 1.8550386809108523e-07 0.0 0.0 0.0 0.0 7.18932600104363e-07 1.3543169630736451e-07 6.341954077263599e-08 0.0 0.0 0.0 0.0 0.0 1.1121090460244374e-06 4.840811750504591e-07 8.220447674728868e-06 9.551083673471713e-06 9.052305462644671e-06 8.171136300087466e-08 0.0 4.694684537288781e-07 0.0 2.7696901693256293e-06 1.6670889408507416e-07 2.462159687839556e-07 5.943082132976998e-07 2.1586758424769897e-07 2.4723160446568365e-07 5.917667277002149e-07 2.2615195347509068e-06 5.615572620946255e-07 8.737729891660062e-08 1.4492110078135303e-06 1.091902526462978e-06 1.8528329059750572e-06 2.450829450170451e-06 0.0 2.579118086676883e-07 1.3876862642864734e-05 0.0 3.940765731815978e-06 1.9960226215845152e-06 5.660041961203787e-08 5.293729718166641e-08 5.52913625152573e-07 8.92229037144598e-08 0.0 5.566103349150815e-08 0.0 4.917726362819427e-08 0.0 1.3786388821918346e-06 1.2887108676867124e-07 0.0 1.595250776699505e-05 4.1520226480493887e-07 0.0 7.705676628170498e-07 2.6702592057129512e-06 2.2391427151946112e-07 7.577343680141524e-06 2.7000537416108315e-06 3.685570525128995e-07 0.0 1.0740971368672723e-05 1.0738233079995867e-06 2.963723718014514e-06 5.920941631453508e-06 1.8795409706981425e-06 2.067077956150891e-06 9.102138343127981e-06 1.1020309247295412e-05 3.48870350537208e-06 1.2159716786194967e-05 2.631753396709192e-07 0.0 0.0 0.0 0.0 0.0 0.0 0.0 0.0 0.0 0.0 0.0 6.422473644151358e-08 0.0 0.0 0.0 0.0 2.105573547857195e-07 0.0 1.2912393934689141e-06 0.0 0.0 0.0 0.0 4.339893324157592e-06 6.630532924559731e-07 5.074739714955287e-06 1.6680389792887955e-06 7.349652723256894e-08 0.0 0.0 0.0 0.0 0.0 0.0 0.0 2.553575977874793e-07 1.1955492393054259e-07 0.0 0.0 0.0 6.631832159281623e-07 0.0 0.0 0.0 0.0 9.476475677527534e-08 1.4850890648486612e-07 1.363000795870105e-07 0.0 0.0 1.1042523664402858e-05 0.0 0.0 0.0 0.0 0.0 0.0 0.0 0.0 0.0 7.151430608418395e-06 4.00303712601098e-07 0.0 0.0 0.0 7.487424381168923e-06 0.0 2.5590773702863755e-06 0.0 2.0064053136697024e-07 7.624811617519845e-07 4.887339265279781e-08 5.450378175468332e-08 0.0 0.0 0.0 0.0 0.0 0.0 0.0 0.0 1.3294194700365387e-05 5.252270603305492e-06 6.565824029694953e-06 4.420840519556303e-05 7.408589469218931e-07 3.463053490030927e-05 3.90298190859879e-06 0.00015120148212934969 7.667338649909492e-06 3.3142650839080627e-07 8.74287738957106e-06 3.809107252061579e-06 0.0 4.867742027261882e-07 2.2675358320477007e-07 3.070813058636706e-05 2.645724879534641e-07 0.0 0.0 2.787966304351889e-07 0.0 6.713582600324471e-05 7.749302899533636e-06
5.406151026392817e-05 7.690080556465342e-05 1.9644576220944927e-06 0.00022333632512970035 4.579436266651368e-06 0.0 5.573429859562939e-05 1.1673354036798712e-06 2.870222902593766e-06 0.00033592925934232995 4.747354951549295e-06 5.73398802607111e-05 8.534964852402146e-05 1.7094712144490018e-05 8.456078228292536e-08 0.0 1.0887648250551461e-07 0.0 0.0 0.0 0.0 0.0 0.0 0.0 7.405205920947384e-08 0.0 0.0 0.0 0.0 0.0 6.6003100149426065e-06 3.790364060574953e-07 3.6755205825427987e-05 0.0 0.0 0.0 2.238518138345412e-05 6.542374632221242e-07 1.8732116329594463e-06 0.0 0.0 0.0 0.0 4.181499380981304e-07 0.0 0.0 0.0 0.0 0.0 0.0 0.0 0.0 2.854951905120467e-07 0.0 6.810176391415742e-08 1.9283105108206456e-07 8.578889273659352e-06 1.4905341127043056e-06 1.5292055849160374e-07 0.0 1.939581842989578e-07 2.989836739590048e-06 0.0 7.328654720615698e-07 1.3403261880538167e-07 0.0 4.601775825793029e-08 0.0 0.0 0.0 0.00012175123587098681 9.776135826986565e-05 2.060222478660845e-06 0.0 4.822642475321278e-07 1.293130179829454e-07 9.97382534675416e-07 4.0167374589358133e-07 0.0 1.024050671365145e-05 0.0 4.723461977350614e-06 1.1869417430741785e-07 2.900282774254466e-07 7.82888066688518e-08 0.0 0.0 6.774588723516642e-08 6.367172379822764e-08 2.1032717999285347e-07 0.0 0.0 0.0 0.0 0.0 0.00016699007589650455 0.00010797597338715687 1.2606618585174853e-05 2.394956859231932e-05 7.452370513535453e-05 0.0 1.0020880567352947e-05 4.738123349047081e-06 1.0965087572725594e-06 0.0 3.1562472136903336e-06 1.6844538450119166e-07 2.1281008540952187e-06 4.1985755226032305e-06 1.5102584711520346e-06 3.6362732943140244e-07 4.915131683724419e-06 3.9852863098721136e-06 1.4341062787935183e-06 4.461362219126978e-06 3.498561449770139e-07 8.917520281816016e-08 0.0 0.0 0.0 0.0 1.443510830144172e-07 1.47922174112031e-07 1.13565673533712e-07 0.0 2.3610771762077787e-07 0.0 2.001049687026399e-07 1.0640593165881566e-07 4.3297856177151967e-07 3.9532522187843564e-07 1.2974638913708978e-06 1.2010445338704717e-06 8.214304135953182e-07 1.1916018218027783e-06 0.0 0.0 0.0 0.0 1.4727215955884725e-06 7.440409031105185e-07 3.4089155438885963e-06 4.866326063415642e-06 1.530798620844417e-06 2.483257669441036e-07 0.0 0.0 0.0 0.0 0.0 0.0 1.4847477064916364e-07 1.3105257245346434e-07 0.0 0.0 0.0 7.92426589089397e-06 4.076695178086689e-07 0.0 0.0 0.0 0.0 3.283077852063477e-07 0.0 0.0 0.0 3.7943625532165245e-06 1.036320242952371e-07 0.0 0.0 0.0 0.0 0.0 0.0 0.0 0.0 2.2064538243329074e-06 2.6662502778856112e-05 0.0 0.0 0.0 1.6922387069436801e-06 0.0 3.049867451325777e-07 7.047364086077898e-07 0.0 5.840641715655717e-07 5.193618738747127e-08 4.366833175139191e-07 0.0 0.0 0.0 0.0 0.0 3.1569410971804234e-07 0.0 0.0 4.787193416164621e-06 1.538415801075086e-05 7.58556333517564e-06 5.1314724116872296e-05 2.4074606804260995e-07 4.628040344053409e-06 3.0359975059672968e-06 2.430145822537075e-05 4.0806186051782077e-07 0.0 2.3533072789664006e-06 8.261323109923236e-06 3.7457391722717547e-07 7.279417409086799e-07 2.3048870334800995e-07 5.411456915489341e-05 3.183488972382843e-07 0.0 7.098224741194266e-07 2.4326437274457346e-07 9.781761413845164e-08 8.804231689965273e-05 1.1166017191951165e-05
0.00022486734307253255 0.0015069928746230684 8.992707451375619e-05 0.0004914729740538443 0.000945768010115112 5.573429859562939e-05 0.0 8.260818112147257e-06 0.0003110857933617239 0.0013449834334550948 5.6770780488256714e-05 6.889670361040465e-05 0.0014396917807921342 0.0006672454298404268 0.0 5.8135109892160344e-08 0.0 0.0 0.0 3.380583174751103e-07 6.882613663693373e-08 0.0 1.6781598233372848e-07 2.176071084559522e-07 3.128020297200433e-06 4.6739119885270035e-07 1.306905252984984e-06 1.0969441858824922e-07 7.561399309428705e-08 0.0 3.9251844931603545e-05 2.237518251903308e-06 3.036233745318208e-05 0.0 8.420896831310375e-07 4.1885853737147054e-06 7.511875247801232e-06 4.823565323113607e-08 2.2623729382090343e-07 9.841028850715567e-07 1.2239186683700443e-06 3.164108450015142e-07 3.0078364931265106e-07 0.0 0.0 0.0 1.3033855926079165e-06 3.5153769424976454e-07 0.0 1.5938388241165832e-07 0.0 0.0 0.0 0.0 2.0097481251488393e-06 9.532782140838972e-07 1.878008574297759e-05 2.9907543535235243e-05 2.000888696312248e-05 2.534935065280644e-07 0.0 7.759165636718023e-07 0.0 5.7314580408911425e-06 6.210970896185368e-07 6.592341831770837e-07 1.3521769442584191e-06 1.0995414448356506e-07 3.811682994543829e-07 2.090348322060757e-06 1.0808990834355326e-05 1.7398940887957064e-07 0.0 2.7962955617467825e-06 3.872461104803744e-06 2.828613637718592e-06 7.391785952783072e-06 0.0 4.964204814896361e-07 2.25923003244806e-05 0.0 4.09871841333062e-06 2.1163652685082803e-06 0.0 4.417745313935072e-08 1.2156498295886081e-06 0.0 0.0 4.57846366769424e-08 4.1263420137260854e-08 5.401232634260153e-08 0.0 2.224602952412834e-06 0.0 0.0 8.968564485139386e-05 2.450974073538201e-06 0.0 4.900579384799079e-07 1.500258595214759e-05 1.8399603103242599e-06 4.690597370156274e-05 0.0001023874272845384 7.049045566125714e-05 3.639106220661272e-07 7.337556523054994e-05 1.524378065827911e-05 2.742533428307525e-05 4.1095974141387495e-05 1.6768857932999314e-05 8.774429451942499e-06 9.692696290018465e-05 5.449104735923439e-05 1.736083827446749e-05 5.367031797102387e-05 3.4059459418011266e-07 1.799699815717136e-07 0.0 0.0 0.0 0.0 0.0 9.239134780145302e-08 0.0 0.0 0.0 0.0 0.0 0.0 0.0 0.0 0.0 0.0 0.0 6.963061028597967e-06 0.0 0.0 0.0 0.0 1.263873842439245e-05 2.189514808602406e-06 1.8171323182143037e-05 3.3618279426655143e-06 3.55158434377032e-07 1.3724309717942348e-07 0.0 0.0 0.0 1.1195361398856041e-07 0.0 0.0 5.9621506513854e-07 6.091808231742751e-07 1.1066244794325799e-07 0.0 0.0 1.3983257873029845e-07 0.0 0.0 2.0073997317203958e-07 0.0 5.549246548430635e-07 1.9758662125522607e-06 1.090396006569433e-06 0.0 0.0 3.604133316315162e-05 4.228158120506109e-07 0.0 0.0 0.0 0.0 0.0 0.0 0.0 0.0 2.621314530293312e-05 6.11506304284805e-07 0.0 0.0 6.805366204283735e-08 2.822729829377561e-05 0.0 8.63088112848457e-06 3.9998825798695065e-06 2.1192051060004558e-06 2.1936323151693842e-06 7.53321727187883e-07 1.2735977635846702e-06 0.0 0.0 0.0 0.0 0.0 0.0 0.0 0.0 4.07152140609834e-05 2.2558900781050824e-05 1.8535943189544856e-05 0.00012867959946810393 1.006573124242049e-06 5.9915084581524786e-05 9.460902273015937e-06 0.0003595964442308574 1.347161013817197e-05 0.0 1.930306541775702e-05 1.8395598002078753e-05 0.0 1.1124874680913703e-06 8.310536400778736e-08 0.00012514649747022105 5.970427418880446e-07 8.87745833793411e-08 1.0031549218935027e-06 2.8811002427600656e-06 0.0 0.00036212679115838056 4.7784084703294693e-05
4.542753748185582e-05 0.00010152048811642852 0.0018526403638264772 1.5329017802200287e-07 0.00019876694408094115 1.1673354036798712e-06 8.260818112147257e-06 0.0 4.618571293222769e-05 7.397283789378436e-07 0.0012971839752333365 5.59015731103742e-06 1.1419305841854404e-05 0.0007679942632848031 8.088775728266233e-07 3.1723043416051235e-07 2.723117238455199e-06 1.522239816598671e-06 1.3274119174803765e-07 7.629873567788503e-06 3.2021891157965197e-06 5.877089664112823e-07 2.3467883178708679e-07 1.9600957250353385e-07 1.41284802028908e-05 6.127551387162982e-06 6.90416411156037e-06 2.548988937124444e-06 9.912915274101905e-07 3.8889039366431484e-07 0.0014718579507403441 0.0011182139127869743 6.339285378179817e-05 2.3540505050807035e-07 9.08496617933701e-06 3.0068503461313093e-05 1.814219793029602e-05 7.553572201374038e-06 7.298377842030491e-06 9.891920244728314e-06 1.3886198593441846e-05 8.523030850757073e-06 4.696951105333572e-06 3.0680939626670305e-05 1.1532071698836967e-06 2.166168779084461e-05 4.679609257236072e-06 3.0767049893698492e-06 2.906798739385695e-06 5.6394094208142405e-06 1.5346627225468267e-06 8.804512054347517e-07 6.059684382774947e-07 4.0189108192022677e-07 3.918360231197371e-06 1.132021726551578e-06 2.38300367131041e-05 4.0806696651859994e-05 3.659348627108783e-05 5.114894178148986e-07 7.258524554200872e-05 2.4511122438560704e-05 7.654869711272435e-06 0.0002643373937191214 1.6851801242574314e-06 5.882598334599306e-06 2.55046567138298e-06 7.121366942626135e-06 1.1455147289113607e-05 3.4980782767618993e-05 2.2103905059185215e-05 7.096722976259219e-08 2.1770624763836466e-07 7.670286088670128e-06 2.1166302702513415e-05 1.348052003009316e-05 0.00019999330830730922 0.0002706763908741868 0.0006384888535264759 0.0007585106018322868 8.337347188871329e-05 0.0003132467283579906 4.1795681301887486e-06 5.728489910306343e-08 1.4327759495936252e-06 1.9984498633462234e-06 3.5692138914449855e-06 0.0 8.805438684923056e-08 0.0 7.230178887067279e-07 1.0856340423578087e-07 2.299691691683599e-05 1.3188086768802423e-06 2.266608634054679e-07 8.787597119814942e-06 3.0600732188573686e-06 6.791869385095692e-07 1.031619004516201e-05 4.631821218850986e-05 0.0 4.4225509617272245e-07 6.897208549192108e-07 1.3018509704178917e-07 0.0 8.575053569310516e-07 1.0720708731522317e-07 9.174464318357958e-07 2.4315473255596534e-07 2.0290563925744134e-07 0.0 6.570040092895726e-07 1.5810677129737895e-06 0.0 1.7618095601115023e-06 6.092387981097775e-08 0.0 0.0 0.0 0.0 0.0 0.0 0.0 0.0 7.088675483254635e-08 1.1482674753856533e-07 0.0 0.0 0.0 0.0 0.0 0.0 0.0 6.638554543327153e-08 2.4019408431635757e-07 0.0 0.0 0.0 0.0 2.4934804897593464e-07 2.438234151442988e-07 4.961652419752094e-07 1.0582901560841497e-06 5.811348674676561e-07 0.0 0.0 0.0 0.0 0.0 0.0 0.0 0.0 6.36115624140287e-08 0.0 0.0 0.0 1.7883735348392708e-06 1.284379278286651e-07 0.0 0.0 0.0 0.0 0.0 0.0 0.0 0.0 3.2188406929618963e-06 6.125409030587733e-08 0.0 0.0 0.0 0.0 0.0 0.0 0.0 0.0 2.0348277584410328e-06 8.737717332819801e-07 0.0 0.0 2.273413709741212e-07 7.570585798458338e-07 0.0 7.204219385965605e-07 0.0 2.1414694747602173e-07 0.0 0.0 0.0 0.0 0.0 0.0 0.0 2.6264889729691237e-07 0.0 0.0 0.0 1.3471136284050174e-06 1.2158420101068958e-06 2.9510422928788868e-06 8.545256428966391e-05 8.677966864795526e-06 0.00011109471632152661 2.0372711405821483e-05 0.00022677226783498979 2.6957462455136017e-05 9.575880108698762e-07 1.6146840847806992e-05 1.1994923973941765e-06 0.0 1.6614855419070712e-07 1.3143915927968129e-06 6.372902010242212e-07 0.0 0.0 0.0 3.443155303994219e-06 0.0 3.896590392495887e-05 3.435884900579247e-06
9.499957924690652e-06 0.00046136804242803025 0.00037751692359101806 3.71709967518252e-06 0.0017082110331658555 2.870222902593766e-06 0.0003110857933617239 4.618571293222769e-05 0.0 7.99029679434869e-05 0.00045463011011080516 3.604823801352814e-05 0.0007516160204260349 0.0008426879281889587 0.0 0.0 0.0 0.0 0.0 8.261824744804942e-08 6.511327590322483e-07 4.3337746382676063e-07 1.7445103704602815e-07 7.244315072273762e-08 3.196024919241714e-06 8.200274625233266e-07 1.898300813996466e-06 3.5152478361066295e-07 8.20280803080581e-08 7.281493022235068e-08 1.626695956153019e-05 9.8349515068633e-07 4.163046640668353e-05 0.0 2.123300059613926e-06 4.41906801704401e-06 1.7596867643082393e-05 6.470257686025982e-07 8.173022471452489e-07 1.212096407871376e-06 2.231819799183094e-06 7.469262815297794e-07 6.676584376067729e-08 0.0 0.0 5.989321513154952e-08 3.7621410933107255e-07 0.0 1.631397586863808e-07 3.4068709836077174e-07 0.0 0.0 3.204740724121879e-07 0.0 2.8527573990958593e-07 1.380594520587756e-07 2.233716535861626e-06 2.0444969041289954e-06 3.105503242304913e-06 9.583655543934764e-08 0.0 6.252983772680883e-07 5.892820443754373e-08 1.8002993187660937e-06 1.6933660444308666e-07 0.0 3.7169356612680267e-07 2.638900209031071e-07 1.2748897088833141e-06 1.2630433520555878e-06 1.0773621183383852e-05 4.125004156787601e-07 6.087758611003285e-08 7.300733203345612e-07 9.744054933413522e-07 1.003496741750079e-06 3.027583809285552e-06 1.9098058919056163e-07 9.713374745830632e-08 1.1769832420848377e-05 0.0 1.9050602012273688e-06 4.589041048282984e-07 0.0 0.0 1.3229484602575547e-07 0.0 0.0 5.5125308167499704e-08 0.0 1.2282854452195412e-07 0.0 2.056875748218301e-06 5.175346382721296e-08 2.6722464265659065e-07 1.937384250213869e-05 1.497016263536405e-06 2.4392169185213904e-07 8.130789512629716e-07 1.5814699249643413e-06 0.0 6.965226236966601e-06 1.4418948327216973e-06 1.2229390031738765e-06 0.0 5.2181252236409996e-06 9.845750445064755e-07 2.1024249331197972e-06 5.9605721413445525e-06 9.3789913114589e-07 2.1744358705983316e-06 4.973385580574993e-06 6.758777756436573e-06 3.077761267274404e-06 1.0464883823827997e-05 0.0 2.2347786695145927e-07 0.0 0.0 0.0 0.0 0.0 0.0 0.0 0.0 0.0 0.0 0.0 0.0 0.0 9.52873482759727e-08 2.180864438306237e-07 2.5313965363809174e-07 0.0 8.845336985603227e-07 0.0 0.0 0.0 0.0 1.7461105974595468e-06 4.2872028271010066e-07 3.110165473437161e-06 6.528776964032773e-07 2.2464414440902713e-07 0.0 0.0 0.0 0.0 0.0 0.0 0.0 1.1636122976561122e-07 0.0 0.0 0.0 0.0 9.127798580684207e-07 1.2711041301948133e-07 0.0 0.0 0.0 5.564783800883072e-07 0.0 2.6072998216041027e-07 0.0 0.0 7.853545014888044e-06 3.0839178717833034e-07 0.0 0.0 0.0 0.0 0.0 0.0 0.0 0.0 8.23450657767434e-06 1.027328937970897e-06 0.0 0.0 0.0 6.157865102491104e-06 0.0 1.2680151548175315e-06 4.6245114877303534e-08 6.404798211316337e-07 2.5260459786671177e-07 5.505791031901671e-08 0.0 0.0 0.0 0.0 0.0 0.0 0.0 0.0 0.0 8.668811712342023e-06 7.422462463500679e-06 4.597251382539268e-06 4.1907125318235685e-05 1.8159063181753896e-07 1.736040326952928e-05 3.8389680888008115e-06 7.279765387692723e-05 4.528432278096325e-06 7.390692894877347e-08 7.306484372932666e-06 3.5346090208865522e-06 0.0 4.41931516896793e-07 1.398748021565075e-07 2.001687279297794e-05 1.3832892996921123e-07 0.0 4.823985060738778e-07 1.984030574644173e-06 0.0 4.1215371739364264e-05 1.0954777854311341e-05
0.0006366535385155465 0.000752570269427123 4.797127095665362e-06 0.0008445642931537862 6.0320873972856e-05 0.00033592925934232995 0.0013449834334550948 7.397283789378436e-07 7.99029679434869e-05 0.0 8.23328537798732e-06 0.00048051260937674524 0.003118201552649962 0.00019740556484318484 0.0 0.0 0.0 0.0 0.0 0.0 0.0 0.0 0.0 0.0 3.493054247003543e-07 0.0 1.8382550013901566e-07 0.0 5.417851611399813e-07 0.0 4.472416114647231e-05 0.0 1.8775452022682413e-05 0.0 0.0 4.514312203763537e-07 1.1278444724368842e-05 0.0 7.464370995704079e-07 1.45721267618229e-07 0.0 1.1585282748474095e-07 0.0 9.663372404224999e-08 0.0 0.0 6.367495732131704e-07 5.8725008454543635e-08 1.2628377653535977e-07 0.0 4.1115819719123244e-08 1.1768389882950077e-06 0.0 0.0 1.2316722655985633e-06 1.7317477176207499e-06 2.31701910770659e-05 4.862374378176975e-05 1.2702510917752654e-05 9.54355879844731e-08 0.0 1.9617710440641393e-07 0.0 1.9732870012578055e-06 4.054284230260257e-07 3.279021044035914e-07 8.854571969913631e-07 0.0 0.0 0.0 2.43024716254276e-05 8.923726921198457e-07 0.0 6.731198838276403e-07 8.650349642172557e-07 4.5316619011362007e-07 1.5236681085353975e-06 0.0 0.0 2.9650492657764275e-06 0.0 4.63353360726387e-06 1.3644086834741877e-06 0.0 2.2880015592631766e-07 8.714153884432256e-07 0.0 0.0 9.946144149701512e-08 0.0 0.0 0.0 3.725705249759896e-07 0.0 0.0 0.00017126176906277383 1.5163412342195282e-05 6.156722531735923e-07 2.4717040659888464e-07 0.00015620990258079912 2.742108531344331e-07 4.0873827572028436e-05 2.472889841045923e-05 6.347277007420211e-05 1.1413159303331628e-07 3.4998293777998936e-05 4.465552862024572e-06 2.139089535189458e-05 6.118293525336272e-05 1.7466481112834578e-05 5.03775651023929e-06 4.1566275870385036e-05 4.311820571214701e-05 1.818136897955539e-05 2.4306579069791237e-05 9.550593262107803e-08 0.0 0.0 0.0 0.0 0.0 0.0 0.0 0.0 8.781063943020097e-08 0.0 0.0 0.0 0.0 0.0 0.0 1.4306687350744106e-07 6.821777430969409e-08 1.3059411047655502e-07 6.429805585883617e-07 0.0 0.0 0.0 0.0 5.705136610657346e-06 8.965056248767619e-07 8.41871347314789e-06 2.3397481497732935e-06 2.9343456400687594e-07 0.0 0.0 0.0 0.0 0.0 0.0 0.0 8.178251261374706e-07 0.0 0.0 0.0 0.0 7.316236297265648e-07 0.0 0.0 0.0 0.0 3.1813688737040094e-07 7.090473175320331e-07 1.441648755108209e-06 0.0 0.0 1.3114604907420365e-05 3.999513539104939e-07 0.0 0.0 0.0 0.0 0.0 0.0 0.0 0.0 1.275737340570817e-05 9.510909293924405e-07 0.0 0.0 2.764119336362629e-07 1.3295053793129465e-05 0.0 1.9867372241222475e-06 9.70030912610089e-07 6.668070541548801e-07 9.980906868237807e-07 2.5623439775977127e-07 4.2470174888307327e-07 0.0 0.0 0.0 0.0 0.0 0.0 0.0 0.0 2.4475042868881102e-05 7.179066328851275e-06 4.973974919285461e-06 0.00025312263591399095 2.9444177543039154e-07 1.318969304068926e-05 2.8823226188926635e-06 0.00044344452965779487 6.186149577810356e-06 0.0 2.813361035920051e-06 2.2018458806790877e-05 0.0 1.077043538388748e-06 6.000078992052409e-08 0.00017778988260228694 0.0 2.2379859400884703e-07 4.6213420449885923e-07 5.670017084877391e-07 0.0 0.0005736033373700488 2.3589570987125315e-05
5.308762145716295e-05 0.0003028404187987062 0.0008162445495318928 1.5253648797277923e-06 0.0003624674118235026 4.747354951549295e-06 5.6770780488256714e-05 0.0012971839752333365 0.00045463011011080516 8.23328537798732e-06 0.0 0.0001127214079407186 0.000681396168488239 0.0017493389135969997 8.464878116877931e-07 3.5258537010529577e-07 1.7055734263055354e-07 0.0 0.0 1.7419020960424107e-06 1.3477134870355967e-06 3.6232506318704355e-06 6.11569416239909e-07 4.978481114393009e-07 2.148617889847343e-05 5.604637336106717e-06 8.14026403412144e-06 1.3534954182157267e-06 2.4430894217853126e-06 6.234920226288338e-07 0.00045027079726000217 4.18459424993483e-05 0.0002182844285909468 2.4054982481515297e-07 9.159053948020006e-06 2.653639417544572e-05 0.00010152306802375511 6.930323797549601e-06 4.2121422173627605e-06 1.2151093099651572e-05 7.754795077085316e-06 4.63015389095172e-06 1.578128660643538e-07 4.990291039235624e-07 0.0 2.6606265865796804e-07 2.847522575634422e-06 2.8185874426888426e-07 3.8363610778325335e-07 1.2666779371694098e-06 1.6825733856495444e-07 0.0 1.3178572425951834e-06 3.095099703301446e-07 9.83002564222068e-07 7.666361330038917e-07 8.721547175342642e-06 1.1690373996524383e-05 1.2709692183664029e-05 4.642154842563742e-07 1.2813768227269873e-06 2.1406498697135295e-05 4.3779000478755304e-07 5.901900719796986e-06 5.36996554786197e-07 1.1503524320084503e-06 1.1071313648173824e-06 1.4101591200081133e-06 3.7916078850883607e-06 8.036239466629539e-06 7.03137537698478e-05 2.5890305296326733e-06 6.50294751501792e-07 2.9138074271613813e-06 3.568833358585021e-06 3.684144680653006e-06 1.1435775179655771e-05 1.4006940970850375e-06 5.7031915129868426e-05 0.00015389203379189315 3.214355348555411e-07 3.682993606201166e-05 1.9048310288720533e-06 4.328944364556745e-07 5.4034402665425035e-08 6.55081345414908e-07 4.518115981422069e-07 2.2918851158196434e-07 1.523817918098931e-07 4.449293196331061e-07 5.5046055076431253e-08 0.0 9.935430774273525e-06 2.682591884715941e-07 1.9000962439578052e-07 4.6908336344735536e-05 8.441861189877686e-06 3.0125794223730137e-06 9.604830452215636e-06 1.5209951613860699e-05 3.5557741544556067e-07 5.4779006545029865e-06 1.7069777164827838e-06 5.715922747920409e-08 0.0 5.4288103873230915e-06 4.909497825810328e-07 1.1576646351779107e-06 5.922768798965989e-06 1.9143254969796493e-06 1.8873057536166185e-06 5.174603693762206e-06 7.134693199901949e-06 3.154806881154644e-06 9.33487489352667e-06 0.0 0.0 0.0 0.0 0.0 0.0 0.0 0.0 0.0 0.0 6.649854473337164e-08 0.0 0.0 5.951394950396057e-08 6.145492696698825e-07 9.651548180461846e-08 9.131843132494164e-07 1.0195218937983803e-06 3.9166382061442556e-07 9.38042846645669e-07 0.0 0.0 0.0 0.0 4.078530743377904e-06 1.9060461836715e-07 5.4017480611694465e-06 3.9876089614608015e-06 2.0944584786799552e-06 5.8581013028806784e-08 0.0 0.0 0.0 0.0 0.0 0.0 2.824753492807422e-07 1.2327781811844222e-06 0.0 0.0 1.7689616758954438e-07 5.260264044120763e-06 7.215129084059501e-07 0.0 0.0 0.0 0.0 3.084774369558098e-07 7.407423388466088e-08 0.0 0.0 7.895964184997193e-06 2.3769336955632854e-07 0.0 0.0 7.794200866956888e-08 0.0 0.0 0.0 0.0 0.0 5.721908578681218e-06 2.0803617819474163e-06 1.1426302205322383e-07 0.0 1.8472114215448522e-07 5.520294147079696e-06 0.0 3.169952816032181e-06 2.2153840751933438e-07 2.9683424963160086e-07 6.926264371836055e-07 8.369938202108823e-08 4.1763777194796453e-07 0.0 0.0 2.0293751298878313e-07 0.0 0.0 0.0 0.0 0.0 1.0590616380759313e-05 1.2416784996378609e-05 7.4896388792028055e-06 8.808977868622557e-05 1.9987366512726354e-06 4.6935810037215104e-05 1.0581661791471691e-05 0.00015591023796954732 1.1894648946562714e-05 2.1691995075441272e-07 1.555557246396709e-05 2.5430921719943565e-06 0.0 5.655588036594659e-07 6.50005928438012e-08 1.1025072270686331e-05 2.179158365249925e-07 0.0 2.7876740465209526e-07 4.7748092043059385e-06 0.0 3.79473686264155e-05 1.151620430019694e-05
