0.0 0.0009859962262440797 2.590505603732361e-05 0.00105107802896102 1.9969788459772566e-06 5.709959074339067e-05 0.00010477575812150001 3.729435819306007e-06 1.0230968029065186e-06 0.001409359502651816 5.235568565966299e-06 0.00019057600248953457 3.401925108904729e-05 1.865314878335197e-06 0.0 0.0 0.0 0.0 0.0 0.0 0.0 0.0 0.0 0.0 0.0 0.0 0.0 0.0 0.0 0.0 0.0001587315039872527 4.1743891033187167e-07 9.974280510699823e-07 0.0 0.0 0.0 2.3084839525796138e-07 0.0 0.0 0.0 0.0 0.0 0.0 7.86677041126285e-08 0.0 3.861552366391551e-07 2.301066728012748e-06 9.320742252157625e-08 0.0 7.6763473102454e-08 0.0 0.0 0.0 0.0 1.891898889376871e-05 3.9328043666735294e-05 0.00011799071306777909 0.0003919183980861861 4.4521868936893145e-05 6.047468542687341e-06 0.0 8.771652156556177e-08 0.0 4.6005279947651045e-06 8.381290263570502e-06 1.6222578568467826e-06 6.671773294897621e-07 0.0 0.0 0.0 3.9722818037065567e-07 3.04773913974584e-07 0.0 0.00015324951261649222 1.3278289417100649e-05 1.8811452345082164e-06 0.0 6.101727903026755e-08 0.0 5.082458918754543e-06 0.0 1.5756088502432668e-07 9.844005818063917e-06 4.144248261120467e-06 5.114865248500089e-07 1.1191320968171134e-05 1.4547875979710904e-07 3.4394695693520037e-07 1.6892029876905396e-06 0.0 3.06161811145699e-07 3.866208897688211e-07 0.0 0.0 6.755751159502565e-08 5.573949065408637e-06 1.1892771956057609e-06 0.0 6.040278113704507e-07 0.0005743609656914009 4.4722774323444377e-07 9.053998585079234e-06 2.326409962778396e-05 2.1357283326676345e-05 0.0 1.476155413327082e-05 8.956080336687132e-06 3.4829277383329294e-06 1.5649308066311954e-05 5.775348976638603e-06 9.309313937212949e-07 1.4412838776643836e-06 2.067000707657042e-05 1.6827169591562024e-06 1.8981731970234973e-06 0.0 0.0 0.0 0.0 0.0 0.0 0.0 0.0 0.0 0.0 0.0 0.0 0.0 0.0 0.0 0.0 0.0 0.0 0.0 0.0 0.0 0.0 0.0 0.0 1.4736976437824672e-06 0.0 0.0 0.0 0.0 0.0 0.0 0.0 0.0 0.0 0.0 0.0 6.847994459670861e-08 0.0 0.0 0.0 0.0 0.0 0.0 0.0 0.0 0.0 0.0 0.0 1.8985323316946602e-06 0.0 0.0 0.0 0.0 0.0 0.0 2.402869983066604e-07 7.158086864134736e-08 0.0 0.0 0.0 0.0 5.846577383267048e-06 0.0 0.0 0.0 0.0 1.7370198472728248e-06 0.0 0.0 0.0 3.9247768072435937e-07 0.0 0.0 0.0 0.0 0.0 0.0 0.0 6.958524386472267e-08 0.0 0.0 0.0 7.38995280237876e-07 0.0 0.0 0.00018410797981841632 7.315756999667611e-06 9.618516761773808e-05 8.56050216101533e-06 0.00011973091201745664 5.41404428614997e-06 2.782571200247706e-06 2.818802970877949e-06 7.774524544384711e-06 4.884189011761873e-07 1.6459448409905119e-06 0.0 3.860930797448911e-05 0.0 0.0 0.0 0.0 0.0 0.00011751102444434156 1.1000138266696869e-05
0.0009859962262440797 0.0 0.0009082067052640767 0.00014507441922439546 0.0004691073346692872 7.659061968932231e-05 0.0017927594884691678 9.121132768668645e-05 0.0001721729462525654 0.00021727521060650956 0.00032203404032785413 0.00010639977292272797 0.00010191482232116484 0.0003356602959057478 2.373199829000919e-06 2.834184747265767e-07 1.6814059530535878e-07 5.697800995758511e-08 6.802540862746888e-08 0.0 0.0 0.0 0.0 0.0 0.0 0.0 5.852166547481346e-08 0.0 0.0 6.294822429350596e-08 0.0008993231992583972 9.585565386468995e-06 2.9529623890972607e-05 0.0 0.0 1.1972926682730707e-07 4.779971077182734e-06 0.0 1.5830199493492174e-07 5.097164910359285e-08 0.0 0.0 0.0 2.0890089635716978e-07 0.0 1.6320413123223008e-07 3.725891807526631e-05 6.724104650667439e-07 4.799417829108385e-07 0.0 6.341816760781513e-07 0.0 7.459081620671907e-08 0.0 6.83043716521443e-05 0.00011099472350818 0.00015584746794792002 0.0007932099003524906 6.040115918113094e-05 5.545199413407243e-05 2.3530959678619734e-07 2.7848062337039768e-06 0.0 4.496907642988919e-05 3.545101154413799e-05 7.696368635128862e-06 1.6143275619415632e-06 2.427564605530807e-07 1.34878885884454e-07 2.124225994126011e-07 2.1472634904525444e-06 3.0785891024617585e-07 0.0 0.00036108776939166725 0.0001856952970305442 5.45622537565727e-05 1.4815751821713903e-05 1.7241100683478985e-06 3.4107837130812375e-07 0.00013997021201413002 2.8055744750885507e-07 3.2980053012169104e-06 3.827043532811764e-05 9.212736267200068e-06 2.8720877727478332e-06 4.509501076106642e-05 1.1107349728984392e-06 2.5739474416302125e-06 8.502366486184922e-06 8.033968724868629e-08 8.460142865271977e-07 1.1921931039614084e-07 0.0 3.420711723135669e-07 1.3066333266025366e-07 5.089634160058576e-06 1.8736439462573059e-06 8.317583076560973e-08 7.591768552096742e-07 0.0005335071735838206 0.0 2.529281041230542e-06 3.3913607866790756e-05 4.284659351518723e-06 4.775432634222231e-07 1.8725459369176478e-05 1.651289573332282e-06 4.666016525646048e-06 1.2160273298560434e-05 2.3487467016522784e-06 2.2169386085285034e-06 3.4780740978923104e-06 2.0537501452489985e-05 6.978845823510502e-06 6.086383623435345e-06 3.5614313147357526e-07 0.0 0.0 0.0 0.0 0.0 0.0 0.0 0.0 0.0 0.0 0.0 0.0 0.0 0.0 0.0 0.0 0.0 0.0 8.707846269317825e-07 2.5990066116889446e-07 0.0 0.0 0.0 2.072268134005131e-06 0.0 2.227200546746233e-06 7.548303131766841e-07 0.0 0.0 0.0 0.0 0.0 0.0 0.0 0.0 7.274493296742747e-07 0.0 0.0 0.0 0.0 0.0 0.0 4.904964008474808e-07 1.0584138249179231e-06 6.785354968842801e-07 0.0 0.0 0.0 0.0 0.0 0.0 2.425381445595406e-07 0.0 4.6268955609132206e-07 2.5958768397152675e-07 1.32121204167975e-07 0.0 0.0 0.0 0.0 2.152952113492277e-05 0.0 0.0 0.0 0.0 2.3929010158814805e-06 0.0 0.0 4.371202603245478e-07 5.601345771977175e-07 0.0 0.0 1.6354479897720328e-07 0.0 0.0 6.435786763820257e-08 6.792670052529916e-08 4.664429007734531e-07 6.89584391489349e-08 0.0 0.0 2.0080737130325575e-06 1.1036251275820127e-06 1.6853636306719523e-06 0.00029313625767512293 1.4311694449545528e-05 0.00040455813062620675 6.607343210594707e-05 9.274711544303699e-05 1.4639397739162823e-05 8.13678962526201e-06 3.226995183418974e-05 5.713022175630893e-06 8.910758382059419e-08 4.951448958228606e-06 2.9799864715959385e-06 1.4051921407394583e-05 2.2451921159108238e-07 0.0 0.0 2.388997861163932e-07 0.0 0.00017655012029445168 4.424054623193047e-06
2.590505603732361e-05 0.0009082067052640767 0.0 1.1276273863646196e-05 0.00011774785933994561 8.458197440930815e-06 0.00012766094364989375 0.0011099444774670068 0.00022303952382127934 8.254615546830237e-06 0.0011384448367473827 4.982175148448333e-05 0.00011154433361053506 0.0004284897787604299 2.822406643308166e-06 5.236237870988022e-07 5.362006456483446e-08 5.544318045794721e-08 0.0 3.372355500185821e-07 1.8518204485733223e-07 0.0 1.1343019791036734e-06 1.3959328074139727e-06 9.287518437136955e-07 0.0 8.128669885912317e-07 0.0 1.3264928897157845e-07 8.510406759882928e-08 0.0016051682990939767 3.253389514996883e-05 0.00010514783708438713 7.348976067062404e-08 1.511042712997291e-07 2.0407203332721753e-07 1.8599471444152915e-05 1.6622589511089335e-06 2.9702233490289192e-06 1.1675304787634751e-06 5.295429467415336e-07 6.115774262011743e-07 0.0 1.706685683008637e-07 0.0 2.012711269572399e-07 6.723675041702387e-06 4.030407743148252e-07 1.3206807091221267e-07 1.7228785515169997e-07 3.70652395791497e-07 0.0 9.622972060656735e-07 0.0 1.0437302117162119e-05 1.335506262559182e-05 8.824943757057815e-05 0.00077541237023589 2.184556063758729e-05 5.490984807118223e-06 3.8225612448960965e-06 3.5735851255706945e-05 3.5148701746409873e-07 7.231491734420293e-06 3.9545463386456095e-06 7.393954901398774e-07 5.899465380455812e-07 0.0 1.1469229716778396e-06 3.6058940514333517e-07 1.6024529075714627e-05 2.686967285623357e-07 0.0 9.293651524959128e-05 5.3955192511454505e-05 9.3535676957019e-06 4.382223555355962e-06 1.6619373565375672e-06 2.7789653858745045e-05 0.0008967195926735713 1.9166817771346516e-06 9.915722658159225e-05 4.71043087671376e-06 1.4149161619227489e-06 2.1768501595249012e-07 5.559248045820048e-06 8.043487045515992e-07 1.1929181601254678e-07 9.830084956230922e-07 0.0 4.4035064181274764e-07 1.029038539360526e-07 2.049461869891458e-06 2.706843012709944e-06 1.5471546670925726e-07 1.7670768474216372e-05 1.5879344715961893e-05 0.0 9.287849916690555e-06 6.818612297141949e-05 2.043603433407216e-06 3.96591338717112e-06 3.207211215815622e-06 3.157322100208533e-06 3.2227558562416825e-06 2.9183856093540444e-05 2.240749093931755e-06 9.72987341558044e-06 2.9926091742602218e-05 4.5742191952497236e-06 1.0331840544740417e-05 5.045240850500239e-06 4.003571546172118e-05 1.4759787154313853e-05 1.0598624944559217e-05 5.86140536444944e-07 6.076952972463156e-07 0.0 7.252180399926373e-08 0.0 0.0 0.0 0.0 0.0 0.0 0.0 0.0 0.0 0.0 1.1075509654009695e-07 4.571398018957991e-08 1.2286233222039343e-06 0.0 0.0 3.7578022697947828e-06 9.762093599812265e-07 0.0 0.0 0.0 1.42980531189485e-05 4.969137502101479e-06 1.1463781749162188e-05 3.1196774345429024e-06 9.075841285846984e-07 0.0 0.0 1.6192292179649437e-07 0.0 0.0 6.107155234610758e-07 0.0 2.3212663644335669e-07 2.262186065584007e-06 0.0 0.0 0.0 1.794575851155786e-07 1.9445289845841e-07 1.2454150923002161e-07 2.497630863417541e-07 3.398048186985314e-07 1.605863194555329e-06 9.76331459785681e-07 0.0 0.0 0.0 4.517252530779514e-06 9.266616167833161e-08 0.0 1.1971244149314927e-07 8.322796804347268e-08 0.0 0.0 8.068472076239629e-08 9.212243647870357e-08 0.0 4.351808847973087e-05 0.0 0.0 0.0 5.226619519516851e-07 1.9188138827705303e-05 0.0 0.0 2.450813170438577e-06 6.074564790674004e-07 1.8907671329204444e-06 0.0 1.1224529008948948e-06 0.0 0.0 0.0 0.0 9.772936689165947e-08 0.0 0.0 0.0 9.550563160397212e-06 7.786781383031507e-06 7.907211704136498e-06 5.7850154177019604e-05 3.141715630419282e-06 4.5555764305398234e-05 1.014412286612476e-05 1.1933402287898564e-05 2.3595276112789986e-06 1.066131413586546e-06 5.478364979798829e-06 1.4411312800718492e-05 0.0 1.0626539878505826e-05 2.5736025222799773e-06 2.2705547521684848e-05 1.0046746051789452e-06 0.0 7.168752645802298e-07 0.0 6.480988020098579e-08 4.8596446618919934e-05 1.3431700963716063e-05
0.00105107802896102 0.00014507441922439546 1.1276273863646196e-05 0.0 1.1465388966178085e-05 0.00045153558390464705 5.9536957298879856e-05 3.207519543803902e-07 3.4326209969889507e-06 0.00039211509955631416 4.600506161984749e-07 0.00017199843820914584 3.373298094457123e-05 5.776752951176286e-07 1.3493081451872535e-07 0.0 0.0 0.0 0.0 0.0 0.0 0.0 0.0 0.0 0.0 0.0 0.0 0.0 0.0 0.0 1.0838191201293829e-05 4.2866900599121037e-07 2.6904929292869986e-07 0.0 0.0 0.0 0.0 0.0 0.0 0.0 0.0 0.0 0.0 0.0 0.0 0.0 1.3704395169646022e-06 0.0 0.0 0.0 0.0 0.0 0.0 0.0 8.191007036429506e-06 1.5509545802370073e-05 1.760555293969665e-05 4.072843212497063e-05 7.1570639830220635e-06 4.878551666624606e-06 5.6989481418449826e-08 0.0 0.0 3.694488946772732e-06 3.7494960345676e-06 9.423266878650977e-07 2.414000764376356e-07 1.1069973119157197e-07 6.296045946864925e-08 0.0 1.5099656790309277e-07 4.002776757383085e-07 0.0 3.9755068061267656e-05 1.2197562994553392e-05 2.9229478250866377e-06 3.078011632113698e-07 1.0946104568180089e-07 0.0 2.792014924906077e-07 5.3370814206340656e-08 6.121738791793966e-08 3.773668449678807e-06 6.421673993186404e-07 2.648817985906481e-07 5.1839581367920965e-06 2.121707311675338e-07 2.011178723342254e-07 7.963726733964394e-07 0.0 5.841980803541255e-08 0.0 0.0 0.0 0.0 3.3931016017296586e-07 6.193678314832546e-08 0.0 1.8875681030843813e-07 0.00021167236975754196 0.0 3.991352820017164e-06 2.9164128952184426e-06 6.213163051701876e-06 0.0 6.009402861810625e-06 8.77079774136535e-07 3.525343303476772e-06 8.343499531644086e-06 3.8698685613977275e-06 6.645325554496942e-07 7.329852818993821e-07 8.233908776571747e-06 1.3532508792004557e-06 0.0 0.0 0.0 0.0 0.0 0.0 0.0 0.0 0.0 0.0 0.0 0.0 0.0 0.0 0.0 0.0 0.0 0.0 0.0 0.0 0.0 0.0 0.0 0.0 0.0 1.8893780271911667e-07 0.0 0.0 0.0 0.0 0.0 0.0 0.0 0.0 0.0 0.0 0.0 0.0 5.946692329807974e-08 0.0 0.0 0.0 0.0 0.0 0.0 0.0 0.0 1.1507199543639812e-07 0.0 1.2955745863819488e-07 0.0 0.0 0.0 0.0 0.0 0.0 0.0 8.419488543354668e-08 0.0 0.0 0.0 0.0 1.2665860315632036e-06 0.0 0.0 0.0 0.0 9.37169144255009e-08 0.0 0.0 0.0 0.0 3.3393066702150607e-07 0.0 0.0 0.0 0.0 0.0 0.0 0.0 0.0 0.0 0.0 3.5728344349825747e-07 0.0 0.0 5.03036093989624e-05 1.826759420405624e-06 5.171188725008567e-05 7.141892432767771e-06 0.00016613246399488495 1.853881925991452e-06 2.530651664286943e-07 2.387028060952603e-06 1.7235834204294064e-06 0.0 0.0 0.0 4.6496620882643796e-06 1.3011197031783987e-07 0.0 0.0 4.908857140426618e-07 0.0 9.283374763992051e-05 5.446754830062036e-06
1.9969788459772566e-06 0.0004691073346692872 0.00011774785933994561 1.1465388966178085e-05 0.0 4.933275211715204e-07 0.0013472767216384377 5.11151711801682e-05 0.0016703016053279654 0.00013605156726566265 0.00038498632593185673 8.31269308056502e-05 0.00014967720001094219 0.0006210310518719071 2.589421080248394e-06 2.8908668730538074e-07 1.9311169021174786e-07 0.0 0.0 0.0 0.0 0.0 0.0 0.0 0.0 0.0 0.0 7.145912313733124e-08 9.376553231900792e-08 0.0 5.825670406491431e-05 1.3039972392218868e-05 3.0930480954841267e-06 5.715616796475551e-08 0.0 0.0 5.663981916634419e-07 0.0 2.3756079815247909e-07 0.0 0.0 0.0 0.0 2.124243945348229e-07 0.0 1.2408805190878355e-07 2.5993677194198826e-05 0.0 6.662108766269296e-08 0.0 5.851256389021521e-08 0.0 6.786060381015879e-08 0.0 1.0851584568823955e-05 1.6898677391642934e-05 6.65822601925701e-06 2.557462975987611e-05 5.662920271117106e-06 2.2195538976860782e-05 0.0 0.0 0.0 1.8392713482821363e-05 4.882643482388992e-06 1.7008467330485137e-06 1.532523397450313e-07 1.2789592736507326e-07 0.0 0.0 8.922917855009041e-07 0.0 5.084604172479695e-08 6.060000764499301e-05 7.445457580329948e-05 2.4729102522288388e-05 1.681422222923391e-05 2.551899451315044e-06 0.0 1.0245848521509243e-05 0.0 2.4428155466400256e-07 6.3103789034113e-06 1.3188624195883208e-06 4.3465162477915073e-07 1.0044749962485586e-05 1.3725072655004935e-07 4.754758849334564e-07 1.6653149262379397e-06 0.0 2.5643317001722715e-07 0.0 0.0 0.0 5.9537094468263e-08 4.163419217711436e-06 1.5128047829248483e-06 9.244680246683366e-08 3.515164598305392e-07 1.0377092237654492e-06 1.419523390345054e-06 2.21450259618015e-06 1.0155862634774915e-05 3.4404088670545597e-06 3.1080680012140624e-07 1.3394032000913691e-05 2.0956059353833484e-06 5.240390224887335e-06 1.6721649102914066e-05 5.618943859011421e-06 3.5398561895325097e-06 9.45605764405567e-06 2.6302499014303447e-05 1.0240340267705082e-05 3.383629340139301e-06 2.0436853949086588e-07 0.0 0.0 0.0 0.0 0.0 0.0 0.0 0.0 0.0 0.0 0.0 0.0 0.0 0.0 0.0 0.0 0.0 0.0 1.861800824232566e-06 8.942192861765458e-07 0.0 0.0 0.0 1.6431971702297565e-06 8.148608379289925e-07 1.9410903807281864e-06 0.0 0.0 0.0 0.0 0.0 0.0 0.0 0.0 0.0 6.587980611321874e-07 0.0 0.0 0.0 0.0 0.0 0.0 3.8736822749379097e-07 3.4851630276728504e-07 0.0 4.444144087924175e-07 8.415595175202564e-08 0.0 0.0 0.0 4.771094107252494e-07 1.8882741057581912e-07 0.0 0.0 0.0 0.0 0.0 0.0 0.0 0.0 1.691581863188175e-05 0.0 0.0 0.0 0.0 5.912435658148947e-06 0.0 0.0 1.2354404563080765e-06 1.1019606871086235e-06 5.377764519620322e-07 3.3193359354975503e-07 1.0012740098867407e-06 0.0 0.0 0.0 0.0 2.8024394279750114e-07 0.0 0.0 0.0 7.051081029948382e-06 8.405115283165077e-07 1.0314698277030328e-07 0.00014330230682412242 3.6447663444984007e-06 0.00015004293883834216 3.762164841560612e-05 6.456896291007235e-06 5.993336643899014e-06 8.712184127053397e-07 2.1219146313642688e-05 7.714710174393269e-06 6.841822546031965e-08 5.299828130979499e-06 1.2159707732707105e-06 6.479387101757143e-06 0.0 1.176629315564983e-07 0.0 2.0152229447477327e-07 1.2523607823501366e-06 3.719641119909239e-05 6.675666253635886e-06
5.709959074339067e-05 7.659061968932231e-05 8.458197440930815e-06 0.00045153558390464705 4.933275211715204e-07 0.0 6.099610723281016e-05 4.5315931520253746e-07 1.4319291572128383e-07 0.0009632925470588338 5.902219279030942e-07 0.00011751905456536371 1.958899648145144e-05 5.4131203572131e-07 1.6309596173368346e-06 6.342325890511655e-07 6.226424729695677e-08 0.0 0.0 0.0 0.0 1.287645539401607e-06 0.0 0.0 9.57261215062695e-07 0.0 0.0 0.0 0.0 0.0 2.7189483406792132e-06 1.6393129627123248e-06 3.809606891039333e-06 0.0 0.0 6.668612620052363e-07 6.473390244028248e-06 7.702343278220262e-07 2.543928817336564e-06 5.120271873191796e-07 0.0 0.0 0.0 1.051338500274222e-06 0.0 9.734743259361118e-07 5.917666305749522e-07 0.0 0.0 0.0 0.0 1.1158468550553473e-06 6.511924786421932e-07 0.0 8.207293326090163e-07 1.6273623734912408e-06 7.712863716006265e-05 4.244484594928299e-06 2.589554352326677e-06 5.08218209594859e-07 3.8284082689695467e-07 2.2463841400528426e-07 0.0 2.3105586572141146e-07 2.574938825433902e-07 1.7087248788658556e-07 5.902306751872538e-07 0.0 2.5544147521648645e-07 0.0 1.860771381475772e-05 7.291577284392701e-05 1.4966347864781272e-06 4.3610096551964695e-06 2.5834456222659834e-06 7.913236244539656e-07 2.3903021591782434e-07 4.6365452482898426e-07 2.1676068547512536e-07 1.226753056795798e-06 1.391176890907638e-06 4.6379583165387786e-07 3.0198157773854694e-07 1.4546679389029898e-06 6.396920399382545e-08 2.1238673672854768e-06 0.0 5.60546803395924e-06 5.710254774272382e-06 1.1574223029993882e-05 2.925912406449193e-06 1.926613105803191e-06 0.0 0.0 6.265611696663526e-07 2.5483624078379594e-05 3.888059556043811e-05 0.0 9.533820090864538e-06 0.00015035757820866047 0.0 7.097048047574475e-06 5.7390840434873155e-06 1.0648747233158238e-05 0.0 9.914847682913945e-06 4.422564285955144e-06 4.106767329497488e-06 1.4605884740187567e-05 5.380911345255106e-06 2.418126404022605e-06 3.2411064144205882e-06 2.1581990002566117e-05 3.0694903680137103e-06 4.2291845005382446e-07 0.0 0.0 0.0 0.0 0.0 0.0 0.0 0.0 3.1651313936406574e-07 0.0 1.3691334198913963e-07 0.0 0.0 0.0 1.4963165695709415e-07 0.0 4.3402368236528813e-07 1.0795460273329665e-06 1.5451846779210096e-07 0.0 0.0 0.0 0.0 2.039804466638619e-07 2.638646689550937e-07 0.0 0.0 0.0 9.364260581353008e-08 0.0 0.0 0.0 0.0 0.0 0.0 0.0 0.0 5.5959368640159705e-08 0.0 0.0 0.0 5.256285882567843e-07 0.0 0.0 0.0 0.0 0.0 0.0 0.0 3.2363543637257053e-07 0.0 0.0 0.0 0.0 0.0 0.0 0.0 0.0 1.7863944635297921e-07 1.1079399872824565e-07 1.9004880228751928e-07 2.1420679500887604e-06 4.579801395492071e-07 0.0 0.0 1.724467785817307e-07 4.015280885925944e-07 0.0 0.0 2.9247573633996125e-07 0.0 0.0 0.0 0.0 0.0 0.0 0.0 0.0 0.0 0.0 0.0 0.0 1.7556510035256903e-06 5.239351108941235e-07 1.5114909424187256e-07 2.965531691205784e-05 9.96909630795007e-08 1.0136475027402468e-05 3.421016925406747e-06 8.247567322233412e-05 1.2756050956526445e-06 1.5658526759015137e-07 3.878347703112248e-07 4.7773443921483875e-06 7.828023327972774e-08 5.712155674858436e-07 2.7991312460471855e-07 2.1664103616997037e-05 0.0 0.0 0.0 0.0 0.0 1.4525797795125031e-05 1.7567362840315942e-05
0.00010477575812150001 0.0017927594884691678 0.00012766094364989375 5.9536957298879856e-05 0.0013472767216384377 6.099610723281016e-05 0.0 1.81300399089538e-05 0.00040487544690561485 0.0010976589375558128 0.00032636227431478125 0.0008795370424995596 0.0009951164234017385 0.001083924231408898 7.080371283400537e-06 1.0667734610945323e-06 2.1030106413347203e-07 0.0 0.0 0.0 0.0 0.0 0.0 0.0 0.0 0.0 0.0 0.0 0.0 0.0 8.312051343266753e-05 1.8314819625979847e-05 1.3864059441893683e-05 0.0 0.0 1.743512221721683e-07 3.857738676471399e-06 1.1127748497998344e-07 1.1047275845731754e-07 1.0963231057710645e-07 0.0 0.0 0.0 6.797850909108858e-07 5.799810784347986e-08 4.714239555251044e-07 5.663680641980539e-05 6.387948016344218e-07 1.1975704398168647e-07 5.411021560148782e-08 4.144307578887217e-07 0.0 0.0 0.0 3.126701734805784e-05 5.9085123917638426e-05 3.217018891269117e-05 9.855390730417538e-05 1.9810086281314655e-05 6.240100173913592e-05 5.30113382257554e-07 4.588781179472896e-08 1.9562703830162715e-07 3.267755091984632e-05 2.0150554377990778e-05 5.7384734106182105e-06 1.61432184983116e-06 1.1786416239555898e-07 1.0783333041719954e-07 0.0 2.23304421283886e-06 1.5283568557867739e-06 0.0 0.0001922852066227302 0.00016233834418619708 7.128281497605366e-05 3.615113440140065e-05 7.853474070876152e-06 5.243161098390141e-08 1.0044080000039714e-05 2.5224779138037347e-07 1.8519582320771885e-07 2.4547423134869584e-05 5.370160842479352e-06 2.375907168561757e-06 3.048269252328954e-05 7.505135441905436e-07 1.1941417721199156e-06 5.477332796331311e-06 1.3422782339864266e-07 7.899719131676375e-07 0.0 0.0 4.4816371444954943e-07 1.2753737925796977e-07 2.316339596382439e-05 5.978947668516641e-06 0.0 2.3123183297087046e-06 3.619321275519714e-05 8.616540188289514e-06 1.5716907306625294e-05 0.00013563987772239336 6.0698732064666266e-05 5.434806842980841e-06 0.00013712000152580941 8.669372698092936e-06 3.637482082587434e-05 8.448252807887144e-05 1.1286137469754247e-05 1.2232291452676337e-05 2.9032300152168358e-05 6.616384870785113e-05 1.9740308294074708e-05 1.142570807290558e-05 3.5077554281684945e-07 0.0 0.0 0.0 0.0 0.0 0.0 0.0 0.0 0.0 0.0 0.0 0.0 0.0 1.9715639976449728e-07 0.0 0.0 0.0 0.0 3.1440539385167076e-06 5.578602911895307e-07 0.0 0.0 0.0 1.026308587558368e-05 8.454276752278233e-07 2.6526672082239446e-06 2.776922356092874e-07 4.2437624676478656e-07 0.0 0.0 0.0 0.0 7.536145115385695e-08 0.0 0.0 2.251274824572644e-06 1.3662602716620062e-06 0.0 0.0 0.0 2.7183557850058147e-07 0.0 1.1631419993685793e-06 2.643298799965458e-06 1.0695724306221127e-06 3.991866036012365e-06 3.156715809488135e-06 1.4911650648149932e-06 0.0 0.0 2.7169485981441583e-06 6.710204342196545e-07 1.2150725074956059e-06 1.6664803857204131e-06 2.203930759242196e-07 7.721302524552533e-08 0.0 0.0 5.1943298372856776e-08 0.0 3.981191886949447e-05 2.601955651072264e-07 0.0 0.0 0.0 1.1726185133515339e-05 0.0 6.437410325896387e-07 1.1490351376787059e-05 8.789275221771344e-06 2.8784785968176705e-06 1.8316835863168648e-07 5.966514337074738e-07 2.2789469879221092e-07 5.675353307308641e-08 1.0741012248006742e-07 0.0 2.187682147464841e-07 0.0 0.0 0.0 1.216781263867844e-05 1.6940777523106368e-06 2.4263975477596885e-06 0.0003792833392728433 1.1017372715507717e-05 0.00036800206312397586 8.2203348665925e-05 5.954236808463338e-05 1.3472461902508664e-05 5.152148567085152e-06 5.4704226670227344e-05 1.9834351755404372e-05 7.197637500819358e-07 2.5468987443054028e-05 1.0382863047766948e-05 2.7910639707190945e-05 2.6741633519861e-06 2.931296411026237e-07 1.4422133730548075e-06 2.153667037844796e-06 5.813744318326671e-07 0.00015122652373287604 2.1247930893762307e-05
3.729435819306007e-06 9.121132768668645e-05 0.0011099444774670068 3.207519543803902e-07 5.11151711801682e-05 4.5315931520253746e-07 1.81300399089538e-05 0.0 6.28389397878593e-05 4.387746004797691e-06 0.000706681779226733 0.0002242866839495294 0.00021229462443687154 0.0003180466767181944 6.748856307628898e-06 2.5744428126933263e-06 2.1519548849123534e-07 1.6190425410005628e-07 0.0 1.2682867681481825e-06 3.6315779830753427e-06 7.504318700661235e-08 7.969130862806342e-06 1.232971692427187e-05 5.056117771609125e-06 0.0 4.033610508885605e-06 0.0 6.520051454313533e-07 1.7513629919251425e-06 0.00024115838369328908 0.0004381444405152085 0.000175617818541431 1.6490699361984003e-06 4.111853611479377e-06 8.303442001258754e-07 7.443565519933503e-05 9.17350370176578e-06 1.3115989940861432e-05 6.332185957618266e-06 8.584473849181436e-06 4.605484327219491e-06 1.871849682229903e-07 1.4871174854286918e-06 3.059323898017473e-07 1.3026500251891242e-06 1.830226954860678e-05 3.99381866446244e-07 4.779032326677522e-07 9.403108915835073e-07 1.9166743722554867e-06 2.6550197788823566e-07 4.806896961771873e-06 8.63647472924889e-08 5.1428396891736794e-06 5.3159295663546985e-06 1.11452556676034e-05 8.557618911286771e-05 3.849289229070297e-06 1.4197512917401245e-05 2.530156740429716e-05 0.00017070109084508974 1.5019470412797005e-06 3.0033320219184128e-05 2.6446965821188078e-06 1.152981666643272e-06 1.3618683279961567e-06 6.610795827426628e-08 4.43260332195699e-06 1.8373986885903702e-06 4.612240983026113e-05 5.176260318087943e-07 1.0414166944141362e-07 3.954162546632262e-05 4.4411468184094946e-05 2.855830259762461e-05 2.331232843642278e-05 1.1597942172807411e-05 0.00033154401575119643 0.0008400729392643488 2.3270688222358577e-05 0.0006998004413835164 3.685886272305317e-06 6.607737624141533e-07 6.006108473979869e-07 4.30327780019586e-06 1.7771708736072117e-06 6.808335643252342e-08 1.1589838585621043e-06 1.4834249544484952e-07 1.0613677457739513e-06 0.0 1.2244858953757632e-05 1.2923552157640436e-05 3.1677247153837103e-06 2.6938008352541496e-05 4.18723521484851e-05 2.925960016554787e-07 2.824848663410955e-05 7.211964788558717e-06 9.96586359201565e-07 0.0 6.577997129628787e-06 2.2887367578187764e-06 2.4812663560300762e-06 2.1533034342641017e-05 7.016194577449887e-07 8.337344529946124e-06 2.88011974164356e-05 4.227635774588074e-06 8.32771080183592e-06 1.0238685172889929e-05 5.223495113226482e-05 1.776451435073439e-05 1.6360373488681418e-05 3.0524099611601864e-07 1.1182243054778856e-07 0.0 2.989607885797567e-07 0.0 0.0 0.0 0.0 0.0 0.0 4.184928832763598e-07 0.0 4.7529869141081303e-07 0.0 0.0 2.14757781792825e-07 7.861181125011735e-08 7.91091703323587e-08 0.0 1.1700989758558025e-06 3.001055679393014e-06 0.0 0.0 4.101829082112152e-07 1.1320698028836052e-05 5.179973898450858e-07 1.388695991843063e-05 2.65864771695594e-06 9.019359812207286e-07 0.0 0.0 3.412315550710506e-07 0.0 0.0 0.0 7.162646317111239e-08 0.0 9.942842330522543e-07 0.0 0.0 5.588844241637531e-07 0.0 1.2052463509439038e-06 1.8594740860127935e-07 0.0 0.0 4.630359635033992e-07 4.514159917048494e-07 6.397506963441865e-07 0.0 0.0 5.233047222325666e-06 0.0 8.410025729776005e-07 5.846315630039746e-07 0.0 1.7240685285898184e-07 0.0 0.0 2.3621481078656853e-07 3.605820750609295e-07 5.37093838549771e-05 4.737059849662083e-07 7.555723915084776e-07 1.537563124354582e-07 1.31544556584266e-06 1.0746137132989741e-05 0.0 4.1951514239492953e-07 3.5865148921580264e-06 1.696652563824113e-06 2.2997483918277274e-06 0.0 1.4131793811731585e-06 0.0 0.0 0.0 0.0 1.2855106430592743e-07 3.237977295934387e-07 2.8298072078810786e-07 6.860259159850712e-07 8.71481949244849e-06 9.552461754093745e-06 1.0259396045160162e-05 9.078799178017258e-05 2.235823195885037e-06 6.794150677211798e-05 1.6592530689442606e-05 5.262801900665966e-06 2.7451664865223938e-06 1.735360004831794e-07 1.4120818887184738e-05 9.1751733110889e-06 7.579572113801372e-08 1.908671105631951e-05 4.383933271488722e-06 1.0410114282512102e-05 5.351423108717912e-06 0.0 2.1097526637458977e-06 1.1580015999630425e-06 8.621122891248128e-07 2.9791815474523615e-05 1.2656749377502218e-05
1.0230968029065186e-06 0.0001721729462525654 0.00022303952382127934 3.4326209969889507e-06 0.0016703016053279654 1.4319291572128383e-07 0.00040487544690561485 6.28389397878593e-05 0.0 9.223303342340126e-05 0.0005813168499136756 8.497185792584177e-05 0.00024220707625426848 0.0002569143219723358 4.024013883904659e-06 6.073498110153785e-07 0.0 0.0 0.0 0.0 0.0 0.0 0.0 0.0 0.0 8.315175408247698e-08 0.0 0.0 0.0 0.0 2.427356905165739e-05 1.3613055095458974e-05 9.575694540821983e-06 0.0 0.0 0.0 1.37236286445177e-06 0.0 0.0 0.0 0.0 0.0 0.0 2.093279543590671e-07 0.0 0.0 2.2132079280517566e-05 6.259926591827149e-08 6.312851991332209e-08 0.0 5.933878070281268e-08 0.0 6.010282172512269e-08 0.0 4.079611098446585e-06 7.962871244062232e-06 2.7783739131794465e-06 9.28105022204133e-06 3.3909843692325217e-06 1.5497171202130862e-05 0.0 1.872681185992377e-07 7.131461579847642e-08 9.780930703036696e-06 4.0333575068791355e-06 8.413350170157286e-07 1.5943231962390947e-07 5.1730289012551285e-08 0.0 0.0 1.184465913750902e-06 2.5728403433033047e-07 9.869102488855731e-08 3.298808505822359e-05 3.951492550731311e-05 2.3447982452933268e-05 2.0076583288364425e-05 4.81190857296801e-06 2.1227988247196225e-06 7.662243123917507e-05 9.976212235424027e-08 1.3856386554130385e-06 2.8229607613206572e-06 7.065135159922989e-07 5.232333243955318e-07 4.2519535670425455e-06 1.797110359026045e-07 1.8609537233774541e-07 6.100858804051083e-07 1.0636147191550002e-07 1.8347593865237417e-07 0.0 0.0 7.397775047460248e-08 0.0 5.305177028319757e-06 8.754869771484845e-07 0.0 1.2540849814974882e-07 1.9322893570652774e-06 0.0 2.080214604693705e-06 5.215931070494568e-06 3.3113506649742877e-06 6.43520295543102e-07 1.698222383247724e-05 1.7101199801458872e-06 5.692173759993755e-06 1.65644508798186e-05 5.4086575573962205e-06 5.8673486047119755e-06 5.554257464323273e-06 2.6061022475894508e-05 1.1440913761975454e-05 9.331105524237442e-06 1.0216150003725116e-07 2.2498469938054368e-07 0.0 0.0 0.0 0.0 0.0 0.0 0.0 0.0 0.0 0.0 0.0 0.0 0.0 0.0 0.0 0.0 0.0 1.0534214325522396e-06 1.800138222383591e-06 0.0 0.0 0.0 5.312097618151945e-06 0.0 1.5372023362813728e-06 3.552209425455277e-07 0.0 0.0 0.0 0.0 0.0 0.0 0.0 0.0 1.6510386656350705e-07 3.6259253321591325e-07 0.0 0.0 0.0 0.0 0.0 0.0 4.7017365683429316e-07 1.881186601052749e-07 2.424803227279753e-07 2.469146289162566e-07 0.0 0.0 0.0 2.4685520092270335e-06 0.0 0.0 0.0 0.0 0.0 0.0 0.0 0.0 0.0 2.2022511767553994e-05 0.0 0.0 7.509935543613126e-08 0.0 4.2823383529660545e-06 0.0 0.0 1.467733739931023e-06 1.2330514635645853e-06 8.027612653735137e-07 0.0 0.0 0.0 0.0 0.0 0.0 0.0 0.0 0.0 0.0 6.405183654029864e-06 1.0297157098519845e-06 4.882359955431408e-07 0.00012407463897599587 2.239039279382207e-06 9.49219109395222e-05 2.7338025444243952e-05 4.30253089550476e-06 2.1418904022656786e-06 5.612710312842912e-07 1.9881735911797773e-05 3.3106893277757596e-06 1.1817438392284935e-07 3.897350134731302e-06 1.6432040751516361e-06 2.112554906222195e-05 4.6298671180577437e-07 0.0 2.5639426782907844e-07 3.465920262256338e-07 0.0 2.4435646578355238e-05 7.22888232743733e-06
0.001409359502651816 0.00021727521060650956 8.254615546830237e-06 0.00039211509955631416 0.00013605156726566265 0.0009632925470588338 0.0010976589375558128 4.387746004797691e-06 9.223303342340126e-05 0.0 2.4653958454136918e-05 0.0011614540232091437 0.0010107472554127194 0.00023936927556003065 1.3457474651469145e-06 1.3828515273934476e-06 6.380768236057901e-08 0.0 0.0 0.0 0.0 5.434056363791981e-07 0.0 0.0 0.0 0.0 6.810362241760632e-08 0.0 0.0 0.0 9.444796157377479e-06 6.279604005148287e-07 3.273547609691287e-05 0.0 0.0 0.0 7.257666184390388e-05 2.648422468516954e-07 2.1760447795147596e-06 1.7531217156818913e-07 0.0 0.0 0.0 7.946390813507954e-07 0.0 5.26724813496901e-07 7.95946673965519e-06 6.491955587006322e-08 0.0 0.0 4.5479745477337417e-07 1.8979091880834033e-07 2.128810720533799e-07 2.248485850254101e-07 1.3177256781247245e-05 2.2063261703349643e-05 5.153383797378314e-05 3.734565670793822e-05 1.0796514667498008e-05 1.0328120760183154e-05 1.4194412871234356e-06 7.647081046869606e-06 1.0552945244905403e-07 5.3533087350183926e-06 4.664894806521044e-06 1.9818087562281066e-06 5.220310806541974e-07 7.243573261273436e-08 1.4329002553480868e-07 0.0 9.140006532146782e-05 1.3270645975640463e-05 4.4290371896265693e-07 5.64658520885175e-05 2.1583624126731982e-05 7.231911088355985e-06 2.619467473823079e-06 1.3037616664349876e-06 6.613077837184372e-07 2.250626675223771e-06 1.8936126220956014e-06 6.089756197499534e-06 6.719150388902285e-06 2.0801676874423026e-06 3.0545953649983647e-07 7.874138159741817e-06 1.7880110183305797e-07 1.9923988750686876e-06 2.3804612755383137e-06 2.1429670228815306e-06 7.516489156924443e-07 8.474207726613201e-07 6.172856471728296e-08 5.7082430170157933e-08 1.497015250035689e-07 8.95023274730765e-05 1.4767726310666708e-05 0.0 6.175311883993996e-06 0.0003147346414581661 3.2960736709728246e-06 3.364029483971489e-05 0.00012029609433662186 6.595606188560285e-05 4.75342633325866e-06 0.00011342862086006545 4.811294934843852e-05 6.071045340969361e-05 0.00016812481679121324 5.510338984275959e-05 1.582864831499564e-05 7.268755374371666e-05 0.00021637235980974658 4.846689285681631e-05 1.6794126642978546e-05 0.0 0.0 0.0 0.0 7.493736927564316e-08 0.0 0.0 0.0 0.0 0.0 0.0 0.0 0.0 1.2462240783014873e-07 7.11454648957873e-08 0.0 9.606935123708033e-08 0.0 0.0 1.4286816866334877e-06 1.0463848132631102e-06 0.0 0.0 0.0 6.723538293543133e-06 2.068050872265483e-07 4.302226386087873e-06 8.152886438984823e-07 1.02469702052042e-07 0.0 0.0 0.0 0.0 0.0 8.819882681583789e-08 0.0 4.860693302614882e-07 1.2032983165895142e-06 0.0 0.0 0.0 2.593455511151755e-07 0.0 3.92618542705369e-07 9.76567286094227e-07 4.145633331761417e-07 3.1244907870869908e-06 2.5060508605788586e-06 1.8248302348345634e-06 0.0 0.0 2.486561824864207e-06 6.970154022799445e-07 7.017957891365654e-08 4.951538533252805e-07 3.3873972859361704e-07 0.0 0.0 6.04008277606274e-08 0.0 0.0 5.0015794654167957e-05 6.533713830356607e-07 0.0 0.0 0.0 8.935977550259517e-06 0.0 0.0 4.198177055214079e-06 6.541115020860297e-06 1.4744066658833475e-06 2.8763622067682427e-07 7.473256000215345e-08 5.727020152922665e-08 0.0 0.0 0.0 0.0 0.0 0.0 0.0 2.0970284008609146e-05 2.8649095789401457e-06 1.4605933460434535e-06 0.0001714846317328978 5.437897862359889e-06 9.889264439913576e-05 1.335273458827044e-05 0.0004412236635950016 3.1788892693985964e-06 1.7245929247321898e-06 6.164205092760602e-06 2.9261634731879354e-05 1.0040151654560989e-07 1.8248028792977055e-05 3.6549073324197657e-06 0.00013685857650668718 1.6175766780496174e-06 0.0 2.0983896345620288e-06 7.030307387450457e-07 0.0 0.0004394416655983733 0.00011968132510831361
5.235568565966299e-06 0.00032203404032785413 0.0011384448367473827 4.600506161984749e-07 0.00038498632593185673 5.902219279030942e-07 0.00032636227431478125 0.000706681779226733 0.0005813168499136756 2.4653958454136918e-05 0.0 0.00044902180242108007 0.0012333965771501945 0.001420246561091456 1.424601387208022e-05 3.623709844277053e-06 6.436989023308277e-08 0.0 0.0 0.0 0.0 0.0 9.441420918186658e-08 0.0 1.2152719983258464e-07 0.0 0.0 0.0 7.13932862425125e-08 0.0 8.542747118493155e-05 2.9364685663800777e-05 0.00034076947671077235 0.0 7.551228078720339e-08 0.0 7.296575775056269e-05 6.329782749553843e-07 2.414233067363874e-07 2.5944301522913885e-07 0.0 0.0 0.0 2.6242704611110053e-06 0.0 6.417244647204261e-08 3.666875328815061e-05 1.9647749320089044e-07 0.0 0.0 0.0 8.699718932192057e-08 2.3014994312016323e-07 0.0 5.348361350618415e-06 7.722579053285813e-06 4.505833289862739e-06 2.717168457706609e-05 3.006006106840092e-06 2.7537181106269573e-05 0.0 8.811554180542379e-06 0.0 1.883354254438957e-05 3.929294570868502e-06 1.3029339969905929e-06 3.069100661151375e-07 7.398688355257307e-08 5.600761648654209e-08 0.0 3.091457121174999e-05 0.0 0.0 4.9951201393255076e-05 5.1814750414584695e-05 5.388081266934888e-05 4.5882378802211284e-05 1.791011932415771e-05 2.0813482590194804e-05 0.0005702486166734279 1.7674893464311817e-07 8.806750574409689e-05 5.206825273657778e-06 5.267231797782122e-07 4.3055069168348086e-07 5.891976091179753e-06 1.9935245229918874e-07 2.835643402171125e-07 1.2094519443891104e-06 0.0 3.629010580377703e-07 0.0 5.849132161059059e-08 5.9859181123572e-08 1.362162322563363e-07 1.2184539048217162e-05 4.994343647792121e-06 0.0 2.3713721150754482e-06 2.21072779270146e-06 3.244764086174306e-06 3.7455053991351104e-06 5.948729541582734e-06 4.331020335485758e-06 2.0349373470346503e-06 3.350070145898203e-05 3.94707436678765e-06 1.2771880281291523e-05 3.9825864807925174e-05 6.850677616258433e-06 8.53338791456639e-06 1.4183321125959584e-05 5.933505080100959e-05 1.8844332071390294e-05 1.2493665672989033e-05 0.0 0.0 0.0 0.0 0.0 0.0 0.0 0.0 0.0 0.0 0.0 0.0 0.0 0.0 0.0 0.0 0.0 0.0 0.0 2.3989262097721155e-06 2.8684286247422884e-06 0.0 0.0 0.0 1.420549697542967e-05 6.274165926450986e-08 1.6735579149001764e-06 1.963546887322303e-07 0.0 0.0 0.0 0.0 0.0 0.0 0.0 0.0 7.821977387823127e-08 1.4486694986321344e-06 0.0 0.0 0.0 1.339385567739546e-07 0.0 7.946904509777082e-08 3.8016834656259497e-07 0.0 0.0 2.0968728035246674e-06 2.142991241284839e-07 0.0 0.0 1.0929679121117199e-06 8.480360508028413e-07 0.0 5.370059705450846e-07 9.871802258197198e-08 0.0 0.0 0.0 0.0 0.0 5.534578026371962e-05 0.0 0.0 0.0 0.0 1.083517062865197e-05 0.0 4.4031012952593943e-07 1.2374683145512624e-06 3.3016543437866147e-06 1.177206313512459e-06 6.276794756971319e-07 2.4621553903766905e-07 0.0 0.0 0.0 0.0 0.0 0.0 0.0 0.0 1.3288605559348798e-05 2.7031669724468254e-06 3.824072962197129e-06 0.00019882410669896914 4.289597980761198e-06 0.000126534964172344 3.4335691100800843e-05 5.222496745767483e-06 2.3760871807412225e-06 1.701014884036632e-06 3.4431694134869175e-05 1.264366438520043e-05 4.6049586162288256e-07 1.8283364612595064e-05 7.887114499909126e-06 3.0467855960163186e-05 0.0 0.0 2.647254773005046e-07 1.0003761220321036e-06 0.0 4.359810295854372e-05 1.895925265850263e-05
0.00019057600248953457 0.00010639977292272797 4.982175148448333e-05 0.00017199843820914584 8.31269308056502e-05 0.00011751905456536371 0.0008795370424995596 0.0002242866839495294 8.497185792584177e-05 0.0011614540232091437 0.00044902180242108007 0.0 0.0008450708256448957 0.00021639365731299955 1.495079855546277e-05 7.859005503802331e-06 7.76567904814343e-08 0.0 0.0 0.0 0.0 1.0796642928193422e-07 0.0 0.0 7.498322362572978e-08 0.0 1.8562464483846563e-07 0.0 5.467889142533025e-08 0.0 1.7692021937924834e-05 6.935584834533626e-06 7.343912783902983e-05 0.0 0.0 7.119875168173965e-08 5.5666041905659856e-05 2.0571839148722625e-06 1.0412746868617084e-06 7.843085899348849e-07 0.0 1.0585331847989866e-07 0.0 2.5599607074723525e-06 5.688941122792763e-08 2.9361147001564357e-07 2.5227916936884295e-05 1.4888863382413103e-07 6.468691039212105e-08 0.0 2.6957502360272303e-07 1.3941268357254122e-07 1.9687755744604454e-07 0.0 7.190329440154271e-06 8.798556141441548e-06 2.9716483367319408e-05 1.5661713868609782e-05 3.875909143737409e-06 1.5213815639352152e-05 3.607704133006999e-07 2.4324818224294474e-05 0.0 2.4514212653355414e-05 3.5932380775958895e-06 9.06798073695142e-07 3.422740171879586e-07 5.05189476232903e-08 1.5733345957284525e-07 0.0 5.785225450938583e-05 2.813994078582714e-06 2.728764029621293e-07 4.247419495362119e-05 3.869685201472786e-05 3.999744652261956e-05 2.8263349946919008e-05 1.693636945877057e-05 1.6037474422466907e-06 0.00016563782084202174 1.2304862299729633e-06 2.9207411947155207e-05 2.882342916270487e-06 6.25376625200258e-07 2.792270060588522e-07 4.204270613342661e-06 3.8099496097901785e-07 3.714266446031077e-07 1.4682562700910848e-06 1.255927209930923e-06 8.4766464158982e-07 1.4724070375117677e-07 0.0 0.0 2.6700219617170233e-07 0.0003499020204277592 6.439816105394656e-05 0.0 6.440817641086906e-06 0.00010326524878419283 4.294517465969979e-06 1.2951582006965939e-05 4.405560130067328e-05 3.888815313521868e-05 9.939374489007112e-06 0.000141668774253381 1.825199282044662e-05 5.96612944397436e-05 0.00016742986901543242 5.013301068296133e-05 3.870809037739743e-05 5.115137331553509e-05 0.0002676511536168883 8.923666373735468e-05 5.193006893620288e-05 1.07369806633169e-06 0.0 0.0 0.0 0.0 0.0 7.639864600424575e-08 0.0 0.0 0.0 0.0 0.0 0.0 0.0 4.825109019972693e-08 0.0 0.0 1.2497647994171237e-07 1.1099508391045938e-07 6.385378062683418e-06 8.729326316030055e-06 0.0 0.0 0.0 3.088991531432372e-05 1.6735633868736153e-06 1.053646684173697e-05 9.985195641142667e-07 0.0 0.0 0.0 0.0 0.0 0.0 6.605915142052535e-08 0.0 1.4551208214701832e-06 4.148148939671618e-06 0.0 5.953350028714787e-08 1.4296543909307237e-07 2.2041648337319068e-07 0.0 6.004762644080819e-07 2.0182079456255613e-06 1.0404940173388178e-07 2.893994566464911e-06 1.3051034021956363e-06 1.774692841226851e-06 0.0 0.0 1.2215196960412045e-05 6.285644040290623e-07 9.258899858582792e-07 3.7288413425368976e-07 0.0 0.0 0.0 5.8742528494839315e-08 0.0 1.6781794570601966e-07 0.00016801370013107568 7.009395630768258e-08 0.0 0.0 9.29007243153133e-08 4.6071353708059654e-05 0.0 3.723752541085223e-06 7.515853108903883e-06 3.2482514496439024e-06 3.3590711115339108e-06 1.397622324485065e-07 8.979867044594285e-07 0.0 0.0 0.0 0.0 0.0 0.0 0.0 0.0 6.299959340471481e-05 1.2082701614981e-05 9.527939238972554e-06 0.0001794765871456571 3.4798648110419856e-06 0.00010234237039930203 2.78034901726834e-05 0.00010480800779927498 2.2347079250280146e-06 5.275749101590542e-07 2.097053121189844e-05 1.9501303044527784e-05 9.322643664510975e-08 2.9458060398799435e-05 1.0114896099374518e-05 8.661981964963522e-05 1.3588555105972332e-06 0.0 3.3128928639230467e-06 1.6489931474833596e-06 0.0 0.00039122009597100356 0.00011635115664555209
