0.0 0.0007930890371737696 0.00029860160741301253 0.0009547431599786076 8.524601543472131e-05 4.396558929544631e-05 0.00011131850552333456 3.5546457906662906e-05 3.255863622445001e-05 0.0006262707403600614 0.000223075157661104 5.726673848404789e-06 2.7908730361235044e-05 0.00012197462044690901 6.510614763749929e-07 3.510036936165057e-07 1.399774955055964e-07 6.07238662814832e-08 0.0 0.0 0.0 1.1701312763198739e-07 0.0 0.0 1.2573507952848093e-07 0.0 0.0 5.4773888752997396e-08 0.0 0.0 9.940626051809164e-05 1.71452229800167e-05 8.52476239957991e-07 0.0 0.0 0.0 1.998220908462583e-06 7.199631246282756e-08 1.4221656951315332e-07 0.0 0.0 0.0 4.535008723619219e-08 6.960295009601351e-08 0.0 0.0 4.961564189991565e-06 1.1281631399556997e-06 2.0460912680128908e-07 6.533449971252417e-08 1.4671310471203255e-07 1.4725119674789946e-07 0.0 4.856244686698084e-08 2.2462595689441773e-06 7.081121046011297e-06 0.00014088112857520423 8.151282288938451e-05 4.087981787462258e-05 1.1320972879618404e-05 0.0 0.0 0.0 4.450337207772302e-07 7.011876830917254e-06 3.50382053287955e-06 4.2454751612459374e-07 3.604616980863377e-07 5.843256848519781e-08 0.0 9.067799590017309e-06 7.097513272673493e-06 3.5026045713209085e-07 7.393790197573848e-05 1.6341335647722973e-06 3.207317840576984e-06 1.0808619876034637e-07 1.376151750313743e-07 1.0390565097795432e-07 1.935942325546073e-05 5.753849429138231e-08 1.6942640553505963e-07 8.652205226307653e-06 1.1453744162173077e-07 3.938007978433347e-06 5.730590608136222e-06 7.32150631513938e-07 1.880074816298028e-07 4.160471140918407e-07 2.1260430694205627e-07 9.784822181788986e-08 8.208414950171898e-08 0.0 0.0 0.0 1.916351145149897e-05 6.473946811609258e-06 2.121467207654304e-07 1.527194823971722e-06 0.00045450867802115203 0.0 5.593145777976378e-06 1.68284412790592e-06 3.9726309512596055e-06 0.0 6.101632989566943e-06 2.213537384323516e-06 3.6724002347699366e-07 9.022481546025082e-06 4.299213237483814e-06 5.37450556918428e-07 4.603545670630639e-06 1.3697230535589035e-05 5.109757616513987e-06 1.456963115927636e-06 2.3352995481959564e-07 5.620378013565602e-08 0.0 0.0 0.0 0.0 0.0 0.0 0.0 0.0 0.0 0.0 0.0 0.0 0.0 0.0 0.0 0.0 0.0 6.751705493643519e-08 0.0 0.0 0.0 0.0 6.442978760830776e-06 0.0 2.403617956375816e-06 1.2277966247340908e-06 5.169683018468209e-08 0.0 0.0 0.0 0.0 0.0 0.0 0.0 0.0 0.0 0.0 0.0 0.0 0.0 0.0 0.0 0.0 1.4746152938283431e-07 0.0 0.0 0.0 0.0 0.0 1.9460299096303493e-06 0.0 0.0 1.3981430314387834e-07 0.0 0.0 0.0 0.0 0.0 0.0 1.8028637764033422e-05 0.0 0.0 0.0 0.0 1.673145506027893e-06 0.0 1.283714206784377e-06 8.26630910911957e-08 0.0 1.3356494946681933e-07 0.0 0.0 0.0 0.0 0.0 0.0 9.849755457102218e-08 0.0 0.0 0.0 7.934001807501157e-06 3.7942096052071483e-06 2.91129514797448e-06 0.0001478097815373267 8.864554694558588e-07 4.5026632254045484e-05 6.735098688197881e-06 0.00036585485695103166 1.2205907118396766e-06 1.777536386760646e-06 3.848592841319261e-06 1.280882761914039e-07 0.0 9.310774556162078e-07 1.0916830720362347e-07 1.8942433730164854e-05 0.0 1.5019317406257964e-07 0.0 0.0 0.0 0.00010353129338031267 4.84129932903452e-06
0.0007930890371737696 0.0 0.00040379461142141834 0.0005001031503111421 0.0009007986207461889 2.1585868837047783e-05 0.0009061527446769251 6.931538892021358e-05 0.0005090367019358515 0.00016436035148755562 0.00048547590789038166 2.312359293002993e-05 0.0002393926762640907 0.0005678722532840699 1.1304633926942717e-05 2.3029208794319924e-06 4.883741481413719e-07 2.8223205356843406e-07 2.2846903774999726e-07 4.206844246399726e-08 0.0 0.0 0.0 1.0823142611082956e-07 0.0 0.0 0.0 4.9487678091351136e-08 0.0 0.0 0.00023191702863831795 7.367239319838773e-06 2.023861982762509e-06 1.0209260487811293e-07 6.819802969517808e-08 0.0 2.201906583444382e-06 4.613495970139354e-07 4.432458131326125e-08 5.0156954135261886e-08 1.0392333686685493e-07 7.449671126674822e-08 1.4704531611419498e-07 2.2728574048251504e-07 5.568568023697608e-08 2.3731612367794095e-07 6.660897832300363e-05 5.875708936924724e-06 5.647886845431905e-07 5.249777870072156e-08 2.207934980392661e-07 0.0 0.0 6.156429665169497e-08 6.916613023725878e-06 2.753416219021543e-05 7.714491037431774e-05 0.0001302566619026025 6.968003496214604e-05 5.71437485063847e-05 4.4740791092871405e-08 1.275493886568845e-07 0.0 1.7688037800668504e-05 2.134832780706003e-05 1.74463166939173e-05 6.094100671014918e-07 1.2976502929777682e-06 7.241016714774291e-08 5.387423909055633e-08 3.867075634951104e-06 2.0054603369712759e-07 0.0 0.00019722528759823858 1.8363781908050317e-05 6.308898085749632e-05 6.490946164238626e-06 5.075156104706201e-06 2.486945874998721e-07 1.150852163067001e-05 4.787089581409232e-07 6.660995375437982e-07 3.077716150529053e-05 3.6428808847304094e-07 2.2320138418783725e-05 2.376495122785479e-05 3.999653893944591e-06 3.2901848689126324e-07 3.048629288683667e-06 1.2902313015824568e-07 3.0964984619640544e-07 0.0 0.0 1.5081702294659968e-07 2.760896002563437e-07 5.816025324692508e-06 8.205508902879685e-07 0.0 2.2750512017010712e-07 0.0003919387324082556 0.0 4.544231344224622e-07 0.0 0.0 0.0 2.478439736304194e-05 0.0 1.00082086007079e-06 2.0245013717824855e-06 8.442933326023294e-07 0.0 1.1948786602191936e-06 2.726273103006792e-06 2.261354215188183e-06 7.903967846592126e-07 0.0 0.0 0.0 0.0 0.0 0.0 0.0 0.0 0.0 0.0 0.0 0.0 5.103100130159865e-08 0.0 0.0 0.0 0.0 0.0 0.0 9.360529368283373e-07 1.1121620334642985e-07 0.0 0.0 0.0 1.2792052122623047e-06 0.0 9.649723622569146e-07 5.465384591292305e-07 8.459315922964964e-08 0.0 0.0 0.0 0.0 0.0 0.0 0.0 0.0 5.3241712990971925e-08 0.0 4.232078998828731e-08 0.0 0.0 0.0 0.0 0.0 2.2827803433670557e-07 0.0 0.0 0.0 0.0 0.0 9.509529057113273e-07 0.0 0.0 1.0568468951040287e-07 5.62477314362047e-08 4.576641564279438e-08 1.23255416024962e-07 1.4076026269059205e-07 0.0 0.0 5.101658616821018e-06 0.0 0.0 0.0 5.2935512301327565e-08 3.7966591130314865e-07 0.0 1.090311709118028e-06 0.0 0.0 0.0 0.0 0.0 1.1417050042313574e-07 1.1219170799221844e-07 0.0 0.0 1.851317435340569e-07 1.6986237717593105e-07 0.0 0.0 3.464605931364181e-06 1.3645333808455688e-06 4.797124936471236e-07 8.979337939681483e-05 4.346053447213356e-06 0.000284960312068604 2.4891096414516083e-05 0.00011193502494444797 9.100975990412411e-06 9.345386423408467e-07 6.60268876788415e-06 7.063916489619889e-07 1.1329232224625287e-07 7.903514272799053e-08 1.4645530732416732e-07 0.0 0.0 1.613710570861269e-07 2.07617074679657e-07 1.1301058383797759e-06 0.0 7.406203472210625e-05 2.052433161210824e-06
0.00029860160741301253 0.00040379461142141834 0.0 2.1632956195648135e-05 0.00026372945696409925 1.4254620496507403e-06 6.05314211420219e-05 0.00026007188931110274 0.0002451835086314347 5.544800303366857e-06 0.0018898546063053695 3.225747039929437e-05 0.00027177545175844676 0.000895208676312978 1.1124738842877931e-05 9.131142848442813e-06 9.105226287377092e-07 1.1131552205099587e-07 1.372497759836757e-07 1.0834525429213301e-06 8.346762144458882e-07 0.0 4.7002823959124895e-07 2.614183442139956e-07 4.757986995904955e-07 1.6869599821093035e-07 0.0 0.0 2.0916107476156495e-07 6.178829232488885e-08 0.0008292665783164239 0.00010226241395687917 1.957959403855046e-05 2.880246549468407e-07 4.977184207271059e-08 5.361060944151802e-07 1.6094255113032836e-05 4.000842962066333e-06 1.997431393495158e-06 5.502523771713686e-07 9.536955617671568e-08 0.0 6.260221409811896e-07 1.214784039206597e-06 9.787653877869424e-08 1.646898530410036e-07 4.3804500860190646e-05 5.72406991266003e-06 2.32135410791534e-07 4.5663988562134165e-07 4.2225561472626066e-07 3.30420071780205e-07 4.5425692753953486e-07 1.0593294091443855e-07 4.448773697039233e-06 1.8343929879808062e-05 0.00011233221291030863 0.0003668605980819169 7.258731523191054e-05 4.7498080151027286e-05 4.781234153082426e-07 1.6474579613483522e-06 0.0 0.00010944229090611596 1.8720304516618485e-05 1.5775435163098207e-05 2.0603027014109104e-06 3.738630668328828e-06 2.8459238529602498e-06 1.1056671777381959e-06 1.0705912507704479e-05 2.873154190517603e-07 0.0 0.0002162677061165516 2.42420655915017e-05 5.3252130530800996e-05 7.53968702227783e-06 7.4848099001295315e-06 1.5258487181357317e-06 0.0004049564313801527 2.128878097523866e-06 3.1810177839159294e-05 2.630842772826445e-05 4.2096459368292386e-08 1.7474585014165924e-05 1.7598183530853113e-05 4.198795903921382e-06 1.2069666320804808e-07 1.985219651812829e-06 2.5687836362379847e-07 7.270671683377947e-07 9.907044269487601e-08 3.010828141734501e-07 3.115515066592963e-07 3.805260791114174e-07 4.830232627414745e-06 1.9094819452030907e-06 2.7169829417745714e-07 1.0706042418216876e-06 0.00031117375752293043 0.0 0.0 0.0 0.0 0.0 6.429303845916467e-07 0.0 0.0 1.1187052331786848e-06 0.0 0.0 5.001446288145967e-07 1.884581399900938e-06 4.398097195058183e-07 5.420238647153286e-07 0.0 5.20767680169632e-08 0.0 0.0 0.0 0.0 0.0 0.0 0.0 0.0 0.0 0.0 0.0 0.0 0.0 0.0 1.0072256430196475e-07 0.0 0.0 5.6469623224804534e-08 0.0 5.5431357922171566e-08 0.0 0.0 9.788277192931978e-07 0.0 2.84280622047163e-06 2.45783986326779e-06 1.8065969085291606e-07 0.0 0.0 8.467074128243996e-08 5.7284541813670625e-08 0.0 0.0 0.0 0.0 7.674357627645848e-08 0.0 0.0 0.0 1.9279946781943056e-07 0.0 0.0 0.0 3.7661920728867733e-07 0.0 7.102747884082636e-08 0.0 0.0 5.17444631088188e-07 5.282165411437316e-07 6.010220501875743e-08 0.0 0.0 0.0 0.0 0.0 6.017479775982398e-08 0.0 0.0 3.55035185885601e-06 0.0 0.0 0.0 0.0 5.407546815056137e-07 0.0 1.7537087388647422e-07 1.3399487462012616e-07 0.0 4.334816951988656e-08 0.0 0.0 0.0 0.0 0.0 0.0 3.04197885714654e-07 0.0 0.0 0.0 8.020848509742361e-07 2.1842016863128035e-06 3.757108961113032e-06 3.785231446920095e-05 3.414236010376955e-06 0.0001492191533288125 1.7856381720945136e-05 1.9038585495281896e-05 3.1763593950958278e-06 7.997091849634103e-07 4.412982461172219e-06 2.1393689976804265e-07 8.190126157029408e-08 8.57484584335943e-07 3.182277430562194e-07 2.338543856866923e-07 0.0 0.0 0.0 1.435071907137464e-06 0.0 4.1384262777255795e-05 1.2964770336472295e-06
0.0009547431599786076 0.0005001031503111421 2.1632956195648135e-05 0.0 0.00012484111230481103 0.00036773416965868645 0.00025371613331752306 3.0524154714981287e-06 4.608576438999115e-06 0.00032928149975670163 1.0273114037688179e-05 4.466078826790104e-05 0.00020061706618272526 1.698051766010935e-05 1.0018709671384515e-06 4.0191924992068004e-07 6.339510191004969e-08 0.0 5.083487948250361e-08 0.0 0.0 0.0 0.0 0.0 0.0 0.0 0.0 0.0 0.0 0.0 7.260063024997618e-06 1.2731972959152978e-06 0.0 0.0 0.0 0.0 4.556320411641071e-08 0.0 0.0 7.748126869351034e-08 0.0 0.0 1.260170384434002e-07 3.7617997340552504e-08 0.0 0.0 1.792737984658349e-05 1.5184015179395199e-06 2.7992401541015515e-07 6.809291222411908e-08 0.0 6.229497612010012e-08 0.0 0.0 3.1683304899990306e-06 1.0568407512725502e-05 4.318923401799709e-05 3.575005277268231e-05 2.7286632010379076e-05 1.5648546188351122e-05 0.0 4.339470270202654e-08 6.413056832648635e-08 1.7199456337902435e-06 7.357780973444082e-06 5.0662621646054325e-06 3.4547060971734884e-07 3.2443800913940314e-07 0.0 0.0 3.7331148900143916e-07 4.7613317188356466e-07 0.0 7.095260671350915e-05 4.276205176497816e-06 1.1072055332687005e-05 9.268759003891383e-07 1.6973952845859213e-07 7.80769855352724e-08 4.9162266807055585e-08 1.682945191125075e-07 4.3957354014273665e-08 1.1342840907298722e-05 4.736977108906953e-08 7.853777600140451e-06 9.456293537149095e-06 8.993250885237759e-07 1.3411457274411777e-07 9.240083301106973e-07 0.0 2.385483336454622e-07 0.0 0.0 1.524455238261569e-07 0.0 9.08726441626853e-07 1.805423059552691e-07 0.0 1.5954308491946432e-07 0.0002877094448232517 0.0 5.664643563994214e-06 1.1157065172715205e-05 1.9002484304529838e-05 0.0 5.098324681270732e-05 2.9256534032093165e-06 3.967672524422096e-05 6.188424565147145e-06 2.754057086692085e-06 0.0 1.344459231236598e-05 6.756607809913799e-06 2.83827308186765e-06 1.9428695260672172e-07 0.0 0.0 0.0 0.0 0.0 0.0 0.0 0.0 0.0 0.0 0.0 0.0 0.0 0.0 0.0 0.0 0.0 0.0 0.0 7.740750363864014e-07 0.0 0.0 0.0 0.0 3.078122331443196e-06 0.0 7.628579471419869e-07 7.862843217921896e-07 0.0 0.0 0.0 0.0 0.0 0.0 0.0 0.0 7.361575233361088e-08 0.0 0.0 0.0 0.0 0.0 0.0 1.3322132196118819e-07 0.0 1.2103846595141938e-07 0.0 2.5115668025245325e-07 9.672504401216465e-08 0.0 0.0 2.2593610374899666e-06 0.0 0.0 6.150418067896708e-08 9.884268933725799e-08 0.0 0.0 0.0 4.7424259257734174e-08 0.0 8.182388247433103e-06 0.0 0.0 0.0 9.895514074764797e-08 7.694210761910346e-07 0.0 9.523485243603758e-07 5.286978213175016e-07 6.478508228794718e-08 0.0 0.0 0.0 0.0 0.0 0.0 0.0 2.0219627471748962e-07 0.0 0.0 0.0 2.7879923823345504e-06 9.024776810847543e-07 3.1230647674883504e-07 2.9661336465697856e-05 7.61844234137676e-07 8.553688185508675e-05 6.058815480450777e-06 0.0002641486057518602 9.278378117772516e-07 6.749088861321586e-07 3.7377992256977777e-07 6.237636121469387e-08 4.8283031454331926e-08 5.875401902357106e-07 1.5792602107755085e-07 7.4746700625997804e-06 0.0 0.0 0.0 0.0 0.0 7.703755191028516e-05 6.9253085880947015e-06
8.524601543472131e-05 0.0009007986207461889 0.00026372945696409925 0.00012484111230481103 0.0 1.731803155274359e-06 0.0011424316175537579 0.00016770001578649465 0.0008391289348873755 0.00011027825917784684 0.0005827826894046206 1.8522216210898438e-05 0.0003477517140078577 0.0005680302957480069 1.7129688293923804e-05 2.8532871943401805e-06 9.975108599584698e-08 8.487325151395895e-08 6.506055509762558e-08 5.9301912440203316e-08 6.068607311743277e-08 0.0 0.0 0.0 0.0 1.0196215356619631e-07 0.0 1.1827295326544834e-07 0.0 0.0 3.5027860235168263e-05 8.785760197151027e-06 9.196553440392668e-07 0.0 0.0 0.0 2.757532588903439e-06 4.463351391275158e-08 3.4689697718053825e-07 0.0 0.0 0.0 4.631039018185448e-08 3.419498547975632e-07 5.101619735079865e-08 0.0 5.095437079777979e-05 1.990551701339809e-06 0.0 5.2439054850635486e-08 1.86555431422838e-07 0.0 0.0 1.167525425098093e-07 2.1791474786463138e-06 6.739019495203158e-06 9.768333975423147e-06 2.0277064923755363e-05 1.5505208904286842e-05 2.2018672366156395e-05 4.987949955701072e-08 3.957510405952016e-07 0.0 2.0601756198033738e-05 6.0521579452502445e-06 7.020210750433776e-06 2.3669906444470028e-07 5.82260612218531e-07 2.1549123784340348e-07 0.0 1.3756875130007962e-05 0.0 0.0 5.120003306653247e-05 1.219219845410322e-05 4.7632432539489144e-05 8.95687445195195e-06 8.676534837342294e-06 5.983837858847349e-07 5.098673033619678e-06 3.712285106702532e-07 6.24842685134832e-07 7.812304759380252e-06 1.4981983398447315e-07 6.984687967449734e-06 6.684463510278411e-06 1.5993839262307805e-06 6.418547866768145e-08 4.132594181583592e-07 0.0 1.5704052640648278e-07 9.748192608969263e-08 0.0 1.9040856870721578e-07 0.0 1.5496304804133107e-05 1.6387766147734264e-06 0.0 2.3590296916824667e-07 2.2921484990553156e-05 0.0 9.3752943117372e-07 0.0 0.0 0.0 1.603674039298627e-05 1.588733204114687e-07 2.907698859062031e-07 1.5820815514173485e-06 1.0497478860636125e-06 8.676478890759434e-07 2.5261986430042626e-06 7.39957691924029e-06 4.239451666383653e-06 1.1881966599460695e-06 0.0 0.0 0.0 0.0 0.0 0.0 0.0 0.0 0.0 0.0 0.0 0.0 0.0 0.0 0.0 0.0 0.0 0.0 0.0 3.3205122781096625e-07 1.5338493795413365e-07 0.0 0.0 0.0 5.867872563436e-06 0.0 6.888394840826537e-06 1.718530895261303e-06 5.291380146836778e-07 0.0 0.0 0.0 0.0 0.0 0.0 0.0 7.981090045336863e-08 1.3575114723719166e-07 0.0 0.0 0.0 0.0 0.0 0.0 0.0 1.022825301813888e-07 0.0 2.6722332117889474e-07 0.0 0.0 6.487460658980621e-07 2.7559743431153987e-06 2.0262560673583627e-07 0.0 0.0 1.0713128287573409e-07 0.0 0.0 0.0 0.0 0.0 1.6285937861239547e-05 0.0 0.0 0.0 1.474522415871639e-07 4.6706249849884095e-07 0.0 3.022825936147667e-06 1.0581358122627717e-07 0.0 2.691678443652309e-07 0.0 0.0 0.0 0.0 0.0 0.0 2.5051036899858863e-07 0.0 0.0 0.0 6.328894128904729e-06 2.95861965588803e-06 3.2510082140785973e-06 0.00011485501721987632 4.036312226831821e-06 0.00017179684081078785 3.124088751496754e-05 2.1647758789215815e-05 1.5452908709308444e-05 1.6619881629191134e-07 1.0863476601318364e-05 9.685344028589573e-07 0.0 2.659995476839246e-07 3.6818002725090143e-07 0.0 0.0 1.5216913689083406e-07 0.0 1.7822597367682946e-06 0.0 2.9927616290584636e-05 4.357302740197078e-06
4.396558929544631e-05 2.1585868837047783e-05 1.4254620496507403e-06 0.00036773416965868645 1.731803155274359e-06 0.0 1.1632810287795589e-05 0.0 1.3329725160976009e-06 0.00042011564650875315 0.0 1.7763261018524766e-05 3.084418833767142e-05 2.885940212446428e-06 4.891956295941209e-08 4.2540672793886787e-07 6.142496576052171e-08 0.0 0.0 0.0 0.0 1.94713796249459e-06 0.0 0.0 0.0 0.0 0.0 0.0 0.0 0.0 2.22904985925667e-06 0.0 3.739126138384263e-07 0.0 0.0 0.0 1.3534828557606691e-05 1.1037629633059467e-07 1.884932570687651e-06 1.2384815672483568e-07 0.0 0.0 0.0 0.0 0.0 0.0 7.173837342037771e-07 1.1209588529488823e-07 0.0 0.0 3.0745842883838357e-07 4.185595402771419e-06 5.082409000867519e-07 0.0 4.395801204517654e-07 8.333052806782703e-07 9.491749895297846e-05 8.866192396008086e-06 8.664783085777692e-06 2.843904926226704e-07 0.0 0.0 0.0 4.3995927325248156e-07 4.2747889027960363e-07 4.203952887920353e-07 9.049132118582072e-08 0.0 0.0 0.0 0.00011427805572074936 0.00015197318223810494 4.693038424687809e-06 5.374732178140328e-06 2.2054367657210054e-07 2.3126455608689463e-07 2.1012967461861127e-07 2.178427841955255e-07 0.0 0.0 0.0 2.2630945080516155e-07 3.651407199782864e-07 3.000846866624748e-07 1.0422257694329026e-07 5.921453179787097e-07 0.0 3.276539998028568e-06 3.1305864410123544e-06 8.685293950888555e-06 9.70542080962435e-07 4.4288642847341e-06 0.0 7.698888293986836e-08 2.538372141437777e-07 0.000133298677464336 0.00015457745918898654 7.64416398782748e-06 3.22455079278126e-05 0.00019297514265753895 0.0 8.92030864811851e-07 3.4023996533438305e-07 7.219447815521478e-07 0.0 2.9904873109715735e-07 1.1884881613557886e-06 0.0 2.368271055352611e-06 4.935424365948781e-07 3.8834287565742785e-07 1.4947408514910207e-07 2.538584420950993e-06 2.4258739780567845e-07 4.021877621171494e-07 0.0 0.0 0.0 0.0 0.0 0.0 0.0 0.0 0.0 0.0 0.0 0.0 7.628530625011383e-08 0.0 0.0 0.0 0.0 0.0 0.0 0.0 0.0 0.0 0.0 0.0 1.7288849522044938e-06 0.0 1.5446370669868207e-06 2.6134132738393206e-07 0.0 0.0 0.0 0.0 0.0 0.0 0.0 0.0 0.0 0.0 0.0 0.0 0.0 0.0 0.0 0.0 0.0 0.0 0.0 0.0 0.0 0.0 0.0 7.55839820775963e-07 0.0 0.0 0.0 0.0 0.0 0.0 0.0 0.0 0.0 1.9673273763692737e-06 0.0 0.0 0.0 0.0 0.0 0.0 8.978955181318019e-08 0.0 0.0 5.457934397509056e-08 0.0 0.0 0.0 0.0 0.0 0.0 0.0 0.0 0.0 0.0 9.477916708250766e-07 8.039031864423103e-07 1.2469399160124338e-06 1.676020500960424e-06 1.4770441465999508e-07 4.2072715198908585e-06 1.3698668015610155e-06 9.777258751214879e-05 4.74153029198356e-07 1.230594267889757e-07 9.769524533360344e-08 1.4322998594998431e-07 0.0 6.281507174346957e-08 3.0577556539521216e-07 8.056221962277607e-07 0.0 0.0 0.0 0.0 0.0 3.245636887852361e-05 3.079087131747468e-06
0.00011131850552333456 0.0009061527446769251 6.05314211420219e-05 0.00025371613331752306 0.0011424316175537579 1.1632810287795589e-05 0.0 4.342641167257406e-05 0.0007356499973799691 0.001145899963057996 8.984096620994196e-05 7.375837252099733e-05 0.0010103477896665528 0.0004142833324210697 2.7233708737592098e-05 5.160368496834269e-06 3.6762647881577833e-07 8.102439177935275e-08 0.0 7.361857844724462e-08 0.0 0.0 0.0 0.0 0.0 5.290257237686301e-08 0.0 0.0 1.1733261803376877e-07 0.0 2.6268016110618878e-05 9.511910759144578e-06 3.682629872932659e-06 0.0 0.0 0.0 4.524141978261603e-06 1.3569219660020905e-07 1.300071096559063e-07 0.0 0.0 7.426400697672737e-08 0.0 7.823431179223434e-07 0.0 1.2053848458125812e-07 9.480278025978e-05 5.876870591744222e-06 4.41162901092981e-07 1.7722085136015916e-07 1.0704310115230257e-07 0.0 0.0 0.0 4.183722359325842e-06 1.767196972575107e-05 2.358012719576001e-05 3.558282440319362e-05 3.982111342736252e-05 4.788344342367937e-05 1.7594568446540484e-07 4.493364369162715e-08 0.0 2.8050138083070095e-05 1.5038357457162949e-05 1.3676494593205934e-05 3.6611715968389447e-07 1.2106576620912145e-06 2.3309331328512223e-07 2.042399316898454e-07 3.909591006701007e-05 3.6590621297982436e-07 0.0 0.00011826511406933503 2.3716715577416686e-05 8.415190512882298e-05 1.2848308576632196e-05 1.0456334372411821e-05 1.0374149773760083e-06 1.0565430767235067e-05 5.92957473256467e-07 1.8533599793126175e-06 2.0560379134613484e-05 9.888138267083618e-08 1.4939628510176874e-05 1.6127932970657436e-05 2.0384875255445736e-06 3.22622628879042e-07 2.513859754120648e-06 1.2666950783376306e-07 3.090527128087973e-07 3.7760822843349943e-07 0.0 2.529685993958703e-07 1.23993366630173e-07 4.6503963059282656e-05 5.206427422216217e-06 1.5780527275577678e-07 7.356581176557619e-07 5.217139960160053e-05 6.90150109980939e-07 3.715435504664158e-06 1.9559747153137218e-05 2.548004893933963e-05 7.075706233223202e-07 7.252360330172801e-06 6.488615590440889e-06 1.0969452858530042e-05 3.702564225516159e-05 1.0032308720848388e-05 1.5899934763438827e-06 1.1625284200649677e-05 2.9927065205404112e-05 2.05876522895369e-05 4.466696665472463e-06 4.619242261633488e-08 1.1786297489194919e-07 0.0 0.0 0.0 0.0 0.0 0.0 0.0 0.0 0.0 0.0 2.235008172075861e-07 0.0 0.0 0.0 0.0 0.0 0.0 2.772527543116756e-06 1.1902050044541198e-06 0.0 0.0 0.0 2.045756949237105e-05 6.197560992775746e-07 1.9443546111002404e-05 3.7424399973628533e-06 1.0641713826550392e-06 0.0 0.0 0.0 0.0 0.0 0.0 0.0 4.5914303726928334e-07 5.104590713205068e-07 0.0 1.2864110588651644e-07 0.0 7.396075451673793e-08 1.6304987674448166e-07 3.874006912402842e-07 2.9724957133344227e-07 5.051603699344052e-07 6.774549633060707e-07 7.229668996277474e-07 2.459511847917987e-07 0.0 0.0 1.2681425600097903e-05 0.0 2.6158381491176655e-07 4.948572528172051e-07 5.482123138990657e-08 6.542626117989176e-08 7.571011885603208e-08 0.0 0.0 0.0 6.284031054666145e-05 2.326768941637614e-07 0.0 0.0 5.076643868615829e-08 3.2995216191514593e-06 0.0 5.4694652132790514e-06 2.808571007881069e-06 1.062992233843249e-06 1.498277757126869e-06 5.328103086077287e-08 3.1469692228725676e-07 1.571229163414797e-07 0.0 0.0 0.0 3.8412418929709684e-07 0.0 0.0 0.0 2.0202357516994647e-05 1.3529073801727777e-05 1.0409356754246182e-05 0.00022796961655044848 9.252638750542604e-06 0.0003855437273380633 6.480398232411132e-05 0.00013359299378092767 2.5519512622647978e-05 4.3110098056281983e-07 2.2573547584871895e-05 2.3237097538767456e-06 4.3857100249888106e-08 6.468760003388878e-06 9.154487262308608e-07 1.3676958634086538e-05 2.0983599954371402e-07 0.0 0.0 5.422897489750213e-06 1.7102908410967438e-07 0.0001224827983979314 1.8575003435970693e-05
3.5546457906662906e-05 6.931538892021358e-05 0.00026007188931110274 3.0524154714981287e-06 0.00016770001578649465 0.0 4.342641167257406e-05 0.0 0.00015137101913232615 1.4997594780379587e-06 0.0004281809427450936 8.96603977920923e-06 5.940001678816411e-05 0.00024702817918358084 5.6949543315687755e-05 2.8576528236066415e-05 2.4015267718480045e-06 4.460308853161525e-07 7.862399762313442e-07 4.11011199754231e-06 9.629230185159025e-06 3.622296694182353e-07 1.7571441067734675e-06 1.0197051676913476e-06 3.171253284631294e-06 1.9413446842445226e-06 6.389065570218481e-08 2.4239859248076857e-07 6.230750871290559e-08 6.603499419390332e-07 0.0002394914441556205 0.0004055960675071317 5.46661660343187e-05 4.6372123668509053e-07 1.2442608579804515e-06 3.800875210532168e-06 2.4984702828177283e-05 1.6856095809294928e-05 4.857352879123489e-06 1.3449932962349882e-06 1.2499891809743213e-06 4.875206618239783e-07 4.167057018437692e-06 8.640317566589502e-06 1.3965225204360427e-06 3.7754229938925895e-06 0.00011545260633051949 4.202519402837642e-06 8.699066167848568e-07 2.886474299076799e-06 3.4495483420990694e-06 1.5596625327602954e-06 9.215512057356647e-07 4.562704637230015e-08 2.4425788845358074e-06 7.90569362858321e-06 1.489610195706223e-05 7.314778105466021e-05 1.7624491648218274e-05 4.049086048672321e-05 6.238183291959178e-06 1.9873631773607497e-05 3.341317568436696e-07 0.00024283100772977615 8.668318878413232e-06 1.1361639248729373e-05 8.976551575161535e-06 1.4601967443313875e-05 1.782284634829408e-05 5.2257485144214415e-06 8.478133670375903e-06 1.196002350912208e-06 0.0 9.350607607637722e-05 5.433698158477655e-05 0.00014258468519921718 5.5687910762862165e-05 0.00016642670330377005 9.311227881536276e-05 0.0018277076166704933 2.231828530467281e-05 0.00034452483828164323 1.2327218660194818e-05 2.5313450273325923e-07 1.1113986848200932e-05 1.3100976617098603e-05 6.751007007447336e-06 9.002183393067056e-08 3.924697520528857e-06 0.0 1.4955870143361713e-06 9.532010267715414e-07 3.0212393559536775e-06 6.62738084718198e-07 6.767076586136346e-07 2.134808306213032e-06 2.7619564580916386e-06 0.0 2.768966615515021e-07 2.573674099229438e-05 0.0 1.9427352682244682e-07 0.0 0.0 0.0 0.0 0.0 0.0 0.0 0.0 1.8248923657173768e-07 8.87965741092708e-08 3.4181501777597054e-07 1.3532011257260638e-07 2.105041904995506e-07 0.0 0.0 0.0 0.0 0.0 0.0 0.0 0.0 0.0 0.0 7.727857005441575e-08 0.0 1.929274035413102e-07 0.0 0.0 4.772494937469562e-07 0.0 6.883583818493715e-08 0.0 1.2082823449833066e-07 0.0 0.0 0.0 0.0 1.071512530320372e-06 0.0 2.725358576123938e-06 2.100697344929539e-06 1.427016143494059e-06 0.0 0.0 0.0 0.0 0.0 0.0 0.0 2.9182577778424067e-07 1.0135527183106636e-07 0.0 6.958738204782361e-08 0.0 7.345635254660874e-08 0.0 0.0 0.0 9.590849604667271e-08 2.849846289342151e-07 7.214255163177225e-08 0.0 0.0 4.58803987369933e-07 1.4031761374568082e-06 0.0 0.0 0.0 0.0 2.1431967069201588e-07 0.0 4.731804274248428e-08 1.0207802422518028e-07 0.0 2.1489123926503484e-06 7.301780390878688e-07 0.0 6.241587795915798e-08 0.0 0.0 0.0 4.431021209549674e-07 8.044351028965334e-08 0.0 7.92128599181744e-08 0.0 7.862026226849701e-08 4.049196998753456e-08 0.0 1.0872758350501239e-07 0.0 2.718198310198253e-07 1.0102438277096215e-07 4.604379346240363e-08 0.0 7.263093267772429e-07 2.911852513407523e-06 6.075242496222901e-06 0.00013905680844865126 5.222715839793296e-06 0.0002633440071739906 5.679968845882837e-05 1.1686680538925798e-05 1.3131016286059364e-05 5.416605451290197e-07 1.7158185839900357e-05 1.5040311034379999e-06 0.0 1.0245461328725688e-06 0.0 1.009610603804202e-06 0.0 0.0 0.0 4.124621282383152e-06 0.0 1.7147400947167242e-05 6.434085595294488e-07
3.255863622445001e-05 0.0005090367019358515 0.0002451835086314347 4.608576438999115e-06 0.0008391289348873755 1.3329725160976009e-06 0.0007356499973799691 0.00015137101913232615 0.0 2.9310942015889233e-05 0.0006447360352545285 2.532969279970223e-05 0.0008427999434914566 0.0004290677851269511 9.779233116416677e-06 3.171561474067569e-06 5.2017273091428875e-08 5.098749310775556e-08 0.0 6.852589376698538e-08 0.0 0.0 0.0 0.0 0.0 4.8045065708311425e-08 0.0 0.0 9.576115085547877e-08 0.0 1.4767466775547257e-05 5.28865326468186e-06 9.252596739142276e-07 0.0 0.0 0.0 1.0861835630648525e-06 4.3118416948549836e-08 0.0 0.0 0.0 0.0 0.0 5.069557406124332e-07 1.3304920117380497e-07 1.0682132799069477e-07 2.3492946488755645e-05 4.7355549457239233e-07 6.994811277448276e-08 0.0 7.204911543039948e-08 0.0 0.0 0.0 7.999057987356194e-07 2.617985643087372e-06 3.863260999103699e-06 7.44609882134894e-06 5.3822355726404736e-06 9.916627683622189e-06 9.937494771634011e-08 2.626475012809866e-07 0.0 1.1269206886408338e-05 1.2893091825721127e-06 2.0231576663985687e-06 1.4452902478237095e-07 2.49175885118788e-07 1.5869381334931675e-07 0.0 9.79791964144025e-06 0.0 0.0 1.9878892032870115e-05 6.787305132962284e-06 2.8063893950439385e-05 5.909037267095359e-06 5.918783720074381e-06 4.7389889529112696e-07 3.959241564537062e-06 1.89614692453319e-07 8.436578024486234e-07 3.3295311463891593e-06 0.0 2.216795600264784e-06 2.006352792255553e-06 7.396536422208724e-07 0.0 4.330851635438164e-07 0.0 1.0330724409469643e-07 0.0 4.9318554380031393e-08 0.0 8.559151701655062e-08 9.211159500435805e-06 7.869184458671374e-07 0.0 0.0 9.15541370771513e-06 0.0 3.117404026989648e-07 0.0 0.0 1.886473626028933e-07 1.2959501065047306e-06 0.0 5.99698856806192e-07 5.251406758233951e-07 3.281144933874962e-07 0.0 4.62695817987889e-07 3.475562983263998e-06 2.659655373253084e-06 4.894394150408093e-07 6.477629691247834e-08 0.0 0.0 0.0 0.0 0.0 0.0 0.0 0.0 0.0 0.0 0.0 7.763519768276219e-08 0.0 0.0 0.0 0.0 0.0 0.0 1.3481139816241388e-06 0.0 0.0 0.0 0.0 3.7950560157733704e-06 0.0 3.4170654804567786e-06 3.527456577249144e-07 0.0 0.0 0.0 0.0 9.766417901780721e-08 0.0 0.0 0.0 0.0 1.1165269485264869e-07 0.0 0.0 0.0 0.0 0.0 0.0 0.0 0.0 0.0 0.0 0.0 0.0 0.0 1.8495214226811723e-06 7.052604254549802e-08 0.0 0.0 0.0 0.0 0.0 0.0 0.0 0.0 9.536119108970152e-06 0.0 0.0 0.0 0.0 6.930561991414996e-07 0.0 5.366483593299433e-07 0.0 0.0 6.595759845527108e-08 0.0 0.0 0.0 0.0 0.0 0.0 5.1990456413170824e-08 0.0 0.0 0.0 2.0400899703542334e-06 2.019843280576572e-06 1.0127924588528917e-06 6.80982986990122e-05 3.4184692669231313e-06 7.533861410496573e-05 2.3846117490538557e-05 8.714219555387805e-06 7.4924984364739485e-06 1.662466683270804e-07 5.337048995267654e-06 8.020785428094835e-08 0.0 3.491594835080511e-07 2.401684399208184e-07 1.817230980998019e-06 0.0 0.0 1.2483031843829487e-07 2.54961223036253e-06 7.567898275965226e-08 1.0522864831078714e-05 3.830142732912752e-06
0.0006262707403600614 0.00016436035148755562 5.544800303366857e-06 0.00032928149975670163 0.00011027825917784684 0.00042011564650875315 0.001145899963057996 1.4997594780379587e-06 2.9310942015889233e-05 0.0 6.475715508659224e-06 0.000500566533834226 0.0030417724631963956 0.00027356631037509633 1.0248152818168626e-05 1.727722365814209e-06 9.047493670480333e-08 4.739955693115761e-08 5.54114355655682e-08 4.714334705156811e-08 0.0 0.0 0.0 0.0 0.0 0.0 0.0 7.064942159527188e-08 0.0 4.874573254773195e-08 1.605945409504765e-05 4.360769090684899e-06 2.563401634280271e-06 4.653149344986024e-08 0.0 6.779527710110539e-08 6.078036660816476e-06 0.0 2.9363502782033694e-07 0.0 0.0 4.300190081916806e-08 0.0 2.8048396970284807e-07 0.0 9.576584708875162e-08 4.653875807962668e-05 3.7388303140673922e-06 2.3088746530242233e-07 0.0 9.600683782306902e-08 1.1196006087803832e-07 1.1769119254039618e-07 7.579849596509753e-08 4.2684951233104605e-06 1.3916342209915822e-05 0.00010099783063089631 2.8125891451931813e-05 3.223327621143823e-05 2.8267654318557817e-05 4.754841985004378e-08 1.8307282903710804e-07 0.0 6.10687033637496e-06 9.546908785162268e-06 8.516329196249115e-06 3.596731007335865e-07 4.2555617352562666e-07 1.23994978561653e-07 0.0 8.967914204659268e-05 1.57250475946014e-06 5.114673239941551e-08 8.816865802555924e-05 7.500017193169559e-06 3.2520810116986115e-05 4.5506595525153765e-06 2.9789980495390825e-06 2.0222984615623528e-07 3.55478395866404e-06 1.0790141628607812e-07 6.197732583230695e-07 1.5342056596623767e-05 1.0531155179598866e-07 1.1736737399792014e-05 1.2473970479174604e-05 2.5569298619712065e-06 2.6370459687409036e-07 1.8881043843103681e-06 3.375811122703674e-07 2.1156201181072333e-07 1.3282126987569892e-07 0.0 1.6405497882478276e-07 4.315399806810173e-07 8.595865490567652e-05 4.605095295027581e-06 1.638164513450647e-07 1.1306418439761948e-06 0.0003865258899796042 0.0 2.2951916658920065e-05 1.489867286914583e-05 5.962053770230984e-06 2.2898990444881495e-06 4.742484192560677e-05 8.30096479857243e-06 6.263005609738143e-06 3.68168943372791e-05 3.43417848542038e-05 5.893621759261104e-06 4.028577805217982e-05 0.00012275453039264166 6.867527887491241e-05 1.2811413094431773e-05 2.1001561825479964e-07 8.513292599952171e-08 9.603316254821308e-08 0.0 0.0 0.0 0.0 0.0 0.0 0.0 0.0 0.0 5.407632296270983e-07 0.0 0.0 0.0 0.0 0.0 0.0 6.426735620385334e-06 5.929938010282629e-07 0.0 0.0 0.0 4.34785279468684e-05 9.225892756526636e-07 2.855697111452636e-05 3.945610527653686e-06 1.5719849464481338e-06 0.0 0.0 0.0 0.0 7.329587813861998e-08 0.0 0.0 1.4794357365399425e-07 2.0023974927078292e-07 0.0 0.0 0.0 6.114357695297002e-07 0.0 0.0 0.0 2.4769361991914633e-07 1.3385339448697954e-07 1.214664463198627e-06 9.404545564774729e-07 0.0 0.0 3.1181794529083515e-05 0.0 0.0 8.63564378173035e-08 2.000538991535864e-07 6.683222131142207e-08 0.0 0.0 0.0 0.0 0.00017515456690314203 2.964076267245675e-07 0.0 0.0 5.991970785860043e-08 1.071504601152663e-05 2.8099326329188407e-07 1.7964206148313385e-05 5.320813701648833e-07 9.886248608881095e-08 2.2495975475814722e-07 0.0 3.9521500010849103e-07 5.2691001136570095e-08 0.0 0.0 0.0 1.0853561014160934e-07 0.0 0.0 0.0 6.742993616318782e-05 2.6256503950687896e-05 2.163516456619893e-05 0.00019002635960416585 6.314450633198058e-06 0.0002219478891221855 3.589631410394032e-05 0.0007872988813989639 1.522084187189636e-05 9.045385843283345e-07 1.3171925163632347e-05 1.6454566856134154e-06 0.0 2.8101727199946014e-06 9.501352970809656e-07 6.552252803063622e-05 2.173121168137483e-07 1.5535880736488155e-06 8.394321589641126e-08 2.3846098021755745e-06 2.0377589778729958e-07 0.0005427929447354284 0.00010963078853703171
0.000223075157661104 0.00048547590789038166 0.0018898546063053695 1.0273114037688179e-05 0.0005827826894046206 0.0 8.984096620994196e-05 0.0004281809427450936 0.0006447360352545285 6.475715508659224e-06 0.0 0.000129519100114803 0.001152807137800734 0.0018159080779980683 3.5384278521764034e-05 1.9448399692513134e-05 9.859348368374224e-07 2.0887900768674117e-07 2.5366782177721134e-07 1.8691104723272297e-07 1.1794953631023064e-06 6.181170301286391e-07 3.616957921296148e-07 4.246326868158451e-07 7.490908799890401e-07 4.2577098258499626e-07 4.7019873798006465e-08 0.0 8.363615341656004e-08 5.1028963708559006e-08 0.0003489385460945363 6.3070618540042e-05 0.00029696095413667026 1.252310683296196e-07 4.2756810475567167e-07 1.9821050757137683e-06 0.00013385277417597108 1.1253937481670891e-05 6.924336237531292e-06 1.3206715180708534e-06 2.844010399578739e-07 8.863062192547342e-08 6.847783448348314e-07 2.452195203704567e-06 1.7021067998065998e-07 1.6722198805432255e-07 5.3663411962494165e-05 1.7299019797865235e-06 2.6606722438288006e-07 3.195316909526587e-07 1.4015175053212742e-06 1.3076896848465305e-06 2.0584960158112593e-06 1.52161548252373e-07 2.166024154821756e-06 8.130157599273297e-06 3.430207832748664e-05 8.42372264763542e-05 2.5407805879244344e-05 2.7578977576752115e-05 4.1647254188653775e-07 5.917678695687468e-06 7.738191509865256e-08 4.12823478581666e-05 7.02521536155051e-06 5.841338496541302e-06 1.9304049065281636e-06 2.1289768056483257e-06 2.555025420752061e-06 1.0473804332274703e-06 5.4875612009246774e-05 1.0069141355166238e-06 5.6046965719274436e-08 8.218211057967464e-05 2.1584615057901882e-05 6.920865624496525e-05 2.0039410549165755e-05 1.9543907079298476e-05 1.3975244684339674e-06 0.0005335020438150661 8.989227755473797e-07 2.318843974371111e-05 1.1061829801111623e-05 9.5234659841627e-08 8.478999539257848e-06 6.862663466962467e-06 1.550668481945338e-06 0.0 1.6534111941410605e-06 4.553120971885327e-08 5.84596998738877e-07 1.3449497810630866e-07 5.972685979558262e-07 4.534355577357196e-07 2.8477453006423506e-07 6.1555858713751594e-06 2.3977366813208636e-06 6.355549955939658e-07 2.082006256255801e-06 0.00012665125084661055 0.0 0.0 0.0 0.0 5.754445006418829e-08 1.9249422661281e-06 0.0 0.0 1.3108676182264252e-07 1.1597391052219478e-06 6.975078165787479e-07 5.601571169370846e-07 2.465829328378765e-06 1.1587345509192277e-06 7.332698981179553e-07 2.576832931221295e-07 2.751524609753907e-07 0.0 0.0 0.0 0.0 0.0 0.0 0.0 0.0 2.1695018237202295e-07 0.0 5.198595137869684e-07 1.4969896005764865e-07 0.0 3.943423799550879e-07 0.0 9.039307710224137e-08 2.8210885245914823e-07 1.453766320856008e-07 8.109302098327367e-08 0.0 0.0 0.0 6.243821102558125e-06 3.85621286359772e-07 8.398195685523771e-06 4.46625382742217e-06 1.2300462914342304e-06 0.0 0.0 0.0 0.0 0.0 0.0 0.0 4.084722642741423e-08 3.546460446921555e-07 0.0 0.0 0.0 1.949246913158973e-07 3.4844805999167645e-07 0.0 0.0 9.65329380656529e-08 0.0 6.463841745744291e-08 3.6955476057129337e-07 0.0 0.0 2.4275803854688456e-06 0.0 0.0 5.5374078530164964e-08 0.0 0.0 0.0 6.139798160886309e-08 8.383898463876337e-08 0.0 9.765393118086832e-06 0.0 0.0 0.0 0.0 8.212152537787978e-07 0.0 2.4478689435966364e-06 1.6722422801105446e-07 7.018286861365996e-08 0.0 0.0 3.7631028864530375e-08 0.0 0.0 0.0 0.0 7.05193715217107e-08 9.388677460075574e-08 0.0 0.0 3.4195188401693284e-06 6.6164547011026155e-06 7.504211086488557e-06 0.00014303515504377276 6.849509171025904e-06 0.00016748199829265208 5.225973778356741e-05 1.3083304426126531e-05 1.1321763371513998e-05 9.628102492549545e-07 1.8565840784798794e-05 2.4001454931088754e-06 5.782208781647125e-07 1.2780832102594123e-06 4.0308025578074744e-07 7.346672891938258e-07 0.0 2.4019642542385094e-07 5.308103482367917e-07 5.640341680274443e-06 4.847519950556307e-07 1.745497186230631e-05 3.377017552234603e-06
