0.0 0.0007614186215084736 0.0004322383132643868 0.0007900582864171551 1.7214046761331787e-05 0.00024401304810554297 0.0002185004638734275 8.777211723046136e-06 7.1378755366865745e-06 0.0010002446401886607 2.667243906869961e-05 7.0396859050686e-05 0.0001298282414598309 1.4175993740978685e-05 8.31193593865763e-07 1.4478676815363268e-07 5.484509436070034e-08 1.3063596153374497e-07 0.0 0.0 5.8082207746730456e-08 5.877638400447415e-08 0.0 0.0 0.0 0.0 0.0 0.0 0.0 0.0 0.0002892749927313489 2.97470030206093e-06 2.5573550667572296e-07 0.0 0.0 0.0 3.218696095959929e-07 1.1485822190823443e-07 9.394961158030482e-08 0.0 0.0 0.0 0.0 0.0 0.0 0.0 3.5543981541134505e-05 3.6445698970156097e-07 0.0 0.0 4.539953537050131e-08 0.0 0.0 0.0 3.3197644636187045e-06 1.6273624937268175e-06 0.00014432535399273654 0.0004386280868692807 6.711696982063363e-05 2.2067251561287572e-05 0.0 9.048114074125772e-08 0.0 2.2699897849532903e-06 4.028532424162828e-06 1.2521862945983673e-06 4.0541082053275353e-07 1.0625711408899182e-07 1.0790542944557781e-07 1.3502835357584158e-07 1.24397545312672e-06 1.261173882696842e-06 0.0 9.778673000489861e-05 1.2918403893558835e-05 2.233513064742649e-05 1.5025701562394947e-06 0.0 2.395058118927973e-07 1.7270972468573825e-07 0.0 8.902140566791916e-08 1.8453082970349007e-05 0.0 1.5724183797560005e-06 1.2346667037791562e-06 3.1891894490581135e-07 8.753978537394452e-08 1.9055999803023945e-07 0.0 2.2998893683991034e-07 5.0273144597832746e-08 1.3047925321347854e-07 0.0 5.998366187827671e-08 1.6147093398003815e-05 1.3769523768860373e-06 7.320437571276696e-08 2.386822360471836e-07 0.0005850868440582044 2.202546309147796e-07 1.0378305181970897e-05 3.8007003909363503e-06 9.061169372929546e-06 8.892276840499176e-08 3.961188790845097e-06 1.646069484106344e-05 5.371324244939411e-06 1.5497065286527856e-05 9.460747981648284e-06 1.5486750141194955e-07 1.6412081544577082e-05 2.351949014861634e-05 9.022147151786476e-06 6.313398286794509e-06 0.0 0.0 0.0 0.0 0.0 0.0 0.0 0.0 0.0 0.0 0.0 0.0 0.0 0.0 5.462475931219739e-07 0.0 0.0 0.0 0.0 1.004595130074998e-06 8.751842629628847e-07 0.0 0.0 0.0 9.765939502951124e-07 0.0 1.725894498966583e-06 8.155312607521861e-07 1.121253093450547e-06 0.0 0.0 0.0 0.0 0.0 0.0 0.0 0.0 0.0 0.0 0.0 0.0 8.612841223290704e-07 0.0 0.0 0.0 0.0 0.0 0.0 2.1323073434276826e-06 0.0 0.0 1.0505360565976145e-07 0.0 0.0 0.0 0.0 5.461762687473906e-08 0.0 0.0 0.0 0.0 1.014205996041274e-06 6.306905075653312e-07 0.0 0.0 0.0 1.7200542287699619e-06 0.0 0.0 0.0 0.0 0.0 0.0 0.0 0.0 6.000623283028476e-08 0.0 0.0 5.624094004990718e-08 0.0 0.0 0.0 7.866447477437295e-07 2.509080783393348e-07 1.6413656810840788e-06 0.00011175981756177708 3.80574233266969e-06 7.757731411689296e-05 6.3718533703256486e-06 0.0006337149493000403 3.6865495736674174e-06 1.2873576665435457e-07 8.166336134141771e-07 4.87689134547521e-06 0.0 9.847495571437321e-07 0.0 6.831648051908427e-05 9.392585618319971e-08 0.0 0.0 0.0 0.0 0.00018045346387138237 1.2758520337811826e-05
0.0007614186215084736 0.0 0.0009185785286155987 0.00012503849314386974 0.0013458022702125183 6.99145948076735e-05 0.0012796986756596943 6.789569988181743e-05 0.0017145374908363127 0.0007551312071958717 0.00047062783330226036 2.4078023608383225e-05 0.0003317401257888244 0.00027535244692212466 4.724399200912074e-06 2.959646358132486e-07 2.83491855420119e-07 5.237446241065653e-08 0.0 0.0 0.0 0.0 0.0 0.0 4.331299195178331e-08 0.0 0.0 1.1911114865710967e-07 0.0 0.0 0.0009487604948273797 9.612890904834591e-05 4.769850548482664e-07 0.0 0.0 0.0 1.414973804261282e-06 2.2356695033055332e-07 3.499289103045903e-07 1.6672204302387587e-07 0.0 0.0 5.0118975561616575e-08 5.278096396797743e-08 0.0 5.334197119327894e-08 9.320574831620438e-05 9.333515928305923e-07 0.0 1.7979202063495767e-07 4.319213366764499e-07 0.0 1.1949010874896245e-07 0.0 6.015172445548172e-06 2.2128565089029225e-06 0.00013407090028117315 0.0006216856258079004 0.00011737701414191848 5.204354330804297e-05 1.5725672250232017e-07 3.684902995496974e-07 0.0 5.576555811448415e-05 6.087464191767814e-06 1.8565924672401472e-06 8.306794158592475e-07 0.0 4.7191225935913396e-07 0.0 2.1520782796940416e-06 1.3565767045125818e-06 0.0 0.00021670273090083412 7.131996642358729e-05 7.86717946326051e-05 8.803503303864523e-06 6.645230638137412e-07 3.0177881497015213e-07 2.392289056684835e-06 3.3859877033054393e-07 1.3512691520052067e-06 3.0012143229153296e-05 4.4594295566180076e-08 2.5958964031908803e-06 2.6109097933815796e-06 5.093805425621428e-07 6.08605751567888e-08 6.299703524784584e-07 0.0 4.617984696927391e-07 4.429067033844984e-08 2.488412299568102e-07 0.0 6.032550935708736e-08 6.729152296995306e-06 2.031519128203976e-07 0.0 4.6224998016374934e-07 0.00035397669371024565 4.677477919572466e-07 3.044489806192254e-06 3.283197692748698e-07 2.1079691951788444e-06 0.0 6.85665155283967e-07 3.691773155251331e-06 1.007653849405616e-06 2.9694733500034248e-06 2.0295836119250065e-06 5.254021739789609e-07 8.451260382655252e-06 1.3260773172384128e-05 7.241280793742167e-06 2.675423625280404e-06 0.0 0.0 0.0 0.0 0.0 0.0 0.0 0.0 0.0 0.0 0.0 0.0 0.0 0.0 0.0 0.0 0.0 0.0 0.0 0.0 1.3182808599101067e-06 0.0 0.0 0.0 1.8147687716177575e-06 2.203666337055394e-07 2.426366909434878e-06 1.4059577333751831e-06 0.0 0.0 0.0 0.0 0.0 0.0 0.0 0.0 0.0 2.230323749326816e-07 0.0 0.0 0.0 0.0 0.0 0.0 0.0 0.0 0.0 2.809532861928748e-07 5.006263504090361e-07 0.0 0.0 1.5695329842245901e-06 0.0 0.0 0.0 0.0 0.0 0.0 0.0 0.0 0.0 1.4359228478044732e-06 2.584062807555408e-07 7.375744092199639e-08 0.0 0.0 3.447133538557032e-07 0.0 0.0 0.0 1.4482831100693272e-07 0.0 0.0 0.0 0.0 1.484982497230731e-07 5.680058828030778e-08 0.0 0.0 0.0 0.0 0.0 1.5796868372269003e-06 1.683907042380664e-06 1.6925642845856129e-06 0.00012511654607675701 1.2062521260623208e-05 0.0002547717231599485 2.8203294422185427e-05 0.0003294319382521024 7.890111460316604e-06 4.2104866264648084e-07 2.9577940813301814e-06 5.676762205629506e-06 0.0 3.058199338440339e-07 6.203880877443164e-07 1.5641948318898277e-05 0.0 0.0 0.0 2.422115466359335e-06 0.0 6.982655451320504e-05 2.402426015759708e-06
0.0004322383132643868 0.0009185785286155987 0.0 3.6105134847997984e-06 0.00038723145266720556 3.3512972638630774e-06 7.074657077531926e-05 0.0009131398090996915 0.00048464902745832454 2.9254061724025466e-05 0.000933736314661854 6.891013822027129e-06 5.6306566483035006e-05 0.00022716316869760502 2.4519480019007583e-06 1.2656921542390993e-06 2.506104085846717e-07 0.0 0.0 1.6506967977422124e-07 4.79908547952326e-07 0.0 0.0 0.0 7.301804296604065e-07 0.0 6.530482927034707e-08 0.0 5.550488430709906e-08 0.0 0.0019133311263763353 0.00022372639100357673 2.352834051355538e-05 5.911734626642278e-08 4.0582601383911325e-06 2.4999724754037937e-06 1.7022554526047135e-05 7.540093321814701e-06 5.277965035602554e-06 1.2553971486287976e-06 8.673210187237038e-08 2.455348493903128e-07 1.731129925001467e-06 7.150223252145296e-08 1.0574336830103804e-07 3.365220474162625e-07 1.5107739271973048e-05 1.974449571143884e-07 5.82874242886573e-08 2.6295904250783557e-07 4.203582724571002e-07 0.0 7.188655794179817e-08 0.0 9.234242971616953e-07 6.61705223212342e-07 4.9054798774485197e-05 0.00034163082655524183 2.4238472726274227e-05 7.488067331463507e-06 6.572947237060766e-07 8.906234075542616e-06 9.70406579501776e-07 5.908698146203444e-05 1.2537417972527394e-06 4.466662568010897e-07 2.9416812767325215e-07 6.865568013971077e-07 7.667002034113395e-06 1.9022838124790417e-06 3.181443296983257e-05 6.950414404441822e-06 0.0 4.2400155093492466e-05 1.6770178338399827e-05 1.5930015610921388e-05 7.252131628266925e-06 4.0252339274291344e-07 3.350320055098502e-06 0.00022485440331791352 3.366884515625342e-07 4.639335025066744e-05 5.297701082687895e-06 0.0 3.7906200815846995e-07 3.3928777658933746e-07 1.3078015587986457e-06 0.0 0.0 0.0 6.414104380491484e-07 4.7224582403416044e-08 9.51970757229562e-06 1.7783976419861557e-07 3.803925763770102e-07 1.7346600551431053e-05 6.79768419472607e-06 0.0 7.21759651737019e-06 0.0001470516114415202 0.0 7.428634843838246e-07 1.1374584510036882e-07 2.5313147711611297e-07 3.36689282752076e-07 0.0 3.459374466939367e-07 7.649763844591542e-07 7.0700446309678e-07 6.181735826956357e-07 3.857913062211752e-07 2.5983927313656095e-06 4.739815917516044e-06 4.144556152514441e-06 3.809013566386412e-06 3.5855214023348836e-07 0.0 0.0 0.0 0.0 0.0 0.0 0.0 0.0 0.0 0.0 0.0 0.0 0.0 0.0 9.924849478075907e-08 0.0 0.0 0.0 0.0 5.156189234576603e-07 0.0 0.0 0.0 5.384841664348696e-06 0.0 4.72053704545844e-06 3.363296839738155e-06 7.150628249249546e-07 0.0 0.0 0.0 0.0 0.0 4.328034864490754e-07 0.0 1.8255098392516228e-07 0.0 0.0 0.0 0.0 0.0 0.0 0.0 0.0 0.0 0.0 6.648277030927121e-08 7.208605673086688e-07 0.0 0.0 2.156496031329059e-06 0.0 0.0 0.0 0.0 0.0 0.0 0.0 0.0 0.0 2.3877373630111018e-06 1.7174172425450186e-06 0.0 0.0 0.0 2.8335250815581247e-06 0.0 6.254223201946563e-07 0.0 0.0 1.0507310536641242e-07 0.0 0.0 0.0 0.0 0.0 0.0 0.0 0.0 0.0 0.0 2.8132647034860154e-06 5.485074295858862e-06 7.074263520504936e-06 2.5470843697006723e-05 3.52099164068849e-06 4.45476319245068e-05 9.071821395227795e-06 3.1445324614363365e-05 2.441621377840285e-06 0.0 7.502757999846747e-07 7.638991503451167e-06 0.0 1.95150959591497e-06 6.231891383169708e-08 0.0 0.0 0.0 2.0034050147010434e-07 5.243989282019881e-07 0.0 1.423060628928532e-05 7.368537554193659e-06
0.0007900582864171551 0.00012503849314386974 3.6105134847997984e-06 0.0 3.818909128069792e-05 0.0002859650813714206 0.00034552345409074155 3.823398498320491e-07 7.9866724865756e-06 0.0014788541949429636 1.3213741193221345e-06 0.0001485330853463927 0.0006004279125144019 0.00010520830694820069 2.3064871016251825e-07 0.0 0.0 0.0 0.0 0.0 0.0 0.0 0.0 0.0 0.0 0.0 0.0 0.0 0.0 0.0 4.587306983755352e-05 2.1390166056664825e-06 2.619897799152799e-07 0.0 0.0 0.0 1.5899102441700706e-07 0.0 8.478425074059989e-08 0.0 0.0 0.0 5.2546979956008306e-08 6.049097841512458e-08 0.0 0.0 9.746622570724397e-06 3.6193929164371184e-07 0.0 0.0 0.0 0.0 0.0 6.820983671899663e-08 9.833250021677509e-07 4.047145829249462e-08 1.6680625474294817e-05 6.182876235631522e-05 1.5150547968761968e-05 7.043153222216564e-06 0.0 0.0 0.0 1.940581984412235e-06 4.511198867326797e-07 3.2659436524422805e-07 1.8144941673728794e-07 4.3256579117580207e-08 6.351858632119207e-08 0.0 1.1820455983398085e-06 2.6058670453943837e-06 0.0 2.093429316630733e-05 3.965783739622587e-06 5.947704998236294e-06 7.998690897205695e-07 0.0 1.0624526548207324e-07 0.0 0.0 3.4472062676419405e-07 3.57246445361987e-06 0.0 3.1268384305303637e-07 2.827365742632087e-07 0.0 0.0 0.0 0.0 5.018791857816257e-08 0.0 0.0 0.0 0.0 1.0665663914001246e-05 1.3021707940819868e-07 0.0 0.0 0.0001693534162175311 4.250210795487838e-07 5.84500262830484e-06 1.960972593261756e-06 3.6330549129553065e-06 0.0 2.064639795545506e-06 8.340116406021683e-06 2.886876578183553e-06 8.511838478046252e-06 2.861326692729021e-06 2.8417715457355607e-07 1.0066368964819092e-05 1.2903011140149357e-05 6.726323089876918e-06 4.873720074768735e-06 1.1212564888598249e-07 3.305244496631662e-07 0.0 0.0 0.0 0.0 0.0 0.0 0.0 0.0 0.0 0.0 0.0 0.0 0.0 0.0 0.0 0.0 0.0 4.2874703212814714e-07 1.6443474239512286e-07 0.0 0.0 0.0 1.3888161530137734e-06 3.4646852693978507e-07 7.485412819607069e-07 1.2282700103675566e-06 8.17718868507293e-08 0.0 0.0 0.0 0.0 0.0 0.0 0.0 0.0 7.99707323611941e-08 0.0 0.0 0.0 0.0 0.0 0.0 5.6799964888151435e-08 0.0 5.933236668899533e-08 8.914731010376586e-07 2.19481882309648e-07 8.290356969808273e-07 0.0 3.906087145676367e-07 1.5673069588888597e-06 0.0 0.0 0.0 0.0 0.0 0.0 0.0 0.0 1.2271284754305641e-06 0.0 7.892066567733078e-08 0.0 0.0 5.657443573620168e-07 0.0 0.0 1.0060084847719032e-07 0.0 0.0 0.0 0.0 0.0 0.0 0.0 0.0 0.0 0.0 0.0 0.0 7.662029209946406e-07 1.3892271180589337e-06 1.2109343638719236e-06 2.8800137324815695e-05 1.0773582106362237e-06 2.8903581294524198e-05 3.4338753505420486e-06 0.00024808275897704284 6.999498457593026e-07 0.0 6.252729554339921e-07 3.3070369735023808e-06 0.0 1.84019105285383e-06 2.379443142838541e-07 3.0830449802693974e-05 8.073316590411177e-08 0.0 0.0 1.248557821850494e-07 0.0 0.00012454122395555222 5.369818578331992e-06
1.7214046761331787e-05 0.0013458022702125183 0.00038723145266720556 3.818909128069792e-05 0.0 6.65689459629929e-07 0.0012397899379318154 5.934328228980919e-05 0.0018466903555338205 0.0002358404693597509 0.0005329539990133529 4.809721214662438e-06 0.000368826709984982 0.0010751424399601639 1.5266364265451524e-06 1.2967419627085652e-07 0.0 0.0 0.0 0.0 0.0 0.0 0.0 0.0 0.0 0.0 0.0 0.0 0.0 0.0 9.408507681957169e-05 2.9804593937153553e-05 2.735472128254838e-07 0.0 0.0 5.183229825226802e-08 4.492873506819932e-07 9.933972614486889e-08 9.661945472783583e-08 0.0 0.0 0.0 5.668627478262172e-08 0.0 0.0 0.0 1.9708740135846225e-05 5.198148015123329e-08 0.0 8.947966124206127e-08 1.5611395324885794e-07 0.0 5.291175995427772e-08 1.662951108276171e-07 9.476819280796175e-07 2.2367301842798455e-07 1.2989390626482402e-05 4.805633460236933e-05 1.3493838778092814e-05 9.182052019233338e-06 0.0 0.0 0.0 1.949176836698986e-05 6.46944261129545e-07 2.777674613575225e-07 9.289788667330552e-08 0.0 5.3420132101843675e-08 1.3285670465993697e-07 1.6173941539183451e-06 1.6134950811812117e-07 0.0 2.873796464631604e-05 1.7054531060984355e-05 1.6064994051565245e-05 4.219537075350357e-06 3.426687356374744e-07 0.0 5.540729434299435e-07 0.0 3.8900363769101606e-07 4.177136987184247e-06 0.0 3.1945666635609885e-07 1.8762939409964969e-07 2.517948287460743e-07 0.0 1.263994923377977e-07 0.0 1.0684525134093825e-07 0.0 0.0 0.0 5.8533497952512175e-08 1.966289596394222e-06 2.1173075722776263e-07 0.0 1.0601706654931516e-07 4.015172789464266e-06 0.0 0.0 6.143156995562478e-07 9.037368455729162e-08 0.0 0.0 1.3975486718995772e-07 5.869877666814422e-07 1.3509256213675735e-06 2.0485844884844014e-07 3.387920676144411e-07 2.1980850572081076e-06 2.9084977714616302e-06 8.405921033719472e-07 1.679545932156974e-06 3.1153050522455e-07 0.0 0.0 0.0 0.0 0.0 0.0 0.0 0.0 0.0 0.0 0.0 0.0 0.0 0.0 0.0 0.0 0.0 0.0 0.0 0.0 0.0 0.0 0.0 1.3684435976011e-06 0.0 7.073273968575664e-07 5.356988710599802e-07 3.3295887084082077e-07 0.0 0.0 0.0 0.0 0.0 0.0 0.0 0.0 0.0 0.0 0.0 0.0 0.0 0.0 0.0 0.0 0.0 0.0 0.0 0.0 0.0 0.0 4.009423954273192e-07 0.0 0.0 0.0 0.0 0.0 0.0 0.0 0.0 0.0 7.998237898905402e-07 0.0 0.0 0.0 0.0 1.6390939735711303e-07 0.0 0.0 0.0 0.0 0.0 1.9283968080684166e-07 0.0 0.0 0.0 0.0 0.0 0.0 0.0 0.0 0.0 1.6950853614289502e-06 2.7654266200817846e-07 1.7630790265278587e-06 3.306227491306638e-05 2.8784167227150476e-06 6.44709324984772e-05 1.2552970734079626e-05 1.788968920038746e-05 2.5568532194475666e-06 6.471628473552521e-08 1.699566902705354e-06 2.1398538338003205e-06 0.0 7.542829647657732e-07 2.913640183230837e-07 1.8724390335156682e-06 6.830442359528673e-07 0.0 0.0 4.826435397361445e-07 0.0 6.694925283126035e-06 1.1456322359675874e-06
0.00024401304810554297 6.99145948076735e-05 3.3512972638630774e-06 0.0002859650813714206 6.65689459629929e-07 0.0 1.0209513227631031e-05 1.7062306656286346e-06 3.445243122622601e-07 0.000475609530234748 3.230826035602745e-06 8.066328876766706e-05 6.0491126961163493e-05 6.340186158420469e-06 3.0305180668913075e-07 0.0 0.0 0.0 0.0 0.0 0.0 7.193170982008872e-07 0.0 0.0 0.0 0.0 0.0 0.0 0.0 0.0 6.818723332150483e-05 1.5506717807558017e-07 6.310053309941638e-06 0.0 0.0 0.0 6.51361719770249e-06 0.0 1.3049177217476262e-06 1.758694335456867e-07 0.0 0.0 0.0 0.0 0.0 0.0 9.706430321466844e-07 0.0 0.0 0.0 0.0 2.6998204762906332e-06 0.0 0.0 2.1826590188134267e-07 1.3570477978091975e-07 0.00011255452664760181 2.967352773528917e-05 1.7221549356584725e-06 5.758576150671048e-07 0.0 6.729703600082704e-07 0.0 3.6591805467816647e-07 2.7448592504642996e-07 0.0 0.0 0.0 0.0 0.0 4.5330628165756724e-05 0.000162097321140897 3.0830197719529737e-06 2.3527423715646707e-06 3.092142542640555e-07 3.623958723709272e-07 1.17125328787069e-07 0.0 0.0 1.9434381885669364e-06 0.0 4.025835958014272e-07 3.8238955912259744e-07 3.258276635430132e-07 0.0 2.2599594384049982e-07 4.4326610974238e-08 5.785031874800148e-07 6.4902090508082e-07 2.6836693413872523e-06 0.0 2.1926146580456995e-06 0.0 0.0 1.3763754399131672e-06 0.00015155488154609218 5.785144446955745e-05 5.465032238031806e-06 1.0510388822173676e-05 0.00013968146140870704 6.25163521018916e-07 1.474856721811143e-06 9.395414904401358e-07 1.493286396605506e-06 1.28127302662163e-07 9.417287823432174e-07 4.3252255976094784e-06 4.552697501343173e-07 2.6192205957854995e-06 6.377756702872806e-06 0.0 6.305811907635759e-06 7.372038611818692e-06 1.8061928571535275e-06 5.993108913975681e-07 1.1735962449511629e-07 0.0 0.0 0.0 0.0 0.0 0.0 0.0 1.3496142619393446e-07 0.0 0.0 0.0 3.24614579810261e-07 0.0 3.0857425078469977e-07 0.0 6.193630398656618e-07 7.706774470313122e-08 0.0 2.673696874722705e-07 0.0 0.0 0.0 0.0 1.9743335370838464e-07 0.0 9.715259216780024e-08 4.3510819634278174e-07 6.868530789092885e-07 0.0 0.0 0.0 0.0 0.0 0.0 0.0 0.0 0.0 0.0 0.0 7.878513191064213e-08 1.0195322544692879e-06 0.0 0.0 0.0 0.0 0.0 0.0 0.0 0.0 0.0 0.0 0.0 0.0 0.0 0.0 0.0 0.0 0.0 0.0 0.0 6.17017996499439e-07 7.927495523239289e-07 8.033575756037833e-08 1.475834051098202e-07 0.0 6.436910683818286e-07 0.0 0.0 0.0 0.0 0.0 0.0 0.0 0.0 0.0 0.0 0.0 0.0 9.442997264031154e-08 0.0 0.0 2.1612895512880887e-07 4.0465606302525454e-07 8.500861414921727e-07 9.054735072347124e-06 0.0 4.315189208313217e-06 5.28339373398565e-07 0.00012213766403517553 1.6315115217829659e-06 0.0 0.0 1.3862650868517678e-06 0.0 9.338272368899497e-08 0.0 1.4191296264607451e-05 0.0 0.0 0.0 0.0 0.0 4.836454291364635e-05 1.1502592653366327e-05
0.0002185004638734275 0.0012796986756596943 7.074657077531926e-05 0.00034552345409074155 0.0012397899379318154 1.0209513227631031e-05 0.0 2.4812841194626056e-05 0.0006081639932318184 0.0009959133097199758 0.00010872378804742786 0.00011931755719133465 0.0025430546994278983 0.0008812855067686469 3.6789178448072664e-06 8.001801707184898e-07 0.0 0.0 0.0 0.0 0.0 0.0 0.0 0.0 0.0 0.0 0.0 1.932459828786725e-07 0.0 0.0 9.208791301181062e-05 3.11446123319419e-05 9.234955882886965e-07 0.0 1.1199064292465294e-07 0.0 8.829244121868704e-07 2.257995212839254e-07 1.8399078291734036e-07 1.0208907257207472e-07 0.0 0.0 0.0 0.0 0.0 7.561524929070185e-08 3.7454252507433675e-05 2.1550397124447372e-07 0.0 0.0 9.777884777213433e-08 7.01351085868636e-08 0.0 0.0 1.0252852705437565e-06 7.362466171744936e-07 2.250100251446144e-05 7.656118183077658e-05 2.607771554355294e-05 1.666284449306647e-05 1.245125216840176e-07 2.2996119588895226e-07 0.0 2.6921160536711286e-05 8.342457592668433e-07 5.132050035700546e-07 2.349831807613934e-07 0.0 1.5441743305479438e-07 0.0 3.1874865079248395e-06 4.107797356080536e-06 0.0 4.8020322895719403e-05 2.6464790644879156e-05 3.3636232861059456e-05 8.656497754192015e-06 1.5228049045820828e-07 1.1458002276858836e-07 4.1034207275480996e-07 9.451954993723314e-08 2.5167290986408064e-07 7.3614939168700275e-06 0.0 5.580995580463207e-07 6.34104759910566e-07 3.590080269174363e-07 0.0 1.2815834343560218e-07 4.975289475171423e-08 6.086739091103166e-08 0.0 3.00723445297012e-07 5.7584316899286796e-08 0.0 1.5658483135050106e-05 1.8803927859840577e-06 0.0 3.844441183677463e-07 7.920171201519284e-06 9.209330766467007e-08 2.194510767628492e-06 3.0145900648204274e-07 2.669238897669811e-06 9.159978222470001e-07 2.3506422049493623e-06 3.791460484862587e-06 1.8932483582528275e-06 6.758367944438526e-06 4.2790991994525015e-06 5.905050948417578e-07 2.1383493379233707e-05 2.7605975027682475e-05 1.2135324624785579e-05 1.1104491991083787e-05 5.448847747492111e-07 0.0 0.0 0.0 0.0 0.0 0.0 0.0 0.0 0.0 0.0 0.0 0.0 0.0 0.0 0.0 0.0 0.0 0.0 5.534421619985542e-07 2.205206281919518e-07 0.0 0.0 0.0 7.989548714086366e-06 2.4085096748779643e-07 1.009805384781393e-05 4.676548076143932e-06 1.3327818923993863e-06 0.0 0.0 0.0 0.0 0.0 1.2707683035780323e-06 0.0 0.0 3.5789774886316377e-07 0.0 0.0 0.0 1.2330551394681618e-06 0.0 8.503962541542768e-08 0.0 1.4099326895615357e-07 7.15878949156326e-08 0.0 9.94261619609172e-07 0.0 1.903261636323878e-07 4.907895106044059e-06 0.0 5.676062468713724e-08 0.0 0.0 0.0 0.0 0.0 0.0 0.0 6.14263247755806e-06 2.7049798567943365e-07 7.550805077549372e-08 0.0 0.0 6.6338031284644886e-06 0.0 1.68198883977985e-07 0.0 2.540471820105416e-07 0.0 0.0 0.0 0.0 0.0 0.0 0.0 0.0 0.0 0.0 0.0 4.430884047430977e-06 6.384032570416659e-06 9.931296761838968e-06 9.240460047462131e-05 8.167262889701158e-06 0.0001254412046223381 2.808320815520544e-05 4.660698188019407e-05 5.621551662162954e-06 1.4247190860443128e-06 4.107336286929795e-06 1.2817909807222344e-05 0.0 2.8536047756476348e-06 1.0531170663628635e-07 1.275595670406395e-05 0.0 0.0 7.217833705617845e-07 1.5895993792814311e-06 4.774561190532479e-07 2.93154910364703e-05 7.501233569135424e-06
8.777211723046136e-06 6.789569988181743e-05 0.0009131398090996915 3.823398498320491e-07 5.934328228980919e-05 1.7062306656286346e-06 2.4812841194626056e-05 0.0 7.073937346767313e-05 6.8331951969519515e-06 0.0009408594029002173 9.092115108156478e-06 6.56867750989328e-05 0.0009175461501148074 4.032467433379801e-06 3.0492103601773554e-06 1.3323303029653698e-06 2.1405389417801633e-06 1.4159769419836147e-06 1.6075983607468582e-06 4.506362773839435e-06 0.0 0.0 0.0 3.654388967650215e-06 1.0046750073899666e-07 5.522869249019648e-07 1.149161101038743e-07 0.0 5.482886954084408e-08 0.00029257465342962896 0.0008962157198011166 4.8874578894877645e-05 2.1651711150175234e-06 2.2560338835534684e-05 1.4312424859896665e-05 4.561684811824341e-05 3.3360925641782705e-05 1.3402780446865875e-05 5.333983757128457e-06 1.6736517302269318e-06 2.005353638839088e-06 2.670224642750981e-05 3.8193061989505715e-06 2.1567142809230014e-06 5.288115742552449e-06 1.7774502924590858e-05 2.659739801761224e-06 1.6632060341086463e-06 1.4337496649282696e-05 4.502754530167036e-06 0.0 0.0 3.040229810176326e-07 5.4699324910399e-07 1.7651867154085207e-07 8.598889694363463e-06 5.424075844227661e-05 7.367776159637669e-06 4.407674953808161e-06 2.198392086988201e-05 3.8751163135124064e-05 1.0139890077774608e-05 0.00024509069972193144 1.4203690223296331e-07 2.8092363890870253e-06 8.536962802767272e-07 9.129597176638042e-06 6.524063210088396e-05 1.6909036751045143e-05 6.016100909617661e-05 5.463400172430762e-06 8.157634951101696e-08 2.1539985049946053e-05 2.688243158001831e-05 1.9435586728157808e-05 2.5268717413897663e-05 4.4663030993138e-05 0.00040545690591586256 0.0006261931977671938 1.738654039751639e-05 0.00049902893909069 2.4642361750966504e-06 0.0 3.214915920730805e-06 4.3300925988799525e-07 2.7188050731716623e-05 0.0 2.3889944249825113e-07 0.0 2.6584915171513755e-06 8.564115562446136e-07 4.107446105770033e-05 3.8104679860026308e-06 3.7881000104807086e-06 2.0372502848246848e-05 8.575427711322551e-06 0.0 1.3001529875448086e-05 2.8876851759936234e-06 0.0 1.4584116533500895e-07 0.0 2.7633125726011275e-07 1.6843449296550837e-07 0.0 1.1028784724954856e-07 9.154140612079916e-07 1.8109639807103526e-06 9.087214393838186e-07 1.2794936991694627e-07 2.4667273166486384e-06 4.6842838491549794e-06 2.838612913266069e-06 3.3469465393527118e-06 0.0 0.0 0.0 0.0 0.0 0.0 0.0 0.0 0.0 0.0 0.0 0.0 0.0 0.0 0.0 0.0 0.0 0.0 0.0 0.0 0.0 0.0 0.0 0.0 3.48429917733597e-06 4.5456326395945936e-07 2.690492588803869e-06 1.737600868574837e-06 1.1190350101308887e-07 0.0 0.0 0.0 0.0 0.0 3.184054401628247e-07 0.0 0.0 3.180689081411339e-07 0.0 0.0 0.0 7.065759433284962e-08 0.0 0.0 0.0 0.0 0.0 9.059704181096863e-08 7.446487465293207e-08 0.0 0.0 1.2029381999571628e-06 0.0 0.0 1.330973340322929e-07 0.0 0.0 0.0 0.0 0.0 0.0 2.920394836730516e-06 5.306140981295502e-07 5.6316553362526224e-08 0.0 1.844221204181707e-07 1.5468025020077956e-06 0.0 1.7342571966895461e-07 8.810843538708302e-08 0.0 2.0640707133138057e-07 0.0 0.0 0.0 0.0 0.0 0.0 0.0 6.091946077987879e-08 8.8958393188754e-08 0.0 2.608060729145042e-06 5.372423139852909e-06 3.637998678735915e-06 3.651741675090548e-05 8.261394062169032e-06 6.547656730121086e-05 1.698387544488261e-05 8.194599662276738e-06 1.9891920974426433e-06 8.681426495857892e-08 1.320848379469092e-06 4.513941194358322e-06 0.0 2.2168515216929192e-06 1.2935765269526734e-06 1.212196051413133e-06 0.0 0.0 0.0 1.4710746223782301e-06 0.0 5.742553064672535e-06 2.786181697233498e-06
7.1378755366865745e-06 0.0017145374908363127 0.00048464902745832454 7.9866724865756e-06 0.0018466903555338205 3.445243122622601e-07 0.0006081639932318184 7.073937346767313e-05 0.0 8.386946534960188e-05 0.00030434658250622575 2.9326287195347002e-05 0.000705337568613364 0.00025758526954525835 2.4268332233916284e-06 3.9477324015279197e-07 6.691896611297355e-08 0.0 0.0 0.0 0.0 0.0 0.0 0.0 0.0 0.0 0.0 0.0 0.0 4.963389750096003e-08 3.84457638538393e-05 1.6297668885978686e-05 2.3802278564171272e-06 0.0 5.208523754173827e-08 0.0 9.552265524317335e-07 4.286209572984444e-07 2.709001775189802e-07 8.988337415846935e-08 0.0 0.0 0.0 0.0 0.0 0.0 1.2646377549797489e-05 0.0 4.489628750646065e-08 0.0 5.278578902326768e-08 0.0 0.0 0.0 3.5969616458315866e-07 2.720684933830102e-07 4.800661123978204e-06 1.942639301128688e-05 4.836382413002222e-06 5.811882160448802e-06 0.0 9.406792725563471e-08 0.0 1.2538932200387096e-05 1.243560876563e-07 1.8016219089740573e-07 0.0 0.0 1.8251454873159672e-07 0.0 2.849489456483355e-06 1.4742493300534605e-06 0.0 1.524958420682538e-05 1.243857215167612e-05 1.2819062309705337e-05 6.248501500938084e-06 1.9894670881906579e-07 2.590203220295579e-07 3.4970725698947406e-07 0.0 4.396382998681666e-08 2.5504890463267907e-06 0.0 2.4308702943724414e-07 1.4061872248076785e-07 6.372822479148137e-08 0.0 8.62690295548334e-08 0.0 0.0 0.0 5.065759054066153e-08 0.0 0.0 4.661125803037874e-06 9.149514543565979e-07 0.0 3.466115912837226e-07 1.0250138746905102e-06 0.0 1.4508838605861948e-07 2.438195484685518e-07 3.6954783031564623e-07 0.0 9.44344032961642e-07 7.39230238530008e-07 8.697724127918018e-07 1.807882885757269e-06 1.1323366028637455e-06 5.897823713792002e-07 6.2483250393983535e-06 9.375189245116408e-06 5.733226157989426e-06 5.8600808886833296e-06 5.272658256101453e-07 0.0 0.0 0.0 0.0 0.0 0.0 0.0 0.0 0.0 0.0 0.0 0.0 0.0 0.0 0.0 0.0 0.0 0.0 0.0 1.599862492149013e-07 0.0 0.0 0.0 3.522458569707313e-06 0.0 3.4134864580989307e-06 2.3117658201673523e-06 0.0 0.0 0.0 0.0 0.0 7.442306581897866e-08 6.836412627769636e-08 0.0 0.0 0.0 0.0 0.0 0.0 0.0 0.0 0.0 0.0 0.0 0.0 0.0 0.0 4.286791571901624e-07 0.0 2.453102960548851e-06 2.8923886615014837e-07 0.0 0.0 0.0 0.0 0.0 0.0 0.0 0.0 1.7891081135329868e-06 3.382151805129432e-07 0.0 0.0 0.0 1.3968263266282614e-06 0.0 6.435747849649283e-07 0.0 5.695717607809064e-08 0.0 0.0 0.0 0.0 0.0 0.0 0.0 0.0 0.0 0.0 0.0 1.5915196972596284e-06 4.181449019821441e-06 1.4164515512119916e-06 4.2119966061147603e-05 4.075290418316945e-06 5.4479965092429514e-05 1.3274693868335314e-05 1.001792268340332e-05 3.4317759029056937e-06 1.0918223216860563e-07 1.5561691437069464e-06 4.212950845787537e-06 0.0 1.2359393256187888e-06 4.455769164113755e-07 5.113601679921231e-06 2.576509040118332e-07 0.0 0.0 9.780643079707953e-07 4.62082470535387e-07 5.754803385496693e-06 1.8271647085377458e-06
0.0010002446401886607 0.0007551312071958717 2.9254061724025466e-05 0.0014788541949429636 0.0002358404693597509 0.000475609530234748 0.0009959133097199758 6.8331951969519515e-06 8.386946534960188e-05 0.0 1.7891257821290774e-05 0.0006380182982590455 0.002911781956551449 0.0002248587380960525 8.113549002747394e-06 1.7227843913425423e-06 2.086669925766261e-07 0.0 0.0 0.0 0.0 2.009822379796548e-07 0.0 0.0 5.566250693586147e-08 0.0 0.0 0.0 2.3365819813657415e-07 0.0 0.0001046531189556885 1.384962665204682e-05 6.555165254249018e-06 0.0 6.935783415467678e-08 0.0 4.582778279953155e-06 4.4325200029990764e-07 6.397417502368924e-07 2.4904027076044134e-07 0.0 0.0 0.0 4.242097595929641e-08 0.0 0.0 7.477726648663123e-05 5.035122862136486e-07 0.0 9.964522986096366e-08 5.910207731453961e-08 2.3478296798050832e-07 0.0 0.0 2.2217896894119636e-06 1.6939453517247668e-06 5.113060510281129e-05 0.00010724025988253842 4.0353998426540755e-05 3.31051149082975e-05 1.654650433916818e-07 2.1498783578658717e-07 0.0 2.743842584300985e-05 2.271374771151133e-06 1.0227239599706483e-06 6.431281120170515e-07 7.38540999538143e-08 0.0 0.0 3.487128871947019e-05 4.0630784888909396e-05 1.554452945100481e-07 8.0020064410135e-05 3.886942407662264e-05 5.849185693572725e-05 1.5039662201159565e-05 4.727303909132488e-07 2.5797559989444843e-07 4.2879342081647595e-07 1.548828659506301e-07 3.9420369661089603e-07 1.5399113746660568e-05 0.0 1.3629462720534845e-06 1.4772398378143288e-06 2.650163280546816e-07 0.0 3.287039409251498e-07 2.4496325696619624e-07 4.268252096968787e-07 1.75213986564644e-07 1.2544860734601167e-07 6.207933591411156e-08 3.1841082627105566e-07 0.0002518192080215817 1.7725063217902556e-05 4.942099411815047e-07 2.133015284184239e-06 0.000328158079577496 6.485472226287816e-07 4.483756094811326e-05 9.697009274256236e-06 4.2876322403289755e-05 2.485028468760098e-06 1.96618304038853e-05 9.768400232524561e-05 3.342295678948313e-05 9.591962940258181e-05 8.33959240917311e-05 5.731493127794737e-06 0.00021858085889895813 0.0003065138043528606 0.0001455469233935484 0.00011619836604953265 3.1650778373629498e-06 0.0 0.0 8.547217811536821e-07 0.0 0.0 0.0 0.0 0.0 0.0 0.0 0.0 0.0 0.0 7.740066936221051e-08 0.0 1.8428899460758475e-06 0.0 0.0 3.7011597164078517e-06 9.614410191729436e-06 0.0 0.0 0.0 6.513188526242116e-05 8.455884543589187e-07 5.75916101719215e-05 3.5667530331792366e-05 7.97990581407515e-06 0.0 0.0 0.0 2.1915997922389324e-07 5.03485351516546e-07 1.7251005051567621e-06 0.0 1.730076570962966e-06 8.527364101259942e-07 0.0 0.0 8.030773816092372e-07 3.3717503366066665e-06 0.0 0.0 7.893881719454496e-07 0.0 1.176955871519709e-06 1.8290055938873801e-06 8.72435398625613e-06 2.6942969225570265e-06 1.533326733506451e-06 3.935386441541512e-05 2.1728354888469294e-06 2.477511040929789e-07 0.0 0.0 0.0 0.0 0.0 0.0 0.0 4.5296608986676437e-05 1.9924763683673283e-06 3.944225612850995e-07 1.764300210202696e-07 0.0 4.880561540197729e-05 2.1215151368572567e-07 8.292854029429801e-06 6.058974783718908e-07 2.6870063429764704e-06 3.1481062768223185e-06 1.530010752700746e-06 1.399580838898469e-06 0.0 7.570473515677385e-08 2.62593722236364e-07 8.821590819483996e-08 0.0 0.0 0.0 0.0 4.3611999705499474e-05 5.035764576203919e-05 8.747596944618857e-05 0.00035892222145891275 1.8396671790213093e-05 0.0002474933796286927 6.511019346790338e-05 0.0004716812460144314 1.9115261531069725e-05 8.732316790378632e-06 1.5311318104521863e-05 8.985542002401756e-05 1.155795955189759e-06 3.6772202332613344e-05 7.990414252536e-06 0.00024178041880266508 4.479055155237032e-06 3.927075213568547e-06 5.6816379884174866e-06 4.438790729635613e-06 1.8061919470009788e-06 0.0006361418082238125 0.00011157876466816667
2.667243906869961e-05 0.00047062783330226036 0.000933736314661854 1.3213741193221345e-06 0.0005329539990133529 3.230826035602745e-06 0.00010872378804742786 0.0009408594029002173 0.00030434658250622575 1.7891257821290774e-05 0.0 4.1280864916484134e-05 0.0005440519862896323 0.0015963465650376334 9.283921337758396e-06 5.816533414005851e-06 4.952809621537172e-07 1.0575448961710757e-07 0.0 7.280019857699973e-07 2.638683493207661e-06 0.0 0.0 6.649259912560318e-08 5.46675491576075e-06 4.886130765303091e-07 1.5084708746955449e-07 1.1539032036127158e-07 0.0 5.703517906064246e-08 0.0002034575541316091 0.00023943105326329248 0.00026644434193035427 0.0 1.1789230307689413e-05 1.0886180249099215e-05 0.00011091040251856501 4.9091602791786126e-05 1.385290084479831e-05 6.362265237393339e-06 1.8626943709688461e-06 1.5977631941267757e-06 1.9150510874827853e-06 1.1637713352100262e-07 0.0 1.7308565509171113e-07 2.7800718041109225e-05 2.6119069091356817e-07 0.0 2.663565962551748e-07 9.372123269501092e-07 2.2032550644701035e-07 1.8066348546602312e-07 2.060404294685375e-07 8.090456674631412e-07 3.734675331772071e-07 1.4269949923112318e-05 5.934018309154789e-05 1.287370823027208e-05 1.0318587388535415e-05 1.1016953198981347e-06 1.2433834425315083e-05 3.6688402077299927e-06 7.32712009248556e-05 5.511633935304479e-07 1.0635288956632678e-06 8.887848761334102e-07 2.074415665103675e-06 1.346049819462231e-05 3.7903403364325058e-06 0.00010477753979301014 7.121676895144931e-06 0.0 3.168023842820155e-05 3.8934748937560945e-05 4.367697437381597e-05 2.4887026452961174e-05 1.6241924116213871e-06 3.272607187204032e-05 1.0373721167491829e-05 2.2235406608329125e-07 3.881084494636428e-06 3.015389943452204e-06 0.0 5.989181252474253e-07 2.9226080534354063e-07 1.4534415554847963e-06 0.0 1.2526665995530794e-07 0.0 2.9570029260326463e-07 9.921636930496785e-08 2.0089893346240787e-05 1.5367427936889389e-06 8.330864119379693e-07 3.684738195130923e-05 1.1306557215009112e-05 0.0 1.4090656404249115e-05 4.981432423039696e-06 3.3065072397835904e-07 1.5696859895954474e-07 0.0 4.1429032282118456e-07 4.875961244377916e-07 8.358717156247544e-08 2.7073887272054757e-07 5.636929483252312e-07 1.4870076323660991e-06 9.511070773197448e-07 4.650988241350583e-07 5.676755410654999e-06 9.921385192276203e-06 6.868609897557525e-06 8.254832585430764e-06 1.523309685990828e-07 8.512214591313923e-08 0.0 1.427673308225733e-07 0.0 0.0 0.0 0.0 0.0 0.0 8.49189450058513e-08 0.0 0.0 0.0 0.0 6.519453041814802e-08 1.3170965478033442e-07 0.0 0.0 1.5295523017970612e-06 0.0 0.0 1.238977032477789e-07 0.0 6.957331144058104e-06 1.716737882240858e-07 3.868103761846452e-06 4.04291279702227e-06 3.59893031826138e-07 0.0 0.0 0.0 0.0 0.0 0.0 0.0 0.0 1.2998570117544317e-07 0.0 0.0 0.0 8.140105163664777e-08 1.784254411295182e-07 0.0 0.0 0.0 2.8534859986621094e-07 5.543936412908627e-07 6.552103829396445e-08 1.586899758768564e-07 0.0 2.8745271961898016e-06 0.0 0.0 0.0 0.0 0.0 8.789136192634218e-08 0.0 0.0 0.0 5.125020171187624e-06 8.171322938916855e-07 2.7545526660199207e-07 0.0 8.421953225399418e-08 3.280898655723614e-06 0.0 4.7627694369785414e-07 1.9565518576562837e-07 0.0 5.606331068887324e-08 6.484940805254255e-08 0.0 0.0 0.0 0.0 0.0 0.0 6.694335321413043e-08 0.0 0.0 5.36068378033174e-06 6.077760016463576e-06 6.287945534149833e-06 5.2036568497369346e-05 5.358120516463208e-06 9.28949494281705e-05 2.1052523723672206e-05 1.1153100138350931e-05 3.2791727779149346e-06 5.348043781226588e-07 2.634787857439283e-06 6.626545085798548e-06 0.0 1.8670698857072958e-06 1.1360115827444565e-06 1.2371049775203371e-06 0.0 0.0 0.0 2.3381784138711275e-06 2.4789345361391054e-07 1.3786187440170923e-05 6.428177832456665e-06
7.0396859050686e-05 2.4078023608383225e-05 6.891013822027129e-06 0.0001485330853463927 4.809721214662438e-06 8.066328876766706e-05 0.00011931755719133465 9.092115108156478e-06 2.9326287195347002e-05 0.0006380182982590455 4.1280864916484134e-05 0.0 0.0006795066734431809 0.00012797093727407778 1.6133632416364417e-05 1.3777840884148865e-05 1.3046838582581406e-06 4.735452226448826e-08 0.0 0.0 0.0 0.0 0.0 5.006601631995972e-08 4.491799568372428e-07 2.536236493795089e-07 0.0 9.881172130032521e-08 0.0 0.0 8.463952256299704e-06 1.957754036182247e-06 6.60370845028739e-05 0.0 1.3402257973587735e-06 1.0276181785426692e-06 0.0002094463727028387 1.6327921616925135e-05 6.102520940960963e-06 4.477911276345532e-06 0.0 6.044997583502672e-08 6.562662430146142e-08 4.659590886870478e-07 0.0 5.099029077856452e-08 2.960755284672563e-05 9.80900866960676e-08 0.0 4.8840635137936384e-08 1.2050936739245833e-07 0.0 5.290609539755023e-08 0.0 2.67871879725593e-07 5.7217953484940244e-08 5.828649701360444e-06 6.6349300012179616e-06 4.996154119728538e-06 7.233875821700921e-06 1.9023419832791263e-06 1.928887060283971e-05 5.756183904050746e-07 3.273287403217826e-06 4.657161319839748e-07 1.8081852725125825e-07 8.939327571298025e-08 2.4016280073044007e-07 7.64902832496599e-07 7.326777053912133e-08 0.00021253424601910345 1.9346726386243355e-05 5.1046886474466826e-08 1.2701212844433492e-05 1.883916892079491e-05 4.0504601077789854e-05 2.2302599655037564e-05 2.0159702025914848e-06 8.252708073273778e-08 2.4821683231045892e-05 3.616037902970529e-07 3.4782718188413285e-06 1.265009610478993e-06 0.0 1.6666671904797254e-07 1.1975808841319186e-07 1.4618361127028972e-07 0.0 4.7491244632221696e-08 0.0 0.0 0.0 1.3736249589122365e-06 1.8696099718554542e-07 1.1101139774570009e-07 0.0004815343131033948 1.962767008466487e-05 1.3017582747123836e-07 4.380143009616265e-06 2.5394329453887336e-05 1.4283079630003868e-07 1.3222114671472663e-05 4.80044075485093e-06 1.5762398551310782e-05 4.514837732021917e-07 8.364948085528821e-06 3.712115185228081e-05 1.8712091385588377e-05 4.9123346797293076e-05 3.9639111714055925e-05 4.447609143648668e-06 0.00011516264499480589 0.00017552913224981763 9.254096251753244e-05 5.571267400404998e-05 1.5995768164594384e-06 4.5235351331495785e-07 2.3292206758670727e-07 6.501165209515746e-08 0.0 0.0 0.0 0.0 0.0 0.0 0.0 0.0 0.0 0.0 0.0 0.0 0.0 0.0 0.0 2.5969028324237983e-06 4.061991605913106e-06 0.0 0.0 0.0 2.5598793549013607e-05 2.922029545514302e-07 2.041971992916465e-05 9.9001281348245e-06 1.741436097643263e-06 0.0 0.0 0.0 0.0 1.5362922848013264e-07 0.0 0.0 2.0331594392052743e-07 1.3291280995400962e-06 1.8307880590800672e-07 0.0 6.458894234177114e-08 6.117980181221893e-08 0.0 7.79510830768015e-08 0.0 0.0 5.935047332197428e-07 1.2683671798534232e-06 3.5369534181464016e-06 1.2566826996217528e-07 4.725619295728611e-07 1.7105806096520205e-05 8.161345547454275e-07 0.0 8.478793291027016e-08 0.0 0.0 0.0 0.0 0.0 0.0 2.411674860030209e-05 1.0987058926836705e-06 1.3909889655950363e-07 8.308452631085256e-08 0.0 3.153506544367136e-05 2.9399473322293374e-07 5.510744587430422e-06 8.035314355202452e-07 2.4707438821834547e-06 5.963066939449456e-07 3.8066825285639684e-07 1.890436963526325e-07 0.0 0.0 0.0 0.0 5.4026268763318116e-08 0.0 0.0 0.0 3.476980492743436e-05 1.701369739938117e-05 2.5313632897726597e-05 0.0002127935023407796 6.596308529800582e-06 0.00013491244379110833 5.6287633805577566e-05 8.686010868164058e-05 7.900085851184945e-06 4.457227818640689e-06 7.065081008069032e-06 3.185327755745865e-05 0.0 1.709455338185198e-05 3.1482959542757612e-06 7.289899671250705e-05 1.2420679271555703e-06 2.451971246116295e-07 1.5749885799012584e-06 9.299611553125157e-06 6.80013336536214e-07 0.00025105881873531475 5.7735098705129724e-05
