0.0 0.0014426642641648072 0.00011734858627453788 0.0007891707878366557 4.556557825065177e-05 0.00012768557412492308 0.00042843903922902527 2.690136817938089e-06 4.0846652681290085e-05 0.0009306388090751046 3.240227748869589e-05 3.041924663696603e-05 5.166468555036024e-05 4.8760682578316556e-05 1.1790948891330471e-07 1.1719684175635474e-07 0.0 0.0 0.0 0.0 0.0 0.0 0.0 6.335179360451426e-08 1.5968018821610887e-07 0.0 6.653390834893554e-08 1.328942723551699e-07 0.0 3.3008807739728057e-08 0.00024924169880130353 5.058137528218714e-07 4.782803397080589e-06 0.0 0.0 3.0443588674952526e-07 4.071890756968208e-06 1.6906160642165388e-07 5.619573834267821e-07 2.3184025452328225e-07 5.6327780779678266e-08 3.694506982451532e-08 8.664986154709134e-08 1.0131990081901527e-07 4.32926241483582e-08 3.7610305915351606e-08 3.101761673876094e-05 2.0355772486408e-06 4.1874828664081154e-07 5.0528502160890635e-08 1.5859177632570384e-07 2.059574602251991e-07 0.0 4.651208492436949e-08 4.788959436738281e-06 6.170988066474466e-06 8.782077720578975e-05 0.00022500643991870252 2.3979716463810665e-05 1.5055698051431183e-05 7.327250407567653e-08 7.650600285363783e-07 0.0 2.0773041398980627e-06 1.945907945628006e-06 9.146506741108442e-07 3.573099621920186e-07 1.05238988276104e-07 0.0 4.0671213118766797e-08 6.003502223532729e-06 1.771898885608967e-06 0.0 0.00012284729861450244 2.750650239427959e-05 1.2133145827004705e-05 1.5196814898971819e-06 8.330711270959056e-08 9.178982529145135e-08 4.463749225728445e-06 3.684457792951383e-08 7.553753417469687e-07 1.2698349234011648e-05 5.318649728311357e-07 2.894483566072736e-06 2.840292875955035e-06 9.82335451299529e-08 4.622867394403856e-07 4.4159294234540474e-07 2.1681625120356395e-07 3.868562086042261e-07 1.319241814558289e-07 7.181851304630195e-08 5.04140287548927e-07 1.795329555731224e-07 4.312952055324559e-05 2.0667811359698257e-06 7.30445871902113e-08 1.2694957327710876e-06 0.0007647189089469123 0.0 2.0138650161018032e-07 1.8006690531014749e-07 4.055238302020704e-07 5.948593853740816e-08 4.907939828790969e-07 1.570827465736621e-06 1.212939308301603e-07 2.8628503302740988e-06 3.89691797506038e-06 1.8553296997284878e-07 1.65722713436188e-06 7.783185772655695e-06 2.1928971552599686e-06 1.4145983374276788e-06 1.4278116747933725e-07 0.0 0.0 0.0 0.0 0.0 0.0 0.0 0.0 0.0 0.0 0.0 0.0 0.0 0.0 0.0 0.0 0.0 5.6075038875796747e-08 6.679256113551477e-08 0.0 0.0 0.0 0.0 9.287108659829452e-07 2.2891778115712677e-07 1.1190898125110615e-06 1.0359843931729634e-06 4.096755363831339e-07 0.0 0.0 0.0 0.0 0.0 6.490523420190649e-07 0.0 0.0 4.193545310200623e-08 0.0 0.0 0.0 0.0 0.0 0.0 0.0 0.0 0.0 4.7288163844068896e-08 0.0 0.0 0.0 6.083387055720315e-07 0.0 0.0 0.0 0.0 0.0 0.0 0.0 0.0 2.757168022351097e-07 2.6596139359429007e-06 0.0 0.0 0.0 0.0 7.475990123709004e-07 0.0 5.988071385455121e-07 6.823887421760897e-08 0.0 0.0 0.0 0.0 0.0 0.0 0.0 0.0 0.0 0.0 0.0 0.0 3.8069168014739312e-06 4.4386719924275733e-07 4.3253700848011064e-07 0.00018296896697918486 2.8821172244408325e-06 6.806308398404714e-05 3.3779988377071645e-06 0.0002674970838970554 2.2050949540653003e-06 1.3512543319966953e-06 2.4289905620052993e-06 1.1429353466846643e-06 4.0078836579691375e-08 2.0024116819496213e-07 0.0 9.056074579436903e-06 0.0 0.0 0.0 1.2218211191363792e-06 0.0 6.155130502967557e-05 3.5883129319364652e-06
0.0014426642641648072 0.0 0.00022966972835397072 0.0007979241871077995 0.0009643248998632947 7.493497480023678e-05 0.0018276757931158763 3.930943231760411e-05 0.0007158552239760074 0.001511466723687007 0.0003614803718044331 0.0001280176689194397 0.0004478769058155726 0.0008112313858995539 1.0829435488813268e-06 5.523985009574928e-07 1.4884534733529478e-07 9.906969735632356e-08 0.0 2.1764657866149525e-07 3.677019277755086e-07 6.089135079132494e-08 0.0 7.888805964641817e-08 7.142919306742958e-07 3.504344723509584e-07 0.0 4.85472683173934e-07 0.0 0.0 0.0012937177163330018 1.7254606953297444e-05 1.7222854921157036e-05 0.0 1.3617889751281e-07 9.338309993358771e-07 1.2170285654558339e-05 1.7090949199153641e-06 1.301653831530202e-06 1.5121035867176419e-06 8.672145694153861e-08 1.8831889368171865e-07 6.22995807037771e-08 2.0775606329390404e-07 0.0 9.360451794819881e-08 7.972550563962895e-05 3.8318135496228735e-06 1.2399697748781627e-06 3.631541958982698e-08 8.733713427665633e-07 9.342010598608546e-08 7.62232918099993e-08 3.66396707738974e-08 7.712683602163542e-06 1.4169056046759384e-05 9.799423788397035e-05 0.00038193292201931943 4.049148175249771e-05 3.5911748239218254e-05 7.140875522602263e-07 3.0487999830314317e-06 0.0 1.9967006639010268e-05 5.855060101045614e-06 2.17947074710696e-06 7.688685797313636e-07 7.559350723706787e-08 0.0 7.947081894511362e-08 1.1892433139489388e-05 1.1376539109920082e-06 1.0046593327486345e-07 0.00023355564970184843 9.638090630790399e-05 3.981231272599584e-05 8.616524201854296e-06 6.402156998351128e-07 5.24308150422056e-07 1.7738691522849693e-05 2.602383567508769e-07 2.5038551034334472e-06 2.468821849370892e-05 1.0277587282079048e-06 6.363714336125915e-06 7.062525026047154e-06 4.009822055480385e-07 1.976907394262981e-07 1.470763906501063e-06 8.38710060965522e-08 1.6437777784812883e-06 4.921649769862101e-07 1.6614774103676967e-07 1.637241916386281e-06 3.8487298345461725e-07 1.4691979690024894e-05 7.147873401471953e-06 3.4331750090644714e-08 3.5966830449585915e-06 0.0005280967462324897 3.9272387916704795e-07 7.573503429848989e-07 9.413933950597617e-07 1.3071589300639587e-06 1.054290796457884e-06 1.1098973668787553e-06 6.110274958419783e-07 7.434362422299158e-08 3.149502244832522e-06 2.1123483063594446e-06 2.932976687808809e-07 5.298785108187816e-06 5.636109466612358e-06 5.0148936102949195e-06 4.945552435679308e-06 4.899182387612768e-07 1.9634096387245894e-07 0.0 0.0 0.0 0.0 0.0 0.0 0.0 0.0 0.0 0.0 6.631746532726168e-08 0.0 1.0003636435274992e-07 6.729361522582489e-08 2.6820843804152604e-07 0.0 0.0 9.129599170948096e-07 0.0 0.0 1.1187982365212046e-07 2.44663036170496e-07 4.23587449491496e-06 4.765326901016015e-07 5.724393532219695e-06 1.3677266738058656e-06 1.9644796910551e-06 0.0 0.0 0.0 0.0 1.1737951421044808e-07 0.0 0.0 0.0 3.062695693225387e-07 0.0 0.0 0.0 4.015176157828864e-08 0.0 9.071412731015893e-08 0.0 7.08812730142616e-08 0.0 0.0 0.0 0.0 2.936900122313663e-07 3.842959245753719e-06 1.800482839629076e-07 0.0 0.0 0.0 6.475989262329363e-08 0.0 0.0 0.0 0.0 7.553717900504945e-06 8.492517895781092e-08 0.0 0.0 0.0 2.4427865415542974e-06 0.0 9.532451316616511e-07 4.251349333934051e-08 1.0537067764464455e-07 3.9433898308477877e-07 0.0 2.1719144413834308e-07 0.0 4.915536553102829e-08 0.0 0.0 0.0 0.0 0.0 0.0 6.0638772814545735e-06 1.6694557207368807e-06 3.5948090299115065e-06 8.979729270267412e-05 5.324854481082754e-06 0.0001557497467731656 7.82044345101654e-06 0.00015168277215176127 6.105891201868851e-06 1.0896509195779662e-06 3.3081237064653874e-06 1.5478450168848505e-06 0.0 8.353440371662566e-07 2.5224106335456813e-07 2.5605146152816817e-06 8.381620642706644e-08 0.0 0.0 3.410841103915686e-06 0.0 4.890089282700056e-05 6.476242596699342e-06
0.00011734858627453788 0.00022966972835397072 0.0 3.8669825920926704e-06 0.00018452714079512236 1.5641001303103103e-06 3.741353642109499e-05 0.0006614593639543083 0.0002826983159132418 3.608399055155506e-05 0.0013578769840060345 3.817352743886909e-06 6.598756659100665e-05 0.000550289619180606 7.301576715911857e-07 4.074560515987044e-07 2.7770130187574314e-07 3.044100455828597e-08 3.4966043606146856e-08 1.1931955133717594e-07 5.03090819970748e-07 8.031247903945259e-08 2.5405379605079406e-07 1.82828165895407e-07 4.215060930109374e-06 1.6994441604214852e-06 1.043959548315718e-06 1.471110464722634e-06 1.717980592113488e-07 6.984013785172711e-08 0.0020439453887198186 0.00024377488112452557 5.1171764648635386e-05 4.923679517378676e-08 1.0924436635361024e-06 1.2318602539357157e-05 3.607615661690697e-05 1.4298552619046472e-05 4.724170744062404e-06 5.74971622904733e-06 2.360828057356624e-06 2.2244644757606437e-06 1.1070402645684489e-07 1.5454948692138413e-07 5.317966738905004e-08 0.0 2.3080048995528472e-05 1.0921675950019011e-06 3.2246650395501246e-07 1.2487484070530751e-07 2.6221697995451595e-07 7.35243125009968e-08 0.0 5.6282001062076e-07 1.9397076811317586e-06 3.820465357535648e-06 3.869847501521645e-05 0.0002605599047257059 1.1735348192179737e-05 9.809151957031175e-06 3.0451807970907035e-06 3.441350806640309e-05 4.380670353693932e-07 2.6017100985503703e-05 1.2970340357969504e-06 5.88564271189044e-07 2.008708873210572e-07 4.99325811589388e-08 0.0 3.244997924898942e-07 1.11727830435959e-05 2.5145609606557203e-06 2.69180165111777e-07 7.933763219773576e-05 3.573004151519821e-05 1.1542560597120299e-05 3.802479492187974e-06 1.7290101511108626e-06 6.7584316983730375e-06 0.00028565272353619765 6.493976877518767e-07 4.0601385980723525e-05 6.441037096897104e-06 3.480274617128312e-07 1.50899575068796e-06 1.3150947998820237e-06 1.7038537891402168e-07 0.0 3.697829477215453e-07 1.3782658362135518e-07 4.120019785210868e-07 1.2759125987392445e-07 5.775981026195746e-07 8.665988386894285e-07 2.851471884525606e-07 1.1170485280950574e-05 2.5354717863493325e-06 0.0 2.7127608075777755e-06 5.0231930982580626e-05 1.390542319339084e-07 1.1755994769382256e-07 1.2344830290151606e-07 0.0 2.0022877463089085e-07 7.133679746277588e-07 4.2941402667465864e-07 6.199541687608193e-07 2.122827574578117e-06 1.8344588000496474e-06 0.0 2.6405048168758664e-06 3.1764840120736627e-06 2.5776029461595857e-06 3.4581433491632914e-06 4.4498804520745226e-07 1.9039349983778855e-07 0.0 0.0 0.0 0.0 0.0 0.0 0.0 0.0 6.30544169582104e-08 0.0 2.8481884856350056e-07 1.0107275289736046e-07 8.479482952713132e-08 1.0545488705566469e-07 0.0 1.3704473849091226e-07 1.2517597537784866e-07 6.146027497326326e-07 0.0 0.0 8.99243961803872e-07 0.0 2.6708198569415118e-06 8.026671068893244e-07 3.7860895445012566e-06 2.2893245227110465e-06 8.168191344511708e-07 7.877163316903929e-08 0.0 0.0 4.6562272314174523e-08 9.996243698418468e-08 0.0 0.0 0.0 3.904483856689445e-07 0.0 0.0 0.0 2.391861934472114e-07 0.0 0.0 0.0 0.0 1.8508848606117747e-07 3.7926879152141627e-08 0.0 0.0 1.8041403533039395e-07 2.568255308855332e-06 2.279682887883989e-07 0.0 0.0 0.0 0.0 0.0 0.0 0.0 1.0178055009927643e-07 7.004488958832997e-06 4.0053930958329245e-07 0.0 6.045001177237102e-08 0.0 1.2764848383201321e-06 0.0 4.617128981342917e-07 1.0089421392767113e-07 2.4028102946129425e-07 1.6565902884197583e-07 0.0 5.016719084456819e-08 0.0 0.0 0.0 0.0 0.0 0.0 0.0 0.0 3.765075106131918e-06 2.0556458631088186e-06 4.297501519815936e-06 3.071790209723022e-05 1.3996464151868248e-06 4.296893764992592e-05 4.244109656560437e-06 1.2164138277995041e-05 2.228047386931157e-06 9.512112093258273e-08 1.1718415058140637e-06 1.4805694753195823e-06 0.0 1.0233464023905997e-06 6.11055916991826e-07 5.873103890288066e-07 0.0 4.7425364525148105e-08 0.0 6.103019625473988e-07 2.425487864544216e-07 2.2639002396484163e-05 8.29568924964037e-06
0.0007891707878366557 0.0007979241871077995 3.8669825920926704e-06 0.0 2.2025447612497045e-05 0.00016490422914821208 0.0006073428093881142 8.150948824331828e-07 4.662719333690901e-06 0.0013797762083835455 3.0488039787330216e-06 1.3605145915741332e-05 0.0001051153530363703 1.5810412044284942e-05 0.0 0.0 0.0 0.0 0.0 0.0 0.0 0.0 0.0 6.355765490611395e-08 0.0 0.0 0.0 0.0 0.0 0.0 3.316717686247177e-05 3.861686516976083e-07 3.4495386471229575e-07 0.0 0.0 1.1640334019989255e-07 6.69521115667663e-07 0.0 1.361438352313532e-07 7.151846341341687e-08 0.0 0.0 4.3895258617896175e-08 0.0 3.558766110281012e-08 0.0 1.5751011779100944e-05 6.358330214346956e-07 5.136044856688025e-08 0.0 6.815249817184704e-08 0.0 0.0 0.0 8.819098952781516e-07 1.6121497818741328e-06 1.697515136963952e-05 2.587474976240465e-05 4.7302934058335354e-06 7.635285315743156e-06 0.0 2.546312438220304e-07 0.0 1.809382579452454e-06 6.538241948652579e-07 1.6792895591441523e-07 6.411622643190544e-08 0.0 0.0 7.783031132115002e-08 1.7911199807685045e-06 4.930660490297154e-07 0.0 3.03341866306361e-05 1.0652249908032035e-05 5.610400750565378e-06 3.16084738158586e-07 0.0 0.0 4.979593780934007e-07 0.0 9.382916938098494e-08 3.152658067171564e-06 4.039111443727159e-08 2.943398373145164e-07 9.400664742301061e-07 0.0 0.0 1.0984591509457812e-07 0.0 8.671335531210685e-08 3.577498717142828e-08 0.0 1.771022876259231e-07 8.797140195788097e-08 5.1569743622865715e-06 0.0 0.0 8.584008439578846e-08 0.00033307172334272794 1.9359620622368236e-07 0.0 2.208452514555249e-07 1.19411555810868e-07 0.0 2.1768571242508997e-07 4.059491726363809e-07 0.0 4.6945283045789744e-07 1.0976827241244773e-06 5.841143926659288e-08 1.2364719721515282e-06 1.441622459105678e-06 8.510594001982443e-07 1.2110841178314075e-06 0.0 0.0 0.0 0.0 0.0 0.0 0.0 0.0 0.0 0.0 0.0 0.0 0.0 0.0 0.0 0.0 0.0 0.0 0.0 8.25596065008337e-08 0.0 0.0 0.0 0.0 1.0297203662352139e-06 4.614638522543814e-07 5.89708209553276e-07 3.813822903211573e-07 0.0 0.0 0.0 0.0 0.0 6.035618167640063e-08 0.0 0.0 0.0 1.4468888764716673e-07 0.0 0.0 0.0 0.0 0.0 0.0 0.0 0.0 0.0 0.0 0.0 0.0 0.0 1.0210675228798557e-06 1.2198856288424958e-07 0.0 0.0 0.0 0.0 0.0 0.0 0.0 0.0 1.855802601345436e-06 0.0 0.0 0.0 0.0 5.432589639255579e-08 0.0 0.0 0.0 1.2747030723112325e-07 0.0 0.0 0.0 0.0 0.0 0.0 0.0 0.0 0.0 0.0 0.0 2.5630021255285768e-06 8.598395720960974e-07 8.76376162031187e-07 3.0102844963890768e-05 5.639135859221001e-07 2.57619098681083e-05 1.5062799274300113e-06 0.0001372197418881612 1.4438757626816733e-06 4.8920797180242956e-08 3.631965296677073e-08 0.0 0.0 0.0 6.007037189728727e-08 4.325017174791835e-06 0.0 0.0 0.0 4.4368650741660755e-07 0.0 1.2821946958929799e-05 2.930602962053845e-06
4.556557825065177e-05 0.0009643248998632947 0.00018452714079512236 2.2025447612497045e-05 0.0 9.501743988213506e-06 0.0014488020499420263 3.5487388230813485e-05 0.002589618865836707 0.0005742383554095951 0.0004984901453987809 5.1547891061975785e-05 0.0005473008804172485 0.001483159933019891 7.163919043686103e-07 3.6247062435953153e-07 5.1155913424860146e-08 0.0 0.0 4.347256505817457e-08 0.0 0.0 0.0 0.0 4.753375481993154e-08 0.0 0.0 0.0 8.674255493485063e-08 0.0 9.704661456321917e-05 9.839392959502005e-06 5.09208300074724e-06 4.157070754905813e-08 0.0 2.00730259292493e-07 4.125040856165488e-06 2.660070200285123e-07 6.073432729687241e-07 8.70225365009544e-08 0.0 0.0 0.0 1.440668568020631e-07 4.262182163185788e-08 0.0 3.163045571347554e-05 6.641020418334943e-07 3.040218872853334e-07 0.0 3.8149505177569795e-08 0.0 0.0 3.847735593764201e-08 1.7832882127551535e-06 2.8189169437071463e-06 8.454158543934043e-06 4.3323340969997054e-05 4.665989129973243e-06 1.1509363161264364e-05 1.1271182172666509e-07 3.8993558903835677e-07 0.0 1.4106902629508699e-05 9.688696062607358e-07 4.339648001075047e-07 1.1091987012328021e-07 0.0 0.0 8.828678681790483e-08 8.119594715845848e-06 3.700250872379306e-07 0.0 4.048218994306719e-05 2.7552196145739943e-05 1.8023224892312834e-05 4.7349830643423554e-06 4.979290865418604e-07 3.1933099769181644e-07 2.5597710186602573e-06 1.2311948766174954e-07 1.4804431594807668e-07 4.771459979167848e-06 1.7786691334925311e-07 1.4864096306545545e-06 9.691327817681674e-07 1.3541696544348316e-07 0.0 1.795412535430634e-07 8.263440190112375e-08 2.3731013576991649e-07 9.450222120191508e-08 4.501347293085391e-08 2.858002273198348e-07 1.281522047086779e-07 6.305686229313807e-06 1.971266042304988e-06 0.0 2.65976546603658e-06 1.3894683584546124e-05 0.0 7.540360118526756e-08 3.4185847047067003e-07 0.0 7.276312445886275e-08 1.2598148711770367e-06 1.0662615119637722e-06 4.176004318001069e-07 4.757226191284491e-06 2.273911892632236e-06 3.222207269723517e-07 3.41167463137946e-06 4.796316759967173e-06 5.1358532696859e-06 1.7406093387048092e-06 1.770438780467245e-07 1.3955423887483617e-07 0.0 0.0 0.0 7.344322042613138e-08 0.0 0.0 0.0 0.0 0.0 0.0 0.0 0.0 0.0 0.0 0.0 0.0 0.0 1.8222754649951595e-07 0.0 0.0 3.331888933926162e-07 0.0 2.209083945632801e-06 7.216940935975452e-07 4.73669274238325e-06 1.8486521314544006e-06 7.225730997234737e-08 9.744887200726352e-08 0.0 0.0 8.491567883282244e-08 0.0 7.423108322095248e-08 0.0 1.214123276017717e-07 1.1819407242537821e-07 0.0 0.0 0.0 0.0 0.0 0.0 0.0 0.0 0.0 0.0 0.0 0.0 7.447767312221275e-07 3.1998612569099977e-06 8.534172395948159e-08 0.0 0.0 0.0 0.0 0.0 0.0 0.0 0.0 5.13331384631946e-06 7.3963178318449e-08 0.0 0.0 0.0 9.533729562222736e-07 1.1071936857312433e-07 5.75928667493924e-07 0.0 6.137403154345937e-08 3.211339994768413e-07 2.6405204380023436e-07 1.1218673486911615e-07 0.0 0.0 0.0 0.0 5.922210511704261e-08 0.0 0.0 0.0 6.9001482318310015e-06 1.8793791524660205e-06 2.2422023596006413e-06 3.0045597200376436e-05 1.974484156253998e-06 4.5118372749511816e-05 2.1648354704388737e-06 1.288150668705296e-05 3.6063668723277022e-06 3.457905542916389e-07 1.7711709480042927e-06 7.336032684097983e-07 0.0 2.7547471438727947e-07 0.0 1.5243741417376241e-06 0.0 0.0 0.0 6.918402057194304e-07 0.0 2.2124171623108093e-05 7.045101459250377e-06
0.00012768557412492308 7.493497480023678e-05 1.5641001303103103e-06 0.00016490422914821208 9.501743988213506e-06 0.0 6.415256133398509e-05 6.390923531123535e-08 3.144324594044109e-06 0.0004159994134125076 4.941555163364714e-06 0.00011664519400983584 9.408640411373708e-05 2.1457071620149513e-05 6.003159292443723e-07 3.240222682595538e-07 0.0 0.0 0.0 0.0 0.0 3.2227127604204207e-07 0.0 0.0 1.6154528182602224e-07 0.0 0.0 0.0 4.212874516644747e-08 0.0 1.0462961994712348e-05 0.0 1.185067366948588e-05 0.0 0.0 4.860375134840274e-07 1.700284621116433e-05 4.369796430718078e-07 2.3650691535824942e-06 6.191391007494791e-07 6.399156743142202e-08 0.0 0.0 5.137296613548363e-08 0.0 0.0 3.328712330494279e-06 1.0779623729403455e-07 0.0 0.0 0.0 3.1671893832623194e-06 2.5941100195714606e-07 0.0 4.186873246349935e-07 3.910721973569122e-08 6.06003930260629e-05 1.273328881642847e-05 1.91214404673564e-06 1.2611994334467057e-06 9.779005669910891e-08 1.0524570622163159e-06 1.0417992068039692e-07 2.8963705843728427e-07 2.3153701177369507e-07 1.0241293532281209e-07 0.0 5.653076586504683e-08 0.0 0.0 4.3389637006652255e-05 2.0685487275717896e-05 1.6142816712349013e-06 5.64201477943982e-06 1.3705991320107333e-06 1.0168448619944272e-06 3.117659186476398e-07 5.194238116869493e-08 0.0 6.207202515374013e-07 0.0 8.451624542321313e-07 2.515795163985624e-07 6.746084222652865e-08 7.940627114157512e-08 3.851377262415517e-07 0.0 4.592100733276802e-07 3.5697009677061213e-07 1.2385424448231937e-06 3.6233691302820336e-07 5.396733487673308e-07 0.0 0.0 5.2872952512563516e-08 7.192447472265754e-05 1.8035676927965575e-05 4.5689483637703246e-06 1.2042530891264244e-05 0.0003750265532620295 0.0 8.221731816865242e-07 4.923270233531272e-07 8.949332129212248e-07 4.4348398045909375e-07 1.5765321013408388e-06 7.0118456310380965e-06 2.472414761851377e-07 7.047629990885411e-06 1.3519320219315838e-05 3.44274953677223e-07 7.456398034545929e-06 1.3246251334079059e-05 6.646281610287734e-06 3.721514993874067e-06 9.26159675964237e-08 0.0 0.0 0.0 0.0 0.0 0.0 0.0 0.0 0.0 0.0 0.0 0.0 0.0 5.415331997411917e-08 0.0 6.619061558004413e-08 2.2437108609555936e-07 3.6869022667364914e-07 3.878190142373051e-07 0.0 4.298030495593395e-08 0.0 0.0 4.5712400364152996e-07 1.8593070073134063e-07 5.359302244302335e-06 4.542749788486629e-07 6.531169901294395e-07 0.0 0.0 0.0 0.0 0.0 0.0 0.0 5.3191961060581545e-08 6.746175917115227e-07 0.0 0.0 0.0 5.29570895876066e-08 0.0 0.0 0.0 0.0 0.0 0.0 7.457790598552489e-07 0.0 0.0 1.7333966702072054e-06 0.0 0.0 0.0 0.0 0.0 0.0 0.0 0.0 0.0 1.0426086026413355e-05 7.170403550681958e-07 0.0 0.0 0.0 7.148056866177224e-07 0.0 1.026812391065605e-06 0.0 1.0034129149723173e-07 0.0 6.919483893399938e-08 2.3122769624660437e-07 0.0 0.0 0.0 0.0 0.0 0.0 0.0 0.0 1.971489358966769e-05 6.208742686108645e-07 9.655606555473783e-07 0.0001416083837491979 3.4243196731973023e-07 5.149423498984175e-06 9.630001066310653e-07 0.00013028228236667663 6.604206917319008e-07 1.1986865098345576e-06 1.1429521837444702e-07 2.609356535245786e-06 0.0 1.4840974008138113e-07 2.1669648693752885e-07 2.170122022007394e-05 0.0 0.0 0.0 2.67318912197789e-07 0.0 7.315867906526506e-05 1.3195337852959066e-05
0.00042843903922902527 0.0018276757931158763 3.741353642109499e-05 0.0006073428093881142 0.0014488020499420263 6.415256133398509e-05 0.0 1.5310399831442285e-05 0.0006741842594275325 0.0019441314098271492 0.0001708554921943399 0.0002510765858131146 0.002281408287367582 0.0011406829939892005 1.2590650398833028e-06 3.405214053813731e-07 1.0133918352375985e-07 0.0 0.0 2.51869728338566e-07 1.2715503948649084e-07 0.0 0.0 0.0 8.602486044898639e-07 1.0265051422807165e-07 4.915401181488598e-08 0.0 0.0 0.0 0.00012095442733320365 1.434523115938779e-05 8.951727624651736e-06 0.0 1.0121855811514062e-07 3.73573482091385e-07 1.6772266152698714e-05 8.050342879606491e-07 2.2641686188682555e-06 3.4629674768089133e-07 1.4685580828825888e-07 5.848149011570124e-07 0.0 2.6306150248680463e-07 0.0 1.1705286560542335e-07 7.855190094781837e-05 1.910719837461396e-06 7.835283541836843e-07 6.96146976123339e-08 3.4579298960286693e-07 0.0 0.0 7.213694979564409e-08 3.8241043256438194e-06 6.0051213817097465e-06 2.0228419458185413e-05 8.831902828215523e-05 1.3182342927186991e-05 3.1152671938204814e-05 3.172274054763636e-07 8.241052101872192e-07 0.0 2.310293523753074e-05 2.2899135029037697e-06 1.191123824766765e-06 2.1813701658602779e-07 3.52946108368491e-08 1.5650710169053991e-07 1.4109999670254948e-07 2.641544994447848e-05 2.766612314298997e-06 8.5264631030777e-08 9.630673886139769e-05 6.823300389300469e-05 3.8062787468320785e-05 1.1145024663526659e-05 1.6622467275958258e-06 9.204541413271613e-07 2.3064189573675866e-06 7.62413551368447e-08 8.978214403690934e-07 1.0875983132037223e-05 3.3253600264186647e-07 3.016207716848804e-06 2.411555958805163e-06 2.052679846929038e-07 1.9674295211988691e-07 5.508154694341665e-07 1.6230111011671248e-07 4.5033330534387675e-07 1.5994929871823017e-07 8.850621972663094e-08 6.806412840877434e-07 4.5473368194668384e-07 3.778833190929272e-05 7.562497600496661e-06 3.106182291463113e-08 8.509769630186627e-06 4.051681925408866e-05 3.91414153632513e-07 5.519539688218367e-07 3.5638263460003597e-06 9.416133205420456e-07 1.0793931751222138e-06 2.957663448060889e-06 3.077768151316031e-06 6.263670838067998e-07 1.1993442515737126e-05 9.51705105943435e-06 1.904172863182483e-06 1.3422344376374625e-05 1.70925711853229e-05 1.3836258718344357e-05 1.073752148331661e-05 8.063616600290184e-07 7.476593026855028e-07 0.0 2.0172851988804715e-07 0.0 0.0 0.0 0.0 0.0 0.0 0.0 0.0 7.384644871888055e-08 0.0 0.0 0.0 0.0 0.0 0.0 1.0035163898652302e-06 0.0 0.0 1.0560459634946438e-06 0.0 7.72900784467109e-06 2.1922737396975895e-06 1.021893196378805e-05 5.5621898586640985e-06 1.612436177230203e-06 0.0 0.0 0.0 5.332932019189626e-08 5.698450189264235e-08 1.0224019769848373e-06 0.0 9.352137290941272e-08 1.7594973301345113e-06 0.0 0.0 0.0 5.803111254418397e-07 0.0 0.0 1.7815550634119853e-07 0.0 2.7941393880255623e-07 4.0204357756130086e-07 0.0 0.0 3.8649377091340357e-07 7.2200321622869696e-06 7.613711933834428e-07 0.0 0.0 0.0 0.0 0.0 0.0 0.0 9.491908310405675e-08 2.2868679515949153e-05 1.4037405350410003e-07 0.0 0.0 0.0 5.180324050560212e-06 0.0 2.8630284903410508e-06 1.0674524721576694e-07 2.3506158570098633e-07 1.1616438002192798e-06 5.093075219566421e-07 1.9428075257582593e-07 0.0 0.0 0.0 0.0 0.0 0.0 0.0 0.0 2.0854197642746892e-05 7.943055395017466e-06 8.80685587509911e-06 8.368311189083644e-05 3.334356761898153e-06 0.000124152983339076 6.9195930346110535e-06 6.722796620348342e-05 7.431114936498889e-06 6.524343727366847e-07 3.0597953098888007e-06 5.809256075110504e-06 0.0 3.8276476621457344e-06 1.2085626303427122e-06 7.973745652129884e-06 6.631889895743581e-07 6.280480685767896e-07 0.0 2.914158628046082e-06 0.0 7.738697063481691e-05 2.6226522936015816e-05
2.690136817938089e-06 3.930943231760411e-05 0.0006614593639543083 8.150948824331828e-07 3.5487388230813485e-05 6.390923531123535e-08 1.5310399831442285e-05 0.0 1.74574667803103e-05 5.717322590568595e-06 0.0010458571066083735 2.510463640795702e-06 7.557958235480771e-06 0.000203818034089421 1.87338769093444e-06 1.3971944460166636e-06 2.7403303769685843e-07 1.4947873148422808e-07 4.9142017820973753e-08 3.2709389152128634e-07 4.942501397169905e-06 1.4374189948107365e-07 5.964477008683044e-07 8.616960370573172e-07 1.0309723711046175e-05 5.842182044378208e-06 3.206096535463718e-06 6.700109197912536e-06 3.98896879889081e-07 2.581662720202934e-07 0.0009192824608860113 0.0008518874076002713 6.073835373091946e-05 2.0442742341650225e-07 4.379475818036025e-06 3.867053521996129e-05 4.6653856801739063e-05 2.909781092733634e-05 6.318074970986612e-06 7.916035572163249e-06 1.0343925497498018e-05 7.959371628898981e-06 1.6569129757688962e-07 1.4495752476198663e-05 1.0499233981714799e-07 1.515360348745829e-06 5.65468044217798e-05 7.93284620866975e-07 1.2706034135879558e-07 1.646247621526926e-07 1.5886127950884352e-07 1.7483509209776066e-07 9.773794723905606e-08 9.615476071006462e-07 1.8220824691637676e-06 2.7009206585104983e-06 1.6836571544599798e-05 0.00016836148853795728 8.309216015350136e-06 1.408581963730052e-05 2.869848335903979e-05 0.00010111216882293433 2.697694863169638e-06 0.0001720901366307542 6.382280656354731e-07 4.364274474457094e-07 3.6644047789424183e-07 3.062184277867504e-07 2.3602210758393214e-07 2.1725631504257917e-06 5.822313128875455e-06 1.311274988386608e-06 8.79971638994288e-08 5.730179065969472e-05 5.7238630325643226e-05 2.2596006897528476e-05 5.219956203870073e-05 0.0001003643325623369 0.0003327143149932734 0.0008825413147027226 1.8460010881640315e-05 0.00036971507406823137 4.145442360799982e-06 3.64098145953326e-08 1.571257559955711e-06 8.768971532946053e-07 4.3341329339547364e-07 8.351124483688124e-08 2.1625614339940228e-07 6.50094241876214e-08 3.0715729021141934e-07 4.388927953270581e-07 4.406110761823679e-06 2.2010271128382232e-06 7.267276235630729e-07 4.819451231486182e-06 7.423996125653817e-07 1.1954571493633992e-07 2.9835953963776763e-06 5.852346950774247e-06 4.1222926505018044e-08 0.0 0.0 0.0 0.0 4.627849827613009e-08 0.0 5.8422096767214494e-08 3.5227288776361434e-07 5.162773689129345e-08 3.1055409813578354e-07 2.1663313439989716e-07 1.1606283753297377e-07 4.775810140824288e-07 2.1074370448625865e-07 4.229952455253945e-07 8.344696915439932e-08 0.0 5.705875305081922e-08 0.0 0.0 0.0 0.0 0.0 0.0 0.0 6.520145209474908e-08 2.5542354666801544e-07 5.971223303024484e-08 0.0 1.329006723668554e-07 5.666637171006016e-08 5.3833422726954286e-08 9.844030201984009e-08 2.488749603301849e-07 0.0 0.0 1.0065656268643448e-07 0.0 6.355367608291809e-07 7.279917050960769e-07 1.400076624799021e-06 5.374861223841039e-07 7.017650152292932e-07 0.0 0.0 0.0 0.0 4.160398209851019e-08 5.669461374225038e-08 0.0 0.0 4.374951884695242e-08 0.0 0.0 0.0 3.041657256534513e-07 0.0 0.0 0.0 0.0 0.0 0.0 4.954963449633183e-08 0.0 0.0 6.541712491049567e-07 0.0 0.0 0.0 0.0 0.0 0.0 0.0 0.0 0.0 1.033599431229561e-06 4.918275365423204e-07 6.821712520050334e-08 0.0 0.0 3.1030940619277876e-07 0.0 1.3100208031041814e-07 2.216593653208816e-07 3.859819835419245e-08 3.7262392599810594e-07 4.06245426352755e-08 6.754108693709132e-08 0.0 0.0 0.0 0.0 0.0 0.0 0.0 8.248671939251015e-08 3.623692919893679e-07 2.576363627642732e-07 1.6860998604915916e-06 3.0086767449067295e-05 1.451089085647641e-06 6.37472273099423e-05 7.651765900409141e-06 4.105686600805876e-06 6.668537337468156e-06 1.2323862501598335e-07 2.0172569430700004e-06 1.5253332823478653e-06 0.0 6.196922780781236e-07 1.3012537860204442e-07 0.0 0.0 0.0 0.0 1.7332113833242265e-06 0.0 1.0132072748145038e-05 1.1724618384859913e-06
4.0846652681290085e-05 0.0007158552239760074 0.0002826983159132418 4.662719333690901e-06 0.002589618865836707 3.144324594044109e-06 0.0006741842594275325 1.74574667803103e-05 0.0 0.00019440617642592977 0.00031202206000143114 2.2647314664836625e-05 0.00048525343440504947 0.001922539313870906 4.2310365993217025e-07 3.8458270951234757e-07 0.0 0.0 0.0 0.0 1.3320026387188577e-07 0.0 5.167161727281205e-08 0.0 2.1362229747089552e-07 7.940878912249119e-08 5.469263979629916e-08 0.0 0.0 3.8433892349134134e-08 5.924541867177341e-05 3.6476801774692137e-06 1.789820737750418e-05 0.0 1.405399509006539e-07 1.1685559850681364e-07 7.668452577162943e-06 4.923925597483524e-07 7.815612117329775e-07 3.704861360883508e-08 0.0 0.0 0.0 2.2713327327023936e-07 0.0 0.0 1.7718840553558396e-05 5.131691608696564e-07 3.1310961453483477e-07 4.896079553099217e-08 3.4994895327286655e-08 0.0 0.0 0.0 6.281893441845769e-07 1.4206322188429549e-06 4.543144684363734e-06 2.4094368756679922e-05 2.923964747995855e-06 6.6901413863865915e-06 5.658942689788001e-08 6.701927999941696e-07 0.0 6.279575246009202e-06 1.8223507977484225e-07 3.891209963777232e-07 1.186810244447301e-07 0.0 0.0 0.0 1.1200611989133062e-05 1.4729730541299126e-06 0.0 1.7469181367899664e-05 1.2812810708017967e-05 8.463545990137677e-06 3.418426702265358e-06 4.4594753716386737e-07 6.089974038683691e-07 1.8724151164998863e-06 0.0 7.984438948726423e-08 1.7810651731741364e-06 8.718414540743909e-08 6.558599497125004e-07 5.450468543805159e-07 0.0 3.39586204534972e-08 2.3533370675758185e-07 0.0 1.953846512544645e-07 3.4972095716228353e-08 0.0 3.9393862411912e-07 1.4441397993316885e-07 6.676828469937035e-06 3.023592965209415e-06 0.0 1.8700813270934053e-06 1.2530110035980726e-05 3.5656409215417157e-07 0.0 1.2456769870209927e-06 5.464078385662302e-07 2.830422459655358e-07 1.246274571750417e-06 6.149150723696273e-07 0.0 2.810736006487909e-06 3.4725078826029166e-06 3.2463287002028045e-07 4.327739683960807e-06 4.706279463171606e-06 4.994638778909928e-06 3.858788710178108e-06 2.4717556777631616e-07 9.730586033602638e-08 0.0 0.0 0.0 0.0 8.295301087898276e-08 0.0 0.0 0.0 0.0 0.0 2.509770713803929e-07 0.0 0.0 7.564685674244191e-08 1.0715434850094012e-07 0.0 0.0 1.5640137749319705e-07 0.0 0.0 0.0 0.0 3.067744089956488e-06 3.672274829910491e-07 4.167663494160516e-06 1.4276138600080794e-06 9.263460685542936e-07 0.0 0.0 0.0 0.0 5.0001965139230014e-08 0.0 0.0 0.0 5.762253345587382e-07 0.0 0.0 0.0 1.0907348053029487e-07 0.0 0.0 0.0 0.0 3.7457880233384416e-08 5.5946335949738095e-08 0.0 0.0 4.770870454733012e-07 3.3872991087247187e-06 1.2522141614972976e-07 0.0 0.0 0.0 0.0 0.0 0.0 0.0 9.211230252179843e-08 6.807451551062451e-06 2.0930424609913438e-07 0.0 0.0 0.0 1.409830583620186e-06 0.0 9.037619291488316e-07 4.4925991178013955e-08 4.096937891613478e-07 4.38303122775697e-07 1.4099900878941952e-07 3.5462020744237767e-07 0.0 0.0 0.0 0.0 0.0 0.0 0.0 0.0 5.924048696330705e-06 2.378778553856081e-06 2.197641117420146e-06 1.9946832293455765e-05 7.723637680291131e-07 2.530122059294095e-05 1.6592796332655292e-06 1.2418056757544728e-05 2.9630963966243735e-06 9.796591234850603e-08 1.9173358271515743e-06 9.558288556471888e-07 0.0 1.3308237104091456e-06 5.296736301863566e-07 1.5718382680127708e-06 0.0 0.0 0.0 7.71412870275688e-07 0.0 2.184890784042995e-05 6.442430838946717e-06
0.0009306388090751046 0.001511466723687007 3.608399055155506e-05 0.0013797762083835455 0.0005742383554095951 0.0004159994134125076 0.0019441314098271492 5.717322590568595e-06 0.00019440617642592977 0.0 0.0001232462230285645 0.0010077486111039595 0.004688789546206747 0.0005171986504848359 1.3148456162193e-06 5.906018929934093e-07 1.2390334442126913e-07 0.0 4.7597252029517385e-08 3.490992466622212e-08 0.0 9.57378230273756e-08 0.0 0.0 3.2131235932887313e-07 0.0 0.0 0.0 0.0 0.0 7.002979324903315e-05 7.4906059592221116e-06 4.1487184403230734e-05 0.0 0.0 5.812178396915565e-07 8.629521919450623e-05 5.15900996212815e-07 4.699135279621433e-06 1.022722935159666e-06 1.6224012744347234e-07 1.8540795962619097e-07 0.0 1.0727277971825488e-07 9.069446914724762e-08 0.0 7.935192516678207e-05 1.1177847371464807e-06 3.491384389835116e-07 1.0627956541824394e-07 3.8016610209411417e-08 0.0 8.004066523853106e-07 0.0 2.772438932472547e-06 3.28288015208581e-06 2.6703341878523817e-05 4.9898839577417655e-05 1.1223704381780834e-05 2.1570141832196858e-05 8.189258956713337e-08 1.1565619601547804e-06 0.0 1.5352470313423767e-05 1.322960269571549e-06 7.590103020975535e-07 1.7782621919529593e-07 3.540492664645072e-08 7.645974089618847e-08 3.376328575884633e-08 0.00013899565028119856 1.3015839663434348e-05 0.0 6.326167277344343e-05 3.4311735225252225e-05 2.3342855448249266e-05 6.084639556607847e-06 9.175492077131599e-07 7.921997224383137e-07 1.9203442046573555e-06 1.0406385932747374e-07 7.990580858756599e-07 7.300993801607499e-06 9.007780149815817e-08 9.484990855364202e-07 1.3838842128873993e-06 4.2925839409770805e-08 2.2316791489981844e-07 3.484938393135622e-07 1.3380749684282314e-07 2.4057238844322e-07 1.2654825086512682e-07 5.914311423008253e-08 5.865208728402242e-07 2.400331891810018e-07 0.0002719431998436558 4.537898964731984e-05 1.9635209672378702e-07 4.1963359836275303e-05 0.0003154696914002924 2.143096311693555e-06 3.900011095885583e-06 2.436705098200727e-05 7.605970330894212e-06 1.8970450000065668e-06 2.7359217819654112e-05 1.3889228012044665e-05 4.185262393031999e-06 4.548291985731825e-05 4.396123205676106e-05 6.107226410334734e-06 6.270007232672866e-05 8.978348366820351e-05 5.602233209969094e-05 4.061586395419805e-05 2.1343236282916146e-06 4.969383695553437e-07 0.0 0.0 0.0 0.0 6.523917013993542e-08 0.0 0.0 0.0 0.0 0.0 3.6563050715808604e-06 0.0 0.0 0.0 4.7425615978782694e-07 0.0 4.3915312217482094e-07 5.453292223449485e-06 5.2307925861961116e-08 1.5174255477803095e-07 5.415353532865661e-06 6.855195603790574e-07 2.921135492625521e-05 1.6681250687486366e-05 4.7184806011434185e-05 1.741236761335861e-05 9.367417832081384e-06 1.8233345325908668e-07 0.0 0.0 0.0 9.910849802996668e-07 7.775636948538936e-07 7.163143360891989e-07 7.10306464624535e-07 4.694762676589253e-06 0.0 1.141623957422657e-07 0.0 1.519684965468652e-06 0.0 6.793818389464124e-08 4.844533624753418e-08 0.0 7.30485605020946e-07 2.3302112178163632e-06 0.0 2.1792186527823018e-07 4.0998908563162535e-06 3.124856783256494e-05 2.4623122125121428e-06 3.3525678608109995e-07 0.0 0.0 0.0 0.0 0.0 0.0 1.316304388312302e-07 8.813033759188512e-05 8.494448784129005e-07 0.0 0.0 0.0 1.645698404076341e-05 2.469107423196937e-07 1.2874619440893342e-05 1.1320771068375537e-06 1.4583659058231947e-06 2.9707142051512635e-06 4.790311713050185e-07 1.7201419532180564e-06 0.0 0.0 0.0 0.0 0.0 4.6088492331790025e-08 0.0 0.0 8.059255101519398e-05 1.884112846706481e-05 2.7347335970618335e-05 0.00020399116726753938 2.5083637377150797e-06 0.00012259324143760585 9.467140774979201e-06 0.0003979007615062649 2.057376659810447e-05 5.261536478713242e-07 5.116254539391212e-06 2.2446577323507517e-05 2.4665049814161894e-07 1.269633399502533e-05 4.674184375937659e-06 4.1182366999315296e-05 2.2087696010330187e-06 0.0 6.87164638947858e-08 4.613684631458766e-06 7.840908249630971e-07 0.00027179187159490873 9.020987487773352e-05
3.240227748869589e-05 0.0003614803718044331 0.0013578769840060345 3.0488039787330216e-06 0.0004984901453987809 4.941555163364714e-06 0.0001708554921943399 0.0010458571066083735 0.00031202206000143114 0.0001232462230285645 0.0 5.9853982204451355e-05 0.00036649159459812257 0.0019908880811873343 5.432488155324319e-06 3.461889181621587e-06 2.788738370629099e-07 1.3657524699859685e-07 5.6662913361442165e-08 3.035583032311454e-07 1.45339573872901e-06 0.0 3.959997103366186e-07 4.799180758307297e-07 9.954188956401134e-06 4.687346926558309e-06 1.417062128363235e-06 5.406286438592478e-06 7.409706911189171e-07 9.894965752466156e-08 0.0005776791901631078 6.152394403246322e-05 0.0005615802641814891 5.7473803108963777e-08 2.364871648808531e-06 2.3312258707776925e-05 0.00027256744097654107 3.0113847827468033e-05 2.5280466347081132e-05 1.5194905628747339e-05 4.069164861786595e-06 4.4389106735953405e-06 3.5364567993644303e-07 5.167459407049696e-07 4.432741096776222e-08 2.469466726328753e-08 6.03449571099428e-05 1.7396835380908568e-06 3.730989460258116e-07 3.8821534305567e-07 1.179918623683354e-07 9.01074874942335e-07 4.707271285865197e-08 5.27081470448064e-07 1.4153674652044385e-06 2.483656544271763e-06 1.979381753312559e-05 0.00010589294685915866 9.807013207808583e-06 1.4789747849590372e-05 5.728263441546087e-06 9.584399965869845e-05 5.833734931430774e-07 2.9190528303083477e-05 9.269010267258019e-07 4.2346660053026197e-07 0.0 2.9558185292994373e-08 1.0256406067947717e-07 3.9283807356284864e-07 7.247515129323745e-05 3.972426428966695e-06 0.0 5.5271550969131043e-05 4.58959762635988e-05 2.78017460110699e-05 1.7643795535589742e-05 5.199789128081268e-06 7.517572666801739e-06 0.00023305355686518533 7.344343812297664e-07 6.820348084232917e-05 3.6887099806937366e-06 2.0699397621891212e-07 1.2714851478135915e-06 1.2019365997300022e-06 0.0 5.3143471843952496e-08 2.1233765529755214e-07 5.956258711653936e-08 3.1764131538172676e-07 2.9559061936145054e-07 9.429878212217613e-07 7.588069656660106e-07 8.441325518134647e-07 3.265210412869697e-05 5.899573790932611e-06 1.4657259915974967e-07 1.691375585431087e-05 3.115419624669304e-05 6.115909483239369e-07 2.2909759806241103e-07 8.052060445713454e-07 0.0 8.161339439643745e-07 1.8692366771120142e-06 3.5673728515069844e-07 5.681951282928629e-07 3.504927131462105e-06 2.7947323432524546e-06 6.66605052646904e-07 5.550219945743097e-06 8.519531628634955e-06 8.103843515504078e-06 5.5103798867791414e-06 7.022937671096805e-07 1.6188434121796994e-07 0.0 0.0 0.0 0.0 0.0 0.0 0.0 5.5586206121041106e-08 0.0 7.68218479082587e-08 3.7617547780027385e-07 6.155576707442114e-08 4.787331023000772e-08 6.005698629695903e-08 2.3251881076761037e-07 1.179942942349931e-07 1.1770087884457638e-07 7.754477745212057e-07 0.0 0.0 3.758279826555717e-07 5.325102510814414e-08 7.296363654940383e-06 2.7928095048654177e-06 8.260422178143362e-06 3.8978097743205396e-06 2.0538797595612405e-06 4.934522680341424e-08 5.468166195063624e-08 0.0 0.0 2.383668300566616e-07 3.5882600715600797e-07 0.0 0.0 1.5209814259628204e-06 0.0 0.0 0.0 6.351330192954515e-07 8.822287970444893e-08 5.371868408904042e-08 0.0 0.0 1.6837383939624555e-07 4.843119628630221e-08 1.0474540201428376e-07 2.2334414945195256e-07 2.5671018669215415e-07 4.654913871861211e-06 7.209638619090265e-07 0.0 0.0 0.0 0.0 0.0 0.0 0.0 0.0 1.2614079053881637e-05 8.550570066361571e-07 0.0 0.0 0.0 1.8033584668386527e-06 0.0 1.8116855675109851e-06 5.481362344023337e-08 4.568125042568458e-07 6.615077430170226e-07 1.8660706967350494e-07 4.407919316256086e-07 0.0 0.0 0.0 0.0 0.0 0.0 0.0 0.0 9.81242324481247e-06 6.748265145472375e-06 6.85210696779595e-06 6.489133782691045e-05 2.2673722518435698e-06 7.499135497637588e-05 1.1865175513832838e-05 2.4449527133457987e-05 1.0228315579629466e-05 1.2051876127702975e-07 3.245272119586881e-06 2.792340237270174e-06 0.0 2.992924691344887e-06 1.0986180696428325e-06 5.378988060224273e-07 2.593472119590816e-07 0.0 0.0 3.0677208356621453e-06 5.912228835782713e-08 6.0285727468105845e-05 2.1705397209401275e-05
