0.0 0.0009764501799480068 0.00035507438943533346 0.0007585908336243302 2.2560352537012296e-05 0.00010390013738783791 0.0003003796074579136 7.982567014826632e-05 7.238046653989945e-07 0.0004702627117164271 3.27798800355494e-05 4.171436953781294e-05 6.521463953904006e-05 5.488644339184554e-05 1.5363746246422137e-06 2.179023069703892e-06 2.0239463419069684e-07 4.980410907227966e-08 0.0 7.064872125910722e-07 6.028313774679271e-07 0.0 0.0 0.0 9.687748443380453e-08 6.699360380504376e-08 0.0 0.0 2.128806115223252e-07 0.0 0.0003657550355575586 2.3408779960196843e-06 4.426574726193542e-05 9.697906168252673e-08 0.0 0.0 8.58465538607073e-06 2.0834872584912344e-07 3.7236389877478065e-07 1.8263452712672206e-07 8.593716757273776e-08 4.3225598330822287e-07 5.8960047307057634e-08 1.6243885975296643e-07 6.559539233657474e-08 0.0 7.865373953378534e-06 1.7420848666710324e-06 1.317399021979313e-07 3.5998923341647843e-07 1.409670735058744e-07 0.0 0.0 0.0 5.9376289091193235e-06 5.1403551638006656e-06 0.00013595354812159728 0.0005947039385289536 8.639112287519185e-05 4.721441919811722e-06 1.2134389911650743e-07 4.115250770484488e-07 0.0 6.775196918257807e-06 4.930968676831064e-06 1.5743275278642804e-06 2.0491912157668234e-07 0.0 4.493081407312594e-07 7.872981754186946e-07 7.421820706240538e-06 2.6919723776893415e-06 8.019616991033679e-08 0.00019078486472333666 4.190301290684236e-05 9.929121236267603e-06 3.6860419040495823e-06 1.5937590677526448e-06 2.727621547921364e-07 5.6071349994056874e-05 1.8383397283250642e-07 8.883427742279792e-06 8.255903880141949e-06 0.0 2.2477344118435894e-06 1.8451153053617037e-06 3.9702650961423726e-07 5.361049919291926e-07 5.913732002804699e-07 0.0 3.769903826054949e-07 0.0 1.310522178951736e-06 3.328614747584183e-07 5.49068726478112e-08 1.1235748390640334e-05 2.434813478792377e-06 0.0 7.168049377981445e-07 0.00031124425855453956 0.0 1.0357297138410327e-07 2.0899809258941417e-07 0.0 7.657144159128824e-08 3.8062119428501814e-07 9.154021440173397e-07 5.137784226377993e-07 5.995281362474203e-06 7.535537126139818e-08 0.0 2.537095885483529e-07 3.7040645390353745e-07 4.0898337710698716e-07 0.0 0.0 0.0 0.0 0.0 0.0 0.0 0.0 0.0 0.0 0.0 0.0 0.0 0.0 0.0 0.0 0.0 0.0 0.0 0.0 0.0 0.0 0.0 0.0 0.0 1.430881223854269e-07 0.0 1.6761995307914687e-07 0.0 0.0 0.0 0.0 0.0 0.0 0.0 0.0 0.0 0.0 0.0 0.0 0.0 0.0 0.0 0.0 0.0 0.0 0.0 0.0 0.0 0.0 0.0 0.0 0.0 0.0 0.0 0.0 0.0 0.0 0.0 0.0 0.0 0.0 2.7061188918189014e-07 0.0 0.0 0.0 0.0 0.0 0.0 0.0 0.0 0.0 0.0 0.0 0.0 0.0 0.0 6.897139801854572e-08 0.0 5.8754527250451917e-08 0.0 0.0 0.0 2.4489779075366377e-07 1.0834399987146338e-06 7.746903088114959e-07 1.1487750003973205e-05 1.793876156108223e-06 5.219658486952249e-05 3.534877330385062e-06 0.00022963791072495965 1.5389749655502522e-06 2.4037834155815787e-07 1.0460740619639289e-06 8.514703277025164e-07 0.0 0.0 0.0 0.0 0.0 0.0 0.0 6.54334276192631e-07 1.4669417523741278e-07 0.00013250003518767257 0.0
0.0009764501799480068 0.0 0.0010053063086281958 0.0012497459009614123 0.0007066250019716055 0.00019137927972489918 0.0017254478183754297 0.00029397856017967426 0.00023928479252566373 0.00040374893499891753 0.00025507083804771584 3.4007330655553964e-05 0.00025326643126607606 0.00046448620483566927 6.16377271630492e-06 5.763078988225648e-06 9.846668471629456e-07 5.462769654911001e-07 0.0 6.36628958142754e-07 1.0651584456701158e-06 1.7906569033048855e-07 0.0 4.423373601043566e-08 5.99034489009919e-08 5.500312047158088e-08 1.4464880004208243e-07 1.8732824609728199e-07 0.0 1.0622192038280251e-07 0.001118292747802119 5.67868787265212e-06 7.635093887839151e-05 0.0 0.0 3.209159024648215e-07 2.5056191867192973e-05 7.331915534513617e-07 1.3668393467868896e-06 3.636617536391085e-07 4.5872836795075376e-07 3.8591900582192096e-07 6.139712659034984e-08 6.413113092873448e-07 8.119824705504628e-08 1.284521380978318e-07 4.318707045838724e-05 8.21503471281912e-06 8.856776481247e-07 7.407217231099313e-07 1.1844298348293347e-06 6.584998045367789e-08 0.0 1.611018623154253e-07 2.136534750799507e-05 2.221171253710032e-05 0.00011906734736266697 0.0004151501385551219 8.2703615071481e-05 2.3669359575227293e-05 1.9957326221313086e-07 2.404575770689593e-06 4.499363384837925e-08 2.7287667413953315e-05 2.025340086134547e-05 7.601845921318191e-06 1.0269790436167761e-06 3.540238119747004e-07 1.3719862605499254e-06 1.0465340352592647e-06 2.3923891703971903e-05 0.0 0.0 0.00039008471933332475 0.00012727528271772685 5.066841955135702e-05 4.354059769315116e-05 6.551521025626674e-06 2.3158252615901266e-06 0.000132598008057418 8.760027601612862e-07 1.924208686521091e-05 3.8453102031294735e-05 8.271325627789372e-08 7.620573368430931e-06 1.1873764628186486e-05 2.3228797671026072e-06 2.2390745804744937e-07 2.3422026814826433e-06 5.7515430761357524e-08 7.459291384694104e-07 1.7375305254778977e-07 2.4602012441842005e-06 2.0931736007411134e-07 1.5204079891174588e-07 2.08457154435027e-05 8.300037429188433e-08 0.0 1.0556826693113696e-06 0.00036516991034545336 7.749921112760694e-08 1.1132266769957528e-07 7.391015018391238e-07 0.0 7.353448555542155e-07 2.2987309806136045e-06 3.665764234083322e-06 4.602987326413431e-07 1.619813664904883e-05 7.583466882335607e-07 2.6592824804670444e-07 7.700318933905243e-07 2.1513803419584165e-06 2.096921690895371e-06 6.243013860872283e-07 0.0 0.0 0.0 4.5866393758938726e-08 0.0 0.0 0.0 0.0 0.0 0.0 0.0 0.0 0.0 0.0 0.0 0.0 0.0 0.0 0.0 0.0 4.827498672980452e-07 0.0 0.0 0.0 4.641062868660963e-07 0.0 5.462694953042747e-07 2.0804976966406692e-07 4.6328142607013294e-07 0.0 0.0 0.0 0.0 0.0 0.0 0.0 0.0 0.0 0.0 0.0 0.0 1.525294840084806e-07 0.0 4.821751747586469e-08 0.0 1.5959112078264373e-07 0.0 4.576959258799681e-08 0.0 0.0 0.0 0.0 0.0 0.0 0.0 5.4353909360182357e-08 5.69019555020255e-08 0.0 0.0 0.0 0.0 1.7362475693085646e-06 9.002085587011287e-08 0.0 0.0 7.403785856115919e-08 0.0 0.0 1.5248570041347797e-07 0.0 0.0 0.0 5.576623118154322e-08 0.0 0.0 0.0 2.744241952754849e-07 0.0 2.224472336530725e-07 0.0 0.0 0.0 1.7403826428077207e-06 2.1974457989041452e-06 2.394718838423355e-06 4.9870811546303685e-05 6.436682054528031e-06 0.00032535352305746584 3.9426454796332286e-05 0.0002669395128191496 7.4032965242946756e-06 3.5737305640405446e-07 4.448338045473375e-06 6.626694829847184e-08 0.0 0.0 1.2204315356279453e-07 1.2329625250208224e-06 0.0 0.0 0.0 1.6185519607253828e-06 0.0 9.934645099116254e-05 9.153232505442592e-07
0.00035507438943533346 0.0010053063086281958 0.0 8.15869100749111e-05 9.924352731389188e-05 2.3185161314789098e-05 4.0044909187647855e-05 0.0009414082805148128 0.0001620270018894702 1.0711279767521737e-05 0.0006443037002117887 3.583589496310968e-05 0.00020157378135055352 0.0007442652841105732 8.11673819377107e-06 8.739708596612834e-06 1.3761165510544617e-06 8.702091045986079e-07 1.0618281948824485e-07 1.1730391348711112e-06 1.933446124839973e-06 0.0 0.0 0.0 6.026759284135687e-08 5.863578932255091e-07 0.0 0.0 2.1361432220534302e-07 4.7644305140152083e-07 0.0013663000708597401 6.291630744219397e-05 0.000137507669018897 4.538974742161981e-08 1.8164293936934615e-07 6.489639692593264e-07 3.275531445413659e-05 1.775800863222154e-06 1.3302625799395394e-06 2.3269850532317985e-07 1.84427570132202e-06 1.2343033059696537e-06 4.730489166828192e-07 1.1598282478077153e-06 3.9100116759054644e-07 4.3598157989992923e-07 2.045325900051655e-05 3.668597637903464e-06 6.997634357665932e-07 1.1601026319199053e-06 8.339311417658422e-07 1.0298358056044261e-07 6.009991481449199e-08 9.082774671665806e-08 5.378702990993489e-06 6.022001906031379e-06 3.9450099587299985e-05 0.00015305703658756052 2.5596234560601824e-05 7.72043807336508e-06 4.5024838132947226e-07 3.87767081624573e-06 1.207115616354421e-07 7.401609827007176e-05 5.774549660683938e-06 2.0836346425105575e-06 2.912845660270465e-07 7.60519585743151e-07 2.5247390482794314e-06 2.285189254192772e-06 2.891959145523178e-05 0.0 0.0 0.00012698285950501462 5.470406245335256e-05 2.7146967154078626e-05 2.8959714454643384e-05 1.2315519227257989e-05 1.443704830494503e-05 0.0003650576584003464 7.059727899339889e-07 9.989030260487198e-05 1.0421493126123595e-05 7.745225962004327e-08 1.8502946348937723e-06 2.4190681752196743e-06 1.6911102657837556e-06 5.541239333226104e-08 4.927868864014851e-07 0.0 8.560849837374241e-07 3.382167306486382e-07 3.301698720304737e-06 7.836400387641227e-07 2.9986749251446177e-07 2.1138306240864512e-05 2.4578416369634405e-06 0.0 1.5307873744916164e-06 6.0082331806917694e-05 0.0 0.0 7.880287631486095e-08 0.0 4.3543229291257586e-07 2.0539623134225797e-07 1.1255791150898307e-07 4.598841165220311e-07 2.2481936727044407e-07 0.0 7.544154401652948e-07 1.3085263836630372e-06 1.3731817014055505e-06 9.87637218241894e-07 3.947123079873783e-07 0.0 0.0 0.0 1.0291980729884315e-07 0.0 0.0 0.0 0.0 0.0 0.0 0.0 0.0 0.0 0.0 1.902160093602561e-07 0.0 1.3952005681681466e-07 0.0 0.0 0.0 6.82081455133705e-08 0.0 0.0 0.0 1.7816777387411154e-07 0.0 3.019327224980157e-07 1.2263633481458502e-06 0.0 0.0 0.0 0.0 0.0 0.0 0.0 0.0 0.0 0.0 0.0 1.6624766592569684e-07 0.0 6.640780973800254e-08 0.0 3.754779084043803e-08 0.0 4.833643178317682e-08 0.0 0.0 0.0 0.0 0.0 0.0 0.0 0.0 0.0 0.0 0.0 0.0 0.0 0.0 0.0 7.452936434510438e-07 5.2420047453735586e-08 3.1993305067592714e-07 0.0 8.1650608368344e-08 3.7101349650199224e-07 0.0 0.0 0.0 0.0 0.0 0.0 0.0 0.0 0.0 7.814238037956869e-08 0.0 5.6905458881309683e-08 0.0 1.515917127220238e-07 0.0 2.8416856289321185e-06 2.3711166482710805e-06 6.381132081796652e-07 3.444143273990712e-05 2.9985411949667694e-06 9.835243365927429e-05 1.500207897733061e-05 4.6449225779317526e-05 2.0722423655128925e-06 1.764557695995306e-07 2.7153195820062335e-06 2.3169261699982162e-07 0.0 1.40799824323068e-07 3.312499410382151e-07 4.019111575681552e-07 0.0 0.0 0.0 6.909401076002027e-07 0.0 1.9313788350215705e-05 2.3287536891310375e-07
0.0007585908336243302 0.0012497459009614123 8.15869100749111e-05 0.0 2.639153799918591e-05 0.00013087979633425898 0.0008726467889670327 5.443798409951016e-06 8.989275544639451e-06 0.0005920572767250806 4.049114965465835e-06 0.0004706107202400043 0.000536364614582165 1.3194420592828404e-05 1.700951026478885e-07 4.9432609072943825e-08 0.0 0.0 0.0 0.0 0.0 0.0 0.0 0.0 0.0 0.0 0.0 0.0 0.0 0.0 3.728493607625739e-05 1.8298739316003305e-07 3.415463637625245e-06 0.0 0.0 0.0 4.557960298063207e-06 0.0 0.0 0.0 0.0 0.0 0.0 1.2030870068512016e-07 0.0 0.0 3.008363377030591e-06 6.320068422962806e-07 8.568915045330479e-08 9.230349595763576e-08 0.0 0.0 5.296184350374489e-08 0.0 1.564673255541452e-06 2.8672602873313628e-06 1.5380033595051076e-05 2.8900544308331867e-05 1.1108997719011871e-05 2.0407962059790974e-06 0.0 0.0 0.0 2.2029207437877183e-07 1.8860586730819104e-06 4.1911766426804554e-07 1.3152778693471658e-07 0.0 0.0 0.0 6.9552782738645026e-06 0.0 0.0 4.585917165840146e-05 1.0743690995649677e-05 4.722271968237422e-06 2.1948941179630643e-06 4.691340269403331e-08 0.0 3.439800662446981e-06 6.625642778535985e-08 1.5198149047014232e-07 3.149695953635822e-06 0.0 6.236284571326604e-07 3.695700558190331e-07 5.0404179496364364e-08 0.0 1.6956150305286782e-07 0.0 2.7990637517333497e-07 5.0690674994786254e-08 0.0 0.0 0.0 7.11317896745386e-06 9.896685418774692e-08 0.0 0.0 0.00017363345169226578 1.354155764994431e-07 1.8227961370887387e-07 1.224532668194925e-07 0.0 0.0 8.728012179258794e-07 1.9024905802011753e-06 0.0 9.120868474370018e-07 1.1726364503002003e-07 0.0 8.262485076692245e-07 2.4317701039293123e-06 3.974544786924991e-07 0.0 0.0 0.0 0.0 0.0 0.0 0.0 0.0 0.0 0.0 0.0 0.0 0.0 0.0 0.0 0.0 0.0 0.0 0.0 0.0 0.0 6.271419384611518e-07 0.0 0.0 0.0 0.0 0.0 0.0 0.0 0.0 0.0 0.0 0.0 0.0 0.0 0.0 0.0 0.0 0.0 0.0 0.0 0.0 0.0 0.0 0.0 0.0 0.0 0.0 0.0 0.0 0.0 0.0 0.0 0.0 0.0 1.1502892480761219e-07 0.0 0.0 0.0 0.0 0.0 0.0 0.0 0.0 0.0 0.0 0.0 0.0 0.0 0.0 0.0 0.0 0.0 0.0 0.0 0.0 0.0 0.0 0.0 0.0 0.0 0.0 0.0 1.4600117015575207e-07 0.0 4.146522805496863e-07 2.2510147749252604e-06 7.662195665464107e-07 3.269457762981003e-05 1.7083417803174107e-06 0.00016224585924530082 3.313635777968721e-07 1.3385355351747508e-07 7.563041939019458e-08 0.0 0.0 0.0 0.0 0.0 0.0 0.0 0.0 2.7014697242125457e-06 9.870152421866284e-08 5.5917377626171036e-05 6.499575974844002e-07
2.2560352537012296e-05 0.0007066250019716055 9.924352731389188e-05 2.639153799918591e-05 0.0 3.2033931332799034e-06 0.0008843859833706534 7.147569038388197e-05 0.001091333153058159 1.361225824404239e-05 0.0006614400929174597 3.0653460140087473e-06 0.00034917163670157233 0.001222503558771142 4.0059131769721494e-06 5.982302625300078e-06 1.1454835385547423e-06 1.0971958289900807e-07 5.985557053691474e-08 3.3973718688271226e-07 1.2172453626102471e-07 0.0 0.0 5.192945330925662e-08 5.3295843856902664e-08 0.0 0.0 0.0 1.9489107707269206e-07 0.0 7.486002963681249e-05 6.457122927325898e-06 5.8838296887982655e-06 0.0 0.0 0.0 3.371291634408711e-06 1.661591234613004e-07 2.5914740729508924e-07 5.2090390875879796e-08 0.0 6.752514218184785e-08 7.056862079750714e-08 4.5820950814103335e-07 1.5712672689956232e-07 2.3273126347577586e-07 4.197583230530553e-05 5.138220153280274e-06 3.267845919040541e-07 9.653232133897297e-07 2.9539746759669546e-07 0.0 0.0 0.0 1.1206229183090172e-05 1.1931447813059947e-05 2.0685227806923715e-05 3.0216960260641836e-05 2.226501674687478e-05 1.7600250868206767e-05 2.4519832743658097e-07 0.0 0.0 2.6205320542202157e-05 9.522253972875074e-06 3.4786682727536826e-06 7.289054057989272e-07 4.2836321016052646e-07 1.0156364571951779e-06 7.933790769568973e-08 1.7041957463941405e-05 9.124891999996093e-08 0.0 0.00014162070531820715 4.577396991688797e-05 3.9158402829505924e-05 5.393587783686973e-05 9.658411321634154e-06 4.4320887498377853e-07 1.5133995376525965e-05 2.3974364301387698e-06 1.2887942725075572e-06 2.2126718995918807e-05 1.1763143414488208e-07 4.255034559480427e-06 5.70261807663283e-06 1.946977645463897e-06 4.9916324420387996e-08 1.1035986852051854e-06 0.0 9.748678468872204e-07 4.535369685334905e-08 2.0244596405776075e-07 8.799401088821256e-08 9.065212815787169e-08 3.593723736091675e-05 5.389915827878456e-08 0.0 1.7206586866061916e-06 3.060161513101512e-05 6.870216003505778e-07 4.703012712991132e-07 5.235001929403802e-07 0.0 4.491970528280145e-07 1.0703646817084343e-06 2.1008025428699257e-06 0.0 1.6042224546859666e-06 1.0554211954803918e-06 3.796139225937293e-07 1.5003356109520956e-06 4.76377307532304e-06 4.085566883357451e-06 1.642133071808816e-06 0.0 0.0 0.0 0.0 0.0 0.0 0.0 0.0 0.0 0.0 0.0 0.0 0.0 0.0 0.0 0.0 0.0 0.0 0.0 0.0 4.024331852904366e-07 0.0 0.0 0.0 1.189017518648016e-06 0.0 0.0 9.648880542566486e-07 6.207738531989823e-07 0.0 0.0 0.0 0.0 0.0 0.0 0.0 0.0 0.0 0.0 0.0 0.0 0.0 0.0 0.0 0.0 1.428682498865415e-07 8.642426525477215e-08 0.0 0.0 0.0 0.0 1.1543731162113282e-06 0.0 0.0 0.0 0.0 0.0 0.0 0.0 0.0 0.0 4.172898112294866e-06 0.0 0.0 0.0 0.0 4.201280934966359e-07 0.0 0.0 0.0 0.0 0.0 0.0 0.0 0.0 0.0 0.0 0.0 4.0354422341019777e-07 0.0 0.0 0.0 1.3442869011797916e-06 3.182918893647548e-06 1.8498188047435324e-06 9.476671663750096e-05 5.205862082841242e-06 0.0003283380800938218 6.093804465084814e-05 3.464418571826813e-05 9.544028398524338e-06 7.337743663605128e-07 9.702409272956081e-06 8.465511474266316e-07 2.1596422164165043e-07 0.0 0.0 6.608808989199207e-07 0.0 0.0 0.0 2.8675469661260355e-06 1.213969270677062e-07 3.49650632703155e-05 4.501856559690802e-08
0.00010390013738783791 0.00019137927972489918 2.3185161314789098e-05 0.00013087979633425898 3.2033931332799034e-06 0.0 0.00010602601938143053 3.0561754708670426e-06 7.366238552912676e-07 0.0003171399102843336 9.595001820090454e-07 0.00013772631358161406 9.974022188614739e-05 3.5443523666419655e-06 5.33023387693367e-08 5.116523936336966e-08 0.0 0.0 0.0 0.0 0.0 6.930567504528964e-07 0.0 0.0 0.0 0.0 0.0 0.0 0.0 0.0 3.881562620690033e-05 0.0 1.8087429449597748e-06 0.0 0.0 0.0 4.576000543322756e-06 0.0 8.091551570076353e-07 0.0 1.0388989406015812e-07 0.0 0.0 0.0 0.0 0.0 2.0004663688529398e-07 9.777526947022806e-08 0.0 0.0 3.152765443026996e-07 2.3484933119743803e-07 0.0 0.0 2.9958554137969186e-07 1.2268131917295143e-06 5.249083283791253e-05 9.794297239771572e-06 2.139902977457762e-06 4.743493240385969e-08 0.0 0.0 0.0 2.1467161648100139e-07 0.0 0.0 0.0 0.0 0.0 0.0 3.1773967911345896e-05 7.15683523588883e-05 2.4104130528350137e-05 3.6761400192424406e-06 8.373276074595062e-07 2.3352938722806103e-07 3.0721233237137196e-07 4.333259976520029e-08 8.173845223193542e-08 1.3348547112861178e-06 0.0 1.7354058798417257e-07 4.0558336307458107e-07 7.154448751212549e-06 0.0 1.1108457728257013e-06 0.0 2.07728245214591e-06 9.174140935850476e-07 9.767684055941067e-06 3.9362214143126967e-07 1.7502431925810972e-06 9.415467050445226e-08 0.0 0.0 0.0001526554606857519 6.134558631994049e-05 1.7326289693094484e-05 9.363009524095835e-06 9.095910890061779e-05 4.817278212372581e-07 2.3032855466040276e-06 5.661378744260719e-06 2.0828096157104426e-06 3.826209646814652e-06 2.3260237508568427e-06 3.660910612997035e-05 1.6980923243177123e-06 6.098711729375184e-06 1.1165818712905763e-05 5.295084849543265e-07 5.4443134239978885e-06 2.2155332080182343e-05 6.216119320755221e-06 1.0375384189923809e-06 0.0 0.0 0.0 0.0 0.0 0.0 0.0 0.0 0.0 0.0 0.0 0.0 0.0 0.0 0.0 0.0 0.0 0.0 0.0 0.0 1.3649715095733491e-06 0.0 0.0 0.0 0.0 0.0 4.887046022225594e-07 3.5144486485170803e-07 0.0 0.0 0.0 0.0 0.0 0.0 0.0 0.0 0.0 0.0 0.0 0.0 0.0 0.0 0.0 0.0 0.0 0.0 5.3555854776293685e-08 0.0 3.3081909109623784e-08 0.0 0.0 1.1547909140768803e-06 9.463720307231578e-08 0.0 0.0 0.0 0.0 0.0 0.0 0.0 0.0 2.1508798256074556e-06 7.087765827635771e-07 0.0 0.0 0.0 1.5802823319571913e-07 0.0 1.617426867587447e-07 7.783609234448017e-08 3.5693341861729825e-07 9.010194889820307e-08 0.0 0.0 0.0 0.0 0.0 0.0 0.0 0.0 0.0 0.0 3.567409146695513e-06 3.855192366989238e-06 2.880386813159932e-06 5.228915698440649e-07 2.724006669181981e-07 1.3148853317800254e-06 0.0 4.319773653984816e-05 1.6124950709960355e-06 7.080218172206562e-08 0.0 1.73878460384168e-06 0.0 7.858528637306093e-08 0.0 1.8900952162002114e-06 5.8675315602747274e-08 0.0 0.0 9.09253917420376e-08 0.0 2.1274460383668407e-05 1.3321772586828929e-05
0.0003003796074579136 0.0017254478183754297 4.0044909187647855e-05 0.0008726467889670327 0.0008843859833706534 0.00010602601938143053 0.0 1.1140238240902787e-05 0.00047004713370344433 0.0014147099054871806 0.0001228930577208697 3.71952236422674e-05 0.002002996023654201 0.0008668621663335131 6.148788472599224e-06 7.110166486655107e-06 7.061866413239566e-07 2.561495279448415e-07 0.0 3.7342708619782327e-07 4.3831405581715106e-07 0.0 0.0 0.0 0.0 2.1682600452768083e-07 0.0 0.0 0.0 0.0 7.272105608893254e-05 3.525872881313941e-06 2.2039402167841547e-06 0.0 0.0 0.0 7.930434539131567e-06 5.12397268095914e-08 5.748029598265679e-07 5.8102801867839564e-08 0.0 1.0249236735881475e-07 5.217169555926341e-07 7.534713538042351e-07 1.105358737306415e-07 2.149257342530082e-07 4.481922122675268e-05 4.8592227200057245e-06 4.403095121807066e-07 8.9846202902142e-07 2.1113542716792942e-07 4.5676692514619116e-08 0.0 0.0 1.4157998504277465e-05 1.548541601168837e-05 3.447384542057139e-05 5.3591435092845374e-05 3.5149535705490586e-05 1.925259158026116e-05 7.533945561335695e-08 0.0 1.306705414954985e-07 2.1142543054158125e-05 1.2771230915888321e-05 5.343912743534297e-06 9.499896381557839e-07 6.595097322944946e-08 5.4585128934518305e-08 6.989574475676226e-07 2.5542885066278158e-05 3.82122605001108e-08 0.0 0.00019736883156474795 6.076685670482717e-05 4.3372511223446365e-05 4.8391880908386056e-05 9.749586840131715e-06 1.2270852102825425e-06 1.4511299191792239e-06 1.3718883907272572e-06 1.0438213925426222e-06 2.6488132111074394e-05 1.1482365029881415e-07 4.369876961331541e-06 6.8238245559072104e-06 2.5828243332508502e-06 1.3961266638292697e-07 1.534771131748107e-06 0.0 5.695773981382589e-07 0.0 2.9368969642798207e-07 4.150009307692289e-07 1.5341566258796664e-07 9.61211998975609e-05 1.257958793829874e-06 0.0 6.232394302074863e-06 8.365264620858185e-05 3.576257520738286e-06 2.7452969679318416e-06 7.902939851121814e-05 6.728482541399627e-05 5.273716532300544e-06 5.696180899751053e-05 2.9040038586087294e-05 3.2996247889369e-05 0.0001151393401588703 5.4735732486777007e-05 1.6318873993204075e-06 0.00018583391596319014 2.6444299458386486e-05 5.1042433227058415e-06 4.307462288084598e-06 5.0496211506365655e-08 0.0 0.0 0.0 0.0 0.0 0.0 0.0 0.0 0.0 0.0 0.0 0.0 0.0 0.0 0.0 0.0 0.0 0.0 3.675137589338909e-07 1.8908234072451862e-06 0.0 0.0 0.0 1.8184143883370417e-06 0.0 2.893685876095222e-07 1.3768606093296005e-06 4.81733257873225e-07 0.0 0.0 0.0 0.0 0.0 0.0 0.0 1.1952236357344547e-06 1.0577425352857727e-06 0.0 1.9388828403507849e-07 0.0 0.0 0.0 4.3895003501429365e-07 8.760630058346626e-07 8.398171820973438e-08 1.5649720768481355e-06 8.509943211728653e-07 8.734282398156715e-07 1.8538445852593338e-07 0.0 7.229316461069477e-07 1.1628339673957098e-06 3.701290713413582e-07 5.95555999973231e-07 4.1033290094113964e-08 0.0 4.8423967847403746e-08 0.0 0.0 0.0 8.855819315142155e-06 0.0 0.0 0.0 5.289241226730936e-08 2.724705830250933e-06 0.0 1.0100695252610608e-06 5.318990433033236e-06 3.5409485829319485e-06 4.2762423714590075e-06 1.4064302440992515e-06 6.129820264131846e-07 0.0 1.4048057413046993e-07 4.6920226156350846e-08 0.0 2.2637237069350468e-07 0.0 0.0 0.0 8.026831572966242e-06 7.975909073173652e-06 3.9730273360577464e-06 0.00013190245992357368 9.073925426101232e-06 0.0003676274109960556 7.604063607785427e-05 0.00012809434562156325 1.3335170802660642e-05 7.013924345069197e-07 1.7095566657926682e-05 2.0659507666636043e-06 1.2219731954339753e-07 1.030542170216034e-05 2.0369307889322277e-06 1.8323984355867312e-05 2.7081115019029397e-06 5.697214413240301e-08 1.616062175123936e-07 7.822774663119652e-07 0.0 8.711342299654642e-05 5.272651166073007e-06
7.982567014826632e-05 0.00029397856017967426 0.0009414082805148128 5.443798409951016e-06 7.147569038388197e-05 3.0561754708670426e-06 1.1140238240902787e-05 0.0 3.2119238106522646e-05 1.0560952484214038e-06 0.0006232807854626325 2.5439831943811847e-05 0.00010854186280673553 0.0003902846042752495 3.0173518118887055e-05 3.226271296670517e-05 1.1967196295275704e-05 1.4040319001555417e-05 1.9539014227069387e-06 3.9729884447434296e-05 4.05138402088028e-05 0.0 1.7085347186426879e-07 5.676836020255018e-08 3.4269663419679674e-06 1.4451383901261762e-06 5.162938005459616e-07 1.4535578855262732e-06 1.1235602555993093e-06 1.309373807189948e-06 0.0009655678481503635 0.0004947890091805139 0.00024449314395834555 2.472344250748849e-06 1.1584170153885999e-06 5.763485483975207e-06 4.0571375193469854e-05 5.179291766124486e-06 4.147849970646838e-06 2.0299508469512043e-06 9.988211769754713e-06 9.43032902171796e-06 1.834826311669023e-05 6.826855757132483e-06 8.8753604316043e-06 1.888920771757194e-05 6.34114124382367e-05 1.3112895822523868e-05 4.501142911301198e-06 3.382437772208908e-05 8.263882222967405e-06 4.685110029838603e-07 1.55094642411625e-07 3.6042169221535894e-06 8.402765394481082e-06 6.674896407466069e-06 1.96675157617776e-05 6.610846572920513e-05 1.3746477874756913e-05 1.8400933252856877e-05 3.309373405569225e-05 1.3388250419193157e-05 1.4802977063155623e-06 9.725900378317688e-05 7.92721607138953e-06 1.1207703113202319e-05 1.5768571440868686e-06 6.475675921367333e-06 4.78055604387215e-05 4.262501115310551e-05 3.3189223226655134e-05 1.8490244472104383e-07 7.916394917842005e-08 0.0001238696705238556 5.802500709323677e-05 6.267763231014875e-05 0.00011323928987082442 8.730294739110975e-05 0.0007448763409487968 0.00175526422491866 7.204360038098614e-05 0.0013766452244036546 1.9653278958681634e-05 1.3971460676573094e-07 8.864278347197708e-06 5.3887981668847305e-06 2.5538704092631067e-05 1.0384116492480368e-07 3.601555896352856e-06 5.034046848632179e-07 1.0209961647633982e-05 3.6185086933742796e-06 3.153570095238387e-05 6.387809550379655e-06 5.284768732501415e-06 1.3676963127857855e-05 3.719354316840638e-07 0.0 2.7551324164941175e-06 1.6585632019919738e-05 9.604270143135913e-08 0.0 0.0 0.0 2.8228806786310677e-07 0.0 1.8109319587057563e-07 0.0 0.0 9.599589863584798e-08 7.143719325334075e-07 3.5879059698093344e-07 1.2561421896476424e-06 6.752133100319913e-07 5.746419565499681e-07 0.0 0.0 0.0 0.0 0.0 0.0 0.0 0.0 0.0 0.0 0.0 0.0 0.0 0.0 0.0 0.0 3.3318864127399904e-07 1.9920000187810335e-07 0.0 0.0 2.1494401546021076e-07 0.0 0.0 0.0 1.5879770048132248e-06 0.0 2.785787050940657e-07 8.478284283290298e-07 0.0 0.0 0.0 2.50328658076549e-07 0.0 0.0 0.0 0.0 0.0 0.0 0.0 0.0 1.1400160811500934e-07 0.0 1.3223864437952132e-07 0.0 0.0 2.0198168848816102e-07 0.0 0.0 0.0 0.0 0.0 3.132949873284265e-07 0.0 0.0 0.0 1.2990080099472885e-07 6.443933250751298e-08 0.0 2.694131144095521e-07 5.88454214403303e-08 1.3934429992123526e-07 2.111168222526311e-06 0.0 7.331874932664855e-08 1.6067007168325525e-07 9.630057850571724e-07 5.054108450361366e-07 0.0 3.108950653077495e-07 0.0 0.0 1.6371029246743802e-07 6.719361805728581e-08 0.0 0.0 4.9278173335594386e-08 1.8788766971314662e-07 5.781798370303354e-08 4.026368862182136e-07 0.0 6.020616023829593e-07 0.0 5.668307695299822e-07 2.81262443721167e-06 1.5378472820558666e-06 7.819752640194754e-05 8.491577712459687e-06 0.00023809751984552814 4.4946985225765554e-05 1.1614364465736804e-05 3.43141591033246e-06 4.0908957826301736e-07 5.817660994207061e-06 9.179975082592481e-07 0.0 2.2682136350589147e-07 9.276234526652785e-08 0.0 0.0 0.0 0.0 1.2413684426646807e-06 0.0 1.0449118212469535e-05 1.9578944658206628e-07
7.238046653989945e-07 0.00023928479252566373 0.0001620270018894702 8.989275544639451e-06 0.001091333153058159 7.366238552912676e-07 0.00047004713370344433 3.2119238106522646e-05 0.0 2.2303037829385308e-05 0.00022626269595593554 1.1870351731540226e-06 0.0001565610600750586 0.00044087469402408127 5.542570734940366e-06 4.970292528798106e-06 6.758693618978062e-07 4.6294505669939406e-07 1.931664599410041e-07 1.5747773921984638e-07 4.384823459843252e-07 0.0 0.0 0.0 5.618627701998271e-08 0.0 0.0 0.0 0.0 0.0 1.0306029872203658e-05 2.2895172003072294e-06 3.985715676635886e-06 0.0 0.0 0.0 4.939289949649669e-06 4.470534688848729e-07 4.1168493558808616e-08 1.7083893266731842e-07 1.28389865790437e-07 9.786694526298722e-08 3.687780050519631e-07 2.400692452861702e-07 1.1795304643822157e-07 1.3036062211959215e-07 2.1574533250985846e-05 1.3307380849983155e-06 3.4493332779355754e-07 4.5491310836662724e-07 1.5212256633170224e-07 0.0 0.0 1.2726908876044458e-07 3.5263519658372382e-06 2.9268082314247163e-06 4.714431391565754e-06 4.444307478504534e-06 4.946773316512727e-06 7.540366878595834e-06 8.545926928744168e-08 2.2315049294951858e-07 1.2315647078122132e-07 9.068055941225441e-06 2.4413875752067675e-06 9.623185970376596e-07 2.4653155173809147e-07 4.790217529767053e-08 7.488827500458798e-07 1.750945078884872e-07 1.5429118193712146e-05 0.0 0.0 3.259878295241494e-05 1.0263711059792701e-05 1.8375614507149528e-05 2.080018485539207e-05 7.83561901647458e-06 2.4068495122629027e-07 2.204055506667489e-06 1.3449086939388065e-06 2.11801953549873e-06 5.713160772049612e-06 6.66742049003932e-08 1.401226843965191e-06 1.2382330357916153e-06 7.70255767281149e-07 0.0 2.522764159138584e-07 0.0 8.924850772079407e-08 5.814848655622082e-07 3.287623757422966e-07 3.061675852428439e-07 5.031297889048939e-07 3.96600218007928e-05 1.5156545363196567e-06 0.0 3.3197930379582713e-06 3.0594696399606605e-06 5.725141499180746e-07 0.0 1.1353594710242715e-06 0.0 2.454262635871337e-06 1.0576484593496537e-06 2.3267531523487567e-06 1.8286055492121458e-06 2.0775847595397786e-06 2.3767790222171473e-06 3.6388989867821876e-07 2.092627364080047e-06 9.784029793071933e-06 2.017601220552446e-06 2.2507787931068233e-06 1.2955485525949056e-07 0.0 0.0 0.0 0.0 0.0 0.0 0.0 0.0 0.0 0.0 0.0 0.0 0.0 0.0 0.0 0.0 0.0 0.0 1.2523015660125085e-07 1.372737384376769e-06 0.0 0.0 0.0 1.325627591854472e-06 0.0 2.9615676021116947e-07 1.4182513789890737e-06 4.115196715382601e-07 0.0 0.0 0.0 0.0 0.0 0.0 0.0 0.0 0.0 0.0 0.0 0.0 0.0 0.0 0.0 0.0 0.0 1.2669292985103977e-07 0.0 0.0 0.0 0.0 0.0 0.0 0.0 0.0 0.0 0.0 0.0 0.0 0.0 0.0 6.085608585923063e-06 0.0 0.0 0.0 0.0 1.3141029472963705e-06 0.0 4.2255764725838574e-07 0.0 1.7460946104940987e-07 0.0 0.0 0.0 0.0 0.0 0.0 0.0 0.0 0.0 6.698516526066726e-08 0.0 1.989798471721601e-06 3.941451292108949e-06 2.3372581509894307e-06 8.117024806855766e-05 3.67386051940012e-06 0.00013572992238642892 3.824905607772215e-05 1.112713701341525e-05 6.340993875713079e-06 6.442746321066867e-08 8.533199238265242e-06 1.2586034986202385e-07 0.0 2.5648084110579416e-07 0.0 1.8825432446630564e-07 0.0 0.0 0.0 2.2724469415148207e-06 0.0 1.807771996014397e-05 4.860625908140324e-07
0.0004702627117164271 0.00040374893499891753 1.0711279767521737e-05 0.0005920572767250806 1.361225824404239e-05 0.0003171399102843336 0.0014147099054871806 1.0560952484214038e-06 2.2303037829385308e-05 0.0 1.2644801700924303e-06 0.0017711238651926917 0.002408078032755456 4.081394563368448e-05 1.9450689850627253e-07 1.727570310961963e-07 0.0 0.0 0.0 0.0 0.0 0.0 0.0 0.0 0.0 6.232887330946897e-08 0.0 1.2043742998789972e-07 1.9795425830610255e-07 0.0 6.51116067140397e-06 7.615724048235541e-08 3.22679372591534e-05 0.0 0.0 0.0 4.4534767015673907e-05 4.553066627091962e-07 3.141314476644877e-07 1.0066235834133597e-07 9.951021344351777e-08 0.0 0.0 5.177328836199395e-08 0.0 5.640298160630715e-08 1.4383223461191473e-06 3.400259441877006e-07 0.0 7.658210735803295e-08 1.6121475205539977e-07 0.0 0.0 0.0 7.658790712808187e-07 4.4677425336018567e-07 4.210248883874631e-06 7.139212181196312e-06 3.007689666473142e-06 6.86873005884315e-07 1.5660216069712835e-07 7.788344157032389e-08 0.0 3.422765316402721e-07 4.934065487738867e-07 1.923601086079518e-07 0.0 0.0 0.0 0.0 9.575429543265675e-05 0.0 0.0 9.862697808305666e-06 2.8616556447874587e-06 8.859332184330341e-07 4.958803945183536e-07 2.3886218068150823e-07 0.0 5.435261245274743e-07 0.0 9.589248012441019e-07 6.627405880963501e-07 0.0 0.0 2.080816078769891e-07 0.0 0.0 0.0 6.761644446526575e-08 0.0 0.0 0.0 0.0 0.0 7.070014008710435e-05 4.826777509444567e-06 7.892240622090216e-08 7.150793453920653e-07 7.805376257695485e-05 2.5733274259469645e-06 6.41125259442678e-06 3.3512070528631485e-05 7.048774239895133e-06 2.02288734332202e-05 4.152537872555249e-05 0.00015121994620993933 1.3858134909402147e-05 8.238897736303019e-05 7.168968517376928e-05 7.110190453504506e-06 0.00018885380329655325 0.0002409482504320028 7.067162546405327e-05 1.2270228840237984e-05 3.3029094888770326e-07 0.0 5.517310872288981e-08 0.0 0.0 0.0 0.0 0.0 0.0 0.0 0.0 0.0 0.0 0.0 0.0 0.0 0.0 0.0 0.0 2.1572215957531664e-06 1.0839339655101273e-05 0.0 0.0 0.0 4.679051120392076e-06 4.0805784862671596e-07 2.9850111234207525e-07 4.45358877754118e-07 0.0 0.0 0.0 0.0 0.0 5.828999921620483e-08 5.9365913624208753e-08 0.0 1.0790509181129051e-07 7.069105577620259e-08 0.0 0.0 0.0 4.602274753592392e-07 0.0 1.4145243160273606e-07 0.0 7.548031705288765e-08 5.020469784077563e-08 2.5358633738257835e-07 4.4960675107433326e-07 0.0 0.0 1.2391133938505334e-06 7.134285724405112e-08 0.0 0.0 0.0 6.665575768903898e-08 0.0 0.0 0.0 0.0 1.9620875927008675e-05 9.90215733062408e-08 0.0 5.591943917985432e-08 0.0 4.60771831677446e-06 0.0 2.5213095685101043e-06 7.361264480597304e-07 7.734893759851862e-07 7.251847097881153e-07 1.0444353865649282e-07 3.222313781557827e-07 0.0 5.6080345620699e-08 0.0 0.0 0.0 0.0 0.0 0.0 2.453350849768088e-05 6.4255970339230055e-06 6.046778098294779e-06 3.4148082809018147e-06 0.0 8.62639693633636e-06 1.0678337409110527e-06 0.0001759924839749388 9.153670894739788e-08 0.0 1.8832757379822956e-07 3.98993807523566e-07 0.0 1.27804366034923e-06 2.8853198893666795e-07 1.0266682796947481e-05 2.9165076081036854e-07 0.0 1.1183040523113381e-07 0.0 0.0 0.00031532283947134865 2.6621624366931022e-05
3.27798800355494e-05 0.00025507083804771584 0.0006443037002117887 4.049114965465835e-06 0.0006614400929174597 9.595001820090454e-07 0.0001228930577208697 0.0006232807854626325 0.00022626269595593554 1.2644801700924303e-06 0.0 6.113236479814218e-05 0.0009558619238674569 0.0009702541706295663 1.4042719362795411e-05 1.3876593903592701e-05 1.7316907415115743e-06 7.352036136885041e-07 5.02761799201682e-08 2.8420266810033023e-06 2.898510012077437e-06 0.0 3.231829381620875e-07 0.0 1.0493790870373824e-06 1.2713209556348973e-06 3.2981487664807557e-07 8.835640590567129e-07 1.4418473370688212e-06 7.080189398153604e-07 4.394698597577298e-05 3.6666966309853685e-06 0.00028504446924646203 2.0579757404627615e-07 3.222890853490066e-07 8.24240933002597e-07 0.0001502306464704937 1.0641978937722626e-05 7.619295579140817e-06 1.3307613359548086e-06 2.9670163010472046e-06 1.9577454494271815e-06 6.742532941892108e-07 1.5661504296513984e-06 6.722944521163574e-07 8.022753259053282e-07 2.3834943608430917e-05 1.7880175756301432e-06 5.56692985906479e-07 2.7234440084851593e-06 9.794048786891238e-07 0.0 1.3742608044766345e-07 2.1763845997172674e-07 1.2232213253156563e-06 2.1728380282278765e-06 3.464572382973542e-06 5.278012453447405e-06 2.0406433334475095e-06 5.412999272348867e-06 1.8161900468325328e-06 1.47567361778642e-05 4.311536223638062e-07 1.3419465483655732e-05 2.1143926837099075e-06 1.1179542158537956e-06 3.067429902167265e-07 6.958149716844315e-07 4.059745712251398e-06 5.132463776024906e-06 8.119685039294988e-05 2.0521859998313262e-07 0.0 2.3585148785121937e-05 1.0130542702244919e-05 2.0281482189351762e-05 2.4537228301419377e-05 1.2667126036076492e-05 5.450444496832511e-06 0.00040923775095077315 2.378183908435881e-06 0.00012999896247977476 3.446349595398715e-06 0.0 1.0307992556580939e-06 1.4748655801278606e-06 1.6735782249424427e-06 0.0 1.364894020218718e-07 0.0 6.552524313218324e-07 2.0036827684599206e-07 6.565868601909687e-06 3.228292244700771e-06 8.183823456076775e-07 2.3426941374653433e-05 1.5379752816320623e-06 0.0 4.406356480871791e-06 2.107689228560329e-06 0.0 4.688566616702531e-08 0.0 0.0 0.0 1.3273737618585186e-07 1.0729114482349421e-06 0.0 1.635863357840189e-07 8.438081985770496e-07 2.468243242684983e-07 1.3855336069029749e-06 2.463164062074248e-06 1.1046657737257919e-06 8.424257229187911e-07 3.23733916316736e-07 0.0 0.0 1.2529474259150953e-07 0.0 0.0 0.0 0.0 0.0 0.0 1.7186992220177698e-07 0.0 0.0 0.0 0.0 0.0 0.0 0.0 0.0 0.0 0.0 0.0 0.0 0.0 7.504558053870943e-07 0.0 4.5972506379421333e-07 7.910138221365602e-07 6.032820164881515e-07 0.0 0.0 0.0 0.0 0.0 0.0 0.0 0.0 3.086230494859334e-07 0.0 0.0 7.738917112556945e-08 2.1833139934341073e-07 0.0 0.0 0.0 0.0 0.0 0.0 0.0 0.0 0.0 7.666760641298205e-08 0.0 0.0 0.0 0.0 0.0 0.0 0.0 0.0 0.0 3.4930610678759222e-06 1.0050405263220074e-07 0.0 0.0 0.0 3.776307332452981e-07 0.0 7.549082511568828e-07 0.0 0.0 0.0 0.0 0.0 0.0 0.0 0.0 0.0 1.158931043785823e-07 3.5767229617953675e-07 0.0 0.0 5.885583197569181e-07 4.3613402842924645e-06 1.2903293128980398e-06 6.100611109106754e-05 4.058155682985676e-06 9.906330450545591e-05 2.807366358768469e-05 5.2835532051434375e-06 2.147038714335127e-06 1.5076506738143002e-07 5.6213737703425355e-06 6.569353122430547e-07 0.0 0.0 2.78694029561598e-07 0.0 0.0 0.0 0.0 1.032741518066299e-06 1.7542971523016442e-07 3.705250386234401e-06 5.78812741692252e-07
4.171436953781294e-05 3.4007330655553964e-05 3.583589496310968e-05 0.0004706107202400043 3.0653460140087473e-06 0.00013772631358161406 3.71952236422674e-05 2.5439831943811847e-05 1.1870351731540226e-06 0.0017711238651926917 6.113236479814218e-05 0.0 0.0005507754570774682 7.306152649540272e-05 6.329704254991122e-06 5.634270210958473e-06 4.087486230275886e-07 7.816775826425511e-08 0.0 4.4686581502509054e-07 5.106041050832661e-07 0.0 0.0 0.0 0.0 1.1865680997227832e-06 2.3096823713349548e-07 2.926201385956191e-07 5.48567708656276e-07 0.0 2.155191721195498e-06 1.2104172936774822e-06 4.585394163535157e-05 0.0 5.7814424989032105e-08 4.1809937059276987e-07 7.454932072095192e-05 6.106194338844301e-06 4.583820864029503e-06 1.537752877569864e-06 6.246260348731758e-07 3.0557893452102607e-07 8.186171031454958e-08 3.5911319146550366e-07 1.8286708165111102e-07 2.2993302832684873e-07 1.0707652877690296e-05 2.5428698557205546e-07 5.571755046406632e-08 1.6871267540750728e-07 1.3672594410432064e-07 7.521682004631158e-08 2.553618105778141e-07 0.0 4.3551781271804394e-07 1.6170326423114318e-07 1.1860199678476522e-06 1.5558234255039316e-06 1.2655390586996291e-06 2.1354784342191334e-06 8.060693438748806e-07 1.4497986730938536e-06 4.057174218023131e-07 1.1253312397656104e-06 2.9235299987296583e-07 1.415912837003476e-07 9.7446833714571e-08 0.0 5.058908218317483e-07 7.25715618732511e-07 0.00010932507095803171 4.404100380698016e-07 0.0 6.57087508653567e-06 1.5660855739043927e-06 6.497884022487576e-06 5.188032524517518e-06 3.384841830499698e-06 1.458648115788354e-07 2.8119533986293788e-05 3.331752779397897e-07 5.505629941738923e-06 4.0665410714494446e-07 0.0 2.904029179775331e-07 2.6785038590993957e-07 1.7319158846422754e-07 0.0 4.4751215910645294e-08 0.0 2.185056207005872e-07 6.538815690373509e-08 9.542587357984739e-07 2.0634545691517992e-07 1.1276740874838916e-07 0.00022704816666427536 7.093907607738177e-06 0.0 7.154989796785454e-06 1.0313722148374754e-05 3.1023870529672775e-06 2.600668019219563e-06 1.4531682122224333e-05 2.0227087256215595e-06 1.1206339247301149e-05 1.1849061553835059e-05 5.8534121777945474e-05 8.82250795371073e-06 2.461957532487133e-05 2.723785645720978e-05 6.704996000114666e-06 3.7665691633611087e-05 0.00010437637740578665 3.809313086466343e-05 2.2789990212827544e-05 3.705306457595047e-07 0.0 1.6198866341048008e-07 6.883501869111008e-08 5.5035283775966734e-08 0.0 8.014050318481048e-08 0.0 0.0 0.0 4.132392255433222e-07 0.0 1.0976185516454657e-07 0.0 0.0 0.0 0.0 0.0 0.0 3.972871399366192e-06 9.29140369898344e-06 0.0 0.0 0.0 1.1173688890192727e-05 0.0 2.7609764093573698e-06 6.718705681235948e-06 9.119182148862649e-07 0.0 1.0615856213158224e-07 0.0 0.0 0.0 0.0 0.0 4.0294629028956576e-07 2.8926361765095025e-07 0.0 0.0 0.0 2.8471051457211334e-07 0.0 0.0 0.0 0.0 1.1222736265881205e-07 8.318667729288248e-07 4.832805825709309e-07 0.0 0.0 4.176659669535927e-06 5.387836625878803e-07 1.3406159130371446e-07 0.0 0.0 0.0 0.0 0.0 0.0 0.0 3.421651266345133e-05 9.652352899824821e-08 8.288780964337353e-08 0.0 1.1756526073992305e-07 8.534815994199383e-06 5.7479373276247075e-08 3.3503692734857653e-06 3.887100336239298e-07 1.1499806532750092e-06 1.3675885200649512e-06 3.1624602584054496e-07 6.108621533963732e-07 0.0 0.0 0.0 0.0 0.0 0.0 0.0 0.0 3.0008949076567774e-05 2.285558341252595e-05 1.9197811040231186e-05 4.821130334216109e-05 1.5767234277426995e-06 3.839712807704315e-05 1.6232030245833297e-05 6.941089690132803e-05 8.823679749350001e-07 5.678734001055764e-08 2.7174927492725706e-06 4.416714807927626e-06 1.153843327794956e-07 1.9735653269066012e-06 8.622958215669257e-07 2.744798301835488e-06 1.3653047421573055e-07 0.0 2.390478321162111e-07 9.08766352851665e-07 6.397334086999536e-07 0.0002670626937790016 1.1213240752320509e-05
