0.0 0.0008341752790741927 0.00015372231523712638 0.0007756404918128319 0.00011662724273956896 2.063363246791571e-05 6.540449341573243e-05 1.2938811972915637e-05 2.80950763389261e-05 0.00025584710708399176 0.00014597712746519518 5.877248431796915e-06 2.9949407457843223e-05 0.00011977523562123086 8.002226447594388e-07 2.1135882022819728e-07 7.191636437829205e-08 0.0 0.0 0.0 0.0 9.749907351974157e-08 0.0 5.461404351168312e-08 0.0 0.0 0.0 0.0 0.0 0.0 8.52564246574798e-05 4.6246284095124617e-07 2.17834911523515e-06 0.0 0.0 0.0 8.894572912741789e-07 6.568197731723962e-08 3.1964640623695643e-07 0.0 0.0 0.0 1.1149882008521867e-07 0.0 0.0 0.0 4.142934729920635e-06 7.429930976792146e-07 0.0 0.0 0.0 0.0 0.0 0.0 1.3647837938258792e-06 7.542976953552881e-06 9.22616648623459e-05 6.928791990055917e-05 1.3757264192764051e-05 1.1013511017695264e-05 0.0 1.0844639533502987e-07 0.0 8.597892721134158e-07 4.402792148141978e-06 3.502797077878622e-06 2.3096631652430218e-07 2.0426625479061378e-07 5.942721928740837e-08 1.0826913676271258e-07 3.055988983142767e-06 6.834889387008315e-07 0.0 5.609356611472997e-05 5.649422327006915e-06 3.4569895181285554e-06 1.5499135159531619e-07 1.2940799480145415e-07 0.0 1.5104922326190406e-05 4.8562188258438e-08 9.828154380660664e-08 8.334306077852447e-06 2.993884368781952e-07 3.2202492989475952e-06 6.600476455455063e-06 1.9515090099265083e-07 9.298231020390259e-08 4.5258443228245725e-07 1.1658668542187877e-07 0.0 0.0 0.0 0.0 1.7307826266023887e-07 6.00773872102231e-06 1.392546352346373e-06 0.0 4.6323818706157336e-07 0.000364722393974207 0.0 1.9149318525242774e-06 9.76602080243458e-07 4.925995721794017e-06 0.0 5.090586078437001e-06 1.2267118801925017e-06 1.0769206784589409e-07 3.3630348551520527e-06 4.195896208672348e-06 0.0 1.5899210439877624e-06 4.41827367388015e-06 8.419339969420568e-06 1.2601044138925347e-06 0.0 0.0 0.0 0.0 0.0 0.0 0.0 0.0 0.0 0.0 0.0 0.0 0.0 0.0 0.0 0.0 0.0 0.0 0.0 0.0 4.678706713532865e-07 0.0 1.3113106590510128e-06 0.0 4.62945121159727e-06 4.4986457527656145e-07 4.037792476701047e-06 1.956254192816171e-06 0.0 0.0 0.0 0.0 0.0 0.0 0.0 0.0 0.0 8.233836576624843e-08 0.0 0.0 0.0 0.0 0.0 2.0012338510552209e-07 0.0 4.938530528149527e-07 0.0 0.0 1.0407115999720811e-06 0.0 0.0 2.6833171716758047e-06 0.0 0.0 8.112917393846199e-08 0.0 0.0 6.913906237294677e-07 0.0 0.0 0.0 1.0484763776510597e-05 0.0 0.0 0.0 0.0 0.0 0.0 3.436969608809037e-07 0.0 0.0 7.076451916341375e-07 0.0 0.0 0.0 1.0166643012856172e-07 0.0 0.0 5.570283215517037e-08 0.0 0.0 0.0 5.669924716139265e-06 4.342620861170592e-06 4.913447962390254e-06 7.930545412851863e-05 6.834881777977234e-07 4.087870554533722e-05 4.1831232714959124e-06 0.0004883342509730013 2.33034708108326e-06 5.378854468494479e-06 2.685549378266822e-06 4.6079397516935217e-07 0.0 3.4778192760904767e-07 1.854886277363523e-07 1.3826141050049564e-05 0.0 0.0 0.0 0.0 1.9487415168469918e-07 0.00018255796859048087 1.1806860375136399e-05
0.0008341752790741927 0.0 0.0003298465962468435 0.0002350664110785682 0.0010511175093528885 3.9646806284298834e-05 0.0013007088594863708 2.6481765586412902e-05 0.0004523605520583855 0.00012724626126194878 0.00041796116304305964 2.1630634686070194e-05 0.0001699294422522089 0.0004725348065776588 9.209150695642996e-06 1.5495918167365128e-06 2.6953656229212603e-07 1.493087997805831e-07 5.370610207191375e-08 4.246931855815014e-08 8.002970433879431e-08 0.0 5.634247562010894e-08 0.0 2.411580120065454e-07 1.3114719988225023e-07 0.0 6.982099293961418e-08 6.536445775905642e-08 0.0 0.0005758561683420145 4.030376700857852e-06 2.852847452856825e-06 7.117116772644766e-08 0.0 0.0 1.1246934208955134e-06 1.8699360914520204e-07 3.557978507372693e-07 3.9116327878832726e-07 0.0 4.976107427297148e-08 4.288708267690692e-08 3.9160819476123127e-07 1.6292981478718219e-07 3.4322634761746745e-07 8.468825682414419e-05 4.647950903750365e-06 2.774876670928312e-07 3.0679724426455796e-07 0.0 4.653431069494808e-08 2.3382388283634023e-07 7.850430595307085e-08 6.785443022260654e-06 2.372675154082314e-05 7.845045084493594e-05 0.00023531147983172571 4.4628834829539e-05 0.00011908322130468905 5.020867641079959e-08 1.0778466055247236e-06 0.0 2.8568176722111647e-05 2.662610916782052e-05 2.4111350391712258e-05 1.2283578339431462e-06 6.7887562916743e-07 4.1371168329080196e-07 4.4211839760861715e-08 4.244969585794822e-06 0.0 6.05261332508533e-08 0.0002602205274838695 7.383508537965075e-05 8.048344587466296e-05 5.710253069236712e-06 3.915844517530062e-06 6.807551447812711e-07 1.4286510692559845e-05 7.800515953091571e-07 5.972613989628242e-07 5.029751739082006e-05 9.087593504456325e-07 1.8403286479646086e-05 3.629138453370891e-05 1.79888856163285e-06 1.5396713389735831e-06 3.002481289210478e-06 4.261046077598719e-08 5.34184576931862e-07 1.7657668280401926e-07 0.0 5.250130224764619e-08 1.544304669106425e-07 7.178755926648771e-06 0.0 0.0 3.275990470002137e-07 0.0006709225986696012 0.0 0.0 9.496506515138544e-07 5.388319713854001e-07 0.0 5.65535719358432e-05 8.522981668625667e-07 3.82658455948497e-07 9.508656615961008e-07 3.2463976528419964e-06 0.0 1.4041945119318738e-06 5.982785183195587e-06 3.3185016063794485e-06 6.438628885544643e-07 0.0 0.0 0.0 0.0 0.0 0.0 0.0 0.0 0.0 0.0 0.0 0.0 0.0 0.0 0.0 0.0 0.0 0.0 0.0 0.0 2.572893348422862e-07 0.0 0.0 3.8162262262221577e-07 2.6368093404090016e-06 0.0 2.0797620635222074e-06 7.696612120996357e-07 7.318068098191235e-08 0.0 0.0 0.0 0.0 0.0 0.0 0.0 0.0 5.1260184341097716e-08 0.0 0.0 0.0 3.5023887312629783e-07 0.0 2.8360898395209134e-07 0.0 1.5544862958940588e-06 0.0 0.0 4.475582814964515e-07 0.0 4.1676626688236587e-07 3.557417130755313e-06 0.0 0.0 3.4743664747423115e-07 2.9402714543366744e-07 6.046113443004151e-08 4.8013941643519306e-08 1.208717732064109e-07 0.0 0.0 5.8948449071876765e-06 0.0 0.0 0.0 0.0 7.093495438135201e-07 0.0 1.5186793777036229e-06 0.0 1.1668459064778193e-07 0.0 0.0 0.0 0.0 3.886915398990313e-07 9.497927032763361e-08 4.528026451373856e-08 8.4506030432227e-07 5.51126084623006e-08 5.8666482516747443e-08 0.0 4.963555130787415e-06 4.141575965776396e-06 3.4849444294155717e-06 0.0001230842378194708 9.668622628205993e-06 0.00038552406857024035 3.501690237074337e-05 0.00031014499035727215 1.0344369579514598e-05 8.650913511398337e-07 3.203865182864998e-06 4.427394361078034e-07 7.590834520760076e-08 3.061885217784625e-07 1.271520763461528e-07 2.8140992513170925e-06 6.364493706470026e-08 0.0 0.0 4.959251282317427e-06 0.0 9.675634376885834e-05 4.6908565418458455e-06
0.00015372231523712638 0.0003298465962468435 0.0 2.3144995998802506e-06 0.00029469570061192957 1.3688995151959077e-07 3.285134631591755e-05 0.0004357997309870249 0.0003368229789359218 3.7481804662407145e-06 0.0019617798643037226 2.5044165187816228e-05 0.00016730518042700683 0.0008228894817177813 9.465401726878214e-06 8.080176674521744e-06 1.0491348292251846e-06 2.077647138643206e-07 7.112629213851923e-08 2.9344088551512575e-06 4.665300924394111e-06 3.127225418660427e-07 1.2023566387097583e-06 1.470024419430487e-06 2.5431832318552845e-07 1.1315519643889509e-07 0.0 0.0 0.0 6.370931300668911e-08 0.0010885929365607547 8.50230455950611e-05 2.4589798048029727e-05 8.912829030962426e-07 3.980370049530752e-07 1.6079042067987326e-07 1.0214927782919741e-05 9.364763510427605e-06 3.2408471442595668e-06 4.835995153750233e-07 5.75186509772847e-07 5.1682935029522595e-08 1.5536803862523947e-06 6.612788883453515e-07 1.190704108355244e-06 7.024704099280818e-07 3.4562035013253926e-05 2.1047460516295714e-06 3.254652588023116e-07 1.559931767995879e-06 1.486814627732079e-06 1.660278689502386e-07 2.763627585557794e-07 3.0386188534224745e-07 3.4520595773471113e-06 1.0030291865674802e-05 5.033787811592088e-05 0.0002509592122864679 2.442616166215589e-05 4.7377096479388386e-05 1.9052886938618594e-06 6.680074851599786e-06 1.449812323681405e-07 8.198082482805496e-05 1.0929377462074917e-05 1.2754875481346305e-05 3.5819594517690883e-06 7.568294171213288e-06 7.861972554053264e-06 2.7377497840348734e-06 6.15091608216276e-06 1.722462805851152e-07 0.0 0.0001597236846895098 6.193444617032011e-05 3.8285600147173375e-05 5.039849795350465e-06 6.332919936464092e-06 1.4319107650744144e-06 0.00048371977674467826 4.233418117529337e-06 4.444908417567629e-05 2.423327701374447e-05 4.52337106920723e-07 8.464596900752032e-06 1.701060450251418e-05 2.0375606961086344e-06 6.877441070673551e-07 1.5739486508071563e-06 0.0 8.413242700638593e-07 5.1854976991697455e-08 1.543577468697847e-06 2.811052835931912e-07 9.980589462340051e-08 3.1960665028826283e-06 4.2301011745462654e-07 0.0 8.518314607481109e-07 0.0001709738316154177 0.0 0.0 0.0 0.0 0.0 0.0 0.0 0.0 0.0 1.041712806898339e-07 0.0 0.0 6.014395320830984e-07 9.0394602602837e-08 2.816617833525144e-07 1.7297015779360934e-07 0.0 0.0 0.0 0.0 0.0 0.0 1.2394299049381576e-07 0.0 0.0 1.9244195144432567e-07 0.0 2.9696452871215263e-07 0.0 0.0 0.0 0.0 0.0 5.8817587256668e-08 1.1948115376509422e-07 0.0 0.0 1.350582206209082e-07 0.0 5.901139777198073e-07 0.0 1.9724531369341317e-06 9.77378413758283e-07 2.775551574289349e-07 9.878825572910202e-08 0.0 0.0 6.059227165678442e-08 0.0 0.0 0.0 7.319970709868702e-08 1.1756265159946925e-07 0.0 0.0 0.0 8.551585467465606e-08 0.0 9.692485710480557e-08 0.0 7.199985562197793e-07 0.0 0.0 0.0 0.0 8.936319313183266e-08 9.340212416024045e-07 0.0 0.0 1.8764465907858646e-07 1.933312985355953e-07 4.536871684568614e-08 0.0 1.1686451768960223e-07 0.0 0.0 2.1735504957128273e-06 2.561161567355376e-07 0.0 0.0 6.189247457441056e-08 0.0 0.0 7.707712069357782e-08 0.0 0.0 0.0 0.0 0.0 0.0 4.7454167877382777e-07 0.0 4.32212005400889e-08 2.497773348381934e-07 4.606578195211832e-08 6.972433347135696e-08 0.0 9.64185380206588e-07 1.5320753883526725e-06 2.4207280192819176e-06 4.1494159097112464e-05 3.6205144086930755e-06 0.00013167102186486184 1.3961287369093996e-05 4.788503732056697e-05 2.414580357479713e-06 3.8667371333473035e-07 1.151096985231294e-06 5.613008031182388e-07 1.0309856656688061e-07 2.3966040604921326e-07 1.759116605661284e-07 0.0 0.0 0.0 0.0 3.106433178530338e-06 0.0 2.2377051136377765e-05 2.8330396090029424e-07
0.0007756404918128319 0.0002350664110785682 2.3144995998802506e-06 0.0 0.00010370663398264305 0.00041818335615737034 0.00037769037508989336 1.4286016363893043e-07 9.488340007515783e-07 0.0004360778209531659 4.812307956883306e-07 1.2641922699290373e-05 3.6224050830394666e-05 2.5567774984633377e-06 3.0077606933242894e-07 9.156446458767007e-08 0.0 0.0 0.0 0.0 0.0 0.0 0.0 0.0 0.0 0.0 0.0 0.0 0.0 0.0 2.7689484093437915e-05 1.8478853671291074e-07 3.060725176758506e-07 0.0 0.0 0.0 0.0 3.6947321899934203e-07 0.0 0.0 0.0 0.0 0.0 0.0 0.0 0.0 8.566722505823828e-06 4.3775460413008344e-07 0.0 0.0 0.0 0.0 0.0 0.0 1.3441704614813539e-06 4.284865009797623e-06 2.2555469052521602e-05 3.4438235617563307e-05 9.146789600309567e-06 1.5234346508763089e-05 0.0 0.0 0.0 1.3245571823216314e-06 4.222079496867099e-06 5.099127219359116e-06 3.6077937013215797e-07 2.5051307151791375e-07 0.0 0.0 0.0 0.0 0.0 4.574919948327252e-05 8.105648104238018e-06 8.388500966385271e-06 1.555673340132787e-07 4.644653078900258e-08 1.0283004562974387e-07 4.566767036804344e-08 0.0 1.5150073513224423e-07 8.538690102748697e-06 2.0609000151529267e-07 3.0284111577404663e-06 7.848248604782087e-06 3.281874622210463e-07 9.173586243651659e-08 3.9165194492037727e-07 6.469426845820218e-08 4.1860588993886233e-08 0.0 0.0 0.0 5.141691622493043e-08 1.686997925994386e-07 0.0 0.0 0.0 0.00027247378996415623 0.0 4.917169642123067e-07 2.2496995198819945e-06 2.8031679403188222e-06 2.548798342881093e-07 2.573181478717853e-05 2.5297694302298536e-06 4.578674568794269e-07 8.908469976317663e-06 4.2879161003130604e-06 0.0 4.285709884756565e-06 5.348413347002789e-06 3.3812767320977815e-06 4.599174855710591e-07 0.0 0.0 0.0 0.0 0.0 0.0 0.0 0.0 0.0 0.0 0.0 0.0 0.0 0.0 0.0 0.0 0.0 0.0 0.0 2.8504695280120723e-07 0.0 0.0 0.0 0.0 2.4596605044761475e-06 0.0 1.0131519654626782e-06 2.765038370701005e-07 3.3763118287033126e-07 0.0 0.0 0.0 0.0 0.0 0.0 0.0 2.2719495512719244e-07 3.581643054100603e-07 0.0 0.0 0.0 0.0 0.0 6.446299638249661e-08 9.448351894897218e-08 3.3477881547301456e-07 0.0 5.682875994847789e-08 0.0 0.0 0.0 2.8987118184477304e-06 9.148058475253665e-08 0.0 5.039201866889366e-08 5.2950794256448584e-08 0.0 0.0 5.237450747724303e-08 0.0 0.0 8.106161296223724e-06 0.0 0.0 0.0 0.0 0.0 5.05756263583043e-08 3.854798280462019e-07 6.451065369062309e-08 1.8498722444018916e-07 9.25641532467972e-08 1.2620523683170509e-07 0.0 0.0 0.0 6.808258769185217e-08 0.0 9.962796362508114e-08 0.0 0.0 0.0 4.217508741282377e-06 1.7259368063138043e-06 3.2567059930010958e-06 2.130121826977507e-05 7.255323390901785e-07 6.01459478998806e-05 3.6763555659550425e-06 0.00032930686139844787 1.7580659895802097e-06 2.575210946037976e-06 6.450839752443191e-07 1.7675953879194127e-06 0.0 3.160904688964085e-07 7.76842152009314e-08 9.780334600255702e-06 0.0 0.0 5.8138203415006356e-08 8.288944081727695e-07 0.0 0.0001381743192861833 2.8280893786516558e-06
0.00011662724273956896 0.0010511175093528885 0.00029469570061192957 0.00010370663398264305 0.0 3.955973103479543e-06 0.0011814606637211502 3.2276415182923036e-05 0.0012455431990757086 0.0003051984803337883 0.00026448771161819584 3.2710282839165334e-05 0.0004541358008221064 0.0006447750838566779 2.345563440228319e-05 4.790492914335038e-06 2.1736187504911233e-07 7.62488192660445e-08 1.6803615768256262e-07 1.0667247537710528e-07 0.0 0.0 7.292636238975639e-08 0.0 0.0 0.0 8.345552016977092e-08 5.844911550294803e-08 5.8255063975999786e-08 0.0 9.969440211704157e-05 6.680151210880949e-06 2.436290735151214e-06 6.577540914068683e-08 0.0 0.0 7.679887152173303e-07 1.461558544212514e-07 2.789882317245725e-07 2.3030468826817974e-07 0.0 9.909778403511309e-08 0.0 1.1527855530950487e-06 2.7324219227799017e-07 2.60150652583599e-07 8.43636529111988e-05 1.9325184538700617e-06 2.2709541484437893e-07 2.0309771288419535e-07 9.690309173684344e-08 0.0 0.0 0.0 1.4234746075466491e-06 5.964067115389691e-06 4.98276904552725e-06 3.25106352591598e-05 7.39767805298502e-06 5.8511647390946904e-05 5.041833883824883e-08 1.0645014656722734e-07 2.0381556303226031e-07 3.6922834714313514e-05 7.372172821475348e-06 7.214056143533967e-06 6.970849429992372e-07 6.515001084364818e-07 2.474693741494151e-07 9.442334743903848e-08 1.3671670687042492e-05 9.725829546381704e-08 0.0 6.131307459376147e-05 4.192891239148577e-05 7.555297722465025e-05 1.0355910741966829e-05 9.90233117582664e-06 5.651122340269044e-07 6.309880862707895e-06 8.029128902476536e-07 1.7086870266915473e-06 1.346802202014395e-05 1.280034879936524e-07 5.445605454513495e-06 1.131157637147634e-05 8.648339287708158e-07 4.824178470052271e-07 8.943707186886463e-07 9.965409268388837e-08 1.4915086106903086e-07 1.0580782755461732e-07 5.4715402883786454e-08 5.202819039074959e-08 7.280422859327296e-08 2.2186568751093287e-05 1.1586044835202568e-06 0.0 1.2749627918373233e-06 3.2105770422886164e-05 1.28799789021655e-07 5.70350149456387e-07 6.897944825892411e-07 2.3391371895021842e-07 0.0 1.7574470002107875e-06 1.0992322899143243e-06 2.3753195125123296e-07 2.0268213733512114e-06 1.8436424156813165e-06 2.4850452797152577e-07 2.8675356220850657e-06 6.319781574685449e-06 7.141042344529435e-06 1.981161612836403e-06 0.0 0.0 0.0 0.0 5.834314824318831e-08 0.0 0.0 0.0 0.0 0.0 0.0 0.0 0.0 0.0 0.0 0.0 0.0 0.0 0.0 8.198442903142611e-07 9.645188398001047e-07 0.0 0.0 0.0 6.7553304870435024e-06 4.579840272355142e-07 6.474043528100884e-06 1.072433979663563e-06 1.688469972685471e-07 0.0 0.0 0.0 4.676663033958326e-08 0.0 0.0 0.0 9.306627851614155e-08 6.04216807191404e-08 0.0 0.0 0.0 0.0 0.0 1.0133559653553731e-07 0.0 5.087451546932879e-07 0.0 2.0072500111050076e-07 0.0 0.0 3.265948176960304e-07 7.7638497594085e-06 1.2066526056391877e-07 0.0 4.506730365979491e-08 0.0 0.0 0.0 0.0 0.0 5.530456131230555e-08 1.5910062878844938e-05 0.0 0.0 0.0 0.0 1.4298346462539013e-06 0.0 3.0853715999346565e-06 1.0143222061295229e-07 0.0 7.401195524019166e-08 0.0 0.0 0.0 0.0 0.0 0.0 2.6371859095874204e-07 0.0 0.0 0.0 1.0420922363646254e-05 6.3972200712688804e-06 5.391065632676102e-06 0.00016716988969563075 1.0489134920667057e-05 0.000258937407159527 4.548643911352308e-05 5.455392376439524e-05 9.431068175457277e-06 5.626914721067346e-07 5.2646964831586796e-06 1.2884695121189895e-06 0.0 6.268045309195792e-07 4.1081737774546066e-07 2.2708418816141155e-06 0.0 0.0 1.1120169273031967e-07 1.1726895259084647e-05 0.0 3.276656854433545e-05 3.827210977392173e-06
2.063363246791571e-05 3.9646806284298834e-05 1.3688995151959077e-07 0.00041818335615737034 3.955973103479543e-06 0.0 4.499605000309342e-05 3.6829522419896796e-07 4.4690342350844475e-07 0.0004117267565135049 0.0 3.89638136066048e-05 4.763411907699196e-05 3.7010156216836136e-06 2.4609951497614173e-07 1.8218783005549962e-07 2.97601995640295e-07 8.75744833409465e-08 0.0 9.535565547367282e-08 0.0 8.998935905623898e-07 0.0 0.0 2.527028444891155e-07 0.0 0.0 0.0 0.0 0.0 4.615202306424431e-06 0.0 1.880414895141731e-06 0.0 0.0 0.0 5.924053450583052e-06 1.957347472557535e-06 4.81816632332399e-06 0.0 0.0 0.0 0.0 0.0 0.0 2.879785956850852e-07 2.8713356854552117e-07 0.0 0.0 0.0 0.0 2.3574515044237584e-06 5.804698068793019e-07 0.0 0.0 0.0 8.752776430421152e-05 2.0903631390326867e-06 1.9432012999214783e-06 1.1829424755065046e-07 0.0 1.8688744015764165e-06 0.0 0.0 0.0 1.2725674830108744e-07 0.0 0.0 0.0 0.0 6.595357559427951e-05 9.292277751990538e-05 7.530065188719692e-06 5.594025799052031e-07 1.5006730692818446e-07 0.0 0.0 0.0 0.0 4.940743977594169e-07 0.0 5.203262627891281e-07 2.8263717619846106e-07 4.476913015160002e-07 0.0 4.0882491579777514e-07 5.248685570585406e-08 2.469892619839284e-06 1.740471704882581e-06 5.590094389649175e-06 1.4871013891092934e-07 2.2922736201066902e-06 0.0 1.650426162156509e-07 4.564981922723027e-07 0.00014412241237333548 0.00012858884379650436 8.474669021195685e-06 2.1774201509272876e-05 9.869923163686392e-05 0.0 5.06233891311406e-07 8.259825770823636e-07 0.0 0.0 5.733936932286304e-06 8.722774085652962e-07 8.429465685755667e-07 2.450696697803633e-07 1.1456908181988378e-06 0.0 2.1310312866844072e-07 1.9720636854891467e-06 2.10428203168004e-06 0.0 0.0 0.0 0.0 0.0 0.0 0.0 0.0 0.0 0.0 0.0 0.0 0.0 6.421144535420185e-08 0.0 8.780384431117251e-08 0.0 0.0 0.0 0.0 0.0 0.0 0.0 0.0 0.0 1.4364464624908377e-06 0.0 9.015256675638019e-07 6.223371307504617e-07 2.104514733545771e-07 0.0 0.0 0.0 0.0 1.1315856564707396e-07 0.0 0.0 0.0 1.6075368498565423e-07 0.0 0.0 0.0 9.026432183447572e-08 0.0 0.0 0.0 0.0 0.0 0.0 0.0 0.0 0.0 9.57052632006754e-07 0.0 0.0 6.391477808025165e-08 0.0 0.0 0.0 0.0 0.0 0.0 2.9412516461808253e-06 0.0 0.0 0.0 0.0 9.172187385222274e-07 0.0 6.78124607182957e-07 0.0 0.0 0.0 0.0 0.0 0.0 0.0 0.0 0.0 9.266583821464896e-08 0.0 0.0 0.0 1.8891788497282587e-06 1.7201261396502535e-06 1.4178312192379107e-06 2.5930089935096562e-06 0.0 2.508792265871023e-06 1.195898740784698e-06 4.4327367690308814e-05 9.725964173145491e-07 0.0 1.5151227254680622e-07 1.018449585242977e-06 0.0 2.48076185530031e-07 0.0 1.5990953270770977e-06 0.0 0.0 0.0 1.2468011095546672e-07 8.782432145247802e-08 3.6441075515655495e-05 3.0320317824624137e-06
6.540449341573243e-05 0.0013007088594863708 3.285134631591755e-05 0.00037769037508989336 0.0011814606637211502 4.499605000309342e-05 0.0 1.734755379587122e-06 0.0006891375197981358 0.0016397645859800288 3.237973899096611e-05 1.439495418230673e-05 0.0007105388142070058 0.00036484969220765333 2.2435824987631623e-05 4.975735398763785e-06 9.964393551217269e-08 1.2114904275974315e-07 2.682012162681806e-07 1.5396898448449778e-07 6.81262953819875e-08 0.0 0.0 0.0 1.8338867672269184e-07 1.685836398552895e-07 0.0 0.0 1.4939869605889307e-07 0.0 3.72420504847824e-05 4.0227633308644035e-06 4.483308526108406e-06 7.619111803689743e-08 0.0 0.0 1.3947188050393952e-06 1.0692908729583672e-06 8.279220518610852e-07 0.0 0.0 0.0 1.4611109208401807e-07 5.111554232287405e-07 5.0010084238795154e-08 1.2334940113185135e-07 9.395717925830631e-05 1.7478582054210956e-06 2.2698243665877647e-07 3.692016084416799e-07 2.053490517645141e-07 0.0 0.0 1.4508716423705797e-07 2.0953893782957984e-06 6.788856323889824e-06 9.275722880048974e-06 2.9730611988253092e-05 1.1105313967012283e-05 6.324471594577165e-05 2.256886713353492e-07 2.2753284919323875e-07 5.869414399902259e-08 3.213925120365126e-05 9.00718258412153e-06 1.0044099903587086e-05 6.79259598570956e-07 7.056088556593583e-07 2.0829556941937496e-07 4.3201406442038134e-08 2.370991111645553e-05 3.466490525934134e-07 0.0 7.439660816120953e-05 3.984798509510089e-05 7.435264362557587e-05 8.529570509127835e-06 9.743011651635477e-06 6.483792236411125e-07 5.456856613787366e-06 7.752820068947039e-07 8.785907172044879e-07 2.0388640919880453e-05 4.6341647904648336e-07 7.307577972971098e-06 1.4662260335862622e-05 1.3461370208716227e-06 5.165141028291128e-07 1.183454793338407e-06 0.0 2.7319595414263646e-07 5.420112086014132e-08 0.0 0.0 0.0 5.58899840250838e-05 4.5677885580740337e-07 0.0 1.2170718748541247e-06 3.806780281612348e-05 1.8888051436689753e-07 2.196567397106374e-06 1.0249007652783682e-05 6.850325060371309e-06 5.104164376697047e-07 7.2577419621288205e-06 5.285565270141396e-06 1.765722964630351e-06 6.453973951273401e-06 7.653605721634008e-06 1.7463088155834346e-06 1.053439584762461e-05 2.1887934716024995e-05 2.0288599315169733e-05 5.308435851636887e-06 5.92748121644943e-07 0.0 0.0 0.0 0.0 0.0 0.0 0.0 0.0 0.0 0.0 0.0 1.283572237084909e-06 0.0 0.0 0.0 0.0 0.0 0.0 4.665924142969178e-07 9.356649268000627e-07 6.204506148280303e-07 0.0 0.0 1.5128561242870383e-05 4.621783516661021e-07 1.588840785952883e-05 4.280021691641583e-06 1.02371809251647e-06 0.0 0.0 0.0 0.0 0.0 0.0 0.0 7.067153043331105e-07 8.614346419151633e-07 0.0 0.0 0.0 0.0 2.204050911021568e-07 2.3871295427319525e-07 4.85450343172165e-08 7.331477157443807e-07 5.9467862130607884e-08 2.701694142544436e-07 0.0 0.0 9.81326446239729e-07 1.2138806458051358e-05 5.436839567586982e-08 1.4507640188194044e-07 1.7874400382491992e-07 2.5850242320180046e-07 0.0 0.0 0.0 0.0 0.0 4.055210145524053e-05 0.0 0.0 0.0 2.1952220283959133e-07 1.5387995457400522e-06 0.0 7.380030285646637e-06 6.285025906072162e-07 2.1367377768648145e-07 2.935133093346342e-07 2.1384569224162426e-07 3.9770446906054023e-07 0.0 2.143469079663237e-07 0.0 0.0 1.609831025812278e-07 0.0 0.0 0.0 2.1305954194420407e-05 1.16972389896835e-05 1.2332109617328306e-05 0.00021923377776719718 1.2759785005150877e-05 0.0003349303064367353 5.204126046943725e-05 0.00017766931388079295 1.197199517033968e-05 1.163225632125209e-06 8.367750653785956e-06 4.100565192303025e-06 0.0 2.643755044468646e-06 1.2339398757659887e-06 1.2448463381461235e-05 5.744545599132437e-08 0.0 6.46120555317371e-08 9.769909728670444e-06 3.631114001327266e-07 0.00010796091898666684 1.2736055838284164e-05
1.2938811972915637e-05 2.6481765586412902e-05 0.0004357997309870249 1.4286016363893043e-07 3.2276415182923036e-05 3.6829522419896796e-07 1.734755379587122e-06 0.0 6.176238522803659e-05 5.817552093467138e-07 0.0005280927645648368 1.0751388334297191e-05 6.223179985673328e-05 0.00033641092793958925 3.536613015935935e-05 1.7223731243952547e-05 1.9779443092305033e-06 7.398966962684898e-07 1.5823852365641118e-06 1.111382233247542e-05 1.1282885235115982e-05 3.803702114979166e-07 1.7087813362078817e-06 1.7614524507946432e-06 3.3532110227010434e-07 8.564987979412371e-07 2.0091777502804508e-07 0.0 0.0 0.0 0.00026476495461070105 0.0008008076663382549 6.939567318040574e-05 3.206692751899175e-06 1.4201288281053412e-06 8.838788522390735e-07 2.271498436239098e-05 2.8675866294903165e-05 7.047417580827722e-06 1.595247057840771e-06 4.1391178311268475e-07 5.10012957294866e-07 6.298545678496438e-06 6.712978393572018e-06 5.253056920008753e-06 4.932032150179141e-06 6.524274134093155e-05 2.3533573396157224e-06 1.0263578565073495e-06 5.0324476025125125e-06 4.312629705924987e-06 3.781446866979094e-07 5.475198215048289e-07 4.6639363809253385e-07 1.0315382547400646e-06 2.135107303068555e-06 5.949370434663895e-06 4.417844289178351e-05 3.9792104225774874e-06 4.22281238706138e-05 9.711476418717625e-06 2.57696043109671e-05 4.3370459293679505e-07 0.00014335263116504625 3.6407625393977007e-06 7.612214535536752e-06 6.0002334983645e-06 1.9599422445246153e-05 2.0481748457040447e-05 6.3789077417735554e-06 7.592093068656414e-06 7.102140783853131e-08 2.0897523638777426e-07 4.034096840735116e-05 5.6370095174853286e-05 7.762819673554994e-05 2.1303273844211673e-05 0.00010280059395480157 0.0002730029059212914 0.0016662815372373268 3.699172193403762e-05 0.00021491012040578418 7.263791640845267e-06 8.536621157651901e-08 4.076022867750166e-06 7.051937908001369e-06 5.852239450676779e-06 2.3555053478540266e-07 1.6744394927126142e-06 2.2113162262381706e-07 1.396374873492744e-06 4.1107255987416665e-07 5.398181616233981e-06 1.154477415846214e-06 6.668659698241259e-07 9.988694920759994e-07 1.812408772903568e-07 2.2484289037084603e-07 5.236487904471005e-07 1.2895547535383614e-05 0.0 0.0 0.0 0.0 0.0 0.0 0.0 0.0 0.0 0.0 0.0 1.2284035341376981e-07 0.0 0.0 0.0 0.0 0.0 0.0 0.0 0.0 0.0 0.0 0.0 2.291681184486182e-07 0.0 0.0 0.0 6.914200547538536e-08 0.0 0.0 7.829645553674299e-08 5.6071314526142966e-08 3.070754658315458e-07 0.0 1.615802027147399e-07 0.0 0.0 0.0 0.0 3.3664423137531725e-07 1.7273039899394062e-07 1.5574063482771113e-06 2.3843326044717125e-06 1.041757261335245e-06 0.0 7.849346219901622e-08 0.0 0.0 0.0 0.0 0.0 0.0 2.6597175600651904e-07 0.0 0.0 6.289232957049611e-08 2.2270296186181962e-07 3.7820845391741206e-07 0.0 0.0 3.277767479580587e-07 0.0 0.0 0.0 1.0500296406624925e-06 0.0 1.7469682035992444e-07 0.0 0.0 0.0 4.518447566019984e-08 4.459477221271064e-08 0.0 0.0 0.0 2.4464815777141593e-07 6.578331262357028e-07 2.496019555195977e-07 0.0 0.0 4.978535239073087e-08 0.0 0.0 1.6226439263277432e-07 0.0 1.2034626166853092e-07 0.0 0.0 0.0 0.0 0.0 0.0 0.0 0.0 0.0 0.0 0.0 4.286685964184851e-07 1.1548257254371247e-06 4.719907061591644e-06 8.390657683955937e-05 6.4067269928841945e-06 0.00013386654111970705 3.0200973767903618e-05 1.5969693227410326e-05 2.5428770019757677e-06 1.1006327550879451e-07 2.084281010453011e-06 2.3194213759943963e-06 8.540792676223765e-08 1.3605330068456216e-06 5.95404940482686e-07 0.0 0.0 0.0 2.528460499930537e-07 4.948421553653566e-06 0.0 4.203483679647464e-06 0.0
2.80950763389261e-05 0.0004523605520583855 0.0003368229789359218 9.488340007515783e-07 0.0012455431990757086 4.4690342350844475e-07 0.0006891375197981358 6.176238522803659e-05 0.0 3.444878942152584e-05 0.0004542405456467852 6.03530609196982e-05 0.0009418820707562059 0.0004046969241148502 1.2895306481279125e-05 2.975613283774143e-06 2.2440909066148166e-07 0.0 0.0 1.6927980957341363e-07 5.655743251755353e-08 0.0 0.0 0.0 0.0 5.8310645293698213e-08 0.0 6.840856566132476e-08 0.0 0.0 3.830938527757888e-05 3.863549161671432e-06 1.2707677383553856e-06 6.1125767368668e-08 0.0 0.0 8.280302912129149e-07 6.111663794701026e-07 1.4413315453797756e-07 0.0 0.0 0.0 0.0 5.391112582167385e-07 4.5926579152434636e-08 1.2979025128821676e-07 3.415790803003237e-05 6.706665675959893e-07 6.328208891580829e-08 6.469958416270287e-08 0.0 0.0 0.0 0.0 8.277470441463326e-07 1.7491838578933581e-06 2.37377334324131e-06 1.392394997393198e-05 2.2770047402439673e-06 2.202790420875808e-05 0.0 8.47451058347326e-08 0.0 1.698123586864405e-05 2.323913588682991e-06 2.0980341253172614e-06 3.8291945633166303e-07 0.0 3.019658174315025e-07 4.935074577016402e-08 6.941003207323803e-06 0.0 0.0 2.054106172843318e-05 1.7561156721091586e-05 3.3716389397487684e-05 5.257827325951663e-06 6.905340007804517e-06 9.37115986721714e-07 6.159001095293154e-06 4.3618772767728416e-07 7.649459486279823e-07 5.056162910325411e-06 1.8348806482488378e-07 1.5810986378862334e-06 2.719917534853276e-06 1.9107445284022797e-07 3.1819315916125643e-07 2.9497024767517726e-07 4.4412042216186917e-08 0.0 4.1208438405308926e-08 0.0 1.5336205985318682e-07 0.0 9.009739427369099e-06 6.722308428218861e-07 0.0 1.031411481204167e-06 1.0283152390522322e-05 0.0 0.0 4.512054918190715e-07 1.8868062689006803e-07 0.0 3.4790988673815973e-07 2.937792679747946e-07 3.436802280907045e-07 1.5573769207918092e-06 4.977922835939402e-07 0.0 1.5768560297296117e-06 2.534694508309578e-06 2.266750452518183e-06 1.1082621996019277e-06 1.1407969371465256e-07 0.0 0.0 0.0 0.0 0.0 0.0 0.0 0.0 0.0 0.0 0.0 0.0 0.0 0.0 0.0 0.0 0.0 0.0 0.0 1.393243601485185e-07 0.0 0.0 0.0 3.1597639996504897e-06 0.0 4.658076464365761e-06 3.61498051965015e-07 0.0 0.0 0.0 0.0 0.0 0.0 0.0 0.0 0.0 3.89147508431959e-07 0.0 0.0 0.0 0.0 0.0 0.0 0.0 1.2277520949050492e-07 0.0 2.2255468838927628e-07 2.990403290150857e-07 0.0 3.218702535110427e-07 2.985073694744617e-06 7.998752907212683e-08 0.0 4.5605955817389183e-08 0.0 0.0 0.0 6.691040052868562e-08 0.0 0.0 7.784928481328147e-06 0.0 0.0 0.0 0.0 6.980268525693642e-07 0.0 1.8163397682335724e-06 2.68754714884084e-07 0.0 7.50360034160153e-08 0.0 0.0 0.0 0.0 0.0 0.0 9.130172651415119e-08 0.0 0.0 0.0 5.8379634644314806e-06 2.9651587758976127e-06 4.184449932607178e-06 7.821346529289765e-05 4.124650203470953e-06 9.18786652068267e-05 1.9982537768654968e-05 1.428965365770167e-05 4.503399701966893e-06 0.0 2.621827062664703e-06 9.485973103379295e-07 2.1293173435867836e-07 5.86412828214568e-07 0.0 3.140455025108467e-06 0.0 0.0 0.0 6.471364706776539e-06 0.0 1.1238984923243717e-05 1.4476255093846125e-06
0.00025584710708399176 0.00012724626126194878 3.7481804662407145e-06 0.0004360778209531659 0.0003051984803337883 0.0004117267565135049 0.0016397645859800288 5.817552093467138e-07 3.444878942152584e-05 0.0 1.869062464972862e-06 0.0003073588423861416 0.002765881950588702 0.0001384038180046454 8.016927258431467e-06 1.7833156815136702e-06 2.2399004893332096e-07 1.183877749293717e-07 0.0 5.0428219961395213e-08 0.0 0.0 0.0 0.0 8.080245983947137e-08 0.0 0.0 0.0 0.0 0.0 1.4000466450598612e-05 1.2426715149744902e-06 4.8107417917864346e-06 0.0 0.0 5.309769102522977e-08 1.7431843138439909e-06 3.450444813545711e-07 4.054001864656545e-07 4.0307609817007894e-07 0.0 0.0 0.0 1.6992674355184848e-07 4.9989766356279625e-08 4.681778497073745e-07 3.396114277400254e-05 8.852658901271578e-07 0.0 1.0649581844910561e-07 0.0 0.0 0.0 0.0 8.478558021752316e-07 4.915881818922044e-06 3.1648845590471876e-05 1.4097437630776794e-05 5.478095758855689e-06 2.854518491282523e-05 6.258063534494146e-08 7.697875538672586e-07 0.0 9.941732748939004e-06 4.784355618510515e-06 5.780770826460599e-06 3.434356490583261e-07 5.694310068150568e-08 1.0264973636682767e-07 0.0 3.844220545919797e-05 1.1752167395890238e-06 5.961292211467816e-08 3.6643478428447156e-05 1.4119184545953797e-05 2.60005389562267e-05 3.0074859400598385e-06 1.886017325628774e-06 3.4762605926176504e-07 2.9135504058335523e-06 1.1742175711752772e-07 4.8869260439999387e-08 1.0619410316698527e-05 1.967237372632791e-07 3.1929335781227376e-06 6.509451336685494e-06 6.223634509198167e-07 2.9964677940911096e-07 6.432379358281293e-07 0.0 1.6918001447653616e-07 1.6015802879850446e-07 0.0 0.0 0.0 0.00011549398989838138 4.205310852205669e-06 0.0 9.056254772111707e-07 0.0001236092334013402 1.1290242301091026e-06 1.6627108770020567e-05 2.0512202736847278e-05 7.500025831146987e-06 1.8869097304888113e-06 7.30212420348632e-05 2.734763886282063e-05 6.19679351405261e-06 2.480694627210347e-05 4.611391035482373e-05 3.465634506398978e-06 3.813568104647513e-05 9.753151711525022e-05 7.796019825114107e-05 1.738945637963848e-05 8.451833795151566e-07 1.852974888757183e-07 5.305807805553867e-08 0.0 5.8438487633030937e-08 0.0 0.0 0.0 0.0 1.0596299162413993e-07 0.0 0.0 7.17549127717416e-07 0.0 0.0 0.0 0.0 0.0 0.0 4.404811351410042e-06 1.0162694173463527e-06 0.0 1.506279898850575e-06 0.0 4.418552844629525e-05 1.2121469135641799e-06 3.7232574958383216e-05 4.157223800160302e-06 2.175203124176313e-06 2.577290448223004e-07 0.0 0.0 0.0 3.478616560983893e-07 0.0 0.0 1.7117487238423967e-07 1.5217247455198742e-06 0.0 1.3419339584420917e-07 0.0 0.0 0.0 9.69140239680036e-08 4.836520990883861e-07 3.433624607966258e-07 1.8269428362484684e-07 0.0 2.955642949946399e-06 0.0 1.1729415118902102e-06 3.841182999479675e-05 1.2688221409609612e-07 1.069342189679579e-07 9.635612980949714e-07 0.0 0.0 0.0 0.0 0.0 0.0 0.00013481676441274334 0.0 0.0 0.0 8.294663524956354e-08 6.984163981539893e-06 0.0 1.5108052685114235e-05 2.959952372474038e-07 2.537836241850096e-07 4.6417268932842503e-07 6.783356356969161e-08 2.4258437619849903e-07 2.0346485394224803e-07 0.0 0.0 0.0 1.0152310075667581e-07 0.0 0.0 0.0 9.017162502219596e-05 3.8877391286288486e-05 3.367057918342445e-05 0.00014474380500036709 6.989957225291825e-06 0.000155457335917084 2.7963166377917018e-05 0.0004897944777173525 5.727147868094301e-06 6.076622313185094e-06 4.011358794758541e-06 4.583308921722451e-06 3.74346902498002e-07 4.171478527126685e-06 6.623494082360876e-07 7.518083020982619e-05 0.0 0.0 5.4748353881339e-07 4.893763328214458e-06 1.4566175579492145e-07 0.0006990149291534088 7.855749799254233e-05
0.00014597712746519518 0.00041796116304305964 0.0019617798643037226 4.812307956883306e-07 0.00026448771161819584 0.0 3.237973899096611e-05 0.0005280927645648368 0.0004542405456467852 1.869062464972862e-06 0.0 0.00010328719303870393 0.0010823401215058562 0.0014878730119225261 2.134719935082451e-05 1.006092629902484e-05 1.0125397534395406e-06 1.7737327757601227e-07 4.442384152298135e-08 3.6297876233427376e-07 5.645473997242394e-07 2.462879853672727e-07 1.2383609599399004e-07 8.26574888834924e-07 9.529816375831163e-07 4.876938465200173e-07 0.0 0.0 5.253567383360524e-08 0.0 0.0004881442421879675 0.00010806097871856696 0.00016487575172842518 1.9591343561809628e-07 0.0 1.1610954184023706e-06 2.711858421095124e-05 1.0448793543739678e-05 7.003957952183631e-06 8.039862980311141e-07 0.0 6.752751772255444e-08 1.8329429642467324e-07 8.579554885458849e-07 2.885208081614063e-07 2.681903477405364e-07 4.072056505997628e-05 1.5503914338864314e-06 5.536374895682564e-08 1.0095061849300835e-07 8.863049440200804e-07 1.4532668945716809e-07 7.169198006829831e-07 2.9242208580120255e-07 1.0827477629341952e-06 4.581246322203664e-06 1.5786558490597774e-05 7.294847666541467e-05 8.346160520039964e-06 3.624645565778936e-05 3.1269170936430515e-07 7.347201662548287e-06 6.135916289490647e-08 3.387165012647852e-05 5.549159062373236e-06 5.321748375289157e-06 9.798470134798743e-07 1.8516661212557409e-06 1.941858001575287e-06 4.204343294892189e-07 2.5207055127741488e-05 3.9172422363743267e-07 0.0 6.167799603728477e-05 3.3395942584885023e-05 4.9709022572444234e-05 9.550801106752058e-06 9.332702302351844e-06 4.767488187391214e-06 0.00039155027228977314 3.809425026510361e-07 5.864179092777848e-06 1.0590941643633243e-05 2.458147071734177e-07 4.161855049311622e-06 7.046799240880252e-06 1.1416527761883863e-06 2.980894867963835e-07 1.1562290041827012e-06 6.400797632414024e-08 5.295539471202807e-07 0.0 1.4829676679569141e-07 7.847994289729011e-08 2.7501053817826594e-07 1.0721553270361172e-05 3.45326475585339e-06 2.5832993177592953e-07 1.1695625287607364e-06 7.39833257405221e-05 0.0 0.0 0.0 0.0 0.0 1.5810892734693832e-07 0.0 7.551765862222259e-08 3.2005492980681095e-07 2.740737673584283e-07 0.0 2.0202318321103647e-07 1.3057371676556493e-06 5.22391530777418e-07 1.5673086457643947e-07 2.6850739660051813e-07 6.83486843562972e-08 0.0 0.0 0.0 0.0 0.0 0.0 0.0 0.0 2.1515743611289673e-07 7.085456833016205e-08 4.513283051197255e-07 0.0 0.0 0.0 6.356746651109198e-08 2.1960827336785783e-07 0.0 0.0 1.4273936407719847e-07 0.0 0.0 0.0 2.1228371883610546e-06 7.248026790180665e-08 4.369789108355941e-06 1.3817984579269656e-06 5.549250473379594e-07 0.0 0.0 0.0 0.0 0.0 5.550408143219284e-07 0.0 0.0 1.4286163235888232e-07 0.0 0.0 0.0 0.0 0.0 1.6502105965365782e-07 0.0 4.992858019089966e-07 0.0 0.0 0.0 2.0348556466311216e-07 3.082073357472612e-07 1.9370198929512214e-06 0.0 6.22237257793731e-08 0.0 0.0 0.0 1.0705639877253623e-07 0.0 0.0 0.0 4.356819083118294e-06 1.6422038785664163e-07 0.0 0.0 6.179947451923835e-08 1.748823320766463e-07 0.0 1.3276593312051319e-06 0.0 0.0 5.8462963939506714e-08 0.0 5.4432233677056965e-08 6.832552458915184e-08 3.142803759586561e-07 0.0 0.0 0.0 0.0 5.417724973706738e-08 0.0 2.018731819575762e-06 4.388837404571462e-06 5.608093071344452e-06 9.011812397112474e-05 7.656012858079924e-06 0.00011502126145171296 2.3459717769345265e-05 2.6433654436743074e-05 2.3370877270640273e-06 2.7079062262967247e-07 1.931377428343465e-06 1.2396044950409717e-06 0.0 6.973503672376801e-07 2.3733139842656985e-07 2.674711315059619e-07 0.0 0.0 1.7919565467509738e-07 8.039374363726271e-06 0.0 8.154826163932676e-06 1.1464553240941946e-06
