0.0 0.0021621591643427736 0.0006136885562006408 0.0007177472842805899 2.4925466196740713e-05 6.795514193156859e-06 0.0002438705697014229 3.5674752163731524e-05 8.628396576150554e-07 0.0006136150115367296 1.4120416811750073e-05 3.907488807928229e-05 5.086247603943802e-05 1.4581098389440919e-05 3.840872175363204e-07 5.19093314191874e-07 0.0 1.1293333718956834e-07 0.0 2.2074278090400984e-07 0.0 0.0 2.5744060937112256e-07 0.0 0.0 0.0 1.4509130311849594e-07 0.0 0.0 0.0 0.0002958721012006781 2.1636868812528036e-06 1.1321687558876646e-05 5.379380315469017e-08 0.0 2.5927968927805303e-07 2.870158596844528e-06 9.54971419693045e-07 2.76218195161668e-07 2.420561034868915e-07 5.201860119160549e-08 1.9934941684039924e-07 3.6149236657891186e-07 5.514477561763766e-08 0.0 0.0 5.662144244367567e-06 6.850953395300536e-07 6.778700213670982e-08 2.7856145757028777e-07 0.0 1.1729554238872094e-06 0.0 0.0 2.612871044383872e-06 1.8365103147876179e-06 9.493808194335091e-05 0.00016441747085283468 3.73541061065952e-05 5.95377607517153e-06 0.0 3.1903016398495265e-07 0.0 2.5647295886528976e-06 1.8035739975406622e-06 5.773344829489997e-07 1.961248616133626e-07 5.0362262958947085e-08 2.136943647896601e-07 5.105304804444016e-07 7.989301041812466e-06 1.1677862696935634e-05 2.9029992882103013e-06 4.317645646336936e-05 4.644185854073506e-06 3.045816688551202e-06 1.3925891424411174e-06 5.957534425272006e-07 4.5664416828861974e-06 2.512722447525574e-05 0.0 1.077028290010292e-05 8.658318090124347e-06 7.820048283476266e-07 6.860637320544367e-07 2.188467204072408e-06 9.001566191216022e-08 7.55544056719694e-07 4.4664330259004103e-07 2.1550096197990858e-06 3.9684647385379134e-07 4.005827323125426e-07 4.894522148599464e-07 2.1545171004616067e-07 1.182578129584282e-07 4.635239239483733e-05 1.9912146556444117e-05 1.2024159412411344e-06 1.675688588399755e-06 0.00033352085160469574 0.0 0.0 2.359406319212873e-07 0.0 1.4088597230410914e-07 7.029662550655728e-08 3.0565552614514265e-06 3.3874905962822895e-07 0.0 6.115407780161332e-07 2.904688926787671e-07 6.697753108350017e-07 1.738740144778034e-06 3.3687797519434915e-06 8.723759111128637e-07 0.0 1.19720494403826e-07 0.0 0.0 0.0 0.0 0.0 0.0 0.0 0.0 0.0 1.522034564143648e-07 7.487725683632857e-08 0.0 0.0 0.0 0.0 0.0 0.0 0.0 0.0 0.0 0.0 0.0 1.903777409259858e-07 2.190316257995629e-07 4.6733775757101897e-07 5.092725639447296e-07 0.0 0.0 0.0 0.0 0.0 0.0 6.022397102137358e-08 0.0 0.0 0.0 0.0 0.0 0.0 0.0 1.2060259560017607e-07 0.0 0.0 0.0 0.0 0.0 0.0 0.0 4.2096850355468086e-07 9.9304483392137e-07 0.0 0.0 0.0 0.0 0.0 0.0 0.0 0.0 0.0 6.051832917713843e-07 0.0 0.0 0.0 0.0 7.00462334580846e-07 0.0 5.439787784259444e-07 0.0 0.0 0.0 0.0 0.0 0.0 0.0 0.0 0.0 5.755656514866422e-08 0.0 0.0 0.0 3.428676044355486e-07 1.091023243695258e-06 3.3435823624152874e-07 4.70064788354418e-06 6.945379699934989e-08 1.7591940433775712e-05 9.46726511736604e-07 0.00016803557835734238 7.207547791938637e-06 0.0 3.9484548911871777e-07 1.838492204107633e-07 0.0 8.356686917876714e-08 0.0 4.670827324311083e-06 0.0 0.0 0.0 5.594326881807884e-07 0.0 0.00015477647669090457 9.185008942310495e-07
0.0021621591643427736 0.0 0.00024280209459972323 0.00020172893340669783 0.00024117011065058296 4.0529300880173625e-05 0.0013165593423712218 0.000382778143808395 0.0008287232704824147 0.0004280000872778324 0.0014926652836613418 5.3885869011846806e-05 0.0008121751932717624 0.0011712745076474132 7.593965156856509e-06 7.879077017451146e-06 5.435854120713765e-07 5.448926154942892e-08 3.0146184723398e-07 7.324100498550882e-07 9.045068024137004e-07 2.6235100259270823e-07 1.349461890136762e-06 1.7758451262641677e-07 6.212528476817416e-07 4.72566800504173e-08 1.4954482164331971e-06 6.693692235878826e-08 8.387096205486682e-07 1.676113972150971e-07 0.000926570930790286 5.118061130089846e-05 0.0001279099339237991 3.067425298321205e-07 4.394103108693917e-07 1.1200033231411135e-06 2.7354128151771217e-05 7.847579970863772e-06 2.2098725208684443e-06 1.3130971656612769e-06 8.698315837968195e-07 4.537595902765334e-07 1.0561058334408788e-06 2.596926147590019e-06 1.5289288213796027e-07 3.4334857724045946e-07 0.00011609045687788905 1.0003741488999858e-05 9.295437510419593e-07 1.0810504460046184e-06 1.9977258821001795e-06 6.901041899664778e-07 6.557567344163727e-07 2.5222888020414975e-07 4.0186014105638144e-05 3.1606998880118636e-05 0.00019325018611030448 0.0002379183539404465 0.00013462187945004116 9.814577492953257e-05 1.6126881971163324e-07 8.13001778562566e-06 5.6803715942449186e-08 7.010043613155865e-05 2.4764929148082318e-05 6.671431494358236e-06 4.318285845061824e-06 1.5799886782988732e-06 1.0451460706422958e-06 1.252565636999677e-06 1.633143459099548e-05 8.55397746449153e-07 0.0 0.0003442810161749494 0.0001367557354360843 0.0001069190987603643 5.147451976124737e-05 8.895889220336894e-06 1.2209111433259563e-05 0.00021574562835987245 1.4874411364821275e-07 4.3488152049473396e-05 0.00013751030404607616 3.4022604654779783e-07 1.7840158532788065e-05 3.362697861845075e-05 1.834574044526789e-06 2.2799572870080117e-07 4.229187945476032e-06 0.0 8.01391372072278e-07 1.0547417660597692e-07 4.1517017353285925e-06 1.318985410635599e-06 9.583782420242237e-07 8.67627964051112e-06 3.0585789290299985e-06 4.6769191960671746e-08 1.5578952951411395e-06 0.00036394120511628 0.0 0.0 1.4927511700362704e-06 0.0 1.0538788648447781e-06 2.6921776492448217e-06 4.615737305238522e-06 1.5542912245724795e-06 2.7445524756456567e-07 1.742223489531775e-06 1.7375831066052197e-06 2.697103132187827e-06 1.345312204681001e-05 4.460489722747455e-06 8.80194362306982e-06 1.0024290158449988e-07 0.0 1.9223830518574779e-07 1.6807168197976728e-07 0.0 0.0 0.0 0.0 0.0 0.0 0.0 0.0 1.9997599821780482e-07 1.590770175665172e-07 5.4926674446904544e-08 0.0 2.1015809340108901e-07 0.0 1.6785925554168955e-07 2.16417453021378e-06 1.0779628846956843e-07 0.0 2.2392940671667835e-07 0.0 7.928518887839107e-07 1.085954448616573e-06 3.2261861878326915e-06 1.1813937151498196e-06 6.998776883114476e-07 0.0 0.0 0.0 0.0 0.0 3.5339822713968346e-07 0.0 0.0 0.0 0.0 0.0 1.5730835099717107e-07 5.804607418324279e-07 0.0 0.0 0.0 0.0 0.0 0.0 0.0 0.0 1.3209403781551916e-07 4.2246842427686805e-06 0.0 0.0 0.0 1.6994404614428548e-07 0.0 0.0 1.3381208223041172e-07 0.0 0.0 4.476955773957813e-06 7.588369017840728e-07 6.73486079247282e-08 0.0 9.854762447050204e-08 3.117749117077846e-06 3.2533755492852815e-07 1.827665401381048e-06 0.0 0.0 4.50971016193021e-07 9.195983497218719e-08 1.1145630200863026e-07 6.987383178215213e-08 0.0 1.7771102176207194e-07 0.0 9.828018409337844e-08 6.693612604619734e-08 1.2181165148536844e-07 0.0 1.7461138425204292e-06 3.671888868294512e-06 3.0984280399004418e-06 0.00020111945186086753 6.328285148341622e-06 0.00045124369814092483 1.5234195817851033e-05 0.0002840568641533326 8.001564560563487e-05 4.604492904928276e-06 1.8970068736633125e-05 1.2488037034925401e-06 0.0 2.540766190050611e-07 7.172277671511414e-07 1.6139294875743335e-06 0.0 0.0 3.999600480406956e-07 3.2476589579356706e-06 0.0 0.00026541701737208055 1.7327472450247187e-06
0.0006136885562006408 0.00024280209459972323 0.0 8.106918108681643e-06 0.00016369662106590735 3.5389167550851855e-07 2.0941742628945604e-05 0.0013734526525894816 0.00016717765633617607 7.746593393754973e-07 0.0013396773568578899 1.640218639360514e-05 7.614594804862285e-05 0.0006187747455012311 4.544914039606499e-06 5.552773062747557e-06 4.216016846743172e-07 3.5357730899346186e-07 5.8916063786827546e-08 3.2945063695103866e-06 1.7433023724390373e-06 2.3446679405605516e-07 1.8767203241765363e-06 1.1588531220366737e-07 1.1280036947618713e-06 1.6391668375161912e-07 3.5532182034537227e-06 0.0 0.0 4.660165623728347e-07 0.0017050183849368185 0.00023146543436129062 0.00019993257819594812 1.127404019097765e-06 1.4301357315420615e-06 2.392886493828737e-06 1.4205345620787927e-05 1.288365829740068e-05 2.796498371084644e-06 1.851962499198515e-06 1.1775938803807796e-06 1.4612731826679278e-06 4.098348280971334e-06 8.809525878297195e-07 9.051609933160386e-07 1.31911991909319e-07 3.5166771230874596e-05 3.0672374530071454e-06 7.452063145991327e-07 1.4019941974069018e-06 5.77154576630165e-07 5.16376014107029e-07 5.849289563463348e-07 4.361423726932734e-07 9.941491702768984e-06 5.940365008845931e-06 6.475557697637266e-05 0.00011131485883468867 3.343346407353217e-05 2.471253524235354e-05 1.1898610919309012e-07 1.6171792875192142e-05 7.247810374045676e-08 8.39177784142723e-05 5.0949550452425375e-06 1.2194810769138273e-06 9.355031212090606e-07 1.0041426564099565e-06 2.5093678017671133e-06 2.6269546891934524e-06 1.041419227574487e-05 3.0015341314615415e-07 0.0 9.897712596216916e-05 5.409754708902561e-05 3.9525540156195534e-05 3.0893635871343376e-05 6.812345832282063e-06 7.701184134382612e-05 0.0006930382196822064 1.634799746657769e-07 0.000172099389109383 3.330913041561399e-05 0.0 3.6847414098167615e-06 7.5373359741337966e-06 8.473518321830437e-07 5.5155453445561236e-08 1.1562599341061497e-06 7.785928661806337e-08 6.530503775969815e-07 2.608561549447744e-07 8.125441344991446e-06 1.7598949649592974e-06 1.4753662384444918e-06 4.994330263509326e-06 4.282775700736934e-06 0.0 1.972462008514195e-06 0.00013601279999988366 1.7912825306307635e-07 0.0 2.3061839950173656e-06 0.0 1.0820347768461625e-07 1.5904496437602072e-06 1.346915652474856e-07 5.445287770540768e-07 0.0 2.787627517192157e-07 1.3232144176733325e-06 2.5800815060476127e-06 5.9783302090192884e-06 2.391711305359343e-06 6.162218899186452e-06 3.886235811252424e-07 4.758244027037325e-08 0.0 0.0 0.0 0.0 0.0 0.0 0.0 0.0 0.0 0.0 1.4758765863360893e-07 0.0 0.0 0.0 2.2585588394135174e-07 4.7971052880080576e-08 7.77686758974914e-08 7.739435750096907e-07 8.1893768163892e-08 0.0 0.0 5.8082513527838565e-08 5.745439542800368e-07 1.8565834167061808e-06 3.022762912191021e-06 1.5245118765268522e-06 1.0936380688062826e-06 0.0 0.0 0.0 0.0 3.2210686648582917e-07 1.5759372851649395e-07 0.0 0.0 9.370778937060812e-08 0.0 0.0 0.0 5.319289240171149e-07 0.0 0.0 0.0 0.0 0.0 1.5799507810587507e-07 0.0 0.0 6.59348333442889e-07 6.879738197181483e-06 0.0 0.0 0.0 0.0 0.0 0.0 0.0 0.0 0.0 4.610963294624363e-06 5.881678492217889e-07 0.0 1.298405777495381e-07 1.3352209172855462e-07 5.066752778196088e-06 1.1304287038862635e-06 4.098253696731369e-06 0.0 8.116482844430809e-08 1.2308915807913317e-07 0.0 5.56593504008165e-08 0.0 0.0 6.695471471688014e-08 0.0 1.5851556892855514e-07 2.6752262254013987e-07 8.163579505868262e-08 0.0 2.1215744690188547e-06 5.652007921071138e-06 3.967454909606337e-06 3.800506019531838e-05 1.7205873386071125e-06 9.455410999005124e-05 6.165802712045413e-06 2.1547647975147906e-05 1.4391003323397582e-05 1.1716774226144112e-06 3.916757592092093e-06 1.1691744995313136e-06 0.0 5.803291169916432e-07 4.5836573176167926e-08 7.672265898261713e-07 0.0 0.0 1.4775248729636625e-07 2.9031067421487054e-06 5.147770385333816e-08 4.708092223865663e-05 1.0813136273159148e-06
0.0007177472842805899 0.00020172893340669783 8.106918108681643e-06 0.0 9.668189487683593e-06 0.0001775406568003749 0.00018554907367582707 5.1600689909045675e-08 5.417598654567106e-07 0.0007531328433168055 0.0 0.00046731889500902266 0.0004589748555580454 2.893812688331957e-06 0.0 2.2339356073504835e-07 0.0 0.0 0.0 0.0 0.0 0.0 0.0 0.0 0.0 0.0 0.0 0.0 0.0 0.0 2.463561960626462e-05 3.854134238733344e-07 7.999240132958534e-07 0.0 0.0 7.453806789040772e-08 3.9282921759496716e-06 0.0 0.0 0.0 0.0 0.0 0.0 0.0 0.0 0.0 1.8340480921258334e-06 1.5081506932498677e-07 0.0 0.0 0.0 0.0 0.0 0.0 1.6336118372958241e-06 9.429250159721095e-07 1.9811967464433192e-05 2.2593434932641774e-05 8.641934135524683e-06 2.2776403069366722e-06 0.0 0.0 0.0 4.054239911228264e-07 3.98165650118033e-07 1.5319671158742002e-07 1.3640769931651608e-07 0.0 0.0 0.0 8.044002713712848e-07 2.2577765628374653e-07 0.0 1.4764557364398981e-05 1.7453309345247973e-06 9.22870482615325e-07 0.0 0.0 0.0 0.0 0.0 0.0 5.598318298125312e-06 0.0 5.115270173905588e-07 9.396209018780353e-07 0.0 0.0 1.3963280954929791e-07 0.0 8.372183643509553e-08 0.0 0.0 0.0 0.0 9.820786587955402e-06 0.0 0.0 8.208193119863139e-08 0.00023913589387672299 0.0 5.085790319829759e-07 3.9190686641674924e-06 5.080788028917757e-07 7.136102356822705e-07 1.7241834701805482e-06 6.680264233834439e-06 9.272194473078528e-07 4.559513803563071e-06 8.629679926391766e-06 0.0 9.566101127647878e-06 6.262890323119873e-05 1.2231547082025502e-05 2.0635527849250437e-07 0.0 0.0 0.0 0.0 0.0 0.0 0.0 0.0 0.0 0.0 0.0 0.0 0.0 0.0 0.0 0.0 0.0 0.0 0.0 1.4255158798062975e-06 0.0 0.0 0.0 0.0 0.0 0.0 0.0 0.0 0.0 0.0 0.0 0.0 0.0 0.0 0.0 0.0 0.0 6.277141923928932e-08 0.0 0.0 0.0 0.0 0.0 0.0 0.0 0.0 0.0 0.0 0.0 0.0 0.0 0.0 0.0 0.0 0.0 0.0 0.0 0.0 0.0 0.0 0.0 5.142960255106631e-07 0.0 0.0 0.0 0.0 1.8656566224759357e-06 0.0 0.0 0.0 0.0 0.0 0.0 0.0 0.0 0.0 0.0 0.0 0.0 0.0 0.0 0.0 1.9976172176057656e-06 0.0 6.682105887681055e-08 2.4127602199877956e-06 0.0 6.859565809561244e-06 1.70328596755423e-07 0.00030365322940866175 1.969087593692398e-06 0.0 0.0 3.2405479186730727e-07 4.402179286860262e-08 0.0 0.0 8.439208469930461e-07 0.0 0.0 0.0 0.0 0.0 0.0001606608035619504 2.283944078277562e-06
2.4925466196740713e-05 0.00024117011065058296 0.00016369662106590735 9.668189487683593e-06 0.0 1.0026205330448941e-07 0.0008767226453298022 0.00017562153828024518 0.0024092936263370203 8.455083252607216e-05 0.0010909260550063767 7.453284769941403e-06 0.0003324086444271483 0.0011813810066845713 4.196302085490519e-06 3.521746984742403e-06 4.479235761689701e-07 1.9274485249452535e-07 5.2814451277729795e-08 1.2765486055871528e-07 0.0 8.805725979179664e-08 2.3995631164205267e-07 0.0 1.7140853336924553e-07 0.0 5.484390619881884e-08 8.459827094235166e-08 0.0 0.0 7.746074788745293e-05 2.3073932700896095e-05 9.946273322592348e-06 0.0 0.0 8.439077922926917e-08 6.462374741488186e-06 6.059835416856624e-07 0.0 2.4138829483489277e-07 0.0 1.2707905818521296e-07 2.255695653253305e-07 4.0039464971341845e-07 1.5918121788428458e-07 2.938514234541422e-07 5.351690290170726e-05 2.8429131436156484e-06 4.388341867534284e-07 1.9505907362426143e-07 3.843803249182682e-07 0.0 1.9271486609716252e-07 5.791451972362148e-08 1.0599988082284117e-05 6.573771159181266e-06 1.5700699598854304e-05 1.1647148723236902e-05 2.0037964452552582e-05 3.146258043700878e-05 1.661189143742515e-07 1.1274241119144529e-06 0.0 3.251347084928794e-05 5.1064117513374375e-06 1.6657182077993535e-06 9.073991062666311e-07 7.076145528566677e-07 1.528337016340448e-07 2.182879301663626e-07 1.1730153946710448e-05 0.0 0.0 7.05362509623831e-05 4.7324226248430875e-05 5.7616688736037805e-05 4.126740831737519e-05 4.784079982849606e-06 1.3138746362093185e-06 9.320622231338398e-06 4.899733853635752e-07 6.513283303036965e-06 3.642983696526242e-05 2.868476853022795e-07 4.883171529037509e-06 8.049152636153064e-06 3.367932756871415e-07 0.0 9.401660984999377e-07 0.0 3.51740722590604e-07 1.275918392541719e-07 8.83318669822384e-08 1.5302958648784756e-07 5.2567847746735106e-08 8.957077887866129e-06 1.6703036974402855e-06 0.0 1.4741130073194075e-06 8.348440730993991e-06 0.0 0.0 2.0087300735108414e-06 0.0 0.0 0.0 1.0806669852960677e-06 1.868421846100343e-06 8.575740607165541e-07 1.920580714939591e-06 5.232185552641627e-07 1.7129141348295773e-06 4.986794813766457e-06 6.784368535607887e-06 2.721928587431145e-06 4.811710787023996e-08 0.0 0.0 0.0 0.0 0.0 0.0 0.0 0.0 0.0 0.0 0.0 0.0 0.0 0.0 0.0 5.21926437540889e-08 0.0 0.0 0.0 0.0 0.0 0.0 0.0 1.66361733409549e-07 1.2503305765806834e-07 5.848586435532695e-07 0.0 0.0 0.0 0.0 0.0 0.0 0.0 8.515522322942163e-08 0.0 0.0 0.0 0.0 0.0 0.0 0.0 0.0 0.0 0.0 6.763539708909865e-08 0.0 0.0 0.0 0.0 0.0 2.494566361592441e-06 0.0 0.0 0.0 0.0 0.0 0.0 0.0 0.0 0.0 1.459858408674969e-06 0.0 0.0 0.0 0.0 1.946925518519246e-06 2.01485923521816e-07 1.507684914732676e-06 0.0 0.0 4.958202542574157e-08 0.0 0.0 0.0 1.1982127620794552e-07 0.0 0.0 3.2592210065340745e-07 0.0 0.0 0.0 6.241405530305485e-06 1.4053033950318593e-06 5.642621752387813e-07 0.00014450214122985387 3.803090094911511e-06 0.00019530862710329274 5.9044137918030706e-06 5.1894379069733185e-05 3.5785192045109914e-05 1.2458938284794597e-06 1.4343762199595153e-05 1.799788074111279e-06 0.0 3.9385758693585704e-07 0.0 5.549724770105988e-07 0.0 0.0 0.0 3.422309854977167e-06 0.0 5.124284709133228e-05 4.678228482772522e-06
6.795514193156859e-06 4.0529300880173625e-05 3.5389167550851855e-07 0.0001775406568003749 1.0026205330448941e-07 0.0 2.3539598664530986e-05 0.0 6.422059876231238e-07 0.00027747701768006665 4.796295944847476e-07 5.144055298735531e-05 4.148543779986621e-05 2.917642970012796e-06 0.0 0.0 0.0 0.0 0.0 0.0 0.0 5.449680359489223e-07 0.0 0.0 0.0 0.0 0.0 0.0 0.0 0.0 0.0 0.0 1.7045415112032524e-06 0.0 0.0 0.0 6.904744133858284e-06 1.6678037665620746e-07 4.3095857479369386e-07 8.768868771562725e-08 0.0 0.0 0.0 0.0 0.0 0.0 1.6085010005114023e-07 0.0 0.0 0.0 0.0 6.204532774484119e-06 8.524342530549509e-07 0.0 0.0 1.036772658746942e-06 5.097391685356894e-05 0.0 2.634759574116703e-06 0.0 0.0 0.0 0.0 0.0 0.0 0.0 0.0 0.0 6.483362754290558e-08 0.0 2.448072507981954e-05 7.02413012991909e-05 1.3323015532829354e-05 0.0 0.0 0.0 0.0 1.3051129012724716e-07 0.0 0.0 0.0 0.0 6.406251140846869e-08 2.8003589669174382e-06 0.0 4.4601171007380576e-07 0.0 7.309208930269329e-06 4.440533992478655e-06 1.385151576004972e-05 1.6731001461705302e-06 2.187878467651975e-06 0.0 7.201576786759788e-08 6.048634797651754e-08 0.0001101329167819062 8.875663249727203e-05 1.3991455592342405e-05 3.5929935709521107e-06 0.0001155905672812902 0.0 2.8951627277417678e-06 3.9623456071518155e-06 0.0 1.851077490254674e-06 2.427256777006449e-06 1.1857386653007899e-05 2.6735003505793618e-06 8.293872011122043e-07 8.175957139430988e-06 9.76636032760161e-07 6.1107922317309855e-06 7.047150323203375e-06 4.873493149829346e-06 4.705814275176621e-06 0.0 0.0 0.0 0.0 0.0 0.0 0.0 0.0 0.0 0.0 1.6986737491583526e-07 0.0 6.489984616315488e-08 0.0 0.0 0.0 5.901647156533617e-08 0.0 0.0 9.508507714943867e-07 0.0 0.0 0.0 0.0 4.5744319960332697e-07 0.0 0.0 8.73041813440781e-08 0.0 0.0 1.6985308150700645e-07 0.0 0.0 0.0 0.0 0.0 0.0 0.0 0.0 0.0 1.5762619233080628e-07 8.04207426983738e-08 2.8857391001924236e-07 6.330550770272628e-08 0.0 4.737891805490305e-08 0.0 0.0 8.702401605262302e-08 0.0 0.0 1.0661937787365203e-06 2.0855343102944393e-07 0.0 6.033360476495062e-08 1.597284173530062e-07 0.0 0.0 0.0 0.0 1.8444051468376148e-07 0.0 1.7590575698778995e-07 4.120014446445824e-07 8.053578975885677e-08 1.3586168627311926e-07 6.284944259043182e-07 0.0 2.1390785297785896e-07 0.0 0.0 0.0 0.0 0.0 0.0 0.0 0.0 0.0 0.0 1.2131493743055448e-07 0.0 0.0 8.885996460105202e-07 0.0 9.923639303512093e-07 2.430236795897802e-07 1.2582972014390658e-07 2.522652692764859e-07 0.0 0.00014223173763880688 3.3672831990605155e-06 0.0 0.0 0.0 0.0 6.389380896648129e-07 0.0 3.7926094790293735e-07 0.0 0.0 0.0 0.0 0.0 5.354875715079659e-05 3.6689481502447664e-06
0.0002438705697014229 0.0013165593423712218 2.0941742628945604e-05 0.00018554907367582707 0.0008767226453298022 2.3539598664530986e-05 0.0 5.807741109458554e-06 0.0005338636886519238 0.0008520742454172196 0.00023403710964575543 0.00015568475687281343 0.0035128997179224497 0.002445330446042306 4.567004394363319e-06 3.2820429352768774e-06 1.7102635963053846e-07 1.3968113928871708e-07 0.0 1.9293673969825056e-07 0.0 0.0 1.1182479767096519e-07 0.0 4.317115406315511e-08 0.0 1.0965031331381111e-07 9.902433418780496e-08 4.040058147033429e-08 7.822534910303713e-08 8.257020359193052e-05 1.018567420218046e-05 1.617495411150286e-05 0.0 6.10728321997242e-08 0.0 2.7007688711339817e-05 6.60958477501713e-07 6.889455229724551e-08 3.659358873589389e-07 5.819516762876802e-08 0.0 5.154188503945336e-07 3.3038000332144004e-07 5.2927966039742374e-08 5.0875981102823595e-08 3.809470097498036e-05 2.0472125993654186e-06 5.508241871127618e-07 5.612007434394589e-07 3.509392259242896e-07 1.1531195105108768e-07 7.50619450524895e-08 1.227793522634608e-07 8.415226929075154e-06 6.0374367885826e-06 3.527773601899094e-05 3.419818126520821e-05 2.3472089338203442e-05 2.794998553722222e-05 0.0 1.1130902600583148e-06 2.0139377648099292e-07 1.4305527592393882e-05 5.590341996862418e-06 1.131805809880604e-06 1.0631651405375324e-06 1.7852402474314698e-07 2.757965597101224e-07 3.2210715605404406e-07 2.5649655895632696e-05 4.8802864121068e-07 0.0 7.895237865773917e-05 3.0301242767405306e-05 4.0326776271443264e-05 2.562481692720601e-05 4.109390803974441e-06 6.802972183402246e-07 6.547211069677412e-06 1.3500757667087403e-07 1.3011447698591234e-05 3.390155565760213e-05 5.485155160404777e-08 3.848588536870099e-06 8.080622596047006e-06 6.946025517489784e-07 4.210116331315745e-08 8.544030072389965e-07 0.0 3.1906098289093325e-07 5.609490121379922e-08 7.464858361050591e-07 1.3258450202302872e-07 6.142504769353376e-08 2.3730206954039167e-05 3.906162793832336e-06 0.0 9.147880505798953e-07 5.9387827063687914e-05 1.0489252656324643e-07 1.6749563749506304e-06 9.620716315174747e-06 5.896523608931637e-06 2.4297149457132247e-06 3.8124499370179676e-06 8.743230216815596e-06 5.761111408941843e-06 9.4019499579907e-06 1.1320617334863367e-05 3.7089715691152232e-06 1.7444039305484158e-05 2.2887466628396804e-05 1.895678232138047e-05 1.4435058110955555e-05 0.0 2.395215450763186e-07 0.0 0.0 0.0 0.0 0.0 0.0 0.0 0.0 0.0 0.0 4.525054743596815e-08 0.0 8.839930420205866e-08 0.0 1.3805170274757688e-07 0.0 0.0 3.3731075821781142e-06 2.8262484365445415e-07 0.0 0.0 0.0 2.6710928362012855e-06 2.2844573218513087e-06 2.017911706489945e-06 7.579011540541356e-07 0.0 0.0 0.0 0.0 0.0 1.9756629599099382e-07 0.0 0.0 0.0 1.5330202996023925e-07 0.0 0.0 0.0 0.0 0.0 0.0 0.0 0.0 4.206536544259327e-08 9.174849441491532e-08 6.43009820944061e-07 1.1165049771451299e-07 0.0 6.437587975775801e-06 0.0 3.1693401587348433e-07 0.0 0.0 0.0 0.0 0.0 0.0 0.0 8.182945329378427e-06 3.416039367893866e-07 0.0 2.126967741369432e-07 0.0 7.2753458097328504e-06 1.9832116895728842e-06 4.318162183346949e-06 4.875634981348492e-07 0.0 9.069305446771525e-08 0.0 1.07244636889543e-07 0.0 0.0 0.0 0.0 0.0 0.0 0.0 0.0 1.152684281440355e-05 3.7623946686499393e-06 1.8380882765567832e-06 7.99260155963018e-05 2.7510805658303374e-06 0.00013864434211721636 6.3235316729400365e-06 0.00010526468425001075 2.7647493530954905e-05 1.1624739875617966e-06 1.1022706297755413e-05 1.1179971301999526e-06 0.0 1.0556472257587863e-06 5.4695767926224636e-08 5.5652031322878654e-06 0.0 0.0 0.0 1.2988964990968596e-06 3.0737730357693865e-07 0.00011107886061488864 1.1521127140019956e-05
3.5674752163731524e-05 0.000382778143808395 0.0013734526525894816 5.1600689909045675e-08 0.00017562153828024518 0.0 5.807741109458554e-06 0.0 0.00010502549132061874 7.825934803106644e-07 0.0009442193014311924 4.535788627100671e-06 1.9798390334758144e-05 0.0003890992088829758 1.2972396875006057e-05 1.5080028385128173e-05 1.3972270197982574e-06 7.98432822653167e-06 1.6615297403117026e-06 2.684100462415862e-05 1.0121420772817425e-05 0.0 8.35324063785448e-06 5.427199650691626e-07 3.142530167839769e-06 1.767315411881272e-07 7.1998656356771235e-06 5.861243180680319e-07 7.026618464796829e-07 6.258246431591782e-07 0.000559584198052958 0.0007232120921863468 0.00013523661717375945 1.781866108503833e-05 1.0087695044355347e-05 8.658062522044029e-06 7.015409070066337e-06 1.7127421795713093e-05 2.814186790274517e-06 2.1150569882918237e-06 5.15706863788968e-06 4.395152069552309e-06 6.90338240876229e-05 4.2187050291352986e-06 1.086227974752346e-05 5.928530701777051e-06 6.009504911085108e-05 5.210562335763896e-06 4.374645636843744e-06 2.5709363807833784e-05 1.671881345510551e-06 6.304371511232704e-07 1.5547482637600746e-06 9.183816846274778e-07 4.382762547605648e-06 2.8487302995932172e-06 1.3410642932627944e-05 1.963688895959572e-05 7.885569551072108e-06 2.3913201907998235e-05 3.982299817187487e-06 0.00014045852367010537 6.703049793613812e-07 0.00022291951680686225 4.02890617931044e-06 3.7664691307183253e-06 3.0171867614256254e-06 4.306338204211065e-06 2.0575553723315354e-05 1.952698649269346e-05 7.333826302597792e-06 6.488396495528119e-07 0.0 5.0288850965539405e-05 4.470052150798819e-05 7.028360598069774e-05 8.385205363652634e-05 4.581478977176243e-05 0.0011000300600236472 0.0007261160589702242 1.184383886222351e-05 0.0010379963726797376 1.773605115837411e-05 1.09268951974818e-07 3.134096288470656e-06 5.328924831653783e-06 7.252017281398122e-06 2.3443923681427274e-07 1.2500321604481292e-06 3.59752495959823e-07 1.702192023078013e-06 2.200339899038664e-06 4.125785717926678e-05 8.106640629939735e-06 6.197414049598486e-06 3.101256658855003e-06 2.653890340628441e-06 2.814612379136552e-07 2.2551013305793927e-06 1.1837667562308255e-05 0.0 0.0 7.463478045675204e-07 0.0 0.0 5.223660664395646e-07 0.0 6.108676364828442e-08 1.0285709125416405e-07 1.0932294357719415e-06 0.0 8.716971390865073e-07 3.0699642324292468e-06 1.7753800274279255e-06 3.77609533134288e-06 1.1456712529749316e-07 0.0 0.0 9.214787735350376e-08 0.0 0.0 3.4157653237527306e-07 0.0 0.0 0.0 0.0 0.0 3.943256980858904e-07 0.0 1.8414759230372872e-07 0.0 8.306981166387607e-07 0.0 2.491941972686764e-07 0.0 7.336202680349209e-08 0.0 4.54654416387215e-07 3.3025307994236633e-07 1.1539871091657989e-06 2.564033024268449e-06 3.564598029187573e-06 1.9965724997260774e-06 1.4210441824302504e-06 1.31093390609423e-07 2.192763189846956e-07 0.0 0.0 0.0 1.8378420028118107e-07 0.0 0.0 6.207744890343259e-08 0.0 0.0 2.3016769542319807e-07 9.845576900878417e-07 0.0 0.0 0.0 1.5842916096887966e-07 0.0 0.0 0.0 5.299191959306644e-07 9.796444293365728e-07 6.49899437045016e-06 0.0 0.0 0.0 0.0 3.4577090785886373e-07 7.577558591805403e-08 3.713101205993885e-07 0.0 0.0 2.8433444635152688e-06 8.13496075527142e-07 2.573944835675611e-07 0.0 3.1329305350989295e-07 3.406689306758223e-06 1.5343821389169594e-06 2.9620545619164306e-06 0.0 0.0 6.498810414198095e-08 0.0 0.0 0.0 0.0 1.2527119936233938e-07 0.0 3.669120017023857e-07 2.945548329094478e-07 0.0 0.0 6.460295508986601e-07 5.7108988849242286e-06 3.794805600567028e-06 6.898909764659055e-05 3.978503396910314e-06 0.00011821160465607796 1.5238831563664369e-05 1.2500732678736557e-05 1.975161961452078e-05 5.460972433988623e-07 8.165256375291707e-06 1.6793874000578293e-06 0.0 7.739641222876043e-07 0.0 5.955081219442691e-07 2.1031167314305446e-07 0.0 0.0 3.4646282789088788e-06 1.2855975318664462e-07 1.3205506684036922e-05 1.7310363513360216e-06
8.628396576150554e-07 0.0008287232704824147 0.00016717765633617607 5.417598654567106e-07 0.0024092936263370203 6.422059876231238e-07 0.0005338636886519238 0.00010502549132061874 0.0 1.3066603859870209e-05 0.0005527467218299935 1.3101425330544506e-05 0.0002533116985204111 0.001106393035411957 6.159398146835058e-06 4.6276903352755025e-06 1.344306763512236e-07 6.042302503841702e-08 0.0 2.2350148522180148e-07 2.3727480138421036e-07 5.9509151774045725e-08 3.1456516689565553e-07 0.0 8.046274617665403e-08 2.3362969256465316e-07 3.4320377704589785e-07 0.0 4.9385175344555825e-08 0.0 2.2941681572324003e-05 1.5326913006423887e-05 1.3018668061920286e-05 7.592255787422721e-08 1.1897853617991494e-07 9.197584165962068e-08 2.4677907452597194e-05 1.0104248348099344e-06 7.360987748870115e-07 3.6865983544738375e-07 2.871757057630238e-07 1.5368270759650285e-07 1.1870418437255162e-06 2.447885214456215e-07 1.2478369518547077e-07 1.217049214675017e-07 3.294136543040797e-05 7.218820252213255e-07 2.4104793152898935e-07 4.612274580154749e-07 2.994517008823302e-07 8.844179029403035e-08 8.732109051911468e-07 0.0 2.665707691869628e-06 1.4360347991284142e-06 4.724152055110137e-06 2.203463809202127e-06 5.327303434652387e-06 1.418852319154067e-05 0.0 3.3146247526585503e-06 0.0 2.1721375036974083e-05 1.4843135101932402e-06 8.761783801483028e-07 8.053718008846626e-07 3.881635939723487e-07 3.114659705749761e-07 3.8020894597707577e-07 2.4603138321336655e-05 0.0 0.0 2.2528433456078758e-05 1.5541088533042157e-05 3.1591990326278275e-05 2.514367120583132e-05 4.529182156430715e-06 1.5487822093933473e-06 5.067092057229898e-05 0.0 2.657610741607825e-05 1.0614367026346161e-05 0.0 1.5509267194184807e-06 2.600070239049347e-06 3.187414282786933e-07 0.0 4.952375826823715e-07 0.0 3.2124336200372345e-07 2.05137800998396e-07 9.125902720685668e-07 2.010458240747913e-07 2.3016790053401696e-07 2.2817153099345703e-05 5.026813631719722e-06 0.0 4.736794140866883e-07 2.5387531600821546e-06 6.310648585992894e-08 2.477240473764032e-07 3.3994003439147063e-06 0.0 2.464989622818051e-06 6.712337420624899e-06 4.417411974542501e-06 5.189497792495401e-06 2.412234010192872e-06 6.360831232201224e-06 1.967779803089494e-06 1.1100749017794037e-05 1.323059258175884e-05 1.116034020183029e-05 1.3090948555462992e-05 5.626092836722365e-08 6.103163589284297e-07 0.0 7.824644736491556e-08 0.0 0.0 0.0 0.0 0.0 0.0 0.0 0.0 0.0 0.0 0.0 0.0 0.0 0.0 0.0 2.7977166529349043e-06 2.9621042711266517e-07 0.0 0.0 0.0 3.8128884277526875e-06 1.795257264601589e-06 3.880583029476386e-06 4.3545896355369814e-07 7.366026597769245e-08 0.0 0.0 0.0 0.0 0.0 0.0 0.0 0.0 0.0 0.0 0.0 0.0 1.700531530345827e-07 0.0 0.0 0.0 0.0 0.0 0.0 0.0 0.0 8.485120073448529e-08 7.6146699920536355e-06 0.0 0.0 0.0 0.0 0.0 0.0 0.0 0.0 0.0 1.0673349429406658e-05 1.3003327654862113e-06 0.0 0.0 0.0 7.2364736014748834e-06 0.0 4.515011874419956e-06 0.0 6.636218173540716e-08 7.563169866772548e-07 0.0 1.2328551750306592e-07 0.0 0.0 1.990076056934214e-07 0.0 0.0 4.622961376649441e-08 0.0 0.0 8.540042798506724e-06 3.3108165807379907e-06 3.0024908447345913e-06 0.00010368214409769145 1.3516645269592514e-06 0.00011578020586717348 7.35403059098304e-06 2.8625485362314933e-05 2.206685842772626e-05 1.66064113589586e-07 1.1971683663444061e-05 2.2061775178367515e-06 0.0 4.97273914848564e-07 0.0 1.2841955632234344e-06 3.409357179157501e-07 0.0 0.0 2.6970042004028575e-06 2.804657345651539e-07 2.864362756707176e-05 7.780414993426864e-06
0.0006136150115367296 0.0004280000872778324 7.746593393754973e-07 0.0007531328433168055 8.455083252607216e-05 0.00027747701768006665 0.0008520742454172196 7.825934803106644e-07 1.3066603859870209e-05 0.0 4.031106165779407e-06 0.001127449406216832 0.002235746919262254 7.793618830661662e-05 3.545932630971389e-07 1.407167019866781e-06 0.0 7.456803015708594e-08 0.0 0.0 6.042304112554002e-08 0.0 6.258973931513854e-08 0.0 0.0 0.0 0.0 8.779495925048717e-08 0.0 0.0 1.607869751857422e-05 1.0507685322131683e-06 2.9373466319549017e-05 0.0 5.716827428141787e-08 5.408096232289072e-08 0.0001001205606586226 1.5947839571054174e-06 3.8668315234310506e-07 2.770786792864213e-07 0.0 6.345999636714394e-08 0.0 1.5704676633283724e-07 0.0 0.0 2.7002362200549895e-06 6.746786981144996e-08 0.0 7.963379281307623e-08 0.0 1.2190433302085486e-06 7.753225953716737e-08 0.0 1.1373745766565202e-06 6.833884957745834e-07 1.289889776580528e-05 1.4257546851043942e-05 5.642733811265188e-06 2.44700783483048e-06 0.0 1.8236324078941014e-07 0.0 8.953244817100872e-07 6.425297852140674e-07 9.159748861263768e-08 0.0 4.974763833574744e-08 0.0 0.0 7.584952448321692e-05 8.716332317836622e-06 3.656696080699214e-06 9.982508766925231e-06 1.3698842233878096e-06 1.3734241023137239e-06 8.851111533774037e-07 1.0040041181280419e-06 6.874704946601173e-08 0.0 6.60435360456195e-08 6.040024325911153e-07 3.5122057402146683e-06 7.462871440482846e-07 3.5962478028993913e-07 4.6991409424014944e-07 4.7915327085839786e-08 1.7959208021224184e-06 1.3104835752369465e-06 2.3551980605420906e-06 2.4384780681644345e-07 1.1111245584058678e-07 0.0 0.0 1.0783282634779283e-07 6.437016447750895e-05 3.75581283621329e-05 4.622876661859466e-06 1.6975242276937828e-06 0.00013827836104515057 5.638213237187542e-07 4.080648588729984e-06 2.9309620952127462e-05 8.800886256689632e-06 9.318132009038947e-06 3.239337688427898e-05 7.626530188933992e-05 2.85952000782712e-05 2.7966728037598608e-05 6.305011358051775e-05 2.4979277659534725e-06 6.921401056370549e-05 0.00019705161738152284 7.160839581033126e-05 3.050686763420647e-05 2.6570330164209403e-07 2.1590787650733036e-07 0.0 0.0 0.0 0.0 0.0 0.0 0.0 0.0 0.0 1.9237240744348204e-07 0.0 0.0 0.0 0.0 0.0 0.0 0.0 1.1157809769766781e-05 1.2727348795873603e-06 0.0 0.0 0.0 1.9139909225944563e-06 8.703614815647022e-07 2.208302932446826e-06 2.8091577987600353e-07 2.678727426861723e-07 0.0 0.0 0.0 0.0 9.40807057743568e-07 0.0 0.0 0.0 1.3778596358371572e-07 0.0 0.0 3.8231452516443137e-07 1.5112656831036e-07 6.7210785519789e-08 0.0 0.0 0.0 0.0 0.0 1.0738392724446041e-06 0.0 0.0 5.289535659674865e-06 0.0 0.0 0.0 0.0 0.0 0.0 0.0 0.0 0.0 7.7485112884995e-06 1.2705524441696393e-06 9.255264545653278e-08 0.0 0.0 1.5056616344515914e-05 0.0 5.428699537630856e-06 5.991124539286786e-08 4.335479661631784e-07 1.7164781323747232e-07 0.0 0.0 0.0 0.0 4.6820626514839285e-07 0.0 5.5463481634136725e-08 0.0 0.0 0.0 3.386250149593892e-05 2.2043648650512094e-06 1.672579140559913e-06 8.186282072179818e-06 0.0 6.660007955889283e-06 1.1080756102140311e-06 0.000493359870257273 1.9549308691045876e-06 1.7795714589679982e-06 4.152438485346416e-07 6.574631478413008e-07 0.0 6.401594320902337e-08 3.176916831730525e-07 3.831755195727278e-05 0.0 0.0 0.0 3.656020393378702e-07 9.656178173999809e-08 0.00043318564742521917 5.198001537837738e-05
1.4120416811750073e-05 0.0014926652836613418 0.0013396773568578899 0.0 0.0010909260550063767 4.796295944847476e-07 0.00023403710964575543 0.0009442193014311924 0.0005527467218299935 4.031106165779407e-06 0.0 4.536526496782259e-05 0.0004440765084202339 0.0008269968729133363 1.3205454433061258e-05 2.2206572827141878e-05 2.822352255995563e-07 4.0315158846945546e-07 3.365911490295958e-07 2.3617849210090504e-06 3.2227160707158777e-06 2.7077806102164926e-07 3.0031633307176165e-06 2.693512779913347e-07 2.9811072616417944e-06 8.546394276211012e-07 7.880062112431034e-06 5.519170296210503e-07 2.8599272308251267e-07 1.4875921664150897e-06 5.0606814448699925e-05 1.3256990135014971e-05 0.00028849317506687833 9.76557447164068e-07 4.027057004733797e-06 7.2496017355238645e-06 7.285512681671593e-05 4.9522357132102765e-05 9.597192465035523e-06 5.958438360716117e-06 2.2612687112692946e-06 1.5432980568628865e-06 4.313494400028061e-06 1.9113502494984733e-06 4.840981508500192e-07 4.5490323189762887e-07 5.105533129785803e-05 1.3488804733573159e-06 5.264279081599183e-07 1.8093091373431485e-06 3.228746445422335e-07 9.646150547372037e-07 1.00512413580894e-06 8.586044771438517e-07 2.219116459275115e-06 1.5001858942799509e-06 6.166879877652287e-06 6.6976941852400684e-06 4.960943804428783e-06 1.5653091326686093e-05 5.375615124319463e-08 8.08269881140866e-05 0.0 3.151632874980127e-05 2.835843955003661e-06 7.114920401686635e-07 1.0091623455455353e-06 5.194071739625546e-07 4.5454928703809155e-06 5.162151999858285e-06 2.9982314511323084e-05 1.0013840606802456e-06 0.0 2.503101676707226e-05 1.7538800258474054e-05 4.994960720274674e-05 4.673789133383501e-05 2.0724401884453664e-05 1.542262498588884e-05 0.0009154735632354845 4.6865017724358016e-07 0.00017597879117109107 1.0071186515096581e-05 0.0 1.692864238586012e-06 3.1263875522600865e-06 9.171312164657773e-07 0.0 6.797296364866003e-07 2.164193786500069e-07 7.577044889748653e-07 4.297994171424179e-07 1.436868020405737e-05 3.583938306346336e-06 1.6080151211339612e-06 1.4140988980465196e-05 8.692372711773595e-06 0.0 4.243633096092983e-06 2.0175830586314014e-06 6.526785116823681e-08 4.1066137925106197e-07 2.333908932992275e-06 0.0 1.4381668255460617e-06 1.3278386652154701e-06 4.3290678572160607e-07 1.3490116919982439e-06 3.2978970242829005e-06 2.332278281873345e-06 1.2978141011532108e-06 4.342988748601758e-06 1.0075484720894107e-05 5.950579495451472e-06 1.0310053024696602e-05 6.325205542115036e-07 2.138520065301953e-07 0.0 4.527491540560621e-08 0.0 6.811214702420917e-08 0.0 0.0 0.0 0.0 0.0 0.0 4.276061349819814e-07 0.0 5.454697812514696e-08 0.0 8.22745037137985e-07 0.0 1.880259925599578e-07 1.8425937850436977e-06 0.0 0.0 3.034636644776713e-07 0.0 1.8995922516977749e-06 2.727849368611833e-06 6.371084259531808e-06 1.4685594428747725e-06 9.804158833005937e-07 0.0 0.0 0.0 0.0 0.0 1.5232844933867265e-07 0.0 0.0 4.273739294261153e-07 0.0 3.51205874010603e-07 0.0 8.567008556992498e-07 1.6518645646097817e-07 0.0 0.0 0.0 0.0 0.0 0.0 3.355492584617835e-07 3.4721506900385174e-07 7.387207076911767e-06 2.0997946600853672e-07 4.378832849535797e-08 0.0 0.0 0.0 0.0 8.0237574715341e-08 0.0 0.0 7.564984092074368e-06 1.8575047423303048e-06 0.0 6.50072880362166e-08 2.6744936982533743e-07 6.677534759819225e-06 1.2131747034807847e-06 5.943177202847858e-06 4.083100049106449e-08 5.926894287446289e-08 3.4216643913390834e-07 0.0 1.6843071037018793e-07 0.0 0.0 6.952865842645718e-08 0.0 0.0 0.0 1.2976491196627845e-07 0.0 2.2557346806138214e-06 8.450497608529906e-06 6.366112686981271e-06 8.303527908575748e-05 2.8494440410033006e-06 0.00010647823458379298 1.6000037909649828e-05 2.128149724637424e-05 1.7757475478084253e-05 2.1844816997727017e-07 1.2842565016477207e-05 2.6006939770277535e-06 0.0 5.163483965385351e-07 7.386089050012347e-07 4.652940936984971e-08 2.451425869585817e-07 0.0 1.9374539513432166e-07 3.652619720350309e-06 0.0 1.2564911677003024e-05 3.7905204977312233e-06
