0.0 0.0008231565397130133 0.00028943124776086156 0.0004821373245145516 2.0273564373013378e-05 1.5217625132133965e-05 0.0001441796708519619 3.0492841124507568e-05 2.5792597015408845e-07 0.0007766404985888665 8.970026470584825e-05 0.00013841281113891054 0.00011896140301139565 1.6677290798619044e-05 9.933974712606936e-08 0.0 1.1999714208214303e-07 0.0 0.0 0.0 0.0 0.0 0.0 0.0 5.4122623459012954e-08 0.0 0.0 0.0 0.0 7.160726518082193e-08 0.0003607081926698264 4.164724143486293e-07 4.528607503316303e-07 0.0 0.0 0.0 2.2714530799771194e-07 0.0 0.0 0.0 0.0 0.0 0.0 4.8718008032544014e-08 5.835115891729751e-08 4.570446382742966e-08 6.938475019898952e-06 5.933218067050486e-07 3.2991299948221315e-07 0.0 4.3640242194664774e-07 2.045421856932318e-07 0.0 0.0 1.9932171957997572e-07 8.382839095106037e-07 7.877848609987933e-05 0.0004777131087534981 1.1750311672966269e-05 1.8357948917921738e-05 6.176153368365916e-08 7.606973335501326e-08 0.0 1.0415044277588914e-05 9.259774115279732e-07 3.548767247049912e-07 1.9180617128076967e-07 2.4529248609266446e-07 0.0 0.0 8.509483199406886e-07 1.594669471529887e-06 4.957987581751929e-07 7.468746016612931e-05 1.1318313305418714e-05 1.7316630583825744e-05 1.0024985685357702e-06 4.392879333452383e-08 4.1684515482333675e-07 1.1382013272103055e-05 6.049372607826526e-08 1.6370027633722338e-06 4.123402121689912e-06 0.0 4.0393335426512945e-07 7.681266267080196e-07 4.007392836293069e-08 0.0 1.577843687775613e-07 6.21072482877281e-08 1.2345595728613214e-07 9.615640980019604e-08 7.183506953417763e-08 2.631251778590842e-07 4.796968846446163e-08 1.0580690242408369e-05 4.4961833781168904e-06 9.084431321516172e-08 4.2082165703396693e-07 0.0004421635077531707 2.1977501854789686e-07 4.5379347600727935e-07 1.6701364807750238e-06 2.007956893270119e-06 0.0 3.528249138739407e-06 2.617217516031481e-07 2.90948009774535e-06 8.172089787339414e-06 9.369853595684102e-07 6.410116830191258e-07 4.278477150406158e-06 3.2952481352116456e-06 5.281005906159271e-06 1.1731342628012233e-06 0.0 0.0 0.0 0.0 0.0 0.0 0.0 0.0 0.0 0.0 0.0 0.0 0.0 0.0 0.0 0.0 0.0 0.0 0.0 7.148184543035756e-08 9.449003653656987e-08 0.0 0.0 0.0 4.854859316292776e-07 2.4749845369746446e-07 5.373787194893652e-07 0.0 0.0 0.0 0.0 0.0 0.0 0.0 0.0 0.0 0.0 0.0 0.0 0.0 5.4848081389220836e-08 6.927752963788735e-08 0.0 0.0 0.0 1.3010852386809853e-07 0.0 3.1534364689345147e-07 7.258314063637173e-07 0.0 1.9578960693895197e-07 1.0190213835352974e-06 8.42902550294222e-08 0.0 0.0 0.0 0.0 0.0 0.0 0.0 0.0 1.8847271405779224e-06 0.0 0.0 0.0 0.0 1.3638083353521845e-06 7.089355038700855e-08 2.556880490032126e-07 0.0 0.0 0.0 0.0 0.0 0.0 0.0 0.0 0.0 0.0 0.0 0.0 0.0 7.540870790432423e-07 6.429489257432757e-07 4.3396242099031587e-07 0.00011069822300248577 4.124083695547175e-07 1.0745438877530671e-05 1.785351758029975e-06 0.00032566213165309804 7.619570125731709e-06 2.9474395779290517e-07 0.0 9.781345108760193e-06 0.0 0.0 0.0 2.1791737322442463e-05 1.9623938571979378e-07 0.0 0.0 0.0 0.0 8.980136946650149e-05 1.3510215173000012e-06
0.0008231565397130133 0.0 0.0009935911571215311 0.0003199841923395528 0.0008335863727323242 9.937025544046255e-06 0.0007884602207484823 0.0004163423724108431 0.0001256695058072751 0.0004678238465046596 0.0007750245444362378 8.231606270358686e-05 0.0010677620912205314 0.0005114979030952744 1.0321008239589051e-05 5.845550105660739e-07 3.391285992775244e-07 5.886435896313537e-08 0.0 1.5598570477941014e-07 0.0 0.0 0.0 1.593133709426904e-07 7.979188422841707e-08 1.711604257658533e-07 0.0 6.442694108931345e-08 7.631987881714791e-08 1.2122724255985872e-07 0.0006736226779937843 4.055483985016675e-06 9.6020647761239e-06 5.876946997921921e-08 0.0 0.0 2.73289768129182e-07 0.0 7.069552723830354e-08 0.0 4.898623320526247e-08 1.0766734163542315e-07 1.0158823501758394e-07 1.1678131333012849e-07 4.369440949340096e-08 2.599841560784813e-07 6.34671452390595e-05 4.244274446691293e-06 7.488168121763224e-07 4.256939030631077e-07 2.34861362716428e-06 2.2124596436790754e-07 0.0 5.305312355822968e-08 2.5167636874226956e-06 3.884655452072309e-06 8.872561898640574e-05 0.0005161826671132577 3.6023893935822586e-05 9.142246750153279e-05 6.251517652929151e-07 4.285148688538559e-07 0.0 5.570166813927927e-05 5.921331448545872e-06 2.1022125112636264e-06 1.3320827393777723e-06 1.5732266779831608e-06 3.6695188578838523e-07 2.7042054929128064e-07 1.4502708693433457e-06 0.0 0.0 0.00021406406194889692 0.00010327045458536535 0.00012367918727837927 2.0021165325272227e-05 9.801139365840297e-07 3.310787854670049e-06 8.827749284727002e-05 1.040147986888251e-06 7.918486509416596e-06 2.256428319258858e-05 1.6031262717713263e-07 4.886759865566381e-06 6.789893602059679e-06 8.429492209329247e-07 0.0 1.052483776889763e-06 0.0 1.5966737757525072e-06 1.7431881933747015e-07 1.9283039556082617e-07 3.3342506134247815e-07 1.0588224262550077e-07 3.2326010045566442e-06 3.5617069410272505e-07 0.0 1.992777522223756e-07 0.000294775671874776 4.324938557233686e-07 3.5353508872288523e-07 2.5327312922081837e-06 1.7063236357328071e-06 5.511649117625852e-07 5.648358116994235e-06 5.604172400908751e-07 9.130523707916927e-06 9.206212004491146e-06 2.235684596981431e-06 2.0743863375513823e-06 8.910020004158428e-06 1.0287890148469712e-05 9.845937581572072e-06 3.7154282470757935e-06 0.0 0.0 0.0 0.0 0.0 0.0 0.0 0.0 0.0 0.0 0.0 0.0 0.0 0.0 0.0 0.0 0.0 0.0 0.0 0.0 3.6451121508461715e-07 0.0 0.0 1.8674883551585014e-07 5.803749294261926e-07 7.043033501511487e-08 6.404581662597442e-08 7.524790813825798e-08 3.4783239404497376e-07 0.0 0.0 0.0 0.0 0.0 1.3156908686775095e-07 0.0 0.0 0.0 0.0 0.0 0.0 0.0 0.0 2.1602044218203716e-07 0.0 0.0 4.806628131361705e-07 2.312855617213993e-07 2.4409852421495257e-07 1.3253231554839646e-07 9.371322667599369e-08 1.5902444536890198e-06 0.0 0.0 0.0 4.856806789148752e-08 5.006405810137981e-08 0.0 0.0 0.0 0.0 4.96026070802063e-06 0.0 0.0 4.4225310998679857e-08 5.358630151075288e-08 3.0016336735030713e-06 6.182906296427689e-07 2.4649298095754428e-06 1.6945881615265556e-07 0.0 7.261422524587756e-08 0.0 0.0 0.0 0.0 0.0 0.0 8.591862272868874e-08 4.028245578878297e-08 0.0 0.0 4.107756325342233e-06 8.989604939899251e-07 1.1692805117618942e-06 0.00020361957222527486 9.411533869895362e-06 0.0001662596311310793 3.4343253868468924e-05 0.0003200686182965174 4.5621146049147815e-05 2.4055000553789676e-06 1.3874408889627733e-05 8.479346914098608e-06 4.2917443474096114e-07 1.3739043441788527e-07 0.0 2.0142270784844903e-05 1.0223731397851175e-07 0.0 0.0 1.7697319291437737e-06 0.0 0.00017329680577571398 3.966307245752254e-06
0.00028943124776086156 0.0009935911571215311 0.0 2.095641653868878e-06 0.0004813559501308669 9.931514969717106e-07 3.5457516474489095e-05 0.002286294742021565 0.00018697923642449295 5.632767527962424e-06 0.0014394609261532806 5.9064785117058815e-06 5.421079108669208e-05 0.00028487979268783717 1.200936265224388e-05 2.9838765729719005e-06 4.877010293144126e-07 1.2521076150269627e-07 5.53258403440429e-08 4.1908619914878563e-07 4.2286680196942044e-07 2.9379479727861415e-07 2.862133257045597e-07 0.0 0.0 0.0 2.3111123999750947e-07 3.67806171199536e-08 6.505439380142012e-08 3.8541803023228584e-08 0.0020285819055420496 0.00010859536871007911 1.4808662023205593e-05 7.092278330101198e-08 1.7121789911838474e-07 9.164729527865978e-08 1.0653422891493666e-06 3.2784498596849724e-07 1.4267892674353555e-07 0.0 1.0100073326057645e-06 2.206126997749399e-06 2.00829611514127e-06 2.0754787060304283e-06 1.4956974088059104e-06 3.2548572705632394e-06 2.3140042600935534e-05 2.131034641055847e-06 8.381636915809005e-07 2.3829840592344924e-06 1.255193252511804e-06 3.78049670210318e-07 1.0301235404016325e-07 9.320691253605054e-07 4.7551655712096326e-07 1.2863952447988562e-06 4.354009073793737e-05 0.0004190023807811428 1.300951441535258e-05 3.501244630614996e-05 5.877395648889721e-06 5.313556141677752e-06 4.06813545856364e-07 7.976526250697892e-05 1.4666584717050252e-06 1.1366752910199623e-06 1.0009558382832958e-06 1.5729428195866076e-06 3.5276646123267096e-06 3.7109586650039637e-06 1.4945558642081158e-06 7.690755616597028e-08 0.0 9.76001562190486e-05 4.851876483304297e-05 4.882032404011115e-05 1.535709785297337e-05 4.799752934485595e-06 9.116270473341902e-05 0.000613309529160278 2.6263860332760652e-05 0.00018721306775174246 7.370681120197937e-06 0.0 1.6935084141429792e-06 2.2040699431082403e-06 2.616642078056791e-06 0.0 4.570570997408429e-07 1.3987634257024648e-07 7.461465985520199e-07 4.5327992547185054e-07 7.83456337314765e-06 1.1354234428366368e-06 1.175272311769642e-06 9.788535621341202e-07 0.0 0.0 3.8647800098042746e-08 0.000145964592975687 5.253603689514543e-08 0.0 3.0745718691176017e-07 1.2958412550631948e-07 0.0 6.045626047608739e-07 0.0 9.326737754280351e-07 5.400517647919472e-07 0.0 5.289539664892388e-07 5.991769192425115e-07 9.63529855309962e-07 9.07054735305765e-07 8.457386461306792e-07 0.0 0.0 0.0 0.0 0.0 0.0 0.0 0.0 0.0 0.0 0.0 0.0 0.0 0.0 0.0 0.0 0.0 0.0 0.0 0.0 0.0 0.0 0.0 0.0 2.1921088993535502e-07 5.6716142326384415e-08 3.195005887799406e-07 4.7303612493468696e-07 4.5780235512764976e-08 0.0 0.0 0.0 0.0 0.0 4.375388514785308e-07 0.0 0.0 0.0 1.1271528011507187e-07 0.0 0.0 1.216971727570844e-07 3.1327040032722875e-07 3.927438526165691e-08 0.0 0.0 0.0 5.982099427523783e-08 0.0 0.0 0.0 7.628810572115845e-07 0.0 0.0 0.0 0.0 0.0 0.0 0.0 0.0 6.443192428785441e-08 1.0392093098299434e-06 0.0 0.0 0.0 6.967783039310463e-08 2.866906023024199e-07 1.9617718596307517e-07 5.076786757352516e-07 0.0 0.0 0.0 0.0 0.0 0.0 0.0 0.0 0.0 0.0 0.0 0.0 0.0 5.559765890261736e-07 5.754470318963546e-07 1.330536525050552e-06 6.969859339647384e-05 4.0560336116886165e-06 6.207607266544504e-05 1.7772964921977093e-05 8.812034212897099e-05 1.2568235565793057e-05 5.074483207893281e-07 2.4301124165218934e-06 2.063311071218121e-06 0.0 2.830881453594299e-07 0.0 3.5510634952210366e-06 0.0 5.5630696884308895e-08 0.0 3.6621956381450467e-07 0.0 4.207648624166741e-05 1.6349862614178092e-07
0.0004821373245145516 0.0003199841923395528 2.095641653868878e-06 0.0 9.67145058275404e-06 6.101731542678373e-05 0.00032930983348477703 2.0028396619572772e-07 8.400056462488276e-07 0.0010414857457059189 2.967297415903076e-07 0.00040227856877731377 0.0005427103820898818 2.609189592898563e-05 0.0 4.117981671768358e-08 0.0 0.0 0.0 0.0 0.0 0.0 0.0 0.0 0.0 0.0 0.0 0.0 0.0 0.0 2.5542768309109544e-05 0.0 0.0 0.0 0.0 0.0 0.0 0.0 4.9514858263297046e-08 0.0 0.0 0.0 0.0 0.0 0.0 0.0 1.2732958386142417e-06 1.1762443165708375e-07 0.0 0.0 1.0155081591600522e-07 0.0 0.0 0.0 0.0 6.21817811138161e-08 1.3175045648619001e-05 7.208718505319066e-05 1.5010221611883534e-06 2.422026052546365e-06 0.0 0.0 0.0 4.0212897832770367e-07 1.443041469768713e-07 5.073179976547839e-08 0.0 4.7138486783599375e-08 0.0 0.0 0.0 0.0 0.0 1.0591391137275759e-05 1.984144862962498e-06 2.910827820447679e-06 0.0 5.580656284451538e-08 0.0 0.0 0.0 0.0 1.2674368845720544e-06 0.0 1.4626155152798695e-07 1.2397692709626884e-07 0.0 0.0 0.0 0.0 7.280906969690607e-08 0.0 4.247382775774505e-08 0.0 0.0 1.4887544737435034e-07 6.595536720224351e-07 0.0 0.0 0.00019293946600945966 0.0 4.363451949778882e-07 2.34903795901274e-06 1.824024071578222e-06 0.0 4.930197907539861e-06 3.029022935913714e-07 4.201548939645679e-06 7.902096085787218e-06 8.808035230075893e-08 9.358448247970605e-08 5.3738163931057146e-06 1.2048985094490538e-05 2.7408568418371827e-06 1.7480952905618833e-07 0.0 0.0 0.0 0.0 0.0 0.0 0.0 0.0 0.0 0.0 0.0 0.0 0.0 0.0 0.0 0.0 0.0 0.0 0.0 2.149255612825572e-07 0.0 0.0 0.0 0.0 0.0 0.0 0.0 0.0 0.0 0.0 0.0 0.0 0.0 0.0 0.0 0.0 0.0 0.0 0.0 8.60898629203332e-08 0.0 0.0 0.0 0.0 0.0 0.0 0.0 4.2454644178459395e-07 0.0 0.0 0.0 3.5202151504014686e-07 0.0 0.0 0.0 0.0 0.0 0.0 0.0 0.0 0.0 8.378192088956909e-07 0.0 0.0 0.0 0.0 5.491428436170324e-07 0.0 4.7515296407756087e-07 0.0 0.0 5.636922009481389e-08 0.0 0.0 0.0 0.0 0.0 0.0 0.0 0.0 0.0 0.0 5.571891927858922e-07 2.8541221060541747e-07 0.0 2.920670230969213e-05 1.7306815796048212e-07 1.967294225679011e-06 7.042239521131145e-07 0.00017415578470402369 6.638268133540106e-07 0.0 0.0 2.3616341974822834e-06 0.0 0.0 0.0 9.303184041741666e-06 0.0 0.0 0.0 2.9399668830551817e-06 8.636919687798848e-07 5.0781478621638545e-05 8.703114574729288e-07
2.0273564373013378e-05 0.0008335863727323242 0.0004813559501308669 9.67145058275404e-06 0.0 8.744542479084081e-07 0.001073572633769979 0.0005960154830881065 0.0021052495899911068 0.00019243770497915725 0.0014097545266174545 7.938705098345165e-06 0.0007632488455390468 0.001631345784335645 8.276498124069446e-06 5.766924810419996e-07 3.895884572925424e-07 9.1940779993286e-08 5.6074663090250916e-08 0.0 0.0 0.0 5.224194836676838e-08 0.0 0.0 2.1289391540164707e-07 0.0 0.0 0.0 0.0 6.808063455790108e-05 2.754114533979352e-06 3.481844986642191e-06 0.0 0.0 0.0 3.2997962026604955e-07 0.0 0.0 0.0 1.1684057036236052e-07 2.628198146704986e-07 0.0 2.3357521999417416e-07 6.296791885578374e-08 0.0 3.517202519551407e-05 2.6034182584779636e-06 1.7842640812531771e-07 4.503922764337744e-08 1.590852518427416e-06 3.219136263291254e-07 0.0 6.874062122684634e-08 1.3679756322974803e-06 2.082311198699546e-06 1.8672701875338004e-05 5.65222481845044e-05 9.802739135671061e-06 3.301783762503171e-05 4.843094907609203e-07 3.881720629217404e-07 9.84768591040669e-08 2.2138325651949184e-05 2.6121753519545983e-06 1.382383037874049e-06 7.010839228079869e-07 8.955895371568687e-07 2.94675924640123e-07 1.352828953948509e-07 1.276273039477908e-06 2.1900831389216135e-07 0.0 4.758208276842754e-05 4.09046425648248e-05 5.322118826212703e-05 1.7156668886954217e-05 3.8610603088878135e-07 6.592367565581235e-07 1.2723539426040074e-05 1.0151955606170394e-06 1.0066347867708895e-05 8.28107717341006e-06 6.165879512098281e-08 2.23933094146756e-06 2.583314439274569e-06 4.676684948355501e-07 0.0 6.419034499953468e-07 0.0 3.769947451242088e-07 9.1261975350811e-08 4.662834953095948e-07 3.6228674093537507e-07 2.698489562915093e-07 1.197827636316418e-05 0.0 0.0 5.32013216619132e-08 3.532122426970787e-06 4.6729326623176604e-07 7.539058516333521e-07 4.592835671695014e-06 2.581297267572708e-06 7.505202471115485e-07 8.88963635545368e-06 1.4052422674339045e-06 1.241013733532188e-05 5.78653567815937e-06 4.503711308068182e-06 2.3850189185150187e-06 2.1043650208773377e-05 1.4538444306751862e-05 1.916680145303578e-05 9.750973787214327e-06 0.0 0.0 0.0 0.0 0.0 0.0 0.0 0.0 0.0 0.0 0.0 0.0 0.0 0.0 0.0 0.0 0.0 0.0 0.0 4.306603301565947e-07 2.600534627924505e-07 0.0 0.0 0.0 3.790622936319327e-06 3.6515035541001485e-07 2.108605118674911e-06 4.96589539036692e-07 2.391688221842502e-07 0.0 1.642006672030791e-07 0.0 0.0 0.0 3.191026581672048e-07 0.0 0.0 1.0238466535486661e-07 0.0 0.0 0.0 3.6644470999927936e-07 0.0 6.142019152399239e-08 0.0 6.082475482145312e-08 2.4260445302232564e-07 6.670291638726452e-07 0.0 0.0 0.0 5.536385506971461e-06 0.0 0.0 0.0 0.0 0.0 0.0 0.0 0.0 8.272931319899306e-08 1.5519459470060874e-05 6.05169971990282e-08 0.0 0.0 0.0 7.052840522994914e-06 1.1566475343487899e-06 3.8421987219602535e-06 2.672420806475473e-07 1.1041303544876778e-07 0.0 0.0 0.0 0.0 0.0 0.0 0.0 9.009878368303127e-08 0.0 0.0 0.0 6.939975424195573e-06 2.324595356288633e-06 2.83325789794807e-06 0.0001928615796503825 5.109126778930874e-06 0.00013253169902679535 3.282892524156216e-05 7.145982197619422e-05 2.7088610142238988e-05 1.3840458437782742e-06 1.1701936648495137e-05 1.275410238210755e-05 0.0 3.033427028484942e-07 2.5535864431080274e-07 2.1901052704306765e-05 0.0 0.0 0.0 3.597153223453211e-06 0.0 7.331731130750712e-05 6.017605105789733e-06
1.5217625132133965e-05 9.937025544046255e-06 9.931514969717106e-07 6.101731542678373e-05 8.744542479084081e-07 0.0 3.651249286047577e-06 5.32252927207999e-07 8.911823040600983e-07 0.0001258572110386597 5.676543365557332e-07 4.833377211347703e-05 3.068408138349609e-05 3.2676730092119686e-06 0.0 5.6044402998832353e-08 0.0 0.0 0.0 0.0 0.0 1.2516025491157903e-06 0.0 0.0 0.0 0.0 0.0 0.0 0.0 0.0 7.9354585097938e-06 0.0 5.9024162505916685e-06 0.0 0.0 0.0 2.86443791349671e-06 3.170063139899177e-07 4.601682292705881e-07 8.446936562099064e-08 0.0 0.0 0.0 0.0 0.0 0.0 1.1862090479596205e-07 0.0 6.49857325435294e-08 0.0 1.0304937406943536e-07 2.102221266563013e-06 1.094809337139945e-06 6.23898331230945e-08 0.0 0.0 5.6424464173917795e-05 7.426798394493983e-05 6.181640924898463e-07 0.0 1.1490933801416675e-07 1.988180056563743e-06 0.0 0.0 0.0 0.0 0.0 0.0 0.0 0.0 3.238384653307566e-05 6.163444797288425e-05 1.1458477892710689e-05 2.0218230665739604e-06 0.0 1.589352586077174e-07 0.0 0.0 4.796715730497989e-07 2.132228255914162e-06 0.0 9.284618483180911e-07 9.110736085847692e-08 4.536069634919728e-07 0.0 4.2231985775741813e-07 0.0 4.713833583016172e-06 1.2631905296677337e-06 5.389093002457312e-06 1.1360955951172712e-07 5.462357267907847e-07 0.0 4.628322624794303e-08 1.2507237016717195e-07 0.00011357050729522381 6.838486138635867e-05 5.9477708251716855e-06 1.2559414648508925e-05 0.0002268068164150011 0.0 0.0 7.41432135302308e-08 1.3807774658789715e-06 0.0 7.885166501590916e-07 8.141390147271848e-08 2.4473483980245866e-07 4.080094718638629e-07 8.208613356781426e-08 1.7749654882988783e-07 9.606558163726365e-07 5.704889055068438e-07 6.905578285512567e-07 7.654385207636075e-08 0.0 0.0 0.0 7.834693016124175e-08 0.0 0.0 0.0 0.0 0.0 0.0 0.0 0.0 0.0 0.0 1.6036664421646989e-07 0.0 0.0 6.404519199105984e-08 5.457399714100342e-07 0.0 0.0 0.0 0.0 0.0 7.284984169989859e-07 2.009229989451123e-07 1.119017677479718e-06 2.1621632075086875e-07 1.715427578566939e-07 0.0 0.0 0.0 0.0 0.0 0.0 0.0 0.0 0.0 0.0 0.0 0.0 1.8537316734148022e-07 0.0 0.0 0.0 0.0 1.1104373626243037e-07 0.0 7.790885287446687e-08 0.0 0.0 8.982159708140458e-07 0.0 0.0 0.0 0.0 0.0 0.0 0.0 0.0 0.0 1.3068254739172646e-06 7.50844030089727e-07 0.0 0.0 0.0 0.0 0.0 4.4993809744697865e-07 0.0 0.0 0.0 0.0 0.0 0.0 0.0 0.0 0.0 0.0 0.0 0.0 0.0 1.4525043139440002e-06 2.3942054727868007e-06 2.5953913597463058e-06 5.739228956372101e-06 6.633322968325074e-08 2.6772739768483605e-07 6.496518899522689e-08 0.0001240195429660062 5.695966943457948e-07 0.0 0.0 4.99979522943286e-07 0.0 0.0 0.0 2.1964285621054877e-06 1.1631310781930586e-07 0.0 0.0 0.0 0.0 3.28652922046205e-05 2.9907780114548145e-06
0.0001441796708519619 0.0007884602207484823 3.5457516474489095e-05 0.00032930983348477703 0.001073572633769979 3.651249286047577e-06 0.0 1.740797798147132e-05 0.0002193775346115885 0.0005910311403513361 4.772561754910989e-05 7.040116925630514e-05 0.0029256545700518687 0.0006070597359300169 2.2309151103361303e-06 1.7306482657427092e-07 2.501173188615929e-07 0.0 6.298393727114934e-08 8.088194849866669e-08 0.0 6.887262740546577e-08 0.0 0.0 0.0 0.0 9.035249650456708e-08 0.0 0.0 0.0 3.3453755070020085e-05 1.18275660403176e-06 1.2944562451266573e-06 0.0 0.0 0.0 1.5513658995727467e-07 0.0 0.0 0.0 0.0 5.294251112543537e-08 0.0 9.760719379324099e-08 1.0750608866202443e-07 9.754625024673955e-08 1.5957416511144537e-05 8.083250205180732e-07 0.0 6.034699933682503e-08 6.351285417249678e-07 0.0 0.0 0.0 3.838964369312827e-07 7.473046404519482e-07 1.2390717925124221e-05 5.472143126760364e-05 5.428200603256379e-06 1.7450778781315502e-05 1.8938783127519867e-07 0.0 0.0 8.731732837566159e-06 1.285487018692635e-06 3.0603713842670767e-07 3.422761519631789e-07 5.294995469150106e-07 1.3275399847958907e-07 2.3967891293629096e-07 9.456743296672196e-07 0.0 0.0 3.0085744341419373e-05 1.9882827732641977e-05 2.6482256539138445e-05 4.937256764431834e-06 1.5726243425350096e-07 9.7894914515683e-08 1.879615392171553e-06 2.012515569101935e-07 1.7571167225939899e-06 4.033812759011485e-06 0.0 9.805099030669785e-07 1.0212313557439384e-06 1.8748133099942922e-07 0.0 2.3564975053216578e-07 0.0 1.2308936946533352e-07 3.594186082681864e-08 3.3219168153146084e-07 0.0 1.1305966216465636e-07 8.008920087003272e-06 0.0 0.0 0.0 1.9221338695270328e-05 8.778715700030977e-07 5.916058686609489e-07 3.1654864294692984e-06 2.7423316812148283e-06 3.927147585103245e-07 1.8698893414180675e-05 1.5614045738546424e-06 1.053730654367246e-05 1.621714315800928e-05 2.3441609241159203e-06 9.603591911324673e-07 5.624862512853574e-05 3.471866967533678e-05 1.9058488100090896e-05 6.844718412328139e-06 0.0 1.676507479288457e-07 0.0 9.639632513050716e-07 0.0 0.0 3.1521545792819906e-07 0.0 0.0 0.0 0.0 0.0 0.0 0.0 0.0 0.0 0.0 0.0 0.0 0.0 1.3848792143303673e-06 0.0 0.0 0.0 1.7115278786892531e-06 6.906425845687803e-08 4.971699845012808e-07 0.0 0.0 1.7283999270695353e-07 0.0 0.0 0.0 0.0 0.0 1.5719857921425866e-07 0.0 0.0 0.0 0.0 0.0 1.1894742228698884e-07 0.0 0.0 0.0 0.0 1.9778698465440817e-07 3.54599556842412e-07 2.407052123923415e-07 0.0 0.0 3.2615781375029233e-06 0.0 0.0 0.0 0.0 0.0 0.0 0.0 0.0 4.755314164915429e-07 5.768594633056431e-06 0.0 0.0 0.0 0.0 3.095217038580319e-06 8.113685784308341e-07 2.2539157745916216e-06 5.117011302544329e-08 1.9114637636086245e-07 0.0 0.0 0.0 5.257330330818941e-08 0.0 0.0 0.0 0.0 0.0 0.0 0.0 4.153112201244986e-06 7.016325084217371e-07 9.67924075179345e-07 8.056608465928653e-05 1.5131431704744796e-06 4.856905112930657e-05 9.446153121813617e-06 6.609590823964756e-05 9.8382499984068e-06 7.790343486062147e-07 3.797570729653293e-06 8.035999245940366e-06 0.0 4.884823330761802e-07 2.2122018776709827e-07 1.6729166752568187e-05 0.0 0.0 0.0 9.870769224271964e-07 0.0 5.432013688133631e-05 5.4353562577389555e-06
3.0492841124507568e-05 0.0004163423724108431 0.002286294742021565 2.0028396619572772e-07 0.0005960154830881065 5.32252927207999e-07 1.740797798147132e-05 0.0 0.000158787091832945 1.5476880769571159e-06 0.0013531631304387129 1.1868525288036357e-05 9.80125903305022e-05 0.000223568847971206 3.509241902218615e-05 1.1621829497144542e-05 1.6706645401914414e-06 5.8966951777664915e-08 5.595757562252799e-07 9.444875302698616e-07 4.206920522295747e-07 7.638498243218062e-07 1.213041142966825e-07 1.996952686098782e-07 2.849193528366319e-07 2.8307765149286456e-07 1.0890603951869955e-06 2.1620056260005094e-07 3.2062707967629347e-07 0.0 0.0006159256499596772 0.00031689252292538056 6.336746299766936e-05 1.127895214448664e-07 7.515915237516445e-07 7.454688731398694e-07 1.5211220153481185e-05 4.399933266139116e-06 4.3138451626071255e-06 3.2687006273417277e-07 1.2230506398578207e-06 5.886726424422897e-06 4.124602246632115e-06 8.36486186976077e-06 2.6213170643799e-06 5.608608589304008e-06 5.635439958346635e-05 2.8596657409212764e-06 8.469767072333622e-07 3.838817156744231e-06 1.629799581113045e-06 3.856245671548769e-06 1.475442150337664e-07 2.2961099255365473e-06 4.947185700769816e-07 1.0449643627944744e-06 1.2422654821209467e-05 8.350855065805232e-05 5.5733650703117145e-06 3.0219444581980124e-05 2.2505304435211034e-05 3.0514452996315097e-05 2.260785807819107e-06 0.00011960490461758152 2.098185673889461e-06 1.414995428036723e-06 8.944887673382218e-07 2.188204858263208e-06 7.665669730135923e-06 6.053876190858874e-06 8.762428296049988e-06 2.2234303148958864e-07 0.0 3.34985720768522e-05 6.997346526767628e-05 7.837812552198815e-05 4.305183357880752e-05 9.830660191426835e-05 0.0005036344927075733 0.0005143232663331722 0.00013588049440301444 0.000938947351535504 7.316735598088186e-06 0.0 1.389895726733424e-06 2.367061757831282e-06 4.784923810116623e-06 1.3504735944932997e-07 7.364105286545034e-07 1.6648848280285592e-07 8.741110838969072e-07 1.0156204268753703e-06 1.7331383783820842e-05 1.845645371902765e-06 3.879676358770831e-06 8.20462224505418e-06 8.513220459504833e-07 0.0 1.0078310351594081e-06 6.573148281469825e-06 0.0 0.0 3.1488907924493104e-07 1.52841126049988e-07 0.0 5.127395372172447e-07 6.140668552906109e-08 6.855973806019801e-07 3.5731005247831876e-07 5.012422224231562e-07 5.166965126464056e-07 2.864896312239373e-06 1.4543065383611645e-06 3.300939492765857e-06 2.8878343464340938e-06 9.247401346891273e-08 7.146123247817567e-08 0.0 0.0 0.0 0.0 0.0 0.0 0.0 0.0 0.0 8.089487150101101e-08 2.6313033803751764e-07 1.4000948697248807e-07 0.0 3.109810161997775e-07 0.0 5.986404550162984e-08 0.0 0.0 1.0416971231187941e-07 0.0 3.566760445698027e-07 0.0 1.7452272307687679e-06 5.281933416133386e-07 2.9027784522100656e-06 1.3214904025883483e-06 3.4539689740041495e-07 8.35908027328256e-08 8.456036798766034e-08 0.0 0.0 0.0 7.968155288133435e-08 0.0 0.0 0.0 0.0 0.0 6.313648699807124e-08 4.620869862714596e-07 7.832895455647709e-08 0.0 0.0 5.142623416159432e-08 6.006843298607588e-08 0.0 0.0 2.962725157732061e-07 0.0 2.5868272576371196e-06 6.526684601665252e-08 0.0 0.0 0.0 5.972053215980582e-08 0.0 0.0 0.0 1.5191292550727584e-07 4.0108153532681316e-06 3.7604266964698295e-07 0.0 8.435214246868346e-08 3.7509967219718264e-07 7.817168779489169e-07 7.231862718312361e-08 1.852288763291875e-06 0.0 0.0 0.0 0.0 0.0 0.0 0.0 0.0 0.0 6.562905098246699e-08 7.1571841440776e-08 1.0041868248425709e-07 0.0 1.0287208255354602e-06 2.316835495923356e-06 3.5234441936521206e-06 0.000168516918310159 1.1472505325928318e-05 0.00015084155975606897 4.262291883256211e-05 3.757144111596413e-05 2.2624453552111943e-05 7.902308426956247e-07 7.783553013971811e-06 1.7239786778593198e-06 5.138706955244875e-08 2.747339552834899e-07 0.0 1.5178262597005087e-06 0.0 5.235132194031539e-08 0.0 7.293811684112727e-06 5.91394287464403e-07 3.1867884757658134e-05 1.2631565182966338e-06
2.5792597015408845e-07 0.0001256695058072751 0.00018697923642449295 8.400056462488276e-07 0.0021052495899911068 8.911823040600983e-07 0.0002193775346115885 0.000158787091832945 0.0 1.4920706167806867e-05 0.00031761673779046604 4.9280863847341455e-06 0.0003430537867582656 0.0005982733172009872 5.597959150472807e-06 6.685519543905684e-07 1.999520074405559e-07 0.0 0.0 0.0 0.0 0.0 6.827646196219278e-08 0.0 0.0 5.7541951325817226e-08 0.0 0.0 0.0 1.0576080318752006e-07 1.165215089647996e-05 8.034854567757418e-07 2.2682360644187673e-06 0.0 7.981932652233193e-08 0.0 8.414861281618678e-07 0.0 0.0 0.0 8.42394305685373e-08 3.1792047065763314e-07 3.721740974092082e-07 2.235215648849099e-07 9.698712912409644e-08 1.3474434905225603e-07 1.6999284447621118e-05 8.751002835092244e-07 1.4113649839793648e-07 1.029631779214141e-07 2.330815363192237e-07 8.137407058633062e-08 0.0 6.237414090596208e-08 6.739934267471926e-07 4.139321907202494e-07 7.120051420256284e-06 7.904926518267118e-06 2.847898708771062e-06 9.452651771412235e-06 5.177942980982385e-07 3.985772174484216e-07 8.182774292480681e-08 7.308616569176818e-06 7.943748476989935e-07 6.966519784599557e-07 2.752434040496461e-07 3.04309596053972e-07 1.6643768263332882e-07 2.6723660815165657e-07 2.6213164466853733e-06 0.0 0.0 9.34907849521876e-06 1.688284415719281e-05 2.341160048894952e-05 9.86449853865562e-06 1.2136207347636971e-07 5.905971630883264e-07 5.786281028385459e-06 1.1102094506949352e-06 1.08670339918831e-05 3.3844764658498197e-06 0.0 9.158099826392078e-07 1.2535898702091215e-06 6.766627172998995e-07 0.0 4.418628519729305e-08 0.0 2.3258266470428808e-07 2.3083566148376853e-07 4.6117428708521155e-07 1.508661900789359e-07 3.446311019354996e-07 6.479047312670594e-06 1.6662576714650375e-07 0.0 0.0 5.241902958890317e-07 2.2249158355305717e-07 7.276874049066412e-07 1.8026295137276796e-06 1.0252128168617523e-06 9.729462370581845e-07 4.2164232494103315e-06 6.583980835496437e-07 7.152013253155399e-06 3.858887977873165e-06 3.597425807189556e-06 9.890421453253264e-07 1.123897108892493e-05 1.0986680019739357e-05 1.284310641675847e-05 7.446970298209033e-06 0.0 0.0 0.0 0.0 0.0 0.0 0.0 0.0 0.0 0.0 0.0 0.0 0.0 0.0 0.0 0.0 0.0 0.0 0.0 6.313466861643096e-08 3.1229971766993566e-07 0.0 0.0 0.0 2.087775511872882e-06 0.0 1.5838482719779462e-06 0.0 6.51798121638069e-07 0.0 0.0 0.0 0.0 0.0 2.6572560588264997e-07 0.0 0.0 0.0 0.0 6.050881448164689e-08 0.0 4.479233930530301e-07 0.0 0.0 0.0 0.0 0.0 1.2618455345378645e-07 0.0 0.0 0.0 4.24319652115955e-06 0.0 0.0 0.0 0.0 0.0 0.0 0.0 0.0 0.0 8.906107856694974e-06 0.0 0.0 4.493340754845575e-08 0.0 4.374829147278892e-06 7.944035357925437e-07 4.293533277513676e-06 0.0 0.0 5.153136715810995e-08 0.0 0.0 0.0 0.0 0.0 0.0 0.0 6.349668619177104e-08 0.0 0.0 6.6009417763654554e-06 1.287606547235836e-06 2.8323910053222262e-06 0.00012336346042490613 4.832696919033071e-06 7.104888263344227e-05 1.7770517678725944e-05 3.3149021981904595e-05 1.3988463144086136e-05 4.783029042566665e-07 7.340874968322803e-06 7.687796700185387e-06 0.0 3.5403702451909643e-07 7.04692289491308e-08 1.2840562535545646e-05 0.0 0.0 0.0 2.6949536295905084e-06 0.0 3.31107187547168e-05 4.349109318842958e-06
0.0007766404985888665 0.0004678238465046596 5.632767527962424e-06 0.0010414857457059189 0.00019243770497915725 0.0001258572110386597 0.0005910311403513361 1.5476880769571159e-06 1.4920706167806867e-05 0.0 5.027592170231102e-06 0.0017115553486822563 0.001466749905180832 0.00014026799304802778 1.034390706059191e-06 1.9307629350554153e-07 8.491040645341592e-08 0.0 0.0 0.0 0.0 0.0 0.0 0.0 0.0 0.0 0.0 0.0 0.0 0.0 3.0107748348615706e-05 4.712817996048904e-07 5.903597587903719e-06 0.0 0.0 1.1117906688687308e-07 8.66577865370006e-07 2.46940182772344e-07 4.8748934401204766e-08 0.0 1.58792716920205e-07 0.0 0.0 8.569725905534136e-08 0.0 0.0 4.315803164031604e-06 2.2135314824905947e-07 0.0 0.0 1.8076393078352101e-07 0.0 0.0 0.0 5.4499524696290456e-08 3.5807639623388135e-07 2.9145653515677777e-05 8.982230730518326e-05 3.2620627327398663e-06 7.560401614677682e-06 0.0 1.2048652549272589e-06 0.0 4.025978702428935e-06 4.848683724401795e-07 1.2810509066416465e-07 2.9644092428657104e-07 9.37379830397758e-08 0.0 0.0 1.802291188207631e-05 6.937199456410034e-07 1.857117437565528e-07 1.674172437818942e-05 6.5974466906940905e-06 9.584020013863586e-06 1.7504759997840428e-06 0.0 3.1241466784519247e-07 1.5416432732066703e-06 0.0 1.6930204146457515e-06 1.979899049408437e-06 0.0 2.6264112050220654e-07 3.856845168378253e-07 0.0 1.5191237027624064e-07 4.818909147821593e-08 6.912735352364088e-08 1.3039204218564288e-07 0.0 0.0 0.0 6.026158398244703e-08 7.512284805604764e-05 2.1174144930528398e-05 1.2296085430184793e-07 3.6701904375824816e-06 0.00036946897662487425 4.3477163899237806e-07 5.246755157608894e-07 1.8503598500743115e-05 9.39416293601937e-06 9.794221534161074e-07 4.0295020559533595e-05 2.0815784117196733e-06 5.24181045427668e-05 2.069767414988014e-05 1.3621259773340743e-05 3.0358544603987145e-06 5.486648584055637e-05 5.512414799962445e-05 4.596173581870894e-05 1.288095174838172e-05 0.0 0.0 0.0 0.0 0.0 0.0 0.0 0.0 0.0 0.0 0.0 0.0 3.8864626839793713e-07 1.5041416955278944e-07 0.0 0.0 0.0 0.0 0.0 2.619457630344946e-07 1.2823484191074237e-06 0.0 0.0 0.0 1.8066314108177826e-06 0.0 9.698976716555245e-07 1.322958704120554e-07 0.0 0.0 0.0 0.0 0.0 0.0 0.0 0.0 0.0 0.0 0.0 0.0 0.0 0.0 0.0 0.0 5.932353502924796e-08 8.395555482101408e-08 2.1462890134044842e-07 1.6651126462626906e-07 4.841084450732676e-07 0.0 6.800670296373954e-08 3.7940544827391e-06 0.0 0.0 0.0 0.0 0.0 0.0 0.0 0.0 0.0 1.8468842686281564e-05 0.0 0.0 0.0 5.288872658909409e-08 7.902750165297658e-06 1.5223331532979041e-06 4.16096604140336e-06 0.0 3.47311663678221e-07 0.0 0.0 0.0 0.0 0.0 0.0 0.0 5.713095196259038e-08 0.0 0.0 0.0 1.631501852492233e-05 1.989721228699125e-06 1.6841905407909834e-06 0.00010789204511714249 5.467855026810663e-07 1.5174000636638482e-05 3.8307467764821285e-06 0.00044205643645205155 4.75096337452358e-06 1.8956130627175979e-07 7.060502388552671e-07 2.091879801894341e-05 0.0 1.8672891903159802e-06 1.8139564489382286e-07 9.25243503814256e-05 6.708362442732715e-08 8.537938095922232e-07 0.0 7.801894130797167e-07 7.092480989429047e-08 0.0004462471868768033 2.2001098750422138e-05
8.970026470584825e-05 0.0007750245444362378 0.0014394609261532806 2.967297415903076e-07 0.0014097545266174545 5.676543365557332e-07 4.772561754910989e-05 0.0013531631304387129 0.00031761673779046604 5.027592170231102e-06 0.0 6.229539935575314e-05 0.0008020685774835048 0.0013830830802216071 1.606508522003638e-05 5.023612433799688e-06 3.779434788046415e-07 5.4552264704246786e-08 0.0 7.040795226400823e-08 0.0 4.809213842292645e-07 2.4632560447986613e-07 8.00254074614354e-08 3.6630426430892483e-07 0.0 0.0 8.860822432670201e-08 0.0 2.552486669235049e-07 0.00014378689125634745 1.0089741809047009e-05 0.00014283096166718204 1.9260156750024928e-07 4.478936534907071e-07 7.278278644777715e-07 1.926579709919797e-05 2.8783971053499176e-06 1.7278640388955213e-06 8.643040624134802e-07 0.0 1.0633815532120398e-06 4.95887144015609e-08 4.287842634819423e-07 4.7369676658192284e-07 3.4307788475684773e-07 2.6700128201406307e-05 1.0875920658932383e-06 4.6162130359165324e-08 2.838474238000696e-07 6.329258569236634e-07 1.084437885137101e-06 0.0 6.853035523381508e-07 3.940914608024975e-07 9.784676036905806e-07 1.0963660547032545e-05 5.0498495640507345e-05 5.3814585410213346e-06 1.8805416664095923e-05 9.913191686218562e-07 4.227256277118419e-05 2.668335138902934e-07 1.3837550942705347e-05 1.1732714985621554e-06 8.011015757962931e-07 7.940789789611097e-07 6.631316987998765e-07 5.148223892803766e-07 5.132896878884754e-07 1.828915483488659e-05 2.4126886905850336e-07 6.536322718397573e-08 2.5987531032143714e-05 2.7124736617385012e-05 4.2242348132366264e-05 1.4585354059170122e-05 2.37402733243915e-06 1.708915952524987e-05 0.00035016815500715526 3.2848186858569803e-06 0.000122908817087985 4.362277736775053e-06 6.92597553043729e-08 1.2619831069076124e-06 1.2715022827416142e-06 3.20447740051923e-07 0.0 3.7302665119356797e-07 1.327967582096876e-07 3.3280421240949643e-07 5.925343017066571e-08 1.2633131697928282e-06 3.745089306670848e-07 4.1065739643229626e-07 9.948969191718573e-06 0.0 5.857473657439775e-08 2.3367867688700226e-07 1.6315105557387096e-05 2.813113019409622e-07 0.0 5.519178362780658e-07 7.720866246761287e-07 6.976096235985036e-08 1.3456769535801835e-06 1.1295882873846954e-07 2.514045779452469e-06 1.2249564287438267e-06 1.2977280585179899e-06 4.802335258507216e-07 5.189954231503432e-06 4.697331040889816e-06 6.257908396846273e-06 4.963282452294095e-06 0.0 8.862118897137399e-08 0.0 0.0 0.0 0.0 0.0 0.0 0.0 0.0 0.0 0.0 0.0 0.0 0.0 0.0 7.51153397882154e-08 0.0 0.0 1.1001928641976583e-07 3.875161997316012e-07 0.0 6.261716553007032e-08 0.0 2.9232837728557913e-06 8.195529059821356e-07 2.694416405391816e-06 7.347279877571712e-07 2.2491765168059942e-07 0.0 0.0 0.0 0.0 6.651566472064242e-08 5.028378800740612e-07 0.0 0.0 0.0 0.0 0.0 0.0 5.606627840758055e-07 3.4192831707059424e-07 4.4392772149090954e-08 0.0 4.438477335199007e-08 1.5302279764470627e-07 1.7040412475163996e-07 0.0 7.330813217251005e-08 2.2706195393855217e-07 4.238505898142413e-06 2.0365277497871648e-07 0.0 0.0 0.0 0.0 1.1019276141632697e-07 0.0 0.0 2.0356536079261176e-07 9.683171558489884e-06 1.8112509469114445e-07 0.0 0.0 0.0 2.396833964269002e-06 1.4929770682297106e-06 3.086444683190604e-06 7.01507761888903e-08 0.0 0.0 0.0 0.0 0.0 0.0 0.0 0.0 0.0 0.0 0.0 0.0 3.5557023290633657e-06 1.5731001338898504e-06 4.353645580691922e-06 0.00013767000495948467 4.2925939411185144e-06 9.131561208118054e-05 2.7498974147651894e-05 3.567632166404742e-05 1.4805030284765885e-05 5.138334776941591e-07 6.023453267528675e-06 2.9170526023381857e-06 7.733849873394285e-08 5.092239114677724e-07 4.424827396621825e-07 1.7962970204865377e-06 5.905304034967309e-08 0.0 0.0 4.290027649393032e-06 0.0 2.3856496415379225e-05 1.549390106463784e-06
0.00013841281113891054 8.231606270358686e-05 5.9064785117058815e-06 0.00040227856877731377 7.938705098345165e-06 4.833377211347703e-05 7.040116925630514e-05 1.1868525288036357e-05 4.9280863847341455e-06 0.0017115553486822563 6.229539935575314e-05 0.0 0.0005496073079915504 0.00024666796818135296 9.457957153171936e-06 3.0531949780245606e-06 2.2679569289562075e-07 0.0 4.63890255217009e-08 0.0 0.0 8.333507303455437e-07 0.0 0.0 4.3174060847984886e-08 1.114958386851545e-06 0.0 3.607918334260014e-07 0.0 5.975158345544954e-08 6.3549587077919796e-06 7.155698588740975e-07 3.664269869552318e-05 0.0 3.1313112062204817e-07 4.383559780526506e-07 4.0720112307598635e-05 6.727529309564206e-06 7.991310893079495e-06 1.6520203747968787e-06 0.0 1.7022903264468879e-07 0.0 1.2293734026750706e-07 0.0 0.0 1.1565519856810003e-05 4.40344659462018e-07 0.0 0.0 1.6956446273787878e-07 9.551448637923443e-08 0.0 9.273409305532541e-07 2.7883973610027904e-07 1.3419996237320962e-07 4.471895317011045e-06 1.104918385220456e-05 1.7589128672313188e-06 3.908381178655895e-06 8.934240632455048e-08 9.765674663624747e-06 2.3577894238347552e-07 2.5870429544837135e-06 3.808376448669933e-07 8.498312089786367e-08 1.340763575341916e-07 4.1957372669963326e-08 4.0019491430123035e-07 1.1815016604354133e-07 5.7194099276593614e-05 4.132912216026295e-07 4.9654793835137945e-08 3.283491805139635e-06 3.2370390078633466e-06 1.0397374861918976e-05 3.095678838113073e-06 4.781361302046617e-07 7.723766600179486e-07 2.5621245489531258e-05 2.1142382324935294e-07 9.040201953860739e-06 1.1527474006968582e-06 0.0 2.1884634605880477e-07 2.5701039070684527e-07 2.378330959424752e-07 5.4342779504858786e-08 1.0975990677147691e-07 8.143884522697496e-08 4.753284656674006e-08 0.0 1.245456363648511e-07 1.8313760245230995e-07 7.92753874983077e-08 0.0003852674192159801 2.692667472743449e-06 0.0 4.0421214791358365e-06 6.945901760382156e-05 1.0316279805338417e-06 1.2422800951077543e-06 2.4211981478967935e-05 1.0000892524225985e-05 1.5445428597120033e-06 5.0050213432868035e-05 3.0168448627579454e-06 8.997007918576264e-05 1.8955390060021226e-05 1.884090231240228e-05 8.088254526792368e-06 0.00010134671028418364 7.78665095155918e-05 8.117147802848382e-05 3.8953259907239046e-05 4.7404914395841425e-08 0.0 0.0 0.0 0.0 0.0 0.0 0.0 0.0 0.0 0.0 0.0 2.011395147574836e-07 1.4439162015627354e-07 0.0 0.0 0.0 0.0 0.0 1.2926867862809577e-06 4.447295549202036e-06 0.0 7.416509379725055e-07 0.0 9.747591888859683e-06 1.451525563085727e-06 5.434740270547725e-06 1.1932664091979949e-06 6.064644445661415e-07 0.0 5.813671481072635e-08 0.0 0.0 0.0 0.0 0.0 1.408625786369132e-07 2.3563870490475922e-07 0.0 9.167897814960604e-08 0.0 1.2388072984922604e-07 1.2840509587326052e-07 0.0 0.0 3.736137420796094e-07 7.855113268434924e-07 1.2649848836849742e-06 2.5549144863403527e-07 1.3048112553504717e-07 5.727593666665764e-07 2.013607297677213e-05 4.623675341029656e-08 6.115930234132655e-08 7.380412699664455e-08 0.0 0.0 1.2503151210336902e-07 0.0 0.0 0.0 5.103295124557628e-05 3.0614550911419734e-07 0.0 0.0 1.5826848859793045e-07 3.1563798808665145e-05 2.9152023330855067e-06 1.9280130214862034e-05 3.2051656787912433e-07 5.01963273207022e-07 1.4450136504057532e-07 0.0 0.0 0.0 0.0 0.0 8.430911900384317e-08 0.0 0.0 0.0 0.0 3.735889209620078e-05 6.111753800166635e-06 8.670514406589778e-06 0.00019515431591233469 2.987699123497245e-06 4.318618581676233e-05 2.1210032649388898e-05 0.00016833716890793358 7.83724672839652e-06 5.1508019693079676e-08 4.465775352329402e-06 3.700317636881888e-05 1.0359270927970884e-07 2.378323356229764e-06 4.846287034936405e-07 0.00011440104135240854 7.098383442352649e-07 0.0 1.2776074331651985e-07 5.462100626242599e-06 4.5405397652822054e-07 0.00042374522891620685 3.715305731530663e-05
