0.0 0.0008874668234122279 8.975034733652461e-05 0.0007664187149639365 1.529495775114239e-06 6.835070997843311e-05 0.0002462107150972061 3.879111952668802e-06 2.668430418803745e-06 0.0012296113484962072 1.7143871816227525e-05 0.00013707069178989508 6.685849405043285e-05 3.816957501015619e-05 1.2427262718814738e-06 1.3186242182077155e-07 3.4441010856326465e-07 0.0 4.9380263829849624e-08 0.0 1.585008834788571e-07 0.0 0.0 1.0791519500163426e-07 2.0666618788352773e-07 0.0 0.0 1.1083303452313495e-07 0.0 5.3698071871440574e-08 0.0005228171790354637 5.7181027861555585e-06 1.3389432406661285e-06 0.0 0.0 1.31851160397603e-07 7.081098594936417e-07 3.6483527192609905e-07 2.066457548515043e-07 9.134048902605121e-08 1.4419231989957452e-07 8.456846167132169e-08 9.921675068995744e-08 2.093453903617101e-07 1.2553431753736003e-07 0.0 3.149369426500563e-05 6.069973856758984e-06 4.010090211007527e-07 1.0195479609525317e-07 8.810323858945787e-07 6.628121976529425e-08 0.0 4.110683231850686e-08 5.272425691633002e-06 9.008123280080311e-06 5.9573945444056107e-05 0.0003980752116324075 1.2207980841187948e-05 2.898441411717884e-05 5.146506896047329e-07 6.357453368033408e-07 1.356306755974316e-07 2.9434437381963773e-05 8.202090440169914e-06 8.506081354523237e-06 3.2102584873040665e-06 1.334174373601905e-06 3.1470120952478304e-07 4.4892483480758295e-07 4.013182113584332e-06 1.391876262100012e-06 1.151540951568207e-07 0.00010164189723270324 6.348722415003521e-05 3.092817887759865e-05 1.2324673256306666e-05 2.399387816457098e-06 1.1337289353485056e-06 3.6860253240382163e-06 2.3310398595350538e-07 1.0011511057372022e-06 2.4092139822334238e-05 7.248324134605262e-07 4.448601383219861e-06 6.9546612514314115e-06 6.16205451914946e-07 4.904619618046741e-07 2.0160130690458445e-06 3.53477137503116e-07 5.736789794248454e-07 9.463036965214449e-08 2.0819949356534874e-07 0.0 1.2009581789887278e-07 0.00012438226878639915 2.2265932542288345e-05 4.6016249589535735e-07 1.0611692889894436e-06 0.0007269486897961933 5.945736756414168e-07 2.1618166676381235e-06 2.1544929197475283e-06 2.397424658907958e-06 8.179899068328535e-07 1.590318584662601e-06 3.1813867564111155e-06 6.016863140580286e-07 3.951742614486216e-06 8.249896137228019e-06 1.279439116692413e-06 9.051415287233236e-07 7.1715026496370396e-06 3.130542746496301e-06 1.4984839979075503e-06 0.0 1.095347501235866e-07 0.0 2.565714219888906e-07 0.0 0.0 0.0 0.0 0.0 0.0 0.0 0.0 4.206740909636395e-07 0.0 1.7449922758669087e-07 0.0 1.1598338189898046e-07 0.0 0.0 2.219643065743902e-06 3.3677915796857147e-07 0.0 2.90835619262963e-07 3.5055457041386933e-07 4.0165741784846984e-07 3.5817677309681686e-07 4.047582613899901e-06 1.6169165784682086e-06 5.395185178573178e-07 1.4856028667038423e-07 0.0 0.0 2.2656831468622747e-07 0.0 0.0 0.0 0.0 1.7679614377303594e-07 4.070793264001504e-08 0.0 0.0 0.0 1.156620602054956e-07 3.9977966234524224e-08 0.0 1.4130977466584862e-07 4.4593700243503985e-08 1.8477704588017165e-07 2.971421532221103e-07 0.0 5.478038415589543e-07 2.6958630831719243e-06 1.179832959687766e-07 0.0 0.0 0.0 4.4215577651831125e-08 0.0 2.505466816500528e-07 0.0 0.0 1.1785276858787607e-06 0.0 0.0 0.0 0.0 1.2498105194060697e-06 1.8837976151479336e-07 1.8595797701179566e-06 4.181452022027932e-07 0.0 1.5439815746986081e-07 0.0 0.0 0.0 1.1450102181243835e-07 3.990811673964648e-08 0.0 1.2007123709514772e-07 0.0 0.0 0.0 1.2069181000412264e-06 4.833228375401913e-07 2.432838091584185e-06 0.0001583400106147183 9.497960712345862e-06 0.00015319134351966617 3.6930052054077114e-05 0.0004225240478078388 2.498846271056593e-05 4.053041364985936e-06 3.2946435486552153e-06 2.4085534738011965e-05 6.392112428713509e-07 1.6724987931564424e-06 8.503986038518608e-07 2.475052579645669e-05 5.791856242126951e-07 1.3039355123076824e-06 0.0 2.1969209925661077e-07 2.1815676110294208e-07 0.0002048145673782931 3.2258181296906733e-06
0.0008874668234122279 0.0 0.0013932336198637441 0.000483341818520807 0.0006869099682824313 4.327724528441068e-05 0.0012573709593090246 0.00033719775423298256 0.0007616472286519684 0.0011845825224012802 0.0013936170567289744 3.2119716253304028e-06 0.0004641930602370077 0.0012702921956932282 5.001750087356144e-06 1.4274281609029773e-06 6.492124729661508e-07 7.50535402872335e-08 1.357366572172251e-07 3.694604992988814e-07 2.2359344011813627e-06 6.294142889400117e-08 0.0 1.8774745251445977e-07 4.285443858253974e-07 5.205845516921624e-07 5.706245628922893e-08 3.2740764690606096e-07 1.4301623866629044e-07 0.0 0.0015400677271999665 5.540752705241778e-05 9.031467458485198e-06 0.0 5.3483521849501956e-08 6.987339171327925e-07 8.540079043129858e-07 5.640332248333715e-07 5.339074906673347e-07 3.9992134283576455e-07 1.6924819958345702e-06 2.5552065952918585e-07 3.527527651737451e-07 1.3477297566340763e-06 3.767523584070391e-07 2.619934420398104e-07 7.263769045548912e-05 9.595340908094359e-06 4.1824558337508175e-07 4.3210267060600756e-07 1.5937098244685961e-06 1.0772382089300566e-07 4.432415879674645e-08 3.186952524467024e-07 6.320079307247926e-06 1.0552183248301219e-05 2.460438115354834e-05 0.0003893931818373421 9.55402823862304e-06 5.171479853428382e-05 7.55020520301023e-07 3.845000525281022e-06 4.600016980638351e-07 8.816759746039562e-05 9.815875740901388e-06 1.2830363644043396e-05 4.270858298707363e-06 2.50067790187308e-06 2.298043704881141e-06 1.8325754762700608e-06 3.2895893104379467e-06 3.1882197611069684e-07 0.0 0.0001222673111140066 0.0001000926360097395 8.76594362431448e-05 4.576155052330116e-05 1.0451198664429512e-05 1.0186241362353608e-05 3.514302912053739e-05 1.3038716232435677e-06 7.656854352820934e-06 2.9167941954253218e-05 9.156265986171084e-07 7.913466379647079e-06 1.0665903561997211e-05 1.875426382875269e-06 7.005947725370357e-07 3.5530113412597275e-06 1.1264364199876824e-07 1.0939747608300111e-06 2.0132643515705029e-07 1.869683589069983e-06 1.9442945856907733e-07 2.5061198197596743e-07 7.044769100438625e-06 1.1844290793877081e-06 0.0 9.58045407441749e-07 0.0003793285690697442 0.0 6.732091162481423e-07 4.5118090085834404e-07 1.1229359810124169e-07 1.7349990131891788e-07 4.858340966784593e-06 1.3054413350198643e-06 6.488212731065556e-08 2.1112291155307585e-06 2.718706171252661e-06 4.3954429867807513e-07 9.092446529438887e-07 3.24484798520162e-06 9.259666430431919e-07 1.303469655743149e-06 0.0 0.0 0.0 0.0 0.0 0.0 0.0 0.0 4.453446547620686e-08 0.0 0.0 0.0 6.062920864064011e-08 0.0 0.0 1.7213620827990817e-07 5.0889154363958195e-08 0.0 0.0 2.196459704284693e-07 1.1050313057391713e-07 0.0 0.0 0.0 2.4305844371026854e-07 1.9287148606983233e-07 1.0230786194073376e-06 7.962670197523596e-07 1.643816114002251e-07 0.0 0.0 0.0 0.0 0.0 0.0 0.0 1.9667796815710685e-07 5.0599721452910876e-08 0.0 0.0 0.0 0.0 0.0 0.0 4.084970232992881e-08 3.550617137208561e-08 1.2340851445501781e-07 0.0 1.6723784599917055e-07 0.0 0.0 1.4672401461841988e-06 0.0 0.0 3.735620497873263e-08 0.0 0.0 0.0 9.798369653108763e-08 0.0 0.0 2.978995452547744e-07 0.0 0.0 0.0 6.165644157516158e-08 1.0525178400142821e-07 2.0676761714866556e-07 5.128797726725952e-07 1.0785901849918632e-07 0.0 0.0 0.0 3.8048838890354367e-07 0.0 1.6230583006232197e-07 1.1310242632583764e-07 3.746233314038351e-08 1.1139961631475206e-07 7.88522078706799e-08 6.972844493218412e-08 0.0 4.995869958344975e-07 2.5660998161153037e-07 4.456806338269813e-07 0.00013918952022846486 9.25374606930952e-06 0.000219050888188869 4.396474815713914e-05 0.00016622023204668034 2.416692242902707e-05 3.3195084683705e-06 1.594535205233119e-05 4.945073587276572e-06 5.115275990978505e-07 6.485456565441025e-07 6.481780053238455e-07 5.1801410206772375e-06 3.3691118581066366e-07 7.104154089068003e-07 4.19133222447702e-08 1.8382211000811497e-06 8.791748913959772e-07 0.00011143401801288802 1.1800419666046656e-06
8.975034733652461e-05 0.0013932336198637441 0.0 2.085597854535294e-05 0.0004330995561586179 1.4224424787894115e-06 0.0002782409211469826 0.001602842494208439 0.0005016142012545261 0.0001209772645777123 0.001571708182032864 2.0220988249541158e-06 7.213961202206242e-05 0.0008562578746907777 1.1754596919245513e-06 8.75414318324058e-07 1.462638674520771e-07 2.2643299283803735e-07 4.0468534216177e-08 5.352219711278134e-07 5.330960199107677e-06 0.0 0.0 2.0147118665519195e-07 5.908766698786644e-07 1.8064906370062939e-06 9.510382409341218e-08 2.0139501674629264e-07 0.0 0.0 0.0016042507919765603 0.00027322848157021305 3.7905008723169706e-05 1.407106796960539e-07 5.036996643899463e-07 9.016731824148194e-07 3.4552239311751824e-07 9.063476096233627e-07 3.159354997323628e-07 5.443497862672344e-07 4.154386540583205e-06 3.748554441488085e-07 6.828796937559751e-07 2.2267411073172443e-06 6.152938086489528e-07 5.316260123470929e-07 1.2018904614010531e-05 1.3197774452826368e-06 4.599836766010728e-08 6.626482459857945e-07 8.47327889316213e-07 0.0 0.0 3.98768001075911e-07 1.5773951729473532e-06 9.292852331305568e-07 5.151583051829349e-06 0.0001184948655011455 1.1556248437628404e-06 8.04961411225973e-06 3.4277809324203675e-06 1.2916738941330373e-05 1.417669578638418e-06 5.436001739824925e-05 1.4002985737670427e-06 2.5629299054849967e-06 5.217217802190921e-07 6.581819623714693e-07 4.553837560513479e-06 5.734054816665085e-06 2.128535635613512e-06 1.7084663993517997e-07 0.0 2.3837202291083785e-05 2.0787423999454642e-05 1.5885703438086122e-05 1.1598947434484309e-05 1.537937339195634e-05 6.019406368461876e-05 0.00025005615599988263 5.020136904454246e-06 4.559655908433295e-05 3.5589641805176843e-06 1.1487498388963932e-07 9.942473627382506e-07 1.1366752708898769e-06 8.584386833838278e-07 2.6079855884908914e-07 5.894748345427391e-07 0.0 2.242299972394869e-07 1.263422728821969e-07 4.87136225253209e-06 2.6326848044081256e-07 1.9321035455788923e-07 1.0178935862109947e-06 1.712080312695739e-07 0.0 2.5323375916022176e-07 2.493428409927299e-05 0.0 0.0 8.671379942038784e-08 5.7596047048785716e-08 0.0 1.0312350563597375e-07 4.956512319721101e-08 4.923862156763786e-08 0.0 5.894578038303605e-08 6.263859696008356e-08 8.523559984831762e-08 2.069589179863655e-07 1.734612747967345e-07 2.0377712472284207e-07 0.0 0.0 0.0 0.0 6.327881922071431e-08 0.0 0.0 0.0 0.0 0.0 0.0 0.0 9.689146591144387e-08 0.0 0.0 0.0 0.0 0.0 0.0 0.0 5.650192094207403e-08 0.0 0.0 0.0 2.678329152426403e-07 0.0 5.16922540762085e-07 2.5206568675801145e-07 1.2079948004096833e-07 0.0 0.0 6.35449965761378e-08 0.0 0.0 0.0 0.0 0.0 0.0 0.0 0.0 0.0 0.0 0.0 0.0 0.0 0.0 3.998080468658735e-08 4.0902995780617935e-08 0.0 0.0 0.0 1.3240354992890448e-07 0.0 0.0 0.0 0.0 0.0 0.0 0.0 0.0 0.0 0.0 0.0 0.0 0.0 4.757633993718876e-08 8.207304179641836e-08 0.0 2.142240873623292e-07 3.551245037210404e-08 0.0 0.0 0.0 0.0 0.0 0.0 0.0 0.0 3.825419118075916e-08 0.0 0.0 0.0 3.204233791564924e-07 1.460335801089355e-07 1.0921705374822504e-07 1.88098469099493e-05 1.8857877905556009e-06 3.3922708932989554e-05 7.916841487105997e-06 1.059417142157817e-05 3.0791005686482235e-06 4.7398445130882817e-07 2.7417901964467385e-06 1.3089884539480823e-06 0.0 1.3130806353147343e-07 3.934805924637424e-08 3.3355756903369836e-07 4.803457632513934e-08 3.288756809332003e-07 0.0 3.459073139770954e-07 0.0 1.564950422369279e-05 0.0
0.0007664187149639365 0.000483341818520807 2.085597854535294e-05 0.0 9.681385501823283e-06 0.00010919604532915576 0.00032709718077532786 2.2508169851443696e-07 3.661320832614117e-06 0.000912867496625072 4.539022873215818e-06 4.665143566526892e-05 0.00011548444027667145 9.45429373548118e-05 6.089670550991828e-07 4.1399097310232157e-08 1.0136536014527372e-07 0.0 0.0 0.0 0.0 6.513603337837177e-08 0.0 0.0 0.0 0.0 0.0 0.0 0.0 0.0 7.13866267324188e-05 1.7489612505741422e-06 4.4674659204015553e-07 0.0 0.0 0.0 7.190548987921244e-08 8.450448977920093e-08 0.0 7.042100493573869e-08 4.303857256770719e-08 0.0 0.0 9.849107222664054e-08 0.0 0.0 1.4979897494952932e-05 1.6534648281021048e-06 1.138708918258098e-07 0.0 1.2679783965978956e-07 1.2400015171855016e-07 0.0 0.0 1.7200063571771429e-06 3.336375359695495e-06 1.6644219453167568e-05 7.634827000183382e-05 2.8206364438866553e-06 1.4052833648424025e-05 1.2439071125394297e-07 2.9345897017933763e-07 5.534427212589122e-08 1.515102357746732e-05 2.7868582303826546e-06 3.168591607049365e-06 9.72323337401459e-07 5.63565753122715e-07 9.283724844292479e-08 1.0805249516489867e-07 1.9780612478735835e-06 0.0 0.0 3.039923237355623e-05 2.1634649357256093e-05 1.3573491935822458e-05 5.783672070535202e-06 8.798368719367324e-07 3.009163642438411e-07 4.32438261016429e-07 8.474308540851605e-08 3.496094646333179e-07 8.478126252505123e-06 2.473405879237488e-07 1.5553152143315648e-06 2.3180138398484238e-06 4.2355578243176167e-07 1.6731029183347754e-07 7.477958633772329e-07 0.0 3.4350956106442695e-07 0.0 4.8650768906856385e-08 0.0 4.9658084891547745e-08 6.501600393119149e-05 4.098324656167537e-06 8.44514033985276e-08 3.19600897053622e-07 0.0002536577652275529 1.503838694717786e-07 1.1244308863562256e-06 2.6594567210985664e-06 3.553604765696781e-06 1.0162382876186178e-06 3.893713357850162e-06 3.1601883553808676e-06 3.49349543978065e-07 1.987955394098967e-06 7.04202518380196e-06 1.4803836510264244e-06 1.0511302797666786e-06 8.123510612198057e-06 2.888392011721725e-06 1.8136053142661387e-06 0.0 0.0 0.0 0.0 0.0 0.0 0.0 0.0 0.0 0.0 0.0 0.0 3.480309730883506e-07 5.1633759026721795e-08 3.249115102503336e-07 1.3000148677421428e-07 0.0 0.0 0.0 5.813755234291678e-07 1.0651043902277803e-06 0.0 5.859557592660492e-07 0.0 4.0172937627181647e-07 5.469597859461272e-07 2.216513938349635e-06 1.1057939923928557e-06 5.862235549532889e-07 2.1840180457398087e-07 9.444910056028835e-08 1.515732254859235e-07 0.0 0.0 1.4771695739545872e-07 0.0 5.91355457169263e-08 1.1668847760272398e-07 0.0 0.0 0.0 4.0989886819229104e-07 9.264070395528558e-08 0.0 0.0 0.0 1.1647799252448071e-07 2.651055100504656e-07 2.771877778758782e-07 0.0 9.543087493638117e-07 2.3913503651214856e-06 3.232730193718569e-07 0.0 0.0 0.0 0.0 0.0 0.0 0.0 0.0 6.97578514229858e-07 9.484529877149674e-08 5.6539066117221084e-08 0.0 0.0 3.3535909091417565e-07 1.386175356966082e-06 1.3778332514804127e-06 2.4621934838773373e-07 1.605610453661817e-07 1.9332430996613843e-07 4.779906763190632e-08 0.0 0.0 0.0 0.0 0.0 4.4603422977170263e-08 0.0 0.0 0.0 1.125531291462956e-06 3.393087252819312e-07 1.157466817567333e-06 8.222359258980844e-05 2.270263908338428e-06 6.23038623955228e-05 1.3117621877113215e-05 0.00047643410837254973 1.0711777713133364e-05 1.5337415801327877e-06 1.8366545325834015e-06 2.0337925211162873e-05 2.1069300202472132e-07 7.726855136237935e-07 3.207839836248262e-07 2.0832883051665678e-05 8.502241330279091e-08 1.725438909127637e-07 0.0 9.263522711265156e-07 1.539665853285638e-07 0.0001144174294087364 3.703252619132914e-06
1.529495775114239e-06 0.0006869099682824313 0.0004330995561586179 9.681385501823283e-06 0.0 6.580894721596302e-08 0.0009768799590151494 8.646818790851028e-05 0.0007689148804087673 0.00022794460856328177 0.0005496045696126329 8.562547063698081e-07 0.00014440388340801732 0.0008464963045365029 4.059697369417951e-07 1.465051295060576e-07 4.2638162870946116e-08 0.0 0.0 0.0 0.0 0.0 0.0 0.0 0.0 5.8674926430947425e-08 0.0 0.0 0.0 3.9041089097832574e-08 2.5938707663083722e-05 3.3200786499947006e-06 5.374917547706999e-07 0.0 0.0 6.910278765789747e-08 0.0 7.702730619256937e-08 0.0 0.0 0.0 6.818037675108085e-08 4.380978413465847e-08 0.0 0.0 3.731881131956657e-08 6.2384260664588265e-06 4.474829712447518e-07 4.4326019241196356e-08 0.0 0.0 0.0 5.045860482997011e-08 0.0 3.024266214400541e-07 2.778682449905084e-07 5.778226129118916e-07 6.497554701201037e-06 2.9383091889884624e-07 2.7293937046508454e-06 4.102218209603621e-08 1.6398535584655076e-07 0.0 5.608183577097816e-06 3.3244755269254123e-07 6.287777907539737e-07 1.5884600866708452e-07 0.0 0.0 6.212770107426152e-08 1.9966861031048027e-07 9.189667908856627e-08 0.0 4.15077148357564e-06 4.408774323241485e-06 6.746422363591974e-06 4.560663289087544e-06 1.3754307072861473e-06 7.544674362887453e-07 9.715908033277718e-07 9.73914316861227e-08 2.967021135100122e-07 1.1088559717595282e-06 0.0 2.3198634306438064e-07 4.263125374094106e-07 2.430898769386713e-07 0.0 2.7973742460938813e-07 0.0 0.0 0.0 0.0 0.0 0.0 1.6385851558620895e-06 4.5585526116734356e-07 0.0 3.273085527535631e-07 2.9621574108544937e-07 0.0 0.0 5.413683093513308e-08 0.0 0.0 1.4958001092756252e-06 0.0 0.0 3.5105997416573304e-07 2.746919789035613e-07 0.0 1.04956260046223e-07 7.454483488360969e-07 2.0005924948818684e-07 2.6499084423277745e-07 0.0 0.0 0.0 0.0 0.0 0.0 0.0 0.0 0.0 0.0 0.0 0.0 0.0 0.0 0.0 0.0 0.0 0.0 0.0 9.601964061664783e-08 0.0 0.0 0.0 0.0 2.1111020032122724e-07 0.0 1.6077476073667187e-07 5.899917896157934e-08 0.0 0.0 0.0 0.0 0.0 0.0 0.0 0.0 0.0 0.0 0.0 0.0 0.0 0.0 0.0 0.0 0.0 0.0 0.0 0.0 0.0 0.0 0.0 3.01172799751443e-07 0.0 0.0 0.0 0.0 0.0 0.0 0.0 0.0 0.0 4.10095954247664e-08 0.0 0.0 0.0 0.0 1.7722521833137279e-07 0.0 2.921465859045577e-07 0.0 0.0 0.0 0.0 0.0 0.0 0.0 0.0 0.0 3.5195295564476166e-08 0.0 0.0 0.0 1.764643411510576e-07 0.0 0.0 1.3234659669089868e-05 3.5363027055835993e-07 1.673470985925049e-05 3.6496132595751922e-06 2.165446828014074e-06 1.67089977938006e-06 1.2080124491464172e-07 2.6610703731322217e-06 6.327130162343198e-07 0.0 1.0581877356169187e-07 5.166303872695992e-08 3.198864179342164e-07 0.0 4.186121705740267e-08 0.0 8.159176902849149e-07 0.0 3.3232085992976454e-06 5.0931813972911386e-08
6.835070997843311e-05 4.327724528441068e-05 1.4224424787894115e-06 0.00010919604532915576 6.580894721596302e-08 0.0 4.462441318682092e-06 1.5206855607794033e-07 2.5281963187133516e-07 0.0002583092945923317 4.264340779516242e-07 6.010964714225383e-05 2.839771394120589e-05 2.9438794074568644e-06 0.0 0.0 0.0 0.0 0.0 0.0 6.194282004419077e-07 1.1698730002399669e-06 0.0 0.0 6.484336380369247e-08 0.0 0.0 0.0 0.0 0.0 1.044126517171543e-05 5.3742697052697857e-08 8.995843218975781e-06 0.0 0.0 0.0 4.10896175368125e-06 8.671994143562658e-08 1.8707047277746542e-06 3.4377565877753664e-07 0.0 0.0 0.0 0.0 0.0 0.0 3.252245555145704e-07 7.372708162276232e-08 2.109885323513116e-07 4.9219736782194344e-08 4.580517133533941e-08 7.536994961094749e-06 1.32956437702521e-06 5.733475654573584e-08 1.7373690091626486e-07 6.813780920864235e-07 1.4699866489660795e-05 8.092403617826703e-06 5.081557442310297e-07 0.0 0.0 1.468306473937709e-06 0.0 2.3135465527409453e-07 1.3144802693371064e-07 3.628050236918303e-07 9.508994403096658e-08 0.0 0.0 0.0 2.498467606578617e-05 6.03382425449673e-05 3.3289206830267376e-06 2.1118540050531403e-06 7.370337975161209e-07 1.1772313320088985e-07 4.1001068600083835e-07 5.7418635830609096e-08 0.0 4.4620562321665004e-07 0.0 0.0 3.4371670116549145e-07 2.171054621726117e-06 0.0 2.0245610244270953e-06 0.0 2.5906257271720604e-06 1.7262081391938213e-06 3.832430101043219e-06 1.212859544076928e-07 2.2175073201151075e-07 0.0 0.0 5.356091506434097e-08 0.00010431971851565172 0.0001086247527711352 2.2318912438002428e-05 6.1546273318217275e-06 0.0001224780493783511 0.0 8.081553426152548e-08 2.421784184428457e-07 3.127627442786071e-07 2.533751784239549e-07 9.3797084865833e-08 5.026938998375272e-07 0.0 6.241858028972705e-08 1.0943088380364708e-06 2.2269020548763165e-07 2.0750737955875135e-07 7.213818560592274e-07 4.083216636671144e-07 0.0 0.0 2.780454109103586e-07 0.0 0.0 0.0 0.0 0.0 0.0 0.0 9.781779203440592e-08 0.0 0.0 0.0 0.0 0.0 0.0 4.654632589307005e-08 1.3587886653271094e-07 0.0 2.5953709786974016e-07 0.0 0.0 0.0 0.0 1.8486194140096872e-07 0.0 3.80351040954891e-07 0.0 8.059228092753696e-08 0.0 0.0 0.0 0.0 0.0 0.0 0.0 0.0 0.0 0.0 0.0 0.0 0.0 3.1240895400664036e-07 0.0 0.0 1.1647539299935894e-07 0.0 0.0 0.0 0.0 0.0 3.963287226608376e-07 0.0 0.0 0.0 0.0 0.0 0.0 0.0 0.0 0.0 0.0 0.0 1.1598056574676519e-07 0.0 0.0 0.0 0.0 2.2678058375229945e-07 0.0 0.0 0.0 0.0 0.0 0.0 1.1083517849422191e-07 0.0 7.158532140643115e-08 0.0 0.0 0.0 0.0 4.726006820353607e-07 0.0 1.4010375110827582e-07 1.554226888096712e-05 2.532108349166233e-07 2.403818276958685e-06 7.793572394485481e-07 6.094073011804443e-05 4.122839516056833e-07 8.931665932513461e-07 0.0 3.6980926891938747e-06 0.0 1.3416027141503414e-07 0.0 3.2556053457948337e-06 5.2327042182485456e-08 0.0 4.483972172215597e-08 0.0 0.0 3.3767628075234586e-05 3.43550191387225e-07
0.0002462107150972061 0.0012573709593090246 0.0002782409211469826 0.00032709718077532786 0.0009768799590151494 4.462441318682092e-06 0.0 1.8571508929890634e-05 0.001049754909628965 0.001418120148067891 0.0004893401836476906 3.672150122003737e-05 0.0022430556725030336 0.0025476137065107447 2.924535254704509e-06 9.511511482495221e-07 2.0543594350548805e-07 1.273131254299472e-07 7.732736338827493e-08 2.0452997077223564e-07 6.565206491915557e-07 1.15834788455622e-07 4.22615853401606e-08 0.0 2.434757981057095e-07 2.3827834707980189e-07 3.969346158985366e-08 1.2493108116724874e-07 3.971018329005494e-08 4.587222060646462e-08 0.00011260749118976565 1.3470216013912065e-05 8.24671146091274e-06 0.0 4.083113611374038e-08 2.0728095008928926e-07 2.423342615667429e-06 4.2174332725444866e-07 1.335387459839864e-07 3.435633259976136e-07 3.918372975608985e-07 1.0769302161742057e-07 1.5578259573876392e-07 5.714877549602716e-07 0.0 1.3148754544980839e-07 3.783684218188138e-05 3.109136001173204e-06 1.8563990345043603e-07 1.606858289434124e-07 5.609304144452704e-07 0.0 0.0 9.440221035162711e-08 1.7222429299751835e-06 2.822405729744207e-06 2.73269488811411e-06 4.130107660232501e-05 1.8837031083927096e-06 1.808018386203167e-05 5.237425096040177e-07 1.0378199879909345e-06 2.2632599816801254e-07 3.19809603973854e-05 2.5963616398814357e-06 4.068599213827637e-06 1.221854697421439e-06 9.492026990428905e-07 7.807908520676716e-07 7.39767879919883e-07 4.595299208896955e-06 1.7000651546696101e-07 0.0 3.126349738916111e-05 2.859459165228596e-05 3.995463235227766e-05 2.6312258155178473e-05 7.371094749169517e-06 3.283401539097108e-06 3.1330094537242405e-06 8.555956184378892e-07 2.1151614356594986e-06 6.877770942761318e-06 1.8413752765759467e-07 2.169691224956515e-06 2.5676172920908378e-06 7.055017043307363e-07 7.58332449105263e-08 9.003151662799361e-07 3.973063543623368e-08 2.5629245089218147e-07 0.0 1.0040206023742382e-06 4.717881329218648e-08 4.158671548734289e-08 1.2124263870535867e-05 2.907902632838345e-06 0.0 4.6209631958748615e-07 6.893152352021067e-06 1.0772963159621906e-07 3.843575431203781e-07 1.5916830996102889e-06 8.746799970768495e-07 7.671743929379088e-07 2.1659731681373843e-06 1.152307884750062e-06 9.106243604593536e-07 2.845802430662185e-06 7.756032693615801e-06 9.207933841665181e-07 1.9273930308451287e-06 6.5162144365800005e-06 3.6950551536461475e-06 2.5736454984631715e-06 0.0 0.0 0.0 0.0 0.0 0.0 0.0 0.0 0.0 0.0 0.0 0.0 0.0 0.0 1.145418432767895e-07 0.0 5.66349873199379e-08 0.0 1.5376465064912796e-07 1.0324358203389084e-06 7.763513792418578e-07 0.0 0.0 0.0 1.2368106924835959e-06 0.0 1.9490237908827345e-06 2.013469064173843e-07 5.050848958962944e-08 0.0 6.616730577104822e-08 0.0 0.0 0.0 0.0 0.0 0.0 0.0 0.0 0.0 0.0 3.983918790991603e-08 0.0 7.341509719414504e-08 0.0 0.0 6.683774113983464e-08 1.5060753694579874e-07 0.0 0.0 0.0 1.2669243528748632e-06 5.351946920424977e-08 0.0 0.0 0.0 0.0 0.0 0.0 0.0 0.0 1.3442452907212627e-06 0.0 0.0 0.0 0.0 7.53297987667353e-07 6.23359880246445e-08 1.3117312810778971e-06 1.0130908170066409e-07 4.90857701276155e-07 0.0 4.667012190560989e-08 0.0 0.0 0.0 0.0 0.0 3.3818824712643583e-08 0.0 0.0 0.0 1.8005548029751752e-06 4.209858300939303e-07 9.457110557647589e-07 8.956643110937146e-05 4.0236884479758965e-06 0.00010681541421418754 1.9691606347340682e-05 3.642936967697304e-05 9.560044606961852e-06 5.641122172658714e-07 1.4350399619811763e-05 6.469939531692293e-06 3.9497833944530684e-07 8.992919345752587e-07 4.827901865599368e-07 4.946900323913594e-06 2.395336246299089e-07 4.333143009824705e-08 5.805698490401977e-08 3.0439111347580417e-06 3.1857806037482117e-07 3.5879133180053824e-05 1.2544838316222197e-06
3.879111952668802e-06 0.00033719775423298256 0.001602842494208439 2.2508169851443696e-07 8.646818790851028e-05 1.5206855607794033e-07 1.8571508929890634e-05 0.0 0.0001268235640315698 1.8985023530457305e-05 0.0019398535998680674 1.0746097389243215e-05 8.003426615767103e-05 0.000951631920267994 5.916354030878927e-06 7.150932288779108e-06 3.142138654639921e-07 3.3501675002123793e-07 3.763413594682378e-07 4.934782092804966e-06 4.1294135357353345e-05 1.4651762060655086e-07 1.1836683423778652e-07 1.545083308239132e-06 2.342047433978317e-06 7.931106014857145e-06 2.883457170075584e-07 1.3079144200042909e-06 2.626851801346867e-07 2.697720335557892e-07 0.0005941341797588943 0.001114859695256326 6.0579717196140215e-05 3.1154829583851335e-06 2.8594237320446257e-06 5.122914918547348e-06 4.707670117385028e-06 3.174669277669941e-06 1.3235882280548555e-06 1.5731003719773667e-06 2.3873288328585423e-05 3.494256651458683e-06 4.465531860968176e-06 2.0352813796970652e-05 2.4311301303082447e-06 9.958436202534373e-06 2.6022924883037116e-05 7.933887592751152e-07 1.2407690333490939e-06 4.936124161362942e-06 3.47937664472095e-06 2.69359358942706e-07 0.0 1.0396692920739874e-06 3.35720010766072e-07 6.090324478101814e-07 1.4366767806896328e-06 4.642794059774391e-05 8.882594257163974e-07 6.6025248476810915e-06 4.9503467051905225e-05 5.7566556121202986e-05 1.5803615525476872e-05 0.00014811894029551512 5.544156094642026e-07 9.448521516389507e-07 1.0489197946049406e-06 2.069538960606278e-06 3.592815321532706e-05 4.988316764134072e-05 9.872633355084698e-06 1.9019257667536465e-06 0.0 1.400139216505692e-05 2.2574831605369922e-05 2.4419543171741046e-05 6.563178415367904e-05 0.0002859805117358896 0.0010799992890842543 0.0006314078141065826 7.820900143803732e-05 0.0005616876467250101 1.8943290814680341e-06 9.258269249392811e-08 4.773081098330417e-07 6.068868010489376e-07 4.104041664977314e-06 0.0 1.7689371516449427e-07 0.0 6.543928168230587e-07 5.652831472343e-07 3.702618024398175e-05 2.901353294950022e-06 1.6142156304526717e-06 3.63397897641211e-06 1.2488970921522475e-06 0.0 1.8770443260367905e-06 1.9806813461978633e-06 0.0 0.0 6.212206239844587e-08 0.0 7.049943987204196e-08 0.0 9.163642074990294e-08 0.0 0.0 9.352407101419461e-07 9.689234197689543e-08 1.6497705875204867e-07 8.946142738887762e-07 5.962829972080772e-07 9.379207440858844e-07 0.0 1.1628962889531301e-07 1.6316858569042468e-07 0.0 0.0 0.0 0.0 0.0 0.0 0.0 7.598583321234398e-08 0.0 2.1455580078491607e-07 0.0 0.0 0.0 1.77140185825796e-07 0.0 0.0 1.4073998488183245e-07 0.0 0.0 0.0 9.576698971179679e-08 1.2377636000252049e-06 3.684270096641893e-07 1.8474850557917465e-06 1.2273073797631645e-06 3.9642952434454286e-07 1.7351864593388915e-07 0.0 0.0 0.0 0.0 0.0 8.16390994998633e-08 0.0 4.01899810823306e-07 0.0 0.0 1.935946382789561e-07 1.4296245143325585e-07 1.0566884531315443e-07 0.0 0.0 0.0 0.0 0.0 0.0 0.0 1.4788551875972815e-07 2.27566446637863e-06 0.0 0.0 0.0 0.0 0.0 0.0 0.0 0.0 0.0 8.035796240904107e-07 7.788293861212761e-08 9.082245718891448e-08 0.0 6.896728741092445e-08 2.4827896870732456e-07 2.8473339650989474e-07 3.2884350862412563e-07 0.0 2.225905570246299e-07 3.274708956459726e-07 0.0 0.0 0.0 0.0 0.0 0.0 0.0 8.315276857279865e-08 0.0 6.040937674045156e-08 7.77769327810707e-07 9.8402694743885e-07 1.43317478391071e-06 3.14699631428264e-05 4.191448941880711e-06 4.79683046560803e-05 1.5206749836429948e-05 8.18732422318442e-06 2.779761418486637e-06 4.902714255331864e-07 6.476345134318398e-06 1.8226824482227625e-06 7.680939845068176e-08 3.468397566297557e-07 0.0 1.0730957445921768e-06 9.805648323449757e-08 1.3228703959522922e-07 0.0 1.8945158649936965e-06 8.851315120709923e-07 1.2335685140991951e-05 2.6399073428463694e-07
2.668430418803745e-06 0.0007616472286519684 0.0005016142012545261 3.661320832614117e-06 0.0007689148804087673 2.5281963187133516e-07 0.001049754909628965 0.0001268235640315698 0.0 5.486468993491603e-05 0.00037436945997096826 1.3626607153384729e-06 0.0002679259091475144 0.0006971030214518826 1.908995200807879e-07 8.332165169201577e-08 0.0 4.472334518756786e-08 0.0 1.343222670669555e-07 1.721803364931275e-07 0.0 0.0 0.0 0.0 5.646655338337052e-08 1.280303936649289e-07 0.0 0.0 0.0 1.3633391088858216e-05 1.8805224364929642e-06 8.526122428492249e-07 0.0 0.0 4.91565931701369e-08 2.671774717429998e-07 1.0327040110520239e-07 3.611775744237361e-08 0.0 1.4205791863303662e-07 0.0 4.80130601576485e-08 0.0 0.0 3.523712052198095e-08 3.7437286811405897e-06 1.9418724717871658e-07 0.0 3.45462776067115e-08 0.0 0.0 7.177467260028976e-08 0.0 1.2637169593859985e-07 1.4446649652899406e-07 7.543881157299127e-08 2.456119177348095e-06 1.4202255426002567e-07 1.6874914173115527e-06 2.174749559974404e-07 6.708199392198219e-07 0.0 2.279090841187772e-06 1.795401878374056e-07 9.811336696069192e-08 1.1778823919955882e-07 7.555254079706935e-08 4.092207170761456e-08 3.1705037744035304e-07 3.2960387609363263e-07 0.0 0.0 2.011945363355064e-06 1.773269941998602e-06 2.907959089681737e-06 2.666799681900938e-06 6.118583227591137e-07 5.808088639066522e-06 4.199457205901168e-06 4.377229809040843e-08 2.116524402360606e-07 2.4404521197800463e-07 0.0 1.864912893418235e-07 1.4541647960484137e-07 0.0 1.2047283186953786e-07 1.059010408861342e-07 0.0 0.0 3.363117467860734e-08 1.4741533602471052e-07 0.0 0.0 7.068943712434992e-07 2.2001190456044122e-07 0.0 4.4688748566461763e-08 9.635515138475574e-08 0.0 0.0 0.0 0.0 0.0 7.984909326082013e-07 0.0 0.0 5.067999134812363e-08 3.311202338910812e-07 7.779342065143871e-08 1.7961290764127196e-07 3.1535868231057863e-07 2.0267464573026108e-07 0.0 0.0 0.0 0.0 0.0 0.0 0.0 0.0 0.0 0.0 0.0 0.0 0.0 0.0 0.0 0.0 0.0 0.0 0.0 0.0 0.0 4.272762667486164e-08 0.0 0.0 0.0 5.588246302549197e-08 0.0 2.213697040682312e-07 0.0 0.0 0.0 0.0 0.0 0.0 0.0 0.0 0.0 0.0 1.4394387410889106e-07 0.0 0.0 0.0 0.0 0.0 0.0 0.0 0.0 0.0 0.0 0.0 0.0 0.0 7.882287719936099e-08 0.0 0.0 0.0 3.38822709654934e-08 0.0 0.0 0.0 0.0 0.0 1.9235435896938014e-07 0.0 0.0 0.0 0.0 1.0096782394319379e-07 0.0 9.876197077842494e-08 0.0 0.0 0.0 0.0 0.0 0.0 0.0 0.0 0.0 0.0 0.0 0.0 0.0 2.211821559763566e-07 7.343047453208973e-08 0.0 7.457781422417831e-06 5.744469383997017e-07 6.454495829400392e-06 1.192295404876547e-06 1.2989863637162934e-06 5.304061788123106e-07 0.0 9.10093072955511e-07 2.721590251990197e-07 4.477168170064731e-08 0.0 1.175608986220271e-07 4.9177064430470937e-08 0.0 5.079738730432814e-08 0.0 2.601502417436857e-07 0.0 1.8957704958482151e-06 3.708332588188918e-07
0.0012296113484962072 0.0011845825224012802 0.0001209772645777123 0.000912867496625072 0.00022794460856328177 0.0002583092945923317 0.001418120148067891 1.8985023530457305e-05 5.486468993491603e-05 0.0 8.026437854257767e-05 0.0006780602520544416 0.004069374115356785 0.0005112138441982981 7.766050075171836e-06 6.248739105769153e-06 4.265250645165792e-07 0.0 1.1108042903527651e-07 4.916580906011827e-07 2.728758859839241e-06 4.978042121976067e-07 0.0 4.3679801825753423e-07 6.666149588513172e-07 1.1466990270167064e-06 1.8887816311442959e-07 1.2118630594469106e-07 2.1001400988574232e-07 2.0686218124635557e-07 9.48433214089445e-05 1.8191417328551415e-05 6.902129517034018e-05 2.795161782617069e-07 2.182929016741179e-07 6.261274251647644e-07 1.9955911496737352e-05 2.2275992787337658e-06 2.2478789005467058e-06 1.603790308222685e-06 2.7409384888004035e-06 9.165480474447747e-07 8.568737565177437e-08 2.743177842708041e-06 3.3518312918610974e-07 4.773984337739463e-07 8.577659646061916e-05 4.652005829699601e-06 3.6344803661913594e-07 1.0583982238808545e-06 8.79248442665599e-07 1.0014043969662561e-06 3.8497483158033275e-07 1.981913632604828e-07 2.0857769802932017e-06 4.734948062223075e-06 1.575464716532251e-05 6.174478699073594e-05 4.897323611166881e-06 2.982338042368513e-05 2.0701552360160012e-06 1.662328165771647e-05 1.2114875300089746e-06 4.6030287315091374e-05 3.5693282227657563e-06 6.160154763253474e-06 1.7046232786144935e-06 1.843199725885715e-06 3.961589708032618e-06 4.271693064840711e-06 8.36899418698135e-05 1.0035919636186428e-05 2.6964384765891376e-07 4.711182244666264e-05 4.3118582459436676e-05 7.270811547121183e-05 5.5764785409466275e-05 2.477938540578948e-05 9.444820276841353e-06 7.682916564110507e-06 4.9576256937822075e-06 1.0632808775116222e-05 9.6389616213761e-06 4.887669885972641e-07 3.09989196559813e-06 3.3801954017601684e-06 1.1106964865168324e-06 6.022683687583673e-07 1.4563616560031107e-06 3.9352159869826153e-07 8.569999258712341e-07 1.2826426809788314e-07 4.953586210141735e-06 4.955109500006176e-07 5.525105143475005e-07 0.0003514552340216434 0.00010258807304915428 1.995418222954963e-06 9.09946017883086e-06 0.00017756429446924154 3.677115814852252e-06 2.2628914556686937e-05 3.495719701469826e-05 3.018580586892379e-05 1.6877228148685482e-05 1.1457762653651399e-05 4.701461403301361e-05 5.5846458137136675e-06 6.655391069920712e-05 0.0001740430246262957 2.1191796452451107e-05 3.381523027025252e-05 0.00016971133966016627 6.953335894060859e-05 4.442947870996877e-05 3.020866730022224e-07 4.748743426660822e-07 7.834903728929457e-08 0.0 4.854530655494869e-08 0.0 0.0 3.5321875872305785e-07 0.0 3.1792770124049247e-07 0.0 1.0579709810957346e-07 1.4751647602896473e-06 9.834723119942998e-07 1.1698194200769486e-06 1.5160285752375779e-06 1.0243099150639192e-06 1.2001140978903608e-07 3.7426275560673426e-07 1.0856883919026488e-05 1.2662669495371654e-05 0.0 2.889433338160093e-07 5.566712104038512e-07 1.874104167871845e-05 3.729012849068483e-06 3.051860969354279e-05 6.561124915719408e-06 2.431351274713764e-06 1.939625029406141e-07 7.097187871452432e-07 2.6341282417030775e-07 9.513816394769866e-07 5.980464309484122e-08 0.0 1.4381903318919438e-07 7.31023383236686e-07 2.3998459732027353e-06 0.0 0.0 9.284017928007191e-08 4.1593801741853794e-07 9.043287661684271e-07 1.6759747564558362e-07 0.0 1.1255363981281155e-07 1.2862496558843938e-06 2.2264813714321592e-06 2.7320990361793325e-06 1.167179771157482e-07 1.760837232064094e-06 3.335814603898416e-05 2.233439800029445e-06 1.8353800580499807e-07 1.709471421637854e-07 4.0950899039510426e-08 1.7529407062098698e-07 0.0 5.3177937477220074e-08 0.0 2.242112589959007e-07 2.6257059915199127e-05 1.7965353222982345e-06 2.919129790697777e-07 1.533651010893557e-07 8.978592426212822e-07 1.8297850746448245e-05 6.176481055295298e-06 1.5976881128665725e-05 1.4869609306241138e-06 4.215637242797968e-06 2.229946662661507e-06 4.3425751446164657e-07 3.5433980711751986e-07 5.043865920890703e-08 1.4651519629451937e-07 5.697825206371544e-08 1.0759607780739487e-07 0.0 2.8454505836626743e-07 7.21549614628974e-08 4.333828284149394e-07 4.086937882687088e-05 1.110813648961773e-05 1.987976597431449e-05 0.0005584600192398211 1.2134311216716038e-05 0.00026459575923634557 7.025190004772034e-05 0.0006750089405622583 4.747442165868723e-05 2.0806320772659262e-06 9.470033040096323e-05 0.00018657841058176408 8.960278134591347e-07 1.4195153364085226e-05 2.7270901972666117e-06 0.00020397834355167613 2.6605694516497774e-06 1.1577453044387745e-06 1.0052165687004269e-06 1.2605408675564339e-05 6.223128628869031e-06 0.0008612088646315758 3.1299367564135487e-05
1.7143871816227525e-05 0.0013936170567289744 0.001571708182032864 4.539022873215818e-06 0.0005496045696126329 4.264340779516242e-07 0.0004893401836476906 0.0019398535998680674 0.00037436945997096826 8.026437854257767e-05 0.0 5.867792413259548e-05 0.0007499109549315403 0.0017455203346840927 5.656975185472362e-06 7.552375663130753e-06 4.519821726202083e-07 4.239864816932996e-07 3.7036057212952897e-07 1.1736720246209794e-06 1.550344061206017e-05 4.6499115203738177e-07 6.925551230735633e-07 2.1617930425421635e-06 4.777671713153634e-06 1.077047792440609e-05 7.701791445235915e-07 1.7780964509838474e-06 5.551048404190412e-07 5.339942753038149e-07 0.0002827296075834921 6.241763519668927e-05 0.00024386236347712404 9.79251323520725e-07 2.0090322514013098e-06 6.144314649308968e-06 6.745416267408963e-05 1.1654602104563926e-05 6.722807930145203e-06 3.974506939504316e-06 1.8742999401476098e-05 3.2274922366118727e-06 6.644645877080201e-07 5.2582637240678484e-06 2.6341922104095054e-07 1.0501462002234558e-06 2.3263521906768522e-05 1.5216399369252789e-06 3.4399858079949983e-07 1.042702915591262e-06 2.4924344349858733e-06 8.608242956221838e-07 5.708623812126217e-07 1.1552527453157821e-06 4.0790886481202165e-07 1.0419286999162346e-06 1.2365415970337957e-06 2.4463476325005442e-05 8.630104994352967e-07 6.865062501579425e-06 5.73190283674705e-06 4.758774292616287e-05 3.1525824220297792e-06 2.5620844191776446e-05 7.372800897786395e-07 1.0620992372448362e-06 5.994764628491081e-07 1.4702850725386445e-06 6.996496922420246e-06 1.4188585233796544e-05 5.497504436691874e-05 3.1901242318279304e-07 0.0 1.0474844330406064e-05 1.3224345725042857e-05 2.3100668803397137e-05 2.9614934118589376e-05 2.4232843694205314e-05 0.00024346852622726504 0.0007975729876728014 5.1571767998229354e-06 0.0002964275024190282 2.6008508541107442e-06 0.0 6.704623739021822e-07 8.980315981453806e-07 1.1054327667144745e-06 7.748632626088757e-08 7.03860120144792e-07 0.0 7.496980786278685e-07 0.0 1.2995813736725299e-05 1.3879906410383805e-06 8.12423546238131e-07 9.649891117680624e-06 2.150537856959666e-06 5.540952785211013e-08 4.599728767847548e-06 2.7837364141527923e-06 0.0 0.0 5.683730428247988e-07 2.0470114121870453e-07 3.6195611945494023e-07 0.0 8.095522687989587e-08 0.0 1.039138049169841e-06 1.0085599721470731e-06 7.77196285434596e-07 2.3911050731664285e-07 1.4665005303159705e-06 5.814816611478964e-07 1.0605261422630505e-06 0.0 8.070922770109175e-08 0.0 0.0 0.0 0.0 0.0 1.2918555445522918e-07 0.0 0.0 0.0 6.469857407724015e-08 8.73896122382007e-08 0.0 0.0 0.0 4.4337471805917925e-08 8.450643305165715e-08 6.268807713678889e-08 2.444715309122847e-07 2.939868330636874e-07 0.0 4.974209478981561e-08 0.0 4.318068408243173e-07 1.6090196862593412e-07 7.262923430858151e-07 3.446040248545491e-07 5.291238451753662e-08 0.0 0.0 0.0 0.0 0.0 0.0 0.0 0.0 0.0 0.0 0.0 4.8051492352586255e-08 9.108392609074727e-08 8.827081302617491e-08 0.0 0.0 0.0 0.0 2.1263813492540693e-07 0.0 0.0 0.0 1.5817634391732626e-06 1.007195310657528e-07 0.0 0.0 0.0 0.0 0.0 0.0 0.0 0.0 4.83059418994517e-07 1.817978531058273e-07 0.0 4.693090588354418e-08 0.0 4.2479011723903707e-07 1.9610461995451096e-07 5.653080880212835e-08 7.009573616918291e-08 0.0 0.0 6.119096729373468e-08 0.0 4.344040945473123e-08 0.0 0.0 0.0 0.0 1.6335098570313652e-07 0.0 0.0 6.905828671864969e-07 5.045424425400601e-07 1.0152416182184327e-06 4.280208701371029e-05 3.254207368332588e-06 4.8242962079776776e-05 1.544381834030681e-05 5.407777456661885e-06 4.6614286304121856e-06 2.930343715190352e-07 9.76023811746261e-06 1.149819119786898e-06 1.777723227987318e-07 7.53803878830177e-07 0.0 5.002539906553285e-07 0.0 4.586632070385979e-08 0.0 7.060216762546365e-07 4.333315610647129e-07 9.026861045812624e-06 6.16361209980852e-07
