0.0 0.0009629435266127888 0.0006470523386108097 0.0004979222344725363 2.112489832006098e-05 4.877737912233518e-05 0.0001092000731231442 2.8518198964039014e-05 7.51954760399162e-06 0.00031912819283034236 2.7625054385125744e-05 0.00043172859365616804 0.0001803783020193286 1.727705253509114e-05 4.1851575294703277e-07 2.2340376699605305e-07 4.662999590049471e-08 0.0 5.150666974714797e-08 0.0 0.0 5.4985935977890574e-08 0.0 1.1983157608906076e-07 2.0441781925059287e-07 0.0 0.0 0.0 5.2366690060146945e-08 0.0 0.00028477450463655933 0.0003782855044314872 6.42565768807931e-06 3.8962761391881013e-08 6.386831467153766e-08 3.314971448730798e-07 2.7430805561624218e-06 7.676515364855932e-07 4.279544107950842e-07 9.881353258304114e-08 1.2467120785499818e-07 6.017697569796551e-08 7.443238041003263e-08 0.0 0.0 5.5500848222766277e-08 1.4220868928197417e-05 2.3141826261933616e-06 1.597384850822093e-07 4.663846210419046e-08 2.1933595323563984e-07 0.0 1.4048787967174842e-07 0.0 4.787991038206919e-06 4.5653321331985375e-06 8.434072782118736e-05 0.00039676892760793776 2.5325831603315167e-05 1.4428290380091225e-05 6.059039147069735e-07 1.0569666196643778e-06 0.0 0.00010613242170180803 3.916046305644084e-06 7.180729753470182e-07 3.382760603242066e-07 0.0 4.3518565728138e-07 5.547717485927399e-08 8.717940396016361e-06 3.7437593336649137e-07 0.0 0.00012743108118669192 1.4215819592976637e-05 9.952259174080874e-06 9.580292361623573e-07 4.118076624226276e-08 9.19102964928093e-06 3.1702366847467915e-06 3.1998309613704013e-07 4.534061036914132e-06 8.221148446147147e-06 0.0 1.8165335366281749e-06 1.7324537746372987e-06 1.9381127416916527e-07 5.70557373759331e-08 2.518984988300431e-07 0.0 0.0 0.0 7.835446149124607e-08 1.618579127198957e-07 0.0 6.699107234340347e-06 1.5029888810616842e-06 0.0 3.624424113650895e-07 0.0004231449225668361 0.0 0.0 1.315443678834574e-07 0.0 1.0278043419159324e-06 5.165451175621277e-07 0.0 0.0 0.0 1.588471160055579e-06 0.0 4.6193690151583576e-07 8.840008954679348e-07 9.470868064518721e-07 3.0747218997275867e-07 0.0 0.0 0.0 0.0 0.0 0.0 0.0 0.0 0.0 0.0 0.0 0.0 0.0 0.0 0.0 0.0 0.0 0.0 0.0 0.0 0.0 0.0 0.0 0.0 1.9124976940000218e-07 8.151614554988309e-08 0.0 5.567891563290913e-08 0.0 0.0 0.0 0.0 0.0 0.0 0.0 0.0 0.0 0.0 0.0 0.0 0.0 0.0 0.0 0.0 0.0 0.0 0.0 0.0 0.0 0.0 0.0 1.710180328566846e-07 0.0 0.0 0.0 0.0 0.0 0.0 0.0 0.0 0.0 1.5267900690069709e-06 0.0 0.0 7.600070073282465e-08 0.0 0.0 1.8682271381232217e-07 0.0 0.0 0.0 0.0 0.0 0.0 0.0 7.023666413108452e-08 0.0 0.0 1.1843989848099947e-07 0.0 0.0 0.0 1.3281598387200822e-06 5.691092352769222e-07 5.019387108365337e-07 4.3209100432219676e-05 1.3509288758236566e-06 4.1680120614170785e-05 7.712470067290634e-06 0.0002721627185809854 5.565678597568691e-06 1.9230194404298635e-07 3.6431134241984454e-07 6.1347856743344785e-06 0.0 0.0 6.067341764505966e-08 8.180533139562326e-08 0.0 0.0 0.0 0.0 0.0 0.00014020882697017554 6.207889493094849e-06
0.0009629435266127888 0.0 0.0008742253523940596 0.0017687243781152268 0.0006338338332697799 4.9193965615207485e-05 0.001218656490871911 0.0003658404685911934 0.0002992895879881007 0.0006290992291050332 0.00045985336788465615 0.0003999794930910704 0.0005815617819201683 0.00034767718409152215 6.727771700092134e-06 1.4765149723297593e-06 2.2088245425061295e-07 0.0 0.0 5.164303846937862e-08 2.7709225823338933e-07 2.7632725534619283e-07 0.0 4.0806911723997465e-07 1.8650518745705056e-06 2.198016725044079e-07 1.7009446332175364e-07 2.333129763674485e-07 2.837293637967937e-07 0.0 0.0004582383271114664 0.0002596468102759824 3.8496035199138226e-05 5.166433083505879e-08 7.25546681572811e-07 1.5774952714709213e-06 1.386820877218104e-05 1.981442729270454e-06 3.553602446163932e-06 6.554232670655295e-07 2.473451957124713e-07 2.4227345178933183e-07 0.0 4.770592509509324e-07 9.653679124892792e-08 3.919355502275367e-07 6.18087206267286e-05 5.558956615288196e-06 9.80134978018062e-08 1.1978907722975266e-07 6.885821862561823e-07 6.418450298410435e-07 1.3518444826773798e-06 2.1117785456005245e-07 1.0760450508294446e-05 1.1826722598253851e-05 6.441678665902092e-05 0.0002752101562832961 4.227969336982338e-05 4.5319879950171e-05 2.414307175204486e-06 6.227306592704774e-06 2.7945455155118326e-07 0.00012179342495890828 1.256538589231796e-05 2.097864681363138e-06 1.4552690439134728e-06 5.475277969459879e-07 1.099871087804684e-06 4.2723521284120695e-07 6.749414423745442e-05 3.612310923896558e-07 1.367589638687715e-07 0.00019696240623489364 6.152841793253057e-05 5.788637833834535e-05 2.7012385458433555e-05 2.945762569458881e-06 1.7468297897693553e-05 2.2145147646627474e-05 6.081119759640332e-06 2.4313233234600113e-05 1.9213969613843792e-05 1.4529486444473464e-07 6.296026588552489e-06 5.32787804923638e-06 5.479224531882534e-07 4.165609186138379e-07 5.125306498625304e-07 5.5132554700538445e-08 5.4075368252323635e-08 1.7244298588498844e-07 8.434128922924522e-07 7.314595227312562e-07 3.033387309316838e-07 3.27850077314105e-05 6.952051955318841e-06 1.3608514148795247e-07 1.0817964529200078e-05 0.0003235613839254123 0.0 6.030492583645666e-07 5.867594159268789e-07 0.0 8.267916774117247e-07 1.6515061606223643e-06 4.895338995927934e-07 2.6927021983423934e-07 3.3934802691392184e-06 1.1392409244892213e-05 2.6992910047796883e-07 3.859496787919375e-06 6.251479723734506e-06 2.0476570566993358e-06 1.2995146317276435e-06 0.0 0.0 5.4760966814124776e-08 0.0 0.0 0.0 0.0 0.0 0.0 0.0 0.0 0.0 1.319604921387823e-07 6.525322009729732e-08 0.0 0.0 0.0 0.0 0.0 2.1423278404465597e-07 1.7679978564345663e-06 0.0 2.7972547787599733e-07 0.0 1.582054324112718e-06 5.581802523491625e-07 2.164726519195378e-06 4.883590762395614e-07 1.0881442325100957e-06 6.020276853983804e-08 0.0 0.0 0.0 0.0 0.0 0.0 0.0 0.0 0.0 0.0 2.2479415652333076e-07 9.203145157580674e-08 0.0 0.0 0.0 5.105890554384807e-08 0.0 1.8489064728279587e-07 0.0 0.0 0.0 2.3162819285446234e-06 2.970017638039552e-07 0.0 0.0 0.0 0.0 0.0 0.0 0.0 0.0 7.895506163184149e-06 5.1947091889981436e-08 1.3262554776372282e-07 0.0 0.0 8.350142933214692e-07 1.0840402627124145e-06 1.3078144817418265e-06 3.925364828491053e-07 0.0 0.0 0.0 0.0 0.0 5.151522182289596e-08 0.0 0.0 0.0 0.0 0.0 0.0 2.0800598873024695e-05 4.498923582703866e-06 2.207775611484755e-06 0.00017068789140512638 7.601405887217272e-06 0.00021186070873693605 4.4305246495786656e-05 0.0003229693530037491 1.980255463056852e-05 9.962908756673573e-07 5.818207049870682e-06 6.387293650055291e-06 8.82881170746039e-08 2.879590854084285e-07 5.497538932856557e-08 2.4078698900033666e-06 1.8880789610943337e-07 3.213951956804339e-07 0.0 2.8193930622202017e-07 2.0607286253959604e-07 0.00016159645679436285 2.1839231508983864e-05
0.0006470523386108097 0.0008742253523940596 0.0 0.00045283292238390273 0.00017297830400712287 2.1938836789695098e-05 0.0001520444417170206 0.0010874187644014507 0.0002547392155544033 9.288969289701584e-05 0.0009442017088143379 0.00010688382721792552 0.00022212203451860984 0.0003432887430072229 4.372891958571097e-06 2.040837687705054e-06 6.635812798690642e-08 1.5964790958347263e-07 0.0 1.1923948048232255e-07 5.274386509454132e-07 2.2153837621181533e-07 6.244512202030466e-08 8.521055249768519e-07 4.755617122285084e-06 2.4390706219475125e-07 6.423608008064419e-07 7.778174798735326e-07 5.436599440657632e-07 9.60253751675609e-07 0.000713595036629982 0.0003582197130139272 7.144275336582544e-05 1.3575638423923054e-07 3.9412427661138005e-06 4.613556554525705e-06 2.3098927371573436e-05 5.717645123271304e-06 5.846680711825674e-06 2.0324875361846342e-06 6.339048549176631e-07 6.569506576456041e-07 2.3510286610139268e-07 1.1878836531734785e-06 0.0 1.783984211426541e-06 3.1203677117437674e-05 2.773538729051206e-06 1.5867808233531058e-07 4.0580239170977257e-07 3.605258002436562e-06 9.736064303417883e-07 1.9243469481952512e-06 3.197580645208727e-07 4.134988769716714e-06 4.455163099010815e-06 2.3474561260246272e-05 0.00013570293853170452 1.6565094871588644e-05 1.7008693417731157e-05 5.716586028121563e-06 1.628142502883388e-05 1.0308609029695285e-06 7.36551999212361e-05 4.888076538853925e-06 1.2775447082323797e-06 1.1559038470353942e-06 3.7387597456853054e-07 2.555857588811339e-06 2.5591464884120927e-07 6.348580853229947e-05 4.875928164977822e-07 1.1052462645276849e-07 7.341475267915552e-05 2.726802214334494e-05 3.0104994975035537e-05 1.7684464063671448e-05 6.763846447752591e-06 0.00016061325322539732 0.00010174097221506336 1.23466684286353e-05 7.329243071596965e-05 7.461087854658303e-06 1.4759173887182281e-07 2.615081486214604e-06 1.902791396384792e-06 9.629987806335068e-08 3.8413117805149735e-07 3.779890468037488e-07 5.587280692031461e-08 1.7001272483784738e-07 4.440835710099322e-07 3.016916390043904e-06 3.047377412323513e-06 5.73589738410571e-07 1.658380449477983e-05 2.0125762429140714e-06 3.800692816561384e-07 7.766415881939055e-06 0.0002710474242246549 3.085833743287314e-07 0.0 0.0 0.0 3.680278497112729e-07 6.461145531488912e-08 0.0 1.128721302612018e-07 2.3368319420430144e-07 3.4071188861262537e-06 5.984532378042809e-07 1.4672075933332058e-06 1.3097361772694075e-06 9.235155760559313e-07 1.9744237780136683e-07 0.0 0.0 0.0 0.0 0.0 0.0 0.0 0.0 0.0 7.289344394220678e-08 1.8665609861132788e-07 0.0 0.0 0.0 0.0 0.0 0.0 0.0 0.0 2.3267147310447212e-07 6.830156866007927e-08 5.021535705177859e-08 0.0 0.0 9.873023747302434e-07 0.0 9.184703470805579e-07 6.149316045261093e-07 4.3794723612570975e-07 0.0 0.0 4.780609172140996e-08 1.2107846170722174e-07 0.0 0.0 0.0 0.0 0.0 0.0 0.0 1.2487428354871817e-07 9.978621702857772e-08 0.0 0.0 0.0 0.0 0.0 0.0 0.0 4.8126577930191246e-08 1.1704039090308401e-07 7.947488177676468e-07 0.0 0.0 4.798705536167836e-08 0.0 0.0 0.0 0.0 0.0 0.0 3.125201024497642e-06 6.056041002431309e-08 0.0 1.8472901266083144e-07 1.2265066188546494e-07 1.02509519966932e-06 5.217430621758578e-07 9.321048734352865e-07 8.424097505912968e-08 0.0 0.0 0.0 0.0 0.0 0.0 0.0 0.0 4.683948467520687e-08 0.0 0.0 0.0 8.680948183543234e-06 2.0535507561966813e-06 1.7733925807592774e-06 6.61673535154123e-05 2.792923349509011e-06 8.92010412073498e-05 1.5463211567403497e-05 0.0001466711259272636 6.297323252638023e-06 5.230468458351772e-07 2.1860651191691304e-06 3.855675013201727e-06 8.740514160073141e-08 1.7653420368291196e-07 0.0 1.731472881604223e-06 5.499468321739364e-08 0.0 1.4431397921820927e-07 5.269576737742725e-08 0.0 5.61906294053584e-05 4.309623955900387e-06
0.0004979222344725363 0.0017687243781152268 0.00045283292238390273 0.0 0.0002115276637795476 0.000396725189985727 0.00038113355291947407 4.0725649790948405e-05 7.189180882717485e-06 0.0003412940835698744 5.799164603389105e-05 0.0004902834827127019 0.00033173254083220525 1.0924191708314919e-05 1.6718852184778478e-07 1.6821693335194936e-07 0.0 0.0 0.0 0.0 0.0 0.0 0.0 0.0 0.0 0.0 0.0 0.0 0.0 0.0 1.8161733935346865e-05 8.015765948068248e-06 1.6227302056238416e-06 0.0 0.0 0.0 5.39383593929763e-07 2.0563365041204415e-07 1.4668614391873554e-07 0.0 0.0 0.0 0.0 0.0 0.0 6.522018277683596e-08 5.86163680906436e-06 5.044553006191007e-07 0.0 0.0 6.056384490640265e-08 0.0 0.0 0.0 9.604996697168458e-07 8.533900811030201e-07 5.226154285480036e-06 2.2527401126868337e-05 4.1357549240700655e-06 4.920385102240731e-06 1.4893421569722624e-07 4.844781825172219e-07 0.0 1.920042697839151e-05 8.449028582708514e-07 0.0 1.4910624474078666e-07 1.512298215599063e-07 5.447389264021465e-08 7.862808107588037e-08 8.325816262955556e-06 0.0 0.0 1.815796956609614e-05 3.882554343408648e-06 4.459054800901912e-06 2.7555334869816166e-06 0.0 1.568200281469541e-06 1.4836347881184498e-07 1.4685088945095607e-07 6.559348927527692e-07 1.571924638247199e-06 1.2456407466327982e-07 6.400945631856273e-07 6.289653266320465e-07 0.0 7.03916475722755e-08 5.915628487195226e-08 0.0 0.0 0.0 6.649925480148615e-08 0.0 0.0 5.144891969910021e-06 4.377446686384081e-06 0.0 8.944357940267618e-07 0.00021012073609518006 0.0 0.0 0.0 1.0882437152826145e-06 0.0 7.213636470346685e-08 0.0 0.0 3.62846938990087e-07 3.5298921225597396e-06 0.0 1.5995102153412086e-06 5.063507903383032e-06 5.946256940460326e-07 1.9861040945592181e-07 0.0 0.0 0.0 0.0 0.0 0.0 0.0 0.0 0.0 0.0 0.0 0.0 0.0 0.0 0.0 0.0 0.0 0.0 0.0 5.232099441853049e-07 0.0 0.0 0.0 0.0 1.5001443927509172e-07 0.0 2.2680660710030297e-07 0.0 0.0 1.499710114363094e-07 0.0 0.0 0.0 0.0 0.0 0.0 0.0 0.0 0.0 0.0 0.0 0.0 0.0 0.0 0.0 0.0 0.0 0.0 0.0 0.0 0.0 8.134355833798309e-07 0.0 0.0 0.0 0.0 0.0 0.0 0.0 0.0 0.0 1.4463725470737828e-06 0.0 0.0 0.0 0.0 3.731241296217021e-07 2.8022423836850187e-07 1.9559491085639638e-07 0.0 0.0 0.0 0.0 0.0 0.0 0.0 0.0 0.0 0.0 0.0 0.0 0.0 6.555403926415084e-06 1.3123130180064456e-06 8.160137512304037e-07 3.560761517970976e-05 6.306182114099179e-07 2.1968198626286395e-05 3.4944365319123036e-06 0.0002326733378902487 3.165983379546992e-06 0.0 6.3457187388998e-07 5.751175817705578e-06 0.0 3.5934409307445463e-07 0.0 4.966695384780915e-06 0.0 0.0 0.0 0.0 0.0 5.5178517357398085e-05 8.826093700876022e-06
2.112489832006098e-05 0.0006338338332697799 0.00017297830400712287 0.0002115276637795476 0.0 1.7709211050303368e-06 0.00043616870672952816 0.00031230460419660866 0.0006199784193084775 0.00013072106133109232 0.0003399246572685072 9.832583733289489e-05 0.0003145800889532717 0.0003894517930464586 4.8838694835608064e-06 7.415828072256081e-07 1.1848746769466478e-07 0.0 0.0 0.0 9.695644796821997e-08 8.20398557768382e-08 0.0 1.3406323717868376e-07 5.342062156725444e-07 0.0 5.876848278076578e-08 0.0 7.397852319429887e-08 0.0 1.4357566333514557e-05 3.424450073570155e-05 2.6630337672984003e-06 0.0 5.970875833313232e-08 5.413838272556664e-08 2.3087195516183433e-06 2.7088691344536763e-07 1.9126382509364363e-07 1.836694491180797e-07 0.0 5.255117835783225e-08 1.321559486395036e-07 2.403471855266068e-07 0.0 5.438068633405943e-08 2.1341959932476696e-05 7.387130764347584e-07 6.94929887390441e-08 0.0 6.066570750575113e-07 0.0 0.0 5.784275473470358e-08 2.083945258862006e-06 2.015603519646217e-06 2.7928620719931886e-06 4.673770677692814e-06 4.78929428711755e-06 7.653512412282057e-06 2.8632073213343296e-06 2.893287458126232e-06 0.0 1.5364922958965965e-05 1.6308741510239101e-06 2.3531299501322152e-07 2.3791144818449797e-07 1.1192806462871144e-07 5.063307501432757e-07 2.674564967025237e-07 2.023196216432832e-05 0.0 0.0 1.395986609483834e-05 9.323093980247243e-06 1.8144130199767347e-05 1.8710055318863624e-05 9.4265028542207e-07 1.0774221481436905e-05 2.8418951035969896e-06 4.860870957300898e-06 1.4566735207509202e-05 2.2745543329769777e-06 0.0 1.1377143508646255e-06 8.102602495681631e-07 7.305150706745307e-08 0.0 0.0 0.0 0.0 0.0 5.084454743344645e-07 1.1821451947334798e-07 0.0 1.4235529851966357e-05 2.967216819570624e-06 0.0 5.662621965662045e-06 3.3823666183631186e-06 0.0 0.0 2.870756727677446e-07 0.0 4.704007788596209e-07 9.512049412348974e-07 2.2472967441864946e-07 0.0 1.2542720978981001e-07 5.362348359569527e-06 1.1133505955887454e-07 1.1841723606575861e-06 2.9374278553914884e-06 1.1812152316339323e-06 4.2042801425869266e-07 0.0 0.0 0.0 0.0 0.0 0.0 0.0 0.0 0.0 0.0 0.0 0.0 0.0 0.0 0.0 0.0 0.0 0.0 0.0 3.7461107056189726e-07 1.1356093653448154e-06 0.0 1.1848040276673059e-07 0.0 1.4931719646300702e-06 9.783045215459856e-07 5.273754022756639e-07 2.8437226052898144e-07 3.466201578649437e-07 0.0 0.0 0.0 0.0 0.0 0.0 0.0 0.0 1.7266956319809618e-07 0.0 0.0 0.0 3.057210792769506e-07 1.6665136093482895e-07 0.0 0.0 0.0 1.6749554566074006e-07 0.0 0.0 4.5299666067207996e-08 1.5077942654918783e-07 1.5265332296019985e-06 1.837320615539872e-07 5.759197711596489e-08 0.0 0.0 0.0 0.0 0.0 0.0 0.0 5.865343323971527e-06 0.0 0.0 0.0 0.0 8.771283131241906e-07 6.927641942329729e-08 1.7303485432111573e-06 0.0 6.733889611517877e-08 0.0 0.0 0.0 0.0 0.0 0.0 0.0 0.0 0.0 0.0 0.0 1.0740255189307826e-05 1.7513516254637114e-06 2.7319547857171308e-06 8.386665548515239e-05 1.8356300407376172e-06 7.524017218549043e-05 1.9510868502929166e-05 3.423632887017468e-05 6.985354191061408e-06 0.0 2.6846505771083072e-06 5.382521273757065e-06 0.0 4.960888177956549e-08 9.933336295454513e-08 1.6616444766291332e-06 0.0 0.0 9.970204290100797e-08 0.0 6.401159219069845e-08 2.691351726048272e-05 7.747028689222956e-06
4.877737912233518e-05 4.9193965615207485e-05 2.1938836789695098e-05 0.000396725189985727 1.7709211050303368e-06 0.0 1.7341622787434053e-05 2.878383742839411e-06 1.208339223027507e-06 0.00044071515019630656 3.409827075973741e-06 0.00018324875502926709 4.950252218184282e-05 5.5713542679253995e-06 0.0 6.344264612793384e-07 0.0 7.25243034092819e-08 0.0 0.0 0.0 5.976709668280341e-07 0.0 0.0 5.487778442169815e-07 0.0 0.0 7.223482091463397e-08 0.0 0.0 3.172108373465406e-05 5.135024111835054e-06 4.213083870287273e-06 4.380677068084509e-07 1.2986410943729672e-07 3.8654438568971875e-07 3.3903202791019755e-06 4.484628895431175e-07 3.354091086652294e-06 4.062372555888611e-07 0.0 0.0 0.0 3.290108663636431e-06 0.0 1.7567757219335633e-06 6.857972463103684e-07 7.960387643167305e-08 0.0 6.07129617251157e-08 1.2188435920765954e-07 4.0104150071246317e-07 5.344298616260507e-07 0.0 1.3839633312811393e-07 3.007374986285349e-07 3.7364540463435395e-05 4.892414677054132e-05 1.770965067617808e-06 4.305924392726175e-07 1.6573614245697828e-06 7.341782767928067e-06 9.438130203323121e-07 7.248468633798143e-06 7.408580080719602e-08 0.0 0.0 7.58541952051547e-08 0.0 0.0 3.851619388198474e-05 1.4492193375362043e-05 2.7288694419129345e-06 2.800699536135541e-06 5.000341780095754e-07 5.029580277097111e-07 8.888892088809412e-07 6.012520577963569e-07 2.3835129264261637e-06 1.5665871359354801e-06 8.165423678741618e-07 2.2551882764955565e-06 2.2213046791527833e-07 1.0105582283045113e-06 4.9111389851469e-08 3.616394296111527e-07 0.0 3.2551057201894474e-06 0.0 2.119340102839033e-06 0.0 0.0 0.0 0.0 7.432593029145707e-08 0.00013639997566070776 9.000570461710521e-05 3.461640601693015e-06 2.9012324145616116e-05 0.00018921845118745613 0.0 0.0 0.0 0.0 0.0 0.0 1.2417086575542239e-06 0.0 0.0 8.891555293411351e-08 0.0 0.0 0.0 0.0 0.0 0.0 0.0 0.0 0.0 0.0 0.0 0.0 0.0 6.17258733238511e-08 0.0 0.0 0.0 4.715419013356243e-08 0.0 0.0 0.0 0.0 2.3801785146377232e-07 0.0 0.0 0.0 2.0573332444504304e-07 5.964269149875972e-08 0.0 0.0 0.0 0.0 5.6568397866376286e-08 0.0 0.0 0.0 0.0 0.0 0.0 0.0 0.0 0.0 0.0 0.0 0.0 0.0 4.896361732070102e-07 0.0 0.0 0.0 0.0 0.0 0.0 0.0 0.0 0.0 0.0 0.0 0.0 0.0 0.0 0.0 0.0 0.0 0.0 0.0 0.0 4.782794850066985e-07 1.4462374313028598e-07 0.0 0.0 0.0 0.0 0.0 0.0 0.0 0.0 0.0 0.0 0.0 0.0 0.0 0.0 0.0 0.0 0.0 0.0 1.0441768713333758e-06 1.5265603534606808e-07 2.0713967836748698e-07 4.325881057666521e-06 0.0 2.3914886757988215e-06 1.1544201536200835e-07 0.00011900733737995555 1.384154279499118e-07 0.0 5.075158195936499e-07 1.7932558012936862e-07 0.0 0.0 9.080377787769666e-08 0.0 0.0 0.0 0.0 0.0 0.0 4.924352171299785e-05 1.6511699364083721e-06
0.0001092000731231442 0.001218656490871911 0.0001520444417170206 0.00038113355291947407 0.00043616870672952816 1.7341622787434053e-05 0.0 0.00013877791373056653 0.00038011470299900035 0.0008481290111161949 0.00019282558561133244 0.0005129210279084105 0.00095246439759643 0.0004789799724279214 9.093699041168003e-06 2.011040577390781e-06 2.6247231494974233e-07 0.0 0.0 0.0 0.0 1.1344685629373705e-07 0.0 0.0 5.910972309359074e-07 6.692987972381415e-08 0.0 6.202644111978802e-08 0.0 0.0 1.9157012984525967e-05 3.6745535541530984e-05 8.76801977077014e-06 0.0 3.7673844917096604e-07 5.674794930171286e-07 4.001236838243773e-06 9.738004231143463e-07 1.424581928326869e-06 6.205413680827268e-07 1.3324283901124293e-07 0.0 0.0 5.58417825188232e-07 0.0 7.995868374809671e-07 2.7987045570082516e-05 8.681547148914147e-07 1.560109900713694e-07 8.286544530016441e-08 5.198547747798729e-07 0.0 9.44369354132568e-07 0.0 2.302318637134623e-06 2.0635266413133656e-06 4.424079832227583e-06 1.1488748569453745e-05 6.381243101351252e-06 1.0627763659595246e-05 3.891248697437367e-06 4.983868444695531e-06 6.512422856500905e-08 2.6782154562732315e-05 2.7003213093722772e-06 4.121286794768227e-07 6.599561521510436e-08 1.7916857479167492e-07 7.738941926803127e-07 3.217377861361165e-07 5.38339156749013e-05 0.0 0.0 2.0158206881146917e-05 1.906813512161624e-05 2.5812283250497648e-05 2.586661497024555e-05 2.1594671331282708e-06 1.2158241457046319e-05 3.130369999003567e-06 6.55759140765417e-06 2.5326515866956883e-05 3.3267851323800246e-06 1.5819776481766188e-07 1.004177407881014e-06 9.982657962542262e-07 1.145088437703271e-07 0.0 1.1886165125902115e-07 1.3153367681295362e-07 6.273908547476937e-08 0.0 1.7148944388120605e-06 2.8476987545377376e-07 0.0 6.0341866096338206e-05 1.2877903881144256e-05 0.0 1.4624771670077383e-05 2.016304508041089e-05 0.0 8.982970113393132e-07 3.70082909219911e-06 2.728498150675429e-06 1.2298952002949526e-06 2.0994202535894475e-06 7.346463516880986e-07 7.258972776457277e-07 4.296675457467721e-06 1.7398015725278056e-05 8.549227215881067e-07 5.859254113327611e-06 1.6534181358239588e-05 6.82093435592191e-06 1.0590177165681326e-06 0.0 0.0 0.0 0.0 0.0 0.0 0.0 9.63079578428114e-08 0.0 0.0 1.1173608204283073e-07 0.0 2.7503573968051814e-07 0.0 7.257598121031931e-07 0.0 0.0 0.0 0.0 1.0785308055193627e-06 1.3643963693269548e-06 0.0 3.631315189712071e-07 0.0 2.8242765980244837e-06 6.963947162771842e-07 1.4176568586428317e-06 6.981339571134082e-07 1.138600503604431e-06 0.0 1.0009682014480131e-07 0.0 0.0 0.0 2.408158986073779e-07 0.0 5.182320584152626e-08 3.5977229406294446e-07 0.0 0.0 7.714079274420115e-08 3.0396044849316933e-07 0.0 0.0 0.0 0.0 2.1834121918905334e-07 5.966541246312716e-08 0.0 0.0 4.0921389708474834e-07 5.1472746734533225e-06 0.0 0.0 0.0 0.0 0.0 0.0 0.0 0.0 0.0 1.6724762512227758e-05 0.0 0.0 0.0 0.0 4.6676423874585766e-06 5.061032867867198e-07 1.5233429852794424e-06 3.091260466661309e-07 5.206240439467557e-07 1.3614620822691967e-07 0.0 0.0 0.0 0.0 0.0 0.0 0.0 0.0 0.0 0.0 3.5560395305262785e-05 5.958442262738544e-06 6.374606452471038e-06 0.00013838672513057887 2.9485598281409158e-06 0.00010716344891942638 2.628200980493911e-05 8.851867760579078e-05 1.0459618019563034e-05 6.246622312550486e-08 4.2821171117684545e-06 1.2951559431743535e-05 0.0 1.1849150172948245e-06 6.488083984603798e-08 8.687898581579403e-06 0.0 0.0 0.0 2.874565348358001e-07 1.2175993372658532e-06 7.10135944004307e-05 3.251847732575862e-05
2.8518198964039014e-05 0.0003658404685911934 0.0010874187644014507 4.0725649790948405e-05 0.00031230460419660866 2.878383742839411e-06 0.00013877791373056653 0.0 0.00035729432331546064 1.9782061632209537e-05 0.001364735154499257 6.547258063335959e-05 0.0003275370090376515 0.0007783333677810527 1.8623047745348383e-05 8.308125941024454e-06 8.001911464354984e-08 6.899538673858973e-07 0.0 4.662396768242753e-07 3.4604698260360635e-06 1.21168313148427e-06 2.063369862365628e-06 5.5088791492359406e-06 1.742888158744467e-05 1.8739769902232422e-06 3.377537064853494e-06 2.612393121101358e-06 2.3336101670641857e-06 3.3540301213984793e-06 4.389782684058759e-05 0.00048396467999869833 0.00014735522723176845 4.809776317273493e-07 1.53592863799094e-05 1.3101521785715669e-05 3.416477375387645e-05 1.5056719509919268e-05 1.2663252568426814e-05 5.6367554104392296e-06 3.8285989228002015e-06 1.9730040397609002e-06 1.6429306379008429e-06 1.0357560939532643e-05 1.0451023768927573e-07 6.649847133610773e-06 3.8782454856266166e-05 1.59438748683869e-06 6.557688708495908e-07 1.7403396862302139e-06 1.538313013697295e-05 4.468082494624323e-06 4.9045239252812705e-06 1.5436635525575258e-06 1.3763813247843727e-06 2.62503215617413e-06 4.3711594860139e-06 1.0642997662214632e-05 5.0408961448464086e-06 1.309877503541345e-05 3.6514288435963546e-05 6.042178016604218e-05 2.6373930360566e-06 2.8518538248420684e-05 2.575414788674493e-06 1.1870045887812574e-06 3.168483579477407e-06 2.216173031666657e-06 1.212285973197691e-05 5.9261774940983795e-06 6.955298860753758e-05 1.2283936884288023e-06 1.5156405120032093e-07 1.9751202214350124e-05 1.7868733645239698e-05 4.920411720625288e-05 6.440885213994317e-05 5.848424218941582e-05 0.00042286659964889915 0.00047673689024892933 0.00017996917261643995 0.0005955176517287627 4.02198251121319e-06 1.2190837996263588e-07 1.000227461318849e-06 1.4543939725716813e-06 6.293461184411502e-07 2.749534469315475e-07 2.3439295364865507e-06 6.822830613805657e-07 1.943506072547152e-06 2.425168549504208e-06 2.1739484898487743e-05 1.6427732441872768e-05 1.2762230592829197e-06 1.450123281013596e-05 4.455911317815075e-06 1.8874711040627347e-07 1.085680675355354e-05 1.9421438841824844e-05 0.0 0.0 7.668601435554336e-08 0.0 6.279289212204731e-08 0.0 0.0 0.0 2.0598358292819323e-07 1.572678594865857e-06 1.9981424194971027e-07 3.8707158544461486e-07 2.3157671216881753e-06 1.4948350330526823e-06 6.644082277321263e-08 6.223640999733776e-08 0.0 0.0 0.0 0.0 0.0 0.0 8.163548428284472e-08 0.0 0.0 5.34181671878704e-07 0.0 1.336227330670732e-07 0.0 1.3877893215358972e-07 1.6101717068262438e-07 0.0 9.734474577534434e-08 0.0 0.0 2.5212264830603754e-07 0.0 2.898525251275476e-07 0.0 4.786587311188619e-07 3.115933146645119e-07 7.884202270682866e-07 8.055674473017287e-07 5.383732858155202e-07 1.2099293314319169e-07 3.426738764780993e-07 6.966006452650039e-08 0.0 0.0 1.3757452587836132e-07 0.0 0.0 0.0 0.0 0.0 4.635207178407818e-07 1.720342388196059e-07 1.603002483381315e-07 0.0 0.0 0.0 0.0 0.0 0.0 0.0 0.0 6.596731412865148e-07 0.0 0.0 4.941085302055214e-08 0.0 0.0 8.446247811460509e-08 0.0 0.0 0.0 2.4538850498163803e-06 8.523773880876904e-08 1.4888739981565556e-07 2.1106118566726042e-07 3.1111795040296737e-07 6.049825114897237e-07 0.0 1.9602914318557346e-06 1.933285756537045e-07 2.974922922892701e-07 0.0 0.0 0.0 0.0 0.0 0.0 6.762499837358853e-08 0.0 1.9450857084644644e-07 2.490806308554707e-07 0.0 4.975408942923135e-06 2.5090517737871597e-06 1.9565047905172776e-06 9.369388588015271e-05 3.414927095221718e-06 9.9431493679408e-05 2.5673887842445728e-05 3.0280027245298592e-05 8.086971299691163e-06 3.1576922572559364e-07 3.885764256334442e-06 3.945191627565488e-06 0.0 2.149669900912995e-07 5.0659940085870545e-08 9.333091743220874e-07 0.0 0.0 0.0 3.7350960926420305e-07 1.042223461695593e-06 2.193060196043756e-05 6.086090264317161e-06
7.51954760399162e-06 0.0002992895879881007 0.0002547392155544033 7.189180882717485e-06 0.0006199784193084775 1.208339223027507e-06 0.00038011470299900035 0.00035729432331546064 0.0 4.029563373269697e-05 0.00043042069552333753 4.299049922368264e-05 0.0005263167067080997 0.00015199382657482305 9.775604125000814e-06 2.332019566847113e-06 1.0964660033172506e-07 9.442342149419943e-08 0.0 0.0 0.0 0.0 0.0 1.9051620349047533e-07 1.1976446708023598e-07 6.162174955723623e-08 3.220845687092584e-07 0.0 0.0 1.1703423153497344e-07 1.1457558165575517e-05 1.1313254893040912e-05 8.391747150159646e-06 0.0 3.1019068446651504e-07 2.2565852508479313e-07 5.573317537236089e-06 1.3499734165311444e-07 3.9548598487320996e-07 7.282391880609402e-08 6.133188844490343e-08 2.608714647322521e-07 8.92932884788125e-08 2.2206544325535792e-07 0.0 6.932546797822621e-07 1.3910467131193745e-05 3.5834771965232544e-07 6.839371717868193e-08 0.0 1.6768942797061278e-06 1.0026821295452015e-07 1.1649986536699049e-07 1.9812992409744376e-07 6.217080648171971e-07 9.37239370312237e-07 7.716609377341087e-07 1.448702451014782e-06 1.9653688628506974e-06 4.550238234735658e-06 3.495493995493051e-06 4.014093582388621e-06 6.349075477421821e-08 5.390140267688693e-06 6.641907489532808e-07 7.684230929716858e-08 1.6895749393045858e-07 2.2500858294104666e-07 1.083270474409943e-06 2.444993880947204e-07 2.6539236949549663e-05 1.8882146389368713e-07 0.0 4.392363946035505e-06 5.431928883156004e-06 1.4006972961664565e-05 1.8791683398633602e-05 1.5542179420770435e-06 1.3336983183248261e-05 1.8502702947132564e-05 9.20036635358332e-06 2.4407910927144264e-05 8.912898167471344e-07 0.0 4.932818360553413e-07 3.978560925477576e-07 4.465891223305113e-08 0.0 2.237666232560641e-07 0.0 6.586842309263803e-08 1.1248779037503061e-07 9.011014247246099e-07 8.40419638457732e-07 6.05923778473966e-08 1.6962165246568237e-05 2.6420271135491283e-06 9.456970453518857e-08 4.569713364336522e-06 1.462412240320023e-06 0.0 0.0 3.586399851821209e-07 0.0 4.6865656134764263e-07 1.8157882765064428e-07 0.0 2.366965381959707e-07 4.0214875056713335e-07 3.4013636006672915e-06 1.9686365481512733e-07 1.1118380491638828e-06 5.447238816185941e-06 9.547721365438573e-07 4.6751769496464807e-07 0.0 2.7408307513297863e-07 0.0 0.0 0.0 0.0 0.0 1.57675904743105e-07 0.0 0.0 0.0 0.0 0.0 0.0 1.1110618712000699e-07 5.841819506658248e-08 0.0 0.0 0.0 3.0501186199750865e-07 2.9821710315274366e-07 0.0 8.506316873311735e-08 0.0 7.141962503224878e-07 3.703595491588191e-07 9.763437542346357e-07 6.980424955712236e-07 4.011935957300789e-07 0.0 0.0 0.0 0.0 0.0 0.0 0.0 0.0 0.0 0.0 0.0 0.0 8.48239213890293e-08 6.431265179929819e-08 0.0 0.0 0.0 4.923170908713617e-07 0.0 0.0 3.375695636275106e-07 0.0 1.3820699110783955e-06 0.0 0.0 1.1083809457291682e-07 0.0 0.0 0.0 0.0 0.0 0.0 5.838186947104435e-06 1.0353971956142065e-07 0.0 0.0 6.805727828455967e-08 2.311507988898649e-06 7.767166157769288e-07 1.1272564503056234e-06 0.0 0.0 0.0 0.0 1.597829238692429e-07 0.0 0.0 0.0 1.3090105350083377e-07 0.0 4.9115948876787876e-08 0.0 0.0 9.62369414994787e-06 2.9778519249159713e-06 2.3225642342078264e-06 5.82058384971039e-05 1.97332734023103e-06 4.5327637213719834e-05 1.458245439893356e-05 1.3783636557390224e-05 5.118442558132636e-06 6.815026991058437e-08 1.0109519906967778e-06 5.165871144602578e-06 0.0 2.826243817449577e-07 0.0 9.75111556640683e-07 0.0 0.0 0.0 1.6838160472194296e-07 0.0 1.3369723706477479e-05 9.400057505752698e-06
0.00031912819283034236 0.0006290992291050332 9.288969289701584e-05 0.0003412940835698744 0.00013072106133109232 0.00044071515019630656 0.0008481290111161949 1.9782061632209537e-05 4.029563373269697e-05 0.0 3.1816250788604275e-05 0.0007719692377072454 0.0017435958994227443 0.00015902860164641874 1.2029847141461695e-06 6.253443363856332e-07 7.128050137845127e-08 0.0 0.0 0.0 8.452525058479179e-08 4.317558728691026e-07 0.0 1.4666014420328262e-07 5.997337852669198e-07 7.282711949167743e-08 0.0 0.0 0.0 1.4628286924504561e-07 2.2627959653715104e-05 1.0640913184502205e-05 1.6316208608220143e-05 1.2857301922860814e-07 2.1670265162425474e-07 2.2437668563809572e-07 1.1215720303674445e-05 5.836388138386884e-07 1.4493377871030977e-06 5.049157934025074e-07 0.0 0.0 0.0 5.351055731920185e-07 0.0 5.154197877371862e-07 4.746475285088872e-06 3.3081140189009984e-07 0.0 5.698766816143325e-08 2.042462000509181e-07 6.399445837431168e-07 1.7194088184703172e-06 0.0 6.1852221948568e-07 4.717310228208554e-07 1.3466746147117843e-05 3.163824854754249e-05 2.580646886945364e-06 2.70353363842536e-06 9.477615578121654e-07 5.371907995526086e-06 7.807904640006497e-08 1.632433270936959e-05 5.962606393715366e-07 2.0973918542304092e-07 0.0 4.213962919066393e-08 2.3699997489910745e-07 6.453269893316066e-08 9.134751552035659e-05 3.733738674079537e-06 7.438233691028031e-07 1.4226929793257545e-05 5.198380012357781e-06 3.006559693601741e-06 2.7559458797059446e-06 6.231407814596785e-07 4.312165144122645e-06 4.7648430516400885e-06 9.578443692469875e-07 9.826027772521845e-06 8.38224175021063e-07 0.0 4.1916946565452754e-07 2.21182491201136e-07 4.5479528983897705e-08 6.607587045447194e-07 0.0 5.559742305533435e-08 0.0 7.235555702008205e-08 1.7518491954573098e-07 2.1084984674015005e-07 0.0 0.00022102841087631844 7.126119787195335e-05 1.8682515804319092e-06 2.5151040379806026e-05 0.00036121778357209197 9.702883810825748e-08 2.8202897928355325e-06 4.010764260470913e-06 4.830395992522627e-07 4.645551802020091e-06 1.1507949072424998e-05 1.1958373919778373e-06 1.035516643638871e-06 7.570356727251877e-06 6.375619282881653e-05 2.8166133838892246e-07 2.049794827778363e-05 6.195286244028864e-05 1.4768099061384143e-05 3.934643163217574e-06 9.762108203944948e-08 0.0 0.0 0.0 0.0 0.0 0.0 6.412291749987608e-08 0.0 0.0 0.0 0.0 3.991037744340394e-07 0.0 0.0 8.362517095942333e-08 2.4217653346855484e-07 0.0 2.0242615751681273e-07 2.3453290987103177e-06 3.4242223233228796e-06 5.843632577943021e-08 9.632001115632567e-08 4.891732291668395e-08 4.8857530909299445e-06 4.98805270876533e-07 6.004327935303332e-06 4.203954386956758e-06 1.3524018001029612e-06 4.357254490017544e-08 0.0 0.0 0.0 0.0 5.444046499224309e-08 0.0 1.9862371181746864e-07 1.4023610281458366e-07 0.0 0.0 2.1126369538609062e-07 0.0 0.0 0.0 0.0 0.0 2.0941587714636108e-07 3.946646733393953e-07 0.0 6.096362224560138e-08 2.466897312151109e-06 7.334536322088525e-06 0.0 0.0 0.0 0.0 0.0 9.56172342808016e-08 5.332438202601756e-08 0.0 0.0 4.822436823872273e-05 1.490587848188242e-07 0.0 0.0 3.54301530035976e-07 6.13532027469897e-06 1.711496618319591e-06 5.535047618884597e-06 1.4224291628165385e-06 0.0 7.297911302414046e-08 0.0 0.0 0.0 0.0 0.0 8.419241051031338e-08 6.190222719622431e-08 0.0 0.0 0.0 9.964355858055789e-05 1.6198831598872283e-05 1.151985499046488e-05 0.00011093885782654264 8.311033365742956e-07 2.0500655581587674e-05 6.521268298502263e-06 0.0006459547733398357 1.2191428288557227e-06 0.0 1.2783760941192322e-06 3.0381409538839208e-05 0.0 4.5517791618737855e-07 2.9803282953518895e-07 3.6724191543327765e-05 3.246094490481416e-07 0.0 0.0 2.788793758613562e-06 0.0 0.0005490678297501113 0.0001553885697720411
2.7625054385125744e-05 0.00045985336788465615 0.0009442017088143379 5.799164603389105e-05 0.0003399246572685072 3.409827075973741e-06 0.00019282558561133244 0.001364735154499257 0.00043042069552333753 3.1816250788604275e-05 0.0 7.056054140769233e-05 0.0009162073845534603 0.0009050000006773914 1.895346664950735e-05 9.676229402943287e-06 8.623874541844406e-07 8.233864289867371e-07 1.0270475437129999e-07 7.825962517740833e-07 1.2809703239468485e-06 2.9791848894599515e-06 1.8988476052874624e-06 8.633082715200974e-06 5.288472220452134e-05 5.52393054103296e-06 7.840376200258277e-06 4.383081672904406e-06 5.0397134563938465e-06 5.850497014151627e-06 3.480163658092519e-05 0.00011528524011457535 0.0007073487708855156 5.427634242272881e-07 3.4996664720623707e-05 4.723644589900152e-05 0.00030182723447611356 9.052104994206324e-05 6.572041191563031e-05 2.014663520445727e-05 5.271883280582237e-06 4.79055055230578e-06 8.930229372479982e-07 6.9607860915273966e-06 1.153879706149492e-07 4.6027304463165274e-06 2.5642843296151506e-05 9.8769708561836e-07 8.606396729822945e-07 2.360674965290842e-06 1.0918509148677652e-05 6.326616746785564e-06 1.2529240362666809e-05 2.6467376913303755e-06 1.4169460371173225e-06 1.4661091609769907e-06 2.367887995192238e-06 4.24848197349901e-06 3.26011928970047e-06 7.931907056802282e-06 1.548371822722533e-05 0.00018110751208852196 7.167310012634479e-06 2.45168838104836e-05 1.3781953875010224e-06 4.6453122892532965e-07 1.607989171036712e-06 7.147896808493105e-07 6.7661571241604395e-06 3.2392242696191088e-06 0.0003973419770393957 2.6033756539597138e-06 5.324505147252164e-07 9.303243921556477e-06 1.1798420165171022e-05 3.0606192309509075e-05 3.573082623480158e-05 1.2862273840523225e-05 0.00017197234739667515 0.00021297065849870396 3.6079436094956206e-05 0.00036766340863179524 2.396336816704481e-06 1.818192576870882e-07 9.609358372898185e-07 1.0796453896279487e-06 2.727155744108977e-07 2.714303625345124e-07 9.822970879689869e-07 1.428721363282125e-06 1.4398000563264132e-06 3.3221455863990795e-06 1.1318114333927992e-05 1.1651154896228714e-05 3.0950758634274412e-06 5.6058204060477904e-05 4.561013354462181e-06 8.179927858692297e-07 4.444794478453544e-05 4.764769997943284e-06 3.7595567467223115e-07 0.0 4.631378846187999e-07 0.0 7.993525277798825e-07 8.715252905236734e-07 1.8699516050631848e-07 3.2103563378460875e-07 1.1716195372219863e-06 4.3787905683885205e-06 2.389638414108878e-07 1.756852577420317e-06 5.658999968370655e-06 2.3671221491976195e-06 7.828428528884634e-07 5.22631322684218e-08 0.0 0.0 5.0417995578687136e-08 0.0 0.0 0.0 3.0562186973368883e-07 0.0 0.0 8.453644869073126e-07 0.0 5.149137788628176e-07 6.690496902211468e-08 1.5274601754698925e-07 1.7112660635691549e-07 9.880025754442003e-08 5.848436924102042e-07 0.0 4.800846638692163e-07 6.276702745991296e-07 4.125870683949496e-08 3.4124797105067053e-07 4.790637466532471e-08 2.058303668899683e-06 2.960113819091072e-07 2.4154014349596173e-06 2.254365532459779e-06 1.6357102659389806e-06 1.2500425870633207e-07 0.0 4.281104325074523e-08 0.0 0.0 1.461888510576692e-07 0.0 0.0 5.640539944009134e-07 6.798357664408801e-08 0.0 8.800098708385984e-07 1.1163946817751163e-06 3.3540324984930165e-07 0.0 0.0 0.0 0.0 2.176355968259801e-07 0.0 0.0 1.600242106745717e-06 1.997093578251055e-06 2.0222849566565895e-07 0.0 0.0 0.0 0.0 0.0 0.0 0.0 0.0 9.616994794953147e-06 3.833421075700233e-07 3.407528640236612e-07 2.3951512827643696e-07 5.370656223007498e-07 2.5175680291795356e-06 8.793279530652182e-07 3.5641914616368777e-06 3.082869908437036e-07 0.0 2.035625062873666e-07 5.433047850642529e-08 1.6193286340839996e-07 0.0 0.0 1.265468174134524e-07 5.560749350509689e-08 5.212555743418471e-08 1.1492952705097085e-07 7.203836907876172e-08 0.0 1.7158879339591296e-05 7.710342794069994e-06 6.961215545467197e-06 8.578861094353208e-05 3.2262405129024477e-06 7.34085260146789e-05 2.3232603372635818e-05 2.1028746657159792e-05 6.181136238673715e-06 3.4801463802452806e-07 2.931240551540987e-06 4.368113865840414e-06 0.0 1.290270224268307e-06 9.622262795548403e-07 9.408298096244288e-07 6.610725668956533e-08 0.0 1.7910213324289254e-07 5.184398336522052e-07 1.0240107176183182e-07 2.875740097549006e-05 1.7900557417955585e-05
