0.0 0.0005693031848471938 0.0002745691443134502 0.0010651722112947927 1.5522523245794442e-05 3.874093868218341e-05 0.0006332289001256245 4.958875123587764e-05 7.524832678520676e-07 0.0007681802023991413 4.989907904997475e-05 5.1720089444608654e-05 0.0001310346343169406 8.061151324132804e-05 1.2074788193637304e-06 5.45835838108467e-07 5.158392010229201e-08 6.926644414115499e-08 0.0 0.0 4.927529764546644e-08 0.0 1.7668351594413536e-07 5.639150486595893e-08 5.46642440229254e-07 6.361666306676966e-08 3.0179504342008216e-07 0.0 2.6534985092214546e-07 0.0 0.00044068247058275296 4.92054616727815e-06 1.1582917419771477e-05 1.1079213647599805e-07 2.4798945591503066e-07 7.564250726004795e-07 1.823042292066423e-06 1.618158805145199e-06 3.3014238746147535e-07 5.108631504744025e-07 0.0 4.114643195806319e-08 0.0 5.559109185474556e-07 1.2690906094861424e-07 1.943481443239178e-07 3.715021991869094e-05 2.0923876311300723e-06 5.693699093407373e-08 1.1407400250630197e-07 2.0287226286373026e-07 3.9234080252140484e-08 6.521966681850892e-08 5.882187730141566e-08 6.984693129412134e-06 1.854982674782878e-05 0.00012140858794564902 0.0004944481482304769 1.3058422098603245e-05 2.581453020834627e-05 7.44815488677396e-07 3.227526357910692e-06 2.76880712582853e-07 3.2519746152494003e-05 4.697818643783485e-06 2.4450226649720126e-06 3.536909386582331e-07 2.2203470020374137e-07 1.3952473000819547e-07 4.32175650765485e-08 2.863761643443934e-06 1.0819375917733227e-06 0.0 8.871877325902697e-05 4.677115398440187e-05 3.306032248041251e-05 1.4362835373597792e-06 3.530171041920265e-07 6.57527434853751e-07 4.346765562190459e-05 4.5961522647875983e-07 9.882717666250732e-06 1.3580452240700069e-05 7.568635682181215e-07 2.622172091694276e-06 3.5545815775178236e-06 5.611412358387106e-07 0.0 4.433850070364792e-08 6.039454122657447e-08 1.775121856741668e-07 1.3446465624000525e-07 5.514301293783489e-08 3.039382286984904e-07 4.365169519994631e-08 1.5847053324465868e-05 1.3272512756963328e-06 8.025716298400958e-07 6.63500520560962e-07 0.0005866255025906052 0.0 0.0 3.4806967307826886e-07 6.657300444197008e-07 0.0 1.6257623205170836e-06 2.7895322129796462e-06 8.918384389097762e-07 2.866528606954878e-06 3.0535430471065746e-06 0.0 1.5397955168589622e-06 2.4846702593189044e-06 1.903115603228069e-06 6.426830340324985e-07 0.0 0.0 0.0 0.0 0.0 0.0 0.0 0.0 0.0 0.0 0.0 0.0 0.0 0.0 0.0 0.0 5.723911324261197e-08 0.0 0.0 1.476149155528395e-07 0.0 0.0 0.0 0.0 2.5922261810783797e-07 9.680110053411208e-07 7.494172142231681e-07 3.2976508403039104e-07 9.26302324247144e-07 0.0 0.0 0.0 0.0 0.0 0.0 0.0 0.0 2.1950621167228458e-07 0.0 0.0 0.0 5.225297331289816e-08 0.0 9.438430091487242e-08 0.0 0.0 0.0 3.3481846977537987e-07 0.0 0.0 1.1477249950608222e-07 4.2163975262498676e-07 3.100064628258113e-07 0.0 0.0 0.0 0.0 0.0 0.0 0.0 0.0 5.422066428903975e-07 0.0 0.0 0.0 1.711313742738499e-07 7.31324297883878e-08 4.0213348781139415e-07 2.0668861520694805e-07 1.193285271441285e-07 4.00075218205915e-08 1.4658287400475363e-07 0.0 0.0 0.0 4.53627323896997e-08 0.0 0.0 5.36575298681686e-08 0.0 0.0 4.226696616040454e-08 4.7021015914774094e-07 4.35566621894541e-07 4.6159288139086055e-08 8.310336694293026e-05 4.79803855317838e-06 9.301900529947142e-05 2.7961384297578405e-05 0.00030532291128028475 1.0547292223840947e-06 1.6037540540377675e-06 1.755497225386691e-06 1.2527354322513158e-06 1.0320093624222657e-07 2.557796911458096e-07 4.284229099098219e-07 6.0610797345702885e-06 0.0 5.8541618305593407e-08 0.0 6.605240240787572e-07 9.433875354143063e-08 7.959373954417046e-05 1.2927179402916703e-06
0.0005693031848471938 0.0 0.000508880318387197 7.626613067882493e-05 0.0005987473068203398 2.609036330266677e-05 0.002048423202377454 0.000315875290648976 0.00033687973388410897 4.193421805673963e-05 0.001115498429000104 2.2133672064764262e-05 0.00035690962118787326 0.001342234755261103 8.949039197915652e-06 1.6057841558113391e-06 3.0023482366242334e-07 2.2501804599588076e-07 0.0 0.0 0.0 1.9074712769020458e-07 5.8122613293615523e-08 5.87927596698575e-08 8.265661962004098e-07 1.0632439719567854e-07 3.7348919697352206e-07 9.156547475884623e-08 6.067793276916944e-08 0.0 0.0009801122235737986 9.382022855788577e-06 1.539937650254929e-05 9.239979310868763e-08 1.6919384750095715e-07 7.474098359582229e-07 2.1136192876526687e-06 8.405065562091545e-07 7.629685542157032e-07 3.5173351627076883e-07 3.7624769830720023e-07 1.701502599077938e-07 1.4173286007781912e-07 5.072386899179881e-07 4.3295419974715246e-08 2.7688968370936585e-07 0.00012041302975050208 4.293101969733199e-06 2.3112449791065915e-07 3.571738503934844e-07 2.2555847124472426e-07 1.092782705254468e-07 0.0 0.0 8.379975493229878e-06 2.4871813037941333e-05 5.148095657295269e-05 0.00020237797163835515 1.4506330481195213e-05 4.853719443751507e-05 4.5802617940566254e-07 3.0383287333707655e-06 4.641834688987301e-07 3.2894814952306356e-05 7.550195888257014e-06 3.807753975434359e-06 4.954367446845e-07 3.528817917912121e-07 5.709742320595389e-07 4.38419490303711e-08 2.5158470565199636e-06 1.0663283871842166e-06 8.707490086126217e-08 0.00011589569876739237 6.993224466070879e-05 0.00011830176815948294 1.5256464858669413e-05 2.9567967378262037e-06 1.3098589100745575e-06 9.70281365853765e-05 5.808442310411013e-07 3.5379572879925104e-06 1.740255668171163e-05 6.910923617027799e-07 5.27604295822033e-06 6.249030580405611e-06 8.956319458832804e-07 0.0 1.7195595448915862e-07 0.0 4.5125481038894593e-07 9.338459556470846e-08 2.1982425118931e-07 3.764628440567746e-07 3.0677624797576156e-07 7.218703240522943e-06 5.688414838248401e-07 5.7365612219497055e-08 2.531783619415122e-07 0.0005504509080776897 2.9918585775980547e-07 7.047536634058273e-07 1.0892041182291118e-06 0.0 0.0 4.62797364979392e-06 4.051505769385985e-06 5.301111937945607e-06 7.305708838267046e-06 3.6663950496869762e-06 1.1885262447367455e-06 6.731234848969017e-06 6.9395983265435475e-06 5.679178194347174e-06 1.74426209191159e-06 0.0 0.0 0.0 0.0 0.0 0.0 0.0 0.0 0.0 0.0 0.0 0.0 0.0 0.0 0.0 0.0 0.0 0.0 0.0 0.0 0.0 0.0 0.0 0.0 3.80147819395467e-07 1.0033587312237062e-06 3.828355954214136e-06 5.856036412496512e-07 4.480216063581085e-08 0.0 0.0 0.0 0.0 0.0 3.234692169762002e-07 0.0 3.408368591338579e-07 4.288586278115038e-07 0.0 0.0 0.0 5.2309810757660525e-08 0.0 0.0 0.0 0.0 3.804293256753589e-07 4.32541527927563e-07 0.0 0.0 1.0123375923314129e-06 1.4111074058972997e-06 0.0 0.0 0.0 0.0 0.0 0.0 0.0 0.0 0.0 1.8938075774028989e-06 0.0 0.0 0.0 0.0 7.711839197701697e-07 0.0 1.339854231777192e-06 3.7632011246623537e-07 1.897776403055338e-07 1.282009605128536e-07 0.0 0.0 0.0 4.09784321126636e-08 3.9868299112535655e-08 4.079041837575479e-08 0.0 0.0 0.0 0.0 2.783593391742856e-06 5.614744434769513e-07 1.1020310657408215e-07 0.0001721364891846279 8.098848047200917e-06 0.00019241263129473975 4.038729490997532e-05 0.00021229560193981295 7.035654497061065e-07 1.0365246633681169e-06 5.992901864769261e-06 1.3048794760887933e-06 1.498518478488543e-07 2.4288928232241457e-06 1.5159714592487858e-07 2.779542356450455e-06 0.0 5.197659236697079e-08 0.0 4.248267411968922e-06 9.223308678288794e-07 4.273562642931385e-05 2.31870190992709e-06
0.0002745691443134502 0.000508880318387197 0.0 4.621905612794828e-06 0.0004807173846611144 3.448271445237655e-06 0.00013573433404789285 0.002219193616838572 0.0002414973217413015 1.4060148604503317e-05 0.002927904331323756 1.2101376024865255e-05 0.00019053595473752038 0.0014338731537590417 6.756782147798418e-06 2.3449520389931723e-06 5.674148668286246e-07 5.0823402977390795e-08 5.741530645405564e-08 1.815237773999386e-07 7.408656876911694e-07 1.1400877456726613e-07 7.378607258926379e-07 1.1212556952451352e-06 1.0231083017336514e-05 1.2165344422039682e-06 3.035331244524203e-06 4.3739843059007783e-07 5.444255397454963e-07 7.679271212823471e-07 0.0014369695495478026 0.0003568376955986102 8.766879374097425e-05 5.550780410257636e-08 1.7788478526728253e-06 1.1058871935429239e-05 1.5649967721350724e-05 1.4088542467222702e-05 4.451567572119851e-06 3.2793157824000655e-06 7.899041053037316e-07 5.916801834358041e-07 1.46847911117116e-07 1.172966752302946e-06 3.745263961129192e-08 6.6934641555041e-07 3.672615205522891e-05 2.240440189272943e-06 1.0193712207445322e-07 3.2750844249558517e-07 1.0866263333037045e-06 1.7023786010879248e-07 6.49503043543784e-07 2.490149277168529e-07 3.887791359080158e-06 1.1404452448849895e-05 4.079199243391416e-05 0.00019762437168401118 8.444292029609881e-06 2.4269771963222954e-05 7.706841638671276e-06 3.563228036345711e-05 3.085821310833967e-06 9.398295404396352e-05 3.230950227949161e-06 1.5933768011121458e-06 3.4863980375920913e-07 4.7228297323240067e-07 2.7807109827724724e-07 5.928408242724554e-07 7.64184825355523e-06 4.88775835575094e-07 4.76333270189979e-08 8.586020771499781e-05 5.9004524379981426e-05 7.076561414277834e-05 9.5619587115384e-06 3.7881342866217153e-06 2.233619161504749e-05 0.0006516344000926086 3.0856080610995446e-06 6.888572845626112e-05 8.884989841969485e-06 1.7130553168830623e-07 2.5259665302362146e-06 2.820857232688471e-06 6.177507322690465e-07 4.246833085466862e-08 4.7656190309459445e-08 9.514041670403341e-08 1.0002698035518966e-06 2.8811351277654814e-07 1.3447918709941723e-06 1.1165347823877145e-06 8.299134191991362e-07 5.498748786857314e-06 5.091516688500953e-07 2.2602434618135576e-07 1.3345847289780801e-06 0.00019816218310213647 1.4815234445259598e-07 2.8607136826023447e-07 2.3646974095965867e-07 0.0 0.0 5.132846628919844e-07 1.939166449663452e-07 7.638988919340136e-07 4.631250265045022e-07 2.4152603703414346e-07 0.0 1.546609168088812e-06 1.3619183393076752e-06 1.2369051752340521e-06 7.762618461876451e-07 0.0 0.0 0.0 6.051597221588895e-08 0.0 0.0 0.0 4.8681515161147045e-08 0.0 0.0 0.0 0.0 9.517754491000476e-08 0.0 4.2526888691251265e-08 0.0 0.0 2.3441204123396997e-07 0.0 1.3238777772967015e-07 6.828959849730294e-08 0.0 3.473661260116662e-07 1.39769606278914e-07 3.857028785635476e-07 8.578552668884899e-07 1.8894827130791035e-06 7.096741883083457e-07 1.2895203985496077e-06 0.0 0.0 0.0 0.0 0.0 0.0 0.0 0.0 2.6460959857922724e-07 0.0 0.0 0.0 1.5626922474365133e-07 0.0 0.0 0.0 0.0 9.913001608770267e-08 2.610536956368511e-07 0.0 0.0 3.5425980055020593e-07 1.6431197657690566e-06 1.6151039842412261e-07 0.0 6.468890443705602e-08 0.0 0.0 0.0 0.0 0.0 0.0 1.3422488415676845e-06 9.483320131887723e-08 0.0 0.0 5.892183565032333e-08 4.932036366761356e-07 0.0 3.339751014477339e-07 4.372283770269428e-07 0.0 2.2870091743874292e-07 1.406194511649334e-07 0.0 0.0 0.0 0.0 0.0 0.0 0.0 0.0 4.5075004026057764e-08 7.941262443151082e-07 8.726557403719318e-07 4.630263190238139e-07 5.4738508796689144e-05 4.582507378489837e-06 6.19024722482754e-05 1.706822728348926e-05 8.096539402522364e-05 2.4700215889087047e-07 4.971105461437933e-07 1.7066802652111933e-06 5.547223966108666e-07 0.0 5.652415675250622e-07 3.3230876935626033e-07 1.1421182237819437e-06 0.0 0.0 5.719447624317505e-08 2.374518126520797e-06 7.338799399328979e-08 1.7947674517878055e-05 9.471420719289318e-07
0.0010651722112947927 7.626613067882493e-05 4.621905612794828e-06 0.0 2.152654770174056e-06 0.00011931076437097954 0.0004683161595387694 1.7549122531005664e-05 1.2263945274276663e-06 0.00037158880316635136 1.3920008056658905e-05 8.039439815206865e-05 0.0002637644958385677 3.077010083988398e-05 5.308072084123102e-07 3.970525614606824e-08 1.2864560653125284e-07 0.0 0.0 0.0 0.0 0.0 0.0 0.0 3.722920730778318e-08 6.133130174101406e-08 0.0 0.0 0.0 0.0 3.913590222203483e-05 3.078668330238316e-07 3.4665641420770754e-07 0.0 0.0 0.0 1.9968687497304757e-07 2.195606083111519e-07 0.0 0.0 0.0 0.0 0.0 0.0 5.4642687155002375e-08 0.0 2.1328899462401343e-05 1.0384416135380088e-06 4.292050000313194e-08 0.0 1.74536033270326e-07 0.0 0.0 0.0 1.356897117721426e-06 5.4976287831091135e-06 1.3304320884200184e-05 2.329200993833124e-05 3.1912477817763993e-06 1.1126981469833506e-05 1.0289248790959923e-07 1.82425083506282e-07 0.0 4.59195924699193e-06 1.7781849821203233e-06 8.688549539905376e-07 2.164151657680463e-07 9.752612705100582e-08 0.0 4.333279907116037e-08 6.342752068114377e-07 2.4537297651026596e-07 0.0 2.4801749815833516e-05 1.2125472882855883e-05 1.5059800131492354e-05 1.0698723549083397e-06 1.4581597350936927e-07 0.0 8.008924485722145e-07 1.3723359103324344e-07 6.419861606524987e-07 4.248069222831226e-06 1.3244509545048234e-07 9.048551348868136e-07 1.1698330621864625e-06 2.1414909433557555e-07 0.0 6.00258648436389e-08 0.0 0.0 0.0 4.646877945925448e-08 0.0 5.280795379337113e-08 3.1702009526816945e-06 3.377602394318626e-07 5.155972637548947e-07 0.0 0.0002455234553979235 0.0 0.0 3.8491344093531766e-07 3.1449216227990454e-07 0.0 2.568435520574414e-06 1.4907469525188098e-06 3.487442430119787e-06 3.384151495880462e-06 3.797128756701042e-06 4.916351303645423e-07 2.506184615643218e-06 2.8333808428649193e-06 1.573611366439128e-06 7.009829659605404e-07 0.0 0.0 0.0 0.0 0.0 0.0 0.0 0.0 0.0 0.0 0.0 0.0 0.0 5.8704743707502225e-08 0.0 0.0 0.0 0.0 0.0 0.0 0.0 0.0 0.0 0.0 0.0 0.0 1.1204279681464555e-07 0.0 2.3028528361242922e-07 0.0 0.0 0.0 0.0 0.0 0.0 0.0 0.0 1.4127939705134096e-07 0.0 0.0 0.0 0.0 0.0 9.617166615505204e-08 0.0 0.0 0.0 0.0 0.0 0.0 0.0 1.6181447767835643e-07 0.0 0.0 0.0 0.0 0.0 0.0 4.5406580876218986e-08 0.0 0.0 4.1256673949076557e-07 0.0 0.0 0.0 0.0 9.06066337322233e-07 0.0 9.433692562512155e-08 0.0 0.0 0.0 0.0 0.0 0.0 4.422067536885676e-08 1.015157981176676e-07 0.0 3.824829573912226e-08 0.0 0.0 0.0 4.7660327851787213e-07 1.5171626513768456e-07 0.0 3.7108315980293666e-05 2.203471223485323e-06 4.269498390370409e-05 8.357844706179757e-06 0.0003158638716414568 3.7816678104611975e-07 4.1694728716314367e-07 1.443341408960966e-06 8.261972402538035e-08 0.0 5.9354037501222553e-08 3.133270484245203e-07 4.28589985761448e-06 0.0 0.0 0.0 2.3922762940375083e-07 1.5195508419553586e-07 5.533243692651275e-05 2.194366992407863e-06
1.5522523245794442e-05 0.0005987473068203398 0.0004807173846611144 2.152654770174056e-06 0.0 1.898439198340698e-06 0.0009988582220633604 0.00012116029847848954 0.0005192831749580638 3.0415713332498463e-05 0.0004539919018442613 2.344387134002386e-06 0.00047138575796691536 0.0006843599907464785 1.2032019840785772e-05 1.94672829212764e-06 8.722992250086759e-08 3.9783559062938183e-08 0.0 4.6248716256393784e-08 0.0 0.0 0.0 0.0 0.0 0.0 1.4481170912088154e-07 0.0 0.0 0.0 5.4169680369921354e-05 1.196864759163442e-05 9.475292174348878e-07 5.075675213095359e-08 0.0 0.0 3.7938561413609213e-07 9.588708109063176e-08 5.325215537721678e-08 4.8605710396566094e-08 5.432924610194655e-08 8.015924114891912e-08 4.8392227692417985e-08 4.262228083353595e-07 0.0 5.32547108758998e-07 8.246240598526836e-05 1.6688044522219091e-06 1.514659911376299e-07 1.6026152299198866e-07 0.0 1.9539542209206206e-07 0.0 2.0138341069341587e-07 3.584060437596011e-06 1.0419243571766431e-05 7.332568957342054e-06 1.8578660536241505e-05 3.849258345663079e-06 2.4652717390608663e-05 7.121969708735986e-07 7.447640238729225e-07 0.0 3.0012237487464403e-05 3.7009280804389204e-06 1.6954817509928168e-06 3.94385488199803e-07 3.4932996402696026e-07 4.07171174981023e-07 1.4696281895411199e-07 1.625265908625642e-07 0.0 5.970035237464416e-08 4.8510768810562564e-05 3.292989879875691e-05 8.870660025395105e-05 2.098804262880162e-05 4.6452823757000324e-06 2.948974979999468e-07 2.127833283148728e-06 1.8873477462557867e-07 5.805194425703309e-07 6.9395392561735675e-06 1.159108756052597e-07 2.0348606174846366e-06 2.661763203427218e-06 3.497884842885601e-07 0.0 0.0 0.0 0.0 3.9929975159292556e-08 9.239424126091762e-08 1.221953665685389e-07 5.430628245529549e-08 7.661416606592787e-06 0.0 0.0 5.9644805223747e-08 4.76935777569732e-06 3.817356478576916e-07 0.0 1.2589378820296658e-06 7.126845119947169e-07 3.960255735635685e-07 1.3126728954780997e-05 4.922279988907074e-06 1.2879126662292669e-05 1.5125161888338618e-05 7.355551556976337e-06 1.958025535331603e-06 1.7490480825321775e-05 1.3728046142383652e-05 1.3176315793880218e-05 5.395398301971957e-06 0.0 3.0800095190282067e-07 0.0 0.0 0.0 0.0 0.0 0.0 0.0 0.0 0.0 0.0 0.0 0.0 0.0 0.0 0.0 0.0 0.0 1.1566970892940356e-06 5.751114804870338e-07 0.0 2.764673095967399e-07 0.0 9.27075765815595e-07 1.4602734873353758e-06 6.310235433347835e-06 2.6591644046325565e-07 3.3253745243897054e-07 0.0 0.0 0.0 0.0 0.0 0.0 0.0 1.3597652653604498e-06 3.108654530280153e-06 0.0 2.1030835185415568e-07 0.0 0.0 0.0 3.650546714219001e-08 7.421474261912199e-08 0.0 4.873038647495162e-07 7.71008246260422e-07 0.0 0.0 1.240079498854841e-06 4.348666324548567e-06 1.4519817578889863e-06 1.905375947189438e-07 1.468065536145865e-07 0.0 4.806625860276092e-07 0.0 0.0 0.0 0.0 5.418335185777766e-06 1.6550014475792652e-07 7.946830312069928e-08 0.0 0.0 4.083832999765562e-06 1.6639426106012104e-07 3.935680225215011e-06 2.3785610150410994e-06 1.249389155468091e-06 0.0 3.891008602892713e-07 0.0 0.0 6.920732717723078e-08 0.0 0.0 0.0 0.0 8.99898897517426e-08 0.0 7.429219964083878e-06 1.2656085722833997e-07 4.802166963092898e-08 0.0001261439777066938 6.670255919314288e-06 0.00011876727525125424 2.8677205958394e-05 1.413293160837641e-05 1.3571092061913696e-06 4.7608039051314653e-07 4.986084267870143e-06 3.018720474411278e-06 6.603011473184404e-08 5.103153744930917e-06 1.7415129487925837e-06 7.721744837467136e-06 0.0 1.4356677768699556e-06 0.0 6.0187557230844436e-06 4.832550480457331e-07 2.127096016402448e-05 7.6151685318991744e-06
3.874093868218341e-05 2.609036330266677e-05 3.448271445237655e-06 0.00011931076437097954 1.898439198340698e-06 0.0 2.779178498598276e-05 4.4087370091832737e-07 8.649797176531213e-07 0.0002835317694706596 5.057621134601414e-07 0.00010107000756560014 6.75824797969252e-05 3.5364908023495196e-05 2.535933921315553e-07 5.127280516234318e-08 0.0 0.0 0.0 0.0 0.0 3.1327294927007185e-07 0.0 0.0 3.230511295065265e-07 0.0 6.914159387309772e-08 0.0 2.5088395780625126e-07 0.0 2.2091281606728505e-05 5.84446670582216e-08 2.211945723774549e-05 0.0 5.121583868819429e-08 2.800066286787985e-07 7.4067846784340236e-06 9.0298615497551e-07 2.0330236511977883e-06 5.313299673876491e-07 0.0 5.2760635850014276e-08 0.0 0.0 0.0 6.018295453757824e-08 6.39016086966423e-07 0.0 0.0 0.0 0.0 7.452876322917224e-07 1.4578527885197582e-06 0.0 5.899508850037082e-08 2.93528793693381e-07 1.3852532228581637e-05 4.722692753293616e-06 4.3242550183588384e-08 9.144631612039436e-08 0.0 4.008954322101499e-06 0.0 0.0 4.5573763535503946e-08 5.144896253229058e-08 0.0 0.0 0.0 0.0 6.528600029566507e-05 3.333907819786219e-05 1.8914915178356e-06 1.1282999506618945e-06 9.168253308561749e-07 3.455853842799946e-07 0.0 4.975670270242562e-08 0.0 7.565190834114989e-06 6.366441827638083e-08 5.667118806814383e-06 2.2935312514610887e-07 1.9237364704763728e-07 0.0 7.207802959810761e-07 0.0 7.660220274794164e-07 1.1544707015662198e-06 1.3823344046622237e-06 1.0838915052783033e-07 0.0 0.0 0.0 0.0 0.00012108743486709137 6.0821457926277314e-05 3.355362497151947e-05 7.093876767635017e-06 0.00012380850813050392 2.917842733778255e-07 0.0 1.4477322538952182e-06 3.8052467839199774e-07 0.0 8.155806155944582e-06 7.665930405779944e-06 1.0468757240451042e-05 1.1842083630532507e-05 7.469116778690838e-06 6.958921473568617e-07 8.445663160385744e-06 1.1556271801299108e-05 6.450766216235181e-06 8.890077850599859e-07 0.0 0.0 0.0 0.0 0.0 0.0 0.0 6.44607948182859e-08 0.0 0.0 0.0 0.0 0.0 2.682567539710705e-07 6.558499918984384e-08 0.0 7.511044311545104e-08 4.159872583493348e-07 0.0 0.0 0.0 0.0 8.45602901571556e-08 0.0 0.0 5.307959004202411e-07 2.3920141851753896e-07 1.1485072357166035e-07 3.888998181684735e-07 0.0 0.0 0.0 0.0 0.0 0.0 0.0 3.270395604574178e-07 3.611826285618001e-07 0.0 0.0 0.0 1.386735374819168e-07 0.0 0.0 0.0 0.0 0.0 4.983781774309177e-07 0.0 0.0 0.0 3.4537931718142175e-07 1.5368214253411563e-07 0.0 0.0 0.0 0.0 0.0 0.0 0.0 0.0 8.987721197264367e-07 1.207638643763834e-07 0.0 0.0 0.0 6.617065891586685e-07 0.0 3.719295291749056e-07 0.0 3.490725683215996e-07 4.460287546515953e-07 0.0 0.0 0.0 0.0 0.0 0.0 5.313863102197634e-08 0.0 0.0 0.0 4.9230777991088285e-06 6.137963758286456e-08 5.8119645617725574e-08 1.4762940168206418e-05 9.626466766953648e-08 8.266934012547709e-07 4.977872837711962e-07 9.758616002321818e-05 1.0397243233426085e-06 0.0 0.0 9.353001526746692e-07 5.5564444419109285e-08 4.865028503179952e-07 0.0 1.5498834414565488e-05 0.0 0.0 0.0 4.7449808522549495e-07 0.0 3.0268496641058074e-05 1.534816512971153e-05
0.0006332289001256245 0.002048423202377454 0.00013573433404789285 0.0004683161595387694 0.0009988582220633604 2.779178498598276e-05 0.0 8.222407833225143e-05 0.00031999652907434983 0.0002541303832453558 0.0004936615094754423 3.7099110927087237e-05 0.000673447009284693 0.0017691477569136574 2.4186564381312587e-05 3.941070983380106e-06 2.686191688446102e-07 0.0 0.0 4.0513309847453436e-08 1.4670295376965924e-07 1.658710755709766e-07 0.0 1.8588706022357033e-07 0.0 1.5474436262204886e-07 9.056379095808893e-08 1.727400839917931e-07 2.2540816634602614e-07 0.0 6.659917413913442e-05 7.325154337407887e-06 4.427791767916084e-06 1.6011943296423235e-07 1.785204965675818e-07 4.455565608591739e-07 5.236670053100741e-07 5.92628782396457e-08 2.7723500577334113e-07 1.430225948156846e-07 9.029920903272898e-08 1.478461147085869e-07 0.0 7.371352151571295e-07 7.422474239657738e-08 7.785298602292127e-07 0.00016590177933927834 4.732368555880166e-06 3.5778258953419137e-07 2.681186423493986e-07 3.3638156760518807e-07 0.0 0.0 3.856454461499474e-07 8.986213370605935e-06 2.043039827212925e-05 2.6199677945142615e-05 4.469902394545066e-05 1.0232767216413873e-05 5.038707970208465e-05 1.4670813967575248e-06 1.097092007200589e-06 5.295579638127648e-08 3.9272761068719825e-05 5.785530974423742e-06 4.8322527917418796e-06 7.98735356793259e-07 5.697202026202433e-07 3.9488459178761325e-07 8.411946484225719e-08 2.40275433683475e-06 4.0596374665515923e-07 0.0 9.091398622902343e-05 6.65123083949087e-05 0.0001620069469863576 3.266425887185312e-05 7.336425756813796e-06 5.809975717145328e-07 3.6724252380660216e-06 3.532771951779056e-07 2.84298867205382e-06 1.4349316997029365e-05 1.582331846200327e-07 4.310731645485832e-06 5.936290027889221e-06 6.185787102582004e-07 3.748101890802722e-08 2.3837615372965175e-07 1.7156746134294325e-07 3.8614997255614116e-08 2.423087436293766e-07 2.1603769029777994e-07 5.317321053914889e-07 3.4512992846632464e-07 3.978146087307417e-05 2.0782030686707382e-07 5.535907981386309e-07 4.859302286530654e-07 4.640470237632681e-05 2.2822805591924624e-06 2.670334664999435e-06 4.308959150882449e-06 4.0021277285073515e-06 5.816502776186965e-07 3.298481571636806e-05 1.2866128474864299e-05 4.179932345666299e-05 4.521603516340114e-05 1.5760637491374354e-05 7.095288825815454e-06 4.812981461126356e-05 4.9156342880613566e-05 4.1298046343747765e-05 2.1982180135135792e-05 0.0 0.0 0.0 0.0 0.0 0.0 0.0 0.0 0.0 0.0 1.2179182716219537e-07 0.0 4.2597285690877115e-07 0.0 0.0 0.0 5.96512244357264e-08 0.0 0.0 2.347678544623143e-06 1.0450438967119898e-06 0.0 1.4183329368496711e-06 4.17231087298796e-07 2.5420697202474654e-06 3.4576150580844576e-06 1.284955976474723e-05 1.65295491606381e-06 1.974229647828011e-06 0.0 0.0 0.0 0.0 1.0374812119726391e-07 8.272558546872131e-08 0.0 1.1631611031437607e-06 2.456829172827974e-06 0.0 0.0 1.4145009934555824e-07 5.859741276281473e-07 1.4082773326797481e-07 0.0 5.061024141304914e-07 4.620706628725482e-07 1.4994857544528945e-06 4.556418822888875e-06 0.0 8.924571993328364e-08 2.3453589439160143e-06 1.6367065153057236e-05 2.359998324210385e-06 1.1217995505251706e-07 2.538720275075971e-07 0.0 3.603203323399815e-08 0.0 0.0 0.0 1.206814145983966e-07 1.3129810226709207e-05 1.4616597396385083e-06 6.92236493946256e-08 0.0 5.432933928983681e-08 8.341934848783461e-06 5.255558019846579e-07 8.49905202239798e-06 5.587313464599492e-06 2.2664224712533563e-06 9.20109071396733e-07 6.067296370412854e-07 0.0 6.886255348814818e-08 1.5394005077287276e-07 0.0 0.0 0.0 0.0 0.0 5.54250711767692e-08 2.5368331002290933e-05 3.060006552007053e-06 1.180044003401158e-06 0.00027810402194955013 1.5577816857531242e-05 0.00024846000823860656 6.576446602377366e-05 0.0001276030955208239 1.6101553416848951e-06 3.444924573485592e-06 9.312612031348053e-06 7.86238653186465e-06 2.400118305893778e-07 9.650100151387894e-06 2.8181932274596713e-06 2.1099194309247307e-05 0.0 9.167050109532447e-08 0.0 1.3273634796508512e-05 8.135233646043026e-07 8.896416721714916e-05 2.836921945778247e-05
4.958875123587764e-05 0.000315875290648976 0.002219193616838572 1.7549122531005664e-05 0.00012116029847848954 4.4087370091832737e-07 8.222407833225143e-05 0.0 8.380985708740406e-05 7.062586098416203e-06 0.001462150064633155 2.564955153585397e-06 4.861999365216953e-05 0.0005904525294274455 7.452565845955914e-06 2.481081156398547e-06 7.827418847703461e-07 3.046970505206187e-07 4.351348752306442e-07 7.082890757647941e-07 2.380828914389879e-06 3.0286099819192525e-07 1.1168517251549543e-06 1.4269236990676218e-06 1.730290816820249e-05 2.344916405377595e-06 5.819973412209749e-06 4.3048786753850234e-07 1.197594895960872e-06 4.882329193422603e-07 0.0006404079773913912 0.0011684735385178756 9.562107356617409e-05 3.495022290104143e-07 7.088432591303905e-06 2.2309307242031963e-05 1.1524158290177554e-05 1.726431918828901e-05 4.302927399814167e-06 5.6455514050756074e-06 1.4479415252235562e-06 1.440156798830752e-06 3.7780483569618106e-07 1.1161380958754545e-06 4.3736443851502885e-07 5.253731049753038e-06 2.446373735620835e-05 2.906712085433038e-07 3.1692836612680207e-07 1.4915497088470481e-06 1.5844993714388427e-06 1.6565652837438962e-07 8.914061904649319e-07 3.434136010717239e-07 6.372275819666622e-07 1.6480258501327336e-06 4.718507738904062e-06 2.7376879384564777e-05 1.0903504941502537e-06 6.675008293837124e-06 6.366783891351633e-05 0.00011956103368655062 9.441846029802592e-06 0.0001928776662142235 5.5189754191517e-07 4.4998390677321317e-07 2.3842266523934284e-07 3.461369490658744e-07 8.625840756275366e-07 1.3568496384913362e-06 2.7327836981377833e-06 1.1022852572164167e-06 6.061702373043244e-08 1.3868931179035845e-05 2.1374478885309106e-05 2.6658538686620296e-05 4.5537709871926955e-05 0.0001292795012053144 0.0006028897738162836 0.0011571301593944292 2.6812644213997235e-05 0.00043304428498245256 1.62595992902254e-06 5.89680066658e-08 6.582010578551299e-07 3.569473249688488e-07 7.829857359742716e-07 6.36223331914773e-08 1.0304944140585275e-07 4.758801619943138e-08 8.812534271669585e-07 1.8950056403457912e-07 1.407378904645554e-06 1.3141501550748654e-06 7.197421577944772e-07 1.3313017912870382e-06 8.137085432788577e-07 1.1861879383527206e-07 1.2369909869443878e-06 2.4845291807381722e-05 6.0110579804189e-08 1.4773307062939623e-07 0.0 0.0 0.0 0.0 2.88903305235591e-07 2.265190161760792e-07 2.3028116184035978e-07 1.8559007758559517e-07 0.0 4.0579001933865796e-07 0.0 3.4113126118410267e-07 5.94463039066188e-07 6.255696622017281e-08 0.0 0.0 0.0 0.0 0.0 0.0 0.0 0.0 4.548309171827614e-08 0.0 0.0 1.30294885238808e-07 0.0 0.0 0.0 6.109179452643464e-08 0.0 0.0 0.0 6.407222282077878e-08 7.145414455791291e-08 4.056298078503947e-07 2.815147671582481e-07 2.094183143142351e-07 1.769119294987937e-06 3.4084218876435114e-06 1.48437775017913e-06 1.895032213231115e-06 0.0 1.4244683701983221e-07 0.0 0.0 0.0 0.0 0.0 0.0 0.0 0.0 4.920852135379239e-08 0.0 3.9169834370102047e-07 3.0947428112110665e-07 0.0 0.0 0.0 0.0 2.1883408326129965e-07 0.0 0.0 3.0313042947172865e-07 6.108018904994699e-07 5.0833517447634213e-08 1.259059721612037e-07 0.0 0.0 0.0 0.0 0.0 0.0 8.06539899949343e-08 4.91727794968962e-07 3.602270010837315e-07 1.1647100650874458e-07 0.0 2.485422178068854e-07 1.9387521219667352e-07 1.1904589544125415e-07 5.649720108000218e-07 5.098173278710063e-08 3.1840467735757656e-07 1.0510272904335236e-07 0.0 0.0 0.0 0.0 0.0 0.0 0.0 1.0963610843991463e-07 0.0 0.0 4.1348230334431954e-07 8.514378111424011e-07 1.2637611940418893e-06 3.8326525826071804e-05 7.815462411284513e-07 3.16275509043207e-05 1.0426522649914206e-05 1.0158824632612415e-05 1.09843175516233e-07 1.29664340131779e-07 7.618346045413129e-07 1.157258306194857e-06 0.0 1.0696226041941304e-06 6.351787673478951e-08 1.0584552971665429e-07 0.0 0.0 0.0 3.2368269968034838e-06 5.384355010105565e-07 3.020200627850451e-06 1.181865253191898e-06
7.524832678520676e-07 0.00033687973388410897 0.0002414973217413015 1.2263945274276663e-06 0.0005192831749580638 8.649797176531213e-07 0.00031999652907434983 8.380985708740406e-05 0.0 3.928404086069926e-06 0.0003989863695564775 1.170801327376111e-06 0.000104871703123893 0.0002652666148785029 3.078837179527177e-06 4.117857676239512e-07 0.0 0.0 6.549905128182255e-08 0.0 7.391953771936112e-08 0.0 0.0 0.0 0.0 0.0 0.0 0.0 0.0 0.0 2.7291883731336755e-06 1.0544141828003053e-06 3.3360524229542194e-07 0.0 0.0 0.0 0.0 0.0 0.0 0.0 0.0 6.476443680626539e-08 0.0 7.980152867968826e-08 0.0 6.951962130240637e-08 1.454622541053947e-05 1.4787054068828517e-07 0.0 4.622185663909972e-08 0.0 0.0 0.0 0.0 3.2790221867834863e-07 9.514146399255403e-07 8.435032565427988e-07 1.8201287690931393e-06 7.926801187924806e-07 2.916840415583014e-06 2.9765803513061227e-07 6.381632170581194e-08 5.660911651047572e-08 5.851335474104955e-06 2.878439883088545e-07 3.7324823459419465e-07 6.379820741360425e-08 0.0 0.0 6.478589152592404e-08 3.968729310497478e-07 0.0 0.0 5.39225041503881e-06 3.7936780162928295e-06 1.370604706207983e-05 4.161363381856909e-06 5.513502279307461e-07 1.2033725738304964e-07 4.708794550052767e-06 0.0 1.444354200041413e-07 7.604358686450345e-07 4.334974134644047e-08 3.0805380018904974e-07 1.8612439185932704e-07 0.0 0.0 3.6650499756788916e-08 0.0 0.0 0.0 0.0 0.0 0.0 3.4903290253769335e-06 0.0 0.0 0.0 6.202727048164841e-07 0.0 2.7373359265772263e-07 4.6860015196763325e-07 2.7205912096244934e-07 0.0 1.3414082007779035e-06 1.0190153648648075e-06 2.1001909090813386e-06 4.480802717191799e-06 2.0950930225345993e-06 6.687984134092581e-07 8.227547785143962e-06 4.807153282230093e-06 3.1074283317627003e-06 2.2722587428010597e-06 0.0 0.0 0.0 7.997837779051338e-08 0.0 0.0 0.0 0.0 0.0 0.0 0.0 0.0 1.4214829169262028e-07 0.0 0.0 0.0 0.0 0.0 0.0 1.4410981076310666e-07 3.707649099321697e-07 0.0 0.0 0.0 1.1810814928566749e-07 2.9983235233266823e-07 1.1526070656220077e-06 4.477250896595846e-08 0.0 0.0 0.0 0.0 0.0 0.0 0.0 0.0 1.626017863217088e-07 3.1647717186703695e-07 0.0 1.9611711212406938e-07 7.169529331302085e-08 0.0 0.0 0.0 0.0 0.0 0.0 4.729484996397752e-07 0.0 0.0 0.0 1.6906889902720012e-06 0.0 8.719340001618295e-08 0.0 0.0 0.0 0.0 0.0 0.0 0.0 1.1054159438155142e-06 5.8518364342822694e-08 0.0 0.0 0.0 8.882060609668392e-07 6.033456406674008e-08 1.0880509395919806e-06 2.0069271280322096e-07 1.8448600179833446e-07 4.9190991277973675e-08 0.0 0.0 0.0 0.0 0.0 0.0 0.0 0.0 0.0 0.0 1.8981698674170843e-06 1.3799016200940684e-07 0.0 2.5286541306388295e-05 1.0344227101470009e-06 2.0489107331152907e-05 6.167944936934669e-06 4.3715810296364905e-06 6.774888508282958e-07 1.0629134775198113e-07 5.449225394374763e-07 1.1178945549934134e-06 8.870720862034021e-08 7.366791572063227e-07 2.9128269314262396e-07 2.536255813793426e-06 1.1117076604244381e-07 0.0 0.0 3.93136776204892e-06 2.922547360259777e-07 6.388289198056557e-06 1.7449191167160521e-06
0.0007681802023991413 4.193421805673963e-05 1.4060148604503317e-05 0.00037158880316635136 3.0415713332498463e-05 0.0002835317694706596 0.0002541303832453558 7.062586098416203e-06 3.928404086069926e-06 0.0 4.412683957186399e-05 0.0006028211121579661 0.0018439175717674828 0.0004137152199994784 7.090959241166602e-06 5.676886779392704e-07 1.5607331870926705e-07 4.229795113391764e-08 0.0 0.0 4.77744837341917e-07 0.0 1.1917688894176964e-07 5.682898760291652e-07 1.5726394167436643e-06 1.0013056299619872e-06 8.106919258257441e-07 1.1096221154403083e-07 7.51433276882657e-07 0.0 3.4584911131398586e-05 1.239660293130484e-06 3.7612669110773744e-05 0.0 2.472866686881486e-07 6.681464135825703e-07 6.945458113696943e-06 1.8516490926992117e-06 1.4750112668735667e-06 7.307732348789454e-07 2.5165807677898155e-07 0.0 0.0 2.8069591799819067e-07 0.0 2.923120179052937e-07 4.9325259705605836e-05 1.3366741555962547e-06 3.5420818879559765e-07 4.919922765381323e-08 1.0261523601531283e-07 2.830266044801113e-07 2.0238669302490623e-07 5.610641300278155e-07 3.603519362961349e-06 8.20952084941513e-06 2.5200857066334203e-05 2.6081565684837328e-05 4.584863541107295e-06 1.8649995246181445e-05 2.817620197201684e-07 2.4815901629917724e-06 0.0 1.5009150312465477e-05 2.5114412155036783e-06 1.5665326996018136e-06 2.048642292852859e-07 1.3631114561240837e-07 2.087623683388097e-07 0.0 6.600411103456959e-05 1.284367235096852e-05 7.225673171428916e-07 3.296458110217246e-05 2.0093286344434118e-05 3.983026768652208e-05 8.689595907299516e-06 1.6767451142124735e-06 1.2895859598145586e-07 1.2568942952515428e-05 1.1769904011080579e-07 4.174727407021712e-06 5.768172464679326e-06 5.484280671568652e-07 1.3827111740550135e-06 2.2782921712513667e-06 4.5922252195673445e-07 3.212039591456945e-07 3.4051751498636877e-07 4.191988069481346e-07 3.469433110486363e-07 1.3932854082599068e-07 4.110489023024292e-07 4.2000402558716593e-07 1.2205669940367503e-07 0.00022692525657607565 4.413431606497314e-05 1.521050610728603e-05 4.4107348607785146e-06 0.0002759941312993469 2.6768833221267174e-06 7.391942621646625e-06 2.3184788980443322e-05 1.282881740916322e-05 2.012624205545054e-06 6.112297690057248e-05 3.766949611132411e-05 7.769065176828008e-05 9.978209423522794e-05 4.8017924001026176e-05 1.1115335280990296e-05 9.440113165141619e-05 0.00010334186994446239 7.011933424972569e-05 2.6741075304968306e-05 5.957076744493146e-07 1.4552527746983737e-07 0.0 6.717137965561969e-08 0.0 5.4004579492263416e-08 0.0 3.85875225982443e-07 0.0 0.0 0.0 0.0 3.4321641908007284e-07 6.35781477948932e-08 0.0 0.0 0.0 1.4430553400586004e-07 0.0 3.6141358865476748e-06 1.949583543996311e-06 0.0 9.908388951568136e-07 1.684008543962986e-07 3.515410639229637e-06 4.238151250006925e-06 1.2376408531268032e-05 2.116762619131645e-06 2.8170649514941384e-06 0.0 0.0 0.0 0.0 1.544501541158839e-07 2.0912147504224496e-07 0.0 1.5967272785187322e-06 4.1833975975795155e-06 5.441269585767883e-08 7.552434788251169e-08 1.2970291991834865e-07 1.166202612516024e-07 6.071679928770918e-08 3.36509847904437e-07 9.988545483099941e-07 5.516952345895546e-07 2.1724591143754093e-06 3.677605280490479e-06 2.1312779448391751e-07 0.0 2.7508637975580126e-07 1.4761184296889e-05 3.86112240062543e-06 1.8892785993420767e-07 6.49415694233259e-07 0.0 4.597122063993287e-08 0.0 0.0 0.0 1.9510853958773173e-07 1.75473225567271e-05 9.366153707163728e-07 5.2996325945242475e-08 2.1658757770163498e-07 0.0 1.3956136679141163e-05 5.455707974119546e-07 8.875734384866874e-06 7.9139937919493e-06 9.521450516272462e-06 1.3902060287627e-06 9.647300425165222e-07 0.0 5.934482265253524e-08 0.0 6.951484004680585e-08 0.0 2.2650027824183672e-07 8.610855964313279e-07 1.0749078700832954e-07 2.2603422768187354e-07 3.9752512302269686e-05 4.436413328731767e-06 1.4730072075311745e-06 0.00014395880138904718 5.118254111381831e-06 8.698016398396452e-05 2.1044346684000867e-05 0.000792670715084197 9.370037133283036e-07 2.3537634593828215e-06 2.952082111567226e-06 1.5072074069805886e-05 1.1575869906362704e-06 1.5535703823428957e-05 3.494743654728101e-06 6.696263171348316e-05 2.8137046929432245e-07 6.355758911264093e-08 7.887222032915013e-07 1.4484755850226652e-06 1.1941676317327076e-06 0.0004034044538486768 8.557568897885049e-05
4.989907904997475e-05 0.001115498429000104 0.002927904331323756 1.3920008056658905e-05 0.0004539919018442613 5.057621134601414e-07 0.0004936615094754423 0.001462150064633155 0.0003989863695564775 4.412683957186399e-05 0.0 2.9754111278647772e-05 0.0006926344550788947 0.0010412070067577352 7.909134344540551e-06 2.0824005666534392e-06 5.032519901113658e-08 0.0 0.0 1.974134775387422e-07 0.0 0.0 0.0 0.0 7.442691639182687e-07 2.2252035247800686e-07 2.3536484081798408e-07 0.0 5.3189683649242995e-08 5.639856922487092e-08 0.0002173657185167589 7.953573845505405e-05 5.7018634575879116e-05 0.0 4.604989630836387e-08 2.1021218015932745e-06 1.2309516181244917e-05 5.038567311331656e-06 1.8883003702164689e-06 7.572863079140091e-07 2.6786940058443613e-07 0.0 1.1981618295803462e-07 3.4750155310526854e-07 0.0 2.8883122081832145e-07 3.0202386463591895e-05 4.194213396300873e-07 1.323707458506494e-07 0.0 7.306861042015476e-08 1.437022356042847e-07 4.2337454555845844e-07 5.7145348304257303e-08 9.2683831948705e-07 2.989464641627692e-06 3.65430562339617e-06 1.5872700932890844e-05 2.349781698534383e-06 6.9702170393905545e-06 6.479027637457598e-07 1.1731424863848227e-05 2.3813080793533226e-07 1.8077139611548e-05 8.434878196103615e-07 4.127080696788012e-07 0.0 0.0 0.0 0.0 5.316826211880985e-06 0.0 6.694443130132827e-08 1.3912446196273965e-05 1.1253590698745193e-05 3.676450676078627e-05 9.993602363390813e-06 4.315496424750521e-06 4.1276574409418416e-05 0.0003303741240066968 1.6492706790599407e-07 1.4053059905631202e-05 2.29577080018633e-06 5.9245090105053984e-08 7.565614530778825e-07 4.612838631784427e-07 3.108310179520727e-07 0.0 0.0 0.0 4.570787883034335e-08 2.0656691540641166e-07 6.90161558045018e-08 1.32508563572052e-07 1.7454822296320258e-07 1.1275135516757172e-05 4.860358857998774e-07 0.0 1.3892942318504026e-06 1.5149862704214353e-05 0.0 0.0 3.676003208617642e-07 0.0 0.0 8.511734765233653e-07 6.107784071511231e-07 2.090744481318377e-06 9.445528213088726e-07 1.8103868998765415e-06 1.4600419154280668e-07 2.5223943229971917e-06 3.185902198233185e-06 1.8040986598927538e-06 2.7199647361114392e-06 0.0 0.0 0.0 0.0 0.0 0.0 0.0 0.0 0.0 0.0 0.0 0.0 0.0 0.0 0.0 0.0 0.0 4.2657534529253106e-08 0.0 3.053903791766389e-07 5.740109171664061e-08 0.0 9.957938959945804e-08 0.0 1.7327509000640273e-07 1.6242446016056848e-06 1.4012473242577508e-06 5.336882231484898e-07 1.6614771457567695e-07 0.0 0.0 0.0 0.0 0.0 0.0 0.0 0.0 9.391076270792648e-07 0.0 1.7779763093449725e-07 0.0 1.1683277265120202e-07 0.0 4.30544740824761e-07 0.0 0.0 7.475613558836441e-08 3.440880018335714e-07 0.0 0.0 5.793907974373873e-08 1.3370738062002544e-06 5.543051550005043e-08 0.0 6.788111296447614e-08 5.083072181092626e-08 0.0 0.0 0.0 0.0 0.0 2.1252179936816395e-06 0.0 1.338871708840333e-07 0.0 0.0 5.699922073194778e-07 2.3541225194923115e-07 8.39899401262582e-07 9.956120577474768e-07 5.685135556389977e-07 0.0 0.0 0.0 0.0 0.0 0.0 0.0 9.799581193868935e-08 0.0 0.0 0.0 1.1233360969745527e-06 9.462603962100876e-07 2.8514259681531026e-07 4.855101673921925e-05 3.536734766812573e-06 3.913244484378151e-05 1.2180739584797297e-05 7.97319316981003e-06 2.3527974593757362e-07 3.451088680031247e-07 1.1099304849216443e-06 9.615407514868971e-07 0.0 7.133384687670999e-07 1.5897143700745984e-07 1.5613600261889864e-06 0.0 0.0 0.0 2.184232339817948e-06 5.928821674383866e-07 5.2143628577902045e-06 3.1011569157772554e-06
