0.0 0.0009233999423346458 0.00018975751098743163 0.0005324653252787964 1.0282231241519596e-05 0.00011052986951582978 0.00010245899876281499 4.195387805858753e-05 1.69370610186099e-06 0.0003228288263296626 1.0759189437577682e-05 1.5082900480552476e-06 2.4262804582696707e-05 1.5871897584550232e-05 4.6727727740509676e-08 0.0 0.0 9.445296671707254e-08 0.0 3.8821993326894614e-08 0.0 0.0 0.0 0.0 0.0 0.0 0.0 7.625724634200766e-08 0.0 0.0 0.0003411642756797543 3.611698412554845e-05 2.13739108919985e-06 0.0 0.0 0.0 1.144464524513629e-07 3.8723022484801295e-08 1.0779257509140162e-07 0.0 0.0 0.0 0.0 8.459617812677965e-08 0.0 0.0 1.099672053574703e-05 9.619889023752926e-07 2.0784560437579518e-07 0.0 3.037835035874375e-07 0.0 0.0 0.0 1.4443622294157388e-06 2.6719586632328867e-06 0.0002146670221435833 0.00023926291379451625 2.1395765246939873e-05 1.5817754346828124e-05 9.758016955205098e-08 5.805708436448989e-08 4.028309235790047e-08 3.1439955962172987e-06 1.2111752423098789e-06 3.1358929648207316e-07 7.206264110951479e-07 1.3054232334537087e-07 0.0 0.0 3.561583184284693e-07 1.2320682320290191e-06 6.353916382501781e-08 4.7589529911309055e-05 6.011846645366745e-07 1.0546760482311318e-06 6.425577696116617e-08 8.947332366199474e-08 0.0 7.924238320854251e-06 0.0 1.465354598773108e-07 1.2665056697547939e-05 2.1908587264202945e-07 8.391976327725768e-07 1.5324472457141008e-06 4.687384640352742e-08 1.0195552107574265e-07 6.680094688987781e-07 4.0170430089692286e-08 7.912167112799397e-08 0.0 3.621337434470602e-08 1.4475314766087798e-07 0.0 1.7425735522789234e-05 5.953711519873404e-07 0.0 1.0833119319922921e-07 0.0005400807075492198 0.0 0.0 0.0 0.0 0.0 0.0 0.0 2.8920631682446207e-07 2.6815749466747276e-07 1.229827354370151e-07 0.0 0.0 0.0 0.0 7.294323340649187e-08 0.0 0.0 0.0 0.0 0.0 0.0 0.0 0.0 0.0 0.0 0.0 0.0 0.0 0.0 0.0 0.0 0.0 0.0 0.0 0.0 0.0 0.0 0.0 0.0 1.2254812674586767e-07 0.0 0.0 0.0 0.0 0.0 0.0 0.0 0.0 0.0 0.0 0.0 0.0 0.0 0.0 0.0 0.0 0.0 0.0 0.0 0.0 0.0 0.0 0.0 0.0 0.0 0.0 0.0 0.0 0.0 0.0 0.0 0.0 0.0 0.0 0.0 0.0 0.0 0.0 0.0 0.0 0.0 0.0 0.0 0.0 0.0 0.0 0.0 0.0 0.0 0.0 0.0 0.0 0.0 5.641335403788415e-08 4.749218949095706e-08 4.2865149324543484e-08 0.0 5.561221094533852e-07 0.0 5.9460754027330074e-08 9.312914087671078e-06 4.912651718201221e-07 2.7474314687244438e-05 7.743013631111642e-07 0.0004100403024439755 3.088200046694158e-06 4.7009229301376e-07 7.608413740082651e-08 0.0 0.0 0.0 0.0 6.268809569335951e-07 0.0 0.0 0.0 0.0 0.0 0.00012443882281882408 0.0
0.0009233999423346458 0.0 0.0006527115921471755 0.0006197719629333051 0.00015507767076380872 0.00013363100217669407 0.000634215513973647 0.0008026572716588948 0.0002843124343968133 0.0007253299220454849 0.0005807521872424062 6.105043342627437e-06 0.00012784836665806598 0.00029005163880733417 1.8101643958254494e-06 1.584774883534484e-07 1.5866551835356375e-07 1.0632037367647041e-07 0.0 3.879781595547094e-08 3.340253429656644e-08 0.0 4.4081168583679555e-08 0.0 1.4833363403267142e-07 5.8968985254359966e-08 0.0 3.367180117310121e-08 0.0 0.0 0.0010124746269821862 4.2122603225746854e-05 5.495332118613182e-06 6.724026127875916e-08 2.263584467305214e-07 1.435506543627544e-07 5.203350283673308e-07 2.2712061468043246e-07 3.413444289699816e-07 0.0 0.0 2.3415091865938056e-07 3.706878674640408e-08 8.994460915306116e-07 0.0 6.715649116406712e-07 0.0001231991828226018 4.210346404606916e-06 3.572232388494487e-07 9.378764451823458e-08 9.36100868368902e-07 4.1198458281678275e-08 0.0 4.141317358506251e-08 5.510742558431796e-06 6.552641144885098e-06 0.00014520695479740948 0.0002620540165955137 4.3581677178031404e-05 6.137531136198757e-05 3.3810896978069636e-07 1.6999823619021106e-07 1.2058046765950836e-07 2.3049098538668943e-05 3.5564740112542103e-06 1.0594533631546044e-06 2.0412349966732607e-06 8.136999212093554e-07 2.769878642950102e-07 3.5968849367591134e-08 1.9187718119243396e-06 1.284543776184408e-07 0.0 0.00015157893550152857 3.568660903748702e-05 3.263537492962272e-05 6.110635310382399e-06 6.693381666481914e-07 3.1386624937483213e-07 5.23007075119642e-05 4.3137556793608867e-07 7.486989380934745e-07 3.703108478959931e-05 3.412320586990128e-07 2.603068160089083e-06 5.981342741710558e-06 6.921461326628727e-07 4.188252994770053e-08 2.4016398633987013e-06 3.430735912000131e-08 6.084000558324476e-07 1.3016898540829424e-07 2.133902296450061e-07 5.823289395569432e-07 2.1105383968912544e-07 9.253745139462756e-06 1.961315634508974e-06 6.729834277409288e-08 6.991762581990636e-07 0.0002442571437079545 0.0 0.0 1.2801926669204156e-06 0.0 1.4680679798759712e-06 1.4100082415810165e-06 0.0 2.476835521332673e-06 5.901477944097077e-06 7.932129465139135e-06 2.7488785291770612e-06 1.969513048209456e-06 5.914588672057493e-06 2.6985457191639576e-06 6.046951471658491e-06 0.0 0.0 0.0 0.0 0.0 0.0 0.0 9.525339279417472e-08 0.0 0.0 6.276648721890153e-08 0.0 0.0 0.0 0.0 0.0 0.0 0.0 0.0 4.256017183451083e-07 0.0 0.0 0.0 0.0 5.0423460393859495e-06 6.815490694267973e-08 2.549242209811737e-06 1.042383418669627e-06 4.171358034497416e-08 0.0 0.0 0.0 0.0 0.0 0.0 0.0 0.0 0.0 0.0 8.689749596979258e-08 8.39556237826718e-08 5.844521358394981e-08 0.0 0.0 0.0 0.0 5.5309740738268325e-08 8.954188461380972e-08 4.324682864942605e-08 0.0 0.0 0.0 3.50293222944585e-08 0.0 0.0 5.202051187955146e-08 5.143591393975704e-08 0.0 3.7309836956369914e-08 4.283082018242942e-08 0.0 3.4273188175502734e-06 5.437004236008857e-07 1.205687261260701e-07 2.862124496622425e-07 0.0 1.917546546085955e-06 0.0 0.0 0.0 2.9568587832131925e-07 0.0 0.0 0.0 4.1243140348136536e-08 0.0 0.0 0.0 7.455167424450728e-08 8.059220166983295e-08 0.0 0.0 5.6731523606308135e-06 9.071705410803421e-07 2.54556445591508e-06 0.00019193398029104713 6.488871546571972e-06 0.0001978686045191523 1.93352574137192e-05 0.00016746945228356138 9.259711317902098e-06 1.0906506531887535e-06 5.7689034562307426e-06 1.8310070841534798e-06 0.0 9.56615283667139e-07 0.0 1.268666354914035e-06 3.129609346449178e-07 0.0 0.0 1.7343128828920248e-06 0.0 6.265730109996269e-05 6.373560075009736e-07
0.00018975751098743163 0.0006527115921471755 0.0 4.655097530319687e-05 0.0007690615062619624 3.2792655657557173e-06 0.00020184129476966107 0.0014071731030961534 0.0002689765205729073 0.0001400522277026234 0.0008488203668422323 3.6637210706141062e-06 8.137672185593393e-05 0.0003834208570176085 1.127200638706645e-06 0.0 0.0 0.0 0.0 7.249814201444937e-08 1.8129688768225976e-07 1.4355359055721743e-07 1.4858133204645466e-07 4.8402146976978104e-08 0.0 4.8154663094503775e-08 0.0 6.494023795684097e-08 0.0 4.5269392950036964e-08 0.0009203332562000672 0.0001660935161778575 4.60087280882127e-05 4.139809030543976e-08 1.4197877482352773e-07 1.8527717667426224e-07 2.4974859878779953e-06 7.362408985846679e-07 4.392901790657818e-07 4.85869390521497e-08 1.2088963433660254e-07 2.1774821057736626e-07 3.807480159095184e-08 3.9628269730909184e-07 1.7959315192295392e-07 7.781902634560569e-07 5.353960309366871e-05 1.3194151636608937e-06 3.9759958539237747e-07 7.196958807814034e-08 3.598116256673595e-07 1.297076914138779e-07 4.409498978634527e-08 1.2308235191744896e-07 2.1749541202069318e-06 2.19693004333231e-06 5.5124232398735065e-05 0.00017668893121929283 1.6216913281833743e-05 2.4819392246059788e-05 6.784284105743956e-07 2.3983164741073866e-06 3.351516314731278e-07 9.964995233042945e-05 1.122697729811121e-06 4.6620184183908475e-07 6.977276339390081e-07 1.784384747949917e-07 1.4271765437138843e-07 7.290405711020347e-08 2.2146310457622862e-06 1.4392848905731797e-07 0.0 6.720069826457132e-05 3.262967847227783e-05 2.159105837016639e-05 7.114146713353602e-06 4.967315256071006e-07 5.670487499735897e-07 8.899317852371089e-05 4.1090739526733407e-07 2.189210671290132e-06 1.3900120146415309e-05 3.385120427699869e-08 1.4947411685038424e-06 2.10198631685495e-06 2.8333344123635425e-07 0.0 6.190748162895178e-07 6.679480326796051e-08 3.1394208105790857e-07 3.7834919369943676e-08 1.0653659763225831e-07 3.1300263509512025e-07 1.246149610723879e-07 4.520626911659643e-06 1.7940216074638952e-06 0.0 9.540441765969743e-07 2.0929677822596844e-05 0.0 0.0 3.9469673052527023e-07 0.0 0.0 1.5123205443503607e-06 5.340829105262259e-07 6.197044888698366e-07 6.342650966784407e-07 3.857996791103741e-06 1.4739678944084492e-06 1.9112215192614387e-06 1.4397399390710867e-06 8.841143255015361e-07 2.5729571062743906e-06 0.0 0.0 0.0 0.0 0.0 0.0 0.0 0.0 0.0 0.0 0.0 0.0 0.0 0.0 0.0 0.0 0.0 0.0 0.0 0.0 1.60521563117363e-07 0.0 0.0 0.0 1.5449761399752589e-06 0.0 2.832192946488457e-06 3.730157408337718e-07 0.0 0.0 0.0 0.0 0.0 0.0 0.0 0.0 6.854535267357234e-08 4.103999916644001e-07 0.0 0.0 6.760518645092677e-08 0.0 0.0 0.0 0.0 4.995570206722452e-08 0.0 3.933784862770282e-08 0.0 0.0 0.0 0.0 0.0 0.0 0.0 0.0 0.0 0.0 3.836727900360645e-08 0.0 0.0 1.8978024162608852e-06 2.1805852902134922e-07 6.733484242901995e-08 0.0 0.0 2.69453946188413e-07 0.0 0.0 2.7073884110749984e-07 0.0 0.0 0.0 1.1238373204150467e-07 0.0 0.0 0.0 0.0 0.0 0.0 0.0 0.0 3.709634100101334e-06 5.469703514420772e-07 1.1700047086975297e-06 7.752527145151745e-05 1.6748478916603094e-06 7.120327669713516e-05 8.307222078515637e-06 1.3106126129347968e-05 2.801235528942075e-06 4.2537700375848094e-07 2.5210448961709388e-06 1.0801440896304142e-06 0.0 6.775939343747637e-08 7.953390958618833e-08 5.246189620441887e-07 4.176787885385054e-08 0.0 0.0 8.964860830705095e-07 0.0 1.1579436624710473e-05 7.369969994808266e-07
0.0005324653252787964 0.0006197719629333051 4.655097530319687e-05 0.0 2.1144080374226768e-05 0.0003413489252959616 0.00022372800958807146 2.9304131772337224e-06 7.75533489586909e-06 0.0016821304575828705 3.992389545779918e-06 1.0805958385595155e-06 0.0002328268106620864 4.7950486088289e-05 5.196433355733599e-07 0.0 0.0 7.721101314718249e-08 3.5158044410834594e-08 4.931219855099851e-08 3.98594140967485e-08 3.9563296451842496e-08 3.857433100166289e-08 0.0 3.8601626254720784e-08 4.464447019147916e-08 0.0 0.0 0.0 0.0 2.5201644868588983e-05 3.414461316084704e-07 4.626146330419571e-08 3.101044424506023e-08 0.0 0.0 5.462811925352615e-07 0.0 5.242631017640981e-08 5.891298667266743e-08 4.613430175084358e-08 3.527104409807499e-08 0.0 1.0572235035249042e-07 8.632939911843903e-08 1.433294924092066e-07 3.9250626223160314e-05 2.2609195869438174e-06 8.78838496668863e-08 4.3610439834016277e-08 3.5711090751144517e-07 6.739817338583558e-08 0.0 4.131616236888705e-08 2.959683356864826e-06 2.895569308874845e-06 8.19892355137202e-05 8.000080958044922e-05 2.111363557405625e-05 2.7623702321001333e-05 3.907904498558047e-08 0.0 0.0 3.649894602264843e-07 1.5953331500706821e-06 7.901134873099762e-07 1.4476298602119804e-06 1.6312661324440318e-07 1.2074385309261697e-07 0.0 1.7874107477861275e-07 2.2735306070507683e-07 1.2580407440811864e-07 6.580324815266398e-05 6.184489734152143e-06 6.075900788500853e-06 1.2101765987734193e-06 2.7745761972054207e-07 8.831071069794792e-08 1.272239174736087e-07 5.1854021542463715e-08 0.0 1.7624701893421683e-05 2.9498305069928516e-07 1.1333719224957811e-06 2.417564620665998e-06 5.461952609921151e-07 1.0428768680489303e-07 8.063418243738522e-07 0.0 2.3289880854145262e-07 6.276653912952189e-08 0.0 4.348006306661683e-08 7.658520466366516e-08 4.719732743418051e-06 5.137381910458826e-07 0.0 2.2672755070762644e-07 0.00022685131175197187 5.043281257877592e-08 5.958717325881131e-07 7.215271868901965e-06 6.1143784294833024e-06 0.0 2.2773901357177896e-06 4.786657190215899e-06 6.685149615420008e-07 8.455698476487484e-06 3.965129845008128e-06 0.0 0.0 1.8532892182950063e-06 1.0025204292289026e-06 1.4577193770909158e-06 0.0 0.0 0.0 0.0 0.0 0.0 0.0 0.0 0.0 0.0 0.0 0.0 0.0 0.0 0.0 0.0 0.0 0.0 0.0 0.0 0.0 0.0 0.0 0.0 4.639917763778032e-07 0.0 5.145821928443471e-08 2.1622381303368248e-07 0.0 0.0 0.0 0.0 0.0 0.0 3.4457663076784045e-08 0.0 0.0 4.252373804118333e-07 0.0 0.0 0.0 0.0 0.0 0.0 0.0 1.098590168438555e-07 1.9865789825990119e-07 5.1945114947920325e-08 0.0 0.0 0.0 0.0 0.0 0.0 0.0 0.0 5.006029547838348e-08 0.0 3.988387697658406e-08 3.9906338053122725e-08 0.0 2.0148796470404948e-07 0.0 0.0 6.803474034541858e-08 0.0 0.0 0.0 0.0 2.4865520020050123e-07 3.4013294864571155e-07 0.0 0.0 0.0 0.0 0.0 0.0 0.0 4.939813333855876e-08 4.294835880453586e-08 0.0 0.0 3.3913929955981174e-06 3.017427835473624e-07 6.920483817203572e-08 4.232891011173658e-05 1.097133582387105e-06 6.902981395282855e-05 2.8539501377262016e-06 0.0002271213642503237 2.520293321231991e-06 5.333132706913992e-07 1.2994310056161959e-06 6.885814855191106e-07 0.0 2.4606381229985197e-07 1.6517780300771816e-07 3.7492434899396252e-06 0.0 0.0 0.0 9.762142551756675e-08 0.0 0.00012556982108602742 1.8585702544117823e-06
1.0282231241519596e-05 0.00015507767076380872 0.0007690615062619624 2.1144080374226768e-05 0.0 1.1505399553423057e-06 0.0003172139893606431 0.0005329731830185481 0.000769533192885859 0.0004682281151340522 0.0009918912888112893 7.105562633664273e-06 0.00020400917464679334 0.0003288170708284341 5.676145465355794e-07 1.92715984791154e-07 0.0 3.592859592593069e-08 0.0 4.2672901586525456e-08 0.0 7.097415326690077e-08 0.0 0.0 4.6013252673036615e-08 0.0 0.0 0.0 1.3393785542130418e-07 0.0 3.7474391429626234e-05 4.301713891650109e-06 6.92552894550621e-07 0.0 0.0 3.8628859863917026e-08 3.1295221366070056e-07 6.356175792252112e-08 2.1800634262583794e-07 0.0 0.0 3.5374352721380536e-08 5.322666812082276e-08 4.270455311395407e-07 6.439091652798186e-08 3.505644559358652e-07 4.587290289565677e-05 5.456024384634103e-07 5.69520240563321e-08 0.0 1.0729757163790151e-07 5.1173664730209605e-08 0.0 6.809168629593232e-08 8.081310861245833e-07 1.2101948615785379e-06 1.5358148680450077e-05 3.349652443143697e-05 5.729800292273186e-06 1.2259250776317212e-05 1.534126761924604e-07 7.66802270541988e-08 9.163969335860449e-08 8.45875716054803e-06 7.052058000393593e-07 2.392181024868354e-07 4.3562622366089433e-07 1.527562047543905e-07 7.194826254642162e-08 9.667281733028827e-08 1.8276845092100213e-06 2.1202933108891287e-07 0.0 2.5634785498193483e-05 1.6297290297760196e-05 1.3263289441948045e-05 6.241874073099085e-06 2.5898449547920403e-07 1.1078421983018787e-07 1.4728538438297311e-06 7.731471758896815e-08 2.3635663985062235e-07 6.238562834137347e-06 1.176274152225317e-07 6.546485804145234e-07 1.1125811642545743e-06 3.728069563187615e-08 3.8206599411583117e-08 4.3132400446802154e-07 0.0 1.2753774637329218e-07 0.0 0.0 4.0362940625225786e-08 3.544136608782661e-08 1.0450256556184307e-05 2.0686025190479127e-06 6.352165696830792e-08 4.7544929059016333e-07 1.3924743881041233e-06 2.2581005969282844e-07 1.2697865277015396e-07 1.013285919717087e-06 1.3764690168878517e-07 8.418193462087461e-08 1.8135827458634367e-06 1.5345168377923265e-07 1.9006814052202905e-06 1.8779327178896248e-06 8.978625921234632e-06 1.979533368231477e-06 3.9388458205677095e-06 4.02917021885019e-06 3.525561094087115e-06 6.55059519485002e-06 0.0 0.0 0.0 0.0 0.0 0.0 0.0 8.233662886665836e-08 0.0 0.0 1.431708924864107e-07 0.0 3.1315267300997374e-07 0.0 0.0 0.0 0.0 0.0 0.0 9.594465148558315e-07 1.0818372356231709e-06 0.0 0.0 0.0 4.094364351651118e-06 8.804878073871557e-07 5.473725422752632e-06 6.6135415750793e-07 0.0 0.0 0.0 9.205940370171415e-08 0.0 0.0 0.0 0.0 2.3447460084368748e-07 0.0 0.0 0.0 0.0 5.920577554904409e-08 0.0 0.0 0.0 0.0 5.336991547765295e-07 3.443713923970822e-07 0.0 0.0 0.0 4.7393955130789804e-07 0.0 0.0 0.0 0.0 0.0 0.0 0.0 0.0 0.0 2.320732999014846e-06 1.0793292518673401e-07 5.570004371495498e-08 6.120726738221044e-08 0.0 2.310302877089372e-06 0.0 0.0 1.6580621999990767e-07 3.506771474037974e-07 4.086210406606344e-07 0.0 6.386894291168378e-07 0.0 0.0 0.0 0.0 0.0 0.0 0.0 0.0 6.948606064842947e-06 6.881971847079007e-07 2.489683828129615e-06 0.00013789236774704741 3.167040057285011e-06 8.353437956833022e-05 1.313139571644569e-05 1.1218296544624738e-05 4.420427182962171e-06 6.068671222361314e-07 4.690490997829243e-06 3.1781120442977564e-06 0.0 9.112168376705214e-08 0.0 9.99938388484328e-07 0.0 4.569521122651246e-07 0.0 1.569573650004669e-06 0.0 1.850350047731233e-05 3.5566226508267285e-06
0.00011052986951582978 0.00013363100217669407 3.2792655657557173e-06 0.0003413489252959616 1.1505399553423057e-06 0.0 7.34570544371546e-05 4.637952382270136e-06 7.696015481483294e-06 0.0008323233931551517 4.715990571685967e-07 2.2336196496013177e-05 7.367409551152843e-05 1.413322948172197e-05 2.9550864897464857e-07 0.0 0.0 0.0 0.0 5.957098622962356e-08 0.0 1.7249348919084448e-06 0.0 0.0 0.0 0.0 0.0 0.0 7.003168351047756e-08 6.86595235941842e-08 4.593799573137092e-05 7.035593216942895e-07 2.920595710938338e-07 0.0 0.0 1.310103754536728e-07 1.3126287065765822e-06 6.672815003144304e-08 1.8410416211966469e-06 5.9052392643592386e-08 0.0 0.0 0.0 0.0 0.0 0.0 1.4464700731323284e-06 0.0 0.0 0.0 0.0 9.684926087994358e-07 4.6612929350274474e-07 0.0 2.703636960319527e-07 1.6179087511710632e-07 2.5876571207028025e-05 4.087848400809401e-06 4.785212799915818e-07 9.89025549700307e-07 3.114829743955425e-07 4.232465659443883e-07 0.0 7.426544005727274e-07 0.0 0.0 0.0 5.5976526167717136e-08 0.0 4.6780141244984925e-08 1.0383723272132797e-05 4.582792216468879e-05 3.612148184013753e-06 1.8278806599778065e-06 2.5364501124833826e-07 5.129163161493383e-08 0.0 0.0 0.0 9.726151945350337e-07 0.0 5.144275575951796e-07 9.822962656754733e-08 3.0057043409758797e-07 1.0131963544305166e-07 0.0 0.0 5.174204968550608e-07 1.4565155827828695e-07 2.0694001971065506e-06 0.0 2.979997617788684e-07 9.244666990711087e-08 0.0 0.0 0.00015631739168544368 4.602022915543553e-05 7.563558759348035e-06 8.99853201868399e-06 0.00016677930223429392 1.1503368809955332e-07 0.0 3.4089233029307585e-06 0.0 0.0 1.2461703425278775e-06 1.960565071827123e-06 0.0 2.8788947416296927e-06 4.30182229724745e-06 1.2482660067151694e-07 1.420485109020107e-06 2.6671193053848662e-06 1.8085547610431665e-06 2.008369192235707e-06 0.0 0.0 0.0 0.0 0.0 0.0 0.0 0.0 0.0 0.0 0.0 0.0 0.0 1.0656076527044064e-07 0.0 0.0 0.0 0.0 0.0 0.0 1.221128302390007e-07 0.0 0.0 0.0 3.5297202508547426e-07 0.0 0.0 5.006122013630829e-08 0.0 0.0 0.0 0.0 0.0 0.0 0.0 0.0 0.0 0.0 0.0 0.0 0.0 0.0 0.0 0.0 0.0 0.0 0.0 0.0 0.0 0.0 0.0 0.0 0.0 0.0 0.0 0.0 0.0 0.0 0.0 0.0 0.0 4.2992128671618185e-06 0.0 0.0 0.0 0.0 0.0 0.0 0.0 0.0 2.420977403289953e-07 0.0 0.0 0.0 0.0 0.0 0.0 0.0 0.0 4.722518072640708e-08 0.0 0.0 1.1799962715336478e-05 8.507314263971137e-08 0.0 3.0052771944364057e-06 7.117488514693074e-08 2.102507424861654e-06 6.222369679496407e-08 0.00019361809540291606 5.653645488296009e-07 0.0 0.0 2.1703367840821082e-06 0.0 0.0 0.0 3.57127347345354e-05 0.0 0.0 0.0 0.0 0.0 8.771712273741314e-05 1.3793330289844064e-05
0.00010245899876281499 0.000634215513973647 0.00020184129476966107 0.00022372800958807146 0.0003172139893606431 7.34570544371546e-05 0.0 0.00010189866580659377 0.000554451056536291 0.0016141430874888959 0.0002148818132397177 1.4853774185500695e-05 0.0017401681646601564 0.000695230410271717 1.959499457101596e-06 2.9344502337334816e-07 1.0116282968107126e-07 8.292026970439019e-08 0.0 4.185358004361927e-08 1.3124199739721927e-07 0.0 0.0 0.0 0.0 0.0 0.0 8.832666023604761e-08 1.244922313882474e-07 0.0 6.633452944376599e-05 9.837050342589963e-06 1.7482253541615378e-06 0.0 1.4304236827927463e-07 1.330115688007722e-07 1.9123063603829738e-06 1.6438103338493628e-07 2.669960140038321e-07 5.8851952760801864e-08 3.795268185660033e-08 2.357321064217171e-07 8.298207903114711e-08 3.575807472917351e-07 3.455575468274535e-08 3.974794187951163e-07 0.00010764090475624794 2.077351077537793e-06 2.3471244881726106e-07 4.997886718155154e-08 6.442564051525189e-07 1.6627924579452103e-07 0.0 9.086034623777441e-08 3.2274166476761154e-06 4.172296143761731e-06 4.639365312138765e-05 7.191653500562275e-05 1.9835253341930837e-05 3.451205202693871e-05 9.955368804968126e-08 7.281087332895402e-07 0.0 7.616393340064595e-06 2.0248458469963968e-06 9.61994291346567e-07 1.086293768868248e-06 2.1827092781330074e-07 4.152613109492388e-08 3.856188867484998e-08 6.681682099535731e-06 1.7711066277053816e-07 6.751324625347585e-08 8.057727498508529e-05 2.6552274566343226e-05 2.6159086806174155e-05 6.973854122010881e-06 6.403915588913266e-07 3.4023269814711e-07 1.9450167703785374e-06 8.12228573075246e-08 9.154936855477025e-07 1.9216302416825587e-05 7.397071329255051e-08 2.0588083249325094e-06 3.358827967783645e-06 4.537245499789589e-07 1.444146190391536e-07 1.1142738560294027e-06 4.170456087468996e-08 3.971098541112557e-07 5.2126607454286545e-08 8.562303184098043e-08 3.2492838959178107e-07 8.213396331602072e-08 3.534197605125197e-05 5.416498360007665e-06 6.459033442043448e-08 2.013824044575867e-06 2.924064241999684e-05 5.699183690660238e-07 8.080744386601363e-07 9.469215570419017e-06 5.394733833150383e-06 3.9279616721346674e-06 1.8781416827940408e-05 4.534126680519794e-06 5.74690631139489e-06 1.3359436570159384e-05 1.64611507584667e-05 4.231963193838708e-06 1.4458672857111665e-05 1.823680388376662e-05 8.163750905801451e-06 1.4073866076329845e-05 5.397041428934046e-07 0.0 0.0 0.0 0.0 0.0 0.0 0.0 0.0 0.0 0.0 0.0 0.0 0.0 0.0 0.0 0.0 6.447787655029388e-08 0.0 1.8123984277712598e-06 1.6557170793257376e-06 0.0 0.0 0.0 8.393556555141628e-06 5.902084266631483e-07 1.2597335367572832e-05 4.696749403861378e-06 4.924593918631289e-07 0.0 0.0 0.0 0.0 0.0 0.0 0.0 2.0516440461312896e-07 1.7164696940285213e-06 0.0 0.0 4.5599668432009915e-07 1.0199067105454082e-07 0.0 0.0 0.0 6.116706260675656e-08 1.1185429400244294e-06 1.4913098959658046e-06 1.6164222905576076e-07 0.0 0.0 0.0 1.0604977983470314e-06 2.137121176684975e-07 0.0 0.0 0.0 0.0 0.0 0.0 0.0 8.9640767564734e-06 9.176217224956048e-07 1.736482795488473e-07 1.2372113156722392e-07 0.0 3.777987341302267e-06 0.0 0.0 7.633688469576198e-07 1.097904799007024e-06 3.7758853764634307e-07 0.0 2.1175322498814823e-07 0.0 0.0 4.3013337923547334e-08 0.0 8.510579441990565e-08 0.0 0.0 0.0 2.2048540415243676e-05 3.817142081705545e-06 6.173830481992901e-06 0.00024115340962225468 5.696108028582432e-06 0.00017257535269333966 2.479957993812373e-05 6.317492194910136e-05 8.607239573663009e-06 4.922897803999932e-07 8.156684955448398e-06 6.642788180799941e-06 0.0 1.9147886873147007e-06 2.154051695732545e-07 6.1173010363414515e-06 8.362202018105226e-08 0.0 1.0509756061489724e-07 3.483611661083036e-06 2.3043731723496466e-07 8.173013193527796e-05 9.55302975398333e-06
4.195387805858753e-05 0.0008026572716588948 0.0014071731030961534 2.9304131772337224e-06 0.0005329731830185481 4.637952382270136e-06 0.00010189866580659377 0.0 0.0003680047634738219 4.9084698816835656e-05 0.000624844144893729 5.732289024975468e-05 0.00023099963014660044 0.0005439906711895992 2.7725041750612804e-06 3.0796195228823208e-06 2.619296477686477e-07 3.7024591342011513e-07 1.9945519672212783e-07 6.310770773073193e-07 3.6557059605234333e-06 3.7488120088633535e-06 4.752032874581342e-06 5.593392782600346e-06 1.1406355974817398e-05 5.386499021092361e-06 1.057193560830209e-06 1.6909133429307978e-06 3.721023225315809e-06 1.4874967364604026e-06 0.00037643017890363184 0.0006596765989182971 0.00021581347065956222 1.9024184027095799e-06 1.128029646122424e-05 2.6482620665616692e-05 8.325164408228514e-05 4.445539381925638e-05 2.6586092061161136e-05 2.802228893817328e-06 3.6329616142183935e-06 5.084275947507954e-06 2.0006450736161816e-07 9.219438254027164e-06 6.359304185786945e-07 1.1222708382825699e-05 2.598374954321542e-05 6.957036615628204e-07 3.033126158614994e-07 5.606207487003861e-07 1.3392121482307119e-07 8.880612489423149e-07 2.946439049900615e-06 2.962542353746573e-06 3.459346612621598e-07 6.537921881998661e-07 1.1148945389880444e-05 5.124024294614744e-05 3.857651731477095e-06 6.228853423042614e-06 6.978190068182672e-05 0.00012943370261105157 1.739975335211727e-05 0.0002762669164728204 2.715474236408231e-07 2.4196825577538297e-07 1.2338855320035615e-07 1.7272102933742526e-07 7.568905605153748e-07 2.4477395504990193e-06 8.348507812176643e-05 7.406951526290704e-06 4.4538108250373456e-07 1.9720599805037284e-05 1.6976520662530578e-05 1.1599406322402994e-05 1.5073913973512195e-05 1.9279962931458897e-05 9.211832038377408e-05 0.00021752722911704537 5.6622486746624805e-05 0.00032528956645703014 3.8047675274519014e-06 1.0896286109401753e-07 3.686084642785706e-07 7.810037996120405e-07 3.00469613939645e-07 0.0 1.995261455624785e-07 1.829152239822776e-07 1.9309798531299993e-07 2.393276922952022e-07 3.0996285493585754e-06 2.419369157116764e-06 1.2951106533947551e-06 6.986757783048939e-05 2.412042328967864e-05 3.984942324898118e-07 3.3435729522556264e-05 6.050895342105909e-06 1.6163154520121185e-06 1.0629718909566071e-07 3.6402015073269674e-06 3.253181864399194e-07 1.0107143746510627e-06 3.243733206839261e-06 6.942178563209462e-08 5.135493742754279e-06 4.709892666803099e-06 1.9387380218720545e-05 1.1505912998124437e-05 3.2583564642777887e-06 1.282963392387804e-05 4.50566705927e-06 2.4748243166979995e-05 0.0 2.6446740226524364e-07 0.0 0.0 0.0 0.0 0.0 7.199798643188044e-08 0.0 0.0 1.4098847267487434e-06 0.0 7.47273657390504e-07 9.099688414692553e-08 0.0 1.1459234400541663e-07 3.025524854034367e-07 4.647395813079484e-07 0.0 1.9162852088552618e-06 1.7366643561275281e-06 0.0 5.693001395330762e-08 0.0 1.372380689566148e-05 1.339306755336283e-06 2.9982224308220363e-05 1.1509536031738429e-05 2.6792246284505268e-06 8.881474984380107e-08 0.0 0.0 3.0244926113488923e-07 5.3010006169175784e-08 0.0 0.0 1.511549236886856e-06 1.4877168245129922e-06 5.152118362249422e-08 8.988415080019862e-08 7.993194335200924e-07 3.5231810927213206e-06 3.385432475416392e-07 0.0 0.0 0.0 4.4729121164510117e-07 1.392688006795653e-06 1.1093086733265034e-07 4.5078926395179376e-08 0.0 9.888294703096248e-07 2.5194456013353447e-06 3.803540467452702e-08 0.0 0.0 0.0 0.0 4.8837826324670086e-08 0.0 1.2573386853852163e-07 1.1728514462374008e-05 6.161674786159027e-06 2.8168111321325455e-07 1.378132103387017e-07 1.6471004289665562e-07 5.989128254371878e-06 0.0 4.7715830176626103e-08 1.4254720000955494e-06 2.3604847310185245e-06 2.3512805173253626e-07 2.9134454123160583e-07 3.4495471528226444e-07 0.0 0.0 8.549061433731886e-08 0.0 6.738803783721406e-08 5.0009257605347263e-08 0.0 4.1657854294038416e-08 1.2456981722851758e-05 1.3605336299477167e-05 2.2374969514914195e-05 6.946032639639143e-05 3.5398650168557895e-06 4.1369495106627296e-05 1.0683424388271262e-05 8.225318909817648e-06 1.507816263067812e-06 2.0548360301760392e-07 2.993704480824268e-06 5.119835549766844e-06 3.1962003551105084e-07 3.380705202330928e-06 1.1797237167681972e-06 1.4383274932689952e-06 2.0430254101908804e-06 0.0 0.0 2.1140043262571976e-06 5.357213784136943e-07 2.5531113072282935e-05 1.3053936210403349e-05
1.69370610186099e-06 0.0002843124343968133 0.0002689765205729073 7.75533489586909e-06 0.000769533192885859 7.696015481483294e-06 0.000554451056536291 0.0003680047634738219 0.0 0.000499002587825221 0.0006709032703914775 1.909130656806528e-05 0.0008974711557108253 0.0006508906544807573 3.145946001511222e-06 2.869605942825099e-06 3.347150923557864e-07 1.0500520513248356e-07 0.0 0.0 3.7036869177046224e-07 3.591684011707178e-07 4.564914833755313e-08 1.2858025762835324e-07 3.3161626191923794e-07 9.723295887907463e-08 4.975862015268728e-08 5.802321917354513e-08 9.041223105209706e-08 6.1892909344498e-08 1.1259653025323557e-05 5.556411729344498e-05 7.787407042076672e-06 4.38609994207458e-08 5.6672115502627485e-08 2.766038587254536e-07 4.5139038049986314e-06 1.8965327408867994e-06 1.9373096070653807e-06 7.037359930017915e-08 8.860133230592538e-08 2.7350042771017743e-07 0.0 3.7693644941127825e-07 1.099568813408528e-07 2.2583528176548646e-07 4.785593393335412e-05 5.3645984916542e-07 2.787392312928924e-07 0.0 1.0275814686538177e-07 0.0 1.7008204588675112e-07 5.0035125316345797e-08 8.953630097770933e-08 5.986920885018437e-07 8.246149593814726e-06 1.1876719075804234e-05 3.985807934492299e-06 8.831095591074075e-06 4.0525188566866164e-07 2.0735685031210136e-06 5.430921868623535e-08 6.913563265253683e-06 2.4091574848149254e-07 1.0139736186377053e-07 2.6599257846823256e-07 3.7082484661346487e-08 1.6722355837796632e-07 0.0 1.3649680310998114e-05 3.471467126032536e-07 5.3333902484791606e-08 1.6034358667953318e-05 1.3866158190829814e-05 1.81765540850657e-05 1.0295609056110495e-05 1.066996008734246e-06 6.420382059459131e-07 4.1892412058940305e-05 0.0 2.117380648159191e-06 2.7517856569371053e-06 4.746212350853847e-08 3.531795085905623e-07 5.108035149685063e-07 8.955763948708311e-08 5.047863019005415e-08 2.0600759855256432e-07 0.0 4.794535622887631e-08 7.042796269733093e-08 0.0 1.907398285851277e-07 1.816122122566918e-07 4.4792849967564506e-05 1.0612055513136119e-05 4.2940880755234404e-07 2.772039915672677e-06 1.3021048600260838e-06 1.1242098342710252e-06 6.30407576303544e-07 4.00270836160214e-06 1.2318365549304382e-07 4.0527551992522e-06 9.885873984337622e-06 2.452831476225894e-06 6.8784023917140386e-06 8.77047079005181e-06 2.7470632235436638e-05 1.064825818740421e-05 7.640988251318574e-06 2.5878798905878154e-05 1.1542555871208598e-05 2.2467631415986482e-05 5.8904194311347214e-08 0.0 4.333754245847143e-08 0.0 0.0 0.0 0.0 2.1528347810152076e-07 0.0 0.0 5.2036928613234193e-08 0.0 5.486781913848037e-08 0.0 0.0 0.0 0.0 4.913302904489258e-08 0.0 2.3118202537216553e-06 9.405427465969745e-07 0.0 3.0058917383153096e-07 5.703619712721455e-08 1.688957488968387e-05 2.3972827357471633e-07 1.731958817045477e-05 5.293678971070792e-06 9.476110264391153e-07 0.0 0.0 0.0 0.0 0.0 0.0 0.0 3.983538272394453e-07 9.406174200243345e-07 0.0 0.0 5.022687795682231e-07 3.9344294628983625e-07 1.0721772012616241e-07 0.0 5.83685870194994e-08 0.0 3.824868335149332e-07 1.5003046535503058e-06 0.0 0.0 0.0 1.4124410003591458e-07 2.2718275493739406e-07 4.405105717946815e-08 0.0 0.0 0.0 0.0 0.0 0.0 0.0 1.5296930758413038e-05 3.277454336079341e-06 1.6319862300805702e-07 0.0 0.0 4.2127290339478655e-06 0.0 1.0791962957909925e-07 3.8227774726944217e-07 9.153041112066325e-07 6.089017233118337e-07 1.1742642054498622e-07 1.681374124049267e-07 0.0 0.0 4.2782035879198735e-07 5.629524439895396e-08 0.0 0.0 0.0 0.0 3.32510119261472e-05 4.933086973047851e-06 8.768890595080091e-06 0.00024226206021166945 9.163754296115686e-06 0.00011303894801797717 2.908262767264635e-05 1.5237530772255649e-05 6.167958375330857e-06 7.596233561902461e-07 1.0678631503406102e-05 4.686214789101574e-06 1.9163211699375025e-07 9.187645737353705e-07 0.0 7.080741064419817e-06 7.489892060603508e-08 0.0 9.417774634126742e-08 5.764830873400191e-06 0.0 4.9594602006982655e-05 9.575967165618657e-06
0.0003228288263296626 0.0007253299220454849 0.0001400522277026234 0.0016821304575828705 0.0004682281151340522 0.0008323233931551517 0.0016141430874888959 4.9084698816835656e-05 0.000499002587825221 0.0 7.198082575411993e-05 0.00022070490863556564 0.0017379075437409664 0.00042117802439760836 5.817226257824531e-06 2.6249876693478056e-06 6.216116396393615e-08 3.2327337843849247e-07 0.0 1.0206300525957185e-07 1.729146786621925e-07 1.4135809186488623e-06 9.063560569583688e-08 2.866615089723273e-07 6.75293722876847e-07 4.3498028683433997e-07 2.8072589291071016e-07 5.880017645919128e-07 9.020470212521621e-07 6.336117528552465e-07 1.0431404880232965e-05 7.094458342023609e-06 2.188733616258056e-05 0.0 3.540090013706415e-07 6.929286430871296e-07 4.9914922190229965e-05 5.640017665668723e-06 2.100662841962826e-05 2.9431609331590646e-07 4.044305493448035e-08 0.0 0.0 5.318146532595423e-07 1.6115356194235598e-07 3.777942464570982e-07 9.498648133608259e-05 1.2601775117465465e-06 2.630546449994301e-07 0.0 3.7878373101348126e-07 3.4968407777019706e-07 1.7330554746464086e-06 7.401556861070415e-07 1.7685129654706784e-06 2.5127464644032737e-06 3.166766150572342e-05 2.79930869918082e-05 1.0791461423451504e-05 1.983827958834249e-05 1.8649738349825295e-06 9.94081412470348e-06 8.860551273306967e-07 4.124037244141583e-06 8.81473048250326e-07 4.89735573481163e-07 6.716527087217361e-07 3.0056118751833975e-07 7.486743681479847e-08 2.350588354091395e-07 0.0003982406073538422 6.801765973978994e-06 7.485022552418314e-07 3.9107165270349506e-05 1.5154974859951015e-05 1.664060712914947e-05 6.994049205883676e-06 5.636889032047268e-07 1.9759879799278614e-06 1.6360953252192655e-05 2.4805381566385415e-07 9.290310273148546e-06 1.3101195467207596e-05 2.8181659668793004e-07 1.0488203161253914e-06 1.2268846743240015e-06 2.146173318215849e-07 1.5228242301136844e-07 9.378103305185144e-07 4.06411270441006e-07 2.5047212706745996e-07 7.413645092564331e-08 4.927370682601588e-08 7.274237174991104e-08 2.750094921543781e-07 0.0007857818109878619 5.216978152695714e-05 1.0488623345281437e-06 5.341463143201306e-05 0.00023643145072432744 7.170907430551912e-06 2.1358982435800925e-06 3.75320447272304e-05 5.427162546920254e-06 1.2853835780892455e-05 3.6320479791893625e-05 1.8506323039427424e-05 2.880437171300676e-05 4.139030820914615e-05 0.0001216752843346443 4.094658940203813e-05 3.1486500127471144e-05 0.00011944074637708483 5.794594678582265e-05 9.865722254917169e-05 8.26149995682354e-08 1.3705812494405335e-07 5.987738866618458e-08 1.2510091585587985e-07 0.0 0.0 0.0 1.2676487737343925e-06 0.0 0.0 1.249406807485432e-07 0.0 4.809455903162508e-07 1.0695383897648798e-07 0.0 0.0 0.0 1.695713881368045e-07 0.0 7.949823268214956e-06 2.3997098752006405e-06 0.0 1.0532110721256693e-07 4.773617265097211e-08 5.2045993540999744e-05 3.2505592068386167e-06 6.40865790504762e-05 1.6445898315109916e-05 2.6671666089376516e-06 0.0 0.0 0.0 0.0 0.0 0.0 0.0 7.958816494436155e-07 5.051319072375837e-06 3.9185393624589713e-08 4.797754081348755e-08 1.5471432721091047e-06 2.1226303399945224e-06 0.0 0.0 0.0 0.0 2.1304393973665807e-06 4.938403967002455e-06 8.173173192766251e-07 0.0 4.490433475690472e-08 1.0651330663467694e-06 1.2657666568615274e-06 1.9816473114459565e-07 0.0 0.0 0.0 0.0 0.0 0.0 0.0 6.327362519194681e-05 5.961563614394134e-06 1.7131192495707677e-06 7.419320480686178e-07 0.0 1.811761277466081e-05 0.0 0.0 2.054562357385603e-06 8.584953377515441e-07 3.138620423434949e-06 0.0 1.053320506202175e-07 0.0 0.0 3.168880184954848e-07 1.1881349503138625e-07 9.859239744897078e-08 7.490474757316834e-08 0.0 0.0 0.0001960122580216279 2.000747650948623e-05 3.1877408855675397e-05 0.0005052039620239676 1.3358707848871043e-05 0.00018723914417314176 3.8150223212571736e-05 0.0004723954703503487 1.315724162173926e-05 6.26807180586643e-06 1.5119083117321113e-05 1.2961031747224283e-05 3.4525561519306934e-07 7.0227602140457125e-06 1.5254134767012446e-06 8.9834804441215e-05 5.573920865579517e-07 5.636777002439746e-07 4.3905159785469613e-07 5.049745570629725e-06 8.277793921889178e-07 0.0009499897972928543 7.527457426615184e-05
1.0759189437577682e-05 0.0005807521872424062 0.0008488203668422323 3.992389545779918e-06 0.0009918912888112893 4.715990571685967e-07 0.0002148818132397177 0.000624844144893729 0.0006709032703914775 7.198082575411993e-05 0.0 1.683870971679269e-05 0.0004428076973132853 0.0011124245516001014 1.7545332861698934e-06 5.387385210003095e-07 0.0 0.0 0.0 3.724674284175956e-08 0.0 1.0875163677985121e-07 1.188231276958732e-07 0.0 5.989688110412249e-08 0.0 5.907652459322327e-08 0.0 5.802015644694503e-08 0.0 7.787694124029226e-05 0.00019792403480283982 4.5908574112238206e-05 0.0 1.2038590665447142e-07 2.0122939141530483e-07 5.923599515445472e-06 1.051549844675595e-06 1.501498500485729e-06 6.218732042776033e-08 0.0 4.601652628653185e-08 0.0 2.656091990705338e-07 1.6232303684152907e-07 1.2607197214204192e-07 2.6663098303133146e-05 4.537464465275011e-07 3.855923798879883e-08 4.406312964311116e-08 7.695803971660717e-08 8.400196698898093e-08 0.0 5.752943237520928e-08 5.787018634033939e-07 8.279245245501496e-07 1.0019465972273254e-05 2.7403335323449016e-05 3.4512369830245264e-06 7.410192085698436e-06 2.2758967255700354e-07 1.6768158297662534e-06 1.1331926848569861e-07 1.2247299459084445e-05 4.7164981277763477e-07 3.3038462405220684e-08 1.1608172134685311e-07 4.209756644804812e-08 0.0 3.871059313564347e-08 6.677601243450063e-06 1.4197824598408303e-07 0.0 1.8516978395045727e-05 1.499728024864058e-05 1.3569116449282575e-05 5.90628198974561e-06 6.088813678598327e-07 3.130659336077982e-07 0.0003899417989032496 3.4297846498823874e-08 7.335155391061605e-06 3.2316920355671e-06 5.152073913780754e-08 1.5220889486206958e-07 5.493416610233784e-07 1.2712989760693037e-07 3.9070729553084644e-08 2.1904608639595207e-07 0.0 3.9819280698397595e-08 0.0 0.0 0.0 5.498222365688372e-08 4.73974530630532e-06 1.484463092785347e-06 0.0 1.426753128250248e-06 1.0230126949143224e-06 4.569405361967886e-07 0.0 1.3475122346494004e-07 0.0 5.005933480746583e-07 1.0045711063748418e-06 6.437931969539777e-07 2.6854765813436725e-07 8.011523715690125e-08 3.784812569131145e-06 1.0051698369810238e-06 1.659885515116751e-06 1.2982517423206748e-06 1.357201929441644e-06 4.205943034325896e-06 0.0 0.0 0.0 0.0 0.0 0.0 0.0 0.0 0.0 0.0 0.0 0.0 0.0 0.0 0.0 0.0 0.0 0.0 0.0 1.0328136374103703e-07 1.1491664262834014e-07 0.0 0.0 0.0 2.0600707490418164e-06 0.0 2.9523931461430734e-06 5.452782825946927e-07 1.6708339321421888e-07 0.0 0.0 0.0 0.0 0.0 0.0 0.0 1.520337224737299e-07 5.743304343759516e-07 0.0 0.0 7.486360840654833e-08 0.0 0.0 0.0 0.0 0.0 0.0 8.210748241081942e-08 0.0 0.0 0.0 0.0 0.0 0.0 0.0 0.0 0.0 0.0 0.0 0.0 0.0 1.4249061224232154e-06 4.529905792291341e-07 0.0 0.0 0.0 5.519616873643865e-07 0.0 0.0 4.803491178220534e-08 5.695110264282102e-08 3.7035268707732843e-07 0.0 5.536369533928493e-08 0.0 0.0 0.0 0.0 6.051540263430955e-08 0.0 0.0 6.323763449794131e-08 2.007154353943184e-06 2.82380602333518e-07 5.906680562732999e-07 8.627692977111391e-05 2.519630523187067e-06 5.9081965669782554e-05 1.1220080933265983e-05 5.443603996547114e-06 1.7274124138633767e-06 1.3569163626303224e-07 5.232472625102097e-06 7.575245903433886e-07 9.600511697615598e-08 5.158568581268129e-07 1.9765762927214238e-07 6.229027216555098e-07 0.0 0.0 0.0 2.826303332969703e-06 2.881730781039594e-07 7.227581995586938e-06 8.510035872907326e-07
