0.0 0.0014512684007880906 0.00046455527939879773 0.0005296795187099365 1.2486874443527193e-05 8.559271388247042e-05 0.00022412938451028756 2.8554911310068933e-05 1.1311804635870688e-06 0.0005971690616058406 3.3196582191650566e-05 2.5779941546097478e-05 3.516087362302377e-05 3.944066287200368e-06 4.879360512449148e-07 0.0 0.0 1.241089671487148e-07 0.0 1.132597530409368e-07 0.0 1.1354731492125915e-07 0.0 0.0 0.0 3.8949949487397966e-07 0.0 1.0760283552557788e-07 0.0 0.0 0.0004770174360947014 1.4676467841384543e-06 1.7910315488105343e-06 4.855701568260141e-08 9.636484346262522e-08 6.39547930464927e-08 1.5115400260775569e-06 0.0 0.0 2.0991384221216623e-07 1.8134925070184128e-07 0.0 0.0 1.1307346507689647e-07 0.0 6.336109576014339e-08 3.7473732091213235e-06 1.9516132134222496e-07 4.590351760901267e-08 0.0 0.0 1.1022404201442503e-07 0.0 4.327786986240142e-07 8.769276533798405e-07 9.73249864495489e-07 0.00011149469007351717 0.0005215605387923062 2.671091563674901e-05 8.216356140982074e-06 2.989111689359181e-07 1.4942769300929832e-06 0.0 3.971546486870337e-06 9.49838857594164e-08 8.13960856217979e-08 1.2867248241436172e-07 2.4899870683394347e-07 0.0 1.5611457100909538e-07 4.329611375622607e-06 2.5368090692884344e-06 1.5062845280831376e-07 5.014978806449425e-05 7.24578049785901e-06 3.973442117613505e-06 9.673033253022342e-07 1.351535567517949e-07 1.0199084473390023e-06 7.513744667137568e-06 2.413859102997344e-07 4.828309409672743e-06 1.9778594079675564e-06 3.993032219295859e-07 1.9461468127221125e-07 1.2786814592213972e-07 0.0 5.977574976293329e-08 5.183083416718716e-08 2.966022900994705e-07 0.0 0.0 6.282396739187462e-08 0.0 0.0 2.995311595222303e-05 6.759093506577498e-06 3.2204695346188766e-07 4.397764093965986e-07 0.0006711919601520381 0.0 2.3876817493934165e-06 7.073050905522272e-07 6.519419734725986e-07 7.612950649484595e-07 9.15136891304817e-06 7.964121328275597e-07 1.086036010626067e-05 1.0180132459077771e-05 1.1350391109814919e-05 0.0 3.8011962595787567e-06 7.95589265869364e-06 2.0242572737808748e-06 4.859534723008523e-06 3.836558009558421e-07 0.0 0.0 0.0 0.0 0.0 0.0 0.0 0.0 0.0 0.0 0.0 0.0 0.0 0.0 0.0 0.0 0.0 0.0 3.41352815932704e-07 0.0 0.0 0.0 4.0255259598336963e-07 7.909256354440736e-07 3.4608067155329726e-07 1.5763845874076875e-06 2.5737808226054217e-07 0.0 0.0 0.0 0.0 0.0 0.0 7.959310785118076e-07 0.0 0.0 0.0 0.0 0.0 3.189186190262214e-07 7.224467878405244e-07 6.485076321674152e-08 0.0 0.0 0.0 0.0 4.481688666265096e-07 2.2917839947547245e-06 0.0 0.0 2.362357222680134e-06 6.04923986479874e-08 0.0 6.05898036153163e-08 0.0 0.0 0.0 0.0 0.0 0.0 3.439961756890612e-06 0.0 0.0 0.0 0.0 7.434299296580329e-07 0.0 5.20686080730175e-07 1.2378724026401664e-07 3.736499020369639e-07 9.562390760399393e-08 0.0 0.0 0.0 6.902661236802578e-08 0.0 0.0 5.2038436698009444e-08 0.0 0.0 0.0 1.6907459947422827e-06 2.0471241759948474e-06 7.574522924557122e-07 0.0002258809520599728 2.6224338486342177e-06 2.9641852254358777e-05 4.352123848050308e-06 0.00032822660573714245 1.1855966496263022e-05 1.986617606196625e-06 5.675563085777522e-07 1.7480321687215743e-05 5.908368220006445e-07 1.4533121451029802e-06 7.311697831328988e-08 3.7615428644766185e-05 3.507351521071187e-07 1.088853959596001e-06 4.128663398438587e-07 0.0 0.0 0.00013489482746803326 3.6360530720173005e-06
0.0014512684007880906 0.0 0.0013125519505170972 0.00037742968709601255 0.0005543680628256172 4.940226792313476e-05 0.001069906145095319 0.00040403552813326706 0.00013659774830283232 0.00034011592547830564 0.00046541811964347936 2.0012786919774474e-05 0.0002319810382688874 0.00023063068122692297 1.3403480485290868e-05 3.6152766458286945e-06 3.7075883957205624e-07 1.1893777946466152e-07 4.3272227430950764e-08 1.3917739862627368e-07 1.7951771308271103e-06 0.0 1.3989149606160295e-07 4.816246708080722e-07 2.6209309097829553e-06 1.2960710062111624e-06 1.285222598669985e-06 4.5783017201554867e-07 6.575636591305482e-07 1.6759540710051802e-07 0.0014476775102785428 6.438672529363699e-05 3.4673492801301155e-05 3.938276469360425e-07 8.77534519231646e-07 8.934355523799909e-07 2.3644302080998936e-06 1.0244866318338607e-06 6.153534389067256e-07 2.9915083714856553e-06 1.5213420853719447e-06 6.866877893496721e-07 2.812044613209752e-07 1.1048306332671074e-06 1.8922011641413767e-07 9.083706690027205e-07 8.633585018011143e-05 4.189748340757746e-06 1.1430052087514145e-06 5.819070982257163e-07 1.1642714972201244e-07 3.3086104257894635e-08 5.943539729524383e-07 3.2437329719664064e-07 7.91738385614903e-06 6.409391363840836e-06 0.00010407042884533076 0.0004945538847979032 4.26153669982802e-05 5.340236069470297e-05 6.272988525400159e-06 1.0807539232478343e-05 9.93594742205195e-08 9.297229298552744e-05 1.8001946691804421e-06 1.4039238934500125e-06 5.582815349683743e-07 6.928234025358232e-07 5.228078875298708e-07 1.2038343023606973e-06 4.581890732656649e-06 3.7726281911558346e-07 1.7175051367249016e-07 0.00018281420125915678 9.04157082078361e-05 8.151555222938568e-05 4.900499358574832e-05 6.892708760870697e-06 2.626944542463735e-05 0.00017284429265949978 6.595409941063412e-06 7.456682461278903e-05 1.7043642734571677e-05 2.2474426199135115e-06 3.2431187988140035e-06 2.452188307903262e-06 1.5353968393701606e-06 7.66620470737291e-07 2.6263852891059883e-07 2.400527360441431e-07 1.5157415375430757e-07 1.8955243149385264e-07 1.293413430316792e-06 1.1373968908905119e-07 2.761030175472844e-07 7.983709460135933e-06 7.452318347914735e-07 0.0 1.3482906922420178e-06 0.0004488915823866377 2.98564142852626e-07 7.783631967545628e-07 2.3266810145554157e-07 2.8644235302692784e-07 5.772104609100058e-07 2.7782086108850614e-06 6.348747414220651e-07 2.584569765943629e-06 9.743827717988876e-06 3.456855676737796e-06 5.372790130585604e-07 1.6803975010362968e-06 1.7124331888668586e-06 8.034014212453222e-07 2.1591240141641057e-06 9.533416702982596e-08 0.0 0.0 0.0 0.0 0.0 0.0 5.839256195127478e-08 5.172855445271394e-08 0.0 0.0 0.0 0.0 0.0 5.725158191236139e-08 0.0 4.05634393775566e-08 5.0668799847924755e-08 0.0 0.0 6.14091981596926e-08 0.0 5.247256876076136e-08 0.0 2.1290437490477833e-06 2.855196408357595e-07 2.090861487080174e-06 4.6501931221257616e-07 3.6030927760820465e-07 0.0 0.0 0.0 0.0 0.0 0.0 0.0 0.0 5.4721077211843164e-08 0.0 0.0 0.0 4.202808013296213e-07 4.815357813845353e-08 4.197867616129398e-07 6.709838476590389e-08 3.7671432490641197e-07 4.0053011898524094e-07 5.235555233540894e-08 3.6568719377481176e-07 7.053171577411794e-07 0.0 1.7545483467012483e-06 0.0 0.0 0.0 0.0 0.0 0.0 0.0 0.0 0.0 1.840514213743559e-06 0.0 0.0 0.0 0.0 2.396081989509012e-07 2.4650693339732123e-07 1.033629494849782e-06 4.7315963543775184e-08 0.0 2.2297320947642195e-07 0.0 0.0 0.0 2.9653327884721543e-07 3.509986326722799e-08 0.0 2.3206490210768552e-07 0.0 0.0 0.0 1.5667280924975379e-06 1.4727427651104672e-06 8.890374250418471e-07 0.00023361723978594244 1.4080317503222253e-05 0.0001658665694138465 1.71225024285208e-05 0.00031220970727216133 2.768654158860865e-05 5.9927942292983874e-06 7.0848728325236335e-06 8.56659008103525e-06 8.578144928449169e-07 2.9708588943812177e-06 1.7545863131729094e-06 8.344335544893916e-06 7.167725114694809e-07 9.491350527198783e-07 3.1043428068550183e-07 3.546278642474397e-06 6.562855499158695e-07 7.256529261648192e-05 2.6835486531980782e-06
0.00046455527939879773 0.0013125519505170972 0.0 3.6174342567946106e-05 0.00031801314978293976 3.93466718986504e-06 0.0001348019154140784 0.001584174096218717 0.0001625294600047949 3.7396667737395305e-06 0.001117114053329346 2.0950935616357163e-05 0.000304016961617104 0.0005013690410265042 6.0617636075718946e-06 4.463888657210908e-06 3.157559524887163e-07 2.7801948727214786e-07 0.0 9.008273914399813e-07 7.625994110355728e-06 1.1659923440169039e-07 8.813736445009203e-07 1.0758853680285675e-06 5.895412517437554e-06 2.47877541983422e-06 2.3771548341578066e-06 1.3256862712218402e-06 7.467508278528437e-07 3.452902298578136e-07 0.001795484167049134 0.0009610263868338124 5.7173161064551524e-05 5.629778316623332e-07 3.226551593068108e-06 1.5555037735058432e-06 5.359137924016202e-06 1.3118857913612518e-06 1.0309129110570522e-06 5.949732072299252e-06 6.386690437608898e-06 9.049183454397789e-07 6.160377447924338e-07 5.217782072550244e-07 6.743930215155506e-08 1.0030393993065163e-06 2.1040907690064772e-05 7.947870875051459e-07 5.6127266631978206e-08 1.226769621345566e-06 1.328704912599815e-07 4.2144509146463534e-08 4.255756314961209e-07 3.100043292727399e-07 1.8286318424483373e-06 1.807756960506433e-06 2.9508131966456378e-05 0.00022402452968573142 9.778632384307085e-06 1.3359768460550483e-05 2.0672171308210362e-05 2.121128606685205e-05 6.350900754239682e-07 5.036477470933222e-05 3.3185527248431603e-07 4.517595661693641e-07 7.443828543558927e-08 2.9110078286502105e-07 2.1700620020125613e-06 8.081742929224712e-06 3.964348773288088e-06 1.0090958597097678e-07 3.682982972939676e-08 4.254953597707673e-05 2.520671433201866e-05 2.2518995896592573e-05 1.6278072275371718e-05 9.34996808152889e-06 0.000141106010375823 0.00041280315910088925 2.66717320303802e-05 0.00018146460757303173 3.6905857982541165e-06 3.426240130965537e-07 9.675842675522878e-07 6.80746324135152e-07 3.5323911401830806e-07 1.6631033763381934e-07 4.888480949057475e-08 0.0 1.0894988208401825e-07 1.1534679071465946e-07 8.140072466511688e-06 9.45791773105252e-07 2.666417117544971e-07 1.681273898309475e-06 9.82802550106696e-07 0.0 2.9179889035849796e-07 5.7614335138184234e-05 0.0 0.0 3.617067201188296e-08 0.0 0.0 2.035385148615653e-07 1.9981036480167056e-07 7.395343479401249e-07 4.048367733159951e-07 5.502847227566883e-08 5.7282321418743935e-08 4.1528369706797753e-07 4.9233063097538026e-08 2.739808797660751e-07 3.0958917562569935e-07 0.0 0.0 0.0 0.0 0.0 0.0 6.504935212479533e-08 0.0 0.0 0.0 4.168030275376864e-08 0.0 4.0883935525170876e-08 0.0 4.4951486239898e-08 4.616443065738528e-08 0.0 1.8943381157553716e-07 0.0 7.660211082042608e-08 5.14281196409084e-08 0.0 0.0 0.0 7.033493569610204e-07 1.46756740320325e-07 3.105476563142066e-07 1.0303264278823305e-07 0.0 0.0 0.0 0.0 7.870140766379637e-08 0.0 0.0 0.0 0.0 0.0 0.0 4.780700514635938e-08 0.0 8.701624490869037e-08 4.668835511265738e-08 0.0 3.8671960363662906e-08 3.8410684199649336e-08 4.648529634746599e-08 0.0 0.0 0.0 0.0 2.400137766279417e-07 0.0 0.0 0.0 0.0 0.0 0.0 0.0 0.0 0.0 5.695821371653808e-07 0.0 0.0 0.0 8.263867377191941e-08 5.192556557510667e-08 0.0 6.427189840097142e-07 2.1698764659871052e-07 0.0 1.1139912278945925e-07 0.0 0.0 0.0 1.0637272505717115e-07 0.0 0.0 1.2309135002533835e-07 0.0 0.0 0.0 3.125677264661843e-07 4.268224131498834e-07 4.4561034739362216e-07 4.781021312523008e-05 2.2293404857924105e-06 3.78984846809415e-05 7.33918655296957e-06 2.2361313540062886e-05 5.532393956910396e-06 9.270375025734997e-07 2.4915296157162745e-06 2.0696478535928133e-06 2.983827553430319e-07 5.214671135531219e-07 4.1721310077916653e-07 2.6421050472141853e-07 1.230269853679222e-07 2.2097213059380673e-07 0.0 9.918025415782647e-07 0.0 9.137236069906679e-06 3.1362107352594663e-07
0.0005296795187099365 0.00037742968709601255 3.6174342567946106e-05 0.0 3.2185229520031167e-06 7.215646374659605e-05 0.0003745969946798864 1.7354733872171166e-06 1.700372601700429e-06 0.00047172096508574235 2.5398206283047045e-06 2.5790864003522108e-05 5.2170260506827695e-05 3.116020188123985e-07 6.591103775171394e-07 3.790704923249133e-08 6.096623563869909e-08 0.0 0.0 0.0 8.905878966945328e-08 0.0 0.0 0.0 0.0 4.711419657050999e-08 4.866349211412833e-08 0.0 0.0 0.0 3.160732653332564e-05 1.435514051242792e-06 6.219885578246487e-08 4.5217720699787445e-08 0.0 0.0 7.327212188094094e-08 0.0 0.0 0.0 0.0 0.0 0.0 0.0 0.0 0.0 7.713973206194266e-06 4.520896704211058e-07 1.577875668765896e-07 4.917848328195077e-08 0.0 0.0 0.0 0.0 1.7659411963381172e-06 6.173448132828304e-07 2.6828924878105184e-05 7.14843374085941e-05 9.862272424974096e-06 9.497876258333226e-06 2.5806613498551906e-07 3.6598449872259715e-07 0.0 6.737129827206353e-06 1.524760141101302e-07 2.582319117359655e-07 1.310779339442355e-07 1.2887535480161351e-07 4.341224867819243e-08 0.0 4.559299589457958e-08 0.0 0.0 3.922270391998617e-05 1.0454917720323846e-05 7.309526737204503e-06 2.1865023165157186e-06 2.719093660893558e-07 0.0 0.0 0.0 3.2413446672069754e-07 2.87523918670769e-06 7.082748181853654e-07 7.062026971736363e-07 3.7406518100710174e-07 1.4417207354787717e-07 2.0514801047967358e-07 3.592054960353047e-08 4.3994062764186074e-08 4.706183722313411e-08 0.0 4.43724710364111e-08 0.0 0.0 5.915749088475301e-06 1.2556867017408608e-06 0.0 0.0 0.00011663609870169838 0.0 3.0234959448870864e-07 0.0 0.0 0.0 2.258848975524176e-06 2.159077760300958e-07 5.876292640869981e-07 1.0201693295386123e-05 1.0953933316675752e-06 0.0 1.373794363502794e-07 5.156010350017558e-07 0.0 5.075747654353755e-07 0.0 0.0 0.0 0.0 0.0 0.0 0.0 0.0 0.0 0.0 0.0 0.0 0.0 0.0 0.0 0.0 0.0 0.0 0.0 0.0 2.4714249502499946e-07 0.0 0.0 0.0 2.549628362486012e-07 0.0 1.2823903802193862e-07 0.0 0.0 0.0 0.0 0.0 0.0 0.0 0.0 0.0 0.0 1.536971848642618e-07 0.0 0.0 0.0 3.89764267231067e-07 0.0 1.0495030147581465e-07 0.0 0.0 4.08721230198957e-08 5.2283677932392117e-08 0.0 0.0 0.0 7.126357181367806e-08 0.0 0.0 4.107288740838239e-08 0.0 0.0 0.0 0.0 0.0 0.0 2.448625979581592e-07 0.0 0.0 0.0 0.0 1.9157379665116922e-07 0.0 0.0 1.2921150669615395e-07 0.0 0.0 0.0 0.0 0.0 0.0 0.0 0.0 0.0 0.0 0.0 0.0 0.0 3.036354223208168e-07 0.0 2.8795027527081984e-05 2.315886393116876e-06 2.5339411061197507e-05 2.136735177792026e-06 8.197040421046298e-05 4.263167187064928e-06 9.360542230718541e-07 2.728645176822523e-07 4.025339620455052e-06 1.5911684004910042e-07 9.580444805798664e-07 3.6112944337164137e-07 1.7290973432754721e-06 1.7742250209365448e-07 1.5100608664806564e-07 5.531674753362204e-08 0.0 0.0 5.3278965420099584e-05 3.5134932525952176e-07
1.2486874443527193e-05 0.0005543680628256172 0.00031801314978293976 3.2185229520031167e-06 0.0 2.9961018582520375e-07 0.0012868013444730826 0.0002573825893868409 0.0011138805766357793 1.2982118669417695e-05 0.0006906005870260131 9.827014979158935e-07 0.0004747955592902378 0.0009502994525126021 7.85691354971371e-06 2.313077176274753e-06 1.242750170392451e-07 6.783471901747476e-08 0.0 8.071466216732774e-08 2.2931567968163697e-07 3.7294415304796355e-08 4.0221461565697344e-08 5.3851948678309114e-08 0.0 1.0561761162147947e-07 0.0 1.0670481198458074e-07 9.019856789199755e-08 0.0 4.641980908430505e-05 9.621876727813793e-06 3.202501926809212e-06 1.9929086200234476e-07 8.554316830212914e-08 0.0 8.925357614619804e-07 2.652840191596104e-07 2.250541962939332e-07 1.3338868941373013e-07 2.6212099593328984e-07 0.0 4.078268088936545e-08 3.426626415312416e-07 1.337646940532169e-07 3.4276658258010744e-07 3.288732914542552e-05 9.611897464873214e-07 2.452325453146091e-07 2.1652383224237132e-07 6.736112945954499e-08 3.6066971968973506e-08 8.321485795877208e-08 0.0 1.2770484992633767e-06 1.3553055369313942e-06 1.0334342697421965e-05 2.365580668027766e-05 4.164242792863923e-06 1.1618302145313629e-05 1.265852313700323e-06 1.2766854350370407e-06 2.0128561688866465e-07 2.90562892628723e-05 1.5444786700376895e-07 1.7523378561364314e-07 6.224770286970313e-08 2.7174486185035906e-07 1.2334744938140902e-07 4.782392376449697e-07 4.08637811931971e-06 0.0 0.0 2.6081140176473852e-05 2.0024645701406687e-05 2.8309186399225685e-05 2.5305809949704723e-05 3.5758313551924506e-06 7.946971778230605e-06 3.077271190367037e-05 2.1828099381665753e-06 2.019147880024036e-06 3.113848869060611e-06 2.1888278568972837e-07 7.583261029316255e-07 5.58446723664287e-07 3.1144347866746885e-07 2.5973803829267773e-07 1.0351757569317624e-07 1.529076107902211e-07 7.226034674194709e-08 0.0 2.988788355768107e-07 4.4895971321200003e-08 6.759505948104173e-08 5.684003962710771e-06 3.995450215989115e-07 0.0 1.2818637147230367e-06 3.729780192049535e-06 0.0 9.494485886154722e-07 3.613002941008227e-07 4.96047874712396e-07 2.8143942927479073e-07 3.1169660497406168e-06 1.8667016735305907e-07 2.2835668613245453e-06 2.280212186948302e-06 1.5459457857635964e-06 1.2838751054471725e-07 2.410695305338551e-06 3.8013926055247097e-06 2.1547885805087477e-06 2.972855548394474e-06 0.0 0.0 0.0 0.0 0.0 0.0 0.0 0.0 0.0 0.0 0.0 0.0 0.0 0.0 0.0 0.0 0.0 0.0 0.0 0.0 0.0 2.602057119577317e-07 0.0 0.0 2.650555972489113e-06 6.83599487610066e-07 3.956637855195506e-06 5.584742722518073e-07 8.462669366645312e-07 0.0 0.0 0.0 0.0 0.0 0.0 0.0 3.1149995439657966e-07 0.0 0.0 0.0 0.0 4.1319834964936226e-07 0.0 3.3481521123814324e-08 0.0 0.0 7.966907871277345e-08 1.2939096937150975e-07 0.0 0.0 4.416738139436068e-07 1.0118393301269911e-06 0.0 0.0 0.0 0.0 0.0 0.0 0.0 0.0 0.0 1.8287427951638275e-06 0.0 0.0 0.0 2.2115118516574307e-07 6.9850174708741e-07 0.0 1.062094971857194e-06 1.1516643117580466e-06 1.907608739200748e-07 1.4396265222543749e-07 0.0 1.9301114332134455e-07 0.0 1.3755775826410836e-07 0.0 0.0 0.0 4.012395055574763e-08 0.0 0.0 1.7097541666557836e-06 1.4596576519832454e-06 9.72233433121418e-07 9.791230408008065e-05 3.8055635220874202e-06 4.8327689719998955e-05 8.695631087264212e-06 1.118535651632399e-05 6.3774779881398414e-06 9.196767050806904e-07 3.2016880047067515e-06 5.158017695055042e-06 6.426948898409021e-08 1.4533111264511374e-06 2.438974558650177e-07 5.137104428897818e-07 4.7111490876973075e-08 1.1019537837268003e-07 0.0 1.1074416114631661e-06 0.0 1.1464669508271311e-05 1.1767492207092623e-06
8.559271388247042e-05 4.940226792313476e-05 3.93466718986504e-06 7.215646374659605e-05 2.9961018582520375e-07 0.0 2.585226807307505e-05 6.795936087128693e-08 7.898815333727976e-08 0.00024195259881655835 1.3832828258467454e-06 7.211066530437055e-05 3.618684763115094e-05 4.371800400175921e-06 6.697321591240045e-08 2.9263116104777025e-07 0.0 0.0 0.0 0.0 0.0 3.108515667532444e-06 0.0 1.2377987512198977e-07 6.452053364190244e-08 1.563767212213774e-07 0.0 0.0 7.10700729514229e-08 0.0 4.5125364003891417e-07 0.0 1.3799925746120301e-05 0.0 0.0 0.0 4.869436478433532e-06 3.3004151949805994e-07 2.5479481396532395e-06 1.6750952543131663e-07 0.0 0.0 0.0 0.0 0.0 0.0 4.467574714777168e-07 0.0 0.0 0.0 2.3547597509113376e-07 1.6319603472560393e-05 2.5745415016719995e-07 4.3256829399727236e-07 3.370676304125438e-07 2.7439186883018944e-07 4.189905059540328e-05 9.300821121826035e-06 6.672007610947416e-07 1.0457896142627818e-06 2.9024835765097025e-07 4.9497484292879925e-06 0.0 2.2324647231268185e-06 4.920864116062527e-08 4.99425267916794e-08 9.392343384406006e-08 4.190354175104058e-08 1.5584649526369928e-07 0.0 6.953726699677887e-05 0.0001643205693856757 7.262314875380231e-06 3.025431556911712e-06 0.0 3.7534284998423337e-07 3.6880227609629003e-07 7.0605310638322e-08 6.001302816051734e-08 4.867056984851865e-06 1.3375560652195515e-07 4.003806348801281e-06 1.7273040854357464e-07 5.736496236118526e-07 9.61433236411754e-08 2.0541683816365363e-07 1.5828852185751273e-07 9.60348568217901e-07 5.76850944291348e-07 2.8904523663626486e-06 8.038046242103392e-07 2.1974985249764095e-06 5.7405767883012485e-08 0.0 4.6828209262436014e-07 0.00018170544294860523 0.00014125514017325925 6.356592125966565e-06 8.518872090635523e-06 0.0001526526102285068 0.0 4.0878535706382953e-07 3.6980770795851206e-07 1.0467644480087828e-07 0.0 5.360611938939286e-07 0.0 7.834704792992233e-07 2.192075711006836e-06 1.2319110656811896e-06 0.0 7.96848250779392e-07 6.586711811158909e-07 4.3961613079537045e-07 3.9605132856020483e-07 2.0932182875409875e-07 0.0 0.0 7.019207861210697e-08 0.0 0.0 0.0 0.0 0.0 0.0 0.0 5.3925024897695036e-08 8.093719742720704e-08 0.0 0.0 0.0 3.9445456127000596e-07 1.0267029193952811e-07 5.164084435165686e-08 0.0 0.0 0.0 5.25689743567245e-08 0.0 5.964206857905067e-07 0.0 0.0 5.4304673225901e-07 4.4290748808675495e-07 0.0 5.4150966375091185e-08 0.0 0.0 0.0 0.0 0.0 0.0 1.745022650543743e-07 0.0 0.0 6.564921916362791e-08 9.373205229946702e-07 5.3021242921046885e-08 0.0 0.0 0.0 0.0 0.0 0.0 0.0 0.0 2.2727325060373314e-07 0.0 0.0 0.0 0.0 0.0 9.34370806106806e-08 5.6829583696159786e-08 0.0 2.0011342818510698e-07 7.225380423358469e-07 1.0946352651055649e-06 0.0 0.0 3.536520343434861e-07 0.0 0.0 0.0 0.0 1.280687399997506e-07 0.0 0.0 0.0 0.0 0.0 0.0 6.566114092493665e-08 6.581120730044007e-08 0.0 0.0 0.0 2.615961685090345e-07 7.772052756036229e-07 6.716510614023213e-07 1.127539583069343e-05 4.0655238546340206e-07 1.0890050992513638e-06 8.049435958662826e-07 3.854162670752656e-05 4.806769646925213e-08 1.4681865635722435e-07 0.0 2.2546275794605494e-06 0.0 9.235843370964174e-07 0.0 3.4357352065129314e-06 0.0 0.0 0.0 0.0 0.0 2.580876662327228e-05 4.374119192390708e-06
0.00022412938451028756 0.001069906145095319 0.0001348019154140784 0.0003745969946798864 0.0012868013444730826 2.585226807307505e-05 0.0 1.7517719294844236e-05 0.000742850469326185 0.0006106657427609656 0.0003729900716525454 0.00010642596202613047 0.0005915081431666667 0.000961975334817709 1.7087819560186122e-05 6.0293694282013405e-06 1.402229178125729e-07 1.6657075581662817e-07 0.0 1.0936160380623997e-07 8.712218309358137e-07 0.0 6.367031604241202e-08 1.3819666184104828e-07 3.605285544675538e-07 5.352378821994081e-07 2.8202712390611994e-07 3.1390025482581254e-07 3.246999245357851e-07 4.764737565450694e-08 0.00014807606835633865 1.9534139896837905e-05 5.8740785287889945e-06 4.792428603558126e-07 2.3304865628748474e-07 1.1662003160901928e-07 1.6635314093435423e-06 1.2209122800634723e-06 6.663994548507445e-07 4.828251568243214e-07 8.951376746206662e-07 3.8581220014380975e-08 4.037354917782159e-08 8.815091219825309e-07 2.3037953781451005e-07 1.1142634425156131e-06 8.990832902034104e-05 2.762013746488116e-06 2.0551443272233485e-07 4.092431591249103e-07 8.554940232286738e-08 0.0 4.444460797524975e-07 1.9640543264999077e-07 5.456431096715486e-06 3.6424400447757132e-06 4.960126202325609e-05 0.00014185045308963166 2.413914067137097e-05 3.831783108611119e-05 4.2197264225619775e-06 4.04576764843312e-06 7.008179107305658e-07 8.098039586825442e-05 1.3502679243886023e-06 1.4480492819665341e-06 1.6840606758903525e-07 5.744022916404403e-07 5.811572676405886e-07 9.653284710810856e-07 7.254432402821076e-06 5.701253485239884e-07 5.450046999961486e-08 0.0001109675416558593 7.360325722364576e-05 7.943996623003375e-05 5.741354131805015e-05 8.941745264501373e-06 5.577277669061947e-06 4.8582793968902544e-06 4.918873933862551e-06 6.540257434268939e-06 1.2668141241271235e-05 1.921482847987716e-06 2.3930906075114096e-06 2.2610734123003345e-06 8.38858252894896e-07 6.284210228673872e-07 4.966934718280976e-07 1.0803339427334996e-07 9.595850420676258e-08 3.059141432785899e-07 1.1172163374686885e-06 1.7090344200408365e-07 1.6428716653853626e-07 2.5666843071029138e-05 1.943656867717346e-06 0.0 8.246030976238342e-07 4.6662662492726816e-05 4.2721656714459167e-07 1.3692423843889257e-06 1.9175384545301094e-06 3.5579851372628936e-07 1.4082915190743165e-06 1.7186031161597372e-05 1.1417116365945744e-06 1.425662644211459e-05 2.3041710036018827e-05 1.3756179938771658e-05 4.5528744349292324e-07 1.0999423692234108e-05 1.3496704304550872e-05 6.732664938004883e-06 1.4990745061660256e-05 0.0 0.0 0.0 0.0 0.0 0.0 0.0 0.0 0.0 0.0 0.0 0.0 0.0 0.0 0.0 4.9383846064085114e-08 0.0 0.0 0.0 8.065455688851393e-07 1.5293222424653384e-06 0.0 9.681484978437043e-08 0.0 1.1585105769583748e-05 1.842709138537006e-06 7.555994325576092e-06 2.45058875779762e-06 3.627615614155215e-07 0.0 0.0 0.0 0.0 0.0 4.8143417327332706e-08 0.0 7.688024454773494e-07 9.448468594453825e-07 0.0 0.0 0.0 1.444613957357049e-06 5.001019805081701e-08 1.18122257082651e-07 0.0 3.231479843534722e-08 6.273212677006649e-07 2.890151282441467e-06 1.3315068285681658e-06 0.0 4.3678474783208693e-07 5.757277569188402e-06 0.0 1.2414268227530541e-07 0.0 0.0 0.0 0.0 0.0 0.0 0.0 1.1415436634765126e-05 5.452903595361218e-07 0.0 0.0 0.0 2.412182704125746e-06 4.862414323230144e-07 4.524444459705899e-06 4.426814437801508e-08 8.064964390175791e-07 1.940055782424478e-06 0.0 0.0 0.0 1.443255622079612e-07 3.910964646091819e-08 0.0 7.67190661909362e-08 0.0 0.0 0.0 7.77692365672546e-06 5.811007597773502e-06 4.505403427433601e-06 0.0002706369371601301 1.0752738738983756e-05 0.00015250322337733086 1.8362980661469796e-05 6.891058244110765e-05 2.354542566305031e-05 4.405934992813495e-06 9.347579959933987e-06 2.0235263528444253e-05 7.841587280423785e-07 5.062996996439143e-06 1.125490856023787e-06 1.1561740961917553e-05 3.0762879140217137e-07 1.3129271780987525e-06 4.5842226580893474e-07 3.4190144606923484e-06 1.1069870806562664e-06 9.496126227643175e-05 5.086310572665836e-06
2.8554911310068933e-05 0.00040403552813326706 0.001584174096218717 1.7354733872171166e-06 0.0002573825893868409 6.795936087128693e-08 1.7517719294844236e-05 0.0 0.00018564543229228534 1.651307751120203e-06 0.0013417189904007178 1.842602355545903e-05 0.00010999691379156559 0.00032097045520285833 1.3131352414329634e-05 1.3884482245677266e-05 7.403260043056286e-07 9.794455010184288e-07 1.4912434748822232e-07 2.084722213816899e-06 2.986510198764272e-05 2.314083922422791e-07 3.893863769609776e-06 5.991908805548788e-06 2.4639279586845306e-05 1.0664951985178879e-05 7.069006137903957e-06 3.5891117088516393e-06 2.0046251406597294e-06 1.276618178308148e-06 0.0003095934463669292 0.0007409133391632663 0.00011519425933987447 1.7710434788125363e-06 1.2090833924887484e-05 6.3148221175824204e-06 6.657163552801828e-06 2.5474396620730647e-06 2.724933559771236e-06 1.514360026490191e-05 2.5264029182814694e-05 3.561585322800191e-06 1.4823349274973286e-06 1.3993350307845798e-06 2.941215483088248e-07 4.08491658207834e-06 3.70162645753206e-05 7.506627915489598e-07 7.93314046246125e-07 1.743000469179588e-06 1.839556626383797e-07 0.0 2.152724020657223e-06 6.371067265047779e-07 1.1165777295257216e-06 7.626719094833459e-07 1.2473242423616696e-05 4.954545402846143e-05 5.331542411029641e-06 8.838130910456355e-06 0.00013466225120591414 8.34412087574711e-05 2.1044895609198093e-06 6.22885094133956e-05 3.504236567286219e-07 1.9921967205624405e-07 4.2198169926003837e-08 3.437173221572959e-07 4.044879506136334e-06 2.2067754451455052e-05 6.028162065481803e-06 7.205860547598388e-07 0.0 2.3826831345064385e-05 2.2476235225191213e-05 2.890102818393029e-05 4.604788793406023e-05 4.7367968519206237e-05 0.0012964803827976113 0.0009070401767642413 0.0002422768238115431 0.0008763126431816165 2.370749226818847e-06 2.4920953884458117e-07 4.651200398486902e-07 3.310287152429162e-07 7.298991997308845e-07 1.140065405241889e-07 0.0 0.0 8.615297764001538e-08 5.6442585971649514e-08 2.9844060127134e-05 2.70075360247891e-06 5.221022124493638e-07 2.267395962559902e-06 1.0954638853579511e-06 0.0 2.0019642678038755e-06 9.429504687300978e-06 0.0 1.523595568185966e-07 0.0 0.0 0.0 1.0383146763490326e-06 0.0 1.118973778609884e-06 6.579532918535148e-07 8.006865052138106e-08 1.8643882734224012e-07 7.779695472656568e-07 3.696490039295321e-07 3.602662885724127e-07 1.1132464520077228e-06 1.0083563248990962e-07 0.0 0.0 0.0 0.0 0.0 0.0 0.0 0.0 0.0 1.6466433764685196e-07 0.0 1.8311018160928522e-07 1.0701581571092656e-07 0.0 5.324031090856715e-08 9.341677505550272e-08 5.002368281608815e-07 1.1149688765901635e-07 2.1107907066370383e-07 2.8919308575696966e-07 0.0 0.0 9.096851444095099e-08 2.028592186863367e-06 2.4129255744588537e-07 1.326213891101777e-06 6.224565399773266e-07 3.4727760353504293e-07 0.0 1.8071865701027715e-07 5.363254328244991e-08 0.0 0.0 8.461081587270578e-08 0.0 0.0 5.112026184564648e-08 0.0 0.0 1.6917668895466655e-07 0.0 4.6724808066912466e-07 3.8578784247515205e-08 0.0 3.2482782800354024e-08 0.0 0.0 0.0 0.0 1.8431446587940672e-07 4.770021315770026e-07 0.0 0.0 0.0 0.0 0.0 0.0 0.0 0.0 0.0 9.641204688924101e-07 7.253249709471236e-08 0.0 0.0 0.0 4.967298637275103e-07 0.0 7.620119612662951e-07 2.3736819318996034e-07 0.0 0.0 0.0 1.1465808888030674e-07 0.0 7.858127101466207e-08 0.0 0.0 8.205432430326471e-08 0.0 0.0 0.0 2.4136529947034516e-07 7.325265438380874e-07 5.818774223589548e-07 0.00011355093125419551 2.9953094820820773e-06 6.575239811309868e-05 1.7964354945844532e-05 1.0991225463311144e-05 9.218780502728158e-06 4.2371138615529775e-07 5.881230136325081e-06 4.433006401393673e-06 1.9007448252949055e-07 1.4157771705061802e-06 1.8393533458931254e-07 3.2496775284839935e-07 1.5850015079451287e-07 5.120082531674385e-08 0.0 4.105062768050785e-06 0.0 6.143881203972239e-06 7.832615271350454e-07
1.1311804635870688e-06 0.00013659774830283232 0.0001625294600047949 1.700372601700429e-06 0.0011138805766357793 7.898815333727976e-08 0.000742850469326185 0.00018564543229228534 0.0 1.0966417483057457e-05 0.0005682853270710229 4.791248818346822e-06 0.0005883004959233596 0.0004670118188475182 1.7503594639478432e-06 1.070761674584984e-06 6.255127718576707e-08 0.0 0.0 0.0 5.054607640152536e-08 0.0 0.0 5.773489847069051e-08 0.0 0.0 0.0 0.0 0.0 0.0 8.514435865075798e-06 1.874888212057961e-06 4.516883804006998e-06 3.821411652821634e-08 5.201901483133829e-08 0.0 3.4486185301729994e-07 4.7224416627892607e-07 0.0 0.0 0.0 0.0 8.353087782242328e-08 1.1787396953297971e-07 0.0 3.3223776500414844e-08 7.09972700006574e-06 2.0233623897441358e-07 0.0 5.946240345869151e-08 0.0 0.0 6.141436532739732e-08 3.88753115494147e-08 3.732627340015778e-07 3.146113412933935e-07 1.6179152575966741e-06 3.7421742928986357e-06 9.440221209956001e-07 2.211809988879119e-06 5.739860293660006e-07 7.022937412318555e-07 9.162220292996146e-08 5.865229497021672e-06 0.0 0.0 0.0 3.208537040511554e-08 0.0 4.798059370320511e-08 1.0765437352465445e-06 5.311596790214089e-08 0.0 5.538509531254629e-06 4.020096053862179e-06 6.324296784745426e-06 5.32962649722518e-06 1.5861122465566359e-06 2.166414521466385e-06 1.6590879462142745e-05 4.880126814988042e-07 1.7788058564969232e-06 6.385717727928727e-07 3.2019534004659126e-08 1.7944719313316905e-07 1.5209124328065687e-07 1.0421395115718e-07 3.56957231803592e-08 7.8776726845283e-08 0.0 7.090342215270807e-08 4.185545624262445e-08 9.302969056884814e-08 0.0 0.0 2.323030969705863e-06 0.0 0.0 4.540310569484458e-08 3.8360538893659374e-07 1.1011135405604915e-07 2.4339162613695033e-07 4.8264604762436804e-08 1.4328807976695387e-07 0.0 8.819384949809974e-07 2.0887526078399783e-07 7.293497029369343e-07 1.1845553361546128e-06 1.2941509631713191e-06 0.0 8.38640373870094e-07 1.606847425379161e-06 7.434333937169794e-07 1.0580162191856147e-06 0.0 2.508439609054042e-07 0.0 0.0 0.0 0.0 0.0 0.0 0.0 0.0 0.0 0.0 0.0 0.0 0.0 0.0 0.0 0.0 0.0 1.436825454626991e-07 5.304166544444891e-07 0.0 0.0 0.0 7.851516211680431e-07 2.1459310460512862e-07 5.181054467907305e-07 4.052245197656765e-07 0.0 0.0 0.0 0.0 0.0 0.0 0.0 0.0 1.7313817776811174e-07 0.0 0.0 0.0 0.0 0.0 4.390501909683701e-08 0.0 0.0 0.0 0.0 0.0 8.620013125873354e-08 6.709541557252131e-07 0.0 6.935047424415615e-07 0.0 0.0 0.0 0.0 0.0 0.0 0.0 0.0 0.0 1.4874999261484223e-06 0.0 0.0 0.0 0.0 5.429860855201474e-07 0.0 0.0 0.0 0.0 0.0 0.0 0.0 0.0 0.0 0.0 0.0 3.289685995412271e-08 0.0 0.0 0.0 8.81532088243467e-07 1.114278384884908e-06 4.565515807889574e-07 2.571850867151263e-05 4.894177944256671e-07 1.0613688697545068e-05 1.365314205812064e-06 2.0151547326681615e-06 1.761624708964343e-06 1.6054540124881268e-07 1.058186963872175e-06 1.1744909916846065e-06 4.366475865221943e-08 1.057732616229802e-06 3.5375217392506674e-08 5.288837730132064e-07 4.270824778572896e-08 0.0 0.0 1.47610042796057e-07 0.0 4.11455935068876e-06 7.429851804795497e-07
0.0005971690616058406 0.00034011592547830564 3.7396667737395305e-06 0.00047172096508574235 1.2982118669417695e-05 0.00024195259881655835 0.0006106657427609656 1.651307751120203e-06 1.0966417483057457e-05 0.0 4.422548876593023e-06 0.0006543348322355931 0.0015025212079774343 3.096839924139957e-05 1.8939919669337605e-06 1.0501685735938615e-06 0.0 0.0 0.0 0.0 1.833792117382686e-07 1.2060015500301143e-07 0.0 1.0878521717438396e-07 3.0838347424055435e-07 1.714420228349162e-07 0.0 0.0 7.261767181310836e-08 5.0979202666086025e-08 3.36137465481717e-05 7.671426888703923e-07 3.4498064440331984e-05 1.1219628694441943e-07 1.7812743487581598e-07 1.519235095618447e-07 2.435579131773417e-05 0.0 5.063047797281331e-07 5.077724096000803e-07 9.997208244091249e-08 1.041559683374887e-07 0.0 1.5797624240630451e-07 4.282798275826929e-08 1.3958323337633431e-07 1.3391398631758851e-05 5.261910198894432e-07 9.285185066693193e-08 8.947222092725886e-08 0.0 1.2575094554962344e-06 0.0 4.3813790308816814e-08 2.4515918631490102e-06 1.4560018808321694e-06 4.9968317928418076e-05 0.00010405376871090148 1.4201957727463531e-05 1.731060859291068e-05 5.798543026782757e-07 2.8033302619976798e-06 0.0 9.127965862556819e-06 4.1713699431155575e-07 2.619954093361287e-07 2.204572776027326e-07 1.3783448130321925e-07 1.2107786736950167e-07 6.562518283624533e-08 0.0001217049568408869 8.679933132161533e-06 5.230498060954684e-07 5.623331160178835e-05 1.7365015645788187e-05 1.4451724346756159e-05 3.438195546346017e-06 8.093784460853525e-07 1.339385705318452e-06 2.6365130856241888e-06 1.052251125343383e-06 2.710066496803761e-06 4.618841071791055e-06 6.3330020130787e-07 5.957790990139187e-07 5.67340910307594e-07 2.9302457595754564e-07 4.2678354049582634e-07 4.934565465353137e-08 3.744969287175919e-07 1.2996071387920802e-07 2.629365247421259e-07 2.929785470332906e-07 8.555321985721641e-08 1.1264025847701702e-07 0.00012653086234789472 2.065440856189044e-05 8.970977567833955e-07 1.957979106193012e-06 0.00023784566865080883 4.965608960582017e-07 6.872167029495825e-06 8.883679310608764e-06 6.207161864797794e-06 3.636541234402059e-06 2.891420301554154e-05 3.7167997719097624e-06 2.3599944259911258e-05 2.4104479660669824e-05 3.417102315578366e-05 1.44184576936894e-06 1.4717013687327283e-05 2.325117164501421e-05 7.546263250569392e-06 1.487458105830848e-05 5.949538849790495e-07 5.0243948121199674e-08 0.0 0.0 0.0 0.0 0.0 0.0 0.0 0.0 0.0 0.0 0.0 0.0 0.0 0.0 0.0 0.0 0.0 5.90352939881671e-07 2.583773096654233e-06 6.224915726031457e-07 4.7438260248961173e-07 0.0 1.1105765594236165e-05 1.3122146166747187e-06 6.062683459825713e-06 3.2226308278344647e-06 1.9868718321330615e-06 0.0 0.0 1.0261565106909854e-07 0.0 0.0 0.0 0.0 8.725267625067306e-07 8.060680332563505e-07 0.0 0.0 0.0 7.193747556096804e-07 5.131995295427414e-08 2.789204735797021e-07 2.518208383819149e-07 8.055690930852229e-08 1.8662897140158253e-07 1.5794092442943337e-06 3.58003768999051e-06 2.4685596143675765e-07 3.653763924934693e-07 4.2925668481470324e-06 1.8897049529817447e-07 3.3289468297297436e-07 4.325456008764203e-08 0.0 0.0 0.0 0.0 0.0 0.0 1.195760397163686e-05 1.6712365240126943e-07 0.0 0.0 7.092721104730874e-08 2.9590358844597577e-06 0.0 2.7699511619784996e-06 8.932627446824437e-07 8.136633584654285e-07 1.889388226167288e-06 3.857807408329708e-07 0.0 0.0 1.9016595553687985e-07 0.0 0.0 3.379173756403597e-08 0.0 0.0 0.0 8.12890267913439e-06 2.0046431646918537e-06 9.67260750796687e-07 0.00011225531247798771 3.888386327623424e-06 4.591240976477911e-05 5.004164511855336e-06 0.00022634158994495331 8.984983728604542e-06 1.975777996979562e-06 1.0153384988210266e-06 4.167379511414799e-05 2.43923786569105e-07 4.603028362505603e-06 1.2625541793214455e-06 4.8013593446995297e-05 8.3613903410371e-07 3.5740621304666945e-07 0.0 2.0421751540282073e-07 0.0 0.000350170220478729 1.093508577362547e-05
3.3196582191650566e-05 0.00046541811964347936 0.001117114053329346 2.5398206283047045e-06 0.0006906005870260131 1.3832828258467454e-06 0.0003729900716525454 0.0013417189904007178 0.0005682853270710229 4.422548876593023e-06 0.0 7.568277066248967e-05 0.0009705676403017712 0.000918162694091237 8.497475723218626e-06 7.120823401829094e-06 2.506216730783068e-07 2.3819313408474605e-07 0.0 2.7914365794895724e-07 3.112236500651503e-06 1.965363406586687e-07 3.517482736660555e-07 7.372124001540163e-07 5.975651392072631e-06 2.6799588887583343e-06 1.8886197545747871e-06 8.675169941854324e-07 1.063850272865497e-06 5.719991794750499e-07 4.004239775519934e-05 1.9950753243047685e-05 0.0001713835869722281 3.6649264853467125e-07 1.8011879093546843e-06 1.7580122835378745e-06 8.971686959547653e-05 1.247365829706819e-06 1.7710430771359424e-06 6.051074990193206e-06 4.743726945740744e-06 8.198255208677341e-07 3.153692118372261e-07 5.823857553355557e-07 3.7890378047135615e-08 2.1641124068637797e-07 1.5183658497953472e-05 2.6434660239169044e-07 9.874187878353596e-08 2.4744551342065735e-07 0.0 9.828919890238134e-08 1.0107024246954467e-06 3.351109544673313e-07 3.8417719645527866e-07 2.583186963741501e-07 3.0598501798889966e-06 7.491593594388402e-06 1.1202721066175962e-06 3.522597590005659e-06 1.1189266111734908e-05 5.368122887320354e-05 6.33593743349323e-07 1.3609866855069481e-05 0.0 3.524463393851666e-08 3.7424687057749444e-08 0.0 3.4966386777737647e-07 1.4466806123536877e-06 4.146037659545233e-05 3.8289625301055306e-07 0.0 7.126197728613656e-06 7.647028271527497e-06 1.268438591356583e-05 1.6335490141753738e-05 6.4914748819989494e-06 0.0001892807898082589 0.00043347695795445694 1.6546019908428263e-05 0.0002325221282930671 6.593248535378375e-07 1.6406724056981135e-07 1.9023874254911812e-07 1.0786259495877269e-07 1.1304695120828232e-07 3.857521093253534e-08 4.3110030422309726e-08 0.0 3.282713339618912e-07 2.6489234591954645e-07 2.697883105855613e-06 2.74613947785458e-07 4.6709426102752707e-07 1.912131577802419e-05 2.03267685221441e-06 0.0 1.378079263029219e-06 2.3868528367204697e-06 0.0 1.505010602731862e-07 4.967724350196445e-08 9.855106954775395e-08 5.230115407764215e-07 1.8813756714465319e-06 0.0 1.735768298172402e-06 2.1888284063908642e-06 1.7142452130370546e-06 2.7105946340431503e-07 1.5262557758653806e-06 2.5565315250152037e-06 1.4543356620521685e-06 3.0818564498327507e-06 0.0 6.785343393334056e-08 0.0 0.0 0.0 0.0 0.0 0.0 0.0 0.0 0.0 0.0 0.0 0.0 0.0 0.0 3.922907937265987e-08 0.0 0.0 4.0081942253527467e-07 1.4614133000401254e-07 0.0 1.0876956142745778e-07 0.0 4.339811605677645e-06 0.0 1.6888916692066237e-06 5.615054395126883e-07 3.1064367630063955e-07 0.0 5.4235074240453615e-08 0.0 0.0 0.0 2.981521062159546e-07 0.0 0.0 2.1294808792246328e-07 0.0 0.0 0.0 1.8140362807242518e-07 9.868129631292855e-08 0.0 0.0 0.0 5.1554287865777596e-08 9.784254095672337e-08 6.905094432938149e-08 2.609497455462556e-07 0.0 2.3952088988375553e-06 0.0 0.0 0.0 0.0 0.0 0.0 0.0 0.0 0.0 3.2238735702283984e-06 1.1031206060310626e-07 0.0 0.0 0.0 9.527217162163165e-07 1.5229290421130126e-07 1.0561017128559425e-06 4.318035467501514e-07 4.594807157681469e-08 3.4114461892052266e-07 0.0 0.0 0.0 0.0 0.0 0.0 3.847770956282387e-08 0.0 0.0 0.0 1.8996093787527503e-06 1.3362715098988933e-06 5.313229332428456e-07 4.912168531502268e-05 1.4318572646532864e-06 2.728334970343881e-05 6.080691042490008e-06 3.7163780307665807e-06 2.7659297751513633e-06 1.3574891215912412e-07 3.3243107331102743e-06 1.9204162616674165e-06 0.0 1.3108961084349257e-06 7.34467300536528e-07 1.3649426935236044e-06 0.0 4.3991456686444473e-08 2.5794014028493847e-07 2.549527377776878e-06 2.749996472912166e-07 9.988986910730603e-06 2.0422635453727675e-06
