0.0 0.0012212737068335448 0.0003033511141081889 0.0005588404360186187 2.9181949869582455e-05 1.6985055832349446e-05 0.0003424162864922042 0.00010523341536127309 2.1694329717417132e-05 0.0005962250499807565 9.402449626601223e-05 3.158251120775627e-05 0.00012513446161890453 0.00017701489935500106 9.504084038928706e-07 0.0 1.0644834916241199e-07 0.0 0.0 1.280730333545236e-07 9.853306236228419e-07 6.441724135239535e-08 2.631137146716989e-07 9.505968373999336e-08 4.921106988558412e-08 6.662060482792425e-07 0.0 2.787940014983941e-07 4.973481032498662e-07 0.0 0.00033815609362057537 9.21781591466779e-06 4.284995828990228e-05 4.780518102087375e-08 1.9378858856409848e-07 0.0 5.9917651277795255e-06 4.951362888501033e-07 2.3362537859234266e-07 0.0 8.193622415257494e-07 3.304530997507143e-07 3.803554304084554e-08 9.779429862516695e-08 4.444342434113306e-08 5.7645139108410283e-08 9.486207685941653e-06 1.4779107476927105e-06 1.0699163936162995e-07 0.0 1.4230059401862428e-07 2.1822375123181972e-07 1.2304534777382631e-07 0.0 6.428067854872191e-07 1.26984489318414e-06 9.937738949631672e-05 0.0003302567257689713 9.216260606161141e-05 4.000612440804209e-06 8.187388082186034e-08 1.37690941908056e-06 4.514751083362841e-08 1.5422624649485795e-06 2.031487200286399e-06 3.575935847442269e-07 0.0 5.949618857961328e-07 4.0662766418038846e-07 3.829968968154532e-07 9.371755211494751e-06 5.544135974334049e-06 4.870078233718691e-07 7.976885165012896e-05 1.314134068508794e-05 5.071595457638798e-06 4.591107107033441e-08 3.8374629358160043e-07 1.644627727755459e-06 2.5116381497547536e-05 1.1127888821542603e-07 3.369344581848696e-06 7.21226731581479e-06 1.074529257931414e-07 7.059232941247226e-07 6.724499509164235e-07 1.2286742057844608e-07 0.0 4.071977895848668e-08 3.2754493984474337e-07 4.883702273343317e-08 4.180105968458674e-08 4.6789388782121523e-07 1.6510577380749797e-07 0.0 4.534283074839863e-05 1.1966982651048702e-05 1.02881846763808e-06 3.690076834610034e-07 0.0004637770490587958 4.121247461028062e-07 1.2704962492201068e-06 2.0521893019913856e-06 2.2671268425385245e-06 4.526404074755066e-07 1.8777056617444218e-06 9.367220770781285e-07 1.1332091869357229e-06 1.9438557227168277e-06 9.861046446171464e-06 9.6478241772978e-07 7.043645337733761e-06 1.1723747497231685e-05 4.127951440667898e-06 8.766960954611734e-07 0.0 0.0 0.0 0.0 0.0 0.0 0.0 0.0 0.0 0.0 6.626702589575209e-08 8.031856172869477e-08 0.0 0.0 4.813726516215456e-07 0.0 4.757237398611645e-08 6.106702076328425e-08 0.0 0.0 7.989233590188036e-08 0.0 1.2182319585425428e-07 5.73908639094447e-08 1.2622440209942646e-06 0.0 6.416903190430919e-07 8.441710760056317e-07 6.471482565334014e-07 0.0 0.0 0.0 0.0 0.0 0.0 0.0 0.0 0.0 0.0 0.0 1.17567308741836e-07 5.348093247776284e-07 5.3660988524572927e-08 0.0 0.0 0.0 0.0 1.1156789679961028e-07 0.0 8.971427253704746e-07 9.88565948470602e-07 7.554840108550801e-07 0.0 0.0 0.0 0.0 0.0 0.0 0.0 0.0 0.0 4.561387080315195e-06 7.786447980160884e-08 0.0 0.0 6.821052353128643e-08 4.1948134253601096e-07 1.5352233259459723e-07 9.298475006008343e-07 0.0 0.0 0.0 0.0 4.3153232584692137e-07 0.0 0.0 0.0 0.0 0.0 0.0 0.0 0.0 3.6792556030514827e-06 1.1986943250959465e-06 7.719310114160035e-07 0.00023264815201785052 1.699802587572604e-06 7.309329580195975e-05 2.984810528545947e-05 0.00022833091422708567 3.490456855852195e-05 1.0641265208374921e-06 5.567091607714256e-06 1.4124505680377979e-05 0.0 1.3572463418764866e-07 0.0 4.394993636907668e-06 0.0 0.0 1.3461697700516475e-07 4.783694248330062e-07 0.0 6.702965863526273e-05 1.7322371228222917e-05
0.0012212737068335448 0.0 0.000999257137776146 0.0007235073983136996 0.00035301687440561627 5.7952877456437394e-05 0.0007691954965072387 0.00046354211083716 0.0001814057917256239 0.0003773904776482119 0.000895931605989251 6.342073928896323e-05 0.0007263594238945982 0.0009744124844053382 5.048121986601933e-06 6.561581486292707e-07 3.0957586504805015e-07 7.302050229374295e-08 5.6551982240065876e-08 4.255178008560427e-07 8.093489437315978e-07 0.0 5.50082881000745e-07 4.7586838691077425e-07 0.0 9.337047317315077e-07 0.0 4.222927096370667e-07 1.857818294836131e-07 2.1912109932270124e-07 0.0006411722256788505 1.992768279896398e-05 5.392328371896768e-05 1.6328017463323366e-07 4.350647531489042e-07 1.8382659685933492e-07 8.226989979957358e-06 1.0151324680428167e-06 7.661968974779164e-07 4.3438642396221096e-08 1.5875354772842984e-06 6.133875600865151e-07 3.4031813824885763e-07 8.455166538292306e-08 5.450904035943134e-07 4.214536290695736e-07 3.5638689234099074e-05 1.2820702620207825e-06 0.0 2.0890122979667592e-07 1.653824924130387e-07 9.725241996095366e-08 0.0 1.587633973555322e-07 5.119932184246045e-07 1.9813202806000554e-06 5.664714002228069e-05 0.00024382575766868696 6.735171036849025e-05 1.7443625851361196e-05 6.822170032209661e-07 1.0183469374608818e-06 8.03503084341648e-08 1.8291120668842463e-05 1.806429017916033e-06 3.158713753298248e-07 0.0 3.671251801778439e-07 7.480973294780701e-07 6.368781299451395e-07 1.208748817255997e-05 2.6326396294885003e-07 0.0 0.00012057472770913866 3.820278091261341e-05 2.6716655664413116e-05 3.9249790364391097e-07 1.3399309649806536e-06 1.7367512069553645e-06 4.8090355272874727e-05 4.209524603581104e-08 6.550786079408672e-06 6.6872390624507254e-06 1.248176711257644e-07 7.565698084931954e-07 5.81099338460153e-07 0.0 8.106036828615744e-08 7.668588656906912e-08 0.0 0.0 9.439993227878291e-08 1.1340199437701326e-06 2.0010756882336087e-07 8.377264562988118e-08 8.065098819929458e-06 7.876314254486524e-07 0.0 1.0156922443292833e-07 0.000368612744509675 1.587825846074942e-07 1.328171466856254e-06 9.259885467558483e-07 7.489106334915565e-07 1.2019821430057122e-06 1.4487846050794997e-06 1.8225845332904455e-06 5.370078097956987e-07 1.2159954583203677e-06 4.306359183516383e-06 1.281281319818264e-06 7.447883488089426e-06 8.79507719846564e-06 5.154374376209282e-06 2.1180442944031888e-06 0.0 2.7710451921106313e-07 0.0 0.0 0.0 0.0 0.0 0.0 0.0 0.0 0.0 0.0 3.2256888115684406e-07 0.0 5.373221329769793e-08 0.0 0.0 0.0 0.0 3.416173535636197e-07 1.1300526129090902e-06 0.0 6.678933619355207e-07 0.0 2.2523876902601644e-07 5.660006938803611e-07 1.3086003543657728e-06 4.7047318894339097e-07 8.835874467487853e-07 0.0 1.477262169814276e-07 0.0 0.0 0.0 0.0 0.0 0.0 1.8490821122098153e-07 0.0 0.0 0.0 4.5602224003265556e-08 2.6155765131462173e-07 0.0 2.557717340418613e-07 0.0 3.2331062996969285e-07 0.0 0.0 0.0 8.449279154108947e-08 2.6580496976795446e-07 0.0 0.0 0.0 0.0 0.0 0.0 0.0 0.0 0.0 4.463529467929e-06 0.0 0.0 0.0 0.0 1.336417680018155e-06 0.0 1.0656823981285912e-06 0.0 0.0 0.0 0.0 0.0 4.908426592164791e-08 0.0 0.0 0.0 0.0 0.0 0.0 0.0 6.989363867293415e-06 4.4133989562216777e-07 1.5611395353013376e-06 0.00019131333175769792 3.4022800147309654e-06 0.00010664993091273001 3.594058865850595e-05 0.00019490845868749493 4.096728626414901e-05 9.702509641888636e-07 9.921008385803649e-06 5.461984483073165e-06 0.0 1.2030997258457064e-06 3.665684354836036e-07 5.423911329040512e-06 0.0 0.0 0.0 6.274408635462475e-07 1.1084539298333728e-07 5.115698509561745e-05 1.6951273183325202e-05
0.0003033511141081889 0.000999257137776146 0.0 0.00012722686707699688 0.00013159700265214137 1.00341653053027e-05 3.5423027572886475e-05 0.001125180094663882 0.0002598592578784845 1.5184032117708218e-05 0.0005093429441610822 6.580273475534035e-06 9.745706029910472e-05 0.00043656436242011 3.7822341361134738e-06 1.5303344808731606e-06 3.6966358207325783e-07 8.25149839808379e-07 0.0 2.721587308913402e-06 3.0221670610136565e-05 5.871972145930609e-08 9.396244111941711e-06 8.174465591498935e-06 2.0229690869861774e-06 1.1343820788500573e-05 8.044527490526591e-07 3.320111674874982e-06 1.9175545845576384e-07 1.8348452739110927e-07 0.00168168917024573 0.0005246541147733147 4.224258847246485e-05 2.384305667974752e-06 4.046273939653571e-06 3.7374910942193823e-06 2.525845213647372e-06 3.644668314913861e-06 2.5596412947103996e-07 3.283307830863195e-07 2.6094069672858548e-05 4.741545575694321e-06 9.042042083305997e-07 5.057507209063597e-07 2.622986975680023e-07 1.8460837231367013e-06 1.6535945850362646e-05 6.693033763320857e-07 3.091378240316393e-07 5.9436069058138e-07 1.5139176005444178e-06 3.4726396195551566e-07 0.0 5.517438374488442e-07 1.7774774436864982e-07 5.595940123848276e-07 3.909167449909488e-05 0.00024248144010524441 3.9815704062802685e-05 6.843407667087407e-06 5.550702133620841e-06 6.6202451826444595e-06 1.7186339177751404e-06 8.479482847146203e-05 9.574391763425407e-07 6.603598616698142e-07 4.66772214737741e-07 2.7269800944391407e-06 7.090700303939792e-06 7.3008252800489855e-06 3.30820536106992e-06 4.5433746393135173e-07 0.0 5.454608251546439e-05 1.7935115667297e-05 1.2802651499938982e-05 1.926051406135527e-06 2.8260942924997435e-05 2.0213506036263712e-05 0.00021800138209100207 3.034278595326629e-06 8.879793954737092e-05 3.4168984326459097e-06 3.8942803957101186e-08 5.450572517699066e-07 7.386489344088797e-07 3.853371865649193e-08 0.0 0.0 3.849887940614793e-08 1.0534636057618572e-07 7.119876880057115e-08 2.010467700820249e-05 5.92747835396601e-07 7.208437356182014e-07 3.6977368308684033e-06 6.541316014069126e-07 0.0 1.060480987877187e-07 0.00014914181468866374 1.311966223745232e-07 0.0 2.6466188947292005e-07 0.0 0.0 7.43013599541617e-07 1.702136185362934e-07 1.1457549228898935e-06 2.651475601716382e-07 4.728675116112315e-07 1.5702854704993555e-07 3.8602325352986565e-07 1.0325828197654424e-06 8.038701860999687e-07 1.4442206279960602e-06 5.1177549877422705e-08 0.0 0.0 0.0 0.0 0.0 0.0 0.0 0.0 0.0 2.266044419752284e-07 0.0 0.0 0.0 0.0 0.0 0.0 0.0 0.0 0.0 2.2855185020433268e-07 0.0 0.0 6.537496143703599e-08 4.787314514813783e-07 0.0 0.0 0.0 5.42356648462279e-07 0.0 0.0 0.0 0.0 0.0 0.0 4.5927473748696193e-07 0.0 1.7336452396666855e-07 0.0 0.0 0.0 1.4531908142538533e-07 6.861669401211089e-07 0.0 0.0 0.0 0.0 0.0 0.0 0.0 1.6870879389988793e-07 6.280408140437692e-08 0.0 0.0 0.0 0.0 0.0 0.0 0.0 0.0 0.0 1.3985851623434331e-06 2.2393021833201854e-07 0.0 0.0 0.0 6.145635933078416e-07 0.0 1.9945970633653112e-07 1.4958893631828217e-07 0.0 0.0 0.0 0.0 0.0 0.0 0.0 0.0 6.55433703952366e-08 7.320656827163908e-08 5.1483432720981644e-08 0.0 9.439582374950891e-07 2.0803530439982013e-07 2.2592753073960818e-07 7.083475689237562e-05 3.256743351600669e-06 4.819401655258634e-05 1.8825855060359546e-05 4.257877456013368e-05 1.7035280111685527e-05 5.931954973072826e-07 4.168547684649199e-06 1.1571455067167049e-06 1.2655157185326696e-07 4.6524307961891337e-07 2.0901783221216886e-07 7.156452318456928e-08 3.5273484707145926e-07 0.0 0.0 5.899593961152698e-07 8.435695696115706e-08 1.3939131810175008e-05 2.325359712742563e-06
0.0005588404360186187 0.0007235073983136996 0.00012722686707699688 0.0 0.0001825795707319641 8.96955010238488e-05 0.0007474756355958868 6.693863704199194e-06 5.2947065237111645e-05 0.0009524179726236179 6.349150829989145e-05 0.00010825577873729202 0.0004377821248989018 3.2360815428039993e-05 2.0312440409255957e-07 4.5646664899675824e-08 0.0 3.917015091781745e-08 0.0 0.0 4.097388413164487e-08 1.46231645222011e-07 0.0 4.759838793464681e-08 0.0 0.0 0.0 6.81943935358233e-08 0.0 0.0 1.987955582966647e-05 3.5984136120626934e-07 2.0648860978553345e-06 0.0 0.0 0.0 4.990106990033913e-07 6.032032516185066e-08 1.4073203536872116e-07 0.0 3.315738713766058e-08 0.0 0.0 4.7318820594823776e-08 0.0 3.069094144714686e-08 5.1847760428054115e-06 2.9060368931631425e-07 0.0 0.0 0.0 0.0 0.0 6.487434771547234e-08 2.4495708216125225e-07 1.247271243632451e-07 1.3148974327346163e-05 2.948648821000922e-05 1.2202734882465659e-05 2.3856774169405527e-06 3.2179587967577685e-08 4.24673779916033e-08 0.0 1.2341824292093136e-06 4.060927437421417e-07 8.576110707138435e-08 5.142782465786354e-08 4.287498118045759e-08 1.1833310818634498e-07 0.0 1.4135993618415673e-06 1.0570192669300179e-05 1.12965081626196e-06 2.297869484984057e-05 5.041409422262844e-06 3.606878581069987e-06 3.903729980959961e-08 5.10697246432319e-08 0.0 7.449483520761901e-07 0.0 2.9776329320747264e-07 9.892986698754892e-07 3.191229777426169e-08 4.3994835308595975e-08 2.9926945880213263e-07 0.0 1.1734276560292463e-07 0.0 1.794471458974231e-07 1.1347164368459097e-07 0.0 0.0 0.0 1.093544334703191e-07 5.6493150423479006e-06 7.23194750467276e-06 1.4419963856721874e-06 2.1106334533213588e-07 0.0001328279634291442 0.0 2.050581724022704e-06 2.801003263300109e-05 6.565399021209405e-06 0.0 1.6451329899184358e-05 2.2538123204600966e-06 1.332931573520566e-06 8.381566421229215e-06 4.0100021994260895e-06 4.270791125569102e-07 1.2810097244431838e-05 1.5038660129384428e-05 5.509264037330584e-06 0.0 0.0 0.0 0.0 0.0 0.0 0.0 0.0 0.0 0.0 0.0 0.0 0.0 0.0 0.0 0.0 0.0 3.5660501941169883e-07 0.0 0.0 1.603664167077553e-07 2.1894860012102104e-07 0.0 0.0 0.0 9.187429835909361e-08 5.8496519278649156e-08 3.9083474327638406e-07 5.424546988165619e-08 2.7220112891163454e-07 0.0 0.0 0.0 0.0 0.0 0.0 0.0 0.0 0.0 0.0 0.0 0.0 8.634212054360374e-08 1.0312990415107774e-07 0.0 0.0 0.0 4.598557766234542e-08 0.0 0.0 0.0 0.0 4.239527934998901e-07 0.0 0.0 0.0 0.0 0.0 0.0 0.0 0.0 0.0 1.431112186820289e-06 7.020151290366168e-08 0.0 0.0 8.10809510329537e-08 0.0 0.0 0.0 7.805148894153087e-08 0.0 0.0 0.0 0.0 0.0 0.0 0.0 0.0 0.0 0.0 0.0 0.0 3.0768434333942403e-06 3.749959346525895e-07 0.0 5.972292687681141e-05 3.3975186248530127e-07 2.2967791742835673e-05 7.861217733625309e-06 0.00014449667422375536 9.508806550641382e-06 0.0 8.30800865663233e-07 1.618160313980747e-06 0.0 3.351683452661489e-07 2.3078096874003987e-07 2.781274586289904e-06 0.0 0.0 0.0 8.375113255319549e-08 0.0 3.71787304594437e-05 1.0205989985732709e-05
2.9181949869582455e-05 0.00035301687440561627 0.00013159700265214137 0.0001825795707319641 0.0 1.1633264536094614e-05 0.00035574080923197993 0.00047273349774463715 0.0005587993759089466 0.00030708269355907104 0.0004378644822208389 9.17020945948979e-05 0.00041592001245399716 0.0008555508816334537 5.681891361476759e-06 7.876904051556112e-07 1.1147071903060282e-07 0.0 0.0 9.638771361705653e-08 7.207855450876312e-07 0.0 1.9515757862057158e-07 2.082709986652689e-07 0.0 4.0770098256584823e-07 0.0 2.026742880357901e-07 4.049804605744832e-08 0.0 9.77392413077193e-05 5.369970798840391e-06 6.682110718384024e-06 8.276534217016534e-08 1.7902531507732797e-07 1.6412133400682466e-07 4.749806552229157e-06 3.608855827224271e-08 5.822352391748676e-07 7.272639614337118e-08 5.667548160807397e-07 2.0086385003069023e-07 3.4448332140508563e-08 9.76446213780859e-08 4.0597482603266705e-07 5.911280348179924e-07 3.2783550814302746e-05 6.992224840225787e-07 1.6786080782972858e-07 1.6376105894507207e-07 1.0644016225938453e-07 5.2690388183014156e-08 7.20594651018412e-08 1.1285271766535819e-07 7.846283269814771e-08 5.998633576911684e-07 9.422171093875588e-06 3.954903628905506e-05 9.888065276095775e-06 1.1251729296608697e-05 4.49117552947283e-07 1.1512735820496789e-06 0.0 1.347091249295845e-05 3.5342190852697714e-07 8.40535186395836e-08 3.882965659433573e-08 2.0824412496359934e-07 1.9236464488346401e-07 2.3733654151429949e-07 2.6019219651172863e-05 0.0 0.0 4.5704342295567136e-05 2.0694141728667318e-05 2.1912607985980476e-05 5.312619063322882e-07 1.0517072070911996e-06 2.2218742814202031e-07 6.368202515562875e-06 9.807494386444814e-08 3.4325545822240234e-06 1.5652275909016937e-06 0.0 2.9197444699957736e-07 2.2377192430534046e-07 0.0 7.714689390161369e-08 0.0 0.0 0.0 0.0 7.671305765549995e-07 2.8161645556530514e-07 5.279602874598173e-08 1.3712707653300225e-05 8.686712751486957e-07 0.0 1.8483548123825605e-06 9.549947467484597e-06 1.2891403553444365e-07 8.646692590229462e-08 2.36023225606447e-06 0.0 2.8432741569022673e-06 2.3367074340257423e-06 1.1083935225512385e-06 1.0118755884139272e-06 4.133995765087547e-06 9.697130127999974e-06 1.4682686771887346e-06 1.0907906201453868e-05 1.9145621264979715e-05 1.3663916033873429e-05 5.444792310727008e-06 8.76821869646163e-08 0.0 0.0 0.0 0.0 0.0 0.0 0.0 0.0 0.0 0.0 0.0 0.0 0.0 0.0 0.0 0.0 4.192684349367863e-08 0.0 7.715554725279952e-07 4.010226633491841e-06 0.0 0.0 0.0 7.997144858925455e-07 2.4794305293435886e-07 2.5380810278430493e-07 7.050223145392378e-07 1.549933111880166e-06 0.0 0.0 5.395212724340064e-08 0.0 0.0 0.0 0.0 3.1364338602212137e-07 3.1552161299582337e-07 0.0 0.0 0.0 0.0 0.0 0.0 0.0 0.0 0.0 3.1201165155665434e-07 0.0 0.0 1.0149743825383552e-07 7.961404664284343e-07 0.0 0.0 0.0 0.0 0.0 0.0 0.0 0.0 0.0 1.2500649001396418e-05 5.711585903572103e-07 0.0 0.0 0.0 3.433695734490563e-06 0.0 2.1436447145056896e-06 2.078846519103722e-07 0.0 0.0 0.0 0.0 0.0 0.0 0.0 0.0 0.0 0.0 0.0 0.0 1.596872317458852e-05 1.3409611481395828e-06 1.9259683918370787e-06 0.00010966244264058508 1.9070931821440993e-06 7.064888822461688e-05 1.8768254432724296e-05 8.196372100524466e-05 2.4100418276993753e-05 5.815829528090116e-07 1.0346564557955581e-05 8.996369221599846e-06 0.0 9.801002801118747e-07 2.3138872438453068e-07 3.2273630845660956e-06 0.0 0.0 0.0 6.211730482228725e-07 0.0 4.166353700823776e-05 3.7772285692863007e-05
1.6985055832349446e-05 5.7952877456437394e-05 1.00341653053027e-05 8.96955010238488e-05 1.1633264536094614e-05 0.0 5.007319173134386e-05 1.9411700656400794e-06 6.144952070032897e-06 0.0002761287328385684 3.7005382145673345e-06 7.314493849432566e-05 4.537030268426751e-05 1.3993289036662625e-05 4.9182528006181686e-08 0.0 0.0 0.0 0.0 0.0 0.0 4.2817266722148317e-07 0.0 4.301939404357781e-08 0.0 0.0 0.0 0.0 9.067129198704024e-08 0.0 3.303543436289289e-06 1.0065083163833991e-07 1.16285072043798e-05 0.0 0.0 0.0 6.880302436409735e-06 5.93291125595819e-07 1.454039480427242e-06 5.132714371561711e-08 0.0 0.0 0.0 0.0 0.0 0.0 1.1466778486366674e-07 6.045214969915597e-08 0.0 0.0 2.0659703684692175e-07 3.078234623046697e-06 1.2973138038768439e-06 4.5099213238621144e-07 1.5788877497822678e-07 1.996606960890682e-07 2.9690535549472654e-05 1.04867643580106e-05 3.565927676086612e-06 0.0 2.0940771101261148e-07 3.3894915589166637e-06 0.0 0.0 3.778044016908174e-08 0.0 0.0 4.3553737035686285e-08 0.0 0.0 1.9219953493921216e-05 8.275101192674572e-05 6.980135703765303e-06 1.4331073851334052e-06 1.9084120723320068e-07 1.1880403155229782e-07 0.0 0.0 0.0 4.12772042371617e-06 0.0 2.33431715348087e-06 4.222089189943655e-08 1.7250582627064378e-07 0.0 1.778949065169951e-07 4.637255960799425e-08 8.011481146281327e-07 8.42200816949621e-07 4.21394326634384e-06 6.907842379393518e-07 7.539683430634114e-07 0.0 1.6451928742910117e-07 1.3645058664058088e-07 0.00013636126275178885 0.00010750257183395474 1.3274623828882352e-05 2.5426741563323703e-06 0.00011974479588708146 0.0 0.0 0.0 0.0 0.0 0.0 2.7325087466251527e-07 0.0 0.0 3.4866993422911265e-07 7.328057120229611e-08 5.3669053522304466e-08 2.539257798912219e-07 0.0 7.24137924683693e-08 1.9372909877971737e-07 0.0 0.0 0.0 0.0 0.0 0.0 0.0 0.0 0.0 3.257228342196158e-07 0.0 0.0 0.0 2.1245933420360854e-07 9.474723405062833e-08 0.0 9.7870176330953e-07 2.416322531620557e-07 0.0 4.675992651773531e-08 0.0 0.0 0.0 1.7436348012165188e-07 0.0 0.0 2.1756337099592534e-07 1.9885109093890108e-07 7.24329636801608e-08 2.3871689442756065e-07 4.0560682923283184e-08 0.0 0.0 0.0 0.0 0.0 0.0 0.0 0.0 3.368356247494623e-07 3.6436446472721925e-07 1.3786285660592289e-06 0.0 0.0 8.214373423442359e-08 0.0 0.0 0.0 0.0 0.0 0.0 0.0 0.0 0.0 0.0 0.0 0.0 0.0 4.9215942889384525e-08 6.072965106501754e-08 3.315108720029174e-07 1.2678981393939924e-06 1.1598520897998982e-06 0.0 1.946975016179165e-07 6.356022787427397e-08 0.0 0.0 0.0 0.0 0.0 0.0 0.0 0.0 0.0 0.0 1.020457426103544e-07 4.429090477583794e-08 1.6344516061904777e-07 5.986352035397923e-08 2.062386545252892e-07 1.4304816541336766e-07 5.234158216397844e-07 2.455715169327427e-07 9.685236040012873e-06 1.1899032850864923e-07 2.5279779339663584e-06 6.300718364736987e-07 6.471267306245794e-05 1.1117212291570241e-06 0.0 0.0 1.153350020618386e-06 0.0 0.0 4.8228141068972664e-08 4.897315566053699e-07 0.0 0.0 0.0 0.0 0.0 1.6316712524382965e-05 4.658292432690794e-06
0.0003424162864922042 0.0007691954965072387 3.5423027572886475e-05 0.0007474756355958868 0.00035574080923197993 5.007319173134386e-05 0.0 4.290626493452639e-06 0.0002300800709179523 0.0006836168831490807 8.820397655356907e-05 0.0002984437017199652 0.0012819817494021106 0.0007554266989761785 4.186883675138235e-06 4.718929750118298e-07 1.0752889845673682e-07 9.453492635378065e-08 8.944847600440918e-08 1.3312168985414347e-07 5.064458698158477e-07 0.0 1.4282384042077514e-07 0.0 4.777967394173144e-08 9.796149815451123e-08 4.954418893866614e-08 1.4237860378387428e-07 2.2582812980296833e-07 0.0 0.00010619501228134079 5.848527434919464e-06 1.11522684980525e-05 1.129319913960442e-07 1.489800450297194e-07 5.802090255880564e-08 3.873754880242258e-07 5.0953481527558355e-08 6.64585628550052e-07 6.223220441327906e-08 3.4370850096868277e-07 7.808109588825506e-08 1.148684056922821e-07 2.686235068252274e-07 2.575669435090806e-07 2.9993071803937086e-07 3.09841163052189e-05 8.044076023887466e-07 0.0 4.1738631340968486e-08 0.0 0.0 5.0321951142340174e-08 2.249143694096227e-07 5.13104593718612e-07 1.2416897711649554e-06 2.4331588976964667e-05 7.963835319542402e-05 2.9565377310238624e-05 1.676055800050365e-05 5.681282781367508e-07 9.323422796485342e-07 1.7448708567558872e-07 8.626418372904919e-06 1.1198700496116333e-06 3.729615084984778e-07 0.0 8.042826045480095e-08 2.1577926453473184e-07 3.464496538273555e-08 2.9291703449863736e-05 1.1138796137488238e-07 0.0 7.361398063379287e-05 2.657097898342642e-05 2.225636253827869e-05 4.813272354827683e-07 6.965920949573336e-07 1.0551820854694331e-07 3.0121043813089714e-06 1.7415787721607667e-07 1.73701191105467e-06 3.7570846693646436e-06 7.835830211497929e-08 4.907491097340405e-07 5.436736202457937e-07 2.4047584348532897e-07 0.0 3.7568408363166786e-08 0.0 0.0 0.0 2.2758111512534163e-07 6.096415194178049e-08 3.8548530149939277e-08 2.1762832961228054e-05 1.4745180623561957e-06 0.0 8.910008221775551e-07 5.4025358734889205e-05 4.93963162107673e-07 1.8627552925008087e-06 1.2968876390026774e-05 2.0911860682901107e-06 1.737992998459707e-06 6.49062515183723e-06 2.5697191156944376e-06 1.7342674956253157e-06 8.877427565384587e-06 1.3740763310222084e-05 4.100269529342981e-06 2.0196666375536773e-05 2.7910897023237677e-05 2.4184935651700165e-05 7.742852987806654e-06 1.282446407227236e-07 6.532172090308486e-08 0.0 0.0 0.0 0.0 0.0 0.0 0.0 0.0 0.0 0.0 0.0 0.0 7.094146521741359e-08 0.0 0.0 0.0 0.0 6.605603220967244e-07 2.8908816299894902e-06 0.0 2.7417057954305125e-07 0.0 2.1532570337014065e-06 4.3233624636066044e-07 2.0351410901755387e-06 1.2893614787189956e-06 4.246958640227888e-07 0.0 0.0 0.0 0.0 2.3103104141433227e-07 0.0 0.0 0.0 9.70009319020156e-07 0.0 0.0 6.633705728019125e-08 4.612500139083074e-07 0.0 0.0 0.0 5.355186724460503e-08 2.5528718936311283e-07 2.711952049065824e-07 0.0 0.0 3.795626096927082e-07 1.946986667759022e-06 9.61725879830539e-07 4.1759328935385557e-07 0.0 0.0 0.0 1.3292017077597965e-07 0.0 0.0 0.0 1.783352295043035e-05 6.951147118446338e-08 8.690033772549675e-08 0.0 0.0 4.04227344734402e-06 6.47148596585016e-07 1.5027828125247362e-06 3.0270084586204975e-07 0.0 0.0 2.037817302799892e-07 0.0 0.0 0.0 0.0 0.0 0.0 0.0 0.0 0.0 2.1277929056445013e-05 3.0315226630548495e-06 3.830078862570719e-06 0.0001482220990323412 2.4933689306459023e-06 8.276040935256912e-05 2.4216836756643446e-05 0.00015597288940869897 3.1998500842567154e-05 1.0066305681469453e-06 8.56524055305983e-06 8.426168364159413e-06 0.0 3.121171724599499e-06 6.663240044851262e-07 4.56117478224245e-06 9.329218655455782e-07 0.0 0.0 8.045291644249607e-07 0.0 9.655612153264605e-05 6.402157527447354e-05
0.00010523341536127309 0.00046354211083716 0.001125180094663882 6.693863704199194e-06 0.00047273349774463715 1.9411700656400794e-06 4.290626493452639e-06 0.0 7.437095081135801e-05 4.110284299624785e-06 0.0008019816009744309 8.007908073187274e-06 0.0001288400609499759 0.0004965601078921969 9.88635519822951e-06 3.3757743066531815e-06 2.1294864922906614e-07 7.444626108007216e-07 1.5149809836482647e-07 3.009393971041095e-06 2.514990308638069e-05 1.2155118985080883e-07 9.501537193487538e-06 9.960818674262182e-06 3.834665664816791e-06 9.470827000627744e-06 1.2094345730416357e-06 3.38933807052507e-06 6.066961976448001e-07 4.6729063625660315e-07 0.0007329441146566481 0.000498800977411906 4.020038297681012e-05 3.152756273569765e-06 6.6245517246153405e-06 7.917057288484214e-06 1.84851011972949e-06 5.1950469970664755e-06 1.14106799148344e-07 3.130953126440578e-07 1.9133057862381747e-05 2.705518413667768e-06 6.66652099756805e-07 1.340654963740818e-06 7.400151238515821e-07 4.023993918255173e-06 4.705862612702391e-05 6.161993827284132e-07 3.4633742075430907e-07 6.091849471924058e-07 1.212728001803045e-06 0.0 0.0 8.49258790320439e-07 1.6035215699617344e-07 3.783450741342084e-07 1.2662209005688106e-05 7.06049933195706e-05 1.3229295834050163e-05 1.4135618775671065e-05 4.2343532813559214e-05 1.6769699258387946e-05 4.943894399046397e-06 8.68007956546046e-05 1.89254738128908e-07 2.0062701370510126e-07 3.38747006755605e-07 1.7674525263928303e-06 5.9027980237081405e-06 6.887138173218163e-06 4.823304060321512e-06 3.3987613851836533e-07 4.768345537492045e-08 4.282193544154518e-05 3.277540012998033e-05 3.233930028538032e-05 8.446875569846654e-06 7.624075949936499e-05 0.00020927227263772282 0.00043144708594915063 0.000145194123630538 0.0003223363484539149 1.8709917404069045e-06 0.0 1.5580876907559877e-07 4.001906475143897e-07 4.9627844843935026e-08 8.160255171361036e-08 0.0 4.2904151834543966e-08 0.0 4.372695804503939e-08 1.2459091190897593e-05 8.360999830092716e-07 8.476231869658454e-07 5.32814656110942e-06 8.560167034295927e-07 1.8113894438537548e-07 1.4993680270412954e-07 2.1502095912204504e-05 0.0 0.0 0.0 0.0 2.427699760401403e-07 1.4326234660213067e-07 7.483584538298427e-08 0.0 7.751994207194541e-07 6.407683685386852e-08 0.0 1.9759190868169365e-07 1.1071541691528133e-06 1.9524487596534932e-06 3.736693163105311e-07 0.0 0.0 0.0 0.0 0.0 0.0 0.0 8.31619963386307e-08 0.0 0.0 3.983423001703105e-07 0.0 6.158459856917746e-08 0.0 0.0 6.826527825733352e-08 0.0 1.1851939231056002e-07 0.0 6.566732883292462e-08 4.655897526160749e-08 0.0 0.0 3.642608003132583e-07 1.3550204794953924e-07 4.438576313618988e-07 1.6020563003858024e-07 3.3632462982954573e-07 1.3970514365278064e-07 7.171196699830875e-07 1.7341654544766103e-07 0.0 0.0 0.0 0.0 0.0 0.0 0.0 0.0 0.0 0.0 2.460139401237364e-07 5.3521868917720446e-08 0.0 0.0 0.0 0.0 3.294196764773428e-08 0.0 0.0 6.057018097303777e-07 1.7757839866449146e-07 0.0 0.0 0.0 0.0 0.0 0.0 0.0 8.438529031834292e-08 0.0 1.6327797616746378e-06 6.3523053175104e-08 0.0 0.0 0.0 5.592407532936551e-07 1.1425725915574582e-07 6.20331138169302e-08 0.0 0.0 0.0 0.0 0.0 0.0 0.0 0.0 0.0 0.0 0.0 0.0 0.0 6.045452300278438e-07 4.5895743404200117e-07 4.474238200147675e-07 0.0001245885865430011 4.298522087735434e-06 7.859873706565392e-05 2.8556723531224787e-05 2.945309849062585e-05 1.9043408646851462e-05 3.0576626359968394e-07 1.2144136379782917e-05 1.162801017403233e-06 0.0 0.0 0.0 3.103842928497019e-07 2.5756081616394644e-07 0.0 0.0 6.918784662910863e-07 1.3457402784461177e-07 6.283273726523097e-06 2.2747808205249187e-06
2.1694329717417132e-05 0.0001814057917256239 0.0002598592578784845 5.2947065237111645e-05 0.0005587993759089466 6.144952070032897e-06 0.0002300800709179523 7.437095081135801e-05 0.0 0.00010805623394747504 0.000461718892040239 0.00011496233219572029 0.0005051522139054866 0.0004696542906830457 3.536901040275166e-06 6.773537871325926e-07 4.2777687922222524e-08 9.237910177319401e-08 1.2874024991108868e-07 1.6113402869153172e-07 1.0264512207780581e-06 0.0 2.0527012336572594e-07 2.0093899502148746e-07 9.301139887856249e-08 4.7579327720835203e-07 0.0 2.6272136247696386e-07 6.672627522560895e-08 1.8519522119992041e-07 4.3707498177547426e-05 3.716518962659957e-06 1.12796579217962e-05 5.693907005084007e-08 1.054574740453307e-07 1.8512665588706566e-07 2.7133653613214458e-06 1.9006315630645754e-07 4.3205446868534126e-07 0.0 6.524189025767876e-07 0.0 0.0 1.610426831285211e-07 1.273070382199345e-07 3.896095180601426e-08 2.1844312619571302e-05 4.437949142952113e-07 0.0 0.0 0.0 0.0 0.0 4.6954862709922535e-08 1.2987652275775933e-07 2.457509326559461e-07 4.786249595061602e-06 1.658038069642059e-05 5.538204354568457e-06 6.44808965124148e-06 2.923331693728247e-07 8.532214374516929e-07 0.0 7.34917488691315e-06 1.7403216719176908e-07 9.979324392211431e-08 0.0 1.640825392504333e-07 2.547686972675006e-07 2.0549674851876934e-07 2.9490208255977605e-05 0.0 0.0 2.058698171242783e-05 9.30020936227669e-06 1.1447634427375805e-05 1.7439700728604832e-07 3.5067412466181626e-07 6.989023478835056e-07 1.2279179239355246e-05 4.428110102362328e-08 2.036128808587064e-06 9.049107072647393e-07 0.0 3.083732019356457e-07 1.774421438320918e-07 4.0300110353376056e-08 0.0 3.3251424241282464e-08 0.0 6.631032152398807e-08 0.0 6.692074368642417e-07 0.0 1.2623951996013053e-07 1.2212009363590128e-05 4.0659783587931124e-07 0.0 7.918505805706069e-07 7.266634456805817e-06 5.278032349423367e-07 6.885505800353909e-07 1.125166247646639e-06 8.672761845267716e-07 2.2065185257393e-06 3.2616882923577824e-06 1.059017688034193e-06 1.3685580305206357e-06 4.329477650291524e-06 8.456480010110615e-06 2.205599776852926e-06 1.144919943473196e-05 1.9327978110639483e-05 1.4571213309987586e-05 6.933641431343491e-06 0.0 0.0 0.0 0.0 0.0 0.0 0.0 0.0 0.0 0.0 1.1759784281041562e-07 0.0 0.0 0.0 0.0 1.560362764380201e-07 0.0 0.0 0.0 2.9052611263566797e-07 3.223484532840782e-06 0.0 1.354125566302394e-07 0.0 1.751723233637198e-06 2.1698231581926264e-07 3.573923351409276e-07 9.552018805279084e-07 6.007336556385049e-07 0.0 0.0 0.0 0.0 0.0 5.167639918023045e-07 0.0 0.0 4.04034777033792e-07 0.0 0.0 0.0 3.571331388176501e-07 0.0 0.0 0.0 0.0 0.0 4.105314567180134e-07 0.0 9.823973608500254e-07 2.0956617121545608e-06 2.878206735374353e-06 0.0 0.0 0.0 0.0 0.0 0.0 0.0 0.0 2.805299040391761e-07 1.2194493770077979e-05 6.901869276538962e-07 9.482090976180702e-08 0.0 0.0 2.545016560176309e-06 0.0 6.24579518481922e-07 5.624296931763396e-07 0.0 0.0 0.0 1.6935306980459197e-07 0.0 0.0 0.0 0.0 0.0 0.0 0.0 0.0 1.573013079358855e-05 1.3753638107066199e-06 1.8854421375357744e-06 8.020788863922304e-05 1.924016171556822e-06 3.5768156007493166e-05 1.0964467862332818e-05 4.481313632602484e-05 1.3318173697028911e-05 1.4188695972565886e-07 7.272111514179373e-06 1.8041196600313751e-06 2.3330512696404241e-07 4.1854331657272043e-07 3.1101984290164947e-07 3.6950978378556978e-06 0.0 0.0 0.0 8.303269331612929e-08 0.0 4.149219257692884e-05 3.357756866892765e-05
0.0005962250499807565 0.0003773904776482119 1.5184032117708218e-05 0.0009524179726236179 0.00030708269355907104 0.0002761287328385684 0.0006836168831490807 4.110284299624785e-06 0.00010805623394747504 0.0 2.494630417234005e-05 0.0016545798433379663 0.001679395071590215 0.00011641774201678639 4.137520056815049e-06 6.620136160813547e-07 4.9184327713312684e-08 1.4153346644799723e-07 0.0 2.494552656733005e-07 4.30444061230582e-07 0.0 4.715375120012296e-08 1.7768454609684717e-07 0.0 1.0868180175219051e-07 0.0 0.0 5.093120173072236e-08 1.4986882446151538e-07 6.663498790445751e-05 2.530867689380688e-06 3.557116409101344e-05 9.193473772156882e-08 5.03841709637418e-08 1.443061639059916e-07 1.1285271051144211e-05 4.230353502833958e-07 2.4076428713470788e-06 0.0 5.028479216253723e-07 7.924946190807872e-08 7.271815149572993e-08 2.0235419039312672e-07 2.899610751732748e-07 4.6363917164124386e-07 5.42135861514256e-05 1.1101421032427903e-06 0.0 0.0 4.6074523615847974e-08 2.2067777862232593e-07 1.3766468639455775e-07 2.3109918647471968e-07 2.02152642442656e-07 1.0652407480738162e-06 4.4558520905418696e-05 8.129660171627358e-05 4.2835577709219566e-05 1.8823476582172133e-05 8.950630563114268e-07 3.1304505237378713e-06 1.6651312874379278e-07 9.374164140341859e-06 1.2506637364869202e-06 3.154991503410436e-07 0.0 1.6461353626297375e-07 3.6321203301277855e-07 3.543429190773925e-07 7.259483884493067e-05 3.1454168176627655e-06 1.0534607185311654e-07 9.782212754144652e-05 3.195317415661288e-05 2.4461654032678545e-05 3.7544497601793495e-07 5.026759196689782e-07 1.1431310461338749e-07 1.2336454838599418e-05 9.372743850612065e-08 4.663915311254442e-06 5.9785999108162235e-06 3.820602118104172e-08 7.170427349092617e-07 6.949813442429254e-07 7.589093892671252e-08 1.290823482516212e-07 1.2970191587767433e-07 1.7512373287519908e-07 3.83554097050536e-08 9.276361994865278e-08 1.634635458624844e-07 5.742097451752284e-08 1.9828978121213412e-07 0.00014753668013519586 8.931135217973203e-06 9.376978455626253e-08 1.245925223100146e-06 0.00038438495601369685 6.503209926358384e-07 5.529800120062776e-06 7.626794180108303e-06 2.6391246896732052e-06 6.6791006745230156e-06 1.8383222971809263e-05 8.101798884038057e-06 9.242261009409092e-06 2.0749412367550602e-05 3.461548810795778e-05 8.33070744838629e-06 5.9750620593701796e-05 6.826797311826009e-05 5.256311340478515e-05 1.3012628415650287e-05 0.0 0.0 2.1906302107332484e-07 0.0 0.0 0.0 0.0 0.0 1.2752799156868614e-07 0.0 7.541068018152388e-08 0.0 3.530501839915158e-07 0.0 0.0 0.0 1.9748059952246842e-07 6.91313897201672e-08 8.843635728550675e-08 8.541589565455956e-07 6.1033631351872126e-06 3.4342017890379633e-07 0.0 0.0 3.2843246557681244e-06 1.2728308382929738e-06 2.549571910856049e-06 9.164777201350056e-07 8.710727356924123e-07 0.0 0.0 0.0 0.0 0.0 0.0 0.0 0.0 1.8964770947422466e-06 0.0 0.0 0.0 1.3867523638478446e-07 1.0715201540244001e-07 0.0 0.0 0.0 6.816514268088438e-08 5.383220066297157e-07 2.942483240270709e-07 1.3067171100267358e-07 2.141044577202023e-06 5.5567015616032405e-06 0.0 0.0 0.0 0.0 0.0 0.0 0.0 0.0 0.0 2.6369028299562598e-05 1.460622802696481e-07 0.0 0.0 0.0 8.47342540764154e-06 1.0529808222938302e-06 2.9795253385591576e-06 3.7290673452422613e-07 2.2612305721007011e-07 2.991029842884953e-07 0.0 7.920045918717591e-07 0.0 0.0 0.0 0.0 0.0 0.0 0.0 1.0094333377166083e-07 4.819549049347845e-05 4.577276437932331e-06 3.953048032366767e-06 0.0003421565739577433 3.3562483761149884e-06 0.00014338473332767133 4.137608957214467e-05 0.0007651055871828734 5.649544500355456e-05 1.0741231625185874e-06 1.5093305811144368e-05 2.2655297766559872e-05 0.0 5.5599046809966545e-06 2.0823362442637776e-06 2.033373315815957e-05 1.0724651510457936e-06 0.0 0.0 1.6424308852508485e-07 3.264469837573829e-07 0.0004760447831584964 0.00019659511072523612
9.402449626601223e-05 0.000895931605989251 0.0005093429441610822 6.349150829989145e-05 0.0004378644822208389 3.7005382145673345e-06 8.820397655356907e-05 0.0008019816009744309 0.000461718892040239 2.494630417234005e-05 0.0 2.5723706707270785e-05 0.0007774423745406235 0.001118506887372566 7.17233301438199e-06 1.9102224975049703e-06 4.761124894336036e-08 3.171190022481981e-07 3.939088612025019e-08 3.332631419336861e-07 6.011070871689117e-06 0.0 1.37694427116304e-06 1.6207017378442844e-06 1.4491946688305096e-06 4.568189655675113e-06 4.6206960246059883e-07 1.889169228347046e-06 6.110586139456324e-07 6.658798617878541e-07 0.0001727243410996418 7.309877035385866e-05 0.00011606098710198127 2.890100117593951e-07 1.0847176438107659e-06 1.4216657711081391e-06 1.4163614314033863e-05 5.2741951171772825e-06 2.034999779481395e-06 2.0906634089582005e-07 8.251073680033003e-06 2.7047001756978336e-06 1.5347428907589082e-07 3.7377046241772226e-07 1.3738825651208617e-07 3.007630713593528e-07 2.5933915031313978e-05 1.782579725684161e-07 1.5154258096568006e-07 1.2803046595002877e-07 9.75283577309941e-07 2.1007452656491384e-07 1.7472437112595197e-07 7.991269216146905e-07 9.365001581111127e-08 1.1720900341302189e-07 4.844677449578338e-06 2.642865300423395e-05 6.0050093554147195e-06 5.35965743116047e-06 1.0041137338647965e-06 1.0778049443394209e-05 1.9398294410211332e-07 6.716775336183662e-06 2.847905262099284e-07 4.855614651569664e-08 2.1924471770877452e-07 8.357502687957817e-07 1.8565139402507382e-06 1.5502867110229527e-06 2.1147430768557837e-05 2.3183295626515087e-06 0.0 1.767528096448146e-05 1.1858472517617358e-05 1.624576827459195e-05 1.0401538411980018e-06 1.8541886448526628e-06 4.7377297936474534e-05 0.0002208027481842423 3.0398740227424667e-07 0.00010258948276843551 8.27636996567053e-07 0.0 1.0979916002979781e-07 3.7884678821146894e-08 0.0 0.0 4.417429273624268e-08 4.91013230389664e-08 1.5672237869134158e-07 4.013657119094176e-08 4.595612980203233e-06 6.477579787027966e-07 2.1195161147847566e-07 3.3000222056679274e-05 7.301284471634231e-06 1.1366200522014918e-07 1.559499508067718e-06 1.9207847399792475e-05 4.947938664981264e-08 1.4766577120288415e-07 5.904432029461751e-07 3.53268535624611e-07 6.272231567280068e-07 1.4715957550198362e-07 4.6204192995843793e-07 7.458504769298491e-07 9.564968484055194e-07 3.5097418684830115e-06 2.242121692411791e-06 4.55065048632035e-06 6.916077653159132e-06 6.0878205660564664e-06 3.077904821100876e-06 1.1069870562403897e-07 1.1652640112490535e-07 0.0 0.0 0.0 0.0 0.0 6.442404880075907e-08 0.0 0.0 1.7746303775819593e-07 0.0 4.63635289919981e-08 0.0 9.108252025442942e-08 1.0591937962742377e-07 2.934526609931096e-07 6.267235086247079e-07 1.1979100890794554e-07 6.803108663505796e-07 1.78828088990399e-06 0.0 0.0 0.0 1.157071946494754e-06 3.1818881104435064e-07 1.5605074178458787e-06 2.5187509862831714e-07 5.112257828827036e-07 0.0 0.0 0.0 0.0 4.3954231220971323e-08 0.0 0.0 2.1352879011600988e-07 4.869969000157528e-08 0.0 0.0 7.216672251399604e-08 4.364955042779025e-07 4.335541893394909e-07 0.0 0.0 0.0 8.288709348039147e-08 2.0825497453493113e-07 0.0 0.0 1.1653023665047728e-06 1.3728130610879488e-06 1.7827842378581417e-07 0.0 0.0 0.0 0.0 0.0 0.0 0.0 0.0 8.696216603841664e-06 1.6253751473869993e-07 0.0 0.0 0.0 2.2211574494082217e-06 8.435653382145907e-07 1.4695176771457034e-06 8.541294233836554e-08 1.8463371899110732e-07 5.626918761793658e-08 0.0 0.0 0.0 0.0 0.0 0.0 0.0 0.0 4.611255806815721e-08 0.0 6.553947507190901e-06 1.6272106978830473e-06 2.2576703311430567e-06 0.00010332982354624482 2.452667649212046e-06 4.651282536523042e-05 1.393239570848971e-05 2.301869263826824e-05 1.1415119654381184e-05 1.7290576225799513e-07 1.1766390733236672e-05 2.7541026593541615e-06 0.0 1.2709956438887116e-06 6.579192246136484e-08 1.8504409456303226e-06 2.2487357283995195e-07 0.0 0.0 6.840693349433994e-07 0.0 1.3042144305534539e-05 1.3214091292264673e-05
