0.0 0.0008866936805494863 0.00018396714112013974 0.00031895745568581447 0.00011927141308298355 2.685213832193245e-05 0.00034915695402893337 8.019332092212146e-05 2.6457523549323134e-06 0.00030876254568036897 0.00017596422663279508 1.541803043663036e-05 7.309850455410754e-05 0.00016620835301324208 8.357648990607266e-07 0.0 1.409388812291757e-07 5.0722247786140614e-08 0.0 4.9612126333371616e-08 1.4915684195699547e-07 4.4251553354469144e-07 0.0 0.0 4.637288141005785e-07 5.117748744305161e-08 0.0 0.0 7.328784926025371e-08 0.0 0.0001222964781537781 4.064936287157393e-06 1.4931073352465855e-05 0.0 0.0 0.0 1.2482321988329333e-06 1.5127682767174445e-07 3.0009318566077003e-07 1.5294618850164202e-07 2.875918188631332e-07 3.480560634565391e-07 2.869886504058221e-07 7.55512681760283e-08 3.8542573706070686e-08 0.0 4.900821548094436e-06 1.5514325992670389e-06 2.441687154742146e-07 2.0965294115555752e-07 1.4963018825526774e-07 1.0152950373056125e-07 5.2245776747777155e-08 6.876717645990544e-07 3.5480219005146907e-06 6.347973851538276e-06 0.00011972316413195963 0.00012085349433083071 2.225118639407721e-05 7.396458529807962e-06 0.0 3.093012178424944e-07 0.0 1.8691077977023917e-06 3.176410643356462e-06 2.6145894407179593e-06 3.547453048719497e-07 3.413848754351197e-07 7.610403520856388e-07 7.340654525456875e-07 1.206618415717948e-06 9.689444695862571e-07 4.849831103448372e-07 4.125716275215791e-05 4.7027594006058964e-06 2.721826727806008e-06 4.4808967361045126e-07 1.5214348947130177e-07 1.526731182395777e-07 4.4371214444685987e-05 1.4162026753730782e-07 1.923016692659841e-06 1.1589106001772957e-05 8.369729424267753e-08 1.8844141801643656e-06 4.188411265885228e-06 8.346947460980538e-07 4.657040455724102e-07 7.656408741347985e-07 6.40297166281732e-07 2.845098281296047e-07 1.0623970268380767e-07 6.765010242197857e-07 2.4342791270802086e-07 5.651463715748593e-07 2.1524386824071668e-05 7.214149474716766e-07 3.9436872411969034e-07 4.672691607299528e-07 0.00040432011642721987 6.738047954677807e-08 4.357136891554378e-07 9.04375603306508e-07 1.2509229912820285e-06 6.765136159549767e-08 2.902588295154693e-06 7.99653077933782e-08 9.088739512595619e-07 5.176350996833426e-06 1.2978963605246603e-06 5.009830524779417e-08 1.964302433942294e-06 2.4479668351372687e-06 3.5274382701080878e-06 4.824451023491609e-07 0.0 0.0 0.0 0.0 0.0 0.0 0.0 0.0 0.0 0.0 0.0 0.0 3.957484750401915e-08 0.0 0.0 0.0 0.0 9.282352832185127e-08 0.0 0.0 0.0 0.0 4.817659245390858e-08 0.0 1.0489357570249776e-06 2.3937879506584436e-07 2.793675343762384e-07 3.742044623917965e-08 0.0 0.0 0.0 0.0 0.0 0.0 0.0 0.0 0.0 3.3215498901142725e-08 0.0 0.0 0.0 0.0 6.927136464907001e-08 0.0 1.278652826961503e-07 0.0 3.514000337856545e-08 0.0 0.0 0.0 0.0 9.244477521556212e-07 0.0 0.0 0.0 0.0 0.0 0.0 0.0 0.0 0.0 1.1877313732963938e-06 0.0 0.0 0.0 0.0 2.217980145875367e-07 0.0 6.2586684758349e-08 0.0 0.0 9.051493028049551e-08 0.0 0.0 0.0 0.0 0.0 0.0 4.050486099583403e-08 0.0 0.0 8.432998709881384e-08 2.9966034539747133e-07 5.242909552513736e-07 1.2722315871656582e-06 9.609899098545308e-05 2.502992588607576e-06 7.431001116459404e-05 1.098630810558701e-05 0.00043420940464778307 4.635651583091348e-06 1.6140970074363456e-07 2.025970233909141e-06 7.865403826461738e-06 0.0 3.0090003037919675e-07 0.0 8.981529696079267e-06 0.0 9.151989578444296e-08 5.296044773328629e-08 0.0 0.0 7.13001832420026e-05 2.5180512769826352e-06
0.0008866936805494863 0.0 0.0004913545609313452 0.00018284475700346126 0.0008813822608744727 1.6101578902394175e-05 0.0011067372243956568 0.00022963266488331316 0.00025409500166204114 8.02926412406503e-05 0.0006261574362403997 3.4806324196268075e-06 0.0006929511090118106 0.0012419979476485394 1.980656635898643e-06 2.9980905008811883e-07 2.3248277382832856e-07 2.6989134336842736e-08 0.0 9.189811185297265e-08 4.227153291561068e-07 5.027452412227305e-07 0.0 6.737308069794848e-08 4.280936279308964e-07 3.917903191193697e-08 3.9869556482982637e-08 0.0 1.0605225926375003e-07 0.0 0.00035624016428578687 8.751672425817748e-06 1.315276113925285e-05 0.0 0.0 2.026032404016904e-07 1.7640755830906323e-06 4.888651377402102e-07 5.500599666759631e-07 1.302731236926776e-07 5.025936079267371e-08 5.442483154488883e-08 3.642675269632604e-07 4.556314561300348e-08 7.75860276718395e-08 0.0 1.2154025552229912e-05 4.41769464360054e-06 8.884461961894216e-07 4.0242822574581156e-07 2.387624846505195e-07 1.6683410666959507e-07 7.945163295136545e-08 2.0566121910697487e-07 5.563208063766963e-06 1.0701620312069192e-05 8.16484457362025e-05 0.00017645143280815606 2.5733499338732474e-05 1.8079227607044077e-05 1.3664412586279898e-07 5.965331199832265e-07 3.3206560949763584e-08 6.853746078961409e-06 6.652111139446092e-06 5.154037653506509e-06 1.342884538501697e-06 3.141919279153529e-07 1.12362653756077e-06 1.040373372023814e-06 9.9173897896806e-07 1.0435381015634285e-07 0.0 7.751963080306573e-05 1.3087970043806955e-05 1.3164791776480107e-05 6.914319670832323e-07 3.0183001090835404e-07 3.519892869302937e-07 5.64294380693509e-05 4.0351522262650144e-07 3.379287785693423e-06 2.022670080587172e-05 1.7804115668397022e-07 3.9040815152895095e-06 8.057500734488054e-06 1.8693350676195592e-06 1.516266020379706e-07 1.033130439100102e-06 1.0270798466394917e-07 3.4349059846149755e-07 7.551305684913933e-08 8.108326954102933e-07 1.364108820978445e-07 2.410554381074755e-07 4.211584828079946e-06 3.9163265619263055e-08 0.0 8.917526195159775e-08 0.000332300837842779 0.0 4.956308297008783e-08 2.733577826483551e-07 7.169702880810347e-07 3.299589051982979e-07 2.582655050716749e-06 0.0 1.3296405204934536e-06 2.768973944640245e-06 1.7445941605633925e-06 2.133636109077662e-07 2.0922264332739297e-06 3.144026518462155e-06 3.4368347564887593e-06 3.370901936008251e-07 0.0 0.0 4.430872885893397e-08 0.0 0.0 7.817253984472239e-08 0.0 9.68732342206859e-08 0.0 0.0 0.0 0.0 4.376427703710845e-08 0.0 0.0 0.0 5.534902332425932e-08 6.827290039543062e-08 0.0 0.0 1.4304743143733748e-07 0.0 0.0 0.0 1.4070793344010032e-06 0.0 5.406688928567612e-07 1.300825792472195e-07 1.1110757217056024e-07 0.0 0.0 0.0 0.0 0.0 0.0 0.0 0.0 0.0 0.0 0.0 0.0 1.1297711521987112e-07 0.0 3.957915293421538e-08 0.0 3.611449363779639e-08 0.0 0.0 1.0854877488031457e-07 0.0 0.0 1.1174280974386085e-06 0.0 0.0 2.7111750351819354e-08 0.0 0.0 0.0 0.0 0.0 0.0 3.0829002772100347e-06 5.799178157450995e-08 0.0 0.0 0.0 1.9735771014040875e-07 0.0 8.292741334133026e-08 0.0 4.5602629805592415e-08 3.630032442322218e-08 0.0 0.0 0.0 0.0 3.6477795371570817e-08 0.0 5.035314208904507e-08 0.0 4.444517397655509e-08 0.0 1.0554192810300926e-06 1.047222170450979e-06 1.0594772352000864e-06 0.000149462897392659 4.498865134615525e-06 0.00017290396484763738 2.3656757245701963e-05 0.0002221655870215443 1.2062996604802883e-05 3.3668856643865467e-07 8.115978938393536e-06 4.824393440264428e-06 3.4438509849316615e-08 1.7717069403643636e-07 9.719815981428352e-08 6.7634813428586254e-06 0.0 4.322296427451905e-08 0.0 3.078478942703006e-07 4.250723594837869e-08 4.485631221183178e-05 2.7156328061035228e-06
0.00018396714112013974 0.0004913545609313452 0.0 1.1747155910111845e-05 0.00035772092273619356 3.4056038022780043e-06 1.420270196320534e-05 0.001539354293886178 3.491075172360468e-05 1.7773014516060596e-05 0.0010614114304528818 5.364516732677524e-07 1.8210159169964037e-05 0.00029874233346221293 2.1156827618232143e-06 2.280730396411749e-07 3.395776419509693e-07 2.1898679180122078e-07 0.0 1.797106747203885e-07 2.5454429893275394e-06 3.9715785178307945e-07 8.592673119408809e-08 7.855409021284456e-08 1.4985917476621781e-06 6.541020261593798e-07 1.3492224284144962e-07 0.0 0.0 0.0 0.0021724898068745725 0.000523077400148641 2.36424725458825e-05 5.358307176532995e-08 1.4741446123381665e-07 1.0944148985729623e-07 2.6249823866224753e-06 3.4386416679531013e-07 3.6675481557129473e-07 5.028850485314235e-07 1.0302663366042792e-06 4.899442844372207e-07 2.6875554578032485e-06 1.022669952710228e-06 0.0 1.7061413238891684e-07 1.0474886656770942e-05 2.106041174342081e-06 8.861405546448908e-07 7.602414057270831e-07 6.25667332223995e-07 1.2871602860328018e-07 4.0068102233227135e-07 6.047265564938154e-07 3.1163615279368847e-06 6.2836363501519994e-06 4.947198283092719e-05 0.00033065182943813667 1.8924626943224834e-05 1.3142374755452782e-05 8.235576048092031e-07 4.317232369298483e-06 4.554972575443063e-07 2.5593404408031792e-05 3.782584415188464e-06 2.9382395138538987e-06 1.0793314070658774e-06 1.0314750519014248e-06 3.821889453197932e-06 7.722325856389957e-06 1.143850061075794e-07 1.5404959064344514e-07 0.0 6.128734679374469e-05 1.1385212985827988e-05 9.01920943165406e-06 2.110588479448391e-06 1.0244802060809296e-06 8.752519710645831e-06 0.00023556148862898882 1.9842016885812825e-06 3.242048018522948e-05 1.1912238216344964e-05 6.570750296690418e-08 1.6275422675402224e-06 4.8216215977115475e-06 1.6396715772151166e-06 0.0 5.860936434841688e-07 7.46064823424447e-08 3.7481918045720187e-07 3.221460124269809e-07 6.108309589715532e-06 1.4028117326576958e-06 9.619526715437926e-07 1.0835488548578998e-06 0.0 0.0 3.8057895860362e-08 0.00011699467169807567 0.0 0.0 5.168159804319143e-08 1.1283126813807585e-07 0.0 9.746550725187613e-08 0.0 9.8577302193414e-08 0.0 2.528826272766315e-07 5.20622558839702e-08 8.436799557857934e-07 1.0139217622795292e-06 6.646156001770621e-07 4.169188382159246e-07 0.0 0.0 0.0 0.0 0.0 0.0 0.0 7.673702117879365e-08 0.0 0.0 4.962113274565492e-08 0.0 2.421136408389851e-07 0.0 0.0 7.064254020742511e-08 4.1496925422727016e-08 0.0 0.0 0.0 0.0 0.0 0.0 0.0 1.0041987722477358e-06 1.0211832836065202e-07 3.615744600907931e-07 3.890677202413099e-07 2.139222138520448e-07 0.0 0.0 0.0 0.0 0.0 0.0 0.0 0.0 3.852301417218739e-08 0.0 0.0 0.0 4.696497137171916e-08 0.0 0.0 0.0 0.0 0.0 0.0 1.5193368215587847e-07 0.0 0.0 4.609248836683524e-07 0.0 0.0 0.0 0.0 0.0 0.0 0.0 0.0 0.0 6.458527179442122e-07 0.0 0.0 0.0 1.5757194473296515e-07 1.511784417456697e-07 1.0786299439636973e-07 3.851697389196742e-07 0.0 0.0 0.0 0.0 0.0 0.0 0.0 0.0 0.0 4.43007569669805e-08 8.085191200076447e-08 8.758676105630471e-08 9.67157994969608e-08 2.6254287669312677e-07 1.1301899123360502e-06 1.184044943775443e-06 6.79449091960759e-05 3.701067659062488e-06 9.307689504378811e-05 1.1589099274855227e-05 6.660928387405076e-05 6.765385646298135e-06 3.1932339470350243e-07 5.939842594128845e-06 1.3148948480502537e-06 0.0 0.0 0.0 1.058022722436631e-06 0.0 0.0 0.0 6.741367547853858e-07 0.0 2.1479916961064596e-05 2.411224638682574e-07
0.00031895745568581447 0.00018284475700346126 1.1747155910111845e-05 0.0 5.1468868971048624e-05 6.366512135350573e-05 0.0006372464764669227 1.8452167880521629e-06 4.127065432479567e-06 0.0008574962942091168 1.773864454825431e-05 0.00014575228859093974 0.0007995266919517682 3.551379457037018e-05 1.0587667986482803e-07 0.0 2.3877021312592483e-07 0.0 0.0 0.0 1.0291491408580784e-07 0.0 0.0 0.0 0.0 0.0 0.0 0.0 0.0 0.0 1.1605933220401006e-05 3.4344480572336796e-07 5.972539499145227e-07 0.0 0.0 0.0 6.135629169623319e-07 0.0 0.0 0.0 0.0 0.0 0.0 3.9514132824367055e-08 0.0 0.0 2.030685689138475e-06 6.007187030277364e-07 1.592738447770609e-07 8.477886749840317e-08 0.0 1.7435732614178942e-07 0.0 0.0 1.9532936365640695e-06 3.1809992684218288e-06 3.349565456505466e-05 2.3008326797224116e-05 7.734972144779389e-06 3.663523534396523e-06 0.0 0.0 0.0 4.2721063186671914e-07 1.9594561651386044e-06 8.60588118022882e-07 2.1164974795456217e-07 1.3006532709936595e-07 0.0 2.696591442661589e-07 2.109001958848141e-06 1.5244785904452189e-07 0.0 1.7129232613688397e-05 1.4714705319564585e-06 1.1121195780743026e-06 0.0 0.0 0.0 8.926480830714827e-07 1.0193427502314586e-07 3.1309851599438205e-08 5.554156114840004e-06 0.0 4.4401087943410674e-07 2.4299199905724224e-06 5.055022049390995e-07 0.0 1.5977863237947537e-07 0.0 4.1224975891020006e-08 0.0 0.0 0.0 0.0 7.339356937763747e-06 6.457598621378418e-08 0.0 0.0 0.00036450359604380504 1.4748040429807685e-07 1.1843549246072172e-06 6.7337485896105485e-06 9.376743760230246e-06 0.0 2.228118057669805e-05 2.826468897826349e-06 1.3959783049713138e-06 1.7119327005462496e-05 2.801292420598621e-06 6.031035563739933e-07 7.84471008810091e-06 8.500080202910485e-06 5.11078829882122e-06 1.9851665182462568e-07 0.0 3.598949416911865e-08 0.0 0.0 0.0 0.0 0.0 0.0 0.0 0.0 0.0 0.0 0.0 0.0 0.0 3.539450247935569e-07 0.0 0.0 0.0 0.0 8.677406419836507e-08 0.0 0.0 0.0 1.4409784585354036e-06 1.0856223885813679e-07 6.386396542594359e-07 0.0 0.0 0.0 0.0 0.0 0.0 0.0 0.0 0.0 1.3996128994454431e-07 5.775579430221015e-08 0.0 0.0 0.0 0.0 0.0 0.0 0.0 0.0 4.848575327618572e-07 8.367042967675922e-08 7.775535177259065e-08 0.0 0.0 6.534870798909604e-07 1.5782985977931512e-07 0.0 0.0 0.0 0.0 0.0 0.0 0.0 3.449210459493387e-08 2.0927624238351163e-06 0.0 0.0 0.0 0.0 5.759684633894373e-07 0.0 0.0 2.6165768734442695e-07 1.5486863661635029e-07 5.3153999387350255e-08 0.0 0.0 0.0 0.0 0.0 0.0 0.0 0.0 4.104166294551462e-08 0.0 7.34192576837984e-07 3.531001310259402e-07 1.433815079717939e-06 9.371068831007115e-05 1.0219935970107589e-06 3.823987248958721e-05 4.39977966234391e-06 0.00027814689041818596 2.671571352959311e-06 9.842424896755647e-08 1.23413793949978e-06 1.0620307391946442e-05 0.0 1.4670167748723276e-06 2.3503933726462667e-07 1.8572655324278994e-05 6.688522322357897e-08 0.0 0.0 0.0 0.0 5.018860801519704e-05 5.486665327027468e-06
0.00011927141308298355 0.0008813822608744727 0.00035772092273619356 5.1468868971048624e-05 0.0 1.3006972728452478e-05 0.0003500863349901696 0.00038305045004057714 0.0005926368522684492 0.0001441485624799256 0.0005097182006144902 4.013278919203101e-06 0.00017963074514158034 0.0008151595468282219 2.4175004903382406e-06 0.0 7.798247209000452e-08 3.595957421840265e-08 3.650571727812035e-08 0.0 1.2868182604266928e-07 0.0 4.302578672812254e-08 0.0 0.0 0.0 3.858625176293795e-08 4.0051649810158e-08 0.0 0.0 7.052639007382503e-05 3.9256414869353455e-06 4.611074364442624e-06 4.0311200311441164e-08 0.0 0.0 4.667973400956082e-06 0.0 6.492394002707696e-08 0.0 0.0 7.698591713491507e-08 1.8853079474108003e-07 2.204128172217698e-07 0.0 7.582282976261165e-08 1.2441696676711566e-05 3.024765572087897e-06 5.751543288525099e-07 3.266495481952182e-07 3.744518344589027e-08 0.0 0.0 0.0 3.3366504233153203e-06 4.738860851173653e-06 1.8569305273607355e-05 5.759541132232445e-05 1.266300382915172e-05 1.606886664692172e-05 9.976819229958193e-08 7.299574204920801e-07 0.0 9.616178891013465e-06 3.495337689994182e-06 1.9421225006329097e-06 7.407493768308736e-07 5.224584444800465e-07 2.615568773952264e-07 3.2088545701183654e-07 4.637303630919254e-06 8.52738271576842e-08 6.149035690997786e-08 4.792196314301417e-05 1.6111253510851426e-05 1.6471959432806767e-05 1.4287808553052055e-06 2.308325719092454e-07 3.6882524826936227e-07 4.733630128752385e-06 3.57513054984111e-07 9.05628724374576e-07 1.1906170972671104e-05 5.63081504494743e-08 2.3852456728783966e-06 3.8377902969044375e-06 1.3010059967855327e-06 0.0 4.97036894964475e-07 0.0 7.95140616892111e-08 3.44160242456768e-08 9.66167036059538e-08 3.4661768464616876e-08 7.929758323901373e-08 3.729241303963465e-06 4.0569724913397246e-07 0.0 1.9794810176452854e-07 2.848025845021574e-05 1.1096659595531797e-07 3.282591933675469e-07 1.9099204082116414e-06 1.5532056377973454e-06 3.140277333112372e-07 5.432465381946043e-06 1.4968429518987188e-07 1.9229399581286102e-06 1.8807868957934489e-06 4.129602116897762e-06 1.4630360953140303e-07 7.02714518318327e-06 8.289582355309364e-06 1.1358273087559194e-05 2.079916883787451e-06 9.75699228086969e-08 0.0 0.0 0.0 0.0 0.0 0.0 0.0 0.0 0.0 0.0 0.0 3.0507832106961696e-08 0.0 0.0 0.0 0.0 0.0 0.0 0.0 5.284493643881018e-08 0.0 0.0 0.0 4.7568552191876496e-06 0.0 1.5086269853423504e-06 4.840474779877014e-07 2.51578457194346e-07 0.0 0.0 0.0 0.0 0.0 0.0 0.0 3.891939773621536e-08 4.1837455031299755e-08 0.0 0.0 0.0 0.0 0.0 0.0 0.0 0.0 1.4953326029289312e-07 0.0 4.3403097591363575e-07 0.0 0.0 1.7278054321770305e-06 0.0 0.0 4.205129139771355e-08 0.0 0.0 0.0 0.0 0.0 0.0 8.457110447629048e-06 0.0 0.0 0.0 0.0 1.5998329954878923e-06 0.0 5.677497267713703e-07 2.997636934713046e-07 0.0 9.446823815506567e-08 6.785328069340594e-08 0.0 4.8124202113087084e-08 0.0 0.0 0.0 8.60350718427485e-08 0.0 0.0 0.0 2.0199619249314234e-06 2.7945888125356886e-06 2.9799681135119625e-06 0.000157758219713022 2.4350390684725044e-06 0.00013336682862445635 1.804711225965958e-05 4.724256819523583e-05 1.3605772226383893e-05 1.4752252296768229e-07 1.6325602175282373e-05 5.644700736868201e-06 4.5030808835628866e-08 8.455366053648169e-07 0.0 1.0979376028273294e-05 4.439869662938356e-08 0.0 0.0 1.078918407786846e-06 0.0 2.416030898426742e-05 5.616855595276963e-06
2.685213832193245e-05 1.6101578902394175e-05 3.4056038022780043e-06 6.366512135350573e-05 1.3006972728452478e-05 0.0 6.84195147768976e-05 1.4267463240124083e-06 4.281645006873752e-06 0.0003519854484491046 7.039659030150181e-06 7.078847102451295e-05 0.00014950907130081847 3.995771732421874e-05 0.0 0.0 0.0 0.0 0.0 0.0 0.0 6.639449749088317e-07 0.0 0.0 0.0 0.0 0.0 0.0 0.0 0.0 3.5356571309700145e-06 0.0 9.63378495131454e-06 0.0 0.0 0.0 1.2789669828941964e-05 0.0 1.4426930390603073e-06 0.0 0.0 1.8128015362667552e-07 0.0 0.0 0.0 0.0 1.2592215938837948e-07 1.0157002244348001e-07 0.0 2.283219634887758e-07 3.7531103909108225e-07 7.995994081347294e-06 1.973913168375943e-07 0.0 0.0 6.201501592372807e-07 5.776162933917498e-05 2.7987052855652225e-06 6.138884658037164e-06 3.7621968770961487e-07 0.0 1.0201234580980227e-07 0.0 6.600100246989382e-08 9.714435207918658e-08 4.476719885628668e-08 2.7147841926267786e-07 1.5006412642862238e-07 1.0226814110371169e-07 1.4202039616635336e-07 4.540988559971707e-05 0.00011723269044121232 1.0489674965143912e-05 1.5250967848032032e-06 7.209715439444219e-08 3.4321771329743344e-07 0.0 0.0 0.0 2.0276279944191636e-06 0.0 3.787515646509833e-07 2.0742648352127337e-07 1.84722498978833e-06 9.897232161053647e-08 1.1100360237029339e-06 5.099769135954987e-07 6.962732002070807e-06 5.20314046874661e-06 1.5536194129666245e-05 1.5528264150999658e-06 9.678103018747922e-06 0.0 7.26023375487475e-08 3.023888040218109e-06 0.00011552868406301327 4.0846248295292247e-05 5.798831948122963e-06 2.4700327100446986e-05 0.00011475832094334169 0.0 6.574163706661084e-08 0.0 2.1248117013758977e-07 1.2778166911184434e-07 1.5468232508324178e-06 0.0 5.521335206841436e-07 1.6765717763654823e-06 1.5725762145139496e-06 1.0077361928073535e-07 1.078706077560324e-06 1.4055206139990288e-06 1.3786037591634666e-06 1.3625284897510507e-07 0.0 0.0 0.0 0.0 0.0 0.0 0.0 0.0 0.0 0.0 0.0 8.510854732145781e-08 0.0 0.0 7.904826130393297e-08 0.0 2.8609115584349303e-07 1.1534029942216027e-07 0.0 5.497660107669457e-08 0.0 5.313747748914131e-08 0.0 0.0 1.4729723030285108e-06 0.0 9.443514364686695e-08 1.4100808252535717e-07 5.78173431906576e-08 0.0 0.0 0.0 0.0 0.0 0.0 0.0 0.0 0.0 0.0 0.0 4.601753331199577e-08 3.911866917204416e-07 5.172986044504974e-08 0.0 0.0 0.0 8.214122860243183e-08 0.0 0.0 0.0 0.0 5.355837411380842e-07 0.0 0.0 0.0 3.940795249757188e-08 0.0 0.0 5.039194167259219e-08 4.4472761185350844e-08 0.0 5.819987990291777e-07 0.0 2.795077017385757e-07 0.0 7.138554386490885e-08 5.547853614143485e-07 0.0 0.0 0.0 0.0 1.3005665031365832e-07 0.0 0.0 4.7009085549901954e-08 4.514348027037597e-08 0.0 0.0 3.986423681716891e-08 2.081906644184503e-07 5.8363037451114574e-08 0.0 1.0384877153061303e-07 2.765007010510154e-07 6.69378113403459e-08 1.9043764753788362e-05 3.4843644238252296e-07 2.840668264932132e-06 2.614991420327007e-07 8.303073037448253e-05 9.044063042186493e-07 9.870932524374284e-08 5.607769583246787e-08 3.868624956296779e-06 0.0 1.676603841424529e-07 0.0 5.569439134384528e-06 0.0 0.0 0.0 0.0 0.0 3.427499388546611e-05 1.9693890233399586e-06
0.00034915695402893337 0.0011067372243956568 1.420270196320534e-05 0.0006372464764669227 0.0003500863349901696 6.84195147768976e-05 0.0 1.6527480041977204e-05 0.0003530642356579077 0.0009839951272411615 8.892308701483001e-05 0.00010404334519694607 0.0022142359713135475 0.0002563583451998246 4.343387705605364e-06 7.978449493866995e-08 3.717285027956095e-07 6.451646072539364e-08 0.0 1.1066069235072644e-07 3.266109235673151e-08 0.0 0.0 0.0 0.0 4.017244273661219e-08 0.0 0.0 5.332828056468186e-08 0.0 5.658986902765247e-05 4.658332457514567e-06 6.742886799276776e-06 0.0 0.0 0.0 4.681821021007362e-06 5.940302958211214e-08 0.0 1.3008222933593146e-07 0.0 6.130210970819338e-08 3.5020167383416364e-07 1.4002684506368087e-07 8.51949525893009e-08 7.299975056192721e-08 2.4295321027530443e-05 5.961425593994375e-06 1.4279005317518807e-06 8.51654139911771e-07 7.399747695915486e-08 9.669746718817464e-08 0.0 8.563699957641742e-08 7.31585805695913e-06 1.1624378238655744e-05 4.234087074565538e-05 8.929092765330425e-05 2.74409050797389e-05 2.9277312255251367e-05 0.0 1.3017063721200133e-06 1.7337301047501405e-07 1.3843197667040176e-05 7.642317778280589e-06 5.025064817909288e-06 1.7802514291780567e-06 4.1647198628757025e-07 3.50355746366817e-07 4.974406114520173e-07 7.270475998044451e-06 0.0 0.0 9.591308912746635e-05 2.6973727565339343e-05 2.6740833323727766e-05 1.8486076693141765e-06 5.577810685883081e-07 4.640004593616005e-07 6.304043320998747e-06 5.205157649003581e-07 1.2986070861336176e-06 2.6249434693875966e-05 1.3142791208204091e-07 5.323039564564626e-06 1.0251315091464114e-05 3.550282606350188e-06 0.0 1.2584729738965793e-06 8.534169473402861e-08 5.666263822217381e-07 2.6771505743455144e-07 3.2735247179668774e-07 2.3051258310751592e-07 4.133046374844735e-07 2.847113230741777e-05 7.605159060613684e-08 0.0 2.7572337058905766e-07 8.431162718506978e-05 1.2367286776052094e-06 4.339587813545885e-06 1.7370857808796354e-05 1.5808568395358373e-05 2.7600120902631874e-06 3.1800121248125927e-05 6.193800633179823e-06 1.3016857314109617e-05 2.8769759314069894e-05 1.8038167076780487e-05 1.2907932425164091e-06 3.271219649719029e-05 4.463715502844682e-05 4.064280837896706e-05 6.541798134671808e-06 4.403799894555702e-08 6.436459415520855e-08 0.0 0.0 0.0 0.0 0.0 0.0 0.0 0.0 0.0 0.0 0.0 0.0 0.0 0.0 0.0 5.712915896829928e-08 0.0 2.3967857775848435e-07 2.904690886728602e-07 0.0 4.753539269653058e-08 0.0 1.6819440657942376e-05 3.1951926135036333e-07 5.4423429313435874e-06 1.6128299685200165e-06 3.071868611354225e-07 0.0 0.0 0.0 4.451514102062772e-08 5.245839096027189e-08 0.0 0.0 1.2045174519922053e-07 1.8010262607476805e-07 0.0 0.0 0.0 1.7518386731590783e-07 0.0 3.083365225637394e-07 9.421477560307649e-08 0.0 7.654158177868663e-07 1.1624331421539641e-06 2.895281772193354e-07 0.0 0.0 3.944182243961197e-06 2.887573429365077e-07 8.735406244299462e-08 1.0796900483869896e-07 0.0 0.0 0.0 0.0 0.0 0.0 2.5779902043233747e-05 2.7529584999157273e-07 0.0 0.0 0.0 4.643855975882194e-06 1.7253295207570353e-07 2.710773463802724e-06 1.6451083390664872e-06 4.3461638510528463e-07 8.719736050450317e-08 8.96904378623244e-08 8.715878405279187e-08 3.1191647509397676e-08 0.0 0.0 0.0 6.931808287720069e-08 5.065727585248411e-08 4.53511196571669e-08 0.0 9.144570881023666e-06 6.358329012094861e-06 1.246261647044241e-05 0.00033563444276755826 4.992926376379786e-06 0.00026991413242122156 3.7361082004109886e-05 0.00020434924577729873 2.4232445719206834e-05 7.480559885378292e-07 2.4476051533913344e-05 3.090182252119606e-05 0.0 4.281298853328681e-06 8.197552760486529e-07 4.973183705267281e-05 1.9768712372661375e-07 2.527182653236389e-07 0.0 8.13455617747455e-07 2.2797931412776254e-07 9.410626186243e-05 2.8478156956551886e-05
8.019332092212146e-05 0.00022963266488331316 0.001539354293886178 1.8452167880521629e-06 0.00038305045004057714 1.4267463240124083e-06 1.6527480041977204e-05 0.0 0.00036926879495090357 7.892755816268684e-06 0.0007253266164633359 1.2944062743413108e-06 2.884610469323617e-05 0.0002927155858052134 2.5215013885904743e-05 2.0224903788275827e-06 1.165083793692908e-06 3.1492972144446956e-06 0.0 1.0090934984400808e-05 3.79351336281076e-05 1.6588890347805482e-06 7.229435384832801e-06 6.674754935950724e-07 5.963667125705525e-06 2.9284308209124275e-06 6.339086558692639e-07 1.4732714568950681e-06 3.6177880828300553e-07 4.611568596387849e-08 0.000954807457594956 0.0011677326896787435 6.286998935000963e-05 2.332740099677199e-06 1.7396803208472771e-06 1.3869528909836964e-06 6.786213803840938e-06 4.108228227060668e-06 2.381827602495067e-06 1.8117897398859237e-06 9.789604030663627e-06 3.508655567175683e-06 4.533454026447639e-05 3.003664334140674e-06 3.740631514788005e-07 6.609778762789348e-06 5.926605242944874e-05 5.548296345739646e-06 2.4393442932860423e-06 1.6228453543128883e-05 2.8061631679789382e-06 9.341537233137529e-07 7.560475236996331e-07 2.6705141948904876e-06 4.269804817739571e-06 8.30126861643947e-06 4.2431235422000315e-05 0.00023349743257984834 2.372066718592133e-05 4.887533558408113e-05 0.00010252264659925753 2.382538168615473e-05 2.4861330386836335e-06 0.00014359189152771888 5.503286209561491e-06 7.037774600657593e-06 5.631518156182487e-06 5.400394014353514e-06 4.047027273156019e-05 9.568585186868578e-05 2.30196106096612e-06 1.1962579988852737e-07 1.0371952748587611e-07 0.00011352379480008812 7.038101831862308e-05 7.84039134783709e-05 0.00010246898909274023 0.0004038958775057123 0.0003879479046737974 0.0007863531205181974 0.0002588849559205251 0.0008447185465094044 2.2935677381393595e-05 1.5194465872084879e-07 4.876631394720004e-06 9.176673798950666e-06 9.160753040727807e-06 3.679751286527262e-08 1.6564620754426312e-06 4.4468197125072155e-08 1.861078799212467e-06 7.473995549614766e-07 4.915730525403555e-05 5.46506526518326e-06 4.370720374223796e-06 1.6566777881449373e-06 4.478473499011309e-08 7.659414073617954e-08 4.5642071907403234e-07 7.895763206929839e-05 4.372838830978351e-08 7.582169888989815e-08 3.058243927898436e-07 1.4919007338700258e-07 3.632527461941246e-07 2.08217307881004e-06 8.092080902626065e-08 5.349662795653338e-07 9.610055504326996e-07 8.783673844115326e-07 3.423672032000845e-07 2.1966538769361023e-06 3.8087180671378437e-06 5.860714134679048e-06 1.3960686860427773e-06 4.88821353188603e-08 0.0 0.0 4.338139802032737e-08 0.0 0.0 0.0 2.0084525566353646e-07 0.0 0.0 5.038747903587523e-07 0.0 3.9204354839716693e-07 1.4454223724628665e-07 9.374799901601653e-08 3.6813271044061594e-07 1.4463013344048752e-07 9.961119065446552e-07 0.0 0.0 4.39225434340399e-08 0.0 0.0 2.504442451100725e-07 2.919752572169911e-06 9.166316924335886e-08 2.715090727593042e-06 1.8633195727824919e-06 6.570397190560187e-07 3.186072277204575e-07 2.2669805055689804e-07 5.074747689712572e-08 0.0 0.0 0.0 2.2369167869542057e-07 3.9183606114571836e-08 1.0254098569835114e-07 0.0 0.0 6.493148086889298e-08 3.435824577813736e-07 9.150651193123455e-07 4.5852927942455014e-08 8.812748049105787e-08 0.0 0.0 2.7457218273613646e-07 0.0 1.248182349152334e-07 3.832467532600886e-08 7.262539720974676e-07 0.0 5.1979413118733506e-08 4.4960207894295305e-08 4.633656619665578e-08 0.0 0.0 3.994095867045404e-08 1.1245823734914061e-07 1.0414840208791042e-07 3.1113428264002767e-06 1.7708915456396815e-07 5.81897400823319e-08 0.0 6.191286185877543e-07 6.873164981469597e-07 5.748694072472555e-08 5.420062157657934e-07 7.863667941917688e-08 0.0 3.371871697393915e-08 0.0 0.0 4.40210257124983e-08 0.0 0.0 0.0 3.705527324069092e-08 1.1819933327548474e-07 3.904639043144036e-07 1.3073292487427826e-07 1.0477638280536784e-06 3.1824244545624042e-06 4.544402992798994e-06 0.00030607129078800857 1.3468822503722775e-05 0.0003289919235002989 4.5261785109511555e-05 5.639877154233245e-05 2.4241079156484184e-05 8.453393644286943e-07 4.413587740644731e-05 2.630585325908594e-06 2.2962977974810621e-07 5.54832353486096e-07 1.5549803827790787e-07 2.6866994226573737e-06 0.0 5.140061420772162e-08 0.0 2.6547824090478802e-06 5.451782680865663e-07 2.144137617748439e-05 1.7575780296713383e-06
2.6457523549323134e-06 0.00025409500166204114 3.491075172360468e-05 4.127065432479567e-06 0.0005926368522684492 4.281645006873752e-06 0.0003530642356579077 0.00036926879495090357 0.0 5.850126753214127e-05 0.0004374722357699813 3.7499239465866365e-06 0.0005914236818450017 0.00021017625140835652 8.708527250879502e-07 7.629394981370349e-08 0.0 0.0 0.0 0.0 0.0 0.0 0.0 0.0 0.0 0.0 0.0 0.0 6.783723041475913e-08 0.0 4.471451000056705e-06 2.2819062910443123e-06 3.463509143086424e-06 0.0 0.0 0.0 1.6156738395508595e-06 0.0 0.0 0.0 0.0 0.0 0.0 0.0 3.097850082320378e-08 3.659448317936319e-08 2.8654744802341607e-06 3.147139194894291e-07 6.078982436897659e-08 4.0459879646198257e-08 0.0 0.0 0.0 0.0 4.2403733710731506e-07 3.3394222430478967e-07 1.0763604649901082e-06 4.486048216296984e-06 1.034171592530882e-06 1.2750011375460407e-06 4.38448276298496e-08 0.0 0.0 1.0129047197649666e-06 1.5687438136673407e-07 4.637773909154783e-08 3.4990406160574525e-08 0.0 3.590703427782757e-08 0.0 2.022798990441273e-06 0.0 0.0 4.622939863826644e-06 2.14523035621696e-06 3.428910764347903e-06 4.143605302943641e-07 1.8189306381709268e-07 1.0747958290588948e-07 2.1287747890174093e-06 0.0 2.751994164690616e-07 4.696925043178937e-07 0.0 2.468248768481504e-07 1.8455517368292504e-07 1.2209835418862868e-07 0.0 8.645442530792363e-08 0.0 9.98431899523173e-08 0.0 5.248318394994146e-08 0.0 0.0 3.58909242607029e-06 0.0 0.0 0.0 2.1237691026593633e-06 0.0 8.475052620542581e-07 7.653169779903526e-07 1.319280134087848e-06 4.4507663061419986e-07 4.580997825889645e-06 2.0358962510912545e-07 2.2418827735945944e-06 2.0594562903036054e-06 3.0000276604835284e-06 8.123403642624614e-07 4.9304358563715085e-06 6.6645699463816296e-06 1.0359520141893658e-05 1.902927760746847e-06 0.0 0.0 0.0 0.0 0.0 0.0 0.0 0.0 0.0 0.0 0.0 0.0 0.0 0.0 0.0 0.0 0.0 0.0 0.0 0.0 1.5152288630372596e-07 0.0 0.0 0.0 5.6320213920044055e-06 0.0 1.9733414488295415e-06 0.0 8.446394987476116e-08 0.0 0.0 0.0 0.0 0.0 0.0 0.0 0.0 1.8922184164346873e-07 0.0 0.0 0.0 0.0 0.0 0.0 0.0 0.0 0.0 0.0 0.0 0.0 0.0 2.2748391479734133e-06 0.0 0.0 0.0 0.0 0.0 0.0 0.0 0.0 0.0 7.928506899142375e-06 0.0 0.0 1.373604956929674e-07 0.0 1.4573755905498518e-06 0.0 7.08442638114181e-07 6.036827761927864e-08 0.0 6.122963243096744e-08 4.037451396986307e-08 0.0 0.0 0.0 0.0 0.0 0.0 0.0 0.0 0.0 2.239299175707912e-06 1.947902969185925e-06 3.532731682432869e-06 4.8393643262620805e-05 4.549251221613014e-07 2.1877894865449432e-05 2.93912175684813e-06 7.162784219298258e-06 1.930230255855659e-06 0.0 4.1513932252340564e-06 5.2124524119029345e-06 0.0 3.712344965178089e-07 6.204195909290672e-08 6.421171928268437e-06 0.0 0.0 0.0 4.1067102003272533e-07 0.0 1.3231689812035127e-05 3.844171482000159e-06
0.00030876254568036897 8.02926412406503e-05 1.7773014516060596e-05 0.0008574962942091168 0.0001441485624799256 0.0003519854484491046 0.0009839951272411615 7.892755816268684e-06 5.850126753214127e-05 0.0 6.858309564675643e-05 0.0009188889707105289 0.003021614816397563 0.00026526048530374523 4.0488828719869434e-07 0.0 1.3402361994199612e-07 3.740580067686308e-08 0.0 0.0 0.0 2.4623058041690325e-07 1.440771721818312e-07 0.0 0.0 5.9209843052870445e-08 0.0 0.0 1.2470257148541466e-07 0.0 6.047395769971137e-06 2.8000816109049253e-07 3.021986085748288e-05 0.0 0.0 0.0 5.7487109260258095e-05 0.0 3.9471527321665285e-07 0.0 0.0 0.0 1.0537370013740171e-07 0.0 0.0 0.0 3.7877779151625698e-06 1.1081212685653844e-06 0.0 3.642314074973325e-08 0.0 7.417586680497295e-07 0.0 6.728667796569438e-08 1.0194211557158687e-06 2.427325418656359e-06 3.4681627798941965e-05 1.6524059220479763e-05 7.318607122315628e-06 3.928860582039649e-06 3.12817225352638e-07 0.0 0.0 8.803457448002442e-07 1.4974845345300424e-06 8.74567294576108e-07 3.952779686016481e-07 0.0 1.4496799053820814e-07 6.282451793947262e-08 6.014304856730541e-05 8.930562520533858e-07 1.9195250369468732e-07 1.4450515968268271e-05 1.955025783649868e-06 2.3027121785085437e-06 1.1449198768051237e-07 0.0 5.8011199115406806e-08 2.4263559894328593e-06 4.5472645368854727e-08 9.846567947829537e-07 4.114698358084451e-06 4.6817709431237476e-08 5.175220304146747e-07 1.5333196924652473e-06 5.854583313645504e-07 2.530203934361444e-07 1.277128633675537e-07 8.397646462486325e-07 0.0 2.2318145732568537e-07 0.0 0.0 3.5685082505120425e-07 4.959401653773758e-05 7.527519760216033e-06 9.729394524023502e-07 9.168542157280662e-07 0.0003282124627936332 5.001216063850473e-07 5.451917467708048e-06 2.4943957946488533e-05 5.610796750488251e-05 1.2595802529540305e-06 4.416470421401476e-05 3.9280405725429055e-06 1.0143029571580672e-05 3.8471621436054794e-05 2.4451571342114966e-05 1.1741949663731617e-06 2.9128249643390005e-05 0.00012218933203379415 3.480454639336593e-05 3.905165162657073e-06 0.0 0.0 0.0 0.0 0.0 0.0 0.0 0.0 0.0 0.0 0.0 0.0 0.0 0.0 0.0 0.0 0.0 0.0 0.0 5.518264811356602e-08 2.8529492510080333e-07 0.0 0.0 0.0 6.437267741023282e-06 2.3969450632885703e-07 2.3796171266785256e-06 2.1145510346162037e-07 1.5065553228835968e-07 0.0 9.26037181076504e-08 0.0 0.0 0.0 0.0 0.0 8.00226247837117e-08 0.0 0.0 0.0 0.0 2.4743579660116823e-07 0.0 3.864817845415294e-08 5.0478420472517606e-08 0.0 5.86110707998433e-07 5.657558409709441e-07 9.166537419159129e-07 0.0 0.0 3.0766178355584436e-06 0.0 1.133490759902299e-07 0.0 0.0 0.0 0.0 0.0 0.0 0.0 1.4053205849291937e-05 4.1126388132057395e-07 0.0 0.0 0.0 1.1122996150387635e-06 0.0 1.0538529538609869e-06 5.793722431929165e-07 1.8820602381841408e-07 6.348450641166468e-08 0.0 0.0 0.0 4.617936981830079e-08 1.4901418971739533e-07 0.0 0.0 0.0 0.0 0.0 7.5932088345217664e-06 2.8597172706394435e-06 5.674152851120915e-06 0.00020496879901323452 1.499059320424198e-06 5.280664790323482e-05 5.949294225421176e-06 0.00040917359122030024 6.400839260323026e-06 4.3007951394788946e-08 5.920662523823862e-06 3.3714814073574775e-05 0.0 1.2530585810117523e-06 7.12022106346911e-08 7.641084850136546e-05 5.779959305311589e-07 0.0 0.0 0.0 0.0 0.00015899530721451074 3.575185551331528e-05
0.00017596422663279508 0.0006261574362403997 0.0010614114304528818 1.773864454825431e-05 0.0005097182006144902 7.039659030150181e-06 8.892308701483001e-05 0.0007253266164633359 0.0004374722357699813 6.858309564675643e-05 0.0 9.90418815657881e-06 0.0005683432652820895 0.0008607952506341687 1.3796573103568755e-05 6.000378491933037e-07 4.1490080346544587e-07 2.2859805617298026e-07 0.0 1.3267977803353238e-07 1.5907311740600314e-06 4.065110956279848e-06 2.5844824522761536e-07 1.2534508974909544e-07 1.828754057813564e-06 7.07727158275767e-07 2.1210001532135843e-07 3.511922371923429e-07 7.123677477029958e-07 6.345654393569044e-08 0.0004188988838433244 4.014132656598185e-05 0.00012411179696452892 0.0 3.998145304171799e-07 1.4404613403634695e-07 3.3108580477054874e-05 2.650203378651455e-06 2.5324058449581956e-06 1.2306886103747192e-06 1.1199470631605661e-06 7.448766362561997e-07 5.27174163410641e-07 9.165587308588555e-07 8.186828511981967e-08 4.0937990316283706e-08 3.2856587953098505e-05 2.7924325755043813e-06 1.2382170024485625e-06 1.1721325283873492e-06 9.765519897873884e-07 9.825301911808007e-07 4.5764765004286783e-07 4.99294640753323e-06 3.046110289973044e-06 4.315917324074787e-06 2.836020707452652e-05 7.47695949853595e-05 1.5352060637119235e-05 2.5456778201176766e-05 1.9424460012254648e-07 3.0186523733982075e-06 4.9300948703569094e-08 1.55781096554842e-05 3.1553428143304794e-06 2.3742903460019264e-06 9.902478244073338e-07 1.139689476403666e-06 3.0878318863341686e-06 3.551424655940196e-06 1.908848398183553e-05 8.060570681173624e-07 1.185466329068042e-07 4.8779380539900537e-05 2.5588494014181186e-05 3.8237611839534684e-05 5.549749119089017e-06 9.15841398011968e-06 1.0127943574911613e-05 0.00031223455568238844 1.2616166225488842e-06 1.1748627033519127e-05 1.1906047902785689e-05 1.1059183843024398e-07 2.1229774461193084e-06 3.5949189181000374e-06 2.2345979527398807e-06 0.0 9.904199072289644e-07 2.0208919029249917e-07 3.3342717770910424e-07 6.739356977877523e-07 4.866948877760526e-06 1.1801009516550196e-06 2.405370655796414e-06 1.0533108849857446e-05 2.476849587941392e-07 8.029500536555612e-08 1.7505728817525587e-06 7.148973860742214e-05 3.332684675840902e-08 4.239697180186968e-07 3.2913832823672816e-06 2.2684779179634667e-06 1.5140909667421056e-06 1.3535381875862758e-05 1.651188618203622e-07 4.67600353285431e-06 6.855640942402909e-06 5.6761055234570255e-06 1.7739530614916818e-06 7.603225892028495e-06 2.201695692902433e-05 2.73662194844827e-05 4.9776621861195e-06 1.6057914319647087e-07 1.0938564604419713e-07 0.0 0.0 0.0 0.0 0.0 3.0684670679402826e-07 0.0 1.233120848809025e-07 9.69250271767287e-07 0.0 2.2984684138378363e-07 1.0893170968005464e-07 1.0656821613590214e-07 1.0231218428540123e-07 4.987074728771133e-07 1.1697510524456987e-06 0.0 1.3062921674680072e-07 5.963355975967203e-07 0.0 0.0 0.0 1.8821180554461927e-05 4.95656966552741e-07 8.086644356299764e-06 1.7101169043778987e-06 1.286439846582218e-06 5.2146954700386896e-08 1.1918374022346567e-07 5.888552600064333e-08 0.0 3.984637866353391e-08 4.019384564373029e-08 0.0 3.6036187041358923e-07 3.7479458017229945e-07 0.0 0.0 0.0 6.832542436179475e-07 4.7159671647619934e-07 0.0 0.0 0.0 9.820030574321438e-08 4.0177777615960185e-08 1.696319415457601e-07 1.2673857341985726e-07 5.040887433622619e-08 7.740087860488398e-06 0.0 0.0 0.0 0.0 0.0 0.0 0.0 0.0 0.0 2.6605304233289305e-05 5.08106688472735e-07 1.3833976046636767e-07 0.0 9.347480451008904e-08 3.4597562735257614e-06 1.5418909875263106e-07 1.107309966281419e-06 1.9212590248703174e-07 4.459071273072264e-07 2.172314035062476e-07 0.0 0.0 0.0 0.0 0.0 0.0 0.0 0.0 1.1724969686006044e-07 8.569356856798298e-08 7.686487998052423e-06 1.2575120064408364e-05 1.6680127107039357e-05 0.0003918045531124795 4.8175921359556406e-06 0.0002126984932812432 4.021624789748702e-05 6.387550161062937e-05 1.9694693809743735e-05 3.1932248949821383e-07 4.814114522841914e-05 1.1389844459812602e-05 0.0 1.4735126928366884e-06 4.9838585115604e-07 9.941994849097024e-06 0.0 0.0 0.0 1.3064108482487878e-06 5.965361474765449e-07 2.8769323669445113e-05 5.412324637806532e-06
