0.0 0.0008477083596140274 0.00015027114558425214 0.0004591612106793806 4.902490333916175e-05 2.0745172665445247e-05 0.0001362541589594182 3.8141926972732006e-05 3.3086602746846015e-06 0.0002766381625395484 6.085395642529142e-05 1.4848250157283818e-05 1.5253510473306195e-05 5.6383227265547356e-05 1.7422669157912792e-07 0.0 0.0 0.0 0.0 0.0 0.0 0.0 0.0 0.0 5.6046432680254016e-08 0.0 0.0 0.0 0.0 0.0 0.00023385868562089823 4.8346069006785855e-06 3.3448708663610797e-07 0.0 1.1192295663796945e-07 1.0332694670829304e-07 3.514813841478466e-07 7.200555884383086e-08 0.0 1.4093705494523082e-07 0.0 0.0 0.0 9.991584788329265e-08 0.0 0.0 1.7820587938153569e-06 1.6919261794523804e-07 0.0 0.0 0.0 0.0 0.0 0.0 1.9728349640479133e-07 4.488842378150703e-07 1.84381622800383e-05 0.00015793667125516513 8.888720012158214e-06 3.539575020773518e-06 1.0381844134338588e-07 0.0 0.0 1.308540529447078e-06 3.790116554287569e-08 0.0 0.0 0.0 5.576633155288114e-08 4.951488409324552e-08 1.7542305782032068e-06 1.5978740411637368e-07 0.0 2.6386853695054973e-05 2.2864027660930503e-06 3.399128079739271e-07 2.1182685594724394e-07 5.523650854757661e-07 1.981632207878346e-06 6.3144696125467265e-06 1.467503481956197e-07 2.1373836890438255e-07 1.96577976588551e-06 1.8193291111596044e-07 1.4520093677410215e-07 0.0 0.0 0.0 0.0 0.0 0.0 0.0 4.8072080504356836e-08 0.0 0.0 8.186928692016407e-06 3.4579558218223173e-07 0.0 0.0 0.00029287586310477196 0.0 1.3087790362606742e-06 2.528430260214238e-06 3.179781003724078e-06 0.0 2.1972680966320725e-06 2.456909292384956e-06 4.433046845610543e-06 3.878828277418787e-06 3.265902581360601e-06 2.3300168668217068e-06 2.7031612679121897e-06 1.073376847203958e-06 4.733152182671301e-07 4.0326340395149517e-07 0.0 0.0 0.0 0.0 0.0 0.0 0.0 0.0 0.0 0.0 0.0 0.0 2.50847061870744e-07 0.0 0.0 0.0 0.0 0.0 0.0 8.411019717012136e-07 0.0 0.0 0.0 0.0 8.769106930048805e-08 0.0 1.9128777498153152e-07 3.590613869144671e-08 0.0 0.0 0.0 0.0 1.8645411212440994e-07 0.0 0.0 0.0 0.0 0.0 0.0 0.0 0.0 0.0 0.0 0.0 0.0 0.0 0.0 0.0 0.0 0.0 0.0 1.3414581737813057e-06 0.0 0.0 0.0 0.0 0.0 0.0 0.0 0.0 0.0 0.0 0.0 0.0 0.0 0.0 6.512900049252477e-07 0.0 2.086058622539212e-07 0.0 0.0 0.0 0.0 0.0 0.0 0.0 0.0 0.0 0.0 0.0 0.0 0.0 7.64751685649085e-08 0.0 0.0 2.1681921773985555e-05 4.4431525578674166e-07 6.887387353895911e-06 2.23819913842685e-06 4.8611299529726305e-05 5.005936401601236e-08 5.21795316021821e-07 7.265032182071292e-07 2.0027055328217495e-06 0.0 8.459212697171265e-08 0.0 5.247989273166019e-06 0.0 0.0 0.0 0.0 6.304528999711348e-08 2.328679064646052e-05 3.909016721409135e-06
0.0008477083596140274 0.0 0.0013496280809231047 7.690621477325277e-05 0.001387364151724342 0.00014514854562927123 0.0016505048522812628 0.00012005070783986511 0.00016724125217566695 0.00020068915973053743 0.0004553859141140381 2.0437337875509293e-05 0.0002351882565533556 0.0003608801605795682 5.23132196497753e-06 9.517906970669266e-07 1.0777856386832831e-07 4.426214159767793e-08 3.899101157431567e-08 1.4796807052144095e-07 5.364432455012227e-08 0.0 4.26506506960392e-08 0.0 5.588213314940731e-08 0.0 0.0 0.0 0.0 4.3624137530832135e-08 0.0012208956479734813 7.058993613000443e-05 1.3111127222093105e-06 9.338955003075557e-08 1.4655002039505992e-07 5.524152694866426e-08 4.389730516622613e-08 0.0 1.7203049720790952e-07 5.017005759714578e-08 1.994007571684263e-07 0.0 2.1239173806014685e-07 5.697073818867357e-07 0.0 4.7723042742995745e-08 7.048129521763496e-05 3.481115596803631e-06 0.0 1.875178073739918e-07 4.259770955170815e-07 0.0 0.0 1.3994363058706928e-07 3.978697748239647e-06 4.0230081189287296e-06 7.561058071840768e-05 0.000391414647633619 3.296942586613127e-05 5.0485497760653884e-05 1.8945690162282233e-07 5.326501441267645e-07 5.587544194795713e-08 4.4253281195676666e-05 4.387346337991605e-06 1.9540518753913475e-06 5.791105080341956e-07 4.006796011581753e-07 1.4054067759741939e-07 1.7745671640297945e-07 5.998160259978841e-08 6.395066000285777e-08 0.0 0.0002330199674959232 0.00010108184080618358 5.6221295723013876e-05 1.1150307548254018e-05 3.603245343996571e-06 2.792982831022038e-06 1.6131915219325353e-05 7.647806078363058e-07 1.01445590624357e-06 2.560677679160351e-05 1.8446765472388583e-06 3.188698659309179e-06 1.510221628819246e-06 1.006343468380603e-06 0.0 8.740207677452149e-07 0.0 8.259680804402988e-08 0.0 5.160961615247408e-07 0.0 5.402058182690646e-08 1.0771062825931892e-06 5.063302833081857e-08 0.0 2.951951402679994e-07 0.0006531259663983359 0.0 4.665509247344408e-06 8.944077151517648e-06 1.543631258343911e-05 1.7165330462330357e-06 1.3675987422638834e-05 7.946964218770909e-06 2.6019883696355044e-05 2.8056315257605276e-05 1.5730262141289534e-05 1.0872919035940485e-05 1.4878797430228123e-05 1.1121100019128646e-05 5.054857554413423e-06 3.050840270626424e-06 6.367969953460883e-08 0.0 0.0 6.52954587324107e-08 0.0 0.0 0.0 0.0 0.0 0.0 0.0 0.0 0.0 0.0 0.0 0.0 0.0 0.0 0.0 1.3156909477872615e-06 3.3048045760584815e-07 0.0 0.0 0.0 2.933340005074925e-07 0.0 1.6914920479297197e-07 1.2506894372518916e-07 0.0 0.0 0.0 0.0 0.0 0.0 0.0 0.0 0.0 0.0 0.0 0.0 0.0 0.0 0.0 5.704136123112253e-07 2.2497054293396515e-07 4.139502483819364e-08 0.0 1.0347098676808221e-07 0.0 0.0 0.0 2.2006411259726316e-06 0.0 0.0 4.5238018147274476e-08 0.0 0.0 0.0 0.0 0.0 0.0 5.063246342879138e-07 0.0 0.0 0.0 0.0 3.0313321922841605e-06 0.0 1.2124549031748605e-06 5.373489142213171e-08 1.9994750400120825e-07 0.0 0.0 0.0 0.0 1.2630967701314038e-07 0.0 0.0 0.0 0.0 0.0 0.0 4.215457975709738e-07 0.0 1.978850971494617e-07 0.00011979615907657304 8.901485158362893e-06 0.00017695649029099897 2.6168056701516144e-05 0.0003827473407021762 4.3186708931933175e-06 2.796093519462883e-06 7.109745925273309e-06 5.895287335849905e-06 2.072167475909542e-07 5.442956226506841e-07 5.273988786077075e-07 2.847236250064169e-05 2.412652348416976e-07 8.737555359543976e-07 0.0 9.103588643145653e-06 3.9140403267645654e-07 0.00013546099127129148 2.199612791532142e-05
0.00015027114558425214 0.0013496280809231047 0.0 7.396214314978534e-07 0.00028234444797547406 2.721673864086322e-06 0.00012159518902749514 0.0018546716632855194 0.00029053799097986685 2.8360519310692436e-05 0.000717041114605273 4.049898261951858e-06 2.9967617737293467e-05 0.0003148657136508662 2.1611368268918333e-06 1.5167958736440792e-06 0.0 1.0001680005755297e-07 1.1724586049636215e-07 1.5795591839324602e-06 4.956341551676373e-06 0.0 1.9560125003067497e-07 5.015946983294633e-07 1.3129431474964937e-06 4.2442720283355486e-07 3.7931875369531417e-07 5.240039468671631e-07 0.0 6.799670605118431e-08 0.001972710876838858 0.000598037735558619 3.6645509747214106e-06 6.455477924140736e-07 5.6777274777506265e-06 1.8929566391406783e-06 1.5432423727520088e-07 3.210865916032527e-07 4.236127780713306e-07 4.1426562435504955e-07 3.0117054579637995e-06 1.2126173938243625e-06 5.955491868969434e-07 5.939544173608339e-07 3.9109304116619836e-07 1.2777339127037057e-06 2.2244165117335565e-05 8.599944263195772e-07 9.640203778841269e-08 5.104578053551229e-07 2.8202648408062853e-07 0.0 3.136746289349562e-08 1.7280113376540549e-07 6.02274720583137e-07 5.508785932535994e-07 1.9405541070174103e-05 0.00017382558244664808 9.279899557681254e-06 1.3698170720322802e-05 3.517122591416936e-06 1.0076557503935846e-06 3.1742468291627535e-06 7.458088603233761e-05 1.1740913079031908e-06 2.9508048374314994e-07 3.81021671102482e-08 1.0997802086406335e-07 1.7030248912292283e-06 8.037288757104051e-06 6.580333287105349e-08 3.7570460213106816e-07 0.0 6.275858384406153e-05 3.4021945050195704e-05 1.714941713903385e-05 1.7234867854024974e-05 1.7339216818692863e-05 6.169478362957598e-05 6.523864756775994e-05 1.0915412752073939e-05 2.6882831906424324e-05 5.206972696176511e-06 1.526839801816134e-07 5.107876722932815e-07 4.4120645588440126e-07 4.621737405524417e-07 0.0 4.5415856076293424e-08 0.0 9.672721491126915e-08 0.0 1.452666099538116e-05 2.766471125890452e-06 5.930782914899989e-08 9.851789459460054e-07 5.915616092041461e-07 0.0 2.59254566450042e-07 0.00011027237215952464 0.0 0.0 2.865303629758e-07 1.1668522278247444e-06 0.0 1.1840935289138251e-06 1.24244944836128e-06 1.533014373478156e-06 1.09855536031803e-06 1.8879513615701722e-06 1.3878423854436612e-06 1.0467231697796984e-06 1.3781491246857016e-06 0.0 3.8582557869125e-07 9.092883746411296e-08 1.4408203579350793e-07 0.0 0.0 0.0 0.0 0.0 0.0 0.0 0.0 1.079277351768486e-07 0.0 7.521658543499343e-08 4.334142099336862e-08 0.0 1.8294813498360855e-07 0.0 4.9808901990301236e-08 0.0 0.0 2.4353099646608853e-07 0.0 5.050146789278175e-08 0.0 5.691877715931688e-07 1.89268947234468e-07 1.6887045219493901e-06 7.429962896340467e-07 4.6302809014712845e-07 1.1557962853047846e-07 5.3588079956980006e-08 4.775625977876628e-08 1.4223271848318233e-07 0.0 2.500838964910578e-07 0.0 0.0 0.0 0.0 0.0 5.1527252972242565e-08 0.0 7.190889488002374e-08 5.335478073022667e-08 0.0 0.0 6.976040187152458e-08 0.0 0.0 3.3858212847600567e-07 0.0 1.0227166259101028e-06 0.0 0.0 0.0 0.0 0.0 0.0 0.0 4.040593515716196e-08 0.0 3.569182276166477e-07 1.5486737630243898e-07 0.0 0.0 1.0279462777863804e-07 1.550249092894382e-06 7.932398475566461e-07 1.938298689539071e-06 0.0 1.2960030102155408e-07 4.4804576986668314e-08 0.0 3.0922190985087266e-07 0.0 0.0 0.0 0.0 0.0 0.0 0.0 0.0 4.679272046374832e-07 3.8319129649175167e-07 7.894701620682152e-07 1.792235282122808e-05 2.0015777799392367e-06 4.1890640148136716e-05 7.76743201514668e-06 1.975817416741442e-05 7.358480950562503e-07 5.899026260398333e-07 2.57210591269433e-06 7.561579625437137e-07 4.398027805563738e-07 4.2363243679463886e-07 1.3001129213919945e-07 2.412020999042049e-06 5.0839094765955456e-08 1.3948537290203694e-07 0.0 1.0081511522123816e-05 4.1727384381654355e-08 1.4307042909112e-05 1.550332181950485e-06
0.0004591612106793806 7.690621477325277e-05 7.396214314978534e-07 0.0 2.207435729054747e-06 0.00032576673820890753 0.00017217596667560848 7.591257858678813e-07 6.5218820512277125e-06 0.0009275088111338851 3.1290838878888932e-06 8.556357227978695e-05 4.067609432748488e-05 8.933337660342465e-06 4.859955030438943e-07 0.0 0.0 0.0 0.0 0.0 5.77043836205334e-08 0.0 0.0 0.0 0.0 0.0 0.0 0.0 0.0 0.0 8.311881568621203e-05 9.795334106748315e-07 0.0 0.0 0.0 0.0 0.0 0.0 6.270715199049564e-08 4.673057427075558e-08 0.0 0.0 0.0 0.0 0.0 0.0 8.135159649691763e-06 2.9460070202964325e-07 0.0 0.0 0.0 0.0 0.0 0.0 4.097499927097119e-07 8.069560272341103e-07 1.9534825145546173e-05 7.871252014451356e-05 9.787058361749957e-06 8.688051295548315e-06 8.739283289299425e-08 2.423057166672008e-07 0.0 1.4369400386083852e-06 7.507036807949427e-07 1.540480161153356e-07 0.0 0.0 0.0 0.0 1.4479520966712144e-07 0.0 0.0 5.035582032162987e-05 9.816607211849307e-06 4.204537264495278e-06 6.578207337073167e-07 2.81736097222455e-07 0.0 1.5360717679598316e-07 0.0 3.852450273511416e-08 4.820191480492433e-06 1.0509545514872402e-07 4.792270275102987e-07 1.1080256872371966e-07 1.2033233979862693e-07 0.0 0.0 0.0 0.0 0.0 0.0 0.0 0.0 3.049938671059592e-06 0.0 0.0 1.35053022817606e-07 0.00040437967516711467 4.722645801537114e-07 1.7320148932455532e-06 5.0522423633799656e-06 1.934796824699161e-05 5.518667336868063e-07 6.6823336964880475e-06 9.632363589237308e-06 1.378950206209796e-05 1.9230971474434944e-05 1.6768273008323877e-05 1.0606241182229215e-05 9.688556106511129e-06 4.990136470272163e-06 1.9915049163037684e-06 1.3266615907649245e-06 0.0 0.0 0.0 0.0 0.0 0.0 0.0 0.0 0.0 0.0 0.0 0.0 0.0 0.0 0.0 0.0 0.0 0.0 0.0 1.8264601528955883e-07 9.297364273871135e-07 0.0 0.0 0.0 4.892236625625798e-07 1.3247744462606865e-07 8.937773930222981e-07 0.0 0.0 0.0 0.0 0.0 0.0 0.0 0.0 0.0 4.869279564840799e-08 0.0 5.0498679892177475e-08 0.0 0.0 0.0 0.0 5.026665849903445e-08 0.0 0.0 1.4549868860053853e-07 2.3513404646050667e-07 0.0 0.0 0.0 4.7144369984246883e-07 0.0 4.951195005451443e-08 4.325624757490902e-08 0.0 0.0 0.0 0.0 0.0 0.0 6.940267550542328e-07 0.0 0.0 0.0 0.0 1.514441596319552e-06 0.0 4.069562567899409e-07 1.9378981965713197e-07 2.803888789066634e-07 0.0 0.0 4.5920072623667315e-08 0.0 0.0 0.0 0.0 3.5396329547622646e-08 0.0 0.0 0.0 5.888780490939676e-07 4.675734571465298e-07 0.0 2.0450619714564054e-05 1.1408692271791731e-06 2.3990691085740384e-05 6.223392934712475e-06 0.0002237932188829375 1.0176689607732677e-06 3.2565530810771447e-07 8.060375436683807e-07 3.559275753276583e-06 1.4727755247178525e-07 6.030010445262674e-07 1.79539525444862e-07 1.4694280792656954e-05 0.0 8.491273376500717e-08 0.0 2.2041033912468164e-06 1.101564031170098e-06 9.660958426022276e-05 1.5072763531180603e-05
4.902490333916175e-05 0.001387364151724342 0.00028234444797547406 2.207435729054747e-06 0.0 2.0544428018966516e-06 0.0013273344822449984 6.508222012589085e-05 0.0015330198500340382 0.00039405063865511155 0.00036755989053242053 4.5850159784543727e-05 0.0004292191216313959 0.000835519810183018 9.701503382174329e-06 4.011920499411429e-06 0.0 3.441592581609252e-08 0.0 3.809514732301252e-08 3.940815288853206e-08 0.0 0.0 0.0 8.390042402180015e-08 0.0 0.0 0.0 0.0 0.0 0.00019225538341662184 5.9930479397803746e-05 3.709472773857294e-07 0.0 2.0039471257432204e-07 0.0 2.120745897152209e-07 0.0 1.0598924499481568e-07 0.0 0.0 0.0 0.0 7.738498543161658e-07 0.0 0.0 6.263278410563508e-05 1.3694167184645593e-06 0.0 0.0 2.2790654986076093e-07 0.0 0.0 0.0 5.292254504797701e-07 9.383820736846905e-07 5.347541160846618e-06 3.261997442522337e-05 2.49404386729026e-06 1.8075837694411842e-05 1.9170250002855758e-07 2.3693478286030336e-07 0.0 2.907704447719893e-05 1.2119014352691932e-06 5.992963327281087e-07 1.2310110983679654e-07 2.6651071307504465e-07 4.771022125926453e-08 4.3015118049315784e-07 6.828751243706778e-07 2.3847455244639794e-07 0.0 4.2847958507792124e-05 4.1291251170812334e-05 4.2851373423522715e-05 1.5926569552044683e-05 3.3585697106490724e-06 6.702766474973577e-07 2.5540363895590818e-06 1.906336934445346e-07 1.0690257739752375e-07 7.125510840642411e-06 2.0430808298436998e-07 9.035483792542458e-07 3.310547591779353e-07 2.693390733070816e-07 0.0 3.6340604774179795e-07 0.0 4.791802023763409e-08 0.0 0.0 0.0 0.0 1.0672405926273835e-05 0.0 0.0 0.0 1.3597115210811559e-05 0.0 7.928199082846806e-07 1.080843311965019e-07 1.920882590769249e-06 1.4052902441870332e-07 5.539207745453107e-06 2.6426748115077466e-06 1.722562299337849e-05 1.236158425896877e-05 5.529908641599623e-06 1.2781799941280037e-05 1.0615964885298534e-05 7.0930851058243185e-06 3.711619833036911e-06 7.39565117204696e-06 0.0 1.14502391563676e-07 0.0 0.0 0.0 0.0 0.0 0.0 0.0 0.0 0.0 0.0 0.0 0.0 0.0 0.0 0.0 0.0 0.0 0.0 6.734081364141393e-07 0.0 0.0 0.0 1.6955343899201008e-06 0.0 1.9568467165542155e-06 1.9721884798125626e-07 3.3516520140212316e-08 5.597721060810866e-08 0.0 0.0 0.0 5.958392086597998e-08 0.0 0.0 0.0 3.866668877450151e-07 0.0 0.0 0.0 0.0 0.0 3.570592705757873e-08 0.0 0.0 1.36904796223702e-07 6.217913919415491e-07 0.0 0.0 0.0 2.8755466112160527e-06 0.0 0.0 3.764377998233071e-08 0.0 0.0 2.229722866485029e-07 0.0 0.0 0.0 3.943503107302403e-06 0.0 6.07790570678585e-08 0.0 0.0 6.742661190391371e-06 7.349243541179531e-07 4.044407766066667e-07 0.0 5.175399110424058e-07 3.4386226971560666e-07 0.0 2.5991879099876097e-07 0.0 0.0 0.0 0.0 4.0759808771952086e-08 0.0 0.0 0.0 2.8871503228356824e-06 5.196241539131707e-07 3.340823817960155e-07 4.950337591047518e-05 2.810791483595986e-06 0.00010336552405359673 1.7330787750256514e-05 9.37256180464962e-06 4.186096930641569e-06 3.6474429798897925e-07 1.0578511051133557e-05 2.2006051076600633e-06 4.1264420286078244e-08 1.0063949269060409e-06 2.6889667071596177e-07 4.685310955255069e-07 0.0 8.278674722329058e-08 0.0 2.089824759964969e-06 0.0 1.8176342895751435e-05 1.0159418806941962e-05
2.0745172665445247e-05 0.00014514854562927123 2.721673864086322e-06 0.00032576673820890753 2.0544428018966516e-06 0.0 0.0001057387801777849 1.67177466575257e-05 1.7989826478451617e-06 0.0005081876586405771 3.428333156087923e-06 5.489616661984302e-05 2.641539574171231e-05 7.4847271872857e-06 3.5914340059890854e-07 1.9913631531111393e-07 0.0 0.0 0.0 0.0 0.0 3.860247272339352e-06 0.0 0.0 4.9070088468273744e-08 0.0 0.0 9.535386240886113e-08 7.28663075637139e-08 0.0 1.5988131048205928e-05 2.2801461807465869e-07 1.788669435988079e-05 0.0 0.0 0.0 9.4471756807778e-06 9.848730159844633e-07 4.4050710186425915e-06 2.305127064446398e-07 5.645890409345829e-08 0.0 0.0 1.4791783008674285e-07 0.0 0.0 1.7273510528157133e-06 6.39745106842174e-08 0.0 0.0 0.0 9.979679259048987e-06 4.420080750943264e-06 8.020934355516711e-08 3.3353384931522753e-07 5.585678889629542e-08 4.41567942665889e-05 1.3662503101721144e-05 1.8230164344635183e-06 1.321306399204296e-06 0.0 1.2537605938355974e-05 0.0 5.404195981725395e-07 1.5308338450150945e-07 6.95762876220978e-08 0.0 2.2781233535462757e-07 0.0 0.0 0.00010782642613851099 6.93909157055984e-05 5.965751980035961e-06 8.592558603985554e-06 1.6739733208662265e-06 7.894290357402541e-07 9.677636006001561e-08 3.422715892470496e-07 1.8390962611389689e-06 7.72339275760207e-06 0.0 3.564393473566697e-06 1.1564295796420386e-06 4.485576998823952e-07 0.0 4.684782961045399e-07 0.0 1.2602116940013604e-06 8.990619320009475e-07 5.930352567092433e-06 7.686552947379698e-07 1.207327949292269e-06 6.289179728765662e-08 0.0 3.279154107546885e-07 0.00013985392649503724 5.959618773673382e-05 4.702244155724995e-06 1.7762035643892125e-05 0.000157216177681789 1.1415817239669257e-06 0.0 7.798457217775523e-07 5.659418584849212e-07 0.0 1.8651737517716853e-06 1.3038223827483259e-06 3.5526827757429277e-06 1.5287355161031815e-06 3.4762719436110107e-06 1.241889870087622e-06 2.4472479110862867e-06 4.680782113797345e-07 7.152484514155071e-07 8.494347147166894e-07 0.0 0.0 0.0 0.0 0.0 0.0 0.0 0.0 0.0 0.0 0.0 0.0 0.0 0.0 1.9384944304148272e-07 0.0 1.2283998370877422e-07 1.1903854820393826e-07 0.0 0.0 0.0 0.0 0.0 0.0 4.1261468324486085e-07 0.0 2.3540529568596108e-07 1.6899250256377187e-07 2.4624303733005853e-07 6.682812223601281e-08 0.0 0.0 0.0 0.0 0.0 0.0 0.0 0.0 0.0 0.0 0.0 3.2051265180743435e-07 0.0 0.0 0.0 5.025033210025793e-08 0.0 0.0 0.0 1.0880354905713959e-07 0.0 2.2940674643351696e-07 0.0 0.0 0.0 0.0 0.0 0.0 0.0 0.0 0.0 4.501478227508313e-07 8.863442249541676e-07 0.0 1.1835506985580824e-07 6.659124839419907e-08 1.4837669117476305e-06 0.0 4.5680938509935095e-07 0.0 8.504174517392013e-08 0.0 0.0 0.0 0.0 0.0 0.0 0.0 1.7675205256930556e-07 5.7505214167843675e-08 1.0272167177711201e-07 0.0 7.50850535407723e-07 2.6223406618626394e-07 6.824506247262949e-07 1.2380676819011455e-05 2.5994125431791516e-07 8.290014632667704e-06 1.5638285642898363e-06 0.00012715142842966803 5.273571913605771e-07 0.0 1.6666107887848339e-06 9.228108745718556e-08 0.0 0.0 0.0 2.3684237059741772e-06 0.0 0.0 0.0 1.2454265550636498e-07 0.0 2.4342527827117627e-05 4.737863989987723e-06
0.0001362541589594182 0.0016505048522812628 0.00012159518902749514 0.00017217596667560848 0.0013273344822449984 0.0001057387801777849 0.0 9.766502921194987e-06 0.0007196030297716922 0.0007281641247201255 0.00025923718473993195 0.00016260188022488724 0.002243211300022238 0.0011226224558002675 2.4142013230517322e-05 1.274794354395188e-05 1.2285795967457493e-07 1.8430881867850898e-07 5.097019053722493e-08 2.9566682350356047e-07 3.3910743757557e-07 0.0 0.0 1.775825548016809e-07 6.715214466195236e-07 0.0 5.581346867738286e-08 4.6124870186624437e-07 0.0 0.0 0.00030139306646675913 6.198673471208372e-05 1.3155621245683892e-05 1.1444712277074524e-07 1.0350585868135427e-06 6.492409439668695e-07 2.1263280054096363e-06 7.30954470271847e-07 6.672923948839154e-07 1.2965811220551205e-07 4.503012391221766e-07 2.2029842811661767e-07 1.834585847037619e-07 9.806106410035376e-07 1.7841064408591424e-07 1.917017034569564e-07 0.00014333405311832653 4.46920266635134e-06 1.0504247981819507e-07 2.3552209963508548e-07 5.264187702714792e-07 4.217755686493434e-08 0.0 0.0 4.365468767807231e-06 4.283532616334956e-06 3.141155685559495e-05 0.0001610668018480951 1.5529436490117054e-05 5.711262548383908e-05 4.964880138750749e-07 7.236157025765575e-07 4.2697768901965403e-07 6.419819000450009e-05 5.504203455257121e-06 3.0752243097778335e-06 5.921902801070642e-07 5.066538905211782e-07 5.308657175305024e-08 7.929912342408595e-07 1.4636997065222825e-06 2.2882262047834815e-07 0.0 0.00018283378550723988 0.00013517978432330753 0.00010526152520931153 2.732440038418718e-05 8.38772140495318e-06 1.0246936104147645e-06 1.856175838278714e-06 1.346898724627101e-06 7.413458596573023e-07 2.9971869219157746e-05 9.735789251081282e-07 4.207648915460141e-06 1.2260344309941363e-06 1.2727337663819312e-06 0.0 1.0279261643534499e-06 0.0 1.9173194994446404e-07 4.5233666874902885e-08 9.661734047126567e-07 1.957356814455245e-07 4.3041814482720735e-07 3.707977468897979e-05 3.782395983185721e-07 0.0 2.2475207321518771e-07 0.00011783510474933551 1.277305473348946e-06 4.887200142362815e-06 2.4264569150155008e-05 4.707855066683902e-05 3.76670782412849e-06 7.181232592729441e-05 3.080545635096837e-05 8.178975417788887e-05 7.435132474105633e-05 5.7740643330806236e-05 5.7142998291007465e-05 5.289679948541146e-05 3.902918417826976e-05 1.7416196379714716e-05 1.7845600293069724e-05 5.5287230244283784e-08 2.6498663926854224e-07 0.0 0.0 0.0 0.0 0.0 0.0 0.0 0.0 0.0 0.0 0.0 0.0 0.0 4.73663313418763e-08 0.0 2.4203926014754703e-07 0.0 1.5501727680587927e-06 3.8015936442130893e-06 0.0 0.0 0.0 6.082556974660588e-06 2.0452168365923502e-07 4.707875399174024e-06 1.0237393840174791e-07 0.0 0.0 0.0 0.0 0.0 0.0 0.0 0.0 4.085961089596311e-07 6.300973070893057e-07 0.0 0.0 0.0 4.237159838794126e-08 0.0 2.815235619621066e-07 1.808384150977984e-07 4.2252829562200546e-08 5.250313217707779e-07 1.0750953906907032e-06 0.0 0.0 0.0 7.170005717228625e-06 5.411470074444764e-07 2.818882324411415e-07 3.4104378365237636e-07 0.0 8.496276178061161e-08 0.0 4.2838439131976614e-08 0.0 0.0 1.0120348573002857e-05 5.421037795518374e-07 0.0 0.0 0.0 2.1906731011170274e-05 1.9415897748952039e-07 3.4499272994584894e-06 2.204067907301031e-06 2.4554990055126384e-06 1.6679359188339332e-06 1.9638901287759698e-07 3.1532044543451056e-07 4.796237268057988e-08 1.8565836364718577e-07 0.0 0.0 4.775637594545813e-08 0.0 0.0 0.0 1.0512698325355707e-05 9.834104872912993e-07 8.23371376506088e-07 0.0001278117927625362 1.0204610859588797e-05 0.0003015401251346311 4.59352301664667e-05 0.0002018319911691371 9.216973690362406e-06 2.879275840824287e-06 2.3441751009221203e-05 1.0062054620187882e-05 6.013257183679364e-07 7.92684297943861e-06 5.081812302712455e-07 2.712852437669696e-05 5.237377492332797e-07 3.113153995903081e-07 1.8812095147613954e-07 1.1544039458544522e-05 0.0 0.00021039742029684293 7.129270121246207e-05
3.8141926972732006e-05 0.00012005070783986511 0.0018546716632855194 7.591257858678813e-07 6.508222012589085e-05 1.67177466575257e-05 9.766502921194987e-06 0.0 4.752615567372447e-05 5.541586208682879e-06 0.0016203734130722498 1.4752034384488152e-05 3.451105011984211e-05 0.0007430149156122313 2.103314851048195e-05 3.719997471159736e-05 6.345688119869847e-07 1.8897327047705276e-06 1.0658088195637423e-07 9.18440293636526e-06 6.617881309224072e-05 0.0 6.833809954636484e-06 3.9984838665802655e-06 3.584355868224091e-05 1.8330556170602586e-05 7.051119579724385e-06 8.228317652953288e-06 1.997415968803916e-07 8.396205277515693e-07 0.0009081950138271137 0.0004777803258153032 8.36483023258817e-05 7.253746202949095e-06 9.357591726347063e-05 4.376760773989305e-05 3.45234595935078e-05 1.920243739681267e-05 1.187422716612978e-05 5.211469040831955e-06 4.838606143498676e-05 1.958308110464752e-05 5.170869309761365e-06 1.3101316028909585e-05 9.558664685121718e-07 1.549880427276862e-05 4.92383245796355e-05 7.170153302032043e-07 6.371424916828721e-07 2.0812772280553234e-06 3.5027322831505112e-06 7.885165629710658e-07 1.246824339080877e-07 1.7846349661165469e-06 3.989333734892399e-07 6.914663615088437e-07 1.0346971142375818e-05 7.035388870135552e-05 4.433459897857206e-06 1.5258256363930012e-05 7.057614670888733e-05 3.274924047152486e-05 5.788291205100673e-05 0.0001397830782120109 1.1409563422409106e-06 4.5372245108746416e-07 7.101966308301521e-07 1.5143118746342946e-06 6.444920383195462e-06 8.827186000704353e-05 5.170708975165663e-05 1.0575106607000477e-05 0.0 4.96233396467225e-05 3.979521747128708e-05 4.378327591827928e-05 7.152359886213299e-05 0.00014603267711107916 0.0007210770204730258 0.0006034284238599646 0.00019861283373598856 0.0007107610186006763 5.1176335866140815e-06 5.4020289750652654e-08 4.527867416608584e-07 2.467938865065867e-07 9.87686208165594e-07 0.0 2.167632433504385e-07 1.206193279513019e-07 6.83682997331482e-07 3.047878836470308e-07 0.0001301936119484612 3.223172376063034e-05 2.235861044782021e-06 0.00016314017834378574 3.489201210117927e-06 0.0 1.2310039139559321e-05 2.7382216593184336e-05 3.061489988182152e-07 2.5726575617615076e-07 4.989727696278805e-07 4.0188429953831673e-07 1.4374807480922394e-06 1.0080777275612302e-05 9.377271590665606e-07 1.880890020181199e-05 9.569462219814242e-06 6.998027309165339e-06 4.1750714052082014e-05 2.456242111227977e-05 2.2491442705351746e-05 1.1489532267721675e-05 2.967074931540091e-05 1.8145538436389482e-06 2.290962843114687e-06 0.0 1.422625998753728e-07 0.0 0.0 0.0 4.8046032612997184e-08 4.1961456946670525e-08 2.2046723491510789e-07 1.0543075370948837e-06 0.0 4.2508301359473605e-07 6.840205578236888e-07 4.273878968418915e-07 7.217460394999175e-07 4.61910540019208e-07 1.008727945725961e-06 6.136456374713612e-08 1.3541745266563633e-06 5.921185933096228e-06 0.0 0.0 1.1294060672995291e-07 1.923426404008664e-05 2.0202624023887476e-06 2.5572637060394893e-05 3.3291382055037275e-06 1.5667329406859673e-06 4.004484062080685e-07 0.0 0.0 4.428970828555721e-07 4.574256228471936e-07 3.760452128286981e-07 1.9034319373871761e-07 9.604507513533408e-07 1.337565039608977e-06 1.382984247924092e-07 0.0 4.2353940386971395e-07 6.846409941676799e-07 1.2735470228391402e-06 8.688519440678349e-08 4.462450268287898e-07 1.012845304846886e-07 7.359303775836071e-07 1.4415056650788437e-06 0.0 5.663583525847118e-07 2.4682843779978925e-07 2.9158536553279723e-05 3.4737496361453046e-06 2.7033756917110425e-07 3.571899614231595e-07 3.8076985490504884e-08 0.0 0.0 5.274924691327532e-08 6.893330830179275e-08 3.04788866085339e-07 2.0229949569628778e-05 7.112979906402777e-07 4.8194028978405696e-08 0.0 5.096796279198024e-07 3.723917694076983e-05 2.1899597480148035e-06 1.7275710980867367e-05 2.0379765716136466e-06 3.815746155942262e-06 2.1494274002635776e-06 1.0719548407719574e-06 3.285511017767472e-06 4.485477759278634e-08 8.03986156057118e-08 1.6570439439399868e-07 1.259588071370965e-07 1.3830813964689568e-07 4.0958124565409177e-07 2.5750512926136334e-07 2.0383329975766088e-07 1.391290894258198e-05 9.119155364862279e-06 7.759206513902067e-06 7.233902862887505e-05 5.085671731948908e-06 6.11524548816087e-05 1.746253689942474e-05 1.3262065976958378e-05 2.7553780730910216e-06 5.92796335014605e-07 1.368034311930189e-05 1.2412535447954256e-05 1.8247074298490544e-07 7.513860728185516e-06 2.4317764493760205e-06 5.56376793645698e-06 1.1448987476858231e-06 0.0 4.1262060110804817e-07 2.293919096236347e-06 2.1538200810822682e-07 3.6628453171079346e-05 2.5811441473141353e-05
3.3086602746846015e-06 0.00016724125217566695 0.00029053799097986685 6.5218820512277125e-06 0.0015330198500340382 1.7989826478451617e-06 0.0007196030297716922 4.752615567372447e-05 0.0 0.00019560934195681921 0.0010208667999622575 8.306631768793891e-05 0.00043978267089720113 0.0006111897951036598 1.2513816523309626e-05 1.5677150122392872e-05 1.047613265524989e-07 0.0 0.0 5.910457726685395e-08 3.331933415080961e-07 0.0 0.0 0.0 5.114744995611852e-07 6.416714824977721e-08 0.0 0.0 0.0 0.0 2.315514848681548e-05 1.1466405742966618e-05 2.646569907237643e-06 0.0 5.888311277076082e-07 3.3188303764792397e-07 5.6261473822097844e-08 2.2676880664274972e-07 9.804270976304249e-08 1.2449144922860042e-07 3.9268444518729314e-07 3.248331665581035e-07 0.0 9.879460830123926e-07 0.0 6.300024387306496e-08 2.225247159672154e-05 2.996107889011916e-07 0.0 6.20683214806136e-08 1.2509999010334638e-07 6.676976672812736e-08 0.0 0.0 0.0 3.4515019323283304e-08 1.0600303298542298e-06 4.5508847148018795e-06 1.840930871746107e-07 5.234797330535508e-06 2.116053758516236e-07 6.295337891052698e-08 3.6760691743796504e-07 9.882890309838622e-06 1.41107803386999e-07 2.403175005029622e-07 0.0 4.160216000689548e-08 0.0 3.741681980599887e-07 3.9927378836301786e-07 3.91977650524586e-07 0.0 9.915282449249435e-06 1.2996162825638818e-05 2.5012912662314623e-05 1.6093228518016996e-05 9.193123629664818e-06 5.168983688700313e-06 2.055487664202152e-05 1.661173776044567e-06 2.4324595659478813e-07 1.1510420439553524e-06 6.137897505502135e-08 1.5569600327250316e-07 0.0 1.1042047987900493e-07 0.0 1.9803456053423583e-07 0.0 5.2134091175190946e-08 0.0 3.06651184108006e-07 3.6578867969628006e-07 0.0 3.573106108216888e-05 2.664734195841049e-06 0.0 1.1310879950450051e-07 8.184757503355371e-07 7.695558753569621e-08 8.946617468139637e-07 2.6870203773854097e-06 3.3933753657591544e-06 1.4173279811197767e-06 1.4641941059884814e-05 4.806602105056738e-06 3.1092081970631475e-05 2.496012522975021e-05 1.0154680666296018e-05 2.783853857935424e-05 2.055856880781696e-05 1.8635341422244284e-05 1.0807144313266105e-05 1.1464386633100443e-05 5.2120864767562507e-08 4.170093754068445e-07 0.0 0.0 0.0 0.0 0.0 0.0 0.0 1.7598032404490627e-07 0.0 0.0 0.0 0.0 1.0980698366508977e-07 9.68780756153937e-08 0.0 0.0 0.0 3.0076979726190684e-07 2.445067375985129e-06 0.0 0.0 0.0 2.794815961333617e-06 0.0 3.842207112824753e-06 1.0621049607610065e-07 0.0 0.0 0.0 0.0 0.0 0.0 0.0 0.0 3.5072225804998817e-07 7.308683841150946e-08 0.0 0.0 0.0 0.0 0.0 0.0 8.163441014973551e-08 0.0 3.898634631997124e-07 0.0 0.0 0.0 0.0 4.531262281968161e-06 2.0371512836062106e-07 1.2434186635808612e-07 0.0 0.0 0.0 0.0 0.0 0.0 0.0 7.647802712848041e-06 4.913085360525287e-08 5.832310733558154e-08 6.521402920047681e-08 0.0 1.2645672167462837e-05 0.0 9.473188337120272e-07 0.0 1.80910464999128e-07 4.7305944576407716e-07 1.0438647987125858e-07 0.0 0.0 0.0 0.0 0.0 0.0 0.0 0.0 4.988835005037714e-08 9.011269691985023e-06 5.004739088103649e-07 3.8755940307654485e-07 4.726366863299291e-05 1.1958895495132295e-06 3.21827670574914e-05 7.997253479989126e-06 3.532807783244952e-06 1.1619322962632111e-06 1.3717676568264585e-07 6.938073606485882e-06 2.9384696507057183e-06 0.0 1.8337605723063767e-06 5.009536141857599e-07 2.410188061235273e-06 0.0 0.0 5.171154313123132e-07 2.0066190658651662e-06 3.447520202798705e-07 5.017381607420796e-05 2.9800064463703523e-05
0.0002766381625395484 0.00020068915973053743 2.8360519310692436e-05 0.0009275088111338851 0.00039405063865511155 0.0005081876586405771 0.0007281641247201255 5.541586208682879e-06 0.00019560934195681921 0.0 6.279532907800147e-05 0.0010338567050076925 0.0024539225119975753 0.0003437246927092039 2.2261289969613695e-05 1.7493272856948038e-05 0.0 1.8075795804702763e-07 5.5866560174603645e-08 0.0 1.603072965290497e-07 6.617435600860807e-08 1.4922249488378804e-07 3.58010921391562e-07 2.8413403463644476e-06 6.057760676515065e-07 4.267200412542903e-07 8.313380019374531e-07 1.9452009990588153e-07 9.997047278084579e-08 8.471125267480692e-05 2.309102394850827e-05 0.00015664134907469708 6.557967547972317e-08 1.720411294473567e-06 1.948983462883349e-06 4.85381760324259e-05 7.472303358735946e-06 1.0805627657532638e-05 1.2633491937146829e-06 1.899125442296688e-06 1.4088393789133784e-06 6.10491014787661e-08 1.39529746918797e-06 0.0 3.514841555532092e-07 9.096682599032716e-05 1.1696100715557838e-06 7.270584485274639e-08 0.0 4.643711364191586e-07 8.423612584693765e-07 0.0 3.948096019669252e-07 1.4297778044561169e-06 1.340266300203944e-06 1.7586471850456542e-05 5.6757068255226895e-05 5.593338449984835e-06 2.3795725798561824e-05 3.1441436515242186e-07 5.442712697973108e-06 8.263151002202702e-07 2.7365928008325543e-05 1.3934150808800005e-06 1.1335681340015722e-06 5.010256143013643e-07 2.3315659065098108e-07 5.504105808855006e-07 2.254801990696608e-06 4.645605556694973e-05 4.3238489338679333e-07 0.0 6.788403130354528e-05 4.600041317584141e-05 5.7379450032848776e-05 2.2925030528065917e-05 7.079848190088821e-06 1.321340011206819e-06 1.1678384936594497e-05 6.118851876802959e-07 1.3859363290019906e-06 1.1610926118836078e-05 7.198227837497575e-07 1.110065740298384e-06 4.998070721706032e-07 5.129338320107986e-07 4.583225392368203e-08 4.205591507095192e-07 0.0 6.442900290890982e-07 0.0 4.872250438370386e-06 2.8974940340917565e-06 1.1215634215997958e-06 0.00019336558512505445 2.5736445272516027e-06 0.0 7.749562418207143e-06 0.0001716469812686617 3.4510760984265157e-07 9.490454720257647e-06 3.4229076431863395e-05 6.097317943292582e-05 5.340160762328024e-06 0.00013755370354356802 5.2770965889372944e-05 0.00025362551519261237 0.00023572742633400488 0.00011765379895912686 0.00012409753379817018 0.00033361635369441345 0.00015211026952625427 7.684291355475734e-05 4.0751467708082424e-05 0.0 3.380660297355804e-07 0.0 0.0 0.0 0.0 0.0 0.0 0.0 0.0 6.295953906424301e-08 0.0 2.269422468327203e-07 0.0 0.0 0.0 0.0 0.0 0.0 1.8202498682734453e-06 5.731943508377032e-06 0.0 0.0 0.0 7.670380761546137e-06 0.0 5.427170381218914e-06 5.627156107380787e-07 5.039260310728277e-08 0.0 0.0 0.0 0.0 0.0 1.6911255586121955e-07 0.0 0.0 6.244988060521351e-07 0.0 0.0 0.0 5.477996017243857e-08 6.15464210436928e-08 0.0 0.0 0.0 0.0 9.662312026204208e-07 1.2289983278841196e-07 0.0 0.0 7.869000354135736e-06 1.029405165483517e-06 0.0 1.6827519979402544e-07 0.0 0.0 0.0 0.0 0.0 0.0 2.0827189522896924e-05 6.068966845800917e-08 0.0 1.3361747798743332e-07 5.198975903914801e-08 3.579286220698205e-05 3.0607158533477073e-07 1.925259964137003e-06 8.372623837357279e-07 6.608297962070884e-07 1.1633979017141848e-06 2.626285350812808e-07 2.768965596497745e-07 0.0 0.0 0.0 0.0 4.257068818347087e-08 1.4167700358179008e-07 0.0 0.0 2.8585205666750525e-05 2.2232437455855737e-06 1.0316943363558388e-06 0.00015270587461920144 6.496560566787419e-06 0.00017327755535403153 3.7286662253356546e-05 0.00030163422627203036 7.5556638134216744e-06 1.0561097869807226e-06 2.7547495960205263e-05 1.2102960939003154e-05 5.972918133984318e-07 6.404765660168936e-06 2.1080020127711846e-06 4.26845889211851e-05 2.4134720205946234e-07 5.742367842636295e-08 7.79520986088125e-08 4.8807739071795805e-06 1.4310276053841288e-07 0.0007798652500058369 0.0002635698301243778
6.085395642529142e-05 0.0004553859141140381 0.000717041114605273 3.1290838878888932e-06 0.00036755989053242053 3.428333156087923e-06 0.00025923718473993195 0.0016203734130722498 0.0010208667999622575 6.279532907800147e-05 0.0 7.287406206876593e-05 0.0011816221386666446 0.0011607737572690358 2.8635034980888106e-05 3.433331083957789e-05 0.0 2.1430372564119777e-07 6.484992295965946e-08 1.601942331474027e-06 2.2380550286670458e-06 0.0 7.289626529401614e-08 1.0498765577774166e-07 2.677282601551136e-06 5.980392664032842e-07 7.497805206901049e-08 5.035263844624027e-07 0.0 9.494923058783209e-08 0.00029929074604408124 0.00012250136057013694 4.00622747386901e-05 1.070564680608764e-06 4.998060781156262e-06 3.0536753552503945e-06 5.537133190884444e-06 2.624675406587695e-06 2.1237751726563616e-06 6.20295619660228e-07 1.9312782617270603e-06 6.998681274535642e-07 1.1302894320147898e-06 6.322906261689486e-06 4.376719249707448e-07 1.2474085745646407e-06 4.996376953255609e-05 4.092744925685617e-07 5.006910542288553e-08 3.60196959474865e-07 2.891228583567181e-07 1.6047682356102937e-07 0.0 1.2453269172325318e-07 4.6997609300534736e-07 5.597662280464794e-07 5.860280951334412e-06 3.08884735198035e-05 2.3147957078228316e-06 1.3986206520648686e-05 3.3054366357097532e-06 2.8595297518661535e-05 2.454100763466741e-06 4.380190089079205e-05 8.209010785278441e-07 4.881591906556867e-07 4.1407989041003365e-08 1.760357023664322e-07 3.966045067987913e-07 3.718791941357986e-06 2.8342728776803367e-06 3.9339254091694896e-07 0.0 3.577767763053397e-05 4.1901376828077955e-05 6.358858318087077e-05 7.273132308920164e-05 4.9501995717414166e-05 0.00030318833647028064 0.0005759247471442279 1.8706883323311435e-05 0.00010075434732281079 3.6439905721891724e-06 4.464590656180352e-08 4.4090560738586517e-07 2.927415669743327e-07 1.9892541966064472e-07 0.0 4.015437452645085e-08 0.0 1.7703995346027362e-07 5.3460509015045876e-08 4.435889318436115e-06 1.1243837032681768e-06 3.0297043915789866e-07 3.143813823418925e-05 1.1455680437404028e-06 0.0 7.753340099283023e-07 2.0290039353290108e-05 1.271902968754253e-07 2.04589833678767e-07 1.745434296896792e-06 1.6197928438856186e-06 8.652131917173048e-07 6.1694112056654186e-06 2.2745794197686767e-06 1.1236034477766916e-05 9.90096946485215e-06 4.981557742627183e-06 1.6242796857737643e-05 1.0649280297661823e-05 8.661134832471862e-06 4.557430266453826e-06 1.0361645524670479e-05 1.0650362778725002e-07 1.439128373473138e-07 0.0 1.2294959859919767e-07 0.0 0.0 0.0 0.0 0.0 0.0 0.0 0.0 0.0 0.0 0.0 0.0 0.0 2.282234426389648e-07 0.0 5.743450781728142e-07 2.1147578692829975e-06 0.0 0.0 0.0 4.330792558901393e-06 2.0472701326564078e-07 2.461985790094707e-06 5.543092910590375e-07 0.0 4.7087647448143925e-08 0.0 0.0 0.0 0.0 0.0 5.5013325780158696e-08 0.0 0.0 0.0 0.0 0.0 1.7645868520572416e-07 1.2320783383611726e-07 5.2357423299784094e-08 0.0 0.0 3.4920605038804777e-07 5.018072236326666e-07 0.0 5.147099842195532e-08 0.0 4.774963376342545e-06 6.806024159781145e-07 0.0 1.516487723239199e-07 0.0 0.0 0.0 0.0 0.0 0.0 7.06603932598651e-06 0.0 1.0832820823030966e-07 0.0 0.0 1.3699762920915498e-05 6.769133368976297e-08 1.6277557785352316e-06 3.945135129837063e-07 7.20535250666075e-07 5.93843438341543e-07 9.114304552482392e-08 2.8640653923943994e-07 5.1319487184356434e-08 0.0 0.0 0.0 0.0 0.0 0.0 0.0 7.67356679570331e-06 7.826594118159336e-07 4.7576723160807753e-07 8.232053322179107e-05 3.381109852496093e-06 7.015166857857605e-05 1.6034786074298406e-05 1.039855702301791e-05 3.5723459266616573e-06 6.797674529447726e-07 1.1337760604313978e-05 3.826548629378716e-06 1.0753349529616706e-07 1.7129016754460105e-06 3.0112395299580574e-07 3.371246527020323e-06 5.35591006821279e-07 0.0 4.110863013136152e-07 2.027705643768585e-06 4.071959252704556e-07 1.9003666727780804e-05 1.0493546510343037e-05
