0.0 0.001294975739467855 0.00021900040743846714 0.0006010168024786566 4.643846166876896e-05 9.774402237895563e-05 0.00016932779865550497 6.1512973458398966e-06 1.3143358851958329e-05 0.00045604163724268155 8.585247699382613e-05 0.00029150186835297937 0.00025844175858516077 4.713653245827579e-05 6.118077547453504e-07 2.3316885182776078e-07 1.9302757098646204e-07 0.0 0.0 0.0 0.0 0.0 0.0 0.0 0.0 0.0 0.0 3.774915283795372e-08 0.0 0.0 0.0005017528577725093 1.2390972103038235e-05 2.6053412326181544e-06 1.544042908343839e-07 0.0 2.267652884793174e-07 3.8092144640822234e-06 5.433377291759248e-07 4.347709565261059e-07 0.0 4.839469207071108e-08 0.0 0.0 1.0925237240671415e-07 7.608912544816935e-08 1.9499027420477965e-07 1.4020373718334737e-05 1.7193389491351854e-07 7.825887124717288e-08 4.3947806823013596e-08 8.023630506374823e-08 5.465376984296446e-08 4.8081529257075544e-08 0.0 3.2340350535200353e-06 4.4662609608278635e-06 5.839961676465315e-05 0.00026144284435679306 3.818496201017158e-05 3.873118153028431e-05 2.518071166219344e-07 9.848822596626034e-07 3.357225473705487e-08 6.355673959859977e-05 4.928932302277308e-07 2.2648206887160316e-07 1.4757235139705262e-07 0.0 3.1139123366019124e-08 7.454025987288007e-08 4.890859848144097e-06 4.506866061733471e-06 1.0694771282640886e-07 0.0001220415959878278 4.2679873717551524e-05 2.002194666454013e-05 4.0210851864285e-06 2.212147938448803e-07 2.3297751363460502e-07 2.846626751561012e-06 4.0749998795250954e-07 1.3448742541849196e-06 4.169758476619639e-06 1.4616368216560635e-07 2.840740084677456e-07 2.738342560182127e-07 0.0 0.0 1.1190045717496645e-07 4.599847350105792e-08 3.6006184029066337e-08 7.867526875096414e-08 1.0889637914919457e-07 1.7495808380469872e-07 0.0 1.4054843204269185e-05 9.658303575198506e-06 7.904581087616825e-07 6.354647144993397e-07 0.0006994270759167013 0.0 5.782455863807928e-07 6.883944083480292e-07 7.353349985439832e-07 4.9289044238954625e-08 1.314697710115798e-06 2.237325348020885e-06 1.2447953512585603e-06 9.091053753479223e-07 1.5389255252150186e-06 4.969205946809605e-08 4.829147822420528e-07 1.606696490589212e-06 6.248819081393748e-07 1.666791084899527e-06 0.0 0.0 0.0 0.0 0.0 0.0 0.0 0.0 0.0 0.0 0.0 0.0 2.3722425750385142e-07 0.0 0.0 0.0 0.0 0.0 0.0 1.3095483026728794e-06 1.286609273130993e-07 0.0 0.0 0.0 1.6376171985580259e-06 5.726903563296259e-08 4.0638782289881807e-07 1.558019129313419e-07 1.3933695038394924e-07 0.0 0.0 0.0 0.0 0.0 0.0 0.0 0.0 0.0 0.0 0.0 0.0 0.0 6.50202940230265e-08 0.0 0.0 0.0 0.0 0.0 0.0 0.0 0.0 6.800371534030633e-07 1.2466949210151873e-07 0.0 0.0 0.0 0.0 0.0 0.0 0.0 0.0 2.5226934051861208e-06 0.0 1.325767293866432e-07 0.0 0.0 9.676868379153792e-08 0.0 1.1371391334580224e-07 0.0 2.954048054912659e-07 0.0 0.0 4.7407315343980556e-08 0.0 0.0 0.0 0.0 0.0 0.0 0.0 0.0 1.1334279671749563e-06 7.879983561414407e-08 2.8785828385310914e-07 0.00011210853887674018 8.81972147475656e-07 3.884445016790064e-05 3.345872253474139e-06 0.0003746111605722425 2.5818648668071212e-06 9.365424808391232e-07 2.216912298540225e-06 5.650160644198336e-06 5.036119274150899e-08 6.940056752494329e-08 0.0 5.274252705612223e-06 0.0 4.543684460922587e-08 6.420441494012914e-08 1.0858555473254092e-06 0.0 6.759918842219342e-05 4.606675189206352e-06
0.001294975739467855 0.0 0.0011194704584390734 0.0004482537359602182 0.001162657371692006 5.580394989070841e-05 0.0010120995758832359 2.1912330318480786e-05 0.00033904696232721923 0.000540611873903144 0.00029441499218419163 2.9087452313902883e-05 0.0004344502188271842 0.0009579023302571471 2.2123868555298535e-06 3.1522229978293464e-06 3.6317700845717645e-07 0.0 8.507852921511878e-08 5.473433706376935e-08 3.4631923104185027e-08 0.0 1.0112742645439168e-07 4.287993452552498e-08 4.4560121609315095e-08 0.0 0.0 7.681115274022129e-08 6.440985516522298e-08 1.3269139877290398e-07 0.0008537887704334996 3.9118752295467634e-05 1.9816639731331045e-05 1.612218090713867e-07 6.693538252842605e-08 1.7657193597243448e-07 1.414715419668324e-05 6.093079986012526e-07 1.0787539594505914e-06 2.1284613351519218e-07 0.0 5.2896975831865203e-08 0.0 2.885410143513123e-07 1.5572309787986323e-07 7.650787177076748e-07 4.9188246220333575e-05 5.921187648126155e-07 2.3725127282831486e-07 1.218761629179444e-07 0.0 5.6719421151250635e-08 3.9977325993301325e-08 0.0 4.3419167501683485e-06 6.614929683771571e-06 3.627321782932914e-05 0.00020317827423054093 2.849352145427032e-05 5.114595764502714e-05 3.820798215082326e-07 4.9672436506938295e-06 4.616421048112839e-07 0.0001676607204525838 7.338907941461451e-07 3.602796596897519e-07 1.7399167448711776e-07 0.0 4.4896994074800354e-08 1.487873049565175e-07 1.9353708016868352e-05 5.398873690632058e-08 1.2299660680886143e-07 0.00011922746106854928 6.714327816154187e-05 5.798265527403213e-05 3.02819950971477e-05 3.268010150874755e-06 1.6417725267380177e-06 9.342778479060979e-06 2.973564648319156e-07 2.7133190353696465e-06 6.973011129795996e-06 4.700762793383089e-07 5.72735206002102e-07 5.256301007850574e-07 9.488711773757928e-08 0.0 0.0 0.0 8.142486860824905e-08 1.861257434421192e-07 0.0 0.0 4.037551461474478e-08 1.4781594422988431e-05 1.1516548141435913e-06 0.0 1.1089712919372636e-06 0.00048352104677464334 2.064164960633547e-07 1.5901862028735783e-06 1.190558659594832e-06 2.0043313451050555e-06 6.491261019064658e-07 4.61332067893781e-06 5.120950421808988e-06 4.494231103585401e-06 2.985149203753875e-06 5.749587987653668e-06 1.1548147375347911e-06 1.0099067410032084e-05 7.584383473720589e-06 9.90348296478695e-06 1.1322960716524688e-05 5.044834069343033e-07 0.0 0.0 0.0 0.0 0.0 0.0 0.0 0.0 0.0 0.0 0.0 1.1135858089830873e-07 0.0 0.0 8.525532896241498e-08 0.0 1.1876099475143135e-07 0.0 7.875229750163964e-06 3.147505734616413e-06 0.0 1.8189857631975044e-07 0.0 6.792108778983756e-06 1.392797313079398e-07 2.5005734236132926e-06 4.857206176156136e-07 1.07987051795488e-06 0.0 0.0 0.0 0.0 0.0 0.0 0.0 1.5513084510666536e-07 3.1347194450558637e-07 0.0 0.0 0.0 0.0 2.405270315474461e-07 0.0 0.0 0.0 3.727757502766649e-08 5.536713431867639e-07 0.0 0.0 6.388052416039568e-08 2.901867133364399e-06 1.7747124241573216e-06 0.0 0.0 0.0 0.0 3.523318098553737e-08 0.0 0.0 0.0 1.439152352712668e-05 9.381223350596528e-08 0.0 0.0 0.0 3.0618608476063738e-06 1.8924239020505263e-07 6.611813818645512e-07 2.817787513276725e-07 1.2645939103969525e-06 7.502224126996248e-07 6.821881334034463e-07 1.3423000536421977e-07 0.0 0.0 0.0 0.0 0.0 0.0 1.034456669753856e-07 0.0 8.59358753066461e-06 1.8988344121966885e-06 3.4991669684269774e-06 0.00015659816861992435 3.910669347534587e-06 9.095430238647756e-05 9.354723929267785e-06 0.00021225933951154154 6.745447591402114e-06 7.266875967345055e-07 1.1503605817614356e-05 1.2480765091344001e-05 0.0 1.0409857281592676e-06 6.337143396810695e-07 1.1478525044414483e-05 0.0 0.0 3.4188124668405736e-07 3.665132821544698e-07 5.195582055032456e-07 4.054864838413973e-05 8.212617923374705e-06
0.00021900040743846714 0.0011194704584390734 0.0 4.2911864587243964e-06 0.0007801264347637945 1.7564383760919479e-06 3.0158126662339852e-05 0.0006429418641974221 0.00042003847123408893 6.551616413031679e-06 0.0008975358253968654 8.432133135770854e-06 6.0921132500358696e-05 0.0007659095162518395 2.2601948379355324e-06 4.200827539267171e-06 3.529702117723506e-07 4.383096513760665e-08 8.653384914067163e-08 1.9375416108376693e-07 8.552835504824398e-07 0.0 1.9193840234097267e-07 2.854433515939603e-07 0.0 0.0 0.0 5.28847464716048e-08 1.1113729624241138e-07 0.0 0.002258769379199395 0.00024708102859190544 9.48749197372416e-05 1.5829027183276804e-06 3.663951703091424e-07 5.171512068583697e-07 3.200639126942696e-05 1.6901683033298916e-06 3.8013712330866323e-06 5.00185960886486e-07 5.354561165529915e-07 5.263216181844547e-07 3.5717566567371907e-07 3.673981081233095e-07 1.479848993392386e-07 1.5551537983464524e-06 2.6808598755084814e-05 5.787512533292543e-07 1.3636674003257096e-07 6.15339607015842e-07 4.365677768588032e-07 1.4738679405994538e-07 5.2086359770587224e-08 4.8301729391810006e-08 2.5231998798260193e-06 2.682177969310313e-06 2.9328668939697334e-05 0.00020189427432184152 1.839885845403546e-05 2.7152435916145256e-05 1.6118923533170183e-06 2.6200786014796568e-05 3.890890068772424e-07 0.00017533337655272624 4.7120625268545e-07 2.9610758497529146e-07 1.1887105573695488e-07 2.0324323273616902e-07 2.491406080211939e-07 2.5352272748886184e-06 4.222000269767885e-05 1.01762481662819e-06 5.023594520288446e-08 7.43831489429051e-05 3.961446926055334e-05 3.482465774372561e-05 2.1719462898376195e-05 3.4676061649946254e-06 1.343895066732856e-05 0.00022864884903283104 1.511159884718324e-06 6.186806796052925e-05 3.432072457658252e-06 1.8256106242291262e-07 2.0660215110507116e-07 2.9430544625502954e-07 1.5221368184448067e-07 0.0 0.0 3.335443208114605e-08 8.181106594299667e-07 1.2623177251966092e-07 1.2517875164846353e-06 8.2661437684105e-07 6.58380848594453e-07 1.7950019821768676e-05 2.8291342752334004e-06 0.0 3.060091391077913e-06 0.00025041449072182154 1.0373982038024133e-06 6.834529879636863e-07 8.478166418167373e-07 9.036984608936296e-07 1.78243801554653e-06 1.4420338182931272e-06 1.5149953214939218e-06 3.830444060293944e-06 1.7319022442091754e-06 4.504396225997553e-06 9.800251420719598e-07 7.96075739815652e-06 7.301338903813868e-06 7.750202939279061e-06 1.1411555009317968e-05 1.8746705511593404e-07 2.0765099380149406e-07 0.0 0.0 0.0 0.0 5.449371340887694e-08 0.0 0.0 0.0 0.0 0.0 5.351612603263134e-07 0.0 5.848571986673974e-07 0.0 0.0 0.0 1.0778618772861036e-07 9.219207730656657e-06 3.1071740437757467e-06 0.0 5.012938106532679e-07 3.4118803899492006e-07 9.649108737720104e-06 7.080351322037848e-07 1.0080161597449528e-05 1.0618664602931251e-06 2.0674594916649393e-06 0.0 0.0 0.0 4.7213050572095083e-07 1.9177021688339381e-07 1.219492003701948e-07 0.0 1.252000281298604e-07 2.2105341514174732e-07 0.0 0.0 0.0 6.40185416914519e-08 6.425973528989836e-08 0.0 0.0 0.0 3.4409311619693795e-07 9.377531353957804e-07 0.0 9.388422877571679e-08 7.732545351932242e-07 6.9183512631854134e-06 2.3292890331171847e-06 0.0 0.0 0.0 0.0 0.0 0.0 0.0 0.0 2.1772085151644536e-05 8.622108040229352e-08 6.207684496412756e-08 0.0 0.0 3.3745789261445676e-06 0.0 3.2955032769320916e-06 1.4906541461316687e-07 2.4020032036132496e-06 1.4519622056938352e-06 1.012907348235577e-06 6.871030530409346e-07 0.0 3.1566780348982776e-07 0.0 0.0 0.0 1.029558444577272e-07 0.0 4.73981473948106e-08 7.975036148421425e-06 7.546422868567251e-06 7.466811664566341e-06 8.191731095124592e-05 1.3653877798289337e-06 5.4619483676931555e-05 6.932927944115368e-06 2.4796535503615973e-05 4.945081447702513e-06 1.6443967780952487e-07 5.802429630108483e-06 5.172224204912468e-06 2.0630558504773052e-07 1.2361380682562655e-06 8.419168076086719e-08 6.175212216450975e-06 0.0 1.0494663123756959e-07 0.0 7.50280397128407e-07 0.0 1.2599348100865542e-05 5.185589123966863e-06
0.0006010168024786566 0.0004482537359602182 4.2911864587243964e-06 0.0 2.5663285683326562e-05 0.0003580279815216018 0.00036121524290348033 1.5345085017527348e-07 5.511301407474136e-06 0.0009022075827857353 1.3308907607355894e-06 0.0004866891522331667 0.0005979409242243308 1.1890541431187366e-05 6.644396742563647e-08 0.0 0.0 0.0 0.0 0.0 0.0 0.0 0.0 0.0 0.0 0.0 0.0 0.0 0.0 0.0 3.972481394769396e-05 7.98082706153108e-07 1.302775171639868e-06 3.6225625324668754e-08 4.3262480639024136e-08 0.0 1.8331559994665343e-06 0.0 4.631946571071633e-08 0.0 0.0 0.0 0.0 0.0 0.0 0.0 4.56055294676309e-06 8.817099408725758e-08 0.0 0.0 0.0 0.0 0.0 0.0 2.410359422889358e-07 7.711565404024492e-07 7.707471362689072e-06 3.737188996441444e-05 5.382897453053881e-06 6.749839263775115e-06 0.0 7.528954675091865e-08 0.0 1.3078079546272944e-05 5.201197725154917e-08 3.391391147157411e-08 0.0 0.0 4.481732573640078e-08 3.651716936509288e-08 5.086887123246656e-06 0.0 0.0 2.112270144502209e-05 7.944750191474022e-06 3.849099983567834e-06 1.4574716285673554e-06 4.253071871106847e-08 1.6033943874506007e-07 2.2429856952043458e-07 0.0 5.402489412539146e-08 6.038207774717796e-07 1.747139004452086e-07 0.0 0.0 0.0 0.0 0.0 0.0 0.0 0.0 0.0 0.0 0.0 2.446855950527332e-06 1.2275597729169251e-06 0.0 1.4640168082332962e-07 0.00022883931873297181 4.760519681481917e-07 1.7697867374718914e-06 2.9321298815589164e-05 1.6596064959820873e-05 1.2476515142763569e-07 2.8821092239030122e-05 3.178359039432112e-06 2.150598235906255e-06 1.5073410375340156e-05 7.837857619872267e-06 9.561901319516761e-08 1.2360294832617061e-05 5.8150124661043285e-06 1.2175666366716534e-06 9.981157008811229e-07 0.0 0.0 0.0 0.0 0.0 0.0 0.0 0.0 0.0 0.0 0.0 0.0 0.0 0.0 0.0 0.0 0.0 0.0 0.0 1.348186407871004e-06 3.0035051185113567e-07 0.0 0.0 0.0 8.669158346187877e-07 0.0 0.0 0.0 1.2641371478622512e-07 0.0 0.0 0.0 0.0 0.0 0.0 0.0 5.590600422450687e-08 1.2322909492662185e-07 0.0 0.0 0.0 0.0 0.0 0.0 0.0 0.0 0.0 1.430201861760453e-07 0.0 0.0 0.0 0.0 5.586819058662677e-07 0.0 0.0 0.0 0.0 0.0 0.0 0.0 0.0 1.505071562034873e-06 0.0 0.0 0.0 0.0 1.497410810681197e-07 0.0 8.261647076609818e-08 5.166980919624142e-08 7.741856210377333e-07 2.3074730822338456e-07 1.3382345648504305e-07 3.729360835404787e-07 0.0 0.0 0.0 0.0 0.0 0.0 0.0 0.0 1.6068946029686105e-06 0.0 6.875485078955232e-08 3.627522537244948e-05 9.060206063421737e-08 8.829382838716948e-06 1.263318311586513e-06 0.00024546353372602 7.129540153915891e-07 0.0 7.828887340154172e-07 4.348889563368147e-06 0.0 7.132562776276503e-07 7.371714413525602e-08 4.754037996784721e-06 4.468962255526323e-08 0.0 0.0 0.0 0.0 2.3897398906754225e-05 2.0066767996165515e-06
4.643846166876896e-05 0.001162657371692006 0.0007801264347637945 2.5663285683326562e-05 0.0 5.613113951676015e-06 0.0005033682132559313 7.843914783578775e-05 0.00051219348383466 0.00016784795651120568 0.0003426408655118716 9.030324049897264e-06 0.0003719387447964209 0.0012342938732317933 1.6949844794324306e-06 4.254638362593649e-06 2.5530332625096386e-07 0.0 1.480346863513028e-07 0.0 3.371490672341088e-08 0.0 0.0 0.0 8.778092797566485e-08 0.0 0.0 5.910584320541419e-08 0.0 0.0 4.742160447698861e-05 1.4397713576592483e-05 1.8310664417944517e-05 3.619634162486007e-07 0.0 0.0 1.0430311959750528e-05 8.33960792925779e-07 1.2083313559986534e-06 3.809283857152548e-08 1.0246258273782241e-07 0.0 4.995038719818834e-08 5.989701604944726e-08 1.2016036901771564e-07 2.3566910300854542e-07 2.980908737080092e-05 1.6474539553193395e-07 1.680470589998032e-07 0.0 5.9495515241749536e-08 0.0 2.092908744771396e-07 9.420772873701319e-08 1.116580800480197e-06 1.7030570947960279e-06 4.646917998163963e-06 2.5392443157099918e-05 4.958913647192799e-06 1.8199085780211567e-05 3.8127613596057225e-07 5.259634122432168e-06 7.693928061072713e-07 6.759478826254674e-05 3.0294667639002136e-07 2.5818312727056335e-07 0.0 5.688757078380608e-08 0.0 1.0604379863373797e-07 2.9650927692577314e-05 0.0 6.384275155845149e-08 2.87056403072423e-05 2.2715549916116365e-05 2.6852891146523805e-05 2.672776557581985e-05 4.345111557361878e-06 1.3500923772795382e-06 9.61780453264626e-06 2.7291511619059703e-07 3.029499107382703e-06 1.5270308781482159e-06 5.028238420367101e-08 1.621043389819085e-07 1.532379225202891e-07 4.1563889263667654e-08 4.398369372599884e-08 3.9389658823098576e-08 6.203486064215977e-07 3.733612614318231e-08 0.0 4.653362183832122e-07 0.0 5.011066509605688e-08 2.1988767966040685e-05 1.0779252159274737e-06 0.0 2.1199751589750225e-06 1.4947035348322383e-05 4.937356263415844e-07 1.8232176950479852e-06 2.286432140595346e-06 2.2953129619731923e-06 2.010577877605478e-06 6.056514234658887e-06 4.251510284391431e-06 7.365230406715524e-06 4.087920786496299e-06 1.025786526870889e-05 2.254313180041612e-06 1.7916020252666154e-05 1.20982699503395e-05 1.6388729607273272e-05 1.9311720783303176e-05 1.9192557372577537e-07 0.0 0.0 0.0 0.0 0.0 0.0 0.0 0.0 0.0 1.1997807827137833e-07 6.868413219336195e-08 9.502014256310176e-08 0.0 0.0 0.0 1.2918262433112226e-07 1.4965449524338374e-07 8.314753439932991e-08 1.212644655922053e-05 3.3543545084393867e-06 0.0 2.036465117677555e-07 0.0 1.1276458500855968e-05 1.7160247827341496e-06 9.589437217395214e-06 1.0820136522751385e-06 1.7771883208358353e-06 0.0 0.0 0.0 0.0 1.1153722400589987e-07 0.0 0.0 7.705984028219884e-08 2.736883341842664e-07 0.0 4.758408252307368e-08 0.0 0.0 0.0 0.0 0.0 0.0 1.0739901693027237e-07 8.349291172537018e-07 4.3648791636800535e-07 0.0 4.2194684551130755e-07 8.94070329853354e-06 3.007690272651739e-06 1.1185584525037329e-07 0.0 0.0 0.0 0.0 0.0 0.0 3.360751307372048e-08 3.207867154678053e-05 7.218322345700085e-07 0.0 0.0 0.0 6.326390949194471e-06 1.4656035310878578e-07 3.389729325283343e-06 1.4997246186697506e-07 1.8697167222896198e-06 7.411931649930145e-07 1.5320590537119508e-06 6.104672833311754e-07 0.0 0.0 0.0 0.0 0.0 0.0 1.2515004245175732e-07 0.0 1.7776971149831577e-05 6.929431148258686e-06 4.851944805744636e-06 0.0001218748486606769 1.8498541926867177e-06 5.3072392684405896e-05 7.696826012351895e-06 6.957037544246596e-05 6.894972256760701e-06 3.074869509600804e-07 9.245419219758705e-06 1.670966764298266e-05 0.0 1.869007136051148e-06 3.52356125275801e-07 1.8315823253882234e-05 1.703116010675418e-07 0.0 0.0 1.8703748703081308e-07 0.0 3.966644267379561e-05 8.735050341193896e-06
9.774402237895563e-05 5.580394989070841e-05 1.7564383760919479e-06 0.0003580279815216018 5.613113951676015e-06 0.0 2.623955462404129e-05 7.69484501883072e-07 1.8907863890832452e-06 0.0003693460785124474 1.836728079981483e-06 7.291870518832701e-05 3.461022680887984e-05 6.3863735544816415e-06 1.6286709932556557e-07 3.9523247078534543e-07 0.0 0.0 0.0 5.3891550131478697e-08 1.8682649392709225e-07 6.32883495508852e-08 0.0 7.489074584725711e-08 0.0 0.0 0.0 7.384471378676089e-08 0.0 0.0 1.3761506525269645e-05 3.072210836909727e-07 3.97741131076168e-06 1.814476141820194e-07 0.0 0.0 7.930383103215054e-06 1.3623894240364445e-07 2.5545300385009054e-06 6.928442279908251e-08 2.854552976108538e-07 3.2556380832620304e-08 0.0 0.0 0.0 0.0 1.0514195382469145e-06 0.0 0.0 0.0 1.822612200043411e-07 1.049638894540692e-06 1.3092238386927713e-06 0.0 3.309187471851842e-07 4.2289851446016983e-07 2.1807612231351583e-05 1.827971553848003e-05 2.0363507576892236e-06 2.8965887362963207e-06 8.143043646824938e-07 6.906479684176861e-07 8.582224302224452e-07 3.1095359224320615e-06 0.0 0.0 3.8085611687259736e-08 0.0 0.0 2.2699270898467697e-07 3.3690346956783126e-05 3.9173443792317056e-05 4.346901453694599e-06 7.839596621874017e-06 1.8076436031279259e-06 1.857578738636607e-06 2.869602775324788e-07 0.0 0.0 5.576740046579498e-07 3.0291076017565336e-07 3.9572135208193454e-07 6.849008334866298e-07 0.0 4.2407809569425833e-08 1.25397909275017e-07 0.0 2.7286995386337165e-07 5.234046633587696e-07 1.789763721510914e-06 2.2016658948523794e-07 7.43178099266762e-07 0.0 2.1075757373285227e-07 1.767938915333155e-07 0.00010644484742083138 6.06099040002389e-05 7.288461403743741e-06 9.422056842539953e-06 0.0001870075958819076 0.0 0.0 0.0 0.0 1.1010725842645282e-07 0.0 0.0 0.0 0.0 0.0 9.555125830545845e-08 0.0 2.3445043667392822e-07 5.620909694974682e-08 1.40002172216171e-07 0.0 0.0 0.0 0.0 0.0 0.0 0.0 0.0 0.0 0.0 0.0 0.0 0.0 0.0 0.0 0.0 0.0 0.0 0.0 1.1651145034121586e-07 4.9893646874764346e-08 0.0 0.0 0.0 4.7073657360140286e-08 0.0 0.0 0.0 6.158422483782367e-08 0.0 7.649733530570368e-08 0.0 0.0 0.0 0.0 0.0 0.0 1.4056091230838893e-07 0.0 0.0 0.0 0.0 0.0 0.0 0.0 0.0 0.0 0.0 0.0 0.0 0.0 0.0 0.0 0.0 0.0 0.0 0.0 0.0 0.0 0.0 0.0 4.6729851124217075e-07 0.0 0.0 3.5077276997343906e-08 4.648671646086646e-08 0.0 0.0 0.0 0.0 0.0 0.0 0.0 0.0 0.0 0.0 0.0 0.0 0.0 0.0 6.045817270233448e-08 0.0 6.241801643242076e-08 5.0971898658577866e-08 9.604647086072833e-08 5.895777818829534e-06 1.2434566320137117e-07 3.6639138881508157e-06 5.941257900985186e-07 8.614619862572941e-05 4.795499071488053e-07 0.0 3.171323043918318e-07 9.609917012151289e-07 0.0 0.0 0.0 6.836759922207067e-07 0.0 0.0 0.0 0.0 0.0 1.909203683178999e-05 1.3158280970791183e-07
0.00016932779865550497 0.0010120995758832359 3.0158126662339852e-05 0.00036121524290348033 0.0005033682132559313 2.623955462404129e-05 0.0 2.845224622024746e-06 0.0004287960865394713 0.0010637323480401704 2.8629266880922076e-05 0.00010077501878342085 0.0008574554838192518 0.0005794483624481175 9.23346216224432e-07 1.547893290667835e-06 2.5638820892092656e-07 0.0 0.0 0.0 0.0 0.0 0.0 0.0 0.0 0.0 0.0 0.0 0.0 0.0 3.4993474757385133e-05 4.483555842610507e-06 1.1914039233389674e-05 1.1068769545556953e-07 0.0 5.658503823165925e-08 1.26927340882431e-05 1.4436855212264945e-07 3.678004361633657e-07 5.95392738794217e-08 6.803123091236925e-08 1.283237715042472e-07 0.0 0.0 3.5826039527312727e-08 2.2282666586586812e-07 1.2700454139780966e-05 1.484184081769335e-07 4.1442276336508e-08 3.9489320781375334e-08 0.0 0.0 1.9259881710641832e-07 0.0 7.673413187105092e-07 1.352626655718912e-06 4.698630051576436e-06 2.2353036797451904e-05 3.015964621978918e-06 1.005705553862127e-05 9.295882933946721e-08 3.366010228654678e-06 1.3681433787492273e-07 3.4256364462833874e-05 5.971254649032327e-08 7.230245629987866e-08 4.7654172552944405e-08 0.0 0.0 3.25701148438635e-08 2.6869287810292498e-05 6.483483634462076e-07 4.594918152568066e-08 1.964038876477053e-05 1.2326565322311382e-05 1.3605517117193112e-05 1.0472319665688167e-05 2.345356999039367e-06 5.632965662121853e-07 5.251860727434464e-06 4.883669469577196e-08 1.793923433371042e-06 1.623511567833466e-06 1.478270673134222e-07 0.0 1.650794606183128e-07 0.0 0.0 0.0 0.0 0.0 0.0 4.86692648205048e-08 3.80821040917869e-08 1.2419525346903904e-07 3.001511431858711e-05 1.4539772036758554e-06 0.0 7.57521458332959e-07 2.242911450123125e-05 6.891036005112433e-07 3.704181344724527e-06 9.811287719766674e-06 8.472154848968144e-06 2.1993911100847687e-06 1.4881172192460198e-05 5.479907317416584e-06 1.6844367636828854e-05 3.470258451712441e-05 1.811993235813011e-05 1.8783233877906723e-06 8.851481038675552e-05 5.945328447944574e-05 2.2011510319460927e-05 1.6116636519042314e-05 1.7290134641359838e-07 0.0 0.0 1.0468189082828883e-07 0.0 0.0 0.0 0.0 0.0 0.0 0.0 5.740992567953145e-08 1.3319180921338707e-07 0.0 0.0 0.0 0.0 0.0 0.0 9.415470864685998e-06 4.302166522255196e-06 0.0 2.4784866322962344e-07 0.0 8.512844601147226e-06 1.7767080929108071e-06 6.245294586280336e-06 6.071915213552236e-07 1.1552998474334623e-06 0.0 0.0 0.0 1.0354104621495598e-07 0.0 0.0 0.0 4.69406423050787e-08 4.6865419526400956e-07 0.0 0.0 0.0 0.0 8.264178928718061e-08 0.0 1.537863254648462e-07 0.0 0.0 1.2909260060686807e-06 4.314970997900352e-07 0.0 0.0 4.303147489559559e-06 3.100050472363843e-06 0.0 0.0 0.0 0.0 0.0 0.0 0.0 0.0 2.6266552263970454e-05 4.932323108173856e-08 0.0 0.0 0.0 6.128925546920773e-06 0.0 1.9926794255990643e-06 2.2963160626283747e-07 2.9803543012015947e-06 1.7266208638936942e-06 9.096798979913578e-07 4.908910022381427e-07 0.0 0.0 0.0 0.0 0.0 0.0 0.0 6.47200217041742e-08 1.6062223890688666e-05 2.3998209353401584e-06 4.092305407853328e-06 0.00010040306021169839 7.819315968652562e-07 2.8683027360320216e-05 4.9406547091452466e-06 0.0001306607243012768 1.8593534256184836e-06 1.7557116785195728e-06 4.6835973180986016e-06 2.0971714284962808e-05 3.9227391008021256e-08 1.9406413677304803e-06 3.95599276686291e-07 2.4448064823591614e-05 2.6872569561561e-07 0.0 4.053759548833636e-07 4.5003675132207156e-07 4.375745479504742e-07 5.790769919636952e-05 9.929145070641522e-06
6.1512973458398966e-06 2.1912330318480786e-05 0.0006429418641974221 1.5345085017527348e-07 7.843914783578775e-05 7.69484501883072e-07 2.845224622024746e-06 0.0 0.00014308822915105169 6.532046440340315e-07 0.0019320325234850348 9.46915428771563e-06 3.454076838068528e-05 0.0006707578773345821 7.459434145847658e-06 3.442932214572518e-05 3.1443476415582274e-06 4.293857500819007e-06 1.1081333250990303e-06 6.6129722240339475e-06 1.5619086348427412e-05 0.0 6.767066996436624e-06 6.842119534603191e-06 1.7285564377988373e-06 1.30991474055313e-06 6.88725203586818e-07 6.968201346831722e-07 4.884259800826412e-07 8.344084689318183e-08 0.00040409574346763185 0.00043052360404507794 0.00018481150947064723 2.4259470941216958e-05 6.434710822296665e-06 4.700172071315436e-06 4.167756257097784e-05 1.8478345638319007e-05 8.234552305271758e-06 2.0563519529304234e-06 7.581595036281122e-06 3.971364880557864e-06 5.428083919831386e-06 3.9464314814081135e-05 6.102121665002258e-06 5.542120996057583e-05 6.621370159595715e-05 3.8047120761028196e-06 2.5135005836794892e-06 9.42493179089729e-06 4.424557855523263e-06 8.787852348145551e-07 7.51926921717483e-07 2.4890976134086925e-07 1.8617981089311558e-06 2.5518749483121683e-06 9.328974462465238e-06 6.139618726595328e-05 8.064168765928823e-06 2.7879293230671297e-05 5.808549903176213e-05 0.00014261991695448836 1.3871511607472539e-05 0.00025249299849437545 2.5927089548331984e-07 4.168596824181352e-07 7.013853174149547e-07 1.4093577753687126e-06 6.295572339285527e-06 3.333611364261986e-05 6.188257915983007e-05 4.748625858390653e-06 3.0222761606127093e-07 5.006997072407817e-05 5.044076401037929e-05 7.632730793060132e-05 0.00010625152661225793 0.0001591218637025352 0.000594361245554115 0.0013891275794292236 5.253674467600033e-05 0.0008377263981197391 2.9832830685145398e-06 1.2653781266728056e-07 1.4500346565939334e-06 3.4279820118524564e-07 3.2815481634149345e-06 0.0 2.306274474655512e-07 1.967242444191532e-07 9.22367169792688e-06 2.0071805710955936e-06 1.8054159829806664e-05 1.12358942828157e-05 5.113954091109737e-06 2.4615302520405957e-05 6.172764859288831e-06 2.56252379973118e-07 6.662882923619852e-06 1.9225985421824946e-05 1.117536341788407e-06 6.687350001141613e-07 7.179964037191531e-07 8.520937392512642e-07 2.038550788660281e-06 1.6201261194063267e-06 1.104353573437076e-06 4.219173139674734e-06 1.6491006232085086e-06 2.797987742601178e-06 2.122532485931723e-06 8.323554713474786e-06 7.239104728374249e-06 9.352616313829815e-06 1.2005557007676544e-05 2.923688953037935e-07 1.191090022855532e-07 0.0 1.8761302905900524e-07 0.0 0.0 0.0 0.0 4.131313689761418e-08 0.0 2.9001796282053746e-07 1.231578063868774e-07 6.290292277982273e-07 1.926133816068403e-07 2.6884341989932064e-07 7.475040294650019e-08 1.5260342227404245e-07 1.1913487120926788e-07 0.0 8.5834700587904e-06 5.689444143706639e-06 1.4233215357437903e-07 5.216355227418787e-07 0.0 1.4433170208019422e-05 2.6000097265812967e-06 1.0795035671254308e-05 2.2131021705152485e-06 3.981178881915678e-06 0.0 5.570104600881872e-08 0.0 1.6278579280655052e-07 0.0 0.0 0.0 8.08731300283315e-07 8.297433408983923e-07 1.1347094152346706e-07 0.0 2.323568776724139e-07 4.840233126842793e-07 1.7865062758923805e-07 8.136908253317561e-08 0.0 0.0 1.0721179438094112e-06 1.0270132688171443e-06 0.0 0.0 7.804136320010591e-07 8.411663743298848e-06 6.015639768659155e-06 0.0 0.0 0.0 0.0 0.0 0.0 0.0 6.092807325016257e-08 2.8868359517614456e-05 4.064948224732511e-07 4.4529816896339566e-08 0.0 5.096309873010285e-07 4.3264279087766985e-06 7.258079393394964e-08 2.8322277073811707e-06 3.0749331478696424e-07 1.93858599820391e-06 9.083241260353709e-07 1.3097061770373594e-06 9.808446069140176e-07 0.0 0.0 1.2083043048491665e-07 0.0 9.888949260857789e-08 1.6293742710331881e-07 1.7513177328859985e-07 3.114309538406802e-07 1.1766425833029448e-05 8.565045754063246e-06 1.0164360951279041e-05 0.0002757853632463995 7.183260642817458e-06 0.00012603537730854076 3.6239629629199855e-05 2.1502961860148782e-05 1.2666716861958853e-05 4.57801808859785e-07 2.736757770250419e-05 6.953527531236048e-06 4.201986039103399e-08 3.0188901487556566e-06 6.172479017940768e-07 6.342280272009066e-06 4.13354949690357e-07 5.418572893953281e-08 4.965984495569128e-07 4.608199824038542e-06 6.957956888276846e-07 1.336246740148659e-05 4.0656650867075525e-06
1.3143358851958329e-05 0.00033904696232721923 0.00042003847123408893 5.511301407474136e-06 0.00051219348383466 1.8907863890832452e-06 0.0004287960865394713 0.00014308822915105169 0.0 0.00011439957029246233 0.0005628637730998353 1.5327311969386933e-05 0.0003495246968312055 0.0013208647041891267 8.38972039537548e-07 2.1617888528700337e-06 1.5900739598184477e-07 1.7323859667023954e-07 4.62790550843218e-08 0.0 0.0 0.0 0.0 5.0801563699595074e-08 0.0 0.0 0.0 0.0 0.0 0.0 1.7777177684348296e-05 7.383086132496303e-06 1.7708855241591177e-05 2.149443074310844e-07 6.812524228740983e-08 3.482810093232001e-08 1.0050021949897683e-05 1.8934370337122607e-07 4.591356135627873e-07 0.0 0.0 5.4126119357416556e-08 0.0 1.4043645617709946e-07 8.076439196321752e-08 2.4502707461622763e-07 9.641735045765287e-06 1.75230712232768e-07 4.8483788903905305e-08 0.0 0.0 0.0 2.0180958043613215e-07 0.0 2.1034236171165348e-07 4.819633217296902e-07 1.0745721549498969e-06 7.021317907259285e-06 1.3145706892385151e-06 4.7941279175697465e-06 3.271993704581188e-07 1.7117562377097546e-06 1.8942556029287327e-07 2.0439999544958072e-05 1.469775745881152e-07 0.0 4.430191763839456e-08 0.0 1.4738743565354625e-07 8.947361799262137e-08 1.605437734099318e-05 1.3848542865958975e-07 0.0 9.010777819425954e-06 7.944620042420835e-06 1.1055700941784736e-05 1.0675928362515313e-05 2.139872891548645e-06 5.565409438451557e-07 1.7046566706919387e-05 4.469958842540888e-08 7.70583958823918e-07 6.185689560455697e-07 0.0 3.425398864824346e-08 3.6527695408331674e-08 0.0 0.0 0.0 0.0 7.024981273190677e-08 0.0 1.2264522195207912e-07 1.9783542591311134e-07 0.0 8.346929723780982e-06 7.975278709884403e-07 0.0 8.410618890207301e-07 5.366236576480796e-06 6.335960291697031e-07 2.663062689444346e-07 1.0970360486053083e-06 1.8446573919946621e-06 1.9058225878178843e-06 2.971918273543814e-06 1.7110078041186369e-06 2.2478043562607803e-06 1.5824457799246828e-06 3.7219445898358116e-06 5.908564929108804e-07 7.826778666249602e-06 6.6966181789565535e-06 7.010970933771537e-06 5.461548298909347e-06 0.0 0.0 0.0 0.0 0.0 0.0 0.0 0.0 0.0 0.0 0.0 0.0 4.4537188383427004e-07 0.0 9.482116386950102e-08 0.0 0.0 0.0 5.663878879403954e-08 4.4539510007784285e-06 2.4660162445352e-06 0.0 0.0 0.0 3.7478252153058408e-06 7.479329526997017e-07 1.902052538223631e-06 2.611401312155885e-07 1.0153897227296855e-06 0.0 0.0 0.0 0.0 0.0 0.0 0.0 4.65017955388973e-08 1.8012099728143894e-07 0.0 0.0 0.0 5.777551027286116e-08 0.0 0.0 0.0 0.0 0.0 2.69330575081146e-07 0.0 0.0 4.1557368458044905e-07 2.1087496158702496e-06 1.9651458302925678e-06 0.0 0.0 0.0 0.0 0.0 0.0 0.0 0.0 1.1578918018807345e-05 2.365428069360297e-07 0.0 0.0 0.0 2.4048700913403244e-06 9.421615738797295e-08 7.829870346228049e-07 2.753488565870306e-07 4.7926319622972e-07 3.5217978148334804e-07 1.7872927524015277e-06 1.484207465739154e-07 0.0 0.0 0.0 0.0 8.39956104078024e-08 0.0 0.0 0.0 5.943201248920405e-06 1.7116568200130014e-06 2.3408870750448035e-06 4.8267777847779735e-05 6.145173999310839e-07 1.8303942940081608e-05 3.7755258692100894e-06 2.899864855871142e-05 1.9958141216601503e-06 4.673347922204135e-08 2.419586209774992e-06 6.388639594686723e-06 0.0 1.021450850963556e-06 2.3798471527554998e-07 9.356012008213647e-06 0.0 0.0 5.6996798023330456e-08 6.200998895682374e-07 0.0 1.450564990699416e-05 3.3370187633323266e-06
0.00045604163724268155 0.000540611873903144 6.551616413031679e-06 0.0009022075827857353 0.00016784795651120568 0.0003693460785124474 0.0010637323480401704 6.532046440340315e-07 0.00011439957029246233 0.0 7.388178076601692e-06 0.0012509039605291593 0.0012740007740229368 0.00016724648888411181 1.6892173997338026e-07 6.69770121826622e-07 0.0 0.0 0.0 0.0 0.0 1.8896928628121823e-07 0.0 2.1769293024227657e-07 0.0 0.0 0.0 0.0 0.0 0.0 2.353655550123945e-05 3.0633093607774806e-06 2.3088578503124077e-05 4.0178483499688826e-08 0.0 0.0 0.00013619334056200476 2.6315574473664666e-07 1.057350318761556e-06 7.696547717056487e-08 1.0203059157839149e-07 1.9651263251957369e-07 3.882291998020168e-08 0.0 0.0 0.0 3.539342416570138e-06 0.0 0.0 0.0 1.0334852579602807e-07 4.3381394964875717e-07 9.473544501033126e-07 0.0 3.013839172192938e-07 5.474391244115992e-07 1.0924267932783757e-05 2.264754874891227e-05 4.0381510372081404e-06 4.299337576484723e-06 0.0 1.2844996417212539e-06 6.49299433140133e-07 1.0512893175436778e-05 0.0 0.0 0.0 5.497446242515439e-08 0.0 1.5314959755350814e-07 0.00024037999580930409 5.969320325746182e-06 1.446813654794658e-06 1.5130570672256638e-05 5.741569282436647e-06 4.4104382628100424e-06 2.591363764286396e-06 3.5158265650696783e-07 1.5643685610515053e-07 2.316012894984414e-06 8.773601968042357e-08 1.344331788423786e-07 6.469613650970975e-07 1.0160443012731374e-07 7.32919011075054e-08 0.0 9.590053274268053e-08 1.9409888574301728e-07 2.325134427951301e-07 5.602123899477329e-07 0.0 2.10029599486916e-07 7.877705741290267e-08 1.9910533831529117e-07 2.1859514111792585e-07 6.559243856884054e-05 5.36880429041451e-05 1.2075595807763805e-06 4.836653760820814e-06 0.00035600258850194017 7.183438413097205e-07 7.878597875563883e-06 1.2193260354876359e-05 4.187087992732176e-05 2.5273876817613126e-06 3.107230216435391e-05 1.76074860059993e-05 2.4434698820016055e-05 5.263127788484539e-05 3.7407427925158134e-05 2.6140339074867476e-06 0.00015771861184970688 5.512362581143612e-05 4.042483997904382e-05 1.4293194692877483e-05 4.97899432024841e-08 0.0 5.909772720920409e-08 2.4520102464575347e-07 0.0 0.0 1.0913747504303172e-07 0.0 0.0 0.0 0.0 4.0019546109059525e-07 5.7852195363857654e-08 0.0 7.578144060629364e-08 0.0 4.7832532317168653e-08 0.0 0.0 9.535416472458895e-06 4.175513724290085e-06 0.0 1.0081624053068376e-07 1.8533359355199342e-07 8.323586268806764e-06 1.4108458621633947e-07 1.9461379489615216e-06 8.656560379004876e-07 9.007116896109797e-07 0.0 0.0 0.0 0.0 0.0 0.0 0.0 9.671637925737481e-08 2.0856209905340736e-07 0.0 0.0 0.0 0.0 4.526782540564794e-08 7.560148825693829e-08 1.8085372322820607e-07 0.0 3.295240855378871e-07 9.109178642431262e-07 1.8160845746389354e-06 0.0 0.0 3.3399150731740724e-06 2.1154773663690745e-06 0.0 0.0 0.0 0.0 0.0 0.0 0.0 0.0 3.148486457659253e-05 7.599887765467788e-07 0.0 0.0 0.0 3.4497924652231136e-06 0.0 8.829296298487696e-07 4.2286347758728524e-07 6.506078737265684e-07 6.898786814061294e-07 1.0880485012259349e-06 7.599450179091064e-08 0.0 0.0 1.0307122057399503e-07 0.0 0.0 0.0 0.0 0.0 1.98902565360894e-05 1.8635253114729273e-06 1.660578560116771e-06 0.00016747816207703767 5.401085788122359e-07 8.227503770999777e-06 1.1796425307035187e-06 0.00045172593124557397 7.774579307841573e-07 4.1762301270534634e-08 7.29784767711991e-07 4.461893494120445e-05 8.007674366634772e-08 1.0499653516948289e-06 7.264844460540891e-08 6.159841523381039e-05 1.5997817595228047e-07 0.0 1.1788274755961592e-07 8.063348797908027e-07 0.0 0.00017889647735946205 3.195148925496958e-05
8.585247699382613e-05 0.00029441499218419163 0.0008975358253968654 1.3308907607355894e-06 0.0003426408655118716 1.836728079981483e-06 2.8629266880922076e-05 0.0019320325234850348 0.0005628637730998353 7.388178076601692e-06 0.0 7.081715660408292e-05 0.0005194756905052301 0.0017164447456322037 8.631830349068188e-06 3.480653048055157e-05 9.592206716424588e-07 3.9223363624027103e-07 2.3176675811651847e-07 1.7175745830168675e-06 5.484340055036859e-06 0.0 1.7408136503865438e-06 2.107244088802813e-06 6.159543676741956e-07 9.985577035061838e-07 8.242930130293798e-08 5.581006481184332e-08 2.289087810498098e-07 2.5890583849488024e-07 0.00047286289873600505 0.00012709318536688308 0.0004603078154478241 3.122627776644466e-06 2.004740603658729e-06 1.187249391451541e-06 0.00010117856590994149 8.747542806939809e-06 1.056628193764895e-05 1.4599029068076353e-06 3.2861649830327168e-06 1.6643973187155664e-06 6.636191151226835e-07 1.440096602950548e-06 1.1973392292054286e-06 4.4068137279471965e-06 5.467997251585389e-05 1.2902169702328416e-06 6.810141213320863e-07 1.7607547410089404e-06 3.3348474314618325e-06 6.289530214598158e-07 6.485944129637348e-07 1.0971818890187466e-07 2.059836096040208e-06 3.0050420706379555e-06 1.1139844089409356e-05 6.734054488800626e-05 8.459283623162347e-06 2.52178709201961e-05 2.9332692482271935e-06 7.171436130724648e-05 1.640609359878287e-06 0.00013003978030576407 4.1933505149175884e-07 4.745079845465457e-07 5.679645732747645e-07 8.35617328980485e-07 2.84855826746805e-06 1.317361138741572e-05 7.972756563100681e-05 1.1753412057827131e-06 1.6131389892244496e-07 4.376182557654655e-05 3.4163447626935475e-05 5.887693877547634e-05 6.419487561573937e-05 2.0050438295879197e-05 6.821509564739366e-06 0.0007093914976566503 1.059534759333794e-06 0.00010366327511105431 3.1634460559802237e-06 3.2471198697437516e-08 5.518391830968934e-07 1.3042246976820916e-07 8.650969590989578e-07 5.4279561189456405e-08 2.510530519885025e-07 0.0 4.9146058851903575e-06 1.2002895045596955e-06 1.0344725119048854e-05 6.277087568432518e-06 2.7202454681914244e-06 3.502398892950205e-05 4.526698944501103e-06 1.338922665845323e-07 6.8029305610475346e-06 7.500327098862192e-05 7.753031403040129e-08 4.063416086186328e-07 1.193537637306482e-06 9.696181714404802e-07 2.13669510449805e-06 2.7405636725510445e-06 1.2442226394072168e-06 4.746549453061707e-06 1.4478591820480065e-06 6.448270267971296e-06 1.2732636898187732e-06 1.0837575479750855e-05 8.672139307303094e-06 1.1456112206302646e-05 1.2422376269697824e-05 0.0 3.517952682503822e-07 0.0 0.0 0.0 0.0 0.0 0.0 0.0 0.0 0.0 5.772919177442605e-08 4.802233557091278e-07 0.0 3.971627230461038e-08 0.0 6.062468089745415e-08 3.043246956855393e-07 0.0 7.736816479615141e-06 4.552190715396694e-06 4.25466608464812e-08 3.216511360569761e-07 0.0 1.0254976094560441e-05 1.8045310436744804e-06 7.024456726454884e-06 1.3066957840370084e-06 2.644442027763943e-06 0.0 4.265872477649475e-08 6.021167048678428e-08 0.0 0.0 0.0 0.0 0.0 7.53442232273128e-07 0.0 6.501798819424771e-08 1.2174863234828327e-07 3.787133049775495e-07 3.28706249105984e-07 1.0145703946740812e-07 7.24745499418283e-08 0.0 5.575527206696411e-08 7.143182322826376e-07 3.1585197993512394e-07 0.0 2.8228653195251495e-07 5.837692089908601e-06 3.0013473284997076e-06 0.0 0.0 0.0 0.0 0.0 6.727563557339208e-08 0.0 0.0 2.3884697870978915e-05 3.663990524389508e-07 8.972498264089294e-08 6.19343199937636e-08 3.38861187441029e-07 4.149577583061068e-06 8.177993041516025e-08 2.816988224436482e-06 4.0520181595825983e-07 1.2500835187875658e-06 1.2742653151343558e-06 1.3182757831801153e-06 5.891731792795934e-07 0.0 0.0 5.443989119644986e-08 0.0 6.11427042221685e-08 6.201821568492433e-08 5.5246856362161436e-08 4.074691588914642e-08 1.3821714362478922e-05 5.610847543450242e-06 5.64528383261528e-06 0.0001940864558342759 5.32186421707594e-06 9.910713690472252e-05 2.373691360805481e-05 2.2574963857898366e-05 9.604578357393849e-06 6.888981114338448e-07 1.774614720525097e-05 5.102409770433116e-06 2.93098169021033e-07 1.8260240677968976e-06 3.1521479932576296e-07 4.251522777554136e-06 5.888751281121919e-07 4.954457761722175e-08 6.030208633220369e-08 1.6798005838967765e-06 7.861616137053951e-07 2.2051947146974816e-05 6.300464894337954e-06
