0.0 0.000583358963273644 0.00012140179716413096 0.0003989076096013019 7.571145652447406e-05 2.3119086726802897e-05 9.560049813889369e-05 1.2545600553669387e-05 6.688903622698009e-06 0.0002662071476416509 3.488105117131393e-05 0.00012494710933289835 0.00012638262753529038 3.0788979807625155e-05 1.4783545882141252e-06 4.6664963619938734e-07 3.346421043976998e-08 0.0 4.141887487950225e-08 9.303387682529248e-08 0.0 0.0 0.0 0.0 2.1946316349048533e-07 1.8843246251838635e-07 8.871157947268924e-08 4.0063126808789416e-08 0.0 0.0 0.00028625423415272423 1.0780551289359254e-06 1.7697669536934723e-06 4.056932363896586e-08 0.0 1.1152648906163394e-07 9.522972322078881e-08 4.208172565887151e-08 0.0 0.0 6.169663693049307e-08 1.8683747111172053e-07 0.0 8.436745942981487e-08 1.9000342029883733e-07 1.3190319855867685e-07 1.3650791954288704e-05 2.7243719515226758e-06 1.8229262531872637e-07 7.864919432249166e-08 1.5826355356021733e-07 0.0 8.643581329704227e-08 4.0536955106745934e-08 2.0385283413465223e-06 3.890738408858184e-06 0.00014148903289951383 0.0004868932229427381 3.3649930223636634e-05 2.52052840403566e-05 6.851466206824634e-07 5.792002866906434e-07 0.0 4.865036704059121e-06 3.0730797652253955e-06 1.8997518911935746e-06 1.1492423463644076e-06 7.24965010857404e-07 3.225725728306067e-07 2.881530123111779e-07 1.3032851730409439e-06 3.0296501820646084e-07 8.749874673138275e-08 0.00017109832450073497 2.9899313144657346e-05 2.90640249098962e-05 2.274379463722961e-06 3.4467029349974344e-07 5.676194758846871e-07 1.3588204023503723e-05 2.043709743189623e-07 1.2987807296835503e-06 1.4278448277715581e-05 8.553028990182023e-08 3.525351401896917e-06 1.886326618722498e-06 9.006857849597577e-07 4.8594730862168274e-08 5.924142374025479e-07 0.0 2.0172284998007283e-07 0.0 1.8879881854596313e-07 1.7324059847780219e-07 3.947209740562785e-08 5.9885757769843894e-06 1.1799469862435934e-07 0.0 0.0 0.0005956106372764963 5.997643918215815e-08 4.838320771790651e-07 9.60485091264168e-07 3.0912422707502164e-07 0.0 5.174464915117899e-07 1.0261541709135625e-06 1.057332915009777e-06 2.204925795659226e-06 3.2479535896098952e-06 9.289331934977754e-07 1.243653457114414e-06 2.6641745728308215e-06 1.0106671057157982e-06 1.0227391492214593e-06 0.0 0.0 0.0 0.0 0.0 0.0 0.0 0.0 0.0 0.0 0.0 0.0 4.948592509912163e-07 0.0 0.0 0.0 0.0 0.0 0.0 5.4517330167739804e-08 0.0 0.0 8.760821851919619e-08 0.0 3.9574189254095897e-07 5.596797504918743e-07 1.2621126114757044e-06 1.9624536547210596e-07 8.951324979575384e-08 0.0 0.0 0.0 0.0 0.0 0.0 0.0 0.0 0.0 0.0 0.0 0.0 5.0655427079295624e-08 0.0 0.0 0.0 0.0 0.0 0.0 3.698609164691041e-07 0.0 0.0 5.945459200719366e-07 0.0 0.0 0.0 0.0 0.0 0.0 0.0 0.0 0.0 1.0874385059158785e-06 0.0 0.0 0.0 0.0 4.7612816584230563e-07 0.0 0.0 3.65802469417001e-08 0.0 0.0 0.0 0.0 0.0 3.560586919613977e-08 0.0 0.0 4.372933519097934e-08 9.679728755498577e-08 0.0 0.0 4.06366223790742e-06 4.882533757281889e-07 2.111578704103027e-07 0.00011665889076275436 2.7656162484633735e-06 6.955364117623003e-05 1.1755183615055925e-05 0.00052991824428225 1.0367658421362966e-05 3.0291115307014624e-07 1.203528868436408e-06 1.2913685153317519e-05 1.6459240965792548e-07 0.0 0.0 9.229170493849237e-06 0.0 0.0 0.0 3.806176465899342e-07 2.728428757393803e-07 0.00017045642527779153 5.190238205144582e-07
0.000583358963273644 0.0 0.0005389628559844387 0.00031557502390825945 0.0006423175353028095 1.1724108720448502e-05 0.0005193771370796778 0.00019020689191314816 0.00036339646300704464 0.00047924222145671446 0.00038286370887342746 0.00036390998539542567 0.00021025066277281248 0.0005244873977910018 1.0722947603698373e-05 2.9859250394101837e-06 2.458981778929781e-07 0.0 9.291496287181985e-08 0.0 0.0 0.0 0.0 1.8618797553212803e-07 0.0 4.0903775896708296e-07 0.0 1.511539396551133e-07 0.0 1.0671791480253524e-07 0.0007327936443946112 6.159514998979918e-06 4.868316729657532e-06 4.565277421136671e-08 0.0 1.457541783248117e-07 1.2853335915218278e-06 1.639831803460796e-07 0.0 0.0 2.0982919465896567e-07 2.2319863472657526e-07 1.038666889428118e-07 4.862919100429151e-07 2.6540796399801754e-07 4.150299149624498e-07 7.721543185765777e-05 5.797625879016582e-06 8.420996123992779e-07 5.171650683914064e-07 6.769090352759545e-07 0.0 4.4505814461070826e-08 0.0 3.861613151249569e-06 5.38389613772363e-06 6.0380814525140466e-05 0.0004651317189298945 4.012792479401044e-05 6.648179339682957e-05 5.226115782959735e-07 1.811593382543088e-06 1.8094036744511111e-07 4.8964164491078535e-05 5.5265941289016696e-06 3.916485037425335e-06 1.8373261829063382e-06 1.3943451069055073e-06 9.660069700758738e-07 1.3522833871710668e-07 1.4263994712195525e-06 0.0 5.499343031883786e-08 0.0002869776118477419 9.32579483676299e-05 0.00014559523554807932 1.8235155718921767e-05 1.5087979578153058e-06 6.855369673358802e-07 4.1683224887359325e-05 7.839239680015108e-07 3.2071091746557524e-06 2.355752493502798e-05 3.0797405663006516e-07 6.0014714586296534e-06 2.726935039036799e-06 1.4632166788939704e-06 4.3177317877962615e-08 8.846852128680804e-07 0.0 5.646564060498004e-07 4.278254218592925e-08 3.110584484394198e-07 4.832772505082205e-07 3.0504279990588916e-07 9.942996117832776e-06 4.080936964858402e-08 0.0 1.1093963427820405e-07 0.0002921978464730074 2.1321502626322841e-07 4.355049268999211e-07 4.5218597275795486e-07 2.2964646927831843e-07 0.0 9.415983519247817e-07 1.156439376448357e-06 4.2549098525543375e-07 1.4647107412539731e-06 2.15737705608368e-06 7.327717110070415e-07 2.0495383185920704e-06 2.379932530619234e-06 6.761833537821004e-07 4.775503638257259e-07 0.0 0.0 0.0 0.0 0.0 0.0 0.0 0.0 0.0 0.0 0.0 0.0 0.0 0.0 0.0 0.0 8.990567838398961e-08 0.0 0.0 1.2009625594775302e-07 0.0 0.0 1.1303778740525001e-07 3.364569782215116e-07 3.055572277244979e-07 0.0 1.513656799512684e-06 1.7029026750398525e-07 6.223934466233992e-08 0.0 0.0 0.0 0.0 0.0 0.0 0.0 0.0 0.0 0.0 0.0 0.0 0.0 0.0 8.500816859946565e-08 0.0 0.0 4.123236792002225e-08 0.0 1.3497449317050423e-07 2.730314252166689e-07 4.21542450744987e-07 4.000348385543157e-07 0.0 0.0 0.0 0.0 0.0 0.0 0.0 0.0 0.0 8.948156783618679e-07 7.151451119881011e-08 0.0 4.370051418969019e-08 0.0 4.349498422268268e-07 1.686605497112081e-07 3.606470398003511e-07 0.0 0.0 0.0 0.0 0.0 0.0 8.314608753072246e-08 0.0 0.0 5.7296000061517375e-08 0.0 0.0 0.0 3.943480031376934e-06 5.0047394611218364e-08 2.711665992906601e-07 0.00021598607198628113 4.500573914906072e-06 0.00021755763829012115 2.9549422057387714e-05 0.0002921809963174249 3.6489692986080475e-05 6.259129771433772e-07 9.844280823638097e-06 9.24817290778052e-06 1.4602377992545722e-07 1.666493791758932e-07 0.0 6.007607492087814e-06 7.167400675611213e-08 0.0 0.0 3.5106775132058724e-06 1.4872481550901101e-06 6.488341122426647e-05 6.468282197525356e-07
0.00012140179716413096 0.0005389628559844387 0.0 6.056358246227007e-06 0.0004481458963475247 1.999687589778907e-06 4.615872838684412e-05 0.0003341548622080381 0.00019794586196083302 5.604081707512746e-06 0.0010207355878139046 4.812803994560896e-06 6.467848450235197e-05 0.0005571184921706994 4.691254483608939e-06 1.989952856735495e-06 1.1736299086652484e-06 9.12809303497561e-07 1.3500152965623427e-07 5.1560603210656535e-06 1.4389187838416019e-05 0.0 6.609558925978129e-07 3.786882208423488e-06 2.8118695909944045e-06 1.795130409503089e-05 1.7822184074238626e-07 3.4344126287554155e-06 5.1203040437247776e-08 1.3399318161448828e-07 0.0012287781128135526 0.00033867292488067794 3.337719003995928e-05 1.5177795607922071e-06 1.1526505704139095e-06 4.5111974047818525e-06 4.430019766913963e-06 1.7746296510911355e-06 1.4831185854178917e-07 2.020268769642052e-07 1.7074254684489057e-05 8.201057645108039e-06 6.017003059674056e-06 1.8764301935192988e-06 2.1326591147356117e-06 9.81593605150117e-06 3.216216895940608e-05 2.7817415610593248e-06 2.5829739369290804e-06 1.1567420195370894e-05 7.724419258317141e-06 0.0 0.0 6.334399526874405e-07 8.468969241435129e-07 2.839604359812737e-06 2.368630743154405e-05 0.00036763166731428715 1.3627895455071714e-05 1.8686591044884866e-05 3.810816427804983e-05 4.559930975971231e-05 7.5269691871745864e-06 0.00013302112422290902 3.7680782358474085e-06 3.9344924011808145e-06 2.4045217431782553e-06 1.8934667356602236e-05 6.470564271139326e-05 3.942674166725633e-05 3.7001016324538076e-06 5.363058718626343e-07 0.0 0.00011745277208928203 6.085542590292465e-05 6.49451014756413e-05 2.605815676960292e-05 4.890577410997516e-06 3.1079092601440254e-05 0.0004858121972941524 1.718283215050495e-05 0.000126908772371976 6.2602494761130985e-06 1.1855707544436684e-07 2.99582771041784e-06 1.7891204119354956e-06 9.367216202797548e-06 0.0 4.870911830950782e-07 0.0 8.227675145934959e-07 4.812444292841337e-08 4.686947475756311e-05 2.02922699940683e-05 1.1853504671063252e-06 5.916320211657693e-07 1.7925450191278408e-07 0.0 2.2392567789896876e-07 4.5208379257955e-05 0.0 0.0 4.969486320417787e-08 0.0 0.0 0.0 1.448917341385289e-07 5.0728477549553076e-08 1.4407206457519632e-07 9.313206459805439e-08 1.534851010637491e-07 0.0 3.213677309923059e-07 1.7297274914243466e-07 1.0350275526968875e-07 0.0 5.62362880719312e-08 0.0 0.0 0.0 0.0 0.0 0.0 0.0 0.0 1.8427817121395442e-07 0.0 5.224170374331129e-08 0.0 1.0150646286409569e-07 0.0 0.0 0.0 0.0 0.0 0.0 0.0 1.4822898965259202e-07 4.354307906701969e-08 4.091719953874849e-07 1.6914274516545086e-07 1.1053436470300829e-06 2.379935515561927e-07 3.8440310934523155e-07 0.0 0.0 0.0 0.0 0.0 0.0 0.0 0.0 0.0 0.0 0.0 3.7222409165686674e-07 0.0 0.0 0.0 0.0 0.0 0.0 4.4213892082478033e-08 0.0 0.0 0.0 7.244759496766325e-07 0.0 0.0 0.0 0.0 0.0 0.0 0.0 6.588601295749396e-08 0.0 6.750428942551463e-07 0.0 0.0 1.5201820777396557e-07 5.5750494919653626e-08 0.0 1.0451973922006422e-07 0.0 0.0 0.0 0.0 0.0 0.0 0.0 0.0 0.0 0.0 1.6440647962014232e-07 4.5891107372717276e-08 1.8181322488885335e-07 9.202768238565702e-08 1.852323638668551e-07 3.0864600557209427e-07 5.857234865661608e-07 5.641938342466557e-05 7.26323361525809e-06 8.177798550246262e-05 2.3713361551011164e-05 4.196427779959835e-05 8.212464598231474e-06 2.406795126416459e-07 1.5144278356519838e-06 8.116957637260125e-07 1.2938435484697996e-07 0.0 0.0 5.823775342262701e-07 0.0 0.0 0.0 2.1342161403945894e-06 5.924635409157564e-07 1.0588265541744232e-05 7.66428864129071e-08
0.0003989076096013019 0.00031557502390825945 6.056358246227007e-06 0.0 5.59828500685488e-05 0.00013737734067616823 0.00025208334796556023 8.100695146301452e-08 9.400260794078673e-06 0.0007481534223514803 2.1169920213015217e-06 0.0008735485710198986 0.0006362853375661534 9.483894533094543e-05 8.293470664603435e-07 4.257696456017288e-08 7.845012050344171e-08 0.0 0.0 0.0 3.7656281156932425e-08 0.0 0.0 0.0 4.704678186566331e-08 0.0 0.0 4.4493871106937205e-08 0.0 0.0 1.3659529895641129e-05 2.0213725892662105e-07 4.057829638386553e-08 0.0 0.0 0.0 4.54970519369638e-08 0.0 0.0 0.0 9.669528708231445e-08 0.0 0.0 0.0 0.0 3.301250225134447e-08 1.041644335005013e-05 7.617032053429091e-07 1.2584837668359542e-07 1.1184684185477705e-07 0.0 0.0 0.0 0.0 1.2967015648053957e-06 1.0508675255549735e-06 1.1901339176797051e-05 8.152981002471394e-05 7.221378207739141e-06 9.48784522264045e-06 3.9324079365064514e-08 9.215270955909726e-08 0.0 3.5860543718303337e-06 1.2274896233492652e-06 5.365687152376886e-07 2.432044659899458e-07 2.446112483389578e-07 1.5359107190437124e-07 0.0 2.4247512229749416e-06 0.0 0.0 4.755363075352502e-05 9.912519261689625e-06 1.3935556279054051e-05 7.713344185670693e-07 1.3248972008920113e-07 4.478454289129279e-08 2.692701788391799e-07 4.2644686567304996e-08 2.4918825841239096e-07 4.081404246349277e-06 0.0 1.2396835370841744e-06 5.640303958416425e-07 3.557143987095187e-07 0.0 2.2657481991339796e-07 0.0 2.0502674436992827e-07 0.0 0.0 0.0 0.0 1.3765505649056124e-05 0.0 0.0 0.0 0.00014012574388530183 5.681438797902772e-07 3.3114946989556023e-06 2.735432221290056e-06 2.0765413711722654e-05 1.661635394398761e-07 9.976535661346038e-06 8.690773309502533e-06 2.1519432707067246e-06 9.947389132885294e-06 1.0459015788820842e-05 1.0000177009474e-06 6.63374490968808e-06 2.029341052526254e-05 2.0364920872591714e-06 7.724430148162088e-07 0.0 4.282724107565707e-08 0.0 0.0 0.0 0.0 0.0 0.0 0.0 7.642301116249034e-08 0.0 0.0 0.0 0.0 0.0 0.0 0.0 0.0 0.0 0.0 0.0 0.0 0.0 4.167114732905558e-08 3.445253965697263e-07 1.424408346025679e-07 1.5094350298699113e-06 3.33939435271156e-07 0.0 0.0 0.0 0.0 0.0 0.0 3.102318235654442e-07 0.0 4.5495385672435705e-08 0.0 0.0 0.0 0.0 0.0 0.0 0.0 0.0 0.0 0.0 1.7039871086616522e-07 6.118222846205299e-07 0.0 0.0 6.57132843931472e-07 0.0 0.0 5.4332729558214535e-08 0.0 0.0 0.0 0.0 0.0 0.0 1.3524661208476476e-06 0.0 0.0 0.0 0.0 5.607738376978436e-07 2.731712911028206e-07 2.95027765335206e-07 0.0 1.222713869126323e-07 1.2174774984706177e-07 0.0 0.0 0.0 0.0 0.0 0.0 0.0 0.0 0.0 0.0 3.2596892734328498e-06 1.4929770305399443e-07 2.6428711264202636e-07 5.8315197721360755e-05 9.694026702661802e-07 3.910245364821881e-05 4.5656415948952205e-06 0.0003102563898838869 5.2342494722937134e-06 4.182285265176818e-07 1.1380672440958078e-06 7.240110948402488e-06 0.0 3.1390329232683243e-07 0.0 8.654023085662146e-06 0.0 4.5570614828355686e-08 0.0 1.777600446660049e-06 8.774763290141122e-08 6.748864681004398e-05 6.463658940548698e-07
7.571145652447406e-05 0.0006423175353028095 0.0004481458963475247 5.59828500685488e-05 0.0 1.619019607666766e-06 0.00038665387831359556 0.0001378384118844795 0.001259987233094866 0.00011373636349094009 0.0006526222830827405 7.679735843707577e-05 0.00028213833532453477 0.0012123128758145644 5.9730977848657355e-06 1.3358558571900944e-06 3.830972560428825e-08 0.0 0.0 0.0 4.997652282662344e-08 0.0 0.0 0.0 6.932119824206944e-08 3.87905772968148e-08 0.0 1.037048856987225e-07 0.0 0.0 4.107701057188445e-05 2.3232420475038616e-06 1.4519038750914226e-06 0.0 0.0 6.360394006019222e-08 7.88199602780598e-07 1.70016627451462e-07 0.0 4.69717712949825e-08 1.2776195428466813e-07 2.419686817985265e-07 0.0 4.915600042252165e-08 1.3353490153542943e-07 3.510773493626055e-08 3.993347005015069e-05 1.2313199354956021e-06 1.8030095903680163e-07 1.3575536922893117e-07 3.6158063527366577e-07 0.0 0.0 0.0 6.259002776993178e-07 1.232336971404764e-06 6.5279436983782465e-06 5.129504117273179e-05 7.363231746804437e-06 2.0650526091188785e-05 2.992242185072456e-07 8.957516209389802e-07 8.402797505319757e-08 1.7189822545870592e-05 1.759105383402337e-06 8.680844379599259e-07 5.525389899818713e-07 2.8367870504987306e-07 1.788697488914713e-07 1.3630667345239713e-07 7.89180075829303e-07 0.0 0.0 6.320490425830681e-05 2.9520214880481513e-05 6.161000843968274e-05 9.756399004483392e-06 8.512506511868168e-07 2.9278183425302334e-07 1.4274011069027738e-05 1.60463560241987e-07 9.71987738138616e-07 4.462724422314537e-06 0.0 1.5602649668040844e-06 7.353994818351361e-07 2.546910450576328e-07 0.0 2.6228930447321737e-07 0.0 2.6195225320114757e-07 0.0 2.247621283586133e-07 4.3048389853844363e-07 0.0 5.524132568856094e-06 0.0 0.0 0.0 7.312994663205996e-06 0.0 8.177424298633181e-08 3.9330226985332035e-07 0.0 0.0 2.6202635001386134e-07 0.0 3.647432304315389e-07 9.055186293471331e-07 6.83966249640856e-07 2.442941635743085e-07 8.365227791084268e-07 5.779186676829258e-07 2.9552340198997536e-07 8.303504049584119e-07 0.0 0.0 0.0 0.0 0.0 0.0 0.0 0.0 0.0 0.0 0.0 0.0 0.0 0.0 0.0 0.0 0.0 0.0 0.0 0.0 0.0 0.0 0.0 0.0 4.7318901854933205e-07 0.0 1.1249005006288349e-06 9.829166883443596e-08 1.4357714817670685e-07 0.0 0.0 0.0 0.0 0.0 0.0 0.0 0.0 0.0 0.0 0.0 0.0 0.0 0.0 3.505597323495236e-08 0.0 0.0 0.0 0.0 0.0 0.0 0.0 5.966397050775633e-07 0.0 0.0 0.0 0.0 0.0 0.0 0.0 0.0 0.0 1.041722030232434e-06 0.0 0.0 0.0 0.0 6.864293971169397e-07 0.0 1.9137549059519638e-07 0.0 0.0 0.0 0.0 0.0 0.0 4.244234830312582e-08 0.0 4.398202689418812e-08 0.0 0.0 0.0 0.0 1.876542033911097e-06 0.0 0.0 9.489120765336851e-05 1.7618260386236202e-06 7.655374857071786e-05 1.2977100328898551e-05 4.1425357755776186e-05 1.6581382079486e-05 5.6942594313520225e-08 7.931563516732921e-06 3.10467035974585e-06 0.0 1.0624637269117856e-07 7.582390843893781e-08 1.3892539305990794e-06 0.0 0.0 0.0 2.527383156151968e-06 3.385397300476076e-07 6.529168123303955e-06 8.592089419915008e-07
2.3119086726802897e-05 1.1724108720448502e-05 1.999687589778907e-06 0.00013737734067616823 1.619019607666766e-06 0.0 1.1142784426655392e-05 9.486702580844465e-08 5.704426439997761e-07 0.00011079734957437946 1.8203417944868059e-06 3.1925643175480624e-05 2.3939082103976235e-05 9.196861617482777e-06 1.845302035780812e-07 6.432497034682624e-08 0.0 0.0 0.0 0.0 0.0 3.9341726718931083e-07 0.0 0.0 1.8455319444520424e-07 1.1099314824479015e-07 0.0 0.0 0.0 0.0 1.1020463875980772e-05 0.0 8.962521804200046e-06 0.0 0.0 6.002705994018518e-07 2.4694299089766064e-05 4.044324281300555e-06 2.709370718894199e-06 0.0 0.0 1.1343155617183739e-07 0.0 0.0 0.0 0.0 6.29897517301089e-07 0.0 0.0 0.0 9.048206257612684e-08 2.6317917358195032e-06 5.409231016200747e-07 0.0 0.0 9.062320521507715e-07 5.395880682633062e-06 2.4895771942733086e-06 6.527751035198421e-07 1.2779215488131927e-07 1.5149901049710542e-06 6.937671237109488e-06 1.7261554502798634e-07 0.0 3.767465665048095e-08 0.0 1.0040826912232198e-07 0.0 0.0 0.0 9.0394113271467e-05 5.4296556331321624e-05 1.2819484500735825e-05 3.5246594613639156e-07 2.5447386091401303e-07 8.882229110464618e-08 5.290719187900888e-08 0.0 0.0 4.518945857340298e-06 0.0 1.541129330544576e-06 4.6236773053229095e-08 1.7173130251831152e-06 0.0 6.678024230424359e-07 0.0 3.140745689118528e-06 5.968953673900062e-07 4.592285336700932e-06 9.894872172992039e-08 2.0456583410127024e-07 7.82518171077757e-08 7.55286821982054e-08 0.0 6.558218551660139e-05 5.5893344064316244e-05 1.8836568573116225e-05 2.483173516806569e-05 6.249952741069614e-05 0.0 1.107827968607449e-06 7.848841986237229e-07 6.187178749095707e-07 0.0 6.618675112961794e-07 2.954644699761495e-07 1.1648784221947235e-06 1.8748159594448566e-06 1.601598586273582e-06 6.254097222555183e-07 1.3118990798119173e-06 2.150175224291199e-06 6.626039428837634e-07 2.9648150051026446e-07 0.0 0.0 0.0 0.0 0.0 0.0 0.0 0.0 0.0 0.0 0.0 0.0 0.0 0.0 0.0 0.0 0.0 0.0 0.0 0.0 0.0 0.0 0.0 6.221140158537204e-08 8.483166281051878e-08 0.0 7.277503350592004e-07 1.3861044003884525e-07 2.1510462757191947e-07 0.0 0.0 0.0 0.0 0.0 0.0 0.0 4.508897837898688e-08 0.0 0.0 0.0 0.0 0.0 0.0 0.0 0.0 5.1944958155998494e-08 0.0 6.197066398639057e-08 1.49334618875862e-07 0.0 0.0 6.635637972526951e-08 0.0 0.0 0.0 6.436413652164788e-08 0.0 0.0 0.0 0.0 0.0 2.2544652949254588e-07 0.0 0.0 0.0 8.047807551843317e-08 4.304263819536255e-07 1.4476487586579005e-07 0.0 0.0 0.0 0.0 0.0 0.0 0.0 0.0 0.0 0.0 9.8341011764655e-08 0.0 0.0 0.0 2.4833141574161422e-06 3.425674891654771e-07 5.2873343417218856e-08 3.641190353408737e-05 3.003327645892809e-07 5.892073733586958e-07 2.42733314465328e-07 5.4406792916636626e-05 3.73174826362951e-07 5.789657196454631e-08 0.0 5.5726140188139026e-06 0.0 0.0 0.0 7.261928650630152e-06 0.0 0.0 0.0 4.1101330727514246e-07 0.0 3.5150847061986777e-05 9.756323495825035e-07
9.560049813889369e-05 0.0005193771370796778 4.615872838684412e-05 0.00025208334796556023 0.00038665387831359556 1.1142784426655392e-05 0.0 5.7771693282150736e-05 0.0005890283288562809 0.0005149172993119484 0.0004626856685247128 0.00039839515012127165 0.001158329282343037 0.0013374611647557896 1.2395958700698095e-05 4.773335602354242e-06 1.1313609342904293e-07 0.0 8.965347043499864e-08 3.9923450840960274e-08 1.2964006015979763e-07 0.0 0.0 3.180637398516069e-07 0.0 2.4824596611324904e-07 0.0 1.9563297204933903e-07 6.050628621853977e-08 0.0 2.2351184745079772e-05 2.722568157462135e-06 1.1820600282504544e-06 0.0 1.5755582830625603e-07 1.8269924761404985e-07 2.3241739587958255e-06 5.681679671669605e-08 2.2290111154914932e-07 1.0348601379038714e-07 3.8125804042350223e-07 3.2250271155482243e-07 5.3156386218390975e-08 4.29311414482269e-07 1.2781564025275392e-07 2.1167818211354614e-07 7.263745367378367e-05 2.252867350826382e-06 4.0126721138265813e-07 2.63746279009853e-07 3.4515657040623885e-07 0.0 0.0 7.578858363094222e-08 1.722363068047569e-06 2.0015851945323796e-06 1.043130537254817e-05 5.712586827547851e-05 1.1891000915574831e-05 3.9215367117956806e-05 4.2931283349464133e-07 5.444743395415088e-06 1.6819854293298958e-07 2.0775713014605193e-05 2.5001900451396613e-06 1.8692243232749396e-06 9.172581760371015e-07 3.8677423601898955e-07 5.834590330724815e-07 2.684281741644417e-07 7.586270466720053e-06 2.672095184556983e-07 0.0 9.435928352687679e-05 3.814032850473843e-05 9.860119813220945e-05 1.6896926370037295e-05 1.4391385759579604e-06 5.464531899200254e-07 8.859598478982388e-06 4.1214150094515094e-07 2.3242259319156437e-06 8.027340899895399e-06 4.7331974685581355e-08 2.9567066573229537e-06 5.912878784152024e-07 9.629351164591724e-07 0.0 4.138502498436638e-07 0.0 2.9157699241472254e-07 4.6894689539576446e-08 7.710642866284666e-07 4.726718530401868e-07 1.7483830249145254e-07 5.603945518875324e-05 4.043842619767634e-07 1.0993452201467069e-07 9.007600000235027e-07 1.3618117542485155e-05 3.843388596183741e-07 4.3754381726859074e-06 3.6669522492590033e-06 3.0237538559881124e-06 3.5790722791204157e-07 4.466291833751987e-06 1.3667240776621987e-06 5.974668531227672e-06 8.577334769353136e-06 1.1758526765204718e-05 4.212043674639192e-06 1.2468662953436878e-05 1.4890814513495465e-05 7.807056113907888e-06 6.490922403757735e-06 2.6568844827688197e-07 4.7213705737732494e-08 0.0 0.0 0.0 0.0 0.0 0.0 0.0 0.0 8.326035027697474e-08 0.0 7.828281321136283e-08 0.0 0.0 0.0 0.0 0.0 0.0 1.3617234028115162e-07 0.0 0.0 3.495667175248007e-07 0.0 3.3660461284206523e-06 1.2866792990049972e-06 9.50535233795095e-06 1.78897914137043e-06 8.740501953084571e-07 0.0 0.0 0.0 0.0 0.0 0.0 0.0 4.229528343753985e-08 0.0 0.0 0.0 0.0 0.0 6.885949604983993e-08 3.65406937635042e-08 0.0 0.0 5.0638782350837584e-08 1.9091603158919177e-07 6.896810102176233e-07 0.0 5.260104282637428e-07 5.056564114978906e-06 2.83035526942029e-07 4.426958473472669e-08 0.0 0.0 0.0 0.0 2.1060123055698227e-07 0.0 4.2908253782003595e-08 1.0244632804290897e-05 0.0 0.0 0.0 0.0 3.5791405816326094e-06 7.13130422588772e-07 2.0990246658115395e-06 1.3727914126463816e-07 1.0390030806926893e-07 4.148541437632411e-08 0.0 0.0 0.0 4.565535423386182e-08 0.0 0.0 0.0 0.0 0.0 0.0 2.0264254669303815e-05 2.2830724051830345e-06 2.5218401677395418e-06 0.0002669511664626377 4.230005701666049e-06 0.00015110116504772362 3.569400359591339e-05 0.00014095727024659663 3.0433364793532168e-05 3.41785760266281e-07 2.297859631395598e-05 1.605607935497603e-05 3.996543999039531e-07 3.64557755481057e-07 6.782456195129121e-07 1.8458581879382133e-05 0.0 0.0 8.51580643230671e-08 9.638034968472128e-06 9.684812904827072e-07 3.789736676153144e-05 6.129654338209351e-06
1.2545600553669387e-05 0.00019020689191314816 0.0003341548622080381 8.100695146301452e-08 0.0001378384118844795 9.486702580844465e-08 5.7771693282150736e-05 0.0 0.00012642557054770877 1.189928978609516e-06 0.001118909985291273 2.2391881862249633e-06 0.00010034030146479806 0.001064629766565398 1.6813123265444736e-06 1.5986299192232269e-06 1.242828530755248e-06 6.546833204075086e-07 2.1575854860676397e-07 3.7993303332081867e-06 1.0936182058964336e-05 0.0 6.474008270784091e-07 4.478394515024777e-06 1.8877431442397937e-06 1.4674346473036005e-05 0.0 3.2321577853035802e-06 0.0 0.0 0.0005421632008991175 0.0006716149313350421 2.5507963858576416e-05 1.404513025725849e-06 1.452498835445525e-06 7.230127221688109e-06 1.011445236916959e-06 1.8894918942370747e-06 2.0476347099112495e-07 0.0 1.2608461454417716e-05 4.06909493035818e-06 3.6787613884724127e-06 4.9366498258677125e-06 2.172307932932061e-06 1.0580971434730537e-05 1.0578358000944113e-05 9.391146789364032e-07 1.071335890351155e-06 5.31369664249039e-06 4.619616109830176e-06 0.0 0.0 1.0450326649310582e-07 4.2748747116271403e-07 9.180126498653286e-07 8.612372005174717e-06 0.00014029031000739717 3.7885006780348596e-06 7.2467515643850805e-06 5.322045992679708e-05 0.00010290620460763756 8.48066224380261e-06 0.00016494762502653395 8.992824390573748e-07 1.5884246438271747e-06 1.2757641447528733e-06 8.247360556321257e-06 2.6292744300878826e-05 1.9005113566486573e-05 6.476181043895077e-07 0.0 0.0 3.539571613340701e-05 2.6370068506732127e-05 2.1894089079097737e-05 6.276976451029922e-05 0.00033007023088030203 0.0005573766718469246 0.0008976753061078473 2.9337747451472014e-05 0.0004956846686583328 1.6659066431396068e-06 3.600419600246849e-08 1.3161595211251997e-06 7.582261735268086e-07 4.910663455876932e-06 3.626473527409991e-08 1.5071997628807088e-07 0.0 1.5841198727107154e-07 0.0 2.5577202345597325e-05 8.27407485457548e-06 1.435634812242119e-07 4.196522223474951e-07 0.0 0.0 1.8611947235151822e-07 1.087460478390789e-05 0.0 0.0 0.0 0.0 0.0 0.0 0.0 1.985753300369732e-07 0.0 2.9792065855822554e-07 0.0 5.636536444734292e-08 5.592213449950552e-08 1.4652167409990976e-07 5.395693136497855e-08 0.0 0.0 0.0 0.0 0.0 0.0 0.0 0.0 0.0 0.0 0.0 0.0 0.0 0.0 6.282771879235027e-08 0.0 0.0 0.0 0.0 0.0 0.0 0.0 0.0 0.0 1.7479803980707042e-07 0.0 2.461273842247522e-07 1.183396655487787e-07 1.7417250260303672e-07 0.0 0.0 0.0 0.0 0.0 0.0 0.0 0.0 0.0 0.0 0.0 5.280498715455671e-08 0.0 7.926059156990628e-08 0.0 0.0 4.881433019351267e-08 0.0 0.0 0.0 0.0 4.782848209794283e-08 0.0 0.0 0.0 0.0 0.0 0.0 0.0 0.0 0.0 0.0 9.36319439564824e-08 0.0 0.0 0.0 5.310200507757734e-08 9.563944154310638e-08 0.0 2.4424470239305847e-07 0.0 0.0 0.0 0.0 0.0 0.0 4.4475764365731924e-08 0.0 0.0 0.0 0.0 1.0268156277641116e-07 0.0 1.2743926155445655e-07 0.0 9.215356598323103e-08 2.0023586308092728e-05 4.269850594405397e-06 2.477661044326877e-05 1.0953748765627746e-05 7.693671635979858e-06 2.9622366488720604e-06 5.028514010077838e-08 6.696010678080807e-07 3.642929950059544e-07 1.2285824886279133e-07 0.0 0.0 0.0 0.0 0.0 0.0 5.262617367882254e-07 0.0 2.1062318834009795e-06 3.5247520555045734e-07
6.688903622698009e-06 0.00036339646300704464 0.00019794586196083302 9.400260794078673e-06 0.001259987233094866 5.704426439997761e-07 0.0005890283288562809 0.00012642557054770877 0.0 2.4327150285777085e-05 0.0009022907830732551 1.4662439955890225e-05 0.00028513532629901174 0.0006075405890747656 4.145590425819325e-06 1.603343584488151e-06 3.983376997570309e-08 0.0 0.0 0.0 1.4383022688328986e-07 0.0 3.9648531527283184e-08 5.986309019387289e-08 0.0 0.0 0.0 9.366154971461381e-08 0.0 0.0 9.57328543392354e-06 1.0833166942279682e-06 1.430953114172582e-06 0.0 0.0 1.0126661393952924e-07 4.852781654541172e-07 0.0 0.0 0.0 2.3945162260238876e-07 1.6243136848256115e-07 0.0 1.8507298656058412e-07 0.0 1.223082704842187e-07 2.219463684556161e-05 7.863240733445992e-07 3.69023878337669e-08 1.711240913573952e-07 2.991532177215259e-07 0.0 0.0 0.0 5.346939526417092e-07 5.439469094845338e-07 3.0165948669025084e-06 1.5211911356459244e-05 2.6383410512560544e-06 1.2150302242245993e-05 7.692647388549488e-08 1.6079298324754624e-06 1.066802357240129e-07 7.877106749009891e-06 4.554288245322489e-07 4.194164333749939e-07 2.1906143248780888e-07 2.9435225811215243e-07 2.24282247757887e-07 2.0549443436436518e-07 2.087778982010875e-06 0.0 0.0 2.7602783066220734e-05 1.3610370480272166e-05 3.806449180010459e-05 6.9890307308275146e-06 7.384248018794465e-07 1.8052497307330431e-07 7.033842349621544e-06 3.059128945755429e-07 8.891781822921e-07 2.174926863599745e-06 0.0 9.054903279337078e-07 3.1743060591467094e-07 2.7131603634359573e-07 4.4919316816381215e-08 1.3885431308183117e-07 0.0 6.323650902324246e-08 0.0 2.5201149102804246e-07 1.988046904534241e-07 2.6624848157645647e-07 6.194719921930221e-06 0.0 0.0 1.9665319894465626e-07 1.9609756386676304e-06 0.0 2.707790261614256e-07 1.5865368162839492e-07 1.6010975315715725e-07 0.0 5.122042333880861e-08 5.245834034882383e-07 3.3150400870343646e-07 1.2685596254369593e-06 1.7754557814607993e-06 4.296149218785378e-07 8.134355911454978e-07 2.1553033056694008e-06 1.1926275423881848e-06 1.582379328618315e-06 0.0 5.558706841141116e-08 0.0 0.0 0.0 0.0 0.0 0.0 0.0 0.0 0.0 0.0 0.0 0.0 0.0 0.0 0.0 0.0 0.0 1.729091085875552e-07 0.0 0.0 0.0 0.0 7.283962150239352e-07 0.0 1.6108771068392956e-06 4.6424534190310884e-08 5.025409813012466e-07 0.0 0.0 0.0 0.0 0.0 0.0 0.0 0.0 0.0 0.0 0.0 0.0 0.0 0.0 0.0 0.0 0.0 0.0 0.0 1.202790541248963e-07 0.0 5.104387024944931e-07 4.6196719279001845e-07 0.0 0.0 0.0 0.0 0.0 0.0 0.0 0.0 0.0 1.5639810269542635e-06 0.0 0.0 0.0 0.0 6.044278505654239e-07 1.3981811273516154e-07 5.901050312686725e-07 0.0 0.0 0.0 0.0 0.0 0.0 0.0 0.0 0.0 4.685161749736637e-08 0.0 0.0 0.0 2.295706743091318e-06 5.196250302563814e-07 4.518635487800865e-07 7.061079615568839e-05 1.2383130864686041e-06 4.223071588774465e-05 1.0491148560735188e-05 2.4142817034666225e-05 8.909811192118345e-06 0.0 7.199331929851866e-06 2.8262813314831227e-06 0.0 0.0 0.0 1.998323546219199e-06 0.0 0.0 0.0 1.8568183209408382e-06 4.1067103862424916e-07 4.792042317040667e-06 1.3454854901504764e-06
0.0002662071476416509 0.00047924222145671446 5.604081707512746e-06 0.0007481534223514803 0.00011373636349094009 0.00011079734957437946 0.0005149172993119484 1.189928978609516e-06 2.4327150285777085e-05 0.0 4.662242718323192e-06 0.0012716502694864937 0.0013150278550889158 0.00017757395058537475 2.2595220816820454e-06 1.5532709199899387e-06 8.014861381253647e-08 5.1102003889647507e-08 5.148683574498098e-08 0.0 0.0 1.326322340817749e-07 0.0 7.55498598828528e-08 1.8460942460213943e-07 6.85172273989467e-08 0.0 0.0 0.0 6.632563445720278e-08 6.056773515181055e-06 1.7637192519638044e-07 6.0843905848065095e-06 0.0 0.0 2.1053364113433944e-07 9.00340441065385e-06 1.5292247161653893e-06 5.456642011241972e-07 0.0 6.205407754700339e-08 1.0192147381589279e-07 5.6544715427763596e-08 1.642748698059749e-07 7.036008013337217e-08 5.1696881826364266e-08 1.4220030179287198e-05 7.089519184898965e-07 1.0731779153283634e-07 1.4228913286321984e-07 2.4173090405868533e-07 1.9502400790647188e-07 0.0 0.0 4.947198509424593e-07 1.1869842484345324e-06 9.160599039394151e-06 4.6311484240966265e-05 6.421831279021665e-06 8.845479678547802e-06 6.818352012269974e-07 3.2918955150711073e-06 0.0 3.1427399390063127e-06 6.661268166828913e-07 4.777723460945137e-07 1.9798009734716332e-07 2.841867078957961e-07 1.9700705977995462e-07 1.1391852825106064e-07 7.068202076552623e-05 1.18906080820664e-06 5.223950140744259e-07 3.31706761777899e-05 8.451569171974623e-06 1.68958551876977e-05 2.0144853804669145e-06 2.8739447853088576e-07 7.624736896440643e-08 2.2987786182082067e-06 0.0 3.8187183494181863e-07 3.50679515985579e-06 6.689827044999293e-08 1.010300047348764e-06 5.09742608841947e-07 1.9345788766819925e-07 1.8625904798513922e-07 1.7005079841606388e-07 2.033639879557554e-07 4.196633415277761e-08 4.822704898969819e-08 6.438101416880342e-08 1.5898638986259795e-07 4.4109827591810595e-08 0.0002498838828663459 8.471658556549824e-06 6.086262172541473e-07 5.4463091573169e-06 0.00014272968698014345 1.1378179745057694e-06 1.3417580664345525e-05 9.538445458738533e-06 1.3181840769605543e-05 8.748695029519675e-08 9.504915816061598e-06 1.2068350611963028e-05 9.711172385487653e-06 2.8291234366049897e-05 5.019067422188418e-05 1.2515679907375809e-05 3.053499319112607e-05 5.808571744136476e-05 1.9842265541414263e-05 1.194045758536888e-05 2.1006298411403317e-07 1.3257998862624888e-07 0.0 2.1592621065193592e-07 0.0 0.0 0.0 0.0 0.0 0.0 0.0 0.0 2.025412832826265e-07 0.0 0.0 0.0 0.0 0.0 0.0 1.959575822379355e-06 7.333281788588625e-08 0.0 1.2278180852964447e-07 7.664723661750304e-08 6.474808651095908e-06 8.94298043431963e-07 1.2488576871398862e-05 2.555429853273324e-06 2.8743792682637633e-07 0.0 0.0 0.0 0.0 2.171985487454005e-07 0.0 0.0 0.0 6.176318717740863e-08 0.0 0.0 0.0 0.0 0.0 0.0 0.0 0.0 0.0 4.901520250324359e-07 3.793271680716373e-06 3.43146947884421e-07 1.719194692922634e-07 1.182528217407577e-05 0.0 0.0 0.0 0.0 0.0 0.0 0.0 0.0 0.0 2.2941153214324433e-05 2.2303410095867862e-07 0.0 0.0 0.0 9.6707044818163e-06 6.251547658658972e-07 2.9526406350381356e-06 1.0952390068447985e-07 1.952706365568171e-07 1.2998482999916528e-07 0.0 4.047792634207651e-08 0.0 0.0 0.0 8.160146747990911e-08 3.482443054947434e-08 0.0 0.0 0.0 6.897393366428357e-05 2.0719338741913514e-06 3.302834480780842e-06 0.00029821348825906255 1.345616046455458e-06 4.0944167134294536e-05 8.603807921504817e-06 0.0005348487478316123 7.678285628829884e-06 1.4702831526729373e-07 6.773028345011409e-06 7.474675133341503e-05 1.7482344944528272e-07 5.488170710306096e-07 2.8876590740498555e-07 8.863278744187135e-05 9.417381318101833e-08 0.0 0.0 8.790676223885352e-07 3.3801864792098016e-07 0.00032012506393512525 1.718471771336176e-05
3.488105117131393e-05 0.00038286370887342746 0.0010207355878139046 2.1169920213015217e-06 0.0006526222830827405 1.8203417944868059e-06 0.0004626856685247128 0.001118909985291273 0.0009022907830732551 4.662242718323192e-06 0.0 1.594041011662726e-05 0.0007351391844334468 0.0018259269043249871 1.1152170659576913e-05 1.0175728233098048e-05 1.0413053565994738e-07 8.206885360502991e-07 0.0 1.3112448685245418e-06 1.758863269791358e-06 0.0 5.847395591540038e-08 1.0413279317963061e-06 4.165487448217329e-06 6.684563254437844e-06 6.098384121565593e-08 2.2486852418627423e-06 8.062223427534755e-08 0.0 0.00021548465330759856 2.7683217643276572e-05 6.482224473537496e-05 1.0240106774745297e-07 4.6832884384033117e-07 4.973898739389491e-06 3.4745487311421433e-05 5.136441389258977e-06 7.181667590837205e-07 5.597383349193366e-07 6.876449625320722e-06 5.151002728052033e-06 7.326675461821659e-07 7.550072729613441e-07 1.8132010017265216e-07 1.923707020224047e-07 3.195355504850979e-05 5.54975928729442e-07 6.416696797754331e-07 1.512043507863126e-06 2.8697502062364912e-06 2.0120549096924044e-07 0.0 0.0 4.948755839669563e-07 7.392290558083708e-07 6.276276178099268e-06 6.192791035120668e-05 3.766046620425502e-06 1.199688122607433e-05 1.2158354252367812e-06 8.708654811160627e-06 8.356572317284206e-07 2.0708648730457736e-05 1.032999741016479e-06 3.683319897634537e-07 8.209281305559806e-07 2.1403240318990493e-06 7.63298011847963e-06 3.839091127964289e-06 2.0513752931752446e-05 1.5581420920448253e-07 0.0 3.6973603037272725e-05 2.0597339296538595e-05 3.906552136795775e-05 1.9962439355704907e-05 3.66161532939328e-06 1.7498488281448044e-05 0.00036219087331339 9.14234253504976e-07 2.1150187885636515e-05 2.094513242059951e-06 4.3022125941517034e-08 1.0112244801588566e-06 4.4319692892451033e-07 1.1480728114172798e-06 0.0 2.1072405037784332e-07 0.0 4.772993957208785e-08 0.0 9.553526600397069e-06 7.692751582041276e-06 2.6067119176495784e-06 6.701787287530166e-06 5.60709774305944e-07 0.0 6.033949779765159e-07 1.2160261401412831e-05 0.0 5.993949827673854e-08 0.0 6.862738719275884e-08 0.0 3.0853472776853424e-07 8.928709649059897e-08 2.1557202373046107e-07 5.745291093795032e-07 6.806146069180182e-07 2.690378370634013e-07 1.1428643623383551e-06 1.8522528636347996e-06 9.008388447942803e-07 1.0186284352136425e-06 3.831949385612391e-08 1.1925166050042595e-07 0.0 0.0 0.0 0.0 0.0 0.0 0.0 0.0 0.0 0.0 4.814542711137363e-08 0.0 0.0 0.0 0.0 0.0 0.0 0.0 0.0 0.0 1.1249412649842579e-07 0.0 1.115885859030538e-06 1.46263295597118e-07 2.2518322529680726e-06 4.988128702959968e-07 8.32084488244481e-08 0.0 0.0 0.0 0.0 4.8610841669304434e-08 0.0 0.0 0.0 0.0 0.0 5.196035229021934e-08 9.396649762344235e-08 0.0 0.0 0.0 0.0 4.980705118234034e-08 0.0 0.0 0.0 0.0 0.0 1.3831725094087464e-06 0.0 0.0 0.0 0.0 0.0 0.0 0.0 0.0 0.0 3.32539964419226e-06 5.6907068837108365e-08 0.0 2.4078368821661523e-07 0.0 4.2773500998766174e-07 1.0194656453465772e-07 3.7587331489096383e-07 0.0 0.0 0.0 0.0 0.0 0.0 0.0 0.0 5.158792604304988e-08 0.0 0.0 0.0 0.0 3.0681031311676565e-06 1.2809726045818913e-06 1.3281693180048022e-06 7.05223904557993e-05 1.2832326469537768e-06 4.795638700339055e-05 1.4688668066822068e-05 2.2508816705549823e-05 6.7911622158699004e-06 2.5698412963427824e-07 5.468064813586924e-06 2.0207942413902856e-06 2.4181197768222966e-07 3.43329638560627e-07 0.0 6.797512238902163e-07 0.0 0.0 0.0 3.6262505095488403e-06 8.761054340613345e-07 5.259928454104387e-06 2.5317873118849574e-06
0.00012494710933289835 0.00036390998539542567 4.812803994560896e-06 0.0008735485710198986 7.679735843707577e-05 3.1925643175480624e-05 0.00039839515012127165 2.2391881862249633e-06 1.4662439955890225e-05 0.0012716502694864937 1.594041011662726e-05 0.0 0.0006459269305791479 0.00011250094079650606 7.991416430171395e-06 1.0114623514245131e-05 2.7921155735099214e-07 2.3528349951069132e-07 0.0 8.20028329793987e-08 5.37128633869597e-07 0.0 0.0 6.056508923124086e-08 8.515060053299062e-07 1.5881008330872152e-06 1.4405313366013844e-07 1.2604844381130598e-06 1.791782550813244e-07 0.0 1.6272423185269176e-06 2.2305411046647405e-07 9.095566924298429e-06 3.698780807854258e-08 5.78325730732092e-08 1.159691652471487e-06 2.5540384442750186e-05 2.016953877906311e-06 2.5637910719244526e-07 2.0712250022607257e-07 2.073563065229536e-06 1.9032842644921955e-06 0.0 1.2330757196375469e-06 5.351657885889611e-08 9.726547922046339e-08 3.229996144989659e-05 2.1859831844993622e-07 3.453690961759092e-07 8.249913363162411e-07 1.2708709851729454e-06 0.0 0.0 1.8821987941488284e-07 2.708545885702512e-07 2.171568419650941e-07 2.159529654852103e-06 1.4001201002574421e-05 2.1884127916830093e-06 6.421865242151123e-06 6.333778278957769e-07 4.084398287204199e-06 7.566689256992277e-08 3.748844058853727e-06 2.608777705827769e-07 4.5596530079309714e-07 1.7772258130602998e-07 5.674532615188041e-07 1.4245700919359351e-06 9.718317363617761e-07 6.775071871895503e-05 3.294752348896393e-06 0.0 1.0754465029497539e-05 4.336460658425864e-06 1.8219025479199526e-05 6.147051161141551e-06 1.178542662082681e-06 3.310430231841223e-07 6.71911410226863e-06 1.2569433142381436e-07 8.620406671811986e-07 1.643756737932142e-06 0.0 1.6144573897223043e-07 2.418839889767599e-07 4.293126256594959e-08 0.0 0.0 6.032216577986777e-08 6.230923460504084e-08 0.0 2.6590893664097783e-06 2.0666823064864773e-06 7.764641554597052e-07 0.0005710830132192131 1.9771856842190317e-05 0.0 4.692493517912029e-06 1.4777764198647655e-05 8.818835162735339e-07 4.574718006532088e-06 5.274081511504327e-06 2.443717398340261e-06 4.1940746779682337e-07 5.9643035309389865e-06 5.663387545097956e-06 7.734986553869631e-06 2.6034620256389007e-05 2.7996374452678182e-05 1.6605010007913624e-05 2.5358407601434765e-05 5.442451469698543e-05 2.41208127323116e-05 2.1179849214585783e-05 1.700476629720594e-07 2.913260207265105e-07 5.8957588298838305e-08 0.0 0.0 0.0 0.0 0.0 0.0 0.0 0.0 0.0 4.016066205086193e-07 0.0 0.0 0.0 0.0 0.0 0.0 1.0306117116120137e-06 0.0 0.0 7.287033416184258e-07 0.0 1.6760607190642528e-05 4.120995522877356e-06 3.181699666877944e-05 5.083276485382989e-06 1.1317567169079088e-06 1.0411864247291782e-07 0.0 0.0 0.0 0.0 4.000680706773986e-08 0.0 4.1900629579902085e-08 3.6604219650717187e-07 0.0 0.0 0.0 2.1001836047496145e-07 6.401402746906118e-08 0.0 0.0 0.0 1.9981902271401285e-07 4.97552543640593e-07 2.1748268160607685e-06 2.9741495981572524e-07 2.231997491529585e-06 1.995877538692558e-05 1.3489520406251904e-07 5.0875359663545635e-08 0.0 0.0 0.0 0.0 0.0 0.0 0.0 3.8880803295741645e-05 1.5420334349274254e-07 0.0 0.0 6.068388493368252e-08 1.267792539598769e-05 8.40446885822555e-07 6.032502831482607e-06 2.0707003618530734e-07 1.0950243633066633e-07 2.171163965291187e-07 0.0 4.147697196938177e-08 0.0 0.0 0.0 0.0 0.0 0.0 0.0 6.44080900715438e-08 7.003590363939034e-05 5.902574790645254e-06 9.147613252254932e-06 0.0001893226059480111 1.6968132987801597e-06 4.1727510747735956e-05 1.8910166721232188e-05 0.00014184249057404706 6.157717181971487e-06 1.1417182052617244e-06 1.0621118595022016e-05 5.247144746510422e-05 1.011251642062347e-07 1.7685114000796846e-06 3.093006396964895e-07 4.9336517963696825e-05 1.8837832146299937e-07 0.0 4.632910560827292e-08 6.8745716305298945e-06 5.12315618692583e-07 0.00011013907013261751 2.594098153629011e-05
