0.0 0.001269523304494245 0.00026449304458888085 0.0007213219368757432 2.4890970162212793e-05 3.8262580584010136e-05 0.0002739454536440696 4.0988524933620316e-05 1.6239140496803185e-05 0.0006137727852423403 0.00012007659479630976 4.516429757503262e-05 4.491780217240432e-05 6.79328082009183e-05 3.8390269305749195e-06 1.273860090191149e-07 7.045734993056338e-07 1.1360259374212222e-07 4.62547101176829e-08 0.0 0.0 0.0 0.0 1.8777997089771646e-07 0.0 1.4676857706429262e-07 5.185301658386293e-07 6.596673979286333e-08 0.0 0.0 0.0002167934826494885 5.2933361616050935e-08 1.868820682385139e-06 0.0 4.799170212243917e-08 0.0 5.105179496697515e-07 0.0 0.0 0.0 0.0 0.0 5.442376490675891e-08 5.431205849707826e-08 0.0 5.1992462373075425e-08 3.1808368751436203e-05 1.9942420745522014e-06 2.706162449366144e-07 0.0 4.007925140042138e-07 0.0 0.0 1.086426249799943e-07 7.72329146587991e-06 1.441399962341045e-05 5.875933732531464e-05 0.00021971358182557057 1.8346461498198004e-05 2.334895086935649e-05 4.6848500853211633e-08 0.0 0.0 6.1722505585820656e-06 6.517460871415634e-06 4.340792477120497e-06 1.9767918921887915e-06 8.077427284106884e-07 0.0 1.266028679510025e-07 1.1965757365405779e-06 0.0 1.176618742957685e-07 6.881045029660613e-05 8.217071225660386e-06 2.6116434561863052e-05 4.863895327247077e-07 0.0 1.6300650973383646e-07 2.2035484402517018e-05 0.0 1.9209909188327083e-07 1.0585977030783905e-05 0.0 2.521988862763997e-06 5.372669325909397e-06 2.3698998943695806e-07 3.0000453404630154e-07 2.1112704769908046e-06 4.9731628130002986e-08 1.8919527852294e-07 5.624422987585259e-08 0.0 0.0 0.0 4.013251136759299e-05 1.2503699883509323e-07 0.0 0.0 0.0004777028943811848 0.0 0.0 1.0140419457944029e-07 1.719366012113075e-07 1.3647363267920088e-07 4.162083866233838e-06 1.9878602327004e-07 1.3292558828248534e-06 0.0 4.2390813110361604e-07 5.1242655161561374e-08 1.55585439022259e-06 5.031693792195814e-07 1.2725841886116735e-06 5.05054933852553e-07 0.0 0.0 0.0 0.0 0.0 0.0 0.0 0.0 0.0 0.0 0.0 0.0 0.0 0.0 0.0 0.0 0.0 5.210498313413294e-07 0.0 0.0 0.0 0.0 0.0 0.0 6.560399651826442e-07 0.0 1.1113687804403471e-07 0.0 0.0 0.0 0.0 0.0 0.0 0.0 2.087881908012685e-07 0.0 0.0 0.0 0.0 0.0 0.0 0.0 0.0 4.977465627476225e-08 0.0 0.0 0.0 0.0 0.0 0.0 0.0 5.352424796154948e-07 1.0226242741661909e-07 0.0 7.214177535912232e-08 0.0 0.0 0.0 0.0 0.0 0.0 1.124467567787319e-06 0.0 0.0 0.0 0.0 4.622949172064306e-07 0.0 3.553359188892906e-07 0.0 0.0 0.0 0.0 0.0 0.0 0.0 0.0 0.0 4.082821932348292e-08 0.0 0.0 0.0 1.0974882975963667e-07 7.627712957918893e-08 2.5796224150529564e-07 0.00011857869134890293 5.417775929167498e-06 0.0001089254238747718 9.832093187966533e-06 0.0002265153188914004 4.296665604807865e-06 2.5469950374971736e-06 2.589255985331076e-06 7.469962096632512e-06 1.569913480974532e-07 0.0 7.945655217536172e-08 6.3236484504745545e-06 0.0 0.0 0.0 1.2653346027661817e-06 0.0 3.313753259307338e-05 5.369940792915994e-07
0.001269523304494245 0.0 0.00035216908083900064 0.00018754513312207603 0.0004894480629614297 5.2547665886859335e-05 0.0008356584562786925 0.00018051613022491113 0.0004104930095020076 0.0006804818282091864 0.0008405645517151018 6.199285870564493e-05 0.00039125747941665394 0.0006786510625290086 1.7101357195467473e-05 3.9734066554576325e-07 4.138189990278166e-06 2.256825530232522e-07 8.952548872665677e-08 5.5076999396380516e-08 3.3400370013387157e-07 0.0 2.512086307160756e-07 7.511625649544167e-07 3.2114375542182235e-07 1.625063304424661e-07 4.6675725883102475e-07 1.299072447782977e-07 6.360586891223322e-08 5.981612697507404e-08 0.0005600199753410521 2.123421967176329e-06 7.824565110971877e-06 1.4380419778146437e-07 1.0259322162160215e-07 0.0 7.700740521583792e-07 6.23060550150555e-08 0.0 4.754440112071188e-08 1.119128185315517e-07 4.383693049255699e-07 1.8620874810337752e-07 1.0260593563376816e-07 2.2885218781723036e-07 4.968304758949238e-08 0.00014294739816764107 8.981686407790395e-06 1.238316606076021e-06 1.5628223897269186e-07 2.4125031970808826e-06 2.2759262781514532e-07 0.0 1.8993963464557255e-07 1.233326777503647e-05 2.9013657871346075e-05 6.326492825146138e-05 0.0002558559130696475 3.119193015990108e-05 6.829305946289354e-05 2.0421645334290984e-07 6.730543370812183e-07 6.349217922575434e-08 4.29796167697477e-05 1.84603491305077e-05 1.4661056975245806e-05 3.873189769599985e-06 2.5979601819708745e-06 2.5891889396653267e-07 4.5839155571831787e-07 5.277299985463272e-07 0.0 0.0 0.0001359715779872631 5.42009931299951e-05 0.00012258499427372744 7.741587654120595e-06 9.35758102462321e-07 4.505045743226637e-07 7.600393700703804e-05 5.696492694795737e-08 1.397225588016425e-06 2.4985407522316906e-05 1.5779820276594636e-07 7.51049977954252e-06 1.6946236529375215e-05 7.6598918382726e-07 3.304872295817116e-07 5.890605241235162e-06 4.559652522890196e-07 4.927869797308836e-07 2.176022391557457e-07 5.1775334476062824e-08 2.006835165279814e-07 3.420072818403037e-07 6.104210815275666e-06 2.605777666853812e-07 0.0 0.0 0.00039090064657576647 8.95475237501325e-07 1.1544563923322162e-06 1.144825802813921e-06 6.496029110867755e-07 1.1460361004023328e-06 9.359302185481344e-06 2.6197659168288034e-06 1.0205233313868757e-05 9.97828669658413e-07 4.19528610572616e-06 1.748473981217472e-06 1.7612159836923597e-05 5.990544386516285e-06 1.2136086320106618e-05 6.2235551784802125e-06 1.428183572524567e-07 9.02897571041999e-07 0.0 0.0 0.0 0.0 0.0 0.0 0.0 0.0 0.0 0.0 0.0 0.0 0.0 0.0 0.0 2.809615427324391e-07 0.0 2.08707121926881e-07 1.1984138250086075e-07 0.0 6.687104076018051e-07 0.0 8.635539349295514e-06 2.8320139086778055e-07 2.613185560269115e-06 5.291327947731241e-08 0.0 0.0 0.0 0.0 0.0 0.0 5.733638884763221e-07 0.0 0.0 4.441789967478093e-08 0.0 0.0 6.619100982420031e-08 0.0 0.0 0.0 4.9623896066754867e-08 4.848964486983667e-08 2.3188857290601273e-07 4.4484678825534455e-07 0.0 0.0 3.0356887209446503e-07 2.793186952018334e-06 0.0 0.0 0.0 1.0172067724084811e-07 0.0 0.0 1.1538050592946132e-07 0.0 0.0 1.1877749971813064e-05 0.0 0.0 0.0 8.279763715730481e-08 2.648037145738102e-06 0.0 2.1055169559314785e-06 4.5994426273398293e-07 7.226059584891722e-07 0.0 8.304816125360489e-08 0.0 0.0 4.549260191431835e-08 0.0 6.173657792829048e-08 0.0 4.804320887292117e-08 0.0 0.0 3.3267215147007188e-06 2.138245305265156e-06 1.3196605480972655e-06 0.0003554368071162927 2.014384768303229e-05 0.00034579160574189585 4.209417404118512e-05 0.00027075908375395817 3.202127788360709e-05 1.1274863098950752e-06 2.41091324303595e-05 1.751477420143254e-05 1.6774248511031048e-07 4.619053377420087e-07 0.0 1.5606491867055487e-05 9.235237120859163e-08 0.0 0.0 3.197318419663806e-06 0.0 5.1792086283933254e-05 9.919574304059639e-06
0.00026449304458888085 0.00035216908083900064 0.0 6.7509645875404864e-06 0.00014251522717937973 6.245053030071416e-06 9.340600149841155e-05 0.0023221908270832357 0.00022604584676821056 1.9888510641513147e-05 0.0015451997993229862 2.6011639026301386e-06 0.00013787631939716818 0.0005887768068196213 1.1893710826297154e-05 3.5361737642410103e-06 3.0514157786552185e-06 2.4555436311427467e-07 1.6788037155301088e-07 6.542156271739878e-07 3.266856211033169e-06 0.0 3.3278898907271036e-06 3.529049775535623e-06 6.117253159110459e-06 2.7044189113790286e-06 5.071350070270377e-06 2.2422910803723234e-06 5.700314457496606e-07 1.0179987388635246e-06 0.0017304924846691142 0.00016168507364257398 6.404768655884095e-05 0.0 4.374733948945688e-06 4.088814907780178e-06 4.603357713149918e-06 5.587374223655228e-06 7.996059164811509e-07 9.91835168210087e-07 1.0028151352323498e-05 7.4940246913870784e-06 6.392191127839902e-07 7.41616364058706e-07 2.6970237124938017e-07 4.575979176999219e-07 4.772677124241698e-05 3.464596349971726e-06 8.947749966240933e-07 5.235463910848678e-07 2.1813879228909355e-06 4.1381691873020844e-07 1.5000114680295533e-07 1.6295853586561954e-06 8.363876923899646e-06 2.3690430523588322e-05 0.00010605641800804302 0.0005938676691619014 3.25257165132205e-05 2.8941018500020763e-05 1.0432311302785068e-05 2.7680576987896937e-05 2.0500455805800304e-06 7.753554917763298e-05 1.1549231037302063e-05 6.987746968029779e-06 2.755252095861915e-06 1.2407722534298123e-06 4.854292741285458e-06 1.5181021241134012e-05 2.2455492184063687e-06 2.284668203807434e-07 0.0 0.00011724465249600328 3.5779099109281096e-05 6.71748398911009e-05 9.434767414530638e-06 2.5554298786521344e-06 4.83707395160562e-05 0.0006114510239762258 3.89183379887471e-06 9.259246376767476e-05 1.2211902756695172e-05 4.6196992476795545e-08 4.831142749985833e-06 9.069086575798074e-06 1.0159075780417766e-06 1.1943423408735624e-07 3.2012468312236977e-06 3.7087621738529256e-07 3.658256997636101e-07 3.88606614550704e-07 8.057836183662958e-06 4.131899963621793e-06 1.0801326890923793e-06 2.0828065857935617e-06 7.931825738804742e-07 0.0 4.1784083149702325e-07 0.00021953471869832884 0.0 1.9097889506633517e-07 0.0 0.0 0.0 1.675345921137682e-06 7.351150034789916e-07 2.4581039362859288e-06 0.0 1.8004127158817644e-07 4.483068620523432e-07 2.2532859227498563e-06 9.370970208112605e-07 1.8627818110447928e-06 1.2253894832200077e-06 5.90039030424789e-08 0.0 0.0 0.0 0.0 0.0 0.0 0.0 0.0 0.0 2.5068433649326315e-07 5.4275825705435e-08 7.885705708377688e-08 0.0 0.0 7.760713292358163e-08 0.0 3.32564990621713e-07 0.0 0.0 0.0 0.0 0.0 6.85313387887595e-08 3.0122650257576197e-06 2.393749401812677e-07 1.6681935353373922e-06 2.4253485730857646e-07 4.8711604325257455e-08 7.067270885377172e-08 0.0 0.0 0.0 0.0 1.725160998853514e-07 0.0 0.0 0.0 0.0 0.0 8.259952767689729e-08 1.0906969188267836e-07 2.0267526024264495e-07 4.516458585542003e-08 0.0 0.0 0.0 0.0 0.0 0.0 1.34826577796362e-07 1.3710224843052382e-06 0.0 0.0 0.0 0.0 0.0 0.0 1.0762489226907459e-07 0.0 0.0 3.887874465341006e-06 0.0 0.0 4.93028312176954e-08 2.4613344097516694e-07 6.328665642032473e-07 7.629035402212225e-08 4.556058349968862e-07 6.600974066269611e-08 2.2453470722368392e-07 0.0 0.0 0.0 0.0 9.589403599999936e-08 0.0 0.0 0.0 0.0 0.0 1.6684473869747246e-07 7.433440319350179e-07 7.221368414426648e-07 4.675994423221687e-07 0.00010507274469404136 1.0055974972414044e-05 0.0001455665781917738 1.872794145110052e-05 8.425664590492761e-05 7.69852814709227e-06 1.3007193039484939e-06 8.363574643682107e-06 2.9932841277621386e-06 0.0 1.5923598493060398e-07 4.7094232355284257e-08 1.0209210017634222e-06 0.0 4.5214740548831353e-08 0.0 9.411994619878804e-07 0.0 2.1219449348338735e-05 7.631932350083916e-07
0.0007213219368757432 0.00018754513312207603 6.7509645875404864e-06 0.0 6.931351342829775e-05 0.0001984271362492347 0.001496035081900089 9.797660093384057e-07 0.00013903082434666236 0.0013064896574949236 5.548272612382342e-06 0.00023526532123758007 0.0007453598434266717 0.00015440572286851273 1.5003004108080346e-06 0.0 0.0 0.0 0.0 0.0 0.0 0.0 0.0 7.494591834519422e-08 0.0 0.0 0.0 0.0 0.0 0.0 8.23903857614707e-06 0.0 7.989670714634658e-08 0.0 7.39844771861478e-08 0.0 0.0 5.264395906023732e-08 1.0591619994876879e-07 0.0 8.14741252454186e-08 2.772033539888198e-07 0.0 0.0 0.0 0.0 1.5492693980943224e-05 6.451593501972842e-07 5.823769580730354e-08 5.5121492594334537e-08 4.192143188670895e-07 0.0 0.0 0.0 2.3165372526853807e-06 4.449430855004794e-06 1.3438252321224316e-05 3.9828154791724854e-05 6.9284893731031094e-06 8.844101091967744e-06 0.0 1.206154098471048e-07 5.4255498092358056e-08 3.390822388461124e-06 2.6466422280686445e-06 1.8477772583443142e-06 6.466172924290417e-07 0.0 4.908459284153253e-08 0.0 3.2065880333227394e-07 3.79583593502237e-07 0.0 2.21991834810809e-05 4.401250726000854e-06 1.1461155051165623e-05 2.4359368164447406e-07 5.598731955033394e-08 0.0 7.7435023461679e-07 0.0 4.173757706217279e-08 3.7187991636724555e-06 6.017144133897856e-08 9.280250997160011e-07 2.373983737942747e-06 3.998047954016959e-08 1.2676278863789507e-07 8.129653897827522e-07 5.1130866927101225e-08 7.308622813537869e-08 0.0 0.0 0.0 0.0 2.129841193600955e-05 0.0 0.0 0.0 0.0003028748830901642 2.0285887115140982e-07 3.9673990100117085e-06 3.0326110911016598e-05 6.610948639368058e-06 6.523922009271604e-08 3.2192955747072805e-05 1.776062503130859e-06 6.959574489940075e-06 2.648088060233037e-06 2.5286469489677854e-06 5.633519993820058e-07 1.1044235703060327e-05 1.4938251406437244e-06 3.7081468242362093e-06 1.910854414495642e-06 0.0 0.0 0.0 0.0 4.519423759694117e-08 0.0 0.0 0.0 0.0 0.0 0.0 0.0 0.0 0.0 0.0 0.0 0.0 1.1398652340034098e-07 0.0 8.690361394368251e-07 6.281910807173273e-08 0.0 0.0 0.0 1.7884113429952666e-06 0.0 6.494810973686182e-07 2.775717408353529e-07 0.0 0.0 0.0 0.0 0.0 0.0 0.0 0.0 1.5149645568401484e-07 2.5139222993558634e-07 0.0 0.0 0.0 0.0 0.0 0.0 0.0 1.1878532462179356e-07 1.5025346325156812e-07 2.772081738579738e-07 5.2146955349594935e-08 0.0 1.978678479372552e-07 3.1342745272335506e-07 0.0 8.790357353321267e-08 9.363039633591571e-08 0.0 0.0 0.0 0.0 0.0 0.0 2.495488131158448e-06 0.0 0.0 0.0 0.0 9.180169161152707e-07 5.1148069612885176e-08 4.6314765609412917e-07 3.83597379478485e-07 2.728093165730122e-07 0.0 1.5241415565379496e-07 0.0 0.0 0.0 0.0 0.0 0.0 0.0 0.0 0.0 9.716273427138665e-07 2.3145364303166117e-07 9.859520055286988e-08 6.607420866476002e-05 2.2823440839420506e-06 4.917464237900766e-05 5.1716697046725604e-06 0.000230628039360494 3.92778104151962e-06 1.9962374146607443e-07 9.657506519828942e-07 9.812805185987944e-06 6.919270899931355e-08 5.972873694164981e-07 4.668358106193383e-08 4.183633076511637e-06 0.0 0.0 0.0 1.953679918240286e-07 0.0 3.8227853508580616e-05 4.476562198496643e-06
2.4890970162212793e-05 0.0004894480629614297 0.00014251522717937973 6.931351342829775e-05 0.0 1.882560095412854e-05 0.0004857366092315908 8.43664263813948e-05 0.0014500083807892493 0.0008716475469719108 0.0008508543776835908 0.00021712808899691615 0.0003624316240803626 0.0002358351944965489 9.632781950919017e-06 4.378145796776221e-07 1.3678919617558577e-06 4.33788730391026e-08 6.42660351296033e-08 0.0 4.665745557876704e-08 0.0 1.237397215060798e-07 2.5438715713609204e-07 2.87901063317086e-07 5.7850485365068915e-08 0.0 1.8852311133791083e-07 5.4867333139974075e-08 5.082852436687345e-08 3.406942853866869e-05 1.282130408989475e-06 1.1644093516099826e-05 0.0 0.0 7.56519570925155e-08 3.6194136136780416e-06 5.471059193022756e-07 0.0 6.94061937454297e-08 0.0 3.357227491334104e-07 0.0 2.4859949176520855e-07 7.757942939109601e-08 0.0 7.449945761771322e-05 2.1027395540626287e-06 1.270122088789556e-06 7.974252588327275e-08 7.698820951221062e-07 5.736623463077329e-08 0.0 2.6267790485436496e-07 3.0054535025066087e-06 4.909416088574795e-06 9.101724723053406e-06 2.470560339498682e-05 7.115619978654347e-06 1.9307217970868104e-05 1.459411415155478e-07 5.610847944953873e-07 0.0 1.8696738155903462e-05 3.5634666064690712e-06 2.6403903707236954e-06 8.107519866368593e-07 5.476108794986192e-07 0.0 1.994535654068187e-07 4.00645837242345e-07 1.648543937968965e-07 0.0 2.8729732568861284e-05 2.1535782480806677e-05 4.914436015028559e-05 7.57503204133325e-06 4.157182733384584e-08 1.0358551072251752e-07 8.126297320687328e-06 0.0 1.5600714718116978e-06 5.51706582209827e-06 0.0 2.5522279503451836e-06 3.2579911273947966e-06 1.7019208522325585e-07 0.0 1.174115871016871e-06 0.0 1.0544140971754985e-07 3.24475718889061e-07 0.0 0.0 1.3206832682233167e-07 6.0048918628589255e-06 8.528748571035761e-07 0.0 5.3895359962881484e-08 5.220082001747267e-06 2.401884421389901e-07 3.219160278213672e-06 4.118447436063817e-06 1.1604312026630545e-06 2.199428813923179e-06 2.050186842100064e-05 4.181613368204477e-06 2.8285988038314072e-05 1.4341524330250117e-06 1.1385858642222094e-05 3.728644858846785e-06 3.960127303811186e-05 1.2837134671537047e-05 3.070260275132926e-05 2.2178870273061528e-05 8.065601772153606e-08 5.240899725771324e-08 0.0 0.0 0.0 0.0 0.0 0.0 0.0 0.0 0.0 0.0 0.0 0.0 0.0 0.0 0.0 0.0 0.0 1.7077825144790307e-06 9.779953717636051e-07 0.0 3.804565158355439e-07 0.0 2.762567470388686e-05 2.3856557193347676e-06 8.441430430421316e-06 4.6152605261413076e-07 3.1910513779776336e-07 0.0 0.0 0.0 0.0 0.0 0.0 0.0 3.225532807626283e-07 7.057537048572831e-07 0.0 0.0 6.834770839790425e-08 0.0 0.0 0.0 0.0 0.0 6.818082481191858e-08 6.669991124742279e-07 0.0 5.766603828498591e-07 2.4098363872461455e-07 1.0737646280920118e-05 0.0 1.1580086709664494e-07 0.0 0.0 4.864897330118243e-08 0.0 0.0 0.0 0.0 3.477979608957442e-05 0.0 0.0 0.0 8.399170226803261e-08 8.000582660717729e-06 9.991623317393742e-07 6.703232484272033e-06 1.2738176698876086e-06 9.142959810248294e-07 7.328663260603005e-08 0.0 4.6367519992961287e-07 0.0 0.0 0.0 0.0 0.0 1.3034046802153406e-07 1.6636129452171758e-07 0.0 8.810040335199726e-06 5.772791445598806e-06 3.162857933262289e-06 0.00030993786282694117 7.412379540663266e-06 0.00015272992685653794 2.6157287796190556e-05 2.723377136117754e-05 2.6541923158064673e-05 8.19967136163995e-07 1.9059935538546458e-05 3.9824705277220824e-05 4.210424714690375e-07 8.065967996488112e-07 1.1633911049615194e-07 3.505013775003315e-05 0.0 0.0 2.4366700833615425e-07 2.1693789286106893e-06 0.0 3.741601942819914e-05 2.3968385179064982e-05
3.8262580584010136e-05 5.2547665886859335e-05 6.245053030071416e-06 0.0001984271362492347 1.882560095412854e-05 0.0 5.136052743464014e-05 1.5810054532617414e-06 1.1241340671303436e-05 0.0005455094244689091 3.4198499160144433e-06 0.00011207751443464712 0.00010343609881153738 2.2355705891367076e-05 2.45610422439631e-06 1.6405890926597665e-06 4.968687737881448e-07 0.0 0.0 0.0 0.0 2.4200376773264795e-07 0.0 7.660249607379888e-08 0.0 0.0 1.769784025457648e-07 0.0 6.240651246576486e-08 0.0 8.795472407315457e-06 5.141189218406196e-08 3.441506217394718e-05 0.0 0.0 2.0980822629526827e-07 3.0693812642567414e-05 1.4721425949395317e-06 3.613926708921649e-07 7.767566312461633e-07 0.0 0.0 0.0 0.0 0.0 0.0 1.1233758615793194e-06 0.0 0.0 0.0 1.1860189528611078e-06 2.812420501554382e-06 4.616495612741488e-08 6.059574957766822e-08 6.740955223325078e-08 6.875813915399184e-07 1.2702357995166922e-05 1.541537814033822e-05 2.259443237406728e-06 3.9121384815313424e-07 0.0 1.1688549896799475e-06 7.515733019689651e-08 1.68254699268177e-06 2.1017154390189084e-07 3.733834104537471e-07 1.2456211002449703e-06 2.5881546354883504e-07 1.401794769424529e-07 0.0 9.565218379513685e-05 4.80228162753836e-05 5.0747546590740434e-06 1.3643913145574843e-06 4.103271191597453e-07 1.429152522081237e-06 7.105138769899785e-07 3.0402937026419915e-07 0.0 3.949283564916092e-06 0.0 2.2955580688892948e-07 2.781965158873831e-07 1.4077718201957588e-06 9.958529986682927e-08 2.3048664908722164e-06 3.222317717219087e-07 2.6001967181508556e-06 2.830670540619429e-06 4.044880615930711e-06 9.848371000475035e-07 8.876408304747044e-07 0.0 1.4250915310000573e-07 1.3090156780944616e-07 0.00030647608790056966 3.791616014892697e-05 8.198912651113141e-07 3.724214896456361e-06 0.00011435941532051568 4.1504532297339696e-08 2.68087247512634e-07 1.5286700125843747e-07 1.1446392033524953e-07 0.0 6.655900702892625e-07 0.0 2.5387786801927147e-07 0.0 6.568698632676101e-07 8.731386624382242e-08 2.7204011299234015e-07 1.1241581103676935e-07 2.2352828191800658e-07 2.5740233402131327e-07 0.0 8.616361245788618e-08 0.0 0.0 0.0 0.0 0.0 0.0 0.0 0.0 0.0 0.0 0.0 0.0 0.0 0.0 0.0 0.0 0.0 0.0 0.0 0.0 1.0000912105326005e-07 0.0 1.0052978147657936e-06 2.350912415323977e-07 3.737447369907353e-07 2.0529465066945708e-07 1.0060196106277942e-07 0.0 0.0 0.0 0.0 0.0 0.0 0.0 0.0 0.0 0.0 0.0 0.0 0.0 0.0 0.0 0.0 0.0 0.0 0.0 0.0 1.5089711255273478e-07 0.0 6.218621833942764e-07 0.0 0.0 0.0 0.0 5.220804728853187e-08 8.02726569403557e-08 0.0 0.0 0.0 9.473825748288008e-07 0.0 1.6581814942827714e-07 0.0 0.0 7.39908595189483e-08 0.0 2.5201707512314184e-07 9.140891591536147e-08 2.996343470546196e-07 0.0 0.0 0.0 0.0 0.0 0.0 0.0 2.7202241935787927e-07 6.309644731719823e-08 0.0 0.0 3.8032626247584475e-07 1.0320101647332026e-06 6.698183813552514e-07 1.8967400783800793e-05 3.211239164195714e-06 5.169757572571926e-06 1.3576382804381389e-06 8.478805539626176e-05 3.6628781494684375e-07 1.9526496663381038e-07 8.692934394041504e-07 1.1570454725228528e-06 9.935270708649243e-08 4.6043227351171716e-07 0.0 2.955464901708398e-07 0.0 0.0 0.0 1.8021715979632445e-07 0.0 6.9345058010753635e-06 9.331177220313599e-07
0.0002739454536440696 0.0008356584562786925 9.340600149841155e-05 0.001496035081900089 0.0004857366092315908 5.136052743464014e-05 0.0 3.7764188057489015e-06 0.0003253309150294376 0.0012057908077380212 0.00012734533723708053 0.00019460571386152153 0.002291311125592385 0.0016014399420472066 8.630731352527417e-06 4.1542412104901607e-07 2.333543169356741e-06 0.0 6.192900643115029e-08 1.0424552497958283e-07 1.6264463769831828e-07 0.0 1.9225002353367337e-07 6.67247957214339e-08 4.840084550199607e-08 5.028387135963947e-08 8.396452864840471e-08 0.0 5.9263233043619666e-08 0.0 3.3818840665797615e-05 8.17277886857586e-07 7.638324178455236e-06 0.0 1.7902717033889906e-07 1.8800824644683054e-07 2.3915681090481076e-06 1.2427407238393374e-07 4.550334044252233e-08 1.7185607393903182e-07 0.0 2.063211347353645e-07 0.0 5.075363521154671e-08 5.873515150244217e-08 0.0 7.16875954767648e-05 3.4050166069917717e-06 8.293928676057835e-07 0.0 7.785055462902169e-07 5.080043119258074e-08 0.0 0.0 5.966258936130142e-06 1.3554767522542358e-05 2.0427945370845384e-05 5.783874089861153e-05 1.3281616306972859e-05 2.6271255351827722e-05 1.4554030140290046e-07 4.0908061995103454e-07 5.4831731568058386e-08 1.6783447716415433e-05 8.308457869650053e-06 6.1305435489196635e-06 1.6029027929085215e-06 6.773228552852833e-07 1.156910465533107e-07 9.702142170827624e-08 6.479904174322273e-07 0.0 0.0 5.320857955800443e-05 2.219039616215439e-05 5.840413861099487e-05 5.1736384634170225e-06 3.418740204458537e-07 4.5329501750279755e-08 3.0925836565347965e-06 4.4155803216809645e-08 1.0063098353278208e-06 1.0627032411280935e-05 5.8393965550463464e-08 3.8560594247139425e-06 6.6248522630389636e-06 5.022197208287821e-07 1.0955241132467203e-07 2.5330521574142033e-06 0.0 3.4555130396464446e-07 0.0 8.90600537952265e-08 0.0 2.4270770241421087e-07 7.74235971377571e-06 4.181014005591107e-07 0.0 5.492789906247141e-08 7.650497841597436e-05 1.2631829695359702e-07 3.836036667386845e-06 2.2451875996380256e-06 1.2735997354320554e-06 1.6166418201908484e-06 1.6103175077829412e-05 5.653990975599967e-06 2.5908206461677415e-05 9.260537771284483e-07 9.611940637979959e-06 2.4276523185810537e-06 3.7585386785884205e-05 9.696229001830673e-06 2.576710252837625e-05 1.3286378197425926e-05 4.119729193959653e-08 9.255613049520224e-08 0.0 5.356488526418029e-08 0.0 0.0 0.0 0.0 0.0 0.0 1.0628902481548491e-07 0.0 3.3121048270407106e-07 0.0 0.0 0.0 1.0453788102029435e-07 0.0 0.0 1.0013443219627779e-06 7.415982807824376e-07 0.0 0.0 0.0 1.6130421572164523e-05 5.798196064147512e-07 6.087761112283959e-06 1.3368669939246551e-06 3.8532429534610934e-07 0.0 0.0 0.0 0.0 0.0 0.0 0.0 1.9437870686144605e-07 3.316777411591586e-07 0.0 1.0710168514690403e-07 0.0 0.0 8.370627405865155e-08 6.390967262923764e-08 0.0 1.434881008654456e-07 8.343184933390324e-08 1.7187669767988226e-07 7.293484450047993e-08 3.672132142387324e-07 9.064954065963202e-07 5.719315036299763e-06 0.0 0.0 1.3535596853401142e-07 4.059105994116674e-08 0.0 0.0 0.0 0.0 0.0 2.3986848921075557e-05 0.0 0.0 4.866247049338076e-08 0.0 6.2714128633030984e-06 0.0 3.674100086780409e-06 3.650358997170142e-07 6.95449989635113e-07 9.325030854591509e-08 0.0 0.0 0.0 5.322007953981354e-08 0.0 0.0 0.0 0.0 0.0 0.0 7.007003350575724e-06 3.4866373856205505e-06 2.6375424436877586e-06 0.0002634103793020741 8.312688043203883e-06 0.00018532422400992506 2.5150493180215577e-05 0.00016043903469824798 2.0496795748345802e-05 4.195034759485647e-07 1.586207680258873e-05 2.8369503029416778e-05 5.59912354504954e-08 8.117461538112853e-07 2.976038339801485e-07 2.2434380070068685e-05 0.0 0.0 0.0 5.9748031302582655e-06 0.0 6.929615969786726e-05 2.422742219294534e-05
4.0988524933620316e-05 0.00018051613022491113 0.0023221908270832357 9.797660093384057e-07 8.43664263813948e-05 1.5810054532617414e-06 3.7764188057489015e-06 0.0 4.665966183977861e-05 1.8256304894947114e-06 0.0010131605156945805 5.977979092835191e-06 0.00011361216715949818 0.00041423588170283503 3.7945090710220175e-05 7.56534155217995e-06 3.7215199194153877e-06 3.1646988505298374e-07 1.7413730982712458e-07 4.257345342138501e-07 3.7546577822883387e-06 6.842371894235181e-07 1.6699568905068173e-06 3.5625989443001605e-06 7.95203264084988e-06 3.281770129152896e-06 6.518968960547969e-06 3.5454994863201677e-06 9.460423472833896e-07 1.711871992272728e-06 0.0007286540315208174 0.0002590514962312125 0.00015009071869412482 1.3815042112834044e-07 4.315343536816228e-06 7.6876344206601e-06 2.2887873512661752e-05 1.4093860119093023e-05 3.4083409451688452e-06 1.8639964414501e-06 1.1657129255505988e-05 9.10803709566742e-06 6.901163972405646e-07 1.9120936312989782e-06 5.909060146169553e-07 5.765511857334167e-07 0.00011476917626675115 3.1601643511389848e-06 9.93395874572052e-07 1.3632746167239766e-06 2.288861349700331e-06 1.1810976287734087e-06 6.393365897888341e-07 2.339507685351036e-06 3.111595192065571e-06 7.085580052586448e-06 2.3170178349420627e-05 9.648060105031106e-05 9.671068373085157e-06 2.8138402561615503e-05 1.813382442952251e-05 8.773320518572514e-05 4.178309622596909e-06 0.0001004533384375187 5.60893665447954e-06 4.321555993581642e-06 1.854508725789636e-06 8.550756397513367e-07 4.1814051592084295e-06 1.2466256416325104e-05 1.2758155991659601e-05 1.3726732875422614e-06 0.0 4.6855416025079754e-05 5.8216899127833506e-05 0.00011773857205147129 5.991536447676742e-05 1.5099341953891478e-05 0.00031240335573953266 0.001959221913345203 4.2447568180128675e-06 0.00040934392849115375 7.261334126542326e-06 0.0 3.447937378158254e-06 4.15194839444756e-06 8.178405023521274e-07 2.537191318434725e-07 1.6161063432481719e-06 6.454133265199948e-08 0.0 6.762198260863689e-07 7.619904676375442e-06 4.886098586365874e-06 2.1434068045627583e-06 7.903247830621904e-06 8.521214612910184e-07 0.0 1.5665808473233845e-06 2.008693790598571e-05 0.0 0.0 1.7277597538502213e-07 0.0 0.0 8.581824253218275e-07 2.133729656744931e-07 2.100077065355532e-06 0.0 7.483461755263475e-07 2.064922965883922e-07 2.339755326097963e-06 6.745378281262682e-07 1.5002748542019063e-06 2.29625610049748e-06 0.0 0.0 0.0 0.0 0.0 0.0 2.2909764657003805e-07 7.26269729230092e-08 0.0 2.1723638887737695e-07 0.0 0.0 0.0 0.0 0.0 2.243695146831412e-07 0.0 9.904638628341408e-08 0.0 3.695979701621384e-08 0.0 6.391919157858536e-08 1.4697524307878427e-07 0.0 3.677983802528607e-06 3.5128534293361523e-07 1.6401508547264722e-06 2.0382887663737656e-07 5.318149331165536e-08 3.8041003156795556e-07 5.2000625368934405e-08 0.0 0.0 0.0 1.4568763276300528e-07 0.0 0.0 0.0 0.0 0.0 5.4636482058515036e-08 3.3928843923864456e-07 6.093308937536895e-07 0.0 0.0 0.0 0.0 0.0 0.0 5.285281174455048e-07 6.353120185273651e-08 1.4300950928875648e-06 0.0 0.0 0.0 0.0 0.0 0.0 4.770748569907819e-08 0.0 1.5100876051614435e-07 4.699044677907946e-06 0.0 0.0 1.6369248972092764e-07 1.9774278071000871e-07 1.3686219128208814e-06 1.8421417558919438e-07 1.8934543283793732e-06 0.0 1.829150084974165e-07 0.0 0.0 4.211542051536446e-08 0.0 0.0 0.0 0.0 0.0 0.0 7.966414553735431e-08 0.0 8.205774087479643e-07 1.201827827558333e-06 8.196233357154904e-07 0.0002511161254455255 1.0457269871082255e-05 0.00020331182978334774 3.8183093877455326e-05 2.090052409647406e-05 2.7288580318181977e-05 4.359483824496278e-07 1.6847892468552704e-05 3.2883601176580554e-06 3.330368897107232e-07 1.9348351260244468e-07 0.0 2.062517223852785e-06 0.0 0.0 0.0 5.763994346662938e-06 2.9247960392139685e-07 7.805122023761222e-06 1.6209477946618308e-06
1.6239140496803185e-05 0.0004104930095020076 0.00022604584676821056 0.00013903082434666236 0.0014500083807892493 1.1241340671303436e-05 0.0003253309150294376 4.665966183977861e-05 0.0 0.0005336638552204557 0.0009727476956368958 0.00010677036667886951 0.00019023097577068344 0.0003099105198767767 4.62762234497431e-06 2.9648105383803166e-07 8.653807771661022e-07 0.0 0.0 0.0 5.1512361324025536e-08 0.0 0.0 0.0 0.0 0.0 0.0 0.0 9.06485922714735e-08 5.2617155600326125e-08 8.276153551909382e-06 6.477126807521185e-08 1.0682167899808979e-05 4.9099800561264074e-08 8.209116980399574e-08 0.0 3.828767073434558e-06 7.28570704372133e-07 0.0 3.802278272661143e-08 0.0 0.0 0.0 0.0 0.0 0.0 2.5433424849335222e-05 1.0536251309623699e-06 1.2301127835484965e-07 5.220611856158667e-08 1.2036642093952473e-07 6.533926452310986e-08 0.0 0.0 7.020624604725433e-07 1.2095158773293668e-06 2.3327734592417194e-06 6.207304352563274e-06 2.4327803554402604e-06 6.795595660247935e-06 1.9957391017536303e-07 7.265739810351748e-07 0.0 3.269269991374787e-06 9.730482300097676e-07 1.1641445670131843e-06 2.5388545824167395e-07 2.004329807424271e-07 0.0 5.55607864569257e-08 1.0271648909334157e-06 0.0 0.0 7.328578217382189e-06 6.124334404109609e-06 1.575508075712857e-05 3.817025303298466e-06 5.454529106926238e-07 7.0335847925852e-08 3.7251640405199752e-06 0.0 1.1417508938396696e-06 2.2526392654139394e-06 0.0 6.161397206833951e-07 8.607260304171568e-07 5.458524805729798e-08 4.997083702822457e-08 5.234720435316529e-07 0.0 1.2434827576967995e-07 0.0 5.7572573346146984e-08 0.0 7.500852599076078e-08 1.0243604545470631e-05 0.0 0.0 8.384319107253588e-07 4.6244999464566075e-06 3.932039436829537e-07 3.959441565791656e-06 3.22816364183297e-06 1.4451808235621367e-06 2.439184325050288e-06 1.995114655559285e-05 5.688346087271171e-06 3.093674428771385e-05 1.419842416845708e-06 1.1045889109104622e-05 4.810942257548422e-06 4.697219001090041e-05 1.2825773008673048e-05 3.5036719475886435e-05 2.3618293445361184e-05 4.235877130599564e-08 0.0 0.0 0.0 0.0 0.0 0.0 0.0 0.0 0.0 0.0 0.0 1.6409621318294765e-07 0.0 0.0 0.0 0.0 6.884559269903068e-08 0.0 5.759524426505191e-07 4.451323567357762e-07 0.0 6.871045985498108e-07 0.0 2.9931380568932798e-05 5.036039584163065e-07 7.32030626598469e-06 4.072167800559733e-07 2.178396011518016e-07 0.0 8.296752877804136e-08 0.0 0.0 0.0 4.6086396546265156e-07 0.0 4.003019237977165e-07 3.057607981839499e-07 0.0 0.0 5.4715735202081405e-08 0.0 0.0 0.0 0.0 0.0 4.113565333320422e-07 3.3295515844526356e-07 0.0 1.4378773307726314e-06 7.414158543847664e-07 1.0253918099148433e-05 0.0 0.0 1.689098792393415e-07 0.0 0.0 0.0 4.854773267044078e-08 0.0 0.0 3.5487966641254346e-05 7.656758416788177e-08 0.0 6.689989295671346e-08 0.0 7.865382100818483e-06 6.571062823304927e-08 4.566857537609372e-06 9.360602268231369e-07 7.252720513829845e-07 2.0917136455438146e-07 1.393006281572598e-07 5.8209041548808586e-08 0.0 0.0 0.0 0.0 0.0 0.0 8.818997584711155e-08 0.0 1.091699963989784e-05 6.866674687578167e-06 4.049103374600949e-06 0.0002081298061314438 3.740880125917255e-06 6.2999983921004e-05 1.3747778119090678e-05 2.188320757611814e-05 1.542540662817352e-05 1.3666581960414031e-07 8.091400104266314e-06 3.74910759931283e-05 3.4817936781808286e-07 1.3832876641772407e-06 4.1611179208155014e-07 2.057274909727254e-05 0.0 2.4929868840239697e-07 0.0 1.1419250130740127e-06 1.5356989169995724e-07 5.361645147789846e-05 3.151053379362533e-05
0.0006137727852423403 0.0006804818282091864 1.9888510641513147e-05 0.0013064896574949236 0.0008716475469719108 0.0005455094244689091 0.0012057908077380212 1.8256304894947114e-06 0.0005336638552204557 0.0 1.7322281497292142e-05 0.0006895158837071204 0.0036376354216005285 0.00017555618640375528 4.814431005086006e-06 2.436536436221704e-07 1.2627969825690101e-06 0.0 0.0 0.0 5.6372309034268054e-08 0.0 0.0 4.95413231749919e-08 1.1523016263818754e-07 0.0 0.0 7.547054765996074e-08 0.0 0.0 9.669206294371063e-06 1.200672305815165e-07 1.1685736612816608e-05 4.932286270299898e-08 6.033223092710101e-08 0.0 1.0134621529407947e-05 2.5830824343001027e-07 6.433188849142313e-08 0.0 0.0 6.663390008067107e-08 0.0 0.0 4.899505315425842e-08 0.0 3.608762665263047e-05 1.1571320665180652e-06 5.550051432435091e-07 1.1463228845652028e-07 5.747701681008746e-07 3.237724232200618e-07 0.0 0.0 2.7149854711714392e-06 5.9459319776513975e-06 1.9574164705639985e-05 3.484971201662833e-05 8.355958626991954e-06 1.383396484510056e-05 5.4520688306277785e-08 6.375676159845504e-07 5.3570484416948486e-08 5.054980586733916e-06 3.7988626842692624e-06 2.705174496978542e-06 9.321038662564209e-07 2.591032997445841e-07 4.790516345636342e-07 1.1496924289847373e-07 9.678590899120109e-06 1.6800444207651481e-06 4.364125783201114e-08 2.7795336712602892e-05 8.04307177110462e-06 2.3914595762709458e-05 2.5400811319649263e-06 2.721848766129361e-07 1.1442783560749298e-07 4.001261174143481e-06 5.5761911764920245e-08 3.7852092340170314e-07 5.62549818856631e-06 1.5492069412401353e-07 1.4471803562165245e-06 2.793739596579032e-06 6.494152206282901e-08 4.051066514710552e-08 1.2700364221418445e-06 0.0 0.0 6.18785672992198e-08 1.2524806780200527e-07 7.386075811955393e-08 0.0 5.535709502643574e-05 4.3674010265104915e-06 0.0 4.9045016923184265e-08 0.0003412405922636389 1.0123777077078705e-07 8.43272622598868e-06 1.907714381569034e-05 4.199668598055223e-06 3.4478135967489707e-06 4.750197491020191e-05 1.4577605472379153e-05 4.770603523017629e-05 1.0522776891988999e-05 2.5191673074648486e-05 5.3418271117749835e-06 7.77866987776153e-05 2.448050649308174e-05 4.6467485107868854e-05 2.505019084590963e-05 0.0 5.7673280167612904e-08 0.0 0.0 0.0 0.0 0.0 0.0 0.0 0.0 0.0 5.0054115171658406e-08 0.0 0.0 0.0 0.0 0.0 0.0 0.0 2.849749464700743e-06 1.0217882119478369e-06 0.0 0.0 0.0 2.6610816778012847e-05 2.3422105136744226e-06 9.130550127815707e-06 9.53680678759836e-07 2.703447074576568e-07 0.0 0.0 0.0 0.0 0.0 5.749193541559812e-07 0.0 1.0729513490094029e-06 1.3053605262303149e-07 0.0 0.0 0.0 0.0 0.0 1.372574283455492e-07 3.999892128690015e-08 1.177128394441386e-07 3.415224817110601e-07 4.721334897285255e-07 3.967322983102305e-07 0.0 0.0 1.3146807196818712e-05 6.455229561388441e-07 1.2088935531243033e-07 0.0 0.0 0.0 0.0 0.0 0.0 0.0 3.917132578240072e-05 0.0 0.0 0.0 0.0 9.875632207684779e-06 2.734192852363722e-07 5.308867934738356e-06 1.3922087276540411e-06 8.703632944996075e-07 2.842593618881206e-07 1.113434739230011e-07 1.0032293466828917e-07 0.0 0.0 0.0 0.0 0.0 0.0 0.0 0.0 1.1610943987351172e-05 4.721385422138383e-06 2.3277178100374374e-06 0.0003632932105723681 5.001332236298235e-06 9.561664589069237e-05 1.5166456488830475e-05 0.0006862143329167846 1.2673504660879892e-05 1.023114342252667e-06 1.0248428007122055e-05 7.197029338807512e-05 6.906176597361584e-08 2.0127376152306547e-06 1.1859888725135989e-06 6.133910773801521e-05 5.441311599617057e-08 0.0 4.052861594515913e-08 6.469056733440369e-06 0.0 0.000341919952345527 7.005137635334645e-05
0.00012007659479630976 0.0008405645517151018 0.0015451997993229862 5.548272612382342e-06 0.0008508543776835908 3.4198499160144433e-06 0.00012734533723708053 0.0010131605156945805 0.0009727476956368958 1.7322281497292142e-05 0.0 0.00013903827145752559 0.0001982691063459682 0.0005019963461008038 1.9855069251568878e-05 4.032814948249622e-06 2.4555458637903017e-06 4.1673761527004146e-08 0.0 1.7903874270057024e-07 6.198636949799321e-08 0.0 1.1091430295455866e-07 8.870726431023211e-08 1.065167564246362e-06 2.519438380490772e-07 1.1651866094764496e-06 6.429924196297252e-07 1.6749805890829162e-07 0.0 0.0002469594224157553 1.63571043084317e-05 5.884514224911057e-05 0.0 3.6925272803894774e-07 1.550115971679707e-06 1.3425054899950293e-05 1.5165685601997195e-06 1.462154723366206e-06 2.5622316881328944e-07 4.0430790524856803e-07 9.567907723892693e-07 0.0 1.0351185634207754e-06 5.300732342387674e-08 0.0 6.381406192907054e-05 2.989220132542626e-06 5.405462488261269e-07 6.068235448285116e-07 6.811759841516233e-07 7.046371901554245e-07 3.493094069870662e-07 5.220193692571275e-07 1.8180734295063926e-06 4.960495928010837e-06 1.2480102684722002e-05 4.4922667107529687e-05 6.325657626763668e-06 1.6233485149893578e-05 1.014292715365041e-06 3.821393415117354e-05 0.0 2.099511637036784e-05 3.4670953956299936e-06 2.4676343449991977e-06 1.2233685202662292e-06 7.456213791978756e-07 1.6823124010389628e-07 6.743001661060206e-07 9.134937058164952e-06 4.015143877945761e-07 0.0 2.622086876699131e-05 2.6638768933142722e-05 6.435318422411975e-05 2.174706178805544e-05 5.421152428693293e-06 4.225642272877547e-05 0.00017993774127021597 1.4394178419997338e-07 2.6725541933697674e-05 4.6180519823901395e-06 4.000544778716926e-08 2.1733826462426417e-06 1.8703696917000543e-06 6.911715277721308e-07 1.1190319437891604e-07 1.086720043618923e-06 0.0 2.398294261779181e-07 1.1089621967829066e-07 1.0318127332295395e-06 5.725581988368321e-07 4.750900450038669e-07 6.739327097241232e-06 5.767189499098863e-07 0.0 4.5331519705198784e-07 3.081182210463005e-05 4.453523640857434e-08 6.378072690744318e-07 5.878670228244834e-07 2.805177485069758e-07 5.27164406188379e-07 3.932295599042786e-06 3.375477417403027e-07 4.446459267348534e-06 4.9001035324923e-07 1.0490522245785897e-06 8.387207716790606e-07 9.683607038645154e-06 3.2102946023197525e-06 8.440694942546211e-06 6.353786846819945e-06 0.0 0.0 0.0 0.0 0.0 0.0 0.0 0.0 0.0 0.0 1.328999003670679e-07 0.0 5.328454577680005e-08 0.0 0.0 0.0 7.072799123336463e-08 0.0 0.0 0.0 3.521524829825046e-07 0.0 0.0 0.0 8.298935109605459e-06 6.727946369203607e-07 2.172523213308697e-06 3.718167152972067e-07 2.1005280445759183e-07 0.0 0.0 0.0 0.0 0.0 0.0 0.0 3.94603459125735e-07 1.9380361113982248e-07 0.0 2.1107590253619546e-07 0.0 0.0 0.0 0.0 0.0 0.0 0.0 4.270195339295215e-07 5.668553429016844e-08 0.0 4.170836873302813e-07 3.4068969910779627e-06 0.0 0.0 0.0 4.673108229463873e-08 0.0 0.0 4.951012455549652e-08 5.741117591680546e-08 0.0 9.842352772357631e-06 0.0 0.0 7.17173541243086e-08 0.0 2.660250487664087e-06 0.0 2.0904542686733788e-06 2.031427992398336e-07 1.4734217656137683e-07 0.0 0.0 4.5374497586164934e-08 0.0 0.0 0.0 0.0 0.0 0.0 0.0 0.0 3.599864364660618e-06 2.1352030482743404e-06 2.043669692455042e-06 0.00023009602958309541 7.5159499060087396e-06 0.00012630707244854554 2.5782603730213322e-05 2.0197096689579862e-05 1.904737572712559e-05 8.305336764743155e-07 1.181407788327571e-05 7.905178342126579e-06 0.0 8.702640332492464e-07 3.350499974856706e-07 3.144850921585173e-06 8.30550111565739e-08 1.179179390985657e-07 0.0 2.606331616714564e-06 3.224370739900755e-07 1.0982105746659995e-05 4.386497379269838e-06
