0.0 0.0012579038811150443 7.187904709841347e-05 0.000363391314578859 1.5117391655123961e-05 2.021027474531378e-06 0.00028711107430106725 1.2543045181404957e-05 1.4394556848162942e-05 0.0005922262181996463 2.889175868568615e-05 8.031435658817028e-05 0.00016352290834287743 5.019601157567919e-05 0.0 2.2979099751077253e-07 0.0 0.0 0.0 0.0 0.0 2.972728799022846e-07 0.0 7.089336520896405e-08 0.0 0.0 0.0 0.0 8.208309704622561e-08 5.459439222681721e-08 0.00019810462292351716 1.1906831870484433e-07 1.5608658824648708e-06 0.0 0.0 2.772109289181743e-07 1.406121079002455e-06 0.0 2.864228195343271e-07 0.0 5.489219226194732e-08 5.450736857700881e-08 6.979292567578643e-08 0.0 0.0 0.0 3.082127461333172e-06 8.040298582109217e-07 0.0 0.0 1.279339348182199e-07 1.3194627617194718e-06 0.0 1.1591375978160062e-07 1.5507246644216315e-06 1.3715048534208486e-06 0.00020423387996250245 0.0010467378953458873 1.0890019171049699e-05 8.869426934571184e-07 0.0 1.365309692043884e-07 0.0 1.624039777632319e-05 1.6059017547691453e-06 6.327411290382106e-07 5.080381188611355e-07 0.0 2.0441753967532824e-07 4.816925267730873e-07 4.012588707139621e-06 2.6504479827319403e-05 4.646126218230341e-07 0.00010000587208389779 5.365758360427598e-06 2.2133885247899037e-06 5.300797265549717e-07 6.209807393638994e-08 2.1273641263673853e-07 3.5802952017194487e-06 0.0 6.397564166627212e-07 2.6355340847217068e-06 1.6590060317232418e-07 1.0570274772062759e-06 6.06458876306843e-07 1.2536717950142852e-07 2.1526187710708634e-07 1.784686088109434e-07 4.005879412288214e-07 1.2687360652466857e-07 2.4886993513409305e-07 1.296212794292195e-07 1.717384819188299e-07 5.688141023786793e-08 4.6702716620553196e-05 1.960612427660723e-05 2.1695366367500723e-06 1.308896903653372e-06 0.00027589169535498096 0.0 5.948469355426459e-06 0.0 0.0 0.0 1.8905424049710174e-06 1.3562985004688752e-06 0.0 0.0 1.9791332407694266e-06 6.505518326664364e-07 1.5048956171208827e-06 1.4922343257790774e-06 1.1210658799454175e-07 6.380539905942487e-07 0.0 0.0 0.0 0.0 0.0 0.0 0.0 0.0 0.0 0.0 0.0 0.0 0.0 0.0 0.0 0.0 0.0 0.0 0.0 0.0 0.0 0.0 0.0 0.0 0.0 0.0 0.0 0.0 0.0 0.0 0.0 0.0 0.0 0.0 0.0 0.0 0.0 0.0 0.0 0.0 0.0 0.0 0.0 0.0 0.0 0.0 0.0 0.0 0.0 0.0 0.0 0.0 0.0 0.0 0.0 0.0 0.0 0.0 0.0 0.0 0.0 1.954504939638884e-06 0.0 0.0 0.0 0.0 0.0 0.0 0.0 0.0 0.0 0.0 0.0 0.0 0.0 0.0 0.0 0.0 1.0699935125967795e-07 0.0 0.0 0.0 2.9218485324875365e-06 0.0 1.2222411252897494e-07 4.334562788795323e-06 5.697498992119044e-07 1.4346720792019398e-05 3.6752889940082275e-06 7.928432551425079e-05 1.659456024076996e-06 6.253362025368715e-07 1.443954401099978e-07 0.0 0.0 0.0 0.0 1.5975707484457376e-05 0.0 0.0 0.0 1.1035773978997105e-06 0.0 3.642337790821739e-05 5.409835207781593e-06
0.0012579038811150443 0.0 0.0005821905222574808 0.00013721417756708582 0.0005711136063804399 2.2333768544850994e-05 0.0006647793362973313 0.00038360649232304603 0.0006857069107796159 9.039208105035363e-05 0.000811306452618672 2.1904272914742687e-05 0.0007885331391428442 0.0010505235578873384 1.4486937802135794e-06 2.8977178226889595e-06 4.6822894152116924e-07 0.0 5.259003289151556e-08 0.0 1.599797510666054e-07 4.822763215594965e-07 6.137769404327436e-07 4.643201392342599e-07 2.9785048636074233e-07 3.618846084173323e-07 5.395112452154149e-07 1.785711378394241e-07 5.5208617182840726e-08 3.3822331762228073e-07 0.0009795130857877675 1.2575559140285429e-05 9.100682725435524e-05 0.0 8.108241400472416e-07 3.3662580375668747e-06 2.493347840827694e-05 1.294753270463459e-06 8.622321101432314e-07 3.071323516219227e-07 3.022273769072363e-06 1.7294558002591655e-06 6.258600447283606e-07 6.883164150198177e-07 7.150689898911805e-08 4.155333798978994e-07 4.609120680608998e-05 6.3317334573095274e-06 6.513542417725271e-07 7.199952445285368e-07 1.2573875564886838e-06 4.70317264901097e-07 0.0 7.673586607890102e-07 8.384931016902786e-06 8.070307109099963e-06 0.00010316540468796309 0.0007339271650662956 1.538793544861485e-05 1.692134615980958e-05 1.6455182000218222e-06 7.033512909248408e-06 3.433719788309228e-07 0.00011868021832099082 1.0240453966593855e-05 7.373156309900392e-06 2.1967522510716852e-06 8.889451267156638e-07 1.7523787032649975e-06 6.64344838327946e-06 3.900823108456374e-06 5.342611608596832e-07 0.0 0.000306609741873038 7.13254677332758e-05 5.503808928624163e-05 1.530879228886479e-05 4.2421798488438095e-06 1.821221027120434e-06 8.315767573659952e-05 6.614218680170225e-07 6.518938976071268e-06 2.3772923881497116e-05 4.530400246324642e-08 1.0223126440976797e-05 4.350434907687908e-06 1.2150059700133135e-06 2.5193836893615873e-07 1.0932145197551244e-06 4.0411065267503144e-07 4.726468316986738e-07 3.616830338867531e-07 2.720991096872958e-06 7.232332375949069e-07 7.81100011191521e-07 5.959381372799358e-06 0.0 4.98271955883879e-08 4.3102298593686895e-08 0.0003591457185932802 0.0 0.0 0.0 0.0 0.0 3.749069147392915e-06 0.0 0.0 0.0 1.0550446134405152e-06 1.8507877982698673e-07 0.0 0.0 9.201311939078251e-08 1.419954194521239e-07 5.1928752682296906e-08 0.0 0.0 0.0 0.0 0.0 0.0 0.0 0.0 0.0 0.0 0.0 0.0 0.0 0.0 0.0 0.0 0.0 0.0 0.0 0.0 0.0 0.0 0.0 1.7754302294923032e-07 0.0 0.0 1.1011115865147393e-07 0.0 0.0 6.642644301527762e-08 7.43537832779762e-08 0.0 0.0 0.0 0.0 0.0 0.0 0.0 0.0 1.1631288159135944e-07 0.0 0.0 0.0 0.0 4.705386623556133e-08 0.0 0.0 0.0 8.39143905516451e-08 7.458833611320849e-08 0.0 4.6298823411806707e-07 0.0 0.0 0.0 0.0 7.78743889417038e-08 5.123386750230347e-08 0.0 3.161846497298094e-07 1.6905530033074189e-07 0.0 0.0 0.0 0.0 3.4252702093830575e-07 0.0 0.0 0.0 0.0 0.0 0.0 0.0 0.0 1.3985447454933205e-07 0.0 4.498416313355772e-08 2.4607280168432107e-07 0.0 0.0 0.0 2.397785763739017e-07 0.0 2.139639041182465e-07 2.8089770044915726e-05 4.32611471202471e-06 0.00012082386889162573 1.7783126706325918e-05 1.6594484197600797e-05 1.0583500919972147e-05 2.7371542261497143e-06 9.535535150081261e-06 0.0 0.0 1.2561834359672432e-07 0.0 1.7266365768286038e-07 5.932115046904201e-08 0.0 0.0 3.696407656132172e-06 0.0 4.8204329368862426e-05 1.8507517188894794e-07
7.187904709841347e-05 0.0005821905222574808 0.0 2.353144234915324e-07 6.617670808736637e-05 5.582318311895985e-08 5.769691087845601e-05 0.0012535337949323387 0.00013211759521148569 9.7061978490141e-07 0.0014487636351469464 2.524183186952317e-06 3.4558971457085365e-05 0.00043429830379960213 4.156843608156155e-06 1.3325590588790444e-05 2.671823034240754e-06 1.9036939151021807e-06 4.921027735039292e-07 1.3114392143835785e-06 2.184184160188042e-06 3.5760703154917414e-07 1.9158522147245594e-06 2.0005105869821273e-06 3.438068445703805e-06 2.437712076957506e-06 4.590593370447121e-07 4.373556544491496e-07 2.1366817761072487e-07 1.268931985958652e-06 0.0016630080079409835 0.00021751151809191723 0.00019466153581757008 1.2834389426561231e-07 4.067902834622859e-06 1.098448743007003e-05 4.17974981235298e-05 3.7165831488802836e-06 8.917421403616183e-07 3.843620439674366e-07 1.4685533406188005e-05 6.776120752604261e-06 1.0143189949563732e-05 5.547116558980456e-06 1.8214287669397694e-07 1.26472530207786e-05 3.85479804874766e-05 2.8553572249208265e-06 1.2789246610918588e-06 1.0135362161665436e-05 9.001863253513034e-06 6.599968615112086e-07 0.0 3.0175093647844465e-06 3.1208944376187238e-06 2.5673208852701203e-06 1.4451071114994616e-05 0.0002532205259964002 3.100534838658175e-06 9.191733868094275e-06 4.3239852765824966e-05 2.830057955599294e-05 3.4236951025175856e-06 0.0001297077527371536 3.3245533495714546e-06 4.1873609972533744e-06 6.3290562889515e-07 1.0091992143010462e-05 2.637433451677729e-05 5.153680390953526e-05 9.181895620081669e-06 3.832827313766698e-07 1.287212532511603e-07 8.54765459448023e-05 3.585187963817305e-05 3.804738054528397e-05 2.3173109937744716e-05 1.566930616190558e-05 2.8983051350997602e-05 0.0007337627434596799 2.625898304238904e-05 0.00012919114770535065 8.091614303265826e-06 0.0 4.3972199111180755e-06 1.240016910713048e-06 6.136219036950253e-06 4.55536413637902e-08 7.72857342673642e-07 5.724785325251704e-07 8.558123396478772e-07 8.044354908973713e-07 2.0537199023938955e-05 3.400987127560131e-06 2.082556669256622e-06 1.0993953737915907e-06 8.416764660590595e-08 0.0 0.0 4.748017543432312e-05 0.0 0.0 0.0 0.0 0.0 0.0 0.0 0.0 0.0 1.787660125719083e-07 0.0 0.0 9.952964775584957e-08 3.63991828545532e-07 7.809022012655107e-08 0.0 0.0 6.249182300572322e-08 0.0 0.0 0.0 0.0 0.0 0.0 0.0 3.4312837159180016e-07 0.0 0.0 0.0 0.0 0.0 0.0 0.0 0.0 4.6079869494381067e-07 0.0 0.0 0.0 0.0 5.417748231488115e-07 0.0 2.664514171969596e-07 3.2726723087594287e-07 7.52381750578674e-08 2.444582609315749e-07 0.0 0.0 0.0 0.0 7.948354773834633e-08 1.667247981418217e-07 0.0 1.4162799957557927e-07 0.0 2.1572508935130367e-07 3.1736222909786165e-07 2.1441070784732207e-07 1.8838070205344564e-07 0.0 0.0 0.0 0.0 0.0 0.0 1.4986021751431154e-07 1.0249467243216065e-07 0.0 7.397662703734988e-08 0.0 0.0 0.0 0.0 0.0 5.877800603943724e-08 1.2613524638248395e-07 1.952494327465883e-07 8.424505323466617e-07 6.018010697693589e-08 4.80118124907002e-07 7.968441266169948e-08 3.6704502883143405e-07 0.0 1.474202008127897e-07 2.222521902435121e-07 0.0 9.656468758928627e-08 0.0 0.0 1.0911820157384171e-07 2.485307060173455e-07 0.0 0.0 6.912629576533788e-08 0.0 8.790817982346738e-08 1.1833476453887231e-07 0.0 2.3797610029440097e-07 2.079534986590369e-07 5.753425349363962e-07 2.997152674291956e-05 3.2772910592524474e-06 7.532834257180445e-05 9.457821597764385e-06 5.820889003143877e-06 6.758065607718029e-06 9.014918902158939e-07 6.696147170390121e-06 1.8957416003513974e-07 1.808425076287895e-07 0.0 1.283379225060999e-07 0.0 0.0 0.0 0.0 2.279428121278865e-06 0.0 1.1897368875674895e-05 4.4386738819785956e-07
0.000363391314578859 0.00013721417756708582 2.353144234915324e-07 0.0 3.114685947606292e-05 8.053356032881007e-05 0.0003870333572133952 9.114310867681583e-08 6.890175772747443e-05 0.0001422881792116374 9.042534834024562e-07 0.00011634899030525092 0.000585855127151663 0.00016778862120949057 1.5341969030110038e-07 0.0 0.0 0.0 0.0 0.0 0.0 0.0 0.0 0.0 0.0 0.0 0.0 0.0 0.0 0.0 2.2806703477083428e-05 5.534245647820951e-08 1.380634563226118e-06 0.0 0.0 0.0 1.3461657332026004e-06 6.631066829243392e-07 0.0 0.0 0.0 0.0 0.0 0.0 0.0 0.0 2.0268266013508e-06 3.6072561707233027e-07 5.072083069357385e-08 0.0 0.0 0.0 0.0 0.0 1.016224983377225e-06 6.647249836738158e-07 1.5205399995546597e-05 7.047565973977868e-05 1.6887721886796679e-06 7.512176537479161e-07 0.0 5.564799307523882e-08 0.0 6.3850615462258445e-06 7.68806876980521e-07 5.362216374390307e-07 1.392936314096291e-07 0.0 0.0 0.0 1.3374819562448108e-06 1.5037909706305796e-06 0.0 2.7640591583003412e-05 3.517294682489456e-06 1.9589646183094584e-06 0.0 0.0 0.0 0.0 0.0 0.0 1.263443289261415e-06 0.0 6.031055743701655e-07 3.0348587361668195e-07 9.847678416168876e-08 0.0 9.082780806867017e-08 0.0 0.0 0.0 0.0 0.0 0.0 1.7742933207555476e-05 4.000923681303943e-07 0.0 0.0 8.135842466988226e-05 0.0 0.0 0.0 0.0 0.0 2.532740792059051e-06 0.0 0.0 2.114740674600515e-07 0.0 0.0 6.172885055160983e-07 0.0 0.0 0.0 0.0 0.0 0.0 0.0 0.0 0.0 0.0 0.0 0.0 0.0 0.0 0.0 0.0 0.0 0.0 0.0 0.0 0.0 0.0 0.0 0.0 0.0 0.0 0.0 0.0 0.0 0.0 0.0 0.0 0.0 0.0 0.0 0.0 0.0 0.0 0.0 0.0 0.0 0.0 0.0 0.0 0.0 0.0 0.0 0.0 0.0 0.0 0.0 0.0 0.0 0.0 0.0 0.0 0.0 4.4409390496164924e-08 0.0 0.0 0.0 0.0 0.0 0.0 1.0660283380059548e-06 0.0 0.0 0.0 0.0 0.0 0.0 0.0 0.0 0.0 0.0 0.0 0.0 0.0 0.0 0.0 0.0 0.0 0.0 0.0 0.0 7.356004151728863e-08 0.0 0.0 9.502907220907746e-07 1.8406662188369995e-07 7.758746746181884e-06 1.8197601301556376e-06 8.768720435485865e-05 5.710522404322394e-07 0.0 1.630279103764992e-07 0.0 0.0 7.875921385847327e-08 7.596114040951884e-08 0.0 0.0 0.0 0.0 0.0 0.0 4.822108678958313e-05 0.0
1.5117391655123961e-05 0.0005711136063804399 6.617670808736637e-05 3.114685947606292e-05 0.0 9.928305187226718e-07 0.00044531651424406976 0.00019596077149717454 0.0011872022347710145 3.48374714474315e-05 0.0006383996284226778 6.807472144456562e-07 0.00018822062529814967 0.001251655732942592 6.569912509878407e-07 1.9506231761519893e-07 1.2716754979844687e-07 0.0 5.19273518992014e-08 0.0 0.0 0.0 0.0 0.0 0.0 0.0 0.0 0.0 0.0 0.0 0.00011049551807358093 8.034775921029755e-06 1.3259745507622516e-06 0.0 0.0 3.0629493676196134e-07 1.454986669250651e-06 0.0 5.310529528654494e-08 2.0031076618803943e-07 1.028632258371313e-07 2.0759512857854353e-07 6.085369011663152e-08 3.582815546880523e-07 0.0 1.8707504318893702e-07 4.9751353712678584e-05 3.5064143347948973e-06 5.467119568943537e-07 1.8061794919663008e-07 2.814940812716797e-07 0.0 0.0 0.0 4.458523577461023e-06 3.15982059401094e-06 6.023216583656386e-06 5.5766215505267536e-05 5.185192502852332e-06 1.1949228745770039e-05 7.162426525959727e-08 1.62347747242526e-07 0.0 7.365529523317485e-05 3.966903263145357e-06 3.381402544102045e-06 6.301927083133174e-07 1.855026549485516e-07 1.9689212278857945e-07 0.0 3.507231410652939e-07 3.7706851658490303e-07 0.0 8.323245459764507e-05 4.710047547757572e-05 5.486787409603726e-05 2.3201991956352393e-05 9.075775969821648e-07 5.196254887839559e-07 2.4699041460198768e-06 3.4935033676898356e-07 3.833785375678599e-07 1.0719307140591142e-05 4.434582535536714e-08 4.062279432356497e-06 1.4393107636678178e-06 1.0665473603977143e-06 5.0796846215700783e-08 9.152907556664251e-07 0.0 2.416445761236481e-07 5.8475372381059806e-08 0.0 1.4253870211690257e-07 0.0 1.1139352396761278e-06 0.0 0.0 1.0568030201465768e-07 0.00014954784939949788 0.0 0.0 0.0 0.0 0.0 0.0 0.0 0.0 0.0 1.1220809869057472e-06 0.0 9.876659881160665e-08 0.0 2.335051232022802e-07 2.7132411031226934e-07 0.0 0.0 0.0 0.0 0.0 0.0 0.0 0.0 0.0 0.0 0.0 0.0 0.0 0.0 0.0 0.0 8.740522496675413e-08 0.0 0.0 0.0 0.0 0.0 0.0 0.0 4.3001984092692037e-07 0.0 0.0 0.0 0.0 0.0 0.0 0.0 0.0 0.0 0.0 0.0 0.0 0.0 0.0 0.0 0.0 0.0 0.0 0.0 0.0 0.0 0.0 0.0 0.0 0.0 0.0 0.0 0.0 0.0 0.0 0.0 0.0 0.0 0.0 0.0 0.0 2.1972507616675577e-07 0.0 0.0 0.0 0.0 0.0 0.0 0.0 0.0 0.0 0.0 0.0 0.0 0.0 0.0 0.0 6.382806870637647e-08 0.0 0.0 0.0 0.0 4.6588080973973786e-07 0.0 4.5182438451319855e-08 4.6692740570503575e-05 2.0492311869642602e-06 0.0001205472737589367 7.6072822219255315e-06 1.801807289435338e-05 8.195895964830174e-06 1.1374089084774856e-06 1.2616836467328983e-05 7.85233072401046e-07 0.0 0.0 0.0 0.0 0.0 0.0 0.0 1.6757507440236256e-06 5.692175647728985e-08 2.3773771129485778e-05 2.932058352039743e-07
2.021027474531378e-06 2.2333768544850994e-05 5.582318311895985e-08 8.053356032881007e-05 9.928305187226718e-07 0.0 6.0204747608643945e-05 0.0 5.447679961927997e-06 0.0004623292132798247 1.5249080799127373e-06 0.00014084007980120106 0.00016808493723934268 5.309205657766608e-05 0.0 1.1195221616800983e-07 0.0 0.0 0.0 0.0 0.0 2.7724096834303025e-06 0.0 0.0 0.0 0.0 0.0 0.0 0.0 0.0 3.6658177695980015e-06 0.0 9.935655234364024e-06 0.0 0.0 0.0 8.51860148104585e-06 2.5070562451804255e-07 2.11952982298456e-06 0.0 0.0 0.0 0.0 0.0 0.0 0.0 5.374681016981564e-07 0.0 0.0 0.0 7.623516399473838e-08 1.5049253915949889e-05 6.977711986600283e-07 0.0 0.0 1.6867172675255926e-06 5.6556611269747376e-05 3.235457857702125e-05 7.521906865291505e-07 3.422934587884864e-07 0.0 2.2074903939389345e-07 0.0 1.7036248991940943e-06 5.239830070531797e-08 5.545950941562785e-08 0.0 1.2166131105764174e-07 8.52152296164238e-08 0.0 3.0465394434006243e-05 0.00020731782982421154 7.0376989145295324e-06 9.750784033082005e-06 1.1807056486667783e-06 1.4215965574066527e-06 1.3506498518519195e-07 7.436106827164064e-08 0.0 5.696238195176304e-07 0.0 1.9935243241362967e-07 3.044746283450277e-07 4.3109294583681125e-06 2.892658562775117e-07 7.670313475442527e-07 1.1170331452172687e-07 2.4567396279588498e-06 1.9844112624538034e-06 6.637494188849796e-06 1.8358239789304994e-06 4.828682348976688e-06 8.258803327376473e-08 0.0 4.794880996706019e-07 0.00011528784944691597 0.0002973876833663651 1.950267733892479e-05 1.8469368584620486e-05 0.00022603162675567196 0.0 2.8055511240199756e-06 0.0 0.0 0.0 9.185217125624434e-07 1.7011998303227098e-07 0.0 2.2228031649356137e-06 4.863828139685984e-06 0.0 1.9116070908673932e-06 3.261524729434528e-06 3.8717536014823294e-07 1.0351154327330957e-06 0.0 0.0 0.0 0.0 0.0 0.0 0.0 0.0 0.0 0.0 0.0 0.0 0.0 0.0 0.0 0.0 0.0 0.0 0.0 0.0 0.0 0.0 0.0 0.0 6.6088501328783e-07 0.0 6.672446514825382e-07 1.6835330986281e-07 0.0 0.0 0.0 0.0 0.0 0.0 0.0 0.0 0.0 0.0 0.0 0.0 0.0 0.0 0.0 0.0 0.0 7.26850266900268e-08 0.0 0.0 0.0 0.0 1.249169890105924e-07 6.462386740645163e-07 0.0 0.0 0.0 0.0 0.0 0.0 9.808257430844249e-08 0.0 0.0 1.3380270451825279e-06 7.771863107716164e-07 0.0 0.0 0.0 3.6737247109568715e-07 0.0 8.858210394325864e-08 0.0 0.0 0.0 0.0 8.658561940503005e-08 0.0 7.981788332993788e-08 0.0 0.0 0.0 0.0 8.519080806903501e-08 0.0 3.732849968360982e-06 1.09001171675619e-07 2.9701192875667676e-07 3.0421169997564915e-06 0.0 2.4954412973404124e-06 5.626421552952516e-07 7.019850598953628e-05 2.332302877158059e-06 2.13249762778529e-07 0.0 2.552613766344763e-07 0.0 6.323285569460315e-08 0.0 3.0055051881652867e-06 0.0 0.0 0.0 0.0 0.0 1.8092618925895533e-05 5.040317603257345e-06
0.00028711107430106725 0.0006647793362973313 5.769691087845601e-05 0.0003870333572133952 0.00044531651424406976 6.0204747608643945e-05 0.0 2.2643321223877836e-05 0.00023112601108445812 0.0002352179709495319 0.00036175785910726817 4.356840079166547e-05 0.0005296783869046907 0.0006945986022952161 3.1508668921408366e-07 8.261835561994335e-07 2.468934716568842e-07 0.0 0.0 0.0 6.510220073555791e-08 0.0 0.0 9.684655832454409e-08 0.0 0.0 6.508610555347694e-08 0.0 5.258408877903791e-08 1.367451738220228e-07 0.00016071427672173256 7.7550972131793e-06 5.929584029987701e-06 0.0 0.0 0.0 3.87481840430716e-06 3.0795389708392043e-07 1.4303149208049515e-07 5.6687457073209706e-08 4.2491563615020416e-07 5.488063902689677e-07 4.3510571571957764e-08 4.199992745434598e-07 0.0 1.3255835295336832e-07 4.7447224246803284e-05 3.7224279716403582e-06 5.952942295458049e-07 4.3784325598588183e-07 2.463356282204548e-07 0.0 0.0 0.0 6.847648769320107e-06 3.424408474348168e-06 2.2664983313813487e-05 0.0001338487498298753 8.787005640564175e-06 1.451744821726849e-05 3.2032918906660737e-07 5.465120734407352e-07 1.1794315350689536e-07 7.946917063977115e-05 5.809958404659686e-06 4.218352201232649e-06 1.1268865530206115e-06 2.8383551325501606e-07 7.105848620261832e-07 7.090728549097564e-07 7.437546961205739e-07 3.9560973320527475e-07 0.0 0.00012750147966749913 5.960137090210761e-05 5.011548701570892e-05 1.7492213289520453e-05 1.3721943059585075e-06 1.4747237675760993e-06 2.2644135742385154e-06 3.408270969264813e-07 7.726250707187787e-07 1.3885604911861235e-05 2.2453579384576754e-07 5.74958366716574e-06 2.652567763829608e-06 9.351856586585571e-07 1.656504942721892e-07 7.354619081364788e-07 1.0181641694358724e-07 2.325479045249399e-07 0.0 3.395087941514001e-07 3.5274925861696725e-07 3.7617634216472127e-07 1.4825651753252953e-05 0.0 0.0 5.859210276973905e-08 0.00022245435276201133 0.0 0.0 0.0 0.0 0.0 1.3195576924212272e-06 6.142374893459438e-07 0.0 7.48971534916983e-08 4.3873949544174405e-06 2.45854316384135e-07 1.3790914347642079e-06 3.4207489976287416e-07 9.036769137078027e-07 6.739181019533532e-07 0.0 2.984222040007919e-07 0.0 0.0 0.0 0.0 0.0 0.0 0.0 0.0 0.0 0.0 0.0 0.0 0.0 0.0 0.0 0.0 0.0 5.5614448006372713e-08 0.0 0.0 0.0 0.0 0.0 0.0 0.0 0.0 0.0 0.0 0.0 0.0 0.0 0.0 0.0 0.0 0.0 0.0 0.0 0.0 0.0 5.398150815198052e-08 0.0 7.320665711873381e-08 0.0 0.0 0.0 0.0 0.0 2.9418946140736834e-07 0.0 1.9458961783021298e-07 0.0 0.0 0.0 0.0 0.0 0.0 0.0 0.0 0.0 9.930529851958665e-07 0.0 0.0 0.0 0.0 0.0 0.0 0.0 0.0 0.0 0.0 0.0 0.0 0.0 0.0 8.28701067539443e-08 0.0 5.5023847441568504e-08 0.0 0.0 0.0 4.320399535426395e-06 2.004763534950136e-07 0.0 3.847002270125449e-05 3.5207250436238236e-06 0.00010996367515738286 1.1580795743635877e-05 4.299351475995952e-05 9.83241429012989e-06 4.515655575814296e-07 1.1419202585344954e-05 1.137779710507952e-07 2.0374139457707634e-07 0.0 5.95488744866837e-08 9.075075854744246e-07 0.0 5.79585387128871e-08 0.0 2.4124685048914567e-06 1.5067566680514034e-07 4.466451917624813e-05 2.8663351758638357e-06
1.2543045181404957e-05 0.00038360649232304603 0.0012535337949323387 9.114310867681583e-08 0.00019596077149717454 0.0 2.2643321223877836e-05 0.0 8.823726935795456e-05 2.867240754488046e-06 0.00038978394113414 4.1978383133866725e-06 6.116331399138077e-05 0.0002811096630673689 1.4551388173340188e-05 1.670479375598169e-05 1.300034133341443e-05 2.8469439050807694e-06 1.307373349292086e-06 3.0690605096578826e-06 1.6618818762810318e-06 5.115614707969845e-07 9.894621238089245e-07 2.200961168832887e-06 5.780809737313308e-07 5.871312489978395e-07 5.306670555539936e-07 6.520120799259158e-07 2.2175335018714188e-07 8.781598940364257e-07 0.0008536938014088347 0.0010518137016736731 0.00010252169091621252 9.756185162404414e-08 2.3225499432869453e-06 4.152221844136345e-06 1.336872832627488e-05 1.2348372387470612e-06 7.446642420942761e-07 2.4866178521707545e-07 8.817865670883017e-06 7.13210910095331e-06 2.5614437726165592e-05 3.587967951958458e-05 8.019587128552706e-07 3.2328173631357365e-05 0.00011839406527661398 8.094489235471471e-06 4.466121060951765e-06 2.3814350686842042e-05 1.169624964107231e-05 1.0707755919166295e-06 2.187369342810143e-07 2.956140684135294e-06 5.00007164884625e-06 4.5226282409268544e-06 8.17701899109984e-06 0.0001141902719716415 5.961006518493862e-06 2.7332297668862255e-05 0.00010967400206489087 4.563525653938062e-05 6.4784445347194135e-06 0.0005243384081278238 6.1861850068297156e-06 8.741840854744565e-06 1.5181946218786762e-06 1.69370390683188e-05 3.117215577563213e-05 4.449188087089617e-05 5.169497414835201e-06 0.0 2.6309233472609353e-07 0.00011451766375471306 0.00010354237101189175 0.00013972907128123453 0.0001552010802774685 7.421911810577661e-05 0.0002321685026400901 0.00064182809559232 0.0001601085796871161 0.0004636021766458068 1.4190126381194938e-05 0.0 7.46831159312716e-06 2.6331415448906604e-06 1.1512538891820295e-05 3.208316785315685e-07 1.506872071382413e-06 5.63622284148746e-07 1.957700572840132e-06 1.7573346784647419e-06 1.5921673612821527e-05 2.5468240809877184e-06 3.595382515755338e-06 3.639811802900866e-06 5.486086218135099e-07 0.0 3.4748036966974625e-07 7.601940567825908e-05 0.0 0.0 0.0 0.0 0.0 0.0 9.570203559441016e-08 0.0 0.0 5.202064405336219e-07 0.0 2.6564881916946424e-07 2.823333116202582e-07 0.0 2.476835916560156e-07 0.0 0.0 0.0 0.0 0.0 0.0 0.0 0.0 0.0 0.0 1.8973976577347046e-07 0.0 0.0 0.0 0.0 0.0 0.0 5.877584496288529e-08 0.0 1.948303682090751e-07 0.0 0.0 0.0 0.0 4.531001707566276e-07 0.0 3.2221472144642564e-07 0.0 0.0 1.7500784976183566e-07 8.764693377615521e-08 0.0 0.0 0.0 0.0 0.0 0.0 7.368804728831885e-08 0.0 0.0 3.2433839616815844e-07 1.364969034497006e-07 4.1674216355253973e-07 5.645453080519029e-08 0.0 6.408853602887565e-08 0.0 0.0 0.0 3.2497695512262724e-07 9.409434209061102e-08 1.3691751161332238e-07 0.0 0.0 5.282755778298667e-08 0.0 2.7166739432745126e-07 0.0 1.347322715529742e-07 3.3663158567322777e-07 6.769342367812938e-08 1.4018376225315676e-06 0.0 1.5615679282268726e-07 3.185091985905736e-07 0.0 0.0 0.0 1.4929420898694394e-07 0.0 0.0 6.55290433055225e-08 0.0 0.0 0.0 5.444973833301042e-08 1.2369656134647067e-07 0.0 3.052061642774608e-07 4.2292346915724035e-07 8.47280151381785e-08 0.0 9.185353241192331e-07 0.0 1.0282396704774405e-07 6.293999728125394e-05 2.3641955242259257e-06 0.0001849445127813036 1.3862775022696082e-05 1.3494476044170854e-05 1.9449828926061902e-05 4.950678304351143e-07 1.8312391702412964e-05 1.7811298408100363e-06 0.0 2.9840421499682857e-07 1.3815120248159579e-06 0.0 0.0 0.0 0.0 5.056450629521065e-06 2.6558721236029667e-07 2.108455758046706e-05 1.4395575963943316e-06
1.4394556848162942e-05 0.0006857069107796159 0.00013211759521148569 6.890175772747443e-05 0.0011872022347710145 5.447679961927997e-06 0.00023112601108445812 8.823726935795456e-05 0.0 0.00012632430675002472 0.0006158418390100039 5.179078374934307e-06 0.00031360178525075314 0.0004043069646754814 9.977739974626962e-07 7.282925850576932e-07 5.543465933919998e-08 0.0 0.0 7.3867637818409e-08 0.0 0.0 2.1269225110651695e-07 6.658189768400502e-08 3.05122426016952e-07 2.3559514687484688e-07 2.0541437194566875e-07 8.34435523336677e-08 0.0 1.5492817702843154e-07 4.123594215111346e-05 4.126413129816685e-06 4.6207219385589564e-06 0.0 2.489596221149186e-07 6.723580535061577e-07 6.468864058443414e-06 4.517692102474564e-07 7.209105779481857e-08 9.621709063667866e-08 2.295677246657304e-07 5.461829354916822e-07 2.4205600547172297e-07 2.582161673000798e-07 0.0 8.496573355889307e-08 3.499991638321696e-05 1.5424032801878957e-06 3.5281868953697745e-07 0.0 1.5427938406325506e-07 0.0 0.0 7.556003262109507e-08 1.9460548354190527e-06 1.9281308711050127e-06 2.9067749636357717e-06 2.09745701745511e-05 3.063889219351273e-06 7.996663976723557e-06 1.5473454641251236e-07 8.44830997335268e-07 0.0 3.162415531793418e-05 1.347690688346982e-06 2.1662503950001724e-06 3.8722903686625785e-07 1.3163648100999396e-07 0.0 1.2216858345961976e-06 2.9031577177619716e-06 0.0 0.0 3.562179109866614e-05 1.8824972998597547e-05 3.274781144396027e-05 1.4194433381419859e-05 1.3217768139226982e-06 2.771019765619464e-07 2.443439745407701e-06 2.673787724688986e-07 3.410805925883769e-07 4.520295176779378e-06 0.0 2.6749955683444436e-06 5.411760021989994e-07 4.3618421733065755e-07 0.0 3.6301542282605464e-07 8.404826670972697e-08 1.751419793510696e-07 0.0 6.772924962736481e-08 2.7931719061583495e-07 0.0 1.694252717521263e-05 0.0 0.0 0.0 7.061400560779686e-05 0.0 1.5354316195842677e-07 6.338626171805342e-07 2.570159311870256e-07 1.0782680857927944e-07 1.1294207401304323e-06 3.90224874162831e-07 0.0 9.212875680002014e-07 3.1262139114239137e-06 0.0 1.8881673772325841e-06 1.6318028608712e-06 1.0700540596029473e-06 2.3967380148462904e-06 0.0 0.0 0.0 0.0 0.0 0.0 0.0 0.0 0.0 0.0 0.0 0.0 0.0 0.0 0.0 0.0 0.0 0.0 0.0 0.0 0.0 0.0 0.0 0.0 8.392330579879379e-07 0.0 4.366846931699189e-07 0.0 0.0 0.0 0.0 0.0 0.0 0.0 0.0 0.0 0.0 0.0 0.0 0.0 0.0 0.0 0.0 0.0 0.0 0.0 0.0 0.0 0.0 0.0 0.0 0.0 0.0 0.0 0.0 0.0 0.0 0.0 0.0 0.0 0.0 1.9973736806905906e-06 1.6338864888630545e-07 0.0 0.0 0.0 0.0 0.0 0.0 0.0 0.0 0.0 0.0 0.0 0.0 0.0 0.0 0.0 0.0 0.0 0.0 0.0 3.0924068961189533e-06 0.0 0.0 3.552962489303594e-05 1.499783602056841e-06 8.301401566153627e-05 4.307437872875225e-06 1.415071637865488e-05 1.0497880739629465e-05 3.9220730018387406e-07 1.4150012674070793e-05 0.0 0.0 0.0 0.0 3.9076486406576736e-06 0.0 0.0 0.0 4.19949770684551e-06 0.0 1.803298182050519e-05 3.8853995788305286e-06
0.0005922262181996463 9.039208105035363e-05 9.7061978490141e-07 0.0001422881792116374 3.48374714474315e-05 0.0004623292132798247 0.0002352179709495319 2.867240754488046e-06 0.00012632430675002472 0.0 9.322256116465441e-05 0.0005094147549627408 0.003281475498444251 0.0007706380377893897 0.0 1.8814640264936545e-07 0.0 0.0 0.0 0.0 0.0 1.1633012412538376e-07 0.0 0.0 1.02566978643788e-06 0.0 1.207861165246539e-07 0.0 0.0 1.7124364146682446e-07 1.4376432037356909e-05 2.9693380745206746e-07 3.274899196312969e-05 0.0 0.0 1.5456538157923768e-06 4.8131302362175686e-05 5.877314753385861e-07 1.4510353412164113e-06 0.0 9.585853624262006e-08 1.0868078862091298e-07 0.0 0.0 1.7423594455078496e-07 0.0 2.238371661788327e-06 2.27720446566369e-07 0.0 0.0 4.5019517240066247e-07 7.908267587128596e-07 1.6586442241947579e-07 4.607386547999473e-07 4.0584525528414794e-07 5.087288523780728e-07 1.093090774852938e-05 4.088836698897713e-05 1.617194831222413e-06 6.559743239310544e-07 3.229493261997193e-07 1.322307595519917e-06 1.5156300760207474e-07 5.919571296930761e-06 5.829236283433523e-07 2.2178260535777803e-07 1.0291187079482626e-07 4.256362376803819e-08 0.0 0.0 7.975846208337936e-05 1.9772513190923506e-05 5.640616969038572e-07 2.2531218149360624e-05 2.3234795379687012e-06 1.8790913487531782e-06 4.2945286014549635e-07 2.0820329422611114e-07 1.1251796665638617e-07 1.0684562821689556e-06 0.0 0.0 1.3145878061551494e-06 2.1828663780987828e-07 7.219903651463833e-07 8.903750129231161e-08 0.0 1.319674528790206e-07 1.8736532783844616e-07 5.932682456214664e-07 2.9207031619150025e-07 1.1604606927437828e-07 9.1629396979396e-08 4.0547141207985607e-07 0.0 0.00016855573954382196 2.7250295241255677e-05 1.3034646115149242e-06 4.43091722068511e-06 0.00010921540312009285 1.7257676305254769e-07 3.327949738951053e-05 1.0145620561665592e-05 1.3965705444651246e-06 2.742456600263893e-06 8.822335892289522e-06 1.838346990187295e-05 1.0475591262445307e-05 1.1247845655545279e-05 8.888612819219139e-05 7.154746889305137e-06 5.3718272338359597e-05 4.9045320501792006e-05 4.2031425389306135e-05 1.4298365874758458e-05 6.742847292815675e-08 0.0 0.0 0.0 0.0 0.0 0.0 0.0 0.0 0.0 0.0 0.0 0.0 0.0 0.0 0.0 0.0 0.0 0.0 8.051381356784594e-07 9.222607344087705e-07 0.0 7.0421476403665e-08 0.0 8.117349098630163e-06 0.0 1.0320549612770465e-06 2.477229932884159e-07 0.0 0.0 0.0 0.0 0.0 0.0 0.0 0.0 1.0127406506231285e-07 2.887429402616875e-07 0.0 0.0 0.0 0.0 0.0 0.0 0.0 0.0 0.0 1.8956823435401858e-07 5.773121594587685e-06 0.0 0.0 2.3531466309916713e-07 2.32771495310882e-07 0.0 0.0 0.0 0.0 0.0 0.0 0.0 0.0 2.7126592652855628e-05 0.0 0.0 0.0 0.0 1.3052204101840388e-06 0.0 1.8803682362701593e-07 4.610677098078959e-08 1.7806876357044124e-07 4.570668705422048e-07 0.0 0.0 0.0 0.0 0.0 0.0 0.0 0.0 0.0 0.0 8.674505133471038e-05 1.1965785117253825e-06 1.3076485755233182e-07 3.8659664227897704e-06 2.0080420585694933e-07 8.756759226966592e-06 9.751486548843592e-07 0.00021150251439727282 9.460718537009716e-07 2.1166071259184963e-07 2.3037489827748177e-07 1.0207263123056949e-07 0.0 3.253375277502248e-07 8.490123302675188e-08 6.26496067343859e-05 0.0 0.0 6.624630599546666e-07 2.1316496010718122e-07 0.0 0.00022212226189768325 0.00011029186600196536
2.889175868568615e-05 0.000811306452618672 0.0014487636351469464 9.042534834024562e-07 0.0006383996284226778 1.5249080799127373e-06 0.00036175785910726817 0.00038978394113414 0.0006158418390100039 9.322256116465441e-05 0.0 4.2524289327148104e-05 0.0007881285037909195 0.0021826235784157223 4.021036088126526e-06 4.909782547858102e-06 4.5627338682050853e-07 1.9954011430923208e-07 0.0 2.437008704137835e-07 4.483577182143262e-07 4.206193883178914e-07 9.022019536179812e-07 1.7620586996505232e-06 1.7048210573695186e-06 6.644256031498638e-07 7.23224878974725e-07 6.875281197249818e-08 2.710768168018427e-07 1.611793029155489e-06 0.0003441814815118252 3.134767348740154e-05 0.0003437946027997523 0.0 1.2295113600454805e-06 5.2751171882750475e-06 9.707598137688464e-05 3.1803413360176224e-06 1.66070349975681e-06 3.198963010117042e-07 3.835345958635134e-06 3.142779540056511e-06 7.128223826292997e-07 1.056189034798188e-06 1.586080388281688e-07 4.591599169572408e-07 8.127499016734469e-05 3.0785332546550216e-06 1.8444728008206502e-07 6.363097990719033e-07 3.098066815510421e-06 7.489310780894219e-08 0.0 1.5550049092286456e-06 4.217803287788454e-06 2.5421481218679815e-06 7.0542799840310545e-06 6.662294071625237e-05 4.3723419042733215e-06 1.8689137605749024e-05 1.6214933691507736e-06 1.297989471080407e-05 9.089309101189559e-07 6.139682516928367e-05 4.215174607721595e-06 3.723412980195491e-06 8.590295651832887e-07 8.664277135532679e-07 2.292297129400809e-06 6.492911748804389e-06 2.4356662751778535e-05 0.0 8.939426323694865e-08 7.667765361599718e-05 4.663941668854438e-05 7.414283659613592e-05 4.0729525397214825e-05 4.882409274016739e-06 2.8691005566941635e-06 0.00013095673253546403 7.355866377338876e-07 5.956247710426569e-06 1.0789714139164258e-05 0.0 5.38136891302805e-06 1.5685698899806188e-06 7.232013329167711e-07 5.263113020871566e-08 7.554121835314353e-07 7.992971558562194e-08 9.034920287705521e-07 0.0 5.630444067493475e-06 1.842214664745266e-06 6.240393907234923e-07 5.436702922415567e-05 5.351505659685479e-08 0.0 1.3454968131961044e-07 9.00373844267636e-05 0.0 1.7600456960090137e-06 3.1290527826805245e-07 2.2881240767554752e-07 0.0 2.8990730434711494e-07 8.404496565377423e-07 0.0 1.0990306771479716e-06 1.0250061027797712e-05 2.0505945774452282e-07 7.002191712565917e-06 7.113707188525516e-06 4.227899233812242e-06 1.972298884556194e-06 6.547382296138909e-08 7.619062462170818e-08 0.0 0.0 0.0 0.0 0.0 8.038885910788758e-08 0.0 0.0 0.0 0.0 0.0 0.0 0.0 0.0 1.3400917718182714e-07 0.0 0.0 2.153745019111008e-07 0.0 0.0 0.0 0.0 1.7078251426981342e-06 0.0 2.217232656054624e-07 4.779215726015898e-07 0.0 0.0 5.354516421772994e-08 0.0 0.0 0.0 0.0 0.0 0.0 0.0 0.0 0.0 0.0 0.0 0.0 0.0 0.0 0.0 0.0 0.0 9.601414849944572e-07 9.392607302126315e-08 1.6182491416780606e-07 2.863312571629757e-07 0.0 0.0 0.0 0.0 0.0 0.0 1.1382903973187252e-07 6.226140801002961e-08 0.0 6.57370132403437e-06 1.521601743376392e-07 0.0 0.0 1.4645729145412393e-07 1.3725202875377562e-06 0.0 5.0847783112579e-07 0.0 2.857537428613005e-07 0.0 2.432183375000942e-07 0.0 0.0 0.0 0.0 0.0 5.6673076007285104e-08 0.0 0.0 0.0 9.521819437695667e-06 4.099503561258326e-07 6.55416687847386e-07 9.894871846939921e-05 3.193977424943049e-06 0.00016044650623685922 1.4190783691750746e-05 1.8939304887205834e-05 2.4955862479790594e-05 1.1275878523126737e-06 3.514667539597731e-05 2.8222440534242163e-07 0.0 8.851320753258749e-08 6.055084910549325e-07 4.662879031111915e-06 0.0 3.437542359494659e-07 0.0 8.603420869633974e-06 0.0 3.1719219190848285e-05 1.0849811360330922e-05
8.031435658817028e-05 2.1904272914742687e-05 2.524183186952317e-06 0.00011634899030525092 6.807472144456562e-07 0.00014084007980120106 4.356840079166547e-05 4.1978383133866725e-06 5.179078374934307e-06 0.0005094147549627408 4.2524289327148104e-05 0.0 0.0002861293344272091 5.419525647373723e-05 5.798978677394692e-07 6.214001863520608e-07 8.497176982815327e-08 9.079427221548233e-08 0.0 0.0 0.0 0.0 0.0 2.572134600348486e-07 5.120882297506431e-07 4.383817971841958e-07 1.7736097183304475e-07 7.663191829675216e-07 9.27534516881147e-08 2.8213669973242203e-07 3.009022996870662e-06 6.141383562949019e-07 2.8342880528322728e-05 0.0 1.732171328877946e-07 1.1190605299247028e-06 0.0001648274452354206 4.685467672251581e-06 1.2410535685369884e-06 2.4197684740330944e-07 6.924614888659549e-07 4.3124725868300227e-07 0.0 0.0 0.0 2.5125851913524635e-07 3.3415490347418097e-06 7.115987340856261e-08 0.0 0.0 9.419461788575715e-08 0.0 0.0 4.021034687343431e-07 0.0 6.965506373685718e-08 7.355665982415114e-07 3.4521303588667482e-06 0.0 4.969202647064621e-07 4.4117066417056856e-07 3.961694852086718e-06 0.0 2.368735955277253e-06 4.6760890608000285e-08 0.0 0.0 3.29892197024463e-07 2.0051360326654023e-07 3.2858792972737166e-07 4.2713320407263386e-05 1.6757850079153964e-06 1.2505980437658636e-07 2.8231573732181654e-06 5.939856262720923e-07 1.6543348440209246e-06 2.0529772772358124e-06 8.454753345200059e-07 8.951529273953616e-08 5.377106518989826e-06 0.0 0.0 2.3631899693161122e-07 0.0 9.945604213358759e-08 9.878997898735207e-08 0.0 0.0 1.1096018526604276e-07 0.0 0.0 1.0539953716079107e-07 4.0642485232910976e-07 3.146440095010294e-07 0.0 0.00018218550950905733 1.2375184435721622e-06 0.0 0.0 1.4610974044167247e-05 2.4635391673396167e-07 7.228009043238348e-06 8.303724505956967e-07 8.876623688116313e-07 1.4875794498272802e-06 3.6845049349149755e-06 3.6904811041294496e-06 1.6112977002725354e-06 5.142881540727307e-06 3.178617853045895e-05 2.0277662272983427e-06 2.3020157597527367e-05 1.7331633989465453e-05 2.2043124304183983e-05 2.2083831812017207e-05 0.0 1.1194573293835403e-07 0.0 0.0 0.0 0.0 0.0 0.0 0.0 0.0 9.086689176017046e-08 0.0 0.0 0.0 0.0 0.0 0.0 0.0 0.0 1.0107853970294346e-06 1.055475575418662e-06 0.0 0.0 0.0 7.5284178341389235e-06 3.9509603286771044e-07 2.746117353354758e-06 2.6106233276603365e-07 0.0 0.0 0.0 0.0 0.0 0.0 0.0 0.0 6.253515512490131e-08 2.208894218208268e-07 0.0 0.0 0.0 0.0 0.0 0.0 0.0 0.0 1.6567045082346104e-07 5.5851677996139514e-08 2.549225161448592e-07 0.0 9.522981502469369e-08 2.827042643270638e-06 3.0319409141945555e-07 0.0 0.0 0.0 0.0 0.0 0.0 0.0 0.0 3.121762266981647e-05 5.443310219061562e-07 0.0 0.0 0.0 3.4906351675371623e-06 3.445099676451705e-07 2.079724967797697e-07 2.594927506996784e-07 1.4328917166032073e-07 2.3066981841315566e-07 0.0 1.1102316521127106e-07 0.0 0.0 0.0 0.0 0.0 0.0 0.0 0.0 5.409628228716498e-05 1.7073353708691716e-06 1.3365392937312818e-06 1.1216972285532155e-05 5.86600739263129e-07 9.019111455179468e-06 1.3949505295994914e-06 7.524775171424481e-05 2.926173782059333e-06 6.55072021480465e-08 2.339376467771081e-06 9.292611663599255e-08 0.0 1.902340210299064e-07 4.88002685991218e-07 1.5391679790211456e-05 0.0 0.0 5.064803881570224e-07 0.0 0.0 8.986229968138232e-05 2.954373066358812e-05
