0.0 0.0009363537768516798 0.00010829958084587007 0.0005966962829460894 0.00016851520650155947 1.9570356194683805e-05 0.0005711738975187891 3.5078636696171043e-06 4.5128961202482604e-05 0.0006019139483978349 8.395065335022864e-05 4.033227190179375e-05 0.00014496769392789325 2.9909199751953006e-05 8.786163037675015e-07 1.866686530801439e-07 0.0 4.693603822953351e-08 0.0 4.705885349020583e-08 4.9538889588071985e-08 0.0 0.0 5.0268972507163905e-08 0.0 0.0 0.0 0.0 0.0 4.35598607220211e-08 0.0001488514781625443 2.1706965440554307e-06 2.3870009558148016e-06 4.2309676186537185e-08 0.0 0.0 3.386411224623696e-06 0.0 7.060400038351792e-08 6.913914799217714e-08 1.0933850327124422e-07 0.0 3.860916804375617e-08 0.0 3.6519596834360695e-08 1.0449017747978827e-07 1.080448706054147e-05 7.864135666439863e-07 5.554288412669273e-07 3.023708896845533e-07 1.2163265963129215e-06 0.0 0.0 3.222346048221139e-08 1.842856845699407e-05 7.832019740234126e-06 0.00012147978339860051 0.00026798186253949754 1.530821028742457e-05 8.641582590691766e-06 0.0 1.3592667208410444e-07 0.0 1.7610802452378381e-06 9.966168705976051e-06 5.461369235561162e-06 1.5549760651353834e-06 1.8485144850468251e-06 6.747809827800987e-08 4.082167312016244e-08 6.147832330413027e-06 5.306223576367407e-07 0.0 8.271138514018395e-05 1.4969054244519451e-05 5.922206521497706e-06 3.427393679855141e-07 1.285691939414822e-07 2.3738207879880834e-07 9.949757627761803e-06 3.8025977472041114e-08 9.752065938799178e-07 7.781412576177976e-06 2.906193864936433e-07 2.9903841893331587e-06 5.2316841150958014e-06 9.270789722628225e-07 1.9904531232977246e-06 1.8651847918388417e-06 2.1675014079040375e-07 3.625715306314713e-07 1.0118848154724314e-07 2.7763888121818055e-07 3.0661508287161673e-07 0.0 4.9333536753478974e-06 1.1478735218771198e-06 0.0 1.2534903826383022e-07 0.0003483469803910837 3.9645393155837166e-08 0.0 3.620564649760982e-07 0.0 0.0 2.037698695220411e-07 4.5966990465317586e-07 2.930754160274927e-07 6.924629888167516e-07 8.637494672575124e-07 1.443976906435908e-07 3.345073360690734e-06 1.6197686242034976e-06 2.541054442966075e-06 7.472016700384388e-07 1.6465534551478083e-07 4.2568184150660373e-07 0.0 0.0 0.0 0.0 0.0 0.0 0.0 0.0 0.0 0.0 0.0 0.0 0.0 0.0 0.0 0.0 0.0 6.152672392227713e-08 0.0 0.0 0.0 0.0 0.0 4.043035683051634e-07 9.876942321187571e-07 1.2972095765509303e-07 4.424480270981585e-08 0.0 0.0 0.0 0.0 0.0 0.0 0.0 0.0 9.054597005983903e-07 0.0 0.0 0.0 0.0 0.0 0.0 0.0 0.0 0.0 1.1983120213088433e-07 0.0 0.0 0.0 1.3706086218504966e-06 0.0 0.0 0.0 0.0 0.0 4.9574894625732115e-08 0.0 4.445345049260244e-08 0.0 1.6347258098931926e-06 2.1963967969684945e-07 0.0 0.0 0.0 3.6415268134602336e-07 0.0 0.0 4.142236293516334e-08 8.911392995175049e-08 0.0 0.0 0.0 0.0 0.0 0.0 0.0 0.0 0.0 5.303898507464662e-08 0.0 1.6307700673212295e-06 1.3977626647096589e-06 7.968924077954883e-07 2.686395619143485e-05 1.856146216305278e-06 7.019726944032917e-05 7.4705540117573265e-06 0.0002536757385779958 5.264471144814657e-06 5.700311664087222e-07 5.008562441804085e-07 1.1341097307258304e-06 1.9493772351217755e-07 0.0 2.532588578973946e-07 3.9451878900720943e-07 0.0 8.504191149561312e-08 0.0 1.9430869960459493e-07 0.0 5.970773535041224e-05 7.486110274856936e-07
0.0009363537768516798 0.0 0.0004095953373783536 0.00031973824082754364 0.001550626888227427 3.2658336879408915e-05 0.0011033476126695026 4.88442454318968e-05 0.0003704305048802364 0.00018001295169742736 0.0003976495868970722 1.1787263809756725e-05 0.0002338683864867512 0.0002648532196242259 5.107860460128416e-06 1.1807162324635104e-06 2.470341376040414e-07 4.636352543385529e-08 3.836132888005503e-08 3.1805341083422547e-08 4.2906835699902124e-07 0.0 0.0 0.0 1.1056823622728805e-07 0.0 0.0 1.6256779702429233e-07 0.0 5.512305871997632e-08 0.0006769567524185735 1.2872721685260686e-05 1.4507867262219095e-05 0.0 5.034105951632526e-08 2.1104883026861217e-07 1.4440915349742084e-05 4.7572741416693995e-07 3.0855438305577803e-07 4.054843296657359e-08 2.1020942115566366e-07 3.4314013239196925e-07 0.0 2.0475902074006595e-07 0.0 4.1892919157852114e-08 3.687950610468037e-05 9.339021448786298e-07 2.869456641498908e-07 2.316273569577956e-07 1.8884041848208238e-06 0.0 0.0 4.42554388133554e-08 2.0146308676755407e-05 8.696660428341026e-06 7.518019959706326e-05 0.00021714207976653222 1.478401479695439e-05 2.877904181132305e-05 3.0243164818560476e-07 3.3628273062800197e-06 5.69874670153508e-08 1.493354518330538e-05 1.5479735770459606e-05 1.0255746882685823e-05 2.1431946993282943e-06 3.7965937853623734e-06 3.5509540768348265e-07 3.447812722691612e-07 6.069528977130261e-06 0.0 4.386588751424844e-08 0.0001248740450453373 4.90368734572466e-05 2.992743220680081e-05 1.1032351961586474e-06 6.992141513572384e-07 1.1248440593154866e-06 7.688296453885994e-05 9.172584027008485e-08 1.5294903996182008e-05 1.2710048113821535e-05 1.773856972001544e-07 2.965249037922408e-06 8.45919469360669e-06 1.0595304401635424e-06 3.5250452017835894e-06 3.170859283531193e-06 0.0 1.0631899682136019e-06 3.434877451309171e-07 6.761532036211133e-07 4.800840750130404e-07 2.084589230288479e-07 2.4822175953989882e-06 6.573715084645807e-07 0.0 1.7714803285750355e-06 0.0006860985665314221 0.0 0.0 1.2030082553074914e-07 0.0 0.0 3.201322529783567e-07 4.828789083610252e-07 6.014039277367957e-07 7.388203595433148e-08 1.343304759952417e-06 4.0335691662322274e-08 2.7575848927619094e-06 1.4213917656571302e-06 4.853987051502306e-06 1.3342909955826256e-06 0.0 0.0 0.0 0.0 0.0 0.0 0.0 0.0 0.0 0.0 0.0 0.0 0.0 0.0 0.0 0.0 0.0 0.0 0.0 1.506035845848982e-07 0.0 0.0 2.9485212615510497e-07 0.0 6.535361769707539e-07 4.699666530193963e-07 5.579363331293556e-07 9.409717846713043e-07 1.2883173387999718e-07 0.0 0.0 0.0 0.0 3.1821775434123745e-07 0.0 0.0 0.0 6.835105054570162e-08 0.0 5.3610084210993646e-08 0.0 3.1640634705126465e-07 4.86439823254609e-08 0.0 0.0 0.0 0.0 7.999585932123775e-08 6.597500015088535e-08 0.0 0.0 1.7571742596276415e-06 0.0 0.0 0.0 0.0 0.0 0.0 4.6943673913268063e-08 0.0 0.0 2.9367388854508e-06 0.0 0.0 0.0 0.0 5.190348549561343e-07 0.0 4.872823962717749e-07 0.0 0.0 4.664569311859472e-08 0.0 0.0 0.0 4.021637048026902e-08 0.0 0.0 0.0 0.0 0.0 0.0 3.547365526664385e-06 7.430707042320935e-07 1.006296241878121e-06 6.293907139044626e-05 4.104265650709543e-06 0.00015619872379976326 1.3162080395366258e-05 0.000158739404937293 1.0032032812406067e-05 1.1119488640531336e-06 3.2569374554002312e-06 1.5805856483110707e-06 5.9156930813208105e-08 6.784422963363886e-07 2.187942537164073e-07 6.234391774747713e-07 1.8865937071480985e-07 0.0 1.2890738869604208e-07 1.149922898360089e-06 0.0 6.233137855074243e-05 1.1371636259615948e-06
0.00010829958084587007 0.0004095953373783536 0.0 5.4971005490255995e-06 9.111163291954147e-05 7.305811554695323e-07 5.221297524351555e-05 0.0004918376184028672 0.00020315427548068347 3.859948473378355e-06 0.0016700180541141716 1.1993631273491495e-05 0.0001504668638690228 0.0006647498257152234 2.532678835191926e-06 1.9799639088999734e-06 1.5144693335162923e-07 2.1269189990298642e-07 4.859892153358164e-08 1.346835013504724e-07 3.076697644121906e-06 0.0 7.570647519588037e-07 1.5188355854479232e-07 9.131873619456094e-07 1.2686763535437057e-07 5.035773043858802e-07 0.0 5.013314260502969e-08 0.0 0.0011746210807571343 0.00016937379042556499 6.034173190887363e-05 1.0309086118103456e-06 2.046862579953331e-06 1.1467332725950681e-06 3.24334834702309e-05 1.2144828960431243e-06 5.440696621989826e-07 2.321017630781188e-07 1.375306423376158e-06 1.810070917096153e-07 9.539151148736063e-07 2.2085443940405865e-07 0.0 6.786363715674298e-07 8.011971475949825e-06 3.571660499623775e-07 1.5237035421911802e-07 1.6812642732651023e-07 1.9383856972360917e-07 5.243771825583707e-08 0.0 6.221579469288052e-08 3.584075512316565e-06 1.29618649430338e-06 1.9701075570879205e-05 8.484556309395611e-05 2.8507112462930933e-06 5.33472189705536e-06 2.073850910524224e-06 9.480770566930667e-06 1.0226456031238795e-06 1.3858873461181413e-05 1.9454168572858826e-06 1.4801168860534006e-06 2.3677410911908825e-07 3.964326112676418e-07 8.158820070410098e-07 3.8258060200404705e-06 1.2591783602048642e-05 1.3158464149013002e-07 0.0 2.5713171372799333e-05 9.536330616279552e-06 7.292665676922722e-06 1.066303750033552e-06 1.0967779785917497e-06 1.5711860806024672e-05 0.0005183551867735338 2.9229195063936997e-07 9.593525063216129e-05 2.1976722574763745e-06 1.2966330535787818e-07 6.23800154263043e-07 1.7836824941795426e-06 1.8149645825646624e-07 5.870585936802228e-07 5.055184734212662e-07 0.0 3.035796998413799e-07 0.0 4.5680551509884575e-06 1.4087610272681678e-06 3.7669280449241337e-07 3.3898154316940028e-06 2.5832656919195848e-06 0.0 4.6392088404614415e-07 0.00012377055808318347 3.663634393831201e-08 4.43837003488661e-08 4.786386035385167e-08 0.0 1.0320597215863066e-07 2.0354784166204717e-07 1.6156438098988689e-07 2.4314419269972535e-07 6.893304992510947e-07 1.185899746178568e-06 0.0 3.0087091795639868e-06 1.9021137151750625e-06 2.360528588460762e-06 5.327820219865809e-07 0.0 0.0 0.0 0.0 0.0 0.0 0.0 0.0 0.0 0.0 0.0 0.0 0.0 0.0 0.0 0.0 0.0 0.0 0.0 4.1416490639179584e-07 4.677176203963258e-08 0.0 1.0251333037556707e-07 0.0 6.116246526456493e-07 7.200974194023868e-07 8.588707686266839e-07 1.5047505987153925e-06 3.384136121045204e-07 0.0 0.0 0.0 0.0 0.0 0.0 0.0 0.0 0.0 0.0 0.0 0.0 4.220769717451074e-08 5.010684725923855e-08 0.0 0.0 0.0 2.1374494467608973e-07 6.536615214314542e-08 0.0 0.0 0.0 2.023389337351308e-06 0.0 0.0 7.288308208271291e-08 0.0 0.0 0.0 0.0 0.0 0.0 4.114665615440402e-06 1.5096257071003e-07 0.0 0.0 6.27037988696277e-08 3.4778591702428023e-07 0.0 1.0566345702430851e-07 3.1443191054073297e-08 2.0499253738700557e-07 0.0 0.0 0.0 0.0 0.0 0.0 0.0 0.0 0.0 2.858173748745621e-07 0.0 2.872935804569535e-06 1.2371713557649954e-06 1.2269454666720546e-06 1.7334459787777307e-05 7.185164706391678e-07 2.5130270243825366e-05 3.1058164266220378e-06 7.384811899728759e-06 1.660460032302703e-06 2.706033423505977e-07 1.0824735989832843e-06 8.848331415477132e-07 0.0 7.286313634327836e-07 3.1184073709816635e-07 1.6820945689234507e-06 1.173398279081781e-07 0.0 0.0 2.8276774305582816e-07 0.0 1.0532071477450955e-05 1.9256068387638707e-06
0.0005966962829460894 0.00031973824082754364 5.4971005490255995e-06 0.0 6.481990133923258e-05 0.0002766078939319009 0.0011916036459119889 1.936044087557499e-07 5.128605728095993e-05 0.000690951121863374 4.202728779784093e-06 0.00010229587941236183 0.00034618217557842365 2.182458007614309e-05 3.4470670093804586e-07 0.0 0.0 0.0 0.0 0.0 0.0 0.0 0.0 0.0 0.0 0.0 0.0 0.0 0.0 0.0 9.108372363319157e-06 2.0226419411123793e-07 1.0080904961270932e-06 0.0 0.0 0.0 3.2753424760593204e-06 0.0 1.0919546434763622e-06 0.0 0.0 6.260852271851178e-08 0.0 4.196930484538797e-08 0.0 0.0 4.1883914308191165e-06 2.1721335944799245e-07 0.0 4.184853474265964e-08 2.8020877604251465e-07 0.0 0.0 0.0 4.754663895045378e-06 1.3426072841596676e-06 3.967915757551308e-05 5.2434267244141164e-05 3.671816141147948e-06 2.804254807218161e-06 0.0 0.0 0.0 4.005137367672258e-07 2.590443394908891e-06 1.4333126996052983e-06 3.8338726679196975e-07 6.252488761923554e-07 0.0 0.0 1.2041705474172638e-05 0.0 0.0 2.19886737693561e-05 4.236577772190472e-06 1.5925535247246498e-06 0.0 0.0 5.5398180547096736e-08 1.458004894808874e-07 0.0 2.099694741218342e-07 2.6206577121014797e-06 3.5390278568906554e-07 3.8078572330873086e-07 1.0867367531566157e-06 2.4768586340591787e-07 4.802027454630206e-07 5.564016568660137e-07 4.3678508732964243e-08 2.0266394555545126e-07 4.8506389356133526e-08 0.0 0.0 0.0 1.1330759777545117e-05 2.4909646269359216e-06 0.0 1.8732174061100882e-06 0.0005125045118084812 6.149834174604473e-08 5.126674993212814e-07 2.9207339858620786e-06 8.867189053951616e-07 4.66491615526001e-08 8.37030299346627e-07 1.0770582291100254e-06 1.030775157240557e-06 6.303086899075672e-07 2.4331757977976493e-06 1.788379709084665e-07 4.991902809582529e-06 1.4833302202638035e-06 6.354032822067878e-06 8.039855797268261e-07 0.0 0.0 0.0 0.0 0.0 0.0 0.0 0.0 0.0 0.0 0.0 0.0 1.6124164993739895e-07 0.0 0.0 0.0 0.0 0.0 0.0 4.008594069266845e-07 0.0 0.0 5.587174552408997e-07 0.0 1.2958501748111982e-06 8.430253368627914e-07 2.712551579086222e-07 7.682600555339372e-07 0.0 0.0 0.0 0.0 0.0 0.0 0.0 0.0 3.660492928650743e-08 4.06954022477916e-08 0.0 0.0 0.0 0.0 0.0 0.0 0.0 0.0 5.766138662761188e-07 1.0735344027390315e-07 4.798539081937674e-07 0.0 0.0 2.4882566711280595e-06 0.0 0.0 3.7223365174201195e-08 0.0 0.0 0.0 0.0 0.0 0.0 4.589210142949408e-06 0.0 0.0 0.0 0.0 1.2396062605482945e-07 0.0 6.482694208395676e-08 1.8341597362114407e-07 0.0 4.0597567405341984e-07 0.0 0.0 1.047681766325678e-06 0.0 0.0 0.0 0.0 0.0 0.0 0.0 3.4179906142212257e-06 2.2793453386463055e-06 1.480391078263274e-06 2.621171929561254e-05 8.711148695857733e-07 2.8421758844361153e-05 3.7965834922555423e-06 0.00034276104446390057 1.5415505969617226e-06 5.8622432951790137e-08 1.779668394083487e-07 3.156000291067425e-07 0.0 1.499385569218862e-06 0.0 1.7243922434307678e-06 2.0057714075876061e-07 1.910663356914632e-07 0.0 0.0 0.0 5.2081702097531526e-05 5.723656699648541e-06
0.00016851520650155947 0.001550626888227427 9.111163291954147e-05 6.481990133923258e-05 0.0 6.051224377572913e-06 0.0004176985495465656 0.00010287702043128718 0.0010515648861564716 0.0002355200167579931 0.0004447082273606777 5.3523141277105426e-06 0.00022378806257152114 0.00015314221460211127 8.456809045715191e-06 2.2341017743994737e-06 0.0 0.0 3.591864416206919e-08 3.848701633746379e-08 2.2259089389928704e-07 0.0 0.0 0.0 7.38896972826797e-08 0.0 0.0 4.66376695600777e-08 0.0 0.0 0.00012328090229714558 2.3103904518877677e-05 1.7910878636382836e-06 0.0 5.382910203445244e-08 0.0 4.935821039801011e-06 1.6557253794671288e-07 2.0222375576098132e-07 0.0 0.0 5.469865318524986e-08 0.0 1.3530868818272742e-07 0.0 0.0 5.094835097935754e-05 7.937065197329172e-07 3.1327672327119076e-07 4.189566313151994e-08 1.40423279754514e-06 1.0635629755312844e-07 0.0 0.0 1.559745315439882e-05 6.025932893391362e-06 3.536044862921226e-05 0.00011497088424808825 7.694638697994537e-06 2.8926528142448416e-05 0.0 1.3898852676685175e-07 5.088456825388842e-08 2.88323223846868e-05 1.1401730531166145e-05 7.686072050670498e-06 1.2929175497481293e-06 1.835581294083672e-06 1.8418027607166594e-07 2.169600227202255e-07 5.2509392579052194e-06 0.0 0.0 9.504633724664754e-05 5.45867381451993e-05 5.110864228478861e-05 1.652322339226747e-06 3.4760970326669357e-07 3.1242820390921887e-07 1.2920504188077518e-06 0.0 5.865542795291507e-07 9.627296141836549e-06 4.434941221809443e-07 2.121235710260363e-06 4.979452798403167e-06 8.431261490448937e-07 2.2731626338469525e-06 2.696283222764045e-06 0.0 3.719161874520664e-07 1.9301023908378683e-07 0.0 3.174628762862569e-07 5.9173708801733126e-08 2.521742734549948e-06 1.0327184932458023e-06 4.141071386938193e-08 1.6102962956735077e-06 4.2301591263665104e-05 2.121523244080523e-07 0.0 5.238761188620877e-07 0.0 1.609117191596097e-07 9.070018522666308e-07 1.7531216349106286e-07 3.710470434095118e-07 0.0 1.968709170726972e-07 2.993599619990733e-07 3.727776461244474e-06 6.826865119624891e-07 2.57461763256372e-06 1.3407078389108007e-06 2.0129289474993755e-07 0.0 0.0 0.0 0.0 0.0 0.0 0.0 0.0 0.0 0.0 0.0 0.0 0.0 0.0 1.0870463253166892e-07 0.0 0.0 0.0 2.220012921741425e-07 0.0 0.0 0.0 0.0 1.195093183123221e-06 9.166386813768921e-07 2.3804511387533449e-07 1.9963137381599324e-07 0.0 0.0 0.0 0.0 0.0 0.0 0.0 0.0 2.938961462449244e-07 1.5655633413304154e-07 0.0 0.0 1.1055655831131621e-07 4.13142535782276e-07 5.8295233325361844e-08 0.0 0.0 0.0 0.0 0.0 0.0 0.0 0.0 1.4730197744682808e-06 0.0 0.0 0.0 0.0 0.0 0.0 0.0 0.0 0.0 3.6248905434817745e-06 0.0 0.0 0.0 0.0 2.784647243304723e-07 0.0 5.405235763032817e-07 0.0 0.0 0.0 0.0 0.0 0.0 0.0 0.0 0.0 0.0 0.0 0.0 0.0 1.7161678042433336e-06 7.2656614498969e-07 9.017312366210803e-07 8.681295266017826e-05 2.6180868844543216e-06 0.00014889437344310183 1.5827994048446265e-05 2.9379390443971887e-05 1.1660290133924632e-05 7.742988395555277e-07 4.289991812946322e-06 2.2833893403619557e-06 0.0 7.099277400971387e-07 6.075617572608421e-07 2.6119400789085973e-06 1.638281400323853e-07 0.0 0.0 1.0522048991817294e-06 0.0 4.1691607831036064e-05 2.2094436160094552e-06
1.9570356194683805e-05 3.2658336879408915e-05 7.305811554695323e-07 0.0002766078939319009 6.051224377572913e-06 0.0 0.00011711597553970214 0.0 1.8170018704972826e-05 0.000798298607592606 5.560802945947831e-07 4.46149218669895e-05 0.00011012703193189944 2.7694296872108337e-05 1.0464347809557558e-06 4.177507350276065e-07 6.358886501172447e-08 0.0 0.0 0.0 0.0 1.4428228347070626e-07 0.0 0.0 0.0 0.0 0.0 0.0 0.0 0.0 8.384508346398863e-07 4.38243506128517e-07 8.252229931557089e-06 0.0 0.0 0.0 1.4892798908555122e-05 1.5186930655071855e-07 5.184734882712511e-06 0.0 5.916985569852199e-08 0.0 0.0 5.597091452756828e-08 0.0 7.297095335161772e-08 1.0422261279977288e-06 0.0 0.0 0.0 2.2269819096308326e-07 2.3641848051500748e-06 4.916645606862181e-08 0.0 1.9147788045241004e-07 4.6714838370005e-07 4.783697799964699e-05 4.2149321506854445e-06 1.0062233246245906e-06 7.103679555362226e-07 1.5638627187717044e-07 1.447772915120175e-06 0.0 5.231437728058353e-08 1.1250640484286897e-07 6.252040622298831e-07 1.0808632807262047e-07 9.044739216470694e-08 0.0 0.0 7.158264000260283e-05 5.389502398871986e-05 4.835733151346283e-06 2.0201700055068714e-06 4.803298529909138e-07 2.752714410024201e-07 9.057053759978093e-08 3.857077805702029e-08 0.0 8.368821885595409e-06 2.201234140454126e-07 3.170449094729197e-06 5.574239537472695e-08 8.348768281709995e-07 1.6236322032393352e-07 1.0592148254913611e-06 0.0 2.0252700972935043e-06 1.9038007172383123e-06 6.088666674020003e-06 2.1609512831072163e-06 2.547895759146087e-06 1.3707345433150054e-07 4.1588231335018514e-07 8.387314989091462e-07 7.309497347958755e-05 3.6010708709986106e-05 4.665841342400267e-06 2.7120832391992737e-05 0.00017686527072420698 4.0004270611918325e-07 0.0 3.841260336183819e-07 0.0 0.0 6.438372109614538e-07 4.545656045854321e-06 1.3764647681387642e-07 0.0 1.8558309414242282e-06 0.0 6.996436505533646e-06 2.4749451676177617e-06 4.583809143676558e-06 1.1359648172041182e-06 7.132837096490417e-08 0.0 0.0 0.0 0.0 0.0 0.0 4.88512465813374e-07 0.0 0.0 3.7991391222634957e-07 0.0 1.206823853271062e-07 0.0 5.3284349533124004e-08 0.0 6.972850481126069e-07 1.4687392588914627e-06 0.0 6.52260774163255e-07 4.559736374883882e-08 0.0 0.0 2.468317406958486e-07 1.569939107413736e-06 8.451297691258363e-07 4.304314804133195e-07 6.230647532921813e-07 5.416291765066231e-07 0.0 0.0 0.0 0.0 0.0 0.0 0.0 7.597059868929249e-07 2.2599151713482618e-07 0.0 0.0 0.0 1.3692326280456885e-06 6.697549269932699e-08 0.0 0.0 0.0 5.378079014666903e-07 0.0 0.0 0.0 0.0 3.2751442688398936e-06 0.0 0.0 0.0 0.0 0.0 0.0 0.0 0.0 0.0 4.227704969851136e-06 9.353381631074215e-07 0.0 0.0 4.937236308331727e-08 2.725957942022663e-07 0.0 4.981136168547999e-07 3.884848678454951e-08 0.0 0.0 0.0 0.0 0.0 0.0 0.0 0.0 1.0630784846666168e-07 0.0 0.0 0.0 5.615238555919021e-06 2.4430380078011484e-06 1.7848471346948166e-06 7.0187534902035065e-06 0.0 4.168071366574867e-06 1.531719836871372e-06 6.120292824647301e-05 7.352736453545772e-07 9.322834536551716e-08 4.6810753392560126e-07 3.2434433077454574e-06 0.0 6.711664257657703e-07 1.9952949417684492e-07 2.0361874068447806e-06 0.0 0.0 0.0 5.99669544044125e-07 0.0 2.9198760965993693e-05 8.230546388079527e-06
0.0005711738975187891 0.0011033476126695026 5.221297524351555e-05 0.0011916036459119889 0.0004176985495465656 0.00011711597553970214 0.0 1.4592071534080105e-05 0.0008547353097173257 0.0011027973848251659 0.0001504492798574663 4.346302241323267e-05 0.001274275542209767 0.00048342688969552766 1.4535151204663472e-05 3.5101823401887263e-06 1.0156891618617334e-07 3.7090292068041644e-08 0.0 0.0 5.613264869513444e-08 0.0 0.0 0.0 1.4507905520777187e-07 0.0 0.0 5.965843046792436e-08 0.0 3.986131759776623e-08 5.447727007572283e-05 9.962878402663152e-06 2.4285187391520327e-06 0.0 5.894986979089533e-08 0.0 9.027690898455748e-06 1.6268686496578513e-07 7.985076690518622e-07 0.0 0.0 4.1853170006589174e-08 0.0 2.5197437369106277e-07 5.5593483514019805e-08 2.7052454286379565e-07 5.145393406758865e-05 1.2786257937007667e-06 1.4695283340388364e-07 1.8057495432385284e-07 1.7837899931946719e-06 0.0 4.112557461502791e-08 0.0 1.9895402115929372e-05 8.645054788044193e-06 5.96275106353526e-05 0.0001297196218367812 1.1548170738358534e-05 3.3247975132100144e-05 2.2453778168353213e-07 4.654307427345601e-07 3.6647435233745055e-08 1.694285084821061e-05 1.2463660012120704e-05 8.248160416656365e-06 1.4076338054498848e-06 3.2978893678967376e-06 4.843008060243886e-08 5.523760679830132e-08 1.866970522459329e-05 1.0705897792023194e-06 0.0 0.00011464260527512991 5.1725044490502994e-05 5.824035113688179e-05 3.423982330759914e-06 1.987813734775791e-06 2.506547467472072e-07 2.134943560892403e-06 1.3514637380577592e-07 7.611275030926588e-07 1.1909362867657152e-05 6.322413994260029e-07 3.1745038703881856e-06 8.430403418468353e-06 1.5124313272139302e-06 3.657718126951648e-06 3.1573463159355265e-06 1.0527231255357433e-07 8.156746959837134e-07 1.4841745499370097e-07 1.1034295470692858e-07 1.96961609249111e-07 2.828115697006723e-07 9.714311595486789e-06 3.845469854647559e-06 0.0 6.429182888003266e-06 0.00015733243364441065 8.779904052972157e-07 2.3661064137563474e-06 1.2734818666142327e-05 2.4590631313733633e-06 2.0635841118612496e-07 9.343837241179679e-06 3.309591803324875e-06 2.96012503573906e-06 7.997258914230386e-06 9.527393433137476e-06 4.527696186839186e-07 2.483607086605111e-05 9.874476088303037e-06 2.0721399397227625e-05 4.058007297042122e-06 8.275528707440833e-08 8.508964445624185e-07 0.0 0.0 0.0 0.0 2.752431261432987e-07 0.0 0.0 0.0 0.0 0.0 7.321746091875156e-07 0.0 3.996323249825838e-07 0.0 8.076652612376913e-07 0.0 0.0 4.104293359714665e-06 4.7595264439807185e-07 0.0 6.049602330110638e-07 0.0 5.8680486811600006e-06 2.9193047891005357e-06 1.9800476610027995e-06 2.4819608254985596e-06 6.61842236552499e-07 0.0 0.0 0.0 0.0 0.0 0.0 0.0 8.370952315085608e-08 4.1024872704764624e-07 0.0 0.0 0.0 1.8522606470131776e-06 2.1084701677538146e-07 1.9836857533613678e-07 1.4435027375282618e-07 4.828359215772807e-08 7.846136962246098e-07 8.294016550585501e-07 3.220012388372798e-08 0.0 0.0 9.19466089474895e-06 1.679977490660266e-07 8.536510735672471e-08 1.9950449067846986e-07 3.928312772572619e-08 1.0511502772648824e-07 0.0 0.0 0.0 0.0 1.6396784701544452e-05 8.893391438018006e-07 0.0 0.0 0.0 1.3812099224436555e-06 1.2106056644560592e-07 1.768085901719286e-06 1.1571939509489047e-06 6.505979645874712e-07 4.5786325443904777e-07 3.9343203438937376e-08 0.0 0.0 0.0 0.0 0.0 9.477817118441261e-08 0.0 0.0 0.0 1.2295081919035081e-05 5.339456976232638e-06 5.462807657972493e-06 0.00011534185856337323 6.176364514813397e-06 0.0001913602958819253 2.1714130516776934e-05 0.00019415550085562442 1.3609884409029035e-05 1.56277024540501e-06 6.804722896586366e-06 4.893628835178761e-06 2.3558494273636966e-07 4.055380580164942e-06 7.778864601087221e-07 8.436341329401884e-06 9.562365486523562e-08 5.982842861226117e-08 5.3617726305881586e-08 1.3595288344378562e-06 0.0 8.087107478058493e-05 1.0131372756468248e-05
3.5078636696171043e-06 4.88442454318968e-05 0.0004918376184028672 1.936044087557499e-07 0.00010287702043128718 0.0 1.4592071534080105e-05 0.0 0.00016709479901143819 3.017737388262455e-07 0.0020275170441792353 1.340238131524826e-05 7.92940524192942e-05 0.0007425160939668968 2.378852913213864e-05 1.2562075586464689e-05 2.369306438412231e-07 3.3667231398287605e-07 1.2748146803390197e-07 1.2722284274567104e-06 1.3655370356548e-05 0.0 5.886403845484444e-06 6.490946292476701e-07 4.7132145956490785e-06 1.1950548700703262e-06 3.1259342991150042e-06 5.418736113478532e-07 7.60783881296721e-08 2.2971876299298493e-07 0.0004512917528051234 0.0010507251887724202 6.030842841586794e-05 1.560665553490251e-06 1.1100220143289322e-05 1.0964648280463891e-05 2.5165478359086304e-05 3.7162787595899547e-06 8.068871844240261e-07 1.0146293308827247e-06 6.028377469399612e-06 1.6451657225210708e-06 1.9459453991857644e-06 1.0548250285987604e-06 1.355336940234894e-07 4.291931635639488e-06 5.072185314779176e-05 5.381317993491028e-07 4.6937670188638994e-07 1.2260545663803366e-06 1.0401229651430626e-06 0.0 1.9959818327468867e-07 0.0 5.951402516724166e-06 3.922334314299223e-06 2.1176206502910483e-05 0.00018524788647246885 4.913408750129845e-06 2.8077850091606828e-05 2.8914496055127664e-05 8.611941146601677e-05 5.14582829164443e-06 0.0003853238508204579 5.04442068007854e-06 4.370833681662962e-06 5.324295367710268e-07 2.300522166995837e-06 2.6432919751378347e-06 1.4655720689578685e-05 9.14660889589213e-06 1.2842066033882739e-07 0.0 7.655253833277827e-05 8.036929338452559e-05 9.465972446445368e-05 3.555371973812909e-05 0.00014673981481083532 0.0004211257784020773 0.001103449925420532 1.1307993925584623e-05 0.0009225241193180009 4.7095266886283636e-06 1.5340921431525857e-07 1.1755340554739429e-06 3.093296758260664e-06 1.052301034427405e-06 1.5948031856407567e-06 1.4201008510639088e-06 0.0 4.0700292675627623e-07 4.040067831906047e-07 2.366732891153788e-05 3.361383562611345e-06 3.3326759402029547e-07 1.6073761819763566e-06 8.268886207539827e-07 0.0 1.4531517093631183e-06 8.281113767723065e-06 0.0 0.0 0.0 0.0 0.0 1.6430260385308937e-07 3.193412064013036e-07 0.0 0.0 2.9357594759804113e-07 1.555265714636175e-07 1.1940415776540626e-06 7.87038609225289e-07 7.146811551732245e-07 4.167644303617044e-07 6.789360833735291e-08 0.0 0.0 0.0 0.0 0.0 0.0 0.0 0.0 0.0 0.0 0.0 0.0 0.0 0.0 0.0 1.1089222707142484e-07 0.0 2.8981721656539004e-07 5.672764476477459e-07 5.1612279046211383e-08 0.0 7.176115587716296e-08 0.0 1.0304354366314808e-06 0.0 1.25345601885592e-07 2.267304442400741e-07 2.6325054114440226e-07 0.0 0.0 1.7273243716294456e-07 0.0 0.0 0.0 0.0 0.0 1.1534217019992472e-07 0.0 0.0 1.3540245771278744e-07 1.0189586257204115e-07 0.0 0.0 0.0 4.1743664300436484e-08 4.225008451540992e-08 0.0 0.0 0.0 0.0 1.033743223159784e-06 0.0 0.0 0.0 0.0 0.0 0.0 0.0 6.615835272781582e-08 0.0 1.6845333236043845e-06 1.0088062116513494e-07 0.0 0.0 0.0 5.5015883468095236e-08 0.0 0.0 1.337543521173943e-07 8.592540690511971e-08 0.0 0.0 0.0 0.0 0.0 5.25697239049506e-08 0.0 7.619586610511437e-08 0.0 9.65047076252856e-08 0.0 9.877426427383033e-07 5.163259406808349e-07 1.175097651465573e-06 5.851182364571399e-05 2.587466157834683e-06 0.00011346185675930328 1.7251411155172156e-05 5.656162038155646e-06 9.368333585262709e-06 1.0062069537443079e-06 4.5086035186855535e-06 1.2676777875468696e-06 0.0 1.9487700988920009e-07 1.030484116519471e-07 0.0 0.0 0.0 6.67226688638344e-08 1.4523852880263879e-06 0.0 1.8178852646105655e-05 6.795837445041311e-07
4.5128961202482604e-05 0.0003704305048802364 0.00020315427548068347 5.128605728095993e-05 0.0010515648861564716 1.8170018704972826e-05 0.0008547353097173257 0.00016709479901143819 0.0 0.0004371928483272081 0.0009827118872650698 7.357759406334342e-06 0.00019963096040558664 0.0002649707865351885 2.4812258902979946e-05 9.73590943466531e-06 2.884195113894932e-07 4.0166635957539616e-08 0.0 5.04351207538663e-08 9.983611604839973e-08 0.0 0.0 0.0 3.7194861186053614e-08 0.0 0.0 1.332112793382644e-07 0.0 0.0 6.0796686509552275e-05 2.2463192463122362e-05 4.732124388856713e-06 7.147990178178723e-08 0.0 4.11165990002266e-08 8.680865910752095e-06 2.100977164238846e-07 8.619832201322967e-07 1.2636870657217952e-07 0.0 5.528903065995937e-08 3.553974819996207e-08 2.537627328844565e-07 0.0 2.603695002218274e-07 5.2037231583754055e-05 6.821476128442416e-07 3.4267309268693655e-07 1.0074254415372366e-07 7.71406274584663e-07 1.5178352531783172e-07 0.0 0.0 9.230126251130091e-06 3.4358462727596707e-06 1.9237801617092176e-05 5.7539775734167067e-05 6.252242362063794e-06 2.410820637914695e-05 3.050675794930511e-07 2.3576837224714126e-07 0.0 2.1501272715456652e-05 6.772883425727661e-06 5.561636524116738e-06 6.44010296076167e-07 1.4588359662167874e-06 3.444587720181967e-08 1.2764895300609442e-07 2.711395296791674e-05 9.754723810676448e-07 0.0 6.648253647714816e-05 3.976566403166467e-05 7.662221912706792e-05 4.708406339566559e-06 3.470207003432793e-06 4.0172754121257394e-07 1.082450564670685e-05 1.784290322813887e-07 1.5565197715083304e-06 6.129458560921333e-06 2.273573845227921e-07 1.580634161509072e-06 4.250401103723662e-06 6.920804288804595e-07 2.0921146389784567e-06 1.3398252987631554e-06 0.0 6.041189967193875e-07 2.3609383124541347e-07 9.346072082714633e-08 1.0005637763562388e-07 0.0 8.393118929357355e-06 6.094439058588715e-06 0.0 6.395100173793036e-06 2.3440392608366762e-05 1.1147511054889064e-06 6.246357070672038e-07 1.6698873256854275e-06 0.0 5.055165308417769e-07 2.8537331594899747e-06 3.1972207379309026e-06 2.674254185433743e-06 1.6238703775892413e-06 1.3163098454475095e-05 1.224741334562027e-06 3.432427346963321e-05 1.6263362899161022e-05 2.5403969772585325e-05 7.395080544803918e-06 4.992182201237834e-07 0.0 1.7772736679987308e-07 0.0 0.0 0.0 0.0 0.0 0.0 0.0 0.0 1.9360437028882932e-07 0.0 0.0 1.9742276992644881e-07 0.0 2.4338946419647795e-07 0.0 0.0 3.0122289861417807e-06 3.851463718922646e-07 0.0 1.3072775300847124e-06 0.0 7.086011807730798e-06 5.154560067841777e-06 6.139642674938524e-06 5.31633919682694e-06 2.7818061663070506e-06 0.0 0.0 0.0 0.0 0.0 4.702183869588061e-08 0.0 5.663023754625868e-07 2.0201656683615765e-06 0.0 0.0 0.0 2.025931125679007e-06 0.0 0.0 0.0 0.0 5.856878954881475e-07 4.967906432888543e-07 2.447137905157974e-07 0.0 1.5859477831718273e-06 1.4148620084536392e-05 0.0 0.0 0.0 0.0 0.0 0.0 0.0 0.0 0.0 2.5922593445010682e-05 6.694628989545557e-08 0.0 0.0 0.0 1.7612244801621183e-06 6.62722378928762e-07 2.118254004612215e-06 2.6385721577112963e-07 3.544434350521991e-07 3.190400841414498e-07 0.0 1.689606017326836e-07 0.0 0.0 0.0 6.20765380292382e-08 0.0 0.0 2.0472268232242752e-07 0.0 2.0662812193563933e-05 9.869369248777423e-06 8.852623560886273e-06 0.00011758485334165655 4.144784864844361e-06 0.0001502950056855917 2.155010050875651e-05 4.193382501903353e-05 1.5227123089510793e-05 1.398200251575836e-06 1.079055532281494e-05 9.418671990561517e-06 0.0 4.270556827666476e-06 1.2490681004312744e-06 1.0610119839928371e-05 3.672582440672763e-07 1.1482671987534584e-07 0.0 2.8741784495885863e-06 2.3648972958641562e-07 4.991442148334042e-05 1.2872390145283386e-05
0.0006019139483978349 0.00018001295169742736 3.859948473378355e-06 0.000690951121863374 0.0002355200167579931 0.000798298607592606 0.0011027973848251659 3.017737388262455e-07 0.0004371928483272081 0.0 1.9072639078818433e-05 0.0013632332241076972 0.0050281683265723295 0.0003330394216884156 7.012699264918881e-06 2.4563108039726158e-06 4.538205157206231e-08 0.0 0.0 0.0 0.0 0.0 0.0 0.0 0.0 0.0 0.0 0.0 0.0 0.0 5.9038545787778605e-06 2.262439412349024e-06 1.903451962672939e-05 0.0 4.7867165303444614e-08 0.0 8.757954394696929e-05 4.624042038904794e-07 2.756693992470192e-06 1.2205925745993386e-07 0.0 1.328965558164099e-07 0.0 1.5471473672156925e-07 0.0 0.0 2.2210399115869906e-05 1.0601672440058117e-07 7.203735477805956e-08 8.805674998468515e-08 4.5749089785343877e-07 1.4650975538479367e-07 0.0 0.0 7.161405337217673e-06 2.6930126625981305e-06 3.9445697769859754e-05 3.390395213134882e-05 3.7942039734267207e-06 1.2516613863488956e-05 3.804158542506525e-08 2.436092962364223e-07 0.0 2.725435253505862e-06 4.142253626069631e-06 2.9936164396517555e-06 1.3452248843766705e-07 9.827290758783554e-07 2.0111670343138787e-07 4.419660686390956e-08 0.00018319251993986085 6.496118894408619e-06 1.7235822454841768e-07 3.484530941547026e-05 1.3406769442035394e-05 2.447497111826784e-05 1.6697557303501334e-06 7.795400953239479e-07 1.9566032782079392e-07 2.6376280031736168e-06 1.5439497403311916e-07 5.280941930100792e-07 3.5652125846405035e-06 2.0100446977945094e-07 1.0545168059864837e-06 2.533393774966618e-06 4.1607327596623644e-07 1.115332504143238e-06 8.524455683600136e-07 1.938760942046321e-07 2.2949394307567242e-07 2.2890699236247096e-07 1.2532121065236946e-07 2.0131903943362307e-07 6.706509497965776e-08 6.735688645642699e-05 3.768819349931491e-05 3.4585818576648253e-07 3.235675414487122e-05 0.0004933151047413791 1.4893908695241655e-06 1.526530474261041e-05 5.751489186150382e-05 5.7735011685303314e-05 1.311433470539242e-06 1.8256191358009956e-05 4.118738825729962e-05 4.898567737745872e-06 1.8184703310857734e-05 3.028712762027554e-05 2.2288767580826905e-06 6.292342774653099e-05 3.7427720003773304e-05 5.043212837364768e-05 1.1741987125491277e-05 9.178510369015652e-07 0.0 0.0 6.151524154648487e-08 0.0 0.0 2.1026621435831894e-07 0.0 0.0 0.0 0.0 0.0 2.1067001444592297e-06 4.272602161917208e-07 6.950923310612609e-07 7.020543179711239e-08 1.0376926731846562e-06 5.494296300898804e-08 0.0 5.454561286229176e-06 9.839126357073996e-07 0.0 6.302965651342012e-06 0.0 7.696238274364043e-06 3.1823590495771172e-06 7.65088843563239e-06 7.573297265328336e-06 4.5445827065750365e-06 0.0 0.0 0.0 0.0 1.4606198760697008e-07 0.0 0.0 1.7977249493202222e-06 8.636917476431865e-07 0.0 0.0 0.0 2.583566128186022e-06 0.0 2.4388797945927283e-07 5.935648341318189e-07 3.41157701173111e-08 2.287680815805562e-06 3.075071368503941e-06 2.150566923123805e-07 0.0 0.0 2.660759586113209e-05 2.116738151495342e-07 0.0 4.816127632590787e-07 2.42217979774918e-07 0.0 0.0 0.0 2.61959600906567e-07 0.0 4.3860087003949635e-05 9.268311715660419e-07 0.0 0.0 1.948674316259764e-07 4.222672044513407e-06 3.7102383503409697e-08 6.065203743758271e-06 2.319240160931894e-06 1.5292373420961656e-06 8.836747390847261e-07 4.178973004061585e-07 0.0 5.124634002518532e-08 7.299592158864893e-08 0.0 0.0 1.0548096418305295e-06 0.0 4.0794550735578914e-08 0.0 5.739473021249727e-05 1.606289649825545e-05 1.4760540179159953e-05 0.00015164486787905588 2.991127783758103e-06 8.403229784727099e-05 1.1593801545889241e-05 0.000534439369173092 8.178487347806581e-06 3.7601508466895693e-07 2.226593412966465e-06 1.7623448673702877e-05 2.1747578719132243e-07 8.10705666444967e-06 3.7908701960824145e-06 5.162156926592825e-05 1.2071329317723217e-06 1.5692658465474896e-07 0.0 3.253808078449565e-07 0.0 0.0002323260829671363 6.173136473417026e-05
8.395065335022864e-05 0.0003976495868970722 0.0016700180541141716 4.202728779784093e-06 0.0004447082273606777 5.560802945947831e-07 0.0001504492798574663 0.0020275170441792353 0.0009827118872650698 1.9072639078818433e-05 0.0 5.92353365269665e-06 0.0001796122925364669 0.0006414917113988627 2.8337102387437606e-05 1.7177384961227383e-05 5.638258302377634e-07 6.454603419086623e-08 3.5263389020229765e-08 1.3177901483980577e-07 1.4101255739585272e-06 0.0 5.020495457570892e-07 6.147903135191504e-08 2.587142493959371e-07 2.5311036917281376e-07 4.650381108762305e-08 1.9128842445741467e-07 8.092120353475543e-08 8.89051058622446e-08 0.00045593756436427895 0.00018700919520159818 8.018618565595577e-05 0.0 3.275629977823713e-07 2.9236898385340224e-07 9.037479753644492e-05 3.007795715217774e-06 6.648454131534828e-07 3.0176808418892066e-07 8.159530682656227e-07 1.8863831007579392e-07 3.58823916538867e-07 1.2731219306767203e-06 0.0 6.952633389622627e-07 4.1267911190366605e-05 6.508357254179815e-07 2.2767756073063837e-07 2.607368368743011e-07 8.520643675882486e-07 3.9243545905567757e-07 0.0 3.9033634484440225e-08 8.860469860627704e-06 4.608061418354109e-06 3.1017416882340576e-05 0.00010795336904973061 6.895024101630571e-06 2.3480708412631144e-05 9.49401419235403e-07 4.8100854987415295e-06 4.994611002603065e-07 3.234059110456643e-05 6.378438243172973e-06 4.45936613602654e-06 1.1416082638606319e-06 1.7795336027882086e-06 3.6815867133299023e-07 8.980651050829881e-07 2.3732175747430927e-05 6.050174717888821e-08 0.0 6.773643701012156e-05 4.169000671598973e-05 6.591739993146982e-05 8.429571869429508e-06 1.0470743682002862e-05 8.089352100769675e-06 0.0001648383596052492 1.29069595365616e-06 7.15615740102738e-06 6.377796406575266e-06 1.4146497582437407e-07 1.480272786071346e-06 3.514007772861658e-06 1.1104710867764788e-06 1.5397812917163214e-06 1.1046916723780323e-06 5.017379572892619e-08 7.807227255357449e-07 1.786309868199949e-07 3.632426722909514e-06 1.339824359529178e-06 4.408849654530079e-07 8.596270936789933e-06 2.638145694196319e-06 0.0 1.4526176987493613e-06 6.648005034724895e-05 1.1123457945898379e-07 1.031481018821992e-07 1.1037811347233601e-07 0.0 2.9225315354439135e-07 1.5428665278756261e-06 8.800954273863764e-07 3.9809598823050403e-07 7.731587761969258e-07 1.2173749385049847e-06 1.1251041501933915e-07 7.360737778182706e-06 2.5252325721910355e-06 5.56928831587427e-06 2.246637175731363e-06 0.0 0.0 0.0 0.0 0.0 0.0 6.669144013547929e-08 0.0 0.0 0.0 8.68528892383061e-08 0.0 2.7590742421705046e-07 0.0 0.0 0.0 0.0 0.0 0.0 6.053339167054326e-07 5.973135733818499e-08 0.0 6.727326320816783e-07 0.0 1.8655955480279166e-06 5.93523725816029e-07 1.0377832499603079e-06 1.8455731344039387e-06 4.397761789064117e-07 0.0 1.3187574311717346e-07 0.0 0.0 8.072392913815279e-08 0.0 0.0 0.0 2.2038482882650072e-07 0.0 0.0 0.0 3.5540756353838857e-07 8.191384562582263e-08 0.0 0.0 0.0 2.097499113503339e-07 4.265803261928285e-08 0.0 0.0 2.4068448957496087e-07 3.721396651944084e-06 0.0 0.0 9.364799382439894e-08 0.0 0.0 0.0 1.5321771957347262e-07 0.0 8.293730933700219e-08 7.90905944235363e-06 0.0 0.0 0.0 0.0 5.973671001018332e-07 4.473807236687468e-07 7.309969828809701e-07 5.168403588097116e-08 0.0 2.1648527360319382e-07 0.0 0.0 9.491566478086183e-08 0.0 0.0 0.0 0.0 0.0 0.0 0.0 5.566960862022448e-06 2.6699220151937427e-06 2.017374617594115e-06 0.0001041022423619382 3.431189685333831e-06 0.00011609678085210687 2.233458787640837e-05 2.459344767894041e-05 1.3053980299341646e-05 8.815839209059886e-07 9.13744552725706e-06 3.1052707156532715e-06 1.0825109792133553e-07 1.5923888927157332e-06 5.321716320964412e-07 6.389724501781815e-07 3.919524555786054e-07 1.4093918110373664e-07 2.459533742090856e-07 1.692063502192514e-06 0.0 2.909557976973749e-05 4.927267474435545e-06
