0.0 0.0008766013169136809 0.00027055974000015314 0.00041518830860438904 2.845186158066256e-05 0.00010716117549069745 0.0004001063810437409 6.755158272012358e-05 3.967371060927942e-05 0.001590492075985456 9.112624964990842e-05 0.0003363031587140638 0.0004277810142266133 5.9649544353567455e-05 8.868179592517795e-07 1.3074339070012742e-07 0.0 0.0 0.0 0.0 9.147695215538485e-08 0.0 5.131887169442352e-08 0.0 0.0 0.0 0.0 4.901628934807002e-08 1.0691741275640631e-07 0.0 0.0004377026405938257 1.616613938279229e-06 3.38173850062242e-06 4.0980795728234524e-08 4.731082731460127e-08 0.0 5.363241535418098e-06 3.433193544319438e-07 1.6775568800834766e-07 4.424264638064934e-08 2.09164088150767e-07 0.0 0.0 0.0 0.0 5.2668342590733683e-08 1.9045168647766875e-05 1.2318733533335838e-06 0.0 0.0 5.687588202202047e-08 0.0 5.135285065085296e-08 0.0 4.898058991635052e-07 6.656494140678411e-07 0.00010359821947415915 0.00021761988462715425 1.512336229319013e-05 4.3699174069479655e-06 7.87120781963057e-08 5.031687739089346e-07 0.0 1.0306700225357573e-05 9.204565233478065e-07 9.280006998574049e-07 3.334214463106113e-07 6.428099452889412e-07 9.868678985573722e-08 4.1122033144188834e-08 7.777394534363572e-06 4.511167153836284e-08 0.0 8.907618630340566e-05 1.7574496719053857e-05 1.0215066411149528e-05 3.831794796583303e-06 4.28075461030605e-07 2.5828851427908055e-07 8.143735195796136e-07 2.3540678277383555e-07 3.065748114726073e-07 7.65342667329589e-06 8.43179967798023e-08 1.8246116165156257e-06 3.8451525693186753e-07 4.3491747179156554e-07 0.0 8.85950010467496e-08 0.0 0.0 0.0 3.907589030922586e-08 6.114137770425719e-08 0.0 4.274603327319114e-05 5.783494762543754e-06 0.0 1.3503363005476655e-07 0.00040224548487857275 4.0442406655169095e-08 1.6382297254663105e-07 4.842426243425472e-07 2.313380955149828e-07 5.9160941008938084e-08 0.0 1.298776006903943e-06 1.9186609547812578e-07 5.468121377577535e-06 5.358457516210815e-06 3.8651735887158e-07 1.1131741658318937e-05 4.9996732847229695e-06 8.489596681633962e-06 1.1419772058214757e-05 0.0 1.2191470458344916e-07 0.0 0.0 0.0 0.0 0.0 0.0 0.0 0.0 0.0 0.0 0.0 0.0 0.0 0.0 0.0 0.0 0.0 0.0 7.335761336247307e-08 0.0 0.0 0.0 1.3141478551570606e-06 7.754734096624487e-08 7.277881744613061e-07 1.0499470842636376e-07 1.3250911672917939e-07 0.0 0.0 0.0 0.0 0.0 0.0 0.0 0.0 0.0 0.0 0.0 0.0 3.946387987570319e-08 0.0 0.0 0.0 3.504154366827495e-08 0.0 0.0 0.0 0.0 3.632929961761861e-08 1.0574317932939912e-06 0.0 0.0 0.0 0.0 0.0 0.0 0.0 0.0 0.0 7.756973685292239e-07 8.232209905653872e-08 0.0 0.0 0.0 2.31419468485171e-06 0.0 1.0070823637872867e-07 0.0 0.0 0.0 0.0 0.0 0.0 0.0 0.0 0.0 0.0 0.0 0.0 0.0 7.6459027799672e-06 2.4172473745032083e-07 4.0320656119061146e-07 0.00011342778036051595 2.146596190419039e-06 2.7806202373726054e-05 7.196201344951375e-06 0.00033509118073290415 7.335609976615624e-06 1.0819018558760824e-06 2.35340050204489e-06 5.629574386801113e-07 4.706597388680827e-08 3.248107645628951e-07 1.0016317809589266e-07 4.01396809335537e-06 0.0 4.849142383077561e-08 1.617734671210736e-07 4.774381919307651e-07 0.0 0.00010688935268274603 3.961710636946711e-06
0.0008766013169136809 0.0 0.0004415783279420261 0.0003788447072216207 0.0005173523330396247 7.157136336777521e-05 0.001968148843167622 0.0002699062975412518 0.0010002768164399203 0.00015429382554919003 0.0005710902684069097 3.893100622620153e-05 0.0005569740473271477 0.0003069554222473525 2.9002976354152473e-06 8.306315805213702e-07 4.991844097445662e-08 5.71492636511948e-08 0.0 0.0 8.401159631929785e-08 0.0 6.652087252582448e-08 0.0 3.92132829192892e-08 0.0 0.0 0.0 1.4375442049884957e-07 0.0 0.0009022098801256365 1.3117353780973778e-05 4.591349764801287e-06 8.732515595127651e-08 0.0 3.898863517351893e-08 1.9363617479187695e-06 1.0647482737682663e-06 1.2109216153592477e-07 8.691152716970319e-08 4.120208992494715e-07 1.0860411575374188e-07 2.042781191577143e-07 1.4305561734080592e-07 0.0 0.0 5.9037570190684426e-05 1.267880649381461e-06 5.7486457002776726e-08 1.392464996872773e-07 0.0 0.0 0.0 0.0 7.990799581187871e-07 9.445946280586777e-07 8.002232659809278e-05 0.0002826491995153431 1.634673528444156e-05 1.1343215028164284e-05 5.427234308142067e-07 1.7695437555402045e-06 0.0 5.746149575440196e-05 1.2532167405440589e-06 8.791252991802981e-07 4.457726719973424e-07 4.3157834613788414e-07 2.461580914161757e-07 3.0934559473342095e-07 1.6872405253098886e-06 4.1573481382588817e-08 0.0 0.00012514504153194459 3.7641719529606755e-05 2.7531622067114672e-05 2.1242273250200933e-05 1.4601619365353799e-06 7.884632004606554e-07 3.1057978345211175e-06 8.343671947861297e-07 1.3775154744985413e-06 9.094374960921805e-06 0.0 1.9183682888457165e-06 3.765268245111263e-07 2.458701529127378e-07 0.0 4.378125675725245e-08 0.0 4.0840488298923496e-08 0.0 2.118180418395187e-07 0.0 0.0 3.4494883009841605e-06 0.0 0.0 1.5032336393167728e-07 0.00027053837535672017 3.8619791707060106e-07 1.7502217739505312e-07 2.960543677089675e-07 3.184115824419093e-07 6.379204199580764e-08 0.0 9.086087475365588e-08 1.5016403052562248e-07 1.8725405749524596e-06 1.2652778535690768e-06 9.585421414907012e-08 3.5319642740807185e-06 1.453810498034243e-06 3.2953688951833786e-06 9.487038511103448e-06 5.1849962955635434e-08 4.355918369672608e-08 0.0 4.217559176269374e-08 0.0 0.0 0.0 0.0 0.0 0.0 0.0 0.0 3.850134369990923e-08 0.0 0.0 0.0 4.780289358074522e-08 0.0 0.0 2.2738941528255655e-07 1.895178748983521e-07 0.0 0.0 4.581832361145602e-08 8.164094153395254e-07 9.401415807645527e-08 6.18882577273634e-07 3.082193981303847e-07 8.050621833115545e-08 0.0 0.0 0.0 0.0 0.0 5.104577422783463e-08 0.0 0.0 5.67317814527431e-08 0.0 0.0 0.0 0.0 0.0 0.0 0.0 0.0 0.0 0.0 0.0 4.868223900690288e-08 0.0 5.27865174143081e-07 0.0 0.0 3.363096489961264e-08 0.0 0.0 0.0 0.0 0.0 0.0 7.841455049725713e-07 0.0 0.0 0.0 0.0 2.5610612840087715e-07 0.0 5.202092937516928e-07 5.077918236225498e-08 1.0744475823808279e-07 0.0 0.0 5.0645320257041125e-08 0.0 0.0 0.0 0.0 0.0 0.0 0.0 0.0 5.05182250532503e-06 2.822278214284702e-07 7.768748909228833e-07 6.77914199269748e-05 1.975483297988884e-06 6.476600812508037e-05 1.4642537486009965e-05 0.00015352777122508145 2.4200442641251864e-05 1.7164034641027284e-06 1.5124063683949903e-05 1.5918113624172286e-06 6.095151404224177e-08 3.1740668451341523e-07 3.908198086064059e-07 4.5065005153042585e-07 8.218782792942161e-08 0.0 1.8927720210496017e-07 2.6145130068761625e-06 2.7237977522989606e-07 3.9208116880082484e-05 2.7139745229661824e-06
0.00027055974000015314 0.0004415783279420261 0.0 2.3888632564691777e-06 0.0002774805893670066 4.6244504629417353e-07 0.0003065113326660433 0.0016454036811303435 0.0013879079094670675 8.62327079177008e-06 0.001255058724113018 6.509024922976933e-06 0.000453988338872189 0.0010274829966281337 3.633061468762011e-06 2.848626466697276e-06 3.078311330123094e-07 0.0 0.0 6.284301645930356e-08 1.330597209184747e-06 1.6518495090219458e-07 1.0128270419751024e-06 1.278328842655004e-06 6.698028377485755e-07 2.919797603962513e-07 1.9131212912878543e-07 1.5657209918564402e-07 0.0 0.0 0.0020683236647910095 0.0001700790736306411 0.00012061555626328135 4.6369453501534377e-07 1.014126560533286e-06 4.922266199520112e-07 2.703088813170815e-05 2.711299252778028e-05 1.217761512122792e-06 6.217658932237777e-07 3.440680367347207e-06 5.150839952792884e-08 5.5287722303824e-07 3.15711792682301e-06 3.727812107372044e-07 4.3540403133124304e-07 3.0226451293036922e-05 5.218291410425615e-07 4.967806095463755e-08 2.6172254162531355e-07 1.7657832921184462e-07 4.8570619082240784e-08 1.6019481479410723e-07 6.58217895106891e-08 9.02805501717685e-08 3.062549262057753e-07 3.097675155514573e-05 0.0001438587399207246 6.639163841733652e-06 3.891103347138899e-06 2.605337142967968e-06 4.646954390171719e-05 3.055122758996985e-07 6.798406691630695e-05 1.638225333862717e-07 3.3819093878208696e-07 2.7390094921571535e-07 2.142185181965585e-07 5.069606911150562e-07 4.260663988297465e-06 8.5608122386779e-06 6.826224711295181e-07 7.573539976761438e-08 4.589746921627312e-05 1.8058453152923418e-05 1.8468614970123527e-05 1.6565811945225262e-05 1.2335256627554449e-05 8.340419343256649e-06 0.00014894442699412197 4.398637383630525e-06 3.0184343887378254e-05 2.6299044537366882e-06 4.054920442686604e-08 6.351590528120261e-07 1.0609254474227367e-07 4.2445886352871635e-08 4.0494567711573384e-08 5.159632201516219e-08 4.190050946350046e-08 0.0 0.0 2.429210658099946e-06 3.7540713566184617e-07 0.0 5.075918106201909e-06 1.3746422893751178e-06 2.464796342980895e-07 1.5148486945815266e-06 2.4913121647784585e-05 0.0 1.7912699635719475e-07 1.881440219911119e-07 6.439751927200074e-08 6.487801495432457e-07 1.403928546119054e-07 0.0 0.0 3.4573633374640804e-07 6.05921994944816e-07 3.2322066392813013e-07 1.8272655658988836e-06 1.6430433234154422e-06 2.3126287767861515e-06 1.1199901498833234e-05 1.564360111401775e-07 2.4614888196511096e-07 0.0 0.0 0.0 0.0 0.0 6.342892526654434e-08 0.0 0.0 1.525117387516436e-07 0.0 9.486018759221623e-08 0.0 0.0 6.10683651417723e-08 9.941469815132054e-08 0.0 4.71807927933035e-08 5.842014723175289e-07 4.2208943408688345e-07 0.0 4.873341841073927e-08 0.0 3.1552743467037865e-06 7.97751063176959e-07 4.099193128496931e-06 1.1648649353100204e-06 6.299510156668257e-07 0.0 6.407561042312086e-08 0.0 4.3072322772488264e-08 1.6915631678102562e-07 1.6352621208656312e-07 0.0 0.0 2.3484321086800837e-07 0.0 0.0 0.0 3.3803161829251336e-07 5.7841014410526925e-08 0.0 0.0 0.0 1.2427965631181445e-07 5.1934888819240445e-08 0.0 4.3028424819629254e-07 4.403377396386507e-08 1.1128392005733114e-06 2.9970582679349795e-07 0.0 3.167396515935232e-08 0.0 0.0 0.0 0.0 0.0 0.0 1.883347458907723e-06 4.288567746702774e-07 0.0 0.0 0.0 1.7335630265413198e-06 1.0955450613175484e-07 6.607498095761811e-07 1.2316813713686586e-07 6.172423822194495e-08 3.1776164879032187e-07 3.871327301723391e-08 2.4885208189101935e-07 0.0 0.0 0.0 0.0 0.0 0.0 0.0 0.0 3.5251384605871286e-06 1.1686062414374764e-06 2.656847458440602e-06 3.706525700357093e-05 1.5283459545496567e-06 3.1433912348444896e-05 1.4168846864700021e-05 8.223859499612449e-06 8.634744635451843e-06 5.189490197687567e-07 1.2403589794329386e-05 1.8418423315434153e-06 9.62294250101898e-08 7.630250217829104e-07 4.792924367579305e-07 5.159246859828379e-08 0.0 0.0 4.904520030784296e-07 2.223455216409939e-06 2.3631798885351298e-07 9.67059857726391e-06 3.4933169956712075e-06
0.00041518830860438904 0.0003788447072216207 2.3888632564691777e-06 0.0 1.687092903277299e-05 6.45037887510074e-05 0.000663183819197857 3.3104633361706946e-07 6.479735295031417e-06 0.0013239785421517575 1.2467249041982425e-06 0.0006149142913986222 0.0006378913502160006 1.3119382839609663e-05 5.574221581793136e-07 5.389409081953797e-08 0.0 0.0 0.0 0.0 4.509624064887435e-08 0.0 0.0 0.0 0.0 0.0 0.0 0.0 0.0 0.0 5.8544062436632376e-05 1.0688182268422727e-06 8.327091922099245e-07 0.0 0.0 0.0 2.73400190157753e-06 2.7286226177251556e-07 4.342744419991563e-08 0.0 0.0 0.0 0.0 0.0 5.0694269415131126e-08 0.0 1.7770210776349842e-05 4.1565788756961284e-07 0.0 0.0 0.0 0.0 0.0 0.0 2.7357398571720957e-07 2.101067329455797e-07 2.8521718795340377e-05 7.172979893200285e-05 5.715225054440734e-06 3.7763256269965852e-06 4.995572655006216e-08 2.01434504165152e-07 0.0 1.2586199995382071e-05 1.4315619367407906e-07 5.63411939513558e-07 2.574426096226374e-07 2.0116797688197812e-07 8.495218308811294e-08 1.1071410475506216e-07 6.5571800877482655e-06 3.674075154156764e-07 0.0 4.470615204011348e-05 1.4015353025609124e-05 5.9524703777533975e-06 5.3209709041870535e-06 3.355656725979842e-07 5.640587280019837e-08 2.8849519085925224e-07 5.257292423893575e-08 1.0094515908709147e-07 3.185431262540302e-06 0.0 6.862944028366823e-07 9.66123900654972e-08 6.025610791874234e-08 0.0 0.0 0.0 0.0 0.0 2.3155762402872127e-07 3.9733016288070705e-08 0.0 2.033433057976467e-05 1.4713982073792276e-06 0.0 4.080725419290742e-08 0.00017847010336583698 0.0 1.7862426538310912e-07 7.629566117932109e-07 4.0858319070610885e-07 0.0 6.602327111695555e-07 3.532462299150169e-07 0.0 3.5334303162194673e-06 1.495558183998191e-06 1.6303293683778295e-06 7.718729474288207e-06 2.0180988681547105e-06 3.840587790157052e-06 5.398496541159462e-06 0.0 0.0 0.0 0.0 0.0 0.0 0.0 0.0 0.0 0.0 0.0 0.0 0.0 0.0 0.0 0.0 0.0 0.0 0.0 5.0288700517799583e-08 1.9068670880568646e-07 0.0 0.0 0.0 4.152293015028601e-07 0.0 3.88173118285558e-07 0.0 0.0 0.0 0.0 0.0 0.0 0.0 5.8724415611767766e-08 0.0 0.0 0.0 0.0 0.0 0.0 0.0 0.0 0.0 0.0 0.0 0.0 0.0 0.0 0.0 0.0 1.2072872189463248e-07 5.305293942816054e-08 3.919004616968838e-08 0.0 0.0 0.0 0.0 0.0 0.0 0.0 7.55191361097629e-07 0.0 0.0 0.0 0.0 2.4098476946683095e-07 0.0 1.9314626514753676e-07 0.0 0.0 0.0 0.0 4.1718774573626314e-08 0.0 0.0 0.0 0.0 0.0 0.0 0.0 0.0 4.408806641187996e-06 1.200411259367391e-07 2.1103159605133342e-07 2.556654164707794e-05 5.376457424913459e-07 2.3177130378757234e-05 4.396590039562814e-06 0.00019727217556953495 5.8614156524505384e-06 1.9177943450055208e-07 4.734703854035915e-06 1.0430431217535557e-06 4.8580276304652245e-08 4.4707137681721316e-07 4.8135949352863294e-08 3.3283059479658126e-07 0.0 0.0 0.0 1.7205833579588467e-07 0.0 5.3591654181687345e-05 3.2081478632922e-06
2.845186158066256e-05 0.0005173523330396247 0.0002774805893670066 1.687092903277299e-05 0.0 7.657458440946101e-07 0.00033237514960905875 3.469952876649699e-06 0.0008493956765547283 2.7981757741310502e-05 4.435006761366975e-05 1.0321169829416189e-05 0.0008365826376337265 0.0007743696920205912 1.4856172984385573e-06 3.541909198193461e-07 4.293650597312604e-08 0.0 0.0 0.0 5.4201240435949515e-08 8.017823012514452e-08 5.2927408453292725e-08 9.940622924517545e-08 0.0 0.0 0.0 0.0 0.0 0.0 0.0001048981141516631 7.973296065772558e-06 1.2414851140368653e-06 1.0411563855180413e-07 0.0 0.0 8.237734456864324e-07 3.3813334849810317e-07 5.090087283672555e-08 4.51550020271497e-08 0.0 0.0 4.669035830927902e-08 0.0 1.4165558272626116e-07 4.674557196073e-08 2.7908923228212898e-05 1.3774195351820036e-07 0.0 0.0 0.0 0.0 4.27284645166295e-08 0.0 1.416766624235088e-07 4.6196457472261456e-07 1.0415460654213525e-05 4.114368356476739e-05 2.7361860354861834e-06 3.905282857794471e-06 4.4563635145521505e-07 7.363799572443434e-07 4.589888370443008e-08 2.0667254513359576e-05 1.6943280267117125e-07 2.5852641864001127e-07 1.2328586225162134e-07 1.1184657015695311e-07 2.5106340068701357e-07 2.491369893268791e-07 7.081075538558367e-07 5.032843161383746e-08 0.0 3.5009446111421556e-05 1.2403579297535703e-05 1.2293845855084989e-05 1.1631195820161475e-05 8.434044174910822e-07 4.4576772498505935e-07 4.0788748319804907e-07 2.6807784215431644e-07 4.3439674385373495e-07 2.7454571326099456e-06 0.0 5.511822534929642e-07 4.797840272670185e-08 1.4880363228625378e-07 0.0 0.0 6.936868106926898e-08 0.0 0.0 0.0 4.605899640484798e-08 0.0 6.534969987430206e-07 4.228641603211659e-07 0.0 0.0 1.0649273370992881e-05 0.0 0.0 7.932616430718971e-08 0.0 0.0 1.4002751194238936e-07 0.0 7.433197242401913e-08 7.948042498054488e-07 8.269919055731483e-07 7.330146111339142e-08 3.3705670511392573e-06 1.9497003569015994e-06 2.290132976821386e-06 4.066119578647127e-06 0.0 4.256191940859559e-08 4.329649260845574e-08 0.0 0.0 0.0 0.0 0.0 0.0 0.0 0.0 0.0 0.0 0.0 0.0 0.0 0.0 0.0 0.0 2.1127876583474717e-07 0.0 0.0 0.0 0.0 6.600290354836898e-07 0.0 1.0849584636429177e-06 5.0580268552442485e-08 0.0 0.0 0.0 0.0 9.659512073019075e-08 5.707669024906927e-08 0.0 0.0 3.342367518231943e-07 6.39001184991391e-08 0.0 0.0 0.0 1.403464887500467e-07 0.0 0.0 0.0 0.0 0.0 1.2144870377627933e-07 0.0 0.0 0.0 3.2675382096174675e-07 5.133223164143322e-07 0.0 0.0 0.0 0.0 0.0 0.0 0.0 0.0 4.6887803515184e-07 0.0 0.0 0.0 0.0 2.9933145980914714e-07 0.0 3.6880849723883934e-07 0.0 0.0 0.0 0.0 0.0 0.0 0.0 0.0 0.0 0.0 0.0 0.0 0.0 2.7689054756995835e-06 4.1521341853653116e-08 5.369366750362764e-07 4.097226419868334e-05 1.859629994474946e-06 3.3267415128096556e-05 1.1694083699865327e-05 1.076959499553991e-05 1.1842502614760329e-05 4.461923413866033e-07 1.2658455221521775e-05 8.053278667179593e-07 5.7996300652485925e-08 2.094473121385827e-07 1.7714633577620227e-07 5.354111783347633e-08 0.0 5.1696097526603635e-08 0.0 1.5743754733917589e-06 0.0 6.469379265156422e-06 6.600984874028694e-07
0.00010716117549069745 7.157136336777521e-05 4.6244504629417353e-07 6.45037887510074e-05 7.657458440946101e-07 0.0 1.755846694830556e-05 0.0 3.729056868661111e-07 0.0001025792114933869 3.342850250187704e-07 1.8858786853591166e-05 1.656258792694616e-05 2.386156784368043e-06 7.796312249467759e-08 0.0 0.0 0.0 0.0 0.0 0.0 2.1904257849542728e-07 0.0 0.0 0.0 0.0 0.0 0.0 0.0 0.0 9.71771079215326e-06 0.0 2.481054498643513e-06 0.0 0.0 0.0 2.487040392116929e-06 0.0 0.0 0.0 0.0 0.0 0.0 1.4257395314748678e-07 0.0 0.0 1.7910159308315454e-06 1.7574974555663262e-07 0.0 0.0 0.0 2.1294120306948311e-07 1.0787580704724267e-07 0.0 0.0 9.87534991754176e-08 0.00011421375322896566 1.3481139472018194e-05 1.5266347468348206e-06 2.756356412460417e-07 0.0 1.510037395766041e-07 0.0 6.124670299710226e-07 0.0 0.0 0.0 0.0 0.0 0.0 7.88256671954652e-06 6.221805510183504e-06 5.984046416610857e-07 6.94178922166518e-06 1.4148636735102281e-06 5.277380307608154e-07 3.0030190948239643e-07 0.0 0.0 0.0 8.801618338766387e-08 1.2575984630292366e-07 1.9170487626582216e-07 0.0 0.0 0.0 6.025793344807915e-08 5.663390466403169e-08 1.1459587330960325e-07 5.234340697976942e-07 2.155839840020343e-07 1.4909173439845294e-07 0.0 0.0 0.0 6.207450434410552e-05 7.23383207218309e-05 2.163384907767141e-06 4.380116734073569e-06 0.00023330799743354963 0.0 0.0 0.0 0.0 0.0 0.0 0.0 0.0 1.1749885244956155e-07 3.791464311237356e-07 0.0 0.0 2.0657956485372606e-07 2.911409296659883e-07 4.4558277819687096e-07 0.0 0.0 0.0 0.0 0.0 0.0 0.0 0.0 0.0 0.0 0.0 0.0 0.0 0.0 0.0 0.0 0.0 0.0 0.0 0.0 0.0 0.0 0.0 0.0 0.0 0.0 0.0 0.0 0.0 0.0 0.0 0.0 0.0 0.0 0.0 0.0 0.0 3.6022406178083344e-08 0.0 0.0 0.0 0.0 0.0 0.0 0.0 0.0 0.0 0.0 0.0 0.0 0.0 0.0 0.0 0.0 0.0 0.0 0.0 0.0 0.0 0.0 0.0 1.392976058977205e-07 0.0 0.0 0.0 0.0 0.0 0.0 0.0 0.0 0.0 0.0 0.0 0.0 0.0 0.0 0.0 0.0 0.0 0.0 0.0 0.0 3.366941295852228e-07 0.0 0.0 3.700231588213175e-06 0.0 1.413279101129398e-06 4.5392751390306536e-07 0.00013023846792404881 1.0418442182780892e-06 1.2384087053044169e-07 1.2368898132302684e-07 4.792498877162536e-08 0.0 0.0 5.7595050165354447e-08 0.0 0.0 0.0 0.0 0.0 0.0 1.1683741925480031e-05 2.281944478871262e-07
0.0004001063810437409 0.001968148843167622 0.0003065113326660433 0.000663183819197857 0.00033237514960905875 1.755846694830556e-05 0.0 2.775656293950831e-06 0.00010125749463193794 0.00030937317762490686 4.319893502904864e-05 5.8901997375040254e-05 0.002516116450162574 0.00014702287323838784 6.765103827741029e-06 1.2752259938856278e-06 0.0 1.351377627258515e-07 5.125038420583721e-08 0.0 1.9052958411790947e-07 0.0 1.54471999903396e-07 4.86086495082597e-08 0.0 4.474979909678426e-08 0.0 7.053491876389085e-08 0.0 0.0 0.00024664772195473277 1.6924568318016e-05 2.6271812160430124e-06 5.285607072786451e-08 4.787958734035972e-08 1.7382714886393305e-07 1.5485559829682945e-06 4.164614089458872e-07 2.9380015327905196e-07 3.994275841458619e-08 1.288631342326594e-07 6.557159296519099e-08 3.1939717023107415e-07 2.7416636568150976e-07 2.151336982469384e-07 1.948519768996412e-07 9.745487747740856e-05 1.7041647236288436e-06 5.496725665643869e-08 1.5236731527033732e-07 1.0941557215494014e-07 0.0 0.0 6.741599758646187e-08 1.2404372688085259e-06 1.9300537389327743e-06 6.930610399024022e-05 0.00021659321651646836 1.4981210627172087e-05 1.965779945656622e-05 6.832708483451265e-07 2.3211639337157977e-06 4.6177737616121116e-08 6.599746335469698e-05 1.5975454426322549e-06 1.7497134049324205e-06 6.285293158078876e-07 7.909063485659432e-07 5.148467539643904e-07 1.098271541047995e-06 8.759435177945731e-07 1.2716566104278602e-07 0.0 0.00018057086459191134 6.056610390996792e-05 4.676782968196134e-05 3.0601129876731874e-05 1.6717843797952496e-06 1.916606295679719e-06 1.0219340136783007e-06 6.898902134148958e-07 1.8367926483044488e-06 1.1349250749116511e-05 0.0 3.5442515460798022e-06 5.162179826732089e-07 8.098429777040424e-07 5.4086098617425374e-08 1.327759927573445e-07 0.0 0.0 0.0 2.1105877232768703e-07 4.1608476435535915e-08 5.234745844935889e-08 6.743825879729584e-06 3.017891432612298e-07 6.212517871352873e-08 1.3942176342009198e-07 0.00011576736127826367 2.5662822118021663e-07 1.1915458818332403e-06 4.006239585743185e-06 2.2545429520027687e-06 2.4038809692529294e-07 2.621184464114437e-06 7.902420108851195e-07 8.455721001082359e-08 7.394652421826429e-06 5.71566182955654e-06 3.14156722190257e-06 1.8799311387655082e-05 1.1399748283301648e-05 1.39697896733357e-05 3.817535330971899e-05 0.0 1.4401549272148162e-07 0.0 4.27566870279568e-08 0.0 0.0 0.0 0.0 0.0 0.0 0.0 0.0 0.0 0.0 0.0 0.0 4.5317728162254966e-08 0.0 0.0 7.711262516808461e-07 4.0024479268666865e-07 0.0 0.0 9.373196740713214e-08 3.1396109476380013e-06 3.618659273665805e-07 5.415257897094981e-06 6.682873943748959e-07 1.1455136742103113e-07 0.0 0.0 0.0 0.0 1.36776007391381e-07 9.081375543039643e-08 0.0 4.7226973518932265e-08 1.248155481985229e-07 0.0 0.0 0.0 4.477088309952564e-08 0.0 1.603988435304577e-07 5.148646734292484e-08 0.0 6.718173136772362e-08 2.511385746073453e-07 0.0 0.0 0.0 3.1310237523585215e-06 4.789943954134812e-07 0.0 3.475974049338647e-08 0.0 0.0 0.0 0.0 0.0 0.0 4.930631521944522e-06 6.674448006431226e-07 0.0 0.0 0.0 5.4174678510494665e-06 1.8912983366595014e-07 6.681059005926704e-07 2.1245804917533725e-07 1.430381025923575e-07 1.1210532387121752e-07 0.0 2.822486255741198e-07 0.0 0.0 0.0 0.0 0.0 0.0 0.0 0.0 1.7616607009393317e-05 1.1722471822008519e-06 1.3682295105049678e-06 0.00013542831197304315 5.551918521560189e-06 0.000117482440529649 3.15245460266005e-05 0.00010229302309564685 3.6947372490827e-05 1.7693959845375315e-06 3.3584818381131473e-05 3.3325622944738966e-06 0.0 9.363258670946471e-07 7.974139494770109e-07 3.291280880563222e-06 3.2028137225414674e-07 1.6944907313193493e-07 7.245036058712839e-07 4.891000444678487e-06 0.0 4.6689968304741476e-05 1.0606326673916123e-05
6.755158272012358e-05 0.0002699062975412518 0.0016454036811303435 3.3104633361706946e-07 3.469952876649699e-06 0.0 2.775656293950831e-06 0.0 4.639263595455391e-05 7.425263207741565e-07 0.00030928520753182947 1.11218888588553e-06 5.776443186181518e-05 0.00044324198496188206 8.51314795616194e-06 4.437527806186822e-06 2.6428199833792324e-07 5.34610412474469e-07 2.970344789101219e-07 8.255825581756897e-07 8.94603831540078e-06 6.167931426993277e-07 7.703188669850577e-06 4.394979268252705e-06 1.2514619633855336e-06 5.571263492333575e-07 7.034900280906632e-07 7.068428064649272e-08 1.5566749773333136e-07 8.688342521220005e-08 0.001595051766305376 0.0015972124548051332 9.289383032419848e-05 3.383272532965231e-06 2.993667364413835e-06 1.3039557009839918e-06 1.1766284418454548e-05 1.3999097160469165e-05 1.0054862053228593e-06 1.3008861465975435e-06 8.521972087066265e-06 3.576293559911473e-07 7.057294759687709e-06 1.0723341851506799e-05 2.781777890128026e-06 2.4811383739666505e-06 5.1394273399053196e-05 5.752143698649581e-07 5.447075573176429e-08 2.491968714251695e-06 3.948691685039546e-07 4.4574152175028626e-08 3.4865786525880105e-07 1.5373545048191885e-07 8.692069356583074e-08 7.222617309863665e-07 3.7946327399954104e-05 0.0001613278538879669 7.082135964439354e-06 5.524910958130708e-06 4.642095133538072e-05 0.00011183867872515309 1.0638172495010012e-06 0.00021924491364214334 2.45850192643857e-07 3.4569003892519577e-07 8.580016729802224e-08 3.5990377179759185e-07 5.968627393063062e-06 2.5297706653714702e-05 6.017057338749024e-06 1.096334546784299e-06 1.8121815312898864e-07 6.448073674798928e-05 3.880704678667956e-05 3.22535492953464e-05 6.951919274688496e-05 0.00010337138470334119 0.0002181332944613394 0.0003510015042313909 0.00010678291198286516 0.00022139812300848492 2.750321759270634e-06 0.0 6.304557530009845e-07 1.237390197710277e-07 1.026674241708969e-06 0.0 0.0 1.4617982135902795e-07 1.5422256543028607e-07 1.4180630514487817e-07 1.0592532444671477e-05 9.121332333058256e-07 4.139817803923194e-07 2.226957358819552e-06 8.167630255386578e-07 2.695722445801917e-07 1.120157024361627e-06 1.5120325718885568e-05 1.3080248790691286e-07 1.6226952888538868e-07 1.0012242659784341e-07 0.0 4.64532978251172e-08 0.0 0.0 8.009295551654827e-08 5.9072648249244913e-08 5.105595241498607e-08 2.0534224345780537e-07 1.2191056269849157e-07 5.01714748403155e-07 3.730241783587485e-07 4.492024429324849e-06 4.024327304990225e-07 4.501399151071438e-07 0.0 2.3284398930359382e-07 0.0 0.0 0.0 1.0520955256293613e-07 4.3972291513559386e-08 0.0 0.0 4.8076202016526326e-08 2.2100742069249658e-07 0.0 2.390396205980318e-07 1.981148048991302e-07 0.0 7.623472509616834e-08 1.235249979837557e-07 1.9889386676558763e-07 2.975987483059316e-07 0.0 1.9104890415929392e-07 1.43128289769287e-07 3.173151951399105e-06 7.003853408754684e-07 4.438727430832487e-06 3.389452985241563e-06 1.2874026663620605e-06 4.750822559062472e-08 0.0 0.0 0.0 2.618552197197547e-07 8.975806128700691e-08 9.140104199562724e-08 0.0 2.40977676165929e-07 0.0 0.0 0.0 1.2414442118465364e-06 5.830994295342555e-08 0.0 0.0 0.0 4.2423708754725655e-08 3.7150490740115296e-08 0.0 4.645323410381016e-07 9.935371513828626e-08 2.29155541291975e-06 9.36693353900035e-08 0.0 7.130448271120441e-08 0.0 0.0 0.0 4.4934345474056837e-08 6.960423032513546e-08 0.0 3.1109653569704226e-07 3.390684931228576e-07 0.0 4.9309084448422804e-08 0.0 9.092704330332522e-07 3.073595092303427e-07 3.468445678296491e-07 4.4108624972167885e-08 4.951418094721562e-08 2.2370466181509794e-07 9.373866675535873e-08 1.3736646279998894e-07 0.0 0.0 0.0 0.0 0.0 0.0 1.316730458203903e-07 0.0 3.535385858550104e-07 1.2516347945143972e-06 2.5403364498589143e-06 3.541611757895935e-05 2.1805195026476574e-06 4.86096665304585e-05 1.5265428404742488e-05 5.686525593435745e-06 9.772529978575212e-06 3.2134507892134705e-07 9.923594141450665e-06 2.2750371709925614e-06 1.3462171916518708e-07 2.870845862576277e-07 4.153295204801546e-07 1.6190301081608745e-07 2.776882810710264e-07 0.0 7.338962513882237e-07 2.2251546765851636e-06 0.0 3.9570695773528695e-06 1.5137477626156333e-06
3.967371060927942e-05 0.0010002768164399203 0.0013879079094670675 6.479735295031417e-06 0.0008493956765547283 3.729056868661111e-07 0.00010125749463193794 4.639263595455391e-05 0.0 6.165655926202411e-06 0.00020496066862058684 4.275648001981879e-06 0.0005160094214316777 0.0001328391401248493 1.6535604691708938e-06 7.840280403401856e-07 4.7524810352429865e-08 6.081517627813954e-08 0.0 0.0 6.245668020241426e-08 0.0 5.646904730953558e-08 1.0178804989793135e-07 0.0 0.0 0.0 0.0 0.0 0.0 0.00018524432115740304 8.184571029856351e-06 2.931987033616835e-06 0.0 5.05048319969939e-08 0.0 2.7360470670654188e-06 5.997544096364625e-07 7.949580075971379e-08 3.9554312465774654e-08 2.5527735530394155e-07 0.0 2.3541303435071532e-07 1.7466284519476866e-07 4.646065160838906e-08 4.559704706726764e-08 2.0758233070173052e-05 4.350198521267069e-07 0.0 0.0 0.0 0.0 0.0 0.0 9.767176971151004e-08 8.574894053375494e-08 8.624794800923514e-06 3.188497490717578e-05 1.5709149844811291e-06 2.9053105820290575e-06 1.654524253939866e-07 1.3700519506500315e-06 9.358161526097494e-08 1.49230727102202e-05 3.2098764544379264e-07 9.323690451735985e-08 1.5867649965611725e-07 2.9315846034244244e-07 2.121327734303692e-07 4.421481997474419e-07 2.427797556311964e-07 2.462734398983983e-07 0.0 2.5526704351732e-05 1.0101027952889734e-05 1.0364183240118121e-05 7.67017424949876e-06 6.468892283678359e-07 4.1750475923878465e-07 1.0139441561391385e-06 1.4020183707757333e-07 1.0755806397881052e-06 1.3705606210527029e-06 0.0 2.8894295359502885e-07 1.1338053576461121e-07 8.422837362254998e-08 0.0 0.0 0.0 1.1598059328298997e-07 0.0 0.0 1.0251832621506002e-07 0.0 2.914745623742647e-07 0.0 0.0 7.116981547866511e-08 9.196780767364013e-06 0.0 5.300817865436027e-07 4.238894878173561e-07 0.0 0.0 1.240184290914085e-07 0.0 0.0 1.251549011857542e-06 7.493677029330339e-07 5.4700221325005994e-08 1.2518261478772395e-06 4.714480317130734e-07 9.748395460340605e-07 5.796679824704087e-06 0.0 0.0 0.0 0.0 0.0 0.0 0.0 0.0 0.0 0.0 0.0 0.0 0.0 0.0 0.0 0.0 0.0 0.0 0.0 5.3509158153601044e-08 1.4387997300118595e-07 0.0 0.0 0.0 6.315214445007893e-07 0.0 7.528183624015033e-07 2.4645049902209374e-07 0.0 0.0 0.0 0.0 0.0 0.0 0.0 0.0 0.0 4.116979398601243e-08 0.0 0.0 0.0 4.6623791070891335e-08 0.0 0.0 0.0 0.0 3.76580051177226e-08 0.0 0.0 6.257485308851652e-08 0.0 3.666700704515058e-07 0.0 0.0 0.0 0.0 0.0 0.0 0.0 0.0 0.0 6.443246050627639e-07 4.8812329499619e-08 0.0 0.0 0.0 4.032174992974043e-07 0.0 3.614574350390139e-07 0.0 0.0 0.0 0.0 3.680796288181567e-08 0.0 0.0 0.0 0.0 0.0 0.0 0.0 0.0 2.1346525140406965e-06 1.1580245778586476e-07 3.4786015199355346e-07 3.0466770633380273e-05 1.102435465827909e-06 2.4941924442791577e-05 6.767767042546767e-06 8.391343876934101e-06 6.748493999351449e-06 2.393408759935422e-07 9.30780308088694e-06 8.286218148028378e-07 5.314604572983143e-08 5.048644710826489e-07 7.91688846216388e-08 1.2917473142408258e-07 0.0 5.426927584769534e-08 6.960711070043343e-08 1.2151575409106226e-06 3.5573311753099474e-07 4.688583306292861e-06 1.3614758613915999e-06
0.001590492075985456 0.00015429382554919003 8.62327079177008e-06 0.0013239785421517575 2.7981757741310502e-05 0.0001025792114933869 0.00030937317762490686 7.425263207741565e-07 6.165655926202411e-06 0.0 6.34789829170472e-06 0.00163853415909548 0.003032413168966619 0.00017064421365325211 1.7052586591674445e-06 4.045680164286881e-07 0.0 0.0 0.0 0.0 1.333705383849854e-07 8.856576243890465e-08 1.872382623609889e-07 4.229103066028449e-08 0.0 0.0 0.0 0.0 4.7091923097451995e-08 0.0 3.925601920258243e-05 1.2625974555379036e-06 2.432904453104214e-05 0.0 5.549793889574731e-08 0.0 6.571731473368422e-05 7.45355669513281e-07 5.461570448330428e-08 0.0 1.1540193062167805e-07 0.0 0.0 1.2395650317524982e-07 9.398710665941955e-08 0.0 2.7663807092109656e-05 5.449996979829504e-07 0.0 7.36723966192482e-08 0.0 0.0 0.0 0.0 1.9344908343726714e-07 3.762527389337289e-07 3.05796132020102e-05 6.384933953205155e-05 6.648962523293991e-06 5.263981869484607e-06 2.9776227095737483e-07 5.595892638603085e-07 0.0 1.1010154541530585e-05 4.2930926914365104e-07 3.152383044062794e-07 4.373659156541274e-08 3.1168955717990666e-07 5.386019797298291e-08 1.702768042993906e-07 8.87554675941688e-05 6.052760890826024e-07 0.0 5.7112124057659285e-05 1.5212482577387067e-05 1.0924174800700533e-05 5.709803339947759e-06 5.98362994620343e-07 1.8066419539063574e-07 1.0031841310247646e-06 4.6242098288977867e-07 3.435079135293624e-07 4.802223880961612e-06 0.0 4.067606149379927e-07 1.4820955595742824e-07 1.5985267012474854e-07 0.0 4.5355646645437186e-08 0.0 5.9267114484045826e-08 6.367377008334986e-08 2.4090137635898983e-07 0.0 0.0 8.997810818218917e-05 1.525991618016056e-06 0.0 5.464186832280989e-07 0.000198655991471045 4.6866205436492583e-07 5.514781231463816e-06 7.025765672239248e-06 4.188383583630495e-06 1.4346516968092617e-06 1.5105899499134414e-06 5.1313552041659145e-06 1.001352690245081e-06 2.4663523019115675e-05 2.121106313525464e-05 3.231804755886593e-06 4.3677197619694726e-05 1.9586755744693085e-05 3.594548832613176e-05 6.338543166412791e-05 7.5998499877788e-08 1.886279336521523e-07 0.0 0.0 0.0 0.0 0.0 0.0 0.0 0.0 0.0 0.0 0.0 0.0 0.0 0.0 0.0 0.0 0.0 7.989460529586361e-07 1.6149917918547147e-06 0.0 0.0 0.0 3.236200708028512e-06 0.0 2.7254963384589606e-06 3.672811534805209e-07 0.0 0.0 0.0 0.0 0.0 0.0 9.289116476074592e-08 0.0 5.6869148229844136e-08 8.591540383740821e-08 5.572396439950763e-08 0.0 0.0 5.1178417878326044e-08 0.0 7.292762370476807e-08 5.778161151368746e-08 0.0 1.2686061896554985e-07 0.0 0.0 0.0 0.0 2.542400223690656e-06 7.504568378461378e-07 0.0 0.0 0.0 0.0 0.0 0.0 0.0 0.0 5.37481539571895e-06 1.123119544174224e-06 0.0 0.0 0.0 5.882063297709005e-06 0.0 9.302671849444194e-07 1.6485313941776126e-07 4.71555539891234e-08 3.6930316402318947e-08 0.0 1.674733251192757e-07 0.0 0.0 0.0 0.0 0.0 0.0 0.0 0.0 4.90267425184943e-05 1.050721354115586e-06 2.0757033947117403e-06 0.00011102913440663184 1.0229377060685535e-06 3.72347063953094e-05 9.931616856365145e-06 0.00031611540670465347 1.086134466197294e-05 5.694826641297174e-07 9.745665445799821e-06 2.903489646654048e-06 0.0 9.666217578101678e-07 2.511325383051514e-07 5.234767372404484e-06 4.571655035092901e-08 1.6057339255131507e-07 1.3759403397599434e-07 1.9284277132584192e-06 0.0 0.00014682555263777658 4.016207427568444e-05
9.112624964990842e-05 0.0005710902684069097 0.001255058724113018 1.2467249041982425e-06 4.435006761366975e-05 3.342850250187704e-07 4.319893502904864e-05 0.00030928520753182947 0.00020496066862058684 6.34789829170472e-06 0.0 1.6910644689310385e-05 0.00045720699559961944 0.0008109124109857315 7.562582051781018e-06 3.8066977637003734e-06 1.7156368192801567e-07 4.7686313727318967e-08 0.0 1.1622850361132332e-07 2.4621595380736253e-06 1.0973565977997694e-07 1.7836937757165485e-06 1.3842582909897126e-06 4.373526676499544e-07 2.4651753555929677e-07 1.6108644379384485e-07 2.2444682129489075e-07 0.0 0.0 0.0009917996407395454 0.00029274633889699817 0.00033398923331631676 9.411386039450351e-07 7.520664423674497e-07 8.987975778916868e-07 4.340605783526685e-05 2.502445497079905e-05 1.0737846310689816e-06 4.809241564477291e-07 3.3071789957718393e-06 1.5760252869189107e-07 1.0363409060681538e-06 3.4632769804474e-06 6.661657848460282e-07 1.1080851562132992e-06 5.923333211215406e-05 5.229125754819817e-07 0.0 5.101259781543439e-07 2.594631649084291e-07 4.7262162319096716e-08 3.668866109526034e-07 5.3392759130910986e-08 3.18000373347806e-07 3.965648915106312e-07 2.809340169923854e-05 0.00011534677555292733 5.883488491476095e-06 7.547233817008205e-06 5.055305746617217e-06 0.00015217611771039638 1.7656213194447418e-07 6.987885783502728e-05 5.707858380520684e-07 2.8710548297139226e-07 2.5554706004147996e-07 3.710278070311759e-07 1.2574358143930183e-06 7.758852718999489e-06 2.4046543129931786e-05 4.882002341689465e-07 0.0 6.527194029187018e-05 3.058530132753802e-05 3.609173443487209e-05 3.5632500830509863e-05 1.4110266420492718e-05 8.994707409735359e-06 8.28583425944467e-05 6.392152257228354e-06 0.00011206580515226831 3.642529503473969e-06 5.943116240572279e-08 1.0884607847305203e-06 2.4174862648222004e-07 3.6356370839925476e-07 9.349351194300537e-08 0.0 9.017001092602985e-08 1.7351594347243833e-07 0.0 3.640145009109614e-06 8.960784820829684e-07 9.777000385620013e-08 1.910214239150838e-05 1.0249358168155886e-06 2.5769554015664705e-07 1.8999113089298765e-06 1.480694018898035e-05 1.517010788667833e-07 2.0099217496244862e-07 5.385026218512784e-07 1.6706472084887242e-07 5.52576880407398e-08 5.854379153927312e-08 0.0 1.6308188944026793e-07 6.914778728347222e-07 7.197739176892394e-07 2.9355451625140213e-07 2.084212802636201e-06 2.453669414455532e-06 2.8805686232131247e-06 1.1734281993637625e-05 3.263031089627727e-07 2.963156939557289e-07 3.6503258785836454e-08 1.9348331211233227e-07 0.0 0.0 0.0 6.328802798459378e-08 0.0 0.0 0.0 0.0 0.0 0.0 7.944046655443866e-08 0.0 9.708819878735862e-08 0.0 5.6532958058298704e-08 4.018235354290032e-07 7.211777368327626e-07 0.0 1.597650447165818e-07 0.0 5.909599584378155e-06 4.6946848194946044e-07 6.522764795363376e-06 2.449868813068579e-06 6.575222521812373e-07 0.0 0.0 0.0 1.447025634091413e-07 2.8664252399553484e-07 8.201408834138342e-08 0.0 4.3936616192604706e-08 2.125625951738192e-07 0.0 0.0 0.0 8.974526191527943e-07 6.13496947123517e-08 3.4930238044654325e-08 8.491934078202531e-08 0.0 1.0177538744090407e-07 2.3675563152630333e-07 3.8360566971782844e-08 3.930403110205026e-07 2.0953959609095329e-07 1.5225537932243623e-06 2.3057152819129762e-07 3.3783189935537543e-08 0.0 0.0 4.6813206961559964e-08 0.0 0.0 0.0 0.0 2.290081504643977e-06 3.2350321625892566e-07 4.6367975856090056e-08 0.0 0.0 3.2501145008337287e-06 1.5746863214272744e-07 6.958106504673042e-07 1.46473654083367e-07 4.4438395652578456e-08 2.762356742254272e-07 8.385497967977968e-08 1.3575869672449542e-07 3.6146169747779555e-08 0.0 0.0 0.0 1.2414013894060084e-07 0.0 5.435759874584455e-08 0.0 4.241552984511005e-06 1.6524512964900215e-06 3.472882091315633e-06 7.583856907586877e-05 3.6152980995787894e-06 6.416208520961871e-05 2.516272596616345e-05 9.656937206944447e-06 1.3454793032218475e-05 9.199888089541361e-07 2.1155522494472184e-05 3.3172396386392644e-06 5.672587862085451e-08 7.396990558939916e-07 1.0032280298387224e-06 7.374036960133516e-07 1.2870011962947499e-07 4.816305243582368e-08 3.3765292859246883e-07 4.258142794507535e-06 1.1213590364035591e-07 9.30708347358325e-06 4.943408916279336e-06
