0.0 0.001753816966186956 0.00017611105037884165 0.0003783392096294135 5.886622344495257e-05 5.2091836748946546e-05 0.0004434141068546708 6.673315375896491e-05 0.00013552778273347852 0.000327790904819644 0.0002532741056804808 7.194992224795988e-05 0.00016843754324081414 0.00014551778837937611 2.338164426733565e-06 7.201618825916243e-07 1.6587666646825864e-07 3.076965817922857e-08 0.0 3.682008845701205e-08 0.0 0.0 0.0 0.0 1.7295340319197777e-07 0.0 0.0 7.053390584943513e-08 4.835277863435825e-08 4.589381952825791e-08 0.00032984629557822836 1.7313588361753045e-06 6.857719918456575e-06 0.0 4.413948828066655e-07 5.413923858138441e-07 5.955728946833912e-06 1.27240158925356e-06 2.3099578276531369e-07 1.4187352005655318e-07 1.4658411970858728e-07 0.0 0.0 2.822216082655864e-07 0.0 0.0 1.0498534192871168e-05 7.591336341011396e-08 0.0 1.5195332457991628e-07 3.644592038482016e-08 0.0 0.0 3.423438468701778e-08 4.9603671005628147e-08 1.1515211025282078e-07 7.396932174855472e-05 0.00018426952018698052 7.840359324933633e-06 1.1640223708485173e-05 2.405141362476105e-08 1.2563824262738715e-07 7.117119159589095e-08 6.22119411663791e-06 1.5006044552761111e-07 1.3809865122618358e-07 3.7275375195238995e-08 3.4708759790461115e-08 7.772686522332145e-08 1.6182471794308367e-07 1.6115298683301752e-06 0.0 0.0 7.537765701890932e-05 5.996286991379129e-06 3.345031889655068e-05 1.9953905422854994e-06 4.784411073344314e-07 2.1633400393369264e-07 2.3775340009528805e-06 1.420104561997113e-07 9.012800409616299e-08 6.857663317490355e-07 0.0 8.013419056165431e-08 0.0 2.845191380127475e-08 0.0 0.0 0.0 0.0 0.0 4.823285277400799e-08 0.0 0.0 7.904950089543447e-06 3.3250695763230297e-08 0.0 4.0121901261284516e-08 0.0003169490388123939 4.690197412328796e-08 9.349032490642345e-07 1.3691161015578102e-07 4.446821888206342e-07 0.0 0.0 2.329349657171766e-07 7.951174213996506e-08 2.2184403178861985e-07 1.728497032071876e-06 2.8538423851655664e-07 9.765608868909619e-08 1.6821575786359008e-07 3.673717939597114e-08 1.051197181436669e-06 0.0 0.0 0.0 0.0 0.0 0.0 0.0 0.0 0.0 0.0 0.0 0.0 0.0 0.0 0.0 0.0 0.0 0.0 0.0 0.0 0.0 0.0 0.0 0.0 3.720284675262697e-07 0.0 1.0889854512422638e-06 7.50224536736818e-08 0.0 0.0 0.0 0.0 0.0 0.0 0.0 0.0 0.0 0.0 0.0 0.0 0.0 3.820128485865765e-08 2.292696966057046e-07 0.0 0.0 0.0 0.0 0.0 0.0 0.0 0.0 8.951969520426367e-08 0.0 0.0 0.0 0.0 0.0 0.0 0.0 0.0 0.0 6.86289705526058e-07 3.261632667735671e-08 0.0 0.0 0.0 9.746731678488785e-08 0.0 0.0 0.0 0.0 0.0 0.0 0.0 0.0 0.0 0.0 0.0 0.0 0.0 0.0 0.0 4.096550199794723e-06 2.3088643859852375e-07 7.797934764520011e-08 6.760901050301466e-05 1.439072557580037e-07 1.3711261795611493e-05 2.3118660765579538e-06 0.00041534700240104556 1.698562744657846e-06 3.157945537063427e-08 1.0726733184295295e-06 1.7026465836376553e-07 0.0 3.6656443292971544e-08 0.0 2.47286562745712e-06 0.0 0.0 0.0 4.7327127136339245e-08 4.389652219080716e-08 8.587766562196112e-05 1.1513220442691024e-06
0.001753816966186956 0.0 0.0011542188231681869 0.0007528169562448138 0.0017954543663464744 9.669087243663635e-05 0.0012427141912923578 0.00043887771486169404 0.001391259925869986 0.0004614891668309574 0.001487884376387211 4.994435876160192e-05 0.00027653964218898007 0.00042643116674508845 6.906816959704113e-06 3.3688288257152076e-06 5.912318273577108e-07 1.3016847145947127e-07 0.0 1.2287283522737665e-07 2.898327335212447e-07 0.0 0.0 2.1448042787739658e-07 1.5137976189919834e-06 3.6715930620781004e-07 1.0281469107916244e-07 1.4062754591566689e-07 1.9197697447218652e-07 0.0 0.0006229377125795869 2.1827920746367455e-05 1.8401194982363472e-05 3.1004095867851487e-08 1.1558578524004956e-06 2.5184791690635963e-06 1.5842070544382576e-05 3.877723118253177e-06 5.907819806658481e-07 3.9980196852452655e-08 3.2028372281295894e-07 0.0 5.489131955880957e-08 9.995729593820438e-07 3.697343808464276e-08 2.20210821222251e-07 6.44604573077604e-05 5.645081390085393e-07 1.5137959632591659e-07 1.878282864671134e-07 6.797760740459705e-08 0.0 0.0 6.221634887404316e-08 5.537892032546374e-07 4.3537629707595216e-07 3.919299307032432e-05 0.00026739632909298755 6.842397575682915e-06 2.7693454154487435e-05 4.1194260645426673e-07 1.1517200934562186e-06 4.828638007577569e-07 3.6030047062536396e-05 4.161266524653274e-07 6.058643661314069e-07 6.1146242939205e-07 1.2601290497102084e-07 3.114959836249921e-08 2.4166662728515625e-07 6.074270005508464e-06 3.2243773327224804e-07 0.0 0.00015095728579906574 3.464755691533855e-05 0.00010879325280649521 1.176317658814158e-05 2.270974176902966e-06 4.934475724004811e-07 6.50557692142684e-06 7.977007226737825e-07 6.57385770544627e-07 2.2089247571140602e-06 4.271498696761065e-08 2.2918644476818394e-07 0.0 3.130150037160381e-08 0.0 1.2473770454447897e-07 3.441898818439193e-08 3.7293725978923056e-08 0.0 2.8032906586875237e-07 1.9083620516604676e-07 0.0 6.0284980736238026e-06 3.3065140142973546e-07 4.0202970959251025e-08 4.5714109165132277e-07 0.00013754663105867542 0.0 5.1684076336898255e-08 0.0 4.266637440725171e-06 0.0 0.0 0.0 6.86432058761798e-08 4.058997478640805e-08 1.5413062302839965e-06 0.0 0.0 2.034634632768685e-07 0.0 1.722389707019461e-06 0.0 0.0 0.0 0.0 0.0 0.0 0.0 0.0 0.0 0.0 0.0 0.0 0.0 0.0 0.0 0.0 0.0 4.969367125509399e-08 0.0 0.0 2.0364299245814058e-07 0.0 0.0 8.053709676906857e-08 1.294769811216498e-06 0.0 1.3928718215007134e-06 2.2554088224379362e-07 0.0 0.0 0.0 0.0 0.0 0.0 0.0 0.0 0.0 0.0 0.0 0.0 0.0 0.0 0.0 0.0 0.0 0.0 0.0 0.0 5.2600213810139606e-08 0.0 0.0 0.0 0.0 0.0 0.0 0.0 0.0 0.0 0.0 0.0 0.0 5.797259579096535e-07 5.791120482949151e-08 0.0 0.0 0.0 4.505453131757609e-07 0.0 0.0 0.0 0.0 0.0 0.0 0.0 0.0 0.0 0.0 0.0 0.0 0.0 0.0 0.0 1.7840606434251358e-06 2.6344701206934734e-07 4.3475897499893787e-07 8.149128033205688e-05 9.745266156012617e-07 6.10545440226374e-05 7.557949823128568e-06 0.00015728626319776444 5.572177120607859e-06 3.9269798719167536e-08 5.2841506844727354e-06 2.860250101773914e-07 0.0 0.0 5.4000186405564696e-08 1.5084045452477473e-06 0.0 2.831766172037329e-08 0.0 0.0 8.66480852451103e-08 2.9169324988310454e-05 1.0040659357559886e-06
0.00017611105037884165 0.0011542188231681869 0.0 2.598913827693791e-06 0.0004055191627070767 4.266892212404254e-06 5.890838609047012e-05 0.0012977325656252485 0.0005374444475045368 9.362263971871847e-06 0.00141848988350799 1.2634533296764264e-06 2.612670110425564e-05 0.00038298417878702 3.9413265427575945e-06 2.5912933709605717e-06 3.653005211732234e-07 6.762710009102115e-08 0.0 4.9125246855017706e-08 6.583780686669643e-08 3.313995753673922e-08 0.0 1.0245019420050647e-07 1.4155072208968471e-06 3.655453492738889e-07 3.7902114443933734e-08 1.9382113947781073e-07 1.0609306042062302e-07 0.0 0.0013253137889575478 0.00011611843257764966 2.738461896410503e-05 7.104826491109068e-08 3.9898235017487497e-07 2.413405871730751e-06 1.3837050483447944e-05 4.387764925448728e-06 7.045916711062955e-07 1.9712062629882775e-07 4.236304381845015e-07 6.028403216354039e-08 0.0 4.380901349787852e-07 0.0 7.210582675702192e-08 2.9857970022737318e-05 2.3546601500167554e-07 1.4766878691070567e-07 5.982312633944886e-08 2.9522762826552967e-08 0.0 1.8761897245815402e-07 2.1519989734537807e-07 1.5454135739367032e-07 2.093002887186871e-07 7.726832290426797e-06 7.245331477906499e-05 1.4345966771830198e-06 7.567590729914141e-06 1.688211256108729e-07 1.1645646381896584e-06 6.104757993236462e-07 2.0433155095527854e-05 1.8077691214239183e-07 2.520352485372521e-07 2.1525792450659386e-07 0.0 1.3772991554909494e-07 7.654677149764254e-08 2.9628906042517787e-06 1.6625326764135592e-07 0.0 4.030120925685149e-05 1.5790316746697596e-05 3.7804574842628426e-05 8.401103294634778e-06 1.7244278697403578e-06 3.948710431691209e-07 4.367739858465682e-05 2.4487197911542034e-07 2.810550419688407e-07 4.2471860507326796e-07 3.431199295463961e-08 1.2768702070739124e-07 6.066111689631446e-08 0.0 3.7357454859619063e-08 0.0 0.0 9.426696887912739e-08 0.0 3.485408416375954e-07 0.0 0.0 5.880397014967082e-07 1.3011043205623833e-07 0.0 3.065596534190217e-07 2.781349425122056e-05 0.0 0.0 0.0 0.0 0.0 0.0 1.1021282666021683e-07 0.0 1.2418837157012337e-07 4.508977486070357e-07 0.0 0.0 4.91721552041714e-08 0.0 5.779976176886397e-07 0.0 0.0 0.0 0.0 0.0 0.0 0.0 0.0 0.0 0.0 0.0 0.0 0.0 0.0 0.0 0.0 0.0 0.0 0.0 0.0 7.293674448848832e-08 0.0 6.059415306259075e-08 0.0 4.5081371634092264e-07 4.935809614191744e-08 9.685891668996091e-07 3.8852535686159213e-08 3.622522742093459e-08 0.0 0.0 0.0 0.0 0.0 0.0 0.0 0.0 0.0 0.0 0.0 0.0 0.0 0.0 0.0 0.0 0.0 0.0 0.0 0.0 0.0 4.220519876910256e-08 9.575718044335242e-08 0.0 0.0 0.0 0.0 0.0 0.0 0.0 0.0 0.0 4.1991645043559204e-07 9.420522932621565e-08 0.0 0.0 0.0 4.901532976182589e-07 0.0 0.0 0.0 0.0 0.0 0.0 0.0 0.0 0.0 0.0 0.0 0.0 0.0 0.0 0.0 8.534169062865854e-07 3.8619710883293724e-08 5.712443272996213e-07 3.969980766297725e-05 4.674066534821751e-07 2.6760888944005057e-05 3.538980520865868e-06 2.2374418976068276e-05 2.5415446473544257e-06 0.0 3.991890287835958e-06 1.4114923641533366e-07 0.0 0.0 0.0 5.058381953806041e-07 0.0 0.0 0.0 0.0 0.0 4.322633127952175e-06 5.809371494193574e-07
0.0003783392096294135 0.0007528169562448138 2.598913827693791e-06 0.0 5.269606344841735e-06 5.261210834985942e-05 0.0005773216329550578 2.598870212447246e-07 2.5327632712609146e-05 0.0008744198080944891 1.5610400742168145e-06 0.0005206753187812932 0.0010229722329161178 6.035832059504818e-05 3.922059284944818e-07 1.5297649400896134e-07 0.0 0.0 0.0 0.0 0.0 0.0 0.0 0.0 0.0 0.0 0.0 0.0 0.0 0.0 1.6570027057006198e-05 3.1187237056278957e-07 2.50046854818863e-06 0.0 0.0 5.0854768430685046e-08 3.7193538106428432e-06 2.830434209968093e-07 0.0 0.0 0.0 0.0 0.0 3.134635818288755e-08 3.577501499880975e-08 0.0 3.7060107434271632e-06 3.7863619421055454e-08 0.0 0.0 0.0 1.612820599285704e-07 0.0 6.461391732472011e-08 0.0 3.2603068572800445e-08 6.3885492209104115e-06 2.9317022666381597e-05 8.007121793156673e-07 3.099355683772088e-06 0.0 1.929945860254527e-07 0.0 1.6358506032713832e-06 0.0 3.254010481817532e-08 3.657517772273089e-08 4.0227347875869365e-08 0.0 0.0 6.1281759773501656e-06 1.1723977816075571e-07 4.73549042732166e-08 1.5028616157475701e-05 1.7464531270025265e-06 8.020464838948825e-06 3.6908664041733924e-07 0.0 7.49947775334458e-08 1.5147890356890867e-07 0.0 0.0 2.372078551070841e-07 0.0 3.271678773046368e-08 0.0 2.881230348318218e-08 0.0 0.0 0.0 0.0 0.0 0.0 4.315699417775137e-08 0.0 1.1442983026254563e-05 5.705182342882693e-06 0.0 2.1208073543674686e-07 6.160228786227911e-05 0.0 4.135362569422666e-08 7.029656925115484e-07 2.6576947880541064e-07 0.0 8.757344095725363e-08 1.085717597793521e-06 7.631106798444794e-07 7.019459753313355e-07 8.182959363556881e-07 0.0 5.328814600568102e-07 3.491130947285304e-07 0.0 2.403353201638365e-07 0.0 0.0 0.0 0.0 0.0 0.0 0.0 0.0 0.0 0.0 0.0 0.0 0.0 0.0 0.0 0.0 0.0 0.0 0.0 0.0 0.0 0.0 0.0 0.0 2.3050978845735792e-07 0.0 7.416276199909296e-07 0.0 3.220436198936404e-07 0.0 0.0 0.0 0.0 0.0 0.0 0.0 0.0 0.0 0.0 0.0 0.0 2.040622448189332e-07 0.0 0.0 0.0 0.0 0.0 0.0 0.0 0.0 0.0 1.8265313593038607e-07 0.0 0.0 0.0 0.0 0.0 0.0 0.0 0.0 0.0 0.0 0.0 0.0 0.0 0.0 6.629625204534396e-08 0.0 0.0 3.605961741314405e-08 0.0 0.0 0.0 0.0 0.0 0.0 0.0 0.0 0.0 0.0 0.0 0.0 1.3277197787683243e-06 4.171485395430777e-08 4.369361687781747e-08 8.53978345391685e-06 0.0 4.59117757211247e-06 5.665115910201041e-07 0.00011156675604677851 7.256523538241796e-07 0.0 5.32138051324323e-07 4.0889038083482054e-08 0.0 0.0 0.0 4.828594334181446e-07 0.0 0.0 0.0 0.0 0.0 2.3710573859660514e-05 1.88750655127076e-07
5.886622344495257e-05 0.0017954543663464744 0.0004055191627070767 5.269606344841735e-06 0.0 6.532155959631809e-06 0.00011833317800686394 2.161168549419523e-05 0.0010338616409744177 5.728168198788033e-05 0.0004061520766149786 6.021007324122622e-06 5.9927504553411866e-05 0.00038932168281492324 2.7060755641816506e-06 4.937505929295934e-07 2.8963436387560324e-07 7.507579979359593e-08 0.0 0.0 7.611684715841323e-08 0.0 0.0 0.0 4.589851740233314e-07 2.6963036616917325e-07 0.0 2.0964520449093698e-07 0.0 0.0 6.446315344370644e-05 2.8753767268288913e-06 3.952542700279416e-06 0.0 2.628173990071304e-07 1.0546400590043779e-06 4.482646367075381e-06 1.4914903102458012e-06 1.3899701329054615e-07 0.0 2.489335345635413e-07 3.232308139892571e-08 0.0 2.3890664003823194e-07 3.590310934509274e-08 1.0139362242771093e-07 3.743734394051366e-05 2.372113532634802e-07 1.2775672981345727e-07 2.6658831672646992e-08 0.0 0.0 0.0 0.0 3.717526610012463e-08 1.0629420900415392e-07 7.438711402538729e-06 6.318873280611149e-05 1.310041914282089e-06 9.825140919868173e-06 1.269536963365182e-07 4.183503200021095e-07 3.0417079210303146e-07 2.2624785723364263e-05 1.956537510797646e-07 3.00642453013709e-07 1.5654192334969592e-07 3.2985307194788014e-08 3.290303471863808e-08 1.5993496366565194e-07 1.5510231875405125e-06 1.4585484438488134e-07 0.0 4.063916923585568e-05 1.675837709518306e-05 4.4291650991177265e-05 1.0173995913088962e-05 1.4713002277579237e-06 5.147400301682613e-07 3.455253414574509e-06 8.877581178756202e-07 2.0039039562325157e-07 8.170339251723562e-07 0.0 7.586824851647043e-08 7.34178771853897e-08 3.051701049011864e-08 0.0 6.23050178041457e-08 0.0 6.020262274959841e-08 3.1354575636888836e-08 1.2997099242057625e-07 0.0 0.0 4.674103502652991e-06 3.4203179785342875e-08 0.0 1.0021894885511816e-07 9.357483308095251e-06 0.0 0.0 0.0 0.0 0.0 0.0 0.0 0.0 8.749965219897768e-08 2.7720862772983496e-07 0.0 0.0 0.0 0.0 9.7936173799108e-08 0.0 0.0 0.0 0.0 0.0 0.0 0.0 0.0 0.0 0.0 0.0 0.0 0.0 0.0 0.0 0.0 0.0 0.0 0.0 0.0 0.0 0.0 0.0 0.0 8.154288865479173e-08 0.0 5.424204612312558e-07 1.1212069300199844e-07 0.0 0.0 0.0 0.0 0.0 0.0 0.0 0.0 0.0 0.0 0.0 0.0 0.0 0.0 0.0 0.0 0.0 0.0 0.0 0.0 0.0 0.0 0.0 0.0 0.0 0.0 0.0 0.0 0.0 0.0 0.0 0.0 0.0 0.0 6.109896488113387e-08 0.0 0.0 0.0 1.9099303458704782e-07 0.0 0.0 0.0 0.0 0.0 0.0 0.0 0.0 0.0 0.0 0.0 0.0 0.0 0.0 0.0 8.843149281364738e-07 1.3255322557871303e-07 4.043210479395057e-08 5.839098839489463e-05 4.191031612087988e-07 3.1940575432707454e-05 3.1015580899856126e-06 2.9131248587329086e-05 3.816914084124335e-06 0.0 4.708844966992227e-06 5.5193226064362946e-08 0.0 0.0 0.0 3.2178856970866786e-07 0.0 0.0 0.0 0.0 0.0 9.699564095440748e-06 0.0
5.2091836748946546e-05 9.669087243663635e-05 4.266892212404254e-06 5.261210834985942e-05 6.532155959631809e-06 0.0 6.150896510793952e-05 7.956101748313166e-07 1.9545790601350158e-05 0.000189904384166149 4.270404538935166e-06 6.923038390187702e-05 0.00010666419040748261 6.305226161170365e-05 4.4028090515502383e-07 3.808304870272235e-07 2.6246070029338885e-07 1.7557398140828292e-07 0.0 0.0 0.0 6.265280249311097e-07 0.0 0.0 2.9618960597192976e-07 0.0 3.808519381017468e-08 6.606514112487726e-08 4.9824103826649595e-08 0.0 2.4721520537445907e-05 1.5393891548848255e-07 2.0329866748563758e-05 0.0 7.061644764996199e-08 1.0784208659008929e-07 2.110302338069372e-05 7.432057751457419e-07 2.196776094542089e-06 0.0 2.0318384948451638e-07 0.0 0.0 2.2323208065935628e-07 7.485875342056417e-08 5.201376610033759e-08 2.378328547651441e-06 2.877502042000018e-08 3.9501457469901e-08 0.0 8.708927836111158e-08 2.528708727122057e-06 7.525012550548509e-07 2.1036688058250692e-07 0.0 0.0 9.815206423191386e-05 6.622996075743654e-06 2.3317485416392848e-07 7.215776076025965e-07 5.228093312781903e-07 1.7046366459429798e-06 5.697380297248818e-08 1.543207164583576e-07 0.0 0.0 0.0 0.0 0.0 0.0 0.0001569494902154533 2.5243028557605257e-05 1.661216194374989e-06 2.109382632660237e-06 8.909550318955744e-08 1.078464946344089e-06 1.3836764506867187e-07 2.552426478448819e-07 3.607040569074351e-08 4.125969419640356e-06 9.60118082787338e-08 1.841100749162423e-06 0.0 0.0 0.0 4.267549115983166e-08 4.723643827340958e-08 2.2752818397425438e-07 4.069834418258368e-08 1.6282378100408904e-06 9.980174703219549e-08 3.914695803453766e-07 7.556560748988899e-08 0.0 8.327608497795231e-07 0.00016370381391641185 9.832224271565852e-05 1.4795693859185755e-06 1.1322264841131868e-05 0.00024755480973946096 1.2347587393089975e-07 2.296269309076957e-07 5.245225067004791e-08 7.978686464228113e-07 6.990226673338247e-08 0.0 1.9889301574589366e-06 4.815214421554698e-07 6.011503601381054e-07 7.818192796323987e-06 5.231135913115376e-07 1.5750655451330983e-07 4.459550219471125e-07 1.3390536861319504e-07 5.839552687790678e-06 0.0 0.0 0.0 0.0 0.0 0.0 0.0 0.0 0.0 0.0 0.0 2.1571256853892126e-07 0.0 0.0 1.3155021875188786e-07 0.0 0.0 1.2231178052161513e-07 0.0 5.826587442889301e-08 2.094399609526747e-07 0.0 0.0 0.0 9.213953063617921e-07 4.562596419336313e-08 2.354857356670769e-06 2.9927535941580197e-08 1.260906341285619e-07 0.0 0.0 0.0 0.0 0.0 0.0 0.0 0.0 5.856001337457482e-08 0.0 0.0 0.0 1.257115110999349e-07 0.0 0.0 0.0 0.0 0.0 0.0 0.0 0.0 5.629641543840527e-08 7.650581521721944e-07 0.0 0.0 0.0 0.0 0.0 0.0 0.0 0.0 0.0 8.941218427953959e-07 5.473464377512351e-07 0.0 3.60115093463112e-08 4.73034908617575e-08 1.23136339749382e-06 0.0 0.0 4.6505424583270595e-08 6.058483076654313e-08 1.4793523135312573e-07 0.0 0.0 0.0 0.0 0.0 3.3094028548956244e-08 0.0 0.0 0.0 0.0 1.2915880968850174e-05 1.740124723362687e-07 6.220340753168028e-07 3.172577159522141e-05 0.0 3.05343995103316e-06 6.472692858774255e-07 0.0001868188650650898 3.3426197932966073e-07 0.0 7.045625320450121e-07 3.790719855364954e-07 0.0 0.0 0.0 6.079381454709032e-06 0.0 0.0 0.0 1.373717998218702e-07 0.0 0.00013735495803512564 5.252623346429547e-06
0.0004434141068546708 0.0012427141912923578 5.890838609047012e-05 0.0005773216329550578 0.00011833317800686394 6.150896510793952e-05 0.0 4.9790524295003614e-06 0.0002621144004998919 0.0007410103975363898 2.477232468666599e-05 0.00033650956365766587 0.001978087597929174 0.0007407420950128512 2.594413148030564e-06 1.7595489299561314e-06 3.3613716560670284e-07 2.728632992640405e-08 4.546945000430325e-08 0.0 5.294375602806703e-07 0.0 0.0 0.0 1.1092037148535837e-06 4.6284728558880737e-07 4.449101596637057e-08 1.2083054541645367e-07 0.0 0.0 5.1867159883788056e-05 1.195903513439573e-06 1.011051932200306e-05 0.0 6.716735236175051e-07 1.9241538742609665e-06 1.5786923923677444e-05 3.2125318406443312e-06 5.569864019014902e-07 1.2215719445025385e-07 1.4606285767952023e-07 0.0 0.0 5.209181569267708e-07 0.0 7.492602636522052e-08 3.216815913116891e-05 1.2339799327839668e-07 3.858699409250275e-08 5.2951461765752136e-08 7.634774690408438e-08 0.0 3.9502846938845724e-08 9.776456520292174e-08 2.284519298611446e-07 1.1172264687538644e-07 1.291930713453424e-05 7.155032915732247e-05 1.6801821837973552e-06 9.976396073029418e-06 6.165133754834388e-07 1.3122817412814882e-06 5.151790962337855e-07 1.4702325282976032e-05 1.2789784966597098e-07 2.4575795837945176e-07 1.4181871254584367e-07 0.0 5.701248774663203e-08 2.6304955662006205e-07 1.3693817248669308e-05 1.5900738602739875e-07 0.0 5.352990379314678e-05 1.400982105823503e-05 4.2693240597271076e-05 5.9048566631372134e-06 1.143322498172804e-06 1.8839062964517829e-07 5.161372333133601e-06 4.990625082212394e-07 1.750447253420273e-07 1.1905530663989975e-06 0.0 2.2883465204280894e-07 2.8533929195064868e-08 3.814223854951545e-08 0.0 0.0 0.0 0.0 0.0 8.218714929050969e-08 0.0 0.0 2.4297561420994625e-05 3.274335413184646e-07 0.0 2.9994280949247623e-07 3.1925753330889196e-05 2.53482205994438e-07 5.120831084635894e-07 1.7004363700777033e-06 1.5016197071805743e-06 0.0 0.0 1.1405788662607709e-06 0.0 1.2015991241532453e-06 2.2272335414978415e-06 4.142223026429676e-07 5.259857827665048e-07 3.775857985354032e-08 5.866163435880526e-08 1.4568655551769143e-06 0.0 0.0 0.0 0.0 0.0 0.0 0.0 0.0 0.0 0.0 0.0 0.0 1.1993871446823216e-07 0.0 0.0 0.0 0.0 0.0 0.0 0.0 2.2449627704274668e-07 0.0 0.0 0.0 1.1143336188949833e-06 0.0 1.91050165326559e-06 4.2818533009035454e-08 1.0652896192471806e-07 0.0 0.0 0.0 0.0 0.0 0.0 0.0 3.409889922289006e-08 0.0 0.0 0.0 0.0 0.0 0.0 0.0 0.0 0.0 0.0 1.988904547159092e-07 0.0 0.0 0.0 5.2143078527325415e-08 0.0 0.0 0.0 0.0 0.0 0.0 0.0 0.0 0.0 5.078977280726609e-07 9.034947136763228e-08 0.0 0.0 0.0 8.272080177116861e-07 3.415899222449723e-08 2.8695246539547323e-07 7.376869360989824e-08 0.0 9.297758760598775e-08 0.0 0.0 0.0 0.0 0.0 0.0 0.0 0.0 0.0 0.0 5.1601116991771994e-06 1.4683751110023812e-07 2.6125304978714103e-07 4.4420009368695074e-05 2.0864408599525478e-07 2.8431055260274038e-05 3.13345619894124e-06 7.584597431932008e-05 2.9833129392282207e-06 5.114532964685936e-08 3.4572566462297653e-06 1.670909552082975e-07 0.0 1.4832910907290363e-07 0.0 3.9984372298446676e-07 0.0 0.0 0.0 0.0 9.542239187977673e-08 3.2359225568890694e-05 1.3380183420168657e-06
6.673315375896491e-05 0.00043887771486169404 0.0012977325656252485 2.598870212447246e-07 2.161168549419523e-05 7.956101748313166e-07 4.9790524295003614e-06 0.0 9.800832237804936e-05 9.659169273709977e-07 0.0013474571065420296 4.1935002148430853e-07 2.067702163777605e-05 0.00038384943387690057 5.803583226712717e-06 3.5156800264511063e-06 1.6371072601024713e-06 6.207700212468613e-07 4.6527411246043496e-08 1.8984106291707898e-06 9.32501193914278e-06 0.0 2.286752364956883e-06 8.205135196099549e-07 1.135605156891784e-05 5.963798085737117e-06 2.0238779640574715e-06 2.8257770436603447e-06 3.187867291712416e-07 3.574620004492986e-07 0.0018722306878523104 0.001313030088241694 9.506657457902687e-05 1.9870926827156763e-06 2.797640821488017e-05 3.4374735658221847e-05 2.806494737348006e-05 2.2507193503651226e-05 1.8708476021126158e-06 1.3690685229582184e-06 5.518095971621978e-06 8.754481208203419e-07 8.267422181412453e-07 1.402840947477419e-06 2.5082732258561873e-07 5.987100486846046e-07 4.3251602802965675e-05 4.393347012877009e-07 1.2006200841354645e-06 1.7851484017365811e-06 1.1090865097815414e-06 3.574156062648645e-08 1.5387651792714987e-07 1.0939026685989835e-06 1.946565010614968e-07 1.959949085527543e-07 1.2070768404281484e-05 0.000286205031134264 2.179737007798148e-06 8.34520973031471e-06 2.714435656045575e-06 7.447791090575511e-05 2.6653464677459756e-05 0.00023084692736580317 3.004121515966253e-07 5.824171817463354e-07 2.1719540734832727e-07 9.562909007572497e-07 2.2127240610106298e-06 5.784253083188176e-06 2.5434702401370177e-06 5.075399826664544e-07 0.0 5.4051472835170765e-05 2.128081299581504e-05 3.77524289790422e-05 1.9911319587637895e-05 8.199817787202712e-05 0.0002609899221341029 0.0007961251542510693 1.8918804954516055e-06 2.3416288266855472e-05 6.000078249209941e-07 0.0 2.0326911207335133e-07 3.562269370061831e-08 5.996233827359224e-07 0.0 5.5765803568752e-08 0.0 1.983362677817599e-07 0.0 4.470716102089083e-06 6.296417513841332e-07 1.0942515691478106e-07 6.686006028680941e-07 5.788267174805615e-07 0.0 1.5523539498920696e-06 3.248488298251691e-05 0.0 3.856340372548528e-08 0.0 9.062674999521609e-08 0.0 0.0 5.17522398883011e-08 0.0 3.5354838365723504e-08 3.3366147166318013e-07 4.737779990576171e-08 5.085179362052145e-08 0.0 4.56130335627652e-08 5.024634323962295e-07 0.0 0.0 5.4648388970799865e-08 0.0 0.0 0.0 0.0 0.0 0.0 0.0 9.520206005539664e-08 0.0 0.0 0.0 0.0 5.3872795975266906e-08 0.0 0.0 0.0 0.0 5.5477081715652066e-08 0.0 0.0 0.0 6.543990213538227e-07 1.0067311544877732e-07 1.1662488000313397e-06 9.1580360282905e-08 1.2415946816766967e-07 0.0 0.0 9.108520435537648e-08 0.0 0.0 0.0 0.0 0.0 0.0 0.0 0.0 0.0 4.767000461273631e-08 0.0 0.0 0.0 0.0 0.0 0.0 0.0 0.0 0.0 1.5886647122867203e-07 0.0 0.0 0.0 0.0 0.0 0.0 0.0 0.0 1.0168196783878401e-07 5.096765788563702e-07 3.5721535746959296e-07 0.0 0.0 1.1845851993452714e-07 3.2625272531377476e-07 5.068877892036333e-08 0.0 0.0 0.0 0.0 0.0 0.0 0.0 0.0 0.0 0.0 0.0 0.0 0.0 0.0 1.5614717001964255e-06 1.1150692723096159e-07 7.09989467208641e-07 5.69127501875562e-05 1.0284294993941398e-06 4.557794081986531e-05 1.195016659177367e-05 2.485653732512916e-05 4.175765299496503e-06 0.0 4.864480396517679e-06 2.1087177809516992e-07 0.0 3.886466752513914e-08 1.73308253361132e-07 0.0 0.0 0.0 0.0 4.325490889129445e-07 2.863519148819327e-07 4.055260832448433e-06 1.0143452820981338e-06
0.00013552778273347852 0.001391259925869986 0.0005374444475045368 2.5327632712609146e-05 0.0010338616409744177 1.9545790601350158e-05 0.0002621144004998919 9.800832237804936e-05 0.0 0.00018011188284809324 0.00047985280378831294 1.9674145157828342e-05 0.00027682879230762593 0.000499758285640009 4.3920272377358294e-06 1.0752330507601739e-06 5.965205547386523e-07 0.0 0.0 0.0 7.801912532542359e-07 0.0 1.3074223950002662e-07 2.026165115634607e-07 9.12388832932681e-07 3.155588000008779e-07 6.482086862437262e-08 8.540269872104649e-08 2.6593953572592515e-07 3.361440486808365e-07 0.00012641493132017965 6.802835295281138e-06 1.0804396504268179e-05 1.6253450703601632e-07 1.1569767941900854e-06 2.72794740907585e-06 1.3564391950283494e-05 4.334531165828366e-06 5.124040084587261e-07 2.5647342658200037e-07 8.589662004114704e-07 0.0 0.0 7.159738548644901e-07 0.0 1.6598550718209393e-07 6.663392362231773e-05 3.293438040351003e-07 1.4510915251619853e-07 0.0 2.0886097475231591e-07 0.0 3.2182622615337245e-08 0.0 2.680965669029421e-07 2.0423098878311008e-07 1.2791588599814242e-05 0.00010991829763490102 2.9427765538718175e-06 1.751563738543074e-05 7.963338280086536e-07 1.793682838287521e-06 4.905732630765497e-07 3.618901663603337e-05 4.1040403280135313e-07 3.7184449449277796e-07 1.450135056363295e-07 8.751811316081597e-08 1.6233088556502432e-07 1.3700113908758723e-07 5.051054965768067e-06 3.8063226428578764e-07 0.0 6.897914170651222e-05 2.9124801879896164e-05 6.476601589471233e-05 1.3781549548161906e-05 2.0691305222442095e-06 7.50515557028635e-07 8.952520731020102e-06 5.44030522143224e-07 9.128483125617762e-07 1.2739607080717293e-06 0.0 2.408047678553834e-07 1.1097006275105708e-07 3.200097250459671e-08 0.0 1.1202318533552508e-07 0.0 0.0 0.0 6.885853377605636e-07 0.0 4.078098391924763e-08 1.0218169603729196e-05 3.154368756312305e-07 0.0 3.431971583114868e-07 2.1720112626784156e-05 4.951950101682242e-08 1.9600618957154343e-07 0.0 0.0 0.0 0.0 3.4088259685798785e-07 0.0 0.0 1.2652208382312611e-06 5.113369789427939e-07 5.042885947307574e-08 0.0 7.705675862892907e-08 1.3991717593902122e-06 0.0 0.0 0.0 3.9591681136179554e-08 0.0 0.0 0.0 1.848383604728629e-07 0.0 0.0 0.0 0.0 8.141015458401491e-08 0.0 0.0 3.781380359283239e-08 0.0 0.0 0.0 0.0 0.0 0.0 0.0 0.0 6.447182270159209e-07 4.109906212943521e-08 9.090120928625391e-07 0.0 0.0 0.0 0.0 0.0 0.0 0.0 0.0 0.0 0.0 0.0 0.0 0.0 0.0 4.063048668160918e-08 0.0 0.0 0.0 0.0 0.0 0.0 0.0 0.0 4.761443442435933e-07 2.896684425908004e-07 0.0 0.0 0.0 0.0 0.0 0.0 0.0 0.0 0.0 4.07560554997574e-07 2.655899496241386e-07 0.0 0.0 0.0 3.117249583134689e-07 0.0 4.518939855983857e-08 0.0 0.0 0.0 0.0 0.0 0.0 0.0 0.0 0.0 0.0 0.0 0.0 0.0 1.832537908071227e-06 2.477163077393903e-07 3.7205115198401924e-07 0.00011954683276037995 5.29629013186631e-07 5.6415594517347286e-05 6.468667239767432e-06 5.683246123341393e-05 6.6997267468226865e-06 6.870096371301864e-08 9.548275145130701e-06 3.247240615737314e-07 0.0 0.0 0.0 7.106386215907084e-07 0.0 0.0 1.2177119752900613e-07 0.0 0.0 2.09272889003198e-05 1.894844088867e-06
0.000327790904819644 0.0004614891668309574 9.362263971871847e-06 0.0008744198080944891 5.728168198788033e-05 0.000189904384166149 0.0007410103975363898 9.659169273709977e-07 0.00018011188284809324 0.0 3.209898388722808e-05 0.001443461852069014 0.0031575415533779357 0.0007604057628403154 3.6535346208237036e-06 2.893811665199239e-06 7.831207434703995e-07 0.0 0.0 4.828655544267117e-08 0.0 0.0 0.0 0.0 2.1786401551982246e-06 1.8019340863771057e-07 8.426840850247492e-08 4.806748270975331e-07 0.0 0.0 1.243589503066182e-05 4.649091626271452e-07 0.00010111733388856537 1.9385896425025093e-07 1.0051231839002307e-06 2.3193893316751277e-06 0.0002207655625973563 7.159057629288879e-06 4.160423340420641e-06 3.073099360441299e-07 4.623198229780618e-07 9.280387338285441e-08 0.0 7.681343874477447e-07 0.0 0.0 2.0554309684077346e-05 4.341622348132302e-07 9.548595243273714e-08 0.0 1.0264804662092406e-07 8.498616102755338e-08 1.1218074009604137e-07 9.533404736312828e-08 0.0 3.6348076062875606e-08 1.6077516641622376e-05 1.8908394229906528e-05 5.482588169252162e-07 3.270905129592064e-06 1.7788834668345729e-06 3.132075841423818e-05 4.845531776987372e-07 3.0238263708024975e-06 3.7246428945725334e-08 3.099472766423959e-08 4.9420606941908614e-08 5.83855156623449e-08 4.660497360610106e-08 3.361359750705365e-07 0.000364876993872503 2.6251522011669575e-07 0.0 1.2357587560231374e-05 2.833953713381548e-06 1.0617914083741259e-05 2.523743000772443e-06 8.563686800344375e-07 1.6707699930876456e-07 1.1253457160694987e-05 2.6488997556844323e-07 8.286442940089227e-07 3.787950649879127e-08 0.0 8.776464596236739e-08 8.870834327668193e-08 0.0 0.0 8.165575087125555e-08 0.0 4.729097033873357e-08 0.0 2.396995279434711e-07 0.0 5.5487248710881975e-08 0.00028685890338009027 6.2407256018638e-05 2.49711661656621e-07 6.77597355217449e-06 0.00013574523012132604 1.6038881472131945e-06 5.5668032943750595e-06 1.8083656749188649e-06 1.0175609720058173e-05 1.326541172447727e-06 0.0 2.621125268591695e-05 5.343820191860181e-07 9.592568275011108e-06 7.985839795274386e-05 5.7028314624248606e-06 6.0206833360786634e-06 2.0956114807744522e-05 9.667489233181235e-06 5.967949836388824e-05 1.6976153594358696e-07 0.0 0.0 0.0 0.0 0.0 0.0 4.5343267861096606e-07 0.0 0.0 3.54659438527286e-07 0.0 1.9911760840433732e-07 1.0709767095169275e-07 1.7829372302387878e-07 6.556741743425481e-08 1.4507982370364945e-07 6.765258184968585e-08 0.0 8.869664694746158e-07 3.0624994783040263e-06 0.0 1.4237662105320175e-07 0.0 2.6490168579235304e-05 8.170949761118039e-07 5.767123394805677e-05 1.848384379036213e-06 7.092521090931223e-07 0.0 0.0 0.0 0.0 0.0 0.0 0.0 6.488049336882441e-08 2.553209416654632e-07 0.0 0.0 3.1107385439017297e-07 1.0160649549710166e-06 6.070014444693809e-08 0.0 0.0 0.0 1.453575001967901e-07 2.701068713835979e-07 1.0150557567440259e-07 1.673459747882271e-07 1.005953419139242e-07 1.3863745272985418e-05 3.523434631208081e-07 5.371917702325923e-08 0.0 0.0 0.0 0.0 0.0 0.0 0.0 1.8145273894171036e-05 3.584211196446979e-07 1.8867669192005585e-07 4.253822448221093e-08 0.0 1.5774155726283863e-05 0.0 5.46747264464622e-07 4.839033622477449e-07 3.571211398452244e-07 3.2285970336084445e-07 0.0 4.115654452088856e-08 0.0 0.0 0.0 0.0 0.0 0.0 0.0 0.0 0.00016586162913341613 4.489786290970539e-06 1.0119920937140218e-05 0.00015701235332539506 1.2098403460307973e-06 1.953371588974319e-05 2.885475084129221e-06 0.00046990949402830103 2.34638376600549e-06 0.0 5.107261931847777e-06 2.8834580006315775e-06 0.0 1.3473054820518022e-06 3.6887841900840907e-07 4.285657427542763e-05 6.288842949369846e-08 0.0 1.0482453648417566e-07 1.0194501818195368e-07 2.1295495624332092e-07 0.0007865835723798386 5.116762390255481e-05
0.0002532741056804808 0.001487884376387211 0.00141848988350799 1.5610400742168145e-06 0.0004061520766149786 4.270404538935166e-06 2.477232468666599e-05 0.0013474571065420296 0.00047985280378831294 3.209898388722808e-05 0.0 3.3258634497106484e-06 0.00011884631920204996 0.0010323668681891638 7.970509402762363e-06 4.29506558052917e-06 1.0936794797938547e-06 4.1291246801970094e-07 6.189854610924112e-08 4.667396655416476e-08 1.3828024165709061e-06 0.0 1.0301199566931325e-07 1.5964197546958078e-07 7.451085638048665e-06 1.5702092012065782e-06 6.382079559695365e-07 1.3182061859004403e-06 4.436906405218464e-08 2.0516555661314682e-07 0.0012038272970308385 0.0003355964553935215 9.603005939097485e-05 3.649181172840045e-07 6.011751381338103e-06 1.5624449045976636e-05 4.2945040021711256e-05 1.8257713069369788e-05 1.9811888873191254e-06 7.95588429948382e-07 2.735413870415035e-06 8.161499413571176e-08 8.113540546322141e-08 1.2782117791265994e-06 0.0 2.1105921561951063e-07 7.848079568490863e-05 3.646660204856656e-07 3.599042201272201e-07 3.215262385840048e-07 2.857088478428853e-08 0.0 1.3291534444554065e-07 3.2263030020176796e-07 1.8104835132780267e-07 2.808497219179713e-07 1.6767188717016207e-05 0.0002453256057565508 3.8144661045773516e-06 1.5959502355414856e-05 5.05545484160171e-07 1.3000574450792587e-05 2.3144936235425126e-06 6.0849711848286154e-05 3.46812398889688e-07 4.5558576173745695e-07 4.73764505294231e-07 2.610221010734013e-07 2.496044797361074e-07 1.1226466126584884e-06 4.6202091331830305e-06 5.882062725028437e-07 0.0 8.389262224832295e-05 3.579021118147583e-05 7.088988644951204e-05 2.041632801603664e-05 7.075754666044155e-06 8.019500634113458e-05 0.00024231138566292788 8.485990543224394e-07 1.428498114354369e-06 1.2148636557685056e-06 0.0 4.246155028049644e-07 3.534434695703955e-08 9.625802890884831e-08 0.0 1.4157409868047798e-07 0.0 1.4918175026377446e-07 0.0 1.4570824775995224e-06 5.132617178446907e-08 1.0429749316251703e-07 5.348662497253549e-06 6.782829580631802e-07 0.0 1.9641387047169043e-06 4.7783473760865126e-05 6.623143056461872e-08 0.0 0.0 0.0 0.0 0.0 1.6510220891981487e-07 0.0 1.7840099369901662e-07 1.468937616387173e-06 0.0 4.873722387993426e-08 1.1964311872251141e-07 0.0 1.0873612997685743e-06 0.0 0.0 0.0 0.0 0.0 0.0 0.0 0.0 0.0 0.0 0.0 0.0 0.0 0.0 0.0 0.0 0.0 0.0 0.0 0.0 0.0 0.0 0.0 0.0 1.0048216997442685e-06 1.5098054941440385e-07 2.7150371614364522e-06 3.9407386749738045e-08 0.0 0.0 9.708157082499135e-08 0.0 0.0 0.0 0.0 0.0 0.0 0.0 0.0 0.0 0.0 0.0 7.971321513695004e-08 0.0 0.0 0.0 0.0 0.0 0.0 0.0 0.0 1.879447355945975e-07 0.0 0.0 0.0 0.0 0.0 0.0 0.0 4.451099799883775e-08 0.0 2.3130010247849464e-07 8.325340755936262e-08 0.0 0.0 0.0 0.0 0.0 0.0 0.0 0.0 0.0 0.0 0.0 0.0 0.0 0.0 0.0 0.0 0.0 0.0 0.0 1.595156366285548e-06 4.326937497689139e-07 6.697842743232802e-07 0.00013074552353283122 1.173649751276335e-06 7.8673374548865e-05 9.66672355621958e-06 4.995394807287603e-05 8.985911195423205e-06 4.191176067890172e-08 1.4175560641655927e-05 3.052755637577884e-07 0.0 9.159930786492437e-08 3.1595598306528196e-07 1.9134293592077558e-07 0.0 0.0 0.0 2.1670774659578912e-07 0.0 1.4659360965905959e-05 1.2053509045392999e-06
7.194992224795988e-05 4.994435876160192e-05 1.2634533296764264e-06 0.0005206753187812932 6.021007324122622e-06 6.923038390187702e-05 0.00033650956365766587 4.1935002148430853e-07 1.9674145157828342e-05 0.001443461852069014 3.3258634497106484e-06 0.0 0.0008489520607428164 0.00014632718673198458 3.860360990691352e-06 2.479038083101192e-06 5.068973073719553e-07 0.0 0.0 0.0 4.294715988306377e-08 0.0 1.572176888165086e-07 5.5113928398376605e-08 4.814347258270999e-07 5.438996611010688e-08 0.0 2.1886897678468306e-07 1.917783905912452e-07 1.530069123610354e-07 2.3548238808749157e-06 0.0 5.479025745938736e-05 0.0 5.197675725833937e-07 2.1125077594917166e-06 0.000328684867038778 6.427046725857667e-06 3.249835675468903e-06 6.768844483888027e-08 2.568430957128955e-07 0.0 0.0 2.820600626074844e-07 0.0 4.4481528403091647e-08 1.4849855321925046e-05 0.0 7.95736255365781e-08 2.8207780435081603e-08 7.165283845751196e-08 0.0 0.0 0.0 0.0 3.770185646714932e-08 1.3864262372728657e-06 3.756179206014283e-06 1.2233353764656675e-07 1.3043027342294368e-06 3.1104312080615773e-07 7.94306598327209e-06 1.5163373754111693e-07 7.385364188494327e-07 0.0 0.0 3.6983320452974285e-08 0.0 0.0 2.0198756569117757e-07 8.079762253898081e-05 5.797360422712677e-07 0.0 2.8849874845867683e-06 1.3784804734183418e-06 4.073836602983893e-06 1.5137911521464324e-06 7.01944760311135e-07 0.0 6.554894741332387e-06 3.7045616099514316e-07 1.4057624298841249e-06 4.480665801514849e-08 0.0 0.0 0.0 0.0 0.0 0.0 0.0 0.0 0.0 1.715206985032403e-07 0.0 3.404174124489079e-08 8.936313875576066e-05 1.0067662462298881e-06 0.0 1.9017211185047062e-06 8.131353865667463e-06 6.738940296533628e-08 4.839409789058935e-07 3.3188526821567606e-07 9.305026234070454e-08 8.286079688835814e-08 0.0 1.8744088201994564e-06 0.0 3.3993507391331887e-07 6.472737780856133e-06 1.075996882237745e-06 3.908631842686545e-08 3.311559837104573e-07 4.33639717977407e-07 8.770759026642129e-06 4.3740066151328646e-07 4.34322589935166e-08 0.0 1.2163876338764906e-07 0.0 0.0 0.0 0.0 0.0 0.0 0.0 0.0 0.0 0.0 8.047599074054353e-08 0.0 0.0 1.3996255342393227e-07 0.0 0.0 5.996117589406532e-07 0.0 0.0 0.0 4.286698024095302e-06 1.832889128482301e-07 1.171067089953649e-05 4.7271889930828335e-07 0.0 0.0 0.0 0.0 0.0 0.0 0.0 0.0 0.0 9.698249005931625e-08 0.0 0.0 0.0 4.0000720594178027e-07 0.0 0.0 0.0 0.0 0.0 9.111432199313001e-08 0.0 0.0 1.91305894637432e-07 3.467337332178362e-06 0.0 0.0 0.0 0.0 0.0 0.0 0.0 0.0 0.0 3.4678920455192483e-06 3.0587095732161116e-07 4.352348344469587e-08 4.5464296115089786e-08 4.761068897921715e-08 1.8775342347183387e-06 0.0 1.990319877365012e-07 0.0 1.1840201078343598e-07 0.0 0.0 0.0 0.0 0.0 0.0 0.0 0.0 0.0 0.0 0.0 2.0007801383787184e-05 1.7694060797323634e-06 2.4553162123356647e-06 5.046926156044366e-05 5.033476732938281e-08 2.0713801945798386e-05 2.2546796144453243e-06 4.787936100355901e-05 2.8957246180991404e-06 0.0 6.0432056636137905e-06 5.30804907900433e-07 0.0 1.1957466748370591e-07 0.0 2.8333732244735864e-06 0.0 0.0 0.0 2.3780480646758722e-07 0.0 8.042055454410463e-05 5.465301118920919e-06
