0.0 0.0015309824959398816 0.00020842099146253107 0.000586841041706189 0.00010704409622724456 0.0002485026822945791 0.00048430931424336043 4.236513603871441e-05 1.7477904173463906e-05 0.0011890657020455307 5.6526703088466584e-05 0.0002217612169813905 0.00021312550274174276 1.4400251215963292e-05 5.432331675928504e-07 9.72372110408501e-08 8.230249233528594e-08 5.657830633401393e-08 6.431714391125984e-08 0.0 0.0 0.0 9.852931437439172e-08 0.0 0.0 8.625150993012904e-08 0.0 4.5082382572965864e-08 0.0 0.0 0.0003109653704280344 5.765789734099728e-07 3.434244357258913e-06 9.507192333939326e-08 0.0 0.0 4.047887709005249e-06 5.43275060789233e-07 5.2557196393053385e-08 4.76440416969759e-08 4.831113961479939e-08 0.0 0.0 5.704201276173637e-08 0.0 0.0 2.676687411521452e-05 8.389877519639386e-07 7.611832171768401e-08 4.999218373362085e-08 5.185808824305754e-08 0.0 0.0 5.155024322328528e-08 8.073419243093021e-07 9.349754980977232e-07 0.00010011922153858157 0.00017709372369179767 2.2220851422667024e-05 9.271999882674856e-06 3.318877500450741e-07 9.479173805448363e-07 3.622611363089949e-08 7.728258243173044e-06 9.023364520372587e-07 8.937862885226235e-07 4.4217353275298984e-07 4.176383743647153e-07 5.5974652627032304e-08 2.2649624864783488e-07 6.224380997777852e-06 5.932345237224525e-08 0.0 0.0001133302192501743 3.079831119051945e-05 1.5535676473357436e-05 3.004347498106846e-06 1.3499988297338543e-07 3.7722772226653897e-07 5.8792945815255224e-06 1.212646316012328e-07 7.967856468756182e-07 2.100444451095708e-06 0.0 5.332614560104583e-07 3.782544716938592e-07 2.1485999199428137e-07 0.0 2.238939181581776e-07 0.0 4.4790508007414936e-08 0.0 1.5882116725724572e-07 0.0 0.0 2.7594497914135026e-05 3.234403749907781e-06 0.0 4.8009702707287945e-08 0.00047132588900532224 0.0 1.97747931923765e-07 1.7040549177181468e-07 4.9968727919707045e-06 9.176405492381383e-08 2.295527071921416e-06 1.110984574251204e-06 6.957769844743594e-07 3.919809085537851e-06 7.754935383491402e-06 5.484162558940402e-08 1.3673500991324958e-05 4.983766101021782e-06 6.81005825576925e-06 7.921276360002023e-07 4.5880796965705374e-08 5.6492015621514675e-08 0.0 0.0 0.0 0.0 0.0 0.0 0.0 0.0 0.0 0.0 0.0 0.0 0.0 0.0 1.956533500938323e-07 0.0 0.0 0.0 0.0 0.0 0.0 0.0 3.6486955428866325e-07 4.056772667139563e-08 3.8736790351021387e-07 4.4908003063729196e-08 0.0 0.0 0.0 0.0 0.0 0.0 0.0 0.0 0.0 3.834629974711026e-08 0.0 0.0 0.0 0.0 0.0 0.0 0.0 0.0 1.7593022907645412e-07 0.0 0.0 0.0 0.0 0.0 0.0 0.0 0.0 0.0 0.0 0.0 0.0 0.0 0.0 7.51048902453788e-07 0.0 0.0 0.0 0.0 2.2096154605705623e-07 0.0 0.0 0.0 0.0 0.0 0.0 0.0 0.0 0.0 0.0 0.0 0.0 0.0 0.0 0.0 3.373017877519996e-06 2.4369077796025276e-07 3.080927351220234e-07 6.647742335452903e-05 1.7673527038447621e-06 4.4345605130101345e-05 1.0285594408724965e-05 0.0005238495539999359 5.479461638842691e-06 0.0 1.4918065802551623e-06 2.4815403681537676e-06 0.0 7.173673704793693e-08 5.0414014295893135e-08 5.27477056277803e-06 0.0 0.0 0.0 5.8234263928163224e-08 0.0 0.0001289095346928993 2.3247783756315293e-06
0.0015309824959398816 0.0 0.0007508645152236239 0.000393201057954701 0.0011397297581232793 4.116886091140822e-05 0.0020326150756525365 0.00043597705085191495 0.0004480411002681087 0.000146870302863451 0.0005847167319675722 2.1011684958578103e-05 0.00048311626902127034 0.0003187652907032712 4.010658608821738e-06 6.618099513847857e-07 1.2014302348170017e-07 7.48768225404305e-08 3.850327466746816e-08 9.656318075006025e-08 1.982152821800279e-07 0.0 2.903524027550285e-07 2.508302209071583e-07 5.103312286185673e-07 0.0 9.541499781203418e-08 0.0 3.953928747816479e-08 4.940981674437917e-08 0.0008210901930682756 1.3834254063615013e-05 8.724969798082777e-06 8.781144982596063e-08 0.0 1.3989875264841905e-07 4.097943334783345e-06 1.1017233399104728e-06 1.2611482951894265e-07 1.7815780414901406e-07 3.169298035573394e-07 9.840267291849497e-08 4.677165888468492e-08 1.7193797513796624e-07 0.0 3.787841223194246e-08 6.457777123243896e-05 1.3730699576062873e-06 1.160229495839111e-07 5.268055103761749e-07 2.1883059093271544e-07 0.0 0.0 0.0 1.7907854762839196e-06 2.565777915418831e-06 9.394533855812901e-05 0.00032629382671152786 3.502814882650376e-05 2.358516293144653e-05 5.963475946240426e-07 2.5013628647376194e-06 0.0 5.444967474828488e-05 1.3623945191804106e-06 1.8670398133255709e-06 4.063271485167911e-07 1.0872449034944573e-06 3.0425152459227403e-07 9.72752879659147e-07 3.7392937698168545e-06 3.132670019786134e-07 5.8308600630028534e-08 0.00021604014045717323 7.753493290686453e-05 5.2863749465470504e-05 1.4923844544168122e-05 1.2506893439394573e-06 1.26963872764549e-06 1.8109350840352e-05 1.31602708479703e-06 5.1757498298149826e-06 3.925441621242117e-06 0.0 1.362621279266508e-06 5.380238380936162e-07 2.0522602562281223e-07 0.0 2.5700219488107245e-07 0.0 1.7447479903582414e-07 5.248832326763221e-08 3.6297695581057284e-07 1.8098113868884017e-07 8.455517559618359e-08 2.2196573580965065e-06 0.0 0.0 4.329052880500962e-08 0.0005133456878968523 4.6959656174067456e-08 0.0 1.3749055026548644e-07 8.389525901017066e-06 0.0 5.68434111080818e-07 5.772162014657772e-07 4.0844702267621836e-07 9.952902364768327e-07 3.7806410006673573e-06 5.733505434894886e-07 8.067029245989317e-06 2.3068113070084683e-06 4.394392480101036e-06 6.688693730839936e-07 4.149705892760559e-08 0.0 0.0 0.0 0.0 0.0 0.0 0.0 0.0 0.0 0.0 0.0 0.0 0.0 0.0 0.0 0.0 0.0 0.0 3.8579885620939767e-07 1.991066206996489e-07 0.0 0.0 0.0 1.5675415070859399e-06 1.026514315891126e-06 1.2454214965469207e-06 5.768135649111557e-07 0.0 0.0 0.0 0.0 0.0 0.0 4.535317839196583e-08 0.0 4.9592584424905183e-08 6.250426772228304e-08 0.0 0.0 1.1236335856041521e-07 0.0 0.0 0.0 0.0 0.0 0.0 0.0 0.0 0.0 0.0 5.328586808083775e-07 7.332499828697609e-07 1.3707400347123448e-07 0.0 0.0 0.0 0.0 0.0 0.0 0.0 1.822917128968774e-06 0.0 0.0 0.0 0.0 4.0321810705698763e-07 0.0 4.283795750136446e-08 3.078348681786058e-07 0.0 1.1263048888720918e-07 0.0 0.0 0.0 0.0 0.0 0.0 0.0 0.0 0.0 0.0 2.9471788005618815e-06 6.564208849518316e-07 2.5726009302016844e-06 3.946064705517634e-05 2.332575913076868e-06 0.00012441742328849094 4.400750788894641e-05 0.00023530192831871765 2.1219823308745965e-05 0.0 2.3191830754355578e-06 8.015977124092798e-07 0.0 9.570223375352396e-07 8.333352683564607e-08 1.9339871060393824e-06 0.0 0.0 0.0 2.4231474135429376e-06 5.190991899608744e-07 3.860333505490408e-05 1.6746253177080707e-06
0.00020842099146253107 0.0007508645152236239 0.0 1.4972882241963493e-06 0.000533903022876025 1.530042867576029e-07 0.00017044123615484814 0.0015446331926000406 0.0003761281262812516 5.591396251798799e-06 0.001012244235555949 5.731527394919985e-06 0.00034775300357858493 0.0005311032008200954 2.465997580686189e-06 6.898222407400808e-07 1.1230641778196244e-07 4.159814938984149e-07 0.0 2.381035019859902e-07 4.939822668332597e-08 0.0 3.671219472564429e-07 3.338408248118302e-07 6.285666883620356e-07 0.0 0.0 5.062510938545309e-08 0.0 0.0 0.0023362234254110017 0.0003730963189995822 1.248975136648185e-05 2.9532909698207614e-07 1.0733757013456615e-07 1.6717779624959164e-07 6.039156193979429e-06 1.541630476302291e-06 1.928701366625493e-07 3.6500506051649087e-07 6.257285402077269e-07 1.654590703509647e-07 5.467957747185464e-07 7.188537362343615e-07 1.7656797272749796e-07 2.1881743675501172e-07 1.9272712804738816e-05 6.345019997883431e-07 2.7114724264930104e-07 1.5284106880211545e-06 1.0214215087496242e-07 5.434727807317009e-08 0.0 0.0 7.30680472833366e-07 1.0105366433364325e-06 7.624781466655309e-05 0.000308334712953951 2.3167188895915518e-05 8.351609564372265e-06 1.6344497163807865e-06 5.540539965105849e-06 2.737982253989831e-07 0.00024244231487640134 7.480587316930593e-07 5.832235120844402e-07 4.6821401693632006e-07 6.617266459253952e-07 2.970806779958307e-07 2.0276549335599616e-06 1.4701255751372827e-06 1.3287225842098173e-06 0.0 9.341074857133147e-05 6.124093684745434e-05 2.0927532926466315e-05 8.402797573777124e-06 2.6837091999674656e-06 1.1865843653028342e-05 6.96178300888532e-05 2.578673342301602e-06 1.5913106590585464e-05 1.5776363679413467e-06 0.0 1.072673105345517e-06 3.3405973615190976e-07 4.0464509703752294e-07 0.0 1.9419851363763752e-07 0.0 4.3561931206644154e-08 0.0 6.722714481154531e-07 1.1570104051248329e-07 1.0382137524588022e-07 1.1034322305049535e-06 0.0 0.0 0.0 0.00013627710065642392 0.0 2.385616191880084e-07 0.0 0.0 0.0 1.195201671016016e-07 0.0 0.0 7.074613994563643e-07 7.754458206596461e-07 0.0 9.786604875899879e-07 1.4981918633452533e-07 1.2016818062992192e-06 4.917760088075715e-07 2.026014248850004e-07 0.0 0.0 5.604606906678553e-08 0.0 0.0 0.0 0.0 0.0 0.0 0.0 0.0 0.0 0.0 0.0 0.0 0.0 0.0 0.0 0.0 0.0 0.0 0.0 0.0 3.741262262614361e-07 4.418858739367491e-08 3.4047666552459166e-07 2.2850706574866793e-07 0.0 7.153459771770293e-08 8.785817401975413e-08 0.0 4.065739691571601e-08 0.0 0.0 0.0 0.0 0.0 0.0 0.0 5.640588088740717e-08 0.0 0.0 0.0 0.0 0.0 4.3590956185707847e-08 0.0 0.0 9.490207153625026e-08 0.0 1.4308725859971643e-07 0.0 0.0 0.0 0.0 0.0 0.0 0.0 0.0 0.0 2.5909506528142906e-07 0.0 0.0 0.0 0.0 6.358392848626933e-08 0.0 0.0 0.0 0.0 1.200543064386626e-07 0.0 0.0 0.0 0.0 0.0 0.0 0.0 0.0 0.0 0.0 1.3730137880543273e-06 3.5893737976112303e-07 6.582473745882214e-07 1.1657926285246983e-05 1.0713077224969873e-06 3.6669321724997586e-05 1.3198766345381845e-05 4.6178751995740686e-05 6.312064458667923e-06 4.1062009196633e-07 3.351205538596268e-07 2.6813932934651146e-07 0.0 6.823098231293832e-07 0.0 1.2204066526112364e-07 0.0 0.0 0.0 1.0138006298311348e-06 0.0 1.3446755601858176e-05 5.412961542677108e-07
0.000586841041706189 0.000393201057954701 1.4972882241963493e-06 0.0 2.0410667165100427e-05 0.00013456865700935914 0.0007765323043864229 1.5381586832624552e-07 5.404420945837167e-06 0.001214843342578218 6.999273961693426e-07 0.000694560611613599 0.0005752602220607446 1.3054256979791803e-05 3.3271180121959e-07 0.0 0.0 4.229615355944243e-08 0.0 0.0 6.141673871497984e-08 0.0 0.0 0.0 0.0 0.0 0.0 0.0 0.0 0.0 2.866113468171646e-05 1.0937770120776097e-06 1.958321806197867e-06 0.0 0.0 0.0 7.74190931604008e-06 0.0 0.0 0.0 0.0 0.0 3.8635864965916753e-08 0.0 0.0 0.0 1.3881507167136753e-05 2.88639071109116e-07 6.03345736312594e-08 1.2408739205392263e-07 0.0 0.0 0.0 0.0 4.096787927012868e-07 7.273220717515949e-07 1.561009898933461e-05 4.631076524129719e-05 4.928696876962424e-06 5.654960345032919e-06 3.8512074448402386e-08 3.9580140818602405e-08 0.0 7.305588608140567e-06 3.033345926182077e-07 2.2921974185237894e-07 3.867411866649196e-08 2.699094977852821e-07 4.8283245479075845e-08 0.0 1.6295887849833582e-05 0.0 0.0 4.963594886147148e-05 1.5689704844911496e-05 8.784248508486622e-06 2.0962931988505027e-06 1.0562008773034006e-07 8.96961692289014e-08 3.442960520776962e-07 8.81017819385265e-08 6.951109350779472e-07 2.9510532431545384e-07 0.0 4.2884641834013435e-07 4.341129940755051e-08 4.0913565427756875e-08 0.0 5.534164898600418e-08 0.0 0.0 0.0 0.0 4.3289415292601895e-08 0.0 2.1700375623746146e-05 0.0 0.0 0.0 0.00016056705226508874 2.139193079773389e-07 8.260309740136875e-06 1.4151091055696534e-05 2.7837794014771374e-05 5.604541482408682e-07 5.009020874385834e-06 1.2340694000276264e-05 8.551903106976617e-07 2.261870217461664e-05 1.0672483948171366e-05 0.0 2.3852072031054598e-05 2.0185875197019048e-05 9.545235312040023e-06 8.343550680798825e-07 0.0 0.0 0.0 0.0 0.0 0.0 0.0 0.0 0.0 0.0 0.0 0.0 0.0 0.0 0.0 0.0 0.0 0.0 0.0 2.255178265255566e-07 0.0 0.0 0.0 0.0 2.42399086236356e-07 0.0 6.182051911114084e-08 0.0 0.0 0.0 0.0 0.0 0.0 0.0 0.0 0.0 9.054144429652724e-08 2.9627456000363225e-07 0.0 0.0 0.0 0.0 0.0 0.0 0.0 0.0 3.3999585779930776e-07 0.0 8.095542828232007e-08 0.0 0.0 1.59049190335043e-07 0.0 0.0 5.40656287577446e-08 0.0 0.0 0.0 0.0 0.0 0.0 6.430911795645802e-07 0.0 0.0 0.0 0.0 1.4073868762249418e-07 0.0 0.0 1.2084870438781473e-07 2.698591427611475e-07 0.0 0.0 0.0 0.0 0.0 0.0 0.0 0.0 0.0 0.0 0.0 2.0207187347902317e-06 4.766959182409019e-08 2.769009519002875e-07 2.9727506372686575e-05 1.0707874998986566e-07 2.6313835240343706e-05 7.5776133288962855e-06 0.00024220085302965912 4.495350174396426e-06 4.639214179390629e-08 1.8963252351425115e-07 1.0515387005051057e-06 5.151044273699194e-08 4.4953733761821977e-07 1.778702623165671e-07 4.7700370736841716e-06 0.0 0.0 0.0 5.599580762968589e-07 0.0 5.583085585739041e-05 3.1513120805667332e-06
0.00010704409622724456 0.0011397297581232793 0.000533903022876025 2.0410667165100427e-05 0.0 2.081037979211769e-06 0.0005778496670649753 3.9433631047469176e-05 0.0010517458895751139 9.008498635797848e-05 0.0001288872098674722 5.583180540617928e-06 0.0008731164259721392 0.00043989939897537726 7.983900172163378e-06 1.7933608528409366e-06 2.5089335316121666e-07 0.0 0.0 1.099431285103859e-07 1.3978481043325005e-07 0.0 3.6200751111128607e-07 1.1473609319015846e-07 0.0 0.0 0.0 0.0 3.6410781214891604e-08 0.0 0.00011837942116780018 1.9453035814267352e-05 2.6549846179553392e-06 9.168370005566702e-08 9.53857215344504e-08 4.3942106872854586e-08 3.427016240596301e-06 4.6880530935575596e-07 1.7592947084816093e-07 3.7377188668272485e-08 2.0970253180940176e-07 0.0 1.0211335986348633e-07 1.884985519408062e-07 0.0 1.7863602089990184e-07 5.993502638033198e-05 8.941896053163423e-07 3.3844565355476086e-07 9.804931773674491e-07 4.332469240553466e-08 5.925647265119049e-08 0.0 0.0 1.1501074514162098e-06 1.1848941292907327e-06 2.8615670797660944e-05 0.00010511647319340039 1.6253364084805986e-05 1.762519258006325e-05 1.0419253276140796e-06 1.143776678441301e-06 0.0 4.9403090553182995e-05 3.805397847677631e-07 1.241671970982385e-06 3.0639842200807094e-07 8.200337040707198e-07 4.2087374315726554e-07 5.347630816514432e-07 7.894557811753384e-06 8.659205408663718e-07 1.4015833535414585e-07 0.00012595015857057694 5.120368639873398e-05 6.063246868760309e-05 1.7118950335816088e-05 1.32519413851828e-06 1.4614487723331173e-06 9.584120183510161e-07 1.3683961170904763e-06 3.911765877792782e-06 1.6929599450785426e-06 0.0 8.652751152795345e-07 5.75323548828523e-07 3.8310389621871e-07 0.0 2.923002717429601e-07 0.0 1.0887251016038762e-07 0.0 2.0110924026944918e-07 0.0 1.514642384394518e-07 7.038612045711708e-06 5.110913156542688e-07 0.0 0.0 4.549810849193667e-05 1.5460425677458233e-07 1.3623589734380253e-06 1.3353250152176137e-06 0.0 0.0 2.8804512272428736e-06 9.72774140380488e-07 9.806913869087576e-07 4.889949283807955e-06 4.911203246085638e-06 8.013024366482418e-07 1.9813961879528614e-05 9.82083332877401e-06 1.2571057806803854e-05 7.4838800337785075e-06 6.394816402739016e-08 1.6514862569133004e-07 0.0 6.71530043824896e-08 0.0 0.0 0.0 0.0 0.0 0.0 0.0 0.0 0.0 0.0 9.630333808034721e-08 0.0 0.0 8.390333323161928e-08 0.0 9.509860430984771e-07 3.87158437528301e-07 0.0 0.0 0.0 4.47391106143501e-06 5.375173524255915e-08 5.023610334921272e-06 1.052499926009694e-06 0.0 0.0 0.0 0.0 0.0 0.0 0.0 0.0 0.0 1.6096020726155855e-07 0.0 0.0 0.0 0.0 1.2602180573919977e-07 0.0 0.0 0.0 0.0 0.0 1.1302177801383138e-07 8.963590307779132e-08 1.9818435946386463e-07 2.7789858882733537e-06 6.325572741982785e-07 5.6630953373960627e-08 0.0 0.0 0.0 0.0 0.0 0.0 0.0 5.946381732697567e-06 0.0 0.0 0.0 0.0 9.210055469060604e-07 0.0 0.0 1.6843749073951532e-07 9.051209219611416e-07 3.9821213655235626e-07 0.0 6.370224242914024e-08 0.0 0.0 0.0 0.0 0.0 0.0 0.0 0.0 1.1349631324140066e-05 2.526041917525011e-06 4.868595205066438e-06 6.09480604933515e-05 3.151098472491973e-06 0.00012803271678018564 5.523289582964261e-05 6.162925235218987e-05 2.5239325801392192e-05 5.757572662440661e-07 4.112362898021943e-06 4.314188538379206e-06 0.0 2.2968784253801547e-06 0.0 3.791753334568509e-06 0.0 0.0 0.0 5.656304891767951e-06 9.656352390252206e-07 3.103795780839863e-05 8.653871016989806e-06
0.0002485026822945791 4.116886091140822e-05 1.530042867576029e-07 0.00013456865700935914 2.081037979211769e-06 0.0 3.3946771305846e-05 0.0 8.754417305278768e-07 0.0006260603378629202 2.6518774157407385e-07 4.84680835041228e-05 4.0075238317938434e-05 2.8864897097098535e-06 0.0 4.572632636508158e-08 0.0 0.0 0.0 0.0 0.0 6.058403160626878e-07 0.0 0.0 0.0 0.0 0.0 0.0 0.0 0.0 7.23163853771378e-06 0.0 1.0387969470000667e-06 0.0 0.0 0.0 4.312934922713828e-06 1.4038165308379216e-07 2.0523379421326775e-07 0.0 0.0 0.0 0.0 0.0 0.0 0.0 1.8059385300760603e-06 1.6781999395026647e-07 0.0 0.0 2.0722556461937557e-07 2.5551824852424517e-06 3.9207816064776416e-07 0.0 6.755389051293717e-08 9.11912589419989e-08 3.778482399239626e-05 4.80452507460217e-06 2.627508521652597e-06 3.490500784850631e-07 0.0 4.581679296574647e-07 0.0 7.002466839372427e-07 0.0 6.784423995643551e-08 1.4091677595126784e-07 1.1169211854974431e-07 0.0 0.0 1.857673850326616e-05 4.159166679789861e-05 3.507408361582304e-06 4.938880576177396e-06 1.0574176690701283e-06 6.899594280683524e-07 1.1532307887288898e-07 0.0 0.0 2.561807996719493e-07 0.0 1.060169270880685e-07 7.668579710324724e-08 6.713786581302426e-07 0.0 7.52898481224889e-07 0.0 2.5789505029055316e-06 1.4490240080810664e-06 2.907029191300488e-06 1.3980309889968204e-07 5.78545969248192e-07 0.0 0.0 0.0 5.707846480790135e-05 2.037002167453528e-05 5.7924212767349064e-06 1.1995241182116263e-06 9.086400215574279e-05 0.0 4.4380694713679904e-07 0.0 7.658564164481519e-08 0.0 9.80389512395203e-07 7.438439312514177e-07 7.21596464607521e-08 7.975435393820024e-07 1.8056200958565818e-06 1.1515039779502907e-07 1.3001920609806861e-06 1.3197268857500977e-06 6.473795888089255e-07 1.6521432292338594e-07 0.0 0.0 0.0 0.0 0.0 0.0 0.0 0.0 0.0 0.0 0.0 0.0 0.0 0.0 0.0 0.0 0.0 0.0 0.0 0.0 0.0 0.0 0.0 0.0 0.0 5.4563230156539634e-08 0.0 0.0 0.0 0.0 0.0 0.0 0.0 0.0 0.0 0.0 0.0 0.0 0.0 0.0 0.0 5.6497509527090544e-08 0.0 0.0 0.0 0.0 0.0 0.0 0.0 0.0 0.0 0.0 0.0 0.0 0.0 0.0 0.0 0.0 0.0 0.0 0.0 0.0 0.0 0.0 0.0 1.1822047715239484e-07 0.0 0.0 0.0 0.0 0.0 0.0 0.0 0.0 0.0 0.0 0.0 0.0 0.0 0.0 0.0 0.0 6.366754590244346e-07 0.0 1.6051657438630692e-07 1.4035172602969627e-05 1.0564589608834733e-06 2.405046017195454e-06 1.417624474639727e-07 8.449144127419854e-05 4.610690410892407e-07 0.0 0.0 4.936961764664026e-07 0.0 8.32004945984209e-08 0.0 2.1735351455749785e-07 0.0 0.0 0.0 0.0 0.0 3.250677121531536e-05 8.241011569249607e-07
0.00048430931424336043 0.0020326150756525365 0.00017044123615484814 0.0007765323043864229 0.0005778496670649753 3.3946771305846e-05 0.0 2.711346941876852e-06 0.0001755058672751769 0.0005297966720156336 1.798599886908422e-05 4.9153416418119044e-05 0.0012807220508785956 0.0003599946619542945 8.24778303967309e-06 9.223399225501313e-07 0.0 1.4990549004522385e-07 4.369995475240516e-08 5.47314398538362e-08 1.0437870770324698e-07 0.0 4.803409209520366e-07 5.1732127026258075e-08 4.421593993776046e-08 0.0 0.0 7.606911053508876e-08 0.0 0.0 8.144760380378171e-05 1.1563508799579287e-05 5.236347006066942e-06 1.4000077551481894e-07 1.0869740275198952e-07 2.2901009822840884e-07 8.332014921889619e-06 1.1789132808395021e-07 4.735764803880154e-08 4.214906160329475e-08 0.0 9.938599102918073e-08 1.579480132184622e-07 1.247704560932344e-07 5.371919641694811e-08 1.1618516711132489e-07 8.548042796459527e-05 1.5736814188348844e-06 1.9582248916237965e-07 7.677176676022348e-07 3.1960979395515276e-07 7.004588795410109e-08 0.0 8.753564536749244e-08 1.5343741492144391e-06 2.5080553472702493e-06 4.5675154785400655e-05 0.0001601237688442593 2.489984072083305e-05 2.730306248624876e-05 1.5086766658472864e-06 1.182542157118024e-06 3.310408307052353e-07 5.1465911833353915e-05 1.4824477597667301e-06 1.7057403400637698e-06 4.6529120934352575e-07 7.057633710237749e-07 2.436255313324396e-07 1.0594828013131533e-06 1.0443792576621919e-05 1.312806172168481e-06 0.0 0.00020824407621907885 7.683889177948287e-05 7.647313437452474e-05 1.9925756753176653e-05 2.0201713199589395e-06 1.0219259342030581e-06 7.143036299105346e-07 1.9391812514754534e-06 4.017525349547078e-06 5.045650813906591e-06 0.0 1.2907865336293927e-06 6.179290140378934e-07 3.7459056960092484e-07 0.0 1.9329777741991396e-07 0.0 1.8214330768932591e-07 2.1202147122492574e-07 1.5067746610056276e-07 4.4034454746233236e-08 5.843079236902756e-08 2.2836132300560884e-05 1.2971732898487383e-06 0.0 3.997374449124876e-07 8.40409837767201e-05 8.005959238573718e-07 6.626523040239331e-06 1.1165435306153524e-05 3.4620018160501495e-05 7.449649652838137e-07 1.2498078285923298e-05 8.731085251553348e-06 6.038821654991003e-06 1.9293284989798914e-05 2.1076074450466733e-05 1.2773880287731825e-06 5.862664079609664e-05 2.921185451315443e-05 3.652812158830132e-05 1.5258954766625663e-05 2.43399700617593e-07 0.0 0.0 0.0 0.0 0.0 0.0 0.0 0.0 0.0 0.0 7.086631263100891e-08 0.0 0.0 0.0 0.0 0.0 0.0 1.8122734191474185e-07 1.2210899722818012e-06 8.592599385839211e-07 0.0 0.0 0.0 7.187518056551768e-06 6.263393342588641e-07 7.58352811183315e-06 1.5411516356378363e-06 2.3858426205121e-07 0.0 0.0 0.0 0.0 2.7569419041069537e-07 5.4261333979319154e-08 0.0 1.433436914084766e-07 4.1051703357671825e-07 0.0 0.0 0.0 2.6922772923316853e-07 1.5250804583700255e-07 4.768082660102886e-08 0.0 0.0 6.71671438237012e-07 2.560230751887645e-07 0.0 8.731338482472346e-08 9.776166671942376e-08 3.9813608798764154e-06 4.782632627776082e-07 1.0681555378473006e-07 1.0318253974609408e-07 3.188000754617449e-08 0.0 0.0 0.0 0.0 0.0 1.3211662656142174e-05 0.0 0.0 4.9386043037837524e-08 0.0 1.5593671691734784e-06 0.0 1.7625443449642706e-07 3.7284522772284003e-07 5.305262016019034e-07 4.4064386133062283e-07 4.063943340426682e-08 0.0 0.0 0.0 0.0 0.0 0.0 0.0 0.0 0.0 2.778056312950817e-05 3.0417518053516163e-06 8.782414438733667e-06 0.00010281079616342298 3.03451803013957e-06 0.00017284668241909591 7.577900182690719e-05 0.00019606814303021927 3.6424271348387494e-05 6.640859360843167e-07 5.264706256356472e-06 9.570259493015547e-06 0.0 3.5026911894027198e-06 1.3572187921927649e-06 9.713475156493536e-06 5.139748751842405e-07 7.378089886273835e-08 0.0 6.79564923623666e-06 8.112636933456542e-07 6.171708263857299e-05 1.8534285496102886e-05
4.236513603871441e-05 0.00043597705085191495 0.0015446331926000406 1.5381586832624552e-07 3.9433631047469176e-05 0.0 2.711346941876852e-06 0.0 0.00012974561199639165 1.1924984788324306e-07 0.000573337137092559 1.8601640713472075e-06 0.00012814892191036475 0.0004726721910821807 1.1296660217420854e-05 4.592648910247353e-06 4.6591153757385814e-07 3.102597489843489e-06 5.71796246978525e-07 1.1946994335927995e-06 2.9904381770158735e-06 0.0 7.452710739607946e-06 3.949937993003645e-06 3.26985716608328e-06 0.0 1.07679638113307e-06 2.966724305518394e-07 1.1806839388771137e-07 0.0 0.0012573009902264612 0.0011673164191630856 5.7181016003443186e-05 2.382201109983847e-06 2.4471114483843754e-06 1.904026759222266e-06 2.3099991818971892e-05 8.534631888288264e-06 7.846878133326626e-07 1.2235489283003137e-06 4.638032305119986e-06 1.7173511700731023e-06 4.083495985727351e-06 1.2274442061399218e-05 3.2533055277088337e-07 2.5022035102799234e-06 4.336377263127499e-05 2.849597275886723e-06 1.6709965627460761e-06 1.3718085737837269e-05 2.461510467968961e-07 9.041564599049249e-07 4.2788356372789874e-08 2.945725757857192e-07 3.0649165159263623e-07 5.65744935288824e-07 3.709594215837821e-05 0.0001686207320505942 1.4163663065716757e-05 9.771187939164399e-06 4.2076560988069646e-05 4.618403070962785e-05 2.8172947618719125e-06 0.00020610649865950158 5.654809548589967e-07 1.2681408801477717e-06 7.804698153339905e-08 1.3502682044163964e-06 3.6736596505176693e-06 2.177690265651026e-05 1.659355757156037e-05 1.1452089370252907e-06 1.1772116432402373e-07 9.054385000325587e-05 6.490315737200922e-05 5.87880353706837e-05 5.540898877884352e-05 0.0001490551536390971 0.00016864792090402314 0.000215990791864114 6.00558946101815e-05 0.0002049926842927718 1.7303641440049854e-06 0.0 7.643202892534599e-07 3.049029076871293e-07 4.121699489423186e-06 0.0 1.9072892595895134e-07 0.0 1.6018663242770422e-07 3.6747581023451277e-07 7.767166351090812e-06 2.202229628090231e-06 1.8241132925931943e-06 2.6638447711926336e-06 6.590250611857917e-07 0.0 5.35663826534633e-07 3.956954165361009e-05 0.0 0.0 0.0 0.0 0.0 1.874104423472671e-07 0.0 4.8761687532084994e-08 3.986953576099791e-07 5.6767941396509775e-08 1.3225964592176092e-07 1.0768197085681022e-06 3.3438420586860207e-07 1.1733985824774649e-06 1.0109137297639395e-06 0.0 8.69690711904148e-08 0.0 0.0 0.0 0.0 0.0 1.3596561885313522e-07 0.0 0.0 4.2395188573093786e-07 0.0 0.0 0.0 0.0 1.5409554191537554e-07 0.0 0.0 0.0 0.0 6.154477097820303e-08 0.0 8.338989569332912e-08 5.497520808373342e-08 1.152258493091221e-06 3.0168423291522877e-07 1.3640700997227879e-06 6.61258411791579e-07 2.3517677543610335e-07 1.9838246501957882e-07 2.967201469415138e-07 3.52117579866232e-08 0.0 0.0 0.0 0.0 0.0 1.046927052040269e-07 0.0 0.0 2.429581301232988e-07 1.8195448284792052e-07 7.911342572832493e-07 0.0 0.0 0.0 4.224181242085207e-08 5.005758633982572e-08 0.0 0.0 0.0 3.5205180464498013e-07 0.0 3.969186900715524e-08 5.6500074505088116e-08 0.0 0.0 0.0 0.0 0.0 0.0 1.2934127396448192e-06 4.5527852527053574e-08 5.0802638791656374e-08 6.48948878742796e-08 0.0 9.825818493494275e-08 0.0 0.0 5.0787890168170354e-08 8.372108981179887e-08 1.6695827399414443e-07 5.109978196066176e-08 1.7913606162743434e-07 0.0 0.0 0.0 0.0 3.8207682616914e-08 0.0 0.0 0.0 1.0058285612309005e-06 1.528930174054858e-06 2.200540122143658e-06 2.1091365974076146e-05 3.0478370900015856e-06 6.830803482607243e-05 2.6216697829477177e-05 2.078670554346445e-05 7.265801267359465e-06 1.4089713133937436e-07 1.0778707213008043e-06 1.445656321952253e-06 0.0 7.824586178179222e-07 2.0496692385045993e-07 1.4096006428770991e-07 0.0 0.0 0.0 2.907883480619337e-06 0.0 1.1423645482188555e-05 1.0848583452797462e-06
1.7477904173463906e-05 0.0004480411002681087 0.0003761281262812516 5.404420945837167e-06 0.0010517458895751139 8.754417305278768e-07 0.0001755058672751769 0.00012974561199639165 0.0 4.464563309996474e-05 0.00037501236457412743 3.4845116132191075e-06 0.0004500874104209597 0.0004086829133690862 7.784284524647743e-06 1.2953802185827796e-06 3.0173758619067144e-07 1.3438549275377209e-07 0.0 0.0 2.2449196964125576e-07 0.0 4.4076967956722985e-07 1.0328394736439318e-07 3.853654399188053e-07 0.0 0.0 1.3713735452831465e-07 0.0 0.0 7.386433605887896e-05 1.947692497514802e-05 1.288257801110606e-05 2.3734796865278095e-07 1.5070383944696684e-07 2.4680303214165287e-07 7.591485150182248e-06 9.720224545142755e-07 1.2235167750879488e-07 1.0002234820563134e-07 5.226523473956707e-07 1.2004703611251413e-07 3.8534038372326486e-07 3.6491015199784777e-07 6.772602999915908e-08 5.327947729950935e-07 3.6359872244330476e-05 3.6828765176714157e-07 4.0303605427742375e-07 1.7335009864467512e-06 5.285994611869535e-08 6.210295265125818e-08 5.405886536136926e-08 0.0 7.9585224834939e-07 3.6351049723046555e-07 1.0141541355753604e-05 4.277587932978019e-05 7.3987084640736506e-06 1.0125498438737462e-05 3.30715039071673e-06 3.2554204517206895e-06 5.367052032689123e-07 3.493337015770541e-05 5.126510259152459e-07 5.254657058175249e-07 1.6396122068687995e-07 2.6658200642147467e-07 6.808457362880115e-07 1.8376076375056645e-06 9.192556231627184e-06 1.2062128096027903e-06 0.0 6.184337109803834e-05 2.7422177243846552e-05 4.24468421714989e-05 1.2701017408359157e-05 2.9815073872307847e-06 2.2884269181982976e-06 5.452615368121244e-06 2.4089994628435293e-06 7.281379921191678e-06 1.392095018995081e-06 0.0 3.606110798973332e-07 1.9117190459150424e-07 1.0316256671303127e-06 0.0 1.3028299675418603e-07 4.292111131509642e-08 4.74286701998423e-08 9.428436677581238e-08 5.887388451918777e-07 9.858674475168529e-08 1.254010940619877e-07 5.596335636861089e-06 1.821065617798709e-07 0.0 1.5345268997200205e-07 9.453823018718724e-06 1.3175146832145904e-07 1.2757126388710614e-06 4.1294416133784915e-07 9.83190901641857e-08 4.63487772013616e-07 3.5868431001979814e-06 1.264041174428305e-06 2.0965128640861422e-06 2.553080316796854e-06 3.5593813885691443e-06 6.661126153210434e-07 1.785135721865024e-05 7.968918114015919e-06 1.1111153920285398e-05 6.2384297028927785e-06 7.00193283001736e-08 1.2037884764545115e-07 5.128803054856433e-08 4.4254964864828186e-08 0.0 0.0 0.0 0.0 0.0 0.0 0.0 0.0 0.0 0.0 0.0 0.0 0.0 0.0 0.0 3.016857667027476e-07 8.96325928696999e-08 0.0 2.0073673787356594e-07 0.0 2.8800823860064633e-06 7.825356581452439e-07 2.4789334103051554e-06 1.5747324575639855e-06 5.330890825566488e-08 0.0 0.0 0.0 1.0682421058547188e-07 5.9256182358072514e-08 0.0 0.0 0.0 9.164392556577234e-08 0.0 0.0 0.0 4.849792027272633e-07 6.471871028080473e-08 1.6669714016996638e-07 0.0 3.83175260665666e-08 3.0505709666010136e-07 2.139337966368387e-07 0.0 0.0 1.4877481568167102e-07 2.3000730578160614e-06 1.0479248804741202e-07 1.963578351656102e-07 1.1088908979624903e-07 5.0965683871092974e-08 0.0 0.0 0.0 0.0 0.0 4.6650545562955505e-06 0.0 0.0 0.0 0.0 8.517517887153316e-07 0.0 1.4194669693922028e-07 2.3542355924824097e-07 5.966547160773864e-07 1.185525551484178e-07 0.0 5.306786531489008e-08 0.0 1.5306682975995914e-07 0.0 0.0 0.0 8.299726341944472e-08 0.0 0.0 9.51464053611269e-06 2.1526477238524276e-06 4.632001855540181e-06 4.433608923070696e-05 1.2906629597485334e-06 7.691993121296099e-05 4.602545317195304e-05 2.5531583018766298e-05 1.4651318874977278e-05 1.0258155500270452e-07 2.9689313001087104e-06 2.849912577540167e-06 1.0861425327099066e-07 2.449128630270138e-06 7.353673202139559e-08 3.670852342757595e-06 2.137941049888327e-07 0.0 0.0 3.5813296799922094e-06 1.7645499237907813e-07 1.6930467388213556e-05 5.684672023298997e-06
0.0011890657020455307 0.000146870302863451 5.591396251798799e-06 0.001214843342578218 9.008498635797848e-05 0.0006260603378629202 0.0005297966720156336 1.1924984788324306e-07 4.464563309996474e-05 0.0 2.308305034077005e-06 0.0013747450438141465 0.004341983487573427 0.00016714223612686522 1.3793590626869353e-06 3.0791005409615946e-07 0.0 0.0 0.0 3.671425883969504e-08 0.0 0.0 0.0 0.0 0.0 0.0 0.0 0.0 1.1590658970367016e-07 1.4508560609467616e-07 2.063135136857876e-05 1.161813148783221e-06 3.622911735011663e-05 0.0 0.0 0.0 8.655939711605988e-05 2.6486919470353477e-07 0.0 0.0 0.0 0.0 0.0 8.115356416716602e-08 0.0 6.027925329498755e-08 1.4065253378103367e-05 2.776332444531269e-07 4.309786949480718e-08 8.81934019127437e-08 0.0 0.0 8.79407559127164e-08 0.0 2.740127996732256e-07 4.142147699824618e-07 2.216810495082832e-05 2.8891643190697885e-05 3.967157476692376e-06 5.08450781290467e-06 3.800438818003448e-07 3.4249522955221467e-07 0.0 5.358530699180562e-06 1.5783308747287862e-07 1.6231306417868446e-07 9.228524805436011e-08 2.254168738442334e-07 0.0 5.532195671404651e-08 9.570364389350544e-05 1.7803018349543575e-06 4.4860377661450035e-07 3.54419596449471e-05 1.0214269718927954e-05 9.053190470141549e-06 1.877440536975355e-06 0.0 2.6930892465153746e-07 1.2385767531075503e-06 5.8306217626821334e-08 5.830889945863074e-06 5.266250347114609e-07 1.8344729570977184e-07 7.385776154800332e-08 2.9509936247470273e-07 9.498846623434404e-08 4.999242203394157e-08 3.376153285827104e-07 7.970007085823348e-08 0.0 0.0 0.0 0.0 0.0 9.182506801211463e-05 5.333404560329635e-06 5.58826565715817e-07 1.7396132250293604e-07 0.00028874501534160806 1.272545376310173e-07 7.613129426721601e-06 8.949642676662058e-06 6.632719143203902e-06 2.327702736509141e-06 2.0435489172083848e-05 1.7196484752856917e-05 1.0810589213611448e-05 3.0043205489402123e-05 8.628296964956593e-05 1.4060343659264639e-06 0.00013253087158687942 6.14122407011061e-05 6.787168006072432e-05 1.6460939950896822e-05 9.724621012750712e-08 0.0 0.0 1.0622917901736724e-07 0.0 0.0 0.0 0.0 0.0 0.0 0.0 0.0 0.0 0.0 0.0 5.6313312044640214e-08 0.0 0.0 0.0 4.026319445935468e-07 3.854394386674885e-07 0.0 0.0 0.0 5.542106200462881e-06 5.546148241837467e-07 4.834438866202084e-06 4.449755372477449e-07 5.050552161904961e-08 0.0 0.0 0.0 0.0 2.3330860057452018e-07 0.0 0.0 1.4838830122692947e-07 3.297797627389177e-07 0.0 8.986680309036969e-08 0.0 1.0041039644789176e-07 0.0 0.0 3.22527287450795e-07 0.0 6.331568854652743e-07 0.0 0.0 0.0 1.9608085220373772e-07 2.4564667116989302e-06 1.9781856067263994e-06 5.386567312499502e-08 0.0 0.0 0.0 0.0 0.0 0.0 0.0 1.128167438546286e-05 0.0 0.0 0.0 0.0 2.015826420540384e-06 0.0 2.8919081000804553e-07 5.851400597447635e-07 5.859594055711285e-07 4.3920920674522653e-07 0.0 0.0 0.0 0.0 0.0 0.0 0.0 0.0 0.0 0.0 6.271818081712106e-05 1.5486830566159272e-06 2.9373727380315215e-06 0.00021099433718522055 3.586618842265252e-06 2.3808721411574165e-05 1.0040607814278902e-05 0.0005503409448291891 6.379500884453674e-06 1.0711180007798294e-07 2.2434716320182042e-06 2.0898408151561037e-05 5.394144396151777e-08 2.6320739485206797e-06 5.780667473032241e-07 5.0986022283538454e-05 0.0 0.0 0.0 6.802984297750474e-07 3.325316678407912e-07 0.000262880509038753 4.799914610273291e-05
5.6526703088466584e-05 0.0005847167319675722 0.001012244235555949 6.999273961693426e-07 0.0001288872098674722 2.6518774157407385e-07 1.798599886908422e-05 0.000573337137092559 0.00037501236457412743 2.308305034077005e-06 0.0 1.1784456680196132e-05 0.0005227102024198029 0.0010267388333697336 2.0600902870053748e-05 7.914732405726567e-06 3.090987697523735e-07 8.05058794932883e-07 5.249915510039221e-08 4.224743067586802e-07 2.124926975442235e-06 3.3668927187272704e-07 7.044262289296172e-06 3.423110182050184e-06 5.897193214629207e-06 6.085971171529691e-07 1.8092297369664882e-06 2.779970077263393e-07 1.6603042353265597e-07 2.144429664330214e-07 0.0006737648398846064 0.00019440555154941983 0.0005871660864458881 1.9763937832875747e-06 3.5762315175925915e-06 3.926984758798972e-06 0.00012952690334156665 4.066144363644234e-05 2.0501409084957673e-06 4.72225597897365e-06 6.776711349437917e-06 1.8001410298915915e-06 1.357525558361994e-06 5.040505658683727e-06 4.281517165797053e-07 1.3003853961972528e-06 5.431663951280837e-05 2.60888247465355e-06 1.2364176872108308e-06 6.905836739559576e-06 1.1183373826398161e-07 7.326355579882826e-07 1.4198771059078274e-07 7.242467801163052e-07 1.2985331008024957e-06 1.1364468335381403e-06 3.8929328275373186e-05 0.0001527791924817347 1.4217875933743576e-05 1.5130748957944362e-05 1.7956711458542784e-05 0.00010802939934494008 1.838805109615482e-06 0.00011950664227374538 4.842078852473562e-07 1.2290399309450059e-06 3.00462237536043e-07 7.870275996935169e-07 2.410439217055789e-06 1.4564718898488163e-05 5.55431594156954e-05 1.3665083539425303e-06 0.0 0.000107727086382625 6.27720385483463e-05 8.083538209975598e-05 3.549953237202038e-05 1.912973830335176e-05 1.8738499237127847e-05 0.00024764517514800786 1.6055748275245498e-05 0.00012673467552041327 1.775611785684004e-06 6.439709583522797e-08 8.242034094262148e-07 2.830191674882138e-07 2.2831526626934994e-06 0.0 1.6727149593569873e-07 0.0 2.399479897956938e-07 1.5151423384673886e-07 7.875166196811259e-06 1.9953943560688645e-06 1.972788810697588e-06 1.4364863804643899e-05 9.024321534460599e-07 1.185444529375133e-07 1.0648149269676546e-06 4.2932942254446534e-05 4.481994459612351e-08 1.190357918038798e-06 0.0 2.496897069067263e-07 1.0313597153069231e-07 7.82316226877192e-07 0.0 1.939870459330307e-07 6.751318925143154e-07 8.445050283021728e-07 5.023138916228624e-07 8.45366124344728e-06 3.465063950041549e-06 5.717919684045848e-06 5.050158130158283e-06 3.3406863991843847e-07 1.1893252717617235e-07 0.0 4.54661327439871e-08 0.0 0.0 0.0 1.6747110494980002e-07 0.0 0.0 1.2690882625700932e-06 0.0 0.0 0.0 0.0 1.790981285491089e-07 0.0 0.0 0.0 3.612760894378006e-07 1.007657585516156e-07 0.0 0.0 6.207368070640757e-08 4.505728794608281e-06 2.4344186244342793e-07 4.2322832796803616e-06 1.5744871923748011e-06 5.138935194547467e-07 1.856345200389342e-07 0.0 0.0 0.0 2.5453849451981077e-07 1.9876121954933114e-07 0.0 0.0 2.3015886391903741e-07 0.0 0.0 1.566558492266571e-07 3.5962644896851693e-07 1.1896013275187114e-06 5.560789110251185e-08 1.6975767884903705e-07 2.1301452498689624e-07 3.350377336663438e-07 0.0 0.0 4.7121843372349466e-08 0.0 1.5301031012316407e-06 2.546054395790007e-07 0.0 4.6423315808589566e-08 5.8913346185752404e-08 0.0 0.0 0.0 0.0 8.123055683442405e-08 4.6973933006245775e-06 0.0 6.106133761665806e-08 0.0 0.0 4.618372303358467e-07 1.6051662637910415e-07 4.400689423095869e-08 1.5362351447372682e-07 5.972422585163206e-07 3.6026015667867446e-07 4.107680548018316e-08 6.160486165362237e-08 4.099067507880875e-08 0.0 0.0 0.0 0.0 4.473155684080192e-08 0.0 0.0 4.950486945637999e-06 3.4613722361348202e-06 5.658083353057883e-06 5.2884389202172434e-05 4.906404835160354e-06 9.60297806119286e-05 4.735061799953187e-05 2.5085212447611025e-05 1.2898280407795724e-05 1.629106693902529e-07 3.0890897394547944e-06 3.0565625342339432e-06 9.059054282806173e-08 1.3810357827381189e-06 2.880514788437509e-07 1.09856447418634e-06 1.6083078419100898e-07 0.0 0.0 4.225657820196117e-06 5.690625870157524e-07 1.9566303050276993e-05 5.415162237473492e-06
