0.0 0.0008038643351855179 0.00017233076050029772 0.0006647230124240359 0.0001015062175658048 4.269982616193864e-05 0.00022391883365205213 7.711278118906461e-06 2.25565526608059e-05 0.0006969978850225062 2.371679382969931e-05 6.41040285450173e-06 1.9424583920574662e-05 1.572734180747042e-05 1.0401197590205797e-06 1.0849018981620662e-07 2.1920769013380744e-07 1.2208142147520027e-07 1.4528236789118917e-07 0.0 0.0 0.0 0.0 0.0 0.0 0.0 0.0 0.0 0.0 0.0 0.0002477606157099026 1.8720324556062114e-06 1.509529451197606e-07 0.0 0.0 0.0 9.678876871741174e-07 3.437457251437016e-07 4.632644535056835e-08 0.0 0.0 0.0 8.240021009450998e-08 0.0 0.0 1.0221073121639462e-07 1.161242331267374e-05 2.560960758784614e-07 1.3982334327594745e-07 3.715330436940815e-08 5.970752764332267e-08 0.0 0.0 0.0 3.870288554167613e-06 3.041245704434482e-06 9.300804961190248e-05 0.0006261531153008551 1.913683694429309e-05 1.0346669165612106e-05 2.848398679730378e-07 6.771507192044715e-08 6.078860493908216e-08 1.3460991732706206e-05 6.985949937016038e-07 2.842900246166477e-07 0.0 2.01039295969107e-07 1.1964711563490536e-07 0.0 3.648643643505045e-07 0.0 0.0 8.660120488711521e-05 1.291534698013307e-05 9.664789451255306e-06 1.1934567488173289e-06 2.7577859332534226e-07 2.230210829527538e-07 2.5322955354126383e-06 3.325479215569596e-07 4.738605985093629e-07 2.5078897079313133e-06 1.4683144120604056e-07 2.7914585520661157e-07 8.561678684430104e-07 1.760831497322607e-07 5.3857341344415306e-08 4.148786250198913e-08 0.0 0.0 6.290529170198184e-08 0.0 4.749443544333299e-08 8.469125358700088e-08 1.898831980006193e-06 0.0 0.0 6.590363730030527e-08 0.0007044149853919059 0.0 0.0 5.5095592150138544e-08 1.3090954989744812e-06 0.0 4.818975247478183e-06 6.210390646880168e-08 7.712028931507939e-07 5.514355664384962e-07 5.661106786088154e-07 2.1030206771885622e-07 2.1780323093959967e-06 1.586917302028747e-06 7.4527361144986e-07 4.343883824225385e-07 0.0 7.910616623665608e-08 1.8635028247247221e-07 0.0 0.0 0.0 0.0 0.0 0.0 0.0 0.0 0.0 0.0 0.0 0.0 0.0 0.0 0.0 0.0 0.0 0.0 0.0 6.318860991241614e-08 0.0 1.8763172902682963e-07 0.0 1.6269542168751534e-07 0.0 0.0 0.0 0.0 0.0 0.0 4.929475228103703e-08 0.0 0.0 0.0 0.0 0.0 0.0 0.0 0.0 0.0 0.0 0.0 0.0 0.0 0.0 0.0 5.027811374436447e-08 5.0879598560848374e-08 4.784579999035948e-07 0.0 0.0 0.0 0.0 0.0 0.0 0.0 0.0 0.0 3.9366717150962856e-07 0.0 0.0 0.0 0.0 5.497444733708106e-08 0.0 0.0 2.0339267904144837e-07 0.0 3.6989140852910184e-08 0.0 0.0 0.0 5.813012709748841e-08 0.0 0.0 0.0 0.0 0.0 0.0 1.0178612700709574e-06 1.5822778130576484e-07 3.485005131578527e-07 9.921000824209652e-05 1.243474419246001e-06 3.378481963042912e-05 4.872914934509327e-06 0.0005101800274460539 5.090807969000513e-06 7.842326849932137e-07 1.837143549427651e-06 3.888665996084015e-06 0.0 0.0 5.3400656546028294e-08 1.1789445411754639e-06 0.0 0.0 0.0 2.1869142962775965e-07 0.0 0.00010788091305059084 2.458171532397991e-07
0.0008038643351855179 0.0 0.0005249957069068317 0.0007748437265800046 0.0014233170332935312 0.0001021794891297367 0.001942824535002862 0.00016187359165897126 0.0005669209080002207 0.0010094692156128481 0.0002270249788000058 8.782950097601409e-05 0.00038806496346283857 0.00017095057584800292 4.248640563985064e-06 1.0369016183715778e-06 1.5144424225350473e-07 4.508248319804279e-08 1.2181125706693073e-07 0.0 6.73494637597306e-07 0.0 1.5786365180027672e-07 4.933347927783907e-08 1.924889212924295e-07 0.0 7.5729409487224e-08 5.5523562841008386e-08 7.067067749757932e-08 4.085688654630488e-08 0.0005745996970080903 9.71852472321732e-06 2.7323511191066454e-06 6.058007848711784e-08 1.247630856799318e-07 3.897843376313978e-08 7.3209323283440275e-06 5.368750975882899e-07 0.0 0.0 0.0 0.0 8.957935991057964e-08 3.072019250823265e-07 1.0767564750224703e-07 8.094116098201127e-08 4.9991562344439734e-05 9.039664773648662e-07 1.5030306467173293e-07 8.55632503449123e-08 1.1170276665606725e-07 0.0 1.1115713959817763e-07 0.0 6.781732538840614e-06 5.507068503886308e-06 6.587657796208362e-05 0.0006196941177504395 3.678148522395975e-05 2.8108640062436814e-05 4.839067427831465e-07 7.224952686324822e-07 1.7557038095086532e-07 4.9426771347589836e-05 1.6971210237516256e-06 3.296617898252588e-07 4.606181196529278e-08 3.112055070612363e-07 3.852678557265048e-07 5.636860610749503e-08 4.584005810626383e-06 0.0 0.0 0.00016344850718535308 3.863759352011172e-05 3.617073276698325e-05 9.942416389845049e-06 1.0057676079685386e-06 3.0114556211460824e-06 2.9139528117860512e-05 7.284140337150085e-07 3.3963861533208627e-06 6.600182341722945e-06 2.480825415722853e-07 5.714804790036903e-07 1.426011800691731e-06 5.399207601539216e-07 1.332322392347183e-07 2.7251397503439474e-07 0.0 4.3042437332302255e-08 0.0 5.251354209574866e-07 4.190547932764559e-08 0.0 7.413478631281365e-06 6.945404259855398e-08 0.0 6.744992575983295e-07 0.0007164706807361415 1.492023320808644e-07 1.009314649408108e-07 1.0057512935818055e-06 1.2188752157912265e-06 5.40390356136986e-08 8.216041986129436e-05 2.0249007313672497e-07 8.200146113907075e-06 5.238255052081299e-06 3.930680102473804e-06 9.85144754319e-07 1.3373541521572992e-05 6.8944290404969075e-06 6.929293370179701e-06 2.5666183559775996e-06 5.341125532375958e-07 1.0124999219447712e-07 0.0 0.0 0.0 0.0 0.0 1.4284816696656452e-07 0.0 0.0 0.0 0.0 1.0812250957100155e-07 0.0 0.0 0.0 0.0 0.0 0.0 0.0 0.0 0.0 5.664144127529681e-07 4.9266507015421603e-08 3.705539929533578e-06 1.2656555656749185e-07 7.52022098832394e-07 7.231636699749337e-07 2.1602997480402098e-07 0.0 0.0 0.0 0.0 1.0978404920580719e-07 0.0 0.0 0.0 1.1751724884092333e-07 0.0 0.0 0.0 9.374709884875807e-08 7.131744326164475e-08 7.70344817390886e-08 0.0 0.0 0.0 0.0 7.114657497809123e-08 0.0 1.369622011454678e-07 1.445993475336648e-06 0.0 0.0 1.2510054037624444e-07 0.0 0.0 0.0 0.0 0.0 0.0 7.544361667677479e-06 0.0 0.0 0.0 0.0 1.7564843820957358e-06 0.0 8.117914250841419e-08 5.545338081480251e-08 0.0 9.499722938697474e-07 1.9978848479047918e-07 0.0 0.0 4.8407657502445544e-08 0.0 0.0 0.0 4.3428736830372113e-08 0.0 0.0 7.523521835307289e-06 1.6891449476183639e-06 2.4662181446478463e-06 0.00022529264419541935 4.1648799402619104e-06 0.00013919540198963372 1.2560579598255842e-05 0.00036029937804930374 4.0109780444971295e-05 1.416025884569933e-06 9.653476860089407e-06 1.5018325340241737e-05 1.1374513705962803e-07 8.233869180764113e-07 4.237394156574745e-07 4.8923314874533694e-06 1.739585352790234e-07 0.0 1.6552997097418688e-07 2.4586551116727383e-06 0.0 8.855216917190019e-05 3.855863475711323e-06
0.00017233076050029772 0.0005249957069068317 0.0 2.263729266238317e-05 0.0004587601670606007 1.0797269035445096e-05 1.6784518385686028e-05 0.0011634659740513576 0.0003087670705828071 3.432944012737782e-05 0.0009048121143524094 5.7158462278973914e-05 0.00023659943552142956 0.0003750191569777559 7.3422472254266e-06 3.1100657875379775e-06 3.5382601946817014e-07 1.4748081346879018e-07 1.4502507532422036e-07 8.944264954638633e-07 4.189520336231738e-06 0.0 3.4335953875783883e-06 1.0642886180674432e-06 2.320853086815382e-06 4.975982475940356e-07 8.811487583849758e-07 3.55542941462439e-07 1.8895332549676756e-07 1.0135924547202822e-07 0.0018573310133468228 0.00023004860160618886 8.727244061164405e-06 1.8778171351834706e-06 1.526787144557896e-06 5.683916895403331e-07 1.3553663862318388e-05 1.0854481645498216e-06 2.7461023930634626e-07 3.731423582753772e-07 1.295985561395791e-06 1.3430796222481596e-06 1.3289356391015397e-06 2.9938388834116997e-06 3.3404114694906084e-07 2.7055500996583614e-06 5.123520737295873e-05 1.1361508425043857e-06 2.395416912713029e-07 7.030447328471084e-07 5.924812716838211e-07 1.8414395838375406e-07 4.269263209442569e-08 3.7493132782761464e-07 5.392890973284584e-06 4.739121691513792e-06 4.4952719306937695e-05 0.0005959692516336588 2.5802403957953172e-05 2.3619693275215768e-05 1.4403398000225629e-05 4.047808042048366e-06 6.263402043339052e-07 0.0001362503397849231 1.4771879433947017e-06 6.02840238421698e-07 6.220784183331413e-08 2.1124784412688065e-06 3.6247750367135262e-06 4.1918899648399035e-06 3.899326844548741e-06 0.0 0.0 0.00011615846054125397 4.16861613285203e-05 4.069472201758081e-05 2.181863089036543e-05 1.11933266514876e-05 4.428884122656624e-05 0.00035882516377665316 1.541086903213173e-05 4.167701035097449e-05 4.897951275661668e-06 1.2838299105252942e-07 6.783588395411283e-07 1.038302750755453e-06 1.3103472839016743e-06 0.0 5.916071372691273e-08 0.0 2.189390896247484e-07 7.998163504753164e-08 5.663869828788278e-06 5.669141555981718e-07 7.270126980570224e-07 2.6924702564839757e-06 7.188716158032856e-08 0.0 2.3592885787060689e-07 0.00023470501668795024 2.1897038072341745e-07 1.4493171349210606e-07 0.0 0.0 3.455113280089929e-07 1.5871665554324782e-06 0.0 2.539912852411286e-06 9.67863477883194e-07 1.0542941972191209e-06 3.7649119434204884e-07 2.9011027158972568e-06 2.042488253366067e-06 2.399785142218549e-06 1.694966905044729e-06 0.0 0.0 0.0 0.0 0.0 0.0 0.0 0.0 0.0 4.250772150412455e-08 2.7027682868890925e-07 0.0 0.0 0.0 0.0 9.357559779256801e-08 0.0 5.9444687660286406e-08 0.0 0.0 4.627475471125403e-08 0.0 5.3886553801366335e-08 0.0 1.7181135608799488e-06 2.8352290090705214e-07 1.477624405697637e-06 4.1329909665311866e-07 6.875761565767172e-08 0.0 1.6854231297865217e-07 0.0 0.0 8.739632054344027e-08 0.0 0.0 0.0 4.280237388556667e-08 0.0 0.0 1.7272821544225241e-07 0.0 2.780388407899834e-07 0.0 0.0 0.0 0.0 0.0 0.0 0.0 2.9976332864943205e-07 6.674824516676007e-07 0.0 0.0 0.0 0.0 3.8110036924165806e-08 0.0 4.3108311258796175e-08 4.174995168225976e-08 1.2014867155403668e-07 2.350354560209226e-06 1.1566650690917803e-07 7.636837214831036e-08 0.0 1.7024568445837801e-07 6.968308662129264e-07 2.0442483940592728e-07 3.67942577002849e-07 0.0 0.0 7.601740955944573e-08 5.904733267345795e-08 0.0 0.0 0.0 0.0 0.0 3.654510167140988e-08 4.785543059317071e-08 8.588088909399572e-08 0.0 1.9959175512205653e-06 8.479202410474622e-07 2.2313654559867973e-06 0.00012447826472300835 5.605625425575521e-06 0.00011443247913295121 1.3467141364721244e-05 0.00010327364208515822 2.9902097995572576e-05 1.1586694796943783e-06 1.1966698974475928e-05 3.0490701446380037e-06 9.276785532549016e-08 2.540862621188427e-07 0.0 8.031724945741483e-07 0.0 0.0 0.0 2.807514334785985e-06 0.0 3.5850469454048664e-05 8.471766479555477e-07
0.0006647230124240359 0.0007748437265800046 2.263729266238317e-05 0.0 1.6733902676264916e-05 0.00012213026203770867 0.0009354280450510213 7.16060869259315e-07 5.106917186582716e-06 0.00043873057318980597 1.4358544511871104e-06 6.666655389152152e-06 6.315595868044002e-05 8.288012220593231e-06 4.772362503656421e-07 0.0 0.0 0.0 0.0 0.0 0.0 0.0 0.0 0.0 4.2830665051787856e-08 0.0 0.0 0.0 0.0 0.0 4.5474783993762934e-05 6.848887875824128e-07 6.222656600184918e-08 0.0 0.0 1.4187795930540184e-07 3.6502577383065694e-07 0.0 0.0 4.999571682466004e-08 0.0 0.0 0.0 4.168214009447986e-08 0.0 5.8010339630915555e-08 6.746145897553904e-06 5.116889368587547e-08 4.418067399669077e-08 0.0 0.0 0.0 0.0 0.0 1.147157765143463e-06 1.0932424480553591e-06 2.170808578944445e-05 0.00016443397029643778 7.796580680039576e-06 3.89668008119746e-06 1.2292625818896096e-07 5.0589214935741887e-08 0.0 5.608985717121948e-06 2.475127183379312e-07 1.2269646008484197e-07 0.0 0.0 3.88692591723414e-08 0.0 1.3602373047457297e-07 0.0 4.4070824011264805e-08 3.258273348248507e-05 5.636392808168674e-06 4.6566194542085235e-06 5.051139242584589e-07 2.124588027602809e-07 3.9961677196338105e-08 2.40673383820756e-07 4.806225872272188e-08 1.0802159381062515e-07 1.3125459819326067e-06 4.509371901060974e-08 8.775716487700191e-08 2.2036038221039545e-07 9.990492740053739e-08 0.0 0.0 0.0 0.0 0.0 0.0 5.061819133243476e-08 0.0 1.1532241236238086e-06 1.1262695895995632e-07 0.0 0.0 0.0003624191220810651 0.0 5.834662058316663e-08 4.492078651124294e-07 1.2855858185269263e-06 0.0 4.289290894526838e-05 1.80876802445031e-07 2.304859155161773e-06 2.823506027145755e-07 6.343162247307176e-07 0.0 2.6873088513964776e-06 1.7061486532552996e-06 1.4850968997278847e-06 2.4622264574830575e-07 0.0 0.0 0.0 0.0 0.0 0.0 0.0 0.0 0.0 0.0 0.0 0.0 0.0 0.0 0.0 0.0 0.0 0.0 0.0 0.0 0.0 0.0 1.9737434898780077e-07 0.0 4.2647147217010034e-07 0.0 7.438199720516116e-08 1.3106713388997198e-07 0.0 0.0 0.0 0.0 0.0 0.0 0.0 0.0 0.0 7.486493715004244e-08 0.0 0.0 0.0 0.0 0.0 0.0 0.0 0.0 0.0 9.790637240378854e-08 0.0 0.0 0.0 0.0 0.0 0.0 0.0 0.0 0.0 0.0 0.0 0.0 0.0 7.92078793561268e-07 0.0 0.0 0.0 0.0 0.0 0.0 0.0 0.0 0.0 0.0 0.0 0.0 0.0 0.0 0.0 0.0 0.0 0.0 0.0 0.0 1.078798684773911e-06 2.3091162002856854e-07 1.0810268706654294e-07 6.239245649913132e-05 3.022755278177004e-07 1.7363301342876233e-05 1.8153456927285105e-06 0.00026629456370867407 3.938780034834478e-06 5.279319809356629e-08 4.6503676113803036e-07 3.5477217160543883e-06 0.0 7.522538149261103e-08 0.0 8.491239352542784e-07 0.0 0.0 0.0 1.7744063064005826e-07 0.0 6.981254753561361e-05 7.81809969055873e-07
0.0001015062175658048 0.0014233170332935312 0.0004587601670606007 1.6733902676264916e-05 0.0 4.13714127963225e-06 0.0007424932156519629 9.630284786588374e-05 0.0010111386211557765 0.0003174064850184311 0.00041206368679325936 2.087446543622968e-05 0.0001408488664587341 0.00034521811084113445 2.4267483252283654e-06 2.352588336138803e-07 1.4186639235275052e-07 0.0 5.104018838732655e-08 0.0 0.0 0.0 0.0 0.0 9.611742252323929e-08 0.0 3.770263298329078e-08 0.0 0.0 0.0 6.662396332925984e-05 2.65699882243911e-06 5.213770806693647e-06 0.0 0.0 5.098329130787322e-08 2.4045574609854852e-06 0.0 0.0 8.761560085161103e-08 0.0 5.036969856731297e-08 0.0 5.354335169348976e-08 0.0 1.9332348610634425e-07 2.6621669227856814e-05 3.0041273041971396e-07 8.754373361745081e-08 4.9838451513484774e-08 0.0 0.0 0.0 0.0 2.6697493025382555e-06 2.230482233252163e-06 1.3750791531614995e-05 0.0001024509662789379 1.3118709905746144e-05 1.0788266061123946e-05 2.519573920237286e-07 5.595723701000533e-07 4.249856433327558e-08 1.7197595772577483e-05 5.509931534498854e-07 2.75876096047819e-07 0.0 1.1729994225880024e-07 1.7108401312196498e-07 8.837630175501497e-08 3.91101396498595e-06 4.353966548003344e-08 0.0 4.703709446955778e-05 1.4550250168833787e-05 1.735094575552428e-05 4.5091022907385875e-06 3.561515605445038e-07 3.49630894261427e-07 1.5027044114405101e-06 1.5008602365740034e-07 1.3137241652384645e-06 2.3024416555004154e-06 1.0118328877846484e-07 2.6885170668129605e-07 3.36440673244649e-07 0.0 0.0 0.0 0.0 0.0 1.8684923517153403e-07 0.0 0.0 0.0 7.327366537557542e-06 3.531630770191893e-07 0.0 1.6036516268463256e-07 3.2001697179314165e-05 6.197513559795879e-08 1.8515293238509515e-07 8.883885658515565e-07 2.2594056803176812e-07 3.7367970355254196e-07 9.710121587848077e-06 3.8466073497135655e-07 1.4263471501895467e-05 5.9381791732307994e-06 8.159328613359129e-06 2.2594370271528e-06 1.7829823388601565e-05 1.325353900410492e-05 1.1609396649680276e-05 4.6586272942420954e-06 1.527785794201556e-07 0.0 0.0 2.0526158122000084e-07 0.0 0.0 0.0 0.0 0.0 0.0 0.0 0.0 0.0 0.0 0.0 0.0 7.617240279063594e-08 0.0 0.0 1.5346555411486611e-07 2.0854466794753706e-07 0.0 4.779732436061712e-07 0.0 7.277182143014298e-06 0.0 3.0886557319424387e-06 9.423698224384481e-07 1.68126338738959e-07 0.0 0.0 0.0 0.0 1.7955665184417445e-07 0.0 0.0 0.0 5.219752921169351e-07 0.0 0.0 8.283487571659131e-08 0.0 0.0 0.0 0.0 4.1552897103120595e-08 4.105860003692861e-08 0.0 0.0 1.9564399450911787e-07 0.0 2.74527695263425e-06 0.0 0.0 0.0 0.0 0.0 0.0 0.0 0.0 0.0 1.008850083475712e-05 0.0 0.0 0.0 0.0 1.5971880248520517e-06 3.911852110047114e-07 1.1429967375295697e-06 5.97521233604325e-08 4.254568196081039e-07 1.5666711153072982e-07 0.0 0.0 0.0 0.0 0.0 0.0 0.0 0.0 0.0 0.0 1.131976625023566e-05 1.8875961838323411e-06 3.011920082818531e-06 0.00016876521311023017 2.581038749293487e-06 6.643820830223596e-05 5.236967058133392e-06 7.059891025461015e-05 1.99509737493511e-05 3.385997492169674e-07 8.421596887957586e-06 1.4211126513381295e-05 0.0 8.072617565909371e-07 0.0 4.798617578021188e-06 7.112499513615497e-08 0.0 6.147589438080358e-08 1.5572519241289656e-06 2.0176244034115582e-07 3.7540374023906197e-05 7.072448195814725e-06
4.269982616193864e-05 0.0001021794891297367 1.0797269035445096e-05 0.00012213026203770867 4.13714127963225e-06 0.0 1.6773641522413368e-05 2.3103574182377095e-07 2.0273683610473256e-06 0.00018162388689439314 2.036261144407123e-06 1.726223891694996e-05 1.5769265561796384e-05 6.234097358956559e-06 2.76261474255159e-07 1.7376203478576807e-07 0.0 0.0 0.0 0.0 0.0 7.934992074781762e-07 0.0 0.0 0.0 0.0 0.0 0.0 0.0 0.0 1.3610095962078104e-05 0.0 7.244427231405623e-06 0.0 0.0 0.0 1.2514504698060678e-05 4.2608452350632047e-07 1.8986877832532004e-06 1.592454731435855e-07 0.0 7.542121314846822e-08 0.0 0.0 0.0 2.7348822194886426e-07 4.694540780627955e-07 0.0 0.0 0.0 0.0 1.953176903813901e-06 4.726609238841655e-07 3.871814257516904e-07 0.0 1.1792628225330278e-07 5.008102121853877e-05 1.3074919970491819e-05 3.5599216085516076e-07 3.0024985212017724e-07 0.0 1.7740211216315098e-06 0.0 5.723305221575901e-08 0.0 0.0 0.0 0.0 1.5906100188765376e-07 1.9665972245673497e-07 5.7922054609072336e-05 6.730188878511724e-05 1.7517330267911729e-06 7.788221183031947e-07 1.3545649734582952e-07 1.3754393558701647e-07 2.2222212389444947e-07 1.6025153901369024e-07 1.4952897390590602e-07 2.886261302553657e-07 1.5535610826487816e-07 2.3929845412554054e-07 0.0 1.6959839805029866e-06 0.0 2.527524396946993e-07 2.0868976631957147e-07 2.2208066773548208e-06 1.441522264543492e-06 2.12224284762444e-06 6.075334638876817e-07 9.38193293534267e-07 2.80718859130137e-07 1.3921528483699586e-07 5.369331356256578e-07 0.00015337975014535153 0.00012282100325416244 1.4784735734614124e-06 7.679924172472308e-06 0.0001119479273650724 0.0 0.0 1.0386575296518247e-07 0.0 0.0 7.071884952760071e-07 0.0 1.578400506923797e-06 2.3839040244180525e-07 5.734426741634486e-07 1.0286737544654238e-07 8.379019912275216e-07 1.2435347719853448e-06 6.572035683723152e-07 1.772547561370362e-07 4.725780470618525e-08 0.0 0.0 0.0 0.0 0.0 0.0 0.0 0.0 0.0 0.0 0.0 5.027853668566039e-08 1.0748249119598273e-07 0.0 5.390246163987662e-08 2.7691057767150346e-07 8.06147552172278e-08 2.0644428245691129e-07 0.0 0.0 6.119811702920737e-08 0.0 1.1748921012803379e-07 3.261558589353761e-07 0.0 1.589001727223027e-07 9.252945085779132e-07 4.175578663283617e-07 0.0 0.0 0.0 0.0 0.0 1.803622697689286e-07 0.0 0.0 5.620677368604668e-08 0.0 0.0 0.0 8.671800106366858e-07 0.0 0.0 0.0 0.0 0.0 0.0 0.0 0.0 1.0331519159217377e-07 1.3986959141486458e-07 0.0 0.0 0.0 0.0 0.0 0.0 0.0 0.0 0.0 4.840732275588499e-07 2.4628155458573717e-06 0.0 0.0 0.0 9.329511886246138e-08 4.405005070854405e-08 2.0216687057850057e-07 0.0 0.0 5.8281763027228787e-08 0.0 5.104844393913379e-08 0.0 0.0 0.0 0.0 0.0 0.0 7.77609506264403e-08 0.0 9.448889198120394e-07 1.0788198154456335e-06 7.62067984095616e-07 4.631013528177121e-05 0.0 1.423566626243715e-06 2.6397973114202693e-07 4.713526787857139e-05 0.0 7.764126151830835e-08 0.0 2.7741807640763475e-06 0.0 2.279574504846737e-07 0.0 6.285282206381552e-07 0.0 0.0 0.0 0.0 0.0 6.26658162157771e-05 1.4824169338455664e-06
0.00022391883365205213 0.001942824535002862 1.6784518385686028e-05 0.0009354280450510213 0.0007424932156519629 1.6773641522413368e-05 0.0 1.8597106511000949e-06 0.00037957974546978937 0.0014054625000351141 1.3591247976658993e-05 5.5089674375197646e-05 0.0002560649365665384 0.00020816949035312374 1.1438695145977792e-06 2.3909780946330803e-07 0.0 0.0 0.0 0.0 0.0 0.0 0.0 9.338831020661145e-08 0.0 0.0 4.8938599645106924e-08 0.0 0.0 0.0 1.8474082553372632e-05 5.760847163095655e-07 1.7745494933402487e-06 0.0 0.0 0.0 2.0328097663871853e-07 9.419676413307857e-08 2.523199838589238e-07 3.7964400859321096e-08 0.0 0.0 4.543057044181808e-08 0.0 0.0 0.0 8.967543014072296e-06 5.096310815579796e-08 0.0 3.961286865732946e-08 0.0 0.0 0.0 0.0 1.3640148098482012e-06 1.180144838737454e-06 7.914549036755286e-06 6.217034241870558e-05 7.131904122566195e-06 4.592389939866233e-06 7.096341188942362e-08 3.6516868864530304e-07 0.0 5.507462095023465e-06 2.7679984246010925e-07 7.362583390449796e-08 4.759688887400235e-08 7.103767579092738e-08 3.8070001760099646e-08 0.0 1.4216270600825965e-06 3.4962082235707753e-07 4.6440396882980395e-08 2.59145980250216e-05 7.182596745009484e-06 6.569534238411089e-06 2.0027737673248155e-06 4.0751719406250756e-07 1.0131077771096117e-07 6.561884371325729e-07 1.2245867527532087e-07 1.3251438654679057e-07 8.106259660819235e-07 0.0 1.923821335331306e-07 1.0189453505777794e-07 8.614256516881448e-08 0.0 3.5976143991335776e-08 0.0 0.0 0.0 0.0 4.266052789931179e-08 0.0 1.3787037774442305e-05 1.5902922555400959e-07 0.0 8.327845261341931e-08 2.6598412758100934e-05 0.0 3.2982844181031184e-07 1.4435889557108759e-06 2.2952958721461184e-06 3.4013483924013574e-07 2.842066550185457e-05 1.0824567269926654e-06 2.3629598383321128e-05 9.047480650110592e-06 1.1392916242396097e-05 2.0267197002439653e-06 3.06118861929645e-05 1.911891767566615e-05 1.637489571444427e-05 6.3403167343329534e-06 8.965582048393049e-08 0.0 0.0 0.0 0.0 0.0 0.0 0.0 0.0 0.0 0.0 0.0 0.0 9.730609411751314e-08 0.0 0.0 6.895039492324587e-08 0.0 0.0 0.0 4.6938982377196174e-08 0.0 3.7893245084550163e-07 0.0 6.0367997918463495e-06 5.55880092586632e-07 2.6542238783676317e-06 1.0902228045759634e-06 4.50540123637362e-07 0.0 0.0 0.0 0.0 1.2432645944626166e-07 2.152580905458852e-07 0.0 0.0 1.6789016700786886e-07 0.0 1.820708640818669e-07 0.0 0.0 0.0 5.1932351904239714e-08 0.0 0.0 0.0 1.9016316054891108e-07 0.0 3.9489305538071434e-07 3.4795275500040994e-07 2.875349485969713e-06 1.719006144059543e-07 0.0 0.0 3.9156701880064623e-08 0.0 0.0 0.0 0.0 0.0 1.3026556600516701e-05 0.0 0.0 0.0 0.0 2.0348575825697574e-06 3.869761713571938e-07 8.030191734364534e-07 7.629293122413033e-08 1.2606721369076367e-07 4.78245571900141e-07 1.3049425826533486e-07 4.617752739241188e-08 0.0 0.0 0.0 0.0 0.0 0.0 0.0 4.971269696816322e-08 1.584341582979337e-05 1.2398518385238102e-06 3.762701045664268e-06 0.00014590318286256262 9.508837913775291e-07 3.2342199784043485e-05 3.2514802458050374e-06 9.537570488417543e-05 1.1301641484596735e-05 2.0436577516215919e-07 4.213432981375869e-06 2.327626545111033e-05 0.0 1.7389801500246836e-06 2.3313456669380092e-07 1.4606262412474009e-05 4.886478130734049e-07 0.0 8.17254449609314e-08 8.148027146532894e-07 0.0 5.4604546420569356e-05 1.7266938758660404e-05
7.711278118906461e-06 0.00016187359165897126 0.0011634659740513576 7.16060869259315e-07 9.630284786588374e-05 2.3103574182377095e-07 1.8597106511000949e-06 0.0 0.00013594234664159177 3.26384667881441e-06 0.001422229325724121 3.9629292051443626e-05 0.00020778760936539435 0.0004906627371736869 9.442033211519171e-06 5.603858252253792e-06 2.554179042642125e-07 6.267244448619459e-08 3.2900797503959463e-07 3.329092993211325e-06 1.690766135702785e-05 7.207752450687097e-08 6.504769965618626e-06 2.892325123386227e-06 2.5665030405414734e-06 4.806102071781226e-07 7.096946454001592e-07 2.2902023966765282e-07 0.0 6.066479789089064e-08 0.0004149989551168682 0.0002190068818949305 3.234034625528925e-06 5.209195322838666e-06 2.7510916118642997e-06 3.4851427678235106e-07 1.0120197688223826e-05 6.946679018035773e-07 1.0182765131795729e-07 1.910583666202632e-07 2.113274528260636e-06 9.324922219103978e-07 1.7156925793297828e-06 4.082950968736427e-06 1.1419571281524991e-06 5.553081477607072e-06 5.165062042528868e-05 3.76665475663502e-07 4.842795966823435e-07 1.8502178615790427e-06 1.021275429256854e-06 0.0 1.0030164305749991e-07 6.064645273021455e-07 3.6426809974434127e-06 2.947536103102015e-06 1.5930712965684993e-05 0.00014918223710057416 1.3289559206120555e-05 1.4534564128607765e-05 6.549132791251352e-05 1.2879300109865486e-05 9.682079357004994e-07 6.705805378396488e-05 1.0334401815617496e-06 1.067064345727834e-06 3.1872523937203967e-07 3.1421618680805015e-06 8.246440933740277e-06 1.5722689059781482e-05 6.556842124210781e-07 1.0126982453477981e-07 0.0 6.484695582569505e-05 4.234848098168916e-05 4.13530672782774e-05 4.485198322776113e-05 0.00012535193419407342 0.0005242504412230719 0.0003777685170843478 7.166081620501875e-05 0.0002892790267076105 2.3152007681920585e-06 1.1535801877371416e-07 4.3955559065805105e-07 6.452370706195377e-07 2.112369286349696e-06 1.1501544943847408e-07 5.696774015724111e-08 0.0 0.0 3.5308988522469144e-08 1.2166105235086404e-05 6.932920770465494e-07 6.486869535911735e-07 7.346580898333212e-07 5.1647296028015946e-08 0.0 8.440592230714258e-08 1.2674447276818389e-05 1.7864650840426245e-07 0.0 0.0 0.0 0.0 2.3678237307747076e-07 0.0 6.192216695463555e-07 2.1279143789298879e-07 2.143631172561766e-07 6.258693821489447e-08 4.229888882954756e-07 1.9387821132001827e-07 1.1333834753114721e-06 2.1097810823355196e-07 0.0 0.0 0.0 8.219247051007298e-08 0.0 0.0 0.0 0.0 0.0 0.0 7.690499613024176e-08 0.0 6.372221756882622e-08 0.0 0.0 0.0 0.0 0.0 0.0 0.0 0.0 0.0 0.0 0.0 6.742213720524485e-07 0.0 2.1469877527163525e-07 0.0 0.0 0.0 3.0705271204884726e-07 0.0 0.0 0.0 0.0 0.0 0.0 5.1779158632518195e-08 0.0 0.0 2.2292520314455212e-07 0.0 6.657237076642559e-07 0.0 0.0 0.0 0.0 0.0 0.0 1.389926341129165e-07 0.0 8.152213150633551e-08 0.0 0.0 0.0 0.0 0.0 5.662844287946875e-08 0.0 0.0 2.1582552694873984e-07 7.826846870639828e-07 5.182828867375408e-08 9.399453917856207e-08 0.0 1.768355754121692e-07 0.0 0.0 2.2612277704355886e-07 0.0 4.535795568350693e-08 1.2772898610721282e-07 1.7526360753088804e-07 0.0 0.0 0.0 0.0 0.0 4.2591349129203206e-08 1.3554377079045133e-07 0.0 5.325496802334843e-08 1.3751773617697205e-07 1.1211622947690247e-07 4.245925603808776e-07 0.00012075587060906113 5.582523129397153e-06 0.00010710636571799566 1.2124150907678387e-05 2.6873888945121074e-05 3.9859846604102766e-05 4.501798891261341e-07 1.2932036715790768e-05 6.364620813285773e-07 2.2786220672772326e-07 1.5812728520806965e-07 0.0 2.0458819310459503e-07 0.0 0.0 0.0 3.95058353625759e-06 1.866941960397381e-07 1.9901815584158343e-05 6.300013546793925e-07
2.25565526608059e-05 0.0005669209080002207 0.0003087670705828071 5.106917186582716e-06 0.0010111386211557765 2.0273683610473256e-06 0.00037957974546978937 0.00013594234664159177 0.0 0.00027106952987173436 0.0007391737784905027 5.197279847215667e-05 0.0004882924641538032 0.00031731863244586643 4.325222923118117e-06 6.866044440314089e-07 1.0904402980391248e-07 0.0 5.6871270198393956e-08 0.0 2.7937547298692223e-07 0.0 2.5501799195792034e-07 0.0 0.0 0.0 0.0 0.0 0.0 0.0 2.9268750578534545e-05 3.0044214844580652e-06 1.1585207981243415e-05 1.0065179582853437e-07 9.889106498468298e-08 1.1754745143951291e-07 7.0868123084307245e-06 1.8884243619048258e-07 5.135559931772326e-07 0.0 1.1402354062663138e-07 0.0 2.139393661424219e-07 4.838964577688415e-07 9.643708089897612e-08 0.0 2.5696715082106456e-05 3.155253704427449e-07 1.9460961452248904e-07 8.368547623498948e-08 4.410544618246606e-08 0.0 0.0 0.0 2.1804041248401653e-06 1.8730239972132077e-06 1.1762890944131578e-05 5.606236187560154e-05 9.715118370413017e-06 1.075521462832345e-05 8.635709673145796e-07 5.873620263027122e-07 1.2917337325478618e-07 1.306328675703746e-05 3.9284376054291333e-07 8.572650896375385e-08 0.0 8.646016129590681e-08 3.184645108168683e-07 5.0944380708648196e-08 1.0973206401574849e-05 2.2649800793841133e-07 0.0 3.7640179845341675e-05 1.4734503557540284e-05 2.0549772705003487e-05 9.140911546243505e-06 2.1663315597574915e-06 1.28892846456905e-06 1.5260456465007727e-06 6.575642815612887e-07 1.49265303449767e-06 1.5467583505860846e-06 1.1698131664669302e-07 2.6526285634710925e-07 2.5936955954354984e-07 1.0608542757294717e-07 7.65873082019379e-08 4.3008090564735546e-08 0.0 7.214654590347407e-08 0.0 1.5667601296963243e-07 7.318582741907506e-08 7.942103127770573e-08 2.1761168764619403e-05 8.734038704884645e-07 0.0 2.507320720743707e-07 1.0079922595134134e-05 1.081505476281681e-06 8.416731259816372e-07 3.935799085565737e-06 1.3529113024987626e-06 1.4760999154357844e-06 2.6964134303149536e-05 9.791776427841506e-07 4.548741349297979e-05 1.566111856425221e-05 2.3280135327903276e-05 6.4516372407442605e-06 6.361172967317449e-05 3.9984884726212405e-05 3.149749224442324e-05 1.5110141207167935e-05 2.0750908470931444e-07 3.5127475888440065e-07 0.0 1.7034749528056675e-07 0.0 0.0 0.0 5.344548832339632e-08 0.0 0.0 0.0 1.56453709778711e-07 2.55427586013413e-07 0.0 0.0 0.0 4.657124639554126e-08 4.447752436142581e-07 0.0 5.18848447772789e-08 4.757338448523889e-08 0.0 2.8628289121689713e-07 0.0 1.7239093979108843e-05 4.6869263947108467e-07 6.468378201477987e-06 1.982529574001103e-06 4.649200457334287e-07 0.0 0.0 0.0 0.0 5.358574746013781e-07 1.0651747686050021e-07 0.0 3.7248315344715104e-07 1.473594939055694e-06 0.0 0.0 0.0 0.0 1.2249994319851313e-07 0.0 3.1556243190328084e-07 0.0 2.8943206620574546e-07 0.0 2.435961671861556e-07 6.47326449800625e-07 1.1832299266448183e-06 6.779272813900569e-06 2.633144936627581e-07 0.0 4.6882249228477766e-08 0.0 0.0 0.0 0.0 0.0 1.568773199120337e-07 3.2739397990795735e-05 1.3787481010363205e-07 0.0 4.4662007420370466e-08 1.9738300453060108e-07 5.281959982692366e-06 1.2003194106780737e-06 3.7612416457399966e-06 9.210201261394825e-07 7.096309779813563e-07 1.5555149468485946e-06 5.560270007539792e-07 5.597893488207065e-07 0.0 0.0 0.0 0.0 0.0 4.522334232127383e-08 1.5975659933901763e-07 1.3988314520802232e-07 3.406143747370878e-05 6.170714940293556e-06 9.871818340220243e-06 0.00033447398473361264 2.1068503384936357e-06 7.940496266248793e-05 9.52512355033573e-06 7.286774757172752e-05 3.331198113349435e-05 3.688130819910732e-07 1.575432820962952e-05 4.410363341672836e-05 7.377567643199903e-08 2.4264742133680006e-06 6.114356678215427e-07 2.572091662566323e-05 2.2049521851842793e-07 0.0 4.117172929277462e-07 3.728015892274673e-06 1.0931225982951074e-07 6.845030886609833e-05 2.486317398284476e-05
0.0006969978850225062 0.0010094692156128481 3.432944012737782e-05 0.00043873057318980597 0.0003174064850184311 0.00018162388689439314 0.0014054625000351141 3.26384667881441e-06 0.00027106952987173436 0.0 1.6745791041350848e-05 0.00040562087912418353 0.0021332088716467627 0.0005039075105686179 1.242163337293396e-06 4.0412772284528017e-07 9.523829477836171e-08 0.0 4.563985097516267e-08 0.0 0.0 0.0 1.5500879805278608e-07 0.0 5.593407818723098e-08 0.0 4.7979880249842815e-08 0.0 0.0 0.0 5.678044052237555e-05 1.6089825822142698e-06 2.255677747869429e-06 0.0 5.2704927950076544e-08 0.0 2.9465186473244522e-06 3.8517234312314914e-07 5.418862765503682e-07 3.735062123772308e-08 0.0 6.470601836652302e-08 0.0 8.946173305109219e-08 0.0 0.0 1.3673550090601767e-05 4.632342148423324e-07 0.0 3.91981894704416e-08 4.3008034828285694e-08 1.214697106594761e-07 3.4752050243874565e-08 0.0 1.9434829384950343e-06 1.8654184373268643e-06 4.266743408478264e-05 0.0001820561779601084 1.1820112029403693e-05 7.901947215603736e-06 2.835472544570221e-07 6.45717551603396e-07 1.7618808835287042e-07 1.1058336792814379e-05 7.96093676925039e-07 1.3669941034165201e-07 4.2064265916040325e-08 1.0753645063666739e-07 1.2637044948548278e-07 0.0 1.2250441483552618e-05 7.943998940818563e-06 1.0529717647024356e-07 5.1236886495804135e-05 1.0730849993357179e-05 9.955485020157172e-06 2.308246455936071e-06 7.082085641094828e-07 2.7448637324309024e-07 1.0469237336782465e-06 1.1546070498602703e-07 6.279211195546949e-07 1.3016464208104e-06 5.62804274373553e-07 2.400280704830014e-07 1.8248765141800495e-07 3.28459718532718e-08 2.664866386261742e-07 1.5761972942404261e-07 2.6988708992402217e-07 8.935448628573568e-08 8.325843994930829e-08 5.445434757322299e-08 0.0 4.71123194576166e-08 7.371871481957266e-05 1.2698482365106994e-05 6.014109165086578e-08 1.7545338358539963e-06 0.0005044859704576728 1.8722045041910556e-06 3.874531884846248e-06 4.0911222483429705e-05 2.8452051759036562e-05 1.6847143523040758e-06 7.003649196826626e-05 6.398063283182573e-06 6.948249070222486e-05 4.525498596938126e-05 8.120154638425392e-05 5.4614781829433745e-06 9.051804453731243e-05 7.512481978655718e-05 4.768683319946514e-05 1.3119030819831305e-05 4.07104275491712e-08 7.188575571034648e-07 0.0 0.0 0.0 0.0 0.0 0.0 4.6090899834885346e-08 0.0 0.0 0.0 0.0 0.0 6.174795382836809e-08 0.0 0.0 3.4135247083802897e-07 4.775816393095214e-08 1.7873381791364596e-07 3.163583385713022e-07 0.0 4.7496281303407423e-07 0.0 1.1621606748505047e-05 4.1057916773625735e-07 3.496268012388391e-06 1.4190876451337275e-06 5.723903404827384e-07 0.0 4.6192674592312436e-08 0.0 0.0 0.0 1.2857355069595367e-07 0.0 5.203368240937529e-07 2.4054456016421653e-06 6.965717900795623e-08 2.771161238627081e-07 4.4572527468057525e-08 3.0671042467447113e-07 1.6084409616235402e-07 5.25027836494816e-07 4.1231379097127585e-07 9.235923829717721e-08 1.195635398119389e-06 1.931110226938517e-06 2.815813085620505e-07 6.734738774090444e-07 2.351461804128883e-07 3.893598711239162e-06 6.872533081088804e-07 1.2074613678890198e-07 2.1077191615525202e-07 0.0 0.0 3.96217241956263e-08 0.0 0.0 0.0 2.9724821331732134e-05 2.2131640002714914e-07 0.0 0.0 7.507101775544271e-08 3.291422270984881e-06 3.039427820779231e-07 1.5242573982437687e-06 1.829368422867788e-06 2.395503596007005e-06 1.1415303672704523e-06 4.703435695087305e-07 1.334713879479534e-07 0.0 0.0 0.0 0.0 0.0 5.443695124364022e-08 0.0 0.0 3.784706368183518e-05 3.50206758015499e-06 5.789766056165361e-06 0.0005330088830964813 7.366525236113961e-07 3.8028514523813064e-05 3.788092946023275e-06 0.0005725372349356402 1.0656580432964441e-05 3.4501919810711574e-07 4.1941059313344465e-06 6.611898372984554e-05 0.0 4.0343049788958065e-06 1.0458332631513801e-06 5.1093165027191e-05 4.251368628784296e-07 1.6843262692396104e-07 2.2560902467775434e-07 8.936995249484628e-07 1.979591554913206e-07 0.00044495968575937006 6.396378842424108e-05
2.371679382969931e-05 0.0002270249788000058 0.0009048121143524094 1.4358544511871104e-06 0.00041206368679325936 2.036261144407123e-06 1.3591247976658993e-05 0.001422229325724121 0.0007391737784905027 1.6745791041350848e-05 0.0 9.26048855427676e-05 0.000617274967450841 0.0008413309965922282 2.3157314037842455e-05 1.5945148745539652e-05 4.1778567759197425e-07 1.0098437522479246e-07 3.285514935153189e-07 9.951631352835286e-07 6.083821411706985e-06 2.722770164357773e-07 6.835041941703777e-06 2.6196184379371667e-06 9.027399479345464e-06 2.303522008222327e-06 2.62698582941607e-06 1.1538946921305749e-06 5.30321291067855e-07 4.069400103381584e-07 0.0001790740084598284 4.432590604440361e-05 0.00012343144622958328 2.5245363855421946e-06 2.513071883042918e-06 2.1883808075171463e-06 5.585507205808596e-05 6.2602357474242585e-06 1.9045842176910247e-06 1.9884426638015885e-06 3.2744687052025082e-06 2.2384554307617208e-06 6.286959152226818e-07 7.811462118711397e-06 9.172878659198304e-07 3.910610987174916e-06 7.663465663411156e-05 6.279606629265567e-07 3.025323974433733e-07 1.1737186654085618e-06 1.2574122463790824e-06 8.887723277018508e-07 3.047226432056169e-07 4.526823049081462e-07 3.974234213530193e-06 3.727700646914318e-06 1.934496342821463e-05 0.0001224933312424824 1.5942348156144015e-05 2.0280933083295964e-05 2.9314196138802758e-05 1.6515806826668573e-05 1.550802475914339e-06 3.992355898910611e-05 1.027039558477192e-06 8.643362943433212e-07 1.5166951259072704e-07 2.1179384035678515e-06 4.4586764852379615e-06 6.501815238710234e-06 1.5086132218291628e-05 5.6116814400265e-07 3.7303732457494123e-07 8.118912966057373e-05 4.7010640337380266e-05 6.85814985873918e-05 5.516932372264561e-05 2.544395969493714e-05 5.925545236408983e-05 0.00017151039160278643 2.234667607858797e-05 7.502723767898278e-05 3.7365681685478745e-06 1.2870253139813715e-07 7.520545784288904e-07 5.719863954803687e-07 1.7590172267007519e-06 0.0 4.574626825100082e-08 3.829115087864772e-08 4.037489576037842e-07 1.1245915290252987e-07 1.3616847059237939e-05 4.0494775028162796e-06 2.1793524960616148e-06 9.835737352688123e-06 6.045854220746556e-07 3.4141211539659844e-08 1.325066765564689e-06 2.398040007089089e-05 0.0 5.7014762049226784e-08 1.5909471293183068e-06 1.487467947976214e-07 3.759075779756641e-07 3.730731024578232e-06 7.733713066177695e-08 5.409217753180856e-06 3.1699682189891984e-06 2.8035022939811565e-06 1.8920734043262366e-06 9.79084527176e-06 7.598590249842659e-06 7.2878444930845545e-06 5.095721619011198e-06 4.1540038376278614e-07 3.220916258631848e-07 4.492748340962318e-08 0.0 0.0 0.0 0.0 5.107579086432224e-08 0.0 9.542757248343939e-08 6.234066933412169e-07 3.2739320484344295e-07 1.3441762565706566e-07 0.0 5.6157712495719415e-08 1.3519700154978425e-07 2.3070051002822297e-07 2.736199402943198e-07 0.0 0.0 4.8410863987619295e-08 0.0 1.4556765949980965e-06 1.0228813275216352e-07 1.2248387070797274e-05 9.229472630722847e-07 4.764459966850815e-06 2.42967495113019e-06 1.2222058588249442e-06 2.9986685090849266e-07 2.8684555067813813e-07 1.2597374366436434e-07 8.142770740305933e-08 4.553268322442042e-07 4.6316190827380257e-07 5.990010691340031e-08 1.060357860678185e-07 6.429414665740031e-07 0.0 0.0 2.490032028081456e-07 4.881821055273712e-07 6.026999891208005e-07 8.451978859557252e-08 5.25614721640054e-08 0.0 4.12654248878651e-08 4.514275725063407e-08 0.0 1.3280559769424663e-06 1.3070618791935473e-06 3.7788453608168027e-06 4.111747084242955e-08 0.0 7.928116557472793e-08 0.0 0.0 4.750664172585023e-08 0.0 0.0 4.258445912041727e-07 1.708593805736597e-05 2.2464532834538008e-07 2.3797228398810012e-07 0.0 4.162775213885425e-07 1.4635284017984944e-06 1.068665467051002e-06 2.983888041909931e-06 5.91295091836717e-07 2.0811530712403565e-07 3.2889009572677545e-07 1.2985724965860795e-07 3.400964925626386e-07 0.0 1.8618206330959394e-07 0.0 0.0 0.0 1.2903154694021947e-07 1.9510467550590545e-07 1.017510858289362e-07 9.08312749004175e-06 6.621956339942934e-06 1.0068126775505256e-05 0.0003589671641266452 8.194707974067454e-06 0.00018513150484792605 3.345275322261965e-05 5.660379004115612e-05 6.32778079825519e-05 1.0090019548099878e-06 2.5026963130723538e-05 1.057396632604709e-05 5.032955225820858e-07 1.709103229347417e-06 6.517089740662248e-07 2.7916716423497384e-06 0.0 0.0 0.0 6.923719128486773e-06 1.764876160343671e-06 3.143991787202444e-05 7.720851054163781e-06
