0.0 0.0014329307528260352 0.0001803670690247065 0.0003586785889595316 0.00010945368106452342 1.1560322597722801e-05 0.00111638206455111 9.606826252010153e-06 9.662162766176349e-05 0.0011309698814557026 4.838732334897136e-05 0.00030263347268722445 0.0004945949217425424 8.68677251366404e-05 2.1465469166056616e-06 9.32190514585151e-07 1.1064272927214191e-07 0.0 0.0 0.0 0.0 0.0 0.0 0.0 6.228912285484115e-08 0.0 0.0 0.0 0.0 0.0 0.000465981701446698 4.0379412058600055e-06 2.6973207074004673e-05 0.0 0.0 0.0 4.207281101979002e-06 1.4527824527364534e-06 7.752490684728967e-07 3.399688559974257e-07 0.0 0.0 0.0 0.0 0.0 1.6934319474595362e-07 5.366846445018946e-06 0.0 0.0 0.0 0.0 2.3993861357577865e-07 0.0 0.0 7.55060563017632e-07 9.58266041718677e-07 5.002404382009624e-05 0.0003603519706951192 2.8437142281821547e-05 1.5041550634870057e-06 4.619820172836863e-07 0.0 0.0 6.210829083080618e-05 4.882784442716727e-07 9.979178594064678e-08 1.3325571472612517e-07 0.0 0.0 0.0 1.4086115644244127e-05 6.432435910446379e-07 0.0 5.778042848167539e-05 6.322606377438139e-05 1.7219366267453733e-05 4.009606288698143e-06 5.297436704130092e-07 2.830317824193338e-07 4.266817994702632e-06 0.0 1.6486358723629895e-07 1.1730894107416315e-06 0.0 6.159764376264454e-07 2.3792612667648794e-07 0.0 0.0 0.0 5.99211268858194e-08 4.52798412714949e-08 0.0 0.0 0.0 0.0 2.3933002512161756e-05 7.811955487132078e-06 0.0 2.9894224990492635e-06 0.0004628377996111179 3.8885502303325e-07 1.4515422025273967e-05 1.4064873733986364e-05 5.026158203545262e-06 2.147110132824551e-05 7.89955302429742e-06 3.279733687833732e-06 5.038844829894655e-05 1.0909425171905292e-05 9.926896618555444e-06 3.134531550355884e-05 3.8434566399937e-05 9.474535138722758e-06 2.4063541394809233e-05 3.277775203964059e-05 1.0038274847907669e-07 0.0 0.0 4.7719181314278784e-08 0.0 0.0 0.0 0.0 0.0 0.0 0.0 0.0 0.0 0.0 0.0 0.0 0.0 0.0 0.0 8.844575446496837e-06 3.718983057013592e-06 0.0 0.0 0.0 7.370535852137705e-06 0.0 3.703415790933869e-06 9.288453175039387e-07 0.0 0.0 0.0 0.0 0.0 6.332781902565917e-08 0.0 0.0 1.238170127342711e-07 1.3888934056807216e-07 1.1252109003377122e-06 0.0 5.813756830244791e-08 0.0 0.0 6.338510337796234e-08 0.0 0.0 6.367733721202599e-07 1.146845905987239e-06 8.510403042336081e-07 0.0 0.0 5.58748072576133e-06 1.3775343764612121e-06 0.0 5.92613135308994e-07 0.0 0.0 0.0 0.0 0.0 0.0 1.0571931483004974e-05 1.4054864870633726e-06 0.0 0.0 0.0 8.129045372980917e-06 0.0 5.904255868522553e-06 0.0 8.902400045399608e-07 1.3493168399482476e-07 0.0 5.230562468173745e-08 0.0 2.072731724225208e-07 0.0 1.095189256417705e-06 0.0 0.0 0.0 0.0 8.675207279522535e-06 3.388557413604199e-06 2.9102168635373077e-06 6.377573806972268e-05 2.6131494125979075e-06 9.155526692124093e-06 4.121778228982351e-06 0.00023883787571157312 1.6373961416825869e-06 6.95904576988778e-07 2.2513949605189594e-06 5.256013426429498e-06 2.6806849241202062e-06 1.0115533594133587e-06 3.0514744307980357e-07 6.543980955870173e-05 1.0297292409771746e-07 4.829207170304882e-08 0.0 0.0 4.5902582385478815e-08 9.426827264669083e-05 2.3313294710981468e-05
0.0014329307528260352 0.0 0.000763107591434484 0.0001951108410895561 0.0006014900439077449 1.961440407023961e-05 0.000892250397925096 7.960569223592554e-05 0.0007683797947275103 9.541524457825314e-05 0.00039242211804331397 1.88042424854591e-05 0.0004099302390343108 0.00022741045439381364 1.4100678126922204e-05 4.275642961012349e-06 3.452341423725462e-07 0.0 0.0 0.0 0.0 0.0 7.534071902448566e-08 0.0 2.4911439156623706e-07 7.432877958512104e-08 7.730374454469524e-08 0.0 4.089926106664924e-08 0.0 0.000972155128939927 2.6251652067363202e-05 4.321594134155696e-05 1.058364855925419e-07 4.484436771621903e-07 0.0 7.864311222103122e-06 1.4859599489452458e-06 9.476356233157369e-07 1.0667586286032748e-06 0.0 0.0 0.0 4.5509999632788966e-07 0.0 5.864067380451507e-07 6.511209540828192e-05 3.720584434052367e-07 1.3122954663633785e-07 5.3374974650392745e-08 2.0286586793173286e-07 0.0 5.4961574561408484e-08 5.4434760403399144e-08 3.4487864700203095e-06 4.681515993471421e-06 3.4718704665978314e-05 0.0003040759708863205 3.749626539341364e-05 1.664296585480125e-05 8.311391614596798e-07 1.2367266914467153e-06 1.450403893951054e-07 0.00016813987716119392 2.0437318543394736e-06 6.519939398890329e-07 5.284426919409035e-07 1.1696618993988621e-07 6.132700530023614e-08 0.0 4.477596869626035e-05 1.2290170395796535e-06 0.0 9.888192521627991e-05 0.00021136483954809903 0.00011364389545275945 4.8094397938839484e-05 3.1480929916812534e-06 1.506140717948651e-06 2.7444375623163202e-05 4.066670750562766e-07 8.858294410778399e-07 5.838678202053868e-06 0.0 1.955896642990455e-06 2.1321906936464455e-06 8.344439999301916e-08 0.0 5.077856480705485e-07 0.0 1.4413639977609103e-07 0.0 6.331453078635206e-08 0.0 1.4991211172107936e-07 3.484672277395531e-05 1.7602031061902825e-05 0.0 7.950961663985476e-06 0.0002510944624113877 3.1559729320105807e-06 5.4954625237647605e-06 1.3358971061949563e-05 4.525661810854983e-06 3.144537882958659e-05 7.161605110656314e-06 2.7373082496063564e-06 3.990643842866915e-05 8.64733059031336e-06 1.1393878906887811e-05 2.7902215390546055e-05 5.1401841520720144e-05 1.6528534099092005e-05 4.2044127504452274e-05 7.944471187526012e-05 2.1022972996215417e-07 2.8867598910294285e-07 0.0 0.0 0.0 0.0 0.0 0.0 0.0 0.0 0.0 0.0 0.0 0.0 0.0 0.0 4.9288844668521695e-08 2.1713650684288884e-07 0.0 2.2771852339293677e-05 8.420997381730436e-06 4.1580828776228677e-07 5.511810612698462e-08 0.0 1.605732245147962e-05 2.7367605441442816e-07 1.2924423411432894e-05 3.1977987575618274e-06 3.6394664745388164e-07 0.0 0.0 0.0 1.3502148956437946e-07 2.6424553229641785e-07 1.7306684347827272e-07 0.0 1.761052769045579e-06 7.281031741036342e-07 7.220749928219248e-08 0.0 0.0 1.7269545413340664e-07 2.0936461006538862e-07 0.0 4.18156016102067e-07 0.0 1.224878946309293e-06 1.943890059051115e-06 0.0 3.783526490371761e-07 1.9548844367768886e-07 1.0820484574440002e-05 5.314716822814479e-07 0.0 0.0 6.470170616617162e-08 0.0 0.0 0.0 0.0 0.0 3.7920994585256793e-05 3.8094439357652936e-06 0.0 0.0 3.302775945424311e-07 1.822627903194168e-05 0.0 9.357416433250556e-06 2.484764818153273e-06 2.9453956673643024e-06 5.797567024934264e-07 3.3933573231990285e-07 2.1805355037251925e-07 0.0 0.0 4.8546967242985685e-08 0.0 1.1158210252349451e-07 0.0 0.0 0.0 2.5552307170264903e-05 1.4594680968760596e-05 8.592184134019826e-06 0.00011793432195132175 3.040380391277459e-06 5.835445042206388e-05 1.9024081797104683e-05 0.00036622769296819547 1.2301719681887836e-05 3.100042451572642e-06 1.1271900563239976e-05 8.391366803555223e-06 4.5704392225725577e-07 3.817950002356925e-06 8.862708730709689e-07 4.220558324593056e-05 7.256573665889791e-07 1.4900702255974585e-07 2.93339137263602e-07 3.2285483309426716e-07 1.3632408310192478e-07 0.0001623680556456799 4.2656036241147134e-05
0.0001803670690247065 0.000763107591434484 0.0 6.363958271409345e-06 0.00018377728407650672 1.4983688536166617e-06 0.0001462529198611 0.0009422122957683268 0.0005661023522863103 7.831974288144279e-06 0.0011078530727725024 1.4458935609029319e-05 0.0001162330864943418 0.0005821766325031118 5.736551990432973e-06 1.8074559892717565e-06 4.893806795683149e-07 0.0 0.0 7.874395751992606e-08 1.6030769672508754e-07 0.0 3.054008497312885e-07 0.0 1.6605818769281253e-07 0.0 4.816946372181337e-08 3.949767987991944e-08 0.0 5.3583404613436196e-08 0.0015706557784680654 6.666647681505925e-05 1.8198297842951495e-05 2.3635393257238237e-07 5.342124699624246e-07 7.469698710686928e-07 1.0828155457526404e-05 1.5268034578087251e-06 1.360946796395214e-06 2.9237527846657015e-07 0.0 0.0 0.0 1.73737286703627e-07 0.0 5.980278873383931e-07 2.9910618712235108e-05 1.5187959669653113e-07 0.0 4.396429115986662e-08 7.563931938883047e-07 0.0 2.47365830874128e-07 0.0 1.4676593576520887e-06 2.2926089646732224e-06 1.4450765090308e-05 0.0001979285212465947 1.6501672655159265e-05 7.44258550761365e-06 7.746038462248054e-07 1.8502138265484024e-06 1.2167621104885536e-07 0.00015959340610253956 1.7499515374367177e-06 4.7014940321065584e-07 3.788022392738081e-07 5.6218026977171065e-08 2.832149733798301e-07 0.0 7.758255039663565e-05 1.4191109844369573e-06 0.0 4.298155944714675e-05 0.000154130586542399 5.409750796489882e-05 2.958359595763065e-05 3.214712688998285e-06 3.967830735663753e-05 0.00022708443949772428 1.6310042966927e-07 2.8016736093821344e-05 2.200306035291824e-06 0.0 1.0103509467987934e-06 1.1483585229229269e-06 5.563618162734873e-08 0.0 3.078189415693855e-07 0.0 0.0 0.0 1.8987120281882663e-07 2.2372052659477822e-07 1.0044362346793711e-07 3.434215313575611e-05 2.4602564293922183e-05 1.2576696271352392e-07 8.065255839912659e-06 0.0001420042206799123 2.027680086653219e-06 2.296335919242612e-06 4.949397167853939e-06 9.242239663716369e-07 9.96481991966685e-06 7.236237540569321e-07 3.12183944323866e-07 1.0084600361134862e-05 1.24282591037236e-06 5.708523034440399e-06 8.356829476322326e-06 1.4369815198541735e-05 7.488767146629635e-06 2.2924006266391268e-05 4.467033781066128e-05 1.6384164015930097e-07 2.839597600861911e-07 0.0 1.2390341513022143e-07 0.0 0.0 1.2193576792721435e-07 0.0 6.99645699431331e-08 0.0 0.0 0.0 0.0 0.0 0.0 1.220022019136362e-07 9.36843799310448e-08 5.6199359993141734e-08 0.0 1.754434287834877e-05 3.5618314469059812e-06 0.0 4.780547555852556e-08 0.0 1.722274418042527e-05 7.353783733675012e-08 1.283166788159245e-05 3.7817433824204877e-06 6.257867200311747e-07 0.0 0.0 0.0 0.0 4.33293505337245e-07 1.453594513407467e-07 0.0 9.2928487486754e-07 1.1785919278784455e-06 0.0 0.0 0.0 5.1204917929172026e-08 0.0 1.544725013431576e-07 0.0 0.0 6.249979516320448e-07 2.9352071532169297e-06 0.0 0.0 1.1573961262969546e-07 1.1162018259410523e-05 5.157331327437867e-07 0.0 0.0 0.0 4.886533701772442e-08 4.8403770782454865e-08 0.0 0.0 0.0 3.0894862306459086e-05 8.16025260111042e-07 0.0 0.0 0.0 1.460435895279145e-05 2.746003477132519e-07 8.293457221366742e-06 2.247427840671653e-06 2.512439887351671e-06 7.247019832804472e-07 7.971285258128561e-08 5.785254169790752e-07 0.0 0.0 0.0 0.0 0.0 5.377995951943207e-08 0.0 0.0 1.136868366612494e-05 1.5974082919653538e-05 7.350582565822451e-06 4.460816362783189e-05 2.1061264863912223e-06 2.4861237900923524e-05 8.980460581489755e-06 4.797367681187945e-05 6.503652873511332e-06 2.805242058617359e-07 4.514006691111662e-06 6.503495264033782e-06 4.793112260263021e-08 2.3797669336597915e-06 8.990881117091769e-07 8.794526378268802e-06 2.1715118663411467e-07 5.855958345973648e-08 3.2140067575939454e-07 0.0 2.4124705451542815e-07 2.0892426863798743e-05 1.651660738879078e-05
0.0003586785889595316 0.0001951108410895561 6.363958271409345e-06 0.0 1.087622710524249e-05 2.4801996655301713e-05 0.0007528774840309837 8.182033921594595e-07 5.079685549525703e-06 0.00018542031958688668 2.976974699420201e-06 0.0002900481918960347 0.0005900464990456186 6.65979087503829e-05 6.536572950640442e-07 7.139599703447478e-07 0.0 0.0 0.0 0.0 0.0 0.0 0.0 0.0 0.0 0.0 0.0 0.0 0.0 0.0 4.5207913492173664e-05 1.546469417493213e-06 4.249957063729501e-05 0.0 0.0 0.0 4.055580391805166e-06 0.0 0.0 0.0 0.0 0.0 0.0 0.0 0.0 0.0 1.7874020533761379e-06 0.0 0.0 7.499572951045133e-08 0.0 0.0 0.0 0.0 5.9033183374552204e-08 1.121632701226414e-07 4.475307095097603e-06 2.1321184245151126e-05 3.747906798915212e-06 2.1556635320092323e-07 0.0 3.8014549424682406e-07 0.0 6.824285383771119e-06 0.0 0.0 0.0 0.0 6.301980297400503e-08 0.0 9.292632438058224e-06 0.0 0.0 5.864855406208938e-06 6.630820808156993e-06 3.6618439272128518e-06 1.6083588801478852e-06 1.6452854046887575e-07 0.0 7.506088009665795e-08 2.0979202559774013e-07 2.3091124856301798e-07 1.862930577833804e-07 0.0 5.482219946106909e-08 4.338345883100068e-08 0.0 0.0 0.0 0.0 5.289642499261211e-08 0.0 0.0 0.0 0.0 2.3735174336160233e-05 1.974485923625845e-06 0.0 3.3568418111821385e-07 8.165673679653969e-05 4.935835304736924e-07 1.2466150413561101e-06 8.410992902126851e-06 4.1765750524487145e-07 3.6411548235725135e-06 2.2184803738913356e-06 7.828656305636731e-07 5.8438401458712065e-06 2.8965975971011167e-06 2.0610726461295377e-06 4.349909232517887e-06 6.149056611368204e-06 1.8519182108746763e-06 4.9254713757365414e-06 6.110057802851157e-06 0.0 6.82378126344557e-08 0.0 0.0 0.0 0.0 0.0 0.0 0.0 0.0 0.0 0.0 0.0 0.0 0.0 0.0 0.0 8.27827675264458e-08 0.0 1.4203324317513438e-06 9.278668654370436e-07 0.0 0.0 0.0 1.262034168442451e-06 0.0 4.858816799495121e-07 1.2643367110004966e-07 0.0 0.0 0.0 0.0 0.0 0.0 0.0 0.0 2.229580174292654e-07 0.0 0.0 0.0 0.0 0.0 0.0 0.0 0.0 0.0 4.303819172759395e-08 4.304386248191572e-08 0.0 0.0 0.0 3.9746711434490884e-07 2.675295623791704e-07 0.0 0.0 0.0 0.0 0.0 0.0 0.0 0.0 2.3678171149445773e-06 0.0 0.0 0.0 0.0 6.301649641592243e-07 0.0 3.435891225163402e-07 8.48269609001548e-08 7.989790735613942e-08 2.2308098231112248e-07 1.1301598141395523e-07 0.0 0.0 0.0 0.0 0.0 0.0 0.0 0.0 0.0 2.6421204925001622e-06 4.5459142375720904e-07 4.125600883389138e-07 4.989198198842034e-06 6.062683838169491e-08 2.490645909513125e-06 7.019018701439594e-07 0.00012401409898598137 8.570945356556409e-07 0.0 6.227527006364166e-07 5.163542948428992e-07 0.0 5.161214514353123e-07 5.5877659145934294e-08 5.413523710846698e-06 0.0 0.0 0.0 0.0 0.0 5.312420875707821e-05 6.239975505374241e-06
0.00010945368106452342 0.0006014900439077449 0.00018377728407650672 1.087622710524249e-05 0.0 4.381248982534782e-06 0.0010808626111360605 4.086846848494096e-05 0.0008412822146909888 3.492335394468609e-05 0.0003706604381248021 6.731109933311379e-06 0.0002996491525331938 0.0001368235487439894 5.708473508170296e-06 2.6546593342332566e-06 4.5100272672055504e-07 0.0 0.0 0.0 0.0 0.0 0.0 6.797692909520004e-08 0.0 0.0 0.0 0.0 0.0 0.0 0.00011948986309405149 1.3167195477069235e-05 6.775704175698799e-06 0.0 0.0 0.0 8.313712009396039e-07 1.1038816539742921e-07 4.069186972046533e-07 2.0484835715352105e-07 0.0 0.0 0.0 1.6560311055975477e-07 0.0 0.0 2.7711969254611545e-05 1.6853229850828143e-07 0.0 0.0 0.0 0.0 1.0229202260263177e-07 0.0 1.2734522520971451e-06 2.356908890865836e-06 7.580035929421879e-06 4.729368526557164e-05 7.931805343968478e-06 5.650734626702685e-06 6.059640449232152e-08 3.648387980664162e-07 0.0 3.377556036660678e-05 8.220074985490913e-07 4.964422647974826e-07 1.5397597326719348e-07 1.619969470229806e-07 2.1670312494155923e-07 0.0 7.370915893618854e-06 0.0 0.0 2.089544901895162e-05 5.0668931605439096e-05 4.541656656136636e-05 2.3507878317851802e-05 1.3881652563114202e-06 1.2008715465214675e-06 2.065152723221068e-06 8.564161360699635e-08 3.0353141148520043e-07 2.321221489232763e-06 4.277589140102206e-08 6.333235851316199e-07 9.301580809066727e-07 4.467060109516835e-08 0.0 1.4449279568979104e-07 0.0 1.4891284405631167e-07 0.0 0.0 0.0 1.4495107050821651e-07 1.6276424867888136e-05 2.2600149577201465e-06 0.0 1.0397780411488697e-06 1.7278522430130375e-05 8.827608491885192e-07 1.0324993702153189e-06 5.52518101845977e-06 2.2511482700882637e-06 1.1949990160899614e-05 2.1476413505594223e-06 1.3563295550276467e-06 1.926276555890991e-05 4.3328946226606135e-06 6.381037044067263e-06 1.835060625754747e-05 2.3127008207191326e-05 1.0329282306544299e-05 2.555022248849845e-05 4.1891639478717195e-05 0.0 0.0 0.0 8.899228316440747e-08 0.0 0.0 0.0 0.0 0.0 0.0 0.0 0.0 0.0 0.0 0.0 0.0 0.0 0.0 0.0 6.866882435515188e-06 4.0413747124122074e-06 0.0 0.0 0.0 9.284313232374894e-06 4.1016661903865386e-07 3.523269686633015e-06 7.591578614654209e-07 5.772499478887752e-08 0.0 0.0 0.0 0.0 0.0 0.0 0.0 5.517991554656351e-07 2.4833861218670105e-07 0.0 0.0 9.312201270302829e-08 0.0 0.0 0.0 5.904140290402046e-08 0.0 6.26751343100245e-07 7.346492650530955e-07 0.0 8.265253124505466e-08 0.0 2.324982392621892e-06 3.6084293149631153e-07 0.0 0.0 0.0 0.0 0.0 0.0 0.0 0.0 1.779925912933685e-05 8.150716144398802e-08 0.0 0.0 0.0 9.17509498361018e-06 0.0 4.532377148405299e-06 3.643237544188077e-07 4.854313723065798e-07 3.4056236370594534e-07 0.0 0.0 0.0 0.0 0.0 0.0 1.2604854648883522e-07 0.0 0.0 0.0 1.623010522729845e-05 5.364636631731508e-06 2.972643328240462e-06 5.060959185885078e-05 1.2118457972152141e-06 2.8520888843254005e-05 8.179433604951221e-06 5.315656584690953e-05 7.752728712208209e-06 4.213168794197825e-07 6.018345158257514e-06 4.347491562471434e-06 1.7551221838611355e-07 1.2750208086989552e-06 7.411529965853407e-07 5.84659320156042e-06 1.9978033588058292e-07 0.0 0.0 3.488774307840855e-07 0.0 5.990413052475955e-05 2.3556910803327333e-05
1.1560322597722801e-05 1.961440407023961e-05 1.4983688536166617e-06 2.4801996655301713e-05 4.381248982534782e-06 0.0 4.806503811845406e-05 2.418442465919815e-07 5.5501716001489915e-06 0.00022439458182386133 1.2687163106298966e-06 8.234320639556026e-05 0.00010916514175033325 2.62682522110521e-05 2.6119857435286037e-07 3.256611859429809e-07 2.351854543573281e-07 0.0 0.0 1.2479738990148884e-07 8.234631051167914e-08 1.735714829320016e-06 1.7893571009056835e-07 1.8450978760455164e-06 0.0 0.0 0.0 3.8178223328759645e-07 9.021728866984021e-08 0.0 7.756442108159032e-06 9.833601426134609e-07 1.0474743002299775e-05 3.96497905643609e-07 0.0 8.310183668220069e-08 5.338285379039945e-06 2.3326267569105893e-07 1.136244126155394e-06 1.305331073465116e-07 0.0 1.0168015073485264e-07 0.0 1.564065660001958e-06 1.816366979446462e-07 6.143255992085891e-07 8.314124788397847e-07 0.0 1.3221668328502623e-07 2.0697333263965358e-07 0.0 1.0168572386423669e-05 2.1693819771626173e-06 1.6992690391013352e-07 0.0 7.255212756953701e-07 5.1002222335282317e-05 1.948293044683875e-06 1.047304902216738e-06 6.933796060321959e-08 1.5970576255684013e-06 8.051834483883815e-07 1.1844993037073114e-07 1.8561893487656625e-06 0.0 0.0 0.0 0.0 1.6087198184331336e-07 1.1115857324235652e-07 0.00016425078725386074 0.00013052829757348143 7.659836694917908e-06 1.4912978988449111e-06 1.7424847546401602e-06 5.766404986191552e-07 1.1639140509377603e-06 6.347294419156958e-07 0.0 6.7973690167982716e-06 0.0 2.2561232700809948e-06 7.366428109840411e-08 2.270823148683236e-06 0.0 1.6050378621825252e-06 0.0 3.035469669447192e-06 1.4571305694049562e-07 7.1347296394476265e-06 2.1366535628774506e-07 1.5671820297088418e-06 7.672770910438654e-07 0.0 2.5197790619532333e-06 9.54569155269599e-05 0.00011720492999465314 1.4541841874986023e-05 3.4197695489369964e-05 0.00011024756904805351 0.0 0.0 3.079206546414989e-07 5.463877128783636e-07 3.797261396214423e-07 2.511076779330944e-07 1.950962819956314e-07 7.3595949410091e-07 0.0 4.066401669124383e-07 2.7387384585490106e-07 9.710689214157131e-07 1.5789352358371514e-07 6.562799197988007e-07 1.5604272997030432e-06 7.189403238468044e-08 0.0 0.0 0.0 0.0 0.0 0.0 0.0 0.0 0.0 0.0 0.0 1.1841633845161466e-07 0.0 0.0 0.0 0.0 2.363391013687716e-07 0.0 3.346585316478984e-07 3.0040136419287744e-07 0.0 0.0 0.0 1.4244077249325216e-06 0.0 1.0471948109926582e-06 1.2742272708096994e-06 2.6193733700933473e-07 0.0 0.0 0.0 0.0 1.2835331697197318e-07 8.311736726682767e-08 0.0 0.0 0.0 0.0 0.0 0.0 1.9582422587669592e-07 0.0 0.0 0.0 0.0 3.63008611678596e-07 2.2906915827769596e-07 0.0 0.0 0.0 7.310509064642593e-07 0.0 0.0 0.0 6.067569411123629e-08 0.0 0.0 0.0 0.0 0.0 1.779537211024624e-06 1.1454517223770308e-06 0.0 0.0 0.0 2.195192619143857e-07 0.0 1.4159984721408335e-06 3.5748607566145847e-07 4.5027695668873144e-07 0.0 0.0 0.0 0.0 0.0 6.019897582230215e-08 0.0 0.0 1.1740491814042698e-07 0.0 0.0 3.1352613580513053e-07 9.579330930943026e-07 1.7164492111914291e-06 4.9952804703957354e-06 2.1617933542619195e-07 5.904645070452994e-07 8.58994209512979e-07 3.390015367424371e-05 0.0 0.0 2.730624665396197e-07 8.281405725629979e-07 0.0 7.877926616708325e-07 0.0 1.2162134568965446e-06 0.0 0.0 0.0 2.405615601779993e-07 0.0 2.6530995588287615e-05 1.502771006481305e-06
0.00111638206455111 0.000892250397925096 0.0001462529198611 0.0007528774840309837 0.0010808626111360605 4.806503811845406e-05 0.0 4.886860777038303e-05 0.0008191065903098873 0.000192922976801003 0.0003266133274763006 2.4133397055986916e-05 0.0007543201201235019 0.00019094184232350373 6.215302204732611e-06 4.705517632378505e-06 4.2678899511273424e-07 0.0 0.0 0.0 0.0 0.0 5.3865878837773284e-08 0.0 6.315978011882745e-08 0.0 0.0 0.0 0.0 0.0 0.0001648809474881855 1.3326362393230546e-05 2.8045570214011303e-05 0.0 6.226729063095516e-08 0.0 3.835409321203944e-06 1.0349831065324024e-07 4.611447788960908e-07 4.376123994154538e-08 0.0 0.0 0.0 1.9929224003243737e-07 0.0 7.491988632582236e-08 2.8449513484809114e-05 0.0 0.0 0.0 4.275095882830156e-08 0.0 3.2727470841806213e-07 0.0 1.0530388387637092e-06 1.818903436113959e-06 1.595283768553342e-05 8.501395801831802e-05 1.2574230235864116e-05 6.20489692212585e-06 0.0 3.538908246315705e-07 0.0 4.773628591716856e-05 8.592342954796457e-07 3.887222379767124e-07 0.0 6.122885402422564e-08 0.0 0.0 1.3511263960381134e-05 1.3538411862125957e-07 0.0 3.218538099110478e-05 5.878114411750049e-05 4.2920096325717506e-05 2.4419189612522035e-05 2.6416959429879546e-06 1.8364444924134498e-06 9.426072609119778e-06 6.26228718018219e-08 1.122920925007617e-06 2.927145817245385e-06 0.0 5.258548127434344e-07 7.220332390542483e-07 0.0 0.0 2.890863382964773e-07 5.145022041300576e-08 0.0 0.0 4.871828675149115e-08 0.0 0.0 3.457392188312585e-05 3.321684670141361e-06 4.9106093524953106e-08 8.217276163605826e-07 9.259590981551232e-05 2.882613909894824e-06 7.439836042560995e-06 3.315090991360829e-05 9.88232135318694e-06 3.092835790206336e-05 1.6769228765176597e-05 4.4350760385160445e-06 5.9301333742129866e-05 1.2241712700574697e-05 1.5502608636444295e-05 4.022697377183343e-05 7.558752134532877e-05 2.440258755454799e-05 5.880703108934904e-05 6.996208517576979e-05 9.300994590783024e-08 1.291641771590776e-07 0.0 0.0 0.0 0.0 0.0 0.0 0.0 0.0 1.8465768505912926e-07 0.0 0.0 0.0 0.0 0.0 0.0 0.0 0.0 1.7033601537952216e-05 6.053569742700612e-06 0.0 0.0 6.258858050168927e-08 1.3979364512484715e-05 1.9817386489657185e-07 5.202765173130133e-06 1.0374863606269154e-06 4.3905799113540685e-08 0.0 0.0 0.0 0.0 0.0 5.559792476475328e-08 0.0 1.1095435434614282e-06 1.1333110339303699e-06 0.0 5.3942313251714897e-08 0.0 7.844002960266535e-08 0.0 1.2428215518587075e-07 2.2374946438558612e-07 4.077986879606542e-08 8.137635556362498e-07 9.59378897512606e-07 0.0 0.0 1.1157659399672803e-07 6.529977189218603e-06 5.791659850988577e-07 0.0 1.1186058234491453e-07 0.0 0.0 0.0 0.0 0.0 0.0 3.1849290855357254e-05 2.0169640481516506e-06 0.0 4.6536199955781087e-08 1.1162078838784727e-07 1.1656410000354583e-05 0.0 3.959449310305384e-06 1.0017738533783967e-06 1.5804205228373567e-06 2.021177104972785e-07 5.61800801494591e-08 0.0 7.158542510371366e-08 0.0 0.0 0.0 0.0 0.0 0.0 0.0 3.575097347839205e-05 6.63612945976017e-06 3.88374561253351e-06 6.33313344391015e-05 1.7406348485917295e-06 3.076131697589114e-05 9.432431925682297e-06 0.00026907216949384233 7.082601661149051e-06 5.180608962790951e-07 9.762628485758329e-06 3.817206563941801e-06 9.431013126744367e-07 3.0512698402204676e-06 5.312176844006502e-07 2.0747079374036406e-05 6.682711065406154e-08 4.9262430417462854e-08 2.023461196850208e-07 1.1601365606823665e-06 1.5757876247081751e-07 0.00021603641645048688 6.588647267308273e-05
9.606826252010153e-06 7.960569223592554e-05 0.0009422122957683268 8.182033921594595e-07 4.086846848494096e-05 2.418442465919815e-07 4.886860777038303e-05 0.0 0.0003381119805883287 1.3153599016222266e-06 0.001502195535369375 3.925765779485887e-06 9.783123951344116e-05 0.0007499522662017117 9.44003581239342e-06 7.232502431361482e-06 5.762620145225377e-07 0.0 0.0 1.7737667444372567e-07 1.1353266175734381e-07 0.0 1.076858335781822e-06 9.079482922135637e-07 4.440001634810604e-08 0.0 0.0 0.0 6.522675384635668e-08 0.0 0.0005615075559301812 0.0004547042194011574 1.0619595229361081e-05 1.0413417849998727e-06 6.104484183179385e-07 7.360060570143365e-07 7.153012320818674e-06 4.516189895474975e-07 5.837317787010556e-07 3.1493761287273336e-07 0.0 1.5271821582087497e-07 1.1787865144234372e-07 1.7370944124502475e-06 3.509021460359887e-07 2.862012005367986e-07 3.628980623238996e-05 1.0508873192444742e-07 0.0 4.807643523149344e-08 1.5049572210670328e-06 0.0 1.3146071008746337e-07 1.6462455755126994e-07 1.3658567827938971e-06 2.2955160067579227e-06 8.870209300098428e-06 0.00012002427915599074 1.1427767096780954e-05 8.848845423559539e-06 1.1372791812188596e-06 1.5481464798151295e-05 2.882294883999751e-07 0.00018878507150911836 8.967641046430377e-07 3.3944518905398904e-07 2.341642715523684e-07 0.0 9.536387025870566e-07 0.0 2.258893347045817e-05 2.4184515506629114e-07 0.0 3.421430174723516e-05 0.00018452473201415555 7.560016440925349e-05 7.622788289535752e-05 4.2847832140522435e-05 0.00010826671136681418 0.0010454831254314001 2.6094694427335878e-06 6.568008163281995e-05 2.5725290639594927e-06 0.0 8.673033426676523e-07 5.146290011872764e-07 3.2017918157926973e-07 0.0 9.634739572201317e-08 0.0 4.145894252736145e-08 0.0 7.855951272068015e-07 1.1993249194800764e-07 6.570691856957668e-08 1.864272252710431e-05 5.872796427015362e-06 8.033812084007537e-08 2.877756744788145e-06 4.445885657081621e-06 1.667826779294777e-06 6.612545124201159e-07 1.1701051122900427e-06 1.9995730090801267e-07 3.0719793448771484e-06 1.8764910349786716e-07 0.0 1.623571058949521e-06 3.6363342209517416e-07 2.486817732159344e-06 2.836133123266875e-06 3.6138135646070623e-06 2.68549333804399e-06 7.7719948638852e-06 1.659532772958371e-05 1.0264590939680983e-07 1.0393939656091796e-07 0.0 0.0 0.0 0.0 0.0 0.0 0.0 0.0 0.0 0.0 8.252648403964698e-08 0.0 1.609984039746266e-07 0.0 0.0 0.0 0.0 5.286579253671102e-06 1.2957241955742726e-06 0.0 9.059859552592e-08 6.873233269379092e-08 5.333536300745774e-06 1.8913910230728972e-07 3.4173384313077263e-06 1.199485838399759e-06 1.1821801706779447e-07 0.0 0.0 0.0 0.0 0.0 0.0 0.0 7.156832920343099e-07 1.354664545131571e-07 0.0 0.0 0.0 5.3264036237968174e-08 6.945068351875238e-08 0.0 0.0 0.0 2.6195398155650803e-07 2.1333947357466773e-07 0.0 2.1473141483955623e-07 1.6820158141405628e-07 4.628061390326776e-06 2.8209096354021067e-07 0.0 0.0 0.0 0.0 1.9773169747185881e-07 0.0 5.98532256412863e-08 0.0 1.0953567325751729e-05 2.545302683733531e-07 0.0 0.0 0.0 5.3784408880515285e-06 0.0 2.904685314878209e-06 4.427138792204074e-08 1.0864001171623106e-06 2.4843904185859927e-07 2.9303109958160717e-07 0.0 0.0 0.0 0.0 0.0 0.0 0.0 0.0 0.0 9.859611070855403e-06 8.15056922751967e-06 3.4837350945766806e-06 4.863910004252732e-05 2.1738313021952835e-06 3.174878239494305e-05 8.901231030031091e-06 1.2702478836751674e-05 7.89790732669054e-06 2.207802891472076e-07 1.185660750259108e-05 2.3264052364335354e-06 1.1876292861086127e-07 1.0354448277851135e-06 5.416504086996505e-07 3.540767709369671e-06 0.0 8.763898089813352e-08 0.0 3.6371156170097473e-07 0.0 1.1077057878963835e-05 4.720081304725319e-06
9.662162766176349e-05 0.0007683797947275103 0.0005661023522863103 5.079685549525703e-06 0.0008412822146909888 5.5501716001489915e-06 0.0008191065903098873 0.0003381119805883287 0.0 5.2697080053859606e-05 0.0007378582984041317 2.5411141557187573e-06 0.0013470118767820343 0.00026098833338593624 6.261468122095957e-06 3.517810783473178e-06 2.404866254676799e-07 0.0 0.0 0.0 0.0 0.0 0.0 0.0 2.142996011379278e-07 0.0 0.0 0.0 0.0 0.0 0.00023889473483661345 1.7407787008120892e-05 4.178627548268198e-06 0.0 0.0 0.0 1.6785360186592503e-06 1.0603795058587804e-07 5.294568088345658e-08 0.0 0.0 0.0 0.0 3.0541941937878466e-07 0.0 7.008052298954463e-08 1.8216525907712266e-05 6.494522054184035e-08 1.1137401864590233e-07 0.0 7.480052289569283e-08 0.0 6.861597588101952e-08 0.0 1.032768595855974e-06 9.068746738576759e-07 3.904533163064515e-06 3.170030208880506e-05 5.4272116355893455e-06 2.9919169351748825e-06 0.0 0.0 0.0 2.511479129624485e-05 5.832306397574646e-07 1.502966667333218e-07 1.128422284921203e-07 0.0 5.923509539492959e-08 0.0 6.759736824022206e-06 6.212287205617448e-07 0.0 1.4336158878690846e-05 3.0549150439986764e-05 2.736943024548086e-05 1.826527477616046e-05 1.2786610544425687e-06 1.7985570435917674e-06 1.349652518321619e-05 0.0 7.662061656653956e-07 1.0216077834736374e-06 4.77349930933349e-08 2.528665238522092e-07 3.3917814447268895e-07 1.0503079145180946e-07 0.0 1.0757145161551726e-07 0.0 3.797321672763857e-08 0.0 0.0 0.0 0.0 2.247396205577359e-05 2.4783861172004226e-06 0.0 3.162725798202021e-07 1.8299244660245394e-05 1.4911261935953297e-06 2.2628753431599435e-06 1.0419917864717428e-05 1.6975255507241217e-06 2.0242581487282377e-05 4.064055040326922e-06 1.8813695420215135e-06 2.5711436503709234e-05 4.403723926759436e-06 8.970650230588948e-06 1.9826916824982384e-05 3.1992207682448483e-05 1.368348118931187e-05 3.717204122997064e-05 5.106244386433986e-05 0.0 0.0 0.0 0.0 0.0 0.0 0.0 0.0 0.0 0.0 0.0 0.0 0.0 0.0 0.0 0.0 0.0 7.594328984576122e-08 0.0 8.265868215688955e-06 2.950813804542022e-06 0.0 6.463999480413729e-08 0.0 9.821563467386075e-06 0.0 4.501279546447551e-06 1.1368160251535483e-06 1.4102321693940525e-07 0.0 0.0 0.0 0.0 0.0 0.0 0.0 2.797355420092527e-07 4.335802479488147e-07 4.809752481368184e-08 0.0 0.0 0.0 0.0 0.0 0.0 0.0 2.3503029271333005e-07 1.6863679828928908e-07 0.0 0.0 0.0 4.758035245214332e-06 9.429836003603143e-07 0.0 0.0 0.0 0.0 0.0 0.0 0.0 0.0 2.4092223983647384e-05 2.891084661350196e-07 0.0 0.0 7.470998549961085e-08 1.0644120091789615e-05 1.182239726216022e-07 4.919182465933016e-06 3.962281572697207e-07 6.405882936802448e-07 1.7344461016859025e-07 8.043299151441207e-08 0.0 0.0 0.0 0.0 0.0 0.0 0.0 0.0 0.0 3.124121355138246e-05 7.204025720106179e-06 3.387594153246593e-06 4.357887696886096e-05 8.843084387800719e-07 2.0557517265181212e-05 7.604472741943517e-06 5.569944231300695e-05 7.1184162095298514e-06 1.337112677266784e-07 9.783113615285809e-06 3.751181308042997e-06 0.0 1.3003194677257966e-06 7.418785178682464e-07 8.841739889083114e-06 2.606571200592498e-07 5.507356204535729e-08 2.9439619038356583e-07 4.198163610546632e-07 7.937386188174045e-08 8.954473508750502e-05 3.251538997286621e-05
0.0011309698814557026 9.541524457825314e-05 7.831974288144279e-06 0.00018542031958688668 3.492335394468609e-05 0.00022439458182386133 0.000192922976801003 1.3153599016222266e-06 5.2697080053859606e-05 0.0 2.9899641040342478e-05 0.00025536656500475466 0.002096553539795936 0.0001661575945343948 5.110443093687097e-07 1.2266957687516138e-06 1.2293723467662044e-07 0.0 0.0 0.0 0.0 0.0 0.0 0.0 0.0 0.0 0.0 0.0 0.0 0.0 3.4888820701982524e-05 1.3206169540476515e-06 9.271569243443464e-05 0.0 0.0 0.0 3.9592662271360856e-05 0.0 4.6202364487437505e-07 5.354584352680017e-08 0.0 0.0 0.0 7.054697407675699e-08 0.0 2.9252093357582784e-07 2.121414984244983e-06 0.0 0.0 0.0 0.0 0.0 5.331168427348684e-08 0.0 1.137714787440225e-07 2.2273149729127805e-07 1.966629487906246e-05 1.9291517292737178e-05 2.7107483109927187e-06 1.675551839174535e-07 7.873464205319529e-08 6.253894680089377e-07 0.0 5.206995645980593e-06 0.0 0.0 0.0 0.0 0.0 0.0 0.00011529354617744768 6.274038944287785e-08 0.0 5.554012344730722e-06 6.7556760628249255e-06 4.137719004180329e-06 3.2628055813139987e-06 2.77690072445442e-07 1.3695462195373326e-07 2.2994169738132363e-06 1.2194688592233725e-07 4.254202632034234e-07 1.9142607823014023e-07 0.0 1.5236198573978706e-07 0.0 0.0 0.0 5.0154905485107946e-08 0.0 0.0 0.0 0.0 0.0 0.0 9.061833231776019e-05 1.4396075946282731e-05 0.0 2.9893588697970198e-06 0.00028956778124665603 1.0690054838491725e-06 3.902319629358475e-06 1.2018019020837793e-05 2.458145630431385e-06 1.4775114569129886e-05 6.723565829256911e-06 3.174709706334188e-06 3.9867488580428295e-05 8.031496527194499e-06 1.5492963991978578e-05 3.0361936719196746e-05 5.6984512235517534e-05 2.3767084618858762e-05 6.078879051425703e-05 4.844360802623833e-05 6.292895554303961e-08 0.0 0.0 0.0 0.0 0.0 0.0 0.0 0.0 0.0 0.0 0.0 0.0 0.0 0.0 0.0 0.0 5.495223025422348e-08 0.0 6.6873699848352025e-06 2.493697885695726e-06 0.0 4.761166410074259e-08 0.0 8.631210247236952e-06 0.0 1.891012582236961e-06 7.157679387676063e-07 0.0 0.0 0.0 0.0 0.0 6.417655033428308e-08 0.0 0.0 3.3030953174048355e-07 5.124854704738749e-07 0.0 0.0 0.0 0.0 0.0 6.682631033145537e-08 0.0 0.0 9.602163918592332e-08 3.3291955319672204e-07 0.0 0.0 0.0 7.264196558460283e-07 1.3114119390466722e-07 0.0 0.0 0.0 0.0 4.506055648247377e-08 0.0 0.0 0.0 2.1313501735756594e-05 1.1169270206058128e-06 0.0 0.0 0.0 5.236241287007542e-06 0.0 1.0701465492124387e-06 2.6630314369147817e-07 6.174242969271158e-07 0.0 0.0 4.323287200406195e-08 0.0 4.1108671605138064e-08 0.0 0.0 0.0 0.0 0.0 0.0 3.8160598981228204e-05 5.560577758784549e-06 1.4102723008861756e-06 9.596396678530785e-06 2.0272312931341365e-07 4.913737117786688e-06 1.1358653788896309e-06 0.0003523790233544007 1.0444817498034094e-06 0.0 1.0580681741722952e-06 1.1110340505838576e-06 0.0 1.0086343377249638e-06 9.749172366166913e-08 9.478673542028003e-06 6.382060144762434e-08 0.0 6.324532811631987e-08 0.0 1.4224786914927314e-07 0.0003954635381041276 7.068333439428467e-05
4.838732334897136e-05 0.00039242211804331397 0.0011078530727725024 2.976974699420201e-06 0.0003706604381248021 1.2687163106298966e-06 0.0003266133274763006 0.001502195535369375 0.0007378582984041317 2.9899641040342478e-05 0.0 2.253168421338278e-06 0.0004885053041862623 0.0011916167365006113 1.820138019894762e-05 1.8053384434471505e-05 1.970741646758606e-06 0.0 0.0 1.4740517686358907e-07 2.0701638422777216e-07 9.931420964819793e-08 2.824280255343762e-07 1.3942372534532866e-07 6.002222349322266e-08 0.0 6.11105937414721e-08 1.7740206125360103e-07 5.4366902419547484e-08 8.85495245103818e-08 0.0003055651453201981 0.00015566640302790965 6.345312445458292e-06 2.1188737833227577e-07 2.125383542509946e-07 6.322526958037179e-08 4.7833219282425355e-06 4.209891689429155e-07 2.886784405415562e-07 3.2327307375710255e-07 0.0 0.0 0.0 1.6071692726950176e-06 0.0 1.4924999761891958e-06 6.403347261711263e-05 1.2115239269303372e-07 0.0 5.500212063506197e-08 3.867841522393369e-07 5.7793927079650916e-08 2.761729852393419e-07 0.0 1.7949352665540601e-06 3.021060545884722e-06 9.379770705409468e-06 5.436979402838408e-05 1.1351521998791321e-05 1.1052126185877186e-05 3.9014247172724437e-07 1.2544551595071853e-05 8.04244042691518e-08 6.8769688400342e-05 1.116209985626578e-06 6.170642779313475e-07 1.5227596908491267e-07 1.6312869331445924e-07 1.0122503755122702e-07 0.0 1.7020534962771635e-05 6.793752726656992e-07 0.0 2.871704881527914e-05 7.822738105264366e-05 8.387834056639362e-05 7.47550122442658e-05 1.608164047377515e-05 5.5253021397155906e-05 0.0003317979038148979 9.479235087303072e-08 2.0524809911637778e-05 3.741329953226323e-06 0.0 1.4577186118473911e-06 1.1029955490419848e-06 8.746244126740435e-08 0.0 2.1433171858881948e-07 0.0 9.304425883830359e-08 0.0 1.1100992954102454e-07 0.0 6.342695808722855e-08 2.1394717125534796e-05 3.5645020044757424e-06 1.2708546536665854e-07 1.4427661665718964e-06 1.6226373986316545e-05 2.1394094124856722e-06 1.5882157587524787e-06 7.656109376237782e-06 1.3754634227509926e-06 1.4773128294598473e-05 2.10427632438376e-06 1.1050812546445652e-06 1.4384136304642818e-05 4.1105901155049865e-06 9.296983727176695e-06 1.9284765273734085e-05 2.571101425782831e-05 1.0555595791861554e-05 3.440367804064852e-05 5.4602172106056555e-05 5.8372344020471375e-08 3.6841296672422933e-07 0.0 0.0 0.0 0.0 0.0 0.0 0.0 0.0 0.0 0.0 0.0 0.0 0.0 0.0 0.0 1.3872293114690696e-07 0.0 1.4525578692349708e-05 4.539004828999903e-06 0.0 0.0 1.315050739162515e-07 1.5035103477493932e-05 2.8792485389158463e-07 5.780429464615362e-06 1.5607250593681458e-06 1.731310279092611e-07 0.0 0.0 0.0 0.0 0.0 2.8747007597823997e-07 0.0 9.87933906996209e-07 1.5264664102347867e-07 0.0 0.0 0.0 1.0206927335404084e-07 0.0 0.0 0.0 0.0 2.459129208889027e-07 4.977242049647104e-07 0.0 2.401232862146133e-07 1.149250644695007e-07 6.811916729558705e-06 4.02412286097807e-07 0.0 0.0 0.0 0.0 0.0 0.0 0.0 0.0 2.889539939581316e-05 1.241459114378542e-06 6.211533027738161e-08 0.0 0.0 1.2349049664876735e-05 2.1975143478141085e-07 5.434228918275691e-06 5.820629149992778e-07 1.8032931472865713e-06 1.0313413827155071e-06 0.0 5.4990800756759155e-08 7.332174446500588e-07 0.0 0.0 0.0 5.005845219084289e-08 6.272891094207651e-08 0.0 0.0 2.2853357986613815e-05 1.1980241958854847e-05 5.142169136353602e-06 0.0001323122124590351 3.330220629863848e-06 7.484108977773407e-05 2.264901104599326e-05 3.112897081138806e-05 1.4661821896002675e-05 7.949208827696021e-07 3.326979985557978e-05 4.217258759960115e-06 0.0 1.3885776531772085e-06 5.701924652142279e-07 5.108145479241675e-06 3.265921125462878e-07 1.8110758015535163e-07 6.429580128664095e-07 3.14256403866304e-06 3.236199451107783e-07 4.25450914802176e-05 3.0004203722380954e-05
0.00030263347268722445 1.88042424854591e-05 1.4458935609029319e-05 0.0002900481918960347 6.731109933311379e-06 8.234320639556026e-05 2.4133397055986916e-05 3.925765779485887e-06 2.5411141557187573e-06 0.00025536656500475466 2.253168421338278e-06 0.0 0.00046039751114639016 7.023927483749309e-05 9.536496331192268e-06 2.184347218587168e-05 2.6009457906749623e-06 0.0 0.0 0.0 7.746133599696592e-08 0.0 9.235898080428173e-08 5.839920529857147e-08 4.878332774397154e-07 0.0 0.0 0.0 0.0 0.0 4.3388537036559034e-05 4.317814998191881e-06 8.999254873412841e-05 0.0 1.587534846442223e-07 3.8780603082025593e-07 7.779841204364285e-05 5.460640937804411e-06 8.858766204559765e-07 1.9717675593980666e-06 7.471603478489502e-08 0.0 5.66358638736466e-08 1.8916000406601965e-06 7.104634654252398e-08 4.6197212140281326e-07 1.5527567551314728e-05 5.5117889823577565e-08 0.0 0.0 1.8295914813495966e-07 8.571832921536712e-08 1.2207281416087106e-07 0.0 5.714213641809879e-08 9.53679486594458e-08 1.5005417799630825e-06 3.7122007122728258e-06 1.7123336315006867e-06 8.731095281576388e-07 1.1050984327401432e-06 2.9042933846407972e-05 2.153633957140784e-07 4.657186330447529e-06 1.544863988370612e-07 4.6182792634155314e-08 0.0 0.0 6.929592564111415e-08 0.0 0.0002215814944046193 2.100038695495584e-06 0.0 2.6216359650171655e-06 6.644193604070951e-06 1.2861529104090611e-05 2.3649084992525906e-05 3.437125567765906e-06 1.8156144598932982e-06 2.557127348215903e-05 7.646649173687265e-08 1.8694896707810636e-05 2.1712851803705474e-07 0.0 2.0577480627630182e-07 1.8220875196024222e-07 1.1998663269079488e-07 0.0 0.0 0.0 0.0 0.0 0.0 0.0 0.0 0.00013649749496375758 1.3148138941418971e-05 0.0 1.6144230200684893e-05 2.3751346671365585e-05 9.182911388418736e-07 2.182776644956087e-06 4.8522576546350435e-06 1.2894844010643795e-06 1.0305767220521054e-05 1.9022010850604578e-06 1.088183192668073e-06 1.0520406670362042e-05 3.263580383723146e-06 6.019914352954377e-06 1.1503728473196604e-05 1.6507846743904206e-05 7.13913842561675e-06 2.4161348009365846e-05 3.916797054326781e-05 2.1076106846642785e-07 8.225862832057039e-08 0.0 0.0 0.0 0.0 0.0 0.0 0.0 0.0 0.0 8.136256261636806e-08 0.0 0.0 0.0 0.0 0.0 0.0 0.0 6.54154875095578e-06 3.2461643580030498e-06 0.0 0.0 0.0 9.120349950389578e-06 1.5838830681219565e-07 4.0804303222039465e-06 1.506873672858646e-06 1.9493252589625947e-07 0.0 0.0 0.0 0.0 0.0 9.796557232540298e-08 0.0 4.678568610801304e-07 5.897588964910136e-07 0.0 0.0 0.0 1.0432234011277782e-07 0.0 1.663796866568401e-07 1.6010410114319183e-07 0.0 5.267503196638353e-07 7.915858952092029e-07 4.17664250306115e-08 6.86465539726643e-08 7.647211562545623e-08 4.535371674402985e-06 8.069773102240427e-07 0.0 0.0 0.0 0.0 0.0 0.0 0.0 0.0 2.1355191787659228e-05 3.064560714824059e-07 0.0 0.0 0.0 6.225802945637963e-06 3.4867965736889656e-07 3.3574385201810827e-06 7.431871102202808e-07 2.9114330799143e-07 4.014222077227826e-07 1.0691885342124541e-07 0.0 5.067524856618942e-08 0.0 0.0 0.0 0.0 0.0 0.0 0.0 1.7919227376238046e-05 6.838808239665023e-06 3.142708201278789e-06 0.00010322868517573766 1.8465759132765287e-06 3.034411973906109e-05 1.4518815908647054e-05 6.521414303326994e-05 5.003208905948922e-06 3.038293838486534e-07 1.2218250378162553e-05 3.5760864146352955e-06 1.7694378643517553e-07 2.4291267871317946e-06 3.5832210996008794e-07 7.632259092034732e-06 1.8942599272618762e-07 0.0 1.137004122596328e-07 1.0010868701525162e-06 8.448280415423767e-07 0.00011971339251298107 2.9146154643395012e-05
