259.0737890675664 3264.412144757807 130.9776685833931 1452.27425647527 136.5739520266652 80.68600672483444 842.8519025817513 32.05551989376545 14.24291330575943 1384.320598065853 49.6028950959444 263.5254906341434 403.0947165340185 170.1202213764191 1.410224795341492 0.7593658193945885 0.2313144281506538 0.3711398541927338 0 0.1403573900461197 0 0.1212964504957199 0 0.2837527692317963 0.08879167586565018 0 0 0.1686495691537857 0 0 549.1447200104594 2.615598134696484 49.44929335266352 0.1120137572288513 0 0 17.54641611129045 7.665954649448395 7.148658625781536 0.9014231562614441 0 0 0 0.1208685114979744 0.1289590746164322 0 5.131946206092834 0.9050630331039429 0.09866752475500107 0.6801576614379883 0.721767395734787 0 1.972290277481079 0 2.396275825798512 11.7713141515851 252.7265757545829 985.0121311694384 141.2952607795596 31.81041420996189 0 1.756442576646805 0 4.216781787574291 6.558087557554245 7.739346139132977 3.634676180779934 0.392154261469841 0.6333339735865593 0.1408091187477112 16.16003721952438 1.976149499416351 0 309.2360894978046 17.42098417878151 17.19514189660549 3.291901186108589 0.1169960275292397 0 57.24880246073008 0 1.857219457626343 7.085888803005219 0.3778858035802841 3.122228622436523 8.839715525507927 0 0.1360814571380615 2.946130953729153 0.09627759456634521 1.227793850004673 0 0.158740222454071 0.9281665459275246 0.4571338966488838 73.87663294374943 11.19260796904564 0 8.589548692107201 709.5326338708401 0 11.52513846755028 1.212852388620377 36.39777612686157 0 17.51501139998436 7.20968322455883 1.045870542526245 13.10309240221977 9.00630196928978 0.430866926908493 3.706896811723709 10.42463377863169 2.988823361694813 0.9444538950920105 0 0 0 0 0 0 0 0 0 0 0 0 0 0 0 0 0 0 0 0 0 0 0 0 2.496959671378136 1.735763072967529 6.705476894974709 6.513523921370506 0.4993136525154114 0 0 0 0 0 0 0 0 0.1238374039530754 0 0 0 0 0 0 0 0 0 0.3876114040613174 2.561689898371696 0 0 1.73820835351944 0 0 0.1330546587705612 0 0 0 0 0 0 2.105643048882484 1.104093909263611 0 0 0.1831952631473541 0 0 0 0.1024070829153061 0 0.3935635089874268 0 0.3809234201908112 0 0 0 0 0 0 0 0.3980672061443329 2.12595596909523 1.971019141376019 5.388571135699749
3264.412144757807 3154.202118456364 948.6732156947255 1990.064320571721 2786.636975862086 64.18805152177811 3467.784615829587 237.71231970191 1699.329717412591 285.6620665788651 641.7127327173948 81.96135686337948 1223.015897274017 5534.334762975574 22.63553363829851 4.319343887269497 1.137003064155579 0.6194471642374992 0.2014839947223663 0.8822439908981323 0.7253500074148178 0 1.457215592265129 0.6646590977907181 0.1066426783800125 0.08255361765623093 0 0.86968944221735 0.6403884589672089 0 2701.420493401587 20.54267399758101 157.9214459136128 0.6395067125558853 0.3391518592834473 1.814850956201553 24.22422784566879 16.20881514251232 6.30429021269083 3.896379038691521 0.1178095936775208 1.026244975626469 1.162324778735638 0.6742133423686028 0 0.3746959269046783 80.80137158185244 6.657911241054535 1.630643986165524 1.230372801423073 4.731423005461693 0.4550823867321014 0.8463409543037415 0.8497668281197548 4.637834914028645 32.51638384908438 120.397252343595 933.9010797739029 112.6771788671613 177.2897205278277 3.034488953649998 20.2238557562232 0.8797736763954163 74.73055224865675 25.23817872256041 20.59571540355682 12.81913364678621 4.677562773227692 5.337158359587193 3.443036183714867 20.02061489224434 1.338736392557621 0.3101686388254166 710.6924158558249 131.4063157960773 214.6675494015217 43.61555406451225 1.308978043496609 3.599139824509621 253.9646896123886 1.105883441865444 14.88820527493954 25.71332101523876 1.04267455637455 11.156394995749 27.15970958769321 0.7580244541168213 1.358001656830311 14.85791929811239 0.583066813647747 4.104524008929729 0.850377656519413 2.628859862685204 2.777202241122723 0.8652172386646271 26.37093204259872 4.758593112230301 0.1858004331588745 4.493684843182564 778.2786525636911 0.2522339224815369 15.27715991437435 3.446566700935364 4.533841997385025 0.248985692858696 39.86362707614899 15.94438920915127 1.308226197957993 6.431391462683678 10.57352367043495 0 7.151134386658669 21.64938626438379 8.408403880894184 2.560269072651863 0 0 0 0 0 0 0 0 0 0 0 0 0.2032485753297806 0 0 0 0 0 0 0.5865473747253418 0.1867740005254745 0 0 0 5.268440693616867 1.283900663256645 6.352885782718658 9.576633758842945 1.757335335016251 0 0 0 0 0 0 0 0.1396075636148453 0.12054044008255 0 0 0 1.298657387495041 0.181022435426712 0 0 0.1183917820453644 0.766405425965786 0.520150251686573 3.498331032693386 0 1.392562866210938 1.522097513079643 0 0.1637259274721146 0.1286670416593552 0 0 0 0 0 0 5.367648221552372 0.1391372680664062 0 0.3104050755500793 0.1389561593532562 0.5230932831764221 0 0.3446015417575836 0 0.6104198694229126 0.1080049499869347 0 0.1184815317392349 0 0.2154511213302612 0 0 0.09614982455968857 0 0 0.6519478559494019 2.462700709700584 3.84443923830986 10.57486619800329
130.9776685833931 948.6732156947255 1287.603785708547 13.87675338238478 1276.587235547602 1.463886469602585 49.00174345821142 4068.94409430027 779.3679171055555 2.409802742302418 3284.772229991853 18.84222661703825 184.9226857051253 2910.168928362429 13.99333385378122 8.708575889468193 2.791659153997898 3.032251678407192 0.1241758316755295 12.2245074659586 8.661148816347122 0.1676486432552338 12.4935482442379 13.41087199002504 3.109273284673691 0.5707724392414093 3.985852383077145 1.453137621283531 0.5816697329282761 0.6285391300916672 2585.815953753889 637.4956780299544 526.348205909133 2.459175638854504 2.986295059323311 12.59048489481211 56.97864037752151 70.04605836421251 7.053925171494484 4.786415331065655 0.8762824386358261 9.616279631853104 14.99810517579317 0.6922832801938057 0.2516206279397011 0.4629435986280441 37.44382308423519 2.140956498682499 3.291889779269695 11.44664089381695 11.41046374291182 1.076434120535851 0 3.987411253154278 0.7783395126461983 5.683552294969559 23.74748931080103 635.5823047459126 30.14781145751476 35.25747153162956 4.611357443034649 224.8880804926157 1.766971230506897 650.9213266596198 4.051487728953362 14.23024415969849 12.69565132260323 26.94247044622898 61.55446695536375 45.30299647152424 16.23586419224739 4.806023865938187 0.3846820294857025 163.1216169893742 77.16395826637745 74.34688843041658 54.28911085426807 3.202719770371914 18.43381276726723 2314.543744035065 3.820049554109573 203.6434323638678 5.42293319106102 0.3159250095486641 3.821375660598278 5.110620878636837 7.728496044874191 0 2.757690712809563 0.1212304159998894 1.169269271194935 0.4946185052394867 31.45308405905962 19.81627778708935 12.15884288400412 1.088790588080883 2.995773956179619 0 3.412693306803703 67.9656952470541 0.3897166326642036 0.5756175518035889 0.2175217419862747 0.1221442744135857 0.480229414999485 5.100288525223732 0.8561577647924423 2.035259932279587 1.64037498831749 1.509413778781891 0.379965528845787 7.232762977480888 15.06984084844589 7.698890663683414 0.8633760586380959 0 0.1606662273406982 0 0 0 0 0 0 0 0 0.2917686104774475 0 1.654936984181404 0 0 0 1.714214518666267 1.707082405686378 0 0.1281205117702484 0.1570626646280289 0 0 0 4.884069614112377 0.1318589895963669 6.64212117344141 8.133064545691013 2.006129577755928 0 0 0 0 0 0.8818550109863281 0 0 0.1047741994261742 0 0 0.4329877644777298 1.808836847543716 1.884630650281906 0 0.1270258575677872 0 0 0 0 0 1.376816034317017 2.679868511855602 0 0 0 0 0 0 0 0 0.9909093379974365 5.594466619193554 1.025611281394958 0.3837869167327881 0.9560753256082535 1.771823987364769 0.1416174322366714 0 0.4295111745595932 0 0 0 0.1887915879487991 0.5107898712158203 0 0 0 0 0 0.6459149718284607 0.4635124057531357 1.747095510363579 1.432879015803337 5.002501770853996 13.4538361877203
1452.27425647527 1990.064320571721 13.87675338238478 623.5275642946362 35.55657468736172 358.8978385403752 576.3408024087548 0.4618916809558868 1.714840710163116 2763.344865165651 1.892314434051514 1235.379313029349 2178.822791747749 45.01123569905758 1.485581569373608 0.1072022616863251 0.2167315781116486 0 0 0 0 0 0.1962864696979523 0 0 0 0 0 0 0.1035094782710075 15.38957732915878 0.7317367494106293 0.1613339185714722 0 0 0.1964984387159348 5.761305928230286 0.09769994020462036 3.721156075596809 1.920590490102768 0 0 0 0 0 0 6.485279552638531 1.101976193487644 0.0941309928894043 0.08625195175409317 0.8034857362508774 0 0 0 0.4662501811981201 5.615916855633259 60.86352518945932 95.39822895079851 29.38696528971195 27.92983593046665 0 1.316512912511826 0 1.36806596070528 4.519264809787273 3.524465084075928 1.253306172788143 0.3196100518107414 0.121976375579834 0.08431313931941986 6.532133810222149 6.220960512757301 0 132.6242194548249 12.64298554509878 17.89819537848234 0.7763501107692719 0 0.4055024385452271 0.2222930565476418 0.1089810580015182 0.3202683627605438 5.138486325740814 0.1019086316227913 2.111257188022137 5.518003813922405 0 0.09894145280122757 2.76175332069397 0.1918913647532463 0.6162097975611687 0 0 0 0 51.20876576006413 3.676406897604465 0 0.5146761387586594 312.5052478685975 0.5524376779794693 16.55864198505878 12.33078457415104 29.31939981132746 0 24.36543087661266 23.71918630599976 0.7290483117103577 24.44125973433256 11.86960509419441 0 2.710596457123756 12.10982097685337 2.934083715081215 0.3445758521556854 0 0 0 0 0 0 0 0 0 0 0 0 0 0 0 0 0.3117301166057587 0 0 0.8615388572216034 0 0 0 0 0.686967521905899 0 3.05375374853611 3.028364345431328 0.3499365150928497 0 0 0 0 0 0 0 0 0 0 0 0 0 0 0 0 0.206106886267662 1.011284425854683 1.068699523806572 1.436427272856236 0 0 0.579963743686676 0 0.2470552995800972 0.09229302406311035 0 0 0 0 0 0 1.226329833269119 0.9897728264331818 0 0 0 0 0 0.347118467092514 0.5961126238107681 0.2196024060249329 0.3894506990909576 0 0 0 0 0 0 0 0 0 0 1.225528798997402 0 3.386832997202873
136.5739520266652 2786.636975862086 1276.587235547602 35.55657468736172 1080.280436143279 8.161204658448696 1555.228788502514 261.8674165606499 4228.41185593605 76.29639653861523 888.5144352242351 36.86691337823868 459.3246295750141 5808.913353949785 17.36854439228773 5.519442871212959 0.4192892163991928 0 0 0 0 0 0 0.3244894444942474 0.4070149660110474 0 0.2820716500282288 0.3453074991703033 0.301889568567276 0.1834447383880615 171.2899489924312 18.36496402323246 22.61416044831276 0 0 2.063573457300663 23.98516526818275 15.20695275813341 4.356376990675926 5.778342679142952 0.09292696416378021 0.348246157169342 0.3699962049722672 0.2851492241024971 0.1284341067075729 0.09610589593648911 42.0687380284071 1.632413275539875 0.1517950594425201 0.6140308305621147 0.6182180345058441 0 0 0 1.228996902704239 4.982816226780415 7.95297509431839 128.3638084307313 14.96572285890579 51.50294376164675 2.154440142214298 4.546568624675274 0.5855168253183365 51.81447242200375 5.917350962758064 4.270483262836933 2.68533881008625 0.5899032205343246 0 0.5278613939881325 20.94708123803139 2.630413934588432 0 136.3310548365116 52.41303359717131 99.51057450473309 39.07908402383327 1.409587673842907 1.144031450152397 14.24783302843571 0.5258985087275505 2.084471613168716 5.037611752748489 0.1963515132665634 2.750642858445644 5.907171331346035 0.1338846534490585 0.1180969253182411 4.024261094629765 0 1.033286541700363 0.2314876243472099 0.4390709325671196 0.978421725332737 0.4464337676763535 8.344424448907375 5.703249543905258 0 6.435776025056839 20.55666674673557 0 2.928131371736526 0.6111037582159042 1.826586067676544 0.9484764337539673 10.34785538911819 3.539049834012985 3.138748541474342 2.20839337259531 2.205226853489876 1.780033901333809 6.655632734298706 16.88547124713659 8.497785404324532 2.164197415113449 0 0.5392121374607086 0 0 0 0 0 0 0 0 0 0 1.320776402950287 0 0 0 0 0 0 0 0 0 0 0 10.97621989995241 1.952674180269241 14.60039373487234 11.52090667188168 1.152938336133957 0 0 0 0 0 0 0 0.4267579615116119 0.2492919415235519 0 0 0 0.8142363578081131 0 0 0 0 0.1047305166721344 1.332699701189995 0.612224206328392 0 0 1.191934466362 0 0 0 0 0 0 0 0 0 5.083865761756897 1.137596726417542 0 0 0 0.3909909576177597 0 1.936102658510208 0 1.001359552145004 0 0 0.3729975670576096 0 0.3022935688495636 0 0 0 0 0 0 3.376959398388863 3.52648738026619 12.73395303636789
80.68600672483444 64.18805152177811 1.463886469602585 358.8978385403752 8.161204658448696 20.51021131873131 70.36918026953936 1.184250727295876 1.548054561018944 549.4912973567843 3.598659247159958 207.0864253565669 155.7182188332081 22.72029032558203 0 0 0 0 0 0 0 0 0 0 0 0 0 0 0 0 1.611376963555813 0 28.53186297416687 0 0 0.7036175131797791 88.84423729777336 2.507069200277328 13.71931071579456 0.914716437458992 0 0 0 0 0 0 0 0 0 0 0 13.394287802279 0 0 0.285927340388298 1.209540151059628 249.5824135094881 18.03720553219318 6.922776937484741 0.8853842616081238 0 3.633514687418938 0 0 0 0 0 0 0 0 262.7668746933341 168.1181430071592 18.7871418595314 7.983744658529758 0 0.4794386923313141 0 0 0 2.687509246170521 0 0 0.1211530715227127 4.654028244316578 0.1021605283021927 0.8118688017129898 0 2.744735240936279 1.450992792844772 17.23282518237829 0.6675609797239304 0.2962262332439423 0 0 0.1842721253633499 482.4208388626575 320.7866163700819 8.223736777901649 82.24744457751513 275.4376820996404 0 7.250894099473953 0.6077295690774918 12.28761526942253 0 0.9578682631254196 3.881770461797714 0 0.8309378027915955 4.397909477353096 0 3.3288334608078 3.966417104005814 0.700174868106842 0.5965774655342102 0 0 0 0 0 0 0 0 0 0 0 0 0.3239607512950897 0 0 0 0 0.1958759129047394 0 0 0 0 0 0 1.406142175197601 0.4540368914604187 0.9211394190788269 2.901186317205429 0 0 0 0 0 0 0 0 0 0 0 0 0 0.6769995391368866 0 0 0 0 0 0.1151916161179543 0.8714390993118286 0 0 0 0 0.3686534762382507 0.144963875412941 0 0 0 0.269926905632019 0 0 0.626596063375473 0.4516105055809021 0 0 0 0 0 0 0 0 0.1099375784397125 0 0 0 0 0.1520446389913559 0 0.3829326629638672 0 0 0 3.466801911592484 0.3391335904598236 2.133048251271248
842.8519025817513 3467.784615829587 49.00174345821142 576.3408024087548 1555.228788502514 70.36918026953936 687.8101185634732 3.385892897844315 755.1435192897916 1297.29411008209 112.093477293849 715.8884944319725 3428.13634762913 3235.176756761968 29.0806502699852 6.056506223976612 0.5504870638251305 0.3828470334410667 0 0.3873210698366165 0 0 0 0.2667498216032982 0.5361652448773384 0.1079607233405113 0.3267786651849747 0.1434184908866882 0.2738277912139893 0.1518977731466293 161.5922184213996 14.56691982597113 21.69304878264666 0 0 3.90091198682785 50.47015810757875 40.07869018614292 27.64400748163462 7.122542232275009 0 0.4021871238946915 0.2304995059967041 0.8250831142067909 0 0.09447290003299713 68.12125474214554 5.017719350755215 0.1893165409564972 0.2178498357534409 2.803671158850193 0 2.428996786475182 0 2.471395432949066 17.57623685896397 55.76916336268187 265.4772941321135 52.57212530821562 133.4415629804134 2.079402483999729 18.04593532532454 0.3525118976831436 63.61805126070976 16.08783618360758 14.47355425357819 9.65164390951395 1.786660335958004 0.732261449098587 0.09937242418527603 60.72781638801098 8.552441194653511 0 424.4270331561565 99.69460514187813 190.8179796338081 42.87357248365879 1.823185719549656 1.675444342195988 4.355369947850704 1.288313046097755 3.780480600893497 19.80319311469793 0.09306115657091141 5.022636473178864 20.34491386264563 0.3431593999266624 0.7966163381934166 13.53471738100052 0 3.089015051722527 1.044547490775585 0.2018590494990349 1.317446611821651 0.6626638099551201 78.38824868947268 31.36164133250713 0 16.12540066242218 121.9667057320476 13.64879430830479 54.14556736499071 221.5041592866182 60.35461749136448 4.799641758203506 190.2665285989642 35.67208402603865 23.83914892375469 261.587267331779 60.68719121068716 1.652844287455082 233.7663995176554 232.281086102128 79.53413373976946 7.884663611650467 0.7723433077335358 0 0 0 0 0 0 0 0 0 0 0 0.7858396917581558 0 0.6455421447753906 0 0 0 0 14.98535538464785 1.123955458402634 0 0 0 20.34017807245255 7.052006483078003 44.82919731736183 33.62646110355854 8.370400555431843 0 0.1589029729366302 0 0.1142700910568237 0 0 0 3.415710933506489 2.035618245601654 0.1060106307268143 0.3565199598670006 0 0.3702331185340881 0.8173341453075409 0.3309613168239594 0.7525989636778831 1.732028678059578 10.5651588588953 12.43817366659641 4.946208663284779 0 4.116718411445618 8.996322393417358 3.606074146926403 2.050715044140816 3.32607489824295 0.1464478224515915 0.496053583920002 0 0 0.1015362143516541 1.003282099962234 19.86805112659931 1.856373980641365 0 0 1.322032600641251 1.705676160752773 0.2056421563029289 4.154425859451294 17.55001020431519 7.799092940986156 7.180544264614582 1.575457870960236 0.9071526601910591 1.217825584113598 0.2140320837497711 0 0 0.8957726210355759 0.09225321561098099 1.27084769308567 0.2348398119211197 16.05620081722736 6.670472130179405 37.51688081026077
32.05551989376545 237.71231970191 4068.94409430027 0.4618916809558868 261.8674165606499 1.184250727295876 3.385892897844315 744.6988558098674 254.213835246861 1.115873575210571 1137.104349203408 3.833258710801601 19.6133364289999 473.8659491539001 11.35294303297997 18.29577131569386 5.741595506668091 7.632595784962177 0.9546205997467041 20.12697902321815 13.88749936968088 1.035791963338852 20.91289563477039 23.03007501363754 5.431459531188011 4.093180105090141 5.411232680082321 2.490164823830128 3.233968645334244 1.959736943244934 675.7721879482269 2898.615269929171 195.0864020809531 4.350057832896709 3.413069143891335 30.58663070946932 75.96106603741646 111.2195519432425 6.811975285410881 5.613552421331406 3.861424989998341 17.38279391080141 34.91561608016491 45.05517871677876 3.07874459028244 14.81637308001518 30.06979351490736 4.676598533987999 4.822367668151855 28.81297288089991 11.15570905804634 3.338863641023636 2.158045321702957 4.456103459000587 0.8814190179109573 1.43455196171999 4.566740788519382 141.5641030669212 6.048880621790886 17.39002846181393 86.57621752470732 479.1835298165679 17.47543069720268 502.7501936480403 3.202155090868473 29.42298067361116 14.78639459609985 39.44015017896891 73.67877179384232 70.12260472774506 17.20327988266945 3.871957138180733 0.8483615964651108 48.67196085304022 54.45667453855276 92.53600431978703 367.2394176274538 184.6518316194415 965.0038017332554 1528.402406796813 128.7122180759907 1058.52452480793 4.960327051579952 0.0931452140212059 8.711014442145824 2.548446282744408 15.28537695109844 0.6282981932163239 3.104571714997292 0 2.222096368670464 2.460934318602085 40.21769794821739 25.0802595987916 24.66146437078714 2.203567534685135 3.664982199668884 1.842485427856445 3.197958521544933 15.44876419752836 0 0 0 0 1.09679801762104 4.061132878065109 0.5556217730045319 2.149487093091011 0.7394998520612717 0.5695123672485352 0 2.394464299082756 5.945344522595406 4.023515716195107 0.2936645150184631 0.2145234793424606 0 0 0 0 0 0 0 0 0 0.4683290719985962 0 1.055225372314453 0 0 0 0.4720703214406967 0 0 0.3504294008016586 0.137703999876976 0 0 0 6.435980327427387 1.415914356708527 5.530088134109974 5.678138896822929 1.593669682741165 1.096912026405334 0 0 0.1319973766803741 0 0 0 0 0.1071754172444344 0 0 0.4463185518980026 1.995388016104698 3.397884488105774 0 0 0 1.071529388427734 0 0 0 0.8879343271255493 1.758078172802925 0.1278336495161057 0 0 0 0 0 0 0 0.5245901942253113 7.297940343618393 3.933248460292816 0.7313921451568604 0 4.003421887755394 0.5469663292169571 0 0.4217969179153442 0 0.1069493517279625 0 0 0 0 0.1864844039082527 0 0 0 0 0.9623328447341919 0.5522386729717255 0.8883303999900818 5.067112028598785 7.894723065197468
14.24291330575943 1699.329717412591 779.3679171055555 1.714840710163116 4228.41185593605 1.548054561018944 755.1435192897916 254.213835246861 368.8054227083921 24.01014675945044 586.7028102427721 22.91533794254065 284.4278248474002 1998.140500761569 11.88303991407156 4.534694686532021 0.280061386525631 0 0 0 0 0 0 0 0.8068502247333527 0 0.237336665391922 0 0 0 58.54754037410021 12.94876497983932 29.95226901769638 0 0 2.41369254142046 25.60247604548931 11.69140131026506 7.62913241237402 1.874064989387989 0 0.186820462346077 0.124636173248291 0.1258306503295898 0 0.2437501475214958 23.87363500893116 0.6132475584745407 0.3239818066358566 0.1165671944618225 0.3846200108528137 0 0.5840465426445007 0 0.2087101563811302 1.927112512290478 1.97860562056303 51.29864812642336 3.504367262125015 21.75094826519489 0.7963592633605003 9.437695890665054 0.5488799661397934 37.35172344744205 1.621935643255711 1.70332745462656 0.7237914800643921 0.2130706310272217 0.4314838200807571 0.4465129151940346 25.74744939804077 3.535003751516342 0 51.85337180644274 25.29373917728662 65.64853585511446 31.70616303384304 0.9982001110911369 0.1221431866288185 16.86529332399368 0.1030702292919159 3.562234856188297 1.257938206195831 0 1.04433074593544 2.263394333422184 0 0.1007009968161583 1.766103059053421 0 0.8482789620757103 0.1198437660932541 0.3636583238840103 0.4026367366313934 1.316055983304977 2.908283457159996 8.314405217766762 0 10.59370291233063 2.119937464594841 0 4.114080518484116 2.1727135181427 0.6223143339157104 0.5482728481292725 9.941250830888748 1.999150022864342 2.803895086050034 3.932501465082169 1.557932496070862 0.2413731217384338 11.62140573561192 22.39725179970264 15.94810434430838 3.248416543006897 0 0 0 0 0 0 0 0 0 0 0 0 0.1256465762853622 0 0 0 0 0 0 0.1227725520730019 0 0 0 0 11.7147516682744 0.6530303806066513 14.27120355516672 19.04017855226994 2.027271747589111 0 0 0 0 0 0 0 0.6195155382156372 0.7120631337165833 0 0 0 0 0 0 0.3962318003177643 0 0 0.6752139776945114 0.1258596926927567 0 0 4.702069580554962 0.8417362570762634 0 0.4651309847831726 0 0 0 0 0 0 8.958128064870834 0.5052096843719482 0 0 0 0.7368582636117935 0 1.343017503619194 0.823136568069458 0.330751895904541 0 0 0.4020635262131691 0 0 0.2875770330429077 0 0.09616181999444962 0 0 0 4.214601472020149 5.505084499716759 18.22890463471413
1384.320598065853 285.6620665788651 2.409802742302418 2763.344865165651 76.29639653861523 549.4912973567843 1297.29411008209 1.115873575210571 24.01014675945044 1217.569332823157 4.415225312113762 3753.581959299743 2719.429099209607 237.4485798478127 3.617328979074955 0.4038054496049881 0.1920420303940773 0 0 0 0.1051131337881088 0 0 0 1.092923991382122 0 0 0 0.192573145031929 0 18.91650456190109 0.9895197078585625 41.3635635599494 0.2326348572969437 0 2.319694176316261 113.5987163409591 68.08422777801752 38.64406950026751 11.98636500537395 0 0 0 0 0 0 11.89343073964119 2.123189337551594 0.0913858562707901 0 1.051339581608772 0.1710545420646667 4.312942877411842 0.1052342131733894 1.074959747493267 9.100662030279636 107.0327339917421 129.274035833776 46.26711873710155 43.9948213249445 0.2097173854708672 19.281732596457 0 4.153515286743641 8.808871261775494 6.229866564273834 3.555361680686474 0.293085977435112 0 0 175.736831150949 24.18845374882221 1.691693261265755 205.487726084888 20.05654281377792 35.06051532179117 3.324935503304005 0.522280640900135 0.2189536392688751 2.185062929987907 0.2012477517127991 0.7625359371304512 7.014967978000641 0.1568661481142044 2.426147624850273 8.671751096844673 0.1796290501952171 0.3035201728343964 4.982677862048149 0.5848634243011475 0.7521414905786514 0.276032842695713 0.07624103873968124 0.4070510715246201 1.017919823527336 431.7027509361506 79.0976307913661 0.5310523211956024 37.39124631136656 400.8389436230063 2.374772794544697 137.776962608099 97.14221804589033 76.03697004169226 0.8414482474327087 111.9446716532111 103.5137013047934 23.02031330764294 93.28477711230516 125.6352979838848 1.185717180371284 286.0773638039827 350.5978450775146 99.40493556112051 6.996344968676567 0.4806078970432281 0 0 0 0 0 0 0 0 0 0 0 1.226156204938889 0 0 0 0 0 0 1.619811832904816 0 0 0.8501469492912292 0 20.44957864284515 5.706306129693985 35.97188873589039 32.40335577726364 5.581403791904449 0 1.151591271162033 1.503181099891663 0 0 0 0 1.758464619517326 0.4370408058166504 0 0 0 0.5223709940910339 0 0.1025714129209518 0.8855909332633018 0.09171537309885025 6.62996968626976 4.296048954129219 18.10492642968893 0 1.175980448722839 7.996925935149193 0.5116428881883621 0.8322644010186195 0.8886983767151833 0 0 0 0 0 0.3118245154619217 18.74617046117783 2.696290969848633 0 0 0 0.144128292798996 0 4.193582087755203 4.644959576427937 2.323388934135437 1.185564085841179 0.1529518365859985 0.4567848294973373 0.6705554723739624 0 0.09103663265705109 0 0.1096157506108284 0 0 0 32.47075156122446 7.711337864398956 27.24829083681107
49.6028950959444 641.7127327173948 3284.772229991853 1.892314434051514 888.5144352242351 3.598659247159958 112.093477293849 1137.104349203408 586.7028102427721 4.415225312113762 1150.682419583201 163.4364540353417 943.25681129843 3054.538872279227 30.59132846444845 13.87395025789738 0.9439730048179626 0.3392937779426575 0.1009520292282104 0.6079296097159386 3.730476766824722 1.008334875106812 3.030353754758835 2.495908096432686 1.311347723007202 0.6049045026302338 2.15603169798851 0.4146441221237183 1.815211772918701 0.2933878600597382 333.5766020938754 52.50538248568773 1022.22323089838 0.3636600524187088 1.091124951839447 4.684129074215889 257.9045236334205 80.2755675688386 17.52196098864079 7.408171117305756 1.055980823934078 3.562155105173588 0.8068492114543915 0.5085730105638504 0 0.146449401974678 48.64650018513203 1.89898469299078 2.377924159169197 0.9293499290943146 2.414913140237331 1.773644015192986 0.7216587066650391 3.352403447031975 0.4533248022198677 1.682876639068127 6.531387887895107 116.4591193050146 9.730313502252102 34.69695428013802 2.57356458902359 97.08793448656797 0.525911882519722 90.65698846429586 2.763836793601513 3.794368803501129 4.535328671336174 3.039136096835136 10.26879262924194 5.907697081565857 70.41643965989351 8.712422385811806 0 77.30038905143738 45.38698188960552 118.7644913420081 78.18190081417561 4.956964924931526 1.731290936470032 1014.221196390688 0.6084101647138596 12.40816553682089 2.665930554270744 0 1.599427536129951 2.819627963006496 2.629175759851933 0.09665817022323608 3.578688770532608 0.1073045581579208 1.180952854454517 1.347993761301041 10.197379514575 6.411834642291069 5.56244583427906 11.58339208364487 5.225878044962883 0 7.385437779128551 12.09206495434046 0 2.573364868760109 0.9090734571218491 0.9339296966791153 0.3017745465040207 21.35095449537039 3.038295060396194 6.936139583587646 7.250229224562645 5.919906437397003 1.639608025550842 10.03574783354998 34.21642768383026 21.52279698848724 3.778005734086037 0.564340814948082 0 0 0 0 0 0 0 0 0 0.4728287309408188 0 0.1106692031025887 0 0 0 0 0.4843744039535522 0 1.192709773778915 0.128567636013031 0 0 0 20.32580581307411 0.5193232819437981 22.3287460654974 11.41505587100983 1.815298974514008 0.5746218711137772 0.1445841938257217 0 0 0 0 0 0.1284008473157883 0.8207156956195831 0 0 0 0.3374365568161011 0.6690917313098907 0 0.1599719673395157 0 0.2461512982845306 0.7245590016245842 0 0 1.273833513259888 4.469528965651989 0.1280501782894135 0 0 0 0 0 0 0 1.075164645910263 19.30194301903248 1.085862398147583 0.1141654998064041 0.1082369312644005 0.6196154803037643 1.330352157354355 0 2.545187711715698 0.4011121168732643 1.390436261892319 0.886861115694046 0 0.3466707393527031 0.1612179577350616 0 0 0 0 0 0 0.4663109481334686 5.482385091483593 7.485034480690956 26.91243804991245
263.5254906341434 81.96135686337948 18.84222661703825 1235.379313029349 36.86691337823868 207.0864253565669 715.8884944319725 3.833258710801601 22.91533794254065 3753.581959299743 163.4364540353417 195.459719568491 959.1541856899858 219.5168067291379 12.21575500816107 6.805340155959129 0.1986271142959595 0 0 0 0 0 0.1270043253898621 0 1.891760259866714 0 0 1.201049283146858 1.291202530264854 0 7.000116810202599 2.529175847768784 56.6679915189743 0.2129742875695229 0.1143882274627686 1.11042831838131 206.1062916964293 40.89399684220552 32.64081291854382 11.76363775879145 0 0.8974905759096146 0 0.4092247784137726 0.1128924265503883 0.3966454043984413 26.86514154076576 0.8595339432358742 0.1731888055801392 0.1106215864419937 0.6506770849227905 2.594045579433441 1.752769663929939 1.114174723625183 0 1.34405442327261 15.02527291327715 22.22962172329426 9.226303905248642 17.22045458853245 0.404801569879055 15.65819088369608 0.3580304458737373 8.661186210811138 2.314185820519924 1.440504655241966 0.7604795545339584 0.3807222098112106 0.9985935389995575 0 177.0520963519812 15.01114133000374 0 49.87969869375229 8.578040979802608 42.25984662026167 26.07059885561466 2.246982328593731 0.5615512281656265 7.043006777763367 0 1.498775124549866 2.89245817810297 0 0.8677709847688675 2.387966670095921 0.1197623908519745 0.1219632998108864 0.7113678678870201 0.2936878576874733 0.7531256973743439 0.3102816641330719 0.2351604104042053 0.6050560921430588 0.3867913037538528 672.4659734889865 56.39669159799814 0 33.94371046125889 70.99407411366701 1.991290390491486 96.50974503904581 12.50974771380424 26.11651019006968 2.716208085417747 93.69674630463123 100.5726193636656 16.46287626028061 75.77913299202919 78.10695324838161 3.602215513586998 75.93378974497318 319.0055772066116 175.277434669435 22.98991833627224 1.044228158891201 0.3295524269342422 0 0 0 0 0 0 0 0 0 0 1.358020380139351 0 0 0 0.5354565978050232 0 0 2.360615193843842 1.58893895149231 0 1.119248390197754 0 73.01359865814447 8.339023396372795 63.57705464214087 51.89000733941793 7.999161392450333 0 0.21280637383461 0 0.1324383914470673 0 0 0 1.378792643547058 3.486777067184448 0.1283666044473648 0 0 1.814321368932724 0.7426976561546326 0.2180694937705994 0 0 6.246454492211342 6.413928985595703 9.985887996852398 1.996727824211121 0 15.3581033796072 0.1865657567977905 0 0.4929899647831917 0 0 0 0 0 0.257036954164505 73.17860644310713 6.868176147341728 0.2975317537784576 0 0 4.227597549557686 1.985375225543976 6.363267511129379 3.620900556445122 1.290130987763405 3.271623127162457 0.2158776149153709 1.102407373487949 0 0.5183178707957268 0 0 0 0.1104092076420784 0 1.891308665275574 95.82064479589462 20.066614985466 61.9402858838439
403.0947165340185 1223.015897274017 184.9226857051253 2178.822791747749 459.3246295750141 155.7182188332081 3428.13634762913 19.6133364289999 284.4278248474002 2719.429099209607 943.25681129843 959.1541856899858 2602.280508078635 3161.43762049824 63.43358036130667 27.48163583129644 0.6899150460958481 0.5799031555652618 0 1.648425571620464 0.3778386116027832 1.200122430920601 0 1.175516225397587 2.816584102809429 0 0.185908243060112 2.153359726071358 2.54882188141346 0.1605460494756699 126.2778783589602 29.64422688633204 679.0074734464288 0.3595619946718216 0.1474693119525909 9.277745269238949 1197.558736927807 128.4871448650956 57.06069879233837 48.81942192465067 0.4789136350154877 1.925525315105915 1.65862825512886 0.8218406364321709 0 0.7180812507867813 117.8809605240822 3.715116791427135 0.460595965385437 1.924151882529259 3.998761728405952 0.9237692207098007 8.192313306033611 0.4407795071601868 1.473253756761551 11.88136412203312 50.05876974761486 166.8310325816274 42.55766731500626 112.014444090426 2.637976817786694 55.7789403423667 2.34485587477684 72.58968082070351 11.29978945106268 9.634671054780483 6.850454695522785 2.073123045265675 1.788235008716583 1.541150078177452 431.6027306839824 26.34710375964642 0.2803124636411667 286.4776734039187 87.2221048399806 255.6143104434013 125.6736102253199 10.66892267018557 1.961488552391529 71.1719862818718 1.252134338021278 9.439530238509178 12.85997007787228 0.3037818074226379 5.214735001325607 13.24047616869211 0.5350554659962654 0.8869590982794762 8.918492749333382 0.558408297598362 2.096678480505943 0.5573704615235329 1.444148816168308 3.543898209929466 0.7594710886478424 721.0552531555295 48.22352071851492 0 58.05225249379873 115.9908619374037 2.59925826638937 102.0594650059938 41.39404375106096 79.57960610091686 7.045862525701523 246.7315405160189 118.4065454229712 57.94432290643454 161.7698507457972 120.8825284987688 8.89576655626297 235.7669984176755 585.7964559942484 323.5909591019154 39.21155054867268 3.255610279738903 1.25984300673008 0.4722513481974602 0 0 0 0 0 0 0 0 0 4.074075400829315 0 0.8017318248748779 0.4509895741939545 0 0 0 4.41928481310606 2.486452370882034 0 1.000823378562927 0.9068519473075867 148.7091351673007 12.26765994727612 167.2424692437053 121.8746094703674 15.25293368846178 0 0.5854783058166504 0 0 0 0 0 2.484067589044571 5.98315803706646 0 0 0 3.663065232336521 0.5589157044887543 0 0.867780514061451 0 7.248521357774734 7.835494294762611 15.11894848942757 0 0 37.32225394248962 1.919686958193779 1.861959457397461 0.7028515860438347 0 0 0 0 0 0 136.1831922605634 10.39238978922367 0.6923182606697083 0.58537358045578 0.222286269068718 8.980150073766708 2.463623315095901 17.94346555322409 7.581379145383835 7.177991025149822 9.818383350968361 0.4308036267757416 2.147024855017662 0.2711865305900574 0.5362910330295563 0.380339503288269 0.4412093460559845 0.09179724752902985 0.1460443139076233 0.5813949108123779 2.231470450758934 113.9311154484749 50.98664656281471 168.3103992044926
170.1202213764191 5534.334762975574 2910.168928362429 45.01123569905758 5808.913353949785 22.72029032558203 3235.176756761968 473.8659491539001 1998.140500761569 237.4485798478127 3054.538872279227 219.5168067291379 3161.43762049824 1476.037802942097 76.28003137558699 31.58930853009224 0.7327756956219673 0.9260877072811127 0.1024492532014847 0.6615874767303467 1.160441905260086 0.3249434232711792 1.25213273614645 0.8949750810861588 3.531309992074966 0.2479821443557739 0 1.126874655485153 3.512943625450134 0.5462471097707748 368.3532859757543 56.55464868992567 1420.846785441041 1.416379019618034 0.3312814235687256 7.473938494920731 1073.245124809444 126.9498226568103 26.10867717862129 20.27313415706158 0.3518603891134262 2.368740275502205 1.077415071427822 0.5314694941043854 0.3359757885336876 0.8460457697510719 110.1620052531362 3.490413412451744 1.337806634604931 1.106184273958206 2.854026846587658 0.8025787472724915 3.207049898803234 2.269737929105759 1.325068585574627 7.289222240447998 16.71875955164433 192.3433469235897 23.97681706398726 91.14300991594791 2.632919274270535 79.04316803812981 1.400679804384708 124.5461007133126 8.459637865424156 9.035885348916054 7.034985914826393 2.664711743593216 4.883807741105556 1.923496350646019 223.4422537460923 16.81200974434614 0 211.1520719528198 94.43975134193897 275.2900508269668 143.9513593837619 9.570235200226307 2.843439377844334 145.7108963951468 1.357525520026684 13.74823696911335 10.06979115307331 0.2155591249465942 4.429006531834602 11.53877831250429 1.183223865926266 0.2895912155508995 9.572006404399872 0.1715261936187744 3.745423689484596 1.28787799924612 5.007686786353588 4.254436612129211 2.232511162757874 104.2325416579843 25.06232756376266 0 28.28368917107582 32.58370319008827 1.442373715341091 23.05412156134844 5.619606539607048 3.455659843981266 3.357778042554855 77.01860202848911 24.13493730872869 26.60497027635574 33.95605351030827 25.23588848114014 3.533588439226151 66.97929005324841 163.9872011169791 98.57269816845655 19.98607300966978 1.785172499716282 0.5699307546019554 0 0 0.3230708241462708 0 0 0 0 0 0 0 0.7734328955411911 0 0 0.7252638936042786 0.1275226324796677 0 0 2.230239748954773 0.9406124502420425 0 0 0 61.85461817681789 7.956908144056797 68.76613739877939 54.13883869349957 10.83917466551065 0 1.697430461645126 0 0 0 0 0 0.6180919408798218 2.338402628898621 0 0 0 0.7607369869947433 0.7362204939126968 0.1676927208900452 0.09743980318307877 0 1.073309063911438 1.868130274116993 2.637551367282867 0 0 16.40377007424831 0.1505755484104156 0.1942750960588455 0.2392379343509674 0 0 0 0 0.6353879570960999 0.2539550065994263 53.89303911477327 4.829393371939659 1.151291884481907 0.2701524645090103 0.299570307135582 4.334687188267708 0.8334868550300598 9.787436708807945 1.918792247772217 1.275575302541256 2.732802659273148 1.069294348359108 0.9281806573271751 0 0.1261818259954453 0.50075713545084 0 0.1418566107749939 0 0.1396462172269821 0.4580301642417908 32.15755145251751 24.8850068077445 86.94459684938192
1.410224795341492 22.63553363829851 13.99333385378122 1.485581569373608 17.36854439228773 0 29.0806502699852 11.35294303297997 11.88303991407156 3.617328979074955 30.59132846444845 12.21575500816107 63.43358036130667 76.28003137558699 704.892718270421 2717.10761718452 453.4445595964789 17.01941008120775 51.47805886715651 4.768268212676048 0.1515012681484222 0 1.051967561244965 7.042647369205952 134.7655096873641 0.6671139970421791 16.42273660004139 0 6.332688339054585 9.958900637924671 5.201751075685024 15.42331582307816 32.53524220734835 54.35343886166811 10.88476464897394 81.02163278311491 72.05480687320232 86.26721654087305 33.64641337096691 109.4466504529119 0.4800495728850365 1.984460800886154 3.030395366251469 203.4982961639762 139.6990715190768 130.3479708731174 570.3012251704931 8.169002756476402 28.2211567312479 7.051477886736393 2.151739783585072 0 16.78547009825706 0.5011794567108154 1.139687180519104 0.9104779437184334 0.08189807832241058 2.799502365291119 2.842984534800053 173.7713773325086 168.9810980558395 100.5264165699482 153.0485543981194 7.882232367992401 3.08467698097229 14.20710352063179 4.420047350227833 7.882136926054955 5.13405154645443 2.318156436085701 45.55410085618496 0.3244550079107285 0 64.94766765087843 3.774683497846127 1375.33063775301 114.2731763571501 878.1362967789173 24.50239261239767 19.79309309273958 65.38836027681828 95.85724145919085 12.30823877453804 0 9.00490565598011 1.794231541454792 2.897111438214779 0 3.879136331379414 0 2.475451201200485 0.8502975329756737 2.219707727432251 2.979274675250053 5.808767758309841 1.057222656905651 2.613518320024014 2.879017069935799 19.05954424291849 0.1309473067522049 0 0 0 0 0 0.2016659379005432 0.2795371413230896 0 0 0 0 0.7456144392490387 0.6101674884557724 0 0 0 0 0 0 0 0 0 0 0 0 0 0 1.352180197834969 0 2.140962481498718 0.2405034005641937 2.339015796780586 0.2173133790493011 0.3976002037525177 0 0.2092250138521194 0 0 0 0.4577710554003716 0 0.8906218260526657 8.785689823329449 6.115147218108177 0 0 0 0 0 0 0 0 0 0 0 0.2893508076667786 4.136197417974472 0.5777454972267151 0 0 0 0 0.8122658729553223 0 0 0.547131359577179 0.2936642467975616 0 0 0 0 0 0 0 0 0.5217523574829102 0.1027283146977425 1.968113467097282 0 0 0.2632699310779572 0 0 0 0 0 0 0 0 0 0 0 0 0 0 0 0 0 0.8608656227588654 3.409919999539852
