262.7320436388254 3450.627368375659 362.2566365972161 1700.104818321764 205.1842433735728 63.87918475270271 420.5282608196139 92.70003174245358 6.09956368803978 866.852715626359 101.1265510246158 193.7584573701024 90.31357832998037 16.7767725288868 6.370564840734005 0.6192746087908745 0 0 0 0 0 0.2336377874016762 0.1234697252511978 0 0.464752234518528 0 0 0.1272376477718353 0 0 344.6778877750039 0.3205021619796753 5.871349200606346 0 0.1051378324627876 0.229657270014286 6.399913772940636 0 0.3140227198600769 0 0 0 0 0 0 0 9.981598980724812 1.653391636908054 0 0 0.3450127616524696 1.427925854921341 0.1240488216280937 0 8.318829923868179 4.701700128614902 142.2928500398993 598.4711908623576 93.13808050751686 45.66350081562996 0.8425872847437859 0.4772792235016823 0 9.037171676754951 5.709732756018639 0.8753190860152245 0 0 0 0.1122476980090141 9.828584559261799 9.547918513417244 0.2443259805440903 173.0168128609657 39.75461145490408 44.06854011118412 0.5256089493632317 0.7467649430036545 4.251230403780937 13.14656281471252 0.2579859644174576 16.89189786463976 24.82854172587395 0.6888265311717987 1.825782544910908 1.226627394556999 0.6343656927347183 0.1637908220291138 0.3177100792527199 0.1226152926683426 0 0.2148880958557129 0.07228700816631317 0.2790669649839401 0 187.7862416356802 18.78620322048664 0 1.302629061043262 950.9835045859218 0.2476382553577423 3.58503046631813 0 1.0641770362854 0.3736931681632996 2.73032945394516 4.446048259735107 0.7137068808078766 7.303219869732857 12.14775887131691 0 3.82411377876997 20.49752428382635 9.73616012185812 4.371280610561371 0 0.109690323472023 0 0 0 0 0 0 0 0 0.1302423030138016 0 0.1666562855243683 0 0.4119303524494171 0 0.1881353855133057 0 0 0.6114189475774765 0.1657832562923431 0 0 0 1.263390153646469 0 0.4768533557653427 0.4315589666366577 0.3755625486373901 0 0 0 0 0 0.1467595547437668 0 0 0 0 0 0 0.52750164270401 0 0 0 0 0 0 1.003389716148376 0.1467942595481873 0 0 0 0 0 0 0 0 0 0 0 1.541424885392189 0 0 0 0 0.8335345387458801 0 0.267557829618454 0.3618384152650833 0 0.1232593730092049 0 0 0 0 0.1455282121896744 0 0 0 0 0 5.661024928092957 0.5880663096904755 0.2998388260602951
3450.627368375659 2311.379492454231 1631.553187154233 591.8332582563162 2892.396313406527 124.9594456106424 1100.717382013798 370.6856064423919 1745.395802222192 1557.004399068654 794.0631380081177 109.9059838950634 970.8540405333042 2394.19561842829 37.06851331889629 17.46999262273312 0.6416833996772766 0 0 0.1471367627382278 0.395219512283802 0 0 0.1342463493347168 4.266571290791035 0.2579541653394699 0.5470857694745064 0.4216738268733025 0.1081025674939156 0 1028.6053622365 25.51361025869846 256.1895908564329 0.132793977856636 1.822808548808098 5.651861399412155 66.16426370292902 4.523688673973083 1.4449373036623 2.807589635252953 0.2696971818804741 0.7976411953568459 0.07337404787540436 1.730703555047512 0.3487404957413673 0.2735472172498703 51.75900356471539 7.932632334530354 0.6676136776804924 0.1604960039258003 1.90860652923584 0 0.2772284597158432 0 16.89874130487442 11.19866582006216 89.29496800154448 866.3460472077131 93.45604786276817 99.58138758689165 5.333962514996529 5.816185213625431 1.062507107853889 191.065161652863 19.73296318948269 4.223318360745907 1.273064509034157 0.7541509717702866 1.426155529916286 1.658757030963898 17.23205153644085 2.323778823018074 0.1347904950380325 288.4138204902411 208.2284191846848 129.6527580916882 26.12231981009245 16.75829451531172 24.08946742117405 343.4302208647132 3.670085556805134 178.0292654260993 63.66589874774218 0.4260919094085693 5.928215123713017 3.709716729819775 1.055261567234993 0.303335964679718 1.295815140008926 0.1068665459752083 0.1643484681844711 0.1351448595523834 3.543194182217121 2.15211009979248 1.404182285070419 19.24743757396936 5.68588113039732 0 1.007481269538403 1168.24816711247 0.2966527342796326 3.036120362579823 0.6655494943261147 0.2416555285453796 0.769632488489151 8.80628889799118 1.681905284523964 1.149748042225838 17.97547764331102 6.262079894542694 0.4675151407718658 8.403070487082005 22.47805316001177 17.24053048342466 11.11803238838911 0.09601592272520065 0.3131490051746368 0 0.3600238040089607 0 0 0.1927940249443054 0.2097800076007843 1.795530878007412 0 0.1394603848457336 0.1158278435468674 2.601432889699936 0 1.723567545413971 0 2.730125397443771 0.2854918390512466 0.5299558416008949 4.093950256705284 1.868447959423065 0.5165476202964783 1.484920889139175 2.111440852284431 8.797818429768085 2.894314832985401 5.599365092813969 6.074386864900589 3.552596732974052 0 0 0 1.072059251368046 0.1570668071508408 3.158236488699913 0 0 0.5876569226384163 0 0 0.4630103781819344 2.271459214389324 0.1266282945871353 0 0.1270114481449127 0.1241302043199539 0.3884090781211853 0 0 2.245480857789516 0.8732343763113022 2.244978107511997 2.646403819322586 0 0 0 0 0 0 1.030553936958313 0 7.934970051050186 0.4737352803349495 0 0.1490968018770218 0 4.666330523788929 1.165045857429504 4.051554217934608 1.028803572058678 1.38162536919117 0.4246805533766747 0 0 0 0 0 0 0.1213709115982056 0 0 0 8.131828978657722 4.278366141021252 4.290446355938911
362.2566365972161 1631.553187154233 1300.876998007298 17.12167390435934 1118.901864439249 7.508827090263367 115.2927954643965 2753.730311237276 487.1346313133836 96.25079006701708 1252.808874763548 85.92516785115004 320.2900199517608 1156.281849421561 19.15831795334816 19.73489879071712 0.7506017908453941 0.196706235408783 0.2106822580099106 0.964703731238842 5.08437118679285 0 0 0 13.31437686085701 1.075724899768829 0 0.4573412910103798 0.2485262826085091 0 3025.783959582448 159.1735623702407 464.7366887554526 0.09999299794435501 6.695172816514969 20.04925448447466 79.90526734292507 7.694307118654251 1.823558583855629 3.433938167989254 3.799053095281124 1.498250730335712 1.22629651427269 2.198937527835369 0 0.1177355572581291 15.62222041189671 1.787033937871456 0.0892837792634964 2.697565324604511 5.5589419901371 0.4135541319847107 0.2027442455291748 0 1.636177554726601 0.969844676554203 24.54041684418917 548.1511218249798 23.92475274205208 16.54733982682228 92.23101901262999 76.08926783502102 1.441420659422874 189.6448343619704 2.58262374997139 3.650652654469013 2.84703229367733 6.585230596363544 14.66480270773172 9.857202351093292 25.35072113573551 3.745203129947186 0 62.42720775306225 48.5425009727478 35.20733039826155 16.96304248273373 18.26252134889364 366.9921853393316 1133.593474730849 38.77093345671892 1286.947752945125 8.073185823857784 0 1.938558265566826 1.362066306173801 7.544271714985371 0.2406018525362015 0.566467322409153 0 1.094281814992428 0.1150852739810944 34.66284027695656 7.826794281601906 3.107752159237862 19.41786586493254 10.50496270507574 0 0.9383528903126717 142.8080710172653 1.304668888449669 2.260762639343739 0.3151805996894836 0 1.494402028620243 0.3210903108119965 4.552850402891636 0 9.225503638386726 16.96719846874475 1.890555493533611 13.12100964039564 24.24539547413588 18.37000887095928 20.0874910056591 1.075629211962223 0.7254483625292778 0 0.3284562304615974 0 0 0 0 1.579469285905361 0 0 0 5.96114556491375 0 2.032447069883347 0.1529181897640228 5.444942437112331 0.2280069515109062 1.264670751988888 7.53554517775774 1.081723444163799 0.5230465233325958 3.573271825909615 1.01814478635788 12.17477282136679 8.451904073357582 7.811938881874084 11.4662452340126 4.812844544649124 0 0 0.1282442361116409 0.6373073309659958 1.62139718234539 3.094630427658558 0 0.6167375966906548 1.411228023469448 0 0 0.283160001039505 3.58064566552639 0.113453097641468 0.1695426851511002 0.7592458054423332 0 0.5760901421308517 1.820824928581715 0 3.058828502893448 1.39481458812952 5.191984944045544 1.800434961915016 0 0.0915297344326973 0 0 0 0.4709973484277725 0 0 13.05437710136175 0.4931967556476593 0 0.2094104811549187 0.1601393818855286 6.619652889668941 1.929809600114822 2.705731049180031 1.300468862056732 1.661873765289783 0.9137009605765343 0.2381261885166168 1.081055618822575 0 0 0 0.1146704480051994 0.1756926104426384 0.2254518270492554 0 0 5.455037586390972 6.890197448432446 9.476699367165565
1700.104818321764 591.8332582563162 17.12167390435934 639.7878761067986 14.80870876461267 329.7782070785761 363.8548824265599 0.9735039845108986 0.2874099537730217 2003.196439824998 6.63034675270319 9.084584727883339 92.02518963068724 6.534978441894054 6.344265937805176 0.09443610906600952 0 0 0 0 0 0 0 0.08651730418205261 0 0 0 0 0 0 54.2920006364584 0.6589610874652863 0.2435881868004799 0 0 0 3.508866436779499 0.172497533261776 0 0 0 0 0 0.1692823022603989 0 0 10.49729345738888 0.8912080228328705 0 0 0.475809633731842 0.1832935214042664 0 0 6.765821248292923 4.438400775194168 49.83802346140146 194.0925951376557 43.56887875497341 30.43591663241386 0.09327100217342377 0.1975325644016266 0 22.89394678175449 4.562196142971516 1.578168347477913 0 0.2549019977450371 0.1709428280591965 0 4.254959136247635 2.994862988591194 0 107.949640288949 38.60682476311922 34.87815567851067 3.713966347277164 0.7889599427580833 0.09303680807352066 0.115555927157402 0.1567553952336311 0.7190240621566772 21.023542560637 0 2.569171652197838 1.016574785113335 0.1472050398588181 0.2393797934055328 0.09510361403226852 0.2358171790838242 0 0.1286342740058899 0.09660427272319794 0 0.201848641037941 42.53123942762613 3.344722166657448 0 0.6400789171457291 1001.149539008737 1.347929388284683 2.800407111644745 10.14119920134544 35.25279082357883 0 1.043936669826508 6.765085995197296 0.326296478509903 25.99672766029835 11.84971970319748 0.5305624008178711 4.21598108112812 10.21315275132656 6.846258327364922 1.954959288239479 0 0 0 0 0 0 0 0 0 0 0 0 0 0 0.1363782584667206 0 0.2643686234951019 0.2281124219298363 0 2.427294671535492 0 0.5261648893356323 0 0 0.3881595581769943 0 0.5150143951177597 0.375446230173111 0.7653026580810547 0 0 0 1.043043494224548 0 0.4146941900253296 0 0 0.1915611028671265 0 0 0 0.08947200328111649 0 0.2238157913088799 0 0 0.2276613786816597 0.500110037624836 0.5065256357192993 0 0 0 0.1239625364542007 0 0 0 0 0 0 0 0 0.5404347777366638 0 0 0 0 0.6104172617197037 0.2394053936004639 0.6923553943634033 0.2050227969884872 0.2570993602275848 0.09910357743501663 0.1448632776737213 0 0 0 0 0 0 0 0 0 3.531377702951431 0.1325697600841522 0.4448559582233429
205.1842433735728 2892.396313406527 1118.901864439249 14.80870876461267 1616.264263480902 1.269538551568985 1514.067745871842 175.0064379498363 4689.663411408663 852.3947375640273 872.3778476044536 66.43661736696959 958.6440988481045 2543.258811578155 37.57695921510458 8.968580223619938 0.802546463906765 0.2265828475356102 0.3710567429661751 0.09914623200893402 0.2421564757823944 0 0 0 1.107164666056633 0.115130826830864 0 0.4506039023399353 0 0.350663386285305 312.2081569731236 36.82970191538334 43.33840359002352 0 0.152291402220726 0.6742533594369888 18.16655621677637 1.198094919323921 0.9809809774160385 0.7849083915352821 0.4459917098283768 0.2906049117445946 0.2508111968636513 0.4425902590155602 0.1053468286991119 0.2472116947174072 65.52863882482052 5.544572822749615 0.1043250784277916 0.3537885099649429 0.5051884427666664 0.1098172143101692 0 0.3668260723352432 12.22974003851414 7.680888138711452 24.13606269657612 323.5725262463093 33.81001652032137 84.05865622311831 2.288008950650692 1.909808188676834 0.1030334904789925 220.9005319178104 13.37397167086601 3.20177373290062 0.6163421869277954 0.3934222683310509 0.9371885135769844 0.3970630392432213 7.304048411548138 0.4210220724344254 0 150.5646171569824 197.2348081246018 118.2079766690731 41.84146609902382 13.27587600797415 63.94156657904387 67.52759189158678 3.222183838486671 18.09321746230125 48.50320298224688 0.7969899848103523 6.347286641597748 3.825762175023556 1.597420766949654 0.3191440999507904 0.6119489595293999 0 0.3026095181703568 0.179351419210434 0.2886148169636726 0.4403562098741531 0.8730693832039833 5.435547962784767 3.412510246038437 0 0.3485641032457352 72.08536577224731 1.029414512217045 1.014589741826057 0.3533129841089249 0.1056245490908623 0.1684107929468155 0.9655560553073883 1.315825462341309 0.4052473083138466 4.038153082132339 8.35810773819685 0.833537220954895 3.458280548453331 15.75227584689856 12.91157969087362 9.456112049520016 0.103469006717205 0.2089450880885124 0 0 0 0 0 0 0.1537922918796539 0 0 0.2385136187076569 1.725299790501595 0 1.893884167075157 0 1.667347274720669 0.1069884225726128 0.2024622336030006 3.730533249676228 0.6022223383188248 0.3907889723777771 0.6541611403226852 1.303754076361656 5.511517025530338 1.054470434784889 3.251460529863834 3.038315318524837 2.153765633702278 0 0 0 0.1126053556799889 0 1.353922121226788 0 0.1443918645381927 0.2595266997814178 0 0 0 1.609081991016865 0 0.09448841959238052 0.1067279800772667 0 0.1377713531255722 0.3784321844577789 0 0.9951645731925964 0.227291502058506 0.2964002192020416 0.1672109961509705 0 0 0 0.1053908243775368 0 0 0 0 4.69733552634716 0.9308217391371727 0 0 0 2.954868867993355 0.2952248454093933 1.222191706299782 0.5949250012636185 0.8138379603624344 0.5278927609324455 0 0 0 0 0 0 0 0 0 0 4.225809745490551 2.730958305299282 2.72147661447525
63.87918475270271 124.9594456106424 7.508827090263367 329.7782070785761 1.269538551568985 3.589793086051941 8.698779597878456 0.1204000860452652 0.4099005162715912 451.5636635124683 1.199605599045753 239.2607317268848 57.0268632620573 2.347776368260384 0 0 0 0 0 0 0 3.416506931185722 0 0 0 0 0 0.1799518018960953 0 0 0 0 6.973196871578693 0 0 0 51.86477918922901 0.1541253328323364 1.39732301980257 0.1274053603410721 0 0 0 0 0 0.1099050864577293 0.1746864169836044 0 0 0.1891141533851624 0 5.933236293494701 3.442702576518059 0.3514981269836426 0.3409735858440399 0 74.41960737109184 7.312125250697136 1.860731698572636 0.9724701642990112 0 0.2827086001634598 0 0 0 0 0 0 0 0 95.66837342828512 117.4070165231824 7.547537207603455 2.006351634860039 1.622007332742214 1.14979113638401 0 0 0 0.9956687465310097 0.1174241304397583 0.5988218039274216 1.132028624415398 0.8659689798951149 0 0.76838768273592 0 2.633272156119347 0.765707403421402 6.539005443453789 1.559077009558678 5.607862204313278 0 0.2508678436279297 0.7890975996851921 419.8768276274204 331.0363917201757 3.887325510382652 18.85061214119196 275.4242586940527 0.1385870277881622 1.36019529402256 0 1.593059986829758 0 0.6312985718250275 5.580825880169868 0 10.88717094063759 12.83239984512329 0 6.038090713322163 26.5770440325141 13.73135402798653 6.481878533959389 0 0.1562261879444122 0 0 0.1724573373794556 0 0 0 0 0 0.2290596663951874 0 0 0 0.3890171945095062 0 0.2408390641212463 0.4257795438170433 0.2721839398145676 0.1763900816440582 0 0 0 0 1.376599557697773 0.5706162005662918 0.1068366095423698 0.4186893180012703 0 0 0 0 0 0 0 0.2285999804735184 0 0 0 0 0 0.2107124477624893 0.4128884524106979 0 0 0 0 0 0 0.188759833574295 0 0.1769061088562012 0 0 0 0 0 0.247829258441925 0 0 0 4.059726096689701 0 0 0 0 0.926899254322052 0.2352883070707321 0 0 0.1126101315021515 0 0 0 0 0 0 0 0 0 0 0 10.42865550518036 0.8869905099272728 0.3333463668823242
420.5282608196139 1100.717382013798 115.2927954643965 363.8548824265599 1514.067745871842 8.698779597878456 547.1759690418839 23.26986090093851 1885.651620060205 3427.830706737936 320.2671501711011 149.3894176781178 2911.82057543844 2101.605183452368 38.70812228322029 7.254171922802925 0.7057631984353065 0.2062862366437912 0.1031389459967613 0.1201337054371834 0.2040752992033958 0.4029125571250916 0 0.2170512974262238 0.4959328845143318 0 0.22055634111166 0.3291664719581604 0.3351225033402443 0.2114382684230804 255.4112714901567 24.98503515869379 5.332901276648045 0 0.1138575375080109 0.6214902177453041 6.360429108142853 1.22027125954628 1.752396911382675 0.3010666444897652 0.1164482980966568 0.09455756098031998 0.2520634308457375 1.006298020482063 0.1378509104251862 0 82.29937251657248 7.317412614822388 0.9003977552056313 0.09841656684875488 0.7455810159444809 0.1375151425600052 0.1785859540104866 0.3806703016161919 20.52205558121204 13.40192279219627 37.01116052269936 413.9186791107059 59.14213187992573 108.1871106699109 2.296718306839466 2.629999570548534 0.1252050399780273 226.5213602483273 17.13745554536581 5.907359696924686 1.006834454834461 0.07777954638004303 0.9632462039589882 0.08992087095975876 4.837720081210136 0.128347709774971 0 231.2759637013078 242.1318685337901 144.6046299189329 37.63424568623304 13.14543471485376 30.11308042705059 10.54881924390793 3.913045190274715 9.430794816464186 67.85655332356691 0.3555625453591347 7.296281859278679 4.799046277999878 1.114343456923962 0.198302261531353 1.326620385050774 0 0.6826842501759529 0.2635806947946548 0.2762922495603561 0.2186970487236977 0.3502134531736374 6.946211345493793 2.908082067966461 0 1.132135525345802 175.7837791070342 10.60763638466597 10.77639829367399 217.3884423747659 60.1965151950717 4.927097678184509 113.715311050415 12.57819293439388 34.00319741666317 139.9395929574966 77.05445424467325 0.8665201514959335 91.35223112255335 23.60734155029058 13.23391533643007 10.62388963252306 0.1168687492609024 0.123694583773613 0 0.1433447748422623 0 0 0 0 0.6296269148588181 0 0.1206358447670937 0.0918990820646286 2.45332058519125 0 0.6079098135232925 0 0.8359599635004997 0.1952357739210129 0.3312876671552658 27.34915167093277 0.76651531457901 0 0.9674417823553085 1.083080448210239 5.481503017246723 1.788987532258034 5.2919916883111 2.129115343093872 1.111929722130299 0 0 0 0.1132990568876266 0 0.4772710055112839 0 1.977990344166756 2.029444940388203 0 0 0 0.9092515259981155 0.6574907302856445 1.074233800172806 1.049917981028557 0.1725877448916435 1.529150873422623 6.000101305544376 0.3467222079634666 0.899919718503952 1.047968804836273 1.670919299125671 4.885668262839317 0.1026617810130119 0.09988740831613541 0.08939193189144135 0.1432938277721405 0 0 0 0 3.984644144773483 0.2857927232980728 0 0 0.1183317080140114 1.99025921523571 0.7640583217144012 2.750882223248482 7.592233307659626 8.667149841785431 3.266520537436008 1.158614672720432 0.5165508463978767 0.0980074554681778 0 0.08901775628328323 0 0.2327425107359886 0 0 0.1637638509273529 3.43647151440382 1.871115006506443 2.556242071092129
92.70003174245358 370.6856064423919 2753.730311237276 0.9735039845108986 175.0064379498363 0.1204000860452652 23.26986090093851 368.4199271649122 412.7708670198917 40.38795436918736 1341.494055628777 33.44611053168774 97.32037647068501 833.1011808291078 8.507138706743717 10.37871041893959 1.129435904324055 0 0 0.5010339170694351 7.45687859505415 0 0.1149768233299255 0.1625114381313324 11.27567326277494 2.312200486660004 0.1471756249666214 0.4633014053106308 0 0 917.9806217476726 276.2801892012358 383.8455600142479 0 6.557570748031139 14.74961656332016 29.5524072945118 5.709096744656563 1.000092260539532 2.932702653110027 5.418880268931389 0.7525234147906303 0.2096817642450333 1.143630772829056 0 0 9.40007172524929 0.5379161462187767 0 1.002536334097385 5.494377858936787 0.2154024839401245 0 0 0.7955434694886208 0.1713487282395363 8.559660568833351 177.3087426945567 9.543092273175716 10.23550950735807 126.0176359340549 123.8190234005451 1.767827205359936 97.09572500735521 1.483837679028511 1.523251943290234 2.413388818502426 3.676928281784058 5.769686155021191 7.140211276710033 9.916831202805042 1.84826947003603 0 31.44582280516624 30.5974013954401 19.07130900025368 12.48883847892284 70.68516239523888 1279.853682167828 2011.300664432347 47.09330353140831 2279.45800408721 3.479597814381123 0 1.104210555553436 0.3886453062295914 2.127137184143066 0 0.648768849670887 0 1.012798726558685 0.1078883484005928 27.33032695949078 7.454615890979767 1.680123515427113 9.607080116868019 5.183592163026333 0 0.2102328464388847 37.85847752541304 2.334822468459606 1.311900950968266 0.8829022943973541 0.3935109376907349 0.7592861950397491 1.690823100507259 1.224895358085632 0.2540800273418427 5.50107578933239 12.3812443241477 0 7.747270874679089 14.99452044069767 13.73416259139776 16.4040567651391 0.8988405838608742 0.5686826705932617 0 0.2051921859383583 0 0 0 0 0.8110581114888191 0 0.2177752181887627 0.4141822159290314 3.809029921889305 0 0.5173519626259804 0 3.580075263977051 0.9805455282330513 1.335782431066036 3.499057695269585 0.8263786286115646 0.2262577563524246 1.230959862470627 1.984259016811848 9.807686634361744 1.376122117042542 7.553311862051487 8.696673333644867 2.230471648275852 0 0 0 0.1691238284111023 0 0.9367230832576752 0 0.09169486910104752 1.436839409172535 0 0 0 1.898578718304634 0 0.1928472518920898 0 0 0.2443991154432297 0.788195863366127 0 0.5406177341938019 0.3220455795526505 1.568917617201805 1.987370811402798 0 0 0 0 0 0.1185542717576027 0.2239213138818741 0 8.268752910196781 0.6839630007743835 0 0.2515619024634361 0.2453005239367485 3.661482207477093 1.274665847420692 2.112023182213306 0 2.022359177470207 0.5435625612735748 0.1273526400327682 0 0 0 0 0 0.7897450476884842 0.3870733380317688 0 0.1402761936187744 3.683271877467632 3.389448709785938 6.73224999755621
6.09956368803978 1745.395802222192 487.1346313133836 0.2874099537730217 4689.663411408663 0.4099005162715912 1885.651620060205 412.7708670198917 882.8213488608599 197.5956257432699 1188.829575255513 28.71868366748095 1157.97051358968 1908.906998179853 11.97457621246576 6.689259611070156 0.2053287848830223 0 0.1185002475976944 0.1905258148908615 0.1444331407546997 0 0 0 0.4366504997014999 0.0931297242641449 0.09263984113931656 0.12309829890728 0 0.1054370924830437 24.29771445691586 3.949668131768703 15.77304303646088 0 0.2613115012645721 0.3988821730017662 4.158557519316673 0 0 0.09380902349948883 0 0.1112070977687836 0 0.4630302712321281 0 0 22.756895378232 0.645759142935276 0.3517385721206665 0 0.4216408357024193 0.1226122155785561 0 0 1.415940687060356 0.651888333261013 1.765858769416809 22.98667474091053 1.703658565878868 17.94815161079168 0.6507802829146385 0.5817285925149918 0 39.0298016667366 1.343293599784374 0.1840289384126663 0.08763258159160614 0.3197982013225555 0 0 1.352477736771107 0 0 19.01226800680161 37.99848609417677 27.79991832375526 15.28555173426867 5.769385509192944 62.14134500920773 58.70688501000404 3.025155082345009 12.41319141536951 7.703044332563877 0 0.9065210744738579 0.7457080483436584 0.2043289765715599 0 0.3831176534295082 0 0.1182458102703094 0 0.6273936703801155 0.1339846253395081 0.1418707966804504 3.430348761379719 1.260462686419487 0 0.1886339336633682 5.028481245040894 0 0.2744523882865906 0.5940876007080078 0 0.1290226876735687 0 0 0 1.876753434538841 1.812379591166973 0.2130542397499084 2.83702365309 3.830057084560394 5.12653274089098 3.34428408741951 0.08744029700756073 0.1795688271522522 0 0 0 0 0 0 0.3635171353816986 0 0 0 1.208723098039627 0 0.09050273150205612 0 0.5393516719341278 0.09229490160942078 0 1.838091187179089 0.1217034459114075 0 2.220989197492599 0.7000977843999863 2.986296154558659 0.2825901061296463 1.598957411944866 1.301800802350044 0.8962810188531876 0 0 0 0 0 0.3503686040639877 0 0.1051508039236069 0 0 0 0 0.1456489711999893 0 0 0 0 0.2179339379072189 0.2288526445627213 0 0.8224156498908997 0.5896525979042053 0.9971393346786499 0 0 0 0 0 0 0 0 0 1.69854524731636 0.5341952219605446 0 0 0 0.3967691734433174 0.1245617046952248 2.475827194750309 0.4035243391990662 0.08498363941907883 0.5311058536171913 0.1126134917140007 0 0 0 0 0 0 0 0 0 1.503624960780144 1.263319104909897 0.6651889681816101
866.852715626359 1557.004399068654 96.25079006701708 2003.196439824998 852.3947375640273 451.5636635124683 3427.830706737936 40.38795436918736 197.5956257432699 3452.837434120476 92.74089979380369 4343.598025865853 3862.01183783263 648.9372008666396 43.32146804779768 15.95560103654861 0.3104342594742775 0 0.1151035875082016 0.1241582110524178 0.1721019744873047 0.7687142863869667 0 0 0.08190981298685074 0.1355762779712677 0 0.4021873474121094 0.3408061563968658 0.09874425828456879 108.2193905860186 11.064726524055 21.25112567096949 0 0.7010222971439362 0.4115720167756081 38.60913075506687 1.593792341649532 1.874329812824726 0.1212512329220772 0 0 0 1.963337577879429 0.1043425053358078 0.3318204283714294 68.79273346066475 5.51337918639183 0.2131081223487854 0.2821310386061668 0.7138970196247101 1.484586231410503 0.5624350681900978 0.4480546861886978 11.74987085908651 6.511224754154682 48.76209557801485 225.0990480408072 46.242870464921 93.0495847016573 1.934494324028492 2.778399504721165 0.3121127635240555 113.0903584882617 13.60597119480371 2.03196058422327 0.3254129216074944 0.1776619330048561 0.2724155858159065 0 60.1946314945817 46.14427244663239 1.303140662610531 153.5106004327536 143.9561922997236 106.096684679389 33.97878742963076 17.75697332620621 4.796342112123966 8.264255590736866 0.8973771929740906 10.93309918045998 48.57771205157042 0.8981934413313866 4.864628858864307 2.791822470724583 0.6066680699586868 0.3447556123137474 2.204550117254257 1.691477946937084 0.6715796589851379 2.235202088952065 0.3090769350528717 0.1236075535416603 1.476575784385204 466.3807058855891 127.2447956949472 0 6.260933741927147 582.4681213274598 8.807049214839935 17.20112024992704 11.26016908884048 9.630400449037552 13.33032223582268 35.62482407689095 45.41384590417147 8.691728010773659 173.1441134288907 207.7082146182656 4.795113146305084 97.44432543963194 337.674363322556 198.8085190653801 143.1670623794198 2.686739705502987 0.6538525372743607 0.1315941214561462 1.483602456748486 0 0.4616854637861252 0 0 5.526004865765572 0 0.1852345317602158 1.24549325555563 14.17785231024027 0.08150063455104828 6.827457554638386 0 9.875766523182392 0.533080093562603 2.40201722830534 33.32548187673092 9.182528853416443 3.957850813865662 10.70880065858364 3.822911471128464 53.47331524640322 18.75923359394073 28.05070326477289 28.56575869768858 12.30148312449455 0 0 0 0.6784476116299629 1.384111747145653 5.9909358471632 0 1.841708578169346 4.35168332606554 0 0 0.7578563392162323 6.855565004050732 0 0.3623329252004623 1.537467047572136 0.2022238522768021 0.5720401853322983 4.791728466749191 1.189994439482689 6.180783420801163 5.436836197972298 22.27901578694582 5.330125592648983 0.4026476740837097 0.1177661716938019 0 0 0.5757797956466675 0 0.1406755000352859 0 65.10991474986076 1.029453806579113 0.8216816037893295 0.4164144396781921 0 30.03813520073891 7.413273006677628 22.40105741471052 5.392044231295586 8.089407682418823 4.208556905388832 0.8790535852313042 2.550085820257664 0.5085697770118713 0 0 0.1174557730555534 0 0 0.2379890084266663 0.2056752145290375 108.0732974931598 34.54306015372276 17.96171985566616
101.1265510246158 794.0631380081177 1252.808874763548 6.63034675270319 872.3778476044536 1.199605599045753 320.2671501711011 1341.494055628777 1188.829575255513 92.74089979380369 1769.341218777001 236.5543896257877 1374.65411824733 3260.226970843971 16.60427937656641 13.49261654168367 0.3387624025344849 0 0 0.09830369055271149 0.6378576904535294 0 0 0 3.141030333936214 0 0 0.2729001343250275 0 0 149.1919517219067 15.60661381483078 206.1318451762199 0 1.58132803440094 1.70121818780899 80.27579122036695 2.166480429470539 0.5205296128988266 1.435442060232162 1.149985231459141 0.6080078780651093 0.3243149444460869 1.557744465768337 0 0.3319559916853905 21.46101285517216 1.352458521723747 0 0 0.5633953958749771 0 0 0.1311851739883423 1.464454144239426 1.023049108684063 5.793162688612938 83.7462484613061 7.3605682477355 22.49303741008043 3.231618128716946 3.484644129872322 0.2115810438990593 60.13851496577263 2.572788558900356 0.496598593890667 0.1843331530690193 0.4687652066349983 0.1477126404643059 0.9679410085082054 11.32132992148399 1.253174655139446 0 29.19015753269196 49.90136688947678 34.98554211109877 19.40561297535896 10.79380259662867 307.5125477164984 613.7776977866888 4.138165839016438 67.04863073676825 7.131262436509132 0 0.8469205349683762 0.7788793072104454 0.1974139362573624 0 0 0 0.2155103608965874 0 1.705249592661858 1.241325907409191 0.3626763671636581 5.278253495693207 1.149199530482292 0 0.2728556618094444 24.56386221945286 0.7208972573280334 0.3619785755872726 1.027456641197205 0.3873231410980225 0 0.2843111306428909 0.7713369205594063 0 3.566916339099407 3.890946984291077 0.1438424587249756 3.868447564542294 7.411290168762207 5.245914824306965 6.818976826965809 0.2827101945877075 0.1047830805182457 0 0.3635589852929115 0 0 0 0 0.1682993620634079 0 0 0 0.4413281753659248 0 0.406307652592659 0.1035305112600327 1.439737349748611 0.3586641922593117 0.4622647017240524 2.735431775450706 0.4711122810840607 0 0.5043159872293472 1.340959697961807 3.788551844656467 0.7914292737841606 1.371309459209442 3.297846332192421 1.181164503097534 0 0 0 0 0 0.5123938024044037 0 0 0.3110280707478523 0 0 0 1.852607890963554 0 0 0.09477183222770691 0 0.2302345484495163 0.1189740374684334 0 0.7628730833530426 0.3069576099514961 1.599831789731979 0 0 0 0 0 0 0 0 0 2.498473294079304 0.2539371997117996 0 0 0.1224602833390236 0.8644637614488602 0.3109367489814758 0.7854298874735832 0.4023153111338615 0.1607672423124313 0.31861362606287 0.1020243987441063 0 0 0 0 0 0 0 0 0 2.191121280193329 2.684453330934048 2.43676820397377
193.7584573701024 109.9059838950634 85.92516785115004 9.084584727883339 66.43661736696959 239.2607317268848 149.3894176781178 33.44611053168774 28.71868366748095 4343.598025865853 236.5543896257877 155.5826409086585 586.9993902742863 270.7203432396054 39.89597889780998 48.4750142171979 1.556646935641766 0 0.2171588689088821 0.2554962337017059 0.4207851141691208 0.1292932480573654 0 0 6.56356643140316 0.5789317786693573 0 0.3418407663702965 0 0 17.06821727007627 3.480476878583431 70.70005101710558 0.1108339950442314 0.8035092204809189 3.432376578450203 267.7651900872588 5.765755914151669 1.764267012476921 5.721922673285007 0.5932324007153511 0.2585504874587059 0 3.012497834861279 0.3582917004823685 0.5669241920113564 27.08289996534586 0.745211698114872 0.2859031707048416 0 0.691765084862709 0.5507359951734543 0.7482873424887657 0 1.728327199816704 0.8263132646679878 8.434893794357777 17.15570294111967 3.657128006219864 17.11962025612593 4.203088201582432 2.147125527262688 0.7821727395057678 20.56385696679354 1.402591161429882 0.6328075230121613 0.1132038459181786 0.1972509026527405 0.2500573694705963 0 92.86333640664816 43.4610021263361 0.279835045337677 14.15532880276442 31.44293145090342 45.63110513240099 27.3729057982564 31.2104135081172 1.26976877450943 81.28846646100283 1.791250698268414 6.105876073241234 6.019341960549355 0.3235313519835472 1.100597865879536 0.3050344064831734 0.1827664151787758 0.3465225026011467 0.29612697660923 0.4466590657830238 0.5350023955106735 0 2.120561078190804 1.354895129799843 0.5719011723995209 740.699046716094 92.40374509990215 0 3.545633852481842 105.3060427606106 14.09032034128904 15.6961757093668 5.280121058225632 5.651672445237637 15.72276533395052 7.993311956524849 33.24091023951769 3.617599435150623 108.5341446846724 154.1680816784501 9.855726212263107 112.1406505405903 365.5210450515151 257.4001965224743 196.7485264465213 3.543106451630592 2.414793536067009 0.6826450899243355 2.108674429357052 0.7556962966918945 0.7987107634544373 0.09928266704082489 0.1044225841760635 2.379419691860676 0 0.5883943140506744 1.642126739025116 13.70968130230904 0.3456163555383682 3.946447424590588 0.1050017848610878 12.26021601259708 1.201972059905529 2.142472013831139 50.72585097700357 8.864350579679012 2.539874836802483 11.55181400477886 4.89776849001646 101.889090038836 23.29829683899879 48.71228238940239 50.50935903191566 16.87021306157112 0.4245856106281281 0 0 3.914972022175789 1.478911727666855 5.756278686225414 0 1.79169837385416 5.696560181677341 0 0 0.4974673241376877 13.23490186780691 0.3651944249868393 1.14777833968401 1.454996466636658 0.2487484291195869 1.370609201490879 6.17789151519537 0.8285165727138519 5.697749048471451 5.99317229539156 19.08999380469322 8.975087434053421 0.1425250619649887 0.09231798350811005 0 0.2102178856730461 0 0.2265733778476715 0.1341011524200439 0 115.2505560591817 3.479757353663445 0.498186856508255 0.9930470511317253 0.1117773950099945 36.13596443831921 10.0044532045722 26.60333207994699 7.662336334586143 13.97849234193563 4.742847770452499 1.956659361720085 1.325961790978909 0 0.08311374485492706 0 0.2202704921364784 0 0.7069037035107613 0.9673425778746605 0 123.0872074663639 54.96589063853025 35.19762567430735
90.31357832998037 970.8540405333042 320.2900199517608 92.02518963068724 958.6440988481045 57.0268632620573 2911.82057543844 97.32037647068501 1157.97051358968 3862.01183783263 1374.65411824733 586.9993902742863 3318.320145465434 5075.829954609275 70.33575856685638 77.09084232151508 2.034508056938648 0 0 0.3866192772984505 0.3793690353631973 0.2176306694746017 0 0.1223569065332413 11.50169800966978 0.1174391955137253 0.1793412938714027 0.6514777615666389 0.9889499694108963 0.08573407679796219 52.87151303887367 8.605603493750095 335.5100593492389 0 1.800548933446407 9.862019419670105 715.3853002116084 31.22801116108894 1.785668924450874 7.534765005111694 0.6963238418102264 0.3660495206713676 0 6.299097418785095 0 1.68547535687685 72.04838851839304 3.761527344584465 0.2931539937853813 0.4807353317737579 3.678620465099812 0.3266752064228058 1.313315309584141 0.1942837834358215 5.050451710820198 2.345741584897041 7.978439480066299 64.76472536474466 12.60264769941568 49.9537803158164 6.118310548365116 9.947907894849777 0.5543420538306236 78.16006372123957 5.661730609834194 1.876593790948391 1.540090210735798 0.8609456270933151 0.547241598367691 1.172306194901466 191.5559048727155 17.6144188567996 0.1294582784175873 61.08808812499046 111.9251876324415 110.5818000659347 58.73107220232487 55.77665127813816 29.94768309593201 359.9757669046521 4.473752833902836 58.33898440003395 19.69806588441133 0.1009216979146004 2.023793950676918 1.217647321522236 1.684522166848183 0.09499168395996094 0.6011539474129677 0.2988917678594589 1.249395631253719 0.3943593129515648 6.045926414430141 4.010304011404514 1.441868409514427 539.7500135153532 46.35230159014463 0 6.363716937601566 49.91030342131853 6.463486462831497 12.79418661445379 5.259878739714622 2.988540329039097 13.77932938933372 13.42321820557117 24.67305315285921 3.151198156177998 93.26797126978636 135.2903270795941 8.603818796575069 78.61760716885328 271.9733718633652 198.7098374962807 152.9518052116036 2.939358927309513 3.151937387883663 0.4013222008943558 1.999851882457733 0 0.1196788623929024 0 0 2.455809473991394 0.4969050288200378 0.7520576566457748 0.1235433891415596 9.298412844538689 0.4562007486820221 6.169835157692432 0 11.9845719113946 1.077376157045364 2.380395144224167 35.30548659712076 10.95814077556133 1.154364839196205 6.804859444499016 4.032883673906326 85.92168670892715 24.52972741425037 39.60444928705692 34.55193373560905 13.73392409831285 0 0 0 5.183408170938492 1.586270861327648 7.162707626819611 0.2678977847099304 1.550277218222618 6.068948976695538 0 0 0.294597789645195 10.24527104198933 0.6369814425706863 0.9659475237131119 1.246769301593304 0 1.66697670519352 6.743984512984753 0.8019449859857559 9.506412468850613 5.422705553472042 18.57207499444485 6.807206816971302 0.09672396630048752 0.1373429894447327 0 0.1995040476322174 0.1619919389486313 0 0 0 81.16144559532404 2.581615284085274 0.2950723394751549 0.2413634434342384 0.5013159066438675 26.55088284611702 13.15139946341515 27.29490702599287 6.270141139626503 10.37004943937063 3.667030893266201 1.660591840744019 0.345552422106266 0.2802288979291916 0 0 0 0.4667211621999741 0.1512423306703568 0.4991951510310173 0.3072759360074997 84.15396340191364 39.26142694056034 32.59004149585962
16.7767725288868 2394.19561842829 1156.281849421561 6.534978441894054 2543.258811578155 2.347776368260384 2101.605183452368 833.1011808291078 1908.906998179853 648.9372008666396 3260.226970843971 270.7203432396054 5075.829954609275 1580.816988185048 37.98171453922987 39.70699370652437 1.92514443397522 0.08372700214385986 0 0.2176511362195015 0.9755012989044189 0.1421807855367661 0 0 10.68219977617264 0.6293487697839737 0 0.1293458640575409 0.1506495773792267 0.1138141751289368 49.01466420292854 10.52790989726782 523.3999352827668 0.09663736075162888 2.018016211688519 17.50029765069485 445.3328983560205 29.29797201603651 1.785867758095264 6.213649615645409 2.019656054675579 0.8061746284365654 0 3.98120105266571 0.3364498019218445 0.4251230284571648 33.11654852330685 1.426273569464684 0.5239106044173241 0.1847476810216904 2.246305145323277 0.5505784153938293 0.2937550917267799 0.1243411302566528 1.796937324106693 0.7459446117281914 2.965962432324886 37.96429275721312 5.147355079650879 28.412627376616 6.839271627366543 20.82046401500702 2.373316697776318 52.72774742543697 2.737522698938847 1.512401416897774 0.5430085510015488 0.8921486213803291 0.3146282508969307 1.187795221805573 78.55372607707977 7.007421053946018 0 29.42029392719269 61.8567434027791 56.05161998420954 31.77765191346407 29.88894204050303 161.5217849835753 282.747585773468 5.907190255820751 95.80146475881338 11.9083636701107 0 1.06233137845993 0.8390544280409813 0.8346651718020439 0 0.6587916314601898 0 0.3943428918719292 0.4361730217933655 6.536541171371937 2.494660601019859 1.149613663554192 45.7807205542922 11.72285684943199 0 0.9757874086499214 8.247831128537655 2.05494286864996 0.7354283779859543 0 0 0.870282843708992 3.322534643113613 3.584136784076691 0.5254828631877899 9.014733031392097 12.61022472381592 1.876202046871185 9.550598353147507 28.44501363486052 23.47536061704159 22.56179244816303 0.409654788672924 0.7049276530742645 0 0.09388811141252518 0 0.1397702246904373 0 0.1054994538426399 0.7994366809725761 0 0.8644772544503212 0.7623932510614395 4.491349413990974 0.121849998831749 2.497807048261166 0.1039911806583405 4.665308885276318 1.020085968077183 0.8989779651165009 5.88558591157198 1.616502285003662 0.9218010678887367 2.957747496664524 1.747223794460297 11.90821718424559 4.109076268970966 8.414288610219955 9.747291676700115 4.293023146688938 0 0 0.1010526642203331 0.2548251450061798 0.08990058302879333 2.101997457444668 0 0.5219454765319824 1.115020595490932 0 0 0.2016306445002556 3.732887983322144 0 0.7814823612570763 0.365642711520195 0 0.1142474636435509 1.601743467152119 0.5925694704055786 1.54195199161768 2.023184895515442 2.078753799200058 0.7950802370905876 0.1119216233491898 0.1021304279565811 0 0.2243150100111961 0 0 0 0 12.57245270907879 0.6365167945623398 0 0 0.4927583932876587 6.174659468233585 2.770584851503372 5.019031047821045 1.995363682508469 1.351034425199032 0.7616061195731163 0.3193814679980278 0.6161312758922577 0.1294914186000824 0 0 0 0 0.1044147610664368 0.1232329979538918 0 9.555783428251743 6.829153083264828 7.33492673933506
