0.0 0.03017860226940807 0.00397429854601252 0.04012989843809937 0.0006862620633795615 0.0015245930174734373 0.005958861510593182 0.0025870810230757884 0.00012660380881907813 0.03429531500405938 0.0014352522721601103 0.0002746592699148971 0.0014581327506393994 0.0017282447637767412 0.0001141844713018955 7.29220028586807e-05 1.7687327263242085e-05 1.29620001569461e-05 9.593078477043279e-06 7.602997239602179e-06 2.704476289052681e-05 3.0238021898919053e-06 6.383035923098844e-06 3.0183260900215104e-06 2.2283316576462534e-06 4.107542143632382e-06 0.0 0.0 0.0 0.0 0.02637831971486809 0.0006248858345998938 0.0008938627331935184 7.649430695611643e-06 2.1105426973063995e-06 3.786347139652222e-05 3.192354847669344e-05 4.008471087263213e-06 2.0301535698489133e-05 3.3507564497659978e-06 7.943275474587831e-06 0.0 1.0814608032733415e-05 3.1819478347250897e-05 2.7023309577277233e-05 1.877512528441077e-05 0.0005783502850699076 6.891462298380725e-05 1.0640962822648977e-05 1.2974175291227076e-05 0.0 8.522018178273034e-06 4.662287184040305e-06 0.0 2.793110617327394e-05 3.379532939846555e-05 0.004038188614210817 0.02146828883963441 0.00022072498350340076 0.00041274304159959424 2.7131272034130924e-05 8.930698887163136e-06 5.089942561894729e-06 0.0013478678491572055 1.4322262960887387e-05 2.8018482694811816e-05 1.724646456515222e-05 5.952595274160965e-06 3.0120181678780127e-05 1.0891156776042841e-05 0.00016777420068317639 9.055720915820484e-05 0.0 0.0018269903701281412 0.0036202009560908897 0.0018509472466046134 0.0022849719347166 8.062283222084125e-05 3.782239070619988e-05 0.0014307653455254315 2.6691126817895658e-05 0.0001058854181824035 0.00011630153564364108 0.0 1.814585672875578e-05 2.151756507773657e-05 0.0 0.0 4.758863596853607e-06 0.0 2.680669405427663e-06 2.2379602672413696e-06 9.01140138285908e-06 1.7182587554844075e-06 9.248811919022728e-06 0.0011851919499558286 0.00048539310982609123 4.250960879252642e-05 4.2735018477726005e-05 0.019599617110178838 5.386309322986303e-06 0.0001344047210749754 2.6275301891006468e-05 6.98317797744511e-05 8.768577066314113e-05 5.498654492662462e-06 0.0010014638050462833 1.0879435989981101e-05 0.0002118872930363685 0.00013500735534968702 3.0431833801295827e-05 0.0004106961603107744 0.00023055986346206457 0.00019081311326016816 0.00019523234946615186 0.0 0.0 0.0 0.0 0.0 0.0 0.0 0.0 0.0 0.0 0.0 0.0 0.0 0.0 0.0 0.0 4.840596103845873e-06 0.0 0.0 3.277350103006981e-05 3.47981066741965e-05 0.0 0.0 0.0 2.41697161716051e-05 0.0 3.505685588805901e-05 0.0 7.835057806067747e-06 0.0 0.0 0.0 0.0 0.0 1.4421986104034111e-05 0.0 0.0 0.0 0.0 0.0 0.0 0.0 0.0 0.0 0.0 0.0 0.0 2.4381819744956457e-05 1.709749287102947e-05 0.0 0.0 3.960371283918138e-05 3.40050641477679e-06 0.0 0.0 0.0 0.0 0.0 0.0 0.0 0.0 3.0523072049698116e-05 2.1437119813032434e-06 0.0 0.0 0.0 0.0 0.0 2.4363177954020792e-05 0.0 7.58155821696327e-06 2.6600104637313175e-06 0.0 0.0 0.0 2.151034521270066e-06 0.0 0.0 0.0 0.0 0.0 0.0 9.503368314318507e-05 1.8597165241904485e-05 4.387132054012208e-05 0.0018777803419407467 6.173423591516696e-05 0.001196984949424537 0.00021905609554574663 0.01497499627782231 0.00024877755986725303 8.854644723248596e-06 2.612151317376349e-05 4.735864474462662e-05 0.0 2.6085898952682623e-05 2.1446515112875316e-05 0.0003011822558931346 0.0 0.0 0.0 0.0 0.0 0.004905185542724404 0.0006833042266484589
0.03017860226940807 0.0 0.03882793597892801 0.011010121247997414 0.04312866900113184 0.0013482032822538478 0.04406249271196496 0.03193106682412214 0.0371685704347005 0.055780533657374 0.05494789682365803 0.004249015196301853 0.07890710444729493 0.12469530753356454 0.0008358095397195999 0.0009384204723053026 6.09767967365285e-05 3.084111813315343e-05 3.1395098781223964e-05 4.420955987776561e-05 9.298402186459435e-05 0.0 7.846585187354182e-05 3.358688996875302e-05 2.7303332229094325e-05 5.3188502002511635e-05 1.217754162754018e-05 5.388997045118755e-06 0.0 0.0 0.06559860347767853 0.0044533517592304315 0.008320576342874907 6.979003596872777e-05 5.5836869501876206e-05 9.573274067264362e-05 0.00011465602029038068 4.72801503036098e-05 1.6906601068541047e-05 6.212240447178538e-06 1.4332438031007382e-05 7.673253609573831e-06 5.901091525023928e-05 0.000304230428234177 0.00012986902804209733 0.00014656757521674813 0.0017947982439147736 0.00019606026838321985 1.935247651754968e-05 5.363436392900763e-05 1.2616703587629226e-05 0.0 2.965845997044472e-06 2.0625048095853207e-06 7.384208270053463e-05 5.521988403674574e-05 0.0025900219936243305 0.01532111084122715 0.0003533818888014037 0.0009722638677067124 7.416795258265881e-05 0.00022373974998870697 5.286186213607199e-05 0.0023137744905603274 5.968676016801031e-05 2.4871696752273772e-05 3.467914308779379e-05 4.41195439425726e-05 0.00015237599935463778 4.2427188938228126e-05 7.139336807998713e-05 0.0 0.0 0.0025954664287634976 0.005249610954862344 0.00477410595627695 0.008115925845054096 0.0006182832085321196 0.00032397962064684496 0.015080666758075137 6.627381490681443e-05 0.0009267224637682883 0.00021387380068914926 2.502937080695529e-06 3.365794102094334e-05 2.9622705017915432e-05 1.6130777951289634e-05 0.0 1.0390038494784399e-05 0.0 5.15409886044157e-06 0.0 6.327841949958543e-05 1.77992788197943e-05 7.001043943554864e-06 0.0004308095924291803 5.690588593265716e-05 0.0 1.1193656228431378e-05 0.00948398734356597 1.7270076847939954e-05 9.872025170144117e-05 4.616752669574212e-05 0.0 7.702802476093817e-05 7.461130277899924e-05 0.00044069412713389466 7.571226882122403e-06 0.00022348985163348804 7.882154610477292e-05 7.90575184152402e-05 0.0005900253977186599 0.00025469245651050273 0.00026126049355317785 0.00036284393542667786 1.2102389170091508e-05 2.39409342129561e-06 0.0 0.0 0.0 0.0 0.0 0.0 0.0 0.0 3.7166818262306588e-06 0.0 0.0 0.0 0.0 0.0 2.457391040541276e-06 9.652150580183696e-06 0.0 4.040273023885883e-05 7.956858342751358e-05 0.0 0.0 0.0 0.00019931129796185373 0.0 0.00015845403496848323 2.180765080477927e-05 0.0 0.0 0.0 0.0 0.0 0.0 1.911347615095052e-05 0.0 1.625937123461653e-05 9.771095060661291e-06 0.0 0.0 2.077654565540945e-06 0.0 2.7076413797141415e-06 0.0 0.0 0.0 2.7192991006897267e-06 4.700036670885575e-05 6.556034172385636e-06 1.2829404415306373e-05 1.2175436247791973e-05 0.00011586271261955695 8.786172504950837e-06 7.486718579342879e-06 0.0 0.0 0.0 0.0 0.0 0.0 0.0 0.0001346566160770355 1.1058745563198057e-05 0.0 3.27839687470428e-06 0.0 3.232458137889156e-05 1.2885628337609908e-05 4.615100240050717e-05 1.818292129148553e-05 2.5756267377968624e-05 2.800496797111453e-06 0.0 0.0 2.2973604330959855e-06 0.0 0.0 3.010985686791369e-06 0.0 0.0 1.6698174686777372e-06 0.0 0.00017999577975945022 5.162868278137522e-05 0.00014732922562088116 0.006361736245719121 0.00018144995377731744 0.004042718007880385 0.00048255486577892566 0.0053287157691408816 0.0009446114344992121 3.823017188328226e-05 0.00019314850411487498 8.713237546410933e-05 5.1772813375805444e-06 8.014921917111257e-05 7.527022140044424e-06 0.00013600182465464675 0.0 0.0 0.0 4.3333068417738726e-05 1.6890745636017908e-05 0.002056021804161374 0.00038556329565878457
0.00397429854601252 0.03882793597892801 0.0 0.0004953899721478838 0.030606676799261018 0.0001170235083226197 0.009165884764977409 0.04047059610343979 0.012156541443769295 0.007420624165810924 0.03901771086254805 0.000431844039717451 0.007996640064252188 0.032234934131356884 0.000161859523214401 0.00023706858437388896 3.7234827278419816e-05 0.00014403554835539992 9.979562217265155e-05 0.0003282338228229936 0.0008292257693359232 0.0 0.0006696472834152614 0.0003389847546906317 6.849654029576713e-05 0.00019824806379174323 1.3581791086414216e-05 2.534215980968181e-05 0.0 1.7678617757377983e-06 0.05869102243761332 0.006833684233490474 0.004676354498002434 0.0005937992162022834 0.0005386264211256447 0.0005464510863957781 5.673518629702788e-05 0.00013481119481651544 7.53423190845324e-06 2.1623583545542843e-05 6.367537274310665e-05 6.74877695068604e-05 0.0003623048521188855 0.00015876814336737184 0.00044556605338227917 0.00032677360713880606 0.00034220573763902993 4.237174059221814e-05 3.0523450440215054e-05 0.0002572413731649866 5.3610742015590976e-05 0.0 6.217573640942373e-06 7.579238167389769e-06 1.1711106658344527e-05 1.138157480723967e-05 0.00048087554785015046 0.005048179977687661 3.850931488588035e-05 0.00010530151113162601 0.0003637532690399836 0.0006592473447892796 0.0004434243350964952 0.004794228505649622 6.4761075636486936e-06 3.718443858524579e-05 7.798408292377925e-06 0.00015907318297580454 0.0013181647903655605 0.00038736483527785915 8.517101602409648e-05 0.0 0.0 0.0004502919210464564 0.0016158474793501745 0.0007365306688242684 0.0024532706815838783 0.00023182631741634538 0.0026652153666446394 0.013044921139466942 0.00016471747199433605 0.004739068509212819 4.172498157178166e-05 0.0 9.140276284415541e-06 8.225778324017399e-06 3.846732813977587e-05 0.0 0.0 0.0 1.8709394844033597e-06 1.8953071502304575e-06 0.0006946381186585857 6.456375787451764e-05 3.8407276974472776e-05 0.0002186136453472121 7.657041703981178e-05 0.0 2.2569815515563208e-05 0.0013671722163339807 1.96723707497614e-06 1.7178236685230135e-05 0.0 0.0 1.932932168963567e-05 7.365158917115191e-06 4.3057401295517335e-05 0.0 3.991923569785952e-05 1.4955664609676536e-05 2.9634679151650867e-05 8.979536210284255e-05 4.8096609704258674e-05 6.503922730563712e-05 0.00014397137776624245 2.1944046606191757e-06 2.627966875989105e-06 0.0 0.0 0.0 0.0 0.0 0.0 0.0 0.0 0.0 0.0 1.7211303915626966e-06 0.0 0.0 1.7920623035533074e-06 0.0 0.0 0.0 9.171754616373207e-06 7.699664522059328e-06 0.0 0.0 0.0 8.98667952735352e-05 0.0 7.038993467882779e-05 2.6199100782334533e-06 6.926319272429532e-06 7.3920314784579735e-06 0.0 0.0 0.0 0.0 0.0 0.0 0.0 2.4423349502185407e-06 0.0 0.0 0.0 1.828969048234942e-06 0.0 0.0 0.0 0.0 2.139670379143835e-06 7.118844243183608e-06 0.0 0.0 0.0 4.118809886269774e-05 0.0 0.0 0.0 0.0 0.0 0.0 0.0 0.0 0.0 2.6562358940586385e-05 0.0 0.0 0.0 0.0 1.6823302497020123e-05 1.8936403679632168e-05 7.990540582004402e-06 8.218651969281649e-06 6.243706352518243e-06 2.0089488200251337e-05 0.0 0.0 0.0 0.0 0.0 0.0 0.0 0.0 0.0 0.0 1.4479858727875752e-05 2.799009595007036e-05 0.00010812829007039433 0.0008287868618108368 3.1107429099378526e-05 0.0007114443559918242 9.972428950223165e-05 0.0005986665346607276 0.00010308794633476943 0.0 5.093310920959505e-05 3.8980579149481495e-05 0.0 3.454553706211376e-05 0.0 1.9034881986324552e-05 0.0 0.0 0.0 3.5779485779795106e-06 1.7864041226632233e-05 0.00019449509251307819 3.8679657877574134e-05
0.04012989843809937 0.011010121247997414 0.0004953899721478838 0.0 0.0018880284811956885 0.00457738682426007 0.00926959435427372 0.000291935628884215 0.0004982659996376282 0.04665728994265329 0.00021436421623502244 5.6371997883169365e-06 0.006086921858836855 0.001626604314016677 1.7290860677146817e-05 2.2948514212630993e-05 2.4885396011247793e-06 6.5219606965993335e-06 4.255133861830456e-06 0.0 0.0 0.0 4.4961912997004955e-06 0.0 0.0 0.0 0.0 0.0 0.0 0.0 0.002428675995581892 4.0191637570878696e-05 7.042299025927028e-05 0.0 0.0 0.0 7.881171121331963e-06 0.0 1.0673676671097516e-05 0.0 0.0 0.0 0.0 2.7248743028383675e-06 1.0940190812526299e-05 4.096168836875404e-06 0.00012052761017003289 1.0494228385757558e-05 3.2226653571374896e-06 2.459052479362793e-06 2.429529320408719e-06 0.0 4.006641423101035e-06 0.0 6.162878503313608e-06 6.197475916379735e-06 0.00046309554224881704 0.0020935725566102294 3.636853962506697e-05 8.91886944586059e-05 0.0 1.0591707281700349e-05 3.2859715196830064e-06 0.0001419111732789746 4.931936095182721e-06 3.996482662917115e-06 3.694280983361493e-06 4.374436539570801e-06 6.944626942674746e-06 0.0 2.799016414113642e-05 3.278787691839186e-06 0.0 0.0003170141082873614 0.0006624288045685841 0.0004982655654826632 0.0006667501959147261 2.1246719483284416e-05 2.397893325735658e-06 0.0003899846794950175 0.0 2.847262137020137e-05 1.1647798631806316e-05 0.0 0.0 9.267181411692303e-06 0.0 0.0 0.0 0.0 0.0 0.0 5.074137767839784e-06 1.9712058260877476e-06 0.0 0.0001454678131584711 3.528135547882563e-06 0.0 1.8402238361231084e-06 0.005230094632920968 2.3953885855526966e-06 7.567489669969974e-05 2.1302096220908395e-05 0.0 2.295768909533778e-05 4.2544775810693385e-06 0.0004133048991701254 8.337790770997623e-06 9.850114992285181e-05 4.332982973043239e-05 1.5428745023492808e-05 0.00015859922881541282 9.822059587778413e-05 7.340261986095818e-05 6.926906632060778e-05 0.0 0.0 0.0 0.0 0.0 0.0 0.0 0.0 0.0 0.0 0.0 0.0 0.0 0.0 0.0 0.0 0.0 0.0 0.0 9.767939942360746e-06 0.0 0.0 0.0 0.0 2.393941474824478e-05 0.0 3.0668787503916655e-06 7.063923873104287e-06 0.0 0.0 0.0 0.0 0.0 0.0 0.0 0.0 7.24931518848456e-06 0.0 0.0 0.0 0.0 0.0 0.0 0.0 0.0 0.0 0.0 6.330673416994272e-06 0.0 0.0 0.0 0.0 7.097964884351163e-06 0.0 0.0 0.0 0.0 0.0 0.0 0.0 0.0 1.6577374756905332e-05 0.0 0.0 0.0 0.0 1.2606172339571897e-05 0.0 0.0 0.0 2.5633239200163287e-06 0.0 0.0 0.0 0.0 0.0 0.0 0.0 0.0 0.0 0.0 0.0 5.5868885129728004e-05 0.0 1.2757015482359721e-05 0.0005601761205054345 1.9650489028857593e-06 0.0004215484383931978 6.8527578880781654e-06 0.007464960582818154 0.00011317809853958997 0.0 4.68138183200105e-05 2.320480000481528e-06 0.0 1.5509847190288954e-05 0.0 4.5556290405411756e-05 1.9765449224951125e-06 0.0 0.0 0.0 0.0 0.0032986316661057003 0.0004070833954559198
0.0006862620633795615 0.04312866900113184 0.030606676799261018 0.0018880284811956885 0.0 1.5464233269734085e-05 0.031052776887637537 0.003797931018401888 0.032510000271111755 0.0040059183654229755 0.011869126881943949 0.00019754925184332215 0.02237213878914284 0.05196269962817365 2.279050153261002e-05 3.582380531275651e-05 0.0 0.0 0.0 2.292447725017441e-06 3.9356514166714526e-06 0.0 0.0 0.0 0.0 0.0 0.0 0.0 0.0 0.0 0.002804109551869681 0.00032756132066545434 0.0004235540721643491 0.0 1.1252536650989734e-05 4.069676685374981e-06 0.0 0.0 8.432857660393993e-06 0.0 0.0 0.0 3.5643987490864907e-06 1.7555462983402146e-05 3.99191075483618e-06 7.166386930178902e-06 7.573743753791152e-05 1.498761624044583e-05 0.0 0.0 0.0 0.0 0.0 0.0 5.139914342036142e-06 2.5116692651374135e-06 3.493193311701264e-05 0.00028865152741520256 3.1498360559168093e-06 3.4640736605656876e-05 2.3429322584825097e-06 3.4545764935220638e-06 4.862105958207163e-06 6.303766760118454e-05 5.92410197117049e-06 0.0 1.7500244529824461e-06 0.0 1.187358608619195e-05 2.4907308798696496e-06 0.0 0.0 0.0 6.62972126751096e-05 8.41749371614452e-05 0.00013798442615540378 0.0003192646051481339 2.7022611822678678e-05 2.4224269179790942e-05 0.0005014512560593856 0.0 2.8037199356120688e-05 0.0 0.0 4.8110594309447644e-06 0.0 0.0 0.0 0.0 0.0 0.0 0.0 1.987494636912312e-06 0.0 1.8449990747404486e-06 2.546442421648066e-05 0.0 0.0 0.0 6.208725997686349e-05 0.0 0.0 0.0 0.0 5.1481402971288005e-06 0.0 1.5192561305187457e-05 0.0 1.2834874146535064e-05 0.0 1.9596787399334893e-06 2.966445224095872e-05 1.0565045040866571e-05 4.273248142833634e-06 1.580406802979122e-05 0.0 0.0 0.0 0.0 0.0 0.0 0.0 0.0 0.0 0.0 0.0 0.0 0.0 0.0 0.0 0.0 0.0 0.0 0.0 0.0 0.0 0.0 0.0 0.0 1.2217151472293996e-05 0.0 0.0 0.0 0.0 0.0 0.0 0.0 0.0 0.0 0.0 0.0 0.0 0.0 0.0 0.0 0.0 0.0 0.0 0.0 0.0 0.0 0.0 0.0 0.0 0.0 0.0 0.0 0.0 0.0 0.0 0.0 0.0 0.0 0.0 0.0 0.0 6.131333844282569e-06 0.0 0.0 0.0 0.0 0.0 0.0 0.0 0.0 0.0 0.0 0.0 0.0 0.0 0.0 0.0 0.0 0.0 0.0 0.0 0.0 8.80392641403312e-06 0.0 3.1597972328751328e-06 0.00025956342684130035 1.6871459990939085e-05 0.00015474336001404269 6.244573109121092e-06 9.871231326722161e-05 2.8612095866213933e-05 0.0 1.9618411578581435e-05 0.0 0.0 6.1510218011179085e-06 2.1264427103214784e-06 0.0 0.0 0.0 0.0 0.0 0.0 3.176264210334728e-05 2.2999401989848923e-06
0.0015245930174734373 0.0013482032822538478 0.0001170235083226197 0.00457738682426007 1.5464233269734085e-05 0.0 0.00018638466582362014 2.5105998303956056e-05 0.0 0.004618851095542342 8.869136489783135e-06 0.000979426467935733 0.0005950308499963712 5.358728444419685e-05 3.305401779528359e-06 2.388190156432771e-06 0.0 2.38511285982721e-06 0.0 0.0 2.845446048938083e-06 8.316549020918862e-05 6.402759917126274e-06 1.167300385168405e-05 9.798157438593443e-06 1.2464707099361805e-05 0.0 6.2622347505650066e-06 0.0 0.0 0.0003241777476923089 4.858321587039568e-06 7.60252829010684e-05 8.846055755578724e-06 0.0 1.2292816217068152e-05 0.00012965767208514913 3.0741761419903855e-05 6.57360694797785e-05 5.381531754378093e-06 0.0 6.925692194220627e-06 0.0 4.895715610478036e-06 0.0 9.599979909993913e-06 7.971611736193812e-06 2.5088513741818095e-06 0.0 2.734069378799335e-06 0.0 0.0001194799900453916 0.00013163339125888066 1.147489637814328e-05 0.0 0.0 0.00043219818434942224 0.0002441430932401734 2.774727719443694e-06 0.0 0.0 4.95253983162877e-05 2.9162668824973855e-05 3.4597925664116053e-06 0.0 0.0 0.0 0.0 0.0 6.5150092465114e-06 0.0007877033265696475 0.0005871204912347702 7.895189744387601e-06 0.0 5.8240970544614775e-06 2.756145886939695e-06 4.248800169987958e-06 3.064710926888197e-06 0.0 0.00013761694263637945 5.223529481649649e-06 3.1283652366691915e-05 0.0 5.348381110308192e-06 0.0 0.0 0.0 5.941705052177259e-06 2.0992838707673963e-06 5.311990846935603e-06 7.962638475363467e-06 3.090223798760126e-05 3.2126793269432423e-06 0.0 3.791534211922095e-05 0.0021288028118166694 0.002549142799048251 0.0002971552439812065 0.00014555974403549204 0.004721366384022242 0.0 2.6487871462531396e-05 2.4371330126069303e-06 0.0 1.744462733714292e-05 1.952493949026776e-05 0.00039184379753775357 0.0 0.00018087699908161345 3.752835921728882e-05 1.9628423860006127e-05 0.00022246943399689632 0.00014617969154034647 7.403383861896958e-05 6.943501448352656e-05 2.1017288078514165e-06 0.0 0.0 0.0 0.0 0.0 0.0 0.0 0.0 0.0 0.0 0.0 0.0 0.0 0.0 0.0 0.0 3.245234580680041e-06 0.0 6.4381456437693625e-06 2.474540239326984e-06 0.0 0.0 0.0 3.8971408460758276e-05 0.0 7.677654340992342e-06 2.940154585738974e-06 0.0 0.0 0.0 0.0 0.0 0.0 0.0 0.0 0.0 0.0 0.0 0.0 0.0 3.109198529857539e-06 0.0 0.0 0.0 0.0 2.4319052897630488e-06 5.433320927396447e-06 0.0 0.0 0.0 0.0 0.0 0.0 0.0 0.0 0.0 0.0 0.0 0.0 0.0 2.167651208409557e-05 4.68684870510761e-06 2.5338992420096024e-06 0.0 0.0 1.9934076566702515e-05 1.5724424903276535e-05 0.0 0.0 0.0 2.6673502456305613e-06 0.0 0.0 0.0 0.0 0.0 0.0 0.0 0.0 0.0 0.0 8.792240810833482e-05 9.540785404666568e-06 1.0516868907020666e-05 0.0001397853194350118 7.231944485233681e-06 4.038796617405819e-05 5.293502524731769e-06 0.0026670572896654345 0.0 0.0 2.9680358777948216e-06 2.2775414065076908e-05 0.0 2.6146753654169694e-06 3.0117004658565417e-05 5.797290416326982e-05 0.0 0.0 0.0 0.00048757601396245194 0.0001777490385332915 0.0010907941825215792 0.0004943496150707758
0.005958861510593182 0.04406249271196496 0.009165884764977409 0.00926959435427372 0.031052776887637537 0.00018638466582362014 0.0 0.007449963119880967 0.017842607230249625 0.02661861059040257 0.007249400183910764 0.0004610548433577661 0.11753189535181179 0.032615193665075135 0.0002275276015413295 0.00028033650174231296 1.18129626751317e-05 1.8145918085181964e-05 1.5292629597648076e-05 2.3607759809461133e-05 2.5793652392109073e-05 0.0 1.1888571810790477e-05 7.496347810268894e-06 3.990917091397394e-06 3.6004491444578207e-06 0.0 3.517017763457426e-06 0.0 0.0 0.003311080129440727 0.0014936808583847206 0.0005801706729171089 1.1519277578196322e-05 7.501354805311226e-06 1.2470947280904138e-05 0.0 0.0 3.1800905213379476e-06 4.464580624261532e-06 0.0 0.0 1.7545089553392932e-05 9.553313998562199e-05 6.144027044266381e-05 6.011246829483009e-05 0.0007224641058958611 6.663758985704077e-05 8.932399159165783e-06 1.9535666612890717e-05 0.0 0.0 0.0 4.324917088323205e-06 3.96160959639805e-05 3.899279451493812e-05 0.0004937224475455529 0.0020022774064136313 0.00013610200665066172 0.00029022009652871145 2.2415182720295157e-05 5.3237081846108584e-05 1.9203063833822006e-05 0.0006433600468450316 2.3988756032857363e-05 9.989389730414023e-06 9.848770898219869e-06 1.5159289656925151e-05 3.2503158868977846e-05 1.3356105064297696e-05 1.9811186013691094e-05 0.0 0.0 0.0007590416323431619 0.0013231139638885164 0.0017153553411266695 0.0031460160107250326 0.0002616519442902656 7.716040427942534e-05 0.0009709074250004654 3.233753286612972e-05 0.0001651511945130777 9.680200361645838e-05 0.0 8.019053146252717e-06 1.9366169563214714e-05 1.9412774040553876e-06 0.0 0.0 0.0 1.908047074297805e-06 3.592516923547239e-06 1.5517658562339855e-05 4.445212342173265e-06 0.0 0.00012020064193021358 1.3051582092506777e-05 0.0 1.7310838018847946e-06 0.00034656547783886793 3.948201834814881e-06 1.7208045656397335e-05 0.0004252184441337032 3.522091551571302e-05 9.744179938151986e-06 0.0002973327704900786 0.00013333080669272472 0.00024125251899611 0.0007878186238377534 0.00047650522436579244 1.565343287752153e-05 0.000308531131746736 7.28603613969439e-05 6.575985293922865e-05 5.2302172389044285e-05 4.4126044306428515e-06 0.0 0.0 0.0 0.0 0.0 0.0 0.0 0.0 0.0 0.0 0.0 0.0 0.0 0.0 0.0 0.0 0.0 0.0 1.1928718485440248e-05 4.922766183123125e-06 0.0 0.0 0.0 3.5244071586288834e-05 0.0 3.1291474767366245e-05 0.0 6.482321027962409e-06 0.0 0.0 0.0 0.0 0.0 5.838371199848957e-06 0.0 3.989347920214244e-06 0.0 0.0 0.0 0.0 0.0 0.0 0.0 0.0 0.0 2.817580600820136e-06 1.3811780290998246e-05 0.0 0.0 0.0 2.397169630572097e-06 0.0 0.0 0.0 0.0 0.0 0.0 0.0 0.0 0.0 3.886523170890571e-05 3.8094390733460715e-06 0.0 0.0 0.0 0.0 0.0 0.0 0.0 2.069170509593217e-05 0.0 0.0 0.0 0.0 0.0 0.0 0.0 0.0 0.0 0.0 0.0 4.148102205261933e-05 1.1064390665072736e-05 3.406255977908711e-05 0.0017624777704651148 3.6494150364750266e-05 0.001416420724438174 0.00011115098862127849 0.0007016045081819646 0.0002486243047179188 3.8898156809859605e-06 9.325008880310921e-05 2.787926651712012e-05 4.664299830151971e-06 1.7547454960121995e-05 2.153512140359326e-05 1.5992813444692158e-05 0.0 0.0 0.0 1.3811037645242293e-05 2.216119398844116e-06 0.0003538660388465006 6.0848439248277424e-05
0.0025870810230757884 0.03193106682412214 0.04047059610343979 0.000291935628884215 0.003797931018401888 2.5105998303956056e-05 0.007449963119880967 0.0 0.003520782415756975 0.007176142585943409 0.060324520792140957 0.00029460379835463457 0.011489297209638894 0.036890282950227296 0.00019133424833763977 0.00028843641846429706 1.302455155778315e-05 7.396166559851003e-05 6.020181241598951e-05 0.0002010102861395336 0.0005983675218066736 0.0 0.0006004534691203788 0.00027403290918784514 0.00015938478461518477 0.0001877058071488935 1.905998981258401e-05 3.888281413066012e-05 0.0 0.0 0.019920144678644267 0.034808824281758084 0.00861825135267562 0.0004849084036898405 0.0005272472302097282 0.000889177535364607 3.808703790361261e-05 0.00032152752567554633 8.809329352190263e-06 1.0543340399268726e-05 4.496386894667218e-05 3.153671500484229e-05 0.00018199616095452184 0.0003389695014830817 0.00030837321661566597 0.00040614538897499393 0.00038344110999711134 1.3525370512881433e-05 1.7342815590182234e-05 0.0001239394470197347 2.6011752429957986e-05 2.0081397539961743e-06 0.0 0.0 1.7241535702470322e-05 9.518265887595867e-06 0.0002794149272889837 0.0016504722034819236 5.197726432715036e-05 0.00010372007767253742 0.0010298036730121295 0.0016673977004657376 0.0008887735831391843 0.003566970376938628 7.244342521974349e-06 1.2696035582696688e-05 2.093180552888641e-05 8.628601435865671e-05 0.0005717856381639453 0.0002284205986566645 6.867857083231959e-05 0.0 0.0 0.00032338121328623294 0.000922908073464348 0.0008036292343265687 0.0027750882268147265 0.0015126235134298512 0.01634896724798203 0.06607384614927142 0.0005844079894941056 0.026081543382855777 4.222085519892925e-05 0.0 3.174470583364639e-06 1.705620419018899e-06 2.0904270473473522e-05 0.0 0.0 0.0 2.1851064437291245e-06 0.0 0.000369880503653666 4.420999713938514e-05 1.3910860667330887e-05 0.00014492593557029735 3.994172896369978e-05 0.0 6.899069252566154e-06 0.00037139174411853447 2.042156844003475e-06 0.0 5.662233986864969e-06 0.0 2.8988394983353272e-06 6.168517236546584e-06 1.54084334057685e-05 6.87354513460497e-06 2.0216546330261756e-06 0.0 7.744582086010156e-06 4.261647071702685e-05 4.976160564516717e-05 2.131870501714547e-05 3.087133454205706e-05 2.0878322763172574e-06 0.0 0.0 2.004523142171064e-06 0.0 0.0 0.0 0.0 0.0 0.0 0.0 0.0 0.0 0.0 0.0 0.0 0.0 0.0 0.0 3.812359949898034e-06 6.073706490812954e-06 0.0 0.0 0.0 4.731033688863031e-05 2.5373485604903993e-06 2.2907051093140884e-05 0.0 0.0 0.0 0.0 0.0 0.0 0.0 0.0 0.0 0.0 1.1574423802057104e-05 0.0 0.0 0.0 0.0 0.0 0.0 0.0 0.0 4.371396056820953e-06 0.0 0.0 0.0 2.579350218536446e-06 4.3215814578634876e-05 0.0 0.0 0.0 0.0 0.0 0.0 0.0 0.0 0.0 4.469139639726334e-06 0.0 0.0 0.0 0.0 2.8297975196040094e-06 0.0 6.364306058508372e-06 0.0 7.332054096199024e-06 0.0 0.0 0.0 0.0 0.0 0.0 0.0 0.0 0.0 0.0 0.0 4.409595169770634e-06 2.5554226413844704e-05 3.754891890137419e-05 0.001248605038422928 4.754375506310824e-05 0.0008142599573053514 7.092133243407603e-05 0.000322846070769662 0.00021004564930381055 0.0 6.357375687071158e-05 2.2167549271532374e-05 0.0 2.2827453013116298e-05 2.327101213197119e-06 5.889368704103496e-05 0.0 0.0 0.0 0.0 0.0 7.558828705582283e-05 1.042047842747862e-05
0.00012660380881907813 0.0371685704347005 0.012156541443769295 0.0004982659996376282 0.032510000271111755 0.0 0.017842607230249625 0.003520782415756975 0.0 0.001483713858623885 0.014748279148537094 3.1649033612622554e-05 0.022551837584072303 0.02017052384487621 0.0 1.2255528285880533e-05 0.0 0.0 0.0 0.0 0.0 0.0 2.840810299107366e-06 0.0 0.0 0.0 0.0 0.0 0.0 0.0 0.00039647354624399144 9.254626675299132e-05 4.7391790884047516e-05 0.0 0.0 0.0 0.0 0.0 0.0 0.0 0.0 0.0 0.0 0.0 0.0 0.0 9.55606004813271e-06 5.002926256945029e-06 0.0 0.0 0.0 0.0 0.0 0.0 0.0 0.0 2.9054001312883558e-06 3.269623868822392e-05 0.0 0.0 0.0 0.0 0.0 2.958947670748327e-06 0.0 0.0 0.0 0.0 2.197969080648845e-06 0.0 0.0 0.0 0.0 8.743972797681021e-06 9.372381120707596e-06 1.4970437373109739e-05 4.444305991258935e-05 2.9070861126803467e-06 0.0 6.675409639040695e-05 0.0 6.486268032492583e-06 0.0 0.0 0.0 0.0 0.0 0.0 0.0 0.0 0.0 0.0 0.0 0.0 0.0 4.171790243819418e-06 0.0 0.0 0.0 3.8012129629206887e-06 0.0 0.0 0.0 0.0 0.0 0.0 2.5330674352697708e-06 0.0 0.0 0.0 0.0 0.0 0.0 2.3386969564156176e-06 0.0 0.0 0.0 0.0 0.0 0.0 0.0 0.0 0.0 0.0 0.0 0.0 0.0 0.0 0.0 0.0 0.0 0.0 0.0 0.0 0.0 0.0 0.0 0.0 0.0 5.122972823103125e-06 0.0 0.0 0.0 0.0 0.0 0.0 0.0 0.0 0.0 0.0 0.0 0.0 0.0 0.0 0.0 0.0 0.0 0.0 0.0 0.0 0.0 0.0 0.0 0.0 0.0 0.0 0.0 0.0 0.0 0.0 0.0 0.0 0.0 0.0 0.0 0.0 2.5688435130495896e-06 0.0 0.0 0.0 0.0 0.0 0.0 0.0 0.0 0.0 0.0 0.0 0.0 0.0 0.0 0.0 0.0 0.0 0.0 0.0 0.0 0.0 0.0 0.0 4.899744599620215e-05 0.0 1.7103589991132516e-05 0.0 7.097876655363634e-06 3.7456889698738632e-06 0.0 0.0 0.0 0.0 0.0 0.0 6.632835331372414e-06 0.0 0.0 0.0 0.0 0.0 8.14524048100945e-06 0.0
0.03429531500405938 0.055780533657374 0.007420624165810924 0.04665728994265329 0.0040059183654229755 0.004618851095542342 0.02661861059040257 0.007176142585943409 0.001483713858623885 0.0 0.0014243847550054146 0.021057363545536355 0.19112399036683078 0.010657363128196552 0.002030968541938725 0.002392687237788981 0.0001109356539719243 3.203516948520786e-05 4.292103718198064e-05 4.9838110118650106e-05 6.482576332828437e-05 0.0 2.663635277124283e-05 1.222647827040536e-05 1.2487877615880991e-05 2.4041541509970818e-05 1.9163157458897073e-06 1.168792853052184e-05 4.048790025904483e-06 0.0 0.01491864832280424 0.0038014268211324954 0.0015507174950169155 6.422980370074557e-05 2.7488877323871874e-05 4.116140291466274e-05 0.00026511117983352703 4.3781108575030714e-05 3.740216924187577e-05 1.9945023485130673e-05 6.7998761046755075e-06 8.518806984858933e-06 3.274379162717904e-05 0.00046398003660614424 0.00013920570205275482 0.00020848554395979567 0.005185910642828985 0.00041645260980837257 9.157920497527762e-05 3.78592826942727e-05 9.250929880721622e-06 2.1834822847614924e-06 1.8514289175394267e-06 8.783317334141346e-06 0.00016636934915466206 0.00012839465455673294 0.0034959798726676614 0.011149468302829485 0.0008010880535524315 0.001876636629264729 9.314846423208159e-05 0.00015836356561706733 6.44881153423231e-05 0.0026014268984747963 8.880987600000751e-05 6.283880023995538e-05 7.344523865591877e-05 3.597318863859925e-05 0.00011051346459731318 2.674909776735192e-05 0.00034335769258007627 2.0231937628604017e-05 0.0 0.004146381553450493 0.006169217491536015 0.008653621443992655 0.011943359680813117 0.0013356321139884146 0.0002472504704938358 0.0024119812169344722 0.00010521901190230549 0.0003950908254347383 0.0005101873500706135 0.0 5.00453845529287e-05 6.090559920557895e-05 1.352866465397043e-05 0.0 8.433527144436695e-06 0.0 1.3300011310817313e-05 2.3885578289917204e-06 5.566946385200321e-05 3.150503691500088e-05 5.423770605494492e-06 0.013505752392396379 0.00034163679876025307 0.0 6.482516622929131e-05 0.00862694306641879 0.00011521972833965914 0.0003574356224465989 0.0002772684200953027 1.5192923851766497e-05 0.0008090600317185223 0.00017590382168207125 0.0044749587752982425 0.00011780775637618389 0.0021287546074122664 0.0005571996323527675 0.0004749806575958214 0.004232283579722148 0.0029712252586110805 0.002225375194988432 0.002959008826639966 1.7897905624571328e-05 7.89955133195953e-06 0.0 3.042586265603238e-06 0.0 0.0 0.0 0.0 0.0 0.0 1.2045760761373311e-05 0.0 2.070683854195172e-06 0.0 0.0 2.1880812207364985e-06 0.0 0.0 0.0 0.00025755473021948666 0.00035757726352345315 0.0 0.0 0.0 0.0012796517437663063 3.196265721807794e-05 0.0005518855560086724 4.4233948979508685e-05 2.3021199675748767e-05 0.0 0.0 0.0 3.2449526983848446e-05 1.1978691818908907e-05 1.0111574451525202e-05 0.0 4.5289509557694955e-05 7.196922268232524e-05 0.0 0.0 0.0 1.2665103089933e-05 1.1264876127293257e-05 0.0 4.211045929961316e-06 0.0 9.353026492365815e-05 0.0002673957781299761 7.410693602447279e-05 4.92558040822643e-05 2.783782436754781e-05 0.0004308054108722361 5.882014383061236e-05 0.0 0.0 0.0 1.843887669096474e-06 0.0 0.0 0.0 0.0 0.0010235729558927013 9.266146880213693e-05 9.556409080764717e-06 0.0 0.0 0.0002711619753688034 0.00010446425081517056 0.00015711954201887333 8.461201067305303e-05 0.00011265660246886658 4.6078673425992184e-05 8.452400691797352e-06 0.0 0.0 0.0 2.158033037173529e-06 0.0 5.764344904653088e-06 0.0 0.0 0.0 0.0015246776000252592 0.0002947652861383687 0.0009487096055749067 0.021983376457962323 0.00027704124955833787 0.01068588293545448 0.0010416288759059538 0.015426797306615326 0.002763181371410263 1.4511314225922914e-05 0.0008446521335747472 0.0005336756281037028 1.1864400796192627e-05 0.00040697319636316567 5.0977933573911147e-05 0.0009646951634280362 2.054693157935515e-05 0.0 9.878184236937705e-06 6.330318202119827e-05 9.469210446262969e-05 0.023332887716471695 0.004547762095878084
0.0014352522721601103 0.05494789682365803 0.03901771086254805 0.00021436421623502244 0.011869126881943949 8.869136489783135e-06 0.007249400183910764 0.060324520792140957 0.014748279148537094 0.0014243847550054146 0.0 0.0002098095600278017 0.015948300132758914 0.11117908688953992 5.6278005430228525e-05 0.00010951649039683775 2.537064612269968e-06 2.1721597718054347e-06 5.985254911488645e-06 3.7605592822580676e-06 2.194013097887194e-05 0.0 1.627027046589826e-05 6.0400780432824136e-06 1.6872801289015358e-06 0.0 0.0 4.447843057195816e-06 0.0 0.0 0.005256192930065723 0.0030833366194509583 0.009384646895361316 1.762162012277359e-05 1.368642056899778e-05 2.5926449444959784e-05 0.0 4.526949975145441e-06 4.978208160491404e-06 5.223646136525768e-06 2.3347123613661085e-06 1.6585687387658275e-06 0.0 2.9632531521401593e-05 1.4371423748874055e-05 6.755518049198419e-06 0.00014190670948246992 9.60574850138459e-06 0.0 5.555458893357543e-06 2.2811934031274486e-06 0.0 0.0 0.0 1.9879263065537664e-06 0.0 0.00011427336620081561 0.0005578156404643953 1.765342884743632e-05 3.697342948627144e-05 0.0 0.0006849975065038452 4.345638318442083e-06 0.00032648707604583145 2.1056778317070097e-06 0.0 1.8952136399302936e-06 3.7622691848896353e-06 1.1383249449342771e-05 7.207535345569135e-06 2.2090453912365335e-06 0.0 0.0 9.73427176071927e-05 0.00022525768669199713 0.00028578749161179144 0.0006502084523101686 9.693521059236911e-05 0.0004839460932295047 0.04500965769498516 4.609372625432771e-06 0.0038618311812079575 2.6229655505912177e-05 0.0 2.211804255756819e-06 2.0065396716008443e-06 0.0 0.0 0.0 0.0 2.1117609718648476e-06 0.0 1.175641100077942e-05 0.0 0.0 1.0666179847813777e-05 3.7430883893998698e-06 0.0 0.0 0.0001824282419170307 0.0 2.764569580590671e-06 0.0 0.0 0.0 0.0 7.814816398734926e-06 0.0 4.050002087153949e-06 2.30186461610903e-06 2.6075027215293126e-06 0.0 3.898182056861589e-06 6.826233738036492e-06 2.4437885538546428e-06 2.5353862421814766e-06 0.0 0.0 0.0 0.0 0.0 0.0 0.0 0.0 0.0 0.0 0.0 0.0 0.0 0.0 0.0 0.0 0.0 0.0 0.0 0.0 0.0 0.0 0.0 4.623246012390974e-06 0.0 1.9565731727720656e-06 0.0 0.0 0.0 0.0 0.0 0.0 0.0 0.0 0.0 2.619092406771555e-06 0.0 0.0 0.0 0.0 0.0 0.0 0.0 0.0 0.0 0.0 0.0 0.0 0.0 0.0 0.0 0.0 0.0 0.0 0.0 0.0 0.0 0.0 0.0 0.0 0.0 0.0 0.0 0.0 0.0 8.09650841134247e-06 0.0 0.0 0.0 0.0 0.0 0.0 0.0 0.0 0.0 0.0 0.0 0.0 0.0 0.0 0.0 4.497234669611128e-06 7.256245202656509e-06 0.0 0.0003892413324118133 2.8306493642653026e-06 0.0002954533465769291 2.0829381770991102e-05 0.0001977845944349242 2.565380090357408e-05 0.0 1.855143202581718e-05 0.0 0.0 0.0 0.0 2.675276874563061e-06 0.0 0.0 0.0 5.914590482449665e-06 0.0 7.6652768703044e-05 5.829560106383014e-06
0.0002746592699148971 0.004249015196301853 0.000431844039717451 5.6371997883169365e-06 0.00019754925184332215 0.000979426467935733 0.0004610548433577661 0.00029460379835463457 3.1649033612622554e-05 0.021057363545536355 0.0002098095600278017 0.0 0.038969246663077176 0.0016586692727457962 0.0012183726757611618 0.0015467687122377109 0.0002247203926618587 3.1060397301714196e-05 2.227241004454274e-05 9.677072224639542e-05 0.000612105713374761 3.3950213056083706e-06 0.00039695417489622314 0.0002505936538519504 0.00019499169604869832 0.0002569191744164738 8.117777531047293e-05 5.098200391262459e-05 0.0 1.732999675709083e-05 0.0013518381567027128 0.00020388138398993243 0.005337959981657931 0.00012538435233392948 0.0002623076611935926 0.0007387027433184081 0.016879437642477606 0.002146754112443964 0.0010269380528149285 0.00010413749336185844 0.00016553754769614462 4.6997685821363185e-05 0.00012599339377286232 0.00014745411002474462 9.6124293618664e-05 6.560992905550458e-05 0.002231127315673662 7.384667666586246e-05 4.4737916528933086e-05 6.699016920114698e-05 5.667329226428101e-05 2.780169646114694e-06 0.0 4.476656500931537e-06 3.31742911472195e-05 1.894961643651297e-05 0.0003062493309926556 0.000676022521169591 0.00013081457111148445 0.0002578754419678277 0.00045038355694663356 0.0011506648928279516 0.000568762360532664 0.00020024535681691856 1.3061348171563097e-05 5.4594417870854373e-05 1.4788220126622403e-05 0.00010442668545973692 0.0007438437042923419 0.0003485601423236788 0.018563075895618383 3.1433990056794125e-05 0.0 0.00036565673364357515 0.00045708301261956186 0.0009079735404738485 0.0006976278459746968 0.000320929042512565 7.108923608066384e-06 0.0011475019737179788 2.2818420881183364e-05 0.00029783630869985257 0.0001015077490135026 0.0 1.1385027853705855e-05 5.9137387931210955e-06 2.2038967948825257e-05 0.0 0.0 0.0 0.0 1.8121305148982843e-06 0.000522640694115178 7.448310963277071e-05 1.8779333247918146e-05 0.02260141823548135 0.002177299430469806 0.0 0.0006612641044221577 0.0007979858766830534 0.00016438494734762778 0.00035656946309807654 0.00026480389100724306 7.112440651615073e-06 0.000814143223209544 0.00016693991840571553 0.002741133014530236 9.640510613738528e-05 0.0018919724791056469 0.0006320518060150345 0.0007085960241715298 0.004370102374748722 0.0031496637287048925 0.002632000806575915 0.0038242064543450374 3.182156834905936e-05 1.0016946687741064e-05 0.0 6.265956833310069e-06 0.0 0.0 0.0 9.317709748985687e-06 0.0 0.0 7.12827604621675e-06 0.0 7.127846395900715e-06 0.0 0.0 2.733635068501564e-06 5.6598106410296575e-06 4.927665843252811e-06 4.5068645218680406e-06 0.0003768258668734549 0.00036358435464335724 0.0 8.73274954233593e-06 0.0 0.0021831853075427953 7.272599610490641e-05 0.0010156561862388939 0.00010817518750525195 5.9814490422719735e-05 0.0 0.0 0.0 4.45309112862661e-06 7.0433216278523936e-06 2.8353618484619354e-06 0.0 7.254347347428265e-05 7.131378196058236e-05 0.0 3.027205219220796e-06 0.0 3.194676202037733e-05 2.914610119190877e-06 4.47902050966608e-06 7.429797679104404e-06 4.400584473753678e-06 0.00011282216462996492 0.00032647729256950994 2.7950302191370714e-05 1.8994162910584906e-05 3.639002944150681e-05 0.0007690328368257967 6.863993989439572e-05 0.0 0.0 0.0 2.0329863106129816e-06 0.0 2.2541900516306156e-06 0.0 0.0 0.0015951956723965328 9.920864046592482e-05 7.473180711069648e-06 0.0 2.8773290226431377e-06 0.00046671921348025863 6.7261552246826e-05 0.00014773795883223217 8.637105219069413e-05 0.00017068853912543207 6.170562160798407e-05 1.627540032912569e-05 1.8714665438709446e-05 0.0 0.0 0.0 0.0 0.0 0.0 0.0 0.0 0.0017690019667102855 0.0005607343690754442 0.0017882613307347787 0.013614942978893225 0.00017767015809045422 0.005360304634001329 0.001435217157178406 0.002083100256545192 0.0015672373137180719 3.621551778548497e-05 0.0005040130438940893 0.0006778075579293469 4.3663615678863804e-06 0.0006000856699652581 6.373691199591069e-05 0.0007959020605343288 2.639307283275028e-05 0.0 1.2829933167900656e-05 0.00017579289873882083 4.076412906439811e-05 0.0123162653072955 0.0029587903019224486
