0.0 0.053610119067685064 0.029830477256996852 0.029691647855691068 0.008952778908289622 0.0005868321200150057 0.008266142269152196 0.0005327329025228328 0.0023366273105688545 0.010394342515188709 0.0030464989564756677 0.01908394019833291 0.00814233485537735 0.002532604213526809 1.464966922718936e-05 0.0 0.0 0.0 0.0 0.0 1.3239851391441026e-05 0.0 0.0 0.0 0.0 5.914979326329019e-06 0.0 0.0 0.0 0.0 0.013121402272917273 4.728040599658493e-05 0.0012237169326783414 0.0 0.0 0.0 0.00020083457851869838 0.0 0.0 0.0 0.0 0.0 0.0 0.0 0.0 0.0 3.4472692318119904e-05 6.413045230979314e-06 3.1849260960774596e-05 0.0 0.0 0.0 0.0 0.0 5.067568028889965e-06 2.8557198328532726e-06 0.002828815852883616 0.016802085335234057 6.992500472614753e-05 2.8297879086255108e-05 0.0 1.763373701958748e-05 0.0 0.00011363389881861596 2.77891117056336e-06 2.290089888591331e-06 0.0 3.1994101538365387e-06 0.0 0.0 0.004208821940234473 0.0 0.0 0.0003561145515133774 3.6163386875838866e-05 3.01971723714529e-05 3.133434080021761e-05 4.261477881198947e-06 3.043239043556554e-05 4.495044601674786e-05 0.0 7.2331038288349875e-06 2.3917928856504436e-05 0.0 0.0 2.5744005605747616e-06 0.0 0.0 0.0 0.0 0.0 0.0 0.0 0.0 0.0 0.00013939499261811486 0.0 0.0 0.0 0.03144715871439082 0.0 0.0 0.0 0.00035998884230189023 0.0 0.0 0.0 0.0 0.00014813629179964051 1.0788187501468286e-05 0.0 0.0 0.0 0.0 0.0 0.0 0.0 0.0 0.0 0.0 0.0 0.0 0.0 0.0 0.0 0.0 0.0 0.0 0.0 0.0 0.0 0.0 0.0 0.0 0.0 0.0 0.0 0.0 0.0 0.0 0.0 0.0 0.0 0.0 0.0 0.0 0.0 0.0 0.0 0.0 0.0 0.0 0.0 0.0 0.0 0.0 4.710359534437475e-06 0.0 0.0 0.0 0.0 0.0 0.0 0.0 0.0 0.0 0.0 0.0 0.0 0.0 0.0 0.0 0.0 0.0 0.0 0.0 2.0198726625530228e-05 0.0 0.0 0.0 0.0 0.0 0.0 0.0 0.0 0.0 0.0 0.0 0.0 0.0 0.0 0.0 0.0 0.0 0.0 0.0 0.0 0.0 0.0 0.0 0.00022838368416079215 4.493542935334178e-06 0.0002010272814915679 1.894060353159829e-05 0.01608637880259253 9.106846873348958e-05 4.45230935131147e-06 6.544064245617264e-05 2.8361592380171126e-05 0.0 0.0 0.0 0.0 0.0 0.0 0.0 0.002730086820292098 1.2721612103574779e-05 0.007079086759851147 0.0
0.053610119067685064 0.0 0.061083176564206754 0.0030403505157652797 0.027714084102939865 0.004566517687726889 0.018120814305658935 0.0014514662761305776 0.0357912209849528 0.020796312089185167 0.017271729639656952 0.010519861997928506 0.02517213600519034 0.014012193522513872 0.00013933113037661703 2.7689310387167217e-05 2.350381423017072e-05 4.482659889256044e-06 0.0 3.0574135307219773e-06 1.505214576768587e-05 0.0 6.6052436278188164e-06 0.0 0.0 0.0 0.0 0.0 0.0 0.0 0.04330767214196053 0.0018230131524562166 0.0005640589318762881 3.2630423206835036e-06 3.210300926302202e-06 0.0 7.483317480485483e-05 2.7430403433513016e-06 0.0 0.0 7.465315684333269e-06 0.0 0.0 7.4241780362890444e-06 5.251157083803575e-06 2.958288271164366e-06 0.0018637351049693698 0.0001046572882124617 0.0 0.0 0.0 0.0 3.30862435853182e-06 0.0 0.0001067404933438743 5.7505928340383596e-05 0.003805743125254625 0.027990899712432352 0.0006528497298160295 0.001091734010418014 0.0 5.535109766498168e-05 0.0 0.0035317424791153963 5.7681872778703034e-05 1.0090179213455823e-05 0.0 1.3113677766119922e-05 2.929481508372433e-06 2.9321464682042585e-06 9.109935840158618e-05 0.0 0.0 0.004323268084556179 0.0010271461102520534 0.0015609439351878184 0.0018318573284876888 0.00022068697368644174 0.0008831222234126303 0.0007801431778258973 3.4806083364527235e-05 9.230355452989486e-05 0.0004113520978947976 5.015417488532747e-06 1.329827468536229e-05 2.5816181654848354e-05 0.0 0.0 0.0 0.0 0.0 0.0 8.921598297705092e-06 0.0 0.0 0.00040941970626777945 5.856063045959036e-06 0.0 1.3147410744827122e-05 0.02531533792651654 0.0 0.0 0.0 0.0 0.0 0.0 0.0 0.0 5.8875360563140505e-06 0.0 0.0 0.0 0.0 0.0 0.0 0.0 0.0 0.0 0.0 0.0 0.0 0.0 0.0 0.0 0.0 0.0 0.0 0.0 0.0 0.0 0.0 0.0 0.0 0.0 0.0 0.0 0.0 0.0 0.0 6.415654389123431e-06 7.238887673765957e-06 0.0 3.663994616618072e-06 8.951444903485282e-06 0.0 0.0 0.0 0.0 0.0 0.0 0.0 0.0 0.0 0.0 0.0 0.0 0.0 0.0 0.0 0.0 0.0 0.0 0.0 0.0 0.0 0.0 9.990262857664006e-06 0.0 0.0 0.0 0.0 0.0 0.0 0.0 0.0 0.0 0.0 0.0 0.0 0.0 0.0 0.0 0.0 0.0 0.0 0.0 0.0 0.0 0.0 0.0 0.0 0.0 0.0 0.0 0.0 0.0 0.0 0.0 0.0 0.0 0.007558790319909144 3.734126714284618e-05 0.005335825119345992 0.0008617973225785451 0.023788150758295393 0.0012334151179129583 4.5685914406962686e-05 0.0012344852079914164 1.8594276151627053e-05 0.0 0.0 0.0 3.818014314290648e-05 0.0 0.0 0.0 0.004022087738445132 8.759838605476742e-05 0.0023108397167624847 0.0
0.029830477256996852 0.061083176564206754 0.0 0.0002320856217788331 0.029328785706581335 3.904277113133987e-06 0.0041304111604104484 0.031104486823142014 0.018639492138345013 0.00022960348265560596 0.046701635090750905 0.0016488072863279281 0.007677609210248097 0.016042369001547666 9.346278179505442e-05 2.227272383460534e-05 2.7779045081171018e-05 9.673418514015351e-06 0.0 2.9806375124193754e-05 0.00014063637263027177 0.0 0.0 0.0 0.0 0.0 0.0 0.0 0.0 0.0 0.05512069981482524 0.007513484449334976 0.001899013765744577 8.577007852574715e-06 1.5129571897112463e-05 3.7016976707838474e-05 0.0001633621967257064 2.5321142133268734e-05 0.0 3.99098606793274e-06 2.7695649673512763e-05 5.928113970506185e-06 3.557023639768665e-06 9.522990384661186e-05 2.4092390686905837e-05 2.307217079137468e-05 0.0007651030410106501 5.8900112045589165e-05 2.6048491163300124e-05 2.7758776405842213e-05 0.0 0.0 0.0 3.6462440997580444e-06 4.948298789313389e-05 2.2436021678893184e-05 0.0013404668217762417 0.015698382356003675 0.00027666865209933724 0.0005819678162868715 0.00016295285936770618 0.0009140027934732786 3.3282736351270625e-05 0.007787369163604797 3.465201597787385e-05 7.167450782405478e-06 4.620755974399791e-06 7.591988520137489e-06 4.1047949406695536e-05 5.2490124317852535e-05 0.0004924149271863314 3.6054384717556865e-06 0.0 0.0023025659380710014 0.0006976101801002492 0.0009500533291621148 0.0009930290502453301 0.0007921008212565039 0.005178640279765246 0.0027263756376221353 0.0003748128016619803 0.0016209065888458719 0.00020155077772766002 0.0 0.0 7.006093763740508e-06 0.0 0.0 0.0 0.0 0.0 0.0 5.160688619068596e-05 0.0 0.0 1.1788706396532136e-05 0.0 0.0 0.0 0.010131133420319608 0.0 0.0 0.0 0.0 0.0 0.0 0.0 0.0 0.0 0.0 0.0 0.0 0.0 0.0 0.0 0.0 0.0 0.0 0.0 0.0 0.0 0.0 0.0 0.0 0.0 0.0 0.0 0.0 0.0 0.0 0.0 0.0 0.0 0.0 0.0 0.0 0.0 0.0 0.0 0.0 0.0 0.0 0.0 0.0 0.0 0.0 6.575503903732776e-06 0.0 0.0 0.0 0.0 0.0 0.0 0.0 0.0 0.0 0.0 0.0 0.0 0.0 0.0 0.0 0.0 0.0 0.0 0.0 0.0 0.0 0.0 0.0 0.0 0.0 0.0 0.0 0.0 0.0 0.0 0.0 0.0 0.0 0.0 0.0 0.0 0.0 0.0 0.0 0.0 0.0 0.0 0.0 0.0 0.0 0.0 2.567996458422725e-06 0.0 0.0 0.0 0.0 0.0 0.0 0.0037402680430699093 2.6230163644862826e-05 0.002417700455231605 0.0003645840793060133 0.004410637422711138 0.0005102340408464361 8.068436850969569e-06 0.0006044162570606079 3.815444088554802e-05 0.0 0.0 0.0 0.0 0.0 0.0 0.0 0.002578320152031843 5.3606441158273745e-05 0.0003393986312098546 0.0
0.029691647855691068 0.0030403505157652797 0.0002320856217788331 0.0 5.789980111912298e-05 0.006436582274256029 0.0011644666938017134 0.0 0.0001455600583682464 0.02925372350061718 8.611557252897465e-06 0.015313869274182946 0.01213223782778982 0.001307424640920513 2.14175217630747e-05 3.1717074059737285e-06 0.0 0.0 0.0 0.0 7.374025196351784e-06 0.0 0.0 0.0 0.0 0.0 0.0 0.0 0.0 0.0 0.0034245552503370425 2.5215467472549167e-05 0.0008510364626659007 0.0 0.0 0.0 0.00031020279673054334 0.0 0.0 0.0 0.0 0.0 0.0 0.0 0.0 0.0 0.0001337957233588209 9.604121617378487e-06 0.0 0.0 0.0 0.0 0.0 0.0 7.533186203983559e-06 2.6766747522941314e-06 0.0005726654594655259 0.002557910736261764 4.62894495791974e-05 4.164565244407722e-05 0.0 2.2927558786081604e-05 0.0 9.695792286550766e-05 5.005425552482938e-06 0.0 0.0 0.0 0.0 0.0 0.003438892989846915 0.0 0.0 0.0002221622750173377 2.793767854823207e-05 6.324679566996878e-05 8.19672600412045e-05 0.0 0.0 0.0 0.0 0.0 1.2024435046087297e-05 5.249929661295864e-06 5.550693675521979e-06 2.1883891665241024e-06 0.0 0.0 0.0 0.0 0.0 0.0 0.0 0.0 0.0 0.002121609740707525 0.0 0.0 0.0 0.011496948626398433 0.0 0.0 0.0018787395319238118 0.000515130080496723 0.0 0.0006026391473654382 0.0 0.0 0.00016733816462787993 5.319777492287911e-06 2.085191113478158e-05 0.00010516307685606895 5.081746035854155e-05 4.753193081619906e-05 0.0 0.0 0.0 0.0 0.0 0.0 0.0 0.0 0.0 0.0 0.0 0.0 0.0 0.0 0.0 0.0 0.0 0.0 0.0 0.0 0.0 0.0 0.0 0.0 0.0 0.0 0.0 2.178748995728733e-05 0.0 0.0 0.0 0.0 0.0 0.0 0.0 0.0 0.0 0.0 0.0 0.0 0.0 0.0 0.0 0.0 0.0 0.0 0.0 0.0 6.949093627477682e-06 0.0 0.0 0.0 0.0 5.078103172907426e-06 0.0 0.0 0.0 0.0 0.0 0.0 0.0 0.0 2.1960924178147398e-05 0.0 0.0 0.0 0.0 0.0 0.0 0.0 0.0 0.0 0.0 0.0 0.0 0.0 0.0 0.0 0.0 0.0 0.0 0.0 0.0 0.0 0.0 0.0 0.0007941956189739161 0.0 0.0003415035687377889 5.588861836754803e-05 0.011149950964710073 7.854847800021136e-05 0.0 4.5342231812366944e-05 7.31849307371944e-05 0.0 3.2339956106344233e-06 2.6951790211819724e-06 0.00010552955229387478 0.0 0.0 0.0 9.151107205299526e-06 0.0 0.002633975903517928 6.380482156117108e-05
0.008952778908289622 0.027714084102939865 0.029328785706581335 5.789980111912298e-05 0.0 0.00023203404084493425 0.032573658521715676 0.006285550189285374 0.18550154602036537 0.005870585888895783 0.02836847474034565 0.0022534323837802473 0.01830716351486427 0.01762282401079313 0.00030624624674258316 9.999558774970591e-06 1.0591374519677179e-05 8.618677119005296e-06 8.551663369883207e-06 1.7112254365934127e-05 2.8353124474061383e-05 0.0 0.0 0.0 0.0 3.3846054388686435e-06 0.0 3.93833159541114e-06 3.5665537095417483e-06 0.0 0.01935209928170935 0.0035387189501239727 0.0005977012440013011 7.719935136774587e-06 0.0 8.231726754248008e-06 5.232047989007537e-05 0.0 0.0 2.4360877073364557e-06 1.5181106258064257e-05 6.024794901520296e-06 4.999930803218674e-06 3.4438279846553933e-06 3.6184977836544467e-06 4.741869459755128e-06 0.0015247808303251245 8.67328156004168e-05 1.7452580489014206e-05 5.118049669540955e-06 0.0 0.0 2.6911988584952365e-06 0.0 5.429229433635021e-05 6.787761805420928e-05 0.0021380004676618087 0.010119379911910703 0.0004339869897061616 0.0007218311574062258 1.372456008902895e-05 0.00011626595754612476 3.897316496457996e-06 0.004214109629180867 4.807215832986303e-05 8.901172733785075e-06 2.1532465513366375e-06 8.305985923275274e-06 1.212901792532466e-05 1.0986905467029009e-05 0.00012407630150421502 0.0 0.0 0.002970119672934517 0.0007358780658169084 0.001611455412786602 0.002118878379872033 0.0005237589710415542 0.0010438742069130782 0.0011663913453054029 7.810523939995326e-05 0.00020666316824757985 0.0003336335373629289 6.698498549829511e-06 5.063055603951242e-06 2.2576423017604915e-05 0.0 0.0 0.0 0.0 0.0 0.0 5.87895053741637e-06 3.2563838916086414e-06 0.0 0.00016906475469432666 0.0 0.0 0.0 0.00449416406713939 0.0 0.0 0.0 0.0 0.0 0.0 0.0 0.0 0.0 0.0 0.0 0.0 0.0 0.0 0.0 0.0 0.0 0.0 0.0 0.0 0.0 0.0 0.0 0.0 0.0 0.0 0.0 0.0 0.0 0.0 0.0 0.0 0.0 0.0 0.0 0.0 0.0 0.0 0.0 0.0 5.666317991781822e-06 0.0 0.0 0.0 0.0 0.0 0.0 0.0 0.0 0.0 0.0 0.0 0.0 0.0 0.0 0.0 0.0 0.0 0.0 0.0 0.0 0.0 0.0 0.0 0.0 0.0 0.0 0.0 0.0 0.0 0.0 0.0 0.0 0.0 0.0 0.0 5.812346286833308e-06 0.0 0.0 0.0 0.0 0.0 0.0 0.0 0.0 0.0 0.0 0.0 0.0 0.0 0.0 0.0 0.0 0.0 0.0 0.0 0.0 1.0444166662796284e-05 0.0 0.0 0.006296082627994089 3.469427481059726e-05 0.00390049058938612 0.000746863630755701 0.0059387173559098975 0.0009094375709092425 3.470675378494384e-05 0.0007663549432895118 6.162224242344678e-05 0.0 0.0 0.0 0.0 0.0 0.0 0.0 0.0009081559780547042 4.7391505869081e-05 0.000573152031080996 0.0
0.0005868321200150057 0.004566517687726889 3.904277113133987e-06 0.006436582274256029 0.00023203404084493425 0.0 0.0012265239556660628 3.6334410463789907e-06 8.471332612376082e-05 0.006256850303895151 0.0 0.005111758517087363 0.0013714927771248016 0.0003571201659610166 0.0 0.0 0.0 0.0 0.0 0.0 3.0892610562502665e-06 0.0 0.0 0.0 0.0 0.0 0.0 0.0 0.0 0.0 0.001089517173336474 0.0 0.002624846807932211 0.0 0.0 6.902069545245851e-06 0.0007885435533770406 2.5166117747671154e-05 0.00021550229851875202 1.609816578815086e-05 0.0 0.0 0.0 0.0 0.0 0.0 0.0 0.0 0.0 0.0 0.0 1.5140251267030463e-05 0.0 0.0 0.0 0.0 0.002084135737875505 0.005327197691234623 0.0 0.0 0.0 0.0005355226342845082 0.0 0.0 0.0 0.0 0.0 0.0 0.0 0.0 0.004222615401028156 4.9591486548495246e-05 0.0 0.0 0.0 0.0 0.0 0.0 3.4537593973362237e-06 0.0 0.0 0.00013453141023410527 0.0 0.0 0.0 0.0 0.0 1.2842312012575446e-05 0.0 1.8893531159444407e-05 0.0 0.0 0.0 0.0 0.0 0.004103797060550452 0.00011219894425415188 4.737947459596734e-05 0.0005828965716360799 0.009204660260124684 0.0 0.0 0.0 0.00020535987132660734 0.0 0.0 0.0 0.0 4.194175036410155e-06 0.0 0.0 0.0 0.0 0.0 0.0 0.0 0.0 0.0 0.0 0.0 0.0 0.0 0.0 0.0 0.0 0.0 0.0 0.0 0.0 0.0 0.0 0.0 0.0 0.0 0.0 0.0 0.0 0.0 0.0 0.0 0.0 1.613933283939207e-05 0.0 0.0 0.0 0.0 0.0 0.0 0.0 0.0 0.0 0.0 0.0 0.0 0.0 0.0 0.0 0.0 0.0 0.0 0.0 0.0 0.0 0.0 0.0 0.0 0.0 0.0 0.0 0.0 0.0 0.0 0.0 0.0 0.0 0.0 0.0 0.0 0.0 3.739112702392299e-06 0.0 0.0 0.0 0.0 0.0 0.0 0.0 0.0 0.0 0.0 0.0 0.0 0.0 0.0 0.0 0.0 0.0 0.0 0.0 1.521843672865364e-05 8.100060096637645e-06 0.0 0.0 0.0 0.008408392553217901 0.0 0.0 4.009674911633769e-06 3.402434249788961e-05 0.0 0.0 0.0 0.0 0.0 0.0 0.0 0.0 0.0 0.0027182894541174993 9.917962757119053e-06
0.008266142269152196 0.018120814305658935 0.0041304111604104484 0.0011644666938017134 0.032573658521715676 0.0012265239556660628 0.0 0.004236432241655879 0.0633789183589309 0.02185531635926483 0.004651295141794031 0.025553349006320166 0.05774051383999832 0.05085798496666913 0.0008664120165580629 6.292118767126552e-05 4.190272523918083e-05 0.0 3.4216581887507394e-06 2.0584756047818455e-05 0.0 0.0 0.0 0.0 0.0 1.2409150982495616e-05 0.0 0.0 0.0 0.0 0.011364551851565083 0.0021577887074145717 0.0016957913422237848 4.700821309033112e-06 5.802638080903311e-06 1.162109078934692e-05 0.00026066720866422253 0.0 0.0 2.8354771267714404e-06 0.0 3.917269892251248e-06 0.0 1.0246769480259246e-05 0.0 0.0 0.0024204702389630343 0.00012479007827606448 1.7927637855469218e-05 8.6007737913697e-06 0.0 0.0 0.0 3.8989583538078774e-06 6.770148753872351e-05 7.269500265020886e-05 0.0020943349439287583 0.009347255663893064 0.00043202276128470867 0.0009054795739405952 1.2561459972120556e-05 5.800666306805947e-05 2.0957991001602658e-05 0.003339211206751233 4.055430557117423e-05 1.988415426905881e-05 2.0957875535033476e-06 1.655453087695483e-05 0.0 1.4985633804509404e-05 0.0013456794482239263 0.0 0.0 0.003118776058784276 0.0007523709748901269 0.0016344670026903379 0.0037057342498353447 0.0012140118087184796 0.009695681606693282 0.00014012138142987393 3.5587954935887204e-05 0.0001675422996495859 0.00029332200776522357 2.7514608180264916e-06 1.0139079949369655e-05 1.4498130300854795e-05 2.0843645187856965e-06 0.0 0.0 0.0 0.0 0.0 8.800109653310856e-06 2.7582812866175827e-06 3.422990346733838e-06 0.005008977662569482 3.935072862697721e-05 0.0 0.0 0.0063427212119927705 0.00028382095036268926 3.459006301258314e-05 0.00023837731271871243 0.0011184225351351257 0.0 0.0 1.1484766837031664e-05 0.00031589261753470064 0.0007226508249630238 6.69671735995786e-05 2.8557339549727004e-05 0.00037112133608912514 0.00012158984161338423 2.4321413261329708e-05 0.00017826481242781523 0.0 0.0 0.0 0.0 0.0 0.0 0.0 0.0 0.0 0.0 0.0 0.0 8.680888274412584e-06 0.0 0.0 0.0 0.0 0.0 0.0 0.0001502946019248929 0.0001446576639509333 0.0 0.0 0.0 0.00018774822683904929 0.00022312714972589034 0.00047857750389147477 1.4160772398317047e-05 0.0 0.0 0.0 0.0 0.0 0.0 0.0 0.0 3.6763508272517074e-06 1.737766479166886e-05 0.0 0.0 1.0799431112297766e-05 9.703961138538766e-06 0.0 0.0 0.0 0.0 7.413679807234219e-06 0.00011621851516585697 0.0 4.413429310778802e-06 0.0 7.722422776012626e-05 9.220664481196115e-05 0.0 0.0 0.0 0.0 0.0 0.0 0.0 0.0 0.00040314184556157674 0.0 0.0 0.0 0.0 6.474395366345258e-05 0.0 4.412942891759485e-05 1.1630489939775763e-05 0.0001258811238198538 2.0393726052470813e-05 2.654214615915895e-05 0.0 0.0 0.0 0.0 0.0 0.0 0.0 0.0 0.0 0.000117735583416137 3.464255909416042e-05 8.318235767307264e-05 0.01025860826094411 8.812155907031457e-05 0.006713550546864237 0.0013346817541444445 0.009256217414778174 0.0017302188909765486 1.6196575283752675e-05 0.0010197917819783533 0.0012842275574073375 0.0 2.5148179865913552e-05 1.3218952800906745e-05 0.00018856795491921618 2.988674650962198e-06 0.0 0.0 0.00031496403624383334 6.88360785733817e-05 0.0023452701116159435 0.0005034073417822904
0.0005327329025228328 0.0014514662761305776 0.031104486823142014 0.0 0.006285550189285374 3.6334410463789907e-06 0.004236432241655879 0.0 0.009041111854669449 0.00036394917821973955 0.024510051437951225 0.0026209564174983066 0.018561954082537083 0.05453172612819598 0.0001436849840886234 6.954839956504761e-05 6.911808849885654e-05 6.40227013970471e-05 1.6680762450182403e-05 0.00011678096677476017 0.0006200500236046561 0.0 5.808822195632649e-06 3.3547066799726314e-06 3.0397492060072745e-05 3.281766018977162e-05 1.7815459293425366e-05 1.159094500067186e-05 0.0 0.0 0.024862827520002642 0.04102631998360354 0.011648305016613007 0.00021306025033268082 1.5073852409582543e-05 0.00018755331326085898 0.0006389291469829561 6.764969133908323e-05 3.0245484828805178e-06 0.0 8.730203445168587e-05 3.9260400932730565e-05 5.827799941840697e-05 0.001103166790041936 0.000111292125621491 0.0006592449992047673 0.0007398981144769089 5.419011221741554e-05 3.558332854673241e-05 1.903635429140268e-05 0.0 0.0 0.0 3.906488147698492e-06 2.0299519067819065e-05 2.2317622301779233e-05 0.0005626020575504046 0.004818287534268731 0.0001416295872990365 0.00027841845094618936 0.0019804938669648595 0.003097641578848654 0.00018899711582677484 0.014691629953775853 2.030465496930699e-05 0.0 2.585047522589515e-06 2.312071031867154e-06 6.57294483833447e-05 0.00012706041479645084 0.0034457163867388798 0.0 0.0 0.001122550944234 0.0005235783703816392 0.0006015848236245984 0.0016594944169729569 0.00791583580947621 0.01421092469719256 0.026890679381133032 0.006498733082498898 0.005245113188842838 0.000124105189394076 7.937030100450798e-06 7.46184739482032e-06 9.267927823895086e-06 2.6634613418885454e-06 0.0 0.0 0.0 0.0 0.0 0.00010194250498527841 3.251753682184479e-05 0.0 1.3207508304001513e-05 1.6417275465698597e-05 0.0 0.0 0.0005813143613540566 0.0 0.0 0.0 0.0 0.0 0.0 0.0 0.0 0.0 0.0 0.0 0.0 0.0 0.0 0.0 0.0 0.0 0.0 0.0 0.0 0.0 0.0 0.0 0.0 0.0 0.0 0.0 0.0 0.0 0.0 0.0 0.0 0.0 0.0 0.0 0.0 0.0 0.0 0.0 2.885565301137523e-05 0.0 4.970475667739945e-06 3.6810810933943694e-06 0.0 0.0 0.0 0.0 0.0 0.0 0.0 0.0 0.0 0.0 0.0 0.0 4.316792806492983e-06 5.623477748396865e-06 0.0 0.0 0.0 0.0 0.0 0.0 0.0 0.0 0.0 0.0 0.0 0.0 0.0 0.0 0.0 0.0 0.0 0.0 0.0 3.904910676911353e-06 0.0 0.0 0.0 0.0 0.0 0.0 0.0 0.0 0.0 0.0 0.0 0.0 0.0 0.0 0.0 0.0 0.0 0.0 5.442985472529195e-06 0.0 0.0 4.544780474231738e-06 1.5710533355072273e-05 0.002692598484152725 0.00010431525434311587 0.001574386044088796 0.00033502544800784775 0.0010464304689204412 0.00026366714495425176 1.0172665697470057e-05 0.000308671196218431 0.0 0.0 0.0 0.0 2.0113598146224878e-05 0.0 0.0 0.0 0.00032557370835153184 2.0969083518631578e-05 0.00020603863962194175 0.0
0.0023366273105688545 0.0357912209849528 0.018639492138345013 0.0001455600583682464 0.18550154602036537 8.471332612376082e-05 0.0633789183589309 0.009041111854669449 0.0 0.002964345265785914 0.03663316980732143 0.0019397308929140968 0.02656904641393671 0.034132111818539354 0.00010282138650298807 6.044312915376298e-05 4.179530634647663e-05 1.0337261360240875e-05 0.0 1.3292902914432856e-05 7.752589232774322e-05 0.0 0.0 0.0 0.0 2.2658905853047262e-05 0.0 4.233595924069842e-06 0.0 0.0 0.006334320494548981 0.0018705272009777237 0.005255680041525472 2.970314178731142e-06 0.0 0.0 0.00060762647213816 9.546325233956438e-06 2.7318298272150687e-05 7.500649956855824e-06 3.06667407834343e-05 6.477935296640352e-06 1.2978307593420727e-05 0.0 0.0 0.0 0.00048719242856160353 3.182344559768758e-05 0.0 1.1235404118194346e-05 2.7794009376839392e-06 0.0 0.0 0.0 1.914980620503566e-05 2.31382148788619e-06 0.0004648925400361782 0.002107494742004391 0.00014205175925983155 0.00021439474855271354 8.751193679243836e-06 8.28818218019005e-05 0.0 0.0013677191390597365 1.3633027078327808e-05 2.1760001187434694e-06 2.042940994402905e-06 0.0 1.90928648751668e-05 8.225095796773248e-06 0.0005477685904412163 6.640941684420857e-06 0.0 0.0008247277053486071 0.00022459878488590386 0.000402191189552296 0.000623216297857844 0.0006337300148857123 0.0030930443286913364 0.004146647890588676 2.9387199928650517e-05 0.0002547435141873828 6.65873205656322e-05 6.478138543556733e-06 0.0 2.251375750768656e-06 0.0 0.0 0.0 0.0 0.0 0.0 8.885473143570209e-06 7.0454311634905075e-06 0.0 0.00023955864217388578 2.6526787388482855e-05 0.0 7.244908117852813e-05 0.0007687855628606967 0.0 1.1894122867135111e-05 0.0 0.0 0.0 0.0 0.0 0.0 0.0 0.0 0.0 0.0 0.0 0.0 1.174511776666626e-05 0.0 0.0 0.0 0.0 0.0 0.0 0.0 0.0 0.0 0.0 0.0 0.0 0.0 0.0 0.0 0.0 0.0 0.0 0.0 0.0 0.0 0.0 0.0 0.0 3.301964899271956e-05 3.8761557238402384e-05 9.783760213272971e-05 3.259130429215459e-05 0.0 0.0 0.0 0.0 0.0 0.0 0.0 0.0 0.0 0.0 0.0 0.0 0.0 4.367977977652844e-06 0.0 0.0 0.0 0.0 0.0 0.0 0.0 0.0 0.0 1.946894850510852e-05 0.0 0.0 0.0 0.0 0.0 0.0 0.0 0.0 0.0 4.8720020860460136e-05 0.0 0.0 0.0 0.0 1.0947567423413378e-05 0.0 0.0 0.0 0.0 0.0 0.0 0.0 0.0 0.0 0.0 0.0 0.0 0.0 0.0 0.0 1.2769446168765881e-05 0.0 1.0523790520231085e-05 0.002265249837489312 2.006157273042125e-05 0.0012702973382666626 0.00033799736755821003 0.0011630031833674305 0.0002379016782340334 7.33660887701208e-06 0.00017275719379201032 5.544916440944784e-05 0.0 0.0 0.0 9.100225938715798e-06 0.0 0.0 0.0 0.00023971817318963143 4.0059907554381375e-05 0.0002739855882684224 2.1828605499278346e-05
0.010394342515188709 0.020796312089185167 0.00022960348265560596 0.02925372350061718 0.005870585888895783 0.006256850303895151 0.02185531635926483 0.00036394917821973955 0.002964345265785914 0.0 0.00022873885052809636 0.09110562283490395 0.09132519421502569 0.01418834803336921 0.0007156141978035005 4.9761111660303616e-05 5.83892849388256e-06 0.0 0.0 0.0 1.98243397961386e-05 0.0 0.0 0.0 0.0 0.0 0.0 1.1233267772042623e-05 9.211278165155444e-06 0.0 0.0030370214667013134 0.00039880545241227617 0.0029701333445626274 3.570548681137916e-06 0.0 0.0 0.007565758401563219 7.93497350778812e-05 1.4516460726023237e-05 2.449148521588347e-05 0.0 0.0 0.0 6.490315759545952e-06 0.0 0.0 0.002150748232299437 8.261667815115739e-05 0.0 3.0008600225826943e-06 0.0 0.0 7.901388489402095e-06 0.0 4.955612094117884e-05 4.1377010027514796e-05 0.0013785595163773653 0.003690344332588767 0.00022738769249957638 0.0005116109170143333 0.0 0.00020259849433405323 3.815711249865801e-06 0.0008275942932040069 3.906127969266522e-05 5.111646640498298e-06 2.4696292433304427e-06 2.330383214176153e-06 7.830315167499223e-06 6.698844949537056e-06 0.02707035988495347 7.33973677623001e-06 0.0 0.0014451784247760562 0.00040729690576112206 0.0010451885416225015 0.0024274370266618188 0.00037390354342245734 0.0028671511586286077 0.00019679361731774156 8.920831239120978e-06 0.00013151148363332014 0.00022450631762617736 5.154150786025747e-06 5.044293359568687e-06 1.6282327454229104e-05 0.0 0.0 0.0 0.0 0.0 0.0 0.0 0.0 0.0 0.0031815844102920697 1.2985407714315988e-05 0.0 0.00017020209868378575 0.010084917865910734 2.6901584574901017e-05 4.07152005089406e-05 0.0011526097116794298 0.001607540554600369 0.0 0.00021108061742609242 6.087117273983621e-05 0.0020818490559676795 0.0011889240365403507 0.00035485326832694625 0.00020195888637542132 0.004008790015767235 0.0008296665444641226 0.0001820104882671695 0.0005551322509033203 0.0 0.0 0.0 0.0 0.0 0.0 0.0 1.878422681356129e-05 0.0 0.0 9.022610942038502e-06 0.0 3.943772946752706e-05 0.0 0.0 4.960080242563631e-06 0.0 0.0 0.0 5.197788993544934e-06 9.015514898958882e-05 0.0 0.0 0.0 0.0007859910305119974 0.0003740893875094198 0.0011253481066342593 0.00026173768055499756 1.7329426593485627e-05 0.0 0.0 0.0 0.0 0.0 0.0 0.0 0.0 8.832140680542952e-06 0.0 0.0 2.970772181814104e-05 3.8219711690416744e-05 0.0 0.0 0.0 0.0 3.3088780415890183e-06 4.809401713866967e-05 0.0 0.0 0.0 0.00018411927267760576 1.5820036011568633e-05 0.0 0.0 0.0 0.0 0.0 3.0580638350056563e-06 0.0 0.0 0.0010878877782204341 5.703283433484843e-05 2.3243474460873667e-05 0.0 0.0 4.451963466696429e-05 0.0 5.950586383255717e-06 2.215366277824829e-06 1.437244064786362e-05 0.0 2.6822205815648383e-06 0.0 0.0 0.0 0.0 0.0 0.0 0.0 0.0 0.0 0.0005952206387806203 0.00030155818770877246 0.0005151298982827507 0.00986125569690024 6.657074574740782e-05 0.004757956460054811 0.0012442703178758173 0.013074875538036051 0.001327443085814236 0.0 0.0008169515098771755 0.004439826231757968 0.0 8.956272178715806e-06 0.0 0.0006405437215999846 0.0 0.0 0.0 0.00029313676054169765 2.4890030742102807e-05 0.004185501723644091 0.0012639555919251775
0.0030464989564756677 0.017271729639656952 0.046701635090750905 8.611557252897465e-06 0.02836847474034565 0.0 0.004651295141794031 0.024510051437951225 0.03663316980732143 0.00022873885052809636 0.0 0.0027240185691824095 0.020716401746100295 0.04789905991969642 0.00024044400591611027 8.951675943934583e-05 6.671789544176038e-05 3.119463762646786e-05 0.0 1.6673259913270015e-05 0.00021370686075925449 0.0 0.0 0.0 0.0 3.0816730569069336e-05 7.122575923637925e-06 3.2756309668086295e-05 1.3967634601527162e-05 4.096473149132854e-06 0.009092958794355108 0.00510939378686129 0.0021468422665413844 2.753496313358779e-05 8.695252487316215e-06 3.075827873043859e-05 0.0001983260788928197 4.654192560296509e-06 0.0 2.1189254657653648e-05 4.893975073690558e-05 7.527716350856886e-06 2.0946124558089604e-05 8.771509206528128e-05 6.50010208783874e-06 2.6824637481501213e-06 0.000613160114749515 4.108963691598554e-05 6.942013681038745e-06 2.8766368808688723e-05 0.0 0.0 1.6979691232748538e-05 0.0 1.9205136153861e-05 3.0252290488486823e-06 0.0003449488705308653 0.0016847549176952179 9.384775570695746e-05 0.00019998839185368265 0.00011528791578549169 0.00190693310048599 0.0 0.0016210549138096163 1.562533254819478e-05 2.023423495639406e-06 0.0 0.0 3.5996390452765334e-05 4.6728798372578474e-05 0.000598891054025275 4.87060009010453e-06 0.0 0.0006617989186143562 0.0002084569089919054 0.00042575515714332867 0.0007226001344952875 0.0012026848477665556 0.015876355308220402 0.016900553670496234 5.5910863495731087e-05 0.020602943544260975 7.42734763653744e-05 0.0 0.0 6.899925687328474e-06 2.396676048417426e-06 0.0 0.0 0.0 0.0 0.0 3.9175205706021834e-05 1.6757960651176892e-05 2.962741675087245e-06 3.041069731484703e-05 0.0 0.0 2.7463420433642542e-05 0.0007724282043176476 0.0 0.0 0.0 0.0 0.0 0.0 0.0 0.0 0.0 0.0 0.0 0.0 0.0 0.0 5.31085566091085e-06 0.0 0.0 0.0 0.0 0.0 0.0 0.0 0.0 0.0 0.0 0.0 0.0 0.0 0.0 0.0 0.0 0.0 0.0 0.0 0.0 0.0 0.0 0.0 0.0 0.0 0.0 6.34346406766795e-05 1.0766499531674807e-05 0.0 0.0 0.0 0.0 0.0 0.0 0.0 0.0 0.0 0.0 0.0 0.0 0.0 1.362163409067277e-05 0.0 0.0 0.0 0.0 0.0 0.0 0.0 0.0 0.0 5.247805763212936e-06 0.0 0.0 0.0 0.0 0.0 0.0 0.0 0.0 0.0 7.768846603782212e-06 0.0 0.0 0.0 0.0 0.0 0.0 0.0 0.0 0.0 0.0 0.0 0.0 0.0 0.0 0.0 0.0 0.0 0.0 0.0 0.0 6.980391935625793e-06 7.881596918503199e-06 1.3105925623965975e-05 0.0021440638648831545 1.941601824347651e-05 0.001448377612796251 0.00041606577827351933 0.0009461968281662657 0.0002669147257003807 0.0 0.00023074452887242262 4.7964578470751975e-05 0.0 0.0 0.0 9.97872306864592e-06 0.0 0.0 0.0 0.00019968916753679354 4.0249903286909545e-06 0.0001226769703079402 7.245044746138949e-05
0.01908394019833291 0.010519861997928506 0.0016488072863279281 0.015313869274182946 0.0022534323837802473 0.005111758517087363 0.025553349006320166 0.0026209564174983066 0.0019397308929140968 0.09110562283490395 0.0027240185691824095 0.0 0.03791617626176216 0.003649635850603027 0.0009317355106680357 0.0004636337177041748 0.0003573374360561435 0.00015179516489443633 0.0 0.00012150709243219402 0.00042239166942392963 0.0 7.565515555623018e-06 0.0 6.0685522241805505e-05 4.2089144512770616e-05 0.0 4.9799871941829586e-05 1.3864859482349672e-05 0.0 0.001956390485491694 0.001354952194523555 0.0015933777183980943 2.049088623413359e-05 0.0 7.344030115157915e-05 0.006728634683524864 4.09266309574488e-05 7.319091010265421e-06 5.365668843183636e-05 0.00010994419700833627 6.410013782832372e-05 5.765493558707121e-05 2.642275200965066e-05 7.011424327269786e-06 1.661979653089852e-05 0.0023202694409360245 5.710592317078693e-05 0.0001371223697308856 0.0001404564793640595 0.0 1.1012130834579443e-05 6.424702418163464e-06 0.0 1.7439430177440104e-05 2.196567075555262e-05 0.0006852443159892621 0.0015847726328532396 0.0002438124651366405 0.0005303891927925224 1.75908437645992e-05 0.0005288446859939087 1.1850082458220677e-05 0.0015472974536787187 2.7831563054179607e-05 2.894668337764324e-06 2.1487646027042776e-06 1.6333894223084145e-05 5.6728841763744635e-05 6.499666555666178e-05 0.009757602997672093 1.0056723096968406e-05 0.0 0.001378031060873589 0.0003796507369464535 0.0010291394328149899 0.0019495787157398508 0.00098461983527761 0.0052209491427795025 0.0012405128303215284 6.276100463426117e-05 0.000568805714460024 0.00016565404329435117 0.0 5.185018777312877e-06 6.828964612666645e-06 7.3157690928717684e-06 0.0 0.0 0.0 0.0 0.0 0.00010623540136287589 1.7131079279904414e-05 2.7738441626975663e-06 0.0027231071069908435 0.0003185484507858794 0.0 0.00018643290293740062 0.0029551490328288744 0.0 2.90848423469966e-05 0.0 0.0004585133061208906 0.0 0.0 1.910462121765757e-05 0.00030917157896623066 0.0004747610200028563 3.632761811066456e-05 0.00010725604792669617 0.0005158576156039207 0.00020183133788236382 3.9625355774546346e-05 0.0003061914662257599 0.0 0.0 0.0 0.0 0.0 0.0 0.0 4.0157487107189466e-06 0.0 0.0 0.0 0.0 2.913064050907383e-05 0.0 0.0 0.0 4.026505559134112e-06 0.0 0.0 2.2743002859617513e-05 5.588301480499274e-05 0.0 6.064554462499999e-06 0.0 0.00048784669905754645 0.00031476374982160435 0.0006841975368512222 0.00016378028593455807 6.945570480613276e-05 0.0 0.0 0.0 0.0 0.0 0.0 0.0 0.0 0.0 0.0 0.0 0.0 0.00011492762746712145 0.0 0.0 0.0 0.0 0.0 0.0 0.0 0.0 0.0 0.0001128947719839062 0.0 0.0 0.0 0.0 0.0 0.0 0.0 0.0 0.0 0.00047962292275606586 1.4054781384952549e-05 0.0 0.0 0.0 3.0029233114478987e-05 0.0 1.7706802676363418e-05 0.0 0.0 0.0 0.0 0.0 0.0 0.0 0.0 0.0 0.0 0.0 0.0 0.0 0.0003686424911970698 1.1095775847479255e-05 3.464820021554397e-05 0.011898686232576056 0.00010616275657959843 0.0065369251530379285 0.0018443925833433958 0.0074453838518145 0.0013382897172133253 1.5555526783090388e-05 0.0008793096170974417 0.0017316507721557514 0.0 0.0 0.0 0.00040872486579865376 0.0 0.0 0.0 8.699428943170559e-05 1.8281872119966854e-05 0.002735381236990432 0.0008518362103079182
0.00814233485537735 0.02517213600519034 0.007677609210248097 0.01213223782778982 0.01830716351486427 0.0013714927771248016 0.05774051383999832 0.018561954082537083 0.02656904641393671 0.09132519421502569 0.020716401746100295 0.03791617626176216 0.0 0.04705675597173866 0.0012371109656352736 0.0006306256204117556 0.0004606787266688885 0.00022001589979997672 5.233172843720798e-06 0.0001531908919455508 0.000629805594865669 7.69499607480647e-06 1.007198743401915e-05 7.872009330067401e-06 1.6976892563488087e-05 0.00013430380974423047 1.9126349107119948e-05 0.0001333898178046147 3.987614529961402e-05 0.0 0.00565424487920657 0.004689442523980705 0.011006532597865992 2.7601885239168914e-05 1.5011160501173466e-05 0.0011528459850393055 0.00123760193614071 0.00027626313844467625 0.0001591850873477506 0.00010222419791424268 0.00013598498110007636 4.196643617225621e-05 8.415792398499019e-05 0.00016686676270121357 1.661427774398416e-05 3.7901172907058634e-05 0.0028267657804335235 8.629525482188304e-05 0.00010343069993998499 0.00012107782614529435 0.0 3.8429861275570144e-05 0.00041814193286169 4.0448529823551165e-05 2.832686484369146e-05 5.255861831405203e-05 0.0009720880008507376 0.003116825261829052 0.000264387319389597 0.0005352428952731013 0.00010276118893001957 0.0002765684545888881 3.590222682173249e-05 0.003193815800062066 5.150056294265772e-05 8.523104495357826e-06 2.518444130493957e-06 1.3577906385831375e-05 0.0001056661790776568 0.0001519905006338563 0.004290883317548384 0.00010935111585304995 0.0 0.0016460406055995797 0.0005545116097237185 0.0010697480314967073 0.0020400863032527024 0.003418485319167308 0.02232820695348327 0.005978531942075362 0.00020384135030085003 0.0009289470211377771 0.00024401372229361385 6.693487129029552e-06 1.630944385512723e-05 1.4822247321386854e-05 1.1429622750750768e-05 0.0 0.0 0.0 0.0 0.0 0.0001943048903760367 1.0154875475563008e-05 6.5489744936649725e-06 0.010848531400197774 0.0007067875065870061 3.575127295463136e-05 0.0007011811393530356 0.0013587659243842634 1.699530368648183e-05 3.950751505817511e-05 0.0 0.0 0.0 0.0 1.0288125398751162e-05 1.6495554073215874e-05 0.00025517362501136377 0.00011263831558282989 0.00013874936666208548 0.0008511042848956289 0.0003536788870403803 8.474629268774953e-05 0.0003205788509948354 0.0 0.0 0.0 0.0 0.0 0.0 0.0 0.0 0.0 0.0 0.0 2.7371169083523095e-05 3.687475194166993e-05 0.0 0.0 0.0 2.9702132635251426e-05 0.0 0.0 5.9339858104062356e-06 0.00011722462109759168 0.0 0.0 0.0 0.0005955513036999614 0.000528646531410772 0.0008964542873076311 0.00023021839643583004 3.081752896244733e-05 0.0 5.616973417828828e-06 0.0 0.0 0.0 0.0 0.0 0.0 0.0 0.0 0.0 2.0630711098486915e-05 0.0001434759653461336 0.0 0.0 0.0 0.0 0.0 0.0 0.0 0.0 0.0 0.0002389312865488996 0.0 0.0 0.0 0.0 0.0 0.0 0.0 0.0 0.0 0.0009350588108704349 0.0 0.0 0.0 0.0 0.00011000752226590082 0.0 1.3835792383222392e-05 0.0 0.0 0.0 0.0 0.0 0.0 0.0 0.0 0.0 0.0 0.0 4.7487523833120765e-06 0.0 0.00037064013152290356 4.4183854449835566e-05 0.00020997485375792623 0.013489038269931633 8.228824701629987e-05 0.007161575686906195 0.0021850924536796776 0.005585715240966785 0.0013012820329888436 1.586139579325431e-05 0.0008276742857818245 0.0024233951264901552 0.0 0.0 1.5555982425332714e-05 0.0002579975672854203 0.0 0.0 0.0 0.0002769252999431268 8.841810147224367e-05 0.003345611603885828 0.001136381266978717
0.002532604213526809 0.014012193522513872 0.016042369001547666 0.001307424640920513 0.01762282401079313 0.0003571201659610166 0.05085798496666913 0.05453172612819598 0.034132111818539354 0.01418834803336921 0.04789905991969642 0.003649635850603027 0.04705675597173866 0.0 0.0011336899457857529 0.0007266173696771183 0.0006637110098020083 0.0003333543932833616 1.8466425470968437e-05 0.00026825783090149864 0.0009832724378535979 5.200837911912568e-05 1.4681384116398401e-05 2.6785750143824765e-05 4.747916474030205e-05 0.0001840535483767135 5.55814180578885e-05 0.00013915551109043944 1.9229189042103933e-05 3.698202768158298e-06 0.007671138126110974 0.007794950892340784 0.014468391364431038 0.00013189425681250873 5.6585716873428974e-05 0.0008186411787569498 0.0023915790542270105 0.00022198418951118528 9.389088740684974e-05 0.00014228824488074265 0.0002319539813050916 6.0039992221754634e-05 0.0002045507962178677 0.00022546666166693182 4.944672688335163e-05 0.00010728624243453702 0.002525377686785358 0.00011767814437813814 0.00024838111692900824 0.00017956660935649772 3.287854326501144e-06 1.017625717993972e-05 0.00033385677501931223 1.9140430877635027e-05 5.393247088896293e-05 4.338633887532657e-05 0.000737912595136133 0.0031993596290568896 0.00027940337949357313 0.0004713571865901345 0.0010506400937272033 0.001180021291915947 9.121596632990279e-05 0.004031719882811589 4.1893895909832236e-05 5.257126791278988e-06 2.0015739155734493e-06 1.3215372049530874e-05 0.00012685192209217858 0.00026575937107234805 0.003103363582203086 0.0001084684168560354 5.69540655309668e-06 0.0016655739299363346 0.0004718868869007903 0.0009848459814896546 0.0019531226985252022 0.0051810926946171615 0.04118148976307389 0.019062080095571005 0.0002610079133802915 0.01919008035694596 0.00018958826624366644 0.0 7.302932343858214e-06 1.5952555576513433e-05 2.201246776783985e-05 0.0 0.0 4.537111176121854e-06 0.0 0.0 0.00023125855727908564 6.211993746149571e-05 1.7391749566890202e-05 0.0015926479877091072 0.0007039361227599094 4.65455140807285e-06 0.0006693026159872268 0.0007572934705498 0.0 0.0 0.0 0.0 0.0 0.0 0.0 0.0 0.0 6.421304181230777e-05 6.29310735841087e-05 1.365511209859152e-05 0.0 2.2477118978024757e-05 0.0001426288188920893 0.0 0.0 0.0 0.0 0.0 0.0 0.0 0.0 0.0 0.0 5.512215621762685e-06 0.0 2.028310564524528e-05 0.0 0.0 5.3782610949562785e-06 2.1833273525077028e-05 0.0 0.0 0.0 1.2681969726139264e-05 0.0 0.0 0.0 0.00023445052692173192 0.0001248841418933032 0.0005252218595016412 0.00015448837261368905 9.76265859044418e-05 0.0 0.0 0.0 0.0 0.0 0.0 0.0 0.0 0.0 0.0 0.0 0.0 4.800726912268951e-05 8.011431563781724e-06 0.0 0.0 0.0 0.0 0.0 0.0 0.0 0.0 6.340403452408086e-05 0.0 0.0 0.0 0.0 0.0 0.0 0.0 0.0 6.991591763592609e-06 0.00038990722879768657 1.3884422695572717e-05 0.0 0.0 5.274663973994467e-06 8.165632659863727e-06 0.0 8.44987100427501e-06 0.0 0.0 0.0 0.0 0.0 0.0 0.0 0.0 0.0 0.0 0.0 3.875034453312301e-06 3.8017591109637044e-06 0.0001124695652697873 7.081969808131312e-05 7.554882222097378e-05 0.009470160083597079 0.0001574741475084873 0.006932225296453764 0.002205826183278549 0.0032468951588673256 0.000943343301125117 7.870575226693295e-06 0.0008260076217916733 0.0008012951975196964 1.713461217060198e-05 4.947377202978699e-06 0.0 0.00020419391137320393 0.0 0.0 0.0 0.00021708777835043123 8.140583260789261e-05 0.0010116463525341463 0.0003292858222658142
