0.0 0.040703655435886776 0.025070702441574687 0.03049701733324937 0.0017982418683817952 0.0013563804807480001 0.007828099198949988 0.0024075547566712037 0.0006220510532033008 0.017161998737549675 0.0011301102800648623 0.0002316581391271012 0.000495562143706801 0.0006583404977053412 1.3881141494592359e-05 0.0 0.0 0.0 0.0 0.0 1.985943522792698e-06 0.0 0.0 0.0 0.0 0.0 0.0 0.0 0.0 0.0 0.01298603174073289 0.0005367770137938942 4.509382697537223e-05 0.0 0.0 0.0 4.062708029261059e-06 1.3151587226654154e-05 0.0 0.0 0.0 0.0 0.0 0.0 0.0 3.7405830123019452e-06 0.00013880613279231355 3.3162600527910696e-05 5.4320924320783714e-06 0.0 2.0957070874060186e-06 0.0 0.0 0.0 5.248649460843494e-06 1.1842852017566249e-05 0.0022732572732492707 0.013974278237724205 0.0009457861736589582 0.0013582082309541057 4.187818374255473e-06 3.4368119866686723e-06 0.0 3.91550695219183e-06 1.0780657535438197e-05 1.132148704366153e-05 4.299020551195443e-06 0.0 0.0 0.0 0.00010697010042426073 1.3076356199960994e-05 0.0 0.005457611333329429 0.00028897892231687035 0.0002144287731291092 4.9836046741145864e-06 0.0 0.0 0.00024691939309255033 0.0 4.188313125449028e-06 7.133069107636772e-05 0.0 1.1222305860204855e-05 4.069698078596445e-06 0.0 2.6027852534129638e-06 2.2327345463895873e-06 4.495754803295455e-06 0.0 0.0 0.0 0.0 0.0 0.0005463418872725276 3.869965196107441e-05 0.0 3.1353796006347896e-05 0.036749118788050636 2.357588679640445e-05 0.00012982737188336002 4.91913271500063e-05 2.9359607847429374e-05 1.8627900191795593e-05 0.00010094224467062276 0.00014555830338049345 1.744749796536582e-05 0.00016640311831234088 9.711349370945874e-05 0.0 1.3015317412487287e-05 0.00019861398422570817 2.8949215201109378e-05 1.2359751998872882e-05 0.0 0.0 0.0 0.0 0.0 0.0 0.0 0.0 0.0 0.0 2.0707778709743104e-05 0.0 0.0 0.0 0.0 0.0 0.0 7.920034066740777e-06 0.0 2.389267689846389e-05 0.0 0.0 0.0 0.0 2.072111252825698e-05 2.5314091235471806e-05 4.754953821696715e-05 4.9053697226469686e-06 0.0 0.0 0.0 0.0 0.0 0.0 0.0 0.0 0.0 0.0 0.0 0.0 0.0 0.0 0.0 0.0 0.0 0.0 0.0 0.0 0.0 0.0 0.0 4.327754605127122e-05 1.2488933908855746e-05 0.0 0.0 0.0 0.0 0.0 0.0 0.0 0.0 8.190958724942333e-06 0.0 0.0 0.0 0.0 3.434630188674592e-05 0.0 2.278140839232048e-05 0.0 0.0 9.47904948201275e-06 0.0 0.0 0.0 0.0 0.0 0.0 0.0 0.0 0.0 0.0 1.7816290981993468e-05 0.0 0.0 0.004570319149651691 4.106829119159872e-05 0.00041777059044962933 0.0001227319611735921 0.023973492465767323 1.7593320311433667e-05 9.699092466948805e-05 1.3799473407997497e-05 4.476335472074824e-05 0.0 0.0 0.0 0.0009129126695806888 0.0 0.0 0.0 0.0 0.0 0.0029325982690500793 4.7313327931441766e-05
0.040703655435886776 0.0 0.042000141677444 0.01570196717650289 0.048806302914403854 0.0028565183402261543 0.02798489542555816 0.003292713454352501 0.010540211273808357 0.023906650619773522 0.011559322088911667 0.0008262953028167966 0.006994252025142489 0.008803613201314243 0.0004152805020329429 7.604275548304657e-05 2.5049472190360377e-05 0.0 0.0 5.603030612537358e-06 5.6786585355754585e-06 0.0 0.0 3.6299887768654952e-06 4.836797572350041e-06 6.161595764377094e-06 0.0 0.0 2.455864231078388e-06 0.0 0.030649546194593865 0.0003489177321091367 0.0002759708324708043 2.1175509915791038e-06 0.0 4.98773465990818e-06 0.00016871032496265182 3.9904596950309865e-05 1.8194057799421152e-05 3.3683709180532843e-06 7.337554358315664e-06 2.851428033967876e-06 1.778614840244979e-06 2.6797588631845348e-05 2.133104070428359e-06 1.4673538840058119e-05 0.004488550398897746 0.0004008382794580244 5.665345894603445e-06 1.9498538148244468e-05 1.5671322011170552e-05 5.805143960270933e-06 0.0 4.422607756260765e-06 7.668298397479073e-05 8.216702272628232e-05 0.0025432059779438164 0.01650909455664832 0.002518426433789234 0.008074176678957002 3.3871936359296436e-05 7.835139344308349e-05 9.10754683541655e-06 0.00022724722173907963 5.990531760109029e-05 0.0001301837681877013 3.401541502697045e-05 3.5460500561397314e-05 1.0934048661942384e-05 1.3437291983426913e-05 0.00018920643414146004 0.0 0.0 0.01754428113734551 0.0024917727827022305 0.003010001726691473 0.00016675294665766393 6.437854315114232e-05 5.66805534200698e-06 0.0007491451870881881 2.9250864090995834e-05 3.831686770930999e-05 0.001114976510793724 1.98052608850576e-06 0.00012722451652498088 7.160788246131098e-05 6.644768447279955e-05 2.7031799465314692e-06 3.031627975026747e-05 0.0 3.997231086246624e-06 3.03320199582582e-06 1.1305941267412916e-05 0.0 0.0 0.0004064927652900817 2.9553881853372785e-05 0.0 2.7279022072609586e-05 0.030086155318662842 0.0 5.2578376659984016e-05 3.9520845469090315e-05 3.7787664854135257e-06 4.2102424335366315e-05 4.2661239053583024e-05 0.00022897870048295486 0.00011221586170654996 0.00028975246160900075 0.00016071919168066164 6.242340984815708e-05 5.944700601961162e-05 0.00044131074781186824 8.594957323678401e-05 0.00012709954730274388 0.0 0.0 0.0 0.0 0.0 0.0 0.0 0.0 0.0 0.0 0.0 0.0 2.8334216464326367e-06 0.0 0.0 0.0 0.0 0.0 0.0 7.05276406970841e-06 3.1192388267422935e-05 0.0 0.0 0.0 2.0835986087670173e-05 0.0 5.623391687136897e-05 1.5706024517120676e-05 6.6975458574158505e-06 0.0 0.0 0.0 0.0 0.0 0.0 0.0 0.0 0.0 0.0 0.0 0.0 0.0 0.0 0.0 0.0 0.0 5.166518024237837e-06 0.0 0.0 0.0 0.0 5.266902457202444e-05 0.0 0.0 0.0 0.0 0.0 0.0 0.0 0.0 0.0 2.3224435630653536e-05 0.0 0.0 0.0 0.0 3.491718816895539e-05 0.0 3.5467812655421056e-05 0.0 0.0 0.0 0.0 0.0 0.0 0.0 0.0 0.0 2.6473590497821327e-06 0.0 0.0 0.0 7.965499346339932e-05 4.712061850768608e-06 1.7210905023566742e-05 0.005882296591106485 0.0001964450610816914 0.00963749939127389 0.0014922960446622897 0.023014954204329936 0.00032674263062446637 1.2998522161268672e-05 3.9288104101435324e-05 0.00021536819373331852 0.0 0.0 3.4705496365088556e-06 0.0004522635269141998 0.0 0.0 0.0 4.938380161258628e-05 0.0 0.0036907777082315508 8.524950504459169e-05
0.025070702441574687 0.042000141677444 0.0 4.199605648005194e-05 0.017453687896133514 1.3880639075668127e-05 0.011008340490851937 0.04987510499315359 0.009750981523019094 0.0019062025260538323 0.02277304085324326 0.0013368519210608175 0.009321965614754115 0.02661316612627324 0.00014612783174411335 3.288255674715633e-05 1.6569889311473259e-06 2.963517476885961e-06 0.0 1.6091903063342498e-06 1.8907134844398743e-05 0.0 1.2596034580144633e-05 5.558024319645113e-06 3.247480472122881e-05 2.010826039093295e-05 1.5445615968974935e-05 1.0026376661723122e-05 0.0 0.0 0.049144109183724326 0.003933481543473609 0.0015093608445465785 1.7106459760436633e-05 1.1577846664880815e-05 2.655182471902889e-05 0.0006089108571208246 9.874390409530616e-05 4.092016925658842e-05 6.753066252148733e-06 4.175817709386712e-05 7.1234547044518435e-06 4.8901726455790546e-06 1.0028472508107634e-05 0.0 4.16397830419665e-06 0.000760932686305706 5.655345311640019e-05 2.044227404173871e-06 4.885907379108552e-06 0.0 6.787745389776802e-06 0.0 8.317916445334386e-06 8.654670944726444e-06 2.8075207824723862e-05 0.0016995253756933923 0.019729986667315506 0.001285198973587341 0.002501716125234627 2.4805639632848925e-05 0.00036851867581286923 5.105381747045548e-06 0.0007387190120280278 1.4872496368923861e-05 2.6186069219138643e-05 3.6709775440140463e-06 4.798949836303018e-06 3.1684512715528395e-06 1.235966053379983e-05 0.00022257873687969243 0.0 0.0 0.00886292971478962 0.0022400136755611993 0.0008661029850370417 9.455711648313143e-05 2.3961178213534584e-05 4.132447135140722e-06 0.014428706579704428 5.744382580339146e-06 0.0004304496094101349 0.0002315948628227905 0.0 2.551319591174049e-05 1.940486002206727e-05 2.8941585078827637e-05 0.0 7.565777606952891e-06 0.0 0.0 6.5593163903664624e-06 2.7929936551157034e-05 3.4743597683942903e-06 1.3096390702259783e-05 0.0003800868361256922 8.029315148529622e-05 3.4226734215639485e-06 1.9760208585781304e-05 0.009596311565638017 0.0 2.0936243491896595e-05 0.0 0.0 3.322772238196888e-05 2.4440471627180425e-05 4.238032370744191e-05 4.504153104395321e-05 0.00011330260442843418 4.7303357143088965e-05 2.390329360184356e-05 4.1171779631479597e-05 0.00013625717172206916 2.2796490635993286e-05 1.43537048314857e-05 0.0 0.0 0.0 0.0 0.0 0.0 0.0 0.0 0.0 0.0 4.45074011241247e-06 0.0 0.0 0.0 0.0 0.0 0.0 0.0 0.0 1.147033175357046e-05 2.0230404602111232e-05 0.0 0.0 0.0 3.165009756691358e-05 7.320021726997133e-06 8.026523656407865e-05 3.1090481753406355e-05 2.6862212996234722e-06 0.0 0.0 0.0 0.0 4.411508350978601e-06 0.0 0.0 0.0 0.0 0.0 0.0 0.0 0.0 0.0 0.0 0.0 0.0 0.0 0.0 0.0 0.0 0.0 2.500980154262787e-05 0.0 0.0 0.0 0.0 0.0 0.0 0.0 0.0 0.0 1.5784429984313305e-05 2.8766022891641565e-06 3.201272079882305e-06 4.265779113068948e-06 0.0 3.292484117822394e-05 0.0 2.6465911813245304e-06 0.0 0.0 0.0 0.0 0.0 0.0 0.0 0.0 0.0 0.0 0.0 0.0 0.0 7.376764741386151e-05 1.5902473967795615e-05 2.523385957042339e-05 0.0009659085822909417 2.1313082148782565e-05 0.0015942827074594255 0.00031410452923075346 0.0029702754222794463 6.203580441944823e-05 0.0 2.26723495286692e-06 5.038625096294451e-05 0.0 4.307137756940064e-06 0.0 9.907627575635736e-05 0.0 0.0 0.0 3.2527524933745176e-05 0.0 0.0007370939911440198 6.99988108222372e-05
0.03049701733324937 0.01570196717650289 4.199605648005194e-05 0.0 0.0005825129757874733 0.017762498349710994 0.0242865715789687 0.0 0.0013860678955833837 0.05585747880247514 0.00019014498299771762 0.00022902496099750752 0.000584345313122173 0.00018529337410817863 1.133696782676442e-05 1.9652516038710314e-06 0.0 0.0 0.0 0.0 0.0 0.0 0.0 0.0 0.0 0.0 0.0 0.0 0.0 0.0 0.0001609296015129856 2.8048241146199797e-06 9.85986586546891e-06 0.0 0.0 1.744006537843147e-06 1.2500610402153717e-05 3.0339777145791117e-06 0.0 0.0 0.0 0.0 0.0 0.0 0.0 2.4628867769866363e-06 0.00023605318358236536 1.2016063680170386e-05 0.0 0.0 0.0 0.0 0.0 0.0 0.0 0.0 0.0004014657585218712 0.001297551616321923 0.00021388466785680248 0.0006238406768965799 2.0751668800127082e-06 6.162729675691918e-06 0.0 0.0 4.778770925076516e-06 7.753065945121305e-06 1.8989270114869734e-06 3.0817065995560483e-06 2.3528097482407195e-06 0.0 4.6067141687640514e-05 7.80368903329804e-06 0.0 0.0014494204432437846 0.00011952394897588142 0.00013652150286215024 2.3121919532048265e-06 0.0 0.0 3.848602168186692e-06 0.0 2.3571286888259488e-06 7.122019268756471e-05 0.0 2.2644165141487913e-06 2.0559723593528685e-06 2.067776830727106e-06 3.0556688118337433e-06 0.0 0.0 0.0 0.0 0.0 0.0 0.0 0.00011562171011879766 2.1768587340834147e-05 0.0 0.0 0.016620250276816347 0.0 0.00031073604749573536 0.002124789655032338 0.0008561071336111359 2.1972173623117395e-05 0.0002904377029659778 0.0005518344978166539 5.236512976731026e-05 8.570986391016056e-05 0.00018442226677707344 8.842180186564307e-06 2.568604226174746e-05 0.00022902401038146883 2.6725157057108647e-05 5.789122200512415e-05 0.0 0.0 0.0 0.0 0.0 0.0 0.0 0.0 0.0 0.0 0.0 0.0 0.0 0.0 2.6985343971324866e-05 0.0 0.0 7.170914306030073e-06 0.0 0.0 2.8103565648670412e-05 0.0 0.0 0.0 0.0 0.0 2.3260440737993337e-05 0.0 0.0 0.0 0.0 0.0 0.0 0.0 0.0 0.0 0.0 0.0 0.0 0.0 0.0 0.0 0.0 0.0 0.0 0.0 0.0 8.52008657078796e-06 0.0 8.36105929710758e-06 0.0 1.079983434729148e-05 0.0 0.0 0.0 0.0 0.0 0.0 0.0 0.0 0.0 9.839072075268276e-06 0.0 0.0 0.0 0.0 6.368264218800688e-05 0.0 2.3322255791915387e-05 0.0 0.0 0.0 0.0 0.0 0.0 0.0 0.0 0.0 0.0 0.0 0.0 0.0 2.3472217617157667e-05 0.0 0.0 0.0023391490059884354 3.795669449991623e-06 0.00043591522242224923 0.0001292191326162971 0.013944519561008142 3.324610905243259e-05 5.5004274669324236e-05 0.0 0.00014494266274511392 0.0 3.362661379740633e-06 4.546388480243124e-06 0.0007204134446121796 0.0 0.0 0.0 5.6723819503228846e-05 0.0 0.002201025445817694 5.2379540354288943e-05
0.0017982418683817952 0.048806302914403854 0.017453687896133514 0.0005825129757874733 0.0 0.00017695801065451827 0.08194246441648609 0.011095567694144217 0.06998728997218776 0.027866178421438494 0.03290597919207315 0.0016573932765100534 0.014202477931640492 0.016625769838703536 0.00028623066871095564 3.133761380845325e-05 0.0 3.636695850425967e-06 0.0 0.0 0.0 0.0 1.7423661911737348e-06 0.0 0.0 0.0 0.0 0.0 4.105402683919793e-06 0.0 0.0020991113208481344 0.0004168418130207272 0.000132257935706816 2.4076959121077657e-06 0.0 4.01125335743611e-06 0.00012112800226779341 0.0 1.2599529057117278e-05 0.0 3.615703429487847e-06 0.0 2.0647674290021655e-06 1.0069217550959731e-05 0.0 2.7349214304859143e-06 0.002127506686369204 9.665455702536507e-05 5.998347770090131e-06 4.778669966622628e-06 3.777871369139723e-06 0.0 0.0 3.178305035730342e-06 8.880655946266621e-06 1.522057355061274e-05 0.00022848838762750388 0.0011992229470448581 0.00030380630194106714 0.0017409671934473555 0.0 2.8540247109609804e-05 4.661534609225312e-06 0.0002356237346171027 8.238345848209183e-06 5.0608507074031406e-05 6.376801762238312e-06 1.6725765147846192e-05 1.050774985603206e-05 3.8384997504572994e-06 9.268395377697269e-05 4.307634698913813e-06 0.0 0.0023504253133024397 0.0005794773801817219 0.0010942770132331102 9.173144143546078e-05 3.8783017719753736e-05 4.004907945172478e-06 0.00030653669703710967 3.900289245277099e-06 1.85958718982009e-05 0.000315375072568739 0.0 2.8606424919720958e-05 1.224033549159974e-05 1.6586158227750536e-05 0.0 3.926935522197973e-06 0.0 0.0 4.8149419840159286e-06 2.085240269904545e-06 2.231821173614176e-06 0.0 0.0005413662230812222 8.285369886172065e-05 0.0 6.196799228731321e-06 0.0004065582404074461 0.0 2.5679130715368996e-05 0.0 2.6062899905395108e-05 5.184569797436072e-05 2.2390452713001683e-05 0.00016786878823489494 9.033033873444608e-05 0.00014529129109058632 0.000208724060557525 8.445790970724154e-05 8.280185313563128e-05 0.0005085163087763745 6.331707746855843e-05 5.447754392703212e-05 0.0 0.0 0.0 0.0 0.0 0.0 0.0 0.0 0.0 0.0 0.0 0.0 0.0 0.0 0.0 0.0 0.0 0.0 0.0 7.879187700304762e-06 8.991498652689945e-06 0.0 0.0 0.0 3.2124828133112716e-05 4.34653747818872e-06 0.00014606002581918888 0.0 0.0 0.0 0.0 0.0 0.0 0.0 1.6543938059568574e-05 0.0 0.0 0.0 0.0 0.0 0.0 0.0 0.0 0.0 0.0 0.0 2.4374832201301687e-06 7.316251394285201e-06 1.4116352054089731e-05 0.0 0.0 4.419279084835716e-05 0.0 0.0 0.0 0.0 0.0 0.0 0.0 0.0 0.0 3.658759745443421e-05 0.0 0.0 0.0 0.0 4.502559476113522e-05 0.0 4.980966171476299e-05 0.0 0.0 0.0 0.0 0.0 0.0 0.0 0.0 0.0 0.0 0.0 0.0 0.0 9.325575544017275e-05 2.9010328109979614e-05 3.223474286155935e-05 0.0024011674302183536 6.169232605051423e-05 0.004149908906039042 0.0008559101872184872 0.0026071151382232095 0.0002975435554818401 0.0 2.8931252446612982e-05 9.730610619119088e-05 0.0 0.0 0.0 0.00031015805395745016 0.0 0.0 1.1050490272278624e-05 6.798941408465474e-05 0.0 0.0017299864871919504 0.00011697887471482918
0.0013563804807480001 0.0028565183402261543 1.3880639075668127e-05 0.017762498349710994 0.00017695801065451827 0.0 0.004191136746092573 3.097574822136048e-05 0.0007777872061613976 0.039665763241651386 0.00018348619806655918 0.0038793256352892907 0.0022217337696665753 0.00014917702041070162 2.4223520490330566e-06 0.0 0.0 0.0 0.0 0.0 0.0 7.101410782047151e-05 0.0 0.0 7.546583816553115e-06 0.0 0.0 4.040434001910107e-06 3.511020284141792e-06 0.0 3.2855462820816033e-06 6.1587565132471315e-06 0.000304188397375026 0.0 0.0 0.0 0.0006090094573823998 2.9248167240578403e-05 0.00014090405402823451 1.8470918741685324e-05 0.0 0.0 0.0 0.0 0.0 0.0 1.748798139254988e-05 0.0 0.0 0.0 9.504299319125686e-06 0.00014961697654033429 3.6758151518099376e-06 9.77108449815281e-06 0.0 0.0 0.0006165087690916463 0.00013345902163674174 6.844267883882907e-06 2.941308260115714e-05 0.0 0.00013933735883299642 0.0 0.0 0.0 0.0 7.94487678386787e-06 3.986499914601877e-06 0.0 0.0 0.0025881281271678503 0.004292421575658942 0.00031975452469367545 5.389786805212387e-05 0.0 7.323435875362707e-06 0.0 0.0 0.0 3.656498495154346e-05 0.0 6.649789770251521e-06 0.0 1.5384518578131067e-05 0.0 1.1468841292779242e-05 0.0 0.00012016232132910718 0.00010728899896969079 0.0001073013880142465 3.534592713887055e-06 1.432906695230664e-05 0.0 0.0 1.0339001177810833e-05 0.009246704021200312 0.0066066898199791495 0.0004792014501702949 0.0009959742701965428 0.004704268477388979 4.085104010042746e-06 1.8323914834833454e-05 7.799447682844642e-06 0.0001462491713912658 8.76720949758407e-06 1.9154695196973363e-05 0.00012289603691766193 4.434840452136703e-05 9.372141891484864e-05 9.596311174401189e-05 0.0 5.3274187070871494e-05 0.00020016488791218599 1.8912708189209408e-05 0.0 0.0 0.0 0.0 0.0 0.0 0.0 0.0 0.0 0.0 0.0 0.0 0.0 2.5300173939166555e-06 0.0 0.0 0.0 0.0 8.4327890919225e-06 0.0 0.0 1.4102998518554119e-05 0.0 0.0 5.148088085865311e-06 2.7152166406061513e-06 0.0 3.382787986090029e-05 5.503920629436953e-06 1.4262875084689268e-05 0.0 0.0 0.0 0.0 0.0 0.0 0.0 0.0 8.05534833561352e-06 0.0 0.0 0.0 1.688409301495e-05 0.0 0.0 0.0 0.0 0.0 0.0 0.0 0.0 0.0 3.1010102940954986e-06 0.0 0.0 0.0 0.0 0.0 0.0 0.0 0.0 0.0 0.0 1.5176958403142967e-05 0.0 0.0 0.0 4.1320178882749316e-05 0.0 0.0 0.0 0.0 0.0 0.0 0.0 0.0 0.0 0.0 0.0 0.0 0.0 0.0 0.0 2.281753216692073e-05 0.0 3.474604405515826e-06 0.0010796649661243309 0.0 3.706501519510492e-05 5.961353160363215e-06 0.0025945071655340984 8.69726007680589e-06 7.868992174417172e-06 0.0 0.0002562227500359556 0.0 0.0 9.249398027254789e-06 0.0003880130989456513 0.0 5.180282623163641e-05 0.0 0.0 0.0 0.0008352069803018766 3.277045835855244e-05
0.007828099198949988 0.02798489542555816 0.011008340490851937 0.0242865715789687 0.08194246441648609 0.004191136746092573 0.0 0.0018895762237872626 0.1265020209926315 0.12335018291207346 0.01437485522739275 0.00583521386049915 0.1256028889904365 0.05218486921119732 0.0007765770991463328 0.00011948920794871286 1.4067035766298044e-05 5.8543527172681525e-06 0.0 3.859859127077728e-06 6.113246158345509e-06 0.0 0.0 3.6236384353464264e-06 5.395871350324554e-06 6.050436672780915e-06 0.0 3.8874952715157464e-06 2.659580134523048e-06 3.7239316223159947e-06 0.0020640512988311416 0.0003573087303345124 0.0002823563489740849 1.12433632742887e-05 4.499389855330477e-06 4.863795469491871e-06 0.0002891081224833548 1.2457912461324693e-05 1.945429169094912e-05 4.1034751624800975e-06 1.4307434640987183e-05 8.725032232180882e-06 5.4412382091235445e-06 2.824989096135755e-05 4.026308764051555e-06 1.1172386195035048e-05 0.005428968579614596 0.0003440503526145318 1.820045140884903e-05 1.3436837579101909e-05 1.6748066012254507e-05 0.0 0.0 8.981470721487111e-06 3.753994420947653e-05 6.260498682236268e-05 0.0009164791277401763 0.004036110524219096 0.0011436479381699827 0.0062055613505070375 1.7294187350033718e-05 0.00011568887469282068 1.9406893066086256e-06 0.00026840205933706754 4.113999816578664e-05 9.40640994746624e-05 3.8450729490914886e-05 3.7945600206454494e-05 1.496528704655793e-05 2.035220285258406e-05 0.00030101548257139524 3.9673390041614984e-05 0.0 0.008679992786120696 0.0015791620665298756 0.002708937441387676 0.00020401925256254 7.206865191560101e-05 6.639274390455772e-06 0.00010692482831670508 1.1015138017436298e-05 4.615504948135471e-05 0.0009010260516169496 0.0 0.0001391237875222891 5.320254289904909e-05 7.963087607708109e-05 0.0 1.548521139992082e-05 0.0 1.078121892286262e-05 2.535131040016848e-06 1.6447678281499093e-05 5.265921389319072e-06 6.4544136193060745e-06 0.00209993052494517 5.486746756631506e-05 5.969769407604162e-06 4.390287358640354e-05 0.0034256803009706255 8.488824320000707e-05 0.0002834260671430902 0.004435566301795334 0.0007915004053674449 0.0003175824758540185 0.0012656608600903026 0.0010241193463831776 0.0010161141610719004 0.0008185907119911551 0.001874162756422228 0.00026860680563746295 0.0005159087903756857 0.0015942252960562562 0.0003960898712859011 0.00026254325860574783 0.0 0.0 0.0 0.0 0.0 0.0 0.0 0.0 0.0 0.0 0.0 0.0 0.0 3.1997513132984196e-06 0.0 0.0 0.0 0.0 0.0 0.00011290402556430423 0.00015842355308002913 0.0 0.0 0.0 9.126319904736785e-05 4.760361507011794e-05 0.0003910992044492697 5.895421940819287e-05 1.2261839824842929e-05 0.0 0.0 0.0 0.0 0.0 0.0 0.0 9.28558135456328e-05 9.576879793889497e-05 2.8618050294814406e-06 3.1676819425751105e-06 0.0 1.1364805157850153e-05 0.0 0.0 6.704600352201914e-06 2.8052980534017038e-06 7.418475680968781e-05 4.679185889547788e-05 5.7079564415592754e-05 0.0 1.874858516080041e-05 0.0001845448513350705 8.478731578217164e-06 2.339640968501372e-06 9.033123111224463e-06 0.0 0.0 0.0 0.0 0.0 0.0 0.00013501568634486676 1.3827324248894417e-05 0.0 2.708888206889013e-06 0.0 0.00023548220291404258 1.1565238542305826e-05 0.00013457134573380806 0.00016379397924867355 3.869305387882854e-05 7.997531072156929e-05 1.443789578403767e-05 8.34632776083065e-06 0.0 0.0 0.0 0.0 0.0 0.0 0.0 0.0 0.0004950415606588599 4.99877642941477e-05 6.425723965186306e-05 0.008268221035727722 0.00015042627703294316 0.012180327264107303 0.0026153224233724103 0.014438436196567397 0.0005761763122219737 3.136308747027589e-05 8.794249622014116e-05 0.0004214972422906848 4.229424576288382e-06 0.0002835245810514132 3.419602513685093e-05 0.0011878957612342198 3.389721659348453e-05 0.0 1.2434973532185205e-05 0.00015741291075944462 4.488626369677884e-06 0.0061901719952339364 0.0005871808632941281
0.0024075547566712037 0.003292713454352501 0.04987510499315359 0.0 0.011095567694144217 3.097574822136048e-05 0.0018895762237872626 0.0 0.014084268726818637 0.0009117964055480106 0.05572429934757676 0.001614200065637697 0.008500798590349702 0.03495295128819204 0.0006237877947488942 0.00021323807825220328 1.2317102620338133e-05 2.646704736764528e-06 0.0 2.670318608768436e-06 0.00010241444530893179 6.903914430544045e-06 9.305106756058251e-05 8.002627192015578e-05 0.00042350967490191953 0.00015806452710919635 8.693816882346257e-05 1.0310524321473799e-05 3.0773078780587954e-05 8.405112783180942e-06 0.015619428282896372 0.04828768365206974 0.006092998078346236 7.394854798468256e-05 0.00012509832856505637 0.00033494429916094655 0.0022031327989100406 0.00042270399540383945 0.00024249988565539253 0.00013586434018721021 0.00018858215891108036 8.164641065050391e-05 2.7314937905656524e-05 6.349178744224949e-05 8.205445441532708e-06 3.169118601456091e-05 0.0020934236173114026 5.6402623194506484e-05 7.583590293006076e-06 2.4997227742275906e-05 4.5228308382641646e-06 1.412761631558141e-05 1.525991503362127e-05 8.639326628973066e-05 2.709882273401527e-06 6.2850255983985585e-06 0.0003204094445573931 0.0043594089274310716 0.0002461977395082478 0.0016222657604804663 0.0002874037438730305 0.0033120865716126566 6.773879960192622e-05 0.004875582000749674 1.3303170776934204e-05 2.638615901623408e-05 6.574522230555149e-06 2.306772255111689e-05 1.4581305350853103e-05 0.00017078689266403286 0.0010105987140176086 3.8589951929086676e-05 5.267457856494338e-06 0.0026807872932710485 0.0017300335955384378 0.0012482284084033013 0.001988779454708102 0.01101249628650083 0.012868945302179326 0.07591029219200245 7.223357786495073e-05 0.009102756763169283 0.0001583030791561829 0.0 2.2780711359089115e-05 4.1861265442515275e-06 3.3032555267966845e-05 0.0 2.2844004459381287e-06 4.441838607358803e-06 6.628111580343525e-05 3.650747039914001e-05 0.00010023088574501146 3.2188966326864275e-05 5.821298262231118e-05 0.0005552517213073581 0.00012931223712319377 0.0 0.00010353063722842865 0.0010110721058345447 0.0 8.97270760071563e-06 4.513205828051803e-06 3.498330189874589e-06 2.7871468552957153e-05 1.7174492431111067e-05 6.051523299756576e-06 5.814798692067912e-05 6.89535176616021e-05 4.3672780506871704e-05 2.8454567339351763e-05 2.7581254440287394e-05 0.000179562247482374 4.372836096549488e-05 4.831976924844143e-05 6.46055857518206e-06 2.4805333288751976e-06 0.0 0.0 0.0 0.0 0.0 0.0 0.0 0.0 0.0 0.0 1.3209674668078032e-05 0.0 0.0 4.407109264351316e-06 0.0 2.4881515844308893e-06 0.0 1.3599967271258456e-05 3.558005198421733e-05 0.0 8.548442569084353e-06 1.5955339684629785e-05 6.951155720876056e-05 8.939797518093303e-06 0.00011548783318429647 2.0765809373446986e-05 7.95434022404101e-06 0.0 0.0 2.499763084583139e-06 0.0 0.0 0.0 0.0 3.4687656111717927e-06 0.0 0.0 0.0 0.0 0.0 0.0 0.0 0.0 0.0 2.754251779517712e-06 3.492564786667015e-06 9.124858015370585e-06 1.5581082497071083e-05 0.0 2.8485052775995633e-05 0.0 0.0 0.0 0.0 0.0 0.0 0.0 0.0 0.0 3.084477991269533e-05 9.791955513355247e-06 0.0 0.0 1.0371492638851302e-05 7.397302557177752e-05 0.0 1.5357801465983958e-05 1.0905808227301163e-05 0.0 0.0 0.0 0.0 0.0 0.0 0.0 0.0 9.182711408443859e-06 0.0 0.0 2.7114910363231586e-06 7.610708938649535e-05 2.6938330193515903e-05 2.7292950322815787e-05 0.0029619084225905637 0.00010013742121990307 0.0033164203695214595 0.0010271968901352374 0.00105915326808393 0.00022001669648656654 0.0 4.553575590256858e-05 4.453094580398752e-05 0.0 4.511603272340717e-06 4.30037481848467e-06 0.0 2.1996813327946617e-06 0.0 2.7967675204606953e-06 0.00010750627269892405 0.0 0.00043038588399588467 7.2714250739858e-05
0.0006220510532033008 0.010540211273808357 0.009750981523019094 0.0013860678955833837 0.06998728997218776 0.0007777872061613976 0.1265020209926315 0.014084268726818637 0.0 0.026714949059474538 0.03871092024848983 0.005698116055563586 0.024369961220255726 0.016976893228319988 0.0005890244723754848 0.00011514081068070544 1.2289036352722247e-05 0.0 0.0 2.209413873801491e-06 0.0 0.0 0.0 0.0 2.1384201446183736e-05 4.429854674573766e-06 2.2454969364031574e-06 0.0 2.538039300722884e-06 0.0 0.0008888240224647175 0.0006525054998008172 0.0005875097873974156 0.0 0.0 1.5995563321795977e-05 0.00031635472228706493 4.261831765317433e-05 1.4911017222185145e-05 0.0 1.7060282678096314e-06 2.354634485576365e-06 0.0 1.1179583273098661e-05 0.0 6.5868188972127175e-06 0.0031091574625931213 0.00011565089642278716 4.910244391141123e-06 3.2739818837035027e-06 7.265914750618684e-06 1.1926258305679139e-05 0.0 3.2510714347065212e-06 1.0537296908493313e-05 9.643039603090048e-06 0.0001326715712555165 0.0006239879692561572 0.0002791501899938524 0.0017250348114960618 0.0 0.0001485359327679918 2.3849733225123233e-06 0.00032469044064711665 1.5141880726084813e-05 3.8552640386491874e-05 1.5331559205443652e-05 1.856925282346742e-05 2.4295934903955757e-06 6.276475713565849e-06 0.0005191667571084845 0.0 0.0 0.0016190904946045586 0.00042722958772053684 0.0012426167441085888 0.00019207831767265377 0.0001605438137015768 7.125814357284582e-06 0.0006160128476563365 4.085588355030386e-06 2.551862612557855e-05 0.0002638669840457405 0.0 2.924567267219877e-05 3.0824155907959653e-05 3.114301830551654e-05 0.0 6.24306649818958e-06 0.0 0.0 0.0 6.7114697260616755e-06 2.669746632573082e-06 3.2550403981559383e-06 0.002527956680708964 0.00014954017600219793 0.0 3.241163047076209e-05 0.00026281004378477516 3.4704452458326636e-05 0.00020349207508365356 8.097669243171352e-05 0.00011570493457215453 0.00042670228737539447 0.00026633108031595877 0.0006334659383184047 0.0006338852348431237 0.0007244562172719454 0.0007997527424507906 0.00026359185473265393 0.000297476608160186 0.0019323916421005241 0.0003558249694968207 0.0002617804532237375 3.7279907728833526e-06 0.0 0.0 0.0 0.0 0.0 0.0 0.0 0.0 0.0 0.0 0.0 0.0 0.0 0.0 0.0 0.0 0.0 0.0 4.307991339672711e-05 0.00011022639997333253 0.0 0.0 0.0 0.00013536697009849794 3.542203484277087e-05 0.0002979278416959917 5.0310775846824866e-05 3.390129016668816e-05 0.0 0.0 0.0 0.0 0.0 0.0 0.0 3.947050535668851e-06 3.1437462084478653e-06 0.0 0.0 0.0 1.693730870891998e-05 7.040333582894061e-06 0.0 0.0 0.0 9.245152660371034e-06 3.7844490041037997e-06 7.931897141485173e-06 0.0 5.7636001954735195e-06 0.00020182318473910846 0.0 0.0 0.0 0.0 0.0 0.0 4.192008241374338e-06 0.0 0.0 0.00015669058241484256 2.369612849755024e-05 9.160995299782025e-06 0.0 0.0 0.00037137732265013745 0.0 4.901286181393465e-05 1.0641056822553085e-05 0.0 4.724961164544234e-06 0.0 0.0 0.0 0.0 3.733774797722566e-06 0.0 0.0 0.0 0.0 0.0 0.0005601067815885259 9.191883420081839e-05 0.0001509611991023764 0.0062626598480101875 0.00010896296024012234 0.0064548482512921425 0.0018554573385769128 0.002801110368665039 0.00035790510269296567 2.838064274791363e-06 9.3565183060264e-05 0.00021551313191701355 0.0 3.110039850251439e-05 7.855647036872296e-06 0.0009635284170006927 0.0 0.0 1.0252167779216228e-05 7.598338588751481e-05 0.0 0.0044096723999519725 0.0006406295722967239
0.017161998737549675 0.023906650619773522 0.0019062025260538323 0.05585747880247514 0.027866178421438494 0.039665763241651386 0.12335018291207346 0.0009117964055480106 0.026714949059474538 0.0 0.005816298864040026 0.046859875753466 0.1954388007211274 0.016649976115380404 0.000537319473607711 8.572580311401882e-05 8.341960988211211e-06 6.745711437911235e-06 0.0 0.0 9.692503768544754e-06 0.0 0.0 0.0 1.3762751915534625e-05 0.0 8.466525463807567e-06 4.154131112359726e-06 0.0 0.0 0.00034360288046575237 0.00017645296626279036 0.0006931432643458631 1.0095114398489626e-05 9.68674822384805e-06 3.671735919090811e-06 0.0005504510882216066 5.457331735189879e-05 0.00013185906273044523 4.111133764904343e-06 2.077965035757551e-05 1.3859027576760503e-05 6.139638122198993e-06 1.4296953583414456e-05 1.9602929554694837e-06 4.570622525606629e-06 0.0039028477165241595 0.00018661736098127426 7.451911076168354e-06 3.4369036343067415e-06 6.484256244528346e-06 0.0 0.0 1.0405611484445043e-05 2.0217255356828605e-05 3.202503699993735e-05 0.0008591701159775135 0.0019504755825243308 0.0006997842951943385 0.0032274462542603876 2.3510967680796628e-05 0.0003316946400492044 0.0 0.00014770644277538547 1.632580700501984e-05 6.51583133872714e-05 7.632061852468396e-06 1.1026018344699172e-05 0.0 2.4187392699299962e-05 0.001502062646459038 6.062627050086124e-05 0.0 0.004230351525876344 0.0005058743154949799 0.001255024887338317 0.0001614273376445551 0.00011317926240818544 5.551453622151645e-06 0.0001574437465383543 4.659360625013918e-06 6.168445439471622e-05 0.00044418700541828206 0.0 5.876879049471318e-05 3.591451200648737e-05 5.5885750780517275e-05 0.0 4.658538717311561e-06 0.0 0.0 0.0 2.5575546246289668e-05 3.4490518756062437e-06 0.0 0.008987200536748407 0.0014366037470754035 0.0 0.00022838614537642272 0.01580766122633289 0.00014718035922607536 0.0014627616141985544 0.002846778053715953 0.0029599208710351095 0.001480656796270683 0.0029235733191920583 0.004227915720428711 0.0034704658990478026 0.004723576988723814 0.004098657892244433 0.0009268090610962038 0.004380646640716574 0.00965278684240632 0.001314692656452314 0.000918320555352156 2.3395303523581335e-05 1.762600821243143e-05 0.0 0.0 0.0 0.0 0.0 0.0 0.0 0.0 1.4109048358056732e-05 0.0 3.258892446969064e-05 0.0 0.0 0.0 0.0 2.0928084661328312e-05 0.0 0.00024907798378691754 0.0007819622774811009 0.0 4.578682405936202e-05 0.0 0.00029778155508708784 0.00013526036691687785 0.0009437033697191931 0.00010196943486682915 5.1324647559978714e-05 0.0 0.0 0.0 0.0 0.0 0.0 0.0 1.0864182308246519e-05 6.989723767193992e-05 0.0 0.0 3.190125645852001e-05 9.412512164871966e-05 0.0 0.0 2.3447785306186706e-06 0.0 3.493634252531169e-05 4.928278419019797e-05 0.00015092557354770504 1.3580403239006085e-05 2.753469159806812e-05 0.000762991179522801 3.306114312383364e-05 0.0 7.1437940903274744e-06 0.0 0.0 0.0 0.0 0.0 0.0 0.0004818981824681537 0.00013797738766497283 1.2401222189968818e-05 0.0 0.0 0.0007853544152606413 2.232280160321084e-05 0.00026310963607975547 4.00992152738736e-05 3.2471909970333956e-05 5.325690199771475e-05 1.2563626733881523e-05 0.0 0.0 0.0 1.2564465437565361e-05 0.0 0.0 0.0 0.0 0.0 0.0019697178934109925 0.00017956716395825685 0.0002699631455873169 0.017710111819489935 0.00018540407094515412 0.009412179050353863 0.002941967960992074 0.03453726339889806 0.0009367928876947609 7.627765732510175e-06 0.000140284744931422 0.0018570966975695882 0.0 0.00020044725300711973 7.519876252556346e-05 0.011193799247778418 3.921211780327066e-05 0.0001266123409736064 2.035060650408352e-05 0.00030523181048112567 6.256283292528155e-06 0.030953478702817734 0.002077800972793032
0.0011301102800648623 0.011559322088911667 0.02277304085324326 0.00019014498299771762 0.03290597919207315 0.00018348619806655918 0.01437485522739275 0.05572429934757676 0.03871092024848983 0.005816298864040026 0.0 0.010990559829897458 0.07263921125380735 0.06793236719554313 0.0014420762681651611 0.00034549941039857833 2.5839563374543107e-05 2.6671717355863947e-06 0.0 2.447150037731212e-06 7.236370400119672e-05 2.1251434872110287e-05 5.274913556159722e-05 3.724996597080753e-05 0.00029076579055636176 6.297515181508612e-05 5.4583899915620446e-05 5.96944190422183e-05 3.2990121681281093e-05 1.5691916622938653e-05 0.00711552583880245 0.008923085273710546 0.017153353599784957 4.3991963306031805e-05 5.199978905513653e-05 0.0002441805958067732 0.008734133292663843 0.0008766975465664316 0.0006167605401237518 0.00015170952543552726 0.0002163275675983945 3.621527801195609e-05 2.161902478528202e-05 4.7771494556297635e-05 5.891857778780009e-06 6.787538361048576e-06 0.00447869754334633 0.00015241785542495693 2.879884077893077e-06 1.901223277746131e-05 4.046355863336453e-06 3.789452928629334e-05 2.536435540082694e-05 8.911082651744814e-05 2.0016624802155573e-05 2.214893873119437e-05 0.0002434470875457169 0.001815305698115589 0.0003227887082503102 0.0021726667367959413 8.390875559941531e-05 0.0037606082769934867 4.933163785823892e-06 0.0012588247097772942 1.071134307578592e-05 3.40680284389524e-05 1.1187611752245469e-05 3.203328674788364e-05 3.7585628822686e-05 0.00015614106427237428 0.0035114229223390555 6.093861240630408e-05 0.0 0.0024891555819325844 0.0009590949035406318 0.0021670364840964225 0.000686782865320059 0.00040786713243988286 0.00010864994540003024 0.04972474385312759 1.2148958780015153e-05 0.0035665771027861624 0.0002927036459062259 0.0 4.485750678570715e-05 2.7227074657806262e-05 4.423360070178996e-05 2.34846524855324e-06 9.410900152293046e-06 0.0 1.5093806610662483e-05 3.334328841048802e-05 7.803980206242176e-05 3.900706004695788e-05 4.8335679059332105e-05 0.0032683775114206613 0.00045816887332662733 8.597457989729553e-06 0.0002581235134689392 0.00046645581798211494 0.0 9.452303962749138e-05 4.979518850798381e-05 2.9437666258526427e-05 0.00016652521615200506 0.00012454436295623156 0.00020358960934810025 0.0003070144782647274 0.00036941760167086344 0.00031305311064869885 0.00015852848104506173 0.00018998607128769242 0.001162742751859119 0.0002829870012004759 0.0002611757434861303 1.1233035388764456e-05 8.133049466974142e-06 0.0 0.0 0.0 0.0 0.0 3.7707135425545647e-06 0.0 0.0 0.0 0.0 7.951893487695604e-06 1.3973726421453314e-05 0.0 0.0 0.0 0.0 0.0 5.2760223282718354e-05 0.00021817924623602683 0.0 0.0 0.0 0.00012640681073903203 3.150024856685123e-05 0.00038791088736549276 9.01731641305488e-05 2.0349319055590176e-05 0.0 0.0 0.0 0.0 1.2885925187605905e-05 0.0 3.6476022844861455e-06 0.0 7.922153098882331e-06 0.0 0.0 0.0 4.480027886037895e-05 3.0732264545594776e-06 0.0 0.0 0.0 2.109862996187271e-06 6.503767332926057e-06 4.655330867414148e-06 1.2686239954586096e-05 0.0 0.000202406293931709 0.0 0.0 0.0 0.0 0.0 0.0 0.0 0.0 0.0 0.00017290755474605086 4.172756450068955e-05 0.0 0.0 0.0 0.00031107621632605795 7.535857391598786e-06 4.5515327972660166e-05 1.2415015707193166e-05 2.075568705613084e-06 1.3871841997803654e-05 4.563985739577344e-06 2.007430147229329e-06 0.0 0.0 0.0 0.0 0.0 0.0 2.6282094401162477e-06 0.0 0.0004300894475197719 9.668879106948395e-05 0.000137774646841279 0.008440573013180986 0.0002016745574641337 0.008425951812809997 0.0027091955141990056 0.0022679658962720655 0.0004034959435727037 5.603006879085268e-06 0.0002310473205814912 6.76855366236171e-05 0.0 4.566205273760247e-05 6.869089240903119e-06 0.00031058850958621143 7.434577440717344e-06 0.0 1.3875230769631992e-05 0.00011740839360249298 8.594441650534e-06 0.0017084229194513406 0.00045031303477905305
0.0002316581391271012 0.0008262953028167966 0.0013368519210608175 0.00022902496099750752 0.0016573932765100534 0.0038793256352892907 0.00583521386049915 0.001614200065637697 0.005698116055563586 0.046859875753466 0.010990559829897458 0.0 0.03948352986095516 0.003675537200589399 0.0005080310809043163 0.00014040305509469776 3.879207896919646e-05 1.8470862146530343e-06 0.0 5.171565216672181e-06 0.00011742518958397164 3.340436225044484e-05 6.401070933110911e-05 2.7836006393975148e-05 0.00038916915959592326 0.00011458155470284489 7.081576188440961e-05 7.169538021399908e-05 0.00010680476005232456 4.0976330819657755e-05 0.00026345087401081227 0.0002760291035726342 0.006629548205449978 2.5421483280526332e-05 2.5092120473505032e-05 0.0002226499083906882 0.02376113087248134 0.0020945747496190653 0.003602905293974388 0.0005026942014225052 0.0002018255354462554 6.114841411455953e-05 9.521293383646801e-06 3.388769546276631e-05 0.0 5.525973570553441e-06 0.001112598367411028 2.255362092637662e-05 2.6848064207489085e-06 8.782896214025088e-06 1.265655597836279e-05 6.505712015477262e-05 0.0003229748244297928 0.00013818531370025314 0.0 2.1754907379049797e-06 0.00010547493621053507 0.00021259626783459482 6.609179569920295e-05 0.0004443829626736737 3.816917608004258e-05 0.0016889899734446358 3.1144638752599196e-06 0.00014821648835316366 2.911012873653582e-06 0.0 0.0 1.4083081770690697e-05 5.0251950295041006e-05 0.00015020846893590785 0.012858235482791166 0.00041437288188118823 4.762417043040758e-05 0.00041934411759289906 0.0002356218310116801 0.0003306669235180568 0.0001852854281484191 9.591717911622807e-05 5.518361887338328e-06 0.0012574383103149788 0.0 0.00021139397514991287 8.294269291728049e-05 0.0 1.3965528339406573e-05 1.6336757984943936e-05 1.9570588344662594e-05 1.2661244247975535e-05 2.6316497500486242e-05 8.85697525546683e-06 1.4427238368659417e-05 3.977814968170276e-05 0.00012439124220851622 5.855653547777175e-05 5.47145071106838e-05 0.015784746095273507 0.002945372651029294 0.00016013634227807897 0.0012108962383350114 0.0023012288336199845 2.7776156835016138e-05 0.0002886046275209184 0.0002567224522101831 0.00015302819309431458 0.0008687801494687828 0.0005836590970505751 0.0012241578629738031 0.0013384879747138766 0.0018417364504626488 0.0016148741135684085 0.0007161770874945358 0.0011069343986043407 0.005119440354515314 0.0010207784969587322 0.0006025789546683791 2.995109805222274e-06 2.552952489190805e-06 0.0 0.0 0.0 0.0 0.0 2.745218279957424e-06 0.0 4.566002170179866e-06 1.0044402218585048e-05 0.0 4.449168811832137e-05 0.0 0.0 7.895404585552457e-06 1.19805096909853e-05 1.697171819801931e-05 1.4264626065758419e-05 0.0002261453763262408 0.00046035621965411085 0.0 4.7056929971569104e-05 0.0 0.0004995433673098734 0.00011802766344782704 0.0011810065951359343 0.00020172636576439476 0.00011806205997481022 0.0 0.0 0.0 0.0 5.3581437420581065e-06 0.0 0.0 2.0980433719166997e-06 2.656781558878667e-05 0.0 0.0 6.180642407373913e-06 6.766479997626649e-05 9.220531029478407e-06 2.676310940290988e-06 0.0 0.0 2.3213140698239154e-05 1.605174807062235e-05 1.196860024472682e-05 3.506031110869559e-05 6.67542429010982e-05 0.0006070386687641564 5.070236520931447e-06 0.0 5.616582231115411e-06 0.0 0.0 0.0 0.0 0.0 1.024124199326435e-05 0.0004409943120685051 7.755268099114678e-05 1.2074732226040426e-05 0.0 3.832427455457708e-06 0.0005898604786612098 4.383449970171409e-05 0.00011344190044030747 3.637590784134757e-05 1.5021094616061094e-05 2.7144066909123464e-05 0.0 5.118384027490237e-06 0.0 0.0 5.780781936831159e-06 0.0 0.0 0.0 0.0 0.0 0.0014332146353110043 0.0002763031320186741 0.0003456875000146023 0.008572897443448217 0.0001511995572653159 0.0030091586348749096 0.0013705489118462698 0.008259282100646767 0.00031563958536101096 0.0 5.937242309872552e-05 0.0006988397923452119 1.8728045135972116e-05 0.00015504104323174107 3.128852189306633e-05 0.0024898172236576294 3.494100596608225e-05 0.0 2.9026033813182305e-05 0.00023452580741463883 6.045662415045599e-06 0.02149017151752206 0.0017672423852478252
