0.0 0.06625026279603471 0.01584178831386374 0.019537280745143357 0.000799350054924531 0.0012294103320056203 0.011315971061344882 0.000897681306473548 2.7277769450164693e-05 0.024733105129608555 0.0012198571987285343 0.007912214581915879 0.003734427634650116 0.0004609156448046485 8.585589080624463e-05 4.09340919323317e-05 1.019585571925045e-05 0.0 0.0 0.0 0.0 0.0 0.0 0.0 6.333311951302617e-06 3.7994040672798784e-06 0.0 0.0 0.0 4.598007541970634e-06 0.006446000017936981 0.00014220804637187846 0.0003830621551301543 0.0 9.037885682376438e-06 2.6346366356389527e-06 0.0004915005491393971 1.3310670149204377e-05 3.457575203295484e-05 0.0 3.698708891681037e-06 7.2155113152451875e-06 3.138630143900979e-06 0.0 0.0 0.0 0.00010236110880853134 3.073555974982149e-06 0.0 2.9872414775737487e-06 0.0 1.2437485945926175e-05 2.882180195590921e-06 0.0 0.00012180838388763876 0.0001681105122468476 0.005470081388277973 0.012569324477919454 0.0005034205419195767 0.00020538208935984978 0.0 3.9912572906431314e-05 0.0 0.0001685043860362596 4.435667113252056e-05 2.5367202602028405e-05 1.8550830565169535e-05 1.0508805885668248e-05 8.17183358478833e-06 0.0 0.0002963116738356811 0.0004073323358613427 1.2020705618162521e-05 0.0013516797766924332 9.446077334846384e-05 0.00030793369030394 8.539614996425356e-05 2.1455942656000228e-05 0.0 0.0009968757166369058 4.085213619655349e-06 1.6561804608689147e-05 0.00010612932145517303 0.0 1.4740359527788701e-05 2.549286416966965e-05 1.1860924696243208e-05 0.0 2.6402578205473085e-06 1.342461001440591e-05 2.523706370744563e-06 1.1144747895949322e-05 3.3331017370189542e-06 4.7054955655840385e-06 6.9453824624827806e-06 0.002302845883396944 0.0002603961677102986 0.0 4.7419913849041695e-05 0.02338726049994592 0.0 3.730406330881027e-05 9.194330267369558e-05 1.7702644581200204e-05 6.651843571008213e-05 0.00010020917044188642 0.0002465564533709962 1.1442406634705464e-05 6.0775926311205813e-05 0.0003534863190646141 0.0 6.702384325832577e-05 0.00012956495488557367 9.215278764308138e-05 3.841683687855e-05 0.0 0.0 0.0 0.0 0.0 0.0 0.0 0.0 0.0 0.0 0.0 0.0 0.0 0.0 0.0 8.850936865900686e-06 0.0 0.0 0.0 0.0 0.0 0.0 0.0 0.0 1.592329892958165e-05 0.0 2.1552447649556105e-05 1.308560188563094e-05 0.0 0.0 0.0 0.0 0.0 6.791552539892466e-06 0.0 0.0 0.0 0.0 0.0 0.0 0.0 3.0999449758855975e-06 0.0 0.0 0.0 0.0 0.0 0.0 9.207242064750014e-06 0.0 0.0 2.9115148974434495e-05 0.0 0.0 0.0 0.0 0.0 7.059638851598079e-06 7.515910346669134e-06 0.0 0.0 9.990473914062621e-05 0.0 0.0 0.0 0.0 1.1533131831645924e-05 0.0 2.6879538123248152e-05 0.0 0.0 0.0 0.0 0.0 0.0 0.0 0.0 0.0 0.0 0.0 0.0 0.0 0.00038212912447391196 2.370887366077289e-05 1.734315385770271e-05 0.0018127820669052756 7.935185722273706e-05 0.0008271585361736567 0.00014058444989696823 0.019002563459340732 0.00028943573392187726 3.9282288455077405e-05 3.699058222161778e-05 2.7110075255526125e-05 0.0 0.0 7.407273043961103e-06 0.0003351446189970221 0.0 0.0 0.0 0.0 0.0 0.0027520668604016194 0.00021135263115508316
0.06625026279603471 0.0 0.03806243416906837 0.02808371577863772 0.023637269254986985 0.0007735582849818349 0.05475785569918544 0.0072365900722667865 0.008036172829277216 0.015395546151805528 0.016877402195111697 0.003800139735133132 0.035777031581574824 0.037913477306830715 0.001679598198107181 0.0003866901627222552 5.25246637608216e-06 1.3848515802606217e-05 0.0 0.0 0.0 0.0 4.670847109232218e-05 1.8759087911420146e-05 3.0376667274008504e-05 1.275625962773201e-05 2.442216712057496e-05 8.476730228664301e-06 7.127193099050082e-06 9.95087110649746e-06 0.03524462259223062 0.001266891395312134 0.004491766321442566 0.0 1.987652767319913e-05 1.0835417643904437e-05 0.001437179747899403 0.00016266349033760403 0.00018995202055158627 4.8535409349564745e-05 5.91821850363674e-05 1.9696779163698753e-05 0.0 3.055827907759793e-05 0.0 0.0 0.003508111299797188 9.761572178655779e-05 5.231257874859059e-05 1.886320556741475e-05 0.00011771703984681159 0.0 2.875787881483591e-05 1.0638194740987959e-05 0.00115023543333519 0.0014972234610147676 0.006177112799301984 0.01916401355035841 0.0024257419078063188 0.0027828335666291817 1.7226321558504657e-05 0.00041055252337556593 7.197314512830314e-06 0.0037391079018607716 0.000545245095714126 0.00032099109323148115 0.0001333052677854053 7.282801134072879e-05 6.385664184726726e-05 5.57587179953442e-06 0.0007747814806294562 2.576260042785394e-05 0.0 0.009280225283504423 0.002622629223500545 0.0058136163971247365 0.0021199708821824487 0.0003888624521775544 2.518845262929465e-05 0.005063356275740051 2.4378086006767754e-05 0.00027511271379751653 0.0019391603044945683 2.3856942498382455e-06 0.00024281985429346108 0.0004352945676397677 4.574849026101113e-05 0.0 9.426974749412868e-05 4.046978754997951e-06 5.064641382940579e-05 7.757366329846439e-06 2.8732284621218692e-05 3.187222755242389e-05 1.8230727308050787e-05 0.0005662732134562732 2.5541836015132273e-05 3.467799240485315e-05 0.00018357324002750858 0.015182758005832846 0.0 2.305233521208538e-05 5.491078540538098e-05 7.335608112682267e-05 2.3279267119498052e-05 0.00021220515596492235 0.00018077738989320913 3.8759236709704815e-05 0.0003258267016352595 0.0002482015229331415 8.43724955386233e-06 0.00023473113709042667 0.000421578649125766 0.00026130014864113587 0.0001483946281543891 1.488751971442815e-05 0.0 0.0 0.0 0.0 0.0 0.0 0.0 0.0 0.0 0.0 0.0 1.5394497640984287e-05 0.0 0.0 0.0 1.0547091638976976e-05 0.0 0.0 7.891667951082975e-06 1.281679403930201e-05 0.0 0.0 0.0 0.0001871920215595859 4.134700612159506e-05 0.000338416803695773 6.938047169425061e-05 3.6012002899809014e-06 0.0 0.0 0.0 0.0 0.0 0.0 0.0 9.594528134628588e-06 2.8549359505699767e-05 0.0 0.0 0.0 1.1399672933470405e-05 9.702422567952265e-06 0.0 0.0 0.0 0.0 0.0 1.689486156326003e-05 0.0 1.633235834722557e-05 8.944144099975329e-05 1.86790337673758e-05 0.0 0.0 0.0 0.0 0.0 0.0 0.0 0.0 0.0004430907516929479 7.539062409647819e-06 0.0 0.0 0.0 4.430707620711055e-05 1.242231220920041e-05 2.2233382572366136e-05 6.420461477268054e-06 0.0 1.2075300572159493e-05 0.0 3.173967153434053e-06 0.0 0.0 0.0 0.0 0.0 2.6331883201396067e-06 0.0 0.0 0.0006443250471578888 0.0003366410933475354 0.00044543533438289046 0.008658303596282719 0.0003414163035674391 0.015670589357476207 0.0031770661322250613 0.0152880144522639 0.0016855431873290688 0.00013857499852991991 0.0005018402252808091 0.0003015365847940064 0.0 2.3136822264798273e-05 6.0653403576563565e-06 0.0001037122119445808 8.48406921158643e-06 0.0 2.5070317510672528e-05 0.0002047570006223091 4.2115682172801604e-05 0.0034613422091291247 0.0001602517514159155
0.01584178831386374 0.03806243416906837 0.0 0.00639891263501824 0.00916847724865055 7.391848816155737e-05 0.0029649019323560793 0.053179591575825136 0.013932790229942852 0.0013525878077303658 0.03702293243892739 0.0010387840835155693 0.005062382565990012 0.028225909965284304 0.0008628713816551838 0.0007042974257509707 3.8322607184796355e-05 3.294416918753753e-06 0.0 3.2589935209259835e-06 3.0526728113773727e-05 3.208376625487225e-06 0.000111198156744996 6.367451363753565e-05 2.1034597738624892e-05 2.4475250279414725e-05 0.00010480659599955594 9.969238587000641e-06 1.132121085224978e-05 3.0668472243985966e-05 0.0675856766655153 0.005460465758665675 0.010189109724119877 4.120812242323779e-06 6.0128137213045163e-05 4.647878857461135e-05 0.0019194165078894182 0.0004565585960759729 0.0002827263525638745 6.606043137773953e-05 9.928406547449485e-05 5.793488565552516e-05 2.555237153983326e-05 8.003015905130975e-05 0.0 9.841560884441264e-06 0.0010222480712339748 3.3600123903173003e-05 1.3650016661279423e-05 2.7509392032129297e-05 0.00013058826130977387 1.177537387835493e-05 2.2922725839276577e-05 1.63737628228979e-05 0.00024944544250311 0.0003482443616322193 0.0020324825769997314 0.009935511823453445 0.0006493291498098448 0.000626346828463359 2.5834801456210148e-05 0.0010857655998525377 3.4221424671378815e-05 0.003602458078544547 0.00010006041889192362 0.00023290685745918453 0.00011321870463603558 0.00016375851775803706 0.0002575396943278832 5.2494025819844786e-05 0.0008459485776755918 4.267740527105745e-05 5.438289346725411e-06 0.002125477649291979 0.001101417109665248 0.0022486203925503787 0.0017137415879171852 0.0005589089161406724 2.8217465120730394e-05 0.01408490215830954 2.0469523683885305e-05 0.0012292076846522723 0.00041153260662315263 0.0 6.931152509132821e-05 0.00015304416876239752 5.2798354644301974e-05 0.0 3.7171624631912614e-05 0.0 2.505190840989782e-05 4.141538612922429e-06 0.00015642722619213815 0.0001234281873218365 1.6203642586129114e-05 0.00030205210047222974 5.6067888061806205e-05 5.051124115534359e-05 0.0002039088249559701 0.0026535771942297654 0.0 0.0 2.847978125395055e-05 5.179372085763785e-06 3.7243222865831925e-05 0.00024520227698010685 4.4208708269215806e-05 1.8000216232161287e-05 0.00014783447071281834 0.00017551252347421128 3.906231412801452e-06 0.0002354433157215269 0.0002301205833099646 0.00033854151709067365 0.00014970161345286237 6.239678581607496e-06 1.0756509106577821e-05 0.0 0.0 0.0 0.0 0.0 0.0 0.0 0.0 4.3777394247557545e-06 0.0 4.476534162796325e-05 0.0 0.0 3.76695774299242e-06 6.471801131455762e-06 0.0 0.0 1.4725262211477475e-05 5.43773394343805e-06 0.0 4.1922945340581195e-05 3.456567747899234e-06 0.0003302069367024316 0.00018264977433921518 0.000477188276313472 0.00015067612640419224 1.5464508358832246e-05 0.0 0.0 0.0 0.0 0.0 0.0 0.0 0.0 2.568533729025362e-05 0.0 0.0 0.0 7.250295509642239e-05 0.0 0.0 0.0 0.0 0.0 3.326493557099936e-06 3.3774794389796046e-06 0.0 0.0 0.00030861558091911965 0.0 0.0 0.0 0.0 0.0 0.0 0.0 0.0 0.0 0.0004263715923793449 2.423087090934988e-05 0.0 0.0 0.0 0.0 0.0 4.581109991527983e-05 2.5238777483332328e-06 3.552731909903767e-06 2.5819061124191217e-05 0.0 0.0 0.0 3.310878610520894e-06 0.0 0.0 0.0 3.7361076785308557e-06 2.742549780597312e-06 0.0 0.000525390899764856 0.0003197922730729716 0.00041686414049801874 0.003006474799450034 0.0001426498149510708 0.004381112458345308 0.0013905305690808832 0.0019759217008437323 0.00040685229569372404 4.2507124673830685e-05 0.0002158565399847429 0.00012041990539800161 3.973433811571412e-06 4.160519485292974e-05 3.292504274914167e-05 0.00022391824300842562 4.972423854440503e-06 0.0 3.336833361599665e-05 0.00015627593248298505 0.0 0.0009160094470763743 0.0001623532739934757
0.019537280745143357 0.02808371577863772 0.00639891263501824 0.0 0.0008413790310545968 0.002709634345835392 0.004158492105381899 0.0001540520071350947 2.293044027901796e-05 0.01682167841680968 0.0002674867631252884 0.05098720006012074 0.024834454744805248 0.0005203055419267345 4.9543568792927996e-05 2.8865246174636888e-06 6.0509124631914845e-06 0.0 0.0 0.0 0.0 3.819108642724861e-06 0.0 0.0 0.0 0.0 0.0 0.0 0.0 0.0 0.0013969659439058671 1.9259610149136164e-05 0.000280291550066003 0.0 0.0 0.0 0.0009229072663122486 0.0 2.1685841669073053e-05 0.0 0.0 0.0 0.0 0.0 0.0 0.0 0.00018321829133473611 1.4964624939821749e-05 0.0 2.1751656259124972e-06 3.0447641903355186e-06 0.0 0.0 4.0978462464413645e-06 0.000165817872530155 0.0002365038233237247 0.001407422765198014 0.0037883511879142095 0.00037646493830543445 0.000309958985529061 0.0 0.0 0.0 6.346117914278316e-05 5.488227289625383e-05 2.6776753889818444e-05 1.2914197890822947e-05 2.3291209339426857e-06 0.0 0.0 0.0004922577140377729 6.0505018215040225e-05 4.111415154461805e-06 0.0011944293532923796 9.535904478247198e-05 0.0002605172485998198 1.3065073823384893e-05 6.0486756359091705e-06 0.0 1.520278942404606e-05 0.0 4.850190712948097e-06 0.00022128550184389236 0.0 2.3323152548079004e-05 2.8571002921272885e-05 3.272957646650903e-06 0.0 9.75208901727427e-06 0.0 0.0 3.244217974781239e-06 0.0 0.0 0.0 0.00093380704935633 1.770782892813254e-05 1.7391158469039896e-05 7.801463881912143e-06 0.011956316234915993 3.118574017061607e-05 0.00021728546253605547 0.0009208755589421852 0.0004859159206445822 0.0 0.00028154378582089933 0.00021509775049677657 1.1050860957373005e-05 0.00046227994401502545 0.000180882503462844 2.540134836244513e-06 6.341823139443737e-05 0.0007003826300054883 3.0741605881199706e-05 0.0 0.0 0.0 0.0 0.0 0.0 0.0 0.0 0.0 0.0 0.0 0.0 0.0 0.0 0.0 0.0 0.0 0.0 0.0 0.0 0.0 0.0 0.0 0.0 0.0 0.0 0.0 0.0 2.554686367398353e-06 0.0 0.0 0.0 0.0 0.0 0.0 0.0 0.0 3.557028940627015e-06 3.868598643080572e-06 0.0 0.0 0.0 0.0 0.0 3.380850331223676e-06 0.0 0.0 1.6011437374183745e-05 1.9245512943467388e-05 3.9969815119547946e-05 0.0 0.0 0.0 0.0 0.0 4.258685512408255e-06 0.0 0.0 0.0 0.0 0.0 0.0 3.7964283927402884e-06 0.0 0.0 0.0 0.0 0.0 0.0 0.0 5.938657344611626e-06 5.7703517866567394e-06 4.149032185424541e-06 0.0 0.0 0.0 0.0 0.0 0.0 0.0 0.0 0.0 0.0 0.00012671357211704211 0.0 3.512162777563637e-05 0.0009054433272788025 7.022382937697182e-06 0.0011101242705272602 0.00010607318147975168 0.016083633903703376 0.0002048404406978553 2.1968700728921964e-05 8.587640033173109e-06 2.417455273621133e-05 0.0 3.4605624895410806e-05 0.0 0.00022896230286980498 1.01791535742339e-05 0.0 0.0 0.000738705730862665 5.736017126167272e-05 0.0024775085702412073 0.00016370058513806321
0.000799350054924531 0.023637269254986985 0.00916847724865055 0.0008413790310545968 0.0 5.367410583903332e-05 0.05447630285186195 0.0014270099580118887 0.05997106531927522 0.006093113424776036 0.01406515196407408 0.0002772415833417259 0.01732978180097562 0.06752608345249239 0.000978942062061183 0.00014288279246523644 1.1562579922507116e-05 2.1755005117107644e-06 0.0 0.0 0.0 0.0 1.9520362024672003e-05 3.1364690375328407e-06 2.255231311712813e-06 6.604831585659605e-06 0.0 0.0 0.0 0.0 0.002777065677958174 0.001160907811084989 0.0005324419043337368 0.0 0.0 6.811170027542389e-06 0.0007980422923062803 6.734434575527608e-05 6.37946154014253e-05 1.2855413104533191e-05 0.0 0.0 6.753733877950406e-06 2.1153630491086442e-05 0.0 3.852413603706568e-06 0.0025268429926229245 7.197505493916627e-05 3.5145264767240965e-05 0.0 2.2306039500083224e-05 0.0 4.730198071114909e-06 1.132215727623945e-05 0.0003924238953152154 0.0005856429720037743 0.0015263716237831583 0.002787085004443465 0.0008118933609354574 0.001292754680423081 9.177161275811467e-06 8.78953475910675e-05 0.0 0.001961371965831946 0.00020473502144656227 0.00010907705060555344 6.0248123034749824e-05 3.5932029548056473e-05 9.749125583991014e-06 0.0 0.00038562899041983843 0.0 0.0 0.003424511940673829 0.0017186557360467244 0.0033107295954341695 0.0015505176449488577 0.0001946839098397012 1.364618847067375e-05 0.00013077242051880633 3.010462791088262e-06 4.992004321033771e-05 0.0008754194507389501 1.965728922051699e-06 0.0001470968787089444 0.0001667076660197767 2.454980617573934e-05 0.0 5.257773555278049e-05 2.432939378657479e-06 2.3974990704084604e-05 2.4282967947554464e-06 5.329278161073936e-06 1.2240969888125411e-05 5.8579288822183945e-06 0.00019161384174839867 1.2775554995465272e-05 2.0203421679831352e-05 9.599969985131656e-05 0.00019368675196315506 7.942311952160758e-06 4.060316233323649e-05 5.593956716866406e-05 1.1919232598161229e-05 1.0218066604492176e-05 0.0001283559403836647 0.00015051020404397038 4.475880164932951e-05 0.0003543066053017734 0.0002056858206361228 5.742951413155014e-05 0.0003631849559366078 0.0004410096045116798 0.0005429425958403316 0.00021744197731590992 3.4607269770511863e-06 1.1639124673235731e-05 0.0 0.0 0.0 0.0 0.0 0.0 0.0 0.0 0.0 0.0 0.0 0.0 0.0 4.312709674109905e-06 0.0 0.0 0.0 3.591107111821277e-05 0.0 0.0 0.0 0.0 0.00031672971044567735 8.503713420150182e-05 0.0003946724862699926 9.455361488374932e-05 4.116371114525976e-06 0.0 0.0 0.0 0.0 0.0 0.0 0.0 4.198455033745509e-06 8.669328384937977e-06 0.0 0.0 0.0 0.0 0.0 0.0 0.0 0.0 0.0 5.971520571114785e-06 2.6662228542813993e-05 0.0 0.0 0.00017280217676665058 1.7933395760588935e-05 0.0 0.0 0.0 0.0 0.0 0.0 0.0 0.0 0.0007620765984289314 0.0 0.0 0.0 0.0 1.3725694031559262e-05 0.0 2.4201344999073435e-05 0.0 0.0 2.3433466378279458e-05 0.0 1.2195576511639257e-05 0.0 0.0 0.0 0.0 0.0 0.0 0.0 0.0 0.0012210242453072292 0.0002929646857923524 0.000426750719477002 0.005813718623506627 0.00020100662173739444 0.009679276285119947 0.002522676023674344 0.0011143989618320747 0.0008601507479204259 1.918977325712814e-05 0.000489227514319348 0.00017445538519038177 4.087357448364548e-05 4.4447827046808855e-05 5.7735885497064124e-05 0.0002825345098679917 2.455249348125473e-05 0.0 1.0969133783338052e-05 0.000139207542717193 4.137350529380551e-06 0.001333998622336227 0.00010271314145917008
0.0012294103320056203 0.0007735582849818349 7.391848816155737e-05 0.002709634345835392 5.367410583903332e-05 0.0 0.0006283571291987218 4.536139882710825e-06 2.4389595935472885e-05 0.012033955666637484 1.3757460091744755e-05 0.004838236339900007 0.002100839489750151 0.00021405084048211408 0.0 0.0 0.0 0.0 0.0 0.0 0.0 9.658758531235857e-05 0.0 0.0 0.0 0.0 0.0 4.7435697200332884e-06 0.0 0.0 2.2683039592014915e-05 0.0 0.00033726372841268154 0.0 0.0 0.0 0.001476136810131586 6.7228846878642934e-06 7.311154279530058e-05 0.0 0.0 0.0 0.0 0.0 0.0 0.0 5.2233790525326224e-06 0.0 0.0 0.0 0.0 0.0003244584824248543 0.0001012522010275417 0.0 2.749594098991984e-06 0.0 0.004469445749997338 0.0002190475254573571 4.31635470054581e-05 1.1775360063222783e-05 0.0 0.0 0.0 0.0 0.0 0.0 4.1630522711784175e-06 0.0 0.0 0.0 0.001789780085926243 0.004219809473128117 0.00022774825686179274 0.0 0.0 0.0 7.073945032999978e-06 0.0 0.0 4.391527276389471e-06 0.0 0.0 7.78122174043903e-06 6.322678846301139e-06 0.0 0.0 0.0 8.738808007136153e-06 2.3475407020979204e-06 0.00010607346285377226 0.0 3.827673535006263e-05 0.0 0.0 2.792005750260418e-05 0.008195814771141995 0.0024201632486727173 0.00029897615605326184 0.000588409676406244 0.008818836386833418 3.736254573606858e-06 7.175443794614589e-05 8.752604602524396e-06 2.2767480127953743e-05 0.0 6.246890605213936e-05 0.0003601314574350031 4.7920650308743555e-06 8.163667442688236e-05 0.0001933207513395394 0.0 3.992992541190934e-06 6.726624251774112e-05 4.15801740747342e-05 9.301145791335018e-06 0.0 0.0 0.0 0.0 0.0 0.0 0.0 0.0 0.0 0.0 0.0 0.0 9.386538697016593e-06 0.0 4.051597031262409e-06 0.0 0.0 0.0 0.0 0.0 0.0 0.0 1.3329760038706325e-05 0.0 4.773799327673833e-06 4.69936864191402e-06 1.516405004475263e-05 3.2408974465632253e-06 6.552726328325781e-06 0.0 0.0 0.0 0.0 0.0 0.0 0.0 0.0 0.0 0.0 0.0 0.0 2.7606817743036544e-05 0.0 0.0 0.0 0.0 0.0 0.0 0.0 0.0 0.0 0.0 0.0 0.0 0.0 0.0 0.0 0.0 0.0 0.0 0.0 5.4089167669282846e-05 1.17038840669917e-05 0.0 0.0 3.004333069416795e-06 3.775654281241938e-06 0.0 0.0 3.966427266196282e-06 0.0 0.0 0.0 0.0 0.0 0.0 0.0 0.0 0.0 2.134231564233556e-06 0.0 0.0 0.0005144754547327961 8.596548170282104e-06 7.283372643356072e-06 0.0008755239714820281 5.263699372594019e-05 3.0759696009809375e-06 0.0 0.006351551092026146 5.271762793065965e-06 0.0 0.0 1.2250605155860618e-05 0.0 0.0 3.537961260261558e-06 0.00022837663517466042 0.0 0.0 0.0 0.0 0.0 0.0017572429601963064 0.00032324050225193153
0.011315971061344882 0.05475785569918544 0.0029649019323560793 0.004158492105381899 0.05447630285186195 0.0006283571291987218 0.0 0.00021027497844926466 0.012930623120084474 0.01891304208118837 0.006412734374996241 0.011484569247057047 0.08678160038345138 0.057950443889412846 0.0014394628959208098 0.00027687232479517454 2.140134630300253e-05 0.0 0.0 0.0 4.475019289837542e-06 7.995145739121516e-06 7.68740265339782e-06 2.1891687487825956e-06 4.989941616879045e-06 0.0 9.082755657716788e-06 5.8645012127438636e-06 1.2787654253225328e-05 0.0 0.0034712127980544598 0.000659554845165284 0.0012200917929629114 0.0 0.0 2.0162643256982937e-06 0.0023279622658044503 0.00011382575972962081 0.00031737675719907896 3.70894228468821e-05 2.3195977611404756e-05 1.5368988786411218e-05 3.1441016357318824e-06 1.5580592017767962e-05 0.0 0.0 0.002905857254925982 6.615574075030179e-05 1.0538229843766959e-05 3.55128635743085e-05 5.434221454833217e-05 9.347547847343055e-06 3.907592640505741e-06 9.581978048885279e-06 0.0007707508479737905 0.0011863215876452393 0.003147352272671735 0.006835997205022763 0.0014805896535112 0.0021228401690124936 9.838845948661581e-06 0.0002030760211598344 0.0 0.0018626080019600473 0.0003359214111760527 0.00020474834517970585 7.429718016998945e-05 3.824462251257272e-05 5.370393393346612e-06 0.0 0.0010994498257538917 9.452551945171295e-05 0.0 0.006111943738437432 0.0018358471949297297 0.004429125148387047 0.0019132745033413464 0.0002706075579335866 7.83790435326614e-06 0.00016586916007156575 2.3659039855989277e-06 5.4566320649157805e-05 0.001377501778341271 0.0 0.00019060039583105023 0.0003046422216043368 3.509566599457898e-05 2.6567838663477467e-06 8.497881598195346e-05 2.0709225844780198e-06 3.690370497616822e-05 1.0454213379922544e-05 3.6426575779305568e-06 7.279575055891232e-06 2.3366595717556135e-05 0.0011335454152066645 0.00023673509160875575 8.41723125250503e-06 0.00043386023760090715 0.002384263688357585 0.0001457204868860608 0.00013220926211371614 0.0008418030333738469 0.0012365976649980363 6.713467874092113e-05 0.0012852399053654997 0.0008040615184523277 0.0007153127039993087 0.003011778903117707 0.0013013992767485982 7.661438563989218e-05 0.0020040495512243465 0.002087386896573517 0.0014466164923605204 0.000566222079630067 2.334354420775448e-05 1.6843028061816808e-05 0.0 0.0 0.0 0.0 0.0 0.0 0.0 0.0 0.0 0.0 0.0 0.0 0.0 0.0 0.0 0.0 0.0 1.6744271726346106e-05 4.1548472718332194e-05 0.0 2.368495914239971e-05 0.0 0.0009583583026234432 0.00010099803407353787 0.0009930141528689648 0.00012291012144016855 0.0 0.0 0.0 0.0 0.0 0.0 3.1795159400549483e-06 0.0 2.008335436633453e-05 4.322409121003318e-05 2.566948258992553e-06 0.0 4.451485649411433e-06 2.1771411898096374e-06 2.7605601661657356e-06 4.6300352152914845e-06 2.5161861297911534e-05 2.8116336604657347e-06 3.935848065762361e-05 7.953214312339048e-05 5.213408986436694e-05 0.0 0.0 0.00034037199674337345 0.0 3.0496676878725485e-06 1.2709065737314287e-05 3.50681111014473e-06 0.0 0.0 0.0 0.0 0.0 0.002037503534987283 4.601842377829748e-05 1.1505698126951952e-05 0.0 0.0 7.688745064542371e-05 0.0 0.00011466793945373253 8.009140415524745e-05 6.430806562995513e-05 5.643313252553064e-05 0.0 2.2819025085497674e-05 2.8920349315646777e-06 0.0 0.0 0.0 0.0 3.2785763833079916e-06 0.0 0.0 0.003295897254057041 0.0010007096942090735 0.000990206971703178 0.011470636798555764 0.000318469913805794 0.01404095446195512 0.0040541689849711154 0.006419743063465601 0.0015188251756989392 0.00013224540249941487 0.0006594896783125673 0.00034085950827435793 0.0 0.0003077628369907921 5.054283898569204e-05 0.0006815547822577424 4.4562954138999646e-05 0.0 5.724570012594632e-06 0.0003604095829759031 9.178176460686714e-05 0.0036407981818072713 0.000676423676046701
0.000897681306473548 0.0072365900722667865 0.053179591575825136 0.0001540520071350947 0.0014270099580118887 4.536139882710825e-06 0.00021027497844926466 0.0 0.009553870912109382 8.035530185878592e-05 0.05468349733826553 0.0003045252536020686 0.0018116064469003946 0.022456281151248744 0.001049478482935762 0.001547533639010208 0.0002605500751025542 0.00024673161455712316 5.382986603287235e-05 7.924969676875509e-05 0.00022948180692421703 9.292526547875492e-06 0.0007651396407385989 0.00037753787585418844 0.00011422787800517344 9.459401225377556e-05 0.0002446616277292544 4.279857989362718e-05 3.650723446653768e-05 0.00010425117102768372 0.0187174306968238 0.057168454650030655 0.006575384369173863 0.00024210978448107698 0.0003672205230427014 0.0002677283476416571 0.0008996033139998535 0.0010626875667459066 0.00024355514651502015 0.0001172239408818113 0.0006834471633205946 0.00018667545173431697 0.0006468389267726743 0.0006832106174802075 0.0 0.00018404457316437242 0.0011015722896235368 0.00020189913033767093 0.00021953113115319564 0.0013459230158480583 0.0009617068365625715 8.039342270488433e-06 6.233227159719584e-05 1.1521181917213137e-05 0.00013602284890058404 0.00013741217063790748 0.0007850874001075277 0.00327011996184821 0.00026894449669750747 0.00036527844440276114 0.0033912312687929378 0.011408331670720364 0.0003811067279248077 0.006517531409000725 9.468226506668682e-05 0.0013120337155223928 0.0005705226197466305 0.001552731749661417 0.0038897340389962257 0.0008935678384603989 0.00022089045394312287 1.2676979830588307e-05 2.934668779123075e-06 0.001048947172014741 0.001980841650454398 0.0021682453556878824 0.0066141750513977115 0.010237467472443897 0.009975961295064664 0.049277437610090825 0.004745920635300006 0.04032547812180452 0.0002771927239409464 0.0 0.0004241254669884684 0.0002459758948264952 0.001027290814285923 2.425256066682199e-06 7.076142565849464e-05 0.0 9.038962108508373e-05 1.036295096670413e-05 0.0017842717062935033 0.00044454386191752497 6.866849032225241e-06 1.356197002609983e-05 7.3220165408501e-06 8.436900922881954e-05 0.00012431486086496898 0.0006384786432436335 0.0 0.0 0.0 0.0 2.9066055241033803e-06 1.0307658960596513e-05 9.423448533113433e-06 7.85136064172831e-06 2.0624357564370058e-05 4.16019376294945e-05 0.0 2.4693529891975766e-05 5.072060685991765e-05 5.7317690779568685e-05 3.0950422477989645e-05 6.831943089790199e-06 0.0 0.0 0.0 0.0 0.0 0.0 0.0 0.0 0.0 1.0720806258355466e-05 0.0 3.0896315425495125e-06 0.0 0.0 1.0408903243979456e-05 5.937321298920368e-06 0.0 0.0 2.841558985448845e-06 0.0 0.0 2.5438995471923435e-05 0.0 3.884911376245645e-05 0.00012700828491002405 0.00014397453188421828 6.96486798938943e-05 4.645438213260868e-05 1.5927616945315756e-05 0.0 0.0 0.0 0.0 0.0 0.0 5.2351317078633485e-06 1.2290248639371825e-05 0.0 0.0 0.0 4.36144823620183e-05 6.81649042729512e-06 2.0374811509757018e-05 0.0 0.0 0.0 0.0 0.0 0.0 0.0 9.688385134589415e-05 0.0 0.0 0.0 7.396773543528749e-06 7.66265712859469e-06 2.865105216881468e-06 2.022233512036701e-06 1.8772976491105978e-05 6.745216586668629e-06 5.270945951518339e-05 1.0514257441738838e-05 3.624148098853907e-06 0.0 1.5333612255107697e-05 2.297817628221617e-05 1.3358952986810513e-05 7.692516140943494e-05 0.0 0.0 1.3208902464675628e-05 0.0 0.0 0.0 0.0 0.0 0.0 2.4450928476955844e-06 5.44493879716578e-06 3.812263542033263e-05 5.478092666069315e-06 8.896300408696405e-05 0.00010209407069811804 0.00018273806440052072 0.0014716633383114242 0.00020757396430065754 0.0033357819139261534 0.0010449632289097322 0.0004759357074215283 0.000176692567119381 1.0793778310985597e-05 0.00019583957047613034 0.00011727270165303972 2.860251383870136e-06 2.132999097058388e-05 2.2256801844483073e-05 5.239807797832719e-05 0.0 0.0 1.3003236417515736e-05 0.00012177583403729774 5.551166496002103e-06 0.0002975855159326313 3.596701890590969e-05
2.7277769450164693e-05 0.008036172829277216 0.013932790229942852 2.293044027901796e-05 0.05997106531927522 2.4389595935472885e-05 0.012930623120084474 0.009553870912109382 0.0 0.00033298194942044996 0.020417209125725564 0.00010721831463573399 0.0058091884549087555 0.023831380846921067 0.00035016264449397273 0.00010460610275757242 1.3334682073002944e-05 2.805489948787028e-06 0.0 0.0 0.0 0.0 0.0 0.0 2.58723866599064e-06 0.0 3.357192179733147e-06 2.8253781430770145e-06 0.0 0.0 0.00032479133337656854 0.0003478108331672903 0.0004468426544394011 0.0 6.460866017173026e-06 2.486699828722688e-06 0.00039582549545029975 5.699487958167387e-05 2.947420968008451e-05 1.5323982408500296e-05 0.0 3.4729566916287366e-06 0.0 1.0308297604426939e-05 0.0 0.0 0.0007849410663805658 8.439025760156327e-06 2.2326426962756524e-06 6.893329842551189e-06 9.002876213887834e-06 0.0 0.0 3.315845412840675e-06 6.282516088696263e-05 0.00011844868364935796 0.0002808892318547387 0.0003514639795782727 0.00012082965906975472 0.00026774734082523423 0.0 1.6113130387048858e-05 0.0 0.0003484907912378449 2.630523678435945e-05 3.6129324849260426e-05 2.1174752778889937e-05 6.057757074232829e-06 0.0 0.0 0.00023359855192168645 0.0 0.0 0.0005825055477984971 0.000445555138509376 0.0008976835401530785 0.0007132738573536765 0.00013740454923171424 2.479670199835616e-06 0.0004141529064742489 0.0 3.0280938725854368e-05 0.0001860985101313122 0.0 3.0111954302798232e-05 3.374679356518367e-05 5.153790483153078e-06 0.0 1.802913794900014e-05 1.7806530177949742e-06 5.750103349680368e-06 4.7089252158585115e-06 4.1995724855736705e-06 3.8059587354212087e-06 2.463348932766129e-06 0.0001206434300391514 1.0689050340925219e-05 0.0 1.7626495922551526e-05 4.726919617843663e-05 1.2752149713355576e-05 0.0 2.7326673793842402e-05 3.5983935447787155e-06 2.5862971734785202e-05 0.0001813876728312144 6.863070086445046e-05 2.1178558060858757e-05 0.00026963830365110236 0.00022140419219092674 1.5865746837804678e-05 0.00015717154861361933 0.000360998792416255 0.00036505815739903654 9.951460732840031e-05 2.4508623266806647e-06 0.0 0.0 0.0 0.0 0.0 0.0 0.0 0.0 0.0 0.0 0.0 0.0 0.0 0.0 0.0 9.262353599764263e-06 0.0 0.0 0.0 1.4468111538679869e-05 0.0 0.0 0.0 0.00012028116159971673 1.5386280260482683e-05 0.00019978145087562628 2.1557152838740528e-05 1.3030721185736126e-05 0.0 0.0 0.0 0.0 0.0 0.0 0.0 2.9342427834026685e-06 0.0 0.0 0.0 0.0 4.02131601034526e-06 0.0 0.0 0.0 0.0 0.0 0.0 0.0 0.0 0.0 9.424926822203288e-05 0.0 0.0 0.0 0.0 0.0 0.0 0.0 0.0 0.0 0.0005241512296595862 0.0 0.0 0.0 0.0 7.869711019447641e-05 0.0 4.243931510874659e-05 0.0 0.0 3.17216663950248e-06 0.0 4.32385236512504e-06 0.0 0.0 0.0 0.0 0.0 0.0 0.0 0.0 0.0006334156681929676 0.0001926081381438393 0.00024011860703635854 0.0019139919635499292 4.811589415026108e-05 0.002485230915385933 0.0008957530552070119 0.00019242828331028392 0.0002608654642518587 7.081824432414215e-05 0.00012518453917243326 0.00010306933508771169 0.0 1.8912405624870448e-05 1.1510972709430978e-05 8.074368142260524e-05 0.0 0.0 0.0 8.041378970717203e-05 2.491083597490812e-06 0.00037177955687275736 0.00011599118953462107
0.024733105129608555 0.015395546151805528 0.0013525878077303658 0.01682167841680968 0.006093113424776036 0.012033955666637484 0.01891304208118837 8.035530185878592e-05 0.00033298194942044996 0.0 0.0001712737373480988 0.09033685209703851 0.07270862659461373 0.003665488971756328 0.0002904236886470369 4.476974113548951e-05 2.2399703123168996e-06 0.0 0.0 0.0 0.0 0.0 0.0 0.0 0.0 0.0 0.0 0.0 3.5961079273461563e-06 0.0 0.0006518456091819647 5.740814544474417e-05 0.005362985336337622 0.0 0.0 0.0 0.016483731178788232 0.0004951711354934027 0.0008657930035284316 8.844606947225641e-05 0.0 5.669976107848203e-06 0.0 4.706271311485404e-06 0.0 0.0 0.0005764776118236934 2.3234340134878204e-05 0.0 2.6538403688248036e-06 1.4150997946107949e-05 9.917420999190655e-06 1.007588511167866e-05 2.6976863805603635e-05 0.00016097362826978355 0.0002505861805234433 0.0014734382900515191 0.0027656101091749078 0.0004251369312212915 0.00037489408748043936 1.4153695219503495e-05 0.0005325784079821127 0.0 0.00025449772551586913 6.48413594596269e-05 4.608094896789748e-05 1.7846147605072467e-05 6.885768943139243e-06 3.2700760549099925e-06 3.6783167073802913e-06 0.012569527898570451 0.00024373804155202356 2.886402729525624e-06 0.0012703616729173766 0.00025025400791220496 0.0006475154174199348 0.00030253920366987784 4.4277935371783334e-05 2.5748610070865424e-06 3.265881903202474e-05 0.0 7.797247818355789e-06 0.0002321130121608306 0.0 3.126924617407137e-05 7.062391752759908e-05 8.323826619428255e-06 0.0 1.2532173287791614e-05 2.701355329908647e-06 2.535695107447435e-06 0.0 1.156114542213992e-05 0.0 0.0 0.008082450570955305 0.0007604467844450543 2.6289703329572556e-05 0.0011359144097597377 0.010162153291670596 2.216273006293612e-05 0.0002618366788841072 0.0016356412405428439 0.0010966628514048095 0.00016740955849805502 0.0014038838148442408 0.001340316212317395 0.0002552876971560938 0.0018441442076017848 0.0023585398063240147 8.287811339369251e-05 0.0010605217196889404 0.00323806598381625 0.001568312541211663 0.0004948826695884029 3.532865889775256e-05 2.2482281938894586e-05 0.0 0.0 0.0 0.0 0.0 0.0 0.0 0.0 0.0 0.0 1.1882870121097587e-05 0.0 0.0 0.0 0.0 0.0 0.0 3.0253203186754216e-05 7.079077756805606e-05 0.0 0.0 0.0 0.0010655173895142832 0.0001772017825727198 0.0013907400725870285 0.00020694014579860016 2.890141139259846e-05 0.0 8.86905322577394e-06 0.0 0.0 0.0 0.0 0.0 4.436885887707639e-05 2.9906286681762525e-05 0.0 0.0 0.0 0.0 0.0 0.0 6.0217894651234905e-06 0.0 2.3524414016335013e-06 1.5616831033017725e-05 4.7659781441772204e-05 0.0 0.0 0.00046614648507779165 0.0 3.1995916004419257e-06 4.480879354119491e-06 3.5300261281559853e-06 0.0 0.0 0.0 0.0 0.0 0.002056900717796223 1.352388467964479e-05 0.0 0.0 0.0 5.478593858078628e-05 3.9834360371964805e-05 0.00016446181186016554 4.374044419018988e-05 2.1101243335106767e-05 6.76441080664956e-05 0.0 2.5412648091291523e-05 0.0 3.9130623835857405e-06 0.0 0.0 0.0 6.035125439523411e-06 0.0 0.0 0.004886643985508466 0.0012173046759157552 0.0012749189057088756 0.013066004808527201 0.0002511946073372382 0.004529393527512442 0.002010043703605046 0.023128899780358748 0.0007793803830072648 5.7917520908790774e-05 0.0007562741294329075 0.00031412009056610695 0.0 0.0002216846736490455 3.3359994872182246e-05 0.0011154301108794575 6.724423676098053e-05 0.0 0.0 0.00020475041570077712 2.137807794808868e-05 0.010744549209750246 0.004003060561120544
0.0012198571987285343 0.016877402195111697 0.03702293243892739 0.0002674867631252884 0.01406515196407408 1.3757460091744755e-05 0.006412734374996241 0.05468349733826553 0.020417209125725564 0.0001712737373480988 0.0 0.0022408062668375405 0.01893008308376624 0.09498908465192207 0.0016998584461471638 0.0015291238450306345 0.0001899290814864678 3.087877545392008e-05 0.0 1.88557384010513e-05 6.458097779465761e-05 4.7376153281275356e-05 0.00039215622205847356 0.0001875839941070142 7.26977752155957e-05 9.544719599295568e-05 0.000304503350496986 2.048420916935845e-05 1.851267649280394e-05 9.237370122425522e-05 0.00580166833356991 0.004574334482728393 0.02686172149595735 3.603885934182932e-05 0.0001459420990932211 7.479315145835085e-05 0.006552983879812285 0.0021602622661872485 0.000933410157047981 0.00023998193970489786 0.00033010755676238815 4.9256525321914126e-05 6.983619198303647e-05 0.00015854243449427922 0.0 1.635627216609838e-05 0.0018658611901525948 2.562698951681497e-05 4.852219333947689e-05 4.6271355939287455e-05 0.0003186462461304019 3.433740323038516e-05 8.270154236458612e-05 2.484336916500136e-05 0.00013655144925770244 0.00019712450280156857 0.0007710483092785695 0.0015807586502483008 0.000331388179990722 0.0005874308022450326 1.767555293218321e-05 0.004566311372188926 5.0942421922182914e-06 0.0023577442306366393 8.475247655134732e-05 0.0002789043194850116 0.0001659943496513378 0.00013657670331926867 0.0001997481126883774 0.00011812111672337758 0.0018023471072728147 6.038977535553954e-05 0.0 0.0014457793236821266 0.0014980565162812836 0.003031757216662445 0.003178732386330543 0.0011160600574721367 3.57325142075789e-05 0.01889480970043634 3.669908957855191e-05 0.0008267579552250243 0.000339506245430941 2.2661798913775167e-06 5.743720426365396e-05 0.00012651786415703443 2.411857994137648e-05 0.0 4.645100337098554e-05 0.0 3.346287336328573e-05 1.2194732564452606e-05 0.0002881411971067198 0.00024221492235834943 2.6723342665308934e-05 0.00012777660316679547 7.801716751292976e-05 4.1962179266630494e-05 0.0002490508165759338 0.00026482866979426323 5.0556416637467e-06 0.0 1.841144515017769e-05 1.8902878080190975e-05 0.0 0.0002787032739874922 0.00011878851001868126 2.032035051007935e-05 0.0001451189034591816 0.00018239896463719834 1.8509717956023218e-05 0.00021971548727157996 0.0003917046249745709 0.00039526281491092353 9.527632379329784e-05 2.457711466986851e-05 5.495276941710315e-06 0.0 0.0 0.0 0.0 0.0 0.0 0.0 0.0 3.160441229710852e-05 0.0 3.683613673870897e-05 0.0 0.0 2.4234168703806135e-05 1.385615592043415e-05 0.0 0.0 0.0 0.0 0.0 3.2426624608514295e-05 5.615079844070334e-06 0.00023017933312123625 0.00011710340350407127 0.0003230336615687891 0.0001824556939416746 7.391209332924874e-05 0.0 0.0 0.0 0.0 0.0 0.0 0.0 0.0 4.0124721223445065e-05 0.0 0.0 0.0 8.355366461196705e-05 7.94540881513805e-06 0.0 0.0 0.0 0.0 3.941308907700256e-06 0.0 0.0 0.0 0.00013208937229843614 0.0 0.0 0.0 0.0 0.0 0.0 0.0 0.0 0.0 0.0004793603335346512 4.295154173626835e-05 2.4429504879371454e-05 0.0 2.471122480288098e-06 3.206956464877446e-05 0.0 8.462543067248986e-05 0.0 9.866317251500005e-06 3.4880865521942994e-05 0.0 0.0 0.0 0.0 0.0 0.0 0.0 4.604778355723796e-06 0.0 0.0 0.0004151060795931627 0.0003977990645472829 0.0003836358837531217 0.004751006013948263 0.00021222184114705513 0.006152181582859406 0.0025180000316350265 0.00043093922901460175 0.00033613496548879414 8.113257441969023e-05 0.0003117293170692657 0.00018776681569647956 0.0 4.966471875810999e-05 2.9540651197335782e-05 0.00021766131369864273 3.0330206984595336e-05 0.0 1.5892567080681248e-05 0.00020356774822974987 5.559152796559148e-05 0.0005886554122823855 0.0001158760710113097
