0.0 0.029700041601786985 0.012679042170945426 0.03992994053338973 2.096528480532356e-05 0.002621996156807436 0.00935148923371422 0.004091424361694255 2.6764088391442884e-05 0.03929373896382581 0.0008704539093795081 0.0007312840565400067 0.0016247344032776854 0.002837396984623597 1.4241116412486787e-05 3.846426014275423e-05 9.258332162058247e-06 0.0 0.0 8.750521194136317e-06 1.2631852535156177e-05 0.0 6.172749870289904e-06 3.302329952251219e-06 1.3454562068007026e-05 3.3109696714492196e-06 0.0 6.704946088901471e-06 3.4560865420975104e-06 0.0 0.034603064951613506 0.0011855364397532055 0.0013200437560279075 0.0 1.2533928575710495e-05 2.6425457536737378e-05 0.0001915457010939055 2.2715591360106234e-05 5.264579361190592e-05 3.133302543273808e-05 6.7459694659466745e-06 1.4941708941600422e-05 0.0 1.4919239098393213e-05 0.0 0.0 0.00026264595446620826 0.00013259623593241766 1.804148600869386e-05 0.0 3.035247305194094e-06 0.0 0.0 0.0 3.0432447970830985e-05 3.5252669291733764e-05 0.001325004190876151 0.01108654512087532 0.00028027694897314354 0.00017057441899132674 1.2070459457419259e-05 0.0002087675387270586 0.0 0.0004215206855504683 2.2548795729510476e-05 3.0703425709667923e-05 2.2350402739968858e-05 2.6829220358453178e-05 3.338134218334853e-06 3.331456710125311e-05 0.0002840321171993335 4.8880942676387904e-05 0.0 0.0003904993810366229 0.0007145542629176791 0.00021177448821647435 0.0001704801937569511 3.514376314961705e-05 0.0007712650729103796 0.0018295705847883052 1.5202466042813368e-05 0.0005383251656006 4.1951724795373776e-05 0.0 2.7811779257557826e-05 6.239169037723878e-06 3.105662867996493e-06 4.1006020225012556e-06 3.6095482074511236e-05 0.0 1.5996666624069748e-05 3.24967788010499e-06 2.852423512334939e-05 1.8808379136359525e-05 0.0 0.0034221999144634237 0.0003829272785173708 0.0 7.857970637521567e-05 0.036281614894176285 0.0 0.0001086836511459998 7.434594629789636e-05 4.8752894940381825e-06 3.626173104015654e-05 6.598544246380865e-05 0.0003119626629536435 4.117309750870682e-05 0.0004184073414990773 0.00035859300683055136 8.107489780103407e-05 0.00043591522655993183 0.0003783993779581024 0.0001237387943129139 0.00015084814467979695 5.869096003696962e-06 0.0 0.0 0.0 0.0 0.0 0.0 0.0 0.0 0.0 0.0 0.0 1.2592062690514405e-05 0.0 0.0 0.0 0.0 0.0 0.0 5.489022974174272e-05 3.4197928569516836e-05 0.0 2.1555894295650574e-05 0.0 8.919128640454486e-05 0.0 0.00011811441470482686 4.957949249248269e-05 4.462878632501084e-06 0.0 0.0 1.4238391616373371e-05 5.725835672121289e-06 0.0 3.261154474212185e-05 0.0 0.0 0.0 0.0 0.0 0.0 3.757475576632764e-05 0.0 0.0 0.0 0.0 2.981374181579376e-06 1.8418442694372444e-05 0.0 2.571529317060116e-05 0.0 0.00010310298289231332 0.0 0.0 0.0 0.0 0.0 0.0 0.0 0.0 4.073982268425838e-06 0.00013694463194106998 8.070582740211416e-06 0.0 0.0 0.0 0.00016444878631456748 4.049971778609392e-05 0.00017381757079856615 0.0 6.527483211226385e-06 3.1980496606551687e-05 0.0 1.5954082922141213e-05 0.0 0.0 0.0 3.874851863644733e-06 0.0 0.0 0.0 0.0 0.00024850784633003136 1.6591277086107996e-05 7.30470811924169e-05 0.00999551093837742 6.991911593375704e-05 0.0029684532343962513 0.00019543236657850398 0.02531541039697825 0.00012686351161627073 8.039347120363292e-06 0.00011047879649963945 0.0005943957554266572 8.026199287464246e-06 3.121905203103494e-05 3.6738131239109985e-06 0.0012575380548061606 1.1236781262910238e-05 0.0 0.0 0.0 0.0 0.005733151990567855 0.0010446889574671353
0.029700041601786985 0.0 0.044144959718068054 0.04536066594493227 0.005224878836775763 0.002768446209723891 0.029044336904755365 0.01684126075369522 0.01977559374127707 0.07711277965256189 0.012836119393202998 0.005235943673190351 0.019619410494690865 0.05073997282630075 0.00043540654941512505 0.00044487561425908637 4.812016832707753e-05 0.0 2.9041937440228435e-06 5.935681791612414e-06 2.427269678626757e-05 0.0 1.3452997166780885e-05 9.549515078457167e-06 2.2923242083141064e-05 2.525967123213911e-06 7.39327069102947e-06 7.842370716937588e-06 1.0049352601091415e-05 6.352007298394063e-06 0.04927814078135132 0.003134075269782451 0.00388139054558285 7.032603289574824e-06 2.679575210735952e-05 7.953144859785507e-05 0.0003357564733387171 4.509974795656333e-05 8.056352789451342e-05 4.687218092082675e-05 2.2055602016561424e-05 5.9647085563960634e-05 6.51139403799268e-06 7.722707381803736e-05 2.9721397458313895e-06 1.3527733629260193e-05 0.0023740344472762995 0.00043148408611292586 0.00010560697816162421 1.2371694102789284e-05 0.0 0.0 0.0 6.696084417077083e-06 4.447930029507055e-05 4.28240859836108e-05 0.0007785491635027705 0.01022570041144524 0.00034869627942255374 0.0007103898209129495 2.683564034337175e-05 0.00045774284079401733 1.5108059834881082e-05 0.0024682450658530634 5.478616058596277e-05 5.738891478926695e-05 3.38652812830381e-05 9.057910375740252e-05 2.520748074657015e-05 5.725616694117731e-05 0.0007747511559235011 2.3386923585341896e-06 0.0 0.0009478001825747243 0.00214632626665713 0.0023268250244208107 0.0022149329590297486 0.00046453014150007105 0.0016803354220563582 0.004802493758281954 2.6953014799846594e-05 0.0011114976136935666 7.048457051573963e-05 2.5981385455470635e-06 3.875383385060797e-05 3.058898073663953e-05 3.272731248623851e-05 1.884618097608062e-05 2.7123634588908576e-05 3.314816295598337e-06 2.1782072758591187e-05 5.364493052086283e-06 9.326496372212696e-05 4.80355230423322e-05 2.4679663463982977e-05 0.0014661169102950314 5.945385385704869e-05 0.0 3.4483823729812e-05 0.011415069264139006 0.0 3.141225232759395e-05 2.9134361883707512e-05 6.0120181019357034e-06 4.093588985157358e-06 2.0403331957654494e-05 9.810153153153882e-05 3.453952343825549e-05 0.00015202691718918678 0.00014109499212293556 4.713028499130219e-05 0.00019762942258311406 0.00022624149478230458 5.749406645813752e-05 0.00012450246278302172 3.059496513692863e-06 0.0 0.0 0.0 0.0 0.0 0.0 0.0 0.0 0.0 0.0 0.0 0.0 0.0 0.0 0.0 0.0 4.231220831105359e-06 0.0 2.097223106966552e-05 6.536476764929991e-06 0.0 1.1965794336995833e-05 2.7244185651341734e-06 0.00010116769785686469 1.1621234622161722e-05 0.0001334101653355524 4.375559307444435e-05 2.027626480710371e-05 0.0 0.0 0.0 0.0 0.0 0.0 0.0 0.0 0.0 0.0 0.0 2.770860332068856e-06 7.44097116025305e-06 0.0 0.0 0.0 0.0 5.7221833345261006e-06 2.099855315344257e-06 0.0 1.6377610968462298e-05 0.0 9.007989589793611e-05 4.243697605735691e-06 0.0 2.2042052921604e-06 0.0 2.392781610338987e-06 0.0 0.0 0.0 6.234171047326366e-06 0.00012969675935775612 1.0292777635966018e-05 2.6348239656376017e-06 0.0 2.493775671764814e-06 0.00015212835078753814 1.2467751746429972e-05 0.00012234313477260103 4.635739997478644e-06 2.6145162363935092e-06 5.249662626183778e-06 0.0 5.763830550302823e-06 0.0 0.0 0.0 0.0 0.0 0.0 8.155410662638063e-06 0.0 0.00013320437531190186 2.730646052432823e-05 6.068622386940659e-05 0.00671503852298578 0.0002766414700008289 0.01048384535282231 0.0009006890918052538 0.012988795467948327 0.0006369719833553177 4.337266197322464e-05 0.002067696725780831 0.0001428037178189123 0.0 1.5808262958824527e-05 2.3594011834242006e-05 0.0003701015712686333 0.0 0.0 3.3647816384827224e-06 0.00010062124924261171 9.146822080881472e-06 0.002336122292107514 0.0005092035405110007
0.012679042170945426 0.044144959718068054 0.0 0.018021072442577567 0.006230309493898901 0.0007246646277371718 0.02603637084006839 0.0526376112409677 0.015889627120390198 0.014619619490164996 0.03194122256421247 0.005407627822863171 0.01638282028084986 0.10098794756267211 0.00041067274240727026 0.00048182677259197296 5.100828496277045e-05 0.0 2.8531049089780976e-06 3.540422091640696e-05 7.882221489343434e-05 3.542159645800202e-06 6.817705574070609e-05 3.276903063532882e-05 0.0001294914146954674 2.6947546486217347e-05 1.5246991154172128e-05 6.3785773367452934e-06 3.1414675501112922e-06 2.207560375488386e-06 0.04844138244332593 0.016436435182241253 0.009442824877247725 2.4408482909953237e-05 8.306446179849863e-05 0.00016698832687056194 0.0006420945532450339 0.00013790735322614665 0.0002972434589197989 0.00015568617733493985 0.00015969794671902274 0.00015767001008707904 2.8723121109821227e-05 0.00015261806107154488 5.515994961035308e-06 1.6856708505472294e-05 0.002095775606614864 0.00031140269727883267 0.00011246948066101506 1.4857108588220882e-05 2.171535113650045e-05 1.1362981196498136e-05 3.5510610486008216e-06 1.68847498380376e-05 3.449659047816416e-05 2.5832172758005553e-05 0.00043419473591864763 0.008140388779082611 0.0002202334474898207 0.00042961024180797856 0.00015134098435022478 0.0010214832980362208 2.110391928637857e-05 0.005985259885616136 3.070255370834665e-05 3.2691816499247936e-05 3.681690549205859e-05 4.4209614541015674e-05 5.716333062684515e-05 0.00012259924438967273 0.0009254434484644749 3.22394739264419e-06 0.0 0.0007695560397673721 0.0017319694253794475 0.0020282030820153504 0.0029910777883607833 0.000819712232788267 0.00652479359325215 0.02143905429007524 0.00015798727337314831 0.0046330980144487265 6.700227421827956e-05 0.0 1.968597441268005e-05 5.606219847746448e-06 3.463303205894986e-05 1.603661560063203e-05 2.0473948879540624e-05 5.740232014545695e-06 1.2650506124489291e-05 3.887529165296464e-06 0.0003307843369899187 0.00018525018021888742 4.047812888887806e-05 0.001184818044834522 3.7523768650902684e-06 0.0 0.000106474408964528 0.002674557994082205 5.326168261191117e-06 5.9441153673682915e-06 5.296259364727325e-06 0.0 0.0 2.23378602324145e-05 2.0936039894598683e-05 2.0229630209724174e-05 0.00010087504655846982 8.329947426719118e-05 5.424073665646852e-05 0.0001637102792012871 8.956681298309467e-05 4.980290018786618e-05 9.89469678068411e-05 3.068844109917658e-06 0.0 0.0 3.2518406181148514e-06 0.0 0.0 0.0 2.7438661499451812e-06 0.0 0.0 0.0 0.0 0.0 0.0 0.0 4.928177455854814e-06 0.0 0.0 0.0 3.530862735553054e-06 0.0 0.0 0.0 0.0 7.532743038048692e-05 7.038152521265608e-06 6.854741396409642e-05 1.1623369902114712e-05 4.929939347837459e-06 0.0 0.0 0.0 0.0 0.0 1.1083824076946978e-05 0.0 0.0 0.0 0.0 0.0 3.1082842803654724e-06 1.98474157221857e-05 0.0 2.679697503096825e-06 0.0 0.0 0.0 1.2813417064084361e-05 0.0 0.0 5.565642040078673e-06 7.875162688571417e-05 0.0 0.0 0.0 0.0 0.0 0.0 0.0 0.0 0.0 4.7166485111039056e-05 5.387036948840812e-06 0.0 0.0 0.0 5.158785527415686e-05 2.2075729188280024e-05 5.3306191706070066e-05 4.331892052347356e-06 0.0 6.989230584542374e-06 6.1866721452020975e-06 6.738036583697554e-06 0.0 0.0 0.0 0.0 0.0 0.0 0.0 0.0 9.438980735972598e-05 2.877925286662927e-05 5.014622262601638e-05 0.005100287825295593 0.00019494869685899357 0.007588762738942678 0.0008415642767883767 0.004034356960573453 0.00043031080022253666 3.1327476201047304e-05 0.0016356205468184603 6.250960858644595e-05 2.928640775340441e-06 1.717596541288295e-05 7.713075927515242e-06 0.00019728510791063595 1.2765065090056809e-05 0.0 4.697448652049939e-06 8.796904591898587e-05 0.0 0.0008093924653385044 0.00024032048759417557
0.03992994053338973 0.04536066594493227 0.018021072442577567 0.0 8.603600121135932e-05 0.0024121129231761064 0.012786622872301888 0.002331593696152154 6.43180190937731e-05 0.05710404822525553 0.0008155792233941421 0.00021322150472391765 0.005414151777922103 0.002123315805512443 9.025016476471062e-06 6.4894671154554485e-06 6.510533477528432e-06 0.0 3.728241649130635e-06 3.1762013680080714e-06 0.0 0.0 3.0024451199951702e-06 0.0 0.0 0.0 0.0 0.0 0.0 0.0 0.008156231966401606 3.856478512904181e-05 0.00038940843749046643 0.0 0.0 8.695210266816285e-06 2.9258032763844992e-05 0.0 0.0 0.0 2.9574216033010605e-06 0.0 0.0 9.83787231118522e-06 0.0 7.83103781999469e-06 0.00023141373463277839 0.00011511452630435456 4.160059116409014e-06 0.0 0.0 0.0 0.0 0.0 8.848029538448431e-06 3.5657610937754832e-06 0.0003685964707781415 0.004455589304908393 0.00016005404068988348 0.00014372147736792286 0.0 5.296238979200253e-06 0.0 0.00043042373188220337 2.7792621230437475e-05 4.134146906535459e-05 1.629994315039628e-05 2.1140904248907717e-05 6.38480802748391e-06 0.0 5.990182498239131e-05 0.0 0.0 0.00032254631689104 0.0005665862085923292 0.00021182056678820222 0.00016974790339736534 1.1171778265561007e-05 5.0525702332693476e-05 0.0002689125634634488 0.0 3.429036674202436e-05 4.546510569336919e-05 0.0 6.699768997087537e-06 0.0 1.0861374085304696e-05 8.107697088432793e-06 2.141346893862252e-05 7.113676946770926e-06 0.0 0.0 5.7232903934554565e-06 0.0 3.7297564186014264e-06 0.0005732737113265559 6.578202818612432e-06 0.0 0.0 0.007168378721467575 0.00012683838832629483 0.00018449382807284257 0.001053188872304447 0.001486957878955881 0.0 0.0003723463310707163 0.002080517014015632 0.00014215987381280843 0.0008067974179045113 0.001292652660203582 1.5509323765405917e-05 0.0021889169562451074 0.00196063080682652 0.0009137751120419357 4.449008985531232e-06 0.0 0.0 0.0 3.478467978682212e-06 0.0 0.0 0.0 0.0 0.0 0.0 0.0 0.0 0.0 0.0 0.0 0.0 0.0 0.0 0.0 2.7147596527888097e-05 0.0 0.0 0.0 0.0 0.0 0.0 0.0 0.0 0.0 0.0 0.0 0.0 0.0 0.0 0.0 0.0 2.7919980434865894e-06 0.0 0.0 0.0 0.0 0.0 0.0 0.0 0.0 0.0 9.116831226278232e-06 4.092757630080872e-05 0.0 0.0 0.0 0.0 6.643918269331261e-06 0.0 0.0 0.0 0.0 0.0 0.0 0.0 0.0 0.0 5.874233572550244e-06 0.0 0.0 0.0 2.930912305499881e-06 3.817254013012164e-06 0.0 1.0003459787278594e-05 8.316388097395038e-06 0.0 0.0 0.0 0.0 0.0 0.0 0.0 0.0 0.0 0.0 0.0 1.5185344696259962e-05 0.0 9.631660015902453e-06 0.0008497251360031636 2.6571395236873686e-05 0.002407254846555478 0.00011197320270102629 0.0036290261363271935 0.00012426675471022175 0.0 5.449225578566857e-05 1.9717058181153046e-05 5.237264481443583e-06 6.05280552690583e-05 0.0 0.0003083555308887846 4.387777102674722e-06 0.0 0.0 0.0 0.0002781212202563445 0.0011842851944069035 9.028865430394701e-05
2.096528480532356e-05 0.005224878836775763 0.006230309493898901 8.603600121135932e-05 0.0 3.2055298177908265e-05 0.0067982426630875245 0.002304008480186364 0.017029786106808036 0.0008198401941978063 0.0048413569621494285 0.0002535624591931133 0.005927905007584549 0.028248924328404913 4.1398385248923765e-05 6.48713330543065e-05 0.0 0.0 2.5662094017473306e-06 0.0 0.0 0.0 0.0 2.7619703701252676e-06 0.0 2.445748202045753e-06 0.0 0.0 0.0 2.6901887689934693e-06 8.475655103224444e-05 7.388642552337401e-06 5.78308798806999e-05 0.0 0.0 0.0 1.5512806570301474e-05 3.4703069033392356e-06 0.0 0.0 0.0 0.0 0.0 1.0714999136414257e-05 0.0 2.4214526060721162e-06 0.00011975181809807766 2.0685929862953572e-05 0.0 0.0 0.0 0.0 0.0 0.0 0.0 0.0 9.984980515003501e-06 9.282722925160816e-05 3.7712759128105755e-06 2.1961379278372786e-05 3.6831168288479134e-06 8.376824320648994e-06 2.440904767225936e-06 6.29566827485974e-05 2.7145130711174726e-06 0.0 0.0 0.0 0.0 0.0 2.7565921688463034e-05 0.0 0.0 2.3094829352676632e-05 6.796270129949833e-05 0.00011125301739222514 0.00017006129551344677 6.116767385463757e-05 0.00010851730254089055 8.762608147565293e-06 3.1701495706702885e-06 3.3854987839960295e-05 0.0 0.0 0.0 0.0 0.0 3.118646784616633e-06 0.0 0.0 0.0 0.0 5.007685379762443e-06 0.0 2.277856537346506e-06 0.00016325959201648552 0.0 0.0 0.0 0.0 1.0188428491212203e-05 1.3652401944115131e-05 7.646316654604098e-06 0.0 5.541709847327429e-06 0.0 3.928351391273521e-06 0.0 1.259186174746184e-05 1.2811703015685662e-05 0.0 3.111442643357216e-05 2.030233373591702e-05 2.9810480131462245e-06 8.090022420430293e-06 0.0 0.0 8.475207162469377e-06 0.0 0.0 0.0 0.0 0.0 0.0 0.0 0.0 0.0 0.0 0.0 0.0 0.0 0.0 0.0 0.0 0.0 7.190586132008052e-06 0.0 3.1781101189918622e-06 0.0 1.4544531893222337e-05 3.151715853807734e-06 1.8248000758633386e-05 3.610359634634819e-06 0.0 0.0 0.0 0.0 0.0 0.0 0.0 0.0 0.0 5.392449098262819e-06 0.0 0.0 0.0 0.0 0.0 0.0 0.0 0.0 0.0 3.2226986751032457e-06 0.0 9.978762305199828e-06 0.0 2.89283505314773e-06 0.0 0.0 0.0 0.0 0.0 0.0 0.0 0.0 0.0 5.802063398310584e-06 0.0 0.0 0.0 0.0 3.7118957846682903e-06 0.0 0.0 0.0 0.0 0.0 0.0 0.0 0.0 0.0 0.0 0.0 0.0 0.0 0.0 0.0 2.9169236112122375e-05 9.74574512197334e-06 0.0 0.00035351758679281206 3.2587138689874e-06 0.00034151940401361063 5.0824861606598236e-05 0.00019284103617495219 4.9668232563966883e-05 0.0 0.00010224720345820905 7.266910377427566e-06 2.627686951006614e-06 0.0 0.0 2.7980552492295156e-05 0.0 0.0 0.0 3.4074404340364924e-06 0.0 0.00010103487325102517 5.7193373901375166e-05
0.002621996156807436 0.002768446209723891 0.0007246646277371718 0.0024121129231761064 3.2055298177908265e-05 0.0 0.0005378132463249264 9.598947735038228e-05 8.786311107144766e-06 0.0076380804910442905 6.066675153074129e-05 0.001838608337850869 0.0008846127905757867 0.00033380132801554197 0.0 0.0 0.0 0.0 0.0 0.0 0.0 3.40879915021739e-05 0.0 0.0 0.0 0.0 0.0 4.428626786708651e-06 0.0 0.0 0.001481277029981696 4.851158022359033e-06 0.000710999267046322 0.0 0.0 0.0 0.0008573914554361678 2.413867817098527e-05 0.00013845829393690083 9.913550044174738e-06 3.1063634644779015e-06 2.545710714198626e-05 0.0 3.930504352551013e-06 0.0 0.0 7.859499136020793e-06 0.0 3.7185701726440954e-06 0.0 2.510628074971778e-05 0.0001951825063735733 1.4738082071990885e-05 3.232930545568677e-06 0.0 1.6287162881031276e-05 0.0009637358894003191 0.0019005104702115073 5.7486452463776175e-05 0.0 4.2273592298343145e-06 0.00021599968304417415 0.0 1.842551439211057e-05 7.323159871055237e-06 0.0 1.8447212913538364e-05 1.3706848982721596e-05 1.166076028701389e-05 0.0 0.004604252496346193 0.007005076191914655 0.00030316416941391733 2.7992963117970276e-05 5.117820852367824e-05 7.563176986643934e-06 8.104324531795887e-06 0.0 3.809620714804767e-05 0.00010208784521674523 0.0 9.365030593196189e-05 5.610379119315863e-06 3.258770615638268e-05 3.773340259449979e-06 8.088187931009404e-06 1.0991301658128602e-05 6.148081427186432e-05 2.927940948516687e-05 0.0004440927521911936 7.145115527422764e-05 6.916795440053897e-05 2.004353759759904e-05 1.893669396437334e-05 2.2805968514223667e-05 0.008195896436307607 0.011480206970091202 0.0002906135694293581 0.0010985456952783998 0.008973203552913131 2.345761310466627e-05 2.1661632776479013e-05 2.5174099862021084e-05 3.563765017850211e-05 0.0 1.1340046022433175e-05 0.00012818128721032749 2.601205152865424e-05 0.00019222787425923177 0.00011357782221444941 3.0996078672187416e-05 0.00026634550577415663 0.00019578286493019908 7.35187398841859e-05 7.05993886687228e-05 0.0 0.0 0.0 0.0 0.0 0.0 0.0 0.0 2.9336968020854385e-06 0.0 4.288926433809597e-06 3.6861742418775333e-06 3.049392988841749e-06 0.0 6.771645453324894e-06 1.3061325874836873e-05 4.6871335753515575e-06 2.424204860242405e-05 1.1237866688219023e-05 7.650885924886355e-06 1.5579291886690644e-05 0.0 6.570464638948403e-06 6.479894446370535e-06 3.9562439510943195e-05 2.68927724471154e-06 3.5193637173660784e-05 1.2307059293020842e-05 8.302646380008338e-06 0.0 0.0 0.0 0.0 1.4052579201237685e-05 3.425100124917061e-06 0.0 0.0 0.0 0.0 0.0 0.0 1.1587255900828933e-05 6.607596668494283e-06 0.0 0.0 0.0 0.0 0.0 0.0 0.0 0.0 3.15722755948746e-05 0.0 0.0 0.0 0.0 0.0 0.0 0.0 0.0 0.0 8.222231008924191e-05 2.248094999121263e-05 0.0 2.5742670933458715e-06 0.0 4.2097037408685084e-05 0.0 1.563697564775873e-05 0.0 0.0 5.3858726856263075e-06 3.961465807861577e-06 0.0 0.0 0.0 0.0 0.0 0.0 0.0 0.0 0.0 0.00012580069052875678 3.0758215765969706e-05 3.7990520671114826e-05 0.0022391249586670246 2.5623244819294993e-05 0.00026021076929543506 2.187313990039533e-05 0.0048282305735767705 2.322162358678335e-05 3.183142223944886e-06 1.0717788209342624e-05 0.00020405255852172684 0.0 8.699229959929929e-06 3.8001846703543504e-06 0.00045467286466330047 0.0 0.0 2.9314772758215894e-06 0.0 0.0 0.0007995115735327456 0.0007108565454751048
0.00935148923371422 0.029044336904755365 0.02603637084006839 0.012786622872301888 0.0067982426630875245 0.0005378132463249264 0.0 0.003492137321831385 0.019759800310661327 0.051152269379323045 0.010915452942986875 0.008623746648912486 0.06343762198297623 0.038960356861054285 0.0005069083057278567 0.0005327223869546327 5.6214977186058085e-05 0.0 2.311003196349829e-06 2.3362174723414283e-05 1.4417300826392648e-05 5.456795182402933e-06 0.0 3.982773259994522e-06 6.59737353468331e-06 4.715968695379175e-06 5.471240408489197e-06 0.0 2.2809647061782233e-06 3.447931499206422e-06 0.0044434523846804234 0.00016120462147144193 0.0003557645463596786 0.0 6.479278096199984e-06 1.0507023077008608e-05 0.00012175455988268514 1.9975410414218253e-05 3.7933024540102024e-05 3.270962034492708e-06 2.3834024581503475e-05 1.5092419975305289e-05 5.318039220247824e-06 0.00011294866702067873 0.0 0.0 0.0021887125780232146 0.00026497565077485184 0.00014215384780940285 2.5549436938375363e-06 2.9740555693449814e-06 0.0 0.0 6.685762475864484e-06 2.2455451857157334e-05 4.1301176031019076e-05 0.0004325016802445062 0.004225255691187052 0.0002748128788617785 0.000494548301268734 5.1577963093137424e-05 0.00018785903531120683 9.818640230517544e-06 0.0017790524465262335 5.560718144831595e-05 4.146216532266426e-05 2.4101054184587093e-05 5.252162599055774e-05 7.970413252554088e-06 1.1354333780723587e-05 0.0006214470503086265 2.914476495099724e-05 0.0 0.0006481676428498123 0.0014859349652418129 0.0019208100150825116 0.002185676552323711 0.0005256766397844549 0.00024809591681655186 0.00022895939205893159 3.241119494999691e-05 0.000247704677780988 6.234239838079455e-05 2.5067893346132323e-06 2.1755603607797406e-05 1.954696363143654e-05 3.0073746316629707e-05 2.09604902541656e-05 1.680188891095781e-05 1.761171666283946e-05 0.0 0.0 1.2877814112042158e-05 8.591607065940836e-06 1.348324658475301e-05 0.0026291043107324794 8.521017498103788e-05 0.0 6.446607584864696e-05 0.0010160291317547476 2.4537255996295006e-06 4.1710247410396876e-05 0.00030849806462193116 0.0011707757247537908 5.198077257943925e-06 7.77280506420162e-05 0.00019438845327536482 5.945704918440941e-05 0.00042284821894747823 0.000685552591677776 0.00012389181993600375 0.0004856920827808546 0.0005018746778927551 0.00017431692260481556 0.0002594696178880717 0.0 4.3866604750285795e-06 0.0 0.0 0.0 0.0 0.0 0.0 0.0 0.0 1.0299520461068419e-05 0.0 6.2515351480643925e-06 0.0 0.0 0.0 0.0 0.0 0.0 3.0271637364571062e-05 2.6991601690375542e-05 0.0 3.0126164995292513e-05 0.0 0.000147974592463119 3.0885583083005856e-05 0.00022105933196450519 9.650833311366552e-05 2.1731479832694803e-05 0.0 6.9404840049550736e-06 0.0 2.941586625109009e-06 0.0 3.558298326742508e-05 0.0 0.0 4.220327887119167e-06 0.0 0.0 1.4294985375789859e-05 2.7250507244889844e-06 3.3571437223293976e-06 0.0 0.0 0.0 2.5943381008572312e-06 3.6548147903532286e-05 0.0 2.4019277642738178e-05 1.9109953055144386e-05 0.0002024377637180767 0.0 0.0 0.0 0.0 0.0 0.0 0.0 0.0 1.4575309462758091e-05 0.00021750680544612658 6.723180110804953e-06 0.0 0.0 8.337327777978357e-06 0.00018772446711875593 6.42380056920003e-05 0.00018188875199960804 3.400469623855813e-06 2.1845729895122503e-06 1.76287161122616e-05 0.0 0.0 0.0 0.0 0.0 0.0 3.9362052276013435e-06 2.642656792391605e-06 0.0 0.0 0.00031912812787583135 4.480109332846142e-05 0.0001311874537290912 0.0073764243662458396 0.0001243998370473678 0.008805874252932406 0.0009608860357748936 0.004871829720003857 0.0005926689656575077 2.3030923845539967e-05 0.002088102294530043 0.00024842587134131684 1.125221019468551e-05 9.091427240075513e-05 1.095268897366744e-05 0.0003212621137638835 0.0 0.0 2.2061389842125186e-05 3.7866522374450695e-05 1.2143319411330044e-05 0.0029794831533151846 0.0008466784673944039
0.004091424361694255 0.01684126075369522 0.0526376112409677 0.002331593696152154 0.002304008480186364 9.598947735038228e-05 0.003492137321831385 0.0 0.0061278341173163315 0.001556246502571704 0.016379884643262392 0.005491815075185471 0.018641735908380183 0.055137750076322614 0.00043792044248187596 0.0007677842060960014 5.408782731408921e-05 8.298156571678543e-06 2.686528734821734e-06 3.236874729025925e-05 0.00013926620316106632 0.0 0.00010434170632460344 9.55629124845742e-05 0.00029569464499475074 3.4313542174086945e-05 3.550936904901264e-05 5.138606143785913e-05 0.0 2.949827786451196e-06 0.017545282815745834 0.013122667886135059 0.005735161835044523 2.9629821094364108e-05 0.00020549614880451298 0.00030377170929249306 0.00048073892972608754 0.00019098564930064368 0.00020218602180418794 0.00017419273730214288 0.00016973697966707294 0.00016661984286756872 1.7353500055933952e-05 0.0002874906215065448 3.714921995360557e-06 3.7382097974407445e-05 0.0010990807024115758 0.0001263139419362199 7.406482426315415e-05 1.4593314459505389e-05 1.5933831357104362e-05 3.734878178270448e-06 1.8737236559096754e-05 1.2936004183037722e-05 7.868864205554507e-06 7.268616521234135e-06 0.00015267975287685403 0.002640666334343167 9.543201805532348e-05 0.00023570387629362016 0.00038391085794092257 0.0014387614689655701 2.1655123136844442e-05 0.0032015712974836105 2.2723710416301574e-05 2.2738213678735318e-05 5.765800457867832e-06 1.599828831354988e-05 6.788622957103093e-05 0.0001866464613097604 0.0005518505174514422 4.035537244524062e-06 0.0 0.0003192876683389453 0.0011757311316573928 0.0013183857056319978 0.0028136809726903747 0.0014303189025682078 0.014698090404182617 0.02428884673603802 0.0009816343740568373 0.010705078185383675 3.0434607796622694e-05 0.0 3.0079186340139757e-06 5.308958716030788e-06 2.0713152238171105e-05 0.0 1.1845331473169596e-05 0.0 8.489817552928037e-06 0.0 0.0003741134916720293 0.0002029436694712797 1.7871270809939583e-05 0.0003167711008158518 1.2406238002459359e-05 0.0 8.948890615512452e-05 0.0005353594701775103 0.0 0.0 0.0 0.0 0.0 4.126841524092104e-06 5.801745134469562e-06 5.333799936876971e-06 1.953344095445807e-05 6.872230764131371e-06 0.0 3.8626480678631405e-05 2.5158220576509988e-05 1.3968028771597913e-05 2.150744205811232e-05 0.0 0.0 0.0 0.0 0.0 0.0 0.0 0.0 0.0 0.0 9.314194538687135e-06 0.0 2.4011794074146967e-06 4.285275760339069e-06 0.0 0.0 0.0 0.0 0.0 2.812830388029411e-06 5.684401464300909e-06 0.0 0.0 0.0 8.616923602392725e-06 0.0 1.5923780252180005e-05 3.223398106697392e-05 0.0 0.0 0.0 0.0 0.0 0.0 2.7689241230281903e-06 0.0 0.0 0.0 2.0690604805151676e-06 0.0 0.0 0.0 0.0 2.9869136365377906e-06 0.0 0.0 0.0 0.0 0.0 1.3267098217162935e-05 0.0 7.97365018303129e-06 0.0 0.0 0.0 0.0 0.0 0.0 0.0 0.0 0.0 1.6759567308663056e-05 0.0 0.0 0.0 3.230742429657767e-06 1.874478835679898e-05 0.0 2.519037375309193e-05 0.0 2.6341564436337884e-06 0.0 0.0 9.5089630647216e-06 0.0 0.0 0.0 0.0 0.0 0.0 0.0 0.0 4.87792877494569e-05 1.3389286986276062e-05 5.477933725882997e-06 0.002135596897180239 6.681448087075298e-05 0.003400078914843954 0.00036912257463637667 0.001271177489682918 0.0001689948424738647 2.550110243765673e-05 0.0008989067964061992 4.1009318520086534e-05 0.0 4.779959696920191e-06 7.4112681992158e-06 4.3270371766705085e-05 0.0 0.0 0.0 5.853239142265642e-05 0.0 0.00022498151465368362 2.513657988341409e-05
2.6764088391442884e-05 0.01977559374127707 0.015889627120390198 6.43180190937731e-05 0.017029786106808036 8.786311107144766e-06 0.019759800310661327 0.0061278341173163315 0.0 0.0014064532433929694 0.016739435006864166 0.0007380949634783941 0.010281104511856834 0.04179256920393838 0.00010809315419210286 0.00017003628996029052 6.885895515752596e-06 0.0 0.0 0.0 5.728410280984236e-06 0.0 0.0 2.127071658109899e-06 9.965230683551315e-06 0.0 3.058724359851119e-06 3.1587873435302757e-06 3.0989212909875837e-06 0.0 0.00015758531467057837 6.946225422242407e-05 0.0003856800250605428 0.0 0.0 9.217234939481303e-06 1.3944479535533807e-05 0.0 3.3689257249146234e-06 0.0 0.0 2.676540866634416e-06 0.0 4.612577295969692e-05 0.0 0.0 0.0003176270462463908 2.258401880005698e-05 1.2326565330210495e-05 0.0 0.0 0.0 0.0 0.0 0.0 0.0 2.5354414009283665e-05 0.00015634873213466198 3.0190573484107327e-05 5.7458093283401e-05 5.470869308690256e-06 5.640789707761206e-05 0.0 0.00020665035841790582 2.8150205840961457e-06 0.0 0.0 2.776309300248941e-06 2.5414996467492027e-06 0.0 0.00013599767345277822 0.0 0.0 4.524200544501643e-05 0.00015323471868912696 0.00035134466163583446 0.0005566348280022831 0.0002070186117316182 0.0003484172558490064 0.001568827657965157 1.3528492262089086e-05 0.00023437072772397976 1.1076378783222924e-05 0.0 0.0 0.0 2.487553925696238e-06 0.0 3.441158095813409e-06 2.627572750451895e-06 0.0 0.0 5.547737098826493e-06 2.3142041401312816e-06 0.0 0.00041307415458412164 1.5377980022497262e-05 1.2068210392942714e-05 3.6686352000347374e-06 1.2502638247764207e-05 2.9849647385466005e-06 3.6452708898233544e-06 1.1348990484459342e-05 4.632769534962456e-06 0.0 5.80756166618369e-06 1.6582918811992935e-05 5.591127485183444e-06 3.9652176185082534e-05 3.0492632079199116e-05 2.1541561189963205e-05 9.929681278159197e-05 5.408295558915019e-05 4.029954813546332e-05 4.8294272793175305e-05 0.0 0.0 0.0 0.0 0.0 0.0 0.0 0.0 0.0 0.0 0.0 0.0 0.0 0.0 0.0 0.0 0.0 0.0 0.0 1.3017507392411412e-05 0.0 0.0 0.0 0.0 2.7786900177875655e-05 4.270741711599134e-06 8.11419803301602e-05 8.972482349160037e-06 0.0 0.0 8.025391978989084e-06 3.917919825849016e-06 3.562450317766539e-06 0.0 2.673419426408544e-05 2.68787334754615e-06 0.0 0.0 0.0 0.0 0.0 7.677518367912294e-06 0.0 0.0 0.0 0.0 0.0 0.0 0.0 0.0 0.0 2.64366273494637e-05 0.0 0.0 0.0 0.0 0.0 0.0 0.0 0.0 0.0 4.752511791208259e-05 0.0 0.0 0.0 0.0 1.3357126321133156e-05 3.0746675061460035e-06 1.900487668791462e-05 0.0 0.0 0.0 0.0 2.851665857179288e-06 0.0 0.0 0.0 0.0 0.0 0.0 3.120331918849383e-06 0.0 3.758429598498172e-05 1.1087015452011641e-05 2.5989486206294726e-05 0.0010205087735309691 3.38966338076435e-05 0.0010103914849128174 0.00012440905234568223 0.0004696477025825796 7.953760294687496e-05 0.0 0.00031279692171964267 3.591097641326396e-05 0.0 1.7071187131982717e-05 0.0 6.201024513132391e-05 0.0 0.0 0.0 1.7949238170444206e-05 0.0 0.00039802497272776696 0.00014601882309319683
0.03929373896382581 0.07711277965256189 0.014619619490164996 0.05710404822525553 0.0008198401941978063 0.0076380804910442905 0.051152269379323045 0.001556246502571704 0.0014064532433929694 0.0 0.00225422557986468 0.035446343533907854 0.11103867386788316 0.012505240818289754 0.00019744878330749623 0.00016885696329738925 1.9080685262705447e-05 3.796108813033465e-06 3.35013879759321e-06 5.766317584605597e-06 0.0 3.0135400471118407e-06 0.0 0.0 2.4131039006738448e-06 7.53153428030112e-06 0.0 0.0 0.0 0.0 0.011758585840736038 0.0003093948636888 0.001868993106570066 0.0 0.0 2.899739506357632e-06 0.00044217941030349757 1.746355922842372e-05 4.565097968111725e-05 2.8352606666728506e-05 4.958738481169326e-06 1.0873616010342537e-05 0.0 5.259911845148781e-05 2.525938833094709e-06 0.0 0.0017832428844463068 0.00037748365446561204 0.0001011631225541305 3.180128494187564e-06 9.526453430918126e-06 8.86970809038032e-06 4.506929260316467e-06 3.4808460128198227e-06 3.662323986464183e-05 3.739645416982446e-05 0.0010999431757871207 0.009679323992536388 0.0005169007088628857 0.0005645942788336465 0.00012208430098346263 0.00047535597965939327 2.9707893086706658e-05 0.002137345720791935 7.571572058715516e-05 7.250442074993441e-05 4.594962869279845e-05 5.799513501698821e-05 1.593854041385797e-05 2.223534100073876e-05 0.003969035172063704 4.3453393860818904e-05 3.4112365103990937e-06 0.00107096601398321 0.0018168736760038108 0.0012319896504571362 0.0012230599949801205 0.00019090000450102507 0.00022079584985916324 0.0005656909197185882 1.8170518074435677e-05 0.00042999413165301727 7.890945787677229e-05 0.0 5.676830341951084e-05 5.62068961967143e-06 6.565996693056315e-05 2.248302349053766e-05 4.446279592273445e-05 2.0943696740170003e-05 1.0164853253200301e-05 4.6724892783529705e-06 3.5513096896264236e-05 1.1516119148002472e-05 8.567060603174866e-06 0.014535791116934189 0.001801833286342076 0.0 9.528514761331584e-05 0.012988884004996601 2.3361431067707322e-05 0.00019711131276370914 0.000256295766264082 0.00014343122303308358 5.459196472682655e-05 0.0008889921557363261 0.0007939437577298313 0.0004634552917034912 0.002776917144870345 0.0009760697750068888 0.0004051867836482351 0.002672029090403015 0.0025574720217295946 0.0018724866831365265 0.0013032338362593612 6.758576042300403e-06 3.2548141800632204e-05 0.0 2.5508647162829157e-06 0.0 0.0 0.0 0.0 0.0 0.0 1.4391866345105557e-05 0.0 3.5299445547724868e-06 0.0 0.0 2.9146831377792444e-06 8.631665666715025e-06 0.0 0.0 0.0001706441695283123 2.8093779326073198e-05 0.0 1.4445680392294883e-05 0.0 0.0004955277821612664 6.297335602958641e-05 0.00045041228846519587 0.00010920541247093755 2.692996688133599e-05 0.0 0.0 0.0 7.795027826500094e-06 0.0 3.2722934174260865e-05 0.0 0.0 1.748344759825376e-05 0.0 0.0 8.414152924920209e-06 4.11326230847835e-05 6.867292058174829e-06 2.5905164385779976e-06 0.0 0.0 1.4095021660585792e-05 7.040006314532543e-05 0.0 4.67430263339069e-05 8.988392837008487e-06 0.000550606551194414 1.0192702795398666e-05 0.0 0.0 0.0 0.0 1.9604342025629712e-05 3.0452853051367635e-06 0.0 1.8757778721902174e-05 0.0007291319441741071 4.9890378644843336e-05 0.0 0.0 0.0 0.0004844752217862711 5.245775688614798e-05 0.00028391499485774465 4.229314160277391e-06 1.6567452229397253e-05 3.39543647882488e-05 2.5222290831987884e-06 1.898436531141539e-05 0.0 0.0 0.0 0.0 2.860154141033325e-06 0.0 3.5693718282541967e-06 0.0 0.0012940456494478637 0.00013230904275488852 0.00036665065745002253 0.012631495795088916 0.0001795553060020767 0.009861705596479345 0.0008690898794405563 0.01770050660959581 0.0006717367581310631 2.8146996160525533e-05 0.0016980139460437084 0.0009498833766739833 5.787604235180304e-06 0.00015209673616329894 1.9645969895957275e-05 0.0020269459155054965 2.8715533949470005e-06 0.0 2.576182376018951e-05 6.1003063011703404e-05 2.4163905468752324e-05 0.02569838448149784 0.005525879371632657
0.0008704539093795081 0.012836119393202998 0.03194122256421247 0.0008155792233941421 0.0048413569621494285 6.066675153074129e-05 0.010915452942986875 0.016379884643262392 0.016739435006864166 0.00225422557986468 0.0 0.0036274842925882794 0.02194194645205933 0.06493815648047131 9.123905420203342e-05 0.00017291575855616213 1.3487245892339584e-05 2.9248465711180793e-06 0.0 6.780446592614812e-06 1.474534285589338e-05 0.0 0.0 2.978267052825572e-06 5.3151314328266005e-05 3.232640613449975e-05 1.2599801702240763e-05 1.5806839092163228e-05 9.922055801337698e-06 0.0 0.0017365100621087772 0.002750853469074537 0.006557898116827124 1.0509415048190236e-05 2.4431804160939072e-05 0.0001648857475911666 0.0006049493619292122 0.0003051809208399815 0.00024759179417292086 0.0001467467746637656 4.676648945151991e-05 2.94451203145006e-05 2.7393495076052617e-06 3.545167343105636e-05 0.0 5.426445084888946e-06 0.00029018822207875375 1.927407589352232e-05 3.150359217782655e-05 0.0 8.661780498605358e-06 0.0 3.700514004063536e-06 3.500776193781921e-06 0.0 0.0 3.720297409230716e-05 0.0003708013209186072 1.4724171653966886e-05 5.7338796554929525e-05 6.443622769273322e-05 0.003543901818945715 1.7506823141306593e-05 0.00020398829751595992 5.258729193356797e-06 2.214927663369053e-06 2.751742035924734e-06 2.1180310928846772e-06 1.7905128050172268e-05 2.9481353716730633e-05 0.00045121427423763794 6.312003613733618e-06 6.324024834238566e-06 7.869877095829723e-05 0.00013846129955405044 0.0002954045483357231 0.0004825151581426666 0.00019692053210440424 0.004192736903921357 0.018728520947909715 7.10412753382812e-05 0.0064418190805117 3.0848550692923914e-06 0.0 6.413934785358004e-06 0.0 1.2694334591662708e-05 0.0 2.826738933913169e-06 0.0 0.0 0.0 6.458956221896289e-05 8.008898922700657e-05 2.317602677914424e-05 0.0004470578495694841 0.0 0.0 0.0001248690538442154 8.155124786823218e-05 0.0 1.4341858983073532e-05 6.2242035646661205e-06 0.0 0.0 8.484253344115321e-06 0.0 1.5646713273200465e-05 4.2614190772442245e-05 8.421316149514577e-06 5.474536623407375e-06 6.281312183450521e-05 3.115304827071895e-05 1.7853336954521454e-05 2.9085026620022115e-05 0.0 0.0 0.0 0.0 0.0 0.0 0.0 0.0 0.0 0.0 3.6039531707291e-06 0.0 0.0 0.0 0.0 0.0 0.0 0.0 0.0 2.8371318084393535e-06 0.0 0.0 0.0 0.0 1.8798152258268065e-05 0.0 4.883033747757213e-05 2.0536759808682877e-05 0.0 0.0 0.0 0.0 0.0 0.0 9.913089081644217e-06 0.0 0.0 0.0 0.0 0.0 0.0 3.3729882692382363e-06 0.0 0.0 0.0 0.0 0.0 0.0 0.0 7.762864457154618e-06 0.0 3.253908937851878e-05 0.0 0.0 0.0 0.0 0.0 0.0 0.0 0.0 0.0 3.623522943893189e-05 2.953884714354086e-06 0.0 0.0 0.0 1.761999672309555e-05 0.0 3.034803150322627e-05 0.0 0.0 9.83951272206776e-06 0.0 0.0 0.0 0.0 2.436694947870007e-06 0.0 0.0 0.0 0.0 0.0 6.365568354247476e-05 1.2403022913618307e-05 5.464338659481867e-06 0.0010805499851787616 1.8943047384305553e-05 0.0008833520318448409 0.00016091089223629925 0.0004719253327989724 5.912551998168591e-05 0.0 0.0003473354258815447 2.5074760772568563e-05 2.377441085186219e-06 5.091205300207172e-06 1.0818336285359858e-05 6.628024547538749e-05 0.0 0.0 3.7075141444413276e-06 8.698248126381158e-06 0.0 0.0002044361806507112 0.0001026048508894389
