0.0 0.06103381604781705 0.019404039132731213 0.10494242223485342 0.0038467332956090604 0.0045410407825493895 0.021865568936975298 0.002378816826427638 0.002650603731681365 0.06849321818711258 0.007844672884258531 0.0011028805923828983 0.007429141612974319 0.011534249909623397 1.1204070890697661e-05 6.9150604918633155e-06 0.0 0.0 0.0 0.0 0.0 0.0 0.0 9.175554093803512e-06 0.0 0.0 1.3751648283382386e-05 0.0 0.0 0.0 0.008752986168848835 3.8673617989316954e-05 0.00032682785083322025 0.0 0.0 0.0 6.052625121894792e-05 0.0 0.0 0.0 3.0159515433854746e-06 2.8750818771300454e-06 0.0 0.0 0.0 0.0 0.00015032666791828258 8.03334315392247e-06 3.422972809121574e-06 0.0 0.0 0.0 0.0 0.0 1.0090820175787783e-05 0.0 0.003636571482416057 0.004290371816416789 0.0002554164702746351 8.647631971741279e-05 0.0 0.0 0.0 1.7105230880625487e-05 2.0094934734738404e-05 1.6002685723506254e-05 7.004181261790426e-06 4.6769864264724334e-06 0.0 1.0635896130687902e-05 0.0 7.028135690263212e-06 3.4744467994337497e-06 0.0013222363569767993 3.1426627501614763e-05 0.0003598482161387214 2.67291389648314e-05 0.0 4.186165010887564e-05 0.0003852755229678687 0.0 2.4167601014741922e-05 3.524412567163954e-05 0.0 4.479549660489382e-06 2.6344492066338505e-06 0.0 0.0 0.0 0.0 0.0 0.0 2.8680940341898026e-06 0.0 0.0 0.00042831753154878703 2.392850604574326e-05 5.263925467173772e-06 0.0 0.01625922605647316 0.0 0.0 0.0 3.8137854259592633e-06 0.0 0.0001108550139731803 0.0 2.9377561912256014e-05 0.0 0.0 0.0 2.7225941034278653e-05 9.376273090656991e-06 3.418788488855406e-06 1.9010522784751672e-05 3.4629595316899646e-06 0.0 0.0 0.0 0.0 0.0 0.0 0.0 0.0 0.0 4.453305429154134e-06 0.0 0.0 0.0 0.0 0.0 2.09311847879786e-05 0.0 0.0 0.0 0.0 0.0 0.0 0.0 6.9028805560521245e-06 3.5552778130234035e-06 3.179778671563003e-06 0.0 0.0 0.0 0.0 0.0 0.0 0.0 0.0 0.0 0.0 0.0 0.0 0.0 0.0 7.863055950486635e-06 0.0 0.0 0.0 0.0 0.0 0.0 0.0 0.0 0.0 1.0614614039392489e-05 0.0 0.0 0.0 0.0 0.0 0.0 0.0 0.0 0.0 1.152929767506111e-05 0.0 0.0 0.0 0.0 0.0 0.0 0.0 0.0 0.0 0.0 0.0 0.0 0.0 0.0 0.0 0.0 0.0 0.0 0.0 0.0 2.6623189710743062e-05 0.0 0.0 0.0018912268811385722 5.957343690856203e-06 0.000253710449788356 4.332409197819153e-05 0.016428800810278966 0.00016340408823332648 3.187433680282994e-06 1.5300133358419484e-05 0.0 0.0 0.0 0.0 0.000158164068351261 0.0 0.0 0.0 0.0 0.0 0.003531484266164571 8.975868155721394e-06
0.06103381604781705 0.0 0.0360381203229073 0.010585483869121445 0.02717823744675931 0.0017874321662111807 0.08384989469364079 0.017598895617797778 0.011651824983871534 0.027087554395019538 0.008759845716479609 0.002068958133183958 0.023039321664260308 0.01852660290436912 8.390522013841901e-05 7.170930346994895e-06 4.860088529458007e-06 0.0 0.0 0.0 0.0 0.0 2.900044078207613e-06 2.6108965472522673e-06 0.0 0.0 0.0 5.309874538148911e-06 5.602587634713018e-06 0.0 0.023937533187761175 3.1753761986767926e-05 0.0001915750124305893 0.0 0.0 0.0 0.00012346879794388033 0.0 0.0 0.0 0.0 0.0 0.0 0.0 2.63626981062756e-06 4.026105802487756e-06 0.005080637817755775 8.8890220385689e-05 7.857223706971178e-06 0.0 8.775371979703323e-06 0.0 0.0 0.0 8.430398730779617e-05 8.738915054704647e-05 0.0026733847834736597 0.009891199587317798 0.0004592510496257593 0.0018657117174155848 0.0 2.645725107959562e-06 0.0 0.000711966182299526 0.00013082236767862447 0.00015624692652821564 4.267803755408617e-05 4.293444274113755e-05 1.2810472741618691e-05 0.0 3.0977384605202622e-06 0.0 0.0 0.00990759567457258 0.0011725518470356371 0.006396020246682173 0.0005208674315746415 1.1843980344082072e-05 2.1832657158033327e-05 0.00011216576088737075 5.864819013889573e-06 2.46809847580749e-05 0.0004059603221582728 3.1908991818308497e-06 0.00013192721971217163 4.5592110267839334e-05 9.230157085139062e-06 0.0 0.0 0.0 0.0 0.0 0.0 0.0 0.0 0.0005119264669736428 9.846977891104674e-06 0.0 0.0 0.02699757711909079 0.0 2.9011690748872025e-05 2.3725342719453783e-05 2.1575154508128184e-05 1.607295252249281e-05 0.0004517791594339582 9.204625059217024e-05 0.00013368847793740376 0.00013462993573330038 0.00012961312527235254 5.274958383567133e-05 0.00049907231270344 0.0006407878159271799 8.1420012048147e-05 0.00020875706765606755 3.385904153400651e-05 0.0 0.0 0.0 0.0 0.0 0.0 0.0 0.0 0.0 0.0 3.455091427583248e-05 3.8560413334389004e-05 0.0 1.2013613349003072e-05 0.0 6.789412255016405e-05 0.0 0.0 9.059612481494715e-06 3.4966522464393584e-05 0.0 0.0 0.0 5.899597650626953e-05 2.7945003537173048e-05 0.0001135225452660588 2.9601709947232235e-05 0.00024540816058936425 0.0 0.0 0.0 0.0 0.0 0.0 0.0 1.2240787295246625e-05 0.0 0.0 0.0 0.0 5.0260935962260186e-05 0.0 0.0 0.0 0.0 2.598292365757356e-05 0.0 1.2676551368145522e-05 0.0 1.4812888811575959e-05 0.0 0.0 0.0 0.0 0.0 0.0 0.0 1.0950566480807195e-05 0.0 0.0 0.00015520579498608508 2.0358853155080068e-05 0.0 0.0 0.0 3.319720573238164e-05 0.0 0.00012023264624932117 2.7477307790548302e-05 3.919509006413906e-05 1.9524337041279747e-05 0.0 0.0 0.0 7.857613589402877e-06 0.0 0.0 0.0 0.0 0.0 0.0 0.00021791862358739808 1.861741517814556e-05 8.03722347827488e-05 0.005511041952964635 0.0001311991616014864 0.005736322330359905 0.0011993809353010815 0.015492449872124295 0.0011403474336913663 5.937078795044742e-05 0.00041593125348631237 0.000211983099697089 0.0 6.374240177186388e-05 5.7475800699505e-05 0.0009353596467274731 0.0 5.747406481497539e-06 0.0 0.00016891377103408987 2.2285446385277955e-05 0.0015716110776881733 6.043235849553302e-05
0.019404039132731213 0.0360381203229073 0.0 0.0009953441377211587 0.026000004398261552 0.00016939580187595426 0.02303868600115394 0.04820818880084403 0.022791212302442476 0.0007411416800773148 0.04177459868987874 0.00024230883039707597 0.007217342569770915 0.03435914081540535 0.00014189756124577884 5.6759117041358786e-05 1.4020079528034668e-05 1.3840308715405107e-05 2.5360836413084835e-06 3.165977870861971e-05 4.51972179333391e-05 4.0568680450395845e-06 5.238177903696783e-05 7.855701393294669e-05 1.507809488132343e-05 8.293586435266865e-06 6.751878809296801e-05 3.1056139127437627e-06 6.634072180111973e-06 3.317662322502824e-05 0.05859671273754453 0.005384901872514255 0.0008274390690447432 1.1056588567700123e-05 3.8235207513770486e-05 4.2873677489394515e-05 4.850380067890699e-05 1.6012628589998963e-05 7.761980875157812e-06 0.0 6.466271363274667e-05 2.0992225161858862e-05 1.633579574045215e-05 1.1597200325533044e-05 2.2436596715277064e-05 0.0 0.00226070382378102 6.810489982216795e-05 4.461849560004955e-06 5.881454718045768e-06 0.0 5.6526762888903795e-06 0.0 1.1104836086380997e-05 2.5726817149857325e-05 4.6344396848529206e-05 0.0014828118697802412 0.009753699223874864 0.00019969948239032084 0.000694576143383148 2.2884714053094813e-05 6.460176575868945e-05 3.914569170069723e-06 0.0037203737625703306 7.041241207831748e-05 7.18717033345018e-05 3.126065018479367e-05 4.843585307525002e-05 4.312446179934853e-05 8.944305033276461e-05 3.0453259427979385e-05 3.448057983094729e-06 3.0784997940539714e-06 0.005364763223832771 0.0013871124625143983 0.0039900251207354255 0.0005611082224128242 4.4129696278143015e-05 0.0010080194619538016 0.006682170418558566 1.4677265916825194e-05 0.0008321055351291925 0.00017213856794312836 2.4230222746578257e-06 6.361124545151222e-05 2.4893440858642812e-05 2.2510413303033405e-05 0.0 0.0 0.0 0.0 0.0 4.158586577665475e-05 5.945399327024254e-06 1.2540697223837152e-05 0.0001225673169289823 8.889309717340984e-06 0.0 0.0 0.019404754885123617 0.0 5.886489474769112e-06 0.0 0.0 0.0 3.1097842283638246e-05 8.227965807298441e-06 0.0 2.1405655930520107e-05 2.955332346269572e-05 2.2115177552134078e-05 0.00010223498593694877 8.765049993608789e-05 2.5664015821401955e-05 2.140535854791145e-05 6.443945925844398e-06 0.0 0.0 0.0 0.0 0.0 0.0 1.1380272247538987e-05 0.0 0.0 1.942004241019424e-05 0.0 2.0533546202890993e-05 0.0 5.835750944498556e-06 0.0 6.114130609955353e-05 4.83874462753318e-05 1.4254558799087737e-05 0.0 0.0 0.0 0.0 0.0 2.9867341343268816e-05 1.50807112431406e-05 7.201475258186791e-05 3.5084318395584867e-06 1.9011972092726723e-05 0.0 0.0 2.9373314484633914e-06 0.0 0.0 0.0 0.0 0.0 0.0 0.0 0.0 1.7988131317751504e-05 5.156424766287093e-05 0.0 0.0 0.0 0.0 0.0 0.0 1.3139590353819123e-05 0.0 2.4280295407795557e-05 0.0 0.0 0.0 0.0 0.0 0.0 0.0 0.0 0.0 0.0 0.00014939331595968273 6.188785163982448e-06 1.8725963288243437e-05 0.0 0.0 1.7798969827993417e-05 0.0 7.892492938564411e-06 1.211898015677576e-05 0.0 0.0 0.0 0.0 0.0 0.0 0.0 0.0 0.0 0.0 3.43124095335084e-06 0.0 4.919637300467495e-05 3.416528078460083e-06 2.893596754093138e-06 0.001287344590362384 4.669986934605878e-05 0.0027191320933160883 0.0005498095773689405 0.0038434523727034226 0.0004334246849443801 0.0 0.00015786959905478558 6.761366848972709e-06 0.0 2.9382648970281157e-05 0.0 0.00015878221700515365 0.0 0.0 1.2159642041603923e-05 0.00011677095534838183 0.0 0.00024642492772132974 1.4230993388562321e-05
0.10494242223485342 0.010585483869121445 0.0009953441377211587 0.0 0.0007300496005377915 0.025603380820215817 0.010585622070124577 3.3551747612532666e-06 0.0003921887434048409 0.04353714618520868 0.00010518803241375958 0.003703801273182222 0.006437775084349359 0.0012239119912455126 7.105956569424525e-06 0.0 2.7865362054018026e-06 0.0 0.0 0.0 0.0 0.0 0.0 0.0 0.0 0.0 0.0 0.0 0.0 0.0 0.00030082838418743474 0.0 2.650199635614472e-05 0.0 0.0 0.0 0.0 0.0 0.0 0.0 0.0 0.0 0.0 0.0 0.0 0.0 0.0009413379226095932 2.3806867265595174e-05 0.0 0.0 0.0 0.0 3.3903411192115322e-06 0.0 7.980945678227448e-06 6.8006414525763235e-06 0.0013752439589111562 0.0031866740885936164 0.00014350875860738558 0.00041796169700265146 0.0 0.0 0.0 6.66446932932019e-05 5.51316137763668e-05 6.755934191725527e-05 6.791393199240756e-06 1.833737715079122e-05 0.0 3.2935164971999276e-06 2.225075290024683e-05 7.1416751167469786e-06 3.1162083842983244e-06 0.0033105887779362312 0.00014224120241080232 0.0015037192177096155 5.307897462491924e-05 3.4024469254916417e-06 0.0 2.1853939033207657e-06 0.0 2.0310017570935417e-06 0.00012419630970047057 0.0 3.4285217611229154e-05 1.2325203109221333e-05 3.907698680876934e-06 0.0 0.0 0.0 0.0 0.0 0.0 0.0 0.0 0.001025197840527435 5.102734756849811e-05 0.0 0.0 0.02331667138806011 0.0 4.010474629120113e-05 2.8359895932711013e-05 7.351503530753027e-05 3.970755896693247e-06 9.046742924923368e-05 2.7097178254908743e-05 3.381241989422459e-05 0.0004335611057581651 0.0001326910002603588 1.9739075812714415e-05 0.00017345514537186563 0.00031461987266329187 5.1751526521884814e-05 4.2526410677101544e-05 0.0 3.0991862556477385e-06 0.0 0.0 0.0 0.0 0.0 0.0 0.0 0.0 0.0 0.0 0.0 0.0 0.0 0.0 0.0 2.0147714960869427e-05 0.0 0.0 1.3384337753593124e-05 0.0 0.0 0.0 6.938021411722727e-06 0.0 2.8565506614131636e-05 0.0 0.0 0.0 0.0 0.0 0.0 0.0 0.0 0.0 0.0 0.0 0.0 0.0 0.0 0.0 0.0 0.0 0.0 0.0 0.0 0.0 1.4234133411760874e-05 0.0 3.915399766611582e-05 0.0 0.0 0.0 0.0 0.0 0.0 0.0 0.0 0.0 0.0 4.875681211660972e-05 0.0 0.0 0.0 0.0 0.0 0.0 0.0 3.0932991173774787e-06 6.364247602844845e-06 0.0 0.0 0.0 0.0 0.0 0.0 0.0 0.0 0.0 0.0 0.0 1.7690389731975426e-05 0.0 0.0 0.003476784025312961 2.1272837639048827e-05 0.0009050205845985508 9.521011475562729e-05 0.009934694313806003 5.243396601072909e-05 5.042846999923402e-06 2.0534829745996246e-05 4.068088143901956e-05 0.0 0.0 0.0 0.0010728952923692635 0.0 0.0 0.0 2.426945952899254e-06 0.0 0.002670295253075708 2.205241253202046e-05
0.0038467332956090604 0.02717823744675931 0.026000004398261552 0.0007300496005377915 0.0 0.00037660911232177186 0.05222501525924963 0.003071978528649875 0.0639281984964877 0.00681636796473354 0.022566298728124694 0.000206718793424569 0.0020258933843428045 0.005803591432902498 9.441240579103881e-05 3.89474567995588e-06 2.6732137644842407e-06 0.0 0.0 0.0 2.982030691222052e-06 0.0 0.0 0.0 0.0 0.0 0.0 0.0 0.0 0.0 0.0020139552895350778 5.146758145761234e-05 0.0 0.0 0.0 0.0 0.0 0.0 0.0 0.0 0.0 0.0 0.0 0.0 0.0 0.0 0.0018118128358136367 2.2404952914832268e-05 0.0 0.0 0.0 0.0 0.0 0.0 2.4493512254571664e-05 2.8306752407041358e-05 0.0003321969380092602 0.0011640285113553148 7.525444952665408e-05 0.0005394648622524673 0.0 0.0 0.0 0.00030686853791262727 3.4733554095823926e-05 4.867830829482967e-05 1.3613578897984802e-05 1.2382806077294381e-05 0.0 0.0 1.0347037121376857e-05 0.0 0.0 0.0022411427223825026 0.0004887914082008746 0.001777912937021344 0.0003262960339066932 1.1978103790766794e-05 2.4576053218161113e-06 7.329079109867259e-06 3.523553399415071e-06 0.0 0.00010484891595970625 2.451687278231146e-06 4.656294691524271e-05 1.9271946519445262e-05 0.0 0.0 0.0 0.0 5.273642271014843e-06 0.0 0.0 0.0 0.0 0.0004234782033943327 0.0 0.0 0.0 0.0011219408487348898 4.912314621135106e-06 1.9926597159582158e-05 1.0866548545744222e-05 3.667410075143085e-06 0.0 0.0004109432664456909 5.298294727357868e-05 0.0002498270413881131 0.0001428225977296325 0.00016288516573890723 4.306927809066598e-05 0.000749225711837538 0.0006329524429260704 0.00010323489195046967 0.0002832723666575092 0.0 0.0 0.0 0.0 0.0 0.0 0.0 0.0 0.0 0.0 0.0 0.0 0.00011025876119445559 0.0 0.0 0.0 5.68707792401254e-05 1.1234438928396153e-05 2.307173464741585e-05 0.0 7.99565235044316e-05 0.0 0.0 0.0 9.052468815254442e-05 2.9814351047446225e-05 0.00018095508310930918 3.625533935628517e-05 0.000146855257187807 0.0 0.0 0.0 0.0 0.0 3.9352899949155045e-05 0.0 2.9809978485717742e-05 3.878313388961944e-05 0.0 0.0 0.0 0.0001356842026825451 0.0 1.3406403932173574e-05 0.0 0.0 1.862511600453491e-05 2.7243473640924627e-06 1.7881244530409997e-05 0.0 9.521177607838364e-05 1.9364858701511694e-05 0.0 1.747221636430761e-05 6.586123124645166e-06 0.0 0.0 0.0 0.0 0.0 1.5453058474742947e-05 0.00033749479167671396 0.0 0.0 0.0 0.0 9.076023765519493e-05 0.0 0.00012739936223521954 5.5973961037568835e-05 4.019540951728959e-05 0.0 3.3991322764589355e-06 1.7758793783357307e-05 0.0 0.0 0.0 0.0 0.0 5.405861258726088e-06 0.0 0.0 0.00029519870210105025 4.1401431287199414e-05 0.0001105131272790995 0.0043137098399005725 5.568905834078258e-05 0.002979033155356054 0.0010392979646044428 0.0048617720461205174 0.0009705226059656039 2.778128360505213e-05 0.00044676510581353085 0.0002443229077122479 0.0 9.267694550710788e-05 0.0 0.001141108699670766 0.0 0.0 0.0 0.0001445289553647993 0.0 0.0007879667226476948 6.438292544136298e-05
0.0045410407825493895 0.0017874321662111807 0.00016939580187595426 0.025603380820215817 0.00037660911232177186 0.0 0.002322697303519005 0.0 0.0002609557022303178 0.03129348197645875 9.609305517515343e-05 0.0016950238380289767 0.002709695942150729 0.00043257234770228937 0.0 1.0522876691527124e-05 2.85342114169919e-06 0.0 0.0 0.0 0.0 0.0 0.0 0.0 0.0 0.0 0.0 0.0 0.0 0.0 0.0002915960034324841 7.824617087106633e-06 0.0005321659746093746 0.0 0.0 0.0 2.7196562831135148e-05 0.0 0.0 0.0 0.0 0.0 0.0 0.0 0.0 0.0 2.5921103951072063e-05 0.0 0.0 0.0 0.0 1.0410272637085714e-05 1.9429739763137944e-05 0.0 2.3433341093491208e-06 0.0 0.006075339331326641 0.00011834601272655647 0.00026005311273039083 1.9668547939460954e-05 0.0 5.4341912746225024e-05 0.0 1.4953699476776036e-05 0.0 0.0 0.0 2.1248298603049567e-06 0.0 0.0 0.001887398640670173 0.0006228070318617277 0.0001270836895155225 8.853806145658673e-05 0.0 4.196566205358606e-05 3.3679691293002278e-06 0.0 0.0 0.00022211502242859088 0.0 0.00025052379327948344 0.0 0.0 4.669365348762299e-06 2.6210153363056236e-06 0.0 6.525708853539096e-06 3.4004679047449163e-06 2.2369769483308535e-05 0.0 0.0 0.0 0.0 0.0 0.004303278657116572 0.0037537253440237373 0.00022132586580745435 2.784433606620464e-05 0.006318182592850851 0.0 3.59922711562796e-06 1.2480159979835495e-05 4.76261809442955e-05 0.0 3.214974854230568e-05 1.4250872854036371e-05 2.290503613454454e-05 5.007656263507105e-05 0.00023062766789571908 0.0 0.00010886333479857054 0.00027496912090660907 3.101906269135775e-05 1.6804828844331534e-05 3.5086615762685212e-06 0.0 0.0 0.0 0.0 0.0 0.0 0.0 0.0 0.0 0.0 0.0 0.0 0.0 0.0 0.0 0.0 0.0 0.0 0.0 2.2087249953692113e-05 0.0 0.0 0.0 0.0 0.0 0.0 0.0 3.7050903535257126e-06 0.0 0.0 0.0 0.0 0.0 0.0 0.0 0.0 0.0 0.0 0.0 0.0 0.0 0.0 0.0 0.0 0.0 0.0 0.0 3.97489677662196e-06 0.0 0.0 0.0 0.0 0.0 0.0 0.0 0.0 0.0 0.0 0.0 0.0 3.5167066835412934e-06 0.0 6.537977182872775e-06 0.0 0.0 0.0 0.0 4.1506084030917606e-06 0.0 0.0 0.0 0.0 1.1236502452485888e-05 0.0 0.0 0.0 0.0 0.0 0.0 0.0 0.0 1.5335296690682603e-05 0.0 7.299149797964973e-06 0.0017890892514814964 3.170577791968584e-05 2.9590805125804103e-05 6.02709028639869e-06 0.006488033100083561 0.0004581176492940233 0.0 0.0 5.2439908908238495e-06 0.0 6.9125428973805604e-06 0.0 0.0013597498283537716 0.0 0.0 0.0 0.0 0.0 0.0025585756261829865 2.4716564771783873e-05
0.021865568936975298 0.08384989469364079 0.02303868600115394 0.010585622070124577 0.05222501525924963 0.002322697303519005 0.0 0.0036934676470223374 0.010320482265910383 0.08005401076081221 0.02454297545001566 0.013663358809364954 0.09091971878357329 0.05919385082343073 0.000194062600662336 1.9351463516857124e-05 3.082077678564402e-06 3.145426657841243e-06 0.0 0.0 3.888469091496087e-06 0.0 0.0 0.0 0.0 0.0 0.0 0.0 0.0 0.0 0.0027737842578169137 9.904139453480102e-05 0.0003350324347167918 0.0 0.0 0.0 7.699338827939781e-05 0.0 5.638677261933052e-06 0.0 0.0 3.5275313240480507e-06 0.0 0.0 0.0 0.0 0.004740939822934113 6.417913406720956e-05 3.1761190932836253e-06 2.562370016254695e-06 9.573714827424927e-06 0.0 0.0 0.0 8.257365168695864e-05 6.867814694396932e-05 0.001182696313866973 0.0038404706927767157 0.00022571638654947642 0.0014226429825505314 0.0 0.0 0.0 0.0006576628333346662 0.00013468205743849494 0.00010603800453479068 2.2831952629497915e-05 5.5343086958254333e-05 0.0 0.0 3.311442055196966e-05 1.3291478088949586e-05 0.0 0.0065343966366151005 0.00089061776327936 0.004915259966569405 0.0006317310417638535 2.2133203779331052e-05 6.281132189419776e-06 4.2368767421439674e-05 2.5398214554195e-06 1.115884668983113e-05 0.000259455698300851 2.34045256696449e-06 9.846899979454658e-05 2.768748619103434e-05 6.5916478278611205e-06 0.0 0.0 0.0 0.0 0.0 2.6746961389848166e-06 1.124524844042718e-05 0.0 0.002165256112423855 2.3671425696432102e-05 0.0 3.7919096500519415e-06 0.005411072467722849 9.135378092391617e-05 0.00021225138311492127 0.0005139954543882078 0.0017482137493341904 1.892492176276397e-05 0.0020567751852932476 0.0002988972312346515 0.001122077663321286 0.002790819985670456 0.002007916502559607 0.00027209713669294554 0.0030011225198384108 0.015682011984667368 0.00113310764392587 0.0007087700678998685 8.78110616908394e-05 1.670512159932989e-05 0.0 3.1257443380180826e-05 0.0 0.0 0.0 0.0 0.0 0.0 0.0 2.045069078312742e-05 0.00012878960194126067 0.0 2.276474761787827e-05 0.0 0.00012538464779509822 0.0 5.4943459843092416e-05 0.0001347845139597791 0.0001331570167461774 0.0 0.0 0.0 0.000335486563894744 0.00017672216196649044 0.0005765343195664821 0.00017943442578477424 0.0005031860679235296 0.0 0.0 1.5694546984723363e-05 2.7455622417314114e-06 0.0 0.0 0.0 6.302342874309738e-05 0.00010604942577754395 2.7497238476718754e-05 2.2659276207501957e-05 3.8060063637382777e-06 0.0002519697016699149 0.0 6.559242632844881e-06 7.937922238337644e-06 1.5674001650196062e-05 3.183421586906969e-05 0.00025062515147342954 7.619049737962925e-05 0.0 8.84871807186443e-05 7.821502998437904e-05 2.8919968097240223e-05 9.858282320413193e-06 2.1470774509215337e-05 0.0 4.162288018598411e-06 0.0 2.434979605754687e-06 0.0 0.0 0.0016115651744019219 5.314920317047432e-05 0.0 0.0 0.0 0.00015289015398380407 0.0 0.0005123978525554984 0.0001472615535834345 0.0002831591133753379 0.00012236536215178267 4.886473563678097e-05 4.047840019086447e-05 2.1637951946404082e-06 0.0 2.3432161072384173e-06 0.0 7.90533766282345e-06 0.0 0.0 0.0 0.0015693860722484822 0.00016239739817904556 0.00034285680002283823 0.010576638533992874 0.00013169342662555352 0.006985672232415445 0.002529741811080977 0.01421819306724404 0.0022433036250125832 6.376543206659055e-05 0.0011059715755467627 0.00052223111194481 4.501975032307909e-06 0.00042009081232788885 6.178171673772678e-05 0.004445666679223136 6.226255588794573e-06 0.0 0.0 0.0003569696067332931 3.8155281399150634e-05 0.003864451472028531 0.0006220613298420393
0.002378816826427638 0.017598895617797778 0.04820818880084403 3.3551747612532666e-06 0.003071978528649875 0.0 0.0036934676470223374 0.0 0.022189846080550326 0.0003972138766886518 0.03498541474085081 0.0004018169287413781 0.012453194780457777 0.04343724867304183 0.0004198843801702361 6.925450231917016e-05 2.2328084481278778e-05 8.933731676751598e-06 0.0 5.069566913759854e-06 8.764713039230041e-05 0.0 4.1373579547257195e-05 0.0001696843719313788 5.39200841606854e-05 1.6284529010257493e-05 5.9791736707062735e-05 3.0966548294157435e-06 5.274353525495292e-06 3.976859912469164e-05 0.0402426862287155 0.033322746492646764 0.0008922769192057611 2.4960742476386052e-05 2.8287528436808636e-05 0.0 0.00020473512002319505 1.9408635755613994e-05 2.8224831927077973e-06 9.331253772576078e-06 8.172962797452448e-05 3.1745404800652906e-05 2.6126657144284906e-06 2.7552844485995283e-06 6.937059672908386e-06 0.0 0.0036860029709522486 3.517509292403048e-05 2.4706672477624324e-06 1.0223035921682799e-05 0.0 0.0 0.0 0.0 4.045088819326298e-05 1.993974358887149e-05 0.0004962193966367092 0.004036369855381205 6.954044585508674e-05 0.0006697872465593194 0.00018055045106213323 0.00023629904125164458 7.583034780576679e-06 0.01198667464736672 3.5516773438599194e-05 4.5698224206192046e-05 1.0870619618563487e-05 2.8379210241555956e-05 2.647542643033909e-05 0.00018666416829729528 4.19692457733657e-05 2.4236978043234403e-05 5.637182568530808e-06 0.004308124065297362 0.0025861536312692126 0.005008688489131694 0.002998897292874609 0.00026755019680506934 0.0071085695759619 0.013667157007706248 9.833495069351402e-05 0.005103063118254345 0.00017467354028983384 2.381618230034504e-06 6.076528178386416e-05 2.4317986276111194e-05 1.2375110870053162e-05 3.900427503198355e-06 0.0 1.2328199195779359e-05 0.0 0.0 4.4614625952078585e-05 1.3036534528774916e-05 1.2149503369411034e-05 7.15458664403242e-05 0.0 0.0 7.378753243809585e-06 0.004533733639297089 0.0 0.0 0.0 0.0 0.0 4.053371205934858e-06 0.0 9.323347631158948e-06 0.0 0.0 2.5651919524449448e-05 0.0 0.0 1.6273112197986397e-05 1.3560834547953371e-05 0.0 0.0 0.0 0.0 3.5813344512595847e-06 0.0 0.0 0.0 0.0 0.0 2.253487129362696e-05 0.0 1.9219243448540468e-05 0.0 1.0454420771085594e-05 0.0 2.3222472618390745e-05 2.4714494115698435e-05 2.6334802061511586e-05 0.0 0.0 0.0 0.0 0.0 0.0 1.2912036466713634e-05 6.3719166594351576e-06 2.3674117268385765e-06 2.602676295454744e-05 0.0 0.0 0.0 0.0 0.0 0.0 0.0 0.0 0.0 0.0 0.0 1.0432837190880968e-05 2.4360488215830438e-05 1.973939221397828e-05 0.0 0.0 0.0 0.0 0.0 0.0 0.0 1.4761125219014074e-05 0.0 1.8689926394567385e-06 0.0 0.0 0.0 0.0 0.0 0.0 0.0 0.0 1.555889988441143e-05 1.3946250621376657e-05 0.0 0.0 0.0 2.8464129833772513e-06 0.0 4.27349874042498e-06 0.0 0.0 0.0 8.729871359973075e-06 0.0 0.0 0.0 0.0 0.0 0.0 0.0 0.0 0.0 0.0 0.0 0.0 0.0016354041293806642 4.275056865364753e-05 0.004547337568604889 0.0010337089735792324 0.001742341681403094 0.0006009567141533679 7.95483003893592e-06 0.0001780765569104973 4.546895150812243e-05 0.0 0.0 0.0 5.270910673436817e-05 0.0 0.0 0.0 0.00013123078119637002 0.0 0.00010115499042127016 8.082845471604709e-06
0.002650603731681365 0.011651824983871534 0.022791212302442476 0.0003921887434048409 0.0639281984964877 0.0002609557022303178 0.010320482265910383 0.022189846080550326 0.0 0.0033539832887545893 0.042923206830640735 0.0004134383428406823 0.009825980246490564 0.015932724633625276 9.223082966662935e-05 1.3738166218052902e-05 2.8425919626497128e-06 0.0 0.0 0.0 0.0 0.0 0.0 0.0 0.0 0.0 2.994308097641168e-06 3.648548323843585e-06 3.1201253627862137e-06 0.0 0.003768841108161268 0.0001310438548308407 0.0008923480846362059 0.0 3.2301044105671795e-06 0.0 0.0 0.0 0.0 0.0 3.2595632268742247e-06 0.0 2.267244360053623e-06 7.51592594283847e-06 0.0 0.0 0.0012229418835745182 1.8497612778830163e-05 6.948600106438312e-06 0.0 0.0 0.0 0.0 0.0 5.19178554677061e-06 1.378059489272539e-05 0.000204216752311593 0.000739399982106719 2.1318424707211824e-05 0.00022062895982175262 0.0 0.0 0.0 0.0003300578352965871 2.5328932402857464e-05 2.4067699476887675e-05 4.527074254151383e-06 4.5349940111966685e-06 1.053685021619679e-05 0.0 6.3764096006062415e-06 0.0 0.0 0.0011943294629087808 0.000327371719319636 0.0012807211087636468 0.00032742047601958587 1.2779595738772386e-05 1.2730157717112011e-05 6.090983912413962e-05 3.0745132245777163e-06 2.426376473848515e-06 7.090597017032582e-05 0.0 1.9635291659624296e-05 8.402428902278251e-06 2.5351426501180027e-06 0.0 0.0 0.0 0.0 0.0 0.0 0.0 0.0 0.0007415298186280067 0.0 0.0 0.0 0.0012333225404913912 0.0 2.125327198138566e-05 0.0 2.9475900678567215e-05 0.0 0.0003105285041293473 1.281104005945861e-05 0.00018495572379696187 0.00017143904365051973 0.00015337105256732052 8.819508875406947e-05 0.0004999587268371152 0.000802821593627788 0.00028178803042587297 0.0002755919094640085 3.3615367175404032e-06 1.3004216214433592e-05 2.341050184980089e-05 2.3421121175279868e-05 0.0 0.0 0.0 0.0 0.0 0.0 0.0 0.0 2.798436221187751e-05 0.0 3.954049823512793e-05 0.0 3.1475188828106525e-05 2.0702795160649506e-05 2.6358666583614316e-05 1.7018505164527707e-05 2.560214143626674e-05 0.0 0.0 0.0 0.00012536384376363592 7.718441381348706e-05 0.00011776672350766918 5.6150891370819315e-05 0.00011001201186510017 0.0 0.0 0.0 0.0 0.0 3.5185559884146745e-05 0.0 0.0 2.626713152508159e-06 0.0 0.0 0.0 4.343648012767215e-05 0.0 0.0 0.0 0.0 0.0 5.116975234279809e-06 9.985923863610339e-06 0.0 2.341241236016466e-05 1.1707825359227732e-05 0.0 0.0 0.0 0.0 0.0 0.0 0.0 0.0 0.0 0.0004966349505788788 0.0 0.0 0.0 0.0 6.84160569079803e-05 0.0 1.4044627641119365e-05 5.2689828733864976e-05 9.36136765188228e-06 1.9105410961869682e-05 0.0 0.0 0.0 0.0 0.0 0.0 0.0 0.0 0.0 0.0 0.00039571231085212626 2.3188160370948047e-05 5.6040220303334195e-05 0.0031466772675515526 4.90579720895378e-05 0.002033951818289848 0.0010989904688845202 0.0030321051680725626 0.0006296544704444044 0.0 0.0005121263781098924 6.336756352867184e-05 0.0 0.00011833087409313442 4.765855847581325e-06 0.0006834790664758486 0.0 6.409062729727607e-05 0.0 0.00021380777778931282 2.32315492715873e-05 0.000701281816261564 0.0001221659450683264
0.06849321818711258 0.027087554395019538 0.0007411416800773148 0.04353714618520868 0.00681636796473354 0.03129348197645875 0.08005401076081221 0.0003972138766886518 0.0033539832887545893 0.0 0.0008249292691849282 0.06553559841768977 0.08913381565326872 0.016234756369406654 7.952008643048374e-05 1.1249509483677415e-05 5.373510742343563e-06 0.0 0.0 0.0 0.0 0.0 0.0 1.3143094973282796e-05 0.0 0.0 0.0 0.0 4.9319500859077166e-06 0.0 0.0006531889479916119 1.6077201895204624e-05 0.008485897558479649 0.0 4.969369722265603e-06 0.0 0.0022467978155534516 0.0 0.0 0.0 8.235884267617235e-06 1.594358935875745e-05 0.0 0.0 0.0 0.0 0.0021884184698827166 4.8993641596367624e-05 0.0 2.036110427226887e-06 6.605732222645788e-06 0.0 0.0 0.0 3.6715927745011406e-05 3.41745370344164e-05 0.0030664648767854442 0.003933501806706745 0.00031835779613157594 0.0008102241098167918 0.0 1.3216713161885981e-05 0.0 0.000120152019686275 6.523067205555346e-05 9.46339130425156e-05 2.366200519459428e-05 4.7982045701588695e-05 8.170252185231471e-06 2.1965878947564468e-06 0.0009837808645153008 4.665378563164965e-06 6.2230388426119555e-06 0.005180571795816655 0.00020916631151100966 0.0026148819259013602 0.00026244657331510665 1.9997654097244045e-05 4.3945797120607495e-06 0.0001180731004273926 0.0 4.207329078460164e-05 0.00020711946548516175 2.2875411553367697e-06 7.310143466769866e-05 3.1823678237359657e-05 7.25996855866873e-06 0.0 0.0 0.0 0.0 4.165771458196064e-06 0.0 0.0 0.0 0.013595598988345248 0.0004892927075339145 0.0 6.638700196959228e-06 0.03675684636893368 1.2024945874052235e-05 0.0010614918910596635 0.00034284204867839464 0.0006460250830750256 0.000355291608722611 0.009450256417340847 0.0010349434046814756 0.0023015674280305264 0.005528285732587215 0.0035740122536610857 0.0006930673316551106 0.006768656583023499 0.010794378364067174 0.0015874025631907184 0.0010502575932583337 3.627527998402539e-05 1.4576711261061521e-05 0.0 3.912214228313185e-05 0.0 0.0 0.0 0.0 0.0 0.0 0.0 0.0 0.00013583913945389866 0.0 8.39719963658122e-06 0.0 5.0432959266346736e-05 4.7793397715521156e-05 3.7867666598907964e-05 6.103592092148886e-05 0.0002945321591822622 0.0 0.0 0.0 0.0003777334236814098 0.0001387223831436857 0.00030441127233315183 0.00010514610967853975 0.00036212566314280844 2.6187066444606092e-05 1.4205564365947906e-05 0.0 0.0 0.0 0.0 0.0 1.90842978772603e-05 5.420112996064451e-05 1.423050041637457e-05 7.069050436757172e-06 0.0 0.00012286858128839293 0.0 0.0 1.16247095135605e-05 0.0 2.6685323657297607e-06 0.00010240911058631436 0.0003673928591703141 0.0 1.7024642571010773e-05 7.695829237691225e-05 1.703119039142832e-05 1.075379255818225e-05 1.9187815336935385e-05 0.0 0.0 0.0 1.6719792978972932e-05 0.0 0.0 0.0017704423442043975 9.240470772184053e-05 0.0 0.0 0.0 0.00016336415899896587 0.0 0.00023774279275367888 6.215825304425911e-05 0.00016602163850032642 0.00011768219898479026 1.8811357266234707e-05 4.8251737580511556e-05 0.0 0.0 0.0 0.0 2.323449889211272e-06 0.0 0.0 8.382998752533422e-06 0.002823903731725033 0.00012480133267269775 0.0001467585172852595 0.01915408491705368 0.00019429397859586415 0.002855623826153545 0.000793232932298583 0.028874686168919875 0.0006964878640249758 9.946782693162673e-05 0.00030366464985377576 0.0006361332064614035 0.0 0.00040818492993517316 1.4743520860168917e-05 0.0195029113669179 0.0 4.898006022340101e-05 3.723041975725222e-05 0.0001250568960681352 6.687338289659264e-05 0.013638088031687296 0.0010877256173974829
0.007844672884258531 0.008759845716479609 0.04177459868987874 0.00010518803241375958 0.022566298728124694 9.609305517515343e-05 0.02454297545001566 0.03498541474085081 0.042923206830640735 0.0008249292691849282 0.0 0.0008574114363728387 0.03168567736947704 0.04881208180279716 0.0004072427591558273 8.372639636837023e-05 7.6298807540416e-06 0.0 0.0 6.150329443158054e-06 1.3555258840162094e-05 0.0 2.8429059865816764e-06 3.930466561386019e-05 4.122186751856628e-06 3.579432153496925e-06 1.293489645802781e-05 3.2035967276331285e-06 6.401097760151993e-06 1.4363942865530303e-05 0.021984093028070292 0.006465541188906347 0.0015227436422668376 0.0 4.355559482970502e-06 0.0 0.0004723021919945792 0.0 0.0 0.0 5.05419724690128e-06 2.1794692896549116e-05 0.0 9.848398238854753e-06 2.4025087099295594e-06 2.474449366695233e-06 0.003969127030784833 4.814615443553589e-05 1.8242105358752883e-05 9.61296825116252e-06 0.0 0.0 4.031483759489115e-06 3.731643854129119e-06 4.1198784058053455e-05 4.5030237814698104e-05 0.0006805186012106603 0.004265975541575493 0.00013712081505688187 0.0008352156806687807 5.0540909153289975e-06 4.368639735984566e-05 5.63089971255964e-06 0.003416038985861868 6.445093593625478e-05 6.568524276887597e-05 1.4567870828207453e-05 3.88456492898835e-05 3.508571043147322e-05 9.365589361095613e-06 8.916496690447474e-05 2.7951628945058987e-06 0.0 0.004575034957463895 0.0018634918911014998 0.004545798918551923 0.001786108012009555 5.7743623131069624e-05 0.0027040161160831705 0.000554454285679593 1.6470899728485335e-05 3.340618941552706e-05 0.00016410379903842876 2.5115826426196357e-06 9.269638495005921e-05 2.806768056299846e-05 8.665816313121751e-06 0.0 3.3771432531047105e-06 0.0 0.0 0.0 7.98288968735891e-06 4.457354241501969e-06 0.0 0.0005259983297612579 1.0931374064252429e-05 0.0 0.0 0.006954269595218403 0.0 0.0 0.0 0.0 5.411265150257271e-06 5.07187525981114e-05 3.63707013318524e-06 0.0 9.546460662274082e-06 6.946021133568305e-05 2.888516395821518e-05 8.932853447123295e-05 0.00016034669828206567 2.051171624465303e-05 3.3972110897137216e-05 0.0 0.0 0.0 0.0 0.0 0.0 0.0 0.0 0.0 0.0 0.0 0.0 3.195736187764278e-05 0.0 2.732830981040358e-06 0.0 0.0 0.0 0.0 0.0 1.4151232390449026e-05 0.0 0.0 0.0 1.1180274230614643e-05 8.867412545446558e-06 7.348271050955648e-05 8.561482780241504e-06 2.007117805705553e-05 0.0 0.0 0.0 0.0 0.0 0.0 0.0 0.0 0.0 0.0 0.0 0.0 1.9451518716800582e-05 0.0 0.0 0.0 0.0 0.0 1.8488107341407166e-05 3.885809073220376e-06 0.0 0.0 4.030209509590387e-06 6.255728885214103e-06 0.0 0.0 0.0 0.0 3.264288498208327e-06 0.0 0.0 0.0 0.00010214204479465738 0.0 0.0 2.339147627872133e-06 4.237945957972326e-06 1.1014771731810423e-05 0.0 0.00011572034668068998 0.0 1.1847739554180195e-05 0.0 0.0 0.0 0.0 0.0 0.0 0.0 0.0 0.0 0.0 0.0 2.2409269501200543e-05 2.0718090481855915e-05 3.90230959363986e-05 0.0032347212889661183 6.93510511706813e-05 0.0059883429162256975 0.0015434216846477381 0.003868591126334589 0.0011051554470146079 1.9183511069468774e-05 0.0005716351902764311 0.0 4.547068263798823e-05 2.624998728801974e-05 7.270581184394172e-06 0.00011507713619390104 0.0 0.0 0.0 0.00021795391507946276 9.45269523417641e-06 0.00032618210675898837 1.269779153195105e-05
0.0011028805923828983 0.002068958133183958 0.00024230883039707597 0.003703801273182222 0.000206718793424569 0.0016950238380289767 0.013663358809364954 0.0004018169287413781 0.0004134383428406823 0.06553559841768977 0.0008574114363728387 0.0 0.03606734053656918 0.0036711011431285762 0.0002754957842098178 0.00022707968438533002 6.459282720686423e-05 0.0 0.0 4.300540242431261e-06 4.233722952032501e-06 0.0 1.9948074840456663e-05 0.00012046005014839586 6.617840665603097e-05 6.711558936080703e-06 0.0001129563335338357 1.0289960408138172e-05 3.2677263362577e-06 8.208196131333987e-05 0.00030850145220114614 5.855077031942463e-05 0.010232017293577995 6.074553717794521e-06 2.551873620447088e-05 0.0001458868519025747 0.005213364425477222 0.0016397762975526556 1.3254903053779666e-05 0.0 0.00017882868896461365 2.878507417889862e-05 0.0 1.6331605368795687e-05 1.4427244946532378e-05 1.9926792965282333e-05 0.0006989496921366106 6.295840958009982e-06 2.5396390924506147e-05 7.384132065295272e-06 0.0 0.0 0.0 4.382458777304908e-06 5.55203432020963e-06 3.282595250569574e-06 0.0001429842906621265 0.00012627301350214267 2.6711694103344668e-05 8.159491970419223e-05 8.616249980375065e-05 0.0036090283307444637 1.4005263347266773e-05 8.554545444798096e-05 5.394944334517368e-06 5.55095846946406e-06 2.894434655527565e-06 3.5777522443275183e-06 1.0364986409468685e-05 1.9449213137099146e-05 0.0025307595274167345 1.8847144540061195e-05 0.0 0.00032966660491769823 0.00019080414159806906 0.0006301273989146636 0.00041758206411325805 0.00010181344479244804 0.0 0.0007884327447526616 1.1071159018797929e-05 0.0013587389747268485 2.9018262558729653e-05 0.0 1.2331826355896452e-05 2.3502759184989243e-06 3.68148474447907e-06 0.0 0.0 3.1822789763592067e-06 0.0 0.0 1.1309202126491105e-05 7.463123456236016e-06 7.970999353797428e-06 0.01625524037114825 7.057331054971454e-05 4.245622146558337e-06 0.0 0.0010625972276366762 2.0294787950537895e-05 0.00015626542714118732 4.650480256385956e-05 0.00011709471099654097 5.498548653255261e-05 0.0014892770044330735 0.00010905951417209925 0.0008904455528144163 0.0009495996307530416 0.0009657655961700247 0.00028533391561667815 0.0024873219126533824 0.0038235459887002634 0.0008526188495892459 0.0011415859555334476 6.204765761915264e-05 0.0 0.0 0.0 0.0 0.0 2.824924280327568e-06 0.0 0.0 0.0 3.0270738258461897e-05 0.0 0.00012299846941023616 0.0 3.008064247726688e-05 0.0 0.00014867717087527256 0.00013242774770907042 7.385227194041349e-05 1.1609509717872279e-05 0.00019135027179160657 0.0 0.0 0.0 0.00044012945703012673 9.325402812974925e-05 0.0005106277605971658 0.00014601752670515597 0.0003261831156121987 3.836479479506776e-05 2.120738947570374e-05 0.0 0.0 0.0 0.0 0.0 3.8520617662856995e-05 3.166956899362863e-05 0.0 0.0 2.7332323178893987e-05 0.0001237764396041749 1.249807209510124e-05 1.1676505308163584e-05 1.0453570982991663e-05 0.0 6.510333286574987e-05 3.43689256286607e-05 0.00014940318275155463 0.0 9.743885325476549e-05 7.546578482329141e-05 0.0 0.0 4.032982343070833e-06 0.0 6.264601087867209e-06 4.100684865420953e-05 0.0 0.0 0.0 0.0014814174377574538 6.715930460427991e-05 0.0 0.0 0.0 0.00017704130753585213 6.489477407665139e-05 0.0003046336114346728 6.164311872016294e-05 0.00012571023960796892 6.610872446457089e-05 1.650500449968943e-05 2.255326362993663e-05 0.0 0.0 0.0 0.0 8.12645870592695e-06 0.0 0.0 8.387698953822025e-06 0.0019266380375011858 0.00015136404586946317 0.00039337461426119783 0.006089720642546797 6.647011522180655e-05 0.0019630044181403695 0.0011415643914041403 0.0040896829319297685 0.0003731857198055093 8.206286701575625e-06 0.000446952934268456 0.00024787581748657723 0.0 0.00013166269485607424 5.74227602635914e-05 0.0043092906020697945 0.0 7.337304505346533e-05 0.0 0.0002593273308069399 6.329279255021796e-05 0.0048129016859325795 0.0009128387962890327
