0.0 0.09796222944414527 0.01665817857963409 0.0332331674467922 0.0077834230763224235 0.007733720577612492 0.006653125963292346 0.0005187388477934387 0.00017704643982743954 0.01845651208795701 0.0026163686597495566 0.0003709217273886265 0.0008382917756922423 0.0038788649333409628 4.569556883657253e-05 4.744378698211527e-05 0.0 0.0 0.0 0.0 5.416819881452242e-06 7.760952595639697e-06 0.0 0.0 5.608908187728394e-06 2.7068098359640843e-06 0.0 7.061751642099977e-06 1.987002873915546e-06 0.0 0.010371420134026692 2.0093541338171283e-05 0.0003656563207823422 0.0 0.0 3.7669811643254686e-06 0.00012142996111300726 1.9868148462702933e-05 2.6997447434957634e-05 2.85964579348469e-06 3.230117704575413e-06 4.269544767071661e-06 4.896380027215334e-06 2.1397319533091694e-06 0.0 2.042101025683173e-06 0.000120827191008522 5.3723179645794694e-05 0.0 0.0 1.2440580242321457e-05 1.928995018225953e-05 0.0 2.1995544485971477e-06 0.0005037302466308981 0.000555751174337346 0.00935435230281798 0.014959309446490624 0.004266540165400133 0.00039956975118853435 0.0 2.5441832757700474e-05 0.0 4.790554248694625e-05 0.00015526954309823363 3.39073329264707e-05 1.232891513132586e-05 2.6534601914791845e-06 1.0022666466341098e-05 4.158857012899529e-06 0.00018701378754367142 5.7220946251050136e-05 1.710149124040805e-05 0.0048548402888296 0.0005376752746233935 0.00016986810715237068 4.652850429059375e-05 2.8267590753008624e-05 9.972019328490931e-06 0.00048354500503944525 3.681181385829095e-06 2.1503644866584083e-05 0.0004178514396634117 3.552366145787621e-05 6.83671863684594e-05 0.00018459505484058557 1.2347031209783634e-05 3.348447952629039e-06 8.831403523597218e-05 1.870172505837329e-05 2.3340999723932215e-05 3.9367246281063364e-06 8.480089740905659e-06 7.869489692932095e-06 2.1020495097566015e-06 0.0010474594978029982 4.725223861092434e-05 0.0 2.4344836959978075e-05 0.036861315101712824 0.0 0.0 0.0 0.0 3.228680158377375e-05 0.0 3.4302103096066334e-06 7.945210486559427e-06 3.2062308914692836e-05 4.54361237168912e-06 0.0 0.0 4.6419887565557736e-05 5.500453313454214e-06 1.8103805168226806e-05 0.0 0.0 0.0 0.0 0.0 0.0 0.0 0.0 0.0 0.0 0.0 0.0 0.0 0.0 0.0 0.0 0.0 0.0 0.0 0.0 1.0418499636822215e-05 0.0 0.0 0.0 1.583732637334758e-05 0.0 0.0 1.1049737426435012e-05 3.8083765492907656e-05 0.0 0.0 0.0 0.0 0.0 0.0 0.0 0.0 3.343994815305083e-06 0.0 0.0 0.0 0.0 0.0 2.4384815631722397e-06 0.0 0.0 0.0 0.0 0.0 0.0 5.513739231967903e-06 5.5875261921121845e-05 0.0 0.0 0.0 0.0 0.0 0.0 0.0 0.0 0.0 1.258571531228192e-05 0.0 0.0 3.81269291564295e-06 0.0 0.0 0.0 1.367539326138271e-05 0.0 0.0 0.0 0.0 0.0 0.0 1.8487094196863645e-06 0.0 0.0 1.882446220067606e-06 2.0029258273636614e-06 0.0 0.0 3.124155190473042e-05 0.0 2.317534216611846e-06 0.0038769408120832944 0.0002864941806400345 0.0032656930387764765 0.00045645827803461185 0.01358600868362918 0.001562565506154772 0.00018710222140792647 0.00011952189740916537 2.7857786629484682e-05 1.2231364303311585e-05 1.9441520117640203e-05 5.418244687211301e-06 9.445714743478096e-06 2.645640157221191e-06 0.0 0.0 8.836603982040866e-05 2.1178686522204504e-06 0.004996588647996107 6.32543222177312e-05
0.09796222944414527 0.0 0.03949516170271098 0.05580486113325203 0.05207690444219055 0.00423646460042173 0.06091534671905004 0.006632555831977659 0.008718490254208663 0.028295200846629644 0.02377134339546505 0.0019300672394143143 0.03554161959358384 0.056829269793177296 0.0002829903224534091 0.00018392155170636587 1.4711281784919797e-05 8.019212382627953e-06 0.0 0.0 1.7355361946168325e-05 0.0 2.11215645281118e-06 5.376828115367851e-06 2.9230106498635234e-05 0.0 4.684616472277937e-06 1.091585110238903e-05 2.136081581607867e-06 4.03953371840777e-06 0.0419796799389753 5.384202352228637e-05 0.002322619940560409 0.0 2.133845398633141e-06 3.614568024225098e-05 0.0009645228427680829 0.00012292906191619887 0.00012474293366720264 3.1120501926856035e-05 2.3084770385422604e-05 8.906671253058441e-06 0.0 3.688349734836653e-05 2.8014854536152545e-06 3.054099303273628e-05 0.0016901810947833264 0.0003070456828376607 3.770170060811599e-05 1.6275689724412454e-05 5.2553260760470945e-05 0.0 3.33592846589351e-06 7.5940035348080414e-06 0.0014216644435122896 0.0012181656528644311 0.006355093113067069 0.01255061517038403 0.0038568013919524943 0.002028685574772493 1.8226975957322958e-05 0.00014105696208574207 0.0 0.0009716526242254804 0.0005019469751729464 0.0001057317881735199 7.171691001652466e-05 2.6564201139647898e-05 6.502591588368916e-06 9.84396352478288e-06 0.0004855318236488637 1.222283434348164e-05 1.1299767715612558e-05 0.008135675419313287 0.0028927125315939732 0.0018788565613946824 0.0008257046984506271 0.00014910285955374388 5.180309462997472e-05 0.0022089654048278195 3.37835677015226e-05 7.023449435174634e-05 0.001286327024755154 2.941602713480866e-05 0.00031630578012022625 0.000526583453049706 1.652203189243988e-05 1.083685884715297e-05 0.0001702376129135057 9.025197562311899e-06 0.00011538598746043689 1.0752155926078996e-05 2.1707450129907165e-05 4.356535257557574e-05 2.3188592458589826e-05 0.00020810842586180503 0.0001039269642575971 0.0 0.00019456205915480016 0.024441541462926798 0.0 4.514153645562911e-06 0.0 3.6367334860582486e-05 0.0 0.0 4.8627652991142265e-05 0.0 0.00025480139246828907 3.39950561573517e-06 0.0 2.0795260651815706e-06 5.878427361257021e-05 3.976290698375017e-05 5.545902069080417e-05 0.0 0.0 0.0 0.0 0.0 0.0 0.0 0.0 0.0 3.572097747297938e-06 2.291198313639623e-06 0.0 0.0 0.0 0.0 0.0 0.0 0.0 0.0 1.2260024392661107e-05 4.114690865577345e-06 0.0 0.0 0.0 6.444930602927207e-06 3.612753998055256e-05 4.760081867290566e-06 2.368067822994674e-05 4.6958431583582645e-06 0.0 0.0 0.0 0.0 5.8136340657346765e-06 0.0 0.0 0.0 0.0 0.0 0.0 2.590536107102186e-06 1.914976335723776e-06 0.0 4.143882514353122e-06 0.0 2.4188511419814744e-06 0.0 0.0 0.0 0.0 2.739971783019949e-06 2.297774975426969e-05 0.0 0.0 0.0 0.0 0.0 0.0 0.0 3.055226395645195e-06 0.0 3.458716050897274e-05 0.0 0.0 0.0 1.7494171624110186e-06 0.0 0.0 0.0 0.0 0.0 0.0 0.0 0.0 0.0 1.242932677772587e-05 3.591783612991663e-06 0.0 0.0 6.431042344770718e-06 2.4267971650249197e-06 0.0 3.062953070797565e-05 5.484339489355481e-05 6.76016775643237e-05 0.010957199995722991 0.0006629340287919671 0.014932165634415379 0.0019635212022861745 0.008035306831232242 0.0027752301146909404 0.00021585962506157164 0.0006964210766963819 1.3928902280236436e-05 1.9058310834714013e-05 1.3040348911724098e-05 4.401761739710419e-06 3.3013878617797716e-05 0.0 3.937728905005496e-05 0.0 0.0004659892862421039 2.317480942702194e-05 0.005078428463657579 3.534409499767613e-05
0.01665817857963409 0.03949516170271098 0.0 0.00031587605254541505 0.010069413738596858 0.00038168029883353313 0.00134184073861692 0.09561905805777547 0.0023799909910065223 0.0003217653383940659 0.06276871798898796 0.00039982266176065716 0.0034267043790932343 0.04330792004416505 0.0003711502364810952 0.000512022643163074 2.8485116879276066e-05 2.0940400676391316e-05 0.0 0.0 3.288665613317247e-05 9.7105832792852e-06 4.674863902174197e-06 0.0 0.00011906438907122821 3.337729775217781e-05 4.1637651490488445e-06 3.911635117560668e-05 5.6553925051094675e-06 6.1361410552812225e-06 0.09355899109239393 0.00975509986936873 0.004089999240474535 1.3925508604787136e-06 2.048717230018163e-05 0.00017368527491127078 0.0012467329683427527 0.0003202167675280253 0.0003537442014443307 0.00010441188329609474 4.812548457793844e-05 4.5010396050084016e-05 2.6019245259773173e-05 4.376545261252968e-05 2.9062489036625346e-06 2.897847256568483e-05 0.0007951811705542904 0.00010447053791780972 3.7910958189486585e-05 7.451865582336977e-05 4.976530529914943e-05 2.495407024197014e-06 2.0864943775004665e-06 4.4533860220434003e-05 0.0003967247900486093 0.0003850837425425498 0.00425220253815874 0.015834337427906037 0.0018505526652272336 0.00045034381106130706 5.112806547428634e-05 0.0004492340538264756 1.6656057653512448e-05 0.0024584688131514235 0.00012189471758105273 5.271840645935205e-05 3.118403401329316e-05 5.969757386819332e-05 5.561002426648545e-05 9.08704366399091e-05 0.0009597848189654434 2.0279896446907263e-05 0.0 0.0034818783854290965 0.001693704827464922 0.0008008850673261941 0.00044555294923718147 0.0003625506211322456 0.0005800820743187853 0.02057870788800816 2.6319495056325926e-05 0.0007754309127944965 0.0003855157024074239 8.264058846712738e-06 6.478609033223205e-05 0.000166978913567654 1.169247605750022e-05 0.0 5.570335600375848e-05 3.8057451295868494e-06 4.46044768167122e-05 5.3836404752762945e-06 0.0001332916521420048 8.162473994630081e-05 4.3219768404226716e-05 8.5247938650604e-05 0.00013106972689816632 0.0 0.00044457002460594904 0.0062088845437455 0.0 4.252828367396073e-05 0.0 0.0 0.0 0.0 0.0 8.644282148236926e-06 2.888799692811644e-06 0.0 0.0 0.0 3.2397036108625945e-05 5.3089985844897666e-05 1.4451403490313202e-05 0.0 8.397145944146894e-06 0.0 0.0 0.0 0.0 0.0 0.0 0.0 3.4927460465288535e-06 0.0 0.0 2.307794386947085e-06 0.0 0.0 0.0 0.0 0.0 0.0 0.0 0.0 0.0 1.5434322223194184e-05 0.0 3.88175694787121e-06 1.609904235830974e-05 2.5802580174840005e-05 3.398133871545113e-05 5.226002622711407e-05 0.0 0.0 0.0 0.0 2.8576974500572497e-06 0.0 0.0 0.0 3.2632614847090316e-06 0.0 0.0 2.2505121936309213e-06 3.6746503772814204e-06 2.3197921055196452e-06 0.0 0.0 0.0 0.0 0.0 0.0 0.0 8.396819600161809e-05 1.4788565051827368e-05 0.0 0.0 0.0 0.0 0.0 0.0 0.0 6.619981167344653e-06 0.0 0.00011548700510345756 0.0 0.0 0.0 1.8077561043602049e-06 1.1671363734509049e-05 2.0340333550408907e-05 0.0 0.0 0.0 0.0 0.0 0.0 0.0 1.8810581020541226e-06 0.0 0.0 1.9886353016431394e-06 1.0276197309094926e-05 5.551993815604212e-06 0.0 1.9408878405175947e-05 7.373668802361264e-05 9.25099095943228e-05 0.0033873854903279815 0.00021184715061994925 0.0044686048363202354 0.000560382256546741 0.001295162668178876 0.000881623950394299 6.966788574192712e-05 0.0001919757704505259 6.591145307124044e-05 6.3423089622325905e-06 5.71340604680979e-05 2.719821835039742e-06 0.0 0.0 2.2369839708425932e-06 2.7524111229569432e-05 0.00015585244378033024 0.0 0.001496075948822809 2.186754389083234e-05
0.0332331674467922 0.05580486113325203 0.00031587605254541505 0.0 0.0008357827920787756 0.006892983858595174 0.03268230796293882 4.159561795109078e-05 7.350189093467297e-05 0.07153098521328395 0.0001874460102390828 0.01870312917342352 0.01947971426724015 0.0010819411582758034 1.707129191728272e-05 2.961682081788476e-06 0.0 0.0 0.0 0.0 0.0 0.0 0.0 0.0 0.0 0.0 0.0 0.0 0.0 0.0 0.0005467307925430008 0.0 1.362338372233107e-05 0.0 0.0 0.0 1.3612916272040222e-05 0.0 0.0 0.0 0.0 0.0 0.0 0.0 0.0 0.0 0.00013865801056570827 3.0553774878141134e-05 3.9570970619005544e-06 0.0 3.832779751263406e-06 2.467904427322066e-06 0.0 0.0 0.00023419781750128448 0.00030290459366455366 0.0017244418497284247 0.002098147660192726 0.0013776366224391684 0.0004364361481545505 2.047318471378791e-06 0.0 0.0 7.232079207821183e-05 7.610496917817999e-05 1.6725621394069524e-05 2.7514013723877064e-06 2.1768094619443278e-06 0.0 0.0 0.00020375717382835765 1.0884237944438205e-05 1.4008881093724113e-05 0.002150614173427601 0.0003950984950728791 0.00016198430853086186 3.6239567840157954e-05 1.3114785398322213e-05 4.939212439323745e-06 1.2832194204094299e-05 0.0 0.0 0.00022405905579019422 0.0 5.03473001124413e-05 0.0001379848705339995 2.538104246091825e-06 2.634814323100567e-06 4.583568547121291e-05 9.1032000741866e-06 1.9302003345335066e-05 4.641179361186171e-06 0.0 0.0 2.110228399712481e-06 0.0006715372243221368 2.943806066231816e-06 0.0 0.0 0.006803368684322624 0.0 1.4909397734436958e-05 2.8334073312772435e-06 0.00020401252572811612 0.0 8.918259814792559e-05 1.7701129910146302e-05 1.0525877000266518e-05 0.0008272170099093688 4.694050956088523e-05 3.562690348716884e-06 1.5768166080024813e-05 0.00027243179619078865 6.89483051586045e-05 0.0 0.0 0.0 0.0 0.0 0.0 0.0 0.0 0.0 0.0 0.0 0.0 0.0 0.0 0.0 0.0 0.0 0.0 1.917402209678844e-06 0.0 0.0 0.0 0.0 0.0 0.0 3.0639271717310695e-06 0.0 2.4001092484424106e-06 0.0 0.0 0.0 0.0 0.0 0.0 0.0 0.0 0.0 0.0 0.0 0.0 0.0 0.0 0.0 0.0 0.0 0.0 0.0 0.0 0.0 0.0 0.0 0.0 0.0 0.0 0.0 0.0 0.0 0.0 0.0 0.0 0.0 0.0 2.239174925258946e-05 0.0 0.0 0.0 0.0 0.0 0.0 0.0 0.0 0.0 0.0 0.0 0.0 0.0 2.18109543999021e-06 0.0 0.0 0.0 0.0 0.0 0.0 5.8172682051729864e-05 0.0 3.3457147745671364e-05 0.0035297808301018993 0.00013680884425972412 0.0026321733374503847 0.0004878948929021856 0.00852958940616464 0.0007447453188465006 4.290055977277118e-05 0.00011192781200524019 1.7485938705255667e-05 0.0 5.795678068533323e-06 0.0 8.687809952379492e-05 0.0 0.0 0.0 0.0002256019271972644 0.0 0.002781966509731976 2.8504523634982532e-05
0.0077834230763224235 0.05207690444219055 0.010069413738596858 0.0008357827920787756 0.0 0.00015245166388476322 0.03837251616631571 0.004424162302279638 0.11309795533274311 0.0019519094347861948 0.031786323630761136 0.0008642198248898097 0.02609856402037322 0.08302513531506689 0.00012348237115926322 3.127507223561606e-05 3.939404956939886e-06 0.0 0.0 0.0 0.0 0.0 0.0 0.0 0.0 0.0 0.0 0.0 0.0 0.0 0.002004292299135388 6.87771104644504e-05 0.0001606819874646661 0.0 0.0 6.782433089151067e-06 4.705643788229037e-05 8.654203647124153e-06 1.7137231002950508e-05 5.134672951050178e-06 2.3018264350220288e-06 2.2726404486635756e-06 5.123828006271087e-06 1.1126276911233718e-05 7.671590212910536e-06 1.2621181745221478e-05 0.0014324047054128134 6.778587942090534e-05 2.320020725619088e-06 1.8237532590686647e-06 2.5752561447345738e-05 0.0 2.228771578250881e-06 2.5285052690579887e-06 0.0003070355192704329 0.0002332207547696193 0.0006975553472436095 0.0016540540749193987 0.0006606292883354298 0.00038813876155216064 6.85311161811873e-06 1.0030506554993781e-05 1.7520025277873668e-06 0.000522978128709421 0.00011394983103195103 2.4133357115742e-05 1.3560082969235022e-05 7.387399031887614e-06 0.0 0.0 9.228102807994795e-05 0.0 0.0 0.0013285874051915231 0.0008546156208549485 0.0009021418336406045 0.00046902949236799597 2.902050457151115e-05 1.8741389819857234e-06 0.0002803688277873921 9.178273346799567e-06 1.3465146762419936e-05 0.00023430393391517105 0.0 6.791359736704641e-05 0.0001344087768895765 8.939973580877123e-06 6.351456125550813e-06 7.275453937948768e-05 2.2596452009058344e-06 1.8929247828524525e-05 3.5049292092687636e-06 0.0 2.076657343004984e-06 3.889185331597653e-06 0.00012004326472017307 2.3033506633919304e-05 0.0 2.7465796588827933e-05 0.0005362326067688865 0.0 0.0 0.0 0.0 4.4924335564456695e-06 0.0 4.439093585257032e-05 0.0 6.505750202719066e-05 0.0 0.0 0.0 7.523551243005864e-05 3.1772526686397945e-05 5.166763851869279e-05 0.0 0.0 0.0 0.0 0.0 0.0 0.0 0.0 0.0 0.0 0.0 0.0 0.0 0.0 0.0 0.0 0.0 0.0 0.0 0.0 0.0 0.0 0.0 0.0 1.5248448655864778e-05 0.0 0.0 0.0 0.0 0.0 0.0 0.0 0.0 0.0 0.0 0.0 1.0780317722704037e-05 2.330539137665849e-06 0.0 0.0 0.0 2.930462815742727e-06 0.0 2.1346985361765677e-06 0.0 0.0 0.0 0.0 0.0 0.0 0.0 0.0 0.0 0.0 0.0 0.0 0.0 0.0 0.0 0.0 0.0 5.787328645442378e-05 0.0 0.0 0.0 0.0 0.0 0.0 0.0 0.0 0.0 0.0 0.0 0.0 0.0 0.0 0.0 0.0 0.0 0.0 0.0 0.0 1.1725463885223385e-05 0.0 8.664593946978968e-06 0.006602475465387334 0.0001549415068761376 0.008697708443449529 0.0005552944718321743 0.0014923436656542057 0.0015533899604415842 5.475391312819374e-05 0.0004284721517727508 7.729025810549359e-05 7.320100848095134e-06 0.0 1.9134090257954052e-06 0.0 0.0 0.0 0.0 0.00017478464927817014 0.0 0.0010000076697164152 4.038685464699285e-05
0.007733720577612492 0.00423646460042173 0.00038168029883353313 0.006892983858595174 0.00015245166388476322 0.0 0.0006475103612327366 0.0 0.0002086711573672959 0.011061932945277323 0.000165943016786425 0.0035186978958101677 0.0018354603477018707 0.0002911308882251063 0.0 0.0 0.0 0.0 1.9133920385434355e-06 0.0 0.0 0.0004294992919794898 0.0 0.0 6.045539782828461e-06 0.0 0.0 2.8746148655478287e-06 1.5242738815796057e-05 0.0 3.340701954477551e-05 0.0 2.6230092918708468e-05 0.0 0.0 0.0 0.00012275638484837625 1.0141062893897194e-05 2.286569405444579e-05 3.4513320699600103e-06 0.0 0.0 2.3233922232672024e-06 0.0 0.0 0.0 2.6790277752008082e-05 1.218784249189402e-05 1.170179557064573e-05 5.3598501827921275e-06 1.8105278576401236e-05 0.001250745078502194 0.00014700275838741472 6.0087715011626874e-05 4.873120315031093e-05 7.762952679405431e-05 0.002605165103936195 0.0013001836274035296 0.0006183388772687848 5.2152061505839475e-05 0.0 1.5680274510195468e-05 2.728261903994674e-06 0.0 2.5378849689809686e-05 6.173823970701899e-06 0.0 4.307640095220746e-06 1.8955396163922908e-06 0.0 0.0014543381140700862 0.0028131598001460544 0.00047681875976349555 0.0007355773594748888 6.168383307796703e-05 2.7240851634163277e-06 0.0 0.0 0.0 7.27437753600895e-06 0.0 0.0 7.225953533980259e-05 0.00011726775489822782 1.9598682987765252e-05 5.709657833255816e-05 6.9824030084736085e-06 0.00026980411639554875 0.0001787825178682074 0.00043785391611871185 7.368765785980946e-05 0.00028288921373984324 1.6376514373376013e-05 2.3621544426165753e-05 0.0001797000458261647 0.005161614376887477 0.000691107647482677 0.00044377516985216547 0.00012623334773238464 0.011199764900933861 0.0 2.825516752736759e-06 0.0 0.0 2.0116177323290635e-05 0.0 4.574593721833653e-05 0.0 6.612121331011554e-05 4.2911946422140917e-05 0.0 0.0 0.00014587728287192796 3.776190260333166e-05 9.320537618363758e-05 2.1121748556674813e-06 0.0 0.0 0.0 0.0 0.0 0.0 0.0 0.0 0.0 0.0 0.0 0.0 0.0 0.0 0.0 4.228260082365043e-06 2.4538927756547324e-06 0.0 0.0 2.972301237676787e-06 0.0 0.0 0.0 0.0 0.0 8.996191239736442e-06 0.0 0.0 0.0 0.0 0.0 0.0 0.0 0.0 0.0 0.0 0.0 0.0 0.0 2.6012430304590133e-06 1.941467011436181e-06 1.970145503642003e-06 6.157155229705451e-06 0.0 0.0 0.0 0.0 0.0 0.0 0.0 0.0 0.0 0.0 1.9740953936263207e-06 0.0 0.0 3.16427417219997e-06 0.0 1.995736208901032e-06 0.0 3.268108042069954e-05 0.0 0.0 4.29669464253416e-06 3.929286217182551e-06 4.990187407543546e-06 0.0 0.0 0.0 0.0 2.0847048176921435e-05 0.0 0.0 0.0 4.338170669759507e-06 0.0 2.7610699499678112e-06 3.630863022084783e-06 3.3558748027841236e-06 0.0 0.0 8.365501642900789e-05 2.4651381005254146e-06 9.39510264183512e-06 0.0011198742614716406 5.027844087097291e-05 0.00039689530702219 8.343255491620778e-05 0.00299058478047537 0.0003210007454859323 3.9969259509099705e-05 2.356224664821643e-05 4.766862895156486e-05 0.0 9.403808726437234e-06 0.0 0.0001361961302426164 0.0 0.0 2.0057419362459494e-06 2.6715656764978838e-05 0.0 0.002137202899493434 4.689609002038781e-05
0.006653125963292346 0.06091534671905004 0.00134184073861692 0.03268230796293882 0.03837251616631571 0.0006475103612327366 0.0 6.782647883514878e-05 0.04146231510564735 0.040543753341284475 0.001623377087019965 0.008807500699534237 0.13103006768443573 0.08719813618398392 0.00019248357827748294 0.00010858433459331805 1.84105151931107e-05 3.5038512265707765e-06 0.0 1.5168432800730442e-06 0.0 0.0 0.0 2.969279866166518e-06 3.715499881623313e-06 1.5196165197375107e-05 0.0 0.0 2.790647586857818e-06 1.7544378391046401e-06 0.0013032839062327752 4.8063958402838215e-05 0.00010457492882798392 2.090690700605391e-06 0.0 7.545030467046201e-06 0.00018059197493913828 7.47623209656404e-06 6.460036917830227e-05 0.0 0.0 2.0749277104466686e-06 0.0 2.1674931339085642e-05 0.0 4.148663364079684e-06 0.0007909320619232078 0.0001283982081961388 0.0 1.0392551609436659e-05 3.3034160924782874e-05 0.0 2.328972771473698e-06 0.0 0.00034166417951800364 0.0003716800063475432 0.0010269233197581881 0.00204762587811694 0.0008839593869331146 0.0005968423334274255 4.6333771399493416e-06 9.899201939346294e-06 0.0 0.00041426851372265255 9.153742929184388e-05 2.827488842926851e-05 1.5769167856022983e-05 2.3221608834333667e-06 4.208619044141796e-06 0.0 0.0010042107368783383 1.3760340374203764e-05 0.0 0.0021051690234635944 0.0011327297092182437 0.0009205667815097039 0.0005005521653618567 0.0001312618781988352 1.8713356135424138e-05 8.907624992882986e-05 1.089408712953753e-05 2.4623040252648285e-05 0.0003237244221295322 3.837875219052511e-06 8.679910526311937e-05 0.00011983643454632887 3.900532697947189e-06 1.7430083795006142e-05 5.402338933355807e-05 6.042075563096674e-06 4.021915142295391e-05 4.127858817063457e-06 1.609406721688877e-05 2.1390117881992254e-05 0.0 0.0012174804398511862 0.00042829669799703305 0.0 0.00027006495553159496 0.0008770088987242813 8.217308749618536e-06 5.965120504053224e-05 0.0006665977669832638 0.0008709674584136281 3.2880205460170575e-05 0.0006183674071225359 3.6240722265489806e-05 3.060297279105753e-05 0.0011975685516919657 0.0003055571680416227 0.00017878865238957537 0.0007719175242876472 0.0009462662496549156 0.0001945740543960652 0.0001237357742437262 4.991732775604788e-06 7.963514250558076e-06 0.0 0.0 0.0 0.0 0.0 0.0 0.0 0.0 0.0 0.0 0.0 2.808408230661507e-06 0.0 0.0 0.0 0.0 0.0 2.6044423434336775e-05 2.17240174192599e-05 0.0 0.0 0.0 0.0001393479596012093 0.0 8.96517447589023e-05 3.6349065071087794e-05 0.0 0.0 0.0 0.0 0.0 0.0 0.0 0.0 5.896247790750286e-06 1.1028441546748932e-05 0.0 0.0 3.3028205477362746e-06 8.088068556953625e-06 0.0 6.566583982147641e-06 3.4518560794965014e-06 1.7946742688042224e-06 8.120284408448334e-06 0.0 2.2796672726281514e-06 0.0 3.446560303694572e-05 1.1055668572647463e-05 0.0 0.0 0.0 0.0 4.382324548510822e-06 0.0 0.0 0.0 0.0 0.00045295494657076447 6.178775518717364e-06 0.0 0.0 2.2971027993038422e-06 1.0096928125804345e-05 0.0 6.970459649107354e-05 1.3661466899876312e-05 7.469700498181229e-06 0.0 2.1155907089179634e-06 1.4611502913655701e-05 0.0 0.0 0.0 0.0 2.642877605369422e-06 5.564766577547945e-06 0.0 0.0 0.00029671380851259383 1.8293387618903208e-05 0.000260089427981671 0.005761025603955192 0.00023702949873901418 0.00710341356082364 0.0008304141085249587 0.0020399031878907607 0.0013646315039083617 6.246359772551715e-05 0.0005404558093688452 0.00023352720739044905 0.0 6.502581867885844e-05 4.2986675231033355e-06 0.00017523837170029137 2.0267222069464533e-05 1.138011753540196e-05 0.0 0.00028563814901151944 0.0 0.002513761510124608 0.00015948830270603296
0.0005187388477934387 0.006632555831977659 0.09561905805777547 4.159561795109078e-05 0.004424162302279638 0.0 6.782647883514878e-05 0.0 0.002419784515624476 2.6874198787623285e-05 0.07933037525961963 0.0010918091687893224 0.005539795319392089 0.026852041309680594 0.00041247533657339544 0.0005904020498996157 2.395526052470552e-05 6.026343798810149e-05 4.901702227631441e-06 2.107572725987697e-06 8.578183995829163e-05 1.7935673841844797e-05 1.1181049827906317e-05 6.073109620909129e-06 0.0002458389926476677 3.8058579060652124e-05 5.448789889661482e-06 2.3481727309808406e-05 2.8099064119117196e-06 2.6306892520802983e-06 0.03166314644914974 0.018453450530624905 0.004906098530211016 4.675949198827894e-06 7.682110252902279e-05 0.00044366412925861393 0.0018909888358721373 0.0005192327153387801 0.0005602868225190695 0.00013670769862247854 0.00017088533978033184 0.00013297409127399046 0.00012007031632910159 0.00013920254341582213 7.043903466761825e-06 4.519817454897471e-05 0.0012001042589660244 8.525464837919844e-05 5.4628175730478644e-05 0.00030567460138636576 0.00015358312245195455 1.1285760546692271e-05 2.3847199778270474e-06 0.00014464387448626405 0.0002633837802663328 0.00028527174814255027 0.002054029629851585 0.008753796625120425 0.0008770022677976613 0.0004886065127165864 0.0004079726949761524 0.0014586036535026705 2.8328668771371083e-05 0.004023672714164516 0.00010723053130068388 8.256939418631517e-05 0.00011932305407495616 0.0003002049230751314 0.00027772146955838125 0.00034792755910142574 0.0013087490227590532 4.591570474739104e-05 0.0 0.0024964795509199757 0.0023203002310318087 0.0011568762887862385 0.001322055209659617 0.004102400313323387 0.017263387800109196 0.05327631869478909 0.0009843100606593198 0.012668773279299477 0.00035308490460737385 5.732703612235547e-06 8.168863560711691e-05 0.00020710117961459626 0.00011704401072993686 6.430284760519627e-06 0.00011439126518271073 4.312164012761246e-06 8.579638434905549e-05 7.588267506059198e-06 0.0005526051171054125 0.00026074336923354285 0.00011605902096791976 7.172421111382834e-05 0.00012991676730662792 0.0 0.00043889286883579023 0.00023057095922385183 0.0 0.0 0.0 0.0 4.6639123152021775e-05 0.0 0.0 0.0 0.0 0.0 6.0975765486700657e-05 0.0 2.091026010084572e-05 8.4289930307134e-06 3.4718873998337796e-05 6.242293095210096e-06 1.6525097265651435e-06 0.0 0.0 0.0 0.0 0.0 0.0 0.0 0.0 7.218318188900636e-06 0.0 7.569624232955187e-06 0.0 0.0 0.0 0.0 0.0 0.0 0.0 1.3161018327967524e-05 0.0 0.0 0.0 1.1689914993331551e-05 1.8357050412806878e-05 6.520307369312019e-05 6.619321271589097e-05 2.7682764259186827e-05 6.385295675213074e-06 8.691975037815512e-06 0.0 0.0 0.0 0.0 1.2355501714231681e-05 0.0 2.6391911357576805e-06 0.0 0.0 1.4935047069308692e-05 1.3367367314306222e-05 3.234615645776442e-05 1.8015185977771377e-06 0.0 0.0 0.0 0.0 0.0 0.0 2.461737594785221e-05 5.550865154271178e-05 0.0 0.0 0.0 0.0 0.0 0.0 0.0 1.2785142347343558e-05 1.2257037467522889e-05 0.0001340481497988051 1.7287211214667554e-05 2.7186893515750137e-06 0.0 1.4735638083202273e-05 1.9934517538186232e-05 2.305085156191782e-06 4.181858318309865e-05 0.0 0.0 0.0 0.0 0.0 0.0 0.0 0.0 0.0 0.0 3.979800996027778e-06 1.3987876592596145e-05 2.020887970647154e-05 3.5660430896076125e-05 7.026940244674437e-05 0.00013736329589548356 0.0036064045450098325 0.00020012058126571048 0.005396463155911482 0.0005016457954423152 0.0004864564632490785 0.0007577299483920899 6.786690483786166e-05 0.00029383064693589827 0.00011991304398557495 0.0 1.541576624569058e-05 4.324492628846157e-06 7.983685668537303e-06 0.0 3.8947407528272765e-06 1.3340950132051997e-05 0.00016297647139595768 1.8181327436332254e-05 0.0009609790205376246 7.631628811539045e-05
0.00017704643982743954 0.008718490254208663 0.0023799909910065223 7.350189093467297e-05 0.11309795533274311 0.0002086711573672959 0.04146231510564735 0.002419784515624476 0.0 0.0006120764676102633 0.03645994968297312 0.0006283882361344553 0.02056103342843752 0.06221717213922958 0.0005081025172035498 0.0003526111005401815 1.5559432154289616e-05 2.037971000047747e-06 0.0 1.8375198932197234e-06 0.0 2.392153552102703e-06 2.25511267177232e-06 4.343684920496505e-06 4.630416757392328e-06 3.3174947022304726e-06 0.0 0.0 2.3205610146053847e-06 0.0 0.0008516787309596094 0.00029582542171352456 9.255989128017041e-05 0.0 1.1110378141026255e-05 1.0168121934748458e-05 0.00014072630322068896 1.990741532140287e-05 4.017212728845464e-05 5.828288637702299e-06 7.238909097629924e-06 1.2415657584339588e-05 0.0 3.286559135089342e-05 6.258047119874724e-06 1.2620351021413289e-05 0.002563095512989128 8.581553275697157e-05 0.0 1.8554131319624085e-05 2.2756839625849214e-05 0.0 1.8999829624529575e-06 7.608051284385812e-06 0.0001729650709901744 0.00018992359586645694 0.0003382514415407852 0.0009880900684506324 0.0004429793948375998 0.0004303313890418461 6.5835156716485565e-06 5.4594665662724404e-05 2.2817316956107256e-06 0.0007624857661052345 7.826665113834314e-05 2.5951143130687765e-05 1.4145372129738964e-05 1.6281522486123903e-06 2.5825627157083423e-06 2.998452640217882e-06 0.0010211592257097497 1.2680412635866164e-05 0.0 0.0009958452759340618 0.000761999410346308 0.0019700009007213035 0.0012121830051969153 0.0002567206304808511 4.297033514617573e-05 0.00026757112431095235 2.0721693936111895e-05 3.0154312334089615e-05 0.00029162616995917435 1.9038993498014441e-06 6.590340264737761e-05 9.152465652990015e-05 7.956434105497036e-06 1.303415139596338e-05 5.801666169226688e-05 7.5484183621111484e-06 5.44464311270814e-05 1.6131600550118482e-06 1.380501885232671e-05 1.004876501965384e-05 6.781075760531781e-06 0.000838499022525628 0.0003292540285165442 0.0 0.0004407472792480182 4.4114220006150814e-05 0.0 2.7267719804363917e-06 6.346662181484191e-06 4.7521323996099163e-05 2.5260054061832267e-05 0.0 1.0689632929595753e-05 1.649672808299191e-05 0.00012746890547729099 0.00013587981557828136 5.342230391619362e-05 0.0 0.00033308410104249174 0.0002523153166359733 0.00013659023708361597 0.0 5.699462745238232e-06 0.0 0.0 0.0 0.0 0.0 0.0 0.0 0.0 0.0 0.0 0.0 1.8494253379833157e-05 0.0 0.0 0.0 0.0 0.0 0.0 2.6061053482148184e-05 0.0 3.49361428385181e-06 0.0 0.00012609025148656178 6.460682740119394e-06 5.9599939637490554e-05 5.846647091214931e-05 0.0 0.0 0.0 0.0 0.0 0.0 0.0 0.0 0.0 0.0 0.0 0.0 0.0 2.266945000572219e-06 0.0 3.9805752136297565e-06 0.0 0.0 0.0 0.0 0.0 0.0 0.0 5.9414858808586445e-05 0.0 0.0 0.0 0.0 2.0701910983554483e-06 0.0 0.0 0.0 0.0 0.00034517265186694555 0.0 0.0 0.0 0.0 5.852173233028311e-05 0.0 0.0 0.0 0.0 1.5192175552502497e-05 0.0 0.0 0.0 0.0 0.0 0.0 4.535949941379966e-06 0.0 2.3897283859498023e-06 0.0 0.00018062945990588653 0.00013040801669175935 0.0003769441805522902 0.014941884164543477 0.0003571296236844457 0.012214472831719546 0.0007880737397197724 0.0015937973937287348 0.003201368857660113 5.338761948667986e-05 0.001289672743776534 0.00017628370985460528 0.0 1.937708699904646e-06 1.0531970233174858e-05 0.00022908980262115877 9.273782519467587e-06 0.0 5.0650655155060924e-05 0.00035937182628065423 1.5562948279513538e-05 0.0013012244477745886 0.00012997463202112626
0.01845651208795701 0.028295200846629644 0.0003217653383940659 0.07153098521328395 0.0019519094347861948 0.011061932945277323 0.040543753341284475 2.6874198787623285e-05 0.0006120764676102633 0.0 0.00013867100770093848 0.10946705184985535 0.1745300709731477 0.002858679898809493 2.495571517420266e-05 6.222366989664712e-05 0.0 5.69345916727085e-06 0.0 0.0 0.0 3.0357499922056318e-05 0.0 0.0 2.4639797350948382e-05 3.228813697052591e-06 0.0 7.495813915339445e-06 3.0992722165992514e-06 0.0 0.00024446075319307334 0.0 0.00040725818013292797 8.052849264936838e-06 0.0 2.692997902474435e-05 0.0009508609418675121 3.423161708928766e-05 8.584806358042991e-05 2.945494976572213e-05 0.0 1.3492188108217065e-05 0.0 2.0347530954695364e-06 0.0 0.0 0.00013373693968572026 4.604620506384451e-05 2.053767020974191e-06 6.461231286797619e-06 9.390567753361053e-06 0.00012325513316151657 5.098700250815076e-05 1.3963282590753103e-05 0.00011862488379933638 0.0001637159702400185 0.0010564690202605868 0.0008909903159143155 0.0006649396120625609 0.00015249703978395318 2.8135294152626246e-06 2.619766567030036e-05 6.479818879464615e-06 3.6521969343405516e-05 2.8638310748758322e-05 1.2036325877609819e-05 6.758082099384832e-06 3.711035065563627e-06 0.0 0.0 0.0070374682804713075 0.00028562158832832026 6.222953474539009e-05 0.001015948587891292 0.0001400592400244717 9.659155388459726e-05 3.512177716871559e-05 8.628413459621494e-06 0.0 3.258880000557625e-05 0.0 6.321253735282767e-06 0.00010202615776732465 1.808914387213862e-05 2.6404565916558905e-05 5.815976772935304e-05 2.6184813162645983e-06 3.36752770373508e-05 2.3100832304029207e-05 4.5485683670615226e-05 2.7699696302588816e-05 2.22626200668975e-05 4.080232696822478e-06 8.221042170107251e-06 1.1588262097867388e-05 0.011799507990484211 0.0012312452301776044 7.92625537941472e-05 0.00047116918114537313 0.0071940115077858925 1.3396781094994925e-05 0.00019169352277628227 0.0005479914116751135 0.0005353205930616659 0.00019057083600132734 0.0008505984970968352 0.0005851564070172634 0.00014208510914106152 0.002566297115939733 0.002050565419557159 0.00029443137208196046 0.00037885019033221507 0.005096783423104822 0.0017185531830887018 0.000546782033998736 2.4063090291700572e-05 8.565710681388227e-06 0.0 0.0 0.0 0.0 0.0 0.0 0.0 0.0 0.0 0.0 0.0 0.0 0.0 0.0 0.0 0.0 0.0 1.604918194256648e-05 0.000209387279039403 6.8129841899526266e-06 0.0 0.0 0.0005873899609788122 9.513440557745538e-06 0.0001580893864627132 0.00011344065691088058 2.6078118356423224e-05 0.0 4.948869220201095e-06 0.0 0.0 0.0 1.9711765826498267e-05 0.0 0.0 3.817455008612127e-06 0.0 0.0 0.0 2.9005914409540578e-06 2.5028833025366534e-06 2.2196765563588487e-06 0.0 0.0 3.9219143396623155e-06 0.0 6.979078650449713e-05 0.0 0.0 7.68347355065316e-05 2.857267578208763e-06 0.0 0.0 0.0 0.0 0.0 0.0 2.7124484239481476e-06 0.0 0.0015121839701234558 2.149124723978804e-06 0.0 0.0 0.0 0.00018526559735631423 0.0 7.417229424930902e-05 0.0 0.0 3.212656225153654e-06 1.1162824394013979e-05 0.0 0.0 0.0 0.0 3.0344217306619405e-06 0.0 2.055438849688994e-06 5.285480111630538e-06 5.17877114936448e-06 0.0012655521911558662 0.00021506951765487892 0.00040124851695439394 0.016302814161229195 7.381681842473075e-05 0.00134193742403882 0.0003159090936942347 0.022332455041491187 0.0005350983283178678 5.278723078258029e-05 9.251057209714968e-05 0.0009667875504060101 0.0 5.993090273950777e-05 4.6565920128663995e-05 0.0022737771801209657 1.8293467836481963e-05 0.00023556076595179732 7.913052674842287e-06 8.492964756668894e-05 1.6688651943231622e-05 0.019163807376344225 0.001896833104087462
0.0026163686597495566 0.02377134339546505 0.06276871798898796 0.0001874460102390828 0.031786323630761136 0.000165943016786425 0.001623377087019965 0.07933037525961963 0.03645994968297312 0.00013867100770093848 0.0 0.0014776480107254947 0.020389222777824574 0.07422985287605854 0.0004506904620084865 0.00040245025308062633 2.5318270671973852e-05 1.19921317721021e-05 0.0 2.167937633668469e-06 2.362282271687656e-05 1.2627420195540765e-05 3.7425785050011547e-06 0.0 0.00011680971393916114 2.8229052694605048e-05 2.4964038455800285e-06 1.8360755285274922e-05 1.2875418974536429e-05 0.0 0.0036589344243515383 0.0007072871179908825 0.01363609650169826 1.427862756612147e-06 2.1163345854004507e-05 0.0001311200913870184 0.0045468344018102175 0.0005153283308994155 0.000481288870419313 0.00011164679425522608 4.6598599000741935e-05 1.4862151703958827e-05 6.502653403091365e-06 5.170936534381876e-05 2.1365098019179657e-06 2.146825428644325e-05 0.0014130155318660227 3.1179013218632515e-05 1.5512994433884434e-05 4.402346915150708e-05 1.77574868880652e-05 1.0292326350940217e-05 1.3433655700342653e-05 2.8264678265064796e-05 9.977250564532075e-05 8.363917239550123e-05 0.00035708492821907086 0.00117089208428135 0.0002953564324705626 0.0001620057987022423 2.5815654460506225e-05 0.00042007160672667123 9.268894673647015e-06 0.0006068167037208091 3.81511982770786e-05 2.0009809993536427e-05 2.3406354518912425e-05 2.920035946109364e-05 3.874422701832773e-06 6.408660271881532e-05 0.0018625626278335214 2.472694454883373e-05 0.0 0.0007001557804304242 0.0005992774504530045 0.0009660910853437739 0.0006049338651424079 0.0003813196106358415 0.0016722155952199334 0.011347097074931825 1.9078055801888564e-05 0.0003385523626876919 0.00011978004748681797 1.8872203456735952e-06 2.6237767145720395e-05 6.674906167109204e-05 2.2982197111209295e-06 4.358295136861758e-06 4.957821218868894e-05 0.0 2.3226115410721105e-05 5.886307889006756e-06 7.07007672859313e-05 4.546366052420414e-05 1.5730802383380753e-05 0.00017574908304969806 0.00011857159679534312 0.0 0.0003378292255164549 0.00044204354058394147 0.0 0.0 1.3043929446945078e-05 0.0 3.158679987005085e-05 3.139690740202599e-05 0.0 0.0 4.964913679687613e-06 0.00010249887382462174 7.373855827286784e-06 0.0 0.00010439332708265709 2.8201286795324553e-05 3.3584399250185405e-05 1.6463588431704246e-05 0.0 0.0 0.0 0.0 0.0 0.0 0.0 0.0 0.0 4.693659352743782e-06 0.0 1.6966460282293497e-06 0.0 0.0 0.0 0.0 0.0 0.0 0.0 0.0 0.0 1.9819352463449484e-06 0.0 1.2500700722321092e-05 3.2242087361641454e-05 4.6746907029843096e-05 1.3661804639476263e-05 3.3974599495099786e-06 5.050286417544162e-06 3.89714539271738e-06 0.0 0.0 2.0481926070531273e-06 3.964105011140718e-06 0.0 0.0 1.4040679106007148e-05 0.0 0.0 0.0 3.531786762436927e-06 5.213771258644029e-06 0.0 0.0 0.0 0.0 0.0 0.0 0.0 3.831674211467776e-05 1.8242008731580985e-05 0.0 0.0 0.0 0.0 0.0 0.0 0.0 0.0 0.0 5.6759446026866824e-05 0.0 0.0 0.0 1.0032409127214522e-05 1.8386080446754886e-05 0.0 5.516192238339312e-05 0.0 0.0 0.0 0.0 0.0 0.0 0.0 0.0 0.0 1.9543540834296344e-06 0.0 0.0 2.5669599247730675e-06 2.1881591404476047e-05 2.3851309041709042e-05 7.607472325807876e-05 0.006131045847491445 0.00010088415766654913 0.005786972952086603 0.00045590961551276364 0.0007131260872452943 0.0014368986940106166 2.3166069839783982e-05 0.0005264608571139351 2.6577628736561705e-05 0.0 3.77541840207174e-06 2.029366013188264e-06 3.6485262251236952e-06 0.0 0.0 1.2580560625044972e-05 0.00027903466152210223 4.432295381391898e-06 0.0004237195953760502 1.4259607388364355e-05
