0.0 0.06535389781367006 0.009488470187938776 0.028102612869157242 0.007304568122932325 0.001860016959034442 0.030449497782950766 0.001533789797325972 0.000794125665015511 0.01587564706329497 0.0030880024326569748 0.011385682696527108 0.013283540233347062 0.0020192722381395098 2.8370751186726518e-05 1.57090600703487e-05 2.457236582367261e-06 2.2586425300397625e-06 0.0 2.264366862258057e-06 3.9530303643691875e-06 3.4324395080431484e-06 0.0 2.8644689195354327e-06 3.127985890635832e-06 0.0 0.0 0.0 0.0 0.0 0.010194638723953674 7.145386127822857e-05 9.384664314882872e-05 0.0 0.0 0.0 2.2807923169463173e-05 6.659220060561425e-06 1.659915505753061e-05 0.0 2.6789876053755255e-05 3.33416641961052e-06 6.730863516841777e-06 4.660225444328688e-06 0.0 0.0 0.00044797725193001977 4.3317707468579385e-05 5.718534738581609e-06 3.563060836259702e-06 1.1546625853084934e-05 0.0 3.006919788019985e-06 3.1820733118082666e-06 0.0003576350905583841 0.0011109808152466962 0.0044218977861506855 0.03727068102091175 0.0033167077500532373 0.0006811533207480853 5.711751993899288e-06 0.0 0.0 5.5245194396357414e-05 0.0006906701886923761 0.00012284432256912638 3.813497025107286e-05 1.1372929936269344e-05 8.51859251739015e-06 1.4920018921365183e-05 0.0003009702690230324 1.7665564514672283e-05 4.07819349003989e-06 0.007172798493774552 0.0011124532134063607 0.00032808610202261367 3.255275776572739e-05 3.1554148022966974e-06 2.8578647819564156e-06 0.0005741894715826087 3.553573415207471e-06 2.9201780016124872e-05 0.0011129550498807747 1.7799752514794344e-05 9.7134235476418e-05 0.000602390326324282 1.3886719074031143e-05 8.977872033050706e-06 0.00010049437943415549 5.434503774847632e-06 1.6958844702617294e-05 4.663875822412247e-06 9.057189361334352e-06 3.0187355892800357e-06 0.0 0.0004908908472155782 0.00015715849150240243 4.183023392801942e-06 3.783505305054863e-05 0.019033988989603172 0.0 0.0 6.166391668478065e-06 6.691648291902731e-05 0.0 3.3133955838561657e-06 5.787122028872086e-06 2.9180172118590076e-06 7.909294051602936e-05 3.0417677130867385e-05 0.0 1.2471626698150434e-05 1.668686539311312e-05 7.481850539713371e-06 2.8264380734091966e-06 2.350057309246361e-06 0.0 0.0 0.0 0.0 0.0 0.0 0.0 0.0 0.0 0.0 0.0 0.0 0.0 0.0 0.0 2.5391246316933393e-06 0.0 0.0 0.0 0.0 0.0 0.0 0.0 8.464569466014204e-06 0.0 3.0516160884088527e-06 5.8037614940517195e-06 0.0 0.0 0.0 0.0 0.0 0.0 0.0 0.0 0.0 0.0 0.0 0.0 0.0 0.0 0.0 1.8368986201541884e-06 0.0 1.3366184573080292e-05 0.0 0.0 0.0 0.0 0.0 0.0 0.0 0.0 4.654381150216933e-06 0.0 0.0 0.0 0.0 0.0 0.0 8.183989664748563e-06 0.0 0.0 2.7272040176985345e-06 2.7553109748441665e-06 0.0 0.0 0.0 0.0 0.0 0.0 0.0 0.0 0.0 0.0 1.4883532187076485e-06 0.0 3.0675120824390254e-05 0.0 5.838529325790667e-06 4.52211813776381e-06 0.0 9.193586161409892e-06 2.9075193376575265e-06 0.012252855723847695 0.00028328105649535833 0.005926271502796224 0.0004280221032400689 0.024373969697147356 0.0014721655653840056 7.317881802359981e-05 0.00027479746117481206 0.00013752851141909012 9.942584081242121e-06 0.0 0.0 2.947915201346108e-05 7.727032804709184e-06 0.0 0.0 3.623660203723574e-05 0.0 0.010693137080456626 7.801309952485053e-06
0.06535389781367006 0.0 0.028791680729510154 0.016876342712236547 0.049143302547160254 0.0017690409221980973 0.056916863005153355 0.005103272880947339 0.029509514196703446 0.013609423432249301 0.012903757585290589 0.000604519649297108 0.0031612627886396243 0.020948306143663487 0.0002198794393720579 4.74642882700163e-05 0.0 0.0 0.0 2.2098746492033456e-06 1.1618334060800884e-05 3.7991990176356314e-06 0.0 0.0 0.0 0.0 0.0 5.551997226545248e-06 3.2793437070868737e-06 0.0 0.043219901612512594 0.0004859562530192801 0.0002112488563845048 0.0 0.0 9.978412233640644e-06 2.1825516042314907e-05 1.7435331053600455e-05 1.7707359340123702e-05 1.5532072643425634e-05 9.790795648662386e-06 1.8148630323905363e-06 2.8674161911660284e-06 1.5780947648446175e-06 0.0 0.0 0.0011772502427943629 6.065268893535174e-05 1.664961767043983e-05 0.0 1.4809326660240188e-05 0.0 0.0 3.1698761258646657e-06 0.0004861382630713118 0.0012217826648052972 0.0022023185286397877 0.026327017974823376 0.003302930527437788 0.001588434635747831 5.592182171019243e-06 2.1434038022018102e-05 0.0 0.0006061561709742278 0.0008428662138766001 0.00025442710210931915 7.104738318715404e-05 2.2539371742441648e-05 4.5297144098148144e-06 2.016177446455352e-05 8.285820202141556e-05 2.6564030933591972e-06 0.0 0.009868862632576402 0.004419897245387208 0.0018824075967293112 8.788481818474379e-05 1.5430241151934867e-05 1.7584474599937458e-05 0.001224733291170878 7.90245245816991e-06 5.285376575385828e-05 0.0015267415287596854 1.1887750918110006e-05 0.00011498704575006701 0.0007615446584501022 1.2819616814692471e-05 2.9119769969496754e-05 0.0001247038040475274 4.089142716095021e-06 2.5207370049655524e-05 3.1535059706833902e-06 7.137649717890797e-06 1.539598064578565e-05 6.430555772295348e-06 8.22082122269411e-05 0.0 0.0 0.0 0.008108507497081427 0.0 0.0 0.0 4.56653131281855e-05 0.0 0.0 1.2419892718154016e-05 1.844143071831333e-05 4.779163908908377e-05 1.0561245375633579e-05 0.0 4.953127889034566e-05 7.58332162395031e-05 4.282172088565084e-06 0.0 0.0 0.0 0.0 0.0 0.0 0.0 0.0 1.3179204434923851e-05 0.0 0.0 0.0 0.0 0.0 0.0 0.0 0.0 0.0 0.0 0.0 0.0 0.0 0.0 0.0 0.0 0.0 0.0 6.11943123046483e-06 1.0911018637308816e-05 0.0 0.0 0.0 0.0 0.0 0.0 0.0 0.0 0.0 0.0 0.0 0.0 0.0 0.0 2.1958461807135134e-05 1.7556209389774374e-06 0.0 1.0546209176353478e-05 0.0 0.0 0.0 0.0 0.0 1.5269856043984765e-05 0.0 0.0 0.0 2.1487060415648618e-06 1.9411009810069787e-06 0.0 1.794765408025559e-06 1.8464851401618855e-06 0.0 0.0 0.0 0.0 0.0 0.0 0.0 0.0 0.0 0.0 0.0 0.0 0.0 0.0 0.0 2.7040186785106203e-06 1.0970579781017563e-05 0.0 1.9211630217241643e-05 0.0 0.0 2.9041308912162054e-06 2.691327651559164e-06 2.9224760287897873e-06 4.763956226455019e-06 0.006563434926970313 0.00041405077337609055 0.01195749465173932 0.0009189021863245601 0.0117222082393702 0.0018197456903381111 7.298030271614193e-05 0.0004420156894064292 0.00012534026715261336 8.354522429410549e-06 0.0 0.0 1.5996641677145586e-05 0.0 1.7549300449759802e-06 0.0 4.067934394707999e-06 0.0 0.005243630308040938 5.21516051298199e-06
0.009488470187938776 0.028791680729510154 0.0 4.083528817513747e-05 0.02391300412025458 1.6549773628218952e-06 0.004492109342923196 0.047471741929765485 0.012563521314372187 3.910114906557561e-05 0.06846360495692624 3.132736763255903e-05 0.00034264752189625447 0.047832735879302715 0.00015604268420546738 6.37926444278088e-05 3.9517565802342966e-06 3.078856139595669e-05 3.0813355980056847e-06 0.00012455677032940145 0.0005983331792134336 0.0 5.20423039432495e-05 0.0 3.2583691014905855e-05 3.465793048848344e-05 1.9145419520899847e-06 2.780217709957346e-05 5.598949726465001e-05 0.0 0.07143683546514876 0.01941282312097592 0.0006846923486246947 0.00021731356654566217 7.412348536804944e-05 0.000134569710089355 0.00010250608492257338 0.0002953226766696867 2.270983950124195e-05 5.747540455830408e-06 0.00020223504336109221 6.510145552739356e-05 0.00035651057400254134 3.3279154508635505e-05 2.3431625153214544e-05 8.602658784655714e-05 0.0007030803202270231 0.00012764941707455122 6.65164488043188e-05 7.028604000540368e-05 0.00017306702339503081 5.2296972229954145e-05 0.0 3.204845844692605e-05 0.00017424118000428844 0.00045121325402834394 0.0011586031800896884 0.020888253038773938 0.0019534558330070884 0.0007305830302057956 0.0003717757810461058 0.00045052561579013103 4.196802994428388e-05 0.0021022229998574607 0.00037087179159664673 0.00026409456064823745 0.00015665704926118876 0.00031585826893195225 0.0005124687170035926 0.0011520448280090791 9.238814988291025e-05 4.570464689023201e-06 0.0 0.005699273703400644 0.004968508270945024 0.001329058354849213 0.00010126109227817827 5.273030028616022e-05 0.0017799353339367633 0.021980119293838137 7.641852456554803e-05 0.005077073195019907 0.0006033631573628916 5.319086694332452e-06 0.00016184039875504015 0.00041367048946694434 0.0002138486872044488 8.958269394610912e-06 5.593564378825177e-05 6.4390196372555664e-06 3.49295424067381e-05 7.494515615205372e-06 0.000444727106540719 8.972764989370926e-05 0.0001431081511479846 3.5005063698011334e-06 6.467395471875233e-05 0.0 1.4885702950332031e-05 0.001456561784405651 0.0 0.0 1.308907857820349e-05 0.0 0.0 0.0 0.0 0.0 0.0 1.1164014581435084e-05 0.0 0.0 0.0 7.343510942143768e-06 2.808020169978712e-06 0.0 8.614273512990208e-06 0.0 5.501686506001656e-06 0.0 0.0 0.0 0.0 0.0 0.0 2.1115753803277997e-05 0.0 0.0 0.0 0.0 3.531310497747521e-06 4.969913369337542e-06 2.8484759510075055e-05 0.0 0.0 0.0 0.0 0.0 0.0 1.4068651017258505e-05 0.0 1.0980875640917016e-05 1.3643252149620056e-05 1.1042053916746277e-05 3.589889785797631e-05 0.0 1.2428865944112547e-05 0.0 0.0 0.0 0.0 0.0 0.0 0.0 2.409907989826277e-06 1.1308197837051257e-05 1.3257654170298284e-05 0.00012082019027523391 2.293946691940769e-06 0.0 9.593782599953025e-06 0.0 0.0 0.0 0.0 0.0 0.0 0.0 0.0 0.0 0.0 0.0 0.0 3.4050617360229715e-06 0.0 1.9212387007596027e-06 0.0 5.912188218208945e-06 5.503294224357468e-06 1.5763953386107628e-05 1.8655029293874824e-05 0.0 0.0 0.0 0.0 0.0 8.757008575398393e-06 0.0 0.0 0.0 0.0 0.0 2.4157155193704694e-06 1.5427429489401227e-05 5.272985453168019e-06 1.6536203050332847e-05 0.0 2.3291495413794736e-05 3.603802134227709e-05 1.1616884849888604e-05 0.0028881486400049667 0.0004838197872888781 0.00517159197944205 0.0007285332550712754 0.0012584558526973918 0.0005301188968824778 2.8792560865751993e-05 0.00023648499019221367 2.839736669823175e-06 0.0 4.169346464817288e-06 0.0 9.677576046140422e-06 3.7983151414577395e-06 0.0 0.0 2.773590419605677e-05 0.0 0.0014866740459341286 7.269414564092824e-06
0.028102612869157242 0.016876342712236547 4.083528817513747e-05 0.0 0.0005993068894213388 0.002845548832847798 0.041157180429610765 4.457950228362785e-06 0.0002797319008072708 0.03745476372518006 2.8076540635808488e-05 0.06523922882073822 0.054523218586592224 0.0004551930858896778 4.8214632612627275e-06 5.5163727422182286e-06 0.0 0.0 0.0 0.0 0.0 0.0 0.0 0.0 0.0 0.0 0.0 0.0 0.0 0.0 0.00016948163501708855 1.2819130860892882e-05 1.976281669934719e-05 0.0 0.0 0.0 2.4509055202924848e-05 4.607502001334049e-06 0.0 3.5728872800543166e-06 1.4790167995297924e-06 0.0 0.0 1.6637906819934926e-06 0.0 3.983617212449161e-06 0.00017530781322916135 1.873691759762698e-05 0.0 2.3494296401240656e-06 0.0 0.0 0.0 0.0 0.00014099899652997175 0.00038206998386854416 0.000830466387488404 0.007901008768685056 0.000994013903141423 0.0002941755649159326 0.0 3.3993977027839967e-06 0.0 4.2873589329826876e-05 0.00021939415165992847 3.378783402671106e-05 1.6054554012687718e-05 1.310432849538498e-05 0.0 0.0 5.246075825122315e-05 0.0 0.0 0.0023409128472895043 0.00045840909849471803 0.00014867546418806426 8.67945632799676e-06 0.0 0.0 2.3836013515737795e-06 0.0 1.1272225043430188e-05 0.00038818412710750613 5.71650798048343e-06 1.7735293160326596e-05 0.00022175384777374052 3.3516484167311683e-06 4.059988668445614e-06 2.942085727553111e-05 2.569539996600054e-06 3.4720467781182077e-06 0.0 4.665559486950874e-06 0.0 0.0 0.00017408933814223336 0.0 0.0 0.0 0.012576521810187804 0.0 0.0 0.0 0.00011227608836369128 0.0 0.0 0.0 3.965460859021806e-06 0.00019464238288819497 1.5228922450790722e-05 0.0 2.9490014989077424e-05 8.685360335907867e-05 7.82174418254472e-06 4.6568866109716185e-06 0.0 0.0 0.0 0.0 0.0 0.0 0.0 0.0 0.0 0.0 0.0 0.0 0.0 0.0 0.0 0.0 0.0 0.0 0.0 0.0 0.0 0.0 0.0 0.0 0.0 0.0 0.0 0.0 2.092477370561358e-06 0.0 0.0 0.0 0.0 0.0 0.0 0.0 0.0 0.0 0.0 0.0 0.0 0.0 0.0 0.0 0.0 1.6619047487267644e-06 0.0 0.0 0.0 0.0 0.0 0.0 0.0 0.0 5.738486958445819e-06 0.0 0.0 0.0 5.316319301935526e-06 0.0 0.0 0.0 0.0 0.0 0.0 0.0 0.0 0.0 0.0 0.0 0.0 0.0 0.0 0.0 0.0 0.0 0.0 0.0 5.691557814839574e-06 0.0 0.0 0.0 0.0 6.46505587147759e-05 2.7184316611247032e-06 0.004271477149030336 9.609504553827905e-05 0.00258924502792247 0.00015355664430179245 0.013924529421037866 0.0005904303882413735 1.336762284367143e-05 6.836795351647654e-05 7.373420965984127e-05 0.0 0.0 0.0 2.287595148567108e-05 0.0 0.0 0.0 4.124443824883149e-06 0.0 0.004447141766967341 0.0
0.007304568122932325 0.049143302547160254 0.02391300412025458 0.0005993068894213388 0.0 6.523784075108277e-05 0.04094819509221364 0.0002915363247693984 0.1666536381973813 0.0005058041477620576 0.018685300245270344 0.000102846268483915 0.0032430842164984644 0.03570581794236749 0.00021460369492255324 6.694501489492803e-05 2.289962125210214e-06 0.0 0.0 2.4172491997390157e-06 2.8267957964679503e-06 0.0 0.0 1.8933632713404766e-06 0.0 3.989073125160355e-06 0.0 0.0 0.0 0.0 0.00281149205672283 0.0005450626921747985 5.2550827116503126e-05 0.0 0.0 0.0 0.00011379136304125702 3.800021780670766e-05 0.0 0.0 0.0 1.0696167776615601e-05 3.0254465858097476e-06 2.5239549859379077e-06 0.0 0.0 0.0008406647312169911 2.776274169431076e-05 2.307477070507326e-06 0.0 9.630508621963456e-06 7.109967652287214e-06 0.0 0.0 0.00015117374262191966 0.0003768061450327035 0.0005202755824765964 0.00410458408826044 0.0009026838093988229 0.0009562578674508178 1.9417000271960523e-06 6.590166127410307e-05 0.0 0.0010462705251771686 0.0002663059928938602 8.247433057742573e-05 1.249010222908647e-05 1.2610127983489481e-05 0.0 2.4917594017978295e-05 0.0001794688908466034 0.0 2.8676156612073243e-06 0.00404742333840573 0.0033137047940962213 0.0018604381918023473 0.00014400454152670584 2.7267194886849546e-05 1.6941437125123024e-06 0.0003437799307488844 0.0 4.7960543399664975e-05 0.0005388825326210148 1.729282624678842e-06 5.1552145371164024e-05 0.00023187925403503988 2.287736787561993e-05 1.0320589732117023e-05 5.435615782163953e-05 1.828414401108123e-06 1.1754149242873356e-05 2.2984286616442e-06 0.0 4.258123863350309e-06 0.0 0.0001175787320097725 0.0 0.0 0.0 0.0006815028637541646 0.0 0.0 0.0 0.0 0.0 3.474130934738475e-05 0.0 5.069978177062036e-05 3.311686654808482e-05 8.705847562918557e-06 2.0672381005706583e-05 1.5545878311003267e-05 5.230220246673852e-05 6.691855318398398e-05 5.391341002171666e-05 9.633792372075703e-06 0.0 0.0 0.0 0.0 0.0 0.0 0.0 0.0 0.0 6.6955447254415685e-06 0.0 0.0 0.0 0.0 0.0 0.0 0.0 0.0 0.0 0.0 0.0 0.0 0.0 1.4814594170444263e-05 2.7802574513099618e-06 0.00011338780359887988 2.9519690482963618e-05 0.0 0.0 0.0 0.0 0.0 0.0 0.0 0.0 0.0 0.0 0.0 0.0 0.0 0.0 0.0 3.370550111339618e-06 0.0 6.849199500480406e-06 0.0 0.0 0.0 0.0 0.0 0.0 0.0 0.0 0.0 3.1872658935338207e-06 0.0 0.0 0.0 0.0 0.0 2.1838860435422036e-05 0.0 0.0 2.5736642432447294e-06 2.2812230984519565e-06 1.5425299179891302e-05 0.0 0.0 0.0 0.0 0.0 0.0 0.0 0.0 0.0 0.0 0.0 2.2484229979622348e-06 0.0 0.0 0.0 0.0 0.0 0.0 0.0025944842911078455 0.0001457422354773608 0.00691965517538086 0.0005525336590031707 0.002044653907986265 0.0008799283642784069 3.737289470387114e-05 0.0003992767338312045 3.7701093143401084e-05 3.140154580859248e-06 0.0 0.0 7.964586358329672e-06 0.0 0.0 0.0 1.777490526449705e-05 0.0 0.0013143774520391963 2.685995033722987e-05
0.001860016959034442 0.0017690409221980973 1.6549773628218952e-06 0.002845548832847798 6.523784075108277e-05 0.0 0.002425415642909633 0.0 6.52081451575368e-05 0.013953683572493108 3.6607515434110416e-06 0.009026203458298413 0.005528765627099875 0.0005834498746104795 2.3906579859237752e-05 0.00010893147622722426 6.210816496246952e-06 8.452707613634927e-06 0.0 0.0 1.2807032773904746e-05 6.055260904016111e-05 2.6444715282358935e-06 1.6675128082296613e-06 1.1700146291157183e-05 0.0 0.0 1.8886871745432834e-06 5.643234416352837e-06 0.0 2.0317261488957657e-06 1.0302388981339916e-05 0.0003128380965986376 0.0 0.0 1.056341334020232e-05 0.0004047304238762233 0.0001579880540743416 0.000654472687744543 4.418138666872344e-05 7.091450522688229e-06 4.888945324691732e-06 2.404545387877387e-05 7.043576440646553e-05 0.0 1.2543963338266901e-05 8.699802297651674e-05 2.13443095788239e-06 0.0 1.3512557673907491e-05 4.704935992577647e-06 8.851973705077918e-05 8.4349092376924e-05 0.0 9.836434979291136e-06 2.513979015940142e-05 0.0006064128851009862 0.0013694987040461816 7.128169980505974e-05 1.2689987748160941e-05 0.0 0.00024703932599176744 0.0 3.309681141287404e-05 4.891073089940927e-06 1.7551443989425525e-06 3.052713428062059e-06 4.402634692535576e-06 1.8142927363477206e-06 2.8088253012869847e-05 0.007479670337250515 0.004500516696926681 0.0008470167403175783 0.0001683137849941174 3.938646538983081e-05 5.447327421389684e-05 3.449918324837881e-06 2.484883053763221e-05 0.0 8.760898317531508e-05 8.854941241745234e-06 7.945272086401111e-05 1.6483105601010776e-05 6.146271196651722e-05 2.196484968255203e-06 1.7114662735342522e-05 2.3020867997229875e-06 0.0001525182640746311 5.918120416528951e-05 0.0003443700381867328 5.258620417147409e-05 0.0001483459856037476 1.3798551025943157e-05 2.3030414826770178e-05 2.7622810152801874e-05 0.016947579576061304 0.0065102663254887096 0.000680424207243569 0.003422594050224814 0.0028333093032817053 0.0 0.0 2.7637161945945396e-06 0.0 0.0 2.6636086941749837e-06 9.105013830291777e-06 6.71068969186791e-06 1.1951037622806906e-05 1.2756122879959042e-05 1.1753958423318544e-05 4.240862479077632e-05 3.709022224815439e-05 2.580601221012554e-05 1.602085693307734e-05 2.376883205671413e-05 2.360225447257127e-05 4.542135745128803e-06 4.311605496042734e-06 0.0 0.0 0.0 1.3732572747819109e-05 6.675635503583709e-06 0.0 2.5992629918340885e-05 7.877529643328913e-06 4.663972695139574e-05 6.904907361312308e-06 4.359141814751088e-05 8.491123915261883e-06 0.00012590634506556343 0.00010658817952759185 4.754876497742297e-05 0.0 3.1418589811228317e-06 0.0 0.0 2.577561541832217e-06 1.728765300144441e-05 0.0 2.357974768772027e-05 0.0001591340997828495 0.00010936641162014703 0.0 5.484186062990711e-06 3.752495041104064e-06 0.0 0.0 2.6019180042345313e-06 0.0 0.0 1.0655237999812655e-05 0.0 2.12904628447166e-06 1.3140291239176162e-05 0.0002784599185178301 2.221828654706295e-05 0.0 0.0 0.0 0.0 0.0 2.1185206778282132e-06 0.0 0.0 5.941531177217615e-06 7.122083676313503e-06 0.0 0.0 0.0 0.0 0.0 0.0 0.0 0.0 3.0341317505683325e-05 0.00018070611738954374 1.6204262003267856e-05 7.712698439751684e-06 5.661443181551245e-06 4.414499343601659e-06 0.0 0.0 0.0 1.980656984228313e-06 1.2470494629338252e-05 0.0 2.42751676745914e-05 0.0 0.0 0.0 0.0 4.424020094469464e-06 5.875688253764447e-06 4.14945263573685e-06 0.0 6.125796461961223e-06 0.00016379592429504754 0.0001138838186775286 0.002623840463607408 1.573230112884662e-05 0.0004179470926776217 6.956083359487849e-05 0.0020356708447708326 7.316480741582031e-05 2.9282352173800966e-06 5.2494722605423295e-05 0.000323906835739633 1.724182145191745e-06 1.4958209292639243e-05 4.6087048005945494e-06 8.655829076162508e-05 0.0 0.0 0.0 0.0 0.0 0.003591763613217375 0.0001251792130313041
0.030449497782950766 0.056916863005153355 0.004492109342923196 0.041157180429610765 0.04094819509221364 0.002425415642909633 0.0 0.00014603320667551633 0.07396707672870242 0.048305761863572716 0.006199913689592791 0.0058241332501707795 0.06741734123433898 0.07273452348679839 0.0005217119100158149 9.363965634362844e-05 0.0 4.723003042453349e-06 3.5879101219655788e-06 2.799028752555958e-06 2.2663932641597357e-05 0.0 0.0 4.976839355899009e-06 0.0 7.350961046415787e-06 0.0 0.0 0.0 0.0 0.0020160210493488833 0.0005485407706318314 0.00025140448944832453 0.0 0.0 0.0 0.0003992626930739354 2.5422208952323304e-05 9.742013138326767e-06 0.0 1.998906686581881e-05 7.285118122962619e-06 1.745455726866513e-06 1.197084812734841e-05 0.0 2.027946013514934e-06 0.0018055198145663677 6.000120184343717e-05 1.3388813736872445e-05 3.828749588319936e-06 1.9962539131308797e-05 9.728204799275367e-06 0.0 0.0 0.00032310948160035066 0.0009008780219988853 0.0008574565025862623 0.006147509707410268 0.0016688952228839935 0.0018467916698960481 0.0 1.387035769654939e-05 0.0 0.001353830257119388 0.0006047894771797384 0.0001759730109605153 7.241102119729265e-05 1.9201722611529714e-05 3.88766270882054e-06 1.0136610295066525e-05 0.000607446881058056 0.0 0.0 0.0075390118335310246 0.005451138491164612 0.003430796814498347 0.000273571069747833 2.6210404134613817e-05 2.4518613227212353e-06 0.00021733542861484393 0.0 1.0869801359043287e-05 0.001363684975919569 1.613774332416458e-06 0.00011423053946239203 0.0005567500179361332 2.3697574437573613e-05 1.949224894569647e-05 9.633154360533536e-05 0.0 1.195654136761984e-05 1.6163776199962439e-06 4.375499515776085e-06 4.090398690404795e-06 0.0 0.0029668766140791554 4.349032105688006e-05 0.0 1.9985549170932368e-05 0.0017380657679004665 0.0 3.903201908447124e-05 0.00011163558700797333 0.0002601828313955249 3.267175449387781e-05 0.0002980661481816461 0.00024753423991437184 0.0003696777342888047 0.0010940081390522548 0.0009623461705417322 0.00018912202023629862 0.0019164785074947685 0.002723848049381508 0.0029255908650504753 0.0002103849002415803 2.229085344277556e-06 5.041394832537162e-05 0.0 0.0 0.0 0.0 2.4372066353377245e-06 0.0 0.0 0.0 0.0 0.0 0.0 0.0 1.7854615553850577e-06 0.0 2.9288772361329134e-05 2.5061010942262348e-05 0.0 2.0662558123876996e-05 2.0673867871677684e-05 0.0 0.0 0.0 0.00022034359827094801 0.0 0.00036508433983158394 0.00010015287807296834 5.6960744628167676e-05 0.0 0.0 0.0 0.0 0.0 3.428838310519516e-05 0.0 0.0 2.0043680440110382e-05 0.0 0.0 0.0 2.6629345032452247e-05 5.708402347434113e-06 5.527006988794883e-06 0.0 6.9422144924736615e-06 0.0 0.0 0.0 0.0 0.0 5.5959178327225e-05 3.2622124363079724e-05 0.0 2.9171651389402525e-06 2.3803813351928405e-06 2.287943763172446e-06 0.0 0.0 0.0 0.0 0.0003226547281973172 0.0 8.648757405231594e-06 0.0 0.0 8.111740089234306e-05 0.0 2.808084590660417e-05 5.6527848078581544e-06 0.0 0.0 0.0 3.578146928492733e-05 0.0 0.0 3.7957217764948055e-06 0.0 1.8350128395431035e-05 2.24775589279861e-06 0.0 0.0 0.0002131788753290465 0.00022876530533970805 0.00030991926903973567 0.012569163533119656 0.0004784771736883547 0.014405789917757284 0.001266194057732609 0.009172637432471794 0.0019082386368322454 7.529988906838461e-05 0.0006824469110622741 0.00233090101224756 0.0001039926618656518 2.5408869393311565e-05 0.0 0.0004912439361578379 1.1220800445538638e-05 8.021756660229658e-06 0.0 6.213509608951841e-05 0.0 0.004179149532707585 0.0002605499995133908
0.001533789797325972 0.005103272880947339 0.047471741929765485 4.457950228362785e-06 0.0002915363247693984 0.0 0.00014603320667551633 0.0 0.005043202704449916 0.0 0.0607449816701143 0.0 4.75740726116995e-05 0.021159037376944613 0.000314515346419897 0.00012122446389159821 3.1668119200108825e-05 6.772843691687447e-06 0.0 0.00019456150083956196 0.0007924530000793013 6.710287800442868e-05 0.00015348662433828446 2.263511481800352e-06 9.117378072394964e-05 8.193622363088525e-05 0.0 6.830324546052235e-05 3.933303794989194e-05 0.0 0.023454579770316106 0.07497091972077913 0.00031560444635751457 0.00019848073388044793 0.00024180715633252171 0.0002684224840149035 0.00012756418039646427 0.00047233202214452276 2.3306646995298977e-05 5.3287317832221716e-05 0.00024498837426387225 0.00010537164011422784 0.0005421205992597088 6.512908874319112e-05 8.284664789737167e-05 0.0002656980971298991 0.0009239338747260814 0.0001592295058710776 0.00013914561746093362 0.0001732265984103641 0.00020301590420297385 5.934089163694721e-05 4.373300256800355e-06 4.428568062296254e-05 0.00012932319779630433 0.00024198558775462246 0.0005456509070643023 0.007964998533656589 0.0009148383422106161 0.0006648383758974573 0.0018678228454759162 0.0008044593379723711 0.00011005404756852524 0.0101049108099657 0.00023124038176946773 0.00025207385378826433 0.00012655162835932497 0.00027167996870592145 0.0007117029328089847 0.0014254552185324215 4.684137742413917e-05 2.5841394735257054e-06 0.0 0.0036011406824305683 0.006004788378412656 0.0022715804953049707 0.00405729719017382 0.005467260663613104 0.014516327394582688 0.048594802908192306 0.0011584364974275773 0.02953587326275584 0.0003890866599676968 4.4576701052563215e-06 0.00017336935369964522 0.00026376285876168114 0.00033300557631345376 4.996074348663199e-06 5.122443771952906e-05 0.0 8.442481186610817e-05 2.340630288943881e-05 0.000594649362038302 0.0001467990783869415 0.00011064504842352933 2.024933786907882e-05 1.7366174739397532e-05 2.7057770171016973e-06 1.0561738707789286e-05 0.0004564343590793106 0.0 0.0 0.0 0.0 0.0 0.0 0.0 0.0 0.0 0.0 0.0 6.975898850780385e-06 2.1411627155796654e-05 1.141715834710981e-05 1.4572655329028114e-05 0.0 0.0 0.0 0.0 0.0 0.0 0.0 3.2557455361527755e-05 0.0 0.0 8.809999140327161e-05 0.0 0.0 0.0 0.0 3.119203000822575e-05 2.660293013590565e-05 2.1698946194886122e-05 1.2197082137764398e-05 0.0 0.0 0.0 0.0 0.0 3.6692951709451713e-06 0.0 1.3199650114156807e-05 1.1966198618075854e-05 7.951995829677085e-06 1.5110847635516113e-05 0.0 1.9809458850342983e-06 0.0 0.0 0.0 4.511147285492469e-06 0.0 0.0 0.0 3.2075166823947935e-06 0.0 1.1014376176385936e-05 0.00012756124635498946 0.0 0.0 2.0681112399682658e-06 0.0 0.0 0.0 0.0 0.0 0.0 0.0 0.0 2.389345274599703e-06 0.0 3.622230418241973e-06 1.1669470902803777e-05 0.0 4.3400358287272565e-06 1.251449240294347e-05 3.162920931190008e-05 0.0 1.9183249624854406e-05 6.037720007259545e-06 2.260820200963191e-05 0.0 0.0 0.0 0.0 0.0 0.0 0.0 0.0 2.1618563075782334e-06 3.902572458342318e-06 5.5592271250510135e-06 0.0 1.1321903642395206e-05 4.746468504747727e-06 6.7269260189347424e-06 5.053765333521749e-06 0.0 1.1935876118685814e-05 1.2287547907718398e-05 0.0036184937799242337 0.00037933351708801594 0.0056016362620014745 0.0009456331753364873 0.0008556512898076108 0.0004805961924052209 2.4209383523561113e-05 0.00018823688655754197 4.6427485357295026e-05 2.0027119083735186e-06 1.821305787511398e-05 0.0 0.0 0.0 0.0 0.0 4.24676345931847e-05 0.0 0.0006797172976296635 3.5858910984200206e-05
0.000794125665015511 0.029509514196703446 0.012563521314372187 0.0002797319008072708 0.1666536381973813 6.52081451575368e-05 0.07396707672870242 0.005043202704449916 0.0 0.0006196490443389259 0.06031556078855258 0.0002634439141800684 0.014646319393419606 0.06510046987480743 0.00024070755050628148 8.025120618161443e-05 0.0 0.0 0.0 0.0 4.034550513593588e-06 0.0 0.0 0.0 0.0 0.0 0.0 0.0 0.0 0.0 0.00072191260460405 0.0002781460683094786 8.864468378707473e-05 0.0 0.0 0.0 0.00021436751934054458 0.0 6.294387319620402e-06 3.148840432568231e-06 0.0 3.923806985614867e-06 0.0 2.8397733071776984e-06 0.0 0.0 0.000508316762341853 1.8788953963011254e-05 1.8757529671511743e-05 2.7968399250492236e-06 6.36514918955752e-06 0.0 0.0 0.0 5.178431705006059e-05 0.00012240830090408457 0.00014794419264159588 0.001194192007111416 0.0002641312646623926 0.00045585789536684425 0.0 2.7718487968076026e-05 0.0 0.0005086542084058613 8.38298050725834e-05 2.6407745520170503e-05 3.7338350512650437e-06 6.993837161063106e-06 0.0 6.0659195754957804e-06 0.0002747617199089175 0.0 0.0 0.0014183984031582752 0.0013623307086761281 0.0011818549258820203 0.00010055282797264664 5.191622348437229e-05 0.0 0.00024059199171044354 0.0 2.475561111428923e-05 0.00020994814035928732 0.0 2.5645014062552347e-05 0.00010769151702104598 3.498503018901678e-06 1.7422145931215083e-06 1.719588762310911e-05 0.0 5.570592210522596e-06 0.0 6.441201595258327e-06 0.0 0.0 0.0007230973270192707 3.1475255586225384e-06 0.0 1.910960548914838e-05 9.301651384281178e-05 0.0 0.0 1.0896249967044563e-05 0.0 9.752286735944825e-06 5.568381629586614e-05 3.823449638791544e-05 5.944975393854155e-05 0.00011328628479703293 0.00014977968759310485 6.172052928472843e-05 0.0002464812834902706 0.00035833658331398073 0.0002818383017718947 6.497968733602904e-05 0.0 0.0 0.0 0.0 8.209655149296891e-06 0.0 0.0 0.0 0.0 0.0 0.0 0.0 0.0 0.0 2.711076101581443e-05 0.0 2.475863624029819e-06 0.0 0.0 0.0 0.0 0.0 0.0 0.0 8.504795627512038e-05 0.0 0.00021070886554010613 5.327102591305791e-05 2.692914316157428e-05 0.0 0.0 0.0 0.0 0.0 2.136206699216866e-05 0.0 0.0 0.0 0.0 0.0 0.0 5.331795429338594e-05 0.0 2.099252482461486e-06 0.0 0.0 0.0 0.0 0.0 1.2670072420077326e-05 0.0 1.9662218919884796e-05 0.0 0.0 0.0 0.0 0.0 0.0 0.0 0.0 0.0 0.00011693129016520693 0.0 0.0 0.0 0.0 2.1958730735494384e-05 0.0 0.0 0.0 2.168077279491188e-06 0.0 0.0 0.0 0.0 0.0 0.0 0.0 4.556521885792175e-06 0.0 0.0 0.0 9.038435157520468e-05 4.292877599884807e-05 0.00010085624505823221 0.0024184015890528028 8.048311084034731e-05 0.0032189319640951878 0.000492618719174895 0.0008707799915383794 0.000314592185892655 1.0652634966658943e-05 0.00019569451624394985 0.00048698352983818594 0.0 2.3003407499112406e-05 3.418906330789786e-06 0.00012913986498311856 0.0 0.0 0.0 1.733971595435333e-05 0.0 0.0004644519956909256 0.00014011362025595427
0.01587564706329497 0.013609423432249301 3.910114906557561e-05 0.03745476372518006 0.0005058041477620576 0.013953683572493108 0.048305761863572716 0.0 0.0006196490443389259 0.0 6.437462804114371e-05 0.06442049649669912 0.12455976078362452 0.0039475507508515825 9.42798050648091e-06 6.879131455848263e-06 4.796519710696775e-06 0.0 0.0 0.0 0.0 0.0 0.0 0.0 0.0 0.0 0.0 0.0 0.0 0.0 6.856330032883328e-05 5.62945164712178e-06 0.0002932914372378689 0.0 0.0 0.0 0.00046256642396364737 2.3396404443065506e-05 5.729578025955958e-05 0.0 0.0 0.0 2.2328190469000495e-06 2.1021500137947937e-06 0.0 0.0 5.939226445913288e-05 1.2224945863584163e-05 2.321712209296324e-06 0.0 0.0 0.0 2.7196854728128567e-06 2.1335505164564867e-06 4.575367275910653e-05 0.00011402087075195537 0.0005351623514721747 0.0019288982839402087 0.0003185204135312897 7.447825657550433e-05 0.0 0.0 0.0 2.057644418469004e-05 5.0540400119102476e-05 1.5134845484368418e-05 1.1611241043522439e-05 6.494676994511962e-06 0.0 2.7516019515507616e-06 0.003972288003598143 2.5867685853519107e-05 5.461570638206502e-06 0.0007850897346063522 0.00014895744854846634 6.639572083395407e-05 2.7328082608103338e-06 3.7784831379130613e-06 0.0 2.6858906935904157e-05 0.0 0.0 0.00012460544903389925 1.8790492604688229e-06 1.259173615873149e-05 6.331679592299086e-05 0.0 2.0086671322531376e-06 4.986272456984636e-06 1.8466968226546893e-06 1.9694571484911956e-06 3.1737802939561257e-06 0.0 0.0 3.207303982197696e-06 0.009033148999157366 0.0004528924584779101 2.7713181912321875e-06 0.00015569473098070595 0.007291428836167285 5.826585548215855e-06 9.352939495305823e-05 0.0001219776584422929 0.00012529374877990213 2.3413423003094043e-05 0.0003112551241043328 0.0005997324736383714 0.00034027172175693363 0.0013839481022824656 0.0012850355723059283 4.859546213848734e-05 0.0009348073708605579 0.002054181302427691 0.0011015846480491806 9.270495652223093e-05 0.0 6.215431021934459e-06 0.0 3.135011103365801e-06 0.0 0.0 2.4511654674113528e-06 0.0 0.0 0.0 0.0 0.0 0.0 0.0 0.0 0.0 0.0 0.0 0.0 3.671364163771483e-06 8.723976438330019e-06 0.0 0.0 2.440153652542245e-06 4.3115296261877406e-05 0.0 0.0001187115060910302 8.262831216275545e-06 1.051726706562295e-05 0.0 0.0 0.0 0.0 0.0 0.0 0.0 0.0 0.0 0.0 0.0 0.0 5.880675768075095e-06 0.0 1.3833852898009504e-05 0.0 0.0 1.938818524705351e-06 4.713282694331211e-06 1.0735355879735257e-05 0.0 0.0 5.142187578699351e-05 0.0 2.5056355453977077e-06 0.0 0.0 0.0 0.0 0.0 0.0 2.1181717324689795e-06 8.97623529740126e-05 0.0 0.0 0.0 0.0 2.9302818207119768e-06 0.0 5.819886000859432e-06 0.0 1.5953757399249215e-05 0.0 0.0 6.578803866068134e-06 0.0 0.0 2.054800176676705e-06 0.0 0.0 0.0 0.0 0.0 0.00019839357933862202 0.0003265936712444459 6.264802274203193e-05 0.024902869681966127 5.120581627524013e-05 0.0008274909071302349 4.707499793230892e-05 0.016830399089932585 0.0001800606848748904 2.029302613336613e-06 3.883002246505537e-05 0.002857297582278909 0.0 2.077026902027761e-05 0.0 0.0015830091633352995 0.0 0.0 0.0 0.0 0.0 0.008630265572962629 0.00031881995252745635
0.0030880024326569748 0.012903757585290589 0.06846360495692624 2.8076540635808488e-05 0.018685300245270344 3.6607515434110416e-06 0.006199913689592791 0.0607449816701143 0.06031556078855258 6.437462804114371e-05 0.0 0.0006827050334373469 0.009272691320738081 0.12487003535422285 0.0006682269439544405 0.0003563546834583853 2.4764021804200178e-05 7.105536389700148e-05 4.231889990954715e-06 0.0001933066073317458 0.0010023860585698283 5.4697473324580324e-05 3.4527635207279554e-05 2.2848902177711252e-05 9.156926824473216e-05 0.0003154511286970225 1.5279343083397887e-05 0.00040764385658467153 0.00014752344659076894 0.0 0.010571312926550776 0.0030002223214872 0.010997528348719325 2.4311884918902314e-05 1.0297157854064292e-05 0.00020097325083587837 0.004292242265668207 0.0015224923014128327 0.00032768032093176647 5.72299734646088e-05 0.0006034229362953189 0.00033416804509776626 0.0001005073463861832 0.0002878572886418192 1.9756892388235446e-05 2.3285258413039178e-05 0.001403301943571618 3.7317626745719595e-05 4.721299290976252e-05 2.2768927412454754e-05 0.00024073809690061576 0.0003946597984743588 5.713474585627098e-05 8.622790120475375e-05 5.6995671348989264e-05 0.00017785855215666496 0.00033234387210650943 0.004268180406269029 0.0005217653636616393 0.0006231460298335148 2.271304959500604e-05 0.0003235142842957339 5.798519044815842e-06 0.001966169278330336 0.00013662465605217158 8.667967871322339e-05 9.19104938080561e-05 0.00013364630475019382 0.00024633980376610694 0.0010381132566107455 0.0018249137460262825 7.89400480015055e-05 6.855320355733601e-06 0.0022632271146125625 0.002983133009511353 0.0027310823401717854 0.0004414958526689839 0.0002730343898771365 0.0025470400563192717 0.011481590781390825 0.00011023882832049291 0.00048691148616969264 0.00024607765280859297 0.0 6.61536311178766e-05 0.00016695471087887776 6.441183836318426e-05 4.704413146997461e-06 2.6654987109801836e-05 3.251151873403261e-05 4.314274743581967e-05 5.0231047782084015e-05 0.000628950161899142 0.0002120312529421636 0.0003184568043415451 0.0003641820378630546 4.643783668207839e-05 5.29303066576194e-06 0.00020675391451331127 0.0007269197051426552 0.0 0.0 0.0 0.0 5.244229709536023e-06 7.5658136880915144e-06 2.7155370556912373e-06 8.106163273253184e-06 2.4618467828115257e-05 1.1664998855717195e-05 2.9329594770329243e-05 5.58496265309726e-05 7.011586916183067e-05 6.740653399609688e-05 3.297179763530823e-05 2.8348618662629035e-06 3.600052809844326e-05 0.0 4.1283304375755675e-06 0.0 1.4748079562158158e-05 0.0 2.3160594725749925e-05 2.668895922399722e-06 3.393170115793143e-05 8.641224103633678e-05 6.501564181097285e-06 5.0979545627469605e-06 1.172440225526063e-05 2.820563896955158e-05 2.1975959451459283e-05 5.510020880811978e-05 3.084457062447215e-05 1.2258119715975245e-05 0.0 0.0 0.0 2.7176431947242198e-06 0.0 5.085713640961395e-05 0.0 5.201979334200741e-05 0.00010025352444781066 5.536139116557356e-05 6.822027635481175e-05 3.9090164855935435e-05 2.883087794121045e-05 0.0 0.0 1.5224683203561013e-05 0.0 0.0 1.162766539145728e-05 0.0 0.0 1.3900221974581808e-05 5.246111075854741e-05 0.0001253794226891957 4.353035220079289e-06 0.0 2.4253824380172614e-06 0.0 0.0 0.0 0.0 0.0 3.128145771980157e-05 3.5077506433800284e-06 0.0 0.0 0.0 0.0 7.4497699561583275e-06 0.0 4.556218482700024e-06 7.902408442459269e-06 9.511588018094096e-05 4.471409800153204e-05 3.4536453869398685e-05 8.00374532966396e-06 2.8285554071893937e-05 1.0548249800672641e-05 0.0 3.6890806145184762e-06 2.9851213253564465e-06 0.0 2.9643736423747416e-06 5.714134821286748e-06 6.790208525601439e-06 0.0 0.0 0.0 0.0 7.900684069748948e-06 1.7861925978208475e-05 2.0359602312761928e-05 0.0 5.880390810873242e-05 6.875804287926644e-05 9.503786487808632e-05 0.006185055624565139 0.0004714488082377004 0.00615530137486901 0.0013887042356704514 0.0013369800541309597 0.0005502227763124621 2.8446074280088836e-05 0.0007341237648997162 0.0002877773442804785 1.0892345035674885e-05 2.392552518791773e-05 9.864205712381188e-06 4.815147388424515e-05 0.0 3.845160578885941e-06 0.0 0.00010510668131057128 0.0 0.00046140248472384545 2.7248804970287107e-05
0.011385682696527108 0.000604519649297108 3.132736763255903e-05 0.06523922882073822 0.000102846268483915 0.009026203458298413 0.0058241332501707795 0.0 0.0002634439141800684 0.06442049649669912 0.0006827050334373469 0.0 0.0322758500847798 0.00696898059419187 0.00011067272260192464 0.00030869619939956686 7.240503238917139e-06 4.206169703030243e-05 2.636757227929586e-05 4.600154685195557e-06 6.704497215675143e-05 6.434674650549883e-05 0.0 0.0 4.591892707324329e-05 3.274228521772755e-05 3.5169164444332746e-05 9.075882350235053e-05 6.196095149232293e-05 0.0 0.00010148055512029826 6.122948391056524e-05 0.0029370920365406877 0.0 3.2113165357962893e-06 9.184632653472025e-06 0.007670238525463261 0.0014225279664173878 0.0010455543590338723 9.997013680040249e-05 1.5799763219828888e-05 0.00010518032099382105 5.871716662763622e-06 0.0002119784737798591 5.351791385044767e-06 1.2934603024652887e-05 0.000408399386766717 6.551889403927041e-06 2.3660805035917716e-05 0.0 1.0210929677570527e-05 0.00016231326907545962 0.0002133805833020825 5.005199975839505e-05 8.437815546725229e-06 6.590759169144056e-05 0.00020743531269765578 0.0012172060185804024 0.00018690369622442122 6.755023664086102e-05 6.595227323511719e-06 0.00016223563324909297 0.0 0.0001599347542099389 6.328633959548637e-05 1.2278719195769379e-05 1.9078794237271947e-06 0.0 0.0 2.5715342390460937e-05 0.007508895641755783 0.00011987307942277838 7.573671128506539e-06 0.00047516525746490047 0.00022675469362897846 0.0002140189085515973 4.071829848706455e-05 0.00010900087017537945 1.4232093817754921e-05 0.0004441143572177748 6.680888676878567e-05 6.32485738613283e-05 6.038438837243827e-05 3.174810973978185e-06 4.264288988740221e-06 3.3871225479702985e-05 3.2628749618022806e-06 0.0 6.408444238348882e-06 3.5299407440978616e-05 0.0 2.0242162544965725e-05 3.388023330760744e-06 1.1641115116958669e-05 0.00015001151579680275 0.014914770679102048 0.00019274560827206653 2.1987749555685957e-05 0.0004577739086649148 0.0026305263917905664 1.0208918439462805e-05 5.117250274293492e-05 0.00022330036126619866 3.868596095231517e-05 0.00013802451186823965 0.00037133420945791875 0.0007162047346431738 0.0006520228255746909 0.0011156487499282522 0.0014942476534561169 0.00031794602415459715 0.0017970710841411076 0.002076471426430915 0.0013997227055623533 0.0003533971089711746 1.748135673022118e-05 2.3185662817878663e-05 0.0 0.0 2.1608027292095964e-06 0.0 1.9751714817648203e-05 1.3334222170436194e-05 0.0 0.0 4.281767881862777e-05 2.0363620463734122e-06 4.149260238740384e-05 0.0 1.5219064458163046e-05 1.0828087186657025e-05 6.0987317739452774e-05 2.5170909775678432e-05 2.5168061094151155e-05 2.81102715540866e-05 5.123860734360425e-06 0.0 1.3166294092697397e-05 3.8061230705589425e-05 0.0004082938542663541 0.0 0.0004862882762459666 0.00017248322635986 9.067913343986982e-05 0.0 2.016372705745139e-05 0.0 2.8553894706913914e-06 5.00051293872117e-06 1.6609708523829057e-05 0.0 7.2329551806069835e-06 2.097874714390527e-05 0.0 0.0 5.065543988575128e-06 7.354621805083129e-05 1.757004444356344e-05 0.0 0.0 0.0 1.92880475971443e-05 1.5615725137568544e-05 6.694802819012458e-06 0.0 0.0 0.00017948176238885376 9.890872617953172e-06 0.0 0.0 0.0 0.0 4.566135374963619e-06 0.0 0.0 0.0 0.000665704476979391 1.6019010563064976e-05 2.8465008414021604e-06 8.751655196394651e-06 5.916196446564296e-06 6.575681930938368e-05 0.0 1.0489348129345327e-05 1.723986860459351e-05 9.276945811142681e-06 1.9198434281748165e-05 3.876914479363146e-06 1.915015667995458e-05 0.0 0.0 0.0 0.0 1.1268395040539032e-05 0.0 2.303616663700436e-06 0.0 0.0005156182898016122 0.0004790594221592316 0.00046362035204092173 0.014217844995041222 8.230804291179314e-05 0.0018333936487340172 0.0005041672962215343 0.005113698966288039 0.0002067561353985032 4.864207095966756e-06 0.00034200977902802086 0.004231873769129933 5.5755240055232385e-06 9.514914206475333e-05 2.220833289023179e-06 0.0013980136045226436 1.1413903983209005e-05 0.0 0.0 8.204742690677803e-06 1.3769475977589443e-05 0.002915211688117657 0.0007534494390599567
