0.0 0.06888854219400328 0.007146136729434317 0.03967712110248219 0.003483287111728923 0.0017364087845424315 0.010693116973981471 0.0008848916821437766 0.0008461868800354204 0.01723422844302235 0.011298998322408367 0.0008882432873195538 0.0022763562432153266 0.006039250312263387 2.84245296734863e-05 5.6242864388986435e-05 3.956018595260369e-06 2.7382872737582067e-06 2.987424198479915e-06 0.0 8.860965649213203e-06 0.0 0.0 0.0 3.63944201200323e-06 2.889312586007631e-06 0.0 0.0 0.0 0.0 0.01600844932387328 0.00019057402011860095 0.00038474325074089837 3.2846644683968696e-06 5.795415570535235e-06 0.0 2.0210842905253606e-05 0.0 0.0 0.0 3.0810432443194923e-06 0.0 1.5073953381241503e-05 4.2779145154397435e-06 0.0 5.751766472844983e-06 0.00014706399417898887 5.7767542155267814e-05 2.5496135188439496e-06 7.724549723575897e-06 9.463369421040391e-06 5.260054623554409e-06 0.0 0.0 0.0003454005960563551 0.0002354942948841992 0.004232296282840839 0.02589506426171247 0.0009479420041715688 0.00046049391138154935 6.3318951952968e-06 5.8931529395476596e-05 0.0 0.00019276919996286942 2.6274313614048897e-05 1.8301551640409e-05 1.049541046274976e-05 6.454767183605666e-06 7.966523980771108e-06 3.9074044821738097e-05 0.00018439407872206166 0.0 0.0 0.004497925241717983 0.00018019799299854865 0.00037499269169570537 5.1009854242153406e-05 3.946097351786044e-06 0.00020155340196684353 0.0014918151395117828 2.913395254967724e-06 0.00026795883807901867 0.00030857151264137564 0.0 2.4318740667253143e-05 2.6923289169705094e-05 1.6855815289687724e-05 0.0 0.0 4.7097125026279706e-06 0.0 2.6207845776741923e-06 2.306018081673349e-05 0.0 3.0855733275850898e-06 0.0009496183420235032 4.650031283774283e-05 0.0 9.038654654391361e-06 0.019179657917672285 1.4162110415096807e-05 0.00038228897400805867 0.00031710497874969665 4.864327494586783e-05 5.071031301896041e-05 0.00012636701174785934 0.00023315111794188905 0.00020113515129597915 0.0004531774513400357 0.0003367797876154383 7.305383205496846e-05 0.0004326637878165021 0.000643300134327542 0.0001242833122772893 0.00025839178452146766 0.0 0.0 0.0 0.0 0.0 0.0 0.0 0.0 0.0 0.0 0.0 0.0 2.2052194958536587e-05 0.0 0.0 0.0 0.0 0.0 0.0 9.931596460012657e-06 7.279522107701155e-05 0.0 0.0 0.0 7.676629026201957e-05 3.616644177376599e-05 2.3573018944062908e-05 9.958612448167891e-06 0.0 0.0 0.0 0.0 0.0 0.0 0.0 0.0 0.0 0.0 0.0 0.0 0.0 0.0 0.0 0.0 0.0 0.0 0.0 1.7594681299620562e-05 8.569863862807209e-06 0.0 6.610769368112382e-06 6.98053225863742e-05 0.0 0.0 0.0 0.0 0.0 0.0 0.0 0.0 0.0 0.00020055249511608802 3.5750405988608063e-06 0.0 0.0 0.0 8.539105279554411e-05 0.0 1.4320178221273256e-05 0.0 5.516358228276717e-06 0.0 0.0 0.0 0.0 0.0 0.0 0.0 0.0 0.0 0.0 0.0 0.0002868717471265986 2.4293266472273113e-05 1.5822879867500143e-05 0.010831723040889656 0.000173646698126624 0.001574305281063045 0.00024998085114676967 0.016350807148064587 5.290847914708223e-05 3.563727428119135e-06 3.638562638178172e-05 0.00023985506899616346 0.0 1.9237774198597628e-05 0.0 0.0013025828526157012 0.0 0.0 0.0 4.814342218786374e-05 0.0 0.0024410894357549235 0.00011856403560977485
0.06888854219400328 0.0 0.01585963398646327 0.05306803280652613 0.03473043793097201 0.003978862588185374 0.041753048108569744 0.0021491401120984177 0.05233742119693315 0.031278926123510194 0.1055357679874789 0.002779889633284363 0.027914264943816606 0.024068473898035264 0.000528422799047919 0.001514212399419105 2.223678903040364e-05 3.975912441877575e-06 3.281974305132547e-06 3.2597953545120153e-06 1.366280776729263e-05 0.0 6.711247537812345e-06 9.46132406236489e-06 6.552253451988539e-06 3.309447314088446e-06 4.738882788130676e-06 0.0 0.0 0.0 0.04093183515767214 0.0006875118763843297 0.00043948550037144034 0.0 1.1974248922350145e-05 2.863351477294849e-06 0.00010158770686405774 1.1398900460924434e-05 1.0930477412592088e-05 1.1845941636617388e-05 5.317012094735506e-06 1.743950267542409e-05 4.942754089656704e-05 1.7592532218489424e-05 8.120689655879542e-06 4.440073259653263e-05 0.0027351547695303596 0.00024078988076845645 1.0825400746943026e-05 2.1529236970264602e-05 9.192728443842766e-06 0.0 1.6333703331580972e-05 0.0 0.0013065192542250576 0.0009209672758863206 0.0028819044674151277 0.015323518311359873 0.0020919259330558306 0.0025896652507300397 6.735857425807583e-05 0.00011883491071483655 2.9466947775728434e-06 0.0019527585717780225 0.0002551460468699858 4.51615875664371e-05 6.805088192596792e-05 6.907357570862382e-05 1.17057736780512e-05 6.0925239905530687e-05 0.0001404896564707687 4.505065489545412e-06 0.0 0.01385342033484872 0.0017611127405793637 0.006374062517396405 0.0009478463339489664 0.00024136148819964948 0.0004989273592954354 0.0028422603326799037 2.5342226712921256e-05 0.0009151719632357462 0.00139933512793782 2.974067073428682e-06 6.116265639338898e-05 0.00011445296197452046 4.9734988499362085e-05 0.0 1.339891557091748e-05 0.0 3.770908318599589e-06 0.0 6.212749852500927e-05 5.241355491102244e-06 8.183477653183968e-06 0.00024278800841063004 1.3455271772853802e-05 0.0 1.419995887959582e-05 0.007652911233380301 5.1762802029961e-05 0.00031226833564120167 0.00028906958383059626 4.986594000553065e-05 5.296274424813824e-05 0.00022801523574950122 0.0001422103125004505 0.0003802367198958096 0.0006203945766079652 0.0006383806771641037 0.000121690099415434 0.0009134097492092546 0.0014525977392220487 0.0005198490717744189 0.0004468044367113486 1.4000367985134146e-05 0.0 0.0 3.247116417834168e-05 0.0 0.0 0.0 0.0 0.0 0.0 0.0 0.0 0.0 0.0 0.0 0.0 0.0 0.0 0.0 5.571148562193204e-06 0.0001780200708054098 0.0 1.932489383888042e-05 0.0 0.00011365613978860159 0.0 0.0004161424690200525 4.918646322671081e-05 1.1170776863095483e-05 0.0 0.0 0.0 0.0 0.0 0.0 0.0 2.7329488775839723e-06 0.0 0.0 0.0 4.555026810875411e-06 0.0 0.0 0.0 0.0 0.0 0.0 2.11656739139796e-05 3.610274615481878e-05 0.0 9.707992513016628e-06 0.00028633738207569086 1.3573631734030551e-05 0.0 0.0 0.0 0.0 0.0 0.0 0.0 0.0 0.0005431883775435996 0.0 0.0 8.055848274951404e-06 6.101566141075526e-06 0.00013619281030000238 0.0 6.436971640259787e-05 2.2436151815712393e-05 0.0 1.3253581351316203e-05 3.970155745277794e-06 3.4389543295788804e-06 0.0 0.0 0.0 0.0 0.0 0.0 0.0 0.0 0.0004968725979887412 0.00011699400464805044 6.339444926137925e-05 0.012592278976656678 0.00026563578409559717 0.009962432071733985 0.0015705807328702651 0.021865572334643077 0.0004957126426831375 2.7617783435361215e-05 0.0005690122066773014 0.0005031023516431972 0.0 1.9186337691162585e-05 3.472600128699342e-06 0.0015349534492483505 0.0 4.383148871321168e-06 7.780750321766397e-05 0.0002665841341561473 0.0 0.004152996118992775 0.0003831449202005522
0.007146136729434317 0.01585963398646327 0.0 0.00014705250044691245 0.009291380702492923 0.00219140569868576 0.0012692958397011013 0.05119054862414169 0.010491405563994315 0.0004898701728287623 0.08761570948856878 0.0018996821589534322 0.003090109128425661 0.02838564462361804 0.0002332249298105521 0.0005447964166662923 5.012866758129656e-06 7.275265735356694e-05 6.6658062685626764e-06 0.00019141223418490182 0.0003875462542063926 0.0 0.00023000885096329532 0.00010317289253923282 5.2580815495999276e-05 1.4901364832523101e-05 0.00010061848451507969 0.0 0.0 2.1918000570795607e-05 0.040041785237034 0.006950985264611388 0.002594594365116156 0.00013387511738323382 0.00019405861072367103 5.1046433561092713e-05 0.00019885349902350118 3.715983065241292e-05 1.9759409073533184e-05 4.487816665858837e-06 9.162652542934353e-05 6.888417810338084e-05 0.0004681204383689543 2.7019647330993086e-05 4.501889275230269e-05 0.00011340866824125752 0.0006521875632466025 9.825788841955718e-05 2.2191289379655734e-05 9.41263343139713e-05 3.8231104261564125e-05 1.8401545303860672e-05 0.0 9.918982445165843e-06 0.0002966216433110694 0.0001536173295946201 0.0014711985285419847 0.008314521784107293 0.00048345631642989314 0.0006743672577798342 0.0006401495155847207 0.0017973875602818495 1.7340382527585278e-05 0.0025684478997608025 8.638295746001927e-05 0.00018694809151751537 9.547054002303465e-05 0.0004957938724126803 0.0005045348016890353 0.001131684412961612 0.0009489290489274071 0.0 0.0 0.003916917742497258 0.0009070702267019296 0.0015831163706560027 0.00032807077095001365 0.00014626823108561027 0.004455213375321909 0.027049582709039614 0.0001326567394515295 0.011489776682385155 0.00037736138155337065 0.0 2.9919390142815382e-05 4.20617641376885e-05 0.0002080029914538629 0.0 0.0 0.0 1.876170718646978e-05 1.0802214063450789e-05 0.0008326480936296443 0.00011814257556149684 6.520047609450475e-05 0.0007997810517341818 8.93339092719948e-05 0.0 2.2842922597535992e-05 0.0042518627936260975 2.83012618546069e-06 0.00015052301830217454 0.0001229921986224771 2.7553770028464832e-05 3.621474955451693e-06 7.237697582298722e-05 3.413159939165198e-05 0.00016817093570386664 0.00033534217351542596 0.0002997316650446292 0.00015703885855165175 0.0003799940777622995 0.0007365055185628905 0.0003196032653016488 0.0005444475103754216 5.227302402417336e-06 2.2454335545865648e-05 0.0 0.0 0.0 0.0 0.0 0.0 0.0 0.0 0.0 0.0 2.3473273652758396e-05 0.0 0.0 0.0 1.3562571750404962e-05 0.0 0.0 2.256570256717058e-05 5.1530901289632455e-05 0.0 0.0 4.628433820901182e-05 0.0002942172169546507 3.729696016496239e-05 0.0004638467971384373 9.384966660066655e-05 3.2406618717378847e-06 0.0 9.711581269856975e-06 0.0 1.8109926309542423e-05 0.0 0.0 0.0 2.3323898069237627e-06 1.605038755055383e-05 0.0 0.0 5.877972024641058e-06 2.6675922949806336e-06 1.241346978601064e-05 0.0 3.6446955443501236e-06 0.0 3.3039759244599706e-05 7.554487829802002e-06 0.0 1.5045859843165123e-05 1.707607945386168e-05 0.00039109029804153776 0.0 0.0 0.0 0.0 0.0 0.0 2.583220597589289e-06 3.8580712936027236e-06 1.2596039765314957e-05 0.0005458422072530207 6.130679850693338e-05 0.0 0.0 4.185847093336927e-06 0.00022180200726902658 0.0 4.332981690007165e-05 5.589484164491371e-06 9.472187434759286e-06 1.5122563903163739e-05 3.2716925408598058e-06 0.0 0.0 0.0 0.0 0.0 0.0 6.010828452891417e-06 6.70435811977246e-06 4.1652863735233175e-06 0.00045206756709692883 0.0002414739076929124 0.00011224136408932905 0.006391929289981991 0.0003015939152667982 0.0022841000191098286 0.00025597513657016975 0.007928658074047159 7.853244293309364e-05 1.5676706639563314e-05 7.009933261401219e-05 0.0002515408513244767 0.0 2.5344693983248993e-05 2.3800597246660862e-05 0.0008427899451371737 0.0 0.0 3.419736986095934e-06 1.1979258295647696e-05 1.1946178656623579e-05 0.0009903615692521026 0.0002906467557924869
0.03967712110248219 0.05306803280652613 0.00014705250044691245 0.0 0.0032233793159839944 0.008829226704180817 0.013536178019141561 0.0 0.000862010191243887 0.07187415980029246 0.00021300221740502205 0.0022024852960872724 0.010205593643088868 0.0029693125062805175 5.688670317529223e-06 3.455745731217379e-06 2.581552812727159e-06 0.0 0.0 0.0 0.0 0.0 0.0 0.0 0.0 0.0 0.0 0.0 0.0 0.0 0.00037241588343298477 0.0 0.0 0.0 0.0 0.0 4.184215621365454e-06 3.2662462091321206e-06 2.9073145510838898e-06 0.0 0.0 2.9405270030009125e-06 0.0 0.0 0.0 2.748152944466166e-06 5.050057136750554e-05 2.33140715201522e-05 4.890502949666305e-06 0.0 0.0 0.0 0.0 0.0 0.00014303700695421693 6.42472155681438e-05 0.0005855039144179681 0.0017508421115241363 0.0002296512865557987 0.00014372826616262515 0.0 2.655520967256646e-06 0.0 2.8506975784554227e-05 1.8170425992864238e-05 0.0 0.0 4.482896168862735e-06 2.929721811481049e-06 0.0 4.236563963541073e-06 2.9016692006405515e-06 0.0 0.0010925374125331853 2.230309917747825e-05 0.0001770547281176448 4.154857953322003e-06 0.0 1.23750559639101e-05 2.4480468451685316e-05 0.0 2.818394313046062e-06 0.00012008367390920286 0.0 0.0 5.804789111294101e-06 2.600941288230722e-06 0.0 2.553499800639249e-06 0.0 3.5890152436769443e-06 0.0 2.8592581518356846e-06 0.0 0.0 0.00017687921848777728 4.040743590996741e-06 0.0 0.0 0.004145042693332474 1.786320088175838e-05 4.701420484139618e-05 0.000507999458322747 8.45553976846043e-05 7.488648947811131e-06 0.00017161483360216774 4.378007688249238e-05 0.00022760490871187754 0.0008412859875865517 0.0003175100721167202 7.085796467326193e-05 0.0003427899203053197 0.0007477410918672042 0.00011219979907068942 0.000214910741886065 0.0 4.238833820142797e-06 0.0 0.0 0.0 0.0 0.0 0.0 0.0 0.0 0.0 0.0 0.0 0.0 0.0 0.0 0.0 0.0 0.0 0.0 7.281133095992314e-05 0.0 0.0 0.0 2.485500763088709e-05 0.0 6.327129339052738e-05 0.0 0.0 0.0 0.0 0.0 0.0 0.0 0.0 0.0 0.0 0.0 0.0 0.0 0.0 0.0 0.0 0.0 0.0 0.0 0.0 0.0 4.981605371746643e-06 0.0 0.0 3.560532375238064e-05 0.0 0.0 0.0 0.0 0.0 0.0 0.0 0.0 0.0 0.00010835557001025734 0.0 0.0 0.0 0.0 2.169030811330934e-05 0.0 0.0 0.0 0.0 1.4289900091669902e-05 0.0 0.0 0.0 7.818268078149601e-06 0.0 0.0 0.0 0.0 0.0 0.0 0.00013889613849186525 1.503591332110393e-05 0.0 0.004528188629090223 1.6512578825352253e-05 0.00048151822041593676 4.883814075082236e-05 0.008515429344862628 1.5975133999944508e-05 1.0201031688741447e-05 2.315701806742973e-05 0.0002881598564414239 0.0 0.0 0.0 0.0010242215269555149 0.0 7.95849907268399e-05 0.0 4.173565311346083e-06 0.0 0.0015134868044666538 0.00012580619807263493
0.003483287111728923 0.03473043793097201 0.009291380702492923 0.0032233793159839944 0.0 0.00010126124354460357 0.014165591883997023 0.0012768470545557753 0.12741158430413604 0.0047166159350361635 0.027069389043797187 0.0009693484305443784 0.003705222604180892 0.028862277175112472 0.0008498097429056652 0.0022014183354865375 9.46817355628742e-06 0.0 0.0 2.867851868252061e-06 5.446391312925665e-06 0.0 6.020452572658196e-06 6.444642708317875e-06 0.0 0.0 3.2159281788541048e-06 0.0 0.0 2.9102829794274582e-06 0.005606834288302966 0.0008794408263515371 0.00016424814240044043 5.91599242365551e-06 2.6713884967322546e-06 2.5211708955203536e-06 3.5199334801136596e-05 2.3911151541335638e-05 9.757824030809303e-06 3.47186865466983e-06 3.3150563516411264e-06 0.0 7.533112778368594e-06 4.373548084091314e-05 1.686826238561173e-05 3.015339181458582e-05 0.0020303682263174815 0.0001326064368692768 9.228742605804254e-06 2.093346662062934e-06 9.417833858649232e-06 3.6146886579963307e-06 0.0 0.0 0.0004983409959907179 0.00039644750108315524 0.0006487113841916243 0.0031284860006552785 0.0008203687604517476 0.0014233822140769167 1.8930759140511215e-05 4.552123846046881e-05 0.0 0.0017053326189797415 8.621146592172142e-05 5.283856619950789e-05 2.2323375412877752e-05 3.8596965863640716e-05 1.1962063640361552e-05 2.2593003240363627e-05 3.3916737421990535e-06 0.0 0.0 0.005238411376144896 0.0010710810021685667 0.005299458030908764 0.0010836190998015551 0.0003109502160294196 0.000695195835317979 0.0007780201816556116 6.639398370858198e-06 0.00044713257844872115 0.0005116687212429294 0.0 6.788966733697389e-05 5.8580087220970794e-05 1.6599101208864374e-05 0.0 2.2349736164011487e-05 0.0 0.0 0.0 1.1131522427669753e-05 0.0 3.4399165208694815e-06 5.722674892021867e-05 0.0 0.0 4.100645816924181e-06 0.00029022798911745255 1.7929313615106978e-05 1.5202820206488334e-05 7.073339500715886e-05 1.4203521154107067e-05 7.193168669411261e-05 5.3413627969658754e-05 7.864289149907573e-06 0.00021896417151581876 0.00031713940597814945 0.00015934026724350876 3.521565473706764e-05 0.0003331627953960578 0.0007968645590498281 0.00031690410607038193 0.0003557586472924129 1.4032492053449934e-05 0.0 0.0 0.0 0.0 0.0 0.0 0.0 0.0 0.0 0.0 0.0 0.0 1.2626686240041235e-05 0.0 0.0 0.0 0.0 0.0 0.0 0.0 0.0 0.0 0.0 0.00011158812548055901 4.895786575568995e-06 0.00023808380202559396 1.2191782196647606e-05 0.0 0.0 0.0 0.0 0.0 0.0 0.0 0.0 0.0 0.0 0.0 0.0 0.0 3.8345948492929265e-05 0.0 0.0 0.0 0.0 0.0 8.447629456633772e-06 0.0 1.4812288910489963e-05 0.0 7.084811966679563e-05 0.0 0.0 0.0 0.0 0.0 0.0 0.0 0.0 0.0 0.00031003610380854414 0.0 0.0 0.0 0.0 0.00010605822615529331 0.0 1.1543054210643747e-05 0.0 0.0 4.337470063604432e-06 0.0 0.0 0.0 0.0 0.0 0.0 0.0 0.0 0.0 0.0 0.0002122840485390224 1.6302155454546795e-05 2.5405452069903228e-05 0.00597953985390902 0.0001115548269610724 0.006393071886722739 0.0013360840259188647 0.0044068325707522175 0.000402035842695645 1.365840628382213e-05 0.0005004473153828127 0.0001809320271871631 0.0 0.0 0.0 0.00028241401679408076 0.0 0.0 0.0 0.00014692188739293474 0.0 0.0011300450542716617 0.00020158214572634878
0.0017364087845424315 0.003978862588185374 0.00219140569868576 0.008829226704180817 0.00010126124354460357 0.0 0.00210668833206703 1.3640076298987712e-05 0.0004343292765403252 0.02285465233892562 0.00018808627754610452 0.01254921044665354 0.006174127097663714 0.0008996000887015349 9.065498306783744e-06 2.8680342953872878e-05 0.0 0.0 0.0 0.0 0.0 5.972595553248314e-05 0.0 0.0 5.698557053726237e-06 0.0 0.0 0.0 0.0 0.0 0.0004023630465171953 0.0 0.000810157800497702 0.0 0.0 4.124617139727835e-06 0.0005290514263442656 2.1756288435012446e-05 9.521579345888913e-05 6.1147862401360415e-06 0.0 0.0 0.0 0.0 0.0 0.0 6.8427971032464e-06 2.3898171789474065e-05 4.2421409013009055e-06 6.405963059807819e-06 3.282092231746521e-05 0.0009486987174657012 6.189517406741512e-05 4.566689066864299e-06 0.0 6.664174194720089e-06 0.007841381978571536 0.0001064273563187766 0.00027450972207359475 0.0 0.0 0.00019324813749897266 4.9818276628121115e-06 0.0 0.0 4.3654346006383044e-06 5.424212663240691e-05 2.03925825030417e-05 0.0 0.0 0.006904596232727379 0.005650587579312694 0.0005146162628531623 4.0820341965322675e-05 5.133371988587139e-06 7.544181589437212e-06 0.0 3.5651446339733514e-06 0.0 0.00025947883598129824 0.0 0.00010806251896393069 0.0 3.2084803247305285e-05 4.255806986858294e-06 0.00010060913845976847 9.49782654242507e-06 0.0002659102268920102 0.00023365021053667378 0.0005951426791133639 8.917598370802541e-05 0.00016828655414211053 0.0 1.9420115868125316e-05 8.449297843367022e-05 0.017580666615529063 0.0035025631623223823 0.0008806005748141002 0.0005223536849949173 0.01153467561139038 2.9116526374635176e-06 0.0001977022509873313 0.00024783466662069023 3.6879767382896035e-05 5.268069380082041e-05 0.00014710141070065042 0.00019851122916417782 0.00021185081368485685 0.0003370609505034838 0.0002873085903987275 4.287924033344398e-06 0.0002319083006322766 0.00042875314950088496 0.00011022840152789099 8.646192274980026e-05 0.0 3.5112912127605996e-06 0.0 0.0 0.0 0.0 0.0 0.0 0.0 0.0 0.0 3.5666685716387824e-06 3.0324984467231117e-05 0.0 0.0 0.0 3.098933662615606e-06 8.512304520510222e-06 8.039779118651973e-06 0.0 0.0 0.0 0.0 0.0 2.9313530828288157e-06 5.6475480754071795e-06 4.46863820324998e-05 1.5861662034723604e-05 1.750355981828822e-05 0.0 0.0 6.1404283571574015e-06 0.0 0.0 0.0 0.0 0.0 1.1275598937262528e-05 0.0 2.9108130272568527e-06 8.233421921499016e-06 2.288628480332767e-05 0.0 0.0 0.0 0.0 0.0 8.944231909988364e-06 4.72075362762526e-05 0.0 0.0 0.0 0.0 0.0 0.0 0.0 0.0 4.653862073052697e-06 6.233986814637982e-06 0.0 3.5463670576524156e-06 5.159038902698475e-05 9.331303048941486e-05 0.0 9.46848030993282e-06 2.8188863025585625e-05 3.4380737720739626e-05 0.0 0.0 2.2206484217847482e-06 0.0 0.0 0.0 0.0 0.0 0.0 0.0 0.0 0.0 1.7976186535117643e-05 0.0 0.0 0.00013846787449124583 7.0540386175220556e-06 3.346802424833765e-05 0.0014630852168228676 0.00012217418936953667 0.00010938283259655396 3.3344940401395974e-05 0.00898931932777345 9.311539206485317e-06 0.0 0.0 9.478680721293064e-05 0.0 2.9176213331326837e-05 0.0 0.0007954387819490518 0.0 0.0 0.0 1.4873482350584692e-05 0.0 0.001807682495902092 0.00012613049084422148
0.010693116973981471 0.041753048108569744 0.0012692958397011013 0.013536178019141561 0.014165591883997023 0.00210668833206703 0.0 0.0003678804011828555 0.039290962028786264 0.06582123871509944 0.0052937511907041185 0.010872101161463183 0.06950410242002983 0.05187172407464558 0.0005674334519949997 0.0016583080071848806 2.7482789562154622e-05 0.0 3.2889730630918167e-06 2.8607345416829604e-06 0.0 0.0 0.0 0.0 0.0 0.0 0.0 0.0 0.0 0.0 0.002594211351591643 0.0002664516565054525 0.00012760704881416377 0.0 6.163645334829141e-06 0.0 1.9825289885878462e-05 1.3843179111410602e-05 3.2484426609004005e-06 5.611939373954097e-06 0.0 0.0 0.0 1.2436950383231137e-05 1.075823674537867e-05 2.4929780687722227e-05 0.001344348355125907 0.00013063191521413948 6.747369033456164e-06 2.4427115787240986e-06 6.295225996937518e-06 0.0 2.252579891343451e-06 7.66506298934213e-06 0.0004268415137474205 0.0002575467002970026 0.0007634547543964015 0.0030429353703601745 0.000682718113182239 0.0012056336783679983 2.685199633228574e-06 8.390610193351445e-06 0.0 0.0008486815497432133 0.00010241489043841767 1.5994428984801403e-05 2.4894772051771685e-05 1.8967156694373524e-05 5.960265059821825e-06 1.0479274699380167e-05 4.988500347063163e-05 0.0 0.0 0.004535835626115527 0.0006477127546205476 0.0035571117603226342 0.0007335572785815393 0.0002416665110643423 0.0002643577613381793 0.0002988295212315172 1.6531839704179245e-05 0.00013584537397902025 0.00046714116557483576 0.0 3.7723769242471e-05 7.530030857194939e-05 8.270335680155053e-06 0.0 3.1056395099651437e-06 0.0 5.703576257585344e-06 0.0 5.242880431886202e-06 0.0 0.0 0.0005345672609446714 3.682986985990433e-06 0.0 5.301892289809539e-06 0.001010978953425661 4.916571592685127e-05 0.00028741374430450305 0.00042466235751787036 6.786195177395829e-05 0.0001558673537405818 0.0003760251783226642 0.0001686601774740976 0.0007032463945501875 0.001469614795181812 0.0010935532459882386 0.00013374629329083621 0.0013273680271472486 0.0024708211873611437 0.0008219244724983776 0.001135426664992642 2.283345777299122e-05 6.73598303630947e-06 0.0 0.0 0.0 3.824355276185409e-06 2.1263909110654347e-05 0.0 0.0 0.0 0.0 0.0 5.926592377124853e-06 0.0 0.0 0.0 5.609670319847193e-06 0.0 0.0 9.036198980113791e-05 0.00021149264540000728 0.0 0.0 0.0 0.00047445851177125583 8.804763446033065e-05 0.0005962306462197856 6.067170671355483e-05 4.783791321193299e-05 0.0 0.0 0.0 0.0 0.0 0.0 0.0 2.223045152817703e-05 5.3516935134227105e-06 0.0 0.0 3.5028377323142245e-06 0.0 0.0 0.0 0.0 0.0 1.0359468441911938e-05 2.995818294309523e-06 7.068108438223983e-05 0.0 1.669435914975252e-05 0.0003189804938100124 0.0 0.0 0.0 0.0 0.0 0.0 0.0 0.0 0.0 0.0011235913114726955 2.3902014937172727e-05 0.0 0.0 0.0 0.000330334999454934 3.3060995464429046e-05 6.121926558181768e-05 1.0415711893325886e-05 1.3143816310298062e-05 5.416894592592073e-05 0.0 7.309619174410478e-06 0.0 0.0 0.0 0.0 0.0 0.0 0.0 0.0 0.0011602378712524464 9.345961399282903e-05 9.620853171485978e-05 0.007920278980858233 5.7753740247461914e-05 0.004876917047585835 0.0009203454497335839 0.007678732044130357 0.00029659024570119046 5.262834064367585e-06 0.0005431984271862453 0.0005539304486326767 0.0 1.1364215431010535e-05 5.419845867608836e-05 0.0016035845706410554 0.0 0.0 0.0 0.00014644153766656993 0.0 0.0047244456045594865 0.0006008640749690773
0.0008848916821437766 0.0021491401120984177 0.05119054862414169 0.0 0.0012768470545557753 1.3640076298987712e-05 0.0003678804011828555 0.0 0.00497850637749567 4.056813268917807e-05 0.04612642614461031 0.00018472718649801157 0.00048624217278791935 0.02406583140898203 0.000246192829826732 0.0008635739713728255 8.480891462606005e-06 5.0416248020427194e-05 0.0 0.00014690360856714518 0.0003218712647297339 5.834823282471815e-06 0.00025689269891690503 0.00012558126720045207 3.066263757384819e-05 0.0 0.0001177596597407278 0.0 0.0 2.5703678405331715e-05 0.016903826593742573 0.01540682375996339 0.001315548719110004 5.5062305430096425e-05 0.00021390693542089684 2.914937268829003e-05 3.604757122525925e-05 1.4011323845056686e-05 0.0 1.3935753509616701e-05 0.00010593819259116697 7.857953272732972e-05 0.0003620027874721521 4.692470098899966e-06 4.10286694202789e-05 8.468642743401793e-05 0.0005296040349111905 4.851424441167747e-05 1.590925098073847e-05 8.299884221591727e-05 1.896866899586405e-05 8.42924269529076e-06 0.0 0.0 0.0001439708675695231 5.852548647645581e-05 0.00018526114327967902 0.0021900467417175174 0.0002159467761420046 0.0003313269231786612 0.001018712901767959 0.0012411686211177 2.9989525381455172e-05 0.0016381768435891752 1.8367657552551622e-05 6.996971264737566e-05 2.080782783080073e-05 0.000252399270204138 0.00030313632957299375 0.0007654529614855624 4.942821138099015e-05 6.576792138630771e-06 0.0 0.0016937783466939925 0.0005231982917349639 0.0014507689558426553 0.0006037671667924122 0.0008587379479909561 0.01736925756059774 0.03597265029551215 0.0003034492200969133 0.015453123561645734 0.00012635277930158188 2.166686864394843e-06 2.7172536236841023e-05 9.479556544078537e-06 0.00012941229461920458 0.0 2.7024089340452046e-06 0.0 5.626824047897458e-06 4.382313875459724e-06 0.0006437970104316306 8.698837058742589e-05 3.109035748297887e-05 2.7424626141880986e-05 0.0 0.0 6.173631781007686e-06 0.0003017928942589587 2.3276781592048734e-06 0.0 0.0 0.0 0.0 0.0 0.0 0.0 0.0 7.055801297396791e-06 6.37143210889959e-06 2.8798617248727453e-05 5.722386916755282e-05 2.003993558318559e-05 2.9901734855501886e-05 0.0 0.0 0.0 0.0 0.0 0.0 0.0 0.0 0.0 0.0 4.301205322635027e-06 0.0 0.0 0.0 0.0 5.100383833972639e-06 0.0 0.0 0.0 0.0 4.933324474572209e-05 0.0 0.0 0.0 1.0780705998500767e-05 0.0 2.4289363939957686e-05 7.063786522115005e-06 9.335057520962409e-06 0.0 3.85787155264173e-05 0.0 0.0 0.0 0.0 0.0 0.0 0.0 0.0 3.3696215857602677e-06 2.1695435854593016e-05 2.8804237521207625e-06 1.5592022571062823e-05 0.0 0.0 0.0 0.0 0.0 0.0 0.0 0.0 1.2002035506157423e-05 0.0 0.0 0.0 0.0 0.0 0.0 0.0 0.0 0.0 2.3825089388603463e-05 6.577830968176795e-06 0.0 0.0 4.863685980226727e-06 1.2704469655574347e-05 0.0 0.0 0.0 2.841291295907853e-06 2.100000547872799e-06 0.0 0.0 0.0 0.0 0.0 0.0 0.0 0.0 0.0 0.0 9.552730830606166e-06 8.331971696143667e-06 3.0753360014630685e-05 0.001026476297055849 0.00013773163564873388 0.0015243273577201868 0.00027531000220969826 0.000557120583022988 1.7957618008697627e-05 7.00272553379051e-05 7.452099321180205e-05 7.912606560596372e-06 0.0 1.69941230652584e-05 0.0 1.470306535285242e-05 0.0 0.0 0.0 3.810366647897015e-05 0.0 0.00014849960565317498 5.06751003487016e-06
0.0008461868800354204 0.05233742119693315 0.010491405563994315 0.000862010191243887 0.12741158430413604 0.0004343292765403252 0.039290962028786264 0.00497850637749567 0.0 0.009706916670403213 0.027887872258805846 0.004462240448107201 0.02387373925183119 0.06277970122471256 0.0008087882501965724 0.002687365508369457 1.7592091247585182e-05 8.723700113791542e-06 0.0 0.0 2.672871105914396e-06 0.0 0.0 0.0 0.0 0.0 0.0 0.0 0.0 0.0 0.0010689685123937921 0.00043854721419781916 0.0002109550970527676 2.9097926550917127e-06 7.1357368034166165e-06 0.0 5.912083270757808e-06 0.0 7.480495399804173e-06 2.585017383493925e-06 0.0 0.0 0.0 4.6624108698214586e-05 2.3804050783123837e-06 1.3581774247733716e-05 0.0008762826061771453 3.708575576607222e-05 2.9340350205212206e-06 2.9460224875363944e-06 7.1099749140431936e-06 0.0 3.0441571717347864e-06 0.0 0.0001356970187676646 0.0001285793768180998 0.00027487143497806956 0.0005643902461808755 0.0002353683772274202 0.0007269667362960188 3.0788594552873397e-06 0.0001494129003324512 2.382325448419482e-05 0.000626781220206824 1.721981751126362e-05 2.6722110338616e-05 1.633206122655312e-05 1.3299401197497762e-05 3.192526627373497e-06 2.4120334054523832e-06 3.8320852674257447e-05 0.0 0.0 0.0017732661890027693 0.00029550897501280426 0.002314668986077545 0.0008545038173923365 0.0003721137252741797 0.0007539909121052877 0.004826477352873595 3.094807314494549e-05 0.0008666865560742206 0.00022609706528070762 0.0 1.3996628158643714e-05 9.960406224716948e-06 5.776392029551607e-06 0.0 0.0 0.0 2.6738555664362862e-06 0.0 2.349967452863319e-06 3.171598364931781e-06 0.0 0.0004982419348262484 4.510020915128607e-05 0.0 3.1684457640267527e-06 0.0002396169380872906 3.501666210249518e-05 0.00021798118236818328 0.0003030323764000942 5.4806582430377246e-05 5.4355939256679395e-05 0.0002614523180043947 0.00019379392445867033 0.0006494874129342314 0.0013058821730470172 0.001150400023641811 0.00018442872723846123 0.0014673795369405604 0.0026451223489042585 0.0008723078112093064 0.0012908826063213546 0.0 2.85487175526782e-05 0.0 4.121394721773361e-06 0.0 0.0 4.599498265133673e-06 0.0 0.0 0.0 4.4076502419542135e-06 0.0 3.0185462316372275e-05 0.0 1.4279250985392763e-05 0.0 3.6774710378370102e-06 0.0 3.515594029492837e-05 3.6277067490479844e-05 0.00018110084180336121 0.0 0.0 1.8122668322313215e-05 0.0005395733843388185 4.341908662460411e-05 0.0008181477585309941 0.00010552489150773599 1.4071202598010608e-05 0.0 8.235689771863687e-06 0.0 4.5463735092185605e-06 0.0 0.0 0.0 1.9689935893120865e-05 4.271132631705897e-06 0.0 0.0 0.0 0.0 0.0 0.0 0.0 0.0 0.0 7.531077250254655e-06 3.3435794250705475e-05 1.3769905917396263e-05 0.0 0.00047501008150863496 0.0 0.0 0.0 0.0 0.0 0.0 4.809139604735884e-06 0.0 0.0 0.0014195662930213018 3.578004131985967e-05 0.0 0.0 0.0 0.0003999584813291726 3.1205606974228684e-06 0.0001279157683712504 4.390096068988178e-06 2.105212771798774e-05 6.207753439494741e-05 1.1523853518928341e-05 8.96651357994601e-06 0.0 0.0 0.0 0.0 0.0 0.0 0.0 1.8142140056654476e-05 0.0014289856379776993 0.0002538947582244172 9.63619127506568e-05 0.0058322683490141785 0.0001239845775613916 0.002991947563459492 0.0008441660730871052 0.0018733286240537543 0.0002519243196629301 0.0 0.0004464207442762163 0.00023284407439523648 0.0 5.869586756254485e-06 3.6575293224037216e-05 0.0008075257952368142 0.0 0.0 0.0 0.00013377825044022922 0.0 0.0031183790921797483 0.0007962969430272518
0.01723422844302235 0.031278926123510194 0.0004898701728287623 0.07187415980029246 0.0047166159350361635 0.02285465233892562 0.06582123871509944 4.056813268917807e-05 0.009706916670403213 0.0 0.0005804025980850131 0.036820705106429964 0.11747755372184739 0.010520285537365521 0.00030274288201081524 0.000887146171571547 0.0 3.4855018379395524e-06 0.0 0.0 0.0 0.0 0.0 0.0 0.0 0.0 0.0 0.0 0.0 5.6648915934826555e-06 0.0004364895707309745 4.6879979356980864e-05 0.0002695985749446536 0.0 0.0 0.0 0.0003990570711969508 4.934009805149502e-06 6.841744831912119e-06 2.377077533536335e-06 0.0 0.0 2.653286219803348e-06 5.367053665547622e-06 6.567452302654396e-06 0.0 0.00064824777129725 3.284590317875392e-05 0.0 0.0 0.0 1.0427182353052512e-05 0.0 2.1696093499098975e-06 0.00018122965466083133 7.176032355498615e-05 0.0023151439729316436 0.0016511699124510555 0.0004053469429484414 0.00042056449174363036 1.0276171686333573e-05 5.831841412339992e-06 0.0 0.00015405849008826342 2.9864987413897517e-05 4.052744098552759e-06 6.561451848252681e-06 3.6977171796807137e-06 0.0 4.221165291664741e-06 0.0012097616330836872 8.480644374450562e-05 9.325710863780053e-06 0.0016909208628582064 0.00011867192662476181 0.0009887617795755479 0.0002444029291270383 5.9840795751374174e-05 8.522398701618511e-06 0.0001050254751062909 3.301721897068593e-06 1.148348281320634e-05 0.00014286407493771506 0.0 0.0 9.342729371452945e-06 5.4148757363080435e-06 7.351850063127991e-06 0.0 0.0 0.0 2.6689962596702985e-06 3.7625290689241743e-06 0.0 0.0 0.0047531172649206395 0.0005390917626581621 3.870772379137638e-06 2.0780580924760703e-05 0.012966235851973784 0.00014700631907681397 0.0018827212487413383 0.0021766828189332776 0.0005256212456905666 0.0001901785316114684 0.0015770672537708268 0.001382563209067966 0.002406165900367695 0.005271004712335439 0.004273727415651989 0.0003454040060574742 0.005112524233429004 0.0076085927532929575 0.0021546361441359923 0.002231408964298372 1.0204495256389687e-05 9.098895131885933e-06 0.0 0.0 0.0 0.0 0.0 0.0 0.0 0.0 0.0 0.0 7.779506795853856e-05 0.0 0.0 0.0 0.0 0.0 0.0 0.00011631462898357807 0.0002914003802840525 0.0 2.9150017693502554e-05 0.0 0.0007218112278890365 0.00017183044129014176 0.0008446869199121265 0.00013565899134682048 1.2794834183666606e-05 0.0 0.0 0.0 3.0538781927512265e-06 0.0 8.732566477823419e-06 0.0 0.0 5.692653901821591e-06 1.1856614617115457e-05 0.0 0.0 3.403398833532442e-05 0.0 0.0 0.0 0.0 2.5959548261603174e-05 3.484483652572801e-05 0.00025119940462421615 0.0 0.0 0.0004857760835951508 1.2387824459009996e-05 0.0 0.0 0.0 0.0 0.0 0.0 0.0 0.0 0.0017318300171260135 2.3351827296499366e-05 0.0 0.0 0.0 0.0008054869393774758 3.886961909660245e-06 0.00021140733498429884 3.307840558957468e-05 1.3430186587238344e-05 5.9575429973883603e-05 1.917252173969734e-05 0.0 0.0 0.0 0.0 0.0 0.0 0.0 0.0 0.0 0.0031258428066103464 0.00019242582386443506 0.00010782483624841547 0.017957447497607377 0.00019381955293327972 0.002592015440072721 0.0007410945464774684 0.022341809822551403 0.0002506501755636067 0.00011582869910947414 0.0007140483102861887 0.0019902276089012547 8.868094852705657e-05 0.00010172206977571116 3.3462357631781556e-05 0.00840497578696151 5.639228210348533e-06 0.0 9.395548376841189e-05 0.0002597229673445728 1.2789112796838958e-05 0.025493983197462138 0.0020158063894201014
0.011298998322408367 0.1055357679874789 0.08761570948856878 0.00021300221740502205 0.027069389043797187 0.00018808627754610452 0.0052937511907041185 0.04612642614461031 0.027887872258805846 0.0005804025980850131 0.0 0.0027241440462468774 0.021867538432309454 0.06303693060491487 0.0008941976245507551 0.0033812399097720436 2.9406507878270806e-06 2.238159861901557e-06 0.0 1.4323396024882507e-05 3.890832582931274e-05 0.0 5.718962691415652e-06 1.1655852481462262e-05 4.2242288156446185e-06 6.197238971786226e-06 1.1248593782787379e-05 0.0 0.0 5.855219490847083e-06 0.012943121313367846 0.0022065775331628363 0.0018361934309954703 0.0 3.7730782645960756e-06 4.0683946735534596e-05 0.0004976510913935678 0.0001278798870221818 6.61128103881037e-05 3.98630912340871e-05 2.350401161189429e-05 2.564283585609755e-05 5.083853443774732e-06 3.925377677810726e-05 3.7452489479395712e-06 7.617299500703653e-06 0.0007659714068448312 6.146387442951086e-05 0.0 8.887491112408986e-06 3.843152112382052e-06 0.0 0.0 3.4385053337264273e-06 0.0001367014931091477 6.6294019536815e-05 0.00027087006960732483 0.001198639912729011 0.00022373423885145333 0.0005881424108588406 3.306483780963288e-05 0.0032753596225990646 1.2643558292409264e-05 0.0009094770276405242 3.114673475040423e-05 1.8101891330145297e-05 9.356717257433634e-06 8.085837506419131e-06 8.269767112574243e-06 3.5354545725749604e-05 0.00041205637002675186 2.7540709826497426e-05 0.0 0.001649880707329552 0.0004954139314402135 0.0020130271263595263 0.0008437439104546114 0.0004018794958396127 0.0036224746982837105 0.020484967492808873 1.7571518289725548e-05 0.004402626484538866 0.0001881000686202303 0.0 1.8138334024341296e-05 1.025758931687789e-05 8.419608744962418e-06 0.0 0.0 0.0 0.0 0.0 2.2473709977709842e-05 0.0 3.1523475172900522e-06 0.00022753394870918527 7.702772361426259e-05 0.0 2.2461639452480677e-06 0.00044661610481922827 2.3604956031085362e-05 8.595562575775833e-05 0.00012007963154216482 0.0 1.623688493951303e-05 8.110039064986983e-05 4.9572173535070915e-05 0.00014198525984967852 0.00042202215276614715 0.0003725657653907377 0.0001627804566126175 0.0006728271263707812 0.0009937619948021978 0.0004374792081469561 0.0004766019122421767 1.790422602200706e-05 9.026861792370323e-06 0.0 0.0 0.0 0.0 0.0 0.0 0.0 0.0 0.0 0.0 1.0015249322667926e-05 0.0 0.0 0.0 0.0 0.0 0.0 6.008543810322612e-05 2.911391064276551e-05 0.0 0.0 3.2895978053101125e-06 0.000261287862740689 1.906314450430154e-05 0.00041388503042381414 9.721480063538677e-05 2.7183868466834692e-05 0.0 0.0 0.0 0.0 4.079295562580746e-05 0.0 0.0 1.1901062397776496e-05 1.599572100146351e-05 0.0 0.0 0.0 2.6237798895942694e-06 7.473450498392687e-06 0.0 0.0 0.0 1.6768024964358125e-05 6.213931265314307e-06 4.094622290796359e-06 0.0 4.1560859308973806e-05 0.0002983327233706735 3.49874023388199e-05 0.0 0.0 0.0 0.0 0.0 0.0 0.0 0.0 0.0007415170778563327 5.501169067735829e-05 0.0 8.295860833556226e-06 0.0 0.0003153256111957785 1.1677073654513707e-05 4.807235304587578e-05 1.6005200471538773e-05 6.792844208112024e-06 3.452403500786102e-05 2.91879885384618e-06 2.7101640433734424e-06 0.0 0.0 2.9255301804062895e-06 0.0 0.0 0.0 0.0 0.0 0.0005809404582014909 0.00017877833391766553 0.00012663159970724444 0.005510046375991452 8.843438921570054e-05 0.002616050377443343 0.000892970084936925 0.0016504962108262165 0.0002636033068663449 9.474062945405881e-05 0.00036301796428581806 0.00012660533445299445 0.0 1.3406693150100709e-05 2.733489357846041e-06 0.0001785874226065661 0.0 1.630288131111256e-05 5.835444212839709e-06 0.00018922855429204466 0.0 0.0007384235596293942 0.00023776724510345994
