0.0 0.02482594340499062 0.00753618817893737 0.032350966866910365 0.00048252812375831444 0.001672526755795661 0.010936318614657048 0.001166745653283372 0.0012219320756498215 0.05992546504555532 0.002849641150238253 0.001118935514678952 0.0028784741775069672 0.0015054136619715316 0.0 1.795464494413599e-06 5.864203098358589e-06 0.0 2.5731008024684627e-06 0.0 4.9566358512254995e-06 0.0 0.0 0.0 2.064561719110473e-06 0.0 4.3540298920502474e-06 0.0 0.0 0.0 0.02092073389450442 2.2280220185976846e-05 5.5039251442850955e-05 0.0 0.0 0.0 1.204252050216716e-05 2.9855262776620204e-05 1.0183357680901282e-05 0.0 0.0 0.0 2.2181176730549327e-06 0.0 2.747025848648569e-06 0.0 9.885821708182826e-05 4.347651041415478e-05 9.273986038685619e-06 3.0531830213883777e-06 2.922857909345994e-05 3.3559000879299362e-06 0.0 0.0 3.984462523997784e-05 6.554097998190369e-05 0.0044041316029487364 0.012602531553727273 0.0006029731863853959 8.458188606405403e-05 3.475312836886618e-06 2.4207497915142158e-06 2.2462979602012353e-06 0.00015261114498123815 7.576628421225626e-05 6.62267718958578e-05 3.347818998672256e-05 3.176368373173987e-05 0.0 0.0 8.042672853016051e-05 6.302077529101406e-05 0.0 0.0029241305396966776 0.0005457366032405984 0.00014628293959394415 1.781528018311e-05 4.471966555649894e-06 6.9711388921667495e-06 8.944472779217723e-06 3.0392619643691475e-06 7.674044982193492e-06 0.0001690510149479834 0.0 4.1041697854985674e-05 7.973604276823147e-05 9.589392245924974e-06 6.765464222204448e-06 3.4611047554421065e-05 1.0414787655015718e-05 3.444533729665234e-05 0.0 0.0 6.2680677414564186e-06 2.792405056437993e-06 0.00041170102747656046 7.478434907542489e-05 0.0 1.0571218684257405e-05 0.014356783579307818 0.0 4.404686975585543e-05 9.4727158810326e-05 6.863091255673244e-05 0.0001650436356402281 6.15312920388068e-05 4.619972042168341e-06 3.567274122132459e-05 0.00019793822741195845 9.939420535428035e-06 3.726749595036218e-05 0.0002455419693065719 0.00010975548717965551 0.00010252492140462162 0.00015747900998906746 0.0 0.0 0.0 0.0 0.0 0.0 0.0 0.0 0.0 0.0 0.0 0.0 0.0 0.0 0.0 0.0 0.0 0.0 0.0 6.171079814902744e-05 1.7051633371870003e-05 0.0 0.0 0.0 6.9569994316820375e-06 0.0 3.108400691352579e-05 0.0 0.0 0.0 0.0 0.0 0.0 0.0 0.0 0.0 0.0 0.0 0.0 0.0 0.0 0.0 0.0 0.0 0.0 0.0 0.0 0.0 9.661561809128757e-06 0.0 0.0 6.16330070617863e-05 1.2913876052136163e-05 0.0 0.0 0.0 0.0 0.0 0.0 0.0 0.0 1.8431280615465123e-05 0.0 0.0 0.0 0.0 5.127143054270285e-05 0.0 4.148919286780091e-05 0.0 3.107979786609422e-05 0.0 0.0 0.0 0.0 0.0 0.0 0.0 3.062123070339982e-06 0.0 0.0 0.0 0.00010253575663203176 0.0 2.991116017453116e-05 0.007119253280289303 9.653106152895439e-05 0.0022729275654313676 0.000969067959868622 0.004927792132251648 0.0001319259732115396 4.384898695662618e-05 4.3145070574439746e-05 0.0007555179465765096 0.0 2.0815675388831446e-05 2.659522751819756e-06 0.0002654662431292928 0.0 0.0 0.0 1.0278276430880685e-05 0.0 0.00374466107459866 8.244682028429592e-05
0.02482594340499062 0.0 0.017247467206406963 0.010100017655863554 0.02349313103754187 0.0038727556086980194 0.05227239485010373 0.012633044420884134 0.04361664694066275 0.021487631850866575 0.04078810220011818 0.00021085808308929797 0.01703758017531923 0.012302281378986799 6.658782181056734e-05 3.040742327213414e-05 1.6121100144843942e-05 0.0 6.547784406913671e-06 0.0 5.5545482494747915e-06 0.0 0.0 0.0 0.0 3.489706933669796e-06 1.940720110202127e-06 0.0 3.4677373566838705e-06 0.0 0.02440273537757886 0.0005238869163712031 0.00010180811277657917 1.8086832383535013e-06 2.01975941853955e-06 2.829037859638758e-06 5.02757983885362e-05 2.395011194723956e-06 2.026054913529107e-05 2.4066616608762298e-06 1.0104430895639626e-05 0.0 1.1146064858442474e-05 8.727315320602456e-06 2.025238024180146e-06 4.6703843930461834e-06 0.001969130416254993 6.18355848309961e-05 6.96169279131448e-06 1.2440299438378404e-05 0.00011599508054413788 0.0 4.567457381803398e-06 2.76690116788806e-06 8.474854521945988e-05 9.342062197583112e-05 0.002095687377275861 0.0057743149989506375 0.0006927878144649728 0.0004716212376679068 4.648270287315355e-06 2.1444275688209762e-05 0.0 0.0009926727819757383 0.0001679729414237557 0.00015709284025383757 0.00015503248456275593 7.897727692218134e-05 6.971482500199543e-06 2.8154467226931936e-06 7.089427034375685e-05 7.446556294874872e-05 6.740290455021696e-06 0.0032886429727252667 0.0021140500480026697 0.0007534795452647535 0.0002987979588692774 1.8419081020599634e-05 4.5122365112722824e-05 0.0004846906250392073 1.191042525519873e-05 3.31018960133561e-05 0.00031140157578939305 1.0718261987766626e-05 0.0001479250695572815 0.00018535505466656018 9.259036975677247e-06 5.988534253099244e-06 0.00011842545961360448 2.2693971964021757e-06 6.722848633492127e-05 4.045534091234884e-06 0.0 1.892888080525193e-05 8.981636796008725e-06 0.0008127873160066997 5.9139892854944266e-05 3.0955981821462483e-06 1.7821332877859867e-05 0.008987955124728338 5.475563753361931e-05 8.894235875768929e-05 0.00021058169561731133 4.483726404699073e-05 0.00030474717385590376 0.0003301102030404513 1.4561260581430182e-05 9.723925882035779e-05 0.0003795613294687955 0.0002647383218913744 0.00018801126412709712 0.0011215813178685626 0.0005386887799729448 0.00043641558939617125 0.0006857351538121753 0.0 2.6591630403056384e-06 0.0 0.0 0.0 0.0 0.0 0.0 0.0 0.0 0.0 0.0 0.0 0.0 0.0 0.0 0.0 5.756878226365697e-06 0.0 0.000231922624295356 3.971175118839378e-05 0.0 0.0 0.0 0.00014972543031519225 1.2173593379364914e-05 0.0001913111528849857 2.1199286280878623e-05 1.1594659739032293e-05 0.0 0.0 0.0 0.0 0.0 0.0 0.0 1.509467108910903e-05 1.1395979616183907e-05 0.0 0.0 0.0 0.0 0.0 0.0 3.143048096340671e-06 0.0 0.0 2.6208365131977165e-05 4.305462215087643e-05 0.0 0.0 0.00023763692008605154 5.1939737095339746e-05 0.0 3.003165407096538e-06 0.0 0.0 0.0 0.0 0.0 0.0 0.0001977048269756103 0.0 0.0 0.0 0.0 9.707553995934854e-05 0.0 0.00013301839916479255 3.079904494161364e-05 1.106296284306004e-05 0.0 2.6893232102222605e-05 0.0 0.0 0.0 0.0 0.0 2.0360905628327204e-06 0.0 0.0 0.0 0.0005837747471920008 9.26880615262362e-06 2.3501863694085287e-05 0.011179706183941597 0.00022132673890228407 0.007348025467909148 0.0011054830697714815 0.013951426140874263 0.00028902531866795237 3.264801144109098e-05 0.00021072199599060236 0.001748860944172596 0.0 0.00019083867150925164 1.389475842387586e-05 0.0010946933918634372 1.7060125140160196e-05 0.0 1.879051949240606e-05 3.255699094135354e-05 0.0 0.006264469771824261 0.0003658355480951688
0.00753618817893737 0.017247467206406963 0.0 0.0003622466090940463 0.019977711909041386 0.0005917744299295874 0.015359982567516813 0.037117667660871656 0.05245882227917183 0.0027149516781218414 0.049543850208398306 0.001001308803440008 0.009875765568004399 0.02936648905410664 7.603888676225077e-05 6.31789360354437e-05 1.3237258917556797e-05 0.0 2.587114051918283e-06 6.684046630968706e-06 2.726550413048116e-05 0.0 1.1712596201338421e-05 8.970894767496751e-06 3.176022832723438e-05 3.298523283318905e-05 2.1466585149298425e-05 7.023304912160985e-06 7.168044612666534e-06 6.327473886654788e-06 0.05912148803556929 0.0013922223046143882 0.0021969224917527375 2.3520622639481855e-05 6.345734529951079e-05 9.095552722261565e-05 0.0005677472334353501 0.00010307622851627204 9.907221040765648e-05 3.06309576087077e-05 1.2031783304699585e-05 0.0 3.431101534080356e-06 7.841045933990484e-06 2.1224917789518066e-05 5.885152318509003e-06 0.0004774883726063344 1.309821179769996e-05 5.531281939655093e-06 1.745782718224811e-05 2.646800900925517e-05 0.0 5.732954089333836e-06 2.573944826183458e-06 2.8369120191613978e-05 5.1095361519277714e-05 0.0012400870925888127 0.008608922344931382 0.00023345471816432572 0.00014559990238176434 0.00010469398384768744 0.000506841333177914 2.0078862613698902e-05 0.006272020549487947 7.578753758691022e-05 6.822978389511188e-05 5.3700395323922e-05 1.7382674449128698e-05 3.0067645351728823e-06 6.674285304469477e-06 0.000309718555463686 8.53017811255861e-06 0.0 0.0013223977690096412 0.0009898371032416944 0.00025576746275283004 0.00019076464823405373 3.005879548227264e-05 0.0013239575886449973 0.014721334583898113 0.0002100329777441646 0.0012793785566025588 0.00011863230782476843 0.0 6.1989419173874e-05 7.737164388892105e-05 0.0 1.0316274809297887e-05 4.8291437441353786e-05 2.0713910042472813e-06 1.973839475976553e-05 0.0 0.0 1.4467392784900813e-05 2.9774992759722446e-06 0.000536022280186547 4.0399581400496707e-05 0.0 4.016673653425429e-05 0.0044448191872623 8.681038142435594e-06 4.569699066921374e-05 1.5075491037675787e-05 0.0 4.8327768908160246e-05 4.446709211399061e-05 3.735861528521625e-06 1.3454755757041006e-05 8.44408227883352e-05 2.0548860430025488e-05 7.964546350388234e-06 9.948137329740406e-05 6.084680410425306e-05 0.00011607230760694561 0.00020993560482363116 0.0 1.007581058086609e-05 0.0 0.0 0.0 3.6560772328793596e-06 0.0 0.0 0.0 0.0 0.0 0.0 0.0 0.0 0.0 0.0 0.0 0.0 0.0 4.227914109250351e-05 1.9381115475208435e-05 0.0 0.0 0.0 8.804353227892639e-05 0.0 0.00010817287407295062 4.230250945813612e-05 0.0 0.0 0.0 0.0 0.0 0.0 0.0 0.0 0.0 7.819458412099015e-06 0.0 0.0 0.0 3.3769890057808503e-06 0.0 0.0 0.0 0.0 0.0 0.0 0.0 0.0 0.0 0.00012632691614744104 1.170880584442133e-05 0.0 0.0 0.0 0.0 0.0 0.0 0.0 0.0 9.179549930170908e-05 6.372503045018891e-06 0.0 0.0 3.3535455576665672e-06 5.058421125642274e-06 0.0 3.1127626815980355e-06 0.0 1.0989445619762793e-05 0.0 3.1984519225489996e-06 4.536688862620986e-06 0.0 0.0 0.0 0.0 0.0 0.0 0.0 0.0 5.499317193491737e-05 1.006786794128911e-05 1.4278211703099559e-05 0.0019194946193299672 5.7810164390524336e-05 0.0015786554114680632 0.0005241895115545204 0.0014571564166494903 8.779384095698834e-05 1.0242349966629577e-05 4.2666498459481164e-05 9.22654316976428e-05 0.0 3.0946415548380826e-05 0.0 8.109310367150586e-05 3.976503096541522e-06 3.865409204744295e-06 7.134463821764067e-06 2.044792099096536e-05 0.0 0.0010810309144826638 6.062109469058617e-05
0.032350966866910365 0.010100017655863554 0.0003622466090940463 0.0 0.0002650916922571331 0.0058164905764411514 0.0066046530944532025 2.962759538091757e-05 7.08079351519112e-05 0.031523592761875864 4.636193924340715e-05 3.7729939422305257e-05 0.00039937755215251546 0.0001816892002049938 0.0 0.0 4.567380286386551e-06 0.0 0.0 0.0 0.0 0.0 0.0 0.0 4.7612116510077e-06 0.0 0.0 0.0 0.0 0.0 0.0026528007448548448 1.0888644469348545e-05 5.1932455101084175e-06 0.0 0.0 0.0 2.2268179814282966e-06 0.0 5.681268355670145e-06 0.0 0.0 0.0 0.0 2.260510892819497e-06 0.0 0.0 0.00012765227956195403 3.03041551690275e-06 0.0 0.0 0.0 0.0 0.0 0.0 1.7407679934931594e-05 1.5470992941627543e-05 0.0003677450185946839 0.001054916647829586 0.00011023655795103532 4.669163386833349e-05 2.0295664386670385e-06 0.0 0.0 9.102655887357024e-05 2.600502607068767e-05 1.0623656853086047e-05 2.6093271336712094e-05 1.2064000734614297e-05 2.2718922295401113e-06 0.0 2.4758544552982126e-05 4.407114615654129e-06 0.0 0.0006109921127831673 0.00027244255305060685 5.357159988157074e-05 1.624223576500898e-05 3.012207713154561e-06 6.660223341988646e-06 2.0580122319617026e-06 2.2129951556451555e-06 3.947459461502633e-06 4.901617522230759e-05 2.8175904986447064e-06 2.711757916136936e-05 2.9953927800236557e-05 5.236934456239171e-06 0.0 6.464462981598169e-06 0.0 1.1944711177289758e-05 0.0 0.0 2.74859815230653e-06 0.0 0.00019142695040238471 1.704421852389348e-05 3.60619186842791e-06 0.0 0.004439702020636782 0.0 1.5092617895239976e-05 5.3052151092201474e-05 9.991481480206619e-06 0.00012795452620554737 5.023503906824568e-05 0.0 7.872319196665703e-05 0.00012023223619976898 4.5187315283954685e-05 3.5761284401753536e-05 0.0003012477508867759 6.0816380602158055e-05 8.359976070484949e-05 0.00013547398320193693 0.0 4.580501201677399e-06 0.0 0.0 0.0 0.0 0.0 0.0 0.0 0.0 0.0 0.0 0.0 0.0 0.0 0.0 0.0 0.0 0.0 4.354743477566503e-05 0.0 0.0 0.0 0.0 2.9349972369326184e-05 0.0 3.8191318655426225e-05 0.0 0.0 0.0 0.0 0.0 0.0 0.0 0.0 0.0 3.2935311034611105e-06 0.0 0.0 0.0 0.0 0.0 0.0 0.0 1.010347515402293e-05 0.0 0.0 1.2399862590301422e-05 1.0283806366368005e-05 0.0 0.0 1.9135657758510987e-05 0.0 0.0 0.0 0.0 0.0 0.0 0.0 0.0 0.0 6.092489431365984e-05 0.0 0.0 0.0 0.0 2.5158505108325997e-05 0.0 5.7815783901626535e-05 0.0 0.0 0.0 0.0 0.0 0.0 0.0 0.0 0.0 0.0 0.0 0.0 0.0 8.323627171659959e-05 0.0 0.0 0.002214338636885215 8.446663244173682e-06 0.0008470383728528954 0.00013736446427497898 0.00365010134710567 3.3973828571190346e-05 2.4005550194639224e-06 1.3614712643519006e-05 0.0004220912235052433 0.0 5.449965760092998e-05 6.490027459496593e-06 0.00019048806772158468 0.0 0.0 1.4051291106343417e-05 1.2399541124555454e-05 0.0 0.0014746980570171148 4.22831573007462e-05
0.00048252812375831444 0.02349313103754187 0.019977711909041386 0.0002650916922571331 0.0 8.671550534860207e-05 0.02591098523943335 0.002062444900990579 0.05088033735425411 0.005265933224362268 0.012218129746843926 1.1564394856228348e-05 0.005640809769906309 0.012725579061323083 4.348079454406804e-05 4.7908331393446175e-05 9.059245108736824e-06 0.0 0.0 0.0 0.0 0.0 0.0 0.0 7.677272723731759e-06 0.0 0.0 0.0 0.0 0.0 0.004085338470050452 0.00031079230721611274 1.1974386672677173e-05 0.0 0.0 0.0 1.3709888445319072e-05 0.0 6.767059875910331e-06 2.3280595620568057e-06 0.0 2.2712299738705827e-06 4.102831485553623e-06 2.1834549295008783e-06 0.0 0.0 0.0012323159786392958 2.7378193474690768e-05 2.4878163627793296e-06 6.101143079902207e-06 2.5911477726969108e-05 0.0 8.446546493934068e-06 0.0 2.8594509347296028e-05 1.6573792958844175e-05 0.00024332156292623352 0.0008051940271652465 0.0001551911424015247 0.0002597816904686062 2.2788565826265407e-06 6.721321963074373e-06 0.0 0.00039826707178117405 5.046751134018892e-05 6.562441815745881e-05 5.572894039928593e-05 1.3597374025175383e-05 5.581539495818691e-06 2.701963074267198e-06 6.616087725544617e-06 0.0 0.0 0.0008167208213990463 0.0007480327591974363 0.0004084065140607385 0.0001860984948294324 1.071762267955799e-05 3.996261866834915e-05 2.129258260511444e-06 1.1932418383526095e-05 2.3605704779186833e-06 0.00010621127660438351 1.8284909229714225e-06 4.4632844844691305e-05 4.846998962159939e-05 4.810445227052484e-06 0.0 3.1974244399229996e-05 0.0 1.4846337089353255e-05 0.0 0.0 2.3707700204034913e-06 2.1113513905705316e-06 0.00010694202521103574 1.3820487155065527e-05 0.0 0.0 0.00036928050244776616 1.6948427367813248e-05 4.008352521649235e-05 3.766063849300618e-05 1.7826521620836597e-05 0.00017206503088079735 9.402230621199397e-05 3.2005425570121365e-06 2.6582001527691064e-05 0.00010617392296909989 4.3220113602592634e-05 4.434759864633377e-05 0.00031548730960494247 0.00016038173617149255 0.00011672000472288806 0.00031763740939357287 0.0 0.0 0.0 0.0 0.0 0.0 0.0 0.0 0.0 0.0 0.0 0.0 0.0 0.0 0.0 0.0 0.0 0.0 0.0 5.251677918049713e-05 1.4183712046221665e-05 0.0 0.0 0.0 3.689701784992332e-05 0.0 9.986598441693509e-05 1.537313772182836e-05 0.0 0.0 0.0 0.0 3.921266142658432e-06 0.0 0.0 0.0 2.1752014927343084e-06 0.0 0.0 0.0 0.0 0.0 0.0 0.0 0.0 0.0 0.0 7.193537631366573e-06 5.4637968791690215e-06 0.0 0.0 6.269712752332563e-05 2.3844959434877534e-05 0.0 0.0 0.0 0.0 0.0 0.0 0.0 0.0 0.00010493983287898112 0.0 0.0 0.0 0.0 2.6049620435055973e-05 0.0 6.20829558425686e-05 1.0887692552308666e-05 6.642520583673542e-06 0.0 0.0 0.0 0.0 0.0 0.0 0.0 0.0 0.0 0.0 0.0 0.0001853255011550438 0.0 8.327492047436887e-06 0.001610294654340096 7.866519346702007e-05 0.003365087093027175 0.00042900249227065593 0.0004754889557092863 6.30628643562751e-05 1.4767523833634944e-05 0.00011403625448470695 0.0002589610546447149 0.0 7.138806145632954e-05 1.4720851315001532e-05 9.492367784598044e-05 2.5795017953900566e-05 4.620454542727569e-06 8.901727497092671e-06 1.801093707863296e-05 0.0 0.0009749620001010615 6.580798194238655e-05
0.001672526755795661 0.0038727556086980194 0.0005917744299295874 0.0058164905764411514 8.671550534860207e-05 0.0 0.0005930155431504995 1.6779128449231045e-05 0.0001980712882639259 0.015785715993092836 9.309150969304823e-05 0.0032299623093893317 0.0019414784116640344 0.0003659242843160801 0.0 0.0 0.0 0.0 0.0 0.0 0.0 2.55189094747279e-05 0.0 0.0 1.4844801018528278e-05 4.9573794294757227e-05 0.0 0.0 4.83891376651452e-06 0.0 0.0011585360634783434 4.065703500302087e-06 0.00010459721843098699 0.0 0.0 0.0 6.104973655263908e-05 0.0 1.7237374951353556e-05 0.0 3.8274458111402735e-05 0.0 0.0 0.0 0.0 0.0 9.435528111606641e-06 2.3981159459235947e-06 0.0 0.0 6.858838044444145e-06 6.514981454417948e-05 1.6680409478952244e-05 4.677505755075541e-06 0.0 6.504713834465835e-06 0.0013016781057971713 0.0006343641131727959 4.910564636584797e-05 2.365257798745627e-06 4.421188655745953e-06 0.0001137135815815193 0.0 2.6570075692008117e-05 1.4522818753395966e-05 1.1088869721230154e-05 3.774222436562179e-06 4.027266100725235e-06 0.0 0.0 0.0009162987394954565 0.002513624451727729 3.694690603248402e-05 0.00035432244000885434 7.026646263760004e-05 1.1591103486474977e-05 7.253306507481811e-06 3.6646285840504615e-06 2.3440569616994965e-06 6.366149778790076e-05 2.304213687944189e-05 0.00013720384674317958 3.304999358722181e-05 4.175883922121103e-06 9.615321668968944e-06 0.0 0.0 2.0413483897443382e-05 3.023693521210278e-06 2.8238941661510377e-05 5.479214553483979e-06 8.472836634959741e-06 1.9566664618090145e-05 0.0 8.194338882262748e-05 0.0059511139079364735 0.0029495612878447774 0.0001603191020834624 0.0003461192277863112 0.007784399241697298 0.0 1.1117240432043134e-05 9.399044466901657e-06 4.1366002846005736e-06 2.5249837613014117e-05 2.313666793810837e-05 0.0 7.218085979593332e-06 4.5998529967389833e-05 1.2777792375430332e-05 5.283000276213628e-06 3.0365333099758772e-05 2.128225141666979e-05 1.9800425168539474e-05 3.396804218776291e-05 0.0 4.033432123724933e-06 0.0 0.0 0.0 0.0 0.0 0.0 0.0 0.0 1.288373033509403e-05 0.0 0.0 0.0 0.0 4.529292936235021e-06 0.0 0.0 2.9749331862229577e-06 0.0 0.0 0.0 0.0 0.0 1.3653640595395747e-05 2.2389221631669284e-05 2.5408804336684084e-05 0.0 4.268739010968584e-06 0.0 0.0 0.0 0.0 0.0 0.0 6.046832277488876e-06 0.0 0.0 0.0 0.0 0.0 4.957610111845717e-06 4.496682581375957e-06 0.0 0.0 0.0 0.0 5.157297306157522e-06 6.451381117249539e-06 0.0 0.0 0.0 9.761136478146516e-06 0.0 0.0 0.0 0.0 0.0 0.0 0.0 0.0 2.795683886270765e-05 5.470940786072237e-06 0.0 0.0 0.0 0.0 0.0 0.0 0.0 0.0 8.12124650906158e-06 0.0 0.0 0.0 0.0 0.0 0.0 0.0 0.0 0.0 0.0 0.0 0.0 3.7005699440217933e-06 0.000772738722260606 4.540838729758677e-06 0.00026125251683122984 9.391670682802516e-05 0.001578280060454175 3.243789663874008e-05 0.0 0.0 7.855418653402201e-05 0.0 3.753795009465427e-05 0.0 0.00012594059061102935 0.0 0.0 0.0 0.0 0.0 0.0006927436364762435 2.3031409947943657e-05
0.010936318614657048 0.05227239485010373 0.015359982567516813 0.0066046530944532025 0.02591098523943335 0.0005930155431504995 0.0 0.0015102683168910424 0.013607446616368389 0.035660689272536024 0.0050535970501266875 0.0007763322272025647 0.0797544806375863 0.032084010167174055 0.00015418949509384903 0.00011877525641556348 1.6457448929547662e-05 3.962971945063898e-06 0.0 2.4420510740251163e-06 1.0650681514153701e-05 0.0 0.0 1.9814856705916736e-06 0.0 5.14764971049516e-06 8.052382185399945e-06 3.6961269935239704e-06 2.921066034720155e-06 0.0 0.010369478696952584 0.00040711735248000734 4.041383217629609e-05 2.1775294522534878e-06 0.0 1.7761866143313008e-06 2.1102701223169024e-05 4.042514084605722e-06 2.367219706004916e-05 2.1055191122213143e-06 5.6052180547603304e-06 6.882806667343169e-06 5.308132174344933e-06 1.1073851211958564e-05 4.344834602919627e-06 1.9305245935876504e-06 0.0022723611888831857 7.01603433124779e-05 4.375346271574893e-06 4.262848357499562e-06 0.0001259590083639153 2.871119477039666e-06 0.0 4.869466096460132e-06 8.972145846960962e-05 9.758809545224272e-05 0.001361669523469359 0.00381874720007384 0.0005983945596289449 0.0006131671921913837 4.36310641800609e-06 2.2216097532391626e-05 4.0173018703613035e-06 0.000998302317092475 0.00014525895585184857 0.00014707584099582838 0.00013094843150700096 8.969981961787144e-05 8.397431077183512e-06 0.0 8.322549587077686e-05 1.6785813205622954e-05 0.0 0.0027207997021531584 0.0020363738675551104 0.0010685523113036035 0.0004264521563558576 7.06201751016902e-05 5.951240663671622e-05 3.4943430454261225e-05 1.3888328505075935e-05 2.2590238067717787e-05 0.0002977374655156132 6.284550057180535e-06 0.0001423072171136599 0.0002072712055350789 1.4906231170035802e-05 1.109117493458196e-05 8.754869403748049e-05 4.4424144531881386e-06 4.256947981553686e-05 5.142522764628019e-06 0.0 2.630126349893071e-05 1.0684412268726015e-05 0.000531258420921916 1.8193384691011295e-05 3.387164795630703e-06 1.651422296072331e-05 0.0030607784894334422 6.836225556095633e-05 9.022192588424651e-05 0.0008173725860530782 0.000561195224883991 0.0007099788698658743 0.0003016454674219971 1.809806476305336e-05 0.00027991373885525423 0.000601710734843966 0.00021245728982704164 0.00018607686241908675 0.0015460506433092572 0.0008086862025613099 0.0006676920055437266 0.0012641693382300825 8.810598701443325e-06 8.511759755792084e-06 1.9832337034896027e-06 0.0 0.0 0.0 0.0 0.0 0.0 0.0 0.0 0.0 0.0 0.0 4.338198156971699e-06 0.0 0.0 0.0 0.0 0.0003027824484873827 6.352498958316848e-05 0.0 0.0 0.0 0.00035598102450941046 2.0535443210678244e-05 0.0003339883521118596 5.26253001385655e-05 5.50011004839482e-05 0.0 0.0 0.0 3.288252784869503e-06 0.0 0.0 0.0 1.1048585856225769e-05 7.0430505983758e-06 0.0 2.4109894714825724e-06 0.0 0.0 0.0 1.872519249971118e-06 2.217752124028834e-06 1.1598315430586793e-05 1.724786838237256e-05 4.935496428831275e-05 3.953405833017043e-05 3.711469585357245e-06 0.0 0.0004914919233319389 7.159775575652431e-05 0.0 8.515577891214463e-06 0.0 0.0 0.0 2.020800508607271e-06 0.0 3.2752683465828954e-06 0.0004936564015164583 0.0 0.0 0.0 0.0 0.00014631055605795053 5.9293469139533885e-06 0.0002281321405633509 3.850362937096768e-05 0.0001011454843114578 1.76457990938953e-05 1.828249411010237e-05 0.0 0.0 0.0 4.577344718044e-06 0.0 0.0 0.0 1.9396409756597736e-06 2.498122389534405e-06 0.0008861760375488356 3.456936147878021e-05 2.588965328260863e-05 0.005806120755342218 0.0002606113997990507 0.008016423734401295 0.001549191761000774 0.0023925895703121123 0.00028127792957488584 1.5296206157902985e-05 0.00037856162293255983 0.0013711333098693497 2.3794848219100485e-06 0.0003928362886490713 4.626086896356124e-05 0.0006224870617787646 2.399167805194452e-05 2.193316701464875e-06 2.0251777166425808e-05 6.23165559620852e-05 3.6713699039205244e-06 0.003731694174210974 0.0004301243342519536
0.001166745653283372 0.012633044420884134 0.037117667660871656 2.962759538091757e-05 0.002062444900990579 1.6779128449231045e-05 0.0015102683168910424 0.0 0.010372110748272375 0.0009138941775272519 0.02016336923672099 0.0014655955352113692 0.016816727853431135 0.07784559522666337 0.00015966781892352218 0.00026436508375488304 1.830554523715285e-05 4.996703526993084e-06 0.0 5.477980825520898e-06 3.0043798913994337e-05 0.0 4.3494138291281725e-06 1.4015723951019396e-05 4.895923230587156e-05 0.00010080447578313891 2.4499987660693617e-05 5.406987621627973e-06 8.920818778085106e-06 1.2530024614336679e-05 0.05441517615298348 0.0193911882959767 0.004648907254480397 1.997404545633549e-05 0.00013444300209461822 0.00021335798451093185 0.0011698193485166863 0.00024667296410406804 0.00019906219102692064 5.932081566893453e-05 1.1690129831953588e-05 0.0 0.0 1.250203917931442e-05 4.74237862959703e-06 9.59197121845932e-06 0.0019948788017476703 3.7145663250749235e-05 2.75662875715025e-06 8.884824477918914e-06 7.819197535701535e-05 0.0 5.611454933077861e-06 3.204224618017311e-06 4.942528778867603e-05 5.410180036154079e-05 0.00037014854027799486 0.0018766412689559652 0.00021629809089938475 0.00039279116307111274 0.00014207730992499832 0.0015443756139335713 6.355515482568172e-06 0.004951800936557278 6.721074271402228e-05 7.731283659193448e-05 5.963768286451719e-05 4.5611602362070055e-05 1.3340937357496951e-05 2.5778080513535474e-05 0.0006691747855205387 1.8611625113182292e-05 0.0 0.0011452817578180422 0.0018153674154226687 0.0008533802957894633 0.0008908361996532296 0.0003959749505596858 0.01483616341107239 0.023141463786938654 0.00024916888957616254 0.0042542093287101556 0.00018216733450655378 1.966469375548765e-06 5.35146801138891e-05 8.55886491458067e-05 1.1538240588326365e-05 5.525944440769616e-06 5.4753072450337595e-05 0.0 2.7408128236127506e-05 0.0 5.833756246215663e-06 1.8947769383673172e-05 8.1990675890367e-06 0.00046973597049953115 7.542399525587844e-05 0.0 4.706961256778692e-05 0.0003513327751566207 0.0 1.4348594786343748e-05 2.0748796221830264e-05 0.0 3.3896733154342477e-06 0.0 0.0 3.1083634117933087e-06 1.7270210754951183e-05 3.550105455904878e-06 1.1111714925013176e-05 1.7519108980433916e-05 0.0 2.9277570312110783e-06 7.341446899584095e-05 0.0 0.0 0.0 0.0 0.0 0.0 0.0 0.0 0.0 0.0 0.0 0.0 0.0 0.0 0.0 0.0 0.0 0.0 0.0 3.252504666674084e-05 0.0 0.0 0.0 0.0 1.8045839160178222e-05 0.0 4.560458567266933e-05 9.453622587104998e-06 4.707455009645497e-06 0.0 0.0 0.0 0.0 0.0 0.0 0.0 0.0 0.0 0.0 0.0 0.0 0.0 0.0 0.0 0.0 0.0 0.0 0.0 0.0 0.0 0.0 3.480756316808573e-05 1.2727903387695581e-05 0.0 0.0 0.0 0.0 0.0 0.0 0.0 0.0 3.716541014472517e-05 7.3964994686060025e-06 0.0 0.0 0.0 0.0 0.0 3.5051123290802427e-06 0.0 0.0 0.0 0.0 0.0 0.0 0.0 5.033106050410887e-06 0.0 0.0 2.1879800077534634e-06 2.498518535175023e-06 0.0 8.120261962342666e-05 1.7872479346192657e-05 1.4307985832310097e-05 0.0020184267250216307 9.858719428335184e-05 0.004102814383656455 0.0007089633700416215 0.00038068785534893 0.0001394890561491892 1.198324479516753e-05 0.00019496379725823343 0.0001199523842650686 2.596015855101738e-06 1.2361794564327486e-05 0.0 8.289573381252249e-06 2.5663153993182675e-06 0.0 0.0 1.196494942873963e-05 0.0 0.0010568307184898353 2.7612829249350152e-05
0.0012219320756498215 0.04361664694066275 0.05245882227917183 7.08079351519112e-05 0.05088033735425411 0.0001980712882639259 0.013607446616368389 0.010372110748272375 0.0 0.0048027650995841 0.027225370603351277 7.243445299139661e-05 0.030431117840955615 0.013099825892911364 0.00021270750793411254 0.0001992145078179771 4.4470656418288567e-05 0.0 0.0 0.0 0.0 2.764117077260323e-06 7.774894443051714e-06 2.3326571059753574e-06 0.0 9.333429020597524e-06 0.0 5.421438684476343e-06 1.8245695239750433e-05 0.0 0.006968437917041062 0.0007143527181110987 2.7566541402626906e-05 4.866856728604783e-06 1.822400787627474e-06 0.0 1.3445935477731765e-05 4.3124917671440906e-06 4.267263328198581e-06 0.0 0.0 2.102007949411713e-06 0.0 1.9092904223351755e-05 3.7259015253215397e-06 2.0385797584586754e-06 0.0025187598946974387 3.91321269100058e-05 1.0475008435075664e-05 2.4251762359436794e-06 3.609868273085268e-05 0.0 0.0 0.0 4.522730888370818e-05 5.5765981828325326e-05 0.00045283060162655466 0.0012023773338480119 0.0002885011849732783 0.0005972979211056237 6.245602378539169e-06 1.568433568681022e-05 4.919018118848138e-06 0.0009372003680210393 7.521107945424442e-05 8.030596520235436e-05 0.00011150143427416593 4.5873331237592726e-05 1.801594968978269e-05 0.0 3.0254466870928797e-05 6.737927269137116e-06 0.0 0.0014109178287646318 0.001619555165388195 0.0012360008456760896 0.0005300312091319051 7.818167818717499e-05 7.661456870711665e-05 3.494828203059769e-05 8.738966591928796e-06 5.854500549566203e-06 0.00020658779411825175 2.2747067154888497e-06 6.483332497523395e-05 9.357649602591244e-05 1.4853634985796647e-05 0.0 5.677268754142578e-05 0.0 3.604409555244109e-05 2.6689177241188174e-06 2.3015643029377447e-06 1.1543594190693165e-05 1.7392113303414372e-05 0.00028661388453909156 0.0 0.0 4.133976524258789e-05 0.0009285511815581986 3.860303616119262e-05 0.00011876789954011973 0.00015731236230739204 3.958750497951712e-05 0.00038990197830613473 0.00011728204520742925 2.4732767509130198e-05 8.026615246482552e-05 0.0004191644689157449 0.00015958369715518477 0.0001284663475809866 0.0009430768145962502 0.0005665736030606954 0.00040968864204341356 0.0010053047514902503 3.350988123538494e-06 1.0089220553646738e-05 0.0 0.0 0.0 0.0 0.0 0.0 0.0 0.0 0.0 0.0 0.0 0.0 0.0 0.0 2.586857603978168e-06 0.0 0.0 0.0001835869628697044 5.7632196565357354e-05 0.0 0.0 0.0 0.0002718915303666954 1.3849734901730222e-05 0.0002293342702753756 2.9077594060309164e-05 3.314863425432266e-05 0.0 0.0 0.0 1.60121387565613e-05 6.664748621534749e-06 4.242312795525709e-06 0.0 0.0 3.131781094337471e-06 9.367777142385174e-06 0.0 0.0 0.0 0.0 0.0 0.0 0.0 3.395441844126767e-05 1.4732527345430411e-05 1.2155595726048027e-05 0.0 0.0 0.00032129144571148787 5.397262769513949e-05 0.0 1.3680433567625822e-05 0.0 0.0 0.0 0.0 0.0 0.0 0.0004459322794562475 0.0 0.0 0.0 0.0 0.0001412745056872727 0.0 4.067035056914225e-05 2.6535862436876572e-05 8.209441069249178e-05 1.1314676359665576e-05 1.2413151384385096e-05 7.753556323827282e-06 0.0 0.0 2.287529917668684e-06 0.0 0.0 2.2423578409078146e-06 0.0 0.0 0.00067633062711635 3.262144210595781e-05 3.923417889833203e-05 0.004534664548131461 0.00019014927362324163 0.006805200258247856 0.0012883391157531535 0.0011774600431890536 0.00023838595218281418 1.2719696248437823e-05 0.0004238416805809927 0.0007568492425135431 2.150306517072011e-06 0.00020221863802489856 4.308414486448477e-05 0.00033813016891794226 1.3262676048601087e-05 0.0 1.7869522948314732e-05 7.754768835453717e-05 0.0 0.0019428510118229079 0.00028492322512443035
0.05992546504555532 0.021487631850866575 0.0027149516781218414 0.031523592761875864 0.005265933224362268 0.015785715993092836 0.035660689272536024 0.0009138941775272519 0.0048027650995841 0.0 0.001360404148038954 0.02747901812491531 0.22789747901124505 0.01162087739969757 0.00012655329345299593 0.00012118620925162604 1.5123887836572174e-05 4.517840945490092e-06 0.0 0.0 1.0733537951445915e-05 0.0 2.004690787182332e-06 0.0 7.993102251236464e-06 3.088357996554059e-05 0.0 0.0 4.507961862283668e-06 3.101479374819992e-06 0.005038761540514944 0.00016089366141438635 0.00035512211544080484 0.0 2.0409252707724996e-05 3.678892564704524e-05 0.0003033147599324611 5.646783736748909e-05 6.498156295576402e-05 0.0 1.7191952666751586e-05 2.6088553620564147e-06 0.0 1.050119792934305e-05 0.0 2.486157905496276e-06 0.000902812877650006 2.7871543150581574e-05 2.3930167785617403e-06 2.3153058061401896e-06 5.861350286124296e-05 8.136882788135539e-06 2.782476857613526e-06 0.0 3.5680200555168275e-05 5.041057546902594e-05 0.0021078816324282346 0.002539415235673802 0.0003863698926458335 0.0003094371610167681 0.0 4.731717058103629e-05 2.6711627507091683e-06 0.0004606074421753245 6.892611231689753e-05 7.085695032449052e-05 6.913958892226876e-05 2.4106078994925546e-05 0.0 1.138753615833769e-05 0.0008994434715722879 0.0002955532668065686 1.4741387682149451e-05 0.0015807599405181234 0.0009618356450542224 0.0005921419967218961 0.0002646186318605986 1.4918690634831186e-05 5.0997438664856975e-05 3.1580023929804724e-05 1.957437536753603e-06 4.172801011268012e-05 0.00015433146157357673 4.280530382582459e-06 6.301302770485465e-05 8.841875365978977e-05 8.907950888744592e-06 7.285238301896503e-06 5.1418366154180714e-05 1.3860609783963135e-05 1.9737708751461045e-05 6.914474163370602e-06 0.0 1.9443783984429923e-05 1.3199995059181572e-05 0.004124584024850578 0.0007539523053313613 3.548261687810466e-05 0.00014460696071674022 0.027695569495797438 0.0001552490131804254 0.00037442367055940843 0.0010807260051284332 0.00017698245676792937 0.0023093909662486823 0.0009862243119653255 6.814052451235097e-05 0.000613201192377328 0.0025747571161768585 0.0012834413993194035 0.0008110630572821325 0.005435133699343722 0.002607848097149925 0.0022370006522957194 0.0034348274038013037 9.019759976406204e-06 6.614398671647044e-06 0.0 4.579513655685087e-06 0.0 0.0 0.0 0.0 0.0 0.0 0.0 0.0 3.330901285071788e-05 0.0 4.8894489064374725e-06 0.0 3.7843390461181555e-06 1.736692826379469e-05 0.0 0.0010768324532784304 0.0002520774325373361 0.0 0.0 0.0 0.0007468067093742499 4.572508037427758e-05 0.0005991297697050985 9.558575557204047e-05 0.0001082475672529717 0.0 0.0 2.624163532698356e-06 7.0638091935660186e-06 0.0 0.0 0.0 2.5142807032142452e-05 3.346794857518629e-05 0.0 0.0 2.816160308209449e-06 8.567950639650218e-06 0.0 0.0 1.5604269781538267e-05 2.56490513694115e-06 3.7091471010217185e-05 0.00011222676446193904 0.00012804817439085017 0.0 0.0 0.0009957564134596179 0.00011736725114264691 0.0 3.782246982471052e-05 8.534810882842562e-06 7.887658869742989e-06 0.0 0.0 2.319678102613695e-06 0.0 0.0010639610288211785 1.842873062919716e-05 0.0 0.0 0.0 0.0004923507143418968 0.0 0.0004041411777153741 4.0169994067233e-05 0.00017395878518771242 4.248328552915284e-05 2.1703760040375883e-05 2.2339544203420453e-05 0.0 0.0 2.8621729866955305e-06 0.0 2.9862156878269347e-06 0.0 0.0 0.0 0.0029925129554071975 3.1054060275771554e-05 5.512958694075147e-05 0.019142646910757365 0.0002046047164172375 0.003638230962552907 0.0008918105138175235 0.018050638069676425 0.00015222175132904682 2.0122400992279256e-05 0.0002843422863993791 0.006158298054629516 2.1172712315994583e-06 0.0007548479078931626 0.0001092906410682986 0.003475457051613634 4.974869340026404e-05 2.4836145619143628e-06 9.817081180033881e-05 7.62361634667016e-05 0.0 0.01343467484988906 0.0018588842694860024
0.002849641150238253 0.04078810220011818 0.049543850208398306 4.636193924340715e-05 0.012218129746843926 9.309150969304823e-05 0.0050535970501266875 0.02016336923672099 0.027225370603351277 0.001360404148038954 0.0 0.0018040906933581402 0.034089547441602086 0.06994118051853362 0.00015009689193575307 0.00021713630628995907 3.1070614654574605e-05 0.0 5.014001685339874e-06 0.0 7.269568809392313e-06 0.0 0.0 0.0 1.0478722099162937e-05 3.138496809672227e-05 2.1087989283923172e-05 0.0 8.554716396109539e-06 4.9337962836609375e-06 0.027921675443198877 0.006990963415792508 0.002032361184364487 0.0 1.506892725868734e-05 6.096423310560392e-05 0.00041712968937758553 7.535095469562844e-05 8.193180820532546e-05 3.346228135752068e-05 0.0 0.0 0.0 8.011403052589315e-06 0.0 0.0 0.0015897949129501042 2.8066743914996e-05 7.128068324155474e-06 1.9140207394572595e-06 3.3261251535453327e-05 0.0 0.0 0.0 2.7262471241066938e-05 2.3601122332282023e-05 0.0002516636447277517 0.0010249555960505042 0.00017256070730844626 0.0003267525154660942 4.269444746037695e-06 0.007718287859296881 2.3014632535924245e-06 0.0009831345253282964 5.1774104536868436e-05 4.482278822503983e-05 3.405986927062126e-05 2.058150862806567e-05 3.0592149829060354e-06 0.0 0.000327326212455593 0.0 0.0 0.0008286120708299757 0.0012059544840943358 0.000722992045016204 0.0004514950408837854 3.6341484580892445e-05 0.0031312822535757407 0.006959528687938487 9.400981715705166e-06 0.005775873630048425 8.988013190862594e-05 0.0 4.504979920258493e-05 6.204485279152277e-05 5.6322865978145965e-06 2.32466675983495e-06 2.746636466470108e-05 0.0 1.4121328568619648e-05 2.3972872205158593e-06 0.0 0.0 4.781629858861389e-06 0.0001336423068090657 1.4562994725075468e-05 0.0 1.2412509056773708e-05 0.00040138153499040004 0.0 0.0 1.684815219735781e-05 0.0 5.199600527590825e-05 1.6818886535570138e-05 7.082128312628876e-06 0.0 3.902108273770715e-05 2.6240433604689612e-05 1.3605119195812603e-05 5.368549819464089e-05 4.8445491395458254e-05 2.4859300613648656e-05 9.901760189213215e-05 0.0 0.0 0.0 0.0 0.0 0.0 0.0 0.0 0.0 0.0 4.565526976979453e-06 0.0 0.0 0.0 0.0 0.0 3.1693601783596496e-06 0.0 0.0 6.140864530821285e-06 2.7804025279252302e-06 0.0 0.0 0.0 1.7261310159528828e-05 0.0 6.879984491982097e-05 0.0 2.7002772410658913e-06 0.0 3.8034595146704926e-06 0.0 0.0 0.0 0.0 0.0 0.0 0.0 0.0 0.0 0.0 0.0 0.0 0.0 0.0 0.0 0.0 0.0 0.0 0.0 0.0 6.731872078347645e-05 6.080656432252882e-06 0.0 5.283278061266499e-06 0.0 0.0 0.0 0.0 0.0 0.0 5.1417196236262394e-05 4.130653671533943e-06 0.0 0.0 0.0 7.5834143879976675e-06 0.0 1.0104510205285155e-05 3.12216872504051e-06 2.896763465877135e-05 0.0 3.070622487783805e-06 0.0 0.0 0.0 0.0 0.0 0.0 0.0 0.0 0.0 1.4147926084845129e-05 2.8967777577168123e-06 2.503083791613516e-05 0.002357767112228974 8.994433548220482e-05 0.0035948153224929892 0.00071915597776349 0.0006443467407576759 0.00016094079388870511 1.1756174637328572e-05 0.0001751259814164033 6.228170561297373e-05 0.0 4.283748784101556e-05 3.146063392701544e-05 4.6891271141853174e-05 0.0 2.42687716615873e-06 0.0 3.388819669889161e-05 0.0 0.0007927584840913711 1.3060283268133012e-05
