0.0 0.1170584811206922 0.005375102392137643 0.035146407566978295 0.008251890204873507 0.004386994640253244 0.03452614423266477 0.0007659636222911561 0.005988136349096603 0.03983321066942931 0.004451577707987371 0.004817361013188704 0.009441659621368465 0.014566340412481218 1.493750713435068e-05 4.1885411395483345e-06 0.0 0.0 0.0 2.5874558981136317e-06 0.0 0.0 0.0 0.0 0.0 0.0 0.0 0.0 0.0 0.0 0.01892215715883937 8.830654535613641e-05 0.0007474998288341383 0.0 2.058761830815677e-06 2.5508766087252257e-06 2.9237781955844817e-05 0.0 1.5401736729868155e-05 1.958183487139285e-05 2.346260318011603e-06 0.0 2.393100980743141e-06 2.1215876000760865e-06 0.0 2.2089354593593886e-06 0.0005860083092155655 7.69851571558842e-05 0.0 4.936308663716152e-06 2.1892964286468454e-05 0.0 0.0 0.0 0.00023228430912330608 0.00035725190022302275 0.019070583735490365 0.03344188013454409 0.001843821088978715 0.00027541679821137965 4.140659601261888e-06 1.9960205943602993e-05 0.0 0.0007084981682145724 0.00022925889085490033 0.00017749224072392226 8.724073569044771e-05 6.23024258707255e-05 3.1994418375239045e-06 2.075424498624312e-06 9.001008359961258e-05 0.0 0.0 0.01052407106292425 0.002570383801093698 0.0011929903185887458 6.265716600113481e-05 6.439920148701496e-06 3.3370019304436394e-06 0.0016981339151311 0.0 9.227256263556726e-05 0.00023122026010673628 9.555060807574134e-06 0.00015683189425797205 0.00011570970567490035 2.699366995377206e-05 7.593703822555828e-06 3.707148173589606e-05 3.5808132290112085e-06 1.738209681934144e-05 0.0 3.050775584393852e-06 6.434639644499885e-06 2.9369503404360694e-06 0.00022302764280368907 0.00021533430428044258 0.0 3.6568007524070976e-06 0.015653136472679827 0.0 0.0 0.0 1.1371073682308007e-05 0.0 2.5777727969851955e-05 5.808780836320262e-06 8.862840680740575e-06 4.451188371101776e-05 2.5521526824687805e-05 0.0 5.5558921287842516e-05 7.305508904828311e-05 2.0278836531581423e-05 0.0 3.6288995149154785e-06 0.0 0.0 0.0 0.0 0.0 0.0 0.0 0.0 0.0 0.0 0.0 0.0 0.0 0.0 0.0 0.0 0.0 0.0 2.998877565304971e-05 0.0 0.0 0.0 0.0 4.653407166427635e-06 0.0 0.0 0.0 0.0 0.0 0.0 0.0 0.0 0.0 0.0 0.0 0.0 4.738077431974104e-06 0.0 0.0 0.0 0.0 0.0 0.0 0.0 0.0 0.0 0.0 0.0 0.0 0.0 0.0 0.0 0.0 0.0 0.0 0.0 0.0 0.0 0.0 0.0 0.0 0.0 0.0 0.0 0.0 0.0 0.0 0.0 0.0 0.0 0.0 6.665881062882698e-06 0.0 0.0 0.0 0.0 0.0 7.724897617519188e-06 0.0 0.0 0.0 5.020792672068438e-05 3.292677733191456e-05 3.493234356688805e-05 0.0033446253242943283 0.00019259211813103553 0.0062679661008563795 0.001412962917316294 0.008507877158593807 0.00041293972970907287 4.313305426365641e-05 0.0001953324910953773 3.5410763886067046e-05 0.0 2.604732880933477e-05 8.196503358715116e-06 0.00016804833009209037 0.0 7.497715613800519e-06 0.0 9.39265654851093e-05 0.0 0.0025357010924970474 8.852821144099156e-05
0.1170584811206922 0.0 0.02272151453135925 0.029204336791639116 0.05108632889788337 0.002224995454629506 0.07705603481877853 0.002152574742251092 0.06830473517608064 0.005699279903180755 0.018816223366478257 0.0006177370750430497 0.015969621749754463 0.03547706968420241 0.00013888392120393653 5.173479031927901e-05 4.196282403445702e-06 4.777474481530218e-06 0.0 2.392781502301591e-06 0.0 0.0 0.0 0.0 2.4257310764317085e-06 0.0 0.0 0.0 0.0 0.0 0.02646982126897567 0.0007339750813451118 0.0010704053035402446 0.0 2.5711460817062794e-06 2.597619317310088e-06 9.01632191234312e-05 3.4806846085165144e-06 2.685206018748453e-05 8.775669607946668e-06 0.0 1.964946472330539e-06 0.0 2.1103955541029126e-05 2.5203470251616783e-06 1.0890456700801096e-05 0.0012611619942125172 0.0001087608787377124 5.116754092258771e-06 0.0 1.731931867419654e-05 0.0 0.0 0.0 0.00015932642089478005 0.00019628154013980674 0.00586054225339076 0.01007303387199005 0.0004898766860286234 0.0006906779594780004 4.376669744998948e-06 4.49523916263628e-05 5.120908213970807e-06 0.002531091336981557 0.00017888620147122646 0.0001622491218833821 6.93019005135758e-05 3.899745526585066e-05 1.845681021029246e-05 2.050015048661281e-06 0.0003058369920679093 7.722571720659627e-05 0.0 0.008020725035225147 0.0032186244318584073 0.002400781289019753 0.0005382794221842321 0.0001633779636894984 2.1599702740112617e-05 0.0024016981706800706 7.065024006413652e-06 0.00010505068269288789 0.00020893858941302 1.111162237165464e-05 0.00010582928448672188 0.00014993291605975103 1.7975597566552914e-05 0.0 3.7060806898641e-05 0.0 2.8967368800482665e-05 5.671292540362545e-06 2.0697924057820574e-06 7.375566432107874e-06 0.0 0.00014545890460698662 5.098278460961951e-06 0.0 1.4748884789490397e-05 0.004775339327731815 2.5744781462426265e-06 9.79339969840191e-05 4.908310915232871e-06 4.7723435603459604e-05 5.420178516627935e-06 0.0002424337273709878 7.50284628243265e-05 0.00027736706689523077 0.000611756624603836 0.0002516776223099011 2.705134420081035e-05 0.00040722696125435433 0.0008324284921881019 0.0004957235270117723 3.5072580351572747e-05 0.0 1.8341969887175672e-05 0.0 0.0 0.0 0.0 0.0 0.0 0.0 0.0 0.0 0.0 0.0 0.0 0.0 0.0 0.0 0.0 0.0 1.1479731709732892e-05 1.0439597214924457e-05 0.0 0.0 0.0 0.00014537338666826297 0.0 5.146186841931686e-05 4.125502017858325e-05 1.6127295902291635e-05 0.0 0.0 0.0 0.0 0.0 3.079167494590734e-06 0.0 0.0 8.024877663812925e-05 0.0 0.0 0.0 1.9904530466261115e-05 0.0 0.0 6.271808824892981e-06 0.0 0.0 0.0 0.0 0.0 0.0 0.0 1.2257034483658597e-05 0.0 0.0 0.0 0.0 0.0 0.0 0.0 0.0 0.000295580174043582 2.4405853266904555e-05 0.0 0.0 0.0 0.0 0.0 0.0 1.1984002903915267e-05 2.0324640467828722e-05 3.892370210720747e-05 0.0 1.8295564516075673e-05 0.0 0.0 0.0 0.0 0.0 0.0 0.0 0.0 0.0002290496604368135 0.0002597848524601478 0.00023338504205800293 0.005295590052452867 0.0003067633220641133 0.006845450910155629 0.0013711964081841127 0.0036145625260499948 0.0004887927384299114 5.3114071474160195e-05 0.00024168495090106976 0.0006692509210353758 7.022600660790094e-06 0.00016118178445771516 4.0167448096049995e-05 0.0002107686239818842 4.408986712128034e-05 3.1393192238835354e-05 4.726047075291881e-05 0.00015028574851962424 0.0 0.0011956122924097025 0.00029790727305126994
0.005375102392137643 0.02272151453135925 0.0 0.00011981308623698568 0.019508531556254413 0.00017209171653545 0.003742899898181599 0.0546928169037935 0.0309957320991986 0.00015197358108746145 0.06695214213284377 0.00013533970043310325 0.004935669239972404 0.040983929164831824 8.727760054413479e-05 0.00014424193401432926 7.282268625090158e-06 9.208226460733963e-06 1.417886507635253e-05 2.9990351397932226e-05 1.6351724727029538e-05 0.0 6.031980183182171e-05 5.3144948316899355e-06 6.481555549726044e-05 7.1332975054630895e-06 2.058359407039613e-05 2.243416942538428e-06 0.0 0.0 0.12139581909039716 0.0203004378652671 0.005435100938462908 0.00011821504966052118 0.00014874690096178118 4.518328019334432e-05 0.00020176932559826132 0.00011261194402990713 6.177287529092586e-05 4.249244821516244e-05 4.9136555857143576e-05 3.646646280771734e-05 2.6405563900402774e-05 9.65138188003376e-05 4.9123492237549167e-05 0.0002330039540660818 0.0003323544998793128 3.0608136475377795e-05 2.4369142650409747e-06 5.101198955727323e-05 8.669645879608146e-06 0.0 2.9967003855697547e-06 6.4428587731017516e-06 3.829593364415362e-05 6.151452348399992e-05 0.004589555245942544 0.01005245710458406 0.00038610776184729126 0.00015619472400078116 0.00038066309371162835 0.0016712354553451356 0.0001711567864177201 0.0017321741832488368 6.141819432987218e-05 3.285117747603469e-05 6.6882604284963715e-06 3.307363332747207e-05 0.0002175428104011849 0.000155909756627088 0.00025189139559958214 2.0899670273997178e-05 0.0 0.0028868374541320832 0.0012052305520421085 0.0006987563550302494 0.00023056844723796965 0.00036371184288480336 0.0022465059236675185 0.05414856149926817 0.00033578887364338285 0.009429088720331926 4.144635312935135e-05 0.0 4.3719699844150004e-05 3.7666395331867673e-05 1.3366983225889865e-05 0.0 1.4367429334223441e-05 0.0 3.618210426504632e-06 4.511843400706226e-06 0.00023478846124327853 9.518542491485134e-06 6.010439020040922e-06 2.768103620910545e-05 2.030006480067588e-05 0.0 6.760162794950523e-05 0.0014947090479192615 0.0 1.4731841128757679e-05 0.0 0.0 0.0 6.835848644829864e-06 0.0 1.1332670966557552e-05 2.955456458382592e-06 0.0 0.0 9.203208430350793e-06 2.685473615767195e-05 3.0859045029917083e-06 0.0 0.0 0.0 0.0 0.0 0.0 0.0 0.0 0.0 0.0 0.0 0.0 0.0 0.0 0.0 0.0 0.0 0.0 0.0 0.0 5.305162308993634e-06 0.0 0.0 0.0 0.0 5.393685076853908e-06 0.0 7.848827652500925e-06 2.2516589812261635e-06 2.487367505564991e-06 0.0 2.030555005249531e-06 0.0 0.0 0.0 0.0 0.0 9.512468973602522e-06 0.0 0.0 0.0 0.0 2.2653233140957793e-06 0.0 0.0 0.0 0.0 0.0 0.0 0.0 0.0 0.0 0.0 0.0 0.0 0.0 0.0 0.0 0.0 0.0 0.0 2.3275557662504526e-06 1.2085926448460457e-05 0.0 0.0 0.0 0.0 0.0 0.0 0.0 0.0 0.0 0.0 0.0 3.0980757116034404e-06 0.0 0.0 0.0 0.0 0.0 0.0 0.0 0.0 5.654394999075141e-06 9.336498949157256e-06 2.5818909841373462e-05 0.0009885699596197416 7.180726542494434e-05 0.0015355393096939721 0.0003180262027757002 0.0006841045583140303 0.00012282663726130485 0.0 5.900958520533279e-05 6.649588203546778e-06 0.0 1.3054912138245505e-05 0.0 0.0 0.0 0.0 4.4348932929150195e-06 3.58612227160325e-05 0.0 0.0001198684902207903 1.539732211867583e-05
0.035146407566978295 0.029204336791639116 0.00011981308623698568 0.0 0.0015538280709969105 0.0083711054042544 0.05160875808837113 9.489740364475107e-06 0.0004442206776802698 0.0715552060798347 5.278853196193957e-05 0.020761111413538785 0.027484862015525937 0.0007882412844414225 4.6244329431820095e-06 2.449575605174838e-06 0.0 0.0 0.0 2.601816372883835e-06 0.0 0.0 0.0 0.0 0.0 0.0 0.0 0.0 0.0 0.0 0.0006117152062352863 3.440330566790766e-05 3.2826673425449486e-05 2.199378165269428e-06 0.0 0.0 0.0 0.0 0.0 1.1452536175043837e-05 0.0 0.0 0.0 0.0 0.0 0.0 0.0001623460697902227 2.4448459171637555e-05 0.0 0.0 0.0 0.0 0.0 0.0 2.2909017935899975e-05 8.214611959612628e-05 0.0007894116263347412 0.0009256170460573424 7.661195961401015e-05 5.713703402695219e-05 2.53572672816156e-06 1.847781406878201e-06 0.0 0.0002915842556745968 5.078392452307946e-05 1.8866373995795757e-05 1.6800418217622332e-05 2.0398361155484057e-06 0.0 0.0 1.977930465846986e-05 0.0 0.0 0.0012691449532020154 0.00043334700162519997 0.0002514451358095286 5.512227940438954e-05 2.855217256134837e-06 0.0 2.4001275762374086e-05 0.0 0.0 2.566443506970052e-05 0.0 2.7198356778687055e-05 1.834087669725145e-05 0.0 0.0 0.0 0.0 2.055758805622858e-06 0.0 0.0 0.0 2.5065464945374788e-06 0.00010706152564378108 0.00047554973232193576 0.0 0.0 0.0010287120902669608 0.0 0.0 0.0 0.0 0.0 0.0 7.554225234741341e-06 1.5368342483598897e-05 0.00033050708737893553 2.0252621259936628e-05 0.0 3.9508762742705335e-05 3.279828602511205e-05 4.643172599688911e-05 0.0 0.0 0.0 0.0 0.0 0.0 0.0 0.0 0.0 0.0 0.0 0.0 0.0 0.0 0.0 0.0 0.0 0.0 0.0 0.0 0.0 3.187188008287534e-06 0.0 0.0 0.0 0.0 0.0 0.0 0.0 0.0 0.0 0.0 0.0 0.0 0.0 0.0 0.0 0.0 0.0 0.0 0.0 0.0 0.0 0.0 0.0 0.0 0.0 0.0 0.0 0.0 0.0 0.0 0.0 0.0 0.0 0.0 0.0 0.0 0.0 0.0 0.0 0.0 3.138132283001626e-06 0.0 0.0 0.0 0.0 0.0 0.0 0.0 0.0 0.0 0.0 0.0 0.0 0.0 0.0 0.0 0.0 0.0 0.0 0.0 0.0 3.666073528485757e-05 9.799087497027763e-06 9.869002584907301e-06 0.0004827114083884118 1.7850125159648393e-05 0.0012287960231313329 0.00013576868078697346 0.004990751285838512 6.3478447481002e-05 0.0 2.5771262274593886e-05 4.2456117509225455e-05 0.0 4.253830590893407e-05 4.96751310264381e-06 0.0 0.0 4.140236540369102e-05 0.0 0.0 0.0 0.0005503856863849453 2.0529911229341863e-05
0.008251890204873507 0.05108632889788337 0.019508531556254413 0.0015538280709969105 0.0 7.296235479329894e-05 0.028724871479944736 0.0027187881618163877 0.10601176943911737 0.0019194574848219854 0.018668144339798593 0.0006417555553779408 0.00767120509343595 0.01233707553094025 0.00019625494640075912 7.964076695157534e-05 2.001400748415728e-06 0.0 0.0 0.0 0.0 0.0 2.1925643088638793e-06 0.0 2.3201442632741216e-06 0.0 0.0 0.0 7.055365511078231e-06 0.0 0.0030769953900709177 0.00048815990503393647 6.525983996888658e-05 2.1317719450202693e-06 0.0 0.0 5.716570356409515e-05 3.6605536770248313e-06 5.795904646483469e-06 8.569718218449353e-06 0.0 0.0 5.310236983211163e-06 1.6014173655220764e-05 0.0 0.0 0.000878465570488939 2.5554993409102222e-05 0.0 3.6153585717996845e-06 4.677577307021128e-06 0.0 0.0 0.0 4.066590481867503e-05 7.139573696428185e-05 0.0007491364099163333 0.0014718003611874375 9.437235877530411e-05 0.0003448605069250575 2.0100656315229962e-06 1.0935586503261792e-05 2.2429737135543015e-06 0.0011204103823762922 4.887823832514924e-05 4.2879300348609746e-05 2.6163639707412327e-05 1.1681886158384498e-05 3.653578728440679e-06 0.0 0.0002800728613242188 5.375756293071325e-05 0.0 0.0019431749973431321 0.001149058779643424 0.0012240602291313822 0.0004949452883518191 0.00014863143863885268 7.922536253733006e-06 0.00011499572204885599 1.1135107554798917e-05 6.635236135154538e-05 4.57331808824115e-05 0.0 2.581471819763103e-05 4.285612201630063e-05 5.143228229834467e-06 0.0 8.571085607826514e-06 0.0 4.805698264167795e-06 0.0 3.6109847297365424e-06 2.0936069890586155e-06 0.0 0.00022717568991547515 4.861523108053776e-05 0.0 4.733197006421658e-05 0.0005309154355377714 1.6638222205827857e-05 7.688681606327054e-05 8.215997316269731e-06 2.26042210711111e-05 5.892511607951662e-06 0.0001724221178565234 0.00010300121983141438 0.00017593323012578052 0.0005661650973235456 0.00016669429314592293 2.5843489657596963e-06 0.00035602352978810945 0.0010215158010294105 0.0003869858756736395 4.408702103919545e-05 3.582384409915992e-05 9.030835830570341e-06 0.0 0.0 0.0 0.0 0.0 0.0 0.0 0.0 0.0 0.0 0.0 0.0 0.0 0.0 0.0 0.0 0.0 2.2182134668749803e-05 1.154655375562552e-05 0.0 0.0 0.0 0.00015680296350977126 0.0 0.00010883497879474242 3.834419581457539e-05 1.0102440124434908e-05 0.0 0.0 0.0 6.646298892477764e-06 0.0 0.0 0.0 0.0 9.674622592718419e-06 0.0 0.0 0.0 0.0 0.0 0.0 0.0 0.0 0.0 0.0 9.879177549343883e-06 0.0 0.0 0.0 0.0 0.0 0.0 0.0 0.0 0.0 0.0 0.0 0.0 0.0002957849945407303 4.017406586376781e-06 0.0 0.0 0.0 1.994584402567777e-05 0.0 0.0 2.3271289531546268e-05 3.0437447496317264e-05 3.9188435545611836e-05 1.7629829891663555e-05 3.6536539528958607e-06 0.0 0.0 0.0 0.0 0.0 0.0 0.0 0.0 0.0003104550832467704 0.0001709764925204541 0.00033259759465141525 0.0031073260044093276 0.00016420560100444812 0.0027562395616866696 0.0006409257203182969 0.0008805428638733084 0.0002581379127720403 1.4785497271444159e-05 0.0001804655242958166 0.00038853171910581457 2.4981413793329946e-06 0.00013393197739878276 4.233620611977867e-05 0.00014863737740213574 1.6703611559578873e-05 0.0 0.0 7.609837519932979e-05 8.59297754783371e-06 0.0007185270085155846 0.0003319415508129321
0.004386994640253244 0.002224995454629506 0.00017209171653545 0.0083711054042544 7.296235479329894e-05 0.0 0.0033434039297099726 0.0 3.0639531049978734e-05 0.01823645130783037 4.946335199659392e-05 0.002393369777023703 0.002463977118944217 0.0002457126796536947 0.0 3.1293712496914515e-06 0.0 0.0 0.0 0.0 0.0 2.9451284473566194e-05 0.0 0.0 0.0 0.0 0.0 0.0 0.0 0.0 0.0004599837643709127 3.4366777610522308e-06 5.7430480477544366e-05 0.0 0.0 0.0 5.278503555812585e-05 0.0 2.1451389157989472e-05 0.0 0.0 0.0 0.0 0.0 0.0 0.0 5.036624786126232e-05 0.0 0.0 3.1786676210761897e-06 7.2849386422631584e-06 0.000795077861338352 1.1380866571454242e-05 0.0 0.0 1.0308418392694382e-05 0.0045698994937536245 0.0007237817993027069 8.694062186368405e-05 4.195717408257144e-06 0.0 2.084127300629612e-05 0.0 2.3368359745774427e-05 1.5155193538856299e-05 0.0 8.568373017580557e-06 0.0 3.273140877854006e-06 0.0 0.001095894909760328 0.0038016291703685595 0.0002721720014392124 0.00037410721028481353 0.00015305290589987002 2.8215424966094453e-05 0.0 4.582431359611726e-06 0.0 5.3107334646153594e-05 0.0 5.221845722851675e-06 0.0 7.093822633772768e-05 6.96911246526854e-06 4.856797731468302e-05 0.0 0.00021688471656100216 0.0001414147081928745 0.0002667040660368126 6.79599541397336e-05 6.898331845168475e-05 0.0 0.0 0.0 0.004630064573132294 0.0041588254225341835 0.00039158761464341466 0.0001524643434487271 0.009096960488758814 0.0 0.00016018202186367578 9.12214237229771e-05 5.49734480904046e-05 0.0 0.0002629469304731379 0.0011937960821835204 0.0001780293900560615 0.0008387549601484174 0.00047058153786973034 2.650519607557217e-05 0.0004828755373259551 0.0012370558128061526 0.000288796454142249 1.3370833383076765e-05 1.2921989804362362e-05 0.0 0.0 0.0 0.0 0.0 0.0 0.0 0.0 0.0 0.0 0.0 0.0 0.0 7.568383307020625e-06 0.0 0.0 0.0 0.0 0.0 0.0 0.0 0.0 0.0 1.1599799681498851e-05 0.0 0.0 5.625591428910099e-06 0.0 0.0 0.0 0.0 0.0 0.0 1.6375045570896427e-05 0.0 0.0 3.178657518991082e-06 0.0 1.2229556812164018e-05 0.0 7.603963572349568e-06 2.827935853722362e-06 0.0 0.0 1.1515903668618182e-05 0.0 0.0 2.8041932478021988e-05 0.0 0.0 0.0 0.0 0.0 0.0 0.0 0.0 0.0 0.0 0.0 0.0 9.805544894144491e-05 1.378762304574253e-05 0.0 0.0 0.0 0.0 0.0 0.0 3.5123939713052104e-06 0.0 3.239992328726132e-06 0.0 0.0 0.0 0.0 3.1592521350755436e-06 0.0 3.1080183280825333e-06 0.0 0.0 0.0 0.0005534456525216609 2.367502838261837e-05 3.6411479323205384e-06 0.0006077441958198962 5.5397317871576254e-05 0.0003477614532537732 6.306360625800149e-05 0.0055952745985060285 9.431410347797768e-05 0.00019525396253678793 3.1952260209349582e-06 0.00030429471160507335 0.0 5.1204646241979275e-05 3.8859426688734016e-05 0.0010275719137409589 0.0 0.00014807577831811876 0.0 0.0 0.0 0.0023773161844912066 0.0015517351157727358
0.03452614423266477 0.07705603481877853 0.003742899898181599 0.05160875808837113 0.028724871479944736 0.0033434039297099726 0.0 0.0006220491185025122 0.04058249586159238 0.046356870955657874 0.005249858417911055 0.01033314112311592 0.09830249694898315 0.03525749575019289 0.0005708546380248562 0.00035606377902070205 7.95895787843597e-06 4.573369969663956e-06 4.852796169280843e-06 2.8673211776439747e-06 0.0 0.0 0.0 6.2322793658642e-06 2.00536383248259e-06 0.0 2.150366636605867e-06 2.590108958215198e-06 0.0 0.0 0.007181492083554986 0.0011016912585377675 0.00035098266508470547 0.0 0.0 0.0 0.0002416293486638449 7.713741488066463e-06 2.1709495628562797e-05 0.0 0.0 9.511544091631983e-06 8.55941751913205e-06 9.707832674368264e-05 5.4128184260490294e-06 1.0617021218047808e-05 0.0026391696412797687 9.949951007787184e-05 1.68688252085107e-05 1.0551979123472392e-05 6.1626476775508265e-06 0.0 0.0 0.0 0.0001884915569526673 0.0002821040285879837 0.003864178906286791 0.005404742764373563 0.00036543502318961754 0.001156937136412274 1.0671122934845317e-05 6.32404118692007e-05 0.0 0.0035188202476860012 0.00021969397528290869 0.000197110981037737 7.649137697708678e-05 4.5406711797966535e-05 1.0121009921596488e-05 1.1690725302459885e-05 0.0011483731022402474 0.0002873685348750646 0.0 0.008009124583237581 0.004006763442790193 0.004184479026364706 0.0015868839441371848 0.000507708831821906 4.4978251340690646e-05 0.00034020120212526476 2.4833843436039778e-05 7.561627537604449e-05 0.0002048637089977577 5.02476522684009e-06 0.00015211546775911755 0.00016129202779092454 4.1389077553886056e-05 0.0 8.480183618528858e-06 0.0 2.3935625738748398e-05 1.1045113129611617e-05 1.2628411305086256e-05 1.7753079659449874e-06 6.7826517862270596e-06 0.0012749671667448253 0.00040109268059257647 5.2330388331516725e-06 8.86718225024968e-05 0.001970503220935746 3.301044857340156e-05 0.0003002928710690877 0.00011762061429004281 0.00027340242728765676 3.492081077397629e-05 0.0012308720387823307 0.0009071633472892633 0.0010204383557460151 0.0034185150256061453 0.0014629860060053571 0.00015416810447925881 0.0022515171688769907 0.005465420119225313 0.0025742620455046937 0.00027194852852427794 5.49935707223628e-05 4.5980574813304977e-05 0.0 9.50000696925517e-06 0.0 0.0 0.0 0.0 0.0 0.0 0.0 0.0 0.0 0.0 0.0 0.0 0.0 0.0 0.0 6.567601232199448e-05 6.134716061646129e-05 0.0 0.0 0.0 0.0005921978408867164 0.0 0.0002759179171942195 9.020694094777992e-05 7.693585627464001e-05 2.736656840176914e-06 0.0 0.0 6.733039363893931e-06 3.4588109604991385e-05 1.1684719612862998e-05 0.0 3.0620944836928865e-05 0.00012736394134397715 0.0 0.0 0.0 2.088854138409537e-06 0.0 0.0 0.0 0.0 1.893521032530123e-05 8.007200169397409e-05 5.07437176831653e-05 1.3731723879373254e-05 1.3624091935164367e-05 1.3939063403601071e-05 4.8522889724506554e-05 0.0 0.0 0.0 0.0 0.0 0.0 2.7253282536998397e-06 0.0 0.001580845614342526 5.570002721263524e-05 0.0 0.0 0.0 3.0631189974778074e-05 7.745148149090663e-06 6.8116750767432055e-06 0.00012204762182316454 9.906562173418837e-05 0.00012023937654990707 1.40361776340572e-05 2.6610239360472036e-05 0.0 0.0 0.0 0.0 0.0 0.0 0.0 0.0 0.001929351577919597 0.0011937608244633373 0.0010779031712265046 0.01155739391224062 0.0006249418424555272 0.010327506425920048 0.0022370451403888234 0.005832695358983613 0.0009280493573794615 0.0001990761641874901 0.0004532400458402985 0.0020339519170545265 3.478737774361205e-05 0.0008603886477459892 0.00023795990118324848 0.0012472912030452048 0.00011029644059237404 0.00010805335304996787 0.00019991605857877496 0.000358403088923765 5.37174926493424e-05 0.004410415697165198 0.0021067107467626976
0.0007659636222911561 0.002152574742251092 0.0546928169037935 9.489740364475107e-06 0.0027187881618163877 0.0 0.0006220491185025122 0.0 0.02046346782745814 4.924169384909135e-05 0.06620410021728339 2.7210506159579174e-05 0.0017743811046873432 0.025795593762263255 0.00012421249812069032 0.0002138470581733327 3.857724514540384e-05 5.061377474281161e-05 6.376690277997316e-05 9.883827430882608e-05 5.471295572380194e-05 0.0 6.63309801080193e-05 1.9171238869264737e-05 7.183107892585465e-05 0.0 7.762970590388042e-05 5.578753652488591e-06 0.0 0.0 0.011515514182185646 0.029504349022274036 0.0017208453130114069 0.00020136073630318223 0.0002789663781383627 5.394827983468411e-05 0.0005147080533714453 0.00022903110507120207 0.0001436842296449103 5.323125963009278e-05 7.250959052319627e-05 9.205513924606322e-05 0.00016755334235333375 0.00038497062189983593 5.1880631235677537e-05 0.0006828809428944987 0.0005252096149724804 3.453774241258518e-05 2.2245856456880444e-05 0.00024356406500727765 6.855788537284258e-06 7.188000115930164e-06 0.0 5.09847148294527e-06 2.6448999619269695e-05 5.6676470586357124e-05 0.0011234418068754779 0.002498700470033199 9.931273370867072e-05 0.00023418778422735825 0.0025295517285202304 0.0017524678501825404 0.0002052747359620523 0.002287305455801302 3.419460001706334e-05 3.291699346248716e-05 1.399281082584228e-05 6.309673297940976e-05 0.00045900442476546916 0.0004205878439032052 0.0004825486870681918 1.0915803734309709e-05 0.0 0.0015840692396698274 0.0010126657905379407 0.0008566290833524234 0.0012788025655069608 0.010555392349423258 0.024313705827251973 0.05543347701578619 0.005729437441020526 0.022019982905892046 4.20274690810088e-05 0.0 2.7881135605015037e-05 2.9129584475264236e-05 7.063943299780317e-05 0.0 7.713100366450838e-06 0.0 1.0351524170245879e-05 4.522697730366342e-06 0.000404863625165411 2.325977694280472e-05 5.228915937706286e-05 6.0488474362536855e-05 6.929019814994972e-06 0.0 8.883400318076924e-05 0.0003077189681309073 0.0 0.0 0.0 0.0 1.4832664989181077e-05 0.0 0.0 0.0 0.0 0.0 9.708693317901179e-06 1.94992001759957e-05 3.207649204412392e-05 9.324304650065277e-06 0.0 2.6855401091345347e-06 0.0 0.0 0.0 0.0 0.0 0.0 0.0 0.0 0.0 3.2776658904050187e-06 0.0 0.0 0.0 0.0 0.0 0.0 0.0 0.0 3.0467022793626846e-06 0.0 0.0 0.0 0.0 0.0 0.0 5.612126792615749e-06 1.1824805948637318e-05 0.0 0.0 2.6119801528690483e-06 0.0 0.0 0.0 0.0 0.0 0.0 0.0 0.0 0.0 0.0 2.5146057937213783e-06 0.0 0.0 0.0 0.0 0.0 0.0 0.0 0.0 1.9831949510279247e-05 0.0 0.0 0.0 0.0 0.0 0.0 0.0 0.0 0.0 0.0 2.751494494152984e-05 1.3964456076887049e-05 0.0 0.0 0.0 0.0 6.16165135940702e-06 0.0 0.0 0.0 2.796225408567404e-06 0.0 5.3809734066888785e-06 0.0 0.0 0.0 0.0 0.0 0.0 0.0 0.0 8.117645760782211e-06 2.2673450119175156e-05 5.549218547046204e-05 0.0014404476371799684 0.00011045813600977251 0.001537132684518948 0.0003822510631994936 0.00024555336688522687 0.00010768849838723826 0.0 5.325710797957489e-05 7.17518001070516e-05 1.359967014441505e-05 2.364160130457251e-06 0.0 1.8944984273037888e-05 0.0 8.974673108016366e-06 0.0 8.814784358342315e-05 1.4599780178024397e-05 9.534395765803342e-05 4.774833904719535e-05
0.005988136349096603 0.06830473517608064 0.0309957320991986 0.0004442206776802698 0.10601176943911737 3.0639531049978734e-05 0.04058249586159238 0.02046346782745814 0.0 0.0008906455843306052 0.03372232690290125 0.00037103440475871424 0.00754719386510989 0.01891384510223896 0.00019743432695433412 0.00013236554844267835 5.218130861447473e-06 1.985784007204556e-06 3.870934650447757e-06 0.0 2.5447139760204083e-06 0.0 0.0 0.0 0.0 0.0 0.0 0.0 0.0 0.0 0.002714676981362232 0.0004566457657615364 0.0001266436006200896 0.0 4.730515119298658e-06 0.0 5.534511678993413e-05 0.0 4.735549024386998e-06 9.401918248374846e-06 0.0 4.8067533908784816e-06 0.0 1.3419149491417248e-05 4.708414823786101e-06 7.4713682934718094e-06 0.000568034445238975 2.1746309791429968e-05 2.7140599189446595e-06 0.0 6.1036675556178934e-06 0.0 0.0 0.0 3.0888714312697025e-05 3.441077237156335e-05 0.0006398812386797932 0.0012207502780593373 9.271155902642797e-05 0.000344498265816061 2.240097144819713e-06 3.85526812038855e-06 0.0 0.0007686008899473894 5.722463930901136e-05 2.8933938475338036e-05 1.6027541239340324e-05 1.2169096193579591e-05 3.224102831217035e-06 1.683937492450435e-06 0.00015061957120045055 1.6717948583080075e-05 0.0 0.0015245991723817633 0.0008615399233968211 0.0011676749841604426 0.00051844855422844 0.00018125599513768098 9.728802781069892e-06 0.00024049109306736549 2.650056463033875e-05 5.7543514511764913e-05 3.888384775790583e-05 2.3833044837093663e-06 2.7006248312492518e-05 2.4060433753162674e-05 8.881651124000983e-06 1.9040796056092553e-06 6.786243257877436e-06 0.0 4.279535851555733e-06 0.0 1.920332417393496e-06 0.0 0.0 0.00010170114623955735 2.415746446102228e-05 0.0 1.7743083465840833e-05 0.0004244582981634272 0.0 4.262048348498007e-05 2.120030291498891e-05 4.945167362541999e-05 3.237901918686221e-06 0.0001739380295321 0.00014861550512511562 0.00011426228072452673 0.0003431939332933589 0.00013659743384114448 1.2099015142873275e-05 0.00015253335439998947 0.0006380741733661552 0.00022818941070482416 4.6917966231913813e-05 1.0367435856263339e-05 2.0292734114380415e-05 0.0 0.0 0.0 0.0 0.0 0.0 0.0 0.0 0.0 0.0 2.4821362851071582e-05 0.0 0.0 0.0 0.0 0.0 0.0 1.1495467511232839e-05 1.180602887833664e-05 0.0 0.0 0.0 7.858374772348029e-05 0.0 2.885092513214369e-05 2.0082532813756916e-05 7.012862070351316e-06 0.0 0.0 0.0 0.0 3.058773549489595e-06 6.15569473708066e-06 0.0 6.380691984500282e-06 1.842795180023683e-05 0.0 0.0 0.0 3.879593219751831e-06 0.0 0.0 0.0 0.0 0.0 1.2343423186039742e-05 2.312408699839066e-05 0.0 0.0 0.0 7.424309533938558e-06 0.0 0.0 0.0 0.0 0.0 0.0 0.0 0.0 0.00017020070361613963 0.0 0.0 0.0 0.0 2.844901403689869e-06 0.0 0.0 2.823566160729891e-06 5.98206370612672e-06 3.3898044469384676e-06 1.1713809288509862e-05 0.0 0.0 0.0 0.0 0.0 0.0 0.0 0.0 0.0 0.00021957356636577032 0.00014346163037994326 0.00010322035877144306 0.00254612406276225 0.00020517679696850484 0.002028000310052635 0.00059297201742609 0.0005641579095235178 0.00016396245608270893 3.926032144205937e-06 9.309192562123577e-05 0.00012894197254482845 0.0 7.9879864725468e-05 6.397347941638094e-05 0.00015846668131808868 1.3610458449733207e-05 0.0 3.005206521625322e-05 0.00011174764931480383 1.5692194406423307e-05 0.0003470373522090986 0.000129217390922573
0.03983321066942931 0.005699279903180755 0.00015197358108746145 0.0715552060798347 0.0019194574848219854 0.01823645130783037 0.046356870955657874 4.924169384909135e-05 0.0008906455843306052 0.0 0.00011265613415805839 0.08037529114366257 0.11863831100050294 0.00750835793893782 2.9478638033729448e-05 2.31085342971833e-05 0.0 0.0 0.0 0.0 0.0 0.0 0.0 0.0 0.0 0.0 0.0 0.0 0.0 0.0 0.0008967365443651286 7.184172742553069e-05 0.00034377838942729964 0.0 0.0 3.90351712202081e-06 0.00019621676538969792 0.0 5.0599512222188074e-05 3.032016373136491e-06 0.0 0.0 4.7518350287365955e-06 5.135443851681013e-06 2.1784731628984375e-06 3.1150252064714014e-06 0.000476720950210349 2.0179001412738e-05 0.0 0.0 2.20791929783412e-06 1.3809990505327325e-05 0.0 0.0 3.920424963827138e-05 0.00012948885487518077 0.001019122749476727 0.0013509553776236828 0.00012524139494778767 0.00013522223663456272 3.7846747496517416e-06 3.970795331174391e-05 0.0 0.0006229449977474951 8.330687100278969e-05 4.8775717134033275e-05 2.4924397083795563e-05 5.246053565869949e-06 0.0 2.1134839238754594e-06 0.0023638100185249763 0.0002718579534095913 0.0 0.002255074591449511 0.0010044116188852017 0.0006164076042031332 0.00017627500206522079 3.9126426421695796e-05 6.1186020452955e-06 3.746062523871918e-05 5.437731611081116e-06 6.544047390955308e-06 5.4524892421115774e-05 4.467334696085313e-06 4.06881216489551e-05 2.6158292998474386e-05 7.512380413884613e-06 3.244878490819766e-06 5.4268004334164264e-06 2.9235760456456893e-05 1.9277419179922437e-05 1.2347421447010107e-05 2.057430159525151e-06 2.3463138951415523e-06 0.0 0.007328735981321619 0.002857396827538702 0.0 7.028761994655399e-05 0.0015374047221256746 0.0 0.00030382925550818685 8.04263110426113e-05 0.0003187136236905298 0.0 0.0009068091975896498 0.0016160886751372596 0.0005731520093019862 0.003225348396843959 0.00306566104251902 2.8624533436190364e-05 0.0016277433462783624 0.0037924868998803125 0.0015316047077344958 0.00012803302138210951 4.814896573447659e-05 4.312601058481463e-06 0.0 0.0 0.0 0.0 0.0 0.0 0.0 0.0 0.0 0.0 1.2614392858054718e-05 0.0 0.0 0.0 0.0 0.0 0.0 2.5549235040196123e-05 1.0065879054878572e-05 0.0 0.0 0.0 0.00016539004432621177 0.0 0.00011895291046669091 5.0402911936007885e-05 2.5034555451253404e-05 0.0 0.0 0.0 0.0 5.84462923985108e-05 0.0 0.0 6.6344238914329566e-06 5.096644322419618e-05 0.0 0.0 0.0 0.0 0.0 8.438794834657018e-06 0.0 0.0 9.484698341639804e-06 0.0 4.058804606440721e-05 0.0 2.1414495260807695e-05 0.0 7.870707686479244e-06 0.0 0.0 0.0 0.0 0.0 0.0 0.0 0.0 0.0005276808048907165 4.958951513356772e-05 0.0 0.0 0.0 0.0 1.4200392800112697e-05 0.0 5.5792175005500025e-05 2.403094829225282e-05 3.5241421009847214e-05 0.0 0.0 0.0 0.0 0.0 0.0 4.226589019559358e-06 0.0 0.0 0.0 0.0017175554380295711 0.0002167123410749117 0.0005823621531745525 0.003490835172629279 6.82866741527569e-05 0.002602940717818922 0.0005165215934000604 0.016777323573692174 0.00016691310340739685 0.00028053595335279536 5.1624269359123526e-05 0.001857136272320057 1.7171851863278724e-05 0.0004091367588205293 5.9021392738880625e-05 0.0010445708985434698 0.00021466316720523005 0.0002291299288991684 2.2739263219317592e-05 5.119971245577012e-05 1.2361031120383511e-05 0.01862082649371212 0.002712558205569308
0.004451577707987371 0.018816223366478257 0.06695214213284377 5.278853196193957e-05 0.018668144339798593 4.946335199659392e-05 0.005249858417911055 0.06620410021728339 0.03372232690290125 0.00011265613415805839 0.0 0.00022793811700829014 0.014954438230074559 0.07605175828073614 0.000543730796210266 0.0006070418189484583 1.3804637662980563e-05 9.187782005207285e-06 1.0906460387950792e-05 0.0 0.0 0.0 1.7893855282138457e-05 0.0 3.3506742187052776e-05 0.0 4.7058784788464106e-06 7.420423117481894e-06 3.1997806181637857e-06 0.0 0.008673351534765714 0.0022296435069692486 0.0026956933825904444 2.6202571339475938e-05 5.292060319515234e-05 1.6188224644284208e-05 0.0009702669118037274 0.00024013747868806545 0.00020412575438651196 1.8937517028199085e-05 1.4204511564526854e-05 1.1314446624627802e-05 2.65589644235611e-06 0.0001602263350207921 2.22608609395763e-06 4.9499230814616696e-05 0.0013918661625776088 2.4456503498088174e-05 0.0 8.445248263097454e-06 0.0 5.275850387474392e-06 0.0 0.0 2.3017432791704757e-05 5.0395175181969945e-05 0.0009769218037823505 0.0016610368931593176 7.151879371008485e-05 0.0005036144533000183 1.4579922545405885e-05 0.0014234539631879143 4.384040677279908e-05 0.0017259148548285177 2.9484821952970728e-05 3.137788180727623e-05 1.3447432263016082e-05 4.571670113450108e-06 2.6073493931342773e-05 2.1565891061255134e-05 0.0009061747224244501 5.770173697661867e-05 0.0 0.0016999320819509126 0.0011959113491254174 0.0022183084347731394 0.0013852699801293533 0.000788016746297692 0.0001314838130188187 0.014735703915174514 5.009011295705259e-05 0.002453677689603324 3.05489346487556e-05 5.158779307492435e-06 2.9507649418216703e-05 2.5171813022803032e-05 4.3142154077606455e-06 0.0 4.114461106294146e-06 0.0 2.2081743754831046e-06 0.0 8.237797615933444e-05 1.1143107684627184e-05 0.0 0.00015939231300765957 2.7595335530877933e-05 0.0 0.0001443805764735106 0.0006946015043445371 0.0 2.424906529813617e-05 0.0 0.0 3.7378613264711205e-06 2.7627572186430406e-05 1.562509058451391e-05 2.6331671296906225e-05 0.00013539598221594602 7.891598365536707e-05 1.1152504247327296e-05 5.654534822756703e-05 0.00020374243563772563 0.00013881476521559517 3.233500764914412e-05 8.324150059044824e-06 6.318064829448876e-06 0.0 0.0 0.0 0.0 0.0 0.0 0.0 0.0 0.0 0.0 0.0 0.0 0.0 0.0 0.0 0.0 0.0 0.0 7.276588186554886e-06 0.0 1.2184365856009542e-05 0.0 1.5179910454806281e-05 0.0 4.31526945210507e-06 9.425675646633914e-06 3.8029021582859025e-06 0.0 0.0 0.0 0.0 0.0 3.8517554810808915e-06 0.0 3.0470150832122863e-06 7.485511573412183e-06 0.0 0.0 0.0 0.0 0.0 0.0 0.0 0.0 0.0 0.0 0.0 0.0 5.754164634759739e-06 0.0 0.0 0.0 0.0 0.0 0.0 0.0 0.0 0.0 0.0 8.473586415770008e-05 6.240926750716904e-06 0.0 0.0 0.0 4.351595106999506e-06 0.0 0.0 7.0422291925499015e-06 0.0 0.0 0.0 2.5899709565168445e-06 0.0 0.0 0.0 0.0 0.0 0.0 0.0 0.0 8.328193562924924e-05 8.148363856469655e-05 8.831925864985081e-05 0.004255523546300759 0.0003348871119181623 0.0031116391690198418 0.0009555156968600703 0.000852687216550599 0.0003555255844835429 1.016224158196602e-05 0.0002518987203328632 0.00012925692940132064 2.8839573274791997e-06 5.043334140069224e-05 7.509648341045948e-06 7.000777451040512e-06 2.5029591719577688e-06 0.0 3.5218736958130886e-06 0.00020942921810205239 1.2889442329298433e-05 0.0001642460611180675 9.712419435914499e-05
0.004817361013188704 0.0006177370750430497 0.00013533970043310325 0.020761111413538785 0.0006417555553779408 0.002393369777023703 0.01033314112311592 2.7210506159579174e-05 0.00037103440475871424 0.08037529114366257 0.00022793811700829014 0.0 0.03327390862918569 0.0026680156908930877 0.0003188856863727708 0.0005030265644414789 1.0775472062182761e-05 2.3786656423065097e-06 1.9362603389048793e-06 0.0 0.0 2.8875008142253117e-06 3.7841544922686647e-06 0.0 0.0 0.0 0.0 0.0 0.0 0.0 0.00014776732449852067 4.54112238221224e-05 0.001176388532078382 0.0 0.0 2.8607981169740423e-06 0.0015901695333094133 0.00010191381280973603 9.383670599491593e-05 2.610652269860436e-06 0.0 0.0 0.0 0.0001375360243411768 2.634330655382409e-06 7.164547584168111e-06 0.0007127122187425685 1.4124899557309608e-05 0.0 9.41796017913245e-06 3.085411665553925e-06 0.0 4.7241206798194785e-06 0.0 9.256259169508282e-06 1.5387326646644297e-05 0.00019122989741356412 0.00017758906957047408 4.161913017332488e-05 0.00012790647328353533 2.5760730129290996e-06 5.851230952469353e-05 2.798269457252444e-06 0.0003247133025467754 1.7126584961091557e-05 1.2427707046830822e-05 0.0 8.256982016737239e-06 0.0 3.9236294714995545e-06 0.007758055374697637 9.035111718486808e-05 0.0 0.00046118985844540144 0.0003246887961510633 0.0006636403661993606 0.0004970852027578311 0.0004458005927395995 5.1030074995532754e-06 0.0007937434834105942 3.137388949932031e-05 2.864039903144451e-05 1.258290429798339e-05 0.0 1.5785576277220674e-05 5.06665117761476e-06 7.267287774057679e-06 0.0 5.358811957482546e-06 0.0 7.2654950147397105e-06 2.2859128067015123e-06 6.991942095247039e-06 3.2145145092942418e-06 1.9644182775948762e-06 0.021496466258052554 0.0005120635592968665 0.0 0.00024641053548125804 0.00045333729157825546 3.6635453373719044e-05 0.00039090542011447347 0.00010925143743372652 0.00019567385786904698 7.90383783538067e-06 0.0014788692126213466 0.0018579134948184851 0.0010350992479467194 0.003450141555987207 0.0017817739404535494 0.0001447662674083536 0.002231075843192752 0.006587588932050039 0.002593075207849548 0.00028096950886885336 4.266879490306674e-05 5.835121409899276e-05 0.0 0.0 0.0 0.0 0.0 0.0 0.0 0.0 0.0 0.0 0.0 0.0 0.0 0.0 0.0 0.0 0.0 3.967757002802006e-05 1.2356621199444984e-05 0.0 1.0542437884481979e-05 0.0 0.00034820182515175803 0.0 0.00016478899064683244 0.00011408338542486513 2.444499307407915e-05 0.0 1.1247052548165915e-05 0.0 0.0 1.812120288789515e-05 0.0 0.0 3.4533831823281984e-05 4.8458716589644816e-05 0.0 0.0 0.0 4.3662240086025865e-06 0.0 0.0 0.0 1.2185318338319753e-05 0.0 7.57881836406987e-05 6.027161578782697e-05 0.0 0.0 0.0 6.6314416115934855e-06 1.239088638976608e-05 0.0 0.0 0.0 0.0 0.0 0.0 0.0 0.001286032816872279 8.297763088032064e-05 0.0 0.0 0.0 5.280617579476437e-05 0.0 5.5663726452164825e-06 0.00011483496071354124 4.038452007730778e-05 0.00011435934678968422 4.002521524758455e-06 3.15408778681324e-05 0.0 0.0 0.0 0.0 0.0 0.0 0.0 0.0 0.0033566385391812794 0.0007599289907616189 0.0004477130675387225 0.00409397086703539 0.00015486125417831672 0.0016183078362518755 0.00074088666496121 0.0035215271556894774 0.00020879273731217013 0.00014663034600403277 0.00018747780603745731 0.0016368323089654628 4.564830280254279e-05 0.000475557501727356 0.00024081492018596307 0.001167898724961027 8.36281921729001e-05 0.00021007614715385227 0.00010949676693137039 0.00014430751512730294 6.105992442268944e-05 0.0206415331708351 0.005290381140826446
