0.0 0.05974264766361114 0.011393718445485944 0.0379411312503381 0.015565033947508336 0.0015045412205073416 0.020447606539482882 0.0011392212430513585 0.003926265123616544 0.022289526077567696 0.00357516760431152 0.003730548440131108 0.0048225344839955804 0.004017465781110298 0.00018567376027596978 2.8920871047195616e-05 5.346162428468018e-06 3.411182580004318e-06 0.0 0.0 0.0 2.6492305759438157e-05 1.4857816714436269e-06 0.0 0.0 0.0 0.0 0.0 0.0 0.0 0.0222746945397999 0.00036946045573077544 1.2063643538680445e-05 0.0 0.0 0.0 4.3170128861315615e-05 1.9394851359884957e-06 3.721477102894442e-06 0.0 0.0 0.0 3.370859573643844e-06 2.3000617347114516e-05 3.980443482163575e-06 3.853005999445632e-06 0.0026715717737860367 8.79603024589467e-06 1.8641539444805644e-06 0.0 2.8826650953125612e-05 8.462750105123025e-05 5.934603782405157e-05 0.0 5.2699651920310756e-05 9.481034836960624e-05 0.0019129633495750598 0.022220868063007673 0.0006904652306322602 0.0007935411698604913 3.733893313640837e-06 1.425397499846998e-05 0.0 0.001833083660340091 6.503614278784358e-06 1.2087256293105807e-05 4.503462414995281e-06 0.0 0.0 0.0 0.00025160616955390925 0.000127081736082117 2.9137056547030004e-05 0.007730711625554397 0.002598396177457193 0.0009800134588500422 0.0009195870332701516 0.00012677114152112825 6.394611543399276e-05 3.076401956019644e-05 1.8711392217091252e-06 2.1382508222435086e-05 4.4642199848698636e-05 4.390428061987705e-06 1.041654723729861e-05 2.7134800838860766e-05 0.0 3.815372602902247e-06 1.0039577906633763e-05 1.8306596914083328e-05 5.655543339413502e-06 0.0 4.579934531864764e-05 2.621585309473449e-05 0.0 0.0018329725311070429 9.336681108670998e-05 4.6901137906275426e-05 1.6786949804223283e-05 0.0186260551641531 0.0 0.0 0.0 0.0 0.0 0.0 0.0 0.0 1.3347854248958412e-05 0.0 0.0 0.0 0.0 0.0 0.0 0.0 0.0 0.0 0.0 0.0 0.0 0.0 0.0 0.0 0.0 0.0 0.0 0.0 0.0 0.0 0.0 0.0 0.0 0.0 0.0 0.0 0.0 0.0 0.0 0.0 0.0 0.0 0.0 0.0 0.0 0.0 0.0 0.0 0.0 0.0 0.0 0.0 0.0 0.0 0.0 0.0 0.0 0.0 0.0 0.0 0.0 0.0 0.0 0.0 0.0 0.0 0.0 0.0 0.0 0.0 0.0 0.0 0.0 0.0 0.0 0.0 0.0 0.0 0.0 0.0 0.0 0.0 0.0 0.0 0.0 0.0 0.0 0.0 0.0 0.0 0.0 0.0 0.0 0.0 3.825989300595133e-05 0.0 0.0 0.0 0.0 0.0 0.0010774233397451377 5.475458651272262e-05 0.003957997450115286 0.0005449882328815487 0.023487184781609372 0.0001874272686260499 1.7638321000056315e-05 0.0 0.00010351020705412301 0.0 0.0 0.0 0.0 0.0 0.0 0.0 4.757786904028063e-06 0.0 0.004038049860387919 0.0
0.05974264766361114 0.0 0.014818159725329037 0.02009009831802218 0.06516475309233098 0.0024758560500972716 0.025130428003974355 0.000968587239015118 0.011806089041292519 0.024010363755901213 0.0054056228957815805 0.0003302275990161047 0.004050578521998595 0.005512324519054675 0.0003011753176239969 4.588606071994065e-05 9.040221253064455e-06 3.911458624963148e-06 6.763935464231987e-06 4.272793287424078e-06 0.0 0.0 0.0 0.0 0.0 0.0 0.0 0.0 0.0 0.0 0.055411116968817134 0.002505707158614836 2.6468652837310725e-05 4.607899090911155e-06 0.0 0.0 1.0839284005490643e-05 2.9816277102831003e-06 0.0 1.9456023355096006e-06 0.0 0.0 4.266988810539062e-06 4.9945972341682584e-05 8.066169601320991e-06 7.1119121703481944e-06 0.0031187999618780757 0.0 0.0 1.3366146002524282e-06 4.933001672978035e-06 0.0 5.267209638881211e-06 0.0 2.0864668890394186e-05 0.00011397225014974846 0.0006219295050963435 0.013611524907198967 0.0006437782859403203 0.0009797342107084198 2.1102796688638384e-06 4.357458997554709e-06 3.6906297712919367e-06 0.002763979284037138 1.5516333340456568e-05 7.4106948249668524e-06 0.0 1.1931315841511228e-06 0.0 2.048838110968662e-05 4.83867642734458e-05 2.8215654019652698e-05 0.0 0.006924607836600606 0.0034229052026794778 0.0010213666932637837 0.0016665208578144576 0.00022772089499571339 0.00012758269725472314 5.1116547321777584e-05 1.691518120889098e-05 3.7865442593764756e-05 4.940452814239668e-05 4.86653518433843e-06 3.5684233593150473e-06 2.4374152570476138e-05 0.0 0.0 1.4795049394701029e-06 0.0 1.8882718036941165e-06 4.775061943126532e-06 1.730757493715732e-06 0.0 2.365957012607812e-06 0.00021412312576072666 0.0 4.018661831032498e-06 0.0 0.01761631829739105 0.0 0.0 0.0 0.0 0.0 0.0 0.0 0.0 0.0 0.0 0.0 0.0 0.0 0.0 0.0 0.0 0.0 0.0 0.0 0.0 0.0 0.0 0.0 0.0 0.0 0.0 0.0 0.0 0.0 0.0 0.0 0.0 0.0 0.0 0.0 0.0 0.0 0.0 0.0 0.0 0.0 0.0 0.0 0.0 0.0 0.0 0.0 0.0 0.0 0.0 0.0 0.0 0.0 0.0 0.0 0.0 0.0 0.0 0.0 0.0 0.0 0.0 0.0 0.0 0.0 0.0 0.0 0.0 0.0 0.0 1.548727615486449e-05 0.0 0.0 0.0 0.0 0.0 0.0 0.0 0.0 0.0 0.0 0.0 0.0 0.0 0.0 0.0 0.0 0.0 0.0 0.0 0.0 0.0 0.0 0.0 0.0 0.0 0.0 0.0 0.0 0.0 0.0007776393212261618 4.7594453747818966e-05 0.005713554949825599 0.0010170011241307196 0.00827673221285678 0.0002178557698100459 0.0 1.9899032778793687e-05 5.637472524471338e-05 0.0 0.0 0.0 0.0 0.0 0.0 0.0 3.442863708538569e-05 6.016192874227092e-06 0.0011314777840210517 0.0
0.011393718445485944 0.014818159725329037 0.0 0.0012133536000558647 0.02672831083383173 4.2925733275323064e-05 0.004508269210886655 0.011454710561270688 0.011706393143454237 0.0002728931400352858 0.0399935100219538 1.3341837224759111e-05 0.0009527431238906032 0.019727288047864614 6.901500444313185e-05 2.0332359184331937e-05 2.7646172439065372e-05 6.167633567454247e-06 2.3110936233363166e-06 9.732582176605336e-06 3.3916568486107605e-06 0.0 1.879015181141458e-06 0.0 1.2959237260421924e-05 0.0 3.3388307912086938e-06 0.0 0.0 0.0 0.08071251247836246 0.01773547784638227 0.00015249934895518734 2.588995350089462e-05 1.8733712449669693e-05 1.2662559425917091e-05 7.631624049106599e-05 3.8185753998346236e-05 0.0 0.0 1.5367175701357358e-06 1.951930456122232e-06 1.510398293176618e-06 4.485768070621258e-05 5.134313576858573e-06 5.77664704226362e-05 0.0003953096281183591 0.0 5.500634075668865e-06 1.6006567459893593e-06 0.0 0.0 0.0 0.0 0.0 1.7166257317967523e-05 0.0002690009212517556 0.010991245652185106 0.0001306977427192892 0.00017125346318244957 3.079244723495945e-05 5.544502426523157e-05 4.832319132295695e-06 0.010234656815476573 4.186451592120531e-06 1.8284923430295172e-06 0.0 0.0 1.7390391957258282e-06 8.452930663136545e-06 0.00011201171290968712 0.0 0.0 0.0029034104876752083 0.004868823122013312 0.0002787827234994227 0.00042033850919156627 9.188670037926304e-05 0.00019112319630583817 0.0005325814667490581 6.624645826130766e-05 0.0003589943316291423 5.770755692558949e-06 0.0 0.0 3.82244911122745e-06 4.698199012404189e-06 2.0132777581464383e-06 1.7292542133995608e-06 0.0 5.503637546477969e-06 0.0 1.1345317610807963e-05 1.8735714004638477e-06 1.3790850337629487e-06 4.718775186125122e-05 1.3110652747196354e-05 0.0 2.527780325024275e-06 0.009408251588663187 0.0 0.0 0.0 0.0 0.0 0.0 0.0 0.0 0.0 0.0 0.0 0.0 0.0 0.0 0.0 0.0 0.0 0.0 0.0 0.0 0.0 0.0 0.0 0.0 0.0 0.0 0.0 0.0 0.0 0.0 0.0 0.0 0.0 0.0 0.0 0.0 0.0 0.0 0.0 0.0 0.0 0.0 0.0 0.0 0.0 0.0 0.0 0.0 0.0 0.0 0.0 0.0 0.0 0.0 0.0 0.0 0.0 0.0 0.0 0.0 0.0 0.0 0.0 0.0 0.0 0.0 0.0 0.0 0.0 0.0 0.0 0.0 0.0 0.0 0.0 0.0 0.0 0.0 0.0 0.0 0.0 0.0 0.0 0.0 0.0 0.0 0.0 0.0 0.0 0.0 0.0 0.0 0.0 0.0 0.0 0.0 0.0 0.0 0.0 0.0 0.00013929767099114853 9.535025871558813e-06 0.0006168848673779952 0.00010423622899987982 0.0007760356868663052 3.181260718051987e-05 0.0 0.0 1.4652852476866754e-05 0.0 0.0 0.0 0.0 0.0 0.0 0.0 0.0 0.0 0.000152023640257412 0.0
0.0379411312503381 0.02009009831802218 0.0012133536000558647 0.0 0.005234357921706593 0.017503721738348174 0.027235803913252338 4.235713798613808e-05 0.0002862622216951303 0.0739528871986699 0.00024279909741811966 0.017879624207039715 0.025407538241606985 0.00036709217939927204 7.8213226897268e-05 1.991138085080658e-05 2.505915272195396e-06 6.651284899794961e-06 0.0 0.0 1.5933039424178144e-06 2.3510674471465007e-05 0.0 0.0 0.0 0.0 0.0 0.0 0.0 0.0 0.004545338579387469 4.2399904717434844e-05 5.587940576409429e-05 0.0 0.0 1.6779280212458758e-06 7.548796751277812e-05 0.0 0.0 0.0 0.0 0.0 2.103864220089179e-06 3.1413582366341344e-06 4.98637446647086e-06 4.591366097256511e-06 0.0010790412253454994 0.0 4.261220598421515e-06 1.0720877425606747e-05 0.0 8.668123760533733e-06 3.3950920165128235e-05 7.127266802993429e-06 1.2807380579413639e-05 5.369320556059554e-05 0.00042275347242694316 0.0053333712172588515 0.00019694191239731155 0.00034075911255904563 1.905276889814993e-06 0.0 0.0 0.00043522208673806706 2.119903167270379e-06 0.0 0.0 0.0 2.922970505942807e-06 0.0 0.0007790639603370261 4.048054929197168e-05 0.0 0.002201131966350773 0.0007649541999109646 0.00036825730734624403 0.0005604373163818639 3.9122873643421227e-05 3.8140554275183386e-05 1.9645878682278802e-05 2.1367384757354695e-06 7.930714677790897e-06 1.599794750355013e-05 0.0 3.0842358613314906e-06 6.624154788169421e-06 0.0 6.902396135283046e-05 4.409190444419329e-06 4.0479682189997895e-05 0.0 1.1992706888927586e-05 3.3672455862874696e-05 0.0 0.0 0.001341356864209756 5.836620804023176e-06 2.4719147597168176e-05 4.366938900491842e-06 0.041209537518612 0.0 1.0720399641360868e-05 5.771223166552551e-05 0.00030028141240934344 0.0 0.0007242553259857446 4.99863511274836e-05 6.571271129957317e-05 0.00035182056461264757 0.0001779813563464832 0.0 4.768505891132339e-05 0.0003915641699215848 2.845943586917692e-05 0.0 0.0 0.0 0.0 0.0 0.0 0.0 0.0 0.0 0.0 0.0 0.0 0.0 0.0 0.0 0.0 0.0 0.0 0.0 0.0 0.0 0.0 0.0 0.0 0.0 0.0 0.0 0.0 0.0 0.0 0.0 0.0 0.0 0.0 0.0 0.0 0.0 0.0 0.0 0.0 0.0 0.0 0.0 0.0 0.0 0.0 0.0 0.0 0.0 0.0 0.0 0.0 0.0 0.0 0.0 0.0 0.0 0.0 0.0 0.0 0.0 0.0 2.947079258308923e-05 0.0 0.0 0.0 0.0 0.0 0.0 0.0 0.0 0.0 0.0 0.0 0.0 0.0 0.0 0.0 0.0 0.0 0.0 0.0 0.0 1.5839469493966204e-05 0.0 0.0 0.0010818698965603239 2.9524275146618126e-05 0.0022757558981327556 0.0003201367518351138 0.019305043665772594 0.00010920440229339234 5.45203928725711e-06 0.0 0.00011870107191239248 0.0 5.1391569560944586e-06 0.0 8.927619898128044e-05 0.0 0.0 0.0 0.0 0.0 0.0026186391025210254 3.4720717750779986e-06
0.015565033947508336 0.06516475309233098 0.02672831083383173 0.005234357921706593 0.0 0.0003192224116679237 0.042293567576134415 0.0006833889301383246 0.04548557229454815 0.009807937588261893 0.008004979487874346 0.00046404152149033263 0.03249014510981682 0.026855541313191386 0.00030625500800468515 0.0001302487777426124 1.7486511642130246e-05 1.4936043232939993e-05 4.378884644994763e-06 3.940308141909209e-06 0.0 0.0 4.585268900275312e-06 5.38122964550154e-06 5.233869795659715e-06 0.0 1.7449405954871367e-06 0.0 0.0 2.46926850499842e-06 0.012000605554820402 0.002899552819051184 6.371781831493427e-05 9.73382737537004e-06 0.0 3.250502827430274e-06 0.0001080831080424678 0.0 5.070402534658639e-06 1.4732083675789485e-05 0.0 0.0 0.0 6.795251456970706e-05 2.038327166541635e-05 4.0567062228531504e-05 0.002462667301092014 2.2264181558691493e-06 5.841219111489646e-06 1.8382412232105889e-06 1.8418234666987562e-05 0.0 0.0 2.4704284896906783e-06 3.661411736007011e-05 6.621041026932965e-05 0.00024617659376945534 0.003701459821441995 0.0003563751496167074 0.0006988628945215706 2.3861537072485007e-05 1.1171818913421863e-05 3.0334726674961304e-06 0.0012929915270473507 3.859166456492062e-06 7.502685042393063e-06 0.0 1.713109236494633e-06 4.9827697811086535e-06 1.919953062326189e-06 0.00019649136494327035 3.961817539821226e-06 0.0 0.0033949583422219014 0.0017210225782347155 0.0007314411402230423 0.0015918906364533404 0.0004426357848712208 0.00010071409200577358 2.854175493986983e-05 1.6927114268856397e-05 0.00010006960472216304 2.884992415223941e-05 1.8062909873345801e-06 0.0 1.8880957488184905e-05 0.0 3.1050404543008127e-06 1.6725195296020832e-06 4.545324153328017e-06 0.0 0.0 1.7049478749685227e-06 0.0 0.0 0.0005634156148889198 2.0483482926743835e-05 0.0 2.253903369495815e-05 0.0021738680343181926 0.0 0.0 0.0 0.0 0.0 0.0 0.0 0.0 4.527850715053248e-06 0.0 0.0 0.0 0.0 0.0 0.0 0.0 0.0 0.0 0.0 0.0 0.0 0.0 0.0 0.0 0.0 0.0 0.0 0.0 0.0 0.0 0.0 0.0 0.0 0.0 0.0 0.0 0.0 0.0 0.0 0.0 0.0 0.0 0.0 0.0 0.0 0.0 0.0 0.0 0.0 0.0 0.0 0.0 0.0 0.0 0.0 0.0 0.0 0.0 0.0 0.0 0.0 0.0 0.0 0.0 0.0 0.0 0.0 0.0 0.0 0.0 0.0 0.0 0.0 0.0 0.0 0.0 0.0 0.0 0.0 0.0 0.0 0.0 0.0 0.0 0.0 0.0 0.0 0.0 0.0 0.0 0.0 0.0 0.0 0.0 0.0 0.0 0.0 0.0 0.0 0.0 0.0010408764595406716 7.779073406248945e-05 0.005194889707952011 0.0013165537644890027 0.0035014693323454677 0.0002015278550416749 1.0991625463502661e-05 2.7632262867961613e-05 0.0 0.0 0.0 0.0 3.0486839648676023e-05 0.0 0.0 0.0 0.00010051361516727853 0.0 0.0006650631088319243 0.0
0.0015045412205073416 0.0024758560500972716 4.2925733275323064e-05 0.017503721738348174 0.0003192224116679237 0.0 0.003427429008490669 3.264501499278857e-05 3.282727244463041e-05 0.03412315346899021 3.1047407739712324e-05 0.005498913727139148 0.004035445660765739 0.00013026251233214757 2.3287707785358015e-05 1.4892022358653361e-05 1.6438244387689858e-05 4.2741469552466455e-06 0.0 0.0 0.0 0.0004150981335291467 0.0 0.0 1.9975756016981238e-05 0.0 0.0 1.954391906886573e-05 2.1718181171108515e-05 0.0 0.00017986515327301806 7.127251679121794e-06 0.00011016215187511259 0.0 0.0 2.8829797368915017e-06 0.0004547157387736604 5.189946819983029e-06 0.00020793848905861884 2.6106019310734107e-05 6.203463320338323e-06 2.687841299839443e-06 2.2977046386613992e-05 6.123463568540838e-06 4.588440847761997e-06 0.0 0.00011262563753198865 1.2328329831251253e-05 2.2742474161804764e-05 2.9412074883262398e-05 0.00016215503274941425 0.0011912845151403006 0.0011541163955635738 0.00016150128388327164 0.0 2.5051280502833967e-05 0.0017857330860151616 0.00030141174016505844 1.1122449880355707e-05 2.265181939850624e-05 2.0224304650649524e-05 0.00014003706699285536 0.0 6.165107523122016e-05 0.0 1.5963959447937866e-05 0.00010375356738670875 0.00012078466916875566 6.091188136900197e-05 5.3880555203755006e-05 0.003206133119905999 0.0016137061288427348 0.0008384783378957108 0.00012545963889006048 3.0033798056793063e-05 4.199807971029179e-05 8.542280122477276e-05 5.0909313202484466e-06 2.8897418963578617e-06 5.263971227670465e-05 0.0 0.00011597390252927503 0.0 0.0 5.088293099070467e-06 4.6117388955595094e-05 1.6505210614582556e-05 0.00034185843296283903 0.00016343423810866978 0.0012661863532675102 0.0002344585004499161 0.00026224398602600147 0.0003728707203080337 0.00014420160458284204 5.384392892696477e-05 0.004345638978447189 0.0011113855650856253 0.0005984024054497927 0.00013150154673687036 0.0023071191534582056 0.0 0.0 0.0 0.0 0.0 0.0 0.0 0.0 0.0001120578088442111 0.0 0.0 6.07025112061181e-06 0.0 0.0 0.0 0.0 0.0 0.0 0.0 0.0 0.0 0.0 0.0 0.0 0.0 0.0 0.0 0.0 0.0 0.0 0.0 0.0 0.0 0.0 0.0 0.0 0.0 0.0 0.0 7.609331429790564e-06 0.0 0.0 0.0 0.0 0.0 0.0 5.9018772203096195e-06 0.0 0.0 0.0 0.0 0.0 0.0 0.0 0.0 7.397844737989008e-06 0.0 0.0 0.0 0.0 0.0 0.0 0.0 0.0 0.0 0.0 0.0 0.0 0.0 0.0 5.462344335620928e-06 0.0 0.0 0.0 4.3903799257941104e-05 0.0 0.0 0.0 0.0 4.7819306527079026e-05 9.965569159471472e-06 0.0 0.0 0.0 0.0 0.0 0.0 0.0 0.0 0.0 0.0 0.0 0.00013499156062762155 8.112049898707483e-06 0.00012729460668948437 0.0001701319225587774 0.0 0.0 0.0 0.0 0.0027745116659830303 0.00020865221448362415 0.00028574631732423625 3.771968132089265e-05 0.002412794198003207 5.764565475636074e-06 0.0 8.530085419532553e-05 0.0007619811687394173 0.0 0.0 0.0 0.0 0.0 0.0 0.0 0.0 0.0 0.0010041051506758404 9.09103079424838e-06
0.020447606539482882 0.025130428003974355 0.004508269210886655 0.027235803913252338 0.042293567576134415 0.003427429008490669 0.0 0.00106546206595325 0.011415335989975852 0.04650239247911795 0.004977298227310937 0.00441377995499642 0.07876797172399302 0.01904440758196545 0.0005660136410442697 0.0003200629044092488 4.4618046700451264e-05 1.467914036772667e-05 1.3715303183739483e-05 2.2719755829895498e-05 2.0585565157352754e-06 0.0 3.0265930784845174e-05 0.0 3.681590444624013e-05 0.0 3.3720603765272934e-06 0.0 0.0 2.694067618907515e-06 0.004839969723273532 0.001251284146363599 0.0003185046805310243 1.756161467458543e-05 7.603746655599959e-06 2.351753778198681e-05 0.00046403207557545114 1.2793252769215956e-05 3.141488334454659e-06 9.9914761889618e-06 1.777857458169649e-06 2.181278440325998e-06 6.378682480089736e-06 0.00019467819389531955 3.3650219218145946e-05 0.00011481273801240544 0.004343983548892536 3.556837660530433e-06 2.400139125381617e-05 2.2938759899011573e-06 2.1044955197632786e-06 0.00020478961116795834 5.388903010102859e-05 0.0 2.4875988163058505e-05 0.00010254009704109694 0.0003013153144250637 0.0035881903011747043 0.0005903363830216311 0.0010857733484775454 5.729667076786912e-05 7.371046261970212e-05 7.4421614221950595e-06 0.0010945831178663988 1.5355006188603135e-05 1.5841680506426034e-05 0.0 7.686841922414571e-06 4.237288616469039e-06 3.77455961562522e-06 0.0013807820085929862 8.13266506925012e-05 0.00010046141731972732 0.003812641799968314 0.0014666859996993354 0.0010870745802109272 0.002331239719194292 0.0008292030108541505 0.0004681886293874367 0.00015714690657784065 6.197577207070927e-05 0.00031872760835040763 2.8180847486127064e-05 3.1999549454878827e-06 1.837838895700614e-06 3.1761965790768976e-05 0.0 3.852709701659385e-06 5.038062655810156e-06 5.5875128147755404e-05 2.5647623380425164e-05 2.224190198168196e-05 3.352063674761208e-05 2.5142274658821766e-05 1.695634009374833e-06 0.00465030057485351 0.00019498185912114252 4.260501905536479e-05 2.6581081584963735e-05 0.004197812320224735 0.0 0.0 0.0 0.0 0.0 0.0 0.0 0.0 8.020741003567364e-05 0.0 0.0 0.0 0.0 0.0 0.0 0.0 0.0 0.0 0.0 0.0 0.0 0.0 0.0 0.0 0.0 0.0 0.0 0.0 0.0 0.0 0.0 0.0 0.0 0.0 0.0 0.0 0.0 0.0 0.0 0.0 3.2416593630311495e-05 0.0 0.0 0.0 0.0 0.0 0.0 0.0 0.0 0.0 0.0 0.0 0.0 0.0 0.0 0.0 0.0 0.0 0.0 0.0 0.0 0.0 0.0 0.0 0.0 0.0 0.0 0.0 0.0 0.0 0.0 0.0 0.0 0.0 0.0 0.0 0.0 0.0 0.0 0.0 0.0 0.0 0.0 0.0 0.0 0.0 0.0 0.0 0.0 0.0 0.0 0.0 0.0 0.0 0.0 0.0 0.0 0.0 0.0 0.0 0.004100242567159286 0.00018500471662217938 0.009447413094366544 0.00270516110966351 0.007171100141109153 0.00036243440438166153 3.6909525765091157e-06 0.0001822485459955327 0.00039313866903715707 0.0 0.0 0.0 1.0093693396059513e-05 0.0 0.0 0.0 0.00022582790600766936 0.0 0.001534991958823933 0.0
0.0011392212430513585 0.000968587239015118 0.011454710561270688 4.235713798613808e-05 0.0006833889301383246 3.264501499278857e-05 0.00106546206595325 0.0 0.004462287337837944 0.00016305651258442314 0.033571789785095806 0.0006727959422853621 0.0029543979341323206 0.01336601028431529 0.001273730816866942 0.0013071172885296032 0.0006333461859964446 0.00039476721127524233 0.0001681279050008737 0.0005360544226201377 5.0004081346331646e-05 1.81776903017271e-05 0.0001697525091779317 4.249908381517873e-05 0.0006000108225307763 2.927748641121699e-05 0.00014857948162021683 2.0035364480322985e-05 2.238961651070699e-05 1.665396966648413e-05 0.015518097502029303 0.07330700575689211 0.004181628725408006 0.0007055360386197925 0.00040199288000412425 0.0007822754099128244 0.0019470526681269074 0.0005347103957778719 0.00011420183165954008 0.00013556596657333806 4.6276396788553087e-05 6.049279026698562e-05 0.0002560793110456083 0.0016396482222976504 0.00024309439963079491 0.0017318234105283717 0.005982450971171886 3.7115637302815446e-05 0.0002662455393431457 7.62784841520822e-05 4.9394505731547963e-05 5.711746882596458e-05 4.305204589976028e-05 1.6879893313429392e-05 3.0960865693765156e-05 0.00011468884959823143 0.00038118014152894894 0.0045746981861449565 0.0007538625754082043 0.0018327692802577696 0.0015500804309243584 0.0029440994706696894 0.00034867165175819775 0.02977750639325467 1.1746052804770704e-05 2.6758156264880393e-05 1.7279806695722102e-05 6.575795671959549e-05 0.00011781952883657888 0.00019127321584299836 0.0027261029681927788 5.390310798618765e-05 2.2238183460726797e-05 0.0070187365522381955 0.008780137664128095 0.002710566527095804 0.008358434095748796 0.005901762060402155 0.03505149790768301 0.018019119903501173 0.002016176419386749 0.0328342261739506 2.6360271107609684e-05 8.592783299556089e-06 9.536960426150025e-06 4.513355085792486e-05 1.4588210447537741e-05 0.0 5.120620764986047e-05 2.534966164305402e-05 1.949484974865361e-05 2.5339796325323573e-05 0.000280832042744656 8.814511486936137e-05 3.2355226000502835e-05 0.000938087529276924 9.562954360984465e-05 1.227175516777302e-05 3.3841040359023866e-05 0.0005156463592701086 0.0 0.0 0.0 0.0 0.0 0.0 0.0 0.0 0.0 0.0 0.0 0.0 0.0 0.0 0.0 0.0 0.0 0.0 0.0 0.0 0.0 0.0 0.0 0.0 0.0 0.0 0.0 0.0 0.0 0.0 0.0 0.0 0.0 0.0 0.0 0.0 0.0 0.0 0.0 0.0 0.0 0.0 0.0 0.0 0.0 0.0 0.0 0.0 0.0 0.0 0.0 0.0 0.0 0.0 0.0 0.0 0.0 0.0 0.0 0.0 0.0 0.0 0.0 0.0 0.0 0.0 0.0 0.0 0.0 3.982786381288962e-06 0.0 0.0 0.0 0.0 0.0 0.0 0.0 0.0 0.0 0.0 0.0 0.0 0.0 0.0 0.0 0.0 0.0 0.0 0.0 0.0 0.0 0.0 0.0 0.0 0.0 0.0 0.0 0.0 0.0 0.0 0.0038035374018669395 0.00012882988488985828 0.009653448722533188 0.0027964810758029104 0.0033834251584795873 0.00017841589884139882 9.584948470851306e-06 7.789284898017576e-05 0.0003213152767677765 8.303762047033728e-06 0.0 0.0 2.925167858131483e-05 0.0 0.0 0.0 0.0002898825449779874 0.0 0.0009015358021155321 1.943333104275086e-06
0.003926265123616544 0.011806089041292519 0.011706393143454237 0.0002862622216951303 0.04548557229454815 3.282727244463041e-05 0.011415335989975852 0.004462287337837944 0.0 0.0015003761812276346 0.027930834794358775 0.0006653754753252287 0.03433239014581845 0.01608589103200921 0.0003107458927250143 0.00017292981230402108 4.6194275791791956e-05 9.978757826027237e-06 7.604802887280348e-06 4.887934324347552e-06 0.0 0.0 2.271766841036517e-06 0.0 3.2923723228455595e-05 1.91195676240987e-06 7.097859654264142e-06 0.0 0.0 0.0 0.005320607038913188 0.0022407250349837124 0.0004249575885639289 1.9655226535928106e-05 7.730351187021987e-06 3.36444817416385e-05 0.000644543085005085 1.3389676144833612e-05 1.4679561071553793e-05 5.555394850284419e-06 1.7945932418020378e-06 1.7231999486991352e-06 1.5800393475215468e-05 0.00010966304231973704 2.320508737558831e-05 5.86938981053266e-05 0.0016593983670650778 6.114361762394604e-06 1.696267764645295e-05 0.0 7.614576648669597e-06 0.0 0.0 0.0 3.1688616639556744e-05 5.401486429073083e-05 0.00013170455690517558 0.0014358414804864661 0.00029638867648697676 0.0005701829439548001 3.150450106559326e-05 2.6312310871317534e-05 1.6341482507451327e-05 0.0008803280615321 1.0641440672127586e-05 1.954180010061392e-06 6.074933991661622e-06 2.1938362950744895e-06 4.599824244435696e-06 6.528831789825902e-06 0.0005554259465463799 2.411340563991083e-05 0.0 0.0017031879309231945 0.0008656135041468249 0.0005745079721676542 0.0011313592102654686 0.00048345488300549963 0.00032161325297853027 0.00011451933116235317 5.002362561666461e-05 0.0002462757792094681 2.468216973101795e-05 4.004818121950388e-06 2.1478644413468027e-06 1.193994929550357e-05 0.0 3.0472978376388125e-06 9.219856583333602e-06 0.0 1.6645594944532358e-06 0.0 6.11446941834109e-06 3.476577062602794e-06 0.0 0.00064251118585802 7.287278178014523e-06 2.0622558797863704e-05 0.0 0.0008562873067433498 0.0 0.0 0.0 0.0 0.0 0.0 0.0 0.0 0.0 0.0 0.0 0.0 0.0 0.0 0.0 0.0 0.0 0.0 0.0 0.0 0.0 0.0 0.0 0.0 0.0 0.0 0.0 0.0 0.0 0.0 0.0 0.0 0.0 0.0 0.0 0.0 0.0 0.0 0.0 0.0 0.0 0.0 0.0 0.0 0.0 0.0 0.0 0.0 0.0 0.0 0.0 0.0 0.0 0.0 0.0 0.0 0.0 0.0 0.0 0.0 0.0 0.0 0.0 0.0 0.0 0.0 0.0 0.0 0.0 0.0 0.0 0.0 0.0 0.0 0.0 0.0 0.0 0.0 0.0 0.0 0.0 0.0 0.0 0.0 0.0 0.0 0.0 0.0 0.0 0.0 0.0 0.0 0.0 0.0 0.0 0.0 0.0 0.0 0.0 0.0 0.0012468316561120634 7.401302933205303e-05 0.0038699828871891547 0.0010925845219725433 0.001728307278849661 0.00012524154225324258 0.0 5.024103354814511e-05 0.00013870657674750416 0.0 0.0 0.0 0.0 0.0 0.0 0.0 8.235646145701047e-05 0.0 0.0005425904962238321 0.0
0.022289526077567696 0.024010363755901213 0.0002728931400352858 0.0739528871986699 0.009807937588261893 0.03412315346899021 0.04650239247911795 0.00016305651258442314 0.0015003761812276346 0.0 0.0006237149000969898 0.07102423052354759 0.11589876805152613 0.004755515452674244 0.00010848013536723444 6.086091928812349e-05 4.057088043694164e-05 3.995569988280519e-05 4.453556728419457e-06 0.0 3.5555153462826134e-05 0.0006580253008680144 2.4128314199653924e-06 0.0 4.97224343635212e-05 0.0 0.0 1.6139869914983095e-05 8.641472636558911e-05 0.0 0.0011442410331430313 6.371497112413207e-05 0.005302727970757893 3.5233696709557178e-06 0.0 7.184597985298018e-05 0.005454073966757224 8.819604133596149e-05 0.0003840370908873542 0.00011133994565802401 0.0 0.0 7.671908156218736e-06 2.1296207914500694e-05 3.431611352894597e-06 2.2993849821113055e-06 0.000656129196199791 9.704023916154978e-06 2.4337093393188095e-05 2.8771260992925527e-05 0.00014762793884289156 0.002747093600232339 0.0022108703952860537 0.00026211436826643376 0.0 3.20808259541625e-05 0.0011524831935468018 0.0016419952960994757 0.0001191025477695097 0.00018511675930455002 3.6957695946741187e-05 0.000143300122308499 2.0556994862853995e-05 0.00023547723436074126 1.9519603786209532e-06 1.4482514912586007e-05 3.404555331977843e-05 0.00011469765673281417 2.4097072183788413e-05 6.513817623176979e-05 0.01695039969651483 0.006719365998009187 0.0013241490424269755 0.0009201842910606657 0.0003246073302371261 0.0001739697490697687 0.00025412895168329115 6.658600723061024e-05 3.83233101643001e-05 0.00015612014010233166 1.0569424047842091e-05 0.00014701096293883185 2.441674106775878e-06 3.0621524067864066e-06 1.16775127194942e-05 6.655594715344418e-05 1.2263060893049583e-05 0.0004705768741081679 0.00025227918981020635 0.001957982884491921 0.0002237634202837635 0.0002974535424344711 0.0003661863700714185 0.00015125606653137986 0.0001507301018586469 0.02337004214742349 0.0025799859556775934 0.0020803435375176256 0.000506276323942407 0.01574565003499614 0.0 8.149085300618822e-05 0.0002562816793437916 0.0002855687731538097 2.6958542522767892e-05 0.0003757980817780413 0.00022451744139458715 4.209708041139928e-05 0.0004920742539087698 0.00044247820209726427 9.53510539385161e-06 3.521776070227649e-05 0.0008017848642801878 0.00014387074598532827 3.1021995732429086e-05 0.0 0.0 0.0 0.0 0.0 0.0 0.0 0.0 0.0 0.0 0.0 0.0 0.0 0.0 0.0 0.0 0.0 0.0 0.0 0.0 4.0455991051635646e-05 0.0 0.0 0.0 0.0 0.0 4.435800977874147e-06 0.0 0.0 0.0 0.0 0.0 0.0 0.0 0.0 0.0 0.0 0.0 0.0 0.0 3.087814462080684e-05 0.0 0.0 0.0 0.0 0.0 0.0 0.0 3.2593820036811345e-06 0.0 0.0 0.0 0.0 0.0 1.9755551795470827e-05 0.0 1.53489499724354e-05 0.0 3.71509560965094e-05 4.204437095416886e-05 0.0 0.0003870819084100446 0.0 0.0 3.140784635343438e-05 5.151209153139023e-05 0.0 0.0 0.0 2.0203928079509732e-06 0.0 0.0 0.0 0.0 0.0 0.0 0.0 0.00010365112185793601 4.9233512280604175e-05 0.00015764251032219758 2.2380585607872943e-05 0.0 0.00045772327644063476 0.0 0.0 0.021585960504765758 0.00020384897205159359 0.0013778479054539188 0.0004330434709122604 0.023354861119424045 5.9903483404772976e-05 6.292928501690411e-06 4.435751085359977e-05 0.003287814031517215 0.0 9.838628422756752e-05 0.0 0.00034385264065720834 0.0 0.0 0.0 5.009976910643946e-05 0.0 0.008479322165852196 1.1297456980659662e-05
0.00357516760431152 0.0054056228957815805 0.0399935100219538 0.00024279909741811966 0.008004979487874346 3.1047407739712324e-05 0.004977298227310937 0.033571789785095806 0.027930834794358775 0.0006237149000969898 0.0 0.0022217093699839763 0.03264545098766301 0.10152973806135575 0.0007373249805188919 0.0006651414734167402 0.0003749042458404776 0.00013676264763258877 5.206244970809396e-05 0.0001720419512714871 3.060889758651524e-05 4.8659582005043995e-05 6.573320674759645e-05 2.527800051106312e-05 0.0006092113334055756 1.5979894804729475e-05 0.00013932946104408303 1.3323248685540164e-05 2.2570145775625413e-05 1.3223151259805637e-05 0.020245399659682625 0.027172205868032255 0.03951042670222666 0.00030198175807391093 0.00031117872605981265 0.0013753294505406699 0.010300153328429151 0.0012879652509288353 0.00024616757327444695 0.0003366026142012562 2.064992552490033e-05 3.110957140556033e-05 8.649656537532426e-05 0.000514754995353757 8.388659835413947e-05 0.000490723426121625 0.002864571864841163 1.9395684473803147e-05 8.346129947199446e-05 3.168104104346755e-05 2.3298577946129735e-05 6.933527372854393e-05 4.945726443230259e-05 3.6593436847897124e-06 2.6670897705186707e-05 4.304301206972529e-05 0.0002564716104529547 0.0034047891961452637 0.0004443755483865624 0.0008172875980075982 0.000590379007621059 0.003122818293179334 0.0001893481647349526 0.003699981565360291 8.068224171151637e-06 1.3549799403980358e-05 1.0210717361355775e-05 3.703301128257723e-05 3.478971854496341e-05 6.882428998246675e-05 0.009343854773235459 5.152595247843355e-05 4.071837721473957e-05 0.0033691983283100587 0.0027519027647171603 0.001028343301749318 0.002169485028336866 0.0011238965859197052 0.0035710812429897544 0.020926787427747583 0.0006039205123132472 0.00869650696607284 5.891491429985936e-05 4.506586876777474e-06 3.4309042712400394e-06 2.384389418179901e-05 9.154726361933069e-06 5.822177539135174e-05 2.49762608956062e-06 6.282889178125015e-05 2.1085242101848066e-05 1.755870682567441e-05 0.00011071147967707777 4.173171418010254e-05 3.333570155737928e-05 0.0017952293972146663 0.00030561651229488765 8.22416380963484e-06 6.753045089511397e-05 0.0014711089657141034 0.0 0.0 0.0 0.0 0.0 0.0 0.0 0.0 0.0 0.0 0.0 2.35229316376258e-05 0.0 0.0 0.0 0.0 0.0 0.0 0.0 0.0 0.0 0.0 0.0 0.0 0.0 0.0 0.0 0.0 0.0 0.0 0.0 0.0 0.0 0.0 0.0 0.0 0.0 0.0 0.0 0.0 0.0 0.0 0.0 0.0 0.0 0.0 0.0 0.0 0.0 0.0 0.0 0.0 0.0 0.0 0.0 0.0 0.0 0.0 0.0 0.0 0.0 0.0 0.0 0.0 0.0 0.0 0.0 0.0 0.0 0.0 0.0 0.0 0.0 0.0 0.0 0.0 0.0 0.0 0.0 0.0 0.0 0.0 0.0 0.0 0.0 0.0 0.0 0.0 0.0 0.0 0.0 0.0 0.0 0.0 0.0 0.0 0.0 0.0 0.0 0.0 0.0029851797037512813 0.0001559165477462796 0.005835479951435091 0.0018326315252047726 0.002065725851620003 0.00018938291223659218 0.0 0.000120868410859116 0.0003638435768131328 0.0 0.0 0.0 1.4772803968369387e-05 0.0 0.0 0.0 0.00022269914042695064 0.0 0.0006281812337323632 0.0
0.003730548440131108 0.0003302275990161047 1.3341837224759111e-05 0.017879624207039715 0.00046404152149033263 0.005498913727139148 0.00441377995499642 0.0006727959422853621 0.0006653754753252287 0.07102423052354759 0.0022217093699839763 0.0 0.03852305899132846 0.006195419970219966 0.00018868269161584654 0.00026117386396393573 0.00013790616112765858 4.245956904152828e-05 4.366279206968415e-05 1.5507198847232926e-05 4.5566693500291634e-05 0.00012697568163980285 2.3404487329373942e-06 9.575207071294916e-06 0.00016183345175272673 0.0 2.224389573078151e-05 8.890082188531655e-06 1.5973658403080314e-05 4.683885162323157e-06 9.028420453795828e-05 0.0002716113247511282 0.008481394519404419 5.446953470732675e-05 4.154849091456558e-05 0.0003013408838507099 0.01052911950382595 0.00047629019031198653 0.00022504039462801947 0.0001158811408317731 2.065396246027123e-06 2.0675576261684222e-05 2.0335921750524748e-05 8.043565397724799e-05 5.027488792824677e-05 0.0001230070516902321 0.0005421633003528416 8.234074986847016e-06 3.926159288389058e-05 2.500331668885176e-05 8.289024874906933e-05 0.0003410815206526272 0.00019227396080293495 9.640079113570615e-05 3.869496548686331e-06 1.2165958481765827e-05 2.620945716063291e-05 0.00012380837490499812 1.547140178142626e-05 9.034057185803505e-05 0.0001631047177298624 0.0008504655644139487 6.50497946026404e-05 0.00019805621405300511 0.0 1.5376541118212431e-06 1.7960343841466805e-05 2.0267626086528556e-05 3.0320939883675677e-05 3.378573073422796e-05 0.010186863797002977 0.000529729620396352 0.0005318458500890374 0.00015970919421140337 0.00011269384960813516 0.00017428851458699778 0.00020784981145694777 0.00023022261054764 0.0001813548642238861 0.0011928445546962327 7.89197187208298e-05 0.0007925507266964731 0.0 0.0 0.0 1.782704187424413e-05 7.5910580525418384e-06 8.63086764766987e-05 5.084021890049252e-05 0.00037482813585089136 7.049981802416848e-05 0.00013534255072450568 9.326915250724346e-05 7.838576880649528e-05 3.611256098993503e-05 0.016806921029908908 0.0007267455267421987 9.338037996414622e-05 0.00010637076898507067 0.0011077205585679527 0.0 0.0 0.0 0.0 6.878964932366228e-05 0.0 0.0 2.581560975184448e-05 0.0002868008339901079 0.0 3.1097295049971e-05 0.0 7.376416065774624e-05 0.0 0.0 0.0 0.0 0.0 0.0 0.0 0.0 0.0 0.0 0.0 0.0 0.0 0.0 0.0 0.0 0.0 0.0 0.0 0.0 0.0 1.8726613987337277e-05 0.0 0.0 0.0 0.0 0.0 0.0 0.0 0.0 0.0 0.0 0.0 0.0 0.0 0.0 0.0 0.0 0.0 0.0 0.0 0.0 5.950096026020055e-06 0.0 0.0 0.0 0.0 0.0 0.0 0.0 0.0 0.0 0.0 4.8231992425524084e-05 0.0 0.0 0.0 0.0 0.0 2.4242865005382002e-05 0.0 0.0 0.0 0.00010910030029411978 0.0 0.0 1.9597063052816707e-05 3.223510717067855e-05 4.664694302719633e-05 3.175846258170678e-05 0.0 0.0 0.0 0.0 0.0 0.0 0.0 0.0 3.454181178141716e-05 0.0 3.735533196668558e-06 2.254162784549942e-05 0.0 0.0 0.0 1.1118723065664481e-05 0.0 0.011626363576488732 0.0001205030464166643 0.0013112029291094435 0.0005533287059315782 0.0023125367524373026 2.8667861359261518e-06 0.0 7.103554783931006e-05 0.0035204619323026035 3.7106132843914673e-06 0.0 0.0 0.00024083439590944563 0.0 0.0 0.0 6.192811821478447e-05 0.0 0.0026652442046255415 0.0
0.0048225344839955804 0.004050578521998595 0.0009527431238906032 0.025407538241606985 0.03249014510981682 0.004035445660765739 0.07876797172399302 0.0029543979341323206 0.03433239014581845 0.11589876805152613 0.03264545098766301 0.03852305899132846 0.0 0.15379513139873677 0.0005502384774393888 0.0005603524758527867 0.0002684477482460826 7.578673049010143e-05 4.5196905894564324e-05 0.00010217955857729759 4.3262480425438356e-06 1.79948901793514e-05 2.298381911652827e-05 1.3951374785930278e-05 0.00035719212896581783 2.6775980479403753e-06 6.054693389006505e-05 3.3447622760909986e-05 1.5517993713891023e-05 1.7403678847668544e-05 0.0010419545323684166 0.0011536158072838457 0.01582964863310037 0.00012655532875154968 0.00013896044296696415 0.0006139070325883584 0.02367147694856558 0.0007371919413492668 0.0002521894255664893 0.0002010922956696696 1.1416372568266362e-05 2.0306195536890623e-05 2.7150190923162092e-05 0.00025871769777306453 2.6963759282748697e-05 0.0002719527412746445 0.0020454845311501622 1.2640982865005227e-05 9.568585482523634e-05 3.493244740026137e-05 6.348031124591626e-05 0.0004118032357961958 0.00019449109908126604 0.00014937340031752762 2.3917219102292173e-06 1.952133587606755e-05 8.280328323471636e-05 0.0006352369397413098 0.00015042323460021624 0.0004792914907642004 0.0003322445066660661 0.0011822534000841837 0.00011289659161230782 0.0006950820500428581 2.2069776385480364e-06 3.975620430712145e-06 8.081790446631478e-06 2.2533157826894118e-05 2.595200560786151e-05 6.374936573543348e-05 0.009508600477873053 0.0003771277180938232 0.0001503822589906636 0.0009647057955835728 0.0004582308887830041 0.0006509754721907323 0.0011237597488694545 0.0007688916133763672 0.001022614586029106 0.002996554251008607 0.0002402389415999687 0.0015600437467082672 2.7076881939651958e-05 0.0 0.0 4.5498886028366944e-05 1.826670014070735e-05 0.00017985409121796107 7.228151645786686e-05 0.0003990326060622355 7.7251957844258e-05 5.495283266146246e-05 0.00015651648766598606 5.1835469829468314e-05 6.5052198972986e-05 0.01795157074665356 0.0006722587992826451 7.401212970562408e-05 7.692286597514697e-05 0.001335754666505915 0.0 0.0 0.0 0.0 0.0 0.0 0.0 3.8998879850012605e-05 0.0011058291723850574 4.7947239519870877e-05 0.0 0.0 4.835386936477049e-05 1.9875806414895284e-05 0.0 0.0 0.0 0.0 0.0 0.0 0.0 0.0 0.0 0.0 0.0 0.0 0.0 0.0 0.0 0.0 0.0 0.0 0.0 0.0 0.0 0.0 0.0 0.0 0.0 0.0 0.0 0.0 0.0 0.0 0.0 0.0 0.0 0.0 0.0 0.0 0.0 0.0 0.0 0.0 1.2804124718832714e-05 0.00010966449323568046 0.0 0.0 0.0 0.0 0.0 0.0 0.0 0.0 0.0 0.0 0.0 0.0 0.0 6.491267832994221e-06 0.0 0.0 0.0 6.94466198997079e-06 0.0 0.0 7.964374171357422e-05 0.0 0.0 0.0 0.0 0.0 0.0 0.0 3.747154509731542e-06 0.0 0.0 0.0 0.0 0.0 0.0 0.0 0.0 1.749108767034495e-06 0.0 7.169432775079465e-05 0.0 0.0 0.0 0.0 0.011360295836307741 0.00014837181053486902 0.00490799724850624 0.0019026965895690006 0.002958831112012889 0.00012005260190252359 1.3680134490405952e-05 0.0001657798652227309 0.0025997520349887006 0.0 1.653144158764599e-05 0.0 0.000142400411641227 0.0 0.0 0.0 0.00034819277192604716 0.0 0.00236835697393826 0.0
0.004017465781110298 0.005512324519054675 0.019727288047864614 0.00036709217939927204 0.026855541313191386 0.00013026251233214757 0.01904440758196545 0.01336601028431529 0.01608589103200921 0.004755515452674244 0.10152973806135575 0.006195419970219966 0.15379513139873677 0.0 0.0008500429031024924 0.0010165297055711982 0.00046924625896890897 0.0001944036523675994 7.969991648887661e-05 0.0002903366732119163 4.361992711453288e-05 1.614510830372655e-05 9.649790460530465e-05 2.8036633401585532e-05 0.0009756363106857069 1.7197829294430353e-05 0.0001538074166785487 1.306420750002423e-05 7.512086772802288e-05 1.6798590144092517e-05 0.008205892276197476 0.003834423962353135 0.04448811611351875 0.00039743710948367494 0.00038633843839508804 0.0018530936527368994 0.03023235541285466 0.0032283671347073132 0.0005550544632781845 0.0005179130309926265 5.255291784098567e-05 4.603804262010118e-05 0.00012150071017234401 0.0005394452449725409 0.00014797623184933392 0.000664187579771798 0.0029932984453940113 1.7849238839137623e-05 0.00011637875166025619 4.3267780935891106e-05 2.614004363111386e-05 0.00017489803425971862 9.304204562062053e-05 1.3745579385909881e-05 3.526174856424116e-05 6.885810191815448e-05 0.00014696012786595065 0.0018581191577005834 0.0003120439572269554 0.0007355981880815013 0.000797356523843143 0.007936058951524253 0.00023426633735001938 0.0016552786358149693 4.194396503397742e-06 2.5282820228757893e-05 3.2566640162769446e-05 2.8898810359769126e-05 3.788374150271077e-05 0.00010580781278591636 0.016022893953180652 0.00020056770905810056 0.00020402896433775782 0.0020111572742550214 0.0012863103567267134 0.0011063018419977453 0.0017423012927084015 0.001277786935242793 0.002012442520706573 0.013974591551374104 0.0006805418351206461 0.010430700204999713 2.9315748342855795e-05 0.0 3.740577902281707e-06 3.9967335018761605e-05 1.0387155212440959e-05 4.629458739106351e-05 3.581529625163736e-05 0.00010582969361310598 6.823459380252618e-05 1.9955814948295656e-05 0.00022094824541684036 9.087884557343474e-05 5.5344785683361785e-05 0.007479825275126095 0.0005713268814061424 4.617570335217828e-05 0.00014024185624885626 0.0013274020774458602 0.0 0.0 0.0 0.0 0.0 0.0 0.0 7.434970753032343e-06 0.0 0.0 0.0 1.227553727403797e-05 0.0 0.0 0.0 0.0 0.0 0.0 0.0 0.0 0.0 0.0 0.0 0.0 0.0 0.0 0.0 0.0 0.0 0.0 0.0 0.0 0.0 0.0 0.0 0.0 0.0 0.0 0.0 0.0 0.0 0.0 0.0 0.0 0.0 0.0 0.0 0.0 0.0 0.0 0.0 0.0 0.0 0.0 0.0 0.0 0.0 0.0 0.0 0.0 0.0 0.0 4.795208241123995e-06 0.0 0.0 0.0 0.0 0.0 0.0 0.0 1.5390336691100944e-05 0.0 0.0 0.0 0.0 0.0 6.4329843996923e-05 0.0 0.0 2.0602593986325875e-05 0.0 0.0 0.0 1.0645325067803923e-05 0.0 0.0 5.749061067874956e-06 0.0 0.0 0.0 0.0 0.0 3.947588741190363e-06 0.0 2.4531601506299697e-05 0.0 0.0 0.0 0.0 0.0 0.007019195663137338 0.00014930480868098975 0.0070363565371701145 0.0024860479382384395 0.002496654942017473 0.00016459840690945986 0.0 0.00022596622519734048 0.0009541593157499808 1.002366043829248e-05 0.0 0.0 2.796840733992331e-05 0.0 0.0 0.0 0.00032846788174754 0.0 0.00099283495699445 0.0
