0.0 0.028136268784495495 0.0076688321628507255 0.01606640425360604 0.002506676126395658 0.005170107565322381 0.008809207301710866 0.0006276577386758261 0.0005170879860962448 0.016959283751384075 0.0025668160609339397 0.0019000081578418341 0.007238476567712391 0.0029932998748891117 0.0002979762322294779 5.404818766458928e-05 2.395859469868701e-06 0.0 6.292505224207795e-06 0.0 0.0 0.0 8.635802657832633e-06 0.0 4.100165618408017e-06 0.0 0.0 4.528691880213837e-06 0.0 0.0 0.02304680456918266 0.00030425853996215725 0.0005803336297427056 0.0 5.270865439999014e-06 0.0 9.861684005515954e-05 1.7028079405799292e-05 2.7578317600483018e-05 1.0223325945820292e-05 0.0 0.0 9.020056898653122e-06 3.7214619882458878e-06 7.23759159937148e-06 4.969805295562618e-06 0.003266941593465055 0.00018014141799183636 1.2248709474593106e-05 9.067979423677904e-06 5.937605735596284e-05 0.0 0.0 0.0 3.4915271047416134e-05 8.083324486263503e-05 0.00757877791533922 0.04537347930524875 0.0006276600946480067 0.002485130124907223 0.0 5.691470800786435e-06 0.0 0.000949931340885535 0.0001656163504669418 0.00010975387871853968 5.262123412453379e-05 6.304796159888226e-05 1.940224051717083e-05 1.583142093568228e-05 0.00019747115995841035 3.914261957802931e-05 1.162379148583825e-05 0.012275707133381568 0.0023727284682502586 0.004564945940191092 0.0002733892048501386 5.7288377534630536e-05 6.148325327681642e-05 0.0008339345635383729 2.7480138266083147e-06 1.0416037479563954e-05 0.00038844149613286087 0.0 9.374299498676535e-05 6.215026460712554e-05 4.0990930078005225e-05 7.866642488471626e-06 4.424102170600385e-05 3.5864482953273995e-06 1.0962108623846725e-05 3.3774081414504215e-06 0.0 1.2140676495529556e-05 8.813048662869277e-06 0.0007878785862680588 0.0005529919558507544 1.059637368459385e-05 0.0001284386169516823 0.025540693700048318 0.0 0.00015734027669326477 2.2796524106867298e-05 0.0004861623171605417 4.693919458212143e-05 6.365600835062027e-05 8.607811838539728e-05 0.00015205192033387088 0.00036100751820293997 0.0001516510121554607 0.0 0.00030665078872410247 0.0001636503077900699 0.00023342742180937156 0.00012404926074892372 0.0 0.0 0.0 0.0 0.0 0.0 0.0 0.0 0.0 0.0 0.0 0.0 0.0 0.0 0.0 0.0 0.0 0.0 0.0 0.0 0.0 0.0 0.0 0.0 1.9566455715667394e-05 2.496415832595353e-05 2.5436024874282286e-05 2.6838768478740623e-05 2.212172179196085e-05 0.0 0.0 0.0 0.0 0.0 0.0 0.0 0.0 7.33169025266825e-06 0.0 0.0 0.0 5.952145973021594e-05 0.0 0.0 0.0 0.0 0.0 0.0 2.5810724467712907e-05 0.0 0.0 7.79951181006144e-05 0.0 0.0 0.0 0.0 2.5374342578941417e-06 0.0 0.0 0.0 0.0 2.612770684866399e-05 0.0 0.0 3.390986618349078e-06 0.0 8.504082019818373e-05 0.0 6.788362850551738e-05 0.0 0.0 0.0 0.0 9.805809311095897e-06 0.0 0.0 0.0 0.0 2.4375971731163137e-06 2.4482149453198854e-06 3.777746329987208e-06 0.0 3.884293797947434e-06 3.553204472944307e-05 3.3575001870512798e-06 0.005227036439484179 0.00016276326963000153 0.004793055804135489 0.0004551793605577385 0.024124700471053483 0.0007023558816389436 0.00011054446056863884 5.074258624518151e-05 0.0004260966840764859 0.0 0.0 0.0 0.001754347317290432 0.0 0.0 0.0 4.194326597897073e-06 0.0 0.00843758473975976 3.9507799687833944e-05
0.028136268784495495 0.0 0.027035464901809393 0.03382082279754344 0.026703991349517314 0.005328393115158823 0.028804340611179625 0.005539836906224898 0.029647729009912954 0.022735334888772916 0.02295004959378453 0.006417364309387002 0.02218904198979304 0.033609410039657096 0.001236015309239723 0.00020986104962885204 2.2259510263804864e-05 5.974446663632462e-06 0.0 3.257316939232507e-06 4.024714709169725e-06 0.0 1.3531939236358025e-05 3.035847552907891e-06 2.7477083019292326e-05 3.6557668125921697e-06 2.38953003448051e-05 1.3176741213707918e-05 3.5220044864330116e-06 0.0 0.03946367286181984 0.0032270857209438304 0.0026440333786862257 0.0 2.342487930090219e-05 7.662423770915544e-06 0.0003301710572094924 3.537229238110031e-05 6.041449636516898e-05 1.285865254284374e-05 1.2878547652993793e-05 2.199097575872233e-06 1.0361045142943823e-05 3.174916764834959e-05 4.9173373802915665e-06 5.8237202428524135e-06 0.009481787745345568 0.0003191318965670623 3.512031053354498e-05 3.57455883718357e-05 9.29954251578723e-05 0.0 0.0 2.630953656613271e-06 7.893741411530449e-05 3.822280352597748e-05 0.005696732840121696 0.028957002863278184 0.0006185145029016993 0.004078547665541816 4.933123172979895e-06 3.378481352158078e-05 0.0 0.003905147922271013 0.00013444059452626578 0.00013105603519121556 8.001702357518385e-05 7.746924211656279e-05 1.299690551326946e-05 3.703200856084904e-05 0.0008334554467272771 1.9516191747202647e-05 4.556855317792003e-06 0.013880026378031613 0.004561719601264478 0.00875593110626728 0.001806021772336222 0.00012750360804801472 0.00021334091297627925 0.0029386763661455257 1.4449446903119156e-05 0.00015467555697973426 0.000534743763954884 0.0 0.0001429927689099829 7.627650040545194e-05 4.550810119319245e-05 0.0 4.852720447764414e-05 0.0 2.1286875711650387e-05 5.419855360414908e-06 1.2039294100193642e-05 1.6885542351899693e-05 5.6381431630724495e-06 0.0016713322152031819 4.7417845841828094e-05 0.0 0.00014411152764107682 0.010134660560648967 3.988703224838467e-06 0.00014101695175955644 7.03850611754689e-05 0.0007777887367059343 7.069609709021601e-05 0.0004349901013115017 0.00011570562138213996 0.0002213127488119591 0.0009813160872875833 0.0003143967247497688 8.206624834643662e-05 0.0015618892007917993 0.000701655201109989 0.0006540819187980725 0.0005362113830192307 0.0 0.0 0.0 0.0 0.0 0.0 0.0 0.0 0.0 0.0 0.0 0.0 4.234192620322937e-05 0.0 0.0 0.0 3.139277153098966e-05 0.0 0.0 1.3562534448242679e-05 2.366913206892956e-05 0.0 4.789534154023995e-06 1.6463625403775267e-05 0.000129925417743951 0.00016524315280840843 0.00034643022848799887 0.00020140741885086132 4.916788657125689e-05 0.0 0.0 0.0 0.0 0.0 0.0 0.0 0.0 0.0 0.0 0.0 0.0 2.1826621589661884e-05 0.0 0.0 0.0 0.0 3.290833059696227e-06 8.051126543710507e-06 7.272753426097617e-05 0.0 0.0 0.00021086781514093468 3.2901727389563212e-06 0.0 0.0 0.0 0.0 0.0 2.2982966594249623e-06 0.0 0.0 9.151237720251282e-05 6.311025999705632e-06 0.0 0.0 0.0 0.00019761141115709553 0.0 0.00012170237303183705 1.608119525688647e-05 0.0 2.1027598120052676e-05 0.0 2.579824069984702e-06 0.0 0.0 2.0273320645276222e-06 2.3731721041919034e-06 0.0 0.0 0.0 0.0 0.00013131401330276023 0.00012337847194601446 8.337166791714733e-05 0.006310193877658935 0.00029322129816631605 0.009098984744013418 0.000850024137667454 0.010614728574509125 0.000781537535046342 1.6497345137171218e-05 0.0005570952626250293 0.00028564598556663287 3.7597239534662054e-06 5.875842205643982e-06 2.2886858342374523e-05 0.0016163056743477343 1.6280977655032787e-05 0.0 0.0 6.581548794546701e-05 0.0 0.0075638454490788995 0.0002776619740145037
0.0076688321628507255 0.027035464901809393 0.0 0.0041405362021024175 0.020430696834911055 0.00045931511274745055 0.005621604453978623 0.036761510687641295 0.03245500567792783 0.0009396254190484396 0.05248318073689397 0.0009024522300811804 0.006468958675907388 0.030121161558779468 0.0008159278220480529 0.00019565438872262692 5.465152141915853e-05 5.946857427156885e-06 0.0 3.4063135976151356e-06 2.7042127263292318e-05 3.6693501324044188e-06 0.00013836709136828837 4.4135062336202596e-05 6.825301900228477e-05 2.5785474358501235e-06 4.8532865422507754e-05 0.0 0.0 0.0 0.0692796218744574 0.019377556264300506 0.0030320970810249937 2.0955566728931743e-05 0.00010418308932374475 1.9772816053837497e-05 0.00033087078684289155 3.9628948961390514e-05 6.917354275140507e-05 1.0002598578082223e-05 7.196434456182561e-05 1.0840240914587175e-05 2.327460453445476e-05 1.5975653851584172e-05 9.389467188197777e-06 4.9465188825309004e-06 0.003913081660800534 5.26795303810295e-05 3.001258621803288e-06 2.961890787792798e-05 4.420009571718618e-05 3.7026946452778866e-06 0.0 1.4578197024274274e-05 1.7048357948368788e-05 1.1538047911291288e-05 0.0019390568783788312 0.01961474996989508 0.00013478669271428054 0.0012280437502923635 0.0 0.00012347930267032407 0.0 0.0034366513088363556 2.056240363272052e-05 4.8996499017733754e-05 2.8325532001630866e-05 2.2358886640107273e-05 5.460962832155313e-05 0.00015548886114871265 0.00033862533693790407 1.3941615404541899e-05 0.0 0.004297565073556132 0.002312151600994425 0.0029393949412401935 0.0009475097788098761 0.00010586495151565552 0.003374527103736696 0.016353035051546887 2.3146868898415988e-05 0.0006872951480748948 0.0001461073660279682 0.0 2.881845469600248e-05 1.5924398770325187e-05 1.697249539147536e-05 0.0 7.2356626458324936e-06 0.0 1.435332496474913e-05 5.450920545479237e-06 4.3107510196746435e-05 1.5754517784051412e-05 1.9629907358960243e-05 8.10711597307035e-05 0.0 0.0 0.00015186518937728777 0.0030409912659670963 0.0 1.0968904494982055e-05 4.6010979865097497e-05 2.790279154763469e-05 3.441129513974078e-06 2.9094911786595095e-05 8.316581376872811e-06 3.718618187273629e-05 8.548384677496198e-05 7.763204192092236e-05 1.2179102277566087e-05 0.0003060578546000637 0.00011410551409903126 6.627830919457866e-05 6.236206143164244e-05 0.0 0.0 0.0 0.0 0.0 0.0 0.0 0.0 0.0 0.0 0.0 0.0 1.7607019615177886e-05 0.0 0.0 0.0 0.0 2.97300548504298e-06 0.0 0.0 1.165172162131826e-05 1.0292359573429099e-05 0.0 0.0 3.348614177579003e-05 1.9254782431379553e-05 8.706476622386621e-05 5.7716519521771077e-05 4.530990790238796e-06 0.0 0.0 0.0 0.0 0.0 0.0 3.1609423271099673e-06 6.148041743506735e-06 0.0 0.0 0.0 0.0 1.6053000656212162e-05 0.0 0.0 0.0 0.0 0.0 0.0 0.0 0.0 2.344021217588914e-05 2.4629015229601943e-05 0.0 0.0 0.0 0.0 0.0 0.0 0.0 3.7475513954388286e-06 0.0 3.19831298566829e-05 0.0 0.0 0.0 2.728785985726358e-06 3.6837137929890125e-05 0.0 4.136393286190698e-05 0.0 0.0 0.0 0.0 0.0 0.0 0.0 0.0 0.0 0.0 0.0 0.0 0.0 1.358580822758677e-05 3.2064026095849335e-05 1.7782758000157864e-05 0.0020703481868393136 0.00010842043678642927 0.0032894457319279716 0.0004834827402303634 0.0012524387692026755 0.00023556932225957152 9.086081602992408e-06 0.0002444996734486768 4.4008611967318274e-05 0.0 3.967045715264625e-06 3.080673919050091e-05 0.00020125280441271446 0.0 0.0 0.0 8.77108165819126e-06 0.0 0.0006921440521383013 5.259699134134881e-05
0.01606640425360604 0.03382082279754344 0.0041405362021024175 0.0 0.0011201628412422725 0.005965512555184657 0.014009573917546326 2.42676008009556e-05 0.00011757845818630733 0.019490389933695937 6.762858298871283e-05 0.010629828528303598 0.029861241120095194 0.005640303115167214 6.8669992177879775e-06 8.319221817586583e-06 3.5601230592987772e-06 0.0 0.0 0.0 0.0 0.0 0.0 0.0 0.0 0.0 0.0 0.0 0.0 0.0 0.0007735445478908391 1.1367077901144179e-05 0.00023568485543785554 0.0 0.0 0.0 7.784312325759672e-06 0.0 0.0 0.0 0.0 0.0 0.0 0.0 0.0 0.0 0.0004072931550687051 1.2165539803338421e-05 0.0 0.0 4.453173591308209e-06 0.0 0.0 0.0 0.0 0.0 0.0004317106966856318 0.0017828462024368193 3.106241512831798e-05 0.0002402077562462232 0.0 0.0 0.0 3.247725317250189e-05 1.518861722479424e-05 0.0 0.0 8.466414806499179e-06 0.0 0.0 4.696270650647725e-05 2.139604909158362e-05 0.0 0.0008659699031619763 0.0001318503868284215 0.00035652228747152755 1.8127892237806788e-05 0.0 3.3088933372801054e-06 9.092811147267705e-06 0.0 0.0 5.987434241904717e-05 0.0 6.068358127790908e-06 6.272087921635879e-06 0.0 0.0 6.76343372123034e-06 0.0 0.0 0.0 3.919091184897859e-06 1.9140662541617936e-05 0.0 0.000661897710483289 2.8213578157612666e-05 1.1077068653835454e-05 5.208223826644435e-06 0.005576117433146042 0.0 1.0987152593388637e-05 3.438055063978068e-05 0.00043607692587038424 0.0 0.00011385209980186063 4.760437171154875e-05 2.7723655542929238e-05 0.0003957603554018149 0.00010968473770458606 0.0 0.0001789105230704995 7.383797055034667e-05 9.836944950024888e-05 2.2976891053870417e-05 0.0 0.0 0.0 0.0 0.0 0.0 0.0 0.0 0.0 0.0 0.0 0.0 1.0915517900059153e-05 0.0 0.0 0.0 0.0 0.0 0.0 0.0 0.0 0.0 0.0 0.0 0.0 2.1556182345608314e-05 8.308094486648776e-06 4.540560387492355e-06 0.0 0.0 0.0 0.0 0.0 0.0 0.0 0.0 0.0 0.0 0.0 0.0 0.0 0.0 0.0 0.0 0.0 0.0 0.0 8.719026653944105e-06 1.0095720436764062e-05 0.0 0.0 2.9485261571133517e-05 0.0 0.0 0.0 0.0 0.0 0.0 0.0 0.0 0.0 1.4466564918167619e-05 0.0 0.0 0.0 0.0 3.922391946351538e-06 0.0 0.0 0.0 0.0 0.0 0.0 2.7691777801189115e-06 0.0 0.0 0.0 0.0 0.0 0.0 0.0 0.0 2.1362447693728426e-05 0.0 0.0 0.0006944452808660626 1.0094430116134558e-05 0.0004678529544231179 2.119949396894129e-05 0.0067519730308623115 8.318950951323891e-05 0.0 6.06438988650767e-06 4.106443718912156e-05 0.0 0.0 0.0 0.0005127784196321782 0.0 0.0 2.3943208130527655e-05 0.0 0.0 0.0034428519524122222 8.422367580929004e-05
0.002506676126395658 0.026703991349517314 0.020430696834911055 0.0011201628412422725 0.0 0.0001876185209362693 0.02436157908174004 0.008255593804013812 0.09942188834741957 0.0010867089065263473 0.02048072860061903 0.00024738716718734075 0.01201531328536516 0.017319332312265085 0.000792802512958693 0.00011633236620212549 2.4003343430818753e-05 0.0 0.0 0.0 0.0 0.0 3.5951996507457334e-06 0.0 0.0 5.2562251016554155e-06 0.0 1.1504286065603248e-05 0.0 0.0 0.006888170188890929 0.0030592340851767407 0.00031974282401014053 0.0 0.0 3.942832831807024e-06 0.0001122674561524058 4.662179213105678e-06 2.379696308930991e-05 2.6468944225364767e-06 6.381696532107816e-06 5.172815179774384e-06 4.9952055350955795e-06 4.557780103726205e-06 5.386239644380407e-06 0.0 0.004283122011297616 6.51410770643155e-05 8.926159752673986e-06 4.358370188803386e-06 1.9151874939385757e-05 0.0 0.0 0.0 1.0027445883220099e-05 2.1523222317961587e-05 0.001344404523551677 0.005760941890253744 0.00019187599491614889 0.0012751881736553666 2.5268508072086203e-06 3.849056232263982e-05 2.158227806964507e-06 0.002164622753918758 2.711558183932429e-05 4.4586571170852724e-05 1.775919427768276e-05 1.6699353380515724e-05 2.12171560748035e-06 1.0411656537818276e-05 0.0002906937826165766 0.0 0.0 0.003883365356245156 0.001878707334117922 0.0034181169180133634 0.0011145874475000227 5.4930482506638564e-05 6.918922094718713e-05 0.0003441050342864958 1.4569767617328937e-05 3.47175942638741e-05 0.0001441735729443755 0.0 4.939217369104496e-05 2.6511846122927088e-05 1.632484371352241e-05 2.4973429347056203e-06 8.746205927256227e-06 0.0 2.655991098749912e-06 2.203685920656432e-06 4.466924096920036e-06 2.912359152087421e-06 2.609990789297383e-06 0.0004177539446493842 0.0 5.304092459577565e-06 4.9864733828824355e-05 0.0003629884065155794 0.0 6.738023290522696e-05 1.4655255780824399e-05 5.9874336733887745e-05 0.0 0.0001515642572542193 4.883940900849663e-05 0.00022787787238077444 0.00018902347627830797 0.000128325383946792 5.836951377565948e-05 0.0007083683487538011 0.00023165156919275468 0.00032185196994067916 0.00021080346629525894 0.0 0.0 0.0 0.0 0.0 0.0 0.0 0.0 0.0 0.0 0.0 0.0 4.433438507868079e-06 0.0 0.0 0.0 6.6667030496782155e-06 0.0 0.0 0.0 5.335041204154278e-06 0.0 0.0 0.0 9.742975455127947e-05 9.142530393234324e-05 0.00019121006166051714 0.00011011556792989189 3.894645146735125e-05 0.0 0.0 0.0 0.0 0.0 0.0 0.0 3.79998414694599e-06 0.0 0.0 0.0 0.0 0.0 0.0 0.0 0.0 0.0 0.0 0.0 0.0 0.0 0.0 0.00011046142060324379 0.0 0.0 0.0 0.0 0.0 0.0 0.0 0.0 0.0 8.151628497355781e-05 0.0 0.0 0.0 0.0 0.00011304081154830439 0.0 7.546698876421804e-05 3.5169672246151785e-06 0.0 2.0432115570658433e-06 0.0 0.0 0.0 0.0 0.0 0.0 0.0 0.0 0.0 0.0 5.768967356725081e-05 4.611926846577401e-05 1.678741755291807e-05 0.0035046344853257648 0.00015631911804199307 0.003791343631080428 0.0005146049666048848 0.0009375584833210659 0.0002682323997110079 0.0 0.00036873549607333077 6.87772622927722e-05 0.0 4.41594337724399e-06 0.0 0.00033222052896933826 0.0 0.0 3.0666301644923237e-06 2.987112934442529e-05 0.0 0.0013950010300463871 6.767574159675916e-05
0.005170107565322381 0.005328393115158823 0.00045931511274745055 0.005965512555184657 0.0001876185209362693 0.0 0.0019597819158934803 1.189946739341268e-05 7.474081640149521e-05 0.013432239732017319 0.0001250926298441643 0.0020025546457912717 0.003423617257754727 0.0013665362988111273 3.4767415632149043e-06 0.0 0.0 0.0 0.0 0.0 0.0 8.825411779018341e-05 0.0 0.0 0.0 0.0 0.0 0.0 0.0 0.0 0.0009292781126196658 1.0944915227795429e-05 0.0005091732606349156 0.0 3.272077718731472e-06 0.0 0.0006771830689077084 3.2716843899233904e-06 0.00016665045801634548 3.772621685163295e-06 0.0 0.0 0.0 0.0 0.0 0.0 5.624686011687293e-05 3.3133267088294308e-06 3.264247990825436e-06 0.0 0.0 0.0003463839708724416 7.700691505519874e-05 0.0 0.0 7.870183079428734e-06 0.003128860574687009 0.0015449154887762055 4.2528607888430745e-05 7.074790384250134e-05 0.0 2.4588946225928227e-05 0.0 1.1019074553035453e-05 0.0 0.0 0.0 0.0 0.0 0.0 0.00328593842526316 0.004529260481644946 0.00038043061167434444 0.00030058119691671483 2.6186206507530483e-05 4.085843059420498e-05 0.0 0.0 0.0 6.865038680029928e-05 0.0 1.3148522609027123e-05 9.853097203878947e-06 6.890250888178723e-05 0.0 1.6349280002689528e-05 0.0 7.909822895677657e-05 5.0456431957090315e-05 0.00034847768812252877 8.50277498060891e-06 2.2073635028996934e-05 0.0 0.0 4.502819351325138e-06 0.0055572651614763475 0.006613091648812088 0.0017996877039642171 0.0022176477590153177 0.008907984762890956 0.0 2.0555857066354335e-05 2.0107347679708e-05 4.980460084470935e-05 0.0 6.395817836451458e-06 6.181312138746135e-06 4.4113751200231166e-05 0.0001982946302452597 6.955732933522196e-05 0.0 0.00011205729623268224 5.9511300981996115e-05 2.745684848406806e-05 1.9492254699258204e-05 0.0 0.0 0.0 0.0 0.0 0.0 0.0 0.0 0.0 0.0 0.0 0.0 0.0 0.0 0.0 0.0 3.170074377648755e-06 0.0 0.0 0.0 0.0 0.0 0.0 0.0 0.0 0.0 3.83662015656888e-06 1.37756236990037e-05 2.8260497988962885e-06 0.0 0.0 0.0 0.0 0.0 0.0 0.0 0.0 0.0 0.0 0.0 0.0 0.0 0.0 3.4917411194099925e-06 0.0 0.0 0.0 0.0 0.0 0.0 0.0 0.0 0.0 0.0 0.0 0.0 0.0 0.0 0.0 0.0 0.0 0.0 9.651911624160335e-06 0.0 0.0 0.0 3.1897753501322948e-06 0.0 2.6456858839782006e-05 0.0 0.0 0.0 0.0 0.0 0.0 3.3680354191623635e-06 0.0 0.0 0.0 0.0 0.0 0.0 2.0600961857915662e-05 0.0 1.0524213008736214e-05 0.0004787296012036515 2.9727413988593127e-05 0.00014441902464935855 9.463751586945296e-06 0.004991417980181078 2.219770247383358e-05 5.2038205653839516e-06 4.3939978195922815e-06 0.0 0.0 2.912519599920269e-06 0.0 0.0004325888438880335 0.0 0.0 0.0 0.0 0.0 0.001588223029201937 3.069417787666938e-05
0.008809207301710866 0.028804340611179625 0.005621604453978623 0.014009573917546326 0.02436157908174004 0.0019597819158934803 0.0 0.0075070113734766915 0.037715624230574715 0.02406622106251433 0.010088005521073867 0.008551013812744037 0.044061226007610525 0.07078258234687233 0.0011807165012561838 0.00025063282091671864 2.271476667132771e-05 2.9946617312480617e-06 0.0 0.0 9.375975041497894e-06 5.105964653387296e-06 1.5897090843960745e-05 1.3978589996993156e-05 0.0 0.0 1.364469047662686e-05 0.0 0.0 0.0 0.0028509847388717476 0.0020403397160450244 0.0012214203736321517 0.0 3.85580609572021e-06 3.003176205023412e-06 0.0003602577181070581 2.0089192228344008e-05 3.441174384621295e-05 3.970100119809603e-06 2.6888176304307266e-06 1.492684974392696e-05 0.0 1.7582630281216445e-05 3.905916775441765e-06 0.0 0.0068515244637516945 0.00012245860177966732 2.8983530248626348e-06 2.712481369599532e-06 3.334926103440193e-05 0.0 1.8025799408103388e-05 5.8429828263753414e-06 3.376505885592486e-06 3.124577710153425e-05 0.001899270875203652 0.006802310749531383 0.0002921886152757536 0.0018353275028893503 2.850390493160372e-06 4.055550255905313e-05 3.535274280230679e-06 0.0020829799343517314 7.634659663147082e-05 4.284268894301858e-05 3.470585609413961e-05 1.399099290925824e-05 6.954212300767271e-06 8.880795549393409e-06 0.0013396684425299973 4.8365386310813086e-05 0.0 0.005189136378879589 0.002234862981235917 0.004500510392043917 0.0016232297790969594 9.424661630894135e-05 0.00014569108370452482 0.00044975390636809055 1.825513179104479e-05 0.00013870919352090713 0.00022387388239390887 0.0 4.4932296875644e-05 2.38185671162728e-05 2.5100911888219537e-05 0.0 2.4181239649645202e-05 0.0 2.5174010615383382e-05 2.920337115261601e-06 1.9709666566240363e-06 3.6126968869844247e-06 0.0 0.004113853051597742 4.3603428549015586e-05 4.995905020267121e-06 0.00017944784601778583 0.0017250123938647457 0.0 0.0006030266489947159 0.0004600713888716094 0.0005448572216679515 0.00012503135393244206 0.0010004079644233119 0.0003589405715263705 0.000819354966912071 0.0022849638700601234 0.0012900522291288802 0.0003359416732203405 0.003837880764239018 0.0017783214672170084 0.001495976003485112 0.0013359452012974109 2.636492349492968e-05 0.0 0.0 0.0 0.0 0.0 0.0 0.0 0.0 0.0 0.0 0.0 0.0 0.0 2.4066824552716063e-05 0.0 3.105159290093633e-05 0.0 0.0 3.553898125563399e-05 4.354442206871383e-05 0.0 0.0 0.0 0.0003817184579961294 0.00022402287589386958 0.0009805631761461236 0.00036306652060616934 0.00011838438259722061 0.0 0.0 3.681086407085785e-06 0.0 0.0 2.3958718929948664e-05 4.415803564434267e-06 8.406623353072963e-06 2.526267488794795e-05 0.0 0.0 0.0 0.00012504018277447785 2.878932099121465e-06 0.0 0.0 0.0 5.0204152165068505e-06 3.7243580295164754e-05 0.00027244079076165433 0.0 1.3815219571075832e-05 0.0005323227442855474 8.351336862092613e-06 2.449865115485264e-06 2.253692793577996e-06 0.0 2.7429243455482956e-06 0.0 3.849116979245314e-06 0.0 0.0 0.000383403829615901 7.638203728368284e-06 0.0 0.0 0.0 0.0005953467732582758 0.0 0.0003836671057696324 1.444031022022824e-05 1.4185866909200506e-05 5.284407068642097e-06 6.2076885412096395e-06 5.888952183293187e-06 0.0 0.0 0.0 0.0 2.0515908503835984e-06 0.0 0.0 0.0 0.0004850651333989292 0.00018168328081656865 0.00035346119907411213 0.0066133571965028524 0.0002652029245901384 0.006134283783808647 0.0010279975222156755 0.003903770119460982 0.0004493832491335773 3.986411473903163e-06 0.0008888722291386723 0.0005082864241927262 0.0 0.00013156470525080895 3.4085655734905634e-05 0.0036124599331188645 1.3938822517330775e-05 1.590729338896435e-05 1.839746354752047e-05 3.162321925798694e-05 2.8627375645261518e-05 0.00972185416979169 0.0006981936650320775
0.0006276577386758261 0.005539836906224898 0.036761510687641295 2.42676008009556e-05 0.008255593804013812 1.189946739341268e-05 0.0075070113734766915 0.0 0.0332584948339537 0.00016395525616243455 0.03648899964810186 0.0004998209596500981 0.012223578974187344 0.07399658678232436 0.0015516802248200685 0.00046142869162841567 0.00011513740085671179 1.2200970138038898e-05 0.0 4.20720758995806e-05 9.708959124858834e-05 1.0152569504342252e-05 0.000583075759218741 0.0001909348588845443 0.0001881681143526621 1.8835111752914978e-05 0.00024181692146223662 1.0443457424625345e-05 8.605434641763783e-06 0.0 0.015242748826381379 0.050692317284515113 0.003898675578187944 8.212788958229268e-05 0.0003411756407122597 6.874122090871357e-05 0.00015938588633480344 6.084141204236397e-05 6.113786699709935e-05 1.9970891430224118e-05 0.0002017813098882839 7.395626355769251e-05 7.184987240274069e-05 9.040255259418485e-05 2.7102721587567153e-05 1.9976710927867445e-05 0.003412444033262129 4.9504086896701287e-05 4.18551005265059e-05 6.920584961740152e-05 9.835968029073082e-06 3.384618397539876e-06 7.026002388454553e-06 1.8435651605668178e-05 5.25185932033489e-06 2.8086340499427805e-06 0.0006944957029661842 0.005466539007922827 6.929010515410767e-05 0.0005600095199886824 7.362395293410659e-05 0.001068767351284631 0.0 0.004479148943043197 4.402835294647929e-06 4.905557856286225e-05 4.0453018295594796e-05 4.403749531452965e-05 0.00010384837408828072 0.0005684597998915918 0.00013381543502351582 1.3044215515005853e-05 0.0 0.00213774189020341 0.002325636256970352 0.00305895593559313 0.0024140304840407963 0.0019756558763504516 0.014182289668547282 0.03371758394855892 7.445407212019193e-05 0.0074922617320473004 5.468553088512403e-05 0.0 1.3507927228533672e-05 1.2042233117058307e-05 3.443085672053753e-05 0.0 1.4985176742395899e-05 0.0 1.4890564108574224e-05 0.0 8.91543173048973e-05 6.216022690150278e-05 2.36509328207818e-05 5.0538791808968215e-05 0.0 0.0 3.9717200954615564e-05 0.0003373512188022165 0.0 1.1379682110165432e-05 0.0 0.0 0.0 1.9846067016937233e-05 0.0 4.320846241501869e-06 1.8086822224950193e-05 0.0 2.2200911430490512e-05 6.987790157851189e-05 0.00010639571357839636 3.348163512885247e-05 4.3255314235017196e-05 0.0 0.0 0.0 0.0 0.0 0.0 0.0 0.0 0.0 0.0 0.0 0.0 0.0 0.0 2.902715226638332e-06 3.266782098001692e-06 0.0 0.0 4.894305746626966e-06 0.0 0.0 0.0 0.0 2.961256197663359e-05 2.097121902565416e-05 1.99981799849342e-05 5.618005970411341e-05 2.807659403054749e-05 1.8814507892889122e-05 3.779422399212219e-06 0.0 0.0 0.0 0.0 0.0 0.0 0.0 0.0 0.0 0.0 0.0 2.8811284657151955e-05 3.6581377346365974e-06 0.0 0.0 0.0 0.0 0.0 0.0 0.0 0.0 3.0310947806792435e-05 0.0 0.0 0.0 0.0 0.0 0.0 0.0 0.0 0.0 1.6164601178099753e-05 0.0 0.0 0.0 7.074855174011509e-06 1.580807051196659e-05 0.0 1.0892130417526434e-05 0.0 0.0 0.0 0.0 6.7445848909771565e-06 0.0 0.0 0.0 0.0 0.0 4.944698157582575e-06 1.0216264346121895e-05 0.0 2.733878225141509e-05 1.0698936698038385e-05 1.281168765134099e-05 0.0028390896804247534 0.00012437487551806797 0.002818105001257742 0.0005553236936707633 0.0002686732423443186 0.00011632640078539006 0.0 0.00032176103960567746 0.00010097072830912101 0.0 7.258124289623712e-06 0.0 0.0 0.0 0.0 0.0 2.221903887718027e-05 1.67400403820758e-05 0.00018104140757677423 1.214718326577972e-05
0.0005170879860962448 0.029647729009912954 0.03245500567792783 0.00011757845818630733 0.09942188834741957 7.474081640149521e-05 0.037715624230574715 0.0332584948339537 0.0 0.001223821549989458 0.040799541684474215 0.00021784574445292025 0.010714214545103828 0.01912946501412157 0.0002714559009008185 3.447024582125553e-05 0.0 0.0 0.0 0.0 0.0 0.0 0.0 0.0 0.0 0.0 0.0 0.0 0.0 0.0 0.00313911105495461 0.0009600205082285275 0.0005304919245996856 0.0 4.931354035589375e-06 0.0 0.00013134832323992977 2.8403045149812592e-05 1.3711590484957147e-05 3.232087465043955e-06 0.0 5.058326386334094e-06 0.0 4.168096114525643e-06 0.0 0.0 0.001269766028649631 9.937367058764371e-06 0.0 0.0 5.810930739745981e-06 3.6501705100969008e-06 0.0 0.0 0.0 2.4384297331308484e-06 0.00026329877813905116 0.0013079974675116624 4.0842072495467196e-05 0.0002799616306904016 0.0 1.4785684497942053e-05 0.0 0.0005441848201748169 6.382248413695598e-06 9.953558182264025e-06 5.4799279133908004e-06 6.2631401123749654e-06 0.0 4.847411182651997e-06 0.00012853363702192987 0.0 0.0 0.0007761017431312329 0.0005472461151330249 0.0008818023899597713 0.00035265160857761137 2.9168834651315055e-05 3.3759041851631644e-05 0.002209837137666762 0.0 6.683867135574218e-05 2.9727516321462888e-05 0.0 2.3557340357235902e-06 5.047243694425896e-06 2.294194079929972e-06 0.0 2.3145073651404376e-06 0.0 0.0 0.0 0.0 0.0 4.114466110554485e-06 0.0002922711932693044 0.0 0.0 2.5398723069321523e-05 0.00011039075807217709 0.0 1.6628946471062e-05 1.1061550695324787e-05 1.7771483276197753e-05 0.0 8.645971176104234e-05 1.2025161214969677e-05 7.455501402095259e-05 7.260854176845877e-05 0.0001149963067805005 3.0578561526608514e-05 0.0005986108477464577 0.00023005823504014357 0.00019587557721996335 0.00018256875429442456 0.0 0.0 0.0 0.0 0.0 0.0 0.0 0.0 0.0 0.0 0.0 0.0 1.0086917283226464e-05 0.0 0.0 0.0 0.0 0.0 0.0 0.0 0.0 0.0 0.0 0.0 6.218273149983193e-05 4.818143476550763e-05 7.5962902905258e-05 7.731627068949166e-05 2.4248185560373862e-05 0.0 0.0 0.0 0.0 0.0 0.0 0.0 0.0 0.0 0.0 0.0 0.0 2.337414346420462e-05 0.0 0.0 0.0 0.0 0.0 0.0 0.0 0.0 0.0 8.159662511990726e-05 0.0 0.0 0.0 0.0 0.0 0.0 0.0 0.0 0.0 4.565698267445621e-05 0.0 0.0 0.0 0.0 7.655592525454858e-05 0.0 4.096080262840491e-05 0.0 0.0 0.0 0.0 0.0 0.0 0.0 0.0 0.0 0.0 0.0 0.0 0.0 3.8600540047351866e-05 2.320345771202909e-05 3.745787479972528e-05 0.0011918611527691658 1.4378143844089846e-05 0.0010120719929408689 0.0002615100119986277 0.000265781878064889 0.00010341942986197596 0.0 0.00019270598881816523 6.797859593539988e-05 0.0 2.8846927869488933e-05 1.0296195160992267e-05 0.00022320645141460908 0.0 0.0 0.0 1.5477955202167117e-05 0.0 0.0005139744988477175 0.00012468660670675742
0.016959283751384075 0.022735334888772916 0.0009396254190484396 0.019490389933695937 0.0010867089065263473 0.013432239732017319 0.02406622106251433 0.00016395525616243455 0.001223821549989458 0.0 0.0003649322741228078 0.02512959870262778 0.14320131611147635 0.02245794736877783 9.900812389033646e-05 1.6007626767104408e-05 1.2342863926676886e-05 0.0 0.0 0.0 0.0 1.4363015003158053e-05 0.0 0.0 3.5555702994013905e-06 0.0 1.2078595396782634e-05 0.0 0.0 0.0 0.0003289481101410409 4.8036782832299485e-05 0.004561312017445525 0.0 0.0 0.0 0.0009679102284636237 1.242631322355102e-05 7.570970190684676e-05 3.903680612732015e-06 1.360144157377775e-05 0.0 4.370917335668864e-06 0.0 0.0 0.0 0.0005545814009331914 9.732262298582801e-06 0.0 0.0 1.0064611033793042e-05 3.742512617578481e-05 1.7526650411346903e-05 0.0 8.11800002129678e-06 6.032738708898966e-06 0.0008763864017711387 0.0017111164974595453 8.646094480895459e-05 0.0003191944274250887 0.0 1.562922908274428e-05 0.0 0.00012817114472916762 1.4671825704391365e-05 1.555099876222833e-05 4.787070584936982e-06 5.26512974581694e-06 0.0 8.16134472961038e-06 0.002289967040293021 0.000881450358360363 3.7646879188396624e-05 0.0011926499086302798 0.00021562163343891787 0.00037673325370928126 7.97938271637608e-05 4.1822862724668455e-06 0.0 9.92071670071952e-05 0.0 0.0 4.8768943984079806e-05 1.3485838278527413e-05 1.2753353072659474e-05 6.3193633912927616e-06 0.0 1.5738816426508712e-05 1.2424580302731693e-05 1.76742371501905e-05 1.2472940795594166e-05 0.0 0.0 0.0 0.0 0.004212915218824197 0.0007670549278716273 0.00026507896958512163 0.0005686408808525072 0.011876528429110187 1.7438283241003e-05 0.0007573108985563896 0.0003885386323457857 0.0008238596469950219 0.00020291636249687017 0.0012753176059956536 0.0005387215626228098 0.0009909288544834428 0.0025554452261952183 0.0014434886432843114 0.00016774114848364138 0.0039909899292472515 0.002459959379678968 0.0019416660688240175 0.0009067715295381941 2.6384090062426655e-06 1.3039820676203788e-05 0.0 0.0 0.0 0.0 0.0 0.0 0.0 0.0 0.0 0.0 2.3568107206953454e-05 0.0 0.0 0.0 1.857253824277718e-05 0.0 0.0 3.509676828833882e-05 2.327717906943142e-05 0.0 2.706675600563427e-05 0.0 0.0002248042955831411 4.232209826218517e-05 0.00046959016058928767 0.00012667847874741863 8.793366114513526e-05 0.0 0.0 0.0 0.0 0.0 0.0 0.0 0.0 2.7184518398099844e-06 0.0 0.0 0.0 3.116928896654189e-05 0.0 0.0 3.5438201276636348e-06 0.0 5.708686726913994e-06 1.2949539291623132e-05 0.00020528991024270748 0.0 0.0 0.00032036796751021924 2.208846150367155e-06 0.0 0.0 0.0 0.0 0.0 0.0 0.0 0.0 0.0002295632374731409 1.9827570877130265e-05 6.103788883614302e-06 0.0 0.0 0.00036464524326735676 0.0 0.00023267936326732886 1.6378444028327647e-05 9.880481985176446e-06 7.985665091277866e-06 0.0 2.451241134629165e-06 0.0 8.197524199874771e-05 0.0 0.0 0.0 0.0 0.0 0.0 0.000320655803131572 0.00016663383566297487 0.0001376623821669114 0.0037875944655208333 5.150681380177054e-05 0.0007258533739017204 0.00010967338212502514 0.013343999666256759 0.00010719962228444897 0.0 8.9155750386197e-05 0.0007042994997308414 0.0 5.2391453877366064e-05 7.1601197212359945e-06 0.006053294935290123 6.364637053145351e-06 0.0 2.9518046832768104e-06 0.0 0.0 0.024490919322233594 0.0010921853170105414
0.0025668160609339397 0.02295004959378453 0.05248318073689397 6.762858298871283e-05 0.02048072860061903 0.0001250926298441643 0.010088005521073867 0.03648899964810186 0.040799541684474215 0.0003649322741228078 0.0 0.0024315798056045875 0.034585552490364664 0.08081270226778227 0.002515999722799944 0.0008078223605406016 0.00021986844690261744 3.3617383681267866e-06 3.1425422033289553e-06 4.100182589661727e-05 7.869941228535286e-05 3.2320885178512576e-05 0.0005465544807455333 0.00022148994975684322 0.00028691504812165564 1.9998141241625482e-05 0.0003852644073212808 2.9666744493876914e-05 8.37955104498274e-06 7.851502066659509e-06 0.022537711911474797 0.01587383636510124 0.010230540695922996 3.277636583399078e-05 0.000280390071674816 0.00010037718313572417 0.0022311517125279704 0.00044288849120416963 0.0005963658178724846 0.00011725490228712312 0.0003511879663875679 8.829297543377527e-05 5.645493463589236e-05 1.6390616796916483e-05 1.0899684941603687e-05 0.0 0.00560876579319364 6.539102362479431e-05 1.7268076937272862e-05 1.8387903846655552e-05 3.475740175021397e-05 7.949919461846545e-05 1.4587263379637408e-05 2.907176181738974e-05 0.0 1.5395300774806104e-05 0.001010520026745581 0.005469512646987303 0.00012773950700066102 0.000898757299889756 0.0 0.0032670735156946095 4.647057110140618e-06 0.003057865114156607 2.062678448373824e-05 3.3851588245842124e-05 5.086725968590128e-05 3.0278510813813388e-05 0.00010685691708380756 0.0005460396352341478 0.0015459833377468354 1.2197102124010824e-05 2.569044797140982e-06 0.0028617023125752086 0.002151159212835521 0.003826057279422531 0.002391483216905625 0.00032230965222678756 0.005397795896593322 0.015459704048513745 1.256747025763897e-05 0.0022515197856198777 5.186562463795868e-05 0.0 2.143925546101772e-05 1.380920993643374e-05 2.171838015475251e-05 2.242988901737109e-06 6.806961407453056e-06 0.0 6.882766691629252e-06 1.9151148502347277e-05 0.00015489531892317628 5.563268644775934e-05 3.845262356926125e-05 0.0006219720010424841 2.8916906075809222e-05 1.2148660143863164e-05 0.0005336387889981126 0.0007756706355964839 0.0 4.8718810774282e-05 1.8103600393801525e-05 0.0 1.443013041586236e-05 0.0001783914781213471 7.7438307058481e-05 4.88066549099582e-05 0.0002575629708854725 0.00015379337394582049 9.546387211167893e-05 0.0006674278206672978 0.0004726931180803018 0.00037213723122255036 0.0004334599402293715 0.0 3.0580923183948676e-06 0.0 0.0 0.0 0.0 0.0 0.0 0.0 0.0 0.0 0.0 5.5627679717353286e-05 0.0 3.374797937362365e-05 2.9936939907759307e-06 2.280745287834792e-05 3.5920711285666855e-06 2.016725325744577e-05 1.8058761962487638e-05 1.0040786636229932e-05 0.0 5.4085587380629144e-06 2.4734940277885142e-05 0.00013843133051144322 0.0001777320870102909 0.00039073762421980496 0.00029512859040562204 0.00011317410916532038 0.0 0.0 0.0 0.0 0.0 1.5042521261090477e-05 0.0 0.0 6.171253196658539e-06 0.0 0.0 0.0 5.150902174924459e-05 3.3041736021445998e-06 0.0 0.0 3.0155629040560428e-06 8.842195843590564e-06 6.831172606418976e-06 0.0 9.31165946453291e-06 0.0 0.0003617716139480549 3.6169418060266657e-06 0.0 0.0 0.0 0.0 0.0 0.0 0.0 0.0 0.00015836421201851516 0.0 0.0 3.6959731023380855e-06 9.264176170714582e-06 0.0002062028413561262 0.0 0.00010234143940916583 0.0 0.0 0.0 0.0 4.054286802918156e-06 0.0 0.0 0.0 0.0 3.792223693760435e-06 3.7048651128119844e-06 6.657253051334182e-06 0.0 0.00014654049284712288 0.0002114521794135339 0.00020413423250738785 0.007169156187820944 0.00023563189354539833 0.0053878656713581725 0.0015457527603139785 0.001187946908287964 0.00032557966770657546 4.4517571022516144e-05 0.0008318747466834147 0.0001908587295462805 0.0 2.026966972011385e-05 9.392404520570757e-06 0.0003056966037776723 1.0835438849920642e-05 0.0 0.0 6.340638584422904e-05 5.510740424702615e-06 0.0007941123711649896 0.0002327344183512642
0.0019000081578418341 0.006417364309387002 0.0009024522300811804 0.010629828528303598 0.00024738716718734075 0.0020025546457912717 0.008551013812744037 0.0004998209596500981 0.00021784574445292025 0.02512959870262778 0.0024315798056045875 0.0 0.024192424209503464 0.005483865305103909 0.00043660773657282236 0.00018887705794500828 0.00010665163166189294 3.950251754303765e-06 0.0 5.132810397346097e-06 4.566500296048394e-06 1.0609222566032124e-05 2.1267806212986675e-05 2.9271088139412762e-05 9.352716506803541e-05 7.531893773735421e-06 3.213469073253065e-05 8.340228692247703e-06 9.379422353728032e-06 5.218197280779095e-06 0.0003945874861654972 0.00010842939154421838 0.005945498222819529 0.0 4.7715771357803104e-05 6.059043941588848e-05 0.003221559352015849 0.00024828987238343373 0.0006235941324226694 4.5037222599236016e-05 4.331449148066336e-05 1.3861564569639086e-05 0.0 8.117100923860749e-06 0.0 0.0 0.0006907059070460624 0.0 5.2947351082761185e-06 2.842240080150101e-06 1.0706593344423948e-05 4.043869906347834e-06 4.153936277434743e-05 3.9382554151626215e-05 0.0 0.0 7.492130463189955e-05 0.0001464909953223741 4.279529176883757e-05 6.938136291218033e-05 0.0 0.0002658137128520912 0.0 0.00011655778656369357 0.0 8.069187874101688e-06 0.0 1.4893368787227134e-05 0.0 4.7409133229718497e-05 0.002783171684882606 6.146319224423552e-05 3.246835610855295e-06 0.00020123725171156283 2.420576353237986e-05 0.0002071820603757097 9.534129312580605e-05 4.01621042656906e-05 5.404947187893645e-06 0.0004548083697938718 0.0 1.1102885173375681e-05 0.0 0.0 2.3630706286893028e-06 2.3129342604695757e-06 0.0 0.0 3.0446993461428455e-06 0.0 0.0 0.0 1.6637369771724986e-05 3.6316867513038065e-05 1.078788017509948e-05 0.00879222724716296 5.8059369799258714e-05 8.326772551557552e-06 0.0009936847544684284 0.0007002838357954864 8.81012185856932e-06 0.00015106434665666045 0.00011900626829038384 0.0005667023168673442 5.417620292624752e-05 0.0006513436352271121 0.00018886119719244005 0.0007286449305749764 0.0009017027171911308 0.0006655867188442007 0.00020886016994127275 0.002700838685065534 0.0013923068807892172 0.0010246294907971807 0.0007182836020163069 2.8892904596057893e-06 0.0 2.6349580302431174e-05 0.0 0.0 0.0 0.0 0.0 0.0 0.0 0.0 0.0 2.995058681713261e-05 0.0 0.0 2.919855350640139e-06 2.3418299044702336e-05 0.0 0.0 3.3559034152722664e-05 0.0 0.0 0.0 1.0302228167956468e-05 0.00041678700789034875 0.00014955849384232925 0.0006388359557912149 0.0003250190876143003 0.00014769426710684025 0.0 9.77456746496627e-06 3.8632481799775955e-06 0.0 0.0 3.351369311120273e-05 0.0 0.0 3.0299669924410412e-05 0.0 0.0 0.0 8.174966413720719e-05 3.1508025294215676e-06 0.0 0.0 0.0 7.586566899181543e-06 1.4688546389963999e-05 8.828640275778799e-05 0.0 0.0 0.00043841112220600507 8.099837831966052e-06 0.0 0.0 2.6051758803817626e-06 0.0 0.0 0.0 0.0 0.0 0.00030492511795698077 2.7044591464063714e-05 7.697472568249719e-06 0.0 0.0 0.0005458296738738812 0.0 0.00027044147221494505 7.962781271758487e-06 8.830086454001315e-06 5.810695753156145e-06 0.0 2.2892259033273056e-05 0.0 2.9592469359833647e-05 4.591087557782639e-06 0.0 0.0 0.0 0.0 0.0 0.00039207104972812116 0.00025975574172114324 0.00023344986618712302 0.0019274626813062562 3.6412929441391855e-05 0.0010212084183151198 0.0004720361766412763 0.001576716181656168 5.3297231375728176e-05 3.376409953791113e-05 0.00016410197307188513 0.00027470740086914524 3.991419888800917e-06 3.4749600869228e-05 4.7285886553454596e-05 0.0017087849828346844 5.685792800444516e-06 0.0 0.0 1.8328810404470654e-05 0.0 0.006057352171637979 0.00055906848376321
