0.0 0.09896848684669703 0.012440537536063872 0.03757638057708583 0.013453504156756583 0.002374612267182703 0.022158173162007428 0.002235372303290942 0.0051279151000983465 0.012338038451393116 0.005536362777196046 0.0025034712473742506 0.0042013470032019875 0.0069541363368847324 5.655611876597169e-05 4.80500833786979e-06 0.0 0.0 0.0 0.0 0.0 0.0 0.0 0.0 0.0 2.4068684989197715e-06 3.4221970549626624e-06 0.0 0.0 0.0 0.027868149198019374 5.2841164381676495e-05 5.6919313825827584e-05 0.0 0.0 7.568159944481767e-06 4.004888210893776e-05 5.761545717856818e-06 0.0 0.0 2.6214109382830387e-06 2.189480505790324e-06 0.0 0.0 0.0 0.0 0.0003943815203426244 2.545328841136057e-05 2.8349759436526457e-06 0.0 1.8374562349742318e-05 0.0 0.0 0.0 3.656761922579162e-05 7.087373387553739e-05 0.0008811884996802843 0.014360727285279859 9.864120426140673e-05 0.00046290890276013086 0.0 5.035159617074549e-05 0.0 0.00011556144219283896 0.00011584901601302188 4.421210425341643e-05 1.4918775385068927e-05 2.300355643657889e-05 5.5806574910767885e-06 5.7046863578151135e-06 0.0007295394426742319 0.00010443105401086489 1.6883802922928466e-05 0.005147972081287802 0.0007494804261830718 0.00048041962881343816 7.03852947156474e-05 7.469139587128767e-06 1.6573942546086085e-06 0.0002253381239659263 5.114853397282633e-06 2.0069462619660455e-05 0.0001682848645268265 5.546320818761749e-06 8.763854084476301e-05 6.326262234205947e-05 1.5645553596881546e-05 6.935542825073994e-06 5.127634669963321e-05 0.0 7.0817178134247485e-06 0.0 0.0 9.684932403707595e-06 2.268860127035202e-06 0.005525365747408659 0.00010343479929437957 2.1747781696276993e-05 0.0 0.030921394446616766 0.0 0.0 0.0 0.0 0.0 3.443254880789441e-05 4.377751692935895e-06 0.0 2.783332850827688e-06 8.985601205730892e-05 0.0 2.0104606111036204e-05 5.2907176891641146e-05 1.9149213443505985e-05 0.0 0.0 0.0 0.0 0.0 0.0 0.0 0.0 0.0 0.0 0.0 0.0 0.0 8.718760360542414e-06 0.0 0.0 5.80817940459263e-06 9.28094824225904e-06 0.0 0.0 0.0 0.0 0.0 0.0 0.0 2.873101784056372e-06 0.0 0.0 1.4513340920861431e-05 0.0 0.0 0.0 0.0 0.0 0.0 0.0 0.0 0.0 0.0 0.0 0.0 0.0 4.210989775973305e-06 0.0 0.0 0.0 0.0 0.0 0.0 0.0 0.0 0.0 3.1135219741824765e-05 0.0 0.0 0.0 0.0 0.0 0.0 0.0 0.0 0.0 2.7468494483460612e-05 0.0 0.0 0.0 0.0 0.0 0.0 0.0 0.0 0.0 0.0 0.0 0.0 0.0 2.0602355234929727e-06 0.0 0.0 0.0 0.0 0.0 0.0 5.2872435141560837e-05 1.770360600752134e-05 5.3903590545415116e-06 0.004876398112306609 0.00017884319039305333 0.0018842914975661601 0.000510483817180937 0.006083843330936252 2.7412565695177656e-05 6.187566701200313e-05 0.0002083892915783626 9.047631335673886e-06 0.0 0.0 0.0 0.0003340147778639454 0.0 0.0 0.0 9.302141225444264e-05 0.0 0.0033321512563136155 4.893596843249034e-05
0.09896848684669703 0.0 0.06486633329047489 0.04014697983593677 0.11408744458973535 0.007040614291410981 0.09822210553597552 0.006860093981857177 0.03737161991222381 0.017619487811450386 0.031217927446046085 0.0006590801271628114 0.02920639239308938 0.016903726240891318 0.00027079235679816307 2.821429026981737e-05 0.0 0.0 0.0 1.973971551789107e-06 0.0 2.714818746801696e-06 0.0 0.0 0.0 0.0 0.0 5.411702906824775e-06 0.0 0.0 0.05164458189840821 0.00014851431820809153 0.00011183464076257282 1.931905643867109e-06 0.0 4.123180867094354e-06 2.0703992142894453e-05 2.4615225585841305e-05 0.0 0.0 2.782828133941589e-06 1.0945314050514589e-05 5.708916546548263e-06 8.210778587087966e-06 4.608933562164535e-06 1.980446578066731e-06 0.001746223311574226 5.170902601793828e-05 4.963514311970188e-06 6.7256206380950305e-06 2.4005772817965792e-05 2.569265858410908e-06 0.0 2.6341871910932557e-06 7.156661052102843e-05 0.00010770507601548946 0.00048326815977228386 0.014412152580029218 9.875582837806765e-05 0.00186389703002992 2.9004893480667618e-06 7.440183685157379e-05 4.877568518159061e-06 0.0012876810966215165 0.00018839513338540176 7.32317581248212e-05 5.9816045550611044e-05 4.347859516875562e-05 1.0959418976593765e-05 2.0675125157843236e-06 8.380141160933422e-05 3.930751487960953e-06 7.359908722241692e-06 0.007393400151648201 0.0028339469199496806 0.002214463522878145 0.00036491676775071534 4.354319984012242e-05 2.5050810362711243e-05 0.0005071903385526742 1.1040857654678352e-05 6.707240132127654e-05 0.00032610732775577804 1.3961363395021162e-05 0.00012928645992498522 9.097518762924355e-05 2.2630217901900356e-05 3.7403849571102123e-06 7.250668287752598e-05 0.0 1.5276147091862217e-05 1.7900552511790684e-05 2.476923445362456e-06 1.2954047826175944e-05 9.3789029008264e-06 0.000411277456034665 3.476318720207354e-05 0.0 0.0 0.04053689857617018 0.0 0.0 0.0 0.0 0.0 5.2769699170112474e-05 1.0916552164262067e-05 0.0 8.43974200721509e-06 7.150920185673148e-05 0.0 6.303811417071927e-05 7.023223962325378e-05 8.512829016085769e-05 4.1275598320490365e-06 0.0 0.0 0.0 0.0 0.0 0.0 0.0 0.0 0.0 0.0 4.477029261778926e-06 0.0 0.0 0.0 0.0 0.0 2.3276499533373706e-05 2.666792690555288e-06 0.0 0.0 3.1042854731776306e-06 0.0 0.0 0.0 2.1088363624912755e-05 0.0 2.8887393630354582e-05 6.1348910771326784e-06 5.4688300943967834e-06 0.0 0.0 0.0 0.0 0.0 0.0 0.0 0.0 0.0 0.0 0.0 0.0 0.0 0.0 0.0 0.0 0.0 0.0 0.0 0.0 0.0 0.0 0.0 0.0 0.0 0.0 0.0 0.0 0.0 0.0 0.0 0.0 3.6556258546122866e-05 0.0 0.0 0.0 0.0 0.0 0.0 0.0 0.0 0.0 0.0 0.0 0.0 0.0 3.4572478834726023e-06 0.0 0.0 0.0 0.0 0.0 0.0 7.738589066396086e-05 3.526051244264475e-05 4.997141681137307e-05 0.003306915843474949 0.00020500340062284313 0.004509186798919419 0.0010823922708650417 0.0028123439648529815 0.0001257676905715564 5.6517122561923346e-05 0.00033912119363241946 3.307815181174974e-05 0.0 2.013038125018692e-06 2.7772459166508804e-06 7.753035919966666e-05 3.2162910676764963e-06 0.0 0.0 0.0004550161884741502 4.5377514955603495e-06 0.0011251421608590177 5.071412257172195e-05
0.012440537536063872 0.06486633329047489 0.0 0.0003124287256265688 0.02607756665054648 3.1304037227499536e-05 0.001197901497153854 0.1047531143125251 0.02383466464770839 0.0001301840993618828 0.0849105868138539 0.0009265334505389827 0.0036519838113442424 0.017660688402441647 0.00025731781058373595 0.00014415391327661858 4.684515067515354e-06 1.3904149762549793e-05 2.7731529781526835e-06 2.6203624981457293e-05 1.233811138753289e-05 4.562181734066263e-06 2.012225846280129e-06 0.0 2.873315621439004e-06 4.3767179939287914e-06 0.0 2.8349829199076832e-05 5.216136639448573e-06 0.0 0.20146698573982003 0.006277241250248089 0.0006004289163183738 9.582596202004345e-06 1.9115487800137484e-06 1.0390990228116383e-05 9.928174428332758e-05 7.070451085712421e-05 7.075119489422247e-06 5.00983831364548e-06 2.546621556360037e-05 9.660818371544088e-05 7.200220818880442e-05 3.1210008077309506e-05 1.4428087444533788e-05 2.6693502766461926e-05 0.0011376264837844113 4.56116973727863e-05 2.9050269924919725e-05 0.0001023322429818338 2.0549204664386078e-05 4.51146708979199e-06 0.0 4.5360333046080216e-05 2.482991801468785e-05 0.00010259794760739768 0.0005892479719744408 0.022338669469755764 5.9131944427324696e-05 0.0007047339865945128 9.160192406897124e-05 0.00023514384400761946 7.797277752166e-06 0.004915946829535862 8.718043322850868e-05 9.80559910982854e-05 4.877746973796041e-05 7.713810925084671e-05 0.00020804798800681029 0.00015291393257436457 0.00012082402203692931 1.6664824950281638e-05 0.0 0.0055575893636368575 0.001831424989511541 0.0011759310866286809 0.0003020174869698676 7.733198241145718e-05 0.0004322124398680094 0.0111801461297794 0.00029682930509429523 0.0008207200126166608 0.00020875900958833488 1.0218898452306133e-05 8.93373317417833e-05 4.8780222780518504e-05 7.238014786699477e-05 1.780990441876972e-06 4.2901197989456035e-05 0.0 3.076522935459044e-05 6.3072702443188755e-06 0.00031367801138808304 0.00017234238943125165 5.729685555416544e-05 0.00013715438348206393 3.815634453384397e-05 2.1262851895985662e-06 0.0 0.008480376969514326 0.0 0.0 0.0 0.0 0.0 2.926373984090005e-06 0.0 1.2638930992821503e-05 0.0 3.333956285565427e-05 2.319507586940322e-06 4.064598857363407e-05 6.177174871698384e-05 4.489868012734804e-05 1.7886669460953203e-05 0.0 0.0 0.0 0.0 0.0 0.0 0.0 2.3698301960131036e-06 0.0 0.0 5.302541046199472e-06 0.0 1.0171066821254431e-05 0.0 0.0 0.0 7.132317197833206e-06 9.323948665040453e-06 0.0 3.394496469421951e-06 0.0 0.0 0.0 0.0 9.740784453185162e-05 2.8547628474695496e-05 5.273396906668282e-05 3.7038513104265544e-05 5.280480034898485e-05 0.0 6.682172673387274e-06 0.0 0.0 0.0 0.0 0.0 2.678935620734392e-06 0.0 0.0 0.0 0.0 1.373801328201697e-05 6.752387618722633e-06 0.0 0.0 0.0 0.0 0.0 0.0 0.0 3.992153148319818e-06 1.1554334745550994e-05 5.633727834687524e-06 0.0 0.0 0.0 0.0 0.0 0.0 6.2428916946098905e-06 0.0 0.0001621406838078245 7.5360769058588585e-06 0.0 1.900659907506262e-06 2.5708361224249276e-06 0.0 0.0 0.0 1.8173450717900923e-06 0.0 0.0 0.0 0.0 0.0 4.256134335574323e-06 0.0 0.0 0.0 0.0 2.3686850285831388e-06 0.0 0.00017353880018429612 8.78710838420123e-05 0.00012074313084320734 0.001617403314392505 0.00012927359692396022 0.002533501742173988 0.0006530450934419782 0.0004861332769291358 6.556511817943629e-05 4.113352749330895e-05 0.00021643787117425463 9.836032173140756e-05 2.2447130334891294e-06 3.429979522428701e-06 7.261717932607128e-06 2.7354481699061667e-05 4.1429397445649396e-06 0.0 1.3575746196505749e-05 0.00022393453269413223 0.0 0.0003211169042082405 2.400879914773205e-05
0.03757638057708583 0.04014697983593677 0.0003124287256265688 0.0 0.00293512108154353 0.008768350269624463 0.04811510173152395 2.618326978583883e-05 0.0008668360152764974 0.038519365205522904 9.649484626286095e-05 0.005594135921093722 0.014561764747094284 0.000335693016258656 1.956527668723429e-05 0.0 0.0 0.0 0.0 0.0 2.2400368194068193e-06 0.0 0.0 0.0 0.0 0.0 2.1231570975034188e-06 0.0 0.0 1.9947328867768484e-06 0.0017925510237072502 2.9169787884488554e-06 1.4799410751453175e-05 0.0 0.0 0.0 3.362318341409744e-06 0.0 3.143633371474435e-06 0.0 0.0 0.0 2.3286385948364036e-06 5.8725568926975895e-06 1.6746897557628208e-06 0.0 0.00028963421161054564 1.1621016217710518e-05 1.5953635180347413e-06 0.0 6.227842850892772e-06 0.0 0.0 0.0 1.4823641256744247e-05 3.666300935234458e-05 0.00019172292320748297 0.004068340380360035 4.3264527873023414e-05 0.0004030409308200774 5.677921652053283e-06 6.677488118130462e-06 0.0 0.0001307397371467513 3.9419491507484225e-05 1.5816525987073923e-05 2.12018281666605e-05 4.010465514474415e-06 0.0 0.0 0.00016349175100710886 3.5595619431489995e-05 1.1213696648066066e-05 0.002435708679530908 0.0007723005503346484 0.00040396938710530875 3.951086907412964e-05 0.0 1.7242161618151659e-06 2.5345700151219075e-05 0.0 2.414794434587209e-06 0.00011612826837420835 9.418485565270946e-06 3.296742484347285e-05 3.3215618007291826e-05 9.60316083693161e-06 2.3342734373553197e-06 1.9375019501598358e-05 5.848064777842661e-06 6.085512385697839e-06 0.0 1.5009201906163633e-06 0.0 0.0 0.0019420079742541222 0.00013850809999002713 9.436788680304737e-06 0.0 0.023717165645616985 0.0 0.0 0.0 1.2653315120759845e-05 0.0 1.0092000676513027e-05 2.8977017882120132e-05 0.0 1.2671058922128992e-05 3.146393496447967e-05 0.0 0.0 3.106786035966499e-05 5.806400156242962e-06 0.0 0.0 0.0 0.0 0.0 0.0 0.0 0.0 0.0 0.0 0.0 0.0 0.0 0.0 0.0 0.0 0.0 0.0 0.0 0.0 0.0 0.0 0.0 0.0 0.0 3.259210808551838e-06 0.0 0.0 6.5005866694459034e-06 0.0 0.0 0.0 0.0 0.0 0.0 0.0 0.0 0.0 0.0 0.0 0.0 0.0 0.0 0.0 0.0 0.0 0.0 0.0 0.0 0.0 0.0 0.0 0.0 0.0 0.0 0.0 0.0 0.0 0.0 0.0 0.0 0.0 1.7949790464863055e-06 0.0 0.0 0.0 0.0 0.0 0.0 0.0 0.0 0.0 0.0 0.0 0.0 0.0 2.4727839479447773e-06 0.0 0.0 0.0 0.0 0.0 0.0 0.0 6.104792783067568e-06 0.0 0.0012190536824413349 4.685179161497486e-05 0.0009994241215078156 0.00028326204384380624 0.011008661556136487 1.7209394754877486e-05 2.751044816467117e-05 0.00013754530066285652 2.4291233591161336e-06 0.0 0.0 2.727346887584973e-06 5.077244891687159e-05 0.0 0.0 0.0 3.200436314844978e-05 6.580859099677699e-06 0.003553894492552441 1.492820182220002e-05
0.013453504156756583 0.11408744458973535 0.02607756665054648 0.00293512108154353 0.0 0.0015145070662145176 0.03644851306136336 0.0104802268150009 0.0625533246823289 0.018217595126850335 0.018421175457587376 0.0019467638858322552 0.02296430565063369 0.012410209843927615 0.0006358076503504125 6.798788101385204e-05 6.615324529395471e-06 9.848605659581767e-06 6.325177381050502e-06 5.976965345462029e-06 4.383771594401265e-06 0.0 0.0 0.0 3.674257945568348e-06 0.0 0.0 0.0 0.0 0.0 0.0077374868675407805 0.00046121766911886506 0.0001288176825816262 0.0 0.0 3.42511676935303e-06 2.5604502985686376e-06 2.7093751901627186e-05 0.0 0.0 0.0 0.0 0.0 1.2055906705546638e-05 2.689850730027123e-06 4.190956246375099e-06 0.0046790691064949146 5.3698858085552205e-05 2.2866798027607552e-05 1.166227257673288e-05 1.600225634147995e-05 0.0 0.0 0.0 3.4865887837273575e-05 8.473832432893125e-05 0.00022009661453525352 0.006090479282280241 0.00011861735628514588 0.0031792916593632054 1.201979078488193e-05 0.00013913501038115758 0.0 0.002299229254941563 0.00015748627294902528 7.615007620257929e-05 7.996817300100758e-05 5.890522235661452e-05 2.1305946953183223e-05 0.0 0.00016023625899746447 6.055729084713386e-06 0.0 0.005995828242327836 0.0039926423222613515 0.003777320605485628 0.0009586966246452045 5.650614148152322e-05 5.473211455543411e-05 0.00021785712550352466 9.728667153160428e-06 5.8814069850022884e-05 0.00040439738353659194 1.0125268313572627e-05 0.000122984034689789 8.57140961539994e-05 3.957131711075659e-05 2.068040739616739e-06 9.421973374307841e-05 8.952854361275515e-06 3.568489487050374e-05 6.635613147275652e-06 1.02155694137344e-05 9.326114792229196e-06 4.820395226640728e-06 0.0014032361688868767 7.26005248820918e-05 4.642933099372064e-06 2.200815100331536e-06 0.004883516715551961 0.0 0.0 0.0 0.0 3.799940336407973e-06 9.105580113768354e-05 6.028219587897581e-05 6.82752109684241e-05 5.127145801308772e-05 0.00030314634421887293 4.570690642002376e-05 0.00013021917293905044 0.00024297717352923527 0.00017672333427744377 8.850404021973566e-05 4.865286366194669e-06 0.0 0.0 0.0 0.0 0.0 0.0 0.0 0.0 0.0 4.210664015194657e-06 0.0 4.0951302555400895e-06 0.0 0.0 0.0 3.622866604555564e-06 0.0 0.0 8.834920466573058e-06 0.0 0.0 0.0 0.0 3.589987878548462e-05 2.1403625139730326e-06 1.2930946715912146e-05 9.597990218688037e-06 8.556913063595112e-06 0.0 0.0 0.0 0.0 0.0 0.0 0.0 0.0 0.0 0.0 0.0 0.0 6.632760010623562e-06 0.0 0.0 0.0 2.5670155611885798e-06 0.0 0.0 0.0 0.0 0.0 4.6291738012326166e-05 9.702621911613636e-06 0.0 1.9267862859322805e-06 0.0 0.0 0.0 0.0 0.0 0.0 0.0001781861968736296 0.0 0.0 0.0 0.0 1.65310316013584e-05 0.0 8.051179464154937e-06 0.0 0.0 0.0 0.0 0.0 0.0 0.0 0.0 0.0 0.0 0.0 0.0 0.0 0.0005480376577518949 4.299766837393559e-05 0.00010343609323803107 0.009007713120186696 0.0003247256102283344 0.008954109580948567 0.00236334622905802 0.004000022716908165 0.00035203020123950464 7.281236356765539e-05 0.0012274348721334001 0.00021039788173416466 1.8991111788882248e-06 1.251980446182329e-05 2.5703059270421752e-06 0.0003893129099617956 0.0 0.0 0.0 0.0002007487070355915 0.0 0.002892460633053769 0.0002539527348016942
0.002374612267182703 0.007040614291410981 3.1304037227499536e-05 0.008768350269624463 0.0015145070662145176 0.0 0.0041489052559612345 3.668636297270915e-06 0.0009339273560685932 0.010377000761939552 3.155709132450159e-05 0.002844954127789849 0.002721207640139885 0.0006291841052144029 0.0 0.0 0.0 0.0 0.0 0.0 0.0 0.0 0.0 0.0 4.913386128092111e-06 0.0 0.0 2.65312924009373e-06 0.0 0.0 0.0002422716733502563 2.3206157498870507e-06 5.9741395375307576e-05 0.0 0.0 0.0 0.00011006998279533962 9.588505544993163e-06 5.175473383430462e-05 7.171485230076252e-06 0.0 0.0 0.0 0.0 0.0 0.0 9.08358204042041e-05 0.0 0.0 0.0 0.0 5.040894326200886e-05 3.514547900180245e-05 0.0 2.378518970002978e-06 6.062495293809912e-06 0.0008306604973749618 0.000974673847605433 2.2137329559532152e-05 8.136713840908191e-05 0.0 1.845592535062553e-05 0.0 6.893342548413691e-06 1.15953244903048e-05 8.14609672194262e-06 7.168320285155588e-06 5.598714465633973e-06 0.0 0.0 0.0012727958146918497 0.006949079867917506 0.0005226339849213248 0.0005640356593360912 0.00014001671771978735 8.814006457760427e-05 2.8155816210050208e-05 0.0 0.0 2.9547787467477588e-05 0.0 8.022401805499724e-06 8.940032914465283e-06 3.0525347488700774e-05 6.3189296896924285e-06 3.2966678687499405e-05 0.0 0.0003088155414573727 0.00019297141109774182 0.0001472313098363632 2.4238306260778853e-05 2.349896487525004e-05 0.0 0.0 4.687019391415633e-06 0.008246248434953876 0.0037309617960891487 0.0013348135842274973 0.0002886998056413725 0.012948426720964797 0.0 0.0 0.0 0.0 0.0 2.957669160866977e-06 0.0 0.0 0.0 2.6993062247770192e-05 0.0 3.0811613109406698e-06 3.7256377605945525e-06 8.702941853905542e-06 0.0 0.0 0.0 0.0 0.0 0.0 0.0 0.0 0.0 0.0 0.0 0.0 0.0 0.0 0.0 0.0 0.0 2.464880760935067e-06 2.7912430140924325e-06 0.0 0.0 0.0 0.0 0.0 0.0 0.0 0.0 0.0 0.0 0.0 0.0 0.0 0.0 0.0 0.0 0.0 0.0 0.0 0.0 0.0 0.0 0.0 0.0 0.0 0.0 0.0 0.0 0.0 0.0 0.0 0.0 0.0 0.0 0.0 0.0 0.0 0.0 0.0 0.0 0.0 0.0 0.0 1.2351276339074796e-05 0.0 0.0 0.0 0.0 0.0 0.0 0.0 0.0 0.0 0.0 0.0 0.0 0.0 0.0 0.0 0.0 0.0 0.0 0.0 0.0 7.733332185242413e-06 4.9115022359169e-06 8.359631850741749e-06 0.0010421898143876834 3.244274919503218e-05 0.0003713737356888629 8.096452280688217e-05 0.0029434642492807282 7.2359112486510284e-06 0.0 3.52302728035863e-05 0.0 0.0 6.28449625975319e-06 0.0 0.00015843861866133958 0.0 0.0 0.0 0.0 0.0 0.0005908036498524404 1.698240925471084e-05
0.022158173162007428 0.09822210553597552 0.001197901497153854 0.04811510173152395 0.03644851306136336 0.0041489052559612345 0.0 0.00020856594461170469 0.04248004295173484 0.09015290289084942 0.003030690819061972 0.004512968637845561 0.050835333461223625 0.017516148748668785 0.000358154018725029 4.0038626104088224e-05 5.342044848630563e-06 6.685344442905255e-06 0.0 2.287457761357694e-06 0.0 0.0 0.0 0.0 0.0 0.0 0.0 0.0 0.0 0.0 0.003515735375412192 0.0001522239348473377 8.916717481514157e-05 0.0 1.5819587956403944e-06 0.0 3.9875674283979434e-05 1.0448157301668272e-05 2.843171830058441e-06 0.0 0.0 2.680722148654533e-06 0.0 0.0 2.4719768255686326e-06 0.0 0.0024488351409505706 3.7173601761759764e-05 1.9098294364627607e-06 1.4853253184507158e-05 1.4719086302624046e-05 0.0 0.0 0.0 4.509880461910179e-05 5.8980329628280605e-05 0.0002261915506282435 0.00495852401809 8.409490053549924e-05 0.0022712589672294952 1.3777453994837301e-05 4.214814295476096e-05 5.310941063893932e-06 0.0010449109701522392 0.00010635096368088181 5.350714089106337e-05 6.074918047644828e-05 3.668113988089509e-05 5.547373171668188e-06 2.6469285626282893e-06 0.00020893214567919267 4.7258031078350445e-05 8.7174545875889e-06 0.004702011522274066 0.0025241350250466477 0.0022913644186806532 0.0004501999419960479 2.9500568685265042e-05 2.5839685282205125e-05 9.907724249485403e-05 1.1010597086854792e-05 7.373982118681258e-05 0.0002899158950449546 3.5567056216848284e-06 0.00011692964747256606 8.169402357805153e-05 6.29099585458116e-06 1.2861043427187642e-05 8.435158577324762e-05 0.0 3.3523369128589786e-05 3.870737799038858e-06 1.1855339828228941e-05 3.856584342489865e-06 8.545954276879546e-06 0.0025982291718949827 0.00019277774722478244 3.549521292259286e-06 0.0 0.004828446787524043 6.533987477147838e-05 0.00011760575577913125 0.0014802883127800666 0.0012169965656071583 0.00031019488387329185 0.0015117678625748677 0.0004010185328356658 0.00041486279675675 0.0010251942497358669 0.0005557681695585522 2.5170163470340415e-05 0.0009807235238789562 0.0004678128986972866 0.00017585893836402863 5.9124231570751295e-05 0.0 0.0 0.0 0.0 0.0 0.0 0.0 0.0 0.0 0.0 0.0 0.0 0.0 0.0 2.06246185879583e-06 0.0 1.6039110986889906e-06 0.0 0.0 0.00015570673280990724 1.561759883300517e-05 0.0 0.0 0.0 3.197757250921814e-05 2.3773499316481707e-05 7.471190120804712e-05 4.7755372697955234e-05 0.0 0.0 0.0 0.0 0.0 0.0 0.0 0.0 4.353484243824676e-05 1.3271561609766193e-05 0.0 1.1679571414356893e-05 0.0 0.0 0.0 2.5717882447454225e-05 1.9980088603129908e-05 0.0 2.3154412340401226e-05 2.5642661432499523e-05 6.267296302961432e-06 0.0 0.0 2.0422582602324614e-05 3.544986317009913e-05 1.6317939919727224e-05 1.7904212467503484e-05 0.0 0.0 0.0 0.0 0.0 0.0 0.00028444902815971955 0.0 0.0 0.0 0.0 1.0949343596086588e-05 0.0 0.0 9.444677823809743e-05 8.620963365338873e-05 0.00010630964756871847 2.2654517714768637e-06 0.0 0.0 0.0 0.0 0.0 0.0 0.0 0.0 0.0 0.0010842879046841101 6.90592845562182e-05 0.00011962512910201141 0.006289323164280753 0.00020817952757038366 0.0053752876496156055 0.0015955835160572007 0.0059868445092418785 0.0001742597081808112 3.119818241507683e-05 0.0007521430024857462 0.00022999077680845655 2.4727299577971056e-06 0.00031791281779543445 1.3028447007955846e-05 0.0006033217596909208 2.0118873007558394e-05 0.0 0.0 0.00022648004076435957 0.0 0.004041656109605509 0.00046373460821145753
0.002235372303290942 0.006860093981857177 0.1047531143125251 2.618326978583883e-05 0.0104802268150009 3.668636297270915e-06 0.00020856594461170469 0.0 0.013531250535086815 2.3378950236654193e-05 0.04506732348615209 0.0012370216148090772 0.003048604343010056 0.01599840673930715 0.0019065768057792852 0.00113660991891465 9.786581777936762e-05 0.00023772789406702915 6.337870737751961e-05 0.00044048666006342343 0.00033865978867405667 2.371555484546644e-05 5.731965941530162e-05 5.8111080212910566e-05 4.083523602218237e-05 7.384489572027527e-05 7.857759911779548e-06 0.00012720117479286529 3.251063558776264e-05 1.2743474875928277e-05 0.05626137100688848 0.06063730969944289 0.0022444130355653573 0.00014457763766163837 3.8862116331796276e-05 5.9750989090901815e-05 0.0003533908184769604 0.0003024446888663652 1.54055375139113e-05 1.8391103808721746e-06 0.00029501728927472197 0.0007032670196855001 0.0012986215582316805 0.0006443797120485032 0.0002785418309759552 0.0006348296321712224 0.005362450052774964 0.00018163126042436604 0.00023926544444963262 0.0010126490426062486 0.00013746437094807413 3.947448684251181e-05 1.131540650339324e-05 0.0002095984053335393 3.921911132081761e-05 4.8139119653490066e-05 0.00016483098101817396 0.00832781337248692 6.714735450870095e-05 0.0023711633133081805 0.0018892529931622435 0.003475607739876729 0.00010261051745405348 0.036206626978064885 0.00015345560283504654 0.0004711589144406229 0.00016726247023769367 0.0007061059821039328 0.002520829855124889 0.001576142153431812 0.00022419247835917634 0.00015595204371879226 0.0 0.004358702072660944 0.005026681021876514 0.0046590442225999075 0.0076520414236317565 0.0015841287714470499 0.0371306971702772 0.07111673653029314 0.006957975882937558 0.021293600220964347 0.00027728033479657726 7.176340096950576e-06 0.0002566524143167787 8.773426022022213e-05 0.0007062926177032588 1.7703066106044627e-06 6.316556974359984e-05 0.0 7.853419983521525e-05 8.397981522771733e-05 0.0029775434735196966 0.0014632206363998335 0.0005733786237557832 0.00021215940523967863 4.479474712153008e-05 0.0 3.7374259633708364e-06 0.0016861556218884187 9.972593882051621e-06 2.2794394661398883e-06 0.0 0.0 8.72072220478477e-06 3.0364999024982243e-05 8.302019661787006e-06 0.0 9.806916621089441e-06 3.931899825037229e-05 9.127320793637001e-06 3.199811940019237e-05 8.404038125404903e-05 0.00011259795195377513 9.701800715401243e-05 0.0 0.0 2.3349160111072416e-06 0.0 0.0 0.0 0.0 1.1651236444581043e-05 0.0 0.0 1.5541858542023416e-05 0.0 0.00010223822854244242 5.234831941341571e-06 8.467932750500954e-06 1.9519438748545762e-06 5.9134877032621094e-05 4.766367270700097e-05 3.046840198707515e-05 1.0230142052216439e-05 8.250247811559314e-06 0.0 1.3790000941177632e-05 0.0 0.000191960576463204 9.088479341124281e-05 0.00021693499592332242 7.197290109305505e-05 0.00010410464823194241 0.0 4.320515918437673e-06 0.0 0.0 0.0 0.0 0.0 0.0 0.0 0.0 0.0 1.493600673500835e-05 8.40301219127297e-05 3.4741691843729805e-05 0.0 0.0 0.0 0.0 0.0 0.0 0.0 3.388755314842593e-06 9.742636406244923e-05 0.0 0.0 0.0 0.0 0.0 2.2351446447338216e-06 1.322554577657424e-05 4.334093530630743e-06 7.6180990111852765e-06 0.0003096632328797612 2.412351987035946e-06 4.028601957675927e-06 8.0859651949735e-06 4.7015936678010284e-05 1.327740119020465e-05 2.343744613513275e-06 8.74836698028519e-06 0.0 0.0 0.0 0.0 1.328819224348391e-05 0.0 0.0 0.0 0.0 6.560466747918284e-06 1.0197639831660484e-05 1.3800452281168174e-05 4.915396199488846e-06 0.00031672129178583476 0.00020532927256659763 0.00047526066015748773 0.004950822763180386 0.0003862627066925244 0.0075764619894703915 0.0021422452570377137 0.0006260993641746825 0.00025336852470272107 2.5465385692566485e-05 0.0006178990560364576 0.00014986439417252984 1.3088402005341006e-05 3.567059415431038e-05 4.171730718767808e-05 7.381329646977334e-05 0.0 2.233801109008481e-06 0.0 0.00014193649711582437 3.737310248531866e-06 0.00041854445529564984 0.00010864665327152451
0.0051279151000983465 0.03737161991222381 0.02383466464770839 0.0008668360152764974 0.0625533246823289 0.0009339273560685932 0.04248004295173484 0.013531250535086815 0.0 0.009635927129062818 0.044227872201768145 0.0017147116711579162 0.022601722282165233 0.03163272652335758 0.0008866772817124269 0.0002790392397799291 6.255045392486985e-06 7.414132119483737e-06 0.0 8.39908575778356e-06 0.0 1.2413807849434088e-05 0.0 0.0 1.3770192471633204e-05 6.361508958990459e-06 0.0 1.6565587115760768e-05 0.0 0.0 0.0036929084418567473 0.0011919579574727942 0.000946076648743947 0.0 3.945961543832495e-06 1.9289809247720395e-06 0.00015642887651351006 4.711556851928297e-05 1.1837218550799247e-05 0.0 9.065880460560005e-06 8.435263403139567e-06 2.57138560866943e-05 1.1544285905144498e-05 8.865796309759268e-06 9.213274625307194e-06 0.004452785014630352 4.3117341024376965e-05 3.4059645985840205e-05 1.5271104472732785e-05 2.137779267396215e-05 6.227936727020325e-06 4.533578481786956e-06 9.420880088983266e-06 2.6296513513948893e-05 4.2970063636072774e-05 0.00012715135811394037 0.002166281925566027 0.00011314980633354823 0.0022581926206544506 4.410443000334874e-05 0.00012916135049700488 8.987449306684611e-06 0.0014850957003242193 8.821234707261155e-05 6.51588320054835e-05 3.9885505343902624e-05 6.106918675463676e-05 4.7727619487186306e-05 9.894951803283913e-06 0.0007427282073593894 8.223882390237901e-05 5.521423171168412e-06 0.002810831920417078 0.0021217751826692844 0.0027897914107169013 0.0010717898133611136 0.000184858672855832 6.644196170338638e-05 0.0005747554912693995 2.0825450562967383e-05 0.00013964875545121824 0.00022654898163320446 1.0912854900750597e-05 9.122790459113808e-05 5.8608159161347464e-05 1.6799367488332675e-05 7.066778011607002e-06 6.202877806609477e-05 0.0 3.133018999436852e-05 1.7465856752464709e-06 3.495715772693907e-05 2.8559541340116124e-05 2.41213193168687e-06 0.0036447877665116263 5.8587583455406764e-05 0.0 7.884136980413714e-06 0.0024063462338707623 2.6321782116320893e-05 9.99592460210074e-06 1.0308364373413898e-05 0.0 1.4021050261560583e-05 0.00023346769530460781 0.00027305667295664607 0.0003298421729597586 0.00017502795840892144 0.0011524214318558493 9.62622518536452e-05 0.0006410126161856554 0.0009266018357339484 0.0004976194733784865 0.00019426425978051414 0.0 0.0 0.0 0.0 0.0 0.0 0.0 0.0 0.0 0.0 0.0 0.0 1.3008036760585686e-05 0.0 0.0 2.3732506235258112e-05 1.8613868977906924e-05 3.1834244136237587e-06 3.1471529224717446e-05 3.715409357449731e-06 2.3056609339552042e-05 0.0 0.0 0.0 0.00028137933262724633 8.458345859504028e-06 0.0002771991054061438 8.62913459219969e-05 4.5250250471447845e-05 0.0 0.0 0.0 1.6776111080565465e-05 0.0 0.0 0.0 0.0 0.0 0.0 0.0 0.0 1.1459562927515042e-05 0.0 0.0 0.0 0.0 1.7267047133127544e-06 0.0 0.0 0.0 0.0 0.0001491436575492363 2.161455585053518e-05 0.0 0.0 0.0 0.0 0.0 0.0 0.0 7.484008716449844e-06 0.0006848354159864541 0.0 0.0 0.0 0.0 4.553471242691147e-05 0.0 1.0839290139736114e-05 0.0 0.0 0.0 0.0 0.0 0.0 0.0 0.0 0.0 0.0 0.0 3.278707318169974e-06 0.0 0.002048738402683208 0.0001773907304547305 0.0004360867762013853 0.014544713425937352 0.00042922803769784385 0.00838306665848756 0.0026052015992420368 0.003511453506733395 0.0003790912897084214 3.1023122242748683e-05 0.0018313465671538133 0.0008196125574565023 0.0 3.534790292787924e-05 7.5396525398803475e-06 0.0010395346338252936 0.0 0.0 0.0 0.0003359275963223757 0.0 0.00506974601368973 0.0007689146853125987
0.012338038451393116 0.017619487811450386 0.0001301840993618828 0.038519365205522904 0.018217595126850335 0.010377000761939552 0.09015290289084942 2.3378950236654193e-05 0.009635927129062818 0.0 0.00029586050436790096 0.060459601143699616 0.13418155149290376 0.011090665693663085 2.61356732242503e-05 2.4313848790096083e-06 0.0 0.0 0.0 0.0 0.0 0.0 0.0 0.0 0.0 0.0 0.0 0.0 0.0 1.987610433700321e-06 0.000792014520589959 1.42179806901118e-05 0.00010001733608343214 0.0 0.0 0.0 6.95877023588549e-05 0.0 1.091107883721301e-05 0.0 2.4243840554230602e-06 1.1390414287596192e-05 0.0 1.6761420300720966e-06 0.0 0.0 0.00042720400848301554 6.7226222133489266e-06 0.0 0.0 7.4431865534746256e-06 8.429187236660751e-06 0.0 0.0 1.497775613327251e-05 4.2232753099048094e-05 0.0001246095203121506 0.0017332030145003872 2.011564557965784e-05 0.0002939372559532184 2.5913745205669473e-06 1.3294076259633794e-05 0.0 0.0001936431783537819 3.1508537196080476e-05 7.332396192271524e-06 1.5708321693281198e-05 1.108630765292378e-05 1.8240172531013484e-06 0.0 0.0021136940451944542 0.00030150449154390786 5.2375053029345305e-05 0.0013605136608455758 0.0005991808332025646 0.00040368672077722826 6.890985408328904e-05 4.736158766971187e-06 2.8478322717380617e-06 7.019935916834869e-05 0.0 3.3988205039511086e-05 9.558900002020188e-05 6.822304253326339e-06 1.7437065596272577e-05 2.792224451849851e-05 2.9649290158361732e-06 5.170413717973509e-05 4.24236348111675e-05 3.539157125125152e-05 0.0 0.0 6.078859161601356e-06 2.0981188632053303e-06 8.199404561540027e-06 0.012780970224847171 0.0027519948255889668 5.035902815722482e-05 3.7792577724390544e-05 0.008067630753521446 4.013395753910426e-05 0.00013413161342577627 0.0022442829132431614 0.0006499801622367217 0.00012009329981449774 0.0028579730506931023 0.0008686248054748202 0.00037735062323391547 0.0016080701168815212 0.0016405609327770684 1.1567272968804225e-05 0.0008434580524832462 0.0011227260065096714 0.0004595554532104224 0.00017008853659371877 0.0 0.0 1.840166070248414e-06 0.0 0.0 0.0 0.0 0.0 0.0 0.0 0.0 0.0 7.529528477245636e-06 0.0 0.0 0.0 0.0 0.0 5.10500990142655e-06 0.0001437682804573582 1.0496144230223389e-05 0.0 0.0 0.0 8.726898131710603e-05 1.4986229704960287e-05 1.017763966676028e-05 1.7846127864756616e-05 0.0 0.0 0.0 0.0 0.0 0.0 2.4646525160692102e-06 0.0 1.281906942384286e-05 6.3245187315804535e-06 0.0 0.0 0.0 0.0 0.0 8.656589188921515e-06 1.4198198154037182e-05 2.2256752884684853e-06 1.910923282920894e-05 3.9268869459863336e-05 0.0 0.0 1.2765286137298967e-05 3.856666267989226e-05 1.7902648724771346e-05 2.414179614197713e-06 7.952793642694794e-06 0.0 0.0 0.0 0.0 0.0 0.0 0.00030048373728133943 1.10205417384089e-05 0.0 0.0 3.39525081491217e-06 1.369377806209415e-05 0.0 2.3134780097125307e-05 4.537591921309284e-05 2.1555892218620325e-05 5.2152365812227276e-05 2.4513318120507325e-06 0.0 0.0 4.175486097516882e-06 0.0 0.0 0.0 0.0 3.2440802213246213e-06 0.0 0.0017388300751584682 5.3600964848360714e-05 0.00010610944542821301 0.007018159284277524 1.725711795066069e-05 0.001056331881138726 0.00027878985686131106 0.01764590474164754 1.8348386379242455e-05 2.1534869122411e-05 0.00012496820598141418 0.0005648001965282872 5.408210381232847e-06 0.00010912939889735864 1.3820301243323355e-05 0.0027308151847948176 3.275958370370272e-06 0.0 0.0 0.0 0.0 0.01262382758963364 0.0011014130055010429
0.005536362777196046 0.031217927446046085 0.0849105868138539 9.649484626286095e-05 0.018421175457587376 3.155709132450159e-05 0.003030690819061972 0.04506732348615209 0.044227872201768145 0.00029586050436790096 0.0 0.005000720635856197 0.014474010762271236 0.07471277529883182 0.0008199919723093174 0.00029926709205222016 1.9799809282088363e-05 6.4256861072497035e-06 0.0 3.0603766206643286e-06 1.250427228495834e-05 3.431957017747572e-05 5.394226932985931e-06 0.0 6.309501948304958e-05 2.3080862593500825e-05 2.729326930753508e-06 7.557680305161012e-05 1.585109424072462e-05 4.21584373290132e-06 0.014400281108066192 0.005802790999647788 0.00948849894885436 2.3754201478474388e-06 0.0 4.7573811414221925e-05 0.001720977156971038 0.00047212095381096773 7.22604626289628e-05 2.06905305488558e-06 5.415008286792473e-05 0.0001177095636673317 2.181971340698214e-05 1.540036113267444e-05 0.0 1.2231460675405182e-05 0.0030491280342482487 2.8537221115443214e-05 2.8717366522719625e-05 6.323898754828541e-05 2.027031203530712e-05 6.5303407004907495e-06 4.928111334238637e-05 8.717793815572922e-05 3.369483637791658e-05 4.850551666274987e-05 9.257510891668271e-05 0.0039668129304434524 6.279391794606286e-05 0.0016710534287774884 4.731857875409824e-05 0.0009983873032047646 1.5211494193341046e-05 0.0021484152274550074 7.513085838435372e-05 4.818436885691663e-05 5.749903485634283e-05 8.527119085907299e-05 0.00011454208242298917 5.005539621121031e-05 0.0019314379693786761 9.263627778244417e-05 0.0 0.002895489391315061 0.0022170060238791357 0.0023719502723357202 0.0009795201973823052 0.0002152638272048025 0.0008278749040658448 0.009144660101123109 3.1952721117228846e-05 0.0018582148137346033 0.00018323340304240334 9.103187197627846e-06 6.631448565671386e-05 4.2095783430875345e-05 4.4764105741176185e-05 1.989240450855302e-06 4.744168584522549e-05 0.0 1.802276012099141e-05 4.992043555283024e-06 0.00014799153418636969 0.00017180420123177903 0.00010650618050239036 0.0013363096283191588 6.272464797996948e-05 0.0 1.2323884376990579e-05 0.0018966599960040535 3.670500170627327e-06 2.123427806530367e-06 2.205248965380199e-06 0.0 1.0453801698623433e-05 2.5239462554715677e-05 1.763089947753403e-05 4.99468400715114e-05 8.734329193077854e-05 0.0001048815076137405 1.054580909977243e-05 0.00010601918512397743 0.00014893183569767942 0.0002041405983287307 9.484176242391841e-05 1.5248492913583268e-05 0.0 0.0 0.0 0.0 0.0 0.0 2.6996490318831894e-06 0.0 0.0 1.420510237165725e-05 7.571732393691175e-06 4.874819949503657e-05 0.0 0.0 1.5379205487619433e-05 4.4483565805962366e-05 2.422577144705598e-05 1.5117564682271855e-05 2.598762981281159e-06 6.4319870304668585e-06 0.0 0.0 0.0 0.00016702149173484387 2.1980579933465992e-05 0.00013122586322312363 4.773575046408873e-05 4.665224873057031e-05 0.0 0.0 0.0 1.0364480155663374e-05 0.0 0.0 0.0 0.0 0.0 0.0 0.0 2.605121079458067e-06 2.7291359936863223e-05 1.4957146607660664e-05 2.0049324749552146e-06 0.0 0.0 5.347062899209651e-06 3.054599068232607e-06 0.0 0.0 0.0 8.185390432936723e-05 1.7207659790581524e-05 0.0 0.0 0.0 0.0 0.0 0.0 0.0 3.264717196983457e-06 0.00029818114696120423 1.6191611921981315e-05 0.0 3.233361053803776e-06 1.1873467778598234e-05 2.189352446013095e-05 0.0 0.0 0.0 0.0 0.0 5.878463354189763e-06 0.0 0.0 0.0 0.0 0.0 0.0 0.0 0.0 0.0 0.00048028392169576926 0.00021056063063624658 0.0004595716472215695 0.00480097825467118 0.00019281766823759625 0.004929503093478576 0.0017512500312117972 0.0006228905942682236 0.00014283457226534627 1.0387376831323067e-05 0.0006342625751668061 0.00025219343414335576 0.0 3.306008133965564e-06 2.7306121389204396e-05 0.00017432658695966207 0.0 0.0 0.0 0.00012576686267207286 3.840919465121506e-06 0.0005845273302185629 0.00014803104860484106
0.0025034712473742506 0.0006590801271628114 0.0009265334505389827 0.005594135921093722 0.0019467638858322552 0.002844954127789849 0.004512968637845561 0.0012370216148090772 0.0017147116711579162 0.060459601143699616 0.005000720635856197 0.0 0.037974729040059295 0.025971651859316127 0.000257380736100847 0.00015826858397081868 1.1135162215284597e-05 8.424139157853468e-06 9.472822402486191e-06 3.563834141070083e-06 7.126691606435098e-06 3.1903323316921524e-05 0.0 0.0 2.78877044731834e-05 2.529400685968939e-05 0.0 2.829266697857193e-05 2.166397715778883e-05 0.0 0.0007556927068288713 0.0012881660907246805 0.002126898938071308 4.957807583692856e-06 0.0 3.56480353720468e-06 0.002866166255487124 7.560084170988771e-05 0.0001081833031512682 2.0090370910977112e-05 1.1849497669609275e-05 7.547168074596621e-05 1.0850728923129714e-05 3.1691779908935224e-06 4.557037504265654e-06 6.417483092931157e-06 0.0008042241399757651 1.8829666081572682e-06 0.0 2.7971966866322743e-05 2.45111145338622e-06 2.006209948578518e-05 6.0139607898975415e-05 8.556336036308987e-05 1.8416181928999717e-06 2.349065372897844e-06 5.743020636586703e-05 0.00042343339116641726 2.764902100658278e-05 0.00032308884612478717 3.227492582570008e-05 8.564624646243675e-05 0.0 0.00030172076834093607 9.176127887132026e-06 1.4368757883578395e-05 5.43303007675904e-06 2.1822594448654376e-05 6.062076945994318e-05 1.8327969458932696e-05 0.010305291694167478 0.000705577630575719 2.2512448404164403e-05 0.00039680364484970444 0.00030192298601251625 0.0003920926259277026 0.00022884611621858605 5.639935124429477e-05 0.0001240568935396188 0.002758312907663673 1.3712915294577918e-05 0.00010737189341143019 2.7976609715707052e-05 2.255876406466519e-06 1.2153587621932687e-05 9.07143371122654e-06 6.360494672171283e-06 3.280829009647287e-06 2.3465395742646718e-05 3.829964621506611e-06 0.0 2.1501646679351425e-05 5.942038481970928e-05 7.953614459762892e-05 5.518825759760715e-05 0.02245402127882124 0.002219914436888005 8.129228834890584e-05 0.00012276272073330905 0.0010536980800681833 1.576139961977784e-05 6.480172387980441e-05 0.0002001618988882481 0.0005072833650936895 0.00015969182644310357 0.0016685131213537326 0.0009232546191647993 0.0006875149263899406 0.001827013382811203 0.002171973697359193 0.00014183204908039548 0.0013908358277878437 0.003135369749272026 0.0016489355779836213 0.0007942941578177635 0.0 0.0 0.0 0.0 0.0 0.0 3.8070309413636834e-06 2.669372388341502e-06 0.0 0.0 1.6369068437914405e-05 0.0 0.00014931386619115993 0.0 1.8116353406899398e-05 1.0398075070078803e-05 6.582297861284283e-05 2.923421253814387e-05 1.981497535722163e-05 0.00011120850382580509 8.087794611696344e-05 0.0 4.5287873718173523e-05 0.0 0.0007344085130521526 0.00011045099339066537 0.000731693569491049 0.0002527341815668225 0.0001314764271003932 0.0 1.3134610595492763e-05 0.0 3.621191272074392e-05 0.0 1.4758278145128846e-06 0.0 1.9568325159027392e-05 1.5391790803362463e-05 0.0 0.0 1.064134618265431e-05 5.0851329432565935e-05 1.7138091362098758e-05 1.2523333233609865e-05 1.3887227187724582e-05 4.088165526490468e-06 2.05733397769724e-05 4.5063653544840145e-05 0.0 2.7986766688066613e-06 9.039537727233232e-05 0.00043807989590501377 5.2938676199706784e-05 9.056862892637119e-06 9.811523375936828e-06 0.0 0.0 0.0 0.0 0.0 0.0 0.0022537736421757485 3.997961638926049e-06 0.0 0.0 8.457261506819053e-06 0.00011399085044649147 0.0 8.301858995600368e-05 5.333074082279512e-05 5.423903300113296e-05 4.992135763175678e-05 0.0 5.98282297316895e-06 0.0 0.0 0.0 5.184361465993565e-06 0.0 4.03518693579923e-06 0.0 0.0 0.004847872717915004 0.0007833750344485474 0.00126101537921726 0.00676321056622666 4.45230465564203e-05 0.002147050026211363 0.0008035512111732617 0.005505915109245569 7.553336949438559e-05 0.0 0.00025097643767496125 0.001656029095980782 7.590165782704879e-06 0.0002495586412313361 6.224023715238974e-05 0.002759223757701085 1.5094785389686032e-05 0.0 8.652327607040704e-06 8.156315085346499e-05 0.0 0.013416504316067139 0.0018324694189088366
