0.0 0.0524772878767881 0.009586258801308789 0.020796036578729932 0.0015100372312720361 0.0018569946297577091 0.03888149378856185 0.0010595981551203152 0.0030050341997510995 0.011861184745832271 0.0037565302344507757 0.0036897232085496574 0.008185257654710901 0.005569190937993912 2.3392402719115263e-05 1.3339577638004244e-05 2.0054701833901638e-06 0.0 0.0 0.0 0.0 0.0 0.0 0.0 1.194268381139241e-05 0.0 0.0 0.0 0.0 0.0 0.0146327958564943 0.00016322697764158798 7.186636626977931e-06 0.0 0.0 0.0 6.533457189505775e-06 0.0 0.0 5.180901081367575e-06 0.0 0.0 0.0 3.902027977591718e-06 0.0 0.0 0.0002190083730464266 6.0473848525572185e-06 2.1305384578812525e-06 0.0 3.906875900240908e-06 0.0 0.0 0.0 2.0438905222714322e-05 6.798331877030199e-05 0.0018825772517049226 0.010337107998773727 0.00013665841157604934 0.00021611044434766374 3.05908197235309e-06 0.0 0.0 0.0002644668091973358 8.269410703901472e-06 1.4730743568568894e-05 8.312825211529875e-06 3.4092567289675317e-06 0.0 0.0 7.023842324796153e-05 2.8927103651661223e-06 0.0 0.0011396748883149032 0.00038521653172123173 0.00047865509080858437 4.179389441960316e-05 6.6221053746817225e-06 1.40780863298433e-05 6.402046742727672e-05 1.3156184635347393e-05 1.4037854037433734e-05 3.276198996347507e-05 4.068944163471528e-06 1.0463025898542186e-05 8.483517061816301e-06 1.6647798044184279e-06 1.545249881531531e-06 5.194711944135573e-06 0.0 0.0 0.0 1.6901518124973026e-06 0.0 0.0 0.00028644053950946174 1.9728052054697477e-06 0.0 0.0 0.018176089315434407 8.411835159589464e-06 1.8878185013010269e-06 4.827949628071132e-05 1.254907134852663e-05 0.0 5.521826799937688e-05 2.2053737402124643e-05 9.036694008223521e-05 0.0002091084226379606 0.0001795243096853671 4.254497607391626e-05 0.00018555580416708658 5.499117898895099e-05 0.00013771283726428314 4.6468447084935984e-05 0.0 0.0 0.0 0.0 0.0 0.0 0.0 0.0 0.0 0.0 0.0 0.0 0.0 0.0 0.0 0.0 0.0 0.0 0.0 0.0 0.0 0.0 0.0 0.0 9.896760885509584e-06 0.0 1.0127694222626262e-05 3.2609853220079186e-06 0.0 0.0 0.0 0.0 0.0 0.0 0.0 0.0 2.6444385072183122e-06 0.0 0.0 0.0 0.0 0.0 0.0 0.0 0.0 0.0 0.0 0.0 0.0 0.0 0.0 1.4244505437324416e-05 0.0 0.0 0.0 0.0 0.0 0.0 0.0 0.0 0.0 4.127547209867198e-05 1.4358303810295347e-05 0.0 0.0 0.0 1.4318804879798953e-05 0.0 0.0 0.0 0.0 0.0 0.0 0.0 0.0 0.0 0.0 0.0 0.0 0.0 0.0 0.0 0.00011998018502612744 2.493864858437857e-06 1.8739484154098769e-06 0.0012974460103359164 1.545814800093918e-05 0.0005983986774785399 0.00016002761055371794 0.015028587020165777 6.808604622535679e-05 4.4715859028427555e-05 2.0288984702978394e-05 2.2022318393458398e-05 0.0 4.234336381580763e-06 0.0 0.00013060678869244023 0.0 0.0 0.0 7.352447365307076e-06 0.0 0.005189252702444349 0.00012393715409714958
0.0524772878767881 0.0 0.04121656146107667 0.020212528684120313 0.04559983081894622 0.00330457825383417 0.08110617453834537 0.006996935622253676 0.05633192877063661 0.011472141103688724 0.020197518956860984 0.0027505193061317817 0.017520514511205756 0.03643721913399247 0.0004399177032973112 8.004775557924524e-05 2.348143242908972e-05 4.412262435319177e-06 5.0195777506346015e-06 8.584016418137582e-06 2.8545877252437532e-06 2.3304082773151437e-06 0.0 2.222887403153812e-06 2.8748612161729016e-06 0.0 0.0 0.0 0.0 0.0 0.04345563637498521 0.002007440972421289 0.00011851453787311642 8.349517209580107e-06 5.801143479939692e-06 5.475551952481114e-06 0.00012005937593318746 1.8295189543809437e-05 8.010486904991023e-06 1.9691337676700964e-05 0.0 4.948000288157076e-06 3.979515572821859e-06 9.172748156834887e-06 2.5032068874426502e-06 8.97184520600328e-06 0.003318362512174598 5.281662511427146e-05 7.2069046371039066e-06 6.3822415255316625e-06 1.3428517371459975e-05 0.0 0.0 1.935821506895198e-06 0.00015667252105922198 0.00031442907936825385 0.0027756449379493825 0.019374333025726314 0.0004889205431919768 0.0015951001042938467 2.2033705827757665e-05 4.2461781592384433e-05 1.8174828974753086e-06 0.002308197489934071 8.70776168764103e-05 6.875568284006128e-05 4.2430426678666396e-05 2.8254319533491308e-05 9.258399712877145e-06 0.0 0.0002558412425058708 1.0166444110022633e-05 0.0 0.006076643203011743 0.0024909610037729094 0.004042521296946061 0.0006970927191988535 5.50318739524949e-05 0.00018502643044019727 0.0005508988115946363 3.928062614773954e-05 0.00014683222234226724 0.00014478910421740712 1.1971270158286483e-05 9.891387917141074e-05 6.807865810268241e-05 2.641367841568456e-05 7.054606514503542e-06 3.72597489699024e-05 1.5313149394695255e-06 1.607156390691741e-05 0.0 0.0 2.6460848795930356e-06 2.0524408188092837e-06 0.001028280783229307 8.73948503312778e-06 0.0 1.3099169971384008e-05 0.016201702772039136 2.2133920030069524e-05 7.77993981225336e-06 0.00010431889349157147 4.014561365966353e-05 2.391472128212281e-05 0.00017771939381282906 6.199902648793562e-05 0.00019895023200853528 0.00029921194390146265 0.0006509009555420361 0.00021032349249406793 0.0011504369002476224 0.00025723469575829203 0.0007755048023013647 0.000542445766580494 0.0 0.0 0.0 0.0 0.0 0.0 0.0 0.0 0.0 0.0 0.0 0.0 0.0 0.0 0.0 0.0 0.0 0.0 0.0 4.872853604859038e-06 7.77941639555054e-06 0.0 0.0 0.0 0.00020463920841567012 5.191915516562156e-06 7.600742821157426e-05 4.7612231940312635e-06 0.0 0.0 0.0 0.0 0.0 0.0 0.0 0.0 4.540099581123295e-06 4.299683388809237e-06 0.0 0.0 0.0 0.0 0.0 0.0 0.0 0.0 4.405722771424567e-06 0.0 0.0 4.061106310448081e-06 0.0 5.9483604412670364e-05 0.0 0.0 2.4626277819879934e-06 0.0 0.0 0.0 4.2299674202308945e-06 0.0 0.0 0.00031924821653470206 9.485022093810849e-06 0.0 2.2986445870272753e-06 0.0 0.00016770186845351835 0.0 9.225459629086457e-06 0.0 2.2800068113555756e-06 2.055252014102356e-06 0.0 0.0 0.0 0.0 0.0 0.0 2.709722485210321e-06 0.0 0.0 0.0 0.0008283411482589122 2.134984165699965e-05 2.3026620614249024e-05 0.006620182081377407 0.0002438567678747894 0.006082227115543104 0.0015063324784103105 0.016069988649181785 0.0005519089581785414 0.00015042242261160784 0.0004276027500892771 0.00013750429468280945 3.576852534440531e-06 1.4617689062383879e-05 6.713757953462513e-06 0.0004444231899317206 0.0 0.0 0.0 0.00015558609037311626 5.512727022433048e-06 0.006384709319884108 0.0008422328419120745
0.009586258801308789 0.04121656146107667 0.0 0.00013174367108520125 0.021982328944627972 0.00034902102714619944 0.005482129612804928 0.027334650505217113 0.03325038447501213 5.650839471450791e-05 0.07968419696101663 8.75870342377317e-05 0.0030321941776680857 0.03247083305581697 0.00011873679631676982 6.576612363797474e-05 2.0700580993794687e-06 2.4519996063968824e-05 0.0 4.494803254950618e-05 0.00010780070478842627 0.0 4.4389603714807175e-05 2.4604915476054166e-05 6.0425885408045524e-06 0.0 0.0 0.0 0.0 0.0 0.08747408490054731 0.007005322170966614 0.00029636621208843135 5.053631990363213e-05 6.359306358664836e-05 1.1928341310716836e-05 6.329290207243555e-05 2.1534108238784134e-05 2.9718364160552986e-06 1.0832968237504195e-05 1.5420711070391304e-05 1.6108272956355288e-05 1.0380932297225037e-05 5.515213327893711e-06 3.597991687781616e-06 3.147309201396603e-06 0.0005829679254244951 3.574112132855083e-06 7.592746481575622e-06 1.0537918637959973e-05 4.51003402635121e-06 0.0 2.8367793777852484e-06 0.0 3.410871601948476e-05 4.858958733557994e-05 0.0007720838015814027 0.007969811452954157 0.00011475021203030283 0.0002740391158220449 6.96324728048802e-05 9.742608789889943e-05 3.096136464635264e-06 0.001503271928496175 2.006312430592998e-05 1.136990745194825e-05 1.1509387498377211e-05 2.828516153537927e-06 2.170787086129158e-05 3.084227318771943e-05 0.00023107246776190533 2.5122660156571075e-05 0.0 0.001251324265005319 0.0006074540481456888 0.0007479376664784187 0.0001783695609399807 4.62903339226671e-05 6.315397147652448e-05 0.008725005749265425 1.9434343272751205e-05 0.00042264201911331047 2.7659594536526632e-05 3.345197558239684e-06 1.8102717133966397e-05 4.5222338374760295e-06 2.658692279780331e-05 0.0 3.6889850477365746e-06 1.997141341749323e-06 5.591158077031245e-06 0.0 9.321180608061006e-05 2.4347725894613704e-05 1.2928730999266105e-05 0.0003834517907449146 4.820456152180256e-05 0.0 1.181524813442056e-05 0.007850802888271755 2.0276962104489437e-06 1.3548546656413554e-05 4.178732872189351e-06 0.0 5.1715585956291824e-06 1.6483534871528248e-05 2.178849758653785e-06 1.2772039403946137e-05 1.20077893587923e-05 7.432873127770415e-05 2.9062892986132715e-05 0.00011843653355994288 3.3440374244529374e-05 0.00010677770282843919 0.0001256641327963529 3.5327159309943625e-06 0.0 0.0 0.0 0.0 0.0 0.0 0.0 0.0 0.0 0.0 0.0 0.0 0.0 0.0 0.0 0.0 0.0 0.0 0.0 1.1738169163515715e-05 0.0 0.0 0.0 8.22495414334575e-05 0.0 7.788854490855357e-05 1.9565749943864902e-05 0.0 0.0 0.0 0.0 2.275558226115198e-06 0.0 0.0 0.0 6.78663802016032e-06 2.1540576499992992e-06 0.0 0.0 0.0 7.811637732903177e-06 0.0 0.0 0.0 0.0 0.0 0.0 0.0 0.0 0.0 4.6477088180113035e-05 1.6337356217912722e-06 0.0 0.0 0.0 0.0 0.0 0.0 2.8371024406832666e-06 0.0 0.00012701451804970182 7.770158710016765e-06 0.0 0.0 5.502795654842849e-06 3.896652162250451e-05 2.371744190340984e-06 0.0 0.0 0.0 0.0 0.0 0.0 0.0 0.0 0.0 0.0 0.0 0.0 5.5400270552718195e-06 0.0 0.00028019960861861803 2.684757487664699e-05 2.7561072836682855e-05 0.0011524203675944387 5.2248205232125496e-05 0.0011450298179899764 0.0003250404305683202 0.0020425122461242133 8.80427528210081e-05 2.2769203731721507e-05 7.679504916267149e-05 3.532388224638103e-05 0.0 1.8200447923463716e-05 1.013014627306711e-05 4.792977155893502e-05 0.0 0.0 0.0 1.4266729485204273e-05 2.5231454404002448e-06 0.0007336477315770778 9.0890284773392e-05
0.020796036578729932 0.020212528684120313 0.00013174367108520125 0.0 0.00021477555926241565 0.003124132896698379 0.05135726921962639 4.174655352548095e-05 0.0002985357449384281 0.03748983371426413 3.7075516034159604e-05 0.02652528281888334 0.03363363410161251 0.002033750105125467 2.3003896138590773e-05 1.6823733348415395e-05 0.0 0.0 0.0 0.0 0.0 0.0 0.0 0.0 5.616484107261298e-06 0.0 0.0 0.0 2.5135076002687544e-06 0.0 0.002184781780820801 1.1400321342210752e-05 2.6884377404227833e-05 0.0 0.0 0.0 4.771164777229592e-05 0.0 5.915771585612883e-06 0.0 3.186171445257979e-06 0.0 0.0 0.0 0.0 0.0 0.00010661160160754201 4.383184186340514e-06 0.0 0.0 0.0 0.0 0.0 0.0 9.389318896997699e-06 1.690458082823383e-05 0.0004155228160048791 0.0019690965613900152 4.84526135386454e-05 4.246135119709098e-05 2.943116702950733e-06 0.0 0.0 6.920913145735773e-05 3.3486883731259486e-06 3.4642456271811404e-06 0.0 3.907457322110622e-06 0.0 0.0 0.00021834359607720037 6.619926907665822e-06 0.0 0.00025149158652395013 8.936721220066885e-05 9.663462246886692e-05 2.9301296505726794e-05 4.599432777072502e-06 3.983416686723278e-06 3.887240922881172e-06 1.7810453000389254e-06 3.845430920381049e-06 4.590855320110048e-06 0.0 1.8124282267509488e-06 0.0 0.0 0.0 0.0 0.0 0.0 0.0 0.0 0.0 0.0 0.0007848783958605979 7.119696076227517e-06 0.0 0.0 0.007562300825339163 1.1179381183964477e-05 6.371963497140907e-06 0.00018265564417245493 0.00023264688449873343 0.0 9.360639224205187e-05 5.74662523047393e-05 0.00016692764745719586 0.0015135273350240885 0.00028287754625155046 1.5636222949830402e-05 0.00026041896292893727 3.3608958421507536e-05 0.0001466355857399706 7.103505737987329e-05 0.0 0.0 0.0 0.0 0.0 0.0 0.0 0.0 0.0 0.0 0.0 0.0 0.0 0.0 0.0 0.0 0.0 0.0 0.0 0.0 0.0 0.0 0.0 0.0 2.371449307905936e-05 0.0 1.5895418200742346e-05 4.525132268886238e-06 0.0 0.0 0.0 0.0 0.0 0.0 0.0 0.0 0.0 1.9946512301753456e-06 0.0 0.0 0.0 0.0 0.0 0.0 0.0 0.0 0.0 0.0 0.0 0.0 0.0 4.33689758560603e-06 0.0 0.0 0.0 0.0 0.0 0.0 0.0 0.0 0.0 5.898769601320897e-05 4.13441220510336e-06 0.0 0.0 0.0 3.064896769579441e-05 0.0 7.316726078396221e-06 2.7147776126682793e-06 0.0 0.0 0.0 0.0 0.0 0.0 0.0 0.0 0.0 0.0 0.0 0.0 0.00015458044687799408 0.0 7.96593513070466e-06 0.0007303468685401764 0.0 0.0002058620288886836 5.956893503723805e-05 0.008594366058550325 2.530347139644537e-05 4.566442148097016e-06 2.3120459272272345e-05 6.407179941181907e-05 0.0 2.740189052081077e-06 6.165829728660808e-06 0.0002475810733495826 0.0 0.0 0.0 0.0 0.0 0.003504060366732557 0.00028561486077461305
0.0015100372312720361 0.04559983081894622 0.021982328944627972 0.00021477555926241565 0.0 8.900274655427533e-05 0.01372212864154439 0.005882311802930858 0.061669333083689756 0.0004042831248240449 0.022486572205174544 0.00022814739888706267 0.004457272522892383 0.037197548360235054 0.0003018141720030602 6.429591797917088e-05 1.06212843945909e-05 4.793220122942958e-06 0.0 5.368343331855991e-06 2.4559979893301295e-06 0.0 2.0470856173777196e-06 0.0 7.674197610965517e-06 5.369868517582826e-06 0.0 2.1590232576721304e-06 0.0 2.479126369733185e-06 0.004962174191562643 0.0010183899020276437 3.9174187427715405e-05 0.0 0.0 2.451498249926823e-06 5.5179777993397523e-05 2.928443831639578e-05 4.507763755882197e-06 5.007070710043147e-06 4.424294929702751e-06 0.0 0.0 9.288186507910178e-06 0.0 2.1310574594926295e-06 0.0015543147052139489 3.446069137218537e-05 2.0400802374581177e-06 0.0 6.096425709129612e-06 0.0 0.0 0.0 5.125712179511589e-05 7.635019520596966e-05 0.0004550072779421249 0.0026326412790512507 0.0001331674537321695 0.0004906653966172548 1.7048078912365188e-05 7.990911759732567e-06 1.9251266329743874e-06 0.00081344892515672 2.8266804498625537e-05 1.997943929251435e-05 1.4457006681132836e-05 1.1499179502471416e-05 0.0 0.0 0.0002009722604595274 0.0 0.0 0.0014631008528519138 0.0006052536854733667 0.0014895508425020727 0.00038344695210918193 3.65128459712735e-05 9.112198374826274e-05 0.0005044496842647553 1.895575771293409e-05 5.490532707910393e-05 4.179704070511232e-05 1.6645161168880947e-06 2.6644121220917457e-05 1.357982788377785e-05 6.1011379819003235e-06 5.588027015975339e-06 1.1075108294660032e-05 0.0 1.882158506315348e-06 0.0 0.0 1.7537999229873314e-06 0.0 0.0002552752363085435 1.626605264334921e-05 0.0 1.1368385463356599e-05 0.000677694906240459 7.409882985402894e-06 0.0 6.878764048988357e-05 1.978603849551197e-05 8.860933389369022e-06 5.734937950567855e-05 2.948789364681518e-05 0.00013506424080663703 6.894374777068772e-05 0.0003557946659191945 7.643203623360734e-05 0.0005846295287989868 0.00019006506753161415 0.000434395016589805 0.0002793523869779281 0.0 0.0 0.0 0.0 0.0 0.0 0.0 0.0 0.0 0.0 0.0 0.0 0.0 0.0 0.0 0.0 0.0 0.0 0.0 2.44898240902685e-06 0.0 0.0 0.0 0.0 0.00010248355626878885 0.0 5.8423162629489315e-05 2.090698651876535e-06 5.546807265527816e-06 0.0 0.0 0.0 0.0 0.0 0.0 0.0 2.4441011448250354e-06 4.711415786237605e-06 0.0 0.0 0.0 0.0 0.0 0.0 0.0 0.0 1.5849031879839055e-06 2.766013683155148e-06 0.0 0.0 0.0 3.787397131516941e-05 0.0 0.0 0.0 0.0 0.0 0.0 0.0 0.0 0.0 0.00021127935796459127 1.0516076267123156e-05 0.0 0.0 0.0 9.404531855787985e-05 0.0 0.0 0.0 0.0 1.9483227621944163e-06 0.0 0.0 0.0 0.0 0.0 0.0 0.0 2.48592880769093e-06 5.521228661618304e-06 0.0 0.0005512889749001637 2.1601135873407142e-05 2.669070058788798e-05 0.0034517559293733634 6.555012061767373e-05 0.0025655782949224708 0.0006688225668429578 0.0018352186526092815 0.00020635334300488686 4.969056985859345e-05 0.00024055819124627748 9.397690275760926e-05 0.0 2.4261711539850443e-06 0.0 0.00020465533537451143 0.0 0.0 0.0 7.804566857385684e-05 0.0 0.0014026999443773852 0.000430055165764757
0.0018569946297577091 0.00330457825383417 0.00034902102714619944 0.003124132896698379 8.900274655427533e-05 0.0 0.002302656363064296 5.9434411311565455e-05 0.00013238271050722609 0.00569532741341078 0.0001558847181759084 0.0017083846571438203 0.0024618763014530036 0.0009766740674904684 3.983912851654777e-06 7.003683458775544e-06 0.0 0.0 0.0 0.0 0.0 1.5727341911524694e-05 0.0 0.0 0.0 0.0 0.0 0.0 0.0 0.0 0.0019571459188434405 7.88354373908189e-06 0.00017110675957051572 0.0 0.0 0.0 0.00015502663632373522 0.0 1.3642273566949998e-05 6.655677882260518e-06 0.0 0.0 0.0 0.0 0.0 0.0 1.399891886844128e-05 1.7675282692187007e-06 0.0 0.0 0.0 0.0 0.0 0.0 1.7968662473698495e-06 3.330984922150354e-06 0.0050364837024248505 0.0006048625902790555 0.00017971072565546177 2.0695529520205508e-06 0.0 8.62241133218192e-05 0.0 2.5009049501108732e-06 0.0 0.0 6.116775779058619e-06 0.0 0.0 0.0 0.0018895746298041392 0.0005190887464042046 4.524568964115896e-06 2.0684512344609352e-05 5.880473690746981e-06 6.030002180811653e-06 0.0 0.0 0.0 0.00010405549781400717 0.0 8.426751287214688e-05 0.0 1.6210797469448217e-05 0.0 3.067583002560218e-06 2.848157829657096e-06 1.5983222951208103e-05 2.234774595355545e-05 3.341471890937547e-05 1.1294651304831326e-05 0.0 0.0 0.0 1.1427269994668456e-05 0.004436749638367573 0.00044014974040728873 1.0746020776001084e-05 0.00014095738992042848 0.009185791428855956 0.0 0.0 6.082392417099594e-05 2.8992078573252223e-06 0.0 6.616888350387876e-05 2.5407276133812304e-05 0.0001143173054632909 7.703614269091075e-05 0.0001804752358865217 1.768826367000821e-05 0.00029511644722580695 3.8674342745865566e-05 0.00015084642454815694 5.822212448551282e-05 0.0 0.0 0.0 0.0 0.0 0.0 0.0 0.0 0.0 0.0 0.0 0.0 0.0 0.0 0.0 0.0 0.0 0.0 0.0 0.0 2.3871020098039676e-06 0.0 0.0 0.0 4.407400049439394e-06 0.0 2.6130738194012847e-05 2.609900921547839e-06 0.0 0.0 0.0 0.0 0.0 0.0 0.0 0.0 0.0 0.0 0.0 0.0 0.0 0.0 0.0 0.0 0.0 0.0 0.0 0.0 0.0 0.0 0.0 1.863494026952643e-05 0.0 0.0 0.0 0.0 0.0 0.0 0.0 0.0 0.0 1.2376256143745078e-05 0.0 0.0 0.0 0.0 2.5001282898526518e-05 0.0 0.0 0.0 0.0 0.0 0.0 0.0 0.0 0.0 0.0 0.0 0.0 0.0 0.0 0.0 8.507744312806214e-05 0.0 2.1203318017273428e-05 0.0019366826007532025 1.0449959968271834e-05 2.4170188064433215e-05 4.554289136941495e-05 0.012963699694713617 8.572075422718057e-05 0.0 4.166575613411372e-05 0.0002489712766379681 0.0 0.0 0.0 0.0004233857395922313 0.0 0.0 0.0 0.0 0.0 0.0048622435334265135 0.00029747870916992873
0.03888149378856185 0.08110617453834537 0.005482129612804928 0.05135726921962639 0.01372212864154439 0.002302656363064296 0.0 0.0015720305368671732 0.0164006311584797 0.018013931652082864 0.006431482103332827 0.0018187813490737226 0.0885722881213659 0.03461573393480966 0.0003876313072197128 0.00013593446705292521 1.2155100711729812e-05 2.0430706245659723e-06 1.943499198670429e-06 0.0 6.716225532845677e-06 0.0 1.115552979427646e-05 5.809671000695477e-06 0.0 0.0 0.0 6.8815573098754995e-06 0.0 2.0363838924529455e-06 0.007399876806219613 0.0011284455864532129 0.00013020036658430633 1.0224011573883618e-05 4.014821993381581e-06 6.795968630825175e-06 0.00016003730396310382 3.0872399792549054e-05 2.513192043026191e-05 1.6779238361339664e-06 0.0 1.8842769889854323e-06 0.0 1.3062877767476186e-05 2.283362889830555e-06 7.649709077908885e-06 0.0024375012619757873 3.271096140228603e-05 5.549979280362972e-06 9.974348962131191e-06 6.153340652924193e-06 0.0 0.0 9.271201803372632e-06 7.134952850994262e-05 0.0001522917283299984 0.0013305757624966477 0.008441235951855555 0.0002420053872754137 0.0009589277079158268 1.8443134538491316e-05 1.5286567347071872e-05 1.4082397895004407e-05 0.0011076334660908207 3.586570242053783e-05 1.549511068976824e-05 2.219487188988855e-05 5.151998979313046e-06 0.0 0.0 0.00038443961234281484 7.20440615208064e-06 0.0 0.0031624317963580765 0.0012195632140286666 0.0024589461424344614 0.0005036523176082754 6.641041016781307e-05 0.00010091411731919615 0.0003556942552453135 1.9012617696452432e-05 7.61127106343739e-05 9.809308809503421e-05 3.915003931343349e-06 3.3348896594716467e-05 3.0234589592879817e-05 8.282103939556204e-06 6.713416925709657e-06 2.6972325264554164e-05 2.0459411952267293e-06 9.516755487436745e-06 0.0 0.0 2.2639370964585056e-06 0.0 0.0013152521345675123 2.4371322122465194e-05 0.0 1.1005481236888684e-05 0.007219230862497128 2.7961168880001267e-05 5.215991527833458e-05 0.0008441000532024309 0.0009634655959928707 6.017149164520036e-05 0.0014137523922913352 0.00039695419223576434 0.0007447754389875244 0.000879191602832197 0.0018624313048508537 0.0003092946139350181 0.005031614702738087 0.0008938915275400469 0.0017468885966950333 0.0011431118069619632 8.740149276023186e-06 0.0 0.0 0.0 0.0 0.0 0.0 0.0 0.0 0.0 0.0 0.0 0.0 0.0 0.0 0.0 0.0 0.0 0.0 1.4034308871249359e-05 2.4313561460292443e-06 0.0 3.2638249870285726e-06 0.0 0.00022941909746724342 0.0 0.00011738275277954886 6.4634641358782385e-06 0.0 0.0 0.0 0.0 2.269735481724249e-06 0.0 0.0 0.0 8.648736939114716e-06 1.3104340956931217e-05 0.0 0.0 0.0 0.0 0.0 0.0 4.033361723574335e-06 1.4188287621244266e-06 1.7686026588847289e-06 3.6006349573553138e-06 8.859521778063452e-06 0.0 2.152181997358592e-06 9.09550425942796e-05 0.0 0.0 0.0 2.4146203613023787e-06 0.0 0.0 0.0 0.0 0.0 0.0004952075015633605 3.586309431945115e-05 0.0 0.0 0.0 0.00031363559197858495 0.0 1.225954563735601e-05 1.5163233899028906e-05 8.918883900473839e-06 3.172927084395506e-06 0.0 1.8998066925256362e-06 0.0 0.0 0.0 2.673623175125208e-06 0.0 0.0 0.0 0.0 0.0016493094494508707 5.7023123735324564e-05 5.578922929950428e-05 0.006578186271124098 0.00016014566035525964 0.004540883459751539 0.0012047378590088272 0.011893675374531995 0.0004825207617260974 0.00010036030956279287 0.00037787091465463186 0.0004025346836041133 2.847624669304194e-06 3.2586664550841246e-05 6.206778483840437e-06 0.0008210457236265288 1.8641874094515745e-06 1.9511408084914524e-06 2.3885662977177917e-06 0.0001411554798490326 3.6699792970297632e-06 0.00967550052275639 0.0020091747578212973
0.0010595981551203152 0.006996935622253676 0.027334650505217113 4.174655352548095e-05 0.005882311802930858 5.9434411311565455e-05 0.0015720305368671732 0.0 0.02018883317456426 5.536671448754889e-05 0.07683608785965808 0.00015379160964532654 0.005095338337325611 0.04792749905983443 0.0014703574003204717 0.0009686893012335357 0.00042215157096400807 0.0004935678449994548 6.856158978716952e-05 0.0010209706149319048 0.0012741268821490827 1.1840976546950075e-05 0.0011285113586794206 0.000548755250748421 0.0001768837240305334 7.651730870076361e-05 3.3914817991839155e-05 4.764745995493809e-05 2.3686121853689756e-05 0.0 0.0802224890063702 0.07662380374045542 0.004434944499000061 0.001272920010965541 0.0010456488381295488 0.00024206056967642815 0.0013091957739862956 0.0015704488341637519 6.011887426006988e-05 0.00010379322326518038 0.00028290301326021756 0.00018807682122892213 0.0005151490630251608 0.00033927687283071293 0.00014702894435374665 0.0006455609698857863 0.004270452031462573 0.00019378256371744572 0.0003526129266167675 0.0006820306461586398 0.000307173028216872 1.3431286090528474e-05 9.18441998392091e-06 1.958611752191515e-05 0.00010499818286637165 0.00018068429686062866 0.0013723567147607854 0.012163449150286878 0.00035509600525456496 0.0008998540018107015 0.0066024564199036965 0.009722072785844789 0.00034021748964110324 0.016779283454191017 7.218389553577348e-05 0.00011592243053130743 5.3497586590772354e-05 0.00024839521803864714 0.0005916891097513462 0.0007385565135214119 0.0011838889076491266 0.0002660831706730754 1.4585634585038888e-05 0.003905430386209369 0.004733658619722575 0.004351315336567308 0.0030238258159347585 0.009813227550276814 0.016064618206702314 0.06387520661788665 0.005456537699982872 0.03071857945375145 0.00015191434640971 8.807476680130744e-06 6.946777269041582e-05 4.0391069907226824e-05 0.0002911433187678582 1.0900564962189789e-05 3.27935545179144e-05 7.368076027793421e-06 0.00014556914658791977 7.121493825340932e-05 0.0006832806739475717 0.0003620711516936749 0.00022212831294372208 0.0005297058101236204 0.0001507940376612487 7.23822544804666e-06 6.752655670299966e-05 0.0036347783225557117 2.1795920116476585e-05 8.711553642212628e-06 2.8637311055825093e-05 2.193826510051859e-06 9.945577029151971e-06 1.3500678387230667e-05 2.1115030042661423e-05 5.149596119080659e-05 3.724968758548142e-05 0.0001421015212843611 4.496330800467706e-05 0.00016746933289494138 8.396972819957584e-05 0.00024033598304331978 0.0004032363016187872 1.2280540158391195e-05 5.982205618803584e-06 5.671177042103679e-06 1.8899602773845874e-06 0.0 0.0 4.656476063008002e-06 0.0 0.0 0.0 0.0 0.0 3.281768801672118e-05 0.0 0.0 0.0 2.5771238916514855e-06 0.0 0.0 1.8839858974392447e-06 8.732011196781597e-06 0.0 1.6147281050478822e-05 9.438805982294923e-06 0.0004631459381488479 2.954665288087676e-05 0.0003702496830687763 0.00017184856070261517 5.5517099200864486e-05 0.0 0.0 0.0 1.9064019256746155e-06 1.875881723055051e-05 7.1297748165252e-06 0.0 6.43197174534733e-06 1.9749834745677545e-05 0.0 7.606316797982231e-06 2.9882940956946003e-05 1.5780641504405408e-05 0.0 0.0 0.0 0.0 2.1004027183796725e-06 2.69298794888862e-05 0.0 7.103444094176109e-05 2.5906615363814134e-05 0.00014200789866132944 0.0 0.0 2.2763906992190446e-06 4.781606148779296e-06 2.6226742378266787e-06 6.110004703474573e-06 0.0 1.220570420618404e-05 3.171809944464745e-05 0.00036294854393786457 0.00016650037683053345 0.0 6.817895649622075e-06 1.5384524219699988e-05 0.0001543252530701305 1.1858833003680857e-05 4.7075419545564155e-05 1.8353585217927356e-05 4.333629352226317e-06 4.712434911138329e-06 2.4905515606765167e-06 6.4602406623910886e-06 0.0 0.0 0.0 2.7720797143090705e-06 7.702930873833477e-06 2.4588214555325237e-05 3.969688797225507e-06 1.0973434219525787e-05 0.0005032932342628404 0.0002175886493909401 0.00038936797186832003 0.007747687571544288 0.0007671593752933954 0.007314658083514746 0.0026347836257473185 0.002192375934650835 0.00031499628266434034 0.00011050963636329013 0.0005559068365734094 0.00022716361420518693 2.250375975621661e-05 7.356145293655386e-05 1.1185117148971886e-05 0.00015302691474164867 0.0 0.0 1.9808481318785065e-06 0.0002805231087629333 1.9280895551685745e-05 0.0011065093224548299 0.00030401917706791284
0.0030050341997510995 0.05633192877063661 0.03325038447501213 0.0002985357449384281 0.061669333083689756 0.00013238271050722609 0.0164006311584797 0.02018883317456426 0.0 0.00047519785954375026 0.042203860023189946 0.00037099938949822713 0.011182023308811535 0.043737626389963445 0.00033564403724126147 6.424873206998276e-05 1.0667280360512797e-05 2.0306856840896026e-06 0.0 3.966879581111356e-06 0.0 8.741162767876203e-06 0.0 2.6999919281585234e-06 0.0 2.2456398918060638e-06 2.459998823400353e-06 2.332009889797307e-06 0.0 0.0 0.015551765219746674 0.001128301715674466 4.009551561705728e-05 8.41240820800989e-06 0.0 9.066086550815127e-06 5.958825106230216e-05 1.364965103250709e-05 0.0 6.6546324190556684e-06 0.0 0.0 0.0 1.1429275968629003e-05 0.0 1.844713354562715e-06 0.0015525706262566078 2.940382208453146e-05 0.0 4.065402803400465e-06 1.8513999344312092e-06 0.0 0.0 0.0 3.264186902731291e-05 8.411712008987105e-05 0.0003979156298561781 0.0025795624859593245 0.00010516889283375745 0.00045521575049111356 2.3825663863643443e-05 2.601110626728915e-05 0.0 0.0007066414510621899 2.5413439144733444e-05 8.489718742848705e-06 1.5000306824390314e-05 3.477797674243846e-06 1.983729359656541e-06 0.0 9.482692447974152e-05 2.1113869482589994e-05 0.0 0.0012910645047604548 0.0007154940399287315 0.001300106268724754 0.0003481367709572608 5.568929948997917e-05 3.820404050657408e-05 0.0006893111692484242 1.5521855030063295e-05 3.555171877746162e-05 5.084384350670425e-05 4.503655437172012e-06 3.9062102414713496e-05 1.6000113416380013e-05 3.472453129929559e-06 1.777462377210484e-06 9.133613851993891e-06 0.0 1.6582052765258719e-06 0.0 0.0 0.0 2.3756576360495362e-06 0.00027318159362077325 2.713824531445766e-05 0.0 0.0 0.000931183740068353 5.624006052879756e-06 1.1422850944867387e-05 5.317868392685025e-05 4.1636682147981967e-05 1.691094510642697e-05 7.697324651616685e-05 6.613454429283417e-05 0.0001068661742577129 0.00013901621762719312 0.000276229762705035 3.744192249385372e-05 0.0005989837052600054 0.00015330167714825582 0.0004999829451579523 0.00028209928544655746 2.266012493925886e-06 0.0 0.0 1.4202061793079924e-05 0.0 0.0 0.0 0.0 0.0 0.0 0.0 0.0 0.0 0.0 0.0 0.0 0.0 0.0 0.0 5.352809517713409e-06 1.9557667586122217e-06 0.0 0.0 0.0 0.00010731571247419145 0.0 9.36135494097704e-05 6.949951643666992e-06 0.0 0.0 0.0 0.0 0.0 0.0 0.0 0.0 2.515711948855183e-06 1.6542849798133554e-06 0.0 0.0 0.0 0.0 0.0 0.0 0.0 0.0 0.0 3.319393632422037e-06 2.7698834346828667e-06 0.0 2.1807592095807123e-06 4.4417833505006075e-05 0.0 0.0 0.0 0.0 0.0 0.0 0.0 0.0 0.0 0.0001906855643308001 2.0295807084969902e-05 0.0 0.0 0.0 9.879133054393295e-05 0.0 0.0 0.0 3.881442385370893e-06 8.303078821046695e-06 0.0 0.0 0.0 0.0 0.0 0.0 0.0 0.0 0.0 0.0 0.0006583305398834147 1.800242665714374e-05 2.4845969116225894e-05 0.0034536568462330205 9.024040706309671e-05 0.0024673443880948334 0.0006457365099632109 0.0019305926430007927 0.00019280592676412738 2.901569946471799e-05 0.00027354118409274623 0.00010705881824714409 0.0 2.0620337924770373e-05 0.0 0.00013966887958549924 0.0 0.0 0.0 0.00011077125108431296 4.759053252709185e-06 0.0015791324533701587 0.0004134818468115957
0.011861184745832271 0.011472141103688724 5.650839471450791e-05 0.03748983371426413 0.0004042831248240449 0.00569532741341078 0.018013931652082864 5.536671448754889e-05 0.00047519785954375026 0.0 8.066180527921236e-05 0.0493698438934446 0.21144471264011222 0.01425479617173937 0.0001396767684404411 3.873703506518041e-05 4.4736672226224506e-06 0.0 0.0 0.0 0.0 3.859699430213816e-06 4.170452444309853e-06 0.0 1.1264306685831123e-05 3.639250504176185e-05 0.0 3.6508439862257706e-06 3.4696535052209572e-06 3.1137429358436418e-06 0.0012872807633246529 2.464585007249226e-05 0.0009335459577093157 0.0 0.0 6.52284026478562e-06 0.0020367512607935958 9.596039903088652e-05 7.957034123661683e-05 2.0309623733030135e-05 3.1507404886706503e-06 8.244406518613178e-06 0.0 0.0 0.0 3.6489168749330694e-06 0.0002881222201316803 5.629480309535755e-06 0.0 0.0 0.0 7.522810367403249e-06 0.0 2.6888945196937165e-06 6.3381012682167145e-06 1.4292389539938684e-05 0.001923417511036404 0.0021613842658825266 0.00011262217662478082 5.282868805756153e-05 1.2309712190001892e-05 3.6994286877298127e-05 5.5498290150093696e-06 7.705219565890923e-05 5.797218311402134e-06 2.252579045354017e-06 3.912309355362191e-06 3.5406731437313095e-06 0.0 1.3460941498529936e-05 0.018752469726355477 0.00012906389540402765 0.0 0.00031030484958197494 0.00015602944487341726 0.0001334313469448661 7.499197605795514e-05 2.5041802628613494e-05 1.7110245379064686e-06 4.093519826074124e-05 7.984378337863791e-06 3.8216437778857574e-06 1.0732282533875102e-05 1.6191953554679477e-06 5.335191323676029e-06 0.0 0.0 0.0 4.356179051161246e-06 2.8830203051599766e-06 0.0 0.0 1.075609540569639e-05 1.7798590106414912e-06 0.0 0.008124123868460814 0.0010420252407383308 9.572840241795467e-06 0.000407412312054246 0.014936791833931368 3.1304890123009064e-05 1.724478859203746e-05 0.0005909682370661547 0.00044429623458624876 8.471823981393538e-05 0.0008390512437403289 0.0005479831465600787 0.0013466984892444318 0.0013064278950031278 0.0029787987444182358 0.0006041064189377757 0.00477927455877992 0.0015930175822390785 0.004169199869317646 0.0016290050026409246 6.706581450688354e-06 0.0 0.0 0.0 0.0 0.0 0.0 0.0 0.0 0.0 0.0 0.0 0.0 0.0 0.0 0.0 3.964811186892472e-06 0.0 0.0 7.307070425654426e-06 5.57277074361555e-06 0.0 0.0 0.0 0.0003829235635715996 0.0 0.00015092614678863546 7.450177698070795e-06 0.0 0.0 0.0 0.0 0.0 0.0 0.0 0.0 0.0 6.2231729363253835e-06 0.0 0.0 2.2631938386507187e-06 0.0 0.0 0.0 0.0 0.0 0.0 7.655904516915453e-06 2.7593965267934853e-06 9.605601438260438e-06 0.0 0.00013205537166926772 0.0 0.0 3.2376106099512383e-06 0.0 0.0 0.0 0.0 0.0 0.0 0.0008930382605734592 7.410580752544362e-05 2.1505535898387057e-06 0.0 0.0 0.0004009481582506353 0.0 1.3382957890612829e-05 9.643271759676676e-06 9.629265110439852e-06 0.0 0.0 0.0 0.0 0.0 0.0 0.0 0.0 1.9666111366639714e-06 0.0 0.0 0.0034585637459781994 5.901763962011051e-05 8.05501917675277e-05 0.002806618700476998 2.512098044264373e-05 0.00048590536991300465 0.00020733708825542875 0.02606646754253629 4.555626468139646e-05 7.865320982005852e-06 9.398830480738365e-05 0.0003523020930653136 4.273562489874872e-06 3.812154680662544e-05 0.0 0.0016955366466524326 4.7010400168569685e-06 0.0 3.038562758748447e-06 7.842113129956819e-06 0.0 0.03663292326517022 0.004903439220864448
0.0037565302344507757 0.020197518956860984 0.07968419696101663 3.7075516034159604e-05 0.022486572205174544 0.0001558847181759084 0.006431482103332827 0.07683608785965808 0.042203860023189946 8.066180527921236e-05 0.0 0.00046907544371373985 0.02418701741788855 0.1143493090114904 0.0003777394399302121 0.00017390665877600853 1.4536798192873677e-05 2.8302837125605414e-06 0.0 0.0 8.084941636888735e-06 0.0 1.067788982525086e-05 1.7576410220940285e-05 3.393275163654793e-06 3.272344895557731e-06 0.0 0.0 0.0 3.944286949218256e-06 0.04262569743877904 0.006822366765378578 0.004335227273692032 8.242435865384174e-06 2.1501633109795763e-05 4.659849954093288e-06 0.00036869426888551984 7.000510439126473e-05 6.455592789057634e-06 6.577886254698923e-06 3.754638523209023e-06 2.820391471815203e-06 0.0 1.6012615432901894e-05 1.0290349997507894e-05 3.975730469254225e-06 0.0017568159010309026 1.9089535440397332e-05 1.9690905911206723e-06 7.913384733168503e-06 1.3088796333426825e-05 5.087232480487088e-06 0.0 0.0 5.249855355325243e-05 7.446959872855802e-05 0.0005377601871481594 0.004012188352665589 0.00011763537243685651 0.0004330894469505173 4.0438714985925034e-05 6.770744299942849e-05 0.0 0.0013485529800473623 1.7882172659260156e-05 1.9562527079355883e-05 1.2116379446305554e-05 6.775742944679238e-06 7.195733390040825e-06 7.028876731773235e-06 0.0002086177809858574 2.5504386222350507e-06 0.0 0.0014829642426837993 0.0008454721794317579 0.001522483135178809 0.0005616212239632233 5.92125617967264e-05 0.00011941652050195489 0.026655751090780517 2.185398054813387e-05 9.906559389296248e-05 4.8243560024520544e-05 1.7372708863356338e-06 2.482781258552152e-05 8.705540439911492e-06 7.736708607042117e-06 2.3753874020043055e-06 3.801552675906576e-06 0.0 4.290767035517381e-06 0.0 1.5149315703865479e-05 3.4617699788377518e-06 0.0 0.0003400550625375094 7.743763770923853e-06 4.835300968466444e-06 5.5878137213852715e-06 0.0027623164642663596 0.0 0.0 2.429080059819091e-05 2.1873514587368555e-05 1.1856434847804525e-05 7.215421165804443e-05 2.6884142034180545e-05 5.426853128475492e-05 4.892914714665316e-05 0.00016029918663450386 4.9031892109829184e-05 0.0003845799743418208 7.042413645729406e-05 0.0002887046576246693 0.00017068978082649655 0.0 0.0 0.0 0.0 0.0 0.0 0.0 0.0 0.0 0.0 0.0 0.0 0.0 0.0 0.0 0.0 0.0 0.0 0.0 2.7235353271572413e-06 1.0255251999713198e-05 0.0 2.601950712059389e-06 0.0 7.444165150421147e-05 1.0152407164123837e-05 3.863701314771313e-05 9.191514122402974e-06 0.0 0.0 0.0 0.0 0.0 0.0 5.0559404437609825e-06 0.0 0.0 2.2765962293379523e-06 0.0 0.0 0.0 0.0 0.0 0.0 0.0 0.0 0.0 0.0 4.791058402825637e-06 0.0 0.0 1.9851808742540863e-05 0.0 0.0 0.0 0.0 0.0 0.0 2.4381553868518068e-06 0.0 0.0 0.00012814364754188857 1.9948209067068446e-05 0.0 4.2245635005489226e-06 4.833212173480201e-06 4.770676711707224e-05 2.2854653868247238e-06 4.963486297516446e-06 0.0 1.6366733627397796e-05 0.0 0.0 0.0 0.0 0.0 5.843211536922443e-06 0.0 0.0 0.0 2.5526472336683904e-06 0.0 0.00045869515160477405 2.6159478460129313e-05 6.371192987561799e-06 0.003997788931869906 0.00012084070248633195 0.002789741503872829 0.0007489397810975213 0.0018896519541932303 0.00022906726354971347 4.9686445706451894e-05 0.0003076056678992183 0.00011920905231014721 0.0 7.575771977421756e-06 0.0 0.00010660547011123908 2.1888332852208274e-05 0.0 0.0 0.00015295658751127226 7.754719591973413e-06 0.001071640208176864 0.00020773222097474243
0.0036897232085496574 0.0027505193061317817 8.75870342377317e-05 0.02652528281888334 0.00022814739888706267 0.0017083846571438203 0.0018187813490737226 0.00015379160964532654 0.00037099938949822713 0.0493698438934446 0.00046907544371373985 0.0 0.041487319213950526 0.0057329848298192185 0.0005201910650252357 0.0002208205582909037 2.6093714759615314e-05 2.5127150152324293e-06 0.0 2.103883028393193e-06 0.0 2.440855900369735e-06 2.0431861781661585e-06 8.400331258222818e-06 4.188892758822868e-05 6.144424908610469e-06 2.181069818875971e-05 0.0 2.1876543492343143e-05 8.480187017156385e-06 0.00043379135560000376 9.563961888738932e-05 0.0008579241371901221 2.2121048363822682e-06 0.0 1.1934054286799834e-05 0.0037789657330871665 0.00022252987525413337 5.312758076584029e-05 3.532070398952004e-05 7.098776763991399e-06 1.3916689465001117e-05 0.0 1.7237527289058687e-05 1.8348504970121533e-06 5.473075542915065e-06 0.0008075654890918591 1.4685920799014637e-05 2.5108414940151785e-06 0.0 1.7175881041926828e-06 1.4034818129210655e-05 0.0 0.0 1.3591936195938622e-05 3.3035257024283765e-05 0.00012461868527269114 0.000639172399098304 1.2978277612175545e-05 0.0001268171209859652 8.496756703098268e-06 7.711963511499275e-05 2.702222006070947e-06 0.00016149251795054541 2.5334915220970394e-06 2.634792293637533e-06 0.0 2.5261277585478744e-06 2.7344762282426114e-06 9.993107010983586e-06 0.005035355618091379 8.655794782500227e-05 0.0 0.00023883979989993114 0.00013948973694570142 0.00045494946064498603 0.0003589962745033169 6.306428802852736e-05 2.7064584233308e-05 0.0001629378171650509 1.2957957991153043e-05 2.3189545252975106e-05 5.795432787524682e-06 0.0 2.8169492229348136e-06 5.805048856688021e-06 2.1730270142628383e-06 0.0 1.6098715958070568e-06 0.0 0.0 9.167985491123913e-06 1.3357526659410802e-05 1.565802132199732e-06 3.0352864564085104e-06 0.005960956333442361 0.00029454115730913083 0.0 0.00011695821859611406 0.0012566163143390798 4.4576994811132656e-05 1.3029856537349662e-05 0.00011187519765613021 7.160893705544464e-05 3.7949063190435745e-05 0.00021497407852060155 0.00012611482106803014 0.0004739557859226646 0.0005692701010247619 0.0011901091437884197 0.0003073995411339869 0.001781108146125218 0.0006551847353147332 0.001631621042975491 0.0014536348040807242 5.208628921342741e-06 0.0 0.0 1.8349565810024166e-05 0.0 0.0 0.0 0.0 0.0 0.0 0.0 0.0 0.0 0.0 0.0 0.0 0.0 0.0 0.0 1.9307396300728758e-05 1.4299253332443039e-05 0.0 2.6244104344755948e-06 0.0 0.000478143704773213 4.999071173326157e-06 0.0003104356416419108 1.3086856738082458e-05 1.2462805942529231e-05 0.0 0.0 0.0 0.0 0.0 0.0 0.0 9.54501892367733e-06 1.2147977494542034e-05 0.0 0.0 2.4540705735483655e-06 0.0 0.0 1.5790702432092785e-06 4.890378320753449e-06 0.0 4.505634311605773e-06 1.576287928704026e-05 7.102336545650896e-06 5.152783799878211e-06 4.039928334751202e-06 0.00012984018129294479 0.0 0.0 0.0 0.0 0.0 0.0 0.0 0.0 0.0 0.0010300699146932023 6.638844158625879e-05 1.6238269386364207e-06 0.0 0.0 0.00044359214396812207 4.164250915521983e-06 1.229280847955565e-05 1.4572489487611622e-05 5.74951050795653e-06 7.729550525856393e-06 0.0 5.9105651270895975e-06 0.0 0.0 1.9266148232798186e-06 1.9401833127520366e-06 0.0 0.0 0.0 0.0 0.0026144465415157124 0.00013941375581012061 0.00013641824993659366 0.0036864987264424794 8.626163977215219e-05 0.001355093755174813 0.0006433849010257635 0.0023418905150460355 0.00011668098663094483 1.8213860362290095e-05 0.00034998313494704524 0.00022170514180558718 6.181948923030949e-06 6.2493905105379e-05 6.9657815734253345e-06 0.0007013829775853877 2.5691319671611223e-06 0.0 0.0 9.609539471460995e-05 3.1713163372413937e-06 0.005503344824165081 0.0014089664936079614
