0.0 0.0423015114483274 0.014456913893984983 0.03794890232068424 0.0015818675061896135 0.005709423253670767 0.011337723370706154 0.0010089377825584847 0.0009166731486113292 0.013403751005432781 0.0035613356280460814 0.0021458738403806973 0.0033616809978587016 0.0009690234123427887 3.233032706844965e-06 1.1511888518811444e-05 1.0044337754622967e-05 0.0 2.122718660860074e-06 2.2593194195562257e-06 0.0 0.0 0.0 0.0 0.0 0.0 0.0 0.0 0.0 0.0 0.029362967687659097 0.00028807878650500646 7.49245328089076e-05 0.0 0.0 3.2534892445009495e-06 5.0412881873955335e-05 1.0871877785979846e-05 7.386303581466168e-06 0.0 3.7759707602603412e-06 4.595777347949875e-06 0.0 1.2702743853138724e-05 1.6182417720605156e-06 9.25514477076658e-06 0.0004564335011159694 1.1243334621851125e-05 2.943109978219396e-06 0.0 0.0 1.593593600248848e-05 1.0964417444264401e-05 0.0 0.0002933184097245045 9.378259345574904e-05 0.0023615766016965036 0.02133960495259752 0.0016911958592654016 0.0002226039718452447 1.9814393254553013e-05 0.0 3.306691286578333e-06 0.0003651363091580666 6.952288980582416e-05 1.6676259537169843e-05 1.4982330793833158e-05 4.346794054082631e-06 0.0 1.214145287446928e-05 0.0005194275900257751 0.00024207858026382192 3.9891885447225524e-05 0.005029254792821206 0.00081757306950684 0.00018742897929430064 4.328348227852989e-05 4.553760358311896e-05 9.62249531922617e-06 0.00015881361372606246 5.689542499545642e-05 3.2156166991805416e-05 0.00020839846952618664 0.0 0.0 3.4906932732874506e-05 1.7910377473558113e-06 4.600481866211191e-06 9.174486311470569e-06 2.561621428196647e-05 3.973008586145419e-06 0.0 5.644035149534893e-06 1.86849771285612e-06 1.6910430268739697e-06 0.004541221791377277 0.0010088835245312697 6.84109462960151e-05 8.071757839088097e-05 0.029623669632578013 0.0 3.2689706938224693e-05 5.915759927163572e-05 1.409567954329342e-05 0.0 0.0001876082370307049 9.81142192557368e-05 3.9377781895742555e-05 0.00015694927501951075 0.0001674597484016527 7.624949150511709e-06 6.432328247609201e-05 0.0003003548424457405 7.218721601097193e-05 1.7020775411581427e-05 3.064610631633209e-06 3.7661701895223155e-06 0.0 0.0 0.0 0.0 0.0 2.7741938241167843e-06 0.0 0.0 0.0 0.0 0.0 0.0 0.0 0.0 6.007107591996485e-06 5.97163227759387e-06 2.8809219365877386e-06 0.0 0.0 0.0 0.0 0.0 2.577739088472515e-05 5.366329799275911e-05 3.325439394580918e-05 8.049811992712967e-06 5.3032703529225075e-06 0.0 0.0 2.4337760399719838e-06 0.0 0.0 0.0 0.0 0.0 0.0 0.0 0.0 0.0 5.000808885704463e-06 0.0 0.0 0.0 0.0 0.0 0.0 0.0 0.0 0.0 3.168896252088232e-05 0.0 0.0 0.0 0.0 0.0 0.0 0.0 0.0 0.0 5.429056698711564e-05 3.4577431295544593e-06 6.561399816201604e-06 0.0 0.0 3.153568041157911e-05 0.0 1.3659002204361164e-05 0.0 0.0 0.0 0.0 0.0 0.0 0.0 0.0 0.0 0.0 0.0 0.0 0.0 0.0002349159717841956 2.4438501060387892e-05 1.1251296139020786e-05 0.006803250246777879 0.00021399660323591493 0.0021058819391575785 0.00027138256209814664 0.016890369993444433 0.0004637805170677395 3.66571491807956e-05 1.5928264760685402e-05 0.0009810385761453936 0.0 2.0522976319069486e-05 3.258246803111642e-06 0.0009052674533011019 0.0 0.0 1.3603585647333168e-05 0.00011713373151151201 0.0 0.00548506951332746 7.228439107433527e-06
0.0423015114483274 0.0 0.06931164976708606 0.02496843023278671 0.07331228585032899 0.0011897861006748 0.060264698622730546 0.006019657625129537 0.09595138268585632 0.013441484458062442 0.04025089812059058 0.0018768933132094446 0.020830517225401714 0.0181914676843633 2.7178411531408035e-05 4.0816948197326656e-05 1.894639340177883e-05 4.3619907570921675e-06 2.941437760659071e-06 1.312741575008223e-05 6.317671695859196e-06 0.0 7.068685432593117e-06 0.0 2.090768761679315e-06 5.63361866783078e-06 2.661970409993821e-06 0.0 0.0 0.0 0.054892046175609645 0.0009347732350203153 0.00027574089017802175 1.5309136334859782e-05 9.610074555228972e-06 1.7034880287035475e-05 3.2914311762420435e-05 2.9998506152418118e-06 0.0 0.0 5.9104577888202855e-06 1.4439218189449837e-05 9.008554882482843e-06 4.29992969084235e-05 9.42639341441508e-06 1.5772031759581067e-05 0.0019541108500779705 6.351602780671813e-05 2.177786919593832e-06 4.433899808937785e-06 4.01365565606885e-06 3.260445245229109e-06 0.0 2.488311323558679e-06 0.0005982964312877809 0.00023162306938117182 0.0023616281258955285 0.010438332526771643 0.003271768305603748 0.0008045790622900631 2.630170904312792e-05 3.751763980592481e-05 6.258101918746734e-06 0.0021367887730262282 0.0002066260939453946 5.495253128128227e-05 2.0745006114667185e-05 1.1809849914205768e-05 1.4439385668371198e-05 2.5491156710577847e-05 0.00011189793410848731 3.4291134919533025e-05 2.5673327647989492e-06 0.007221999740763704 0.003116435146402658 0.000891548388044379 0.00042506324551767736 0.00010540320102887301 1.0283388519792072e-05 0.0006810594546581576 6.836350893627322e-05 0.0001390470177019854 0.0004695367790066924 6.817881086730631e-06 1.8694315283889664e-05 0.00010575364938599813 2.2771593321219967e-05 2.099312919050455e-06 1.596618764611922e-05 3.4262773441080044e-06 3.7044609575900254e-06 0.0 5.3398797664317776e-06 8.665243988372079e-06 1.546045595123609e-05 0.00040444117728916383 1.125154960759947e-05 5.344004216144919e-06 0.0 0.012893626691883906 0.0 0.0 0.0 0.0 4.3338780860962615e-06 0.0004948904528814911 1.7054358632066304e-05 5.890575694220878e-06 0.00023753784288641947 4.03491503174039e-06 2.90881891016285e-06 1.8596766527155713e-05 0.00011093004545520172 1.58213170933137e-05 4.409718070743963e-06 2.07592212497566e-06 0.0 0.0 0.0 0.0 0.0 0.0 0.0 2.3556492126245197e-06 0.0 0.0 0.0 0.0 0.0 0.0 0.0 3.072850530272929e-06 0.0 0.0 0.0 0.0 0.0 0.0 0.0 2.5510648074603513e-06 1.7283943945068442e-05 1.0664158276643778e-05 1.2192527516351692e-05 1.2101697846785353e-05 0.0 0.0 0.0 0.0 2.665389101603597e-06 0.0 0.0 0.0 0.0 0.0 0.0 4.2073768528346155e-06 0.0 0.0 0.0 0.0 2.210291010061404e-06 0.0 0.0 0.0 0.0 6.041004554184334e-06 0.0 0.0 0.0 0.0 0.0 0.0 0.0 0.0 0.0 0.0 0.0 0.0 0.0 0.0 0.0 0.0 0.0 6.357088711862101e-06 0.0 0.0 0.0 0.0 0.0 0.0 0.0 0.0 0.0 0.0 0.0 0.0 0.0 5.2718907500073724e-05 7.771369767345656e-06 1.4506119428672707e-05 0.0014659461751630736 0.00033660251787915696 0.010140138810307387 0.0005102863643530283 0.006063015970485916 0.0020879292886862963 7.311466798771995e-05 0.0001326138803801014 0.00011521857757860485 0.0 0.0 2.893882104865254e-06 4.0889863890712094e-05 0.0 0.0 0.0 7.2089749225687e-05 3.1036594511744446e-05 0.002099454001557945 6.7021984774583645e-06
0.014456913893984983 0.06931164976708606 0.0 0.006299631990905397 0.008842635921352511 4.961147594783432e-05 0.002856709512944518 0.04387307745753975 0.049297849137809976 0.00280760892196333 0.03954952553684433 0.00016437807420744023 0.00408592747015125 0.012696822889342518 3.749558900394924e-05 0.00011535154909157702 3.6566130976896485e-05 0.0 1.8219759581271402e-05 6.275631914943817e-05 0.00012385864845643475 0.0 2.7378023582249497e-06 3.629915318195428e-06 1.8453010464600413e-05 6.9119827029401416e-06 3.6899058820796075e-06 5.15820628320593e-06 3.47835846680191e-06 0.0 0.07947327542914008 0.01128073736468786 0.0017127459564853732 7.807279675083658e-05 3.920949772543918e-05 8.360334950122831e-05 3.186925020443448e-05 4.425380387656854e-05 0.0 0.0 4.622943891622747e-05 3.169051499583573e-05 9.793946126969959e-05 6.96543520797641e-05 3.2343142581228886e-05 0.00016608342543110755 0.001071187041513016 3.171367803786486e-05 5.27125150128756e-06 1.902339079114125e-05 2.823984568087637e-05 1.6447522387572724e-05 0.0 2.4028253888278e-06 0.00024072640142104115 0.00010099989071451868 0.000681995220950763 0.004343271325434837 0.0012897534717844922 0.0005195134512611599 5.567045330476885e-05 0.00024400396101900235 0.00011518253103571227 0.00553121778347194 9.598872111984109e-05 3.948068403101186e-05 2.1830614287369425e-05 5.106930473743884e-05 0.00029211458393528647 0.00020654829291437497 8.083833487212021e-05 2.0957482218243956e-05 0.0 0.0034143339500057822 0.0029720325964056834 0.0007419269058681978 0.0007186046717490064 0.0001007840571568264 0.0002670221329775227 0.008206910426999354 0.00013731651860212398 0.002587297460580997 0.0002335253362771921 1.7966543988980619e-06 1.1633197423325845e-05 5.666075182712247e-05 3.058512663029621e-05 0.0 1.3808093483150358e-05 9.374071038495682e-06 1.603378757139887e-05 3.1226255228672982e-06 0.0001336431000715554 4.768720245012944e-05 4.35176903794368e-05 0.00011511629746197821 1.0127389940959147e-05 0.0 2.0122007350620433e-06 0.0016832481335509475 0.0 0.0 0.0 0.0 0.0 0.0 0.0 0.0 2.6199715183659596e-05 0.0 0.0 0.0 7.975284515619824e-06 0.0 8.007982444455116e-06 0.0 0.0 0.0 0.0 0.0 0.0 0.0 0.0 0.0 0.0 0.0 0.0 1.3784835932862328e-05 0.0 0.0 0.0 3.0669228694093372e-06 0.0 0.0 0.0 0.0 0.0 5.2853403039084625e-06 0.0 5.255821420740769e-06 0.0 1.0860531008693348e-05 7.2999204611891795e-06 1.5113933544334781e-05 0.0 0.0 0.0 0.0 0.0 2.515728844521098e-06 0.0 4.912111438183035e-06 0.0 0.0 0.0 0.0 2.720861270634272e-06 6.006903627743884e-06 0.0 0.0 0.0 0.0 0.0 0.0 0.0 0.0 1.793881449432687e-05 0.0 0.0 0.0 0.0 0.0 2.958497787215018e-06 4.866980851454021e-06 0.0 7.304060501550467e-06 6.386827310658877e-06 0.0 0.0 0.0 7.67971925819064e-06 0.0 0.0 0.0 0.0 0.0 0.0 0.0 0.0 0.0 0.0 0.0 3.662429695276212e-06 0.0 0.0 0.0 0.0 3.2583535267237187e-06 7.584449789924871e-06 8.644437384410214e-06 0.000626111714366979 0.00018024193866174003 0.00455681182104456 0.0002643873817497303 0.001910210740788637 0.0006792815768643954 9.043233145089834e-06 0.00012637342763760953 1.7772247224059958e-05 0.0 0.0 0.0 0.0 0.0 0.0 0.0 4.110177005162558e-05 0.0 0.0006954681686997681 8.486376821813214e-06
0.03794890232068424 0.02496843023278671 0.006299631990905397 0.0 0.0006842438586868682 0.00696614179383068 0.008229639977164364 6.807352513088173e-05 0.0006099464228930024 0.02474838196469002 0.0017377297414291738 0.02902574424087535 0.03536273956338769 0.0008936314010211529 2.4931461924967947e-06 0.0 0.0 0.0 0.0 0.0 0.0 0.0 0.0 0.0 2.631846545386577e-06 0.0 0.0 0.0 0.0 0.0 0.005095760127303895 1.913586895966955e-05 1.833896857013551e-05 0.0 0.0 0.0 1.4434664595091744e-05 0.0 2.7883276306704928e-06 0.0 0.0 0.0 2.2503416171468543e-06 1.6551112440100597e-06 0.0 2.5428980402114376e-06 0.00016271324082811793 1.6208680729962825e-06 0.0 0.0 0.0 3.855063886336434e-06 0.0 0.0 5.8237843771038795e-05 2.2884606715091978e-05 0.00045801648970018156 0.00278238066681648 0.0002638212997809573 6.121188945266756e-05 7.784311130408394e-06 7.339484382887022e-06 2.792566036770626e-06 9.445579442829514e-05 2.4846366720810815e-05 7.003677573114634e-06 2.272163541978442e-06 2.2858780083154167e-06 0.0 0.0 0.0001659008931764068 0.0001097711507888534 3.220302878339238e-05 0.000955730915898777 0.00021890123341318252 6.939448876368486e-05 2.7938421393581124e-05 2.1487952896446017e-05 2.640995362740603e-06 1.1574192124113408e-05 3.691044963764539e-06 0.0 4.8300257755951506e-05 5.002031224665081e-06 1.8929689227748696e-06 9.89364819330591e-06 0.0 5.40488891173691e-06 0.0 8.525338976638136e-06 0.0 0.0 0.0 2.244268175686646e-06 0.0 0.003503951557259559 0.00014137273817419708 4.094534313178936e-05 1.9324170557827413e-05 0.007839966788670254 0.0 2.6776265067202856e-05 0.0 3.168653295142424e-06 0.0 0.0001740601531264154 0.0001017524156190248 1.7128855570776473e-05 0.00014872831307034478 8.002337922620193e-05 1.809004699594754e-05 3.5839207523935794e-05 0.0001477591466268242 6.880436424745301e-05 7.025113589222429e-05 2.9249087805102093e-06 0.0 0.0 0.0 0.0 0.0 0.0 0.0 0.0 0.0 0.0 0.0 0.0 0.0 0.0 0.0 0.0 2.3170853426049118e-06 2.960487925414935e-06 4.8724060755535244e-06 0.0 0.0 7.326809989582807e-06 0.0 8.318818982839623e-06 1.309408840910101e-05 5.4505036604187286e-05 5.313177325815947e-06 6.0459839178924155e-06 0.0 0.0 0.0 0.0 0.0 0.0 0.0 0.0 0.0 0.0 0.0 0.0 2.2375105137194864e-06 3.0503099890714637e-06 0.0 0.0 0.0 0.0 0.0 4.368921041287295e-06 0.0 0.0 3.376997394774477e-06 0.0 0.0 0.0 0.0 0.0 0.0 0.0 0.0 0.0 1.65214381326364e-05 4.005282192185702e-06 7.57606812889682e-06 0.0 0.0 1.0976816349208521e-05 0.0 0.0 0.0 0.0 0.0 0.0 0.0 0.0 0.0 0.0 0.0 0.0 0.0 0.0 0.0 0.00012091010795008091 1.0115839038691715e-05 1.1674683012954412e-05 0.002204161437767463 6.297099096275078e-05 0.0009856464293343415 6.437726405057688e-05 0.011817174178740765 0.00020711611123131263 4.1909872241491155e-06 1.2927114817612212e-05 0.0005067269047811055 0.0 0.0 1.4752589735077851e-05 0.00044497896110872994 3.326206920582055e-06 0.0 0.0 0.0002283543098200854 0.0 0.0023183671608525925 3.429610560391122e-05
0.0015818675061896135 0.07331228585032899 0.008842635921352511 0.0006842438586868682 0.0 1.1297412794063199e-05 0.02183260340992701 0.0005350838852517288 0.08988481640622312 0.0012825682745451648 0.0061554338505392285 0.0002898615830678961 0.010054785294184018 0.00872609796331517 1.4380508630367251e-05 7.299715548639423e-05 6.062077324263068e-06 0.0 0.0 2.391124205570472e-06 0.0 0.0 0.0 0.0 0.0 0.0 0.0 0.0 0.0 0.0 0.004614475840884557 0.0006064069402453947 1.155629052401403e-05 0.0 0.0 3.253172931144672e-06 6.51259176524919e-06 0.0 0.0 2.032776211683295e-06 0.0 3.226180536618919e-06 0.0 1.2206475842410916e-05 4.346994000126945e-06 1.9476882403010674e-06 0.0012406092898332617 2.3730981695968916e-05 1.9764611832825384e-06 1.8418446158380413e-06 1.8328004326277843e-06 0.0 0.0 0.0 0.00021751726475663916 6.616636936120378e-05 0.0006348485837216918 0.0015667856675214145 0.0011106908015516657 0.00041056328455575224 7.566543850160544e-06 0.0 3.920818168186132e-06 0.0010655989929435367 4.7571616920769355e-05 2.101285553935079e-05 2.5387496419769127e-06 0.0 2.0494946905349268e-06 0.0 1.625669864043787e-05 0.0 0.0 0.0019008087914210527 0.0014002533228780103 0.0007847126041463776 0.0004483803660650039 4.817208189420456e-05 9.541121136670247e-06 5.552690152792282e-05 1.0365358843729315e-05 3.102622962383472e-05 0.0002125691593337279 0.0 0.0 4.0826464600374704e-05 5.594061335994528e-06 0.0 4.007065151566392e-06 0.0 2.377341429692634e-06 0.0 0.0 0.0 1.7902432672134923e-06 0.00028118597756690913 0.0 0.0 0.0 0.0004089021955036391 0.0 1.2520016956428603e-05 0.0 0.0 0.0 0.00024028828459917242 0.0 0.0 0.0 2.0141616849969716e-05 2.3714200372339683e-06 0.0 1.3350880528223048e-05 1.797368739894324e-05 0.0 0.0 0.0 0.0 0.0 0.0 0.0 0.0 0.0 0.0 0.0 0.0 0.0 0.0 0.0 0.0 0.0 0.0 0.0 0.0 0.0 0.0 0.0 0.0 0.0 0.0 0.0 2.9716193267373007e-06 0.0 0.0 0.0 0.0 0.0 0.0 0.0 0.0 0.0 0.0 0.0 0.0 0.0 0.0 0.0 0.0 0.0 0.0 2.568912885025359e-06 0.0 3.220454750539619e-06 0.0 0.0 0.0 1.2148643217104682e-05 0.0 0.0 0.0 0.0 0.0 0.0 0.0 0.0 0.0 0.0 0.0 0.0 0.0 0.0 3.261716284874155e-06 0.0 0.0 0.0 0.0 0.0 0.0 0.0 0.0 0.0 0.0 0.0 0.0 0.0 0.0 0.0 2.5376142891892694e-05 0.0 0.0 0.0009984003420161647 9.875511158346636e-05 0.005830219837432339 0.00033655240656252925 0.0033261298388103182 0.0011933847895320348 1.2639057823458024e-05 0.0001612258926731607 1.3576244793784849e-05 0.0 0.0 0.0 1.3157498950421618e-05 0.0 0.0 0.0 1.5944355916859416e-05 0.0 0.0006388899328692681 0.0
0.005709423253670767 0.0011897861006748 4.961147594783432e-05 0.00696614179383068 1.1297412794063199e-05 0.0 0.000755711844506464 1.2438726995518358e-05 4.704539991785892e-05 0.01356542344255714 0.00012699600907054368 0.00246372697664597 0.0030346757240742595 0.0005131480884155234 2.3361618828799668e-05 3.2642926314445095e-05 3.3277647638617255e-05 0.0 3.927623405739399e-06 0.0 3.5831417664624103e-06 4.4492492360078584e-05 0.0 3.064801576890962e-06 0.0 0.0 1.3009266282378988e-05 0.0 3.1127442665068896e-06 0.0 0.0026908796348489783 9.290528952205266e-06 0.0002237138289405832 1.2531812165759827e-05 1.7581806331810596e-05 3.88653867256945e-06 0.0008323522848543914 7.586217705133738e-05 0.00010366002014220414 1.7857321372805682e-05 0.0 0.0 5.403532364619538e-06 3.214437403267082e-06 1.0024820191879267e-05 2.9177071868916057e-05 3.3325825634510416e-05 0.0 0.0 0.0 0.0 0.00031691865499567826 0.0001298555255294066 2.1588314238251873e-06 7.068821408761517e-06 1.5129292904415735e-05 0.001281857208549384 0.0015376844446379325 5.388618141652511e-05 8.358195977487999e-06 3.026659683032721e-05 0.00012646160601298458 1.2243424071242868e-05 9.034318991099714e-06 0.0 0.0 0.0 0.0 0.0 7.65786245531113e-06 0.006496256794000809 0.014972869539890207 0.001798637798884141 0.0002092630902265206 6.411343042325436e-05 4.803903821421156e-06 7.155675302321301e-06 3.7051924322264193e-06 2.6435519075805243e-06 6.657444091461926e-05 5.019197974833104e-06 9.212035310659785e-05 0.0 8.984892698620408e-05 0.0 5.622199723523465e-06 0.0 0.0003326978006715732 0.0 0.0012437151208527764 0.0 0.0 0.0 0.0 3.666628240750148e-06 0.01816935388395386 0.009986407033922944 0.0024974791746831724 0.0013595157516529933 0.012891252926820316 0.0 2.301597046256473e-05 1.762124681414989e-05 0.0 1.647547561606384e-05 4.967555254736043e-05 0.00010665098730256714 0.0 5.786262621366844e-05 5.734018455853524e-05 5.412687932563483e-06 1.0338062672657135e-05 0.00014994277473543932 4.4495287425762356e-05 4.8004664210335993e-05 1.0286458591650952e-05 4.554467916572571e-06 0.0 2.7794850007878656e-06 0.0 0.0 0.0 2.004651598572363e-05 0.0 0.0 5.5709845086423716e-05 3.0821779168031853e-06 3.225066978593021e-05 1.7791670600001432e-05 4.7004525738803145e-05 3.0134557380949057e-05 7.81640542792212e-05 0.0002503804491582844 9.25343603572935e-05 0.0 0.0 3.3029440662590876e-06 3.6765567512400013e-06 9.179075105333248e-06 3.313074322950565e-05 3.627743460543981e-05 4.5202474564720256e-05 8.193121841274518e-05 6.770228961792283e-05 3.729087270348618e-06 4.024068762478e-06 0.0 0.0 0.0 7.464178065333267e-06 0.0 0.0 5.245710965779724e-06 0.0 0.0 1.9296760912553235e-05 0.00023201283896021426 2.057696898380923e-05 0.0 0.0 0.0 3.4539187596361226e-06 1.5344384057945075e-05 0.0 2.403057801995067e-06 3.7549786758039896e-06 3.3140259632553692e-06 0.0 0.0 0.0 0.0 2.04811210542786e-06 0.0 0.0 0.0 0.0 1.31908266128595e-05 0.0003053617667229996 0.00010562772130996641 8.489042340461853e-06 1.5705463147640116e-05 3.679305205707664e-06 2.742331039691669e-06 0.0 9.152143144660118e-06 0.0 0.0 0.0 2.5777019923736173e-06 0.0 0.0 8.50961942436642e-06 7.77635597808066e-05 0.0 0.0 0.0 0.0 0.00013007083864876166 8.984262482832822e-05 7.03223491511231e-05 0.0021239523322931575 6.776143475078363e-06 0.00013200368025235906 3.56974027033242e-05 0.0026568423118238462 7.784389405105806e-05 0.0 5.9524860937328015e-05 0.0004714322072336667 0.0 2.1510480097195972e-05 1.4682922843455852e-05 0.0003726589423495339 9.269222804589278e-06 0.0 0.0 4.446730976656487e-05 0.0 0.0012901310766397693 0.0002590478255294297
0.011337723370706154 0.060264698622730546 0.002856709512944518 0.008229639977164364 0.02183260340992701 0.000755711844506464 0.0 0.000756882968670095 0.08519286639466832 0.019018734226177617 0.008631881137519866 0.006520757092693711 0.07828104311992816 0.052531883081543884 6.315349734019015e-05 0.00011481306064128929 1.0057183162871835e-05 0.0 0.0 0.0 4.337730744200933e-06 0.0 8.907524267904856e-06 0.0 3.2627005851759063e-06 0.0 0.0 6.10161231486125e-06 0.0 1.5101233595225868e-06 0.006969744956078834 0.0004108577562176144 0.00021381721579174717 2.2623557866840024e-05 0.0 6.336375008875808e-06 0.00014966645508841702 1.9486400091885362e-05 1.2463625742798744e-05 0.0 1.6076439887985375e-05 4.111239451579059e-06 5.000925092288094e-06 2.1634040805633886e-05 2.309880695148012e-06 1.4634121060908366e-05 0.0014494258655040522 1.7176320415063022e-05 6.30888516016424e-06 2.8474943011276977e-06 1.7257493526476313e-05 0.0 0.0 0.0 0.00037113985259931345 9.891964547961219e-05 0.001084485927470752 0.003546759078748397 0.0014595033208491838 0.0004919500371922918 2.7294889424464285e-05 2.7878791021887714e-05 2.5522904895702634e-05 0.0010903490451404708 9.264197617233902e-05 3.054431899276967e-05 1.0755679238763653e-05 1.6810465282999173e-06 9.442778864163964e-06 2.5918083465283145e-05 0.0007804025326585497 6.292904102897267e-05 0.0 0.003140122809723836 0.0018275223681739835 0.0008837153050268927 0.0005727174445804865 6.890365771022477e-05 3.777538665133561e-06 0.00022603537433365722 2.9840834873839873e-05 0.00010798523866798729 0.0002705787139050292 8.141640749587552e-06 1.3767772048826427e-05 4.9156702688249976e-05 2.3020231692087934e-06 1.8580270657043128e-06 4.1598019096410265e-06 2.519969018632876e-06 0.0 0.0 1.5149488258533128e-05 0.0 0.0 0.004387659043013858 7.728802797503146e-06 5.554006067787465e-06 1.4024579758596613e-05 0.0016712620956507397 0.0 1.2803739428940457e-05 0.0001228990908347528 8.371450600068717e-05 5.815414947501851e-06 0.000594273204420303 7.118901303000633e-05 8.295651665436866e-05 0.0006341534899431201 0.0001592002010448707 3.958621600324022e-05 0.00038668947162804723 0.00048091264394224583 0.0001010627698879755 0.00010644827014109055 1.1860062891503318e-05 0.0 0.0 8.553931743160061e-06 0.0 0.0 0.0 0.0 0.0 0.0 0.0 2.4600468928722267e-05 1.4285278540542685e-05 0.0 0.0 0.0 3.583550337880937e-06 0.0 0.0 8.498881485999423e-06 9.490944966160599e-06 0.0 0.0 0.0 6.751922085205175e-05 0.00020034754947235672 0.0002115595425517616 4.688490287448559e-05 2.791538259455219e-05 5.746772056079471e-06 0.0 0.0 0.0 0.0 2.7812356537739346e-06 2.482231452965213e-06 3.2709271915826174e-05 2.182596843494909e-05 0.0 0.0 0.0 2.551568690779422e-06 0.0 2.2536127601483676e-06 5.145893046462469e-06 0.0 8.031037959230521e-06 3.3299676420811407e-06 2.815717345631571e-06 7.2154905115958764e-06 4.1819846374310366e-05 6.041731785592777e-05 2.828126215732241e-06 0.0 0.0 0.0 0.0 0.0 0.0 0.0 0.0 0.00016430044949540025 1.2380763215893666e-05 0.0 0.0 0.0 3.0104358616939365e-05 9.226354951310307e-06 0.0 1.1319281651567567e-05 6.98719938311851e-06 7.082446992331204e-06 0.0 0.0 0.0 0.0 0.0 0.0 0.0 0.0 0.0 0.0 0.00028738362297033883 0.00012383519176374405 5.746149908854123e-05 0.00223281434609863 0.00026984627104116696 0.008160636790524358 0.0006494086593297729 0.006259939287721455 0.001943151786815883 2.8135595195634587e-05 0.0002434151660475281 0.0003284558186875224 3.305293914464773e-06 1.5989570885962437e-05 5.124168683728068e-06 0.00036294298511285744 0.0 3.3605744953243674e-06 0.0 7.818136247032092e-05 7.535781251164148e-06 0.0016889694542757431 0.0001300444918999433
0.0010089377825584847 0.006019657625129537 0.04387307745753975 6.807352513088173e-05 0.0005350838852517288 1.2438726995518358e-05 0.000756882968670095 0.0 0.004279334813507851 8.345736445817257e-05 0.039419632605974725 7.108019609213995e-05 0.0025296919718916355 0.019273760043642507 0.00011382217562125426 0.0001363071758619628 0.00021648328268472435 7.510127209308649e-05 0.00012819219849600653 0.00037904072439786887 0.0010217659858038407 5.495460612331284e-06 2.6729379327094483e-05 2.0316716383711243e-05 5.4927631087446906e-05 1.3804712723426801e-05 1.134024850167588e-05 3.7412480884153726e-05 1.0358041525712073e-05 1.7919227496943988e-05 0.0316263088720979 0.03652933147143616 0.0036855911623284326 0.00019581322033352888 8.423597878543842e-05 0.0004615097973483625 0.00027607188060261423 9.237088164264359e-05 1.2165558266705667e-05 2.6106360954191297e-05 0.00032732269102290086 0.00039058031155149426 0.0008816586899105466 0.00031792680593526184 0.00037304472972343646 0.0011778679049174678 0.0013581433692589498 9.479618922828855e-05 9.427394478681803e-05 0.0001868123493903873 0.00019138897161798086 4.972581342170074e-05 0.0 6.621952639934834e-05 0.0001496171521549321 3.5082437784196265e-05 0.000374326491234016 0.0024528604548101794 0.0007364093165006502 0.00046726920891969814 0.0006270322481141567 0.0012703949008633427 0.0003462995156018568 0.007812149736454311 6.611091262209292e-05 6.990808907476209e-05 6.290559028323025e-05 0.0002638202301339116 0.0018181063743647977 0.0014190940319371026 0.00014515955038186986 8.979082128346272e-06 0.0 0.0019631488354430386 0.002732181720459351 0.0009796548781553604 0.00143544158210616 0.0011673885734531841 0.006989307222514815 0.03968105899366552 0.0021211291108631874 0.023530418080043504 0.00017316370918082588 1.8391186633367802e-06 1.4506642920848214e-05 6.0510798257136256e-05 0.00030303317917881184 0.0 4.620859052289943e-05 2.074612333729904e-05 9.885687029738578e-05 3.673608415019355e-05 0.000804324238932273 0.0002626549108346987 0.00025091066058168795 9.569432757194813e-05 2.6064595536537693e-05 0.0 0.0 0.0001994310395589566 0.0 0.0 0.0 0.0 0.0 0.0 0.0 0.0 0.0 0.0 0.0 0.0 0.0 0.0 3.725754729124494e-06 4.560030241938793e-06 0.0 0.0 0.0 0.0 0.0 0.0 0.0 0.0 0.0 2.528194612451098e-06 0.0 6.206431456939665e-06 0.0 0.0 0.0 2.6539200100568724e-06 0.0 2.7563549080666707e-06 0.0 0.0 0.0 7.137017475422488e-06 1.3078853613476923e-05 0.0 1.0592031116452393e-05 1.4710957079026015e-05 3.053133278650246e-05 9.08537627432233e-06 0.0 2.537369949979812e-06 0.0 0.0 0.0 8.457436078453718e-06 0.0 0.0 0.0 0.0 0.0 1.4106982120288771e-05 7.968164732721925e-06 3.146747920161152e-05 0.0 0.0 0.0 0.0 0.0 0.0 0.0 7.713462564093634e-06 1.106231771385922e-05 0.0 0.0 0.0 0.0 0.0 0.0 0.0 0.0 4.104484361265202e-06 0.0 5.2328470737727415e-06 0.0 2.5699810855161254e-06 2.748583693241435e-06 0.0 0.0 0.0 1.657730794355906e-05 0.0 0.0 0.0 7.747884786468637e-06 2.1725736961635024e-06 0.0 7.2418957655268704e-06 0.0 9.07023373676049e-06 3.4608172196216255e-06 0.0 0.0 2.716110784070164e-06 2.1216404469942597e-05 9.542275487546666e-06 0.0013560160047456694 0.00042014746979499414 0.00462024461279173 0.0007035949348459223 0.001879757771903771 0.0007166370861449144 1.0977314285579329e-05 0.00015735115354958742 2.4881612675884443e-05 3.975352005217846e-06 1.081315777955572e-05 2.2014996525165063e-06 0.0 0.0 0.0 6.350931852397873e-06 3.9467415425066295e-05 4.376519633884561e-06 0.00044828993178713296 2.7044583336429268e-05
0.0009166731486113292 0.09595138268585632 0.049297849137809976 0.0006099464228930024 0.08988481640622312 4.704539991785892e-05 0.08519286639466832 0.004279334813507851 0.0 0.0017190614843867475 0.04417701346447202 0.0005279170742084202 0.02351181843663995 0.04141594652055853 6.9549649947911e-05 0.000103341473787217 4.0237059986339365e-06 0.0 0.0 0.0 4.591948638366589e-06 3.94523569484218e-06 0.0 0.0 0.0 0.0 0.0 0.0 0.0 0.0 0.0035651431470454234 0.0007308618776317572 0.0002248440381001624 8.575914074866427e-06 1.2139544386261735e-05 1.5462260930398187e-05 4.565845907301035e-05 0.0 0.0 7.705128478651688e-06 2.986285144068083e-06 1.511959037795989e-06 0.0 2.004610114590018e-05 0.0 2.804458647470703e-06 0.0011253829603272312 1.9836562674037176e-05 0.0 0.0 1.4321164355103804e-06 0.0 0.0 0.0 0.00014051700896515853 4.079139882176059e-05 0.000517517844601221 0.0011844346055540401 0.0009435589104972405 0.0003909526363203555 6.069350281260831e-06 1.0716093779469396e-05 5.371227738011284e-06 0.0011054985272913273 6.149385628961506e-05 1.957582338855158e-05 7.64335141936353e-06 0.0 4.638372766707051e-06 2.590597097822566e-05 0.0003474056984475385 0.0 0.0 0.001583240261151929 0.0012689589864173605 0.0007633902692586729 0.0006794072574187966 6.07915532024647e-05 5.340946681095892e-06 0.0002707007962342746 1.0660703260431096e-05 0.00010803973987716771 0.00015539026999545995 0.0 7.406170406874091e-06 4.091686769694939e-05 2.2563191037931924e-06 0.0 6.253659066209006e-06 0.0 2.3582960867867123e-06 0.0 6.814859394099515e-06 1.3824580834661375e-05 9.617264897864375e-06 0.0013198612939362457 0.0 0.0 6.6067547796813105e-06 0.0002369551697356333 0.0 1.0106375354536396e-05 0.0 0.0 4.9754983524389215e-06 1.058607645322912e-05 2.1244614542307357e-05 0.0 6.708927015451866e-05 1.0132926710520671e-05 6.097826198285797e-06 3.8663264580500906e-05 9.852669315815049e-05 3.698560684834113e-05 6.0741006713879405e-05 1.1246823873198405e-05 0.0 0.0 0.0 0.0 0.0 2.998667011809072e-06 0.0 0.0 0.0 0.0 0.0 0.0 0.0 3.6738822318047996e-06 0.0 0.0 0.0 0.0 0.0 0.0 0.0 3.29535640318836e-06 0.0 3.840411441602829e-05 5.4792275651862745e-05 0.0001257652874845271 3.691561255310798e-05 1.4860865982837256e-05 0.0 0.0 0.0 0.0 2.2818141531832305e-06 0.0 0.0 0.0 2.72354575522602e-06 0.0 0.0 2.583163701804358e-06 2.4503998498363947e-06 2.824038251350339e-06 0.0 0.0 0.0 0.0 0.0 0.0 0.0 2.0316460343479255e-05 3.818421700320383e-05 0.0 0.0 0.0 0.0 0.0 0.0 0.0 0.0 3.52317209726132e-06 6.953878551634713e-05 1.8921663097789795e-05 0.0 0.0 0.0 3.3226361799707317e-06 0.0 1.368685192380683e-05 1.173186067031002e-05 0.0 0.0 0.0 0.0 0.0 0.0 0.0 0.0 0.0 0.0 0.0 0.0 9.672545944836131e-05 3.6688213788326775e-05 6.02485199978771e-05 0.0014145185743469986 0.00012295344915644657 0.004935092460680853 0.00041235335487928103 0.003494833524202856 0.0013827536934060429 3.2909100146273408e-06 0.00015315440550058276 0.00011706806129057967 0.0 2.468408173547852e-06 2.44242451003023e-06 6.520897321412305e-05 0.0 0.0 0.0 1.5564361352750255e-05 4.877541024286442e-06 0.0005264071642961216 5.257826538821177e-05
0.013403751005432781 0.013441484458062442 0.00280760892196333 0.02474838196469002 0.0012825682745451648 0.01356542344255714 0.019018734226177617 8.345736445817257e-05 0.0017190614843867475 0.0 0.0011605481918466067 0.0792045859737443 0.13849265924420656 0.004547006095748945 2.338540196073151e-05 2.170468637206603e-05 0.0 3.2592648563629975e-06 0.0 0.0 3.4495199466612103e-06 1.1950559371238578e-05 0.0 0.0 0.0 5.8867432878859676e-06 0.0 0.0 0.0 0.0 0.001010634651826645 1.7184627498145286e-05 0.0001853785438608418 0.0 0.0 4.106995259258993e-06 0.00022461961666699287 7.375787448196563e-06 1.888006982017916e-05 4.816530156954267e-06 9.9740223241836e-06 5.458708632792024e-06 0.0 6.324039430894276e-06 0.0 8.338660895356173e-06 9.337642267558118e-05 0.0 0.0 0.0 2.385813259314624e-06 6.1009135323674715e-05 1.0319704925553125e-05 1.3393168473682173e-05 1.8521264554189032e-05 3.983380063916726e-06 0.00020742526622989356 0.00045758142044820537 0.00012725841398372802 4.301067213462467e-05 4.081463563809388e-06 7.96936199806284e-06 9.31363429276342e-06 4.6055652693682154e-05 2.00946674614421e-06 4.74660368907699e-06 0.0 0.0 0.0 4.016818628903303e-06 0.0026184984258496315 0.001069564419492103 0.0001727170927233339 0.0002968764476543357 8.750871524762959e-05 4.6249506009136377e-05 4.7394637026278286e-05 1.1141746601419696e-05 0.0 1.602343811340897e-05 7.516210648071074e-06 6.181396090577553e-05 1.8207225343072205e-05 7.290367894266569e-06 0.0 6.040229039985124e-06 0.0 2.3947797946679628e-05 0.0 0.00015935093448502224 0.0 0.0 0.0 0.0 0.0 0.0124072982097338 0.0027537607868715975 0.00037316834861553054 0.00025229914731162816 0.006712675605015767 1.339835790931945e-05 0.00021368622043361007 0.000803744685036215 0.0001635929754563707 4.930764202139408e-05 0.00032794279715916665 0.0008857017641553043 0.00012526917891630412 0.0005854188397621959 0.0006756268674330633 0.00010306327152924855 0.00035807152026241275 0.0013299954111615172 0.0005819082279411235 0.000230859528317557 3.783873290132363e-05 0.0 0.0 3.6159904584725945e-06 0.0 0.0 0.0 2.78999663366419e-06 0.0 0.0 3.0417907445916967e-06 0.0 5.5668096866701585e-06 0.0 0.0 2.5342269074584592e-06 1.751820066629562e-05 2.811986567820633e-05 1.6170044371465736e-05 1.6447449899095243e-05 4.14051193821465e-06 0.0 7.612668348745531e-05 6.026012458340723e-06 0.0001513611434338481 0.0002056747411835761 0.0003029651663424487 6.571941505275907e-05 4.582169910608808e-05 0.0 0.0 0.0 0.0 8.308731190573311e-06 3.7821886964905173e-06 1.9864433770350924e-06 1.314812366684859e-05 1.7412358809844238e-05 0.0 0.0 1.1685858775296256e-05 1.793100486543042e-05 4.11490502190593e-06 0.0 0.0 0.0 9.709557516703501e-06 0.0 4.0259095197666775e-05 5.255028483590432e-05 8.121030073461715e-06 9.190227883523695e-05 0.0 0.0 0.0 0.0 2.251545793806021e-06 0.0 0.0 0.0 0.0 0.0002756081901352014 2.1732205634062253e-05 0.0 0.0 0.0 8.906321794966003e-05 0.0 2.896436319144369e-05 1.0648910140568182e-05 5.395734951076278e-06 1.4139423687435413e-05 0.0 7.990802836020576e-06 0.0 0.0 0.0 0.0 0.0 0.0 0.0 0.0 0.0012701096670623302 0.0001440217659353015 7.45810438278056e-05 0.005405480009784645 4.8104711006797206e-05 0.0006420292056683363 0.0001689371963343064 0.012090881676635409 0.00012553658746317455 0.0 2.0619807423803548e-05 0.002085149869584124 0.0 2.0612573363061993e-05 4.9682204128628835e-06 0.0028050426573990217 0.0 0.0 5.267035918610492e-06 0.00021972304122932698 0.0 0.008062150709718814 0.00020605006080343693
0.0035613356280460814 0.04025089812059058 0.03954952553684433 0.0017377297414291738 0.0061554338505392285 0.00012699600907054368 0.008631881137519866 0.039419632605974725 0.04417701346447202 0.0011605481918466067 0.0 0.0034599284893501174 0.04340324645455357 0.08765219735710184 0.0002912615763390844 0.0005502624781965194 5.920788907707568e-05 3.276437810644615e-05 2.7098809217977942e-05 0.00011770883403643062 0.0003966359467235048 2.89128377065916e-06 0.00014345295335290557 1.3480150146265455e-05 0.00010588499175660282 2.406706736939636e-05 1.0739315487339515e-05 2.3189546773909187e-05 7.916205281374924e-06 1.4307312144586781e-05 0.030144867776168205 0.0057736307611187965 0.010165145262607042 0.0002941640988775912 0.0003281234844133508 0.000816547780748188 0.003142506702118861 0.000554599144276253 3.833106756832438e-05 7.46026751288361e-05 0.00020145519832114964 0.00015251329763616073 7.382674480397699e-05 0.00012533591830209722 7.544102767650577e-05 0.00027345099026466883 0.0019516810658868381 2.9854119552618564e-05 2.6825011880660987e-05 2.1748649267467107e-05 4.278800762284609e-05 2.9756400423853283e-05 6.039688832063147e-06 2.0938884343012768e-05 0.00018091299825072634 7.187182700332765e-05 0.0005836234769761693 0.0020664660087138247 0.001175878045420476 0.0006371516111215153 0.0002024372813755699 0.0004655223266202845 0.0006291029219769259 0.002961727233590601 0.00010207146087475273 5.376252266380503e-05 1.0939012724196635e-05 7.102695193923972e-05 0.0004023168807582739 0.0004788491962645301 0.0016805037001846805 6.157274111177361e-05 3.0234902167736795e-06 0.0025562251580202268 0.0023946362780906194 0.0016162891443171326 0.0016935606278820955 0.00034352286150917056 0.00035271185210599884 0.016466485990317678 6.86400482989246e-05 0.007842459270090373 0.00026155262436522783 1.960038605289092e-06 4.310759887271594e-06 6.792923954883848e-05 7.675180611567375e-05 2.690985570570776e-06 2.2482080449839565e-05 2.6910159642982497e-05 1.6730397821777877e-05 0.0 0.00032580052798625504 0.00014218776180819956 5.584639698370712e-05 0.0009799112076983446 0.00015898784371953087 0.0 5.911877052132589e-05 0.0006507752384666811 2.262335165239078e-06 7.832936433247958e-06 8.352882138122185e-06 2.808771952973287e-06 0.0 1.1430433168448143e-05 2.0620186903394084e-05 2.612749930142926e-06 1.386137460356681e-05 2.3319474574468836e-05 2.321768001813152e-06 1.3414378023570965e-05 0.00015284473488551452 3.444280042327861e-05 6.987756531806621e-05 1.1134617817735236e-05 0.0 2.7927640540749624e-06 0.0 0.0 0.0 0.0 0.0 0.0 0.0 8.845591141406866e-06 1.1666777589972424e-05 1.777780167373794e-05 0.0 0.0 9.894721215646619e-06 1.1952558028040063e-05 8.289204948499715e-06 5.064388191773083e-06 0.0 0.0 2.6290662667092882e-06 1.5907443208988714e-05 3.177488531521806e-06 5.9051078498712326e-05 6.74403611035129e-05 0.0001427111898531028 8.521614354722293e-05 5.627964550514472e-05 0.0 0.0 0.0 0.0 0.0 3.111907032628409e-05 0.0 7.276356080516427e-06 3.0630184567819408e-06 0.0 0.0 1.8978851202486948e-05 4.911555157427913e-05 2.041955422764797e-05 0.0 0.0 0.0 0.0 0.0 0.0 2.7038863818754903e-05 5.03220920650152e-05 3.296175474765391e-05 0.0 0.0 0.0 0.0 0.0 0.0 0.0 0.0 0.0 6.245615175769482e-05 1.3197580095890043e-05 3.1146482543211556e-06 8.552463168395673e-06 4.831816064187753e-06 2.1067214343229563e-05 4.168257827158206e-06 0.0 2.5614330706650306e-06 8.433976814109729e-06 3.1649896535555285e-06 0.0 1.5178238538819864e-05 0.0 0.0 0.0 0.0 0.0 0.0 0.0 1.8169427504280252e-05 8.75079760580333e-05 0.00012311973531286177 7.787340843383248e-05 0.0025021058552674082 0.00041352865042529823 0.007422352982429919 0.0013737596466663975 0.004391970562503222 0.0015467735887058007 2.47247474498884e-05 0.00029771186498121657 0.0001165398756870657 3.850072628731825e-06 1.5855789623656445e-05 1.186837993974213e-05 6.64381341280413e-05 0.0 0.0 1.9067789742505538e-05 8.936751461296648e-05 2.8253179703252823e-05 0.0007763324386954497 0.00011158630984055042
