0.0 0.0619927403165512 0.017925371819613185 0.05123750071544174 0.003986724552375699 0.00408477531194925 0.04441541348947731 0.0010883892752354218 0.0010629005580870769 0.07319363408592831 0.00265816775513093 0.00047199794146472957 0.0054875203581986045 0.004363089581616969 2.29705604155358e-06 1.1826273778805294e-05 5.802120374836987e-06 0.0 0.0 0.0 0.0 0.0 0.0 0.0 0.0 0.0 0.0 3.1955025635827894e-06 1.1206047866835862e-05 0.0 0.014581220189964269 0.00118026506291537 4.174161623004947e-05 0.0 0.0 0.0 2.259788284405441e-05 0.0 0.0 0.0 0.0 5.352577177980159e-06 0.0 0.0 0.0 0.0 7.753785304785969e-05 2.2931836848415178e-05 0.0 0.0 7.721769500306475e-06 6.676675147829304e-06 1.2488205956580335e-05 0.0 1.08210787271018e-05 0.0001694673923946704 0.0042714116394904295 0.012592368888024421 0.002795180640172218 0.00011969801594919926 0.0 0.0 0.0 4.307962688510163e-05 6.777132882966217e-05 2.1533123971273485e-05 2.522493954261903e-05 0.0 0.0 0.0 1.4638770834358245e-05 3.038437459087503e-06 0.0 0.0005685750113391601 0.00020270971335247719 1.3050514433240783e-05 9.332385381935463e-06 4.4655012980519325e-06 0.0 0.00028999056600097103 0.0 0.0 0.0001769030422523754 6.512374194999269e-06 3.788803098935014e-05 9.95133399590551e-05 1.1395118619376007e-05 0.0 2.193970756894637e-05 0.0 4.907058081163776e-06 0.0 2.780491733557358e-06 5.18531145917478e-06 0.0 0.00029765172538810555 2.3306076521929754e-05 0.0 0.0 0.019229046788739382 2.8275283994850012e-05 4.836412367215292e-05 3.0913487991768393e-05 0.001591844263868566 0.0 0.00014625442331625047 0.00013361841564086995 1.3695641379749875e-05 0.0001455871807740808 0.00026183074208310764 1.799154586976947e-05 0.0002101103836667825 0.00022703470051453224 0.0004371747333082899 4.917288333352147e-05 0.0 0.0 0.0 0.0 0.0 0.0 0.0 0.0 0.0 0.0 0.0 0.0 1.9012119198126454e-05 0.0 3.0196319807847607e-05 0.0 0.0 0.0 0.0 1.4513385328641863e-05 3.4727116057949327e-06 0.0 0.0 0.0 5.2930055480228054e-05 8.053960849730534e-05 2.224926542605579e-05 0.00010269419084677358 7.688150919147853e-05 0.0 0.0 0.0 0.0 0.0 0.0 0.0 2.5167234202357535e-05 3.987883808476987e-05 0.0 0.0 0.0 9.024958126359361e-05 0.0 0.0 0.0 0.0 0.0 1.1548841066796702e-05 0.0 0.0 0.0 6.619763118036823e-05 0.0 9.29994820768711e-06 0.0 0.0 0.0 0.0 0.0 0.0 0.0 0.0002403811080801462 0.0 0.0 0.0 0.0 2.5739338177115125e-06 4.227580866338327e-06 5.948243592016023e-06 3.919389057838482e-05 3.328227699115273e-05 0.0 0.0 3.6326507693597744e-05 0.0 0.0 0.0 0.0 0.0 0.0 0.0 0.0 0.00020010340267963153 0.0003400264942423472 0.0001515040502754801 0.011358222210333469 0.0001432166221423055 0.001342381166624286 6.927475650418173e-05 0.012472923908966028 0.00024981324122494187 9.001386525096713e-06 3.986511923585547e-05 0.0008475231594167361 0.0 1.654290246013768e-05 4.612393861078924e-05 0.0005624158978297559 2.7040444293901425e-06 0.0 0.0 9.763783871931934e-05 0.0 0.0038972351288917447 3.3430959369020264e-05
0.0619927403165512 0.0 0.038650604482018965 0.026075455963575772 0.04367683564845405 0.0016618371740405747 0.1974357581155963 0.0032353412454399627 0.03422746384678885 0.026093123479076646 0.01132728743931284 0.0013108577418572338 0.0438604626672885 0.06847818818042403 5.1411199643517314e-05 5.7933765486471854e-05 2.4373211478736333e-05 0.0 0.0 0.0 0.0 3.27707552523548e-05 0.0 2.5278995739495904e-06 2.3279562195622127e-06 2.190464341576219e-06 4.769114624944431e-06 0.0 1.4663826905323867e-05 2.778728133077798e-06 0.0316996124254251 0.0010512103673273794 0.00013988663045145152 0.0 4.219800026655532e-06 0.0 0.00013145876931288733 6.012532356031073e-06 0.0 8.864090439694926e-06 2.635581419647678e-06 0.0 0.0 1.885692072567877e-06 0.0 0.0 0.0008606709172284252 5.53784614717186e-05 2.168069973793236e-06 0.0 3.901251687086612e-06 0.0 1.611777986422713e-05 3.470326555414458e-06 2.430095733115397e-05 0.0002446243673514873 0.0018099152311684065 0.007048700425475265 0.00207921246671768 0.0006844024703682438 0.0 5.315620960905644e-06 0.0 0.00026465265593053546 0.00014783231982799143 0.0001130054866558128 3.484743263875251e-05 8.619395519357901e-06 4.197317299521476e-06 0.0 0.00010526175643324706 0.00012933419969098564 0.0 0.0006418169714717491 0.0011476508876062026 0.0005788720301029415 0.0003439415379764084 2.485308361528784e-05 2.4416455229855578e-06 0.0007610358384616687 0.0 0.0 0.000504164058079348 8.224971276960355e-06 0.00010560254214787741 0.00022114013425014595 2.827134955835769e-05 3.627202225286224e-06 8.095795301805056e-05 0.0 1.872905806066428e-05 0.0 2.3111557160106212e-06 1.4701133951408554e-05 0.0 0.00020657723915559176 2.1941968394556512e-05 0.0 0.0 0.017495303990958288 2.602841476050957e-05 0.0001216396287313714 2.3907411139429634e-05 0.0001471280403715539 0.0 0.0002265984853965445 6.778349454289818e-05 3.9700789264640754e-05 0.00012225376665144687 0.0002430375300797998 7.6254706865814736e-06 0.00039708341038411765 0.0002200910562277373 0.0004288002526294989 5.612721877574698e-05 1.3322035872057575e-05 5.180085215490758e-06 0.0 0.0 0.0 0.0 0.0 0.0 0.0 0.0 0.0 0.0 5.937321072026174e-05 0.0 0.0 0.0 0.0 0.0 0.0 5.2443406735732896e-05 0.0 0.0 0.0 0.0 9.097650207013309e-05 2.3732064452592158e-05 5.471412353943469e-05 0.00012648426468056772 7.071948357305548e-05 0.0 0.0 0.0 0.0 0.0 0.0 0.0 8.433938517554525e-05 7.004448236255309e-06 0.0 0.0 0.0 0.00011788231654650508 0.0 0.0 0.0 0.0 8.224751193705834e-06 2.2885848251550484e-05 0.0 0.0 0.0 2.3025066071325827e-05 2.4959357580255525e-05 0.0 0.0 0.0 0.0 2.106129579616241e-06 0.0 0.0 0.0 0.00018728186351649282 1.8641255112662318e-05 0.0 0.0 0.0 1.7450443311317594e-05 0.0 4.9399522297608327e-05 1.1302732559867121e-05 1.5979726040331257e-05 5.404620998787566e-06 2.3002209691732983e-05 3.7224738207988273e-06 0.0 0.0 0.0 0.0 0.0 0.0 0.0 0.0 0.00015206250615401403 0.00037025923424227603 0.0005222454676915047 0.008336253013693017 0.00023399230492669832 0.008249338716551962 0.0007054777561232853 0.007166837248905693 0.001103013604695692 2.220121603480561e-05 7.680442511309489e-05 0.0005471834613826823 0.0 0.00015802439018009596 2.6021352859458224e-06 0.00013770026813569031 3.4660049028139076e-05 2.642151964455243e-06 0.0 1.150823097862324e-05 0.0 0.003068402725387228 9.809118250944479e-05
0.017925371819613185 0.038650604482018965 0.0 0.0037299911376833966 0.00929932221135523 0.00040179961454930564 0.008087629661549996 0.05235864398585607 0.018454362422364794 0.003564394061584485 0.049772232223447455 0.0006386753596350408 0.031676208792843476 0.08178438272864881 2.7046263458175586e-05 0.00015826260845781405 1.6693173187004323e-05 6.332448961344581e-06 0.0 0.0 0.0 7.202710969701311e-06 2.3981141312039015e-05 0.0 1.976841133766648e-05 0.0 7.260042168430107e-06 0.0 3.455809863946261e-06 4.63408865755687e-06 0.0811026163318716 0.004371611647354821 0.003180697155815634 1.155452019291114e-05 2.5306512015197816e-05 1.624169016003969e-05 0.0007154895099826161 2.63540049491e-05 3.0938249151172974e-05 3.930454338499432e-05 2.9698070230469706e-06 0.0 0.0 2.4633930090248815e-06 0.0 2.707551415294774e-06 0.0001446132075479868 1.9202443936143468e-05 0.0 0.0 2.363522977689855e-06 7.676607601355621e-06 3.52659678983183e-05 2.809980607318296e-06 1.3194719991662095e-05 9.875428520408462e-05 0.0009680609056319538 0.007307836779404044 0.0009123253825553222 0.00014631690951689868 0.0 4.718847348772446e-05 0.0 0.0012656589240219464 5.131836151670118e-05 1.8040940540290975e-05 2.5663534820248182e-05 0.0 0.0 0.0 0.0006046193008956729 0.00032227108694505283 0.0 0.00022715814716828847 0.0005046533817320209 0.0002271366150377893 0.0002463725122807186 4.266900859078716e-05 6.5917957205705435e-06 0.018393953489578205 0.0 0.00012479452544542118 8.76240371075738e-05 2.0618247011609545e-06 1.921498868165116e-05 9.563656430128997e-05 5.453050889531107e-06 0.0 3.084651290785113e-05 0.0 1.9519797305152656e-05 0.0 0.0 4.661386806299844e-06 1.9045889098749406e-06 0.0004481186471837498 9.268198703945585e-05 0.0 8.27764616612202e-05 0.016709297845366892 5.935613095551384e-06 7.036696138904774e-06 2.138175136091254e-05 3.0133584994634112e-05 2.6808324930727722e-06 1.758120960807006e-05 3.8363927607201844e-05 1.5615589003322348e-05 7.211325517357157e-05 0.00013021498917804158 3.091355841840985e-05 0.00018341356220519917 8.930183413625612e-05 0.00023700163841318327 1.76495469258205e-05 7.95653556839658e-06 2.9443632142942734e-05 0.0 0.0 0.0 0.0 0.0 0.0 0.0 0.0 0.0 0.0 3.4549644181996336e-06 0.0 0.0 0.0 0.0 0.0 0.0 1.997024235427912e-05 0.0 0.0 0.0 5.0142328876483754e-05 0.00010856992483160736 2.9601835159376206e-05 1.0520354522754946e-05 0.00011869381371751058 7.546706052466323e-05 0.0 0.0 0.0 0.0 0.0 0.0 0.0 7.648508512590823e-06 2.2132309435036823e-05 0.0 0.0 0.0 1.0575670737020127e-05 3.1821306310873645e-06 0.0 0.0 0.0 0.0 9.436619256646059e-06 8.875315989872557e-06 1.8717107539943796e-06 0.0 1.7515135072225365e-05 0.0 3.4134863868801943e-06 0.0 0.0 0.0 0.0 0.0 0.0 0.0 0.00014849987113881597 6.740225442861887e-05 0.0 0.0 0.0 2.1366084856707945e-05 0.0 5.580249392190842e-06 8.015731834136501e-05 1.1274365132556442e-05 0.0 0.0 6.910954913439232e-06 0.0 0.0 0.0 0.0 0.0 0.0 0.0 0.0 4.4663988790761864e-05 0.0002625737959703515 0.0002051801281584937 0.0024968102751398544 9.688881894563185e-05 0.0015370666112599059 0.00024354905393791806 0.0020535077704599497 0.00013380832222070337 1.3211048864950482e-05 4.611877594671207e-05 0.00013593836702490366 0.0 9.017193230485672e-05 2.172933976742781e-05 9.686444464368132e-05 0.0 0.0 0.0 8.952149499395299e-06 0.0 0.0011326112414816953 0.00011472142606879922
0.05123750071544174 0.026075455963575772 0.0037299911376833966 0.0 0.0016814509594483046 0.014415823988253421 0.042915034617196944 8.450513183082054e-05 0.000570013312792125 0.0802269322803996 0.003179057606159121 0.001045595999650925 0.004051086992765232 0.0018615605953191182 0.0 0.0 1.2716968805585643e-05 0.0 0.0 0.0 0.0 0.0 2.574132218689849e-06 2.901199410455056e-06 0.0 0.0 0.0 0.0 2.45815421244412e-06 0.0 0.004484917918045022 3.6540336345049806e-05 5.865102529023638e-05 0.0 0.0 0.0 0.0 0.0 2.6023565103727735e-06 0.0 0.0 0.0 0.0 0.0 0.0 0.0 0.0003037690419900082 4.3172397682744326e-05 0.0 0.0 1.560802580152458e-05 2.458020206195811e-06 0.0 0.0 2.0414536157954037e-05 0.00019727014834965996 0.0026308068259278446 0.007707174549189263 0.003520551324380619 0.0003817600899865034 0.0 0.0 0.0 1.4018442542919302e-05 9.30763302586108e-05 5.3493484588215594e-05 3.50839831744752e-05 2.0416609994310156e-06 4.630190575557721e-06 0.0 0.0 7.443400342201129e-05 0.0 0.00079162863417692 0.00036339600397501817 6.70511543084846e-05 2.3627835142571278e-05 2.1822265438471857e-06 0.0 3.330005384923123e-06 0.0 0.0 0.00038344215711939725 5.786968050324805e-06 3.776048328792657e-05 0.00017565695857946567 6.167638882585755e-06 2.105174092242354e-06 5.280714599263735e-05 0.0 2.1577347337412284e-05 0.0 0.0 5.1608412987400835e-06 0.0 0.00012257407891754464 2.119041913066372e-05 0.0 0.0 0.008841524731229412 1.8078137055674503e-05 1.915047820413526e-05 2.5563940952641412e-05 0.0035683468971998895 0.0 6.176118771894761e-05 3.4994956726602744e-05 2.918695931374688e-05 8.742412407576814e-05 0.0003261192556923215 5.402726978601624e-06 0.00016694788793722068 7.743083895105828e-05 0.00021257060242317868 0.0 0.0 0.0 0.0 0.0 0.0 0.0 0.0 0.0 0.0 0.0 0.0 0.0 1.4767810700247472e-05 0.0 0.0 0.0 0.0 0.0 0.0 1.3634220871127447e-05 0.0 0.0 0.0 0.0 8.291793965450716e-05 0.0 4.1892490800156645e-05 0.00021962124760177955 5.454682146613615e-05 0.0 0.0 0.0 0.0 0.0 0.0 0.0 9.787680739942299e-06 6.264944960308077e-05 0.0 0.0 0.0 8.347836030591773e-05 0.0 0.0 0.0 0.0 0.0 3.678585502885726e-05 0.0 0.0 0.0 4.817679434874224e-05 3.2254767942810315e-05 2.4578183164903313e-05 0.0 0.0 0.0 0.0 0.0 0.0 0.0 0.00019566877221515429 0.0 0.0 0.0 0.0 2.647749708672896e-05 0.0 0.0 4.135621963972772e-05 7.045902205138921e-05 0.0 0.0 1.6390173810879623e-05 0.0 0.0 0.0 0.0 0.0 0.0 0.0 0.0 4.879443925472235e-05 0.0001331915594410123 0.0004428284257867113 0.005331950963139614 0.0001298256539125871 0.004363129635139044 0.00022769981346592138 0.011990086034812369 0.0006620951520334091 1.1100114623351101e-05 2.167623367811192e-05 0.0006811508260336545 0.0 0.00012978690475059907 5.366062869064478e-05 0.00011303241555376208 0.0 0.0 0.0 0.0 0.0 0.004218642915143292 0.00012335122207066723
0.003986724552375699 0.04367683564845405 0.00929932221135523 0.0016814509594483046 0.0 8.355853223387461e-05 0.05672643566006296 0.002493076494908661 0.028766202062505745 0.006259113716723731 0.021022860593370545 0.0008271339911958703 0.016171258680510968 0.02640287922803846 5.072986508904833e-05 6.152384080789283e-05 3.3088225510025833e-05 2.7595433942688937e-06 0.0 0.0 4.640967971019294e-06 0.0 0.0 0.0 5.0639544551639294e-06 0.0 2.5537389782766756e-06 0.0 6.484670603994078e-06 5.087118299214571e-06 0.006263223529899401 0.0013777671987412756 2.9156236180489652e-05 0.0 0.0 0.0 6.133584177928988e-06 0.0 0.0 0.0 1.6867915867576628e-06 2.3360771286294022e-06 0.0 2.507010575627531e-06 0.0 0.0 0.0005959583195857131 3.05615388393456e-05 0.0 1.982148694137601e-06 3.972127461397157e-06 0.0 2.1348320225476917e-06 0.0 1.6239572144008035e-05 8.964561689573915e-05 0.0002720967864926726 0.001174035463749602 0.0004875506546385309 0.00031295011654791866 0.0 0.0 0.0 0.00021318840171348624 6.958254375075239e-05 2.9517174185125632e-05 1.612374167505515e-05 4.420412760185919e-06 4.495639172876759e-06 0.0 3.163859156272407e-05 2.3892330708780613e-05 0.0 0.00023953017101178262 0.0009723675925711986 0.0005449062679363616 0.0004231724103150302 2.4824381009331762e-05 4.471579345443268e-06 9.850455852845071e-05 0.0 0.0 0.0001830875639659524 0.0 4.195402884953945e-05 9.071090625067578e-05 0.0 0.0 2.5973749829653128e-05 2.8022545439121814e-06 1.799385087505515e-05 4.4962011187866355e-06 0.0 6.485861009864086e-06 0.0 0.00014274341200738066 1.3454673039498103e-05 0.0 0.0 0.0008800426172511181 5.342279400988812e-06 1.1773901789411702e-05 1.2073853093973606e-05 1.0741329195968973e-05 1.592010467155838e-05 3.367124528815838e-05 1.3458575197113076e-05 4.539686994090765e-05 3.486323803994442e-05 0.0001618100075168632 1.5073695123301994e-05 0.00015742831979101958 9.81989316843163e-05 0.00013227286297722233 1.8211470175273216e-05 4.354053746356677e-06 7.586206529777881e-06 0.0 0.0 0.0 0.0 0.0 0.0 0.0 0.0 0.0 0.0 0.0 0.0 0.0 0.0 1.3228524290482607e-05 0.0 0.0 4.953660465771629e-06 0.0 0.0 0.0 0.0 2.0853716694015585e-05 2.5421737173688445e-05 0.0 2.595561317620965e-05 2.830255524452854e-05 0.0 0.0 0.0 0.0 0.0 0.0 0.0 0.0 9.044069308453865e-06 0.0 0.0 0.0 5.420738266102348e-06 0.0 0.0 6.129940088308022e-06 0.0 1.0089521500000423e-05 3.927954632894584e-06 0.0 0.0 0.0 0.0 0.0 0.0 0.0 0.0 0.0 0.0 0.0 0.0 0.0 0.00015932252615109404 6.199522914254414e-06 0.0 0.0 0.0 1.0523544588773068e-05 0.0 6.4252109556571146e-06 0.0 2.006164081056142e-05 3.1827214323572796e-06 4.132157657917054e-06 9.078712695060316e-06 0.0 0.0 0.0 0.0 0.0 2.750462922211994e-06 0.0 0.0 3.0991165479816084e-05 0.00017211835730775984 0.00016591044318959675 0.005066422574583115 7.615544719870558e-05 0.005080008434033843 0.0006066219196148257 0.0009867113830481038 0.0006989915424911402 0.0 6.975432117627543e-05 0.00018441130866142188 0.0 5.478729796107022e-05 7.320714067937896e-06 5.4525250046700444e-05 0.0 0.0 0.0 7.888311389741428e-06 0.0 0.0008621490918982225 8.029751887362796e-05
0.00408477531194925 0.0016618371740405747 0.00040179961454930564 0.014415823988253421 8.355853223387461e-05 0.0 0.00042000718452325954 8.196538476771852e-05 8.713255810622813e-06 0.024470101484990382 5.8436777991526854e-05 0.008410333699370812 0.005013692433764937 0.0004080665432585576 0.0 2.0198101231694558e-05 4.565652220829581e-06 0.0 0.0 0.0 0.0 0.0001602392619176232 0.0 0.0 0.0 0.0 0.0 0.0 0.0 0.0 0.0022323114588714515 5.661794264699269e-05 0.0005806034845702486 0.0 0.0 0.0 0.00026732276352207853 6.135326422181631e-06 5.1505337076658295e-05 0.0 0.0 0.0 5.234695207045877e-06 0.0 2.2650008340202955e-06 0.0 2.1243003704178714e-05 0.0 0.0 0.0 0.0 0.0001745966382153422 9.548979664773677e-05 7.208138711831696e-06 4.445716628593668e-06 4.280111380885027e-05 0.006494477154998311 0.0014866170596911554 0.0004313088515541256 1.6152831138465293e-05 1.3403944012355669e-05 0.00011376773620451576 0.0 2.2073799894260854e-05 2.1092775852790543e-06 2.2282687758161237e-06 0.0 0.0 0.0 0.0 0.0009725049657672518 0.0025838933609758363 0.00014814591401198876 7.378304410623275e-05 1.0235983808416056e-05 6.323962225000989e-06 5.580415351267214e-06 0.0 0.0 0.0005430479248762222 8.47457144547907e-06 0.000124184592908778 4.638243731587444e-05 1.6924352713168903e-05 0.0 3.266810744429845e-05 0.0 0.00011701819535002337 0.00011259293244398172 0.0002678571545194152 5.204119285032239e-06 0.0 0.0 0.0 0.0 0.011815103002622 0.0012214459091322205 0.0003008214028935289 0.0002054491995001015 0.014477883220866874 1.7272601369447735e-05 0.00012532413541934662 6.08415677206118e-05 0.00017032089628588013 2.3364468684969965e-06 0.0001867807941020383 0.0005155399885363977 9.452085370971796e-05 0.0006523639148230691 0.0008288315446907496 2.3939830380968365e-05 0.0008076861454645813 0.0008706358548148297 0.0013993438938171311 0.0001711998328349576 0.0 2.642834059519624e-06 0.0 8.301133451044493e-06 0.0 0.0 0.0 3.969883590348841e-06 0.0 0.0 8.184212184272351e-06 7.302362385003513e-06 5.510821700485191e-05 1.0070326001565744e-05 5.523173359617583e-05 0.0 9.23864217496196e-05 9.64382695607403e-05 2.170775661021853e-05 9.059998217107703e-05 0.0 0.0 0.0 0.0 0.00012057296801322214 8.687186737192788e-05 6.0531142735479584e-05 0.00010275856079705585 9.732379882597544e-05 0.0 0.0 0.0 0.0 0.0 0.0 0.0 2.2457921305903426e-05 1.6586318528293968e-05 0.0 0.0 0.0 0.0001735039193138084 0.0 0.0 6.369974949511358e-06 0.0 2.1449418321372173e-06 5.132868717090477e-05 2.2315999559565518e-05 0.0 0.0 0.0 0.0 0.0 0.0 2.6849193575969093e-06 0.0 1.1918616147712541e-05 0.0 0.0 0.0 0.0005497295219007459 6.382888489343773e-05 0.0 0.0 0.0 3.5396677136449245e-05 0.0 2.4443944443468394e-05 4.454449907089713e-05 4.2415810142569335e-05 0.0 0.0 1.5194374922987452e-05 0.0 0.0 0.0 0.0 0.0 0.0 0.0 0.0 0.0007475758345166725 0.00028538556322028235 0.000351915109292902 0.007833372609291397 4.795525805566759e-05 0.00021177593607830649 5.51139675357556e-06 0.011931932558582662 2.179352060913583e-05 0.0 0.0 0.0029578546056979074 0.0 0.00017854534555796568 1.8039529888141813e-05 0.0012341859630409589 0.0 1.703041653938468e-05 8.245692033861183e-06 0.0 2.300109851583459e-05 0.008491030919594208 0.00030489966428173397
0.04441541348947731 0.1974357581155963 0.008087629661549996 0.042915034617196944 0.05672643566006296 0.00042000718452325954 0.0 0.0023280393080008545 0.03889014876264969 0.05185757519643797 0.03672881682191146 0.009511096547183741 0.11912169159437336 0.04224685003702257 9.715849624980039e-05 0.00026885564094444696 0.00013599145452941142 7.490639859679588e-06 2.6478803240088395e-06 4.5966790689780396e-06 5.405641532990013e-06 2.3795553091708546e-06 3.772703992564349e-06 0.0 1.1706730423836326e-05 0.0 2.321732558568703e-05 7.6055934191316785e-06 1.816181287206798e-05 1.0456840125746541e-05 0.012098869295961037 0.0016997089283245191 5.911484944494214e-05 3.5353893603868895e-06 0.0 3.2176285928198896e-06 1.38369012460779e-05 0.0 4.993273658314428e-06 1.0569588450988332e-05 0.0 4.771657809218895e-06 3.5996820369931322e-06 1.189077414879395e-05 0.0 0.0 0.00188304303884459 0.00011122713228394279 1.82049700571071e-05 0.0 4.253866729925287e-05 0.0 1.40991237598296e-05 2.70869128352856e-06 6.261396729171303e-05 0.0004807612818661207 0.0023460672871046754 0.0076993203670064365 0.0033534318764927343 0.0011335435283309889 2.108926919293518e-06 0.0 0.0 0.000576636223720195 0.0002770465686024256 0.0002278646046338227 0.00011639887960457987 2.1458365439279295e-05 6.193548387505021e-06 0.0 9.580041498008371e-05 3.8967878444011754e-05 1.912313669083991e-06 0.001093734608250811 0.0030469471530489857 0.0015118781607057633 0.0010951231314362928 8.28349069702908e-05 1.257188976118083e-05 0.00016938615510073702 4.921817679335113e-06 5.27855877781969e-06 0.0008764678815695126 1.5917355098098566e-05 0.00019681517268295838 0.00041829899285595544 4.5388347013095545e-05 6.335381285417966e-06 0.00014953667438450912 0.0 7.106561339817948e-05 9.286916018526814e-06 4.705401500908427e-06 3.2461191037284685e-05 5.7776125557120696e-06 0.0004947121029324528 0.00011802706318368325 1.875034337186911e-05 1.6621796764045904e-05 0.003968007359573873 7.880889693325086e-05 2.2994281640806607e-05 0.0006370864666227315 0.0004325337149626589 5.810496221825225e-05 0.0002736642916512829 0.000183442417728261 0.00014872180260360095 0.0004762361533304091 0.0007501417180149827 3.537669879372699e-05 0.0006414729348829125 0.0005387350470765401 0.0007599769233698816 0.00010578142369783177 6.961330340152738e-06 2.760203970081722e-05 0.0 0.0 0.0 0.0 0.0 0.0 0.0 0.0 3.6417225032963474e-06 0.0 3.784831786270734e-05 0.0 0.0 0.0 2.0835855552201834e-05 0.0 0.0 4.309345284119988e-05 0.0 0.0 0.0 1.2033496346079792e-05 0.00016566311134582132 3.0212841376252183e-05 0.00018353218577518888 0.00012421968004843544 8.452128577867775e-05 0.0 0.0 0.0 0.0 1.0193778035135e-05 7.694221434801144e-06 0.0 5.576221591491233e-05 7.077118732447848e-05 0.0 0.0 5.463893168796604e-06 1.4777667821655881e-05 0.0 0.0 2.6789414725400754e-05 4.658399868974412e-06 1.8886180386805743e-06 4.6204886535999085e-05 9.2382440362033e-06 3.993421282487829e-05 1.2975113584192655e-05 5.892357182794536e-05 2.0337490879433054e-05 5.072196165484155e-06 3.880458547248744e-06 1.9144367388792697e-06 0.0 0.0 0.0 0.0 0.0 0.0005721277419558061 2.000272436030154e-05 0.0 0.0 1.8782736366441929e-06 6.463900287604825e-05 0.0 4.52256432125948e-05 8.089787224586195e-05 4.623334101846378e-05 2.50081529722262e-05 1.4174917824292473e-05 9.422918503465916e-06 1.8018118232846423e-06 1.8822061168408989e-06 0.0 0.0 0.0 0.0 5.298303669267509e-06 0.0 0.00015912005167625503 0.0007287231437911455 0.0006305363587461832 0.020491583925698137 0.0006398447617373858 0.01924470576283618 0.0019262533311141961 0.004373455570071051 0.0024776071037878 6.690396605137832e-05 0.00031982389760639823 0.0005014295035898958 7.500764993584612e-06 0.00023785256178747747 9.199916032052122e-05 0.00025965514004522153 7.270829508394289e-06 8.415708304274175e-06 4.229796697149771e-06 2.043875265205982e-05 0.0 0.004666624179512535 0.0002420252183507684
0.0010883892752354218 0.0032353412454399627 0.05235864398585607 8.450513183082054e-05 0.002493076494908661 8.196538476771852e-05 0.0023280393080008545 0.0 0.004855122679562484 0.00038034608246434486 0.054735958646323496 0.00017253678709038808 0.011390958056143015 0.07898994909994982 0.00014572600961708184 0.0008676571352350977 0.00020800051413906112 6.29333597728315e-05 2.7419527592286438e-05 0.0003113858994331309 0.0004709991594760381 3.5767583934367214e-05 0.0010563105152073603 0.000705256246729275 0.0011614979139861856 0.00010326443764491226 0.0007290516863558391 8.882524939142863e-05 0.00016396582749368514 0.00013714197919438058 0.03703944200585767 0.07151166257496983 0.006416684138566331 0.0007630812059891552 0.0014919923429400168 0.0006578693254751463 0.002577279826735582 0.0008903594769278562 0.0005991815420427644 0.0009720971578545853 0.00020185147897549234 7.136325317647039e-05 0.00012226846609352863 0.0012071094775872478 0.00014299147289731479 0.00032681553862748684 0.0013364018523304951 0.0001630162812264981 9.155212313832254e-05 3.7066688760759066e-05 0.0001388232142495478 0.00020860968355739733 0.0002903009794113542 7.843157935466564e-05 3.163520374782614e-05 0.000296053205282145 0.0011995821110491768 0.007216852941225427 0.0014885681384986414 0.001044430551221979 0.003463888569033438 0.001663361573040856 0.00014127765720622218 0.0139507561484562 0.000221644625388622 0.00014426994972782198 4.322511251294106e-05 4.921297973107642e-05 0.00048041144958855706 8.043805393243777e-05 0.003929643017232006 0.0003365020011223793 9.198561884240748e-06 0.0006876770693862797 0.00344657657553285 0.0009299760623393173 0.0033289747410741133 0.005213465672762924 0.009691783737594889 0.05936468606210617 0.0024894340180903877 0.009517645644959662 0.0006016865643699681 8.641707885750496e-06 0.0002245069633131171 0.00024398182793195273 0.00022166344201780968 1.2331760182665735e-05 0.00016161831728452034 1.202202495475563e-05 0.00011075317337687868 3.9596980721197617e-05 0.0007033792529990246 0.00037683517125259967 5.899871167455609e-05 0.0015855212608805052 0.0004671247510989685 4.889889957064817e-05 0.0011135138659433587 0.0020531950104729995 1.5401217479842478e-05 0.0 2.0227619938963335e-05 2.2483495958226552e-05 0.0 2.4417212642300385e-05 0.0 7.352914041345269e-06 5.119466266383759e-05 6.942372352305846e-05 4.6605700528886215e-06 7.862776042657313e-05 6.595342826837352e-05 0.00010284580783105937 2.0698315907998376e-05 3.275570807873087e-06 6.192373468975144e-06 0.0 0.0 0.0 2.7020393894291397e-06 0.0 4.300572537360299e-06 0.0 0.0 1.9046017236110925e-05 0.0 9.799098007088312e-06 0.0 2.5510404315269833e-06 1.1833359481453069e-05 1.1940297934824775e-05 1.0075945460664512e-05 0.0 2.5546080625950837e-05 0.0 0.0 1.8670500753670855e-05 3.911946592083897e-06 5.955170264134328e-05 2.6110516411047014e-05 3.7882388217728866e-05 6.875419358226345e-05 3.057335030005415e-05 0.0 0.0 3.194270749456003e-06 0.0 0.0 0.0 0.0 4.978431618586193e-05 1.9748008967873862e-05 0.0 0.0 0.0 4.519796260806286e-05 8.155127937650465e-06 0.0 0.0 0.0 0.0 2.0191665182209204e-05 2.5424951693401506e-06 0.0 5.1899263604851356e-06 4.952050271471699e-05 1.7796016733369248e-05 0.0 0.0 0.0 4.888386217850222e-06 0.0 0.0 7.144203059171677e-06 5.485053114058674e-06 0.00018482981522865226 2.745582323354811e-05 0.0 5.917985894085957e-06 3.202216896116639e-06 4.835087596442783e-06 0.0 6.754516312608483e-06 2.12361358024406e-05 1.75942696744426e-05 4.823204730944984e-06 0.0 0.0 4.077310628545583e-06 0.0 0.0 0.0 0.0 9.811059450459207e-06 1.442184830142153e-05 0.0 6.535426562805879e-05 0.0003524793998230501 0.0002710394191567509 0.0059968214152241175 0.00034163131639154486 0.008648124426567098 0.001161821195419924 0.0009794101227096192 0.0006159043281652755 1.4596226295889861e-05 0.00010033409562501674 0.00010688670511455825 2.552153889770226e-06 9.454476159819351e-05 1.1667606305192464e-05 1.903964688555266e-05 0.0 0.0 9.663741588769702e-06 7.689710869255896e-06 0.0 0.002240355399607746 0.00010972472269825617
0.0010629005580870769 0.03422746384678885 0.018454362422364794 0.000570013312792125 0.028766202062505745 8.713255810622813e-06 0.03889014876264969 0.004855122679562484 0.0 0.0028146132779875966 0.03564882398938128 0.00017815193320946504 0.014695067088485189 0.012924404065066876 1.4228728180022833e-05 1.5754615758227832e-05 7.3838936123501616e-06 0.0 0.0 0.0 0.0 0.0 0.0 0.0 0.0 0.0 5.24060452394208e-06 0.0 0.0 0.0 0.0016809789491746784 0.00021111265047002846 8.271644088209655e-06 0.0 0.0 0.0 0.0 0.0 0.0 0.0 0.0 0.0 0.0 2.908342171724373e-06 0.0 0.0 0.00011268320961683839 5.6879607453474985e-06 0.0 0.0 2.234065605715571e-06 0.0 0.0 0.0 2.3062395451785217e-06 1.3906928640198424e-05 5.0997525778506934e-05 0.00018466465106039062 3.09814048689904e-05 3.22620934546932e-05 0.0 0.0 0.0 2.5241213313581464e-05 7.820902986349705e-06 1.9520145688793333e-06 1.8450640516847866e-06 0.0 0.0 0.0 1.9908753701360105e-05 0.0 0.0 2.823423162084727e-05 0.00018547680668788873 8.228769147717612e-05 7.631401685753863e-05 7.082303747202192e-06 0.0 7.468322700362781e-05 0.0 0.0 1.4396278213788127e-05 0.0 2.2170363786039075e-06 1.0396409991769459e-05 0.0 0.0 6.924430855650499e-06 0.0 2.0462222656371193e-06 0.0 0.0 0.0 0.0 5.028694476790626e-05 0.0 0.0 0.0 0.00027657461603951955 0.0 6.856115057151613e-06 5.949846124158202e-06 0.0 0.0 2.9203176678186314e-05 2.3161650391180024e-05 4.482384129043179e-06 1.5573081960519546e-05 2.1446113812061698e-05 0.0 4.278686480382943e-05 5.417128754006036e-05 6.386950052444872e-05 0.0 0.0 0.0 0.0 0.0 0.0 0.0 0.0 0.0 0.0 0.0 0.0 0.0 0.0 0.0 0.0 0.0 0.0 0.0 0.0 0.0 0.0 0.0 0.0 0.0 9.593838256394873e-06 0.0 3.0977138351320714e-05 2.890071675057214e-06 9.497085419067028e-06 0.0 0.0 0.0 4.898893155445685e-06 0.0 0.0 0.0 0.0 0.0 0.0 0.0 0.0 1.6479133744701833e-05 0.0 0.0 0.0 0.0 0.0 3.039528419931394e-06 0.0 0.0 0.0 0.0 0.0 6.724856099958285e-06 0.0 0.0 0.0 0.0 0.0 0.0 0.0 5.688342891389663e-05 0.0 0.0 0.0 0.0 0.0 0.0 0.0 0.0 4.812034935191831e-06 0.0 0.0 3.1087900873508194e-06 0.0 0.0 0.0 0.0 0.0 0.0 0.0 0.0 6.755711120143583e-06 2.401073028292459e-05 5.4936153960171886e-05 0.0008548976036322848 9.128220830726374e-06 0.0007799019392674552 8.77660384099326e-05 0.00014979840668318943 9.459695474956473e-05 2.3064374570829583e-06 3.640044327724468e-06 4.1865386650726925e-05 0.0 0.0 3.87500618839878e-06 3.0824495453019596e-06 0.0 1.0632712404000752e-05 0.0 0.0 0.0 0.00010223816220396762 1.4869841949141895e-05
0.07319363408592831 0.026093123479076646 0.003564394061584485 0.0802269322803996 0.006259113716723731 0.024470101484990382 0.05185757519643797 0.00038034608246434486 0.0028146132779875966 0.0 0.0023494752182641634 0.06271885538932952 0.29702738236989046 0.016815928055023053 4.830816677108011e-05 0.00012356328320904853 0.00010359299488182291 5.851959287483357e-06 7.564639022933363e-06 2.366536488030463e-06 7.3153102904285605e-06 5.456953536219977e-06 6.018008027403553e-06 0.0 3.265683037833679e-06 0.0 3.884700937272741e-05 1.5000462827921747e-05 5.026160568617778e-05 0.0 0.005359539412291904 0.0003279739308612434 0.0009149391186741508 2.1228682968319357e-06 0.0 2.538040032170117e-06 0.0008331700657761253 0.0001684644337148821 2.7752074694064564e-05 3.643414535962031e-05 0.0 0.0 0.0 1.0408530710206773e-05 2.876902219155949e-06 0.0 0.0014822035280377028 0.00010833635503827405 4.17431419775895e-06 0.0 4.277460877494675e-05 0.0 1.0712928511633164e-05 0.0 6.73131360348534e-05 0.00046482979872727886 0.004757406756119584 0.00905523794559095 0.0055594662136471224 0.0008794414619607145 0.0 0.00015440803121222305 0.0 0.00026060564098465946 0.00022392349912983501 0.00014686874300879173 9.484933318387867e-05 1.5675474961074548e-05 2.9414342159234023e-06 0.0 0.0013248056513036211 0.000305838950919694 0.0 0.001377628094712694 0.001727107345041958 0.0008166272433610824 0.000648531055066985 4.9475966504307525e-05 2.5514879341445077e-06 0.000120204665533816 2.928094236256042e-06 7.5999788507719e-06 0.0008624263945165742 1.582815339874565e-05 0.00016594779376325844 0.00035484064192309995 2.1834019188460335e-05 3.905026359438595e-06 0.00014194959795528969 4.273675103165184e-06 3.5620789055700297e-05 0.0 2.2394025431253864e-06 1.5427732621273258e-05 3.6615458095926262e-06 0.005558572075540094 0.0013600214930398896 1.666310378252535e-05 5.937922730736644e-05 0.01569512778468694 0.0001782881505608704 0.00027879552637247694 0.0002756983923833595 0.0014760269299733872 0.00013644754577367643 0.0006297552009484487 0.0007253419031875945 0.000462710530503417 0.0022483940894836357 0.0024322330088771917 0.00013058016908362767 0.0025410501207867022 0.0017446178945573069 0.003040429414854486 0.00040090716407327736 0.00010052640013417664 7.441863541590966e-05 2.1568825387747967e-05 2.3471365893109525e-05 0.0 0.0 0.0 0.0 0.0 0.0 0.0 0.0 0.0002124080052407879 0.0 0.0 0.0 6.39082149621899e-05 3.14448922148044e-06 0.0 0.00013481091050852553 2.226013036574528e-05 0.0 8.157836559322476e-05 5.6814186320359276e-05 0.0005247895909878545 0.0002066435259495086 0.00038146999531427593 0.0006899948592267048 0.0003701137195960519 0.0 0.0 0.0 0.0 0.0 7.373277578670311e-05 0.0 0.00022201747462504196 0.0002505851946518983 0.0 0.0 0.0 0.00011194400669747496 0.0 9.541766232325963e-06 8.104496203608993e-05 1.7245811857559655e-06 2.1565073864893868e-05 0.00022513620709568437 1.9643238090022237e-05 1.869907929788124e-05 6.712512396427982e-05 3.3884211539301974e-05 0.00013208825632820702 7.070668402004643e-05 0.0 2.9840787537016573e-05 3.949959697854015e-06 0.0 0.0 0.0 0.0 0.0017817866194576994 0.0 2.8289954744596355e-06 0.0 5.879873343289725e-06 0.00019941583438924673 0.0 0.00011052548469718007 0.00016869641793063509 0.00022369647966625467 0.00010076605416983733 3.176637564986545e-05 6.1451819622511e-05 2.1831819986161455e-05 2.096030203603226e-06 0.0 0.0 2.065857767556208e-06 0.0 2.279315048894335e-06 0.0 0.0010422907286893664 0.002620599705956747 0.0024869696317722737 0.036115864287036344 0.0006647555420526294 0.017447930487609602 0.0024289229267326663 0.02459442337528875 0.0033820789595193188 5.342995747528582e-05 0.0003455898689547785 0.005394024634844808 4.071209203421879e-05 0.0008450448568268773 0.00018106567622425536 0.0018996553509985138 1.622573608038252e-05 0.0 1.1025999549583275e-05 6.910493064654006e-05 1.2051033883997081e-05 0.01717950164613244 0.0011232318200696284
0.00265816775513093 0.01132728743931284 0.049772232223447455 0.003179057606159121 0.021022860593370545 5.8436777991526854e-05 0.03672881682191146 0.054735958646323496 0.03564882398938128 0.0023494752182641634 0.0 0.00040638954456150315 0.07288332065056423 0.14089257238290437 6.768505684598851e-05 0.00018294728078020056 1.491860000847162e-05 0.0 0.0 0.0 0.0 0.0 0.0 5.847585662629813e-06 0.0 2.269287240695197e-06 3.01822044830258e-06 0.0 0.0 7.1102039459147544e-06 0.013245742940316992 0.007407751708049043 0.001542800192818546 0.0 1.0278947646240461e-05 0.0 0.0013759027932841094 3.0325411841619392e-06 7.424319808737625e-06 7.281489363095485e-06 0.0 0.0 0.0 1.0654465758926866e-05 3.472548255112689e-06 0.0 0.00024603460346178646 4.730815736992704e-06 0.0 0.0 0.0 0.0 0.0 4.213427393752406e-06 8.556450241343227e-06 3.184672478559837e-05 8.594350159110668e-05 0.00057123725608963 0.00014096338369857923 0.00015497715330341883 9.907887931216755e-06 8.817093372450634e-05 0.0 0.0002366129743201426 7.80884845591338e-06 9.338820616297656e-06 3.6759754459068163e-06 2.5583406745917568e-06 0.0 0.0 0.0009359608801816929 2.6584563840486826e-06 0.0 0.00010099817385906031 0.0003195080010255094 0.00029059538575907474 0.00033297989924772805 6.0903946161977606e-05 4.97981776813302e-06 0.0059900515062886895 3.130552571656377e-06 3.0701897016428614e-05 7.062431859565285e-05 0.0 1.011272446996298e-05 3.176767299989471e-05 0.0 0.0 5.8153312389950275e-06 0.0 3.131529089207918e-06 1.989222169937903e-06 5.92857173560378e-06 0.0 3.5030315791347965e-06 0.0006582855211682042 6.385272431156743e-05 4.933353954463199e-06 4.6121081278047004e-05 0.0014871902549528063 1.076107408741679e-05 2.6693182262701386e-06 0.0 2.69220248307522e-06 0.0 4.507537199665424e-06 3.5126236224899823e-06 9.35655818543961e-06 3.8687355763109704e-05 5.082523890100582e-05 2.795751817351937e-06 6.461467242772403e-05 0.00010337614212342911 7.170542851307224e-05 2.3867047381476604e-05 0.0 1.0972045243101994e-05 0.0 0.0 0.0 0.0 0.0 0.0 0.0 0.0 0.0 0.0 0.0 0.0 0.0 0.0 0.0 0.0 0.0 0.0 0.0 0.0 2.1927995064190036e-06 0.0 1.9392531799368766e-05 0.0 0.0 2.389236461790427e-05 1.7193213263926222e-05 0.0 0.0 0.0 0.0 0.0 0.0 0.0 2.6818158576588973e-06 6.309648499200849e-06 0.0 0.0 0.0 2.4506129537619484e-05 0.0 0.0 0.0 0.0 0.0 2.9422193425558273e-06 0.0 0.0 0.0 1.2684168086405747e-05 0.0 0.0 0.0 0.0 0.0 0.0 0.0 0.0 0.0 2.99818591098935e-05 5.0091981653031756e-05 4.486566689026875e-06 0.0 0.0 0.0 0.0 2.808702494195747e-06 1.28021092352818e-05 1.920262098089488e-06 4.631952708815586e-06 2.3798163116082536e-06 0.0 0.0 0.0 0.0 0.0 0.0 0.0 0.0 0.0 2.3683348453617726e-05 6.219956649986418e-05 4.843935970329711e-05 0.002070386633920705 2.818619021780412e-05 0.0015281985663316887 0.00024153568423329407 0.00023241954662533938 0.0001887366060036936 2.2470505177323045e-06 6.019007482520953e-05 5.511705913489539e-05 0.0 2.1353290520487164e-05 1.0892693002999737e-05 1.6593032697803187e-05 0.0 0.0 0.0 3.355756429899133e-05 0.0 0.0004494657260840113 2.8728784777697007e-05
0.00047199794146472957 0.0013108577418572338 0.0006386753596350408 0.001045595999650925 0.0008271339911958703 0.008410333699370812 0.009511096547183741 0.00017253678709038808 0.00017815193320946504 0.06271885538932952 0.00040638954456150315 0.0 0.0705970892389033 0.005092586948464009 3.902182231691654e-05 0.00015512440514013197 9.395585630476116e-06 0.0 0.0 0.0 0.0 0.0 0.0 0.0 0.0 3.115528873579616e-06 9.515997091615692e-06 0.0 0.0 0.0 0.00037178920428334005 8.115941233850001e-05 0.0006968779502959246 0.0 2.9492737444740707e-06 0.0 0.00268304174290583 6.106501058676913e-06 3.920177705802979e-06 0.0 0.0 0.0 0.0 1.9086790511942e-05 0.0 0.0 8.716590316465752e-05 2.8615795339023044e-06 0.0 0.0 0.0 0.0 6.758069434484249e-06 0.0 0.0 4.410012929774324e-06 0.00030132726425404524 0.00013924367955774343 3.920926608361956e-05 5.2156605813190215e-05 0.0 0.0001593039765562552 0.0 4.332723472958071e-05 4.7318641484073885e-06 4.220157702700287e-06 0.0 0.0 0.0 0.0 0.0010730918301075539 3.0758579703167427e-05 0.0 2.8200621973438523e-05 0.00013492510078664605 0.0002400383015121654 0.00015599883715557565 2.5562957425030655e-05 0.0 0.0017716726462190479 0.0 2.8592280339912976e-05 1.3947133286109668e-05 0.0 2.1931425102467895e-06 1.839805040049535e-06 0.0 0.0 2.5359373404539615e-06 0.0 0.0 3.237318055892495e-06 0.0 0.0 0.0 0.010001346054080125 0.0020680732318882765 0.0 0.00019559509029783628 0.002205118653222789 5.753507130288733e-05 0.00012853550549650646 0.00015589490080082026 0.00012165945595025887 4.404456724233154e-05 0.0002609989064479657 0.0006474275690405414 0.0003172530671256001 0.0014256226019268988 0.0019273656395447025 8.127787272083209e-05 0.002190009547029884 0.0020224641527826206 0.0038070280274458395 0.00036071014592158453 5.21675677525363e-05 2.3272316728834048e-05 0.0 0.0 0.0 0.0 0.0 0.0 0.0 0.0 0.0 0.0 7.15610255318204e-06 0.0 0.0 0.0 0.0 0.0 0.0 0.0001413291084324887 2.6598844798335747e-06 0.0 0.0 2.7758347718916963e-06 0.00026727865720762613 5.5790413144506195e-05 3.816836130118531e-05 7.10398046424834e-05 2.9203383719470198e-05 0.0 0.0 0.0 0.0 2.7311445032040474e-06 0.0 0.0 4.100635785470557e-05 0.00010493088473562203 0.0 0.0 0.0 3.837235663282535e-06 0.0 0.0 4.034810758826636e-06 3.6260884409937144e-06 0.0 3.7269606173525856e-05 5.3087651392928314e-05 1.4037821607090716e-05 0.0 1.1926167448712103e-05 4.673901115108558e-05 0.0 0.0 0.0 0.0 5.312584790141054e-06 1.022691931277319e-05 0.0 0.0 0.0013937201178260829 4.391438000907541e-05 0.0 0.0 0.0 0.0001706205419192552 2.9055687966681456e-06 0.00011458394902605481 4.600466098597202e-05 0.00011791984188257332 2.2048563844100427e-05 2.419779681062691e-05 1.5119206547065954e-05 0.0 0.0 0.0 0.0 3.840465507311104e-06 0.0 0.0 0.0 0.0013479883628471356 0.0007478506480749275 0.0007129008292826545 0.006090193047813834 5.419227859180267e-05 0.0009477751794751564 0.0004319461606543601 0.008807179370769634 0.00011393871595050966 4.073318481333209e-06 8.166048273110233e-05 0.001898941574542082 1.0702329139070804e-05 0.00012575276712048202 4.654443636088683e-05 0.0016584725966738345 5.414594519783921e-06 0.0 0.0 3.798843362216111e-06 0.0 0.01671467937783901 0.0009112881239818292
