0.0 0.051753674949730925 0.011068435070166098 0.022187758610724185 0.008296390817658306 0.001624019372996168 0.021590448924284588 0.0017198777698654425 0.0017945298745197598 0.03645678428141742 0.007526256272477621 0.0026857310493001983 0.009027685414007763 0.008588544832357397 2.514488677337098e-05 3.999715628294869e-05 7.816376163778551e-06 0.0 0.0 0.0 0.0 8.86482818034455e-06 0.0 0.0 0.0 2.572123993436822e-06 0.0 3.2361713079671518e-06 0.0 0.0 0.01836564587741484 4.073191471686284e-05 0.001037752615121056 0.0 0.0 2.3984871200078633e-06 0.0010457193856088624 2.901151754020484e-05 9.08680172307375e-06 0.0 3.5717558142639163e-06 0.0 0.0 2.0287744331528736e-06 1.8360796069813182e-06 0.0 0.00015786366118230533 1.9718161428148623e-05 3.618825759666736e-06 5.939889632343421e-06 2.0044200835595716e-05 9.396531246821942e-06 6.377743604276542e-06 3.5141124812987983e-06 8.226641202800566e-05 0.00013887242813634762 0.0035648699664641253 0.020186769702510973 0.00030793901721063805 9.631677401661815e-05 6.058032195636044e-06 9.109787999024823e-05 0.0 6.062887191569571e-05 8.747697117679267e-05 3.208091556523956e-05 1.567859326678714e-05 4.687383690069826e-06 1.3753323665687166e-05 1.198066116179427e-05 0.001369534113648477 1.560123983422471e-05 9.121606603985866e-06 0.0019491689733180926 0.00025119739730327073 0.00018216459700474576 1.4554478755023889e-05 8.269583616243735e-06 2.30932842420503e-05 0.0023609242393449283 0.0 6.906564223071651e-05 0.00018814082773873912 0.0 1.4444672548440617e-05 3.983566777093302e-05 0.0 5.734401841448805e-06 1.8511549969482796e-05 1.1066108546837672e-05 2.3432350907851177e-06 2.7569580020548216e-06 2.081806840841065e-05 3.1268733883994244e-05 3.7814530511413454e-06 0.005657052929836395 0.0006178026338301785 1.4761509866463311e-05 6.622642601276921e-05 0.012977115985985983 0.0 0.0 0.0 0.0 0.0 9.342033853126084e-05 0.00010407200279685592 0.0 2.9397845994109947e-05 6.935043368240657e-05 1.6465904324140747e-05 0.00016730663966229187 7.567130827641801e-05 0.00010658512976079455 2.5799103221820233e-05 1.8401580023600778e-06 0.0 0.0 0.0 0.0 0.0 0.0 0.0 0.0 0.0 0.0 0.0 0.0 0.0 0.0 0.0 0.0 0.0 0.0 6.461057472721096e-06 0.0 0.0 0.0 0.0 0.00015488520428920126 0.0 5.937769156655252e-06 1.8327813768520877e-05 0.0 0.0 0.0 0.0 0.0 0.0 0.0 0.0 2.3588033404786795e-06 2.402585483593788e-06 0.0 0.0 0.0 0.0 0.0 0.0 0.0 2.1964946528428195e-06 2.2491554595913226e-05 0.0 0.0 0.0 0.0 6.195975233152471e-06 0.0 0.0 0.0 0.0 0.0 0.0 3.788712012139713e-06 0.0 0.0 0.00010192309090255842 0.0 0.0 0.0 0.0 2.598301573465576e-06 0.0 0.0 2.011476049243037e-06 9.910274759863399e-06 0.0 0.0 0.0 0.0 0.0 0.0 0.0 3.858001986824033e-06 0.0 0.0 0.0 5.000414209913722e-05 3.3124369909334016e-05 8.94627553911353e-05 0.0020168154099841 4.0282568671925235e-05 0.001010459406033193 0.0001800394281962421 0.0035972675857822703 0.00013039377117876583 3.3954575486016133e-06 3.2747060428997984e-05 0.00010543268287758056 3.163086782271094e-06 3.743119714067029e-06 0.0 0.000161187857080656 0.0 0.0 0.0 1.0873748151157951e-05 0.0 0.0038874312553805867 0.0001314454237291586
0.051753674949730925 0.0 0.037884772790753106 0.03172564567273822 0.05914099638750831 0.002144691609423926 0.046605974455105434 0.006142278037403221 0.02976728294502125 0.039278958276786985 0.048248040556665574 0.0036228221902882903 0.017924762976652363 0.05155111152540612 0.00025382865189132466 0.00014369587933158693 2.718529852974638e-05 9.664596884453507e-06 3.6338490991736885e-06 2.1095801468649857e-06 0.0 0.0 0.0 0.0 1.2568718946267797e-05 2.013286500025904e-06 0.0 1.1584429364611696e-05 4.409376399785571e-06 0.0 0.03654321731975273 0.0001847810221667713 0.0023730861631645127 0.0 0.0 2.017098504729833e-06 0.0020295679930757687 3.305083247511696e-05 1.7755071746854773e-05 3.7161951751776957e-06 8.461434748684451e-06 9.836610564509001e-06 4.92686979421978e-06 1.2013598053904358e-05 8.717584099843782e-06 0.0 0.0010500727713036728 5.185436333834471e-05 8.585928089331095e-06 5.648112118486237e-06 3.184607480563917e-05 0.0 0.0 1.2906758950395148e-05 0.0002558178031891331 0.00038899591943168606 0.003446146101445034 0.018946218143238554 0.0005095832398781307 0.0005251905173586386 0.0 0.00018546689576712038 0.0 0.001063683692365577 0.00025665226125437806 9.304724145516052e-05 4.6526857647917855e-05 2.424693779662757e-05 2.1753309269290306e-05 4.6836521498451395e-06 0.0004694704851293948 1.2068231660355602e-05 1.7504303457744522e-06 0.005067507870398625 0.002084488556419837 0.0012292765925971513 7.644065208887811e-05 1.5334124387428857e-05 1.273359096005293e-05 0.005403524474350892 0.0 8.593742329192532e-05 0.0005385330850928155 0.0 2.7716259518480514e-05 9.128943736817465e-05 8.838898649822565e-06 9.844783329832254e-06 4.068810254748065e-05 6.8879872082964125e-06 5.2529028414231046e-06 4.476434520559539e-06 3.288830546841609e-05 1.5029419899991647e-05 5.3948291664871334e-06 0.0005038089051722575 1.7337276652537427e-05 0.0 2.0688039732825512e-05 0.01762820085138991 0.0 0.0 4.437646204187176e-06 0.0 0.0 3.9830879394855075e-05 5.653513592480415e-06 2.5344419453238724e-05 0.00045473430515558796 7.517165211166178e-05 0.0 0.00010108954146469588 7.348267739938165e-05 0.00011343724356722659 4.9074167963831555e-05 0.0 0.0 0.0 0.0 0.0 0.0 0.0 0.0 0.0 0.0 0.0 0.0 0.0 0.0 0.0 0.0 0.0 0.0 0.0 0.0 0.0 0.0 0.0 0.0 0.00016450155532271894 0.0 9.629711213654334e-05 4.4424601839440616e-05 2.327794489704759e-06 0.0 0.0 0.0 0.0 0.0 0.0 0.0 0.0 0.0 0.0 0.0 6.6733346019641104e-06 0.0 0.0 1.9678401917344862e-06 3.716825578873495e-06 5.975307167433858e-06 0.0 0.0 0.0 0.0 0.0 2.6134913886552196e-05 3.100330109145541e-06 0.0 4.998679460822903e-06 0.0 0.0 0.0 0.0 0.0 1.2262762969935663e-05 0.00020285256840192904 0.0 0.0 0.0 0.0 5.646782087976468e-06 0.0 0.0 6.5448103458979635e-06 0.0 1.8225972214168413e-06 0.0 0.0 0.0 0.0 0.0 2.8958819962372624e-06 0.0 0.0 0.0 0.0 0.0001338663531911544 5.113341181033964e-05 0.00017217646265524648 0.0012264504977100006 8.879657946572129e-05 0.004202665004044255 0.0005503399574748935 0.003563365948232135 0.00041868113721358957 1.7456483891053502e-05 0.00013288192190918376 2.0977108078664805e-05 0.0 2.6675647020047092e-05 2.049470518446147e-06 6.900201804992417e-05 0.0 0.0 0.0 2.7386632785638245e-05 0.0 0.0019599693084295686 6.25439481168201e-05
0.011068435070166098 0.037884772790753106 0.0 0.0018503376395077374 0.013258622466880105 0.00020296398700426252 0.00179364704709652 0.03645759631222779 0.010925170979056759 0.0016908424268521002 0.07849313229153511 0.00099051593252599 0.006022261965504458 0.02671400519165461 0.00012512057753269855 0.00017508959082222967 1.570323181573781e-05 1.2574214492704617e-05 3.4404105682197584e-06 3.131753943638122e-05 1.7882190093223927e-05 9.897335065795846e-06 0.0 5.485257633187893e-06 3.911482939610184e-05 3.254582290797637e-05 0.0 2.5738324436592432e-05 7.605048189982729e-06 9.165240538630024e-06 0.11730193941434253 0.0048969706102941326 0.003392070822780223 0.0 5.807115550142195e-06 2.5942793701009027e-05 0.002368284976963999 0.00015202377070440006 6.0885283515975796e-05 6.586327739330328e-05 0.0001606978955544342 6.847822194974576e-05 1.858723864521833e-05 1.7470006213032307e-05 0.0 0.0 0.0003754848895479888 1.4121676739503256e-05 1.3910363113234065e-05 6.143751907636036e-05 0.00010581060915364902 1.7523956906798545e-05 0.0 1.2601571380257212e-05 8.212083921248818e-05 7.826695748032162e-05 0.0014999526082780522 0.012212775735583138 0.0001374763379161648 0.00015087394734778213 1.8434857114795883e-05 0.0008870946711178863 0.0 0.0008184969585289952 5.635634799349014e-05 4.4941283341362826e-05 1.5607573897449774e-05 0.0001027302771300219 0.0002950321125662868 0.00019860777129680285 0.0005328179991637631 1.858044043211119e-06 6.574673021580673e-06 0.0014572788966448014 0.0009377382954951878 0.000546852301241048 5.806978390745877e-05 2.8397417959511262e-05 0.0009820728781422183 0.029352179538701152 3.1857103172499525e-06 0.002156295848877084 0.00013249011772913634 0.0 2.0188946967336598e-05 1.7917485304556407e-05 2.244166040645418e-05 0.0 1.4220461383207884e-05 6.446651816422415e-06 1.283052832272592e-05 3.103883976700262e-05 0.0007142004864593398 0.0001541338139657586 5.326864607438038e-05 6.222881046300866e-05 1.605271715247362e-05 1.6799760027435048e-06 4.447583818824637e-05 0.0061221190794289665 0.0 0.0 0.0 0.0 0.0 2.698623798704359e-05 3.3134363775150626e-05 1.48561863843474e-05 7.502452133224759e-06 2.561325482827829e-05 2.494366049371045e-05 6.145890384293183e-05 3.663667830009371e-05 7.769746894520943e-05 0.00010825088958333847 0.0 0.0 0.0 0.0 0.0 0.0 0.0 0.0 0.0 4.412530045303669e-06 0.0 0.0 0.0 5.578340836052942e-06 0.0 0.0 0.0 0.0 0.0 0.0 0.0 0.0 0.0 0.0 0.00029110223790207267 1.7171348838287577e-05 6.488468052564065e-05 9.687149066372101e-05 1.4450485071677084e-05 0.0 0.0 0.0 0.0 0.0 0.0 0.0 1.007645905464082e-05 7.993499929916278e-06 0.0 0.0 0.0 2.37492300851526e-06 1.531517441091759e-05 0.0 0.0 0.0 1.3223166286356912e-05 0.0 0.0 0.0 0.0 6.950003815290676e-05 0.0 0.0 0.0 0.0 0.0 0.0 6.194699338671016e-06 2.2381577993962136e-06 0.0 0.0002522663634725758 0.0 0.0 1.1378915689004092e-05 1.2743564857662371e-05 1.8044268924608434e-05 3.5170278395447407e-06 1.4551271565128061e-05 1.7395714572235024e-05 2.0464409716377566e-06 7.881607563378628e-06 0.0 0.0 0.0 0.0 0.0 0.0 3.060507883380018e-06 1.2884363792541189e-05 1.238284555548875e-05 0.0 0.00012553610719693502 0.0001381802766795788 0.00024360431850039996 0.000550982766752197 4.18184086825912e-05 0.0012757771482705055 0.0002628614196458127 0.0016152335979125972 9.82781227660726e-05 1.4944084509418868e-05 6.15583478812108e-05 3.835304732182578e-05 7.03405745404123e-06 2.136650675535586e-06 0.0 1.872214015500207e-05 0.0 0.0 3.3939825636991007e-06 0.0 0.0 0.00043003857302819113 3.943889653633171e-05
0.022187758610724185 0.03172564567273822 0.0018503376395077374 0.0 0.008334266507534185 0.004608424725495479 0.03445827345862701 3.6102048338184015e-05 0.0024077576808583592 0.08627680755753392 0.0006674518971058685 0.014361112388874823 0.034318405764163666 0.0026617676547204434 1.7006980023322978e-05 5.214303113673956e-06 2.9094449941936233e-06 0.0 0.0 0.0 0.0 0.0 0.0 0.0 0.0 2.7231460587330145e-06 0.0 0.0 0.0 0.0 0.0023230157437754578 3.4453156473751077e-06 6.155742076474781e-05 0.0 0.0 0.0 0.00013013927090569296 4.570937980648207e-06 5.176784627364578e-06 0.0 0.0 0.0 0.0 1.8814068455929811e-06 0.0 2.046891365643788e-06 0.00016378470556029063 1.4020484077927299e-05 2.3748227237415033e-06 0.0 2.4279890367478097e-06 0.0 2.1944978321264206e-06 2.6604361260034884e-06 0.00011087187844213318 7.24799332006646e-05 0.0008630082530054452 0.0038781826480207837 0.00011254365756979219 7.686252114119484e-05 0.0 9.242624145372166e-06 0.0 0.00012209889257725 4.907264609062036e-05 2.7815114272779177e-05 4.138130788184978e-06 1.8174436490167854e-06 1.9593094778087407e-06 0.0 0.00029903161474184283 0.0 0.0 0.0011140031422180682 0.00024650672758586484 0.00015114539027485206 4.8890378810142486e-06 0.0 0.0 6.19737238642084e-05 0.0 5.95248631698569e-06 9.984225964915433e-05 0.0 0.0 1.4228788865158494e-05 0.0 0.0 4.0215949999621514e-06 2.672759024338643e-06 2.8694846180170572e-06 0.0 0.0 0.0 0.0 0.0007707007790459441 0.00015403948119686303 0.0 4.895349757342461e-06 0.011622371919138608 4.465428340596042e-06 0.00012711960865567377 0.00016973572147766582 0.0007576501416193876 0.0 0.00034372188618196793 0.00020877286241906287 0.0 5.915904413548624e-05 2.7265110270479675e-05 0.0 0.00014660662359046 5.0137711359721506e-05 5.162828980499048e-05 5.215735144744171e-05 0.0 0.0 0.0 0.0 0.0 0.0 0.0 0.0 0.0 0.0 0.0 0.0 0.0 0.0 0.0 0.0 0.0 0.0 0.0 3.8021830084304752e-06 0.0 0.0 0.0 0.0 0.00012666164374087362 0.0 2.6571346565873178e-05 1.5039098120222416e-05 5.526642408142157e-06 0.0 0.0 0.0 0.0 0.0 0.0 0.0 0.0 0.0 0.0 0.0 0.0 0.0 0.0 0.0 0.0 9.21427979299715e-06 0.0 2.49271087728359e-06 3.31137157614672e-06 0.0 0.0 1.7977366260025053e-05 0.0 0.0 0.0 0.0 0.0 0.0 0.0 0.0 0.0 0.0001565474960039424 0.0 0.0 0.0 0.0 2.826921156772064e-05 0.0 0.0 1.2303033223104884e-05 8.372329656424405e-06 0.0 0.0 0.0 0.0 1.8095425992236106e-06 1.9565517944430714e-06 0.0 0.0 0.0 0.0 0.0 4.6674716009636056e-05 2.128819928622892e-05 2.5583896534717293e-05 0.00016713474120618734 1.2698893167896271e-05 0.0006767723326213539 9.7527281346458e-05 0.004481775608920304 8.483610936657778e-05 1.3492806897839458e-05 0.0 0.00012170247337474536 5.019560584835896e-06 0.0 5.96489219431506e-06 8.530294445482548e-05 0.0 0.0 0.0 0.0 0.0 0.0010290475491642396 0.00015428323354545174
0.008296390817658306 0.05914099638750831 0.013258622466880105 0.008334266507534185 0.0 0.0009912426374121732 0.01829810667564198 0.007823443100882508 0.06542320961383796 0.04846249578348241 0.02490106336458907 0.009822195619887824 0.008878328117075649 0.04722985607488036 0.0003945763761581352 9.66057229969524e-05 1.1644207668704258e-05 1.1708003871903505e-05 2.154937115918426e-06 0.0 0.0 0.0 2.3658263808072227e-06 0.0 0.0 2.20578031291201e-06 0.0 0.0 0.0 0.0 0.007774808692745048 0.00028749640375381205 0.00020514259931407047 2.1695254443344964e-06 2.5175687806877764e-06 1.8658813426540145e-06 0.00035962839760071333 1.696523611646505e-05 7.805319101864948e-06 4.150913399022841e-06 0.0 4.428389534996535e-06 7.636498264178653e-06 9.460640285266756e-06 1.3065916507027886e-05 0.0 0.0019460860211698602 6.128748980074182e-05 1.747361054838173e-05 9.773948407564024e-06 1.9932284211384172e-05 0.0 0.0 0.0 0.00032671029749643143 0.0004807166054367768 0.0018742327672245773 0.007194483772955561 0.0004060282787504892 0.000814828737193398 7.265218590755547e-06 6.601229006530819e-05 2.472893984756116e-06 0.002082241262056319 0.00026413700232741155 0.0001014079253573416 3.837252534648204e-05 1.3585917760369245e-05 1.2807614435223634e-05 4.6105063883137775e-06 0.0002672784432772916 5.76443225007169e-06 0.0 0.004818630073520316 0.0028840142376853764 0.002404094026917349 9.380553471386342e-05 2.3861047312066243e-05 5.898929218769554e-06 0.00029957278806337124 3.993943618332048e-06 4.358196361324029e-05 0.0005155940045170694 4.350941142515594e-06 3.050181938882643e-05 0.00011957047780599397 1.2041335076956298e-05 6.033971837217253e-06 4.7664810423071055e-05 6.979154054924301e-06 2.043337172681246e-06 4.7871146788813805e-06 3.987060207541007e-06 0.0 2.5845776465507398e-06 0.0003094897543913241 3.337208099197115e-05 0.0 8.163736143708885e-06 0.0017344211545803916 0.0 0.0 6.1249537930380676e-06 0.0 4.788356257629044e-06 0.00016498103457556818 3.07332259126199e-05 4.886253366294658e-05 6.855714547504187e-05 0.000250319408694321 0.0 0.0004162938652741137 0.0002034537158638928 0.0003303936050344101 0.00013993004008723398 0.0 0.0 0.0 0.0 0.0 0.0 0.0 0.0 0.0 0.0 0.0 0.0 0.0 0.0 0.0 0.0 0.0 0.0 0.0 0.0 0.0 0.0 0.0 0.0 0.00041347696892648367 0.0 0.00015782537458562706 0.0001015707126902988 3.75895825932927e-05 0.0 0.0 0.0 0.0 0.0 0.0 0.0 1.6215710084008303e-05 0.0 0.0 0.0 0.0 9.290315323886755e-06 0.0 0.0 0.0 1.905349613458473e-06 1.4944131101902251e-05 0.0 0.0 1.3674144251514076e-05 0.0 6.545465628500764e-05 0.0 0.0 6.281978449320401e-06 1.954666204036209e-06 2.01300590973709e-06 0.0 0.0 0.0 0.0 0.0003837852882494406 0.0 0.0 0.0 0.0 2.2764605777179376e-05 0.0 4.428244284778497e-06 2.4725233748311513e-05 0.0 1.0840763927001252e-05 0.0 0.0 0.0 0.0 0.0 0.0 2.303107869144249e-06 0.0 0.0 0.0 0.00024490550131105887 5.92291236678731e-05 0.00020841980262533197 0.0017333688550600866 9.368375542235198e-05 0.005991473521286701 0.0010152957457447245 0.002333736147780694 0.0006552029803866058 4.7168741139972045e-05 0.0002073095420556992 0.0001353181118146575 0.0 1.9207335344130148e-05 3.2342034781293042e-06 0.0001868341674269862 0.0 0.0 3.825631008496237e-06 1.5169450724501553e-05 0.0 0.0024456924985185157 0.00015457183463524337
0.001624019372996168 0.002144691609423926 0.00020296398700426252 0.004608424725495479 0.0009912426374121732 0.0 0.0029112565284366222 2.2111140429144794e-06 0.0004350232389491389 0.023797043935019864 3.364336846285045e-05 0.001849033532759899 0.002535170476783316 0.0004505961461160876 2.7101933483526434e-06 4.952964838992258e-06 0.0 0.0 0.0 0.0 0.0 2.760509621337331e-05 0.0 0.0 0.0 0.0 0.0 0.0 0.0 0.0 0.002228761261937062 0.0 0.00014411643122179405 0.0 0.0 0.0 0.0011282320099206668 2.4605572713798558e-05 7.810203976152898e-05 6.825064281357137e-06 0.0 0.0 0.0 0.0 0.0 0.0 2.359310828765937e-06 0.0 0.0 2.4620508045281347e-06 2.2939398735846795e-05 0.0005823685823699892 2.851603428700795e-05 0.0 5.701613009897023e-06 1.4262323620182335e-05 0.001303891823812207 0.00043446647415563175 4.2910791790306485e-05 4.754562063824716e-06 0.0 8.206677255520774e-06 0.0 0.0 2.025005027290896e-06 3.642625052265937e-06 1.668828063300408e-05 0.0 0.0 0.0 0.0038699598203313958 0.0013203615555239668 0.0004620329253799862 5.513452771285968e-05 1.3155366975315546e-05 7.10860099007407e-06 2.749018938711712e-06 0.0 0.0 2.247753099797827e-05 0.0 0.0 0.0 5.095666522144833e-06 0.0 3.435812407804154e-05 0.0 4.622844566025229e-05 9.847394209897105e-05 0.00030634979937188247 7.747012084858757e-05 9.949163730791136e-05 0.0 1.5089347891681614e-05 1.3566816025483532e-05 0.007978685775276795 0.007926310209486514 0.0004125323795426603 0.000653714053681851 0.008627421376552117 0.0 0.0 3.955413942011883e-05 0.0 0.0 0.000339567955660799 0.0002040120474960555 4.937491075896743e-05 0.00014520840845720965 0.0005298956363665736 2.8459032007449103e-06 0.0007043973804756751 0.0003028923735245565 0.00043472595775364946 2.2550296328185005e-05 8.333746346978924e-06 0.0 0.0 0.0 0.0 0.0 0.0 0.0 0.0 0.0 0.0 0.0 0.0 0.0 0.0 0.0 0.0 0.0 0.0 2.4732048971372907e-06 0.0 0.0 0.0 0.0 6.121990037774466e-05 0.0 2.9822080169630774e-05 1.428119431551553e-05 1.9444146743908647e-06 0.0 0.0 0.0 0.0 0.0 0.0 0.0 0.0 3.424761410309022e-06 0.0 0.0 0.0 0.0 0.0 0.0 0.0 2.3910661946624995e-06 0.0 0.0 0.0 0.0 0.0 3.5193823130383425e-06 0.0 0.0 0.0 0.0 2.4050318108403438e-06 0.0 0.0 0.0 0.0 0.00018061595190051977 0.0 0.0 3.20318175895521e-06 0.0 0.0 0.0 0.0 0.0 1.5531078062406878e-05 0.0 0.0 0.0 0.0 0.0 0.0 0.0 3.82232397756459e-06 3.0215172225083936e-06 0.0 0.0 0.0002595564260629468 0.0 1.0443566112329879e-05 0.0006535993391420339 5.745856048816005e-06 5.778580627114512e-05 5.4572829145143784e-06 0.0026043956028659622 1.5133666366049882e-05 0.00023023908330118873 0.0 0.00025232827083129 2.536397173004311e-06 4.1425649134765476e-06 0.0 0.0009663815852435876 0.0 0.0 0.0 0.0 0.0 0.0012943297448866345 0.0004056312168675392
0.021590448924284588 0.046605974455105434 0.00179364704709652 0.03445827345862701 0.01829810667564198 0.0029112565284366222 0.0 0.00019206929738073222 0.008122327247160367 0.04980807526519207 0.015100552233618492 0.009556202624769772 0.06877047140685441 0.038123172575326346 0.0002936006423808256 0.00015351484066339057 6.264201863827147e-06 3.6148480927996695e-06 4.087938111007003e-06 2.6400815710090413e-06 0.0 0.0 0.0 1.6317956771097226e-06 8.566459678996794e-06 0.0 0.0 0.0 3.0180581373770097e-06 3.4720760032277613e-06 0.004170304385666073 0.000148096964931758 0.00018372358075916537 0.0 3.97822390608933e-06 0.0 0.0004905259505237482 3.2380369745406444e-05 1.5011624381679749e-05 4.421436901087327e-06 4.303969559022139e-06 1.8568058664543062e-06 3.88027319388093e-06 1.0511955446914778e-05 2.4184221947392203e-06 2.847296537867019e-06 0.0015353885777215177 5.93931231449615e-05 1.7479862372175806e-05 9.358740157506612e-06 5.757710211977064e-06 2.0222761868911315e-06 0.0 0.0 0.0002930547870324116 0.0003272537285565831 0.0023550235023378032 0.008813719238314833 0.00036930966335285676 0.0006669743038871641 2.8392355945038876e-06 6.548134076167308e-05 0.0 0.0012013626419112415 0.00029806523856487714 7.857411406359857e-05 3.9087938285470425e-05 5.0676219887025665e-06 4.825227182375727e-06 1.7837219324088303e-06 0.00040158020041531636 2.257490573834448e-06 0.0 0.0047773893527624355 0.002064736587633659 0.001671072565664827 8.954363195500469e-05 6.994620392805003e-06 3.9922517934909986e-06 0.00020930905655720035 3.600303102788777e-06 3.7894171856778943e-05 0.0005669460285552656 0.0 3.209338800325947e-05 9.253824608595736e-05 1.9998583392373273e-05 4.2617359133944365e-06 6.108400918444883e-05 4.571167836899561e-06 4.191694690382816e-06 0.0 6.443502312458394e-06 0.0 0.0 0.0010826412717347437 5.2453441798221014e-05 0.0 3.315248662414736e-06 0.002621815110962202 1.1171500892161829e-05 5.601691805423151e-05 0.0005015652351122954 0.0004766537858512556 0.0 0.0006572636799893724 0.00016196309240170537 6.773513706926954e-05 0.0002456617345903456 0.0006366452084549176 1.1355260907059697e-05 0.0007680874183381113 0.00044301008562034087 0.0006546707315224656 0.00035860471784612976 2.1370278527820175e-06 3.055578546550783e-06 0.0 0.0 0.0 0.0 0.0 0.0 0.0 0.0 0.0 0.0 0.0 0.0 0.0 0.0 0.0 0.0 0.0 4.229932771713328e-06 0.0 0.0 0.0 0.0 0.0006500189742201422 0.0 0.0002183219034365711 0.00015073593730583723 2.4596151269920645e-05 0.0 0.0 0.0 0.0 0.0 0.0 0.0 5.905127794011192e-06 1.3106974099209953e-05 0.0 0.0 0.0 0.0 2.7613492326791506e-06 0.0 8.418468343810155e-06 1.9392109596039303e-06 4.104194953231166e-05 2.4969287542872065e-06 0.0 0.0 0.0 0.00012751445820918266 0.0 0.0 2.3493449184393613e-06 0.0 0.0 0.0 0.0 0.0 0.0 0.0008667440473457361 0.0 0.0 0.0 0.0 2.091072577076885e-06 0.0 0.0 8.597832971738352e-05 8.98329348903e-06 0.0 3.9194170922534575e-06 6.620320934808124e-06 0.0 0.0 0.0 0.0 9.348514956312195e-06 0.0 0.0 0.0 0.0004856570219585617 0.0002328282688703895 0.00046773579357659435 0.001525940403070289 0.0001055713742051714 0.004882840272677576 0.0007553490011363432 0.003214023996979638 0.0005595172534857955 2.3834962473266324e-05 0.00015378365592231034 0.00016597457934728845 0.0 5.0671820225380546e-05 4.016272363408107e-06 0.0004347014097272379 0.0 0.0 2.0947545665652776e-06 6.50433797009845e-05 0.0 0.003475411511337339 0.000265423822376439
0.0017198777698654425 0.006142278037403221 0.03645759631222779 3.6102048338184015e-05 0.007823443100882508 2.2111140429144794e-06 0.00019206929738073222 0.0 0.004586575451832899 9.019170278093943e-05 0.059678444837897346 8.69452318717171e-05 0.0023475794629791284 0.01647653908672415 0.0004078664397842203 0.0003283782616611338 6.185995655697435e-05 0.00022887003047724388 6.597607158324151e-05 0.0002908725816286153 0.0001353935269999112 3.076045958893867e-05 4.5882835486920105e-05 1.0465395356401548e-05 0.0001295313144329989 0.0001281855550404051 3.114944115196897e-05 6.035781933009772e-05 1.4287390672067483e-05 0.0 0.031077777973168987 0.06431085981047802 0.002331203481260438 8.358401772762468e-05 3.2238030004497813e-05 0.00015896065383970995 0.0013131173983627392 0.0005582825313767347 0.00011586716389938879 8.2968276020739e-05 0.0003197717117386574 0.0001219731010073124 0.00014303138103139996 9.190757673904648e-05 0.00019410306253446225 3.711019874409993e-05 0.0013669080610002582 4.958566734621307e-05 4.055264104042046e-05 0.0002158607569699585 0.00014944364759508598 2.118285545625254e-05 0.0 7.918858712372243e-05 0.00010001037154152998 0.00019155393614708516 0.001140703579693353 0.007317327034295052 0.0001915874524130283 0.0005657971613059892 0.0007012298765780667 0.0021879531355253477 4.613609891444996e-06 0.006515040612901107 0.00013267944014698686 7.315269094298515e-05 4.733694459027537e-05 0.00013523670246943844 0.0003978433900630626 0.0007214931443249918 0.00023724681348760373 3.4539108512143618e-06 2.623541683146145e-06 0.0029857875796067794 0.00337096191743447 0.002286241766301594 0.001660187324109451 0.009411204931780093 0.05032284881690068 0.09394399440122847 0.0010719659223651118 0.032093716249819416 0.00021299480746417253 2.1452964654996544e-06 2.3017465403186597e-05 5.316598227363071e-05 3.238149003578467e-05 1.7199480640190783e-06 2.1130608568251652e-05 0.0 1.5563583049591643e-05 1.3650059339596106e-05 0.0012015124460638133 0.00029458014639674414 4.6186457845441655e-05 3.977546466172211e-06 6.792231223924304e-06 0.0 1.5615214029336004e-05 0.0010449411217763934 0.0 0.0 0.0 0.0 0.0 4.404565540985508e-06 1.2183517290897317e-05 0.0 3.214405074682535e-06 1.6831305061549483e-05 0.0 1.3701525248827915e-05 3.3590111331479716e-05 3.4918526339330884e-05 3.8384178200532364e-05 0.0 0.0 0.0 0.0 0.0 0.0 0.0 2.4087778465043078e-06 0.0 0.0 4.539653864440714e-06 0.0 0.0 0.0 0.0 0.0 2.094159513991791e-06 0.0 4.352077999110132e-06 0.0 0.0 0.0 0.0 0.0 8.474658834395814e-05 0.0 7.004740294986976e-05 5.545392628625461e-05 8.09384386873144e-06 0.0 0.0 0.0 0.0 0.0 0.0 0.0 0.0 0.0 0.0 0.0 9.838272363082984e-06 8.104857296414577e-06 1.0759459008110041e-05 0.0 0.0 2.1601674549815786e-06 2.2522200912792617e-05 5.6011454161100855e-06 0.0 0.0 0.0 3.3096248757141306e-05 0.0 0.0 0.0 3.6403600659229586e-06 5.281948743476481e-06 0.0 4.38595458025809e-06 1.092854209491709e-05 0.0 7.934308055089961e-05 2.9564386166712826e-06 0.0 3.3267947235348895e-06 1.934300215394253e-05 7.442358183546359e-06 0.0 0.0 0.0 2.4811812344671056e-06 0.0 0.0 0.0 0.0 0.0 0.0 0.0 0.0 2.773103258979101e-06 0.0 6.144700722884146e-06 5.0173017072851835e-05 4.915213508596082e-05 4.983684890325529e-05 0.0010931919125508295 6.64944330769931e-05 0.0033130558846587673 0.0007043766985899957 0.0004947018598286735 0.00024389633030788793 1.2603189840426016e-05 0.00014257429945091965 3.978411488906555e-05 0.0 4.5649145487702936e-05 0.0 8.829030657667414e-06 0.0 0.0 0.0 5.108074780867798e-05 1.340352090841377e-05 0.00037419968692374166 3.790440282656653e-05
0.0017945298745197598 0.02976728294502125 0.010925170979056759 0.0024077576808583592 0.06542320961383796 0.0004350232389491389 0.008122327247160367 0.004586575451832899 0.0 0.013508360120791523 0.020918011557944205 0.0036775427514777552 0.004679221344600814 0.029739025902522694 0.0002930978525387583 0.0001285089756544608 7.099512941299481e-06 0.0 0.0 2.366770655137109e-06 0.0 0.0 0.0 0.0 0.0 0.0 0.0 4.324559886773767e-06 0.0 0.0 0.0022428058116982633 0.0002353652825433011 0.00016829509964099234 0.0 0.0 3.8672315880005165e-06 0.0003207988649258992 3.9031781326681535e-05 2.487374026324299e-05 7.9199695955062e-06 0.0 0.0 4.443017208176351e-06 1.9329884225136955e-06 2.4273194362009105e-06 3.013620166356653e-06 0.001023523220257788 2.469799755747779e-05 2.013748135393006e-06 1.2167256070458842e-05 3.637823364049905e-06 0.0 0.0 0.0 9.121841223024411e-05 0.00014167944184847051 0.0005754465023322568 0.0021928317463044064 0.00016308529144470733 0.0004126148516402385 3.5295045670313804e-06 5.075698921422695e-05 0.0 0.000812210543587781 0.00012443913894511692 3.9415693331694514e-05 2.0691466425087496e-05 1.0385457298268873e-05 2.4504077127124287e-06 1.9836310499597656e-06 0.00015429378977514712 4.354843521846021e-06 0.0 0.001954626594360915 0.0011808123770392543 0.001265606704189599 7.696138195991199e-05 1.772684039974104e-05 1.6811035408413644e-06 0.00011366966699045898 5.0145848034359215e-06 2.929479969125859e-05 0.00020894301949958997 0.0 1.928990195788883e-05 4.530333740725087e-05 8.16359799329784e-06 0.0 2.173505980706889e-05 3.5347619741086904e-06 5.9178836326601915e-06 3.6381191893412226e-06 4.696219991521505e-06 1.9507030326084176e-06 0.0 0.00023760991566249885 4.696896484797692e-05 0.0 0.0 0.0004766016345148237 4.75669259757279e-06 2.3673825993347303e-05 3.4946525019852977e-06 0.0 0.0 0.00017510775908040864 0.00012751651005340323 4.1614625880763095e-05 7.399521823470125e-05 0.00015684210915112951 0.0 0.0004894447092318924 0.00028858553145210905 0.000482197742322048 0.00010927875127215285 0.0 0.0 0.0 0.0 0.0 0.0 0.0 0.0 0.0 0.0 0.0 0.0 0.0 0.0 0.0 0.0 0.0 0.0 0.0 0.0 0.0 0.0 0.0 0.0 0.0003514778728666021 1.1027000147500101e-05 0.00014729802365098885 0.00010484490597922117 8.23591337323647e-06 0.0 0.0 0.0 0.0 0.0 0.0 0.0 1.7703176447212615e-05 4.8903242772935455e-06 0.0 0.0 0.0 0.0 8.132860858053995e-06 7.836703650758841e-06 3.8801814880406215e-06 0.0 2.970995765101649e-05 0.0 0.0 0.0 1.7157652718950123e-05 9.487553893411577e-05 0.0 0.0 0.0 0.0 0.0 0.0 0.0 0.0 0.0 0.0004747810172520816 2.337516048340708e-06 0.0 0.0 0.0 7.6030072912979245e-06 0.0 0.0 1.933642640145446e-06 2.1026091717877164e-06 2.254970734002999e-06 0.0 0.0 0.0 0.0 3.8153336259307385e-06 0.0 0.0 0.0 0.0 0.0 0.0003595802146126519 0.00014890367724710479 0.000199193296225132 0.0011528448341998315 3.474553968989224e-05 0.0028403568198379424 0.0005519516306719498 0.0012689988331120226 0.0003296576875570045 1.429714462357283e-05 0.00019672251946198588 0.00011020063724816858 0.0 4.2193587925004464e-05 5.6671221475316405e-06 0.00016442811787745033 0.0 0.0 1.0080859751674471e-05 2.690856136535041e-05 0.0 0.0016806790219340006 0.00021253480727136812
0.03645678428141742 0.039278958276786985 0.0016908424268521002 0.08627680755753392 0.04846249578348241 0.023797043935019864 0.04980807526519207 9.019170278093943e-05 0.013508360120791523 0.0 0.001879450108907731 0.08851422597134491 0.185572785403634 0.011138730312882608 0.0001960889792785354 8.187829930385594e-05 5.6653531122895575e-06 2.154661702572208e-06 0.0 4.457954758348822e-06 0.0 2.3168567932962024e-06 0.0 0.0 1.9711022572218533e-06 1.8615821136952856e-06 0.0 0.0 0.0 0.0 0.0032005570274627414 0.00011371765207140049 0.0007489825914864528 2.3229877724587744e-06 0.0 5.220195361826433e-06 0.007176095164870985 1.3797258306739949e-05 2.0792385744094273e-05 0.0 0.0 0.0 0.0 6.2156243927397704e-06 3.3028240001793675e-06 0.0 0.0012473467338100879 5.1170489073227e-05 4.898319399529361e-06 3.6880312762303824e-06 1.7282955437593813e-05 0.0 0.0 2.7306961118180406e-06 0.0002824139171358714 0.00038716092920134 0.0029768123665855815 0.008458459197535273 0.0003586595937334946 0.000551070303970413 3.25685156660734e-06 5.516866447235135e-05 0.0 0.0007809245690058087 0.00024899437496954965 8.512879669111842e-05 4.371540152739521e-05 4.042845905589291e-06 2.297111342576581e-06 9.420225225617434e-06 0.010984214238060699 2.361941159343694e-06 1.6836726651663472e-05 0.003992421023602976 0.0015600013774471832 0.0013279971524084828 3.2376855784683525e-05 4.3085239372946305e-06 1.988791130516231e-06 0.00018311838448435198 1.7594450298767945e-06 2.32825977851421e-05 0.0004953374592519768 0.0 3.17561934678147e-05 0.00011590304262610839 6.43644318144431e-06 3.900517849779652e-06 4.124112145323662e-05 0.0 2.7345474612857126e-06 2.5921847939169895e-06 4.061962283826926e-06 5.492732546648923e-06 0.0 0.00921033984740463 0.0005950056390293285 7.756918978039714e-06 7.212603119232942e-05 0.020307227165860506 4.50823662685213e-05 6.326661972098155e-05 0.0007506270378363208 0.0007480236908145991 1.6499821285440974e-05 0.0030766721769576203 0.0008764216164650391 0.00036026750758274883 0.006600437711890091 0.0035736447483840474 3.166329086629001e-05 0.006313000013038301 0.002422660512678817 0.0026187531591555764 0.0003553002224330544 0.0 7.883218627915148e-06 0.0 0.0 0.0 0.0 0.0 0.0 0.0 0.0 0.0 0.0 0.0 0.0 0.0 0.0 0.0 0.0 0.0 5.1932169531515505e-05 0.0 0.0 0.0 0.0 0.0008226216286747746 0.0 0.00028012136179860647 7.107657055943268e-05 1.756728791634439e-05 0.0 4.296344957963702e-06 0.0 0.0 0.0 6.347162368961222e-06 0.0 2.1074725395769882e-05 4.995585128275713e-05 0.0 0.0 0.0 9.662657453843627e-06 0.0 8.053903164936748e-06 7.893722200708694e-06 1.7139398523524038e-06 8.47332988364836e-06 4.626488911745302e-05 5.106140956147187e-06 0.0 3.436591049553433e-05 0.00011051299355259102 3.3862150790249557e-06 0.0 3.737912597289245e-06 4.328781165768233e-06 0.0 0.0 0.0 0.0 0.0 0.001530137963828286 0.0 0.0 0.0 0.0 3.2811680801458836e-05 0.0 2.7070439331362112e-05 4.133752736577377e-05 3.3682914979444465e-05 5.368640936747891e-06 9.05389219480311e-06 0.0 0.0 0.0 1.6926586246329028e-06 0.0 2.4305272177473204e-06 0.0 0.0 0.0 0.0011458645637002576 7.561460359710226e-05 0.00020324607890225674 0.00243230148347638 8.700103073399085e-05 0.004205176800238122 0.0005889085858507285 0.021608495830639576 0.0004460745699872868 4.526788185861049e-05 0.00020060416558104386 0.0005546460222165415 0.0 7.623947521204123e-05 1.4974627731184254e-05 0.002066586024048368 0.0 0.0 1.211319311099455e-05 1.599288323322629e-05 0.0 0.01571750618684298 0.0016474631732302692
0.007526256272477621 0.048248040556665574 0.07849313229153511 0.0006674518971058685 0.02490106336458907 3.364336846285045e-05 0.015100552233618492 0.059678444837897346 0.020918011557944205 0.001879450108907731 0.0 0.001393585729690346 0.0364734954018337 0.07313926956961206 0.0001935874504409682 0.00014167742328459522 4.832914054657987e-06 2.449141284640296e-06 0.0 0.0 0.0 0.0 0.0 0.0 6.264546500291531e-06 4.619609524178224e-06 2.8973983966805606e-06 0.0 0.0 0.0 0.024625333224835858 0.00257108629555707 0.003371306207043701 1.6541569629678268e-06 0.0 3.5979709641046694e-06 0.002928939116626858 0.00010728386495733428 2.643964573782887e-05 1.945750621406458e-06 3.4064643202156936e-06 0.0 0.0 2.293622379090772e-06 0.0 0.0 0.0006733472548258962 1.4438912238368066e-05 9.285951309189226e-06 4.982180544762853e-06 3.225035452987206e-05 0.0 0.0 3.0019912741549297e-06 6.356343218129698e-05 0.00011930671864504076 0.0007793185364574946 0.004528003104389721 9.957979723836562e-05 0.00022845854962585694 1.1692955830984726e-05 0.0006512383392987672 0.0 0.001037542849992274 5.275114114275982e-05 3.629016245763215e-05 4.4948453554773785e-06 6.504657091631459e-06 1.8566434879519014e-05 4.6412303593321574e-06 0.000659691364030245 0.0 0.0 0.001525866037473169 0.0011627659363132698 0.0009786317976776264 0.00012353680657711938 2.909016639171794e-05 0.00016624414200880675 0.00827830079950031 0.0 0.0006294058127496666 9.134801447367183e-05 0.0 6.372771816518001e-06 1.750079718847917e-05 4.499313352764804e-06 0.0 1.48314158973168e-05 1.7561674335616336e-06 6.461971720783915e-06 1.972089869956919e-06 4.884765054462771e-05 2.3767704078770144e-05 2.9004788254390576e-06 0.00021304814846201346 0.0 0.0 9.997312477075068e-06 0.0019493324225601392 3.985202128886238e-06 0.0 0.0 0.0 0.0 4.8733894922492695e-05 6.201393273362967e-06 8.000270187533387e-06 2.3113797359400896e-06 4.722513594229516e-05 0.0 0.0001891406484440147 0.00014451780668122942 0.00013161000287590532 7.782419768966992e-05 0.0 0.0 0.0 0.0 0.0 0.0 0.0 0.0 0.0 0.0 0.0 0.0 0.0 0.0 0.0 0.0 0.0 0.0 0.0 5.015242718883814e-06 0.0 0.0 0.0 0.0 0.000278388075711765 8.254365179957157e-06 0.0001037478829997242 9.355977400737197e-05 0.0 0.0 0.0 0.0 0.0 0.0 0.0 0.0 0.0 5.737197242539117e-06 0.0 0.0 0.0 0.0 0.0 0.0 0.0 0.0 4.694203350510588e-06 0.0 0.0 0.0 0.0 3.669122833590016e-05 0.0 0.0 0.0 0.0 0.0 0.0 0.0 5.450654948862391e-06 0.0 0.0002748041101523398 0.0 0.0 0.0 0.0 3.176003401965926e-06 0.0 0.0 1.1203126834493438e-05 0.0 0.0 0.0 0.0 0.0 0.0 0.0 0.0 0.0 2.531007827847075e-06 0.0 0.0 0.00014824398019139593 8.271557081553385e-05 0.00015519254162173118 0.0008748873847085694 3.0202128844251786e-05 0.0019452877576248335 0.0004932211727457578 0.0007003831096661881 0.00017621805825524203 7.402682835037978e-06 0.00016686072001379098 5.496430288834079e-05 0.0 3.136081542242289e-05 0.0 9.56831095865453e-05 0.0 0.0 0.0 1.2299614813951056e-05 0.0 0.0005140472194143627 0.0001027497640294369
0.0026857310493001983 0.0036228221902882903 0.00099051593252599 0.014361112388874823 0.009822195619887824 0.001849033532759899 0.009556202624769772 8.69452318717171e-05 0.0036775427514777552 0.08851422597134491 0.001393585729690346 0.0 0.053383085115801227 0.0026076746012450914 8.194731697135961e-05 6.77392731505801e-05 1.0232590614368664e-05 0.0 0.0 0.0 0.0 0.0 0.0 0.0 4.297121351440765e-06 0.0 0.0 0.0 0.0 0.0 0.0004617750349490749 4.5463636849508094e-05 0.0001905319282491354 0.0 0.0 0.0 0.004234013853037819 0.0 8.062244994413987e-06 2.101055201532421e-06 0.0 0.0 0.0 0.0 0.0 0.0 0.00024073112157080217 5.548365007196304e-06 0.0 0.0 3.074294229431325e-06 2.0844076332634835e-06 0.0 1.9015367212786713e-06 3.113632825219335e-05 3.384737209825853e-05 0.00018974529418796097 0.0008113805777774974 3.8708305689121676e-05 9.128167787078339e-05 2.0280446321591914e-06 5.545402050660991e-05 0.0 0.00017297047874074048 1.7319275535648064e-05 1.4175001023215127e-05 0.0 2.6607073977956285e-06 0.0 0.0 0.0016453189967593224 1.4608824671379328e-05 0.0 0.0004767878986908127 0.0002141451939242325 0.00033130497752748505 4.944949423141461e-05 3.900320682222989e-06 0.0 0.0001080600710290771 0.0 1.8664463689604323e-06 6.538042292179273e-05 0.0 0.0 7.629734810543241e-06 9.690275703041101e-06 3.22351235210106e-06 4.168114456411834e-06 0.0 1.9722275766300278e-06 0.0 0.0 0.0 0.0 0.004174547726719117 9.067695964964076e-05 3.504228366665272e-06 2.9426572996499284e-06 0.0010204632461911463 6.207703966390014e-06 9.84295941899863e-06 9.745173777302785e-06 0.0 0.0 0.0005286042280672777 0.00012097598103903386 0.00010953294935969063 0.00012989097734305722 0.0006707959789719522 3.851215266529459e-05 0.0010749955759664328 0.0006718146477419262 0.0010622574088849485 0.0006232462456225924 0.0 3.0582261829080813e-06 0.0 0.0 0.0 0.0 0.0 0.0 0.0 0.0 0.0 0.0 0.0 0.0 0.0 0.0 0.0 0.0 0.0 1.1586377374155027e-05 0.0 0.0 0.0 0.0 0.0008842590207780005 6.684299958037405e-06 0.0002476877964534897 0.0001806860303975181 7.125236429506062e-06 1.2067224818976601e-05 0.0 0.0 0.0 0.0 0.0 0.0 2.4784875676944776e-05 2.322589384538957e-05 0.0 0.0 0.0 3.884550235942811e-06 0.0 0.0 3.887438674087242e-06 0.0 2.6236998313468853e-05 6.589811880863885e-06 0.0 0.0 0.0 0.00019278183460206367 0.0 0.0 2.5601253196209517e-06 0.0 0.0 0.0 0.0 0.0 0.0 0.0014102003382886255 4.228452461955569e-06 0.0 0.0 0.0 3.237622848715328e-05 0.0 2.8950321493403628e-05 4.624976002040441e-05 6.6444360209058095e-06 7.640970550932802e-06 2.7296710771836222e-06 0.0 1.5179395631232446e-05 0.0 0.0 0.0 0.0 0.0 0.0 0.0 0.0008534991760619298 0.00014168025906583778 0.0003834535700317887 0.00085903457238418 2.0885775865699064e-05 0.000981165691429103 0.0002508253131329679 0.0022260227854721698 0.00013743703589917406 7.1908442667893425e-06 6.79108504883309e-05 0.00021372830686564688 1.1020310946012812e-05 6.59522878214701e-05 2.9228269470716973e-06 0.0006863635390967603 1.8446712017520172e-05 0.0 0.0 1.0145005324542765e-05 0.0 0.005071808386493196 0.0008297174128861898
