0.0 0.03890006147789593 0.046167090661469304 0.02283875632011496 0.0045218109882088076 0.007055114768964564 0.014427840340538485 0.003952317927141261 0.0029943571753476526 0.030596863509478423 0.0021821673490098068 0.00040379540781350137 0.0012389480356402108 0.0025465806131490932 1.4619225516764083e-05 0.0 0.0 0.0 0.0 0.0 0.0 0.0 0.0 0.0 0.0 0.0 0.0 0.0 0.0 0.0 0.015421753706556731 7.615269654318394e-06 1.5180739108574386e-05 0.0 0.0 0.0 0.0 0.0 0.0 0.0 0.0 0.0 0.0 0.0 0.0 0.0 2.3676475245590845e-05 0.0 0.0 0.0 0.0 0.0 0.0 0.0 2.6172167739239846e-05 5.1488607527951216e-06 0.00034439599575560693 0.005050179014082421 3.214271547488983e-05 5.268247459776437e-05 0.0 0.0 0.0 2.9306985932713828e-05 2.8841575809985783e-06 2.3681390602588317e-06 0.0 0.0 0.0 0.0 1.0086703119085222e-05 0.0 0.0 0.0001179093474901667 7.91156646317745e-05 3.899970537294982e-05 1.568946376386332e-05 2.2147498319407844e-06 0.0 3.282918181341218e-05 0.0 2.3368854161450057e-05 2.3764212332706927e-05 0.0 0.0 6.779301040828021e-06 0.0 2.295814399488956e-06 0.0 0.0 0.0 0.0 0.0 0.0 0.0 0.001103698870904034 0.0 0.0 1.134646835796509e-05 0.015741612772225175 0.0 0.0 0.0 0.0 0.0 0.0 0.0 0.0 0.0 5.721914952260351e-05 0.0 0.0 1.2165535646158101e-05 0.0 0.0 0.0 0.0 0.0 0.0 0.0 0.0 0.0 0.0 0.0 0.0 0.0 0.0 0.0 0.0 0.0 0.0 0.0 0.0 0.0 0.0 0.0 0.0 0.0 0.0 0.0 0.0 0.0 0.0 0.0 0.0 0.0 0.0 0.0 0.0 0.0 0.0 0.0 0.0 0.0 0.0 0.0 0.0 0.0 0.0 0.0 0.0 0.0 0.0 1.4696558422602816e-05 0.0 0.0 0.0 0.0 0.0 0.0 0.0 0.0 0.0 0.0 0.0 8.894664760762353e-06 2.581466665736917e-05 4.295947490150159e-05 0.0 0.0 0.0 0.0 0.0 0.0 0.0 0.0 0.0 0.0 0.0 0.0 0.0 0.0 0.0 0.0 0.0 0.0 0.0 5.447108211153234e-05 1.2697881128309797e-05 1.2418417861560871e-05 0.00034170361886770405 1.191594073601518e-05 0.000105350726561371 1.3791869313104607e-05 0.006606290786168794 0.0 0.0 0.0 0.0 0.0 1.166756377139511e-05 0.0 7.04326103741421e-05 0.0 0.0 0.0 0.0 0.0 0.0012059483543646827 0.00012687680224865886
0.03890006147789593 0.0 0.03693139841608339 0.036489914230634475 0.04468829697849837 0.013574049665599304 0.05064664691370509 0.016087602537205883 0.04730001399675863 0.048848742499522084 0.011138623331209662 0.0014046645331582666 0.025935247698729774 0.028816980742545833 0.0003094238210420007 6.611489684183486e-05 5.061039922958312e-06 0.0 4.2154321098749976e-06 3.015238609254105e-06 1.8197101340715148e-06 0.0 0.0 3.349202427662153e-06 1.2452871804578878e-05 0.0 0.0 2.0555418294367887e-06 0.0 0.0 0.01489691829491142 0.00022485724624368784 0.00021242460538932803 2.172779665926567e-06 2.6061243960436327e-06 2.1647825588743167e-05 6.883307993676654e-05 1.7546316753366728e-05 1.8884388788270044e-06 3.952666101579346e-06 0.0 0.0 3.408217913416433e-06 3.827235286144707e-06 3.724200179225938e-06 1.9751692600883634e-06 0.0011656105292575498 2.9364292493139384e-05 1.9652341815035607e-06 0.0 7.773400836612623e-06 0.0 0.0 0.0 0.0002587806977752385 0.0001754942966934198 0.0012842036604500458 0.012579065850632253 0.0006442395046555081 0.0010427354317359397 4.690031696128386e-06 2.885384922920925e-05 2.005934040379399e-06 0.0013974564401580633 0.00021920291855296445 9.971216285503233e-05 8.297783748859845e-05 1.5836657824053654e-05 4.422321639539083e-06 1.8371885130632976e-06 5.4704501406850654e-05 0.0 0.0 0.0023806277981561624 0.0028348964600862225 0.001936602371525681 0.0004124453456804795 2.0224040816989886e-05 4.123479948572959e-05 0.00022969126789950563 2.2409876636563858e-06 3.728769626783839e-05 0.000749797011181656 4.21207038656568e-06 6.14754685227413e-05 9.46279252121696e-05 3.895370479710469e-06 3.7578559662483316e-06 3.4722115183785806e-05 0.0 9.732575595683524e-06 1.5311386539616392e-05 0.0 3.9929103068077215e-06 2.18491984994342e-06 0.0005606620036551716 3.770418127503755e-05 0.0 4.3251741659170936e-05 0.014644554402299116 0.0 0.0 0.0 0.0 0.0 2.65675234000083e-05 0.0 0.0 0.0 0.0 0.0 2.3728074927885545e-05 0.0002823282393567723 2.0602247152069623e-05 4.238199370676399e-05 0.0 0.0 0.0 0.0 0.0 0.0 0.0 0.0 0.0 0.0 0.0 0.0 0.0 0.0 7.388160830274307e-06 0.0 0.0 0.0 0.0 0.0 3.8494244173280795e-06 0.0 0.0 0.0 0.0 0.0 1.607661335528303e-05 0.0 0.0 0.0 0.0 0.0 0.0 0.0 0.0 0.0 0.0 0.0 0.0 0.0 0.0 0.0 0.0 0.0 0.0 0.0 0.0 0.0 0.0 0.0 0.0 0.0 0.0 0.0 0.0 0.0 0.0 0.0 0.0 0.0 0.0 5.522216035244949e-05 0.0 0.0 0.0 0.0 0.0 0.0 0.0 0.0 0.0 0.0 0.0 0.0 0.0 1.8337582892843523e-06 0.0 0.0 0.0 0.0 1.7919834034047615e-06 0.0 7.812514999276822e-05 0.0 0.0 0.0012764550157190217 8.024569966448714e-05 0.0019375013994838016 0.00041043547662882897 0.0028874499144080803 5.399284841397651e-06 1.4132209413447505e-05 4.446462621669535e-05 2.274214874442088e-06 0.0 0.0 2.575921965157729e-06 0.0 0.0 3.0735436267867225e-06 0.0 3.834728376783372e-06 0.0 0.0009535956162110502 1.7099843782720605e-05
0.046167090661469304 0.03693139841608339 0.0 0.001814050104702958 0.011011170995905279 0.004154073858925516 0.0055567887756507155 0.020830543959315957 0.026271444640875833 0.016953912502686415 0.021944504818688714 0.0023481956585137726 0.0054502595392151324 0.026570511085110594 0.0005996421293703257 0.0003921520465849991 3.539069518894881e-05 2.829334969539832e-06 2.8187026924578504e-06 8.94725034772205e-06 3.863431866764461e-05 0.0 2.5196759426313644e-05 5.1326384249539274e-05 4.3660004278846665e-05 1.2904134249160486e-05 1.1174083339728527e-05 0.0 0.0 0.0 0.054391235719037374 0.0020142444054588866 0.0020977990265850844 3.2360443141686003e-06 0.00010829881588172436 0.00012836915473526782 0.0002618959974592419 0.00019392690784902122 8.703378060058751e-05 5.3928074764399474e-05 2.3943509622155105e-05 3.545960307498482e-05 2.2479395826529112e-05 4.732114080974789e-05 1.9551780615129973e-06 9.469990701195014e-06 0.0013161455551423755 2.5387268377706048e-05 0.0 5.157464375916561e-06 2.8093384451426125e-05 1.4695121705946593e-05 8.438380980708006e-06 0.0 0.00021470946186552336 0.00015506776561907326 0.0012168444097197537 0.012579101360952931 0.0007759561991578245 0.0009724525259104036 6.491828616682448e-05 0.0004203886665943457 1.2628778679421561e-05 0.002509259766061044 0.00017215519736774572 8.166815961563929e-05 7.550523064220055e-05 1.3919004929494154e-05 5.418105973050667e-06 6.0681475634203813e-05 0.00042805647592954996 9.328889094292063e-05 0.0 0.002242753639834368 0.0026985042032670837 0.001893660608837235 0.0005756469867122441 0.00010892746800319934 0.002671060754319959 0.0076596819660808765 7.123407967650238e-05 0.002723778851493099 0.0006372566507034412 4.5015596474441825e-06 4.797583189639185e-05 7.785825494831105e-05 2.4045619434772062e-05 1.8401553724089328e-06 1.5490746411954362e-05 2.2879522670531735e-06 7.034812992846306e-06 4.628740990587015e-06 1.693847371172883e-05 5.517244801948165e-06 1.03728934188648e-05 0.0008342469685927588 9.171815616631515e-05 1.3609491116408478e-05 0.00021360740425367786 0.006584300134558215 0.0 3.945446295536799e-05 0.0 0.0 4.680574506945587e-05 3.6414318866464646e-05 6.939706689762817e-05 0.0 5.688144292460875e-05 0.0001054725200377324 2.8876965447900457e-05 0.0001287431000542236 0.0006904094676370676 8.084879680709563e-05 0.00045830767986711245 1.4570380916185087e-05 0.0 0.0 0.0 0.0 0.0 0.0 0.0 0.0 0.0 1.742724966742486e-05 0.0 8.484620949555643e-06 0.0 1.5845071008696696e-05 0.0 0.0 1.2281769825243375e-05 0.0 0.0 5.142124682006172e-05 0.0 0.0 0.0 8.905670634384722e-05 4.0214320374275094e-05 8.11380897119159e-05 9.416237629529626e-05 4.34211038700343e-05 6.147399271419406e-06 5.957112856893005e-06 0.0 0.0 0.0 0.0 0.0 3.6098502292890575e-05 8.110969895706316e-06 0.0 0.0 0.0 3.600667974451905e-05 0.0 0.0 0.0 0.0 0.0 0.0 1.3032057262309579e-05 0.0 0.0 0.00020442069814124178 2.4625244586616723e-05 0.0 0.0 0.0 0.0 0.0 0.0 0.0 0.0 0.0001439036555532176 1.947660117039017e-05 0.0 0.0 2.8246925384972745e-06 0.0 0.0 0.0 0.0 1.576464213267952e-05 0.0 3.022132266987325e-05 0.0 0.0 0.0 0.0 0.0 0.0 0.0 0.0 0.0 0.00020428280059897564 0.00016466488081878056 0.00018905337451263063 0.0021964395258632194 7.607351932496262e-05 0.00236229010820892 0.0005222493291955725 0.0013386704836973015 3.3220252249775515e-05 2.9477223407431307e-05 0.00014267312817971018 0.00010624850752403142 0.0 5.52887732934323e-05 4.215646684906306e-05 9.711923995198331e-05 0.0 0.0 0.0 4.828921921378245e-05 0.0 0.000983851129581299 0.0001302091133929773
0.02283875632011496 0.036489914230634475 0.001814050104702958 0.0 0.007981218862885817 0.00978342211459736 0.020915602704250302 6.811947790827876e-06 0.0020804612914305737 0.04848671476459631 0.0003653445990348667 1.9685925335855745e-05 0.0027105126949517524 0.00013291574447546383 9.008384685699235e-06 0.0 1.8164742938241903e-06 0.0 0.0 0.0 0.0 0.0 0.0 0.0 0.0 0.0 0.0 0.0 0.0 0.0 0.0009011296540243682 8.575797405801327e-06 8.972923857505903e-06 0.0 1.9111896421331035e-06 0.0 0.0 2.745804923046774e-06 0.0 0.0 2.067810048362846e-06 0.0 0.0 2.4630464609315503e-06 0.0 0.0 0.0001355339905855024 0.0 0.0 0.0 0.0 0.0 0.0 0.0 1.863590799702192e-05 1.6197041305266845e-05 0.00019211143021909808 0.0020434731552478936 8.686688906896644e-05 0.00010651809524663512 0.0 2.315199315111914e-06 0.0 0.00015296110881092662 2.7676063810225713e-05 1.0610553646399761e-05 6.762314896886328e-06 1.8837322510092418e-06 0.0 0.0 0.0 0.0 0.0 0.0003586986734293856 0.00039477706922055417 0.00024154077429785673 4.560805972608291e-05 3.136194658408239e-06 0.0 4.841122930943e-06 0.0 0.0 9.998669919860501e-05 0.0 1.7149481697638984e-06 1.4809876131431371e-05 1.8774415050011292e-06 0.0 4.282465199026237e-06 0.0 0.0 0.0 0.0 1.910803206237676e-06 0.0 9.970468509630505e-05 0.0 0.0 2.7737122295588626e-06 0.009015340573598625 0.0 4.671439198241807e-05 0.0009269206926820506 0.00030574549322438994 0.0 0.00015883760145672107 0.00022552758072161226 2.086658293290753e-05 0.0001276652286670962 0.0001613747290237105 0.0 0.0003121602014122139 3.814382948292542e-05 0.0 0.0 0.0 0.0 0.0 0.0 0.0 0.0 0.0 0.0 0.0 0.0 0.0 0.0 0.0 0.0 0.0 0.0 0.0 0.0 0.0 0.0 0.0 0.0 0.0 0.0 0.0 0.0 0.0 0.0 0.0 0.0 0.0 0.0 0.0 0.0 0.0 0.0 0.0 6.458998224454978e-06 0.0 0.0 0.0 0.0 0.0 0.0 0.0 0.0 4.173133249198914e-06 1.4593585360612035e-05 3.786885281761666e-06 0.0 0.0 0.0 5.985403909491501e-06 0.0 0.0 0.0 0.0 0.0 0.0 0.0 0.0 0.0 0.0 0.0 0.0 0.0 0.0 0.0 0.0 4.056394103300869e-06 1.2605023541428552e-05 0.0 0.0 0.0 0.0 0.0 0.0 0.0 0.0 0.0 0.0 0.0 4.139125814477713e-06 0.0 0.0 0.00017300168205856855 0.0 0.0001954193462301981 2.5017143125516065e-05 0.0014811005137522477 4.255970400889221e-06 1.5863830274742324e-05 0.0 5.548219208021918e-06 0.0 9.612898999018427e-06 0.0 1.0975244229131408e-05 0.0 0.0 0.0 0.0 0.0 0.00027945193207304993 3.879006936895888e-06
0.0045218109882088076 0.04468829697849837 0.011011170995905279 0.007981218862885817 0.0 0.00017745490763118515 0.029449343705353247 0.0019449520135550744 0.056361705416539655 0.03855022637951811 0.008548678457207208 0.0015199296482934822 0.021193251498999238 0.041762738478098985 0.0002943785066446029 8.252259735444266e-05 0.0 0.0 0.0 0.0 0.0 0.0 0.0 0.0 3.1102261662355274e-06 0.0 0.0 0.0 0.0 0.0 0.0030290908898845236 0.0003051626171693675 4.403596157494706e-05 0.0 0.0 0.0 1.0763580288462332e-05 1.1622237978972013e-05 1.5167146965650213e-05 4.1451239092647865e-06 0.0 0.0 0.0 4.535963022052671e-06 0.0 0.0 0.0008833460835632691 0.0 1.717004618417615e-06 5.021420650024862e-06 0.0 0.0 0.0 0.0 5.8658853660042394e-05 4.285299020417895e-05 0.00018211211845700997 0.0011242346648897763 0.0001488627217678952 0.0003206088698364881 8.832440153530317e-06 1.9780331714768918e-05 0.0 0.0006016630094241677 5.253707517815009e-05 3.197613040217612e-05 2.5218987649388073e-05 5.873386095700512e-06 0.0 7.482827762020914e-06 1.7355190401144652e-05 0.0 0.0 0.0005590135538405265 0.0007163336957746335 0.0006360641661954628 0.00021301489330275686 2.292528797774819e-05 1.6955814013857743e-05 4.370729183864608e-05 0.0 3.469587215177277e-05 0.00014634006555273724 0.0 9.464868228903236e-06 3.82616391728122e-05 6.0837668181479265e-06 0.0 8.000141874103799e-06 0.0 2.7546848792145504e-06 0.0 0.0 0.0 0.0 9.443506016739899e-05 0.0 0.0 0.0 0.0002747001631630832 0.0 0.0 0.0 0.0 0.0 0.0 0.0 0.0 2.536897893163537e-05 0.0 0.0 0.0 8.441636259308494e-05 0.0 6.946100975486021e-05 0.0 0.0 0.0 0.0 0.0 0.0 0.0 0.0 0.0 0.0 0.0 0.0 0.0 0.0 0.0 0.0 0.0 0.0 0.0 0.0 0.0 0.0 0.0 0.0 9.426062712857698e-06 4.693237948476525e-06 0.0 0.0 1.0197829171526813e-05 0.0 1.1043148637083518e-05 0.0 0.0 0.0 0.0 0.0 0.0 0.0 0.0 0.0 0.0 0.0 0.0 0.0 0.0 0.0 0.0 0.0 0.0 0.0 0.0 0.0 0.0 0.0 0.0 0.0 0.0 0.0 0.0 0.0 0.0 1.2184031490240674e-05 0.0 0.0 0.0 0.0 0.0 0.0 0.0 0.0 0.0 0.0 0.0 0.0 0.0 0.0 0.0 0.0 0.0 0.0 1.2174924872833076e-05 0.0 4.654907094062168e-06 1.4701486152721768e-05 4.827268190930537e-05 0.0006281622534568469 2.217397393024054e-05 0.0009477768156649737 0.00014670601137967677 8.544021526300841e-05 1.9323507103781575e-05 5.487857383194379e-06 3.551354486365084e-05 0.0 0.0 0.0 0.0 0.0 0.0 0.0 0.0 0.0 0.0 0.00017087371819727546 0.0
0.007055114768964564 0.013574049665599304 0.004154073858925516 0.00978342211459736 0.00017745490763118515 0.0 0.003120973615380676 0.00020496622297029384 0.0003233014255070304 0.0229898136575977 0.00013384779378432007 0.016150022227140563 0.002799492847179132 0.0005138121977208131 4.335890723681606e-05 1.2295251865318457e-05 0.0 0.0 0.0 0.0 0.0 1.8360054633294268e-05 0.0 0.0 0.0 1.13916854821039e-05 0.0 4.355213666104813e-05 5.705984755610454e-06 0.0 0.0027542141142200315 2.0547375048124967e-05 0.0008961269962268009 2.363804343367805e-06 0.0 0.0 0.0006153713616018626 5.917935609241329e-06 4.087658865291965e-05 2.059973343588303e-05 1.1589764452672845e-05 3.199847733548846e-06 0.0 0.0 0.0 0.0 3.1280415245009464e-05 0.0 0.0 0.0 0.0 8.505731521119419e-05 3.357298681074767e-05 9.19551093327199e-06 0.0 0.0 0.002069949018922636 0.000485170764502874 5.8511082366837014e-05 0.0 0.0 0.00015141729669141245 0.0 1.0941921440465303e-05 1.807471144403441e-06 0.0 3.816365588586834e-06 0.0 5.500070909337094e-06 0.0 0.0019831596271965 0.00033826507228169823 4.6375886511145284e-05 7.091552003569288e-06 1.0769684361724672e-05 1.2505013931691986e-05 0.0 0.0 4.3889310318216354e-05 3.490261858359715e-05 0.0 2.98741927742893e-05 1.1026054362819346e-05 0.0 0.0 2.8846392361332026e-06 0.0 7.250487797400773e-06 1.62713209192302e-05 4.5119388672938546e-05 3.033607494351081e-06 0.0 0.0 0.0 4.292620662629822e-06 0.010298781859147847 0.00305454105101802 0.0002091697546477957 0.000599180815468089 0.008317613202404843 5.636891738985835e-05 0.0006345897321406007 8.916641002528068e-05 2.9768866667370553e-05 0.00014296614700798064 5.5921855351037525e-05 0.0010826460434429494 6.347485341612639e-05 0.0005703502675164314 0.0011155676768614018 0.00011937697058995673 0.00037198679907553863 0.005040757237669893 0.0001909365180541064 0.00044747338665144317 0.0 0.0 0.0 0.0 0.0 0.0 0.0 0.0 0.0 0.0 0.0 0.0 0.0 0.0 0.0 0.0 0.0 0.0 0.0 3.90261635896842e-05 4.643269187049069e-05 0.0 0.0 0.0 3.351992584487438e-05 0.0 3.689864838853515e-05 3.9292389409657995e-06 0.0 0.0 0.0 0.0 0.0 0.0 0.0 0.0 2.595696544446935e-06 0.0 0.0 0.0 0.0 0.0 0.0 0.0 0.0 0.0 6.012433441661078e-06 4.07291239979422e-06 0.0002793381705457336 0.0 0.0 5.460518809900825e-05 0.0 0.0 0.0 0.0 4.4147960918716155e-06 0.0 0.0 0.0 1.891448021970385e-05 0.0003700210766040382 0.0002179884821549579 0.0 0.0 0.0 0.0 0.0 2.178208346076825e-05 0.0 0.0 0.0 0.0 0.0 0.0 0.0 0.0 0.0 0.0 0.0 0.0 0.0 0.003115668667700439 0.0009680152516225397 8.073666153831089e-05 0.006112103295165178 0.00030550444867914994 0.00010635509819982932 0.00013562390157626593 0.012737309194196756 1.0792997115794698e-05 0.0 4.4819144300366285e-05 0.00013656742238261744 0.0 4.666342799165435e-05 3.5718777291639907e-06 0.004896311261029482 0.0 0.0 0.0 0.0 0.0 0.007018761657957522 0.0017637894374902018
0.014427840340538485 0.05064664691370509 0.0055567887756507155 0.020915602704250302 0.029449343705353247 0.003120973615380676 0.0 0.0003104150730473188 0.029931705336428204 0.07072859838862232 0.002344025227267391 0.005140042986087739 0.13561885319422554 0.03439819210755085 0.0003837814694133861 9.667723547139665e-05 7.825129271098934e-06 0.0 0.0 0.0 0.0 0.0 0.0 0.0 0.0 0.0 0.0 0.0 0.0 0.0 0.003989231592733539 0.0003772113551784431 0.00010553487536968265 0.0 6.545915278462109e-06 0.0 5.188193865913296e-05 6.798238372230567e-06 4.258712750842244e-06 0.0 2.5416561294503028e-06 0.0 0.0 1.4030562965263856e-05 0.0 0.0 0.0012929466323553767 3.993332606823376e-06 0.0 0.0 8.333678730160564e-06 0.0 0.0 0.0 9.273588826548101e-05 5.641233790089446e-05 0.000560930242348893 0.004173328684983823 0.00033501567952130254 0.0006604894458967485 3.4638270250317187e-06 7.226058234626931e-06 1.8787700913348742e-06 0.001191128492586257 0.00011384797795746697 7.038553943362885e-05 3.7060617928296504e-05 1.878663574897805e-06 0.0 3.658754973997671e-06 3.6521318393233116e-05 6.1924668421768785e-06 0.0 0.0013099487430033921 0.0016794947661607357 0.0011880408726509233 0.0004107818015542345 1.2254345967071924e-05 6.085585792529572e-05 0.0 5.96670310196184e-06 2.9739320011922947e-05 0.00031863605631113665 0.0 2.8794310306620296e-05 4.5304225713717314e-05 4.693719424290551e-06 2.4241023300613404e-06 1.6708005854184447e-05 1.945315966412853e-06 6.230411260695807e-06 0.0 2.4293583962009533e-06 3.5776597426267078e-06 0.0 0.00012776034354170443 3.047690903994101e-05 4.475173338270847e-06 4.280409467654923e-06 0.004420035030024691 3.5320111731215865e-06 2.7561729891550563e-05 0.0007632598149978929 0.00043766942442105414 1.3947224971134606e-05 0.00048352379874552374 9.840291364797014e-05 0.0004382064602128489 0.0007108096265685684 6.752606049171909e-05 0.0 0.0020656803694793237 0.00018815694616526452 4.698629114757028e-05 4.222086087692751e-05 0.0 0.0 0.0 0.0 0.0 0.0 0.0 0.0 0.0 0.0 0.0 0.0 0.0 0.0 1.4573053869065476e-05 0.0 0.0 0.0 0.0 0.0 0.0 0.0 0.0 0.0 1.4934149611706341e-05 0.0 0.0 3.2779163918140015e-06 0.0 0.0 0.0 0.0 0.0 0.0 0.0 0.0 3.4607297996090637e-06 0.0 0.0 0.0 0.0 0.0 0.0 0.0 1.414041924852887e-05 0.0 0.0 1.5023890247898808e-05 0.0 0.0 0.0 1.417546423224819e-05 0.0 0.0 0.0 0.0 0.0 0.0 0.0 0.0 0.0 5.016565186108165e-06 0.0 0.0 0.0 0.0 0.0 0.0 0.0 0.0 6.085576700975094e-06 0.0 0.0 0.0 1.7780290328663131e-06 0.0 0.0 0.0 0.0 0.0 0.0 0.0 1.193473855599005e-05 0.0 3.481245152301523e-06 0.000988044871788544 3.295681432718745e-05 0.001591367644005441 0.00020649610815532155 0.0007095893574093691 6.055441335994013e-06 8.58245773156836e-06 3.9469214585299045e-05 1.880699670663294e-05 0.0 0.0 0.0 8.00097144706873e-05 0.0 0.0 0.0 2.4538385811804963e-05 0.0 0.00047483317393075296 1.574621227857816e-05
0.003952317927141261 0.016087602537205883 0.020830543959315957 6.811947790827876e-06 0.0019449520135550744 0.00020496622297029384 0.0003104150730473188 0.0 0.0008430673727475415 0.004665228976149629 0.07116838583429462 0.0006956209941257737 0.0019506851047713923 0.02303486553941646 0.0011060580708323266 0.0006331812206424073 2.405563825607759e-05 1.601428671462895e-05 0.0 4.363382831273845e-05 0.00036740460935436275 0.0 0.00031189140646598794 0.00027305518804372623 0.00010983735525828302 8.647047667189555e-05 3.0390496235464235e-05 3.830092724059536e-05 1.4117695741954143e-05 8.32579543789385e-06 0.10028474459546131 0.023092024294657208 0.0033463981808999556 5.3888799966340765e-05 0.0003148436870467513 0.00021018978294725898 0.00047597906538762014 0.0003838823361755959 0.00032111575914542455 0.000165937217507723 0.0002627483009242505 0.0001382109392668463 0.00016004070981371325 0.0002417261166640895 4.89000931322206e-06 8.935253620186096e-06 0.0017198600257059555 5.847227039524984e-05 2.452961506188328e-05 7.237038824044541e-05 4.356787294039997e-05 2.9646147896707325e-06 4.116899008036043e-05 2.972153786383286e-06 0.0001284859338696599 9.695058300904417e-05 0.0011047882950208888 0.008963354020018079 0.0006099920247427754 0.0005483548208729778 0.0008931662221257651 0.0028127365983286494 0.00010244813751238565 0.00817294996128275 0.00012819147079326797 6.51794572976937e-05 5.899368754200709e-05 3.811546168110964e-05 0.00022619866780809958 0.0006691323802183291 0.0008074185676097055 0.0002146738694160088 0.0 0.0018489505877575163 0.0022676629373985196 0.001652921412510023 0.001153149607930507 0.007690755715767651 0.028177460938179914 0.0488792826283986 0.010501126307157993 0.01643509608295443 0.0003939168089418322 0.0 7.718363219753129e-05 7.287249811739999e-05 2.9681437653047188e-05 1.7494707925721372e-06 2.3460744134367622e-05 1.4842721030695473e-05 4.465309772741774e-05 1.2117900921674905e-05 0.00020334877714962157 0.00011394072615878153 4.371364211909376e-05 0.00043716261562706766 0.00040490884188292356 3.955479139713336e-05 0.0006205333997290314 0.0016127912408383147 0.0 0.0 0.0 0.0 8.125834138974879e-05 1.8753519179003244e-05 0.0 0.0 0.00016665889111510868 0.00015823125107976692 3.2557327837051445e-05 0.0001335810282093369 0.0004918618498499016 6.317910066597114e-05 0.00040115895635875405 3.866581382074403e-05 0.0 1.3261217514030549e-05 0.0 0.0 0.0 0.0 0.0 0.0 0.0 2.968507660600586e-06 0.0 1.5999175546892636e-05 0.0 7.534253467468403e-05 5.012959766101918e-06 5.5339492152934264e-05 0.0 1.8619753721348856e-05 1.8638429065353156e-05 0.0 4.995095991274194e-05 8.957411764769593e-05 2.2048367380616796e-05 0.00027226295464892697 0.00012286260766242104 0.0004203345051379433 0.00032202535572181375 0.0002786932983379248 2.3119832180627732e-05 3.554857334987485e-06 0.0 0.0 0.0 1.2400036782663017e-05 0.0 1.4546502943580308e-05 5.873620360133823e-05 0.0 0.0 2.7323998115095764e-06 0.0003492624920136474 5.063771872316474e-06 0.0 0.0 0.0 8.4186702395528e-06 3.207410508173108e-05 0.0 0.0 0.0 0.00034473981987590924 0.0 7.683715610485905e-06 0.0 0.0 0.0 0.0 1.5684932690914058e-06 2.115506100491628e-06 1.169145465508317e-05 0.00019882305925147305 0.00018463266012363946 0.0 2.9651170666744877e-06 1.2236756409307444e-05 1.5545919774508907e-05 0.0 0.0 4.2453359719600246e-06 4.315362137128782e-05 1.1155928922070498e-05 3.0517923965113005e-06 0.0 0.0 0.0 0.0 0.0 0.0 0.0 0.0 0.0 0.00020557583052664683 0.0002733921092174879 0.0005685320003752372 0.001998824913880996 0.00011807198984082346 0.001984050612267019 0.00044101925751927046 0.0004283647658795328 1.8280648781306515e-05 1.7077371504308056e-05 9.166702881448383e-05 0.00023134457676447957 0.0 0.0003091590097029285 9.307651151305308e-05 3.494858383328388e-05 0.0 0.0 0.0 4.367680895034e-05 0.0 0.0007017641316637865 0.00014692012896413105
0.0029943571753476526 0.04730001399675863 0.026271444640875833 0.0020804612914305737 0.056361705416539655 0.0003233014255070304 0.029931705336428204 0.0008430673727475415 0.0 0.018908551481104315 0.031521448095139196 0.006239319418793845 0.053037075001605705 0.110672174189479 0.0006998779662115407 0.0004003666390419135 2.5927760215446303e-05 0.0 0.0 2.952909816752813e-06 2.994849139623638e-06 0.0 0.0 9.52693431672388e-06 4.637866257337133e-06 6.406179341393219e-06 0.0 0.0 0.0 0.0 0.0017660983794129375 0.0002782696602319467 0.00018387662079897153 0.0 2.1457214424608126e-05 2.5478127077846532e-05 4.509663611642643e-05 5.04271755362527e-05 1.604246622981355e-05 0.0 1.4303365547604548e-05 2.2142366163803607e-06 0.0 1.6079600836497793e-05 0.0 2.129631542883551e-06 0.0012060114623051962 2.115847706236774e-06 5.831200027682537e-06 0.0 8.74428202164279e-06 0.0 3.2281814644504135e-06 0.0 2.4266475170134283e-05 3.6453462043202104e-05 0.00015256418965383696 0.0007130032839941222 0.00011419937424879292 0.00032958566594305474 2.5678842778534446e-06 3.925935030618286e-05 0.0 0.00040926607893096315 3.2997822258856004e-05 1.1395562393500253e-05 2.024636766639492e-05 3.910256420771768e-06 0.0 1.0185858804119224e-05 9.18195608903285e-05 4.4016380482586484e-05 0.0 0.00048118862939166743 0.0005323816444820808 0.0005685103570959636 0.00024505469471213377 5.1301686423146136e-05 4.889671849782798e-05 0.00035031831198781304 1.53481338138022e-05 0.00011228094973768677 0.00014131494946376436 0.0 2.687161133034509e-05 1.9558351639237647e-05 2.2197421174761413e-06 0.0 3.570266354242269e-06 3.1761942703366786e-06 0.0 1.8823717456084965e-06 9.54678779707758e-06 2.4660603022746803e-06 0.0 0.0004882368720629732 6.269794655310539e-05 0.0 7.348734864948868e-05 0.00013190223878354593 0.0 0.0 0.0 0.0 0.0 0.0 0.0 0.0 0.0 2.9350661975606582e-05 1.8330978156462836e-05 0.0 0.0003209184135961141 1.5228501509325584e-05 0.00019780658580360652 0.0 0.0 0.0 0.0 0.0 0.0 0.0 0.0 0.0 0.0 0.0 0.0 0.0 0.0 0.0 0.0 0.0 0.0 0.0 1.0856889045976009e-05 0.0 2.489716491159986e-05 0.0 0.0 4.4886284802557606e-05 3.0589850892789586e-05 5.68406302730748e-05 0.0 2.3480859243478366e-05 0.0 0.0 0.0 0.0 0.0 0.0 0.0 0.0 0.0 0.0 0.0 0.0 2.9354136850215204e-06 0.0 0.0 0.0 0.0 0.0 7.394670168095191e-06 0.0 0.0 0.0 9.992848832438798e-05 0.0 0.0 0.0 0.0 0.0 0.0 0.0 0.0 0.0 3.8373458478697736e-05 4.614100180787456e-06 0.0 0.0 0.0 0.0 0.0 1.852852777261726e-05 1.4854953026860103e-05 0.0 0.0 0.0 0.0 0.0 0.0 0.0 0.0 0.0 0.0 0.0 5.7425824764149244e-06 0.00011929412411359516 8.334823225965193e-05 9.426374730703659e-06 0.0013754732536641087 4.9612755341437853e-05 0.0013235996865872395 0.00037489221367923597 0.00017021392669477368 1.2153611184824404e-05 6.304874696207377e-05 4.997479251723465e-05 8.904338443706895e-05 3.366484629916303e-06 2.251100520685145e-05 0.0 0.00011423674268954103 0.0 0.0 0.0 1.7102618769023033e-05 5.321027537860111e-06 0.00021540486267367621 2.616303637558928e-05
0.030596863509478423 0.048848742499522084 0.016953912502686415 0.04848671476459631 0.03855022637951811 0.0229898136575977 0.07072859838862232 0.004665228976149629 0.018908551481104315 0.0 0.004533602542133929 0.08949937308553971 0.1254047982447292 0.015487302333148491 0.0076794816875529245 0.0017824559788255142 7.990680901256315e-05 2.7822695879652118e-06 1.9911133720169094e-06 0.0 5.564220702542824e-06 1.4090664057937355e-05 6.749293172794339e-06 9.879413883801226e-06 4.5444841397655346e-05 1.1615906527187448e-05 8.049178168405399e-06 3.267518755738592e-05 8.809473846861666e-06 2.0581107763685245e-06 0.015732115292393108 0.003735560956291949 0.0028752137160444825 5.59755837481882e-06 2.204482741262996e-05 6.222552122914065e-05 0.0014145089386397513 0.00014200354164801306 0.00026998778794073394 6.757821535059486e-05 1.8537528770190796e-05 1.9975430018305945e-05 3.94018000812292e-06 7.031045269763981e-05 1.5064830396380156e-05 6.773170069475511e-06 0.02254496972190406 0.00019430334464840904 3.192048542644059e-05 8.705458035575335e-06 7.233938783288447e-05 4.8594636627056e-06 4.0220483264694603e-05 1.1246099748385066e-05 0.0009049323311748681 0.0007287806087556371 0.0037138108519705827 0.019149757185534296 0.0027381864188074524 0.007110909862224024 3.448301554978562e-05 0.0014635399117818334 1.053195384051407e-05 0.006759461520583117 0.0010419744756197092 0.0005235927055338571 0.0004703090030314303 0.00012304758278006267 2.5891467339663743e-05 3.800125992171752e-05 0.0027096997303022565 0.00032083457045585143 0.0 0.010185035385616647 0.011715364060437479 0.012381143560541936 0.0032126159354302097 0.0001496210320086558 0.00038331754980349455 0.00040207999000308305 5.88827691428216e-05 0.0007401945475656995 0.003581145585917862 6.2702717198377735e-06 0.0003337122554543076 0.0006127493886717709 8.596583927106808e-05 1.0400353679118284e-05 0.00017930799040504985 1.6316919099646404e-05 2.8983812193516764e-05 1.0842836049106943e-05 4.424676656993676e-06 2.0946865841955393e-05 8.762543135058487e-06 0.019707096337027538 0.0027865088302645043 8.483041493700923e-06 0.00148401033892545 0.026870590423912648 3.5611007403569004e-05 0.0 0.00019525992447753758 0.0 8.762198516727246e-05 7.617814321240736e-05 0.0005950763587813508 0.00011207295272399013 0.0005372316956064332 0.0006924611782818614 4.38258602339962e-05 0.0004789496497601023 0.0038969757469725155 0.00021111621234847592 0.0010247088307539431 7.820535005569838e-05 0.0 4.0431057294750044e-06 0.0 0.0 0.0 0.0 0.0 0.0 0.0 0.0 0.0 0.0 0.0 0.0 0.0 3.237894902772223e-06 0.0 0.0 7.980280252594807e-05 5.939452933724642e-05 0.0 0.0 0.0 0.00032792801213991555 0.00024788227789872123 0.0004840700487470868 0.00021599320872431546 0.00030839357613060873 1.2544787241021806e-05 7.85179783089844e-06 0.0 0.0 0.0 0.0 0.0 0.0 0.00013585238399611464 0.0 0.0 0.0 5.7706191627407254e-05 0.0 0.0 3.7584204316365575e-05 0.0 2.31968039347758e-05 4.95137988815917e-05 7.089233962022648e-05 0.0 0.0 0.0008954624003667536 0.0 3.982634877721982e-06 0.0 0.0 0.0 0.0 0.0 3.657345872714021e-06 0.0 0.0005464256260079267 0.0001369333447185582 0.0 2.07976086982491e-06 0.0 2.796176833049683e-05 0.0 9.252768288124584e-05 3.258232656341326e-05 0.0 6.197583217568214e-06 0.0 1.9425688823959583e-05 0.0 5.01768845035362e-06 1.8573626186518125e-06 0.0 2.157821996624817e-06 1.9823435186982255e-06 2.2246427701843224e-05 6.769663993082291e-06 0.0014000819075087093 0.00029740766913989325 0.0006826492050829378 0.025668004331177715 0.0006167358068555354 0.02314054652180485 0.00429254791046874 0.012937622295747533 0.00038387853977914937 7.214798138188344e-05 0.0010127232937201043 0.00035079035356569145 5.046372573709786e-06 0.0001946819881671143 6.77069899572787e-05 0.001251891951268128 0.0 4.334890114727319e-06 0.0 0.00015318586889373717 5.653759423738423e-05 0.008968073353955676 0.0007841342885752118
0.0021821673490098068 0.011138623331209662 0.021944504818688714 0.0003653445990348667 0.008548678457207208 0.00013384779378432007 0.002344025227267391 0.07116838583429462 0.031521448095139196 0.004533602542133929 0.0 0.0066464049775058105 0.023723477463456245 0.09701926705527068 0.0018718259498314608 0.0019524020952234825 0.00015616401431936587 1.84925533702223e-05 1.536665709393675e-05 2.4258951236352217e-05 9.714734504911844e-05 3.257114968966565e-05 0.00029756100564795466 0.0004912293866276908 0.00033103817895103213 0.0003326557205289053 9.305253850052969e-05 0.00013353706292231455 2.3310539460604977e-06 3.175209585051774e-05 0.015382608499372103 0.003616787498509754 0.028301573936738145 1.377825744491431e-05 0.0006711953136429444 0.0015937456709829666 0.0022773438742200174 0.0031322008516777443 0.0006815591526266965 0.00025239296012310634 0.0002620098947322532 0.00011225003737654101 4.7543108332837074e-05 0.00012999563759695445 2.36333708767745e-05 1.7282782176974653e-05 0.002190215732608629 1.7240194251489556e-05 1.8238254701391235e-05 4.862003703156434e-05 2.0586197599627615e-05 6.739915332977536e-05 5.949869039821965e-05 0.0 6.353125924917249e-05 5.2393873691143844e-05 0.00041376100819918077 0.0025086108752785633 0.0002354891038947838 0.0004964107056645338 0.000580791283038458 0.0035779851820817 0.00010392437947754822 0.0013950561435344046 5.4134408400200065e-05 2.20376852524077e-05 2.6176314886782096e-05 1.5452287881272e-05 3.901360612662854e-05 0.00026112897869280807 0.0014964938953540112 0.0001916017895941786 9.97180344391353e-06 0.0008867422801822274 0.0009212312229951624 0.0012546569623241583 0.000900421630839102 0.0010207829113959455 0.0017709571873002047 0.02023490928333251 0.002297559748597511 0.015862705048370854 0.00023882060648251177 0.0 2.4822483440169387e-05 5.6103691640877046e-05 1.4536852088148291e-05 0.0 1.3419737642708623e-05 2.7723336665735832e-05 8.753119120186897e-06 6.371637710601262e-05 8.894475577528165e-05 0.00011501169549597157 9.199612587177732e-05 0.0004850990545531247 0.00024761423466445486 8.300399229487575e-05 0.0005502720448326594 0.0004907135330819041 0.0 0.0 0.0 0.0 2.9573960236876734e-05 1.8263504835235835e-05 0.0 0.0 0.00011387656363381313 3.729072104773819e-05 2.1768343199027546e-05 7.997491264570311e-05 0.0004473541904546685 4.009393743376216e-05 0.0004620242284362884 1.8399287470332293e-05 5.274271125681231e-06 0.0 0.0 0.0 0.0 0.0 0.0 0.0 0.0 7.445906367531411e-06 0.0 1.1453734713788034e-05 3.448922613948501e-06 5.21495925883741e-05 0.0 7.67494062859803e-05 1.0480492235082236e-05 4.966218775494735e-06 6.347879775206874e-05 3.92993649810418e-06 0.0 7.894797476483725e-06 1.8941388351826463e-05 0.00012223207141939 1.7665572125939778e-05 0.00022088605937246235 0.0001958890442671403 0.00027709784600966013 1.1473161949072859e-05 0.0 0.0 0.0 0.0 0.0 0.0 2.833479606593665e-06 1.3559586731076825e-05 9.43876148054706e-06 0.0 2.765460074815631e-06 0.00017311019325800454 1.2362012387155984e-05 0.0 3.66736630790496e-06 0.0 5.01733823721962e-06 1.2750181057551896e-05 0.0 2.4211600735021802e-05 0.0 0.00020068987708678107 1.1277703928409974e-05 0.0 0.0 0.0 0.0 2.4246285642974048e-05 0.0 1.105589331084677e-05 5.742173984085558e-06 0.00019874461724771637 0.00020026923094503275 0.0 0.0 9.210517915739048e-06 0.0 0.0 9.416476592162686e-06 1.4840338397868307e-05 2.9956282876355307e-05 5.833603569291795e-05 0.0 0.0 0.0 0.0 0.0 0.0 0.0 0.0 0.0 1.0804937357341298e-05 0.00011714321062244934 0.00016446500810423856 0.00040873216008985725 0.00361005669418754 0.00014392657272604154 0.0032064006889541098 0.0008874311574862318 0.00038837385835239216 0.00013832098204353643 9.108265543244194e-06 0.0002030251741169054 0.0001814201668806198 0.0 8.265539376356857e-05 4.5469793859302074e-05 4.341353905115518e-06 0.0 0.0 0.0 0.00017565883858720432 0.0 0.0005844830425070548 0.00011931376581631896
0.00040379540781350137 0.0014046645331582666 0.0023481956585137726 1.9685925335855745e-05 0.0015199296482934822 0.016150022227140563 0.005140042986087739 0.0006956209941257737 0.006239319418793845 0.08949937308553971 0.0066464049775058105 0.0 0.028907464757669882 0.013720747651844119 0.0017277610635393584 0.0015236091011685447 0.00014368935828952098 1.2769583187952563e-05 1.186507967527652e-05 5.3154693165076e-06 1.4808786220817726e-05 3.3347535267699194e-05 3.810560478630692e-05 9.285026755226822e-05 0.00017095057680012422 0.00010527829753601127 5.780525747282009e-05 6.494888274439165e-05 2.1979093859875083e-05 1.3233304469259226e-05 0.0007576863589257508 0.00038359802031406 0.007134000748293896 2.699687430169709e-06 0.00021719841423573782 0.0006282531354686656 0.02568192692018808 0.0033306633289401 0.0020392058557300668 0.00031503722059872304 7.243983641945262e-05 1.9331957587109652e-05 3.4581855989202825e-06 0.00010080804601027953 1.7258477779980394e-05 1.2384510487735097e-05 0.0030713051501494435 7.231939771023273e-06 0.0 1.6909709252743355e-05 4.279278492623619e-06 8.815205363643105e-05 9.607177882831852e-05 3.44389302972811e-06 3.663404255087194e-05 3.6638814989350336e-05 0.00021316683631042682 0.00041174472915332227 0.00017695490387469075 0.0005263739750508297 1.8197518440433367e-05 0.0007678073329015204 1.760909079892062e-05 0.0005342904624299434 7.128926989519344e-05 2.117150542132197e-05 1.0744747859611443e-05 2.8745678738915443e-06 1.7030630872342073e-05 7.627032476062234e-05 0.01528047833171507 0.00044639577133413424 0.0 0.0006629081773954856 0.00031272454737291903 0.0006899457128228087 0.0005854268061135003 0.00018470394920793782 0.00026193984188417906 0.0010606659825070724 4.412065254301181e-05 0.0009413731233209975 0.00014746849566606978 0.0 9.70589789053336e-06 2.1280151828491185e-05 1.0112141539561002e-05 2.7824618196496193e-06 2.2204136731273593e-06 2.243981134179228e-05 5.4543882689177585e-06 0.00011246091499637415 1.9116569516196387e-05 2.41352273737197e-05 0.0001260855120802215 0.05197935808302645 0.005713052743452469 8.051675674009645e-05 0.004979484307641749 0.0019685297204481297 2.593209690486394e-05 0.00025336774924199695 0.0002587095503542152 3.9145936840153325e-05 0.000498908681447397 5.829690650318737e-05 0.0008227145429782197 8.536892115773322e-05 0.00201935729880279 0.002182467683759962 0.0001898784999680121 0.0012956455851090437 0.012988510711485256 0.0010188893959509006 0.003507998052138677 4.143782896013383e-05 3.0414889575476657e-05 6.620235777522522e-06 1.3240310166504028e-05 0.0 0.0 0.0 0.0 7.542491312427665e-06 1.3736899120791135e-05 0.0 0.0 3.2749339315760664e-06 5.839354811339357e-06 1.7322734448264393e-05 0.0 2.003555926431382e-05 3.84558910831119e-06 0.0 0.0001872216235381553 0.00023533670451618397 0.0 0.0 0.0 0.0008344830378879207 0.0001758067085067403 0.0005916948854596687 0.00012596706831268916 0.00022740233170031408 0.0 0.0 4.743248312283444e-06 0.0 5.494128941898174e-06 0.0 0.0 5.318389516632823e-05 6.344398839561932e-05 5.237791218511699e-06 0.0 0.0 7.185506745616465e-05 3.358660477583839e-05 5.30944306838615e-06 0.0 0.0 1.2073052301371407e-05 9.524634494150315e-05 0.00012144067491383619 0.0 0.0 0.000980530657183067 2.2859453467494877e-05 0.0 0.0 0.0 0.0 0.0 0.0 0.0 8.291980414177657e-06 0.0017734754098134998 0.0003085278747084104 1.5689883732711157e-05 0.0 1.643978276135532e-05 0.00011875042727875097 0.0 0.0001072454861327465 9.474735847077896e-05 8.248870414694438e-05 6.269186023258257e-05 2.444597634710592e-05 0.0 0.0 0.0 0.0 0.0 0.0 0.0 3.1956982548387837e-06 0.0 0.0056994067265228165 0.0012295730974100547 0.001174666493078346 0.007216260301872434 0.00017025360944719994 0.003828327095225557 0.0009777834063980132 0.007757923017781445 0.00013746562026567546 7.869120200967242e-06 0.0003011047603479234 0.0007026066483483477 0.0 0.0002444003893441028 0.0001810903204425342 0.0024291349132394644 2.061536050898879e-05 0.0 2.006308031425108e-05 0.00012333902573889044 0.0 0.010006229144474823 0.002093969565750959
