0.0 0.0592398589113066 0.008186160551272074 0.04719954364273851 0.0014122236202982535 0.002629062305526785 0.04217823940375464 0.002965122097552295 0.00031032142753079794 0.04189990954686273 0.0013379878742990152 0.005199828715748206 0.002323735113379704 0.0025434717521282575 1.9719151951514738e-05 1.1481284113872161e-05 3.025956401843174e-06 0.0 0.0 5.6605909529951196e-06 0.0 3.248955491333514e-06 0.0 0.0 0.0 0.0 0.0 0.0 9.781312011677408e-06 0.0 0.022253724724382154 0.00038727200555947305 0.0003147288756265377 0.0 0.0 0.0 7.287425963692492e-05 0.0 6.4554119556517126e-06 0.0 3.5948042281063085e-06 1.1135395157992947e-05 0.0 2.9702926364827784e-05 0.0 0.0 0.0006859572663577415 4.719069019421321e-06 3.3000929249801744e-06 5.960171088331153e-06 9.358145716672602e-06 2.4023436879120252e-05 0.0 3.0290743493961763e-06 7.593033898931024e-05 7.789898574397349e-05 0.000948866869572535 0.007100820333998848 0.0010245856736579347 0.0010273996484917523 0.0 4.269093557537866e-05 0.0 0.0010364891079542912 0.0001136957299342389 2.8003498960819526e-05 2.1670555924466886e-05 3.7583990786586397e-05 1.9719450114313293e-05 3.923202126636718e-06 7.757678970899751e-05 8.76076475473745e-06 0.0 0.003223184360642183 0.0005235817864083002 0.0002795616838161218 0.00010733459117731378 2.823411435022708e-06 8.978800709815003e-05 0.0011023675825499245 2.238127104115545e-05 0.00014798588650755958 0.00021653972233362246 0.0 3.417016944359324e-05 3.574574713676904e-05 6.4543065103084245e-06 0.0 0.0 0.0 0.0 2.9385645375361864e-06 2.147222564929372e-05 7.800789599038177e-06 1.1413165516067222e-05 0.000495213927866978 5.311405538605946e-05 0.0 1.0397139814822111e-05 0.027873362206039087 0.0 0.00037421761684074784 0.0002994327692429711 0.00014044135932599316 0.0003193545102476346 0.0005055139793389853 4.4489392860892066e-05 0.0005646023600384195 0.00025385466895470015 0.00034814421288083795 4.768284753225454e-05 0.00015303039152035676 0.00019900930072776804 7.553703905468306e-05 0.00011856323839412465 0.0 0.0 0.0 0.0 0.0 0.0 0.0 0.0 0.0 0.0 0.0 0.0 0.0 0.0 0.0 0.0 0.0 0.0 0.0 0.0 2.0920388958157593e-05 0.0 0.0 0.0 3.0769358788165894e-05 5.5368636010594826e-05 5.868204494029965e-06 1.014312289967178e-05 2.4403488098681593e-06 0.0 0.0 0.0 0.0 0.0 0.0 0.0 1.4060369118058724e-05 0.0 0.0 0.0 0.0 0.0 0.0 0.0 0.0 0.0 1.0943621950693887e-05 1.3765903383515058e-05 1.9413104081127518e-05 2.297745857845202e-05 8.376323078299305e-05 5.726203784453432e-05 0.0 0.0 0.0 0.0 0.0 0.0 0.0 0.0 0.0 2.0096415097540154e-05 6.151518514513209e-05 0.0 0.0 0.0 5.2409800076617465e-05 1.1339210120443063e-05 2.201712241760041e-05 0.0 0.0 1.0261748767335768e-05 0.0 0.0 0.0 0.0 0.0 0.0 0.0 0.0 0.0 0.0 4.543375430205136e-05 1.2236767349950274e-05 2.396823847589169e-05 0.003544114058380316 3.532196440661391e-05 0.0006747933413512151 0.0002881701548638164 0.013464353214058552 0.00041904100230990643 0.00017250643579597654 1.2456765668707277e-05 0.0005198530279989568 8.286553646047404e-06 2.323862424640744e-05 2.4046830863780568e-05 0.0006365622700021013 0.0 0.0 0.0 2.6501153492796658e-05 0.0 0.008844462426830091 0.0001403538384898401
0.0592398589113066 0.0 0.03723359089150291 0.011721276643049486 0.03246818281083094 0.0025812492706806605 0.05376944143653733 0.03117364325318247 0.03782658010065524 0.021620339562885074 0.03626409827157158 0.009760308980383364 0.025468438031254977 0.03704275548741697 0.0003262211322087411 0.0001019841833149458 1.6988504338561342e-05 0.0 0.0 6.23348466667525e-06 4.443426600126627e-06 1.087769452074449e-05 3.2499578752166016e-06 0.0 3.849919820961829e-06 0.0 0.0 6.522188434140966e-06 6.300848382790456e-06 0.0 0.02542792767295496 0.0009403921369151029 0.0012250888467708247 7.678132539399928e-06 8.784065539353078e-06 5.96869908578093e-06 0.00018694297479646599 3.429156984951696e-05 5.464210724400069e-05 1.196147394742043e-05 0.0 2.8051239813584558e-05 1.9882227279494328e-05 7.5089987637853e-05 7.199175962874485e-06 2.375119181415153e-05 0.006331774911078874 5.1536789650580556e-05 4.310509414407297e-06 1.6955942137887036e-05 1.630729012979303e-05 2.7268869911503506e-05 2.60804063383708e-06 1.860284918974329e-05 0.0002886048474133103 0.00023083822800735041 0.0010757214946731158 0.0075168367212527796 0.001048466347017984 0.0031948050181924486 3.175708725426704e-05 0.00019279708114016807 1.3110895403079052e-05 0.004565897791998586 0.00030013295468822116 0.0002221810375064214 3.990253699946665e-05 9.177785028870214e-05 0.0001041014702188834 2.0200535789784853e-05 0.0006228800397624379 5.614087031113584e-06 0.0 0.007058695355888178 0.002838291894343921 0.003464472916105624 0.0017039213850583747 0.000144294591422402 0.00018725119527204423 0.0042475197187029235 7.284540242806849e-05 0.0003879758360546035 0.0005930944246550602 0.0 0.00021232366091636582 0.0001266815247736036 4.4703689927952925e-05 0.0 3.334062601018098e-05 0.0 5.2580949583571966e-06 6.0089048502859445e-06 9.850970537191625e-05 3.1374625402014635e-05 6.176892246014837e-05 0.0011713817536996012 0.0005349009966112704 0.0 5.881541923163233e-05 0.02128215520487745 9.2434654980373e-05 0.0002776785776867036 0.0005556280078518162 8.597923084297273e-05 0.0007224869931276538 0.0013496381627719255 5.4190107910275524e-05 0.0015142850258444147 0.0005657237207395454 0.0006856929427164877 0.00023399874825794307 0.0007205785628831893 0.0007539966205346446 0.00032090996233862987 0.0004883255270663838 0.0 0.0 0.0 0.0 0.0 0.0 0.0 0.0 0.0 0.0 0.0 4.178820071600313e-06 2.5267841168700486e-06 1.2437792691975761e-05 0.0 9.46630456189075e-06 2.383727849111075e-06 0.0 0.0 5.532241149548627e-05 8.039643156959876e-05 0.0 0.0 7.018017892615096e-06 0.000307424911875663 0.0001278850929415301 0.0004145324799258724 7.471007989221937e-05 4.767209356195326e-06 4.3441097707660745e-06 1.4366977928963851e-05 0.0 0.0 0.0 0.0 2.1035287984200707e-05 2.2491435040861945e-05 3.498072249777601e-06 0.0 0.0 0.0 0.0 0.0 5.894430831915482e-06 0.0 0.0 1.1580613318342383e-05 1.4462419028665344e-05 4.741977281027176e-06 1.2912959004443285e-05 9.13603862121989e-05 0.000721435489340519 0.0 5.202346442831687e-06 3.086811196995332e-06 0.0 0.0 0.0 0.0 0.0 0.0 0.000276541130503176 1.0939010288731769e-05 0.0 0.0 0.0 0.0007084286486935535 6.71784599500364e-05 0.00041492196252588924 2.118163564440912e-05 1.557266204728246e-05 1.4411836928065023e-05 0.0 0.0 0.0 0.0 0.0 0.0 0.0 0.0 0.0 0.0 0.0006521000145172898 0.0002011821710168615 0.0001788375043899367 0.009805794581754257 0.000416496002998411 0.006004405609234162 0.0023124259219881767 0.01623209373303445 0.0008770164565128041 8.943707509172013e-05 0.0003877900794709359 0.0006302401041393805 1.1042175777198988e-05 6.30403930481828e-05 6.376143577397238e-06 0.0009024879277907543 2.6240273032446874e-05 0.0 3.3233503967119675e-06 0.0003906850791751368 1.1764918533679145e-05 0.0068838860533366325 0.00040503215077339447
0.008186160551272074 0.03723359089150291 0.0 6.840274308474125e-05 0.006277535450071077 0.00014347455884085262 0.0018496172666098917 0.10962568501770907 0.0030557493263864218 0.0006017756536131577 0.025622724637753565 0.0019252869767016284 0.0058556050889800055 0.026026403108345152 0.00027127799694157335 0.00012070585289360816 8.34895126932517e-06 0.0 0.0 9.358732567576378e-06 2.979306995078605e-05 1.231035303917311e-05 4.04201362094572e-06 4.113546395491332e-06 5.901061957086501e-06 2.1344304140658385e-05 3.3852174371627255e-06 2.530189901739479e-05 2.208759151279786e-05 0.0 0.10499702370524484 0.022790167075514175 0.002967260344024787 1.2074776584316406e-05 1.3949250881380191e-05 1.1411552884588646e-05 0.00019913394921325733 2.0324877991309888e-05 6.796653825817388e-05 3.490531573382115e-05 3.779255315048281e-05 0.00011032253568956273 1.870299863195118e-05 4.2904865449732334e-05 3.1713326159426696e-06 1.6939884272926623e-05 0.0027816843911318764 2.0240742521095312e-05 0.0 3.780027869941505e-05 0.00018051707283670568 2.772770842693098e-05 3.3672039181526346e-06 5.618239595843134e-05 0.00010925063076069624 0.00010242607643801638 0.0006765200270612386 0.008562709772773458 0.0005497958211144741 0.0010416225366379388 0.00016087961575174574 0.00011585472231128439 2.1479536051968848e-05 0.009210707550005243 0.00010176067897293106 0.00011365467299422203 0.00014832433376858455 0.0004340970835800519 0.0003948469130551905 0.00010079545232342761 0.0011770434816157972 9.4371619520676e-06 1.6692647757707677e-05 0.0033134185813235646 0.0014793526529001105 0.001210842549557813 0.0011390658329832085 0.00010008456356848153 0.00852229132035236 0.025860828910628877 0.0002965436823274974 0.004305516891042659 0.00017575131794261847 0.0 9.983685099826255e-05 4.715139477371312e-05 5.910740008282696e-05 0.0 2.576556401895378e-05 1.1052542445239866e-05 4.8039685946495526e-05 2.754125110267857e-05 0.0004948430154725451 0.00013538343273331697 0.00014005233943906122 0.0012774785773199773 0.0006174459266582777 0.0 0.00012587615457003852 0.012605434508513235 0.0 0.00013103643859519286 7.252360974432323e-05 0.0 0.00019273042435219266 0.00022257167601902564 0.0 0.0002969910092838787 3.286186782213238e-05 2.0769377428493153e-05 0.00012805688286040992 0.0001692717370110635 9.808056286574737e-05 6.56537687078143e-05 0.00010231731701325719 0.0 0.0 0.0 5.404247517227255e-06 0.0 0.0 0.0 0.0 0.0 4.359830413988041e-06 7.603737634021475e-06 0.0 0.0 0.0 0.0 0.0 0.0 0.0 0.0 4.292527065204681e-05 3.0039498216654823e-05 0.0 2.732102191078183e-05 0.0 0.0001640455288430983 9.687431838699412e-05 0.00017176071787495392 3.63387697397681e-05 0.0 0.0 0.0 0.0 0.0 0.0 9.557994456474211e-06 0.0 3.129498867088646e-05 0.0 0.0 0.0 0.0 3.8456805724562786e-06 0.0 0.0 0.0 0.0 4.6428375704237405e-06 9.248421420081486e-06 0.0 0.0 0.00010391084905694999 0.0002852719068866891 0.0 0.0 0.0 0.0 0.0 0.0 0.0 0.0 0.0 0.00013167228951914105 1.7784822342765553e-05 7.657099106908733e-06 0.0 1.4374449981509009e-05 0.0002413341264180704 3.9140796211840594e-05 0.000169176101583468 3.511485631146456e-05 9.28943485385341e-06 0.0 0.0 0.0 0.0 0.0 0.0 0.0 0.0 0.0 0.0 0.0 0.00011124523720830389 0.0002205206110339753 9.86341179568775e-05 0.003626677979579998 0.0002220655446684753 0.002271996361939346 0.000769480508379198 0.003536209409899948 0.00034935349854279206 4.616376105454538e-05 9.607677756726588e-05 0.00011461042901096898 0.0 6.162585923139019e-06 0.0 0.00023394941294964177 0.0 0.0 0.0 0.00010135346090714943 0.0 0.0016945543690951256 0.00010949821493915241
0.04719954364273851 0.011721276643049486 6.840274308474125e-05 0.0 0.0003699950072502269 0.014300840788472416 0.015272530339966622 1.3441758268766401e-05 0.00016620441235785092 0.020371431811373856 0.0 0.0027805061126607244 0.0036725398444200875 0.00037570301865666347 0.0 4.613677944824795e-06 0.0 0.0 0.0 0.0 0.0 0.0 0.0 0.0 0.0 0.0 0.0 0.0 0.0 0.0 0.00030622308376417235 3.401175527801444e-06 3.0413309287166216e-06 0.0 0.0 0.0 0.0 0.0 0.0 0.0 0.0 0.0 0.0 3.2559934482348604e-06 0.0 2.854693391929669e-06 5.574174208657732e-05 0.0 0.0 0.0 0.0 0.0 0.0 0.0 0.0 7.053573322940287e-06 5.168785802840502e-05 0.0001669152554795801 2.2824364936585983e-05 9.867295317798682e-05 3.5359791443007495e-06 3.249476792828267e-06 0.0 6.793068427832795e-05 2.7793388354687016e-06 2.1511825226786108e-06 5.640922456428057e-06 1.8954750515310138e-06 0.0 0.0 0.0 2.966810725352785e-06 0.0 0.00020749622228813982 2.694446743314598e-05 6.094073410124472e-05 1.910202360168839e-05 0.0 0.0 3.250476856378291e-06 2.3754048144151716e-06 0.0 1.124004836667553e-05 0.0 2.270246353208182e-06 0.0 0.0 0.0 0.0 0.0 2.4421694978780245e-06 0.0 0.0 0.0 0.0 3.900397680599308e-05 1.4079630976256548e-05 0.0 0.0 0.005336909811658959 0.0 0.00020278187398633455 0.00016276116919162272 3.411569111705846e-05 0.00010905697847033857 0.0006861292815422895 5.236811123256319e-06 0.00030989265821153 0.00012963205623554955 0.00016142145644804776 4.5869770408196294e-05 0.0001049633558080512 0.00020443163524121904 8.191881717420089e-05 5.014413425423614e-05 0.0 0.0 0.0 0.0 0.0 0.0 0.0 0.0 0.0 0.0 0.0 0.0 0.0 0.0 0.0 0.0 0.0 0.0 0.0 0.0 5.226905234689477e-06 0.0 0.0 0.0 0.0 0.0 0.0 0.0 0.0 3.4580503716678038e-06 0.0 0.0 0.0 0.0 0.0 0.0 0.0 0.0 0.0 0.0 3.712977630823069e-06 0.0 0.0 0.0 0.0 0.0 0.0 0.0 2.5864998218495088e-05 0.0 1.872832390716401e-05 4.5046578693182074e-05 0.0 0.0 0.0 0.0 0.0 0.0 0.0 0.0 0.0 0.0 7.318981333178675e-06 0.0 0.0 0.0 3.963534310621433e-05 0.0 5.010700351112247e-05 0.0 0.0 3.230502655930219e-06 0.0 0.0 0.0 0.0 0.0 0.0 0.0 3.779321753918309e-06 0.0 0.0 8.220550959962341e-05 3.529597841656148e-06 0.0 0.0002764223072138408 2.355635770082059e-06 5.9193312348084294e-05 2.3601767198940888e-05 0.006268569992494547 1.5127634734327431e-05 0.0 1.560051648553364e-05 0.00022271686312598052 0.0 0.0 0.0 0.0002337402061132372 0.0 0.0 0.0 0.0 0.0 0.0020227870554641644 0.00011992108048000179
0.0014122236202982535 0.03246818281083094 0.006277535450071077 0.0003699950072502269 0.0 0.00022125714140287513 0.03396300080496009 0.01654952889625728 0.061117795355483444 0.012657901865031558 0.038737052400863344 0.004111969465624064 0.02178491637684265 0.02953519775275161 0.00019527731067455137 1.797747398948993e-05 9.187094243789981e-06 0.0 0.0 0.0 0.0 6.232280027093532e-06 0.0 0.0 0.0 0.0 0.0 0.0 3.346478316514424e-06 0.0 0.0027745140542019156 0.0003518191237075175 0.00021522350856977888 0.0 0.0 0.0 8.315340858189788e-05 3.985782282782081e-06 4.652163762447087e-06 0.0 0.0 1.4751363143964138e-05 1.0172692644139557e-05 2.0966994201249534e-05 0.0 0.0 0.0031356256458253216 2.281383681203616e-05 2.6123796566643293e-06 4.093220664584262e-06 0.0 5.725663146849823e-06 6.25165790194449e-06 7.973309069305134e-06 7.195086066473736e-05 3.9395434202807394e-05 0.0001752261652750645 0.0009220867457227487 0.00016989487018949506 0.0008732100810289021 3.257446402126505e-05 1.230994910785911e-05 0.0 0.0012393666486927174 9.155999460416745e-05 6.523916753558827e-05 4.902599436876229e-06 2.1189752942906798e-05 5.801019830282765e-06 0.0 0.0004317084488065965 4.193539645794596e-05 0.0 0.0013935211880209309 0.0006639042342723016 0.0014119091517458208 0.0007139736487745304 5.0854340444539616e-05 7.955920164619412e-05 0.00032319350961439793 9.3717500227803e-06 5.5371617638580406e-05 0.00016556215112709485 0.0 5.841988636315449e-05 4.703333758101057e-05 5.917576154215912e-06 0.0 8.473961533411174e-06 0.0 3.1266716185961814e-06 4.306193594910677e-06 3.090035609163693e-05 0.0 6.678219811025467e-06 0.0007400469007526247 0.0002942904648986365 0.0 3.615758575912285e-05 0.0006841205438796079 6.704415365825687e-05 0.0001641911908448867 0.0003232681558891915 6.785071457940527e-05 0.0004523492248688668 0.0007795326374842051 3.796582324849554e-06 0.001140874100250189 0.0001637183063866252 0.0002572480108447208 0.00012501936481899858 0.00036014002775758644 0.0004996426744932614 0.00032468059193153427 0.00028141761459143174 0.0 0.0 0.0 0.0 0.0 0.0 0.0 0.0 3.0929202472272428e-06 0.0 1.3545818245629291e-05 0.0 0.0 0.0 0.0 0.0 0.0 0.0 0.0 8.596868763625798e-05 9.155286615427663e-05 0.0 1.0851160158644898e-05 0.0 0.0001895351662019572 5.162488612269424e-05 0.0002861851281046193 6.39553152636091e-05 1.0993407016887167e-05 0.0 0.0 4.974921318024247e-06 0.0 0.0 0.0 0.0 6.801077927523602e-05 0.0 3.933272758851011e-06 0.0 0.0 0.0 0.0 0.0 0.0 0.0 0.0 0.0 2.1695825705047303e-05 7.622518409830964e-06 7.866332878512935e-05 0.0005338972098934868 0.0 0.0 0.0 0.0 0.0 0.0 0.0 0.0 0.0 0.00020763827926579314 6.405177711649707e-06 0.0 0.0 0.0 0.0005561478689998207 6.433650325301007e-05 0.0004537551471562196 7.56067550084406e-05 1.5415940564672893e-05 7.441011129445642e-06 1.0712599536194907e-05 0.0 0.0 0.0 0.0 0.0 0.0 0.0 0.0 0.0 0.0005893870649373043 0.00015480458005564523 0.00010659085868794844 0.0058089469641440395 0.00021992141789191818 0.0031873102279301666 0.0012346275316089123 0.001986455700348698 0.0004554805911013321 4.122881578805295e-05 0.00025796045538298545 0.00038818345500974885 0.0 2.1651082722599265e-05 2.7374188862413988e-05 0.00026944632022104554 6.27399304128386e-06 0.0 0.0 0.00021811924265939398 0.0 0.0015499387369702516 0.00018822137892641395
0.002629062305526785 0.0025812492706806605 0.00014347455884085262 0.014300840788472416 0.00022125714140287513 0.0 0.0026884581419586943 2.3026690631932024e-05 0.0001579819710612146 0.026759915692476065 3.204494313335943e-05 0.008133022340058667 0.003469716481138341 0.00041579993517754175 0.0 0.0 0.0 0.0 0.0 0.0 0.0 1.2566653548779313e-05 0.0 0.0 0.0 0.0 0.0 0.0 0.0 0.0 0.0014898574250379066 3.402187889116699e-05 0.00019155649437855926 0.0 0.0 0.0 1.9649111344489528e-05 1.1350939017352832e-05 5.411987993635551e-05 0.0 0.0 0.0 0.0 0.0 0.0 0.0 6.515309149348892e-05 0.0 0.0 0.0 0.0 3.124695777648858e-05 9.362304140243138e-06 0.0 8.289754932229577e-06 1.043100294890024e-05 0.0001170826495290642 0.0004033528369831791 8.527381227322195e-05 5.95563240084386e-05 0.0 6.467112428481463e-06 0.0 0.0 0.0 0.0 0.0 0.0 0.0 0.0 0.0009195431881115291 0.002840665566642983 0.00016607038315251128 0.0001676195989616785 1.0481485275178863e-05 0.0 3.0054933845632273e-05 0.0 0.0 6.08666360051372e-05 9.005004559805918e-06 1.126231389602302e-05 0.0 2.277021184340217e-05 5.673247789768882e-06 5.227499626675707e-06 0.0 4.119210019119639e-05 4.997693163382125e-05 7.383805270731779e-05 0.0 0.0 0.0 0.0 0.0 0.007163804125422379 0.005724521330285777 0.00014645700281021537 9.807301984968271e-05 0.0034095730320401058 0.0 4.267710329654754e-05 0.0 7.435409845432284e-06 2.0213827817734528e-05 1.8071351378068254e-05 0.0 5.076635940899578e-05 2.027008139242335e-05 1.1153721535244324e-05 0.0 1.1406621210024964e-05 0.0 7.711961061843202e-06 3.1770657722184235e-06 0.0 0.0 0.0 0.0 0.0 0.0 0.0 0.0 0.0 0.0 0.0 0.0 0.0 0.0 0.0 0.0 0.0 0.0 0.0 0.0 0.0 0.0 0.0 0.0 1.953070165452255e-05 0.0 7.5867187644509294e-06 8.444117409558732e-06 1.5753508032744914e-05 0.0 0.0 0.0 0.0 0.0 0.0 0.0 0.0 0.0 0.0 0.0 0.0 4.390919009806444e-06 0.0 0.0 0.0 0.0 0.0 0.0 0.0 0.0 1.5060380073866172e-05 0.0 0.0 0.0 0.0 0.0 0.0 0.0 0.0 0.0 0.0 1.0733322430777877e-05 7.212081345991478e-05 0.0 0.0 3.823272342625435e-06 9.406289533946204e-06 0.0 0.0 0.0 0.0 0.0 0.0 0.0 0.0 0.0 0.0 0.0 0.0 0.0 0.0 0.0 1.6008016085060184e-05 2.6846504131405326e-05 0.0 6.303956043533549e-05 1.495919963033409e-05 2.847923800883136e-05 8.741484720597304e-06 0.0014333407551308248 1.731551951194747e-05 3.4997920032992405e-06 0.0 9.670226259661754e-06 0.0 0.0 0.0 5.958697599491903e-05 0.0 0.0 0.0 1.0931517546550134e-05 0.0 0.0014999082725456188 4.704064663015809e-05
0.04217823940375464 0.05376944143653733 0.0018496172666098917 0.015272530339966622 0.03396300080496009 0.0026884581419586943 0.0 0.0014959583860086776 0.03104811437300052 0.04314762262790987 0.007178618996275633 0.011114657828617992 0.15270646349461592 0.06971501896029678 0.00024957162300242295 4.1856573970361684e-05 0.0 0.0 0.0 0.0 0.0 3.4616840132439914e-06 0.0 0.0 0.0 4.684596604553146e-06 0.0 0.0 0.0 0.0 0.004411009731580092 0.0002532149995359751 0.00034029579631871584 0.0 0.0 6.233109546163448e-06 8.171850359434238e-05 0.0 2.2206441485963487e-05 5.407195500383415e-06 3.197254796835884e-06 2.162678226115579e-06 3.180281753843327e-06 4.316944548778954e-05 0.0 2.0663650485685802e-05 0.004033130085628385 3.857230552350803e-05 0.0 5.091343642723024e-06 2.8425371670141862e-06 0.0 0.0 0.0 0.00018288685374386014 0.00014090769619107385 0.0005412491732142631 0.0028355052503265263 0.0005509498745350091 0.0017447614998119306 2.6089879871543636e-05 2.466332015520923e-05 0.0 0.001882939847196483 0.00015898982222907983 9.600804079406083e-05 9.716337078450252e-06 1.9720074863990425e-05 2.9201233231343147e-05 0.0 0.0005044464880703261 1.772472571644163e-05 0.0 0.0036284638117399567 0.001492047223316859 0.002022187892873159 0.0009538234005107875 0.00011019730054653073 6.984642840596708e-05 0.00033621878414738 3.7669955839420907e-05 8.585204062597431e-05 0.0003386039776735424 0.0 0.00010019714516187828 8.686121032310242e-05 7.023030778835972e-06 0.0 1.940216235720927e-05 0.0 2.9497601445637122e-06 0.0 1.78397742106062e-05 0.0 1.6013675957483374e-05 0.0014236729955785696 0.00028910274216157136 4.0026955771982745e-06 6.07605652663144e-05 0.0063819901956394245 4.262297340669436e-05 0.000524538371944117 0.0012051991400910639 0.00017623285086228787 0.001321189629923874 0.0020046569118736756 5.9220353316235906e-05 0.0027175070460979155 0.000826648144633243 0.0006493521929591727 0.0004423998283168497 0.0010166289456886954 0.0012481637583711047 0.0005748933386214292 0.000678309842459621 0.0 0.0 0.0 0.0 0.0 0.0 0.0 0.0 0.0 0.0 0.0 3.2192759177674356e-06 0.0 1.1612729048263208e-05 2.725417195507893e-06 0.0 0.0 3.961620267878013e-06 3.0277090267498657e-06 8.951141005516112e-05 0.00018097852810774462 0.0 2.4494153179495695e-05 0.0 0.0005156465915166051 0.0001509631387316945 0.0005228173679563198 0.00011039052763585466 5.560671223760442e-06 1.9043039188345857e-05 1.4679264981595581e-05 5.1228054254423435e-06 0.0 0.0 0.0 0.0 2.934534273695148e-05 0.0 0.0 0.0 0.0 0.0 0.0 0.0 0.0 0.0 2.6638972188749848e-05 0.0 5.1312321403539334e-05 2.1286593203445098e-05 0.00021787476327993677 0.001147659755155878 0.0 0.0 0.0 0.0 0.0 1.649763227167567e-05 0.0 0.0 3.7008221793519404e-06 0.0005284663464157805 3.8390923734469196e-06 0.0 0.0 3.291687518460545e-06 0.0007658705537297198 0.00012385378572405786 0.0008393272566044058 1.5965232623883596e-05 0.0 1.8396894880209365e-05 2.1397198839877864e-05 0.0 1.0523787847328205e-05 0.0 2.9234193369137703e-06 0.0 0.0 0.0 0.0 0.0 0.0012736918018828173 0.000262507243153001 0.0002675754134360656 0.0073460858983724 0.0002576792524788671 0.004319581505790139 0.0015091170626769892 0.010789129260333834 0.0006203038503405525 4.759992714312046e-05 0.0002001418520085332 0.000719728184792485 2.126075745495847e-05 0.00012560455397757798 1.4740809689111715e-05 0.001062709988416444 4.490717733671903e-05 0.0 0.0 0.00010959594214700391 0.0 0.005589627149253423 0.0005386645754854416
0.002965122097552295 0.03117364325318247 0.10962568501770907 1.3441758268766401e-05 0.01654952889625728 2.3026690631932024e-05 0.0014959583860086776 0.0 0.010381877345146789 0.00040803022605315626 0.027044121670064973 0.0010923564848612703 0.005876079146404666 0.022945899734847158 0.0008438405463060778 0.0004687267694630491 2.579216895785069e-05 3.702324827043344e-05 0.0 0.00012400464643207322 0.0001389956007871758 0.00022918526101897872 0.00021514327976699754 6.962778110113584e-05 5.6684415678794575e-05 0.00011106953424107493 0.0 0.00012743891841723667 0.00022363408092425016 0.0 0.037340909078698914 0.06290096008027557 0.0044137618240979335 4.3614622268866005e-05 7.695656874192073e-05 7.662514899629836e-05 0.00037725881493039655 0.00011254862513778229 0.00020534647218440526 5.941525549267001e-05 0.0001927496278153417 0.0003680762387618016 0.00011644484778509356 0.0001385142233298216 1.7283531593706182e-05 0.00011115099494735145 0.005721669385135001 6.668984034647134e-05 4.6502029069841243e-05 0.00021677613836232568 0.0007905230184000563 0.00021787205177739192 3.0471026218573255e-05 0.0002373788988611412 0.00011158029136894682 4.296873029695009e-05 0.0002848476577695883 0.0025483866617054757 0.00026610123932511813 0.0009858979741039966 0.0018828158163063104 0.0006585578119686909 0.00018327667279217108 0.006785911877355087 9.491293891548325e-05 0.00034263357306529765 0.0006806056552093195 0.001888827521798603 0.002364456027983163 0.0008119818868587135 0.0005296599688627559 5.309429852347494e-05 0.0 0.0019512540370902193 0.0011157187612034778 0.0023127942980652105 0.0015766131750631427 0.0023811437624356104 0.03693959155724675 0.036696092860370955 0.00502204614440431 0.025254130887567706 0.00017756457315223925 0.0 0.00012814324894414212 8.880683995386695e-05 0.0001897128041335994 0.0 7.09980400626758e-05 0.0 0.0001474619893335536 6.732322862359563e-05 0.0029075391369555517 0.00044778666811535735 0.000628194016655472 0.00039451231638688313 0.0003612111863126509 0.0 7.469945547384745e-05 0.002703179689982968 1.3431070041235253e-05 1.6485058386808902e-05 1.4916077013808173e-05 4.051354121689618e-06 4.346892004797121e-05 1.1721299365877807e-05 0.0 3.170743077319766e-05 2.929146112273602e-05 0.0 2.3046574532751743e-05 4.115723757365151e-05 3.27961161574125e-05 3.454056305022545e-06 2.5527398652482368e-05 0.0 0.0 0.0 0.0 0.0 0.0 0.0 4.204280699575138e-06 0.0 0.0 6.675969474676825e-06 0.0 0.0 0.0 0.0 4.151745265258202e-06 6.4515207571055655e-06 5.1781925490933394e-06 0.0 4.0155111634257415e-06 2.2705579739385025e-05 0.0 3.72661465362695e-05 3.6177237046553012e-06 9.575260538196483e-05 2.707852525592671e-05 0.00014896340821524007 9.053392224748302e-05 8.571902791987724e-06 0.0 6.226363177783648e-06 6.8051899831051e-06 0.0 0.0 3.0046063985777905e-05 0.0 4.536046174823878e-06 0.0 0.0 0.0 0.0 2.3619020808872948e-05 2.7011904239752668e-05 0.0 0.0 0.0 2.7265622798743353e-06 0.0 0.0 0.0 0.00014789982361401428 0.00012830133961661976 0.0 0.0 0.0 0.0 0.0 0.0 5.990681921216945e-06 0.0 0.0 5.911562295647896e-05 2.19146191908615e-05 0.0 0.0 2.0566614737086972e-05 6.887470018322198e-05 3.054625044966053e-05 0.00016573672157842815 2.7782585270669268e-06 0.0 2.051055007618167e-05 0.0 3.6381441824957658e-06 0.0 4.029553432399022e-06 3.423516081251294e-06 0.0 2.88226726324135e-06 1.4351480424438081e-05 0.0 0.0 6.618074844429408e-05 7.639147212077564e-05 7.135283677718273e-05 0.006978285095520249 0.000666468921609834 0.004889641449875094 0.0016487667510458194 0.0019450778021945611 0.0005428121748956 1.8954389703518887e-05 0.00045880711706720157 0.000124543696154423 2.9413314960412393e-05 6.266472455105473e-06 5.100869770111936e-06 2.3722709339084714e-05 3.1878251566301607e-06 0.0 0.0 0.00046157887092724946 0.0 0.0010161866045479825 4.2203850872134587e-05
0.00031032142753079794 0.03782658010065524 0.0030557493263864218 0.00016620441235785092 0.061117795355483444 0.0001579819710612146 0.03104811437300052 0.010381877345146789 0.0 0.003518462973407121 0.02741432856897033 0.0026029738752833247 0.02099472582195137 0.02612008731856114 0.00030239795206131936 2.4367573210092777e-05 5.882956591559343e-06 0.0 0.0 0.0 0.0 0.0 0.0 0.0 0.0 6.611884969262482e-06 0.0 0.0 0.0 0.0 0.0010822978739058525 0.00024672008700370835 0.0003351732244734685 0.0 0.0 0.0 2.0636856052922102e-05 4.298674168898821e-06 1.5758875736563294e-05 3.1549589923246417e-06 0.0 0.0 0.0 0.0 0.0 8.14751580843085e-06 0.0020521366722546174 7.254150453962494e-06 0.0 0.0 4.832388672093091e-06 0.0 0.0 0.0 3.915235475763136e-05 3.9522181622913004e-05 5.9219066111469364e-05 0.00023400513342780943 6.565843683121428e-05 0.00033437138020935323 1.268977660864099e-05 7.438877196472313e-06 9.080333399242107e-06 0.00040653903113902726 3.2809744246934084e-05 2.5154283101806524e-05 5.169593008040797e-06 1.9401183370017896e-05 1.8568786893743947e-05 0.0 0.000325198973287128 0.0 0.0 0.0005176957083886883 0.00034364307553685924 0.0009143157818782594 0.00039674085746034435 2.3559805522390675e-05 6.829251334226463e-05 0.000610566745507747 6.103043663055998e-06 7.862211309565878e-05 7.108354549620281e-05 0.0 3.287404937735047e-05 2.0026844164599057e-05 2.5196844777814532e-06 0.0 1.041288559498559e-05 0.0 0.0 0.0 0.0 3.1812719559778326e-06 1.1882220264608686e-05 0.001071304265019989 7.794138983069433e-05 0.0 7.508897577927659e-05 0.0002459569797332695 2.1433566773497173e-05 0.00010801299720299297 0.00041073473859465815 2.859962346240122e-05 0.0006781861536252142 0.0008231037828990309 1.728033978221735e-05 0.0012223878942003246 9.22066940519892e-05 0.0003561491422889551 0.0003030104244694943 0.00041684137626026707 0.0006729884741456158 0.0003957098911345085 0.0004357449589842395 1.21629643228639e-05 1.1086719211003633e-05 0.0 0.0 0.0 0.0 0.0 0.0 0.0 3.961249788032335e-06 0.0 0.0 0.0 1.8574436324668357e-05 0.0 0.0 0.0 0.0 3.878435940858055e-06 5.4596912183327615e-05 8.8582446537567e-05 0.0 1.6703848392123504e-05 2.7545802242619972e-05 0.00033396814673552355 7.987324306398235e-05 0.00037099959042233467 4.916040024150242e-05 1.020073676961861e-05 5.191134593472724e-06 0.0 3.6091516208773355e-06 0.0 0.0 0.0 0.0 1.2715523411026883e-05 7.342028041323938e-06 0.0 0.0 0.0 4.708035448986007e-06 0.0 0.0 0.0 2.478524476304402e-06 3.317438574790385e-06 4.22611387352861e-06 0.0 6.606958592792629e-05 0.00012608314664853474 0.0007526570528118859 0.0 0.0 0.0 0.0 0.0 0.0 0.0 0.0 0.0 0.00043724052656602514 3.147397800317658e-05 7.814273054465525e-06 0.0 0.0 0.0006577680579933601 0.00014413426278868537 0.0005785671233131292 6.9863712566951155e-06 6.252039596733304e-06 8.852795351558952e-06 0.0 0.0 0.0 0.0 0.0 0.0 0.0 0.0 0.0 2.0063036719711043e-05 0.0007295253877985033 0.00023752233082949525 0.00018063560279726974 0.00551754135600034 0.000173959954495361 0.0023985263200436 0.0011816640029962682 0.0016041459478621713 0.00045727358110206654 3.9358475357701435e-05 0.00033657455849555066 0.00028777796327494887 3.3308195488407976e-06 2.5308808195811157e-05 7.0666847516332485e-06 0.0002855160045713574 1.0339032100655103e-05 1.0734986496306007e-05 2.2810722538343843e-05 0.00010177960109569628 0.0 0.0011904498551920796 0.00038563417139661407
0.04189990954686273 0.021620339562885074 0.0006017756536131577 0.020371431811373856 0.012657901865031558 0.026759915692476065 0.04314762262790987 0.00040803022605315626 0.003518462973407121 0.0 0.001227016549895069 0.050924454892877405 0.19430087196086482 0.009407824787537886 0.0001072593553445612 1.5186777510401492e-05 3.615897602534958e-06 0.0 0.0 0.0 0.0 5.425267414442251e-06 0.0 0.0 0.0 0.0 0.0 5.060472771490337e-06 2.012557201608386e-05 0.0 0.0020028907043173174 5.1771684120877904e-05 0.0017305706806022814 0.0 0.0 0.0 0.00020459184051056111 1.7757235902983115e-05 4.030442970750826e-05 3.6247833179985654e-06 2.8531014500875703e-06 3.0821597026489734e-06 0.0 9.134625905770775e-06 3.315165035111117e-06 0.0 0.0016200266103401132 9.484847503561314e-06 0.0 2.84018550945514e-06 0.0 6.827806269467234e-06 2.527013636482167e-06 0.0 9.446007699794201e-05 6.111800793395715e-05 0.00036109355664131523 0.0012860635141962228 0.00027326104871061184 0.0006738874311160432 3.2224505201193856e-06 9.206592737287984e-05 0.0 0.0006436458220282116 6.358318566112382e-05 4.543746683495168e-05 1.4993826347350935e-05 1.0280786906754128e-05 1.8073944543626908e-05 9.090100454547364e-06 0.002960291638043782 0.00035697461508473095 3.388075333387726e-05 0.0015307837390045754 0.0006141841352778022 0.0007984535167442713 0.00033587457221222194 5.5143760545101104e-05 8.479043642901751e-06 0.0002174007434053633 2.2055339850031778e-05 8.933393822069403e-05 0.00012839875938034048 3.462535188755826e-06 5.600183324696362e-05 5.215491226312426e-05 5.751568118606155e-06 3.4975173034534406e-06 2.7996579534265467e-05 1.4237772502700486e-05 3.2931574494557645e-06 7.618525116630061e-06 0.0 0.0 0.0 0.008369438088968395 0.0018264295553049072 3.550006253764687e-05 0.00020466397386464783 0.02442619165161005 0.0001447061918238947 0.002149280554368365 0.0032482388794770694 0.0007189493265211332 0.003223101428458021 0.006060004529019898 0.0006314226189586238 0.008005708188850628 0.002323540020742598 0.003374635804378951 0.0012056436244460822 0.003257501819414484 0.0036806868721851304 0.0020299579989678596 0.0017837022720988234 3.4107774527370715e-06 3.4101571503649774e-06 0.0 0.0 0.0 0.0 0.0 0.0 4.209142184063671e-06 3.419476381389132e-06 2.042332759618826e-05 9.807471446626283e-06 0.0 1.564423581437885e-05 0.0 0.0 3.087014806221582e-06 1.8599374877704074e-05 0.0 0.0001348455793360221 0.00022606868632970488 3.1691675518340837e-06 1.250051400171577e-05 5.547707522939139e-06 0.0006260724908897509 0.000278665442408822 0.0006391749648373401 0.00018599041619867944 4.265831962032173e-05 1.0706410434472334e-05 0.0 4.228873136262337e-06 0.0 0.0 3.467907997306944e-05 0.0 0.00011212567521383558 1.1092403253562893e-05 0.0 0.0 0.0 2.551296695427673e-06 0.0 0.0 0.0 2.7156476265084837e-06 5.8349999478194686e-05 1.856067114213498e-05 0.00011733964459170051 1.4930017574848873e-05 0.0001385707797079751 0.0011843057265516488 0.0 0.0 0.0 0.0 2.7308643707336674e-06 1.5872517915530778e-05 0.0 0.0 0.0 0.0010057528572251524 0.00010287287899912548 2.3396610890619443e-05 1.6267311177844894e-05 4.584374845298139e-06 0.001312799671795054 0.00026659465892434547 0.0009997196915524464 6.0110714999554584e-05 3.895184665651775e-05 3.792479144542021e-05 1.608135639906164e-05 0.0 0.0 0.0 2.779847761853787e-06 3.2181675720078186e-06 9.733708638646328e-06 0.0 0.0 0.0 0.0036465657555492894 0.00045166494762709464 0.00020718698473323575 0.005677641061209692 0.00013274966869378569 0.0016773212943040343 0.0007707230121226387 0.031073444240732558 0.0003439244491788186 2.587373156542091e-05 0.0001081023942217883 0.002153676361353129 3.585545325741783e-06 9.63334309608587e-05 2.9344758399741857e-05 0.0031062669961716186 3.087718640583934e-05 0.0 6.493872056249223e-06 1.1909315180504004e-05 0.0 0.024770162699651044 0.0030706285872556067
0.0013379878742990152 0.03626409827157158 0.025622724637753565 0.0 0.038737052400863344 3.204494313335943e-05 0.007178618996275633 0.027044121670064973 0.02741432856897033 0.001227016549895069 0.0 0.004724275518486891 0.037403365001311674 0.07773231002807764 0.0003258789312289041 0.00013238684401360403 1.1459810591543406e-05 1.0093564839396463e-05 0.0 0.0 4.391437217523779e-06 5.353131565997536e-05 2.285608504971962e-05 9.497728059114538e-06 3.190864367547904e-05 3.358480896708939e-05 0.0 3.4772116820995786e-06 3.780247992204719e-05 1.5528063698928664e-05 0.006847965625726071 0.0016547213715107428 0.006444180171537961 0.0 3.3910592623702502e-06 2.3974641048256034e-05 0.0006240878798568941 6.364841873140418e-05 0.00018568529414118425 2.2799821613615277e-05 2.2681138124346903e-05 9.894091065417786e-05 5.294906075591484e-06 9.947970320627985e-06 0.0 9.128735546930023e-06 0.0014011388882591569 4.4997611931115575e-06 0.0 1.5897246285063233e-05 7.533336447238323e-05 0.00010192684885177194 2.913114834462865e-05 2.9392593999440298e-05 1.8715935068858992e-05 0.0 7.169124033860167e-05 0.0004087580607805427 8.473890511883345e-05 0.0001837070907080801 6.88929155712085e-05 0.00045433938304463236 0.0 0.0006613178077343047 2.2633758663456373e-05 4.514808997753669e-05 5.4479969137217354e-05 0.00013765552723180957 0.00012598587847990745 2.3972429384125105e-05 0.0005536982730826145 2.1200642265970046e-05 0.0 0.0004172829828222044 0.0002101326359546676 0.0006245566155596395 0.00039822175434961894 0.00011208775304378647 0.000579772914940213 0.01188985133325249 5.938675658191065e-05 0.0046883085432548426 5.5316524423784025e-05 0.0 2.1166963598370404e-05 1.5357784316872657e-05 3.08716034911294e-05 0.0 5.2197056279180985e-06 3.5971837296621085e-06 6.550520396936449e-05 1.9489859151952912e-05 0.00028253949891438544 8.087891369885188e-05 0.000149740614022729 0.0007864896545940462 0.00021132783448787586 0.0 8.877567053311352e-05 0.0008501714449356414 0.0 4.187626818395352e-05 8.983892448687792e-05 0.0 6.200856027130913e-05 0.0001359386441555317 0.0 0.00020214031639657977 1.8594465826387756e-05 6.434920340266765e-05 8.831011562027496e-05 9.812364294283382e-05 0.00015375192267625602 4.938875639995127e-05 6.976113779660948e-05 0.0 0.0 0.0 0.0 0.0 0.0 0.0 0.0 3.552306941340788e-06 0.0 0.0 0.0 0.0 0.0 0.0 0.0 8.75884661273895e-06 0.0 0.0 3.885212086845492e-05 4.535819323594782e-05 0.0 0.0 0.0 7.427523536091002e-05 4.168213732490168e-05 0.00012371710592491627 4.8308750995001814e-05 0.0 0.0 0.0 0.0 0.0 0.0 0.0 8.433211264080777e-06 1.023200441780502e-05 0.0 0.0 0.0 8.488964033550234e-06 3.59269156485272e-06 1.5808212011670032e-05 0.0 0.0 0.0 7.858850519821753e-06 0.0 0.0 3.3321719162941722e-06 6.0214133791047803e-05 0.0001839059774764661 0.0 0.0 0.0 0.0 0.0 0.0 5.752079752046482e-06 0.0 0.0 0.00013079913484573207 2.5241978349661458e-05 0.0 1.7823076900525927e-05 0.0 0.0001443308209094819 3.007633659780261e-05 0.00012715389701834144 0.0 9.552079154053039e-06 0.0 0.0 0.0 0.0 0.0 0.0 0.0 0.0 0.0 0.0 0.0 0.0001439017582614426 0.00012668139657520187 7.071176935778743e-05 0.0048515410610375995 0.00014787946559180538 0.0015220512883073966 0.000773841251457524 0.0008776169691509295 0.00025357231535874376 1.0480559655647934e-05 0.0002276105120714285 0.00016714214770122748 1.4095302505762022e-05 2.45079144948073e-05 2.6075871440760837e-05 8.093194065705595e-05 4.98215147584762e-06 0.0 0.0 0.00020052216542573067 0.0 0.0003303114818478826 8.280491389198925e-05
