0.0 0.05066306108432757 0.004018954709509968 0.0371882871089241 0.0010476350345229742 0.0017644533205241498 0.023349956726094388 0.0013899904425351151 0.00028879837047676894 0.029927925321269127 0.003519588112340076 0.0002914400092758383 0.002171508244618066 0.0021834484803573972 2.984001486461327e-06 7.173511852520615e-06 0.0 4.446247226227309e-06 0.0 0.0 0.0 0.0 0.0 0.0 0.0 0.0 0.0 0.0 0.0 0.0 0.02257303322591817 6.9336399446722935e-06 6.367997191987788e-05 0.0 0.0 5.305023003443331e-06 8.077945785109286e-06 0.0 0.0 0.0 0.0 0.0 8.180174831295367e-06 1.5439895773565698e-05 0.0 0.0 0.0007823555910508667 2.7191781297072758e-05 0.0 0.0 2.1557864359210782e-06 0.0 0.0 0.0 0.00019551670648323535 6.0521343862876906e-05 0.0013063795636101383 0.02318159193002451 0.0010482307203885145 0.0013097135666988 5.762748785478402e-06 3.462847959603132e-05 0.0 0.0004630850332510856 6.802800934120764e-05 4.87560382338357e-05 5.633903002397631e-06 0.0 3.87689533434171e-06 0.0 1.8004934618979878e-05 1.4701638199311285e-05 0.0 0.004206503934480279 0.0011670469037575052 0.0005742354509588323 1.580691992551902e-05 2.598134813112022e-06 6.877936853229297e-06 0.0001483402549062571 0.0 1.9636342707030654e-05 0.00039077931548324907 1.7638853264532356e-05 1.310923268886305e-05 3.759209501839163e-05 3.0931435364497377e-06 1.297276724725173e-05 2.7160334021492707e-06 0.0 0.0 2.98981054811563e-06 0.0 0.0 0.0 0.00014346289078035496 0.0 0.0 0.0 0.028120787102109038 0.0 3.680480285244038e-05 3.098720255907635e-05 0.00021559778534592907 0.0 9.236962307101833e-05 1.947950386992229e-05 7.26821311289198e-05 0.0001592823321006441 5.192874592389233e-05 0.0 3.9130253313362575e-05 1.664124909769664e-05 1.9291822556386345e-05 3.459670496372523e-05 0.0 0.0 0.0 0.0 0.0 0.0 0.0 0.0 0.0 0.0 0.0 0.0 0.0 0.0 0.0 0.0 0.0 0.0 0.0 0.0 0.0 0.0 0.0 0.0 3.0399751792846517e-06 0.0 4.14245207657831e-06 0.0 0.0 0.0 0.0 0.0 0.0 0.0 0.0 0.0 0.0 0.0 0.0 0.0 0.0 0.0 0.0 5.258224673715365e-06 0.0 0.0 0.0 0.0 0.0 0.0 0.0 0.0 0.0 0.0 0.0 0.0 0.0 0.0 0.0 0.0 0.0 1.6687878174875864e-05 0.0 0.0 0.0 0.0 1.6895232310110534e-05 0.0 4.344392157229775e-06 0.0 0.0 0.0 0.0 0.0 0.0 4.823001372756839e-06 0.0 0.0 0.0 0.0 0.0 0.0 1.6385877913034214e-05 0.0 4.854366302411228e-06 0.0030991272436774863 2.1635163873175967e-05 0.001309415676385451 6.302960962655868e-05 0.033139363162002174 0.0005452161462637806 2.776596828834114e-05 1.6544515691903188e-05 0.00011594011205386404 0.0 0.0 0.0 5.080075167115462e-05 0.0 0.0 0.0 0.0 0.0 0.003749417745031625 0.00010039034882604789
0.05066306108432757 0.0 0.013267613572007567 0.0030702874802111895 0.05388639592513502 0.0029687545707715846 0.07004729211940672 0.013553206669134342 0.01609361704840661 0.05058006854653256 0.04248818459562742 0.004203547404734793 0.07880337235169614 0.045716723189658796 0.00018508690177215805 8.850497447611312e-05 7.770634730475207e-05 4.8774657281058e-06 0.0 0.0 0.0 0.0 0.0 0.0 7.1832626236072895e-06 4.943976405576811e-06 0.0 0.0 0.0 0.0 0.04330883469358275 5.23778486939642e-05 0.0009408630753552175 6.458059032232951e-06 3.4520281103664945e-06 3.6945221658599695e-06 0.00019192142661349467 4.237798270239457e-06 0.0 4.273613173716612e-06 1.6557724991867665e-05 1.006789766163062e-05 4.055504660590509e-06 2.451110242133317e-05 0.0 2.149166836986184e-06 0.005711584020222336 0.00017519133880392686 1.0838042872138313e-05 2.5394171006735665e-06 1.1527953759890237e-05 4.130453641779187e-06 0.0 4.434222187359894e-06 0.0007081672624877597 0.00026019887569899634 0.0015391361579056174 0.02311225132992209 0.002910958344206632 0.004464486557636884 0.0 4.0833355311503656e-05 1.1933711661670331e-05 0.001710221662092503 0.0003235761182788753 0.00017930042469148507 2.6172101581113542e-05 6.9413562646509625e-06 9.302215853665877e-06 7.2790881972418285e-06 0.00020206995791227753 0.0 0.0 0.01489689063605576 0.003978898275085111 0.0038547252465213643 0.000397321270571523 2.9005811871730974e-05 2.9886219290188155e-05 0.0012377113524493497 2.394662059417725e-05 9.05052684941534e-05 0.001533233574843366 2.7318801534324625e-05 4.104177082237705e-05 0.00020968439457096343 0.0 3.346535733152247e-05 3.2661474615213014e-05 6.591098883336738e-06 2.411260489647566e-06 0.0 3.963515393603493e-06 3.1074428430978926e-06 0.0 0.0020609671183497553 4.1958099560584576e-05 0.0 0.0 0.036412647442031515 4.500406217546712e-05 0.00011304933020920515 0.0001849751834348708 5.993046421230252e-05 0.00023404328409591985 0.0006991611896935863 7.004306937726554e-05 0.0004585918404859526 0.0004609876673221545 0.00012327433958967318 0.00011028117512994899 0.0009924537154960163 0.000792523576257872 0.0005522595135479438 0.000650246415119143 0.0 0.0 0.0 0.0 0.0 0.0 0.0 0.0 0.0 0.0 0.0 0.0 3.817204419747971e-06 0.0 0.0 0.0 0.0 0.0 4.036489339436683e-06 0.0 0.0 0.0 8.773921386943183e-06 0.0 8.85515964588741e-05 0.0 0.00018966853330133578 0.0 0.0 0.0 0.0 0.0 0.0 0.0 0.0 0.0 2.4464924853198655e-05 4.154255668248714e-06 0.0 0.0 0.0 0.0 0.0 6.3586604055409254e-06 0.0 0.0 5.467071170495103e-06 7.547549850363698e-06 0.0 0.0 0.0 0.0001459846871197973 2.3923216361871688e-05 0.0 4.276935388415927e-06 0.0 0.0 0.0 0.0 0.0 0.0 0.0008292268861100154 0.0 0.0 0.0 0.0 0.000177115796658444 3.380680610582563e-05 3.558509728188621e-05 4.866454177554224e-06 3.89136206925964e-05 0.0 0.0 0.0 0.0 5.719636006010978e-06 6.444730140647209e-06 0.0 0.0 0.0 0.0 0.0 0.0006230128636612493 0.00012340202163479527 4.917815409040549e-05 0.008492097962140885 0.00011499133268664379 0.008274172597248455 0.00029331869255051253 0.05335605080238626 0.002467818820553672 5.538036230463052e-05 0.001347412239641741 0.00042196038695540184 9.477901266123485e-06 1.506940371796765e-05 0.0 0.0006182819265536149 0.0 0.0 0.0 5.186249520617434e-05 0.0 0.009223858291090703 0.0009139513474838788
0.004018954709509968 0.013267613572007567 0.0 2.422703279477532e-06 0.006140699141118742 0.00013139762909540514 0.0010448801728632127 0.11636946603900752 0.004905499438470559 0.0009908080590291053 0.056705949929534955 0.0008860045113105771 0.009203111256150089 0.027597556294880508 0.00012757136028953236 0.00015206562866993949 0.0001514887214760314 8.116815595742452e-06 0.0 6.829817188109556e-06 9.561146611991193e-05 2.3819950517138506e-05 0.0 8.585050238124443e-06 6.67296591043211e-05 8.943730315436276e-05 4.891071808745926e-06 0.00011262776974423244 2.899072559140557e-05 4.933521260110632e-06 0.09507853831779352 0.00044269473048857917 0.0020205704860485453 1.1140343126521452e-05 5.289397445985071e-05 0.00024535104763768323 0.00036890179690922306 7.13941547050621e-05 2.145400410358036e-05 2.2682486482949655e-05 0.0003067306911916398 0.00010032630345890514 6.740137103575763e-05 5.3066619407360794e-05 3.4616696780871366e-06 3.555808553792044e-05 0.0010515694932065626 9.290218331006237e-05 0.00010664941196118689 4.0905607146911796e-05 5.560056215089636e-05 5.735256901422988e-05 0.0 8.492732068841734e-05 0.00020595418406097978 8.20318562743672e-05 0.0008722790010806307 0.024972447150470506 0.0009789472816605378 0.001025864240069187 0.0003313367752042125 0.0008553407541727334 0.00023893332746739729 0.0033270566139011405 8.480527275152902e-05 5.723323431224907e-05 9.94717473402921e-06 5.694242473501881e-05 0.0004197967543463116 0.0003029071091432924 0.0013055665237735228 0.0 0.0 0.00608331219204712 0.002004807976674282 0.0009924254156084013 0.00010809420492540995 0.0001042219257769748 0.000600897748714016 0.012020839850781936 0.00012027844152398847 0.0028899832787022814 0.00039815395257181526 7.588099517880367e-06 1.2174457196446906e-05 7.86585171704469e-05 4.109357527764113e-05 5.40793640761468e-06 1.4713091630768565e-05 1.415550000392787e-05 7.387601757788383e-05 3.620521987095371e-05 0.00021266186653226394 0.00011713527549810601 5.665419701927319e-05 0.002096140443690195 8.766224145882056e-05 0.0 3.504275460024561e-06 0.006869880602935192 0.0 0.00012275743647824843 8.23733384937848e-05 5.4556481436872975e-06 4.054030288463044e-05 0.00015629384719524557 0.0001990629981283696 0.00022008895848222082 0.00019450329493913752 6.838685210873136e-05 0.00017696588906792763 0.0004318494122905656 0.00021842777157372994 0.00015873198640851746 0.000336496635009318 0.0 0.0 0.0 0.0 0.0 0.0 0.0 0.0 0.0 0.0 0.0 0.0 0.0 0.0 0.0 0.0 0.0 0.0 0.0 1.9855572391606154e-05 0.0 0.0 0.0 0.0 8.178309506050065e-05 1.7619016004354385e-05 0.00022413680446498063 3.333813819718862e-06 0.0 6.699450159066715e-06 0.0 0.0 0.0 0.0 0.0 0.0 0.0 0.0 0.0 0.0 0.0 0.0 0.0 5.874291029170796e-06 0.0 6.372201116184676e-06 0.0 0.0 0.0 0.0 5.735759084883485e-06 0.00013901805889056073 0.0 0.0 0.0 0.0 0.0 0.0 0.0 0.0 0.0 0.0005356413134548979 0.0 0.0 0.0 0.0 7.457054161107733e-05 2.8448382909764967e-05 7.814124894985637e-05 3.233167690258872e-05 9.63380592037673e-05 2.8146962363239975e-05 0.0 0.0 0.0 5.218594493473238e-06 0.0 0.0 0.0 0.0 0.0 0.0 0.00046799584603861945 0.00014943945924977893 0.00010156333790605557 0.0020474822577532534 0.0003234341745528588 0.001567253266703654 0.00018740871076956147 0.0067613230382462 0.0006379410757882167 1.4194204109221398e-05 0.00037454111143248335 0.00014858585074274116 0.0 4.49319352524939e-06 0.0 0.00030822525504682125 0.0 0.0 9.275221085629381e-06 3.927461509581468e-05 0.0 0.003234034128767872 0.0007818112545843367
0.0371882871089241 0.0030702874802111895 2.422703279477532e-06 0.0 0.0032095671087809525 0.016344289293814512 0.040807556929431665 3.1568164466364027e-06 3.6381291422459646e-05 0.04035405843604637 0.0 0.0011134649536658414 0.007094152972357415 0.0003916838348022286 0.0 0.0 3.071447792072599e-06 0.0 0.0 0.0 0.0 0.0 0.0 0.0 0.0 0.0 0.0 0.0 0.0 0.0 0.0004472203505724938 0.0 0.0 9.53350452896737e-06 0.0 0.0 0.0 0.0 0.0 0.0 0.0 0.0 0.0 4.298858660919973e-06 0.0 0.0 5.381066678699152e-05 0.0 0.0 0.0 0.0 0.0 0.0 0.0 7.024625858226626e-06 0.0 2.015365324075838e-05 0.00045707239498587316 3.271086823514576e-05 2.429876445730537e-05 0.0 0.0 0.0 3.883688999894849e-06 2.292226033580342e-06 0.0 0.0 0.0 0.0 0.0 2.5425594211968216e-05 0.0 0.0 0.0001440599268657039 1.6392399963718708e-05 1.1604126528220284e-05 0.0 0.0 0.0 0.0 0.0 0.0 1.570327199569077e-05 0.0 0.0 2.44988275575959e-06 0.0 0.0 0.0 0.0 0.0 0.0 0.0 0.0 0.0 7.031287314228967e-05 0.0 0.0 0.0 0.012110671665158236 0.0 0.00010765421518890207 0.0001912251522859797 0.0005446101570226495 1.244549564361179e-05 0.0006108569310042393 0.00029663580028220515 5.537959053327801e-05 0.0015320233993568176 0.00041217666381636965 0.0 0.0003621539820742365 0.0017855290028681483 0.0001748399290863975 3.626678472544344e-05 0.0 0.0 0.0 1.4795786196411031e-05 0.0 0.0 0.0 0.0 0.0 0.0 0.0 0.0 0.0 0.0 0.0 0.0 0.0 0.0 0.0 0.0 0.0 0.0 0.0 0.0 0.0 0.0 0.0 0.0 0.0 0.0 0.0 0.0 0.0 0.0 0.0 0.0 0.0 0.0 0.0 0.0 0.0 0.0 0.0 0.0 0.0 0.0 0.0 1.0157917720819964e-05 0.0 0.0 0.0 0.0 0.0 0.0 0.0 0.0 0.0 0.0 0.0 0.0 0.0 1.1678726869428312e-05 0.0 0.0 0.0 0.0 0.0 0.0 2.9153842735258473e-05 4.9572277653063925e-06 0.0 1.1908347849706096e-05 0.0 0.0 0.0 0.0 0.0 0.0 0.0 0.0 0.0 0.0 7.161414653285113e-05 0.0 0.0 0.0012689428548467265 0.0 7.519090541036402e-05 0.0 0.020858682621548337 2.2055927989704514e-05 0.0 4.943393649795206e-06 2.2040000007332807e-05 0.0 0.0 0.0 0.00011891093413826621 0.0 0.0 0.0 0.0011517747973089285 0.0001483795083222178 0.00155446570203089 4.735006921989947e-05
0.0010476350345229742 0.05388639592513502 0.006140699141118742 0.0032095671087809525 0.0 0.0005398124153259326 0.023861764137605365 0.0042616612425754865 0.04951840584125996 0.046476757678062836 0.01786664805364255 0.0006999623334577221 0.04132779340899465 0.02379903941212165 6.482675447238668e-05 4.905110674234117e-05 1.3373685742323701e-05 0.0 0.0 0.0 0.0 0.0 0.0 0.0 4.7624312570491115e-06 0.0 0.0 0.0 0.0 0.0 0.0017130610851633851 5.8274696425836424e-05 0.00012422270697389303 0.0 0.0 0.0 2.6798565566573232e-05 0.0 0.0 0.0 0.0 0.0 0.0 2.20873663972618e-06 0.0 9.888000951848629e-06 0.001814642350157515 2.7676859608519817e-05 5.562137134636922e-06 0.0 0.0 0.0 0.0 0.0 8.858136869164015e-05 2.317540336640348e-05 0.00011232605351249128 0.0018331139781565206 0.0003431957170187541 0.0009557634839504725 2.1822095965474426e-06 7.2225641802630065e-06 0.0 0.0003246669921284991 3.129746148383168e-05 2.453160452984633e-05 4.849594546048184e-06 0.0 0.0 4.472510762443931e-06 6.53028081771254e-05 0.0 0.0 0.0020954850486672714 0.0009790580565668893 0.0010599738106070445 0.00019499479420580955 1.9312445270009094e-05 1.0006262116330868e-05 8.099503416366184e-05 3.320225981868425e-06 2.610196337558807e-06 0.0002768744526594387 6.488224245093464e-06 7.914929483343807e-06 3.409264921025015e-05 0.0 1.071993423764761e-05 5.351416697961198e-06 0.0 0.0 0.0 0.0 0.0 0.0 0.0013035379085846127 0.0 0.0 0.0 0.0009012071023421986 5.233560928805294e-06 3.153625580022819e-05 9.028659242757043e-05 2.684226920972879e-05 0.00026937937692674376 0.0003622457199961209 7.820791899836504e-05 0.0003947933697385825 0.0005051063610538583 0.0001833864239486388 8.308457317570193e-05 0.000880083760203404 0.00043006309200669497 0.0005493761136988055 0.000255404213739899 0.0 0.0 0.0 0.0 0.0 0.0 0.0 0.0 0.0 0.0 0.0 0.0 0.0 0.0 2.2571455037368443e-05 0.0 0.0 0.0 0.0 0.0 0.0 0.0 0.0 0.0 2.9027131105198778e-05 9.081998271354516e-06 0.00012585868462738784 2.7117486269219875e-06 0.0 0.0 0.0 0.0 0.0 0.0 0.0 0.0 0.0 1.991683928053102e-05 0.0 0.0 0.0 0.0 0.0 3.2224654056668727e-06 0.0 0.0 2.4872067433390264e-05 8.149854808094606e-06 0.0 0.0 4.018769002978416e-05 0.00019916416275845194 0.0 0.0 0.0 0.0 0.0 0.0 0.0 0.0 0.0 0.0006514232491204487 0.0 0.0 0.0 0.0 0.0001937449016323961 0.0 6.081962158213449e-05 2.0931685163967846e-05 0.0 4.248238973497138e-06 0.0 0.0 0.0 0.0 0.0 0.0 0.0 0.0 0.0 0.0 0.0005961943131185759 3.7143772634323e-05 2.960713323905136e-05 0.0037491965570342497 1.3955971011979784e-05 0.0027308632283777456 0.00012239807911203232 0.01318357244676938 0.0007382463709011948 1.3017113188627448e-05 0.0005246459680747468 0.00017959998726055509 0.0 1.1585051157883744e-05 0.0 0.0002997989834624417 0.0 0.0 0.0 5.296091637660009e-06 0.0 0.006276672527058302 0.0009584356340686622
0.0017644533205241498 0.0029687545707715846 0.00013139762909540514 0.016344289293814512 0.0005398124153259326 0.0 0.005543512804353369 3.5141673593592194e-05 0.00014997438497055214 0.026446119990000464 0.00016016673114283318 0.0024628870407198598 0.0018401813542187697 0.0006360223817684376 5.106171249725097e-05 4.997443336399743e-05 0.0 0.0 0.0 0.0 0.0 8.716654457691641e-05 0.0 0.0 9.02622524921773e-06 5.178065349094966e-06 0.0 2.376022919789529e-05 0.0 0.0 0.00013439083432263468 0.0 0.0009582233260025397 0.0 0.0 0.0 0.0006885419827658127 5.401705937518654e-05 8.050887268657723e-05 1.6440318704779834e-05 0.0 0.0 0.0 0.0 0.0 0.0 3.075431383909623e-05 4.0046498438784005e-06 0.0 0.0 0.0 0.0005340455411362644 2.8264909092972226e-05 0.0 6.697934740662458e-06 5.7948344573485984e-05 0.0011713689677536484 7.049393865747188e-05 0.0 1.0161626581311768e-05 7.045059606952886e-05 0.00042721671387224556 3.2167832327497125e-05 0.0 0.0 0.0 0.0 3.7781952544713756e-06 1.7519085549668623e-05 2.7491332211027108e-05 0.0018885920947030507 0.0038681883690603533 0.00039634921568501336 9.900331810815347e-06 4.155796423860867e-06 1.2667416899782077e-05 4.4138966791857684e-06 0.0 2.094383942259553e-05 0.00014123733428853913 0.0 0.00012687501451109115 3.116321507488789e-06 0.00013796375131931428 0.0 7.283142201179595e-05 1.0797354863466532e-05 0.00020132078101490827 4.551406875227466e-05 0.0009862559643500325 1.3770548763899844e-05 0.00017215839634675183 0.0 0.0 0.0 0.0028871601461892163 0.0016194964757552078 7.438740579263793e-05 0.00011111676204112656 0.008311380680530486 0.0 0.0 1.881410521057722e-05 8.438392195195164e-05 1.0908266970798551e-05 0.00013057358556277287 4.314321452154708e-06 6.511249230071241e-05 0.00018279705794286405 6.705926856149074e-06 1.3655447655986387e-05 0.00017907674959378428 0.00010141291749045137 5.602822406890252e-05 1.0480222207581108e-05 0.0 0.0 0.0 0.0 0.0 0.0 0.0 0.0 0.0 0.0 0.0 1.4497477565759821e-05 3.8013336994661107e-06 0.0 3.5643231225054755e-06 0.0 1.5214604162001091e-05 1.1808483018388788e-05 2.065899549096438e-05 0.0 0.0 0.0 0.0 5.130192215008053e-05 0.0 0.0 3.941324306811991e-06 1.5369975468028128e-05 1.583999967740381e-05 0.0 0.0 0.0 0.0 0.0 0.0 0.0 0.0 0.0 0.0 0.0 0.0 9.942776777494258e-05 2.4301329596232756e-05 0.0 0.0 0.0 1.2076298065965148e-05 0.0 0.0 0.0 0.0 8.457941574017023e-06 0.0 0.0 0.0 0.0 0.0 0.0 0.0 0.0 0.0 8.729714597513228e-05 5.4293325648456575e-05 0.0 0.0 0.0 0.0 0.0 3.7341358769169603e-06 0.0 0.0 0.0 0.0 0.0 0.0 0.0 0.0 0.0 0.0 0.0 0.0 0.0 9.228399090949238e-05 1.5881541803353765e-05 8.420000878797398e-06 0.00027070274461596253 3.758002994673575e-05 0.00011315129752203369 2.7084197485369946e-05 0.009242956500639814 2.242536069664043e-05 1.3975177882425304e-05 3.71519910110761e-05 0.0 0.0 0.0 0.0 5.238618944943146e-05 0.0 0.0 0.0 2.7721171598036952e-05 0.0 0.0011231910414979565 0.00023915677427685498
0.023349956726094388 0.07004729211940672 0.0010448801728632127 0.040807556929431665 0.023861764137605365 0.005543512804353369 0.0 0.00010236306227980514 0.00968502901543258 0.053431338393061745 0.004641578474737004 0.0031502402001709626 0.11450463383170346 0.024190018315125798 2.8949147233248326e-05 3.938195845741455e-05 3.1114783001994795e-06 0.0 0.0 0.0 0.0 0.0 0.0 0.0 0.0 0.0 0.0 0.0 0.0 0.0 0.0012170335691653583 2.2903038009661083e-05 0.00011243055125227239 0.0 3.718577817780535e-06 0.0 8.285554711306554e-05 0.0 0.0 0.0 0.0 4.76032472158464e-06 0.0 8.591989845995066e-06 0.0 0.0 0.0007616221664982195 8.631634468445693e-06 0.0 0.0 0.0 0.0 0.0 0.0 9.514023231223129e-05 3.188898165902168e-05 0.00016434156569133498 0.0019365403591855605 0.000307369482108799 0.000545868742031976 0.0 0.0 6.460833456497556e-06 0.00015796394013231188 3.084678666669593e-05 2.1437828323315434e-05 7.694162336993184e-06 2.401434213681361e-06 0.0 0.0 2.233730275083055e-05 0.0 0.0 0.0015045728969161403 0.0004828509390375525 0.0006468092822465544 8.276954325469979e-05 1.748486308970773e-05 0.0 4.0997341268215294e-05 4.410676320062194e-06 1.2971749704982627e-05 0.00018670500554571475 2.6296155338064953e-06 1.0563081718446976e-05 1.6394413258258115e-05 0.0 7.231617924760465e-06 0.0 0.0 0.0 0.0 0.0 0.0 0.0 0.0008509333055595852 2.9429053460447585e-05 0.0 1.0419959178833077e-05 0.004212280714884803 0.0 1.524368038166624e-05 0.00012195708754232419 9.862126392447628e-05 6.865231865050787e-05 0.0006788209284234186 8.513518106106578e-05 0.0004247084438012388 0.0012801119774942084 0.0001170616622945176 3.7742480215276844e-05 0.0018212333867113203 0.0005094334367497238 0.0005011815155603178 0.00021713831317658243 0.0 0.0 0.0 0.0 0.0 0.0 0.0 0.0 0.0 0.0 0.0 0.0 0.0 0.0 0.0 0.0 0.0 0.0 0.0 5.1757791221520986e-05 0.0 0.0 0.0 0.0 5.081568390125601e-05 1.3005546246478792e-05 3.631611272200774e-05 0.0 0.0 0.0 6.299752157299093e-06 0.0 0.0 0.0 0.0 0.0 0.0 3.886000766743273e-06 0.0 0.0 0.0 0.0 0.0 2.534504216062543e-06 0.0 2.301479942020178e-06 3.8013909615559554e-06 2.338687277094461e-05 0.0 0.0 0.0 6.523185411350567e-05 6.991744243307585e-06 0.0 0.0 0.0 0.0 0.0 0.0 0.0 0.0 0.00032589063788825314 0.0 0.0 0.0 0.0 3.0531643615060535e-05 5.587467501486736e-06 0.0 3.623688149931255e-05 9.203951472422523e-05 0.0 0.0 0.0 0.0 0.0 0.0 0.0 0.0 0.0 0.0 0.0 0.00032344186363533897 2.450156726988569e-05 4.7349192805878336e-05 0.0028873461349772644 5.34090226342854e-06 0.0014337380794448569 9.560758902035969e-05 0.018307108879536058 0.0003594394491415387 0.0 0.000415762437925824 0.00015009098224059186 0.0 3.255328777796228e-06 3.377335034977567e-06 0.0003593233342919373 0.0 0.0 0.0 1.9472163174050676e-05 2.5277080421258217e-05 0.004545037028951385 0.0004151293079743391
0.0013899904425351151 0.013553206669134342 0.11636946603900752 3.1568164466364027e-06 0.0042616612425754865 3.5141673593592194e-05 0.00010236306227980514 0.0 0.0011699892653163938 0.00041184948799801845 0.039616879808784415 0.00021700432596727541 0.002712503525467644 0.014624567703047457 0.0014179939793257344 0.001560484690053773 0.0014765440856272143 5.153986412280343e-05 3.843307140706076e-05 0.00014553537607787652 0.00031886534642157506 7.165370754251572e-05 2.251846834798397e-05 3.741870160976031e-05 0.00014260971908678136 0.00015929073417215441 2.6591257545056936e-05 0.00024480483545765276 1.9652649227288328e-05 0.0 0.04165798825802899 0.07519664820559153 0.00226530903785011 0.000162237875848685 8.141674614513775e-05 0.0005054899744893094 0.0011648244923733054 0.0005236470223027531 0.00020894842253954728 0.00013105083695732881 0.0008884797117645826 0.0004743183588631435 0.0005676804145234942 0.004670713775196779 4.782031411635591e-05 0.0009056924038339325 0.0071512117402302774 0.00035514467610539205 0.0005689189851655593 0.000151545706883566 8.29598454490205e-05 0.0001358770275244435 1.644658662326913e-05 0.0003401349364445776 0.0002955771672695128 9.957101446687515e-05 0.0007906414680261202 0.01327517732550912 0.001161706362675975 0.003227801942836125 0.0027960160195076166 0.004845724957204483 0.0007902184100054748 0.024603695606497944 0.00014336739674408573 0.00013589246016440084 4.9650351218730335e-05 0.000231139795134757 0.0014308193395115173 0.001654568734773932 0.0015550292106558906 2.0472356043417117e-05 0.0 0.009422226708937274 0.009507264810993033 0.006913568172166058 0.007265106289796987 0.01360322457633302 0.024785927043706156 0.04955468330232472 0.010374304302475192 0.012047728702955124 0.0007425921890364852 2.4555183335514296e-05 4.379768929707989e-05 0.0001111284005608875 0.00015326129936508353 1.0113959438725053e-05 2.2086617682768474e-05 1.7425937865536605e-05 6.8087066825604e-05 9.046704402220537e-05 0.0004495305665304244 0.00017451000367424543 0.00018777626142869487 0.0009145216365990847 0.0001807469314644503 7.374793165766786e-06 0.00010870088865940943 0.0012917973411918728 0.0 2.009963811410541e-05 0.0 0.0 0.0 0.00012009135208762899 0.0 5.908744615142116e-05 9.727761709417379e-05 8.285449409870541e-05 1.3681923011261017e-05 0.00017446210621643892 0.00019770394500880596 0.00011839756658083125 0.00017957501212135997 0.0 0.0 0.0 3.2325876202213024e-06 0.0 0.0 0.0 0.0 0.0 0.0 3.311061260400383e-06 0.0 2.983426838586247e-06 0.0 9.12229583365262e-06 0.0 6.9340683968578135e-06 0.0 0.0 0.0 6.360081569531807e-06 0.0 3.634051118635115e-05 1.1783451630592145e-05 8.33682837740239e-05 4.942979943864683e-05 0.00015287500651989746 5.6884970842510225e-05 6.6036182511302025e-06 0.0 0.0 0.0 0.0 0.0 0.0 0.0 1.408983584257266e-05 2.309416569021503e-05 0.0 0.0 6.736200765631466e-06 6.745628994061624e-06 7.755768744503858e-06 2.867255740383344e-06 0.0 0.0 2.1244798831936816e-05 0.0 0.0 0.0 5.941598511155718e-05 0.00010716624159470873 0.0 0.0 0.0 0.0 0.0 0.0 0.0 0.0 0.0 0.00039736627173309486 0.0 5.361610110069817e-06 3.519641463125137e-06 6.9842948508141e-06 6.118637791980037e-05 9.129800258561657e-05 4.8406870985891175e-05 0.0 2.26748392068625e-05 0.0 0.0 0.0 0.0 2.622678206284586e-06 0.0 0.0 3.093796983041374e-06 0.0 0.0 7.806677529468782e-06 0.0001453320087523043 0.00010716978931055832 0.00012479611763311147 0.006373875547611851 0.0005988779992675208 0.009064257900639283 0.0008930177921805962 0.011799786253867326 0.001686716353837086 2.7270105194353172e-05 0.0018948598910670071 2.629958700950238e-05 1.6939935759489662e-05 1.5241622747013012e-05 0.0 0.0002749741222878265 0.0 0.0 1.4788602591228377e-05 0.00026216361350645207 6.418749367670707e-05 0.002125121473492255 0.00020325457525047696
0.00028879837047676894 0.01609361704840661 0.004905499438470559 3.6381291422459646e-05 0.04951840584125996 0.00014997438497055214 0.00968502901543258 0.0011699892653163938 0.0 0.017549637795980913 0.03075365912133687 0.0005176436060210982 0.04342087034734733 0.026030214850892793 8.865523400044714e-05 2.8465251155921692e-05 2.280269911918404e-05 0.0 0.0 0.0 0.0 0.0 0.0 0.0 0.0 0.0 0.0 0.0 0.0 0.0 0.0005195078683705265 0.00018011158121343735 0.00014402043553336105 0.0 0.0 0.0 5.814737644941516e-05 2.763518876955375e-06 0.0 0.0 0.0 0.0 3.6174025460708475e-06 1.327287862024474e-05 0.0 0.0 0.0009208466725027708 7.151683341174101e-06 1.695175506022896e-05 0.0 0.0 0.0 0.0 0.0 4.0221637834411454e-05 1.6932077424460736e-05 5.557412581492188e-05 0.0004236610657029797 0.00011627076464388274 0.00036539290424980375 0.0 1.14445109864986e-05 0.0 0.00011505478845695881 1.7691130005351584e-05 5.269094462588764e-06 6.691096228251342e-06 0.0 0.0 0.0 4.1658177203162456e-05 0.0 0.0 0.0008678752551203584 0.0004955619673530534 0.0005776837281489419 9.079085632620839e-05 1.3592724130979581e-05 1.750965858809886e-05 1.4435024895505425e-05 3.8188176397747055e-06 3.357201582839292e-06 8.182107274804384e-05 3.290142101445255e-06 0.0 1.0407240407213473e-05 0.0 3.088291967881822e-06 2.746632134636886e-06 0.0 0.0 9.49334910840556e-06 0.0 0.0 0.0 0.0009862084205996481 0.0 0.0 6.940440958015721e-06 0.0001425668703210202 0.0 4.1984722885153304e-05 5.525088435821276e-05 1.7287987410170506e-05 0.00011411662867368402 0.0002575941491578781 4.6040700591415244e-05 0.00021616002609704658 0.00028588724234742546 0.00013386767114725504 9.692551351720621e-05 0.0006678786100188123 0.00037479997813834716 0.0002744176776763872 0.00012315087694978198 0.0 0.0 0.0 0.0 0.0 0.0 0.0 0.0 0.0 0.0 0.0 0.0 0.0 0.0 0.0 0.0 0.0 0.0 0.0 0.0 1.353435404503346e-05 0.0 0.0 0.0 7.726988463426933e-05 0.0 0.00010542629194849666 0.0 0.0 0.0 0.0 0.0 0.0 0.0 0.0 0.0 0.0 1.0961201465534761e-05 0.0 0.0 0.0 0.0 0.0 0.0 4.594388306609158e-06 0.0 9.530310013795849e-06 3.041688329259328e-05 0.0 0.0 0.0 3.7833590281149835e-05 0.0 0.0 1.1690108596587248e-05 0.0 0.0 0.0 0.0 0.0 0.0 0.0003882929879410242 0.0 0.0 0.0 0.0 4.969700664660576e-05 3.3764337904927086e-05 3.171538377912262e-05 0.0 1.2133291581406286e-05 1.0480660034533549e-05 0.0 0.0 0.0 0.0 0.0 0.0 0.0 0.0 0.0 0.0 0.00025223975001717545 7.823583122669945e-05 2.0859372012516584e-05 0.0023649064823186576 1.4422238726912816e-05 0.0017343109111507403 0.0001349963647069307 0.005912386578817405 0.00032280653846816185 7.834445589090263e-06 0.0005760291030705519 0.0 0.0 1.554202600464098e-05 0.0 0.00021835928560753136 0.0 0.0 0.0 1.985235405945921e-05 0.0 0.003721626195284704 0.0005250897991853437
0.029927925321269127 0.05058006854653256 0.0009908080590291053 0.04035405843604637 0.046476757678062836 0.026446119990000464 0.053431338393061745 0.00041184948799801845 0.017549637795980913 0.0 0.004238886182549538 0.03309720228192575 0.1343763308031583 0.01778750450123391 0.00011510634688793417 7.654152047958205e-05 0.0 0.0 0.0 0.0 0.0 1.4063068095918912e-05 0.0 0.0 0.0 0.0 1.2082902969319466e-05 0.0 0.0 0.0 0.00032037610125934616 0.0 0.000682049178313648 0.0 0.0 0.0 0.0010759300627150884 0.0 7.987386803507997e-05 0.0 4.920294224100633e-06 1.157959555027959e-05 0.0 6.899993146074794e-06 0.0 0.0 0.0002974199952278633 5.221941031892135e-06 0.0 4.012578109601122e-06 0.0 4.959874996787359e-06 0.0 1.9077171305277645e-05 0.0 0.0 3.705120973294921e-05 0.00041695759123518275 3.2648987932417734e-05 0.00013919617059404642 8.872691904251465e-06 0.0 0.0 1.2814573629637166e-05 8.172505765209423e-06 2.927414126462763e-06 0.0 0.0 0.0 0.0 0.0006457633073228687 0.0 0.0 0.00022354040193651512 5.9294442778652405e-05 0.00018883543577083396 4.2220067794066854e-05 1.5189680964082169e-05 0.0 3.472224956198925e-05 0.0 6.268060884407002e-06 4.279657770055513e-05 0.0 0.0 0.0 0.0 0.0 3.8092954103032515e-06 5.311818949345181e-06 0.0 0.0 4.236773633552144e-06 0.0 5.807498348575902e-06 0.015522969538901997 0.0018777889908271124 1.515466139556087e-05 1.5098124963350176e-05 0.013427470592776193 2.0135386887469957e-05 0.00018375794672185404 0.0006425289126529803 0.0010762682665531767 0.0005178724663783952 0.001860714779774262 0.0002666405418110927 0.000928779514631981 0.0020270147378227076 0.0006135968535928531 0.0001923157782110242 0.003414809829365028 0.0030708688905870573 0.002346208309529785 0.0009510883799141573 0.0 0.0 0.0 0.0 0.0 0.0 0.0 0.0 0.0 0.0 0.0 0.0 0.0 1.589507846004425e-05 0.0 0.0 2.592093409261313e-05 0.0 0.0 7.605565874166684e-05 4.508011231171095e-06 0.0 7.725381070958014e-06 0.0 0.0002850725588861341 0.0 0.00026585992371907325 8.380803432728928e-05 0.0 0.0 0.0 0.0 0.0 0.0 0.0 0.0 4.020065254534374e-05 6.597217565671528e-06 0.0 0.0 0.0 2.206687569049219e-05 0.0 0.0 0.0 0.0 2.2060621454095157e-05 3.223737384177665e-05 0.0 0.0 7.15231474439487e-06 0.0001619748008859618 2.210614734924259e-05 0.0 8.263857548045775e-06 0.0 0.0 0.0 0.0 0.0 0.0 0.0013540486376522145 0.0 0.0 0.0 0.0 0.00021832692720595538 6.834059751548484e-05 0.0002354440108415424 3.772278889741632e-05 0.00013078867413408987 0.0 0.0 0.0 0.0 0.0 0.0 0.0 0.0 0.0 0.0 0.0 0.0011156216393192707 0.00011087745870022341 8.026930406510742e-05 0.013254863531232952 2.1150870255057445e-05 0.0006442231461216134 0.00014392152819513014 0.036667222164739104 9.345408496012588e-05 0.0 0.00046121926941871744 0.0004912843990411842 5.230488538975831e-06 5.521859842105135e-06 4.0111810159577385e-06 0.0020068669536927857 1.5107604119568204e-05 0.0 0.0 6.475176799213033e-05 0.0 0.023859619213990584 0.0025463736930881275
0.003519588112340076 0.04248818459562742 0.056705949929534955 0.0 0.01786664805364255 0.00016016673114283318 0.004641578474737004 0.039616879808784415 0.03075365912133687 0.004238886182549538 0.0 0.002873661926296479 0.03813813190396278 0.054616223365654464 0.0005860776349974437 0.00039446718688540875 6.614391479904308e-05 0.0 3.495575169577254e-06 7.93365089288604e-06 4.024777468458862e-06 1.0328383415078927e-05 3.748315591943848e-06 4.4247536727691805e-06 3.0005737433554113e-05 5.1374376683151854e-05 7.2387014479719336e-06 9.173588958724122e-05 4.722281917417197e-06 0.0 0.016716462314798904 0.0017175156903743807 0.015087936200619207 6.106420139658196e-06 1.218307108701529e-05 0.0001259008708251625 0.0028003058117554353 0.0002104359383436083 0.00017341554270941382 8.056809942352229e-05 0.00011306311795762591 9.869956805873454e-05 3.0378011201611402e-05 2.6170091580411157e-05 0.0 1.0828904754738563e-05 0.00459278836302599 4.654067642098888e-05 2.350387188910155e-05 0.0 6.701607368946975e-06 6.967578805265208e-05 0.0 0.00011171531658534469 0.00018704984469180647 7.778424997095125e-05 0.00027827624508802533 0.0038544257171440376 0.0008200134525929333 0.0022369624879659713 6.099754933749089e-05 0.008893258290220595 1.9368399959926494e-05 0.0009123679503643261 0.00012149975436032549 6.640505374571095e-05 1.6500621893002377e-05 3.111079771256484e-05 5.475671936389799e-05 5.523686654794432e-06 0.0014128540647173127 0.0 0.0 0.0047888831116833595 0.0024801455987096873 0.0034397508601176144 0.0006850421539857741 0.00012364393192101884 9.557237739580254e-05 0.015538521107659246 2.455045617263715e-05 0.01654932931698879 0.0004758432386875727 5.470800300753229e-06 1.346458702960366e-05 7.500161607092894e-05 1.4110957952563037e-05 1.4340536873075712e-05 1.2050917784815784e-05 0.0 3.820482547705548e-06 2.4752672682226757e-05 2.0640546709779104e-05 2.5769284062309773e-05 5.267788202835689e-05 0.0026720656601544207 0.0002994481011388947 2.0771706540057012e-05 5.157392493137792e-05 0.0013670974540222218 5.4200478463610214e-06 7.193598380149866e-05 7.655970347345647e-05 3.211525762111304e-05 0.0001644363871514206 0.00029359994695990103 4.338885419140083e-05 0.0004446366387116046 0.0003114734736973377 0.00012887245074545285 6.185887758503035e-05 0.0014211558842438328 0.00042569187534746575 0.0004775709124565589 0.00024174556118048587 0.0 0.0 0.0 0.0 0.0 0.0 0.0 0.0 0.0 0.0 1.964517373747071e-05 0.0 0.0 0.0 1.4830365404259102e-05 0.0 0.0 0.0 0.0 2.133019383719683e-05 1.309038535339757e-05 6.032667074682208e-06 5.587464232986917e-05 9.661988496719387e-06 8.518125829385702e-05 5.1792308606581785e-06 0.00014329558843650183 1.4413041067074507e-05 2.904637496796783e-06 4.573111639650618e-06 4.935935896023115e-06 0.0 0.0 0.0 0.0 0.0 0.0 1.756146000289796e-05 0.0 4.404597923887957e-06 1.0283920669174808e-05 0.0 0.0 0.0 0.0 0.0 3.055454845099847e-05 2.7806862035141035e-05 0.0 0.0 2.279638508697637e-05 0.00019134174904927525 4.704788298295186e-05 0.0 0.0 0.0 0.0 0.0 0.0 0.0 0.0 0.000767435471881473 0.0 0.0 0.0 0.0 8.624346169920005e-05 7.611434275561879e-05 0.00012519742378746426 1.7029617313581514e-05 9.763073821341043e-06 1.2051265411308117e-05 0.0 0.0 0.0 0.0 0.0 0.0 5.197809875092039e-06 0.0 0.0 0.0 0.00046054301503264933 0.0001540247601134041 9.40167691123816e-05 0.008527963251443034 0.00013788285518868826 0.00641020862207431 0.0007657518560964945 0.013762146936386783 0.0013141850670133934 3.617285640193616e-05 0.0018952350013354882 0.00038667449397446587 0.0 2.0884152308582974e-05 3.842034630113916e-06 0.0006238025823716006 0.0 9.657188109311421e-06 0.0 0.0001769554564725765 0.0 0.006449595658868302 0.0009189106047595379
0.0002914400092758383 0.004203547404734793 0.0008860045113105771 0.0011134649536658414 0.0006999623334577221 0.0024628870407198598 0.0031502402001709626 0.00021700432596727541 0.0005176436060210982 0.03309720228192575 0.002873661926296479 0.0 0.04207869349342011 0.008950367168756376 0.000271829014925075 0.00014729601684817267 2.7066464987051892e-05 0.0 0.0 6.051645656884586e-06 1.3907674493148929e-05 3.0251040371914933e-05 0.0 0.0 1.877007319720733e-05 6.484874412837542e-06 0.0 1.8844694821669992e-05 9.316162973124276e-06 0.0 0.000702328548192312 0.0 0.0027808711641182557 5.099745505767814e-06 4.799044535947068e-06 1.3570432202100652e-05 0.0076923541306825076 0.000234585208206886 0.00023077983626322544 2.7478664113823295e-05 4.203645006193327e-05 5.643602338952276e-05 0.0 5.8692260199635634e-05 0.0 3.7859684564817718e-06 0.0008737492101781526 2.5711143784839268e-05 1.6451988769364625e-05 4.010123440900163e-06 3.3713840849590466e-06 8.197853057314107e-05 2.5627537839828782e-05 6.238588010752244e-05 8.88999848410479e-06 3.037320093269236e-06 1.7003213915977308e-05 0.00042049811258459085 5.1680849722303364e-05 0.00022785656781071858 1.0422819242860372e-05 0.000167144767703297 1.1259247602712171e-05 1.892507483337116e-05 1.2809261177257624e-05 1.9918744385192715e-05 0.0 2.702191938847795e-06 1.8322344970663843e-05 7.5894537916424064e-06 0.0024796959119169734 5.132481026346127e-05 0.0 0.00035488489244597457 0.0001229172040432175 0.0005023343742286521 0.00010283877342549305 3.39499843872969e-05 0.0 0.0014163709748294267 4.529517453233173e-06 4.329954636112544e-05 3.4034671217596234e-05 3.312254896264361e-06 0.0 0.0 0.0 0.0 0.0 0.0 0.0 1.8581967232067054e-05 0.0 1.2236230576157611e-05 3.030761759703034e-05 0.0323112332576558 0.001987620576459226 0.0 0.00013959327051851642 0.0004591483124615763 4.0143346368757154e-05 6.083915327558524e-05 0.0002344914906889484 6.112050371299171e-05 0.0003327141425643875 0.0007843688759621391 9.843316733410292e-05 0.0009575956009842428 0.001350636428484289 0.0003681662238121452 0.00014861049320439662 0.002013597327407346 0.001368423462861992 0.0012024478841642621 0.001436617332859923 0.0 0.0 0.0 0.0 0.0 0.0 0.0 0.0 0.0 0.0 2.388877296145794e-05 0.0 1.2247457999720463e-05 0.0 2.5168370624036514e-05 0.0 0.0 0.0 0.0 1.2078196582952794e-05 1.9934198815148846e-05 1.129336820709732e-05 1.1354538814632184e-05 0.0 0.0003927185683668869 2.4129962657488933e-05 0.0005498605732756355 8.564521373519747e-05 3.132667857837273e-05 0.0 0.0 0.0 0.0 4.631497181293556e-06 3.7521496182426604e-06 0.0 2.991369647866299e-05 2.7193274418734066e-05 0.0 0.0 0.0 0.0 0.0 0.0 0.0 0.0 8.780796232910418e-05 6.359623675510714e-05 0.0 0.0 5.178957826905893e-05 0.0005521895871614764 4.4972807716039156e-05 0.0 0.0 2.741973382221059e-06 0.0 0.0 0.0 0.0 1.7459681452268268e-05 0.002406357644398427 4.267140530587514e-06 0.0 0.0 0.0 0.00019833504190272945 0.00016047830304170168 0.00025404955029160336 9.680420960742777e-05 0.00016019227535571767 2.7683387993506283e-05 0.0 0.0 0.0 0.0 0.0 0.0 2.823931901974148e-06 0.0 0.0 0.0 0.0016971719454914995 0.0004060011197196179 0.0002675698282507902 0.005721317849584952 0.00011123031023156807 0.0016646490094082477 0.0003451156626966029 0.006147060966901665 0.00021526664628151876 8.07366633069566e-06 0.0010905345692076981 0.0004377243585399325 0.0 2.570275184821205e-05 7.370115410445036e-06 0.0008678874172335204 1.7998522785149727e-05 3.854639130925913e-06 2.646186726537848e-05 0.00017765276405142948 0.0 0.015083041675095651 0.002545790405478527
0.002171508244618066 0.07880337235169614 0.009203111256150089 0.007094152972357415 0.04132779340899465 0.0018401813542187697 0.11450463383170346 0.002712503525467644 0.04342087034734733 0.1343763308031583 0.03813813190396278 0.04207869349342011 0.0 0.03991761077861942 0.0005865316937253798 0.00035359048037131123 2.6093231413630892e-05 2.8449250455763324e-06 0.0 4.34252784547279e-06 0.0 1.9813563300914677e-05 0.0 0.0 1.6441201199730847e-05 2.186274647507852e-05 0.0 4.073757585158747e-05 5.4777776610636135e-06 0.0 0.0019227351785124198 5.239157512634181e-05 0.010300951093731834 0.0 0.0 3.264154436748206e-05 0.00866633746553026 0.00042903612150916367 0.0006212074158123937 2.7694182910930352e-05 0.00010061146486575124 0.00012208839660875665 3.9945043190927075e-06 3.1709966937446545e-05 6.432954926649649e-06 1.1361213902052368e-05 0.0026818033871397265 5.37620831975952e-05 1.0577969101690398e-05 6.71024786358365e-06 3.8685637002692884e-06 9.795216273894137e-05 1.117689306239967e-05 5.696399100626362e-05 6.509455887833576e-05 3.875437279376128e-05 6.8370620333237e-05 0.0007863021614265732 0.00026818439565702654 0.0010233149789565016 8.686453291333118e-06 0.0002871009090478497 9.43872867585596e-06 0.00016452525715474355 3.0503607487779518e-05 1.5006496751575677e-05 6.0987789445009385e-06 3.907930626921373e-06 4.91723919025858e-05 9.83669893341716e-06 0.006622324817629304 0.0 0.0 0.0016768684626988252 0.0008051675091131436 0.0016246459234881005 0.0005305755970861948 0.00011173060429647288 3.036094785895388e-06 0.001290190121015968 2.585215624177959e-06 3.4519335265694173e-05 0.00023168393219746077 0.0 5.651572411068026e-06 2.22688634050945e-05 1.8067096671459705e-05 0.0 0.0 1.676209947145377e-05 3.846011051521109e-06 1.4602804845727418e-05 4.164330502224379e-06 3.0823481882931364e-05 4.449453421851671e-05 0.021500629038632837 0.0006424252723243143 0.0 7.302844692748771e-05 0.0005801304594627836 5.754671891694164e-05 7.125921025604078e-05 0.0004749044122823581 0.00014214163950811173 0.00041307926232161843 0.0012051824801116598 0.00028349679333359944 0.0015141876681323992 0.002218072314629733 0.0004558056622906037 0.00031513028345622117 0.0030781410622332875 0.002425265740008671 0.0016013124232922165 0.0015184655004579744 2.6288726468709862e-06 9.573391375125484e-06 0.0 0.0 0.0 0.0 0.0 0.0 0.0 0.0 5.756989638123653e-06 0.0 3.9104293823640725e-06 0.0 4.268513807255473e-06 0.0 3.488670020309371e-06 7.1000243214833765e-06 9.278637554742068e-06 4.711159491243868e-05 2.5442152077328213e-05 0.0 3.3285269579192944e-06 0.0 0.00035444570235174767 2.8100488603145155e-05 0.0006744641043117626 3.9760936450681104e-05 6.215279426406486e-06 0.0 0.0 3.4214273509022467e-06 0.0 0.0 0.0 0.0 3.7004245444509525e-05 2.167836659973142e-05 0.0 0.0 0.0 4.996303314067673e-06 5.770143196230753e-06 3.2414049685690908e-06 0.0 0.0 3.096240351347611e-05 3.639919950762842e-05 0.0 0.0 6.20863469296136e-05 0.0005419177041997731 2.416820486548252e-05 5.802330064909287e-06 0.0 0.0 0.0 0.0 0.0 0.0 0.0 0.002506541098199447 4.593095095518149e-06 0.0 0.0 3.711635929561205e-06 0.00026700848950427376 0.0002078914854728654 0.0003049851247931814 9.117365365019318e-05 0.00014712283905918053 2.35957402976069e-05 0.0 0.0 0.0 0.0 0.0 0.0 0.0 0.0 3.5892166758911624e-06 0.0 0.001764881913077802 0.00040849163018149453 0.0003780709133693467 0.012774635960333855 0.00012769706197848535 0.004467301373211458 0.0006619369263239635 0.014836162247551642 0.0008558709747740005 8.034640189489773e-06 0.0023969691594058285 0.0005897325497865487 0.0 6.645472835527926e-05 0.0 0.0011882107243662622 2.7675583880102255e-05 0.0 1.3963117371466834e-05 0.00019742863698873854 2.624184959363742e-05 0.02086709688506978 0.002854898675142498
