0.0 0.03433900855188249 0.022338202019544437 0.0480114403907827 0.0007081825477309082 0.0037936062338349962 0.0211751452530796 0.002782328509547718 0.00021389958396649078 0.041674896502849175 0.0017453610083057514 0.0014126325277895233 0.005682236300061439 0.0025305437427328215 0.00013534923556916348 1.9874899462630157e-05 0.0 2.8532306091859343e-06 0.0 0.0 0.0 4.696533735449975e-06 0.0 0.0 0.0 0.0 0.0 0.0 0.0 0.0 0.01801439539421573 0.00022099625694952537 9.893703878615378e-05 0.0 0.0 0.0 0.0 0.0 0.0 0.0 2.89270534920978e-06 2.458118864630267e-06 0.0 4.800769783880469e-06 0.0 2.6352760243487724e-06 0.0006322338760176774 5.64802313141606e-05 0.0 0.0 2.796243899935991e-06 3.5385366425559914e-06 0.0 0.0 4.437807154105174e-05 5.973599961696256e-05 0.003750433588315585 0.00778984508684437 0.0007389626154960843 0.0006785577478534845 6.917839521599349e-06 6.460149753285873e-06 0.0 7.19151315969517e-05 9.255439166468106e-05 6.061294797992239e-05 2.3934626876372858e-05 2.1577081346881857e-05 0.0 4.4514257645917e-06 0.00011787910812918716 0.00037702165168627174 7.042556726913943e-06 0.003629909603470763 0.0006430342289762481 0.0011373030742990436 7.354694456808498e-05 1.3761093152533322e-05 1.3969775234096201e-05 0.0001059504950503548 5.357172228186623e-06 7.324373679026177e-06 0.0003834836948777731 2.3182354794556776e-06 4.2035232489812226e-05 3.904486140820389e-05 4.774800616220746e-06 1.4065405088325404e-05 9.548474625776929e-06 3.0302459249336242e-06 2.199101443546985e-06 1.0347122534253002e-05 0.0 6.5521625862592685e-06 8.812750609900668e-06 0.003896435728049046 0.001081041082648289 6.507001373097274e-05 2.5996839551014273e-05 0.02242917889209706 0.0 0.0006354687994152609 0.00025209287536151053 0.00029398702534821 5.283054978875804e-06 7.031555674073737e-05 0.000932048758375921 7.355683768839682e-05 0.0004034297535270734 0.00015995123375902218 4.09046623391688e-06 0.0001873513571687099 0.00026831265475455747 0.0001383858171914602 0.00013330541950128604 0.0 0.0 0.0 0.0 0.0 0.0 0.0 0.0 0.0 0.0 0.0 0.0 0.0 0.0 0.0 0.0 0.0 0.0 0.0 2.1946010959160553e-05 0.0 0.0 0.0 0.0 3.580592386597825e-05 0.0 0.0 0.0 0.0 0.0 0.0 0.0 0.0 2.9357458559453613e-06 2.952419078330021e-06 0.0 0.0 0.0 0.0 0.0 3.0696733836338662e-06 0.0 0.0 0.0 0.0 0.0 0.0 0.0 2.4590212624636488e-05 0.0 0.0 0.0 2.110046991071916e-05 0.0 0.0 0.0 0.0 0.0 0.0 0.0 0.0 9.037513228550541e-05 2.6714986436848717e-05 0.0 0.0 0.0 8.647066720275355e-06 0.0 0.0 4.618080510639113e-06 1.5790126456326228e-05 2.5058674389630018e-06 0.0 0.0 0.0 0.0 0.0 0.0 0.0 0.0 0.0 0.0 7.734862859574287e-05 0.0 1.0135541591034453e-05 0.0005542572676095035 5.831745124122244e-05 0.002087531407435893 0.00022708832517444208 0.006581390555576961 0.00044371107995389784 3.443688519454466e-05 2.3841482470209313e-05 8.343332768865194e-05 0.0 3.732556785668853e-05 2.5081786613110038e-06 0.0009580686219449208 3.138397264280683e-05 0.0 0.0 3.8937866156817266e-05 0.0 0.01061480631820044 0.0004966476976443844
0.03433900855188249 0.0 0.069354546159813 0.02416953252156515 0.06507884287449431 0.005237550026120656 0.07565802618000637 0.005666237768059696 0.034066021783282316 0.018730329518873302 0.022738827542601106 0.005224981248156852 0.018055760377985793 0.03480754824166251 0.0005169898130687296 0.00012961503769600536 2.8514710486342338e-05 0.0 0.0 4.869422861738493e-06 0.0 0.0 0.0 0.0 0.0 5.715612737082806e-06 2.5121695626131373e-06 2.2059558448425945e-06 0.0 0.0 0.04305318441971503 0.0009331569290988369 0.00012107499900618549 2.136119740589318e-06 0.0 8.486883953053212e-06 2.5907133172524316e-05 0.0 0.0 1.2855316691123842e-05 2.014312720608735e-06 8.413000726428138e-06 0.0 2.7806949797480202e-05 2.4493954604250816e-06 0.0 0.002183360071883076 0.00010247335261051723 1.4156133975103582e-05 0.0 2.372184462994489e-06 6.372987626524546e-06 0.0 0.0 0.00017521422967821854 0.00011100139833300631 0.002295019976877375 0.005479610868840217 0.0008594630091456975 0.0020355392041866084 0.0 0.0 0.0 0.0010566167865453365 0.00019200997485852684 0.00016619934405944715 0.00010611678426011885 3.800507954398465e-05 1.246629450292311e-05 0.0 0.00032118296237529793 5.039635269127879e-05 0.0 0.006128663396051538 0.002240747491343879 0.004573169564277435 0.0006693092001187268 3.592578102801267e-05 3.1060027634040195e-05 0.0002299567225594711 1.30220679864287e-05 8.328280938290356e-06 0.0009352433295477397 4.075828293718507e-06 9.778474743651723e-05 0.00012381213290785182 2.7763540575884916e-05 1.4651336308511285e-05 2.6974944915200548e-05 0.0 2.43829998400038e-05 0.0 0.0 1.0007104458053853e-05 7.766837073189523e-06 0.000830473361935621 9.284646151221882e-05 2.6732790835101467e-06 5.7034143343875516e-05 0.01155482561907381 0.0 0.0001785819394945715 0.0001641691640842263 0.00041334011125862357 7.348643381093824e-05 0.00018718640415299026 0.0002575943760152737 2.864765901250677e-05 0.00045090209169316965 0.0004296345295848291 3.797504001061338e-05 0.0003020645597198105 0.0005809412672972206 0.0004128603804470691 0.00020746023283040466 2.3730274611818292e-05 0.0 0.0 0.0 0.0 0.0 0.0 0.0 0.0 0.0 0.0 0.0 0.0 0.0 0.0 0.0 0.0 0.0 0.0 4.526915284788805e-05 3.122977155900385e-05 0.0 3.886480300289743e-06 0.0 6.213499398106846e-05 0.0 2.276752276483721e-06 0.0 0.0 0.0 0.0 0.0 0.0 2.506205122970835e-05 0.0 0.0 0.0 1.5172182601483154e-05 0.0 0.0 0.0 0.0 0.0 0.0 7.157448356664687e-06 0.0 3.843019148702894e-05 0.0 5.002535521640592e-05 0.0 0.0 5.773355073401932e-05 3.7846771342180764e-05 8.938203655646497e-06 0.0 0.0 0.0 0.0 2.5477896827970076e-06 0.0 0.0 0.00013479834835219317 4.670519153880271e-05 2.800338104970371e-06 0.0 6.486164215658965e-06 0.0001344518537279652 6.933578242529222e-06 2.7632499990190647e-05 1.8298663700784744e-05 9.793451917413912e-05 7.333776702592934e-05 2.1649018291459194e-05 0.0 0.0 0.0 0.0 0.0 0.0 0.0 0.0 0.0 0.0001959391931048133 4.4835756938822684e-05 5.628115528773055e-05 0.0024629845844505263 0.0002705665095601274 0.009488051827784989 0.0009616723535728979 0.002104618326701184 0.0016975458424006 9.836362301179064e-05 0.00048606363568323973 7.528128828142255e-05 0.0 0.00011176069308200496 0.0 0.0002583312546490188 0.00015030239359753661 0.0 0.0 1.7243503884054423e-05 6.644690229409095e-05 0.0029474682704040867 0.000325681897923672
0.022338202019544437 0.069354546159813 0.0 0.004538806339014525 0.006904084412514169 0.003711785393174446 0.018653214924684306 0.11032491810664595 0.009887262408958137 0.0015843818626786672 0.03991419393355327 0.00044546893261677935 0.004599931471865454 0.03139269760868634 0.0005821318110256031 0.00035237618725910406 3.213986452713308e-05 0.0 0.0 4.818306188412459e-06 5.863074047000783e-06 0.0 6.574172042397555e-06 0.0 5.375214225023558e-06 6.2777022505101836e-06 0.0 7.799315369285922e-06 1.7401312652045118e-05 0.0 0.06149448658581826 0.0094446974294804 0.0007537179583995439 1.2773659461325135e-05 4.8761904481668105e-06 0.0 0.0003788968405027988 1.399255728295508e-05 4.980674981805562e-05 1.0261849872486675e-05 6.16750279547471e-06 2.949325648067884e-05 1.7457525377947306e-05 2.124411315442549e-05 1.4046449250780134e-05 6.843330314089065e-06 0.002042252074203853 9.98373784913317e-05 6.285660611113669e-06 1.256796186431908e-05 3.774730991279032e-05 8.387091157075482e-06 6.53135622127961e-06 3.7255318934828326e-06 0.0001229788850035478 8.388180008212519e-05 0.0021936128284445315 0.006720021965869497 0.0006644985457569583 0.00144070101879773 5.433219906395501e-05 2.9461678516341187e-05 0.0 0.0015218724014092887 0.00013926854579556132 0.00015520689741344108 7.386626772813865e-05 7.025140532167304e-05 7.163992558705071e-05 7.938981816622792e-06 0.0021594352523054525 0.0005534109958858176 0.0 0.004683102152596121 0.0017419889525808472 0.003546573835628184 0.0006287520843139055 0.00011006522117248474 0.001798026319404238 0.006928841970629231 7.055786458446868e-05 0.0003605014117986965 0.0007418208777916747 5.912496141795917e-06 9.204068346094644e-05 0.00010141043269688493 3.8287029002999615e-05 0.0 2.2359838558745043e-05 2.28223353278454e-06 2.3738677377131466e-05 2.562006858947496e-06 6.56437529254822e-05 1.8087796347962794e-05 1.0955910301181594e-05 0.0012288046682265644 0.001542452413806659 1.3226958622357094e-05 0.00029848824212111745 0.006265164637295787 0.00015208754506630863 0.00035503513235378165 0.00021591975400871792 0.00023814837457747468 0.00041973653433011345 0.0003896453665748844 0.00032837855841634907 0.0005633770915434237 0.0006424765360299329 0.00309906353484466 0.00039932120914001326 0.001174444131955549 0.0012988571602251856 0.0009912588472344383 0.0009211493883926694 0.00016399687749682221 0.00012350600401833832 1.9723755771979624e-06 0.0 0.0 0.0 0.0 6.669332659289125e-06 0.0 0.0 0.0 0.0 0.0 0.0 0.0 0.0 0.0 0.0 0.0 0.00047689258362715927 0.00022261024009379485 0.0 0.0 0.0 0.00031771407529429405 2.7815998409780954e-05 6.495617997117238e-05 3.53001909090341e-05 0.0 0.0 1.0090144368576479e-05 0.0 8.038861387735611e-05 7.359278162604908e-05 2.2488177751841033e-05 0.0 3.253115343761252e-05 7.118018911354208e-05 0.0 0.0 6.882317142639068e-06 0.0 0.0 6.665352684343289e-06 0.0 7.309042610516633e-06 0.00010106246937170988 0.00011498202051645886 0.0 4.3935639138008054e-05 3.509471104450987e-05 0.00098867286238727 0.0003006961978864843 0.0 1.0774966662354187e-05 0.0 0.0 0.0 0.0 2.5804942537992314e-06 1.1317864726262362e-05 0.0003034905447723063 0.0005351718033490433 1.0230726643231922e-05 2.8641919298214296e-06 0.0 0.00038340415855306174 0.00038203876531141045 0.0007113502315238165 0.00014038139299897163 0.00030033485474137303 9.259865175144022e-05 7.605650670476398e-06 4.832072801361531e-05 2.2735681177321297e-05 0.0 0.0 2.3531215471575243e-06 2.065718843046083e-06 0.0 2.1453173486577214e-06 0.0 0.0002471385384211532 3.314044560487992e-05 0.00024125387925796044 0.0028780961657905507 0.0001596829623101398 0.006908465669218632 0.0010899118420784055 0.0018853567253628032 0.0013244350006328504 3.887946776233399e-05 0.00039041626948481124 0.0010051489647619379 0.0 0.001111963972193839 0.000321587836719873 0.0009131225773455684 0.00026974547017036494 0.0 7.529139714760597e-05 0.0001451733422334064 0.00012111297524610868 0.0022264239034094305 0.0015303028781472976
0.0480114403907827 0.02416953252156515 0.004538806339014525 0.0 0.001241400025446031 0.02518813882101344 0.024587530508713328 3.446367840813009e-05 8.387561924102992e-05 0.05180099092386423 8.388472169046803e-05 0.01391093183057638 0.035262323715140036 0.0027769008355021897 7.881006073467097e-05 2.2321796959345096e-06 6.860439001437351e-06 0.0 0.0 0.0 0.0 0.0 0.0 0.0 2.159727623323102e-06 0.0 0.0 0.0 0.0 0.0 0.006715978710434523 3.1126203210273505e-05 0.0 0.0 0.0 0.0 0.0 0.0 0.0 0.0 0.0 2.717309915448132e-06 0.0 5.471495886071033e-06 0.0 0.0 0.0009175551285249732 6.0348389704231205e-05 1.3918543138715486e-05 0.0 5.020409212858371e-06 0.0 0.0 0.0 6.735951269471058e-05 5.258127927347329e-05 0.001995890827475041 0.0037059708206270566 0.00048657956193730225 0.0008352464963818373 0.0 0.0 0.0 0.00022882081816168426 9.689601489896236e-05 6.913606293580689e-05 4.153332872409706e-05 1.6385513543911128e-05 7.137981960288887e-06 0.0 1.0642974291696104e-05 0.0 0.0 0.003261336403371912 0.0008532269927324034 0.0018720115977997897 0.0001198502577692088 1.917922153588148e-05 4.99658002174435e-06 1.259512637535751e-05 2.1164960046828656e-06 0.0 0.0004096791521442361 0.0 5.043877238231574e-05 7.156117566200117e-05 1.4672436493144774e-05 0.0 5.5482732064872094e-06 0.0 0.0 0.0 0.0 2.7630780380370785e-06 2.595163979761371e-06 0.0005257011666948872 2.25415021451218e-05 0.0 0.0 0.011287422361576477 3.1686351805500795e-06 0.00044743230646567824 0.00018663382672803156 0.0009950884544595838 5.119554969882394e-06 0.00020827727595501753 0.0008639303146805459 5.9337616918654126e-05 0.0008172390194803407 0.00029798561999714126 0.0 0.00025271012529339834 0.0003145737252716163 0.00020756043685470112 5.396503773344695e-05 0.0 0.0 0.0 0.0 0.0 0.0 0.0 0.0 0.0 0.0 0.0 0.0 0.0 0.0 0.0 0.0 0.0 0.0 0.0 1.0044828199816113e-05 0.0 0.0 0.0 0.0 3.938169514685652e-06 0.0 0.0 0.0 0.0 0.0 0.0 0.0 0.0 0.0 0.0 0.0 0.0 0.0 0.0 0.0 0.0 0.0 0.0 0.0 0.0 0.0 0.0 3.674842341357436e-06 1.3006626065068019e-05 0.0 0.0 0.0 0.0 0.0 0.0 0.0 0.0 0.0 0.0 0.0 0.0 3.859223491339767e-05 0.0 0.0 0.0 0.0 0.0 0.0 0.0 0.0 0.0 0.0 0.0 0.0 0.0 0.0 0.0 0.0 0.0 0.0 0.0 0.0 0.00015014069564268784 1.0767040683497541e-05 3.44983727679442e-06 0.00036698507010420414 5.256855682286399e-05 0.0031793054735137676 0.0002795399115786048 0.0025206307096332673 0.0005551291612413801 1.596105757956662e-05 0.0 2.80398846154593e-05 0.0 4.10168223798457e-06 0.0 0.000543292864549565 0.0 0.0 0.0 0.0 0.0 0.005934652673444413 0.0003646812049685482
0.0007081825477309082 0.06507884287449431 0.006904084412514169 0.001241400025446031 0.0 9.43227187300295e-05 0.046686446559670504 0.0018967184639787948 0.059417121555342824 0.004707767803963199 0.014091822136468079 0.0008006244271289175 0.008834353566249887 0.04730635890328785 0.00014099200089819801 4.288761025871815e-05 7.88648246257284e-06 0.0 0.0 0.0 2.2253239040117352e-06 0.0 0.0 5.705533868713927e-06 0.0 0.0 0.0 0.0 0.0 0.0 0.0020646480209929167 0.0005363273932663148 2.8110025465722715e-05 0.0 0.0 0.0 9.902373147691644e-06 0.0 0.0 0.0 2.243134262095206e-06 0.0 0.0 2.0658165842696705e-06 0.0 0.0 0.0005957285618464032 2.0833241432210435e-05 0.0 0.0 0.0 0.0 0.0 0.0 7.586837074223991e-06 1.4967298720029563e-05 0.0002563189533712736 0.0004259863485461375 9.618381214961362e-05 0.000305495081185285 0.0 0.0 0.0 0.00020916718396984875 1.630979786800481e-05 1.5972828841195136e-05 2.134605129079656e-05 1.7140689453908466e-05 2.132828523412134e-06 0.0 0.0002308820079307154 2.671424145801038e-05 0.0 0.0007684259136957506 0.0002609150621713689 0.0006741101856484787 0.0002025700298269416 5.3598984534128256e-06 1.0443970776539648e-05 3.752326338766593e-05 0.0 6.754587044241286e-06 0.00010848591967372387 0.0 1.7255435067806898e-05 2.0996683829507014e-05 6.289579398464253e-06 0.0 0.0 0.0 0.0 0.0 2.5220527498738182e-06 0.0 0.0 0.0004240384106587686 2.6528085748569084e-05 0.0 7.072982377850596e-05 0.0002468154186502784 0.0 0.00010097624552096279 8.965799499499269e-05 6.0219912640384896e-05 8.283443065810294e-05 0.00014971872810632436 0.0002191961967655799 3.4486823808001025e-05 7.526917850140989e-05 0.000211219138186556 5.592626385802011e-05 0.00023844436519897323 0.0005510792013941824 0.0002289067869316771 0.0002012916693837252 8.798778581453244e-06 2.3638357334797226e-05 0.0 0.0 0.0 0.0 0.0 0.0 0.0 0.0 0.0 0.0 0.0 0.0 0.0 0.0 0.0 0.0 0.0 9.08850081194347e-05 0.0 0.0 0.0 0.0 5.5940525335578854e-05 0.0 0.0 0.0 0.0 0.0 0.0 0.0 1.1083295325381465e-05 1.3393446493144724e-05 0.0 0.0 0.0 5.4780813003407525e-06 0.0 0.0 0.0 0.0 0.0 0.0 0.0 0.0 0.0 3.305728649774316e-05 0.0 0.0 0.0 3.627146571124761e-05 1.6349754559671793e-05 0.0 0.0 1.0420726642139986e-05 0.0 0.0 0.0 0.0 0.0 9.554024499595283e-05 4.3857425498391604e-05 0.0 0.0 0.0 6.568045098037987e-05 0.0 2.8227800461569298e-05 1.767647803576679e-05 0.0 1.508863054284181e-05 0.0 0.0 0.0 0.0 0.0 0.0 0.0 0.0 0.0 0.0 0.00011186039667918312 3.2225317175786724e-06 0.0 0.0013160387865642513 5.275783349698532e-05 0.002180822304648917 0.00031679998904093036 0.0007432931983426426 0.0005659286772410586 3.753324054159076e-05 0.00015328850876403742 6.425537837796529e-05 0.0 0.00013166263547512714 5.2680224184202496e-05 0.00011229959925130585 0.0 0.0 0.0 3.5738596055808344e-05 3.604158828642096e-05 0.0002507086339565886 9.488703880942929e-05
0.0037936062338349962 0.005237550026120656 0.003711785393174446 0.02518813882101344 9.43227187300295e-05 0.0 0.0029471978414964883 5.46989058580412e-05 5.758886293065114e-05 0.03268715648238813 0.00016047331890213694 0.004229286390458605 0.004263956580377954 0.0005157705626237827 1.864733266991548e-05 5.1282734075619906e-06 2.6893120214159005e-06 0.0 0.0 0.0 0.0 6.564817889442592e-05 0.0 0.0 0.0 2.9100409074469627e-06 0.0 0.0 4.725005833345426e-06 0.0 0.0030287214499041416 1.5640436169724002e-05 0.00019328250499802408 0.0 0.0 0.0 3.581111885174414e-05 0.0 8.506632845404501e-06 4.900861366037622e-06 0.0 0.0 0.0 7.086552594511785e-06 0.0 0.0 6.223249383151234e-05 4.388516175585581e-06 0.0 0.0 5.392762350555938e-06 0.00013252668080460727 8.524447971352539e-05 0.0 3.387638894252617e-06 4.415246354028223e-05 0.0004384311272655658 0.0005096241188901098 6.42300228742073e-05 5.261921061600517e-05 2.531004653988293e-05 3.3137061613004735e-05 3.8746075228781895e-06 8.077396302189237e-06 0.0 2.6389009920455234e-06 8.903182895770683e-06 5.250016458692991e-06 0.0 0.0 0.0007906517395012278 0.004037928668213689 0.0001293776153241652 0.00020963721277299607 6.571365180661892e-05 5.8220246799720575e-05 2.6399374066053934e-06 4.375429181998081e-06 6.457411807059282e-06 0.0001294104837905119 2.2529298398445006e-05 2.769392717063904e-05 2.3780980255486597e-05 4.594982173564636e-05 5.4229363774401585e-06 3.895595404435066e-05 2.3975461252441893e-06 0.00011003529189598153 0.00015811596726580493 0.00016321821170873908 8.152934414872707e-05 8.784188319900525e-05 0.0 0.0 1.0102739676130691e-05 0.0195530666373347 0.009107724136226581 0.0009336138166739373 0.00021608952038237723 0.00959129545037141 0.0 0.0012844607340210955 0.00014037662473708436 4.0111509394604164e-05 0.0 6.285222166234691e-05 0.0014742459728135796 3.295368119806243e-05 0.00015674020292541897 0.00028754265047216035 0.0 4.9529490149823655e-05 0.0005203554723059975 0.00017218520313464747 3.7282965000187844e-05 0.0 0.0 0.0 0.0 0.0 0.0 0.0 0.0 0.0 0.0 4.236257201948831e-06 0.0 5.037901315982113e-06 0.0 4.1440304110530725e-06 0.0 2.581039776969905e-06 0.0 0.0 4.190506839655388e-05 0.0 0.0 0.0 0.0 1.4843540054153607e-05 0.0 4.308679078084656e-06 0.0 0.0 0.0 0.0 0.0 0.0 8.795737478504713e-06 0.0 0.0 0.0 0.0 0.0 0.0 0.0 0.0 0.0 3.614073126219066e-06 0.0 0.0 0.0 0.0 3.095961441968592e-05 0.0 0.0 0.0 0.0 0.0 0.0 2.3147424226785653e-06 0.0 0.0 0.0 0.0 0.0 8.542208544983506e-05 2.6793597795834317e-05 0.0 0.0 0.0 0.0 0.0 0.0 0.0 3.2754194539296713e-06 8.744618023924348e-06 0.0 0.0 0.0 0.0 0.0 0.0 0.0 0.0 0.0 0.0 0.00022317044789000714 1.3375105312806322e-05 6.253624534455699e-06 0.00036513795983808496 5.059970966410533e-06 0.00018429471038571238 5.419461319351781e-05 0.0017187287105467357 5.6732188918449926e-05 9.378990350771065e-06 1.077131169684288e-05 6.433322171343386e-06 0.0 2.9890704478871496e-06 0.0 0.0008842009910048385 0.0 0.0 0.0 7.652729359837715e-06 0.0 0.001067953960725766 0.0008441648140690264
0.0211751452530796 0.07565802618000637 0.018653214924684306 0.024587530508713328 0.046686446559670504 0.0029471978414964883 0.0 0.001564444408435619 0.03322612229866808 0.03341952090534014 0.01518904465335597 0.017021330390685176 0.10816126734648782 0.10424368314507163 0.0005088968778986001 0.00012022333045713367 6.512917498378648e-06 0.0 0.0 0.0 0.0 0.0 0.0 6.315584523769239e-06 0.0 4.816855962940532e-06 0.0 2.9207239039884644e-06 0.0 0.0 0.008113343788324703 0.0007422053289883844 0.00015633299669774947 0.0 0.0 0.0 0.00018355680507179753 3.971224722394445e-06 2.6291846800446256e-06 0.0 2.73524483399337e-06 9.473442741113676e-06 2.1550104173188635e-06 3.3444031037308866e-06 0.0 6.183511496735592e-06 0.0015931936569344005 6.414311543087818e-05 9.474915415281266e-06 0.0 1.0857423701433715e-05 2.7447295072408082e-06 0.0 2.7700967319991678e-06 0.00010610482824373843 4.376437029102764e-05 0.0013098854691591633 0.002856350886498792 0.0004858824699413878 0.0013084493653074331 2.0058318815133065e-06 0.0 0.0 0.0006090587689732427 0.00010792191784928379 8.399602331686217e-05 5.393660119587471e-05 3.7815109542891166e-05 0.0 0.0 0.0007756513357095727 1.6879121026621757e-05 0.0 0.003439759810575044 0.0010658911645836985 0.0028085470647340673 0.0003406300850559139 3.1581742473007034e-05 4.821874935039547e-06 0.0004240146992736417 1.7760151476293524e-05 0.0 0.0005045173280896515 0.0 8.48259017315457e-05 8.050633126150585e-05 1.218566176917227e-05 0.0 8.944241162813265e-06 0.0 2.4703504238503545e-06 6.03214927895915e-06 5.969684491984766e-06 4.863927699166026e-06 1.015481131299694e-05 0.0030089202028240284 0.00011681440920608896 0.0 4.66267085148383e-05 0.0031257643482081056 6.889796054728314e-05 0.00034988003136427734 0.0004963232196280917 0.0008213759628580396 0.00014981517167610603 0.0004965641096280978 0.001313983017261248 0.00021962798332169348 0.0007042062801970917 0.0014384709747077987 0.00017817452785140364 0.0013759358682868897 0.0019178957531274061 0.0015888349065372959 0.0006679913726832665 9.466494969136997e-06 0.0 9.469175303666759e-06 0.0 0.0 0.0 0.0 0.0 0.0 0.0 0.0 0.0 0.0 0.0 0.0 0.0 0.0 0.0 0.0 0.00024287587162005544 2.3042900318532035e-05 0.0 2.90319306196513e-06 0.0 0.00018601761877321227 0.0 0.0 0.0 0.0 0.0 0.0 0.0 4.354796645414031e-06 0.0 5.5233218984477576e-05 0.0 0.0 1.4237373420769759e-05 0.0 0.0 9.722363215674935e-06 0.0 0.0 1.1085688793393219e-05 2.2953355054132178e-05 0.0 2.6293093199708022e-05 1.4338386988737216e-05 3.0535342415449224e-05 0.0 0.0 0.00014820768693257796 2.265781658512322e-05 0.0 5.1040554368248785e-06 0.0 0.0 0.0 0.0 0.0 0.0 0.00070572771134237 0.00011391249512379345 4.419595898076176e-06 3.4092993029725225e-06 0.0 0.0001114566968185793 5.925508677231791e-05 8.236748249144784e-05 2.5140858468463184e-06 2.3268321776600416e-05 5.399901115240658e-05 3.0849108828013154e-06 2.1506017318842006e-05 0.0 2.480351417098002e-06 4.3129018168012776e-06 0.0 0.0 0.0 0.0 0.0 0.0007284863865398623 4.0850887581347636e-05 5.4032159333474414e-05 0.0026105283653138525 0.00018039196074089888 0.007045290837592156 0.0007675693066323142 0.0015070528564282036 0.0010843475069295034 4.82207985388534e-05 0.0004652383093035296 0.0001978549977702836 1.7114868487372316e-05 0.00020648106780831872 0.0001360408033979959 0.0005272598122150633 9.912851980299243e-05 0.0 0.00011921119426095192 5.3107433788994456e-05 4.5883665429532346e-05 0.0029315231958985085 0.000896146466034028
0.002782328509547718 0.005666237768059696 0.11032491810664595 3.446367840813009e-05 0.0018967184639787948 5.46989058580412e-05 0.001564444408435619 0.0 0.00984700355367567 0.00017359789399010815 0.021503420900913863 0.0009712715850968872 0.0038448584378831777 0.028878391496231507 0.0024591335860023483 0.002206652710563603 8.760662841759311e-05 1.2944769578147748e-05 3.3651794708959866e-06 2.6090921637208983e-05 0.0001966351819360638 0.0 0.00011445693261197312 4.2906825150238114e-05 8.623869171885716e-05 3.3598102395463486e-05 2.0252148402592134e-06 1.3417300715547712e-05 5.697280297829442e-06 2.63554938191718e-06 0.05568774670759398 0.0570441868444237 0.0025453251100317053 0.00012216288822654598 2.4085733417411984e-05 1.7963588310851563e-05 0.0014329900948696192 0.00017087806266894912 0.0002681147641384549 7.390565058743911e-05 9.428180409490692e-05 0.00014180983628297281 0.00010228634067206443 0.0003959795322615085 2.136798366645771e-05 5.768290369535296e-05 0.004863355068301365 0.00012869115328229913 4.498198237851315e-05 0.00013504703758532302 0.00022686059348733082 2.941005048954052e-05 3.346438505113788e-05 2.3001080981108228e-05 0.00010572864949071035 8.291959187103505e-05 0.0013675160960008128 0.004806611060839963 0.0004848127993275142 0.0014641904326127126 0.0017525103866543174 0.0010473621450823422 6.178859729672509e-05 0.01281060485873285 0.00017112724815731577 0.00014173139914970485 0.000100844609945503 0.0003250995128027564 0.0006369004269374783 0.00019253288464355034 0.004100333727751344 0.0004468735347900052 0.0 0.0037293234420237285 0.0018370405576129834 0.005103307327684811 0.002312931784192438 0.0159188440160291 0.01868046238405053 0.02212107132945193 0.0037419922235628583 0.007005240269651796 0.000525954308517538 0.0 0.0001590714928180543 0.00011857553997452023 0.0001451211504066209 0.0 1.2614200217550772e-05 2.2917541636772393e-06 9.561722256668075e-05 2.5293106714404664e-05 0.0007222477189952087 0.0002861486210386081 7.774970136297122e-05 0.001906915333221105 0.001361217782669109 1.3615925582793279e-05 0.0008128950085392172 0.0020433010538748017 0.00011792595279586274 5.476927238722736e-05 0.0002837601511395469 0.00017469898403682263 0.0001857339298382751 0.00027111394603511886 0.0002349732417908273 0.0002531596779061871 0.00036258317093010604 0.0017571920907416812 0.0001592545569646471 0.0013630508843531528 0.0012708992640074511 0.0011110605743008645 0.000866678438708696 6.353896262429008e-05 2.4493246576362878e-05 0.0 0.0 0.0 0.0 0.0 0.0 0.0 0.0 0.0 0.0 4.4199868629705244e-06 7.341956768898705e-06 4.406761203988584e-06 0.0 2.422136784061485e-06 0.0 0.0 0.0003270617133596502 9.412279601031706e-05 0.0 0.0 3.6907352232415844e-06 0.0002110069960259459 3.040410416203654e-06 0.00010203560185315459 5.6514599671235054e-05 8.315075145410769e-06 3.7176744526793108e-06 0.0 3.2796322595951102e-06 5.311314251216724e-05 6.794093113108547e-05 1.4045677850025681e-05 0.0 2.7945280646755744e-05 0.00010367362735181639 0.0 0.0 0.0 7.4004912461831416e-06 0.0 0.0 1.925051144150511e-05 2.0568863739389675e-06 7.84569993703095e-06 5.260174314684835e-05 0.0 2.8270139893552765e-05 4.774286481491792e-06 0.0002595511861039543 0.00014092925977373988 0.0 5.679939773066671e-06 5.4404638422260915e-06 0.0 5.1535275941979506e-06 0.0 1.2926758969752537e-05 1.0886198558729062e-05 0.0003268399828247384 0.00038171004707423096 1.2451327580069737e-05 5.754743992196932e-06 9.220323168497603e-06 0.0003162385483544059 0.00024051807061248816 0.00024470063152772013 0.00013428104915179682 0.0001511004568466204 0.00014925376595392172 7.456207319526447e-05 1.028141559937425e-05 4.797322617799795e-06 0.0 2.9903702869642477e-06 2.7452593361906206e-06 2.256671421562076e-06 8.991242573036421e-06 1.4067221048741692e-05 1.1353944150732686e-05 0.00019767786981373555 8.832790620115872e-05 0.00011568254736147038 0.007845333505978363 0.0003671630602495946 0.013083312326621455 0.0028124241096290446 0.0032043101369376194 0.0022565715191052134 8.551297227212698e-05 0.001228771853001372 0.0006715886158435532 7.2886274090923535e-06 0.0005635107165103733 0.0003423687579902766 0.0003928821321561397 0.00012857532516448336 0.0 2.8853573944672597e-05 0.000257854329924422 3.559941096413155e-05 0.0008404189464385287 0.0008476680095114754
0.00021389958396649078 0.034066021783282316 0.009887262408958137 8.387561924102992e-05 0.059417121555342824 5.758886293065114e-05 0.03322612229866808 0.00984700355367567 0.0 0.0014860460490315973 0.0402848473730267 0.0006739770563407828 0.015150740224229901 0.04429531948578302 7.094596240292683e-05 6.359516859571747e-05 9.285335981760065e-06 0.0 0.0 2.2489488715935453e-06 2.2661517242669943e-06 0.0 0.0 0.0 0.0 0.0 0.0 0.0 0.0 0.0 0.0011708242533582387 0.00021169589424794384 0.0001127910439114531 0.0 0.0 0.0 2.0232482947870736e-05 0.0 4.268156997144645e-06 2.215472701175846e-06 0.0 0.0 0.0 5.834327399570782e-06 0.0 0.0 0.0002742663736547235 9.771267401181672e-06 3.5379152308743235e-06 0.0 0.0 0.0 0.0 0.0 8.34433692087484e-06 0.0 8.711506634878097e-05 8.998473794561503e-05 7.955254141061925e-06 0.00010007037350360097 2.651838195221267e-06 0.0 0.0 0.00012376539810072227 6.738783957139783e-06 9.72371371331304e-06 2.2767401581612843e-06 1.970751920652473e-06 0.0 0.0 0.00025028435996574165 0.0 0.0 0.00016730348593680544 7.014511631022514e-05 0.0002474122100726388 3.33301058934377e-05 5.548080505294365e-06 8.120102462422182e-06 0.0012623828924013503 8.20564987238408e-06 0.0 4.0526557567517355e-05 0.0 1.5047285607942246e-05 6.643138408689719e-06 0.0 0.0 0.0 0.0 2.026071466592769e-06 0.0 3.2039237354856427e-06 0.0 0.0 0.0003812244033159712 8.422436409867165e-05 0.0 1.4028715178529706e-05 9.907682502608784e-05 7.820787050033453e-06 4.874540647830622e-05 0.00012606945156702862 1.3702888849870031e-05 0.0 0.00010976181195238367 7.031079006813825e-05 3.2130213375947884e-05 5.082412828132684e-05 0.0003389981393792168 8.50431463018847e-05 0.00020069139444031683 0.0004385098093478759 0.000385428461141901 0.00020209570577380407 0.0 0.0 0.0 0.0 0.0 0.0 0.0 0.0 0.0 0.0 0.0 0.0 0.0 0.0 0.0 0.0 0.0 0.0 0.0 9.40166472535518e-06 1.9142427925031487e-05 0.0 0.0 0.0 4.159329256744593e-05 0.0 2.377535715521496e-05 0.0 0.0 0.0 0.0 0.0 0.0 0.0 0.0 0.0 0.0 0.0 0.0 0.0 0.0 0.0 0.0 0.0 0.0 0.0 1.5797945754213227e-05 3.0391150668656863e-05 0.0 0.0 2.8800804411630605e-06 4.9642452979696725e-05 6.726038779709404e-05 0.0 0.0 0.0 0.0 0.0 0.0 0.0 0.0 9.675985839458961e-05 3.1212258000489556e-05 0.0 0.0 0.0 4.250857197891702e-05 0.0 0.0 0.0 2.4019428512852343e-05 0.0 0.0 0.0 0.0 0.0 0.0 0.0 0.0 0.0 0.0 0.0 8.626086963954339e-05 1.5895005967812002e-05 7.518453182052878e-06 0.0006975093098162061 2.114322235897059e-05 0.0008651895613507033 0.00021402455585523757 0.0002941501735285308 0.00025130698605995 0.0 9.8330897978703e-05 4.467418453774081e-05 0.0 2.704515748209348e-05 0.0 7.293264157382054e-06 8.441066522798221e-05 0.0 0.0 1.0989393424735115e-05 0.0 0.00012786164219184812 0.00011357985551667004
0.041674896502849175 0.018730329518873302 0.0015843818626786672 0.05180099092386423 0.004707767803963199 0.03268715648238813 0.03341952090534014 0.00017359789399010815 0.0014860460490315973 0.0 0.00047737990030989814 0.049463996677804 0.09425352226103088 0.00774696913878238 4.058946576589629e-05 2.8874010204165365e-05 0.0 2.6481953480323964e-06 0.0 0.0 0.0 0.0 0.0 2.7497780798323307e-06 0.0 0.0 0.0 0.0 0.0 0.0 0.0022716647550079035 1.606914904248118e-05 0.00013686672229981902 0.0 0.0 0.0 8.529495550638942e-05 0.0 3.1229389732516594e-06 0.0 0.0 0.0 0.0 0.0 0.0 0.0 0.00040849399153360864 2.9306350229890574e-05 0.0 0.0 0.0 2.985300060321157e-06 1.2856657255710772e-05 4.5278228478088e-06 8.63676853013647e-06 1.4879671726473123e-05 0.000758854204272642 0.0014359788438839704 0.00019584935521272572 0.0003581258912211335 0.0 3.3038426812133296e-05 0.0 7.796340102600595e-05 1.8394553204971727e-05 2.1437014200260483e-05 4.66294373226578e-06 5.900005131279071e-06 0.0 0.0 0.0005551637983868194 4.589020336381744e-05 3.4669161649891714e-06 0.0013226613732913936 0.00030776299582747517 0.0006641220751708867 8.468292022770884e-05 1.0149180862267429e-05 9.18460848566652e-06 0.00015493372440112456 9.17757230953436e-06 4.906289420916334e-05 0.00021302004685173304 0.0 1.112161663950257e-05 2.4395966047688983e-05 0.0 2.6638730800280383e-06 1.2553987253278348e-05 2.4403820111255104e-06 5.536776693054264e-06 0.0 0.0 2.224883472522521e-06 0.0 0.0054878011771150575 0.0021774953082240697 1.3161172819051993e-05 3.88309082537031e-05 0.009879107586508628 4.0897752114125555e-05 0.003560417431909154 0.0007897237213489435 0.0011022356400090506 0.00015340634037827567 0.0006193212283377498 0.007198057008516255 0.0007751479829103515 0.0020891464718921136 0.002460474932320404 8.976182120573159e-05 0.007379936474860779 0.004473903169353556 0.003923332090609769 0.0007222711959603282 3.792947591289562e-05 3.224992730338433e-06 0.0 0.0 0.0 0.0 0.0 3.26761803553479e-06 0.0 0.0 0.0 0.0 0.0 0.0 0.0 0.0 0.0 0.0 0.0 0.00018953888561432992 3.914284897146061e-06 0.0 0.0 0.0 0.00029037565560119947 0.0 1.5296596451414785e-05 3.4831574983086323e-06 0.0 0.0 0.0 0.0 0.0 2.541731912205841e-06 8.370226425464117e-06 0.0 0.0 6.88263003375116e-06 0.0 0.0 2.9760827848114237e-06 0.0 0.0 3.2918197160679697e-06 0.0 0.0 0.0 2.7514478654674894e-05 0.000164271225787754 2.853447547023652e-06 0.0 3.591942526588618e-05 2.6571784021953642e-05 0.0 1.969139190463279e-06 2.8997039784084903e-06 0.0 0.0 0.0 0.0 0.0 0.001214047842517225 0.00019813000621179665 3.359109979304431e-06 3.865995964829265e-06 2.8254361440418188e-06 9.053742244886539e-05 0.0 0.0 3.482056499050003e-05 3.2292261967503247e-06 1.3766668971481353e-05 0.0 0.0 0.0 3.492452052956527e-06 0.0 0.0 0.0 3.09332715706409e-06 1.1583122686078477e-05 0.0 0.0019120803567327527 0.00016286780763422864 3.3826980158019626e-05 0.0009118575893718302 1.6230534106217857e-05 0.0013183927254028598 0.000191022847899939 0.003363722153424178 0.00014993124335233667 0.0001418185294907024 0.0001162870216015946 0.0001407974074591034 0.0 0.00020125143695055752 6.192813600502382e-05 0.0037764614386537154 3.271292151968767e-05 0.0 0.0 3.4670388977695226e-05 0.0 0.019458759364896574 0.0040649321023116325
0.0017453610083057514 0.022738827542601106 0.03991419393355327 8.388472169046803e-05 0.014091822136468079 0.00016047331890213694 0.01518904465335597 0.021503420900913863 0.0402848473730267 0.00047737990030989814 0.0 0.003138709834952548 0.020553765097721874 0.12123349783615446 0.0011691207964675378 0.0012471378864298028 7.000698988314286e-05 0.0 0.0 1.114305752779145e-05 3.3875417887443043e-05 0.0 4.876639223419015e-06 4.9381635491079055e-06 2.234997722419695e-05 1.385428523734252e-05 3.936925499356171e-06 2.1123973893737628e-05 8.852900797404592e-06 4.583417737927738e-06 0.013890956673252316 0.007606447987157357 0.008494461120103453 1.1574826999057e-05 5.515288920763826e-06 1.4907304680205092e-05 0.0017116745599624872 5.287486152738333e-05 0.00011932305293285609 1.4080954286638808e-05 1.3563773488212493e-05 1.1901895952418993e-05 7.802392231218693e-06 7.884796962850719e-05 4.939791774856936e-06 1.7826473863023238e-05 0.002264540304644573 3.4581210441544846e-05 1.4092306174846608e-05 7.227332139563617e-06 2.554621973120696e-05 2.7475634067417745e-06 2.8976128724745812e-06 0.0 4.560416069307322e-05 3.32193207857048e-05 0.0004376469265827054 0.0011841493837026213 0.00020279670126017017 0.0006114155190639955 4.346898836690523e-05 0.0008811141789360417 1.2110706766325131e-05 0.0013685781104174996 4.675509836649528e-05 6.271421780911614e-05 2.3835341460649277e-05 6.830899676657275e-05 6.847951745613849e-05 9.200424684395577e-06 0.004596748153847314 0.0003099591950321289 2.2598186094971846e-06 0.001208613192688514 0.0005476095286088305 0.0023365333705637416 0.0006840611802870407 0.0002720275433837033 0.001294526026888931 0.006499500026814617 7.32359101419169e-05 0.0009258451012607699 0.00016788677317742886 0.0 5.110978256977001e-05 4.987035213805085e-05 2.265183410705998e-05 0.0 1.3203589331512597e-05 0.0 1.2639437517999729e-05 1.2199622275280329e-05 8.042334916134109e-05 2.9804696175334934e-05 2.0394598090868967e-05 0.0025472463051653886 0.0006521764110164028 2.3934252996326534e-06 0.00031673690741147796 0.000817553067196914 8.740762470377562e-05 8.284884828322618e-05 0.000630392553343157 0.00017499770664471708 0.00022149765889749505 0.00046228398129142433 0.00046304380467740647 0.0003352382341621339 0.0008929499895043324 0.003177317509204712 0.0002358532435737191 0.0019426627834000718 0.0024460183694378743 0.002182167321825366 0.0010599853067000044 0.00014677160632418733 2.736853948551936e-05 0.0 7.500978402170391e-05 0.0 0.0 0.0 0.0 0.0 0.0 0.0 0.0 0.0 3.737863975180836e-06 0.0 0.0 2.402439344915295e-06 0.0 0.0 0.00044052737633471124 0.00015689075480488035 0.0 3.670966862109986e-06 3.300894750284842e-06 0.0003762793847695847 4.4277211339394445e-06 2.4982356770822336e-05 1.5276906362726466e-05 3.0991564674781713e-06 0.0 1.0985695151120676e-05 0.0 0.0 6.940160875544613e-06 2.0643060254448893e-05 0.0 0.0 6.460097346507862e-05 6.6432834312369136e-06 0.0 1.0360491427832924e-05 4.3479921080353334e-06 0.0 2.3488211319806972e-06 3.2604155602598137e-05 0.0 6.488607785980858e-05 8.233371667325782e-05 0.0 4.592545417315852e-06 0.0 0.00041619499611815275 0.00011209276074404153 4.535734801197185e-05 6.7634582522479955e-06 0.0 3.475822933319096e-06 2.8876502208044807e-06 3.730212744519761e-06 0.0 0.0 0.000714360552940054 0.00022400783410209276 8.057946394678395e-06 0.0 3.637979199149201e-06 0.0004451415358727286 0.0002961731341621557 0.00036292266632915234 7.46957132604519e-05 0.00013675832549491125 8.932158897352374e-05 2.593134438878663e-05 1.1806861683938397e-05 5.862206692971955e-06 5.506914365315997e-06 3.3364781181793556e-06 0.0 0.0 0.0 2.4463021096273555e-06 0.0 0.0004482492454919149 0.0001159030084524417 0.00011075827597907844 0.006483665422141727 0.0002104677551128203 0.007062268428729659 0.0019420575512681428 0.002348762741929977 0.0013392261444380253 6.779974234432512e-05 0.0010008403814384663 0.0008212515939054992 2.2188962265947153e-05 0.0006906597109521801 0.0002221726335643353 0.0002632688603579726 0.00012389512315311854 0.0 3.5701383667520716e-05 0.0002831233676638572 7.82399343895358e-06 0.0006419140301230002 0.0010115077596476176
0.0014126325277895233 0.005224981248156852 0.00044546893261677935 0.01391093183057638 0.0008006244271289175 0.004229286390458605 0.017021330390685176 0.0009712715850968872 0.0006739770563407828 0.049463996677804 0.003138709834952548 0.0 0.028360716270051104 0.011225630077329816 0.0004721116739858032 0.00045623523587055766 1.5801346830936434e-05 3.5037570571627703e-06 0.0 6.363623937840453e-06 0.0 0.0 0.0 5.022357282855321e-06 2.1994159636794723e-05 9.258823476200927e-06 1.9596787538607167e-06 0.0 7.553625321628639e-06 0.0 0.0004713820180708914 6.616493654487206e-05 0.0037464675063311075 0.0 0.0 0.0 0.003003843159525237 0.00026559525842156397 0.0001876623876216575 6.493005684121942e-05 0.0 2.687007156220652e-06 0.0 7.12661388120767e-05 0.0 8.031114243532364e-06 0.0006594408140976054 3.6823270940807757e-06 1.6396558699498565e-05 8.73355260491251e-06 2.500313730986893e-05 0.0 0.0 0.0 5.056402617105496e-06 0.0 8.271049359462783e-05 0.00017654263005201332 2.1780820742178767e-05 4.040898282198252e-05 2.924433898603294e-05 0.0006217204670549145 9.116593308355122e-06 0.00036528479139255826 1.4053775472006678e-05 7.134366329660244e-06 1.1372471675111179e-05 9.948369730457676e-06 9.426502518485775e-06 5.090106651717209e-06 0.012980612934319766 4.8514449529477576e-05 0.0 0.00022330477293840378 5.635736404029731e-05 0.00030456179176140174 0.00011678244285945025 0.0001628333592167617 1.3936872200731449e-05 0.0027536750758565807 3.235505235989521e-05 0.00021155117485747294 2.028209158536699e-05 0.0 9.99675858926932e-06 8.269557137050475e-06 2.49314121379427e-06 0.0 0.0 0.0 9.525700920681037e-06 7.310527005684615e-06 2.256303322551537e-05 0.0 0.0 0.016229372659972274 0.0003613518190489098 0.0 0.0007361620954176164 0.0013221218296188678 5.4861184101739755e-05 0.0009191128812625093 0.0008779211904965976 0.000356760422885615 0.00036534746974013294 0.0009982614953456528 0.0036908207712475294 0.0006579613425444337 0.0012654607273758147 0.003509036454593541 0.000199298659879316 0.004116049746494088 0.00654493963002607 0.0048567256394899125 0.0017311464582553334 3.2037233063789796e-05 5.636122700390028e-06 0.0 0.0 0.0 0.0 0.0 3.0831845185066493e-06 0.0 0.0 0.0 0.0 0.0 0.0 0.0 0.0 0.0 0.0 0.0 0.0003114626517253181 0.00012635936713442696 0.0 0.0 0.0 0.000584546265587884 0.0 1.1139250983919174e-05 6.622194371620745e-06 0.0 0.0 0.0 0.0 2.2380928413005307e-06 1.6290607411790724e-05 9.12865282712881e-06 0.0 0.0 4.4371402887813144e-05 0.0 0.0 1.862878170353621e-05 5.404300185481783e-06 0.0 3.087210185487905e-06 2.8114674928317938e-05 0.0 2.6847089660357937e-05 4.3214635109332906e-05 5.8126640903999324e-05 9.91601460419588e-06 2.873921353449883e-06 0.00021266894805962324 5.608561205028231e-05 2.616311843040513e-06 0.0 0.0 2.62846115659685e-06 0.0 0.0 0.0 3.657918806083102e-06 0.0019006944829876706 0.00039801970150897656 6.476285994923874e-06 1.82651179990088e-05 2.721119240574741e-06 0.00038985703254502106 6.989108110895153e-05 9.26468063889051e-05 1.6956734511286064e-05 9.118469502793747e-05 7.269613344001079e-05 3.034916842919373e-06 0.0 0.0 0.0 2.4905562365558133e-06 3.1485308836276556e-06 2.7667788942448258e-06 0.0 0.0 0.0 0.0028700864642254432 0.00038518756855930136 0.00016968116854228774 0.005820023132612838 0.0001330226628825324 0.0029564248204052568 0.001274417470872823 0.001684816899747727 0.00044209040431706704 1.8561779896105945e-05 0.0009663371015445798 0.00041152169459744085 1.2079157607835888e-05 0.0005436522328054413 0.00010770171541496513 0.0009326455821800282 6.50397139516606e-05 0.0 2.1085226849043052e-05 0.0002173526713376305 9.337399910578597e-05 0.005777271266636871 0.0018562609911795397
