0.0 0.060217197049748865 0.013993463059233407 0.024236437399908748 0.0022303121123262806 0.0026539769937571596 0.003231167985472499 0.003464435206170339 0.0008667101400837048 0.014766740411653313 0.003470780596545395 0.0002257816779715545 0.0006237123066837266 0.0037453280254264366 1.0085735548403463e-05 2.385200747143655e-05 6.65353925040364e-06 0.0 0.0 0.0 0.0 0.0 2.5622921246807983e-06 0.0 0.0 4.22263166718975e-06 2.5116966274849803e-06 0.0 0.0 0.0 0.02954044102975214 0.00017861882927595174 0.0004213337875031003 3.838651997874713e-06 0.0 0.0 1.8557123459596965e-05 4.118271552659108e-05 0.00010841533757263286 3.0677874171970915e-06 2.621826985041651e-06 2.235797706207692e-06 8.607608178426971e-06 0.0 0.0 0.0 0.0001947705827669336 1.1089959074265743e-05 7.84618869326894e-06 3.7170677201468283e-06 0.0 2.252285770524896e-05 1.1784911121306141e-05 0.0 1.4976711045268172e-05 1.7266587616213253e-05 0.0011553254539881453 0.00449796367898146 0.0002264102157707417 0.00018144750844117005 3.426136669346583e-05 0.0001689022737580777 0.0 0.0003994747373306607 7.667195636325319e-06 1.0255292856359583e-05 5.840541522684734e-06 4.870301647628806e-06 4.454695013089747e-06 0.0 0.0001280719894464472 0.00012989503087052946 4.2513241612113205e-06 0.0007952771846469864 0.00013749628485365144 0.0003160084851529046 0.00012774034474891845 2.566292610352384e-06 9.212773325734057e-05 0.003108206703224315 4.925441598663863e-06 0.00015728832872201912 4.2135713429057715e-05 0.0 1.319518895597427e-05 7.891677585204528e-06 2.5868716347718075e-06 3.338594177854649e-06 2.7934651709149596e-06 0.0 0.0 0.0 8.057341467765731e-06 1.7608434818234795e-06 2.540918814970649e-06 3.624585654419963e-05 2.7426732945830772e-05 3.252675824747195e-05 7.779421979193779e-05 0.02754817865527263 6.870334611291803e-06 0.0 7.578717794882875e-06 0.00033518045731085235 0.0 3.796731136067743e-05 0.0 2.8593854460503328e-05 3.5854734764872046e-06 6.617696149522166e-06 1.2676003373062982e-05 2.5871054850047058e-05 5.962391751734825e-06 0.0 0.0 0.0 0.0 0.0 0.0 0.0 0.0 0.0 5.453233468323878e-06 0.0 0.0 0.0 0.0 0.0 0.0 0.0 0.0 0.0 0.0 0.0 5.129732659110814e-06 0.0 0.0 0.0 0.0 4.463590056698978e-05 2.0454939179644815e-05 7.633630336295331e-05 9.764905332301401e-05 2.9387791040614274e-06 0.0 0.0 0.0 0.0 0.0 0.0 0.0 0.0 1.1021792266677153e-05 0.0 0.0 0.0 0.0 1.1298171599703879e-05 0.0 0.0 0.0 0.0 3.1494398091342064e-05 0.0 0.0 0.0 5.96680358678055e-05 8.782921250781229e-06 0.0 0.0 0.0 0.0 0.0 0.0 0.0 0.0 0.0 1.1483403551786233e-05 0.0 0.0 0.0 3.907233451614219e-06 0.0 0.0 0.0 0.0 0.0 0.0 0.0 0.0 0.0 0.0 0.0 0.0 0.0 0.0 1.2614197305404192e-05 1.0666154341524883e-05 4.7671303440052685e-05 6.296542169548497e-05 0.0004754561017191251 2.0778781901995434e-05 0.0010169674428368797 9.002696659961057e-05 0.008677888169626143 0.0001677376569440684 3.1287220481911742e-06 4.45730167592125e-05 1.3942150545547274e-05 0.0 1.1685674061932213e-05 3.4660720388447677e-06 1.7475442843185307e-05 7.5290516828507255e-06 0.0 0.0 0.0 7.876400083723655e-06 0.0025367716342883486 2.2310329800976267e-05
0.060217197049748865 0.0 0.014297154475545238 0.04285246976425929 0.007341443164262606 0.0024030566886677316 0.00937707438195433 0.00914826461944434 0.013125126765992777 0.03210638100173643 0.03767385749835373 0.0010678094930523926 0.005503476285007235 0.0338198518940959 0.0005418008735704866 0.0007613264380519547 5.933333366472462e-05 5.511877009397214e-06 4.293492995011494e-06 1.5919066306549025e-05 2.177993313779117e-06 0.0 3.2131987242142443e-06 7.49994335311961e-06 1.2573846966874893e-05 0.0 1.3719598740513182e-05 8.396400684233216e-06 1.3490190659411559e-05 0.0 0.03712585868988676 0.0009393060794103078 0.0034827747877360393 5.236228575179945e-06 9.033835702222579e-06 8.281702625462941e-05 0.0007673082128118751 0.00021496708880484972 0.00013289311575994704 8.323113676428625e-06 6.730276657982067e-06 0.0 1.5953673116140376e-05 1.6975812584524136e-05 1.2162529710817481e-05 1.67165236403299e-05 0.0027912173168621033 6.369015604218866e-05 1.8834124082102276e-05 8.651905812363416e-06 8.981914356965518e-06 3.553044986658509e-05 2.2431571655755753e-06 0.0 9.03531731448953e-05 8.901305700763773e-05 0.0012482144561665085 0.004751599830371282 0.0003776074063007259 0.0010572508664840796 3.242434846529576e-05 0.002098225760327085 9.455924751545559e-06 0.002764377897901022 3.6964637659772675e-05 4.383725129546197e-05 1.840872992909523e-05 2.1620909711374684e-05 1.0854781973684105e-05 1.3070791881898054e-05 0.0015368905048560935 0.0009990331943675818 0.0 0.002785651474845723 0.0013625008970622658 0.0036005990641937158 0.0021731550972467215 0.0002568266575838047 0.000556726064321693 0.003898014532824679 8.597457674639985e-05 0.0011520258149664842 0.00022417603875319846 0.0 4.152788397630668e-05 3.686356664086569e-05 9.448070435787733e-06 2.6522973594037394e-06 5.032634596089982e-06 0.0 8.369545208609753e-06 1.1969443273040354e-05 1.6808959653144103e-06 1.762008297633654e-05 6.417330462616184e-06 0.00186534550288154 0.00021933528404256123 5.2627550528738315e-05 0.00031263432147265313 0.03140237698808105 0.00020446720349135466 0.00016351869030701668 0.00015738730679748565 0.0005624897678341267 0.0 0.0008670747421828163 5.940200569485691e-05 0.0012197585850690649 0.00018860635061546588 0.0004350519242760578 0.000821802904252152 0.0015149870144726186 0.00034945970956917354 0.00029387128762344033 0.0010146042520682184 2.8445877275521964e-05 5.1745321168520315e-06 0.0 0.0 0.0 0.0 1.809111488604483e-05 1.0874341376420955e-05 0.0 0.0 0.0 0.0 0.0 0.0 0.0 0.0 0.0 0.0 0.0 0.00011477079314312668 8.522138900695915e-06 0.0 0.0 0.0 0.0008022738345806132 8.997774130401918e-05 0.001551352159106517 0.0008857191153495389 1.9571290166170774e-05 0.0 0.0 0.0 0.0 0.0 0.0 0.0 4.066128966490625e-05 9.767326067119088e-05 0.0 0.0 1.5320015626548008e-05 5.4334676601710895e-05 0.0 0.0 5.820691867642249e-06 3.3572634508626067e-06 8.749269656769506e-06 0.000116950626364232 5.237540658348474e-06 0.0 2.619519581173983e-05 0.0013031825421498692 0.00010299846194420322 5.442000296246944e-06 1.110897671801525e-05 0.0 0.0 0.0 0.0 0.0 4.6530160186482695e-06 0.0009985407381670793 4.21735393542379e-05 0.0 8.150433267258776e-06 0.0 0.0006611393381882498 1.0783469293330874e-05 0.0003790895912551882 9.861933075413525e-05 0.00010701236294820313 6.653023491769203e-05 4.5070964642097436e-05 6.450424289580151e-05 0.0 0.0 0.0 0.0 0.0 0.0 0.0 2.530983774238885e-05 0.0015021500017899753 0.00125954039869217 0.00113799837136782 0.008335077001801635 0.00018937504646082467 0.008494463939322027 0.0008406238600901606 0.00511411794341891 0.0006466573752830896 9.99923373378185e-06 0.00108769533973644 0.0002773498587357284 2.0658189886101642e-05 0.0003557041268090023 8.066195012772482e-05 0.00014054231779256606 2.3295471616859986e-06 6.646096963767743e-05 3.896923037160014e-05 0.00015545585137901238 0.0 0.0022052284623598458 0.0007079509442079
0.013993463059233407 0.014297154475545238 0.0 0.0032594531854952358 0.003627455413463025 0.00017215257923431203 0.0007355271108682857 0.03884978785781848 0.005073710052003864 0.0021803822010534224 0.028918533709541557 0.000603877955143073 0.00262145148556587 0.016828508327591543 0.0006834372975990991 0.0012835721365769637 0.00012420549480922333 2.171732003957062e-05 1.1355743008577985e-05 1.7623645704432404e-05 9.970671870291513e-05 0.0 0.000233455358741655 0.00014861535599626117 3.0170961095504994e-05 7.894534565159104e-06 3.7941518670721106e-05 8.66087559424198e-06 7.16244398788952e-06 1.3698684770371034e-05 0.0712117339633619 0.007931985308815542 0.0026486467006634016 0.00010657263223459128 0.00023559680473584374 1.6533584987348607e-05 3.243346881130945e-05 2.326498034025341e-05 3.053294854474855e-05 8.962307201946537e-06 6.721227617511378e-05 4.566247861849474e-05 0.00018633705952654422 9.511233110095192e-05 9.6330408719022e-05 8.623218807305234e-05 0.003100899031631248 0.00014831107896431443 5.628225138930096e-05 9.504659133284173e-05 3.3483062952992135e-05 1.6955868954349905e-05 2.5772960276768454e-06 7.155977717115572e-06 6.923292945787434e-05 0.00012726638431580085 0.0017200983153599736 0.011778669975862355 0.0006278647667971629 0.0016472921910497874 0.00021217970941588417 0.00024378061565875564 0.0 0.006979279319278398 0.0001078209395963064 8.407130401110686e-05 3.89724539055496e-05 5.708575847839843e-05 0.00018330781075008343 0.000307376501388723 0.0002339627598770328 0.00016413783959968767 0.0 0.005568418166522893 0.003235805434926919 0.006107233624173306 0.004390698426744556 0.0005268760845502234 0.011397345984292475 0.021673790123152528 0.0006918970133910814 0.007904304515205627 0.0003226302866391945 0.0 0.00010094612697652164 6.760846836313185e-05 6.307215909195593e-05 2.4356466148575547e-06 2.354823311297932e-05 3.124494016947427e-06 1.9631364236464763e-06 6.328339071719616e-06 0.00010790480212020266 3.310148772154155e-05 3.832548202608921e-06 0.00014522509231970504 3.697726754361779e-05 4.995841547674243e-06 4.682216777084911e-05 0.009319097105362184 1.2376237317376913e-05 1.897112181086871e-05 1.0648829949516241e-05 0.0 0.0 5.292429612512672e-05 0.0 0.00010592602368032379 1.5346114542883e-05 1.3971807261806667e-05 0.0001116834988337094 0.0001123915966931663 6.270315358667119e-05 2.766701206337507e-05 7.331948819316373e-05 2.21962786581762e-06 0.0 0.0 0.0 0.0 0.0 0.0 0.0 0.0 0.0 0.0 0.0 0.0 0.0 3.7792977804886224e-06 0.0 5.022156453868993e-06 0.0 0.0 1.1573371570317762e-05 0.0 0.0 0.0 0.0 6.734631343232483e-05 0.0 0.00018743472016377602 0.0001203046227772867 5.459418153576489e-06 0.0 3.833693237758455e-06 0.0 0.0 0.0 0.0 0.0 5.615444741930935e-06 2.32776112437202e-06 0.0 5.718408178680783e-06 0.0 6.9960770761781786e-06 3.3432630255391634e-06 0.0 0.0 0.0 0.0 1.0249405390827444e-05 0.0 0.0 0.0 0.00013065742205515098 0.0 0.0 0.0 0.0 0.0 0.0 0.0 0.0 0.0 9.645587843510829e-05 5.06023830409151e-06 0.0 0.0 0.0 9.854499778442129e-05 0.0 2.2176717895943774e-05 9.9368548086744e-06 8.24793442071812e-06 1.2071320132950471e-05 0.0 2.9267016852313187e-06 0.0 0.0 0.0 0.0 0.0 0.0 0.0 0.0 0.00011469626066743683 0.0001241026173605687 9.501977341328358e-05 0.004703565085501467 0.00015275309209285325 0.008933908605378122 0.0008922172973932231 0.001474755649479729 0.0005527714451419398 1.0753204202800879e-05 0.0006669797126629155 4.7819405528690175e-05 0.0 2.246601855467989e-05 1.2864108449109887e-05 5.367044269710145e-05 0.0 0.0 0.0 8.018783794091345e-06 3.926536759371791e-06 0.0005120603637815973 4.460568373855276e-05
0.024236437399908748 0.04285246976425929 0.0032594531854952358 0.0 0.0007782331880912418 0.005328847478894847 0.0012373420524111585 0.00010172780430526908 0.0004340105204154772 0.007081402017623346 0.0012345684877064333 0.0 3.872379808607211e-05 0.0009867710401411513 3.5851427791881566e-06 1.635847838838507e-05 0.0 0.0 0.0 0.0 0.0 0.0 0.0 0.0 0.0 0.0 0.0 0.0 0.0 0.0 0.006193330173163483 0.0 6.312797658159904e-05 0.0 0.0 0.0 0.0 0.0 3.93446414801687e-06 0.0 0.0 0.0 2.4216266467851937e-06 0.0 4.518640077101634e-06 0.0 0.0001208556791849411 0.0 0.0 0.0 0.0 0.0 0.0 0.0 4.978548594000813e-06 3.0469293563105373e-06 0.0002675881643960297 0.0005997871272517988 3.33747412343634e-05 6.729469967294203e-05 3.2382688422715188e-06 0.0001268295947009324 0.0 0.0001319261193014634 2.80727628647934e-06 0.0 2.644572365662654e-06 2.8159415413487097e-06 0.0 0.0 4.704872142105037e-05 8.067849688826357e-05 0.0 0.0002722069975977698 7.002246059256877e-05 0.0001533983618838515 7.194175923165764e-05 2.9211590217648373e-06 1.9531041619872787e-05 6.48228155335488e-05 0.0 2.5735193149771947e-05 1.9025706577897606e-05 0.0 0.0 0.0 0.0 0.0 0.0 0.0 0.0 0.0 0.0 0.0 0.0 6.019499198755971e-05 7.839892869252931e-06 0.0 8.070454482351442e-06 0.009279991694828474 0.0 0.0 0.0002784149764475915 0.0004578631136595705 0.0 0.0003112383963425999 0.0 4.6742086513962675e-05 4.154412519021453e-05 3.495359991928962e-06 5.405958029263473e-06 3.517059682539705e-05 3.382337885318339e-05 4.686370562876473e-06 1.577553637147317e-05 0.0 0.0 0.0 0.0 0.0 0.0 0.0 0.0 0.0 0.0 0.0 0.0 0.0 0.0 0.0 0.0 0.0 0.0 0.0 0.0 0.0 0.0 0.0 0.0 4.728921652845441e-05 0.0 1.7697900163276814e-05 1.6887388613093924e-05 0.0 0.0 0.0 0.0 0.0 0.0 0.0 0.0 0.0 0.0 0.0 0.0 0.0 0.0 0.0 0.0 0.0 0.0 0.0 3.7437789193022086e-06 0.0 0.0 1.7819200816239997e-05 1.9446781103646424e-05 0.0 0.0 0.0 0.0 0.0 0.0 0.0 0.0 0.0 2.306638675583174e-05 0.0 0.0 0.0 0.0 5.400260723175134e-06 0.0 0.0 4.082726657132398e-06 3.818053600643322e-06 0.0 0.0 1.6638957450260485e-05 0.0 0.0 0.0 0.0 0.0 0.0 0.0 0.0 3.079350300938782e-05 3.0413141637550347e-05 1.2389992013874857e-05 0.0003013271546005288 0.0 0.0004869381355791176 2.866377297814258e-05 0.00939253974193274 4.084201641858413e-05 0.0 5.2354426167996265e-06 6.31758002372508e-06 0.0 3.87786086993037e-06 0.0 0.0 0.0 0.0 0.0 0.0 0.0 0.0007115926073359443 0.0
0.0022303121123262806 0.007341443164262606 0.003627455413463025 0.0007782331880912418 0.0 9.412851479325553e-05 0.0002621481020607276 0.0008400079922799379 0.002312734596990458 0.003948471563526698 0.005983930204300854 9.511431035657472e-05 0.0011561819956794402 0.007277493065698723 0.00015202820956113167 0.0002438707514050539 7.562278094620815e-06 0.0 0.0 3.49536780902853e-06 7.041498333208821e-06 0.0 2.8931700667042437e-06 1.7675180952945664e-06 1.578546850628314e-05 6.514283569421144e-06 0.0 0.0 0.0 0.0 0.0021730847141214686 0.00016430475149918834 0.0006369149969964197 3.153544058305687e-06 2.2786197776325017e-06 0.0 8.03741714242869e-05 4.1148145593317255e-05 4.442579154522205e-05 3.8886063229691406e-06 3.7979286477465388e-06 0.0 1.1665851766738209e-05 1.0438756274633508e-05 2.4782180292853983e-06 1.8827151229289036e-06 0.0005071364750667559 3.2717001979998065e-06 4.670599394564285e-06 4.808441540020838e-06 2.859076976503963e-06 0.0 1.0161992884106344e-05 2.593261773793455e-06 3.396434257042115e-06 8.695960776339406e-06 8.024256545497792e-05 0.00041274809745223595 3.6205676652428285e-05 8.407733932178298e-05 7.1702719634205474e-06 0.00039210727155345154 0.0 0.0004059346419266957 1.54300627150006e-05 4.772834821432776e-06 0.0 5.0118400916216424e-06 2.4389608951367666e-06 2.276175914396315e-06 0.0005150576214179566 0.0002636020560699165 0.0 0.0002744634832579799 0.00014712064447961756 0.00047729141429015705 0.00035584124060470367 8.707093940522976e-05 0.00025082410446342567 0.00017447716287764722 3.0967096319837465e-05 0.00034016966418023796 1.9200411615855155e-05 0.0 2.217729330244664e-06 4.309490689274158e-06 0.0 0.0 0.0 0.0 0.0 0.0 0.0 2.2588644375956524e-06 5.475344134447478e-06 0.0010604730869908784 4.540532136336489e-05 0.0 7.586435345385682e-05 0.0005755644752332227 1.3312767989796051e-05 4.0254256179411226e-05 2.3847013194498348e-05 4.782632366180644e-06 5.578305701890907e-06 0.0003383665857591421 0.0 0.00031904020498251293 4.1023288499925254e-05 0.00013048168448030287 0.00025024490904638645 0.0005775643875416532 0.00011465620381001516 0.00010166039252753646 0.0002519787130108727 4.602513476962512e-06 0.0 0.0 0.0 0.0 0.0 0.0 0.0 0.0 0.0 0.0 0.0 0.0 0.0 0.0 0.0 0.0 0.0 0.0 1.9694575682676037e-05 0.0 0.0 0.0 0.0 0.0002208230332424823 3.590522439134983e-05 0.0003169831386303504 0.00014525428714734224 8.57745388678648e-06 0.0 0.0 0.0 0.0 4.520831923845277e-06 0.0 0.0 1.7177600473740364e-05 2.889606828797536e-06 0.0 0.0 0.0 1.3521186818687962e-05 0.0 0.0 0.0 0.0 0.0 7.425717851530988e-05 5.295326357712868e-06 0.0 2.8723514311894143e-06 0.00030495516941260405 3.5643375686921484e-05 0.0 0.0 0.0 0.0 0.0 0.0 0.0 3.6216666474796974e-06 0.0002528300050099981 0.0 0.0 0.0 0.0 0.00015969874836701723 0.0 7.925915563645901e-05 1.483555326003683e-05 2.4193844647178216e-05 2.4238983299065836e-05 0.0 1.762674042617597e-05 0.0 0.0 0.0 0.0 0.0 0.0 0.0 0.0 0.0004695562312996594 0.0002772179254678593 0.00020846376820775965 0.0015774875449299786 0.00011533750380247367 0.0013365116237056649 0.00023752274349120344 0.0005617922835566375 0.00011824037862835264 0.0 0.00027560490979644075 8.410866362930421e-05 0.0 6.916117817026066e-05 2.2145767619643087e-05 3.2894621096724406e-05 1.862940783941369e-05 0.0 0.0 1.0736492263549571e-05 0.0 0.0003657384802220818 0.0001172495841997977
0.0026539769937571596 0.0024030566886677316 0.00017215257923431203 0.005328847478894847 9.412851479325553e-05 0.0 0.00046053331455609846 1.969387384308453e-05 0.00017489496798647088 0.016061154447963747 6.786031474879107e-05 0.0011987761130036675 0.0003371422383174088 3.716965656016403e-05 4.993878775935284e-06 2.2592972669999056e-06 2.137288316841228e-06 0.0 0.0 0.0 0.0 2.2621911062783076e-05 0.0 0.0 0.0 0.0 0.0 0.0 0.0 0.0 0.0027987633178861203 0.0 6.311135572855139e-05 0.0 0.0 0.0 0.0002350474658809136 1.5745989094607706e-05 2.5163552789526667e-05 0.0 0.0 0.0 0.0 0.0 0.0 0.0 2.723705748245575e-05 0.0 0.0 1.7860536279251611e-06 0.0 0.00010744129756756598 2.7343862513831658e-06 0.0 0.0 0.0 0.0018139000184624757 0.0005101478401887152 2.4313603972031238e-05 3.766222287980831e-05 0.0 2.6829396419815112e-05 0.0 0.0002760755285894308 0.0 0.0 5.8006603800663685e-06 0.0 0.0 0.0 0.0019235877385340558 0.002259028355885893 6.495547698123618e-05 0.00012683820880478067 2.2551782333140264e-05 7.523870747169832e-05 0.0 0.0 4.726412465846791e-06 6.630337521104906e-05 0.0 0.0 0.0 0.0 0.0 0.0 2.6148062100093303e-06 2.980972068908087e-06 0.0 6.160952113483332e-05 0.0 2.424939907442723e-06 0.0 0.0 0.0 0.008288800792839834 0.0035806520075808194 0.00022932139779434265 0.0006097377168743481 0.012737817234709913 0.0 0.0 1.6080476667324415e-05 0.0 0.0 4.74994740751139e-05 2.7743836988481258e-05 4.9043912711153636e-05 1.4445772623095728e-05 7.229896142640792e-05 1.776026022538314e-05 4.0009418333324134e-05 1.7801262611978443e-05 1.3898358983839282e-05 5.681903343327318e-06 0.0 0.0 0.0 0.0 0.0 0.0 0.0 0.0 0.0 0.0 0.0 0.0 0.0 0.0 0.0 0.0 0.0 0.0 0.0 0.0 0.0 0.0 0.0 0.0 2.6997984747298897e-06 0.0 2.7615467978140552e-05 1.0755349146947126e-05 0.0 0.0 0.0 0.0 0.0 0.0 0.0 0.0 0.0 0.0 0.0 0.0 0.0 0.0 0.0 0.0 0.0 0.0 0.0 0.0 0.0 0.0 0.0 3.7737761892035828e-06 0.0 0.0 0.0 0.0 0.0 0.0 0.0 0.0 0.0 1.2143043380967886e-05 0.0 0.0 0.0 0.0 0.0 0.0 0.0 0.0 0.0 0.0 0.0 0.0 0.0 0.0 0.0 0.0 0.0 0.0 0.0 0.0 4.715279301663223e-05 4.176933242998393e-06 1.0579862738906828e-05 0.0005493083488689755 0.0 0.0004138049370255951 7.663869732358927e-05 0.005771535237793328 3.630226847328371e-05 0.0 6.83033852332242e-05 0.0 0.0 0.0 0.0 0.0 0.0 0.0 0.0 0.0 0.0 0.004617449539769784 4.7650213925044196e-05
0.003231167985472499 0.00937707438195433 0.0007355271108682857 0.0012373420524111585 0.0002621481020607276 0.00046053331455609846 0.0 0.00018574282214063272 0.004076487128808602 0.030005565395538104 0.0035132773456068547 0.00270688462552538 0.006452946208254879 0.0070974071806148365 0.00011258414579031671 0.00019124945999395097 6.492560699410818e-06 0.0 0.0 0.0 2.234116519990072e-06 0.0 5.644206230353028e-06 0.0 0.0 0.0 5.190657433761965e-06 6.8061936099799165e-06 1.6739725981401643e-05 0.0 0.001589958632894251 0.00011966650495264391 0.0009887859240645578 2.3453990500480553e-06 1.1759106535763518e-05 0.0 0.00021323222052526376 6.292762567920746e-05 7.173945541387001e-05 6.53324428429337e-06 1.8991347706312067e-06 0.0 0.0 5.0133377459363966e-06 2.86047691707414e-06 2.1760777845114513e-06 0.0004154403033141066 0.0 2.300589396090011e-06 1.7807312027421163e-06 5.412174152851296e-06 0.0 0.0 0.0 1.904137306505038e-05 2.4921443620999097e-06 0.0001324070462997272 0.0006220079951064719 6.445447091305131e-05 0.00012179065731341154 1.4909127121408119e-05 0.0008282980126462736 0.0 0.0004409825641589124 1.9258445593099254e-05 4.386409419575136e-06 2.244768507707939e-06 0.0 2.243497039469767e-06 8.321008327591054e-06 0.0007962759620335682 0.00024804894744950606 5.745508363508065e-06 0.00036531636517240606 0.00020109560585900452 0.0005694808227637071 0.0003927161914915922 7.199407720974922e-05 0.00010021562938819414 0.00018223842677116361 1.993312943039647e-05 0.0006079697975579215 7.086775653645272e-06 0.0 1.0069491785441403e-05 7.800745344435175e-06 2.5122220725254013e-06 0.0 1.9873269480655823e-06 7.256584978093933e-06 0.0 2.4360845423702215e-06 4.523109248873309e-06 0.0 0.0 0.0024864759582077854 8.327549693501921e-05 0.0 9.759807070945271e-05 0.0011832573923140604 1.5464718976243558e-05 1.1396318003751345e-05 0.00032403997479265624 0.00011306487226298293 4.065520881112831e-06 0.0003772062623200063 2.923459016381612e-05 0.0008188248090458212 0.0002874587067285587 0.00014759967956984933 0.00031960224492486917 0.0008407739101660227 0.00025456805620860314 0.00019172671465478804 0.0005184083885192056 2.2406253599692666e-05 0.0 3.2396245992354487e-06 0.0 0.0 0.0 0.0 5.889521089450618e-06 0.0 0.0 0.0 0.0 1.6859144072864898e-05 0.0 0.0 0.0 0.0 0.0 0.0 8.321132041688539e-06 6.902596121076283e-06 0.0 0.0 0.0 0.0002906475215401079 2.65663000383212e-05 0.000678020416872561 0.00033539842778572974 6.434279124034797e-06 0.0 2.952820314252175e-06 0.0 0.0 0.0 0.0 0.0 2.581291347265238e-05 3.1287545401354586e-05 0.0 0.0 0.0 3.595783754991852e-05 0.0 0.0 0.0 0.0 4.876984078199459e-06 7.295670713837726e-05 3.4584595433626583e-06 0.0 0.0 0.0005199044172171262 5.045078636889755e-05 0.0 8.38125692312971e-06 0.0 0.0 0.0 0.0 0.0 0.0 0.0003971675056091195 2.3648444590807902e-05 0.0 0.0 0.0 0.00036847093446031357 0.0 0.00018901206929880122 4.551536437333075e-05 5.1513691331772366e-05 6.474765310159606e-05 2.325183350821522e-05 2.289333690373891e-05 0.0 0.0 0.0 0.0 0.0 2.3974709594402434e-06 0.0 0.0 0.0005512933390140815 0.0004375475192078683 0.00038727091888949205 0.001928446928174651 5.312729464515404e-05 0.0015080002966738016 0.000215313642750495 0.001466783235190833 9.13784244986543e-05 0.0 0.000237562582319522 7.156437804406138e-05 0.0 0.0001551493189439038 3.6368634968854766e-05 7.899680425854114e-05 0.0 0.0 0.0 2.415697376764069e-06 1.2213902669546265e-05 0.0010681763403584492 0.00030706608844342754
0.003464435206170339 0.00914826461944434 0.03884978785781848 0.00010172780430526908 0.0008400079922799379 1.969387384308453e-05 0.00018574282214063272 0.0 0.004497115891931871 0.00028055328829466495 0.030560950458181125 0.0014716175273693092 0.005442908815192751 0.031184795631426437 0.0012689500440051019 0.0027423537949392844 0.00024267923985998627 3.0332963176730183e-05 1.4957362364345723e-05 8.976530907424771e-05 0.0005442926348947078 0.0 0.0010694355403385995 0.0005990278817700049 0.00017909046038333553 4.485811351775137e-05 0.00017645640711469812 1.8080851714061918e-05 2.234778917216157e-05 4.440004762716956e-05 0.03664872329929601 0.015116710639851158 0.0066447771996191425 0.00044567652826930145 0.0011291509468101554 4.1840635763805085e-05 8.060780532745196e-05 5.917199161860196e-05 1.801866753669584e-05 5.078875560978637e-05 0.0002741169308417673 0.00015275764776253098 0.0006577040505672453 0.0002625393150961958 0.0003943940262127415 0.00032455198291867003 0.003637282341498605 0.00013607267546548367 0.00013439084705614053 0.0003129300858531091 9.059821457544501e-05 2.0183378068879097e-05 4.440446309886594e-06 4.160583813242631e-05 4.9291576268797044e-05 8.959870340112571e-05 0.001087927644052931 0.006072437593699913 0.00044449005917829645 0.0011333616223934957 0.0005741441250657633 0.00037671612966738135 5.4247055242481804e-05 0.005532649973507825 8.776208061623154e-05 5.7712346930865505e-05 2.5361757218339487e-05 0.0001107126601008519 0.0005569206422960547 0.0010202056780316358 0.0002392464421551307 0.0002340522400065892 4.887227877370402e-06 0.003620566096894742 0.0023605997206560263 0.005003182294095324 0.00427478754446674 0.0013111850662069257 0.032546604866760837 0.04000879863037689 0.00304064802596184 0.03725896841526651 0.0001959939090575517 0.0 3.142798486311054e-05 3.9415712000372324e-05 0.00017009351680276883 2.055612371643246e-06 1.4893508046663586e-05 9.186749045706229e-06 1.4314098679007916e-05 1.51463454196298e-05 0.00044276519746590335 0.00013264405735984188 7.10800920721013e-05 0.00011505640277137187 4.473082037822273e-05 9.769428340097916e-06 1.8129006067012705e-05 0.0044481917203623164 7.14293794535406e-06 2.473221543166883e-05 3.974674968312605e-06 0.0 0.0 1.1180607860207337e-05 0.0 4.945117476184251e-05 0.0 8.131075069867291e-06 6.459499976164145e-05 7.525790473880091e-05 3.506024962829588e-05 3.879665940182423e-06 4.775374597081904e-05 9.40921945094266e-06 0.0 0.0 0.0 0.0 0.0 0.0 0.0 0.0 0.0 3.1172642194701784e-06 0.0 2.526352278695343e-05 0.0 0.0 6.273412731427059e-06 0.0 2.7012383504826327e-06 0.0 4.964733739823597e-06 7.444099863123575e-06 0.0 0.0 0.0 5.0642274719624186e-05 1.7819099193945633e-05 0.0001547037765566382 0.0001061238199205897 1.908534323048977e-06 0.0 0.0 0.0 0.0 0.0 0.0 0.0 0.0 7.368806579721569e-06 0.0 1.068841948033339e-05 0.0 6.399478756260702e-06 5.310996923352373e-06 0.0 0.0 0.0 3.8018732241625298e-06 2.8497862177197232e-05 0.0 0.0 0.0 9.395388826616754e-05 6.416128498589376e-06 0.0 0.0 0.0 0.0 0.0 0.0 0.0 3.6177115349729874e-06 4.013412724169827e-05 7.0740808538863646e-06 0.0 0.0 4.68785989028082e-06 5.657323000545268e-05 0.0 2.1003127901316964e-05 8.32775907281444e-06 1.303460703781597e-05 4.2094819462234655e-06 0.0 8.978470074921777e-06 0.0 0.0 2.640927727958286e-06 0.0 0.0 2.3205846870961585e-06 0.0 4.683814031444359e-06 9.578144984310562e-05 0.00015812611311296753 9.923990343867511e-05 0.006699995249936472 0.00036999522350259905 0.009144266340743888 0.0014364687854549305 0.0013442292214509404 0.0007412386654898898 6.335233073789404e-06 0.0011954974448810257 4.710762020741824e-05 5.6700753919355465e-06 7.859888755038393e-05 8.913097030743443e-06 2.5032401911362017e-05 0.0 0.0 0.0 8.003669686985107e-05 0.0 0.00034601103040692705 7.568718195104911e-05
0.0008667101400837048 0.013125126765992777 0.005073710052003864 0.0004340105204154772 0.002312734596990458 0.00017489496798647088 0.004076487128808602 0.004497115891931871 0.0 0.023131254598198668 0.03693962655215034 0.0018558644660375111 0.010384165365573532 0.03705587177160668 0.00041446614860160037 0.0007712094252275168 2.6172221356114136e-05 1.0149253390930351e-05 0.0 4.104383251733357e-06 2.977829764819336e-05 2.7179633748788682e-06 2.031906813283763e-05 1.781973407837998e-05 6.283139922278829e-06 2.0584702012825584e-06 6.811540336146396e-06 4.374066559233663e-06 6.53925886266194e-06 2.934152400739792e-06 0.0012697044790817345 0.00029394695136938703 0.0014626711459782967 1.3897173333759393e-05 2.5116405312987425e-05 0.0 0.0002839371293742426 5.255375591927276e-05 9.260198054402487e-05 2.578400906725778e-05 6.387813434527304e-06 3.7918003815603647e-06 2.7990133573322214e-05 3.937668547066091e-05 2.2072646130424966e-05 9.055592389685376e-06 0.0011602057656017058 2.3262105346982438e-05 4.984774064120726e-06 1.0293405465169523e-05 1.4312449780810246e-05 2.4135328898689088e-05 0.0 7.259058410358917e-06 7.603007902352979e-06 2.2397497258619656e-05 0.0001662174078128261 0.00047023135493377567 7.429912014341178e-05 0.0002460588034566685 3.662937568438804e-05 0.0006801005465573727 7.653237525301702e-06 0.0008016423750554946 1.391547061479016e-05 1.1038772026557083e-05 2.3088670247830543e-06 1.0862902920511925e-05 1.5103645787775371e-05 3.553456098120924e-05 0.0015520794953578175 0.0005532909140097417 0.0 0.0005148970313428247 0.00028543687952136754 0.0010213581763020738 0.0008804525017083447 0.00028523066171581434 0.0004980305201634294 0.00047675253607394255 0.00013121037529900887 0.0008968439692765215 3.62254892612163e-05 0.0 1.2264281667071484e-05 6.472957283004671e-06 9.199082899389503e-06 0.0 2.5041558453945453e-06 0.0 0.0 2.2097191823063503e-06 2.144123860601215e-05 2.0583651802492534e-06 1.7038151914322914e-06 0.006164089844568839 0.00012508220563702135 0.0 0.00011766399940640066 0.00039523625394504575 9.677551963637891e-05 4.7509023511919024e-05 0.00023057990969979386 1.6100850068037854e-05 1.2915755516134335e-05 0.0006068081605882797 3.6784354611463646e-05 0.0012931955856807674 0.0002003881350668824 0.00025178620367896794 0.0006305215700347189 0.0016710888106321832 0.00031651483896687747 0.00033364651534016073 0.0007736340692747346 1.4897235953472028e-05 0.0 3.879206770551369e-06 0.0 0.0 0.0 0.0 3.349569045771998e-06 0.0 0.0 0.0 0.0 0.0 0.0 1.2746854844541795e-05 0.0 1.998201553184145e-05 0.0 0.0 5.5397527524636514e-05 1.0528698802622973e-05 0.0 0.0 0.0 0.0005193576294556457 2.1830876835791586e-05 0.0008058233592554379 0.0004797114039343309 5.049068960331904e-05 0.0 0.0 0.0 0.0 2.6599146131203673e-06 1.3063270642556534e-05 0.0 2.75334305770561e-05 0.00010351792197528406 0.0 0.0 2.80180669590011e-06 2.9986489101450052e-05 0.0 0.0 0.0 0.0 1.105416100667525e-05 8.566308045306658e-05 2.546447696550719e-05 7.572876382263401e-06 4.458647916416146e-06 0.0007882755105275187 6.119486971587389e-05 0.0 4.221553247323478e-06 0.0 0.0 0.0 2.322943751795744e-06 0.0 4.416864499611986e-06 0.0007654257658494487 2.4717718790459865e-05 0.0 0.0 3.4957664811064173e-06 0.0003675276136172992 6.063298611550918e-06 0.00029425874165363877 4.4125169687070413e-05 7.06318354519167e-05 5.153400032638287e-05 1.9768788506968406e-05 1.906555577236992e-05 0.0 0.0 0.0 0.0 0.0 0.0 2.394041631847846e-06 2.504436921105042e-06 0.0011498741284019266 0.0007504021861941717 0.000620186080364349 0.0038492851749320337 0.0001653603692258978 0.002977247671467538 0.0005542467228392504 0.001231956298525409 0.00023820679527264638 0.0 0.0008275707290754265 0.00025654585785091 6.436736412289804e-06 0.00017666103006200274 9.498776612917195e-05 0.00015203293975605409 1.7417294328438862e-05 0.0 2.0184545025894806e-05 6.828157790455118e-06 0.0 0.001009768014791446 0.00045249098973659997
0.014766740411653313 0.03210638100173643 0.0021803822010534224 0.007081402017623346 0.003948471563526698 0.016061154447963747 0.030005565395538104 0.00028055328829466495 0.023131254598198668 0.0 0.0010252521254426597 0.01009455991574621 0.038018914023772374 0.004664969586751588 0.000203348110746229 0.0004342366215235884 3.084245215744018e-05 3.5785806639760473e-06 0.0 0.0 8.353915087963656e-06 2.8107508512870545e-05 7.641554020314963e-06 2.563923349435973e-06 2.211167724843396e-06 0.0 2.333858971844665e-06 0.0 0.0 5.150625727008471e-06 0.013526774993987866 0.00020341883833367336 0.0030056991415379265 9.348598183679022e-06 3.277094319580831e-05 0.0 0.0007096569678998966 0.00015974377282127638 0.00023155528286021058 9.667504985439075e-05 1.830816209348859e-06 2.0393269741291487e-06 1.1955115379219855e-05 2.742285651413058e-05 9.298658643098994e-06 2.6259374199180076e-06 0.0008804194844889562 2.2565659044366225e-05 2.3153304066289013e-06 1.8094782465237055e-06 7.341041771494194e-06 1.5606370768180107e-05 6.7920400714671375e-06 1.7693634406030812e-06 8.049545440380759e-06 1.6317581022823068e-05 0.0011906304338924407 0.0022286231329702033 0.0001716209440706565 0.00036120909707105885 5.22196626002733e-05 0.0017246782612103616 0.0 0.0012220370233540377 1.1512832042725677e-05 1.1677359217047757e-05 0.0 7.485902992613599e-06 6.583140490951891e-06 7.745685603639148e-06 0.00478720876187827 0.0013674783182945596 2.627215022879969e-05 0.000906695870905973 0.00044238004659114883 0.001052696436496361 0.000526454044782615 0.00011727605595779461 0.00011105913655524928 0.0003470056028736897 4.3051878517862974e-05 0.000830129051473023 3.6453170612998486e-05 0.0 1.4563660602287329e-05 2.6638194922655173e-05 1.031309826840984e-05 2.7210601358657964e-06 2.035269219706392e-06 3.511978805733263e-06 0.0 0.0 8.427317313018377e-06 0.0 0.0 0.011406971364729682 0.0022865967759705444 1.600284811039542e-05 0.0006197436012604917 0.029580316290682827 0.00026751925734309965 0.0004271814752142843 0.0010367314093829743 0.0009429631835191762 2.423462203725556e-05 0.0031231247413294177 0.00036312200710055843 0.004844017457027431 0.001172787847203226 0.00224214758903588 0.002074832182751171 0.004987943930962674 0.001164232180422616 0.0009118446659022505 0.00210224563546446 4.6424539445691114e-05 2.571580878209061e-06 0.0 0.0 0.0 0.0 0.0 8.547452538398378e-06 0.0 0.0 0.0 0.0 2.295457470224661e-06 0.0 5.774405121740046e-06 1.348345537845036e-05 4.427829511186403e-06 0.0 0.0 0.00018047089185211133 2.2204615764800727e-05 0.0 0.0 0.0 0.0011759941639908936 0.00010079208661120487 0.001974773380014478 0.00113088046921326 7.48334041142617e-05 0.0 4.977000638349716e-06 0.0 1.2112939390663735e-05 0.0 0.0 0.0 6.693846611879019e-05 0.00015874574451675745 2.7458498579603638e-06 0.0 1.3732056308293945e-05 5.933916675043368e-05 0.0 0.0 6.678458804325787e-06 9.834371103926205e-06 9.95408454580351e-06 0.00022340818613497118 4.988672757561e-06 0.0 9.382478512821541e-06 0.0016567273229962341 0.00014837873918986373 8.008810874414076e-06 1.4414074964101713e-05 1.7245101468370234e-05 0.0 0.0 0.0 0.0 0.0 0.0018527842857985102 4.987246612713581e-05 4.898798884098164e-06 0.0 0.0 0.000761320247079035 8.845456517880008e-06 0.00039459105569750213 0.00018625368064319938 0.00011773770513884289 9.285733782701108e-05 6.960604539803543e-05 7.964728278690487e-05 0.0 0.0 0.0 0.0 0.0 0.0 0.0 1.6768531993303874e-05 0.004015781709108636 0.0013318532295225152 0.0009909331069601437 0.007757957104737544 9.725078076688956e-05 0.0028812851634937068 0.00043723457148307006 0.037972089244495494 0.0003212265722792342 1.1072924254814954e-05 0.0002960949638971486 0.00039705859454915827 5.685872050789796e-06 0.0004515720837347749 0.00011583795859520214 0.0004612786119531486 2.4151085452423827e-05 2.1900371530684785e-05 2.7404188430681242e-05 4.474074894435683e-05 2.539377486860489e-06 0.024299497423293497 0.0016823923316770446
0.003470780596545395 0.03767385749835373 0.028918533709541557 0.0012345684877064333 0.005983930204300854 6.786031474879107e-05 0.0035132773456068547 0.030560950458181125 0.03693962655215034 0.0010252521254426597 0.0 0.0023554311388813767 0.024836828651478047 0.06725418386136937 0.00043444770819261287 0.0008614100712956092 5.115778745529789e-05 8.85044331759254e-06 7.890780657997753e-06 1.4611251274384598e-05 7.461640567872175e-05 0.0 0.0002817611540617101 0.00017413667041296795 0.0001612936137528643 1.4195642090791332e-05 0.000108720021263694 1.1299785830764345e-05 2.3073949629725306e-05 1.8000910485219893e-05 0.017887716957432874 0.000712661567492118 0.0036766339677271743 6.1273230361171e-05 0.0002575163135458889 2.1853090653642073e-05 0.00030388356843627257 0.00011966677906093957 0.00010766418669744005 5.744612133042776e-05 0.00010163193437656493 4.3149008359092935e-05 0.000125805748385852 6.584374641036479e-05 5.7806167250050745e-05 6.537276905041653e-05 0.001203109783341396 2.866742441332483e-05 2.7108266688612368e-05 6.137316365221715e-05 3.6660669913069657e-05 1.6252048237914463e-05 1.8114931549180327e-05 2.010180204660601e-05 7.622630521634146e-06 1.2879570332178357e-05 0.0002154692662484109 0.0009299090830141589 8.165762871407628e-05 0.000246379155334252 8.743697033419251e-05 0.0004563689741506908 8.005573065761056e-06 0.0008337568773152136 1.1039752732678772e-05 1.6857392702688125e-05 7.332759554503579e-06 6.146222063877533e-06 0.0001117847692736238 0.00020688137670364022 0.0003472950977703565 0.00033596477291070344 2.3097269057353595e-06 0.0006984331551003228 0.00046365382813993414 0.0011397340609526712 0.00094583871311115 0.0003293952328135016 0.004148021925248534 0.012611899697891713 0.00016937938652156393 0.009471254295876605 4.018342493042912e-05 0.0 2.5074821232222207e-05 1.4731937435347081e-05 2.8294703236691838e-05 0.0 4.1850846085397455e-06 0.0 1.3825791998879535e-05 2.361697872580972e-06 8.794221564945961e-05 3.248797285828847e-05 9.863606716430693e-06 0.00033828788388045526 2.6762128578676666e-05 1.3403831082014665e-05 8.829065181673092e-05 0.001469052987828503 1.2336928862270259e-05 7.015025045779375e-06 1.8265385225291708e-05 6.365525898029168e-05 0.0 3.609046993838795e-05 0.0 9.733949040232786e-05 8.28389528790393e-06 9.080342856345165e-06 6.881021164184711e-05 0.000214549306467577 1.9553572030255714e-05 4.792346743786605e-05 8.469120238584065e-05 3.0682819337131394e-06 0.0 0.0 0.0 0.0 0.0 0.0 0.0 0.0 0.0 0.0 4.9701873563298005e-06 5.33760701002423e-06 0.0 3.877341882493939e-06 0.0 2.137171230284679e-06 0.0 0.0 7.079020581064549e-06 0.0 0.0 0.0 0.0 0.00012403701133283592 5.276563279510113e-06 0.00022048233430441229 0.00011769708001227015 1.1280104923110323e-05 0.0 0.0 0.0 0.0 2.0922652220776324e-06 0.0 0.0 0.0 3.1152085432022434e-05 0.0 0.0 0.0 1.018570418633464e-05 0.0 0.0 0.0 0.0 0.0 2.6405407815297484e-06 0.0 0.0 0.0 0.00013115498554066158 6.34214474930169e-06 0.0 0.0 0.0 0.0 0.0 0.0 0.0 0.0 0.00014357091452096084 3.759424470223101e-05 0.0 0.0 0.0 4.677705341994491e-05 0.0 6.737908594250925e-05 6.552598063324233e-06 2.0699193972066422e-05 1.0829536480697427e-05 0.0 4.186392613221542e-06 0.0 0.0 0.0 0.0 0.0 4.274874023339874e-06 0.0 0.0 0.00017285191463496582 0.00014210939916731077 0.00013066639897438132 0.0027126402371502045 0.0001315675436763067 0.0032357729762902774 0.0003772683513326819 0.0005699504661186208 0.0003081845678861111 0.0 0.00039547128472991586 7.68961412623489e-05 0.0 7.420291492911098e-05 1.0093838991725733e-05 2.7541453300328507e-05 3.092457503680901e-06 0.0 0.0 2.0499947829767907e-05 0.0 0.0002517871138612567 0.00017189706543939754
