0.0 0.08104617363139609 0.011417012434702252 0.020622076926589895 0.0008204866757334378 0.0024246908177158262 0.014717111688646098 0.0015634968925226018 1.438923807632055e-05 0.007892767149208158 0.00019638719593361025 0.0005680524195576901 0.0011636058539617672 0.00024414965966532517 8.725241151978739e-06 0.0 0.0 0.0 0.0 0.0 5.7612903407732525e-06 5.157910778778715e-05 0.0 0.0 7.777753791364189e-06 0.0 0.0 0.0 0.0 0.0 0.03494544000826685 0.0008194211783145478 2.1813627138895224e-05 0.0 0.0 3.5331637812722712e-06 7.295038867834908e-05 6.379359144214999e-05 0.00021679010455404697 6.880277684573217e-06 5.359925682611046e-06 0.0 4.292583366508884e-06 0.0 0.0 0.0 0.00033035816645160515 8.524079470382752e-05 1.5583422136924435e-05 3.728437093630741e-06 4.900284252513201e-05 9.376827191906566e-06 2.548533646962756e-05 0.0 0.0001355386509561732 0.0004567304951699836 0.004993651102195009 0.028566417761423206 0.0006280289194569422 0.0002323999954578269 3.850734822382825e-06 0.0 4.360318726895574e-06 0.00378134299906751 8.753322632958308e-05 1.405754674881007e-05 4.315548695380962e-05 1.5683629476086485e-05 0.0 0.0 0.0001971585543727018 0.003079427924729167 0.0010181038662420976 0.0018789833538536633 4.220365828739991e-05 6.472009529891811e-05 4.9959611425062275e-06 0.0 2.032877409327745e-05 0.0 2.0691980114291965e-05 8.56842830689471e-06 0.0002030672403534373 3.2375574022547e-05 6.824859122995493e-05 0.00029827653500893975 1.5135946879782232e-05 3.8195578210519574e-05 0.00015173908091631859 0.00048437385000170977 0.00010099767898267948 3.676610731230481e-05 0.0 2.0412172544231104e-05 5.682300765599593e-06 0.0013904264353928272 0.00047898218299008156 7.354799234752439e-05 0.00020621379260712418 0.011499575111987823 0.0 0.0 0.0 0.0 0.0 0.0 0.0 0.0 2.238394883513317e-05 0.0 0.0 0.0 0.0 0.0 0.0 0.0 0.0 0.0 0.0 0.0 0.0 0.0 8.941210388224934e-05 0.0 0.0 0.00015087417853765756 0.0 0.0 0.0 0.0 6.190848036119535e-05 0.0 0.00013198469849346207 0.0 0.0 0.0 0.0 0.0 0.0 0.0 0.0 0.0 0.0 0.0 0.0 0.0 0.0 0.0 0.0 0.0 0.0 0.0 0.0 0.0 0.0 0.0 0.0001762816338953644 3.208623145999778e-05 0.0 0.0 3.1868494677082505e-06 0.0 0.0 0.0 0.0 0.0 0.0 0.0 0.0 0.0 0.0 0.0 0.0 0.0 0.0 0.0 0.0 7.654740977613213e-05 0.0 8.211526907257663e-05 0.0 0.0 0.0 0.0 0.0 0.0 0.0 0.0 0.0 0.0 0.0 0.0 0.0 5.316328056062632e-06 1.0554862814892984e-05 0.0 0.0 0.0 6.149582914930403e-05 0.0 0.0002609108871088675 2.6913398389053773e-05 0.002031168580449641 5.158811063378027e-05 0.008598066771484314 2.5412472889186675e-05 2.8891315923945887e-05 1.7327941375843687e-05 0.0 3.9250406144763754e-05 1.0306288615831258e-05 0.0 0.0 0.0 0.0 0.0 0.00023628724778177276 0.0 0.0028430639815966857 0.0
0.08104617363139609 0.0 0.030335689870552 0.04486423605200647 0.02050508797356775 0.019478830300802774 0.05733067926052784 0.015239173497741738 0.017355977568106657 0.03707283146416865 0.010328396844948953 0.0032161559446615006 0.016572417478662393 0.027636090435767667 0.0005368438817111062 6.048623524466478e-05 5.420825931509865e-05 0.0 0.0 0.0 0.0 0.0 0.0 4.6163261501240365e-06 3.7769791603913667e-06 0.0 0.0 7.620487675253579e-06 0.0 0.0 0.03725029083842984 0.002288814144098273 0.0010661406257261234 0.0 3.5369653159435653e-06 5.780188903064747e-06 0.0009291139317374613 2.8247243561162835e-05 1.929053104091065e-05 3.4513202287241797e-06 0.0 0.0 0.0 7.186606342217098e-06 0.0 0.0 0.005702660774904298 0.00017588970589827298 3.344703653021385e-05 2.6971324533239387e-06 7.290072526534229e-05 1.16409348997837e-05 1.4106978793775436e-05 0.0 0.00021803317326386372 0.0008827800950679058 0.004596955476611517 0.009890483583048889 0.0013846926081756508 0.0009234178022617776 0.0 1.549171205200137e-05 3.962355704778545e-06 0.005936943011164775 0.00019656653298336197 3.0698591903669866e-05 8.065092785550271e-05 1.551120770159064e-05 6.687716636663816e-06 0.0 0.001226080382020472 0.00013640353992600457 5.664369085094786e-05 0.0040003601414366746 0.0008476806157602474 0.0011516899339380768 0.00031486946165830567 2.7754813493574765e-05 8.481532517660563e-06 0.00012540123813668496 1.3316894529668741e-05 3.1026772484070184e-06 0.0003092815280292501 2.847122044532221e-05 8.802492995410474e-05 0.000764053938112182 3.901813603091099e-05 3.3183396064964705e-06 0.0003301285015944823 5.6556901543596394e-05 0.0002563548504748884 7.822621733627232e-05 4.6339116987805295e-06 3.294260450839589e-05 2.6825359168442256e-05 0.0010867017298786096 6.224434209765224e-05 3.9972141923174055e-06 0.00011568843957142007 0.01079470640480125 0.0 0.0 0.0 0.0 0.0 2.052985632098467e-05 0.0 0.0 0.00010248159446189308 0.0 0.0 0.0 0.00013232165817644276 0.0 0.0 0.0 0.0 0.0 0.0 0.0 0.0 0.0 0.0 0.0 0.0 0.0 0.0 7.919839324441463e-05 0.0 0.0 0.0 0.0 0.0 5.438241450947746e-05 0.0001802668842565951 9.843507048158673e-05 0.0 0.0 0.0 0.0 0.0 0.0003386367857790126 0.0007041548360811459 0.00029790022698382575 0.0 0.0 0.0 0.0 0.0 0.0 0.0 0.0 8.887090879324255e-05 0.0 0.0 0.0 0.0 0.0 0.0 0.0 3.2307115899949133e-06 0.0 2.884762575018091e-05 0.0 0.0 0.0 0.0 0.0 0.0 2.841494016924935e-06 0.0 0.0 0.0 0.0 0.0 0.0 0.00011908342720334385 0.0 0.0 0.0 5.403391324208565e-06 0.0 0.0 0.0 0.0 2.9882211084147607e-05 0.0 0.0 0.0 0.0 2.9857172855375436e-06 0.0 0.0 1.7038102949514807e-05 5.660869512009351e-06 0.0 0.0 4.215554845820753e-05 7.632433102064258e-06 0.00016216046934855002 0.005681687747034659 0.0003734969736100566 0.01972927189262309 0.002890449154252029 0.012485017894203847 0.001826512743987082 2.8520510251525756e-05 0.0013571746264271997 0.00011733075171512847 0.0 7.836307311027544e-05 6.38910310411167e-05 4.0188077716221535e-05 0.0 0.0 0.0 0.004526153958581331 8.839840897907609e-06 0.0029278911089096675 0.000258603549334126
0.011417012434702252 0.030335689870552 0.0 0.001384530412868585 0.013114099750424213 0.0029695853954675652 0.005457432301537625 0.05296564218889931 0.0013944137607047199 0.004975410411529544 0.014552899321568497 0.004192173977317122 0.01264347896998384 0.01595379201896227 0.0003353004565185419 0.00013858719228958206 3.3760933551994113e-05 6.845651879666911e-06 0.0 1.5947715324815344e-05 0.0 2.1461692159434325e-05 2.7414476363025976e-05 1.246008766619298e-05 8.466858446595158e-05 1.1057212787256481e-05 4.338233595670122e-06 2.466402987708734e-05 9.224499784390781e-05 2.4826559353221787e-05 0.11211103206229661 0.009271177813492334 0.006021463905522347 2.6849792422369784e-05 2.8438860995548804e-05 0.0004007558846749946 0.004498907266903996 0.00045983724475883776 0.0008118711090802066 0.0002766313816644156 0.00011035287562897832 5.491739526322657e-05 5.529889434585148e-06 3.876956971939615e-05 7.600813504186906e-06 0.0 0.0034905446490828746 9.761084102709609e-05 6.212785617634943e-05 8.687968549262355e-06 5.880645935668761e-05 1.5866737824913166e-05 0.00024361235445151456 1.6352386442623875e-05 0.00011771967324227274 0.0005583413998971617 0.0023990082760106946 0.007408445801873407 0.0008654869954842933 0.0007056525758008339 6.44257593933661e-05 0.0005745344989083313 9.18827228163417e-05 0.0078768079567139 0.00019898439080187497 3.6373667150503535e-05 6.868988396494514e-05 0.0 1.1657551857685021e-05 1.0755422624079429e-05 0.006953515661623691 0.00046560939756623695 0.00010177709165879438 0.0026463634008060052 0.0009274808327743292 0.0012386164683040669 0.0006214946087709527 0.00015502845087776653 0.0002811581376210814 0.0075049120854443555 4.7828329480576045e-05 0.0022157392323512827 0.00023444600749940634 2.5048189692188462e-05 8.037859084399708e-05 0.0004764446274411819 3.0942737508084425e-05 1.9884321344094388e-05 0.00021530943203972743 5.898620629595814e-05 0.0001896887643274469 5.27397929110137e-05 1.0280818412409048e-05 4.956040716598672e-05 6.094963467017522e-05 0.0018761353100178206 0.0004009951089760011 5.78113638148614e-05 0.0012712251103972913 0.0026691180659213607 0.0 0.0 4.113321195868765e-05 0.0 0.00024690725752708916 0.0 1.5735051286207978e-05 1.7297042173913447e-05 2.011537940491204e-05 8.656043808488571e-05 0.00010247353654401452 0.0 0.000177048891335922 5.149652306875188e-05 0.0 0.0 1.7421700119606137e-05 4.5645284195189e-05 0.0 0.0 0.0 0.0 0.0 0.0 0.0 5.814720109992302e-05 0.0 0.0004627821229558843 0.0 0.0 0.0 5.662280173474553e-05 2.3754680908916856e-05 0.0 0.00043236625412251524 1.2851373616969512e-05 0.0 0.0 0.0 0.00018867595887664193 0.00012446101362922484 0.000706621445512248 0.001339514442121401 0.0008542983869458928 0.0 0.0 3.349522076526498e-05 0.0 0.0 0.0 0.0 1.303909092234836e-05 0.0001168967131569911 0.0 0.0 4.750785161552706e-06 0.0008508954457746271 2.0753410432632016e-05 0.0 1.5965558007499677e-05 0.0 8.613690731668357e-06 0.0 0.0 0.0 8.802798874477949e-06 0.0 0.0 0.0 0.0 0.0 0.0 0.0 0.0 0.0 0.0 0.0001480322617482206 0.0 0.0 2.1411589410067098e-05 2.050772885992437e-05 0.0 0.0 5.6359622690988054e-05 1.94284918602297e-05 3.636404670959079e-05 5.77193463785288e-05 0.0 0.0 0.0 4.149019233896064e-06 3.631904562553663e-06 0.0 1.4813305723546063e-05 1.2118211938168817e-05 0.0 0.0 6.05581996447629e-05 0.0003792505260044362 0.0009156986064071031 0.0017853072142661962 0.00011104055061375612 0.010844128029791369 0.0011921904500057446 0.004203150334598535 0.0006404715490898196 6.189188601426174e-05 0.0003390087246289992 0.0007154296478821658 4.4620954775494245e-05 0.00042617739932207245 0.00011770159840279229 6.767505115167733e-05 6.186588340142604e-05 0.0 1.990418245002179e-05 0.000371593750092315 0.0 0.001077876672083957 0.00014550575218287055
0.020622076926589895 0.04486423605200647 0.001384530412868585 0.0 0.0007634393793722632 0.012815512075879878 0.020420568005471096 0.0002171963692192407 0.0 0.08295911936569701 2.729706339204815e-05 0.0003187847578922162 0.0008496523917882314 0.0002202353421695462 0.0 0.0 0.0 4.5014098506476005e-06 0.0 0.0 4.590275160334243e-06 0.0 0.0 4.045788072183723e-06 0.0 0.0 0.0 4.112514878244451e-06 0.0 0.0 0.014825764828686838 0.000150849322511218 3.6797504218442313e-06 0.0 3.4883824968574633e-06 3.2759282669967372e-06 0.0 3.3942146523308835e-06 2.812443655980142e-06 0.0 3.718974140737092e-06 0.0 0.0 0.0 0.0 0.0 0.0019396677066600865 0.0001379379685699407 3.2916072378247264e-05 2.2577098556957023e-06 5.335778667759292e-05 5.3272835957416e-06 0.0 0.0 0.00015923448314083933 0.0005829148014663789 0.0030811203685432477 0.012098541091966068 0.0009341952087935643 0.0005845060387205687 2.970289243867192e-06 0.0 5.879079810654825e-06 0.002270310415576136 0.00020768588531088088 2.6843316352015263e-05 2.5747773032306688e-05 1.993926323492316e-05 3.672961084420009e-06 0.0 0.0 0.00014399541315873683 5.526859091662787e-05 0.003093465788893527 0.0001991139329795055 0.0003690655036891449 2.113751608657799e-05 3.237958930973837e-06 0.0 0.0 0.0 6.465611993212253e-06 0.0003470668349636861 3.980725669970888e-05 5.426086215390423e-05 0.0005759210206678092 5.154665000659616e-05 0.0 0.00028715898722068473 3.3367369414764384e-05 0.00020550679786505223 6.220554772422716e-05 0.0 3.1534892459884565e-05 1.6509336268105152e-05 0.0004932091589781065 0.0 0.0 0.0 0.0020297076187834806 0.0 0.0 0.0 0.0 0.0 0.0 0.0 0.0 3.4712379672380824e-05 0.0 0.0 0.0 0.0 0.0 0.0 0.0 0.0 0.0 0.0 0.0 0.0 0.0 0.0 0.0 0.0 0.0 0.0 0.0 0.0 0.0 0.0 0.0 0.0 0.0 0.0 0.0 0.0 0.0 0.0 0.0 0.0 0.0 0.0 0.0 0.0 0.0 0.0 0.0 0.0 0.0 0.0 0.0 0.0 0.0 0.0 0.0 0.0 0.0 0.0 0.0 0.0 0.0 0.0 0.0 0.0 0.0 0.0 0.0 0.0 0.0 0.0 0.0 0.0 0.0 0.0 0.0 0.0 0.0 0.0 0.0 0.0 0.0 0.0 0.0 0.0 0.0 0.0 0.0 0.0 0.0 0.0 0.0 0.0 0.0 3.4097707351786966e-06 0.0 0.0 0.0 0.0 0.0 0.0004906836750567671 4.066125165272682e-05 0.007967607088341756 0.0003772511227918801 0.0035316276039591946 0.0003690943342504505 4.492105305986851e-05 0.00010310000968639317 0.0 0.0 6.590000184802119e-06 3.1589167721544025e-06 0.0 0.0 0.0 0.0 0.011063459573459476 0.0 0.0007626126558754535 0.0
0.0008204866757334378 0.02050508797356775 0.013114099750424213 0.0007634393793722632 0.0 0.0003390082529536966 0.0193006542146047 0.020369748661954342 0.07453593866629969 0.012485845874449791 0.026840230101634877 0.002171805643105811 0.020071938486041416 0.035274326024304144 0.0006135386618870505 3.549120025664431e-05 4.3296264941951055e-05 0.0 0.0 0.0 0.0 0.0 0.0 0.0 0.0 5.3838333629990564e-06 0.0 0.0 6.98901119897944e-06 5.473237129218429e-06 0.0012953990157367396 0.00030154106471904187 0.0002849053331415876 0.0 0.0 0.0 0.0002579465471786833 0.0 4.488677772496129e-06 5.2060406949237625e-06 0.0 4.978585928432832e-06 0.0 7.101916174004984e-06 0.0 0.0 0.0019355290563953008 7.231780689384075e-06 6.56463262465646e-05 0.0 9.117507261912516e-06 3.2827972686443104e-06 0.0 0.0 2.7693659502293262e-05 9.599048255549877e-05 0.00043078284433837623 0.0005224313396146512 0.00021864826362444147 0.00015088883859518137 0.0 0.0 0.0 0.0014164060707528132 4.557330927836172e-05 1.6937111325276025e-05 1.7321211983775642e-05 3.91446462355261e-06 3.1712715626474406e-06 3.4655640866916806e-06 0.00024697850231999486 1.1354661118801898e-05 0.0 0.0004544235725431253 0.00018989570437329345 0.0006775523476998741 0.00040430001240932917 6.241721346231949e-06 0.0 4.9863442772813965e-05 0.0 1.6875402313613366e-05 2.2781917641451233e-05 1.7788484720633863e-05 8.35376267181092e-06 0.00010419216911703702 6.88453958906327e-06 3.6687727970340395e-06 2.6801251144363843e-05 0.0 3.469051933624106e-05 1.0461086981445652e-05 0.0 3.234709787501407e-06 0.0 0.0005444527268413489 3.636997814483418e-05 0.0 1.6299125256573184e-05 1.1188923251520498e-05 3.2268623093732545e-05 0.0 0.0 0.0 0.0 0.0 0.0 0.0 0.00012646796732747738 0.0 0.0 0.0 0.0 0.0 0.0 0.0 0.0 0.0 0.0 0.0 0.0 0.0 0.0 0.0 0.0 0.0 0.0 5.806806113552243e-05 0.0 0.0 0.0 0.0 0.0 0.0 3.188584149598718e-05 0.0 0.0 0.0 0.0 4.812735847651347e-05 0.0 0.00015329659351783165 0.00011868696334096786 0.0 0.0 0.0 0.0 0.0 0.0 0.0 0.0 0.0 0.0 0.0 0.0 0.0 9.824852053314408e-05 0.0 0.0 0.0 0.0 0.0 1.0198038608047933e-05 0.0 0.0 0.0 0.0 0.0 0.0 0.0 0.0 0.0 3.814129243213096e-06 0.0 0.0 0.0 0.0 4.942904349086659e-05 0.0 0.0 0.0 0.0 0.0 0.0 0.0 0.0 0.0 0.0 0.0 0.0 0.0 0.0 0.0 0.0 0.0 0.0 0.0 4.8490828204511555e-05 0.0 5.311620873260155e-05 0.002091719138376081 6.759845018861299e-05 0.004480913669682124 0.0010415723964157637 0.002995431747849361 0.0007169430104659317 2.7191770951421437e-05 0.000500661475214952 8.912003117681147e-05 0.0 5.2115041357197694e-05 0.0 0.0 0.0 0.0 0.0 6.205709015753852e-05 0.0 0.0001445842337815584 4.949590464814227e-05
0.0024246908177158262 0.019478830300802774 0.0029695853954675652 0.012815512075879878 0.0003390082529536966 0.0 0.004770945761315475 0.0009275199684156153 6.660954400481271e-05 0.03637108887391644 0.00022317228076191708 0.003887833664019254 0.004803370952214503 0.0008771678558317228 0.0001521636893863409 0.0002103975662129405 6.32790436414761e-06 0.0 0.0 3.4273636455456e-06 0.0 0.00011483976555751808 0.0 0.0 2.9211195912942418e-06 4.636570327910908e-06 0.0 0.0 5.54638329417171e-05 0.0 0.00571942186563036 0.00046178374382829763 0.0001510146870346144 6.721382001280042e-06 0.0 0.0 0.0004519223628101852 0.0001413320714820243 0.0015919323290082192 0.0001406091546749299 0.0 0.0 0.0 4.32910686260756e-05 0.0 0.0 0.00021283382857039293 1.3483616499880822e-05 0.0 0.0 3.0508398960247935e-05 0.0003644323236917953 0.0007219954075321022 6.447941259049604e-06 3.8113654467911674e-05 0.00013361123738386558 0.0011135610817448632 0.007431567796093444 0.00019080236579132836 6.04624216890027e-05 4.824498283374732e-05 0.00036931645940152394 1.3601056551436222e-05 0.0008340263300987845 4.150934356567009e-05 0.0 3.6012606542236645e-06 0.0 2.8957224791396588e-06 0.0 0.0014146089357920954 0.02254712382389646 0.009291626593719082 0.0007077089794224912 5.999788829717114e-05 7.278795174943117e-05 9.06769014690914e-05 2.27860649135935e-05 5.065384700840518e-06 0.00010158723078109552 9.560842082786405e-06 0.0002783871574843859 0.00010417012763023758 0.0002162774300457538 3.073458909005798e-05 0.00010371633234470969 1.027536838044271e-05 0.0005388804733925453 0.00015215944877822738 0.0020577904735107947 7.10802460580007e-05 0.0001420191154630528 0.0 4.54522832850827e-06 2.6542138393934145e-05 0.002213233232511131 0.0031108535483731314 0.00026501389013142775 0.0024534449791906612 0.004558234778132507 0.0 0.0 0.0 0.0 0.0 0.0 0.0 0.0 0.0 0.0 0.0 0.0 0.0 0.0 0.0 0.0 0.0 0.0 0.0 0.0 0.0 0.0 0.0006563527768641626 0.0 0.0 0.0010184507889484432 0.0 0.0 4.808951928501387e-05 0.0 9.906857300573255e-05 0.00023583404616560569 0.0013279213699076747 6.189538072335992e-05 0.0 0.0 0.0 0.0 0.0 0.0 0.0 0.0 0.0 0.0 0.0 0.0 1.74455299761984e-05 0.0 0.0 0.0 0.0 0.0 0.0 0.0 0.0 0.0003135601688420818 0.0009364932476763872 0.000810227652716366 0.0 0.0 0.0 0.0 0.0 0.0 0.0 0.0 0.0 0.0 0.0 0.0 0.0 0.0 8.072948387851696e-06 0.0 0.0 0.0 0.0 0.00010968721767960464 0.0 4.583946245312424e-05 0.00017397476148588793 0.0 0.0 0.0 0.0 0.0 0.0 0.0 0.0 1.9707515933968514e-05 0.0 0.0 5.236190264399832e-05 4.928822028078979e-05 7.040372432740995e-05 2.9551302201286255e-05 0.0 2.41568826987198e-05 9.554420252462499e-05 0.0 0.0015997255778854025 8.235116141086861e-05 0.0013622614124089525 0.00023324090681102136 0.003359654824124933 1.4408576237890723e-05 2.090591562545417e-05 0.00018678837636433587 5.134264439110208e-05 0.00011511289921125722 4.51139217221057e-05 3.1299918757884286e-05 0.0 0.0 0.0 0.0 3.698147651656908e-05 0.0 0.001528317720727885 2.712958763527389e-05
0.014717111688646098 0.05733067926052784 0.005457432301537625 0.020420568005471096 0.0193006542146047 0.004770945761315475 0.0 0.002305384099319064 0.09978795977225131 0.07144992506060638 0.011921295396870776 0.007841307555107998 0.0683236891126416 0.08129023663321318 0.0014181206365066717 0.0003576169436911646 0.00016613432483374136 1.381346398185221e-05 1.0976693027990772e-05 0.0 5.777533428953113e-06 3.243509397703605e-06 7.117840605291451e-06 5.84494198198131e-06 4.301782875337202e-06 0.0 5.9871002908243424e-06 0.0 3.5527091224067953e-06 1.9028567993961728e-05 0.005568545172542761 0.0009591327425132573 0.0005757785803791658 1.8327352983315106e-05 0.0 0.0 0.00054843495180252 0.0 4.200087944836174e-05 3.1574302850719925e-05 0.0 0.0 3.4678977488911703e-06 4.13358724845228e-06 0.0 0.0 0.006184259472257018 0.00010568585253428979 8.776126898123376e-05 0.0 5.571814980073388e-05 3.2152830224881044e-06 9.790745669661069e-06 7.3191323788270865e-06 0.00015542166796293414 0.0005032972575399959 0.002562731105384143 0.00404788570743079 0.0008943664403872871 0.0007858753899604868 4.399142547162318e-06 1.0990810685208413e-05 0.0 0.004643935335051064 0.00017633775037338066 2.0188950761225053e-05 3.324850460932671e-05 6.3584391614126305e-06 9.750160560179098e-06 0.0 0.0007623506970351961 0.00011742774961147066 0.0 0.002681435338246057 0.000811852980079571 0.001918743772196735 0.0010534106230511492 0.00010504596267469167 0.0 0.0001161150761926599 3.584217505873337e-06 1.3508389444160057e-05 0.00021770110280826718 1.5116474366997105e-05 7.425352053171571e-05 0.000452370485372007 4.279369990247632e-05 1.4490753433671257e-05 0.00024254735670871838 5.422697409754817e-06 0.00012501915064306384 5.617962597940013e-05 0.0 2.06788210569368e-05 1.5278485105465985e-05 0.008460241993155673 0.00014773633781656618 0.0 2.466410007625445e-05 0.0008658812429459999 1.3878362717467569e-05 0.0 0.0 0.0 0.0 1.5865822606558454e-05 0.0 0.0 0.00012255771071017794 0.00019069497000487066 0.0 0.0003022046737466579 7.842022259401296e-05 6.46955566147808e-05 0.0 1.7322386439504028e-05 0.0 0.0 0.0 0.0 0.0 0.0 0.0 0.0 0.0 0.0 0.0 7.775314015367526e-05 0.0 0.0 0.0 8.76892196585477e-05 6.815309959214597e-05 0.0 0.0005164610713488392 2.7958844349218814e-05 0.0 0.0 0.0 0.00019068642621410513 0.0 0.0004406605007836106 0.00032835377830942996 0.00027622725478734084 0.0 0.0 0.0 0.0 0.0 0.0 0.0 0.0 7.430655350474374e-05 0.0 0.0 0.0 0.00011294985411554066 0.0 0.0 0.0 0.0 0.0 8.682854737127102e-05 0.0 0.0 0.0 0.0 0.0 0.0 0.0 0.0 0.0 0.0 0.0 0.0 0.0 0.00020578349379787435 0.0 0.0 0.0 0.0 0.0 0.0 0.0 1.7441326439555154e-05 0.0 0.0 0.0 0.0 0.0 0.0 0.0 0.0 8.201636344156574e-06 6.515861450951192e-06 0.0 0.0 0.000403743885142432 0.0002251656195026056 0.001137023949711552 0.008525622875580858 0.00022309214985871188 0.01816760813842617 0.0036937972438955678 0.010917680784113854 0.0020145089001765547 9.336718095877973e-05 0.0017170994300487086 8.068483194987076e-05 0.0 6.907529211579698e-05 1.8213727612342444e-05 0.0 3.771130386639119e-05 0.0 0.0 0.0026449902383161136 1.5066981325002638e-05 0.001431440076610632 0.0007891203343658835
0.0015634968925226018 0.015239173497741738 0.05296564218889931 0.0002171963692192407 0.020369748661954342 0.0009275199684156153 0.002305384099319064 0.0 0.011605393361202957 0.003290425069127182 0.007027034067257083 0.004223381123274604 0.015139310035904187 0.042417620570999494 0.0007452237324568498 0.0003184119393178358 7.064557412985e-05 8.578163380155243e-06 0.0 5.7957603140453035e-05 2.7260452028677388e-05 8.733558333522777e-05 4.4009365696970425e-05 7.03468422315112e-05 0.0002865902001781487 1.8035459588109343e-05 6.591100760508186e-06 7.835191591231493e-05 0.00023229666123216882 4.149998025878519e-05 0.016323757760977116 0.01202078569439648 0.018134065242829924 8.489197924915222e-05 7.34687840243843e-05 0.001511443927999669 0.011136838982638642 0.002012197322582454 0.002889061914594327 0.0008029226301072099 0.00026492938716099457 0.00016178750143661563 2.949509974900914e-05 0.0038583995392142112 0.0 2.3787751815417597e-05 0.0036617629671809415 0.00010809544288909581 0.00010407365767369899 2.2067165759954554e-05 4.29454331673785e-05 8.213736209134893e-05 0.000689648795529975 5.9398981868171704e-05 7.172095148994477e-05 0.00025042295091788917 0.0010305497883999553 0.0018527569686842052 0.0003587789013386188 0.0006490276249724854 0.0005296861111885594 0.005101408729865209 0.00036160008387069056 0.00881717022018004 9.223657815054632e-05 9.468840947383977e-06 4.243691749962967e-05 1.269594871721571e-05 2.7865430554172645e-06 2.5154664476090423e-05 0.017866351821905088 0.0011563114805925529 0.00014106942037807042 0.0016319451546352114 0.0008831007013685093 0.0022152238650344895 0.00468339381625967 0.01550403982396554 0.008131971312518745 0.035526028153121385 0.0005367256565857195 0.035014555193754265 9.358649314772239e-05 3.187558689630639e-05 2.807209401004241e-05 0.0002717542641624296 1.785490312361212e-05 3.8117061625239675e-05 0.00013173524759356619 0.00015486730803237117 0.00012512051193033243 6.46244585302468e-05 4.350379366171206e-05 0.00010669481175432454 0.00010295780825896061 0.0032510606758359623 0.0012343896597167116 0.00012660190549789469 0.003485226205060906 0.0007558094350541533 3.297838242098113e-05 0.0 0.0 0.0 3.0313344395855888e-05 0.0 1.8820277863009914e-05 0.0 0.00021448595255948468 0.00022804581508282083 0.00016619797418193307 0.0003547984913019818 0.00026025600091933085 2.6502912571695455e-05 4.2228386272662005e-05 8.129652277774919e-05 4.9582671870362514e-05 0.0 0.0 0.0 0.0 0.0 3.656272980845951e-05 0.0 0.0 6.950828741440215e-05 0.0 0.0009523677939097796 0.0 0.0 0.0 0.00015100467642305 1.0225424170767495e-05 5.8245255401708804e-05 0.0002610692227763332 0.0002835431206700924 6.024181226151874e-06 0.0 0.0 0.00014199224232796135 0.000148757468047252 0.0005827417093818582 0.0019140455454408067 0.0013048805729871812 0.0 1.7461712067349164e-05 0.0 0.0 0.0 0.0 0.0 0.0 0.00011694587150408022 0.0 0.0 0.00011237919956482493 0.000661369201984095 0.0001689672124853623 3.1286104508302765e-06 0.0 2.8730733883132714e-06 5.9985957067944796e-05 9.758485760729114e-05 0.0 0.0 4.005566368277705e-05 0.0 0.0 2.21462544553005e-05 3.2919867865799293e-06 0.0 0.0 0.0 0.0 0.0 0.0 0.00012544110232438335 0.0 0.0 1.4663432342194943e-05 5.74036772878859e-05 0.0 0.0 7.447812973421552e-05 5.08536059686665e-05 1.6841647819717548e-05 6.405173612766101e-05 0.00010326113859712243 2.1169860287094122e-05 0.0 0.0 2.8522523679322477e-06 0.0 1.0939115965965354e-05 7.775310229345028e-06 3.209312412428595e-06 0.0 0.0003371839538074077 0.0005551738318006861 0.0016206523615936005 0.0016286864020273522 0.00011613514474106992 0.007062905317653995 0.0010308590301915752 0.00175938011575254 0.0005889415567934504 3.887218328618884e-05 0.00032411042848462366 0.0014225423866035803 1.4307265430922081e-05 0.0006745120351811925 0.0003506173510851459 0.00011030466746836834 0.0 0.0 5.371292794485494e-05 5.836103407297593e-05 0.0 0.0008400513268972824 0.0003035336223296724
1.438923807632055e-05 0.017355977568106657 0.0013944137607047199 0.0 0.07453593866629969 6.660954400481271e-05 0.09978795977225131 0.011605393361202957 0.0 0.0028344536520116554 0.024186180900584713 0.002516061384235704 0.015749637608840336 0.024978507841408613 0.00016667968612500285 0.00011372191612381269 1.267971220199157e-05 0.0 0.0 0.0 0.0 0.0 0.0 5.954053572800655e-06 6.482165324902189e-06 6.923378921505517e-06 0.0 0.0 0.0 0.0 0.0002853342926453796 0.0002304918085697604 0.0009209639188617078 0.0 0.0 0.0 0.0005340972462248952 5.8790131345919815e-05 0.0 1.5619211617911736e-05 0.0 0.0 0.0 5.703904756466204e-06 0.0 0.0 0.000458099887412473 0.0 2.2015946396869298e-05 0.0 6.262625185855066e-06 0.0 0.0 0.0 0.0 1.6568497602130017e-05 4.59275968501346e-05 5.875341691860335e-05 1.644982367532651e-05 1.3336769833180502e-05 0.0 5.675316921269647e-05 0.0 0.0001694290772571708 3.4839165678218022e-06 0.0 0.0 0.0 0.0 0.0 0.00015570660927433203 0.0 0.0 5.402112069274153e-05 4.6828940484072313e-05 0.00012128398100234629 7.322102355724094e-05 1.1911070759877185e-05 0.0 0.0004635672304408366 0.0 0.0 0.0 0.0 0.0 9.026067194010508e-06 0.0 0.0 1.1320721004636498e-05 0.0 8.796526697209921e-06 0.0 0.0 0.0 0.0 0.0007569012660999293 2.3609617353644765e-05 0.0 1.2425440827828367e-05 1.789091240423876e-05 0.0 0.0 0.0 4.075451295520025e-05 0.0 0.0 0.0 0.0 0.0 0.0 0.0 0.00012534667366497374 0.0 0.0 0.0 0.0 0.0 0.0 0.0 0.0 0.0 0.0 0.0 0.0 0.0 0.0 0.0 0.0 0.0 0.0 0.0 0.0 0.0 0.0 2.1647288240542614e-05 0.0003175272031767432 0.0 0.0 0.0 0.0 0.0 5.096096073988051e-05 0.0 0.0 0.0 0.0 0.0 0.0 0.0 0.0 0.0 0.0 0.0 0.0 0.0 0.0 0.0 0.0 0.0 0.0 0.0 0.0 0.0 0.0 0.0 0.0 0.0 0.0 0.0 0.0 0.0 0.0 0.0 0.0 0.0 0.0 3.458651650952697e-05 0.0 0.0 0.0 0.0 0.0 0.0 0.0 0.0 0.0 0.0 0.0 4.462584295120548e-05 0.0 0.0 0.0 0.0 0.0 0.0 0.0 0.0 3.9885481971591206e-05 4.5144826708236976e-05 0.0 0.0004334858403940404 0.0 0.000556712368016112 0.00016021777917547188 0.00035363071632579557 4.674599504122699e-05 0.0 0.0002634618512245216 0.0 0.0 1.8948060328934545e-05 0.0 0.0 0.0 0.0 0.0 0.0 0.0 5.2821315966240796e-05 0.00013835853046550238
0.007892767149208158 0.03707283146416865 0.004975410411529544 0.08295911936569701 0.012485845874449791 0.03637108887391644 0.07144992506060638 0.003290425069127182 0.0028344536520116554 0.0 0.0038617917664676513 0.021227963273761332 0.11648330720940278 0.05620781957344499 0.0008969579144178099 0.00042599326138546123 8.056055050308184e-05 0.0 0.0 0.0 0.0 0.0 0.0 7.4767103159571415e-06 0.0 0.0 1.2508600286111974e-05 0.0 2.1026605609236687e-05 0.0 0.004717657744459522 0.0015412478806842373 0.0005540921078574646 5.320912824137742e-06 0.0 3.8114335426124454e-06 0.005249838333359773 0.0 2.4285652685512084e-05 2.5466385060772062e-05 1.1117090310536798e-05 1.259378736977666e-05 0.0 9.54209638115318e-05 0.0 0.0 0.0026359571559379205 5.878456352658694e-05 8.037431079814926e-05 0.0 1.9726499418847935e-05 5.155618762826681e-06 3.585136983503355e-05 7.742346067645213e-06 5.154469573540093e-05 0.00018492238311947559 0.0011322077851998618 0.0037285729266528346 0.00033695842544277974 0.000288792784757551 6.697241375341248e-06 2.2104153359310836e-05 0.0 0.0017416752863539694 4.39935427521203e-05 7.404725671155382e-06 2.053060379750936e-05 5.977719105499872e-06 0.0 0.0 0.007973427238712263 8.278852062623664e-05 4.0867286471111346e-06 0.0009870226181526774 0.0002702516592723756 0.0006755265895640563 0.0006685108640325953 0.0001629373803577172 3.5844273934954464e-05 0.0001775268456516647 0.0 8.733625035877441e-05 8.18463339600344e-05 1.2684182074800663e-05 1.7209819840239043e-05 0.00016988790611219048 6.295563318650225e-06 0.0 8.641797479089717e-05 1.0727392385862667e-05 6.475685599984284e-05 1.956049127162725e-05 0.0 2.498239808626784e-06 1.870394364552516e-05 0.06571001238963665 0.0016697348925305586 1.0833985220049396e-05 0.0006288500214991004 0.0010009324950378128 0.0 0.0 8.130861911962323e-05 0.0 0.0005347840719837936 0.0006771911845534982 2.1903688200686787e-05 0.00010316832004894642 0.0005214469579906516 0.0006122588574535408 0.0 0.0018321527998404208 0.0008488932656197383 0.0005735792488870094 0.0 0.00010783006006474394 0.0 4.023932678906663e-05 0.0 0.0 0.0 0.0 0.0 0.0 0.0 1.1239909931973198e-05 0.0 0.00016832183184147236 0.0 0.0 0.0 0.00017869987478573687 0.0 0.0 0.000992306252852816 0.0004221891827173836 0.0 0.0 0.0 0.00045336284393507066 0.0 0.0005296418015794471 0.0019094109438445941 0.0008042743921049438 0.0 0.0 0.0 0.0 0.0 0.0 0.0 0.0 0.00010970622561587936 0.0 0.0 0.0 0.00024634765605871533 0.0 0.0 0.0 0.0 0.0 0.00021177239034603836 0.0 0.0 0.0 0.0 5.9744318388842556e-05 0.0 0.0 0.0 0.0 0.0 0.0 0.0 0.0 0.0011858755795498752 0.0 0.0 0.0 0.0 2.952684449596344e-05 0.0 0.0 0.00010616825069393693 6.827799416424464e-05 3.1537664143853357e-05 0.0 8.019124399040274e-05 2.3637236387751564e-05 3.5973960191774387e-06 0.0 0.0 0.0 0.0 0.0 0.0 0.0021310435607348015 0.0005178699386600482 0.0030162536161416724 0.004838708575097788 0.00012069013075380641 0.007013739839433763 0.0018873707913551468 0.004793520269339122 0.0006448413163091064 1.6371686743969088e-05 0.0010724158291829657 0.0005150991496649055 0.0 0.000519472622979546 9.537739089929689e-05 0.0008627287411157118 5.6186727663680234e-05 0.0 8.736014699659682e-05 0.026098487244570697 0.0 0.0010380327853536833 0.002404928540121475
0.00019638719593361025 0.010328396844948953 0.014552899321568497 2.729706339204815e-05 0.026840230101634877 0.00022317228076191708 0.011921295396870776 0.007027034067257083 0.024186180900584713 0.0038617917664676513 0.0 0.009806270042467136 0.02790848523617416 0.10006872048504388 7.957177183462256e-05 0.00011096580322420535 0.0 0.0 0.0 0.0 4.24350126570615e-06 0.0 0.0 0.0 5.708133007422961e-06 0.0 0.0 0.0 1.151510433879023e-05 0.0 0.002116060761357075 0.0011837015502563926 0.022877122541954377 0.0 0.0 0.0 0.006247538838762079 0.00018729553221900498 6.846691063966539e-05 1.4559672189006113e-05 0.0 1.5601263505017623e-05 0.0 0.0 0.0 0.0 0.00025537190044064507 0.0 0.0 0.0 0.0 0.0 7.725861883449474e-06 5.011201460561163e-06 0.0 5.759584001467856e-06 3.988348090095125e-05 4.5014392974892366e-05 1.2943688150900756e-05 2.123223001226594e-05 0.0 0.0001377492056387656 3.7775581063313507e-06 0.00017499518972490262 0.0 0.0 0.0 0.0 0.0 0.0 0.006154786060895627 1.1340399382394836e-05 0.0 5.503371764939104e-05 3.8146771122184224e-05 6.974604620920087e-05 0.00011867619342155846 1.688692970044013e-05 4.049731582698612e-06 0.0018329253277397943 0.0 4.7234340937047734e-05 3.7477366062212684e-06 0.0 0.0 3.2788080103575986e-06 3.4890776526546074e-06 0.0 3.4568491361591804e-06 4.735270882703282e-06 0.0 7.383608604848648e-06 0.0 0.0 6.063045798744092e-06 0.000721654679179229 9.024001261443482e-05 0.0 0.00020762527174801883 4.348776774398924e-05 0.0 0.0 0.0 0.0 0.0 0.0 0.0 0.0 6.532968593598427e-05 8.350171051053555e-05 0.0 0.0 0.0 0.0 4.940523782275138e-05 3.3229023420240034e-05 0.0 0.0 0.0 0.0 0.0 0.0 0.0 0.0 0.0 0.0 0.0 5.356004835647489e-05 0.0 0.0 0.0 0.0 0.0 0.0 0.00012743372487581642 8.366486283995422e-05 0.0 0.0 0.0 0.00016337461941945465 0.0 0.00019512256766610764 0.00017140284226155607 7.31307095681132e-05 0.0 0.0 0.0 0.0 0.0 0.0 0.0 0.0 0.0 0.0 0.0 0.0 5.4496497884004805e-05 0.0 0.0 0.0 0.0 1.7804267176076738e-05 1.6413590651287097e-05 0.0 0.0 0.0 6.885588632796482e-05 0.0 0.0 0.0 0.0 0.0 0.0 0.0 0.0 0.0 0.0002137127458052441 0.0 0.0 0.0 0.0 5.74661087988415e-05 0.0 6.615267888604448e-05 0.0 0.0 0.0 0.0 0.0 0.0 0.0 0.0 0.0 0.0 0.0 0.0 0.0 1.3862982001078417e-05 2.4217690426693877e-05 0.00044775609692922967 0.0004680707460035792 6.664662125928504e-06 0.00045815682550995443 0.0002203924949679001 0.0004555463761450174 3.1056895551388786e-05 0.0 0.00013562377125860776 0.0002113763282227161 0.0 2.860253127387834e-05 5.837299159402514e-05 0.0 0.0 0.0 0.0 0.0 0.0 0.0002537310225158752 6.034849816875851e-05
0.0005680524195576901 0.0032161559446615006 0.004192173977317122 0.0003187847578922162 0.002171805643105811 0.003887833664019254 0.007841307555107998 0.004223381123274604 0.002516061384235704 0.021227963273761332 0.009806270042467136 0.0 0.01703715873443447 0.011655190363487661 0.0010373074662627314 0.0006106765832132325 9.411719543313302e-05 1.2760879265936767e-05 0.0 3.397094395691745e-06 1.3382607260120698e-05 0.00017379536843455348 3.987132855749443e-06 0.0 0.0 1.836841555230071e-05 0.0 5.4666342796939483e-05 0.00021083407988328444 1.0157031251890388e-05 0.0011758428973147586 0.0011299175439458712 0.0004898833874620344 3.671912829441485e-06 0.0 4.80048122900351e-05 0.0018185372186343485 6.847910978256691e-05 0.0005595740843886109 0.00020381113330266774 0.00014303770642948413 0.0001683093879216997 2.5219748043220686e-05 0.00013603773522121587 5.408263724826066e-06 1.3674069995267564e-05 0.0014114478912227147 1.618435803173252e-05 4.865560536858463e-06 8.793546519085626e-06 8.354128391067284e-06 8.779124612893535e-05 0.0012563178582063674 7.995340132468897e-05 5.8693626158338545e-06 4.319094620950146e-05 0.00015242207411619486 0.00014660162743684307 1.8474043213669242e-05 3.9669933982931294e-05 1.3967665260168829e-05 0.0002055689514714399 1.9451041305047345e-05 0.000603441571784652 2.9778234286338178e-06 3.789571891881537e-06 0.0 0.0 0.0 6.224577500199963e-06 0.0056017400775902745 0.00010990817205580488 0.00013915009732550168 0.00018424096690313613 0.00012193968355298361 0.0005309771735177113 0.00056023404858082 0.00021853612847399007 1.2440937228238224e-05 0.0007331592447037327 2.973083012967212e-06 0.0002502870600537861 4.068411134105453e-06 2.6605765131158217e-05 4.213790980006881e-06 2.7137013497730217e-05 3.0437049525887137e-06 5.2301367036391114e-05 3.3981143869606636e-05 0.0001962156499397348 5.786310585938566e-05 5.7931762222328106e-05 0.0 9.492437148546239e-05 0.0001294475552003452 0.022612845743866353 0.0028926602153151303 0.00026745248588816147 0.0005614346297048505 0.00017679474826585447 0.0 0.0 5.13028259511755e-05 0.0 0.0001672755098377687 9.80208123134805e-05 3.4358478064567946e-05 0.0 3.8202212163270545e-05 0.0004629043000051691 0.0 0.0004013036905799483 0.0003369988893469582 0.0001156859894364452 9.10571474834375e-05 0.0 0.0 0.0 0.0 0.0 0.0 0.0 0.0 0.0 0.0 8.681733022795434e-05 0.0 0.00038195247774889526 0.0 0.0 0.0 4.921921791745817e-05 0.0003316203332786491 0.0 0.0005183363534947257 0.00018173047641963495 0.0 0.0 0.0 0.0002010249283600928 0.0 0.0003118944535580666 0.0010251173793166624 0.00037416615440077916 0.0 0.0 0.0 0.0 0.0 0.0 0.0 0.0 0.0001331494872444049 0.0 0.0 0.0 0.0001357804784105638 7.494142320367973e-05 0.0 0.0 0.0 0.0 2.603652508051386e-05 0.0 0.0 0.0 0.0 8.700359622470977e-05 0.0 0.0 0.0 0.0 0.0 0.0 0.0 0.0 0.00045955698496942304 0.0 0.0 0.0 2.114549512898787e-05 9.211704027444274e-05 0.0 0.0 0.0 0.0 4.958089664648114e-05 0.0 2.3161457457434574e-05 0.0 0.0 0.0 0.0 0.0 9.060936198278524e-06 0.0 0.0 0.0006421106815004679 0.00015675372423941395 0.0005285333846001207 0.004313376827275322 7.866733154978514e-05 0.002331459338320025 0.0011091954591685364 0.002273869418172188 0.0002858695791730289 1.1222873093660368e-05 0.0006443109502961106 0.00013676337296906083 0.0 0.00029016028030793726 3.4113907321377295e-05 0.0005266814012160043 0.0 0.0 0.0 8.787222073673701e-05 3.107900119023609e-05 0.0005808448747770782 0.001279854335915431
0.0011636058539617672 0.016572417478662393 0.01264347896998384 0.0008496523917882314 0.020071938486041416 0.004803370952214503 0.0683236891126416 0.015139310035904187 0.015749637608840336 0.11648330720940278 0.02790848523617416 0.01703715873443447 0.0 0.08064758038061268 0.0016126555703628428 0.001257735448355656 0.0002530024172099809 5.921123827096997e-05 1.7988503707023514e-05 4.704119279273326e-06 0.0 6.832028824221429e-05 1.3637602711086226e-05 3.1878927272404244e-06 4.359590969238049e-06 3.104226520362484e-05 0.0 1.2837373484200177e-05 0.00010646315134784455 0.0 0.003088706820402101 0.002316196006243762 0.0061329701773924945 4.802765147074094e-06 9.627322534466677e-06 9.354760990793594e-06 0.028315645078254778 4.9810465801368674e-05 0.0002532665238292498 0.000147586922701688 9.51568577180993e-05 6.67583289046963e-05 4.2658153987089505e-06 0.00017305764459864536 4.129735496399268e-06 1.5095452740007451e-05 0.0031220624823310515 7.305252136770118e-06 8.384566723634127e-05 3.2793104470929775e-06 3.3663884386597297e-06 1.2705823137137547e-05 0.00034321996740553184 2.5397685053403633e-05 7.055089122851305e-06 9.607943725738321e-05 0.0004786422965013771 0.0003667197672329126 0.0001603399094253122 0.00021321654969694564 9.236663906584237e-06 0.00024430727178182494 1.8804421264626496e-05 0.001664075165661172 2.0228693217783483e-05 6.889542134204065e-06 2.7545106759205778e-06 3.604965434986732e-06 0.0 0.0 0.0036693351772851724 0.00012852195814854847 7.81620200664916e-05 0.00047011693262286264 0.000344378217905959 0.0013275077845473163 0.0011185261231778172 0.0003366924400098473 4.2787646473174745e-05 0.005001224960007784 4.748415216637631e-06 0.0004904380066299709 1.4958911679124324e-05 3.050761046847954e-05 3.211449674711115e-06 6.13955308404348e-05 1.372971532381769e-05 9.816583169849015e-06 3.868287611428003e-05 8.963951947392415e-05 1.8740608118378157e-05 1.3593307036640145e-05 0.0 2.8593884945003573e-05 4.330288995548222e-05 0.042778924322363604 0.001933733709015621 6.238177734343177e-05 0.00011405221635097419 0.00029146659268311856 3.390251896201642e-05 0.0 2.826692141308471e-05 0.0 0.0006855711068003273 3.0753370653737624e-05 0.00013797731165370944 8.676292298134398e-05 0.0009171940190375471 0.0007036426629579154 0.00016467894623617153 0.0014735277230182961 0.0004681374575603826 0.0004001180345350161 0.0006235802110394361 0.00012167159004169205 3.3041797246112725e-05 9.141532203830604e-06 0.0 3.141034231066571e-05 0.0 0.0 0.0 0.0 0.0 6.316741066484185e-05 0.0 0.0005014455673097045 0.0 0.0 0.0 0.0 0.00017498677528990573 0.0 0.0012987622460016337 0.0003392064959274502 0.0 0.0 0.0 0.0007208338700279777 0.00012568090373090224 0.0006502763054089792 0.002389815162142459 0.0006876503230479497 0.0 0.0 0.0 0.0 0.0 0.0 0.0 1.794975560720669e-05 0.00014244453529872942 0.0 0.0 0.0 0.0003520623517743856 0.0 0.0 0.0 0.0 1.4953168230414561e-05 0.000257701958557053 0.0 0.0 0.0 9.423282108599096e-05 0.0 0.0 0.0 0.0 0.0 0.0 0.0 0.0 0.0 0.0011122876783185535 0.0002502158520694324 0.0 9.643781741430674e-06 5.185823334796232e-05 4.6155000610489104e-05 0.0 0.0 6.291492029876107e-05 0.00012580315334561844 0.00010099044426177553 0.0 9.967332699906039e-05 0.0 0.0 0.0 0.0 0.0 0.0 0.0 0.0 0.001281874830428307 0.0008729929593969863 0.0027737695508179773 0.008697476678080683 0.00012429927790322338 0.005266622666057269 0.002230871708973362 0.0045878163282872695 0.0005234130802250417 2.9607235951133455e-05 0.0012119836914799105 0.0005774036017055522 0.0 0.00022839987444157105 0.0002462154954784435 0.0005926985110498578 0.0 0.0 2.2289399759174723e-05 0.0003969115984480115 0.0 0.0007218846427114597 0.0016510596161741187
