0.0 0.07135699240326064 0.025846652694777643 0.04965995172360285 0.0001946675399484975 0.0013489386242082275 0.010822176819466428 0.010706759621225281 4.719856025640572e-05 0.04676488190288456 0.002871918216219052 0.009624809262585557 0.004782214364218284 0.0008885278605457893 6.436596968450698e-05 4.550918356597875e-05 0.0 0.0 6.984548344383603e-06 0.0 9.404829701989544e-06 3.4868482873185934e-06 7.764414703413698e-06 4.4128193084490745e-06 6.462961225585329e-06 8.403365747530863e-06 7.677617440991338e-06 0.0 0.0 0.0 0.03880214807138582 0.0005648577527497024 0.00072933774097979 0.0 3.996319487259087e-06 4.558310903486387e-05 0.0003085610812902758 3.22929549535177e-05 5.155955769792593e-05 5.575122050545736e-06 0.0 0.0 0.0 0.0 2.618260986931995e-06 0.0 0.0002745703173594265 0.00011711637213747305 1.1726092683409178e-05 0.0 0.0 0.0 0.0 0.0 4.0442115299496374e-05 3.0140733749904483e-05 0.008041765039544877 0.01661599952323478 0.002248094290723599 0.00041358642111020673 0.0 0.00030545909228820275 1.7148440755031206e-05 0.0001999123172082768 0.00011145008271030566 9.905266650751655e-05 4.183691527749016e-06 2.773911433069956e-06 2.864453674379266e-06 8.585760842020542e-06 0.001164385689940346 9.216432383268866e-05 4.9975332266828385e-05 0.007111874869749389 0.0008809701860149865 0.0003360379680518562 3.29097476862819e-05 9.582328506611622e-06 0.00017685276328037347 0.002941720977859324 9.293119952592615e-06 0.000545410334041222 0.0004317639454161206 0.0 0.00013676305976657697 0.00011080434609189717 1.2919930364269048e-05 2.0865353922605918e-05 1.04488406715357e-05 0.0 2.064274983518795e-05 3.622625746240968e-06 1.8152956367456096e-05 0.0 0.0 0.0016150352597634583 0.0009860511922437898 1.4684584569774697e-05 0.0 0.031882021891684924 3.195172983148155e-06 9.021081339316996e-05 0.00010060535418392606 0.0 0.0 2.9457030821557637e-05 0.0 7.644790998418412e-05 6.477641003773691e-05 8.241591509664222e-05 2.353439106266726e-05 0.00028962139615497785 0.00024863579811088937 0.00024944407795600816 0.00011369739890226646 6.517290472438179e-06 0.0 0.0 0.0 0.0 0.0 0.0 0.0 0.0 0.0 0.0 0.0 0.0 0.0 0.0 0.0 0.0 0.0 0.0 6.365254285933785e-05 0.0 0.0 0.0 0.0 4.290091951446967e-05 0.0 7.90382490650478e-06 0.0 0.0 0.0 0.0 0.0 0.0 0.0 0.0 0.0 0.0 0.0 0.0 0.0 0.0 0.0 4.130124189700278e-06 0.0 0.0 0.0 0.0 0.0 0.0 0.0 0.0 6.206967490514604e-05 0.0 0.0 0.0 0.0 0.0 0.0 0.0 0.0 0.0 6.61582776798096e-05 8.417640877321095e-06 0.0 0.0 0.0 5.550729403408608e-05 0.0 2.3359511671549922e-05 0.0 2.053405694697182e-05 5.408009382385623e-06 0.0 1.5773953249664042e-05 0.0 0.0 0.0 0.0 0.0 0.0 0.0 0.0 8.085395075815395e-05 3.089195149312253e-05 7.220664184484034e-05 0.0030153855420565682 3.5651838967630836e-05 0.002810473020314633 0.0016208918248518907 0.022794090779090073 0.0005242055334542477 6.069224335036871e-06 0.0001956496868597571 1.2235654395219222e-05 0.0 4.084600500702085e-05 2.5248274746893225e-05 0.0010526530951464057 0.0 0.0 1.868716104200694e-05 6.405034976695369e-05 0.0 0.012135263735994413 0.0003975063728087281
0.07135699240326064 0.0 0.03692748847469832 0.026330665480776224 0.09646874086099026 0.0015153797723376362 0.09001598509247519 0.04088581002536159 0.061272780032783525 0.014692651615942385 0.03994859062535081 0.007330782620163653 0.026978580957428114 0.06808920067712218 0.0006876856087010457 0.00016376903660284456 1.4049581653407246e-05 5.753538042112571e-06 1.1264019733626475e-05 1.643652769059591e-05 5.195640779451189e-06 5.979676477240171e-05 2.1633092093391474e-05 2.2384804232554743e-05 5.8314560901322106e-06 5.205866207060329e-06 1.3929866028579997e-05 8.233172457606288e-06 1.6234479955008622e-05 1.0080849178299144e-05 0.08241249026708794 0.004313950690788472 0.009401579447907614 6.347893686965633e-06 5.3203659345517244e-06 6.414010938229762e-05 0.0038695924529804967 0.0001435973274323367 0.00019049472573495586 5.95494521514219e-05 2.2907328048634104e-05 1.8053465519310743e-05 1.0003330790467933e-05 3.3336025203033e-05 1.7068814044051978e-05 2.8108919882939365e-05 0.0027848438907287416 0.00032509713844741466 1.9935935404933075e-05 1.5811103544814048e-05 1.9092520260017904e-05 0.0 3.0436616649184018e-05 1.8229732557957008e-05 0.00011175788622394225 0.00015330658737115348 0.0051978929283735716 0.014992103979726687 0.0023297288641177375 0.0017518565625101272 3.428348293744439e-05 0.0009272551681354405 3.7411774889945665e-05 0.007855740049395592 0.0002784430939777387 0.0003292233020388409 2.9542259010437026e-05 6.444768762194777e-05 2.4928142712074182e-05 1.4874975482820305e-05 0.005691957634146707 2.742038502872106e-05 0.0 0.01609660552775283 0.007132220112097807 0.004673242566492064 0.000648526755803836 0.00013880819114775247 0.0009181951339470345 0.020095879972711485 7.476711080192806e-05 0.0020261452632500147 0.0013080463547630683 0.0 0.00042731052248299207 0.000284291924122937 0.00010023044879068091 0.0 6.097020791653992e-05 3.674672082606313e-06 2.5230136369373165e-05 0.0 2.4372687459653222e-05 2.879541701326791e-05 5.67196954982529e-06 0.005613587360064142 0.00012396302665428673 8.241391739911256e-06 6.873843799696131e-05 0.010754211600435663 9.959684036051697e-05 5.8343667909469045e-05 0.0003122539106573258 0.0 0.0002344808240343047 0.0003114724891032395 0.00021905181634679024 0.0008952850929559638 0.0004825291856299243 0.000615327980184999 0.00014825899625331055 0.0017655302962400212 0.001333083943422113 0.002234261920460422 0.0012424952037517678 4.868274834880333e-06 2.272941872239925e-05 0.0 0.0 0.0 0.0 0.0 0.0 0.0 0.0 0.0 0.0 3.08072506867364e-05 0.0 0.0 0.0 0.0 0.0 0.0 0.0006582122264074104 0.00011369060125972588 0.0 7.79404547357909e-06 0.0 0.0009487997631534994 4.005335434926073e-05 0.0003574540474788554 3.8598024256800065e-05 9.184712880746771e-06 0.0 0.0 0.0 1.5989706191969643e-05 0.0 0.0 0.0 0.0 5.9328324815439985e-05 0.0 0.0 3.3281405513647643e-06 4.310612903079776e-06 0.0 2.287264510704799e-06 0.0 0.0 3.106301108220744e-05 5.1226882930499824e-05 4.883413085858584e-05 0.0 1.8640028092195668e-05 0.00101618261936213 1.4026640716088936e-05 0.0 0.0 0.0 0.0 0.0 0.0 0.0 0.0 0.0016501390660553835 3.4242695070825964e-05 2.2198864693253536e-05 0.0 2.3526701978780358e-06 0.0007877038387362206 0.0 0.0006267593312232349 7.935229166242111e-05 2.3311847316495658e-05 4.632218833182548e-05 1.9213045463233893e-05 0.0 2.055847181980136e-06 0.0 0.0 0.0 0.0 0.0 0.0 0.0 0.0008080229573477129 0.00027926517728523863 0.00068243977587173 0.009179535046669124 0.00020767732124453 0.00863280156606973 0.00263891972478382 0.011220361783897664 0.0005221573528287559 4.802078013625994e-05 0.0008104699226101493 0.0002684066752659636 0.0 0.0003134841339086069 4.999555905488517e-05 0.001072876722528699 0.0 7.312327626492066e-06 4.2209349093284155e-05 0.0002549417393451817 0.0 0.006557975147077543 0.0004704169236528109
0.025846652694777643 0.03692748847469832 0.0 0.005638094859723914 0.003758246793009538 6.562760457727107e-05 0.0021289913904222833 0.10910846566826785 0.007143679184306899 0.0006102648803611528 0.028775134845222067 0.003814139826707655 0.010220801590532244 0.04717812141895122 0.0003250990945094842 0.00012604603946538074 3.6544907516217983e-06 2.4618101141609912e-05 5.46473437785668e-06 2.609180454017649e-05 2.0135833483618582e-05 1.0993844417811134e-05 7.891261235485217e-05 0.00012745216066801767 3.962119818715118e-05 3.2551934152207364e-05 7.344462296902903e-05 6.9028849152020386e-06 0.0 3.413008583458321e-05 0.07231255575476896 0.011004256765303694 0.011071692499753337 2.362327210946412e-06 7.923899835758206e-06 6.272927170670725e-05 0.004168668276324914 0.00027070809181031595 0.000239861293671849 0.0001031405081779259 0.00014517706267015468 6.333253009904915e-05 1.463337194829664e-05 1.9683995012631975e-05 7.848589535269003e-06 7.68138072338968e-06 0.00035129549838772356 1.7978130277773046e-05 2.5841649645355355e-06 4.668308570586431e-06 2.726973727418178e-05 0.0 2.1477858806403384e-05 3.2460933116288174e-05 2.932490239894051e-06 8.020643145819034e-06 0.0006084581037417964 0.002504806457322464 0.0001974875285607048 0.00019307134804369568 0.00014961510602754706 0.0021048801285965847 6.731976943555512e-05 0.0022019325395078483 3.376509430697847e-05 3.1982959644675634e-05 2.8040786369155435e-06 2.6932996512438057e-05 2.3217846113807176e-05 3.100495817704136e-05 0.0026330365528262154 2.845634446462713e-06 0.0 0.0011925218627460692 0.0007135768210370662 0.0006552478872531346 0.00020933015346592048 6.600515352051949e-05 0.0021167517454593046 0.046582287781442654 5.2443501443237653e-05 0.006230027690898397 8.015861926708249e-05 0.0 4.0200777266456724e-05 2.9407213490833066e-05 1.9351777430715824e-05 0.0 0.0 0.0 0.0 0.0 0.00010519356880114889 3.288686527997257e-05 0.0 0.0024958067356177626 5.355898138952934e-05 7.082285072497101e-06 7.932589256827357e-05 0.0018778183782672431 6.904886253320253e-05 0.00012874463597179928 0.00013507174350735432 4.054680736194096e-06 5.807285498781711e-05 0.00011689497004768268 6.8658788356308475e-06 0.00036173173739336806 0.00012692606525356592 0.0001983432732324899 0.0001001787037582724 0.0005899610011325678 0.00041965788571458364 0.0009706834974978452 0.0005437688994767199 0.0 2.6286766906046768e-06 0.0 0.0 0.0 0.0 0.0 0.0 0.0 0.0 9.23140373035967e-06 0.0 0.0 0.0 0.0 0.0 0.0 0.0 0.0 0.00025837135436259734 1.944344362830744e-05 0.0 0.0 0.0 0.00042175332238602936 3.6532774902948692e-06 0.00019726042643564525 3.336756577364589e-05 0.0 3.740824995547047e-06 0.0 4.637147948688176e-06 0.0 1.571651200359862e-05 3.2252003964396603e-06 9.950532199897895e-06 0.0 0.0 0.0 0.0 7.657521392301685e-06 0.0 3.4403259909205448e-06 0.0 0.0 0.0 5.343039881968615e-05 1.5166673515526874e-05 0.0 0.0 0.0 0.000390708382099146 2.4752340099887447e-05 0.0 0.0 0.0 0.0 0.0 0.0 2.433031664100514e-06 0.0 0.0006764401549632387 2.2770492204250472e-05 0.0 0.0 0.0 0.00024485665360797525 0.0 0.00018861743091575937 1.3524948910767404e-05 1.7782937006066674e-05 1.5853508355697587e-05 0.0 3.5713562028538367e-06 0.0 0.0 0.0 0.0 0.0 0.0 0.0 0.0 0.00024204419578445184 0.00016945309351000436 0.0002884785240987608 0.00166314271949671 5.0824084393847115e-05 0.0012069211889009495 0.0003106101793038499 0.0006496317446198971 9.59139236522822e-05 1.232932975517733e-05 0.0001493227619412294 6.859708520801224e-05 0.0 8.077308463797436e-05 3.0491852221557287e-05 0.0002628685649268387 0.0 0.0 0.0 7.076375009463055e-05 0.0 0.0006045132229545518 0.0001650614680586538
0.04965995172360285 0.026330665480776224 0.005638094859723914 0.0 0.0007351214530644228 0.004702717226209885 0.02749025182911813 0.002365762878995388 0.0004257186803775031 0.03871468530636297 0.0011446530956856164 0.024153820944033073 0.017569501738851984 0.0015818451879671346 1.8748791378532557e-05 0.0 3.966395860911331e-06 0.0 0.0 0.0 0.0 0.0 0.0 5.8010845305989334e-06 0.0 0.0 2.410336114517425e-06 0.0 0.0 0.0 0.00840293812420318 5.3390986733484866e-05 0.0001145671875968682 0.0 2.360177453475888e-06 0.0 1.4813350375869372e-05 0.0 5.857183183932717e-06 0.0 2.358667112079353e-06 0.0 0.0 0.0 2.15047895069314e-06 0.0 0.00020043819941699138 3.3699997164711666e-05 7.193846583565458e-06 2.0777665419974735e-06 3.0102312869243507e-06 0.0 0.0 0.0 3.0781628586704594e-06 2.9143553621662787e-05 0.001832173359113608 0.0035541265443902984 0.0007170080968467191 0.00014362240686342618 3.0318382804230005e-06 9.869872446780883e-06 0.0 0.00042202580776589315 3.2356726197464365e-05 7.730933779568942e-05 5.039636130197059e-06 0.0 0.0 2.56573413310809e-06 2.678156854558328e-05 1.1683423376729073e-05 4.1996171917648434e-06 0.0038567653338895365 0.0007996859625461597 0.00030505651520392407 1.1486852514368171e-05 0.0 7.631064169420153e-06 3.567162727596403e-05 0.0 1.4810578701286304e-05 0.00026325166466134033 0.0 6.492706684346315e-05 5.9681675712070824e-05 1.352004296630038e-05 2.8156005967715973e-06 7.641841116021078e-06 1.3338112901682691e-05 8.25016515599535e-06 0.0 0.0 0.0 0.0 0.0002021811716047154 8.51046136272819e-05 0.0 2.9514498617771474e-06 0.003941193255839025 0.0 2.4560060304693102e-05 0.00010753071742022424 0.0 8.9543483458612e-05 7.304183971882542e-06 8.112876712036476e-05 3.773124055626734e-05 7.478262031248142e-05 0.00022252893480926984 0.0 0.00011804380542814046 0.00013314222394284072 0.00019193921270658208 9.901394311607379e-06 0.0 0.0 0.0 0.0 0.0 0.0 0.0 0.0 0.0 0.0 0.0 0.0 0.0 0.0 0.0 0.0 0.0 0.0 0.0 0.0 0.0 0.0 0.0 0.0 3.243721417916674e-05 0.0 5.2656313956607845e-06 0.0 0.0 0.0 0.0 0.0 0.0 0.0 0.0 0.0 0.0 0.0 0.0 0.0 0.0 0.0 0.0 2.596940413216094e-06 0.0 3.377851078083293e-06 0.0 0.0 0.0 0.0 0.0 0.0 0.0 0.0 0.0 0.0 0.0 0.0 0.0 0.0 0.0 5.0952730120861525e-05 0.0 0.0 0.0 0.0 0.0 0.0 3.420557816449895e-05 0.0 0.0 0.0 0.0 0.0 0.0 0.0 0.0 0.0 0.0 0.0 0.0 0.0 2.881039230265348e-05 4.055336846679581e-06 1.1968213945826664e-05 0.0008065837450055689 1.3043628310218952e-05 0.0011369547785823342 0.0004214014770034952 0.010537277273675627 8.73168152366076e-05 0.0 0.00012075625467562467 3.848602507055805e-06 0.0 0.0 0.0 0.000736773899302974 0.0 0.0 0.0 3.76062432621457e-05 0.0 0.009344636189097262 9.36353396321421e-05
0.0001946675399484975 0.09646874086099026 0.003758246793009538 0.0007351214530644228 0.0 6.325597797570973e-06 0.0629713523988889 0.0156385393020985 0.0943214768243213 0.004614422244371767 0.048623225289108514 0.0014937139346589416 0.021299116475095442 0.0670815239279987 0.00021785359849485668 1.142234530835332e-05 0.0 0.0 5.514173972379025e-06 0.0 0.0 0.0 0.0 2.661379031347575e-06 0.0 0.0 6.089799493222668e-06 0.0 2.652448325747955e-06 0.0 0.0030178298941407637 0.0003357642257638306 0.0001654384101701013 0.0 0.0 0.0 0.00014524860707345818 0.0 1.2658486024527856e-05 0.0 0.0 2.577934328573295e-06 0.0 1.0795894757970775e-05 3.192444351987497e-06 5.112999822078501e-06 0.00047931439530530775 4.297077959244961e-05 4.713215732956756e-06 5.238331004430036e-06 0.0 0.0 0.0 0.0 0.0 2.9703168196195744e-05 0.00025690706258936393 0.0009000192048625369 0.00013724389924625442 0.0002576639819769511 1.4084902603104931e-05 3.846658171301662e-05 0.0 0.001626418371394562 2.8332524830497064e-05 4.947107414829892e-05 2.548707442483576e-06 4.469322449270995e-06 0.0 2.372770068179958e-06 0.0007001711241292163 0.0 0.0 0.0014257513990033992 0.0012257991684743012 0.001145662161028017 0.0001290321294264591 2.3408057008801126e-05 1.090945456998128e-05 0.00047960935397783043 1.1667719567362382e-05 3.0669491621283377e-05 0.0001305169496939811 0.0 4.037901082632206e-05 1.7929495434339733e-05 1.4065671445613187e-05 0.0 3.007928463825545e-06 0.0 3.076131973455274e-06 2.56869487692977e-06 3.841535742556424e-06 0.0 0.0 0.0007810495716231575 6.147130978560949e-05 0.0 5.826327687603586e-06 1.701978456886743e-05 0.0 0.00011538402282503424 1.819169665444784e-05 0.0 5.7425427004273005e-05 7.895342817958139e-05 0.0 0.0 0.00022053409624784028 8.471999087972202e-05 0.0 0.0004883693234174461 0.0002775478969922548 0.000326069426805843 0.0001988906799683331 1.3258726550001483e-05 0.0 0.0 0.0 0.0 0.0 0.0 0.0 0.0 0.0 0.0 0.0 0.0 0.0 0.0 0.0 0.0 0.0 0.0 7.471597943999509e-06 6.291007701049272e-05 0.0 0.0 0.0 0.000131746742108763 0.0 4.921058259683785e-05 0.0 0.0 0.0 0.0 0.0 0.0 0.0 0.0 0.0 0.0 0.0 0.0 0.0 0.0 0.0 0.0 0.0 0.0 0.0 0.0 0.0 0.0 1.865565164770469e-05 0.0 0.0001553285473114496 0.0 0.0 0.0 0.0 0.0 0.0 0.0 0.0 0.0 0.000292586484144121 0.0 0.0 0.0 0.0 6.33595448750471e-05 5.0621369786918754e-06 6.203892560941055e-05 1.0893014999683902e-05 0.0 0.0 0.0 0.0 0.0 0.0 0.0 1.103347493932426e-05 0.0 0.0 0.0 0.0 0.00019532005671048512 9.878885980798013e-05 0.00010159918818891927 0.0016544896371329441 3.5643628937650316e-05 0.0014093527438926723 0.0002628495105691988 0.00015078451696846562 4.768734748277948e-05 0.0 0.00017694581149364433 1.965460983133929e-05 0.0 7.93698664527001e-06 0.0 0.00011996395560619337 0.0 0.0 0.0 5.049683128740698e-05 0.0 0.000485215492233558 0.00011879352208228642
0.0013489386242082275 0.0015153797723376362 6.562760457727107e-05 0.004702717226209885 6.325597797570973e-06 0.0 0.0008246725037176041 2.892940897471034e-05 7.947878441376516e-05 0.011372209120805579 2.3559113273578288e-05 0.0030865876330899247 0.002264984134642305 0.0006518101563380828 6.6695147426074935e-06 3.5986372848857486e-06 0.0 0.0 0.0 0.0 0.0 6.322114900830742e-06 0.0 0.0 0.0 0.0 0.0 0.0 0.0 0.0 5.7480664185746155e-05 0.0 6.260138607825958e-05 0.0 0.0 0.0 0.00020529768575047603 7.2552053844824315e-06 2.3017623399216217e-05 4.550904216632476e-06 0.0 0.0 0.0 0.0 0.0 0.0 0.0 0.0 0.0 0.0 0.0 8.325395665243104e-05 2.2947478711690902e-05 0.0 0.0 0.0 0.0009914532620361582 4.54200400347602e-05 2.705063478929042e-05 0.0 5.023434103272877e-06 2.2614864084373664e-05 0.0 0.0 0.0 2.795911851494914e-06 0.0 0.0 0.0 0.0 0.0029375682152430888 0.002068757671956411 0.00015456335071396097 7.496847135128795e-06 2.49783232971019e-06 2.6609550335231117e-06 3.2680642030705514e-06 0.0 0.0 5.183146380182454e-05 0.0 8.11529020098112e-06 0.0 3.108381513485445e-05 0.0 2.792876023049005e-05 0.0 9.618881443536356e-05 0.00013997608671883731 0.00015812963000548307 2.8589240427898057e-05 4.731615790348555e-05 0.0 7.051892795802572e-06 0.0 0.00705471707427512 0.007274537116349967 0.0005491379555675141 4.702090979411779e-05 0.0056518965941328965 0.0 6.688182393313175e-05 2.657891910720098e-05 1.0914390282796511e-05 0.0 0.0 8.374885483796174e-06 0.00010636696528138989 3.2386900843397014e-05 0.00017015441608228998 0.0 0.00016416952587999884 0.00015095390108227642 0.00019210809498236062 5.327435716113426e-06 0.0 0.0 0.0 0.0 0.0 0.0 0.0 0.0 0.0 0.0 0.0 0.0 0.0 0.0 0.0 0.0 4.34469806405189e-06 0.0 4.831040866535367e-06 0.0 0.0 0.0 0.0 4.887988118930538e-06 7.307893751709109e-06 0.0 0.0 2.679123179391378e-06 0.0 0.0 0.0 0.0 0.0 0.0 0.0 0.0 0.0 0.0 0.0 0.0 0.0 0.0 0.0 4.462443144910321e-06 0.0 5.0586331636529034e-06 0.0 0.0 0.0 0.0 0.0 0.0 0.0 0.0 0.0 0.0 0.0 0.0 1.1659693175908298e-05 0.0 0.0 2.3703423789286734e-05 9.160866422457999e-06 0.0 0.0 0.0 0.0 0.0 0.0 0.0 0.0 0.0 0.0 0.0 0.0 0.0 0.0 0.0 0.0 0.0 0.0 0.0 1.54515930137542e-05 0.0 4.3140233903243705e-06 3.973364309406635e-05 0.0 1.2842020965161387e-05 2.5449174490268405e-05 0.001965723982065314 0.0 0.0 0.0 0.0 0.0 0.0 0.0 0.0007677572531013041 0.0 0.0 3.9906864307733545e-06 0.0 0.0 0.0009767969477425806 7.741332205531412e-05
0.010822176819466428 0.09001598509247519 0.0021289913904222833 0.02749025182911813 0.0629713523988889 0.0008246725037176041 0.0 0.0003579661105364648 0.045041837427662684 0.04025680393026993 0.008279142874775314 0.0055312824280071525 0.08622246891397775 0.08016289214820194 8.611208475395379e-05 1.0280624563117043e-05 2.6968114112135486e-06 0.0 0.0 0.0 0.0 0.0 0.0 0.0 0.0 0.0 0.0 2.4857075608029424e-06 2.5505554937222713e-06 0.0 0.007759969167081471 0.00029398329891633086 6.764740912824697e-05 0.0 0.0 1.0691379495378037e-05 8.032649927475888e-05 2.656316803052464e-06 8.566114134478828e-06 2.256635495187028e-06 2.2176447920228657e-06 2.3033711984597235e-06 0.0 5.077128359076471e-06 7.474923953499188e-06 1.1871337482748853e-05 0.0005265841228322271 7.353757544085568e-05 5.208776264235062e-06 0.0 5.082253342267802e-06 0.0 0.0 0.0 2.4604774576212547e-05 3.253739110728327e-05 0.0009086024144766612 0.0024772516643799753 0.00042845681387650294 0.0003853139527153924 8.13014098626168e-06 1.7741324878022896e-05 0.0 0.0016531696504447071 5.960459198235095e-05 5.3359148077114943e-05 8.08337169302851e-06 7.1692221254735435e-06 8.65161365782935e-06 0.0 0.0004977229740879182 0.0 0.0 0.0032408283705370163 0.0015718999141045825 0.0008793730073296692 8.910707504887106e-05 1.0901419529615211e-05 1.6775658569108187e-05 7.654249207193761e-05 1.9237104724984848e-05 2.7197730254656133e-05 0.00031428061925257354 0.0 0.0001028664309959831 4.589288470156914e-05 1.996788146872152e-05 5.12599410834588e-06 1.1773929011015586e-05 0.0 2.8865478228735763e-06 0.0 4.652870463841239e-06 5.328142714383341e-06 0.0 0.0014429362138640147 2.1770407248408736e-05 0.0 3.444435229798051e-05 0.0004001682287370596 1.5008311937189698e-05 8.09634538281713e-05 0.0030369434724900743 0.000547951220654764 0.00013412582165880043 0.001771719722550331 7.956665977312261e-05 0.0005816799820893431 0.0013468980715208264 0.0007369494488842012 4.15699744536175e-05 0.004003889560508057 0.0010242734514457215 0.000780022209004621 0.0004577842677044773 1.1022935334959042e-05 0.0 0.0 0.0 0.0 0.0 0.0 0.0 0.0 0.0 0.0 0.0 0.0 0.0 0.0 0.0 0.0 0.0 0.0 0.0002033547125016727 7.298510929264219e-05 0.0 2.0422789297773267e-05 0.0 0.0001294549994730279 0.0 6.731455876779394e-05 2.6222749872089892e-05 0.0 0.0 0.0 0.0 0.0 5.6951834307146615e-06 0.0 0.0 0.0 1.6041401141143653e-05 0.0 0.0 0.0 0.0 0.0 0.0 3.4157095783281456e-06 0.0 2.4886590523001793e-06 7.529699866371388e-05 3.4170302470736044e-06 0.0 0.0 0.0001330229576591614 3.7152688686112435e-06 0.0 0.0 0.0 0.0 0.0 0.0 0.0 0.0 0.0004007451232343142 0.0 0.0 0.0 0.0 0.00011352465679809541 0.0 0.00016640754248020725 1.8760637169744107e-05 7.982779617136986e-06 5.656750079529432e-06 0.0 0.0 0.0 0.0 0.0 0.0 0.0 0.0 0.0 0.0 0.0002483138914400147 7.717999050111727e-05 5.162726801843537e-05 0.0017413053177150718 3.546110350606849e-05 0.0016039307171166767 0.0004441686755813818 0.0021847130722785447 8.245810810975103e-05 9.891974037362246e-06 0.00013169099484262054 2.2726166530357625e-05 0.0 2.0429140012815775e-05 1.0609750259569413e-05 0.0007282398965672988 0.0 0.0 9.228092202759115e-06 7.464139524583716e-05 0.0 0.004328429189888162 0.00022972530627172073
0.010706759621225281 0.04088581002536159 0.10910846566826785 0.002365762878995388 0.0156385393020985 2.892940897471034e-05 0.0003579661105364648 0.0 0.001947951570785126 0.00011241120431768158 0.0607247932208503 0.003814168100403189 0.010541769103610932 0.049489579206700336 0.00024032250877024586 0.00016421569095621843 3.979956952619571e-05 0.00011492549794053784 2.0546848084376437e-06 0.00010474600651315475 0.00023887006359277395 0.00018214616552784913 0.0012641878104164496 0.001553004621621961 0.00020855248031005828 0.00030667735711127885 0.0010465761634239703 5.9660789997603746e-05 4.3672446713252006e-05 0.000544512901814835 0.05020697282678716 0.04754062597464488 0.01467949748108722 3.588997006456363e-05 0.00043509574425611494 0.0007256403258791537 0.005006513510259573 0.0012072721410318998 0.00043389838184191735 0.00038947545395092803 0.0012467660463427802 0.0004655566319648248 0.00012691140675572378 0.0001228870088774308 2.7187534997670167e-05 0.00015417591606432042 0.00045474275913591174 3.2672402031239295e-05 3.649818589256943e-05 8.004438323083771e-05 0.0002751527143749372 3.6668580521119384e-05 7.871081151553126e-05 7.305754272364217e-05 5.2540933448056975e-06 6.582735180284066e-06 0.0004656793676690327 0.002010816650925929 0.00013086686757596874 8.576370155099877e-05 0.002367482448635259 0.011410208042572811 0.0004070073796187501 0.005312668189483457 2.273191805682372e-05 3.970691473785114e-05 2.7287555843096104e-05 0.00017667772277812834 0.0002668679573926377 0.00035961564732125387 0.0032302300933608943 2.5126592600846913e-05 2.168931665879267e-05 0.0009647817561250838 0.0011156458010460218 0.0007202625476623348 0.001260453852657014 0.002346218637527539 0.032397731099879985 0.10270402390717007 0.00128117586896594 0.06226414117606277 3.7046726641569354e-05 0.0 4.571923305367785e-05 1.1523866639438879e-05 0.00010721113549643459 0.0 1.570504012697705e-05 0.0 5.1298708322873905e-06 1.8418034054778456e-05 0.0010384752835171716 0.0004392312028131315 2.3190794328511456e-06 0.0016104710917363245 0.00020891185607900125 5.745997277009238e-05 0.00011947721233897151 0.0008673237215000129 4.877338371676952e-05 4.472452953132452e-06 3.193991461316817e-05 0.0 3.950551536895606e-05 2.938417118022085e-05 7.776585130530698e-06 7.46244771694561e-05 1.987395046301631e-05 1.7539075502104002e-05 6.826545796462305e-06 0.00041418100122449626 0.00014630952324658618 0.00031687082256563287 0.00030086080591241153 0.0 7.872164256811642e-06 0.0 0.0 0.0 0.0 2.6782800110421605e-06 1.4785086938346626e-05 0.0 0.0 3.5571433251161024e-05 0.0 4.198691154770615e-06 0.0 0.0 2.6483211655202764e-05 0.0 3.1172988233283704e-05 2.647570339391747e-06 0.00022066630934933982 1.3377227907814363e-05 0.0 0.0 0.0 0.00040947527223111365 0.0 0.00029152556455165586 6.104505640535693e-05 0.0 2.0666643560786376e-05 3.022677674674727e-06 5.070058979789747e-06 0.0 3.0644579536583804e-06 0.0 1.141882500004034e-05 0.0 0.0 0.0 0.0 1.6383645024555936e-05 2.5293964334091423e-06 8.14242097296833e-05 0.0 0.0 0.0 0.0 3.1497682669740467e-05 0.0 0.0 6.997509362510485e-05 0.00032096031195434296 9.23590921008831e-06 0.0 0.0 0.0 2.501642074868236e-06 0.0 0.0 0.0 7.868144524116245e-06 0.0004006678880480661 4.612266034611769e-06 1.4329404126554057e-05 0.0 2.1916210204277295e-06 0.00017817562804492478 6.96761095880371e-06 0.0002723315163230153 3.7557276742994864e-06 3.009559407259816e-05 4.2341456798740076e-05 8.100615612139941e-06 0.0 0.0 0.0 0.0 0.0 0.0 0.0 1.433283633664734e-05 0.0 0.0001530959598143142 0.0001147773386589987 0.00026980062322555867 0.001405744984218161 4.7390241868711086e-05 0.0014817766985010367 0.0005602555693350833 0.00015522724260543847 4.469176966526008e-05 0.0 0.00021933808628211122 9.800173077653747e-05 0.0 0.00018310432538571597 1.723049077046449e-05 0.00027269832090393584 0.0 0.0 1.662364006258898e-05 9.369216258156975e-05 8.0961499576339e-06 0.00018881227984008647 8.184801043940858e-05
4.719856025640572e-05 0.061272780032783525 0.007143679184306899 0.0004257186803775031 0.0943214768243213 7.947878441376516e-05 0.045041837427662684 0.001947951570785126 0.0 0.004059128084372817 0.02621298148577514 0.00047870195015934416 0.018374859905675417 0.034985767018325946 0.00011690307950891927 1.06164799176391e-05 1.199442135594824e-05 0.0 0.0 0.0 0.0 0.0 0.0 0.0 0.0 0.0 0.0 0.0 0.0 0.0 0.0009401007924786975 0.00023962440480004138 0.0003162026542900254 1.9944324648415306e-06 0.0 0.0 5.789055442794674e-05 2.4688373551440033e-06 0.0 0.0 4.695816535704677e-06 0.0 0.0 0.0 0.0 0.0 0.0002861587475233768 2.0648598511060695e-05 3.6116754191254866e-06 0.0 2.340777340494321e-06 0.0 0.0 0.0 7.243565356920989e-06 2.0707424186455232e-06 0.0001147431702271066 0.000328805356843663 9.117104597284944e-05 0.0001455022126830215 1.8604128268807847e-05 2.540644484234193e-05 0.0 0.0007285532589176881 1.0587905119285105e-05 1.9171479999087305e-05 2.0801258847303746e-06 2.3676662044248544e-06 4.821749923694944e-06 0.0 0.0008734923906227103 0.0 0.0 0.0007711943572719437 0.0005432528231228146 0.0007163880384457017 0.0001509038035670312 5.74516669986676e-06 4.1866647420949454e-05 0.0023373501534075213 1.9516330222067614e-06 3.044508353173656e-05 7.196084982326893e-05 0.0 1.7411699153775642e-05 2.1221207774136e-06 7.478623676451363e-06 0.0 0.0 0.0 3.072903113362243e-06 0.0 2.0517224555160603e-06 0.0 0.0 0.0012852923306906382 1.506498705056376e-05 0.0 1.101701123252834e-05 4.558284494134227e-05 5.675190686238787e-05 0.00010275187052497035 0.0004459578359761364 7.245692546765374e-05 7.42661515393374e-05 0.00029578321554052535 0.00010088458611740844 0.0003120942501330919 0.0003156715769011362 0.00041851077649604696 0.00018898110982011813 0.0006544734393368907 0.0008938881118430513 0.0012511559039967495 0.0004614514403758477 0.0 1.2410442067642083e-05 0.0 0.0 0.0 0.0 0.0 0.0 0.0 0.0 0.0 0.0 0.0 0.0 0.0 0.0 9.116987072650772e-06 0.0 0.0 0.00023902311835963074 4.326974150439371e-05 0.0 0.0 0.0 0.0004003402053119517 0.0 0.00016827386404261467 1.672816880139341e-05 0.0 0.0 0.0 0.0 0.0 0.0 0.0 0.0 0.0 0.0 0.0 0.0 0.0 0.0 0.0 0.0 0.0 0.0 0.0 4.289424677830905e-06 5.782411368726083e-05 0.0 0.0 0.00031635021015910097 2.7902105289457923e-05 0.0 0.0 0.0 0.0 0.0 0.0 0.0 0.0 0.0005581960443541371 4.074442494378883e-05 0.0 5.296744951386871e-06 0.0 0.00026759692530694586 0.0 8.08680329970933e-05 0.0 1.30757055156495e-05 0.0 0.0 0.0 0.0 0.0 0.0 0.0 0.0 0.0 0.0 0.0 0.0004593013576660059 6.884889546435868e-05 7.264975637956489e-05 0.0011971526404693786 1.5917567829664402e-05 0.0008815354225834434 0.0002225418098210069 0.00017132485262325928 1.2529209329213953e-05 0.0 9.564167018394205e-05 3.669177086892267e-05 0.0 4.636545903959436e-05 0.0 0.0006053710713233226 0.0 7.115659252677036e-05 0.0 5.276606965530995e-05 0.0 0.001297498607346652 0.00018562072552148285
0.04676488190288456 0.014692651615942385 0.0006102648803611528 0.03871468530636297 0.004614422244371767 0.011372209120805579 0.04025680393026993 0.00011241120431768158 0.004059128084372817 0.0 0.0004059119961234231 0.04687733795945407 0.20824340617933215 0.02963527777416259 3.6365426300515296e-05 0.0 0.0 0.0 2.6455607747502797e-06 0.0 0.0 0.0 5.232440491959811e-06 0.0 0.0 0.0 0.0 0.0 0.0 0.0 0.005967575817879048 0.00011549077453535478 0.0006676679211652989 0.0 0.0 0.0 0.00031963978621763823 2.1659076039764007e-06 6.115356223570933e-06 2.100872210918362e-06 0.0 1.728813918814243e-06 3.2970951812470697e-06 0.0 0.0 2.8667488542535318e-06 0.00020118721048082984 4.486701552888034e-05 3.227532987886672e-06 2.555911785024672e-06 0.0 0.0 0.0 0.0 1.3715958522725749e-05 3.22986149624268e-05 0.001387321569936719 0.0025185618460337646 0.0005711132316053464 0.00017194970493516305 1.8698704322436708e-06 1.2344252547678556e-05 0.0 0.000594770377480283 4.662292025366295e-05 4.9338358001942165e-05 2.23776155787377e-06 2.3765687507761704e-06 0.0 2.8209959087466457e-06 0.0028452383138235456 3.830656457201663e-05 6.243057610079714e-06 0.003226098342974603 0.0008667960360937196 0.00035504674331083045 2.0324900509718924e-05 5.935001065483389e-06 5.728440709786636e-06 4.353769163618055e-05 4.278164397846591e-06 7.819960228655794e-06 0.00026197322191553855 0.0 7.777023228093058e-05 5.3792489140165616e-05 1.3955358998344601e-05 0.0 1.756517590708202e-05 6.764220529916037e-06 0.0 0.0 0.0 4.969297344995935e-06 0.0 0.002647079769282681 0.0002809586459167193 3.4336373648983886e-06 0.0 0.004477611158806069 5.637749626736294e-05 0.00044591559509230547 0.0009450027829849845 0.00040879608242572 0.00027178890430260813 0.00029455009188666915 0.0005871304009087745 0.000818938689820966 0.0019524379394353579 0.0021064201512487946 4.9986716648642724e-05 0.0020869830537093674 0.0025880797939741274 0.0018027816625754154 0.0002221387821887555 0.0 0.0 0.0 0.0 0.0 0.0 0.0 0.0 0.0 0.0 0.0 0.0 0.0 0.0 0.0 0.0 0.0 0.0 0.0 0.00020033194029237867 0.0 0.0 0.0 0.0 0.00021740585116037368 0.0 4.687689334141661e-05 1.0700452002906615e-05 0.0 0.0 0.0 0.0 0.0 0.0 5.781673355055533e-06 0.0 5.267520076672032e-06 1.7401317040063437e-05 0.0 0.0 1.3384283810889401e-05 0.0 0.0 0.0 3.7300194874228405e-06 0.0 9.949333018195118e-06 4.666531862814689e-05 0.0001057232494913222 0.0 0.0 3.064594143851425e-05 0.0 3.573112937673034e-06 0.0 0.0 0.0 0.0 5.568709385156957e-06 0.0 0.0 0.0007422013492269763 0.0001052451575497293 0.0 9.245041254313307e-06 0.0 0.00014250622213137697 0.0 5.4804757999336034e-05 8.180828840033848e-06 2.115697572420458e-05 0.0 0.0 0.0 0.0 0.0 3.224974116765787e-06 0.0 5.2935705995530585e-06 0.0 0.0 0.0 0.0006158553608679984 5.971246402847901e-05 5.6771791113302765e-05 0.0008896317573864288 5.552217076610261e-05 0.000983861367783404 0.0004171781907567061 0.013479513744992419 8.526091032816844e-05 0.0 3.550349142140303e-05 0.00011082506144291202 0.0 6.396763981942264e-05 3.1366140160625527e-06 0.0040050041860222995 0.0 0.0 0.0 3.761283353193628e-05 3.0761557076788463e-06 0.028706693987724782 0.0012981596217652277
0.002871918216219052 0.03994859062535081 0.028775134845222067 0.0011446530956856164 0.048623225289108514 2.3559113273578288e-05 0.008279142874775314 0.0607247932208503 0.02621298148577514 0.0004059119961234231 0.0 0.0033425911146798964 0.016976248363637286 0.10305631828549894 4.7852455413597826e-05 3.9539904046397404e-05 0.0 0.0 2.8878109662975003e-06 0.0 0.0 0.0 0.0 0.0 0.0 0.0 0.0 0.0 0.0 0.0 0.0012129648585170129 0.0002256052677190755 0.010529354344529385 0.0 0.0 0.0 0.0025588591059360977 4.906529938023798e-05 6.236521446273376e-06 1.086482920123148e-05 0.0 3.15890548043248e-05 0.0 5.875069335042966e-06 0.0 0.0 0.00015962943622267755 0.0 1.0937586262449459e-05 0.0 3.3699260599231023e-06 0.0 7.107736245891725e-05 0.0 0.0 0.0 0.00010051018598153284 0.00028236862936139846 4.5803266083604215e-05 8.689294996174873e-05 0.0 4.798570095382269e-05 0.0 0.00029222798312211285 2.421286240495419e-06 7.599120318144073e-06 0.0 0.0 0.0 5.236386206059669e-06 0.0007247546980096557 0.0 0.0 0.0002273807282372553 0.0002030052429551456 0.0002759945224313242 0.00011980276985638879 2.65204162574745e-05 0.00023936258232182297 0.014208420583902334 2.17677445903441e-06 9.469662046753563e-05 1.889573438168245e-05 0.0 2.0597721789187406e-05 0.0 0.0 0.0 0.0 0.0 0.0 0.0 1.3312591571532294e-05 0.0 0.0 0.0011263758478154834 5.063196973253034e-06 0.0 0.0 8.76622002841682e-05 0.0 7.261540410800885e-06 0.0 0.0 0.00010780869908308195 0.00010451924350589975 4.49707700894939e-06 7.289983785920291e-05 9.906635833859193e-05 6.341645914089423e-05 1.0087111392846985e-05 0.0002681436833743906 0.00015313204126485356 0.0003297166609191768 0.00015748570402674054 2.9055697973779188e-06 0.0 0.0 0.0 0.0 0.0 0.0 0.0 0.0 0.0 0.0 0.0 0.0 0.0 0.0 0.0 0.0 0.0 0.0 7.565114163977201e-05 1.0215715082126421e-05 0.0 0.0 0.0 0.00015987353245408854 0.0 5.688428650572738e-05 2.782664473926528e-05 0.0 0.0 0.0 0.0 0.0 0.0 0.0 0.0 0.0 0.0 0.0 0.0 0.0 0.0 0.0 0.0 0.0 0.0 0.0 2.8001496172271814e-06 0.0 0.0 0.0 7.857006334587076e-05 9.730021953728816e-06 0.0 0.0 0.0 0.0 0.0 0.0 0.0 0.0 0.00022924539564496237 0.0 0.0 0.0 0.0 0.000128831178191887 6.167646137434109e-05 3.489237036352224e-05 0.0 0.0 0.0 0.0 0.0 0.0 0.0 0.0 0.0 0.0 0.0 0.0 0.0 7.883475022305416e-05 5.6240766221297914e-05 0.00010017490789160103 0.0005354648485820325 2.440753613852935e-05 0.0004372544469141378 0.00017105678422262954 7.754535916151177e-05 1.74170711338021e-05 0.0 6.75702501731066e-05 0.0 0.0 0.0 0.0 9.346663757555272e-06 0.0 0.0 0.0 6.494052052775286e-06 0.0 0.0003112124394508393 7.077036792025697e-05
0.009624809262585557 0.007330782620163653 0.003814139826707655 0.024153820944033073 0.0014937139346589416 0.0030865876330899247 0.0055312824280071525 0.003814168100403189 0.00047870195015934416 0.04687733795945407 0.0033425911146798964 0.0 0.04881539404192764 0.011056235534357283 0.0001763748895729549 0.00012221978836166625 1.2216515760971906e-05 0.0 0.0 0.0 0.0 5.632901851230765e-05 0.0 0.0 0.0 0.0 0.0 3.571437140578962e-05 0.0 0.0 0.001312648367814235 0.00026046008370223455 0.0018660733531155117 0.0 0.0 0.0 0.004962669740668265 5.619744905076934e-05 0.00024905455087308116 1.973151575551989e-05 0.0 0.0 0.0 7.59812730236638e-06 0.0 9.815230632271858e-06 0.00023991973778942903 2.0500272285406607e-05 0.0 0.0 2.1192789058472606e-06 0.0 0.00012111854351880469 5.56906998444524e-05 0.0 5.066913189479215e-06 0.00016266782555108097 0.0002984486470899789 8.074550486677297e-05 8.229033611290564e-05 1.2468125080967942e-05 0.00019591098959870684 0.0 0.00036834890449565346 5.786709837752196e-06 1.1950654039721764e-05 0.0 5.413098563104109e-06 0.0 0.0 0.001845040550625141 8.71311647318765e-06 1.0547646646534798e-05 0.0005433537265595375 0.0002884507981006058 0.0002961341198007535 8.901452103040793e-05 3.677556374068847e-05 5.708486080864717e-05 0.0014990776276197586 8.995845785309386e-06 4.8992446577575776e-05 6.451968116526174e-05 0.0 5.182840791997109e-06 7.625951656753069e-06 9.030796239754386e-06 0.0 4.88942544741897e-06 0.0 0.0 0.0 0.0 0.0 0.0 0.011702759159103338 0.00010019346121575859 5.456565943108649e-05 0.0005492659019394831 0.0006630857191510016 4.832266075429075e-05 0.00010084423190321389 0.00037452235807577516 6.507034813864607e-05 0.00020223648702867133 0.0005230483681658665 0.00044859372022748194 0.0012323536609342239 0.0006471136438666701 0.0018885728688733327 0.00027003826294360846 0.0022226233155444313 0.0018825536692417704 0.00235848273477492 0.0008577311935125281 0.0 1.679958588466709e-05 0.0 0.0 0.0 0.0 0.0 5.179173653317974e-06 0.0 0.0 0.0 0.0 0.0 0.0 0.0 0.0 0.0 0.0 0.0 0.00042881919262814015 2.279046394997261e-05 0.0 1.0807841319063756e-05 0.0 0.0005745381947149422 4.303263862229897e-05 0.00019401835140852192 1.9538519709731185e-05 0.0 0.0 0.0 0.0 3.3975601382462514e-06 2.742527146285174e-06 0.0 0.0 0.0 3.064376010245815e-05 0.0 0.0 0.0 0.0 0.0 0.0 0.0 0.0 1.9194310109649788e-05 2.427494349059016e-06 9.151215564196754e-05 4.1399099307609e-06 0.0 0.000472357997560316 8.984879166057388e-06 0.0 0.0 0.0 0.0 0.0 0.0 0.0 0.0 0.0013450994236719055 7.921987219385898e-05 0.0 7.617407336267679e-06 0.0 0.0003455640999511773 0.0 0.00034246410764094667 2.888191518424581e-06 7.792314886633321e-06 2.397420352325317e-05 4.983245626368357e-06 0.0 0.0 7.878493450142946e-06 1.763919611172392e-05 9.416063632962946e-06 0.0 0.0 0.0 0.0 0.0009818406408159087 0.0003095875607141027 0.00044276756069081815 0.0011681756188319484 1.1426456156330731e-05 0.0007288900346773546 0.00020219473289756113 0.003749404582071601 2.1505855133342217e-05 4.269008820535514e-06 9.340139400519472e-05 4.5941139395150356e-05 0.0 9.152452479292255e-05 4.468054116499886e-05 0.0031954384162454197 0.0 0.0 1.0286198485181337e-05 4.664051535882823e-05 0.0 0.01816129290406645 0.0013923410134722323
