0.0 0.014481185469561089 0.004479538039595197 0.025326280494935138 0.007243193671168105 0.004688794499467478 0.007423659237919915 0.0004783816325330856 0.0037554233778972455 0.031956908017984696 0.0020652014729747995 0.003128624622202165 0.004522873306174983 0.003865708131606646 2.350222000556356e-05 9.386964013048744e-06 3.4903881879906433e-06 9.954635501911145e-06 1.8517625164898893e-06 2.0101300834466384e-06 1.6666395633938266e-06 0.0 0.0 0.0 0.0 0.0 0.0 0.0 0.0 0.0 0.010340634919508257 0.0001225084912080079 0.0006795533059642402 0.0 0.0 5.895912920790963e-06 3.436624139788684e-05 0.0 4.238689560062707e-06 1.661528863951971e-06 0.0 0.0 0.0 1.6077928991943602e-05 0.0 1.9530417653168335e-06 5.9177982477365264e-05 0.0 2.9358432722132217e-06 9.393836957997126e-06 0.0 0.0 0.0 3.5141747528702375e-06 1.3984905879436737e-05 2.874449732069091e-05 0.008483009333666995 0.018136594456061625 0.0008580644610860597 6.820440943212529e-05 9.902791457683133e-06 0.000142303665813983 0.0 0.0005080249639242727 2.936603287456142e-06 4.3270264279546905e-06 5.152927156069124e-06 1.6670936228211466e-06 1.6900354346951651e-06 7.550470416508283e-06 1.4320091723803576e-05 1.3045690890523336e-05 0.0 0.003259109812710628 0.0006888295432178176 0.0006012616793331483 0.0001713755311705442 6.732845090182392e-05 0.0001078216154530679 0.0014929098662610403 1.6761253185150255e-05 0.0002224326456987185 2.3360942845507455e-05 0.0 6.617603260876905e-06 8.105176933948112e-06 1.753662433545891e-06 0.0 0.0 0.0 0.0 0.0 0.0 0.0 0.0 0.0001843913306278183 2.0418279683183975e-05 0.0 8.816407222115256e-06 0.03195715561422824 2.547904871070583e-05 2.9717831819758744e-05 5.503198834325636e-05 5.267679334212249e-05 0.00014931194146867486 4.266781478187671e-05 0.00024933537552824484 5.148467100165028e-05 0.0003729094667858547 0.0001472723286429582 2.2260420151735296e-05 0.00015925360187562542 0.0003407908221778232 0.00015345575098077443 6.55823452207248e-05 0.0 0.0 0.0 0.0 0.0 0.0 0.0 0.0 0.0 0.0 0.0 0.0 0.0 0.0 0.0 0.0 0.0 0.0 0.0 9.3357820294597e-06 0.0 0.0 0.0 0.0 3.8107182839901645e-05 0.0 0.00016316874840993168 6.537673616361538e-06 0.0 0.0 0.0 0.0 0.0 0.0 0.0 0.0 0.0 0.0 0.0 0.0 0.0 0.0 0.0 5.377683010606984e-06 0.0 0.0 7.505835549921839e-06 5.8400159931073266e-06 7.067890545448426e-06 0.0 4.8969741568454516e-05 8.966312786106345e-05 4.9289574130055125e-05 0.0 0.0 0.0 0.0 0.0 0.0 0.0 0.0 0.00010559609003828988 0.0 0.0 0.0 0.0 1.9678325730625066e-05 3.654716606615099e-05 8.32387422592912e-05 0.0 1.7228674932760083e-05 3.4619043014715234e-06 0.0 0.0 0.0 0.0 0.0 0.0 0.0 0.0 0.0 0.0 8.207472361024376e-05 1.8136044645587124e-05 2.0379826173921064e-05 0.0031279075211993125 1.9892090797389984e-05 0.0004947224394366965 0.00012144330097422284 0.021382843622471143 0.00021027818900747132 3.9837903086627676e-06 2.3430340073554502e-06 0.0004482740893057319 0.0 9.540991394290428e-06 3.934447059534151e-06 0.0006244291741153247 0.0 0.0 0.0 2.4041352584602992e-05 0.0 0.017214923249762423 4.461382181310984e-05
0.014481185469561089 0.0 0.014964976033373335 0.018846940821754823 0.07328293813289616 0.001295946761302365 0.128002547184943 0.001863648277703359 0.06611905018078466 0.02116620581825813 0.007009994907782117 0.0024596408079145538 0.027225162748035672 0.033983279291127336 0.00024388089985759705 7.779119240095697e-05 1.160899961930506e-05 0.0 6.29050387370991e-06 5.748034464056576e-06 0.0 0.0 0.0 3.5458400549474206e-06 2.049946520883213e-06 3.962935445403501e-06 0.0 0.0 0.0 0.0 0.02529761551650579 0.0008340735614028355 0.0004064887450199853 0.0 0.0 2.1387530084553945e-06 3.9287661424398845e-05 1.0094953831686064e-05 4.940712677877022e-06 1.3011373221485905e-05 1.771481922656628e-06 1.9683506169995477e-06 1.5891874017194804e-05 1.6608057808755163e-05 1.5939793690658123e-06 4.477131313160942e-06 0.000522492534037586 8.493770065538305e-06 0.0 5.312642840838366e-06 1.7023150988359145e-06 0.0 2.029415798313391e-06 0.0 4.113846689160036e-05 5.5087860899459606e-05 0.003955045922607259 0.020893662724506545 0.0006609509704077341 0.000618782789909016 7.938145680651667e-06 2.440456938089919e-05 0.0 0.002085302854235151 1.4573471694609376e-05 3.354586812152927e-05 0.0 4.000129511548021e-06 2.1794444476541915e-05 2.231737752002613e-05 4.928708092760926e-05 1.777616974167384e-06 1.940053078569096e-06 0.00410457241540415 0.001839243614211051 0.0020943242460420585 0.000875320879949699 0.0001044623332689939 0.00010011195596324013 0.000811259226056882 5.041815027250779e-05 0.00010819972125542852 6.373225721241199e-05 6.30180436675698e-06 4.0319166710272485e-06 2.5658048235612564e-05 1.3201172124307904e-05 0.0 0.0 0.0 0.0 0.0 0.0 0.0 5.53956307030951e-06 1.9306814757126764e-05 3.240674812675979e-05 0.0 1.5747368104666767e-05 0.016538037845140047 1.8174970024205348e-05 2.4756373950284287e-05 3.8472920209690945e-06 0.0010817416976417957 3.592645708041224e-05 5.7540536572989235e-06 0.00010153195258290504 6.360127044127645e-05 0.001034469753449601 6.0541896946095395e-05 8.665251513662925e-05 7.083868225542746e-05 0.0002715376901337525 0.00013130562358868613 4.568225495357276e-05 0.0 0.0 0.0 0.0 0.0 0.0 0.0 0.0 0.0 0.0 0.0 0.0 1.567709200354157e-05 0.0 0.0 0.0 1.9903209441698614e-06 0.0 0.0 4.1713948783778734e-05 1.6727584172437567e-05 0.0 0.0 0.0 6.310030884980011e-05 1.771104614645305e-05 5.042289240017668e-05 1.1583901868779443e-05 0.0 0.0 0.0 0.0 0.0 0.0 0.0 0.0 0.0 0.0 0.0 0.0 0.0 2.2411040400015745e-06 0.0 0.0 0.0 0.0 0.0 1.207809849971291e-05 1.4020524235636327e-05 0.0 1.539969393879229e-05 3.203247380232892e-05 8.458768682738925e-06 0.0 0.0 0.0 0.0 0.0 0.0 0.0 0.0 0.00010074366998469425 1.7152801639949474e-06 0.0 0.0 0.0 1.9568809483838517e-05 4.846598962994422e-05 7.399310058727377e-05 0.0 1.5143966994423061e-05 8.89420829902625e-06 0.0 0.0 0.0 0.0 1.8342165503785166e-06 0.0 0.0 0.0 0.0 0.0 4.305363518888802e-05 1.1097175659010238e-05 2.5363240310096354e-05 0.0017576882980284408 6.304903200491037e-05 0.0014602922187786662 0.000219548313050134 0.005062811440255738 5.860729520527512e-05 5.2681485789465935e-06 2.2519152662057785e-05 0.0003348401868472314 0.0 1.3588899318451856e-05 0.0 0.00025771591157139654 0.0 0.0 0.0 1.8328987656854865e-05 3.5017100529513047e-06 0.003851093415118375 4.5920545228546604e-05
0.004479538039595197 0.014964976033373335 0.0 0.0006808255828230027 0.029771684974217474 4.127163078582817e-05 0.0018085777128686003 0.08419466504179758 0.014171913681396149 0.008206450625046423 0.035936660142194085 0.0020915216343418 0.011796543075095893 0.02980838927849687 0.00030166732442084125 0.00011771286195300816 1.1769641795275713e-05 4.909669223496134e-06 2.247078802160407e-06 4.6893152332660656e-06 6.122496823832458e-06 0.0 0.0 5.11337393062097e-06 0.0 8.606982153592477e-06 0.0 2.352940076777248e-06 0.0 0.0 0.09471488490285754 0.013145436399906707 0.006867673172765086 3.4075179368909552e-06 2.4103122289173595e-06 1.819001716368305e-05 0.00036104998796433117 5.520255271132049e-05 5.6163273282020065e-05 6.892659601304694e-06 3.868803789361861e-06 0.0 1.1632773623498597e-05 2.6933019736480246e-05 9.26957784029214e-06 7.220205923927811e-06 0.0006641666134603545 2.1303557586384507e-05 6.64224413988131e-06 2.5564883189978557e-05 0.0 0.0 0.0 1.6148565416033003e-06 1.6630859765826216e-05 5.190864121178401e-05 0.002032721318792675 0.02072565292158917 0.0004231946738197688 0.0006940305738645542 0.00032488324177260583 0.001366107386978867 3.331138185970148e-06 0.007683825404701889 2.423361675640487e-05 2.0149841886943676e-05 0.0 6.085700387764463e-06 1.679955034199269e-05 1.8188706915401653e-05 0.0002239905105644855 8.058731453840175e-06 0.0 0.0031806141119570105 0.002233504720889517 0.0025606119036494655 0.0019235580761210287 0.0002379244755505163 0.013734885856531372 0.03158406341701876 0.0013675826617718222 0.012229811188260597 5.319096615070998e-05 0.0 1.1349010103012227e-05 1.590448110280121e-05 3.867953974587276e-06 2.2381350312689282e-06 0.0 0.0 0.0 0.0 2.6989194873986414e-06 0.0 0.0 0.00014224681896098218 8.007837166203718e-05 0.0 3.7987581674521694e-05 0.004111694845292086 4.5039386293008195e-05 1.7931025003357737e-05 2.3784647031558867e-05 0.0 0.00011936843049021662 2.121817079245962e-05 7.029602274822693e-05 8.187849944782119e-05 0.00018262514912720487 0.000186945244681077 3.334402183352213e-05 0.00024350454908303527 0.0006554567907834055 0.0002635679128961506 0.0001802287001462361 0.0 0.0 0.0 0.0 0.0 0.0 0.0 0.0 0.0 0.0 0.0 0.0 0.0 0.0 0.0 0.0 0.0 0.0 0.0 8.381839954848249e-05 1.0461844909863374e-05 0.0 2.6658368712518946e-05 0.0 0.000275974730549113 2.1739450512207448e-05 0.00020170806853052515 3.894941489703844e-05 0.0 0.0 0.0 0.0 0.0 0.0 0.0 0.0 5.722703684683655e-06 0.0 0.0 0.0 0.0 0.0 0.0 0.0 0.0 0.0 7.811326057720283e-06 1.7677172788250772e-05 0.0 0.0 3.0232327831671052e-05 0.00017339951400345555 5.020573332355537e-05 0.0 0.0 0.0 7.016626448717693e-06 0.0 2.493374733502893e-06 0.0 0.0 0.00026183038232043356 1.59231845267591e-05 0.0 0.0 0.0 0.00010300248215488836 3.929232162639897e-05 0.0001348630292233983 5.562688418178305e-05 4.097943098366161e-05 4.2908030216329984e-05 1.2011709087294238e-05 0.0 0.0 0.0 0.0 0.0 0.0 0.0 0.0 0.0 0.00011850619001008248 7.543676435156426e-05 0.00011861070466667023 0.001056751634002147 4.348888358279059e-05 0.0014216352618340135 0.00021155335191819666 0.0007324603981729102 6.101945179284068e-05 5.496187084422677e-06 3.76837135574268e-05 0.00022927957924726968 0.0 5.237996033405715e-05 5.275849591810116e-06 0.0002989657450675654 0.0 0.0 0.0 8.635043476135885e-06 0.0 0.0005134120475772922 0.00021190760375916072
0.025326280494935138 0.018846940821754823 0.0006808255828230027 0.0 0.005492800535613792 0.008602178724151435 0.020486407927615413 0.00027878199982675115 0.002634247609318429 0.12530785414971543 0.000264755274736607 0.00591505766989019 0.024813819306665156 0.0065156015163261825 0.0001838912006662427 7.428997183981603e-05 1.0836906620584399e-05 1.3378784162087636e-05 4.0413533082417775e-06 7.978078351302502e-06 0.0 0.0 0.0 0.0 2.017022900525201e-06 0.0 0.0 2.3104761466765055e-06 0.0 0.0 0.003878034214231402 0.0006417594143805971 0.00021362051201569306 1.7972598249585979e-06 2.0534196443144815e-06 2.5890048606438598e-06 1.0779566151368819e-05 8.198559073230702e-06 3.099193213393823e-05 0.0 4.021227902138456e-06 1.5869564457764483e-06 7.369922646440309e-06 2.728005705682433e-05 8.246953896825539e-06 0.0 0.0005998049308959717 2.1230612808154483e-05 1.8455577250505772e-06 9.066119566328829e-06 0.0 1.691060911601623e-06 0.0 6.128807350002161e-06 5.358624119233674e-05 0.00013601895691589568 0.0034829066674917815 0.013308098884615862 0.0007395173616713806 0.0008892717302472491 1.4989323764618724e-05 3.9173830769424586e-05 0.0 0.0020459862606764666 4.3733738034803325e-05 3.9575731947892344e-05 1.1279760603631047e-05 6.595796410098259e-06 1.5146184799140317e-05 3.670492190894947e-05 1.566122860694308e-05 2.002394388091762e-06 0.0 0.005536436770666922 0.0023022334221688956 0.002724668266718885 0.0008899295774322004 0.00014565339287795313 6.53064407527788e-05 0.0003643426015887994 4.466829788348561e-05 6.88908542996619e-05 7.7316028021494e-05 1.8880062823713694e-06 1.6277826498882632e-05 1.975981290021152e-05 1.3503316427846135e-05 0.0 4.144044603149056e-06 0.0 2.0679283615480617e-06 0.0 1.8485239216893298e-06 2.180279011506227e-06 5.648260529090765e-06 9.166269759457576e-05 1.4614901898994907e-05 0.0 6.4262428960523654e-06 0.015453213256274367 0.00011734751321459491 0.0001317327007876262 0.0015404247680541802 0.0029966294791899523 9.197455768251566e-05 0.0005538197061955668 0.0009216811166804997 9.197462948464641e-05 0.002087635442813476 0.0009404940923175633 8.405006284298714e-05 8.8944658493323e-05 0.0005324716415991315 0.00022778924653514318 0.00010778899141444599 0.0 0.0 0.0 0.0 0.0 0.0 0.0 0.0 0.0 0.0 0.0 0.0 0.0 0.0 0.0 0.0 0.0 0.0 0.0 0.00012213396773205808 1.349460343612684e-05 0.0 0.0 0.0 6.330876955759038e-05 0.0 9.953519531823198e-05 6.983392935612631e-06 0.0 0.0 0.0 0.0 0.0 0.0 0.0 0.0 1.2558002944642591e-05 1.857897642989816e-05 0.0 3.4183209705282847e-06 0.0 2.1792555968019576e-06 0.0 0.0 0.0 2.8077597068132166e-06 2.7746943756702722e-05 2.5471295767841764e-05 1.793176852098315e-05 0.0 3.235762253369851e-05 4.6909285690272926e-05 4.5030553318616105e-05 0.0 2.421437622251334e-06 0.0 0.0 0.0 0.0 0.0 0.0 0.00010569534795402625 8.051788768963239e-06 0.0 0.0 0.0 4.711866539034756e-06 1.2203297419197069e-05 0.0001455312214587546 2.0967359200743122e-05 7.439580855547955e-05 2.6860669622372204e-05 0.0 0.0 0.0 2.0161114071578887e-06 0.0 0.0 0.0 0.0 0.0 0.0 7.034048795181512e-05 2.5555848869663704e-05 3.574280447747656e-05 0.005307193494989398 9.598203200836738e-05 0.0023063775953784723 0.00034067805927490033 0.0159882496651094 0.0001052316689159156 1.012567258295873e-05 5.0966763732372354e-05 0.0008927946834198899 0.0 1.3011926079145347e-05 0.0 0.001226480058413481 0.0 0.0 0.0 2.6491806703956857e-05 0.0 0.003918514317637614 0.000105369570625935
0.007243193671168105 0.07328293813289616 0.029771684974217474 0.005492800535613792 0.0 0.0001332531005951338 0.05007166314620781 0.008699418470965286 0.05709019633219036 0.01393748925507593 0.03047940317270564 0.001304614316333367 0.020056418545330044 0.025764246663227193 0.0003839675588390968 0.00011511955946300349 4.008366134561773e-06 1.4559388353445402e-06 0.0 6.028499585878921e-06 0.0 0.0 0.0 0.0 0.0 2.751077829987471e-06 0.0 0.0 0.0 0.0 0.00985054337461661 0.0012706822710438477 0.00014497853777418874 0.0 0.0 7.324933924705613e-06 1.275052732886607e-05 9.945888108909888e-06 7.841228926818012e-06 5.697096570217478e-06 3.688736418667342e-06 1.6875073622850033e-06 9.549005299467824e-06 1.8218769136486672e-05 5.386749576265142e-06 0.0 0.0008403893930563513 1.673644920470003e-05 2.696110018126214e-06 3.3405534512710858e-06 4.7047226957079754e-06 0.0 0.0 0.0 1.0906462450727032e-05 4.475574013057363e-05 0.0007648221604837656 0.004882897872818578 0.00022922427585887045 0.0007906051677672534 7.748164366672451e-06 1.3693774672949672e-05 0.0 0.0019848004722175213 3.023984043424373e-05 1.8001064888595886e-05 0.0 0.0 9.838934991970706e-06 1.84735596535894e-05 2.3482645769863344e-05 0.0 0.0 0.001955271545429672 0.001296842100877516 0.0021505856702121857 0.0012181400663901923 0.00010519255147128446 9.442143331865371e-05 0.00015489228177516788 3.3458551200092416e-05 0.00014462233002818538 6.122860633793093e-05 0.0 1.872167313495165e-05 1.4138162184532852e-05 9.235742164148036e-06 0.0 2.089959617419399e-06 0.0 0.0 2.0942077539276873e-06 4.2473693690740565e-06 1.990181651785675e-06 2.0134813494758596e-06 3.491753928258202e-05 1.737286223505e-05 0.0 1.089546472645582e-05 0.0008998640617504808 0.0 7.820532103235554e-06 1.9556781220891837e-05 4.862671635620461e-05 1.3644272821725467e-05 0.0 2.1680205693007263e-05 3.6528376029701198e-06 2.3983667915094862e-05 0.00010548094904129775 7.738881644730354e-06 6.46093530472203e-05 0.0001210948544198923 4.403130893630628e-05 2.4565422651384773e-05 0.0 0.0 0.0 0.0 0.0 0.0 0.0 0.0 0.0 0.0 0.0 0.0 0.0 0.0 0.0 0.0 6.086577011167497e-06 0.0 0.0 0.0 1.6802377996138963e-05 0.0 0.0 0.0 1.0989588133688702e-05 1.7657578867893304e-05 2.0410213848006014e-05 4.174804785938418e-06 0.0 0.0 0.0 0.0 0.0 0.0 0.0 0.0 0.0 6.504391172822729e-06 0.0 0.0 0.0 1.9913323606068525e-06 0.0 0.0 0.0 0.0 0.0 8.320063838703568e-06 0.0 0.0 0.0 2.218466121740969e-05 0.0 0.0 0.0 0.0 0.0 0.0 0.0 0.0 0.0 1.6035158168662627e-05 0.0 0.0 0.0 0.0 3.388365271559945e-05 1.5062733475705791e-05 4.770907162723696e-05 1.9093028693394108e-05 0.0 3.4135212886710374e-06 1.1825909919353277e-05 0.0 0.0 3.7942210601753957e-06 0.0 0.0 0.0 0.0 0.0 0.0 1.0102665905452237e-05 0.0 2.1658246614212523e-05 0.0018141420628593238 5.944479844532077e-05 0.0014535017101752954 0.00021489711640574816 0.0006438994200831458 6.366097119463322e-05 0.0 4.170937894372903e-05 2.156725737936029e-05 0.0 0.0 0.0 2.4050524135099836e-05 0.0 0.0 0.0 2.423338428997635e-05 0.0 0.00023244422497713336 3.0012419839532497e-05
0.004688794499467478 0.001295946761302365 4.127163078582817e-05 0.008602178724151435 0.0001332531005951338 0.0 0.00039758938252779845 2.181866007321318e-05 0.00010731354713790416 0.020695393817374393 9.974609036196931e-05 0.004834826979287352 0.002503433226849995 0.0006429175546285699 1.7657427952187692e-05 3.8705105428822254e-06 0.0 0.0 0.0 0.0 0.0 0.0 0.0 0.0 0.0 0.0 0.0 0.0 0.0 0.0 0.0003128453850863991 1.5038927788587721e-05 0.0004284614139146206 0.0 0.0 9.532626727268064e-06 0.00039165274336345985 8.965537885513079e-05 0.000227139083677965 1.7915594856691754e-05 0.0 0.0 0.0 0.0 2.365156187596007e-06 3.3289799976434308e-06 6.960705524499499e-06 0.0 0.0 0.0 7.869850230992055e-06 0.00016009188387820664 1.619506057646639e-05 0.0 0.0 1.6703908591530297e-05 0.0035339585831145014 0.0015070569146622764 0.0001333660224750982 1.538963770355658e-05 0.0 0.00018030839432475613 0.0 8.219874557469706e-06 3.774263817286898e-06 0.0 3.391155393626386e-06 2.25839897986473e-06 0.0 4.874864124850515e-06 0.0014907745623794818 0.003543885651566239 0.0003064358199693367 0.00028826140336520945 6.078228991740979e-05 4.564788066771162e-05 8.323299621410234e-06 6.51739260772945e-06 2.9731222073514448e-05 0.0004177684969998619 1.9726368105118598e-06 0.00013024511811585452 0.0 1.6286359329119824e-05 0.0 2.8856629564690043e-06 0.0 2.419374838896773e-05 3.388993905776167e-05 0.00020105849340097069 4.161883833158926e-05 5.6950593206754695e-05 0.0 1.2962154829326156e-05 2.182084282049323e-05 0.005681481262166449 0.0019212064020489223 0.000330265909875794 0.0002613705041084291 0.010355009332824745 1.678885744869952e-05 5.614460041614916e-05 2.0114679277427744e-05 3.341957773466863e-05 4.9906853111135676e-05 0.0 8.510604271937966e-05 6.123726196293481e-05 0.00010789972398557791 9.716244122788187e-05 1.722555313359256e-05 3.6225501894061155e-05 0.00022719569993926656 6.246717472092983e-05 2.261106351381535e-05 0.0 0.0 0.0 0.0 0.0 0.0 0.0 0.0 0.0 0.0 0.0 0.0 0.0 0.0 0.0 0.0 1.0577265241515567e-05 0.0 0.0 2.545575332489297e-05 9.24029456921559e-06 0.0 0.0 0.0 4.086992279821089e-06 0.0 2.2676341961673202e-05 8.395795027036097e-06 9.446096723439046e-06 0.0 0.0 0.0 0.0 0.0 0.0 0.0 0.0 0.0 0.0 0.0 0.0 2.357515316047216e-05 0.0 0.0 0.0 2.3701150339676193e-06 6.763710473404303e-06 0.0 0.0 0.0 0.0 0.0 1.2011008688441856e-05 0.0 0.0 0.0 0.0 0.0 3.974090459459819e-06 0.0 0.0 3.0574816871351976e-05 5.905034828456943e-05 0.0 0.0 3.234216182894557e-06 3.27972006148323e-05 4.3123840800192965e-05 3.3665150770407574e-06 0.0 2.710325902649028e-06 2.051789342253432e-05 0.0 0.0 0.0 0.0 0.0 0.0 0.0 0.0 0.0 0.0 6.46167278571922e-05 7.0079134569984e-06 1.543844590495375e-05 0.0007445594023410455 1.8108178294886993e-05 4.6773876620280625e-05 7.079912434315614e-06 0.01792947079580755 0.0005725551698389716 1.7989590983092057e-05 0.0 0.0005233064783048845 2.7406524605600275e-06 8.936248727786647e-06 0.0 0.0007144017286657457 0.0 0.0 0.0 0.0 0.0 0.008462264914832972 6.64032066765823e-05
0.007423659237919915 0.128002547184943 0.0018085777128686003 0.020486407927615413 0.05007166314620781 0.00039758938252779845 0.0 0.0005241104575425258 0.10456827471397047 0.07127938390286466 0.0009348022654238292 0.003484141293506613 0.10741678322332339 0.027223477128150816 0.0004760538271390006 0.0001462783844952186 3.784214317792214e-06 7.892833849328622e-06 4.6236170335263915e-06 4.469793435355517e-06 6.095746124516299e-06 0.0 0.0 6.179182075170877e-06 0.0 0.0 2.668786589020433e-06 0.0 0.0 2.7174871809579467e-06 0.004390282424258494 0.0016190114258910436 3.4174444221144205e-05 0.0 0.0 7.140045875186113e-06 5.885360444719537e-06 0.0 1.6987971318806926e-05 3.5936658982111613e-06 0.0 4.598966218456893e-06 7.952096665929726e-06 1.909110297149591e-05 1.0914618647855433e-05 0.0 0.0013501487025787975 3.2261826867963695e-05 5.387187138074954e-06 5.876708756647118e-06 0.0 0.0 0.0 1.991020780603464e-06 4.022548348947039e-05 8.967107090147473e-05 0.0012064233393907628 0.007517074312446181 0.0003603107023527544 0.0013927100556102748 5.936045250108229e-06 1.163853279179227e-05 4.552049806358276e-06 0.0031175987046274676 1.3010040288980437e-05 2.349409905334529e-05 5.3390744612340876e-06 2.2405794907539933e-06 1.2266361436850336e-05 1.573787522557437e-05 2.6905792668458538e-05 1.8633534050996834e-06 0.0 0.0033105063453782156 0.002391624529626099 0.003690278117648944 0.001752975501998638 0.00012354196214751302 9.285695468925887e-05 0.00013966626950425698 4.97531710550241e-05 7.608088748721469e-05 9.823227647836003e-05 2.552836833824576e-06 1.479438135459278e-05 3.244930223133806e-05 4.316428395962191e-06 0.0 2.1948267231084623e-06 0.0 3.6874055483640627e-06 0.0 1.5479738879157285e-06 5.4603947533475505e-06 6.688140886734183e-06 6.363006103350288e-05 3.748421686760404e-05 0.0 1.670573963960075e-05 0.001056067500300845 3.788773490632403e-05 4.1076155765218816e-05 0.00011588439276012896 0.00040192055829402917 5.446722090375769e-05 7.911013661403566e-06 0.00019067599603218675 3.260108574912572e-05 0.00016115369097556502 0.00011521327792871572 4.3246859784490964e-05 0.00012331197861042734 0.00023171419452897837 0.00011224990875663639 7.970921291134424e-05 0.0 0.0 0.0 0.0 0.0 0.0 0.0 0.0 0.0 0.0 0.0 0.0 0.0 0.0 0.0 0.0 1.3042146527380102e-05 0.0 0.0 4.0180483425623654e-05 8.13945954554834e-06 0.0 0.0 0.0 2.3588105664945135e-05 1.3841825042357409e-05 3.507796286512072e-05 1.3874848210839246e-05 0.0 0.0 0.0 0.0 0.0 0.0 0.0 0.0 1.2948413063833767e-05 0.0 0.0 0.0 0.0 0.0 0.0 0.0 0.0 0.0 3.28932921128447e-05 2.9489656084100657e-05 0.0 0.0 0.0 3.225959425288526e-05 2.953602844976736e-05 0.0 0.0 0.0 0.0 0.0 0.0 0.0 0.0 8.889774414342657e-05 0.0 0.0 0.0 0.0 1.0450224400531233e-05 6.50043024483742e-06 9.949764336627127e-05 2.78385724617063e-05 0.0 1.2472786751080569e-05 0.0 0.0 0.0 0.0 4.894648142755178e-06 0.0 2.0439666969553724e-06 0.0 0.0 0.0 1.9618021501918773e-05 2.7791583685058154e-05 4.325103855601654e-05 0.003112858129515611 0.00014399568377487302 0.0026996238196204878 0.00038126121092446955 0.0018236379844498388 0.000117065865326081 1.1426195893779344e-05 3.206891741434975e-05 0.000187316629297823 0.0 0.0 4.96531531240448e-06 0.0002675753716617493 7.710675593087903e-06 2.026518966657342e-06 2.623089688306917e-05 0.0 0.0 0.00048247350773274314 8.727052226255522e-05
0.0004783816325330856 0.001863648277703359 0.08419466504179758 0.00027878199982675115 0.008699418470965286 2.181866007321318e-05 0.0005241104575425258 0.0 0.00478212454846015 0.0024659113043963674 0.022997544401443797 0.0007550006411642227 0.0039018906017151125 0.01712734583047644 0.0007071246839501529 0.0003023664152746164 6.957371693452417e-06 1.866193282480745e-05 6.787995716267662e-06 8.78934250564767e-06 2.934872124960784e-05 0.0 2.344645149683439e-06 0.0 6.299156124201106e-06 2.400582946464993e-06 8.598702974224473e-06 0.0 3.0591384041315527e-06 0.0 0.01880803632218387 0.03867379058132191 0.006213483953363731 1.8452123999204683e-06 6.433675260212609e-06 1.4250178382790629e-05 0.0001769507382808442 3.399118906081214e-05 3.272318480377473e-05 1.5930292375284046e-05 6.130539412367567e-06 1.5954647170603034e-05 2.0816419873542237e-05 3.4265590745781534e-05 9.092787777557448e-06 2.257477250475646e-05 0.0014157393191050274 1.9710002468550747e-05 1.0773166388086231e-05 1.6384494094555175e-05 4.423374576403103e-06 0.0 5.6906454393531056e-06 0.0 1.4950045561953345e-05 4.739841605284805e-05 0.0007986373995480255 0.007270633387292875 0.00026617308579689804 0.0011216845197641128 0.0003364087863190178 0.0017822081518231207 7.657454279007366e-06 0.00979441598815202 2.185320833394987e-05 2.4261106286523284e-05 2.0352184603259477e-06 5.089585491012113e-06 3.506320987066424e-05 8.616051437608064e-05 0.00015248183100375804 0.0 0.0 0.002039132530203239 0.002262011685325856 0.0036774831996369784 0.004124428686593154 0.001137825024219264 0.02515200556954112 0.04445097359456706 0.0035215261703453408 0.02600177158466655 6.0947904625275673e-05 0.0 2.3414923612412134e-05 7.850168010886332e-06 1.1851035415871982e-05 1.7978923586116855e-06 0.0 0.0 2.4588425954378594e-06 0.0 2.683832228714725e-06 2.110180634715095e-06 8.54265419347059e-06 4.640492390233361e-05 4.980630725639612e-05 0.0 2.5622729648622016e-05 0.00021793691172829752 8.301670120019803e-06 0.0 6.4594119184708095e-06 1.4557319214758643e-05 7.172574190131884e-05 9.361320341361953e-06 0.0 2.630863140709136e-05 4.3966761070441924e-05 2.8433924234389552e-05 5.911682655915512e-05 4.194072672129887e-05 0.0001431683807492704 9.806937356637202e-05 7.224266325047775e-05 0.0 2.481638928321126e-06 0.0 0.0 0.0 0.0 0.0 0.0 0.0 0.0 0.0 0.0 0.0 0.0 0.0 0.0 0.0 0.0 0.0 1.637285202583652e-05 0.0 0.0 1.0677530449284554e-05 0.0 7.753420620094229e-05 2.0370756796169013e-05 3.972922915569865e-05 3.5792944861487505e-05 0.0 0.0 0.0 0.0 0.0 0.0 0.0 0.0 0.0 1.1123321383193465e-05 0.0 0.0 2.524363445789324e-06 1.0436211361714595e-05 0.0 0.0 0.0 0.0 2.705449544364955e-06 3.458895510983934e-05 0.0 0.0 1.0307201117640257e-05 4.8822895525124875e-05 1.4471893051519248e-05 0.0 0.0 0.0 0.0 0.0 0.0 0.0 0.0 0.00014454154794427446 1.8588239467183e-05 0.0 0.0 0.0 3.6179794869809635e-05 0.0 6.218593627328678e-05 3.2280702954486635e-05 2.5590245652276e-06 1.782282856597182e-05 0.0 0.0 0.0 0.0 2.1192038941272937e-06 0.0 0.0 0.0 0.0 0.0 2.752675324286431e-05 2.492326609866947e-05 4.726505774919575e-05 0.0027362352948994677 0.00015878445106521703 0.0018120209265880094 0.0003866057059778923 0.0004282636963428676 6.67328716307447e-05 3.1567876146879764e-06 7.943818986345129e-05 1.659251930273782e-05 0.0 4.525533635672826e-05 0.0 4.561412579239871e-05 0.0 0.0 0.0 1.351985528939782e-05 6.033889994926707e-06 0.00016334588548505278 7.336056730913207e-05
0.0037554233778972455 0.06611905018078466 0.014171913681396149 0.002634247609318429 0.05709019633219036 0.00010731354713790416 0.10456827471397047 0.00478212454846015 0.0 0.005973943797890518 0.013732195838258512 0.0018728986869993634 0.04227029875591143 0.037266477219669296 0.00012400933533963498 9.913539543005782e-05 4.143451626283404e-06 3.6429092242700996e-06 8.048184039537758e-06 4.412679808380671e-06 0.0 0.0 0.0 0.0 0.0 0.0 0.0 0.0 0.0 0.0 0.003330214231464904 0.0006615764085855098 0.0005518973876808726 0.0 0.0 0.0 4.458897902576388e-05 1.8498722269747495e-06 1.9560826699166872e-05 0.0 0.0 2.046280112865005e-06 1.7203267476960334e-06 7.271301669970791e-06 3.6168263035171603e-06 3.8077978494927046e-06 0.0003136756588079905 1.029322088658571e-05 1.907597390634945e-06 1.5946158396503505e-06 0.0 0.0 0.0 0.0 8.530976129950104e-06 1.5570698118341322e-05 0.0003498512731252817 0.0023971409435394777 7.955644216112707e-05 0.0002556025720178747 3.403906177230743e-06 1.702940133571953e-06 1.6353235233782052e-06 0.0007654621077537208 3.970425926170872e-06 6.355618657703169e-06 0.0 0.0 5.2393656731101385e-06 4.510841569917397e-06 9.143392063324326e-06 0.0 0.0 0.0007615415246920269 0.0005316139111551836 0.0009299844026296706 0.00046292878833245187 3.7257552913623055e-05 6.110448857481231e-05 0.0007794692211135797 9.413662876100801e-06 2.0221897856030462e-05 3.5965041070831786e-05 3.847164351906335e-06 5.86244675378445e-06 9.507636023783317e-06 2.078207127147198e-06 0.0 0.0 0.0 0.0 0.0 0.0 0.0 0.0 1.5879554890003085e-05 2.1290543403318803e-05 0.0 0.0 0.0006255741925707721 2.989167508930254e-06 0.0 3.0302481138029573e-05 1.4711229987840215e-05 9.826798557145592e-05 2.1561213252218753e-05 6.917607860918943e-05 1.4889992172022345e-05 6.308430822301961e-05 3.6377595679541745e-05 6.158628480904054e-06 4.159423944652033e-05 0.00013130415980007815 0.00011161027587877849 3.307257359703248e-05 0.0 0.0 0.0 0.0 0.0 0.0 0.0 0.0 0.0 0.0 0.0 0.0 0.0 0.0 0.0 0.0 0.0 0.0 0.0 2.6665706590324394e-05 0.0 0.0 0.0 0.0 1.4724927509722013e-05 0.0 2.3844563753726645e-05 0.0 0.0 0.0 0.0 0.0 0.0 0.0 0.0 0.0 0.0 0.0 0.0 0.0 0.0 0.0 0.0 0.0 0.0 0.0 0.0 0.0 0.0 0.0 0.0 2.1896299360988837e-05 6.5658500472816485e-06 0.0 0.0 0.0 0.0 0.0 0.0 0.0 0.0 3.719859699020217e-05 0.0 0.0 0.0 0.0 0.0 1.1244510631731493e-05 2.120480472271139e-05 0.0 0.0 0.0 0.0 0.0 0.0 0.0 0.0 0.0 0.0 0.0 0.0 0.0 3.495615495592614e-05 0.0 2.550524992687522e-05 0.0007622073111679309 2.1414308529863186e-05 0.0005265404991409898 6.579468774292553e-05 0.0004263319295676379 2.7529126462637424e-05 2.7404246809546614e-06 1.036943125571767e-05 6.494202394228181e-05 0.0 0.0 0.0 0.00014699262916056653 0.0 0.0 0.0 6.611207996944546e-06 0.0 0.00018490871184806526 6.86444511338056e-05
0.031956908017984696 0.02116620581825813 0.008206450625046423 0.12530785414971543 0.01393748925507593 0.020695393817374393 0.07127938390286466 0.0024659113043963674 0.005973943797890518 0.0 0.002663689634343637 0.054939738350538114 0.14937404450873207 0.018548719841757523 0.0014689005584237172 0.0005919128596865072 1.22197436691232e-05 2.7267539114594362e-05 4.062385708362181e-06 1.4830631119607898e-05 7.971139040938236e-06 0.0 2.0178865882963254e-06 0.0 1.6444427689286314e-05 0.0 2.166442384713168e-06 0.0 4.278738463927801e-06 0.0 0.009983451178952463 0.006434050423721128 0.000554144916418056 5.622047595863489e-06 0.0 7.101710661339651e-06 0.0005038476048197143 0.00010491968153385878 6.004374069948711e-05 1.450567173589378e-05 5.94159632345379e-06 0.0 9.51556191042185e-06 4.476440756637186e-05 2.3289566653251164e-05 1.0521459613147002e-05 0.0033971935600662344 4.622576483796667e-05 1.2231715877664936e-05 1.6164664278626836e-05 0.0 8.690849291977377e-06 0.0 8.671903278052943e-06 7.196039042096427e-05 0.00013936560586189008 0.0030518128462032113 0.013591735811290443 0.0006336507575741925 0.002739814943634457 3.854951658557801e-05 0.0002007165107256635 3.1074672372563596e-06 0.00565429582700737 5.9074823624979955e-05 5.7564848437008136e-05 8.792847499476396e-06 1.748597365014279e-05 2.2072148965789118e-05 4.171806156483428e-05 0.001538200134541849 0.00012429558643837943 7.072258289683647e-06 0.006530397689453268 0.004399191431482844 0.0076420393453006654 0.0039625124138703074 0.00036115906702425366 0.0005510588464032345 0.0009401574093144078 0.00012415090223909855 0.0003639933983937387 0.00017115584289667516 4.3538290572714135e-06 4.3427399024540775e-05 5.288200420673661e-05 2.1331124542821456e-05 0.0 6.666528070434184e-06 7.601212401139474e-06 1.0137942311034391e-05 0.0 1.1257216796779407e-05 3.1571974305047052e-06 1.3232283068942235e-05 0.010730849471629616 0.0017433150907252871 2.0937489889299187e-05 0.00011217367176634891 0.010032209328640315 0.0002862546483568538 0.0008949048246852907 0.0005817830675734675 0.0006136692618756499 0.001272476542925308 0.00036899791092050426 0.003999474626997725 0.0011331235166842407 0.0034507323083672243 0.0026599520280449784 0.0006713126325979161 0.0016268454742298414 0.006455873693378652 0.0028808253724603703 0.0012164635674381354 1.692957312734158e-05 0.0 3.0258308392206284e-06 0.0 0.0 0.0 0.0 0.0 0.0 0.0 0.0 0.0 0.0 0.0 3.317727872611329e-06 1.728051494632018e-05 7.068306735344647e-06 0.0 0.0 0.0006530875553724078 0.0001541005172422983 0.0 1.7162867998723197e-05 2.4744316066615262e-05 0.0008177338427795615 4.936644965312934e-05 0.0004895015771539319 0.0001071982184805129 4.305272969465435e-05 0.0 0.0 0.0 0.0 0.0 0.0 0.0 3.699358297216059e-05 0.00010005458081153321 0.0 0.0 0.0 1.5258001338731664e-05 0.0 2.7297269133654113e-06 8.938415914813821e-06 1.7047503721475944e-06 5.7039517989743316e-05 0.00015659535913892182 7.669463494704741e-05 0.0 0.00020574784631629492 0.00041963260985778555 0.00029544976495041555 5.890565443043285e-06 0.0 0.0 0.0 0.0 0.0 0.0 0.0 0.001541516812472337 1.7989190353448712e-05 0.0 0.0 0.0 0.00029042435181699666 0.0002032258997714705 0.0010417532119889456 0.00010127174972242215 0.00032441941594319384 0.00014103713003237674 3.3917057391486184e-05 2.0954170292910174e-05 0.0 0.0 0.0 0.0 0.0 0.0 0.0 0.0 0.001214512362345077 0.00021728607809298932 0.00034231504062136526 0.018988122482914836 0.00040775882835177474 0.0060771413673720055 0.0010849545091970746 0.02760907038546578 0.00043140631756588544 2.973979652274125e-05 0.00027871225746104697 0.007506839698595899 3.061592612208781e-06 0.00023322844072515552 4.240984716109324e-05 0.009009154339922817 1.8734925408633662e-05 0.0 0.0 0.00018240915163283446 0.0 0.010436337891504383 0.0020744880163650233
0.0020652014729747995 0.007009994907782117 0.035936660142194085 0.000264755274736607 0.03047940317270564 9.974609036196931e-05 0.0009348022654238292 0.022997544401443797 0.013732195838258512 0.002663689634343637 0.0 0.0014765110349869793 0.024389090842221708 0.084276542892964 0.0004496336165330423 0.0002793807131764746 6.349266137597991e-06 6.286890708002751e-06 0.0 4.363556464994518e-06 0.0 0.0 0.0 0.0 0.0 0.0 0.0 0.0 0.0 0.0 0.01298701610187758 0.0034209274173075655 0.020647015815725225 0.0 1.0241915170865353e-05 6.616513855702601e-06 0.0013494635702092173 0.00021107070868128775 1.783537894101804e-05 1.993403880199775e-05 1.7795419461738757e-06 2.5728520058472763e-06 0.0 4.1842745871135956e-05 1.6454018804192053e-06 2.1816672485249326e-06 0.0007266527945614911 1.7888743859360066e-05 0.0 6.344016708190726e-06 5.708251021855018e-06 0.0 0.0 4.116548698951149e-06 1.783336698157378e-05 2.9930366501708817e-05 0.0004303655874872039 0.003558911263152877 0.00011097811004757218 0.0004930431313903129 7.459139605984464e-06 0.00015566300584658123 3.0224272682449885e-06 0.001803108643274274 7.913280021608715e-06 1.59092804097126e-05 0.0 7.760028215862832e-06 0.0 9.345851575273167e-06 0.0004997761637940696 2.8880717960980844e-06 0.0 0.0010766555775878247 0.0008911226071416355 0.0017209493794041037 0.0011761152095059932 0.0001619525794796312 0.0015672429402825347 0.014876226032706136 4.703882273326994e-05 0.001892726812034325 3.250901385812455e-05 2.2141647429216325e-06 9.331899840103405e-06 3.740800274901355e-06 5.360517802008778e-06 0.0 0.0 0.0 4.092195965834351e-06 0.0 6.7609448727966125e-06 0.0 3.958827351171103e-06 1.2618106014899042e-05 5.799974916236902e-05 0.0 4.228144920359596e-05 0.0005443296290735265 0.0 0.0 3.518508527011227e-05 4.802691922549469e-06 8.023195660717299e-05 1.0531764062537032e-05 8.951413337799922e-05 3.633003342321227e-05 0.0001491203628853642 5.142693646434377e-05 5.0623735708028536e-05 4.285106394307514e-05 0.00031056258144341697 0.00011121923997495957 8.615670061434244e-05 0.0 0.0 0.0 0.0 0.0 0.0 0.0 0.0 0.0 0.0 0.0 0.0 0.0 0.0 0.0 0.0 0.0 0.0 0.0 6.890112219183133e-06 1.044975815536371e-05 0.0 0.0 0.0 8.446547922591595e-05 1.2546480108705018e-05 5.667466961657019e-05 0.0 2.1662577426281276e-05 0.0 0.0 0.0 0.0 0.0 0.0 0.0 0.0 2.0880673406912413e-05 0.0 0.0 0.0 1.5051549590818834e-05 0.0 0.0 0.0 0.0 0.0 9.944689032073744e-06 0.0 0.0 1.0774618740845708e-05 4.841956739647913e-05 1.7272459234680238e-05 0.0 0.0 0.0 0.0 0.0 0.0 0.0 0.0 0.00012122659464471835 2.0970666035688828e-05 0.0 0.0 0.0 9.459986592543154e-06 1.856001391835622e-05 0.00011271732787962526 3.2974208052424953e-06 2.652702761755284e-05 9.348950127797834e-06 0.0 0.0 0.0 0.0 2.1724836997608107e-06 0.0 0.0 0.0 0.0 0.0 3.6001125672198894e-05 1.873178879910497e-05 4.860145044246417e-05 0.002279506285730172 9.360541785046627e-05 0.0010484463224080082 0.00022097691130260004 0.0005893136671721062 4.060463960890019e-05 2.390660004479834e-06 5.0962296627486216e-05 0.00012055830353051994 3.337546385534417e-06 3.7596956711357064e-06 0.0 0.00025324619162542803 0.0 0.0 0.0 2.3698032664913047e-05 0.0 0.0001573017775594915 6.58526020667683e-05
0.003128624622202165 0.0024596408079145538 0.0020915216343418 0.00591505766989019 0.001304614316333367 0.004834826979287352 0.003484141293506613 0.0007550006411642227 0.0018728986869993634 0.054939738350538114 0.0014765110349869793 0.0 0.05059890949103958 0.004246188343068616 0.0007256569492508065 0.0004558773069172903 3.565843997341839e-05 0.0 1.921502070100224e-06 0.0 3.218096510805914e-06 0.0 0.0 1.2672868918851935e-05 6.362422575120115e-05 1.2170563896386252e-05 6.081218847463023e-06 0.0 0.0 3.319968549025585e-06 0.0019730173775525323 0.0013530914261074031 0.001900080381886093 0.0 2.9859131664038918e-06 0.00023298917615338408 0.008998829128468628 0.0016370935904426874 0.006107926616978858 0.0004449752114609066 3.3111918165113734e-06 3.8378715064262235e-06 0.0 4.457526838077726e-05 2.4368250250901367e-06 1.4637578249205389e-05 0.0007992719471290232 1.0503551824288013e-05 4.561546997327976e-06 9.672106584380436e-06 0.0 0.0 4.4079010859965775e-05 0.0 5.9082923205284655e-06 1.3715513471056096e-05 0.0001878707057187578 0.0009570618164510784 5.027152207271841e-05 0.0003655483295894195 2.7410953091063577e-05 0.00010599351483196166 5.476543502487049e-05 0.000775438768981052 3.747635162845715e-06 8.53386208817643e-06 0.0 0.0 9.590691591870579e-06 1.6606086718408818e-05 0.017014905323713633 0.00012491422609795853 3.130463228806056e-06 0.0004612228790026744 0.00041068666821729444 0.0011039828716354516 0.0007168943206997817 0.000145474241874922 0.00010138730447216246 0.00036042567124960006 5.075579538672086e-05 0.00023162854021118777 1.9620966701589788e-05 1.9993308930042976e-06 4.495315812059041e-06 6.328846586473422e-06 4.565768700153665e-06 0.0 0.0 3.0255891866187235e-06 1.7892204234632351e-06 0.0 1.4554468126496593e-05 0.0 7.867101128001871e-06 0.037219708629316846 0.016240549529772986 3.136248230868963e-05 0.009741933864071869 0.0015206029908525012 0.0001806673485491287 0.00029012141319066984 0.0003067230311169362 0.00016772627523782964 0.0008789163373391933 0.00025834319785727924 0.0014131319887658448 0.0008249383234744374 0.0021842811370420207 0.0017161430722536447 0.00064148635631409 0.001578780111243676 0.006751580505082836 0.0028007615067034736 0.0013818021876750197 2.401996492328739e-06 0.0 4.452990049504927e-06 0.0 0.0 0.0 0.0 0.0 0.0 0.0 3.839535891065261e-06 0.0 0.0 0.0 0.0 0.0 8.947590089931634e-06 0.0 0.0 0.0005222745485803059 0.00010954079317919909 0.0 3.35010707159158e-05 0.0 0.0014637221248261433 0.0001339974706599429 0.0009725990439030632 0.00010957794975075836 1.0635390472400328e-05 0.0 0.0 0.0 1.2244655446506003e-05 0.0 2.223103602022444e-05 0.0 2.1021811274584333e-05 7.70539121872719e-05 0.0 0.0 0.0 2.269403415666703e-05 0.0 0.0 5.255804236646294e-06 0.0 3.933922416550107e-05 0.00012824409696694737 3.5195155940763304e-05 1.423701497127565e-05 6.620129383568634e-05 0.0005835006390315668 0.00019427868050298695 0.0 7.970706353424505e-06 0.0 0.0 0.0 1.0029243633679115e-05 0.0 0.0 0.002654652159984281 4.153956390495106e-05 0.0 0.0 0.0 0.0002559296715925146 0.00022795124995203116 0.0010090557990883394 0.000143099891640078 0.00018585079292307482 0.0001222894960215471 2.4358568399099336e-05 3.677792217916566e-05 7.682304940216221e-06 0.0 0.0 0.0 0.0 0.0 0.0 0.0 0.0016576328368440461 0.00024166199973603186 0.0005450477780500362 0.006442083895072887 0.00011197279396347864 0.001233428775419294 0.00039113450520446703 0.014775986766222106 7.52592421133162e-05 4.4027332448068075e-05 4.784368543707619e-05 0.001323975176348085 0.0 0.00017845208990168257 2.8191304084711602e-05 0.002620276323347083 2.5204336383097687e-06 0.0 0.0 1.2664769900966032e-05 1.9354197601865834e-05 0.018584128968797797 0.0037076858734698607
