0.0 0.06729058392603751 0.007709459611664993 0.0486573115520483 0.0019719748288892416 0.004784902274641322 0.0153937764779713 0.0015089517624119282 7.565023583177499e-05 0.0354809970163938 0.0017276323586544098 0.0005934411409095583 0.005550941487737113 0.0005282916148281348 1.3882310819806787e-05 2.601992851710323e-06 2.356370133471493e-06 0.0 0.0 0.0 0.0 0.0 0.0 0.0 0.0 0.0 0.0 0.0 0.0 0.0 0.01907504843577398 2.335573160705068e-05 0.00015117522378130474 0.0 0.0 2.0279997861201295e-05 1.067777082654584e-05 2.8034543513907046e-06 0.0 0.0 0.0 0.0 0.0 0.0 0.0 0.0 0.00029545126606656896 3.2290987817724764e-05 7.321005235516291e-06 1.8290038251983565e-06 1.48516365675867e-05 0.0 0.0 0.0 8.327074937077762e-05 0.00010899446149412103 0.005519601391403624 0.009655350647121096 0.0019234710856579685 8.216439388559633e-05 1.0916320445632508e-05 5.413768297657632e-05 9.723739154177352e-06 0.0004294436276345488 5.3535362250328694e-05 0.00010735844008608046 8.198356634325526e-06 2.1785794290254868e-05 3.1631514733808774e-05 4.2051602501523495e-06 3.801967778875065e-05 3.472154370627453e-05 0.0 0.0019404018108202968 0.00020999998632456433 0.00035391500393286174 8.171629070903756e-05 6.55917070883244e-06 1.4227058911815961e-05 0.0004920719880750442 0.0 0.00011554517008811219 0.00014119011643928865 1.133732093834841e-05 4.27963122387362e-05 1.353365728826118e-05 1.907900670459017e-05 0.0 5.457096645459165e-06 0.0 4.305424343868447e-06 0.0 1.6545721470849184e-05 2.9406726185844308e-06 0.0 0.00022393335909198588 1.9448510733408007e-05 5.045904478033178e-05 0.0 0.05039783477494576 0.0 1.0086137405345687e-05 4.2586699608595796e-05 0.0001335148901181306 0.0 0.0002158117662229848 3.424593762405656e-06 0.0001652503626931679 0.00026559722242451946 0.00011517442535370855 0.0 0.00010799860044739709 0.0002037898611096934 7.88894845189107e-05 0.0 0.0 0.0 0.0 4.369947929133925e-05 0.0 0.0 0.0 0.0 0.0 0.0 0.0 0.0 0.0 0.0 0.0 5.12722570869206e-06 5.886887294855017e-06 1.4937653554671518e-05 0.0 0.0 0.0 0.0 3.4987103898934116e-05 0.0 6.632260477384566e-06 0.0 0.0 0.0 5.014211973552441e-06 0.0 0.0 0.0 0.0 0.0 0.0 0.0 0.0 0.0 0.0 0.0 0.0 1.611610965542778e-05 0.0 0.0 0.0 0.0 3.0966539093686943e-06 0.0 0.0 0.0 3.4182748901541745e-05 6.135841208838023e-05 3.5209079953751974e-05 0.0 0.0 0.0 0.0 0.0 0.0 0.0 0.0 2.591774177860961e-06 0.0 0.0 0.0 0.0 0.0 0.0 2.931268968004978e-05 0.0 0.0 8.771448778881376e-06 0.0 2.9631873850425953e-06 0.0 0.0 0.0 0.0 0.0 0.0 0.0 0.0 1.3513635962970892e-05 7.438698998310596e-06 0.0 0.003576874419492127 2.4577091522426555e-05 0.004299498444732094 0.00018170732864703436 0.027676189964025738 0.0009545424119650487 3.121224261040821e-05 3.934972117926431e-05 0.0011234741368406325 0.0 2.1988720217541296e-05 3.5069756078106054e-05 0.0008381074247087055 6.599721312539245e-06 0.0 0.00014315818019842365 1.4154431131031168e-05 0.0 0.002133513805581683 6.760305495360298e-05
0.06729058392603751 0.0 0.07194617793155765 0.021227103796305852 0.06816715974937101 0.005159063389013195 0.08870769339413076 0.025761050326441905 0.011852269624117558 0.027695976442781156 0.03476035185246307 0.0012078765334171146 0.0212085284833906 0.015455630454623923 9.588847703725504e-05 5.745700098472884e-05 6.132141033357406e-06 0.0 0.0 2.26945341039674e-06 2.359244225267718e-06 0.0 0.0 0.0 7.357176561475239e-06 0.0 0.0 0.0 0.0 0.0 0.03258783191011642 0.00019040373341140183 0.0012859956487554182 6.4314126870663065e-06 0.0 2.5471574174585543e-05 1.9987451693617914e-05 5.158749326389293e-06 0.0 0.0 0.0 4.186640878874395e-06 5.67470958222567e-06 1.4661259542382995e-05 4.6443050296355365e-06 7.831338325931686e-06 0.002016476498496853 0.00010978052999941702 3.722599752775295e-06 2.6075330959194295e-05 0.00023353751990365422 3.407233328649278e-05 0.0 0.0 0.00017921147555468263 0.0002173165918133839 0.005378795740089042 0.010178807933971298 0.0025549978641076347 0.0006573858596322694 0.0001364868926176066 8.334136760352822e-05 4.6286236062993314e-05 0.0038289677432481223 0.00019053398595164894 0.00028430017054784486 4.923148043926596e-05 0.00016265136019329241 0.0003978694957136354 4.1332881865513587e-05 4.916812275814679e-05 5.997166881169986e-05 5.300087418426174e-06 0.005357333316138539 0.0013253642816274808 0.004087228002377742 0.0009457033793853127 7.576195212283893e-05 9.779197939743479e-05 0.005519417720113805 4.9594592589914645e-05 0.0004689220992204957 0.00034506850790752704 2.2971482573397593e-06 0.00021837359774012146 3.166049014692226e-05 8.867752615779513e-05 0.0 6.730932643489336e-05 2.0876043956855377e-06 2.590020150538655e-05 2.1927433311750766e-06 0.00016434357479123878 2.1638361658464175e-05 5.421714630897493e-06 9.348632379035441e-05 0.0 0.0 3.3563815289097202e-06 0.027816819760944564 7.053319683664368e-06 3.398737493908002e-05 5.270998959258153e-05 0.00017862826869699148 5.448549781987427e-06 0.00036789665756413275 7.071528788769784e-06 0.00020874490740694745 0.0003699648785834348 0.00014605349236941815 0.0 0.00017126703497438503 0.0005663194347697363 0.00016362276488602533 3.735350184228424e-05 1.1799405304755173e-05 0.0 0.0 2.1081654189280404e-05 0.0 0.0 0.0 0.0 0.0 0.0 0.0 0.0 4.796140999166632e-05 8.016828658917856e-06 0.0 0.0 5.446335544464402e-06 0.0 0.0 8.78927831067154e-06 9.257298313149995e-06 0.0 3.6799392313638963e-05 0.0 3.3074583350801755e-05 0.0 7.035973829545268e-05 2.3955746883266226e-05 7.559833160486892e-06 0.0 0.0 0.0 0.0 1.4205525218486714e-05 0.0 0.0 0.0 6.209716015445465e-06 0.0 0.0 0.0 3.9759584588713866e-05 0.0 0.0 0.0 0.0 1.81897781084155e-05 5.500223463890291e-06 0.0 0.0 1.2322116902231449e-05 0.00020648538269362423 2.4516270554551392e-05 0.0 0.0 0.0 0.0 0.0 2.523118809576927e-06 0.0 0.0 6.401329760176506e-05 0.0 0.0 0.0 0.0 2.3236738604658855e-05 5.382399166658809e-06 3.629469949595392e-05 2.5925177034515263e-06 5.2442283751332915e-06 1.1302254756076958e-05 0.0 6.470557935835332e-06 0.0 0.0 1.9684914524353442e-06 0.0 0.0 0.0 0.0 3.6585165012838562e-06 4.800486862253198e-05 2.1644048973866525e-05 2.974622129918227e-05 0.003142859527219646 0.0001359365425525728 0.0162536298081959 0.001971100922199067 0.017448771558671305 0.002261888636857933 6.844038327301962e-05 0.00038267461058409734 0.0008569732783732073 0.0 0.00010558444790764645 4.9599343540681685e-05 0.000696292958824471 7.007264548677697e-06 0.0 1.7041358394623158e-05 0.00023638673438579463 0.0 0.0012290542072660529 8.883785404782991e-05
0.007709459611664993 0.07194617793155765 0.0 2.373352726591186e-05 0.05160360343216663 2.2744324283468664e-05 0.0010510655431265948 0.12224382804676293 0.016748947425165358 0.00016286272480386024 0.0937195297420145 0.0016746508256517685 0.01166173962548124 0.03276906921819056 0.00010105737393482915 0.0001798229433873504 2.7005198319197696e-05 3.250780803160252e-05 5.804950990237421e-06 8.371331767173759e-05 5.6255719312685326e-05 0.0 3.7317461409866836e-06 0.0 5.602708977216739e-06 0.0 0.0 3.083113879234796e-06 0.0 0.0 0.07814234552361263 0.010478724314502414 0.0028976382996924095 0.00011259984419514834 8.98464706611994e-06 5.2441529811715734e-05 4.596432700868512e-05 3.1960094690378792e-06 3.907291796755032e-06 3.1406581993190417e-06 1.1808368370187531e-05 8.380098815487732e-06 0.00010142502803750365 0.000129002397937214 2.876908574964257e-05 0.00034759632541818576 0.001997664577998927 0.0001937444805237369 4.812343464983218e-05 0.0005509776030561673 0.001978900272764908 5.9644181789268867e-05 0.0 0.0 9.302960103168969e-05 0.0001319330951751573 0.0042003598297962255 0.016995721525010794 0.0017518468984983274 0.0004487160619559348 0.0013539366056558376 0.0005296335488824275 0.001075219302850759 0.0063168710985892435 0.0001926787283408282 0.0008765265746834085 0.00030349018799319513 0.0032219501434008766 0.006531616631160143 0.0007771714403733455 6.671119932943615e-05 3.202332937825249e-06 6.446905526744515e-06 0.00334412519687502 0.0012309168060229336 0.002894745946361843 0.0012158708239677905 4.092165924603735e-05 0.001863566540454878 0.02773662697122805 0.0017943684597170274 0.003938203835835898 0.00019903352970237356 0.0 0.0005775586547692956 7.088417844179648e-05 0.0010414193346948925 2.6117213480995953e-06 0.00033009986885305145 0.0 0.00020795427199187216 1.4231524195059563e-05 0.0014845486316381492 0.00013825760321056464 1.7910614503701365e-05 6.339067850120849e-05 1.3042142882613108e-05 0.0 4.894801512334712e-06 0.010705818711146063 0.0 7.992429312744995e-06 1.0471944772396626e-05 0.0 0.0 6.520741316662553e-05 0.0 4.6280782883637845e-05 2.8975837754400464e-05 7.6265192004257644e-06 0.0 2.844047185770995e-05 7.227539903171674e-05 1.6478971869437463e-05 1.0369336086272514e-05 2.956718838091211e-06 1.1205421186372775e-05 0.0 0.0 0.0 0.0 0.0 0.0 0.0 0.0 2.5922126442922963e-06 0.0 0.0 0.0 0.0 0.0 0.0 0.0 0.0 4.2847126404338155e-06 0.0 0.0 6.173976512487076e-06 0.0 0.0 0.0 3.3146345690063607e-06 3.3217990602197658e-06 5.408416098449975e-06 0.0 0.0 0.0 0.0 1.0882182368595934e-05 0.0 0.0 0.0 0.0 0.0 4.679706256280809e-06 2.5624486379902645e-06 7.061658625707981e-06 1.3688760030213124e-05 0.0 0.0 0.0 0.0 0.0 0.0 0.0 0.0 3.5478923184189225e-05 6.8359416011534685e-06 0.0 0.0 6.954007216519149e-06 1.8277415733505736e-06 0.0 2.760500405801547e-05 0.0 0.0 1.444086139215094e-05 0.0 0.0 1.7947449095424995e-06 2.201603692758653e-06 6.479501070975358e-06 0.0 3.172908716074677e-05 0.0 1.9028328459990877e-05 7.026330835905629e-06 0.0 0.0 0.0 0.0 0.0 0.0 2.152500533775904e-05 1.1310935026820801e-05 1.2913112733629118e-05 2.641993307527852e-06 3.175908260981291e-05 0.0 2.6607060565070963e-06 0.002255079421419694 0.00023355042144622472 0.009720543068757739 0.0021187285701047202 0.0019672435762535558 0.0011652892913813734 2.031502813303611e-05 0.000460661248551052 6.470417077147625e-05 3.1661797466368018e-06 2.6859705210089755e-05 2.69341166622623e-06 2.024473919898947e-05 0.0 0.0 0.0 0.00031378870519715237 2.0343048328535057e-05 0.0004493980137163201 8.583839011924903e-06
0.0486573115520483 0.021227103796305852 2.373352726591186e-05 0.0 0.00027228008340040807 0.020527993729981982 0.013242157963232758 5.413432786448133e-06 0.00023118027588970718 0.07737094051472011 1.8800346384645497e-05 0.0021954144133726977 0.022957345759567673 0.0005195635147941829 0.0 2.190336434159496e-06 0.0 0.0 0.0 0.0 0.0 0.0 0.0 0.0 0.0 0.0 0.0 0.0 0.0 0.0 0.0013514481951810312 0.0 8.683489180816256e-05 0.0 0.0 0.0 0.0 0.0 6.419348216773815e-06 0.0 0.0 0.0 0.0 0.0 0.0 0.0 9.691482694244452e-05 2.1628977902266617e-05 6.054547736946662e-06 0.0 0.0 0.0 0.0 0.0 3.029275228927972e-05 2.0797652371438196e-05 0.0014163614068884965 0.001303606817439793 0.0005747555553027948 6.033151849918006e-05 0.0 2.8368893020779315e-06 0.0 0.00030587459636716 2.513995565641952e-05 5.1636108992563996e-05 2.9782825166350507e-06 4.376685193882662e-06 2.767498847155943e-06 0.0 6.20219470017842e-05 3.2914428908175954e-05 0.0 0.0008562190344150677 0.00010677340350186658 0.00018920178093240195 3.135510366406284e-05 3.851854341988264e-06 2.0610845382292737e-06 0.0 0.0 6.046953397806715e-06 3.7643776136093795e-05 0.0 1.8620850580847104e-05 1.3025921420175541e-05 2.264328991088671e-06 0.0 0.0 0.0 0.0 0.0 0.0 0.0 0.0 7.648358742943847e-05 5.2987087449428144e-05 0.0 3.233769005877963e-05 0.016414122831834896 0.0 3.495112774619827e-05 3.3491153393397615e-05 7.091234964068147e-05 4.806275463042079e-06 0.00020511401195665932 4.005737026855472e-06 0.0002058366121766913 0.00012817814766016394 9.19115674725141e-05 2.1065355878508434e-05 9.918815598671528e-05 0.0003640280707541934 9.55818575695537e-05 0.0 2.1656367690050408e-05 6.213787540751344e-06 0.0 0.0 0.0 0.0 0.0 0.0 0.0 0.0 0.0 0.0 0.0 0.0 0.0 0.0 0.0 0.0 0.0 2.0404818229698355e-05 0.0 0.0 4.1129088521630195e-06 0.0 6.033441018709027e-06 0.0 3.146991148461685e-05 0.0 5.2672252392033034e-05 0.0 0.0 0.0 0.0 0.0 0.0 0.0 0.0 0.0 0.0 0.0 0.0 9.379705500305065e-06 0.0 0.0 0.0 0.0 0.0 1.359028032609351e-05 4.23332193277165e-06 0.0 0.0 9.211134189988129e-05 3.0648122688446054e-05 0.0 0.0 0.0 0.0 0.0 0.0 0.0 0.0 2.3580329303295225e-05 0.0 0.0 0.0 0.0 0.0 4.489246277968472e-06 7.365860028247942e-05 0.0 6.428691394177974e-06 0.0 1.4149042410909452e-05 1.813716177755092e-05 0.0 0.0 0.0 0.0 0.0 0.0 0.0 0.0 8.952058632155554e-05 3.618013191622101e-05 4.736535168646377e-05 0.0019371449164628065 2.2110902246258652e-05 0.0016641841884419066 6.905258601277314e-05 0.01831618375355192 0.0002857318925441737 1.9122825517135286e-05 1.0702716909116499e-05 0.0010109164892040542 0.0 2.0420775750426642e-05 1.790715219895303e-05 0.0007784857634315647 0.0 0.0 4.297843291590054e-06 2.7221105689776136e-06 4.276359154663366e-06 0.0006876074040394289 6.088251872266915e-05
0.0019719748288892416 0.06816715974937101 0.05160360343216663 0.00027228008340040807 0.0 6.234701922690355e-05 0.035541183343970204 0.004915563026417793 0.053549482238143965 0.010431218630036586 0.033768111133107015 0.000344767153268941 0.019914146323293025 0.02959359778702244 6.734717998525653e-05 2.547555861708259e-06 0.0 1.8784388504812843e-06 0.0 0.0 0.0 0.0 0.0 0.0 3.527031514851374e-06 0.0 0.0 0.0 3.393954977867153e-06 0.0 0.003408568002331491 0.00012285853789196458 0.00032664095961605204 2.284544950945531e-06 0.0 1.4299475180128965e-05 5.6201536927679014e-05 5.0345731911254954e-06 0.0 2.3110077108075428e-06 0.0 0.0 0.0 5.9171167004158615e-06 0.0 0.0 0.0015513999879653612 4.127972903272566e-05 4.701176747241574e-06 5.567993460359044e-06 1.0065434679520217e-05 1.0093632990784883e-05 0.0 0.0 6.225532102919061e-05 8.95319902193661e-05 0.0010095662623526287 0.0017646789506931123 0.0005547830145202294 0.000498517078867873 4.675978034749179e-06 6.82546318711591e-05 0.0 0.0018068196662000154 6.321077044559751e-05 0.0001152005320615913 2.132124018356841e-05 2.2026506076731437e-05 8.264223916309081e-06 3.3925498024815566e-06 2.2336063197701844e-05 7.108672246158925e-05 0.0 0.002256281671057557 0.0005454626467072142 0.002632027114931021 0.000775013192068947 2.854802397454147e-05 5.7564620254076885e-06 0.00018292234911347854 2.6379909098125e-06 2.533601263538606e-05 0.00013795187557855718 2.8559069306642225e-06 8.084313867668862e-05 1.4927719830136869e-05 2.1568428058188055e-05 0.0 5.106329425613116e-06 0.0 0.0 0.0 8.314995348491446e-06 3.284726561853416e-06 0.0 0.0001444666371072662 9.692239057816113e-06 0.0 2.6826986493061244e-05 0.0010911612998563925 4.890086472004303e-06 4.2538429697429546e-05 6.669002635644295e-05 3.958216692188364e-05 0.0 0.000529123593031149 7.261293900133197e-06 0.0005907649217239764 0.0006618881708452951 0.00031510308894400945 4.021738358316457e-05 0.00046771894212589867 0.0014423440083022377 0.00045255107825328854 8.038636295012986e-05 1.4032040103572585e-05 3.0539501697468034e-05 0.0 0.0 0.0 0.0 0.0 0.0 0.0 0.0 3.859789112067528e-06 0.0 6.606913813893227e-05 0.0 2.940218207919229e-05 2.7087009655495804e-05 1.595814161973659e-05 0.0 0.0 2.335661913349216e-05 3.992829738615115e-06 0.0 7.436416171853596e-05 3.162235990664479e-05 3.31585491337459e-05 1.4633085650215241e-05 8.131820574325267e-05 7.345800494253073e-05 9.043696213051453e-06 0.0 0.0 0.0 5.256793436912503e-06 2.0092584165228858e-05 0.0 0.0 0.0 2.466898507291479e-05 0.0 0.0 0.0 5.570443773092518e-05 0.0 0.0 0.0 0.0 0.0 5.025012576027501e-05 0.0 0.0 6.542916711539281e-05 0.0005136364519801317 9.610718021487786e-05 1.3032796652821836e-05 0.0 0.0 0.0 0.0 0.0 0.0 0.0 0.0001867490968532444 0.0 0.0 0.0 0.0 0.0001071842413410143 3.4784336336673245e-05 0.00026772053903123164 6.0762857606603695e-06 8.8331041257518e-06 2.9095849894984063e-05 2.1836224393737003e-06 2.409497649401598e-06 0.0 0.0 0.0 0.0 0.0 8.723975899856285e-06 1.050044078118101e-05 0.0 0.00019819226649686248 2.6114443349913776e-05 5.0730600938596584e-05 0.0027998723014958818 0.0001415217956460926 0.010003230016266674 0.0019274628822533216 0.003257264986593059 0.0013566767949750357 2.1526498314162215e-05 0.0004928647504652814 0.0007133821421999503 0.0 0.0001795577686932281 4.461243983822187e-05 0.0006812272290815647 8.152110096711578e-06 0.0 1.2368407609682461e-05 0.00047144207443044936 3.4461105778296824e-06 0.0008599507485957656 0.0002712076216217421
0.004784902274641322 0.005159063389013195 2.2744324283468664e-05 0.020527993729981982 6.234701922690355e-05 0.0 0.001187830824581245 2.3268876649926945e-06 0.00013541355336742133 0.0174567449116419 1.8196352950259327e-05 0.0028318611697827198 0.0029754177365945984 0.00024651815431308286 3.6464624809284235e-05 4.825877013283304e-05 0.0 0.0 0.0 0.0 0.0 0.00011776519080740438 0.0 0.0 2.4626415764012456e-05 0.0 0.0 0.0 0.0 0.0 0.0004054095159191407 3.0978554725785606e-06 0.00021804383363690334 0.0 0.0 1.054083427672753e-05 0.0003056402069721577 1.6776485168616447e-05 0.00016257072393625717 6.4339170809173575e-06 0.0 0.0 0.0 0.0 0.0 0.0 7.363100760072864e-05 0.0 0.0 0.0 0.0 0.00010526906593430137 1.4283074165508213e-05 0.0 0.0 1.0763817260188703e-05 0.002677825790866097 0.0004628433983034193 0.00013757756296272153 5.369375528603749e-06 6.9888496767703545e-06 3.0166826956647337e-05 0.0 3.491248272981159e-05 1.089040316530301e-05 1.0875686529712708e-05 3.145572183468418e-06 1.3414431227135581e-05 2.882214198335597e-06 0.0 0.0028929261729552782 0.002912857292126496 0.0003349531950679359 0.00016085043823976794 9.359921004344397e-06 5.771710817758511e-05 2.1696318589465377e-05 0.0 0.0 9.972396447953735e-05 0.0 1.5232981703781152e-05 5.314631504368439e-06 5.789527637254105e-06 1.0193733871566463e-05 7.5479340577551125e-06 2.4970016876675457e-06 3.574921170404076e-05 3.932913462370134e-05 0.0002865985498149524 1.3613326207909531e-05 8.431544897043195e-05 0.0 0.0 0.0 0.004478092538005195 0.006223408659189402 0.0009817101279927074 0.000625532491657336 0.014860619957607986 7.744232893512405e-06 6.587694225011291e-05 5.504359484340371e-05 4.3178358526205976e-05 0.0 9.612880009325501e-05 4.667522922443047e-06 0.00015138438250352607 0.00038802189006193415 9.524401415674888e-05 0.0 7.19592688644243e-05 0.0004413313309573239 0.00012259945576252208 1.0631014719836017e-05 0.0 2.353335881127868e-05 0.0 0.0 0.0 0.0 5.978974223044551e-06 0.0 0.0 0.0 0.0 4.4786358212554025e-06 2.8836479225183196e-06 2.1144257571678043e-05 8.610919431297067e-06 6.171164545746231e-06 0.0 0.0 0.0 2.2564442801580792e-05 0.0 0.0 2.735595692053895e-05 1.966692231828532e-05 0.0 3.286346840754469e-06 1.9331448096537592e-05 9.99825451197322e-06 3.5184546661650464e-06 0.0 0.0 0.0 0.0 0.0 0.0 0.0 0.0 0.0 0.0 0.0 0.0 1.2734710582178497e-05 8.594333477927638e-06 0.0 0.0 0.0 0.0 0.0 3.6707134810875387e-06 0.0 2.9944018138803857e-05 7.958427946740696e-05 2.070895502936281e-05 0.0 0.0 0.0 0.0 0.0 7.17003865765617e-06 0.0 0.0 4.0345327082335935e-05 1.9476478499669468e-05 6.204192272081996e-06 0.0 0.0 2.7301352228797797e-05 5.7303266250860575e-05 0.0 0.0 0.0 0.0 0.0 5.540383541598672e-06 0.0 0.0 0.0 0.0 0.0 0.0 0.0 0.0 6.780914566767023e-05 6.894129436262246e-06 2.987155267319267e-06 0.0023591824433365585 2.6969007062946425e-05 0.0007112443822360709 0.00010783075111640874 0.0048244595475507674 5.50296958884556e-05 5.79673162994781e-05 2.4810716563785045e-05 0.0013121152405846325 0.0 2.6748343534587623e-05 2.3919671797277464e-05 0.0009642216430058499 0.0 0.0 1.1104862627076257e-05 3.381064316158957e-05 0.0 0.0007255752616316952 6.111298400470798e-05
0.0153937764779713 0.08870769339413076 0.0010510655431265948 0.013242157963232758 0.035541183343970204 0.001187830824581245 0.0 0.00023351125896044613 0.026083164710521994 0.06426972134783808 0.015148330044425022 0.0018481010198208945 0.1631093740944694 0.06227157833132125 4.880586365992041e-05 4.3444495081373575e-05 0.0 0.0 0.0 0.0 0.0 0.0 0.0 6.1705535296668565e-06 0.0 0.0 0.0 3.227601316564721e-06 9.39286021145385e-06 0.0 0.0018668630784979979 3.438198790429867e-05 0.00025262676485328167 1.3276693515475904e-06 0.0 0.0 0.00010490142242520569 0.0 5.706718170369684e-06 0.0 0.0 0.0 0.0 4.6968199135166175e-06 0.0 0.0 0.0014771324845735984 4.591900785809732e-05 0.0 0.0 7.176386904644822e-06 0.0 0.0 2.719600070352336e-06 8.323165816721575e-05 6.436089859841286e-05 0.0013672774857550864 0.0016608721484019473 0.0006890366825100968 0.00035094562451122975 1.0263596189625859e-05 2.297553075691966e-05 5.263636170613641e-06 0.0013045470650706107 7.412320197049441e-05 9.681637686443513e-05 4.87444783595335e-06 2.096717782205657e-05 2.1019352813654885e-05 4.441341935047189e-06 9.606834307765515e-05 0.00011789193058873968 3.5079867738854233e-06 0.0021125768447760864 0.0006003285475529777 0.0019643671621293935 0.0004898253246846023 2.3160296776398868e-05 1.621137914606425e-05 0.00010470735021607206 4.881726881459626e-06 5.575780961737661e-05 9.738037109986905e-05 1.0124940786757928e-05 5.1601172087864415e-05 1.7829741686664764e-05 1.9011524350718876e-05 0.0 2.998503863057405e-06 0.0 0.0 5.201677739658001e-06 7.442526691751714e-06 0.0 0.0 0.0006163874242318069 8.192163089497907e-05 0.0 4.308979477095489e-06 0.0026045078606864425 2.615334009846128e-05 0.0002045572324870501 0.0036341797690869707 0.0005329321876860906 4.779962880626085e-05 0.0020767108539480727 0.00013773397068994083 0.0017593735745651306 0.0038708871836719313 0.0017625410655813612 0.00016793437408439574 0.0012707769285224431 0.004708985040763004 0.0013968480397518962 0.0002816110074453769 4.0758638971015705e-05 3.854724806830388e-05 0.0 4.312002058547206e-06 0.0 0.0 0.0 5.678553614915456e-06 0.0 0.0 1.6676673187297608e-05 1.7872612822787038e-05 0.0001059102726359655 1.8311167773348465e-05 2.4584074127278402e-05 5.491779304267336e-05 2.8979027858039102e-05 1.8010407991145336e-05 7.534071372348033e-06 8.427033971634627e-05 2.197080126876391e-05 0.0 0.0001809254749496864 5.5747942865806284e-05 7.63247713687861e-05 0.00015644993167819007 0.00019131288547692696 5.0904140457822225e-05 0.0001582116043324554 0.0 3.242379897658223e-06 0.0 2.4076528943611297e-05 2.3512454627903677e-05 2.0237602358812274e-05 0.0 0.0 2.46420673278206e-05 0.0 0.0 0.0 7.676144981948105e-05 1.3447952901527284e-05 0.0 0.0 0.0 3.931711019354571e-05 8.000506216332468e-05 6.063267688722989e-06 1.0232504394929184e-05 0.00015199285432846522 0.001093714145864074 0.00010080914788948635 0.0 0.0 0.0 0.0 0.0 2.9309570499523504e-06 0.0 0.0 0.0003903134809996522 1.0072068055375762e-05 0.0 0.0 0.0 0.0001767962114073659 6.554691097324622e-05 0.00047844353603211876 2.7558692163406834e-05 9.49754931485886e-05 5.946195086706405e-05 3.63885999011936e-05 3.944535893142849e-05 0.0 0.0 0.0 0.0 0.0 0.0 0.0 4.823294496277352e-06 0.0006357055251372555 0.00012765349654000492 0.00020320715053423656 0.004619712102687867 6.589687900632493e-05 0.00921635511284899 0.00190322867237796 0.007648440448883012 0.0013571570782120734 3.0143826501533672e-05 0.0006789162317847839 0.0033348053111596178 2.68274034132306e-06 0.0005507745149034835 0.0001275748767437629 0.003378513922115887 0.00014801477031289406 0.0 7.195808202449348e-05 0.00042095034774128673 6.35850390711483e-06 0.003536468719245063 0.0011432384089411483
0.0015089517624119282 0.025761050326441905 0.12224382804676293 5.413432786448133e-06 0.004915563026417793 2.3268876649926945e-06 0.00023351125896044613 0.0 0.005918213069208614 2.760342040775979e-05 0.09237705431257251 0.0007512970241774337 0.0055244374786338505 0.027421039300747307 0.0001437013767249272 0.00028327320028986245 1.2601609087440811e-05 3.102721624026338e-05 5.323898551646926e-06 0.0003908595225304982 0.0002271656564163496 0.0 0.0 0.0 0.0 0.0 0.0 0.0 2.3618651484856535e-06 3.539815271189703e-06 0.028393320803170086 0.023230375055245615 0.0010256295651723255 0.0002034789972079338 0.00011329253676713174 0.00037966050543184317 2.2214351775256613e-05 1.630580779382687e-05 0.0 5.62495800644379e-06 4.798341931872881e-05 2.6422647545183915e-05 0.00030121173210566186 0.00036526851060276306 4.381372637042516e-05 0.0009368463772230835 0.0025894315411353237 0.0001099763836355361 6.809578223424846e-05 0.0009094000703621751 0.0025450555706245945 1.6648412391873194e-05 0.0 0.0 2.4861853564212378e-05 4.601768830155775e-05 0.0007108680977781595 0.001981023518987164 0.00038212592460869736 0.000431885831432326 0.010287033560378665 0.004186351352954086 0.004892167105825131 0.0051641280775942475 9.627269204576942e-05 0.0006198904535699146 0.00026325181844063616 0.0035636802618957846 0.009350571556170017 0.0022649024092999915 8.518145895559037e-06 0.0 1.5201637279162737e-05 0.0018887389975701845 0.0013705884140977037 0.003544577352396585 0.0027865363190415354 0.0010364941472074932 0.0196537705613086 0.032824414138764635 0.009604281370545326 0.030183100081275477 9.663409297433626e-05 2.781495119387312e-06 0.0003010074712078934 8.758135343602655e-05 0.0008548677570038182 5.840464077892816e-06 0.000352764469633008 5.275770845809759e-06 0.0001753583440580154 2.2767703773241043e-05 0.0025763454986416834 0.0003576643278734777 5.903390743996277e-05 4.175252638014208e-05 0.0 0.0 3.66772178261133e-06 0.0008098107057403443 0.0 0.0 0.0 0.0 0.0 0.0 0.0 0.0 0.0 0.0 0.0 3.0515220317079517e-06 3.225460444063748e-05 0.0 7.2665802755105e-06 3.6237185699740816e-06 0.0 0.0 0.0 0.0 0.0 0.0 0.0 0.0 0.0 0.0 0.0 0.0 1.1904171489912421e-05 1.116563296123577e-05 0.0 7.80664164134347e-06 2.7504392351272736e-06 2.614294689988987e-06 0.0 0.0 0.0 0.0 0.0 0.0 6.390810910987295e-06 8.241620451072423e-06 0.0 3.162181837726029e-06 0.0 0.0 0.0 0.0 0.0 0.0 0.0 0.0 0.0 0.0 0.0 0.0 8.621229497207672e-06 1.3148920949982933e-05 0.0 0.0 0.0 0.0 4.8391371036084e-06 0.0 3.2339736235459204e-06 0.0 0.0 0.0 0.0 1.7891035594990441e-06 2.2461469983629185e-06 0.0 0.0 2.097811703881705e-05 0.0 0.0 0.0 3.135658389226101e-06 0.0 6.339678040260181e-06 1.1028487592228415e-05 1.0603219323670414e-05 1.0200381072940116e-05 2.77347183008174e-06 0.0 0.0 0.0 2.9235230509119856e-06 0.0 4.07797912955079e-06 0.0 1.9016062891253215e-06 0.0 2.1699609062774407e-05 3.578813897645939e-05 5.290019209306318e-06 0.0 6.190438574850108e-06 5.947582396649775e-06 2.9185679493126593e-06 0.002248863180837016 0.0004095647845428083 0.008307107766252117 0.0028477010464841683 0.0011341708069708759 0.0007771705072406491 2.2112769948068133e-05 0.0005013795105453221 3.098116559408129e-05 0.0 8.785658718210735e-06 4.4387911090015674e-05 0.0 0.0 0.0 0.0 0.00036469765621706634 0.0 0.00013794631915669636 6.882465726442617e-06
7.565023583177499e-05 0.011852269624117558 0.016748947425165358 0.00023118027588970718 0.053549482238143965 0.00013541355336742133 0.026083164710521994 0.005918213069208614 0.0 0.005122386197581253 0.04412618826363242 0.0003270160387401579 0.029630082692789488 0.062255417502219516 4.819320719179999e-05 5.8388833004720646e-05 0.0 0.0 0.0 0.0 0.0 0.0 0.0 0.0 2.7514319791480975e-06 0.0 0.0 0.0 0.0 0.0 0.00045206210540879333 4.764314656488549e-05 0.00014113781199056626 0.0 0.0 0.0 6.862062350016951e-05 0.0 0.0 5.273637227216986e-06 0.0 0.0 0.0 2.6678037543083564e-06 0.0 0.0 0.0011547453003977132 2.2470034622767057e-06 0.0 7.656630640202256e-06 1.842652897373103e-05 0.0 0.0 0.0 1.2253325433392563e-05 8.155672950682496e-06 0.00015869874682199515 0.0003070763935335214 0.00010730867261993037 0.00023165491292879251 0.0 4.684806471954585e-05 7.278113989549501e-06 0.000752884468909403 1.8505197608166863e-05 2.967718887131353e-05 0.0 9.376371216263339e-06 2.8242490438444046e-05 7.0806539898235546e-06 7.624171196526267e-05 0.00011391208355028186 0.0 0.0007528181069611548 0.00024175151553313513 0.0014175666864694508 0.0004739875794471213 3.458399183112446e-05 1.287119950840413e-05 0.0008480624996139057 7.1841247059791325e-06 5.2462014022534266e-05 3.548618283805972e-05 0.0 2.428423670464028e-05 2.6255795447020944e-06 1.2162921806920378e-05 0.0 2.3573519248091424e-06 0.0 0.0 0.0 7.2693004910857335e-06 2.8802709050569977e-06 0.0 7.227472876341689e-05 0.00010317113208106945 0.0 1.599538181984203e-05 0.00011249527587649698 3.567623379649876e-05 8.970354873935466e-05 0.00012027126203494892 0.00010061262910230465 0.0 0.0010400673711249754 5.9503377146768225e-05 0.0009021574559938672 0.0014455442582551857 0.0007317920791155377 5.989242740579967e-05 0.0006658336566233525 0.0023833870211764723 0.0008203031790729483 0.00014213481642559272 1.0527670767521768e-05 1.976656659786506e-05 0.0 0.0 0.0 0.0 1.5250997251633094e-05 0.0 0.0 0.0 0.0 0.0 1.980491571225385e-05 1.635194803654837e-05 3.4723653803531306e-05 1.3132327455421808e-05 1.0449649777810679e-05 0.0 0.0 5.200450841635088e-05 0.0 1.9029920010542616e-05 0.00014433833073313263 0.0 7.181890681805523e-05 7.150428794148868e-05 0.00010766452152566489 4.1458647935359475e-05 7.172025438473537e-05 0.0 1.3701522240289469e-05 0.0 5.742100184931358e-06 3.3404240081814334e-05 0.0 0.0 0.0 3.6452687461937436e-05 0.0 1.2419116019048529e-05 0.0 2.9564254857343268e-05 0.0 0.0 0.0 0.0 7.806298337569224e-06 3.313748820131496e-05 0.0 0.0 8.409154596158415e-05 0.0007587394250031048 6.390796079976964e-05 0.0 0.0 0.0 0.0 5.076638317497458e-06 0.0 0.0 0.0 0.00029912082843861024 0.0 0.0 0.0 2.7521135592354633e-06 0.00012409748853472698 1.5028337462101654e-05 0.00035343927790978534 1.2340745082132414e-05 5.730292294708634e-06 1.9073129243425825e-05 2.717134459772856e-05 2.35198932953008e-05 0.0 0.0 0.0 0.0 0.0 9.48206389068582e-06 7.694865200298171e-06 0.0 0.00037969079660335497 9.399798574647754e-05 0.00011126369333712371 0.0035989058490692753 7.622819779064315e-05 0.0048729874236727744 0.001675579925785293 0.00138814709608789 0.0006085045741800416 1.1072992473665478e-05 0.0005933940057681898 0.0013226870833438439 0.0 0.00023398585218879875 0.00011558438446447174 0.0013208796818009085 6.856711407674577e-05 0.0 1.4188484998093829e-05 0.00039815302863095123 0.0 0.0010989072083308785 0.0005167108385459508
0.0354809970163938 0.027695976442781156 0.00016286272480386024 0.07737094051472011 0.010431218630036586 0.0174567449116419 0.06426972134783808 2.760342040775979e-05 0.005122386197581253 0.0 7.093789417067866e-05 0.07373629251357952 0.13904866217451678 0.0036553691357331824 2.2560214706771175e-06 2.352533641973402e-06 0.0 0.0 0.0 0.0 0.0 0.0 0.0 0.0 4.286647782043298e-05 0.0 0.0 0.0 0.0 0.0 0.0009868374745400188 1.395155655566913e-05 0.00017939430151282253 0.0 6.523199044901192e-06 7.810345443778188e-06 0.00010523478960208374 0.0 0.0 0.0 0.0 0.0 0.0 0.0 0.0 0.0 0.0004215125710535377 1.611068735904781e-05 4.709878384695218e-06 0.0 5.410513806606114e-06 0.0 0.0 0.0 1.793674545112885e-05 6.853823095345443e-05 0.0017367438937221922 0.0010666005183156298 0.00047420637267016395 0.0001484617809144182 0.0 4.262662483204857e-05 0.0 0.0005605977177077444 4.940610786516953e-05 4.617675860810149e-05 6.221473271952532e-06 9.417814732977118e-06 0.0 0.0 0.00021402689291292155 0.00010471725251897466 8.59739699727712e-06 0.0010601838621247385 0.000216879876195387 0.0007407687285683143 0.00010219685769556878 0.0 2.87121375428065e-06 1.1760831750137405e-05 0.0 4.59836085789807e-06 5.044368893896933e-05 4.839691201645705e-06 3.376533280905874e-05 1.3311975699023725e-05 1.016950474086326e-05 0.0 2.4130177699529197e-06 1.3711817044264501e-05 0.0 0.0 6.158258693923336e-06 0.0 0.0 0.0022683095629792926 0.0005702900695243315 4.0321255239345205e-05 1.4847730589393718e-05 0.0158163073862343 7.529202455796633e-06 0.0004453783689364596 0.0004255643134794252 0.0006439158699321956 0.00011058748598973502 0.0019452808797907888 0.00021816264870308164 0.0015917855878841765 0.0046978867303541965 0.0023860647430342754 6.409345580111259e-05 0.001449147193300852 0.005935609663158713 0.0014265874107761858 0.00023841083817682318 4.453868716300943e-05 1.9076339277356787e-05 0.0 0.0 0.0 0.0 4.432554112545618e-06 0.0 0.0 0.0 1.9881330607686357e-05 2.6017826679246896e-05 4.1721249467144556e-05 1.3149155086029806e-05 1.6747424647768132e-05 6.648813608614911e-05 2.439230880459431e-05 3.498598977763745e-05 2.8763231271157687e-05 0.0001209941972993547 2.854442610789483e-05 0.0 8.021784550546789e-05 2.346398523426191e-05 5.359190071908274e-05 7.166821585279628e-05 8.796010296586091e-05 5.181080051859693e-05 0.00012767566261612335 6.126977651225587e-06 6.527244714692692e-06 0.0 3.0818049438193846e-06 7.101516517092061e-06 0.0 0.0 0.0 2.3650961182011745e-05 0.0 0.0 0.0 6.121193413554754e-05 0.0 0.0 0.0 0.0 3.240275761533928e-05 3.817988322419651e-05 7.176909760602252e-06 0.0 0.00010222310068355859 0.0010182260282371523 8.758815271809939e-05 0.0 0.0 0.0 0.0 0.0 0.0 0.0 0.0 0.0003051024038341325 0.0 0.0 0.0 0.0 0.00014887686444448945 2.789009342343123e-05 0.000468221205422993 0.0 3.500534604164123e-05 2.5937384428345554e-05 0.0 9.434352314988398e-05 0.0 0.0 0.0 0.0 0.0 1.4019797517514374e-05 0.0 0.0 0.0006312389589933058 4.798252478975219e-05 0.0001362512784971628 0.007576073912395052 3.156044331134782e-05 0.0038395729608080398 0.00044675315762878365 0.029581704798042507 0.0006010983224158585 0.00021174262680651653 0.00022248922285771167 0.009419548232457425 0.0 0.00045804491773930573 0.00012455987921715825 0.0077701117347718715 8.042314403530293e-05 6.476760386451237e-05 0.00011583497413475398 0.00016276911742778345 7.40623452717348e-06 0.008827686526277393 0.0010231785694223465
0.0017276323586544098 0.03476035185246307 0.0937195297420145 1.8800346384645497e-05 0.033768111133107015 1.8196352950259327e-05 0.015148330044425022 0.09237705431257251 0.04412618826363242 7.093789417067866e-05 0.0 0.006283718910630245 0.03977042124939702 0.0819662675876489 0.00019608055955476288 0.0003134709753994599 6.39874119226198e-06 0.0 0.0 9.788160143325359e-06 6.361046545580899e-06 1.3021526162283381e-05 2.9656244468249495e-06 2.64524248383475e-06 3.280503566325804e-05 0.0 0.0 0.0 1.2582620546308197e-05 0.0 0.005218283303896431 0.0028900072450038384 0.0055518689914721775 2.1941504636794705e-05 0.0 6.241552951702355e-05 0.0019059356172513374 0.0003422591216906606 0.00013095259715188313 3.8061645238734974e-05 1.4785621334604203e-05 2.400167399754629e-05 1.0964325158224194e-05 9.407471629464808e-06 0.0 9.147843481833266e-06 0.0016750712794080865 2.9116327641923995e-05 1.3010182773558555e-05 5.5094480829878935e-05 0.0012324749006163832 0.00012195196563220743 1.528737596036362e-05 0.0 1.4690937363637099e-05 5.445520341642311e-05 0.0004979874418529154 0.0010248039889024028 0.00024838321616681245 0.00027851476991752117 0.0003423122942741886 0.0006372692228361333 9.778111146289103e-05 0.0017490533973528832 3.3733321168527615e-05 6.783756581565722e-05 2.9335506632832237e-05 0.00038369487133609867 0.0012995733042288555 0.00020433473752642283 0.0006765827732280953 6.734326089975419e-05 1.1629349995644222e-05 0.0010807679599774067 0.0006138738694488195 0.002173781194447864 0.0012676580552099573 9.075765184594668e-05 0.0007159560791252773 0.01525616581240898 7.51102173789138e-05 0.006068338441858576 6.33243108072904e-05 0.0 4.381556552343751e-05 2.1188261682076206e-05 0.00013984996461996612 0.0 0.00013513484636390905 1.4823252240260255e-05 0.00013090046776653935 0.00012210785660824355 0.0008161798524235651 0.0002448626054380318 5.407579852112016e-05 0.00041099236462937547 8.436757835577575e-05 0.0 3.402405457726956e-05 0.0006856459219451208 2.159984753561904e-06 7.2339707262093675e-06 2.0990488722894972e-05 1.1047687466280638e-05 2.8434711464569032e-06 0.00021043134248944538 8.092103038882781e-06 5.6851543122736626e-05 0.0002515196308298342 0.00018514943628849214 8.011826335094351e-06 6.848203560892245e-05 0.00043606964185058476 0.00023834352729528683 6.008146928096921e-05 5.606562885276597e-06 1.5121986853389254e-05 0.0 0.0 0.0 0.0 0.0 0.0 0.0 0.0 0.0 0.0 0.0 0.0 4.393704604177517e-05 0.0 9.307664675607098e-06 0.0 0.0 8.138081684639419e-06 0.0 0.0 8.073649024599505e-06 0.0 0.0 1.548842844017071e-05 4.8703755924387394e-05 7.707026269665218e-06 9.818150205826018e-06 0.0 0.0 0.0 2.8726392190629476e-06 2.812723194191025e-06 0.0 0.0 0.0 3.2445097456551496e-06 0.0 0.0 0.0 2.1499749527672392e-05 3.554570510499391e-06 0.0 0.0 0.0 0.0 3.0331427111328803e-06 0.0 0.0 1.7588398235607758e-05 0.0001847014875268109 1.1468880977593462e-05 0.0 0.0 0.0 0.0 0.0 6.1711683163420795e-06 0.0 0.0 7.339097972851782e-05 3.457304291854608e-05 1.3322299410900252e-05 3.932762710357135e-06 1.3580744309644612e-05 3.799601532473758e-05 8.157106674865218e-06 0.00014169253846051295 1.3489884800179324e-05 0.0 0.0 4.190599286304868e-06 5.605072422603989e-06 0.0 0.0 0.0 0.0 0.0 1.2830504903846413e-05 0.0 0.0 6.83314164645368e-05 1.7203760830582443e-05 5.148619081990149e-05 0.003679321626976263 0.00017480270151283008 0.005782446223578995 0.0022774171212355454 0.0009392443869442528 0.0007109246173939343 4.024569537140901e-06 0.0005680279290948036 0.0001331441040867248 2.9538354095814606e-06 5.0075414124397566e-05 0.0 8.964762918697604e-05 1.6186706701020766e-05 0.0 1.5947857947996912e-05 0.0005169486581058606 3.606406363934108e-05 0.00036711649165730657 0.000161020338774897
