0.0 0.03584846156857776 0.0020651421396870417 0.03874006336966807 0.0005673329898480668 0.004012440279307147 0.004501430429272268 0.00030771106188279306 4.965637585423338e-05 0.01920157229143558 0.00024872921547130226 0.011414627103129371 0.006411873520427985 0.0008329353215649464 7.958733975111966e-05 6.165229947213693e-06 1.1183059528416043e-05 2.223315892928342e-06 0.0 1.7857507281618275e-06 2.1761665695361776e-06 1.3028959794953069e-05 3.537978895492497e-06 0.0 0.0 0.0 0.0 0.0 2.987204415231084e-06 0.0 0.018007975044157902 0.0006984138971617049 0.00016211650468807501 2.224131440395538e-06 5.270950595513907e-06 0.0 0.0001976778998824471 0.0 6.863360424154531e-06 2.0081809436811014e-06 8.424858414748864e-06 1.871712991133659e-06 2.7753604912809286e-05 1.7847707281369113e-05 1.1365467075612642e-05 1.543281411031738e-05 0.0007269192012366669 0.00011645174743176806 6.15192471100533e-06 1.2747068078326556e-05 1.6279210793164422e-05 5.58180881057349e-06 1.8261392601399244e-06 0.0 0.00011231898766485519 0.00033326861268035963 0.0048197247516060925 0.022835987852563723 0.0014167508338207451 0.0012505873262855275 1.897225694587649e-05 6.700048985628305e-05 0.0 0.0029267979431571653 0.00029419552850744915 0.00015974288906046662 3.63116163385554e-05 3.2326986691155906e-05 1.5454013651830227e-05 2.341086432718988e-05 0.0010772694616045914 0.00019644971015454155 1.1360541265999765e-05 0.012209122636754671 0.0032097153019873216 0.0027684890676166383 0.00024854452698023713 6.595736225021684e-05 5.876520318487415e-05 0.00025984243824613056 1.9001453383387114e-05 8.717833842173497e-05 0.0004134202337694063 2.4458302684154124e-05 0.00028425659764365796 0.00027073872571831473 6.860459696573888e-05 7.475150314715143e-06 8.345275901291151e-05 5.7248221788050705e-06 4.179108251818946e-05 4.261098458814091e-06 4.34339237633328e-06 8.279689832883243e-06 1.86299342946356e-06 0.0055035835750625395 0.0007241785313190597 2.5294992733991785e-05 4.2818430413470255e-05 0.03218043796478415 7.906554325815445e-05 0.0004294481357141491 0.0003025435351658724 0.00017016026570033712 4.663351809859811e-05 0.00016732990271372584 7.942370824257556e-05 8.036439629053312e-05 0.0002812795450144288 0.00044667996889502276 0.0 0.00012710441776848813 0.00016083598691036063 8.307084298847304e-05 5.582723518256538e-05 0.0 0.0 0.0 0.0 0.0 0.0 0.0 0.0 0.0 0.0 0.0 0.0 0.0 0.0 0.0 0.0 7.681013104157272e-06 0.0 0.0 1.0727453450422324e-05 0.0 0.0 0.0 0.0 0.00011028202177914145 0.0 7.235475801083946e-05 4.185516140956978e-06 2.517292599046925e-06 0.0 0.0 0.0 0.0 0.0 0.0 0.0 0.0 5.105573750664013e-06 0.0 0.0 0.0 0.0 0.0 1.7891488426084755e-06 0.0 3.258264075706497e-06 9.075919019449602e-06 2.3168167595295815e-05 1.1510496011156007e-05 0.0 0.0 2.784656081894227e-06 0.0 0.0 1.9524565593903077e-06 0.0 3.6585498213986247e-06 0.0 2.7188779714755914e-06 0.0 0.0 7.750801960512794e-05 2.216289077697595e-06 7.2902940215223e-06 2.5639019458720186e-06 0.0 5.2392746671620404e-06 0.0 1.0356098765684037e-05 2.6731880573307764e-06 5.893774487312733e-06 0.0 0.0 0.0 0.0 4.97632112779162e-06 1.7220977337921354e-06 0.0 1.0599801177639329e-05 0.0 4.330007203527932e-06 2.2154782228646353e-06 0.00026636741556639287 5.193606080230754e-05 1.3878876277106942e-05 0.007750502605886027 0.00029374367508050924 0.004211091423115728 0.0009389137569658277 0.0431899901841243 0.0003964029331006331 3.674837793016278e-06 8.131600684921205e-05 2.002529685178357e-05 0.0 2.1612011116981665e-06 9.398950898606814e-06 0.0009649166667463664 0.0 3.876050376108648e-05 0.0 4.507435801074308e-05 1.2541839765396109e-05 0.006067877112382163 7.098656256961756e-05
0.03584846156857776 0.0 0.020986326033045635 0.04716120395885802 0.04273837845131081 0.0024740579808448563 0.059266325552135006 0.012112150578608347 0.047235448284038736 0.05542766989992016 0.02532067729854027 0.006496378550078417 0.03824269507047487 0.09806714759371425 0.0005940147127958073 0.00018075984211697805 3.696559317271126e-05 0.0 0.0 4.222970482017882e-06 2.1300421012796263e-05 0.0 1.578577091799659e-05 7.92979521176538e-06 1.6344890358264104e-05 0.0 0.0 0.0 0.0 4.893957953463711e-06 0.03933690629994575 0.003191268792894251 0.00207508323595881 0.0 7.824468227266916e-06 2.6359746911286312e-05 0.0018835249460135003 6.853394078112458e-05 4.893763387139393e-05 8.333493149806862e-06 3.7748128605317515e-05 2.0252785403379142e-05 4.512607326724673e-05 3.049073011160349e-05 3.848975138724603e-06 4.335258552504798e-05 0.0033794308816931613 0.0002328570531570237 2.2027067009838614e-05 1.9137607253070704e-05 1.836337551765226e-05 2.1105096585328062e-06 7.906785607957284e-06 7.541996565774843e-06 0.00013935497423800207 0.000371708503696145 0.0014387016871106994 0.015193285476768487 0.0012427760744580484 0.0026938218205553766 4.784603620812063e-05 0.00030723725776923274 3.59412707319928e-06 0.008351802471356197 0.00033955592344899865 0.00017208922656373847 6.266547140483616e-05 6.979890021093752e-05 8.143226087525114e-06 4.977289752223889e-05 0.0023451648351145065 2.4938848818591574e-05 0.0 0.012182794540043155 0.007817323706044372 0.007902042343110701 0.0023147722045216037 0.0002199929373502123 0.00047618771220092664 0.004673843045649885 6.97860307424532e-05 0.0006147082451317797 0.0005416529371865134 1.9738949559857606e-05 0.0004435555690071226 0.00038093722588973213 8.925369070275784e-05 1.0317334694226415e-05 0.00013828425394262907 1.9247150003077666e-06 7.894723499102489e-05 2.576897532946806e-05 1.8945334979635484e-05 2.16513794055509e-05 2.772499893813751e-05 0.006332999546680834 5.0378451387344994e-05 7.155236448285191e-06 5.046853491588069e-05 0.017014304454014827 4.719800720695122e-05 0.00016131167891921853 0.00027000733271720557 0.0001979580807293572 0.0001264197145362458 0.00022421312688009312 4.396649405905858e-05 1.3824864866127206e-05 0.0004747120133638106 0.000613408066349322 2.457156685492508e-05 0.0001607448255322854 0.00033015764650975706 6.691728524409216e-05 4.759501037408788e-05 0.0 0.0 0.0 0.0 0.0 0.0 0.0 0.0 0.0 0.0 0.0 0.0 0.0 0.0 0.0 0.0 6.510526434040319e-06 0.0 0.0 1.834182079227225e-05 2.7219935569782454e-06 0.0 0.0 0.0 0.00028180650162508886 2.4457802675885536e-05 0.00019711956492117182 3.299255999539838e-05 7.462849625863197e-06 0.0 0.0 0.0 0.0 0.0 0.0 0.0 0.0 0.0 0.0 0.0 0.0 3.690523262761041e-05 0.0 2.377472163875403e-06 0.0 3.898129673270237e-06 2.6175491113460696e-06 5.316601512250072e-06 1.8037982434399546e-05 0.0 0.0 0.0001091751727309717 0.0 0.0 0.0 2.200668754661221e-06 4.657500483323646e-06 0.0 1.914505446360299e-06 0.0 0.0 0.0003017926080229592 0.0 0.0 0.0 7.43069391611446e-06 2.7298145277366717e-05 8.229184628752552e-06 3.230912458347459e-05 9.871704671173188e-06 3.1675209893381796e-06 0.0 2.4436604752522433e-06 0.0 1.930355870289203e-06 0.0 4.232090373932793e-06 0.0 7.216801544049877e-06 1.7973675869351283e-06 0.0 0.0 0.0007051737693049066 0.00014862544890198006 0.00017426137688562868 0.007863715858177417 0.0004806064569560395 0.010532650860062644 0.002611049607909848 0.014803232639455344 0.0004306674854900442 2.124927890492929e-05 0.0006008212242216041 5.25058080882294e-05 0.0 0.0 0.0 0.0007966561755044483 0.0 0.0 0.0 0.0001926368718593624 0.0 0.004587341582337411 0.0002940265902768442
0.0020651421396870417 0.020986326033045635 0.0 0.00019702165941862484 0.00827825169389055 2.206634630017233e-05 0.004174441955559101 0.11921989562643381 0.011318879019592706 0.0009199966096691569 0.044802977687683335 0.0011928101667860946 0.0052369510193510365 0.04922001749081517 0.0005709949290459035 0.0003263324513759301 5.25617750331657e-05 1.8374857260922562e-06 9.700531613967152e-06 1.1088783212098078e-05 9.129454128054398e-05 0.0 0.00011119202630998054 0.00010549555524726375 1.9303304977013344e-05 2.2682587558843085e-05 2.3040528914970608e-05 3.420043094069264e-05 0.0 2.82412048855781e-06 0.09212845436876359 0.027501585068487596 0.0030667709198480123 1.4607656290021783e-05 6.680966906316147e-05 2.450435668198965e-05 0.0011326442019256614 0.00016853428525181817 7.195860760861394e-05 1.558089519989373e-05 0.00011465107898118547 7.970477810095091e-05 8.250929324911627e-05 2.5358692816518812e-05 2.6252790611818172e-05 4.64795132864664e-05 0.0014522743660912477 9.660154522307691e-05 2.193133662416742e-05 4.2436828957340554e-05 1.591708975626752e-05 1.3263449271383601e-05 1.1890382066750036e-05 2.860119854101641e-05 7.571394042208733e-05 0.000143553282176256 0.0007200436567922564 0.011980710339462514 0.0005259786121244288 0.0009173848184200184 8.807487460687226e-05 0.0007235310351745987 5.802333784230014e-05 0.007785182871622532 0.00011268231972501489 9.349644986153329e-05 1.5192819850298249e-05 2.9805836099507212e-05 5.217265176980086e-05 0.00021865743630078636 0.001115799058796394 2.3241125436095293e-06 0.0 0.005220892731143282 0.003756651727193508 0.003351991464500309 0.001455975813709421 0.00021140396991093212 0.005468124880919273 0.041334001834904203 0.00011493991984185536 0.005977596657936178 0.00018244405750910398 4.482619274181452e-06 0.00014672916851428698 0.00011799702379488394 4.229028057919463e-05 5.406083250898788e-06 3.408816791916365e-05 0.0 2.9942094987108693e-05 1.8015061667011984e-06 0.0001216193411400877 2.9528043317978222e-05 8.589758390871413e-06 0.0007543864787607922 7.544053525356885e-05 7.126029816431223e-06 4.9440633937019965e-05 0.0014804317878761041 0.0 2.9905431759453967e-05 4.799763078621983e-05 3.070269542914688e-06 2.117834504582022e-05 3.960047655129461e-05 5.230660091046847e-05 1.3475547115390408e-05 6.834982851318061e-05 0.00011585747579206976 6.108659594240659e-06 8.633196649657889e-05 0.00018019923397895297 7.900734278113687e-05 5.123205142555902e-05 0.0 0.0 0.0 0.0 0.0 0.0 0.0 0.0 0.0 0.0 0.0 0.0 0.0 0.0 0.0 0.0 0.0 0.0 0.0 3.1190098311277774e-06 4.240935504022443e-06 0.0 0.0 0.0 0.00019567841341911515 8.922152463685079e-05 0.00016016993770828064 4.193330493482983e-05 2.558622408726743e-06 0.0 0.0 0.0 0.0 0.0 0.0 0.0 0.0 0.0 0.0 0.0 5.655606147456268e-06 1.660494692416127e-05 0.0 4.511598879627389e-06 0.0 0.0 0.0 0.0 0.0 0.0 1.4597242687392544e-05 0.00013900367441565303 0.0 0.0 0.0 0.0 0.0 0.0 0.0 0.0 0.0 0.00011492347636604803 2.8264587149270508e-06 0.0 1.906909042422304e-06 4.5745607622446205e-06 2.9264002705614815e-05 0.0 8.725935885541153e-06 0.0 0.0 0.0 0.0 6.386064181647858e-06 0.0 0.0 0.0 0.0 3.6389766821859315e-06 0.0 0.0 0.0 0.00020376994819875274 0.00010838076865549314 0.00021592844618797754 0.002844430675395866 0.00015939148551471946 0.0041567854831553695 0.0012382736004866001 0.000782565353651225 0.00010509384196987409 1.9240881452813445e-05 0.00027325586362224704 3.2270957285639776e-05 0.0 2.675455894186478e-06 1.9289110243894827e-06 0.00018341715677265365 0.0 0.0 0.0 9.58699575585543e-05 9.54041634480046e-06 0.0010514666044850506 0.00011210193051553596
0.03874006336966807 0.04716120395885802 0.00019702165941862484 0.0 0.00027802292077166535 0.0046203147112671445 0.015411892712239108 4.664116741603248e-05 2.5490550336837023e-05 0.05334579230564913 6.499166893438117e-05 0.051004262310902465 0.04180929763915188 0.0018093615770259116 4.6179644897157214e-05 2.5047482168446637e-06 2.693616065049261e-06 0.0 0.0 0.0 2.6401122676418643e-06 7.276927457438923e-06 0.0 0.0 0.0 0.0 0.0 3.925705372004787e-06 3.632577547237971e-06 0.0 0.001974256508243025 0.00020977712747404854 0.00013416428759116292 0.0 0.0 2.9585799936523082e-06 0.00044880183311025643 1.738731504008478e-06 5.012667359912968e-06 0.0 0.0 0.0 4.415149388213305e-06 3.743523718511403e-06 0.0 0.0 0.0004305514329236473 3.108122062081251e-05 0.0 5.296872059772833e-06 7.956508922135297e-06 0.0 0.0 0.0 5.350105431996265e-05 7.04660751597892e-05 0.0004348548016607679 0.002735004729585851 0.00025385767422824476 0.00044931688547874985 2.474655971639909e-06 2.7102094786111752e-05 5.241885713576857e-06 0.0011380580628132689 4.446438675867132e-05 2.7962576976970095e-05 1.067444982309848e-05 1.103145588867831e-05 0.0 2.165098263523551e-06 0.001045078826682832 3.126925075289853e-05 3.100329586939684e-06 0.0023923420699714765 0.0012740916606050214 0.0011437651701360185 0.00017313651200555262 2.5146280242388275e-05 8.31753770796006e-06 2.247786831581975e-05 9.033183361278712e-06 2.8115031439839292e-05 7.011139178634113e-05 7.766423739883932e-06 8.29211503835741e-05 6.267297460334934e-05 1.7187431152104043e-05 3.0765262806858343e-06 2.1470485151987875e-05 0.0 2.330424055749257e-05 4.028431989876697e-06 0.0 0.0 5.518068597933002e-06 0.011072033030571544 0.00024508497656617316 1.438376666525516e-05 9.831103676134687e-06 0.022890893077838915 8.834199795629865e-05 0.0001742099669739803 0.000965712600458791 0.0002918393005460192 4.099757829577936e-05 0.0006907841557792085 7.435593252797648e-05 0.0010455358886101436 0.0005714094870340865 0.0004860957530716928 0.0 0.00026209793751916824 0.0007700961633072884 0.00012435866766978342 5.410570412481097e-05 0.0 0.0 0.0 0.0 0.0 0.0 0.0 0.0 0.0 0.0 0.0 0.0 0.0 0.0 0.0 0.0 0.0 0.0 0.0 3.116860281017813e-06 0.0 0.0 0.0 0.0 8.732561076007302e-05 0.0 2.111829211098429e-05 5.168968002890839e-06 0.0 0.0 0.0 0.0 0.0 0.0 0.0 0.0 0.0 1.548036894203351e-05 0.0 0.0 0.0 0.0 0.0 0.0 0.0 5.089598567390427e-06 1.3798139505079188e-05 2.9627671179104735e-06 1.937564371372364e-05 0.0 0.0 3.33043342450238e-05 2.301381908816005e-06 0.0 0.0 0.0 0.0 0.0 0.0 2.298173765148422e-06 0.0 6.681606625632976e-05 0.0 0.0 0.0 0.0 0.0 0.0 2.136536302524605e-05 6.2437956477399886e-06 4.8855280405964435e-06 2.9022978331473446e-06 0.0 0.0 0.0 0.0 2.1313320093420766e-06 0.0 0.0 2.059173210882477e-06 0.0 0.0 0.0003690034105804598 0.0 2.0513256539238798e-05 0.002868857189690261 9.4742686975265e-05 0.0013829711962464301 0.0002878244749300169 0.020120299785457325 6.67806761888877e-05 1.8653617210549054e-05 8.568338505908946e-05 1.7318999347249365e-05 0.0 2.6134517943982803e-06 0.0 0.0005559919438882774 0.0 0.0 0.0 2.477741847913403e-05 0.0 0.003791942427458354 0.00023369459500088263
0.0005673329898480668 0.04273837845131081 0.00827825169389055 0.00027802292077166535 0.0 4.27202679487451e-05 0.01969605383480023 0.007428319758892136 0.08082251244692892 0.0027276874883549523 0.03412509939494368 0.0005554026270230721 0.015913851864211553 0.04088537006771311 0.0002698935492821841 6.571507086483179e-05 2.0773856479817484e-06 4.603581630508837e-06 0.0 5.2366967928168265e-06 7.789063111032316e-06 0.0 1.7816338316022265e-05 4.832432664182541e-06 0.0 0.0 2.9934601821123886e-06 0.0 2.375484914184009e-06 3.6179617715580175e-06 0.0024986913272003865 0.000862256024884588 0.0001120395246291682 5.2063037335760564e-06 1.1469412645681056e-05 3.154462844594578e-06 7.137927424183806e-05 1.6310023762261812e-06 2.510797346004618e-06 1.6168513331505492e-05 2.310296959155771e-05 9.36161888966599e-06 1.5596794006499754e-05 2.753811542695478e-05 4.910177315532535e-06 1.434838776304629e-05 0.0013728502460295642 3.4827820441973e-05 1.8443800148595843e-06 1.6521582438776414e-05 1.2847130736287267e-05 0.0 0.0 0.0 2.6690961773661008e-05 0.0001024933826233401 7.91842036346667e-05 0.0010424821421560033 0.00017042983002864102 0.0005863448133058553 1.962895178614474e-05 0.00010506301702646865 2.7313943596874106e-06 0.0016950708902504447 7.941238750520405e-05 2.2156224161876543e-05 9.206044957734782e-06 1.917865696103113e-06 1.4459738471753847e-05 5.138590639702515e-05 0.00021384068464025543 3.6386125984952186e-06 0.0 0.001438176864515912 0.0014911613031729208 0.002098664179635799 0.0009370989318086454 0.00016516100212195147 0.00016583171094801267 0.00042372815180305613 2.7480448453905326e-05 0.0004254097880263171 7.568294978014888e-05 0.0 6.624084978611348e-05 6.580554339656414e-05 1.2417022167321513e-05 4.1933801868613904e-06 1.653388264218344e-05 0.0 2.516288310594463e-05 0.0 8.763803663859732e-06 2.0748750886655698e-06 4.811646236297419e-06 0.0010978917385551022 0.0 0.0 1.5298642635875976e-05 0.00010281010938204905 0.0 6.461248596484764e-06 3.0152499922861184e-05 1.01243395933039e-05 6.285821747251421e-06 0.0 3.7777000118361062e-06 0.0 3.186305312917324e-05 5.1028557445516146e-05 0.0 4.941721170502906e-05 7.82346821072976e-06 2.3742805576981272e-05 4.09364115884798e-06 0.0 0.0 0.0 0.0 0.0 0.0 0.0 0.0 0.0 0.0 0.0 0.0 0.0 0.0 0.0 0.0 0.0 0.0 0.0 0.0 0.0 0.0 0.0 0.0 6.078438932672817e-05 0.0 2.0504105902478897e-05 2.354185856462366e-06 0.0 0.0 0.0 0.0 0.0 0.0 0.0 0.0 0.0 0.0 0.0 0.0 0.0 0.0 3.269257299571351e-06 0.0 0.0 1.7890378375365518e-06 0.0 7.129483595228808e-06 0.0 0.0 0.0 3.736533246923738e-05 0.0 0.0 0.0 0.0 0.0 0.0 0.0 0.0 0.0 1.9350575176190824e-05 4.915646661641903e-06 0.0 0.0 0.0 8.06496637911399e-06 0.0 0.0 0.0 0.0 0.0 0.0 0.0 0.0 0.0 0.0 0.0 0.0 0.0 0.0 0.0 0.00015824684538852865 2.730976941781384e-05 2.7800250668003452e-05 0.002109708386058956 0.00016227685928158774 0.0037234786493261745 0.0009580228132613174 0.00019474512630260744 9.255905393921466e-05 4.2012477926952246e-06 0.0002202067256752488 8.089730542681375e-06 0.0 0.0 0.0 2.8955005039122263e-05 0.0 0.0 0.0 5.333168177796843e-05 0.0 0.000528421223391392 3.9133609607469606e-05
0.004012440279307147 0.0024740579808448563 2.206634630017233e-05 0.0046203147112671445 4.27202679487451e-05 0.0 0.00047477478624653854 4.902662433978266e-05 9.505886647573305e-06 0.004591625682956545 3.8729729465767794e-05 0.0022535161349028455 0.0011920806377316664 0.00045300449014955713 9.531496618007958e-06 2.7170275363444163e-05 2.504916504417259e-06 0.0 0.0 0.0 2.0337189064524777e-06 0.00011589037665977216 0.0 0.0 4.4433705668777445e-06 0.0 0.0 0.0 0.0 0.0 0.00040744395629962836 3.098887734616976e-05 0.0008758957771426042 2.8753679379726307e-06 0.0 1.628395634089665e-05 0.0005550666179066582 3.842630503059769e-05 0.00015315332442617695 5.224929769747976e-06 0.0 0.0 2.1624555013739006e-06 0.0 0.0 2.1479541288803167e-06 5.9154434864271345e-05 3.857453110639044e-06 4.143414150222903e-06 0.0 7.67142006525941e-06 0.0007075487398092894 2.672632352348267e-05 2.1564410977072912e-05 1.638349164385824e-05 9.926006054585703e-06 0.0008609641735861194 0.0008877457290909278 0.0001117416735871355 4.4371418716415306e-05 5.127077989772246e-06 0.000692530016527326 0.0 5.816912455736511e-05 6.123850136707018e-06 1.7931589412854678e-06 6.213270385665749e-06 3.686508859805751e-06 1.2277530863806396e-05 0.0 0.004290738287313981 0.008032283900136335 0.0006701257500759008 0.00044550461288871856 0.00014507412593468553 8.73278596645768e-05 2.6720718252795444e-05 4.013286270158039e-06 0.0 5.6006885078981045e-05 2.5827508012626554e-06 6.080621363585427e-05 1.1113785567306673e-05 2.6662926034956365e-05 1.0401951627507319e-05 7.851086903702808e-05 1.4568092367149406e-05 0.00020826209983121693 8.742597876288901e-05 0.00042239787155194 4.697833723125248e-05 0.0001871851943269682 8.952798860448593e-06 3.955624637002709e-06 4.702095266089795e-05 0.013604290596833478 0.010596733133699562 0.0016874260840557163 0.0010382322666983167 0.004371915106262753 1.3653853623894824e-05 0.0 7.925419734877886e-06 0.0 4.1830471680890295e-06 1.0609611048601884e-05 5.945835542415066e-06 0.0 1.556743769579516e-05 1.744075508239256e-05 0.0 3.163165901137366e-06 1.0292904516764644e-05 3.0997146900398147e-06 1.1967786259395472e-05 0.0 0.0 0.0 0.0 0.0 0.0 0.0 0.0 0.0 0.0 0.0 0.0 3.4100916673677628e-06 0.0 0.0 0.0 0.0 7.079942322896151e-06 3.83634823088578e-06 0.0 0.0 0.0 0.0 0.0 1.5057632663267247e-05 1.0086227636190084e-05 5.322472871479976e-05 2.442139689585389e-05 0.0 0.0 0.0 0.0 0.0 0.0 0.0 0.0 0.0 0.0 0.0 0.0 3.361283093235793e-06 5.542152329536185e-06 2.5609423500039624e-06 0.0 0.0 2.094931892834503e-06 0.0 0.0 0.0 0.0 0.0 1.084713665938301e-05 0.0 0.0 0.0 0.0 0.0 0.0 2.8637758368902986e-06 1.3665436663338631e-05 0.0 6.381802784316788e-06 7.0426527094784235e-06 3.417117026263746e-06 1.1899799374586514e-05 1.8503535764268446e-05 0.0 0.0 0.0 0.0 0.0 0.0 0.0 0.0 0.0 0.0 0.0 0.0 5.190163822659294e-06 1.9583664467654366e-05 3.02272862728629e-06 1.22192328123597e-05 1.931233166350343e-05 4.6666327055395465e-05 6.134597773986364e-05 0.00044779252904087233 4.3098566923077574e-05 0.0002977362945040478 7.69224155844932e-05 0.006957287488256822 3.705118131946402e-05 0.0 6.398598693136728e-06 3.814547773286786e-05 0.0 6.221562432175463e-06 0.0 0.0 0.0 0.0 0.0 1.0745529801128757e-05 0.0 0.0011386585530024046 7.040454355972404e-05
0.004501430429272268 0.059266325552135006 0.004174441955559101 0.015411892712239108 0.01969605383480023 0.00047477478624653854 0.0 0.0020384630839355117 0.04260587662551579 0.018250138999927584 0.006513482873707315 0.004697892294482184 0.08159724297214918 0.023020368917185785 0.0006023028212145095 0.0001820974208706656 3.300416585075347e-05 2.324822749528879e-06 0.0 0.0 2.4465583710708468e-05 0.0 3.962591435059729e-05 7.81172012001283e-06 7.85546582724924e-06 3.6049201319417285e-06 3.131514568661496e-06 2.200631213587336e-06 5.329156897870542e-06 0.0 0.0035724970894549894 0.0010327215812321864 0.000293602686988488 2.2918011678561423e-06 8.170700328271186e-06 1.5669676279706543e-05 0.0003562458640116994 1.8137300096221574e-05 1.1058245004825947e-05 1.4269641477009403e-05 1.6762327682088254e-05 1.86559277665578e-05 1.690434863908644e-05 3.707227438672419e-05 4.357345357881163e-06 1.2855132972179176e-05 0.002490851994487826 0.00010532292407533016 1.6019522194517335e-06 1.5261328264767282e-05 1.2427183014961912e-05 0.0 0.0 9.099896276800125e-06 4.985920704014418e-05 0.00012169142291461984 0.00019866247522574298 0.002723410267623052 0.00037860174212247914 0.0012893056456920581 2.70718944485046e-05 0.00031223535336713867 0.0 0.003575857949887514 0.0001349759537644005 7.266401215406524e-05 1.07145600333219e-05 3.9956607521496924e-05 2.9925094382347087e-05 7.249561309095248e-05 0.001139611806468511 1.2145752956455223e-05 0.0 0.003621217701938175 0.00302841811425293 0.004008544711003094 0.001689958848269839 0.00020350170816419317 0.00021631834389780627 0.00023791115971353875 5.517407292498687e-05 0.0006824419691199424 0.000222421685119308 3.649822961873213e-05 0.00017128364932614436 0.00012794033644634642 3.2946216996019914e-05 4.086905610569803e-06 4.749698399575559e-05 1.958294520009649e-06 3.7048486776522805e-05 5.124642350788868e-06 1.5076144781697718e-05 7.077991805203773e-06 4.051239324967731e-06 0.0037539189852387194 2.6010894864043682e-05 3.59808830375423e-06 1.1210066285703239e-05 0.0006977213852242792 1.3503756319746797e-05 0.00010323335990880157 0.0001490580607485882 0.0001131773660992411 8.538324368791973e-05 0.00022539602928950823 5.890175722298758e-06 0.0014828515822608928 0.00030053859683244836 0.00024134815651839013 0.0 0.00019916553467746437 0.00015962233302153808 8.845643075480933e-05 5.178290454789764e-05 0.0 0.0 0.0 0.0 0.0 0.0 0.0 0.0 0.0 0.0 0.0 0.0 0.0 0.0 0.0 0.0 0.0 3.542012942785589e-06 0.0 1.6904141677735142e-05 3.1767541517346415e-06 0.0 0.0 0.0 0.00015543398172042776 0.0 0.00010802574870689991 3.336468249218663e-05 0.0 0.0 0.0 0.0 0.0 2.8030207868837034e-06 0.0 0.0 0.0 0.0 0.0 0.0 0.0 0.0 0.0 0.0 5.21847351411432e-06 1.7463416622192334e-06 2.1767246693802966e-05 6.6061019627817185e-06 0.0 0.0 0.0 0.000114153301332019 7.087366070257259e-06 0.0 0.0 1.8805783480950168e-06 0.0 0.0 0.0 0.0 0.0 0.00013192914253821583 9.341287161856825e-06 0.0 0.0 0.0 4.773595348154661e-05 0.0 0.0 8.996641333039247e-06 0.0 5.898127471918889e-06 0.0 0.0 0.0 0.0 0.0 0.0 1.8092483659304521e-06 0.0 0.0 0.0 0.00023532483215409845 7.457196830118204e-05 8.595861711866042e-05 0.004684903843447736 0.00023410491910028018 0.006733216760171691 0.0018481963273222477 0.002607390883328278 0.00018679881771096611 1.3893368102517081e-05 0.000536378950780279 3.879375188372233e-05 0.0 1.579325615504769e-05 3.332488442304739e-06 0.00021679581069329517 0.0 0.0 0.0 0.00018028022172600483 0.0 0.0023407938634795104 0.0002109365947062749
0.00030771106188279306 0.012112150578608347 0.11921989562643381 4.664116741603248e-05 0.007428319758892136 4.902662433978266e-05 0.0020384630839355117 0.0 0.008201211972320873 0.0004505538494617866 0.026270171643097397 0.002427585356830894 0.01579876676510804 0.07606385292019983 0.0010511842854150789 0.0006777852280342901 8.73488863876978e-05 4.336515078138184e-06 4.807183864769077e-06 9.341823999213407e-05 0.0007432148312333926 4.090158253355138e-06 0.00041086726096866967 0.000282860172771208 6.006546497841342e-05 8.671898778343603e-05 4.510782425996339e-05 3.1533142010041236e-05 4.6669315454328835e-06 2.8251893411847572e-05 0.019973067043243333 0.029742275105364414 0.007683424737889308 8.485884909373759e-05 0.0002553694400048374 9.089591510922161e-05 0.0033485238759274295 0.00023312170316457798 0.00013798171107543542 3.545149580416316e-05 0.0005053002805252661 0.00022643451021679107 0.0004995875365397242 5.4337807639455034e-05 6.365085388122063e-05 0.00039674518390602566 0.002514431012404814 7.220405681320976e-05 5.3881943628393314e-05 0.00016197071554578546 1.898842614530348e-05 5.934195867730481e-06 3.764119609265051e-05 4.3214300552161416e-05 2.2754686323947455e-05 6.942936626828274e-05 0.0001279893293277334 0.0030415065072313696 0.00021301762798739266 0.0007925964025432154 0.0012830491933625244 0.0046698299621338885 0.00027029453681941685 0.004215736294587619 6.191313889887661e-05 6.810692498175021e-05 6.976756635943996e-06 4.674763810876471e-05 0.0002737544158796923 0.0014296210913148815 0.003366508596963252 5.5491448723555134e-05 0.0 0.0017389570080612368 0.002073408881409363 0.003019691219613669 0.002616782390090838 0.0006840687411673124 0.01926548353667788 0.06378259803315922 0.0006080739028961667 0.031101756875466704 7.863549326620916e-05 0.0 0.00015043298801634385 7.850286890473083e-05 0.00011351764292377015 0.0 1.862296670368521e-05 2.3156287463560386e-06 2.679084190433145e-05 7.210639953483235e-06 0.00045717374582744213 0.00011926051362110618 3.746433556275063e-05 0.0005632095415619976 8.797285819491969e-05 5.009712618494121e-06 0.00016935759287970505 0.0001527753684995886 9.60497631209746e-06 2.3589233134459153e-05 2.421030327557356e-05 2.8201663778617e-05 6.52324326246e-05 7.262697642834117e-05 3.6032898784452e-05 1.4591895026143362e-05 0.00012737559150851997 0.00018587657640818967 3.2757163060595607e-06 0.00013214119620673484 0.0001770641738824038 4.44506863702973e-05 0.00010886294005952594 0.0 0.0 0.0 0.0 0.0 0.0 0.0 0.0 0.0 0.0 8.745966313869381e-06 0.0 9.86783308611364e-06 0.0 0.0 0.0 0.0 0.0 0.0 9.397013326112332e-06 0.0 0.0 3.7895096569690127e-05 0.0 0.00026506197488462184 4.150095587573893e-05 0.00022169893692135088 0.00016357349447793757 2.1609500395850514e-05 8.949059316407545e-06 0.0 0.0 0.0 0.0 0.0 0.0 0.0 0.0 0.0 0.0 0.0 2.7568226280881508e-05 0.0 0.0 0.0 2.8994819289758883e-06 0.0 0.0 1.0784118788784894e-05 5.61111803312075e-06 1.2898296145510447e-05 0.00013261990379944167 0.0 0.0 0.0 2.2659653037182755e-06 0.0 0.0 0.0 2.2928921244084887e-06 0.0 0.0001674942106088598 1.3183497625607996e-05 0.0 2.303594890395643e-06 0.0 1.928715131182382e-05 0.0 3.1187713158566166e-06 4.0058547556781925e-06 0.0 0.0 0.0 0.0 0.0 0.0 0.0 0.0 3.932493024704479e-06 0.0 0.0 0.0 0.00041688981056286746 0.00033276542232032466 0.00030651610895047516 0.004835091241156826 0.0002877254739400983 0.005749675656147159 0.0018160646553496617 0.00019353537587639421 5.8177257377940746e-05 3.4875738548304964e-06 0.00035076871356615343 8.429270801631849e-05 8.502675235577109e-06 9.749012027332561e-06 8.163445030297644e-06 0.00014745993496781835 0.0 0.0 0.0 0.00021929059175502288 0.0 0.0007056842544457686 7.828684704761302e-05
4.965637585423338e-05 0.047235448284038736 0.011318879019592706 2.5490550336837023e-05 0.08082251244692892 9.505886647573305e-06 0.04260587662551579 0.008201211972320873 0.0 0.0005190356741707178 0.043952872871670684 0.00010790820857545023 0.019229470102131163 0.024891454291953576 6.815554876318226e-05 5.938968762193259e-06 0.0 0.0 0.0 0.0 6.534016951950102e-06 0.0 0.0 0.0 0.0 0.0 0.0 0.0 0.0 0.0 0.00032820447942081757 0.00014898393573638377 1.4499120676410816e-05 3.5539720402281606e-06 0.0 0.0 2.464666647871579e-05 2.459500219392884e-06 0.0 0.0 2.5446791360772787e-06 0.0 9.82260725731325e-06 1.0233439617542958e-05 0.0 0.0 0.0002718840072790613 1.230812764809899e-05 0.0 0.0 0.0 0.0 0.0 0.0 7.996423983500495e-06 9.553053123352676e-06 8.971157578284046e-06 0.0001382366385921128 4.0052966720155724e-05 9.997903473318365e-05 3.32825600985395e-06 4.962262400158457e-05 0.0 0.00022349286060020188 7.5337967538001075e-06 7.733527888445718e-06 1.9937533588155016e-06 0.0 2.4571964596130307e-06 1.625664423875418e-05 0.0001412438936625438 0.0 0.0 0.00017743548746613878 0.0002247604754137324 0.000383951457612752 0.00018871664246788088 3.987671024555247e-05 2.0552723696756933e-05 0.0002563925062759155 2.4717030425487678e-05 0.00015431062058690186 1.181447854617023e-05 0.0 9.38633984863541e-06 7.622358574323625e-06 5.339650113466819e-06 0.0 2.016009552106284e-06 0.0 5.195404038765971e-06 0.0 2.484995786641166e-06 3.9940916161687125e-06 0.0 0.00030084484105534926 1.1734332236981324e-05 0.0 0.0 5.803544516225857e-06 5.559305525817944e-06 2.114864099473725e-05 0.0 0.0 0.0 0.0 0.0 0.0 1.9308544545860127e-05 1.7127143100111402e-05 0.0 4.401515829423406e-06 1.0157904873288101e-05 3.87908485994651e-06 0.0 0.0 0.0 0.0 0.0 0.0 0.0 0.0 0.0 0.0 0.0 0.0 0.0 0.0 0.0 0.0 0.0 0.0 0.0 0.0 0.0 0.0 0.0 0.0 0.0 2.14172274751554e-05 0.0 6.780418923110795e-06 1.0348433914012189e-05 2.7379241116821004e-05 0.0 0.0 0.0 0.0 0.0 0.0 0.0 0.0 0.0 0.0 0.0 0.0 0.0 0.0 0.0 0.0 0.0 0.0 0.0 0.0 0.0 0.0 0.0 0.0 0.0 0.0 0.0 0.0 0.0 0.0 0.0 0.0 5.248033064425815e-06 0.0 0.0 0.0 0.0 0.0 0.0 0.0 0.0 0.0 0.0 0.0 0.0 0.0 0.0 0.0 0.0 0.0 0.0 0.0 0.0 3.329713186054662e-05 1.596501482064336e-05 1.951732307931245e-05 0.0004523775980675058 1.6276851207218658e-05 0.0007759937982144276 0.0002276130711304633 2.9562019931625455e-05 3.0751188787710167e-05 3.181271054909107e-06 6.825596531049036e-05 0.0 0.0 0.0 0.0 0.0 0.0 0.0 0.0 9.34241792489269e-06 0.0 0.0001402891524695697 3.615359333699801e-05
0.01920157229143558 0.05542766989992016 0.0009199966096691569 0.05334579230564913 0.0027276874883549523 0.004591625682956545 0.018250138999927584 0.0004505538494617866 0.0005190356741707178 0.0 0.0005071217790937767 0.07351122513228829 0.13047612659125274 0.007474130008360255 0.0004696571775072094 0.0001474942258261444 1.3169887853619223e-05 0.0 2.8833104641392626e-06 0.0 1.5222321956294101e-05 3.1171486353008565e-06 7.101244293287319e-06 1.4120703415332606e-05 5.801631863237316e-06 5.4120911172404634e-06 3.7408706002034375e-06 2.711722836970739e-06 1.9224091045702608e-05 5.196613120249085e-06 0.0014373627497584931 0.0005325698350385686 0.002026089585141653 2.2200681045922163e-06 8.758778176223087e-06 0.0 0.0028248715394891782 2.9263844450570604e-05 4.1297735039371594e-05 0.0 3.2643949537911405e-05 1.6322523968976267e-05 2.202901121674702e-05 2.2876712613726606e-05 2.7137078212525033e-06 1.117729017734553e-05 0.0020373641351798004 8.573542378372543e-05 1.2827216814740067e-05 1.2127703790664364e-05 1.773984336171377e-05 9.41288705139744e-06 1.7224226582592244e-05 6.301033649294304e-06 6.3672959101141e-05 0.00011595720171307031 0.00037590853302208875 0.002009327630928524 0.00024065992329249771 0.0010116448610060825 6.009355977958345e-05 0.00032616765884495004 1.0526492198347027e-05 0.0025887361646432035 0.00011097587678084851 6.192516579679317e-05 1.7841232902458408e-05 2.2936089647417584e-05 7.098074823398439e-06 5.513660822776766e-05 0.012241301493811758 2.885988501953169e-05 6.6216654887623405e-06 0.0026759986852013854 0.002212627319732528 0.0030036352217350515 0.0014782933643255418 0.00012721574808850902 0.0002799194765684436 0.00032765206818209755 5.4632954915093e-05 0.0008249772247524746 0.0001296985986940445 1.3848202307071918e-05 0.00012500678566918836 0.00010775507254791203 2.297159929612517e-05 5.058172643172851e-06 3.111344429285018e-05 9.931022804213772e-06 2.9209822036172657e-05 2.9429871791614574e-06 9.93672937107451e-06 2.1637446489059747e-05 5.066981526708404e-06 0.02397849576970805 0.001882982602740626 5.0935031950675916e-05 7.94156935469307e-05 0.010263818405512127 0.00043685557196410075 0.0009210929132354939 0.0033555564192464297 0.0022469286866465955 0.0002764056247709672 0.0009339853691549754 0.0006517855218665994 0.000133468626248905 0.0014938357372055488 0.0031599581442075695 0.00011396342019844939 0.0007938096501146392 0.0019321619347837115 0.0007023785271256212 0.00042572688582676065 1.837904988688983e-06 0.0 0.0 0.0 0.0 0.0 0.0 0.0 0.0 0.0 0.0 0.0 0.0 0.0 0.0 0.0 0.0 0.0 0.0 0.00017676688870733398 4.143902669628352e-05 0.0 0.0 0.0 0.0010073919817770397 1.3776081535131126e-05 0.0004858565523523043 6.366957943360134e-05 1.0103271930994576e-05 0.0 0.0 0.0 0.0 2.3895378973856104e-06 1.179919835820847e-05 0.0 5.901616040935809e-06 0.0 0.0 0.0 0.0 0.0 0.0 1.96789419332143e-06 0.0 0.0 2.854967438799665e-05 8.809369109926816e-05 4.37370245685556e-05 0.0 0.0 0.00036360386238908673 2.3939636987299075e-06 0.0 0.0 2.111849648329601e-06 0.0 0.0 0.0 0.0 0.0 0.0009720349910955675 5.549856178616685e-06 0.0 0.0 0.0 0.00012420198206898324 0.0 3.792292486159855e-06 2.096858445729281e-05 2.8225420158528498e-05 1.1956901289747989e-05 3.3128389264244815e-06 6.657199409715967e-06 2.0199567047585263e-06 0.0 0.0 0.0 0.0 4.031139478015806e-06 0.0 0.0 0.0036300764534504927 0.0003030528439118763 0.00024571840047145094 0.012470538370112048 0.00037913674093732964 0.00636984219073297 0.002328897409467688 0.024696607046001073 0.0002054014756645684 2.0875652337960958e-05 0.000707709652988091 0.00013749306561612186 0.0 3.861736191176582e-05 1.0639196974754085e-05 0.0035829284213418186 0.0 0.0 0.0 0.00016822098994144044 1.4252583913377072e-05 0.018710250682527046 0.0023690011755715967
0.00024872921547130226 0.02532067729854027 0.044802977687683335 6.499166893438117e-05 0.03412509939494368 3.8729729465767794e-05 0.006513482873707315 0.026270171643097397 0.043952872871670684 0.0005071217790937767 0.0 0.001394331926512319 0.022721447921537085 0.10350004478738481 0.0002718425643607149 0.00014724942533777792 1.151543185329725e-05 0.0 0.0 0.0 1.790268327140678e-05 6.913913687332394e-06 1.728248353303563e-05 1.775888008428881e-05 0.0 1.8386154535122905e-05 0.0 2.215073361800563e-06 0.0 2.737946895230392e-06 0.0017430729447344142 0.0020049007894375743 0.007689232979570589 7.318972165672327e-06 5.002482725471444e-06 2.3419304110770543e-05 0.00345276961066837 7.354232069149575e-05 4.51901469805479e-05 6.843655567553287e-06 6.01390050294881e-05 3.2309669738120816e-05 9.437113341992409e-06 9.045478224791605e-06 2.5069963122735803e-06 1.8803814192720848e-06 0.0005677303653514579 1.1288967590484883e-05 6.710043163845845e-06 7.853437800184486e-06 3.54222799488557e-06 0.0 0.0 8.940536198115455e-06 6.902769004652204e-06 1.6895398814708837e-05 2.1411707157329332e-05 0.00033665226475192286 3.4627744965063466e-05 0.0001496936020027961 7.374795257097046e-06 0.0004277009843298018 0.0 0.00039235680939424234 1.6322274126656952e-05 3.899654617581914e-06 4.349891674749927e-06 0.0 5.218825299867034e-06 6.505910564827972e-05 0.002577338656746474 5.312208559345423e-06 0.0 0.00040212626172723135 0.0004602290031479913 0.000821462337500982 0.00042000506596297655 8.744849208017292e-05 0.0008512883961031912 0.03792188894673312 2.8368898744809318e-05 0.0012984526984121092 2.5974315456545298e-05 0.0 1.989373577649709e-05 2.3618637180580966e-05 8.774348983877525e-06 1.9844321690733722e-06 4.489118896228047e-06 0.0 7.769837064938102e-06 6.531665780382969e-06 3.292045799399453e-05 2.4681186143414586e-05 1.3427339198440625e-05 0.0003204793521567289 4.587999495806247e-06 9.09060016837891e-06 2.7001666911755517e-05 3.9765176685924697e-05 0.0 0.0 1.832528815641444e-05 0.0 1.7131537671165785e-05 4.112396517546842e-05 2.7469329337990968e-05 4.7292348411073615e-06 6.604960778861549e-05 7.193448083422776e-05 1.3079448655771419e-05 8.67045885161908e-05 3.89241087319749e-05 2.944751609634135e-06 7.99526619736403e-06 0.0 0.0 0.0 0.0 0.0 0.0 0.0 0.0 0.0 0.0 0.0 0.0 0.0 0.0 0.0 0.0 0.0 0.0 0.0 0.0 0.0 0.0 1.9129556796316647e-05 0.0 5.2628302832357245e-05 0.0 8.309587705941647e-05 1.9982557957313208e-05 2.4285417786341844e-06 0.0 0.0 0.0 0.0 0.0 0.0 0.0 0.0 0.0 0.0 0.0 0.0 6.667547800910827e-06 0.0 0.0 0.0 0.0 0.0 9.474779660668794e-06 0.0 0.0 0.0 1.1979900375582798e-05 0.0 0.0 0.0 0.0 0.0 0.0 0.0 0.0 0.0 0.0001091464083394407 0.0 0.0 0.0 0.0 0.0 0.0 1.081129545179442e-05 0.0 0.0 2.360664280747415e-06 0.0 0.0 0.0 0.0 0.0 0.0 0.0 0.0 0.0 0.0 0.00024327445989447938 0.00013482995102634572 0.00011747583863888918 0.001163006604186967 9.152687036526131e-05 0.0012431831766595053 0.0004260072734732071 9.049413807673233e-05 3.7450230475127504e-05 1.1790128628935393e-05 0.00013772783907783115 2.3986917057189956e-05 0.0 4.66152789620282e-06 0.0 0.00012528000507411706 0.0 0.0 0.0 8.212418105531827e-05 0.0 0.00019564840952488602 6.275521026747801e-05
0.011414627103129371 0.006496378550078417 0.0011928101667860946 0.051004262310902465 0.0005554026270230721 0.0022535161349028455 0.004697892294482184 0.002427585356830894 0.00010790820857545023 0.07351122513228829 0.001394331926512319 0.0 0.028744044546286162 0.003585989743325764 0.0001269782249049525 8.669510276062048e-05 4.217996936987779e-06 0.0 0.0 0.0 0.0 0.0 3.03883245346393e-06 0.0 0.0 0.0 0.0 0.0 3.6334600861042595e-06 0.0 0.0003095063160043573 0.000249114201287606 0.0019075478170633155 0.0 0.0 4.513450042925944e-06 0.004382283821903747 5.621854731707879e-05 6.646323663521982e-05 3.2823264477331606e-06 4.100295961454306e-06 2.420313972669007e-06 1.8327854865526472e-06 1.0199682586814984e-05 0.0 0.0 0.0003658613042508829 4.033462493777526e-06 0.0 1.7314786332595416e-06 2.470341337182509e-06 0.0 0.0 2.4335416995049924e-06 6.91523021395801e-06 0.0 5.098333226397566e-05 0.00036869855100828824 4.0838223718803795e-05 0.00010558499637035409 1.409127833326421e-05 0.0002580724955463746 1.2054412611019164e-05 0.0002754870142725695 2.3558877778107243e-05 1.0611091655610778e-05 0.0 4.0665844007339256e-06 0.0 1.3227308058833866e-05 0.004815427602389299 2.608292906497357e-05 0.0 0.0003630933099331955 0.00022213085539079697 0.0003055759893585201 0.00011804038842785741 1.8499021611948532e-05 8.378474993989981e-05 0.0008689026718544275 2.00068535047169e-06 0.00011141521883584069 1.526417928278802e-05 0.0 7.813466103578514e-06 1.5151084855924412e-05 0.0 0.0 0.0 0.0 1.0673025204070467e-05 2.338320869185834e-06 0.0 2.12174495759824e-06 3.0061212329106517e-06 0.006654803141933826 0.0004676892567762322 3.2959192291497006e-06 0.00012077904002729805 0.0022774961206156385 2.3462187667827337e-05 9.430163194696178e-05 0.0003378696962113054 0.00015542104170061493 5.671462202546256e-05 0.00026474185713132515 9.215880686730122e-05 9.495514307762346e-06 0.0004630977994562542 0.0006197323489267704 2.125155984879786e-05 0.00029770118874551443 0.0005144843793271995 0.00014981770583502192 0.0001429287419130317 0.0 0.0 0.0 0.0 0.0 0.0 0.0 4.314722808376856e-06 0.0 0.0 0.0 0.0 0.0 0.0 0.0 0.0 0.0 0.0 0.0 5.444011677469492e-05 4.157880732497153e-06 0.0 0.0 0.0 0.0004801987843568001 6.68204279789445e-05 0.00020264347601054342 1.0246201479069807e-05 0.0 0.0 0.0 0.0 0.0 0.0 0.0 0.0 0.0 2.185676920982504e-06 0.0 0.0 0.0 3.169694617516223e-05 0.0 0.0 0.0 0.0 4.8056969469762065e-06 7.94918550005785e-06 2.989692158635978e-06 0.0 0.0 0.00020965562044851984 0.0 4.430950296760272e-06 0.0 2.1240346394753865e-06 0.0 0.0 0.0 0.0 0.0 0.00042230854450840623 5.904341005092073e-06 0.0 0.0 0.0 6.664072597810731e-05 0.0 5.045964674300808e-06 1.933385855670797e-06 1.4552660073112414e-05 1.095488018869796e-05 0.0 0.0 0.0 0.0 0.0 0.0 0.0 0.0 0.0 0.0 0.0010332713997095835 0.00019816591442517838 0.00018166026962860166 0.0021069719709042663 3.651432017608193e-05 0.0010285643236491527 0.0005200253960392508 0.005501458697852495 4.32913735095558e-05 0.0 8.137160647415816e-05 2.337173811382122e-05 0.0 6.604293195006261e-06 4.24652362232247e-06 0.0005163806924015174 0.0 0.0 0.0 3.1177517520706434e-05 0.0 0.004319158488363481 0.0006778434026209118
