0.0 0.021018831539241063 0.0025870072435354376 0.024518831173304306 0.0013432346232933102 0.0027030755131964086 0.011243367153626628 0.002271376874092791 0.0004749978962345326 0.03183267692577733 0.0026543810728581474 0.0009061134637537687 0.006273320052487439 0.0050721612645676754 1.8466640906419498e-05 1.0366121035910702e-05 0.0 3.097953245817198e-06 0.0 1.1946495043185214e-05 0.0 1.3486601134031939e-05 5.329163426789025e-06 0.0 0.00012323668091843235 3.080593070135037e-05 6.248974268357382e-05 4.657644129325057e-06 3.5694520176481625e-06 0.0 0.029381734548179658 0.00014358308042663375 0.0004799392137357128 0.0 4.5217954000825167e-05 0.00013201224980141998 0.00015365596445817358 3.216718264088605e-05 7.92913955312827e-06 4.456232447338113e-05 5.946196006633379e-05 2.3667079057601532e-05 1.1900569407046836e-05 4.403963121581538e-06 0.0 0.0 0.00011399529500399777 5.197932454496513e-05 5.387846877587206e-06 1.2906641456259096e-05 2.7860485845748814e-06 0.0 4.946975977447313e-06 0.0 0.0002642731689902454 0.00014926948101039587 0.006865243776850149 0.02621048219707259 0.0030976940527268964 2.963324691127427e-05 1.1112965193216956e-05 2.701997562591999e-05 6.984020246362893e-06 0.0014811110054780243 7.344544301496476e-05 6.440489754442431e-05 0.00010604544509106373 3.4351852483447586e-05 6.843844221179237e-05 0.00010362392081704098 0.00011449581112756742 0.0 0.0 0.00012328157196336235 0.00029569451577469036 7.99490647354345e-05 9.060517563460714e-05 8.861989402546475e-06 5.715862147733359e-05 0.0008823430061486096 2.8212888038359878e-06 0.00021771372430938257 0.00027997314088876207 2.28937728186161e-06 2.2685557082294093e-05 0.00014416429069253638 9.122963805461325e-06 0.0 1.9494589547501705e-05 0.0 7.378676127448718e-06 0.0 0.00012466673903664072 9.416438179478722e-06 0.0 0.00045059180792021285 6.234116082233195e-05 4.1585032365920205e-06 1.8044048982176058e-05 0.027072786738154123 0.0 0.0006042496028671826 0.00016562884725134788 4.380067469172342e-05 0.0 0.00033197742726358455 3.7811339938827224e-05 7.759204902007763e-05 0.0002331765202398649 0.00015332638190528717 7.263212949331481e-05 0.00021567666566589078 0.0004616103514399607 0.0001477590676872303 0.0002835289641059159 0.0 0.0 0.0 0.0 0.0 0.0 0.0 0.0 0.0 0.0 0.0 0.0 0.0 0.0 0.0 0.0 0.0 0.0 0.0 4.810684341032429e-05 0.0 0.0 0.0 0.0 7.574378946496048e-05 3.216047614453001e-05 0.00010529494525206168 5.811663364411944e-05 1.2491035008633553e-05 0.0 0.0 0.0 0.0 0.0 0.0 0.0 0.0 0.0 0.0 1.7326605750826157e-05 0.0 9.437350729047164e-06 0.0 0.0 0.0 0.0 0.0 0.0 2.9975603355649144e-05 0.0 0.0 0.00018057651738207943 6.453499275497142e-06 0.0 0.0 0.0 0.0 0.0 0.0 0.0 0.0 0.00012564414420897886 2.0317112254880537e-05 0.0 0.0 2.810960670833061e-06 9.446322734268692e-05 0.0 4.413754553302383e-05 0.0 0.0 0.0 0.0 3.032849277073786e-06 0.0 0.0 0.0 0.0 0.0 0.0 0.0 0.0 9.437078633450747e-05 0.00015110552009520845 0.00027385199675710614 0.01406396248951126 5.754108393501479e-05 0.0016775297905798603 0.00020568185884725805 0.02734572581692484 0.000783880903724968 5.231302673790829e-05 9.756626918848049e-05 0.0005210527000450119 0.0 1.1227802736818809e-05 0.0 0.0021105033779914564 0.0 0.0 0.0 0.0 0.0 0.014511108966096567 0.00010393022903966073
0.021018831539241063 0.0 0.0133792418715897 0.013802382677109745 0.05350666665105436 0.0038450402782326714 0.07534964373115342 0.005076024405821426 0.023068402121401512 0.03762851347135615 0.01514202093993531 0.002204293779463358 0.04871665255303348 0.05616524740255521 2.1904232666873966e-06 1.487222611321812e-05 1.4968818915111585e-05 3.3216914439092868e-06 2.412940571497907e-06 2.605047287685027e-05 4.243187193861887e-05 5.0656493767093304e-05 1.085642875156608e-05 0.0 0.00032096400449747035 6.448040454527822e-05 6.049275127986045e-05 3.138466418994514e-05 0.0 1.036108369264683e-05 0.04252127500078828 0.0004732349257685157 0.0027256062918402813 0.0 0.0001800893189250849 0.0005429492623623674 0.000728041474177196 4.391642861455831e-05 2.178107356762384e-05 9.020644664169811e-05 0.00022940021788149498 0.0001645419096997231 1.2167328252909873e-05 5.624105709831726e-06 0.0 3.333941609062081e-06 0.00042714511437994294 0.00010471970270495383 5.177849261233323e-05 9.397715672250696e-06 2.7302881281922198e-05 0.0 1.430149812873429e-05 0.0 0.0005758496331240262 0.0002872051193592864 0.0058782135443252925 0.012627787349270093 0.005859728307256605 4.4964731277267736e-05 1.1487791157289526e-05 9.521033951018371e-05 0.0 0.0018790556460428118 0.0001571278950006498 0.00017163416369589605 0.000249139632184685 6.505385821420526e-05 0.0001501036142142864 0.00023830865475512388 0.0005597626441077025 1.2844681736921257e-05 1.8849241435687932e-05 0.0004802112667758198 0.0008191552758443003 0.00045794124029634783 0.0010338913832942831 4.784241665031127e-05 0.00019980708871015498 0.0036484125777687597 1.4883724071929264e-05 0.0005554217437650432 0.0007587275755742183 3.8238037128551175e-06 5.7466493313393914e-05 0.00034135550556248754 2.908903226518214e-05 3.0873548329537976e-06 1.850210582300338e-05 0.0 7.218335106314917e-06 0.0 0.0002881565101423387 1.8561241505534518e-05 9.030369972840118e-06 0.0030630139968933216 8.455235386365138e-05 4.0321466263487024e-05 7.314849301973242e-05 0.009777528802480949 4.903066526932944e-05 0.0013996939965374032 0.0004934385341000157 6.836613393242227e-05 0.0 0.0011546263657399123 0.00024309818448629015 0.0005724171685479369 0.0009541397191288293 0.0004096744519222919 0.0002818473370969703 0.0013584253011198143 0.0016468475967978957 0.0004840676321191438 0.0015283754520053932 1.9290948520056776e-05 0.0 0.0 0.0 0.0 0.0 0.0 0.0 0.0 0.0 0.0 0.0 0.0 0.0 4.0746412024583965e-06 0.0 0.0 0.0 0.0 0.00022187864352457996 0.0 0.0 0.0 0.0 0.0004878211084070574 4.686974317235349e-05 0.0006373169203351589 0.0001647643341372058 2.6292131442990334e-05 0.0 0.0 0.0 0.0 0.0 0.0 0.0 5.573471492118409e-05 5.386607259528731e-05 0.0 0.0 0.0 3.0311276567784748e-05 6.800013566039171e-06 0.0 0.0 0.0 3.0613281496222873e-06 4.598371320902493e-05 6.77156612841916e-05 0.0 0.0 0.001573378982722646 1.8433840393190786e-05 0.0 0.0 0.0 0.0 0.0 4.778396621895893e-06 0.0 0.0 0.001088320916580087 1.691191511501617e-05 0.0 0.0 0.0 0.0012893995695203591 0.0 0.00027324588840124317 3.618925980094785e-05 4.8624802136422274e-05 0.00013491899148886926 1.8947422817391156e-05 1.6762258754202994e-05 0.0 0.0 0.0 0.0 0.0 0.0 0.0 0.0 0.0015538394752724533 0.0006461737280812617 0.0007825337224150058 0.008739351667473033 0.00019305961913776141 0.008587731241546917 0.0012370860913072743 0.0552692931614553 0.0030363552528543066 0.00010673419477691786 0.001320398123703911 0.0005910015421510894 0.0 0.00015197147558458914 3.124515760390647e-06 0.005649759723953011 2.626360055717269e-05 0.0 1.4506298768372768e-05 0.00011382217498461818 1.4782028862900687e-05 0.018752411086167983 0.0013191230689105855
0.0025870072435354376 0.0133792418715897 0.0 1.5041615740933485e-05 0.05342401190353112 9.822288110472463e-05 0.004496353725687809 0.09263201819132386 0.018875846179550904 0.0002398563547832681 0.04081222747659464 0.000541350902166617 0.00869238476256819 0.046247431533559126 0.0 3.222338590987148e-05 3.20108833344748e-05 1.7928540561971607e-05 0.0 0.0002476853101601217 9.486181996626115e-05 4.3069065126384846e-05 3.541987157967393e-05 1.0133724992742817e-05 0.00044483940722636465 0.00015434270151421992 0.00016439058834687932 3.851648609851251e-05 3.6414871800703847e-05 1.4234434300008892e-05 0.050245449846080655 0.013231544969972633 0.0036733918778430203 7.296073760124593e-06 0.0004131566406162816 0.001013046519065848 0.0006910046490765903 0.0001294693808401146 6.966145498680447e-05 0.0001614868997437602 0.0008320019136584203 0.0005181738724605776 0.0001151527063742741 5.505348294954575e-05 3.3112872769638066e-06 3.7595775011281525e-05 0.0004424593418780637 0.00011991401881235096 0.000140489446740966 0.00034377525514376635 9.036820828706705e-05 1.7531212522825034e-05 4.4109256745331735e-05 9.696113527757292e-06 0.00036994750545829867 0.00018350259892697693 0.002751074695002884 0.004084732846068438 0.0033004782723979483 4.321006874887956e-05 0.0002590981793239811 0.00016083253442246553 0.00010007430420144171 0.0075291728180429595 9.708093204996532e-05 0.0002978675836320024 0.0002681060909128933 0.00035978179079190856 0.0007935809878511236 0.0018689540584414007 0.0005723716658269617 1.8595849054303465e-05 7.07671924035739e-06 0.0005114482217926098 0.0009428659007256316 0.0005936716796381869 0.0016863947383080175 0.00010059356590721699 0.0030371132363624775 0.018306465236792337 0.00020074445577014546 0.005774833165711292 0.0004769128193999115 3.2439904287925685e-06 0.00010308940806419107 0.00020825693102032302 0.00012359126010278175 0.0 4.09882693759818e-05 8.538532310514764e-06 8.965001587550207e-06 0.0 0.00131858528348284 0.00012241582055513592 4.8935061286967504e-05 0.0015045448211002679 0.00010049488690038228 1.1629022692472745e-05 0.0001358452661045089 0.002029391864731621 3.425219789682257e-05 0.00027884877383209237 5.307100797640728e-05 1.7125374923704566e-05 7.597748451588326e-06 0.0002634932861935073 0.0 0.0001042217897036513 0.00029265945848705596 3.1435206902132566e-05 8.7845441414027e-05 0.000391638608931737 0.00030839467155052924 0.00012255470846698032 0.0005100443815774245 1.670631441672841e-05 0.0 0.0 0.0 0.0 0.0 0.0 0.0 0.0 0.0 4.7405684115005e-06 0.0 3.791462051229983e-05 0.0 7.239872571669932e-06 0.0 6.452418345194394e-06 1.057188117851083e-05 7.0717914086674975e-06 4.859365242978717e-05 7.016894296897243e-05 0.0 0.0 0.0 0.00013947730389211643 5.65981158970619e-06 0.0003308918641862398 5.983673363885889e-05 1.8983589251121646e-05 0.0 0.0 0.0 0.0 0.0 0.0 0.0 1.4761069217681259e-05 0.0 0.0 0.0 0.0 8.969833658083094e-05 0.0 0.0 0.0 0.0 1.6322902102182746e-05 1.1482232924777405e-05 0.0 0.0 0.0 0.000512886068472312 3.3881278980390225e-05 0.0 0.0 0.0 0.0 0.0 0.0 0.0 0.0 0.00047933422602937614 9.705924176016854e-06 0.0 0.0 2.410798381365117e-06 0.00026756294074199683 0.0 8.298838219352197e-05 1.637367083566707e-05 1.1263821074586561e-05 1.2423908196567682e-05 4.289615637544762e-06 2.6445395822430837e-06 0.0 0.0 0.0 0.0 0.0 4.351646851485302e-06 4.546807824665387e-06 0.0 0.00044309367830794826 0.0002620437457960627 0.00042488082281408893 0.004437607115271458 0.00044880032586057275 0.007601509584229459 0.0011702233765209984 0.021332857833080806 0.002141379244788825 5.16273167075039e-05 0.0008049623797193216 0.00014236401422934646 0.0 7.826851203692099e-05 6.938940062272335e-06 0.0008927968737587339 0.0 0.0 0.0 0.00021761569310417285 0.0 0.004629705381099161 0.0005463853429009287
0.024518831173304306 0.013802382677109745 1.5041615740933485e-05 0.0 0.0002582919541706524 0.011166816256485017 0.024573648702692213 7.664508901100144e-06 0.000185854983759126 0.042228214657689306 7.626824398638961e-05 0.008594152896596782 0.051874450530428086 0.006269750419274472 0.0 3.20165692359203e-06 0.0 0.0 0.0 0.0 0.0 0.0 0.0 0.0 0.0 0.0 0.0 0.0 0.0 0.0 0.004436590312979387 0.0 0.0003364674853962296 0.0 3.672466283182663e-06 0.0 3.494536190154561e-05 0.0 0.0 0.0 0.0 0.0 0.0 3.018703370114446e-06 0.0 0.0 3.707749210066227e-05 0.0 3.229095341618151e-06 0.0 5.539505654693496e-06 0.0 1.3293102694073398e-05 0.0 6.932611806409638e-05 3.143541419865256e-05 0.0011345589576527847 0.004263272991382179 0.0008146954222899049 7.873618887373397e-06 0.0 4.144357140493521e-06 0.0 7.46900611562905e-05 1.7031112883686993e-05 1.7842200615695153e-06 3.524418550930268e-05 0.0 0.0 0.0 8.810901856093066e-05 0.0 0.0 2.870838932622575e-05 3.3973854277373696e-05 1.2418523972083299e-05 3.011747210066437e-06 2.3894693473650657e-06 0.0 6.450108956043649e-06 0.0 2.2019371887436953e-05 6.740911493536867e-05 0.0 4.8455289189974225e-06 3.987046809613277e-05 0.0 0.0 4.603449139946727e-06 0.0 0.0 0.0 3.4120122020985808e-06 0.0 0.0 0.0007244542935786086 0.0 0.0 0.0 0.007930447830782571 0.0 0.0001225891431425565 8.420030990061048e-05 1.3340741552728356e-05 0.0 0.00018331626299789057 8.94665641294755e-06 2.9667047403245008e-05 0.00010841083437533803 3.873511526959886e-05 1.4822158140323763e-05 4.256916919012273e-05 0.0001293910295645638 5.5738493543334254e-05 7.696996199878928e-05 0.0 0.0 0.0 0.0 0.0 0.0 0.0 0.0 0.0 0.0 0.0 0.0 0.0 0.0 0.0 0.0 0.0 0.0 0.0 1.5759315444985138e-05 0.0 0.0 0.0 0.0 3.9694724527456676e-05 0.0 1.15866479549352e-05 1.3082521205130788e-05 0.0 0.0 0.0 0.0 0.0 0.0 0.0 0.0 0.0 0.0 0.0 0.0 0.0 1.7927965389784267e-05 0.0 0.0 0.0 0.0 0.0 0.0 1.0164591936332867e-05 0.0 0.0 2.8450313670086043e-05 0.0 0.0 0.0 0.0 0.0 0.0 0.0 0.0 0.0 1.9708069404941126e-05 0.0 0.0 0.0 0.0 0.0 0.0 0.0 0.0 3.0940042092833353e-06 3.141675599873915e-06 0.0 0.0 0.0 0.0 0.0 0.0 0.0 0.0 0.0 0.0 0.00015489644915228388 8.079064113271155e-06 3.395102026307284e-05 0.0030823712487135385 0.0 0.00041751596538285165 1.910729685393747e-05 0.01412390617472556 0.0002301403012595061 2.0703634017226223e-05 0.0 8.873973146277668e-05 0.0 3.5287538096300456e-06 0.0 0.0007088499349302729 1.6849042988367664e-05 0.0 0.0 0.0 0.0 0.004530760514018727 4.6455809849742485e-05
0.0013432346232933102 0.05350666665105436 0.05342401190353112 0.0002582919541706524 0.0 0.0002289718133325684 0.0472884005057556 0.009938347204047057 0.08541055165829277 0.0030160436986428 0.01812337059117513 0.0005096157379565989 0.024382779505118884 0.04506033132610254 0.0 0.0 0.0 0.0 0.0 0.0 2.6414447738140903e-05 0.0 1.643672642730134e-05 0.0 7.827803973299631e-05 2.5701042817008667e-05 2.2339613235460388e-05 0.0 5.431622001469725e-06 0.0 0.002730148411472573 0.0001401084994771002 0.0007194284503539803 0.0 5.614374348708281e-05 7.81439298546266e-05 0.00020178062326431173 0.0 0.0 4.4298744300250896e-05 9.221446561503025e-05 9.27519340455426e-06 0.0 0.0 0.0 0.0 3.594663000521815e-05 6.771584815368227e-06 3.170977038631799e-06 0.0 0.0 0.0 0.0 0.0 5.5605452301221874e-05 2.4204058752522955e-05 0.00041102238373644343 0.00047755418367358566 0.00045261527313223353 4.0855681500437325e-06 0.0 2.3473422686443904e-05 0.0 0.00013848450846628145 8.335444704253708e-06 1.231079843919778e-05 2.971541066488499e-05 1.0793379212384948e-05 1.2361580223284182e-05 2.9588336385010747e-05 0.00011307597673754533 2.807786310473127e-05 4.368864945830031e-06 7.246055039067651e-05 5.4595126323148897e-05 9.264164529875286e-05 0.00012254147250852256 0.0 1.2895590433384414e-05 0.0006938431321432367 0.0 0.0001970382865907989 9.980113107922575e-05 2.8300209806018934e-06 2.6468648590833206e-06 2.7645681257628652e-05 4.4611451857229895e-06 0.0 2.7830516745754076e-06 0.0 2.4588631814097133e-06 0.0 6.893194410959173e-05 6.443554338433562e-06 0.0 0.0007976253883497526 2.0760113240246943e-05 0.0 3.852838314085249e-05 0.00013351296028564757 1.1195713575973055e-05 0.0003788671840070762 0.00013500268708054158 1.842785262564497e-05 0.0 0.0005370485684336361 5.3691165399979335e-05 0.0001481861859007257 0.00029604708157267534 9.397704853490712e-05 0.00010335389780754456 0.0004551069171563991 0.0005510154623647706 0.00017443517526860398 0.0006079858393097483 1.3158766983545961e-05 0.0 0.0 0.0 0.0 0.0 0.0 0.0 0.0 0.0 0.0 0.0 3.2112368220756792e-06 0.0 0.0 0.0 0.0 1.0527867739285975e-05 0.0 6.45619696734457e-05 0.0 0.0 0.0 0.0 0.00021699466620787958 3.3152664622798654e-05 0.00025373698574776435 8.340194896443977e-05 3.674826361628447e-06 0.0 0.0 0.0 0.0 0.0 0.0 0.0 1.2767879889373962e-05 5.977746196527129e-06 0.0 0.0 0.0 3.3159160796408115e-05 0.0 0.0 0.0 0.0 4.738237838763767e-06 7.425445324243305e-06 6.815003979350524e-06 0.0 0.0 0.000552126183220143 0.0 0.0 0.0 0.0 0.0 0.0 0.0 0.0 0.0 0.00035757153042091975 2.00151856300549e-05 0.0 0.0 0.0 0.0003743712190584461 0.0 0.00012795386851431877 0.0 1.0032026568348512e-05 3.812405808759923e-05 2.4436696326398906e-06 2.7251890877341663e-06 0.0 0.0 0.0 0.0 0.0 0.0 0.0 0.0 0.0006647097350182693 0.00026261353016527456 0.00032829120148474765 0.0022104202597781515 3.704294734609465e-05 0.0017315267450154635 0.0001951490954299395 0.007560074106467485 0.00038336693249547466 1.6571325419540315e-05 0.000437143869478553 0.00019045536260307896 0.0 2.433871013630941e-05 1.1337679160238502e-05 0.001535406529318353 1.3228624397673205e-05 0.0 0.0 1.3939831521759444e-05 0.0 0.0033567913001622354 0.00038746514497668173
0.0027030755131964086 0.0038450402782326714 9.822288110472463e-05 0.011166816256485017 0.0002289718133325684 0.0 0.0027867149297814693 5.8366770183993564e-05 0.0001435111451296883 0.0167964629671165 0.00023736774757746474 0.0028669940130355547 0.004267482426201073 0.0008547356072245008 4.228039114146268e-06 0.0 5.443824125275731e-06 0.0 0.0 0.0 0.0 0.0 0.0 0.0 3.702602960473692e-06 0.0 0.0 0.0 0.0 0.0 0.0003300155007471303 1.8951820302874765e-05 0.0018377602912713995 0.0 0.0 0.0 0.001119259069172706 3.271187316110621e-05 9.366058164797231e-05 0.0 0.0 0.0 0.0 2.0907496904906523e-05 0.0 0.0 0.0 0.0 0.0 0.0 0.0 0.0 1.4274759525602335e-05 0.0 3.4050881957078712e-06 9.64155255410323e-06 0.0004289444636829676 7.452670563521527e-05 7.646027924580187e-06 0.0 9.69790921494789e-06 0.00014949183697950238 0.0 3.664327360307849e-05 6.701630940269084e-06 0.0 2.3008879128965145e-06 0.0 0.0 0.0 0.006087561793549341 0.004888067913493282 0.00010301112393304226 0.0 2.4113212376606394e-05 6.465650899147269e-06 4.9869126733770796e-05 2.0083687294679066e-05 0.0 0.0005120253356825725 0.0 0.0002361730988675307 5.9347087153708925e-06 1.450141387127233e-05 3.91444033344259e-06 0.0 0.0 3.387294361758321e-06 3.183586189911382e-06 1.0516358999642673e-05 0.0 0.0 0.0 0.0 0.0 0.008349503794825228 0.005398798669357843 0.0006303309292587427 0.001197478429615966 0.0037261852567677264 0.0 0.0005010440283676474 0.00023690616745235404 5.482543786362797e-05 0.0 0.0001578123606845167 8.422269225059582e-06 0.00010640504270476093 0.0002099287761301615 7.551292355760172e-05 1.8181366471570122e-05 0.0002457565841862209 0.00019926431549360568 7.170531393967592e-05 0.00022306811095634894 1.7492807248850693e-05 4.458760140908008e-06 0.0 0.0 0.0 0.0 7.21755415072086e-06 7.39610870560155e-06 5.6782836766856e-06 0.0 1.1805385881038894e-05 0.0 1.0005248435131996e-05 5.320296582940783e-06 2.1648928088575982e-05 1.9766261093921782e-05 6.487319456854488e-05 6.0052226693523586e-05 4.107152067976591e-05 5.958009109013892e-05 0.0 0.0 0.0 0.0 7.363607977942362e-05 3.720204515552592e-05 0.00017044577719442982 0.00024331630317078208 7.653993104222085e-05 1.241628834720518e-05 0.0 0.0 0.0 0.0 0.0 0.0 7.4237385324581815e-06 6.552628622673217e-06 0.0 0.0 0.0 0.0003962132945446985 2.0383475890433446e-05 0.0 0.0 0.0 0.0 1.6415389260317384e-05 0.0 0.0 0.0 0.00018971812766082623 5.1816012147618545e-06 0.0 0.0 0.0 0.0 0.0 0.0 0.0 0.0 0.00011032269121664537 0.0013331251389428055 0.0 0.0 0.0 8.4611935347184e-05 0.0 1.5249337256628883e-05 3.5236820430389484e-05 0.0 2.9203208578278586e-05 2.5968093693735634e-06 2.1834165875695955e-05 0.0 0.0 0.0 0.0 0.0 1.578470548590212e-05 0.0 0.0 0.0002393596708082311 0.0007692079005375429 0.000379278166758782 0.0025657362058436146 1.2037303402130497e-05 0.00023140201720267043 0.00015179987529836484 0.0012150729112685376 2.0403093025891038e-05 0.0 0.00011766536394832001 0.0004130661554961618 1.8728695861358774e-05 3.6397087045433995e-05 1.1524435167400497e-05 0.0027057284577446704 1.5917444861914213e-05 0.0 3.549112370597133e-05 1.2163218637228673e-05 4.890880706922582e-06 0.004402115844982637 0.0005583008595975582
0.011243367153626628 0.07534964373115342 0.004496353725687809 0.024573648702692213 0.0472884005057556 0.0027867149297814693 0.0 0.0004130409056073628 0.015554289668086196 0.06724917167275475 0.0028385390244128356 0.0034448351805202323 0.07198458903960671 0.033362271492021346 0.0 2.906755494608017e-06 0.0 0.0 0.0 1.6902915873755517e-05 3.4413068318466864e-06 0.0 8.390799116686424e-06 1.088035542279761e-05 0.00015640101486002166 2.3369559942635017e-05 6.53452626492492e-05 5.484720929412461e-06 3.780699654714353e-06 0.0 0.0019625922465801773 0.0001118759125951654 0.001518116872659104 0.0 4.2104484156551875e-05 0.00020942926868573527 0.0003755937623900616 2.4117826615568035e-06 1.1311864691045171e-05 4.9205144253577834e-05 6.119593341850221e-05 1.582054225007571e-05 1.5039182465632553e-05 0.0 0.0 0.0 6.516927963039582e-05 1.7576884712488225e-05 0.0 7.969194120582916e-06 0.0 0.0 0.0 0.0 0.00010048740625744197 4.7663910704194864e-05 0.0009390042871488796 0.0014953771767617621 0.001000444348156124 1.2674675326403222e-05 0.0 3.879582818359012e-05 0.0 0.0002865729020445571 3.105485448092684e-05 3.296170915885418e-05 6.760884721292096e-05 5.497707224178253e-06 1.9058414972719144e-05 0.00010451741610303787 0.0005404495417177663 8.699470443978531e-06 0.0 0.00013981477808733912 0.00019362305524018718 0.0001414306818859296 0.0003695892976391536 0.0 2.4821024074481803e-05 0.00112961501622403 0.0 0.000204935920666531 0.00010581826342541402 0.0 2.2088726569675357e-06 6.0782491479430404e-05 0.0 0.0 2.28923183384712e-06 2.0631710068630428e-06 2.7006163171300766e-06 0.0 0.0001112301476206417 0.0 0.0 0.0044842822425696935 0.00012254870367691006 0.0 2.4502896923995392e-05 0.0007501292976073795 9.1998015516213e-05 0.0023452986850781366 0.0051193713642269205 0.003524522783062857 1.8195531103306358e-05 0.003668778261527497 0.0007621890329139554 0.0013712667141537625 0.002054798707069375 0.0008384428966499658 0.0004387214725971249 0.004846348145009232 0.0027245523679617196 0.0008680419137233746 0.0026835158985511936 1.7029729709005632e-05 8.99849907858568e-06 0.0 0.0 0.0 0.0 0.0 4.619567390072651e-06 0.0 0.0 0.0 0.0 0.0 0.0 0.0 0.0 0.0 0.0 0.0 0.00034815305142989834 0.0 0.0 0.0 0.0 0.0006319369212196224 0.0001094757404301203 0.0009085661591071519 0.00016809139713327571 1.77579217188516e-05 6.862154858971174e-06 0.0 0.0 0.0 5.59768069942802e-06 0.0 0.0 2.9810753256926998e-05 3.0459041158713757e-05 5.533122397162899e-06 0.0 0.0 6.991628936514922e-06 0.0 0.0 1.003699865860198e-05 0.0 2.7746232742153175e-05 9.879331062761303e-05 5.451980032847165e-05 0.0 0.0 0.001802066658157581 2.1140790602530543e-05 0.0 0.0 0.0 0.0 0.0 0.0 0.0 0.0 0.001310657265146656 3.0575315214240246e-05 0.0 0.0 3.4026831021418674e-06 0.0014113649146887805 0.0 0.00043154405642422853 0.00019999412899347535 0.00010596025530002279 0.00010968161575846922 3.766608635939415e-05 6.367988817923351e-05 0.0 0.0 0.0 0.0 0.0 0.0 0.0 0.0 0.0020357607030491703 0.0011279450390525411 0.0009267971594772429 0.006433979973405197 5.032865621210245e-05 0.002995754229076239 0.0004730451136507969 0.01797982221154287 0.0006735805069085984 0.0 0.0009651532708878512 0.0009197799001039377 0.0 5.562437340456851e-05 4.155268200389368e-06 0.006257324873511053 2.9852137094402228e-05 4.4387291689670544e-06 5.015774609467513e-05 0.00014405501213800328 0.0 0.01810633955791903 0.0023892042351647347
0.002271376874092791 0.005076024405821426 0.09263201819132386 7.664508901100144e-06 0.009938347204047057 5.8366770183993564e-05 0.0004130409056073628 0.0 0.0023092856466113846 3.698641894689218e-05 0.06485919876166683 0.000279507865551871 0.0005709652920927202 0.03839971316424015 4.0443878641331166e-05 1.5861521708025616e-05 0.00013615586192275994 7.611199082993355e-05 6.637059587401883e-06 0.0003814936783894252 0.000160109455789826 2.9385448320564114e-05 1.173394158935434e-05 9.800478625176692e-06 0.00070642401014454 0.0003063775693581491 0.0003452082055780185 0.0001274494468562222 4.956457637050952e-05 1.9444519683215744e-05 0.07359289753701721 0.05591069563934872 0.0031696426890899083 1.1770252525403517e-05 0.0004542483089668505 0.0015034251730656548 0.0009071098965148011 0.00037767861006870193 0.00036491889210152453 0.0004945960122364157 0.0006943099296720923 0.00042615154253785367 0.00023484755526667858 0.0015340469813335152 5.7660358494184825e-05 0.0010830843895422305 0.0002339804628618036 0.00015383524946849245 0.00014533993696928474 0.00028197047104071206 7.673313612734133e-05 4.402256027173759e-05 3.0298421913874735e-05 2.009455409601134e-05 0.00019591801155986857 5.6601086327578904e-05 0.0011915018356552052 0.0020403348325929997 0.0018296743135543913 2.5574470890744928e-05 0.003629262277100436 0.0012255561219280352 0.0003827434855636217 0.013216869685956069 8.425900621287157e-05 0.0002941299167299653 0.000127523283569149 0.00035606834713130674 0.0005727573644556804 0.0017490391383809495 0.0011051952529592607 3.5483614881296094e-06 1.0885312381918233e-05 0.0003835143044335064 0.0010583151351256708 0.0006740260015046579 0.00999966541536546 0.013533819543709342 0.0319244426763238 0.03792553009161434 0.004168673594435665 0.01566233641789953 0.00020897840650943746 2.8642449551531717e-06 7.163879747968126e-05 9.992249316731116e-05 0.00017846069457224927 0.0 4.402719342461528e-06 0.0 3.6150894435336395e-05 5.428170211789044e-06 0.0011498458458417994 6.59404338440121e-05 1.1333043170273395e-05 0.0004393798559907471 0.00015300366094286841 3.395934692547846e-05 0.0005158095022581006 0.0023159106094254927 0.0 2.2112754808636124e-05 3.448604274596054e-05 6.509254852089458e-06 0.0 4.287526784655258e-05 5.360354365761158e-06 4.587232159178979e-05 1.2157736627798268e-05 1.0145281962872068e-05 0.0 3.285020046447863e-05 7.905338564868947e-05 0.0 8.809047800557512e-05 3.0461939905488877e-06 0.0 0.0 0.0 0.0 0.0 0.0 0.0 0.0 3.5443377416273178e-06 5.741337376928266e-06 0.0 0.0 0.0 0.0 0.0 0.0 0.0 3.3192772716635766e-06 1.200970421581788e-05 0.0 0.0 0.0 0.0 1.2467402448796732e-05 1.2191170757214941e-05 2.4808262098760468e-05 5.2914507804207485e-05 2.9056743373382803e-05 0.0 0.0 0.0 0.0 0.0 0.0 0.0 0.0 3.1805781207014347e-06 0.0 0.0 0.0 8.941867674196354e-05 6.421896391433254e-06 0.0 0.0 0.0 0.0 0.0 0.0 0.0 0.0 0.00016094203464809482 3.062704515293867e-06 0.0 0.0 0.0 0.0 0.0 0.0 0.0 0.0 0.00010174138792205163 4.368858666409901e-05 0.0 0.0 1.136706854870606e-05 3.785292899229169e-05 0.0 3.602109692982803e-05 0.0 1.0707347373801086e-05 0.0 0.0 0.0 0.0 0.0 0.0 0.0 1.3132444864845618e-05 0.0 0.0 0.0 6.735568142025087e-05 6.0792100505344786e-05 0.00014755211464394433 0.004272628214483196 0.0004338983432397763 0.00555473581607633 0.0010186355702910743 0.01133861339174949 0.001347873122756801 4.7879400543493806e-05 0.0008073420423903496 5.997461986970883e-05 0.0 8.307427709535356e-06 6.571957963984064e-05 3.1864510051211063e-05 0.0 0.0 0.0 0.00017215776519971093 0.0 0.0019482951962479433 0.00017179424502896236
0.0004749978962345326 0.023068402121401512 0.018875846179550904 0.000185854983759126 0.08541055165829277 0.0001435111451296883 0.015554289668086196 0.0023092856466113846 0.0 0.003995148397174345 0.022731505505540258 0.0018024119006764072 0.03758080102130174 0.04213439640944793 0.0 0.0 0.0 0.0 0.0 4.130912372402471e-06 3.255663795161241e-05 2.1668873191338032e-05 8.722551852301407e-06 3.6221575361368813e-06 0.0001598012459620857 4.1001373126166326e-05 9.491504069982331e-05 1.757623918053315e-05 4.101404015402905e-06 3.640746511117534e-06 0.0008133479780765095 4.91747575343165e-05 0.0020815233203341763 0.0 0.00010616500298069631 0.0002209534008522005 0.0008798433821541196 3.235128843012991e-05 4.086511235726244e-05 6.06048203935688e-05 0.00011159098995915471 3.7346314076488976e-05 3.3382921880338643e-06 0.0 0.0 2.994660756577476e-06 1.8810705466553628e-05 0.0 8.15698793431904e-06 1.7034354918038586e-05 0.0 0.0 1.6023703620609394e-05 0.0 1.4263786995479297e-05 6.9029726029387795e-06 0.0001116858267930813 0.00010222484520644977 0.00015527516211524565 4.791827771967382e-06 0.0 3.1264918863404416e-05 2.9464102218771865e-06 9.001496593830468e-05 8.466830222154333e-06 0.0 1.8584678306340133e-05 1.3194501045155355e-05 6.37444854441657e-05 6.315216760277939e-05 0.0005386810591691926 2.0625020783938003e-05 3.043879305501643e-06 3.6503666016728055e-05 4.872027466706761e-05 5.0174837087503945e-05 0.00015137919046427758 9.549029459528082e-06 4.8566873729153165e-06 0.0005884916210424188 0.0 9.525301006136844e-05 2.294520524141492e-05 0.0 0.0 6.614742301287773e-06 0.0 0.0 2.7562654083749854e-06 0.0 6.141427226097707e-06 0.0 0.00010284378741091505 2.587673191360648e-06 1.3361232132829533e-05 0.0009686921251069346 7.485081317682025e-05 1.2196084592606952e-05 4.0653947563148583e-05 7.907349624821706e-05 0.0 0.00034826131184833003 7.209474163608487e-05 6.114695015869383e-05 0.0 0.00026090626118205 4.9228752225323775e-05 0.00010512124665598986 0.00029802860706722764 4.6894956557294496e-05 0.00010872179352991657 0.0002486692790287496 0.00033793888782182867 0.00015388806336372022 0.0005232441911913999 0.0 1.1173893347572964e-05 0.0 0.0 0.0 0.0 0.0 0.0 0.0 0.0 0.0 0.0 0.0 0.0 0.0 4.764367413798635e-06 1.0904322191531185e-05 1.2656982681904586e-05 0.0 4.422668492801613e-05 0.0 0.0 0.0 0.0 8.730552987297734e-05 2.1436014135505032e-05 0.00015550827367185802 3.264388482016386e-05 1.1232207220451358e-05 0.0 0.0 0.0 0.0 0.0 0.0 0.0 5.8180614882805605e-06 0.0 0.0 0.0 0.0 4.5638992903421034e-05 6.355520650974066e-06 0.0 0.0 0.0 2.782391900441536e-05 0.0 1.3036499108020514e-05 0.0 0.0 0.00039267725074440215 1.5419589358916517e-05 0.0 0.0 0.0 0.0 0.0 0.0 0.0 0.0 0.000411725328883717 5.136644689854485e-05 0.0 0.0 0.0 0.0003078932551245552 0.0 6.340075774087658e-05 2.3122557438651768e-06 3.2023991056581685e-05 1.2630229893335589e-05 2.7528955159508354e-06 0.0 0.0 0.0 0.0 0.0 0.0 0.0 0.0 0.0 0.0004334405856171011 0.0003711231231750339 0.0002298625691269634 0.0020953562659117844 9.079531590876946e-06 0.0008680201634764641 0.00019194840444004057 0.0036398826938463615 0.00022642161390481623 3.6953464474386733e-06 0.00036532421864663334 0.00017673045104432762 0.0 2.209657584483965e-05 6.993740107825375e-06 0.001000843639648897 6.916446498460561e-06 0.0 2.411992530369389e-05 9.920152873220864e-05 0.0 0.0020607685869682133 0.0005477388927155671
0.03183267692577733 0.03762851347135615 0.0002398563547832681 0.042228214657689306 0.0030160436986428 0.0167964629671165 0.06724917167275475 3.698641894689218e-05 0.003995148397174345 0.0 0.00041166426889936594 0.024025630468837263 0.15591007763249812 0.009870278242159242 0.0 0.0 0.0 0.0 0.0 0.0 0.0 0.0 0.0 0.0 1.7465271235017712e-05 0.0 9.191275006950782e-06 0.0 2.7089258056999063e-05 0.0 0.002236208057323616 0.0 0.0009387726011341207 0.0 0.0 2.2571561018817686e-05 0.0005639222362184421 0.0 3.73218549785204e-05 7.28606338091145e-06 0.0 5.792641374237047e-06 0.0 4.831686202112499e-06 0.0 0.0 3.183747866065852e-05 2.9362504227271817e-06 6.314188826767988e-06 0.0 2.0557909859561622e-06 5.8841949414750385e-05 0.0 0.0 6.158361327992817e-05 8.65873858810375e-05 0.0011585095538532949 0.0024311871890884875 0.0006351255458876327 4.771779399223655e-06 0.0 9.808855220320697e-06 0.0 9.866435006289027e-05 2.0271421151301285e-05 1.639510522017957e-05 4.427285984956815e-05 0.0 0.0 0.0 0.00121512358127138 4.4618634605992286e-05 0.0 3.365599419138202e-05 4.325174821086278e-05 2.2658309505681005e-05 7.618340542676987e-05 0.0 0.0 0.00014825246328882137 0.0 0.0002316766803631935 6.822043417370939e-05 0.0 1.1440007796315884e-05 4.3570769422161283e-05 0.0 0.0 4.973072074850756e-06 0.0 0.0 0.0 1.862852624879948e-05 0.0 0.0 0.008563088453138691 0.0007581706171097642 3.078361265867962e-05 1.2358520329944232e-05 0.007810495129039956 1.3710542656721656e-05 0.0020436913786014217 0.0012364449205229614 0.0031736385037101056 5.706579651665814e-06 0.0017499146888999466 0.00022327764310122863 0.001069544767594729 0.003059146762668136 0.0008733240556417289 0.00025188782551196446 0.0020783137935192516 0.0021559102856073507 0.0009090684489777695 0.0012153289534895617 4.775296631053901e-06 0.0 0.0 0.0 0.0 0.0 0.0 0.0 0.0 4.390531971510049e-06 0.0 0.0 0.0 0.0 0.0 0.0 7.153343675372053e-06 3.4108887154847045e-06 6.529705523827751e-06 3.214902792941808e-05 0.0 0.0 0.0 0.0 0.0002852568305328673 4.482528124383809e-05 0.00042093567365739446 0.00011698740748866469 1.4671728200343796e-05 0.0 0.0 0.0 0.0 0.0 0.0 0.0 4.089125630687353e-05 0.0 0.0 0.0 0.0 3.658118148632824e-05 0.0 0.0 0.0 0.0 1.5906844368520046e-05 3.545236587660166e-05 7.208243775541044e-05 0.0 0.0 0.0006557302453710183 1.9997567695524695e-05 0.0 0.0 0.0 0.0 0.0 0.0 0.0 0.0 0.0006378686702854085 4.755454646962203e-05 0.0 0.0 1.3820596681813144e-05 0.0006647526896564733 0.0 9.933686120611238e-05 4.850154563050445e-05 3.3340352707744e-05 4.9904534341189035e-05 1.2811719887988564e-05 2.1235087444153663e-05 0.0 0.0 0.0 0.0 0.0 0.0 0.0 0.0 0.001223752143444055 0.00035895331644256374 0.00024869874596427304 0.012656131795699547 1.4722088771519579e-05 0.000659484652034463 0.00014411613094463316 0.022172226482889745 0.00030930747889051783 0.0 0.00014066805179600253 0.0011009229403395437 0.0 5.3852176919437405e-05 3.000039496026205e-06 0.008889494130114346 0.0 1.1189929700442353e-05 2.3106710224942963e-05 2.8350085424386956e-05 0.0 0.028680166868502437 0.0011794785493562656
0.0026543810728581474 0.01514202093993531 0.04081222747659464 7.626824398638961e-05 0.01812337059117513 0.00023736774757746474 0.0028385390244128356 0.06485919876166683 0.022731505505540258 0.00041166426889936594 0.0 0.00563607039703593 0.03406980842441195 0.08746694567984999 4.232439058438965e-05 1.762926850526479e-05 8.527867131527677e-06 0.0 0.0 8.709510480212053e-05 6.738567435177984e-05 0.00018116253159352176 3.0578470811995446e-05 2.4892405571965045e-05 0.0010743089449236714 0.0002802318668053359 0.00040701320170607205 6.767477091078633e-05 0.00012215447108926563 3.117460113144169e-05 0.022513539863000108 0.002092297124967415 0.010914221429547339 1.2027491240757648e-05 0.0004579526974010003 0.001326819708772286 0.005076153401187756 0.00034651618987748006 0.00021060711086813802 0.0006075546549825786 0.0003877397538542658 0.00023150769454758597 7.89064330321769e-06 2.4951455196178116e-05 0.0 1.33031329328984e-05 0.0001423761287817211 1.4092937213444212e-05 1.9181805389162667e-05 6.333389685847049e-05 8.412866928247722e-06 0.0 6.589286212975917e-05 1.5475498516507233e-05 4.91501282111034e-05 3.833180665019458e-05 0.00043607735876713215 0.0005845186998262191 0.0006354846091832015 2.3210774212818712e-05 6.406884113634937e-05 0.0010703249348567648 2.188950023937765e-05 0.0002950950359898493 2.684982773930985e-05 5.751762160042251e-05 5.5356568240869116e-05 7.050795600040566e-05 0.00018958039425441805 0.00040181197333147696 0.00351568768849239 0.00012945152648163364 3.25147375750896e-05 0.00014569037135806905 0.00017844166792925105 0.00018420723403265028 0.0005717887589827886 7.003470485425188e-05 0.002851595756493421 0.007694601689594657 1.6071776742777058e-05 0.0018414968031005828 9.524155144360267e-05 2.1644721822783726e-05 2.7017201332712517e-06 3.27540672707454e-05 2.2590579907110347e-05 1.1459425579098217e-05 7.619089590494655e-06 2.2246465981655308e-05 2.7523027538215627e-06 0.0 0.0004967715387136762 1.3412959423579704e-05 9.500481219789025e-06 0.002345416817236777 0.0004220930594938843 0.00015062897111865067 0.0004802415226107818 0.000760497580693035 1.7778870772278036e-05 0.0002738950327251493 8.534888582413919e-05 2.8579613739602046e-06 0.0 0.00027144051936615454 2.454748912905164e-05 5.788323175889554e-05 0.00029613843994829946 9.571627484898246e-05 9.436528768083092e-05 0.00025873018468811033 0.0003567346599950974 0.0001577403440577322 0.0004667437446763335 0.0 0.0 0.0 0.0 0.0 0.0 0.0 0.0 0.0 0.0 3.324927236668582e-06 0.0 0.0 2.9756974751980283e-06 3.072746348349412e-05 4.825774090230923e-06 4.565921566247082e-05 5.097609468991901e-05 1.9583191030721276e-05 4.690214233228345e-05 0.0 0.0 0.0 0.0 0.00020392653716889522 9.5302309183575e-06 0.0002700874030584723 0.00019938044807304005 0.00010472292393399777 2.9290506514403393e-06 0.0 0.0 0.0 0.0 0.0 0.0 1.4123767464037108e-05 6.163890905922111e-05 0.0 0.0 8.844808379477219e-06 0.00026301320220603814 3.6075645420297505e-05 0.0 0.0 0.0 0.0 1.542387184779049e-05 3.703711694233044e-06 0.0 0.0 0.00039479820924985965 1.1884668477816426e-05 0.0 0.0 3.897100433478444e-06 0.0 0.0 0.0 0.0 0.0 0.0002860954289340609 0.0001040180890973708 5.713151102661192e-06 0.0 9.236057107724261e-06 0.0002760147073539848 0.0 0.00015849764080160905 1.107692037596672e-05 1.4841712481580042e-05 3.463132185918027e-05 4.184969101054412e-06 2.0881888597398227e-05 0.0 0.0 1.0146875649439157e-05 0.0 0.0 0.0 0.0 0.0 0.0005295308190379657 0.0006208392498189305 0.0003744819439601403 0.004404488934311278 9.993683256363177e-05 0.0023467905018607553 0.0005290830895735845 0.007795511898477366 0.0005947324473281356 1.0845997537720636e-05 0.0007777786231983544 0.00012715460859971783 0.0 2.827794018297329e-05 3.25002964219006e-06 0.0005512536135343166 1.0895791826249624e-05 0.0 1.3938370232604761e-05 0.00023874046021529692 0.0 0.0018973684313207749 0.000575810215009847
0.0009061134637537687 0.002204293779463358 0.000541350902166617 0.008594152896596782 0.0005096157379565989 0.0028669940130355547 0.0034448351805202323 0.000279507865551871 0.0018024119006764072 0.024025630468837263 0.00563607039703593 0.0 0.030556535706521663 0.01286204970589339 4.299337768677172e-06 0.0 0.0 0.0 0.0 0.0 0.0 3.1885339568688e-05 0.0 0.0 0.00020908177957195957 9.449542488027168e-05 6.262582282457935e-05 4.859126511530224e-06 7.370341445542698e-05 4.399096192701354e-06 0.0003957679348048606 1.1211908427459016e-05 0.0052146305058015955 0.0 2.5325831576465977e-05 0.0001499054862150942 0.005493408163309307 2.155054621936254e-05 0.00018413790393850276 0.0001972805539958969 7.942052461899753e-06 0.0 0.0 0.0 0.0 0.0 6.432746926797714e-06 0.0 0.0 0.0 5.614749184696726e-06 5.0413307713092345e-05 8.745234176995446e-05 0.0 6.65641608909619e-06 4.988772516570949e-06 5.445431505518049e-05 6.0812599218429866e-05 6.974820460850275e-05 3.2348686253558586e-06 2.650677601938064e-05 0.0006491075908112257 0.0 7.32996019692989e-05 5.74004631301811e-06 0.0 0.0 5.1895717281280834e-06 0.0 3.591886948320157e-06 0.0019067698335044044 0.0001608445398415445 4.9986582152494314e-05 1.6350252381360034e-05 0.0 2.1640689754158364e-05 5.1172987042975095e-05 3.8963571165773436e-05 8.147462507913639e-05 0.0014919699577242709 0.0 0.0008679889418969481 1.590368574453827e-05 4.562474599614995e-06 0.0 2.706120077563951e-06 0.0 1.734064668555137e-05 2.8185470425641425e-06 2.8999352499608056e-05 0.0 0.0 5.4151460891911345e-06 0.0 0.0 0.022490051996890807 0.001354725398120858 0.0002116726407038719 0.0004205325592839081 0.0001286310141343927 1.2733268557821804e-05 0.0006830351839195902 0.00024001156578294934 4.7702802254951075e-05 0.0 0.0004995026382110395 0.00014075788987105405 0.00024234160741691934 0.0008977564865017783 0.00016346014113221804 0.00030046311971654695 0.0007710677386246536 0.0010866258849005523 0.000231478526073658 0.0005745578202227947 7.371954689098994e-06 0.0 0.0 0.0 0.0 0.0 0.0 6.417575696448841e-06 0.0 8.879414793411205e-06 2.3403533496937683e-05 3.040801065663117e-06 1.7913484706510693e-05 1.3172700487227964e-05 3.3134943229147604e-05 0.0 7.097340042770628e-05 2.7249559926326617e-05 4.613255891939582e-05 4.241357877728538e-05 0.0 0.0 0.0 3.5373414840772622e-06 0.00022325523502831742 1.949957033815656e-05 0.0002731878822577793 0.00010020997618013868 5.521209448219514e-05 0.0 0.0 0.0 1.5249028581518807e-05 0.0 0.0 0.0 2.0945046891596695e-05 1.7915639568967242e-05 0.0 0.0 5.332780902374381e-06 0.00026871368382202755 2.3234953384829624e-05 3.4784511150374025e-06 0.0 0.0 9.163668255071742e-06 5.154555449633112e-06 3.3764867231554815e-05 0.0 0.0 0.0007527474520875819 0.0 0.0 0.0 0.0 0.0 0.0 0.0 0.0 0.0 0.0006516279561843439 0.0001260487151431409 0.0 0.0 0.0 0.0005576289779094626 0.0 0.00019472659807527633 4.708965413953114e-05 1.0793840711936777e-05 8.014965967669819e-05 2.4666551474083487e-06 1.0739689981122025e-05 0.0 0.0 6.100929883868132e-06 0.0 0.0 0.0 0.0 0.0 0.001052698396386144 0.00040227476016443226 0.0004589769994390664 0.002421416268753049 5.712850220084532e-05 0.0005033512429854656 0.00022108765409805392 0.002524513420363613 0.0001075117857744472 0.0 0.0004251219472512396 0.0002451948805985061 0.0 9.093497796719816e-05 2.4251093689838164e-05 0.0017883665586304717 3.703223507145658e-05 0.0 0.0 9.611941759334291e-05 0.0 0.014559000073786684 0.001387705642350032
