0.0 0.03807093107542368 0.021611915663219336 0.03950291432085776 0.0008607023380665892 0.012200652405277146 0.010925023193671373 0.00043886058615230677 0.0003568937768343287 0.050012232009433034 0.0013336219534349804 0.0035198429525342993 0.0064914120729915445 0.0007087996870489341 4.155967969328814e-05 7.239338407681634e-06 2.7422547180350166e-06 6.531798076687247e-06 0.0 0.0 2.9041103873365228e-06 2.9388192002237072e-06 0.0 0.0 0.0 0.0 0.0 0.0 0.0 0.0 0.014463749636567444 0.0001487350151030465 1.2786775333786146e-05 0.0 0.0 0.0 1.609348047979964e-05 5.742911095411721e-06 4.697480579015241e-06 0.0 0.0 0.0 0.0 0.0 0.0 0.0 0.001777199077056725 1.8222849485078047e-05 0.0 0.0 2.269976768525065e-06 0.0 0.0 0.0 0.0001659882231809352 8.136812468634087e-05 0.007216267699636826 0.02193140434346403 0.003355848491031681 0.0011033625780643784 0.0 4.524057037062886e-06 0.0 0.0001134994892476645 0.00020142662120814137 6.260931472991835e-05 2.0270541026637676e-05 5.3128557044495905e-06 5.39527147227889e-06 6.7514176787920785e-06 6.2198772656336e-05 6.305869413484209e-05 0.0 0.004889336500244931 0.0006459201946779418 0.0011167565323713245 7.512850781197472e-05 0.0 1.1975290594639863e-05 8.635486234286912e-06 0.0 4.451070283395958e-06 0.0009226541485174503 0.0 7.862091898780002e-05 6.173333518895781e-05 1.5945947245290565e-05 4.376989268697225e-06 9.527999901511972e-06 0.0 1.1499446841995516e-05 2.5136572298916368e-06 6.523962660673926e-06 0.0 2.9991830939138355e-06 0.0008073546699001907 6.884761884430187e-05 3.6602187856383477e-06 1.1934111802359178e-05 0.02925434220291022 1.101273154573898e-05 0.0005189152590985448 0.0001900350195468175 0.00045305846864647725 4.446138420249587e-06 0.00019805943954225483 0.0008230347420531719 0.0002685662122469705 0.0007748532643263927 0.0004730373990824142 7.743375070597477e-06 0.000820604077228854 0.0011759745074308168 0.0004511073575893238 0.0003156699143397254 0.0 0.0 0.0 0.0 0.0 0.0 0.0 0.0 0.0 0.0 0.0 0.0 0.0 0.0 2.7312379656098692e-05 0.0 0.0 0.0 0.0 5.022975650374989e-05 4.375921314814423e-05 0.0 0.0 0.0 4.882969751475562e-05 0.0 8.629472494832915e-05 4.07765630376093e-05 5.6062654672527343e-05 0.0 0.0 0.0 0.0 0.0 0.0 0.0 0.0 0.0 0.0 0.0 0.0 4.3064206116453515e-05 0.0 0.0 0.0 0.0 0.0 0.0 0.00010661536717138413 0.0 0.0 5.2526802829880715e-06 0.0 0.0 0.0 0.0 2.7308813437369527e-06 0.0 0.0 0.0 0.0 5.071029980206369e-05 3.153452537826656e-05 0.0 0.0 0.0 8.600271143849809e-05 0.0 0.0 0.0 0.0 0.0 0.0 0.0 0.0 3.0003116415142376e-06 0.0 0.0 2.812047002495359e-06 0.0 0.0 0.0 3.933223738718647e-05 1.254540391696674e-05 8.206828405420393e-05 0.0055879908780888535 0.0001902871166334845 0.0038788657058446475 0.0003185926685162824 0.031685747465002016 0.00018432747868337085 6.436788332717728e-06 4.083168067070885e-05 0.00024384456727376047 0.0 4.9237477857186603e-05 0.0 0.0034158240259542128 4.696292809159985e-06 0.0 0.0 0.0 0.0 0.009022673193569117 0.0006379260168905913
0.03807093107542368 0.0 0.045928926430779934 0.006251924657193486 0.0672901135106259 0.0034957297403836744 0.06398493378298471 0.0033947849940908713 0.08572687454181563 0.03775656035979358 0.023531391665113015 0.0012039011804191612 0.01658700628944122 0.01376762234610623 0.00023621996004560364 1.4798231790662428e-05 1.417459277100595e-05 2.6187231205328265e-06 0.0 0.0 0.0 0.0 0.0 0.0 2.165649597589165e-06 0.0 0.0 5.955557432855483e-06 0.0 0.0 0.047438024741368975 0.004806445452417295 2.3849252742413317e-05 0.0 0.0 0.0 7.074869021306409e-05 1.1178347516527665e-05 1.7496445515229512e-05 8.336102151193792e-06 0.0 0.0 2.5059487780808283e-06 2.6390481983988714e-06 0.0 2.6670985596639466e-06 0.004660287415810219 4.666757964152961e-05 0.0 8.989601031747883e-06 2.159606683382249e-05 0.0 5.974505437448122e-06 0.0 0.00030075862227740857 0.00011064282544514612 0.006703545014058657 0.03108428129039502 0.005868850707095924 0.002602177165402148 7.862836125116008e-06 1.842451497748487e-05 0.0 0.002788277905724207 0.0003043732095883907 9.282962336200736e-05 4.1533970792962366e-05 0.0 2.3595612967956697e-05 0.0 0.00010760391398470207 6.782883522562908e-05 0.0 0.010835136545041705 0.003565998321179364 0.003933589731630255 0.00044017516519322613 3.322615319068706e-05 1.5088940748507606e-05 0.00011961445283424175 1.6929938516527192e-05 6.756345760026033e-05 0.0015006071614576647 2.2297147783090036e-06 0.000129794820159544 0.00013054548966907897 2.5469027128107137e-05 3.0430287578394397e-06 3.149851762392292e-05 0.0 2.308992348463695e-05 2.214533516922492e-06 1.244206149784051e-05 0.0 3.0162754678543677e-06 0.00033645761484976525 1.015759564101988e-05 0.0 2.3112499008187464e-05 0.017698834685512282 2.3387389597862328e-05 0.0001522244903096127 1.641598846374349e-05 0.0001053984597589422 0.0 3.428325776419835e-05 0.00018458865776256652 5.038269247028079e-05 0.00014847366750017122 0.00010147918059625031 2.627010869894804e-05 0.0004225630191327626 0.0006630386586192064 0.00036206403968710825 0.0001337711812640202 0.0 0.0 0.0 0.0 0.0 0.0 0.0 0.0 0.0 0.0 0.0 0.0 0.0 0.0 0.0 0.0 0.0 0.0 0.0 0.0 6.591404299550533e-05 0.0 0.0 0.0 9.073843858088787e-05 1.1018331685276968e-05 0.0001213183454717439 7.029788666875915e-05 0.0 0.0 0.0 0.0 0.0 0.0 0.0 0.0 0.0 1.1151618746634079e-05 0.0 0.0 0.0 0.0 0.0 0.0 0.0 0.0 0.0 1.4047664309643738e-05 2.5031317520451804e-05 0.0 0.0 7.84766492112295e-05 0.0 0.0 0.0 0.0 0.0 0.0 0.0 0.0 0.0 7.179614239022365e-05 1.2920314037777036e-05 3.6878720460998194e-06 0.0 0.0 1.7235667692785156e-05 0.0 0.0 0.0 7.241415550346635e-06 0.0 0.0 0.0 0.0 7.424912486153655e-06 2.840029414015389e-06 0.0 0.0 0.0 0.0 0.0 7.8984341861345e-05 8.41953521190332e-05 8.462821422928064e-05 0.006255827303837849 0.0006031260630311603 0.012738586157997426 0.0014101647211092712 0.016471596912605118 0.00039450557301583017 2.105243313232404e-05 0.00014788970406650904 0.00028383811028147527 0.0 1.5290996692201693e-05 3.101940438721582e-05 0.0007820974159449138 0.0 0.0 0.0 0.00012110577331796674 0.0 0.0034913277256602513 0.0001201213007879854
0.021611915663219336 0.045928926430779934 0.0 0.00018052567423998989 0.019361572633360278 0.00016756486319315385 0.0035373285387659626 0.04565699045498457 0.024232451372916224 0.0014627030862012732 0.04668681573309269 0.0003445506911013564 0.0028153283241517503 0.01135815843488025 0.0001225974000950379 6.328460771195496e-05 1.2530520429233583e-05 0.0 0.0 8.253483988711061e-06 2.3995427397616294e-05 0.0 0.0 0.0 3.6509021483020324e-05 0.0 3.265241463517353e-06 0.0 2.7752442153549527e-06 0.0 0.09566655631881675 0.011186319550178837 0.0011764170256777689 2.955867313321139e-06 0.0002029130069195566 0.0001249986237701897 0.0008511277263023566 0.000377004666090735 0.0002638982517801277 6.276985743143986e-05 4.3366050936185186e-06 1.2276742469515637e-05 8.655649625007333e-05 3.5751116260726474e-06 5.287168415051901e-06 1.682610237081312e-05 0.0007553869635986523 9.87224785571942e-06 2.9143712144328647e-06 1.3147952125391778e-05 2.1017913622855005e-05 0.0 3.594327897089908e-06 0.0 4.6171214858084756e-05 3.30852611606171e-05 0.0024527399387242596 0.01708154132776209 0.0012119236363137113 0.0003744033665731753 3.286473618530382e-05 0.0004453117037771307 4.85203289750888e-05 0.0029543490731017215 6.268708986263698e-05 2.2333312840054485e-05 1.4708406383662606e-05 3.4327840069855386e-05 0.0003833501017056697 9.511419062395207e-05 0.0015907216484916283 0.0003475207202220911 0.0 0.0021200077546746233 0.0008385089169199913 0.0007965007805460693 0.0003626065814133462 2.012616963714567e-05 0.00016751600275492507 0.011242720165895675 1.6834422578126708e-05 0.0023196675125333717 0.00026488505413439474 0.0 1.8953100407923495e-05 1.6964388829466873e-05 6.539007793993228e-05 0.0 0.0 0.0 3.207052190245742e-05 2.361229120170802e-06 0.00047598537861478097 8.891988209930778e-06 1.9019628818850508e-05 0.0008673300275715525 0.0003398842097363035 0.0 0.00036087982586850947 0.00735258057207601 0.0 3.714317421919123e-05 5.68729225501844e-06 1.2656573855805647e-05 1.68344641376038e-05 0.0 1.7296872334696833e-05 3.8248819222957704e-05 3.5350223154839e-05 3.090867913478179e-05 1.928956531105876e-05 0.00012991963656828047 0.00023699079587580216 0.000207227807625722 0.00019045067831932057 1.7927607011674415e-05 0.0 0.0 0.0 0.0 0.0 0.0 0.0 0.0 0.0 0.0 0.0 0.0 0.0 0.0 4.962424739037953e-06 0.0 0.0 0.0 0.0 2.578094617288301e-05 0.0 0.0 0.0 0.0002692420832174348 0.0 0.000236026852272922 0.00016816484198690774 3.5753141246247725e-05 0.0 0.0 0.0 0.0 0.0 2.164017432245377e-05 0.0 9.127549196258113e-06 0.0 0.0 0.0 0.0 0.0 0.0 0.0 0.0 0.0 0.0 3.32413851546356e-06 3.6043028365433436e-05 0.0 0.0 0.00010782480156645293 0.0 0.0 0.0 0.0 0.0 0.0 0.0 0.0 0.0 0.00011938686815055508 8.587086212725093e-05 0.0 0.0 0.0 0.0001416762540779062 0.0 3.127111600973281e-05 0.0 0.0 5.253655268320621e-06 0.0 0.0 0.0 0.0 0.0 0.0 0.0 0.0 0.0 0.0 0.00014066323517430076 0.00027425371479294306 0.00035371317602524675 0.0012735421848503361 0.00017604958203442446 0.00222738159622534 0.0004535910697613897 0.0015722662307181682 0.00012208106889201426 0.0 3.751378999923373e-05 0.0003819495751725583 0.0 9.75754797957485e-05 3.1159456915848533e-06 0.0 0.0 0.0 1.0017025073505217e-05 2.62199464100994e-05 0.0 0.0007115303144642659 0.0003684268777096829
0.03950291432085776 0.006251924657193486 0.00018052567423998989 0.0 0.001909454564034896 0.014298254068571029 0.017276172704537074 1.9116992491602454e-05 0.00039933362432877995 0.07394270974714817 6.606870596610672e-05 0.007426654267319635 0.03002139562572009 0.005260415347410034 1.1532435508125913e-05 0.0 0.0 0.0 0.0 0.0 0.0 0.0 0.0 0.0 0.0 0.0 0.0 0.0 0.0 0.0 0.002293653491877676 0.00010695083028332412 1.3099488995763995e-05 0.0 0.0 0.0 7.949551220850353e-06 0.0 4.239212537029994e-06 0.0 0.0 0.0 2.627348997800415e-06 3.0245489207562285e-06 0.0 0.0 0.00048733112853621984 1.809696458218559e-05 0.0 0.0 0.0 0.0 0.0 3.4104918359498305e-06 4.9166250108387536e-05 2.0235729146247306e-06 0.0008340312737147407 0.003091438117815761 0.0007575273984380984 0.00035215766111082816 0.0 0.0 0.0 9.702909922061173e-05 2.2555994336633982e-05 1.6329718262211402e-05 9.072470836864398e-06 2.16282895587901e-06 3.175929316059603e-06 0.0 5.9102279916990416e-05 0.00013029335226971917 0.0 0.0010467146583153664 0.0001982891869811293 0.00029738524991181466 3.999345448602847e-05 0.0 5.312263274103662e-06 0.0 0.0 1.7236031338209702e-05 0.00017862322268099348 0.0 1.563419215265182e-05 1.4136828713160432e-05 0.0 0.0 0.0 0.0 2.509395928908128e-06 0.0 0.0 0.0 0.0 0.0005332831957000622 6.510853970409933e-06 0.0 0.0 0.008467670810876555 2.1251053977439184e-05 0.00029225013141524194 9.804862966308779e-05 0.00018165274564776532 0.0 0.00010323198977727528 0.0004170058203010841 0.00014434382890917764 0.0004255919239023126 0.00014306633463645102 1.4208857728677802e-05 0.0005033184482409545 0.0006451505570074678 0.00033631615449384585 0.0002436860037384367 5.606282444299124e-06 1.6526222483158308e-05 0.0 0.0 0.0 0.0 0.0 0.0 0.0 0.0 0.0 0.0 0.0 0.0 0.0 0.0 0.0 0.0 0.0 2.1437351606407355e-05 8.221737119756143e-06 0.0 0.0 0.0 6.944080765068866e-05 1.732342634698925e-05 3.7427064098035344e-05 6.141350051837783e-05 4.088594342536464e-06 0.0 0.0 0.0 0.0 0.0 0.0 0.0 0.0 3.998536618059704e-06 0.0 0.0 0.0 0.0 0.0 0.0 2.8399982444075714e-06 0.0 2.9666183344497664e-06 4.457365505188292e-05 1.09740941154824e-05 4.145178484904136e-05 0.0 1.9530435728381833e-05 7.836534794444298e-05 0.0 0.0 0.0 0.0 0.0 0.0 0.0 0.0 6.13564237715282e-05 0.0 3.946033283866538e-06 0.0 0.0 2.828721786810084e-05 0.0 0.0 5.030042423859516e-06 0.0 0.0 0.0 0.0 0.0 0.0 0.0 0.0 0.0 0.0 0.0 0.0 3.8310146049732025e-05 6.946135590294667e-05 6.0546718193596173e-05 0.0014400068662407846 5.386791053181118e-05 0.0014451790647262098 0.00017169376752710242 0.01240413794885214 3.499749228796513e-05 0.0 3.12636477716996e-05 0.00016535184867511903 0.0 9.200955264269149e-05 1.1897215714192704e-05 0.0015415224901346985 4.036658295205588e-06 0.0 0.0 6.24278910925247e-06 0.0 0.00622706119777761 0.0002684909289165996
0.0008607023380665892 0.0672901135106259 0.019361572633360278 0.001909454564034896 0.0 3.3284472981496446e-05 0.061989496896590765 0.002967164114490459 0.09233451777669101 0.011792023467987543 0.026647699950667646 0.00024048606073312186 0.018441335499249097 0.05375712199800818 7.633182132725761e-05 6.4837098135428255e-06 0.0 0.0 0.0 0.0 0.0 0.0 0.0 0.0 0.0 0.0 0.0 0.0 0.0 0.0 0.004704253840978584 0.0014902296968576775 1.3677360641274188e-05 0.0 0.0 2.5916149126134007e-06 2.2464367534099658e-05 4.9669863072434445e-06 4.830972736391791e-06 0.0 0.0 0.0 2.8343137391310856e-06 0.0 0.0 0.0 0.000985437006792311 2.599074007561664e-06 0.0 4.473983062103063e-06 7.805697662442896e-06 0.0 2.6455879977138854e-06 8.314755541380855e-06 4.7384096403980867e-05 1.1183650921399227e-05 0.0006494695313241201 0.0024028167301184664 0.0006746919389046406 0.0004591026009616669 0.0 0.0 0.0 0.0009745884183494928 3.2347213056477246e-05 1.3888373067876123e-05 4.644894333665276e-06 0.0 2.6710066050921835e-06 6.642835232996848e-06 8.086970769591725e-05 8.067475405906057e-06 0.0 0.0014368982323158018 0.0008527265530492176 0.0008032497025782622 0.00021097685376751785 1.7133436781873718e-05 0.0 2.7703647171497174e-05 0.0 1.94501818845508e-05 0.00020885684935921232 0.0 1.597283331780494e-05 9.381469704982483e-06 1.2589741437303713e-05 0.0 6.319974616889884e-06 0.0 5.342262567046912e-06 0.0 0.0 0.0 2.9266748976256085e-06 9.83144798197111e-05 1.0586537861388132e-05 0.0 5.300853327465758e-06 0.00020075863947321328 0.0 0.0 3.0715784977812386e-05 4.518684227864581e-06 0.0 0.0 6.9877433594978846e-06 2.9349388334072106e-05 6.754628106837867e-05 1.0242922442422007e-05 1.6939603380722053e-05 0.00010990425286040537 0.0001454248885730815 4.2029605168597356e-05 8.397729660784869e-05 1.55765252612275e-05 0.0 0.0 0.0 0.0 0.0 0.0 0.0 0.0 0.0 0.0 0.0 0.0 0.0 0.0 0.0 0.0 0.0 0.0 0.0 0.0 0.0 0.0 0.0 6.842217988005499e-05 0.0 3.5366369842878314e-05 2.678494355299901e-05 1.6647943542041036e-05 0.0 0.0 0.0 0.0 0.0 0.0 0.0 0.0 0.0 0.0 0.0 0.0 0.0 0.0 0.0 0.0 0.0 0.0 0.0 0.0 0.0 0.0 2.0047119771365958e-05 0.0 0.0 0.0 0.0 0.0 0.0 0.0 0.0 0.0 3.999118949452701e-05 0.0 0.0 0.0 0.0 8.195469867855651e-06 0.0 0.0 0.0 0.0 0.0 9.641984040342082e-06 0.0 0.0 0.0 0.0 0.0 0.0 0.0 0.0 0.0 8.47542680714475e-05 1.382713310040892e-05 8.815395132639293e-05 0.001653113745653319 0.00014392083613575237 0.0032235466249238595 0.0006276485367039812 0.0008944844600193729 0.0001278426609723783 3.2358142367762604e-06 8.49783451352677e-05 0.00010699269169001601 0.0 3.7714148238288654e-05 1.4568200916154185e-05 9.36219516757834e-05 3.415221179764336e-05 0.0 0.0 2.4132176986807224e-05 0.0 0.0003347462641563017 5.728161179837937e-05
0.012200652405277146 0.0034957297403836744 0.00016756486319315385 0.014298254068571029 3.3284472981496446e-05 0.0 0.0005104756613815516 8.531153328143172e-05 1.7226215613113004e-05 0.023780476511737394 0.00016154130178013725 0.004033164438383353 0.0030245563480581746 0.0003170093079210234 1.5152590334456537e-05 0.0 0.0 0.0 0.0 0.0 0.0 3.596585491004436e-05 0.0 0.0 0.0 0.0 0.0 0.0 0.0 0.0 0.003409361666075241 7.753358903779008e-06 0.00031550266549708187 0.0 0.0 0.0 0.0003256808598851245 0.0 6.52458860873813e-05 8.793471677284333e-06 0.0 0.0 0.0 0.0 0.0 0.0 4.853215160733421e-05 0.0 0.0 0.0 0.0 0.00013499102381453164 0.0 0.0 1.0913295094067131e-05 6.785238989045987e-06 0.00562772633238009 0.0014836763867644583 8.61077467829236e-05 2.8792880753355235e-05 0.0 3.364851800041352e-05 0.0 1.8295902733908323e-05 1.3724296252321497e-05 0.0 0.0 0.0 0.0 0.0 0.002266531408287836 0.008104866057044849 0.00015415098859764866 0.00011763711857823352 1.5460712713202774e-05 1.811979361854636e-05 5.856266439353449e-06 0.0 0.0 9.717190942834682e-05 0.0 2.012917979007136e-05 1.9119477956129872e-05 1.6291383177150657e-05 0.0 1.129979719202499e-05 2.2163305487118996e-06 2.892515937400074e-05 3.2451045254041e-05 0.0001341834670693626 0.0 0.00010963073290228497 0.0 0.0 6.881877199565835e-05 0.007577744077304609 0.0028925722234778724 0.00027325161190159023 0.0005255194411086838 0.006984073070435351 3.12581760509458e-05 7.374283609055714e-05 4.6977074522006785e-05 7.466431983027529e-05 6.40636513310815e-06 4.708643911716086e-05 0.00021626127988047392 2.2763487506715866e-05 0.00013096102978927496 0.00031888783514364024 0.0 0.00031529059538178795 0.0003686019305909346 9.030964285767636e-05 2.99655445698784e-05 5.867981224755814e-06 0.0 0.0 0.0 0.0 0.0 0.0 0.0 6.748071309696723e-06 0.0 0.0 0.0 1.6230728990513048e-05 0.0 1.5428712539234987e-05 0.0 3.0968151993283084e-05 3.85338723515656e-06 0.0 1.3368484373613525e-05 0.0 0.0 0.0 0.0 9.87166768541923e-06 0.0 4.857629608390012e-06 2.1755409817139084e-05 3.434265394546442e-05 0.0 0.0 0.0 0.0 0.0 0.0 0.0 0.0 0.0 0.0 0.0 3.939256595532106e-06 5.097661272346439e-05 0.0 0.0 0.0 0.0 0.0 0.0 0.0 0.0 0.0 0.0 0.0 0.0 0.0 0.0 0.0 0.0 0.0 0.0 0.0 3.0850899824971944e-05 3.963747761619644e-05 4.016787878018916e-06 7.379170255491009e-06 0.0 3.2184553419091426e-05 0.0 0.0 0.0 0.0 0.0 0.0 0.0 0.0 0.0 0.0 0.0 0.0 4.721498632015577e-06 0.0 0.0 1.0806447756440441e-05 2.0232803151262726e-05 4.2504307074608625e-05 0.0004527367536173562 0.0 0.00021575946041566083 2.6416968669928245e-05 0.006106883201758776 8.157557608914829e-05 0.0 0.0 6.931325434258838e-05 0.0 4.669136184449748e-06 0.0 0.0007095648132303726 0.0 0.0 0.0 0.0 0.0 0.0024182271456823176 0.0005751296326683162
0.010925023193671373 0.06398493378298471 0.0035373285387659626 0.017276172704537074 0.061989496896590765 0.0005104756613815516 0.0 0.0012406420597313027 0.030408199661590918 0.049795665485998786 0.005436189402371392 0.005965877859566732 0.1271527349713949 0.044064275338432345 0.0001839458922403633 4.0009008535924486e-05 0.0 0.0 0.0 0.0 0.0 0.0 0.0 0.0 0.0 0.0 0.0 9.662299143933623e-06 0.0 0.0 0.004604395650590531 0.001557230616597095 4.6174779414434816e-05 0.0 5.599532146232647e-06 0.0 4.414622060934351e-05 1.128997606419627e-05 9.199539145867018e-06 5.104453628603735e-06 0.0 0.0 0.0 0.0 0.0 3.7807624645350924e-06 0.0018727126253716836 1.0775198562223685e-05 0.0 0.0 4.888942388606716e-06 3.5067554293431792e-06 0.0 0.0 5.126426352718782e-05 3.6812330858724674e-05 0.001125050125723072 0.0038280590915388286 0.0013038857771776467 0.0008331422246533234 6.225626084200879e-06 1.1498059794447611e-05 0.0 0.0013460580268355642 4.171228796334217e-05 2.5660250178502726e-05 1.174915903806967e-05 0.0 7.720871652739718e-06 0.0 0.00015937432539624196 0.00020538986780402677 0.0 0.00240101614478597 0.0013232395322439576 0.0016818116430529727 0.00043282488770960065 7.614024522910414e-06 5.729001138429418e-06 2.0517103637740497e-05 4.725977496861656e-06 1.2583645493204031e-05 0.00036807469584350134 0.0 2.790497790231603e-05 3.1705237995528296e-05 1.7950401345871812e-05 0.0 6.407917171780109e-06 2.487644737585711e-06 3.0433695455515827e-06 0.0 1.50361722648506e-05 2.8792158449643396e-06 0.0 0.0007829241567525051 9.401963929920287e-05 0.0 1.9222205918387315e-05 0.00039600856007596417 4.604665383233503e-06 0.0001097255383814246 1.5072950324102135e-05 0.00013346194488349054 4.579989111235e-05 0.0001175321102474681 0.00018957302424312932 9.466241791264136e-05 0.0003379183972219263 0.00021395495997262508 2.9525254742087887e-05 0.0010691746689616853 0.0013802987513841236 0.0006067662312392789 0.0005552245995541894 2.7244238737460555e-05 0.0 0.0 0.0 0.0 0.0 0.0 0.0 0.0 0.0 0.0 0.0 0.0 0.0 0.0 0.0 0.0 0.0 0.0 2.7672108099927706e-05 1.1026031409597588e-05 0.0 0.0 0.0 0.00039947743570431824 1.204254837438982e-05 0.0005049026923906965 0.00023382740380719654 6.66390946199693e-05 0.0 0.0 0.0 0.0 0.0 6.353841517890161e-05 0.0 0.0 1.7894887443158187e-05 0.0 0.0 0.0 6.165275697340808e-05 0.0 4.251981270771384e-06 0.0 7.049663447807678e-06 3.57939474578163e-06 0.0 4.9713080980458596e-05 0.0 9.51630818161939e-06 0.00024539475530220296 0.0 2.838031234356862e-06 0.0 0.0 0.0 0.0 0.0 0.0 0.0 0.000307131623877903 1.352489928397168e-05 3.7754025387746853e-06 0.0 0.0 0.0003316901564232244 0.0 8.40994419889925e-06 0.0 1.270235910052708e-05 0.0 0.0 0.0 0.0 0.0 0.0 0.0 0.0 0.0 0.0 0.0 0.00022154420237154883 0.0003192016285208329 0.0004965648380919484 0.004620230023731065 0.0004083631444850579 0.006272060231116904 0.001404160407760272 0.002330349094009703 0.00028107758310814767 7.123595430221564e-05 0.00020536681434648972 0.0006408954903611171 0.0 0.00014268023878238173 5.265585331814317e-06 0.0006377978352031974 0.0 0.0 3.608916852808922e-05 7.947996896407155e-05 2.387280595266239e-05 0.0014657745518235148 0.00037506167845677117
0.00043886058615230677 0.0033947849940908713 0.04565699045498457 1.9116992491602454e-05 0.002967164114490459 8.531153328143172e-05 0.0012406420597313027 0.0 0.003536968673383656 0.00034165975984759756 0.047042970145010854 0.00045460575540782393 0.0032843387549466394 0.045877307505740365 0.00020162337166899005 0.00015246051800886775 6.661651514826849e-05 0.00010702694708900815 7.079884709918073e-05 8.03799180373429e-05 0.00022531813869197174 0.0 0.0 0.0 0.00018271944838251075 5.023375036949833e-06 2.7614346245098236e-05 5.745805505193714e-06 0.0 2.7414434770422036e-06 0.014628732671481447 0.04481078599005583 0.002443728944743882 0.00010825855575087617 0.001128016941776734 0.0007156212429948332 0.0022808424059121706 0.001668046282089135 0.0006701390223432937 0.0002666991878564228 8.368258651134657e-05 0.00010026768194195438 0.0013351123213754903 0.00019096530994752858 0.00010783571404615005 0.0002644057871276224 0.0008887251462295428 0.00013298699008806118 8.316030170543231e-05 0.0007168748324641347 0.0002251377265083518 0.0 0.0 1.5201149050881626e-05 2.7349662455199497e-05 8.825933577042603e-06 0.0004299444847181731 0.00271203792211383 0.0003683888079818834 0.00022038374769040803 0.0010991960434941004 0.001937558156756203 0.0005069945038887303 0.012254534986096572 7.101845111648165e-06 0.00014046181945435125 4.268481401383636e-05 0.000456479858831902 0.0032620316050441973 0.000845451837552257 0.00300805045480883 0.0002731700086215381 4.078817475550847e-06 0.0010769992524973025 0.0013441215790009153 0.0009717793364078903 0.0012634358706948832 0.0022331515496569 0.020272845295793127 0.03130965988835969 0.0008693270198758194 0.024951446954534495 0.0001232118087548325 0.0 0.00016074579603654024 2.165046299439976e-05 0.001359402536585831 0.0 1.1944972124912555e-05 0.0 0.00013292457585756877 4.282057781223068e-05 0.0020537230528850166 0.0001905233993001315 0.0001894050005240354 0.0010186251424123423 0.0004287713855661276 0.0 0.0006500764937724041 0.00014438425879968115 0.0 7.292058266750446e-06 0.0 1.3816562863005634e-05 8.421724648275418e-06 0.0 5.514392362477428e-06 4.5770703060399575e-05 9.054819903551761e-05 4.5436071969190925e-05 6.397468495847313e-06 0.0001233363658324319 0.00023421419245774893 0.00014193064566330344 0.00016734732696763557 0.0 0.0 0.0 0.0 0.0 0.0 0.0 0.0 0.0 0.0 0.0 0.0 0.0 0.0 0.0 0.0 0.0 0.0 0.0 0.0 0.0 0.0 0.0 0.0 0.00017421495886679847 2.2728163197972964e-05 0.00013452462944019345 8.688004342874185e-05 5.595175050654443e-06 0.0 0.0 0.0 0.0 0.0 1.592027200814123e-05 0.0 0.0 1.5903445407056693e-05 0.0 0.0 0.0 3.532879716642481e-06 0.0 0.0 0.0 0.0 0.0 4.529852090548431e-06 3.7232437326466034e-06 0.0 0.0 6.014690999785813e-05 0.0 0.0 6.654866701614645e-06 0.0 0.0 0.0 0.0 0.0 0.0 0.00014601974183652577 2.653070490647751e-05 2.815827668126311e-06 0.0 9.221106020908534e-06 7.734012510038977e-05 0.0 8.671285983447729e-06 4.405421769354151e-06 0.0 1.0320353566569027e-05 0.0 0.0 0.0 0.0 0.0 0.0 0.0 3.0459730389939393e-06 4.4479196594377e-06 0.0 0.00013040303645725208 0.0002686211569926454 0.00018189993393679575 0.001825870837545274 0.0004130697031084516 0.0032738283650605425 0.0008491937722441304 0.00040972998311383693 9.945960487213216e-05 4.340713247928945e-06 6.604241897345459e-05 0.0002256970597179161 0.0 0.00011084257608464596 6.467882634763366e-05 6.060980257065664e-05 0.0 0.0 0.0 7.35537311189115e-05 0.0 0.00028712765323362667 0.00013930908486167487
0.0003568937768343287 0.08572687454181563 0.024232451372916224 0.00039933362432877995 0.09233451777669101 1.7226215613113004e-05 0.030408199661590918 0.003536968673383656 0.0 0.004193473267480093 0.015217329125311286 0.0014663143597673498 0.0352668784306682 0.012879263477262917 0.0001213416611695814 1.9738662007639597e-05 3.345948305648677e-06 0.0 0.0 0.0 0.0 0.0 0.0 0.0 0.0 0.0 0.0 0.0 0.0 2.4816948750480014e-06 0.001922288192691965 0.0008148834442989343 0.00011901139282085634 0.0 2.604261877086913e-06 0.0 4.776132762158667e-05 2.1431047864922216e-05 1.3545008875949009e-05 4.494168707923467e-06 0.0 0.0 0.0 0.0 0.0 0.0 0.0006323188774898744 0.0 2.2448143753230324e-06 0.0 2.6392894511633836e-06 0.0 0.0 0.0 1.7984808229157933e-05 1.3603424669150507e-05 0.00024003305619891017 0.0009713196505643439 0.0002418191206501111 0.0002905941080224401 0.0 4.703396362781735e-06 0.0 0.0006269466100193548 6.217804382814999e-06 9.008109544870287e-06 0.0 0.0 9.125727436579836e-06 0.0 0.00014247447282416775 7.371246650267301e-05 0.0 0.000762479210341269 0.000621928607583806 0.0006409531154852668 0.0003124250750469042 9.947335440953288e-06 1.2951016101477893e-05 1.74853628494737e-05 0.0 2.1981914993408327e-06 0.00012752445231633953 0.0 1.2154351471862205e-05 7.030936124038392e-06 3.186411239574068e-06 0.0 4.31345147774167e-06 0.0 0.0 0.0 2.5328795270330765e-06 0.0 0.0 0.00023305629015189368 4.5747572717829895e-05 0.0 1.7330579564186128e-05 5.1250693734525506e-05 0.0 7.254419302930973e-06 1.2190977423427589e-05 1.847739151578231e-05 0.0 4.7217201648082094e-05 3.69615119265004e-05 4.348862063959009e-05 9.039414428786344e-05 5.661683014318727e-05 2.9489118568960004e-05 0.0003124162519699177 0.0004687594622558204 0.0002866613078994713 0.00029300404443416644 2.636329128050726e-05 0.0 0.0 0.0 0.0 0.0 0.0 0.0 0.0 0.0 0.0 0.0 0.0 0.0 0.0 0.0 0.0 0.0 0.0 0.0 7.999312460745065e-06 0.0 0.0 0.0 0.00017612292848536562 0.0 0.00017067432290494651 0.00011558829100836761 0.0 0.0 0.0 0.0 0.0 3.7211532909489325e-06 3.4182063138848175e-06 0.0 0.0 0.0 0.0 0.0 0.0 0.0 0.0 0.0 0.0 0.0 0.0 0.0 0.0 2.1433957859508117e-05 0.0 0.00012265514802744254 1.4461943307507416e-05 0.0 0.0 0.0 0.0 0.0 0.0 0.0 0.0 8.945540567664934e-05 1.6910759025647157e-05 0.0 0.0 0.0 6.984131633141306e-05 0.0 3.217873924824641e-05 0.0 2.8478588039045317e-06 0.0 0.0 0.0 0.0 0.0 0.0 0.0 0.0 0.0 0.0 0.0 7.95759848629814e-05 0.00020907245099107202 7.082257756059957e-05 0.00210599830305738 0.00020376452091584724 0.0027239982546214754 0.0006637346934167657 0.000500896134170166 0.00017158879514528468 5.459111608430281e-06 7.780845718534732e-05 0.00021064754228937685 0.0 6.179696628093943e-05 2.2278845820568776e-05 0.0002556800839960615 1.2882545200591658e-05 0.0 0.0 4.890321539853976e-05 2.310412352676935e-05 0.00028774016927483463 9.135823542688728e-05
0.050012232009433034 0.03775656035979358 0.0014627030862012732 0.07394270974714817 0.011792023467987543 0.023780476511737394 0.049795665485998786 0.00034165975984759756 0.004193473267480093 0.0 0.0008945628910645386 0.031900914912952265 0.14558909782757246 0.011242936904802624 0.00040567745013736967 8.61392195671271e-05 1.0433349628831303e-05 0.0 0.0 0.0 0.0 1.0049111898982738e-05 0.0 0.0 2.7831253467930735e-06 0.0 0.0 0.0 1.1682909906828707e-05 0.0 0.005232655947784425 0.0006924813326023409 0.0003277582627124509 0.0 3.467891707733839e-06 0.0 0.00022913891399765774 2.216260001499538e-05 3.198708751184462e-05 1.2452013538022066e-05 0.0 0.0 0.0 2.1210487979648205e-06 0.0 0.0 0.003738863324331561 2.517561431068243e-05 0.0 4.982261493048182e-06 2.95510386572698e-06 1.1739148399025414e-05 0.0 0.0 0.00011108948447059818 8.469726758623833e-05 0.002556530255140564 0.00536201299412692 0.0020176999213270376 0.0016552557454148748 8.27325216958409e-06 1.0749391789329357e-05 0.0 0.0013719212921504923 0.00011356873855755665 5.113619799853241e-05 3.215640560085257e-05 3.6927049976907143e-06 0.0 0.0 0.0017435644359735094 0.0020315392444454697 7.772264725502403e-06 0.0040010032205067495 0.0019434712038311319 0.0029245928467863625 0.0007519831100579782 2.3636519545662438e-05 1.2898779994722422e-05 2.1439671040823794e-05 7.744143297531504e-06 1.97101848305448e-05 0.0007699556873330283 0.0 6.814731360267422e-05 7.386199189071643e-05 1.3250816402734079e-05 0.0 1.643519704625749e-05 1.2248162848309812e-05 2.134126048484393e-05 8.760699328232199e-06 6.272430367300582e-06 3.103966795705578e-06 1.592054131355278e-05 0.012590960401079083 0.0008862531608951277 2.471049705907523e-05 0.00010665076420921195 0.0164079039788748 3.242736113143908e-05 0.002241878047405663 0.00048485046371281174 0.0021438161201644875 0.00012425142343800487 0.0009830915201942648 0.004884200116262279 0.0016711478394741562 0.00479598147012909 0.004169796204586555 0.0002865746563897369 0.010929042944947905 0.015325690217643026 0.007277346169677419 0.005809918302476632 0.00015825389186814747 0.0 0.0 4.2736089057684105e-05 0.0 0.0 0.0 0.0 0.0 0.0 0.0 0.0 0.0 0.0 3.870033468110525e-06 0.0 9.214449730379236e-05 0.0 0.0 0.00018505798582039255 0.0004807205095864718 0.0 0.0 0.0 0.0032565942631210577 4.227942271794593e-05 0.0028795805085960746 0.0017833765165896182 0.0003989952907037574 0.0 0.0 0.0 1.095799896119466e-05 2.5174267575827302e-05 8.625502525783809e-05 0.0 8.65038285481483e-05 4.263682050629971e-05 0.0 0.0 4.015386908046186e-05 0.00016858751683033332 0.0 0.0 3.9469408597272476e-05 0.0 5.8847793575985443e-05 9.1450279694369e-05 0.0004362176993128065 0.0001347148461278513 7.666633667532255e-05 0.001967693220770756 0.00010864177444234645 1.2387555204648947e-05 0.0 0.0 0.0 0.0 0.0 0.0 0.0 0.0022648304493338217 9.962381841836642e-05 1.9721128064254974e-05 8.821501051013479e-06 0.0 0.0024402807700988644 1.0607575684286283e-05 0.00041464270147149006 3.029487391859454e-05 0.0001343503171488235 0.0001574053138411159 7.650053763503728e-05 6.997904194492345e-05 0.0 3.7852367578386927e-06 1.3129686111818199e-05 4.410795409741997e-06 0.0 0.0 0.0 0.0 0.0021805999852749737 0.0025178822881019593 0.004373798472309428 0.017946111072945636 0.0009198335895106545 0.012374668981434632 0.0032555096733951684 0.023584062300721565 0.0009557630765534862 0.00043661583951893154 0.000765565905226093 0.0044927710012008775 5.7789797759487944e-05 0.001838610116630667 0.0003995207126267999 0.012089020940133253 0.00022395275776185158 0.0001963537606784273 0.0002840818994208743 0.00022193953648178062 9.030959735004893e-05 0.031807090411190626 0.005578938233408333
0.0013336219534349804 0.023531391665113015 0.04668681573309269 6.606870596610672e-05 0.026647699950667646 0.00016154130178013725 0.005436189402371392 0.047042970145010854 0.015217329125311286 0.0008945628910645386 0.0 0.0020640432458242067 0.027202599314481612 0.07981732825188166 0.0004641960668879198 0.00029082667070029256 2.4764048107685857e-05 5.287724480855378e-06 0.0 3.6400099288499864e-05 0.00013193417466038303 0.0 0.0 3.324629956280159e-06 0.00027333774578803746 2.4430653826515452e-05 7.542354373477723e-06 5.769516018063578e-06 0.0 2.8517589530321225e-06 0.010172877706580454 0.011971552663164622 0.013322217096517711 0.0 0.0005894615153844707 0.0005443090124549607 0.0055455201259282496 0.002454580139589306 0.0006926450422399155 0.0003181132618696669 9.31347185484423e-05 7.988815970633878e-05 9.575255437413925e-05 5.818856676050131e-06 0.0 8.654282754585556e-06 0.0013900359020554611 1.3059534545678407e-05 0.0 1.3317829812758739e-05 4.686061634750545e-05 1.1016275322350516e-05 9.033174273301156e-06 1.0302021473426873e-05 4.045228337315706e-05 1.8673376658860354e-05 0.0007134974961556158 0.0029670091545773943 0.000643685411513604 0.0005159293694267707 5.508476599490673e-05 0.0006216917212657541 0.00018344201038649963 0.0036635600462427793 2.7558169676522394e-05 5.3176444783163385e-05 4.443924380667051e-05 0.00010372078325518375 0.0006730249097311155 0.00018951701682162528 0.0052388769896505065 0.0003560838447572465 0.0 0.0015840119214100773 0.001946737446878047 0.0021838487186907982 0.0012443513226480585 8.120962058106935e-05 0.0016363035936020158 0.0005186860583745914 1.1117703304164561e-05 0.0001940542247318214 0.0001507694971726102 0.0 2.994590626237126e-05 1.4613040267177031e-05 7.267207777423982e-05 0.0 6.263332997765396e-06 0.0 1.4785014630163229e-05 4.960818465248393e-06 0.0010044946673120393 7.683713968444693e-05 4.165432059689846e-05 0.0018423690975654613 0.0005653278607504555 0.0 0.0007045328202124557 0.0002490716211519848 1.653253619891795e-05 7.848429947977237e-06 0.0 2.0714516141059226e-05 2.437980622188958e-05 4.1793585781237715e-06 1.3536943636027376e-05 2.8184647416261558e-05 7.435038161830495e-05 4.755535386598724e-05 2.3254941206752915e-05 0.0002838377705327499 0.0004960692596138101 0.00034343049487787624 0.0004127416292715382 7.616548429954139e-06 4.256107295656962e-06 0.0 7.138366541128664e-06 0.0 0.0 0.0 0.0 0.0 0.0 4.245947250292565e-06 0.0 0.0 0.0 0.0 3.2597265209074005e-06 6.5854827390167205e-06 0.0 0.0 7.647761508985305e-05 0.0 0.0 6.194885162388944e-06 0.0 0.00034786655720290513 8.58368941120429e-06 0.00019340518809232254 0.00020214563985111348 1.7994651591306895e-05 0.0 0.0 0.0 0.0 0.0 0.0 0.0 0.0 6.499285058772158e-06 0.0 0.0 0.0 4.070052581832389e-06 8.921272056475909e-06 0.0 0.0 0.0 1.4267429993310544e-05 2.771968206454313e-05 3.2760519146982225e-06 7.93449879384282e-06 0.0 0.00014372635980949006 0.0 0.0 0.0 0.0 0.0 4.3945680963171085e-06 0.0 0.0 0.0 0.0002562510085593812 4.085661469458427e-05 1.3772763330099602e-05 0.0 4.210976612699709e-06 0.0001640449327861807 0.0 2.3813847184892704e-05 9.782759288281418e-06 0.0 2.8031655344436617e-06 3.242470402627127e-06 0.0 0.0 0.0 0.0 0.0 0.0 3.347167660706521e-06 0.0 0.0 0.00026803418901658694 0.0003038880008231788 0.0003143972767074916 0.002601828424868467 0.0002679060258231604 0.0046447474714085245 0.0010526261861836103 0.0005576550069175465 0.0001639586388957467 2.6740218906132934e-05 0.00013173939287196415 0.00033132725428992735 0.0 9.335349428536478e-05 5.680057913722282e-05 6.185524887601685e-05 0.0 0.0 0.0 0.00011690892069355636 1.2394672680695524e-05 0.0006893093720085461 0.0003214088916228332
0.0035198429525342993 0.0012039011804191612 0.0003445506911013564 0.007426654267319635 0.00024048606073312186 0.004033164438383353 0.005965877859566732 0.00045460575540782393 0.0014663143597673498 0.031900914912952265 0.0020640432458242067 0.0 0.03397533367215904 0.0063985468637038885 0.0008066816208182209 0.0006888920442074432 6.523419291290702e-05 2.3677261132244125e-06 0.0 0.0 0.0 0.0 0.0 2.5033008159979856e-06 2.2458997841862134e-05 1.2681182468975445e-05 0.0 4.94058606501626e-06 0.0 0.0 0.0004231976128149852 9.788770180911235e-05 0.003301854225143695 0.0 6.701128986793867e-05 5.138090892713346e-05 0.010472318635141935 0.0008163960808462566 0.00030512604704804815 0.00022389556381727655 0.0 3.022498791751336e-06 3.2813312150730702e-06 2.329795443435239e-05 0.0 2.549514538928226e-06 0.0014803776423362813 4.904504334803379e-06 0.0 2.4420317568968187e-06 6.025468369622917e-06 0.0 2.6453047698775115e-06 0.0 1.3393593986279649e-05 2.860897674247012e-06 0.0002914324850680222 0.000331746500060898 0.0002498077059864269 0.000361693791085046 9.511709916395631e-05 0.0009644435301419854 2.8780919520253728e-05 0.0001636643701608913 2.3285806599198737e-05 9.040926362562912e-06 4.469663785649012e-06 1.2008140036522003e-05 3.824514162482995e-05 3.6633885269560665e-06 0.01062671230095517 0.0009673363193121676 2.552344323723341e-06 0.0006350606422216745 0.0009419584460397455 0.0020252300538894925 0.001115129982751878 0.00010079851012957422 4.126354036636889e-06 0.0012410841615522945 1.8080189514852643e-05 0.00017391359094206643 6.325048052394964e-05 0.0 8.333335952398626e-06 5.987904420659593e-06 7.3091805635144854e-06 0.0 2.3745622316110843e-06 0.0 0.0 0.0 6.868124794561183e-05 9.34804985927727e-06 5.550569887285004e-06 0.024076715655169736 0.0009813835042332432 6.508791373561917e-06 0.0002190071504808132 0.0012697164726943667 7.141539815001934e-06 0.0006611057335736331 0.00024002203774254647 0.000788119927565539 2.257418866010958e-05 0.000418247404276441 0.0018560575926140402 0.0009356045692794188 0.0024561673398646533 0.001981955585702796 0.0002223804571824334 0.0057581322497402936 0.008776456612490881 0.0046270481258766216 0.002785633700202499 7.997884082297192e-05 2.261767566574789e-05 1.1646103379335362e-05 3.2505826047578724e-06 0.0 0.0 0.0 0.0 0.0 0.0 0.0 0.0 0.0 0.0 0.0 0.0 0.0 0.0 0.0 0.00012984514162118991 0.00020309958029565527 0.0 0.0 0.0 0.0012799396774506803 1.461014772757151e-05 0.0010209859964582324 0.0004950064067412249 8.707180488216314e-05 0.0 0.0 0.0 0.0 7.681461424006632e-06 0.0 0.0 1.016579719602637e-05 6.64564049770048e-05 9.153940295400335e-06 0.0 3.2294471170885565e-06 3.058990090610946e-06 0.0 3.897554153840074e-06 0.0 0.0 2.9675236660987136e-05 6.341835899267116e-05 0.00017684767090732007 6.283413498108764e-06 2.3628096478643052e-05 0.0008552903048260101 4.080672773727137e-05 0.0 4.239396645513508e-06 0.0 0.0 0.0 0.0 0.0 0.0 0.0012058374300151044 5.493529463418352e-05 6.954944827975181e-06 4.154226315542628e-06 0.0 0.0015767532721835678 1.4699736661146686e-05 0.0002755372293715211 4.0176571776012255e-05 0.00012353719410917273 2.9815334697247275e-05 1.9033412642819842e-05 9.452184817631624e-06 0.0 0.0 0.0 0.0 2.7013134381659055e-06 0.0 0.0 0.0 0.001738490246371718 0.0008506848699690584 0.0012656816448863297 0.010639675117038979 0.00032981542649002907 0.006745622189555415 0.0028143816902788782 0.004343005434082029 0.0003950042925592472 0.00022286139093203444 0.0003532540504034516 0.0015926638778729326 0.0 0.0008547276690925988 0.00015741479771378805 0.003644949835625352 6.21033963577785e-05 1.2259856230581476e-05 7.874942899506292e-05 0.0004649805776562578 3.40006668268107e-05 0.012552940936765738 0.002886754935256486
