0.0 0.03399086359790051 0.016377489094866197 0.03990103325970891 0.0005838445199314145 0.0005372614037422854 0.01248975951780849 0.001157128784776454 0.0003324511806511779 0.02892173198898257 0.002012093488652285 0.0012542831786440548 0.0013781824539914522 0.0036751647205942803 8.128296970199465e-06 0.0 0.0 0.0 0.0 0.0 0.0 0.0 0.0 0.0 0.0 2.314275907728284e-06 0.0 0.0 0.0 0.0 0.039324152742049465 0.0011246845322417068 0.000815542822750834 0.0 0.0 0.0 0.0003176525873925251 1.669959298751755e-05 1.4847703897300204e-05 9.392956910829845e-06 0.0 0.0 0.0 0.0 0.0 0.0 0.00031954892578409187 1.0942265262521299e-05 0.0 0.0 8.321454387008661e-06 1.4134341880104332e-05 0.0 0.0 5.154396350116697e-05 0.00011477483143629294 0.005327181396489543 0.021499168306868027 0.0007626969424031526 0.0003117990608712931 9.808178523854924e-06 6.176438077416932e-05 0.0 0.0023725395484965445 4.9615608913407426e-05 3.372214088699611e-05 1.649079978146859e-05 1.5828831593108087e-05 0.0 0.0 0.00028966921640390575 0.0007844597655262417 2.4634966216037692e-05 0.003251432468580512 0.0013951843132782933 0.0006029543970332024 1.0415679624567855e-05 0.0 1.2550226071811248e-05 0.000707470768108122 3.2025208652172064e-06 0.00011500622574145435 0.00020181048611186034 2.385336801959357e-06 1.4756388961967583e-05 3.8230081529163586e-05 2.8526211663354762e-06 0.0 6.715907037989953e-06 4.816183989733574e-06 8.410322576458626e-06 0.0 0.0 0.0 0.0 0.004456132841027765 0.0008279828354323043 4.747438912348179e-05 0.00032761255269745174 0.018860461688494694 1.5604090524092056e-05 2.8329252083532145e-05 0.0003194025900710174 0.00019136457369022908 0.00012994432355952973 0.00023789860154376007 4.200925719521284e-05 0.0002806470115292523 0.00048662286141890927 0.00043981583292179965 0.00019112253964782735 0.0001130249934962329 0.0004505181658663881 0.00020005801996019853 0.0004924794824882279 0.0 0.0 0.0 0.0 0.0 0.0 0.0 0.0 0.0 0.0 0.0 0.0 2.7891215126951593e-06 0.0 0.0 2.6835882144890237e-06 0.0 0.0 0.0 5.970067996293903e-05 4.9215413979829464e-05 0.0 0.0 0.0 0.00018165838092804604 4.4135291311984e-05 7.646741628029047e-05 1.98763318657011e-05 1.559822853930835e-05 2.674292742854864e-06 0.0 0.0 0.0 0.0 0.0 0.0 0.0 0.0 0.0 0.0 0.0 1.7287541241481045e-05 0.0 0.0 0.0 0.0 0.0 5.7266377154227584e-06 0.0 0.0 1.9689312011504114e-05 0.00014240980936459382 0.0 0.0 0.0 0.0 0.0 0.0 0.0 0.0 0.0 3.866673197951438e-05 2.9687240485541937e-05 0.0 0.0 0.0 0.00040599406329992966 1.2370518407488144e-05 6.338470440021832e-05 2.921864362050864e-06 5.72652214507653e-06 0.0 0.0 7.637238569074162e-06 0.0 0.0 0.0 0.0 2.0302161619980006e-06 0.0 0.0 0.0 0.00030552058962132837 3.001494121604807e-05 0.00013638963750052494 0.01087140893320985 6.35212850636738e-05 0.002083259284937683 0.0002617325256974132 0.015081093918847719 0.0008750942490184184 1.570227598133797e-05 2.7743862259660145e-05 0.0015727469532829832 0.0 2.757068279923651e-05 0.0 0.0011008142455006527 0.0 0.0 0.0 0.0 4.217877659008091e-06 0.0024570155217443672 0.0006850623632862748
0.03399086359790051 0.0 0.02804387110279749 0.03164101301002733 0.06727683008062932 0.0007885872550091993 0.10765008062353984 0.004853167461585392 0.04205347480386939 0.01574794921658427 0.03311549981349033 0.00044160583797774896 0.0048525803662541 0.06453139301814277 8.407363755943933e-05 6.495454912933962e-06 0.0 0.0 0.0 0.0 0.0 0.0 0.0 0.0 0.0 0.0 0.0 2.753903646194423e-06 0.0 0.0 0.05085821456689454 0.002427351823310068 0.0015926212947704993 0.0 0.0 5.880090128765149e-06 4.284169890964779e-05 1.3421812172156298e-05 0.0 6.183470397814945e-06 4.86513918288602e-06 1.7118718985865218e-06 0.0 0.0 0.0 2.723260946119386e-06 0.0011469152356598901 8.655709426119675e-05 0.0 8.265984675918803e-06 3.1742962211932604e-05 4.81187189791179e-06 0.0 0.0 0.00012917684724837478 0.0002000869179535555 0.002240129146027815 0.014026904038012048 0.0014298246049774153 0.0009834795244748219 1.497174669885232e-05 8.640130323796817e-05 0.0 0.00553987004704173 0.00018312951354382612 0.00017057796162332062 5.553206957081069e-05 1.816180151122633e-05 8.258673837744877e-06 0.0 0.00013996671746484418 2.008962741534063e-05 2.9570575600274056e-06 0.006815196279395962 0.007144142608001002 0.0030365651750734234 0.00029630833117088917 3.382096992238352e-05 3.6930751836364576e-05 0.0034712550665850104 1.586052236753642e-05 7.140808833352893e-05 0.0005023580749489226 1.0112685772742946e-05 7.25968161912122e-05 0.00019710377816014172 1.9642669914901184e-05 7.942258112245464e-06 2.9768326262495868e-05 4.501493540265359e-06 1.89259864329887e-05 1.9942171818852543e-06 3.1243030576446876e-06 2.46176800011518e-06 2.5967107411490964e-06 0.0009034058810171757 3.508336424492534e-05 0.0 1.3902367357736851e-05 0.004785697437192628 0.0 2.8357624265606264e-06 9.736116273400282e-05 9.479185382332202e-05 0.00010531307384252077 0.0002690450428516465 5.872500333512825e-06 0.0001356753394311096 0.0004486939421881304 0.00044123521959090584 0.00018065372182563105 0.00024104072220333585 0.0007165931861589177 0.00021154980481589985 0.0010090324500684788 7.914491829676563e-06 1.3290761313220378e-05 0.0 0.0 0.0 0.0 0.0 0.0 0.0 0.0 0.0 0.0 0.0 0.0 0.0 0.0 0.0 0.0 0.0 3.5971225826514266e-05 8.65342353253177e-05 0.0 7.5987935189287365e-06 0.0 0.00028999131619668214 0.0 0.00019745515036716292 4.415150867012978e-05 6.024494938452789e-06 0.0 0.0 0.0 0.0 2.729967574413029e-06 2.8161166504392273e-06 0.0 6.089151985180336e-06 5.892382150239024e-06 0.0 0.0 0.0 2.878495068966133e-06 0.0 0.0 0.0 0.0 2.0376035401819286e-06 2.2099430880454757e-06 0.0 0.0 5.474465585426885e-06 0.0002069833685133288 0.0 0.0 0.0 0.0 2.5389076580103812e-06 0.0 2.6687347215987392e-06 0.0 0.0 0.00025919140716516246 1.2118673050956608e-05 0.0 0.0 2.4617911479769225e-06 0.0002231878160659419 1.741866796457699e-05 0.000145381353262011 1.8964612273003223e-06 1.0409795505697373e-05 4.7414143687485294e-06 0.0 9.998110953531864e-06 0.0 0.0 0.0 0.0 2.677474137663546e-06 0.0 1.9050820316939998e-06 0.0 0.0006520724014315606 9.764458244980398e-05 0.00015241904244328773 0.00819765536978143 0.0003121284796124431 0.0066743668436583335 0.0008890933163151499 0.008481725655054196 0.001113874634224916 2.8008319990555107e-05 0.00017880225733816235 0.0006921004650739632 7.472842792888885e-06 5.177951614228019e-06 1.604520868072206e-05 0.00021105266680629796 3.228282238826536e-06 0.0 6.311062087601249e-06 2.4454653159096846e-05 0.0 0.0032752436916092574 0.0006277724543875152
0.016377489094866197 0.02804387110279749 0.0 0.008850428799981864 0.03564261134160012 0.00021963529817944615 0.004761185436135353 0.01846809944186509 0.014702652718717544 0.002481604552802879 0.10063458007503394 0.00011775495896635501 0.0007245295963102666 0.0478789730148202 4.859576802397537e-05 2.941268352842655e-06 0.0 0.0 0.0 0.0 0.0 0.0 0.0 0.0 0.0 0.0 0.0 0.0 0.0 0.0 0.02530858325966113 0.0020513489714576115 0.001970125182727898 0.0 0.0 0.0 0.00010321438596755721 8.139452549935425e-06 9.840906559036913e-06 3.298494941335287e-06 4.485125974461982e-06 0.0 0.0 0.0 0.0 0.0 0.00027790728248464525 5.628166373636169e-06 2.960937952675778e-06 0.0 2.1853097249455856e-05 0.0 0.0 0.0 1.360405596352164e-05 3.207349610554631e-05 0.0003888320850155636 0.003572042055747891 0.00015767356735312945 0.00017497898634718958 3.823233041996519e-05 0.00026987728029042554 0.0 0.0032478922888422523 3.256543936325522e-05 2.7736005334704056e-05 7.868598912774184e-06 4.728020086649374e-05 6.338361712656632e-05 1.2782269530876478e-05 0.00011314322365004966 0.0 3.1970758798698936e-06 0.001120721189315255 0.0017033529849975943 0.0007712487431899317 0.00014307032819267662 2.71364076236332e-05 0.0007856291353509317 0.010231105815735025 1.3917426140057939e-05 0.00036782325651723175 5.000948262214166e-05 2.640061786284422e-06 1.9673012706548507e-05 6.944494538192963e-06 5.1360823701693355e-06 0.0 4.527396842370058e-06 2.5414061064163496e-06 2.678987534726658e-06 2.680266580809919e-06 3.995712186673013e-05 7.230322476428045e-06 5.5607047184626455e-06 0.0005078867526575928 7.311476412852249e-05 0.0 1.8505256642643365e-05 0.0015958041977384067 0.0 3.730972896677243e-05 1.2277603566295233e-05 4.082262920341103e-05 4.562664958316655e-05 9.044597676802843e-05 0.0 0.0001242824474786186 0.00019847839095094654 0.00011190033554060883 6.370526207230757e-05 5.20184338404336e-05 0.0003470215234898042 0.00010228308125627345 0.0003460586719601374 2.4605433599551434e-06 0.0 0.0 0.0 0.0 0.0 0.0 0.0 0.0 0.0 0.0 0.0 0.0 0.0 0.0 0.0 0.0 0.0 0.0 0.0 3.993483875503228e-05 0.0 0.0 0.0 0.00010737129672071733 3.7303776080166683e-06 3.7589491320417946e-05 0.0 7.978711432505886e-06 0.0 0.0 0.0 0.0 0.0 0.0 0.0 0.0 0.0 0.0 0.0 0.0 2.6268228989914455e-06 0.0 7.926929496820683e-06 0.0 0.0 7.416645191372781e-06 0.0 0.0 0.0 0.0 0.0001893183692832278 0.0 0.0 0.0 0.0 0.0 0.0 0.0 2.642727507559932e-06 0.0 9.04337388145528e-05 0.0 0.0 0.0 0.0 0.00010512223205669851 7.623486373722938e-06 4.378684232507994e-05 0.0 0.0 5.795460870376851e-06 0.0 0.0 0.0 0.0 0.0 0.0 0.0 0.0 2.234584071353867e-06 0.0 0.00016587309215250454 1.5119316176061686e-05 8.712779296513563e-06 0.0034574323689295604 9.153466835330118e-05 0.0014021709450350614 0.00022340399479158735 0.0062534176389555845 0.0003522463719960768 0.0 8.218113782678474e-05 0.00032914564267722246 4.368024828033342e-06 2.523519398825047e-06 0.0 0.00021575005292823326 0.0 0.0 0.0 0.0 0.0 0.0005238175319958115 0.0002666452518151713
0.03990103325970891 0.03164101301002733 0.008850428799981864 0.0 0.00016558985271968496 0.009197871274433918 0.015097759225121042 7.748256288473822e-05 0.00029848592638936526 0.03203174669087144 0.00014386939761793811 0.004549268270529504 0.015976726519453758 0.004154301063564959 0.0 0.0 0.0 0.0 0.0 0.0 0.0 0.0 0.0 0.0 0.0 0.0 0.0 0.0 0.0 0.0 0.013599947981941408 0.0004168436886232366 8.951771152305798e-05 0.0 0.0 0.0 3.476863645474584e-05 0.0 0.0 0.0 0.0 2.373636656103667e-06 0.0 0.0 0.0 0.0 4.9485132526952755e-05 8.060666521493948e-06 0.0 0.0 6.884398296079082e-06 0.0 0.0 0.0 2.6936440849333717e-05 4.3261250017631575e-05 0.0012047143752139825 0.006339179842740897 0.0003495704795163242 0.00014000261388472278 3.105443801935119e-06 2.5778720312788585e-05 0.0 0.0005437711694405774 1.7432674617444913e-05 2.8650480874649492e-05 8.314988530269662e-06 2.134389481086015e-06 3.14297577876034e-06 0.0 3.5717858962719885e-05 7.824966984388024e-05 8.344369249473381e-06 0.0014429315734511207 0.0006460690440390931 0.00017400843823797395 5.588154365316881e-06 3.3024692771305913e-06 5.484083099575537e-06 5.828292648530454e-05 2.7482898673151176e-06 1.1502594231286094e-05 8.707180673570014e-05 2.5966742452502857e-06 1.5436918018272392e-05 2.840534299122407e-05 0.0 0.0 2.0974743863281646e-06 5.0015527424344385e-06 2.4983465215840127e-06 0.0 0.0 0.0 0.0 0.0009690629339579654 7.873046140799058e-05 5.306658456477931e-06 2.8755192677207432e-05 0.00936010627392742 1.822136112845772e-05 0.00040624986001335726 0.0005138752497986704 0.0005703591861404937 7.785584800663183e-05 0.00043383412418686307 0.0015866418634810258 0.00026905414891632433 0.002104493324051803 0.00036234083921888937 6.82150609639894e-05 0.0001468254988502467 0.0005524298033540328 8.146401250794918e-05 7.849736767805962e-05 0.0 0.0 0.0 0.0 0.0 0.0 0.0 0.0 0.0 0.0 0.0 0.0 0.0 0.0 0.0 0.0 0.0 0.0 2.4712745059049536e-06 2.908752838686232e-05 0.0 0.0 0.0 0.0 5.484103881962358e-05 0.0 1.8955412941028425e-05 5.266791417978911e-06 4.017754425438708e-06 0.0 0.0 0.0 0.0 0.0 0.0 0.0 0.0 0.0 0.0 0.0 0.0 0.0 0.0 0.0 4.799367152657357e-06 0.0 4.520786522698274e-06 4.742804254228174e-06 0.00010835027859284526 0.0 0.0 1.8755663790421835e-05 0.0 0.0 0.0 0.0 0.0 0.0 0.0 0.0 0.0 4.507912830940879e-05 5.414962570631146e-06 0.0 0.0 0.0 3.244492703302541e-05 6.535171912737879e-06 7.726393994764755e-06 0.0 0.0 0.0 0.0 0.0 0.0 0.0 0.0 0.0 0.0 0.0 0.0 0.0 9.73955180469692e-05 1.5747467365963242e-05 8.760742679823377e-06 0.0013216684421566477 3.7170948411638766e-05 0.0007437820203101527 3.9732878054335375e-05 0.011133300361881716 0.000250035282617379 8.652389228621772e-06 2.7290378413908676e-05 0.00044818901652819514 4.899065500078903e-06 0.0 0.0 0.0012741433002480347 0.0 0.0 0.0 0.0 0.0 0.003399490544435013 0.0011693626769006134
0.0005838445199314145 0.06727683008062932 0.03564261134160012 0.00016558985271968496 0.0 8.412590661399614e-05 0.01629959102499078 0.001410782471867129 0.06909515869749845 0.0019363475731435872 0.026035006345655306 0.00017951876594389304 0.0015871165543163478 0.0409365528626266 3.3473576444182524e-05 2.565067614144206e-06 0.0 0.0 0.0 0.0 0.0 0.0 0.0 0.0 2.256120199863579e-06 0.0 0.0 0.0 0.0 0.0 0.005985383596706696 0.0012118861856406445 0.00010133550089478332 0.0 0.0 0.0 9.78004395373679e-05 0.0 2.078582520857162e-06 0.0 0.0 0.0 0.0 0.0 0.0 0.0 0.0004590212507109071 7.949323954802386e-06 0.0 1.941848270494208e-06 6.4582845158469435e-06 0.0 0.0 0.0 3.1106176193750335e-05 5.5507084072976034e-05 0.00038128388123295895 0.0020222615687788452 0.00024151987483124978 0.00022161180200925944 1.8080350437359321e-06 0.0 0.0 0.0014718831696525813 2.6731960917843995e-05 3.6432801793014184e-05 9.68934061194546e-06 2.019436692774767e-06 0.0 0.0 0.00010853388793909101 1.0646125036360236e-05 0.0 0.0013720209620659573 0.0018682870075984186 0.001255443343392045 0.00017855184055952172 1.985545502884487e-05 2.3183362961220326e-05 0.0001601366348437897 2.411438972920066e-06 1.165222336130325e-05 0.00010084760817495474 2.0347279674882667e-06 3.460077390609869e-05 4.649897337376252e-05 4.612480609868522e-06 4.6642811314281165e-06 8.048430764530735e-06 0.0 6.379132852567399e-06 6.5176195819231616e-06 4.799779421143904e-06 2.5589893573675558e-06 7.5545731617592795e-06 0.0006679861927736963 4.249266970553764e-05 0.0 3.464424204224271e-05 0.0001782207982577621 2.419661870639228e-06 3.6530992657059915e-05 5.33205977101151e-05 4.874537248546833e-05 6.602490068064837e-05 0.00020727476241405723 1.1574475607390392e-05 0.00021560186538621906 0.0004935067964198284 0.00021754773411926956 0.00010684498598474242 0.00019451857460967963 0.000662182317909019 0.00029750529003649134 0.0007841227164388408 2.320252280120758e-06 0.0 0.0 0.0 0.0 0.0 0.0 0.0 0.0 0.0 0.0 0.0 0.0 0.0 0.0 0.0 0.0 0.0 5.588127669242752e-06 2.6680766295789635e-05 5.219716371880109e-05 0.0 0.0 2.4447588837202363e-06 0.0003812164476255594 3.564577111444734e-05 0.00011334943291267045 3.403486275444106e-05 2.0867050041658516e-05 0.0 0.0 0.0 0.0 0.0 2.5022117076078797e-06 0.0 0.0 2.033479165691519e-06 0.0 0.0 0.0 0.0 0.0 0.0 0.0 0.0 3.6215856991418726e-06 0.0 0.0 0.0 0.0 0.0002731003818012463 5.508875473278987e-06 0.0 1.8899808397867968e-06 0.0 0.0 0.0 1.724695307105556e-06 0.0 0.0 0.00027685016340005475 2.704261451539396e-06 2.817146476843122e-06 2.4025485043851866e-06 0.0 0.00024172040830575575 9.766385481881256e-06 0.0001642909606397467 0.0 7.087972926523336e-06 9.687578671052959e-06 0.0 2.379289634281694e-06 0.0 0.0 0.0 0.0 0.0 0.0 0.0 0.0 0.0006369011796392678 4.556118979562769e-05 8.27070271702984e-05 0.002883290218477003 0.00015917320039351694 0.0020632372088966004 0.0004922315205656695 0.0008459765789052776 0.00027572543684565795 8.466496354263009e-06 8.717837357748505e-05 0.000271707439790077 0.0 1.8928536245992993e-05 2.137361869289017e-06 0.0004383815893805532 0.0 0.0 3.394229766561174e-06 4.96283420959544e-05 0.0 0.0012399590028394074 0.0004246982947380673
0.0005372614037422854 0.0007885872550091993 0.00021963529817944615 0.009197871274433918 8.412590661399614e-05 0.0 0.0012645814002734054 2.6084606971481587e-05 0.0 0.011471481943887881 1.5748551091402878e-05 0.001467379471827613 0.0010172330810653053 0.0002489977706164987 2.5698992656365338e-06 0.0 0.0 0.0 0.0 0.0 0.0 1.3894342484061227e-05 0.0 0.0 0.0 0.0 0.0 0.0 0.0 0.0 0.00012283409894833254 0.0 0.00015821640549342752 0.0 0.0 0.0 0.00030804887646589764 0.0 5.640548147987115e-05 0.0 0.0 0.0 0.0 0.0 0.0 0.0 0.0 0.0 0.0 0.0 5.272054768644652e-06 3.089803416915514e-05 8.049761445552312e-05 3.1439179136295964e-06 0.0 0.0 0.0005902360230350908 3.804994436217951e-05 1.886630076973642e-05 0.0 0.0 0.0 0.0 0.0 0.0 0.0 0.0 0.0 0.0 0.0 0.0008876767278339148 0.004162277660093922 0.0002151647518096709 2.855772654782633e-06 1.739911021791522e-05 4.602505402119043e-06 0.0 0.0 0.0 7.96612034741677e-05 0.0 1.08365653672956e-05 0.0 0.0 0.0 1.0506825259481002e-05 2.8023869270997696e-06 1.4954314162446195e-05 4.206852687280368e-06 3.3247280582292225e-05 0.0 5.159245776463445e-06 0.0 0.0 0.0 0.004035845506008244 0.0031519873487976667 0.00035324759845645383 0.0009688222455328699 0.002415722864901518 0.0 0.0 0.0 0.0 0.0 0.0 0.0 5.2724388203946194e-06 8.059191647879577e-06 3.248753531903497e-05 0.0 0.0 7.674133895220159e-06 0.0 7.665820940491434e-06 3.230186784064385e-06 4.553985794277381e-06 0.0 0.0 0.0 0.0 0.0 4.4081304415745755e-06 0.0 0.0 3.5060366421875845e-06 3.1441483784720756e-06 1.399659199618702e-05 0.0 6.889327607893222e-06 0.0 1.1174234378088955e-05 9.828730783759246e-06 1.0313496176777405e-05 0.0 1.0885030907139026e-05 0.0 3.3825520927172504e-06 0.0 2.9575559993861395e-06 1.293524665272188e-05 3.9097289811276494e-05 3.095385312572108e-05 5.4153374815101605e-05 0.0 0.0 0.0 0.0 0.0 0.0 0.0 0.0 0.0 0.0 0.0 0.0 5.928642447745742e-05 0.0 0.0 0.0 0.0 0.0 0.0 0.0 0.0 3.8045805287952073e-06 6.225829295182651e-06 0.0 0.0 0.0 0.0 0.0 0.0 0.0 0.0 0.0 2.5736392504519866e-06 0.0001595334385695113 1.5226863507202098e-05 0.0 0.0 5.206758705762958e-06 3.2079084033163942e-06 0.0 0.0 0.0 0.0 0.0 2.1595483344400065e-06 0.0 0.0 0.0 0.0 0.0 0.0 0.0 0.0 9.728402206233265e-06 2.1897583891516626e-05 4.6501061750194375e-05 5.900911376960688e-06 2.2393454344484897e-06 8.680719339034775e-06 5.821188451487284e-06 0.00026689078811215875 3.016344809717686e-06 0.0 0.0 1.3425841589724806e-05 0.0 0.0 0.0 3.099502742703995e-06 0.0 0.0 0.0 0.0 0.0 0.0002595182597039463 3.949411968781427e-05
0.01248975951780849 0.10765008062353984 0.004761185436135353 0.015097759225121042 0.01629959102499078 0.0012645814002734054 0.0 0.0009997055767547172 0.029341406353754405 0.027329508745687455 0.007634386557355544 0.0025911089026803133 0.05675686027963992 0.08218412381900299 0.0001069313898562103 2.672682361319915e-06 2.562854205466436e-06 0.0 0.0 2.8514350496241827e-06 0.0 0.0 0.0 0.0 6.7825586869649115e-06 2.8749400980821416e-06 0.0 5.040539655299679e-06 0.0 0.0 0.011335232246194163 0.002278813323384885 0.0004348575602602529 0.0 0.0 2.4318153428676236e-06 0.0003051281786209089 1.5188675280048294e-05 5.1557440287652185e-06 3.988436729245432e-06 1.5913207745679642e-05 0.0 0.0 2.4056614693836013e-06 0.0 0.0 0.0012209670324972222 5.6453394681320114e-05 5.320262302758996e-06 2.698951129300186e-06 3.3293397712424776e-05 3.158362855208215e-06 0.0 3.234259793956471e-06 6.438639331094274e-05 0.00017100811242443353 0.0014716104136666946 0.007069786819419352 0.000951903616326 0.00075966902011435 2.3577533874982364e-05 4.127983191366614e-05 8.903141735738973e-06 0.003557400253939398 9.273928510604094e-05 0.00015641827131394347 5.5725591777645475e-05 4.083896568011543e-05 9.574785054458751e-06 0.0 0.00026598420278278094 2.666264794061839e-05 0.0 0.004555133399198344 0.0055739868430889974 0.0034523722896065852 0.0005191159594901502 3.0382480261429192e-05 4.899697994280764e-05 0.0001784208626923834 1.4353688821483887e-05 8.017799266669082e-05 0.0004019627261485217 8.180995527417253e-06 5.7565729188446334e-05 0.0001442575578599213 1.7257455948675318e-05 2.3548269064049862e-06 3.526532603788739e-05 2.2707227834495537e-06 2.2734603137852185e-05 2.367251056549549e-06 0.0 0.0 0.0 0.0029961137454878367 0.00022357819005452783 4.214024638283828e-06 0.00012476785019816599 0.002237223445800724 7.61488211075747e-05 0.00024450918209363733 0.00070542320355304 0.0008820914848613404 0.00041091150026099644 0.0011175345085149334 0.000277053046804934 0.000654236445857979 0.0023896725052759693 0.0019044392689655002 0.0004585359725167182 0.0007787598223642854 0.0024509935990909295 0.0008549618477338238 0.002907877809130249 4.088463539756258e-06 1.8164128124775405e-05 0.0 0.0 0.0 0.0 0.0 0.0 0.0 0.0 0.0 0.0 1.0548880024358628e-05 0.0 0.0 0.0 0.0 0.0 0.0 7.881089059669094e-05 0.00034786492901154394 0.0 0.0 0.0 0.001092157236161582 8.474275809915394e-05 0.00032480744834655317 8.482471149851704e-05 1.5376049110671228e-05 0.0 0.0 0.0 5.752481035841911e-06 1.1551422533605183e-05 0.0 0.0 1.369622652492634e-05 5.5684273182356345e-06 0.0 0.0 9.679782910519855e-06 0.0 0.0 4.542545681700706e-06 2.3557888098860946e-06 0.0 2.8112900002367342e-05 5.749613505762989e-05 2.002349059508637e-05 0.0 1.9168039399189793e-05 0.0008434787982390874 4.822744296506993e-06 6.915626113272523e-06 4.780215591832328e-06 0.0 2.0454099453521822e-06 0.0 0.0 0.0 0.0 0.0009881252038493819 1.217161542105394e-05 0.0 0.0 2.0220427702897228e-06 0.0005781017873556546 7.60283168875446e-05 0.00044848605664860194 1.5563305512360493e-05 5.316225991520713e-05 1.9471656046769376e-05 3.007637158601842e-06 2.507834188055653e-05 0.0 0.0 0.0 0.0 0.0 2.462616698724983e-06 0.0 0.0 0.001932694005547639 0.00017785657104623542 0.00029365875105144036 0.00919084402764169 0.0004221223878419769 0.006248027232211163 0.00114505914751376 0.004851255355275916 0.0010979643339858417 3.233926261992356e-05 0.0002921267527383466 0.0009541300851287441 0.0 6.514340999887653e-05 2.559390254678223e-05 0.0013583853170434292 1.3031117999643312e-05 0.0 5.219094657485398e-06 4.1106688273291336e-05 4.1639902478865984e-05 0.006056606561958992 0.0019596500284742337
0.001157128784776454 0.004853167461585392 0.01846809944186509 7.748256288473822e-05 0.001410782471867129 2.6084606971481587e-05 0.0009997055767547172 0.0 0.0034555378078544724 0.00024010902009226508 0.01929205287425966 0.0003101471372036752 0.0020677071851869194 0.030764791157868048 0.00024221414543826856 4.959914841823208e-05 9.407785735195935e-06 5.785598867498679e-06 0.0 0.0 8.801219166040008e-06 1.0981138801552738e-05 0.0 0.0 3.8144310422237544e-06 0.0 0.0 0.0 0.0 0.0 0.022803131838994788 0.02672628174608632 0.005532186075305268 0.0 0.0 9.829517135208582e-06 0.0009195452139726264 0.00023382441972781293 5.4442467784580147e-05 2.4570176871676963e-05 1.561576414283611e-05 2.465645824533633e-05 1.3096492461122448e-05 1.928142320177724e-05 2.4954542216033982e-06 2.4593971183925473e-06 0.0017584096419253068 4.84173767464468e-05 2.2057672813717448e-05 5.313755236067593e-05 0.0003699847166622968 1.1887854401013908e-05 0.0 1.5616169314897888e-05 5.84850789584327e-05 0.00011124934873165245 0.0005878895102661521 0.005610891280706472 0.0005354203410928648 0.000949603015735688 0.0004122741239800801 0.0028030616487461748 0.0 0.010272973178903218 6.856789875168776e-05 0.00011402296979406594 6.0916792247953666e-05 0.0003601455935023892 0.0005638143296354969 8.219113398588353e-05 0.0005301734336881245 0.0 0.0 0.003448896678378706 0.006103804647560052 0.004538158029682426 0.001800076979689215 0.0004516069186160838 0.015425000334556753 0.024932763173525177 0.0007927602722811088 0.00716118923001462 0.00024240466281610153 8.301135971196712e-06 3.723142802965264e-05 7.604320011783393e-05 6.751587540696841e-05 2.0651236443963654e-06 3.165227733774194e-05 2.457110379992172e-06 1.9560996655353925e-05 5.212742343542695e-06 0.0004605918395508542 7.033408719233928e-05 2.236266718147707e-05 0.003868198278602082 0.00023749288271935002 0.0 0.00019186792124046583 0.0006783173391105727 5.502684011631033e-06 1.708285010687323e-05 8.692143400174474e-05 4.94090730462848e-05 0.00010178165700611141 0.0002939323072437009 2.4442511514243063e-06 0.00014693017753615573 0.0005100516628478327 0.00033832002058121005 0.0002648314428161114 0.00016357602946786453 0.0007333492501292676 0.000274002050828922 0.0013971881035371914 0.0 7.86007120671497e-06 0.0 0.0 0.0 0.0 0.0 0.0 1.081970392412084e-05 0.0 1.0713826618275932e-05 0.0 0.0 0.0 0.0 0.0 2.3755254878295288e-06 0.0 0.0 4.9517490872196806e-05 0.00019063722326811467 0.0 0.0 0.0 0.0006498373511926844 6.647299276423827e-05 0.0002576702422203276 9.111838565581072e-05 3.437278132283877e-05 0.0 4.834531289084847e-06 0.0 0.0 9.939013279760396e-06 0.0 0.0 0.0 0.0 0.0 0.0 9.873463942099467e-06 0.0 0.0 0.0 0.0 0.0 1.8800869029971654e-05 0.0 0.0 0.0 0.0 0.0004978756309161355 0.0 0.0 0.0 0.0 3.846427807729606e-06 2.3948931516850044e-06 4.723680910139724e-06 0.0 0.0 0.00047048514661726854 0.0 0.0 0.0 1.2730466981766951e-05 0.0005045491003202352 9.97107340620168e-06 0.0003425781986675157 0.0 2.4076766512628395e-05 7.3822204348211625e-06 0.0 1.6756261825430775e-05 0.0 0.0 0.0 2.4144272435975495e-06 0.0 0.0 1.7380920053683817e-06 0.0 0.0008983891714941736 0.00011658067875365028 0.0001719158392644242 0.014125477759411881 0.0004312479805290816 0.007396999344625059 0.00189771294707935 0.0032259864276470928 0.0010843999100339891 1.4354087066083391e-05 0.0007242988731241332 0.0010788584320646614 1.4921597954638822e-05 2.062354703932974e-05 1.6661340723578334e-05 0.00011543938745421901 8.656633904408255e-06 0.0 1.7173428703654878e-05 0.00023509499724188757 5.857699134514583e-05 0.0016010850177743778 0.00051847153112938
0.0003324511806511779 0.04205347480386939 0.014702652718717544 0.00029848592638936526 0.06909515869749845 0.0 0.029341406353754405 0.0034555378078544724 0.0 0.0010768676460041517 0.021929450406707837 0.00010803516979224067 0.006170922345107702 0.04992858569676431 2.1736172330908966e-05 0.0 0.0 0.0 0.0 0.0 0.0 0.0 0.0 0.0 0.0 0.0 0.0 0.0 0.0 0.0 0.004060978912765752 0.000518024235197064 3.8270160108705703e-05 0.0 0.0 0.0 5.3343995974276563e-05 0.0 0.0 0.0 0.0 0.0 0.0 0.0 0.0 0.0 0.00012110773023668159 0.0 0.0 2.658190617130323e-06 1.910788064095295e-06 0.0 0.0 0.0 4.576152659779011e-06 1.236404900253676e-05 8.539443174065038e-05 0.0006658546913685285 7.488270808949174e-05 7.59418618204409e-05 0.0 5.995660441201244e-05 0.0 0.0004866932179085008 9.50671800666748e-06 1.2401571686424783e-05 8.729016085346209e-06 6.776987148709226e-06 3.877868348703607e-06 0.0 3.73343309197446e-05 0.0 0.0 0.0004637605984993855 0.000638433962276261 0.00044093928870927545 6.058034770835784e-05 1.3348438012413215e-05 1.0708804883977305e-05 0.0009550218752572921 0.0 1.884184209695958e-05 2.9449901910862006e-05 0.0 1.2478956846824475e-05 2.218818180993355e-06 2.8574332181784452e-06 0.0 2.09161358428192e-06 0.0 2.3014082310356952e-06 0.0 0.0 3.3070204508820744e-06 0.0 0.0003295600608735863 2.8287161160680696e-05 0.0 0.0 4.8144917120775474e-05 0.0 6.346203920979467e-06 4.05927433954004e-05 1.7869828913954265e-05 1.556031910027045e-05 0.0001126321048388415 0.0 5.561206638448766e-05 0.0001202049075330934 7.592402749122287e-05 5.276086653065581e-05 7.42465671701134e-05 0.0002077714969412223 9.483821679388405e-05 0.00026446057081656394 0.0 2.218567271689043e-06 0.0 0.0 0.0 0.0 0.0 0.0 0.0 0.0 0.0 0.0 0.0 0.0 0.0 0.0 0.0 0.0 0.0 1.1059127495982737e-05 3.0706023838721e-05 0.0 3.873581770218491e-06 0.0 0.00015832738664934336 1.8035617110056604e-05 4.046952783422128e-05 2.625640499455032e-06 6.525330861209022e-06 0.0 0.0 0.0 0.0 0.0 0.0 0.0 0.0 2.528127681899665e-06 0.0 0.0 0.0 0.0 0.0 0.0 0.0 0.0 0.0 0.0 0.0 0.0 0.0 8.981393149951644e-05 0.0 0.0 0.0 0.0 0.0 0.0 0.0 0.0 0.0 5.637216072425851e-05 3.0888486436516707e-06 0.0 0.0 0.0 4.550129495680724e-05 0.0 7.381276002061983e-05 0.0 4.348904863194783e-06 0.0 0.0 4.5032179714840865e-06 0.0 0.0 0.0 0.0 0.0 0.0 0.0 0.0 0.00022125307925787812 5.424537844156177e-06 1.4095932143120256e-05 0.0010565158376275295 6.618121531864735e-05 0.0007455061296553273 0.00016485251914858385 0.0003904917647375284 8.687348261477205e-05 0.0 3.405693939397065e-05 0.0001224423458878666 0.0 4.5615681551799465e-06 0.0 9.443422696267994e-05 0.0 0.0 2.61534730429093e-06 1.201320885841072e-05 3.930775574602088e-06 0.0003761862951085709 0.0001490865035868634
0.02892173198898257 0.01574794921658427 0.002481604552802879 0.03203174669087144 0.0019363475731435872 0.011471481943887881 0.027329508745687455 0.00024010902009226508 0.0010768676460041517 0.0 0.0005146031060944932 0.03605210941551296 0.1383143730535811 0.019728257249432165 5.394967515241144e-05 6.743130444064071e-06 0.0 0.0 0.0 2.459621669547719e-06 0.0 0.0 0.0 0.0 0.0 0.0 0.0 0.0 0.0 0.0 0.006012289729401692 0.0009508779491028708 0.0031862765170025576 0.0 0.0 0.0 0.004919877888726046 2.832499591829602e-06 2.494355205058012e-05 2.3393332146230895e-06 0.0 2.5058464287892696e-06 0.0 0.0 0.0 0.0 0.0004467419558300421 3.578145560083203e-05 0.0 0.0 6.963847333348923e-06 0.0 2.314471921118138e-05 0.0 5.852893807378895e-05 6.186927792858371e-05 0.0019759249374421473 0.004423420373036246 0.00039433262877927697 0.00035197186302430986 3.3368700410079924e-06 0.00012193776930444494 0.0 0.0012510274753130353 4.69596923624904e-05 4.4229062793023954e-05 1.3361161902022997e-05 1.9605726603406755e-05 1.5425465402471124e-05 4.587578410543653e-06 0.0008509684786514394 0.0005102102971719186 4.061777197867115e-05 0.0019888271123899735 0.0020373696048498124 0.0013029905840742744 0.00019265966884499125 1.56066786915826e-05 3.3809342937287963e-05 0.00016737129965632605 1.2761017428319998e-05 8.600001173780099e-05 0.00019225819773769246 1.7220199211753618e-05 2.0793483264671718e-05 6.771106679428625e-05 5.269735758407828e-06 2.3153101271570353e-06 9.085999198884288e-06 1.928349316129719e-05 2.4398849916042873e-06 0.0 8.855278716150885e-06 9.329024882166136e-06 2.760236360487768e-06 0.01070092910855154 0.0010026357893846583 2.4789238097478327e-05 0.00035149750893123953 0.013264403814924051 5.8649735612709466e-05 0.00022575203582628876 0.0011067710586258018 0.0010648830629405193 0.0008502110956528176 0.00342290331284387 0.00030392432253731924 0.0016366322339106038 0.004830073706531423 0.002925775020443986 0.0011351129350800344 0.0015295884508789112 0.004918182008113787 0.0016728168390921548 0.004273337832165136 7.551306778815871e-06 1.1934188310026895e-05 0.0 0.0 0.0 0.0 0.0 0.0 0.0 0.0 0.0 0.0 2.445302605027493e-06 0.0 0.0 0.0 2.829407240255515e-06 0.0 6.507354096608155e-06 0.00011486214348116869 0.00044509361095702 0.0 2.3873305256017962e-05 0.0 0.0012892415353115841 5.0057783423552964e-05 0.0005189255995853624 0.0001429888744154097 4.795624261686999e-05 0.0 2.07957821683717e-06 0.0 0.0 9.166670172914254e-06 2.8464922208104825e-06 0.0 2.667884671288977e-06 2.0378221776497938e-06 0.0 0.0 6.773160317171608e-06 2.5013677568441718e-05 2.863640224375892e-06 0.0 0.0 1.9970412210180977e-06 1.3969894232433247e-05 1.7651876926929188e-05 7.632648331193953e-05 6.923409877468517e-06 1.6248802741853178e-05 0.0010711463473345923 1.8159663290858606e-05 0.0 0.0 0.0 1.7636599169215246e-06 0.0 0.0 0.0 0.0 0.0013197943245296182 4.775056862743174e-05 0.0 0.0 0.0 0.000821478207038657 4.524348725177028e-05 0.0005521750035193227 7.230543648333328e-06 4.21560394761604e-05 1.4808076278655871e-05 0.0 1.5950994180021556e-05 0.0 0.0 0.0 0.0 0.0 3.096237373535555e-06 0.0 0.0 0.003147388930260364 0.00017363194806652247 0.0003608073743113435 0.005810236570907128 0.0001496654120094469 0.002465343788023303 0.0004013765329079884 0.024910625609837277 0.0005398710296385881 2.715953385817852e-05 6.459432041524495e-05 0.0024285547450310636 9.443681310262057e-06 6.271519085374155e-05 1.9311163135244237e-05 0.00280394375124114 1.8731527498084473e-05 4.698106915936779e-06 3.0771959762569307e-06 3.686287419552963e-05 0.0 0.025296757126414538 0.006839594485564902
0.002012093488652285 0.03311549981349033 0.10063458007503394 0.00014386939761793811 0.026035006345655306 1.5748551091402878e-05 0.007634386557355544 0.01929205287425966 0.021929450406707837 0.0005146031060944932 0.0 0.0001547968871103166 0.005970213025251043 0.045681924188702025 0.00011258634709193468 2.9364397088827283e-05 5.154188729003473e-06 0.0 0.0 0.0 0.0 1.5257604543448926e-05 0.0 0.0 0.0 3.3640743543202365e-06 0.0 0.0 0.0 0.0 0.03562932480874227 0.008826974861157825 0.008641914721663422 0.0 0.0 0.0 0.0009460729968949581 0.00028190405447166874 8.709085472251605e-05 1.738973094088379e-05 8.949970535898308e-06 0.0 2.976869764205874e-06 0.0 0.0 0.0 0.0005720270772707278 5.102104181490647e-06 0.0 2.3239185972886162e-06 4.2462128382959294e-05 4.595237818343705e-06 5.010955843177587e-06 4.631375178739436e-06 1.7456895897917e-05 3.329511487825625e-05 0.0002668936412128406 0.002660207132461569 0.0001884335439576648 0.0002507336907779629 2.501466718177192e-05 0.004712457122948139 0.0 0.0041773991722755255 2.5689199252259925e-05 4.385016000611369e-05 1.8462676742332875e-05 4.831408642535497e-05 7.325026478371323e-05 3.1380884034373294e-05 0.0003339978567361678 3.681280824293843e-06 0.0 0.001124825794348997 0.0017065640655027823 0.0017280015722940876 0.0004632021549830967 2.7817759696248663e-05 0.001358092677382229 0.013102229262776727 6.335806019757532e-05 0.001989088289038188 9.011828414772201e-05 4.97559064138166e-06 1.9120864394879252e-05 3.7086394341560494e-05 2.2925824751362066e-06 2.0631447556609424e-06 2.1199536634820987e-06 0.0 1.5053289519353834e-05 2.4038218057436348e-06 9.84086279775084e-05 1.7920996164084525e-05 2.5184572824902397e-06 0.0015058811723940378 0.0001979692621799984 0.0 9.765266037770287e-05 0.0002102003687884735 1.8583893984089696e-05 3.122675543312798e-05 0.00014599565780652691 7.999533863438888e-05 4.883233308835554e-05 0.00013751714669824348 7.359181722847986e-06 0.00013019188064795122 0.00031220475046519173 0.00023427189323971053 9.301976386066309e-05 0.00013958369486543086 0.00046953706832330726 0.0002145337059543138 0.0006708002759605142 0.0 7.181310173952461e-06 0.0 0.0 0.0 0.0 0.0 0.0 0.0 0.0 0.0 0.0 0.0 0.0 0.0 0.0 0.0 4.15691970817233e-06 0.0 1.6939148350125144e-05 4.519407738054516e-05 0.0 9.786175214047958e-06 0.0 0.00038549238924579773 1.424761197093299e-05 0.00011375521763245348 3.542002961850146e-05 5.543777886802517e-06 0.0 0.0 0.0 0.0 2.2123215730803586e-06 0.0 0.0 0.0 0.0 0.0 0.0 0.0 3.45740551909956e-06 3.0345035469251123e-06 0.0 0.0 0.0 4.574479762121102e-06 0.0 7.56979820317494e-06 0.0 1.784947907111834e-05 0.00021761417287550146 0.0 0.0 0.0 0.0 0.0 0.0 2.0583213833308435e-06 0.0 2.5105337863113057e-06 0.0002146796745118879 0.0 3.0969615467869226e-06 0.0 0.0 0.0002094023043521292 6.921696259849436e-06 0.00015435308008454932 2.4490775650793054e-06 1.0462847363491131e-05 4.767954152569957e-06 2.3819687035942676e-06 1.071891559964736e-05 0.0 0.0 0.0 0.0 0.0 0.0 2.7736088971138815e-06 0.0 0.0005314704891457478 5.2795985554097275e-05 0.00012817024051528584 0.004735096669983106 0.00018575080849688545 0.0024515277351558735 0.0008245197372288405 0.0009289065961862612 0.00034590891036352455 1.4447680291691666e-05 0.00020144423591238718 0.0003920326029993712 0.0 6.837939354820174e-06 9.551516046605586e-06 0.00025849478054512035 0.0 0.0 0.0 0.00011946918789173962 8.26156715150046e-06 0.000776452866587668 0.0002197454791289881
0.0012542831786440548 0.00044160583797774896 0.00011775495896635501 0.004549268270529504 0.00017951876594389304 0.001467379471827613 0.0025911089026803133 0.0003101471372036752 0.00010803516979224067 0.03605210941551296 0.0001547968871103166 0.0 0.03371157456970441 0.008502113812332257 9.653047028827328e-05 2.5986503292083012e-05 0.0 4.008932555676592e-06 0.0 0.0 0.0 3.14332080017408e-06 0.0 0.0 0.0 0.0 0.0 0.0 0.0 0.0 0.00012373593795227787 0.00014721620772249674 0.004925583596888314 0.0 0.0 0.0 0.015987159882355075 0.00016870093784138597 0.00021850032624627115 7.071723465503604e-06 1.5247624604749602e-05 5.52828216747069e-06 0.0 0.0 0.0 0.0 0.0002125480820359356 7.782189465543982e-06 4.147185103014998e-06 5.9521783149626956e-06 6.350919360068089e-05 1.6103200326004616e-05 0.0 0.0 5.14263574948048e-06 1.4457742008238322e-05 0.000160038213683864 0.0001986568766785095 3.5932305484871876e-05 0.00013563343842210197 2.494179669922489e-05 0.0005957667399521071 0.0 0.00027551813642324774 0.0 9.69393994000787e-06 8.259442110207307e-06 0.00018241102216322262 0.00012098573678122511 0.0 0.0027688869276248492 0.0001235215515807739 0.0 0.000365208579994044 0.00048018598056497644 0.0006146720675098575 0.0001908060391031557 2.3634515631435364e-05 3.121317557952113e-05 0.0005349674915323176 6.4822207565908324e-06 0.00029114464100497085 2.0782936963690874e-05 0.0 0.0 4.842037109977409e-06 3.1406930954598316e-06 0.0 2.6841089568970318e-06 5.245370015002954e-06 1.3955412625993326e-05 0.0 0.0002031276146517535 3.11753463976681e-05 0.0 0.01546745189551842 0.000725429855345926 1.4681920601110208e-05 0.0005646954680304676 0.0018191505036655015 1.235190178192066e-05 5.2361928002186864e-05 0.00031812075289630994 0.0003909620177729325 0.00026233560640134536 0.0007750736167901647 4.8570965005634765e-05 0.0006269776590375144 0.0020111107287787804 0.001694568668501578 0.0005591446146702462 0.0008090313387039731 0.003875440389253827 0.0015402946910811847 0.0031013952789325483 2.3857599516305474e-05 1.8725148994955125e-05 0.0 0.0 0.0 0.0 0.0 0.0 0.0 0.0 0.0 0.0 3.3236041197159004e-06 0.0 0.0 0.0 0.0 0.0 2.4108068842281926e-06 6.999099279584796e-05 0.0002027833001770895 0.0 2.7429949882479044e-05 0.0 0.0014342258206289028 0.00013980733142662043 0.0005288331741827362 8.09173134056896e-05 4.5964492456366724e-05 0.0 0.0 0.0 0.0 1.614954319002981e-05 0.0 0.0 0.0 2.070939823447816e-05 0.0 0.0 2.5972618292211122e-05 2.196966430543943e-06 2.8449850753596638e-06 0.0 0.0 0.0 1.2030623822717417e-05 1.272510428115445e-05 7.4754529255037085e-06 1.2001481678555912e-05 1.0777954643433244e-05 0.0007186083313732952 2.997099643670714e-06 0.0 0.0 0.0 0.0 0.0 0.0 0.0 7.45541059440775e-06 0.0013471820128371263 2.1390370648368504e-05 3.049533098734654e-06 0.0 0.0 0.000648100702464944 1.9499380764564634e-05 0.0004230819106415399 3.956524444986825e-06 2.785621184281884e-05 2.059407592519147e-05 6.601070326912417e-06 2.7042697813903737e-05 0.0 0.0 0.0 0.0 0.0 0.0 0.0 0.0 0.0029147926752502223 0.00029494113684736727 0.00034533935975973574 0.002319313248416676 6.318204875678159e-05 0.0009065277810902238 0.0003600780894376296 0.0028740285048733907 0.00017983371659560277 0.0 4.130448218991175e-05 0.0009091684511414883 4.823326034375508e-06 6.0874121952708627e-05 2.2209391840828905e-05 0.0007605276756839545 2.995662786617601e-06 0.0 9.29641360006784e-06 1.6254528880791315e-05 8.030705585084159e-06 0.013934062384613248 0.002721186484593768
