0.0 0.06554461675935942 0.035418463193891365 0.029777787337835548 0.008925824483740071 0.00256056119571441 0.016036256789414262 0.005776244203852133 0.0014691949537643852 0.04459678747074825 0.0018432785983257191 0.00962189468470552 0.015234012787431646 0.010725973403670775 8.66703061513771e-05 7.310404933630659e-05 9.411972245166633e-06 4.656388282328754e-06 3.2841534964254e-06 7.72944311564765e-06 0.0 3.336572070898685e-06 0.0 0.0 1.594074449986088e-05 1.2536363939008746e-05 0.0 0.0 6.324332596621384e-06 0.0 0.01939280655550781 0.00031964325240256075 0.003421281967605146 0.0 6.112007867023926e-06 2.759817948727102e-05 0.001927460312991524 0.00022393116684120523 0.000485286624669713 5.5034981948875634e-05 8.501175609954232e-06 0.0 2.032153587844034e-06 5.756424029833112e-06 0.0 0.0 0.0004313012958971674 2.2409721690834025e-05 0.0 5.9666190013885505e-06 4.164469608974238e-06 0.0 3.946774667221701e-05 1.0444274655329032e-05 0.000130934839391704 0.00015892977779028312 0.004678001183202493 0.019675545488912958 0.00030676788061374945 0.00015225498029103291 8.823427403735032e-06 0.00015273057243158335 3.0526821508797367e-06 0.002429399510769214 8.656640636383971e-05 0.00014446263462558747 1.653291582683962e-05 2.4184480746679107e-05 4.657899147453855e-06 1.5737575739416027e-05 0.0022688276800414465 4.892201197960756e-05 0.0 0.002085443262561853 0.001879311325610281 0.00025909032091386516 8.384428223052382e-05 8.274044327722253e-06 1.2289980938785265e-05 0.000556856983321412 7.746250141509863e-06 2.108891063740826e-05 0.0002508512590106646 3.165711399532266e-05 3.0245268574565998e-05 5.475135097052798e-05 1.8618107068095174e-06 2.9829807080189972e-06 9.308692838716687e-06 0.0 0.0 0.0 2.0903947411076114e-05 0.0 2.3595888655833346e-06 0.0015070464045685366 0.00012791702916868463 2.948556161422608e-06 0.000685962570945129 0.021201382576058456 4.912030865577618e-06 9.463221601263002e-05 2.459721963308038e-05 9.014762232168254e-06 1.955652340415891e-05 0.0003515494370340743 5.324993349600215e-06 6.440600922829234e-05 9.249794639564365e-05 0.00015652399257721117 1.924257876426775e-05 0.0001785825915940445 0.00015140223179336705 7.656457559471086e-05 8.482240258414128e-05 0.0 2.6454091287940076e-06 0.0 0.0 0.0 0.0 0.0 0.0 0.0 0.0 4.12062884940475e-06 0.0 0.0 0.0 0.0 0.0 3.4274881286728782e-06 0.0 0.0 0.0 6.2677785822815495e-06 0.0 2.6993357780726607e-06 0.0 3.430269798415331e-05 0.0 1.8154071873817478e-05 1.0577951246893167e-05 0.0 0.0 0.0 2.0624131171846947e-06 0.0 0.0 0.0 0.0 0.0 2.431136570001159e-06 0.0 0.0 0.0 6.8980165671943216e-06 0.0 0.0 0.0 0.0 1.68862419233233e-05 1.5888479765015575e-05 0.0 0.0 0.0 1.1806634871737715e-05 0.0 0.0 0.0 0.0 0.0 0.0 0.0 0.0 0.0 0.00015923813360576916 3.4828942054743022e-06 0.0 0.0 0.0 5.329999443632182e-05 0.0 0.0 0.0 0.0 2.213672443496989e-06 0.0 0.0 0.0 0.0 0.0 0.0 0.0 0.0 0.0 0.0 0.00011578460679602097 3.1819857533573307e-06 1.155917908658731e-05 0.0038014892065571662 0.00012857903382763682 0.0032502096884352793 0.0005631915152807452 0.026008179566703954 0.0004343031503278648 5.096191354126661e-05 0.00014246730860769443 0.00022917687046525472 0.0 1.5300465270354676e-05 2.802154409723927e-06 0.00022262520679950843 0.0 0.0 0.0 0.0 0.0 0.004194165480521193 4.501369297809501e-05
0.06554461675935942 0.0 0.021003039551376907 0.04648573127213249 0.03911134968730428 0.002984230661879128 0.062160062983351826 0.007853233000198306 0.060855334016769874 0.07018067814504747 0.028402984729689815 0.009942907083940146 0.06759016305078165 0.06332782560767786 0.00044742505114363235 0.00014331208069736975 2.2325641172321956e-05 4.530783713711374e-06 2.336737635135454e-06 3.101336211989729e-06 1.1152846216230495e-05 6.991096238889967e-06 0.0 0.0 1.7249897225396918e-05 7.066528812462263e-06 2.7202138804262348e-06 0.0 9.258995012005002e-06 2.906896315756925e-06 0.027413306430121083 0.00043417053480188474 0.0025188761599722765 0.0 0.0 1.1069705291383398e-05 0.001545652404706032 0.00014571479562862813 0.0003105659248772398 3.187069660105603e-05 2.6784541041098265e-05 2.6017263013214435e-06 1.8867194446204486e-05 1.5778073881965945e-05 0.0 1.0659434349775858e-05 0.0028110155289526447 7.447863133916988e-05 6.702415339888382e-06 1.6395014691198775e-06 4.547824568367266e-06 0.0 2.9016095899682812e-05 2.2659085310596962e-06 0.00029849376727211926 0.00030759030968321104 0.004732853074415597 0.017502005552094864 0.0010308803739359127 0.0007801018907423913 2.3965371633681306e-05 8.637630653092056e-05 5.097454308644494e-06 0.0046974312833582225 0.00019241460497129167 0.0004013567953286251 7.265666993256152e-05 4.825956793830794e-05 1.2114906605589097e-05 7.85655892143276e-06 0.0021434955290375104 6.220836717166505e-05 6.5229557401988435e-06 0.005853461826435365 0.005109532132458888 0.0011997687730921002 0.00046789191264046066 1.1652789663117608e-05 1.6577130675274726e-05 0.00043984498853900955 0.0 3.291284214311077e-05 0.0005711681831430692 5.8427041201869324e-05 6.369652058230511e-05 7.652040520537019e-05 4.252138478663749e-06 4.8522687276293724e-06 1.3849760740859632e-05 0.0 0.0 3.595790913939481e-06 1.5022929094390513e-05 0.0 0.0 0.0023681787240651697 0.00035455075423521223 0.0 0.0007455250351014072 0.0234019423582324 5.8454993694854225e-05 4.7569636457312375e-05 8.484780491091096e-05 7.174368903506167e-05 0.00023190385756780235 0.000817809817730617 1.2915645961697254e-05 0.0007205643394908014 0.0007960298630187247 0.0007261393125627618 0.0003091288839854164 0.0013580841968855648 0.0009292904584632203 0.0004769612051610765 0.0008599273880034679 7.886802266918968e-06 0.0 0.0 1.1454097319610755e-05 0.0 0.0 0.0 2.5154096205748472e-06 0.0 2.7648342553292977e-06 0.0 0.0 0.0 0.0 2.944342592603516e-06 0.0 0.0 4.081292409970602e-06 0.0 2.7663036749052887e-05 7.134344557247018e-05 0.0 0.0 0.0 0.00022411484242799098 2.044946236511873e-05 0.0003334682457074007 6.737548962535478e-05 2.1314791112314312e-05 2.3642135415098482e-06 0.0 0.0 0.0 2.71328216814396e-06 2.8131330157265415e-06 0.0 3.053404657669432e-06 1.3699546296276921e-05 0.0 0.0 0.0 2.2128781324794833e-05 6.7304018747740295e-06 0.0 0.0 0.0 8.613710916207514e-05 4.548906170704544e-05 0.0 0.0 0.0 9.519854600253434e-05 4.938292610825252e-06 3.2845158659481406e-06 2.6086978221652524e-06 0.0 0.0 0.0 0.0 0.0 0.0 0.0006597387022416431 1.6795112313078828e-05 0.0 0.0 0.0 0.0002449455169729686 0.0 1.930254533964181e-05 1.5082905900936933e-05 7.706093850331578e-05 2.007355197877502e-05 0.0 0.0 0.0 0.0 0.0 0.0 0.0 0.0 0.0 0.0 0.0011163729093803902 0.00013636377438363759 6.42033925791121e-05 0.007308305682712352 0.00028623346342993537 0.010986241408605607 0.002579730481894319 0.018840594268098934 0.0008770337740623889 7.102264641914271e-05 0.0004886981865834531 0.00042029191192380697 8.709057778493125e-06 0.0001592779754651177 6.279518573528811e-05 0.0007818464750946154 1.2611505947286113e-05 0.0 1.204326179804454e-05 6.6459574985686956e-06 0.0 0.003522651576173588 0.0004357220318188616
0.035418463193891365 0.021003039551376907 0.0 0.0020951123391457663 0.01997167349029569 0.000318789845575459 0.002753810104425842 0.04188545581776146 0.02591489171855406 0.004792942843894071 0.030228709531673337 0.003912341062131333 0.01297594043665826 0.07466879551090937 0.0007223466958431958 0.0003844726003838586 5.22672271588918e-05 8.66107778422225e-05 1.1020811634818944e-05 6.941243735454382e-05 0.00042695926019947506 6.746037152369436e-06 1.5151120847464911e-05 4.530157361339701e-05 0.00019861917574279662 0.0001100066217795848 1.219787453061271e-05 5.087072310205194e-05 3.1597430358369576e-05 2.8091921541560805e-06 0.12330480733762528 0.010688687356098334 0.01034321070638313 3.9329667886219795e-05 3.1126074667260066e-05 0.00010247358424741162 0.0025368481426490883 0.0008063248951908449 0.0009398545779091727 0.00017711299622791016 0.0002997372626581951 1.8724296778027293e-05 0.00023196014073510672 5.439638974668037e-05 4.3667138620828135e-05 0.00015765544806900145 0.002644583334598947 8.433486434072593e-05 1.8883947525885182e-05 0.0001615269309435825 1.0554662494311054e-05 2.3636948396734984e-05 0.00012496430594377181 1.6089082361412068e-05 0.0003133900976999818 0.00028250816819651883 0.0050316920377226045 0.03274334221004092 0.0009058636909934316 0.0006892838920584703 0.0003572469946185938 0.0015696518757210502 8.652665230655208e-05 0.040202669140614926 0.0002322562156093598 0.00042184128383327486 7.999861799841673e-05 0.00011109258445650194 0.00012213338073329574 0.0003682581833707579 0.002962320644039727 0.00010445944066421399 0.0 0.005097650560946406 0.00926890561736291 0.001629183429273383 0.0006999665171275949 0.0001028857116817486 0.002081141425884435 0.010150218467278626 0.00029057401058506086 0.003790412289777442 0.0005871694055909008 4.7065084518353204e-05 5.605374535564785e-05 9.233719179729915e-05 8.296802045254795e-05 8.940528379953525e-06 1.1133415917776041e-05 3.086235001591341e-06 7.045995407606447e-06 0.0 0.0003059651465510745 3.0657212033821864e-05 1.923051193356902e-05 0.002430569677668818 0.0004394052322887769 1.220831088448042e-05 0.0011624190770243856 0.027598038021036882 1.9316300871843332e-05 3.089415594045045e-06 8.272136418701187e-05 0.0 0.0001377593269414483 0.0002604275156086387 1.2062401717225381e-05 0.0005231553432745252 0.0002498793249819179 0.0003573073914612706 0.00019516950401417743 0.0007019703054411548 0.0007018970052299231 0.00038955598627244856 0.0007042581090531002 1.1128199880087316e-05 1.2373747267295326e-05 1.604260791205667e-05 2.6320301037352115e-06 0.0 3.5383462667449345e-05 0.0 0.0 0.0 0.0 0.0 0.0 5.675847222799899e-06 0.0 0.0 0.0 2.7351305576795755e-06 0.0 0.0 1.7846189482579595e-05 4.705796827292588e-05 0.0 0.0 0.0 0.00017937072447161745 3.563736688150415e-05 0.00029062515770384204 2.0278837289748485e-05 1.9435301311715165e-05 0.0 0.0 3.6944101143916407e-06 0.0 2.9780574678809853e-06 0.0 0.0 2.503532531618005e-06 1.999361248076897e-05 0.0 7.812274687046945e-06 0.0 2.8650528856549006e-05 9.6279255065457e-06 5.019411297950735e-06 9.50154113657343e-06 0.0 4.435370479020362e-05 4.163243765708862e-05 0.0 2.307338640400644e-06 2.261888424408802e-06 9.020623577800711e-05 0.0 0.0 6.231482289207844e-06 0.0 1.9847587050191697e-06 0.0 0.0 0.0 3.0081985016436233e-06 0.000511271842162936 1.352883323282441e-05 3.063886586759458e-06 0.0 0.0 0.0002301119705993257 5.037989246737224e-06 1.9659374031476455e-05 0.0 1.9421345434556772e-05 2.705418303049336e-06 3.121083862808555e-06 2.3754243021142995e-06 0.0 0.0 0.0 0.0 0.0 0.0 0.0 0.0 0.0007357723625845091 0.00010821986825533273 8.815481986895659e-05 0.00719334995267061 0.0003545645700383199 0.010069484748661432 0.002569646196432977 0.008944868273429746 0.0009371921217870193 0.0001303719995337225 0.0004067495032274144 0.00021575135867969757 2.141561280514288e-06 0.00010471835908283016 0.0 0.00034427285388217115 1.2211963040969106e-05 0.0 0.0 1.7047655223146262e-05 0.0 0.0025555857323243045 0.0003450031856585048
0.029777787337835548 0.04648573127213249 0.0020951123391457663 0.0 0.008961062390122702 0.007151481627335921 0.04128648943905994 4.3234356681758896e-05 0.0004762087666116001 0.03254698471065823 0.0003886599643802258 0.015934006081955575 0.03258579951544396 0.0003542247881538234 7.825296551179836e-06 0.0 0.0 0.0 0.0 0.0 0.0 0.0 0.0 0.0 0.0 0.0 0.0 0.0 0.0 0.0 0.002012217503943277 1.92909982524988e-05 1.9543889394468994e-05 0.0 0.0 0.0 1.0580856713821133e-05 0.0 0.0 0.0 0.0 0.0 0.0 0.0 0.0 0.0 0.0001754127013186685 5.155068458461796e-06 2.2839866405712347e-06 0.0 0.0 0.0 0.0 0.0 2.0487898647406813e-05 3.702348797259387e-05 0.000859292312162201 0.0037202864407733867 0.00011028776621100715 5.2749002461950646e-05 0.0 2.8677840320080434e-06 0.0 0.0003940968906618551 2.0363886049208123e-05 4.6342713524219755e-05 2.174224391273495e-06 2.1520885988053158e-06 0.0 0.0 1.2822211361331491e-05 0.0 0.0 0.0006936189634901503 0.000520172755071482 7.411336360433284e-05 4.832176751355416e-06 0.0 4.3748660416144455e-06 1.2260885530837475e-05 0.0 0.0 6.154486280886666e-05 2.987793079452926e-06 9.389424043441825e-06 4.947770396853807e-06 2.5303450859810582e-06 0.0 2.541222496388001e-06 0.0 0.0 0.0 2.7114922710454965e-06 0.0 0.0 6.377338589204995e-05 0.0 0.0 9.039585288561233e-06 0.008879895108834975 0.0 5.434919223247133e-05 6.55531980309113e-05 0.00039119452935975084 0.0 0.0006291283294449765 0.00014570130331658816 6.301826026467002e-05 0.00011880272376818974 8.7884058775327e-05 3.489436017079132e-05 0.00010986858168602121 4.2890316769348725e-05 7.320574904974465e-05 5.472610936617495e-06 0.0 0.0 0.0 0.0 0.0 0.0 0.0 0.0 0.0 0.0 0.0 0.0 0.0 0.0 0.0 0.0 0.0 0.0 0.0 0.0 0.0 0.0 0.0 0.0 3.224579798069831e-06 0.0 0.0 0.0 0.0 0.0 0.0 0.0 0.0 0.0 0.0 0.0 0.0 0.0 0.0 0.0 0.0 4.3188282364253295e-06 0.0 0.0 2.177909287513723e-06 0.0 4.267535462953904e-06 0.0 0.0 0.0 0.0 0.0 0.0 0.0 7.754001649729878e-06 0.0 0.0 0.0 0.0 0.0 0.0 1.7914702435255126e-05 0.0 0.0 0.0 0.0 1.85419127372356e-05 0.0 0.0 0.0 0.0 0.0 0.0 0.0 0.0 0.0 0.0 0.0 0.0 0.0 0.0 0.0 2.7926014338796192e-05 0.0 0.0 0.001847514971497888 9.251557135723046e-06 0.0009889014784613542 0.0001410125421167525 0.018897073678218117 0.00011805501053217151 4.819988634758935e-06 9.927115512351521e-05 0.00016552089155448738 0.0 0.0 0.0 0.00016947814495123247 0.0 0.0 0.0 1.027657643933805e-05 3.350887750485664e-05 0.002142923261991298 0.0
0.008925824483740071 0.03911134968730428 0.01997167349029569 0.008961062390122702 0.0 0.0004321691197482688 0.04816582136308199 0.0021457236265039234 0.04276190261960661 0.07097840145757704 0.010162439052035531 0.0030683580998035376 0.0505744325338512 0.03506213792335815 0.0003485834183076733 4.1616437963735986e-05 5.255154809029895e-06 0.0 2.7794864102718885e-06 0.0 2.7375789702351753e-06 0.0 0.0 2.7234417222940966e-06 0.0 0.0 0.0 0.0 0.0 0.0 0.0018736934504423096 0.00011389744882475117 0.0002040844163288697 0.0 0.0 0.0 0.0001471656233042341 0.0 1.682397649653136e-05 0.0 0.0 3.6128431158956227e-06 1.811911419013065e-06 0.0 0.0 4.0713629641878325e-06 0.0017298285396939493 2.85239720448172e-05 2.4039475084953816e-06 2.0015469427285102e-06 2.4848401797224387e-06 0.0 3.2682003084016763e-06 0.0 7.797252442697018e-05 8.086279918011653e-05 0.001033714259675626 0.0028923466051710986 0.00037259955720460975 0.0003257296016054422 2.2536664310774337e-05 0.0 0.0 0.0012563262057596323 5.511731572723445e-05 0.00013687525896498564 1.681538045153863e-05 1.025158912612342e-05 2.150446216610103e-06 2.2694663747413866e-06 0.001233062660739971 4.973934406502239e-05 0.0 0.0021922120341547574 0.001690203224038417 0.0005760462933937944 0.0002576891613015604 8.344280023801327e-06 2.60184795926183e-06 4.701800903412717e-05 0.0 3.934914710828025e-05 0.00022243224670284102 1.6040250835967017e-05 2.574114283150443e-05 1.8115350606873936e-05 0.0 2.7335192410440626e-06 4.9723519975791675e-06 0.0 2.963883759762054e-06 0.0 0.0 0.0 0.0 0.0013529016865626293 0.0004939397674170855 0.0 0.00044381942509671697 0.001116116774398719 0.00011143232411415995 0.00010333714988457818 9.199495610562875e-05 1.8701792849375592e-05 0.0004820271109986848 0.0015550309470605764 8.310731488784245e-05 0.0012964641316114932 0.0005600001693068307 0.000934909464268748 0.0005492884614792077 0.0018458075876883523 0.001687041889813451 0.0008693363716301785 0.0012160065664738224 9.815994358741373e-06 1.929280489151567e-05 0.0 0.0 0.0 0.0 0.0 0.0 0.0 0.0 0.0 0.0 4.219733565490561e-06 0.0 1.7467632198936566e-05 0.0 0.0 0.0 0.0 2.1868018504834764e-05 6.744417129936356e-05 0.0 0.0 5.81725969679354e-06 0.0003830707824421179 5.8550226191235033e-05 0.0005077301440153101 9.374701944484577e-06 3.892770967914139e-06 0.0 0.0 0.0 0.0 0.0 2.9878023433144406e-05 0.0 0.0 3.1861112410834986e-05 0.0 0.0 0.0 9.057051387944528e-05 4.549354035623924e-06 8.187486005286725e-06 1.0301242865783311e-05 0.0 6.899603496435361e-05 6.575702828315436e-05 1.2702577146837495e-05 2.9062339310564255e-05 0.0 0.0002293167845375514 2.250205467296895e-05 1.0743453109211154e-05 1.9754923508178995e-05 0.0 0.0 0.0 0.0 0.0 3.013333806081391e-06 0.0006924331464312456 0.0 0.0 2.637902238603972e-06 0.0 0.0003056832076226132 0.0 1.6152416852704617e-05 1.007275046558527e-05 1.3881538948220648e-05 3.2820402198719405e-05 0.0 2.220843900050779e-05 0.0 0.0 0.0 0.0 0.0 0.0 0.0 0.0 0.0017600941076585561 0.00020063496205916843 0.00011108375049024659 0.005808568515105411 0.00022123321971225334 0.004560746833711454 0.0013750617464415315 0.005346367018505142 0.00041841209081924465 2.3044872870733766e-05 0.00021897946730212387 0.0006776903777155181 1.0571506538415068e-05 0.00015465376142953085 3.6842659256021705e-05 0.0010385905288733909 8.550815714251694e-05 0.0 0.0 0.0 0.0 0.0017214683118767424 0.0004038266033118573
0.00256056119571441 0.002984230661879128 0.000318789845575459 0.007151481627335921 0.0004321691197482688 0.0 0.0011638572463215095 3.359175111707326e-05 0.00016270043897203559 0.015444923547244926 0.00015628054164496379 0.001923020836910456 0.0017946108726479486 0.0003717376454829599 0.0 2.8218324885707273e-06 0.0 0.0 0.0 3.882821431829285e-06 0.0 3.880443223718185e-05 0.0 0.0 0.0 0.0 0.0 0.0 0.0 0.0 0.0005029393811894412 5.0962101980859285e-06 7.103232417808552e-05 0.0 0.0 0.00014233966078094679 0.00011871843862623052 1.685928036588647e-05 0.0001075281794309689 1.94752932902654e-05 3.719647254233086e-06 0.0 0.0 0.0 0.0 0.0 0.0 0.0 0.0 0.0 0.0 0.00018729052208336526 1.261881472477506e-05 1.0516736096448964e-05 0.0 0.0 0.00606046213190845 0.0007861467437983647 2.1739174561027958e-06 0.0 1.737036239710759e-05 8.553151602513501e-05 4.745401900108559e-06 0.0 0.0 3.3436189303753033e-06 0.0 0.0 0.0 0.0 0.0015007950684103389 0.0028406686743797536 0.00021979774995646128 0.0 0.0 1.563035733160878e-05 3.7557048819589105e-06 0.0 0.0 8.458438998505474e-05 0.0 3.865027339662366e-05 0.0 2.4861525228995582e-05 0.0 2.1719534430529534e-06 3.3811818425867583e-06 8.543829683745268e-05 2.8992941826533154e-06 0.00012855030153329704 0.0 9.864840207827725e-06 0.0 0.0 9.275192446016078e-06 0.004771250714867838 0.006740613845266383 0.00016396064558299618 0.0007283804622147824 0.004241220587786284 0.0 0.0 0.0 0.0 0.0 0.0 0.0 5.140964322314888e-06 5.114875204848106e-06 1.1259125030372776e-05 0.0 2.805438802071722e-05 9.799894027857031e-06 4.443231851429358e-06 0.0 0.0 0.0 0.0 0.0 0.0 0.0 0.0 0.0 0.0 0.0 0.0 0.0 0.0 0.0 0.0 0.0 4.308294593409573e-06 0.0 0.0 0.0 0.0 0.0 0.0 3.1834728077540383e-06 3.871169428664291e-06 0.0 0.0 0.0 0.0 0.0 0.0 0.0 0.0 0.0 0.0 0.0 0.0 0.0 0.0 0.0 0.0 6.56492605544022e-06 0.0 0.0 0.0 0.0 0.0 0.0 0.0 0.0 0.0 2.879319585829491e-06 0.0 0.0 0.0 0.0 0.0 0.0 0.0 0.0 0.0 1.1927404746363296e-05 1.631137764750304e-05 0.0 0.0 0.0 2.0716809967607527e-05 0.0 0.0 0.0 0.0 0.0 0.0 0.0 0.0 0.0 0.0 0.0 0.0 0.0 0.0 0.0 2.6046913694789212e-05 0.0 0.0 0.00017303379506956927 2.2018660426400667e-06 2.126952412731831e-05 0.0 0.00887164068622164 5.986658891694144e-06 0.0 0.0 7.857804520161853e-06 2.536934147000047e-06 0.0 0.0 0.0 0.0 0.0 0.0 0.0 0.0 0.0007131902361523785 1.3908808556956069e-05
0.016036256789414262 0.062160062983351826 0.002753810104425842 0.04128648943905994 0.04816582136308199 0.0011638572463215095 0.0 0.00010183533413841571 0.006379072557506762 0.07711885514481263 0.002235851278879315 0.00513034027684621 0.02652426650848945 0.015037155814863958 0.0001410501617654652 2.8121241663257826e-05 0.0 0.0 0.0 0.0 2.2317951981242658e-06 0.0 0.0 0.0 0.0 0.0 0.0 0.0 5.991221994565203e-06 3.0974039073997878e-06 0.0009812289413123753 7.836980103559954e-05 9.655443900188573e-05 2.7181661577843847e-06 0.0 0.0 0.00013093724539139963 1.3320204002682166e-05 1.249079113496994e-05 9.808724273686065e-06 0.0 4.124480606765052e-06 0.0 2.503429847851808e-06 0.0 5.7250863209473775e-06 0.0008746442195811435 1.4256394779726362e-05 0.0 0.0 2.1169979098778537e-06 0.0 0.0 3.7996952026661173e-06 7.824872757418693e-05 4.527410124142759e-05 0.0007223603559464626 0.002571427590311084 0.00023770550914611256 0.00020361579105863018 4.535242458624393e-06 6.738475571912622e-06 3.3456856271913423e-06 0.0006666277752760272 2.358367672850847e-05 5.426136003606677e-05 6.312539775320501e-06 1.1858891235623818e-05 2.2575822169745534e-06 0.0 0.0005906289557954623 5.5510605154985756e-05 0.0 0.0012613705065235858 0.0009512542115359669 0.0003553383725778263 0.00012221348076769714 0.0 2.1187584156084568e-06 9.785564619896961e-06 0.0 2.353837830591014e-06 9.943009824628867e-05 9.912424832394476e-06 1.3941933744663164e-05 1.755439923728817e-05 0.0 2.9641732089290886e-06 4.822082118644418e-06 0.0 0.0 0.0 0.0 0.0 0.0 0.0013097513428736451 0.00020248892099226885 0.0 9.21779320662466e-05 0.0013708186725955545 0.0003032540272527665 0.0009987148320614995 0.00805936507685189 0.001569748332423709 0.0002141050231594861 0.0017517007566998767 0.0003065614088588252 0.001292549529740047 0.0008827808789823756 0.0020321038959700043 0.000485771223032257 0.0012183515716403075 0.001131080580152359 0.0005079623313568992 0.0006885928710506294 2.2557538878722916e-05 8.217067486932114e-06 6.562097973379532e-06 0.0 0.0 0.0 0.0 0.0 0.0 0.0 0.0 0.0 0.0 0.0 0.0 0.0 0.0 0.0 0.0 0.0001156496269391199 5.855963626550471e-05 0.0 0.0 0.0 0.00014895119559313224 6.104014605502188e-05 0.00031584679471487095 2.0088749176172245e-05 7.456811019625993e-06 0.0 0.0 0.0 0.0 2.3072534426381104e-06 0.0 0.0 3.477342027268331e-05 0.0001198931107760765 0.0 2.8690733457462957e-06 0.0 0.0 0.0 2.340961509535429e-05 1.1530471719103811e-05 2.129803989284677e-06 0.00027042109921575244 0.00019874119177421521 1.4916568988933325e-05 0.0 0.0 0.00012529765986170875 2.0818535538008477e-05 2.131633899568121e-05 3.18127440784657e-05 0.0 2.5015368949445153e-06 2.614049097350405e-06 2.1577269048803983e-06 0.0 0.0 0.0004828944748190727 2.1059673667239315e-05 0.0 0.0 0.0 0.00013061005435964767 6.848162668598868e-06 0.0 2.8918903110678485e-05 0.00022691526442120296 4.794039330912938e-05 2.4045699358172963e-06 1.1926767623357454e-05 6.089259134320927e-06 2.193481689904464e-06 0.0 0.0 0.0 0.0 0.0 0.0 0.0009312877808618723 5.5857015537020323e-05 1.9877183041499702e-05 0.0033838720140247193 0.00010834683096557514 0.0026964261805413805 0.0006770662568555467 0.005679580377805942 0.00015979413587825404 1.316035849050687e-05 7.298338158738324e-05 0.000492832521855432 6.766133593154964e-06 0.00048569276649617873 5.846676456563988e-05 0.0011863130250298669 0.00011869937516181037 0.0 2.625428467675291e-05 0.0 0.0 0.0016182362277613078 0.0006469644254109729
0.005776244203852133 0.007853233000198306 0.04188545581776146 4.3234356681758896e-05 0.0021457236265039234 3.359175111707326e-05 0.00010183533413841571 0.0 0.0033298143570023157 0.00037704251802298216 0.030857172484264946 0.001156288946030692 0.0036833851384836516 0.035568699609823715 0.003670230633525881 0.002940608160933186 0.0002373526968405025 0.0003651889531356873 7.475147977798153e-05 0.0004469297559973786 0.0016792628106301684 6.925040069729235e-06 9.566651331538065e-05 0.00015215030795697195 0.000787366272384163 0.0004032200955081086 8.031684968554661e-06 0.00014256243116547775 4.907013852094425e-05 5.164218474932307e-06 0.04373683340691609 0.07510607699494676 0.008605759179665988 0.00017846990527568723 0.00014240231369013907 0.0005914546478648202 0.0016004567457085148 0.0010494505340099183 0.0007279356701815155 0.00047281919762595816 0.0010684341588254988 7.380835003382377e-05 0.0007576133060589043 0.0009540524403378681 0.00020689948229208637 0.0011586652624910358 0.0075027161544655 9.021540625682235e-05 6.50347205362682e-05 0.00043306900474515236 3.113050774123153e-05 1.1777100639506481e-05 0.00013445654638660908 3.909612575138916e-05 0.0002346832859394238 0.00023328645020657824 0.0028423366017661053 0.010564232561421793 0.0012542905868737112 0.0013697635719710191 0.004215033390580865 0.004294077886463545 0.000587197782212485 0.03685150292087039 0.0001539990899168599 0.0003913645894883855 5.375720023004082e-05 0.0001964577812416583 0.00032207103203190095 0.0014662275834071055 0.0017455804044747 0.00014596896994563318 0.0 0.007452312309521493 0.010147843838589682 0.004917613434457958 0.008134033232101984 0.0076815473378768675 0.011651561395622448 0.02089520672930193 0.00985911287827573 0.0356780320365955 0.0003792648672447229 4.913756287688104e-05 4.820275981885102e-05 7.734658520863904e-05 0.00019264640083102238 1.2167913937526176e-05 1.025720901608826e-05 0.0 3.2983379937806348e-06 7.753831626247443e-06 0.0008528000484509015 9.476154584411312e-05 5.482594570409493e-05 0.0010423842367939939 0.00037570291584034226 0.0 0.001133227098714912 0.004679611725245245 8.849906421879258e-06 1.4200166302688781e-05 3.813679243451689e-05 0.0 9.573191487553188e-05 0.000152443233304331 0.0 0.00013666056097544406 7.873852709271442e-05 0.00010395716804443459 6.056672534128814e-05 0.0003459704282296726 0.00019191257845771275 0.00020821517608514198 0.00035634279132289057 2.5258441700357972e-05 5.880915818940722e-06 0.0 0.0 0.0 0.0 0.0 0.0 0.0 1.1339185814276581e-05 8.711225298862208e-06 0.0 0.0 0.0 0.0 3.310606099542814e-06 0.0 0.0 0.0 1.9997822887225698e-05 1.3146789165642242e-05 0.0 1.3382246017874102e-05 0.0 0.00016211545904309567 2.340095319881585e-05 0.00015952582003481768 3.95497348229715e-05 1.8531707235820515e-05 1.3545582220036165e-05 0.0 0.0 0.0 5.973293632212703e-06 0.0 0.0 3.196403893484926e-06 1.807815136633443e-05 0.0 0.0 2.1809706403041426e-06 5.777665729450108e-05 1.9374602556443e-05 7.844466605813801e-06 4.227943802274785e-06 0.0 2.8277549794096145e-05 7.866419167286137e-06 0.0 0.0 0.0 6.997361846045432e-05 5.871569177939648e-06 0.0 0.0 0.0 2.1398947155480503e-06 3.1021297789219726e-06 0.0 0.0 3.020791400622799e-06 0.00020463632687649718 2.453908815798447e-05 0.0 0.0 8.08679750372011e-06 0.00014404302857630045 6.305314521402244e-06 0.0 1.673614057970046e-05 1.2963785115805735e-05 1.1925007675690797e-05 0.0 0.0 0.0 0.0 0.0 0.0 0.0 0.0 2.674336931536465e-06 1.733916532033643e-05 0.0005009249701286552 0.00013899786169710175 5.506271419262289e-05 0.01915046326634963 0.0007782122051134852 0.017738714554354506 0.00640793237968955 0.0037259139258025197 0.0010556826590027715 0.00015946783012194292 0.0010965747258711892 0.00017923688938989245 2.828424897973395e-06 5.914606027791744e-05 1.3023095966042396e-05 0.0001715985557941872 2.155823125532539e-05 0.0 1.0925095855060286e-05 0.0001764765823353203 0.0 0.0016186680968937814 0.0002190664185015779
0.0014691949537643852 0.060855334016769874 0.02591489171855406 0.0004762087666116001 0.04276190261960661 0.00016270043897203559 0.006379072557506762 0.0033298143570023157 0.0 0.02216432776482933 0.016256897201420616 0.008133638897978525 0.019450681076384178 0.009215312367577414 0.00017245374749581181 8.532529279468842e-05 6.281095476220939e-06 0.0 0.0 0.0 0.0 0.0 0.0 0.0 0.0 0.0 0.0 5.3037463669778525e-06 0.0 4.566489947172073e-06 0.0007445176519206581 4.486710855346445e-05 0.0003200934345894675 0.0 0.0 0.0 0.00018691002348127287 3.928413879719016e-05 4.090392237890171e-05 1.0271847033410866e-05 0.0 0.0 0.0 9.299237747288633e-06 0.0 0.0 0.0006099208218373982 2.0602692029205598e-05 0.0 0.0 0.0 0.0 2.7960110557770587e-06 0.0 1.90943285187562e-05 1.5711444581131928e-05 0.00021495734659844588 0.00036119033864350923 9.444759506551855e-05 9.302881607226646e-05 2.985333691639705e-06 0.0 0.0 0.0002512540982146936 1.1038290755694332e-05 2.660099734342526e-05 4.457325198339961e-06 7.418954751799873e-06 0.0 2.888437048569774e-06 0.0007017898647650469 4.858095808135501e-05 0.0 0.0004633175309249967 0.00034583120150613703 0.00020817052129629553 8.215352165779062e-05 7.689263999653942e-06 3.414863978112685e-06 2.9928735820111238e-05 0.0 0.0 4.498929367825891e-05 0.0 1.3951372652236762e-05 0.0 0.0 0.0 0.0 3.260668677376669e-06 0.0 0.0 0.0 0.0 0.0 0.001950107834101017 0.0001839043528232866 0.0 0.0002473375468398604 0.0003563477333511815 0.0 3.1575067991939046e-05 0.00010662065956123037 1.8310873519206017e-05 0.00029426073578686337 0.0008928904255803094 5.704728855051833e-05 0.0009890924845901228 0.0004983627320601615 0.0008999728115937967 0.00029033205489214814 0.001560721086301052 0.001321562885731773 0.000775407188021736 0.0006771684078566965 0.0 1.4319788425797266e-05 0.0 0.0 0.0 0.0 0.0 0.0 0.0 0.0 0.0 0.0 8.329439243244742e-06 0.0 0.0 0.0 0.0 0.0 0.0 2.3685107827166864e-05 0.00010410128805867641 0.0 0.0 0.0 0.00032343816257892634 3.6777702100793394e-05 0.00021714818566954128 1.6839614192403868e-05 3.7845169794430795e-05 0.0 0.0 0.0 3.132355266361884e-06 6.203947228055096e-06 0.0 0.0 7.358653524079092e-06 4.9840646064887776e-05 3.3655370779042576e-06 0.0 0.0 1.952536501982139e-05 0.0 0.0 6.060911904104377e-06 3.2056420840590205e-06 3.6637232940891025e-05 2.5898095898243853e-05 0.0 1.657557218869284e-05 0.0 0.0001917220779348799 9.365334655117475e-06 0.0 1.4925813690253463e-05 0.0 0.0 0.0 0.0 0.0 0.0 0.0003848788203392768 1.4299903491247546e-05 0.0 0.0 0.0 0.0002376737971623399 0.0 3.11287228667086e-05 2.1956785272328802e-05 2.8945194247293965e-05 9.770992640141384e-06 0.0 0.0 0.0 0.0 0.0 0.0 0.0 0.0 0.0 0.0 0.0014164869703046682 0.00010235206303269243 8.533897912696053e-05 0.003029167365843303 6.540444087731481e-05 0.0013000009478157134 0.0004323318407779403 0.001719090272486974 6.97150095813073e-05 1.0226457460367903e-05 0.0001505608116217771 0.0005537833640994217 3.6301494229688398e-06 5.2334006950970125e-05 2.3729448239989985e-05 0.0007713031027920108 3.303902337780644e-05 0.0 4.790319351052593e-06 0.0 0.0 0.0011739824047583532 0.0003312250410779072
0.04459678747074825 0.07018067814504747 0.004792942843894071 0.03254698471065823 0.07097840145757704 0.015444923547244926 0.07711885514481263 0.00037704251802298216 0.02216432776482933 0.0 0.004325901259986004 0.025082686645596146 0.15467445692573417 0.016647457197377258 5.8194686627117324e-05 0.0 2.3426120022600014e-06 0.0 0.0 1.6878163389630503e-05 0.0 0.0 0.0 5.9524733824882725e-06 2.474868693122349e-06 0.0 0.0 0.0 2.8625659480848457e-06 0.0 0.0027660840691153773 3.770377387633425e-05 0.0002881355261730943 0.0 0.0 0.0 0.001484624576052421 6.0053426494049335e-05 0.00010417303424783794 2.656265146749655e-06 0.0 0.0 2.635177584394744e-06 6.05764239346183e-06 0.0 0.0 0.0003620979565464812 7.465737810517812e-06 0.0 3.4854471620092533e-06 2.937422785685436e-06 1.9827394436386017e-05 0.0 5.5794435362162414e-06 3.92441825347325e-05 2.496746027574667e-05 0.001802472551992114 0.004808062055017104 0.00015172733882832062 7.891685456667738e-05 1.9815079825294942e-06 2.589598827673839e-06 0.0 0.0005190010631691328 1.6957137437008718e-05 5.242874035216124e-05 9.214633020709275e-06 5.068096052577796e-06 0.0 7.65328766324303e-06 0.0019741651703946285 0.0001499396970522867 1.3504420353432277e-05 0.0008051525319375678 0.0006032112813230592 0.0001245997328125271 2.9188091766127516e-05 6.740445909687194e-06 0.0 6.0903108058285304e-05 4.335839885734676e-06 0.0 8.304507382984284e-05 6.090657084507475e-06 1.438107166004297e-05 1.1076729828302146e-05 0.0 1.5149175622567943e-05 1.8088735049084077e-06 7.297901938753303e-06 0.0 0.0 0.0 0.0 0.0 0.00503030648715889 0.001113784345947359 2.9187630619286198e-05 0.0003877091484213299 0.020412848217981165 9.584181719888025e-05 0.00010172927371329792 0.00023591737794799737 0.00018543091424097477 0.000512636405429785 0.002643736785075601 0.0004797916699687965 0.002506892880003356 0.001538565509907898 0.0034890376399684 0.0004441604341638326 0.0035547462176977636 0.003882145597601647 0.001968846286171053 0.001189478533945197 2.6566029614587418e-06 7.933105762685353e-06 0.0 0.0 0.0 0.0 0.0 0.0 0.0 0.0 0.0 0.0 1.0863036911928632e-05 0.0 0.0 0.0 0.0 0.0 0.0 8.530330284293166e-05 0.00014373166758646131 0.0 0.0 0.0 0.00021097492842415107 0.0 0.0003089354534408419 0.0 1.2966439453957677e-05 0.0 0.0 0.0 0.0 0.0 0.0 0.0 0.0 2.0764373385744303e-05 0.0 0.0 0.0 2.4515845910731248e-05 0.0 6.502560735201815e-06 2.2409589057636018e-05 0.0 3.687606719612848e-05 3.2324050823436054e-05 7.795067715356245e-06 0.0 0.0 0.0001985879280682276 0.0 3.1061688597470558e-06 0.0 0.0 0.0 0.0 0.0 0.0 0.0 0.0005674109614433031 8.40008703234421e-05 0.0 0.0 2.962504411707064e-06 0.0001869143458725616 0.0 1.6438828477677504e-05 3.9638541026984426e-05 5.914103081960824e-05 6.670139711529516e-06 0.0 0.0 1.0288232348950673e-05 0.0 0.0 0.0 0.0 0.0 0.0 0.0 0.0020429788001117602 4.8835701623585676e-05 9.766904858935883e-05 0.01133924873003389 8.616252488237952e-05 0.0014940206434751059 0.00032689048287903665 0.0478136418285091 0.00019846557031565228 3.2675712587209266e-05 5.3748274555276884e-05 0.003140613039405132 0.0 0.00011857898365454068 2.369251500993175e-05 0.0038653074488851666 2.9857025719084908e-05 0.0 1.0454894240192586e-05 0.0 0.0 0.015183398851501998 0.0005005198653710238
0.0018432785983257191 0.028402984729689815 0.030228709531673337 0.0003886599643802258 0.010162439052035531 0.00015628054164496379 0.002235851278879315 0.030857172484264946 0.016256897201420616 0.004325901259986004 0.0 0.015007213319791218 0.025009679847459547 0.03869179519940548 0.0018120914266315502 0.001197055866314971 0.00010450519930354706 6.658939981989079e-05 6.574032170880253e-06 0.00010918105657676391 0.0005944009064769742 8.110882539145672e-05 4.386110974334569e-05 5.035874742443079e-05 0.0009094886399114917 0.00021555619869495217 3.437901694929432e-05 0.00016326789811132544 7.982769063840868e-05 0.0 0.0048305830935373726 0.0036397309398775767 0.017968144484683066 2.2205541904539022e-05 0.00012170767095260205 0.0009777243185150927 0.009766846077688332 0.0030366325284759133 0.0032086058545318 0.0009272095431079249 0.0007318172182974398 2.349535399389471e-05 0.00017187341642556944 0.00014311956258734816 1.598450936273361e-05 5.209333499115613e-05 0.003255298647894526 8.878472785205554e-06 2.633670346685296e-05 5.8841007456910775e-05 1.952670028082459e-05 9.37705807186552e-05 0.0006453543288892702 4.34931169822568e-05 7.988390814018863e-05 7.070455834046843e-05 0.0007889072863559222 0.001660523256011795 0.0003935133563045586 0.0005154735009672988 0.0004421145365771084 0.005128641794714688 0.000168396075514429 0.0024331839583627063 3.124750547561988e-05 0.00014386348024444338 1.7472725090514383e-05 5.77600798189423e-05 0.0001400073763100849 0.0006902231702312891 0.013786758527351707 0.0005789338620948631 3.205320229978813e-05 0.0025995503729749204 0.0017840843682001763 0.001899249020083588 0.0009846120215024875 0.00021357772769642076 0.00016080163476426157 0.006025046195871984 8.101350955752654e-05 0.002504326020421298 0.00014659972320959008 1.2349894498084391e-05 1.3256029625149794e-05 2.0172745613049674e-05 3.970004488251041e-05 2.542282445844146e-06 1.1871628859186511e-05 7.913471026805081e-06 4.133296528952788e-06 0.0 0.0006501292464194783 5.919965394904123e-05 3.422062370552973e-05 0.008964852718036 0.0020332376551497667 5.1956851523961276e-05 0.005272747951484641 0.0007781146239119743 8.081622855774095e-05 7.637030404776865e-05 0.0001263607078749094 1.2345460866048974e-05 0.00040642170446402457 0.0007175208914380268 4.2565706225286425e-05 0.0009474442846028801 0.0003918544490917979 0.0006186912992037614 0.0005873488763518691 0.0016631221709729742 0.0013460459911468776 0.0011186053684885898 0.0016075786867364818 6.853802909295634e-05 2.598412573412183e-05 4.050714970201624e-06 6.65775497040247e-06 0.0 0.0 3.204486891689299e-06 5.278059055552713e-06 0.0 0.0 0.0 0.0 3.208059003205892e-05 0.0 2.8217868017356222e-05 0.0 2.4050701471348776e-05 3.409880095025798e-06 9.658708871911023e-06 3.4919361993668563e-05 0.00027419794290893854 0.0 9.83423821324509e-06 0.0 0.0004794348087232317 8.924323151649329e-05 0.0007214733019558423 6.645615405369354e-05 6.73416190502362e-05 0.0 6.46455602236587e-06 1.7945803711048765e-05 0.0 5.2869921711692635e-06 9.325327794861993e-06 3.71899134307437e-06 2.9275696644484463e-05 3.602768536282442e-05 4.900712212610134e-06 0.0 5.639781410136193e-06 0.00010000201724661944 1.7946007590410634e-05 0.0 2.970761525862812e-06 0.0 0.00010510581023159214 0.00010163707373640365 1.3876689000480973e-05 6.959092387673158e-06 6.577103010757771e-06 0.0002513923360489158 2.7738378916265793e-05 5.857782952221059e-06 1.2807877116817218e-05 0.0 2.5207082517276896e-06 0.0 0.0 0.0 1.9150497468972796e-05 0.0016557613236995205 6.657119428577811e-05 0.0 0.0 7.797580491287033e-06 0.00041016768656988224 0.0 2.7983010897845776e-05 5.961510670041542e-05 6.54716336367137e-05 6.58607387009925e-05 3.972492262917016e-06 0.0 0.0 0.0 0.0 0.0 0.0 0.0 0.0 0.0 0.0021761473295147087 0.000505324709452418 0.0002700409372192304 0.017152189895108985 0.0006668568644326056 0.008734994287420994 0.003737596085441049 0.0028201675421759558 0.0006389985493892506 4.1918331026676306e-05 0.0008339282064481487 0.0004991522481922372 1.631030653676796e-05 0.000219521336047094 9.53210879162121e-05 0.0007346128654955237 1.583889243496534e-05 0.0 0.0 4.142648490163486e-05 4.8788387101969155e-06 0.0018571584201111757 0.0008926177733939859
