0.0 0.0281636817382461 0.011039620747735662 0.031092303782699317 0.002674365611529278 0.003420101681048129 0.022660483867500844 0.00022020238654684235 7.317656126807771e-05 0.0198265525454714 0.00021664733742096683 0.004755784098941169 0.004218198558074644 0.0003955308680609204 3.526300410099255e-05 1.1181513808323772e-05 0.0 2.2993493889309974e-06 0.0 0.0 2.317871488867065e-06 0.0 0.0 0.0 0.0 2.8532305870730004e-06 0.0 0.0 0.0 0.0 0.006910688783643056 0.000110766655080061 0.00012252203856875666 0.0 0.0 2.8272761053159798e-06 0.00011853587089363907 8.483741831711218e-06 1.733141461769169e-05 2.0975553605890685e-06 0.0 0.0 7.348525979117455e-06 1.8249764677053868e-06 0.0 8.114148443830533e-06 0.0002633428736358198 2.2023273249879174e-05 0.0 5.1008901348257425e-06 6.481073445812807e-06 0.0 0.0 0.0 9.5422686512529e-05 3.42543470873903e-05 0.0003531850277859744 0.009119545457542146 0.0004896455753717335 0.00025825028025107003 2.718250312413258e-05 0.00012636418401464652 0.0 0.002759024412415787 6.464569466629691e-05 4.118830249599844e-05 3.400180987484505e-05 1.799469833215231e-05 5.403187915371521e-06 1.6309845143692486e-06 0.00013196299996088038 1.9601648210429334e-05 0.0 0.0023111031500794004 0.0024811897208148553 0.00121851889173744 0.00015461256188309392 1.028944078633891e-05 2.2621134065105144e-06 5.574300049075445e-05 6.395187995127636e-06 2.567835704185199e-05 0.0001941886046561868 8.875686640593366e-06 3.876709388326172e-05 0.0001616003848883626 6.187581366361497e-06 8.955075188095797e-06 4.2524563159015265e-05 0.0 0.0 0.0 2.1387670598825717e-06 0.0 0.0 0.0005586875109559629 9.800832441829658e-05 1.9435170184164344e-05 1.1952490561654864e-05 0.014953922324667183 2.6456173051763222e-05 0.00032595537780445624 0.00011462231823267663 3.910675976608747e-05 8.169815995127394e-05 0.0007229382868918746 0.0003179912352322976 0.0009712543687802981 0.0007069684925428924 0.0006095855887923485 0.00016996738340348825 0.0005828463244974129 0.00045949942932289786 0.00010223870817902851 0.00010431901307649436 0.0 0.0 0.0 1.1571070762864504e-05 0.0 0.0 0.0 0.0 0.0 0.0 0.0 0.0 0.0 0.0 0.0 0.0 0.0 0.0 0.0 6.946075473077105e-05 3.430697752499946e-05 0.0 0.0 0.0 3.376178822440324e-05 0.0 4.131582455745185e-05 0.0 1.2270466161491679e-05 0.0 0.0 0.0 0.0 0.0 0.0 0.0 0.0 0.0 0.0 0.0 0.0 0.0 0.0 0.0 0.0 4.4379716691510185e-06 0.0 0.0 0.0 0.0 0.0 5.463471527154019e-05 7.343115664137003e-06 0.0 0.0 0.0 0.0 0.0 0.0 0.0 0.0 7.685768964189523e-05 0.0 0.0 0.0 0.0 0.00027377321681800696 4.268403223346775e-05 5.476467326765088e-05 0.0 0.0 3.870018561202866e-06 1.1477961413072453e-05 0.0 0.0 0.0 0.0 0.0 0.0 0.0 0.0 0.0 0.0001093401697515239 6.484151932814282e-06 1.0734414277911329e-05 0.0013759311558667324 7.421655493055747e-05 0.0016740024459452525 0.00037705505559709675 0.009763934495544375 0.000714747616672539 2.9935243157519795e-05 0.00014670057083088862 1.8029987667835575e-05 1.9412276681170533e-06 2.8661213372544956e-05 3.849318921270533e-05 0.0005802299363340709 5.673652890503208e-06 0.0 7.431217388428625e-06 1.1862938481841374e-05 0.0 0.007448870619145556 0.0005831309809770859
0.0281636817382461 0.0 0.04336173704729087 0.017396373051647797 0.03812064585367918 0.005021799082190068 0.06598664389168338 0.007528111818257526 0.021850407774529724 0.02810388916790105 0.01298690786910322 0.0028764231134027632 0.014607960083272208 0.01566297848997824 0.0005586119994058053 0.00044976219338822664 3.919950440580866e-06 8.619189872625814e-06 1.7570633582748573e-06 3.165777151582298e-06 2.998514567692903e-05 0.0 6.8948868523566635e-06 0.0 5.869348934137256e-06 5.170400668979542e-06 0.0 0.0 2.4854713891683893e-06 0.0 0.0280060784825368 0.001885377482191658 0.0011709905853278131 4.1207241426683885e-06 1.0805132745826444e-05 5.392040393134389e-05 0.0005357571892145196 6.37910677255917e-05 0.00015496925345019939 2.995963415360003e-05 3.197562146038057e-06 1.8543554261876865e-06 1.553366871295511e-05 2.4882994814269664e-05 0.0 1.4844105267542063e-05 0.0017912680817625418 4.424219069207141e-05 1.2244945210649776e-05 1.4861032232293712e-05 1.2562460613177812e-05 0.0 0.0 4.41901482619103e-06 0.00023617811349502062 8.410844382737148e-05 0.00032181021067970785 0.012903528215255694 0.0007064538454211926 0.0005630343086090434 0.0001365891239125134 0.0001937713395678089 6.436922019039996e-05 0.008856478303911832 0.00013656400821004786 0.00017770897215984023 0.00012224613903646846 4.145017604393623e-05 2.593131175854039e-05 1.2091064361814243e-05 0.0008962272183774406 9.070311180045783e-06 0.0 0.0033240344508313024 0.004555888220459224 0.00673196850385702 0.0025673022766497106 0.0003132054524438451 8.166199156735117e-05 0.001593803247752231 3.37468124854665e-05 0.0005232040147015584 0.0005471433173590117 1.524182954587448e-05 0.00013031990472874784 0.0004635196242590774 7.579814843543228e-05 7.796568126142171e-06 9.173104848199788e-05 3.3160748721181444e-06 1.1232855370239369e-05 2.005713607247184e-06 1.2453756002172067e-05 2.194306423939605e-06 1.5071072640857016e-06 0.0015520084201526058 0.0014768987470929178 1.01056771457954e-05 0.0003604379838344301 0.014211614269749852 3.893030150529814e-05 0.0002262439032806435 4.989006189366137e-05 3.652991045721238e-05 0.000140877697919254 0.0007932593332865012 9.650700174145387e-05 0.0008708639604665578 0.0004327008508877359 0.00046962126347499766 0.0002768922387580257 0.000711612278266569 0.000570100825354113 0.00014600637093462631 0.00026011268461842305 2.2108681399053584e-06 0.0 0.0 0.0 0.0 0.0 0.0 0.0 0.0 0.0 0.0 0.0 2.5234973971707545e-06 0.0 0.0 0.0 0.0 0.0 0.0 0.00013176133980322176 3.9398266815356136e-05 0.0 0.0 0.0 0.0001214812854527726 2.2409956967842377e-05 7.603902300643495e-05 1.918897526359011e-05 1.514141400825572e-05 0.0 0.0 0.0 0.0 0.0 0.0 0.0 9.652247579178728e-06 2.2293179577531564e-05 0.0 0.0 0.0 0.0 0.0 0.0 0.0 0.0 1.5414259969112276e-05 7.62476880755434e-06 0.0 7.287105463149479e-06 0.0 0.00013707892522797418 1.7810536581206477e-05 0.0 0.0 2.0997152037968142e-06 0.0 0.0 0.0 0.0 0.0 0.0001258503150667983 9.81351596180951e-06 0.0 0.0 0.0 0.0006051547774539316 0.0 0.00020309532330231193 1.1267823227732394e-05 1.7120099474704158e-05 9.273818322162265e-06 6.943166088721491e-06 4.2067978742542545e-06 0.0 0.0 0.0 0.0 0.0 0.0 2.0415199746741998e-06 0.0 0.00019990277874800227 0.00018740602480219758 0.00012536904794006016 0.0034771507026461683 0.00012118169889026107 0.005408577788002338 0.0007064310216817943 0.008181074535217842 0.0013350182405850348 4.7229300716589486e-05 0.0005327560327344802 0.00013301273628455913 0.0 0.00010825098911786483 1.3412257569661601e-05 0.0003998950843908904 1.168541518145069e-05 0.0 0.0 7.094012598251719e-05 2.1627530230724234e-05 0.005373371164468911 0.0006810181431341384
0.011039620747735662 0.04336173704729087 0.0 0.00139286228300001 0.014292658089464127 0.0009794930716391969 0.003874176238367889 0.09850230877955156 0.02037206982600949 0.0018916813746904788 0.04238118520224881 0.00022982939209488255 0.002081752702441432 0.023307079936106517 0.0005410628732122951 0.0005749844826960975 3.3178657898099585e-05 4.64821627764396e-05 4.169781014169558e-06 0.00012699383103643703 0.000425793702612088 5.566274595885184e-06 4.912037738299275e-05 2.121361285218086e-05 0.00011489137204380441 8.743309275312399e-06 0.0 5.7609802119486285e-06 0.0 0.0 0.04049625716084306 0.00908339629402866 0.004063389886414779 4.0321748808710414e-05 0.00015138913616345904 0.0007489503180933829 0.0014300369535902807 0.000838862705059859 0.0006352249521593373 0.0001616768946774585 3.931167483991773e-05 4.786409987418548e-05 0.00033044271812642824 7.30760229034336e-05 1.4851874480931423e-05 6.052600768472742e-05 0.0010628940623726565 2.9436879640155137e-05 1.0308831968286549e-05 0.00013044916616633317 8.465734743337562e-06 2.3791852315173943e-05 0.0 3.476935541751307e-05 0.00012393187760306932 6.112104926955694e-05 0.00020121985321013778 0.010770690197433505 0.0004705493937709316 0.0002819482722477094 0.0028053982717892337 0.0021396100205454092 0.0005009001747617853 0.00798414090964116 8.74391876402205e-05 9.915977646830316e-05 7.894603755466111e-05 5.2011067788578476e-05 0.0004932296848061551 0.00020827319083087392 0.0016275164595042553 4.805683406262064e-05 0.0 0.002016481478690983 0.0031898160668226267 0.0040437053532616654 0.002088622917357823 0.0004256803690922433 0.002055679759944332 0.014005425150781245 0.0004125255777082341 0.009915893612404452 0.00029650776211259894 1.892920957286031e-06 6.932356771776078e-05 0.00027601429124799186 7.953983012870876e-05 8.114100902229715e-06 6.490901708829027e-05 0.0 5.454922469896722e-06 0.0 0.00010584204556474561 1.3367665433595984e-05 2.1889045129135177e-05 0.0016145079102594063 0.0016840973980830035 0.0 0.0006801048423160122 0.004846500695452057 9.331643346320767e-05 9.943732271773928e-05 3.702622375987658e-05 1.9974111871954943e-05 0.0001770354830279755 0.0003574451983124613 1.8362330932026406e-05 0.0005128531991900285 0.0003562503550568551 0.00013839500912786045 0.00031309031678756815 0.0005411980070476723 0.0006015719904302138 6.385564928663847e-05 0.0005359550016001232 9.609327883903394e-06 0.0 1.8962840204986375e-06 0.0 0.0 0.0 2.8819777675115567e-06 0.0 0.0 0.0 0.0 0.0 2.089781433443254e-06 0.0 0.0 0.0 0.0 0.0 0.0 0.00010715926211296867 2.75941383711579e-05 0.0 0.0 0.0 0.00024363099328793573 1.6677000172698305e-05 0.00023576602599673308 1.0764900565124318e-05 1.2938171918222243e-05 0.0 0.0 0.0 0.0 0.0 1.6160623775773481e-06 0.0 1.0022256989736266e-05 6.399179738772605e-06 0.0 0.0 2.5585488901711695e-06 4.8475137389527395e-06 1.602968006584866e-05 2.2697841697293406e-06 0.0 0.0 4.5717484813841385e-06 3.815828301179046e-05 0.0 7.37025141326168e-06 6.580871077299678e-06 0.00030699203080331147 1.8267791159168367e-05 2.8859036532449075e-06 0.0 0.0 0.0 0.0 0.0 0.0 0.0 0.000272626790440454 3.9472651777720836e-05 7.020254053716302e-06 2.478620280857735e-06 0.0 0.000930757120758219 0.0 0.00028017307318284893 2.090853543679286e-05 3.333747660884001e-05 7.128020761866229e-06 1.650898788604653e-05 6.270016616679019e-06 0.0 2.066351909001117e-06 0.0 0.0 0.0 0.0 0.0 0.0 0.00032231017956784233 0.0004153158894781801 0.00034275445457247224 0.0019873012133933506 0.00011462344993826213 0.0030088770941956488 0.0005027850793701649 0.002888848844506664 0.0007332227184365681 2.2726373930437614e-05 0.00038936513751462493 0.00010028770458405977 2.0682182871998412e-06 4.695841002191052e-05 2.258790800796167e-05 0.00014740925017487234 3.135797795206367e-05 1.8580641020235853e-05 1.5266444243368196e-05 4.267563151139215e-05 1.8627451315410502e-05 0.0019786192337258447 0.0008478178839505967
0.031092303782699317 0.017396373051647797 0.00139286228300001 0.0 0.0015302069589079458 0.0051594551169305645 0.007455392673720633 2.6769439608901362e-05 5.048488826183902e-05 0.013405734031330673 2.2640067743319126e-05 0.010274620146959073 0.008715638472810292 0.00032292148172693953 0.0 1.2678975514593456e-05 0.0 0.0 0.0 0.0 0.0 0.0 0.0 0.0 0.0 0.0 0.0 0.0 0.0 0.0 0.001814158334419256 7.58642576576068e-06 0.00012316342082393914 0.0 0.0 0.0 0.00023554553034167355 0.0 2.154280571091459e-06 0.0 0.0 0.0 0.0 0.0 0.0 0.0 0.00010048290420179972 2.4088310963580597e-06 0.0 0.0 0.0 0.0 0.0 0.0 3.803831588982582e-05 5.778310404895327e-06 2.485807978315039e-05 0.0012727573479008327 6.313201090388377e-05 9.431611831277322e-05 2.153593036042788e-06 3.0940687948116027e-06 0.0 0.000631037511662663 2.4534204041698047e-05 3.830067724421736e-06 7.1748451983102455e-06 7.373266331890388e-06 2.3315421906595045e-06 0.0 0.00017652815206033057 0.0 0.0 0.0004471957144782316 0.0005237348875157277 0.0003689374639561938 4.394568382867014e-05 0.0 0.0 3.9040642732545104e-06 3.1080263623540257e-06 2.5796266541784577e-06 5.068653347015572e-05 0.0 5.709742083317534e-06 4.304963657127858e-05 1.9177514101466335e-06 0.0 5.164228880313448e-06 0.0 0.0 0.0 0.0 0.0 0.0 0.0005497867309695774 1.7751087762224307e-05 0.0 7.84032619667274e-06 0.009467808101379246 2.6164375904454418e-06 0.00014792364544729845 2.192842950706916e-05 6.025150167352612e-06 3.865388090090351e-05 0.00019107433458671094 7.336327396933831e-05 0.00036992137590326674 0.0002108268945181241 0.0002100865944877668 1.7026597401660017e-05 0.00018966763801180894 0.0001404805997624576 2.1030295671713018e-05 4.902028736392691e-05 0.0 0.0 0.0 0.0 0.0 0.0 0.0 0.0 0.0 0.0 0.0 0.0 0.0 0.0 0.0 0.0 0.0 0.0 0.0 2.5354504061109406e-06 0.0 0.0 0.0 0.0 1.2087553017291433e-05 0.0 0.0 0.0 0.0 0.0 0.0 0.0 0.0 0.0 0.0 0.0 0.0 0.0 0.0 0.0 0.0 0.0 0.0 2.3432166839325692e-06 0.0 0.0 2.4761465014700778e-06 0.0 0.0 0.0 0.0 4.205823338776844e-06 0.0 0.0 0.0 0.0 0.0 0.0 0.0 0.0 0.0 1.387829778158333e-05 0.0 0.0 0.0 0.0 7.079428747558792e-05 0.0 0.0 0.0 9.202662956363136e-06 8.11543125898011e-06 0.0 0.0 0.0 0.0 0.0 0.0 0.0 0.0 0.0 0.0 2.6341510252598184e-05 0.0 2.5603196464532306e-06 0.0002737113362394089 1.077315785432492e-05 0.0004175517111673289 5.311551116160306e-05 0.006079955948347556 0.00018985532699937065 6.814880398722341e-06 4.1908110345578946e-05 9.434612096857391e-06 0.0 4.487135744941854e-06 0.0 0.00015633248057114478 8.370523866239054e-06 0.0 1.1291971128658293e-05 0.0 0.0 0.0029251514471226665 0.000227627253966611
0.002674365611529278 0.03812064585367918 0.014292658089464127 0.0015302069589079458 0.0 0.0004079594429067517 0.013717774912532224 0.0026040075824829713 0.06623943113062512 0.01434772585444359 0.020514524287584077 0.0012281152570604492 0.019223280705777293 0.020684254497523463 0.0006375222141622312 0.0006397938226903874 1.0319863101142866e-05 5.2886492900193856e-06 1.4646480354766572e-06 1.6487371945730822e-06 4.395590823577884e-06 0.0 0.0 0.0 4.7460025896550495e-06 1.8305637505710396e-06 0.0 0.0 0.0 0.0 0.005345861846778194 0.0014271921354423352 0.00023903420546694056 1.498425602125382e-06 0.0 2.7093257977203697e-06 0.000342498966009671 3.645475270814657e-05 4.565842144545849e-05 9.926907932234245e-06 0.0 2.6285212377788135e-06 3.7104853796625995e-06 4.671221173436741e-05 2.394217912632105e-06 1.7786509487124583e-05 0.0015499906150866574 4.204248580488186e-05 1.0139519762283205e-05 9.041983793289246e-06 1.113057197295557e-05 6.139298763027774e-06 0.0 0.0 9.983721909504622e-05 4.5055007959807125e-05 8.840551808378824e-05 0.0021873710269295944 0.00022208857747201937 0.0004048412161101075 6.383396641098109e-05 2.977655064077363e-05 7.368627187465995e-06 0.0051243456493048276 7.001626769671907e-05 0.00011598999285017683 8.622174273048444e-05 2.439062099989316e-05 1.2474687101014224e-05 1.6747630560707087e-06 0.0011959672111026961 1.1310021044876311e-05 4.137197240012787e-06 0.0011045676920211677 0.0017155310947211512 0.0050563065481675495 0.0024893415306912977 0.00034820756749860514 1.8953006366269677e-05 0.00010698929038509786 2.05950175690963e-05 6.671763857192015e-05 0.000240355665608082 6.410885342838273e-06 7.802843199946133e-05 0.00023077317219692648 4.805308945449268e-05 9.804294238038187e-06 6.734602042147811e-05 1.9938015406487798e-06 1.094699055276874e-05 1.919865462577385e-06 0.0 0.0 0.0 0.0025030848672956685 0.002236125905832277 4.000771161973123e-06 0.0005144942254871135 0.000353743402406127 6.590505375971706e-05 7.758360086333385e-05 3.929046455201468e-05 3.3392093154061885e-05 0.00016053465815600045 0.0007921279507953357 5.880106265082907e-05 0.001076039879572448 0.0005432416173713163 0.00043541435886486194 0.000380722463976697 0.0008394883012140308 0.0007240973705135822 0.00014800962975219042 0.0002947834666343401 2.583698262325651e-06 1.923927373854156e-06 0.0 0.0 0.0 0.0 0.0 0.0 0.0 0.0 0.0 0.0 3.8442450876937235e-06 0.0 0.0 0.0 0.0 0.0 0.0 9.10522621653076e-05 3.661785272185707e-05 0.0 0.0 0.0 0.00017856583140092388 3.8391253286611654e-05 0.00011380874285822419 2.3173278176654058e-05 2.1986903790573918e-05 0.0 0.0 0.0 3.2088835116132543e-06 0.0 0.0 0.0 2.7045948966596096e-05 4.86051075067261e-05 0.0 0.0 0.0 0.0 0.0 0.0 0.0 0.0 1.7548140883732207e-05 3.0596504266424905e-05 0.0 0.0 0.0 0.00012755742647856054 4.828136321173949e-05 0.0 3.8052281134057337e-06 0.0 0.0 0.0 0.0 0.0 0.0 0.00020774421065726056 8.925665657535918e-06 0.0 0.0 0.0 0.0008530565872199689 0.0 0.00023545511268149613 1.0466079786018608e-05 4.143439277117936e-05 2.570036395459596e-05 2.1502468076746618e-05 0.0 0.0 1.9045454847406704e-06 0.0 0.0 0.0 0.0 0.0 0.0 0.00028054330562142624 0.00011933613610132853 0.00013923994458529392 0.0034979288068257026 0.00010548162784050174 0.003855454175091808 0.0005711600326919403 0.0022254125581400368 0.0008431821811071319 2.165282626804386e-05 0.0006991519108842717 9.890709461077414e-05 5.688934080858233e-06 0.0001107657955602411 2.126189383936951e-05 9.570356269420379e-05 0.0 0.0 1.4909624866123428e-05 6.0664605592384095e-05 1.9969841477964085e-05 0.002332877827759882 0.0006206660593253725
0.003420101681048129 0.005021799082190068 0.0009794930716391969 0.0051594551169305645 0.0004079594429067517 0.0 0.00310978450920289 2.2241010414661195e-05 0.00011095633475431323 0.004813416190798787 2.2229111142544597e-05 0.00132172260821869 0.0011287296121974789 0.00026575655141656494 7.313403375733944e-06 8.23061337942775e-06 0.0 0.0 0.0 0.0 1.473393238873992e-05 7.34489827214958e-06 1.8134704575559035e-06 0.0 0.0 0.0 0.0 0.0 0.0 0.0 0.0011406894106977844 1.1454430340848398e-05 5.6960683108494606e-05 0.0 0.0 0.0 7.418203137828006e-05 4.927849778438404e-05 5.742209144864475e-05 7.172261655736561e-06 0.0 0.0 0.0 2.293824597008062e-06 0.0 0.0 5.4130259560654144e-05 0.0 0.0 0.0 1.982874756892503e-05 5.754467578287204e-05 1.862837655846327e-05 0.0 8.941206508532242e-06 1.0785189650337285e-05 0.0004589041564946444 0.0011488945850110536 8.950998165862619e-05 1.0629460066220048e-05 0.0 4.5130313451468106e-05 0.0 0.00033139668101984525 3.6794237448045704e-06 4.107442931837901e-06 1.3407505025724775e-05 0.0 5.214117662489571e-06 0.0 9.369355714436482e-05 0.002087896041836493 2.5002065379756526e-05 0.00029938631594210024 0.0002685634398518188 0.00018305523028767923 4.275037485392618e-05 0.0 0.0 7.6248474599477635e-06 0.0 0.0 1.885113602873011e-05 0.0 2.653842998740799e-06 2.0905752434981743e-05 0.0 1.7158183125214033e-05 1.5306686390298252e-05 7.12320772023227e-05 1.5921855849869977e-05 4.246294574270622e-06 5.421096284217131e-06 3.660584745755961e-06 1.593945593904342e-05 0.0013384549468147416 0.002652776780700336 0.000644699733407239 0.0003032669539232027 0.012837883457147611 2.5520167011543934e-05 9.932804545266361e-05 1.1157932904960048e-05 6.309249534884159e-05 1.0026604958690486e-05 0.00020616019104927768 8.831372158250832e-05 0.00020004596502619233 0.0001842311818848433 0.00023847869627199774 3.573353315584712e-06 0.00022410633620847576 0.00021401899301639446 3.133142522727312e-05 1.4502533276284601e-05 0.0 0.0 0.0 0.0 0.0 0.0 0.0 0.0 0.0 0.0 0.0 0.0 0.0 0.0 3.197590159219277e-06 0.0 0.0 0.0 0.0 0.0 0.0 0.0 0.0 0.0 3.388567059247951e-06 0.0 0.0 6.509645947905013e-06 0.0 0.0 0.0 0.0 0.0 0.0 0.0 0.0 0.0 0.0 0.0 0.0 0.0 0.0 0.0 0.0 0.0 0.0 0.0 0.0 0.0 0.0 0.0 0.0 0.0 0.0 0.0 0.0 0.0 0.0 0.0 0.0 0.0 2.2156864609465487e-05 3.449798486242697e-06 0.0 0.0 0.0 2.3150962445522893e-05 0.0 1.0162886930461378e-05 0.0 0.0 0.0 0.0 0.0 0.0 4.803798361587779e-06 0.0 0.0 0.0 0.0 0.0 0.0 7.273102751288092e-05 3.6142660280402034e-06 3.1611654816241e-06 0.00017028435699338146 9.959749616208491e-06 0.00021137723285691456 6.111303574890444e-05 0.002644596327346098 0.00012417042142352308 5.694761899981857e-06 1.3087468302208261e-05 2.770095007225001e-06 6.901530420704538e-06 1.1957289839119975e-05 0.0 0.00019122155664849923 0.0 0.0 0.0 0.0 0.0 0.0028718859647018317 0.00046924839887481584
0.022660483867500844 0.06598664389168338 0.003874176238367889 0.007455392673720633 0.013717774912532224 0.00310978450920289 0.0 0.00041413104598551784 0.02691653314096169 0.04971109509478298 0.004548046441213455 0.016426965271639192 0.10040236366528307 0.03615570594159016 0.00043287082490514557 0.0004319595787461188 4.6908981033006915e-06 1.6908185145931804e-06 0.0 1.8380536402207455e-06 1.657121755197972e-05 0.0 0.0 0.0 0.0 0.0 0.0 0.0 0.0 0.0 0.005075245441008277 0.0006281050195301543 0.002158433515240965 0.0 0.0 8.824013903617106e-06 0.002020524636759074 3.6583801353297676e-05 7.805345881394797e-05 7.185041322880222e-06 0.0 1.9053817051358122e-06 6.7469926088979145e-06 1.284466176445275e-05 0.0 8.302169549204323e-06 0.0010420617297920752 3.303084136428297e-05 0.0 7.997162705484399e-06 5.374373934270056e-06 0.0 0.0 0.0 8.83022892416383e-05 5.136061316836493e-05 6.006566586564494e-05 0.002666198787665133 0.0002412412965411378 0.00031296257115938006 5.1212944242464725e-05 6.32085962477617e-05 2.2452271416788863e-05 0.0033985328034155816 7.271776946679643e-05 0.00010941695913371697 8.838669080179138e-05 3.576640716272277e-05 6.246012687343136e-06 1.7073111403571774e-06 0.0029975839057057156 1.5082617842524455e-05 0.0 0.0012185716961800018 0.001855806300896159 0.003790934744722064 0.0014075320607593593 0.00015714911746307546 2.9660805967162757e-05 9.152073238602133e-05 9.48541251953194e-06 8.504286658413686e-05 0.00021809838492228286 1.2409252350049051e-05 6.891329743992612e-05 0.00017647505927055252 3.9447766375927824e-05 6.038223838220318e-06 6.55827048713199e-05 0.0 3.4199637748505633e-06 1.68764198145744e-06 0.0 0.0 0.0 0.006835857229756231 0.0028595778989252787 0.0 0.00044965173593321337 0.0013584360089185716 0.00013877951872666777 0.00029510381662064265 0.0009542957934431824 0.00036656794464592023 0.0003487588612484896 0.0019969723289275103 0.00027385125278676426 0.002290605988747525 0.001209126840147616 0.0010538668500106316 0.0007521959101854088 0.0020785925423367204 0.0014309369617498823 0.0003756592694828857 0.0005315462242448802 2.0752487876133028e-06 0.0 0.0 0.0 0.0 0.0 0.0 0.0 0.0 0.0 0.0 0.0 0.0 0.0 0.0 0.0 7.029079283230369e-06 0.0 0.0 0.00017481652540859933 2.1926771072869478e-05 0.0 0.0 0.0 0.00023699974804622379 5.727541093013383e-05 0.00020109072725938088 3.0368442762897338e-05 1.7661337300603432e-05 0.0 0.0 7.2326613067351105e-06 0.0 0.0 0.0 0.0 2.6670585536778047e-05 2.1958257619202255e-05 0.0 0.0 0.0 0.0 0.0 6.842399443586201e-06 0.0 6.443448915181666e-06 1.6456723505295774e-05 6.599011551513138e-05 0.0 4.594874978625584e-06 3.355840983517735e-05 0.00024139926893057648 4.238069203935161e-05 0.0 0.0 0.0 0.0 0.0 0.0 0.0 0.0 0.00039756642877000525 1.9777666071687e-05 0.0 0.0 0.0 0.0010972287666171617 3.3025307683562137e-06 0.0003103066803701565 8.484920136146245e-06 2.1258030848615138e-05 2.6263088159847806e-05 1.8403341555937416e-05 1.4649877222346901e-05 0.0 4.089120695175531e-06 0.0 0.0 0.0 0.0 0.0 0.0 0.0006159884595371043 0.00021969200564409225 0.00023039221811727383 0.0025977511857941935 7.968473436910863e-05 0.002981818377009602 0.0004825193269822944 0.005814497170044055 0.0006043806688808117 2.060847978817466e-05 0.00046080851639205964 0.00017357685769607366 0.0 0.00015828955763928784 7.438765297686356e-05 0.0004713606094389027 2.0288115525923893e-05 0.0 3.2507822880476594e-05 4.787018843138045e-05 3.23287348823003e-05 0.00873349477552228 0.00182309212551549
0.00022020238654684235 0.007528111818257526 0.09850230877955156 2.6769439608901362e-05 0.0026040075824829713 2.2241010414661195e-05 0.00041413104598551784 0.0 0.004069528574274969 4.407153870180475e-05 0.05084155999009034 0.00015550002700612575 0.0005859846888656697 0.029512837439481337 0.0006352105692762838 0.0010159152947140466 3.859685010430407e-05 0.0002114273640608512 2.2832146988964516e-05 0.0004232420178940668 0.0006545021337926124 6.477253013545296e-06 0.00017381804930086765 2.0933242523913096e-05 0.0001486747669156892 1.525717282313596e-05 0.0 1.8415884053792007e-05 0.0 0.0 0.0290286173494398 0.060937316260484334 0.005744063757931124 0.0001835713545659731 0.0001532022617087212 0.0008219670933878958 0.0012954637442580198 0.000764738412484398 0.0005513570699095399 0.00021961422933597624 7.1706402851305e-05 6.558917901379291e-05 0.0006259143556278457 0.0002151709109202175 6.0743068762155005e-05 0.0005526907122828641 0.001120835224062701 2.317773483136426e-05 1.3507812820338847e-05 0.00042126721050239337 8.057853127916852e-06 1.1009768495917042e-05 0.0 6.255654608832746e-05 3.216454922313881e-05 1.8303102312810074e-05 6.240860605409171e-05 0.001947678032921026 0.00012324997630143474 0.00019978009327002927 0.01335868817668212 0.0043406264607721325 0.0009576948301595533 0.009755626799048388 3.344536223833136e-05 4.680526505779701e-05 2.742631773237571e-05 4.041962578645993e-05 0.001014632889661281 0.000435306159703227 0.0011569656459498791 1.356395379439831e-05 0.0 0.0005410091264224788 0.0013088937429255121 0.003820033202372382 0.004112133226984412 0.0030482818146823055 0.01995517996638273 0.05470972078108717 0.004658317226353315 0.03438892020527568 0.0001442999910978659 1.7685382576317365e-06 4.3093444472948805e-05 0.00011383211069979614 0.00015550814342134772 0.0 4.107553031720818e-05 1.997739682148914e-06 4.731608124228611e-06 0.0 0.00017418466925117642 1.3208041343895512e-05 4.423122905345312e-05 0.0008679704123124514 0.0005841913406263481 2.8042735125299238e-06 0.0005421316013954105 0.00019417393369527454 1.2367251029209935e-05 2.3542939038591415e-05 7.473688334089429e-06 1.488556612253391e-05 3.247841469670427e-05 6.028065504509236e-05 0.0 0.00011083043368636535 4.281616152048042e-05 4.6592029665108434e-05 8.726629957857029e-05 8.076279619404134e-05 0.00011469941077674914 2.138229233738917e-05 9.884051886138931e-05 5.222798247019846e-06 0.0 0.0 0.0 0.0 0.0 0.0 3.6971395230292972e-06 0.0 0.0 0.0 0.0 2.15756605934069e-06 0.0 0.0 3.064314486636717e-06 0.0 0.0 2.4286671222363104e-06 6.717456210950013e-05 0.0 0.0 0.0 0.0 0.0001247679525451547 1.918119904690544e-05 4.377106299014702e-05 6.096541086295743e-06 6.224692501575298e-06 0.0 0.0 0.0 0.0 1.6988079277483737e-06 1.978827148499605e-06 0.0 0.0 2.2964465230271665e-06 0.0 0.0 0.0 4.952244249230532e-06 1.6334465767051456e-05 0.0 0.0 0.0 0.0 3.088604877686317e-06 0.0 0.0 0.0 5.693475233019863e-05 1.505517381372761e-06 0.0 0.0 0.0 0.0 2.2622316544581605e-06 0.0 0.0 0.0 7.167151755188932e-05 1.0717933638556602e-05 0.0 0.0 0.0 0.00024260543516790286 0.0 5.8729793346802484e-05 7.32721549022004e-06 0.0 0.0 0.0 0.0 0.0 0.0 0.0 0.0 0.0 0.0 2.261741423786826e-06 0.0 9.745159597657691e-05 0.00014675442267013473 0.00013428235709110335 0.001813794290200153 0.00015994609933308432 0.002294138189622468 0.000500701053163996 0.0007170713491115038 0.00047714300842146835 1.48435339602597e-05 0.0003750186891050154 2.0729979150344722e-05 0.0 2.609148372141971e-05 0.0 1.991832671916845e-05 0.0 0.0 0.0 8.772208939038343e-05 1.772322798010812e-05 0.0004268068813302397 0.00023370973203189853
7.317656126807771e-05 0.021850407774529724 0.02037206982600949 5.048488826183902e-05 0.06623943113062512 0.00011095633475431323 0.02691653314096169 0.004069528574274969 0.0 0.008147209604076337 0.03409516921547841 0.0020074320975323507 0.011702477128793473 0.026177822492985753 0.0007215978657327317 0.0009027703185283014 7.807108354933373e-06 3.4955759300386473e-06 2.025134822557381e-06 0.0 2.3637465747610156e-06 0.0 0.0 0.0 5.83567884113571e-06 0.0 0.0 0.0 0.0 0.0 0.0012681081233102795 0.0005542130328592117 0.0009534878434656835 2.5150164065566676e-06 0.0 1.695035050549556e-05 0.0007606399174744208 2.175708661478494e-05 7.158772460503398e-05 1.4359971503485417e-05 0.0 0.0 1.2001671741647693e-05 3.6595860758455e-05 3.808910903984756e-06 5.101526491947188e-06 0.0010767953597840935 2.514237249550384e-05 3.6694051268348163e-06 1.1496902229260494e-05 3.570187152713173e-06 0.0 0.0 0.0 2.973740626038259e-05 1.841532244338007e-05 3.175132597890314e-05 0.0004353062506113871 8.811615215738026e-05 0.0001735822667989453 8.820001365572233e-05 9.061655901653737e-05 1.6777220695478577e-05 0.0018948701912021478 1.4464579186737866e-05 3.2209458123638224e-05 3.332685624618906e-05 1.185065995434827e-05 1.4501731668329716e-05 2.8066422424880092e-06 0.0020463877758822202 1.7407131956988103e-05 0.0 0.00033511465655851504 0.0005630761250159507 0.0029647701518158973 0.0017958466770425165 0.0003226127231371176 3.229404163479048e-05 0.000413657270095217 2.5169997128512296e-05 0.00023158780533832747 0.00012145655910659027 0.0 4.649274852665028e-05 4.238679325634963e-05 1.0050504242633066e-05 3.538131184600621e-06 2.660641582336668e-05 0.0 3.999236766907598e-06 0.0 8.703170157630575e-06 0.0 0.0 0.005127763162734394 0.002749200287673699 0.0 0.0005892932194379209 2.685537879641012e-05 2.9707492088524495e-05 0.0001370425735462647 9.594686175216948e-05 5.199185478662484e-05 0.0003749090500928016 0.001197047121393553 7.801153776164734e-05 0.001224654126434331 0.000732102930170137 0.000572893058585869 0.0005309705836735475 0.0014195602825322225 0.0011897162223046816 0.00025807330765211206 0.0006500993683623522 0.0 0.0 0.0 0.0 0.0 0.0 0.0 0.0 0.0 0.0 0.0 0.0 2.0126794618578328e-06 0.0 0.0 0.0 0.0 0.0 0.0 0.00018179906456223938 6.951186289440273e-05 0.0 0.0 0.0 0.0002856036012896965 2.8553774472486796e-05 0.0001903698609909153 1.1922112825519097e-05 0.0 0.0 0.0 0.0 0.0 0.0 0.0 2.558308892628226e-06 0.0 2.067423763347514e-05 0.0 0.0 0.0 0.0 0.0 3.12814305875949e-06 0.0 0.0 2.5657253823559857e-06 4.2525535000917554e-05 4.8426440244983125e-06 0.0 0.0 0.00022344293909450273 6.124378915774723e-05 3.5110274890198384e-06 8.225906356910404e-06 0.0 0.0 0.0 0.0 0.0 2.4266862132236028e-05 0.0003993687491733636 3.1483726159623646e-05 0.0 0.0 0.0 0.0009380145960870064 2.807822513232874e-05 0.0003304577424843958 2.0871911838675283e-05 2.663266350077521e-05 7.581867967304827e-06 7.795576486462765e-06 4.3953514994287205e-06 0.0 0.0 0.0 0.0 0.0 0.0 0.0 0.0 0.0006761033825415603 0.0003026959178838541 0.00019966550508289494 0.002908727458905129 5.1572097467869815e-05 0.0022133487436002534 0.00037739552227980484 0.0014303908679467617 0.00044637880822878933 3.762232459312095e-06 0.0007039752069587029 0.00011962470607628937 8.134060832563356e-06 0.00012068000651808778 1.4121096642649759e-05 0.00016743205420825756 1.4922210057143626e-05 4.731818492445266e-06 1.1873230093649256e-05 7.399383195823349e-05 4.280547287570024e-05 0.002524840380054513 0.001270133259748982
0.0198265525454714 0.02810388916790105 0.0018916813746904788 0.013405734031330673 0.01434772585444359 0.004813416190798787 0.04971109509478298 4.407153870180475e-05 0.008147209604076337 0.0 0.0004468006954920683 0.08811733811264603 0.09590170697539944 0.008358266874821763 0.00011011017250809261 0.0001099286375316011 2.0417489285591645e-06 1.8545030341041097e-06 0.0 0.0 2.1419433236608012e-06 0.0 0.0 0.0 0.0 0.0 0.0 0.0 0.0 0.0 0.0020428356894196167 0.0001450626013375254 0.004134409618450989 0.0 0.0 1.1655436767826051e-05 0.006111860638008872 3.788650909383055e-05 0.00017578744503077303 1.4832791713334705e-05 0.0 0.0 0.0 1.3634229707921667e-05 0.0 1.376677569100497e-05 0.00045832343395513806 8.227341493732863e-06 0.0 5.728288829465923e-06 0.0 4.723296020774375e-06 0.0 0.0 4.290954898190332e-05 2.178671688382567e-05 0.00013611578855642293 0.00126304555103232 9.808054536241207e-05 8.024344824504718e-05 1.1601796643584172e-05 4.159476419329609e-05 8.974707849052697e-06 0.000998307977062419 1.5760528343265373e-05 2.1395159411045376e-05 7.755921134871993e-06 3.5631627128437256e-06 1.9817683843809792e-05 0.0 0.0077701836064982465 9.202894199786949e-05 0.0 0.00038991053664472273 0.0005741945874832519 0.0011158347696673073 0.00039318139164309425 4.7298698793982145e-05 1.3671839289210908e-05 4.419364048204977e-06 1.0019252845408028e-05 6.490343330707227e-05 6.278337339573631e-05 0.0 1.7661508073265865e-05 6.507778303725983e-05 9.023787481263607e-06 6.304825014525106e-06 1.0350132959595188e-05 1.186882340475748e-05 0.0 1.3841591086673382e-05 1.1298701026088673e-05 0.0 0.0 0.01405511706386177 0.008737309534985915 9.515844181041554e-05 0.0011274904708095314 0.007155072511042804 0.0002358355897289954 0.0007278456810952222 0.0005579975376830956 0.0006422070890275335 0.000599870000851537 0.0032418741146016125 0.0006857813079723314 0.0036832717887759297 0.0024291696948688323 0.002033072670718602 0.000884746762444452 0.0033433440803478697 0.0029733936637991554 0.0006055739543072489 0.0008542807457310058 0.0 0.0 0.0 0.0 0.0 0.0 0.0 0.0 0.0 0.0 0.0 0.0 0.0 0.0 0.0 0.0 0.0 0.0 0.0 0.00019865557885669744 8.879472217998861e-05 0.0 0.0 0.0 0.0004048993337642667 1.0076866262305321e-05 0.00018285437200733312 5.835243074553245e-05 1.2679476923601526e-05 3.550717857087134e-06 0.0 0.0 4.519269557375293e-06 0.0 0.0 0.0 2.9213633306185878e-05 1.708968146962039e-05 0.0 0.0 0.0 0.0 0.0 0.0 0.0 1.5159766682316915e-05 4.818402387158334e-06 3.971027224062439e-05 2.18927038122169e-06 0.0 0.0 0.00026283893334053235 0.00014515421521441239 0.0 0.0 0.0 0.0 0.0 0.0 0.0 5.513950821803092e-06 0.0005706056081996972 6.240502602340341e-05 0.0 0.0 0.0 0.0015106993970070036 2.4665776297376474e-05 0.0005622986109558102 3.525877976713621e-05 2.5005683928569e-05 2.5680557558044003e-05 2.3537136000358875e-05 0.0 0.0 0.0 0.0 0.0 0.0 0.0 0.0 0.0 0.001015315241463354 0.0002029892645901437 0.00026957743755148464 0.001415435532033469 2.1186736763697472e-05 0.0009606185885094232 0.00015572236452785046 0.00628400462242834 0.0002946305974923185 4.727520219951959e-06 0.0002473253085974546 0.00037348426090851576 0.0 0.00020630893403825588 6.532996335110204e-05 0.0013304795553341785 8.367225745122521e-05 1.625506105809832e-05 4.140484910057863e-05 0.0 8.21009183868217e-06 0.024238466464427694 0.004321960509514177
0.00021664733742096683 0.01298690786910322 0.04238118520224881 2.2640067743319126e-05 0.020514524287584077 2.2229111142544597e-05 0.004548046441213455 0.05084155999009034 0.03409516921547841 0.0004468006954920683 0.0 0.00029897727353048274 0.01047863778957304 0.05168652916259952 0.000572922660033656 0.0007258347606725946 4.002671479218324e-06 7.42956326394914e-06 2.878004474856141e-06 1.3959679035957482e-05 0.00016145832735282536 0.0 3.398121439546251e-06 6.9253653282018135e-06 6.47709638215223e-05 1.56605629020487e-05 0.0 3.1750031850738084e-06 0.0 0.0 0.0032230428727799826 0.0018128252870566748 0.009729347724924255 5.731594115492267e-06 5.011760650012394e-05 0.0004954956719777204 0.0019982450651230338 0.0006927759256555122 0.000563886035916135 0.00010840891841010152 2.3943685508205367e-05 8.127890929399845e-06 5.6406670194529364e-05 7.91458788757218e-05 2.6737530979347717e-06 1.7377967541763889e-06 0.0007613373576068703 1.021286325382881e-05 1.6940705217037053e-05 2.5180384092879324e-05 6.188912665863186e-06 0.0 9.87855314108738e-06 8.358220423176116e-06 2.746257621638615e-05 1.2552062470474043e-05 2.919436023750713e-05 0.0006907060189007501 8.092144170790173e-05 0.00015404552755361826 0.00027408380892441107 0.00360559953898852 0.0002523147231058728 0.00245908811382149 2.9691813326482173e-05 4.835623288294649e-05 2.798072862206452e-05 1.3467843532568162e-05 0.00011220030020061719 5.568530653596116e-05 0.0013751404704936262 8.708265324322314e-06 0.0 0.00033229369015291116 0.0005642699662616133 0.0027904893003844336 0.0019224845233059582 0.0004050758916873354 0.0007233246950571036 0.023048698290601008 4.1784066901710664e-05 0.007362609223487697 0.0001187736250925472 0.0 2.142288626522953e-05 9.334141098526967e-05 1.9646835222559586e-05 3.697395008629166e-06 3.153718163929125e-05 0.0 0.0 0.0 5.262046262713515e-05 0.0 7.528802517314209e-06 0.001004044202376289 0.0006723371475643027 0.0 0.00046293759169931294 0.00012004335633567123 2.5963150220462234e-05 0.0 2.134757754127841e-05 6.17702147447194e-06 5.3570417750135256e-05 0.00013617070826352424 1.0483596105005905e-05 0.00018113091140268167 8.574683688542189e-05 9.902310796850296e-05 0.0001290290655535752 0.00019731071828172505 0.0002701909644689499 5.433682229438362e-05 0.00015570384081176934 0.0 0.0 0.0 0.0 0.0 0.0 0.0 0.0 0.0 0.0 4.3351690852633756e-06 0.0 1.2324317192665236e-05 0.0 0.0 0.0 0.0 0.0 1.8896528425963043e-06 8.369513694762841e-05 2.2997815461228044e-05 0.0 6.52399516126948e-06 0.0 9.093833201857445e-05 2.0792114675827557e-05 3.160873444209893e-05 1.9474633349170486e-05 2.1694383957061167e-06 0.0 0.0 0.0 0.0 0.0 0.0 0.0 0.0 0.0 0.0 0.0 0.0 1.703266467961156e-06 0.0 0.0 0.0 0.0 0.0 1.2702509684428895e-05 0.0 2.6719362815182054e-06 0.0 5.994794437725553e-05 7.362240047469281e-06 0.0 0.0 0.0 0.0 0.0 0.0 0.0 0.0 0.00012988058020291124 6.206875983641186e-06 0.0 0.0 0.0 0.00024077807044181983 1.3075347348859517e-05 0.00010574714633428818 2.9300098683593784e-06 3.307289238158299e-06 0.0 0.0 0.0 0.0 1.9978455396510213e-06 0.0 0.0 0.0 0.0 0.0 0.0 0.00018256829358935566 0.0001304091807171118 0.00011139544042717153 0.0017239830154645 4.374011246526257e-05 0.001631381776834127 0.0003065880308989922 0.0008771749165967647 0.000359900046446122 1.8444382213210966e-06 0.00038939977891081374 2.3695844139840736e-05 0.0 8.23894002818762e-06 1.5913639907047427e-05 1.283232653720343e-05 0.0 8.18148660965229e-06 0.0 1.9265696633011472e-05 2.015304876056713e-05 0.0005030317167104522 0.00036024515402407835
