0.0 0.05308656318342701 0.0011667216645594313 0.04651411480425287 0.0002630976378909294 0.006989153068923333 0.01067473375938343 0.0009122407932973361 0.00020496789543971423 0.0315233083049321 0.0034509482044882828 0.0018956556513498304 0.00747352208800976 0.005152634011058838 2.5058037872971215e-05 5.977691016580238e-06 7.966361976098582e-06 4.915726409430302e-06 0.0 0.0 0.0 0.0 0.0 0.0 0.0 0.0 0.0 2.4542783717131623e-06 0.0 0.0 0.015259030359315964 2.7374662260255237e-05 0.0011090849190201787 4.4951824278959335e-06 0.0 3.437192187040747e-05 0.00016319818297519931 2.0925895200669974e-05 4.689884042883612e-05 1.4911622019593744e-05 0.0 4.1872506772959485e-06 0.0 1.627910201320733e-05 0.0 9.373101377237696e-06 0.0002811284579876656 0.00018687953115818721 7.270133855701122e-06 1.0866428006051986e-05 2.795429192678083e-06 0.0 5.939987383998469e-06 2.039344678391774e-06 3.2943971852514066e-05 0.0001292318308343754 0.006738208471815682 0.02202260640549612 0.0013538675273563486 0.0004582680666610781 2.4722267576824943e-05 5.800886201340073e-05 0.0 0.00038843785213462436 0.00013609050004734815 0.00011212310610060592 1.5329926340272232e-05 1.712586069406318e-05 1.6356563065062414e-05 0.0 0.0002249766185681684 0.0007379157798175481 0.0 0.007074191185284482 0.001975042220182724 0.0010757066804322974 8.033477910653425e-05 1.775181462401681e-05 6.6704518878083e-06 0.0009538354994224458 2.9253877901848767e-05 0.0001762294791849528 0.0003182512539490827 0.0 0.00017615766379471996 0.00012246108665176368 0.00014165548655045273 1.5040493572582463e-05 3.491948324872917e-05 4.134436867163039e-06 0.0 0.0 7.983438653178635e-06 0.0 7.07775049276885e-06 0.0038162727790261434 0.0003197541973960047 9.125575782261948e-06 7.826963427530408e-05 0.01609425485669202 0.0 0.00021852911397900865 0.000364316503121124 0.0002864948042923114 3.288147277017602e-05 0.0002092719681111766 0.0014225071412178605 0.00039453679042437425 0.00045150983385679834 0.000997628429729817 5.909309467296937e-06 0.0002028528976837178 0.000694331998886498 0.0005016086218315656 4.8738800593282925e-05 0.0 0.0 0.0 0.0 0.0 0.0 0.0 0.0 0.0 0.0 0.0 0.0 0.0 0.0 0.0 0.0 0.0 0.0 6.863621817798979e-06 0.0 0.0 0.0 0.0 0.0 6.556931935888837e-05 0.0 8.180118575208218e-06 0.0 4.819792740956155e-06 0.0 0.0 0.0 0.0 0.0 0.0 0.0 0.0 0.0 0.0 0.0 0.0 0.0 0.0 0.0 0.0 0.0 0.0 0.0 1.2260520594556172e-05 0.0 0.0 6.661954081299701e-06 0.0 0.0 0.0 0.0 0.0 0.0 0.0 0.0 0.0 0.0001164817081925497 0.0 0.0 0.0 0.0 3.6936556926918147e-06 0.0 2.6579218113783868e-05 0.0 0.0 0.0 0.0 0.0 0.0 0.0 3.6441948232113798e-06 0.0 0.0 0.0 0.0 0.0 0.00019970784721245205 3.344058127389608e-05 3.806845427285321e-05 0.0013050008761259716 4.2922860222289695e-05 0.00326465528449574 0.0003089486984497239 0.011567051425996996 0.00024187331557820528 5.80688427055193e-05 6.994112277441019e-05 0.00039271668735248064 6.256461812931747e-06 6.217147871400298e-06 5.900906153645449e-06 0.0009413229948732224 0.0 8.208255829543703e-06 0.0 9.228322090955349e-05 0.0 0.006536517764053713 0.0022644312818964106
0.05308656318342701 0.0 0.014227040842951276 0.04642162607415283 0.043468154424647375 0.015271999350178301 0.12183443022375286 0.014462716938169922 0.08928355741877896 0.04796566933617285 0.06453277654747996 0.00879370684971827 0.05505996267476671 0.17169182796318072 0.0005256024913012378 0.00016695023459852221 2.8906001875216434e-05 7.7956533421512e-06 0.0 7.887304371619635e-06 0.0001396908241461007 7.323640886395813e-06 1.361111862860635e-05 7.998385720009357e-06 0.0 1.9361460322276216e-06 5.02847849634384e-06 1.3687567280387503e-05 0.0 0.0 0.04508891473599262 0.0009282727331118414 0.008147214964579423 2.9108889339271622e-05 1.7037011860917128e-05 0.00024106198320294518 0.000735819990641602 0.00027907439813479253 0.00012788716112168986 4.6508135719425704e-05 1.847050895343107e-05 9.81725727321061e-06 5.153959278784082e-06 5.610466946956274e-05 4.040500813716677e-06 2.5394457336683492e-05 0.004664354952877439 0.00046556455616315537 3.454142649831417e-05 2.7860828992683152e-05 1.58417104629241e-05 9.088737160548913e-06 3.129687816006101e-05 3.978182037506316e-06 6.443948529806031e-05 0.0002444335566349774 0.004748658811919232 0.02048588651496781 0.0015591916363025017 0.004043588010158291 0.00018568970363150948 0.0009630836938525489 7.526605697030569e-05 0.003755639543637472 0.00027290699264625464 0.00022096414577700964 6.08923688661501e-05 3.4078038440018083e-05 0.00012997137631464906 3.43103611660092e-05 0.0008445234187489147 0.00018356493773782141 1.1336206205222349e-05 0.014237474817109186 0.007951760756236432 0.008733777382390437 0.002147802930124276 0.00022069858662148052 2.2239694080560958e-05 0.008890780917275238 6.494391862975159e-05 0.0014792024929066807 0.00046984041182634566 4.808674845676484e-06 0.00047077855459844284 0.00026763047252895096 0.0002184623907220496 1.9494928289511936e-05 6.194023094661511e-05 7.769995829310285e-06 1.4483390380882017e-05 0.0 7.065503235892638e-05 1.6738927183116438e-05 4.0141346863303285e-06 0.0008849404186355822 0.00019952040368061488 3.645731077273741e-05 0.00011188209690992355 0.01473610945689686 2.422719296836639e-05 0.00011071258452869564 0.0004371778490369562 0.0003510546615354281 9.687132125901943e-05 0.00043605522738500153 0.0008077941287106356 0.0004806809887484006 0.0007742075427074754 0.0010187807245756186 0.00016743941920680948 0.0006364863802438012 0.001565415191837715 0.0014667883085846952 0.0005264712096635417 1.5747376786155272e-05 0.0 0.0 0.0 0.0 0.0 0.0 1.128769812507063e-05 0.0 0.0 5.266890361699044e-06 0.0 4.899317732981365e-06 0.0 1.7020373093542297e-05 1.3690392403919587e-05 0.0 0.0 0.0 9.5857171838991e-05 0.0 0.0 0.0 0.0 0.0004880428363558653 0.0 0.00011344262073387449 5.992485404570953e-05 7.785775153853029e-06 0.0 0.0 0.0 0.0 0.0 0.0 0.0 0.0 2.945578833923926e-05 0.0 0.0 0.0 0.0 0.0 0.0 0.0 2.8829387492462323e-06 4.844384466077702e-06 0.0 0.0 0.0 0.0 0.0003555726621050099 0.0 5.6438051733053224e-06 0.0 0.0 0.0 0.0 0.0 0.0 0.0 0.0008074989788794419 2.676198727886106e-05 0.0 0.0 0.0 9.973849722406704e-05 0.0 6.792087875441742e-05 3.2118777194973433e-06 4.179164905498772e-06 1.1567047505935435e-05 0.0 0.0 0.0 0.0 0.0 0.0 6.119066905972196e-06 0.0 0.0 0.0 0.0007902178837803194 0.0002290514736766617 0.0004006586551049928 0.003499061993132398 0.00028410901490023545 0.013603254176275933 0.001697958132139177 0.008471093099163144 0.0010924700139576685 7.034344814005579e-05 0.000725126170788821 0.00020925210266656838 2.0985281586760024e-06 0.00016547954449513966 3.334379356686069e-05 0.0003005321921542452 7.933426515317604e-05 4.566543531845211e-06 1.7170330146226682e-05 7.503954711080182e-05 6.998764617703101e-06 0.006005715397150829 0.0013125727854489376
0.0011667216645594313 0.014227040842951276 0.0 0.0012407071517099237 0.00781985548255753 0.0005019671182330273 0.00045931874043628093 0.07386920864255661 0.033465795853352596 0.00044215070759646605 0.06001127373640271 0.0021658407661109456 0.0018641467949233035 0.03404895052612791 0.00022910632489690777 0.00010943566373807153 7.087521414478795e-05 1.5142130056937298e-05 2.481851321911676e-05 3.087365628043399e-05 0.000716734774373403 3.4849755053407707e-06 9.049381900910271e-05 9.400553091626645e-05 0.0 5.612014369845072e-05 1.0636454008928598e-05 0.0 2.6445907525466145e-06 0.0 0.05854173941462297 0.011266038879157982 0.010092981113812608 0.0004157129076236462 6.029282200502872e-05 0.0018811606260650902 0.0009624004761048258 0.0011717754692704358 0.0002983827975243685 0.0002614304832175227 0.0001326180121743007 1.4589650137072355e-05 6.829177697490171e-05 7.861610355385568e-05 1.2041813355809707e-05 0.00015469444798147123 0.001169482354443976 4.68034930418671e-05 9.705644504853254e-06 4.3593126061723046e-05 0.00011750350743985949 1.786909041316945e-05 5.141128950212103e-05 1.3613245127305794e-05 2.8541261248193746e-06 1.2757429543556298e-05 0.0007438119256273974 0.0044372996319638845 0.00024594973546876036 0.0004916134718470147 0.0021709957559678055 0.004476258969642781 0.0003453253228034991 0.0024379147991450325 3.0261284101973586e-05 5.46308173764313e-05 2.4526360956825294e-05 5.400101560562729e-05 0.0008440717723697678 0.00017936511427002472 0.0005924112038663856 0.0 0.0 0.0019874383922337075 0.0018510392903061733 0.001441587063920872 0.0007861177176873834 0.00025035483083042084 0.0009207912606588247 0.03460126526854823 0.0002791854696572354 0.01140026350719978 5.5784570248776286e-05 0.0 5.84077792493248e-05 3.327438913649332e-05 0.0001468543613793947 3.339269157334306e-06 2.2305282276874185e-05 0.0 4.4755478275362424e-05 1.4290039489700511e-05 0.00043418027915219587 0.00015464664540431507 1.4892144208595226e-05 0.00017446000921801834 0.00017999056249123872 1.683259367808307e-05 0.00015519616067220034 0.0006379863945759185 9.510445680570132e-06 3.604204266968601e-05 2.2567625236180073e-05 3.210440183449309e-05 0.0 6.803648036596478e-05 4.7136882347286277e-05 6.67866506938508e-05 0.00010245998616547068 9.83418482516816e-05 2.7926065256327543e-05 0.0001133482487359123 0.0002256840646447395 0.00027015385056290844 0.00024056970751549332 6.462764448637159e-06 0.0 0.0 0.0 0.0 0.0 0.0 0.0 0.0 1.9415984829784126e-05 0.0 0.0 1.3997939304928222e-05 0.0 2.222491847650561e-05 0.0 0.0 0.0 0.0 1.4181989773495934e-05 4.6825504637068755e-06 0.0 0.0 0.0 0.00042740018328828026 4.194454668608158e-05 0.00011732854466215273 7.341282326157032e-05 4.440684843482838e-05 0.0 2.5253135817531667e-06 0.0 0.0 0.0 0.0 0.0 0.0 1.6529937805966046e-05 0.0 0.0 0.0 4.158631951556818e-06 0.0 0.0 0.0 8.256311916132814e-06 0.0 0.0 0.0 0.0 0.0 0.00038883503705609016 0.0 0.0 0.0 0.0 0.0 0.0 0.0 0.0 0.0 0.00023390508634464274 0.0 2.118431105648625e-06 0.0 0.0 0.00012919905966342848 0.0 0.0 0.0 0.0 0.0 0.0 0.0 0.0 0.0 0.0 0.0 0.0 2.4274699129454346e-06 0.0 0.0 9.847947586981956e-05 3.376477889718173e-05 0.0001808481439614323 0.0017485613360864625 5.244716703877978e-05 0.0028715646078436097 0.0007465646350415433 0.000644386215481881 0.0001866634821656394 2.2589301930354363e-06 0.00024032058995333564 9.45021249436648e-05 0.0 6.95486621682685e-05 1.670352298590155e-05 4.998882088876893e-06 2.8986569891517088e-05 0.0 2.2136040165518524e-05 6.840493307200327e-05 7.211022759893225e-06 0.00048037956799782316 5.185049852507013e-05
0.04651411480425287 0.04642162607415283 0.0012407071517099237 0.0 0.0005846052241089868 0.023318697340832483 0.017938952790968257 4.4628457930791004e-05 8.97532234626249e-05 0.07004411936782448 0.0003187564995590606 0.007653591564155355 0.030556981171435637 0.0058726099462752595 1.836471904127375e-05 2.4897955673187067e-06 0.0 2.0532280864583165e-06 0.0 0.0 0.0 0.0 0.0 0.0 0.0 0.0 0.0 2.399263221917724e-06 0.0 0.0 0.002865190363222659 6.5328927237678435e-06 0.00012071372129899592 0.0 0.0 0.0 2.9611109867695516e-05 9.81567840729137e-06 5.050268680206134e-06 5.777967343697527e-06 2.162051759755969e-06 0.0 0.0 6.206779204580382e-06 0.0 1.940413113483895e-06 0.0002952704867810192 6.789712714776548e-05 2.402708854003693e-06 4.8818260734057834e-06 2.9379123025326463e-06 0.0 0.0 0.0 1.5006547709670119e-05 3.820673810048588e-05 0.0011988784272279 0.0029407411702418408 0.0002804197479667772 0.00027893623565760544 0.0 4.820058893107588e-05 2.12704076418739e-06 0.0002284251725632469 2.6074732213276056e-05 2.9956341731986593e-05 6.942156681896822e-06 5.858759555355872e-06 1.1378137123974986e-05 0.0 8.49912028684303e-05 0.0002051147825390201 0.0 0.0022789053654678135 0.0007403241631559522 0.0004269568573572983 4.535960746687343e-05 1.429064951724425e-05 2.891674998735685e-06 6.7392325506827e-05 7.732189843113799e-06 3.259111538087229e-05 7.485454336160804e-05 2.8907523423111424e-06 7.306863835193349e-05 5.163350427641966e-05 4.647925513219867e-05 0.0 6.3866477500992695e-06 8.361678166208081e-06 3.526142948010481e-06 0.0 0.0 3.946427197012133e-06 0.0 0.004509552570470876 6.047558904115071e-05 3.4798905777614305e-06 6.732376610790276e-05 0.001969435120489549 1.0369572772228864e-05 0.00016613460910324619 0.00033797333258607824 0.00015188309092868473 8.049952289934724e-06 0.00019871582418743954 0.0004301250810144685 0.00017008294318904203 0.000377248839434489 0.0002791212269605997 2.3516936834715533e-05 0.00011973491155246365 0.0004626913410073078 0.000389118457654334 7.244050289797715e-05 0.0 0.0 0.0 0.0 0.0 0.0 0.0 0.0 0.0 0.0 0.0 0.0 0.0 0.0 0.0 0.0 0.0 0.0 0.0 0.0 0.0 0.0 0.0 0.0 0.00014830043568408557 0.0 0.0 9.536124810494472e-06 0.0 0.0 0.0 0.0 0.0 0.0 0.0 0.0 0.0 1.5933850005724875e-05 0.0 0.0 0.0 0.0 0.0 0.0 0.0 0.0 0.0 0.0 0.0 0.0 0.0 2.7147611154836716e-05 0.0 0.0 0.0 0.0 0.0 0.0 0.0 0.0 0.0 0.00010258903163772154 0.0 0.0 0.0 0.0 0.0 0.0 0.0 0.0 0.0 0.0 0.0 0.0 0.0 0.0 0.0 0.0 0.0 0.0 0.0 0.0 0.00010336004585966551 3.661697782626026e-06 1.3650255703091564e-05 0.00024059624281293402 6.74822491348105e-06 0.0012924952446629182 0.00011333219330225848 0.005379536866846732 0.00012951381651682384 1.8362925314646487e-05 1.1514910539785952e-05 0.000171321881453955 3.5283581750114546e-05 2.777618288084046e-05 0.0 0.00028721808439119683 1.5996833015953333e-05 0.0 0.0 8.801837685764934e-05 0.0 0.005916638163469305 0.001022144778701699
0.0002630976378909294 0.043468154424647375 0.00781985548255753 0.0005846052241089868 0.0 0.0004250402492381117 0.040247353895317604 0.0005692598957605369 0.13771209251814595 0.00527898870258166 0.018884726471632095 0.003658333347908265 0.025768470768366927 0.07617758980002659 0.00020727376565552385 9.896624329514156e-05 2.2097150704898033e-05 3.2506338747700102e-06 0.0 0.0 0.0 0.0 7.18511501293504e-06 0.0 0.0 0.0 0.0 2.261334110972221e-06 0.0 0.0 0.000923100187890516 0.00016713933069088124 0.0004539651708105364 1.8744872976312937e-05 0.0 2.2183995372384967e-05 9.736012380173365e-05 1.8419144470482612e-05 7.968441801549713e-06 1.7967731621343084e-05 0.0 0.0 0.0 1.1867066421405677e-05 0.0 4.446993035959012e-06 0.0022968761937363596 4.646459285406555e-05 2.2093458441542037e-06 2.266278691275055e-06 0.0 9.555398078029334e-06 0.0 2.7518239325543933e-06 1.1392802022360646e-05 2.5134648980409648e-05 0.00020074595998829052 0.0008141936707234686 0.00020439735084379704 0.0011272573049746159 8.103913770678778e-06 8.526111786627038e-05 3.0352805592707243e-06 0.0008630098349279655 3.743064124368354e-05 2.4622801971696885e-05 2.1259147106596752e-06 1.0837948808760443e-05 2.251901693136881e-06 0.0 0.00022045218495107732 2.8615745201869607e-06 0.0 0.0017308238768435006 0.001303468774181288 0.0024996594587002067 0.0007118981959671641 8.23784205077891e-05 9.234808051189569e-06 0.000936477381508705 5.758792990695934e-06 0.00022013810936334153 5.933434099650632e-05 0.0 4.4660716514835395e-05 3.368215955067629e-05 3.8519031261433466e-05 2.2810326782469673e-06 4.301586051804881e-06 0.0 5.236030173680415e-06 0.0 1.9720269516384375e-06 1.497076210194533e-05 0.0 0.0003737214672605072 0.0 2.397844322415858e-05 7.457978613707986e-06 5.261519711957136e-05 3.116939943506142e-05 2.1906387149330898e-05 0.00022406840939728678 0.00017894853980731789 0.00015927320532921967 0.00041414810623742877 0.0002041761551839695 0.0007304947110636691 0.0005026948629147039 0.0006824337255849098 8.413433230550316e-05 0.00039400419068803794 0.0014738702888201219 0.0013548050451982158 0.0004068478530701139 0.0 0.0 0.0 0.0 0.0 0.0 0.0 0.0 0.0 0.0 4.008168862601254e-06 0.0 0.0 0.0 0.0 0.0 0.0 0.0 0.0 8.527028285458118e-05 0.0 0.0 0.0 0.0 0.0004922925428813325 0.0 8.159845026267414e-06 5.545398707005829e-05 1.6535325045181827e-05 0.0 0.0 0.0 0.0 0.0 0.0 0.0 0.0 1.5228460336098078e-05 0.0 0.0 0.0 2.4392929181827756e-05 0.0 0.0 0.0 0.0 3.6223324186385393e-06 0.0 0.0 0.0 0.0 0.00013621884984255046 0.0 0.0 0.0 0.0 0.0 0.0 0.0 0.0 0.0 0.0005452608165737587 1.2618921356800147e-05 0.0 0.0 0.0 0.00012952596564524255 0.0 1.1281932259363274e-05 0.0 0.0 2.9569331414887366e-05 0.0 0.0 0.0 0.0 0.0 0.0 0.0 0.0 0.0 0.0 0.0007942954045044715 5.802435294639862e-05 0.00020594148302294053 0.0026744116175602644 0.00012968510160632932 0.0048791452334245805 0.0009028507067880913 0.0004868966221138345 0.0004784354334706738 1.4729814159666015e-05 0.0004759152383884857 6.834349208039276e-05 2.806942254793471e-06 8.873589698639553e-05 1.0248528896162442e-05 5.461006661399722e-05 2.1933571614337666e-05 0.0 0.0 3.425594949312615e-05 0.0 0.0010224646843513293 0.0004959037716523144
0.006989153068923333 0.015271999350178301 0.0005019671182330273 0.023318697340832483 0.0004250402492381117 0.0 0.004190144052674815 0.000248570813712699 3.7911083215615764e-05 0.024553312162693314 0.0005260946345021705 0.006889239752544152 0.006247769751872375 0.0018485904198081646 2.3903353664615148e-06 1.375065362682538e-05 2.54975398729071e-06 0.0 0.0 0.0 0.0 2.5256727856228136e-05 0.0 0.0 0.0 0.0 0.0 0.0 0.0 0.0 0.0032077584198290858 5.3183539229465535e-06 0.0005766111758895206 0.0 0.0 2.103782059790813e-05 0.001357897786094196 4.892411729888907e-06 0.00015134749968278034 1.0758858287359003e-05 0.0 0.0 0.0 0.0 0.0 0.0 7.193873239792645e-05 1.1919591184930615e-05 0.0 0.0 0.0 0.00010344270008828285 0.00010838389731756083 0.0 3.7483531368671574e-06 9.872011380347063e-06 0.005624215197320226 0.0011815253569031397 0.00015456974197495298 4.5838222467724334e-05 2.562517237397744e-06 0.000170760428151746 0.0 4.169399912110192e-05 4.481983724570429e-06 1.5916358673680866e-05 0.0 2.6922449579028827e-06 5.179847701379806e-06 0.0 0.0049882136763028375 0.009834238411297729 0.00013519687372819445 0.0004644605106277951 9.468818399956779e-05 7.964329495335476e-05 3.0739840474673994e-05 3.7443857469947884e-06 0.0 0.0002974889163856555 0.0 2.960158148311101e-05 2.2616710263187245e-05 3.25113434300455e-06 2.204520059550759e-05 2.577866889654178e-05 2.7508148077961373e-06 6.882973136106279e-05 0.00011704495292866497 0.0003657620933341586 1.3006784238568554e-05 0.00010405176141389715 2.814402441297471e-06 0.0 1.1081877288300434e-05 0.016047833960806918 0.02008168811747661 0.0005008790282341928 0.0023237830146553657 0.006581599328990675 0.0 8.230915838988762e-05 0.000245696324622821 0.00022669032055400046 2.9933869791167364e-05 0.0001389560714352485 0.0008023550232335462 0.00039084171979531245 0.00039463652280396366 0.0009515104515783187 3.911344635796142e-06 0.00018191234380776194 0.0005454059600587672 0.0004960435211837098 5.234630205503128e-05 0.0 0.0 0.0 0.0 0.0 0.0 0.0 0.0 0.0 0.0 0.0 0.0 0.0 0.0 3.078795518941363e-05 0.0 3.291938078245566e-05 1.9652703356937387e-05 2.8796828725736662e-05 5.2487992210961864e-05 0.0 0.0 0.0 0.0 1.3527620351140565e-05 0.0 1.5119731646954885e-05 6.896930795579084e-06 6.47683029178658e-06 0.0 3.859179010634537e-06 0.0 0.0 0.0 0.0 0.0 0.0 0.0 0.0 0.0 0.0 9.047658085896007e-05 3.4664077408014614e-06 0.0 0.0 0.0 0.0 0.0 8.748704204822528e-06 0.0 0.0 2.384532325921292e-05 0.0 0.0 0.0 3.6673801277837687e-06 0.0 0.0 3.2764292784006743e-06 0.0 0.0 5.069612956584742e-05 7.135227435328979e-05 0.0 0.0 0.0 1.6070344200874885e-05 0.0 0.0 0.0 0.0 0.0 0.0 0.0 0.0 2.827294083778814e-06 0.0 0.0 4.221724684860253e-06 0.0 6.832625540414218e-06 5.328220320108309e-06 0.00023717000812896466 4.332296066599992e-06 3.2191431066018076e-05 0.0002634215847888004 2.1779846966036847e-06 0.0003144993167980426 7.830218403491161e-05 0.002058351232386096 2.575371606786749e-05 0.0 1.6568931749156435e-05 0.00022956769388685855 0.0 8.308278565867397e-06 3.020281906218181e-06 0.0003961778500027665 0.0 0.0 0.0 2.2602722863848147e-05 0.0 0.0022970807596359305 0.0016565676576676739
0.01067473375938343 0.12183443022375286 0.00045931874043628093 0.017938952790968257 0.040247353895317604 0.004190144052674815 0.0 8.73641427058312e-05 0.022866561531428662 0.04179259739512762 0.0017810632084499479 0.011116987258668087 0.16297776815292045 0.06381395896023999 0.0002012679228094534 5.763860788374313e-05 8.406257505212348e-06 2.5308038296468026e-06 0.0 0.0 2.3920426247550606e-06 0.0 0.0 0.0 3.194446489495895e-06 0.0 0.0 1.5559874462401817e-05 0.0 0.0 0.00284424388446442 0.0001788946952553433 0.00021718019863838447 1.0120389212460422e-05 0.0 4.735922715161704e-06 8.662021468942385e-05 2.6546358181782264e-06 1.9540128137070086e-05 0.0 0.0 0.0 0.0 1.6681165517365024e-05 3.407587656790939e-06 3.050285107891473e-06 0.0020067515776783077 9.520334349878449e-05 2.884814866439201e-05 4.29622550641182e-06 3.1346539642626295e-06 0.0 0.0 0.0 2.6904257493197007e-05 5.302093307142525e-05 0.0008092138974812801 0.0027742305657080966 0.00032273377580801805 0.001439286883747212 4.0638887129399014e-05 0.0001901804977914693 2.8244497996500537e-06 0.0010752533520147877 3.639272416795639e-05 7.548346554638858e-05 1.552542387334456e-05 7.092729330161584e-06 1.7978166449539556e-05 2.119447763632926e-06 0.00023499733222776643 6.482669131527088e-05 3.0717472688893114e-06 0.003565738851150811 0.001994106054371393 0.002528474216667692 0.0006124253574682225 6.904316566911041e-05 4.641958985297924e-06 0.00016077828067911188 1.643440126951702e-05 4.672323519796047e-05 0.0001558774335374779 0.0 0.00010748876795604566 8.182856722732658e-05 6.925792484234697e-05 7.908845467725147e-06 9.661329811355213e-06 0.0 4.3591209019460755e-06 0.0 2.3747465015250447e-06 2.664144223337134e-06 0.0 0.0011498440290677713 5.4078654179591736e-05 2.2504530865218802e-05 2.31606326020326e-05 0.0004210218479618225 9.049662349814607e-05 0.00013431585409905868 0.0035660698758420797 0.0007416161201019931 0.00010003971949051485 0.0012996092099935306 0.001072834736917759 0.0014847556360320846 0.002353904464886564 0.0020796954793995217 9.919542597599883e-05 0.005366186885533735 0.005062093476877381 0.002963217611999864 0.00040299504700494634 0.0 0.0 0.0 0.0 0.0 0.0 0.0 8.162116130153736e-06 0.0 0.0 0.0 0.0 1.5488088713775788e-05 0.0 0.0 0.0 6.051841379355e-06 0.0 0.0 0.00019987682795361716 7.690289221031118e-06 0.0 0.0 0.0 0.0004764437927824365 0.0 6.0030901725210186e-05 5.27863295793666e-05 2.7389759172777914e-05 0.0 0.0 0.0 0.0 0.0 0.0 0.0 2.988978076691905e-06 1.2155456001054209e-05 0.0 0.0 0.0 1.5472575508631318e-05 0.0 2.301343402020639e-06 0.0 2.532820113973915e-06 8.927263279136119e-06 1.0860666070723436e-05 2.085782791792531e-05 0.0 0.0 0.0002792656061506962 2.0875719657310113e-05 3.1502883560869287e-06 3.449512679975369e-06 0.0 0.0 0.0 0.0 0.0 0.0 0.0008236335297484799 2.278877455029089e-05 0.0 0.0 0.0 6.956411510760464e-05 0.0 0.0 3.2086713492211463e-05 2.1627141595972867e-05 1.5036792138342586e-05 6.032113498004994e-06 0.0 0.0 0.0 5.494154690167753e-06 0.0 0.0 0.0 0.0 0.0 0.0011387175960227394 7.510649489065012e-05 0.00027226914145965736 0.0020566592470532895 0.00015033725624045543 0.005378949540352148 0.000700388379853373 0.002107422309987596 0.0005055416244922368 2.328823218618047e-05 0.00047711624194729627 0.00015473843023042867 0.0 0.00026182434320228475 1.9501395891601818e-05 8.356556767988744e-05 5.091795195732864e-05 0.0 0.0 8.644783024021336e-05 1.6282490327269056e-05 0.003719462556815779 0.0011454981456816414
0.0009122407932973361 0.014462716938169922 0.07386920864255661 4.4628457930791004e-05 0.0005692598957605369 0.000248570813712699 8.73641427058312e-05 0.0 0.0025552747735726 2.634216042769286e-05 0.036417093060087814 0.0001230437341941486 0.0002702234813175886 0.00823412391226534 0.00022360053186380025 9.705185665880894e-05 8.599904010009745e-05 9.889799947288225e-06 0.0 6.140914997415555e-05 0.0008185760021499178 1.722290616844187e-05 0.0001545756645645152 0.00020251673893513294 4.636326195666282e-05 4.848910117129627e-05 4.9578190305176205e-05 3.793753597510162e-06 1.1071671404669372e-05 0.0 0.03326305733804416 0.052144982036688416 0.0032452360385979073 0.0003667533196386342 6.894499659769075e-05 0.003926083153288375 0.0011999396627497816 0.002243346164430086 0.0005008056395460772 0.0004120678566329185 0.00023596582620382674 5.259061391027057e-05 0.00014927531587064145 0.0001779815889962359 1.015934401562854e-05 0.0005315845922028375 0.0012421107774322202 2.7389602121391475e-05 2.6652865879368902e-05 0.0002087227117569951 0.00016091982360960305 2.4562050106503578e-05 3.247159239763774e-05 1.8374426913157024e-05 0.0 1.11458848172708e-05 0.00034838324529247233 0.0023945722848444768 8.322859419652938e-05 0.0004856141403284985 0.011424710432253167 0.014888256374339083 0.0009955298922364915 0.011164628253366131 2.247192542524485e-05 9.26675577502362e-05 3.508468771469132e-05 6.792137856758882e-05 0.0012226778798549054 0.00018587853818991212 0.0001894678043316618 2.9219302687030228e-05 0.0 0.0011753526653826404 0.0022509230884251116 0.0013467739546324019 0.0133311464076542 0.015890953811157592 0.021826458642181627 0.04479826577677774 0.007302578007667835 0.049745775978363806 2.7118344735423622e-05 2.981533611703126e-06 3.2114836990221134e-05 4.4441772470765905e-05 0.0003527525319554326 0.0 4.85485584679706e-05 0.0 3.5737109961880246e-05 1.99797354384048e-05 0.0005668199627801658 0.00018637601655254168 3.3857593155010756e-05 1.0838978568007427e-05 4.781871791179614e-06 7.155159630870546e-06 7.130603262781668e-05 0.0003438595718761485 0.0 0.0 0.0 0.0 0.0 0.0 6.088424690211477e-06 2.4440738309615257e-05 0.0 0.0 0.0 0.0 3.2738270401000076e-06 0.0 0.0 5.446499502216781e-06 0.0 0.0 0.0 0.0 0.0 0.0 0.0 0.0 0.0 4.956785766682868e-06 0.0 7.928130853927987e-06 0.0 0.0 0.0 0.0 0.0 1.1440977657971751e-05 0.0 0.0 0.0 0.0 0.0 2.9005438002503435e-05 1.8448918400058928e-05 2.9859729745636973e-06 0.0 2.7123747204857275e-06 0.0 0.0 0.0 0.0 0.0 0.0 0.0 0.0 0.0 0.0 0.0 0.0 7.933331400150516e-06 0.0 0.0 0.0 0.0 0.0 0.0 0.0 0.0 0.0 5.059474118665467e-05 0.0 0.0 0.0 0.0 0.0 0.0 0.0 0.0 0.0 2.697470593043453e-05 0.0 0.0 5.782313032529906e-06 0.0 6.6870626512341445e-06 0.0 0.0 0.0 0.0 0.0 0.0 0.0 0.0 0.0 0.0 0.0 0.0 0.0 0.0 0.0 0.0 2.69955313700659e-05 6.680400822924966e-05 0.0012069781854418212 0.00015678098520947544 0.0020893196951351158 0.0006485760217242293 0.00022246657025016357 0.000172240972042325 3.938299828705935e-06 0.00017170881873151473 9.768229793499772e-05 3.981047611186937e-06 2.9711269512214257e-06 9.255370646738345e-06 0.0 0.0 0.0 0.0 7.19706200524711e-05 0.0 0.00011891315499378295 1.5650157228748664e-05
0.00020496789543971423 0.08928355741877896 0.033465795853352596 8.97532234626249e-05 0.13771209251814595 3.7911083215615764e-05 0.022866561531428662 0.0025552747735726 0.0 0.0007074533969014076 0.027790223771488737 0.0005718199265420432 0.02956759182890061 0.06805767175710738 0.00013156975541829733 1.681243836803799e-05 0.0 0.0 0.0 0.0 3.0899436126315216e-06 0.0 0.0 0.0 0.0 0.0 0.0 0.0 0.0 0.0 0.00026549544032205776 3.4873586577762006e-05 0.0003094427850592103 0.0 0.0 1.6920565054160838e-05 9.961921202875021e-05 2.720927388531817e-05 1.110776259934627e-05 0.0 0.0 0.0 0.0 5.234175198650103e-06 0.0 0.0 0.0005439377252957773 1.158545052209649e-05 4.861596904992323e-06 0.0 1.1386340152073188e-05 0.0 1.6055277093724818e-05 0.0 0.0 0.0 5.44076774892214e-05 0.0002409469998072308 1.7756666676651934e-05 0.0002485611279491966 6.36661690204969e-06 5.6096476922474684e-05 0.0 0.0001414001293481759 2.539046980361973e-06 7.85922361647948e-06 0.0 0.0 0.0 0.0 3.922924825506207e-05 0.0 0.0 0.0003549917539190121 0.00028555396773684077 0.0005241659131192719 0.00025186033999587376 2.93454681742115e-05 0.0 0.0005847067253228045 0.0 4.0209130995008176e-05 1.0160303191822815e-05 0.0 2.0666483976421255e-05 1.2596010196149427e-05 1.1539392541832517e-05 0.0 0.0 0.0 0.0 0.0 1.6689808584123633e-05 0.0 1.4075751634389025e-05 0.00011700664139749464 0.0 0.0 1.1875548178867486e-05 3.2586778044094886e-05 5.781213181527561e-06 0.0 3.6431742348482745e-05 4.897766936517423e-05 0.0 7.913662081444711e-05 8.048937924671394e-05 0.0003466571460730597 0.00020090483687190772 6.539519506199339e-05 1.662319062856342e-05 0.00015855904305409947 0.0004228318062347223 0.00037216443918097205 6.730552128948862e-05 0.0 0.0 0.0 0.0 0.0 0.0 0.0 0.0 0.0 0.0 0.0 0.0 0.0 0.0 0.0 0.0 0.0 0.0 0.0 2.15743851038642e-05 0.0 0.0 0.0 0.0 4.4062874783052365e-05 0.0 1.9764035594507514e-05 0.0 0.0 0.0 0.0 0.0 0.0 0.0 0.0 0.0 0.0 0.0 0.0 0.0 0.0 1.118121106197272e-05 0.0 0.0 0.0 0.0 0.0 0.0 0.0 0.0 0.0 3.6803603348008565e-05 0.0 0.0 0.0 0.0 0.0 0.0 0.0 0.0 0.0 0.00016169280318471547 0.0 0.0 0.0 0.0 6.608962093994285e-05 0.0 0.0 0.0 0.0 0.0 0.0 0.0 0.0 0.0 0.0 0.0 0.0 0.0 0.0 0.0 0.00012599756436707687 3.8939629940739547e-05 3.192848069942098e-05 0.0008949505540081571 2.001782768719094e-05 0.001130940736933206 0.0002913656703406528 0.0002823214054162857 7.075570082373463e-05 1.0580068139524817e-05 9.286423685343687e-05 0.0 0.0 0.0 0.0 6.892691816531268e-05 0.0 0.0 0.0 1.5978863651587128e-05 0.0 0.00040094179058700746 0.00010013095602878511
0.0315233083049321 0.04796566933617285 0.00044215070759646605 0.07004411936782448 0.00527898870258166 0.024553312162693314 0.04179259739512762 2.634216042769286e-05 0.0007074533969014076 0.0 0.00022409447959990212 0.10112668386357783 0.19089050639756 0.013035106410348662 8.063280466488705e-05 2.0284875964989896e-05 0.0 0.0 0.0 0.0 0.0 0.0 0.0 0.0 0.0 0.0 0.0 0.0 0.0 0.0 0.0017696908190136783 4.2519284341120884e-05 0.00045527214016595583 0.0 0.0 4.691485852389129e-06 0.0003898502054268238 0.0 4.013469535223846e-05 8.37668271482883e-06 0.0 0.0 0.0 9.78541268906704e-06 0.0 4.359861778350873e-06 0.0019351893274227876 7.227198250242962e-05 1.034909779137429e-05 5.118350538105531e-06 5.7881796141941474e-06 3.1836065047509127e-06 2.796455414584144e-05 2.30189185362976e-06 4.068598436732542e-06 5.348440301261313e-05 0.0009691343507139913 0.0018337401375729272 0.0002684472037707977 0.0008992072901798832 2.041351628069224e-06 0.0001452999594479646 5.85221367322145e-06 0.0006752290033860071 2.9790097353298892e-05 1.1698427623196629e-05 7.381821956318912e-06 5.549269737091157e-06 0.0 0.0 0.0016250449102998541 0.00039722666798411017 3.8037842517528213e-06 0.0023363557877969557 0.0013860545822730987 0.0016628456052238763 0.0006350578956943904 6.552338141894374e-05 1.1477519372319205e-05 0.00011343494208381521 8.165330688719111e-06 0.00015598887959226762 6.30418868116618e-05 2.459664955865808e-06 6.384802388120453e-05 4.8507043678074e-05 3.68304545496458e-05 0.0 1.357496553046327e-05 1.0897298838846544e-05 1.631750476191909e-05 0.0 0.0 0.0 0.0 0.004508094607261596 0.0012533305479667594 2.1688950405533244e-05 0.00020245704139405414 0.002842974293666503 4.357253644481998e-06 0.00011385324411177272 0.0011469756399257991 0.0009786477962561847 0.0001396697846645902 0.000802825028739624 0.0012389933960089148 0.0008090446330977777 0.0015099875599227357 0.00304837594407351 0.00018316894519502584 0.0008147583377654141 0.010273159957497667 0.004575168236856636 0.0005864938061708048 0.0 0.0 0.0 0.0 0.0 0.0 0.0 0.0 0.0 0.0 0.0 0.0 0.0 0.0 4.650552922321465e-06 0.0 0.0 0.0 0.0 7.378952124727918e-05 3.4413880629343316e-05 0.0 0.0 0.0 0.0005412491123354222 0.0 8.742529972757303e-05 5.671598912533223e-05 0.0 0.0 0.0 0.0 0.0 0.0 0.0 0.0 0.0 4.5597300564204626e-05 0.0 0.0 0.0 3.826477636664572e-05 0.0 0.0 0.0 0.0 2.606497029868421e-06 0.0 4.4137918160644846e-06 0.0 0.0 0.00020156774242196504 0.0 0.0 0.0 0.0 0.0 0.0 0.0 0.0 0.0 0.0008290978738255359 6.0315196505206734e-05 0.0 0.0 0.0 9.735664770921194e-05 0.0 0.0 1.7637125515415397e-05 2.0162970353370414e-05 3.219325361542324e-05 0.0 0.0 0.0 0.0 0.0 0.0 0.0 0.0 0.0 0.0 0.0014395123178292837 6.652808646623464e-05 0.00018446832253248552 0.0012873049465755926 4.0210713627540446e-05 0.004418825170687033 0.000710711650143023 0.0055192520342852635 0.0005292837111116238 1.4252320954432441e-05 0.0003508620240079998 0.00021704150031955362 0.0 0.0002785825328443943 9.613573579915788e-06 0.00026372104116880406 8.792314377919725e-06 0.0 0.0 0.0003494868884553024 0.0 0.011175920611774103 0.0018724027236275028
0.0034509482044882828 0.06453277654747996 0.06001127373640271 0.0003187564995590606 0.018884726471632095 0.0005260946345021705 0.0017810632084499479 0.036417093060087814 0.027790223771488737 0.00022409447959990212 0.0 0.002546414888122258 0.007868105218910378 0.0651540314069327 0.000753042815090918 0.00047379933386134575 4.6345334516337215e-05 0.0 0.0 0.0 7.201559832492409e-05 7.200069219953928e-05 3.3798199235694665e-05 7.498439079490096e-05 7.27372507556867e-05 1.6263819226520324e-05 5.204653304614673e-05 1.624811949214839e-05 3.517935006938774e-05 0.0 0.010199608754277946 0.0007433987114748033 0.02323336168840891 4.041344453150655e-05 1.888758241048037e-05 0.00266077725205115 0.011028354138139665 0.0038052904546301333 0.0029558317080176245 0.0008376332182357421 9.04033438179602e-05 2.9708839227986328e-06 2.833764142355452e-06 0.00014352307596777442 0.0 9.485704109756633e-06 0.001724054097241354 2.2512850494554897e-05 0.0 7.964347001897736e-06 2.6022570354727476e-05 9.159344581609117e-05 0.00011283237423528461 0.0001116073136466358 1.1265865853401962e-05 2.6228370557008957e-05 0.0004807730575443828 0.0016364749595395578 0.00014010803352875034 0.0007120292254618828 0.0001316926298682923 0.005474011038936335 1.7083522981104195e-05 0.001456122762730679 3.550660782010489e-05 2.1375989899017677e-05 4.197622783197318e-06 2.9996667746060413e-05 0.00012926133225768787 1.6379151770885315e-05 0.0038427948464843154 4.4861612259431e-06 0.0 0.0014787577261643353 0.0019433065350447122 0.0023647637564710665 0.001704527923259169 0.0006402588223448345 7.956783741209567e-05 0.029571287954345098 3.325935183471585e-05 0.0033043060242811586 5.094792518986354e-05 2.0928345136791936e-06 3.68738675487396e-05 4.0905452953199615e-05 3.291253881178457e-05 0.0 5.6079357174993556e-06 0.0 1.8459766245561522e-05 5.437325244762637e-05 0.00021060649007708423 0.00013055164630538835 0.00012308671927324996 0.00018409744216247163 0.0001203480002062271 0.0 0.0007534063870853094 0.0006393174042570662 0.0 0.0 1.8364249852303867e-05 1.653516242575876e-05 0.0 4.1426382576034035e-06 5.599302149156194e-06 4.1647631459741256e-05 0.00011145391751249678 4.7105117025781945e-05 1.7949946329717595e-05 8.470509274472306e-05 0.0002244349701172277 0.00016268617875133434 0.00015225886134499555 0.0 0.0 2.952915213495561e-06 0.0 0.0 0.0 0.0 0.0 3.095043606662948e-06 0.0 6.829283080771886e-06 0.0 5.007582637425531e-06 0.0 2.2254785097515408e-05 0.0 0.0 0.0 0.0 3.604018949607931e-05 0.0 9.974968635746258e-06 0.0 0.0 0.00015630717673437183 2.680059178701816e-05 3.1405089185562404e-06 2.1473892195975922e-05 3.1709726296128846e-06 1.776164253621943e-05 0.0 0.0 0.0 0.0 0.0 0.0 0.0 4.029165928773799e-06 0.0 6.866715680981874e-06 0.0 1.1212512926309594e-05 0.0 0.0 0.0 0.0 0.0 0.0 0.0 0.0 0.0 5.885612099872532e-05 0.0 0.0 0.0 0.0 0.0 0.0 0.0 0.0 0.0 0.00014486076041472827 0.0 8.86669679680978e-06 0.0 0.0 2.014182622552424e-05 0.0 0.0 0.0 0.0 0.0 2.2793354096662176e-06 5.8070069475003885e-06 0.0 0.0 0.0 0.0 0.0 4.591967023381425e-06 0.0 0.0 5.7533029720743966e-05 5.057888571102257e-05 0.00010610107910097578 0.004311348952430512 0.00017298976095471978 0.0036276144329341147 0.0013042969000825885 0.0006166767371887003 0.0004313799029227282 6.882560348072254e-06 0.0006747233010332593 8.620892707750751e-05 2.7767389313326746e-06 2.814750541846995e-05 6.102379500159648e-06 8.329806069412875e-06 2.111588807445971e-05 0.0 0.0 0.00023020424870351313 0.0 0.0003295361200724584 8.249033575154867e-05
0.0018956556513498304 0.00879370684971827 0.0021658407661109456 0.007653591564155355 0.003658333347908265 0.006889239752544152 0.011116987258668087 0.0001230437341941486 0.0005718199265420432 0.10112668386357783 0.002546414888122258 0.0 0.02065638329658461 0.012069271593972409 0.0004515835454910389 0.00037469625426433213 1.0094720891077793e-05 7.4732275008778e-06 0.0 2.1382456190981293e-06 3.6862066422610942e-06 0.00040166681659291125 0.0 1.84490710297692e-05 5.339708489824596e-05 1.8557590098709445e-05 3.7776937421801925e-05 0.0 3.838470172241047e-06 1.548809198909146e-05 0.0008589924257447932 5.321751882812929e-05 0.0027103683095977067 0.0 0.0 0.00022197690679072514 0.009148467555009088 0.00040697330306458675 0.000870890419170657 0.0001188057233296455 2.368970318573325e-06 4.0361569918142324e-05 0.0 9.946262540961601e-05 0.0 2.033494800837455e-06 0.0007640991570356521 2.8788777017222475e-05 5.843863419683833e-06 7.58495949072558e-06 0.0 0.00034666032411185524 0.0001951103909237717 0.0002311114376135634 0.0 8.523574727108225e-06 0.0002971811295677741 0.0004990893908385452 6.86113480510362e-05 0.0003103646758787131 7.248995787188939e-06 0.00022815920906999823 1.174367348893996e-05 0.0005148566425677241 8.634053417414471e-06 1.3648377473319987e-05 3.0853539127816473e-06 2.273132125550992e-06 6.462110040566079e-06 0.0 0.013421247126224245 0.00019714081888278054 0.0 0.0008805289542588336 0.0008003771640910579 0.0010673459881361063 0.0007801460204984811 0.0004947737831603525 1.055325280259418e-05 0.000745586517696744 1.0715671121280724e-05 0.00011688664906152442 4.089222509956464e-05 0.0 1.3503858099712717e-05 1.4784382720169702e-05 1.4433702859557147e-05 2.3599546846571318e-06 5.109056829888864e-06 0.0 4.6871190050175154e-05 2.4104453133845504e-05 2.9493167879335376e-05 4.795463728904587e-05 0.00022247809264692867 0.018893123106587396 0.0035759098490671277 1.4894063707344259e-05 0.0019878543756657015 0.000802083283229814 0.00010927540516253849 0.00017962760560113052 0.0010744143442047017 0.001024539689684153 0.00042418287689682376 0.0018431582558713427 0.0013426561637383083 0.002601500339620791 0.002090502240652462 0.00231895043819358 0.0003733913930658444 0.0015764170751087863 0.006149484961257341 0.0053081264725081566 0.0016176420174189945 3.1175114533375885e-05 1.5464571619725918e-05 0.0 5.162191293425971e-06 0.0 0.0 0.0 6.261946001491391e-06 0.0 0.0 1.4183849825265536e-05 3.49992142581101e-06 2.5567125919528433e-05 6.355379949045376e-06 1.3378741532375098e-05 1.3543560002385407e-05 0.0 0.0 0.0 0.0003436480808128886 3.389449744680301e-05 0.0 0.0 0.0 0.0013732094710551355 4.126025758260254e-05 0.0001795746403076478 0.0001921638427601749 5.625851857985907e-06 0.0 0.0 0.0 0.0 0.0 0.0 0.0 7.433818247660323e-06 4.1734977905588975e-05 0.0 0.0 3.4680277119323744e-06 2.9177700118673605e-05 1.4330916411870198e-05 0.0 0.0 0.0 2.6652819042354804e-06 2.106370967556699e-05 3.3572529330894643e-06 0.0 0.0 0.0002811496849809982 0.0 0.0 2.4205023339183623e-06 3.559570164686313e-06 0.0 0.0 0.0 0.0 0.0 0.0023086580685420964 7.20822213572236e-05 0.0 0.0 1.2167149205531504e-05 0.00029523052645594015 0.0 1.5616362521654535e-05 6.063396152615458e-05 2.8259115239043197e-05 4.443315315004592e-05 1.7222607787184238e-05 6.3205423814415805e-06 0.0 0.0 0.0 0.0 0.0 3.6764848502862164e-06 0.0 0.0 0.003370422122545457 0.0004304477084514214 0.000693618906984539 0.003269506821268649 0.0001281636524621001 0.002058876574022905 0.000977814461456607 0.0010155152762843025 0.00038172449999839057 8.59357346350412e-06 0.0004065347779275499 0.0003777450857871289 1.2213578442826793e-05 0.0003814255018350493 0.00017435312076498496 0.0003759733864765828 0.0001549497346006954 0.0 0.0 0.00017405584443509187 2.2409324644355203e-05 0.011561420559466951 0.003519905025630608
