0.0 0.048425071497171394 0.004800707285571219 0.027186904638692385 0.0031796720629619483 0.012208206772492042 0.009663297234038925 0.00020138110843745074 0.0018015176408778153 0.00902016399078345 0.00097936058609034 0.0006771706955742601 0.002365928846443563 0.0025885840529058244 1.7906746601385022e-05 6.273481423696492e-06 2.668157280583581e-06 0.0 0.0 0.0 1.3489542832717621e-05 2.958661476238417e-06 0.0 2.8198852799064366e-06 1.022436023449196e-05 6.233297220958918e-06 5.360995925873791e-06 0.0 0.0 2.4970435020668042e-06 0.04046544385532289 6.065674684203059e-05 0.0005021140377389402 0.0 1.327595305753248e-05 5.454682111018809e-06 0.000639653324069702 3.034906941136641e-05 0.00010570048001246869 4.767580211134687e-06 3.0245297721822976e-06 5.159194664125582e-06 0.0 0.0 0.0 0.0 0.00018463095213105854 1.2533122191587444e-05 1.3918513819708192e-05 0.0 1.1774604309252749e-05 7.214669086538013e-06 8.368823320655073e-06 0.0 0.0002915740915852812 0.0001758206959421794 0.008635348055328337 0.020106561290271458 0.002102723281329531 0.00018559244243713022 0.0 3.578745448383727e-05 0.0 5.0684508289549445e-05 4.182792813109593e-05 3.701172629789994e-05 2.6024204359931364e-06 8.40259295365682e-06 2.8546534305706336e-06 0.0 0.00039947157152704367 6.726158325796051e-06 5.346432287624356e-06 0.0024021585717522325 0.00017389373169493942 0.000548234395574631 3.732398276327031e-05 2.8287355443582893e-06 3.265581529282954e-05 8.932627036606507e-05 0.0 5.507514021067514e-06 0.00013875782188604171 9.889592084066178e-06 2.6097707269927637e-05 2.6845394329674743e-05 0.0 4.8435942447573105e-06 2.770521744941709e-05 0.0 7.772309894355895e-06 5.8465138798265965e-06 1.49611275526778e-05 8.547236127805234e-06 0.0 0.001278118966853125 2.1522742104510545e-05 1.7274293679353013e-05 1.8780853430241156e-05 0.015115767228039716 0.0 2.988238543385091e-05 1.0011980617309896e-05 4.418208877205509e-06 0.0 0.0 4.4242010450434986e-05 1.4482325884102132e-05 0.00027129892315264835 3.329928980668352e-06 0.0 2.799396481054886e-05 7.90479466047896e-05 5.289106517162984e-05 5.6878888403616345e-05 0.0 2.3901751994425793e-06 0.0 0.0 0.0 0.0 0.0 0.0 0.0 0.0 0.0 0.0 0.0 0.0 0.0 0.0 0.0 0.0 0.0 0.0 2.529732597620119e-06 0.0 0.0 0.0 2.999356435223645e-05 2.2296767584953053e-06 0.0 0.0 1.6785790058726353e-05 0.0 0.0 0.0 0.0 0.0 0.0 0.0 0.0 0.0 0.0 0.0 0.0 0.0 0.0 0.0 0.0 0.0 4.403608622980186e-06 0.0 0.0 0.0 0.0 0.0 0.0 0.0 0.0 0.0 0.0 0.0 0.0 0.0 0.0 2.836482734228548e-05 0.0 0.0 0.0 0.0 2.933750712442855e-06 0.0 0.0 0.0 0.0 3.738368474579486e-06 3.5543453676038662e-06 4.012891627558289e-06 0.0 0.0 0.0 0.0 0.0 0.0 0.0 0.0 3.4899038131604357e-06 1.4788840415213714e-05 2.8716810310694826e-05 0.0007877527371199639 4.185389691351476e-05 0.0018279583810731663 0.00045307673189598176 0.016131815427526515 0.0001827172864401011 2.8436644269672023e-05 3.105939700783577e-05 5.85906825301519e-05 0.0 2.472143503368153e-05 0.0 8.739383953670499e-06 3.36734611410812e-06 0.0 0.0 7.506168138257709e-05 0.0 0.006073775165879785 1.9532429838947007e-05
0.048425071497171394 0.0 0.021967624779491064 0.04600529432622614 0.10082162151121764 0.02418143496655419 0.0764418265462491 0.002576755774335997 0.04952962940421539 0.023148198351033246 0.010821043177197703 0.001316479993510193 0.041661645343971154 0.045407062148765 0.00010675924523548208 9.238142610663932e-05 4.286950123803082e-06 0.0 0.0 0.0 2.0314642468518045e-05 6.5876856759041775e-06 3.630134011586918e-05 1.2683021955234245e-05 0.0001363297269988903 0.0 3.823505470134386e-05 0.0 2.7006585361805923e-06 1.0276716686093767e-05 0.06679504030559459 0.000671618949271241 0.010356983980579262 0.0 2.9361044789128348e-05 5.832930725871486e-05 0.00687783615317643 0.00045238296039608984 0.00046709837040093946 7.682134888370668e-05 1.1980901829760043e-05 9.120541616267487e-06 1.1869146026674376e-05 1.4607705027176448e-05 3.19066487645767e-06 6.006790794119753e-06 0.0012205594612389543 0.00011929081509277178 2.5591528019260872e-05 1.3700010912878487e-05 6.480753826253801e-05 0.0 8.345821164602637e-06 0.0 0.0010937988235748303 0.0008682123068549201 0.004825547279839386 0.01045763420266671 0.002690490349247029 0.0007463970282034582 7.577042204265149e-06 0.00024023122383843987 0.0 0.0020533626439700556 0.00030323144385038776 0.00022565189491101695 2.7701430625190818e-05 3.697656489165471e-05 2.8198902047551946e-05 2.2655466472579773e-05 0.0017856400436429786 2.423677206276568e-05 2.7522958317079844e-05 0.009109507082894994 0.00286085074161049 0.004012318694637382 0.0005405659256586134 0.00013948874432122876 0.00019836860719642732 0.0012283088940208155 6.2775717943628696e-06 6.247992914725388e-05 0.0009310736684676698 3.6165326777997765e-05 0.00012117643917091543 0.00017502135380984864 1.6309133537098045e-05 1.9056589487421226e-05 0.00010292161048411222 4.7853561689487195e-06 4.8683899611566374e-05 2.1262661024741232e-06 8.396889759100535e-05 0.0001300714364451102 3.573848262996662e-05 0.0013285982327115124 0.00010290395316206006 1.5163223023792263e-05 8.398147408024337e-05 0.006770835118738092 1.0634639864271314e-05 2.072313377403506e-05 4.268998665616619e-05 1.6728847456144654e-05 4.722308145315611e-05 2.08372785864675e-05 9.05106986890458e-05 0.0 0.00045758072376609693 5.0215386237279464e-05 9.784822572563842e-05 0.0002435911356278837 0.0004906782630241588 0.0005580290482917773 0.000257889452319081 2.3153010211493263e-06 3.3710794790095926e-06 0.0 0.0 0.0 0.0 0.0 0.0 0.0 0.0 0.0 0.0 0.0 0.0 0.0 0.0 0.0 0.0 0.0 1.1785250953481635e-05 3.8998643530179207e-05 0.0 0.0 0.0 0.0002472453536328386 0.0 8.968370362248527e-05 1.6815667962730914e-05 1.4780691895939743e-05 0.0 0.0 0.0 0.0 0.0 0.0 0.0 0.0 1.0251683075699105e-05 0.0 0.0 0.0 2.5811961686499115e-06 0.0 0.0 0.0 0.0 0.0 5.915343309740486e-06 6.6843913975007455e-06 0.0 0.0 2.8403135159338713e-06 6.560640749954018e-06 0.0 1.9512397238539035e-06 5.769993447257449e-06 0.0 0.0 2.4997078635522462e-06 0.0 0.0 0.0004768368915593702 3.023160883923749e-06 0.0 0.0 0.0 3.21868514215754e-05 0.0 0.0 7.953321337314784e-06 1.0643181272966558e-05 4.128161648929746e-06 2.626266407209897e-06 4.597645283961603e-06 0.0 0.0 2.3503210897276287e-06 0.0 2.3778158429415622e-06 0.0 0.0 0.0 0.00021541859305521333 0.00010022458352042014 9.839350314919793e-05 0.003128476656354758 0.00021967108498258808 0.011684113877140197 0.00272897895731504 0.02030825770491891 0.0014676728801874756 2.6107349904097707e-05 0.0001505131011986205 0.00011497843810299301 0.0 2.2415601622337504e-05 3.3482007187959004e-05 3.0016619601453934e-05 0.0 0.0 2.2012334684260098e-06 0.0002100394044817199 0.0 0.0068002753657138626 0.00015843854386421417
0.004800707285571219 0.021967624779491064 0.0 0.002706581871842469 0.013967959923149306 0.0016686148742802954 0.0009216414988992581 0.008943183352335238 0.012519652010184295 0.0004937979330018885 0.06029975572736395 0.0005530664984445954 0.007121393423603613 0.03139994811669355 9.360796188649111e-05 0.0001054196861905393 1.4733291233594408e-05 1.1744979421641569e-05 6.097801999146321e-06 7.190409995573303e-05 0.0005755126550003318 0.0 0.0013317962641730791 0.0003668998827203746 0.0009625527878162266 7.151028726262974e-05 0.0006958602269298396 7.0370565215408696e-06 1.2557588620515614e-05 2.971200067941405e-06 0.14266879020822257 0.005800065967187732 0.015111550504062227 3.3768011829416914e-05 0.0009431162127435965 0.0003970167777349144 0.013231921946315322 0.0014714546779556559 0.0011734408129429458 0.00015432986429449492 0.00022254070739026122 9.101046758081398e-05 0.00013725032311845192 1.3307341919782033e-05 5.7185276792691e-06 1.195561392141284e-05 0.0005206299496847728 8.864561196253775e-05 3.1690299975608464e-05 0.00026484243306758824 0.0012178738701768515 7.271933177388001e-06 3.0946548584029604e-06 3.368705665292816e-06 0.00029582964698827866 0.00019901037265960674 0.002943671711880238 0.011206602822851422 0.0008749611154572403 0.0002717855480075523 0.00021436269175075393 0.001427765131180208 4.284952740626414e-05 0.010425884582247046 9.144455418579578e-05 0.0002946894932387016 0.00014209201205090394 0.001708791205864614 0.001797215961611552 0.0005450842656819599 0.003013998303139404 4.14153664106194e-05 3.978002094934024e-06 0.003042797768889429 0.0010459483985929175 0.0012132859863459014 0.0007719540440177264 0.00024348536818457453 0.0013397295036614984 0.015121334192674633 4.041626637107479e-05 0.0011581376193096884 0.00023405992991409004 1.178342546400377e-05 0.00016160838157358714 5.493624757553984e-05 0.0002919119750229354 0.0 5.5425118088244904e-05 0.0 6.131819485688852e-05 0.0 0.0019127025476231552 0.0006561772961698427 6.030400171208315e-05 0.00042228503849869577 5.686936019437095e-05 0.0 0.00017635039930963487 0.0013961572023208756 1.6030981923988683e-05 3.3874762594758535e-05 2.4774946902402456e-05 0.0 7.802555788918126e-06 2.5913851864121588e-05 0.00016758902508240558 3.7102913442690645e-06 8.368006985780651e-05 8.708352829505364e-05 2.8617492222298555e-05 0.00018266778127454163 0.0005649540518715881 0.0008288239856737943 0.00030409930014907986 4.905492819675364e-06 1.6491398344911556e-05 0.0 0.0 0.0 0.0 0.0 2.6319842481565366e-05 0.0 0.0 1.0870103291132042e-05 0.0 0.0 1.0305798924942299e-05 0.0 2.7989458848556147e-06 0.0 4.3232021551981014e-05 3.0636484500215506e-06 7.543449664430779e-05 7.374617079519774e-05 0.0 2.4102896365566583e-06 0.0 0.00020088873469125266 0.0 6.576478312928541e-05 1.120469769875224e-05 3.825331417311948e-06 0.0 1.2753670649910097e-05 0.0 0.0 7.549946199028629e-06 0.0 7.950711350553533e-06 1.8956480677025686e-06 6.290670793576811e-06 0.0 0.0 1.0321677442885849e-05 0.0 3.357418168253951e-05 0.0 0.0 0.0 1.8571895576005762e-05 9.944132678629668e-06 9.770011630013263e-06 0.0 2.689325159323938e-06 0.0 4.114649255348036e-06 0.0 4.300563760558119e-06 0.0 0.0 0.0 5.211390371593245e-06 2.9447428284042383e-06 0.0 0.0006340718357079484 1.788068170202949e-05 5.086228178176059e-06 0.0 2.58091715491365e-06 6.056920262068092e-06 0.0 0.0 3.5908992794120894e-06 2.242999664401798e-05 1.940020076218356e-05 1.697946879854347e-05 1.8484146671350878e-05 3.7281324785201767e-06 2.8202305685590545e-06 0.0 0.0 1.0875167280597265e-05 0.0 1.1702504706532358e-05 0.0 0.0002833390978256955 0.00017800886299961001 0.00029036418385239944 0.00110025628618021 0.00017010805098559637 0.002482187584662283 0.0007452678991580615 0.0013249986052819279 0.00020558050353819125 0.0 9.935546781523722e-05 9.869122655065872e-05 0.0 6.098527563016518e-05 1.2026208424444382e-05 1.9201328046186825e-05 5.3356492488852885e-06 0.0 0.0 5.0508289511674445e-06 0.0 0.0012120457878638871 0.00013970862874882872
0.027186904638692385 0.04600529432622614 0.002706581871842469 0.0 0.006119325796340178 0.025242983857985752 0.04472534448881133 0.0008030024904687334 0.0009811858148624556 0.09973255451747971 0.0009505877619412919 0.013072902562310208 0.013790618266942162 0.0007752444993286691 2.9720299690348904e-06 2.5065477278480046e-06 2.9837642908275118e-06 0.0 3.894587240265047e-06 0.0 0.0 9.006883063994832e-06 0.0 0.0 0.0 0.0 0.0 0.0 0.0 0.0 0.005570348944114874 1.1847940250398973e-05 7.497076867452568e-05 0.0 0.0 0.0 0.00010540218247250598 0.0 3.208274927284958e-05 0.0 4.149201554834379e-06 0.0 0.0 0.0 0.0 0.0 0.0001859554349140895 2.19916283498958e-05 0.0 0.0 0.0 1.85664108689776e-05 1.3549716795171379e-05 0.0 0.00020670165725788006 0.00015522566517366492 0.001995463257882906 0.002949845573316819 0.0007244838115012861 0.00012023465558306635 2.564007348009234e-06 0.0 0.0 0.00017249457721996188 5.348989272760508e-05 4.155148282246291e-05 8.199210430989918e-06 0.0 0.0 0.0 0.0006899339826779177 6.656817810090729e-05 3.397643417500495e-05 0.0018112854974745678 0.00039636521347042767 0.0006456300901297538 2.1708662651356648e-05 2.834093743189766e-06 6.889667149200906e-06 6.627365127414145e-06 0.0 3.534709684374514e-06 0.00014262501341930756 1.824988333309986e-05 1.1492180710236611e-05 3.6902436763870174e-05 2.6567440808994937e-06 7.0960316769440754e-06 2.305328898120249e-05 1.3404998192112638e-05 7.69363387928626e-06 1.9669694344714477e-05 3.664934036458124e-06 0.0 0.0 0.00820119625047524 0.00023043668701085715 2.8759991897218522e-05 0.00011615786541598703 0.004470019437150763 2.2479257397938392e-05 2.8370415489445533e-05 0.0003562053506535839 0.00028482939202777494 0.0 6.539454892769501e-05 0.0004018250646587624 6.974176528621109e-05 0.0037758772105722926 0.0009998177683282717 9.963233036291547e-06 0.00017753073231879248 0.0018122725796015865 0.0008071393209499543 1.947152648625357e-05 0.0 0.0 0.0 0.0 0.0 0.0 0.0 0.0 0.0 0.0 0.0 0.0 0.0 0.0 0.0 0.0 0.0 0.0 0.0 0.0 1.180517150900339e-05 0.0 0.0 0.0 3.5418868184241694e-05 0.0 0.0 0.0 0.0 0.0 0.0 0.0 0.0 0.0 0.0 0.0 0.0 0.0 0.0 0.0 0.0 0.0 0.0 0.0 0.0 2.350513323601037e-06 3.1774432137245065e-06 1.864287710990243e-05 2.275390522831509e-06 0.0 0.0 0.0 0.0 0.0 2.9255148640663925e-06 0.0 0.0 0.0 0.0 0.0 0.0 6.096663608455983e-06 0.0 0.0 0.0 0.0 0.0 0.0 0.0 8.799561760801725e-06 5.24337351113145e-06 0.0 0.0 0.0 0.0 0.0 0.0 0.0 0.0 0.0 0.0 0.0 0.00014217706437201459 0.0 0.0 0.0006942288297692403 3.531936555132696e-05 0.002010571333951574 0.0005332180886616901 0.014309452170787601 0.00025550657523287253 0.0 0.0 2.0704617807348344e-05 0.0 2.0454398508364773e-05 0.0 0.00020219025742660343 0.0 0.0 0.0 0.00011126180377322097 0.0 0.006865760810689341 7.516586262181083e-05
0.0031796720629619483 0.10082162151121764 0.013967959923149306 0.006119325796340178 0.0 0.0009187169556401118 0.056412883783721834 0.00041868961568162247 0.09118843916856705 0.004675361794409539 0.010480951038612877 0.0002865049822912318 0.03313676886345088 0.04147885053198994 8.071679074084894e-05 2.7540318683567563e-05 2.3927599211804675e-06 0.0 0.0 0.0 0.0 0.0 0.0 2.817079946913826e-06 3.2202861024712617e-06 0.0 2.5390502650041723e-06 0.0 2.627826613942455e-06 2.30848349259886e-06 0.005577049893439751 0.00036131067388010536 0.002499840897082 0.0 0.0 0.0 0.0009257804362637317 1.5031411002994177e-05 2.5703266246678124e-05 0.0 3.3813158412286636e-06 0.0 0.0 0.0 0.0 2.3186728032889133e-06 0.000795234973788701 3.1812178082148304e-05 2.494073397182701e-06 0.0 1.0896370127594594e-05 0.0 0.0 0.0 0.0003589051390110976 0.0002778399423165237 0.0007727821498299154 0.002269158351185649 0.0008733342475097784 0.0003376715283693058 0.0 0.0 2.972882388953548e-06 0.0014359303555777786 0.00011951779862577676 7.683678361602249e-05 1.629446169863986e-05 6.531875422376797e-06 6.335809687091582e-06 0.0 0.00015587171855070066 4.324186374321965e-06 2.571625301792598e-06 0.003197235036445957 0.0016403505090925728 0.0019364998704881904 0.0006110612122110895 3.886500601990326e-06 1.4478892404043174e-05 6.086300152184609e-05 0.0 1.0222277517783486e-05 0.00039716033249917937 1.5236583131482574e-05 5.368174634410408e-05 4.5974528670083145e-05 5.876184537407637e-06 1.2255217187075686e-05 2.5664842540061207e-05 5.906922916845551e-06 1.4481839807022227e-05 0.0 0.0 4.5176084361481125e-06 0.0 4.137993606003128e-05 5.00382483984097e-06 3.370478610845281e-06 0.0 0.0018068172433461584 0.0 0.0 0.0 0.0 3.187330991853129e-06 0.0 7.669175505872783e-06 0.0 0.0 4.599191686471252e-05 3.102822417984394e-06 4.1812288898554804e-05 1.2914544221530337e-05 5.595675038531011e-05 4.5004952274976396e-06 0.0 0.0 0.0 0.0 0.0 0.0 0.0 0.0 0.0 0.0 0.0 0.0 0.0 0.0 0.0 0.0 0.0 0.0 0.0 0.0 0.0 0.0 0.0 0.0 3.365740869725219e-06 0.0 0.0 1.6550439958310996e-05 0.0 0.0 0.0 0.0 0.0 0.0 0.0 0.0 0.0 1.9352163897257185e-06 0.0 0.0 0.0 0.0 0.0 0.0 0.0 0.0 0.0 0.0 0.0 0.0 0.0 0.0 0.0 0.0 0.0 0.0 0.0 0.0 0.0 0.0 0.0 2.222900551073628e-05 0.0 0.0 0.0 0.0 0.0 0.0 0.0 0.0 0.0 1.9156568677262127e-06 0.0 0.0 0.0 0.0 0.0 0.0 0.0 0.0 0.0 0.0 3.0407390422360384e-05 1.1349776236853951e-05 1.1579414977350397e-05 0.0022324071100248122 0.00011774707914156522 0.007072592490362195 0.002105092174225309 0.002642367057252727 0.0011895492792150688 3.5553706332366995e-05 0.0004779413418031787 1.3094872593459046e-05 0.0 0.0 0.0 0.0 0.0 0.0 0.0 0.0001040208733426168 0.0 0.0011920983377247628 1.079532706057429e-05
0.012208206772492042 0.02418143496655419 0.0016686148742802954 0.025242983857985752 0.0009187169556401118 0.0 0.0034404516949960444 0.0003641993799851714 0.00035684715236657957 0.023624764097446495 0.0005850386127293813 0.004668289289961743 0.0036810504615787678 0.0012146216115534749 3.3805981314852944e-05 2.3945717712073135e-05 3.351309781308494e-06 0.0 0.0 0.0 0.0 7.357359384228449e-05 0.0 0.0 0.0 0.0 0.0 0.0 5.4650845266885255e-06 0.0 0.005972511357618042 1.1160453882768035e-05 0.00012782993034636485 0.0 0.0 0.0 0.00031588713985205674 7.508242067131969e-06 0.0002886206484348464 0.0 0.0 0.0 0.0 1.548270949668146e-05 0.0 0.0 7.041695454450003e-05 6.506553095012257e-06 0.0 0.0 0.0 0.00018041389531434876 0.000115048195198656 0.0 6.486289191484607e-05 5.6433559046318244e-05 0.0032729791843289485 0.002520484191002174 0.0003388578338102904 6.507697234410809e-05 0.0 0.0 0.0 3.317988730627341e-05 2.717993106713291e-05 1.8376415879414627e-05 7.797077672765621e-06 0.0 0.0 0.0 0.003766631999613643 0.00140095258705638 0.0004209656250144464 0.0007963441896017714 7.206810089785382e-05 0.00019754567265851277 1.785092041990813e-05 3.3998155138061084e-05 6.1069448252455136e-06 4.632951396543537e-05 5.260142346528703e-06 2.3667384849883135e-05 5.911577063692667e-05 7.028020723939196e-05 2.527665259621518e-06 7.734595951815586e-05 0.0 0.00029598016757579644 0.0003335171000669933 0.00022601172230302054 0.0001958537908489044 0.0003290288814438914 3.1754388552044337e-06 2.2630049859077326e-06 1.9147014653753717e-05 0.006154944860358703 0.004897632547039054 0.0007430415028248457 0.001121270856209566 0.009022906961459805 0.0 4.9808392342096354e-05 0.00013378973387250702 3.288705470071189e-05 0.0 3.2882435229193954e-05 0.0005368776487544472 0.0 0.0003691506440562649 0.00010229416131826511 8.274564644727055e-06 4.88244071943182e-05 0.00017803317490911995 2.732966569272846e-05 1.0403295185458276e-05 0.0 0.0 0.0 0.0 0.0 0.0 0.0 0.0 0.0 0.0 0.0 0.0 0.0 0.0 0.0 0.0 0.0 0.0 0.0 5.937727937359581e-06 0.0 0.0 0.0 0.0 4.65520541497664e-06 0.0 0.0 0.0 0.0 0.0 0.0 0.0 0.0 0.0 0.0 0.0 0.0 2.991438633213741e-06 0.0 0.0 0.0 0.0 0.0 0.0 0.0 0.0 1.1815403111145593e-05 0.0 1.0100246722624188e-05 0.0 0.0 0.0 0.0 0.0 2.200551312795228e-06 0.0 0.0 0.0 0.0 0.0 0.0 5.337027474217688e-06 4.690841181189491e-06 0.0 0.0 0.0 0.0 0.0 0.0 0.0 0.0 0.0 0.0 0.0 0.0 0.0 0.0 0.0 2.199505377444006e-06 0.0 0.0 0.0 0.00010166295883180965 2.986661163759839e-06 0.0 0.0003240245924965558 1.5639718435126667e-05 0.000617039114831033 0.00016872007188953954 0.00176372583464786 7.442973357793246e-05 2.60316740190124e-06 9.567299362784977e-06 3.480300175004702e-06 0.0 3.106724948694467e-06 0.0 0.0005382407901355805 0.0 0.0 0.0 0.0 0.0 0.0022418713139951284 0.00010933167132866734
0.009663297234038925 0.0764418265462491 0.0009216414988992581 0.04472534448881133 0.056412883783721834 0.0034404516949960444 0.0 0.00010936738838234665 0.03282318486353897 0.06985565797458147 0.0010776957539483131 0.001516953501753324 0.09447489188154859 0.02203372721867279 0.00010456566871685375 6.0745549371391635e-05 3.2374556997245997e-06 0.0 0.0 0.0 3.3860620040231806e-06 4.3498647920520085e-06 0.0 0.0 0.0 0.0 1.1169691727324655e-05 0.0 0.0 0.0 0.0060880227624873435 0.0005491191484984761 0.0002994371589359507 0.0 0.0 3.0947954637503693e-06 0.0003642439809900004 4.409669427464977e-05 1.2494558245782884e-05 0.0 0.0 6.215781602733442e-06 0.0 0.0 0.0 7.93301960948404e-06 0.0017741928040999869 0.00013664362422614016 1.1546401464250721e-05 0.0 1.2025930143027635e-05 0.0 0.0 0.0 0.0009564264542825091 0.0006806235213179176 0.001991992121954346 0.004691151523920881 0.0018333312954991912 0.000698085478281489 0.0 1.4896813971070099e-05 0.0 0.002141181526331858 0.00022571820095095257 0.00016517072954580104 3.38104272266452e-05 1.1364061410606763e-05 4.20178081464946e-06 0.0 0.00031477623714097733 0.0 6.906154224663704e-06 0.0076985175138329694 0.00315270795268141 0.00424009325904664 0.0008329306370846094 1.1740551451677512e-05 1.9364704502838845e-05 1.5579185819189094e-05 0.0 5.336151253914703e-06 0.000843003670447794 1.7522019979618297e-05 0.00012016026162329683 0.00015452507193438524 8.24025034908398e-06 3.970140095671372e-06 5.877367727744472e-05 2.4266555131392694e-06 2.210623049586707e-05 6.5092333844472125e-06 0.0 1.2838532934105903e-05 5.057284713876143e-06 0.002834693471132587 1.8078280731304985e-05 0.0 3.342281343517974e-05 0.004848302221849058 0.0001643915637315836 0.0003300831916011185 0.0007881203719534259 0.002458334048401825 7.921954847426499e-05 6.48006667254231e-05 0.0006563685869987923 0.0006604031757890224 0.0010149406464051922 0.0004530670488011584 7.059052617039824e-05 0.0006848024065290045 0.0004480440086294913 0.000638930104720442 0.00013391832881366365 0.0 1.0353439605009574e-05 0.0 0.0 0.0 0.0 0.0 0.0 0.0 0.0 0.0 0.0 0.0 0.0 0.0 0.0 0.0 0.0 0.0 5.369179321864794e-05 3.6340484607971435e-05 0.0 0.0 0.0 2.8610420761955312e-05 0.0 0.0 1.4429832854910263e-05 0.0 0.0 0.0 0.0 3.75323492694951e-06 0.0 0.0 0.0 4.325571813001616e-05 2.2236050790656764e-05 0.0 5.33438782851597e-06 0.0 0.0 0.0 9.648449885505082e-06 1.7804306817964496e-05 2.0719137140266955e-06 0.0001743146700522197 0.00015453054455814134 1.6064447827470447e-05 0.0 0.0 0.0 2.2702077145245335e-05 1.2919498546147776e-05 2.5666248776615164e-05 0.0 3.170588336878636e-06 0.0 0.0 0.0 0.0 0.00012854948040868093 0.0 0.0 0.0 2.4366038907079836e-06 0.0 0.0 0.0 0.00017377154400032344 0.0001287336999603672 3.797615869763414e-05 2.9742724412461597e-05 0.0 5.116075324760876e-06 9.950106025856051e-06 0.0 0.0 3.6209714311687336e-06 2.2609413095067214e-06 0.0 0.0 0.00013175179868562452 1.1056234562919378e-05 7.110200576665458e-05 0.005542366874004094 0.00028169514468080487 0.015121653283145743 0.004137576515984913 0.006564510697205631 0.0026815396356392835 7.801191093188817e-05 0.0006472298704936534 0.00015430380159209796 6.661398029282526e-06 0.00041165426143680055 4.159100134675887e-05 0.0005084608573007416 6.206364376510949e-05 0.0 1.3396284322170967e-05 8.11136041131762e-05 0.0 0.004122511410045508 0.00025514755778625555
0.00020138110843745074 0.002576755774335997 0.008943183352335238 0.0008030024904687334 0.00041868961568162247 0.0003641993799851714 0.00010936738838234665 0.0 0.002830958526617914 0.00012696302642920538 0.02873006255747109 0.0003406203778624858 0.0037124107963215055 0.012188701142068928 0.00012387861031305992 0.00010707061486191646 2.6267608510402912e-05 1.7948170071826507e-05 1.4139540665755813e-05 0.00018010703201606687 0.0010069471610039263 6.9898631056190575e-06 0.0020071186460670657 0.0006082814926428528 0.0014970568841088847 0.00013673707368900108 0.0011608351213656678 4.524024726834804e-05 2.977027317423998e-06 1.7924353942630094e-05 0.009679826585392086 0.013543762038791353 0.007771413992050474 9.73063929500105e-05 0.0014937683597414301 0.0007149119646173759 0.012800865006679409 0.00357086231859063 0.002805182570518984 0.00040809887104924496 0.0005481654612399462 0.00010329550445249256 0.00036485148817997986 1.557461266688064e-05 2.113030855213905e-05 0.00015897138998088005 0.0006283929226699121 0.00013987128496923502 8.591475385100441e-05 0.00042740406488803325 0.002168357855119283 7.805391696250603e-06 3.521443716310526e-06 4.3011298252373515e-05 8.199524412983151e-05 7.179292524818472e-05 0.0002813587247837069 0.003030384071533997 0.0002659743879509242 0.0001214530816565786 0.0007465579731762315 0.007275789631652499 0.00015615596855459406 0.012517133778115462 3.473416115226048e-05 0.0003803305897214772 0.00018695606476910667 0.0026351036220941025 0.003367262764612968 0.0012287719358072095 0.005828752707360546 0.00010661207098200046 0.0 0.0011726556060419468 0.0013610590490755142 0.001119712151647417 0.0024400652864207976 0.0007397308065685922 0.02353977021799647 0.04228231732456696 0.0002360004221167015 0.012723475783005703 0.00012498128614667697 2.96229140100801e-06 0.00012641552366971133 8.282054845370548e-05 0.0003887860695091466 5.8728182476644335e-06 5.6891185879118136e-05 0.0 0.00013524913773884864 2.1679549288928616e-05 0.003261272966945543 0.0012891023050496887 8.953751342335561e-05 0.0006955167185459696 5.6545898141899775e-05 0.0 0.00037913212100254253 0.0004644685416254355 9.600179007876808e-05 6.152678691752479e-05 0.00019465246699924986 0.0 8.255965669623002e-05 2.6523841068026592e-05 0.00016512050451015565 3.782106038081073e-05 0.00011827278569217271 0.00023627808252649432 0.00013142942705691527 0.0001678326912201846 0.0010318138814559732 0.0009595999030594241 0.000612278956128971 4.932804309929981e-06 7.89601605349192e-06 0.0 0.0 0.0 0.0 0.0 2.9924900060373834e-05 0.0 0.0 2.0072886586201078e-05 0.0 0.0 0.0 0.0 1.4072907828235407e-05 0.0 5.2552188342549735e-05 3.539629406894737e-06 0.00016596613729152272 4.445928086351634e-05 0.0 0.0 0.0 0.0004050784532511547 0.0 2.6171275356360997e-05 2.8729146965290786e-05 1.373175403469475e-05 5.930581231185888e-06 1.644367271578022e-05 0.0 0.0 0.0 8.479062673099364e-06 0.0 0.0 3.26178778463724e-05 0.0 1.743397302091969e-05 3.488305525812954e-05 3.66728088250866e-05 5.227984475553561e-05 0.0 0.0 2.7555592488669318e-06 6.262446833203079e-06 1.5158492605867377e-05 0.0 0.0 0.0 1.5082716576088018e-05 3.0190605537119325e-05 3.946982870961053e-06 2.1506463007790785e-06 2.23623467977673e-06 2.210662082217003e-06 0.0 2.1511927942191975e-06 0.0 2.4726124441713404e-05 0.0007267945186821007 1.129058852571072e-05 3.0631733577344123e-06 2.555709252473762e-06 2.3865494305862497e-05 9.347573116200875e-06 0.0 0.0 3.825399120251365e-05 1.9519064641588364e-05 5.58479526038365e-05 6.903392281602521e-06 9.749384386156879e-06 2.0016912293101717e-06 0.0 0.0 0.0 1.2642521390465003e-05 9.354403460342903e-06 2.699175039917515e-06 0.0 0.00036928094511881826 0.00016995081923893788 0.00021771602108621252 0.0014409704132073192 0.00025949565805442963 0.0023730816965949306 0.0008553822499699921 0.0005986238358532908 0.00033407169241173886 1.391845303718822e-05 0.0001328278274258694 0.00026137496441209357 0.0 0.00013597255316665928 4.0243256068086935e-05 0.0001419422453863295 4.6328880509052505e-05 0.0 0.0 0.0 0.0 0.0013887664058133227 0.0002990399731791486
0.0018015176408778153 0.04952962940421539 0.012519652010184295 0.0009811858148624556 0.09118843916856705 0.00035684715236657957 0.03282318486353897 0.002830958526617914 0.0 0.000962240393491707 0.027351703707661237 0.00017516831678914937 0.021319811463629823 0.04520707124274567 8.629322005629379e-05 3.317408385717514e-05 0.0 0.0 0.0 0.0 1.4857963322174341e-05 0.0 0.0 0.0 4.680073521160296e-06 0.0 9.084668944690646e-06 0.0 0.0 0.0 0.003858229794038566 0.00045670416622997455 0.0008606403020935374 0.0 0.0 0.0 0.0004354011271209035 5.691281731611321e-06 4.33188810545816e-05 2.83246671230121e-06 0.0 0.0 0.0 0.0 0.0 0.0 0.0006613461036261178 3.6436223850884445e-05 4.103013430530553e-06 0.0 2.3381510378219494e-06 0.0 0.0 0.0 0.00020444385119130872 0.00017159960459416646 0.0005391704582293278 0.001562798280614371 0.0006074645019763042 0.00017172522558576154 1.0767369664505018e-05 1.2500884571016821e-05 0.0 0.0012686341817750822 6.821265760045139e-05 3.0161162081668645e-05 1.2314276925383191e-05 0.0 6.5846683364111804e-06 0.0 0.00010809762249980313 0.0 0.0 0.0020666854997126614 0.0012563071099461647 0.0017361603428470295 0.0005175191296053351 1.634800450786042e-05 2.3377258531099452e-05 1.948181923707551e-05 0.0 4.663483005565615e-06 0.00022433576002124872 0.0 3.90050174561818e-05 3.855002532592688e-05 6.599356652058512e-06 0.0 8.168358542026752e-06 0.0 2.307931506762358e-06 0.0 9.247775907760134e-06 3.018444196989818e-06 5.632680608401805e-06 0.0001672883370684571 0.0 0.0 0.0 0.0014083853337551883 8.197356930290501e-06 0.0 0.0 0.0 0.0 1.6991152956449122e-05 4.04260117130572e-05 0.0 8.702446489514857e-06 3.5991744716546434e-05 3.2616163852541127e-06 3.7919637911094676e-05 3.073741350847093e-05 1.65743620907576e-05 0.0 2.3431059116790257e-06 0.0 0.0 0.0 0.0 0.0 0.0 0.0 0.0 0.0 0.0 0.0 0.0 0.0 0.0 0.0 0.0 0.0 0.0 4.9062911944136124e-05 0.0 0.0 0.0 0.0 2.2912355371571224e-05 0.0 0.0 6.518587667807154e-06 0.0 0.0 0.0 0.0 0.0 0.0 0.0 0.0 0.0 0.0 0.0 0.0 0.0 0.0 0.0 0.0 0.0 0.0 0.0 0.0 0.0 0.0 0.0 0.0 0.0 0.0 0.0 2.1256998364070252e-06 0.0 0.0 0.0 0.0 0.0 2.099127842401429e-05 0.0 0.0 0.0 0.0 0.0 0.0 3.90570275206517e-06 0.0 0.0 0.0 0.0 0.0 0.0 0.0 1.819560985208047e-06 0.0 0.0 0.0 0.0 0.0 1.5471342433126988e-05 0.0 1.2791054279731929e-05 0.0031968491414083988 0.0001367757945342623 0.005693358891479293 0.0015930637213337692 0.0017229811290147116 0.0012277708268321477 2.2370728560807676e-05 0.0002835906186395421 0.0 0.0 0.0 0.0 6.013600267155524e-06 0.0 0.0 0.0 6.666559966483244e-05 0.0 0.0008032807209892707 2.4406072251996757e-05
0.00902016399078345 0.023148198351033246 0.0004937979330018885 0.09973255451747971 0.004675361794409539 0.023624764097446495 0.06985565797458147 0.00012696302642920538 0.000962240393491707 0.0 0.00027873890480213176 0.13497269296334424 0.13971339607126337 0.008080945525971156 5.8035081598350705e-05 6.550292306232761e-05 3.1311082593573733e-06 0.0 0.0 0.0 3.249222243576001e-06 2.1286866747921085e-05 0.0 0.0 4.725653454104631e-06 6.331019402046119e-06 0.0 0.0 0.0 0.0 0.001888122163187148 0.00010225116464241962 0.0007388456581922071 0.0 3.1014266169835696e-06 0.0 0.0023995601177418274 1.4614280341046419e-05 0.00027405076148604546 3.0891108334938575e-06 0.0 0.0 0.0 6.480953950870014e-06 0.0 0.0 0.0003290785634646142 2.00498126628359e-05 6.041781386837467e-06 2.802452413786468e-06 2.7811263540302755e-06 8.668470415641053e-05 7.227629787211028e-05 0.0 0.00021650344185172995 0.0001589115038199968 0.0008447673043745116 0.0013812607691559551 0.0004757493994555542 0.00014957420642818905 0.0 7.2227568232920115e-06 0.0 0.00044519124549867575 8.92496148205449e-05 2.5349653318102143e-05 2.5074688759534033e-05 0.0 0.0 0.0 0.019334303091439187 0.0006694838792235244 0.00014105058174627503 0.0016130985029554235 0.0007454158621196635 0.0008797108602096 0.00024352724258075906 1.0238677081063916e-05 8.521277964019412e-06 4.113903534383114e-05 0.0 5.9200672100216656e-05 0.00020955003251322507 2.6894218621162566e-05 7.837833450886797e-06 3.739745656356574e-05 1.2576136260021473e-05 7.208812471042758e-05 9.059292681993628e-05 0.00010511288202705844 8.993663470064305e-05 0.00011821358388387876 0.0 3.587378836410399e-06 0.0 0.03601635245421489 0.0027345794700563055 0.00018745552169276025 0.0008291585019063062 0.0024371463029314302 4.225950251397209e-05 0.0008825719785568732 0.0007705709081168 0.0007677870264105842 0.00012388585899472643 0.0003450920618093563 0.002764896332970682 3.949973370943726e-05 0.0032900156645681096 0.002064460826710351 0.0003533473311163499 0.0017737183809698079 0.003434400272256595 0.002439612556425533 0.0007287724402845037 4.086031673233518e-06 8.05318097599441e-06 0.0 0.0 0.0 0.0 0.0 0.0 0.0 0.0 0.0 0.0 0.0 0.0 0.0 0.0 0.0 0.0 0.0 0.00012992659499545236 0.00022602375925585385 0.0 0.0 0.0 0.00028115851228915223 0.0 5.471309059509498e-05 3.0389423695311973e-06 0.0 0.0 0.0 0.0 3.2157783096797712e-06 1.480827983681231e-05 0.0 0.0 9.176197167296743e-06 1.8869649734886297e-05 0.0 0.0 0.0 0.0 3.4938678587100006e-06 0.0 0.0 0.0 8.934968994424264e-05 1.666453753613454e-05 9.108427110797229e-05 0.0 0.0 9.435072849139846e-06 2.677843597612869e-05 0.0 2.008146992018871e-06 0.0 0.0 0.0 3.929127822639104e-06 0.0 0.0 0.00045559152279540157 3.936708061967305e-06 0.0 3.9367523672981275e-06 3.302106331390347e-06 2.4059270993415114e-05 0.0 0.0 3.620790658095778e-05 8.846453461082226e-06 3.0431179638814526e-05 1.3956927090771976e-05 2.1645697453060997e-05 0.0 0.0 0.0 0.0 0.0 3.727664160188578e-06 0.0 6.9656416375695755e-06 0.0011798143707718997 0.00011032872764751778 0.0001511868199593178 0.0014104127848727746 3.021493099454033e-05 0.0030208299951155035 0.0006401872637224875 0.014022186690971298 0.000436245087284492 1.1093960735195636e-05 0.00015984428006085745 0.00035998760758610164 3.250094436121639e-06 0.00014328362918843062 6.161180957969499e-06 0.0022766969138439336 9.717871212669188e-06 0.0 0.0 2.3702144761952755e-05 1.2485997979860059e-05 0.015955783471500614 0.0015966173601961182
0.00097936058609034 0.010821043177197703 0.06029975572736395 0.0009505877619412919 0.010480951038612877 0.0005850386127293813 0.0010776957539483131 0.02873006255747109 0.027351703707661237 0.00027873890480213176 0.0 0.00017409084519637465 0.007415283922012516 0.044107655470616486 5.7670011530919586e-05 5.5807224653857e-05 0.0 0.0 0.0 2.6554544662287396e-06 3.213124603443311e-05 0.0 2.9351917707898776e-05 9.57455994464368e-06 7.436147224488446e-05 9.846095233990075e-06 2.4709414741117216e-05 0.0 0.0 0.0 0.012152662712166204 0.004933631916483339 0.017534375915821007 0.0 1.984288333366467e-05 6.3358245165618174e-06 0.007719029704983795 0.0005218485868493861 0.0005078746025724067 6.127684498455859e-05 1.041452750222148e-05 1.348236280600587e-05 2.489993828229213e-06 0.0 2.1849719473746772e-06 0.0 0.00042028816519949276 2.5531162189093465e-05 8.993062363896148e-06 1.7339507098568148e-05 4.483750906496245e-05 0.0 0.0 0.0 0.00014895655954216686 0.00011137545921313568 0.0006096855620802738 0.002352915634616448 0.0004470113884948206 0.00017039282258406627 6.8831733058772835e-06 0.00031707489162408883 2.9871025693491614e-06 0.0027325695695252007 6.439413821929352e-05 2.8804250725752843e-05 9.264316625627609e-06 7.848153462302778e-05 7.82557985963213e-05 3.1169308830375734e-05 0.002574410366194833 1.315494366502056e-05 0.0 0.001772188899984174 0.0010255242307834849 0.0011107463288233825 0.0004957155914819365 3.549099012270736e-05 0.00042080274745046606 0.003436466697601996 4.602594116182658e-06 0.00011540284069775198 0.00016939247741826164 0.0 2.986408751530059e-05 1.545529658017363e-05 1.3617501388213324e-05 0.0 2.0401741805760688e-05 0.0 2.10957260444726e-05 7.587337701285275e-06 6.0271079738923214e-05 0.00011846860811429814 3.019904075948448e-06 0.00024857605051313743 1.3207617210973552e-05 0.0 5.970157352411902e-05 0.00034578344045522406 4.228494402633814e-05 4.0302552894838296e-06 0.0001436785559226003 1.1663754019250773e-05 2.113269371680835e-05 6.433158824616444e-05 4.1012386907952704e-05 0.0 0.00012784326313858483 0.00011973392332497258 6.0063213590008884e-05 0.00020876408542027327 0.0002966079777751659 0.00034117090382002887 0.00011659978838904837 4.342861254344032e-06 0.0 0.0 0.0 0.0 0.0 0.0 0.0 0.0 0.0 0.0 0.0 0.0 0.0 0.0 0.0 0.0 0.0 0.0 5.78292123016814e-05 2.564908833335579e-06 0.0 0.0 0.0 0.0001427799398241242 0.0 4.449785286483558e-05 0.0 0.0 0.0 0.0 0.0 0.0 0.0 0.0 0.0 4.621534462029909e-06 1.3245087986817996e-05 0.0 0.0 0.0 0.0 0.0 2.4392818001045054e-06 0.0 0.0 2.281913292776082e-06 1.9985389233300538e-05 0.0 0.0 0.0 0.0 3.5289198930352524e-05 0.0 1.8072466663573714e-06 0.0 0.0 0.0 0.0 0.0 0.0 0.0002221689065741425 0.0 3.870294737222343e-06 0.0 0.0 0.0 0.0 2.7714701719491436e-06 1.5467512585129052e-05 2.0290629528451242e-06 1.0286972637859936e-05 0.0 2.8741640702423305e-06 0.0 0.0 0.0 0.0 0.0 0.0 3.738603915304443e-06 0.0 0.00025897836658740045 4.587864973722211e-05 0.0001221028960435776 0.0011578475023279787 6.433150256478085e-05 0.003113770670386702 0.000739501864447037 0.0006041856469726822 0.00039873634891164834 9.712970896616185e-06 0.00015789044682743144 9.722346508782081e-05 0.0 1.8102841263291187e-05 2.451681251099119e-06 5.726467670560394e-06 0.0 0.0 0.0 5.1671891033730185e-05 0.0 0.0009722073633714179 0.00022088381452565166
0.0006771706955742601 0.001316479993510193 0.0005530664984445954 0.013072902562310208 0.0002865049822912318 0.004668289289961743 0.001516953501753324 0.0003406203778624858 0.00017516831678914937 0.13497269296334424 0.00017409084519637465 0.0 0.03801385155651247 0.0018715234313336384 6.489681112410932e-05 4.0246872994185094e-05 5.3198955914195145e-06 0.0 0.0 0.0 0.0 4.293124309657206e-06 2.3530469294365867e-05 0.0 1.164780153703593e-05 0.0 0.0 0.0 0.0 0.0 0.0002884599733218153 0.0002667317793427607 0.00043745495638751935 0.0 0.0 0.0 0.0023728612764756032 2.3918148994587908e-05 0.0001580759199270522 0.0 0.0 0.0 0.0 7.900178008391158e-06 0.0 3.4160285186893903e-06 0.0001560706791450395 4.0786850438314785e-06 0.0 0.0 0.0 2.3364846447593157e-06 0.0 0.0 1.9817235856434254e-05 1.799799599333474e-05 0.00017987552055148364 0.00021282032908172304 6.020593881934033e-05 2.3983472627890465e-05 0.0 5.987205640937126e-06 2.5187576911674024e-06 0.0001736321727943833 1.0515330917679601e-05 6.621238176168916e-06 5.40529027190472e-06 0.0 3.2009532333625e-06 0.0 0.003295574508694976 3.318931299078633e-05 5.919877466034619e-06 0.00031216540967692063 0.0001242607492838107 0.00034610451661070654 7.833150926658369e-05 1.8549390481826e-05 1.600353953162027e-05 1.2348770090068475e-05 0.0 1.4116094357915865e-05 3.161425298760753e-05 0.0 9.84068467431308e-06 2.2947772174248267e-06 5.157210444392248e-06 5.655999858805424e-06 2.030616770089892e-05 0.0 1.5597166643388216e-05 0.0 6.739442052608345e-06 3.4385217126769917e-06 2.431039251004455e-05 0.0216670634051906 0.00014802169252908301 1.5756518638130458e-05 6.810799559345425e-05 0.000693015847759023 9.581892696590857e-05 0.00045692466562288953 0.00047860369972503743 0.00019990204765061375 0.000118519181734034 0.00024454689059057226 0.0015585518460678872 8.736980481013254e-05 0.001181182882618216 0.0012563408112903716 0.0002342164423399022 0.0010764119266156297 0.0029736176472695192 0.0028982527678478465 0.001022485690274289 0.0 1.708027917103701e-05 0.0 0.0 0.0 0.0 0.0 0.0 0.0 0.0 0.0 0.0 0.0 0.0 0.0 0.0 0.0 0.0 0.0 0.0001999821337469148 0.00032478758356958485 0.0 0.0 0.0 0.000365197766196266 0.0 1.674858310098818e-05 0.0 3.7797401334150887e-06 0.0 0.0 0.0 0.0 3.0228785747496562e-06 0.0 0.0 1.7709807391995017e-05 3.5663755098656786e-05 0.0 0.0 0.0 0.0 0.0 0.0 0.0 0.0 1.6388978517197886e-05 9.480925406332652e-05 2.7020813231556462e-05 0.0 0.0 0.0 6.134026550251439e-06 0.0 0.0 0.0 0.0 0.0 0.0 0.0 0.0 0.0008352960260145742 0.0 0.0 0.0 0.0 2.3797150037629116e-05 0.0 7.074895654102738e-06 3.3923745982661596e-05 1.577393063314417e-05 7.540901210817007e-05 2.1197500698691134e-05 0.0 0.0 0.0 0.0 0.0 0.0 0.0 0.0 0.0 0.0015268278361433177 0.00010876471431810444 0.00021386786693112996 0.0009715580368922977 1.7369376947058015e-05 0.0010470363709152574 0.00037463192749068625 0.002509389870881174 0.0001825002666633747 2.937286534154418e-06 0.00017452689075606642 0.0002693359454454043 0.0 0.00015088641169142507 1.3035167315496645e-05 0.0007502987603190982 2.880948278254739e-06 0.0 3.444404508595006e-05 1.8697241398542022e-05 0.0 0.006227764458940917 0.0011645051636969218
