0.0 0.06852405354900612 0.04380229824711871 0.014384257343720721 0.003914702950454184 0.001049701697905743 0.007982964108271018 0.008101830446510413 0.0007420967791226334 0.020917809275314746 0.008657500633692089 0.004896469619314331 0.005077031219067166 0.002725373360769752 5.8237047745006474e-05 1.7320994434335798e-05 3.4521374930685867e-06 0.0 1.991065970169128e-06 0.0 6.040823237023143e-06 3.859695651557161e-06 0.0 0.0 1.0211840103979961e-05 0.0 0.0 0.0 7.373681981541885e-06 0.0 0.01582649784162914 0.0005831173420813034 0.0004656022464265854 0.0 4.815140464573237e-06 1.154887595542881e-05 0.00037361012600274233 1.2155487726459163e-05 1.5397873076311404e-05 9.192404620655098e-06 0.0 2.560899424596332e-06 2.205500050091682e-06 9.794378969817087e-06 0.0 5.189653249851852e-06 0.0009109626793940093 0.00011980111831923393 0.0 7.203714679198086e-06 2.7933429079206044e-06 0.0 3.60060984081365e-06 0.0 0.0002525217847234826 0.00017014250191230452 0.005661133398754374 0.011893366706360502 0.0007377622673319682 0.0003129839279108071 0.0 0.0 0.0 0.0001164279341940714 7.717333516099145e-05 3.405686811287379e-05 1.7192814746631002e-05 1.710439764237983e-05 7.453015104347803e-06 4.195675723503885e-06 0.0004516153906955718 1.6056753342673823e-05 0.0 0.0028118281816358207 0.0002966914306838223 0.000218183375033855 8.66748269824849e-06 1.7455478683676784e-05 1.6627661653163535e-05 0.001934369459235562 2.5901448851880257e-06 4.5033310829164186e-05 0.0010006871546905077 0.0 5.753217971178278e-05 8.216997857389652e-05 2.8141626551559018e-06 0.0 1.8705908554476212e-05 1.0375742752087994e-05 2.6607424240937452e-05 1.8507656799920594e-05 3.338540688970717e-05 0.0 0.0 0.0002774821576004922 3.7990688060303952e-06 1.155721953300033e-05 4.676968377581833e-06 0.03207945899044286 0.0 0.0 0.0 0.0 0.0 0.0 0.0 1.2048287527288309e-05 0.0 0.00010649614973792175 0.0 2.6906138893652736e-05 5.836979177933698e-05 0.00017739606690690444 5.799630953225132e-05 0.0 0.0 0.0 0.0 0.0 0.0 0.0 0.0 0.0 0.0 0.0 0.0 0.0 0.0 0.0 0.0 0.0 0.0 0.0 2.8377199073440942e-05 0.0 0.0 0.0 0.0 1.4787535452746989e-05 0.0 2.981572520974947e-06 4.9610151942585e-06 0.0 0.0 0.0 0.0 0.0 2.9135289913454064e-05 0.0 0.0 0.0 0.0 0.0 0.0 0.0 1.887152581171456e-05 3.238147970619567e-06 0.0 0.0 0.0 0.0 0.0 0.0 0.0 0.0 1.52952252086994e-05 0.0 0.0 2.3742664366551796e-06 0.0 0.0 0.0 2.561050499289376e-06 0.0 0.0 9.728927326469552e-05 0.0 0.0 0.0 0.0 3.2308106253516805e-05 4.289705676083517e-05 2.5741057557817727e-06 0.0 0.0 0.0 0.0 9.050351864038714e-06 0.0 0.0 0.0 0.0 0.0 0.0 0.0 0.0 5.0632879554227397e-05 1.6251750392890638e-05 1.6786873107054834e-05 0.006373754744966395 0.00014847396071854705 0.0019431471476724091 0.0005916010496048067 0.013813376184721508 0.0005228417639278535 6.70410692690277e-05 8.783200082858466e-05 0.00019190277498998623 0.0 3.396052579173952e-05 0.0 0.0002832539018396122 0.0 0.0 0.0 0.0 6.703036404143063e-06 0.004284818790503277 9.857049322156625e-05
0.06852405354900612 0.0 0.05430046919239332 0.018670669634828902 0.028449528617521036 0.008239304805569796 0.012907031698755596 0.01010522281282292 0.009523845928811003 0.01406586596780685 0.015564883647777366 0.003397262753252654 0.007809026978597146 0.007085941734102701 0.00033182699692303915 5.277800231763987e-05 1.6600280103680417e-05 4.06640325562046e-06 6.989123812501525e-06 5.730965693128063e-06 1.3468540716597616e-05 0.0 0.0 0.0 0.0 0.0 0.0 0.0 0.0 0.0 0.01958603420099337 0.0004329438283915027 0.0006885395254625703 0.0 0.0 1.0124903807476256e-05 0.0005646331637068537 1.1172283184806587e-05 2.7183698362102407e-05 0.0 3.066514513349481e-06 0.0 1.6624873763717188e-05 1.780474466200581e-05 3.3068970013384774e-06 1.1642873959748712e-05 0.003730268439855033 0.00034416358893397286 2.485646933642744e-05 5.167231362390711e-06 1.8376088272458528e-05 1.2691560615746232e-05 7.015968623342471e-06 5.2005069915539545e-06 0.00048504066731949275 0.00031616795352036966 0.005546484052345857 0.009104163992031622 0.0011676362607183676 0.0009719336374202676 1.2727687952087956e-05 4.617811703513845e-06 0.0 0.0007772653375536166 0.00018543755792522647 0.0001246692164712526 4.5840760942584675e-05 2.5028285777256634e-05 1.4053524185484006e-05 2.4537629446734578e-05 0.0009655190603168604 2.6912818089012736e-06 0.0 0.0065970230554425295 0.002075276453167861 0.0012011296154004624 9.960550456483447e-05 4.038507224914095e-05 3.35521616389303e-05 0.0013084401820208957 1.4762257327836257e-05 7.988794609338537e-05 0.0024711452248123143 5.455875222432382e-06 0.0001604031109792626 0.0002775504945735086 1.915801976266291e-05 0.0 1.9974909779263087e-05 0.0 5.467872956073471e-05 0.0 3.0192720583595392e-05 2.839758056618859e-05 6.68780898113842e-06 0.00024281032251788638 3.159890412962069e-05 0.0 0.0 0.020156143041934638 4.211305749732234e-06 1.9694588618152177e-05 0.0 5.759685051366275e-06 1.0002369822413873e-05 0.00012077398616099567 3.56507478817725e-06 2.8532385676905008e-05 1.3241660997099187e-05 0.00010625528861694175 0.0 0.00018079516950095042 9.104252084236648e-05 0.000229915747059935 7.234620169001656e-05 0.0 3.653080149875175e-05 0.0 0.0 0.0 0.0 0.0 0.0 0.0 0.0 0.0 0.0 1.883525685515862e-05 0.0 0.0 0.0 0.0 0.0 0.0 2.5981314970930472e-05 5.977398456666264e-06 0.0 0.0 0.0 9.159240830097734e-05 0.0 2.8812324325559757e-05 0.0 0.0 3.805744849897465e-06 0.0 0.0 0.0 1.2518316154676397e-05 0.0 0.0 0.0 0.0 3.0666035430251736e-06 0.0 0.0 8.471346186363802e-06 0.0 2.7913113767810224e-06 0.0 1.0536289454146367e-05 0.0 0.0 1.2557011760799872e-05 1.5047259637780144e-05 0.0 8.802668194163374e-05 3.1962224781642244e-06 0.0 0.0 0.0 0.0 0.0 5.429031199464674e-06 0.0 0.0 0.00021262264235331966 0.0 0.0 0.0 0.0 3.346975502262991e-05 0.0 4.393227787535255e-05 0.0 0.0 0.0 0.0 0.0 0.0 0.0 0.0 0.0 0.0 0.0 0.0 0.0 0.00012461587804406577 4.403197436982168e-05 8.11029086686467e-05 0.012448756455184926 0.00029210956333309114 0.008602757957975883 0.0011910710109288452 0.01174001039269644 0.0028790690273910835 5.681475396401537e-05 0.0010276800214881936 0.00027397051873881493 0.0 3.797096069931067e-05 0.0 0.0001365020395773937 0.0 0.0 0.0 0.0001716509378135772 0.0 0.004207847327965266 0.00012582700879784276
0.04380229824711871 0.05430046919239332 0.0 0.0008076930523601386 0.024588545569376296 0.00023415259388727056 0.004864779024467164 0.014808165730650696 0.0189618311077517 0.00034981739741320503 0.054017025431421825 0.0030960770507675343 0.013140009378649042 0.021074616826326702 0.00023388472860808759 0.0001419880661176711 1.529047571186319e-05 2.493196689535115e-06 2.2939856993144037e-06 1.8773661516456238e-05 5.887368497113237e-05 3.26133586783462e-06 0.0 2.8985356060855796e-06 4.0418680163841575e-05 2.2672262348417712e-05 0.0 1.6924451925499365e-05 4.0619663474907135e-06 0.0 0.11811125724000561 0.00840370505550486 0.0024225732652511885 0.0 2.142148601036266e-05 0.00010792524010738506 0.0015250261556894545 7.362831273151743e-05 7.911652345337393e-05 2.232609310584363e-05 2.4843448943325745e-05 3.193013864409737e-05 1.897572185023572e-05 4.488791768699456e-05 2.14967883736921e-06 9.166007518780632e-06 0.0022459767691344374 0.00015433295857011643 6.515282075618465e-06 1.7061279900749786e-05 2.1359913323015815e-05 1.0983928693844303e-05 4.923395429039073e-06 1.9412932799779113e-05 0.0002968264051872846 0.00023003478131208212 0.0032792414081727426 0.007264610319694455 0.000626190585615809 0.0005835069879417664 4.1406830579734496e-05 1.7357639206425407e-05 1.5248424553626669e-05 0.002014149805087141 0.00012454104860164635 8.636253983449766e-05 5.690441965037763e-05 4.5251598397085095e-05 6.266688589426773e-05 8.587948135952905e-05 0.001918235102348804 3.0649812332444825e-05 4.407860031400427e-06 0.003972229555568882 0.0018245770745878391 0.0009516167228993888 0.00013761624931714445 0.00010162710259259006 0.00038981901333402655 0.012732160398618802 4.872723283064562e-05 0.0014155904254983017 0.0014570123385323653 5.5122546433427125e-06 6.736414712885817e-05 0.00015750795850085335 2.539323043298634e-05 0.0 1.810481110822613e-05 7.015102356719253e-06 1.7125652886546448e-05 9.220326651178257e-06 0.00022237116138870805 5.060880273903356e-05 9.058135460707596e-06 0.0003172921789016675 5.701316920226751e-05 0.0 3.5679903130878664e-05 0.027818023772957657 2.7272019345818764e-06 0.0 0.0 0.0 2.190927073990702e-05 1.1638341325020767e-05 2.8565562231008808e-05 2.054334869806219e-05 2.502478545343644e-05 3.4439744960428076e-05 3.8832940307282835e-06 4.55305358558249e-05 3.31508660878281e-05 0.0002941438408018056 4.3418677297413714e-05 0.0 1.0248405694809331e-05 0.0 0.0 0.0 0.0 0.0 0.0 0.0 0.0 0.0 0.0 0.0 0.0 0.0 0.0 0.0 0.0 0.0 2.275364985068706e-05 4.5198786663156655e-06 0.0 0.0 0.0 8.650599205094986e-05 3.652733170501947e-06 3.659901497263835e-05 9.10619927354629e-06 2.892116408893517e-06 6.487308833334951e-06 0.0 0.0 0.0 3.6279470724272317e-06 1.3527978858379245e-05 0.0 7.552035997516886e-06 0.0 0.0 0.0 0.0 2.9409755797641714e-06 6.878074852571761e-06 0.0 0.0 0.0 0.0 0.0 0.0 0.0 0.0 8.806248270451905e-05 0.0 0.0 0.0 0.0 3.072656182194089e-06 0.0 0.0 0.0 0.0 0.00016619045648723764 0.0 0.0 0.0 0.0 3.532620556256423e-05 0.0 1.5474780140454707e-05 0.0 0.0 5.853451814891345e-06 0.0 0.0 0.0 0.0 0.0 0.0 0.0 0.0 0.0 0.0 0.00012406237602001542 6.435248750170691e-05 5.1764141431397844e-05 0.00606223760873515 0.0001759162077588142 0.0050221256678925855 0.0007468713206763126 0.0024450787425172637 0.0015316103896731502 4.3532470025888615e-05 0.0006820553370011874 0.0001769858821760146 0.0 3.1654828750705396e-05 0.0 1.5510323859696706e-05 1.2817783620268884e-05 0.0 0.0 7.398272352207893e-05 0.0 0.0018506933831681578 4.1590232696502224e-05
0.014384257343720721 0.018670669634828902 0.0008076930523601386 0.0 0.00150808869893135 0.0067422511170935565 0.021941097408143845 0.00010218069541903085 0.0005193591308163356 0.015662212317461427 0.00011892382265251805 0.020429791957712322 0.02102173616097489 0.0009314917167686726 5.242168388900516e-05 7.670085408118735e-06 0.0 0.0 0.0 0.0 0.0 0.0 0.0 0.0 0.0 0.0 0.0 0.0 0.0 0.0 0.0007585847685781637 1.9622862608410224e-05 2.9908749402749407e-06 4.044083594711717e-06 0.0 0.0 6.308869175539171e-05 0.0 1.3397667776602178e-05 0.0 0.0 0.0 1.998244086255976e-06 0.0 0.0 0.0 0.0004863098962396449 5.302124320972986e-05 2.187857204713113e-06 3.890612979156105e-06 0.0 0.0 0.0 0.0 8.526493097777058e-05 5.34157017938565e-05 0.0015048447254260217 0.0023479416306197735 0.00020186986148526269 0.00013641387971375415 1.1963328989575812e-05 0.0 0.0 4.234464574424871e-05 3.859117963203538e-05 1.5373955411511305e-05 1.4379789583459886e-05 2.9574395698130543e-06 0.0 0.0 8.474210775269694e-05 0.0 0.0 0.00115047228754881 0.00019868092998602638 0.00013397122213779764 2.532803077119658e-06 0.0 9.211962391934288e-06 1.823991758045542e-05 0.0 5.3273429614543825e-06 0.0003030601957160997 0.0 2.025028073283086e-05 4.785942512737687e-05 5.186167698654834e-06 0.0 0.0 0.0 1.1462665487143968e-05 5.4305019618283785e-06 2.2010383239549945e-06 5.007725243909069e-06 0.0 1.4459505021753678e-05 0.0 0.0 0.0 0.013345936862936645 0.0 5.886142251208392e-06 3.597179755892465e-05 4.1281157116794096e-05 0.0 8.54061946793409e-05 0.00015492249535540323 1.3928900760599178e-05 8.328333603177399e-05 0.00012774824477521286 0.0 9.250114483705763e-05 0.00015431905536505356 8.644057867854477e-05 0.0 0.0 0.0 0.0 0.0 0.0 0.0 0.0 0.0 0.0 0.0 0.0 0.0 0.0 0.0 0.0 0.0 0.0 0.0 0.0 3.2031297628261236e-06 0.0 0.0 0.0 0.0 0.0 0.0 0.0 0.0 0.0 0.0 0.0 0.0 0.0 0.0 0.0 0.0 0.0 0.0 0.0 0.0 0.0 4.187769218610157e-06 0.0 0.0 0.0 0.0 3.723812730253582e-06 0.0 3.765757131666593e-06 0.0 0.0 1.86120082464376e-05 0.0 0.0 0.0 0.0 0.0 0.0 0.0 0.0 0.0 1.1281117630037657e-05 0.0 0.0 0.0 0.0 0.0 0.0 6.573858284079673e-06 0.0 0.0 0.0 0.0 0.0 0.0 0.0 0.0 0.0 0.0 0.0 8.111540236849e-06 0.0 1.76660720785411e-05 2.6922724413148294e-05 6.0309940850710743e-05 0.0029497593580671997 4.723881087925589e-05 0.0010032053090375148 0.0001745856659525148 0.007965939342749336 0.0002753440333180687 1.9117846500284907e-05 6.228716310024636e-05 9.202561606660753e-05 0.0 0.0 7.763090692161006e-06 0.00010471688969952748 0.0 0.0 0.0 6.652779152214744e-06 0.0 0.0023000571292600023 4.0585121142548384e-05
0.003914702950454184 0.028449528617521036 0.024588545569376296 0.00150808869893135 0.0 0.00038889247598398373 0.03487181640347433 0.0005603969138904628 0.08688113373713033 0.008538567618922525 0.02792494141813464 0.0008922361001973077 0.0027943139774417054 0.00729676421177705 0.0002839354722642727 8.096385436059905e-05 0.0 4.8642964666856374e-06 0.0 1.438209726416876e-05 1.3058041427318252e-05 0.0 3.0927564041964143e-06 0.0 0.0 2.6159341428607517e-06 0.0 2.899080420428423e-06 3.486348524731527e-06 0.0 0.0019692138657385256 0.00022898732964738236 9.59148341161989e-05 0.0 0.0 0.0 0.00015376601404987813 6.314895775497631e-06 0.0 0.0 3.3178035305474066e-06 2.5058556457896955e-06 2.0323637246235157e-06 1.2785510756767032e-05 3.08001511518865e-06 7.196191080697158e-06 0.0022682369578258814 0.00016336951812225028 1.646735840393515e-05 8.173177332832905e-06 1.6582030005005037e-05 2.360931682132236e-06 0.0 2.5290313309695865e-06 0.00015692879741518258 0.0001393436925085393 0.0013582840122411345 0.0017285265614125364 0.00039589997536397346 0.0005120385400667529 1.8097356251665063e-05 0.0 3.340709369143892e-06 0.0005838195417848444 8.436648446009189e-05 5.968173721667361e-05 1.0225363554142978e-05 1.993420352064079e-05 1.1928853232505506e-05 2.2047218086057792e-05 0.0008862388014414729 1.9469816262592314e-05 0.0 0.0023540026285328195 0.0011234583933992918 0.0009697594547404103 7.586228927792225e-05 1.731806039440413e-05 2.5158842872451707e-05 0.0001109253568007208 4.237402534025886e-05 5.3078940151659434e-05 0.0010487692613548438 0.0 5.79330226297108e-05 0.00012023051061174942 6.5876797472942905e-06 0.0 1.3624416512175087e-05 2.2682155475676556e-06 1.3291058876295105e-05 2.874248625706007e-06 2.4780276676341075e-05 9.196434789226649e-06 4.565974371810293e-06 0.0006996752099658716 0.00011287603717667478 0.0 2.6455144495778366e-05 0.0012915738505191903 0.0 1.7181619264912692e-05 1.543661280333611e-05 1.9052930472860185e-05 4.183577811780815e-05 0.00017062359641626358 0.00011011078687383298 6.92435090225016e-05 6.301909260945094e-05 0.00022155837737347842 9.418501391125037e-06 0.0004800849407243323 0.00032377058791892613 0.001081326918774168 0.0003204850720245039 0.0 0.0 5.984149348490776e-06 0.0 0.0 0.0 0.0 0.0 0.0 0.0 0.0 0.0 0.0 0.0 0.0 2.3978226646081627e-06 0.0 9.131786441733928e-06 0.0 9.324816881565826e-05 0.0 0.0 9.967438674613029e-06 0.0 0.0002902538709241785 0.0 0.00015447550591415684 1.2560789219030906e-05 1.9273125678854256e-05 0.0 0.0 0.0 0.0 1.3733114261399676e-05 0.0 0.0 0.0 0.0 0.0 0.0 0.0 0.0 0.0 0.0 0.0 0.0 0.0 0.0 1.021078514171667e-05 0.0 0.0 0.000230087135094692 0.0 0.0 0.0 0.0 0.0 0.0 0.0 0.0 0.0 0.0007133708354459775 9.945014226563873e-06 0.0 3.265046356840575e-06 0.0 0.00012191377814472632 8.636410356590323e-06 8.03443021656005e-05 2.710013889028912e-06 0.0 0.0 0.0 0.0 0.0 4.355211978136811e-06 0.0 0.0 0.0 0.0 0.0 0.0 0.000529276077452796 0.00018488630567320215 0.00015633262988873982 0.011790723147233294 8.06527375983042e-05 0.006076040710760963 0.0006954940210645304 0.0021588783734244627 0.0021364911189011015 3.828169652489582e-05 0.0013572183089020128 0.0006275042677227267 0.0 4.7089757278030794e-06 8.262768565174346e-06 0.00036112188533311184 8.288434323717297e-06 2.358641137666249e-06 9.806372173187065e-06 0.00028885158045678145 0.0 0.0020665400079252464 0.0003149374538879219
0.001049701697905743 0.008239304805569796 0.00023415259388727056 0.0067422511170935565 0.00038889247598398373 0.0 0.005423346796094964 3.0892042383172745e-05 0.0002942227644274969 0.02004500384668616 0.00011510267921415536 0.006059343502552398 0.002995938799714215 0.000829027525256357 0.0 0.0 0.0 0.0 0.0 0.0 0.0 1.2001153798804966e-05 0.0 0.0 5.30978619122687e-06 0.0 0.0 0.0 0.0 0.0 0.0003101534773552704 0.0 0.00023757668506281296 0.0 0.0 0.0 0.0002780531640011999 4.207002386116025e-06 5.5534925982184715e-05 0.0 0.0 6.873384052291646e-06 0.0 0.0 0.0 6.65293790867184e-06 3.5409501096843385e-06 5.226506020475822e-06 0.0 0.0 0.0 0.0003256251595781605 1.6876755261588746e-05 5.988832467006838e-06 0.0 8.46633610045471e-06 0.0009604456272329244 0.00025212968660757166 3.3511080943552504e-05 0.0 1.0430539532635076e-05 1.5619351727807267e-05 0.0 0.0 5.728170712822588e-06 0.0 1.6661935517717064e-05 3.168448173872855e-06 6.0858369955961374e-06 0.0 0.0019568642208347194 0.005572606466352852 0.0007870908776977994 3.215697522753611e-05 2.8065189059864508e-06 3.132167596186685e-06 0.0 4.691812697225367e-06 0.0 7.691851863834669e-05 0.0 0.00010231241127878806 6.796998166294098e-06 0.00016708110069625808 0.0 0.0004469163908217174 0.0 0.000223055454112368 0.0004478707109456888 0.0004829177261422043 9.835371994600538e-05 0.0002689289834907202 5.467067355689438e-06 1.8825157502080195e-05 3.166007756220507e-05 0.004168582465898441 0.0028345120530994046 0.0008397385776002677 0.0001564569608156857 0.0040035842371163605 0.0 0.0 0.0 4.683670421265698e-06 0.0 2.6345051816989064e-05 0.0 0.0 2.3180945021616064e-05 4.5906517236815814e-05 0.0 4.836136774200771e-05 4.771272982771608e-05 0.00010042722010803815 0.0 0.0 4.455479483733898e-06 0.0 0.0 0.0 0.0 0.0 0.0 0.0 0.0 0.0 0.0 0.0 0.0 7.2679044844673285e-06 0.0 0.0 1.1196988919811206e-05 6.485706299172488e-06 0.0 0.0 0.0 0.0 0.0 9.545069681093462e-06 0.0 7.418244879655457e-06 8.402133295277072e-06 0.0 0.0 0.0 0.0 0.0 1.241067533739819e-05 0.0 0.0 0.0 0.0 0.0 0.0 0.0 1.1271597560756161e-05 0.0 0.0 0.0 1.1200502440508111e-05 0.0 0.0 0.0 0.0 0.0 0.0 0.0 0.0 0.0 0.0 0.0 0.0 1.4228774965749864e-05 0.0 0.0 3.1432214773876154e-05 1.3583382104349904e-05 0.0 0.0 0.0 0.0 0.0 0.0 0.0 0.0 0.0 0.0 0.0 0.0 0.0 0.0 3.989717189919918e-06 1.0489935523198565e-05 0.0 0.0 0.0 4.986783514199972e-05 1.3116476606470174e-05 1.4099102258262442e-05 0.0007130075866873887 6.030045328120026e-06 3.1985348073251916e-05 4.296286544863652e-06 0.0004835663423899819 4.1936679073487146e-05 0.0 0.0 9.208765596278345e-06 0.0 0.0 0.0 6.766403472785385e-05 0.0 0.0 0.0 4.406014044407974e-06 0.0 0.0002815508092493607 9.947088657401163e-05
0.007982964108271018 0.012907031698755596 0.004864779024467164 0.021941097408143845 0.03487181640347433 0.005423346796094964 0.0 7.840698687728906e-05 0.031710191467294986 0.08142895496380283 0.0015455546539618556 0.014518853089927574 0.029813542791824597 0.01925697925824947 0.0002754104754559521 0.00011322142504596684 2.5462900881455005e-06 2.237347855982595e-06 0.0 4.710959001706942e-06 5.452153112296193e-06 0.0 0.0 0.0 0.0 0.0 0.0 8.304894571368305e-06 0.0 0.0 0.0019652003268073722 0.00015503194650840995 0.0001103402183177752 0.0 0.0 0.0 0.0002559230626355338 1.2005495768209747e-05 1.7126564652849056e-05 3.524718345271831e-06 0.0 5.449012846544948e-06 1.9684856414001825e-05 2.149742536920358e-05 2.1848150291797764e-06 0.0 0.002259421396519538 0.00020407123445837473 2.2041961198857453e-06 1.5549953489541716e-05 4.946605780641358e-06 0.0 0.0 0.0 0.00030870573231422504 0.00019379839385998577 0.002388388445047491 0.003133787738331134 0.0005849380785244083 0.0006248453261404887 2.1920115815003523e-05 0.0 0.0 0.000529104298829882 0.00011977704327675489 7.019437944350822e-05 1.6552675423970127e-05 2.4365060586964795e-05 1.3983294937922555e-05 2.2207190428526964e-05 0.0012523412658461402 2.098305681182777e-05 0.0 0.0033042876654370023 0.0011505807832085499 0.0009554131257393561 5.150615037051605e-05 1.6355146543108735e-05 2.2217211782155006e-05 8.061850332438078e-05 2.0677572949235228e-05 8.775486784179088e-05 0.0011736149123858998 0.0 6.610955295406872e-05 0.00012953384640528547 7.771534132665215e-06 0.0 1.3495021923940049e-05 0.0 7.468374890056129e-06 1.051221382076241e-05 3.462385439039362e-05 1.6403359854894003e-05 1.5219653786659795e-05 0.0011330278453934265 0.00012913227293189918 0.0 3.506758459703008e-05 0.0037783770058632273 2.5684673409667977e-05 6.341977224065074e-05 6.36601318803159e-05 3.0223655638342163e-05 1.3536184952071044e-05 0.00046622466076808283 0.00013706628543482964 8.942586011277922e-05 0.00022936657873262047 0.00040700191762018745 2.354018645995712e-05 0.0008611230965983872 0.0007766469608654867 0.0021869984417945956 0.0002112108134985886 0.0 0.0 0.0 0.0 0.0 0.0 0.0 0.0 0.0 0.0 0.0 0.0 0.0 0.0 0.0 0.0 0.0 0.0 0.0 0.00017090571609500445 3.4552109865630624e-06 0.0 0.0 0.0 0.0004828616000225395 9.170672713180571e-06 0.00013045098048825396 2.3023418828577034e-05 4.2024539939233565e-05 0.0 0.0 0.0 0.0 2.0756240319156545e-05 8.748205629443093e-06 0.0 1.4787559679849003e-05 2.9528295068428173e-05 0.0 0.0 0.0 0.0 0.0 7.614238589516085e-06 0.0 0.0 0.0 1.3205340040909662e-05 2.4393168752540013e-05 0.0 0.0 0.000481745426902684 2.5074788025341152e-05 0.0 0.0 0.0 0.0 0.0 0.0 0.0 0.0 0.0012682635711816419 0.0 0.0 0.0 0.0 0.0002883774676915053 2.1762634530738956e-05 0.00020455842828299195 9.2355170441408e-06 3.664435924403395e-05 3.379039283904783e-05 0.0 0.0 0.0 0.0 2.578139272814577e-06 0.0 0.0 0.0 5.364548896256486e-06 0.0 0.0008280812162274516 0.00026867281261398215 0.0002907919674658727 0.012434758897968714 0.00018803995423923763 0.005583809680850008 0.0007496962460738119 0.005955328073137379 0.002041454285795133 3.8161602583245986e-05 0.0014123593656292517 0.0010987124772535602 0.0 0.00011324794781362248 3.2403595110967925e-05 0.000787189860182148 0.0 0.0 1.358658480905512e-05 0.00026380051903698073 0.0 0.004462409461508621 0.0006629167469804028
0.008101830446510413 0.01010522281282292 0.014808165730650696 0.00010218069541903085 0.0005603969138904628 3.0892042383172745e-05 7.840698687728906e-05 0.0 0.0022379879047983177 2.6172148111093888e-05 0.11554853086382816 0.0007973849560101755 0.00353466609026703 0.014275916421299972 0.0005337047552617485 0.00038983508200867903 2.0371084942203135e-05 1.864170791594997e-05 2.289744971620475e-06 0.0002876857888532242 0.0011195323405031926 2.465334793436708e-05 4.4972362137420436e-05 4.5655748215953796e-05 0.0001715139363092465 0.00017014681886673406 3.073852646490604e-05 6.716375826814931e-05 1.0298370842735323e-05 0.0 0.0252181098330153 0.03316730270381228 0.004267730723109463 4.0212089755922164e-05 8.419053582110707e-05 0.0004032025949220066 0.0012023277399428561 0.0001770585963757631 6.748299288233352e-05 3.146587173368572e-05 0.0003405451057948591 0.00011875759932379276 0.00014166893373003932 0.00010534435627815212 2.6404249263497026e-05 0.00011965972560342118 0.002715811353586797 0.00022627763307429932 2.318534096033753e-05 7.448545479781924e-05 8.169719731438941e-05 4.432540672642475e-05 4.7251342200046205e-06 7.054532536454516e-05 0.0002503992018315484 0.0001730449164153003 0.0027345145731299163 0.005178098203371723 0.0006347578683685903 0.0006344446714239835 0.0013815421101433436 4.47818459192663e-05 0.000258139542880982 0.004975486366895007 0.00010683065235058225 0.00022384924191296755 0.0001979717154531268 0.00023884735716976554 0.0004206239242251013 0.0013210785795112502 0.0011343078244499503 0.00017501998146791513 0.0 0.003706516286540192 0.0026930625653079133 0.001840668169749133 0.0003376978369032855 0.000677968906401839 0.016723973910039942 0.056123158614297466 0.000834110011397714 0.02066379847005318 0.00116977057198978 0.0 9.507995577180608e-05 0.00015398887029772752 4.4945620931910047e-05 0.0 2.2805038488582583e-05 0.0 2.862634310575326e-05 7.474292408965033e-06 0.001589520533448923 0.0001396713221090237 1.934458637228391e-05 0.00020992307231494173 6.968785180057923e-05 0.0 1.0065959465245427e-05 0.005499489219808041 0.0 0.0 2.9599637186935797e-06 6.97503959356263e-06 2.8578770137940715e-06 1.5518192940611715e-05 0.0 0.0 3.1073445468571914e-05 1.2510873510150487e-05 0.0 5.5620386001212086e-05 1.0090328581409875e-05 0.00020340499821354242 6.901702639111424e-05 1.0220368831761992e-05 5.860566901119297e-06 0.0 0.0 0.0 0.0 0.0 0.0 0.0 0.0 2.948690237524882e-06 0.0 7.009736349075701e-06 0.0 0.0 0.0 3.991954749910771e-06 2.786149822242267e-06 0.0 2.9755378059221545e-05 3.372100208557801e-06 0.0 8.256210899261015e-06 0.0 8.23009554085582e-05 1.7962911199017574e-05 6.699781049808836e-05 2.4720426673825215e-05 1.1230085110844902e-05 0.0 6.463947210071314e-06 5.317331259273487e-06 0.0 5.464933755572105e-05 8.197052058541625e-06 0.0 0.0 2.7112882739884903e-06 0.0 7.418073123289964e-06 4.115295911103657e-06 1.5353500843520994e-05 9.54380711423243e-06 0.0 0.0 2.6044211482282466e-06 0.0 0.0 0.0 4.136170612497182e-06 2.894215106226485e-06 7.794199866892966e-05 8.007544121161525e-06 3.841245236111473e-06 0.0 0.0 0.0 3.1217446241764816e-06 2.4819421173240885e-06 1.2291975734408157e-05 1.0378562747368717e-05 0.00014801218959357943 6.468646086052102e-06 0.0 0.0 0.0 3.456300615248749e-05 0.0 1.2304008528408253e-05 0.0 0.0 0.0 8.81300662737533e-06 0.0 0.0 0.0 0.0 0.0 0.0 2.4364585893339977e-06 0.0 0.0 8.771730224285643e-05 8.398794367289312e-05 0.00011300722988860316 0.008613069330893668 0.00018852149014917725 0.00614367538421086 0.0011081622889240607 0.001481690099703798 0.0015387725960387716 4.759611887667526e-05 0.0015409623640330508 0.0002218997258166884 0.0 2.4997106087870034e-05 4.4208016371785e-06 0.0 4.167766692889123e-06 0.0 0.0 0.00024342568046971196 3.6870446560025036e-06 0.001264805960727138 1.845719174642622e-05
0.0007420967791226334 0.009523845928811003 0.0189618311077517 0.0005193591308163356 0.08688113373713033 0.0002942227644274969 0.031710191467294986 0.0022379879047983177 0.0 0.008683719255884802 0.02945765630307055 0.0018120207254284308 0.007271571909897939 0.003526140841339274 0.00044617398476512243 0.0001786210851082796 5.562933013515789e-06 4.439691882858308e-06 0.0 9.987223156415944e-06 3.8362733620543345e-05 0.0 0.0 0.0 6.779317109063574e-06 2.5406217341475495e-06 0.0 1.0575872008565514e-05 4.086438478080797e-06 0.0 0.0009608817635233737 0.00041397377656949544 0.00026239067581977323 6.372343946452887e-06 0.0 3.339001653904396e-06 0.00032409798017259806 5.5155944379910305e-06 1.845560122733061e-05 0.0 2.7626938708554233e-05 1.7700853136490442e-05 2.2228473248256848e-05 1.1105818789504391e-05 5.6209009838386385e-06 9.86411008452494e-06 0.0018838366194915664 9.361631302460022e-05 4.318442722075881e-06 1.6543982424618345e-05 1.8898607575431295e-05 8.625884961059416e-06 0.0 0.0 0.0001821941583855509 9.16756041692921e-05 0.0009035180195868476 0.0010718378120244954 0.0003613162952207996 0.00047182501874516036 1.7642301746036176e-05 0.0 0.0 0.0008285013317065473 7.342388503563143e-05 4.686322698031263e-05 2.5632240051861233e-05 3.027527078979308e-05 4.68636811892333e-05 0.00010173859039791237 0.0022345124802344903 0.0 0.0 0.0018150236501019805 0.0011559620728353295 0.0013462731626773165 0.00017558788561775515 7.30560486881565e-05 7.952072802943258e-05 0.00013734714825879046 5.429074394614849e-05 0.00033194054068357167 0.0007505893263868786 0.0 7.425678601516967e-05 8.622252274535535e-05 5.03159425753683e-06 0.0 1.1664816623313927e-05 0.0 6.4434794452042934e-06 8.019457158429717e-06 9.51441692132724e-05 1.3718996754816553e-05 9.435161167673119e-06 0.0020255378851756003 0.00016706499046129227 0.0 2.491362520641206e-06 0.0007704980743141623 2.201174172997749e-05 5.119702810931866e-05 0.00012683563032706396 0.00016993489711759349 6.54481883264242e-05 0.0008269302460952139 0.0002782131069953911 0.00024079834954352105 0.00020747871864487593 0.0006254714316680979 3.068187089442642e-05 0.001943333784993653 0.0011641336527551758 0.003519772525788678 0.0005508284370864264 2.7757420167918643e-06 2.855138563393297e-06 0.0 0.0 0.0 0.0 0.0 0.0 0.0 0.0 0.0 0.0 3.440891784431467e-06 0.0 0.0 0.0 0.0 0.0 0.0 0.00026741094636922267 5.437055747466018e-05 0.0 0.0 0.0 0.0008368426433546399 2.4587264869711213e-05 0.00035182887422439995 0.0001590234637917063 4.9881981208987676e-05 0.0 0.0 0.0 0.0 1.6415893539304025e-05 3.4992444338618992e-06 0.0 1.3290578470589323e-05 3.848087481837722e-05 0.0 0.0 0.0 1.121859693421934e-05 2.700857817182545e-06 6.840577010735638e-06 0.0 0.0 0.0 2.722507982808815e-06 1.0338669179989573e-05 1.0648114666182111e-05 0.0 0.0007547983567587047 2.934755162989605e-05 1.4977099526095172e-05 0.0 0.0 0.0 0.0 0.0 0.0 0.0 0.0023342630478226083 0.0 0.0 0.0 2.1419041042742373e-06 0.0003239879572205902 0.0 0.00043803633756071825 2.870424879922347e-06 3.2487631836994037e-06 4.592164164539481e-05 2.2704869467140028e-05 0.0 0.0 0.0 0.0 4.413163600090011e-06 0.0 0.0 0.0 0.0 0.0017571459661126349 0.0008777966215344407 0.0008419247916953467 0.01434342435529444 0.00014870948084685877 0.005853786375609658 0.0008022086031420801 0.0021783922083617306 0.0018751093029422032 5.5494248677903845e-05 0.00212901084692821 0.001600306578915918 3.12365403496445e-06 0.000265368849455607 4.0628616866363496e-05 0.0008385402822863503 7.73644560718544e-06 0.0 2.31361930339258e-05 0.0002819536120019636 0.0 0.004292681162283743 0.0009444119585760715
0.020917809275314746 0.01406586596780685 0.00034981739741320503 0.015662212317461427 0.008538567618922525 0.02004500384668616 0.08142895496380283 2.6172148111093888e-05 0.008683719255884802 0.0 0.000341582549696744 0.024724463606288497 0.09335153443933387 0.01126330745515634 1.2395281279204087e-05 2.2571278075143977e-06 0.0 2.3122777522396142e-06 0.0 0.0 0.0 0.0 0.0 0.0 0.0 0.0 0.0 4.1097339199925936e-06 0.0 0.0 0.00043250552810872593 2.8192928523398567e-05 0.00018748894209158205 0.0 0.0 0.0 0.0005478685082311234 0.0 7.836828536211633e-06 0.0 0.0 0.0 0.0 1.3979097937193236e-05 0.0 0.0 0.0003466091653833012 3.3764795428508105e-05 0.0 0.0 0.0 5.63246715991459e-06 0.0 0.0 5.693475375481346e-05 5.683283604872314e-05 0.002534121422648261 0.0014364317429300928 0.00022326776507088726 0.00012714202871351544 0.0 6.580587509390188e-06 0.0 4.8431906426782696e-05 1.9677028696431717e-05 2.224149600497825e-06 6.800418324012509e-06 0.0 3.1592627537484373e-06 3.499440614297715e-06 0.002407427359353963 0.0 0.0 0.0008111031087557877 0.0001707879426370036 0.000145756668456562 2.87660279093582e-06 3.5501288328862456e-06 5.6142267126863515e-06 2.3927116127438486e-05 6.416749269919218e-06 5.46525189878489e-06 0.00025849233124358186 0.0 1.5432662209961417e-05 1.0089945084112148e-05 3.397095093040113e-06 0.0 0.0 2.478935632448353e-05 5.305348692192197e-06 5.089204927347053e-06 1.8316701539405564e-06 0.0 0.0 0.0007851721999448273 0.00018181514861680828 4.4848604585222225e-06 0.0 0.034496254111560626 8.467004413927327e-06 7.157269098896085e-05 0.0001395058732596896 0.00016807212586462164 5.185585992147706e-05 0.0010676818769224787 0.0006771079015900283 0.0001690404969198877 0.00043599209861674195 0.00228723854929686 3.780137413670826e-05 0.002296852754066558 0.003049603970932031 0.004629010091499554 0.00036609810982929066 0.0 0.0 0.0 2.3271537837809043e-06 0.0 0.0 0.0 0.0 0.0 0.0 0.0 0.0 0.0 0.0 0.0 0.0 0.0 0.0 0.0 0.0001973997305138598 1.394564799107648e-05 0.0 0.0 0.0 0.0003329840490427241 0.0 6.755633422917801e-05 2.1911520511933032e-05 2.810487994685364e-05 0.0 0.0 0.0 3.383382316938434e-05 0.0 0.0 0.0 2.6420277165709663e-06 3.0253053946341676e-06 4.450835758879645e-06 0.0 0.0 0.0 0.0 0.0 0.0 0.0 0.0 0.0 8.425448630988079e-06 3.889847402732473e-05 0.0 0.0002433795191737704 0.0 1.208734476722721e-05 0.0 0.0 0.0 0.0 0.0 0.0 0.0 0.0018214467401757048 1.2924471898804508e-05 0.0 0.0 0.0 0.0002125745531315691 0.0 9.952072152588535e-05 6.738284276984862e-06 1.0473386836776792e-05 5.711154226666811e-06 7.884337292355414e-06 0.0 0.0 0.0 0.0 0.0 0.0 0.0 0.0 0.0 0.0025164451003389164 0.00028404444970849603 0.00020426596560137433 0.010427113718577732 3.5793298377305855e-05 0.0009899246973603321 0.0001445781383215531 0.023269441547428812 0.00044302686392581734 6.921978497754931e-06 0.00020631410629058476 0.0016317845230342338 0.0 1.6958567230564107e-05 4.992557305333759e-06 0.0029981272013393347 1.2349595858697215e-05 0.0 0.0 1.5230388559503229e-05 0.0 0.017264694388108584 0.0027012767157914277
0.008657500633692089 0.015564883647777366 0.054017025431421825 0.00011892382265251805 0.02792494141813464 0.00011510267921415536 0.0015455546539618556 0.11554853086382816 0.02945765630307055 0.000341582549696744 0.0 0.004704154165777694 0.020244871665157392 0.02721327434556207 0.0012506856213457935 0.001147587988615135 2.120925738459658e-05 1.1186976429757074e-05 7.883732599646617e-06 3.509826792627788e-05 0.0001770828713410758 0.00010412765841208801 6.7174115452744295e-06 1.9346708114909036e-05 0.00022575257288013977 7.522081175256966e-05 2.2645767156325337e-05 9.780124688440156e-05 3.651661465932384e-05 0.0 0.004477628817873134 0.005743112045464348 0.011096704989420765 5.62883033705622e-06 0.00012521034790065281 0.0006991607147578732 0.007496595443187905 0.0007658728741324076 0.0006019913240878317 0.00010030635050518729 0.00012864139875442732 0.0001018670227959577 6.873219603450415e-05 0.00022833850461319714 1.0583632362973925e-05 4.239384114002291e-05 0.00328299586454313 0.00018025676687050387 1.8676457262001557e-05 2.777749635978726e-05 6.609382030735135e-05 0.00016865646977740854 5.1624286841110515e-05 0.00010855565530159626 0.00020821829978198234 0.00014102115380970192 0.0011793426826621502 0.0017490150961938086 0.0003395108600674082 0.0006533179488748705 0.0002006760940788337 0.0007678763723483075 0.0001340204195032549 0.0019821528786257776 7.944165175330164e-05 0.00011567315931554119 0.000158226342302476 0.0001240115786809837 0.00027219703440214694 0.00032183616254964506 0.006368315016418063 0.00018288765642313445 1.2016555341794812e-05 0.002611415488352477 0.0018015173091971922 0.00300929218586345 0.000473620720713153 0.0006725265538416963 0.0006106097118441437 0.0060431480088691605 8.727476901263408e-05 0.002052782338806567 0.0008203335548508119 0.0 8.434478229483203e-05 0.0001145013166485613 5.943880438301899e-05 8.780050086872754e-06 3.931036017046815e-05 2.062925741089756e-05 2.0760518076892575e-05 1.4428860101326156e-05 0.0006796812011545212 0.00010222290809128079 2.2955441913629614e-05 0.0022178022490722347 0.0001504456822341157 2.1221885613794947e-05 0.00013896166695801678 0.0012913070634445313 1.0406624625391307e-05 4.915385515783091e-06 5.517514859307474e-05 4.396951493114748e-05 9.072308216901408e-05 0.000500480221450588 0.00010668452806204942 0.00013072443947044574 0.00014927668122893052 0.0003038957778282608 2.2601805208522684e-05 0.001052641936036158 0.0005672501520241044 0.00230146351410764 0.00047385678211037796 2.0094143757275585e-05 1.7298761833419655e-05 0.0 4.262875598472088e-06 0.0 0.0 0.0 4.835610986996583e-06 0.0 0.0 4.877183512242101e-06 4.17466570488204e-06 9.02075540592029e-06 0.0 0.0 3.0244578400003083e-06 7.991621203057615e-06 1.959874246018842e-05 1.1488080898966112e-05 0.00030455053022977047 6.342371318257828e-05 0.0 0.0 6.39904359165006e-06 0.0009016457884384126 6.721328851004891e-06 0.0003496141381333283 0.00016120783623309564 8.480867398061493e-05 0.0 3.906003294952334e-06 0.0 0.0 1.8821753495763127e-05 3.35545721370965e-05 0.0 9.00344110368122e-06 5.145299276023692e-05 0.0 0.0 0.0 6.158606543439457e-06 1.1493206802240927e-05 2.4132643891330555e-06 0.0 0.0 2.8435054180922698e-06 0.0 1.2219622971506794e-05 4.061058166011328e-05 5.79802887208978e-06 0.0007959021659736466 8.115955123921794e-05 7.353929211636732e-06 1.1750372959844399e-05 0.0 0.0 0.0 3.701470614957606e-06 9.549987388865607e-06 0.0 0.0019450608074607397 1.5541741880737262e-05 5.871592990091821e-06 0.0 3.087209776613458e-06 0.00040718297837466564 1.0996876011703338e-05 0.0002728677191762393 2.7556408099479934e-06 3.82419410323013e-05 1.6583733386941732e-05 2.1659938405891236e-05 2.5028998999503718e-05 5.257109774526752e-06 0.0 0.0 0.0 2.883684589519541e-06 1.1080383483883035e-05 5.2713267501059465e-06 0.0 0.0010530315344272588 0.0008929925016401343 0.0007250935570097553 0.020885433566976974 0.00018065724165466224 0.008639669705835793 0.001735854550685744 0.0018343745713690202 0.0025551720092569746 1.4914661950903272e-05 0.003677270127695842 0.0009715027550624941 5.710346459631381e-06 0.00011411141965350404 2.316244181866355e-05 0.00026829357121050816 2.141424131898735e-05 0.0 0.0 0.0005304316917038245 2.10655991392931e-05 0.002320744623502965 0.00039704128301884235
0.004896469619314331 0.003397262753252654 0.0030960770507675343 0.020429791957712322 0.0008922361001973077 0.006059343502552398 0.014518853089927574 0.0007973849560101755 0.0018120207254284308 0.024724463606288497 0.004704154165777694 0.0 0.02911551024476874 0.005210678617426149 0.00010426206367713708 0.00010473096347914598 0.0 0.0 0.0 0.0 0.0 3.142205337578037e-05 0.0 0.0 1.3074388812128173e-05 0.0 0.0 4.755750973963946e-06 4.8802451876380335e-06 1.0889511934899352e-05 0.000191050541964851 4.87580400529598e-05 0.0005917200753873166 0.0 0.0 3.543327792930251e-05 0.0021898917904372307 9.743106956857351e-05 0.00018316867071572492 0.0 4.3321075954848e-06 5.368609988852558e-06 2.6144931227117143e-06 1.0471626530998776e-05 0.0 0.0 0.0001956875718662792 1.5886080696815302e-05 0.0 6.038956568358238e-06 4.116133420353754e-06 2.3891768194695686e-05 2.9758545309631142e-05 3.59031371639448e-05 2.007626317114799e-05 0.0 0.0002628571343965597 0.00023117744312407568 5.426145239497248e-05 3.992504567248662e-05 3.572875481695355e-05 1.6607980973659497e-05 0.0 0.00010538760795823233 0.0 1.1436486429187627e-05 0.0 3.3376307544733813e-06 2.7566272272397355e-06 2.8998428847527708e-06 0.004754967530938938 8.986818672324535e-05 0.0 0.00017048683501630162 8.783681315831147e-05 0.00020173794727841823 2.83297434987406e-05 3.6221836418265e-05 0.0 5.169189187989044e-05 2.5325661242438663e-06 0.00010963774069195018 7.076395408157732e-05 2.9516618984035774e-06 0.0 1.0062712639638984e-05 0.0 3.377719320478488e-06 1.4692255775640074e-05 0.0 0.0 0.0 3.3305361726464036e-05 3.369184289710568e-06 0.0 0.006413028307320397 0.00017156208934872923 1.5954240004416907e-05 6.219770994268956e-05 0.003032529868000425 1.3630283016291946e-05 3.264343436036055e-05 7.160563709014304e-05 8.035345055568279e-05 4.665133320067195e-05 0.0008362521187732833 0.00033431551797885405 0.0002379276485140294 0.0003610239444171814 0.001708652261075855 1.8183008117825428e-05 0.0019239444385579783 0.001150747645699438 0.003624618280822593 0.0005272422675868474 0.0 5.982257861818932e-06 0.0 0.0 0.0 0.0 0.0 0.0 0.0 0.0 0.0 0.0 4.482590201792067e-06 0.0 6.887622103479909e-06 0.0 2.577696685024133e-06 5.754893600280231e-06 0.0 0.00029697352515061984 4.727155213339666e-05 0.0 0.0 0.0 0.0008458985536643601 2.8075822984933713e-05 0.0001906357150848534 7.17431298334365e-05 2.7374949469017625e-05 0.0 0.0 0.0 0.0 1.248366470187441e-05 0.0 0.0 0.0 1.0271109443920728e-05 0.0 0.0 0.0 2.4274883373903918e-05 0.0 0.0 0.0 0.0 2.541497455249603e-06 5.148204026767801e-06 4.702842016478157e-05 8.108504561269862e-06 0.0 0.0005325822830953697 5.1682001313219604e-05 0.0 4.326353363304102e-06 0.0 0.0 3.5497471083033003e-06 0.0 0.0 0.0 0.0025091513205216256 1.1352336840320414e-05 6.1766555374712955e-06 0.0 0.0 0.00038687819926827577 3.370245318597778e-05 0.0003683319715431714 1.3072360432481534e-05 1.19504561257376e-05 7.82577467470753e-06 2.7925599588921145e-06 0.0 0.0 0.0 0.0 0.0 0.0 1.271724705596163e-05 0.0 2.6512497728008653e-06 0.001907503812889916 0.0006864975329421586 0.0004624468927058985 0.0033512600758903895 1.8961261027889916e-05 0.0006697220828152191 8.97371689191754e-05 0.004511974711570632 0.0001990409626460649 0.0 0.0002803439818591999 0.00153086865055125 0.0 0.00013464569874880754 1.2378716441380969e-05 0.0013716853304314085 7.125265156226584e-06 0.0 6.355805699351493e-06 8.676157064398238e-05 0.0 0.008689727751501133 0.0018423136047911166
