0.0 0.052207808292256526 0.005261182115537218 0.047576316303928404 0.015466295880328768 0.002485256682198914 0.034818801550450064 0.0009814192237645378 0.0012013774281934638 0.031671580915380956 0.007919477388276206 0.0037865621531307948 0.006429029379913484 0.005020546478951749 5.431522698995401e-05 3.202023056123187e-05 5.675975671552398e-06 3.584655373349242e-06 0.0 2.7730035506803635e-06 3.6104752454945413e-06 0.0 0.0 0.0 6.400556586651003e-06 0.0 0.0 0.0 6.835526506787178e-06 0.0 0.015827846872788816 7.347750781055277e-06 0.00022267009793746297 0.0 0.0 3.961878995651801e-06 0.00032779191716542213 1.668464806462881e-05 2.8504590485845922e-05 0.0 0.0 0.0 0.0 1.2981347758190083e-05 0.0 5.806696704122122e-06 0.00039299309426901426 4.5988891828271755e-05 7.579449906568349e-06 8.882659278036486e-06 5.072745797345179e-06 7.604102307842376e-05 8.64497831741913e-06 2.328559679155261e-06 0.00016630869540273222 0.00015447039014273147 0.0014646039909933979 0.00840823323433401 0.00090125240496053 0.0008296791064100397 1.708515550677579e-05 3.274194511114723e-05 0.0 0.0004351022684869617 0.00013803030962223207 0.00011824461961689425 3.817384762843989e-05 2.82979903233669e-05 9.687867923626629e-06 1.1165946662139587e-05 0.0007895504239656692 0.0005501283185478415 6.448541898009788e-05 0.003113694213303263 0.0009992747579263914 0.0011506106183142289 4.092088749050631e-05 6.22182744133549e-05 1.239933114524649e-05 0.0014282963653149908 3.5203564086011274e-05 0.0001448470692423509 0.00011352890484573378 1.6816450377830516e-05 4.897678956671191e-05 0.0001349048291781839 3.393352915496794e-05 5.3001619654589436e-05 7.100849673562874e-05 6.946852759286372e-05 5.849623262893106e-06 3.5554598995086725e-05 5.318612671787085e-06 0.0 0.0 0.004583491441391413 0.00022945812780995908 9.939257549747991e-05 9.453003673314766e-06 0.013847743443035567 0.0 0.0 0.0 0.00017565680239950784 0.0 2.8778230711787153e-05 0.0 0.0 0.0001508520240894918 3.54549776926154e-05 0.0 0.0001135883470486225 9.996639340922242e-05 4.7363404441685194e-05 2.317988803356816e-05 0.0 0.0 0.0 0.0 0.0 0.0 0.0 0.0 0.0 0.0 0.0 0.0 0.0 0.0 0.0 0.0 6.361561232782535e-06 3.050708335593749e-06 0.0 7.843216783190997e-06 0.0 0.0 0.0 0.0 0.0 0.0 1.0102822112008807e-05 7.361857416288433e-06 2.404359261618296e-06 0.0 0.0 0.0 0.0 0.0 0.0 0.0 0.0 0.0 0.0 0.0 0.0 2.2780652188072867e-05 0.0 2.3729192544480355e-06 0.0 0.0 0.0 0.0 0.0 0.0 0.0 5.7464410912294915e-06 0.0 0.0 0.0 1.948879385928282e-06 0.0 0.0 3.835840301804044e-06 0.0 0.0 1.2047717482830157e-05 1.6672784036315372e-05 0.0 0.0 0.0 3.6582558591867643e-06 0.0 0.0 0.0 0.0 0.0 0.0 0.0 0.0 0.0 0.0 0.0 0.0 0.0 0.0 0.0 2.3601230097777274e-05 3.485967316867695e-05 7.266399484335269e-06 0.006927215930452751 6.645487059776446e-05 0.001725262327788799 8.450659533331283e-05 0.008900353880905654 0.00012589210833085363 7.47821961998843e-05 4.507473822201318e-05 2.3455892097401506e-05 0.0 4.19810601494939e-06 4.828131753664703e-06 4.099061174055347e-05 3.6744669312450586e-06 0.0 0.0 1.883200198255813e-05 0.0 0.0040857834399854655 2.3757506453260727e-05
0.052207808292256526 0.0 0.032512397001059595 0.02361253500286746 0.03723735270555693 0.0032760413261449825 0.06231379901121621 0.004349260667251022 0.008160969813466422 0.011658210071300757 0.054302734632969404 0.0032893341089642145 0.04173566580963444 0.036029492836562024 0.0007005152112816111 0.00015751859813103677 3.0455016313986632e-05 8.43973976143704e-06 0.0 9.874774363742764e-06 1.2296199292739916e-05 0.0 0.0 0.0 5.896964954037286e-06 0.0 0.0 7.593686242334999e-06 2.8883637886969015e-06 7.337298180186353e-06 0.04295511359460141 6.928838019463386e-05 0.0009601877738693723 0.0 8.082437709297582e-06 9.649080323109509e-06 0.0007179933147320903 7.724515220291113e-06 3.313060197663662e-05 4.962724704209338e-06 2.961307302305867e-06 1.3615287264476264e-05 6.996992876448285e-06 4.040707376194108e-05 3.2010583232945403e-06 2.9782463082290308e-05 0.003272031029657858 0.00021010996221080888 1.3996037877726762e-05 4.272571342615687e-05 3.43127205386295e-05 3.65807794858301e-05 0.0 1.2382721505607676e-05 0.000716579590209756 0.000419770683955331 0.0015717470852565408 0.010416563938557652 0.0022043067588824582 0.004269489726858852 3.167023226000541e-05 4.486763171263705e-05 6.51986131515607e-06 0.0022361451786900915 0.00038179493039292256 0.00035415074783759097 0.0001488313007382673 6.03501401692846e-05 6.0630671130483504e-05 2.879274089669557e-05 0.0006319069649079853 0.0002564493821030495 1.9670175654523495e-05 0.00856690245189901 0.004543524900556612 0.007581313189746753 0.000709844716132985 0.00022516287310616598 2.7493102524679063e-05 0.005395810848814955 0.00012174950750144658 0.00044091797863084735 0.0005290753709632172 2.5404423899185626e-05 0.00018326320593691823 0.000281333708855763 0.000162172941466149 8.279221816547745e-06 7.731108125924261e-05 1.9333782457658043e-05 5.50143205046974e-05 9.113188939840384e-06 4.539154979364774e-05 1.7804381334290477e-05 4.788844515471434e-05 0.001446385511726744 0.0001012359980533486 1.918833833866396e-05 2.8582054420097282e-05 0.016874223945159784 0.0 0.0 3.563505849684533e-05 1.7012726975694818e-05 0.0 0.00023130987179262959 8.690986633936648e-06 7.031828679404564e-05 6.49031420506759e-05 7.603436102131539e-05 1.2300388736220642e-05 0.0004672365448435436 0.000318517707089122 0.0003928713036412957 3.260261551704779e-05 5.668915711142812e-06 1.1102607464732343e-05 0.0 0.0 0.0 0.0 0.0 0.0 0.0 0.0 0.0 0.0 3.1157964143303456e-06 0.0 0.0 0.0 0.0 0.0 0.0 0.0 0.0 0.0 0.0 0.0 0.00024070409986733424 0.0 0.00010199359232114157 9.989163275958592e-05 2.3431517863084717e-05 0.0 0.0 0.0 0.0 0.0 0.0 0.0 0.0 3.842384947545985e-05 0.0 0.0 0.0 0.0 0.0 6.827905728577836e-06 7.415547790780798e-06 0.0 0.0 0.0 0.0 0.0 0.0 2.609457156458427e-05 0.0 0.0 0.0 0.0 2.1744340939781827e-06 0.0 0.0 2.923613769797269e-06 0.0 0.00022374661485650863 0.0 0.0 0.0 0.0 2.768328917598287e-05 0.0 2.7819101743323882e-05 1.1803001306207172e-05 0.0 0.0 0.0 0.0 0.0 2.405651450928301e-06 0.0 0.0 0.0 0.0 0.0 0.0 0.00022079841777048465 0.00023512560668497419 0.00020235157256577965 0.015367692737009553 0.00023092091384254725 0.012479210176004006 0.00042570071390977813 0.008634140935090157 0.000531203986724558 0.0001251426649361521 0.0008208578182359116 0.0003895766292664794 1.6011476056763752e-05 8.915899448898124e-05 5.362773062931494e-05 0.00019425136737802185 9.586222562125563e-06 2.80923915619339e-06 2.157006826161901e-05 0.0001323259496282934 0.0 0.004119520281187613 0.00019836646305869732
0.005261182115537218 0.032512397001059595 0.0 0.00046201448450385773 0.0033106619132362495 0.00015754598852551913 0.0008416810454169904 0.03911735668808555 0.002645971067098785 0.00012854919896313914 0.020605634457636666 0.00043549895001247546 0.005050906672716933 0.007557577027749921 0.00037171607414953034 0.00012643587640593276 0.0 1.3077013443494592e-05 0.0 1.7988296192575168e-05 5.8272658967826175e-05 8.795022072362223e-06 6.756160309115907e-05 0.00016954786010812083 0.00017727078089202006 2.7123115062870653e-06 7.593782596047589e-05 3.753521814421977e-05 7.997585760303914e-05 0.00011878456576101586 0.08823747378198378 0.002209371852680467 0.0006302971532734576 0.0 6.547233408743698e-05 0.0002209967974766155 0.0004254924206654311 0.00010647115864512669 3.9559749642606296e-05 7.00996002357572e-05 0.0001908616680152868 0.00010788262328927915 2.5119715451533407e-05 4.048475292268591e-05 0.0 2.3377530555744862e-05 0.001073032464060283 6.891600149341217e-05 1.820950983539392e-06 2.4136562157875084e-05 3.210287570796014e-05 5.648370200039395e-05 1.3542857570906516e-05 8.671210574154404e-05 7.097517349664052e-05 8.394417761686195e-05 0.0006110119193363635 0.004864764244969127 0.0004592539014814751 0.00084364758666097 9.463784677263055e-05 0.00017974035328295333 3.0471586595076858e-05 0.001994339066698074 8.724350742708844e-05 7.084036365890416e-05 3.361541891730018e-05 5.297252787474773e-05 9.137700214976945e-05 0.00021753238479414413 0.0002813287058362086 6.925314848121429e-05 6.6030551565868514e-06 0.0019063203355287573 0.0018002626392667727 0.0024016633563161117 0.0004817837900602399 0.00010583611477450283 0.0029493465313443087 0.014406807619503186 0.00021892508786586264 0.010969826824392168 9.628779632142423e-05 2.3453719239808382e-06 3.977806287592767e-05 5.674865793696516e-05 5.48961443867245e-05 1.3249834173175547e-05 1.9108099543703074e-05 1.223335066559636e-05 3.878287466810574e-05 3.659825152607127e-05 0.000564108828564771 0.0001151783890668772 0.00013100342450938455 0.00012659616069057798 5.3186664950174386e-05 0.0 4.7348138140862554e-05 0.004980250304128041 0.0 0.0 0.0 0.0 0.0 0.0 0.0 0.0 2.79577145800577e-05 0.0 4.385873527109269e-06 3.918330106817803e-05 2.002220615220112e-05 1.524241499967927e-05 7.008234973266287e-06 0.0 0.0 0.0 0.0 0.0 0.0 0.0 0.0 0.0 0.0 1.1825150038796243e-05 0.0 0.0 0.0 0.0 0.0 4.236385940010825e-06 7.030005398793514e-06 0.0 0.0 0.0 0.0 0.0 0.0 2.0857244425866405e-05 0.0 8.280747167892354e-06 2.2604014343459308e-05 4.50679826675932e-06 3.81614076699726e-06 3.168021388685003e-06 1.0131948600443984e-05 0.0 3.530209713291795e-06 2.049989504382676e-06 0.0 0.0 0.0 0.0 0.0 3.886952276190103e-06 3.599715631339736e-05 3.989607109730726e-05 0.0 0.0 0.0 0.0 0.0 0.0 0.0 0.0 0.0 0.0 0.0 0.0 2.7728672073538627e-06 0.0 0.0 2.7726654325162243e-06 6.054451460337087e-06 0.0 3.6429000965492795e-05 6.442985434155811e-06 0.0 9.186341701429123e-06 6.083103985491094e-06 0.0 0.0 3.618333669623766e-06 0.0 0.0 6.561164043176092e-06 0.0 0.0 0.0 0.0 0.0 0.0 2.4631019784032097e-06 2.74162581969456e-06 3.6881045852918044e-06 0.0 1.660012616280578e-05 8.099148585101846e-05 4.7882301401530477e-05 0.002018471991262498 5.493466295412475e-05 0.0028690153035794055 0.00012762367289524977 0.0008766172973677503 0.00015244552036011098 8.975283394492163e-06 0.00015706892222966824 1.0415072741963646e-05 0.0 1.6715521773695083e-05 3.3548685418735336e-06 0.0 0.0 0.0 0.0 4.059674792176426e-05 0.0 0.00039525149758443725 1.890700775125663e-05
0.047576316303928404 0.02361253500286746 0.00046201448450385773 0.0 0.00550672268718484 0.008125509366098042 0.014492000029574088 3.8902682422111395e-05 0.0002915641959834178 0.049445904807840405 7.046147236341678e-05 0.021969125457499832 0.01279163916993322 0.0005781239560028364 8.754186980363029e-05 7.36347975241097e-06 9.072510634363177e-06 7.466807733381124e-06 0.0 4.092136195199697e-06 6.840224123933063e-06 0.0 0.0 0.0 0.0 0.0 0.0 0.0 0.0 0.0 0.003696294983333776 3.580065136952339e-05 2.0272812327315045e-05 0.0 0.0 0.0 2.998085125798225e-06 0.0 3.8729838110515266e-06 0.0 0.0 2.082208212963375e-06 2.2309883426063987e-06 6.836211378746369e-06 0.0 0.0 0.0007527225961846608 7.548668997320405e-05 9.887973759520766e-06 1.0187888888928376e-05 1.4097129230290906e-05 7.859597246471013e-06 0.0 0.0 0.00022796358989106896 0.00010741453041036397 0.0004425845580797986 0.0022662849444887996 0.0006886414461282511 0.001146754425989275 1.0790424923405842e-05 0.0 0.0 0.0004986988545270518 0.00013041229896652786 0.00011258390343730166 3.392810846980306e-05 1.3957358056526205e-05 1.4421214162060468e-05 4.6502161678159424e-06 0.00010143889685156322 5.3476509439311056e-05 1.2277035000979804e-05 0.00273803770707959 0.0009424605130369347 0.0016316542059351912 9.147796612677765e-05 4.5988471671613965e-05 2.030958566692212e-06 3.5497415341820936e-05 3.9116460454575926e-05 3.455995499808206e-05 0.00016274302695856976 2.5987121066272947e-05 4.626945484094694e-05 8.360242866813327e-05 6.305102241806064e-05 2.5467697499011895e-05 2.5449487278397655e-05 2.5470685759446832e-05 1.145100053502826e-05 1.0925621039555664e-05 4.811283305617227e-06 1.0458842935446724e-05 1.5027492413979355e-05 0.0012799153864897122 2.2715252562344172e-05 0.0 4.073269334496545e-06 0.005536948915743419 0.0 0.0 1.6486480263594946e-05 0.0002240220483044225 0.0 0.00011636018429092038 8.807572234765524e-05 1.1861231365441644e-05 0.0001491873431507825 2.7680713432993756e-05 0.0 0.00014390475733473814 0.00029635811967806556 9.334980339581063e-05 0.0 0.0 0.0 0.0 0.0 0.0 0.0 0.0 0.0 0.0 0.0 0.0 4.249533189863706e-06 0.0 0.0 0.0 0.0 0.0 0.0 2.191328709437067e-06 0.0 0.0 0.0 0.0 0.0 1.878701433118639e-05 0.0 0.0 0.0 0.0 0.0 0.0 0.0 0.0 0.0 0.0 0.0 0.0 0.0 0.0 0.0 0.0 2.1386188111927787e-06 0.0 0.0 0.0 1.8862826867095791e-06 0.0 0.0 0.0 0.0 0.0 0.0 0.0 0.0 0.0 0.0 0.0 0.0 0.0 0.0 0.0 2.03680542024256e-05 0.0 0.0 0.0 0.0 0.0 0.0 0.0 0.0 0.0 3.073763278005059e-05 0.0 0.0 0.0 3.177616571046339e-06 2.1907967877868997e-06 0.0 0.0 2.332929806605824e-06 0.0 0.0 1.721059950457945e-05 2.1911130511620412e-05 0.0 0.005591193999157017 5.669557571017273e-05 0.0026910945062934605 3.638715485700468e-05 0.004047032548372857 0.00011634008070822884 4.3847717368538726e-05 4.89257265829243e-05 0.00019393453936547458 0.0 2.663157827279955e-06 2.5681771800044614e-06 8.24592498266174e-05 0.0 4.9915949469042075e-06 0.0 2.22508379639877e-05 0.0 0.002796358977674513 2.130702760834203e-05
0.015466295880328768 0.03723735270555693 0.0033106619132362495 0.00550672268718484 0.0 0.00010095796096271496 0.035099472753464624 0.00014763120744267234 0.056832221445010836 0.002061576988241069 0.029465847618526664 0.0014585069469407082 0.02504061956654698 0.05200024857201674 0.0008746032274380031 0.00012140215070686001 2.7982862201550523e-05 8.582154766819183e-06 0.0 0.0 1.389947010113168e-05 0.0 0.0 0.0 9.637422553518987e-06 6.0682360861791504e-06 2.109364615062012e-06 0.0 0.0 0.0 0.009571193109921576 5.2988560089604275e-05 0.00030140136682449745 0.0 0.0 0.0 0.0003497530126071457 6.381317729539367e-06 0.0 7.3394834930163705e-06 1.0291106599534586e-05 0.0 0.0 1.2823906256812913e-05 2.370412430436398e-06 7.378462239902317e-06 0.0027729065830076295 8.355357457909084e-05 1.9136927604662337e-05 1.150533642293124e-05 1.5639551556514014e-05 0.0 2.717217541063599e-06 3.5849410134486134e-06 0.0002290042591437134 0.00011129451904664312 0.0002792621585059725 0.0008014288407348338 0.0005643004753019781 0.001905943464140554 1.5200101404633161e-05 4.344394001153323e-05 0.0 0.0006610962029926885 0.00012088228506172424 0.00013664596584123567 3.567173850521063e-05 3.2648343009490857e-05 2.2407162645790296e-05 9.703423352014972e-06 0.001014109669294327 0.00015420302685797396 0.0 0.0021616061327944477 0.0016500087656398143 0.00496472132518255 0.0006215464650355652 0.00012154473061957859 1.4136370035361042e-05 0.00029577242295779533 6.10243932917118e-05 0.00010952825186729053 0.000255828888440162 9.210637716858238e-06 7.68995369825816e-05 0.00010929935218082113 7.146494380198081e-05 4.687751601850935e-06 1.539480698195092e-05 2.6351488226986584e-06 3.5241938670873075e-05 2.799723023068858e-06 4.3219188749297725e-06 1.3236980368703822e-05 1.4085328806720525e-05 0.0005518631497056996 0.0001837220060466238 0.0 5.691709326077163e-05 0.000932691637747196 4.907281960921295e-06 4.9439196879091e-05 3.2232728195343964e-06 1.4945592090417184e-05 0.0 0.0010549254531852918 5.767897976926712e-06 0.00013881759086412034 0.0004733727086364006 0.00018847978597237184 1.7460821892327297e-05 0.0012121344005094875 0.0012317381095396554 0.0011730054085919706 0.00013288373100736392 1.879919455644704e-05 0.0 0.0 4.293245424977789e-06 0.0 0.0 0.0 0.0 0.0 0.0 0.0 0.0 1.4741657016493214e-05 0.0 0.0 0.0 0.0 0.0 0.0 1.6213249565842708e-05 7.141048983843208e-06 0.0 0.0 0.0 0.0007861624862716402 3.312636553539537e-05 0.00034040475299220075 0.0001621460310134615 5.3954207630846895e-05 0.0 0.0 0.0 0.0 0.0 0.0 0.0 3.181996430188657e-05 4.4080117640853864e-05 0.0 0.0 4.34595897675823e-06 1.0886168661528204e-05 0.0 2.2240102546206434e-06 1.5404533691613824e-05 0.0 7.02306979146905e-05 1.677294871925481e-05 0.0 0.0 0.0 0.0003219979429045399 0.0 2.4633993762462046e-05 4.689799574935498e-06 6.240042129228034e-06 0.0 0.0 0.0 0.0 0.0 0.0020010818073363957 0.0 0.0 0.0 0.0 0.00016104566364432777 0.0 3.39028379566396e-05 3.550520584339164e-05 1.7181845842901885e-05 4.3511398238815315e-05 0.0 1.3583824837879598e-05 0.0 4.136567512656963e-06 0.0 0.0 0.0 0.0 0.0 0.0 0.0007562333519804173 0.0010770382105663356 0.0005128948549224135 0.015120920827523351 0.0001480815441358754 0.01272473903906467 0.0007041768803739156 0.0011966108115262462 0.001006325797563177 2.90757159075122e-05 0.001469661628422324 0.000211037375496192 0.0 0.0004415510949290101 0.0001417684703099612 0.00041165218351920844 0.0 0.0 0.0 0.00025938642494319306 0.0 0.0014792781314921003 0.0006129948629648401
0.002485256682198914 0.0032760413261449825 0.00015754598852551913 0.008125509366098042 0.00010095796096271496 0.0 0.0025054575620457177 2.617547015496074e-05 8.075145848984063e-05 0.02571034442369147 8.240486860165217e-05 0.006584716814763149 0.0030801857959975366 0.00020169556354221102 2.582096936863302e-05 6.546388146547315e-06 1.4581212308396839e-05 0.0 0.0 0.0 0.0 0.0 0.0 0.0 0.0 0.0 0.0 0.0 0.0 0.0 0.0029937011839953234 8.968266114027654e-06 0.00012988496864881844 0.0 0.0 0.0 0.00021368152829267422 0.0 7.13499407801583e-06 0.0 0.0 0.0 2.5779283019316752e-06 0.0 0.0 0.0 3.0983669876063356e-05 3.3845116735349587e-06 0.0 0.0 3.508589414886562e-06 0.000314897494339426 0.0 0.0 9.157522442170597e-06 4.863899972261641e-05 0.0006655609284656483 0.0008648789254554225 5.379034836107426e-05 6.228859402372547e-05 0.0 5.5628515305184337e-05 0.0 2.053055219784095e-05 2.1521902033792633e-06 2.1428883999711545e-05 2.364795749663799e-05 0.0 0.0 0.0 0.0020376296287707833 0.0036970497746750598 0.0004740856633351756 0.0001445395429667838 2.9241619164693603e-05 4.893928452345494e-05 0.0 0.0 0.0 0.00025622169804770075 0.0 9.6599154824278e-05 8.448656216422719e-06 0.00023765692715831913 0.0 0.0003200291962532814 3.1182253515939562e-06 0.0004749691202628015 0.0003985537633431037 0.0004838461823234489 3.901079636937447e-05 0.00025453689442827003 0.0 1.9254082725349807e-05 2.0787112142258695e-05 0.0038102805308761166 0.0014633964926442965 0.0005190966777420663 3.424692201318061e-05 0.0022989943708031924 0.0 0.0 0.0 0.00024665267965518823 0.0 2.6709770589304283e-06 0.0 0.0 2.2326686703119003e-05 9.375089357697429e-06 0.0 8.464620176581092e-06 4.291861731194087e-06 2.8339242732229876e-05 0.0 1.2966096569721537e-05 0.0 0.0 0.0 0.0 0.0 9.41349997971131e-06 0.0 0.0 0.0 0.0 0.0 3.1731622461943924e-06 0.0 0.0 0.0 5.780184320805673e-06 3.3832093539656138e-06 1.3156624826655809e-05 0.0 0.0 0.0 0.0 0.0 3.166904070900949e-06 0.0 4.214996644732467e-06 2.6972582398362123e-05 1.867259321803145e-05 0.0 0.0 0.0 0.0 0.0 3.7128991423362176e-06 5.121816607509505e-06 0.0 0.0 0.0 3.4894372462236915e-06 0.0 9.91682173225207e-05 0.0 2.442031371119442e-06 0.0 0.0 0.0 0.0 0.0 3.5984497973109922e-06 0.0 0.0 2.4464265751136087e-06 0.0 0.0 0.0 0.0 0.0 0.0 0.0 0.0 2.3155643167645215e-05 7.451686776869513e-05 0.0 3.922740987803472e-06 0.0 0.0 0.0 0.0 0.0 0.0 2.2864936942185483e-06 0.0 4.535618688506623e-06 0.0 0.0 0.0 4.323481425915232e-06 0.0 5.071378876613825e-06 3.6290395269761474e-06 0.0 8.373048278537985e-06 2.249566540739357e-05 4.316565830004706e-05 0.00044489099061544214 2.436451325350286e-05 0.00016152127981846484 1.2788161719773051e-05 0.0007098098917888467 0.0 2.6948022664050562e-06 1.4090954255979896e-05 3.42387626705281e-05 0.0 3.9532855464761695e-06 0.0 1.2447783677451538e-05 0.0 0.0 0.0 0.0 0.0 0.0006164993707155626 2.7725164014550754e-05
0.034818801550450064 0.06231379901121621 0.0008416810454169904 0.014492000029574088 0.035099472753464624 0.0025054575620457177 0.0 0.0001091065507601193 0.01796573264496423 0.030632498167799723 0.001910901379462625 0.006256034185411578 0.1449989845555657 0.059185845575233334 0.0009878420453326554 0.00017428480790285415 2.057547524805068e-05 6.955673707515567e-06 5.6897549831600545e-06 3.1402863993153115e-06 5.10545839758607e-06 0.0 0.0 4.6353917787982e-06 2.2051653151344213e-06 0.0 0.0 2.7187222997498812e-06 0.0 6.292832239197902e-06 0.008771571666547568 0.00010501279040202899 0.00025814270427416464 0.0 0.0 2.828192373205654e-06 0.00028509893111972057 2.1941036697884978e-05 1.5508012463985276e-05 2.1033460785263552e-05 7.134306548939435e-06 0.0 4.908788546375655e-06 1.3663297552736763e-05 0.0 1.3051720012695229e-05 0.004521815889975728 0.0002416241722021635 3.6571850409537704e-05 3.325492184779338e-05 3.942572249195617e-05 1.1364060158340605e-05 2.5304954384534535e-06 2.4117568918034935e-05 0.0006612697780115156 0.00037376018627672863 0.001107486174226985 0.003130885995602017 0.0020931219879101585 0.004875912559333645 2.2173876889167106e-05 0.00012618110104785677 0.0 0.0014793803717157153 0.00047248005957787904 0.00039775025226326696 0.0001217817665649948 9.926287612647493e-05 5.995647696284425e-05 2.4228841181233957e-05 0.0009324949650727986 0.00010514785648550569 2.2428758698001044e-05 0.00776365833943652 0.003434554624736764 0.008706124127515383 0.0008025609878900003 0.00023511734637186792 3.995030119873159e-05 0.0002596112781723013 8.119743883938862e-05 0.000127129796513481 0.0006260749101719018 1.8990855409589285e-05 0.00015311971851342607 0.0002883761792895674 0.00018461743245690222 3.2392180138025215e-05 0.00010271622789430759 1.830725139351363e-05 7.407198264964442e-05 4.443251515284522e-05 4.314650131535924e-05 1.3333013898671184e-05 3.290743668123194e-05 0.001348199328885469 0.00010983555992710728 1.238661318589179e-05 2.8839798774508464e-06 0.002717002882030712 2.0431513966525953e-05 3.9900210885910244e-05 0.000418057206055599 0.00014875037192318264 1.2351065275524985e-05 0.002227688417269779 7.597813343203339e-05 0.0004546904262404868 0.001113276303307134 0.00037643979332019627 2.011072170118095e-05 0.003191243656575476 0.0024397363429308335 0.002481181094031448 0.0003632309931740637 2.393123143313999e-06 7.196786002861537e-06 0.0 0.0 0.0 0.0 0.0 0.0 0.0 0.0 0.0 0.0 0.0 0.0 0.0 0.0 0.0 7.000404448867699e-06 0.0 0.0 3.2599237656802878e-06 0.0 0.0 0.0 0.0009128067751600546 2.0090681058953173e-05 0.00026860078295627574 0.0002429756927804153 0.00010443229482261454 0.0 0.0 0.0 0.0 0.0 0.0 0.0 9.94772885456718e-05 5.2562938239929504e-05 0.0 0.0 0.0 6.850224583095857e-05 0.0 4.417723062468513e-06 1.2019669119700283e-05 2.4049355239117952e-06 1.5965304659677874e-05 7.832631492531724e-06 4.6906777521712426e-06 0.0 0.0 0.0003011176891722502 1.0796545094674533e-05 0.0 2.2277544648999654e-06 0.0 0.0 0.0 0.0 0.0 0.0 0.0024986356798357688 4.49563937092375e-06 0.0 0.0 0.0 0.00010035864352752 0.0 5.485653108703639e-05 0.00010240706616310177 3.1490387440997116e-05 8.939779990838513e-05 2.3633728966153127e-06 2.9090218785348314e-06 0.0 2.3428607821537452e-06 0.0 0.0 1.0125435175829183e-05 2.9860600097543262e-06 3.766015247372984e-06 0.0 0.0009586454158121717 0.001452609063122328 0.0005230786355760056 0.02746755304210895 0.00036352607301444033 0.01930248481201868 0.0007985560532993233 0.007814780463678159 0.001042627586219367 0.00012709481838868452 0.0015519566204115884 0.0009341920473968963 1.9275539112837554e-05 0.00025576709419033864 3.3868482759757487e-06 0.001185684533514462 8.37854605331573e-05 6.0885357973342625e-06 1.1042082320513386e-05 0.00019319775663603804 1.9191654753073526e-05 0.0075045209430051035 0.0007906937467897237
0.0009814192237645378 0.004349260667251022 0.03911735668808555 3.8902682422111395e-05 0.00014763120744267234 2.617547015496074e-05 0.0001091065507601193 0.0 2.8728243362257443e-05 4.598530156472041e-05 0.03635859475219945 0.0003471321163950568 0.002791632957772488 0.005217185455456678 0.0015161879067605015 0.0004530930598786607 9.91926463598798e-06 7.472802355861951e-06 7.860145609033876e-06 1.0696501310567852e-05 2.023099976493161e-05 0.0 1.8936831400818064e-05 4.0613338961582644e-05 0.0001776875973874222 5.6720373256474e-06 2.7611306708452425e-05 0.0 8.381061712242067e-05 7.189998579642112e-05 0.06776774019815521 0.04468035299678298 0.001201748017326249 0.0 1.3514322457118935e-05 0.00010299045069319567 0.0007312138098474543 0.00012045207221173138 3.743505595232772e-05 6.641505120542326e-05 8.305983819418475e-05 6.1482914404111e-05 4.557564649839105e-06 2.5125118201157145e-05 0.0 1.2326897299931111e-05 0.003453470104540153 7.925075107694372e-05 1.9102987914482924e-05 2.3784200683035807e-05 2.1700129664842976e-05 3.934615445301935e-05 1.6645596080949944e-05 4.163017636395938e-05 0.00021525250466464499 0.00010565180583252291 0.0005659866408600455 0.002274812129645263 0.0005957404751651667 0.001594388168543896 0.00011474258198875212 0.00015157362654227515 1.681034996887103e-05 0.003306392929616319 0.0001034329434103443 0.0001275050603457762 5.113278011197144e-05 3.544670027431714e-05 5.298208535925875e-05 6.960699046854537e-05 0.0003021109760466433 7.62986056808252e-05 2.788988601706539e-06 0.0025143829575665043 0.002846906527224214 0.006681780081606562 0.0016085784162805123 0.00046865339064824257 0.010045135472102784 0.03434651750225652 0.0003579415772382477 0.028166015835779254 0.00019730506712937722 7.5688842121484505e-06 4.8053563233762136e-05 8.274879157046272e-05 7.310719966791186e-05 1.2604590459956731e-05 1.1451986491580568e-05 0.0 2.8195708084086127e-05 1.6773116947987756e-05 0.00024842588705860635 2.8547257975689574e-05 7.81950249375263e-05 0.00010699657135456436 0.00010616077547035639 5.569020061320224e-06 3.314774536469369e-05 0.0014729857436557546 0.0 0.0 0.0 0.0 0.0 0.0 0.0 0.0 0.0 0.0 4.050418126546811e-06 3.011832651641334e-05 3.2685719514703124e-05 9.362509236297659e-06 0.0 0.0 0.0 0.0 2.4179758247972396e-06 0.0 0.0 0.0 5.636732043295235e-06 0.0 0.0 1.3666191153371327e-05 0.0 0.0 0.0 6.640997959903098e-06 0.0 7.0257691236220776e-06 0.0 1.9054981279758579e-06 5.640351701205644e-06 0.0 0.0 0.0 0.0 2.4132580633815532e-05 0.0 8.748986520393369e-06 5.2108356801993915e-06 8.426364663783962e-06 0.0 0.0 0.0 0.0 0.0 0.0 0.0 0.0 0.0 0.0 0.0 7.535818547459149e-06 1.774578724999913e-05 1.554142239142225e-05 0.0 0.0 0.0 0.0 0.0 0.0 0.0 0.0 0.0 0.0 0.0 2.043889427562838e-06 0.0 0.0 8.166752023839093e-06 0.0 5.072330456712313e-06 0.0 8.045830738441406e-05 1.8024561524586908e-05 0.0 0.0 3.620630415306503e-06 0.0 0.0 0.0 0.0 0.0 2.4842111138864274e-06 0.0 3.733920260812071e-06 0.0 0.0 0.0 0.0 2.3234505409824896e-06 0.0 0.0 0.0 1.8072869908183667e-05 8.595103762514722e-05 4.1442202094867094e-05 0.00538221600773522 6.53847888844459e-05 0.01011808945558388 0.00041352981048055793 0.00041357287537549325 0.0004877520248761875 1.970194946204244e-05 0.0006379108105747634 2.95081899642452e-06 4.294399278123389e-06 9.21511960930117e-06 1.5913949559067696e-05 0.0 0.0 0.0 0.0 0.0001460433786369783 0.0 0.0003474102649185431 3.821348517432246e-05
0.0012013774281934638 0.008160969813466422 0.002645971067098785 0.0002915641959834178 0.056832221445010836 8.075145848984063e-05 0.01796573264496423 2.8728243362257443e-05 0.0 0.0018884281766597903 0.0073093954478379575 0.001416302484680239 0.02008029966799495 0.03304153531746868 0.0006442237042149174 0.0001572388840673081 5.144130081365191e-06 0.0 1.8642641528634777e-06 0.0 2.800844658668367e-06 6.7135766181060655e-06 0.0 0.0 2.7084865860726875e-06 0.0 0.0 0.0 0.0 0.0 0.0006069460993960168 8.032920337373247e-06 9.398477735103809e-05 0.0 0.0 0.0 0.0003277302318574043 0.0 1.4134722622694898e-05 3.906437913062008e-06 3.500315816194297e-06 9.204395484268015e-06 2.460414138282087e-06 9.18772207381632e-06 2.1907497900263635e-06 4.5410425289981795e-06 0.001483156987033962 3.154411086338469e-05 9.214715561416422e-06 6.121311171969087e-06 6.934396675439054e-06 0.0 4.019943649340356e-06 8.702476839073525e-06 7.822283216726997e-05 3.605601096124447e-05 0.00010226004803430429 0.00012611872488936597 0.0001794468348310734 0.0005585071827577283 0.0 4.3073651797271354e-05 6.555736549148378e-06 0.0002023422934142957 3.206278445931506e-05 4.10897423066913e-05 1.050395646774598e-05 1.1790535939056627e-05 1.2815688955791395e-05 2.4436824373217397e-06 0.0009008162263842058 6.251670903027072e-05 0.0 0.0004886813976194384 0.0005186389996000999 0.0019241215465900844 0.00030441982556252297 8.186147036407379e-05 4.837281702824634e-06 0.00018566251335445344 7.225594135441773e-06 6.925723579175249e-05 6.819658734271569e-05 2.0078340078101712e-06 2.7479898977155435e-05 1.5682999740606e-05 2.2721870777018672e-05 6.0080077087378524e-06 7.658923119634988e-06 9.167506061853112e-06 2.383350432309507e-06 5.7471945500264974e-06 5.555831460080863e-06 9.183838032744165e-06 4.7549437852730156e-06 0.00032249482581442454 0.00013404239320296396 0.0 4.6662956793586994e-05 0.00010700825254000023 2.9972232234053518e-05 5.3026287832496864e-06 5.4733443786122365e-05 7.818033024904209e-05 2.928961882448529e-05 0.0015617962407825897 8.933409718413049e-06 0.00032245153008243196 0.0005437257963587393 0.00038994918599455364 2.1789160694560276e-05 0.0020706688880257357 0.001706134663725057 0.0018299951900630944 0.00025326769250347 3.275737930856317e-05 3.4504181443702163e-06 0.0 0.0 0.0 0.0 0.0 0.0 0.0 0.0 0.0 0.0 0.0 0.0 0.0 0.0 3.168888671740212e-05 0.0 2.262340797764805e-05 1.997391138633003e-05 0.0 0.0 0.0 0.0 0.0007721317595627525 0.0 0.00018685891558211317 0.00022873509267279355 4.8739391256937075e-05 0.0 0.0 0.0 0.0 0.0 0.0 0.0 0.00011892873911370738 6.913728156416101e-05 0.0 0.0 0.0 0.0 0.0 0.0 8.193356409838712e-06 8.112374784549637e-06 3.310734821543057e-05 3.646648109827599e-05 0.0 0.0 0.0 0.0002778557294310603 0.0 0.0 1.4857798280897743e-05 0.0 0.0 0.0 0.0 0.0 0.0 0.0022499049091707236 1.1817153112432788e-05 0.0 0.0 0.0 0.00013456859673690927 0.0 6.53201427175142e-05 0.00010890299349504769 6.409534919253555e-05 7.845527943734565e-05 0.0 0.0 0.0 0.0 0.0 0.0 0.0 0.0 0.0 0.0 0.0010589134416788644 0.0011916728865272459 0.0005146204758477652 0.009255425948262463 3.611580523216266e-05 0.006386863782974209 0.0003602626446772384 0.000411430489768525 0.0006040778400203604 2.193177614622145e-05 0.0010896431532603915 0.0004576050612791139 0.0 0.0003087957362286779 4.32548542371008e-05 0.0005481945616462671 1.053700486117346e-05 0.0 0.0 0.00017204780816471458 0.0 0.0011637913446885485 0.0007267777096641969
0.031671580915380956 0.011658210071300757 0.00012854919896313914 0.049445904807840405 0.002061576988241069 0.02571034442369147 0.030632498167799723 4.598530156472041e-05 0.0018884281766597903 0.0 0.0001729117869286108 0.06036936984240275 0.1308206258945782 0.0017411244942853168 0.00010611057372468236 2.1247241474845282e-05 0.0 0.0 2.7465760290446016e-06 4.919772238545624e-06 2.986343324876146e-06 0.0 0.0 0.0 2.3252062311746743e-06 1.779817812810918e-06 0.0 2.5681605730219393e-06 0.0 0.0 0.003349474527190447 8.421287577087455e-06 6.745851557929583e-05 0.0 0.0 0.0 0.0002342761028991834 0.0 1.3164229662161931e-05 0.0 0.0 0.0 8.001601229035743e-06 6.212306807718694e-06 3.117139254937042e-06 4.1120401619613215e-06 0.0006673672008694765 8.328035035806179e-05 6.985693485540581e-06 8.674644698856084e-06 1.229109962054718e-05 6.875029436469435e-05 1.1002756985902214e-05 0.0 0.00017077543065271677 0.00013112341959015307 0.0005608331954239744 0.0011895680478131304 0.0005971873475567536 0.0011146213526425067 8.564836507236172e-06 1.1423975826301019e-05 0.0 0.0003146953878603474 0.00011049431175990918 0.00011103140930831886 4.154500977907486e-05 3.359806810803142e-05 1.1300294493622205e-05 0.0 0.0012920962642387049 0.0007232342140327485 0.00012560700231203985 0.0020888309746297015 0.0006503052846758318 0.0014180062189311858 7.218629798037547e-05 2.13280613481246e-05 0.0 0.00010389287296093115 1.5347992728571626e-05 4.1581781790123335e-05 0.00016350898682773816 5.803926294083903e-05 3.933230489387563e-05 0.0001635140840088835 5.1018479233369946e-05 9.510839150644522e-05 0.00010620301234114327 0.00013903886611884423 3.5383440624356185e-05 6.893634587735027e-05 9.46664265592011e-06 8.452589082023487e-06 5.500864174702412e-06 0.00493842781093513 0.0002557465719456178 0.00010097016078421501 2.93575646327742e-06 0.008559649128420574 2.124666703931986e-05 0.00010821687501574844 8.346999728243365e-05 0.002586122228293154 7.966222045611357e-06 0.0019268560616320027 0.0006337583652921876 0.0002949958324609053 0.0016163831502013155 0.002393584786206973 1.6534257223751015e-05 0.002274126217258618 0.0028769972768497307 0.0022389551390875344 7.571766818960587e-05 5.762362039303135e-06 0.0 0.0 0.0 0.0 0.0 0.0 0.0 0.0 0.0 0.0 0.0 0.0 0.0 0.0 0.0 0.0 3.2377803473256246e-06 0.0 0.0 0.0 0.0 0.0 0.0 0.0002144858883214575 0.0 5.885876671091396e-05 5.62142724748711e-05 5.589673002993575e-06 0.0 0.0 2.6233910790733586e-06 0.0 0.0 0.0 0.0 2.691233724786848e-05 1.5080881869948427e-05 0.0 0.0 0.0 2.5174329506393606e-05 0.0 0.0 1.0081989482784574e-05 7.063944590763453e-06 8.186341620421585e-06 1.9634485920525953e-05 4.055432106709737e-06 0.0 0.0 0.00016103300879150663 4.300146290494816e-06 1.7303400983608456e-05 0.0 0.0 0.0 2.3178901910946042e-06 0.0 0.0 0.0 0.000913806610001586 1.3582467715267933e-05 0.0 0.0 0.0 3.2220786778491986e-05 0.0 7.070748305432733e-06 4.4563677100800883e-05 0.0 2.8329786052102775e-05 0.0 0.0 0.0 0.0 0.0 0.0 0.0 0.0 0.0 0.0 0.0005019033940060224 0.0001401211224110494 8.484728376013768e-05 0.019932341225109854 7.878502602159647e-05 0.0028555781858215414 9.408004646159997e-05 0.009805103478739316 0.00017601793368967713 3.8513192052169255e-05 8.409060902096693e-05 0.0013414800392993057 7.892517101853773e-06 0.00016101226185431222 4.5748450455019656e-05 0.002373453133397161 2.941393935992135e-05 2.055470638963933e-06 0.0 3.953581283620914e-05 0.0 0.01708261523214961 0.0008643396213372451
0.007919477388276206 0.054302734632969404 0.020605634457636666 7.046147236341678e-05 0.029465847618526664 8.240486860165217e-05 0.001910901379462625 0.03635859475219945 0.0073093954478379575 0.0001729117869286108 0.0 0.0012721556777520614 0.03433244732134284 0.045334658095950706 0.0013883911548969927 0.000588991415071786 1.4852465446670404e-05 0.0 1.3274906066828072e-05 6.946954543482245e-06 4.881105038651783e-06 8.445910085792944e-06 0.0 3.2613825230249867e-06 1.2978137296329005e-05 2.9250383167579717e-06 3.3548293493947844e-06 0.0 2.5687552856730217e-05 4.996388718478895e-06 0.02385656422418529 0.00029858474569850323 0.0025320940574799717 0.0 0.0 2.0179369818760702e-05 0.0013451752143074061 4.736217502676912e-05 3.0851750815774516e-05 1.9850508054538626e-05 1.0691289209103446e-05 1.2773008844641034e-05 3.959764262497497e-06 4.8709043989216746e-05 0.0 4.176706921551342e-06 0.0027455309086224324 4.782444915114838e-05 1.842800607766266e-05 1.6272662706512018e-05 1.889052399254533e-05 1.9059650831104004e-05 2.773699881457495e-06 2.3039989152107882e-05 0.00015276139994788645 4.381718011693833e-05 0.00045176754151722223 0.0017978544547528005 0.0004112183367293 0.0009566965957131709 7.2547473611188094e-06 7.473868706816645e-05 4.454646030988109e-06 0.001288139814397779 5.219711962894348e-05 8.47020412499114e-05 1.7730085348024947e-05 3.215711394680587e-05 1.3163389182776511e-05 7.137776577937327e-06 0.000595759064357122 0.00010273853854497624 5.649412969078911e-06 0.001651024438062367 0.001289588106852441 0.004137940374536312 0.0008653867010512126 0.00031107448708336545 0.00017977659337235164 0.005888554508328736 3.504690427530138e-05 0.0015635151661047284 0.0001483473523427896 0.0 3.509415595660031e-05 6.458427320604653e-05 3.2765475710751934e-05 1.2478042928164512e-05 1.6330776682938664e-05 3.294770047642539e-05 1.0097048694535171e-05 3.396848452819839e-05 2.058615652706893e-05 0.0 5.83384862233548e-06 0.00038212267583577947 7.849397370662098e-05 0.0 7.982503896629158e-05 0.0024927867552286312 0.0 1.2803773611901967e-05 8.297742587735144e-06 0.0 3.1886891105727943e-06 0.0005595517722546668 0.0 0.0001772399948678215 0.0002610110428651276 0.00010468242786479643 2.0426873145260288e-05 0.0008119736812685705 0.0006189413413051259 0.0008266753174500245 0.00014806738950646277 8.508380571944486e-06 0.0 0.0 2.8588870590003443e-06 0.0 0.0 0.0 8.906364583097308e-06 0.0 0.0 3.92987202609825e-06 0.0 0.0 1.1227300660856198e-05 8.319540414783533e-06 0.0 0.0 2.937157096183293e-06 0.0 0.0 0.0 0.0 0.0 0.0 0.0005110499629807313 0.0 0.00025431982173654304 0.00015101478995553522 3.56694801216575e-06 0.0 0.0 0.0 0.0 0.0 0.0 0.0 4.375484232057714e-05 1.6111203311783572e-05 0.0 0.0 0.0 2.042501382749717e-05 7.218626177715357e-06 0.0 0.0 0.0 8.510035291682938e-06 3.074468875478439e-05 1.4246005016153253e-05 3.057458409709484e-06 0.0 0.00012759266599818368 0.0 0.0 8.062379795807981e-06 0.0 0.0 0.0 0.0 0.0 0.0 0.0010222028115324184 3.90773817336552e-05 0.0 0.0 8.11270094568636e-06 2.148576391126701e-05 0.0 2.628079097383349e-05 5.297438669430138e-05 2.124089129686867e-05 7.652442128457052e-05 0.0 1.3605218617043237e-05 0.0 0.0 0.0 0.0 0.0 0.0 0.0 0.0 0.0004991662969104616 0.0005657785008981468 0.0002770273948980295 0.012166242153134315 8.928416330908451e-05 0.010352072392597422 0.0007171059624706438 0.0004873551563560507 0.0009114821037547247 1.5083548453131922e-05 0.0012023339204713121 0.00020948420347018267 0.0 0.0001878386951672722 5.8077700134024966e-06 0.00028191825570856346 7.4200502758820565e-06 0.0 0.0 0.00024970453686183283 2.3435298110516116e-05 0.0006923127107350564 0.0003673283305101193
