0.0 0.07654912479699408 0.010421049573126553 0.02934205208530945 0.005352204811362228 0.012425134114728956 0.02421546571216802 0.0021182568019357207 0.0008738952086731952 0.059453285102276536 0.002826335154423329 0.011088060849069525 0.010656275137087137 0.0007200125607981645 2.716165837964252e-05 4.861860552042505e-06 4.115124616764297e-06 2.8289153167006964e-06 3.215857195562992e-06 0.0 0.0 0.0 4.9264657187195855e-06 0.0 0.0 4.312575496506452e-06 0.0 2.2541191286482933e-06 0.0 0.0 0.015548268521401717 2.882894867049864e-05 0.00017171221786294565 4.7535961669696625e-06 0.0 0.0 0.00020239438545026245 2.716375303946165e-05 2.6278598196526693e-06 2.382202084848795e-06 2.4155569807399697e-06 0.0 0.0 2.8521006380868185e-06 0.0 0.0 0.001338343705760726 4.194938759819693e-05 3.8059160858842004e-06 2.4996091866810423e-06 2.5929044121528773e-06 0.0 0.0 2.5775121611642637e-06 4.036709621546511e-05 4.674877490488616e-05 0.005005961076929078 0.008854686184589882 0.0011110425711333511 0.00046359999413374275 1.6594387502253705e-05 4.739586902724181e-05 1.8113056815449743e-06 0.0003864129121586522 4.5116822601862935e-05 4.4689314426131174e-05 2.210867663764949e-05 2.0881918718235763e-05 2.798732631351615e-06 1.1324812432391744e-05 0.00031121904988889255 2.9661726186122626e-06 0.0 0.005666510962508715 0.0015399155595259724 0.0007767838236678717 0.00015021737490534227 6.749994148669271e-06 1.8861386113326947e-05 0.0002939647290762761 6.063231580061641e-06 3.9839282343780906e-05 0.00010502222255478539 0.0 2.6663072800522916e-05 1.891272358469296e-05 1.0742999599714068e-05 0.0 1.119469590790888e-05 0.0 2.239525400370747e-06 0.0 7.941058362862285e-06 0.0 0.0 0.0013797248957067513 0.00016172018749538905 0.0 2.400485135364397e-06 0.02356629445026611 0.0 9.88739659618825e-06 8.520274588590734e-06 0.0002498436395985352 4.588202746190692e-06 0.00011477635359607079 5.5549228712560195e-05 3.478884922371797e-05 0.00019599045427689252 0.00038774676917457013 2.7420812794702006e-06 0.0006836750495662478 0.00024918830505108906 0.00034050291278846245 3.960638180001011e-05 2.2940398482852685e-06 2.8246007810757334e-06 0.0 0.0 0.0 0.0 0.0 0.0 0.0 0.0 0.0 0.0 0.0 0.0 0.0 0.0 9.782667504691615e-06 0.0 0.0 0.0 0.0 0.0 0.0 0.0 1.8243477714433164e-05 2.0283863335697815e-06 1.9368395175510694e-05 2.2454001531864596e-06 0.0 0.0 0.0 0.0 0.0 0.0 0.0 0.0 0.0 1.917314987355513e-06 0.0 0.0 0.0 0.0 0.0 0.0 0.0 0.0 8.796511453822706e-06 0.0 0.0 0.0 0.0 0.0 0.0 0.0 0.0 0.0 0.0 0.0 0.0 0.0 0.0 3.7552445122689395e-05 0.0 0.0 0.0 0.0 1.104807730285281e-05 0.0 0.0 0.0 0.0 0.0 0.0 0.0 0.0 0.0 0.0 0.0 0.0 0.0 0.0 0.0 0.00016865089387599978 1.2184538898012637e-05 1.540463675610117e-05 0.003323871167726451 8.83676351922381e-05 0.002217280256505067 0.0005142797204362482 0.0261924776999968 0.0002739730819421345 0.0 7.459032901275811e-05 0.00012407701840768838 0.0 3.5868368523968468e-06 2.5207007147946568e-06 0.0002637385281389015 0.0 0.0 0.0 2.911713196408161e-06 0.0 0.006445476734644965 0.00011623891878157645
0.07654912479699408 0.0 0.037543225761181194 0.01966005289773505 0.056986487906163966 0.002058443045570411 0.10163075378262683 0.021798852542595747 0.022402055013405434 0.007343515143172549 0.029235836598378608 0.001050584247928905 0.024155813451063518 0.015938264535163556 0.0002005329304410869 3.3090497569239286e-05 6.007151174085008e-06 3.7438411270215255e-06 1.925163733373408e-06 4.828159037503012e-06 9.910764109001395e-06 0.0 1.4517620137751424e-05 1.2541511045357913e-05 2.5516561430928363e-05 0.0 4.770749890601709e-06 0.0 1.9769643739082397e-06 2.4704908372189584e-06 0.04105450965341378 0.0006917127031807506 0.00043624848990413877 4.390572491298031e-06 0.0 6.9949376324209515e-06 0.00020489716673916723 5.508616699552364e-05 6.305741475947133e-06 8.907890207450702e-06 1.584649017786697e-05 4.920133645924748e-06 2.3385829442342456e-06 8.596898756898311e-06 0.0 1.8939206115971228e-06 0.003228888561621948 6.865349788031436e-05 5.8011474791955556e-06 2.6340275518808745e-05 1.0941529546635772e-05 0.0 0.0 0.0 8.953927381419598e-05 0.00012828889577094153 0.004697266927906451 0.016314691335576392 0.001751407441325188 0.0011792581465723266 2.981737973120213e-05 0.00012506814323688095 0.0 0.0027224837374142438 6.811972595902052e-05 9.335199066627854e-05 2.0316357425839553e-05 5.4362245174722855e-05 1.52125762296137e-05 4.863764398295735e-05 0.00018696468849084273 1.566335009893067e-05 2.915430031501427e-06 0.010802007022858662 0.0038767466453432267 0.002643187473273525 0.0007461922272084061 6.253446719697286e-05 6.34819363822745e-05 0.0009054675420176002 6.58013542398515e-05 0.0002587874914907491 0.0001962720810621059 0.0 6.81310639633254e-05 2.6901191904680815e-05 1.0261301281140612e-05 0.0 1.2850109744053623e-05 0.0 8.723739951791206e-06 2.6244161633816105e-06 1.814884779052864e-05 9.049056934442008e-06 4.227758779809179e-06 0.00011098286790482531 0.0 0.0 2.164526440250481e-06 0.025667284394842615 2.3479828087033725e-06 0.0 6.874527513274323e-06 0.0004194762950508533 0.0 2.8421705554040896e-05 2.8860810073288862e-05 2.0422351133810916e-05 4.976451182384164e-05 0.00018903205003336786 2.866752717447443e-05 0.0004033514622994658 0.00011534056535042341 0.00021971962400505181 3.344346865419968e-05 2.0748529463802793e-06 0.0 0.0 0.0 0.0 0.0 0.0 0.0 0.0 0.0 0.0 0.0 0.0 0.0 0.0 0.0 0.0 0.0 0.0 1.9289942810469884e-05 9.955331034982446e-06 0.0 0.0 0.0 7.837707535429699e-05 5.1325715794556305e-05 6.227107482734603e-05 2.8840678245557785e-05 0.0 0.0 0.0 0.0 0.0 0.0 2.2676589195982916e-06 0.0 2.479629221245259e-06 3.125213386114152e-06 0.0 0.0 5.61816792802076e-06 0.0 0.0 0.0 0.0 0.0 0.0 0.0 0.0 0.0 0.0 2.6642934040418872e-05 3.6662499143488046e-05 6.853700173561723e-06 0.0 0.0 0.0 0.0 0.0 0.0 0.0 9.114585644843871e-05 0.0 0.0 0.0 0.0 2.016090535284938e-05 0.0 2.141897875068223e-06 1.5391743408930286e-05 0.0 5.631524444360459e-06 0.0 0.0 0.0 0.0 0.0 0.0 0.0 0.0 0.0 0.0 0.00014735894002809407 3.282104424759158e-05 0.00012863004651008422 0.001973032352758817 0.00011662879565384338 0.006220871164424546 0.0022003753944473204 0.011765096415935882 0.0010609911654372983 0.0 0.00011595915377177788 4.007988562046399e-05 0.0 4.785111687676198e-05 4.1666763417823034e-06 9.669935530196911e-05 0.0 0.0 0.0 0.00012115737067714687 2.5954959498043724e-05 0.001930166752745204 8.373126588540353e-05
0.010421049573126553 0.037543225761181194 0.0 7.486441120981747e-05 0.02669515114380125 7.650214337880145e-06 0.008522061807742407 0.07723165963000203 0.01880640631406258 0.00027956981258993996 0.05061221177779745 0.0002865763697459992 0.017387650178929247 0.026555160041004767 0.00012329987903430945 3.4491112037004036e-05 5.615320889098121e-06 2.0799074694920742e-05 0.0 1.190517509929951e-05 2.4699113341662985e-06 0.0 1.8356097362822145e-05 1.669204124059151e-05 3.142833441810178e-05 0.0 0.0 2.5312554692726548e-06 0.0 0.0 0.11681117127055009 0.018654815949979107 0.0006244875683240925 1.4766454849103806e-05 5.366878506728307e-06 8.358889812479582e-06 0.00030195780969897144 7.708152381511455e-05 9.643506833127465e-06 1.8250253025824542e-05 3.128642701038634e-05 8.272953517548234e-06 2.733978873592732e-05 3.5942686811718076e-05 8.828398636374897e-06 1.0940871837750585e-05 0.0009636356402369407 3.172509998941715e-05 1.3557362132465051e-05 7.642053440105772e-05 5.107107543748121e-06 2.7173639036585042e-06 0.0 0.0 3.65340236416683e-05 5.052683216682163e-05 0.0038123907333276544 0.01541673564769755 0.0011583594447957758 0.0004175804782186133 8.172248581903932e-05 0.00027702699825529243 1.3689911269949156e-05 0.012122115743820067 3.7402936584652965e-05 2.916117560422201e-05 2.3410700846816e-05 3.308633229626976e-05 1.4854033899791533e-05 0.00010138274667799808 7.350627875686413e-05 6.643612921049086e-05 0.0 0.0046705374285665735 0.0030620468423727164 0.0010463766463233157 0.0004201398786888562 0.00013418545999837329 0.000593292182651417 0.0034808915044426594 0.0001289336671150801 0.0007956553295292732 7.888181839706732e-05 0.0 5.363365526727585e-05 1.6702986807595487e-05 2.0232254851876146e-05 0.0 9.709925681881877e-06 0.0 2.1780965603322073e-06 0.0 3.3613572405772654e-05 5.785052025624164e-06 5.19106876229401e-06 5.5171611525247674e-05 0.0 0.0 0.0 0.006813855032821196 0.0 1.1928080959400422e-05 0.0 0.0 0.0 5.97600835508008e-06 0.0 0.0 3.537306997281821e-05 3.87722910329823e-05 0.0 4.893302437949939e-05 7.490959316726266e-06 6.008409031496096e-05 2.4588800440378573e-05 1.013007124425002e-05 0.0 0.0 2.802303453339276e-06 0.0 0.0 0.0 0.0 0.0 0.0 0.0 0.0 0.0 0.0 0.0 0.0 0.0 0.0 0.0 0.0 0.0 0.0 0.0 0.0 1.8706311313071804e-05 2.2094293696837454e-06 1.7023833276229582e-05 1.1425353287433396e-05 0.0 3.5767298858851468e-06 4.392908700987707e-06 0.0 2.0328698457858003e-06 0.0 0.0 0.0 0.0 0.0 0.0 0.0 2.8202940443703583e-06 0.0 0.0 0.0 0.0 0.0 2.1795478092853922e-06 0.0 0.0 4.745103576812513e-06 0.0 7.15436292998582e-06 0.0 0.0 0.0 0.0 0.0 0.0 0.0 0.0 0.0 1.2954753264071454e-05 0.0 0.0 0.0 0.0 3.1791964243134667e-06 0.0 0.0 0.0 0.0 6.002715321933131e-06 0.0 0.0 0.0 0.0 0.0 0.0 0.0 0.0 0.0 0.0 6.865068940271637e-05 1.7946868988056152e-05 3.2912368729411065e-05 0.0005828963142623492 5.3565386124849365e-05 0.0018334660862498792 0.0006599383172690922 0.0023089375997870343 0.00031560322293339616 2.05310045983165e-05 1.6756027692981338e-05 1.340696646732557e-05 0.0 3.411549115646916e-05 0.0 6.102033263056182e-06 0.0 0.0 0.0 5.069003149155674e-05 0.0 0.0006723377800929088 2.7064807713385542e-05
0.02934205208530945 0.01966005289773505 7.486441120981747e-05 0.0 0.0010205333582550213 0.006728432850467956 0.03882661521932114 7.690793416312276e-06 0.0002702210472918583 0.060742167128910896 3.499636980846712e-05 0.03472803058067995 0.028763011103037233 0.0006527128489895902 1.66355900609795e-05 0.0 0.0 2.1148076779721214e-06 0.0 0.0 3.070836935748992e-06 0.0 0.0 0.0 0.0 0.0 0.0 0.0 0.0 0.0 0.0014330567340858228 5.468885060388048e-05 9.791609030989334e-05 0.0 0.0 0.0 0.000387095465802004 0.0 0.0 0.0 0.0 0.0 1.9317932482958376e-06 0.0 0.0 0.0 0.0006940753583568376 1.4431953555455799e-05 3.0167286815629695e-06 6.204369602696131e-06 0.0 0.0 0.0 0.0 2.048393963506434e-05 3.636610358757974e-05 0.0007805049494667305 0.0023155382620648596 0.00024643484384812123 0.0002827480172516459 1.925603722420119e-06 1.9790070409301203e-06 0.0 0.00036527943040702836 1.5166729630910384e-05 1.1460987092618947e-05 1.9337059333245983e-06 1.3495474889264106e-05 2.414162273953792e-06 0.0 0.0008147943924916791 0.0 0.0 0.002481797443073574 0.0007844852422455749 0.0004392124254243311 0.00010481465994252512 5.281004386517003e-06 4.48480846144507e-06 1.721480260388481e-05 4.405089096926324e-06 3.475554675389736e-05 1.4755266215772693e-05 0.0 2.1442320917006716e-05 2.1705649703775253e-06 2.0456782713878435e-06 0.0 2.767082449300209e-06 0.0 0.0 0.0 0.0 2.1644707646300947e-06 0.0 0.0010850187811873072 0.0 0.0 0.0 0.008028352613254438 1.0695965398866946e-05 0.00041301548700684374 0.0007075545527848267 0.0013918897007385686 2.802270741204341e-05 0.00025045104371929165 0.0006170347000138131 4.275951553488309e-05 0.0011309351087308319 0.0005336241974085683 0.0 0.00119260360155273 0.0010092937598509522 0.00047726176560200116 4.171775340399412e-05 0.0 0.0 0.0 0.0 0.0 0.0 0.0 0.0 0.0 0.0 0.0 0.0 0.0 0.0 0.0 0.0 0.0 0.0 0.0 1.1275891326277828e-05 0.0 0.0 0.0 0.0 1.21199543118178e-05 0.0 3.0910259555570423e-06 0.0 0.0 0.0 0.0 0.0 0.0 0.0 0.0 0.0 4.5270722148263616e-06 1.4813728000181612e-05 0.0 0.0 0.0 0.0 0.0 0.0 0.0 0.0 1.6999792889965386e-05 0.0 4.047771414116003e-06 0.0 0.0 7.95245951675215e-06 0.0 0.0 2.70328143788723e-06 0.0 0.0 0.0 0.0 0.0 0.0 3.215455897822901e-05 0.0 0.0 0.0 0.0 7.036934381124709e-06 0.0 0.0 6.042435219390736e-06 1.3492957138057373e-05 0.0 0.0 0.0 0.0 0.0 0.0 0.0 0.0 0.0 0.0 0.0 0.00010103593673951159 2.3834795912045092e-06 1.3845047595014375e-05 0.0014863753186343286 5.353937499493283e-06 0.0013156917620171854 0.00037888066644481427 0.012110042651482956 0.0002247675087198213 2.3196070896953145e-06 9.481626175712557e-06 5.257693502525529e-05 2.575522136849597e-06 2.2476866880910987e-05 8.893513115828355e-06 0.00023850185368420854 0.0 0.0 0.0 2.7997903814842944e-05 0.0 0.00279154279286952 0.00015756560402833665
0.005352204811362228 0.056986487906163966 0.02669515114380125 0.0010205333582550213 0.0 0.00010405189896058845 0.028892483353248764 0.001971681552373459 0.052587294478755695 0.004504249317898923 0.006444360493373609 0.00027915902703089636 0.043655821298606956 0.02199496994876886 0.0003991950086081689 8.966804264204683e-05 1.2544667658060832e-05 0.0 0.0 5.497156425519295e-06 6.9892405216625024e-06 0.0 1.81003755555643e-05 5.736804659507922e-06 0.0 0.0 0.0 0.0 1.82053906074458e-06 0.0 0.005918971058390009 0.0009726517907133677 0.00013274923089776696 4.584185002783351e-06 4.76928607672252e-06 2.197105343642729e-06 0.00017135081202981504 2.3440265467787797e-05 8.796473542408047e-06 1.8688594334136241e-06 1.0485126590470088e-05 0.0 5.105667993174316e-06 9.42492759704031e-06 0.0 8.93180104499509e-06 0.0029967513190165994 4.470948026581711e-05 1.692228267773804e-05 4.9024658868372455e-05 2.1662346202767328e-06 2.9628236325595246e-06 0.0 0.0 5.750537257081049e-05 5.9244706464536635e-05 0.001430783539883047 0.005255823659670019 0.0008126682042402994 0.0008812596290031625 5.209626638070398e-05 5.718883392206505e-05 0.0 0.0024701545276591495 1.9026989238388156e-05 6.208359854911925e-05 1.5319921100403548e-05 4.100168520353598e-05 2.1043687157863276e-05 2.6738154082572158e-05 0.0003947278905876692 4.329602704331859e-05 7.007916767707293e-06 0.0062975079285288475 0.0025601843199366987 0.0030316234343801545 0.0008559475167908044 6.6259706925914e-05 7.307243861665586e-05 4.792060091755081e-05 6.841980585452381e-05 0.0001955882938896391 8.464799725392713e-05 0.0 4.326375576397672e-05 2.876617744142615e-05 1.91551948109355e-05 0.0 1.4615013587148005e-05 0.0 5.443625508019381e-06 0.0 1.0055462013472459e-05 0.0 7.5732119219725905e-06 0.00035193060228558536 2.555456578271344e-05 0.0 0.0 0.0022749054245968336 7.730212838729116e-06 6.811794867190126e-05 6.676625076088069e-05 0.0 0.0 0.00014402256136214367 4.8638707019024406e-05 4.903456934543788e-05 0.00024449746419039775 0.0002455601623042819 4.006512183241209e-05 0.0009906980939764307 0.0004910416664387005 0.0006285528903401926 0.00037419400168892537 3.1974082013695076e-06 8.2574312845665e-06 0.0 3.35765021912448e-06 0.0 0.0 0.0 0.0 0.0 0.0 0.0 0.0 0.0 0.0 4.81516690401736e-06 0.0 0.0 4.195166661580964e-06 0.0 4.754930215492385e-05 1.935792187641505e-05 0.0 0.0 0.0 0.00022369555307175047 2.6875867621279574e-06 0.0002511805167460636 5.262499630048469e-05 0.0 0.0 0.0 0.0 0.0 0.0 0.0 0.0 0.0 8.048010363077927e-06 0.0 0.0 0.0 0.0 6.3010902869599876e-06 0.0 0.0 0.0 0.0 0.0 5.6510889006915685e-06 4.481795153889566e-06 9.909217973193231e-06 0.00013894929441366768 3.162786370991393e-05 2.831547668698031e-06 0.0 0.0 0.0 0.0 0.0 0.0 0.0 0.00029731908663487835 0.0 0.0 0.0 0.0 4.6050277345303016e-05 0.0 0.0 8.421874536975765e-06 4.525604609805708e-05 1.9910606827617812e-05 0.0 3.1851121214570124e-06 0.0 0.0 0.0 0.0 0.0 0.0 0.0 0.0 0.0005674815662070033 0.00012630209587625053 0.00024342976025332186 0.003047403024667575 0.00015755492362459864 0.006401635839009282 0.0027616447914821304 0.0030814626176094936 0.0012619662900696096 2.8787863312203308e-05 0.00020561814490109717 0.0002157094269189603 0.0 0.00011484392126900772 0.0 0.00018958766672842544 0.0 0.0 0.0 0.00028281524458839756 4.8281761951261025e-05 0.0015518978904199314 0.0004326935508494903
0.012425134114728956 0.002058443045570411 7.650214337880145e-06 0.006728432850467956 0.00010405189896058845 0.0 0.0016973385652923 0.0 4.377208652639384e-05 0.031303016893146005 1.3259387078703693e-05 0.00242340417520614 0.0020037619158969214 0.00014432448548549266 0.0 2.286316318254079e-06 0.0 0.0 0.0 0.0 0.0 3.029201580313439e-05 0.0 0.0 0.0 0.0 0.0 0.0 0.0 0.0 0.000361581926885689 0.0 5.1939847350003333e-05 0.0 0.0 0.0 0.00021564674613569137 7.019082654189608e-06 1.0261689710663387e-05 0.0 0.0 0.0 0.0 0.0 0.0 0.0 9.0296926503803e-05 8.390999697513323e-06 0.0 0.0 1.0361278230968778e-05 0.00012775912426212259 1.9603908032388208e-05 0.0 3.377694525646858e-06 4.5595629470999455e-06 0.0018892411996198131 0.0002402262537301085 0.00013137542608262985 1.7452503924253154e-05 0.0 2.2908396482873234e-05 0.0 3.5012334196862136e-05 0.0 3.392211997821776e-06 7.0458387975633925e-06 5.584605927487216e-06 0.0 0.0 0.000928836925163308 0.0020795833398949306 0.0001753704180791152 0.0002469440288088698 5.2870883453506416e-05 3.4497971403417616e-05 5.766153943644449e-06 0.0 0.0 1.2809039983597468e-05 0.0 5.300846354403425e-06 3.834289855162362e-06 3.3568932906512127e-05 0.0 3.764492406124445e-05 0.0 0.00012894752514527657 7.245120040405333e-05 0.0001453514595650244 6.990154944984101e-06 2.89272984624096e-05 0.0 0.0 0.0 0.002853923240395067 0.001018501083726764 0.0002896210638367453 5.997620591058131e-05 0.004543200107787139 0.0 2.219034735683995e-05 0.0 3.829282082240759e-06 0.0 4.901947561976014e-05 3.7192196562570886e-05 3.607982323037605e-06 3.987717696910012e-05 9.028100479282908e-05 5.757519889751454e-06 6.500960304903431e-05 6.598634428750488e-05 3.2368979440446274e-05 8.260716146169297e-06 0.0 0.0 0.0 0.0 0.0 0.0 0.0 0.0 0.0 0.0 0.0 0.0 0.0 0.0 0.0 0.0 0.0 0.0 0.0 0.0 0.0 0.0 0.0 0.0 0.0 2.7281615078269814e-06 0.0 0.0 0.0 0.0 0.0 0.0 0.0 0.0 0.0 0.0 0.0 0.0 0.0 0.0 0.0 2.824875476354527e-06 0.0 0.0 0.0 0.0 0.0 0.0 0.0 0.0 0.0 0.0 0.0 0.0 0.0 0.0 0.0 0.0 0.0 0.0 0.0 0.0 0.0 0.0 0.0 5.911023857619742e-06 0.0 0.0 0.0 0.0 0.0 0.0 0.0 0.0 0.0 0.0 0.0 0.0 0.0 0.0 0.0 0.0 3.1833772951221723e-05 0.0 8.025828719315346e-06 0.0007017586301484814 5.282294804417366e-05 0.0001202523008597727 7.088122373198635e-06 0.0042245720637099264 2.3053452054462034e-05 0.0 0.0 2.468480882332013e-05 0.0 4.160024729921045e-06 0.0 1.0867675727874893e-05 0.0 0.0 0.0 0.0 0.0 0.001625338560765768 4.120505784624803e-05
0.02421546571216802 0.10163075378262683 0.008522061807742407 0.03882661521932114 0.028892483353248764 0.0016973385652923 0.0 0.0001355673470938426 0.008775293363758844 0.02648983360078168 0.000899299943454211 0.002457670820905952 0.06403610254392977 0.017999733097714722 0.00041238915198365443 4.611699612750656e-05 0.0 7.495274502261192e-06 2.184997737620258e-06 2.73657199269181e-06 5.218935385162349e-06 0.0 2.4017046047601832e-05 2.5866063513129035e-06 2.2107969968880228e-06 0.0 0.0 3.803455526754438e-06 0.0 0.0 0.004072380190189085 0.0005781754399789644 0.0002618173503033471 7.000038775740946e-06 5.434870137599476e-06 1.1450504911420442e-05 0.00041660074609448094 5.89456640419751e-06 2.367882401940077e-06 2.107453080164737e-06 0.0 4.9692995514590366e-06 7.89740066092311e-06 6.23852280466172e-06 2.6859598208474058e-06 5.809258355566244e-06 0.004274021398229763 7.868407094174421e-05 9.791124458118983e-06 3.838588338011174e-05 1.5980489697757638e-05 3.5022943977050544e-06 0.0 4.376782268374621e-06 7.671870746072196e-05 0.00012540276736351246 0.0022837577392700328 0.008006188442212965 0.0012449920360416524 0.001365153124312438 7.543383329236432e-05 5.912710785590119e-05 1.6552041535261765e-05 0.0025732955916676955 7.41223879883365e-05 8.528701700318849e-05 2.3264560467176287e-05 3.5288168551188745e-05 1.218127656662198e-05 5.2974140065657665e-05 0.000522189628831096 6.564030860842405e-05 0.0 0.010412203810953941 0.0038419445889741437 0.003823656718726237 0.0009962878376588325 0.00010100856599794698 5.10962967101529e-05 3.571518149552673e-05 9.695906257377267e-05 0.00020087626747735388 0.00025228254069532954 0.0 6.453932668146962e-05 3.089645070189467e-05 1.872952848004624e-05 0.0 9.6648888709957e-06 0.0 9.107165384466295e-06 1.0601073561246288e-05 7.533873305028138e-06 2.2017227373116618e-06 2.921539618451378e-06 0.001141806615028044 6.485866449243691e-05 0.0 1.9986872245624376e-05 0.004202049188836005 4.0029796192868585e-05 0.00033132615201196655 0.0005582717653076762 0.0017310009080250747 3.7248248264190686e-05 0.0006249039142961648 0.0004365542625776674 0.0003019410827495501 0.0009646642494899457 0.0010538037225233366 6.386940143865912e-05 0.002931332039804832 0.0014605927256577216 0.0018264060794150657 0.0007629477383312831 1.216998503087965e-05 0.0 0.0 0.0 0.0 0.0 0.0 0.0 0.0 0.0 0.0 3.5433156315504453e-06 0.0 0.0 0.0 0.0 0.0 0.0 9.061367095737092e-06 6.105449861409005e-05 4.2962996929196055e-05 0.0 0.0 0.0 0.0003593759028275884 3.1316966712943206e-05 0.0003791764055916575 7.70575817818918e-05 1.19292131025605e-05 0.0 0.0 0.0 0.0 1.3784709520534767e-05 2.7130666989659577e-06 0.0 7.167184570423829e-06 2.0525851678835913e-05 0.0 0.0 0.0 1.3461386461658426e-05 7.625402291850127e-06 2.384041330051443e-06 0.0 0.0 3.35835719118506e-05 1.2801153759438224e-05 0.0 4.365669241236173e-06 4.888083335971188e-06 0.00019906804399382077 2.391316313888041e-05 5.340777689236503e-06 5.159126987304704e-06 1.5940003773087246e-06 0.0 0.0 0.0 0.0 0.0 0.0006605831328071087 0.0 0.0 2.4693021518918762e-06 0.0 7.796835845867391e-05 0.0 8.812721724821352e-06 1.8642261386142e-05 2.6526310080095172e-05 2.203219306653114e-05 2.031971670213341e-06 0.0 0.0 0.0 0.0 0.0 0.0 0.0 0.0 0.0 0.0013890281564754086 0.0001520875902675808 0.0004391207219366834 0.0051405398081711485 0.0001517259015069785 0.008642334120954796 0.0037889500913453594 0.009803407151510964 0.0018212135674193746 3.320429680421584e-05 0.0002632353128178236 0.00047851297465077735 0.0 0.00017513455947013598 6.786093960963824e-05 0.00048567375782467676 2.5698743759212025e-05 3.6890449431369168e-06 0.0 0.000339782461811833 4.056318466728271e-05 0.0030858541319286493 0.0009267142748051443
0.0021182568019357207 0.021798852542595747 0.07723165963000203 7.690793416312276e-06 0.001971681552373459 0.0 0.0001355673470938426 0.0 0.006487280599819582 5.962492394162153e-06 0.02866685685462795 9.300820356736037e-05 0.006407446095518237 0.023633609554109036 0.0005648330108710427 0.00022963244551236765 2.3295576878692906e-05 0.00015512987449217445 2.858981234892625e-05 5.9734971679639976e-05 0.00014952190885079368 0.0 0.0003726355369803973 0.00019749689965018225 0.000163492858304164 0.0 5.38398190566535e-05 1.4833621527591971e-05 5.903419694385568e-06 0.0 0.06286504951132306 0.05836582095815427 0.0028590508001721596 0.00011911005549919234 0.00012235557241921876 9.52013379611133e-05 0.0011549995909485946 0.00042673159441441316 3.923439066663313e-05 6.117744641501569e-05 0.0002319016152559993 8.586755850365512e-05 0.00020417479928636753 0.0006137221030699609 1.6266527638544168e-05 0.00012511017551399616 0.0021681886315637494 0.00014247986379433612 8.35498281373038e-05 0.0006859042868918633 1.2307552339844805e-05 4.520782299524624e-05 2.1394178186394936e-06 1.472862878928596e-05 1.532458257963181e-05 2.8287246764441202e-05 0.0018547971079189104 0.008431036602529711 0.0007081831532858377 0.0004885593969582199 0.002103828049403482 0.0023092015354813926 0.0001408647380935956 0.010305324932975079 2.8274047742949833e-05 6.340704400738858e-05 3.902349076669952e-06 6.751341022081981e-05 0.00018368298252588347 0.001088845132825513 0.0008296778785780185 5.726044685126454e-05 5.886058216201186e-06 0.004527192500162793 0.003245157868600461 0.0029394017685341845 0.002770449438942176 0.0074527576819548545 0.008432396045201155 0.010799539593205698 0.0030027947305090747 0.01024963421463859 8.651820720024927e-05 0.0 3.8216014462673e-05 1.5245145384356464e-05 0.0002060849744711593 0.0 9.536446297947566e-06 0.0 8.009331621385211e-06 1.8373790511725637e-05 0.0003883583175545406 0.00011011148140451157 9.120566462965972e-05 0.00013319223855963168 3.2951253059289584e-05 0.0 2.6783191326731646e-05 0.0019784770826805046 0.0 0.0 0.0 0.0 0.0 9.370522117363355e-06 0.0 2.4380843766042497e-06 1.9934767880498955e-05 2.8383970698254887e-06 6.612982296088046e-06 5.38409854284051e-05 1.6719210293430104e-05 5.8669929123873234e-05 5.0545686488196975e-05 0.0 4.3484535595207395e-06 0.0 0.0 0.0 0.0 0.0 6.798280942656761e-06 0.0 0.0 2.119759428654689e-05 0.0 0.0 0.0 0.0 7.704777095768777e-06 0.0 0.0 0.0 0.0 3.0772385489101513e-06 0.0 4.169494784666456e-06 2.748760404186671e-06 5.761292465456105e-05 1.5084211645761438e-05 6.820350498613938e-05 3.306292058957895e-05 1.1758838771805167e-05 9.919123250978941e-06 1.483600734707569e-05 1.7605878993311598e-06 0.0 0.0 0.0 0.0 0.0 5.234635260201345e-06 0.0 0.0 1.2147906506164942e-05 9.097724142396027e-06 3.955671286416246e-05 0.0 0.0 0.0 2.112090621042603e-06 2.5028793169912858e-06 0.0 0.0 0.0 1.7602590232249006e-05 0.0 1.984593450357762e-06 2.8250037252544054e-06 0.0 0.0 0.0 0.0 0.0 0.0 6.467063698224096e-05 2.2763926263526788e-06 2.5401319395828183e-06 3.2447443937139798e-06 0.0 4.912909246747137e-06 0.0 0.0 2.539394508408518e-06 4.1860544905899435e-06 8.347913699707222e-06 2.554989098033088e-06 8.956803081371716e-06 0.0 0.0 0.0 0.0 1.9103841308457e-06 0.0 0.0 0.0 5.029142806154502e-05 7.64465087027429e-05 0.0001100270061071829 0.0010545682987038072 0.00015239185450007927 0.0034154017413036216 0.0013108348914738588 0.0010393352771732225 0.00036329006336797325 7.044856566968717e-06 5.389353606504021e-05 7.228281609761265e-05 0.0 3.912293089089611e-05 1.0248346192522997e-05 7.048003214385496e-06 0.0 0.0 0.0 0.00014539417403096683 0.0 0.0005711822741094278 5.424291726398731e-05
0.0008738952086731952 0.022402055013405434 0.01880640631406258 0.0002702210472918583 0.052587294478755695 4.377208652639384e-05 0.008775293363758844 0.006487280599819582 0.0 0.002232281654998237 0.01875061822870637 0.00017422558066095537 0.022504370521047985 0.02043414566845431 0.00038921422623238713 6.476901092913897e-05 1.5086879309533571e-05 6.719274637688604e-06 0.0 0.0 1.1224598482062788e-05 0.0 2.2038483978361492e-05 5.16419736821966e-06 1.9268271995940266e-05 0.0 0.0 6.856867726415733e-06 0.0 0.0 0.0036932168029439483 0.000973846248757401 0.000644128900555303 1.1867398432639048e-05 7.535191972348341e-06 1.2340151607082642e-05 0.0003795742575091124 4.860112272571378e-05 6.1175838754397445e-06 5.001117410281567e-06 2.6132617369783534e-05 6.0023518056257065e-06 1.9267019186163245e-05 1.824550759989239e-05 3.3863014999579537e-06 2.663973864975467e-05 0.0018179936122165237 1.841438258835708e-05 2.0151802713871187e-05 8.667504932233756e-05 2.6429973059347676e-06 3.1051476325629086e-06 2.702943268068463e-06 0.0 3.97926124174695e-05 1.8175524861523277e-05 0.0005070770677876802 0.0021387939664890094 0.0003699354232036825 0.000506274921936873 0.00016535751953583648 0.00016277102258603447 2.6835260163445616e-05 0.0017466685078852703 2.563255129576229e-05 2.627328529087624e-05 8.198061034343998e-06 1.3329100321073735e-05 3.4042286814400575e-05 9.188038187528322e-05 0.00045962781158135913 6.031064048013951e-05 0.0 0.003092168554901917 0.0013711088621923277 0.0021223421085749448 0.0006350508704179578 0.00014907536936153924 0.00011442134590991487 0.0002726307684060622 0.00012044997314217646 0.0003640689960595839 6.960475094975405e-05 0.0 1.803055399486666e-05 9.558595229575212e-06 5.158128335651563e-05 0.0 6.514149837709301e-06 2.146055565754821e-06 2.3714335099921146e-06 4.71421833879062e-06 2.9436942259593885e-05 4.929337237584264e-06 6.270054703099385e-06 0.00027981678184305444 9.105328088993546e-06 0.0 7.672634498600101e-06 0.0004726911509359362 6.587573416072952e-06 6.378563194355307e-05 2.0647208066892455e-05 4.915954508209285e-06 2.3174388600680797e-05 0.00017934215500989907 6.320205872141524e-05 0.0001048256432043071 0.0001276540158398427 0.00017796906942845722 3.330563076605217e-05 0.000892567860932512 0.0003984459057007959 0.0005555576960142699 0.0003119214851446389 3.50096641500868e-06 6.018942382272557e-06 2.5644015274282163e-06 2.2127482432414093e-06 0.0 0.0 0.0 0.0 0.0 0.0 0.0 0.0 0.0 0.0 0.0 0.0 0.0 0.0 0.0 1.5084288335137379e-05 4.481629643484995e-06 0.0 1.0036836893678296e-05 0.0 0.00014400411930032316 3.91267829072622e-05 0.00012394667051525776 7.873662287819927e-05 2.665445412783244e-06 0.0 0.0 0.0 5.341210529273594e-06 2.9628091179036255e-06 0.0 0.0 0.0 4.5821962782886165e-06 0.0 0.0 0.0 2.4248960136363165e-05 3.235935514040236e-06 8.334857008498318e-06 0.0 1.9158763033283297e-06 1.5252854833005067e-05 1.0696689831841933e-05 0.0 0.0 7.43874078408355e-06 0.00011500365289080306 5.239624402370601e-06 9.817891758280508e-06 5.5444544898124516e-06 2.5482841935546486e-06 0.0 0.0 0.0 0.0 0.0 0.00023325272781477753 0.0 0.0 0.0 0.0 4.258758943576658e-05 0.0 7.097334846961013e-06 1.1771177962412047e-05 2.983273580386932e-05 5.92762775742089e-06 0.0 2.6533932657445037e-06 0.0 7.653341487997957e-06 0.0 0.0 0.0 4.149863170972235e-06 0.0 0.0 0.0004757320268056345 0.00010763238619262138 0.00023160009277700905 0.002216804461535348 6.453314798742666e-05 0.0038459965606480497 0.002301272658597652 0.0012765791509383147 0.0007325659437488639 5.129077750135226e-06 0.0001484465650054355 0.00014249562887700835 5.430712663549532e-06 0.0001224564315135069 3.676836601069779e-06 0.00018354261713787975 1.0689705249441634e-05 0.0 0.0 0.00017906648399961046 8.822749618953907e-06 0.0008465233694106777 0.00028423360116494985
0.059453285102276536 0.007343515143172549 0.00027956981258993996 0.060742167128910896 0.004504249317898923 0.031303016893146005 0.02648983360078168 5.962492394162153e-06 0.002232281654998237 0.0 0.00011541525170385023 0.06873725219070732 0.21709917437867135 0.00835711180634326 6.896795313434676e-05 1.5395502704807974e-05 0.0 0.0 0.0 1.835712941984752e-06 0.0 0.0 0.0 0.0 0.0 0.0 0.0 0.0 5.7953294851835075e-06 7.254280304733807e-06 0.001031567568428938 5.809065743916104e-05 0.0018114558675058315 0.0 0.0 0.0 0.004327969855802994 1.3243459735176736e-05 0.0 0.0 0.0 0.0 0.0 4.057678208358301e-06 0.0 3.0139626647493768e-06 0.0007032626689051683 1.3881662222656343e-05 2.154893474740359e-06 4.409670095637185e-06 0.0 0.0 4.39703779563582e-06 0.0 1.370063998366128e-05 2.071073849912309e-05 0.001108405247541416 0.0014445821595348942 0.00019835787383461878 0.0002542253906452335 1.900219409001724e-05 1.7124761477610734e-05 0.0 0.00026792653495902807 7.891654373643931e-06 8.115653208934223e-06 4.614262402718005e-06 1.127084369221167e-05 0.0 2.766097835702325e-06 0.004785182194675272 8.901509174771788e-05 2.2430188830725016e-05 0.001772097982247355 0.0005107134859463976 0.00045265952350707743 9.387202684876774e-05 0.0 1.3465446232576872e-05 6.192883765537751e-05 2.9153108813410665e-06 0.0002915444972931537 2.6331251735573046e-05 9.17236478548859e-06 3.692888077400166e-06 1.4754968123735138e-05 4.749423311717202e-06 2.4996211016970784e-06 1.688076642913552e-05 3.985003542911674e-06 0.0 0.0 0.0 0.0 0.0 0.004591253400605731 0.0002666702280164817 2.794132828579085e-05 8.698066125146801e-06 0.014437250767080403 6.362726881550865e-06 0.00038065647133608 0.0004474821338331028 0.00033163595716019506 0.00011638513682545704 0.0010217744586041924 0.0008598242376428457 0.0005405294606805723 0.0015021602744701061 0.004314148482478296 7.03017182963232e-05 0.006626543579343971 0.003070612035055305 0.003393584003036216 0.000823046997544841 4.862310506375356e-06 0.0 0.0 5.3114589508683615e-06 0.0 0.0 0.0 0.0 0.0 0.0 0.0 0.0 0.0 0.0 0.0 2.8156656022320107e-06 0.0 0.0 0.0 2.013159722967734e-05 1.9271971933374426e-05 0.0 0.0 0.0 0.000277105310023144 2.7730741209187333e-05 0.00024172194331010418 2.2248776862387246e-05 2.5252760809524803e-06 0.0 0.0 0.0 0.0 1.1665430028726008e-05 0.0 0.0 7.419415061346474e-06 1.6488988136945883e-05 0.0 4.493340154518484e-06 0.0 5.0205198223945875e-06 0.0 0.0 1.6126364372539747e-05 0.0 3.165784427326371e-05 0.0 0.0 0.0 9.804042610186887e-06 0.0001228233355849465 9.890928033631996e-05 2.693283656249751e-06 0.0 0.0 0.0 0.0 0.0 0.0 0.0 0.0005640837192731429 0.0 0.0 0.0 0.0 0.00010079132102701921 0.0 1.4459540500402276e-05 2.9257002987238178e-05 2.9297970278556425e-05 2.1960460337261325e-05 0.0 0.0 0.0 0.0 0.0 0.0 0.0 0.0 0.0 0.0 0.003135909040856053 7.743415283079636e-05 0.00014686863690157608 0.010549716859261028 0.00017933094211326257 0.0011904360705787083 0.000502030390713945 0.027517047241459456 0.00031897504422268366 5.355590003899147e-06 0.00011217358160091021 0.0010449204075780518 2.6970721980758884e-06 0.000131603697426034 2.8903337365161205e-05 0.0025493011141769226 0.0 0.0 0.0 3.401492148875237e-05 1.662658339203956e-05 0.013144025451937649 0.0023999573051366454
0.002826335154423329 0.029235836598378608 0.05061221177779745 3.499636980846712e-05 0.006444360493373609 1.3259387078703693e-05 0.000899299943454211 0.02866685685462795 0.01875061822870637 0.00011541525170385023 0.0 0.0005892228340098066 0.02613551012099015 0.05133694166848667 0.0010300451435026874 0.0003957366202863283 1.5454938487618674e-05 4.025293974664415e-05 2.62495775501961e-06 2.112371533793401e-05 0.00010624634877211174 1.683446359363635e-05 0.0003522131144648086 0.0001711555091025092 0.00029485966073146034 3.0429855857648454e-05 9.04614868483244e-05 1.3899850386316966e-05 8.301521176632798e-06 1.072214832165107e-05 0.03368824199423032 0.009720277577470992 0.0293583043222944 9.881968916437873e-05 0.00017881157587962957 0.0001963492379399486 0.006476345167078332 0.002033072181822117 0.00010250704542478837 0.00023611279894868246 0.0003388355674718958 9.000705149457958e-05 6.78762779180997e-05 0.00025202528293418635 2.140758582898526e-05 6.501926980986264e-05 0.0027158319756404184 0.0001304441237326775 6.182088436054153e-05 0.00034529183697797874 5.59168691319908e-06 3.663177789941413e-05 7.099385529539137e-06 3.621233900581526e-05 6.492665504012478e-05 5.682234167690702e-05 0.0019464664137686593 0.007638959624086735 0.0007108937966871788 0.0007565374478972181 0.0008978355729271393 0.005401469967247004 9.194025548077409e-05 0.005975332113687269 2.421039426236781e-05 6.14519965472503e-05 1.5023111876802147e-05 3.935137998467585e-05 0.00012052196085278944 0.0007282359449244081 0.0027771579707847696 6.832541769712651e-05 0.0 0.00538635431913125 0.0031386019274173152 0.004041769104987799 0.0017749766186010189 0.000956486915167588 0.0009369249618563924 0.012382258757400393 0.0008027874137622749 0.006336733776020663 8.87805892842002e-05 3.2198547917613986e-06 4.121017047131074e-05 1.415095837441069e-05 0.00011415763313467496 0.0 8.363574796784936e-06 0.0 1.199739948978469e-05 7.575711692336943e-06 0.0003937583098405629 9.976971780344322e-05 9.863944053487938e-05 0.0007182431902321949 4.5121607672303e-05 5.927222646875664e-06 5.3240746348382726e-05 0.0021466471127223265 2.2409972298061753e-06 5.9517895901939894e-05 0.0 1.2484485345336316e-05 5.156798576534615e-06 3.91158113438596e-05 0.0 9.699352296651534e-06 3.3756594625715766e-05 4.222525141510864e-05 2.5115694581143123e-05 0.00042268306217236397 0.00017325319750207744 0.0002858959842022924 0.00025250790650791416 1.6703431995921924e-05 5.946626358808617e-06 0.0 2.273306637199355e-06 0.0 0.0 0.0 8.37355524749e-06 0.0 0.0 6.345441312850465e-05 0.0 0.0 0.0 0.0 8.954906427455444e-06 0.0 0.0 0.0 1.806380447189003e-05 5.03828792758078e-06 0.0 0.0 3.103684035320378e-06 0.000225286439730414 1.2172093122171396e-05 0.00021161416398401807 7.872435961874005e-05 2.5694675972737334e-05 9.28172600194671e-06 0.0 0.0 0.0 1.2726924725990537e-05 9.938060977466558e-06 0.0 0.0 1.150794319595187e-05 0.0 0.0 7.832792461332855e-06 1.7981322448425846e-05 5.9480066375935564e-05 2.7803945551255925e-06 8.487883942451853e-06 1.0650726249344813e-05 1.6751886683317192e-05 0.0 0.0 2.356092168617473e-06 0.0 7.650515506158204e-05 1.2730271978950034e-05 0.0 2.321165790429478e-06 2.94566730928762e-06 0.0 0.0 0.0 0.0 4.0615278417212025e-06 0.00023486966503122886 0.0 3.053066880832903e-06 0.0 0.0 2.3091861516792333e-05 8.025831318955206e-06 2.2003447115479346e-06 7.681175723686341e-06 2.9862112925816033e-05 1.8013007833933723e-05 2.053840274009158e-06 3.0802430826811186e-06 2.0495337539404374e-06 0.0 0.0 0.0 0.0 2.2365778420400958e-06 0.0 0.0 0.0002475243472818999 0.000173068611806741 0.0002829041676528941 0.0026442194601086215 0.0002453202417580177 0.00480148903059643 0.0023675308999765938 0.0012542606223805513 0.0006449140203897861 8.145533469512645e-06 0.00015445448697273972 0.00015282812671169716 4.5295271414030866e-06 6.905178913690594e-05 1.4402573942187545e-05 5.4928223709316994e-05 8.041539209550448e-06 0.0 0.0 0.00021128289100980581 2.845312935078762e-05 0.0009783151525138496 0.00027075811187367456
0.011088060849069525 0.001050584247928905 0.0002865763697459992 0.03472803058067995 0.00027915902703089636 0.00242340417520614 0.002457670820905952 9.300820356736037e-05 0.00017422558066095537 0.06873725219070732 0.0005892228340098066 0.0 0.043124154011733765 0.0036238106625299514 0.00015456842788808876 3.3344185374941456e-05 0.0 4.7644020033310385e-06 0.0 0.0 0.0 0.0 1.7258999081185468e-05 5.73936465486242e-06 1.288568191611077e-05 0.0 0.0 0.0 0.0 0.0 0.000382983819286739 5.835272713368957e-05 0.001812769016440516 2.6968538283274466e-06 0.0 3.2718657864884277e-06 0.005385625830176486 2.717637385772029e-05 2.8852802749239363e-06 4.906343856274649e-06 2.6759455748241317e-06 4.976656098996318e-06 7.734607746553159e-06 9.271252919487723e-06 0.0 3.1441480796885943e-06 0.0007986607900718525 5.369858560557239e-06 2.4322477518398517e-06 2.2830989389693766e-05 2.4492955401475035e-06 0.0 2.3511483035091547e-06 0.0 7.128105700828964e-06 4.3159329313887404e-06 0.00024134078974603218 0.0007454302661573188 0.00012061184773376502 0.00013120540183670932 4.671173306976016e-05 7.65560731243836e-05 2.887329657682128e-06 0.00017838450574321463 0.0 8.978030657304799e-06 0.0 7.057529811297915e-06 2.087452750883365e-06 3.227273210727404e-05 0.00319005058364715 9.29252455931647e-05 2.786647338904629e-06 0.0010546996691212505 0.00035376727687768257 0.0005348178948413052 0.0002019098814703675 2.872784434351681e-05 1.4809275250370632e-05 6.087077794891781e-05 1.1119323249558392e-05 0.00030283381424286423 2.601710345568108e-05 0.0 2.448257417295785e-06 3.9217975240722005e-06 1.1243424424036317e-05 0.0 0.0 0.0 0.0 0.0 1.107949893323298e-05 5.080454519422214e-06 9.84284093531327e-06 0.010933701646046751 8.441594235133993e-05 8.127290496778253e-06 2.1272291038533153e-05 0.001131041802283518 8.303689059641385e-06 0.00011774955174141119 0.00010771781382468634 6.52162341236772e-05 3.5069733811750614e-05 0.00038623734136444826 0.0001417094927999756 0.00021335470064445388 0.0005504935839142059 0.0008084568680354108 9.494195109492276e-05 0.002757003059551533 0.0009936823260765306 0.001596641058335542 0.0007894872768954545 2.3049843321059713e-06 2.55479672468327e-06 0.0 2.3556250999888623e-06 0.0 0.0 0.0 0.0 0.0 0.0 0.0 0.0 0.0 6.1938759397549e-06 0.0 4.099190990774339e-06 2.6290181758480233e-06 0.0 2.658569148710542e-06 2.9809826585900257e-05 3.995838787698992e-05 0.0 3.866509358343633e-06 0.0 0.00034787898448765625 0.0 0.0002837985923783051 5.459267042807136e-05 0.0 0.0 0.0 0.0 0.0 2.8822636095002767e-06 5.318002244402022e-06 0.0 0.0 2.691168307630051e-05 2.5211123244395365e-06 0.0 3.1329832763895524e-06 3.2230495541792985e-05 0.0 2.3527048378767664e-06 2.7805752300960292e-06 0.0 2.4916369361060177e-05 0.0 2.187669300852184e-06 2.29033622802797e-06 0.0 0.000128371718130591 2.4647110145855544e-05 0.0 2.671177185406525e-06 2.0476249683714706e-06 0.0 0.0 0.0 0.0 0.0 0.00047253503562982613 0.0 0.0 0.0 0.0 3.523924376225169e-05 0.0 1.2966653115541586e-05 1.8712527051982803e-05 1.5198472100176906e-05 2.0956095975522855e-05 0.0 0.0 0.0 0.0 0.0 0.0 0.0 0.0 0.0 0.0 0.0016135063792210714 0.00010396989440431231 0.0002242446886479944 0.0027023960388947847 1.898734733012642e-05 0.0012668399627352768 0.0007588413831663213 0.004868235223835951 0.00021600587446766586 3.402322213883302e-06 4.331582286759747e-05 0.00029964053535277936 0.0 0.00015302531242817333 2.1080295936315555e-05 0.0007376793422044426 5.770935331261367e-06 0.0 0.0 6.691529981257145e-05 1.4355891559268468e-05 0.004377101399947491 0.0013272972415344078
