0.0 0.058477895253636676 0.00572979174909008 0.04095107897552678 0.0033211449415894035 0.003354650527351135 0.019828634735039243 0.002168025117778616 0.006345304667823537 0.04489407850663601 0.004732637669738612 0.009754284319075372 0.02552283238194876 0.009996442223008344 9.076176585103516e-05 5.7076839462918355e-05 9.762761210885948e-06 7.782075113583084e-06 3.3013347255775894e-06 3.746222446945209e-06 1.8444387506402e-05 0.0 7.232885446401932e-06 1.7121212326148843e-06 4.825573352127608e-06 0.0 3.0180676202422385e-06 0.0 7.2022942293766304e-06 0.0 0.012469021881168246 0.0017328402333997215 6.439934472619902e-05 3.5613354732341084e-06 2.4276457301938348e-05 0.0 0.0003747626170691838 7.939345812155753e-06 0.0 0.0 0.0 0.0 9.470203507160548e-06 8.23108197412571e-06 3.000864871560782e-06 5.814728435195549e-06 0.0010842970604052612 5.4741435422417994e-05 1.3452837109796435e-05 2.4418642769193227e-05 7.988172275567132e-06 1.482015894603969e-06 0.0 0.0 4.768393250161632e-05 0.0002291938297647574 0.0033643066193663543 0.01387373281366839 0.00017785672650149603 0.0006581371371804502 8.356578915911324e-06 1.2810764319510365e-05 4.164434803008077e-06 0.0005941705361737487 0.00017191823203399363 8.253838687985892e-05 3.0463531813437126e-05 2.312591918148598e-05 3.143193783073557e-05 3.4605941108025736e-05 0.00015531634145621046 0.0 0.0 0.003396093383367346 0.0010298325252119183 0.0008352371241794409 0.00016325352547629716 2.242278940214789e-05 1.0930556048859999e-05 0.00010159412928467017 1.6433510400685238e-06 1.2552719038008265e-05 0.0002519110364082566 1.5858344214039206e-05 9.17431175896236e-05 0.00014670181318732537 2.7064532585950402e-05 1.8121056712106636e-06 3.872248153145275e-05 3.0832412887634094e-06 1.0016997420839302e-05 5.403909086800183e-06 3.997399882448623e-05 6.720853398057856e-06 3.5637053274807423e-06 0.0005782892246733248 0.00010611658628396998 0.0 2.032859786316641e-06 0.021078046888817027 1.9758466983781934e-06 1.0212038639072583e-05 5.847231798614517e-05 0.00037711342711558313 0.0 3.1573673171819046e-05 2.6927349147583754e-05 3.020811132745906e-05 6.149912089000863e-05 0.00021357745795665757 1.6707945570428134e-05 0.00024033890905972793 3.246972346887799e-05 0.0001554091568650601 0.00014957511004477095 0.0 0.0 0.0 0.0 0.0 0.0 0.0 0.0 0.0 0.0 0.0 0.0 1.9744758030234095e-05 0.0 4.2538080705470356e-06 0.0 0.0 0.0 0.0 0.0 6.722647681134508e-06 0.0 2.311240092748615e-05 0.0 0.00010598985341233672 1.3960349376288361e-05 6.29720452777082e-05 6.629561125886556e-05 1.5157181765319075e-05 0.0 0.0 0.0 0.0 2.060152624604048e-05 0.0 0.0 1.583281405884265e-06 0.0 0.0 0.0 0.0 2.749105816904756e-05 0.0 0.0 0.0 0.0 0.0 0.0 0.0 0.0 0.0 5.2365798407319375e-05 0.0 0.0 0.0 0.0 0.0 0.0 2.4259371606317843e-05 0.0 2.2567642058680637e-06 0.00019490435050539506 0.0 0.0 1.4299657696372425e-06 0.0 8.306892712959463e-06 0.0 2.7516642582461507e-05 4.609770624906976e-06 9.257884880938691e-06 0.0 0.0 2.1253529736993112e-06 0.0 0.0 1.375690913069304e-06 1.5558454127161191e-06 0.0 0.0 0.0 0.0 0.00014131531968610738 6.648853872163824e-05 0.00011805237246178933 0.004323869914972794 7.210580312833371e-05 0.00224555837241724 9.142545750248749e-05 0.007237913918864366 0.00034292136407252727 0.0 0.00010372118437482088 0.0004914182582940234 1.8045109676630819e-06 0.0 0.0 0.00037444943921721333 0.0 0.0 2.6720834559047332e-05 1.4050387777228125e-05 1.086248007211896e-05 0.001998766306547975 7.655838494840413e-05
0.058477895253636676 0.0 0.040737056142103545 0.039022993023659656 0.060022263320803265 0.0015529562591478489 0.07638570896448163 0.0020597683967739245 0.11158781763894507 0.028457184595491042 0.00662793287700637 0.009262430680980618 0.06682322867695749 0.05014667350969469 0.0003851524423792966 0.00016888138600643717 2.9174477528110654e-05 1.4782190781779231e-05 5.8259151774223525e-06 5.870741652704095e-06 7.912737727040553e-06 0.0 0.0 1.918590388937299e-06 0.0 1.6614068726157949e-06 3.907932335831145e-06 0.0 0.0 0.0 0.047044435007661325 0.0005365902581512995 0.0003214153385845057 0.0 4.53136504108518e-06 0.0 0.0015464347239624397 1.4140715989392993e-05 3.821300772188606e-06 2.137395548874941e-06 1.4817729624786807e-06 3.0198959051351195e-06 5.622164285446449e-06 4.20345809426702e-05 8.13210890870192e-06 7.672394225131242e-06 0.004227250206403781 0.00010317361116845196 1.9626229145757455e-05 1.5521339625520862e-05 1.4448124528937097e-05 0.0 0.0 0.0 8.070635057382974e-05 0.00033049326219739575 0.002649340060483623 0.011174825173888405 0.00029231638024774083 0.0013894030788483042 7.141712759341741e-06 3.168146240178011e-05 1.2095530110628834e-05 0.0006369395138084496 0.0002439564034518703 0.00012493696840624481 4.016004851562367e-05 2.888559534837494e-05 1.9504782182005755e-05 9.225613106060369e-06 0.0006299801505468526 0.0 0.0 0.005369669542174066 0.0022607597817194645 0.002401038811268589 0.000764069607970216 0.00011403131724088426 3.1245610337525145e-05 9.447705315620116e-05 1.385017907871574e-05 1.5451138318232852e-05 0.00038421719449911556 2.1702065057454554e-05 0.0001495724599287455 0.00017971268814934022 3.365558441228849e-05 7.6086989845172765e-06 6.766989160297154e-05 0.0 2.0967484032173535e-05 1.6936586804701232e-06 1.7426191833817222e-05 1.0945348575181092e-05 3.613531154911997e-06 0.0016538502771463303 3.152131688581771e-05 0.0 0.0 0.009083973809111391 6.149247852669253e-06 2.3999238613299504e-06 6.252171741043304e-05 0.00023875655206917915 3.876387042311408e-06 7.695949598247989e-05 4.991554838544963e-05 2.224816953005112e-05 9.295074316794439e-05 0.00023616092966939842 4.357694991638605e-05 0.00035506876887321997 5.215314641860993e-05 0.00013051574355276007 0.00027612194804733556 0.0 0.0 0.0 0.0 0.0 0.0 0.0 0.0 0.0 0.0 0.0 0.0 0.0 0.0 3.0809473960211097e-06 0.0 0.0 0.0 0.0 7.196866671375547e-06 2.356888992386136e-06 0.0 0.0 0.0 0.00012911205091417608 1.5989552014064923e-05 0.00012217461896873332 5.969888228672644e-05 3.902731938900163e-06 0.0 0.0 0.0 0.0 0.0 0.0 0.0 0.0 6.720603665569322e-06 0.0 0.0 0.0 2.3467301178294056e-06 0.0 0.0 0.0 0.0 0.0 0.0 0.0 0.0 0.0 2.999429011033719e-05 0.0 0.0 0.0 0.0 0.0 0.0 0.0 0.0 0.0 0.0004031674880840865 2.0446443817546956e-06 0.0 0.0 0.0 2.9676265335635985e-05 0.0 0.0 2.7883364468983863e-06 0.0 0.0 0.0 0.0 0.0 0.0 0.0 0.0 0.0 0.0 0.0 0.0 0.0004043744028074153 0.0001440669228857729 8.246468765381277e-05 0.0037168126515283156 8.070234783661708e-05 0.006011247574419597 0.000367623437734528 0.005147833319845461 0.0009191650731941591 7.524622910569107e-06 0.0005086010687445123 0.00030738576729792526 0.0 7.696850212312228e-06 3.312588502023358e-05 0.0002911834203428341 0.0 0.0 0.0 2.810722114130399e-05 0.0 0.0017159941429353146 0.0001722244771326685
0.00572979174909008 0.040737056142103545 0.0 0.0005422229146737901 0.027365823208072806 9.919198850492232e-05 0.0051380177012920235 0.04431333594081399 0.10645399765025063 0.0004186239193999413 0.0517537503282069 0.0002383022407806167 0.008109637319893124 0.07747928844475499 0.0007964046965453697 0.0005338427208454114 2.107565625280502e-05 5.697093436764192e-06 1.0609866255209596e-05 5.385806505372816e-05 0.00010738460516482777 0.0 8.509070709854488e-05 3.381023234097724e-05 6.66766976828903e-05 9.69393487917067e-06 7.195419901329576e-05 0.0 7.15856818308767e-06 2.8507837485125818e-06 0.08768253814982567 0.011899045868915664 0.002643604178643039 3.1510780663445165e-05 0.00037388819207193286 6.822541906400854e-05 0.0010014291498428637 0.0002286562242993313 4.8778881414442924e-05 1.6579616060318056e-05 6.874300816663252e-05 1.6357289180350923e-05 3.060958524049269e-05 4.838055621428038e-05 1.076286140625262e-05 3.270984386099745e-05 0.0027834725656532126 4.906884875852624e-05 7.0990204406103285e-06 3.246788925175335e-05 8.041682887057184e-06 0.0 5.782559244520222e-06 2.2820342109983504e-06 3.322157278676707e-05 0.00013161175795228748 0.001465451176403258 0.008161355891992324 0.00013264270430595683 0.0005683693647985875 8.686244943074698e-05 0.0007957860729991271 0.00010364955426780849 0.006692280165385991 0.00011431191455254728 3.386484468365728e-05 2.2123684684880388e-05 2.563900976852949e-05 5.987815519885724e-05 0.0002169430636387076 0.00026688217441467007 1.0030472991708114e-05 0.0 0.0023764525127780165 0.0014343013234274732 0.0017044460259331414 0.0007635818154549376 0.00015133247727720436 0.00012828657797002373 0.007058659221723548 8.94630786341391e-06 0.0009711062625633078 0.00013612772161750825 5.144898732471598e-06 6.134345594529328e-05 8.212582280422543e-05 3.3550833063746454e-05 4.371959607207862e-06 2.6281301762013782e-05 0.0 9.5665076470435e-06 9.744545786835286e-06 0.0002825180459026539 0.00013747365602196843 2.2169065823832358e-05 0.00013748754120620634 1.1468580098346982e-05 0.0 1.888878111627e-05 0.0031562677336044952 0.0 1.3628813437327732e-06 2.094494372178755e-06 0.0 3.0110165116885293e-06 3.147229827597251e-05 1.991358616317471e-06 4.800947500554074e-06 6.19935466532225e-06 1.3458357847242834e-05 2.419853266295542e-06 4.1815379046647075e-05 1.6028182707331757e-05 3.498676781604996e-05 0.0001146260566092127 0.0 0.0 0.0 0.0 0.0 0.0 0.0 0.0 0.0 0.0 8.098160916627961e-06 0.0 0.0 0.0 0.0 2.236831907130879e-06 0.0 0.0 0.0 5.453627989371052e-06 0.0 0.0 4.5642258431713955e-06 0.0 9.453583969206077e-05 1.0148056770382264e-05 5.319126411704273e-05 9.650709571118278e-05 1.3127365213898914e-05 0.0 0.0 0.0 0.0 0.0 0.0 0.0 0.0 0.0 0.0 0.0 0.0 1.0445782026731057e-05 1.3935497087087622e-05 0.0 0.0 0.0 0.0 0.0 0.0 0.0 0.0 4.3928507282248946e-05 0.0 0.0 0.0 0.0 0.0 0.0 1.4870283410699411e-06 0.0 0.0 0.0002109848070262378 2.6006169048628234e-06 0.0 0.0 2.318941084526832e-06 2.00849939488025e-05 0.0 3.2360978281470974e-06 0.0 0.0 0.0 0.0 0.0 0.0 0.0 0.0 0.0 0.0 0.0 2.1604794542547893e-06 0.0 0.00013184712127328407 7.364748425254173e-05 9.713152734639095e-05 0.0023916535545712493 7.098563051072234e-05 0.0034478475238260255 0.0005008178476973781 0.0013084071449338817 0.0004475062683706539 4.045959742683079e-06 0.0004193415631800847 4.025256470849052e-05 0.0 0.0 5.473684575598186e-06 4.8178057457273055e-06 0.0 0.0 0.0 6.406713974724594e-05 0.0 0.00041109793525921455 7.279732107039789e-05
0.04095107897552678 0.039022993023659656 0.0005422229146737901 0.0 0.002742307569585425 0.00488965236024498 0.017651747974064297 0.00012434488486914077 0.001966017422090964 0.09612861042696742 0.0007622605960302159 0.024423533968365687 0.05059088178998661 0.010006925407756367 2.5598831052148635e-05 1.5378463270298e-05 3.89140426999675e-06 0.0 0.0 0.0 0.0 0.0 0.0 0.0 0.0 0.0 0.0 0.0 0.0 0.0 0.0007817776391224643 1.5408449254994485e-05 0.00010463394099404439 0.0 0.0 0.0 0.0005823993545245405 0.0 0.0 0.0 0.0 1.2591391980340364e-06 0.0 7.446802302674971e-06 0.0 0.0 0.0005791208118674776 8.995002370840618e-06 1.522699140062188e-06 5.371538634310514e-06 4.21783038707728e-06 0.0 0.0 0.0 2.7287320733109574e-05 3.088747253505824e-05 0.0004891750093036949 0.0016764747378314982 3.633941099588433e-05 0.00020339420814897315 3.1735789056859586e-06 3.8944537265021565e-06 3.09901263332606e-06 4.3153268766076884e-05 3.159563877916653e-05 9.991399262010294e-06 7.5038151012362575e-06 3.3748385496968725e-06 3.518571316622883e-06 1.712596679287724e-06 0.0002504360011588681 3.6976098332545994e-06 0.0 0.0007835178951940871 0.0002358622066406042 0.00027686202318736425 8.68856027866451e-05 3.454567021202714e-06 3.924447090316206e-06 0.0 0.0 0.0 5.119762144680637e-05 2.169085675662937e-06 1.3513459599043664e-05 2.153715928722058e-05 4.0644926134775665e-06 0.0 3.702890966413045e-06 0.0 0.0 0.0 0.0 0.0 0.0 0.0012533488619230467 0.0005822601655577708 0.0 2.5155005055578737e-05 0.00854402383468199 9.183222824739044e-06 8.612720602114818e-05 0.00016172654008175046 0.0015845851246465196 0.0 0.00029801775907085796 0.00018703138578795794 0.00010754976052286171 0.000581434151623019 0.0010222332674466026 1.3640923582070072e-05 0.0004062792751274243 0.001091542710278163 0.00034032862184361364 0.00013286816340429697 0.0 0.0 0.0 0.0 0.0 0.0 0.0 0.0 0.0 0.0 0.0 0.0 0.0 0.0 0.0 0.0 0.0 0.0 0.0 0.0 6.181184094731292e-06 2.0692712461482874e-05 0.0 0.0 2.5049234665369995e-05 8.642799838600909e-06 6.0305248974006816e-05 1.4729176018051755e-05 3.791076456463667e-05 0.0 0.0 0.0 0.0 0.0 0.0 0.0 0.0 2.034896712141424e-06 0.0 0.0 0.0 2.4037197083425115e-05 0.0 0.0 0.0 0.0 0.0 3.149189475251625e-06 0.0 0.0 0.0 2.2999450655887786e-06 0.0 3.0155704400454835e-06 0.0 0.0 0.0 0.0 0.0 0.0 0.0 0.00014517966473199747 0.0 0.0 0.0 0.0 2.1584515569973797e-05 0.0 5.420294634383591e-06 3.3713334688540414e-06 0.0 1.5104441620515838e-06 0.0 0.0 0.0 0.0 0.0 0.0 0.0 0.0 0.0 0.0 0.0002581664097169093 1.6860200205320337e-05 5.177139761026739e-05 0.001757480843208384 3.6085367945184855e-06 0.0007831486334442368 6.604661653739981e-05 0.004244129162734374 0.00017009855813724547 0.0 8.149069043572962e-05 0.00016100774617208726 0.0 1.5602114484834977e-05 0.0 0.0002494890110770029 0.0 0.0 0.0 3.088877545571829e-05 0.0 0.0012722697037135574 6.05100967501053e-05
0.0033211449415894035 0.060022263320803265 0.027365823208072806 0.002742307569585425 0.0 0.00025566801182106677 0.0470314580762489 0.0004793947688442517 0.10404278511127447 0.004955036973429619 0.0035018143068657067 0.000845327638012306 0.01780244003552483 0.055629181453295755 0.00032867949296924026 0.0001623418867210403 3.4010816289321024e-05 2.031762902194061e-06 1.9712636876167227e-06 3.5432276974867316e-06 0.0 0.0 0.0 1.9737206443883254e-06 0.0 1.5041464469322841e-06 6.469078485533494e-06 5.828158429161763e-06 0.0 0.0 0.006078078407616571 0.0003901767012209139 0.00021214879380548305 0.0 4.132225388907597e-06 1.5142690046555144e-06 0.00044025328191863095 1.0943641394629406e-05 0.0 0.0 0.0 1.628604235338612e-06 0.0 1.6371894190272743e-05 1.114413824044823e-05 5.127366961959939e-06 0.00193721549305848 2.1153493789262963e-05 1.6108283751930282e-06 1.9025688778203767e-06 3.2750566751126493e-06 0.0 0.0 0.0 2.4777637417429013e-05 8.655121214200731e-05 0.0005615860044148763 0.0013231539231857833 8.959310823506045e-05 0.000425743573300146 3.342135024096773e-06 2.647297651106357e-05 2.9422359015644315e-06 0.0001284094159697805 5.3363915356324325e-05 3.609505918625205e-05 7.581319998649526e-06 4.943052231581487e-06 3.3900689036600863e-06 0.0 0.00015741400537641576 0.0 0.0 0.0010716959272662938 0.0005698993005379626 0.0008857954673511892 0.0003415750343788673 3.9728696555574e-05 1.3744118226183288e-05 7.25601906677776e-05 3.253543943019583e-06 1.6329443429125113e-05 7.998644878371191e-05 5.0317042265507225e-06 2.31930836925193e-05 4.9123115946599466e-05 1.5797534642458448e-06 3.275232905802705e-06 2.0166107234704494e-05 0.0 7.88654301719751e-06 0.0 6.862176955443558e-06 1.6943239585595075e-06 0.0 0.00040715136383817906 0.0 0.0 5.224335656489377e-06 0.0005567642821663299 4.7390384404562996e-06 5.363890974742768e-06 1.2135343705378865e-05 1.372039826980715e-05 8.714950969188734e-06 2.562714762001273e-05 1.0236113805911843e-05 2.621086258670078e-05 3.218829231693026e-05 0.00010853696954453291 1.817241334471094e-05 0.00020299892734121572 2.5005137203496992e-05 9.903479839788853e-05 0.00024792433329462856 0.0 0.0 0.0 0.0 0.0 0.0 0.0 0.0 0.0 0.0 0.0 0.0 0.0 0.0 0.0 0.0 0.0 0.0 0.0 1.5387382453104e-05 0.0 0.0 0.0 0.0 8.261726494423768e-05 1.7056571545666647e-05 4.242153521204402e-05 3.7718855275399196e-05 0.0 0.0 0.0 0.0 0.0 0.0 0.0 0.0 0.0 0.0 0.0 0.0 0.0 0.0 0.0 0.0 0.0 0.0 0.0 0.0 0.0 0.0 0.0 1.7829140557543552e-05 3.6089623236313334e-06 0.0 0.0 0.0 0.0 0.0 0.0 0.0 0.0 0.00022517717018290308 0.0 0.0 0.0 0.0 2.6991726884228096e-06 0.0 2.2118800721873176e-06 0.0 0.0 0.0 0.0 0.0 0.0 0.0 0.0 0.0 0.0 0.0 0.0 0.0 0.00022072329585975036 4.575666398104678e-05 9.75244215160265e-05 0.0024495925475589105 3.113062270603626e-05 0.0027517202878858133 0.0003138501627928888 0.0015368723873977713 0.000447717378991924 0.0 0.000589876226441911 0.0001614735288053127 4.596748942112631e-06 2.2656227641591807e-06 0.0 0.00016264909211781853 0.0 0.0 0.0 0.0 3.186640377839718e-06 0.0006776713263034564 6.731749214957487e-05
0.003354650527351135 0.0015529562591478489 9.919198850492232e-05 0.00488965236024498 0.00025566801182106677 0.0 0.0008508264273586765 6.096365999871073e-05 0.00012585434659573627 0.016087432963722968 0.00010936863631740434 0.0023245873770798265 0.003488956588497696 0.0016073062237021896 0.0 2.1827292299727647e-06 0.0 0.0 0.0 0.0 0.0 2.9784769182492105e-05 0.0 0.0 0.0 0.0 0.0 0.0 0.0 0.0 0.00016626948831177077 0.0 0.0009659315264413112 0.0 0.0 0.0 0.0010607031703204707 8.059548888187909e-06 5.6119437735547736e-05 1.0541312516778443e-05 0.0 0.0 0.0 0.0 0.0 0.0 6.725105766477032e-05 7.219416675896364e-06 0.0 0.0 0.0 0.00021736853617832186 0.0 2.78527223215785e-06 2.6250200807122262e-06 7.273422990460411e-06 0.0038542817900834485 0.00021093853894629225 9.932336081586313e-06 1.733964549174812e-05 0.0 2.648679991327795e-05 0.0 3.992970733522787e-06 0.0 3.0777360329950367e-06 1.6767123199518644e-06 0.0 0.0 0.0 0.0021603253797269433 0.0014076890737408866 0.00010510908888496699 6.572387173185217e-05 2.122590709555718e-05 3.8390509067047214e-05 0.0 0.0 0.0 1.4573853695893104e-05 0.0 2.5051815909631542e-05 4.33212380276085e-06 4.511846117620151e-06 0.0 1.0050918500837437e-05 1.8985796689899256e-06 3.634640133523457e-05 2.336130174606367e-05 0.00020476935402016278 3.446862788400312e-06 6.56179732922504e-05 0.0 0.0 8.034469727294226e-06 0.00852386396540602 0.004349731070037122 3.460515892156397e-05 0.0007508167517467631 0.008370904802319355 1.4329480906416766e-05 2.655915867197761e-05 0.00011302869743859097 0.00028835842472925573 4.907095817332945e-06 0.0002052612203870906 0.00010144084793961653 0.0001535569770873117 0.00019566416854681026 0.0010269384162044824 6.82604516416758e-05 0.0010676351385357672 0.0002496959403430087 0.0006234777709718849 0.0008378941434417474 4.330978592652655e-06 0.0 0.0 0.0 0.0 0.0 0.0 0.0 0.0 0.0 9.5770919060245e-06 0.0 5.8086613536722653e-05 0.0 4.3876663049131094e-05 0.0 3.218362191426666e-06 1.8004410804805994e-05 2.1178001430266915e-05 1.5240915650776292e-05 1.3324588191225242e-05 0.0 2.1467037124585645e-05 0.0 0.0003530293937601601 4.191665772458813e-05 0.0002035985373612019 0.00023819240073472727 9.980885480836457e-05 0.0 0.0 0.0 0.0 1.3901128919378265e-05 0.0 0.0 0.0 1.2225426091646852e-05 0.0 0.0 0.0 6.30219262314883e-05 0.0 0.0 0.0 0.0 4.638056952857922e-06 1.7627782959364193e-06 2.1910670540655995e-06 1.6398148801187773e-05 9.314550137531581e-06 0.00011366322891541536 2.1912665796169835e-06 0.0 0.0 0.0 0.0 0.0 2.168215229167564e-06 0.0 0.0 0.0008964117369441811 1.8816612044298297e-05 0.0 0.0 0.0 7.038907964137625e-05 3.783592642243553e-05 6.351115333403416e-05 2.6172145369663294e-05 3.4594961270467885e-06 0.0 0.0 0.0 0.0 0.0 0.0 0.0 0.0 0.0 0.0 0.0 0.0011961159983983583 0.00021900048575831124 0.00031174427361630553 0.004796065792518374 8.02556617085483e-06 7.755090751347561e-05 9.224402062648418e-06 0.002537352534685315 0.00012179337367664807 0.0 3.4529474640548864e-05 0.0017856044443991055 2.607765678207821e-06 1.8219166276086876e-05 3.895605736973595e-06 0.001572131320219749 3.098384684890235e-06 9.600548297683886e-05 0.0 0.0 0.0 0.002874607576530697 0.00022309597211244293
0.019828634735039243 0.07638570896448163 0.0051380177012920235 0.017651747974064297 0.0470314580762489 0.0008508264273586765 0.0 0.00020326693327392043 0.045635187076453226 0.019589164247702892 0.0010851076957526 0.007956686936509473 0.09962227722890205 0.01681884501900833 0.000256163682918886 0.00014081163747100824 1.4431023351638577e-05 5.091457860876953e-06 1.582113334980481e-06 2.0576747458638215e-06 3.7020624796057777e-06 0.0 0.0 0.0 3.3896388892012665e-06 0.0 0.0 0.0 0.0 0.0 0.00541995367733714 0.0001371754595149156 0.0001736398723282659 0.0 2.986339006292046e-06 2.6813829381735765e-06 0.001169903507052316 2.545032182583012e-06 5.009811976313147e-06 1.6483346935071389e-06 1.3394138689281835e-06 0.0 7.075192691242329e-06 2.128303824937665e-05 7.114469419017444e-06 1.2552736400637829e-05 0.002414351901492452 4.377091421752073e-05 8.783347286445192e-06 7.68483122137509e-06 0.0 0.0 0.0 0.0 3.925524484887103e-05 0.0001549422110803426 0.0010098122373704917 0.003265562110534017 0.00011171684385032089 0.0007081696493540099 7.116961679802489e-06 1.4159268248457158e-05 6.7472482122065985e-06 0.00021740916603369412 0.00011427839729837505 4.7866661300472877e-05 1.5622730292422584e-05 9.443356251823134e-06 7.589620348400223e-06 4.936094591850253e-06 0.00048592996899788054 0.0 4.347850149175217e-06 0.0022826907697198564 0.0010249112596802555 0.001156637355829342 0.00041031690731890364 5.3787297290650714e-05 1.2267079039966109e-05 3.0310373743053388e-05 5.07581644665886e-06 9.435837509779886e-06 0.00015817856790104732 7.63830675326647e-06 6.781565449535909e-05 7.050573828127192e-05 2.0268371965316082e-05 4.867338289407542e-06 2.617020987053287e-05 0.0 8.842908774337601e-06 0.0 2.4739252694747647e-06 4.411868334699037e-06 2.196631776840223e-06 0.000908819364010746 4.70031708532544e-05 0.0 4.890330013693273e-05 0.0013759862765739665 4.038961156083793e-06 4.5997250270392796e-05 0.00026293163273900805 0.0002450418873442239 6.18305853528109e-06 9.876736210412208e-05 3.0935110526476095e-05 9.36815825465548e-05 0.0002054289471505627 7.463980324078162e-05 2.292247691025054e-05 0.00036446013605865684 0.00011972990979602255 0.00014281975985085642 0.00024785324027162397 0.0 0.0 0.0 0.0 0.0 0.0 0.0 0.0 0.0 0.0 0.0 0.0 0.0 0.0 0.0 0.0 0.0 0.0 0.0 0.0 3.088006086256397e-05 0.0 0.0 0.0 9.784058111024701e-05 0.0 6.920879022110365e-05 4.0990774378661406e-05 0.0 0.0 0.0 0.0 0.0 0.0 1.0706237241216363e-05 0.0 0.0 3.971408662624048e-06 0.0 0.0 0.0 1.1264921807062078e-05 0.0 0.0 0.0 0.0 2.11323414764219e-06 1.4391901006577982e-06 0.0 0.0 0.0 1.185068541934986e-05 0.0 0.0 0.0 0.0 1.942370680451165e-06 0.0 0.0 0.0 0.0 0.000374167977970041 1.9875547535575945e-06 0.0 0.0 0.0 2.090122925058497e-05 0.0 0.0 4.551537956930379e-06 1.7183875503123928e-06 4.09731782217318e-06 0.0 0.0 0.0 0.0 0.0 0.0 0.0 0.0 0.0 0.0 0.0002795161735645127 8.519589048718583e-05 9.423744510634237e-05 0.002491482638289939 5.649467657062457e-05 0.003139811806891535 0.0002233905490899864 0.0025811999586321972 0.00044110663794366255 0.0 0.00038060341144138636 0.00019557752671027853 0.0 1.8462171613796626e-05 2.242439457725089e-06 0.00025902841233146277 2.383618471219688e-06 0.0 0.0 2.2617852902422435e-05 0.0 0.001163697483835045 0.00021197114516734782
0.002168025117778616 0.0020597683967739245 0.04431333594081399 0.00012434488486914077 0.0004793947688442517 6.096365999871073e-05 0.00020326693327392043 0.0 0.011537231272238024 0.00021569518642096185 0.03714644967566676 3.143152214044614e-05 0.0013038176859811678 0.022412619509772844 0.0029435131065785243 0.0020072191843949795 0.00017879332215579676 0.00012213942622080835 1.0761683207148259e-05 0.0004005394199937546 0.0011492730160335743 2.5000305617755608e-05 0.0006376400435340105 0.0004972234261419391 0.0006401733003812246 0.00018136500337036303 0.0006014936866034062 4.2322043872127806e-05 3.942801965219968e-05 4.913216665132439e-05 0.04568414025855677 0.07259624008046606 0.0026897059526668375 0.00026042359554529854 0.0032449808074107574 0.0009109837928844718 0.0005641258992124049 0.0007445010266611959 0.00010536587884835176 5.5328183785179095e-05 0.0005860884987736862 0.00026385743997874185 0.00015878554951479136 0.00026501007521546806 4.664404916844565e-05 0.00029540031618637523 0.010163381190804132 7.339070354922605e-05 3.685583463199895e-05 0.00012390906550450477 7.049735140775057e-05 1.6572953729977954e-05 1.8553183913566237e-05 2.9004871259988494e-05 5.709747610566144e-05 0.0001552342716341082 0.0017851505638484448 0.007265397815527476 0.00023337683693854208 0.0017283718061545355 0.004494490670399237 0.007149818952066117 0.0010074876905439777 0.02089759875266845 0.00016056969079014086 0.00010087647964463942 3.0510661658563145e-05 8.180298872582411e-05 0.00024709930989789345 0.0014637451383125988 4.823599293490698e-05 6.105659810347592e-05 1.0752681985917574e-05 0.0044096809161121965 0.0041729182201289084 0.005544832176581924 0.005993043153573699 0.016789488326615195 0.013517280092308888 0.034947280892664134 0.001287538273837257 0.028077095122080672 0.00024051334966267428 1.58059193456511e-05 0.00010710852083465365 0.0001328034469516876 6.603109926598308e-05 1.7689226411612545e-06 3.9688825013047804e-05 1.9961564896197724e-06 2.9323917246685117e-05 2.02041776937908e-05 0.0017159216475905958 0.0008032880599601593 0.0001518963286722306 5.8919597265046376e-05 2.4177632397620147e-06 0.0 4.252652008795366e-06 0.0009105073623292903 1.9280530220485937e-06 4.717201895321902e-06 2.2128180882494057e-06 0.0 0.0 9.51392926407235e-06 0.0 2.578709317635801e-06 8.989598397078023e-06 6.9076479460035e-06 2.3594423117518087e-06 1.753239802602797e-05 1.1542780308600282e-05 2.3670794813975288e-05 6.551274157762383e-05 0.0 0.0 0.0 0.0 0.0 0.0 0.0 0.0 0.0 9.946789168499467e-06 4.635245595879243e-05 0.0 0.0 0.0 0.0 3.815231983340081e-05 1.3513408668663614e-05 0.0 0.0 0.0 0.0 0.0 7.08433657541258e-06 0.0 6.432482301792167e-05 1.5061754872294742e-05 8.12592818876815e-05 8.224487893388644e-05 3.773230132979776e-05 2.641084217084723e-05 5.1828699351922314e-06 0.0 2.406220274252032e-06 0.0 0.0 2.9489943051214425e-06 0.0 0.0 0.0 0.0 1.3152501816158733e-05 4.384348045964367e-05 6.610765341473925e-05 1.2848526736610515e-06 0.0 0.0 0.0 0.0 0.0 1.694411061084477e-05 0.0 3.432661835806114e-05 3.557276090442511e-06 0.0 0.0 0.0 0.0 0.0 0.0 2.49837243065239e-06 2.2648909582608584e-05 0.00013969767995133717 3.0968153925549875e-06 7.203167859020758e-06 2.370227687858569e-06 3.71650446890487e-05 2.7166070835203403e-06 0.0 2.3972072753709622e-05 0.0 3.0850519216495674e-06 1.9365259852748534e-06 2.370998299233964e-06 0.0 0.0 0.0 3.588847283218009e-06 0.0 0.0 2.006689673532145e-06 8.328438578737281e-06 7.700566827858556e-06 3.474903015546074e-05 0.00012799792063634084 0.0001312232948704047 0.006125667908537903 0.00037074258132401103 0.010173991657155226 0.0013538748737791726 0.0015848386550655813 0.001180513102595193 2.6706706587372727e-05 0.001285482034691481 6.717161307225782e-05 2.4995325436842908e-06 5.118514914654909e-06 4.427223120840778e-06 1.5693125916473108e-06 0.0 0.0 1.9022452094676248e-06 9.431344538721553e-05 1.3815084936057822e-05 0.0004908261136259943 4.212119297335449e-05
0.006345304667823537 0.11158781763894507 0.10645399765025063 0.001966017422090964 0.10404278511127447 0.00012585434659573627 0.045635187076453226 0.011537231272238024 0.0 0.0024587207113149793 0.022016978725799868 0.0007276087178897152 0.019898845475877953 0.035367998776731364 0.00023289374940649803 0.00011810526510835555 2.8573651545300665e-05 0.0 6.311326697433381e-06 2.8532376668240115e-06 0.0 0.0 0.0 0.0 0.0 0.0 0.0 0.0 0.0 2.1446620987238006e-06 0.017715673306270857 0.0006285104635661234 0.00019065721040804274 0.0 5.816982972644177e-06 0.0 0.0004404595093003366 9.863863224071202e-06 0.0 0.0 0.0 0.0 0.0 5.6270721220693095e-06 4.330756206305681e-06 3.7185306443681835e-06 0.001064560929720968 1.4386145005501017e-05 1.6858876015439074e-06 3.2336473823615797e-06 3.1637629430630773e-06 0.0 0.0 0.0 1.2857172023935177e-05 6.267883763288285e-05 0.0005408150523997168 0.001981449824829703 6.915264555402045e-05 0.0003224474974284728 0.0 2.484072091472808e-05 2.6886842132815605e-06 0.00012402641893896008 4.365609992295031e-05 2.4221935317276304e-05 9.986833324501225e-06 9.92825239111333e-06 5.008220836002369e-06 9.240974113811037e-06 0.0001075049116931944 3.5402138343719262e-06 0.0 0.0009750552504283127 0.0004908986418150208 0.0006551621705518326 0.00022996965586125155 3.4891982182810786e-05 5.071570560288051e-06 0.0011354864259217109 1.2767770252746021e-06 1.0128330508182548e-05 8.281545849255651e-05 4.1563038835841894e-06 2.3972693323027882e-05 4.427478206806761e-05 4.60777233093297e-06 0.0 2.0560631610567345e-05 0.0 0.0 2.387918615807879e-06 6.288190704164843e-06 0.0 3.4284268589542117e-06 0.00022009332988636931 0.0 0.0 0.0 0.0010276813906142707 2.076958839764025e-06 0.0 2.205066976347187e-06 2.6840185853410875e-06 8.673234213205835e-06 2.0071768110422226e-05 0.0 1.0487379704012876e-05 7.175149060253647e-06 6.829432671070562e-05 1.9383858990912516e-05 8.972581500877169e-05 8.990537281271589e-06 5.593167391880679e-05 8.232450004646617e-05 0.0 0.0 0.0 0.0 0.0 0.0 0.0 0.0 0.0 0.0 0.0 0.0 0.0 0.0 0.0 0.0 0.0 0.0 0.0 0.0 2.691374263355034e-06 0.0 0.0 0.0 4.781052473595014e-05 1.3563088939383707e-05 3.120873298046693e-05 1.2819780298976177e-05 4.187431895240116e-06 0.0 0.0 0.0 0.0 0.0 0.0 0.0 0.0 1.6508858425441164e-06 0.0 0.0 0.0 1.336560986327134e-05 0.0 0.0 0.0 0.0 0.0 0.0 0.0 0.0 0.0 4.025262620113687e-06 0.0 0.0 0.0 0.0 0.0 0.0 0.0 0.0 0.0 8.239987093201768e-05 0.0 0.0 0.0 0.0 1.307265918536352e-05 0.0 0.0 0.0 0.0 1.8941850427592017e-06 0.0 0.0 0.0 0.0 0.0 0.0 0.0 0.0 0.0 0.0 6.816733817435205e-05 6.570549049468917e-05 3.627353008958566e-05 0.0015639984920641174 2.2923152316540495e-05 0.0018603889155291034 0.00021478826596028845 0.0008602017976300549 0.0002681536177848319 3.065921776398147e-06 0.0002489852502960051 8.249798744104975e-05 2.6701571300302586e-06 0.0 0.0 6.73210370197771e-05 0.0 0.0 0.0 7.282931489851464e-06 1.1575273891071261e-05 0.0003524104109521743 1.771894776089679e-05
0.04489407850663601 0.028457184595491042 0.0004186239193999413 0.09612861042696742 0.004955036973429619 0.016087432963722968 0.019589164247702892 0.00021569518642096185 0.0024587207113149793 0.0 0.0003775460338149958 0.04858770128793281 0.13412491551118919 0.02502677079150096 0.00040691451977425795 0.00014362054704236321 3.206174609356479e-05 1.5152091910462972e-06 1.510529094247858e-06 8.764723695911243e-06 1.9062567003393471e-06 0.0 0.0 0.0 1.890471349922184e-05 0.0 0.0 0.0 0.0 0.0 0.0012711205041071557 9.333404868071573e-05 0.0066310111625665896 1.8141022289217147e-06 1.011905712773348e-05 0.0 0.010355388973247335 0.00012149623672406429 2.8744357012562686e-05 2.7890442634301962e-06 0.0 0.0 0.0 5.637660721707701e-06 3.916633762324725e-06 2.9017724380587516e-06 0.003630054525312604 3.663569023456777e-05 6.820142897405414e-06 3.068617614014808e-06 1.5874506073078422e-06 0.0 5.811487121633484e-06 4.682956423528115e-06 4.269675502795453e-05 0.00018082803033871888 0.0021865413998827547 0.003922270815499086 0.0001750607033291134 0.000914123724605641 4.668723986698978e-06 6.967742249590594e-05 0.0 0.00010220399772495605 0.00012098151260000662 5.900125761846815e-05 1.9518397087976817e-05 3.70263298667547e-06 1.1487325227287865e-05 3.654252887532411e-06 0.012852035681506554 0.0 5.529669940555141e-06 0.0022769368375448935 0.0008954517286520477 0.0012011240414120962 0.00022950219961522485 5.3035390820772645e-05 1.5743859520053297e-06 0.00013406841492915418 1.899512765640304e-06 2.2889378240139324e-05 0.00017614795263917214 1.4080933851416564e-05 5.687865893657168e-05 7.100509040124685e-05 1.0766347822268671e-05 0.0 1.8671632640569734e-05 0.0 8.12672388914326e-06 0.0 1.163526148683084e-05 2.005006655973268e-06 0.0 0.00449802358512883 0.0006709547103998317 0.0 0.0011366255497048008 0.01700599818251813 1.865090932936742e-05 4.664539303597375e-05 0.0009937155665409995 0.00254935390863037 1.0676092822525122e-05 0.0003566177090234706 8.24129078071129e-05 0.00014818691962999137 0.00016853134787066096 0.0005383254593827024 0.00010237281500625319 0.0011018392480605906 0.0001930559015226738 0.0006770269272101862 0.0010003206347841173 2.336756299966091e-06 0.0 0.0 0.0 0.0 0.0 0.0 0.0 0.0 0.0 0.0 0.0 6.162834110301523e-06 3.0198798447027737e-06 0.0 0.0 1.2363544218238249e-05 0.0 3.0645935352366544e-06 1.3668731714265164e-05 3.493479944013074e-05 0.0 2.9280860529765766e-05 0.0 0.0004180201646309015 3.5403066086892184e-05 0.00033212972540997283 0.00019365449640758504 5.6658549987842526e-05 0.0 0.0 0.0 0.0 0.0 0.0 0.0 0.0 7.446537522574149e-06 0.0 0.0 2.9818085174849995e-06 6.4993088492410656e-06 1.0087354123661891e-05 0.0 0.0 0.0 0.0 3.695240268385125e-06 2.0775608889440875e-06 0.0 1.3855301994912301e-05 0.0001593649679541057 1.0844591933635542e-05 0.0 0.0 0.0 0.0 0.0 0.0 0.0 0.0 0.0014323934200264085 0.0 0.0 2.4401173359459397e-06 0.0 8.930207887680225e-05 4.794596395348871e-06 2.1096778470421514e-06 4.731875198253334e-06 1.0172947980810938e-05 1.6468655256690337e-06 0.0 0.0 0.0 0.0 0.0 0.0 0.0 0.0 0.0 0.0 0.0010923632224296722 0.00031267528761926786 0.0003598067118764393 0.014133238477228657 8.737943257759926e-05 0.005498347660752061 0.0006299558555980608 0.020594277816989335 0.001318551791683818 1.2995285809869183e-05 0.002199619408349597 0.0013252961053222515 0.0 5.4808065092116506e-05 4.6865539603733645e-06 0.0009420916552087924 0.0 8.527698915954128e-06 0.0 4.174413221968228e-05 3.7799501072500246e-05 0.00816860144289824 0.0006524169379903307
0.004732637669738612 0.00662793287700637 0.0517537503282069 0.0007622605960302159 0.0035018143068657067 0.00010936863631740434 0.0010851076957526 0.03714644967566676 0.022016978725799868 0.0003775460338149958 0.0 0.00047131620975764506 0.016725788095692116 0.05728923268594186 0.0010316078600168654 0.0008405293540838152 4.816546853802054e-05 3.5464607637997574e-06 5.083669129944016e-06 8.99211337397008e-06 2.988302618413505e-05 3.122855227742338e-05 2.7661725583213123e-05 5.654611422883349e-06 7.71876513525024e-05 1.1806338803742636e-05 7.284873471030258e-05 2.0940650232874027e-05 6.215865947281402e-06 3.1226347802223317e-06 0.031344825595715574 0.011076557934081566 0.006427013418996462 4.01309561275953e-06 0.0001049230104008022 5.614018868226876e-05 0.00240224559837659 0.0006463189153930354 4.528251805853848e-05 2.3495823927384206e-05 4.748839586968622e-05 1.5692303506586188e-05 8.110641030068552e-06 6.090651669105057e-05 6.66951933687198e-06 1.844632141395805e-05 0.0031336063935366275 2.8960558501508906e-05 7.086209424388e-06 6.659192334185658e-06 1.5997892153175036e-06 6.1444465068410376e-06 0.0 0.0 3.7441996861323776e-05 8.659215119687441e-05 0.0008655196952884652 0.0034814778121892384 0.00011397965444724534 0.0004391486385815884 1.8171739964061094e-05 0.0023085162930511108 2.5753152274024457e-05 0.0010780837215887127 7.078122244321752e-05 4.0621709767001116e-05 1.778913011398086e-05 1.2024393174640301e-05 2.8512915330829802e-05 8.651079034881258e-05 0.00043201605907180617 1.2273712721967433e-05 0.0 0.0015399963227836365 0.0009528887532608356 0.0013847052721677117 0.0007815948737173969 0.0002043341076223024 0.00022593423885192696 0.03535196140904831 0.0 0.005313024359530033 0.00013322581722346482 2.0513278366274307e-06 5.595200194080941e-05 4.260036349616946e-05 2.1988154892290956e-05 3.698932865627225e-06 2.2068055253829462e-05 0.0 6.927054735819275e-06 2.8202443299988063e-06 0.00011311204399272038 8.121630778794115e-05 2.8533622726288354e-05 0.00019251357052823536 0.0 4.156063121787596e-06 6.060578929136193e-06 0.001497444686060447 0.0 0.0 0.0 2.0103166400345e-05 0.0 1.348065667238932e-05 4.03073184842572e-06 1.2655600720723626e-05 2.2739213631780638e-05 1.768746019812035e-05 8.020950894540088e-06 3.49476202951765e-05 1.992242562257331e-05 4.82315459314104e-05 0.00013158409667900076 0.0 0.0 0.0 0.0 0.0 0.0 0.0 2.129806343493388e-06 0.0 0.0 0.0 0.0 0.0 0.0 0.0 2.761465752011063e-06 2.7353908443119977e-06 2.354651528189913e-06 0.0 1.4437756724071304e-05 0.0 0.0 0.0 0.0 3.9325495784341885e-05 0.0 5.762267423600238e-05 4.5593208569135536e-05 1.4994732662479537e-05 3.167549877259131e-06 3.665218111543718e-06 0.0 2.516098517926562e-06 0.0 0.0 0.0 0.0 0.0 0.0 0.0 4.7918898507773146e-06 2.8944927215491394e-05 2.4957929226537932e-06 0.0 0.0 0.0 0.0 1.8189087835387973e-06 0.0 2.235717371001578e-06 6.758897234445489e-06 1.4832049164140913e-05 0.0 0.0 0.0 0.0 0.0 0.0 0.0 0.0 2.0579240442866163e-06 0.00015144631347697616 0.0 0.0 0.0 0.0 1.4059737842624425e-05 1.0596933700580334e-05 0.0 0.0 0.0 0.0 0.0 0.0 0.0 0.0 0.0 0.0 0.0 0.0 0.0 0.0 9.391849461410834e-05 0.00012124877541216602 0.00014226214192922013 0.002972043539355696 5.937314720230248e-05 0.0035547307053644824 0.0005406059645247906 0.00091117411392717 0.00044300578594939346 0.0 0.0006115483632454123 6.296074321868338e-05 0.0 1.684918043371449e-06 0.0 2.193901734843325e-05 0.0 0.0 0.0 0.00011527439759814781 3.611966290047288e-05 0.00035684035016703277 4.926912726927833e-05
0.009754284319075372 0.009262430680980618 0.0002383022407806167 0.024423533968365687 0.000845327638012306 0.0023245873770798265 0.007956686936509473 3.143152214044614e-05 0.0007276087178897152 0.04858770128793281 0.00047131620975764506 0.0 0.02064250577710367 0.0024778786842315527 8.514404943721675e-05 4.553096238464711e-05 2.0084540060728043e-06 0.0 0.0 0.0 0.0 0.0 0.0 0.0 3.1252038706431902e-06 0.0 0.0 0.0 0.0 0.0 0.0002417643405786549 3.9281330463524985e-05 0.0021459767092082685 0.0 0.0 0.0 0.010044675874158589 0.00012771534239333336 3.792063840269141e-05 0.0 0.0 0.0 0.0 1.1373864783757534e-05 2.3560942180179353e-06 0.0 0.0004481107260368139 3.929717805896914e-06 1.5948392743179547e-06 0.0 0.0 0.0 3.225823202726619e-06 0.0 1.9558951560599106e-06 2.2011875572109983e-05 0.00022550678899818294 0.00045724463277198806 2.5344452323944294e-05 0.00016237508840942025 0.0 0.00016854432715970145 0.0 1.7170807375295502e-05 1.5098125964012658e-05 5.073154176792685e-06 1.3738080805818839e-06 3.2556105300032e-06 0.0 0.0 0.007349001506149412 2.1301939641983587e-06 0.0 0.00023948617316994867 0.00010858557984320624 0.00013973452648972793 6.50816180808415e-05 1.0863767945166722e-05 0.0 0.00014973798872800357 0.0 3.439288514880181e-05 2.4316466443303828e-05 0.0 1.4461180792301988e-06 4.496881411889235e-06 5.1353077605901244e-06 1.6861539732191046e-06 3.195625104572318e-06 0.0 0.0 1.5331803807744536e-06 5.3529640932050806e-06 0.0 0.0 0.00926989445554307 0.00013697555357725623 0.0 0.00011300402022257165 0.0010976899721353876 1.9066643459437473e-05 3.2004911696022246e-05 5.4890049692645355e-05 0.0005205250098470672 1.5713564480550607e-05 0.00011662447877730174 2.04397454597505e-05 0.00012292659098253798 0.0001613770119732176 0.00040899280627642914 7.280045271001655e-05 0.0009392377561704706 0.00015179496130019018 0.0005460230064152144 0.0008088858560843925 2.2109314938589135e-06 0.0 1.9194470900176044e-06 1.6025659338502077e-06 0.0 0.0 0.0 0.0 0.0 0.0 0.0 2.1259059734508623e-06 0.0 0.0 7.905506770582298e-06 0.0 0.0 1.3982759466952625e-05 0.0 1.8919379423035708e-05 2.6378887553335576e-05 0.0 0.0 0.0 0.00033751686205192745 3.065238325423155e-05 0.00011600190320719375 0.00010285128161912798 1.4030228462109416e-05 0.0 0.0 0.0 0.0 0.0 3.7438771897571213e-06 0.0 0.0 5.418643158935084e-06 0.0 0.0 0.0 2.3779309657163457e-05 0.0 0.0 0.0 0.0 0.0 5.369138974216467e-06 0.0 0.0 0.0 7.270091550382059e-05 0.0 0.0 1.4441058951525417e-06 0.0 0.0 0.0 0.0 0.0 0.0 0.0011240552782058137 2.846898570770923e-06 0.0 0.0 0.0 5.159526444031572e-05 2.724977896609343e-06 2.4294427912912183e-06 6.468008513486737e-06 1.26426971038103e-06 7.671070324627137e-06 0.0 0.0 0.0 0.0 0.0 0.0 0.0 0.0 0.0 0.0 0.0010386484177346575 0.00026725167200690507 0.00024978648963932333 0.0012437866366238962 8.842546908199813e-06 0.0006311399574177195 0.00012401103347883943 0.002832642416734492 0.0001270187154975206 1.9870929944243933e-05 0.00010342778805608763 0.0004949865838172306 2.183197196246034e-05 3.614674715570384e-05 5.005027559048756e-06 0.000580849338180634 2.317130451640674e-06 0.0 0.0 1.2698344910310856e-05 1.1872001230285978e-05 0.002770383778321248 0.0005733314127597299
