0.0 0.11136986657786999 0.03042770221527835 0.07092282736409139 0.0003711156380689552 0.003145750484233548 0.016964863828457175 0.004302695822591854 7.326772589549492e-05 0.05272135331902002 0.0011768552167515987 0.005022311035522144 0.005405517834782797 0.002301720042795342 2.3856456241234764e-05 4.661846005614227e-05 5.9327214260263655e-05 8.86940111403892e-06 0.0 8.356905058074601e-06 0.0 0.0 0.0 0.0 0.0 1.1857312669570553e-05 9.870672578896701e-06 0.0 0.0 0.0 0.03230270924348428 0.00046828030909496496 0.00040553100352228136 0.0 0.0 0.0 0.0007112564511332095 0.0 4.5147774562574385e-05 1.2546073766264315e-05 0.0 0.0 1.7485517841200533e-05 9.537922373385441e-06 0.0 0.0 0.005234869834218722 0.00023195663331648518 2.029884294635257e-05 0.0 5.869056087745358e-05 0.00015133798017738653 3.011741549018694e-05 0.0 0.0005391909624142025 0.000645993379723428 0.006449947344922644 0.021209928642354808 0.002574610159934242 0.004523102549494374 0.0 9.299348765321529e-05 0.0 0.0003797091245416794 0.0005295330123841001 0.0003310246822052533 0.0003250617410849077 0.00010325511283202234 2.0321863284915163e-05 5.453679691091988e-05 0.0006268703724237309 0.0018443089886208902 0.00013722081495306493 0.010165184960039432 0.0004848291266801448 0.002060691858017275 0.00012574886930874564 1.0104502671852153e-05 6.964163594323062e-05 0.00010792607997201556 0.0 6.323082449538954e-05 0.0031423067509309993 2.178858266724931e-05 9.310618741070608e-05 0.0006340725724157753 7.552346951293493e-05 8.673853784986139e-06 0.00025105080433831975 7.376266739794246e-05 0.00012965400225414768 5.4489718825028614e-05 1.3762389087614229e-05 8.09580270959172e-05 4.159958241362182e-05 0.006290461102478188 0.006272279353582871 0.0003695696041407679 0.00034112061070517213 0.04438929105487972 0.0 0.0007504042910856425 0.0003885842363951656 7.826071669543814e-05 0.00032442688531417863 0.0010825349938616057 0.0025518741212858897 0.0006682289757617088 0.002012096099156647 0.002747082081757026 3.014103861622649e-05 0.0006997631360969207 0.0005601849214498085 0.0006748762949075144 0.00024042209540792552 0.0 0.0 0.0 0.0 0.0 0.0 0.0 0.0 0.0 0.0 0.0 0.0 0.0 0.0 0.0 0.0 0.0 0.0 0.0 6.917115455835114e-05 2.7170790653474972e-05 0.0 0.0 0.0 0.00010174902413256273 0.0 0.0 0.0 0.0 0.0 0.0 0.0 0.0 0.0 0.0 0.0 0.0 0.0 0.0 0.0 0.0 0.0 0.0 9.646022516880102e-06 0.0 0.0 0.0 1.482572155460576e-05 4.12685107984604e-05 0.0 0.0 0.0 0.0 0.0 0.0 0.0 0.0 0.0 0.0 0.0 0.0 0.0004158784211006429 0.0 0.0 0.0 0.0 0.0 0.0 0.00039526508895386126 0.0 0.0 0.0 0.0 0.0 0.0 0.0 0.0 0.0 8.802841858351032e-06 0.0 0.0 0.0 0.0008507804264256279 2.073304957911566e-05 1.4332392604644342e-05
0.11136986657786999 0.0 0.06567946088485556 0.011259051029263813 0.04483145712692471 0.022410745146616878 0.06508469370952046 0.02765512859743573 0.007951067085989534 0.14986219950787127 0.05020631289356113 0.04019591892916089 0.28978244386902857 0.04190996517926777 0.002468655151242588 0.0003601950156729375 0.0003198848732286184 3.219764889503745e-05 9.708351509879395e-06 8.133472857126092e-05 0.0 2.0579728088735187e-05 2.5221748375838257e-05 8.998800772228841e-06 5.147355688570439e-05 5.4786823941775214e-05 3.049825431448077e-05 0.0 1.1217959413169434e-05 0.0 0.127251230524792 0.00426030429108007 0.0014865034470788311 0.00013971595964835882 0.0 2.7768761973671523e-05 0.00416235334790853 4.90274053743495e-05 9.299260458875861e-05 6.0718859341901055e-05 9.247025660498622e-05 5.3356067551410126e-05 5.173702031817981e-05 0.00014737359667846934 1.9097031382792117e-05 6.228486588445214e-05 0.041831462694881735 0.0018965732252955864 0.0002818857173783853 0.00010840400213479526 0.00039366734661050115 7.865091446720857e-05 3.9548812646339166e-05 3.139913286884541e-05 0.0019443018348246854 0.0025838259565193534 0.007614400611706131 0.06117105539903175 0.00860712800407454 0.01648848251102604 2.358067828294033e-05 0.0003492581326048026 8.401976207214565e-05 0.009347925670372067 0.0028016494756995477 0.002338924614943803 0.0014314259728375465 0.0006988423164113599 0.00028784415947729453 0.0002961213982994977 0.002497472938503289 0.0006331631557799377 2.4773131666906322e-05 0.0396198126197085 0.009859713528607058 0.018070766891699477 0.003621404448347585 0.0003926377295444658 0.000419747298490982 0.002185275850893214 0.00015550121289854225 0.0007484266912713588 0.011418965372142292 1.937848629371984e-05 0.0010062088824917606 0.0034651848901572856 0.0005666860020500584 3.0424592149032586e-05 0.0011720497335547427 6.014536503267957e-05 0.0006303023087530197 0.00010739420257093237 0.0004279193965874435 0.00037323848432507464 0.00017192574184903117 0.01046216653453278 0.0006466640925183914 2.8463537123256383e-05 0.00017475560329598732 0.09248700719435304 0.0001515074609794422 0.0015481023262247475 0.0018605499353817737 9.689395110734682e-05 0.0010881482560468644 0.005205645858808645 0.004537614654930538 0.004709740922288511 0.0038958787416561442 0.006561484035110939 0.0021337871506039003 0.006325299912696138 0.0031457353300795893 0.004181850073461471 0.00285558171977248 0.0 0.0 0.0 0.0 0.0 0.0 0.0 0.0 0.0 5.264350671578548e-05 1.2917024572289672e-05 0.0 0.0 0.0 0.0 1.70924896558759e-05 0.0 0.0 0.0 0.001635898174809888 0.0003684209208064502 0.0 0.0 0.0 0.0020486348545266453 0.00013101659374727793 0.0013441905622616655 0.0004025966494421066 3.397072714174214e-05 0.0 0.0 9.3071853096748e-06 0.0 2.8215730807539084e-05 0.0 0.0 0.0 0.0 0.0 1.0664953735107328e-05 0.0 0.00027020930161459006 1.866842184292013e-05 0.0 1.6532462463559933e-05 0.0 4.500808144434805e-05 0.0001906611890520959 9.439909897514678e-05 0.0 0.0 0.0034750700396180972 0.0 0.0 0.0 0.0 0.0 0.0 9.989271974840288e-06 0.0 0.0 0.0048004773079407875 0.0003072507379710869 0.0 9.87856947878588e-06 2.0485283961151574e-05 0.0020039229275609586 0.0 0.0011100514405156556 2.5655948097662134e-05 0.0 1.196270372488853e-05 0.0 0.0 0.0 1.0438201211801682e-05 0.0 7.793768710988965e-06 3.0205372549483535e-05 8.751474382846686e-06 9.97029069631436e-06 9.593871033714646e-06 0.0049918003468922304 0.0021712212580805293 0.0015181508585109071
0.03042770221527835 0.06567946088485556 0.0 0.011039071718612334 0.05590172524984309 0.0011656428682531993 0.015756142040568754 0.04528568877356071 0.053968779596287625 0.0027657419501608306 0.04099101271123196 0.00012602365209179146 0.00826749677218566 0.12064849706843252 0.0020998707726239984 0.001153953969797397 0.00020498917170963177 0.00011204939971549345 0.0 0.0001406779094047836 0.00042539337842297957 3.2042440718248214e-05 9.399985401604707e-06 0.0 0.0003565469481660516 0.00022506883959359913 0.00011898507549686742 2.950958609912523e-05 3.170897177505743e-05 0.0 0.191786867690378 0.020699347212190775 0.0014162561571546314 3.5615504569593874e-05 4.21489690631758e-05 0.00018881578014756724 0.0005890560212314646 0.0004883167168030226 0.00020438765891702277 0.0001804656616318128 0.00027341721908097827 0.00017037556212519026 0.00020906470691565293 0.000317245458069684 1.5884027465133397e-05 3.244863424279882e-05 0.013748383346695172 0.0008122719650697066 0.0001416077071682815 0.00017485170374533882 0.000421998229023192 0.0002137881902828264 2.0892372836273057e-05 2.394023064653521e-05 0.0005136736692581186 0.0007100979481221336 0.002232071449072075 0.03303904928640725 0.002267746342413968 0.004247257600394488 0.00022895578294695776 0.000924408287507259 5.9386388793447236e-05 0.004708391629746099 0.000969169865731875 0.0021544572983499435 0.0006387913908989711 0.000725619745618663 0.0006191946256613191 0.0009819148931523485 7.058402083070591e-05 0.0006798212308754891 0.0 0.012425960149749447 0.0033905282144464518 0.006175663541671389 0.0018751926337649686 0.0010361694380906829 0.002174000306462883 0.017736435823429975 0.00014619906182415272 0.004753195904521137 0.002967455386589565 1.102058989980734e-05 0.0005545593278453241 0.0010105601518867946 0.001338298809958407 9.016621780846897e-06 0.0002521700347854195 2.6365045784852298e-05 0.0003644356463061343 6.273188155913001e-05 0.0022414339195919127 0.0007196690775585011 0.0001341126415367647 0.0003762940969770308 0.00017651915212538112 0.0 6.999252275691793e-05 0.012824670348050644 0.0001049569915112898 0.00014274696090996606 0.00044570537135091537 0.0 0.000448014625602902 0.000561825515455782 9.236889846664782e-05 0.0004959941122083809 0.00014566783405135677 0.0006140598945693742 0.0003903464038045964 0.0011243389580882577 0.00028907345123886495 0.0006394245734545253 0.000493970669062681 3.950612761414938e-05 0.0 0.0 1.3161461421193126e-05 0.0 0.0 0.0 0.0 0.0 0.0001320306066804225 7.224186914828085e-05 0.0 0.0 0.0 1.16348940730419e-05 0.00018297789093675614 2.0044399057449523e-05 6.408381715185558e-05 0.0 0.0007620078494244685 0.00024663565789989985 0.0 0.0 1.434181144692756e-05 0.0008215572626669698 0.0001805787783493036 0.0010480437071335865 0.0006990241616515733 9.501279498572943e-05 0.0 1.3001646719468534e-05 0.0 0.0 0.0 0.0 0.0 4.651895328163436e-05 2.591418839584678e-05 0.0 0.0 1.657160141604452e-05 0.0001330412608971031 7.259725267975804e-05 0.0 0.0 1.9960338999994392e-05 1.4613640187395275e-05 0.00013436121419885394 0.0 0.0 0.0 0.0012519879886014934 6.545885294288594e-05 0.0 0.0 0.0 0.0 0.0 0.0 1.0994177825848934e-05 0.0 0.0006638549309825137 0.0005145646367577507 0.0 8.436172763117402e-06 0.0 0.0014715973635871385 7.775172141413299e-05 0.0012435375938933296 3.0800171748575245e-05 9.563034730040032e-05 7.298401801837944e-05 2.3367166351310014e-05 0.0 0.0 0.0 0.0 0.0 6.952488560747111e-06 1.5528931121575172e-05 0.0 0.0 0.0004758044198682854 0.0009058715743441126 0.001232572549515731
0.07092282736409139 0.011259051029263813 0.011039071718612334 0.0 0.010926727782345831 0.03623910904023534 0.01422497837186788 0.000151804708154384 0.00031451293720172934 0.08117824940363859 0.0020404750648129453 0.07118519277732796 0.08114320532547162 0.0022109122287467513 7.71646102509894e-05 1.6153623204348894e-05 5.4902340290941764e-05 0.0 0.0 0.0 0.0 1.3188215970584295e-05 0.0 0.0 0.0 0.0 0.0 0.0 0.0 0.0 0.005932388427794924 5.849362675326274e-05 0.0015649333397271174 0.0 0.0 1.0457534948228142e-05 0.003688830304331275 0.0 8.880633463563323e-05 0.0 0.0 0.0 0.0 0.0 0.0 7.485944727502469e-06 0.003933006770545382 0.0002513514708924143 1.0506920519938836e-05 2.332045377731561e-05 3.6297302511076134e-05 5.085569281088619e-05 4.6233391737041984e-05 9.686552103913436e-06 0.00026842847159771994 0.00036403185855631655 0.0009851668363731363 0.006748149395122757 0.001152062825064951 0.0026010690570416684 0.0 5.811336307268896e-05 0.0 0.000630221063751476 0.0002685687544494269 0.00027276914575503783 0.00022938493768314653 6.850919408397672e-05 1.0001157254545143e-05 0.0 0.0025551982446596028 0.0003483376170005677 8.920314233683247e-05 0.004526562546540567 0.000511729648929653 0.001468278617692026 8.787326185482422e-05 2.0291389882338134e-05 1.0457117220346026e-05 4.5858302814184386e-05 2.088055513019619e-05 4.2896288083697736e-05 0.0017411109378782943 9.903544845267366e-06 9.41191913467236e-05 0.00029031019760021403 1.189054967995594e-05 0.0 0.00017839082336685162 2.8439857941820892e-05 4.978239553741256e-05 3.5622277290035584e-05 0.0 1.1533120510467792e-05 2.6309206931668576e-05 0.0067555578060230805 0.0006598426554426409 6.277371193850215e-05 0.00019560860297572415 0.03890387369472148 1.3356346835844452e-05 0.0003457099427594965 0.002445718461152623 0.0018946509268169905 0.00012930150288797428 0.002249327237310927 0.0017184620016364213 0.0008342678567166896 0.00437409443352551 0.0027838803620920233 0.0001815009679365956 0.003763268962945985 0.0026706603191488797 0.007864731515791368 0.00014804089930886566 0.0 0.0 0.0 0.0 0.0 0.0 0.0 0.0 0.0 0.0 0.0 0.0 0.0 0.0 0.0 0.0 0.0 0.0 0.0 0.00015109801086675174 0.0 0.0 0.0 0.0 8.191727467510452e-05 0.0 2.829157606190062e-05 1.1367704876441396e-05 1.433562845996649e-05 0.0 0.0 0.0 0.0 0.0 0.0 0.0 0.0 1.1292526143774122e-05 0.0 0.0 0.0 1.2698920705484588e-05 0.0 0.0 0.0 0.0 2.1002622281867077e-05 0.00010385596140658341 0.0 0.0 0.0 2.8779451512930404e-05 1.3760902467798458e-05 0.0 0.0 0.0 0.0 0.0 0.0 0.0 0.0 0.0002388027517721906 0.0 0.0 0.0 0.0 8.724211188328464e-05 0.0 2.40100649195342e-05 1.8707949343765667e-05 3.268215564713552e-05 0.0 0.0 1.1112318796157178e-05 0.0 0.0 0.0 0.0 0.0 0.0 0.0 0.0 0.0006312560682785793 7.91828387091021e-05 2.183765878245909e-05
0.0003711156380689552 0.04483145712692471 0.05590172524984309 0.010926727782345831 0.0 0.0004340399915891823 0.10749609751570723 0.07000445836976105 0.09488471235137091 0.030115685530057952 0.2326943897548668 0.0022842875226434215 0.07052235591753568 0.1458650035068502 0.0014313024797287484 0.00035476805167640056 7.48747864885784e-05 2.7191286195573582e-05 0.0 1.2524225215841642e-05 9.599321153964884e-05 0.0 0.0 0.0 7.2197616868651e-05 1.1924523089309984e-05 1.8965298898672268e-05 2.5748877961673063e-05 2.8324455239210507e-05 0.0 0.004618732660287075 0.0017073102344312785 0.0006874733514403329 0.0 0.0 5.076240127438907e-05 0.001371538734456496 5.37374623223706e-05 0.00012978047704928063 1.0173822463819852e-05 5.4042753830571745e-05 4.3663940623187526e-05 2.3786106719322353e-05 6.565330450413029e-05 1.940266306277962e-05 1.9033288718779996e-05 0.008028652585493398 0.00034504693796541676 2.1635153673369767e-05 4.611738087177969e-05 7.436118007504506e-05 6.10894538506152e-05 4.0823728125034745e-05 2.0641544136467473e-05 0.00013325603445908324 7.855320530478162e-05 0.00025363357897512025 0.0022079651170727656 0.0005345259002878371 0.0013605044324853815 0.0 0.00016603223493509152 0.0 0.0009509092906637449 0.00022487346503802708 0.00043458191058496124 0.00015715041409538098 0.000134548850038257 0.00018878266676620577 0.0002549117441310165 0.00019267692496479434 0.0002900410695012195 1.2502189302177712e-05 0.0023665970729793567 0.0011887218837613534 0.002578356534015857 0.0007808199619800162 0.000350158395317694 0.0003064185902430915 0.002521003018728625 1.2119391610554316e-05 0.000608729561628745 0.0006213927804221869 0.0 0.00029951433773449707 0.00019656731226953396 0.0003131152949606078 0.0 6.409610326603557e-05 1.7663941398614966e-05 0.00011284940927244043 3.63790735118831e-05 0.000399216846166812 8.952607900864248e-05 0.0 0.0027545366247124494 0.0001434016848630885 0.0 2.1941008039176786e-05 0.00036786510775129794 4.3121625400226265e-05 3.744767057880075e-05 0.0006519420482185072 5.263335070665146e-05 0.0008440888872512421 0.0033906804847061876 0.0012190759144530042 0.002336645013996272 0.0014513761834721633 0.0024192277591349952 0.0017753122500430846 0.003707895057020588 0.0018354277137453785 0.002811860077414047 0.0026290409100184994 2.1637585556095263e-05 0.0 1.4222901826600932e-05 0.0 0.0 0.0 1.3500206482542073e-05 0.0 0.0 0.0 0.0 0.0 9.186132837458754e-05 0.0 0.0 0.0 0.0 0.0 0.0 0.0007966766551447456 0.0006553224873002106 0.0 0.0 0.0 0.0017283982098841182 0.00010441681484007796 0.001027421206474098 0.0004542745681759058 1.8642892833418416e-05 1.0704742315879182e-05 4.7355005690292635e-05 0.0 0.0 0.0 0.0 0.0 0.0 1.6953377056544572e-05 0.0 0.0 0.0 0.00022105033192230852 5.953373155351488e-05 0.0 0.0 0.0 1.0118246994208866e-05 0.00011686230679684366 4.252966506139228e-05 0.0 0.0 0.002289743126339993 2.488244659994053e-05 3.824095425611638e-05 9.297964580982727e-06 0.0 0.0 0.0 0.0 0.0 0.0 0.0024856997250531617 0.00020254195514575387 0.0 0.0 0.0 0.0014256924480236378 0.00012811579458069306 0.0010407079916351018 4.651232569091639e-05 3.896486438971479e-05 1.655406913110969e-05 0.0 0.0 1.201128916341325e-05 0.0 0.0 0.0 0.0 1.1926817521133093e-05 0.0 0.0 0.002660403442553203 0.0014684712163536755 0.0014609525099348302
0.003145750484233548 0.022410745146616878 0.0011656428682531993 0.03623910904023534 0.0004340399915891823 0.0 0.007946490986080182 0.00013064069086935596 0.00015916384482590637 0.051700518506387266 0.0001232557564295842 0.006091605559801675 0.0051149826085546725 0.0013365551730806881 4.268200826993117e-05 1.2989583291108065e-05 0.0 9.355872108641503e-06 0.0 0.0 0.0 0.0001784991784472155 0.0 0.0 4.004382632970752e-05 0.0 0.0 0.0 1.7752356883546897e-05 0.0 0.001546300526114619 0.0 0.00045625713465184686 0.0 0.0 0.0 0.002628682550175863 4.649834102145105e-05 0.0004860586342165955 0.0 0.0 0.0 0.0 0.0 0.0 0.0 0.00010470233415115292 0.0 0.0 0.0 1.1132471094940887e-05 0.0013220523075702683 0.000491021367388842 0.0 0.0 0.0 0.004673775470792965 0.0 0.00035541079590031534 0.0 0.0 8.852786294680482e-05 0.0 0.0 0.0 0.0 0.0 0.0 0.0 0.0 0.004075426996070611 0.014173194546061972 0.0016894330529313092 0.0 0.0 0.0 0.0 1.3039400412579334e-05 0.0 1.4271964887814393e-05 0.0 7.116314678751465e-05 0.0 0.00013105256672171477 0.0 2.1096143415122923e-05 0.0 0.00010384003245954903 9.817995864350052e-05 0.0008901715291351779 0.00012173153188983067 0.0002542269744856669 1.4384221577312567e-05 2.6838162541223387e-05 0.00017640115398115017 0.022078588623036202 0.025589349203898368 0.005367313864034008 0.001609616550972436 0.007891158425232645 0.0 0.0005208207061332593 0.0004853540900704733 0.00012345403895480623 0.00016561842555551365 0.000941499904081146 0.0019719704488422654 0.0005128887201735099 0.0014322937026879712 0.0035159682208271803 7.813013219511199e-05 0.0008213694202672721 0.0011159852435804597 0.0009000505908264131 0.0002473891576037365 0.0 0.0 0.0 0.0 0.0 0.0 0.0 0.0 0.0 0.0 0.0 0.0 0.0 0.0 0.0 0.0 0.0 1.3697031567469568e-05 0.0 1.2714520998964613e-05 1.1074256414427612e-05 0.0 0.0 0.0 0.00012032348945305574 0.0 6.812724720576029e-05 1.328338421102239e-05 0.0 0.0 0.0 0.0 0.0 0.0 0.0 0.0 0.0 0.0 0.0 0.0 0.0 0.0 0.0 0.0 0.0 0.0 0.0 0.0 0.0 0.0 0.0 2.7890878269799127e-05 0.0 0.0 0.0 0.0 0.0 0.0 0.0 0.0 0.0 0.0004019270823272906 0.00026886843657862277 0.0 0.0 0.0 0.0 0.0 0.0 0.0 0.0 0.0 0.0 1.299315240727735e-05 0.0 0.0 0.0 1.1578315749360965e-05 0.0 0.0 0.0 9.36759920462629e-06 0.0013413326754203824 1.7875525178201163e-05 2.863435557599342e-05
0.016964863828457175 0.06508469370952046 0.015756142040568754 0.01422497837186788 0.10749609751570723 0.007946490986080182 0.0 0.012071940392303887 0.033799602800852487 0.12424278389428571 0.05051883978578084 0.02306110489920908 0.1986487121572267 0.16123237747466518 0.0011560409336891717 0.00018309178551885097 0.0001338093972023388 2.075823457742034e-05 0.0 0.0 1.3250635573675663e-05 7.68108300574127e-05 0.0 1.2114058669118073e-05 2.7288058541794314e-05 0.0 2.443323478235299e-05 1.575502326624364e-05 0.0 9.038964079483186e-06 0.005572368360244853 0.0007781876643206026 0.0037705657460522803 0.0 1.4612560545111708e-05 1.894637521130656e-05 0.004509304207397257 0.00016475925221573294 9.479607637829814e-05 7.293049356195438e-05 3.090731434304599e-05 5.2926826044540015e-05 0.0 0.0001231053951248389 0.0 1.1071826067466382e-05 0.008502568677220913 0.00035949180687385026 0.0001033204258150031 8.109426090511974e-05 0.00014947035337112765 6.932949185484559e-05 0.0 0.0 0.000168032849712763 0.00033773801771407643 0.0007861653899476799 0.005134526984265696 0.0009542550199371256 0.0021717984988866928 3.9433043663949796e-05 0.0002477327318758403 1.7763967261446976e-05 0.0012801008500786496 0.00028934241040378956 0.00041487476689751633 0.00028654152191771615 0.00010044742398175038 5.961466556279334e-05 6.141214172861305e-05 0.001664744742293055 0.000368122471128083 0.0 0.004278937308949215 0.0015700143167658776 0.002329140159403282 0.0008383450374941288 0.0002446253355562619 0.00016324638234912808 0.0006895409032717032 4.254384784444878e-05 0.00018837405978810098 0.0017739985887675585 0.0 0.00011287358834514664 0.0004383882946555239 0.0002659438161724071 0.0 0.0001805506984353452 0.0 9.99497956597081e-05 1.4250617764426693e-05 0.0004360292785695798 0.00020572883878466596 3.2466807709317416e-05 0.012310642162967863 0.00022048700437257102 0.0 3.4904914887412976e-05 0.010201958814043675 0.00034382796807552176 0.00042048651712284864 0.003230495728294025 0.0006203661373636654 0.0017071391787029618 0.006986560631437431 0.0036318655961812643 0.005793566471084283 0.0018647609203893357 0.00885566335630659 0.002230937048345491 0.009336022366169826 0.003484042340777804 0.007312100569586924 0.00516415837413292 9.754221717170338e-06 0.0 0.0 0.0 0.0 0.0 0.0 3.034553791522366e-05 0.0 0.0 2.3648171283305893e-05 0.0 0.00013606911384195176 0.0 0.0 5.514892644194458e-05 0.0 0.0 0.0 0.0019699204907264 0.0006189308328074072 0.0 0.0 0.00010484396079659829 0.003963394409902372 0.00025532753848591657 0.00204456839415171 0.0006958113312752775 0.00014333600176091806 0.0 0.0 0.0 0.0 0.0 0.0 0.0 0.0 5.734207153975548e-05 0.0 0.0 0.0 5.844045936203102e-05 1.5177001523946827e-05 0.0 0.0 9.939696736241946e-06 7.054589548264116e-05 0.00030981010602461036 0.0002677797409646709 0.0 0.0 0.004306393702612918 1.3015958506723936e-05 0.0 2.6767095049513585e-05 0.0 0.0 0.0 1.0296370309708029e-05 0.0 0.0 0.0060504463094166175 0.000321048011944151 0.0 0.0 9.701968873562897e-06 0.003020276806989026 0.00018636614936225305 0.0023946181095748967 0.00010677940081007349 1.667709613545089e-05 1.3745070273913282e-05 2.9937921505074573e-05 1.1922386841206944e-05 0.0 0.0 0.0 0.0 0.0 1.1573071114370388e-05 0.0 0.0 0.007924202720238293 0.0023519075706441932 0.00220400734811057
0.004302695822591854 0.02765512859743573 0.04528568877356071 0.000151804708154384 0.07000445836976105 0.00013064069086935596 0.012071940392303887 0.0 0.008291112550361048 0.00026435731792716805 0.14170654267097618 0.0016879189321847047 0.0224625394693716 0.0916069520370439 0.007380475329777425 0.004157402840955658 0.0007196453469289625 0.0009826404288924293 2.3625754500102388e-05 0.0014535106546959445 0.0026974345501270857 0.00044402931578000786 0.00035339951907918204 0.00020142217566292673 0.00186778463061006 0.0015304562780156714 0.0003143424904039462 0.0003327342696532865 0.00031702836089635947 3.895157311781847e-05 0.07776183571114148 0.22377926309254895 0.0106472007239882 0.000380603820109083 0.00040685450213585525 0.001834229987314783 0.004999090199094364 0.002820545112330819 0.0010366939415196118 0.0011375736247850278 0.0016798857562528048 0.0008315568803178318 0.0017325558792991968 0.0010564037566690087 0.00024202840731592614 0.00022981008100305547 0.034078749783660676 0.0027299275095983167 0.0007148463546398032 0.0012260507675809695 0.0024405699941850247 0.0006306676486442755 0.00024979176559067324 0.0004864483927597841 0.0003991475156244944 0.0003093257735817572 0.0009232362928070491 0.013001768063275227 0.0014486986329826966 0.0044528409047815175 0.001872592707712773 0.007206424074817615 0.001483504621614497 0.01154018262879325 0.001761401233528589 0.012263972811139202 0.003632877350005164 0.0038297865510455126 0.005735533609703229 0.01110515729852565 0.0008913267962909317 0.0014767270112993412 0.00014656666619982837 0.008433587711710067 0.007274813377927895 0.00997962555456046 0.006923633187959488 0.005795648280183276 0.01881473208947032 0.12628373732970463 0.001280766746716854 0.06427776658498859 0.003153771810976204 0.0 0.00347198384068489 0.0011868649835006565 0.007796115196006328 1.2438670091867236e-05 0.0002854380614660486 0.0001687269752340606 0.000781933646782328 0.0005541493417509024 0.016978843294753174 0.002919140493674266 0.0005366299265206794 0.0009262889107186739 0.0005413847003170227 2.127798942321862e-05 0.0001647758699530435 0.0013045636767348874 1.1039782345920734e-05 0.00010580233299015029 0.00020831275833373163 0.0 0.00025041030463388925 0.0006784645106091725 2.690974451396447e-05 0.0005973432962731883 2.1446468906968634e-05 0.0001836024340503954 0.0008919958711932985 0.0007981977336713868 0.00019116489823277512 0.0007612634591064141 0.0007162908791568713 5.484139118214131e-05 0.0 0.0 0.0 0.0 0.0 0.0 1.4175102699383735e-05 0.0 4.536755164455436e-05 0.0002070114223343741 0.0 1.0895957253919249e-05 0.0 1.0410761711544974e-05 0.00022218344721419592 3.6913603945747075e-05 0.00032940494848539314 0.0 0.0005438889889527952 8.811576671227287e-05 0.0 0.0 0.0 0.0009703386115227665 0.00011816549492791375 0.0010168769630429268 0.0008921922186555373 0.00022961440850921444 0.00032844727736823157 1.3707410262423112e-05 0.0 0.0 0.0 2.047501507334352e-05 1.4350514623059807e-05 0.0 0.00010053669795891063 0.0 9.250239938332745e-06 3.109503541736613e-05 0.00017637903283256916 0.0004829198944839798 0.0 1.8433409979356997e-05 0.0 8.215548707141154e-06 1.5522003288941932e-05 0.0 0.0 0.0 0.001393029029468509 0.00011487531808767996 8.746804123694024e-06 0.0 0.0 0.0 9.216130613840584e-06 1.1314370854786122e-05 9.069707008690033e-06 5.2209911317202834e-05 0.0008446627555190639 0.0005322597718323865 0.0 2.172520935454472e-05 0.00015880609468168526 0.000930316246730885 3.700777854670086e-05 0.0007377469504299536 9.699667530800562e-06 1.116817300698363e-05 1.079346111425493e-05 0.0 2.0595216271423325e-05 1.0116274305000842e-05 0.0 0.0 1.1513676966895842e-05 0.0 8.813447846416898e-06 4.975502437866598e-05 2.4532192521133484e-05 0.0008200710982052993 0.0011373768442372641 0.0020684677842189463
7.326772589549492e-05 0.007951067085989534 0.053968779596287625 0.00031451293720172934 0.09488471235137091 0.00015916384482590637 0.033799602800852487 0.008291112550361048 0.0 0.007482535363068575 0.03179604260622293 0.0008875928741860384 0.056918343621665694 0.08192985382155439 0.0007398053460347314 0.0002067816098007555 4.5910587140959406e-05 4.435077971089426e-05 0.0 1.0172203000394504e-05 2.506469728192202e-05 1.2499940943282773e-05 1.1125715267906178e-05 0.0 2.459732274816581e-05 0.0 0.0 9.551126874600372e-06 0.0 0.0 0.0005401422531986942 0.00046730602024049284 0.0008650491984595198 0.0 0.0 1.1455773278647743e-05 0.0011966800852172344 0.00013383327680101183 3.427350076441852e-05 0.0 2.3655714957412402e-05 2.574090043415957e-05 3.484858612542632e-05 7.335267132105313e-05 1.5403500646147523e-05 0.0 0.0024160224340386994 8.282596182291268e-05 2.489510513695658e-05 3.66560286334924e-05 3.1655511052849664e-05 0.0 1.3942222476630822e-05 2.2420630293006164e-05 0.0 1.0936378569571375e-05 5.3941060895621944e-05 0.0004178771031189775 7.996909856851748e-05 0.00020553351337355055 0.0 9.111024903524438e-05 0.0 0.00018713436629511296 4.1045436430587386e-05 0.00025468287532454326 2.9383297899351383e-05 9.718099005716935e-05 0.00014509223113778912 9.405479751865994e-05 7.960529828094487e-05 0.00014610990072566653 1.4603505678961067e-05 0.0002511876317204136 0.0003148450423862461 0.0006267160442398698 0.00020731080268589046 0.00031049977322222485 5.9572958044563e-05 0.0012222941453443647 4.8255304493644415e-05 0.0002836794508866729 0.0001614732111886849 0.0 0.0001233126303878875 3.42890511455597e-05 0.00024895492994223597 8.390228071259243e-06 9.666065008518326e-06 0.0 1.2597554120442692e-05 0.0 0.0003742696770852535 9.362875577665157e-05 1.1563200757391055e-05 0.001009668296715413 0.00016568168829319058 0.0 2.094926829527625e-05 0.00021309079435151047 0.00011054537508321601 0.00017583632291818987 0.00036785817454348984 0.0 0.0006282046467273229 0.0022356139535180436 0.000686937322868421 0.0013938435988386406 0.0004956106810139951 0.0011002095328015832 0.0009147343071696803 0.0025255649773205566 0.0006209063347676946 0.0017105033624877227 0.0014112877815844471 0.0 0.0 0.0 0.0 0.0 0.0 0.0 1.1098738800577622e-05 0.0 0.0 0.0 0.0 0.0 0.0 0.0 6.34752828449928e-05 0.0 0.0 0.0 0.0007986965760150865 0.00012102825244558685 0.0 0.0 0.0 0.0008157509748775939 2.6522681237074213e-05 0.0009977843439108896 0.00021195067367089416 0.0 1.919501391125957e-05 0.0 0.0 0.0 0.0 0.0 0.0 1.2547220214293734e-05 1.2125881750369888e-05 0.0 0.0 0.0 0.0 0.0 0.0 3.0833581532441276e-05 0.0 3.944166390881131e-05 5.4741949677614986e-05 0.00021567792902308058 6.14671528048539e-05 0.0 0.0014252459660270445 5.9686219123895384e-05 2.2949986737036094e-05 0.0 0.0 0.0 0.0 0.0 0.0 0.0 0.0018887404666012475 4.485580427367287e-05 0.0 0.0 1.7694040842591635e-05 0.0008858066221534043 0.00010808881032221152 0.0006726646139028166 9.083172589831286e-06 2.6986437510204435e-05 0.0 0.0 0.0 0.0 7.913696543028261e-06 0.0 0.0 0.0 0.0 0.0 0.0 0.0012229978832142437 0.0011060974779452091 0.0008762965193819329
0.05272135331902002 0.14986219950787127 0.0027657419501608306 0.08117824940363859 0.030115685530057952 0.051700518506387266 0.12424278389428571 0.00026435731792716805 0.007482535363068575 0.0 0.002409982691650732 0.07272126796837353 0.36016494995741577 0.03763267719744806 0.0002331365410421091 2.2147245823330418e-05 0.0 1.2680932298560833e-05 0.0 2.6054300777719505e-05 0.0 5.263364096609896e-05 0.0 0.0 3.0715435954840214e-05 0.0 1.308798892263259e-05 1.280153893840857e-05 2.9753997607918187e-05 0.0 0.003189592979721995 0.00021198665432415237 0.018068118827116165 0.0 0.0 6.717377717176611e-05 0.053191053630316024 0.0001706997842316964 0.0006983664752091693 1.2750651389239384e-05 3.47285646117664e-05 0.0 2.3259282750577775e-05 2.7822097531091085e-05 0.0 0.0 0.004329308020456843 0.00038549950027742797 5.349747688621098e-05 2.014255205575122e-05 2.214667451902105e-05 0.00010495237193235814 0.00011101615747789299 3.387665774064101e-05 0.0002351226781699838 0.0003271608290677317 0.0011574404127043636 0.004419784239194654 0.0008764693320245778 0.0016810299543875645 1.1356077605134324e-05 0.0006914155746286799 0.0 0.0007513492399315708 0.00026988817944826796 0.00031007023224132157 0.0001616975909561896 0.00011463577188010224 3.4665083795562734e-05 4.0715081249459084e-05 0.01948020623969167 0.0005089270734065262 8.58309134509298e-05 0.0035488551990516923 0.0006505623774909024 0.0014962384210623744 0.00022811835833292204 0.00010255302974814681 1.4369637959780944e-05 0.0005312496712587261 6.456631742793163e-06 0.000273831636623208 0.0013561085468345852 0.0 6.13774818326292e-05 0.0003163145391982671 3.1510022728141073e-05 0.0 0.0001312484096853901 6.458428817356626e-05 7.252578281780885e-05 5.310109075230453e-05 6.153760061567974e-05 7.364464544936533e-05 2.472769454514022e-05 0.018732048200432373 0.0014116100601812666 0.00010969368782638166 0.0017463513810002907 0.02783903974774866 0.00021536660656858134 0.0014841603768333282 0.002486536364123773 0.0007996365766285288 0.001787528400945863 0.006679329854562476 0.009173815203252849 0.005465981261971484 0.0038462017748002743 0.014593717043838073 0.0015717742872645168 0.010058617885550972 0.004558589779353106 0.006873865477400049 0.0035720774814015353 0.0 0.0 0.0 0.0 0.0 0.0 0.0 0.0 0.0 0.0 1.461032140080241e-05 0.0 3.836631562215177e-05 0.0 0.0 0.0 0.0 0.0 0.0 0.0008343881492927436 0.00020087451598029717 0.0 0.0 0.0 0.001866149339598119 1.2206179953239541e-05 0.000615323127489249 8.452330155087276e-05 4.841758716855491e-05 1.474394671438811e-05 0.0 0.0 0.0 0.0 0.0 0.0 0.0 0.0 0.0 0.0 0.0 2.7487316277329443e-05 1.0436696162814632e-05 0.0 0.0 8.601302744989105e-06 1.0164173256895753e-05 7.272841232380425e-05 0.0002519446153055024 0.0 0.0 0.001437663108543222 5.3095449890131644e-05 0.0 0.0 0.0 0.0 0.0 0.0 0.0 0.0 0.004817265136519697 0.00012810240425200118 0.0 0.0 0.0 0.0010965149086007763 1.6247724088617616e-05 0.0004639233942304654 1.081433599012885e-05 6.0340485419264594e-05 1.4539528810897385e-05 0.0 2.4996041708002184e-05 0.0 0.0 0.0 0.0 9.400302536926978e-06 0.0 0.0 0.0 0.007946707708527023 0.001077567103592932 0.00053108041314249
0.0011768552167515987 0.05020631289356113 0.04099101271123196 0.0020404750648129453 0.2326943897548668 0.0001232557564295842 0.05051883978578084 0.14170654267097618 0.03179604260622293 0.002409982691650732 0.0 0.003911205177651098 0.06928180259159715 0.36798261203059723 0.003118915616674571 0.0018604387091901017 0.00021573593330388862 0.0006067222424721419 8.593498758838411e-06 0.0002236705285271369 0.0008327324594918536 0.00044334615715138013 0.0 0.00010416287007456355 0.0016101019930049756 0.0009003365524375984 0.0003862526436839533 0.0003234653371601111 0.0002575561881500612 2.8018979439296667e-05 0.016634401121561216 0.03251606359418201 0.030979144430791417 6.225309168953632e-05 0.00018261853668675242 0.0015368785132460541 0.017280153655820488 0.004226925157997382 0.0025881869373197645 0.0016075512329102005 0.0011038247119165734 0.0008284403822912924 0.000750023138197555 0.00043328084104070504 0.0 6.900582723077041e-05 0.011951584751625784 0.0007630011326114628 0.00038012797660324604 0.0008510483474139043 0.0009027984716407391 0.0008247127491410949 0.0005406524141250821 0.0005393723116025561 0.00014341246516039928 0.00024497831408088844 0.00030581863164392636 0.0043173913336047335 0.0005204089024618212 0.0015624327138891345 0.00013350519915829962 0.010679443403027471 0.00012199348566602618 0.001800418204864305 0.00040470989563575876 0.0024897687624405467 0.0009360465042063045 0.0008628963072790553 0.001057992065580326 0.002717468340892822 0.0019059134817531055 0.001398786288751367 0.00010773115693113957 0.0029963739606842944 0.002182753052458548 0.003551778917196398 0.0019228533264227625 0.0018773876018149708 0.0062687779193129605 0.08979272979086127 0.00023458266121825628 0.02177504856952081 0.0008798439014152318 0.0 0.0006833661587574805 0.0004641212820642694 0.0015109898638421767 2.7662818811097586e-05 0.0001924059347516194 0.00024116132171861352 0.0008768573351892028 0.0003335623621957204 0.006511942710795028 0.0017062756860261644 0.0005349438247477833 0.0020095714386078 0.000517781718897435 1.0993038288758745e-05 0.0003532382553838665 0.00042624162019266865 9.479752383612497e-05 0.0 0.0006097116122358503 6.585383615612946e-05 0.0004172360382532946 0.0014337547996373043 0.0003103430192986953 0.001234063034850181 0.00032586370490189144 0.0006457022932668654 0.0008451975055672188 0.0014791608413739375 0.0007072310924174994 0.0011181655335634267 0.0013791485331974 2.2684277249312143e-05 0.0 0.0 0.0 0.0 0.0 1.640053724102389e-05 3.359277478639848e-05 0.0 0.000181861819556765 0.0002564446073448028 1.1629363018014496e-05 5.742722429349049e-05 1.4785208093097287e-05 3.8644299705823654e-05 0.0002723042322835283 7.555417558379924e-05 0.00034534329516496264 0.0 0.0008535351483019057 0.00033529151758423164 0.0 0.0 1.754343919073776e-05 0.0015949894452038998 0.0001253828759497919 0.001119804258544281 0.0008877337759507472 0.00014007007003125416 0.0003113012786135733 2.392159875438128e-05 1.2385671634705497e-05 0.0 0.0 0.0 1.9226996202234323e-05 3.990030762267839e-05 3.661030432380735e-05 0.0 0.0 2.5259377672042975e-05 0.00019432928599662368 0.0006313955986057927 0.0 4.4767321982995096e-05 0.0 3.256440706459889e-05 7.023672463388768e-05 4.60444643198858e-05 1.8249663462974085e-05 0.0 0.0022012651557671097 3.614768605200306e-05 0.0 1.8061019394326177e-05 0.0 0.0 7.043147029399023e-06 0.0 8.690328696219351e-06 4.9100279692725896e-05 0.0017834711152266924 0.00041948516733401306 7.569573388773452e-05 1.0841744775100106e-05 0.00011460006228923817 0.0014116131716396829 9.648354267775034e-05 0.0012801659741626243 2.8063007497342742e-05 4.2318017547588766e-05 2.1500648366855926e-05 0.0 2.3825659560278382e-05 1.026906672458944e-05 0.0 0.0 0.0 0.0 2.6742460622700585e-05 6.108739669437218e-05 1.5290818549945864e-05 0.0012210463614451884 0.0018252991740590157 0.00232012241421087
0.005022311035522144 0.04019591892916089 0.00012602365209179146 0.07118519277732796 0.0022842875226434215 0.006091605559801675 0.02306110489920908 0.0016879189321847047 0.0008875928741860384 0.07272126796837353 0.003911205177651098 0.0 0.04755713865298345 0.008122096605721475 0.0001850505752923252 0.00013823540763722227 3.321929995179127e-05 2.1372913477137392e-05 0.0 4.064395386294265e-05 5.62765029999832e-05 0.00020727200390519219 0.0 0.0 6.571963800247012e-05 0.0 0.0 2.7789957056396256e-05 2.1434087575403765e-05 0.0 0.0005244702410629075 1.3227222847341445e-05 0.0055692317698143355 0.0 0.0 2.701874231167641e-05 0.015417958545247917 0.00016762532698423458 0.0006755656173260498 0.00016873272052820397 6.79879449395413e-05 0.0 3.4062498271609465e-05 6.571253586059195e-05 0.0 1.382696797527273e-05 0.0007203449689505914 3.679373984792509e-05 0.0 3.084749478886796e-05 2.3450480027328712e-05 0.00011995689637815362 0.0002203235122832959 1.1913202202975276e-05 0.0 1.4529180831229293e-05 0.0002169810802958082 0.0004101923475633431 0.0001043848194951069 6.655577487816339e-05 0.0 0.0009595874545711618 0.0 9.589890409508547e-05 3.38307691041788e-05 0.00013263055836864845 3.2971686374490156e-05 0.0 2.6756616529882325e-05 1.3286672282329813e-05 0.005506347126550902 0.0004261322131137781 0.0 0.00018918231563130918 6.460836435006619e-05 0.00011057365464652982 0.0001440536490478132 0.0002065774537450733 1.094206780831884e-05 0.0007987632827041446 5.433466729619517e-05 0.0002740013639154295 5.695141227082117e-05 1.1335064510475884e-05 9.40017737213877e-06 2.6885220662179095e-05 3.302646478244371e-05 0.0 1.881678742199326e-05 1.3340368744353404e-05 9.30461382597693e-05 2.0755480184197624e-05 0.00014860586091178918 0.0001370488208727773 1.34279702742209e-05 0.02005703247012996 0.0006289454848226148 1.4960311328154584e-05 0.0009555549875705163 0.0033094175961160665 0.00010976996309473944 0.000608202961113702 0.002007557536397642 0.00016000067049187585 0.0013456512030890092 0.004778391265395245 0.002714066308197566 0.003944407995780717 0.002564889632117329 0.006014622307953626 0.002475771302362445 0.007579095387574978 0.002619441266046885 0.004070989777628066 0.0037146503918428528 1.7522093603114323e-05 0.0 1.246433117709639e-05 0.0 0.0 0.0 1.0352954776446051e-05 4.6857067911749455e-05 0.0 0.0 1.269237834968375e-05 0.0 0.0 0.0 0.0 0.0 1.260628647609611e-05 1.9840174660257133e-05 0.0 0.0013577916861181995 0.00021726589776261055 0.0 0.0 0.0 0.0021716303127339194 4.342396900890635e-05 0.001011926317871269 0.0003073556567788911 1.1089711578183887e-05 2.3212616249511548e-05 1.0534217194118194e-05 0.0 0.0 0.0 0.0 0.0 0.0 0.0 0.0 0.0 1.3919127653501007e-05 1.976947268044419e-05 3.6308559663193534e-05 0.0 0.0 0.0 8.72413547514983e-06 9.13958558848828e-05 1.863065125640234e-05 0.0 0.0 0.0026196303915776327 2.1898048105182224e-05 1.8506962337659696e-05 0.0 0.0 0.0 0.0 0.0 0.0 0.0 0.004331869055582484 6.264853947147227e-05 0.0 0.0 9.144445744893239e-06 0.0012703877568965786 5.2843206751431095e-05 0.0008613487905704629 7.98462351230713e-06 6.259100667029599e-05 0.0 0.0 0.0 0.0 0.0 0.0 0.0 0.0 0.0 0.0 0.0 0.006181367226585483 0.0016340895251911046 0.0012055949426500931
