0.0 0.18169441582647264 0.047186993764235845 0.1490593060043032 0.002494585202168849 0.005793589185095109 0.01265310169495085 0.0022650259323796136 0.000282385078752237 0.09037032968289013 0.0010584590062732591 0.008046878644204633 0.003111312795315566 0.0016821257836809934 6.416688817806233e-05 5.630356113942289e-05 1.2259670699257336e-05 0.0 0.0 0.0 8.729478708795136e-06 0.0 2.2984819047934678e-05 1.5790877447820002e-05 2.4181334232045467e-05 1.0006407033547364e-05 3.6586142125162345e-05 0.0 0.0 1.5055269513785639e-05 0.04284273121921373 0.00045011804010037333 0.0005661251387558493 0.0 0.0 0.0 0.0002166223994989745 6.193646584151426e-05 9.454690471845511e-05 6.545893227766641e-05 7.158576250102192e-05 0.0 2.2859818363548933e-05 0.0 5.836287980706347e-06 0.0 0.00028517120374393093 7.901163607934652e-06 0.0 0.0 2.13374638382731e-05 0.0 0.0 0.0 7.339364883643767e-05 9.211840108559062e-05 0.015159819736964253 0.01718686382438876 0.0017037993220093937 0.0007679676076408772 0.0 1.7587295471383586e-05 0.0 0.00031211806080270267 2.8582770226968544e-05 4.1820970102082035e-05 1.228047530073941e-05 2.0101397813314635e-05 1.570945366992317e-05 1.4773669504955802e-05 0.00025278613182388505 0.00012876484250656854 0.0 0.0074280696240564366 0.0002844750477504624 0.0008513669284551217 4.272851463083529e-05 1.0805632573896383e-05 6.824300766403964e-05 0.00041159107884373986 6.290248001086843e-06 2.8867386179289867e-05 0.00019306924792083548 0.0 1.577704068025924e-05 1.976911913660953e-05 1.3112273545902098e-05 0.0 0.0 0.0 7.376985932741404e-06 0.0 8.983203776200262e-05 1.1128240142308981e-05 0.0 0.001727590645040297 0.00015711573638673562 0.0 1.7301612220187055e-05 0.05636456589661522 3.122028054666267e-05 5.969174726317921e-05 0.0002392543789136873 0.00010630071901973619 7.287609438949605e-05 0.00032537286047200174 4.703762927305268e-05 9.613465087385175e-05 0.002919557559719446 0.00031474435315188316 0.0002331392220142265 6.355214720569481e-05 0.0010171856053083504 0.000521870477392055 3.477704889724437e-05 0.0 0.0 0.0 0.0 0.0 0.0 0.0 0.0 0.0 0.0 0.0 0.0 0.0 0.0 0.0 0.0 0.0 0.0 0.0 0.0 4.86819659636946e-05 0.0 0.0 0.0 0.0 0.0 0.0 0.0 0.0 0.0 0.0 0.0 0.0 0.0 0.0 0.0 0.0 0.0 0.0 0.0 0.0 0.0 8.968897747406236e-06 0.0 0.0 0.0 0.0 0.0 0.0 0.0 0.0 0.00022076136032707494 0.0 0.0 0.0 0.0 0.0 0.0 0.0 0.0 0.0 7.053446950320041e-05 0.0 0.0 0.0 0.0 0.00012574501202796418 2.91857760627651e-05 0.0 0.0 0.0 0.0 0.0 0.0 0.0 0.0 0.0 0.0 0.0 0.0 0.0 0.0 0.00017787042928386223 4.180040399450885e-05 4.1563685139635125e-05
0.18169441582647264 0.0 0.07858159925264518 0.16786006782401997 0.13418798804109608 0.007628610022310678 0.3220591481344499 0.02027274790618227 0.0963259679739877 0.06630459059273856 0.019689446520070306 0.015533855176884282 0.10334714905143727 0.06964314352865038 0.0029309972981469428 0.001279920830422226 4.161893794554701e-05 4.943691662941962e-05 2.6177423167914365e-05 5.5874710973419746e-05 4.312015923194579e-05 0.0 9.117859909667215e-05 0.000267907978225857 0.00010755626324916724 4.518489681086399e-05 8.603642574580386e-05 5.586567189974109e-05 3.618122634247805e-05 4.746512625655333e-05 0.0948247208061063 0.0011920975552551299 0.0040019456045754815 4.651139632637676e-06 5.5552368684409045e-05 2.444469125971486e-05 0.001855807017489937 0.000347577318693249 0.0002723605296982336 0.00024138109709321285 0.0003133208164915785 5.67790154877304e-05 2.922037570825152e-05 0.00013817147444686046 2.6082500016647538e-05 1.0326884640160253e-05 0.008000508797876482 0.0001761857484896951 5.992372663110757e-05 1.831248539395505e-05 0.00012344936392530979 0.0 2.4673906055701484e-05 0.0 0.0005826411989147619 0.0005243629401462701 0.010955093959540073 0.032562403100693874 0.0050037714068281456 0.007327314345832222 2.5515198212818323e-05 0.00019542897001339696 6.827162178205022e-06 0.006931640052736815 0.0001789178486873104 0.00015636535007204017 7.854423334721592e-05 0.00018515896848848257 0.0001600990546326317 5.3463367054565764e-05 0.0019536612594121404 8.60206614529578e-05 0.0 0.040359947989602164 0.008194231122991441 0.02169891495495609 0.0016730864745990556 0.00029557580752226283 8.931210764787353e-05 0.0026368454589435065 8.625870979547485e-05 0.0003816884797192286 0.0013339960579784498 1.1403058270351647e-05 0.00025781644792574404 0.00016088205795122547 3.974263527972324e-05 5.7070411260416355e-05 9.764403194861063e-05 1.64650878808255e-05 4.166736302627023e-05 1.4275461910549936e-05 0.0005437299848228766 0.00013978755501790796 2.3073577414964767e-05 0.0020970827177890115 0.0003359837125464892 0.0 0.00021257488485910633 0.0501985374299456 3.665922428240997e-05 0.00014208693094004113 0.0002437694312433624 2.2756097723146145e-05 0.00023707073795578186 0.00037003445889299103 3.8815170070757147e-05 0.00011560260835004603 0.0009724402105329106 0.0005253563028190903 6.408580643030698e-05 0.0005309216158748949 0.002409876448834089 0.0008691576375963531 0.00035866177382639264 3.812294124264795e-05 6.103705277031122e-05 0.0 5.747164403781216e-06 0.0 0.0 9.357375994179908e-06 0.0 0.0 0.0 0.0 0.0 0.0 0.0 0.0 0.0 0.0 8.793378592997634e-06 0.0 0.0003266496188118945 0.00013153283784034163 0.0 0.0 0.0 6.516866458632057e-05 8.594967113969293e-05 0.00015948711583491725 2.385247225101568e-05 2.35672520797848e-05 0.0 0.0 0.0 0.0 9.919322244724592e-06 3.5871969797012636e-05 0.0 1.2966934430633725e-05 1.397658371341355e-05 0.0 0.0 0.0 1.1890393530124758e-05 7.555463853916033e-06 0.0 0.0 0.0 0.0 6.033909081648722e-05 0.0 3.527025121019733e-05 0.00014599581210979415 0.0002705592295034639 0.0 0.0 0.0 0.0 5.3337401062220496e-06 0.0 0.0 0.0 0.0 0.0003402725026656761 2.624489994564459e-05 0.0 0.0 1.3516165813690144e-05 7.780043420337767e-05 7.152504957538167e-05 8.443998924324333e-05 0.0 6.143736402372646e-05 0.0 9.752428019064303e-06 1.5099486696578552e-05 0.0 0.0 0.0 0.0 6.319663108359468e-06 0.0 0.0 0.0 0.0007395550061660893 0.00021677316731252754 0.000110006063409395
0.047186993764235845 0.07858159925264518 0.0 0.017951351889861137 0.0505962238394887 0.0028634264059812925 0.01193675396650318 0.2484411517871941 0.06354737585328467 0.0029688901571557156 0.17103363131094662 0.014654129794858696 0.06400540063764741 0.11140909014418297 0.0022695740596420963 0.0020757939680057227 0.00010577939296933689 0.00016679636537668852 6.621451137226582e-06 0.00020940832087428045 0.0006997559333374947 0.0 0.0006908656180453037 0.0018457983985927945 0.0007496158763486108 0.0002486236878450019 0.0006985375957031672 0.00027892670072894967 2.336132211891159e-05 0.00042560273300918994 0.18412697018050958 0.04828383803444731 0.01914490221865729 0.00031464545390022167 0.00039248629401980074 0.0003090785610154353 0.008091325104121317 0.004079098715314672 0.0009791024884276416 0.0012710755822371252 0.0024282823882980403 0.0003609136369198817 0.0003262823824912868 0.00012013189665414884 7.547701675595362e-05 1.5618440685529767e-05 0.0036664649905514004 9.045722198600913e-05 6.424398300820469e-05 0.00016041265866965446 0.0004295035321715337 7.509444831612754e-06 1.82119074130299e-05 0.0 0.00010744600179741428 0.00012022019503184707 0.003187819891473986 0.008814298863510416 0.0008794996004086534 0.001831563440468516 0.00035849485590587314 0.002808718525169358 1.8020922211937803e-05 0.008108899200525915 8.372469604523237e-05 0.00010253794859349237 6.019809043598038e-05 0.00023181710604766554 0.0006789454694381874 0.0013347363178314712 0.007803245936419698 0.00022007514793277963 0.0 0.009267623063765763 0.005544978246114568 0.010593972874127907 0.0020126939970095954 0.0007389935703852289 0.003067655506077242 0.04112663310886807 0.00037275487855523257 0.006996034176675016 0.00032594218406544736 0.0 5.419246456848248e-05 3.711838223375077e-05 3.9929415673518836e-05 0.0 6.150937167061998e-06 6.420556333933093e-06 3.6223541240161815e-05 2.5113225743731e-05 0.004730586244519235 0.0006742633250822882 5.7338993004539055e-05 0.006407836395744958 0.0009583707208218956 0.0 0.0006969834019835015 0.016537579789858585 0.0 0.0 0.0001346555493371641 2.4974713323440028e-05 0.0004967069824894284 0.0005487413640962852 1.2502660450128557e-05 0.00019472623406055004 0.0005863381578997926 0.00011035079888566538 0.00024896715616141074 0.0003444899841363158 0.001031674048975913 0.0009094868684765606 0.000490267745849651 0.00011260200058351942 9.913250179502106e-06 0.0 2.1873682622784364e-05 0.0 0.0 9.201927415723857e-06 0.0 0.0 2.2266180753931652e-05 1.5019627294494468e-05 0.0 7.3227293411271335e-06 0.0 0.0 4.16229707075615e-05 0.0 8.759371370501743e-05 6.230972426209785e-05 0.0002689328432139818 0.00017213465025992599 0.0 0.0 1.3911157056109638e-05 0.00023746131216738334 4.5358521921853604e-05 0.00033186259446247104 0.00016124266898315888 0.00013524159738035886 0.0 7.699766576647283e-06 8.863421627000206e-06 4.7898655642142575e-05 1.123253461038889e-05 3.714816976239732e-05 0.0 3.372230314635311e-05 7.481791591653235e-05 0.0 0.0 9.486342991953258e-06 5.143970708959666e-05 2.9488526308957936e-05 0.0 0.0 0.0 0.0 1.0000907765790728e-05 0.0 2.6614721066327473e-05 6.066041113591857e-05 0.0011124111364604174 6.5575870528657e-05 0.0 1.5888651708775193e-05 0.0 0.0 7.642875219711244e-06 6.420598057489508e-06 0.0 1.8467269486142275e-05 0.0010809712602003918 0.000184052974362884 9.779291808127992e-06 7.429666301113327e-06 0.0 0.0003573311632528089 0.00028241231650799153 0.0001440627108060486 3.3472295596314e-05 3.354850547497586e-05 0.00020398983301350048 1.6546953619356946e-05 9.178176976627184e-05 7.211452616168143e-06 0.0 0.0 0.0 0.0 7.093925084331404e-06 0.0 5.827938118366986e-06 0.0010953684420875393 0.00040244956868302193 0.0002418455549664296
0.1490593060043032 0.16786006782401997 0.017951351889861137 0.0 0.009986474806726615 0.01717279732795659 0.04166590879240473 0.0004575733071515339 0.003571405963690028 0.1985729982626903 0.0009700105015528606 0.04331367670367066 0.05983491693895203 0.0019697792088489087 0.0003850889021773385 6.866076193956454e-05 1.8835933679569486e-05 1.5099877661755332e-05 0.0 0.0 0.0 0.0 0.0 1.6008855214384468e-05 0.0 0.0 0.0 6.849531670605482e-06 0.0 2.009747682922289e-05 0.013893405452242883 5.875336439028451e-05 3.068351575017858e-05 0.0 6.523029903594143e-06 0.0 2.6027445011299403e-05 4.93735308206406e-05 0.00011494648018524293 4.6063298723225405e-05 2.1338739239824754e-05 0.0 5.473633524719801e-06 5.530190578098882e-06 4.333437775758783e-05 7.0858853155841635e-06 0.002680579919762713 5.2629857113378794e-05 3.2521479618713244e-05 0.0 3.3274472883026194e-05 0.0 2.472418088075911e-05 6.745840906329509e-06 0.0006051297713754422 0.00046674814413171477 0.010365783751330149 0.03754134424733216 0.00519939120802605 0.005682098632575649 0.0 5.808555208436828e-06 1.3145985149274209e-05 0.001180178351866853 0.000195235336139131 0.00016402986333415053 5.563167022709069e-05 0.00010388782617823843 2.1370999275518123e-05 0.0 7.471613155821064e-05 8.203240405020611e-05 0.0 0.03284912279027193 0.002174352172862395 0.006732974389166842 5.75316049092257e-05 1.825034923144595e-05 1.2278574560947173e-05 7.663053813315403e-05 1.9937056966285827e-05 5.4336156891036535e-05 0.0009328380528014745 8.043148870415142e-06 0.0001243330781220824 0.00011999356709635817 1.8751756146949264e-05 8.656562415561905e-06 5.619151433153994e-05 6.960709495282606e-06 6.660581548855176e-05 0.0 2.0500105542888882e-05 1.5123952153806826e-05 0.0 0.0009192364979267114 9.313263841425916e-05 0.0 7.644423472717624e-05 0.034609676521688 5.7821896810536376e-05 0.00031850407209234663 0.0007002301390697431 0.0034987210523021875 2.2582080616768484e-05 0.0006030945915880574 0.001419349228551407 0.00017490831948226588 0.013206437453612838 0.0007700510255256402 3.044078355212473e-05 0.0021879065512724932 0.004548428218100835 0.002189816379588555 9.246483280471621e-05 0.0 0.0 0.0 0.0 0.0 0.0 0.0 0.0 0.0 0.0 0.0 0.0 0.0 0.0 0.0 0.0 0.0 0.0 0.0 1.8922588870292876e-05 6.881055105241155e-05 0.0 0.0 0.0 4.443613565444618e-05 0.0 2.7186313700094195e-05 5.208821787227302e-05 7.095945946757673e-05 0.0 0.0 0.0 0.0 0.0 0.0 0.0 8.708821942630234e-06 0.0 0.0 0.0 0.0 0.0 0.0 7.901059556596438e-06 7.71340605874993e-06 0.0 3.5585163100426705e-05 1.5127523381172577e-05 0.0 2.2173150615872543e-05 3.21514916038047e-05 8.080177341990557e-05 1.0592669360686242e-05 0.0 0.0 0.0 0.0 5.9060296779125914e-06 7.792068355338848e-06 0.0 0.0 4.224396557744057e-05 0.0 0.0 0.0 0.0 0.0 0.0 0.0 4.7591488365131726e-05 1.945224829965118e-05 1.5514968841148564e-05 0.0 6.680913901491311e-06 0.0 0.0 0.0 0.0 6.847779796341684e-06 0.0 0.0 6.867668024899534e-06 0.00020292955966404264 4.7571100484108165e-05 6.116196176589398e-05
0.002494585202168849 0.13418798804109608 0.0505962238394887 0.009986474806726615 0.0 4.78487357248673e-05 0.20628122266318205 0.013567007973518355 0.4305874423391175 0.07340842948150313 0.06368222384711718 0.008417891392234257 0.09257017324269227 0.03384269892029162 0.0010202882065660863 0.0004848539439048304 3.750058288815369e-05 0.0 5.755852690522611e-06 1.3284098877803884e-05 0.0 0.0 0.0 7.148667935664883e-06 0.0 8.757720920537429e-06 0.0 0.0 6.946402436277312e-06 1.2236276661749351e-05 0.007747771084952051 0.00011897531142863289 0.00028686944932988366 9.487831647237696e-06 0.0 8.661914363106996e-06 0.00017691323732871452 5.141710579966056e-05 8.929045054656592e-06 1.7041860416855306e-05 0.0 1.8740068400096697e-05 1.3900870396583606e-05 2.293928731556187e-05 1.2991018709692283e-05 1.640468607898862e-05 0.002768685325497443 1.3257916058389336e-05 1.5053999778395971e-05 5.196886326074981e-06 0.0 0.0 1.3486799641452823e-05 0.0 0.00010516730839672784 4.679674012295999e-05 0.0008208912202258549 0.0028728938147203234 0.000756122603158865 0.0014466672532169912 2.182867372263083e-05 1.1955016622638446e-05 0.0 0.0018773149993220107 6.087907862892797e-05 3.500493781132714e-05 0.0 3.181929225336735e-05 1.6596038035292653e-05 7.179236364453719e-06 0.0003310216154895801 0.0 0.0 0.00610987776879347 0.001986753275182963 0.005599957040038728 0.0005170827518342005 8.447059991069424e-05 1.1590203358936652e-05 0.00014699748395160853 2.292296052736271e-05 1.7694000118728507e-05 0.0002450412249951474 0.0 1.7226241963709855e-05 5.528001430661741e-05 5.986831723308272e-06 6.924606256448336e-06 1.2312400002664562e-05 1.2949902977926224e-05 1.9467169364573098e-05 0.0 5.862803043255308e-06 1.1430368140895033e-05 0.0 0.0009148505145857249 6.181220227329184e-06 0.0 0.00010943810896672654 0.00021043194909377622 0.0 0.0 0.00012041338024910517 2.3058475032859414e-05 0.0003868120438488302 0.0005804358261652318 0.0 5.7373162021714826e-05 0.000340223036556465 0.0001535987506745373 5.4578440947188144e-05 0.0004499759616037729 0.0013000900485887292 0.0007775462915595502 0.0004115086351566862 0.0 0.0 0.0 0.0 0.0 0.0 0.0 0.0 0.0 0.0 0.0 0.0 0.0 0.0 0.0 0.0 0.0 0.0 0.0 0.00016424035197989132 0.0001818654886565208 0.0 0.0 0.0 4.11375846075103e-05 0.0 0.00010438250169330682 9.254930909860457e-05 4.111774685930465e-05 0.0 0.0 0.0 0.0 0.0 2.416838756702156e-05 0.0 0.0 0.0 0.0 0.0 0.0 0.0 0.0 0.0 0.0 0.0 0.0 2.076019113467195e-05 0.0 6.68170922459137e-05 0.0 0.0004955458396092562 0.0 0.0 0.0 0.0 0.0 4.541999153767133e-05 6.327600886191027e-06 0.0 0.0 0.00046938510586390787 0.0 0.0 0.0 0.0 0.00010822718421758916 9.088699419109846e-05 2.3615617408254384e-05 1.5017250597095714e-05 0.0 0.0 0.0 1.7250418961782665e-05 0.0 0.0 0.0 0.0 0.0 0.0 0.0 0.0 0.0006121846483620254 1.78950417271279e-05 0.00018326871985270345
0.005793589185095109 0.007628610022310678 0.0028634264059812925 0.01717279732795659 4.78487357248673e-05 0.0 0.0013420350947605825 0.00011266011119549293 3.673714946283555e-05 0.042412695581891285 6.655767835187837e-05 0.01526022764185624 0.0030749497243214847 0.00035008442847618825 0.00015458183853526102 0.00017187183924422946 1.7686986440405698e-05 0.0 0.0 0.0 0.0 5.169299740784605e-05 0.0 0.0 2.3575067262475284e-05 0.0 1.9243194738208827e-05 0.0 2.892249939157473e-05 0.0 0.00306641477113481 0.00022054452970075904 0.00041446792527003796 0.0 0.0 0.0 0.0005691366657316213 1.48689702286529e-05 0.0001878348603592335 8.222536365119623e-05 0.0 0.0 0.0 2.984683584891533e-05 1.0956021784807881e-05 1.7568814511419888e-05 3.685443386481268e-05 9.340622698515168e-06 9.597808760680207e-06 0.0 2.771326315870806e-05 0.0009716958710432615 0.00019984300497704049 1.9212826170406276e-05 0.0 9.165705187487956e-06 0.010049313414668986 0.0012558285955571408 0.00048776971016757355 0.0 7.277362030472943e-05 0.0002788310368557801 1.0358304538563343e-05 5.223677279201916e-05 0.0 0.0 0.0 8.142865079613352e-06 0.0 0.0 0.0026598571319934976 0.004739571564864488 0.00012125076996593311 9.984646241475493e-05 2.527084858307135e-05 8.261711075832802e-05 3.1708652198972904e-05 7.847743032765593e-06 0.0 5.63994949279451e-05 5.5790251678017314e-05 0.00024026162574378656 1.7619386037323126e-05 6.575881338547367e-05 0.0 2.3383976979833703e-05 1.6352229266462174e-05 0.00013100512860091652 0.00017185728029856876 0.000546551107121607 0.00015495911477979567 0.0003325730271237124 0.0 0.0 0.0001305143472844469 0.01734250060286974 0.01601585447077972 0.0011915225588033285 0.001023480398601558 0.018524373060418556 0.0 0.00018099683511829716 0.00012076117545284602 2.2286794251223238e-05 0.000175302112588979 0.0003120001680609709 0.00022860567842247501 0.00014446603697274406 0.0009338639680899885 0.001472959909636245 3.7024709243859494e-05 0.0005758073053361218 0.002300730973438889 0.0008085245981436536 4.954175453394418e-05 7.5363611614511835e-06 0.0 0.0 0.0 0.0 0.0 0.0 0.0 0.0 0.0 0.0 0.0 1.332054208635709e-05 0.0 8.332458980385978e-06 0.0 9.746179787714741e-06 0.0 1.0190288412830567e-05 2.536701159360103e-05 0.00018211641309458983 0.0 0.0 0.0 0.0 3.773022676713407e-05 2.3348135414661886e-05 1.4410693623053165e-05 7.1266533510467695e-06 0.0 0.0 0.0 1.0289060948505907e-05 0.0 2.0445247307893214e-05 0.0 0.0 1.3460742507813158e-05 0.0 0.0 0.0 0.0 0.0 0.0 0.0 0.0 0.0 0.0 0.0 0.0 2.579554857537824e-05 0.0001805929716964247 1.5383766800026014e-05 0.0 0.0 0.0 1.1518695364508833e-05 0.0 0.0 0.0 0.0 0.00011250903483366467 6.356899064484563e-05 1.0199071994114389e-05 0.0 0.0 0.0002515199413911949 0.0 0.0 4.131537022671182e-05 0.0 0.0 0.0 7.672990355541502e-06 0.0 0.0 0.0 0.0 0.0 0.0 0.0 0.0 0.0005542829673548277 3.724255359806456e-05 2.3452016768022712e-05
0.01265310169495085 0.3220591481344499 0.01193675396650318 0.04166590879240473 0.20628122266318205 0.0013420350947605825 0.0 0.001221934517559238 0.31435428160611534 0.09908862007013684 0.009475436041191635 0.010863946136974872 0.19277515351384988 0.09979158984642984 0.00408041681242707 0.0016142417036836727 0.00010987387700140446 2.235518122061007e-05 1.908754835918903e-05 6.146774083321917e-06 0.0 0.0 0.0 3.133216612648195e-05 5.145731133977001e-05 1.3720238818750067e-05 2.524274648006171e-05 1.5726403735940386e-05 8.649689876183015e-06 2.507695973151615e-05 0.019492615060097734 0.0003721513632799633 0.00038407153146109366 2.0601692615752523e-05 2.962441426603983e-05 1.1318947701463941e-05 0.0005002895478453043 0.00010463596714747202 0.00016851299559785123 0.00018061849878636612 2.3718869302529546e-05 6.747536634079119e-06 1.536088889836405e-05 9.699004507793125e-05 4.435615108169285e-05 5.036910175131696e-05 0.011370845849477836 0.00020553165698645307 7.22372145368727e-05 1.649458952584477e-05 4.6699198174646074e-05 1.3708939461546105e-05 1.6370276507481412e-05 7.697778268897136e-06 0.0005142055608022327 0.0004958487979581255 0.004700024246824245 0.015067151962841556 0.0039803759975656884 0.008790065001381272 3.6871510646816044e-05 0.00013434447961986436 1.4204506109362581e-05 0.005169331747903432 0.0002693433957976272 0.0002109283357897632 5.592796465436315e-05 0.00017972327661460748 8.071686134665022e-05 4.394078741141884e-05 0.0011610848844288149 4.8625551594576346e-05 0.0 0.03251825085778344 0.007574584925349938 0.027728769924491973 0.0017419107465202603 0.0003272389151112221 3.455772103881121e-05 9.99178931433375e-05 0.00010030811296226231 7.610269702668642e-05 0.0014857449628427751 5.9759176651191045e-06 0.0002023748908259058 0.00019273687910064427 9.03279755434289e-05 2.8958773645479737e-05 0.00010614177699486523 6.846236539859961e-06 4.3037246798764525e-05 2.7484998217511918e-05 6.415642844304302e-05 1.2879924847233629e-05 2.4441239536856372e-05 0.0013041583688602903 9.15046388139291e-05 2.2262272132375138e-05 0.0002001888026011297 0.001267109471286034 0.00041365338512406203 0.0008865754385888318 0.004599936843748834 0.0111162208471995 0.0004688615061372368 0.002507425782732595 0.0020641194372184265 0.0008894891583368882 0.004306488599694444 0.003069518012153744 0.0002668246930472722 0.0023483537148081975 0.006308347036492763 0.0055172341914863305 0.000605077051859042 3.3836209485577525e-05 2.127831940929065e-05 0.0 0.0 0.0 0.0 0.0 0.0 0.0 0.0 7.246631240388028e-06 0.0 0.0 0.0 0.0 0.0 1.8189761476474918e-05 7.984416010834864e-06 0.0 0.0004509459250880287 0.0004734245204676695 0.0 0.00011607186185672232 0.0 0.00024286722681472463 0.00018189232462988025 0.00013134347264647086 0.00010095211193468383 6.985652867518804e-05 0.0 0.0 0.0 4.568591585182434e-05 0.0 2.6629444845791285e-05 0.0 0.0001482626287198601 9.541097896758585e-05 0.0 0.0 0.0 1.6672259246278466e-05 0.0 3.69429614645184e-05 3.571511549527934e-05 7.218722301991419e-06 6.654037852913514e-05 0.000382842507445268 2.0497788082638126e-05 6.16354880738106e-05 6.815547782394843e-05 0.0011662317570883892 0.0001176130800654485 1.4729009331316999e-05 1.7248025265897964e-05 0.0 0.0 0.0 6.8057003019329975e-06 0.0 6.636071895563439e-06 0.000724652302699628 1.0044494974392339e-05 0.0 0.0 6.3285528014040526e-06 0.0002850651285556717 0.00011769887451465623 9.551540427249699e-05 0.00035837198260775895 0.0003352359522403197 0.0001735509357782102 2.060869959770208e-05 5.635590977976603e-06 7.208818365952008e-06 1.187972208668956e-05 0.0 1.8787144934268134e-05 6.10406925067264e-06 0.0 0.0 0.0 0.0013973532196726928 0.00034415028330251956 0.0002918798061186072
0.0022650259323796136 0.02027274790618227 0.2484411517871941 0.0004575733071515339 0.013567007973518355 0.00011266011119549293 0.001221934517559238 0.0 0.009321457861646123 0.0007143231345961889 0.1079637287156303 0.014248476164045957 0.04875685909688124 0.1682541902135554 0.0019211038851723744 0.002251733620142464 8.414900710038209e-05 0.00010557788725076061 0.0001018352816648005 0.0013631136927772154 0.0029995301758407775 0.0 0.0019887281191020324 0.004078213325994374 0.0007157223258188778 0.0005018505141738556 0.000948314691087024 0.0002932220266580926 8.82450858994948e-05 0.00034656847039973127 0.0820432685402952 0.08631645987780313 0.026648474015168466 0.0015891167474393214 0.001678311281195851 0.0006215388878779953 0.004561465703459628 0.004235299355208943 0.0008717565871082296 0.0009127921823453751 0.00362755959457766 0.00035108837399427446 0.0010802421760792217 0.00012069871631910393 0.0005256121640295628 7.020132802455708e-05 0.0023592689278641972 8.543128891799627e-05 9.117338468233151e-05 0.0002202297816141215 0.0007702757264509494 0.0 5.450363061053592e-05 4.2178345755523626e-05 3.1626070978714786e-05 6.686320398723125e-05 0.001149474960765758 0.0046493659761019015 0.0005331695662259823 0.0011422231995883527 0.011491566576260714 0.02159456405962942 7.44170529849823e-05 0.007935128234285188 3.680733930194403e-05 0.00014162010306579883 9.49306414178609e-05 0.0005360406604676571 0.003378929605445428 0.0049758822263383734 0.006438063730339259 0.0002357624762703732 0.0 0.0064594206775330605 0.004167733296279463 0.007719029349005351 0.004588224127150622 0.023258242200894272 0.11210054431419991 0.0672866640672681 0.009700742127538688 0.06746477416026575 0.0001937196810777407 0.0 5.363750418055633e-05 5.9577694118848894e-05 0.00019409671007157076 0.0 1.3603255238463631e-05 0.0 1.6194074323001127e-05 8.36053481300824e-06 0.01625642840403965 0.0010956670344010482 4.171437259670915e-05 0.006918160980710095 0.0006417767485062802 0.0 0.00045475244034519835 0.0012294184821755219 2.2980106861587945e-05 1.8334880126531613e-05 4.170174684249569e-05 6.009403240138683e-05 0.0004907866035138485 0.0005859416841833562 0.00020191354625114543 0.0002547340707454397 0.0005516128554844043 0.00015357455101181654 0.00030635849110991967 0.0006037270248936619 0.002306032972735897 0.0014982202279148252 0.0006480582015937592 3.0048435831822794e-05 0.00010815426586393343 0.0 7.262755592072732e-06 0.0 0.0 8.069534641449776e-06 1.836509828348882e-05 0.0 1.193805728471981e-05 0.0 0.0 0.00013951308098042938 7.862480204975905e-06 1.53921614765556e-05 5.181937857533294e-05 6.46548024165689e-06 3.219255737032419e-05 1.1168675934637167e-05 0.00025847760712728173 0.00045653288957897895 0.0 0.00010042898765051367 0.0 0.00016591471108734927 0.00028408707894316145 0.00024050244689993548 0.00016227514826277662 0.0002182865924816249 1.5033647439661204e-05 1.6718736712596684e-05 0.0 0.0 0.0 7.318010973512789e-06 5.7126044214286686e-05 5.902997251040794e-06 9.62408728672169e-05 9.084740883817326e-06 0.0 1.711400971779839e-05 7.710319030680853e-06 4.0734886869689246e-05 0.0 0.0 0.0 1.5688798964180808e-05 4.2945733131694136e-05 0.0 9.783577796072527e-05 0.00013748566125943216 0.0012278506330054791 2.8057713266456768e-05 0.0 0.0 0.0 0.0 0.0 0.0 0.0 9.663043798687986e-06 0.0014599748991186766 4.606052693980479e-05 6.805427811052213e-06 0.0 0.0 0.00020713752507318597 0.0001390963327062091 0.00015895267931590224 0.0002461939170522758 4.191121969992474e-05 3.7578536914494816e-05 7.925730540972974e-06 0.0 9.678386735124769e-06 0.0 0.0 0.0 0.0 7.098226731487233e-06 1.4616641612623591e-05 0.0 0.001058811751127044 0.0005560116608348506 0.0002847985510875738
0.000282385078752237 0.0963259679739877 0.06354737585328467 0.003571405963690028 0.4305874423391175 3.673714946283555e-05 0.31435428160611534 0.009321457861646123 0.0 0.021199268097199783 0.09211902988018997 0.007572085381438561 0.299808707904845 0.2000817703569032 0.0009208045191420362 0.0004966471040349164 1.640724048783136e-05 0.0 6.636693628064587e-06 0.0 0.0 0.0 7.101987517726576e-06 7.749700916880332e-06 0.0 1.032950498252425e-05 6.504088954298604e-06 0.0 0.0 1.9846472034674904e-05 0.0021233755220435827 6.072415082226866e-05 0.00016078465765696109 0.0 0.0 2.0901095190425084e-05 0.00011713471588541029 1.6874206410383758e-05 1.8837484147530104e-05 4.5486699262688874e-05 0.0 0.0 0.0 2.8890815759086644e-05 0.0 1.5048213596800776e-05 0.0019083107679871325 4.986308412527696e-05 2.7533395482530854e-05 0.0 0.0 0.0 0.0 0.0 3.2066666583401596e-05 2.6360468015646727e-05 0.0002990494203098037 0.0005750219593171012 0.00023424841649113384 0.0008185898869023099 5.771176568050907e-06 5.055287444331123e-05 0.0 0.0008120389058216573 1.761905739992815e-05 2.181133578207065e-05 5.866533438262196e-06 0.0 9.786151984971643e-06 0.0 0.0004346420637255643 1.0035510501910962e-05 0.0 0.0025544469466540327 0.0009708369236405135 0.003937855345572067 0.0005129179579434114 6.385030683047072e-05 0.0 0.0003635576071793413 5.19933925910768e-06 3.8291996851551666e-05 7.07911734264913e-05 0.0 2.513256950563292e-05 0.0 0.0 0.0 2.173812330309743e-05 0.0 4.9880161422385955e-06 0.0 1.405635760796226e-05 5.7094756698031734e-06 0.0 0.0008024216822144978 1.8801232558273025e-05 0.0 7.282520195278237e-06 8.397709368541674e-05 2.047395311470679e-05 4.288772399553068e-05 4.923014138019977e-05 2.5725170722713078e-05 0.00026894599798168214 0.000300931422619476 3.471042616465657e-05 0.0001737877813490701 0.0006316084623155325 0.0004169409072442522 0.0 0.00041278853873158477 0.0012178042743789 0.0005564742329063386 0.00021365362474557015 0.0 0.0 0.0 0.0 0.0 0.0 0.0 0.0 0.0 0.0 0.0 0.0 0.0 0.0 0.0 0.0 0.0 0.0 0.0 0.00021646907779168437 0.00014182416937448552 0.0 0.0 0.0 0.0 5.561283178381647e-05 3.907916067835728e-05 1.0006031006433991e-05 3.078955127530394e-05 0.0 0.0 0.0 0.0 0.0 0.0 0.0 0.0 2.9628560866399604e-05 0.0 0.0 0.0 1.3373908060328869e-05 3.6146231610969765e-05 0.0 0.0 0.0 0.0 0.0 0.0 0.0 2.4336262553810418e-05 0.00042307250940620806 0.0 0.0 0.0 0.0 0.0 0.0 0.0 0.0 0.0 0.00017325672495323028 7.383845079373785e-06 0.0 0.0 1.5769805506513485e-05 6.788493507267423e-05 2.6839218524911025e-05 3.361585141587486e-05 1.867041581616527e-05 0.0 8.166304446417196e-06 0.0 0.0 6.704672118683068e-06 0.0 0.0 0.0 0.0 0.0 0.0 0.0 0.000479330373979455 0.00011984150276192245 8.558852285258242e-05
0.09037032968289013 0.06630459059273856 0.0029688901571557156 0.1985729982626903 0.07340842948150313 0.042412695581891285 0.09908862007013684 0.0007143231345961889 0.021199268097199783 0.0 0.0036223282780758516 0.21531400767521788 0.46648721956008377 0.03976371333636385 0.0031240451635177737 0.0010218793524186722 0.00011098838942888496 6.679505087580259e-06 0.0 0.0 0.0 9.263939952880618e-06 0.0 3.254297137111208e-05 2.125368551251981e-05 0.0 1.531039000235531e-05 1.0935731773854919e-05 7.417258436583373e-06 5.960807401897541e-05 0.009948205466281298 0.00034631326337341493 0.0007120637823818755 1.554365970989872e-05 0.0 0.0 0.0014833381827598455 6.198363921554502e-05 0.00022678873034873265 8.27804595119043e-05 0.0 1.5950764691530727e-05 0.0 5.816543827194538e-05 4.281062710496579e-05 1.4224699280456207e-05 0.008741902610108812 0.0002516273244326608 9.09381374842563e-05 3.737693538627044e-05 5.6815932593467583e-05 6.262322373267673e-05 2.152224201646641e-05 4.9232098781611836e-05 0.0007757237205926993 0.0006406442588921469 0.010646467983212976 0.02512923127187809 0.00572157820031707 0.008553659427058226 7.533323068417409e-06 5.0215394229906376e-05 0.0 0.0025856858266349553 0.00025586443245819595 0.00020375521475940526 4.8191650302718806e-05 9.380603961631247e-05 9.223717311264087e-05 2.2253122310984998e-05 0.009571361566904366 0.0006659528863526823 0.0 0.03759529654698907 0.004653613364605695 0.018936752923611425 0.0009748625421700588 0.0002168398631901155 2.7118294516130566e-05 0.00011697241279627256 3.294836414161417e-05 7.031136746578141e-05 0.0014095818155943226 8.569691395577555e-06 0.00032782905515357937 0.0002028484243453013 8.699149675350048e-05 7.248219311059974e-06 0.00010750824252636725 2.043115710836016e-05 2.2694098063630258e-05 1.959657883808671e-05 3.616732209607913e-05 2.0480226586232453e-05 6.692152527740936e-05 0.03015427575279485 0.004253461430272655 5.837794870730257e-05 0.0001921899450887189 0.023847881572937137 0.00016372136759970767 0.0011694112342563727 0.0029674518343881648 0.001760615163429164 0.002385902055200172 0.007193572238468221 0.0015039709635459723 0.0029351216031895232 0.014684598449746506 0.009617840225177018 0.0010647403805495758 0.008841759976794752 0.030158412511546363 0.02071813039938027 0.0020895830203013256 3.6950514973546435e-05 9.06940850704606e-05 1.2252973295794267e-05 1.3662417696143299e-05 0.0 0.0 0.0 0.0 0.0 0.0 0.0 0.0 1.9215109633685138e-05 0.0 0.0 0.0 3.5044148682455886e-05 0.0 8.9892485408241e-06 0.0015102719247140507 0.00126030696309372 0.0 0.0 0.0 0.00042114267490239813 0.00044749314214214607 0.0006783659570552863 0.0002446562278322534 0.00021560183873353374 0.0 0.0 0.0 3.2282943471160105e-05 0.0 0.0 0.0 3.60342394042841e-05 0.0001512949963545087 0.0 0.0 0.0 9.46988021586652e-06 0.0 0.0 0.0 0.0 5.09330023126399e-05 0.0002961379989630897 9.110136621821971e-05 4.1640028945762014e-05 0.00022342585651586813 0.003251334704853485 6.617124610468593e-05 0.0 0.0 0.0 0.0 1.0123295834397e-05 1.7271049457560197e-05 0.0 0.0 0.0027767445595715144 8.662896360489093e-05 2.7618541413744423e-05 0.0 0.0 0.001905759558465485 0.0002984537526688798 0.0005862442407498304 9.555236516221314e-05 0.0001354938410039585 8.615445241500062e-05 3.099388131807561e-05 1.8800588676229578e-05 0.0 7.15323486222261e-06 8.69071288893482e-06 0.0 8.13458321121778e-06 0.0 0.0 0.0 0.007461272102685312 0.0006353141585223399 0.0005801127117328746
0.0010584590062732591 0.019689446520070306 0.17103363131094662 0.0009700105015528606 0.06368222384711718 6.655767835187837e-05 0.009475436041191635 0.1079637287156303 0.09211902988018997 0.0036223282780758516 0.0 0.016209767787792147 0.1408875412032695 0.3285736241001241 0.0008716134304955352 0.0007324789810025659 7.164536279849111e-06 3.857733858771235e-05 0.0 6.202975559281328e-05 8.527798884514279e-05 0.0 0.00012394661651386881 0.00053185708170458 0.0003303674256672806 0.00017509183513654843 0.00033196454519991274 7.748423454906141e-05 1.9193666301215964e-05 0.00021499486915987768 0.013426691624963658 0.003300442992329621 0.016316514727885208 2.9950737806501556e-05 0.00011630266317806398 9.209774225900319e-05 0.004914031937669553 0.0023195562598849876 0.0005329859897892349 0.0005937432840533606 0.0005093878071614 6.0904963202179994e-05 4.120388333865385e-05 7.7827847095048e-05 0.0 1.1831269190262065e-05 0.0012055572711574126 1.5150750524454904e-05 1.715052349582356e-05 5.871827333402253e-05 3.31003012449581e-05 0.0 0.0 0.0 2.791416568858607e-05 3.691100894688898e-05 0.0004385046796525206 0.0008363625281982965 0.00022111678785100583 0.0005601593490977206 7.638103384132009e-05 0.0018586142566616 9.942466971105351e-06 0.0013888783973422909 5.675157271993325e-06 1.321193669921993e-05 1.9455773167509805e-05 6.378436352221515e-05 5.9266314307957026e-05 0.0001965359279016381 0.0027063326197909695 2.424654351477151e-05 0.0 0.0026233544663421867 0.0012200012802676052 0.0035770443109982564 0.0007003118750016546 0.00025479542085675015 0.001696462557585037 0.030110394484809316 4.20761467371659e-05 0.0026904803154811007 9.329211408856775e-05 0.0 1.268711050603252e-05 4.0737325379764175e-05 4.8178164837200945e-06 0.0 0.0 0.0 7.009446214914849e-06 0.0 0.0005555276310079358 0.00019567430349490627 1.8559139091206275e-05 0.0015990089024977639 0.0002033351770206015 0.0 0.00012638815901566585 0.00028370552989738653 0.0 0.0 7.062553605857987e-05 0.0 0.00010247778116471931 6.552421419028696e-05 0.0 5.6044461459824746e-05 9.8999124462803e-05 4.011168477216526e-05 2.7797382999497184e-05 0.0001181042997368133 0.0003677308019279274 0.00032270643109176127 5.8303375834347965e-05 0.0 0.0 0.0 0.0 0.0 0.0 0.0 0.0 0.0 0.0 8.656878690421644e-06 0.0 0.0 0.0 0.0 7.467983463965772e-06 0.0 0.0 0.0 3.7490686163593164e-05 0.00012673435275598825 0.0 0.0 0.0 3.215178006296017e-05 0.0 1.8999607464801296e-05 2.1570087603350537e-05 7.684820271549257e-06 6.565680083535572e-05 0.0 0.0 0.0 0.0 0.0 0.0 0.0 0.0 0.0 0.0 7.554383677399958e-06 0.0 1.7390668833379662e-05 0.0 0.0 0.0 0.0 0.0 2.5624626223654187e-05 0.0 0.0 0.00036851181796898223 0.0 0.0 0.0 0.0 0.0 0.0 0.0 0.0 0.0 0.00018830315731474607 4.188611551170937e-05 0.0 0.0 0.0 0.00014168999156811103 1.3998072890284217e-05 4.554468624931003e-05 4.61409766529463e-05 0.0 0.0 0.0 0.0 0.0 0.0 0.0 0.0 0.0 0.0 0.0 0.0 0.00018953011627208214 4.013226427248495e-05 1.6896261173241385e-05
0.008046878644204633 0.015533855176884282 0.014654129794858696 0.04331367670367066 0.008417891392234257 0.01526022764185624 0.010863946136974872 0.014248476164045957 0.007572085381438561 0.21531400767521788 0.016209767787792147 0.0 0.04460028337394956 0.007449429446569892 0.00839745391787039 0.008548440307742745 0.0002946694013769624 4.0478641905518906e-05 4.977220558345422e-06 1.0117585373330116e-05 0.00020776383171237063 9.166591169179732e-06 0.00019639103383763823 0.00039013631257479235 0.0003890315083432101 0.00012304512756695766 0.00016630335004708094 0.00012996123818617204 2.8425373003896216e-05 0.0001412856439469418 0.0030405082415051066 0.0010103546911007012 0.010768876411369461 7.998494723512265e-05 5.912126880290047e-05 2.210254817715063e-05 0.03655081699717335 0.002945466688057076 0.0005493240479845794 0.00295279637750554 0.0006793284386301973 0.00018088761108929266 9.718462520124823e-05 0.00048499054888895586 4.062337886230025e-05 6.650857178640035e-05 0.0068502520025668125 7.304840804153963e-05 0.00010954722327823085 9.136172481598916e-05 0.00010203070089519661 3.0229908577157888e-05 8.644985313399682e-05 9.478423757924551e-06 3.082833306343894e-05 7.281753151477531e-05 0.0007685592487010545 0.0010166716349664154 0.0007248996394269506 0.0012349006566667715 2.6641709510954774e-05 0.0015179956699731016 0.0 0.002479043348934412 3.2359920342112104e-05 2.9105146577757063e-05 1.737734820166493e-05 5.3015773224725194e-05 7.575629209305383e-05 0.00017844157995699434 0.02910066244927906 0.0006301552890525323 2.103030016700169e-05 0.004287120882804984 0.002761158819336996 0.010211501970068818 0.002943707579649744 0.0011956958766621616 0.00014126396624140883 0.0021915135573605275 0.00014329158324786416 0.0005016877881829918 0.0003065509335448525 8.735962858525418e-06 5.673661611272253e-05 4.5648026741754374e-05 3.652184148877601e-05 0.0 1.651915336824928e-05 1.5969055577515205e-05 1.694265158670733e-05 2.1974131312195197e-05 0.0008805974914075118 0.000156809539053635 6.262908048374388e-05 0.0774723737663787 0.007806133836497808 0.0 0.0013171243833122607 0.001657792781745851 0.0003153874027846198 0.0009009332524976327 0.0031200901664858584 0.0013654038982737332 0.002969708503417226 0.0066431093604342505 0.0014141896142388522 0.002715819786951939 0.011162597694843446 0.007751526975627434 0.0014598656982694259 0.011691889203305753 0.0368688198823003 0.01943992412845456 0.004305291301034662 0.00011055856622833772 3.499137817059788e-05 0.0 9.53100986196531e-06 9.71745337667578e-06 0.0 0.0 3.0145716621579894e-05 0.0 1.2176334849244296e-05 0.0 1.2576268015123629e-05 1.1279334017728825e-05 0.0 2.932835112119738e-05 1.740097867265927e-05 6.66973713942842e-05 0.0 0.0 0.002370317470347592 0.0024748791371129904 0.0 7.201277116438082e-05 0.0 0.0012148335226500695 0.0005544104250930911 0.0012721772268107442 0.0003669636994051729 0.0005237860305921415 8.508066732963762e-06 0.0 0.0 0.00011232434782916872 4.661965092657666e-05 7.901437644132344e-05 0.0 7.612075611513529e-05 6.969165726935545e-05 0.0 0.0 0.0 3.5272598031469266e-05 8.931301217336812e-06 0.0 1.234516072103491e-05 0.0 7.921782771388221e-06 0.00013859362411876674 9.676871912474085e-05 0.0002609155727355511 0.00029726873927848744 0.006231000189373287 8.877081455775429e-05 0.0 2.1638505994181093e-05 0.0 0.0 0.0 6.654178888836311e-06 0.0 0.0 0.005775482625026077 0.00028144098541827545 1.636859932353466e-05 0.0 9.640321458927718e-06 0.002181934487112628 0.00047868899225876366 0.0008070783257508423 0.0003856151098838383 0.00022121178363216718 0.0001964585193721642 9.585672356819768e-05 9.85918701005369e-05 0.0 0.0 0.0 8.4259176863332e-06 0.0 0.0 0.0 0.0 0.012802235882404714 0.001611927065181582 0.001045590553343617
