0.0 0.20592665910528044 0.005545816951865263 0.16394561447407788 0.0020168084421055828 0.008462013954191567 0.04178295029462286 0.0020986448074960355 0.00047378997832869867 0.06898755681756216 0.009967815443983225 0.006471821369311601 0.0038444090798288883 0.0032362348867850475 0.0009519066898591211 0.0002792261475748579 5.477775297157944e-06 1.1563657404404659e-05 4.918623266544577e-06 1.2639604037866633e-05 5.5023710156562657e-05 1.8429280485706858e-05 7.85921741217212e-05 0.0 0.0 0.0 0.0 0.0 0.0 0.0 0.03069944305461628 7.658109782604013e-05 0.0013628058845415918 1.2658149187779162e-05 1.575236131765403e-05 5.23025106670805e-06 0.00012461049919324746 3.0744938301306514e-05 8.355686721159e-06 3.126550563383811e-05 7.813513615863918e-06 0.0 7.41631819684822e-05 5.9792715057682255e-05 0.0 5.55922767730625e-05 0.004145579365013714 0.00011290202388538167 1.0525509073237624e-05 0.0001020489017527374 7.109141864735527e-06 0.0 1.2139024948977483e-05 0.0 0.0022597979586003805 0.0005238579876424143 0.01666116576894837 0.05131882864660205 0.003514588657932255 0.005205072097006348 8.935977612298323e-05 0.0001856675112944994 0.00011425065202662045 0.0002557064590285491 0.0009545999205832075 0.000305911760076862 1.0672044241819883e-05 2.1042020153346436e-05 6.667029373547436e-05 9.109520058400372e-05 0.0001285586209941777 0.0002396399855403257 1.251396253521584e-05 0.037574103530513436 0.005465337962243088 0.008605036566144543 0.0006600980172003003 0.0003249397537190181 5.253964675694332e-05 0.004201943313584856 4.732906174144939e-05 0.00047109585572671826 0.0030206589956693324 0.0002355992631728782 0.00028725379192033 6.447594740914771e-05 4.451089095020259e-05 2.9132100055756667e-05 1.897476540081612e-05 8.76346823414798e-06 0.0 0.0 6.646461552926606e-05 2.0086398231813608e-05 0.0 0.0029033356219530246 0.00025858983171681926 0.0 1.1865751181743282e-05 0.07447421708479723 1.1300227539337199e-05 3.357170321644714e-05 6.790444711214817e-05 0.0001290496730376576 0.00016956218837683589 0.0002546419430436589 0.0007662959308112989 0.00034978756049849473 0.0007846100428952383 0.0006728333883200784 9.560495632333593e-05 0.0003600013748704659 0.0015924263480051307 0.0005999767454903543 0.00013688847937479918 9.521119531143168e-06 0.0 0.0 0.0 0.0 0.0 0.0 0.0 6.949995879290609e-05 0.0 0.0 0.0 3.8936576540613795e-05 0.0 0.0 0.0 5.227844268746668e-06 0.0 0.0 5.8559485983363306e-05 2.7934820679022922e-05 0.0 0.0 0.0 0.00016711657833570973 4.455308091999186e-05 7.59829248036491e-05 9.980872611870815e-05 0.0 0.0 0.0 0.0 0.0 0.0 9.277968744819692e-05 0.0 0.0 0.0 0.0 0.0 0.0 0.0 0.0 2.929304605026356e-05 0.0 0.0 0.0 0.0 0.0 0.0 0.0 0.00014570201097663775 0.0 0.0 0.0 0.0 0.0 0.0 0.0 0.0 0.0 0.0003742200944831967 0.0 0.0 0.0 0.0 3.8269272104882445e-05 0.0 5.470534791899292e-05 0.0 2.6857043089608403e-05 0.0 0.0 0.0 0.0 0.0 0.0 0.0 0.0 0.0 0.0 0.0 0.0015847760615882531 6.987580754754052e-05 8.699278390742131e-05
0.20592665910528044 0.0 0.10018965250739686 0.16814051412104555 0.1624125338962043 0.006768121928958722 0.19284994836177893 0.0394510711114526 0.04752959392795266 0.20746556424421747 0.13648020515735054 0.007870497814000553 0.1098185909519207 0.16274902805527464 0.007253088279132076 0.002692494695800549 2.8133100362030027e-05 8.847282920972023e-05 1.4629981624818069e-05 0.00027660401835794105 0.0003120759763982488 8.434412491447647e-06 0.00014725085770156057 7.915200460339697e-05 8.684538066624555e-05 5.406218944575613e-05 2.2180981879681335e-05 1.7031794017503074e-05 1.9392412569091212e-05 0.0 0.1425842969826405 0.004237736543855493 0.019161152216762543 7.287895126928657e-05 4.055510835733013e-05 3.839541557102348e-05 0.004073703727122767 0.00015082885099737683 6.037193249394636e-05 5.7269942597808146e-05 0.0002376643889927643 2.8741047101995174e-05 0.0010686353562764327 0.00021119556725747405 2.052767954862387e-05 0.00023896542007752496 0.025327142422125398 0.00012584836989071527 3.243805130341824e-05 0.0003487759275780881 2.3315514588826387e-05 0.0 0.0 7.717257293984808e-06 0.002568473638420103 0.0006664014637465252 0.01164176700855771 0.06713545067522046 0.0043977774468849555 0.01303300978931765 0.0014715133993039077 0.0013391655240543165 0.000978047816037326 0.0033177228858193484 0.0011172148004529106 0.0003551686998202752 1.8236596279610993e-05 9.45806347673604e-05 0.0006235930519528474 0.0010255007884719094 0.0008299004384082369 9.927159275969001e-05 1.1919008564054494e-05 0.052792226058947934 0.01618291568165527 0.031242503045669626 0.004245525237162162 0.0013093065192992597 0.0005084217804154964 0.03282538575473984 0.0002800057387396951 0.0028961960819509397 0.003821642102979734 0.00017851194745216765 0.00042181771695283 0.00012035748443999617 0.000173154847379466 1.1775513496512477e-05 1.1096277269591616e-05 2.0990954089984027e-05 0.0 1.2539288912263082e-05 0.0011937105550455767 0.00016871601583885864 4.5442932079908125e-05 0.0008079876482745828 0.00040611210965566967 0.0 0.0001089340533891219 0.04728787938271606 5.507628703563036e-05 5.605244308097081e-05 0.00010022159457813875 0.0008400249841348795 0.00041376919987367347 0.0004956073559973306 0.00041424039419222716 0.00040784330498193675 0.0008302614782138189 0.0009777250317599818 0.0003593136967914868 0.00034431265004611345 0.002382158554821317 0.0015620145299963559 0.0006447086021644439 6.410340553909293e-05 0.0 0.0 0.0 0.0 0.0 0.0 1.1437961724173564e-05 0.0 0.0 0.0 0.0 1.6579365663545275e-05 4.708209365207004e-05 8.20513379247375e-06 0.0 6.118554882095928e-05 0.0 0.0 0.00011301309079805829 8.142352155719587e-05 0.0 0.0 0.0 0.0010837725106479245 0.00018646975032964852 0.0006966705603600221 0.00017874190008740563 0.0001353490776080427 0.0 0.0 0.0 2.9217862344505396e-05 0.0 4.120765145460972e-05 7.486858104145534e-06 0.0 2.3933849058942392e-05 0.0 0.0 6.335506129369603e-06 1.9717025750206625e-05 0.0 0.0 0.0 0.0 0.0 0.0 0.0 5.882195747987008e-05 0.0 0.0006221841368882528 5.821855550010727e-05 0.0 0.0 0.0 0.0 0.0 6.624875563188653e-06 0.0 2.2542239626892942e-05 0.0009368615593912653 0.0 9.104739379462003e-06 6.929135212430788e-06 8.57181176033304e-06 0.0005006952017046458 3.518536110311719e-05 0.00032369617959991464 6.444679289352855e-06 2.374947946967833e-05 7.186290739088355e-06 0.0 3.989581850955784e-05 0.0 0.0 7.57971437242436e-06 0.0 0.0 0.0 8.616862880973061e-06 1.4522472783684306e-05 0.0027019220737524987 0.0007695797546217687 0.0008524639341162388
0.005545816951865263 0.10018965250739686 0.0 0.0006661069917696884 0.05815578224158753 0.00012869041945048107 0.006305054719862711 0.3830549201044051 0.025897818950013512 0.008697470135606173 0.2523904219208263 0.0028249828819535304 0.03572701981239866 0.08380950329046749 0.002010320372320513 0.001208314821610253 0.0 0.00010041935300715349 2.9034094454731678e-05 0.0011253905412663247 0.0019186435380622508 9.882739283095895e-06 0.0007648197838321643 0.000434833464438533 0.00047445935300469556 0.0001598141887359559 0.00011133154799283117 7.255850770967348e-05 6.274921475584012e-05 6.451533122653894e-05 0.2887009357215279 0.04290093229640261 0.05054013768905131 0.00031722549507201585 0.00013303515848893174 0.0004765150067776252 0.004447727889207667 0.0006993839094360311 4.259891858285633e-05 0.00012658176071351205 0.0009736732354130327 0.0003579686952646387 0.0036790957763961143 0.0001919728265568084 8.073189097747182e-05 0.00019161142515692177 0.005418192155756581 7.760389461147906e-05 1.317642915928777e-05 0.0007324257321118052 6.389013221073672e-05 0.0 1.0578511164223468e-05 0.00010591293625510996 0.00031570055051047626 7.404275834142543e-05 0.0032862936124420294 0.04219693960856528 0.001121908313410675 0.0010735600839607944 0.006596261479604357 0.009475254798280494 0.0023718415846947023 0.011397057531196703 0.0001939090302573818 2.227013231938013e-05 2.7537279549583817e-05 0.0003502406644304615 0.002547294560480802 0.006355862059832122 0.0008133570454267048 0.0 5.672017929559974e-06 0.010095890627757008 0.003900710792315093 0.0041095769530533404 0.0013664570060786048 0.0019180239628434582 0.010323988127834619 0.22721095836667468 0.0009529515135248799 0.04562100654586195 0.0006570811681924821 2.2799014679179736e-05 5.576234101850901e-05 0.0 0.0003998299409436731 0.0 0.0 1.0459322539735845e-05 2.804986636036215e-05 0.0 0.007177603983845301 0.0006629506030681265 0.00018132797494550278 0.00032659281430314526 0.0001927332684096255 5.385465729916727e-06 0.0001228216433249608 0.002701038775206746 8.572625244910027e-06 0.0 2.52838558554254e-05 1.4766242343644652e-05 0.00017089268385655766 0.0001424692704678516 0.00010847098734935865 6.20123348147845e-05 0.00022744124499520302 0.00014388505664511165 0.0001675122376151057 0.0001328046919875533 0.0007907909262104206 0.0003943442807563999 0.0001392092572934894 0.0 0.0 0.0 2.14022608396187e-05 0.0 0.0 0.0 0.0 0.0 0.0 1.336144682733441e-05 0.0 0.0 0.0 0.0 7.650196941782518e-06 0.0 0.0 0.0 3.582344986823342e-05 7.848275921480767e-05 0.0 0.0 5.614385215115757e-05 0.0005970529074852683 4.410684317545622e-05 0.0005074968287505227 5.7686119993999406e-05 8.971531485198308e-06 4.0403908991607156e-05 0.0 0.0 0.0 7.246197188073234e-06 0.0 0.0 0.0 0.0 0.0 0.0 1.3450499583214173e-05 7.360235248506051e-06 1.0203418022659846e-05 0.0 0.0 0.0 0.0 0.0 0.0 5.011323240712954e-05 0.0 0.00035827628355157977 0.0 0.0 0.0 1.0641820539862136e-05 0.0 0.0 1.4707277845771877e-05 1.252438063764656e-05 2.1348863498558365e-05 0.0004141589997656723 0.0 0.0 0.0 2.7751416435735185e-05 0.0001459058721817248 3.5704342099680034e-05 0.0001502032706863314 0.0 1.3673121827662539e-05 9.194783831323059e-05 0.0 0.0 8.781222883911534e-06 0.0 0.0 0.0 0.0 0.0 6.907315602399589e-06 0.0 0.000785571161788991 0.0003241601063244195 0.0006170064557231972
0.16394561447407788 0.16814051412104555 0.0006661069917696884 0.0 0.001570117300586516 0.05843726088034547 0.08383084055585949 2.3575846891783597e-05 0.0005547949403179146 0.18381455672919794 9.62001151021683e-05 0.012602198308781197 0.03374384023167762 0.0010019420227040617 0.0005973221450227699 0.00014249512712848786 0.0 1.0788262949859929e-05 0.0 0.0 0.0 0.0 0.0 0.0 0.0 0.0 0.0 0.0 0.0 0.0 0.0007905502743239447 2.9633872282721147e-05 0.00016608163304876003 0.0 6.628511617612237e-06 0.0 3.4661148686565304e-05 0.0 0.0 1.5168906537912198e-05 0.0 0.0 2.670307615249157e-05 4.639198455939288e-05 4.991983814638272e-06 9.484654325672677e-06 0.0026424554539611024 5.392575511241085e-05 0.0 2.2196231637228254e-05 0.0 7.657684119206032e-06 0.0 0.0 0.0005857940199023201 0.00020070428035579512 0.001744035294593452 0.005514205427980855 0.0006940958549955008 0.0023019867627508054 1.1468187067876168e-05 2.9470225617923345e-05 5.214455018559733e-06 0.0002686675975654867 0.0002831863731397515 0.00010495022035404708 0.0 0.0 2.306852844025361e-05 0.0 2.5777966059139017e-05 0.0 0.0 0.011207661325920664 0.0019458994988843614 0.003968523958823589 0.00027402723002963145 0.0001027908321114115 4.089377938922578e-06 9.422995683444803e-05 0.0 4.374529442896859e-05 0.0010342398476539496 5.900310227179744e-05 4.817558725457107e-05 2.524015424905841e-05 3.410536715814478e-05 0.0 0.0 6.4897792519023945e-06 0.0 0.0 0.0 0.0 0.0 0.0008713832508157949 0.0002095664260750511 6.476470857649698e-06 0.0 0.013591888498142744 0.0 0.00029972498084545967 0.011058018368389001 0.008389989254486703 0.00017354695187080885 0.0017034102240998839 0.0031506334369069758 0.0003257669460446955 0.00436987987124021 0.0022076487516054944 0.00016939831720342883 0.0007457109851498578 0.0033491851611413604 0.0009078917068232515 0.00017223764392934813 0.0 0.0 0.0 2.129754173343438e-05 0.0 0.0 0.0 0.0 0.0 0.0 0.0 5.430121354220531e-05 0.0 0.0 0.0 0.0 0.0 0.0 0.0 2.9038724175230377e-05 1.7639118536167157e-05 0.0 0.0 0.0 0.00016650082304676514 3.623380481628683e-05 0.0002487289928996888 3.776735622524292e-05 3.225977094583137e-05 0.0 0.0 0.0 0.0 0.0 0.0 0.0 0.0 0.0 0.0 0.0 1.443200279155614e-05 1.903073043083389e-05 0.0 2.6989584435459878e-05 0.0 0.0 1.534463069875564e-05 1.3866759066648291e-05 0.0 0.0 0.0 0.00012412074289689645 2.856001764264409e-05 0.0 6.041626001554033e-06 0.0 0.0 0.0 0.0 0.0 0.0 0.0003711453029636797 0.0 0.0 6.455165934631384e-06 0.0 4.941318090759417e-05 0.0 7.56746071715549e-05 1.237601081918583e-05 1.2901907255525503e-05 0.0 7.415388517778928e-05 7.374295151467355e-06 0.0 5.704114451964133e-05 0.0 0.0 0.0 0.0 0.0 0.0 0.00200432667377659 0.0001383357899263805 9.291061003361869e-05
0.0020168084421055828 0.1624125338962043 0.05815578224158753 0.001570117300586516 0.0 8.777528219196532e-05 0.11802629596884942 0.10591380873373628 0.25579013299772746 0.03175874526663298 0.24246849365974577 0.0023870148906983964 0.061026742526890686 0.22691746900820145 0.002045004691773127 0.0008981016284407965 8.250941757493165e-06 0.0 0.0 5.6374182387712815e-05 0.00010477741193207087 0.0 6.316867974610885e-05 2.2486075945747397e-05 1.8718392576019465e-05 1.648954826499804e-05 7.444937790949138e-06 0.0 2.417128969247632e-05 2.3978749139055507e-05 0.007502266913934265 0.0019518890782904367 0.0029316742511224804 6.720582721412871e-06 7.561250488882288e-06 4.209414935065413e-05 0.0009439475263855896 9.117984730712163e-05 4.9492885978690425e-06 1.1984238781176664e-05 4.1664805981576604e-05 3.994986803376289e-05 0.00017190026700283657 5.6784028394860374e-05 7.561758608915745e-06 2.1164064182577804e-05 0.006660964697037643 1.6195050841115982e-05 0.0 5.733160078855616e-05 7.697221439741487e-06 0.0 0.0 0.0 0.0001471925104997543 1.9271465635860997e-05 0.000802626442197992 0.004443375017786064 0.00036363711325816195 0.0017641730855958548 0.00041260392179814215 0.000527723028944821 4.336253187630224e-05 0.0009662245002662281 7.440108146970388e-05 2.625412952894073e-05 1.258508087027014e-05 2.2932629726168143e-05 0.00022053420479550327 0.0004528562948663305 0.00031340080785821145 4.3167390799026835e-06 0.0 0.004017419609626639 0.0025987700019530686 0.006273976212662094 0.0011961688758858277 0.0003706708399311144 0.00015653651777477678 0.00499786530443597 8.869521873683506e-05 0.0013476588431721311 0.0002629619443881547 0.0 5.311285007135749e-05 5.500410443947206e-06 6.370736332270893e-06 0.0 0.0 0.0 7.145229879324959e-06 0.0 0.00047734255454106434 3.599806338868062e-05 1.9948424352228025e-05 0.00026036445899286045 6.3241164423321e-05 0.0 1.956092536564722e-05 0.0002501554434411083 0.0 0.0 4.019567910345378e-05 0.0 9.778489633853632e-05 0.00022862196327068477 7.601562220467118e-05 9.779286044284102e-05 0.00031832838643251857 0.00016388304896851945 5.559193693187692e-05 0.00012343335663806573 0.0006622171625825478 0.0005830039172020331 0.0001248755966606541 6.513024306906286e-06 7.657084061460546e-06 0.0 0.0 0.0 0.0 0.0 0.0 0.0 0.0 0.0 0.0 0.0 0.0 1.791285979024959e-05 0.0 0.0 0.0 0.0 8.982273257627725e-05 3.428720148291235e-05 0.0 0.0 0.0 0.00048010688266795815 8.958860498386614e-05 0.0003285351585399227 0.00011975503549312326 5.384565109731417e-05 0.0 0.0 0.0 0.0 1.2822957387063782e-05 0.0 0.0 0.0 0.0 0.0 0.0 0.0 0.0 0.0 0.0 0.0 0.0 0.0 0.0 0.0 1.6414611641840958e-05 0.0 0.00018974862756286184 0.0 0.0 0.0 0.0 0.0 0.0 0.0 0.0 0.0 0.00039112226125197067 0.0 0.0 0.0 8.126515556473284e-06 0.00019622719328694997 0.0 0.00020121009168554575 1.683596710131337e-05 6.007880346440316e-06 0.0 2.2100387803744638e-05 0.0 0.0 0.0 0.0 0.0 0.0 0.0 0.0 0.0 0.000817117248185989 0.0003214276896131971 0.00040252968200699276
0.008462013954191567 0.006768121928958722 0.00012869041945048107 0.05843726088034547 8.777528219196532e-05 0.0 0.002196121659963433 0.0 0.0002264111921079293 0.0675930258976654 0.0002744650353621417 0.017360974539379577 0.006706141796558885 0.0003794345462182667 0.00025405720318812965 0.00028294918943928783 1.2310780602063658e-05 0.0 9.350356723259686e-06 0.0 0.0 0.00021039441382611208 0.0 0.0 1.2597827377345282e-05 0.0 7.238594267637248e-06 0.0 2.368846730553179e-05 0.0 9.506120344905153e-05 7.1065446243706546e-06 0.002418859941296598 6.7683796603273916e-06 0.0 5.329057921310839e-05 0.0019073811543836284 0.0002879515236343814 0.00011942221153553832 8.242781628852476e-05 7.150096831955602e-06 1.578353805250167e-05 2.2908760808118323e-05 0.00018295404072937106 1.0613894459832736e-05 0.00016644888029164877 0.0004938457764885459 0.0 6.826578694660268e-06 0.0 0.0 0.00048629393155595336 3.1942226297200766e-05 0.0002087345555974016 5.1127791327308775e-05 3.2055646240694655e-05 0.009636703776211617 0.0013692044435239664 0.00048063112381504505 0.0001295251863764957 0.0002112489933290694 0.0022176834052341993 6.518065982233408e-05 3.8534283380684086e-05 1.5823191526485803e-05 6.604978846822025e-06 3.245157107232136e-05 2.6061341892918842e-05 1.2079546174528035e-05 9.254930303406135e-06 0.010043339357446477 0.0026832798376160657 0.00037978805739236727 0.0008387799308036593 0.00015274597762270385 0.00013707897554543597 5.825071481925221e-05 5.609848868855837e-05 7.240724431590106e-06 0.0004825505139960946 0.00015120382306025722 0.0002992984054582122 5.017567001624877e-05 4.866174156270429e-05 6.51984452548137e-06 9.349635422656456e-05 0.0 0.000244888057747464 7.619794166504415e-05 0.00025246826300160085 0.0 5.685966686394414e-05 6.532173618926449e-06 1.8854118086022442e-05 0.00011266764141208139 0.011103761958950804 0.004555244702654457 0.00028014879546136017 0.000580811689137009 0.027731657718284754 0.0 7.229579857059852e-05 3.806621617564809e-05 9.663605746470132e-05 9.565938591147557e-05 0.0001630465906348652 0.00019534932029751541 9.488533850858658e-05 0.0003713599951700292 0.0002883734783307269 8.612100179140885e-06 0.00014767005098305534 0.0005140727015131988 0.00026439858565034213 7.955026604839243e-05 2.3341297370944067e-05 7.694681660446636e-06 0.0 8.367704293517329e-06 0.0 0.0 0.0 0.0 0.0 0.0 0.0 1.5698356120560136e-05 2.035748478446115e-05 0.0 4.222723657667079e-05 0.0 3.91300389337722e-05 0.0 4.027917988866103e-05 1.4166898757170039e-05 0.0 0.0 0.0 0.0 4.5112911401667675e-05 0.0 5.1490111693879524e-05 4.69910182665256e-05 6.0589839236727224e-05 0.0 9.228255232958297e-06 1.1384160103442022e-05 0.0 0.0 0.0 0.0 0.0 0.0 0.0 0.0 5.8975165109990235e-06 7.874890616761458e-05 0.0 0.0 0.0 1.1253044612999458e-05 0.0 7.571814296169129e-06 0.0 0.0 0.0 9.195632695501727e-05 0.0 0.0 0.0 0.0 0.0 9.235222798134358e-06 0.0 0.0 0.0 0.00019497958375898626 0.00017636494699535584 0.0 0.0 0.0 1.8751369484103568e-05 0.0 2.711097176674817e-05 0.0 0.0 0.0 0.0 0.0 0.0 0.0 0.0 0.0 0.0 0.0 0.0 0.0 0.0006723460158372612 6.927693760445732e-06 9.503345057310461e-05
0.04178295029462286 0.19284994836177893 0.006305054719862711 0.08383084055585949 0.11802629596884942 0.002196121659963433 0.0 0.006273020202057465 0.14077141638035184 0.27787883376981465 0.048299336675824776 0.01182260656071412 0.4705437708704563 0.18505295365268243 0.006512910272129344 0.002645040402992663 2.267462829047265e-05 1.9445006686479916e-05 1.4222283430380611e-05 0.00011649077717699529 0.00023565428830396495 0.0 5.511932127271271e-05 4.333230694303585e-05 5.545149592020646e-05 6.803612325845964e-06 2.050027267040571e-05 0.0 0.0 5.800312491900801e-06 0.012923360815556253 0.0031482203145339663 0.00382792766640966 2.2008326139976926e-05 2.6991828290244135e-05 6.0133957472461215e-05 0.0020686425711734864 0.00013656070993919487 2.5086692969357745e-05 3.031364577064669e-05 0.00012215940326167928 2.7283119386419116e-05 0.00035277839646947887 0.00012842412515107313 1.788622535298698e-05 6.750554538665828e-05 0.01957370605508162 3.101297736506196e-05 1.132813309755588e-05 0.0001309514243119561 1.7278079141021623e-05 0.0 3.0115484703705556e-05 0.0 0.0008096920663317843 0.0002085414962526058 0.0031161388391318613 0.013310334585793521 0.0012696838432173475 0.006348120514154277 0.0007608377054119064 0.0008286799427070345 0.00023500544364741353 0.002528947157094638 0.0003897440271152769 6.554376330120193e-05 7.154880055598495e-06 4.379889247333777e-05 0.0003795606449468604 0.0007138337715385852 0.0008826377364703429 1.8753204954854468e-05 0.0 0.01709283047126478 0.008479742466966542 0.020260595949182454 0.0034783176659531957 0.0008848160581355502 0.00017428660882329124 0.003918396130073366 0.00014940443704045334 0.002041555605410484 0.0015664174381072955 5.4916506269536216e-05 0.00015329675059799975 2.6667900948043025e-05 9.784139452519662e-05 7.523038056446997e-06 0.0 6.504245897152189e-06 5.709768621254036e-06 0.0 0.0006829957032080448 9.38303930753442e-05 3.2477486014900086e-05 0.0009244936661795285 0.0002306991805414478 3.1994618069535756e-05 3.8367830153052054e-05 0.0019164109735573817 5.438041254544918e-05 0.00018659675653271226 0.0027273098028050705 0.0018464545764487026 0.0006289710945333899 0.002757013710281676 0.0006316096535119704 0.0006415915238121915 0.002273444380320986 0.0007123059494087463 0.00046152693022706386 0.0007090364678813535 0.002936486773754543 0.0020393571358419465 0.0006075343693648461 1.2501502923054577e-05 1.4128736808389128e-05 0.0 0.0 0.0 0.0 0.0 9.858299448271814e-06 0.0 0.0 1.1376874039763569e-05 0.0 4.066844334052764e-05 0.0 2.97252353840519e-05 0.0 0.0 0.0 0.0 0.0002846572747440655 7.023844928566716e-05 0.0 9.51556797090687e-06 0.0 0.0016181108716930763 0.00010704948420606784 0.001149522637173377 0.00020374868687192204 0.00013452720330439552 0.0 4.5221819419856404e-05 0.0 2.0215613813019606e-05 3.334125559513457e-05 2.4958273223971517e-05 0.0 0.0 1.7213584015159484e-05 0.0 0.0 1.8682746190796752e-05 3.2385118165716425e-05 0.0 0.0 6.346523468673381e-06 0.0 0.0 4.745493637186998e-05 0.0 5.863172275710194e-05 4.0913204514382025e-05 0.0008151723834604183 5.4457446087225756e-05 2.6986419151374242e-05 7.4081774818404765e-06 0.0 0.0 0.0 0.0 0.0 0.0 0.0013878468984229015 4.1214955577481606e-05 0.0 0.0 1.5410215532767072e-05 0.0004317927202447474 7.2154115168507e-05 0.0004886481489443413 3.3924181733032224e-05 4.897172597626521e-05 6.281532782125949e-05 1.4808569809565757e-05 7.020425994900563e-05 0.0 0.0 0.0 0.0 0.0 7.181482889272591e-06 0.0 0.0 0.0027841268815760978 0.0009393825895494093 0.0013471095301184496
0.0020986448074960355 0.0394510711114526 0.3830549201044051 2.3575846891783597e-05 0.10591380873373628 0.0 0.006273020202057465 0.0 0.05745165608933329 0.0008514560624333008 0.20136588258519245 0.000694650589501138 0.011268339214396732 0.0674118391090837 0.0024287587984098344 0.0011463272467705393 8.94114237744615e-05 0.0003060388623219999 1.0852728113878418e-05 0.0019545590286620044 0.002151290086579741 0.0 0.0009121007441569994 0.00046659098869313606 0.00055162785729035 0.00018360565336775255 0.0001091241777045484 2.7558739617491184e-05 2.2063285190833143e-05 7.417462821363005e-05 0.10773687855254414 0.15726594013250175 0.009536964203259373 0.00040005118412244104 0.0001715956018426145 0.0005473531148647796 0.0011446654114705842 0.0005848802341545595 6.372441161174743e-05 0.0001192176484845246 0.0009502919722261458 0.00013916866474144668 0.0036984463060017046 0.00014511569094168301 0.00011751355179887866 0.0007004491974514403 0.009221851429832412 1.966395716855405e-05 4.188286212313951e-05 0.0010978167119614101 9.608108121213348e-05 0.0 8.953741537920315e-06 6.576048839812149e-06 0.000191821318132616 2.9510194306920157e-05 0.0016686926104719918 0.022764049796612718 0.0006700704556763137 0.0012368427127686492 0.009322341911435524 0.010603142213071126 0.0029569600261776445 0.02872313477289895 8.728707898624965e-05 4.396823024668477e-05 0.0 0.00020446136913552013 0.0019946514510435064 0.005218167110806834 0.00019294275628477603 0.0 0.0 0.0057395890051926265 0.005160168004468801 0.0065511929691923635 0.0037384431049539693 0.02052432339733326 0.12041516151602824 0.17798915773107624 0.004459324394643184 0.11458331998930295 0.00023621862291265782 5.834799805253985e-06 5.7002998988309014e-05 5.437316136884895e-06 0.00037667282723438797 0.0 7.139866298874868e-06 5.15440368559116e-06 2.680760276409133e-05 1.3980234008594925e-05 0.004963411379658397 0.00048009793926284585 0.00011719675824852047 4.4709893000947075e-05 8.697201665584392e-06 0.0 9.674419181062588e-05 0.0003901937318145158 0.0 0.0 0.0 0.0 3.351425117602452e-05 0.0 0.0 0.0 0.0 0.0 9.03152166317093e-06 3.1937870748093295e-05 2.4176533425551797e-05 8.41498079931196e-06 0.0 0.0 1.3118656157745466e-05 0.0 0.0 0.0 0.0 0.0 0.0 0.0 0.0 0.0 0.0 0.0 0.0 0.0 0.0 0.0 0.0 0.0 0.0 0.0 0.0 0.0 0.0 5.9366425744476254e-05 0.0 6.16574297992997e-05 5.893295174533672e-06 9.056257012069399e-06 0.0 0.0 6.546627540653602e-06 0.0 4.1577832085122896e-05 0.0 1.057934476017496e-05 0.0 0.0 0.0 0.0 0.0 0.0 6.824375883497454e-06 0.0 0.0 0.0 0.0 0.0 0.0 0.0 0.0 4.1854316694862544e-05 0.0 0.0 0.0 0.0 0.0 8.69675921534524e-06 0.0 1.2018299240866845e-05 2.2357471914500885e-05 8.291661134326163e-06 2.5273747632336574e-05 0.0 0.0 0.0 0.0 0.0 2.5925873315986093e-05 0.0 0.0 0.0 0.0 0.0 0.0 0.0 0.0 0.0 0.0 0.0 0.0 0.0 1.3552731035502874e-05 4.148860284167093e-05 4.4192374799052444e-05
0.00047378997832869867 0.04752959392795266 0.025897818950013512 0.0005547949403179146 0.25579013299772746 0.0002264111921079293 0.14077141638035184 0.05745165608933329 0.0 0.0185133806259928 0.1116777431705506 0.004222653355279219 0.15761265441845293 0.16488494378367102 0.0026814113550699997 0.0011074562681978963 0.0 6.683680401374022e-06 0.0 9.999535023409808e-05 0.00022623529351169472 0.0 7.976532190122786e-05 6.732963899213563e-05 2.2014655887275775e-05 5.3004906578272654e-05 1.9729258391141315e-05 0.0 0.0 4.395752114497803e-05 0.0032753869525991397 0.0007865059159020738 0.005215114567392756 3.639130396746499e-05 3.620375267666672e-05 7.137892962599543e-05 0.002035239074568179 0.0001911817403049138 6.684423701358343e-06 2.582890776032845e-05 0.00017514046554807498 0.00011608501008494672 0.00017312608195737807 0.00015708497383764227 0.0 1.7457571516749686e-05 0.005301588424481194 0.0 1.0642445634216703e-05 7.447533184351044e-05 8.544338801884363e-06 0.0 0.0 1.6040053298664736e-05 6.74336665132986e-05 1.0863104762251482e-05 0.0003408115675716456 0.0021590551059255617 0.00014222982567428262 0.0008415013942036273 0.0004837595412885938 0.0010765817908916467 0.0001176767038880381 0.0006994650136841821 4.754918607109678e-05 0.0 0.0 3.9014177715674916e-05 0.00023844592849831138 0.0006024871744915159 0.0004408124759329594 7.26810791494404e-06 0.0 0.0017960400288617336 0.002173428287051048 0.004767676119211043 0.001331929875076954 0.0004396967104197188 0.00011659729973990582 0.009380590984920353 0.0001183801209645317 0.001844336396822868 0.00011104423238182907 0.0 5.7623196428402285e-06 0.0 3.897404321044748e-05 6.090560669654938e-06 0.0 0.0 0.0 0.0 0.0008061403897956009 6.823201502357122e-05 1.3485286104567665e-05 0.00035722950169464235 7.901180985345515e-05 0.0 2.3102038094544026e-05 0.00012068168061791776 6.273542491990788e-05 6.0996308995574895e-06 2.0038085374577562e-05 0.0 0.0002735839810816092 0.00013238281650539724 0.000157483203268613 0.0001658684467328813 0.00039138614341774645 0.00014860824865597726 0.0002519801927772187 0.00023302012632854977 0.0010925336611487702 0.0007719791294337759 0.00021172802287495646 2.0156222871920038e-05 0.0 0.0 6.565381192163055e-06 0.0 0.0 0.0 0.0 0.0 6.737165986220453e-06 0.0 0.0 0.0 0.0 0.0 0.0 0.0 0.0 0.0 0.00010761771836923401 8.990081314083679e-05 0.0 3.0498329754051e-05 6.35790864091253e-05 0.0006909728548695463 8.75996967585623e-05 0.00037073617357816257 8.317398727416632e-05 4.170068754675018e-05 0.0 0.0 0.0 0.0 3.157910763219296e-05 0.0 0.0 0.0 0.0 0.0 0.0 7.1752524675376366e-06 0.0 8.40235660222871e-06 0.0 0.0 0.0 0.0 0.0 0.0 1.0006520278386707e-05 1.281921831315038e-05 0.00035094036213398 1.1638705255775855e-05 1.6661024411022196e-05 0.0 0.0 0.0 0.0 0.0 5.243999038146392e-06 6.736272056145438e-06 0.0006627750984906577 1.580271527418441e-05 0.0 0.0 5.988686707309e-06 0.0002484524980290438 9.716695178282405e-05 0.00032982915803145784 0.0 1.1945109023802137e-05 0.0 6.613833187275796e-06 0.0 0.0 0.0 0.0 6.689832840228237e-06 0.0 0.0 0.0 0.0 0.0007285054362444679 0.0004206009225654091 0.00042494108770268623
0.06898755681756216 0.20746556424421747 0.008697470135606173 0.18381455672919794 0.03175874526663298 0.0675930258976654 0.27787883376981465 0.0008514560624333008 0.0185133806259928 0.0 0.003842471126028297 0.30810162697622295 0.5829684537034934 0.026502990785320955 0.0037108043434086243 0.0014610344152277558 4.1610239718177596e-05 8.487819272540908e-06 0.0 2.0144109257487534e-05 0.00013537853748820544 4.000852839840078e-05 3.167393399430102e-05 2.2154083531932854e-05 7.435741557128755e-05 3.346536288721584e-05 0.0 2.43072146744795e-05 0.0 0.0 0.004185527729619623 0.0008369192682987869 0.0030422863233114925 1.4242135409199866e-05 1.668865990221178e-05 3.4151184152760924e-05 0.004295281963031698 0.00011179499204434787 0.0001107559744092787 5.785279034238885e-06 5.696865861112057e-05 8.609172373448914e-05 0.00021791780608901212 0.00014655121745911202 1.80700388011805e-05 3.5951018779347145e-05 0.014285603020545354 0.0 5.003410769284047e-06 4.927215748693541e-05 0.0 1.0669204844088493e-05 5.98078581018134e-06 2.2845593032973632e-05 0.00040683360111173786 0.0001154604874680258 0.0031996207721829116 0.0042292290962918705 0.0006155734357397291 0.0032145007927808656 0.00023330280524163746 0.0009896717919686744 0.00011246774050602737 0.0009032467451861637 0.00021452415775628705 5.47837248184993e-05 9.222094585379796e-06 1.0859722767844627e-05 0.0001286994978891079 0.00033243438384331997 0.0059488547990536956 0.00014084182233481315 5.406083582712096e-06 0.006794572426358782 0.0040203826307458074 0.009330269060473894 0.0020007665381500265 0.0003839895821016466 2.0149088259204713e-05 0.0006721228567422441 8.696200693744653e-05 0.0010832260185223452 0.0006975185211685854 9.019157682647627e-06 7.102629760626612e-05 6.772843564595462e-06 2.4240762178310775e-05 1.3539567525233868e-05 4.920842495155968e-06 0.0 0.0 0.0 0.0004676644989772292 6.89900389966491e-05 1.98484999619006e-05 0.010257730099627774 0.0035850669308441167 0.0 0.0001113652489103975 0.021757727391768476 0.0001064930591136631 0.0002496094980165665 0.0033962593588215376 0.0030894998895335114 0.0024053135276953077 0.007368823264288128 0.0036529711464702397 0.0021196255006806592 0.012336755396092917 0.01206024442526653 0.0017846451727905437 0.003663039367624741 0.019556446214905095 0.009877152445866968 0.0025416661017362424 3.387781639563361e-05 9.397140705597003e-06 0.0 0.0 0.0 0.0 0.0 0.0 0.00010731667489816809 3.590043210548319e-05 3.0010953166871226e-05 0.0 0.0001833108772576809 0.0 0.00021393758653436912 0.0 3.669402530177547e-05 1.728998671647449e-05 0.0001147472613764437 0.0007603744764289662 0.00048531940617369283 0.0 3.727587281330162e-05 4.8659009288824866e-05 0.005232210277410622 0.00037837211401803707 0.004317979004833405 0.0007970090184414936 0.0004965765797750093 0.0 3.902844529936072e-05 0.0 0.0 0.0001106716494681529 5.3539204233485365e-05 0.0 0.0 3.2042167515412975e-05 0.0 7.028212872847857e-06 9.88947536224702e-06 0.00011408342307454317 2.876379922310555e-05 0.0 0.0 1.690125436906935e-05 3.2655126912864886e-05 3.812874777466043e-05 4.051357508548393e-05 0.00013285118825410433 9.355843927097563e-05 0.003118070779631476 0.00023343825575937677 0.0 0.0 0.0 0.0 0.0 0.0 1.331466571805059e-05 5.767175185344105e-05 0.005737814583955566 1.58224802405262e-05 0.0 6.39436637644392e-06 1.2949576138341119e-05 0.002313605964488108 0.00038765453205559557 0.002002075259578137 2.0831598125371817e-05 7.6793068840288e-05 1.4288794208491786e-05 7.333782962835402e-05 0.00012514551921619752 1.7868793716524186e-05 0.0 0.0 0.0 6.163688500415053e-06 0.0 4.675760934792596e-05 0.0 0.013696129998584407 0.0030597823506493525 0.004208272437020655
0.009967815443983225 0.13648020515735054 0.2523904219208263 9.62001151021683e-05 0.24246849365974577 0.0002744650353621417 0.048299336675824776 0.20136588258519245 0.1116777431705506 0.003842471126028297 0.0 0.002567182136022497 0.14236331443989836 0.23731693500389173 0.002452011714498546 0.00120844852243841 2.533589342130735e-05 0.00014059354084954763 1.1923373142758678e-05 0.00027470851761675195 0.0019764405985545725 3.2974892842287957e-05 0.000912162492643715 0.0006594503722488037 0.001227638454099403 0.0006640848829485637 0.0003215299276324653 0.00012924676245564288 5.9533683427088516e-05 0.00014062304177333177 0.0227170694205468 0.0017337693568744302 0.050605451172189175 8.74120839023319e-05 0.000315650694413074 0.001289307208654731 0.008114094933289769 0.0025509301847672305 0.000224594999135581 0.00025960226170435437 0.0021588693334653165 0.0010544939591525737 0.0008119401888317973 0.00018813838245331473 9.3940212261929e-05 0.00010174542973059073 0.0036076169104771413 3.614887940697932e-05 7.3188860162584e-05 0.00015999693874391786 9.01156260154333e-05 0.0 0.0 0.00013564201291169268 9.965805293221211e-05 3.5167887602160523e-05 0.0006714427824045731 0.00547539103255517 0.00025541940609672423 0.0005610784466415341 0.0017452040843612341 0.016135917961375795 0.0004491187563948071 0.0008553451951101856 6.520619757403175e-05 2.9178146073780456e-05 5.4265458801821985e-06 9.447024261182034e-05 0.0019250246395506806 0.0069872068026251635 0.0017988846961836749 7.668747016929616e-06 0.0 0.0025194351328300065 0.0015430360423495109 0.0027201748477859375 0.000936561608501402 0.0007332939151126531 0.0016111041632152474 0.1407401041765168 0.0004141818372575153 0.04196952906460935 0.00016691595177842854 6.144577358962832e-06 1.6410408364569045e-05 0.0 0.00013611885565342925 0.0 1.2755963525528231e-05 0.0 4.2500658921814616e-05 8.279782289408306e-06 0.00994723131385854 0.001556993350212041 0.00021815580778885118 0.0010537440716670103 0.0002794286379229888 0.0 0.0002020082341568387 0.0009378114926668662 4.423597133374855e-05 7.903824358740896e-06 8.539175596394153e-05 8.940527954433158e-06 1.8491913052027942e-05 0.00011969162145624992 6.226581447470563e-05 9.612689656500475e-05 0.0001389565340675114 0.00011493746408518715 6.06688207087774e-05 7.195979578453288e-05 0.0003776242491621386 0.0003148581035020173 6.13244823004142e-05 0.0 0.0 0.0 0.0 0.0 0.0 6.175154528588442e-05 0.0 0.0 0.0 8.683832937208177e-06 0.0 0.0 0.0 0.0 0.0 0.0 6.1008588426237995e-05 0.0 7.903901438661964e-05 6.921570052126527e-06 0.0 3.7779921319511295e-05 0.0 0.0003104339040124542 5.029358546759925e-05 0.0002587433656437299 2.4148194446690686e-05 4.702025486938765e-05 0.0 3.0342885246562247e-05 0.0 0.0 0.0 0.0 2.5962975928897584e-05 0.0 0.0 0.0 0.0 5.232361119286403e-06 1.3039235929382015e-05 5.858716333904677e-05 0.0 0.0 0.0 0.0 1.1001742727632008e-05 0.0 0.0 0.0 0.00023438877636920046 0.0 0.0 0.0 0.0 0.0 3.937910435220726e-05 0.0 8.132104055968878e-06 6.210056300430944e-05 0.0003618628081745491 8.462916465666951e-06 0.0 0.0 4.0473301852816014e-05 0.00015136133780801155 1.4138815069634303e-05 0.00020871798792917022 0.0 0.0 0.0 0.0 3.938342337249164e-05 1.6590055064313734e-05 0.0 0.0 6.989043303160526e-06 6.7186606486207245e-06 2.3016312334618385e-05 5.730229235935659e-05 0.0 0.0004344147997988824 0.00034191219578686197 0.00031323488696634956
0.006471821369311601 0.007870497814000553 0.0028249828819535304 0.012602198308781197 0.0023870148906983964 0.017360974539379577 0.01182260656071412 0.000694650589501138 0.004222653355279219 0.30810162697622295 0.002567182136022497 0.0 0.09846264593306406 0.007295709369889674 0.0030613526205029236 0.0021010352249481 0.00011966387432641003 0.00022942869740325426 0.0001124587018797133 0.00020347008235913492 0.0006007014313714797 9.460958693792586e-05 8.25432666599714e-05 9.848091776488226e-05 0.00038297189319489615 0.0005684648496613268 0.00011874040967184105 0.00018199714522426486 0.00042362287165362766 4.993811076664887e-05 0.0011600932318438964 5.5260869641289715e-05 0.011831083633124823 8.0344236846002e-05 2.5655661813347706e-05 0.00028439611171821033 0.027543633720710472 0.002309585418344089 0.0008832233288018898 0.0005771042992576159 0.0018152115467124025 0.0020795065834102082 0.000283109603918897 0.0007187567971439655 0.0003069441565549201 0.000343929981072904 0.004667457801966077 7.186845443632147e-05 0.00011854667926383467 0.0002787536082568296 0.0001263413981845677 0.00014857032968543528 6.856436944212692e-05 0.00010018898295828543 1.7842114541714204e-05 1.482591115006138e-05 0.001124812490700218 0.0016910986259088812 0.0001114356104010724 0.00022603335930463438 0.0013122686801441232 0.0019779131328741474 0.00041433112727396875 0.0008149889414569989 4.967923222876316e-06 1.855730744363588e-05 0.0 0.00014005500585085722 0.0012232273155110553 0.00306619282582634 0.018188186693230548 0.00039721957975389613 2.9112783285761022e-05 0.0008009478565856901 0.0013276744206908442 0.0018026125541066448 0.0008121795306058765 0.0009112057091876953 4.477036831452515e-05 0.0007304694925569881 0.0009409973724417429 0.0013692780835791222 4.821789707173495e-05 0.0 2.6335984054491936e-05 1.4739415411797479e-05 0.00021671408081153087 0.0 1.4694908529577786e-05 3.381170086759693e-05 5.49537681316989e-05 1.6223355343335076e-05 0.006535212812492215 0.0017384884079943285 0.0002014491186550484 0.07948676662683166 0.0012485094869362568 1.212780321243892e-05 0.0005006308268365946 0.011284995398123039 0.0001601485296657894 0.00016215328524376833 0.0008756115269366576 0.0002280632356311171 0.002122409500194438 0.002643212164538294 0.0022705611906872684 0.0016747753933753831 0.003732047978860093 0.002965030401858273 0.0021192164964781873 0.002757670166067388 0.011159858970479428 0.008833624151277909 0.002524831906898503 0.00010262302362339947 9.962829302317666e-05 0.0 3.598631834596867e-05 0.0 0.0 0.0 1.2977459533004219e-05 5.799240842944944e-06 6.41878174926962e-05 5.361643929944323e-05 4.513877093535745e-05 9.703279742264985e-05 2.8924418510385757e-05 0.00011463837346962944 8.264426228881853e-06 0.00021409215763359353 8.332602557151158e-05 9.19375519608247e-05 0.0008439526744210556 0.0002775481345210748 2.5963438080075022e-05 7.409223765838282e-05 7.791088201980229e-06 0.007248946387931704 0.0004594310717643141 0.004862587571313336 0.0006914823900870704 0.0003366817481212072 5.060241080929063e-05 1.5808746223919156e-05 3.2144009874170406e-05 0.0 0.00028262501993972023 6.341788183980332e-05 2.8092766384802375e-05 0.0 4.485408416830876e-05 0.0 2.786905894700307e-05 1.418280028742547e-05 0.00013298870121382112 6.650020568472739e-05 5.2415093320696965e-06 2.4493028999218338e-05 0.0 1.0007412566716864e-05 1.21081683543771e-05 4.733281107626815e-05 0.00019470592541301915 0.00016100331931208855 0.002701458806188554 0.00014415661725158686 5.824772848535608e-06 8.290547210440214e-06 0.0 0.0 7.069674318356527e-05 0.0 7.042452546871076e-06 7.210369225869261e-05 0.006584656742049687 0.00014417770997908233 2.281261612488953e-05 2.6954786011456165e-05 3.331053280274008e-05 0.00250687954754785 0.00025490166379665656 0.001396210414625287 2.655443914005526e-05 0.00013132075246645187 0.00010299015060847732 1.8819561819385238e-05 7.039140942275001e-05 1.4912172939683062e-05 0.0 0.0 7.981663586806383e-06 0.0 1.4623293156267818e-05 1.8214935918830993e-05 0.0 0.01171701109974392 0.0036573493824394584 0.005323373676486451
