0.0 0.09178856415535148 0.01208787450812398 0.12205554533143964 0.00208727391910236 0.004637067109533377 0.01812394547551274 0.007868636537299183 0.0003850669333311618 0.1043095930479565 0.004365336210279902 0.0008353793125469366 0.004434927447410533 0.005256476226431383 0.00034729337615026993 0.00022179310618755253 5.37962082784902e-05 3.9424071809766406e-05 2.9177457967627717e-05 2.312460311018483e-05 8.225695582196623e-05 9.196928963848577e-06 1.9414076805246395e-05 9.180273343426275e-06 6.77749623694801e-06 1.2493136435076053e-05 0.0 0.0 0.0 0.0 0.08022996127666694 0.0019005974169017644 0.0027186937320480605 2.3265830998005195e-05 6.419239766140328e-06 0.00011516218154831609 9.709583801333961e-05 1.2191810683396094e-05 6.17473531503445e-05 1.0191364086801248e-05 2.4159563255914038e-05 0.0 3.2892754089999174e-05 9.677930752369939e-05 8.219170532421372e-05 5.7104758408239626e-05 0.0017590590104704102 0.00020960461443912735 3.236461019639474e-05 3.94611026200098e-05 0.0 2.5919815812093563e-05 1.4180399823777203e-05 0.0 8.495277905943173e-05 0.00010278888110688948 0.012282196881683801 0.06529604618103639 0.0006713375632220154 0.0012553626843063979 8.25200743722173e-05 2.7162822864976182e-05 1.548111854945402e-05 0.004099555487721016 4.356132669430656e-05 8.521853574959432e-05 5.2455319337177515e-05 1.8104886645695623e-05 9.161087726041261e-05 3.312557796877076e-05 0.0005102871513248053 0.00027543078795844124 0.0 0.0055568121181579656 0.011010882636213326 0.005629677232114935 0.0069497682878281964 0.00024521526681805383 0.00011503723415858819 0.00435168917157377 8.118136766017599e-05 0.00032205171111598983 0.0003537324515726033 0.0 5.519083089509451e-05 6.544592042312347e-05 0.0 0.0 1.44741380885342e-05 0.0 8.153286673213813e-06 6.806781763217862e-06 2.7408280429165396e-05 5.226103667934003e-06 2.8130367291746954e-05 0.003604774878696212 0.0014763286981982426 0.00012929346160696914 0.00012997904774401014 0.05961245973149774 1.6382521444827452e-05 0.0004087934972282756 7.991663138649331e-05 0.0002123941573134793 0.0002666972749160073 1.6724220564034743e-05 0.003045963623435771 3.308992906383557e-05 0.0006444576265312218 0.00041062641627113847 9.255877075747763e-05 0.0012491370714426875 0.0007012504631630802 0.000580360267576661 0.000593801425069292 0.0 0.0 0.0 0.0 0.0 0.0 0.0 0.0 0.0 0.0 0.0 0.0 0.0 0.0 0.0 0.0 1.4722728443868258e-05 0.0 0.0 9.968097843098168e-05 0.00010583883966644357 0.0 0.0 0.0 7.3512468325377e-05 0.0 0.00010662582836143827 0.0 2.3830417978706565e-05 0.0 0.0 0.0 0.0 0.0 4.38646357753827e-05 0.0 0.0 0.0 0.0 0.0 0.0 0.0 0.0 0.0 0.0 0.0 0.0 7.415758377096129e-05 5.20022202247253e-05 0.0 0.0 0.00012045514581085396 1.0342679174702076e-05 0.0 0.0 0.0 0.0 0.0 0.0 0.0 0.0 9.283627293409052e-05 6.520124522993949e-06 0.0 0.0 0.0 0.0 0.0 7.410088455050058e-05 0.0 2.3059396077488214e-05 8.090452265630966e-06 0.0 0.0 0.0 6.542396112099523e-06 0.0 0.0 0.0 0.0 0.0 0.0 0.00028904603481089857 5.6563490902446765e-05 0.00013343512347021528
0.09178856415535148 0.0 0.11809561161268513 0.03348740977160674 0.1311763403157424 0.004100575711323028 0.1340165758185802 0.09711870515308123 0.11304863232074149 0.16965713145103992 0.16712465699289972 0.012923428343736405 0.2399968611606482 0.37926220483107775 0.002542124279757508 0.0028542166054591105 0.00018546162507043285 9.380361373652354e-05 9.54885522171831e-05 0.00013446388228634604 0.00028281196657648676 0.0 0.00023865478640804416 0.00010215491019611379 8.304339742419277e-05 0.00016177343751050863 3.703813221552024e-05 1.6390696182450617e-05 0.0 0.0 0.1995189031639158 0.013544920338236973 0.025307128164503073 0.0002122671930506709 0.00016982847756678027 0.0002911722262865068 0.0003487275977949827 0.000143803118205271 5.1421620622960414e-05 1.8894600410713486e-05 4.359227428651632e-05 2.333828866344195e-05 0.00017948237403305153 0.0009253203289766057 0.00039499813496395584 0.00044578695728775595 0.005458899397885026 0.0005963195499299573 5.886077879082912e-05 0.0001631295316622279 3.8373848342740796e-05 0.0 9.020654540073519e-06 6.273131980908553e-06 0.0002245915395556103 0.00016795190921402872 0.00787758153287797 0.04659933395281176 0.0010748150587632614 0.002957151679864005 0.00022558267653122738 0.0006805070099869654 0.00016077995861878464 0.007037371591032866 0.00018153796408457553 7.564755029469118e-05 0.0001054770105570237 0.00013419009778934687 0.0004634533457726403 0.00012904278067693808 0.00021714374601501568 0.0 0.0 0.007894140844657883 0.01596675179385203 0.014520497899148313 0.024684681333435217 0.0018805154541585785 0.0009853877237023093 0.045868020522350283 0.00020157256645250663 0.002818636978626027 0.0006504996122900256 7.612711773636954e-06 0.00010237101278443306 9.009779630345068e-05 4.906194573360269e-05 0.0 3.1601420981707886e-05 0.0 1.567625066566558e-05 0.0 0.00019246203704320419 5.413671021887665e-05 2.1293755271722365e-05 0.0013103123054016197 0.00017307990327443572 0.0 3.4045633514904195e-05 0.028845656036757237 5.252713636548679e-05 0.0003002587752685841 0.00014041906076948162 0.0 0.0002342816187910897 0.00022693113122693515 0.0013403762308210282 2.302797320434168e-05 0.0006797469412798211 0.00023973663448276895 0.00024045434696543647 0.0017945689991973326 0.0007746500210845214 0.0007946267809120447 0.0011035939818542524 3.6809555156172714e-05 7.281662538004855e-06 0.0 0.0 0.0 0.0 0.0 0.0 0.0 0.0 1.1304330306835417e-05 0.0 0.0 0.0 0.0 0.0 7.474182971295479e-06 2.9357126445328963e-05 0.0 0.00012288536637563742 0.00024200875704870806 0.0 0.0 0.0 0.0006062075935969721 0.0 0.00048193976064697994 6.632821948155937e-05 0.0 0.0 0.0 0.0 0.0 0.0 5.813385644078451e-05 0.0 4.9453063676416207e-05 2.9718897443858935e-05 0.0 0.0 6.319210137015882e-06 0.0 8.235322241663601e-06 0.0 0.0 0.0 8.270779333417562e-06 0.0001429521532000849 1.9940252960181206e-05 3.902078034419174e-05 3.7031728678922863e-05 0.00035239776632312036 2.6723244219570126e-05 2.2770940234355482e-05 0.0 0.0 0.0 0.0 0.0 0.0 0.0 0.00040955963875963626 3.3635301182728475e-05 0.0 9.971281611194379e-06 0.0 9.831558417464985e-05 3.919178604728406e-05 0.0001403688019364265 5.530356318679042e-05 7.833798197544655e-05 8.517743056281144e-06 0.0 0.0 6.987448047418566e-06 0.0 0.0 9.157947423000896e-06 0.0 0.0 5.07876893976705e-06 0.0 0.0005474592239445976 0.00015702922949941846 0.00044810352570797676
0.01208787450812398 0.11809561161268513 0.0 0.0015067342693504307 0.09309055773662843 0.00035592833973770947 0.027878143403729926 0.12309178117939265 0.036974259916262624 0.02256991331923761 0.11867281409293022 0.0013134585886667334 0.024321872266063128 0.09804292104538263 0.0004922975921181075 0.0007210468122998287 0.000113250153269133 0.000438085768613371 0.000303529526862919 0.0009983269283046076 0.002522099666793282 0.0 0.0020367398757074433 0.0010310260106097826 0.0002083330111590671 0.0006029737547013159 4.1309173014405625e-05 7.707846906760583e-05 0.0 5.376971821673611e-06 0.1785094163827127 0.020784728798357875 0.014223185720174246 0.0018060471113014792 0.0016382384236984851 0.001662037232660219 0.00017256071837924472 0.0004100297917647073 2.2915452568569897e-05 6.576837680619303e-05 0.00019366937487596249 0.00020526482326060132 0.0011019543538045287 0.00048289512493674195 0.0013551942502580414 0.0009938856655909742 0.001040822667107093 0.00012887413389801798 9.283742381317796e-05 0.0007824025802580091 0.00016305768534225054 0.0 1.8910821380577317e-05 2.3052339620160606e-05 3.561946491899953e-05 3.461719002282148e-05 0.0014625884817510827 0.015354097171672397 0.00011712652191199679 0.0003202757511390303 0.001106359730445205 0.002005108343363405 0.0013486801895827845 0.014581700863340433 1.9697155265056764e-05 0.0001130968954822143 2.371894806341527e-05 0.0004838229063965523 0.004009213294495228 0.0011781745793598788 0.0002590486199034157 0.0 0.0 0.001369568030839747 0.004914618599614341 0.0022401664578180717 0.007461650852374663 0.0007051023973578637 0.008106283037404849 0.0396762769270211 0.0005009900760376062 0.014413931102946963 0.00012690700893608548 0.0 2.780025491704687e-05 2.5018798905313913e-05 0.00011699881874323897 0.0 0.0 0.0 5.69048385216372e-06 5.7645983866315415e-06 0.0021127497870860423 0.0001963714084195053 0.0001168161724367659 0.0006649159040585818 0.0002328897996705875 0.0 6.864635217134443e-05 0.0041582699414013345 5.983374075885428e-06 5.2247803459619464e-05 0.0 0.0 5.879035311675323e-05 2.240121513060541e-05 0.00013095957877355417 0.0 0.00012141481219625235 4.548782505751682e-05 9.013421576823465e-05 0.00027311362142125626 0.00014628638881560897 0.00019781755413535444 0.00043789059303210365 6.67430688724194e-06 7.992991326817862e-06 0.0 0.0 0.0 0.0 0.0 0.0 0.0 0.0 0.0 0.0 5.234837781928078e-06 0.0 0.0 5.4505780039665195e-06 0.0 0.0 0.0 2.7895996623922695e-05 2.3418617756003468e-05 0.0 0.0 0.0 0.0002733308862273732 0.0 0.0002140917918424627 7.968486484244985e-06 2.106647932937271e-05 2.2482948333449298e-05 0.0 0.0 0.0 0.0 0.0 0.0 0.0 7.428389700282457e-06 0.0 0.0 0.0 5.562830290263073e-06 0.0 0.0 0.0 0.0 6.507831943775483e-06 2.1652046231106968e-05 0.0 0.0 0.0 0.0001252740740325163 0.0 0.0 0.0 0.0 0.0 0.0 0.0 0.0 0.0 8.078971868776708e-05 0.0 0.0 0.0 0.0 5.1168267064440965e-05 5.75952884929168e-05 2.4303320621006233e-05 2.4997124015833723e-05 1.8990304321888574e-05 6.110240825785981e-05 0.0 0.0 0.0 0.0 0.0 0.0 0.0 0.0 0.0 0.0 4.4040656023070304e-05 8.51321971406156e-05 0.000328873431629924
0.12205554533143964 0.03348740977160674 0.0015067342693504307 0.0 0.005742460231467851 0.013922174407936784 0.028193577306389474 0.0008879255560564846 0.0015154817398727008 0.1419086812896344 0.0006519912167849359 1.7145607666229797e-05 0.01851344249017192 0.0049473356353498124 5.259035061986204e-05 6.979816859216624e-05 7.568921674763e-06 1.9836618093652708e-05 1.2942038334961432e-05 0.0 0.0 0.0 1.3675217290816791e-05 0.0 0.0 0.0 0.0 0.0 0.0 0.0 0.007386845833446982 0.0001222433256103081 0.00021419233076865456 0.0 0.0 0.0 2.3970672154786686e-05 0.0 3.246410974081635e-05 0.0 0.0 0.0 0.0 8.287736374553236e-06 3.327471555186287e-05 1.2458544392422722e-05 0.0003665861056062836 3.191831572741396e-05 9.801773562743772e-06 7.479236256484023e-06 7.389441230672915e-06 0.0 1.2186245738908819e-05 0.0 1.8744465493568173e-05 1.8849693921329007e-05 0.0014085103912467106 0.006367624889012808 0.00011061532945797953 0.00027126843483882664 0.0 3.221479890493699e-05 9.994319980578656e-06 0.00043162445750784777 1.5000540072780914e-05 1.2155347753556272e-05 1.1236197886901752e-05 1.330489879456514e-05 2.1122162317929848e-05 0.0 8.513240454452338e-05 9.972470285982563e-06 0.0 0.0009642020381501504 0.0020147847896896283 0.0015154804193854062 0.0020279283509213497 6.462214044813877e-05 7.293219990843985e-06 0.0011861428655269102 0.0 8.659980372778946e-05 3.542691283180954e-05 0.0 0.0 2.8186238313915257e-05 0.0 0.0 0.0 0.0 0.0 0.0 1.543304808747159e-05 5.995445077808327e-06 0.0 0.00044244201840222937 1.0730864643584658e-05 0.0 5.59706185642063e-06 0.015907392677329647 7.285601794914172e-06 0.0002301660643081277 6.479056942933335e-05 0.0 6.982607410291295e-05 1.2940042249516255e-05 0.001257071580536862 2.5359486044633962e-05 0.0002995923747016835 0.00013178817297592021 4.692670454989919e-05 0.00048238136939396186 0.00029873906636305173 0.0002232549082999856 0.00021068265790412678 0.0 0.0 0.0 0.0 0.0 0.0 0.0 0.0 0.0 0.0 0.0 0.0 0.0 0.0 0.0 0.0 0.0 0.0 0.0 2.9709301115441798e-05 0.0 0.0 0.0 0.0 7.281200391074087e-05 0.0 9.327946815561086e-06 2.148500529702197e-05 0.0 0.0 0.0 0.0 0.0 0.0 0.0 0.0 2.204887510430185e-05 0.0 0.0 0.0 0.0 0.0 0.0 0.0 0.0 0.0 0.0 1.9254815643711865e-05 0.0 0.0 0.0 0.0 2.1588541422282296e-05 0.0 0.0 0.0 0.0 0.0 0.0 0.0 0.0 5.042027502857423e-05 0.0 0.0 0.0 0.0 3.834181743125865e-05 0.0 0.0 0.0 7.79637903647619e-06 0.0 0.0 0.0 0.0 0.0 0.0 0.0 0.0 0.0 0.0 0.0 0.00016992585346526672 0.0 3.880060857624188e-05
0.00208727391910236 0.1311763403157424 0.09309055773662843 0.005742460231467851 0.0 4.703464245695661e-05 0.09444737626043276 0.011551450654610412 0.09887953785720392 0.012184046550706592 0.036100085237403136 0.0006008483101632435 0.06804511614579634 0.15804514556132315 6.931757121764281e-05 0.00010895851381334592 0.0 0.0 0.0 6.972505989578429e-06 1.1970328821969433e-05 0.0 0.0 0.0 0.0 0.0 0.0 0.0 0.0 0.0 0.008528731291221345 0.000996281505296582 0.0012882445574866012 0.0 3.422471899392157e-05 1.2377968210467638e-05 0.0 0.0 2.5648633076643926e-05 0.0 0.0 0.0 1.0841159585029287e-05 5.339514156235017e-05 1.2141442242808852e-05 2.1796647857664372e-05 0.00023035628298324345 4.5585006308144475e-05 0.0 0.0 0.0 0.0 0.0 0.0 1.5633108290613002e-05 7.639270812544889e-06 0.00010624587432372998 0.0008779369238564208 9.58026240964904e-06 0.00010536019680209446 7.1260552758390724e-06 1.050713393796414e-05 1.4788150912059072e-05 0.0001917297873891407 1.80182239385831e-05 0.0 5.322719400389374e-06 0.0 3.6113647958152944e-05 7.57558647414172e-06 0.0 0.0 0.0 0.00020164373103253195 0.0002560190346438977 0.00041968121119524145 0.0009710469501060573 8.218958309561736e-05 7.367839192405901e-05 0.0015251697337303918 0.0 8.527546268915191e-05 0.0 0.0 1.4632892315232595e-05 0.0 0.0 0.0 0.0 0.0 0.0 0.0 6.044987682334467e-06 0.0 5.611585799321364e-06 7.745033766003392e-05 0.0 0.0 0.0 0.00018883911172364908 0.0 0.0 0.0 0.0 1.565812762716216e-05 0.0 4.62083490678729e-05 0.0 3.903741659431742e-05 0.0 5.9603853133583704e-06 9.022477096007689e-05 3.2133705394328065e-05 1.2997133127925841e-05 4.806825376861576e-05 0.0 0.0 0.0 0.0 0.0 0.0 0.0 0.0 0.0 0.0 0.0 0.0 0.0 0.0 0.0 0.0 0.0 0.0 0.0 0.0 0.0 0.0 0.0 0.0 3.715860601161962e-05 0.0 0.0 0.0 0.0 0.0 0.0 0.0 0.0 0.0 0.0 0.0 0.0 0.0 0.0 0.0 0.0 0.0 0.0 0.0 0.0 0.0 0.0 0.0 0.0 0.0 0.0 0.0 0.0 0.0 0.0 0.0 0.0 0.0 0.0 0.0 0.0 1.864852205213966e-05 0.0 0.0 0.0 0.0 0.0 0.0 0.0 0.0 0.0 0.0 0.0 0.0 0.0 0.0 0.0 0.0 0.0 0.0 0.0 0.0 2.6777242937213167e-05 0.0 9.610559443359866e-06
0.004637067109533377 0.004100575711323028 0.00035592833973770947 0.013922174407936784 4.703464245695661e-05 0.0 0.0005668910940208585 7.636018114539458e-05 0.0 0.014048288463543853 2.6975580128847228e-05 0.002978936810426762 0.0018097931395805668 0.0001629863388704154 1.0053417338251123e-05 7.263707690369713e-06 0.0 7.254348057528436e-06 0.0 0.0 8.654456720094726e-06 0.0002529487901868655 1.9474067558795035e-05 3.550357479650704e-05 2.9801207976031584e-05 3.791154928428291e-05 0.0 1.9046658656580052e-05 0.0 0.0 0.0009859903293783817 1.4776640703845864e-05 0.0002312317679492827 2.6905379811636983e-05 0.0 3.738874119873003e-05 0.00039435529340221717 9.350141915617289e-05 0.00019993700758241378 1.6367990415232826e-05 0.0 2.1064572063824273e-05 0.0 1.4890375054057565e-05 0.0 2.9198448754924565e-05 2.42457483198585e-05 7.6307001649565e-06 0.0 8.315703303313625e-06 0.0 0.0003633997570086035 0.0004003644658785332 3.490102864866292e-05 0.0 0.0 0.0013145357236175764 0.0007425640119747388 8.439366111662703e-06 0.0 0.0 0.0001506320657296324 8.869859095813202e-05 1.0522998683348521e-05 0.0 0.0 0.0 0.0 0.0 1.9815475178660392e-05 0.0023958086819519235 0.0017857336928838888 2.4013309957234428e-05 0.0 1.7714057839992748e-05 8.382849255458059e-06 1.292277433874201e-05 9.321353355567504e-06 0.0 0.00041856350586678113 1.5887424694608723e-05 9.514958667203165e-05 0.0 1.6267162351930306e-05 0.0 0.0 0.0 1.807176391090844e-05 6.384995916380034e-06 1.6156480949445643e-05 2.4218456044356268e-05 9.398951047326e-05 9.77140093763147e-06 0.0 0.00011531994694499396 0.006474778113385421 0.007753246994768192 0.0009038010751053608 0.0004427216272167121 0.014360089886603141 0.0 8.056316417085524e-05 7.412567947507663e-06 0.0 5.3058033675889916e-05 5.938532689595468e-05 0.0011917973943289624 0.0 0.0005501394625973104 0.0001141429340202758 5.970007579075141e-05 0.000676643329360839 0.00044460720464718057 0.00022517476737591517 0.00021118739114069464 6.392432220500051e-06 0.0 0.0 0.0 0.0 0.0 0.0 0.0 0.0 0.0 0.0 0.0 0.0 0.0 0.0 0.0 0.0 9.870418114422425e-06 0.0 1.9581693651321374e-05 7.526342455651401e-06 0.0 0.0 0.0 0.00011853198480801878 0.0 2.3351673538411727e-05 8.942513818584682e-06 0.0 0.0 0.0 0.0 0.0 0.0 0.0 0.0 0.0 0.0 0.0 0.0 0.0 9.456662909098704e-06 0.0 0.0 0.0 0.0 7.396667768653839e-06 1.6525507777624603e-05 0.0 0.0 0.0 0.0 0.0 0.0 0.0 0.0 0.0 0.0 0.0 0.0 0.0 6.592935956189608e-05 1.4255103971176525e-05 7.70688354159342e-06 0.0 0.0 6.0629721995946866e-05 4.782601828791438e-05 0.0 0.0 0.0 8.112776296271309e-06 0.0 0.0 0.0 0.0 0.0 0.0 0.0 0.0 0.0 0.0 0.0002674170104135568 2.9018407989571054e-05 3.198717713192559e-05
0.01812394547551274 0.1340165758185802 0.027878143403729926 0.028193577306389474 0.09444737626043276 0.0005668910940208585 0.0 0.022659148083785965 0.0542684940751111 0.08096080872440645 0.022049133618863306 0.0014023035822165633 0.3574746047047935 0.09919948476873848 0.000692027803831062 0.0008526466781181979 3.592926115966093e-05 5.5191017511366896e-05 4.651270792453701e-05 7.180327161909191e-05 7.845168892377522e-05 0.0 3.615922721101054e-05 2.280022765041037e-05 1.213842000408866e-05 1.09508072750988e-05 0.0 1.0697049775027723e-05 0.0 0.0 0.01007068810449056 0.004543047423917541 0.0017645957409395294 3.5036014576506554e-05 2.2815456483129855e-05 3.7930528867854286e-05 0.0 0.0 9.67228171244853e-06 1.3579073059728113e-05 0.0 0.0 5.336359065626739e-05 0.0002905651385127729 0.00018687128565146789 0.00018283276022394685 0.0021973828456986915 0.00020267899212652826 2.716799426172953e-05 5.9417953562169686e-05 0.0 0.0 0.0 1.315428481691299e-05 0.00012049280922663845 0.00011859703073654101 0.001501662474189896 0.006089949644941365 0.00041395581072984435 0.0008827077447652925 6.81760347549752e-05 0.0001619211936607388 5.8406338403446984e-05 0.001956786944857516 7.296207599253376e-05 3.0382843179996664e-05 2.995514939268738e-05 4.610715296893445e-05 9.885872965432311e-05 4.062274639546949e-05 6.025594897264785e-05 0.0 0.0 0.0023086338109680644 0.00402426626240184 0.005217272899939325 0.009568643698483044 0.0007958173828085169 0.00023468425261147149 0.0029530260438503176 9.835497627129681e-05 0.0005023092480417218 0.00029442440176637565 0.0 2.4390041911454896e-05 5.890242634591754e-05 5.9044174397069295e-06 0.0 0.0 0.0 5.803347011473436e-06 1.0926681334425816e-05 4.7197136095796676e-05 1.3520164208113074e-05 0.0 0.00036559162796316765 3.969653629191729e-05 0.0 5.265111193325946e-06 0.0010540828668161811 1.200850106237509e-05 5.233846778654752e-05 0.001293306763877859 0.00010712481759638664 2.9637034790740012e-05 0.0009043410240136441 0.00040552717434517467 0.0007337722973327397 0.002396159359912287 0.0014492960928610156 4.761009522917362e-05 0.0009384009679257404 0.0002216056229762776 0.0002000093452465007 0.00015907765584831398 1.3420986872040242e-05 0.0 0.0 0.0 0.0 0.0 0.0 0.0 0.0 0.0 0.0 0.0 0.0 0.0 0.0 0.0 0.0 0.0 0.0 3.6281333781381766e-05 1.4972649680314519e-05 0.0 0.0 0.0 0.0001071952470500326 0.0 9.517337859319933e-05 0.0 1.9716053587871552e-05 0.0 0.0 0.0 0.0 0.0 1.7757472816536892e-05 0.0 1.2133647351978089e-05 0.0 0.0 0.0 0.0 0.0 0.0 0.0 0.0 0.0 8.569703640761939e-06 4.200868781206075e-05 0.0 0.0 0.0 7.291018863722309e-06 0.0 0.0 0.0 0.0 0.0 0.0 0.0 0.0 0.0 0.00011820904700221109 1.1586452535417141e-05 0.0 0.0 0.0 0.0 0.0 0.0 0.0 6.293405783762417e-05 0.0 0.0 0.0 0.0 0.0 0.0 0.0 0.0 0.0 0.0 0.0 0.00012616500326676926 3.3652470824680806e-05 0.00010360166536763723
0.007868636537299183 0.09711870515308123 0.12309178117939265 0.0008879255560564846 0.011551450654610412 7.636018114539458e-05 0.022659148083785965 0.0 0.010708500008078114 0.021826319796312294 0.1834777203211695 0.0008960408240343266 0.03494482894245471 0.11220221775209549 0.000581945305878471 0.000877282667520613 3.9614322611227775e-05 0.00022495525230826563 0.00018310450139087485 0.000611375085581988 0.0018199416650752599 0.0 0.0018262860977007163 0.0008334742292277636 0.0004847706463485831 0.0005709093604803383 5.7971177130564574e-05 0.00011826252413918396 0.0 0.0 0.06058734799898624 0.10587143739249051 0.02621251011329647 0.0014748544589380352 0.0016036284843084037 0.0027044436492357268 0.00011584216163804528 0.0009779296487862216 2.6793676035447382e-05 3.20676904785282e-05 0.00013675812195146396 9.59192795819228e-05 0.0005535434062410426 0.0010309796178044669 0.0009379206672474675 0.001235295848347539 0.0011662405240167994 4.113756919434915e-05 5.27483720824124e-05 0.0003769632464284715 7.911504268475019e-05 6.107780042200243e-06 0.0 0.0 5.244032814492642e-05 2.8949914620695356e-05 0.000849843698872234 0.005019930094293804 0.00015808944425993392 0.000315465803175863 0.0031321596561650323 0.005071409187059305 0.0027032150239194213 0.010848981220570337 2.2033750682205657e-05 3.8615137513584973e-05 6.36643260520765e-05 0.000262439900097616 0.0017390925617824945 0.0006947438647764877 0.00020888665911908264 0.0 0.0 0.0009835676608670517 0.0028070354668660973 0.0024442475126448945 0.008440462598957215 0.00460066172601016 0.04972557097637156 0.20096435918806985 0.0017774835877987741 0.07932731266665109 0.00012841521424765228 0.0 9.655188606790186e-06 5.187664022945634e-06 6.358057786593705e-05 0.0 0.0 0.0 6.6460262541654375e-06 0.0 0.001124995784640564 0.00013446521222256567 4.231004191051626e-05 0.0004407938915167489 0.00012148322572171026 0.0 2.098359808211893e-05 0.0011295922398085478 6.211243410736652e-06 0.0 1.7221749467595898e-05 0.0 8.816853507451657e-06 1.876161576522388e-05 4.686492653215194e-05 2.090596618525127e-05 6.148885701429353e-06 0.0 2.355523504078017e-05 0.00012961848337322623 0.00015135049302349005 6.484108527315345e-05 9.389551728998952e-05 6.350165760812056e-06 0.0 0.0 6.096780075946981e-06 0.0 0.0 0.0 0.0 0.0 0.0 0.0 0.0 0.0 0.0 0.0 0.0 0.0 0.0 0.0 1.1595336414875383e-05 1.8473247797095357e-05 0.0 0.0 0.0 0.0001438949310490552 7.71737468322551e-06 6.967205803974821e-05 0.0 0.0 0.0 0.0 0.0 0.0 0.0 0.0 0.0 0.0 3.520374244745245e-05 0.0 0.0 0.0 0.0 0.0 0.0 0.0 0.0 1.3295651131487298e-05 0.0 0.0 0.0 7.845123206824258e-06 0.00013144139458698016 0.0 0.0 0.0 0.0 0.0 0.0 0.0 0.0 0.0 1.3592939357436021e-05 0.0 0.0 0.0 0.0 8.606861539049063e-06 0.0 1.935710970775672e-05 0.0 2.230052643894936e-05 0.0 0.0 0.0 0.0 0.0 0.0 0.0 0.0 0.0 0.0 0.0 1.3411834170660505e-05 7.772347207098034e-05 0.000114205466534699
0.0003850669333311618 0.11304863232074149 0.036974259916262624 0.0015154817398727008 0.09887953785720392 0.0 0.0542684940751111 0.010708500008078114 0.0 0.00451273268008624 0.044857059804217427 9.626089791281976e-05 0.06859167208698194 0.0613488790983288 0.0 3.727532952931337e-05 0.0 0.0 0.0 0.0 0.0 0.0 8.640357033934766e-06 0.0 0.0 0.0 0.0 0.0 0.0 0.0 0.001205878828000145 0.0002814805293950359 0.00014414267430824655 0.0 0.0 0.0 0.0 0.0 0.0 0.0 0.0 0.0 0.0 0.0 0.0 0.0 2.906486599247079e-05 1.5216457462166566e-05 0.0 0.0 0.0 0.0 0.0 0.0 0.0 0.0 8.83680774765579e-06 9.944598413409527e-05 0.0 0.0 0.0 0.0 0.0 8.999673201701858e-06 0.0 0.0 0.0 0.0 6.685148111552105e-06 0.0 0.0 0.0 0.0 2.6594893326990882e-05 2.8506204432752473e-05 4.553275658655304e-05 0.00013517407531435187 8.84193567935329e-06 0.0 0.00020303334808101988 0.0 1.972805844731816e-05 0.0 0.0 0.0 0.0 0.0 0.0 0.0 0.0 0.0 0.0 0.0 0.0 0.0 1.2688547767026812e-05 0.0 0.0 0.0 1.1561432726421722e-05 0.0 0.0 0.0 0.0 0.0 0.0 7.704353591875327e-06 0.0 0.0 0.0 0.0 0.0 0.0 7.1131735561353645e-06 0.0 0.0 0.0 0.0 0.0 0.0 0.0 0.0 0.0 0.0 0.0 0.0 0.0 0.0 0.0 0.0 0.0 0.0 0.0 0.0 0.0 0.0 0.0 0.0 0.0 1.5581580466905647e-05 0.0 0.0 0.0 0.0 0.0 0.0 0.0 0.0 0.0 0.0 0.0 0.0 0.0 0.0 0.0 0.0 0.0 0.0 0.0 0.0 0.0 0.0 0.0 0.0 0.0 0.0 0.0 0.0 0.0 0.0 0.0 0.0 0.0 0.0 0.0 0.0 7.813166941851068e-06 0.0 0.0 0.0 0.0 0.0 0.0 0.0 0.0 0.0 0.0 0.0 0.0 0.0 0.0 0.0 0.0 0.0 0.0 0.0 0.0 0.0 0.0 0.0
0.1043095930479565 0.16965713145103992 0.02256991331923761 0.1419086812896344 0.012184046550706592 0.014048288463543853 0.08096080872440645 0.021826319796312294 0.00451273268008624 0.0 0.0043322825324899825 0.06404621219655757 0.5813058038541398 0.03241449191339681 0.006177214061971857 0.00727738561477759 0.00033741206106287875 9.743533458808644e-05 0.000130544825761731 0.00015158318225507779 0.00019716830100543196 0.0 8.101477177046716e-05 3.718697357480782e-05 3.798202267543098e-05 7.312262362523212e-05 5.828496270743877e-06 3.554896837798477e-05 1.2314441196668784e-05 0.0 0.04537523959739381 0.01156208317862025 0.0047165250069408846 0.0001953556829783275 8.360773495326927e-05 0.00012519287800106914 0.0008063386872995797 0.00013316074274603696 0.00011375912576598483 6.066301717361866e-05 2.0681900987679227e-05 2.5910048930576846e-05 9.95906169421058e-05 0.001411200590956353 0.00042339573581287165 0.0006341111677864465 0.015773006565839368 0.0012666453784643463 0.0002785391999314165 0.00011514944156249016 2.8136809096491323e-05 6.641086356079099e-06 5.631142239775237e-06 2.6714560184879524e-05 0.0005060142793242192 0.0003905138111360262 0.010633062789440685 0.03391123543351549 0.002436518482240008 0.005707811783455628 0.0002833121199190179 0.00048166459707935013 0.00019614134079221004 0.007912269681494244 0.000270116254161939 0.00019112493003419647 0.00022338453385257226 0.00010941286490838507 0.0003361279672486174 8.135768696634568e-05 0.0010443263512428388 6.153566982433392e-05 0.0 0.012611266944501919 0.0187637455987877 0.026320088650799694 0.03632586514465686 0.0040623403591838365 0.000752015135451448 0.00733606847314188 0.0003200248287889607 0.0012016732668354477 0.0015517406636382232 0.0 0.00015221360981890935 0.00018524507696529113 4.114758836216828e-05 0.0 2.5650669320021136e-05 0.0 4.045213660234239e-05 7.26482597066527e-06 0.00016931931136696218 9.582293030915761e-05 1.64964603642694e-05 0.04107790045639122 0.0010390922329965636 0.0 0.00019716648492201154 0.026238946060111137 0.00035044212227773293 0.0010871445360345758 0.0008433150726788058 4.6209451757441904e-05 0.0024607653450605914 0.0005350134866253696 0.013610638324870052 0.0003583136391672744 0.006474631499137796 0.0016947290581908524 0.001444659105583561 0.012872538940438697 0.009037015625686672 0.006768504121941562 0.008999859208046123 5.4436684774255256e-05 2.4026575775746874e-05 0.0 9.254060945082726e-06 0.0 0.0 0.0 0.0 0.0 0.0 3.6637319203021405e-05 0.0 6.298008638687427e-06 0.0 0.0 6.655074072475631e-06 0.0 0.0 0.0 0.0007833556593252152 0.0010875753389907171 0.0 0.0 0.0 0.0038920754225343 9.721478769780678e-05 0.0016785662341779303 0.0001345380620183976 7.001924226002496e-05 0.0 0.0 0.0 9.869560766195826e-05 3.643332824700334e-05 3.075446940749382e-05 0.0 0.00013774856159640245 0.00021889521437789766 0.0 0.0 0.0 3.852105598286402e-05 3.426224965230722e-05 0.0 1.2807944385655189e-05 0.0 0.0002844733710916362 0.0008132873191623415 0.0002253970939712533 0.00014981209178171188 8.466906137983267e-05 0.0013102995871483217 0.00017890214057713754 0.0 0.0 0.0 5.608205446336693e-06 0.0 0.0 0.0 0.0 0.0031132088587442317 0.00028183091774584265 2.9065927579215244e-05 0.0 0.0 0.000824742251163226 0.0003177292143052285 0.00047788088506928953 0.0002573483987311631 0.00034264634561023726 0.00014014881253273268 2.5708073430300582e-05 0.0 0.0 0.0 6.563682178308377e-06 0.0 1.7532320992568664e-05 0.0 0.0 0.0 0.004637324368332675 0.0008965319909765614 0.0028855111220437097
0.004365336210279902 0.16712465699289972 0.11867281409293022 0.0006519912167849359 0.036100085237403136 2.6975580128847228e-05 0.022049133618863306 0.1834777203211695 0.044857059804217427 0.0043322825324899825 0.0 0.0006381381778088452 0.04850693736033172 0.3381524650675644 0.00017117019754106296 0.00033309565880886125 7.716511051463667e-06 6.6066488033525305e-06 1.8204221306372774e-05 1.1437784091460428e-05 6.673115944711715e-05 0.0 4.948621381308642e-05 1.8370966489099495e-05 5.131881820674064e-06 0.0 0.0 1.3528165557959108e-05 0.0 0.0 0.015986770946754835 0.009378003612642792 0.028543510926726825 5.359635925882666e-05 4.1627404783025274e-05 7.885559267970183e-05 0.0 1.3768770154173687e-05 1.5141277088937957e-05 1.5887779501749395e-05 7.1010543646940255e-06 5.044555799013603e-06 0.0 9.012768372625477e-05 4.371084979354619e-05 2.054698545432821e-05 0.0004316108808196967 2.921599399165297e-05 0.0 1.689699179879773e-05 6.938275840759651e-06 0.0 0.0 0.0 6.0463006104888205e-06 0.0 0.0003475637510026163 0.0016966026539117411 5.369310585889583e-05 0.00011245510889297245 0.0 0.00208342775489374 1.3217308675445776e-05 0.0009930141779927342 6.404443221748032e-06 0.0 5.764313973983495e-06 1.1442984779881845e-05 3.462228346594206e-05 2.192180123396126e-05 6.718836836957829e-06 0.0 0.0 0.00029606898955692823 0.0006851238318407378 0.0008692259261853619 0.001977616448450391 0.0002948295523079803 0.001471927580660593 0.13689738895344766 1.4019459588237427e-05 0.011745803731035292 7.97777973838684e-05 0.0 6.727227954967718e-06 6.102913373284087e-06 0.0 0.0 0.0 0.0 6.422945162151339e-06 0.0 3.575725859496168e-05 0.0 0.0 3.2441308067007935e-05 1.1384646170901676e-05 0.0 0.0 0.0005548575854330907 0.0 8.408470016095188e-06 0.0 0.0 0.0 0.0 2.3768853506668485e-05 0.0 1.2318127694829425e-05 7.001147571596973e-06 7.930749366844065e-06 0.0 1.1856365335322009e-05 2.076206803117383e-05 7.4328108523761735e-06 7.711406269632864e-06 0.0 0.0 0.0 0.0 0.0 0.0 0.0 0.0 0.0 0.0 0.0 0.0 0.0 0.0 0.0 0.0 0.0 0.0 0.0 0.0 0.0 0.0 0.0 1.4061655653432798e-05 0.0 5.950939695297919e-06 0.0 0.0 0.0 0.0 0.0 0.0 0.0 0.0 0.0 7.965999527136486e-06 0.0 0.0 0.0 0.0 0.0 0.0 0.0 0.0 0.0 0.0 0.0 0.0 0.0 0.0 0.0 0.0 0.0 0.0 0.0 0.0 0.0 0.0 0.0 0.0 0.0 0.0 0.0 0.0 0.0 2.462562298659526e-05 0.0 0.0 0.0 0.0 0.0 0.0 0.0 0.0 0.0 0.0 0.0 0.0 0.0 0.0 0.0 1.3678390712339923e-05 2.20699528217104e-05 0.0
0.0008353793125469366 0.012923428343736405 0.0013134585886667334 1.7145607666229797e-05 0.0006008483101632435 0.002978936810426762 0.0014023035822165633 0.0008960408240343266 9.626089791281976e-05 0.06404621219655757 0.0006381381778088452 0.0 0.1185254096756329 0.005044861574264152 0.003705694435941289 0.0047045147389295 0.0006834896458994743 9.447055383705217e-05 6.774179002783566e-05 0.0002943292591213565 0.0018617265319444648 1.0325996152396734e-05 0.0012073406655460472 0.0007621834658933278 0.0005930694749461568 0.0007814226090772822 0.00024690313257573547 0.00015506234831975566 0.0 5.270938345487082e-05 0.004111631223555432 0.0006201075625497756 0.016235466369884932 0.00038135794247656573 0.0007978117532737715 0.002246772847248428 0.05133900275174009 0.006529377199671493 0.0031234438395421303 0.00031673537777168623 0.000503484345669305 0.00014294399925009717 0.0003832103489827287 0.00044848336305145913 0.0002923631390526173 0.00019955335003847953 0.006785999262830866 0.00022460551215372653 0.00013607088508719322 0.00020375136623641707 0.00017237246697035234 8.455917793907979e-06 0.0 1.3615801976811875e-05 0.00010089998615878877 5.7635475244171734e-05 0.0009314608448201072 0.0020561302342931385 0.00039787401502994766 0.0007843311077779031 0.0013698467424787836 0.003499760439326691 0.0017298972282696631 0.0006090485442936815 3.972623993312654e-05 0.00016604954671286287 4.497854074613392e-05 0.00031761495884679284 0.002262409138881935 0.0010601496616729485 0.056459807765611505 9.560684047688735e-05 0.0 0.0011121491398195852 0.001390223213574129 0.00276161191387013 0.0021218430769313463 0.0009761093553971903 2.1621872505869795e-05 0.0034901403846584137 6.940248823582752e-05 0.0009058725412409797 0.0003087369802423242 0.0 3.462769250316379e-05 1.7986704213953424e-05 6.70317732222845e-05 0.0 0.0 0.0 0.0 5.511615698425577e-06 0.0015896176520613058 0.00022654123030568538 5.711755697740171e-05 0.0687424722056255 0.006622281133996599 0.0 0.0020112423408658675 0.002427083175791611 0.0004999786985193519 0.0010845101024640326 0.0008054040648179355 2.1632569634070896e-05 0.002476225930150728 0.0005077496722306852 0.008337187432222838 0.0002932172335418244 0.005754455946244667 0.0019223928009656853 0.002155202916432855 0.013291716382660183 0.009579738274461944 0.00800526057286048 0.011631367693718031 9.678566428811708e-05 3.0466657981058655e-05 0.0 1.9057979413843322e-05 0.0 0.0 0.0 2.8339920830020996e-05 0.0 0.0 2.1680733167966394e-05 0.0 2.167942638161341e-05 0.0 0.0 8.314382343572866e-06 1.721437883350591e-05 1.4987552052668884e-05 1.3707680018179852e-05 0.0011461201863537623 0.001105845975374871 0.0 2.6560757667423938e-05 0.0 0.006640183096469933 0.00022119694940291802 0.0030891299132455438 0.00032901607071472065 0.00018192645711597282 0.0 0.0 0.0 1.354412762727289e-05 2.142234333232374e-05 8.623785508946602e-06 0.0 0.0002206418047331533 0.00021690168392209143 0.0 9.207279316495428e-06 0.0 9.716644227210151e-05 8.864820031257062e-06 1.3622992136430843e-05 2.259781466489808e-05 1.3384428035609807e-05 0.000343149904817851 0.0009929844214375439 8.501116396814531e-05 5.7770963854835176e-05 0.00011068069098060294 0.002339022173737708 0.0002087691626793088 0.0 0.0 0.0 6.183351128485219e-06 0.0 6.8561448381655015e-06 0.0 0.0 0.0048518058924330735 0.00030174421528470445 2.272976465308001e-05 0.0 8.751429149475804e-06 0.0014195318287651157 0.00020457678087545866 0.000449346692447695 0.00026269854363689983 0.000519151145047555 0.0001876783542573717 4.950181635079694e-05 5.692086909565856e-05 0.0 0.0 0.0 0.0 0.0 0.0 0.0 0.0 0.005380439725564362 0.0017054800003831149 0.005439017301642014
0.004434927447410533 0.2399968611606482 0.024321872266063128 0.01851344249017192 0.06804511614579634 0.0018097931395805668 0.3574746047047935 0.03494482894245471 0.06859167208698194 0.5813058038541398 0.04850693736033172 0.1185254096756329 0.0 0.34182551361486974 0.005825491128436471 0.00971866370205228 0.0005329468314100086 0.00011075878540235834 5.9766269763683515e-05 0.00021001512393865033 0.0016172762614480394 0.0 0.0008401026535516498 0.0005224590970603403 0.0006313408251280688 0.0006093555942042381 0.00015261956493649347 0.00014769789288194752 3.231138440083177e-05 4.912319697377091e-05 0.011186684815936172 0.006099964243260282 0.1230606008020447 0.0004567835110616881 0.000691951415412749 0.002363561906466824 0.031333978866445004 0.00583513937350059 0.0032143697916178185 0.00033463401327845976 0.0001871530965379648 5.991995511446682e-05 0.00032024119452984636 0.0016958675610760897 0.00045978146037479664 0.00029712594585559396 0.011741407792925977 0.0005580899630524672 0.00014810821718253683 0.00020285732310886963 9.903297208673731e-05 8.158978705744813e-06 1.6605038908454306e-05 5.809394323591366e-06 0.00022616854674346003 0.00010759991900357671 0.0029171795732282286 0.004596156037217496 0.0009744599873953865 0.002004869831704118 0.001207468510448683 0.010658920562192685 0.0016492837721945148 0.001786235532859565 0.00011666160975327925 6.615465595441969e-05 0.00012323214240234624 0.00031503637929035253 0.0018734894974890175 0.0007695940297238039 0.014014709438742182 8.777383268193436e-05 0.0 0.003403374549614195 0.0036186678998543272 0.009232750112768516 0.010170742275308389 0.0034338909561863495 0.00021757881610577005 0.021298976677857146 9.876188147830816e-05 0.0014551316318881452 0.0007731222824823674 0.0 8.599506684664133e-05 8.127384523584691e-05 5.659747537921075e-05 0.0 2.103872878099904e-05 0.0 2.9811119426103622e-05 1.3466802820473709e-05 0.0012154123664196502 9.706669469339377e-05 5.917356467141881e-05 0.05335399280610085 0.0029899210716214757 0.0 0.003192330992847333 0.0018714811908040084 0.0003799571856177319 0.0007428738956179582 0.0007309262744529912 8.74219575427499e-05 0.0023574914695218443 0.0005608561439317473 0.010790863872346741 0.0003458565366808349 0.00622830828395143 0.001450433980148777 0.002111333936041673 0.014949672993041403 0.009814888123806764 0.007797891395062817 0.011040406953358202 0.00010648969060961469 4.280813255267962e-05 0.0 1.1489591130906978e-05 0.0 0.0 0.0 4.118002368764831e-05 0.0 0.0 6.365882536028048e-05 0.0 1.2541313669913068e-05 5.623183315603279e-05 0.0 0.0 0.0 2.065690291121174e-05 5.831069685517811e-06 0.0008084551737841309 0.0013305859117178395 0.0 6.325405797259205e-06 5.213560786687401e-05 0.005909265338805653 0.0002804934445909841 0.003038140608824093 0.0003022205053666827 0.0001227969173492188 0.0 7.17258698035525e-06 0.0 0.0 2.4414979514801206e-05 7.531628940313492e-05 0.0 0.000146392971746795 0.00017338461221377792 0.0 0.0 7.572039820073807e-06 6.377210852431468e-05 4.099894448541705e-05 0.0 0.0 0.0 0.0002571593158168545 0.0010983975879693291 0.00012016955251960579 0.00017582520439128984 0.00010764518407967192 0.002019540899094434 0.00022037057144595388 0.0 0.0 0.0 2.660465028713615e-05 0.0 0.0 0.0 0.0 0.004497843279216369 0.00018124082420675216 2.528794775961763e-05 1.3453685822532913e-05 0.0 0.0012674455720322858 0.00024737332951830864 0.0003905221157963706 0.0003270569990717227 0.0004739529361611836 0.00039287561297844285 1.7683248674536932e-05 4.184292720733822e-05 0.0 0.0 0.0 7.050632537679489e-06 0.0 0.0 0.0 9.130353726785282e-06 0.005130301102420848 0.0013917293972881524 0.0046218610983304485
