0.0 0.10308742662401994 0.017734246607584565 0.08862793254651667 0.006059314766142848 0.0026120492833605746 0.019361093671792774 0.003073611143161086 0.0007225626093451956 0.08008588079840769 0.0026801125702359783 0.007583628796772564 0.010481938300994028 0.00886642584478071 4.383379594205662e-05 2.831272872413795e-05 5.099919472575155e-05 1.2547391371292063e-05 0.0 0.0 0.0 0.0 5.516352027271854e-06 0.0 0.0 0.0 0.0 0.0 0.0 0.0 0.06409439450191837 4.173175926772134e-05 0.00030302401426152446 5.729788870688153e-06 1.0397762029701737e-05 0.0 0.00018317261734179097 9.290116270609791e-06 0.0 0.0 0.0 0.0 0.0 0.0 0.0 1.3396103447136084e-05 0.00782680469054383 0.0023380809966535403 9.769376516037283e-05 3.789441853411281e-05 0.00012610250016524657 0.0 0.0 0.0 0.0005939629486726078 0.0002875832085415506 0.018821266887623398 0.06362812307354522 0.011646737558839031 0.002833959544494077 0.0 2.093618595154431e-05 0.0 8.578830110048485e-05 0.001210726994965789 0.0014232923064157155 0.00019922382700391874 0.00015674380470889927 1.0903225381635903e-05 0.0 0.00017483187322704202 2.730028085520425e-05 6.599632102383236e-06 0.011297231590522984 0.0006707671856358129 0.0023788415784678258 0.00029488308604357777 2.4220743509856322e-05 1.869662581419832e-05 0.0004252914737913233 5.4453000972514e-06 3.8192226435698204e-05 0.0058592545620215816 0.00021911590070769225 0.001969800551709799 0.0005887329610394438 0.0006486250533411945 2.2354994958586138e-05 0.0003433774352394957 0.0 0.0002980986952258455 4.7067851303107586e-05 6.749026061490805e-05 3.394368146415911e-05 4.4614087944898065e-05 0.023610703822991425 6.490589002418508e-05 0.0 0.0 0.06617670108248384 1.4716106263902677e-05 0.000346084712104225 0.0007267248859069653 0.00029850548180726234 0.00010078414141044846 0.0021376223887776416 0.0005723837232689782 0.0013806429818292861 0.0009625726910835175 0.0012261402564911605 7.323704162374081e-05 0.0014404506600939183 0.0008590480297982016 0.000708120700086516 0.0001082377430248874 0.0 0.0 0.0 0.0 0.0 0.0 0.0 0.0 0.0 0.0 0.0 0.0 0.0 0.0 0.0 0.0 0.0 0.0 0.0 0.0003299451299954418 2.3618951293610545e-05 0.0 0.0 0.0 0.0006624787130988962 0.0 0.0005217811880285845 0.0 7.030211057569373e-05 0.0 0.0 0.0 0.0 0.0 0.0 0.0 0.0 0.0 0.0 0.0 0.0 0.0 0.0 0.0 0.0 0.0 9.50744391622665e-06 0.0 3.340711922046452e-05 0.0 0.0 0.0 0.0 0.0 0.0 0.0 0.0 0.0 0.0 0.0 0.0 0.00018000912713793954 0.0 0.0 1.709981924648717e-05 0.0 0.0 4.865732440647497e-05 0.0 0.0 0.0 8.954189904124175e-06 0.0 0.0 0.0 1.3844334774396147e-05 0.0 0.0 6.865121765608175e-06 0.0 0.0 0.0 0.0005086605265274773 6.336387002721436e-05 0.0002352965880769088
0.10308742662401994 0.0 0.12121098486626028 0.1255272749162595 0.1152553066428519 0.005337745487726445 0.326139167891986 0.04209616453113956 0.07931739062240879 0.21811834812233113 0.0323013919479923 0.025251457282611228 0.1902206574815581 0.21871681069706644 0.0022004584526770245 0.0008820067128759052 0.00010034610720113145 4.2858198900468655e-05 0.0 5.401699739783186e-05 0.00018200067797175472 1.0222087263941774e-05 8.085031293290419e-05 1.9118849565026302e-05 4.989282336494772e-05 0.0 3.9407480860243704e-05 2.8220433120342547e-05 1.088941899775679e-05 7.554614218423276e-06 0.1695436464188527 0.0018352725471465414 0.0035833522338803965 0.0 4.559349321115447e-05 1.3352018151903215e-05 0.004276465334326629 9.263190055351086e-05 2.923566689443885e-05 3.316792543066977e-05 0.00016884479739465286 2.914612725541428e-05 0.00030198936800664616 2.933221065349779e-05 6.849725160598817e-06 2.2820542939204753e-05 0.032419014077025805 0.00420151021306125 0.00012865438639672578 4.1295484297875156e-05 0.0003229876392237874 0.0 3.186520739523178e-05 3.099987888486883e-05 0.0006978348407539379 0.000497762336926572 0.006201529617630569 0.045876464400783024 0.015078996177935166 0.007212636573764231 1.048142997157395e-05 0.0001226601494987003 2.4248252934971998e-05 0.00495908061050516 0.0019374097581219105 0.002447081814024368 0.00029761179443389484 0.0006980979868571434 0.0010997799304371609 0.000582628761291935 0.0009396067368368008 0.0007016390678971661 0.0 0.022568738388233724 0.00889831841238201 0.019000664997041148 0.002998461188176677 0.0003957344421848056 0.0003417563615013511 0.00473336446681451 1.2065434124349135e-05 0.0009579370709323513 0.008439777711474911 0.0003365160009711699 0.0033211976057826434 0.0011808542979456376 0.00113666444603564 0.00010298290921274597 0.0005925450774759014 2.0612124189659108e-05 0.00046107501116279207 3.544320928448449e-05 0.0007074976192859077 0.00010213978295160395 0.0001677052680157906 0.0031436052926620208 6.926605905404078e-05 0.0 4.124600828339631e-05 0.04555620744408377 7.419683496757333e-05 0.0003669332335545063 0.0014856611263561587 0.0009615695976553717 0.0004802735799183447 0.012660419968155767 0.0017762613431835884 0.006082715929095136 0.009385735870703104 0.003016708873269495 0.00023340328422411625 0.005724643862096274 0.0026512465276189536 0.0039042558137034646 0.001544722409487611 0.0 0.0 0.0 0.0 0.0 0.0 0.0 2.6369443733482905e-05 0.0 0.0 0.0 0.0 0.0 3.7200252965634953e-05 0.0 1.0248933171343222e-05 0.0 0.0 0.0 0.0005265315132009613 8.490789229086425e-05 0.0 0.0 0.0 0.0027727920745636626 0.0 0.0016959745885866487 0.0004206525099744708 0.00023044836168674323 2.5132626431953493e-05 0.0 0.0 0.0 0.0 0.0 0.0 0.0 1.6598261184039907e-05 0.0 0.0 7.0629818787549915e-06 1.022179655239595e-05 9.516467563976392e-06 0.0 0.0 0.0 1.5134687428036006e-05 0.00010990977048071724 0.00012805209388619182 6.310781883103793e-05 9.73186936632952e-06 0.0 0.0 0.0 0.0 0.0 0.0 0.0 0.0 0.0 0.0 0.0018068270772126122 0.00013850309234699593 0.0 5.9870463749068965e-06 0.0 8.091715968661061e-05 3.7046318787571296e-05 0.0 2.640739849204752e-05 4.35865945461939e-05 0.00014157960088368037 0.0 7.951692869265772e-06 0.0 0.0 1.4125510788357187e-05 6.860265627228036e-06 2.3819591999914968e-05 1.908240389878845e-05 8.290700198645715e-06 0.0 0.0017258340234619781 0.0011585103703079943 0.0018811369226718047
0.017734246607584565 0.12121098486626028 0.0 0.025168155457644413 0.07176094011388227 0.00021329289484179768 0.006317354060832749 0.32459013214168997 0.03460890584929481 0.013797836138714319 0.0901336158564123 0.0060522612758511915 0.07112125949229202 0.1965986893043761 0.0013141074217941538 0.0009177620517103384 7.608114801046523e-05 0.00029414518480637734 5.0701368956513014e-05 0.0017854555058106028 0.0022468399093920448 1.8796056406514663e-05 0.0010040014540695068 0.00015432379914240253 0.00027986332191186683 2.1837653480584316e-05 0.00010896076340447212 9.286147575099694e-05 7.059104839476453e-05 8.395109878112249e-05 0.3045845520571101 0.03061969923340708 0.012274642925201522 0.0003512354620076786 0.0003286045349498759 0.0002083987741772453 0.006199838918960108 0.0005331976004174104 0.00012413110018090695 0.00017496958116149872 0.0009054730913134583 0.00020204440845217973 0.00407839489765423 0.00011209806735535997 0.00020259623836403525 0.00011519983882195872 0.011102393858030734 0.001317197517473784 9.996016444438663e-05 0.0006686137591764735 0.00042589133823266715 4.22772804492867e-05 2.5169894493145738e-05 5.3316407200773116e-05 0.00014833019582169952 0.00010636085616497185 0.003257617386967459 0.03099739723493315 0.006341355950219918 0.00220262191303088 0.0014244380170367486 0.0013185109672080306 0.00021589636547082725 0.02155017688253419 0.0004398492837552462 0.0013385414968731459 0.0007820678558493536 0.0021370276731178628 0.008023268591469925 0.005818054188207238 0.0006604432459881886 0.0002992915387842468 8.748162341850132e-06 0.010408315452794036 0.007446913740275473 0.008863938916643707 0.002134894145429217 0.00046752897891306236 0.004284069549150194 0.04993420449180459 0.0009423360300305767 0.018846073404756997 0.0020775571840281754 0.00011683478848295685 0.0009290969755280664 0.0005248416118141585 0.0006716489736350931 1.1820825952740725e-05 0.0001950459268696541 5.294243383999987e-05 0.00024416610027530307 8.963324765942026e-05 0.003662755400191274 0.0003155828452770177 0.00026759407581423414 0.00042362598589654594 4.147021256092777e-05 0.0 5.625806759332371e-05 0.012774805964834279 8.30979057876145e-06 2.952279959763209e-05 0.0003346607194842781 9.024197204217825e-05 0.00013676157758807006 0.0007151725537977263 0.00016358800248685097 0.0007150203247732645 0.0008955666636682358 0.0005103848260440489 3.480636797640375e-05 0.0008831747397128115 0.0005761189320142781 0.0005037049309949923 0.0005168854510657864 6.449136723186427e-06 0.0 0.0 0.0 0.0 0.0 0.0 0.0 0.0 0.0 0.0 0.0 0.0 2.583618990307812e-05 0.0 3.089328432945886e-05 0.0 0.0 1.2377369544660777e-05 7.626870428265965e-05 1.1219096514735745e-05 0.0 0.0 0.0 0.00042889293832370823 0.0 0.0003066500207398737 0.00012881554441866657 0.0 1.0387025018887883e-05 0.0 0.0 0.0 0.0 0.0 0.0 0.0 0.0 0.0 0.0 0.0 9.51390428011384e-06 5.8765936619815815e-05 0.0 0.0 0.0 0.0 0.0 2.7769515850195612e-05 2.0566099529695272e-05 0.0 0.0 2.8060119707195188e-05 0.0 0.0 0.0 0.0 0.0 0.0 0.0 1.7114493418817864e-05 0.0005410118364651825 1.1684862770468502e-05 0.0 1.5110663644013002e-05 1.2898342019528178e-05 0.0 0.0 0.0 0.0 0.0 0.0 0.0 0.0 0.0 0.0 6.756937954887048e-06 0.0 1.2908401991160558e-05 2.68016661264311e-05 9.415483451655172e-06 0.0 0.00019894298661209123 0.0003940439458534439 0.0005679527852940952
0.08862793254651667 0.1255272749162595 0.025168155457644413 0.0 0.002549705882329829 0.0419267798621221 0.03155798138606427 0.0006415340796106889 0.0016872664517194906 0.27355397735976567 0.00042012892012987184 0.015732839980155698 0.03617004380341372 0.012871009796138243 8.590384879885104e-05 6.140802745676244e-05 3.608021091853403e-05 0.0 0.0 2.6516318739824114e-05 0.0 0.0 0.0 0.0 0.0 0.0 0.0 0.0 0.0 0.0 0.009522146675836559 2.0626783874703468e-05 8.474287920202913e-06 0.0 6.246563895794203e-06 0.0 0.0002474891655236082 2.257179478407079e-05 3.171208643684117e-05 0.0 1.0277760939515566e-05 0.0 0.0 0.0 0.0 0.0 0.006448483350435907 0.0014471033195275717 8.235669323966695e-05 0.0 4.954787866271735e-05 0.0 0.0 0.0 0.0003652485200649408 0.00017819482921827592 0.0045141781096042655 0.012254998147543881 0.004599548062303018 0.0017343016057002447 0.0 0.0 0.0 0.00018465683789537272 0.0006940262186509448 0.0007762593140901379 7.368851955186896e-05 8.108481284192575e-05 3.910131331153235e-05 0.0 0.000314021510346993 0.00018118602502317934 0.0 0.006139071550211376 0.000719076525907384 0.00221996062086833 0.0002364268547677968 1.321887612719034e-05 0.0 0.00027958765299835204 0.0 0.0 0.0033193785429945035 0.00012482233980045434 0.001031364005627573 0.0003303684654040414 0.00035858177077950615 0.0 0.0001068241137056206 7.303545200018129e-06 0.00012708741446358738 1.6504289884124863e-05 0.0 0.0 3.5169227174008834e-05 0.02240599139783003 3.8710709028953836e-05 0.0 6.464787000579547e-05 0.055520684457700885 0.00013985357979458228 0.0010962769355070984 0.009415604563437312 0.0067422880217180335 9.046284231221407e-05 0.00875642220827436 0.002530400755237083 0.0014156681575690612 0.006026674555087197 0.00820513443578483 0.0 0.0022470195802342862 0.0021725768284102387 0.0011719269578121913 0.0003486157245706404 0.0 0.0 0.0 0.0 0.0 0.0 0.0 0.0 0.0 0.0 0.0 0.0 0.0 0.0 0.0 0.0 0.0 0.0 0.0 7.294667584114668e-05 1.1304275963482443e-05 0.0 0.0 0.0 0.0006138640624430555 0.0 0.00023055156042223584 0.00018097926295548803 8.264135344599202e-05 0.0 0.0 0.0 0.0 0.0 0.0 0.0 6.37017309293355e-05 8.749647578445395e-05 5.892027161280146e-06 5.324915576886839e-06 9.219120841006055e-06 0.0 0.0 1.1944358560426304e-05 7.053879033839946e-06 5.962992167582579e-06 0.00011114132696566813 0.00010718082884509018 0.00016103910836290993 0.0 0.0 0.0 9.03630963799651e-06 2.417884965813669e-05 0.0 0.0 0.0 0.0 0.0 0.0 0.0 0.00017530774967699977 8.350651100637618e-05 0.0 0.0 0.0 0.0 0.0 0.0 7.176170902032674e-05 2.4086050379686306e-05 5.8769198190879804e-05 1.1117127266943615e-05 0.0 0.0 0.0 0.0 0.0 8.446516758114081e-06 1.6235124313446692e-05 0.0 0.0 0.0005355173288511591 0.0003671268730382336 0.00037575551816526126
0.006059314766142848 0.1152553066428519 0.07176094011388227 0.002549705882329829 0.0 0.0007879369713672915 0.08989205730059094 0.05368439421683902 0.20513787792332558 0.046680575053467864 0.05593604118699711 0.008700937329084476 0.0939668878882902 0.1865895173661709 0.0010029654010991248 0.0004541226585486919 0.0 1.800126069841177e-05 0.0 7.750340354292659e-06 0.0 0.0 0.0 0.0 1.2236100152312876e-05 0.0 0.0 0.0 0.0 0.0 0.011624177926614751 0.00031488907859182364 0.00022645681489699744 8.015310889757191e-06 0.0 0.0 0.0007107023180928347 0.0 0.0 0.0 0.0 2.0826733537449617e-05 2.8588904692674567e-05 1.901013793417296e-05 0.0 9.510677478537055e-06 0.009511937442658878 0.0007291175921139981 2.4372531637903934e-05 1.239156370490417e-05 2.0820567748384605e-05 1.1482065873047598e-05 0.0 0.0 0.00010514164526252772 3.31390778632061e-05 0.0008979465008188155 0.004669557506997957 0.0023276419685545275 0.0015429487802781524 8.810288654758398e-06 8.165624694965247e-06 5.701025812394784e-06 0.0013782668973687773 0.0003632723474855722 0.0003948990120530753 5.4232886938825e-05 0.00011292090803526345 0.00010774253135967483 5.565346146316176e-05 0.0005532360275852169 0.0005810635085167753 0.0 0.004190431834456163 0.0026274551046985917 0.006386305067285368 0.0012367410766723462 9.81887788326721e-05 2.4642248691281986e-05 0.0005684145100798495 1.5256378701628166e-05 0.00025847483322269225 0.001229837806501446 4.050487976170953e-05 0.0005464336019657796 0.0001365503355685338 0.00020326936356365648 6.7512309298893775e-06 0.00010740366842024872 0.0 4.592557706639398e-05 0.0 0.00014001461129422245 0.0 1.3034481946693714e-05 0.001585975464869991 6.494588942176137e-05 0.0 1.3986279274287349e-05 0.0024878122110946603 0.00011693327885038995 0.00023938497706381206 0.0011607167927094825 0.0004815071897346791 0.0005104306898951345 0.002496502696652146 0.0009809955984558516 0.0037111501995162185 0.0018464832738730504 0.001946568907875306 0.0004200010138104411 0.004238973971897701 0.0021066064541162355 0.0024290370137185087 0.001310004904322705 0.0 0.0 2.806580258671563e-05 0.0 0.0 0.0 0.0 0.0 0.0 0.0 0.0 0.0 0.0 0.0 0.0 0.0 0.0 0.0 0.0 0.00024115092946024063 4.101750611091822e-05 0.0 0.0 0.0 0.0021359293108118554 0.0 0.0010970095469531476 0.0005071348047276356 6.130020920856654e-05 0.0 0.0 0.0 0.0 1.283466170370551e-05 8.167331104131921e-05 0.0 0.0 1.3767086632009384e-05 0.0 0.0 0.0 0.0 7.486277205862364e-06 0.0 0.0 0.0 5.76672082683738e-06 2.3662032619900262e-05 1.8936840957679822e-05 0.0 0.0 1.1823019327892136e-05 0.0 0.0 0.0 0.0 0.0 0.0 0.0 0.0 0.0 0.001716539464906468 2.9361746367062466e-05 0.0 9.371582144958789e-06 0.0 0.0 6.435594973737741e-05 3.722425743327618e-05 6.638467205047593e-06 9.022221234943374e-06 0.0 0.0 0.0 0.0 0.0 8.28480097564931e-06 0.0 6.745229812979075e-06 0.0 0.0 0.0 0.0013437084232805234 0.0011020674174151669 0.0012061162639725505
0.0026120492833605746 0.005337745487726445 0.00021329289484179768 0.0419267798621221 0.0007879369713672915 0.0 0.0038846684834481547 0.0003634584255716507 0.0003047531819892149 0.07624119139025345 0.00022136721293171478 0.021501199212837684 0.012755951335363279 0.002141456398884122 3.0817477189153074e-05 6.221730755374502e-05 0.0 0.0 0.0 0.0 0.0 3.385109949500378e-05 0.0 0.0 0.0 0.0 0.0 1.0734246639620874e-05 8.502593180248037e-06 0.0 0.0003447660237672387 0.0 0.00033629782726803093 0.0 7.576975344884352e-06 0.0 0.0017816504654477017 4.512824270281531e-05 0.00027339004792091445 0.0 0.0 0.0 1.723476735289672e-05 0.0 0.0 0.0 0.0002456207102643407 7.80960156487302e-06 0.0 0.0 1.5631619699955898e-05 0.000389487131227946 0.00016311244379137356 0.0 0.0 9.757096560937585e-06 0.009757257504064781 0.0007886295196717048 0.00056432701833888 1.342317390747575e-05 0.0 0.0 0.0 0.0 8.190423065897742e-06 1.51557191045209e-05 7.263878044208487e-06 0.0 1.1565851644848683e-05 0.0 0.013754536522823173 0.013306578053460166 0.0021549464364471384 0.00019219101876223686 0.0 6.472384761317048e-05 1.0193525096018942e-05 0.0 0.0 0.0005393746383773449 0.0 8.887790807565604e-06 5.9700619633150075e-05 0.0006472559057858968 1.4113066209393754e-05 0.0004265501195700861 0.0 0.0005495134807281755 0.00011684662749335147 0.0003669822440441842 1.0736428424943217e-05 0.0 8.407671514349292e-06 0.0 6.789341185327348e-06 0.021799919907146758 0.005588428549370469 0.005014695200164531 0.0005649958195664391 0.021517281496280277 1.046413698078308e-05 0.00011808866021796217 0.0002661884120879049 3.0104968301624932e-05 1.1007234439344267e-05 0.0009181494229135162 0.000304511721422018 0.0006980858465111928 0.0004658373419493564 0.0005724162897228445 5.964103245862713e-05 0.00029410714264118515 0.0005380111017480453 0.00031403743766959184 8.701745559336109e-05 0.0 0.0 0.0 0.0 0.0 0.0 2.162929249939094e-05 8.190735122045439e-05 1.1322378310670001e-05 0.0 0.00013059641920293175 6.63836193076688e-05 4.872061598011427e-05 6.680637570772445e-05 0.0001310232330089808 0.00014396175696589316 0.0001757733705769596 0.00022651256583809838 0.00011827499328028022 0.00015074636467186467 7.861516272551914e-06 0.0 0.0 4.078430812602879e-05 9.078681715038126e-05 0.0 0.00012000975261758716 0.0004520032950798976 0.00020994688269775392 4.599008750372376e-05 2.005836843453983e-05 0.0 0.0 0.0 0.0 3.484742204842538e-05 0.0 6.773499820627442e-06 0.0 0.0 5.864539950003517e-05 0.00034874364537735734 0.00016208928788619863 0.0 0.0 0.0 0.0 1.2949684962306315e-05 3.385193396269679e-05 0.0 0.0 0.0 2.0854135756646397e-05 0.0 0.0 0.0 0.0 0.0 0.0 0.0 5.090219799753981e-05 0.00019558414549308652 0.00044094256198956827 2.8617056387484516e-05 7.291606517093586e-05 2.8350468587955237e-05 0.0 0.0 0.0 0.0 0.0 0.0 0.0 0.0 0.0 0.0 0.0 0.0 0.0 0.0 2.0420338112763825e-05 2.121500729856605e-05 0.00024755589010119983 0.00031511039072409274 0.0005130186542986881
0.019361093671792774 0.326139167891986 0.006317354060832749 0.03155798138606427 0.08989205730059094 0.0038846684834481547 0.0 0.0010125377939345476 0.05615822113234614 0.21576559227679065 0.0030165952272689146 0.027376049519209158 0.36266724115866983 0.14809610081880964 0.0008263210809447038 0.0003183043042292517 4.616130308274922e-05 7.895511655760647e-06 0.0 3.2788221865240716e-05 2.759106483746394e-05 0.0 5.532951559956725e-06 0.0 1.5643166067166436e-05 8.64327535458975e-06 0.0 9.305512392709611e-06 0.0 0.0 0.009705518909633514 0.00023967818380325683 4.9728551059354014e-05 0.0 1.765010819398602e-05 0.0 0.0005946107351255161 9.081976461987826e-06 0.0 0.0 1.8129529200000897e-05 0.0 2.573797334535681e-05 0.0 0.0 0.0 0.012654727165327095 0.001328609341739027 2.8665498009718903e-05 5.47249799741988e-05 3.9937129770898306e-05 0.0 0.0 1.633098668713825e-05 0.00023524588836964404 0.00023627095611370585 0.0014448908337138418 0.007865100481277544 0.004706156509571855 0.002120383562087114 0.0 0.0 0.0 0.0008523605892875109 0.0007777801541573936 0.0010084626405324419 0.00015126230812673497 0.00010847092652249051 5.507928732667919e-05 1.5070579254356852e-05 0.0005524019133819955 0.0006001561206404263 5.364150528654096e-06 0.006908487667112139 0.0024381880254802594 0.0063729596282931 0.0008140393110709422 0.00012872271761437212 0.0 0.00012544580596287924 2.450633428287377e-05 9.005591761866744e-05 0.0030577430310673283 0.0001195818875174596 0.001252556014630334 0.0004422939181914253 0.0002844092237474767 7.339111487975331e-06 0.00020919248237305388 6.977055368942854e-06 0.00014127090047440777 1.9008074944598584e-05 3.758532696810911e-05 9.550686534304253e-06 1.2466395850839477e-05 0.004782690506007736 0.00024304521844850413 0.0 1.0705581129055506e-05 0.005376024596832853 8.108882485442205e-05 0.0005278727587256838 0.0013045990617985214 0.0012439249061817195 0.00035730398246639676 0.004827096276916209 0.0018586687873189322 0.009319916734503176 0.00531402532245557 0.0038867002925190627 0.0001585853348636 0.006119265012343594 0.002943893912455356 0.00299039558563822 0.0010262280018499721 1.1661527615456037e-05 0.0 0.0 0.0 0.0 0.0 0.0 0.0 0.0 0.0 0.0 0.0 0.0 8.887301137287413e-06 0.0 0.0 0.0 0.0 0.0 0.00013412158112981822 3.6065890718899504e-05 0.0 0.0 0.0 0.0016165746432824334 0.0 0.0008107394641135396 0.00025896493715365197 0.0 0.0 1.337119642155606e-05 0.0 0.0 0.0 0.0 0.0 5.458011773483934e-05 7.101879276750601e-05 0.0 0.0 0.0 0.0 0.0 0.0 0.0 1.2088328865856954e-05 3.04157857863409e-05 4.2350724230281384e-05 8.669530856782005e-05 0.0 0.0 0.0 0.0 6.901947481657604e-06 0.0 0.0 0.0 0.0 0.0 0.0 0.0 0.001427984794477759 8.5367232952197e-05 0.0 1.7739125807792922e-05 0.0 1.387918442458921e-05 0.0 0.0 4.07336895475675e-05 2.5352691208868947e-05 3.365781543270126e-05 0.0 0.0 0.0 9.833046642468561e-06 0.0 0.0 0.0 0.0 0.0 0.0 0.0012407178618831338 0.0009049086936807055 0.0009656843790976137
0.003073611143161086 0.04209616453113956 0.32459013214168997 0.0006415340796106889 0.05368439421683902 0.0003634584255716507 0.0010125377939345476 0.0 0.03590351598318151 0.0008513336570296975 0.16235386682210404 0.0011847843476536116 0.016953319749159087 0.16078671767323557 0.0034872136344806163 0.0029812408289129513 0.0003195868245729883 0.0006631121870787229 6.07198446546322e-05 0.0026828458030058178 0.0032709141863445797 9.815037013913561e-06 0.0011778770669189438 0.00024663554467224376 0.0007317840220749003 3.1985678839314364e-05 0.00038433308739848883 4.850002386597615e-05 5.933352725047733e-05 0.00016241609692048287 0.14028229425291872 0.12417743739827863 0.007683683913306154 0.0006058000110100558 0.0005025028884926765 0.0003742923017623203 0.0024875887891305914 0.0008778150821745598 0.0002939282275523812 0.0003492866592925674 0.0014013714312016783 0.00027642458727199026 0.004879382068708072 0.002414373754177706 0.0005688398167252099 0.0009554216356791153 0.01670990822353883 0.0007559710908534854 0.00021003382235179055 0.0011235509011724906 0.0007010991098335542 5.669136928910401e-05 8.685659359497112e-06 8.242527267281923e-05 0.00012377339411105194 9.07696482673433e-05 0.0017522922858505352 0.015775721966214507 0.003526601270656036 0.0023761959966777813 0.005704006756512965 0.0017799960376302234 0.0005583767329701435 0.03491628730704472 0.0002942733939100925 0.0014373329033555758 0.00112392682983401 0.002731182654151233 0.00975334555815272 0.008162881369868834 0.00026739227371047505 0.0002619334767743626 0.0 0.007743243687058622 0.008899929894570778 0.013990903014863719 0.018198525041224354 0.04271727627146033 0.042348795448513075 0.11694733319914494 0.011326248055599862 0.06774848960564232 0.00138689293961336 4.792590381536258e-05 0.0005122208191579117 0.0005346743440825135 0.0008529450783718656 0.0001409910089998353 0.00017375552338680467 0.0 0.00012334103167433583 5.348302065183887e-05 0.005965924633377401 0.0004496025967199022 0.00035034765260928756 0.0003297838092329845 2.160243500216042e-05 0.0 2.976768206186182e-05 0.005372561923883943 0.0 0.0 2.4677035080324714e-05 1.6053774394719004e-05 4.090615103321793e-05 0.00015091246817045142 0.0 0.00012320323923070882 3.665230806106543e-05 2.9857758213390404e-05 0.0 0.0001674201533915841 2.954027899150716e-05 4.2760259049916376e-05 5.258645513758574e-05 0.0 1.614468115066424e-05 0.0 0.0 0.0 0.0 0.0 0.0 0.0 4.4244581980321586e-05 5.289028733573958e-05 0.0 0.0 0.0 0.0 1.865601650186723e-05 0.0 0.0 0.0 0.0 0.0 0.0 0.0 0.0 0.00015571953135103825 0.0 0.00011514497884896755 3.565092654725496e-05 2.3532777051202047e-05 9.655467184882925e-05 8.291070493684485e-05 0.0 0.0 0.0 0.0 0.0 0.0 0.0 0.0 0.0 6.730192009761321e-05 0.0 0.00011484900938401834 0.0 0.0 0.0 0.0 0.0 0.0 0.0 0.0 0.0 0.0 0.0 0.0 0.0 0.0 0.0 2.645017558532416e-05 0.0 0.0 4.779317226376258e-05 0.0 0.0 1.5016667232801635e-05 7.978897095549285e-06 0.0 0.0 0.0 0.0 0.0 0.0 0.0 0.0 0.0 0.0 0.0 0.0 1.4183021451838496e-05 2.7503976447287583e-05 0.0 0.0 1.1283865308671865e-05 7.658807554413854e-05 0.00013198573885572518
0.0007225626093451956 0.07931739062240879 0.03460890584929481 0.0016872664517194906 0.20513787792332558 0.0003047531819892149 0.05615822113234614 0.03590351598318151 0.0 0.015197022135729136 0.05082954613024907 0.004473305535754591 0.049313940976303934 0.11212342107323454 0.0007030398030486837 0.0004410573109555478 0.0 0.0 0.0 0.0 0.0 0.0 0.0 0.0 0.0 1.5868616251322878e-05 0.0 0.0 0.0 0.0 0.001409565909741931 0.00029486850458987964 0.00041157328899434423 0.0 2.1334227041109125e-05 0.0 0.0007462693758078474 0.0 2.5629420591743634e-05 1.3472630605572813e-05 0.0 9.507769397259688e-06 2.512205940529933e-05 0.0 0.0 0.0 0.004130962289937545 0.0001324000168129069 0.0 3.4103090870639045e-05 1.7193962462200083e-05 0.0 0.0 0.0 3.708375779874232e-05 2.908614168051707e-05 0.00012231712146445233 0.0006691113824919523 0.0005453443888640036 0.0006399303799921387 0.0 9.803536040200206e-06 0.0 0.0004304134992692471 8.477457593580573e-05 0.000125489115222474 3.0541690445709386e-05 1.3909798958076444e-05 2.1177135600443106e-05 1.08928746984577e-05 0.00031460472696469754 0.0002783045208082225 0.0 0.0011519264902320448 0.001086085586884397 0.002671649511894324 0.000666675442359213 0.0002495009633058984 8.783271797378175e-06 0.0002469787919474249 0.0 9.629669191193182e-05 0.00021811248662760878 0.0 0.00011839670628480187 3.8003307875678546e-05 5.760326090357299e-05 0.0 1.3732821785274783e-05 0.0 0.0 0.0 3.826060739302767e-05 0.0 0.0 0.0013853272744334488 6.536020746043528e-05 0.0 0.0 0.00043908093169089414 5.6685934142179934e-05 0.00018139617373550668 0.0008486662931217364 0.0003194631905542984 0.00037353292022566806 0.001241144673274635 0.0004432630109243575 0.002350743729037914 0.001443818842132244 0.0012486316497335186 0.00019311063499778068 0.0023238278519067362 0.0018077580611388351 0.0014934896932275751 0.0006260855236754345 0.0 0.0 0.0 0.0 0.0 0.0 0.0 0.0 0.0 0.0 9.542893340074063e-06 0.0 0.0 0.0 0.0 0.0 0.0 0.0 0.0 0.00011443083482972153 0.00010983006964075364 0.0 0.0 0.0 0.0013141177613704125 3.86748616876417e-05 0.0005445010196993607 5.3538211900777634e-05 3.8974551487722266e-05 0.0 0.0 0.0 0.0 0.0 7.388230632300741e-06 0.0 7.834353576489239e-06 7.4187519642458715e-06 0.0 0.0 0.0 0.0 0.0 0.0 0.0 0.0 0.0 0.0 2.0487072348546325e-05 0.0 9.587111435431681e-06 0.0 0.0 0.0 0.0 0.0 0.0 0.0 0.0 0.0 0.0 0.0010065756526535829 6.275829566341556e-05 0.0 0.0 0.0 7.249765688841948e-05 0.0 0.0 0.0 1.7811081261571253e-05 8.241794017429454e-06 0.0 6.632389305519705e-06 0.0 0.0 0.0 0.0 0.0 0.0 0.0 0.0 0.0008539574929200404 0.0005862746761991685 0.0008108257407327717
0.08008588079840769 0.21811834812233113 0.013797836138714319 0.27355397735976567 0.046680575053467864 0.07624119139025345 0.21576559227679065 0.0008513336570296975 0.015197022135729136 0.0 0.0011964504851235804 0.2512130414940379 0.546046123220095 0.04661349586960276 0.000994897280670303 0.0004399563819853112 6.688914447202466e-05 0.0 0.0 1.5354282816874143e-05 8.921858144296474e-06 0.0 0.0 0.0 0.0 6.864382431095446e-06 0.0 2.297716450888392e-05 8.749018057563105e-06 0.0 0.003864306836712709 3.8068256794874795e-05 8.326257601067288e-05 0.0 0.0 0.0 0.002318132841698538 3.5311665207454585e-05 9.656372253951345e-06 7.666622189827816e-06 0.0 2.2655813318272352e-05 1.2189998709731447e-05 3.060433347183033e-05 0.0 0.0 0.01613377682618048 0.0008805125525951675 7.596040227376131e-05 7.49150016233256e-05 3.461919271983997e-05 0.0 0.0 0.0 0.00029394073008048995 0.0001256544001893826 0.0027297133941353423 0.0034241412554152353 0.00329649816466527 0.002070757091344747 5.434800677933472e-06 1.8632232240978324e-05 0.0 0.000928303841028797 0.0005282473564884981 0.0006114347782525695 8.43091370927442e-05 8.796721794013394e-05 0.00010099626667154173 1.1443068029866727e-05 0.008236548427471813 0.002582663873460009 7.218794671528915e-05 0.0044754816657232585 0.002568603201970382 0.006155313228573162 0.0009831374954498138 0.00013803797705332925 0.0 0.00014660012312152257 0.0 2.988642179231759e-05 0.0021133366243950673 6.798683022175996e-05 0.0007150815620497008 0.0003193988394771183 0.00032562504632106137 1.450765932481037e-05 0.0001770929749933519 3.8655386428618943e-05 0.0001021492841968933 1.7044554112388082e-05 3.690701193961251e-05 9.351431295483183e-06 4.614364404652357e-05 0.028937742082384355 0.0019603380430096035 0.00016619835554270972 1.93999492792793e-05 0.03183209672645417 0.00040937675899487626 0.0033931255477213144 0.008650733707068285 0.004119389165192045 0.0018281861098682968 0.017543640607085145 0.010676377528320647 0.020671051209449887 0.01377934825586276 0.0164909186268567 0.0013238772377095855 0.023725539484272713 0.015092203919616987 0.015153141249828663 0.005207195420113239 1.5748676007739314e-05 0.0 0.0 0.0 0.0 0.0 0.0 0.0 0.0 0.0 0.0 1.3649445037857951e-05 0.0 1.0842019494319582e-05 0.0 0.0 0.0 1.4752161256318979e-05 0.0 0.0011053602182394047 0.00017286928537607157 0.0 0.0 0.0 0.009188259449471645 3.998190079768445e-05 0.004318340447224293 0.0014532032175168573 0.000414016863444073 3.254569455085983e-05 0.0 0.0 0.0 2.1597403084706052e-05 2.732071951876841e-05 0.0 3.896574418344849e-05 0.00012102377283999797 0.0 0.0 8.926056559876917e-06 0.0 1.8188672097742836e-05 0.0 0.0 0.0 6.03093020027777e-05 0.00013336688767902463 0.000716585646604489 5.327741660123541e-05 0.0 0.00012066282693000843 0.0 0.0 0.0 0.0 0.0 1.864664226178814e-05 1.6157214584983878e-05 0.0 0.0 0.007742285886682483 0.00030085682536307466 9.541945871547631e-06 0.0 8.799141170831664e-06 0.00010337663550553014 4.229484435233206e-05 0.00021998161216532405 1.1748772951234387e-05 4.303584876626589e-05 4.199876430109712e-05 3.3957450664003294e-05 0.0 0.0 0.0 0.0 0.0 0.0 0.0 0.0 0.0 0.008254044102159267 0.0035000144224943183 0.006129902862028656
0.0026801125702359783 0.0323013919479923 0.0901336158564123 0.00042012892012987184 0.05593604118699711 0.00022136721293171478 0.0030165952272689146 0.16235386682210404 0.05082954613024907 0.0011964504851235804 0.0 0.005998212260584735 0.08385426633052835 0.3607510744508866 0.0013673397254686456 0.000926713995119261 0.0001168470321715498 7.582082258190986e-05 1.1272046580478188e-05 7.003646783014315e-05 0.0002723870085786375 2.963604864656616e-05 0.00011265151694582797 0.00014056505815314232 0.000574759523778675 6.394492321015925e-05 0.00020794793996754002 3.357162139100143e-05 8.945932826985477e-05 1.0591674357321738e-05 0.014974372000672942 0.005246177420480686 0.02101412427452999 2.48523481468358e-05 0.00013630303662494304 0.00016057922008215364 0.00717095718362207 0.0012068929061450537 0.0005587357665583366 0.0002978545361601135 0.0005235557608432931 5.186287216838164e-05 0.0002629114333119853 5.1593855333843194e-05 1.032669416366631e-05 2.8428331474192234e-05 0.009373981830657472 0.00027711732632567347 9.800293157735592e-05 9.279939724613359e-05 0.00013005513796716765 0.0 6.396115766322843e-05 1.618854382459706e-05 4.4840041803709485e-05 4.295456108553884e-05 0.00041487900040525585 0.0021196888310315593 0.0012856642949373354 0.0012227334431379987 8.636579330844811e-05 0.0012393872051159951 1.9936991052151643e-05 0.0017795944809591744 0.00010478963414493177 0.0002624064045786412 0.00021238189033216204 0.00039965779828358245 0.0008856998389518536 0.0010022158269724132 0.0009981501294220995 0.0002816068851730808 3.183185573044596e-05 0.0030879158172537535 0.003267459457257677 0.007236196979519207 0.002057061156122124 0.0004373032716354671 0.012196262517844171 0.06116008086531385 0.0 0.010324827746768234 0.0006009573511182105 1.629917308925187e-05 0.0002701703113107694 8.96391937246425e-05 0.00016603377514082663 0.00011475733914808311 8.440154714610168e-05 5.1904840871080674e-05 7.713506380490026e-05 0.0 0.0010835803642022094 0.00011871186126304708 3.095346258526435e-05 0.0007090063523279714 0.00022966177157762157 0.0 9.203101765593748e-05 0.0010574159571006148 0.0 0.0 0.00010090209110088936 2.0151423172139288e-05 0.0 0.00012297326901321523 3.4080181158935345e-05 0.0005739748991113997 2.9718859906906317e-05 0.00013865927205444187 7.807437936949556e-05 0.0003049503075969444 0.00025652718852466885 0.00023933997134298728 0.0002538998032491733 7.24278165784463e-06 0.0 0.0 0.0 0.0 0.0 0.0 3.0312212795951277e-05 0.0 0.0 2.9599940534099963e-05 0.0 6.911790433740647e-05 0.0 0.0 9.089922255634097e-06 0.0 0.0 0.0 1.0882403287893355e-05 1.4292470968475932e-05 0.0 0.0 0.0 0.0001805800199040668 0.0 0.00013346509989056003 8.018912429140559e-06 0.0 3.251004616828006e-05 2.1741361317398094e-05 0.0 0.0 0.0 0.0 0.0 0.0 8.71504537110297e-06 0.0 0.0 1.5433055987602642e-05 0.0 6.131289813975953e-05 0.0 0.0 0.0 0.0 0.0 0.0 0.0 0.0 0.0 0.0 0.0 0.0 0.0 0.0 0.0 2.820731826293126e-05 0.0 0.0 0.00013915621253582396 3.0988917804026303e-05 0.0 0.0 1.0514246572584393e-05 7.090165339928092e-06 0.0 0.0 1.2824656783761215e-05 0.0 0.0 0.0 0.0 0.0 0.0 0.0 0.0 0.0 1.0317209820211063e-05 0.0 0.0 9.576822661257096e-05 0.00015361991405352123 0.00022626053148351369
0.007583628796772564 0.025251457282611228 0.0060522612758511915 0.015732839980155698 0.008700937329084476 0.021501199212837684 0.027376049519209158 0.0011847843476536116 0.004473305535754591 0.2512130414940379 0.005998212260584735 0.0 0.1211778943208063 0.011398065708725107 0.0017805008809263026 0.0011943247496633456 0.00023669707404710123 6.289257155973907e-05 0.0 5.182071126768386e-05 5.131174778737069e-05 0.00010879518482856034 0.0 1.0600998374808195e-05 0.00014371798036452051 3.3029088936607385e-05 5.041452020413197e-05 8.541954171406427e-06 8.955377861603802e-06 9.16081047931894e-06 0.0012522609902193632 9.559228238328515e-06 0.0007327644670454064 2.6080078056555585e-05 8.910832353574968e-06 1.0282525325082238e-05 0.005337601714931018 0.00016871526270423795 0.0002652406016615112 0.00012872262489573962 0.00010209675715991187 5.111019486493659e-05 0.0001509024318613867 9.15971301908796e-05 9.34188871313686e-05 8.33467258962706e-05 0.004487304400617429 0.0001072603529401605 6.57630844061794e-05 8.234200651168811e-05 8.2215163076165e-05 0.0001810994374102007 0.0005600139209168808 0.00013291093317941831 3.5760830964683384e-05 2.3825920046586944e-05 0.000907360162735669 0.0005118850067580786 0.00044919214195758474 0.0002988788713303962 3.183776171417598e-05 9.535741353137153e-05 8.48497084514778e-06 0.0001809308222990727 7.258801940530798e-05 0.0001360145329415528 0.00013995957361051883 0.00019935065402051737 0.0005567292064129667 0.00023080868271178206 0.008364604468177715 0.003949888924330745 0.00012658518902014952 0.0005686985405721285 0.000557707498572723 0.0021370985265720603 0.0009241159045854678 0.00040473613058882366 0.0 0.0003860379396647914 1.4505793362330175e-05 1.618699175332083e-05 0.00023378749768178194 4.872233851845973e-05 5.929383836373818e-05 0.00010966833309317845 0.00012177964893626626 0.00010258515352272202 5.225911586862158e-05 1.2106739309333941e-05 1.6583714499828975e-05 4.547685317139846e-05 0.0003708700806972297 1.7265106627943547e-05 0.0002545295395091249 0.07911699610339014 0.014890496535667597 0.0003984849114450198 0.001003914073036146 0.009648229679011853 0.00010924511889487454 0.0016558623273232281 0.0028418448464762464 0.0019237954119155707 0.0005852476782656571 0.004870408603469477 0.005367291994319439 0.006929130769949079 0.00488936604293378 0.006238872914198218 0.0005119496582049954 0.009397364705342397 0.006460872014268996 0.006773899915048391 0.0024097771656733887 8.15418070457815e-06 0.0 0.0 0.0 0.0 0.0 0.0 7.746681831583037e-06 0.0 0.0 2.519014289034934e-05 0.0 9.249947854692893e-06 0.0 4.52703301439317e-05 1.7121540517801694e-05 3.750554837970883e-05 4.822723357625648e-05 1.838660899350724e-05 0.0002819389052842605 6.339475112677018e-05 0.0 0.0 0.0 0.003597260781136934 1.5420554425312956e-05 0.0014607899061043212 0.0007110736388314797 0.00016618798554314973 5.6088874439470895e-05 7.203006137133186e-05 0.0 0.0 8.675104888491102e-06 9.473703992166998e-06 0.0 1.2434094031403533e-05 1.87512341913168e-05 0.0 0.0 2.6731711849805442e-05 8.750294580653207e-05 1.58843224013503e-05 0.0 0.0 0.0 1.6268366840675445e-05 2.4914690803220032e-05 0.00036040779615745955 1.4424534173266253e-05 0.0 1.462387440416716e-05 7.983630091995562e-06 0.0 0.0 6.889775746586846e-06 0.0 0.0 0.0 0.0 8.393460452271835e-06 0.004058466119927612 0.00043319579564881494 8.49304316109472e-06 0.0 7.4708139593358545e-06 1.5663197155074986e-05 0.0 3.8604507561913145e-05 2.046115845656589e-05 0.0 2.8034519223509175e-05 0.0 0.0 0.0 0.0 6.354055214228428e-06 0.0 0.0 0.0 6.963516999860977e-05 0.0 0.004363462111733292 0.0019090105035972156 0.0022349484873758936
