0.0 0.09774638275202994 0.009044495429438554 0.09780506145567679 0.0009789877724157745 0.011371963092002326 0.03580590686411244 0.0013130137253635234 0.0005962657540562427 0.07196631232934385 0.01316802619983662 0.007730323821653356 0.002688687138925582 0.006558003399776554 0.00018149413484375246 4.9127912732949936e-05 7.807430826740607e-06 0.0 0.0 0.0 0.0 6.57749167877808e-05 7.937961531105063e-06 5.298892825207755e-06 0.0 0.0 0.0 0.0 0.0 0.0 0.05311764866342354 2.852936157923035e-05 0.00041070472574194377 0.0 0.0 0.0 4.123159968618861e-05 4.765073167516713e-06 1.0421148787392059e-05 0.0 0.0 8.389357738031893e-06 0.0 2.5133845077255378e-05 5.8127101370811475e-06 0.0 0.0025793647341213837 1.9464250679415775e-05 5.272818871901446e-06 6.8179187317342e-06 2.0379203009342626e-05 2.7510620542080065e-05 0.0 0.0 0.0008417874348071378 0.001122165828000854 0.005621937613788505 0.026538446794510222 0.003443705214917268 0.003125399868382816 5.191791227876729e-06 6.060785178538322e-06 0.0 0.00012626861304025104 0.00011566714505124357 6.376928927033205e-05 5.0400107070520634e-05 0.0 4.7764926683397636e-06 0.0 0.00025862379066574683 0.0003275144355573678 0.0 0.010107956280944377 0.00041855970307033854 0.0011783849764420713 1.9043325874946623e-05 6.49755679251693e-06 0.0 0.000619869446754467 6.013545369735575e-06 9.363686664347368e-05 0.0006085283737715176 6.102949777353757e-05 6.150695781189443e-06 0.00024339033143250437 0.0 1.1602893532399536e-05 4.832684264527643e-05 7.4040224352738745e-06 1.2399130930241485e-05 0.0 0.0 9.078360435869678e-06 2.71095563771606e-05 0.002653426864744869 0.0004463166779349076 1.0446291528080288e-05 9.035547530878289e-05 0.07230733644633519 0.0 0.0 0.0 5.428359619156052e-05 3.988656326594367e-05 0.00016506484678074782 7.489654824476249e-05 5.774502280923698e-05 0.00035405876460082344 0.0003602081485868465 0.0 0.0 0.0003195096043566895 6.970098914843922e-05 1.1082110345267838e-05 1.9326981842009393e-05 0.0 0.0 0.0 0.0 0.0 0.0 0.0 0.0 0.0 0.0 0.0 0.0 0.0 8.494630818412302e-06 0.0 0.0 0.0 0.0 7.878867891767935e-05 1.4747033236873661e-05 0.0 3.140901210157215e-05 0.0 5.3537697921039326e-05 0.0 0.0 5.9356828364247106e-06 0.0 0.0 0.0 0.0 0.0 0.0 0.0 0.0 0.0 0.0 0.0 0.0 0.0 0.0 0.0 1.5091827361064059e-05 0.0 0.0 0.0 0.0 1.1520216528634429e-05 0.0 0.0 0.0 0.0 0.0 0.0 0.0 0.0 0.0 0.0 0.0 0.0 0.0 3.299001476267631e-05 0.0 0.0 0.0 4.870752540011144e-05 0.0 0.0 0.0 0.0 7.623019350543797e-06 0.0 0.0 0.0 0.0 0.0 0.0 1.3362066014690288e-05 0.0 0.0 0.0 3.4635125339409685e-05 0.0 5.979717451883523e-05
0.09774638275202994 0.0 0.1317812809123454 0.06744912230769276 0.16908823800351008 0.0058721979951582605 0.25215076137945464 0.015669385401815564 0.17111501275979427 0.06804103368522998 0.13269561784990752 0.01791505100015502 0.026466571376831838 0.04825961889779415 0.0036759582404009435 0.0004199333393581163 0.0001268962963993757 5.866052931189035e-06 0.0 1.006368359237616e-05 1.0393624875308137e-05 6.735464864731756e-05 7.843635259925261e-06 2.430908828079702e-05 0.0 4.741729084244065e-06 8.688426033064649e-06 2.554790623741668e-05 0.0 5.368609778579468e-06 0.10681155833974362 0.0012853840356236888 0.0010306019838697816 1.4193812472816214e-05 8.091464339788744e-06 1.6239937111181455e-05 0.00022974583774043828 1.123503317044048e-05 5.8969870046116327e-05 2.9486743802350026e-05 6.073684345845877e-05 5.7750435988673394e-06 0.0 5.120897454558913e-05 1.4204807867022983e-05 9.616244532982363e-06 0.020315705008118724 0.00016031167795192822 0.0 4.3931433558072504e-05 6.28020933820617e-05 2.291378004370861e-05 2.89063579467229e-05 9.243672943707145e-06 0.0037956860559931944 0.005111227806500565 0.00791990748502806 0.03604346980716897 0.009676436837210057 0.013300526538326462 6.133643557433384e-05 4.3977584759080956e-05 0.0 0.0045111506837161785 0.0009262355614477765 0.0004150044081963841 0.00020678922039801644 0.00011571197990224133 5.332991908125442e-05 1.584162913317398e-05 0.00046087625604738597 0.0002938061653683005 6.0553714930080895e-06 0.03905743076465468 0.006956468359481593 0.01164677532827632 0.0005910514715131702 0.00019290072521360355 3.430657834493576e-05 0.0016398210122293463 3.0264247125472643e-05 0.0003342587738155528 0.00407520920580518 0.00022104932407517624 0.00022433535173529872 0.0012808604324672601 0.00014321081098892018 8.849925731324873e-05 0.0002900292145621765 1.6386113705811136e-05 8.550247390808515e-05 2.31629836743714e-05 1.7767661252092132e-05 3.021293174318434e-05 6.0653157303628196e-05 0.00202714727777022 0.0012579166435908403 9.352008397757129e-06 0.00016244454099691727 0.07497208157745139 8.02208009249047e-05 0.00010311059009744615 1.2761121110049924e-05 0.00033319111375032436 0.0004532786835999127 0.00045292177308371717 3.528724948710233e-05 0.0007507043074281163 0.00027271046358419594 0.0008048293646714485 0.0002047552774377584 0.00017562974240636773 0.0011325391033499875 0.0005866521462720323 0.0005618719944725957 0.0 0.0 0.0 0.0 0.0 0.0 0.0 0.0 0.0 0.0 0.0 0.0 2.1797434259650295e-05 0.0 0.0 0.0 1.4636801955395781e-05 0.0 0.0 0.0 0.00017397163534048634 0.0 0.0 0.0 0.00013373036104206355 1.2058009022766743e-05 0.00013638856211851193 0.00013002197380150872 4.927188478292507e-05 0.0 0.0 0.0 0.0 0.0 0.0 0.0 0.0 0.0 0.0 0.0 4.6783089501083197e-05 7.566108797483496e-05 0.0 1.3526452876941625e-05 0.0 3.085445221328239e-05 0.0 0.0 0.0 0.0 0.0001690586881396872 1.3134227640486729e-05 0.0 0.0 8.646326366085565e-06 2.612800311347591e-05 6.48498339779756e-06 0.0 0.0 0.0 0.0 0.00034127816393986584 1.649470068848677e-05 0.0 1.6051959697969957e-05 0.0 0.00016185168448361504 0.0 0.0 0.0 4.454975013288443e-05 0.0 0.0 0.0 0.0 0.0 4.4442522518193676e-05 8.97999199339606e-06 3.901761992466349e-05 1.8168730477949745e-05 0.0 0.0 0.00026656774586589313 0.00015523726556846695 9.144853723473239e-05
0.009044495429438554 0.1317812809123454 0.0 0.0009662116188011625 0.024420426302398372 0.00044157450399420084 0.009407948788207218 0.1912227482026255 0.059170206630102674 0.002902629485750495 0.14045786427829304 0.007163347441391154 0.010833574714915695 0.041848692415323324 0.002971774318790754 0.0003958873844341234 8.04689048137093e-05 2.6590518707593982e-05 5.9075161851967864e-06 0.0 2.70238919016104e-05 0.0 7.14275782987857e-05 7.453827937276963e-05 4.840629583144525e-05 4.158811646139675e-05 3.6564064461196456e-05 2.134059956859634e-05 7.520196776411623e-06 3.759198502794825e-05 0.24970943487084846 0.033882208428289116 0.010626981452524251 1.543033326961333e-05 5.137461297784293e-05 2.128242610903215e-05 0.0004593108258929439 7.930320526698643e-06 2.84205918966878e-05 2.664574720725349e-05 5.819075936903989e-05 4.3450130243290795e-05 2.1966148730106647e-05 4.4880766359077716e-05 1.124570618288762e-05 1.9089679007386937e-05 0.011403559049591823 8.519347529327759e-05 2.7685529600821917e-05 4.1800447108946356e-05 2.534039410907184e-05 0.0 9.73246948350153e-06 0.0 0.0015932174311675882 0.0021427994389019074 0.005015521482269518 0.03646190632447447 0.0047342148932829455 0.006013744749442419 2.666882002424174e-05 0.0016632440906732616 7.592902213756036e-06 0.011951291420068474 0.00033962291883450364 0.0002036850524890797 7.332103923201118e-05 5.275450914000827e-05 1.8384634653921233e-05 2.551193207691747e-05 0.0009387175389232107 0.00014951951482592712 4.6861427762579385e-06 0.02156825145937563 0.00514458625604168 0.008157849213493716 0.0008010685835626873 0.00021583960143736942 0.0017790879474894126 0.05470068199786888 2.1844547544999503e-05 0.014270685693433031 0.0017848468198726356 6.381588431561552e-05 9.289852688406725e-05 0.0004167086750668688 7.344269507525028e-05 4.034500328657619e-05 0.00011010372053202312 2.1442166523975543e-05 4.2803800869770454e-05 0.0 2.1286453097511543e-05 3.707910702619397e-05 6.796430545087517e-05 0.0007601788866867286 0.001580384447266394 0.0 0.00037340213730319247 0.013523982064185194 5.372157344388693e-05 0.0 9.709572787160613e-05 0.0 0.00029211418240687346 0.00048131626268584505 4.3140296067596e-05 0.0006355916124428049 0.00019283646445764245 0.001524886084214545 0.00016051248332504757 0.0004008653439401977 0.0010729363624831516 0.0007644928991875173 0.0003183690996783177 0.0 0.0 0.0 0.0 0.0 0.0 0.0 0.0 0.0 0.0 0.0 0.0 0.0 0.0 0.0 0.0 0.0 0.0 0.0 0.00012878856143291826 0.00012505309716111745 0.0 0.0 0.0 0.00021945906141555415 0.0 0.00018504491384260306 0.00017173975149809714 0.0 0.0 2.319452445305843e-05 0.0 0.0 0.0 0.0 0.0 0.0 0.0 0.0 0.0 0.0 1.9705122993709613e-05 0.0 5.5174428596397585e-06 0.0 0.0 0.0 0.0 6.923426133550575e-06 0.0 4.72021594717234e-05 0.00012187705178431625 9.390295406987118e-05 0.0 1.1696682331948688e-05 0.0 0.0 0.0 6.150492331476144e-06 0.0 0.0 0.0005192950142223685 1.641511541183245e-05 0.0 0.0 9.569535616590684e-06 0.00036956727266363094 0.0 0.0 0.0 0.0 7.569068737765083e-06 0.0 0.0 0.0 1.3977365764275923e-05 7.400001519920249e-06 0.0 2.4515901999678306e-05 6.12466990679548e-06 0.0 0.0 0.000208518767160613 6.383892170603679e-05 0.00025307472757069125
0.09780506145567679 0.06744912230769276 0.0009662116188011625 0.0 0.0005751198624424926 0.04275564202699117 0.08398503480658537 9.26744113359607e-05 0.0018067953524892586 0.1233199331871175 0.0006009897860519927 0.022589834612094437 0.012846534470453115 0.006020771341787802 9.841487303841165e-05 1.4819922386272627e-05 6.7450457773372895e-06 0.0 0.0 0.0 9.180279632543551e-06 4.6057283154984766e-05 0.0 0.0 0.0 0.0 0.0 3.245228603636458e-05 0.0 0.0 0.0036484209198675097 7.446726631313981e-06 4.710643132067833e-05 5.699552115075886e-06 0.0 0.0 1.7583250281989135e-05 0.0 3.615023964684637e-05 2.1763313414698597e-05 3.082801032977318e-05 0.0 0.0 0.0 0.0 0.0 0.002073991192662453 0.0 0.0 0.0 6.2985799363481545e-06 3.805021400746026e-05 0.0 0.0 0.0004339067327920448 0.0006942602675969756 0.002126155368166823 0.0049338381314589985 0.001557049482285996 0.0016470250906631722 0.0 5.956650809239806e-06 0.0 0.00019131128596861703 8.670171988328064e-05 4.087819184528096e-05 1.8464567617025893e-05 2.4077005297773976e-05 0.0 0.0 0.0003706981155049963 0.0004344226276190254 0.0 0.004491407061659931 0.0004137524495138794 0.0005407730445783918 9.685830914150022e-06 1.9202243381348173e-05 0.0 2.7214541996254552e-05 5.268787328577725e-06 2.12887866960887e-05 0.00044894225873456326 1.3182832890400122e-05 2.4698051236525754e-05 0.00011940980901364488 0.0 0.0 9.308826449156441e-06 2.5347921242370064e-05 0.0 0.0 2.314685193404456e-05 0.0 2.098023951696336e-05 0.0033811218284587213 0.00037684994645461093 0.0 0.00025628761202232 0.03984827008996056 0.00016954436359892957 0.0001064046995696872 0.0005580641896570904 0.0007470894017881655 0.00016908939335748705 0.0010525343407159153 0.00017536806153881028 0.00043369691186371964 0.0021132680095462346 0.0012518515454808172 4.752612935374192e-05 0.00026435726574309306 0.0008399006861961696 0.00036411935950265165 8.449459819903139e-05 2.031051038985081e-05 0.0 0.0 0.0 0.0 0.0 0.0 0.0 0.0 0.0 0.0 0.0 0.0 0.0 0.0 0.0 0.0 0.0 0.0 0.00010570450561933658 0.00017693010491344778 0.0 0.0 0.0 0.00013862289241839887 0.0 0.0 1.0545731877252331e-05 0.0 0.0 0.0 0.0 0.0 0.0 1.673242307488117e-05 0.0 3.667813193378579e-05 4.127093329742631e-05 0.0 0.0 0.0 0.0 0.0 8.556676907842566e-06 7.205070377701994e-06 1.4264491004434864e-05 6.160222491147478e-06 5.468727989806216e-05 2.7232679386366967e-05 0.0 0.0 0.0 9.089226270060025e-06 0.0 1.5208122152529576e-05 0.0 6.368809056659814e-06 0.0 1.1772015408376305e-05 0.0 0.0 4.469486190612909e-05 0.0 0.0 0.0 0.0 7.286464939741984e-06 0.0 0.0 0.00013678308046603888 2.1242035267816636e-05 8.840003407832298e-06 0.0 0.0 7.865936283846897e-06 0.0 0.0 0.0 6.041213012462722e-06 0.0 0.0 8.254572809065477e-06 0.0001901671748657255 5.193452936306192e-05 6.7733834882744044e-06
0.0009789877724157745 0.16908823800351008 0.024420426302398372 0.0005751198624424926 0.0 0.00013597614879980958 0.18581756846409803 0.007699810704413044 0.37186333903657864 0.020720790897129734 0.06900916486472844 0.0038657544743116636 0.04516802598232714 0.06393011895048559 0.0026677128692912506 0.00026179370167942633 3.757310924696096e-05 0.0 0.0 5.995188841001624e-06 0.0 0.0 0.0 5.302617675680085e-06 5.250800248328122e-06 0.0 0.0 2.337866871172135e-05 2.68919314822209e-05 0.0 0.010430148292338558 0.0006175663717074254 0.0006449749045235915 0.0 0.0 7.98634106317733e-06 6.585943293646662e-05 8.351524694953218e-06 5.5655653972731906e-05 1.9143885703635623e-05 1.2696043012578943e-05 4.236290712167539e-05 5.508546742574186e-06 1.8102112337002223e-05 4.1099304232694125e-06 0.0 0.00627716686566365 7.786578749408955e-06 8.933869639735016e-06 6.505249418492394e-06 4.964857749412912e-06 1.3511073192022655e-05 0.0 2.348343367391233e-05 0.0007030053561465221 0.0008598549910585082 0.000689675350162772 0.0039751233446011286 0.0013456420161517377 0.002581330328099849 1.1553885431810063e-05 0.0 0.0 0.0019248805100353999 0.00015564144069206212 7.02475385838382e-05 2.5728652076117425e-05 1.2773298233312796e-05 1.844206213120333e-05 5.055662113739866e-06 0.0007271506972676489 1.6511557661249317e-05 0.0 0.006530759929457881 0.0024014526994104537 0.004911494322872408 0.0003954405208033963 0.00013358547852931673 2.3049801865956866e-05 0.000563414856891676 1.7219730180580434e-05 0.00017069058663130772 0.0008388916049716508 1.2568731570966455e-05 4.4942995148374896e-05 0.00028615254606747023 1.5065659780402124e-05 1.6485457897158482e-05 6.919560639607282e-05 0.0 3.780623275886595e-05 2.689573983817257e-05 1.4286425616435027e-05 5.950393465321342e-06 0.0 0.00039498200942353606 0.0005957735530233604 0.0 8.012951830192338e-05 0.0007203360003291357 9.648341306333648e-05 1.5927056756819132e-05 9.549509281926244e-05 5.1080849305123454e-05 0.0005939708104185135 0.0001275753665000165 1.4699545442101973e-05 0.0003994792127022417 0.00022373759522168764 0.0006189967669225567 0.000348912642772644 6.206770368487486e-05 0.001013613480867584 0.0005089552341862319 0.0002525278673936903 0.0 0.0 0.0 0.0 0.0 0.0 0.0 0.0 0.0 0.0 0.0 0.0 0.0 0.0 0.0 0.0 6.48640400313395e-05 0.0 0.0 0.00012358217800209742 0.0001938161487168714 0.0 3.509430881185523e-05 0.0 5.5629101254677385e-05 6.132086104329641e-05 0.00011176038118178355 4.428075924627502e-05 0.0 0.0 0.0 0.0 0.0 0.0 0.0 0.0 0.0 2.0997512498841158e-05 0.0 0.0 0.0 0.0 0.0 0.0 0.0 0.0 0.0 0.0 0.0 6.60853294287052e-05 0.00011594685399264959 0.0001087599412488126 0.0 0.0 0.0 5.727762796465644e-06 7.133262244690105e-06 0.0 0.0 0.0 0.0 8.319376401251653e-05 0.0 0.0 0.0 0.0 0.00017953069125790287 0.0 0.0 0.0 0.0 0.0 7.314977961576335e-05 0.0 0.0 0.0 0.0 0.0 5.629949538906176e-06 0.0 0.0 0.0 0.00012358242902462926 1.719820348019449e-05 4.176565872625376e-05
0.011371963092002326 0.0058721979951582605 0.00044157450399420084 0.04275564202699117 0.00013597614879980958 0.0 0.0030948677508624393 1.643056038285345e-05 0.00020309680193558033 0.09525285342208965 0.0002467299134339491 0.0387243092221027 0.008377055360598764 0.0010337282235421416 1.3483512335090303e-05 2.894871141974979e-05 0.0 0.0 0.0 0.0 9.660149689643512e-06 0.00013822664373612124 0.0 0.0 0.0 0.0 0.0 0.0 0.0 0.0 0.0010504085224968198 0.0 0.0001320191708082009 0.0 0.0 0.0 7.439211846704817e-05 0.0 8.9840019771233e-05 7.771188942613703e-06 3.4304663285942916e-05 0.0 0.0 0.0 0.0 0.0 5.9742945554458724e-05 0.0 0.0 9.59325218491057e-06 0.0 0.0005213599103863953 0.00010032023274330219 9.56872485430038e-06 0.0 1.530127175559142e-05 0.010195801709585967 0.0004040872525506271 0.00021323219497267458 1.4426676864688346e-05 0.0 0.0 0.0 0.0 0.0 0.0 0.0 0.0 0.0 1.654961389170004e-05 0.0011480717652461703 0.004440047304053815 1.913517127424934e-05 3.0362410093857708e-05 0.0 0.0 2.6331071232038476e-05 1.0054950437518753e-05 0.0 3.8548890510694974e-05 0.0 1.7082004340459853e-05 0.0 0.0 0.0 0.0 0.0 1.6329632117867736e-05 3.1540037259593055e-05 8.487323937142001e-05 0.0 0.00011258996864369821 0.0 1.1777922535375358e-05 2.3658206593418177e-05 0.004390571406275176 0.00667892840862749 0.0003041682297272628 0.000654549018770919 0.01437431482927686 0.0 0.0 0.0 0.00033503665873341133 8.248133372592676e-05 2.159328613688828e-05 1.337512930822178e-05 0.0 0.0025616697008742826 0.00019249755164966654 0.0 0.0 0.00025125150841012273 7.78265075287962e-05 0.0 0.0 0.0 0.0 0.0 0.0 0.0 0.0 7.625161645659201e-06 0.0 0.0 0.0 0.0 0.0 0.0 2.4150457729588113e-05 0.0 0.0 0.0 0.0 0.0 0.0 0.0 0.0 0.0 0.0 0.0 0.0 3.4157162243801535e-05 4.6083582826132204e-05 0.0 0.0 0.0 0.0 0.0 0.0 0.0 0.0 0.0 0.0 0.0 0.0 3.4986214764554604e-05 0.0 0.0 0.0 0.0 0.0 0.0 0.0 0.0 0.0 0.0 0.0 0.0 0.0 0.0 0.0 0.0 0.0 0.0 0.0 0.0 3.713348376996421e-05 0.0 0.0 0.0 0.0 0.0 0.0 0.0 0.0 0.0 0.0 0.0 0.0 0.0 0.0 0.0 0.0 0.0 0.0 0.0 1.1545865363136831e-05 0.0 2.6949027974148526e-05
0.03580590686411244 0.25215076137945464 0.009407948788207218 0.08398503480658537 0.18581756846409803 0.0030948677508624393 0.0 0.0017840744417615697 0.26849989921935324 0.16580121565294065 0.01670105565002659 0.05272040055113047 0.19773184381821013 0.30913072704804107 0.005530857605971754 0.000746474641534586 9.461233311685528e-05 5.228135342954097e-06 1.2017585791547123e-05 9.044949134445458e-06 0.0 7.625920280286644e-06 5.439374852240339e-06 2.1912797332403918e-05 0.0 9.10275820646344e-06 1.8373036501981778e-05 3.342717657498565e-05 4.186930724549067e-05 6.374590166299137e-06 0.018132604424020177 0.0005424717980628648 0.000727978695594987 5.055324043071997e-06 0.0 8.941973213887587e-06 0.00016732063343398055 2.1970420161898286e-05 5.4649287688478927e-05 8.292274267752467e-06 4.647484800262161e-06 6.874338070138461e-06 5.982732860047142e-06 1.9985291974392708e-05 2.4805195851830986e-05 3.0080355407622992e-05 0.017191324532115797 0.00011047574300950994 1.8712086461381288e-05 5.834611093842675e-05 3.473262431271055e-05 7.035191385379221e-06 4.5223965781659646e-05 1.3153229438833752e-05 0.0019588524819246244 0.002780441234855467 0.002967448371079546 0.013268699262461695 0.005276927697268872 0.00773751464903285 2.8267598218381182e-05 6.616723615768513e-05 1.1553679451627698e-05 0.0034301566872403408 0.0005087017292642425 0.00025311075588322853 0.00015614072400178003 9.305332731729042e-05 4.904450543581097e-05 4.267295385677214e-05 0.0020099410233496294 0.000255808940395372 0.0 0.020706586765910143 0.004960169833790023 0.011393297037449455 0.000978090318279473 0.00020897670412399429 4.028318645764375e-05 0.0007224977112276266 3.5077528765352436e-05 0.00012003817458723106 0.0026527598432196627 7.646453467905986e-05 0.0001891816335827851 0.0008731639627711535 2.6937406541893618e-05 4.040308615534764e-05 0.000251005861606786 1.1596589121756361e-05 6.892356072720107e-05 2.6052341582162892e-05 0.0 2.5267512044986273e-05 3.2004241182675225e-05 0.0033016475857506715 0.0025706584508211334 0.0 0.00042788361415172025 0.01102039461616619 0.0002872758121783436 0.00031045917422623654 0.0025735917624705915 0.0014587849666832132 0.001916267334332424 0.002285994746212924 0.00045337877377354214 0.003295717343422749 0.004558656412428271 0.007011612567698061 0.0009060091248806179 0.002313451574549589 0.0063519018955859 0.0021875076966052036 0.0010332000878240778 8.878584052693268e-05 0.0 0.0 0.0 0.0 0.0 0.0 0.0 0.0 0.0 0.0 0.0 0.0 0.0 0.0 0.0 0.0 0.0 0.0 0.0008127347357852959 0.000578209994345587 0.0 4.776045787501847e-05 0.0 0.00043287372193371 0.0 0.0005829813972284376 8.513679987140337e-05 7.243955589820334e-05 0.0 0.0 0.0 0.0 5.972601874074982e-06 0.0 0.0 6.54756903384311e-05 0.00017209158994208705 1.6614113017847604e-05 0.0 1.1120471244194695e-05 7.747786557333662e-05 0.0 7.960941226831504e-06 8.729844295332318e-05 3.383039315689681e-05 7.743769235246121e-05 0.0002238098770585096 8.419159882029707e-05 0.0 0.00025964985234991914 0.00041638570573232085 0.00013649112101776694 6.95729848643951e-05 5.950226555581428e-05 2.0364536916701644e-05 0.0 0.0 0.0 0.0 7.6008392830437505e-06 0.0010392259656878773 5.77349697617122e-05 1.1628609677379226e-05 0.0 0.0 0.0009071943368743466 0.0 0.0 0.00010638676360491282 0.0003208050699000236 0.00013256607046051937 1.2294908500619301e-05 4.348675169777833e-05 5.640838147318157e-06 1.2974624883060789e-05 0.0 8.619990256183514e-06 2.794311313285982e-05 0.0 0.0 0.0 0.0005090468371665976 5.799984408123711e-05 0.00014556034646029072
0.0013130137253635234 0.015669385401815564 0.1912227482026255 9.26744113359607e-05 0.007699810704413044 1.643056038285345e-05 0.0017840744417615697 0.0 0.012667497821397393 0.0005858670479990403 0.17579465396897237 0.004909410489690043 0.01749679163795261 0.15516181425384756 0.0038609970375937087 0.001857559358725455 0.0001889564532132936 8.887957821100658e-06 1.3705949676108982e-05 0.00014573486886335858 0.001973427191229959 1.0141548150062279e-05 0.001521436097341444 0.0017163432162985313 0.00043777426275074845 0.0002940802688146207 0.0009041067966776745 0.00017675605368372102 2.9904228181070413e-05 0.0002279870190177237 0.14515902012511098 0.0715539467707147 0.007480809566296344 0.0005041071656819409 0.0012073986748624048 0.00035944367667334505 0.0006154827197066453 0.00038848384380016067 0.00016935723288066923 0.0001747539971642251 0.0012168824812234373 0.000294788620491162 9.527000051009461e-05 0.00032886354704500444 0.00014861794361644703 0.0007464325158037751 0.00505868546251543 3.6692238792762115e-05 1.4539924971392534e-05 0.00020668277216779956 0.00019736817574306765 6.484484389296783e-06 5.560945874156161e-05 2.7472265210185163e-05 0.0002470039753805765 0.0003970549934728072 0.0009415964065184223 0.0092191079743939 0.0010589802319092242 0.0016393862138751488 0.005901826128919946 0.011883579104800805 0.0005366325159761642 0.05614914508986205 6.646381067544853e-05 4.48614720385061e-05 1.8699719046844288e-05 0.00021229859359178917 0.0004997702888748155 0.0007470587279481821 0.0009350698940744214 0.0003972399363475089 1.4186716531447661e-05 0.005136108796986383 0.00479491152657568 0.005765593324764153 0.0036724606953860302 0.0067883983640710235 0.030985581832609205 0.09923539499062457 0.0029187770647893397 0.0809982329151164 0.0005897879835074848 1.3016811345128998e-05 6.602234048649912e-05 6.386339488460887e-05 6.185268517307816e-05 0.0 6.317527177782012e-05 6.418376897007767e-06 1.167723517104519e-05 0.0 0.0004261496694338785 0.0002924978688284956 0.0001333007040949246 0.0005585316411841781 0.0011402201478746086 1.2540131197339785e-05 0.000345770863995813 0.0018549982876799164 4.5272803328633746e-05 0.0 9.91417801385559e-05 0.0 0.0005868734216216535 0.00013006409092872437 0.0 0.00040576175300733724 0.0003937838920375462 0.0005620494390613465 0.0002545001149875313 7.128700011392842e-05 0.0007025421067163735 0.00034269415724332724 0.0003318881878780755 1.140716832898684e-05 5.487524617720973e-05 0.0 0.0 0.0 0.0 0.0 1.1328238949915697e-05 0.0 0.0 0.0 0.0 8.065219326773248e-06 0.0 0.0 0.0 9.352458821251749e-06 0.00010869411969952857 0.0 0.00010175670209639129 0.00015053240035764739 0.0 3.0877587279809794e-05 0.0 0.00013905445278437285 0.00016577888745785435 0.0003501797660501967 0.0001506271876802919 4.3941092864609846e-05 0.0 0.0 0.0 0.0 1.2609590548960084e-05 3.710053098953563e-05 0.0 0.0 0.00010986057788087885 0.0 9.94501977576648e-06 0.0 3.680613368736081e-05 8.17674469013398e-06 0.0 0.0 0.0 4.588578111979994e-05 8.482088599071886e-05 0.0 0.0 4.518867130515288e-05 0.00032716111527068993 0.0 0.0 0.0 0.0 0.0 0.0 0.0 0.0 0.0 0.00023325996188260962 0.00010609643529700399 0.0 0.0 1.3000501965873382e-05 0.00013874148234531162 0.0 2.6026340000272007e-05 0.0002166392124565767 1.574197824897524e-05 0.0 0.0 0.0 6.275321889023916e-06 0.0 0.0 0.0 0.0 0.0 0.0 0.0 0.0001367438966585701 0.00020693119995664517 0.0002750095334047922
0.0005962657540562427 0.17111501275979427 0.059170206630102674 0.0018067953524892586 0.37186333903657864 0.00020309680193558033 0.26849989921935324 0.012667497821397393 0.0 0.05003701554605488 0.13720534984132196 0.006435585186431584 0.15347514450061542 0.0678231328512417 0.004510432212693823 0.0017229956170483392 9.563081604616035e-05 4.0685231938468907e-05 7.910691678115854e-06 7.326526313884469e-06 1.792199709119395e-05 0.0 2.9985083753198307e-05 3.5274668500975755e-05 8.098662512107762e-06 6.009739544252977e-06 2.8969484546446427e-05 2.282525917467121e-05 0.0 6.199130983581273e-06 0.004931886555266997 0.00030561683065517153 0.000492689689234147 5.171211429017105e-06 0.0 6.708070563273644e-06 0.00028950691056313317 0.0 2.1605155049018323e-05 3.279557503755161e-05 3.528091167426742e-05 1.6442808865344122e-05 1.197314366934914e-05 3.595298553402105e-05 4.9829728713975015e-06 6.225588049904913e-06 0.0051830506309097826 2.3682213659587396e-05 0.0 5.546963817914416e-06 0.0 1.4654726786106237e-05 0.0 0.0 0.00037321250850586534 0.00029206429724570404 0.0003346695079149797 0.0015633276377942855 0.0006385547709749547 0.0015456278730761152 0.0 9.566679020665959e-05 0.0 0.0010298830381314278 2.8276228130100495e-05 2.276330721869039e-05 3.573467640024459e-05 2.3279118034097824e-05 5.494901947250207e-06 2.3319585801573087e-05 0.0010614781070201866 0.0003213280125894604 0.0 0.003788209577118733 0.0013418643380888025 0.0050208927905403145 0.0005536800720289746 0.0004805791846183173 0.0 0.000416161397868565 4.647622963873431e-06 0.00011210595975138595 0.00044189830585307304 5.929734715826708e-06 2.101216492694916e-05 0.00011281528667070722 6.436843754193208e-06 2.392977754629225e-05 3.294291412967247e-05 0.0 1.880453967935482e-05 7.109984965800929e-06 2.454413950404021e-05 1.6064406569235788e-05 2.0675475389098967e-05 0.0011933337867521873 0.0018877465378849048 0.0 6.526105240918268e-05 0.0003120372572321268 6.700250300438246e-05 8.461813569907156e-05 0.00012731165214751369 0.000167789088039008 0.0015576588835121774 0.0010344643547081434 0.00010593013135138456 0.0019898953260419523 0.0009962948179499272 0.0038984320024609644 0.000594466636095293 0.000814152635544155 0.00505354403116472 0.0020310091020272624 0.0010901090952738664 0.00013092662307356655 1.4002219019302439e-05 0.0 0.0 0.0 0.0 0.0 0.0 0.0 0.0 0.0 1.1539496678579247e-05 7.295279170828427e-05 0.0 2.9373595902221046e-05 0.0 0.0 0.0 0.0 0.00042999011881867945 0.0004553414329139798 0.0 0.0 8.413109732918765e-06 0.0004268276787618848 4.950748562405045e-05 0.0005862913651503458 0.00016066343086606352 0.0 0.0 0.0 0.0 0.0 0.0 1.1116379981800904e-05 0.0 1.4360555707866347e-05 4.89445179992258e-05 0.0 2.7218377175178374e-05 6.084121670403758e-06 2.495878975740122e-05 0.0 0.0 0.0 0.0 6.538281655649799e-05 0.0001821809972708501 0.0 0.00011028251436688257 0.0 0.0005384833547005474 3.615697474332541e-05 0.0 0.0 9.522476989373415e-06 0.0 0.0 0.0 0.0 0.0 0.0009426978650468428 7.989482691138208e-05 8.285037632303575e-06 0.0 0.0 0.0007803565575722346 0.0 9.183495352638822e-06 9.513918740538182e-05 3.864473658159874e-05 2.0219482332057982e-05 6.675580706856891e-05 1.6203343491853695e-05 0.0 0.0 5.747195786742346e-06 2.1378929089706717e-05 0.0 0.0 0.0 0.0 0.0005250912641642375 0.00010395054944598851 0.0003345732316643339
0.07196631232934385 0.06804103368522998 0.002902629485750495 0.1233199331871175 0.020720790897129734 0.09525285342208965 0.16580121565294065 0.0005858670479990403 0.05003701554605488 0.0 0.0032405727095813795 0.19178994778088773 0.5102202230176781 0.2743239620387034 0.0015991696511254848 0.0004558462220183021 6.568538271892741e-05 0.0 0.0 1.376666423271415e-05 1.4699413857710286e-05 0.00014635749381481058 3.394643287707998e-05 3.457455906829207e-05 3.491885772663839e-05 2.115387979851307e-05 5.353710882783963e-05 5.7852196271889615e-06 2.8860337824012313e-05 3.637316638058336e-05 0.004003674882705202 9.322742510764819e-05 0.000478982168136745 0.0 7.4587003048635515e-06 2.5294255560408734e-05 0.00038073167588745894 3.121227268615585e-05 0.0001660387124793952 7.476265100434608e-05 9.368683784059157e-05 7.018012030857047e-05 0.0 3.6459511046219805e-05 1.577664010821429e-05 3.258333599298238e-05 0.004523858423062897 5.5409864450939546e-05 6.235580872265803e-06 1.4468637102821621e-05 3.464228656688026e-05 0.0005154316463791926 8.673452032947113e-05 5.047593763716758e-05 0.0006084663605781853 0.0007543583953572545 0.0037469095378599594 0.0059390511853046465 0.0016501646957670713 0.002713502331648524 1.8358285385580015e-05 2.0944630250104172e-05 0.0 0.0005802630605667075 0.00010208708570531688 2.1169599578475173e-05 2.7532568312519403e-05 1.851342793822163e-05 5.1375781042366045e-05 2.23892441709448e-05 0.0024992492462582705 0.0033103105322376146 4.0959139020389214e-05 0.006215497965422627 0.000906711000074619 0.002379423530360324 0.00022097450316568856 0.0001066744794565529 0.0 0.0002494314725796455 1.0824210504596081e-05 0.00010470456090644474 0.0006822065922555398 1.3641168655706924e-05 3.001612147463405e-05 0.00023385708071801479 1.1897791361356583e-05 3.0955207900277476e-05 9.384453717918238e-05 0.00016327716350343554 2.421385610168985e-05 7.221101860844243e-05 4.426652535775134e-05 3.476577345753903e-05 0.0001430988949211349 0.01985535711603771 0.004274240350657402 0.00011918336492789934 0.000790836915287135 0.048067550534954845 0.0006892699356154262 0.001592837464029406 0.0008574298962867754 0.01487460467153084 0.0022468391352549813 0.005631676269256697 0.006794204534969929 0.003120968213868829 0.01199090257467215 0.01401320267719366 0.0015281094989601654 0.003754361742956812 0.014813986292994118 0.0050464694231687176 0.0022140779467616336 8.37397521898756e-05 0.0 0.0 0.0 0.0 9.803070582766602e-06 0.0 0.0 0.0 0.0 0.0 0.0 1.852110032044453e-05 7.388259131243756e-06 0.0 0.0 7.072564389180813e-06 7.819913124573424e-05 0.0 0.0009164664725341628 0.0004006922001366797 0.0 0.0 0.0 0.0005304766256480661 0.0 0.0008154166473569383 0.00011767938923921886 0.00010051258331316195 0.0 0.0 0.0 0.0 1.2776789774536792e-05 0.0 0.0 0.00014422855552735037 0.00014599364576461027 0.0 0.0 8.56367314872972e-06 0.00020246947739696984 0.0 2.9030441015894764e-05 8.813677470415912e-05 0.0 0.0001677389579284325 0.00044704212495439794 0.00032881735636867846 0.0001718106876314672 0.0001658045443898578 0.0005178028036965861 0.00024645979243985254 6.474950138540917e-05 4.740134635682505e-05 1.3388035712670881e-05 0.0 0.0 0.0 0.0 0.0 0.0009552164614462954 9.6380893639399e-05 0.0 0.0 2.128633214108996e-05 0.0008091420441211308 0.0 0.0 0.0003018473391657747 0.0002588546514322086 0.00012268109061830371 1.02272814543712e-05 1.1287012547812982e-05 3.430787192072479e-05 6.587983104764695e-06 0.0 0.0 1.3457182298314018e-05 6.4786516580884125e-06 0.0 0.0 0.0015883535775972327 0.00019176027418117605 0.0003547396500599756
0.01316802619983662 0.13269561784990752 0.14045786427829304 0.0006009897860519927 0.06900916486472844 0.0002467299134339491 0.01670105565002659 0.17579465396897237 0.13720534984132196 0.0032405727095813795 0.0 0.017547744884306084 0.07181084204300046 0.18642546118327974 0.007690188346772884 0.005576549046560817 0.0003607374888081883 1.4432928135481047e-05 1.6356153964199592e-05 5.164652756841683e-05 0.0006215993553741407 3.457114141676495e-05 0.0005999789785414735 0.0009674310609561064 0.00042050832063790186 0.00026519714411662516 0.000826987877129854 0.0002447033245229048 2.2011756386358678e-05 0.0003451230219078821 0.115497280285724 0.005557880354607438 0.04717602539750853 0.0001545211357360955 0.0003554600660008593 0.0007008153505550684 0.011011005332946832 0.001637293723451998 0.0005019068529838677 0.00042374918246167214 0.0007908100675163864 0.00018044981582523376 2.6639089543128012e-05 0.0002535331686035113 5.713835246527685e-05 0.00013747120964595333 0.006690311648840943 4.59785956887568e-05 2.9806726677300475e-05 9.657619018135109e-05 6.244292821792397e-05 3.379929875295388e-05 7.245444062337204e-05 0.00010100815594303437 0.0004954272640400354 0.0006325692520684605 0.0012417895977902239 0.005838782771000884 0.0013181598001249777 0.0026714131276529625 0.00025754889345897566 0.01034885138717313 7.873380873244034e-05 0.0016996409827318535 0.00011130699906272995 7.295644671781026e-05 1.5542365738975863e-05 0.00010367601581992624 0.0001847968980141221 0.00034102415292406224 0.0033450481820619 0.0008437994016557028 0.0 0.007423297272245834 0.0018115743184380683 0.008331060712626405 0.0012170433628799317 0.0014874939647435035 0.0011857261030564009 0.0186750413643655 0.00042710614676125843 0.006959361798529898 0.0007041742344684918 1.1802318281593862e-05 7.28450352255577e-05 0.00020452126724949103 2.3914899400343124e-05 1.368650099692404e-05 4.57147320385788e-05 1.4812582001591828e-05 3.513169446800217e-05 1.7216699184727343e-05 0.0001430657766480291 0.00013445757584724683 7.319112343163096e-05 0.002077794350018463 0.0027150734123404015 1.2051906543555417e-05 0.0005452516225925482 0.00699574828529967 0.00019872153588827436 5.355896701967386e-05 0.00010082518582202029 0.00016653201173585428 0.000794676242155856 0.0005415335011435715 5.5691713156991895e-05 0.0007193133061932029 0.000671867215576173 0.0015814062886342504 0.0004566832333703769 0.00015400444532963906 0.002039316473073492 0.0008650247454434347 0.0006644321751571222 6.108653100373842e-05 3.865546222780256e-05 0.0 0.0 0.0 0.0 0.0 6.061487130658583e-06 0.0 0.0 9.432056244157607e-06 6.850752074022633e-06 6.985884183345575e-06 0.0 0.0 0.0 2.8894140842048712e-05 1.8814058797905648e-05 0.0 0.00046340404990636056 0.00033751811565494767 0.0 2.9199361972627303e-05 0.0 0.00044618130897367957 1.677125666543047e-05 0.0008236347611676306 0.00034175014146393376 0.00010888608310762046 3.3105516505135024e-05 0.0 0.0 0.0 0.0 1.407744227337238e-05 0.0 8.051289803069414e-05 4.4498013174448924e-05 0.0 0.0 7.32606576851357e-06 2.4640534180638547e-05 9.78343009402609e-06 1.7818463961346672e-05 0.0 0.0 8.822176556884262e-05 7.684522502530209e-05 1.1386504518554063e-05 9.404401253775813e-06 9.09445482647303e-05 6.952346156030283e-05 3.661777012456911e-05 0.0 2.69381449327685e-05 0.0 6.729718220081177e-06 0.0 0.0 0.0 0.0 0.0004639518585031692 0.0001528962871313065 0.0 8.221237421713379e-06 6.49665139068337e-06 0.0005254183971325945 3.5151588003649775e-05 2.0440031943149793e-05 5.370164093901563e-05 6.510851573359026e-05 0.00010420795230253476 2.934605022810312e-05 7.598764804499445e-06 0.0 1.8224976226175737e-05 0.0 0.0 5.9497537627402254e-06 0.0 7.090944704324031e-06 0.0 0.00032772888977456154 0.0002686796945840115 0.0005219955151258994
0.007730323821653356 0.01791505100015502 0.007163347441391154 0.022589834612094437 0.0038657544743116636 0.0387243092221027 0.05272040055113047 0.004909410489690043 0.006435585186431584 0.19178994778088773 0.017547744884306084 0.0 0.09827440183773797 0.03351864892342825 0.012746755334490465 0.01217970444810912 0.0015369337997952254 0.00015777876242355413 8.268508911988898e-05 0.00013877747320690669 0.0011119261416810036 0.0006516175285530974 0.001347775424765858 0.002436035130261931 0.0019940993481619186 0.0006198937787328649 0.0034964227392274305 0.0018777668937008413 0.00042452645551210925 0.002021026577157209 0.0035905797913612413 0.0003951022228994047 0.009634560677454317 0.00044482422650846966 0.0011353656504605957 0.0012251649473930715 0.022087552617576903 0.003966882058272967 0.006670128237333302 0.002513971553775759 0.00478626513846615 0.0028548966570550744 0.00013036125352749984 0.000310772873946484 0.00037915030934490237 0.00039398835495066067 0.005158379153647252 8.517332314369094e-05 0.00011195098117314013 0.0003376895215323077 0.00011336039171436052 0.000713661748978901 0.0011879555222219149 0.001021677574135621 8.96622897455709e-05 0.00017619305974201803 0.001506323554548378 0.001790995571241391 0.0004428018720843685 0.0009282533438203604 0.0009465857799582877 0.0012291319839992368 0.00039813251426991104 0.0011499281143200028 6.088531771900481e-05 7.873290029404387e-05 2.4420743710268005e-05 0.00019847355194370378 0.000537037800963494 0.0006964544398588018 0.05467023932104304 0.008089032162740177 3.751540038151818e-05 0.0018756271513226366 0.0007173148242143167 0.005221908935538307 0.0008316497567564729 0.0014679061011560694 2.7852360896195727e-05 0.005457734641230641 0.0001255135332157531 0.0006407028649132815 0.00022192898395297157 6.081918137936839e-06 1.256397580739465e-05 2.768926103051384e-05 0.00011843892066490624 2.1745593045889065e-05 6.63313704791232e-05 0.00022005524448349688 0.00014758962981480163 0.00024228901005550745 0.0005852386717974839 0.0005068201261090831 0.0007258425864642738 0.11567770756620387 0.023150746468157 0.00030001373900888985 0.005729751562455486 0.01266949011739159 0.0005023280439936831 0.0005235462903217644 0.000707503703197248 0.0009904841898827972 0.005001175797622287 0.004358591352834162 0.0015849263416654541 0.006795092117240294 0.005237456082851639 0.027578365209394808 0.0023491792491419144 0.003367943465894982 0.02832242111421425 0.00982748035537517 0.004800323576410706 0.0001747172314730005 7.227198570586087e-05 0.0 1.450574997440272e-05 0.0 0.0 0.0 5.183072952177457e-05 0.0 0.0 4.94707492862671e-05 0.0 0.00019369959936021733 0.0 1.8121439047577948e-05 2.6012353591623457e-05 0.00010827957066493042 3.3491822974433144e-05 7.851462355027154e-05 0.0016669157319602504 0.0011073532874989547 0.0 5.780589476101835e-05 2.1183476670859854e-05 0.0012755313147072823 4.390946453169297e-05 0.0012746085801727748 0.001101004779383463 0.0005003163590393725 0.0 0.0 1.1958937109891422e-05 0.0 5.7784115519819135e-05 0.00017030258069898163 1.4509953589623263e-05 0.000157345320400779 0.0003320438840973498 3.4309399311855974e-05 0.0 2.354251810234204e-05 0.00047808247251094027 0.00010115202728034047 7.572679717129226e-06 2.0993566991465853e-05 0.0 0.00016731573748242226 0.0004148155162716504 4.886335674643414e-05 0.00014803534461257055 0.0002413147010186789 0.001502269793200122 0.00035885480109398523 8.931778460094842e-06 0.0 0.0 0.0 7.698093306938556e-06 1.744399300198685e-05 6.031299140736843e-06 0.0 0.003675235850694184 0.0009479710118675356 0.0 8.60492283114789e-06 1.5355356989324706e-05 0.0019301134148064587 2.5473661262689545e-05 0.00014680474005246112 0.00016619479535434357 0.0002207198144902677 0.00030353745008618305 8.553516858066853e-06 8.80648521939452e-05 1.0764140711510176e-05 0.0 0.0 0.0 3.3509770073271427e-05 1.0738647753902541e-05 1.2802177464631081e-05 0.0 0.00289371507086307 0.0009599991547760467 0.0016497797572693528
