0.0 0.1710070013697571 0.09515405960406952 0.09471121784150438 0.0285578152344724 0.0018718928981397026 0.02636756319378486 0.0016993257574454883 0.007453436713963899 0.03315615364495691 0.009717804404896916 0.06087446632074042 0.025972638971545194 0.008078569116118418 4.6729909374712305e-05 0.0 0.0 0.0 0.0 0.0 4.2232834479867576e-05 0.0 0.0 0.0 0.0 1.8867760328652988e-05 0.0 0.0 0.0 0.0 0.04185500229210346 0.00015081631217443595 0.0039034452230653537 0.0 0.0 0.0 0.0006406275464615315 0.0 0.0 0.0 0.0 0.0 0.0 0.0 0.0 0.0 0.00010996192220765571 2.0456504362801248e-05 0.00010159363022246903 0.0 0.0 0.0 0.0 0.0 1.6164664953711762e-05 9.109252019228344e-06 0.00902343297947366 0.05359574423458219 0.00022304866295647503 9.026533669053845e-05 0.0 5.624856917134141e-05 0.0 0.00036247247028852754 8.8642456800177e-06 7.304990392219908e-06 0.0 1.0205564659701193e-05 0.0 0.0 0.013425413556534736 0.0 0.0 0.0011359437855669027 0.00011535494523345164 9.632375355421534e-05 9.995112402899257e-05 1.3593376894897573e-05 9.707405846887368e-05 0.0001433841430915725 0.0 2.307234936008119e-05 7.629405350810803e-05 0.0 0.0 8.211892229388433e-06 0.0 0.0 0.0 0.0 0.0 0.0 0.0 0.0 0.0 0.00044464590096297607 0.0 0.0 0.0 0.10031099364948702 0.0 0.0 0.0 0.0011483021026477056 0.0 0.0 0.0 0.0 0.00047252913247047064 3.441245098731407e-05 0.0 0.0 0.0 0.0 0.0 0.0 0.0 0.0 0.0 0.0 0.0 0.0 0.0 0.0 0.0 0.0 0.0 0.0 0.0 0.0 0.0 0.0 0.0 0.0 0.0 0.0 0.0 0.0 0.0 0.0 0.0 0.0 0.0 0.0 0.0 0.0 0.0 0.0 0.0 0.0 0.0 0.0 0.0 0.0 0.0 0.0 1.5025231679500917e-05 0.0 0.0 0.0 0.0 0.0 0.0 0.0 0.0 0.0 0.0 0.0 0.0 0.0 0.0 0.0 0.0 0.0 0.0 0.0 6.443044208423447e-05 0.0 0.0 0.0 0.0 0.0 0.0 0.0 0.0 0.0 0.0 0.0 0.0 0.0 0.0 0.0 0.0 0.0 0.0 0.0 0.0 0.0 0.0 0.0
0.1710070013697571 0.0 0.19484476140029347 0.009698191943158942 0.08840313173282509 0.014566401083612674 0.05780226141405472 0.004629926211449765 0.11416780045333695 0.06633663628747372 0.05509382828301242 0.0335565390708821 0.08029475724320889 0.044696472206535255 0.00044444219146541825 8.832410786716796e-05 7.497309952210256e-05 1.429890921999895e-05 0.0 9.75262000772616e-06 4.8013739881133786e-05 0.0 2.1069583984394728e-05 0.0 0.0 0.0 0.0 0.0 0.0 0.0 0.13814397875055923 0.005815096442251326 0.001799250369397795 1.0408540258942468e-05 1.0240304338969618e-05 0.0 0.00023870487603656182 8.74982394947757e-06 0.0 0.0 2.381306498955281e-05 0.0 0.0 2.3681843012101765e-05 1.6750282264605004e-05 9.436427585628673e-06 0.005944992422903859 0.0003338386360624869 0.0 0.0 0.0 0.0 1.0553939070665346e-05 0.0 0.0003404836998854414 0.000183433958690847 0.012139661898748771 0.08928612561783934 0.0020824776475490137 0.003482442543715569 0.0 0.00017656042177900365 0.0 0.011265647259637678 0.0001839951909978804 3.2185925354838854e-05 0.0 4.183036245232233e-05 9.344538997990977e-06 9.353039758622305e-06 0.00029059118647536215 0.0 0.0 0.01379047694940047 0.0032764183205981874 0.0049791409962317715 0.005843307833104961 0.0007039532511359986 0.002817007048205159 0.00248852171566051 0.00011102538194475614 0.0002944323637110096 0.0013121419984039896 1.5998313755814947e-05 4.241919467599035e-05 8.23491513988011e-05 0.0 0.0 0.0 0.0 0.0 0.0 2.8458354483224923e-05 0.0 0.0 0.0013059780035583302 1.8679827591081367e-05 0.0 4.1937964816135495e-05 0.08075154658787465 0.0 0.0 0.0 0.0 0.0 0.0 0.0 0.0 1.8780221046990228e-05 0.0 0.0 0.0 0.0 0.0 0.0 0.0 0.0 0.0 0.0 0.0 0.0 0.0 0.0 0.0 0.0 0.0 0.0 0.0 0.0 0.0 0.0 0.0 0.0 0.0 0.0 0.0 0.0 0.0 0.0 2.046482712570654e-05 2.3090798824384456e-05 0.0 1.1687508689016704e-05 2.855355999002657e-05 0.0 0.0 0.0 0.0 0.0 0.0 0.0 0.0 0.0 0.0 0.0 0.0 0.0 0.0 0.0 0.0 0.0 0.0 0.0 0.0 0.0 0.0 3.1867209472671534e-05 0.0 0.0 0.0 0.0 0.0 0.0 0.0 0.0 0.0 0.0 0.0 0.0 0.0 0.0 0.0 0.0 0.0 0.0 0.0 0.0 0.0 0.0 0.0 0.0 0.0 0.0 0.0 0.0 0.0 0.0 0.0 0.0 0.0
0.09515405960406952 0.19484476140029347 0.0 0.0007403129657542023 0.09355375038743105 1.2453968266525717e-05 0.01317529673967332 0.09921792962360457 0.05945675393127197 0.0007323953715420027 0.14897013315435625 0.005259409879608027 0.024490244594975293 0.051172380616394536 0.00029813009805610064 7.104613422857381e-05 8.861034601040074e-05 3.085653085358625e-05 0.0 9.507717797185248e-05 0.0004486056883525786 0.0 0.0 0.0 0.0 0.0 0.0 0.0 0.0 0.0 0.17582549251261742 0.023966715013202754 0.006057525244998365 2.735917060250984e-05 4.826071583364364e-05 0.00011807774906430445 0.0005210971339938438 8.077006100286354e-05 0.0 1.2730554825367708e-05 8.834432909345189e-05 1.890965757032783e-05 1.1346289786639051e-05 0.00030376691155971705 7.685055655248209e-05 7.359623165810384e-05 0.002440546282259232 0.00018788116341510386 8.309017852429325e-05 8.85456924440593e-05 0.0 0.0 0.0 1.163088761236578e-05 0.00015784216721729838 7.156702608942852e-05 0.004275857163051476 0.05007512275185871 0.0008825251163644395 0.0018563766111258698 0.0005197914186670067 0.0029155107221103213 0.00010616616862247846 0.024840359849715096 0.00011053393364621372 2.286292750473099e-05 1.4739411830924313e-05 2.421712941213941e-05 0.0001309358543217205 0.00016743441195847598 0.0015707183940689938 1.150072472138464e-05 0.0 0.007344786830794601 0.002225255737136924 0.003030505691588711 0.003167590803913589 0.002526664528660704 0.016518966210412763 0.008696666422409665 0.001195587967381481 0.0051704114834935306 0.00064291209798348 0.0 0.0 2.234822654170901e-05 0.0 0.0 0.0 0.0 0.0 0.0 0.00016461703519735551 0.0 0.0 3.760393309990994e-05 0.0 0.0 0.0 0.032316562186672976 0.0 0.0 0.0 0.0 0.0 0.0 0.0 0.0 0.0 0.0 0.0 0.0 0.0 0.0 0.0 0.0 0.0 0.0 0.0 0.0 0.0 0.0 0.0 0.0 0.0 0.0 0.0 0.0 0.0 0.0 0.0 0.0 0.0 0.0 0.0 0.0 0.0 0.0 0.0 0.0 0.0 0.0 0.0 0.0 0.0 0.0 2.09747194116991e-05 0.0 0.0 0.0 0.0 0.0 0.0 0.0 0.0 0.0 0.0 0.0 0.0 0.0 0.0 0.0 0.0 0.0 0.0 0.0 0.0 0.0 0.0 0.0 0.0 0.0 0.0 0.0 0.0 0.0 0.0 0.0 0.0 0.0 0.0 0.0 0.0 0.0 0.0 0.0 0.0 0.0 0.0 0.0 0.0 0.0 0.0 8.191464251899656e-06 0.0 0.0 0.0 0.0 0.0 0.0
0.09471121784150438 0.009698191943158942 0.0007403129657542023 0.0 0.00018469034468634083 0.020531583457230777 0.003714447215656685 0.0 0.0004643113937003887 0.0933143149416354 2.7469377209976193e-05 0.04884859256962597 0.03869973890965768 0.0041704583248261505 6.83181876326519e-05 1.0117197688612386e-05 0.0 0.0 0.0 0.0 2.3521864132796908e-05 0.0 0.0 0.0 0.0 0.0 0.0 0.0 0.0 0.0 0.010923738551034023 8.043297712458295e-05 0.0027146590245971853 0.0 0.0 0.0 0.0009894932338879643 0.0 0.0 0.0 0.0 0.0 0.0 0.0 0.0 0.0 0.00042678520110732345 3.0635485746726134e-05 0.0 0.0 0.0 0.0 0.0 0.0 2.4029560200692885e-05 8.538129200087263e-06 0.0018267037028511953 0.008159292543770881 0.00014765533271062224 0.00013284242356479927 0.0 7.3134944389631e-05 0.0 0.00030927899315681624 1.596644120914892e-05 0.0 0.0 0.0 0.0 0.0 0.01096947345859706 0.0 0.0 0.0007086592070469491 8.911635931517907e-05 0.00020174633188394685 0.0002614613732240449 0.0 0.0 0.0 0.0 0.0 3.8355866693761424e-05 1.6746366999238916e-05 1.7705752150534754e-05 6.980582690459381e-06 0.0 0.0 0.0 0.0 0.0 0.0 0.0 0.0 0.0 0.006767567879810124 0.0 0.0 0.0 0.03667327630853255 0.0 0.0 0.005992853948029576 0.0016431758017527948 0.0 0.0019223145796202906 0.0 0.0 0.0005337797834696764 1.696916949134029e-05 6.651398762024094e-05 0.00033545201429731135 0.0001620989034209944 0.00015161863281688734 0.0 0.0 0.0 0.0 0.0 0.0 0.0 0.0 0.0 0.0 0.0 0.0 0.0 0.0 0.0 0.0 0.0 0.0 0.0 0.0 0.0 0.0 0.0 0.0 0.0 0.0 0.0 6.949832214073998e-05 0.0 0.0 0.0 0.0 0.0 0.0 0.0 0.0 0.0 0.0 0.0 0.0 0.0 0.0 0.0 0.0 0.0 0.0 0.0 0.0 2.2166405972206696e-05 0.0 0.0 0.0 0.0 1.6198270239780054e-05 0.0 0.0 0.0 0.0 0.0 0.0 0.0 0.0 7.00515472885285e-05 0.0 0.0 0.0 0.0 0.0 0.0 0.0 0.0 0.0 0.0 0.0 0.0 0.0 0.0 0.0 0.0 0.0 0.0 0.0 0.0 0.0 0.0 0.0
0.0285578152344724 0.08840313173282509 0.09355375038743105 0.00018469034468634083 0.0 0.0007401484315023243 0.10390433306831982 0.020049817245727953 0.5917178265235005 0.018726152946539756 0.09049052460889616 0.007188059296291425 0.05839668313943079 0.056213758562032985 0.0009768725241977585 3.189686184000862e-05 3.378465163838434e-05 2.7492088350604655e-05 2.7278326089165814e-05 5.4585129760676915e-05 9.04415599161637e-05 0.0 0.0 0.0 0.0 1.0796305566677604e-05 0.0 1.2562596171083492e-05 1.1376689059818838e-05 0.0 0.06172984738565415 0.011287900994717309 0.0019065635225057073 2.4625256975126015e-05 0.0 2.625778365763179e-05 0.00016689327559471162 0.0 0.0 7.770698165758101e-06 4.842510152588108e-05 1.9218053007418463e-05 1.5948913909987835e-05 1.0985215237922484e-05 1.1542381666129339e-05 1.5125742887751613e-05 0.004863786950571444 0.0002766626706696442 5.567071119208992e-05 1.632569265038694e-05 0.0 0.0 8.584458585140317e-06 0.0 0.00017318302241078017 0.0002165178538200408 0.0068198514620044426 0.03227907052906178 0.0013843433857969793 0.0023025164627493893 4.3778971335256775e-05 0.00037086828209137223 1.2431765104023079e-05 0.013442280369118327 0.00015334186508675934 2.8393200469430655e-05 6.8684838302439755e-06 2.649465755458266e-05 3.868946797807152e-05 3.504632690476789e-05 0.0003957819275591827 0.0 0.0 0.009474167709581018 0.002347323669440978 0.005140263867606447 0.0067588553114693115 0.001670700469164117 0.003329778053767473 0.0037205865208485307 0.00024914219578937716 0.0006592197389260207 0.001064233241280188 2.1367051045713606e-05 1.615027109913549e-05 7.201488206025895e-05 0.0 0.0 0.0 0.0 0.0 0.0 1.875283472762686e-05 1.0387301022586963e-05 0.0 0.0005392873069557758 0.0 0.0 0.0 0.014335605556385956 0.0 0.0 0.0 0.0 0.0 0.0 0.0 0.0 0.0 0.0 0.0 0.0 0.0 0.0 0.0 0.0 0.0 0.0 0.0 0.0 0.0 0.0 0.0 0.0 0.0 0.0 0.0 0.0 0.0 0.0 0.0 0.0 0.0 0.0 0.0 0.0 0.0 0.0 0.0 0.0 1.8074573707973574e-05 0.0 0.0 0.0 0.0 0.0 0.0 0.0 0.0 0.0 0.0 0.0 0.0 0.0 0.0 0.0 0.0 0.0 0.0 0.0 0.0 0.0 0.0 0.0 0.0 0.0 0.0 0.0 0.0 0.0 0.0 0.0 0.0 0.0 0.0 0.0 1.854037869565444e-05 0.0 0.0 0.0 0.0 0.0 0.0 0.0 0.0 0.0 0.0 0.0 0.0 0.0 0.0 0.0 0.0 0.0 0.0 0.0 0.0 3.3315084052617794e-05 0.0 0.0
0.0018718928981397026 0.014566401083612674 1.2453968266525717e-05 0.020531583457230777 0.0007401484315023243 0.0 0.003912399140576712 1.159004808794755e-05 0.0002702208487579133 0.019958269578504134 0.0 0.016305624962887674 0.004374824590862829 0.0011391515216103122 0.0 0.0 0.0 0.0 0.0 0.0 9.854208102219357e-06 0.0 0.0 0.0 0.0 0.0 0.0 0.0 0.0 0.0 0.0034753712170997714 0.0 0.008372807027582837 0.0 0.0 2.201640728847914e-05 0.0025153174597917103 8.027556004331968e-05 0.000687415034677582 5.135036270874979e-05 0.0 0.0 0.0 0.0 0.0 0.0 0.0 0.0 0.0 0.0 0.0 4.829478117537306e-05 0.0 0.0 0.0 0.0 0.006648032296508495 0.016992838641745313 0.0 0.0 0.0 0.001708224518938403 0.0 0.0 0.0 0.0 0.0 0.0 0.0 0.0 0.013469412309192994 0.00015818825914972945 0.0 0.0 0.0 0.0 0.0 0.0 1.1016894725516423e-05 0.0 0.0 0.0004291319149120556 0.0 0.0 0.0 0.0 0.0 4.096475266456013e-05 0.0 6.026709444132135e-05 0.0 0.0 0.0 0.0 0.0 0.013090402367298077 0.0003578952135795649 0.00015113232386038087 0.0018593391799475083 0.02936127315300253 0.0 0.0 0.0 0.0006550624473134324 0.0 0.0 0.0 0.0 1.3378692468316564e-05 0.0 0.0 0.0 0.0 0.0 0.0 0.0 0.0 0.0 0.0 0.0 0.0 0.0 0.0 0.0 0.0 0.0 0.0 0.0 0.0 0.0 0.0 0.0 0.0 0.0 0.0 0.0 0.0 0.0 0.0 0.0 0.0 5.1481678477310315e-05 0.0 0.0 0.0 0.0 0.0 0.0 0.0 0.0 0.0 0.0 0.0 0.0 0.0 0.0 0.0 0.0 0.0 0.0 0.0 0.0 0.0 0.0 0.0 0.0 0.0 0.0 0.0 0.0 0.0 0.0 0.0 0.0 0.0 0.0 0.0 0.0 0.0 1.192712238173521e-05 0.0 0.0 0.0 0.0 0.0 0.0 0.0 0.0 0.0 0.0 0.0 0.0 0.0 0.0 0.0 0.0 0.0 0.0 0.0 4.8544179266170235e-05
0.02636756319378486 0.05780226141405472 0.01317529673967332 0.003714447215656685 0.10390433306831982 0.003912399140576712 0.0 0.013513485639475431 0.20216778039488556 0.06971467662413944 0.014836826489411167 0.08151076073919203 0.1841822458342367 0.1622281699072119 0.0027637043804222324 0.00020070769872198815 0.00013366244128885818 0.0 1.0914497425976425e-05 6.566180913012117e-05 0.0 0.0 0.0 0.0 0.0 3.958304394701996e-05 0.0 0.0 0.0 0.0 0.03625095351110147 0.006882972522008684 0.005409280886251296 1.4994806391268863e-05 1.850941119896463e-05 3.706926832270013e-05 0.0008314832812218615 0.0 0.0 9.044681290290156e-06 0.0 1.2495412983212452e-05 0.0 3.268542120441784e-05 0.0 0.0 0.007720881144606666 0.00039805875192600157 5.7186061971548537e-05 2.7434979834027058e-05 0.0 0.0 0.0 1.2437002344808267e-05 0.00021595602795905166 0.00023188447692279227 0.006680565998612702 0.02981612781163057 0.0013780778370871575 0.0028883231269389666 4.0068883263372425e-05 0.00018503121580854605 6.685236403585517e-05 0.010651505822732242 0.00012936121592275362 6.342701071102528e-05 6.6851995717483614e-06 5.280608835762736e-05 0.0 4.780157823001596e-05 0.0042924845392554685 0.0 0.0 0.009948355852057205 0.002399933194909748 0.00521366685671789 0.011820650894982477 0.0038724875573268687 0.030927546266091923 0.00044696295555430476 0.00011351941693665235 0.0005344309388586882 0.0009356464386948702 8.776683806335867e-06 3.234191023901419e-05 4.6246526426979086e-05 6.648762068016242e-06 0.0 0.0 0.0 0.0 0.0 2.807082673399338e-05 8.798439920703503e-06 1.091874677938213e-05 0.015977771825551174 0.00012552201377725848 0.0 0.0 0.020232182913412645 0.0009053397099558796 0.00011033631440931271 0.0007603823709315278 0.00356757431850409 0.0 0.0 3.6634418508789576e-05 0.0010076427774997167 0.002305131060393374 0.0002136136935829865 9.109297066345162e-05 0.0011838128310965447 0.00038785055084613517 7.758109892730431e-05 0.0005686338988453816 0.0 0.0 0.0 0.0 0.0 0.0 0.0 0.0 0.0 0.0 0.0 0.0 2.7690531169291857e-05 0.0 0.0 0.0 0.0 0.0 0.0 0.0004794137682251388 0.00046143291168913457 0.0 0.0 0.0 0.0005988843494956473 0.0007117369903736152 0.0015265794086407032 4.517041310537773e-05 0.0 0.0 0.0 0.0 0.0 0.0 0.0 0.0 1.1726922862413397e-05 5.543174308343161e-05 0.0 0.0 3.4448316159896324e-05 3.095395653971684e-05 0.0 0.0 0.0 0.0 2.364835547837531e-05 0.000370716949109306 0.0 1.4078075656590152e-05 0.0 0.00024633192113752544 0.00029412323848324224 0.0 0.0 0.0 0.0 0.0 0.0 0.0 0.0 0.0012859527144327952 0.0 0.0 0.0 0.0 0.00020652200676575763 0.0 0.00014076524064104458 3.709924998583038e-05 0.0004015389983803265 6.505245650706815e-05 8.46648525228053e-05 0.0 0.0 0.0 0.0 0.0 0.0 0.0 0.0 0.0 0.00037555613426437184 0.0001105037678238977 0.00026533732436929275
0.0016993257574454883 0.004629926211449765 0.09921792962360457 0.0 0.020049817245727953 1.159004808794755e-05 0.013513485639475431 0.0 0.02883958204538917 0.0011609348887990161 0.07818282206257988 0.008360397355419647 0.059209420952977064 0.1739467683876253 0.00045833023127284306 0.00022184735767269529 0.00022047473984670893 0.00020422133686511025 5.320874522896503e-05 0.0003725110723966036 0.0019778522614734037 0.0 1.852913745464885e-05 1.0700933700462774e-05 9.6962738691013e-05 0.0001046826561593539 5.6828231773692224e-05 3.697310847424429e-05 0.0 0.0 0.07930811670836156 0.13086686020552296 0.03715607699763505 0.0006796253236162572 4.808298031195377e-05 0.000598262608915469 0.00203807339758647 0.00021579080704671512 9.647786193159437e-06 0.0 0.00027847838028886303 0.00012523388406588326 0.00018589673180519878 0.003518911132012114 0.0003550026190870629 0.00210287745005158 0.002360146928905096 0.00017285707913632922 0.00011350465955595093 6.072267551346157e-05 0.0 0.0 0.0 1.2461021084116434e-05 6.47519525307005e-05 7.118935256815279e-05 0.00179460319244362 0.01536950331955597 0.0004517738712474434 0.0008881066718432223 0.006317432665897634 0.009880940518867272 0.000602868089217714 0.04686375683026063 6.476833516756188e-05 0.0 8.245854195515426e-06 7.375106434930644e-06 0.0002096655643598325 0.0004053007324924193 0.010991238913737673 0.0 0.0 0.003580743229013965 0.0016701243843160597 0.0019189514693618275 0.005293499976713497 0.02525014621595622 0.04533039025878925 0.08577661317926415 0.020729833778907945 0.016731003285714384 0.00039587407492812983 2.5317752336008794e-05 2.380200174627325e-05 2.9563085731532463e-05 8.495980707776055e-06 0.0 0.0 0.0 0.0 0.0 0.0003251789474230456 0.00010372531455887431 0.0 4.2129665628645887e-05 5.236826735090534e-05 0.0 0.0 0.0018542922029854989 0.0 0.0 0.0 0.0 0.0 0.0 0.0 0.0 0.0 0.0 0.0 0.0 0.0 0.0 0.0 0.0 0.0 0.0 0.0 0.0 0.0 0.0 0.0 0.0 0.0 0.0 0.0 0.0 0.0 0.0 0.0 0.0 0.0 0.0 0.0 0.0 0.0 0.0 0.0 9.204453897614812e-05 0.0 1.5854957125694972e-05 1.1742011592727841e-05 0.0 0.0 0.0 0.0 0.0 0.0 0.0 0.0 0.0 0.0 0.0 0.0 1.3769821933073713e-05 1.793792074605863e-05 0.0 0.0 0.0 0.0 0.0 0.0 0.0 0.0 0.0 0.0 0.0 0.0 0.0 0.0 0.0 0.0 0.0 0.0 0.0 1.2455989225322823e-05 0.0 0.0 0.0 0.0 0.0 0.0 0.0 0.0 0.0 0.0 0.0 0.0 0.0 0.0 0.0 0.0 0.0 0.0 1.736218162435356e-05 0.0 0.0 1.4497063134684657e-05 5.011388233587949e-05
0.007453436713963899 0.11416780045333695 0.05945675393127197 0.0004643113937003887 0.5917178265235005 0.0002702208487579133 0.20216778039488556 0.02883958204538917 0.0 0.009455748350170082 0.11685347147820965 0.006187405833639842 0.08475065967984255 0.10887552935923187 0.00032798242735400927 0.00019280312093580802 0.00013331979361242582 3.2974074639871554e-05 0.0 4.240205965643317e-05 0.00024729417889827673 0.0 0.0 0.0 0.0 7.227798802978054e-05 0.0 1.3504438277265542e-05 0.0 0.0 0.020205386078703074 0.005966658033643087 0.016764709716936665 9.474788149408579e-06 0.0 0.0 0.001938223282474755 3.0451125286594664e-05 8.71406434323898e-05 2.3925775203496466e-05 9.782159551889213e-05 2.0663492441551283e-05 4.1398555030313646e-05 0.0 0.0 0.0 0.001554059527328839 0.00010151128368215993 0.0 3.5838994593615256e-05 8.865807952366954e-06 0.0 0.0 0.0 6.108456748250462e-05 7.380690086674954e-06 0.00148292674243802 0.006722543476870197 0.0004531205267358747 0.0006838821419727498 2.791479324274669e-05 0.00026437866695485377 0.0 0.004362787338549572 4.348699687299927e-05 6.9410637722469844e-06 6.5166281945226075e-06 0.0 6.090293449522127e-05 2.6236632050926023e-05 0.0017472869996357548 2.11834546065908e-05 0.0 0.0026307386420866582 0.0007164312518339653 0.0012829202862959356 0.0019879521283449604 0.0020214890660248783 0.009866276086524621 0.013227089098804684 9.374008164591578e-05 0.0008125877210714354 0.00021240202814694508 2.0664140764038013e-05 0.0 7.1814989929317866e-06 0.0 0.0 0.0 0.0 0.0 0.0 2.8343121493818074e-05 2.247370603867558e-05 0.0 0.0007641506074374737 8.461586070253477e-05 0.0 0.00023110002999046102 0.002452292889616325 0.0 3.79401933964043e-05 0.0 0.0 0.0 0.0 0.0 0.0 0.0 0.0 0.0 0.0 0.0 0.0 3.746489291464624e-05 0.0 0.0 0.0 0.0 0.0 0.0 0.0 0.0 0.0 0.0 0.0 0.0 0.0 0.0 0.0 0.0 0.0 0.0 0.0 0.0 0.0 0.0 0.0 0.0 0.00010532696548197982 0.00012364265901727682 0.00031208501777065564 0.00010396062002201617 0.0 0.0 0.0 0.0 0.0 0.0 0.0 0.0 0.0 0.0 0.0 0.0 0.0 1.3933093770310163e-05 0.0 0.0 0.0 0.0 0.0 0.0 0.0 0.0 0.0 6.210257618486924e-05 0.0 0.0 0.0 0.0 0.0 0.0 0.0 0.0 0.0 0.00015540843443194878 0.0 0.0 0.0 0.0 3.49208453539814e-05 0.0 0.0 0.0 0.0 0.0 0.0 0.0 0.0 0.0 0.0 0.0 0.0 0.0 0.0 0.0 4.0732323233906955e-05 0.0 3.3569070377106774e-05
0.03315615364495691 0.06633663628747372 0.0007323953715420027 0.0933143149416354 0.018726152946539756 0.019958269578504134 0.06971467662413944 0.0011609348887990161 0.009455748350170082 0.0 0.0007296373446995946 0.2906111689334425 0.2913115636341861 0.04525837460860035 0.00228268543760362 0.00015872933389889644 1.862517133548319e-05 0.0 0.0 0.0 6.323621289467117e-05 0.0 0.0 0.0 0.0 0.0 0.0 3.583218001913478e-05 2.9382383124670963e-05 0.0 0.009687572852812904 0.0012721203707984523 0.009474211319708502 1.138943232778949e-05 0.0 0.0 0.024133459873608896 0.00025311192161355206 4.630499731076747e-05 7.812359902749273e-05 0.0 0.0 0.0 2.070298397549813e-05 0.0 0.0 0.006860514624906507 0.0002635329045981508 0.0 9.572224104638744e-06 0.0 0.0 2.5204061765358674e-05 0.0 0.00015807544898321663 0.0001319855007506741 0.004397366266017798 0.011771559722542752 0.0007253273844373883 0.0016319502793156293 0.0 0.000646254132626574 1.2171458491046675e-05 0.002639882561216851 0.00012459872177255556 1.6305268095931357e-05 7.877689860449653e-06 7.433519127154747e-06 2.4977350169350976e-05 2.136815600082829e-05 0.08634976288863426 2.341249000700308e-05 0.0 0.0046098690538852035 0.0012992066373412293 0.0033339705540148777 0.007743103991603977 0.0011926875909653186 0.009145715969999519 0.0006277375796111556 2.8455907699098618e-05 0.0004194988717228581 0.00071613629727901 1.6440848963850268e-05 1.6090422786790268e-05 5.193780655015477e-05 0.0 0.0 0.0 0.0 0.0 0.0 0.0 0.0 0.0 0.010148703622946597 4.142120318713137e-05 0.0 0.0005429152374387834 0.03216914256676644 8.581139885999105e-05 0.00012987444292768274 0.0036766254948083017 0.005127776147548032 0.0 0.0006733106372649515 0.00019416850589265778 0.006640738176985089 0.003792461906090898 0.0011319205104960645 0.0006442138939373113 0.012787346337579735 0.002646492684086186 0.0005805819564981247 0.001770775802060155 0.0 0.0 0.0 0.0 0.0 0.0 0.0 5.9918432495568985e-05 0.0 0.0 2.8780567336102145e-05 0.0 0.00012579953140112897 0.0 0.0 1.5821797518548403e-05 0.0 0.0 0.0 1.658004729324748e-05 0.0002875793218681056 0.0 0.0 0.0 0.002507175353624632 0.001193280401438163 0.0035896656929579208 0.0008348979012838116 5.527787157994958e-05 0.0 0.0 0.0 0.0 0.0 0.0 0.0 0.0 2.8173000167162558e-05 0.0 0.0 9.476249099975328e-05 0.0001219142654979565 0.0 0.0 0.0 0.0 1.0554748275712159e-05 0.00015341159090368614 0.0 0.0 0.0 0.0005873086137940859 5.046317685816591e-05 0.0 0.0 0.0 0.0 0.0 9.754694365841079e-06 0.0 0.0 0.0034701737286836625 0.0001819248706929182 7.41426607157911e-05 0.0 0.0 0.00014200992944751154 0.0 1.8981340677634293e-05 7.06663500650313e-06 4.5845598187403846e-05 0.0 8.555819435628334e-06 0.0 0.0 0.0 0.0 0.0 0.0 0.0 0.0 0.0 0.0018986508211771536 0.0009619184272556458 0.0016431752205217592
0.009717804404896916 0.05509382828301242 0.14897013315435625 2.7469377209976193e-05 0.09049052460889616 0.0 0.014836826489411167 0.07818282206257988 0.11685347147820965 0.0007296373446995946 0.0 0.008689147782031495 0.06608173612334389 0.1527897111169632 0.0007669747645427427 0.0002855429696907301 0.00021281853940282786 9.950549508355745e-05 0.0 5.3184813434699967e-05 0.000681687898966317 0.0 0.0 0.0 0.0 9.830003697590806e-05 2.271978447188225e-05 0.00010448695861328744 4.455433696052715e-05 1.306704035744617e-05 0.029004964809688744 0.016298081882737105 0.006848055270154948 8.783176684156885e-05 2.773635052239916e-05 9.811358572710235e-05 0.0006326258668081609 1.484606875296959e-05 0.0 6.75900550731975e-05 0.00015610933470853352 2.4012112315901872e-05 6.681451213480773e-05 0.0002797959625871735 2.0734200669004384e-05 8.556595094949852e-06 0.0019558746446816733 0.00013106883026137956 2.2143822168413003e-05 9.175973782224968e-05 0.0 0.0 5.416227630889431e-05 0.0 6.126106044314545e-05 9.64995708081039e-06 0.001100327195708932 0.005374076602110628 0.0002993580982065388 0.00063792835745207 0.0003677484981474288 0.006082786552201629 0.0 0.005170884614456851 4.984210650788685e-05 6.454370751416203e-06 0.0 0.0 0.00011482225554639416 0.00014905677932215954 0.0019103588105583707 1.553637131878898e-05 0.0 0.002111024010954055 0.0006649414614525943 0.0013580852646282741 0.002304969366574439 0.0038363565122796588 0.0506428256671438 0.05390984118187299 0.00017834597789882596 0.06571982409601095 0.00023691953488322396 0.0 0.0 2.2009568752766308e-05 7.644981794894575e-06 0.0 0.0 0.0 0.0 0.0 0.0001249621260376632 5.345499412922471e-05 9.450633173379343e-06 9.700486116827189e-05 0.0 0.0 8.760355801084256e-05 0.0024639122854216555 0.0 0.0 0.0 0.0 0.0 0.0 0.0 0.0 0.0 0.0 0.0 0.0 0.0 0.0 1.694071039337426e-05 0.0 0.0 0.0 0.0 0.0 0.0 0.0 0.0 0.0 0.0 0.0 0.0 0.0 0.0 0.0 0.0 0.0 0.0 0.0 0.0 0.0 0.0 0.0 0.0 0.0 0.0 0.00020234552494448316 3.4343270117271635e-05 0.0 0.0 0.0 0.0 0.0 0.0 0.0 0.0 0.0 0.0 0.0 0.0 0.0 4.345065521419656e-05 0.0 0.0 0.0 0.0 0.0 0.0 0.0 0.0 0.0 1.6739592131943474e-05 0.0 0.0 0.0 0.0 0.0 0.0 0.0 0.0 0.0 2.4781276089633284e-05 0.0 0.0 0.0 0.0 0.0 0.0 0.0 0.0 0.0 0.0 0.0 0.0 0.0 0.0 0.0 0.0 0.0 0.0 0.0 0.0 2.2266242158311744e-05 2.5140930079574795e-05 4.180563446053658e-05
0.06087446632074042 0.0335565390708821 0.005259409879608027 0.04884859256962597 0.007188059296291425 0.016305624962887674 0.08151076073919203 0.008360397355419647 0.006187405833639842 0.2906111689334425 0.008689147782031495 0.0 0.12094604001429048 0.011641706710541284 0.0029720750209096722 0.001478911317066899 0.0011398445756102122 0.00048420030439127077 0.0 0.00038758659527977506 0.0013473563209318007 0.0 2.4132685237089695e-05 0.0 0.00019357631293500085 0.0001342570865074944 0.0 0.00015885297248861182 4.422650211793386e-05 0.0 0.006240547050639191 0.004322062995090644 0.0050825991512652175 6.536238067078274e-05 0.0 0.00023426185015122688 0.021463180096455203 0.00013054886946555334 2.3346633586797624e-05 0.0001711555495815071 0.0003507029601009476 0.00020446834567873872 0.00018390926601867145 8.42840058497597e-05 2.236523011679158e-05 5.3014274497994916e-05 0.007401257940938308 0.00018215801142986882 0.00043739662728203745 0.0004480318599680019 0.0 3.51267914614275e-05 2.0493688772376063e-05 0.0 5.562876397413046e-05 7.006668804894748e-05 0.002185810770818234 0.00505515041768382 0.0007777195664673928 0.0016918497290383235 5.611174711158674e-05 0.001686923019662941 3.779971211416639e-05 0.004935611082053207 8.877786925486283e-05 9.233491008965802e-06 6.854187189810377e-06 5.210229561799463e-05 0.00018095518700395814 0.00020732811396752707 0.03112506478640265 3.207920613358946e-05 0.0 0.004395680584422052 0.001211020143623697 0.0032827766745839354 0.006218818684063224 0.0031407668635733722 0.016653924160912693 0.003957021229633227 0.00020019674255727923 0.001814391784300717 0.0005284077278914005 0.0 1.6539312513644952e-05 2.178321520603059e-05 2.3336037245245582e-05 0.0 0.0 0.0 0.0 0.0 0.00033887254388376576 5.46451779781606e-05 8.848082801887316e-06 0.00868624037538976 0.0010161144259183442 0.0 0.0005946886938962459 0.009426413958655384 0.0 9.277561329032851e-05 0.0 0.0014625780903204542 0.0 0.0 6.094043519306312e-05 0.0009862038276956054 0.0015144054855657583 0.00011587881444857757 0.0003421282297761416 0.00164549651282818 0.0006438070363196392 0.00012639802684750057 0.0009766977838301125 0.0 0.0 0.0 0.0 0.0 0.0 0.0 1.280954337011452e-05 0.0 0.0 0.0 0.0 9.292170150093639e-05 0.0 0.0 0.0 1.2843855854840473e-05 0.0 0.0 7.254624292583093e-05 0.00017825714539522293 0.0 1.9344879125643136e-05 0.0 0.0015561465369744367 0.0010040418848712934 0.002182471726536937 0.0005224307662101892 0.00022155167743470312 0.0 0.0 0.0 0.0 0.0 0.0 0.0 0.0 0.0 0.0 0.0 0.0 0.00036659924076795424 0.0 0.0 0.0 0.0 0.0 0.0 0.0 0.0 0.0 0.00036011478360859205 0.0 0.0 0.0 0.0 0.0 0.0 0.0 0.0 0.0 0.0015299141138851253 4.4832320116911854e-05 0.0 0.0 0.0 9.57880563901946e-05 0.0 5.648163597077511e-05 0.0 0.0 0.0 0.0 0.0 0.0 0.0 0.0 0.0 0.0 0.0 0.0 0.0 0.0011759057449116414 3.5393604575897034e-05 0.00011052176202478627
0.025972638971545194 0.08029475724320889 0.024490244594975293 0.03869973890965768 0.05839668313943079 0.004374824590862829 0.1841822458342367 0.059209420952977064 0.08475065967984255 0.2913115636341861 0.06608173612334389 0.12094604001429048 0.0 0.1501029073029238 0.003946169870054495 0.002011586584939359 0.0014694854070930593 0.0007018126415828461 1.669291565132465e-05 0.0004886524321218658 0.002008970845371502 2.454570568372228e-05 3.2127896726939e-05 2.5110347331815868e-05 5.4153349038327146e-05 0.00042840590874082063 6.1009743399940325e-05 0.0004254904326406373 0.0001271980020276083 0.0 0.018036062568386534 0.014958510036310454 0.035108934055214376 8.804523677597302e-05 4.7883003974396145e-05 0.0036773791659338016 0.003947735980993171 0.0008812315979894753 0.0005077728780223945 0.00032607749911304324 0.0004337685544008492 0.00013386566813873582 0.0002684492120602666 0.0005322760929104862 5.29966705228903e-05 0.00012089818190945959 0.00901689360316975 0.00027526692751601297 0.0003299260317624157 0.00038621731011890533 0.0 0.000122584606303408 0.0013338003968122797 0.00012902380959474628 9.035779624011273e-05 0.00016765289595190114 0.003100792480671964 0.009942133147400032 0.0008433497905856362 0.0017073321999072433 0.0003277904075148054 0.0008822055036475755 0.00011452188986056747 0.010187719639391383 0.00016427788243781311 2.7187228222195688e-05 8.033400901969563e-06 4.331117140383106e-05 0.0003370568233108407 0.0004848233915927071 0.013687175147569567 0.0003488111338618307 0.0 0.005250584646921917 0.0017687960641133637 0.003412311076132659 0.006507522223822997 0.010904376521142864 0.07122311577517283 0.01907048217365142 0.0006502186280560301 0.002963180221919981 0.0007783615419659878 2.1351065480702623e-05 5.202430317590696e-05 4.72804036266195e-05 3.6458518417497755e-05 0.0 0.0 0.0 0.0 0.0 0.0006197989713981846 3.239229523379423e-05 2.0890095185103446e-05 0.03460493758037053 0.002254529820283618 0.00011404037315053106 0.0022366464791172135 0.004334228133293204 5.4212077334211634e-05 0.0001260221353573051 0.0 0.0 0.0 0.0 3.2817339426820324e-05 5.2617962560983666e-05 0.000813959700159428 0.00035929673207479916 0.0004425864659035674 0.002714875365771832 0.0011281744374454367 0.00027032600639142 0.0010225910511777604 0.0 0.0 0.0 0.0 0.0 0.0 0.0 0.0 0.0 0.0 0.0 8.73092921701657e-05 0.00011762407667547261 0.0 0.0 0.0 9.474466247367124e-05 0.0 0.0 1.892838772335292e-05 0.00037392625290191757 0.0 0.0 0.0 0.0018997055850407314 0.0016862909408379139 0.002859534024611901 0.0007343568400760364 9.830258371260364e-05 0.0 1.791717305726963e-05 0.0 0.0 0.0 0.0 0.0 0.0 0.0 0.0 0.0 6.580839778818191e-05 0.00045766349765977024 0.0 0.0 0.0 0.0 0.0 0.0 0.0 0.0 0.0 0.0007621494515719946 0.0 0.0 0.0 0.0 0.0 0.0 0.0 0.0 0.0 0.0029826757733822846 0.0 0.0 0.0 0.0 0.00035090495671269564 0.0 4.413378310244356e-05 0.0 0.0 0.0 0.0 0.0 0.0 0.0 0.0 0.0 0.0 0.0 1.5147698222651076e-05 0.0 0.0011822778718137443 0.00014093884866931043 0.0006697834425411722
0.008078569116118418 0.044696472206535255 0.051172380616394536 0.0041704583248261505 0.056213758562032985 0.0011391515216103122 0.1622281699072119 0.1739467683876253 0.10887552935923187 0.04525837460860035 0.1527897111169632 0.011641706710541284 0.1501029073029238 0.0 0.0036162747161052992 0.0023177836515301323 0.0021171232509115913 0.00106334281997863 5.8904701215482256e-05 0.0008556960524281397 0.0031364688989886876 0.00016589772815155237 4.683107438230285e-05 8.544190707265306e-05 0.0001514503181671511 0.0005870989646493317 0.0001772951039701693 0.00044388199633744227 6.133778499373847e-05 1.1796626771927704e-05 0.024469602956546856 0.024864544252191485 0.046151664366789816 0.0004207198519168242 0.00018049864337488401 0.002611323675671783 0.007628723265578466 0.0007080911451040891 0.00029949568086426893 0.00045387487493734046 0.000739893055426359 0.00019151718389475965 0.0006524816377454888 0.0007191996285595355 0.0001577265008718893 0.00034222454503030433 0.008055517746528776 0.0003753729136742935 0.0007922927749754542 0.0005727864057421726 1.0487686263216152e-05 3.2460499170163406e-05 0.0010649453307676733 6.105466181071126e-05 0.00017203524788928472 0.00013839491201492107 0.002353813465847515 0.01020540349439858 0.0008912484234449847 0.0015035478460903296 0.0033513600617132103 0.0037640636915624455 0.0002909631455850255 0.012860488644913758 0.00013363427725635336 1.6769324598257278e-05 6.38467437257492e-06 4.215474961588369e-05 0.00040463567685021767 0.0008477263979887155 0.009899192719244476 0.0003459954768325865 1.816736118412773e-05 0.0053128925708680295 0.0015052374984045784 0.003141488230850025 0.006230123375781289 0.016526788989343944 0.13136182494635726 0.06080473637632026 0.0008325700702993849 0.061213035056736184 0.0006047537567355101 0.0 2.3295090237585097e-05 5.088589133480088e-05 7.021596241885139e-05 0.0 0.0 1.4472599401061418e-05 0.0 0.0 0.000737674773142419 0.00019815184922748074 5.547667107869548e-05 0.005080271436663919 0.002245434399372308 1.484721341526931e-05 0.0021349595068872133 0.0024156351041137464 0.0 0.0 0.0 0.0 0.0 0.0 0.0 0.0 0.0 0.00020482848984703346 0.00020073923307297476 4.355744426532309e-05 0.0 7.169811936083151e-05 0.00045496124708942106 0.0 0.0 0.0 0.0 0.0 0.0 0.0 0.0 0.0 0.0 1.758301381854908e-05 0.0 6.469959655340798e-05 0.0 0.0 1.7155722061928523e-05 6.96443637980965e-05 0.0 0.0 0.0 4.045328852172538e-05 0.0 0.0 0.0 0.0007478566038591737 0.0003983587985851346 0.001675366830165518 0.0004927911708945483 0.00031141191252359753 0.0 0.0 0.0 0.0 0.0 0.0 0.0 0.0 0.0 0.0 0.0 0.0 0.00015313487974643588 2.5555080127161052e-05 0.0 0.0 0.0 0.0 0.0 0.0 0.0 0.0 0.00020224789661478761 0.0 0.0 0.0 0.0 0.0 0.0 0.0 0.0 2.2301967671139726e-05 0.0012437365775088429 4.428890538225428e-05 0.0 0.0 1.682526517590944e-05 2.6046954935639293e-05 0.0 2.695362606037061e-05 0.0 0.0 0.0 0.0 0.0 0.0 0.0 0.0 0.0 0.0 0.0 1.2360689242805047e-05 1.2126953582685446e-05 0.00035875844778229116 0.00022590257991232337 0.00024098766743484254
4.6729909374712305e-05 0.00044444219146541825 0.00029813009805610064 6.83181876326519e-05 0.0009768725241977585 0.0 0.0027637043804222324 0.00045833023127284306 0.00032798242735400927 0.00228268543760362 0.0007669747645427427 0.0029720750209096722 0.003946169870054495 0.0036162747161052992 0.0 0.2411319980685194 0.016234008084427425 0.002598742406854632 0.0036423752045416495 0.009463090541402437 0.0021006874057376626 2.4789378409200956e-05 0.00012803725035214506 7.517994794109832e-06 4.489292697341263e-05 4.603890371787509e-05 8.53375730209325e-06 1.9550857409601252e-05 1.567879277624065e-05 0.0 0.00014818993861166115 0.00019793363086143128 0.008873928587216025 0.0023080665516532427 1.0218833705570274e-05 0.0009071004258084275 0.010422473898344269 0.002461459374750539 0.004507858342814128 0.0034090227837953006 0.0005490283947646751 0.00048521087826554045 0.0017611579249618215 0.029495477816441282 0.0013009701669270614 0.0024077152212615546 0.036778819130487674 0.00042118144315064456 0.0016230743487695046 0.0017739522351496212 3.929967225178294e-05 8.685527747801458e-06 0.00024256772997220688 2.382165543365379e-05 0.00010178580478277329 2.1629628498910213e-05 0.0007341609782243767 0.0004538885280475338 0.00031727505698193057 0.04395153502005667 0.004836782747826434 0.010039305939153722 0.0005361090555510773 0.0005127618818096418 3.703195246865071e-05 7.825767923765987e-06 0.0 0.0001302333281043691 0.0015827151087693609 0.0012638119613559427 0.006024252987883237 0.0 0.0 0.05917839549406619 0.0006220298668748339 0.15541291318540074 0.1753717802105339 0.047013260093601926 0.008688373439208544 0.0024284296580215094 0.01694986463979559 0.02545187294481367 0.0005353022370430103 2.9400449893863256e-05 9.736193556039929e-06 2.5804006523984246e-05 0.0002191110629834225 0.0 0.0 0.0 8.856113922364572e-06 9.033746068452016e-06 0.001006333514541278 0.00010125495257993377 4.229541984955386e-05 0.00017100706593227078 0.0014502891649685388 0.0 0.0007922590129144657 1.0961662031128557e-05 0.0 0.0 0.0 0.0 0.0 0.0 0.0 0.0 0.0 0.0 0.0 0.0 0.0 0.0 0.0 0.0 0.0 0.0 0.0 0.0 0.0 0.0 0.0 0.0 0.0 0.0 0.0 0.0 0.0 0.0 0.0 0.0 0.0 0.0 0.0 1.1140806473280635e-05 0.0 0.0 0.0 0.0 0.0 0.0 0.0 0.00010098663812310584 0.0 0.0 0.0 0.0 0.0 0.0 0.0 0.0 0.0 0.0 0.0 1.4105642027499468e-05 0.0 0.0 0.0 0.0 0.0 0.0 0.0 0.0 0.0 0.0 0.0 0.0 0.0 0.0 0.0 0.0 0.0 0.0 0.0 0.0 0.0 0.0 0.0 0.0 0.0 0.0 0.0 0.0 0.0 0.0 0.0 0.0 0.0 0.0 0.0 0.0 0.0 9.361674017548154e-06 1.0714503973252839e-05 0.0 0.0 0.0 0.0 0.0
0.0 8.832410786716796e-05 7.104613422857381e-05 1.0117197688612386e-05 3.189686184000862e-05 0.0 0.00020070769872198815 0.00022184735767269529 0.00019280312093580802 0.00015872933389889644 0.0002855429696907301 0.001478911317066899 0.002011586584939359 0.0023177836515301323 0.2411319980685194 0.0 0.04499070597133726 0.018769993108700974 0.025240823302312723 0.10868566079986015 0.006701568009183442 0.0 0.0016147741285916053 1.1044035955703185e-05 0.00011175262588479363 1.0028665042717037e-05 3.126473030026992e-05 3.2029365401087095e-05 9.604981847688461e-06 0.0 0.00047831997425248934 0.0031572221700602162 0.008640099057941787 0.021449046770304455 0.00028957391098670746 0.0024755734798853042 0.013146486259134749 0.0048974280032289584 0.009563699512165728 0.006832880737405884 0.0014355482565875034 0.001509223181040286 0.008578878729539817 0.16514521468081667 0.015222034433986514 0.022410668840930743 0.11644010411674746 0.0022999978606482677 0.010118066562604599 0.006186486492500051 0.00011221482504930908 9.915593356468195e-06 0.0004983441474692034 6.602594934736533e-05 0.00044681740133687494 0.00039157867008766657 0.0036366782942134778 0.004501352632726278 0.0013833321772923554 0.01587108175759088 0.017875512125375866 0.01371581576213976 0.0030208236709559824 0.015473608907087526 0.0002967532048616563 7.238192911729055e-05 5.207642570233573e-05 0.00047176534491267196 0.00747441016206107 0.005131037801156476 0.0049360856493212545 9.904316515917402e-06 0.0 0.028186529392307782 0.004859523337494063 0.11947351577730392 0.15370006210096032 0.21532941956141488 0.04261559070635657 0.002511529935862935 0.07210750720727921 0.03830683666080215 0.002333515965484165 3.7292298104205507e-05 7.931533145664511e-05 9.815059898501754e-05 0.0009534127826405595 0.0 0.0 0.0 1.0795653821157667e-05 2.1578692395786115e-05 0.003698779754489526 0.000500027836175024 0.0002549337235472477 2.4457696077298814e-05 0.0013007597941530902 0.0 0.0016238707701565513 9.735378189533366e-06 0.0 0.0 0.0 0.0 0.0 0.0 0.0 0.0 0.0 0.0 0.0 0.0 0.0 0.0 0.0 0.0 0.0 0.0 0.0 0.0 0.0 0.0 0.0 0.0 0.0 0.0 0.0 0.0 0.0 0.0 0.0 0.0 0.0 0.0 0.0 0.0 0.0 0.0 0.0 0.0 2.118706932964253e-05 0.0 2.516532124489435e-05 0.0 0.0 2.106763833232787e-05 0.0 0.0 0.0 0.0 0.0 0.0 0.0 0.0 0.0 0.0 0.0 0.0 0.0 0.0 0.0 0.0 0.0 0.0 0.0 0.0 8.6871927111465e-06 0.0 0.0 0.0 0.0 0.0 0.0 0.0 0.0 0.0 1.0900608811099423e-05 0.0 0.0 3.254664253889008e-05 4.666294936860545e-05 0.0 0.0 0.0 0.0 0.0 0.0 0.0 0.0 0.0 0.0 0.0 0.0 0.0 1.1067509748127033e-05 0.0 0.0 0.0 0.0 0.0
