0.0 0.17749523705435286 0.05359687976777716 0.0463663416105993 0.01526985536896272 0.009121773901272934 0.02595804873733447 0.008076565291413634 0.0032184171182361144 0.03559834827982651 0.018958883364876333 0.005364555229026824 0.0069097022469005445 0.011603725159229202 0.0009324745380706259 6.226188776490318e-05 9.625954796664241e-05 0.0 0.0 0.0 1.564383779074271e-05 2.5021735226277463e-05 0.0 1.4909713542425457e-05 4.3463812216331105e-05 0.0 6.910877994092422e-06 1.4950320216062072e-05 8.766073182295438e-06 0.0 0.07300900381498183 0.0005686400415455381 0.0016747320683916697 1.3429897346209093e-05 1.9518438389867975e-05 3.11964203585518e-05 0.0010461349449710157 0.00010970876991039862 0.00011529648797512659 7.298239159998495e-06 5.599481941671177e-05 4.704915536296318e-05 1.2767449240330184e-05 2.158417204569035e-05 9.784464547655526e-06 0.0 0.00687043082542841 5.729456261977144e-05 1.5241522261885135e-05 9.043628177358671e-06 6.630905947905197e-06 0.00021386450176880887 9.152949542078685e-06 0.0 0.00014481612877816568 0.00029391670025910474 0.003718895038690845 0.0205142313827324 0.0011390367219727751 0.007711908981399873 9.655878716380401e-05 0.00010159627014382664 0.00014176204670385042 0.002219613221644689 0.00016480639304985065 0.00023617143652663572 0.00015219454402582577 6.049496057785372e-05 9.348289364591634e-06 2.225826972593931e-05 0.0013027475508978995 0.0006744629443490734 4.339438830167266e-05 0.00932803267331659 0.0017183831070416678 0.006833357610482496 0.0016301936852831872 7.441490993905556e-05 6.682014391914077e-05 0.003403230626731268 0.0 0.0009060531294489943 0.0002558416820483596 0.0 0.00011031907156101961 0.0002802902792614781 3.5210777194479905e-05 1.4137288536637202e-05 5.553783085716547e-05 0.0 0.0 8.840396162148556e-06 6.397870489716416e-05 6.54444574207477e-05 5.451011757739715e-05 0.007945164073405692 0.0007965665006032476 6.066323608513778e-05 0.0005129718311281315 0.02619094595222516 3.255373147005687e-05 0.0004806039769026088 0.00017906925764686087 0.000223980186074333 6.533639343802066e-05 0.0005028151498344067 0.0002488407348077736 8.624751499542506e-05 0.00040597281551481203 0.0009307588092019428 0.0 0.00018910768651290522 0.0005920893905240999 0.0003916980519608802 0.00010722165597995834 0.0 0.0 0.0 0.0 0.0 0.0 0.0 0.0 0.0 0.0 0.0 0.0 0.0 0.0 0.0 1.2857323597983735e-05 0.0 0.0 0.0 7.133205357442707e-06 0.0 0.0 0.0 0.0 0.00017732027258142682 0.0 0.00012377051942524667 8.644079425769498e-05 7.721176451489942e-05 0.0 0.0 0.0 0.0 0.0 0.0 0.0 0.0 0.0 0.0 0.0 6.5669539535168e-06 0.0 0.0 0.0 0.0 0.0 0.0 0.0 0.00012883481760638855 0.0 0.0 1.730786313334972e-05 0.0 0.0 3.25559047759098e-05 0.0 0.0 0.0 0.0 0.0 0.0 0.0002553112241542928 1.4833689714513524e-05 0.0 0.0 0.0 0.0 0.0 0.0 0.0 0.0 0.0 0.0 0.0 0.0 0.0 0.0 0.0 0.0 0.0 0.0 0.0 0.00035970626232802947 1.3489685806286835e-05 0.00015391167469825916
0.17749523705435286 0.0 0.1268491395088757 0.14731759576808026 0.12387113998951312 0.02018371702636265 0.19393407050728728 0.04101640552444449 0.11870937228418238 0.22435171416270025 0.14166109853466516 0.0327785091240845 0.15741458858721855 0.13860707751048712 0.006176373268534077 0.002488377919862885 0.0006364789794929316 1.8430014820439524e-05 5.5103798914458525e-05 3.4487833552483646e-05 6.465763748498688e-05 3.965764659179977e-05 2.9607244678861573e-05 3.7928284094453434e-05 0.00016998281727698125 2.0842028900085685e-05 3.5632779717488004e-05 5.654579647490743e-05 6.754608444682652e-05 2.609530375626794e-05 0.19776528667086382 0.019342594402397637 0.0069803810336199305 0.00015186227949197154 4.5695330238341287e-05 0.00015215277607240658 0.003692724489588258 0.00027036752202241383 0.0005702642156100952 0.00014256696714196447 0.00012746126038937214 0.00034688054293516903 6.908808843707734e-05 0.0002940511955709933 7.887965649504416e-05 2.0499368147225468e-05 0.02418312928512131 0.0001612604979814918 4.300226282842001e-05 4.3850799174188884e-05 1.655322455285838e-05 0.00023456239238605137 9.33514596457801e-05 0.00016162146325257096 0.0003161103793673078 0.0007053530907212859 0.007151770538142973 0.029832122699031193 0.0017678270645247074 0.010884863328693541 0.0004991236647492555 0.001211538203616083 0.0001648253831687548 0.007132073818341379 0.0002984653961225016 0.0004056939252895965 0.00020453754387362162 0.00013616092694428524 9.98345324761385e-05 0.00030514007958010246 0.0026984993173112324 0.0005280278718288849 5.313318765599139e-05 0.01881686705319913 0.00638619269673085 0.030340163033421498 0.02047323574049961 0.0017379699916806905 0.0004367346203379044 0.013634358561304776 3.7608199307777994e-05 0.00490821758156297 0.0005467975150821606 6.370196220737649e-06 0.00016274880016395118 0.00047640514516278083 3.909601453657907e-05 0.0 2.748629037081639e-05 7.880998454004385e-05 5.902184361840438e-06 7.89454854353965e-06 0.0006930646148975602 0.0001334925948474214 0.00017056573140829143 0.008520503983093678 0.0001752093290097784 6.498223370671228e-05 0.0010431916714297043 0.06351985134805745 2.627008951720138e-05 0.0005648786874690111 0.0003072142503657369 0.00031949196650008535 0.0001102986130647666 0.0016604398051084208 0.000510011319319941 0.00010987658906640423 0.0006559594269073141 0.0021178053827531212 0.00010851479067962275 0.0005200988644687547 0.002081181473021878 0.0010257100093279505 0.0005832098039879294 9.625225010437487e-05 0.0 0.0 9.193450986479339e-06 0.0 0.0 0.0 1.5165853314202641e-05 0.0 0.0 1.6402445016704635e-05 0.0 6.741450656181661e-05 0.0 0.0 3.9164851637181864e-05 6.968077063328094e-06 0.0 0.0 9.303413658966478e-05 7.61124953546767e-05 0.0 2.687065692661201e-05 0.00011702798458580426 0.001381654069302959 0.00019243000703671398 0.0012789925979640518 0.0007550831122716374 0.0003284100245227934 8.946017860210322e-06 0.0 0.0 0.0 0.0 4.0569072438804145e-05 2.37081898130233e-05 0.0 5.1191213245570146e-05 0.0 3.107485159928703e-05 2.162160144066153e-05 3.1648667696757366e-05 0.0 0.0 0.0 0.0 0.0 0.0 9.102303462447417e-05 0.0 0.0 0.000344891540720182 0.0 3.0390555541733366e-05 0.0 0.0 0.0 0.0 0.0 0.0 0.0 0.001886204405213908 6.551301963681573e-05 8.073425359463058e-06 0.0 2.9829722369691806e-05 0.0001465367760398621 6.739243097138652e-05 1.8117564522209926e-05 2.5361493585007007e-05 1.5353795950934523e-05 0.0001150187724517901 6.804776321862539e-06 3.64013719094215e-05 6.8491760799485055e-06 0.0 0.0 0.0 1.3935043313956157e-05 1.3911219092803967e-05 0.0 0.0 0.0015588615039304025 0.0002773639116559382 0.0009521515155790319
0.05359687976777716 0.1268491395088757 0.0 0.008369594040535493 0.054800544230320464 0.0018625022537336242 0.006304720734114389 0.15121389799225884 0.06245570049805942 0.010557589988766963 0.2214067794071701 0.006599418694340032 0.017604237473152404 0.06873881401385168 0.0013541703914089905 0.0006968240608888598 0.00013344024974513643 0.0 0.0 1.273690967589526e-05 0.0003737612122088293 9.667715663216523e-05 3.108690195745628e-05 4.3749510128852704e-05 0.0003631186048525525 3.0363849864920924e-05 0.0 1.9594942191948023e-05 1.6621300352152016e-05 2.482387204963685e-05 0.1325215389135607 0.057045162340312885 0.0099066924918461 2.6204693842121644e-05 3.836559800817792e-05 0.0002780927094795106 0.003351741024712566 0.0002982970266605426 0.0002984053000279738 0.0001474929667259752 0.0005439259966052146 0.0007314347152137626 7.284551735572622e-05 2.0826271358884185e-05 0.0 5.3202826861076465e-05 0.004976006424488323 4.40346282068088e-05 2.6141542878447826e-05 7.1429222573045e-05 5.30548885142937e-05 0.0002556142408662719 3.1328058911437546e-05 0.00025792593604971137 6.552471833605869e-05 0.00018311359837243195 0.003109458729417221 0.0184412697492035 0.0008345913867469662 0.003949639525413065 0.0011611197750884855 0.0012401521702088774 3.497096406079259e-05 0.01258467743886449 0.00013224789619867947 0.000163843171064305 4.895739682376835e-05 5.9825275277583115e-05 0.00018877083699091258 0.0008741720334560023 0.0018213158357279953 8.428898254997162e-05 0.0 0.008665141081507136 0.00434277878786266 0.0077011331924865065 0.004910855599586619 0.00032540090861903325 0.004681151346275711 0.04620679072906378 0.0002509652599303514 0.01126169379370383 0.00015665649556445503 0.0 9.831287584718219e-05 0.00019395389227056043 6.0657589677614225e-05 2.0468573026074637e-05 3.51585120878896e-05 1.3900733214193866e-05 1.5074849889797932e-05 5.778715839047843e-05 0.0015701215508081782 0.0003260601869626207 0.0002331839301981178 0.0005423536259271307 3.7898912789291237e-05 9.550332718942465e-06 0.00011255555898000968 0.01159226744030543 0.0 9.707018943913615e-05 2.4904023440641027e-05 3.669498187934299e-05 0.0 9.614441805547405e-05 0.00011455256559641996 3.906622392512459e-05 3.4114168830652237e-05 6.060299556885248e-05 0.0 4.714027797558413e-05 0.00013833227048672456 8.653498140337147e-05 8.65529578855537e-06 0.0 0.0 0.0 9.09586805040769e-06 1.4858247855898163e-05 0.0 0.0 2.699057584178438e-05 0.0 8.137500300254692e-06 7.458808182711503e-05 0.0 0.0 0.0 0.0 1.5845472039594544e-05 0.0 2.479323638299153e-05 0.0 0.0 1.408976840957464e-05 0.0 0.0 0.0 8.219501202457671e-05 0.0 0.00010439730006542605 7.70449074547654e-05 0.0 0.0 0.0 8.391597765840034e-06 0.0 0.0 0.0 0.0 0.0 1.0065795983768547e-05 0.0 0.0 2.6011552559002923e-05 0.0 4.467473925981928e-05 0.0 0.0 0.0 0.0 0.0 2.233638713245142e-05 1.0585618745513072e-05 0.0 2.5350858452684666e-05 0.0 0.0 0.0 0.0 0.0 0.0 0.0 0.0 0.0 0.00016446172810955244 1.0081162673522194e-05 1.329214583372811e-05 0.0 1.5127978305630195e-05 0.0 0.0 0.0 1.0968300968605826e-05 0.0 0.0 0.0 0.0 0.0 0.0 0.0 0.0 0.0 1.5727529930783473e-05 6.896755801119191e-06 0.0 0.0001947149858056639 0.0 0.00011613933979461804
0.0463663416105993 0.14731759576808026 0.008369594040535493 0.0 0.01373707201642313 0.018339458313190084 0.03896338465771697 0.0001311636157619751 0.0006238306857189293 0.16765385358614263 0.0012161497830749932 0.11194218685088142 0.09571159722396175 0.005080618168314544 0.0003194802554525137 6.000067523364891e-05 0.0 0.0 0.0 0.0 0.0 9.596849410076385e-06 0.0 0.0 1.42041837283294e-05 0.0 0.0 1.1271584511861844e-05 0.0 0.0 0.004690157800614814 0.0002484329414529236 9.850445265074178e-05 0.0 0.0 8.39997583842775e-06 0.00015939748737498315 0.0 2.975436320399478e-05 0.0 0.0 0.0 0.0 0.0 0.0 9.82507336882756e-06 0.001943172146228367 0.0 0.0 0.0 0.0 0.00013871597064161006 0.0 0.0 7.1406964978987405e-06 0.00010525474546191716 0.0005994066026227192 0.0033938428007025665 0.00015974301884582652 0.0015346005240023982 3.5950006134509045e-05 0.0 0.00013373460759427062 0.0003584647420317207 5.4979295011147804e-05 3.60691369041794e-05 1.1397929389918055e-05 6.2645508997861745e-06 1.004583678950255e-05 0.0 0.0003810343337944642 0.0003147279485339037 2.8775499912602686e-05 0.0018560887696412681 0.00040018095219543327 0.002251809224716441 0.0006989061431950101 0.0 0.0 8.546837088816708e-05 0.0 9.448379548275237e-06 8.816026681751243e-05 7.660376985421173e-06 3.924060702316532e-05 2.008901815144862e-05 0.0 0.0 6.1729488498809594e-06 2.263490636836087e-05 7.492814996783003e-06 0.0 0.0 0.0 3.467365442421286e-05 0.0066776949561952745 0.00019982961684839495 2.0631435133429058e-05 0.00013529379240482774 0.005571303937118555 5.2534805363878555e-05 0.0004986054359956822 0.00021123835800542428 0.00013612776416532522 2.172050188971813e-05 0.0004415840001529219 0.0001125940331509665 4.4933860884537964e-05 0.0003821000938856392 0.0008814854981052997 0.0 0.0002763284865764487 0.0006507756801212585 0.00029354604799259465 6.108671020679778e-05 0.0 0.0 0.0 0.0 0.0 0.0 0.0 0.0 0.0 0.0 0.0 0.0 0.0 0.0 0.0 0.0 0.0 0.0 0.0 0.0 8.191248280057886e-06 0.0 0.0 0.0 5.464249917754091e-05 1.7424735232633894e-05 7.43311114960111e-05 3.5031699583994e-05 0.0 0.0 0.0 0.0 0.0 0.0 0.0 0.0 0.0 0.0 0.0 0.0 0.0 1.3490835811508421e-05 0.0 0.0 0.0 0.0 0.0 0.0 0.0001436555394282213 0.0 4.222890471848837e-05 6.117450091820251e-05 0.0 0.0 0.0 0.0 0.0 0.0 0.0 0.0 0.0 0.0003601451573647127 1.749510137846128e-05 0.0 0.0 0.0 0.0 2.8901286968331527e-05 0.0 0.0 0.0 9.25739278007445e-06 0.0 0.0 0.0 0.0 0.0 0.0 0.0 0.0 0.0 0.0 0.00036648280070655185 2.818438917544839e-05 0.0001011642359459514
0.01526985536896272 0.12387113998951312 0.054800544230320464 0.01373707201642313 0.0 0.0007146802848453703 0.1288882936196208 0.022036531985621013 0.45986248429911 0.0454905934751224 0.13526650577995267 0.0061161049121363775 0.06456261654096343 0.10887100601519924 0.0013475796615538683 0.0012701309277790718 0.00020164511377044733 8.36896542685028e-06 0.0 3.164674135747862e-05 1.7836063430798107e-05 0.0 0.0 0.0 8.358587784025735e-05 0.0 0.0 0.0 4.4488005148649395e-05 7.446511448540289e-06 0.005409889725530631 0.0008096297084226946 0.0011959173976059203 1.968823972107349e-05 1.1717660907015626e-05 8.714340664491238e-06 0.0009591740729317445 3.624278876640697e-05 0.00011552964804405853 4.539987016664875e-05 3.245686795835354e-05 0.00011151235713785224 2.466918185146907e-05 4.7684344801656986e-05 2.3526828298609922e-05 1.2323832847008957e-05 0.003943890429724847 1.3162147461025348e-05 0.0 8.209931838279769e-06 0.0 4.364512057924264e-05 4.203978415857434e-05 7.34226884404187e-05 2.6755550101449494e-05 4.0550373847834264e-05 0.0007374458338470619 0.003027093508566592 0.0001980945558657909 0.0011768833465694703 0.00012232842952077441 0.00043066564280510894 3.862334198891967e-05 0.0009531263012375307 2.4043973083675984e-05 3.700786866414828e-05 5.291199258069541e-06 6.660395367515928e-06 2.5748987361225747e-05 7.312837837394773e-05 0.0006038044947901887 9.186936223005555e-05 8.769611783796598e-06 0.0027101860558556234 0.0013837988021970285 0.005188723350434996 0.004854168089396366 0.0005030543911867864 0.00011390480555909954 0.000997095993878725 1.4580014239639747e-05 0.0007982914316612386 3.292596969148036e-05 0.0 1.3451537523831203e-05 5.260705167697298e-05 0.0 0.0 6.120582809125558e-06 0.0 5.9196797960868906e-06 0.0 0.0002304332782363516 3.813617679842574e-05 8.777750943067973e-06 0.0011278774385310394 7.80181066214667e-05 0.0 0.0005613632922356818 0.0004253347624611722 2.7388595226018643e-05 0.0001705301929182645 0.00016831132924876257 7.949595406457964e-05 5.56220459220829e-05 0.0007569615046006474 0.00015647470561672388 3.3432375188755824e-05 0.00030728166955607347 0.0007181655598205569 2.1641010865858016e-05 5.14728635906942e-05 0.0009629664669484607 0.0005742613776667368 0.00017314312933876814 0.0 0.0 0.0 0.0 0.0 0.0 0.0 1.0995446890180962e-05 0.0 0.0 0.0 0.0 1.4414208398097659e-05 0.0 0.0 0.0 0.0 0.0 0.0 1.810847991046646e-05 0.00010629041482356158 0.0 0.0 0.0 0.0007957609622118144 0.0001241370548663416 0.0007592801798111116 0.0002134449270346019 7.107922637604728e-05 0.0 0.0 0.0 0.0 0.0 0.0 0.0 0.0 3.1262530089161286e-05 0.0 0.0 0.0 1.716845694482162e-05 9.12909364477894e-06 0.0 0.0 0.0 0.0 1.6724490503225653e-05 6.7416599335091e-05 3.0655958707578376e-05 4.2625984019089105e-05 0.00020820959107873194 0.0 4.06478633661148e-05 0.0 0.0 0.0 0.0 0.0 0.0 0.0 0.001169670753269868 4.295130288648596e-05 0.0 0.0 0.0 3.176100312745031e-05 0.0 4.943092247987645e-05 1.392261391578389e-05 0.0 1.4518397153145232e-05 0.0 0.0 0.0 0.0 0.0 0.0 7.0949233909066945e-06 6.178408421822291e-06 0.0 0.0 0.0007072560605194996 0.0001896416384471131 0.000558466134870147
0.009121773901272934 0.02018371702636265 0.0018625022537336242 0.018339458313190084 0.0007146802848453703 0.0 0.00609652691185142 0.00017318104622428144 0.0001755722050505043 0.017373595035166178 0.0006555395767516885 0.004402363675540828 0.0032283914753826696 0.0015725713888924309 0.00020435083821729614 1.733657353448402e-05 2.1573713011273103e-05 0.0 0.0 8.239705806334683e-06 0.0 0.00045984894144140027 2.126465098706471e-05 0.0 1.747339462724091e-05 0.0 0.0 0.0 0.0 7.097047840328649e-06 0.025473543587840004 4.474938222245113e-05 0.0021939104664261528 0.0005426845520095295 0.0001455016811439446 9.130033943166006e-05 0.005320286111426654 0.00013563600861785436 0.0005949157291507159 2.6466735041254436e-05 0.0 9.751388206996507e-06 0.0 0.0 0.0 0.0002327056278863344 0.002860318975534668 5.3840631997921335e-05 0.0 1.5185021678547354e-05 6.36876000273192e-05 0.004441823047702954 9.625882263655164e-05 0.0 7.671411398267924e-05 9.41406483131178e-05 0.0011807217220041154 0.008340189998880115 0.0003095830431473631 0.0029525021759077234 0.00022848067943128514 0.00023116891059142298 0.0015995939463686896 0.0002962619442409973 7.366908645461152e-05 7.1924982200321e-05 4.3973210304225214e-05 1.3566466103553213e-05 4.651019483925379e-06 3.651711708948993e-05 0.0157407922543296 0.012679546721788488 0.0008343368259506123 0.0027931839916472503 2.604067689759092e-05 0.0015773142853107958 4.339453218654633e-05 0.0 7.716536647509786e-06 0.0002702760949966459 0.0 0.00025008440693458106 0.00013754604863958035 0.0 5.6454742046536303e-05 0.00014407587385308589 2.2983138901888516e-05 0.0 4.0940131663277765e-05 0.00019469648317730178 5.5871937976416746e-05 0.00024437047284392254 1.899941988014116e-05 7.870775487419029e-05 0.00013111565324261441 0.018407417340781718 0.019780346030551198 0.0009261361103414716 0.006919016127915628 0.022000403452718847 8.46680445652169e-06 0.0003025187629394757 0.00017263595448692562 0.0001275881630897558 0.0 0.00015419297606887616 0.00021661814685807767 9.55832155073389e-05 0.00010017017991517537 0.0006853080514109793 8.240989495636656e-06 9.062837452253285e-05 0.0005308221203704871 9.058220895344132e-05 7.044132137880501e-05 7.83976920984725e-06 0.0 0.0 0.0 0.0 0.0 0.0 0.0 0.0 0.0 0.0 0.0 0.0 0.0 0.0 0.0 8.446512931148241e-06 0.0 0.0 1.6653695924080425e-05 1.312162722568971e-05 0.0 0.0 0.0 3.543905269408134e-05 0.0 2.97351744380635e-05 9.211059703219606e-06 7.140942498081995e-05 0.0 0.0 0.0 0.0 0.0 0.0 0.0 8.163922502390662e-06 0.0 0.0 0.0 9.170386455984732e-06 9.937955347286875e-06 9.264778154410665e-06 0.0 0.0 0.0 0.0 0.0 1.7163449965971697e-05 0.0 0.0 1.7165661927462335e-05 0.0 0.0 0.0 0.0 0.0 0.0 0.0 0.0 0.0 0.0003070446739888675 0.0 1.9310730910826316e-05 0.0 9.364367962339594e-06 0.0 3.51353890370546e-05 0.0 0.0 0.0 0.0 0.0 0.0 0.0 0.0 0.0 0.0 8.220649650716077e-06 0.0 0.0 0.0 0.0002512615634465832 0.0 1.763826199580104e-05
0.02595804873733447 0.19393407050728728 0.006304720734114389 0.03896338465771697 0.1288882936196208 0.00609652691185142 0.0 0.003951175086797033 0.06776296133680619 0.19607467713269158 0.012492256482696681 0.05032429683665488 0.2058125886921062 0.14419564493836198 0.001004001908918444 0.0008456385768926284 8.017863249107226e-05 0.0 0.0 1.0563287598367068e-05 0.0 1.320356536616981e-05 6.97002487796111e-06 0.0 8.419943085951603e-05 0.0 0.0 0.0 9.053114915110994e-06 0.0 0.002414125385077526 0.0001685643443564923 0.0017239797384521886 3.2384605001859544e-05 3.770234350274587e-05 2.2314780778512295e-05 0.0012863747150259062 7.047976494738197e-05 0.00026746837818660826 2.9945029452532964e-05 5.7049647478791525e-05 7.935851233408411e-05 1.5901167834030754e-05 0.00011233979448492679 0.0 3.3809115718203704e-05 0.0040120751106753234 1.8143730630746136e-05 1.7744144619417294e-05 1.566108035269254e-05 0.0 4.568557237424121e-05 2.747715958706123e-05 3.902670712571759e-05 3.2494827257691526e-05 3.883718551356242e-05 0.0007424189492845915 0.0026471330353669362 0.00018900953770124835 0.001241689471633425 5.571872045066859e-05 0.0003781955045649162 4.93457984705892e-05 0.0008888326860403044 1.1607881043481773e-05 3.2747962090521356e-05 4.167839635989983e-05 1.3627235987321462e-05 0.0 4.201658325958007e-05 0.0012768424183832539 0.00011528886851942871 0.0 0.0022277159742848385 0.0008894180762799625 0.004540974727265346 0.0034215869784021144 0.000320276906805463 0.0 0.0006515847640936833 6.695118867848072e-06 0.0006475185625312249 4.458769213255643e-05 5.4665527199933244e-05 5.000963066305132e-06 5.796112540353002e-05 1.2448058107597923e-05 0.0 0.0 7.128355148679014e-06 0.0 0.0 0.00013145559467873916 9.930252137707341e-06 2.7899740333983274e-05 0.006918432152901817 0.00011812449094169917 1.581451531640277e-05 0.0006803966663424388 0.0006232831119675028 8.03575640691491e-05 0.0008218497385341498 0.0005838025226922352 0.0004290904524130084 0.000144897270183002 0.002179944258614953 0.0005355015549694255 0.00024490623246607675 0.0011295713173005118 0.0031144353254727946 0.00023465962527384823 0.0004910648726961975 0.003434564203198103 0.0014460431011098936 0.000748398096484209 8.28986246264196e-05 1.86591965799915e-05 0.0 4.736957623893307e-05 0.0 0.0 0.0 0.0 0.0 1.0518797106909277e-05 0.0 0.0 3.098889327248608e-05 8.817459410011907e-06 0.0 0.0 5.660879764798517e-05 0.0 0.0 7.546951787875395e-05 0.00026620914985004573 0.0 0.0 1.3813901377357657e-05 0.0019500134811195845 0.00030868467968459836 0.0016600540030532352 0.000709127085191341 0.00018934963805499475 0.0 0.0 0.0 0.0 4.104712885778104e-05 0.0 0.0 1.2694593027174263e-05 7.287666198826797e-05 0.0 0.0 0.0 4.898044256332796e-05 1.7326127922163188e-05 0.0 0.0 0.0 5.887386768975163e-05 1.7649877478046173e-05 0.0002941443239817038 1.9172150449670197e-05 0.00013135527363499706 0.0004083354325214317 0.0 0.0 0.0 0.0 0.0 0.0 0.0 0.0 0.0 0.002773343921708315 5.42724562742085e-05 0.0 7.780935866151022e-06 1.017119702256511e-05 4.829246563005105e-05 0.0 0.00010589706471823125 8.669153190410354e-05 2.433651035965128e-05 8.595004375680437e-05 0.0 0.0 1.0098107801815269e-05 0.0 0.0 0.0 0.0 0.0 0.0 0.0 0.0025193661651165553 0.0004382437697205291 0.0013272834577744868
0.008076565291413634 0.04101640552444449 0.15121389799225884 0.0001311636157619751 0.022036531985621013 0.00017318104622428144 0.003951175086797033 0.0 0.02458406359865054 0.0015900979758246827 0.0758335191045608 0.016470057185648528 0.038368380959609406 0.14346491706456962 0.0011801321735989845 0.000977925796612526 9.869231045982425e-05 0.0 0.0 2.701533209331223e-05 0.0004674429697828956 0.0002247957760053363 8.276923454312676e-05 1.7372596293749982e-05 0.0008930300488658993 3.2902281838827834e-05 5.8442133609952434e-05 6.180859618759585e-05 1.3440398794451046e-05 0.0 0.08672576030141742 0.13188584006174628 0.020173162779888433 5.0262070231286404e-05 0.0002615247104197928 0.000491567915152993 0.005797007454873869 0.0006495323768336608 0.0004860632293980456 0.00029635511667618417 0.0008618801725795582 0.0012399980378330368 4.981531521493744e-05 0.003264353732133027 1.748312457338042e-05 8.55025220703077e-05 0.003215290301821279 2.1105626525519767e-05 2.5783185252261932e-05 5.6160213468335576e-05 3.531477481887439e-05 0.0005091852290144635 0.00010671354533955318 0.0006504559765221215 2.7169439235611357e-05 9.405750433149498e-05 0.001532216678608075 0.007882567144343626 0.00023616337575240747 0.001480579889343106 0.00724807165004717 0.005255964216946031 7.123121819595002e-05 0.029798535085485852 1.7139045910254002e-05 6.309471488901768e-05 1.2618022114612094e-05 1.8927743200818958e-05 0.0002924782633123951 0.0011484683732938357 0.00351480840316709 7.870537379428468e-05 1.6232567447991434e-05 0.004112379484710544 0.003050577662114948 0.005947998387435642 0.024455082015251713 0.01984994167502766 0.025797443368658118 0.0501940117250218 0.009076024163224528 0.10390728930458883 4.8372426427286e-05 0.0 1.8735467374477633e-05 2.864099439992083e-05 6.300656876049966e-05 0.0 0.0 8.016037307109739e-06 0.0 2.7881123886243504e-05 0.0026739923232409935 0.0005230700994582199 0.0006854282312517062 0.0003968395175325493 9.013191050363652e-05 7.132290829480778e-05 0.0002446976165795492 0.000788005838647738 0.0 0.0 2.4095257303459625e-05 0.0 0.0 4.923364665417534e-05 0.0 7.9467368757384e-06 1.703320945864945e-05 4.802515223144301e-05 0.0 1.589860152919453e-05 6.933742374285153e-05 7.214498002461602e-05 7.342698512192586e-06 0.0 0.0 0.0 0.0 1.2897142126118338e-05 0.0 0.0 4.487211977787249e-05 0.0 0.0 8.413482816189304e-05 0.0 0.0 0.0 0.0 6.534066220156728e-05 1.0101121867788188e-05 6.575190235077895e-05 7.250913384892151e-06 0.0 0.0 0.0 0.0 0.0 0.00012060128166933797 1.6832202290142534e-05 6.674009077788242e-05 1.9086666191314932e-05 1.9338494248836946e-05 1.3039486143111678e-05 2.1284794869377507e-05 7.79959794901863e-06 0.0 0.0 0.0 0.0 0.0 7.90778434126505e-06 0.0 0.0 0.0 2.351771093695119e-05 0.00017972568782158722 0.0 0.0 0.0 0.0 0.0 0.0 0.0 0.0 1.9494398878289156e-05 0.0 0.0 0.0 0.0 0.0 0.0 0.0 0.0 0.0 0.00010940672925327143 4.505543501264131e-05 0.0 1.579028360040316e-05 2.4618231036560597e-05 0.0 0.0 1.9430788878917633e-05 0.0 0.0 0.0 0.0 0.0 0.0 6.861889489681098e-06 0.0 7.77529858565304e-06 6.23256711777605e-06 0.0 1.4437255211424985e-05 0.0 0.00011683487175753 4.561109906690815e-05 0.00010143095394036214
0.0032184171182361144 0.11870937228418238 0.06245570049805942 0.0006238306857189293 0.45986248429911 0.0001755722050505043 0.06776296133680619 0.02458406359865054 0.0 0.01118055601444413 0.13689598954908067 0.01773556516115795 0.07481801540070154 0.20640661510536096 0.00038153073875613633 0.0005839284316205997 0.0 0.0 9.514372238203905e-06 0.0 9.975857200052163e-06 1.9353782553547474e-05 0.0 0.0 3.679986750963687e-05 0.0 0.0 2.1242215684450454e-05 0.0 0.0 0.001693891525833194 0.0006837564559906242 0.0007614596184883455 2.0430118719820537e-05 0.0 9.221927306252e-06 0.0013881596644111159 4.0248933963743005e-05 0.00011624568950718985 9.544282037874628e-06 1.894947142739361e-05 7.142405882410886e-05 0.0 0.0 4.0003335369613194e-05 0.0 0.0015197318761693078 0.0 0.0 0.0 0.0 2.515169977529723e-05 3.5731632920765196e-05 0.0 1.2801233193912661e-05 8.89150374714326e-06 0.0002643608310702825 0.0005955434575144497 2.3417054877682357e-05 0.00019542574164722353 4.639379197646059e-05 0.00013770975258082247 0.0 0.00026946808908700603 2.687602308076223e-05 6.697109096305788e-06 0.0 0.0 0.0 2.419967477103025e-05 0.0010427256154386985 2.000095094485757e-05 0.0 0.0006132301217374903 0.0002581620967625199 0.0014525490194221332 0.001022401044326967 0.00023505598515008067 2.5766447898021495e-05 0.001613846401861481 0.0 0.00040459893401994607 8.4533764543755e-06 0.0 8.40438741308032e-06 0.0 0.0 0.0 0.0 0.0 0.0 0.0 7.225015664596032e-05 4.032299225985464e-05 3.8663442917963034e-05 0.001334909093542409 2.687850831613606e-05 0.0 0.0002721756625618582 0.00011941914878086579 0.0 0.00012791561768113558 0.00016029831030269664 0.0001073646544583733 1.3751816128139874e-05 0.00048383003200333085 0.00012441984340524242 0.00017527986803220766 0.00037286296041790683 0.0007898757847199106 2.857987393099399e-05 0.0001878335424690288 0.0007856565014633196 0.0003241760966852366 0.0002323789958010235 0.0 0.0 0.0 0.0 0.0 0.0 0.0 0.0 0.0 0.0 0.0 0.0 0.0 0.0 0.0 0.0 0.0 8.19980943004082e-06 0.0 0.0 5.650011302751949e-05 0.0 3.9717525248365485e-05 0.0 0.0005915746005116304 0.00014810287913579988 0.0005922318875529925 0.00013574557158031004 8.943899638641109e-05 0.0 0.0 0.0 0.0 0.0 1.3157419124897182e-05 0.0 0.0 7.759273407848852e-05 0.0 0.0 0.0 0.0 9.034896298309222e-06 0.0 0.0 0.0 0.0 0.0 1.190356123755566e-05 0.0 0.0 0.0001621126239327283 0.0 0.0 0.0 0.0 0.0 0.0 0.0 0.0 0.0 0.00094426930247899 0.0 0.0 0.0 0.0 4.029965552924457e-05 3.411299466565709e-05 0.0 9.377954345223585e-06 0.0 0.0 0.0 0.0 0.0 0.0 0.0 0.0 0.0 0.0 0.0 0.0 0.0006621276603062795 0.0001365504743012568 0.0004743499022175233
0.03559834827982651 0.22435171416270025 0.010557589988766963 0.16765385358614263 0.0454905934751224 0.017373595035166178 0.19607467713269158 0.0015900979758246827 0.01118055601444413 0.0 0.0036275374110672294 0.16251317337193763 0.33683680514947795 0.019378588910298165 0.0013040947208102307 0.00040174603521204283 0.00011402542134951819 0.0 0.0 1.4336237829320426e-05 0.0 3.884322062499841e-05 1.0081929343669917e-05 1.7172542630973017e-05 7.505871582676958e-05 0.0 1.223854777256463e-05 0.0 0.0 1.6117083730361337e-05 0.006487022909848315 0.00024469958103758173 0.006297174859422907 0.00012845128173796325 4.972117585192428e-05 0.00011986947246421186 0.007531210971142924 9.266612310731167e-05 0.0008125366961316504 5.887908297953805e-05 8.761125797553641e-06 3.555811420573416e-05 1.147544682872003e-05 6.387273529836308e-05 2.3451576509684287e-05 0.0 0.004924815676184173 3.409034353573234e-05 0.0 0.0 1.6655025248510235e-05 0.00047542884119673484 0.0001962067863233351 1.5240584325787043e-05 3.514439741129037e-05 5.956580897342827e-05 0.0008256264845339716 0.0038402392087005808 0.00020740033798789234 0.0017700349446242633 1.9662804311466597e-05 0.0012009813854681924 0.00014513064822677994 0.0012397301467473993 2.180042564196696e-05 7.57638155968962e-05 4.956535014439905e-05 7.746384705536961e-06 9.106683038822102e-06 3.63711936678223e-05 0.01364207752574108 0.0019059650861369163 4.304669211511811e-05 0.0026669250864137057 0.001315658958028097 0.00496719486972697 0.0031286344522920757 0.00013550891693435316 0.0 0.0004263825911684088 0.0 0.001025614480509515 0.0001570809484253863 0.0 3.0943109427816883e-05 7.196293452016885e-05 0.0 0.0 0.0 0.0 0.0 3.134245706271325e-05 0.00013797089611014646 7.302529559964546e-05 6.147366226720486e-05 0.053502621453850416 0.0021613370109169593 0.00025708936416069466 0.0026850493324555155 0.003275513972301796 0.00032298688713064595 0.004148810750850004 0.001802404284407418 0.0016247594714401876 0.0002783106607025429 0.006030032539392767 0.002363713398082444 0.001016571536859074 0.003283037667247379 0.011354460089674938 0.0004191460753979086 0.0020632318446963545 0.00912987136936528 0.0040065243570641465 0.0023249093297127133 1.2954444813938402e-05 0.0 0.0 5.182823775328701e-05 0.0 0.0 2.671288233068605e-05 1.0450111407554141e-05 0.0 0.0 0.0 0.0 6.854213661178274e-05 0.0 0.0 3.1553098612033145e-05 7.388522623151039e-05 1.3579146763370537e-05 0.0 0.0001950250491182655 0.0005002897453472887 0.0 0.0 0.0 0.004770670257287345 0.0008770923772246674 0.0046156854322916205 0.0016196775301817383 0.00024103015489946106 0.0 2.294569017909849e-05 0.0 7.952282349096844e-06 0.00014688292975909565 0.0 0.0 0.0 0.0001993394209485285 0.0 0.0 3.0266069355589923e-05 8.606012427529811e-05 9.245260278675076e-06 0.0 0.0 0.0 1.3780112054936607e-05 6.944698563153946e-05 0.0006437585452955016 0.00022906814633770234 0.00011974406283783447 0.0008976479839559085 0.0 0.0 9.040079375064232e-06 0.0 0.0 0.0 0.0 0.0 1.3849382957695814e-05 0.007357991238141675 0.00018807954479981907 0.0 1.8933426116444786e-05 0.0 0.00043354711833006607 0.0001947752783996833 0.00020221157563284512 0.00024839200191129567 0.00015724484725546852 9.718936423328277e-05 4.4167824259763565e-05 3.316748796829735e-05 7.460143466552126e-06 0.0 0.0 0.0 0.0 0.0 0.0 0.0 0.006350178280103138 0.0010569436754671942 0.0026002526467599862
0.018958883364876333 0.14166109853466516 0.2214067794071701 0.0012161497830749932 0.13526650577995267 0.0006555395767516885 0.012492256482696681 0.0758335191045608 0.13689598954908067 0.0036275374110672294 0.0 0.023468333010813712 0.07052601877158939 0.39439844448260913 0.001961848559062999 0.0011268441454173456 0.0002393168903276815 1.681765166385146e-05 2.5344168879827067e-05 9.112571473588371e-05 0.0004937869372032326 0.0005117929356493167 0.00020887524599188845 0.00017895878090808072 0.001617694515832408 0.00020303660451893738 0.0 0.0002378416408655524 2.1383004885794072e-05 3.0332900658103142e-05 0.0533399009748468 0.01666964304541442 0.049086190390977356 0.00023813678471265319 0.0006072348299034098 0.002146548855396122 0.01358098654945516 0.002139827589747556 0.0009266941399060125 0.0006147935892705743 0.0008455144874636557 0.000915454631520184 3.614711498933064e-05 0.0001990119046155051 1.3349195112367691e-05 0.00025419092740092873 0.004238052732873153 1.9952062837727495e-05 6.386107257033855e-05 5.212826133776363e-05 2.50483936573105e-05 0.0011393148992162282 0.0003750694993815885 0.0009884226910056076 5.5030070265035056e-05 3.221168222790972e-05 0.0013274505650224984 0.006093699468317826 0.0003615163485345715 0.001720800266079315 0.0007317311035576436 0.0010150469880367803 0.0001362437922831863 0.0026303773685550213 4.879031803060144e-05 4.182621337093092e-05 5.056764948991475e-05 4.562607973716864e-05 0.00011140525525099685 0.0005230343322556699 0.007124441572996294 9.876530733655076e-05 2.4633180030673528e-05 0.004591982564876713 0.0017379537906734234 0.006923151350729852 0.005221743411169943 0.0006637461230003664 0.0030578438659520867 0.06976250711159422 0.0005397985285414202 0.018079141710099764 8.009652952724811e-05 0.0 2.328816355949263e-05 7.206276753648496e-05 2.9365261997508325e-05 0.0 6.0641557788761825e-06 6.355575745856782e-05 1.2074737528318823e-05 1.8938307464472177e-05 0.0014709930560382644 0.00034514093186187734 0.0006278624112845136 0.0005918053730580505 0.00011967471247626442 0.00014982938165284022 0.00033290297251401994 0.0016301206953859512 0.0 1.6248307808909513e-05 7.182738047331437e-05 1.178911800084033e-05 0.0 0.00011615335890589075 4.404115510385776e-05 2.425254118754033e-05 5.658276522352934e-05 0.00015862848661443458 0.0 1.8335491048584783e-05 0.00018854338990310245 0.00015276345998433373 3.3039848126378176e-05 0.0 0.0 0.0 0.0 1.596003178010683e-05 7.129158326929013e-06 2.089142865753143e-05 3.193939137906389e-05 0.0 7.367400001567033e-06 9.066373315646778e-05 0.0 8.016343330908197e-06 7.712208826738906e-06 0.0 1.916958736613711e-05 9.87731753694743e-06 7.072224263565132e-05 0.0 7.90441432129497e-06 1.6245334009225864e-05 0.0 0.0 0.0 0.00019026679782159131 3.660937037951363e-05 0.00022983942939152688 0.00011110318399148982 8.518496493283076e-05 3.5155511980896966e-05 0.0 8.43993127194588e-06 9.21181456192248e-06 0.0 7.435344264315716e-06 9.03999776871797e-06 0.0 2.1305505701043232e-05 0.0 1.6217519667248816e-05 1.846429002275112e-05 9.764292747382168e-06 0.00021583785220871424 0.0 0.0 0.0 0.0 2.0946501129809723e-05 0.0 0.0 0.0 2.3913144151646518e-05 0.0 0.0 0.0 0.0 0.0 0.0 0.0 0.0 0.0 0.00034020323679992686 3.342948782737315e-05 3.12406649572031e-05 7.088475415784716e-06 2.7361102477471907e-05 0.0 0.0 0.0 8.470308697456012e-06 0.0 8.319040596992437e-06 0.0 0.0 0.0 0.0 0.0 0.0 6.614380125904397e-06 0.0 0.0 1.5346049790646437e-05 0.00026416872812054314 8.374395792309797e-05 0.00021319191890636232
0.005364555229026824 0.0327785091240845 0.006599418694340032 0.11194218685088142 0.0061161049121363775 0.004402363675540828 0.05032429683665488 0.016470057185648528 0.01773556516115795 0.16251317337193763 0.023468333010813712 0.0 0.10800647774299098 0.1002249018468564 0.0021902634879389753 0.0023581445278623983 0.00022561552732311478 1.5162838174462008e-05 8.445581974540285e-06 1.1040911288955262e-05 2.1614186000829332e-05 0.0013888622096878518 0.0 1.5360517736823545e-05 0.0005823013336865576 1.0480293944224199e-05 0.0 7.155137868324929e-05 7.012005437387656e-05 2.268233039321303e-05 0.0031332358202200267 0.0004921673653070972 0.009845384262823035 0.00019707299957009414 6.0187721811223536e-05 0.00033109960540894765 0.01851332789846504 0.000774171933514754 0.0010811287115629808 0.00031915154831109563 0.00022711922089198514 0.0007795160695211186 2.7039073097466593e-05 8.636587211545756e-05 9.401102629599874e-06 0.0002718863541053986 0.0038882446959501117 5.6230805642266734e-05 8.47960908282158e-05 1.469608799262863e-05 7.500705041944751e-06 0.002186359283027094 0.0011735264405244806 0.0016031364332983248 2.7245126974228845e-05 4.278133136309779e-05 0.0004209326149522524 0.001478787336689564 0.00015246408925062712 0.0006471410204341786 0.0004930241277873224 0.0007200745572138326 0.0016891373591489034 0.0006763052720418769 2.0642791300771276e-05 6.064693145928604e-05 5.657668125566238e-06 2.407694902705375e-05 1.4451827313070342e-05 7.721087704588386e-05 0.02732746494339178 0.0006445368787081356 0.0001244164900286719 0.0012159784140429258 0.0005528690965016623 0.0036720632520319293 0.0036135814786761662 0.0006609828676900582 4.251458759826198e-05 0.004064444166033581 2.4966714831733304e-05 0.0015695277787377453 6.463038526040806e-05 0.0 1.9977926680652236e-05 3.2025005026428674e-05 4.333480009927356e-05 0.0 0.0 1.258929399631052e-05 0.0 8.51608873024981e-05 0.0004459621661337194 0.00017377481185210835 0.0007804711681854668 0.04295267811072735 0.007380752409929282 0.0005922036737694259 0.0019158578353265642 0.0010107517840339786 0.00018389222223923256 0.0014045568522610937 0.0010255735790866414 0.0007594380403084544 0.0003022317679155557 0.004456344895945531 0.0016310141812588754 0.0009536022536086724 0.002211858545841749 0.007993320214023672 0.00035412792791935326 0.0018561484421344325 0.007320900225495906 0.0031435987024966906 0.001644941176146932 1.7062276887548615e-05 0.0 3.371562759530902e-05 0.0 1.7837524828656722e-05 8.311407719198166e-06 1.60560292981489e-05 2.2700713296475026e-05 1.0348849743294668e-05 1.3815155538047493e-05 4.774634844452851e-05 7.072303400245648e-06 1.567676273015407e-05 0.0 2.1893507343781924e-05 1.0801653293176038e-05 3.0493701131446878e-05 7.006800133640976e-05 0.0 0.0002900154176060568 0.0003571001921151724 0.0 2.2217259584084196e-05 7.518072160949393e-06 0.004508009773900128 0.0005115635976565623 0.004100287522337443 0.0014457999136611656 0.0005971709994514415 1.691597657341341e-05 0.0 8.145499332839402e-06 7.228894704150891e-06 0.0 1.8186244852726492e-05 6.900257894518081e-06 7.4377446720401386e-06 0.0002932146843498524 0.0 2.2349353414480636e-05 0.0 5.148093241818031e-05 1.71685406987033e-05 0.0 0.0 0.0 6.602298306341122e-05 4.311216241705396e-05 0.0002392772189057237 9.663657089699907e-05 6.536084849770477e-05 0.0007747047950378484 0.0 3.910701421304028e-05 0.0 0.0 0.0 0.0 0.0 1.926055911439427e-05 9.69829790991808e-06 0.007201800050152131 0.0001796554886466393 2.4681336365106578e-05 0.0 0.0 0.00022512750097091426 0.0001090364952192859 0.00014629583330253974 9.787935770232641e-05 9.317523235169075e-05 0.00013195198729208245 1.17555230303755e-05 5.973909682840082e-05 1.8133763381941848e-05 0.0 0.0 3.199572660217373e-05 0.0 1.4999908419741602e-05 2.4483061398547683e-05 1.4533279573659904e-05 0.005742869179834493 0.001000733236514041 0.002643481827845617
