0.0 0.12450935728269669 0.03868294221846709 0.1154365604849513 0.008008965378851754 0.0032453107981034743 0.02691905804909994 0.010844578004256785 0.0010815130445118943 0.1476342589004387 0.008571221400719026 0.001739950160123441 0.004388837286658762 0.014736564768498944 6.856708286635742e-05 3.242511920469282e-05 1.8168581763691735e-05 0.0 0.0 9.816886200670663e-06 0.0 0.0 0.0 0.0 0.0 7.827645762627362e-06 0.0 1.0119980398570191e-05 0.0 0.0 0.019489819445870398 7.848056949954958e-05 0.0004783329756429262 0.0 0.0 0.0 0.0003535728909999552 0.00014340155897794578 0.00025113458766471417 0.0 6.710782634710708e-05 0.0 0.0 1.2141154540524804e-05 0.0 0.0 0.001161186607273944 0.00010377038260701788 3.093909312483609e-05 9.990454098222757e-06 2.8508971375896093e-05 0.0 0.0 9.565397801764334e-06 0.0008755676488281769 0.00041189567183570487 0.02045953804709549 0.028325165913246107 0.003399547188086943 0.0020243114096686094 0.0 0.0 0.0 0.00011394984812321875 0.0003097831252593288 0.00014501635815202324 6.529769944393306e-05 4.9529748404879546e-05 1.7655815382352453e-05 4.234751854414903e-05 0.00024444315613909775 0.0005071723599610161 4.574730584289038e-05 0.01956243620995044 0.000678285765563345 0.0008211208289904396 6.944624350334939e-05 2.2076852369971913e-05 5.380472908236832e-05 0.007485244033623263 7.702422099875887e-06 8.288244584559807e-06 0.0006611748766473054 1.5498318617235216e-05 0.00024762860528917274 9.030004633257111e-05 4.952833422194771e-05 0.0 1.0438278460400902e-05 0.0 0.0 0.0 3.4546025383862836e-05 1.7035269256777568e-05 1.6951968711660937e-05 0.008276596896017653 0.003232936639457254 3.645739842228254e-05 0.0001432972448203416 0.09877392889605058 0.0 0.0001243761493485319 0.00021692295505801548 6.47574710833681e-05 0.0 0.00034891702977495325 2.5671302228762886e-05 0.0 0.0037266125999759776 0.00027682656044083646 0.0 0.0003942929686645991 0.0002917602462600348 0.0003183159780751419 0.00025947406074649685 0.0 0.0 0.0 0.0 0.0 0.0 0.0 0.0 0.0 0.0 0.0 9.533349230425154e-05 0.0 0.0 0.0 0.0 0.0 0.0 0.0 7.05794833447374e-05 0.0 0.0 0.0 0.0 0.00013663713353390618 2.3618495525606262e-05 2.3955981478580253e-05 4.440206293157021e-05 5.897826440655206e-05 0.0 0.0 0.0 0.0 0.0 0.0 0.0 0.0 0.0 0.0 0.0 3.280745655626375e-05 9.502123456428135e-05 0.0 0.0 0.0 0.0 0.0 2.9579934765259805e-05 1.4894906882983131e-05 0.0 0.0 4.2527943552023766e-05 0.0 0.0 0.0 0.0 0.0 0.0 0.0 0.0 0.0 0.00029847506560446406 0.0 0.0 0.0 1.906386087205448e-05 0.0001464233912153081 0.0 0.00039824114661887066 0.00010613296454423717 1.1954089720198882e-05 1.8067119029281597e-05 0.0 0.0 0.0 0.0 0.0 0.0 1.419309344960962e-05 0.0 0.0 0.0 9.086235872472028e-05 0.00012515451731110965 0.00018091132470326264
0.12450935728269669 0.0 0.1017591844161006 0.05765746191611334 0.13569116750169208 0.00310748974192111 0.24023655662693194 0.03929836547335848 0.025461010860977462 0.12444098134020852 0.07965730912511426 0.0026298446740451987 0.10512828736259706 0.126338314925953 0.0005210254653879488 4.653360273230128e-05 8.65090460074648e-05 2.4685180732118394e-05 0.0 8.13185859040529e-06 0.0 0.0 0.0 3.3146984829746505e-05 1.9876597532376196e-05 1.956815193770052e-05 0.0 6.078611631979226e-05 9.810199574851665e-06 9.5267823629829e-06 0.0930237770603312 0.001991900263206145 0.002480521676103619 0.0 0.0 2.507078733365872e-05 0.0010714089694790652 0.00044868512655900323 0.0004968249134082922 5.1354856983164415e-05 0.0001850011850619567 3.5331560682663205e-05 7.51839525750827e-06 6.680231182822145e-05 0.0 1.949834621923676e-05 0.01916065921123255 0.0004401467162278543 0.00010525045849821468 6.0058095086225996e-05 0.0001884937229177481 0.0 0.0 2.511164073090391e-05 0.002790469805907727 0.0016322357491829187 0.016537578886472327 0.05439473681349072 0.00886147529201956 0.014524759538147495 0.0001552692137535062 0.00012413946934540488 8.165128012454344e-05 0.005806289074390481 0.0011701915945639637 0.0006567666784004826 0.0001864653248443052 0.0001297268236616535 0.00015660382513938627 0.00026804725969828603 0.0029428356601797615 0.00014256410066718227 0.0 0.07140422849261142 0.00536368033415159 0.009092934407751533 0.002262216968598346 0.00014011256564536092 0.0005779155699154623 0.023632786226325152 0.00011072804944110541 0.0005040655880119572 0.0027589589350072545 0.0 0.0009053139631935566 0.00012999348168784886 0.00025975143554038415 0.0 8.270466684106467e-06 0.0 9.337108151561511e-05 1.9389758769729824e-05 0.0001930132021294939 0.00013135687980139272 8.818841548858888e-05 0.0005643774681469396 0.00012100264950257927 0.0 0.0007662904812044339 0.09343811566400965 0.0006591488981961416 0.0007965597127661893 0.0008417226606142304 0.0008131445465927965 0.00026700071052829206 0.0024252135231375388 0.0002464208434571916 0.0004447730459035495 0.003080110994767267 0.00281680571192953 0.00011468459580890197 0.0053908609489665095 0.004212235822085536 0.005380841251884964 0.004354660819275767 7.147704512881077e-05 0.0001169943030952485 0.0 0.0 0.0 0.0 0.0 0.0 0.0 0.0 0.0 0.0 0.0 0.0 1.050288859374553e-05 1.0822545640656485e-05 0.0 0.0 0.0 0.000999221935346483 9.370959107431792e-05 0.0 0.0 0.0 0.0024419041852197813 0.00024440110096584326 0.002274954338191207 0.0006768378707183311 0.0002379252058713677 0.0 0.0 0.0 0.0 5.741213087248705e-05 9.021475936350427e-05 0.0 0.00011872363082430187 0.00011579124635608502 0.0 0.0 0.0 0.0 0.0 2.9267837727895516e-05 1.4007699936384952e-05 0.0 6.702347494668933e-05 0.0002241610709967117 0.00011096361500659596 0.0 0.0 0.0010923670354602818 0.00016718185547681813 0.0 0.0 0.0 0.0 0.0 0.0 0.0 0.0 0.006192742006422832 1.516377352194902e-05 1.418750379375257e-05 1.147945946465128e-05 0.0 0.0018715290107485729 0.00033839516290215906 0.001169983424600536 0.00019427977342945403 1.4857769209468907e-05 5.343497823837349e-05 0.0 9.441614313844427e-05 0.0 0.0 0.0 0.0 1.0169375488671945e-05 1.206965166280145e-05 0.0 0.0 0.003349406951443496 0.004214505550755779 0.002073277637616967
0.03868294221846709 0.1017591844161006 0.0 0.00116995593956398 0.02316034269934668 9.431483481827712e-05 0.0065301413162374995 0.1325197245633076 0.03789071318939513 0.0010443874320775952 0.19445757518109202 0.0006965834984217348 0.020837411046038153 0.13936055885544693 0.0003841534021119058 0.00015798853451459214 1.1121059115581166e-05 2.6247196087230723e-05 0.0 3.3014601516549135e-05 8.104630817760026e-05 0.0 3.729309808757199e-05 2.3307373883189026e-05 1.0214798429580278e-05 5.436389240214903e-05 0.0 7.462421841169759e-06 0.0 0.0 0.2527078799423034 0.003836440893693085 0.0042533063802556075 0.0 1.31022860832464e-05 4.058147725671955e-05 0.0012357942292986947 0.0004003675446349202 0.00025016255000470845 0.0 0.0009304725528414178 0.00022140690432101296 9.181577863848011e-05 5.005282071420526e-05 0.0 0.0 0.003540639992116159 0.0001302134556070331 6.929196900169487e-05 0.00012039624450761572 0.00028020797733560365 3.496511402398688e-05 0.0 1.2863726558337427e-05 0.0006587675082912385 0.0003209374505130362 0.009739660080603639 0.04818170763463996 0.0029840895891063445 0.0030593287667825867 7.971791388644719e-05 0.00017502752997570532 1.5618005725860292e-05 0.003847180092673964 0.00021448692504283452 0.00018406650656557864 1.0901081702861967e-05 0.0001826290301403753 0.0003717459975900632 0.0009974373762279057 0.0005740003800139381 0.00020494889629226726 1.3146444364517077e-05 0.021877143175856338 0.0019619521021755257 0.0024218035151530627 0.0009338910130842566 0.0003811283173935416 0.008106008522597736 0.11177514463174092 0.00011435491161809043 0.006839702279227376 0.0007302137683904166 8.358948141495602e-06 0.00017936726751500504 3.805793838426863e-05 0.00011238998129207642 0.0 0.0 0.0 0.0 0.0 0.000831685270175776 0.00010378534471833318 8.356574494135908e-05 4.2995189872184196e-05 1.3350159372227181e-05 0.0 0.00039356705263517 0.049105487653396146 8.696479091199238e-05 4.2311612691044304e-05 2.9838626833151907e-05 5.9582313361571846e-05 0.0 0.00013050439789309945 0.0 4.8467422431228935e-05 6.44459958952179e-05 0.00017428034390832626 0.0 0.000411238370928042 0.0001824879653929249 0.0002915215435001945 0.00012955721603527602 2.1511641042553883e-05 8.867216945990915e-06 0.0 0.0 0.0 0.0 0.0 0.0 0.0 0.0 0.0 0.0 2.0617092082987468e-05 0.0 0.0 0.0 0.0 0.0 0.0 3.198472628997662e-05 0.0 0.0 0.0 0.0 0.00016948257739137442 0.0 0.00020449209144924774 4.521841400311049e-05 2.603935311867019e-05 0.0 0.0 2.3046789716789313e-05 0.0 0.0 2.648628802686008e-05 0.0 0.0 1.4103637994687388e-05 0.0 0.0 0.0 0.0 0.0 0.0 0.0 0.0 0.0 1.1497282082351476e-05 5.09022457794517e-05 2.8815570288017992e-05 0.0 0.00012788375621780682 0.0 0.0 2.6559968075539756e-05 0.0 0.0 0.0 0.0 0.0 3.1292352387931685e-05 0.0004090457809060402 0.0 2.666113805172439e-05 0.0 9.814495225377807e-06 1.9814382566566307e-05 0.00015356381045022793 0.00032434734949922297 0.0 0.0 7.105425194426747e-05 0.0 2.4696304147273914e-05 0.0 0.0 2.103854654495301e-05 0.0 1.0119301954090544e-05 1.0780890127795801e-05 0.0 0.0 0.00039650168763857635 0.00038093206248027974 0.0001200283249746211
0.1154365604849513 0.05765746191611334 0.00116995593956398 0.0 0.0016253292940770863 0.03136075859910506 0.03242269344427286 6.762047883920828e-05 0.0 0.11125622525505319 0.00026893970554983627 0.00017785923845357404 0.01124605676339289 0.0037250340210731453 9.126659285440422e-05 9.838919925352153e-06 0.0 0.0 0.0 0.0 0.0 0.0 0.0 0.0 0.0 0.0 0.0 0.0 7.683211850109179e-06 0.0 0.0018077112013397795 9.158964631595531e-05 5.164424185136756e-05 0.0 0.0 0.0 9.984580837201661e-05 6.610244848603506e-05 2.7509175484904315e-05 0.0 0.0 0.0 0.0 0.0 0.0 0.0 0.0020559257248364935 7.396090792528137e-05 0.0 2.3834516859392632e-05 4.9670934727344785e-05 0.0 0.0 0.0 0.000670554690188839 0.0002582054282609394 0.00449514576430079 0.0064771816732500185 0.0014047572223259987 0.0020560864421152298 0.0 0.0 0.0 7.130566907506163e-05 0.00022374387445509526 0.0001090531167493179 3.3602826854544606e-05 1.759551557238059e-05 1.8482668019834158e-05 2.1689076981959055e-05 0.00011058359806091264 0.00013845738470125122 0.0 0.01353641592342523 0.00039677318910157175 0.000819075180540315 0.00019480796446613087 0.0 7.931152214960243e-06 0.00011499804204944872 8.146569865914058e-06 8.506844845817228e-06 0.0004731669737774238 0.0 0.00013637304674940506 6.0463282950940544e-05 9.190605088186445e-06 0.0 0.0 0.0 2.9211231283031195e-05 0.0 9.20354863503042e-06 0.0 8.254866653316429e-06 0.0004125564564963807 0.0 0.0 0.00011933626828554608 0.04426982210987995 0.00019625885816151208 0.0012760082390858372 0.0003299221899734215 0.0007585647718995507 6.449136154215371e-05 0.000715536867169049 0.0048521233838552625 0.00011905979831720061 0.0020058956533229185 0.001330457227710047 0.0 0.0008360455434119875 0.0007750656246404406 0.00072339702726109 0.00040292803392741414 1.6661354119169242e-05 0.0 0.0 0.0 0.0 0.0 0.0 0.0 0.0 0.0 0.0 0.0 0.0 0.0 0.0 0.0 0.0 0.0 0.0 0.0002284445703097266 0.0 0.0 0.0 0.0 0.00012920199270685372 5.919332641565197e-05 0.0003567781792360807 0.0 2.679765980637692e-05 0.0 0.0 0.0 0.0 0.0 0.0 0.0 0.0 1.173906823610393e-05 0.0 0.0 0.0 0.0 0.0 0.0 0.0 0.0 0.0 2.744762708555537e-05 0.00014908661349150569 0.0 0.0 0.0001929864849719112 0.0 0.0 0.0 0.0 0.0 0.0 0.0 0.0 0.0 0.000500224565856586 0.0 0.0 0.0 0.0 0.00032758036172969254 2.2219963630172932e-05 0.00010061263718878438 0.0 0.0 0.0 0.0 1.3507114113865151e-05 0.0 0.0 0.0 0.0 0.0 0.0 0.0 0.0 0.00026549218328878274 0.00018846601848719957 0.0001207232337855972
0.008008965378851754 0.13569116750169208 0.02316034269934668 0.0016253292940770863 0.0 5.1522863871845734e-05 0.24449834448058544 0.01700473001688964 0.0834978802029434 0.1304418915895353 0.07752940026700895 0.0016601345690970134 0.11019577858518799 0.1344809116169718 0.0005796518812208022 9.150412737617041e-05 4.278378489542876e-05 1.5781456346311136e-05 0.0 1.2250648911694545e-05 0.0 0.0 0.0 2.27740256902771e-05 3.633187920647763e-05 4.464473853931092e-05 8.460278121579146e-06 2.2677850770307715e-05 1.2006045571390135e-05 0.0 0.005710987182506911 0.002086063894339954 0.00047363096272563354 1.2137770003903362e-05 0.0 0.0 0.001056765779472172 0.00022786591935350728 0.0002125986952757839 4.7778307997255645e-05 0.00015882909857789116 0.0 1.0316500820485293e-05 0.0 1.1661677354642164e-05 4.907096272756573e-05 0.007594871817301588 7.890409632642412e-05 3.7579979488658164e-05 0.0 5.366733114916019e-05 3.9465682731261366e-05 0.0 3.0425197633013685e-05 0.00031873293705638443 0.0001688267940752767 0.001316079595265852 0.004204677215542499 0.0011171747987427593 0.0034313572865408747 3.062976366582803e-05 6.644103769733383e-05 5.941902693726181e-05 0.0020696945452401707 0.00016658428283681563 0.00010617162330285147 4.287937988860298e-05 1.8310698065150202e-05 0.0001123362444367877 0.00016602678104223845 0.0024693480078458187 4.0264058866979345e-05 0.0 0.010039411208044994 0.001454011500612224 0.004183899090365219 0.0013662974966838974 0.00013030452507508403 9.209115792522643e-05 0.0011864663869491485 4.2932529830026696e-05 0.00025383668320256956 0.0004355369724585009 0.0 0.00012085867533925533 1.4899681846499017e-05 3.285953468117688e-05 0.0 3.1021998201800846e-05 0.0 8.220972377613256e-06 0.0 0.00015310776440299106 8.836357853418118e-06 0.0 0.00044520757596797864 0.0001022973943994477 0.0 0.0004528204301211082 0.0017093264514523201 0.00048539658252576544 0.0004855295765088652 0.0005130151985814019 0.0004237306522779529 0.0003158319413006328 0.002542427701634287 0.00039367027471376117 0.0005938272659419497 0.0026081289972884297 0.002666660648192004 3.791285746908499e-05 0.00571747521553908 0.0044046240077621835 0.0051583106576495955 0.003424409503615757 5.163641912799563e-05 7.699178632194137e-05 0.0 0.0 0.0 0.0 0.0 0.0 0.0 0.0 0.0 0.0 0.0 0.0 0.0 0.0 0.0 0.0 0.0 0.0008805107107633559 2.8393591795815864e-05 0.0 0.0 5.153675556406446e-05 0.002021467811992733 0.00043145411593859564 0.0017006981860058557 0.0006218115831359125 0.00010279559483633052 0.0 0.0 0.0 0.0 1.433556120068008e-05 6.176201573328819e-05 0.0 2.6141915617870205e-05 0.0001236264081097191 0.0 0.0 0.0 0.0 5.412807530214492e-05 0.0 0.0 0.0 7.63553760543372e-05 8.071132080079437e-05 3.6205426518144584e-05 8.347385239648317e-05 0.0 0.0013622498787519285 0.0 1.0323005083781953e-05 0.0 0.0 0.0 0.0 0.0 1.56950745034033e-05 9.991762077693302e-06 0.005302838444245656 0.0 0.0 8.535746860133075e-06 0.0 0.001977739821032517 0.00018032362828645262 0.0009512642629785512 5.47872655134875e-05 4.9369096804599114e-05 2.6439766019868856e-05 5.4351681100222325e-05 7.127758454791486e-05 0.0 0.0 0.0 0.0 0.0 7.993478973887272e-06 1.209318131913169e-05 0.0 0.0030365310842713094 0.0028451173132558205 0.001988500927970821
0.0032453107981034743 0.00310748974192111 9.431483481827712e-05 0.03136075859910506 5.1522863871845734e-05 0.0 0.0004248317012912601 0.0 1.649666049899719e-05 0.04005215471299466 1.6304894778095484e-05 0.0044163516290817995 0.0025088334632859676 0.00041186517397464185 2.5120721126843688e-05 7.765284487575416e-05 0.0 0.0 0.0 0.0 0.0 0.0 0.0 0.0 0.0 0.0 0.0 0.0 0.0 0.0 0.0004349031515989724 8.058044529726444e-05 0.00029772057944653564 0.0 0.0 0.0 0.00024177522877008248 5.516092073209848e-05 7.948963793090122e-05 0.0 0.0 0.0 0.0 0.0 0.0 0.0 7.126712839792728e-05 0.0 0.0 0.0 3.0336311624281893e-05 0.00021065599221628553 3.7291987143470406e-05 0.0 1.950258178096244e-05 0.00017091406310291296 0.005270825465738857 0.00043113785879985973 8.968303636303279e-05 1.4801036997347803e-05 0.0 0.0009132384476477864 0.0 5.100208821237028e-05 0.0 0.0 0.0 0.0 0.0 0.0 0.0022224856172099764 0.012853562611802007 0.0014853775009083141 0.0002147872963796247 0.0 6.060671841118127e-05 2.5375025314888e-05 5.108010583399502e-05 0.0 0.0 0.0 0.00011035809177984383 0.0 0.0004938883639477549 1.0145659277577474e-05 0.0 0.0 0.0005032058227820821 6.235808615327902e-05 0.00044990520519766546 0.0 0.0 0.0 0.0 0.0 0.011144883385902669 0.011370092976423067 0.0007242792468372496 0.0016490411473361099 0.011624131998180588 0.0 7.444781027026313e-05 0.0 6.580692338087294e-05 0.0 3.092149269595622e-05 5.2253845526895294e-05 0.0 0.001881325565274771 6.250383642975155e-05 0.0 0.00014466874234522224 0.0001703621600473836 6.292507429255262e-05 0.0 0.0 1.1835140446146945e-05 0.0 0.0 0.0 0.0 0.0 0.0 0.0 0.0 0.0 0.0 1.4862967589415968e-05 0.0 0.0 0.0 0.0 0.0 0.0 2.1245734126364304e-05 3.8850992468903714e-05 0.0 0.0 0.0 1.7422962896073528e-05 0.0 6.172190226673706e-05 4.622106550953825e-05 0.0 0.0 0.0 0.0 0.0 2.9787759567438804e-05 0.0 0.0 0.0 0.0 0.0 0.0 0.0 0.0 0.0 0.0 0.0 0.0 0.0 0.0 2.0530916358639365e-05 0.0 0.0 0.00016577610174601745 0.0 0.0 0.0 0.0 0.0 0.0 0.0 0.0 0.0 9.621477980529709e-05 9.48797547848836e-05 0.0 0.0 0.0 1.5732136716563453e-05 0.0 0.0 0.0 0.0 0.0 0.0 0.0 0.0 0.0 0.0 0.0 0.0 0.0 4.711861331947197e-05 0.0 0.000128718217774324 0.0003936875306800988 0.00012317677689128523
0.02691905804909994 0.24023655662693194 0.0065301413162374995 0.03242269344427286 0.24449834448058544 0.0004248317012912601 0.0 0.0013762639103709858 0.05342004332772095 0.20009124647994717 0.06165827373984456 0.006110628094937745 0.22537211852412853 0.05347412941073347 0.0004900703418288217 0.00018430061742313238 5.1093963289571624e-05 0.0 0.0 1.2372254669692543e-05 1.0154843780857577e-05 0.0 0.0 8.971478700571478e-06 1.8624426583317766e-05 5.485420513591056e-05 0.0 4.726454386234587e-05 2.5328724798010105e-05 0.0 0.004333449114275553 0.0004231307836868072 0.0010528630768618316 0.0 1.0545858374439602e-05 0.0 0.0017181673704649175 0.00026321512588100426 0.00026971795892446896 9.93700252499485e-05 0.0002348803016307484 3.4245930735037586e-05 0.0 2.3301119756991968e-05 1.120623708635879e-05 1.662602190449684e-05 0.007745477943103776 0.0001565310017054667 4.1189021842770934e-05 0.0 5.59630803661247e-05 0.0 0.0 0.0 0.0005083772997154965 0.00038704020852626435 0.0017565491434651432 0.005251150188046657 0.0015847812220011824 0.004198036420010586 5.8701994268403516e-05 0.00018908706628438767 1.358364069479003e-05 0.0012627146141916546 0.00022958707011474887 0.00021916184839172295 4.218228691960074e-05 7.591052818390294e-05 0.00014880542864844487 0.00012928033662463912 0.00226313938199236 0.0002687307264837228 0.0 0.014745660540184564 0.001376889598979949 0.0035712332308744958 0.001420407562813577 0.00027133148365701096 2.530478500068135e-05 0.00028292066736742904 2.529302506346511e-05 0.0002861930545311696 0.0006146625076201911 0.0 0.0002100487941888972 4.202782027352613e-05 7.365959682760025e-05 0.0 1.8752517040816926e-05 1.5951214893396653e-05 3.560442252815292e-05 1.0866279806789003e-05 0.00015368829697711323 4.250691876022446e-05 8.113580415752744e-06 0.0014791070445316732 0.00011931998841286237 0.0 0.0004442541609451677 0.003626184618465844 0.0005676837328174158 0.0015510318057230803 0.005611401518115895 0.0018661154863449953 0.00034059379114990035 0.004372802075308094 0.0007591212305246035 0.0007237434783233516 0.0084686362249839 0.006199642738419774 0.00014688430305796852 0.009524345106736963 0.007894374536943128 0.007657866463245766 0.004961105177294553 7.17729328628966e-05 7.674233605130192e-05 0.0 2.680961887508308e-05 0.0 0.0 0.0 0.0 0.0 0.0 0.0 0.0 6.07434316115469e-05 0.0 0.0 0.0 0.0 0.0 0.0 0.00133895686609205 0.00030791842165507356 0.0 8.843373290742903e-05 0.0 0.003090698987967557 0.0002494815154182766 0.0017070111978299497 0.0008050483905317642 0.00017373865594887556 0.0 0.0 0.0 0.0 5.9075109386517306e-05 3.313211634516676e-05 0.0 0.00015750563436320398 0.00014482158868980532 0.0 1.0067303481773373e-05 0.0 0.0 3.6832277076819234e-05 1.01191747894198e-05 7.872653252364121e-05 2.0709494683960324e-05 0.00014920246050655704 0.0003243123254143297 0.0002463712115054228 1.4667782396543715e-05 0.0 0.0016749138441666952 0.0001349660751723346 0.00011472997892351233 4.727251261547708e-05 0.0 2.279252605374997e-05 0.0 1.1461327319757997e-05 0.0 0.0 0.00839555798310854 0.00012677724331589928 1.1184578567326698e-05 0.0 0.0 0.0025826715119729245 0.000224958028058549 0.0009238432405587547 0.0003026472133831507 0.00047439963892366205 0.00027983936049304073 5.5012987695013784e-05 4.228442600236959e-05 0.0 0.0 0.0 0.0 1.1435151660086431e-05 0.0 0.0 0.0 0.004850891347545309 0.0037856460559457543 0.003135594042475458
0.010844578004256785 0.03929836547335848 0.1325197245633076 6.762047883920828e-05 0.01700473001688964 0.0 0.0013762639103709858 0.0 0.008017944314153239 0.0002083076024152872 0.06056803292143522 0.0013839756560168304 0.007054354834856446 0.05103674914291218 0.0024779084812473423 0.000905781718871107 6.674636915499015e-05 0.0002107129158741197 0.0 0.0005453460391568747 0.002692647703093062 0.00013803083596667905 0.00060042247084328 0.00025052741479077726 0.00035548456308496325 0.00035527834111660127 6.360084272446022e-05 0.00011891176815984541 1.0489992558976342e-05 0.0 0.10582012993361614 0.10817432436444344 0.012577092755249689 3.947938786871586e-05 0.00027987524259010806 0.0007234929939663787 0.006671300159954546 0.004917974561240263 0.0008520089179029942 0.00016334331442994065 0.00992570153904947 0.001602264752312002 0.001972580094254422 0.000475683694667143 5.3980241481451685e-05 0.00010897290798259715 0.015464538231468837 0.0003405905044322564 0.0002577000765580944 0.001413586088643154 0.0013303843868084527 0.0006510577260120129 0.0 6.920926096009908e-05 0.0006047752127169311 0.0003948293527393484 0.004103991010098152 0.017502170535866435 0.0018285142228442468 0.006054981528834526 0.0061508630498640915 0.006790729827895929 3.6583868578290135e-05 0.03030259774773444 0.0001643640372937542 0.00015331169042020972 0.0003549924958979696 0.0002899005929098464 0.004363260597041156 0.014301910142781269 0.003681648876545872 0.00019951192677590364 0.0 0.018412741693365972 0.006903573890471208 0.010706884988225012 0.010151211790171345 0.009220921374868619 0.06100705775530368 0.15847693599898635 0.009988932672852353 0.14970615179234764 0.0008041279439979051 0.0 0.00017178506493847458 8.20229300541157e-05 0.0008288388217754123 3.0174094221654512e-05 4.452791962284749e-05 1.381149742614672e-05 8.022719721348056e-05 4.910867893046116e-05 0.008398828892507013 0.0011341883962050715 0.0007039406907991538 0.0004999792777834392 0.00025664938335698934 0.0 0.00046959061483981413 0.012128439857248942 7.537081546909079e-05 1.58778506602729e-05 0.0 5.2278716700631226e-05 3.2381119529907084e-05 0.00032868298562853745 1.753413975365624e-05 8.88855559696659e-05 0.0003774604425141195 0.00041517072875882404 0.0 0.0008000892450605636 0.0008371442713207001 0.0006052706043517457 0.0007291610461442353 5.423730276724749e-05 2.3084921650339117e-05 0.0 0.0 0.0 0.0 0.0 0.0 0.0 0.0 2.3888207600020534e-05 0.0 0.000119400750555513 0.0 0.0 2.813066696102601e-05 0.0 4.0718395876937926e-05 3.114839918581721e-05 0.00037479919897609524 0.0 0.0 0.0 0.0 0.0005173835593509315 2.7493158326045944e-05 0.0004704517865668442 0.00017020521997859227 7.491884497968068e-05 8.997760423962938e-05 1.3741180952879026e-05 2.1192781919016524e-05 0.0 9.894589823377631e-05 0.0 2.6797464168421928e-05 0.0 5.5153215391499536e-05 0.0 9.728223079466167e-06 6.05495390265916e-05 7.495484795305592e-05 5.361209836222274e-05 0.0 0.0 0.0 3.360045544304725e-05 0.0 0.0 0.0 0.0 0.0006980782101280865 0.0 0.0 0.0 0.0 0.0 0.0 0.0 0.0 3.0282354676293813e-05 0.0014424997608849977 2.694212725683025e-05 1.0450843308060566e-05 5.4313953718015186e-05 0.00015018912489852662 0.0004014089708853213 0.0 0.0004537390816767302 3.818562498913211e-05 0.00014208456339249922 0.0 1.0293384798688474e-05 0.0 2.08260963025523e-05 0.0 1.6451852420233126e-05 0.0 1.4476198339457373e-05 7.965676235266411e-05 3.701530826173731e-05 9.661878755391885e-06 0.00099591600326053 0.0014706178091979263 0.0007609406537241748
0.0010815130445118943 0.025461010860977462 0.03789071318939513 0.0 0.0834978802029434 1.649666049899719e-05 0.05342004332772095 0.008017944314153239 0.0 0.012122884178115023 0.014122101244242775 0.002432139451206964 0.0832696722623299 0.040043645048866164 0.00035754761283247796 0.00017557011507492103 0.0 0.0 0.0 0.0 2.537851465755676e-05 0.0 0.0 0.0 1.964156508031302e-05 0.0 0.0 1.0829703194981435e-05 1.2995315441696117e-05 8.63944475817906e-06 0.0022461977457595515 0.0008502946626809593 0.0005881508565298796 1.0109436211502858e-05 9.60607093260814e-06 0.0 0.0004976681276671745 8.048312938879324e-05 8.891092811630802e-05 3.813246666322461e-05 0.00014628468041168058 9.89134740375635e-06 3.455524552119903e-05 3.77729791260903e-05 0.0 0.0 0.0031636490520470448 1.9279852161440624e-05 0.0 8.586614125846174e-06 6.458392973668132e-05 0.0 0.0 5.495634212255846e-05 0.0001000119706742651 4.861547110431917e-05 0.00039032055466123826 0.0011283759282810786 0.00035679322589094093 0.001564882692755344 1.0760870076636799e-05 0.00011746957406509876 8.873906785862026e-05 0.0006773544254889275 2.4037898583872266e-05 1.6241116106059587e-05 2.4181102772101892e-05 3.1580556441335025e-05 2.2479092389928854e-05 6.670322050530865e-05 0.0009637331495225796 0.000248698766562921 0.0 0.0035149258395855963 0.0004729945943804483 0.0017272428628790917 0.0008719505985933419 0.00012519715171245224 4.534458790735766e-05 0.0001059438266602952 0.0 0.00019951744795847649 0.00020589217237806053 0.0 5.8370665321356065e-05 1.3515161820885339e-05 2.6223850889543764e-05 0.0 0.0 0.0 0.0 0.0 0.00010883252237833344 1.3265365690289739e-05 2.3138253954285163e-05 0.0002244605815264999 0.00010688476487252629 0.0 0.00014109333434781534 0.0003858069131463282 4.85836607221902e-05 9.128889418385987e-05 0.000221707278452631 0.00012079930900181161 0.00015933399821731865 0.0009345765627152071 0.00017749223562413995 4.178615429737461e-05 0.0008817907216921172 0.0011981210499843974 1.082416314732011e-05 0.001907416643671328 0.0017764196007605609 0.002265723259103667 0.001499954193574304 4.045963952800348e-05 0.0 0.0 0.0 0.0 0.0 0.0 0.0 0.0 0.0 0.0 0.0 0.0 0.0 0.0 0.0 0.0 0.0 0.0 0.0002839327304569061 2.7983171314512133e-05 0.0 0.0 0.0 0.0007032527536864454 0.0001915664943876427 0.00045616085317852674 0.00039731824273255543 7.10616526486222e-05 0.0 0.0 0.0 0.0 6.269867646137462e-05 0.0 0.0 0.0 1.467788010984947e-05 0.0 0.0 0.0 0.0 0.0 0.0 0.00011849713237931851 0.0 7.751892650331706e-06 4.687970863331382e-05 3.0754284429355466e-05 0.0 0.0 0.0007947780462945185 0.0 0.0 0.0 0.0 0.0 0.0 0.0 0.0 0.0 0.001853032542567135 2.6997836561929514e-05 0.0 0.0 0.0 0.0006404924463782979 6.239323810155003e-05 0.0005430255221748077 0.0 3.0441136536690054e-05 2.2315399318155215e-05 0.0 0.0 0.0 0.0 0.0 0.0 0.0 0.0 0.0 0.0 0.0013661299013336286 0.001270065818650237 0.0008127774354637803
0.1476342589004387 0.12444098134020852 0.0010443874320775952 0.11125622525505319 0.1304418915895353 0.04005215471299466 0.20009124647994717 0.0002083076024152872 0.012122884178115023 0.0 0.0028314830512401754 0.016582543472805553 0.7334546127544437 0.04241875137930957 0.0006568460102899408 0.00012570505718931686 4.743882513972673e-05 1.5281150705291164e-05 0.0 0.0 1.4266404581002725e-05 0.0 0.0 0.0 0.0 1.6010156416995256e-05 0.0 1.5690145824351347e-05 1.3510304409945567e-05 3.8477794903366035e-05 0.002690282201259364 9.892772626258502e-05 0.002834653705269904 0.0 0.0 6.789449634604644e-05 0.0029248001520517657 0.00019708228433995347 0.00022135801229993833 9.54559225364885e-06 0.00018407531167096742 0.0 1.0912583118494827e-05 7.246215419903817e-05 0.0 0.0 0.005377868754648903 6.8667707851096e-05 5.764599578518308e-05 2.4697830123322893e-05 5.297078526772496e-05 0.0 3.680932036021433e-05 0.0 0.0008864492778299494 0.00045424141706153323 0.0071690209170264425 0.006760336468942676 0.002395799321668441 0.003859489405722585 1.6448938812117648e-05 0.00014610759662059443 3.4055425481531645e-05 0.00093843200129174 0.0003493616638410509 0.00015430016166843513 5.582850520912438e-05 6.139835202452169e-05 0.00010736823866234669 0.00020500766523524127 0.003966264815266631 0.00040067572541964966 0.0 0.018092020733019108 0.0010301438794071494 0.0024829538003467706 0.0008083849567266414 7.86909858059253e-05 8.577726782645562e-05 0.0002803168058390194 0.0 0.00033088850382582963 0.0006991259631702107 0.0 0.00029486655985731363 7.553499693704493e-05 3.520989483586474e-05 1.344814743681519e-05 3.0235182173102227e-05 0.0 3.127377516669079e-05 8.27274656498916e-06 0.00012872845592773317 8.698812912260952e-05 1.8362430330107172e-05 0.00829268605243829 0.001020708864520493 0.0 0.0009168017924691468 0.04647972230879801 0.0019644027498394796 0.009388583683624973 0.00686691942523815 0.00794469552279449 0.0009986377883611426 0.01246151323108333 0.0037458752248180666 0.002058941112899359 0.01747132238574369 0.021398291104944223 0.00033929532178008493 0.02722063214637752 0.028021883705874405 0.024282684040754145 0.014484476566679927 0.0002113282622223336 0.00011281876099804262 0.0 0.0 0.0 0.0 0.0 0.0 0.0 0.0 0.0 0.0 4.740813513424361e-05 0.0 0.0 1.1428495078667667e-05 0.0 0.0 0.0 0.0024168557551121363 0.0008634030827128018 0.0 0.0 0.0 0.006336382137502413 0.00036665176131610945 0.003935521129523487 0.0019225442660940214 0.0003655103801409656 0.0 0.0 0.0 0.0 0.0 5.0275986326883925e-05 0.0 9.040749558840415e-05 0.0003276631277639678 0.0 0.0 0.0 0.00010469513177847287 0.0 9.587446199292456e-06 4.137992046830781e-05 1.352228164503325e-05 0.0005751896708281397 0.0002750708125046677 0.001081417964465766 4.620411487815175e-05 0.0 0.005268365066920261 0.0003882864740039098 1.5946315560037945e-05 6.484329605681118e-05 0.0 0.0 0.0 0.0 1.210763337435009e-05 0.0 0.01722108159872336 0.0005149189480279395 0.0 2.791958059465443e-05 1.0284579693299663e-05 0.00678539380127598 0.00043762919601734746 0.0029259565121071917 0.00019438497005397676 0.000582457073069992 0.00017760334121361045 0.0 3.868223796375152e-05 0.0 0.0 0.0 0.0 1.0214175881659196e-05 0.0 0.0 0.0 0.011420178592346888 0.008271156437857329 0.004461333476971021
0.008571221400719026 0.07965730912511426 0.19445757518109202 0.00026893970554983627 0.07752940026700895 1.6304894778095484e-05 0.06165827373984456 0.06056803292143522 0.014122101244242775 0.0028314830512401754 0.0 0.0013015286541443944 0.1438851870744084 0.14354015094688724 0.0005186873088494108 0.00010598673635218883 2.3828976113024332e-05 0.0 0.0 5.03642630631273e-05 1.051703950625463e-05 2.5535168955192412e-05 0.0 0.0 0.0 2.514133438023052e-05 0.0 1.54006240095797e-05 0.0 0.0 0.023564350429103324 0.004169009112161288 0.005989266748135629 0.0 0.0 6.87255936284446e-05 0.002945554060743752 0.000762421420636577 0.0001702766536843243 8.770675204855915e-06 0.0008852552672500834 1.3408230306926055e-05 3.624366675127661e-05 3.2387455404821045e-05 0.0 4.4885322917054114e-05 0.0023210574759363013 3.236549224954474e-05 2.274004198008021e-05 4.511059792611183e-05 0.0001147582989149121 0.0 0.0 1.9615347498222517e-05 9.09287330931948e-05 5.592179656537851e-05 0.0005992168882783762 0.0021321368290783313 0.0002940963814392735 0.001001281930347072 0.0 0.00016471534157471384 0.0 0.001464103488712969 5.974869296169178e-05 6.605215276263335e-06 2.319592662600422e-05 2.273867950146506e-05 0.00013142960471762774 0.00042480338479339535 0.0011076512681620708 1.5156983487496673e-05 0.0 0.003529882733655913 0.000632526986951808 0.0016353848564867317 0.0008950849348975783 0.00038928229425217326 0.022514716106551615 0.04012585135456775 1.0881351615100556e-05 0.001810938802084673 0.00010947428124788585 0.0 2.934977509569001e-05 0.0 4.9898092751719346e-05 0.0 1.1111101842378824e-05 0.0 5.7411622213804056e-05 1.9270632024104426e-05 0.0004250643951710542 8.760468423390247e-05 0.0001290270483565468 0.000103957280436375 4.369641918652066e-05 0.0 0.00010824351658463894 0.002623081778070743 3.375440574466206e-05 0.0 0.0 2.934105383513905e-05 0.0 4.4860583798937795e-05 1.9267803658240755e-05 0.0 8.180920816500752e-05 0.0001304399799041749 0.0 0.00013579008546981292 0.00023649917356782465 0.00011698226507265341 0.00024162722586229966 0.0 0.0 0.0 0.0 0.0 0.0 0.0 0.0 0.0 0.0 0.0 0.0 0.0 0.0 0.0 0.0 0.0 0.0 0.0 6.628345481811892e-05 0.0 0.0 0.0 0.0 7.641586032295236e-05 0.0 4.154865750578545e-05 0.0 0.0 0.0 1.2229726829821612e-05 0.0 0.0 0.0 0.0 0.0 0.0 2.7974531103971095e-05 0.0 0.0 0.0 0.0 1.0811789745373556e-05 0.0 0.0 0.0 0.0 0.0 0.0 0.0 0.0 8.527024900875134e-05 2.7936568956217963e-05 0.0 0.0 0.0 0.0 0.0 0.0 0.0 0.0 0.0001777268292882183 0.0 0.0 0.0 2.8877894950824076e-05 4.898083651394066e-05 0.0 9.880078937031341e-05 0.0 0.0 0.0 0.0 0.0 0.0 0.0 0.0 0.0 0.0 3.6454139652917885e-05 0.0 0.0 0.00012822200446009838 0.00039184393780860167 0.00012175530015726572
0.001739950160123441 0.0026298446740451987 0.0006965834984217348 0.00017785923845357404 0.0016601345690970134 0.0044163516290817995 0.006110628094937745 0.0013839756560168304 0.002432139451206964 0.016582543472805553 0.0013015286541443944 0.0 0.053817050133694234 0.014081254987782938 0.002268350577622881 0.0012558097549325699 0.0001910060447483079 0.0 0.0 0.0 1.1856347600468579e-05 0.0 0.0 0.0 1.0068057386607093e-05 0.0 0.0 0.0 1.2016120926072468e-05 9.79442766214402e-06 0.0002739746439596306 0.00032032932600018963 0.013980570764570302 1.2399342141975802e-05 0.0 0.0 0.02613689809053971 0.003379946171767631 0.0011885047688466586 2.2971523603260204e-05 0.0003075463196620838 4.7571126704207194e-05 0.0 0.00014539781024184775 0.0 1.193740739229352e-05 0.0037179217129162385 0.0 0.0 8.014445842877755e-05 2.2545456277798634e-05 0.0 1.5929408248484348e-05 0.0 0.0 0.0 0.000433870186690125 0.0004947827228590221 8.391420338878045e-05 0.0006205167687023206 2.0502854190116034e-05 0.00018691639190558738 0.0 0.0017366213551657215 8.527908066500549e-06 2.8907285361320432e-05 1.290530521343008e-05 0.0 7.231028604423011e-05 4.07978004319222e-05 0.014110265292597821 0.0012767051475961963 1.592468778411307e-05 0.0013977117503828798 0.0008066264321289257 0.0027965581708603404 0.0021801331916466915 0.0007968865832639839 0.0003134402016223421 0.007329876381837872 1.072386865098409e-05 0.00025399316701570166 4.426517924670094e-05 0.0 8.1281826929723e-06 0.0 2.1583458338419193e-05 0.0 0.00010043452280489953 1.1007643600827702e-05 0.0 0.0 7.75278475940649e-05 2.4878912614467803e-05 0.00017019227852786917 0.05446507118343905 0.007075112391497586 0.0 0.002856474624067149 0.005474711041797438 0.000715810426324107 0.0025696429394762932 0.0025407750884383373 0.0024669265339931964 0.0003985228471076844 0.007339823718728228 0.0023660550698860728 0.0012368057620695725 0.009342018763448319 0.011110908607277136 0.0001503467483027465 0.019342437055566084 0.020638792877285515 0.018910272982065532 0.008421541172762573 6.597847620748859e-05 0.00010582833878063278 0.0 0.0 0.0 0.0 0.0 0.0 0.0 0.0 0.0 0.0 1.308750703316037e-05 0.0 0.0 0.0 0.0 0.0 0.0 0.0015598910294611949 0.00018848228857798547 0.0 2.0211288657421662e-05 5.234865307730064e-05 0.0029362849796821604 0.00013085894976411197 0.0011806699271008226 0.0005116207862623351 0.0001366051397411944 0.0 0.0 0.0 0.0 2.4149596676863644e-05 1.3208117832415816e-05 0.0 3.244463269328977e-05 0.00013516924658601252 0.0 3.738042667844062e-05 0.0 0.0 0.0 0.0 2.3975631215038724e-05 0.0 0.0002624256945920715 0.00029581508113642164 0.0003374412986107585 0.0 0.0 0.0012296919020844575 0.00018825247406966482 0.0 0.0 0.0 0.0 0.0 0.0 0.0 0.0 0.01203607245503773 0.0007218774024585835 2.2245265207409857e-05 1.5274234903582036e-05 1.301547313813059e-05 0.00195495242278931 6.958571519888047e-05 0.0009270790580977575 0.00018215054022745837 0.0002349023849636256 3.112242265763554e-05 6.435393007101044e-05 0.0 0.0 1.9259595248614687e-05 4.0750799111941225e-05 0.0 0.0 0.0 4.222810462995398e-05 0.0 0.010919405306045078 0.0036733452555167564 0.001578378894463563
0.004388837286658762 0.10512828736259706 0.020837411046038153 0.01124605676339289 0.11019577858518799 0.0025088334632859676 0.22537211852412853 0.007054354834856446 0.0832696722623299 0.7334546127544437 0.1438851870744084 0.053817050133694234 0.0 0.2583192400263966 0.004790639277426704 0.0018852527610583687 0.0002214409579019081 1.0965855333640414e-05 0.0 3.8781392868999696e-05 0.0 0.00010297092557159848 2.243553429795583e-05 1.0661311318752958e-05 0.00022748363929590888 3.172063671064756e-05 0.0 1.233269388036429e-05 1.0575840589749823e-05 2.2711803038690415e-05 0.0029114415718629895 0.0008915881698645451 0.046056992589906004 1.4193649620367391e-05 0.0 0.00022468552464974107 0.021852038988232812 0.021341466009511745 0.0014871724511971289 4.678072491127627e-05 0.0020775817739394067 0.0003124954400855049 0.00013298026189203862 0.00022307118312873695 0.0 1.1597111938544384e-05 0.010301227039042548 5.42164729146962e-05 4.530095994468643e-05 0.00020783346754298993 0.0003967094761079923 0.0003502245746497595 0.0 7.797758291983918e-05 0.00016988942119163658 0.00012140067003107116 0.0009506174880915747 0.00226221659968106 0.00041072027131630807 0.0023978173090078497 7.98776159439389e-05 0.0019444890481715243 5.0850027214435156e-05 0.004088106372198255 3.338972262240862e-05 2.3614900678183194e-05 0.0001178270185830173 4.619245275991301e-05 0.0007376349238985147 0.0007956762872217785 0.01011705084037172 0.0009210848599812468 0.0 0.005694726219629024 0.002468829803428037 0.007605248849902763 0.0046573612650477655 0.0018714877101788598 0.0009731601327724766 0.0216261022421768 2.130846124439209e-05 0.002521278252823596 0.00017258493700584134 0.0 6.906036300867206e-05 1.5095219187690257e-05 0.00010502905712066589 0.0 3.2934382269223695e-05 0.0 9.97713185219446e-06 0.0 0.001025938097271757 0.00026950144639967407 0.00035311398933728235 0.04434204270290889 0.00238505442543083 1.6001277248666338e-05 0.001013471530434909 0.004932259980433079 0.001008600714102976 0.005067572760997016 0.00412314869963213 0.0049767689930449895 0.0008651084273246936 0.01194979303907994 0.0031212069642115713 0.0027692642956436177 0.02229200174609158 0.018150489412955922 0.00016274351431207911 0.03218072781505531 0.030996178076382296 0.027863273272537525 0.01257598492598383 0.00018687209388292027 3.214177116481528e-05 0.0 0.0 0.0 0.0 0.0 1.0818606330691227e-05 0.0 0.0 0.0 0.0 2.308198498489322e-05 0.0 0.0 0.0 1.0377648162026485e-05 3.47265195637288e-05 0.0 0.0026329719097243505 0.0006195853783210005 0.0 0.0 0.0 0.0045793203632050845 0.0004865520258776316 0.002863398531475981 0.0008916927802739096 0.00015168229036632676 0.0 0.0 0.0 2.4089672771248175e-05 5.780220780129905e-05 0.0 0.0 9.052007335348604e-05 0.000156083119350609 0.0 0.0 4.82866962806449e-05 0.0 1.0121651705671454e-05 2.614969292528831e-05 3.629057654064292e-05 0.0 0.000169123641832756 0.00027082054718925784 0.0008926496965174081 0.0 0.00011756829367589698 0.0033111078760042615 0.0002728322259033252 7.02376109093296e-05 9.812329233733197e-06 0.0 0.0 0.0 9.115350153969047e-06 2.4744044000534992e-05 1.0638409799999657e-05 0.017751172815851445 0.000753869130491228 7.090866656264273e-05 2.0181237270120207e-05 7.925802634822256e-05 0.004025307472508656 0.00018352615732870572 0.001813448175371768 0.0002540766080009217 0.0004962150742685115 0.00017667868217535604 2.645392671427571e-05 8.54898134856441e-05 0.0 2.2756270148447192e-05 2.6974438262511913e-05 6.630475699659013e-05 3.918270081384246e-05 0.0 1.619727573646578e-05 2.720042804881236e-05 0.012975997045364007 0.005926250779750478 0.003494149881797374
