0.0 0.11894320865853016 0.015908262678152388 0.057638772996200724 0.005138307414979524 0.027569515632521188 0.06641240113346958 0.0007966448979116524 9.661492476355006e-05 0.04019308425517979 0.0016782374620636783 0.022279912159836854 0.044210690769044325 0.0057633943832638606 5.1837498775110445e-05 5.097945189359014e-05 1.673616560119158e-05 0.0 6.534144744913258e-06 0.0 9.874736060432525e-06 0.0 0.0 1.7540252756932044e-05 0.0 0.0 2.8201972937758916e-05 0.0 1.2522342186172779e-05 0.0 0.05870756774735309 0.0006053877980067667 0.00014206894527750422 0.0 1.2657173736834004e-05 0.0 0.00013094736981325916 4.85249827803059e-05 5.734321804328792e-05 9.455530877509648e-06 1.5645803340856947e-05 0.0 6.842124693073746e-06 1.9886562010442676e-05 9.480414149219177e-06 6.398497985662487e-06 0.0019052707380251463 0.00028428773093348625 2.49768054877076e-05 1.8588922920829816e-05 4.032558618282447e-05 0.0 0.0 0.0 0.0016010909565548825 0.0016649723320490235 0.01983405855367317 0.05272743227023679 0.0039510575082154584 0.005185619140591231 1.8961783801906297e-05 7.562417940412092e-05 0.0 0.0010134794438170964 0.0006330360440855515 0.0006527245863450396 8.40971203675462e-05 0.00018513436852879919 1.4874059602932868e-05 0.0 0.0013032373027064047 0.0 0.0 0.02398348852029688 0.0013682673295776404 0.0016173689967221272 0.00020563687272844228 0.0 0.0 0.0004362268676708231 0.0 8.876955207606889e-05 0.0021365352571220213 0.00022907934327850968 0.00042786023957828686 0.0005990635984179937 0.00010788564798544123 4.292098150146323e-05 0.0 0.0 7.860590595529202e-06 1.8554673263379226e-05 0.0 8.808753780957228e-06 0.0 0.004539149299357116 0.00036804271363623974 0.0 0.0002871469562193042 0.08670109535817974 8.059959356654336e-05 0.0006425666313609198 0.0008366055539602886 0.00026951121032319755 0.00018989874786612293 0.0009324844917917432 0.00015842675874711183 0.0009091481645328334 0.0008351297308405023 0.0011782472348142179 8.628392592204677e-05 0.0009749340341477166 0.0008564835641125366 0.0005534100853973833 0.00037535514898638813 2.4395214431379553e-05 0.0 0.0 0.0 0.0 0.0 0.0 0.0 0.0 0.0 0.0 0.0 0.00012643015940473975 0.0 0.0 0.0 7.583972545870766e-05 0.0 4.3936822663815e-05 0.00018624770032973508 4.0489931417225585e-05 0.0 0.00012813516987238667 0.0 8.910083459490604e-05 4.0531282992112934e-05 0.00016225222005907694 8.116488385629596e-05 8.739768882326433e-06 0.0 0.0 0.0 0.0 0.0 0.0 0.0 1.7275528580163824e-05 0.0 0.0 0.0 0.0 2.1391200063749356e-05 0.0 7.166873352523042e-05 2.0441753793122742e-05 0.0 0.00011437919030287616 2.0379565704620344e-05 0.00012301521997618478 0.0 5.555429829853796e-05 0.0007222783095387486 0.0 0.0 6.858567797656904e-06 0.0 0.0 0.0 0.0 0.0 0.0 0.00015846596503623714 0.0 0.0 0.0 0.0 0.00024995719008028206 1.73564800870878e-05 0.00044372109453644064 2.2824203279726884e-05 2.3818869450043386e-05 9.947955004010027e-06 0.0 0.0 0.0 0.0 0.0 0.0 0.0 0.0 0.0 0.0 0.00021262415699077418 8.588782989356043e-06 6.24368912535996e-05
0.11894320865853016 0.0 0.07299354885378663 0.07969867638674903 0.13009565777194504 0.01739666579314747 0.21592525250710867 0.05639677267125676 0.04555051993517017 0.059600752383551205 0.08813292521045028 0.03241835030321857 0.12033056152969962 0.09132276675949515 0.001415949740818766 0.0006075133825539655 8.42853886028872e-05 4.866744678097803e-05 7.189023530171824e-06 0.00012427934016759232 0.0001039437487348337 0.00014173415538670705 0.000842050352561171 0.0005678736680657506 0.00019254787203693092 9.8293990213296e-06 0.00020139880417909773 5.0780107854329504e-05 3.711404027579701e-05 0.0001886509979076869 0.1838577213293792 0.006957097100519694 0.004274913495189994 3.793520867350444e-05 0.00012443306181069157 1.929685360141719e-05 0.0027624519034375873 0.0002090236489817228 0.00032648375703897233 9.278998921685743e-05 0.000140496121870165 4.589104518956332e-05 3.093136076196088e-05 8.544982792110413e-05 1.751748889134673e-05 4.500767780666391e-05 0.01922132900958336 0.0010798529630477178 0.00013701627631009937 4.12628513165817e-05 0.0001858514966964391 7.030436106547218e-05 1.768773945045959e-05 0.0 0.003943223021320872 0.004110233799841906 0.01815712037201297 0.08173747425383755 0.004433413776625905 0.013264476669578893 0.00032196472824537855 0.0006224759511990924 5.5125714471098236e-05 0.010860062640648689 0.002013647787891396 0.0024862168254260767 0.00028698282483243616 0.0008966159867222242 0.00028832460504947007 5.9211980556796634e-05 0.00572411642456795 5.0457168113455565e-05 7.198970164633265e-06 0.039671672121676375 0.00913588777615378 0.010148136139904382 0.0049811726385780445 0.00046482838271514953 0.00024443422271457836 0.018078247330307298 7.471439163523745e-05 0.0012363870301509924 0.006417726463898847 0.0001850451477965667 0.0020697719462788823 0.0015783096079121628 0.0005044457004200094 6.937157923843591e-05 3.302216035183325e-05 7.327395892009253e-05 0.00012472023521113335 9.978226688719142e-06 0.0004472897106592503 0.00039520191083812305 9.545316330679857e-05 0.004445321396371068 0.0012828714171145151 0.0 0.0010838561834189625 0.0727997996612235 0.00010283974586226851 0.0012727047035756202 0.002433027941683106 0.0006837481416139249 0.0009030214483735744 0.003356146336496063 0.0004854934750579982 0.0032284816141704142 0.001755534325543707 0.003651361936529307 0.0005793710567329064 0.003588396001461771 0.0040037294856946045 0.003155487322193725 0.0024397083084245117 2.46973496676641e-05 2.673335252978793e-05 0.0 0.0 0.0 0.0 0.0 2.7082297220355508e-05 0.0 0.0 5.262583136084088e-05 0.0 7.241734018595091e-05 0.0 0.0 4.473639859006744e-05 0.0 7.421810190810694e-05 0.0 0.0003624862164756412 0.00015451828441076192 0.0 7.475951482680728e-05 4.2262911348242575e-05 0.0011797123900749004 0.00019173209477639554 0.0008458658590661575 0.00013997928098647794 8.294555140181487e-05 7.759049929843744e-05 1.264007546878957e-05 0.0 0.0 1.4151555281069181e-05 0.0 0.0 0.0 7.01920052991654e-05 0.0 0.0 8.931122242906066e-06 0.0 2.8727707563276322e-05 0.0001724195179329508 0.0 0.0 0.0001421847607427541 0.00018673265477552522 0.00022185928665744402 0.0 0.00011875467291831342 0.0020929904272020206 5.619777506023244e-05 0.0 0.0 0.0 0.0 0.0 0.0 0.0 7.3008535312061584e-06 0.0011391757227560463 1.2958950744448457e-05 1.0944770546347092e-05 1.0468524598664334e-05 8.447827499148275e-06 0.0009491677294474498 0.00013885184886921957 0.0007483778057216589 0.00014292323961154885 0.00012491995586722776 4.310261092867481e-05 4.155247579113694e-05 1.2718278285765836e-05 0.0 0.0 0.0 0.0 7.731671180010722e-06 2.03751382434335e-05 0.0 0.0 0.000916978291389499 0.00012935722816095451 0.00043335885556694146
0.015908262678152388 0.07299354885378663 0.0 0.0006253366775039005 0.11051198985346518 0.0008492780409512045 0.0043224067800814725 0.3337939992839176 0.01445468821416584 0.0003718362994069975 0.1973675503821854 0.0012031522658507603 0.0014371767243652597 0.04947514154460186 0.0032338557967744423 0.0018843223085976335 0.00015577289451633444 6.439897233566771e-05 6.912189726059613e-06 0.0009499809201062953 0.0015297557638874056 0.00010907040486243183 0.005540517051588597 0.005398115497801341 0.00011782071765401748 0.0002910645224810263 0.0007291538986465796 0.0001572877400436095 7.772487455022231e-05 0.00045619101138693577 0.32248213407202336 0.09044781807247633 0.009787095584511754 0.0005653076536274473 0.001525046418961872 2.594942288769277e-05 0.002123687068503028 0.0005663737850553613 0.0003319519338063154 0.00028676337571984883 0.0005659968508555096 0.000201878478497741 0.0003234560948118143 0.00016495273642318142 0.00015194419007713176 0.0008279294162967915 0.02840673627396159 0.001115131778777418 0.00018853727392579417 0.00021215896982093352 0.0015228693087369297 0.00020528805811710664 0.0001746724493671524 6.346241276256109e-05 0.0029511682583273167 0.0028803171722069716 0.010865987712205096 0.07067415490096117 0.003688637033963423 0.010788401958414975 0.002751901663882685 0.0013300657397495082 0.00057543241014414 0.02040558616847578 0.0016960908618427633 0.0024266291099863256 0.0002998276177705378 0.002105435427409694 0.002433594094513944 0.0009667313753537911 0.0039930445106161165 0.00020572667575252443 6.449706705948067e-05 0.027042007822078804 0.009674576214626496 0.011968863282051281 0.01126345660099134 0.001655678266955692 0.008014243911617428 0.08749198546097373 0.0012368716025316039 0.016703087838438012 0.005259686047526136 0.00020490095798691546 0.0019864790891167172 0.0013604195487217608 0.0007824927024500701 3.305974848255533e-05 8.269881493537843e-05 7.846095138000671e-05 0.0006186878416958939 0.00014856215592694988 0.006145647334259798 0.0034442859795510558 0.00024381030346755904 0.0024922481557104483 0.0015504952935599364 1.1624815917244384e-05 0.0009815304561977788 0.027320860577096026 1.1926124367206696e-05 0.00012251004127452564 0.00044344692769710426 7.48766576450572e-05 0.0003224172527808788 0.0010159734386287198 0.00015443869907629453 0.0008060803890959728 0.00032656855235314733 0.0008934638761274929 0.0003615973380919843 0.0014034762770958112 0.0012201684355116899 0.0014379921250089616 0.0011850591341335127 0.0 0.0 0.0 0.0 0.0 0.0 0.0 2.6201897823281712e-05 0.0 6.770453351834489e-05 0.00016273731275661616 1.7611529365591104e-05 0.00015753466992628605 4.580676542501434e-05 3.5268088619847465e-05 0.00032817472439791706 6.661768816457368e-05 0.00015126171746862948 0.0 7.764569784161442e-05 2.5767670191680265e-05 0.0 9.782567365041535e-05 4.038597018815753e-05 0.0004487283713002516 8.156428566798502e-05 0.00047152491878181275 0.00015057387143007576 6.204605083470854e-05 0.0001834944351344808 2.8872651922915154e-05 0.0 0.0 0.0 0.0 6.463342823294233e-05 2.4321871537958023e-05 2.2401580622533035e-05 0.0 0.0 1.9682363495972094e-05 7.033480914034394e-05 0.00029541174248889657 1.2390523570181696e-05 0.0 0.0 3.8838662060523764e-05 6.453127994060391e-05 1.2666504027290821e-05 3.442255250005648e-05 0.00010598563649037628 0.000953453741387838 0.0 0.0 0.0 1.0162997767746578e-05 0.0 0.0 9.753579855199968e-06 7.981110025464155e-06 3.303132787298939e-05 0.0007113999236684801 5.8947279535493775e-05 0.00018546266126843154 1.171019420431211e-05 0.00013297185691762137 0.0006224405151645632 2.1755669812802595e-05 0.00025365204503297246 2.3498223462327003e-05 9.712043445215541e-05 3.668507165900634e-05 0.0 4.096933536175857e-05 0.0 0.0 0.0 0.0 9.943000415464532e-06 5.121730483384275e-05 4.576821021309164e-05 8.40876354803059e-05 0.0005303800116423777 0.00016747401722656742 0.0001449969886063937
0.057638772996200724 0.07969867638674903 0.0006253366775039005 0.0 0.0018164210019777265 0.01824792074829944 0.06212386062784173 3.420226025611255e-05 0.00033508940537963297 0.052333307738253364 0.00012841452489805146 0.08111111592927889 0.18024393317671805 0.013501188521438019 6.315435653757351e-05 2.6025061577401156e-05 2.0210709240731213e-05 0.0 0.0 0.0 0.0 2.690426438174995e-05 0.0 0.0 1.2573751405546718e-05 0.0 0.0 7.993976972734267e-06 0.0 1.0296389593296437e-05 0.010705470156592286 0.00012186145124124353 0.00022879231766442034 0.0 0.0 0.0 0.00038306715096065555 7.362501756843953e-05 3.002329739420418e-05 0.0 0.0 1.3017152687692192e-05 0.0 0.0 0.0 0.0 0.0007545308516881698 7.128729150110606e-05 0.0 0.0 0.0 0.0 0.0 0.0 0.0005800303084959039 0.0004303190421688103 0.004125113106881916 0.010800326854861472 0.0008346332592748643 0.001586486249497619 0.0 5.467578607189159e-05 0.0 0.0002698320681153177 0.00026412316713001654 0.00027363475875126654 9.094146253695042e-06 6.777098766081966e-05 0.0 8.639064401357973e-06 0.00043900207539368524 1.4170161378534887e-05 8.023961938298685e-06 0.006190854060533018 0.0006578088111039168 0.00035464850143676553 2.9341484716464878e-05 0.0 0.0 2.427818058002547e-05 2.0474236824774432e-05 0.0 0.0004984787896618535 3.368731403432699e-05 0.0001385892931336787 0.00015218582212554084 2.4762172030873577e-05 7.537511240819956e-06 7.68588329037624e-06 0.0 0.0 0.0 7.177101870723174e-06 0.0 0.0 0.001215099550908097 0.0 0.0 0.0 0.026996838831722655 1.4755094313349914e-05 0.0005575428129243412 0.0013313503831747053 0.0011016987968374445 0.00015529242678248082 0.0008041806588717078 0.0004898141357470924 0.0005297091276632486 0.0009291008510608907 0.0011950540266279085 9.903351856950637e-05 0.000874487757730438 0.0006015652631369981 0.0005314996260659022 0.00016848189290883278 0.0 0.0 0.0 0.0 0.0 0.0 0.0 0.0 0.0 0.0 9.484521520149468e-06 0.0 0.0 0.0 0.0 0.0 0.0 0.0 0.0 0.0001912282175480986 5.169286156590928e-05 0.0 0.0 0.0 0.0001816137570909114 2.1556534172730264e-05 7.042126619968054e-05 5.457046616184095e-05 2.0121061494475625e-05 0.0 0.0 0.0 0.0 0.0 3.614440107728394e-05 0.0 0.0 0.0 0.0 0.0 0.0 0.0 0.0 6.705862951904544e-06 0.0 0.0 4.998205269731721e-05 7.677683122837972e-05 8.44710382275124e-05 0.0 0.0 0.00036958335162776156 2.9749347807616393e-05 0.0 0.0 0.0 0.0 0.0 0.0 0.0 0.0 2.7836098877835457e-05 0.0 0.0 0.0 0.0 0.00018963597283470413 2.7940596768865556e-05 0.00017772905660706263 2.5262289901263785e-05 5.5185616978960266e-05 0.0 5.4441250492574385e-05 0.0 0.0 0.0 0.0 0.0 0.0 0.0 0.0 0.0 0.00012059849835770782 0.0 6.89920856786179e-05
0.005138307414979524 0.13009565777194504 0.11051198985346518 0.0018164210019777265 0.0 0.0017559420115636527 0.12003770768021006 0.02723672774759566 0.2642398818827128 0.020354014253353835 0.21545204559847808 0.012886114036310289 0.048447105740977096 0.19596170682038966 0.000554653651708062 8.824690870517801e-05 1.8914188423886972e-05 0.0 0.0 0.0 1.7505277788580983e-05 0.0 3.789725482263819e-05 6.383300645116088e-05 1.053486841215706e-05 0.0 2.7979796247559953e-05 0.0 0.0 1.2115909285529252e-05 0.005634968113777566 0.001317640457782681 0.0022197847601020657 0.0 3.067416074935082e-05 9.78568627001789e-06 0.0014174809654325725 0.00010147352164632395 1.4911433205078734e-05 2.6207380901272056e-05 1.7529523603949814e-05 1.5041310848237562e-05 0.0 9.741114042315188e-06 0.0 2.2930557013201855e-05 0.006563290049716701 0.00024353546171451148 2.5429214926924057e-05 0.0 3.8653516407791845e-05 0.0 2.1051832201240434e-05 0.0 0.0006231456147489879 0.0004202070770036039 0.0009515724844576337 0.005191962006209263 0.00046167631298300415 0.0019241542624834995 1.1807985182902887e-05 0.00010897020707752903 0.0 0.0016124091334978284 0.00033179995086624807 0.000420119758424747 5.242825122320675e-05 0.00016758446266698144 9.825712535034513e-06 4.0665376292054805e-05 0.00662421849384294 6.134982115560571e-05 0.0 0.003901468326807553 0.0013153449345941087 0.00203337425301429 0.0011921155640206465 0.00017534921347239852 6.750414952627202e-05 0.0037002094946924297 0.0 0.0002339207976254376 0.0010959354069558756 8.267858455012151e-06 0.0003327906050116681 0.00023191203376310296 0.00014486397271663455 0.0 7.869269127740235e-06 8.75466397594548e-06 3.525101010205291e-05 0.0 0.00010590692152898959 0.0001323730123154223 0.0 0.006296471746463062 0.0018170205392007575 0.0 0.001331400244383115 0.0011078823814575595 0.00016791644870333983 0.0009330992033360642 0.0012390470796151958 0.0003174623516365993 0.000870957256184666 0.003007386175918247 0.00010754604788723558 0.002435008618646994 0.0012457695164319583 0.0025887637391007927 0.0007084445371402073 0.004342485351978042 0.0036012669886795485 0.0035381658863071043 0.002663524772653711 4.149208497537289e-05 0.0 0.0 0.0 0.0 0.0 0.0 0.0 0.0 0.0 1.4420869688324916e-05 0.0 0.0 0.0 0.0 0.0 0.0 8.895500283610917e-06 0.0 0.0002886584081088167 0.00046188512760759993 0.0 0.0 7.585113701687513e-05 0.0006289840630715449 0.00014137084749718073 0.0006225805090219152 4.2469592945852245e-05 9.016239009423758e-06 0.0 0.0 0.0 0.0 2.9383105984419452e-05 0.0 0.0 0.0 1.888905861457559e-05 0.0 0.0 0.0 0.0 0.0 1.4519085637809496e-05 1.9922462516365336e-05 0.0 0.00012562318735043172 0.0 0.00014996703887336813 4.950555135847232e-05 4.5139465775715526e-05 0.002058907855503262 3.712966340448894e-05 0.0 0.0 0.0 0.0 0.0 0.0 0.0 0.0 0.0012556709950117602 2.2607163016580865e-05 0.0 0.0 7.792387534376103e-06 0.0009598604159769473 0.00012649358358646687 0.0005317463482304335 6.181666938956485e-05 4.1662608632768474e-05 1.105175424468867e-05 1.8630820692282595e-05 0.0 0.0 0.0 0.0 0.0 0.0 0.0 0.0 0.0 0.0013098809891475395 2.9589068400516534e-05 0.00022800229472971808
0.027569515632521188 0.01739666579314747 0.0008492780409512045 0.01824792074829944 0.0017559420115636527 0.0 0.011167357844921937 5.980391461466977e-05 0.0005134523087989698 0.04652442032977518 0.0005575254095489884 0.015380629439321402 0.01283636050966798 0.004451358676588474 0.0 0.0 0.0 0.0 0.0 9.458876161212113e-06 0.0 0.00017678696900712116 0.0 0.0 1.3082686740940164e-05 0.0 0.0 0.0 0.0 0.0 0.006495069613111016 0.0 0.0013906438049084138 0.0 0.0 0.0 0.002807463684528923 0.00011143172294375904 0.0004592081930418427 4.378366832961727e-05 0.0 0.0 0.0 0.0 0.0 0.0 0.0003158382729256266 2.01159162138624e-05 2.3233774426970776e-05 0.0 0.0 0.0013422597748941434 0.0005392472711118008 0.0 0.000302896355069085 0.0002497756832408283 0.006691817435715038 0.0038733177535545654 0.0007086884697522051 0.0007037825873660219 0.0 0.0002679526234408006 0.0 0.00011534716639414136 5.751464544487592e-05 5.7912424330859984e-05 1.3299077288969708e-05 4.356672613667751e-05 0.0 0.0 0.013991541264887289 0.013710846254235017 0.0008224231052021609 0.0027728418629043468 0.00011594253495236289 0.00019014585277687596 1.8367662914642158e-05 0.0 1.3798209689995615e-05 0.00016043507720725977 0.0 0.0001228729296415029 0.00021922807119596828 0.00019518985410875938 3.432917331866127e-05 0.00018239876414318925 9.048731575678833e-06 0.0004234726527838503 0.00034308724795299733 0.0007498313703098395 0.00027380880953087203 8.708189458658549e-05 0.0 0.0 1.4932104225220723e-05 0.023121221201070984 0.015510381101084637 0.004493324831578829 0.0067640376098375594 0.023538102991840632 0.0 6.092896784838317e-05 0.00011246550686759796 1.05695117125189e-05 1.0328867857646431e-05 8.518244222790486e-05 2.84412560685195e-05 1.2960953011159632e-05 3.250722094047869e-05 8.999287029436999e-05 1.8998954453208658e-05 7.935216097419153e-05 3.2078468214350416e-05 2.0186626875706153e-05 2.7816683701168098e-05 0.0 0.0 0.0 0.0 0.0 0.0 0.0 0.0 0.0 0.0 0.0 0.0 0.0 0.0 2.3433962278631128e-05 0.0 0.0 0.0 0.0 0.0 0.0 0.0 0.0 0.0 4.564435912031619e-05 0.0 2.300865631162708e-05 9.600476599234677e-06 0.0 0.0 0.0 0.0 0.0 0.0 0.0 0.0 0.0 0.0 0.0 0.0 1.0221219461240182e-05 0.0 0.0 0.0 0.0 0.0 0.0 0.0 1.9550198910086702e-05 0.0 0.0 7.515110916040898e-05 0.0 0.0 0.0 0.0 0.0 0.0 0.0 0.0 0.0 0.0 0.0 0.0 0.0 0.0 3.6738567594435726e-05 0.0 2.6132405547542136e-05 1.5115176782759159e-05 0.0 0.0 0.0 0.0 0.0 0.0 0.0 0.0 1.080752197372738e-05 0.0 0.0 0.0 1.3569633918838099e-05 4.4423776652143914e-05 3.4063003287393783e-05
0.06641240113346958 0.21592525250710867 0.0043224067800814725 0.06212386062784173 0.12003770768021006 0.011167357844921937 0.0 0.0006323353317807709 0.12605098481281932 0.139815953202544 0.042414049828238265 0.08030610020736817 0.26278084182719846 0.21812734466715575 0.0003167264232742105 6.751897651558117e-05 1.2869532509717248e-05 0.0 0.0 0.0 1.3813854612066696e-05 0.0 3.1701948769745894e-05 8.467176478426408e-05 5.7076490918765424e-05 1.0758602647923529e-05 1.2746728180185024e-05 0.0 1.216166857135357e-05 0.0 0.009713375691510233 0.000751452648571589 0.0019815030283038726 0.0 1.1294600592943421e-05 1.517803161245552e-05 0.0022633299033018917 5.875004128149536e-05 0.0001343351805710071 0.0 0.0 0.0 0.0 3.170042255216095e-05 2.3274824299765253e-05 7.194571307256582e-06 0.004962882487221633 0.00025960630337243455 3.701706110058029e-05 1.3553899099077931e-05 3.953751443660097e-05 9.831133229476996e-05 2.7691264847178673e-05 0.0 0.0011833576528312052 0.0010526839002555017 0.0032745059081664757 0.013632446766994698 0.001267822015474261 0.00306317756302668 7.115632963733357e-06 0.00013123290734817704 0.0 0.0023663715368993955 0.0004594205272971744 0.000611413119788398 9.640253602477051e-05 0.0003439592487265739 5.7115742156735343e-05 0.0 0.006179277126712937 3.6228929422564064e-05 0.0 0.009017483360296088 0.001993513019042467 0.002462506615040398 0.0011597773602702282 9.197041241687249e-05 2.5808935955137135e-05 0.0010270601310654324 0.0 0.00022201434518814668 0.0017694642033391694 8.839615180885796e-05 0.00046526918649891525 0.00041737435042372636 0.00011518651173229387 8.547424604037702e-06 2.8471174972903312e-05 2.634791073954292e-05 7.781582104566776e-06 1.6018775231958568e-05 5.54702916322717e-05 5.088565455173212e-05 0.0 0.008301626510792129 0.0011445566551782306 0.0 0.0009712310700148459 0.00786634143038124 0.0001768578349467915 0.0017005089845666317 0.007033655537571247 0.0023538017069400135 0.00173372275230812 0.008382240069828462 0.0010846989974094864 0.00750239434036288 0.007809584617006904 0.007330559818701753 0.0008022149553213959 0.017530108301243713 0.007101056265935628 0.00607300325098967 0.0029285943281708395 0.0 0.0 0.0 0.0 0.0 9.828936593065355e-06 0.0 0.0 0.0001272536331333374 0.0 0.0 0.0 0.00013599533072972033 0.0 0.0 0.0 0.0 1.0296754632397526e-05 0.0 0.000950445762668328 0.0003754101629668854 0.0 0.0001471789628411497 0.0 0.0011720879927175913 0.0006053952581528735 0.0007927874554967996 8.469811570385202e-05 6.055293330646517e-05 0.0 0.0 0.0 0.0 0.0 3.871353264985142e-05 0.0 8.651669828078057e-06 0.00010461341160368615 0.0 0.0 0.0 0.0 1.099905921594376e-05 4.4148912424674117e-05 1.7195563223647253e-05 0.0 0.00032494526705738493 0.00023527291062837015 0.000407067240531008 0.0 7.618445994083699e-05 0.002755445885722731 4.3836217615138994e-05 0.0 2.187181490291243e-05 0.0 0.0 0.0 0.0 0.0 0.0 0.0015263380315011016 2.6594926433649982e-05 0.0 0.0 0.0 0.0014893515226749871 0.00012730947049494133 0.000840938690677914 8.855026437069604e-05 0.000342997752760396 6.023299560357178e-05 0.0 2.1497754704938546e-05 1.4603525447486744e-05 0.0 0.0 0.0 0.0 0.0 0.0 0.0 0.0022644620495994817 0.0001048236850226002 0.00025031004463928127
0.0007966448979116524 0.05639677267125676 0.3337939992839176 3.420226025611255e-05 0.02723672774759566 5.980391461466977e-05 0.0006323353317807709 0.0 0.011551807795325485 0.0002150886401617866 0.16443438208125188 0.0056487981663187 0.004096817910040589 0.0698243407980469 0.004808667965740162 0.003245556186001259 0.0003994483514502841 0.00025224362815391325 9.605277067726857e-05 0.004764673740677702 0.005314821539051964 0.00020765891488807892 0.014249247823733558 0.01254899990205599 0.0005206356340415319 0.0006984990515984744 0.0021892509677837713 0.00025625029187906694 0.00014972511125225396 0.0009953179626144293 0.01957592878238639 0.22074268757233123 0.02210272490434306 0.0046341366775382335 0.004637584951302314 0.00023460579690383733 0.005492839722291076 0.0014306659005791863 0.0004466209297412111 0.0004564429006254595 0.0014805123187760286 0.0006816719578900011 0.004034298212799707 0.005727672235037368 0.0016459500477834144 0.014462578473041892 0.0232675246162661 0.0007737319608455088 0.0006856277184108034 0.0021686286354129385 0.004100871748940169 0.0013681002526793689 0.000321116609610156 5.050340481049231e-05 0.0008443894788531161 0.0007819818452110512 0.0010477224753993766 0.006459393346758105 0.0004948757958454906 0.0034777613788525997 0.0243738352864597 0.005436665219154581 0.0034187118400147427 0.005414588161698128 0.00036894015341269455 0.0018564537277097105 0.00038821332510242896 0.0033538823299389844 0.011567420059336838 0.006083548723242878 0.008979846105254239 0.0005894871129240088 0.0002555041267578564 0.004745057950506747 0.003022525576722995 0.007126327059341026 0.011573003617744984 0.009638309695030083 0.226533719639717 0.25767323210777476 0.052412193147701715 0.18047272784534327 0.0015954394634165713 5.698349652672117e-05 0.0008497685554328552 0.00040068740176417303 0.001639508874956123 9.8548012478806e-06 9.021555912897943e-05 0.00020362935858019428 0.0012070124583176472 0.0005344237029997829 0.022633744363015112 0.009053786562916947 0.0013168538829691893 0.0057376301216928915 0.0021859427239723263 0.0 0.0014389517106492466 0.0006267421543199012 2.3504001431979234e-05 0.0002932077583032659 0.0009599220919210395 0.0002926307016318913 0.0004255494140323223 0.001757593157651554 0.0002273374468355758 0.0015941553988780088 0.0006281984151577109 0.0014028022875601498 0.0007233896431592318 0.0036627749255683283 0.002395153428251631 0.0029292732218978565 0.0025457656349167084 2.8525909725729842e-05 1.8759905601274144e-05 0.0 0.0 0.0 0.0 1.4247706307877478e-05 0.0001097417267522735 0.0 0.0001633853232222209 0.0002577326850216297 0.0 0.00011565604123293398 0.0 0.00010688503903304258 0.0004601189567454871 0.00013073530661308091 0.0005157170365806898 7.507388295923674e-05 0.00024070381186377352 0.0003985668351425278 4.841656344311154e-05 0.00016925033426876964 0.0 0.0008285831413950402 0.00020488076710215827 0.00045837629004280827 0.000126008734021314 0.00018820842749812225 0.0004017650775536587 0.00016970494620136844 0.0 0.0 0.0 2.414334562414875e-05 3.4774707627792926e-05 0.0 8.311566439022173e-06 0.0 1.4034189761725869e-05 8.611912438876931e-05 0.00018389742876747425 0.0007025235906618484 0.0 1.4066126596812132e-05 8.403103398834492e-06 7.617460592823702e-05 0.00013568589539245723 4.288110710905769e-05 0.0 8.576376563429499e-05 0.0016414140943877657 0.0 0.0 0.0 7.991989007928178e-06 0.0 7.96323536828682e-06 1.040051972105306e-05 3.5142066361672285e-05 0.00011336043155188806 0.0010109474236450822 0.00011697434180808542 0.00023760934611903093 1.7862225416605354e-05 0.00022938736681342849 0.0010015665487120885 7.556698949092236e-05 0.0006247163432677545 6.014155058457784e-05 5.3867463509118204e-05 1.1598539912397324e-05 2.510102025749794e-05 7.519309682955083e-05 0.0 0.0 0.0 0.0 0.0 0.00010203827391202833 0.00021824554325680588 0.00012040188938753287 0.0013244098872543203 5.718257019187149e-05 0.0003506759014442965
9.661492476355006e-05 0.04555051993517017 0.01445468821416584 0.00033508940537963297 0.2642398818827128 0.0005134523087989698 0.12605098481281932 0.011551807795325485 0.0 0.005429179618380855 0.08433509828193166 0.004822791337414664 0.027904160809151316 0.06701382316234615 0.00011831390318670262 5.911747493011561e-05 0.0 0.0 0.0 0.0 1.697310049534669e-05 0.0 6.027040461995881e-05 4.445030600502382e-05 0.0 0.0 0.0 0.0 0.0 0.0 0.00028027733100589137 0.00014840856708725491 0.0006547017195011612 0.0 1.616951594941331e-05 0.0 0.0007529152717140299 1.7094533204077448e-05 0.0 0.0 0.0 1.3514138440869931e-05 0.0 9.847691157926646e-06 0.0 1.1594979419075559e-05 0.000919368907944947 0.0 0.0 0.0 4.651418191806195e-05 0.0 0.0 0.0 1.9665348315185748e-05 1.7228700737717115e-05 0.0001562001864050153 0.00028756416662698996 5.7031070792404426e-05 0.00012959091175535482 1.1028635555648754e-05 0.0 0.0 0.00012747062368033722 7.510190515858973e-06 3.558722132979778e-05 0.0 8.158950128872688e-06 7.882577390938524e-06 0.0 0.0021476277731582736 0.0 0.0 0.00025837500401005583 0.00020013745787623253 0.00021736972796083175 0.00022925063310939167 1.1424457123766179e-05 0.0 0.0011184211447552003 0.0 7.71085073901281e-05 0.0001321178819927902 8.204374341492283e-06 4.451529658587876e-05 3.1111745923430513e-05 7.677483985835814e-06 1.1342561010063834e-05 0.0 0.0 0.0 1.131617467623473e-05 2.0614786413295167e-05 0.0 0.0 0.0023153968529885417 0.00044006518639545496 0.0 0.0002739770183227739 0.00019182794001485235 9.968839463059257e-05 0.00027800337440913626 0.0004588426424773913 0.00018190907031847284 0.0003346266379559233 0.001027949311832225 0.00019430083611126722 0.0009906679542499425 0.0005372419887417884 0.0011938081304687879 0.000185630116826666 0.0017094451458474268 0.001522291882259152 0.0016169912629776777 0.0007759322054234826 0.0 0.0 0.0 0.0 0.0 0.0 0.0 0.0 0.0 0.0 0.0 0.0 0.0 0.0 0.0 0.0 0.0 0.0 0.0 9.37867298444536e-05 3.8308756046024756e-05 0.0 0.0 0.0 0.00047398081604247566 8.221178262709313e-05 0.0001350460969445406 0.0 0.0 0.0 0.0 0.0 0.0 0.0 0.0 0.0 2.0757229301631236e-05 0.0 0.0 0.0 0.0 0.0 1.0508230773424418e-05 0.0 0.0 0.0 1.6586282998041634e-05 8.39940458565931e-05 0.00013052310311802417 0.0 6.77761996836566e-05 0.0008360496511686131 1.2993888255429079e-05 0.0 0.0 9.091915837545693e-06 0.0 0.0 0.0 0.0 0.0 0.0004852480897810702 0.0 0.0 0.0 0.0 0.00019969249223808863 9.943110063403477e-05 4.17206702811338e-05 2.6963346232677642e-05 1.250550816285078e-05 0.0 0.0 0.0 0.0 0.0 0.0 0.0 0.0 0.0 0.0 0.0 0.0005378441983779398 5.867342870015534e-05 6.163105245500842e-05
0.04019308425517979 0.059600752383551205 0.0003718362994069975 0.052333307738253364 0.020354014253353835 0.04652442032977518 0.139815953202544 0.0002150886401617866 0.005429179618380855 0.0 0.0009142016636917756 0.11323199808854352 0.22813489892824285 0.021882664044792024 9.030028497675828e-05 0.00013763237854442804 6.469257682609372e-06 0.0 0.0 0.0 0.0 8.626122947972826e-05 1.4319638079997806e-05 1.4169270574161344e-05 3.950059781437455e-05 0.0 1.6687658987505743e-05 0.0 0.0 0.0 0.0028164463341521805 0.0002581398575350788 0.007113701747524538 2.003407730778037e-05 0.0 0.0 0.008964024422533056 0.00012756723577332356 0.00012524866540523675 4.073046358102981e-05 0.0 0.0 1.0461547312114695e-05 0.0 0.0 0.0 0.0005576022720731457 3.665560769141268e-05 0.0 0.0 1.1859060691158294e-05 9.04594515594343e-05 0.0 0.0 0.00015365503163579256 0.00019259359658955723 0.002192690952572293 0.0037405531074050417 0.0004091462253851983 0.0006696355140753537 0.0 0.00013050193357433377 0.0 0.00017064813232382868 4.7861575973361183e-05 3.047132091586282e-05 0.0 2.7873433660524685e-05 0.0 0.0 0.035397417545219315 0.00017231048838113976 0.0 0.0022199188888162484 0.00021870905846583835 0.0002545524575625546 0.00014332063711339744 6.33139024612557e-05 0.0 0.00022395259589113637 0.0 0.00023514762321569878 0.00033174563495492744 0.0 5.694506594568559e-05 6.94915102471333e-05 3.265308607038742e-05 2.932977486142003e-05 0.0 4.460475432110972e-05 0.00011240933988113421 1.3805880959463174e-05 0.0 8.48363102453363e-05 5.5185463063219884e-05 0.01545277773002586 0.0066889063680664355 6.118163075186744e-05 0.002498086803238112 0.03395279554872847 0.00013232323759948604 0.0017517861496836643 0.009870060683893636 0.009518583856695665 0.00109501532726368 0.008938103440686223 0.0026978319278489807 0.005629819718073204 0.00607255098593159 0.00827954713370288 0.0006987615576178691 0.008394167927450355 0.006125560854771806 0.004468642623542385 0.0015178793543043428 0.0 0.0 0.0 0.0 0.0 0.0 0.0 0.0 0.0 0.0 0.0 0.0 3.35574152788321e-05 0.0 0.0 0.0 0.0 0.0 0.0 0.0005500990540765347 0.0002745275585810876 0.0 6.101789573208307e-05 0.0 0.0003117026897849545 0.00013792241028275654 0.00034046244315021285 0.00019703023347007257 2.2774240595895307e-05 0.0 0.0 0.0 0.0 0.0 0.0 0.0 1.8828686868018324e-05 3.205020833095585e-05 0.0 0.0 0.0 5.0992055958224026e-05 2.5063652784739956e-05 2.6270203040899656e-05 8.044283583330863e-06 0.0 0.00018579544548730215 0.00024389655076562108 0.00032875521148338155 0.0 0.0001879540456418561 0.0008370229645946456 0.00010478490506645481 0.0 7.223483629940017e-06 0.0 0.0 0.0 0.0 0.0 0.0 0.0005100548401690344 1.627249511433255e-05 1.4199002191692917e-05 1.0633400365639594e-05 1.3787748867994404e-05 0.0008067641298067254 6.146386727088432e-05 0.0004490207730685647 0.00019558390087856073 0.00019897303354096378 2.0836270482662413e-05 1.1770339844560493e-05 0.0 0.0 0.0 0.0 0.0 0.0 0.0 0.0 0.0 0.0012770825766523352 0.0001078909199400709 0.00012572405528174404
0.0016782374620636783 0.08813292521045028 0.1973675503821854 0.00012841452489805146 0.21545204559847808 0.0005575254095489884 0.042414049828238265 0.16443438208125188 0.08433509828193166 0.0009142016636917756 0.0 0.027361820354017883 0.06795085689400336 0.2362948103371911 0.00278058900125418 0.001976761837803027 0.0001462493567180842 2.0864481330953843e-05 0.0 0.00025113115719145465 0.00036234921307853706 0.00028964402457843324 0.002950454941276859 0.0030770910610545665 0.0004846601827310417 0.00024040658081884517 0.0010609445954991978 0.00014463448434772432 0.00015408491489346524 0.00059959981974515 0.009614070547754231 0.006817071759226342 0.028211727752345254 0.00011737456972505364 0.0010925186974963066 0.00021037632452625504 0.02223998021792736 0.002075687335445553 0.0007932639227834895 0.0005535360259303866 0.0005032006548837198 0.00017616738528047026 3.6140884851763614e-05 3.294235367835875e-05 5.388431796373318e-05 9.880739455350532e-05 0.011751586257677088 0.00023872471491987596 8.466593437429322e-05 3.5470133676038884e-05 0.000553643380116174 0.0010165475906512773 0.00026472026962396825 4.3278021070305976e-05 0.0005065599966778418 0.0005110574186980755 0.000522480255620309 0.00201857298057361 0.00031398803206023925 0.002177082195251851 0.0005856694985906308 0.0018376449453478259 0.00021605920285474204 0.0011043579357470242 0.00020118165699218517 0.0004603039770862888 8.159793941272395e-05 0.00038404285757213794 0.0004022581323260688 0.00017147707959581335 0.02501764382579135 0.0005819532037201397 0.00010601410409191611 0.002421137124633283 0.0014779921896165235 0.0032705373903463425 0.004661708281069782 0.0019427781215532237 0.00038658922459807707 0.04493825687018895 0.00010000358682517185 0.003923024085272195 0.0006551477836618238 2.2160075929183396e-05 0.00034266312768202874 0.0001721236673623842 0.0001863834192795544 1.7155340137174998e-05 2.693934967908306e-05 9.732912444586407e-05 0.0005891303375998885 0.0004406464512321386 0.0022012719294456484 0.001617936811638648 0.0005814216829524528 0.00983456635071316 0.0030250391174715605 5.8844719893123535e-05 0.0023554467406661 0.0004711853568220206 5.3770453005918925e-05 0.0005891581622967428 0.0016501810668556403 0.0003041336312657009 0.0008804172063508454 0.0030033167813132396 0.0002654032455233207 0.003837256155059349 0.001369059009490203 0.0025050710548155243 0.000690888940482254 0.006143357997666738 0.004356809975974567 0.004806989607894197 0.0037526710114658083 0.0 2.6573152123687566e-05 0.0 0.0 0.0 0.0 4.1950921418314955e-05 2.423715522478256e-05 0.0 1.4793333521274667e-05 0.0002230098224807941 1.1074068621828637e-05 4.635353679081791e-05 4.343468958689474e-05 0.0 0.00026055341298418836 1.2986797234681899e-05 0.00020472762843195188 0.0 0.0001416806853309154 0.0004540602093685552 0.0 0.00021437223458087483 0.0 0.001454742623162172 0.0003313219389738095 0.0005365096910201606 7.3762931520167e-05 7.549282594056648e-05 0.0001750581342897838 8.100220785853058e-05 0.0 1.1197701099769284e-05 0.0 0.0 9.530891565425003e-05 5.0257760737186715e-05 2.249401315402059e-05 0.0 0.0 3.428366874295598e-05 5.4935131370263614e-05 0.0002465511117034887 9.341151732155614e-06 0.0 0.0 0.00013916569736576451 7.252185510305848e-05 0.00012057047343418237 1.247735111696417e-05 3.3297036157035736e-05 0.002703125363940059 9.004795169813394e-05 0.0 0.0 0.0 0.0 0.0 0.0 1.2730791771667553e-05 8.830758487800054e-05 0.0019472727281412857 8.508642332345778e-05 7.189120102083268e-05 9.006154123213213e-06 0.00013668009096199228 0.0013323248080630745 4.185505370543587e-05 0.0009489869288496898 4.466194014804969e-05 8.457916471617416e-05 2.4083904863507866e-05 6.485212479290521e-05 1.9090699131166183e-05 0.0 0.0 0.0 0.0 7.902357606706967e-06 4.316161105443061e-05 7.708760890159105e-06 1.1100501266588476e-05 0.0018505109153210927 0.00017727100404472758 0.0005112890053607738
0.022279912159836854 0.03241835030321857 0.0012031522658507603 0.08111111592927889 0.012886114036310289 0.015380629439321402 0.08030610020736817 0.0056487981663187 0.004822791337414664 0.11323199808854352 0.027361820354017883 0.0 0.11164207348535561 0.06110360582811595 0.0007672643124677425 0.0007292122960491928 2.5953347058029414e-05 0.0 0.0 0.0 0.0 0.0003170906485287912 0.00037093184148140714 0.00023109996069598315 0.00012836311499763443 2.9734281772179482e-05 0.00024643501564848206 0.0 3.88425916792052e-05 0.00020270952065829832 0.001443254261040251 0.0003079694743986678 0.009115111893081668 0.0 5.242880627333246e-05 4.29880765054942e-05 0.02534762470372964 0.0010892864335771632 0.0012196816027490328 0.00032676895745755623 0.00014463300988941483 6.017156892125411e-05 1.1215092897389407e-05 1.0261740163546712e-05 0.0 0.0 0.0023480491551783216 8.936245730140124e-06 2.5690100744786103e-05 0.0 4.4798390538157315e-05 0.000634152254655667 0.0001983690715809186 2.0105556867282932e-05 8.606071608946657e-05 0.00015099425005025833 0.0008697292728211365 0.002062644610951578 0.00017503474182141803 0.0004331474468491813 0.0 0.001143054197143884 9.106763939190907e-06 0.00040145858500362653 2.858366013739892e-05 6.389205629306291e-05 1.982695575632872e-05 3.675015894798134e-05 0.0 3.592257512428098e-05 0.04659584871638033 0.00047831286785844423 7.371712115611024e-05 0.0014226916289074804 0.00023356822774245385 0.0007826568379231967 0.000975149371803115 0.0006793875357039431 1.4010376408724932e-05 0.0009822322288866644 0.0 0.000419482329325772 0.0001601659637077182 7.0356928058114485e-06 8.199616574402409e-05 5.1749540696783566e-05 8.530618503482755e-06 8.90436201641559e-06 3.182028954280703e-05 3.608247110411608e-05 0.00018703306016233822 0.00023933118652374113 0.0001863630377027294 0.00026985333232399896 0.000190781803331283 0.030917608004406266 0.003223193769443178 0.00015410103041631776 0.0011428953860657053 0.005150501044222472 4.10141731962699e-05 0.0006592905790489147 0.002300903800223193 0.002296665570947677 0.0008232775030547566 0.003717161584327127 0.0006176051684121474 0.003661927197851845 0.0013855676093071524 0.0035697541703457077 0.0006343484229909569 0.006703112658781374 0.004896954468929033 0.005206122857728634 0.0021852487349250196 1.3547200359155805e-05 9.52637093754222e-06 0.0 0.0 0.0 0.0 0.0 0.0 0.0 2.1291965273788617e-05 4.551784787319591e-05 0.0 2.8435919414795445e-05 0.0 0.0 2.322970383236783e-05 0.0 6.070687833170088e-05 0.0 0.00030351544708261845 0.00015802597918523334 0.0 2.072808678638033e-05 0.0 0.0006001076967395676 0.00018554968291249724 0.0003707431632581205 0.00013352674359299303 1.3417334974772762e-05 2.418281070965177e-05 1.1235330774120403e-05 0.0 0.0 0.0 1.5124996062161077e-05 0.0 4.178897345562246e-05 2.8953991624405583e-05 0.0 0.0 1.119236172187283e-05 0.00010510953924255919 0.00010632416803195961 0.0 1.2272733079944591e-05 1.8399880339485213e-05 0.00011386623068381044 9.122449928160866e-05 0.00011678116120887105 0.0 0.0 0.000892282637519152 4.389773351410266e-05 0.0 2.170502744795818e-05 0.0 0.0 1.2546893789893076e-05 0.0 0.0 0.0 0.0011008820007364327 2.4019743112104452e-05 2.3115627070149774e-05 0.0 3.240429966422286e-05 0.0007434746325249238 0.0 0.00033541959959159783 9.892741818406418e-05 5.625431117205593e-05 0.0 2.6760392664992103e-05 1.4953201578342703e-05 0.0 0.0 0.0 0.0 8.77551411042251e-06 1.9417844313176676e-05 0.0 0.0 0.0016826418154581703 9.622231703781705e-05 0.00021308547719789842
