0.0 0.19140340778709247 0.04579701299477259 0.05098414085994706 0.0035668227870095004 0.01313189064680845 0.010954862587826105 0.013944595214227718 0.0006357975011682406 0.04914732034242313 0.009107478845864657 0.006321202067429346 0.00831099513531325 0.011997309182779465 0.0003361323907497098 9.518235459412451e-05 8.034092299611462e-06 7.515598573609005e-05 0.0 2.3497468177125776e-05 3.696502030852687e-05 0.0 0.0 0.0 0.0 0.0 0.0 2.0527679509166527e-05 1.357876414408126e-05 0.0 0.03974360103499115 0.0010670668695440572 0.001634915887893396 0.0 0.0 0.0 0.0005590497596091351 3.514845265822273e-05 5.4933962336516414e-05 1.3251368743105419e-05 5.7500865034141473e-05 5.079522789986533e-05 3.628184242021595e-05 1.707543215283687e-05 6.9039349854174215e-06 6.720799860340098e-06 0.0011593606630140375 2.44571283456177e-05 5.110777536390751e-05 5.558605284514027e-05 3.99744714878099e-05 7.318657027050396e-05 6.562136304387419e-05 0.0 0.0002799992605902632 0.00024025973438246027 0.025241525476599535 0.02398920663398942 0.0021313297385961963 0.002626210500978943 2.220323725367217e-05 0.0 1.691371279863491e-05 0.004573724931471932 0.00011751772745739816 0.0001342056041003189 7.984893286051605e-06 2.0061589396024855e-05 4.520155280850649e-05 6.524427002173796e-05 0.0008254898566187984 0.00015648535671132098 3.9409147892601284e-05 0.012753351046838817 0.0023435657116381405 0.00849988631106807 0.0006144435525803352 0.00011120666907723985 3.8100738131445686e-05 0.003738240937694002 2.0044713941364435e-05 1.690572312882591e-05 0.0004369055372424875 0.00010050336945084487 6.254595595928415e-05 0.00013195870408434278 6.280519101194864e-05 7.679006484278594e-06 4.761988974211381e-05 4.155180491365022e-05 6.29566592696115e-05 2.7402776133880275e-05 0.0 3.919509725810658e-05 0.0 0.0036127381781676077 0.0005141346042490943 1.2370981208997038e-05 8.70641115774755e-05 0.11861308547430588 1.667113491619741e-05 0.0004823943041130138 0.00046003425270101805 0.0005977798908040454 0.0005560182897343943 0.00022664347448727315 0.0023558474071611337 0.0002999352045473246 0.00217160898891995 0.0016258665340144148 0.0002261544566963384 0.0008275336542283676 0.002356149897457123 0.0007649242556218108 0.0005451626611203495 3.577638114802583e-05 8.075489138201963e-06 0.0 0.0 0.0 0.0 0.0 0.0 0.0 0.0 0.0 0.0 0.0 0.0 0.0 0.0 0.0 0.0 0.0 0.00017280701043734318 0.00029799649687628445 0.0 0.0 2.1034830992190497e-05 0.0001715552323895916 3.337963415329442e-05 0.0004164867292773288 7.655519906426739e-05 5.1679314780687306e-05 0.0 0.0 0.0 0.0 0.0 0.0 0.0 0.0 9.594982244196418e-05 0.0 2.4469697852612745e-05 0.0 3.995445549458542e-05 0.0 0.0 0.0 0.0 5.217086559014197e-05 0.0 0.00022442917513654034 1.5523703261262525e-05 0.0 0.0005369907591945064 0.00011589932852575998 0.0 0.0 0.0 0.0 0.0 1.0060674390350013e-05 0.0 0.0 0.0003217866454171889 2.332606940182713e-05 0.0 0.0 0.0 0.00024975207928606703 0.0 0.00020123413613576236 4.7898383915451595e-05 0.00016977656626966629 4.720762351524325e-05 0.0 2.2864811876268088e-05 0.0 0.0 0.0 0.0 2.089216396288278e-05 0.0 0.0 0.0 0.00019344226143438675 0.0004527035137454649 0.0002622796251198143
0.19140340778709247 0.0 0.10490539962757235 0.038993674805003056 0.14993531568111682 0.009261938995906941 0.23506460312037292 0.021994446818612387 0.03638758981169771 0.06920484518027865 0.04624812522372987 0.009293488176762694 0.09714809279648853 0.0705516387407089 0.001779007559976461 0.00028634526194252184 4.5170386846423394e-05 0.00019170774851101323 3.488646262623548e-05 0.0002835122020481892 0.0002031562633807868 1.6865639213659104e-05 0.0 0.0 6.351361958397035e-06 1.7062562562189158e-05 0.0 3.6189221807615896e-05 2.9081145841434424e-05 6.40465782611237e-06 0.07172263307847826 0.009336571762587526 0.00224145700815343 6.059403725478787e-05 2.063221707319226e-05 3.3248546308973324e-05 0.0004450609694929432 6.0617919409987683e-05 0.00011938957667444238 2.5559075039183936e-05 0.00010779496931816819 2.746058244730914e-05 0.00019064018000729756 9.884537142525506e-05 8.483215462449144e-05 0.00016898371217199408 0.009503479228134945 0.00019893764970880035 8.65230115802752e-05 0.00020283631492558652 6.213275271776154e-05 0.0 0.0 1.2536304324308061e-05 0.0006485278654088584 0.0007268210244523622 0.01960344280184842 0.035062082280768764 0.0019408164852426002 0.008856230513182243 0.00012599999492204163 9.730353840102614e-05 7.502909722472166e-05 0.02296858098625989 0.0004488799296423946 0.00033326776784539837 3.1985207917628325e-05 8.054221616922846e-05 0.00017449527693133506 0.0001374921276170724 0.001077436693054481 9.037929652965506e-05 0.0 0.023267338620275902 0.007577571770975506 0.02834638891223742 0.00785003102125595 0.0007909066972257372 0.00025130253201791173 0.0034801334803737528 0.00016418144682467755 0.00022153827308417712 0.0014246100368212936 0.0001703353339791338 0.0003109238547759974 0.0003373198998861651 0.00019809609980063058 0.0 0.00016206713323310118 1.1466051151834503e-05 7.365761199368773e-05 2.626161544605764e-05 4.873471567679745e-05 2.9936346109204288e-05 6.164485943631848e-05 0.0011297642069067774 0.0003204329239435728 1.7916933349112064e-05 0.00042196601551329553 0.09185978102866313 0.00010980697368512432 0.0006540733304300273 0.0009609632686565665 0.0005926864795176307 0.0008668372719372038 0.00043068023385506575 0.0027073582395450903 0.0005294461359601741 0.0024307304247666475 0.0016231020439240354 0.00046410706707696384 0.0008293988607054433 0.0036298221082483235 0.0015793092721950823 0.001135127898438187 0.0 0.0 0.0 0.0 0.0 0.0 0.0 0.0 0.0 0.0 0.0 0.0 1.819088904441961e-05 0.0 0.0 0.0 0.0 0.0 0.0 0.00037877170065881186 0.0002570718479553162 0.0 0.0 0.0 0.0005130908149622351 0.00012028236965756115 0.0004694325574538883 0.00015720959734815277 8.320165308477261e-05 0.0 0.0 0.0 0.0 5.034533770850596e-05 0.0 0.0 0.0 8.726290344075555e-05 0.0 0.0 0.0 6.904953753334109e-05 0.0 0.0 0.0 1.0325860106442388e-05 8.768559217488873e-06 1.3843428734810506e-05 0.00022764917474891384 0.0 2.5903724560868907e-05 0.0008326936261828562 6.833569550737087e-05 9.096463795627289e-06 0.0 0.0 1.5869392276396696e-05 0.0 0.0 0.0 8.303844066504608e-06 0.0007163980020384664 5.6830723551740003e-05 3.8007692898179375e-05 0.0 7.933884579652237e-06 0.0006595808075261361 7.305352613811331e-05 0.0004173577195516923 3.313641336575725e-05 0.00022128583563854216 8.56845746378989e-05 3.4311175150847484e-05 1.2273840500213771e-05 0.0 6.914423207783166e-06 0.0 0.0 0.0 0.0 0.0 0.0 0.00035167979924089464 0.0002811221469648669 0.0004522788985937636
0.04579701299477259 0.10490539962757235 0.0 0.001426801920888219 0.0087372129207551 0.00017899277952682408 0.003581809250001891 0.3643022324906623 0.009571184501654964 0.002648716287810061 0.14380469547866367 0.00850114990175027 0.026821885072828094 0.07280321881307966 0.0013238191541438686 0.0007582641870863073 5.833801708541078e-05 0.0001896010165122419 3.206790049465069e-05 0.00039309103817035195 0.0011490952369060557 0.0 3.8991424095349286e-05 2.7424090804597e-05 1.9255330795956515e-05 3.7506706686647266e-05 0.0 4.833600973847653e-05 0.0 0.0 0.23982937254563252 0.09568338079076938 0.0066515282103537035 7.921976589376974e-05 0.00010796211085769606 2.395881025918113e-05 0.0007576811516623986 7.774968686894532e-05 0.0002143619168281325 0.00010290620589194915 0.0005141658235185338 0.0001304634102204093 0.00026503324280722465 0.00018740633243046848 8.603324059315863e-05 0.00021287777660942706 0.0042642724419905045 0.00012943690216748354 0.00018100181154911643 0.0004519439055158665 0.0002704748159267445 0.0 0.0 1.297003089803302e-05 0.00019612387972473472 0.00015496278878186561 0.008933939419464021 0.024679663377114035 0.0009201641989999122 0.0028213807171532314 7.8025294173208e-05 0.00024090514860424493 5.621412103698076e-05 0.018360528170538168 0.00012341932605918027 9.209631682785432e-05 1.3702448699513424e-05 0.0002229920690093615 0.00043884417046704714 0.0008427923261810527 0.0011902829020256213 0.0003290434015743858 1.0522901558339575e-05 0.007610880715897889 0.003100932563127383 0.009769738846655975 0.0073016038006283104 0.0017430724322784429 0.0037795377675480355 0.04079075743322266 0.000130688365885651 0.002552009207717187 0.00035371681946346574 8.355363328705071e-05 8.721837984998628e-05 0.0001103282548344095 0.00014339809466479977 7.1943392169882594e-06 2.7977222639766923e-05 0.0 0.0001593408208603527 1.1525036660749959e-05 0.0002571353884859242 0.000394854357745743 7.53437411384169e-05 0.0012358127707060935 0.00048328663709041073 0.0 0.0003483149736512804 0.03909882915857885 8.604981596416637e-05 4.092348397141315e-05 0.00018739079287654053 3.9286764312392256e-05 0.0003906372127833338 0.00018670031785450724 0.00033676965400097794 0.00023478941205419472 0.0005750704455156478 0.0007533239843589223 0.00025353966621811014 0.00042290837698509933 0.0016267846153640304 0.000974452242532943 0.0007754580139585488 1.0004850559122694e-05 0.0 2.3787856324580467e-05 0.0 1.582389720501219e-05 0.0 1.3965580703747035e-05 0.0 0.0 0.0 1.0150804262678309e-05 0.0 6.982682955932282e-05 0.0 2.2315490597986253e-05 0.0 4.164400596059195e-05 0.0 0.0 0.0002712982335214636 0.0002718642197822574 1.4508263377976135e-05 0.0 0.0 0.00040494607264207014 0.0001256145436740636 0.0005410909519529561 0.0002291127199462136 0.00024081978514485 2.5907479972215914e-05 0.0 0.0 0.0 3.445563624842475e-05 7.2622610608344525e-06 1.2886843849325704e-05 8.870113959198026e-05 0.0001706873132623196 0.0 9.403773352359962e-06 0.0 2.9264174351799003e-05 7.427209737921599e-05 0.0 2.4165910257769875e-05 0.0 5.42068729729421e-05 9.81791857163332e-05 0.0 0.0 0.0 0.0010484874829200619 9.184217446590785e-05 0.0 0.0 0.0 0.0 9.589800401520342e-06 0.0 0.0 0.0 0.0009541609866638305 0.00015730234157867404 0.0 0.0 2.541692729705466e-05 0.00045001673107519547 0.0 0.0003498185522136676 3.998472855844932e-05 7.190056200677039e-05 0.0001788861675713617 1.1423838159236137e-05 0.0 0.0 0.0 0.0 0.0 0.0 1.1429697372975053e-05 0.0 0.0 0.00016624601362365274 0.0008501206391923447 0.0005544664422799066
0.05098414085994706 0.038993674805003056 0.001426801920888219 0.0 0.001672255979220887 0.019461014221860303 0.022652302422701585 0.0002265099418572979 0.00017681440106245337 0.15260112743545473 0.0006361532464323353 0.013860017587983962 0.016685941676874656 0.0012543897681495221 0.0001293284097490706 1.4625985781326048e-05 7.267534812745651e-06 5.3173400497725127e-05 0.0 1.4719364645115839e-05 4.643171518279631e-05 0.0 8.296722938967496e-06 7.91798612016114e-06 0.0 0.0 7.447578570699705e-06 7.5541422738136714e-06 0.0 0.0 0.006267618850545414 0.0011284189594646392 0.0002290617401912233 6.792053873505575e-06 0.0 0.0 0.00016945214045607722 0.0 3.277408694088161e-05 9.00951214464945e-06 7.99260722815525e-06 0.0 1.5571454244823058e-05 7.590307638741126e-06 1.388666697492664e-05 2.3718178095251124e-05 0.0010239298123048692 5.914083460371622e-05 1.919793026180071e-05 5.32237952504339e-05 6.017211688186028e-06 0.0 0.0 0.0 0.00020553907785456635 0.00020393856997463663 0.004719685045696695 0.0065773163103066724 0.0003223173256644036 0.0014488493196000982 1.6440887576743638e-05 0.0 0.0 0.0033482688362006323 9.204393407838993e-05 6.287149984871852e-05 1.1304434276429703e-05 1.3454035959284318e-05 1.429786429739275e-05 1.9654411264410556e-05 0.0006249937801329146 0.0 0.0 0.004550132114816108 0.0012769914530765647 0.004411333976268916 0.0006587963190070449 0.00012019058909537009 2.1116979926087126e-05 0.00012999775529749593 1.914807042084034e-05 8.01097069333227e-06 0.00027999764528545597 4.961844227341775e-05 1.7771692861220986e-05 3.7046606298358386e-05 2.4183429077076138e-05 5.8010558726608876e-06 2.0790488452438685e-05 0.0 2.2178743902058802e-05 5.230489315134839e-06 6.966187867641402e-06 2.0245448306328753e-05 0.0 0.000542231472492956 0.0001605637113759598 0.0 0.00010604202629542223 0.025351091099850055 0.000240129651106079 0.000615857424971968 0.0004548566622057028 0.00035610820539251257 0.0006626304795653465 0.00018588207291154066 0.0022044014232418924 0.0003979051515371678 0.002163610796367576 0.0014728327523433683 0.0003762748608306651 0.0009358100399841797 0.001931432678712024 0.001038821595458247 0.0006765721707611551 8.838969963422123e-06 0.00010421049214527108 0.0 0.0 0.0 0.0 0.0 0.0 0.0 0.0 0.0 0.0 0.0 0.0 0.0 0.0 2.5953327975063283e-05 0.0 0.0 0.00015251180752612825 0.00025618248594394446 0.0 0.0 0.0 0.00015053915455773498 0.00014365298011291222 0.00030065927469252523 0.00011642929096184841 4.323066679515843e-05 0.0 0.0 0.0 0.0 0.0 0.0 0.0 0.00011561086771496576 1.4900197443853406e-05 0.0 0.0 0.0 0.0 0.0 0.0 0.0 0.0 0.0 9.915919183220368e-06 0.00018171932764676066 0.0 0.0 0.0006035946512627551 5.919869422450145e-05 0.0 0.0 0.0 0.0 0.0 0.0 0.0 0.0 0.00020170402577668393 0.00016009270411873925 0.0 0.0 8.292420667671519e-06 0.00031243390742490646 0.0 0.0003037931792479922 4.102934043296286e-05 0.00020859941044595808 0.00010103311268340752 0.0 0.0 0.0 4.7467907711826666e-06 0.0 0.0 7.327420113072931e-06 5.588458782719602e-06 0.0 0.0 0.0003147257312963708 0.0001561497427865407 0.0001910671112717239
0.0035668227870095004 0.14993531568111682 0.0087372129207551 0.001672255979220887 0.0 0.00019899592062341278 0.3022137637788119 0.012283725564088122 0.23614778211861928 0.03260670641390557 0.045541733112203525 0.00794173396012384 0.1398781230754535 0.11693856874756411 0.0010818326515697324 0.00019820150131146641 8.366901154535888e-06 4.844540056966279e-05 3.065891399795685e-05 0.00013213102516881586 4.85555138074371e-05 0.0 0.0 6.295060199147091e-06 8.151036691286081e-06 0.0 0.0 2.923997924565361e-05 0.0 0.0 0.006317080750252295 0.002801768973832133 0.0006815035474446912 1.2994805951452023e-05 0.0 5.061614918888004e-05 0.00038969997571093416 6.210551863275693e-05 3.993705799546951e-05 2.5393651742806637e-05 5.690085581269084e-06 4.368464970475772e-05 7.016060897577011e-05 2.427527857119353e-05 7.568082147504356e-06 2.1347577439726708e-05 0.005350434143071413 2.030613827200951e-05 3.683589426682942e-05 0.00010101758140131073 0.0 0.0 0.0 7.765198964974341e-06 0.00013488333498781042 0.00012984964034827643 0.001668977674687484 0.004877989539380988 0.0002639122051868853 0.00259826997402039 4.1598180475507176e-05 1.468408574476112e-05 1.4861465973081388e-05 0.007516996898634428 0.00014566702808171129 0.00012194513087926099 6.271817272677539e-06 5.436440724012286e-05 9.008310385445636e-05 3.147114945558507e-05 0.000947583283508472 0.0 0.0 0.00449076686037799 0.002167036032978343 0.00881696581076265 0.005511059759912688 0.000486244910909848 0.00012008203004276165 0.00011959636326253938 6.0694191667390725e-05 9.792447995077542e-05 0.00023712536614490208 2.4747291774992522e-05 5.9800072434009206e-05 4.4356708873349966e-05 3.267376617256319e-05 1.3860325788141184e-05 3.9090635978745985e-05 5.719731364603287e-06 4.839977085124883e-05 0.0 5.7878232405344536e-06 2.5885106507110603e-05 1.8394544284876044e-05 0.0012480971573314915 0.0003624090963135357 0.0 0.0002558143729136257 0.0016449815773111605 6.488480427180539e-05 0.00017002977896969957 0.0002654467346437455 0.00017005170851319923 0.0005276915537362198 0.00012924681962332346 0.0005967458627375022 0.0002995183070140964 0.0008223839595645496 0.0006008945684070714 0.0003227863237857445 0.0006880120346741729 0.0018137998606722234 0.0010411648333558377 0.0009190961801409446 1.613188505190005e-05 0.0 0.0 0.0 0.0 0.0 0.0 0.0 0.0 8.379619554491829e-06 0.0 0.0 0.0 0.0 0.0 0.0 0.0 0.0 0.0 0.00021743126249866633 0.00017870572492732724 0.0 0.0 0.0 0.00039455904142510114 0.00017889167385363777 0.0002691108755248216 4.385406140239306e-05 3.980061230228709e-05 0.0 2.1055245871495406e-05 0.0 0.0 0.0 0.0 0.0 2.4269988735166187e-05 1.3208975608406219e-05 0.0 0.0 1.495719679419791e-05 1.1971779879898815e-05 0.0 0.0 0.0 0.0 2.4031021507030383e-05 9.17571143069888e-05 2.9035323113626715e-05 0.0 0.0 0.0008088039831376572 2.9365684425619882e-05 0.0 0.0 0.0 0.0 0.0 0.0 0.0 0.0 0.0005854525094980047 0.0 0.0 0.0 0.0 0.0005537459924394774 0.0 0.00019696091091535984 2.053458143317788e-05 7.497653571179488e-05 3.151143143515356e-05 0.0 0.0 0.0 0.0 0.0 0.0 0.0 0.0 0.0 0.0 0.000194462202112917 0.00020768388417307857 0.0003271604910808948
0.01313189064680845 0.009261938995906941 0.00017899277952682408 0.019461014221860303 0.00019899592062341278 0.0 0.0036674273476091203 1.2863293026918502e-05 6.771583481022663e-05 0.03405718983696831 0.00027394564687086925 0.005511256363876626 0.003630137260420089 0.0004343926514405273 2.7323832534558466e-05 7.307650436598575e-06 0.0 0.0 0.0 9.046819941369453e-06 0.0 7.567256067299091e-05 0.0 0.0 0.0 0.0 0.0 0.0 3.0564765394322934e-05 0.0 0.0006711969009638504 0.0002011336986427154 0.0014124809060331379 0.0 0.0 0.0 0.0007826425294569413 1.9580269922623778e-05 4.321842908050218e-05 0.0 0.0 1.7474952866527136e-05 7.374740042320755e-06 0.0 0.0 0.0 1.5213353806578248e-05 0.0 9.90478897484731e-06 3.453893266912185e-05 1.527947055304668e-05 0.0031772138924314785 0.00011616707575223515 2.9872153942119273e-05 0.0 0.0 0.003522759922989938 0.0005325130510909853 1.8792069189525676e-05 7.872139312133828e-05 0.0 4.232114127623989e-05 0.0 4.273621073478162e-05 0.0 0.0 2.5958503384092908e-05 7.489432657734925e-06 0.0 0.0 0.0032194759834027918 0.011811205993710982 0.0007351248280788034 0.00013938479335677903 0.0 0.0001345879327320337 2.353048611029654e-05 0.0 0.0 0.00029884578600159763 0.0 0.00013941575849718338 0.0 0.0 8.01685196528761e-06 6.025406361543964e-05 0.0 0.00035336272672741834 0.000294986816843006 0.001122543113830538 0.00033337290327899866 0.0005550895492112353 0.0 1.1686673756186487e-05 0.0001551514164028337 0.007014538569071111 0.007935930275187509 0.0009542845554136266 0.0011701698471342987 0.020545092123215692 3.503776360909039e-05 0.00013853608417873953 0.00027030262489383914 7.24140933693502e-05 0.00011588391626612264 7.608746653309414e-05 0.0014131392187969793 7.710664528406521e-05 0.00046479677144006066 0.0005901784433064615 9.448579380208774e-05 8.508689623465088e-05 0.0003966757864754927 0.0001956536169323186 0.00012917228950547216 0.0 8.843436752248967e-06 0.0 0.0 1.0870291813415828e-05 0.0 0.0 0.0 0.0 0.0 0.0 0.0 0.0 0.0 6.403317329918144e-06 0.0 1.487270693208277e-05 1.056729004253324e-05 0.0 0.0 4.7111284254990236e-05 0.0 4.144157265341643e-05 0.0 4.2402855019908226e-05 0.0 0.000167912169972498 2.1713255334861002e-05 7.054479555267293e-06 0.0 0.0 0.0 0.0 0.0 8.329487662195506e-06 0.0 0.0 7.52872220138259e-05 0.0 0.0 0.0 1.718652146668816e-05 0.0 0.0 0.0 0.0 0.0 0.0 8.181595776689675e-05 0.0 0.0 0.0001032766060835839 0.0 0.0 0.0 7.244795548884556e-06 0.0 0.0 3.207918970600051e-05 0.0 0.0 0.0001029032349259239 1.981849314550128e-05 0.0 0.0 0.0 0.0 0.0 0.0 3.0265130258722797e-05 0.0 3.351832748682171e-05 0.0 0.0 1.1037179683454767e-05 0.0 0.0 0.0 8.182813390236549e-06 2.1136993621580734e-05 0.0 0.0 6.940610262781326e-05 1.5232273782173923e-05 6.436669169340099e-05
0.010954862587826105 0.23506460312037292 0.003581809250001891 0.022652302422701585 0.3022137637788119 0.0036674273476091203 0.0 0.00133749888288046 0.055445154424324884 0.08991967018898094 0.017168085889984808 0.01814254121101758 0.23447354659875194 0.19217803679629386 0.0018057493088072406 0.00037926541133529183 6.2129852521847336e-06 8.42114814497087e-05 0.0 0.00022173357791107674 0.00010661556519761201 0.0 0.0 0.0 1.1320545046253922e-05 1.1236386516931394e-05 6.653467154691024e-06 0.0 2.9335047401184912e-05 7.236629413344127e-06 0.009913747276085242 0.004002632083743284 0.0017105781988484869 3.0582383475603125e-05 0.0 0.0 0.0007711806349002655 5.28464945134263e-05 0.00012198103981742248 4.133146217291917e-05 2.0642742518798227e-05 2.2897409784234348e-05 6.410073485882598e-05 8.306254478104872e-05 5.538370501355342e-05 7.747331763712351e-05 0.007115731616690923 0.0001634438935946848 8.360692685703521e-05 9.261454061643327e-05 2.772974094008958e-05 1.966556904555415e-05 0.0 2.3884722224750715e-05 0.0002962329181168504 0.0002632460249925176 0.003950050851690161 0.009110880136443303 0.0006850456700847678 0.004248074477874922 0.0001248001097475313 8.776506700958958e-05 3.079473011287871e-05 0.010561508437412007 0.0001873080019566366 0.00016795960708602056 4.493648611487359e-05 1.1052841936211607e-05 8.547077583470839e-05 5.849785919348541e-05 0.0022445742578364003 5.0981504942145244e-05 8.469863394271669e-06 0.00874077774635489 0.004380075243761172 0.015114477024252799 0.0067664661131345664 0.0004070076188440331 0.0001106267121531616 0.0001224021665541048 8.831061127785413e-05 6.120401862824904e-05 0.0006269130655443891 3.4753029258234125e-05 0.00010784382137436547 0.00016947268033194184 0.00010312703942799574 7.19805602645652e-06 4.9691698069724146e-05 0.0 7.0020725417648e-05 0.0 7.317957597771132e-06 1.3273412713602825e-05 3.6533636501205126e-05 0.002385590906555932 0.001014711143232949 0.0 0.0004998645038934466 0.006871093500055788 0.00017568759338033326 0.0005756475114347354 0.0007499756537197355 0.000431880301928954 0.0013298350483131694 0.0005253491522126688 0.002718312961479619 0.00040311292226801945 0.0027478712384906103 0.002774781676612437 0.0007199688904309512 0.001520748011253934 0.004544905513261618 0.0028990973070470638 0.0020877460006361384 0.0 0.0 0.0 1.3749734622344252e-05 0.0 0.0 0.0 0.0 0.0 7.96109706598663e-06 0.0 0.0 1.306669551697836e-05 0.0 2.2145214034448424e-05 0.0 6.0438375178726505e-05 0.0 0.0 0.0004131040218269296 0.0002719438425908268 0.0 0.0 0.0 0.00044162519319063944 0.00012406236121041393 0.0007344195855404171 0.0001742219315133487 0.00018488777077369347 0.0 0.0 0.0 0.0 0.0 7.955065981978044e-06 0.0 0.00011662347955108748 0.00029517544768079733 0.0 0.0 0.0 0.0 0.0 0.0 0.0 0.0 5.6651194485502623e-05 0.0002224497213442944 0.00019657600055323049 1.080354548868682e-05 0.0 0.0019294998941316408 0.0002095195772161189 0.0 0.0 0.0 0.0 6.9688670218451585e-06 0.0 0.0 7.326767097957403e-06 0.0013896461558294932 9.019160500424668e-05 0.0 0.0 2.0792278844338834e-05 0.001052241577207735 7.779276518699234e-05 0.0006238444634195671 0.0001284376272804701 0.00031445394603765064 0.00032229735838307374 5.5735263811988545e-05 1.0728612808385655e-05 0.0 0.0 0.0 0.0 0.0 0.0 0.0 0.0 0.0004946009502309773 0.0005514745361140618 0.0006565190296620222
0.013944595214227718 0.021994446818612387 0.3643022324906623 0.0002265099418572979 0.012283725564088122 1.2863293026918502e-05 0.00133749888288046 0.0 0.022363653971851125 0.0011638775832736304 0.11873088956336716 0.0064597506760795545 0.02410425379938808 0.07033793523360886 0.004466095826154924 0.0031924580335340904 0.00014805641682307893 0.0027759554237195717 0.0003878525858390863 0.01615158242383868 0.03545307847264263 0.0 0.0029223871182556364 0.0017074424303737312 0.0001604690811679339 0.0008686549310096748 0.00011830018891830917 0.0010021763076182182 1.6718558243334745e-05 5.13841749257769e-05 0.054071135973030295 0.23723184656721993 0.009231597323637214 0.0025094789242191538 0.0022208565806464808 0.00171150557497905 0.0019036740125570033 0.000998626987106393 0.00030578551182180937 0.00019131755107013355 0.008962573593232305 0.001455084689346497 0.004470853811011397 0.002060122004947425 0.0008685968379394324 0.0059662704077801795 0.010373437887049334 0.00012666856291833784 0.001117422469378211 0.004171767537602915 0.0019885552963440356 0.00013858181637595068 8.631808385645847e-06 0.00020770530913487745 0.00019691372884996476 0.00011866482318407868 0.002746724237430442 0.007753244374878684 0.0004040078723608864 0.003161469138268828 0.017707738809365492 0.0069050347910853535 0.006611055257181019 0.01590914305780944 0.00012816031781717302 0.00037720737606611044 0.0002019534936349322 0.001523664621697999 0.004319787285858004 0.014010319469200764 0.0007924458267398151 0.0004279605522740851 0.0 0.005086425012243354 0.004593362708543425 0.015537254073510474 0.025155161770836952 0.03625969486203646 0.08724774778021402 0.09480937002095335 0.00864152894209935 0.07988444129177776 0.0003134914169223844 2.341384180227459e-05 0.00016648851016641715 5.649771663241389e-05 0.0011825727911584476 0.0 0.00010843344990725544 7.552086264224029e-06 0.0012754994527800717 0.0001186177265942722 0.002643069651400603 0.003684963035017307 0.0011669152193389553 0.0008559189511147911 0.00021486907979981088 0.0 0.0002572043181145335 0.009834245357571027 2.2067260297588856e-05 0.00011350510306089408 6.047114725469332e-05 4.55671530403371e-05 0.0001461433858350544 3.389724077135949e-05 0.00017940800155469608 6.968877775225664e-05 0.0002222259251140537 0.0002491655163857145 0.00019405922607153235 0.0001516641088901289 0.00047656276884025614 0.0005500719290373777 0.0003653841403515591 6.41437640054322e-05 7.483620777252097e-06 9.519809680791589e-06 4.017174914644135e-05 7.302262257689648e-06 0.0 4.6727047587554294e-05 0.0 0.0 0.0 3.579825370779974e-05 9.980704164871907e-06 8.577223950454125e-05 6.330261344288897e-05 3.8461603659029085e-05 1.0338357005141681e-05 0.00010863787075164044 5.02976643882491e-05 1.7891443241843824e-05 4.8675941559122774e-05 3.0148502953909345e-05 0.0 0.0 0.0 0.0004695201350067573 0.000144600065259855 0.0006713078533329421 0.00047872023841318326 0.00037189569734949365 4.070625833239121e-05 2.584269131419497e-05 0.0001273139114250195 0.0 6.893211751137479e-05 0.0 3.620019944665866e-05 0.0 8.85932271208409e-05 0.0 4.157675643280066e-05 2.0724348728661474e-05 0.00029526010297953564 0.00038441168054191663 0.0 1.1871105261025179e-05 0.0 0.0 0.00015810447345408548 4.329530839840319e-05 2.552684247042728e-05 0.0 0.0005016817181252199 1.1350750097283833e-05 0.0 0.0 7.527761106510939e-06 0.0 0.0 0.0 0.0 2.8025079778494026e-05 0.0006620549811582638 9.574855592252856e-05 0.0 0.0 0.0005819468458728617 0.0002731480281984484 0.00012658149408308525 0.000224408411002142 1.119417260524067e-05 0.0002116486399422012 9.179938428331291e-05 6.492763121809438e-05 9.89002743259465e-06 1.979189920831924e-05 0.0 0.0 0.0 7.0180421390038795e-06 0.00011935697692829142 7.23563035995837e-06 0.0001239781760274132 8.336458793860904e-05 0.0010938103425920877 0.0008736159939166093
0.0006357975011682406 0.03638758981169771 0.009571184501654964 0.00017681440106245337 0.23614778211861928 6.771583481022663e-05 0.055445154424324884 0.022363653971851125 0.0 0.0077809645898861005 0.04915098570523749 0.0020725677350182524 0.10199418703862066 0.07368417375390608 0.0007685527237714596 0.00030961705756237196 9.784503682476073e-06 1.2079698784684627e-05 2.5676117773740138e-05 2.70761628804953e-05 5.5295357720840286e-05 0.0 0.0 0.0 0.0 9.101690673828576e-06 0.0 5.176384094695032e-05 0.0 0.0 0.0024191323813836183 0.0011932591326118702 0.0006282013214484676 1.7630693984530702e-05 0.0 0.0 0.00021993647801540957 0.0 5.7250185812174304e-05 0.0 0.0 7.161636072947782e-06 3.5550220093165505e-05 3.442537145639201e-05 1.349725903437665e-05 2.0192269622888194e-05 0.002574653331274 1.351512159422227e-05 2.639120746757715e-05 2.517661359862434e-05 1.4266991066223519e-05 0.0 0.0 0.0 7.001376191444913e-05 4.345423187367279e-05 0.0004094709315618466 0.0013633561041256352 0.0002468749668357951 0.0011670475580679662 6.608846599678683e-05 8.009006592977748e-06 0.0 0.0031726352169781694 4.808241331738664e-05 4.7149830069107307e-05 0.0 7.697508732400649e-06 1.4879069808430144e-05 0.0 0.0007295955432189313 1.4642071276110612e-05 0.0 0.001624945639782658 0.001289975567226695 0.0047527125530524815 0.0031248283310040107 0.0003286672460264478 4.110835664058042e-05 4.5051841855419156e-05 1.8945416071954355e-05 4.290782825405985e-05 0.00014428559091869854 1.3481197435993222e-05 1.2036447217729401e-05 4.173316159502796e-05 1.4314833499472995e-05 0.0 2.6027390274907867e-05 0.0 2.2064649156219092e-05 0.0 7.74353871553356e-06 0.0 8.213947643633523e-06 0.0006710675754791132 0.00023630502842865184 0.0 0.0001077109527886139 0.000351350146089558 6.626388396293731e-06 3.13529422310199e-05 0.00011025611343757892 4.8857978828386586e-05 0.00015401927201097636 9.169466473900162e-05 0.0002514791539950423 0.00027604675540308975 0.000279234748543425 0.0006149357692721984 0.00022048348410005876 0.00026603864298521267 0.0010135211084307122 0.00046933431934883775 0.0005707067871224412 0.0 2.5813250948001262e-05 0.0 0.0 0.0 0.0 0.0 0.0 0.0 0.0 0.0 0.0 0.0 0.0 1.7041505237330768e-05 0.0 0.0 0.0 0.0 0.00010182426462204537 9.001530930490082e-05 0.0 0.0 0.0 0.000145153869870626 0.00015570854537063896 0.00020229891841101543 9.789177267081934e-06 2.7574162041886003e-05 0.0 0.0 0.0 0.0 0.0 0.0 1.1674895587705827e-05 3.8077404214833366e-05 2.9231535544223116e-05 0.0 0.0 0.0 3.6022508105577505e-05 0.0 0.0 0.0 0.0 1.6862988091772064e-05 0.0 2.345970542969193e-05 0.0 0.0 0.0006541736893406784 8.333400146425332e-05 0.0 0.0 0.0 0.0 0.0 0.0 0.0 0.0 0.0002599104334328643 3.6152392858010875e-05 0.0 0.0 0.0 0.0001309034780718114 0.0 0.00032435855349175857 4.4626161475682797e-05 0.00013240996969740576 0.0 3.67991085145649e-05 0.0 0.0 0.0 0.0 0.0 0.0 0.0 0.0 0.0 6.118628382224025e-05 0.00023289897787071685 0.0001369340832332853
0.04914732034242313 0.06920484518027865 0.002648716287810061 0.15260112743545473 0.03260670641390557 0.03405718983696831 0.08991967018898094 0.0011638775832736304 0.0077809645898861005 0.0 0.012988653381816453 0.1614406487113687 0.33607510015232606 0.02909968703103985 0.0010924215958876059 0.0005430755131413976 1.5454567755966564e-05 6.851963943371722e-05 4.43760534696119e-05 0.00010307536713691876 0.00016771348885984627 3.916045528875124e-05 0.0 3.0399455605850998e-05 1.0723298616411e-05 0.00032406431802372177 0.0 0.00027006463144404943 0.0 0.0 0.004477041848880347 0.001661100384138449 0.010669614594397085 8.411486324492712e-06 0.0 4.181735642849837e-05 0.006979083792123159 0.000315588691920408 0.00033294369266554123 5.807876870590717e-05 0.00011505864945759288 0.00031536060536707194 4.303717303973689e-05 8.533372308102803e-05 4.284391043604167e-05 1.2521524859754551e-05 0.003161434464590786 4.000953256327739e-05 7.990002106840382e-05 5.750473487248621e-05 0.00011482743201616242 3.682651033392364e-05 9.339892941400472e-05 1.6265815189317234e-05 0.00011889787972930391 0.00010345697106431473 0.006028379536148145 0.0049255090885942975 0.00040780413138880934 0.0018185736001502357 4.153624008468261e-05 0.00026676180139080085 0.0 0.003975607278364736 9.897608841581245e-05 6.990148743101097e-05 0.0 2.961533931916165e-05 8.566270575449438e-05 0.00012192365123146721 0.06560162702639989 0.00046471933193537154 6.583156589824057e-06 0.003908598589992701 0.001675791221076076 0.006284783649723929 0.0018798192789370334 0.0002951660922397545 2.9240090915374284e-05 0.0001221669680641551 7.436659845476658e-05 0.0003295842249247884 0.00021402427676426398 2.917285609306061e-05 5.570979346520586e-05 5.559241434284912e-05 5.570003959762872e-05 0.0 2.36094081109481e-05 7.121588002382673e-06 0.000128616943117282 0.0 2.3975296937776993e-05 0.000199266269340788 0.00033157960842566546 0.034322788964017074 0.026591268707685294 8.530006959549639e-06 0.007160415953955161 0.0388113060811669 0.0009492519554130825 0.00374309976903962 0.004314268944171212 0.0019989497901313504 0.005505377413548562 0.003230820746992046 0.016227758534531324 0.004578721907452943 0.014369384476486313 0.015386186562630536 0.0038078354050823707 0.009241838043164153 0.027447562892038854 0.014393671388009401 0.0099176339705837 0.00012805697829002707 3.38235461084554e-05 0.0 0.0 0.0 0.0 1.5485465343083106e-05 8.202879014447995e-06 0.0 9.479793318912598e-06 8.530894802760904e-06 5.0687869641413756e-05 8.566828556415852e-05 0.0 3.115288707530312e-05 1.669968192462575e-05 5.464744632513734e-05 0.0 0.0 0.002207105903494931 0.001658883140015823 0.0 9.841145505895958e-06 0.0 0.0033777497931889396 0.0007397726863706643 0.0035210342797672997 0.0007061517766887941 0.000556698787549409 0.0 0.0 0.0 2.2920176161319802e-05 7.612727977556351e-05 0.0 2.3963976477287237e-05 0.0004368200120228387 0.0007927303166121056 7.819958487258967e-06 0.0 9.28023631125017e-06 0.0001016337220721635 2.93153916921621e-05 2.4747291315446347e-05 3.0534049327945756e-05 0.0 0.00029845604443052415 0.000601849561424604 0.0006388828969485034 0.00013757877229120493 6.883652455411094e-05 0.008403854985814134 0.00044777467973091816 0.0 8.525866264689004e-05 0.0 0.0 2.4060491284179337e-05 0.0 0.0 3.557417991166899e-05 0.005792268109468267 0.00033986295581364586 1.5262625887980025e-05 0.0 2.2148664307134836e-05 0.0046057389823457254 5.322360407922485e-05 0.004807726544436386 0.0009813372069926855 0.001398005559028628 0.0009001928902073612 0.0001307101240184272 7.71355452239564e-05 0.0 7.7759091481429e-06 0.0 0.0 0.0 0.0 0.0 0.0 0.003273548019553712 0.0024408176705764174 0.002404379684016201
0.009107478845864657 0.04624812522372987 0.14380469547866367 0.0006361532464323353 0.045541733112203525 0.00027394564687086925 0.017168085889984808 0.11873088956336716 0.04915098570523749 0.012988653381816453 0.0 0.027910904855633054 0.19227006054986154 0.4449564971596589 0.0031558141684490215 0.002016736356204544 5.451238202775877e-05 0.00014506628220774115 1.3145760436490526e-05 0.0002541744879005472 0.0008125486512141764 5.4377396772322406e-05 0.00012744124064117032 3.871807683917824e-05 4.390253709027252e-05 0.00021324830455489864 9.038447010049997e-06 0.0003863408609016442 3.203880203081163e-05 0.0 0.02060167455580694 0.020931163136305296 0.033625444808430244 0.00011420142396982717 9.940106477080782e-05 0.0002870813092396972 0.004590554644744221 0.001784741609421257 0.00047941036647785397 0.00030046396940607944 0.000753910510036035 0.0003743160535289966 0.0002740051309873853 0.00017357719420308068 6.28743586854769e-05 7.069355156880732e-05 0.005123909850046597 6.013295481632173e-05 0.0001527916899884625 0.00037410347022544054 0.0003861990766605398 9.492513557053235e-06 0.0 0.00012191398192038637 9.715827217854921e-05 3.979252199186563e-05 0.0014824870449956266 0.0035345817501954615 0.00020390545783449988 0.0018904891043009058 3.2056520293158105e-05 0.001951049323552631 0.00014566788329714407 0.003864421908333642 6.485404730581862e-05 6.496613567305564e-05 2.6820838106238975e-05 0.00012552442758812055 0.0003098380289622712 0.0006468680347131205 0.0019412569850674071 0.00018307254683640675 0.0 0.0033014237353364813 0.0019951411169230396 0.009657188363461114 0.007106702709859478 0.0007642085942525314 0.0014620540738173354 0.019575509405667872 6.310488083354369e-06 0.01431920791170626 0.00020668473336353253 3.049227152557568e-05 4.445506094585212e-05 4.924260840780267e-05 0.00012530142131775575 0.0 3.544703359489603e-05 0.0 0.00041653267975897334 3.837913396190189e-05 0.0005474146060342413 0.0007540478849315844 0.0006031611264298013 0.002113568405284412 0.00027331578093438985 0.0 0.0002704156778484987 0.004729009539521479 0.0001997712471704014 0.0002497611746239746 0.0003162575085311853 0.00014161909491435098 0.000311877971438973 0.00020920438368519754 0.0005044279274687333 0.00020785645571021733 0.000942052219285808 0.0010872564829900507 0.00030296818632898314 0.0006660341772468626 0.0023076278574526627 0.0014678010139919037 0.0010355195893712917 8.515870400095796e-06 2.9801861759099323e-05 0.0 1.2386129689129554e-05 8.617272940111583e-06 0.0 0.0 0.0 0.0 0.0 1.430402727115374e-05 0.0 5.779160013895874e-05 0.0 0.0 9.12765595184239e-06 1.801443204436612e-05 0.0 8.898021646986865e-06 0.00025146481799254817 9.62284241491071e-05 6.947903444406585e-06 0.0 0.0 0.00038018324039405734 0.00013395412848482937 0.00037281090837369674 7.068093334991769e-05 0.00018752285082283834 0.0 0.0 0.0 0.0 9.330765251442215e-06 1.7685085869874848e-05 1.9964748311348088e-05 6.854786889573826e-05 7.097558884315898e-05 0.0 0.0 4.624751023422219e-05 0.0001135991776775937 1.7273662450690337e-05 0.0 0.0 0.0 7.788027380793503e-06 5.067253642371865e-05 0.0 0.0 0.0 0.0008690558459864622 1.4755645356133374e-05 0.0 0.0 0.0 0.0 0.0 0.0 0.0 2.750866016820052e-05 0.0005630469988592262 0.00012032775351877116 0.0 0.0 7.576562612628897e-06 0.00047799085453555416 0.0 0.00034964739975511917 0.0001528173505873619 0.00015315903190029866 4.798853308871927e-05 2.0972330874124044e-05 8.086184615892903e-06 0.0 0.0 0.0 0.0 0.0 0.0 4.6604088655533405e-05 0.0 0.0002669172019850883 0.000844994528897805 0.0004374979147805999
