0.0 0.17876788225336432 0.06604943551569635 0.10926711607368216 0.0041822167559816565 0.017364665720516714 0.02983805246139622 0.0037027279983899374 0.001003260072192479 0.04408750641147158 0.0034966494030844466 0.001629528831753005 0.001175381210363589 0.0023615900702888375 0.0008295820981318893 0.00014227952071038495 2.054438506753341e-05 5.936504427067716e-06 0.0 7.771650761490323e-06 8.688866803463811e-06 0.0 4.168999199909747e-05 4.858817608642235e-05 3.229093679066578e-05 1.464138142965431e-05 3.825626152966007e-05 3.952313309250441e-05 0.0 2.0818472888083492e-05 0.07364870428741623 0.0006567620194746264 0.0006320489676694131 0.0 8.484191126122658e-05 0.00012921454868559454 0.00014337431590330125 8.694479652308263e-05 7.479359931810248e-06 9.643084072426962e-06 9.224947253753362e-05 5.7852958310142105e-05 2.8466704219738884e-05 3.7608660390941906e-05 0.0 3.0108038992836822e-05 0.008492382855060035 0.00022387858219466683 3.410861329101928e-05 3.738137856395323e-05 6.159813067906361e-05 0.0 1.1409186194206156e-05 0.0 0.0004470925109783628 0.0005328626377388875 0.007444534864245131 0.02438803771208664 0.0016280074895336353 0.004630699908973231 7.466381878574106e-05 7.068886105034326e-05 1.69967072284147e-05 0.006160089645836048 0.0003733890373643834 0.00034366845239386964 0.00011837350295945844 4.961938772524602e-05 5.6624590342168194e-05 0.0001233972392325573 0.0002182366841118552 4.507461988498261e-05 0.0 0.013186899270002803 0.0020339079744822112 0.009853205522606438 0.0034671541555924045 0.00034114727580325846 0.00041072756822544527 0.003619613445740716 0.00013758847070989132 0.0006472781870080318 0.0013225762577895456 7.551362057128474e-05 0.0002644496245148916 0.00036505439850577543 0.0002237404083035111 2.071633201771716e-05 5.3307426160822725e-05 1.9154086749208223e-05 2.1119676586946546e-05 6.394440320042788e-06 3.8490076001383476e-05 3.5267007299790485e-05 2.425875920013431e-05 0.004968103222970554 0.0012077519386999092 0.0 2.839007124840961e-05 0.07130396618058121 0.0 0.00011464047834285692 0.0 0.0 6.528365580762482e-05 9.090913817662484e-05 0.0004667807838268769 1.1267716372864228e-05 0.0 0.0002792795399884674 1.686762446382562e-05 6.045864965660457e-05 3.0273754260238404e-05 0.00013353653142451327 0.0001399845222161129 0.0 0.0 6.5728185768595915e-06 0.0 0.0 0.0 0.0 0.0 0.0 0.0 0.0 0.0 0.0 0.0 0.0 0.0 0.0 0.0 0.0 0.0 0.0 0.0 0.0 0.0 5.0776134074159364e-05 0.0 1.2175086746742994e-05 1.164669645428803e-05 0.0 0.0 0.0 0.0 0.0 0.0 0.0 0.0 0.0 0.0 0.0 0.0 0.0 5.5447169799573314e-05 0.0 0.0 0.0 0.0 0.0 0.0 2.0409189661908087e-05 0.0 8.148782338264396e-06 0.0 0.0 0.0 0.0 0.0 0.0 0.0 0.0 0.0 0.0 0.00025662906957275893 0.0 0.0 0.0 0.0 1.255020865465746e-05 0.0 2.5760056926135017e-05 0.0 0.0 0.0 0.0 0.0 0.0 0.0 0.0 0.0 7.480115083808833e-06 0.0 0.0 0.0 0.0006685016020666222 7.784858351631451e-05 0.0001304053043456164
0.17876788225336432 0.0 0.12685115468812708 0.07088121600587616 0.1084665386068325 0.006241607823642965 0.17529722342818943 0.01441251974471296 0.10061068227997522 0.06142087897289378 0.057512200664078 0.00489671522669397 0.059820010250958955 0.06795893453468235 0.002010590154817839 0.0006066356170812022 7.361951194439383e-05 3.180948801622145e-05 0.0 4.09145430775955e-05 6.7897346148943744e-06 0.0 9.105216103489838e-05 0.00015799772752355347 0.0001817177202642806 6.762025237169112e-05 0.00014707860994713854 4.520944900831273e-05 3.835526641310909e-05 8.836114605918274e-05 0.17369167014860779 0.0019919689596652585 0.0019130512533768625 9.687920077710744e-06 0.0002186065755085944 0.00018989686984669828 0.0005030682011006059 0.00030294723921638056 6.622382615056741e-05 9.707554640144437e-05 0.00020213515310924193 7.704909792966115e-05 8.07848690530061e-05 0.00015427680609492606 1.2828291394107092e-05 4.896652127853448e-05 0.016823235103172594 0.0004257457161705194 0.00010219189715288209 7.280353510787003e-05 8.085299389708859e-05 1.8280276380155796e-05 0.00014216789495998466 4.193796694435293e-05 0.00047654788497975047 0.0007697869398556741 0.0078091993418173255 0.03221505281809777 0.0026093208883945576 0.005961112182785825 0.0001094515560802731 0.0003961835998774321 4.708708286803645e-05 0.012485975020610694 0.0005224590969845359 0.0004369152658359201 8.614173418981673e-05 2.475678591125897e-05 0.0002634093183919136 0.000347054320145324 0.0005475902090554231 2.0079204110759465e-05 0.0 0.02067102587964521 0.0034797061541465444 0.017391149633976897 0.010321266099825066 0.001149911429714511 0.0012036607956100065 0.008735809183458785 0.0003474674188120743 0.0016062204768231407 0.0020401310838167965 5.0982809469691106e-05 0.00044888454405523 0.00045430884206782053 0.0001928258565981877 5.499737208872688e-06 8.439791424099501e-05 9.206354092931947e-06 6.763416743608542e-05 1.2564448489353479e-05 0.0002458689609401558 0.00012851502153729872 3.1540700300482764e-05 0.0018974029777899626 0.00019671494067041904 4.035233271988461e-05 0.00033886426145521455 0.0852861326244802 0.0 0.0 2.762524817629112e-05 0.0 0.0 0.0005135907100392 0.0 2.784091336028782e-05 1.992614633853869e-05 8.916716368010037e-05 2.864838023815338e-05 2.414614082471405e-05 0.0 3.780648091198742e-05 0.00010718274554916626 8.189207694243591e-06 0.0 0.0 0.0 0.0 0.0 0.0 0.0 0.0 0.0 0.0 0.0 0.0 0.0 0.0 0.0 0.0 0.0 0.0 2.070946910844627e-05 0.0 0.0 0.0 0.0 0.00013102390203126034 0.0 6.409478711189376e-05 4.8566711943924186e-05 0.0 0.0 0.0 0.0 0.0 0.0 0.0 0.0 0.0 6.9143548401870485e-06 0.0 0.0 0.0 8.294148670662561e-05 0.0 5.951663019854176e-06 0.0 0.0 0.0 3.603869572306183e-05 0.0 1.672899394074191e-05 3.711116295773379e-05 3.6078424532209675e-05 0.0 0.0 0.0 0.0 0.0 0.0 0.0 0.0 0.0 0.000245019575800723 1.70905804969081e-05 0.0 0.0 0.0 0.0 0.0 0.0 0.0 0.0 0.0 0.0 0.0 0.0 0.0 0.0 0.0 0.0 0.0 0.0 0.0 0.00039656642622819065 0.00017835204138246663 0.0002733211871277268
0.06604943551569635 0.12685115468812708 0.0 0.0015284308516312366 0.034066650293563816 0.0002587836195628221 0.019441094321841528 0.09124722920699785 0.041272684790287416 0.004194050226493437 0.118395465619486 0.005485697573090747 0.01863934980939528 0.07949651008446455 0.004004826221496297 0.0019096603681684346 0.00025545475815637976 3.483846556100445e-05 3.051852606682243e-05 0.0001056953018405106 0.00027069732543230564 0.00015129564853519166 0.0014458034840424377 0.001244688767157365 0.0016428008454556222 0.0002053279845968965 0.0012922308367354302 0.0002516261179885007 0.000254507474000794 0.0007592647877370825 0.32375227731552 0.02686285094022892 0.013664518324356955 0.0001955629401191104 0.0021808315652154385 0.0022328974091640175 0.003111786024620718 0.0030509415405200056 0.0005327524472046138 0.0004664785234035922 0.0018046247169332134 0.0008914619487335944 0.00029992154050861007 0.0003409940880008229 4.1857024661820745e-05 0.00020300530309722443 0.0191240950723011 0.00038940042018944545 0.00019288905982916375 0.0003573496748452623 0.0002672506999946661 9.479970141885834e-05 0.0004213269476083901 0.0001897840768767173 0.0004753981480530261 0.00042291894781914884 0.00567239760310054 0.03434072500273391 0.0017288080523997675 0.005094949584159828 0.001006706043510986 0.004124280690355382 0.0009518206643706607 0.031832916285259576 0.0003159040926437471 0.00032837237890549753 6.41832119312462e-05 9.671153810883645e-05 0.0011712639766805646 0.002110654871509461 0.0036404619562188877 0.00045607904929842306 2.601760221729331e-05 0.017301273601118557 0.002840911068147478 0.01795443588671427 0.01667602919913941 0.00415345863390504 0.021223051222450474 0.0981391712057658 0.0020948170979457324 0.026098000591067913 0.0015018216507015128 6.289731047699048e-05 0.00034543541588951304 0.0003506293580509525 0.00028111654459506754 3.516636208212951e-05 6.449728709519749e-05 2.176357155930788e-05 4.4067510842123455e-05 2.1778132501482683e-05 0.0015919219157814939 0.000534236489371688 0.00013169918068114413 0.004817736977299767 0.00025625871238703444 7.637541810199591e-05 0.001251096842946317 0.037927487119002144 5.8690294288239464e-05 4.169002252262207e-05 7.362038003343344e-05 0.0 1.647182714128864e-05 8.089855697272832e-05 0.00018595346427867859 0.0 0.0001581820914435442 0.00036624071909767294 0.00015233356436095832 0.00027077652665299473 0.00013282610798840598 0.0002936479220664588 0.00042123880604734594 7.467005718369866e-05 0.0 0.0 0.0 0.0 7.606053925364192e-06 0.0 0.0 0.0 0.0 8.128729603543697e-06 0.0 4.256645181008511e-05 0.0 0.0 8.972970613375886e-06 8.170748959024513e-05 9.15918670083928e-06 7.755262070662515e-06 8.093595073224433e-05 8.275734560836448e-06 0.0 0.0 0.0 0.00047531725582907424 4.1549450703373844e-05 0.0004273063296514033 0.0002519785377197592 9.979471749719126e-05 4.707176189009913e-05 0.0 0.0 0.0 0.0 2.2248250333125304e-05 1.0435334973279816e-05 0.0 0.00012458581307104073 0.0 9.25958895124445e-06 0.0 0.0009854939554271394 4.455812216818198e-05 0.0 0.0 0.0 0.0 1.773979816148904e-05 0.0 3.408155296552109e-05 9.025285981033362e-05 0.00017168444054655108 1.9980549026902363e-05 0.0 0.0 0.0 0.0 2.138334550760993e-05 0.0 0.0 2.9415949817015307e-05 0.001579779863729719 1.9507083375081705e-05 0.0 0.0 2.024754684315854e-05 6.451471633297888e-05 2.31370135664084e-05 2.0147136656636977e-05 0.0 0.0 3.118909127403757e-05 3.539782868434073e-05 5.881134753444747e-06 0.0 0.0 0.0 0.0 0.0 0.0 0.0 0.0 0.0015516804087904303 0.0012325654629596343 0.0010864257663966953
0.10926711607368216 0.07088121600587616 0.0015284308516312366 0.0 0.0011515428705923445 0.026067060961540014 0.06779560702981866 0.00010773279838702922 0.00011185468538137885 0.12196753185976039 0.00019018132040384976 0.009518870280684209 0.0062467436600020364 0.00011687771839247088 0.00011507434704715602 8.808728411271476e-06 6.0633974340020465e-06 0.0 0.0 6.3678238065922755e-06 0.0 0.0 7.022355616805944e-06 5.372011520187291e-06 0.0 0.0 0.0 0.0 0.0 0.0 0.003896238443923482 0.00010955416457103634 1.454613704443592e-05 0.0 0.0 0.0 5.363032109720695e-06 0.0 0.0 0.0 0.0 0.0 0.0 8.759124631445294e-06 0.0 0.0 0.002020278196379178 3.5075488055163224e-05 0.0 6.418699806923748e-06 6.895607291378214e-06 0.0 1.4399310954997315e-05 0.0 8.08209069575594e-05 0.00013786941655594834 0.0009695166069424761 0.004217587695882707 0.0003353176723902182 0.0012174866318057753 6.725293960231013e-06 9.545739668716141e-06 0.0 0.0016195297225105939 7.644765751719436e-05 3.66752082757636e-05 1.2707384050346669e-05 3.099567896041467e-05 2.7072211969133758e-05 2.1034634384590187e-05 0.00014683549862029268 6.920698361163355e-05 0.0 0.0033197691819445685 0.00046051125309514 0.002049308901466581 0.0006249052260999811 8.467368146586858e-05 5.23396131035326e-05 8.626858446381668e-05 3.4401357700274895e-05 5.981315403061325e-05 0.00031501740104207857 0.0 5.8378294418725676e-05 7.288291824876568e-05 2.278502543778767e-05 0.0 2.0981694078290076e-05 0.0 0.0 0.0 6.582932241500294e-06 0.0 0.0 0.002225575355268582 0.0004189274536590642 0.0 1.67997309880596e-05 0.01485036918912394 0.0 0.0 0.0 0.0 0.0 0.0007915735032598864 3.465173484691632e-05 0.0 0.0 4.5481961204523006e-05 0.0 0.0 6.171860825159768e-05 3.091969797157084e-05 1.01356214328877e-05 0.0 0.0 0.0 0.0 0.0 0.0 0.0 0.0 0.0 0.0 0.0 0.0 0.0 0.0 0.0 0.0 0.0 0.0 0.0 0.0 0.0 0.0 0.0 0.0 0.0 0.0 0.0 1.6496971199912487e-05 0.0 0.0 0.0 0.0 0.0 0.0 0.0 0.0 0.0 0.0 0.0 0.0 0.0 0.0 0.0 0.0 0.0 0.0 0.0 0.0 0.0 0.0 0.0 0.0 0.0 0.0 0.0 0.0 0.0 0.0 0.0 0.0 0.0 6.25386361703063e-05 0.0 0.0 0.0 0.0 0.0 0.0 0.0 0.0 0.0 0.0 0.0 0.0 0.0 0.0 0.0 0.0 0.0 0.0 0.0 0.0 0.0003167169627959372 2.8379727436393423e-05 0.0
0.0041822167559816565 0.1084665386068325 0.034066650293563816 0.0011515428705923445 0.0 3.128428560067562e-05 0.11507561903140928 0.010851602618604236 0.20680700534138083 0.014072652737857965 0.1119697774314598 0.003451894099557824 0.04411020305695959 0.08794122095999445 0.0007176625862784963 0.00021009443624973702 2.9355864869312258e-05 0.0 0.0 1.1944982104199383e-05 0.0 0.0 9.482178640984685e-05 8.393037992047444e-05 1.3654807393204525e-05 8.439871762016243e-06 1.5719590139303388e-05 0.0 0.0 3.30803642654932e-05 0.0064371353064149595 0.0005479916275902502 0.0003461397761326939 2.055409399023792e-05 8.019649637189072e-05 6.846967017129534e-05 0.0001232771908207791 3.5864401513836394e-05 1.4939907604939508e-05 2.3277203231128636e-05 4.694351119679062e-05 2.5453778996542594e-05 1.55325285502086e-05 1.6279467889264413e-05 0.0 1.8713960111895805e-05 0.00496874841458224 9.781128665932464e-05 6.329411171825153e-06 3.505019870456229e-05 7.282950208071707e-06 0.0 7.526983955830921e-06 1.1877343194628523e-05 4.4465510131725025e-05 7.856470203164151e-05 0.0005634679083050332 0.003289150114134834 0.0003779295001667374 0.0009343242962016138 3.319239781018215e-05 3.005352580931411e-05 6.2496629695752865e-06 0.002611910988324655 4.1705407599961054e-05 5.861801488722378e-05 2.1134630672118185e-05 1.992169478771114e-05 6.226662455989945e-05 0.00014391256956749516 0.0003455272556807976 0.0 0.0 0.002562212269348505 0.0006487187246059654 0.00395128916014474 0.0037413016380341457 0.0003488167545603873 6.81606152114349e-05 0.0003720103196712911 0.00014249289113580225 0.0002343316501147978 0.00027929869929962307 0.0 2.4897221595587473e-05 4.354308860786638e-05 5.363050118600209e-05 7.382174860897837e-06 2.4285688274476718e-05 0.0 0.0 0.0 4.6851982440221693e-05 3.7491152146880846e-05 2.5631342885723096e-05 0.000688100070432472 6.065070489432379e-05 0.0 7.002608666754682e-05 0.0035245375070347053 7.524739866302387e-06 0.0 0.0 0.0 0.0 0.0 0.0 0.0 0.0 0.0 0.0 0.0 1.273194083635722e-05 0.0 0.0 0.0 0.0 0.0 0.0 0.0 0.0 0.0 0.0 0.0 0.0 0.0 0.0 0.0 0.0 0.0 0.0 0.0 0.0 0.0 0.0 0.0 0.0 0.0 0.0 2.4270038252944205e-05 0.0 0.0 0.0 0.0 0.0 0.0 0.0 0.0 0.0 0.0 0.0 0.0 1.193203524600539e-05 0.0 0.0 0.0 0.0 0.0 0.0 0.0 0.0 0.0 0.0 0.0 0.0 0.0 0.0 0.0 0.0 0.0 0.0 0.0 0.0 0.0 0.0 0.0 6.910986813435723e-05 0.0 0.0 0.0 0.0 0.0 0.0 0.0 0.0 0.0 0.0 0.0 0.0 0.0 0.0 0.0 0.0 0.0 0.0 0.0 0.0 0.00016374261197836282 0.0 3.454248504767083e-05
0.017364665720516714 0.006241607823642965 0.0002587836195628221 0.026067060961540014 3.128428560067562e-05 0.0 0.0027535235266791425 0.0001412253975035266 4.610133479816232e-05 0.03132245850490148 0.0 0.0021117418590900204 0.0005090135695592172 0.0002444346046611889 0.0 0.0 0.0 0.0 0.0 0.0 0.0 1.3656820724887084e-05 0.0 0.0 0.0 0.0 0.0 3.114806277321229e-05 0.0 0.0 0.0011113430602620598 3.461975473972323e-05 9.531298806087109e-05 0.0 0.0 0.0 0.00011377808621388657 1.043780249500841e-05 6.40845635625645e-05 0.0 0.0 0.0 1.1693714891580654e-05 0.0 0.0 2.2003651900161002e-05 7.486523192563191e-05 0.0 0.0 0.0 2.8045038820574552e-05 4.4582315724249805e-05 7.345513665972217e-06 0.0 1.4566642748261664e-05 7.266984573294844e-06 0.006126032073372393 0.00014948003176227815 7.288603897392071e-05 0.00026524055985183425 1.3019216040475154e-05 0.0 0.0 5.6766123041970796e-05 0.0 5.511316002694153e-05 9.923304069069035e-06 0.0 0.0 0.0 0.0009180766735055647 0.004125726266471522 0.0001328283160601755 0.00016737425270800798 4.26849172718776e-05 0.0002154417029590022 6.486705853448494e-05 0.0 0.0 7.955539002873677e-05 0.0 0.0 2.1781781283613272e-05 0.0 1.4180348009402911e-05 3.5106648910956076e-05 0.0 3.3713596760241544e-05 0.0 1.3242708066649597e-05 0.0 1.9095536524322013e-05 2.1424625522277906e-05 0.0 0.0 0.012023487638820477 0.011611852172164172 0.0003502544205051266 0.0005081862709369491 0.02904320540840882 8.474642329828189e-06 0.0007750782719008761 1.982210507353081e-05 0.0 5.027411244413516e-05 0.00020101289834312572 0.004167010677747977 9.788561693595817e-05 0.00016049872745393413 0.001204878549327537 7.171026059694927e-05 0.00045796633408615455 0.0004620309027850707 0.0005391740736070762 0.0004557369562860069 0.0 0.0 0.0 0.0 0.0 0.0 0.0 0.0 0.0 0.0 0.0 0.0 0.0 0.0 0.0 0.0 0.0 2.5063713381454858e-05 0.0 5.830722344404888e-05 1.7860215297444408e-05 0.0 0.0 0.0 0.00021413999856035573 3.5382312966316465e-05 0.00012312907785954334 5.046114778299879e-05 2.2052584772916486e-05 0.0 0.0 7.407796307446414e-06 0.0 0.0 0.0 0.0 6.424961402760031e-06 0.0 0.0 0.0 0.0 0.00011986146373662077 1.0915846065048463e-05 0.0 0.0 0.0 0.0 0.0 8.695688200741249e-05 0.0 0.0 6.099025468667033e-05 0.0 0.0 0.0 7.824187852030484e-06 0.0 0.0 0.0 8.107966281170332e-06 0.0 0.0011974357632933718 8.592997296461629e-05 0.0 0.0 0.0 2.219155227571178e-05 0.0 2.593184393304987e-05 0.0 0.0 1.5103732245227409e-05 0.0 0.0 0.0 0.0 0.0 0.0 0.0 0.0 0.0 0.0 0.0053542642877161505 0.0003993913546214984 0.0002662138250210883
0.02983805246139622 0.17529722342818943 0.019441094321841528 0.06779560702981866 0.11507561903140928 0.0027535235266791425 0.0 0.005795260901032459 0.044134477772026975 0.1743797073503471 0.027747792201208085 0.04375323879167097 0.12267533660394167 0.07615928799252432 0.0007381814408595845 0.0002897443435933363 4.2086759359246215e-05 0.0 0.0 1.4607807994477145e-05 1.5989809408345773e-05 0.0 6.979903559840411e-05 3.534016242072692e-05 1.3232867282318803e-05 2.6578158199970937e-05 1.4181492031104887e-05 1.541926673888978e-05 0.0 7.969259449275121e-06 0.01146076916515263 0.0006522809407998507 0.00015932331047549395 1.5382756330175683e-05 7.052050000382942e-05 2.7959499084767235e-05 0.0001999386253367384 5.4645235615776614e-05 5.191822485797163e-05 3.0588457903561184e-05 5.160200114312381e-05 2.619638460557581e-05 4.177098311926901e-05 6.717716190014013e-05 0.0 1.5235179362031948e-05 0.0071469074663511635 7.007429308041684e-05 4.14105491313917e-05 3.7795833085666234e-05 2.2025399300967447e-05 0.0 2.4223144962102436e-05 3.297587003138027e-05 0.00012000098188379981 0.00019011006140426138 0.0014765157594025943 0.005896058175294051 0.0005551461082513421 0.001936436888376778 5.0529219516148474e-05 7.134354120488647e-05 1.5245254567031653e-05 0.004224591874130144 0.00012370376989693341 6.64942047524082e-05 3.418588542495366e-05 1.498314234612282e-05 0.00011857321715997015 0.00018388406698613085 0.00023409895341454522 1.0797231648455931e-05 0.0 0.0047346532100669865 0.0010806538356572092 0.005801822584017074 0.005559913838865641 0.000674576181488626 0.00025411433588772014 0.0005119579816790981 0.00021084328514049178 0.0005329355602705665 0.0005742365592512306 0.0 8.530375721770287e-05 0.0001471114569224302 5.527862683285287e-05 0.0 1.2266104234274894e-05 0.0 5.965821661974766e-06 0.0 0.0001264255159572155 2.876613816464566e-05 2.7365780513553555e-05 0.003108973987532789 0.00010596552294096449 0.0 0.00015372882885673583 0.009060475880415777 8.768783495569465e-06 0.0 6.678498710950258e-05 0.0018931573746771189 0.0 0.0009769216018008344 0.00012490757619513281 0.001167599376343822 0.0010376204435143927 0.000426752601170708 1.5397798323098175e-05 0.0006212956001572178 0.00039233338842948365 3.0464047680117756e-05 0.00011465940659093144 1.0005301855081863e-05 0.0 0.0 0.0 0.0 0.0 0.0 0.0 0.0 0.0 0.0 0.0 0.0 0.0 0.0 0.0 0.0 0.0 0.0 0.0 0.0 0.0 0.0 0.0 0.0 0.0 0.0 1.1703352999708097e-05 0.0 0.0 1.6914882205551102e-05 0.0 0.0 0.0 0.0 0.0 0.0 1.643629348536171e-05 0.0 0.0 0.0 5.7169145282780416e-06 0.0 0.0 0.0 0.0 0.0 8.894036778762332e-06 0.0 0.0 0.0 0.0 0.0 0.0 0.0 0.0 0.0 0.0 0.0 0.0 0.0 0.00015844605461098478 0.0 0.0 0.0 0.0 1.688652463025745e-05 0.0 0.0 0.0 0.0 2.080485634375979e-05 0.0 2.2515085764230618e-05 0.0 6.97256503300922e-06 0.0 0.0 0.0 0.0 0.0 0.0 0.00018296501709079942 5.971174938766024e-05 6.398004796198434e-05
0.0037027279983899374 0.01441251974471296 0.09124722920699785 0.00010773279838702922 0.010851602618604236 0.0001412253975035266 0.005795260901032459 0.0 0.030324328809630464 0.0021031315464085233 0.20501522472031222 0.008675831541206458 0.01897748520693223 0.2642303516132829 0.0031943485327720965 0.0018783478080164522 0.0003228519342323015 4.0144435772898405e-05 4.619326249719777e-05 0.0002335848047881977 0.00022559203306792377 4.731866668058214e-05 0.0023676788681790705 0.0014913235117449586 0.001789359655040599 0.0003559930085672815 0.0015079248447068872 0.0003325420117127309 0.0003535457770464234 0.0006181643871191421 0.09263112177176386 0.05669680507848655 0.01923822366716837 0.0002754790095448622 0.003286405188509972 0.002331712032769032 0.003087554699964493 0.0033218241596188612 0.0005739544901394683 0.0006487737896548128 0.0021047271569417723 0.000818346378959392 0.00024402597341749896 0.00041757736184304677 3.236450336871382e-05 0.0002848486590001655 0.015234918901133716 0.00017984087391149155 0.00013179993456255266 0.0003097744820540082 0.00025296884295185606 0.0001920724615336791 0.0004458896319848407 0.00016155250727114068 0.00020621925075919664 0.00020352336728130747 0.0017355121758538068 0.009080797179725254 0.0007508978131722199 0.0027859414132504986 0.0037731617835022623 0.004194011984179937 0.0021137592369710047 0.014244133953388199 0.00017168758141723235 0.00021867180946966207 9.032383707778989e-05 0.0001331927501559515 0.0010815211060558813 0.00291344692110167 0.0036615860349085514 0.00037107337322301676 1.7895348484728586e-05 0.005848283984384172 0.0016346132701594747 0.011354202527790442 0.01699536143095336 0.0053362332609436375 0.059248861334245846 0.23215930573585977 0.006470932202484303 0.06554063035282699 0.0007461802064843839 1.374538717339366e-05 9.813027305838397e-05 0.0001433416114728694 0.00016598321266803506 1.7285975618688964e-05 5.1617875207326876e-05 0.0 4.351239964576384e-05 1.1700615650022042e-05 0.0021127095946175574 0.0005020957692235734 0.00014582450332228152 0.004557651235166012 0.0003058490539262718 0.00010189018310068773 0.0008570789082004307 0.005898065486516623 5.2378057482765305e-05 8.004483840850807e-05 4.671026446262477e-05 0.0 8.639349344165205e-05 6.430617411868264e-06 8.241567992529272e-05 1.577437254031307e-05 8.333416330400759e-05 0.0001672757380323641 7.737870926239819e-05 0.0002601385936165991 0.00014964727686873257 0.00031090137670109874 0.0003284707656875734 2.623940568208693e-05 0.0 1.136572130564737e-05 0.0 1.1665317025234534e-05 0.0 7.901629696761633e-06 0.0 0.0 0.0 0.0 0.0 3.673507467503052e-05 0.0 8.863706162838585e-06 7.662259943561178e-06 7.670990770443439e-05 7.707367608213893e-06 0.0 8.693093456962118e-05 0.0 0.0 0.0 0.0 0.0005461177450716998 6.531584591666714e-05 0.0002745639521265484 0.00016468541894336025 6.299755858359642e-05 0.0 0.0 0.0 0.0 0.0 0.0 0.0 0.0 6.458015205454418e-05 0.0 0.0 1.784759259908165e-05 0.00043405980720283776 1.6381729022317674e-05 6.254058357117573e-06 0.0 0.0 0.0 3.137740310669994e-05 0.0 4.589367044043356e-05 7.384615582971839e-05 0.00016733651220125252 0.0 0.0 0.0 0.0 0.0 7.965199820503427e-06 0.0 6.772021203098961e-06 7.988132755005306e-06 0.0010075752695518792 0.00010439639156530593 7.522337664916429e-06 0.0 8.20179437484732e-06 0.00010116812592841474 2.0923001919014477e-05 4.186525136217073e-05 5.124261228072877e-06 7.78094151190783e-06 1.667491297032752e-05 6.54743814406125e-05 7.076158212675989e-06 0.0 0.0 0.0 0.0 0.0 0.0 0.0 9.341277228717836e-06 0.0012492168636589632 0.0011082348173971858 0.000888981870237444
0.001003260072192479 0.10061068227997522 0.041272684790287416 0.00011185468538137885 0.20680700534138083 4.610133479816232e-05 0.044134477772026975 0.030324328809630464 0.0 0.013010848698712291 0.08826392333353474 0.010301239665394103 0.05290725237593918 0.06958026610236202 0.0003599552819467969 0.00020773931862141443 0.0 0.0 0.0 7.728532009700494e-06 3.929175378757354e-05 0.0 2.3128454770110773e-05 1.0072946258887154e-05 8.453956537207308e-06 0.0 7.15423281007208e-05 0.0 1.0544190408587483e-05 1.1770399752901736e-05 0.0024750562384362566 0.00032644725135720317 0.00015304857670375387 7.437874188586477e-06 0.00011264190417396627 2.4043746609093533e-05 0.00016274048071189523 8.29540544626441e-05 8.690225100308481e-06 2.001791165242327e-05 2.9460856026405667e-05 0.0 7.597216144051737e-06 1.3094697053986053e-05 8.387194873733422e-06 7.304382606104288e-06 0.0025012783781814185 3.0040018539208472e-05 1.5189247562215051e-05 2.671930935571605e-05 0.0 0.0 0.0 0.0 4.349488097405537e-05 1.8825694526043678e-05 0.0001785014985997257 0.000906876307289728 0.00011633644106793012 0.0004955547915666348 1.8439071964530727e-05 1.623281695520796e-05 1.794752051391454e-05 0.001004365201429884 2.158735070520974e-05 2.4973540785083868e-05 0.0 2.5379526249661576e-05 2.8265830735762954e-05 0.00012478647166940348 0.00034966405036456144 0.0 0.0 0.000750246148741907 0.00021653828683046002 0.0017407885538138369 0.0017668928031604105 0.0001687570312508129 0.00015169627528979077 0.00024446219243319213 2.1514953178153866e-05 0.00012214959749021044 0.00015211249468169606 0.0 4.615567643947679e-05 3.1701411541261546e-05 2.383997583216264e-05 0.0 0.0 0.0 0.0 7.192026732995577e-06 8.810269910310785e-05 0.0 1.7760029153593398e-05 0.0010503956789180411 0.0 0.0 3.0232977273255824e-05 0.0009369877166901511 0.0 0.0 0.0 0.0 0.0 0.00014833032291719633 0.0 0.0 0.0 0.0 3.513057447047791e-05 1.3040272388684673e-05 0.0 0.0 0.0 0.0 0.0 0.0 0.0 0.0 0.0 0.0 0.0 0.0 0.0 0.0 0.0 0.0 0.0 0.0 0.0 0.0 0.0 0.0 1.0196217344392548e-05 0.0 0.0 0.0 0.0 3.64396570154905e-05 0.0 3.233276378689457e-05 0.0 7.284836561891938e-06 0.0 0.0 0.0 0.0 0.0 0.0 0.0 0.0 0.0 0.0 0.0 0.0 0.0 0.0 0.0 0.0 0.0 0.0 0.0 0.0 0.0 0.0 0.0 0.0 0.0 0.0 0.0 0.0 0.0 0.0 0.0 0.0 5.3917298391724794e-05 0.0 0.0 0.0 0.0 0.0 0.0 0.0 0.0 0.0 0.0 0.0 0.0 0.0 0.0 0.0 0.0 0.0 0.0 0.0 0.0 0.0001335541154165644 6.635233446242353e-05 7.20335584438582e-06
0.04408750641147158 0.06142087897289378 0.004194050226493437 0.12196753185976039 0.014072652737857965 0.03132245850490148 0.1743797073503471 0.0021031315464085233 0.013010848698712291 0.0 0.004260259844553774 0.21263833137028768 0.416149776839288 0.050043122897752715 0.0003953995845287514 0.0002572861384983373 6.126435227474829e-06 0.0 0.0 0.0 0.0 0.0 1.7050301653846976e-05 1.459134726813128e-05 7.905075619547737e-05 1.381259203844473e-05 2.0440492146855072e-05 1.837586140790871e-05 0.0 3.965405764656781e-05 0.0019236536490945082 0.00033954648359647415 0.0036992291410970044 0.0 4.7342460988948215e-05 2.9950794003511532e-05 0.0027347684825136066 0.00029489817601204086 6.350981597235973e-05 9.438673949749823e-05 0.00011545778112128937 3.085504059988282e-05 0.0 0.0 0.0 0.0 0.0021619747385257146 7.182922786548617e-06 3.0804199396369396e-05 0.0 8.465459632687763e-06 0.0 6.40088469074437e-05 2.054946235061524e-05 4.208104169261829e-05 3.4655267639653433e-05 0.0004117948153269403 0.0015381249841619094 0.00016634307983406062 0.00035635575929067595 0.0 0.00016265470777636004 0.0 0.000685747684659601 4.4192986947045885e-05 2.5138764013268905e-05 4.782691083633115e-06 0.0 5.158945658498403e-05 4.018245648560967e-05 0.008728999344219177 0.0006689010170372947 0.0 0.0014396808019875476 0.000331859735850068 0.0017181935373166792 0.0011499059660036069 0.00021420386842510914 0.00014473974853754693 0.0007267413825621282 4.6859075191632814e-05 0.00027199841997093067 0.0001382391541141235 6.2330361952556045e-06 1.9629194566652314e-05 4.89337872402838e-05 9.184733669987837e-06 0.0 0.0 0.0 0.0 0.0 0.00013532997957198094 2.2033569227561666e-05 5.985997101264352e-06 0.045480652087181175 0.003891675035977216 0.00017554744165654192 0.0008234938783572127 0.011621105098440469 0.00012677034387743573 0.0008800846877042365 0.0006689054228028354 7.63408648616791e-05 0.00016516715769128828 0.002158195171638805 0.006951449144391676 0.0007516613026715487 0.0010855455979774695 0.002852652057873958 0.0006313423621157627 0.002041336178818205 0.0010239472737792593 0.0013128480838980638 0.0021420953688781543 3.471010254112543e-05 0.0 0.0 0.0 0.0 0.0 9.321707986626789e-06 0.0 0.0 0.0 0.0 0.0 0.0 0.0 0.0 0.0 0.0 0.0 0.0 0.00022441793897903976 0.0 0.0 0.0 0.0 0.0014059400850756996 2.377501139381716e-05 0.00037366955099733215 0.00011649350413704882 6.231253255136715e-05 0.0 0.0 0.0 0.0 0.0 0.0 0.0 0.0 4.812735266802019e-05 0.0 0.0 0.0 0.0001657688105474863 2.8589079134562035e-05 0.0 7.733382197759308e-06 0.0 1.4251119853538635e-05 1.0736874430913447e-05 0.00010332387915581762 0.0 0.0 0.0006217642962030845 0.0 0.0 0.0 0.0 0.0 0.0 0.0 0.0 0.0 0.004020564442584546 0.0 0.0 0.0 1.632739470664911e-05 0.00028049425112106513 0.0 6.220946315538251e-05 0.0 0.0 0.0 3.255130733926099e-05 1.1313242820274443e-05 0.0 0.0 0.0 0.0 0.0 0.0 0.0 0.0 0.013300333071615203 0.00127341183479739 0.0008297058545414358
0.0034966494030844466 0.057512200664078 0.118395465619486 0.00019018132040384976 0.1119697774314598 0.0 0.027747792201208085 0.20501522472031222 0.08826392333353474 0.004260259844553774 0.0 0.02336503186560907 0.0842560485093935 0.38083838271962267 0.0017284046202280226 0.0012961512061994344 0.00010998774696467469 1.4716842297638973e-05 2.0776635513856345e-05 8.103708859959233e-06 0.00011404369948306693 3.7423681116695275e-05 0.00037378937841879226 0.00039451492304670396 0.0007098543573460673 0.00014055151377871702 0.00046493769771323556 0.0001644098354701048 0.00015576731314451047 0.00026512295454296503 0.017755757398535146 0.002264404963358668 0.014081265903268069 5.402091354832928e-05 0.0005740180010475724 0.0006116367812078599 0.0044509550944250645 0.001612789567561941 0.00039018718784433927 0.0002628986747818959 0.0004311887241879835 0.0002830730176664786 3.343337615312898e-05 0.00022231362521623246 0.0 5.154167811192888e-05 0.005308956843542582 0.0001071858259832688 6.583919006003537e-05 4.152523089707486e-05 0.0001085924861317201 6.304947177329377e-05 0.0002658276658066788 0.00013375052391936197 2.2311182515202964e-05 2.8094457933076908e-05 0.00046003730578210114 0.0014492309309391011 0.0002479476740124113 0.0008896841683113027 0.00012612030451957255 0.003133491798054785 0.0002364077766235787 0.002813301001151381 3.318726680569703e-05 8.5575021001757e-05 1.1504641191744284e-05 3.95097381489693e-05 0.0002659271352581722 0.0005936310065472477 0.004425641365905971 0.00019398699894511383 2.4772490264665263e-05 0.0013414403908953525 0.0005574846757193917 0.003808869325844125 0.004758546094155747 0.0009068672228783371 0.0029361215569918037 0.0529213472953184 0.0002384052952889887 0.006907371057758749 0.0002583369099169594 5.815842492445067e-06 4.704998640765005e-05 4.672745683785527e-05 4.606390074759385e-05 5.632060350833219e-06 5.516348721430071e-06 0.0 0.0 3.0090397006088972e-05 0.0005404580963383928 0.00017780881909893842 7.915738890772373e-06 0.00761597861764316 0.00037786160424908936 9.134459837749653e-05 0.0007284768415070917 0.0017517902741525225 3.341566335180407e-05 9.809013187641883e-05 0.00013546047130246551 7.59801708133722e-06 6.273317480198692e-05 4.916068202898056e-05 0.0002135982530049477 0.0 5.278458565561038e-05 0.0002827345001797341 9.961505114763631e-05 0.0002195824125900311 0.0002689499794059222 0.00034908701595189366 0.0005858014386187715 8.824865832444781e-05 1.0925775978071072e-05 2.997462432963663e-05 6.113589096912005e-06 0.0 0.0 0.0 0.0 8.357804992837825e-06 0.0 0.0 0.0 0.0 0.0 0.0 6.910379944719641e-05 5.4897632809276015e-05 9.094156942151154e-06 0.0 0.00012156279188684799 3.3226937009677636e-05 0.0 0.0 0.0 0.0004227621094031712 2.4787841766127188e-05 0.00034163855803638767 0.00018039124846730382 1.4556667660422643e-05 0.0 1.5833253029735442e-05 0.0 0.0 2.6044078933001164e-05 7.071122441587612e-06 0.0 0.0 4.193964207538294e-05 0.0 2.258263737652113e-05 4.0593550367264304e-05 0.0003468727027320767 0.0 0.0 0.0 0.0 0.0 6.791175325255457e-06 0.0 4.187233526175971e-05 8.012174792297021e-05 0.00027082947947394 0.0 0.0 0.0 0.0 0.0 2.7119648578713396e-05 0.0 9.767926508978716e-06 6.395066662767563e-06 0.0015478040579117206 3.227915654158196e-05 0.0 9.908058179002218e-06 0.0 0.00013574725324642592 2.1801256513248553e-05 1.7943059806029613e-05 1.8245509475166792e-05 9.803979064823833e-06 7.322437270904721e-06 0.0 1.6239745184821487e-05 0.0 0.0 0.0 0.0 0.0 0.0 0.0 0.0 0.0022592633983445 0.0009936677975790997 0.0012117789482018063
0.001629528831753005 0.00489671522669397 0.005485697573090747 0.009518870280684209 0.003451894099557824 0.0021117418590900204 0.04375323879167097 0.008675831541206458 0.010301239665394103 0.21263833137028768 0.02336503186560907 0.0 0.16044081318118866 0.05520954113080341 0.00107420083168193 0.0009296643814171531 0.00010862887383586537 0.0 0.0 8.85584208196085e-06 3.1030772467116876e-05 3.36724437234359e-05 0.00021675114446066416 0.0001474239701976277 0.0009359256469888988 0.00019362191195114656 0.0003164340506244255 0.00029544737724356755 0.0002291737342589723 0.00023769746818388384 0.0021259465544940545 0.001372551942344145 0.018829535389051744 3.2960147974329705e-05 0.0005772761455522233 0.0004398411300308431 0.02598067084583159 0.00527768630940021 0.0013652327045490889 0.00041765836242551094 0.00040717646992015995 0.00019320810147580256 4.571153962150253e-05 3.580948603025947e-05 0.0 2.911435297515542e-05 0.002950575347554447 4.588477405395387e-05 5.3647047378216825e-05 3.4978987321672325e-05 4.165513047118222e-05 0.00018117923462129964 0.0014565491455856131 0.00014002830210744558 0.0 0.0 0.00011216090409533348 0.00042302148488486445 1.4296253768422507e-05 0.00019173558743349896 4.575172872540133e-05 0.001990236492941412 0.00013861882280626227 0.001079913929548692 0.0 7.691248745343542e-06 6.539331218021797e-06 4.3575014993656174e-05 0.00010158524393288427 0.000215903471385726 0.027791720575447085 0.0015378442403815849 5.338567932083772e-05 0.00024302840847031143 6.643497934715786e-05 0.001383131798880756 0.0018392893998592642 0.0007245223339227049 0.0004924828460562735 0.01709998321005571 7.381094877550468e-05 0.0009287806191581396 3.1143956748683205e-05 0.0 0.0 4.6691606652978256e-05 4.411220033448916e-05 1.1102322823411926e-05 2.0792950337754617e-05 1.1411349091159256e-05 7.1862089492069675e-06 2.0938993193552e-05 0.0003805027120411443 0.0001299160665781648 6.650713451742842e-05 0.06235527077003863 0.0034215897796505226 0.0008051216767199035 0.004085716823428045 0.0006170076981544551 0.00023767376605656208 0.0003134976259004617 0.00035081884259742985 0.0 0.00019040779274696605 0.00040896140383567584 0.0011523385285290137 0.00017953310765483964 0.00046947281157313874 0.001991909088076993 0.0005688659475398814 0.0010100350975208686 0.0007844068006743098 0.0011584826429819363 0.0017021834779916438 0.0001476394009609555 3.158599171675357e-05 0.0 3.0338144245850927e-05 0.0 0.0 0.0 0.0 0.0 0.0 0.0 0.0 1.4368985833307998e-05 8.04218442283608e-06 2.1528606350707092e-05 9.227986725285899e-06 5.925378358163106e-05 1.1357779084546652e-05 0.0 0.0002906107752055521 0.0001124280063020438 0.0 1.3183974700615791e-05 0.0 0.001923345388356758 8.150334398443216e-05 0.0009861498626273712 0.0003867507981654388 0.00012504527575071624 1.8099982466935142e-05 0.0 0.0 0.0 1.6491917114709346e-05 4.0263417082256614e-05 0.0 0.0 0.00010836139496886145 0.0 0.0 2.0841636580431345e-05 0.000540166921448772 7.141611637885553e-06 0.0 0.0 0.0 3.133601748063685e-05 6.647853336440847e-06 0.0 7.498757021222555e-05 0.00013552651566311124 0.0011459645798719753 7.821304599896843e-06 1.057290449864845e-05 0.0 0.0 0.0 6.09880179227877e-05 0.0 1.8375369368692173e-05 5.994079120107731e-06 0.0052752618453763495 0.00018469131287367834 2.4954072881094492e-05 0.0 6.283625274455845e-06 0.0003103164751552008 2.2862654696959866e-05 0.00010493683987091861 2.826408540062637e-05 0.0 3.1092228531544925e-05 3.789474212524801e-05 2.8228247119923945e-05 0.0 0.0 0.0 0.0 0.0 0.0 0.0 0.0 0.008604034761679036 0.003447554022473523 0.003049019499815754
0.001175381210363589 0.059820010250958955 0.01863934980939528 0.0062467436600020364 0.04411020305695959 0.0005090135695592172 0.12267533660394167 0.01897748520693223 0.05290725237593918 0.416149776839288 0.0842560485093935 0.16044081318118866 0.0 0.30548128765911836 0.0021488377041221692 0.001963617700604553 0.00031440838011227755 7.343580305924103e-06 7.375114159187548e-06 4.609266306482369e-05 0.00010416176333641678 6.443116184721149e-05 0.0005064609427498 0.00034696705399896535 0.0012094105192644062 0.00016680735759974164 0.0007671695692929943 0.0003617964951369688 0.00033977491982316316 0.00048509978051892777 0.004685647210882677 0.0023717522673336535 0.052154562352958886 0.0001267405504755449 0.0010131922720375574 0.001058066489111313 0.034352134318653096 0.009104568241069753 0.0019808902269478333 0.0007401400737755961 0.000954579890877269 0.00042072445901808855 8.104261885177922e-05 0.0002463341196147568 1.5568617734283235e-05 5.4505867644338585e-05 0.007366724115248028 5.357359373720981e-05 3.592818163942743e-05 5.322425138770135e-05 8.089394608910236e-05 0.00018634476853839456 0.0012462752645871096 0.00020835145264548927 3.3198840715754544e-05 2.3669150926743163e-05 0.00017964331894510996 0.0012222594347936144 0.00017028882167265298 0.0007745955405279281 0.0002070776369807986 0.0032809790172686763 0.0002442741522598987 0.002745424191229788 3.8879051316172535e-05 4.337203569171814e-05 1.9660263241400874e-05 3.789448206481842e-05 0.0004013471683847781 0.0007741502767814256 0.03341795223643636 0.0007509261057324061 8.524932888957849e-06 0.001062925188960198 0.000449893072441983 0.00427587448687939 0.005382441484851653 0.0009819752804306246 0.0011687618061730154 0.036553968663292385 0.0001797782848138303 0.0026316058762314203 0.00014954286565860655 0.0 5.024102433299912e-05 4.2708938064796195e-05 3.814515284776649e-05 1.3221309244494073e-05 1.4783917742945738e-05 0.0 2.90040769750129e-05 0.0 0.0007022070325630926 0.0001683520774813667 7.859857703924172e-05 0.08421045944419349 0.001551062231718955 0.00024805825860538743 0.0026042090795435806 0.0008610776883258376 0.00015653008198342338 7.973049066948212e-05 0.000317800333033596 0.0 0.0001544445963515299 0.0007087079096343538 0.0006731720633393033 0.00016144410388923238 0.00023921603001539785 0.0012078045551516135 0.0004556580297770393 0.0009055293749637422 0.0004703801044172651 0.0011770710903606801 0.0014120272322537218 0.00014228481959425537 0.0 0.0 0.0 0.0 0.0 0.0 0.0 0.0 0.0 8.905489205191957e-06 0.0 0.0 0.0 1.0754392492151424e-05 2.828919283102069e-05 0.0 3.503219592975367e-05 1.1553646100017826e-05 0.00016238813057427282 7.294240676679807e-05 0.0 8.666480240052257e-06 1.874752194813362e-05 0.0020175716839995533 7.266305730107757e-05 0.0010292886494482772 0.0004561223029641916 0.00014169568931925947 0.0 0.0 2.370352163638286e-05 0.0 0.0 0.0 0.0 6.222089848863835e-06 0.000181558444850099 0.0 1.3360913468012495e-05 8.271520483030286e-06 0.0008045094547880779 6.006846683118236e-05 0.0 0.0 0.0 8.23593493711154e-06 4.615113270760495e-05 0.0 4.057463493907017e-05 8.412458584573696e-05 0.0008929280076609152 1.8208530835585347e-05 0.0 1.2675766562625821e-05 0.0 1.4137496643688569e-05 0.0 0.0 1.676674421502523e-05 6.447742879532848e-05 0.004285696861862019 0.00024149653105642627 0.0 0.0 1.6268842039880934e-05 0.000298317606820674 5.0380123697420676e-05 0.0002535962759769305 1.648530694022214e-05 1.9585182696532717e-05 5.867658617334196e-05 1.2563502260090909e-05 8.667300834487584e-05 0.0 0.0 0.0 0.0 0.0 0.0 2.0391057467355176e-05 0.0 0.006632986275669246 0.002977741665381331 0.002622232134181939
