0.0 0.24792952282943614 0.082873001973655 0.1360662395267045 0.019862667837048452 0.0024076397550778284 0.085818196183886 0.003865236249244558 0.0009824084732915636 0.14603185602222016 0.012152757572896305 0.006226603822167427 0.005125014942854918 0.0008384768127009481 1.782815619361386e-05 1.0910680377084407e-05 0.0 1.1935254210685205e-05 0.0 0.0 0.0 0.0 0.0 0.0 6.633145012508588e-06 0.0 1.4413203258092253e-05 0.0 0.0 0.0 0.028790082849547545 1.037002008666294e-05 0.0 0.0 0.0 0.0 0.0 0.0 0.0 0.0 5.5621171831073494e-05 0.0 7.404217395670861e-06 1.98400668001161e-05 0.0 8.297997814675876e-06 0.0019266961249875946 0.00033470523392130765 1.1667856742186784e-05 0.0 6.152860041226931e-05 5.971334807533088e-05 0.0 0.0 0.0003922003977983014 0.0004544689136393705 0.012357590099509975 0.03416586350070452 0.001072312415665292 0.0019592979902898567 0.0 1.9259334573768487e-05 0.0 0.00016098328598389316 0.000408736056750359 0.0002584310830210993 0.00011773648335490945 6.086988688957414e-05 1.0425788819050002e-05 8.908726098592247e-05 0.0006371273081727881 0.0 1.933713736530682e-05 0.010851173267720665 0.001001644481185148 0.0013455436682263176 8.895342615030532e-06 1.692105972619728e-05 0.0 0.0009879034429156044 1.100046350863433e-05 0.00013833108519609275 0.0008678731618194565 2.11397350107322e-05 0.00032015161645493676 0.000300778627663963 3.79230765668038e-05 1.219877791964571e-05 7.824033144708086e-05 3.426309808161228e-05 6.811126617972598e-05 0.0 8.410673401492197e-05 2.0826307238882793e-05 5.285713634039173e-05 0.0009361602333506124 0.0003803347611471366 5.46466443170678e-05 5.165878431342438e-05 0.0496596660488966 7.319644826341197e-05 0.0003509921378726431 6.488432736708746e-05 0.0015214956842684484 0.0 0.0019181721517112027 0.00046525522882677033 0.0006350947060547993 0.0016374446115728339 0.000709229156738975 5.496462088388306e-05 0.0002879117506986456 0.0005247811748934106 0.00016721521305474205 3.720252514820825e-05 0.0 0.0 0.0 0.00015736742144007785 0.0 0.0 0.0 0.0 3.150498812988468e-05 0.0 0.0 0.0 6.113758802142617e-05 0.0 0.0 0.0 0.0 0.0 0.0 0.0 0.0 0.0 0.0 0.0 0.0 0.0 2.8393683501588086e-05 0.0 0.0 0.0 0.0 0.0 0.0 0.0 0.0 0.0 0.0 0.0 0.0 0.0 1.4110219727398117e-05 0.0 0.0 0.0 0.0 0.0 0.0 2.274278342939625e-05 0.00012155829799333833 9.975921135651254e-05 0.0 3.839043156616738e-05 0.0 0.0 0.0 0.0 0.0 0.0 0.0 0.0 0.0 0.00019788942612400997 0.0 0.0 9.255259604893696e-06 0.0 0.0 4.581693197022537e-05 6.134268047224378e-05 0.0 0.0 0.0 0.0 0.0 0.0 0.0 0.0 0.0 0.0 4.502262797265918e-05 0.0 0.0 3.768714587135971e-05 0.0 0.0
0.24792952282943614 0.0 0.09643742746219681 0.0243337848566783 0.10655184233204394 0.012117370576391328 0.22796528451051412 0.011747913066663168 0.022586290878492142 0.0276370455897454 0.03409137755832069 0.003548399955420247 0.0178408515035201 0.009920136786487132 0.0010986503543449291 0.00022330027648152453 2.3861408095732792e-05 0.0 8.79125310953746e-06 2.604227521397336e-05 0.0 0.0 0.0 0.0 0.0 8.795042062192831e-06 0.0 0.0 0.0 0.0 0.17910253848477875 0.00022659049559099303 1.6087568109633356e-05 0.0 0.0 7.775161332043512e-06 7.900501390521442e-05 0.0 0.0 9.606803282959078e-06 0.0 0.0 5.180404824431661e-05 3.702784143619265e-05 1.852707980538255e-05 0.0 0.02294634067251373 0.0012441683639215397 5.772090338407723e-05 2.354798921492752e-05 0.00020911158166286598 0.0 0.0 8.331309821351903e-06 0.001105370692459438 0.0014421859373486246 0.009002332654743511 0.05757497702936119 0.0026635150623225564 0.011487363076842576 1.0406183382801108e-05 5.259733661107174e-05 7.65254220664214e-06 0.0030019047887055944 0.001264055074507052 0.0007421882375215352 0.0003407909477713211 0.000227500043934812 2.5290296690058856e-05 0.00011933631253166938 0.0006465952360820307 1.9088867952379786e-05 0.0 0.03116856162606653 0.02012474616110813 0.017976874935308553 0.0003552275426826117 0.00013075519541666286 1.2339387730895377e-05 0.001310218710691626 6.59876006198315e-05 0.0002895784083827729 0.0025263072948962513 9.07522280038106e-06 0.0009804136950431874 0.0008923789859549855 0.00017472474350036462 7.3566913451254156e-06 0.0002843029442760223 1.490660628107181e-05 0.00025849184099710026 6.475120518285422e-05 0.00011782400816124855 8.449938099003342e-05 3.367722272819455e-05 0.000856946301793822 0.00034376196540166284 0.0 0.00016218507474138278 0.06119609576511822 4.75253119048558e-05 0.000641086383434533 0.00013660105693684123 0.0012215062113196437 0.00021209024969472452 0.0037080678442525197 0.0009207160971105816 0.002697073707930799 0.002588218197895742 0.0011493387488995042 0.00012271021756818918 0.0009630803459735997 0.0016705256945791175 0.0008607881848867214 6.787698921849141e-05 0.0 0.0001026324028799926 0.0 0.0 0.0 0.0 0.0 0.0 0.0 0.0 0.0 0.0 1.7414570809559426e-05 0.0 0.0 0.0 0.0 0.0 0.0 0.0 5.7581289369770926e-05 0.0 2.837378671266208e-05 0.0 0.0005277028793733353 0.00019504163699755618 0.00024633706417096277 0.0002123350632271881 0.0 0.0 0.0 0.0 0.0 0.0 1.532892472224835e-05 0.0 3.2122839097651965e-05 3.2988465683433455e-05 0.0 0.0 0.0 0.0 0.0 0.0 0.0 0.0 0.0 9.289654403960331e-05 0.00018526719649702351 0.00011786260828740671 0.00024117074036670173 0.00012726578614183083 0.0 0.0 2.9952781437302772e-05 7.96264404405778e-06 0.0 0.0 0.0 0.0 2.282312837563134e-05 0.0013830407181026141 0.0 0.0 8.729742814417216e-06 1.6383524979753255e-05 0.001269169874710538 0.0002801565736981166 0.0013382521844828206 0.0 0.0 0.0 3.7080118723939694e-05 0.0 0.0 0.0 0.0 0.0 8.791454183920255e-06 0.0 0.0 0.0 0.0005244556594050935 8.562985810213126e-06 0.00012443705531044825
0.082873001973655 0.09643742746219681 0.0 0.0008148917963907481 0.10133373377584005 0.003453227827285284 0.016632453677281597 0.07081631356138306 0.04054019932554547 0.0007738158728178066 0.23910172727886178 0.001922274823491101 0.023030558412582558 0.06675164320661665 0.0005094844077099534 0.0001090619340907162 1.529848041926979e-05 2.8415737394607057e-05 0.0 4.6129204590263417e-05 0.0009412589988979605 1.867177676122942e-05 8.798075276096545e-06 9.015854562971397e-06 8.17593355882131e-05 0.00017096077331116549 2.294509229947245e-05 4.0197833795059175e-05 1.9807472916235766e-05 0.0 0.33562300215169893 0.030671610744771913 0.00015097146349594257 0.0 8.932137175302433e-06 2.274222739717444e-05 7.805689757978136e-06 0.0 3.3341089281398265e-05 6.415507777161988e-05 0.0011315729134538796 0.0006748530986255267 0.0001081624763980664 2.6947334948356063e-05 0.0 0.0 0.009499869901766829 0.0006714780418568279 9.465391636313535e-05 0.00020880180127089222 0.00017582146952499128 0.0002088255027427824 0.0 2.7636939378016072e-05 0.00040127330755935386 0.0007327132227661888 0.004619792484509168 0.040017694628639314 0.0011380180087793284 0.005127569513552847 0.00015596670788069588 0.0004074562415573747 0.0 0.0041394355101324574 0.0005891495652281161 0.0003952649198041277 0.00015433733991960646 0.00011534789272071313 0.0004678449157294077 0.0015961910859736196 0.0006756021000175082 2.9774300565514128e-05 0.0 0.014971761587630328 0.01160456876964998 0.009090556950985481 0.00027514591908209414 0.00010077509590428542 0.0001278915638174096 0.03918448710145338 2.6039228321540205e-05 0.00405561706480405 0.0012515015815422897 0.0 0.0005778295432307366 0.00038448876571232373 0.00022221578043007164 7.658480056272815e-06 0.00010835236242770362 1.0479624091300461e-05 0.00028942626825513015 0.00013685101906778666 0.0012349788535880402 0.0008968453718845198 0.001035712905751819 0.00017441445563494857 0.0003539491500566894 0.0 0.000248205703124386 0.017885462259344516 3.558199420106467e-05 0.00024360533257933724 0.00045584107532032215 0.00015291741828525601 0.0 0.000733124547773253 0.00016638851146019305 0.0005532991893883597 0.0003914444504490694 0.00043314900093527244 0.0 0.000261557845755518 0.0002580739003692716 0.0003114579726475693 3.414163684372815e-05 0.0 4.625176421406172e-05 0.0 0.0 0.0 0.0 1.6616398523867106e-05 0.0 0.0 0.0 9.466300164239061e-06 0.0 0.0 0.0 0.0 9.614953634726965e-06 0.0 0.0 0.0 0.0 0.0 0.0 9.071340149799012e-06 0.0 5.0890933223945646e-05 3.671320858589942e-05 2.225261606255614e-05 3.3314208919265764e-05 0.0 9.946222996453747e-06 0.0 8.893846867836073e-06 0.0 0.0 3.802819674949032e-05 0.0 0.0 0.0 0.0 0.0 1.9501312547078782e-05 0.0 1.1091244488907028e-05 0.0 0.0 0.0 0.0 0.0 8.831357190007799e-05 1.912944189033645e-05 6.681133397349165e-05 4.9511844735684716e-05 0.0 0.0 9.701605066961184e-06 0.0 0.0 0.0 0.0 0.0 1.1785771137386654e-05 8.552722946358257e-05 4.027248505341414e-05 0.0 0.0 3.7116637661843346e-05 4.383670220576322e-05 3.256822295909971e-05 0.0003851983394271158 0.0 0.0 0.0 0.0 0.0 0.0 0.0 0.0 0.0 0.0 0.0 1.9532505065617803e-05 0.0 0.00014176860154985503 5.8376007826779194e-05 4.4440826085309216e-05
0.1360662395267045 0.0243337848566783 0.0008148917963907481 0.0 0.0012456171664029536 0.10912962922456976 0.05387596227741628 3.1717369869041815e-05 0.0011518204164551397 0.18191490390360632 0.00010468826191766476 0.06552709124980854 0.07011794945823444 0.0005194600121876482 0.00010153908964846159 8.764049250183658e-06 1.1482266454720785e-05 7.968278230334846e-06 0.0 0.0 7.876137604235636e-06 0.0 0.0 0.0 0.0 0.0 0.0 0.0 0.0 0.0 0.00425805288804771 0.0 0.0 0.0 0.0 0.0 0.0 0.0 0.0 0.0 0.0 0.0 8.487230694532218e-06 1.0073061948187906e-05 0.0 0.0 0.003125072726800935 0.00034137602840217824 1.8388917083050014e-05 6.622619384103142e-06 7.434023800428902e-05 0.0 0.0 0.0 0.00020551203150111588 0.0003456543680642852 0.0020913843576222195 0.009963292425137014 0.0006151443554271324 0.0018897923710669397 6.638989164212586e-06 0.0 0.0 0.00035017581212660207 0.00034334396116867224 0.00021042321243140542 8.224300086608306e-05 4.858080468640678e-05 0.0 0.0 5.75131846556068e-05 0.0 0.0 0.007301019341143231 0.001914299311370471 0.0021413634041577384 4.4618890445876354e-05 1.0906364117119053e-05 0.0 0.0 0.0 5.8928777035389e-05 0.0006082561749171084 0.0 0.00018434853620081685 0.00020295414444372462 2.648485360903258e-05 0.0 9.738878375763552e-05 0.0 3.451146529602483e-05 7.433852613632938e-06 0.0 9.908042801149392e-06 0.0 0.0008071491325089524 0.00019480712681739463 0.0 0.0 0.04722128036627142 1.172192523336423e-05 0.0008017863679237457 0.0025674826853156613 0.002938035272805645 2.3143480903010646e-05 0.0051886911127412075 0.0019237624230694968 0.0012576005888711413 0.003644231913245908 0.0009119993393241636 1.5891949408307116e-05 0.0005480351632679285 0.001220098192741613 0.0003479188917007388 7.23118085217064e-05 0.0 0.0 0.0 0.0 0.0 0.0 0.0 0.0 0.0 0.0 0.0 0.0 0.0 0.0 0.0 0.0 0.0 0.0 0.0 2.446939547591962e-05 0.0 0.0 0.0 0.0 5.654825878534276e-05 0.0 0.0 0.0 0.0 0.0 0.0 0.0 0.0 0.0 0.0 0.0 2.038243827457073e-05 0.0 0.0 0.0 0.0 0.0 0.0 0.0 0.0 0.0 4.1494152817741466e-05 1.8528912728327752e-05 6.43859918663912e-05 1.0832459706471619e-05 0.0 0.0 0.0 0.0 1.7460618211072207e-05 0.0 0.0 0.0 0.0 0.0 0.0 0.00018619266528125978 0.0 0.0 0.0 0.0 0.00015078020824550823 0.0 0.0 3.6485582809605915e-05 1.6300812963998258e-05 0.0 0.0 0.0 0.0 0.0 0.0 0.0 0.0 0.0 0.0 0.0 4.169184586805755e-05 0.0 0.0
0.019862667837048452 0.10655184233204394 0.10133373377584005 0.0012456171664029536 0.0 0.0006664415567058076 0.13280575019076843 0.04035178296088281 0.29802443584150323 0.007058852424937902 0.17005146155461134 0.003876216103996808 0.03499780742791021 0.06740078939884521 0.0007799085565624971 0.0001799787972889063 0.0 1.2814672857702824e-05 0.0 1.326169130341885e-05 0.0 0.0 1.3634535187530962e-05 0.0 0.0 0.0 0.0 0.0 0.0 0.0 0.015450750307598024 7.632226923107864e-05 9.885630530659044e-06 8.973051024715725e-06 1.092613848320656e-05 0.0 5.994660940575441e-05 0.0 0.0 3.489147330993207e-05 0.0 0.0 0.0 5.44724284107591e-05 9.356858250175418e-06 2.2983888028601686e-05 0.013172964309593145 0.00017120151269363486 2.246989676703285e-05 0.0 3.378538159619654e-05 0.0 0.0 0.0 0.00011362323396819404 0.0002294431987291488 0.0010762637967542264 0.00712147522495041 0.00046465996453074376 0.0034091408093585894 1.188106398059572e-05 8.40669616387906e-05 0.0 0.0010125033158320895 0.00023984024143465038 0.00010506190941538161 9.048836164768758e-05 5.758721354087216e-05 1.0262152571338051e-05 0.0 0.0019398084515369948 0.00016125528627754872 0.0 0.005675348158570668 0.006018496269870867 0.006905910940647946 0.00041544185595592404 0.00020327722105024226 0.0 6.410691977301422e-05 4.041265236423636e-05 4.7141092271733434e-05 0.00028980435306779793 0.0 0.00023264436856017191 0.0001468374610443581 8.15668109702466e-05 0.0 2.5850924213832955e-05 0.0 5.8239383939008864e-05 0.0 0.0 1.9773645912926262e-05 2.5511512707455955e-05 0.001227535261177518 0.0003809429331874709 0.0 0.00010088168105747518 0.0009740096072650784 7.601058136817424e-05 0.0010990506113698955 0.0002046877893061605 0.00036357996668201 0.00011582132303892828 0.0054833080867793295 0.00046837338229475847 0.004065804647504283 0.002727212890108437 0.0009261783429047125 0.00043391041354094294 0.0015854892493840523 0.0024638550976064997 0.0014262113709903425 0.00022875088595065927 0.0 1.179328748931491e-05 0.0 0.0 0.0 0.0 0.0 0.0 0.0 0.0 0.0 0.0 9.889733268779807e-05 0.0 0.0 0.0 0.0 0.0 0.0 0.0 7.269406323407446e-05 0.0 0.0 0.0 0.0007797087139312793 0.0 0.00021956022456890733 8.408774479642443e-05 4.445266964002638e-05 0.0 0.0 0.0 2.9450087273199888e-05 6.172742262519081e-05 0.0 0.0 0.0 0.00023435272113774347 1.6660135621757182e-05 0.0 0.0 0.0 0.0 0.0 0.0 0.0 6.616582638704605e-05 0.0 7.04292051575761e-05 0.00015131775803833465 0.0004282691869247723 0.0003002465239776339 0.0 0.0 0.0 0.0 0.0 0.0 0.0 0.0 0.0 0.0014658706701384553 5.8980478457046546e-05 9.697027547083496e-06 0.0 0.0 0.0015120267906550272 0.00046416708676329477 0.0020744649741998053 2.9325812361809584e-05 4.28843975146151e-05 5.847914393877018e-05 7.495146377632117e-05 0.0 0.0 0.0 0.0 0.0 0.0 0.0 0.0 0.0 0.0005393940060298085 8.095653517208417e-05 0.0002747581833829787
0.0024076397550778284 0.012117370576391328 0.003453227827285284 0.10912962922456976 0.0006664415567058076 0.0 0.020171725902130493 4.4507519175234954e-05 8.332491372725083e-05 0.0906880332425733 0.000372113647610747 0.01344977669827959 0.005516356171017261 0.00035037446746146437 0.0 0.0 0.0 0.0 0.0 0.0 0.0 0.0005671259373233859 0.0 0.0 0.0 0.0 0.0 0.0 0.0 0.0 0.0010427600540274561 0.0 0.0003299448478352901 0.0 0.0 0.0 0.0001817195987579462 0.0 3.807845371843881e-05 0.0 0.0 0.0 0.0 0.0 0.0 0.0 0.00016335262682360606 1.2643219330414903e-05 0.0 0.0 0.0 0.0022591071549153395 0.00020872338773301427 0.0 0.0 0.0001956316056509094 0.006165968590450426 0.0003624383702933289 9.040525090279935e-05 9.125568201022396e-05 0.0 4.59248254747562e-05 0.0 0.0 0.0 2.013665630222268e-05 3.707156622340623e-05 0.0 0.0 0.0 0.01191279495991763 0.013468626815707681 0.005080815714479801 0.00030617156845297127 3.830843630535514e-05 5.0746981064026884e-05 1.3693910948131824e-05 0.0 0.0 0.0001064094305933968 0.0 3.0684607383790696e-05 0.0 0.0010721178385839833 8.149429151070514e-06 0.0004348069344533216 0.0 0.0022973228569464184 0.0012468962504785393 0.0061912263089869135 0.00022825927344718365 0.0006056686416989315 0.0 1.1989072384773861e-05 9.051662217344075e-05 0.017618968627719944 0.01588754460516891 0.00739382661841577 0.001760931100049299 0.022267765758874965 0.0 0.0009837715325950978 8.089053763538054e-05 0.0010346999217362136 0.0 0.0029003742412987694 0.0018465012725721378 0.0007725342082876418 0.003380787458368913 0.0031531152886070902 7.280597001914352e-05 0.000923488715878488 0.0015503378518701822 0.0005102654380625493 7.210745402755219e-05 0.0 0.0 0.0 0.0 0.0 0.0 0.0 0.0 0.0 0.0 0.0 0.0 0.0 0.0 1.0985964267426048e-05 0.0 0.0 0.0 0.0 0.0 0.0 0.0 0.0 0.0 0.00021766729801860724 0.0 1.4124624586753249e-05 1.1201247222677776e-05 0.0 0.0 0.0 0.0 0.0 0.0 0.0 0.0 0.0 0.0 0.0 0.0 0.0 2.810894302561044e-05 0.0 9.950052300770966e-06 0.0 5.2944715176922105e-05 0.0 0.0 6.442703087434888e-05 0.0 0.0 0.0 0.0 0.0 4.951766631781514e-05 0.0 1.3489240479947486e-05 0.0 1.6616465548661374e-05 0.0 0.0 0.0006554976388700326 0.0 0.0 0.0 0.0 0.00024545728235898854 0.0 2.1919910455237973e-05 0.0 0.0 0.0 0.0 0.0 0.0 3.409627063298156e-05 4.6569050015140176e-05 0.0 3.606131449405744e-05 2.5619431517266252e-05 2.3838457575108904e-05 0.0 0.00022821582565019127 0.0 5.5898713980932406e-05
0.085818196183886 0.22796528451051412 0.016632453677281597 0.05387596227741628 0.13280575019076843 0.020171725902130493 0.0 0.002506519892486266 0.07285020999107035 0.12404109293405466 0.026110138803020485 0.05250695424776833 0.4153331866476067 0.09440794145034208 0.0022865374465937407 0.0007484558546114036 2.1537309676075047e-05 7.779870849730315e-06 4.066092930035459e-05 3.207468109904632e-05 1.9906801609556635e-05 0.0 0.0 1.0514324468714834e-05 7.263623314730053e-06 1.9853563405116297e-05 0.0 5.308398038872764e-05 0.0 0.0 0.01574252761824011 0.0002501040470562715 0.00013629220531701663 1.661748459910478e-05 0.0 0.0 0.0001364846157192622 0.0 9.984227080691531e-05 4.569603565560719e-05 0.0 7.69126475563886e-06 4.8933066487267854e-05 0.00010692110060851943 9.772340846263439e-06 8.863863531299704e-06 0.029465115545212858 0.0007126332961130465 4.5093729652623996e-05 9.530469565482789e-06 0.00013076856823097157 0.0 2.3499322375026633e-05 1.4951185292449025e-05 0.0005241933229924886 0.0007014034799137765 0.00443304362012804 0.020052147654028952 0.001766576984888671 0.009398143449777406 6.867457537919714e-06 0.00012805092894430334 0.0 0.001992331651886345 0.0006815230450375719 0.00042777685151101566 0.0002014136732454773 0.0001458164162713533 3.2068204315355635e-05 4.1897689954067975e-05 0.005632403361457524 0.000180070509777034 0.0 0.018026832718570047 0.01388930035695295 0.01721108987690591 0.0011618284746117882 0.0010527168306933006 0.0 0.00034690590221372224 0.00012177704435224476 0.0003144733504328172 0.0015232986245610368 0.0 0.000701374569657875 0.0005646167991770722 0.00012925192161137946 8.251919636471842e-06 0.0001224928814656682 0.0 6.341414671200902e-05 0.0 0.0 5.282856804772611e-05 1.0012663717511274e-05 0.009850353424039976 0.0020340149438860164 0.0 0.000412756619053724 0.010397599059168884 0.00016308207029873306 0.0061487686925337055 0.002646663259042702 0.004584286190709667 0.00027611670483437107 0.02767366118834521 0.00383687657467072 0.02104235742627054 0.01980124603312266 0.00911342931112428 0.0019494804350645236 0.01029112994846761 0.015380403332288036 0.009785514357558959 0.001620030180284274 1.0894145086768721e-05 3.7431894937005593e-05 5.385870630710381e-05 0.0 0.0 0.0 0.0 0.0 0.0 0.0 3.0857116893551526e-05 0.0 2.2460089261423094e-05 0.0 0.0 0.0 0.0 0.0 0.0 0.0007904814709602964 0.0001703260471416259 1.1894924434479076e-05 8.065980409719786e-05 0.0 0.0027133641299999073 3.366194723044044e-05 0.0008029955923298398 0.00047665061131425634 0.00019086618107857196 0.0 2.9502744140138936e-05 0.0 0.0002625855560759198 0.0007798954149153359 0.0004587163678659245 0.0 0.00014264171165909406 0.00020959609090600252 4.471137029950572e-05 1.89257323388454e-05 0.0 0.0 1.569912454661937e-05 9.834641076458937e-05 0.00019048897374356795 2.9318583258999617e-05 0.00018468038279648605 0.0003141859241775837 0.00048775770101166876 0.0018463906570402484 0.0004950399791048515 0.0012632673519339264 1.1647942171172506e-05 4.39917565441034e-05 8.437375737564016e-05 0.0 0.0 0.0 4.531363116334175e-05 0.0 0.0 0.010600908941811735 0.00010132865709974994 0.0 0.0 0.0 0.006473391304582598 0.002194639325091225 0.008241994607672833 0.00042814671142393 0.00010321509660746216 0.00016661536576742606 0.0 6.051897857920133e-05 5.01539887717406e-05 1.6040923640310434e-05 2.558972175131872e-05 0.0 0.0 6.282264059194659e-06 0.0 0.0 0.004145956232679337 0.00024129032354249349 0.0011344332505793164
0.003865236249244558 0.011747913066663168 0.07081631356138306 3.1717369869041815e-05 0.04035178296088281 4.4507519175234954e-05 0.002506519892486266 0.0 0.031534181480051306 6.370954276242181e-05 0.17696233472104184 0.0004793233234709731 0.008693661488234585 0.04718646369468367 0.0016331434930556474 0.0009410841968666649 8.987397203179552e-05 7.6044655952866635e-06 0.0 0.0003266010376153217 0.0014142225537101421 2.2300582561749613e-05 6.167285281590932e-05 0.00012671385611100227 0.00024064099349099542 0.0005599546823822702 7.757883639542371e-05 0.00017766791780010111 2.9602681528019958e-05 2.827477399337132e-05 0.14215509115066852 0.15609266449615275 0.00014695449180655604 1.8902385140867704e-05 7.974314291806912e-05 0.00010941804434583579 0.0 0.00010520516602207828 2.149758449087024e-05 0.00016925549361523304 0.001390534168752951 0.0007582172321163195 0.00020904303991968622 0.0101565741052529 4.715322991483359e-05 7.973289222810546e-05 0.01259918230204191 0.0001442724433695688 1.1324498296139353e-05 0.00011819804823276032 0.00018637671536631063 0.00022059642925609244 0.0 2.2621822825689686e-05 8.301598755944071e-05 0.00010322263689681694 0.0011530554242053048 0.011511259342618804 0.0003253113136956097 0.0030395044172938064 0.001676365835738283 0.0009912125028315258 6.158396973159668e-05 0.03901660344191832 0.0001573530829215905 0.00014135030664811371 4.352579401903699e-05 0.00011609247526375848 0.00017493124483971471 0.0024813760176146168 9.526282499228008e-05 1.454190590946286e-05 0.0 0.004684019343099739 0.009100425209099823 0.007530015423625178 0.0035232445974231314 0.012868191950061312 0.04610358760788684 0.15414191263767307 0.014473721878977911 0.059097261169371945 0.0002852117998023251 0.0 0.00015914074019323304 9.621075460578624e-05 4.783961305081006e-05 0.0 9.893875401065364e-05 0.0 6.638515955486548e-05 0.00016671628732550038 0.0009628862209676885 0.001076159272271497 0.0011632271439149446 0.00011840221122750235 1.6698893734930445e-05 0.0 4.148944740361349e-05 0.0013157435118205266 0.0 0.0 0.0 0.0 0.0 0.00019146664663541877 0.0 0.00011367046319465058 4.044484820290994e-05 8.142887667935574e-05 0.0 9.693298506387075e-05 5.2292273943902454e-05 2.8047613971005297e-05 0.0 0.0 0.0 0.0 0.0 0.0 0.0 0.0 1.17965785434986e-05 0.0 0.0 3.582776728236859e-05 0.0 0.0 0.0 0.0 0.0 9.662585693875579e-06 3.708970805700486e-05 0.0 0.0 0.0 0.0 0.0 0.0 0.00015155162395975952 0.0 1.0318440403917424e-05 0.0 1.1057510499597721e-05 0.0 0.0 0.0 0.0 0.0 0.0 2.7401612589646833e-05 0.0 0.0 0.0 3.5310915840293474e-05 0.0 0.0 1.0206853012510845e-05 0.0 0.0 0.0 0.0 0.0 0.0 6.382729575097427e-05 0.0 0.00011746004369452351 0.0 0.0 0.0 0.0 0.0 0.0 0.0 0.0 0.0 0.00010169348946916803 0.0 1.2646236814009756e-05 0.0 8.495437265056106e-05 6.336673966466973e-05 5.474635874491891e-05 0.00015714677855306435 0.0 0.0 0.0 0.0 0.0 0.0 0.0 0.0 0.0 0.0 1.02484097528079e-05 4.251647106183731e-05 0.0 0.0 0.0 3.898695907438789e-05
0.0009824084732915636 0.022586290878492142 0.04054019932554547 0.0011518204164551397 0.29802443584150323 8.332491372725083e-05 0.07285020999107035 0.031534181480051306 0.0 0.027622151101273574 0.13835222957428023 0.008651813778943172 0.20257157728228342 0.1038446931417492 0.0014417868655682339 0.0007805504017226847 3.3815628928351144e-05 0.0 8.152898026136949e-06 0.0 0.0 0.0 0.0 0.0 0.0 0.0 0.0 1.1407688376498347e-05 0.0 0.0 0.004375972293008992 0.00037723793592618057 4.697638704694561e-05 0.0 9.086513742508772e-06 0.0 6.944792523751147e-05 0.0 0.0 0.0 5.1281771897464884e-05 0.0 1.078591645826657e-05 0.000263325230078675 0.0 0.0 0.009416460458147256 5.364458944648699e-05 0.0 7.417492408494103e-06 0.0 0.0 0.0 0.0 4.278133184705075e-05 0.00010197861226004355 0.00033487757997264166 0.0017014463899614409 0.00021521477462172663 0.001817046747983987 1.067936686925339e-05 2.3114797026771245e-05 1.0354665253438079e-05 0.0003096880304394067 9.983928683571763e-05 2.70805747679425e-05 0.0 1.722528868699709e-05 0.0 3.431281064508899e-05 0.001842721546084875 0.0 0.0 0.0020806230057510513 0.002124865496579087 0.005140329987973342 0.0010317205007013101 0.0013165427332494269 0.0 0.0002509670104323706 6.298027948842479e-05 7.21227343127916e-05 6.710868673754108e-05 0.0 3.652187878747966e-05 5.2885631452924826e-05 1.0582836803056318e-05 0.0 1.0928590359609e-05 0.0 7.833138463008946e-06 0.0 0.0 0.0 1.3502976459212924e-05 0.003169664818271929 0.000552208736337335 0.0 0.0001547961492577013 0.0001374954467343329 0.0 0.0006786111145508598 0.00048690061119611186 0.0004089014582122954 0.00018367303091537896 0.007965565273892732 0.0009329848981581457 0.006218269184359862 0.006268658708517546 0.0023018929883664298 0.0006455212615554244 0.0026672871219940667 0.005086503552736824 0.002606104199222512 0.00044887197126226765 0.0 0.0 0.0 2.9280913956769906e-05 0.0 0.0 0.0 0.0 0.0 0.0 1.4749804510595447e-05 0.0 2.4243636818894907e-05 0.0 0.0 0.0 0.0 0.0 0.0 0.0 0.0001461436764561007 0.0 0.0 0.0 0.0009986792899244227 2.361766354034509e-05 0.0002822751768342647 0.00018385423860201177 0.0 0.0 0.0 0.0 7.357159424402912e-05 4.260867118953959e-05 0.00017974957044074172 0.0 1.2702849511663376e-05 3.486949328097208e-05 0.0 4.8971466222969745e-05 0.0 0.0 0.0 6.81167348557968e-05 2.113986632461484e-05 0.0 0.00018564064086857809 6.169405795617643e-05 6.698265892260283e-05 4.729804450603366e-05 5.4409502387841635e-05 0.0002809212828293826 2.2682063069351266e-05 0.0 4.9728866915954966e-05 0.0 0.0 2.426822534341944e-05 0.0 0.0 0.0 0.004070779419234021 8.590236997278797e-05 0.0 0.0 0.0 0.0023160545128381323 0.0008880626883736776 0.0029641657519649442 8.834544697723616e-05 0.0001564927820712471 6.075122291096086e-05 0.0 0.0 0.0 0.0 0.0 0.0 0.0 9.720471862620229e-06 0.0 0.0 0.001501730316601541 7.026424619606713e-05 0.00032024169572664906
0.14603185602222016 0.0276370455897454 0.0007738158728178066 0.18191490390360632 0.007058852424937902 0.0906880332425733 0.12404109293405466 6.370954276242181e-05 0.027622151101273574 0.0 0.000554687040342581 0.12386280411565864 0.252121800332409 0.012176230255651312 0.0001846613949458414 4.0233825425652856e-05 0.0 0.0 1.0410475021413465e-05 0.0 0.0 0.0 0.0 0.0 0.0 0.0 0.0 0.0 1.813004270624677e-05 0.0 0.003333625893442164 2.343525693060666e-05 0.0011474785537023053 7.297064583509304e-06 0.0 0.0 0.00019825500807684146 0.0 0.0 0.0 0.0 0.0 1.6447556227849618e-05 1.901152133979833e-05 0.0 0.0 0.0037324688074134946 0.0002198152491235991 0.0 7.891271529210015e-06 1.7919931602976974e-05 0.0 0.0 0.0 0.00021905614887333084 0.0003258664766468719 0.001552280592889004 0.007646445901506781 0.0003865144786389592 0.0017046699836897037 1.0138512343713851e-05 0.0 0.0 0.0001934782569981998 0.0003501691595738081 0.00016846410451229092 6.247808732635243e-05 6.208783204211388e-05 0.0 1.838359271546481e-05 0.03176804302913421 0.000358789035071896 0.0 0.005726051808105202 0.0022398661461513905 0.0026766776102767277 9.327742816332133e-05 7.428711127986364e-05 0.0 0.0005455605121139698 0.0 3.200123081557635e-05 0.0005753464756776124 0.0 0.0002373878185749611 0.00017564380731318978 1.644967571598662e-05 8.249008845406634e-06 7.822426943388387e-05 7.877791338445146e-06 4.525239854236917e-05 0.0 0.0 7.648697172016058e-06 2.2962769063070058e-05 0.027604926191481836 0.002049759194585191 0.0 0.00034093734360052464 0.028507960169850535 0.00017903751817641478 0.0046687810598367635 0.0021987574522415398 0.006795854478981401 0.00019143135192590022 0.020038043450802734 0.007529608435395873 0.011989105829462275 0.020294242669044272 0.013528908233110724 0.0006504134348012017 0.007515137063507403 0.013914228285460673 0.006363091709107005 0.0009027669632150996 0.0 0.0 0.0 0.0 0.0 0.0 0.0 0.0 0.0 0.0 1.262650143173117e-05 0.0 0.0 0.0 0.0 0.0 0.0 1.6360582666247037e-05 0.0 0.0001497168024346752 4.254253618361508e-05 0.0 0.0 0.0 0.0019306706241591387 0.0 0.00038063291684086435 0.00023228415474621985 7.085137108314936e-05 0.0 1.065462240949322e-05 0.0 0.0 0.0 0.0 0.0 1.8795799303751522e-05 7.517307031573385e-05 0.0 0.0 0.0 2.1881659815506993e-05 0.0 0.0 0.0 0.0 7.833555589764272e-05 9.47741985117816e-05 0.00033651180586346234 0.0004975223887207095 0.00020755715220924974 0.00028681525994472536 0.0 8.619243413242435e-05 0.0 0.0 0.0 0.0 9.780550015707912e-06 0.0 0.0 0.006663866892517255 5.317514778745707e-05 0.0 0.0 0.0 0.001186738370030218 0.0005587300080771716 0.0014776952082800592 8.004762903522244e-05 8.879243122662857e-05 3.180258505568465e-05 0.0 0.0 9.263129546808022e-06 0.0 1.8070389271498246e-05 0.0 2.06246056955138e-05 0.0 0.0 0.0 0.002310990767745787 1.3409396167889968e-05 0.0002885668031629357
0.012152757572896305 0.03409137755832069 0.23910172727886178 0.00010468826191766476 0.17005146155461134 0.000372113647610747 0.026110138803020485 0.17696233472104184 0.13835222957428023 0.000554687040342581 0.0 0.01232126297494076 0.08460056395643216 0.22865449360400014 0.010873445537094321 0.009038384469498872 0.00041589304566919333 0.00010966191747940025 5.779045665450924e-05 6.48615772369199e-05 0.0007599784508423305 0.0003281862718011673 2.6632400486488646e-05 8.953217293810447e-05 0.0007780344968078562 0.0004418754882596824 0.00017078554519367814 0.0003609300949337551 0.0003669203401714562 0.00013059805441865637 0.1428349083996457 0.026616140838375078 0.006040779489591269 1.3989761125722074e-05 2.8125505672985014e-05 0.00010908236160658454 0.004751335389504354 0.0006821054248427908 0.000874276761957991 0.0008807531633337733 0.003915200930588456 0.002415388277473784 0.0001979608581404608 0.003001299289449913 6.049221927205439e-05 7.445864140691643e-05 0.030567194100149072 0.00035461701109594875 0.000202659552690843 0.0004853196912184523 0.00041963929942705945 0.0022737435568936717 0.000192432230442949 0.0005826081785268089 0.00017868041075649893 0.0002903798812976194 0.0016224103579389375 0.012941817123105165 0.0006801286872068951 0.004656796274303118 0.0001386593145046511 0.0006608539123090927 1.323889056269236e-05 0.0048353613647975245 0.00020451727617777169 0.00025785096222501777 0.00010011590294913336 0.0001401358748258611 0.0010557820537237615 0.003374696223864417 0.006531316389427433 0.0008500976877980612 0.0001488332432967956 0.00758635835195329 0.01273487989758053 0.01701790658440052 0.005410413633772859 0.01216366964916732 2.033713224935369e-05 0.060140993119848274 0.00021728096300090673 0.0025686391707836396 0.0005433880490842183 0.0 0.00025793758630019304 0.0002177935063901342 0.0001535524433306639 5.735182519912044e-05 0.00024437929113221173 0.00017524542493068342 0.00057276469154536 0.0016040007110445181 0.001751708716105992 0.0031608532060391705 0.006923370248455897 0.0019773604542213967 0.0013054553905610436 5.3921336189858864e-05 0.0008633679295502341 0.002149910556386196 0.0 9.960249918040399e-05 0.000292764544826013 0.00011467172607837674 6.626365249390773e-05 0.0017655885914493702 7.090818759089167e-05 0.0016463026795112091 0.0012368069008214183 0.00027177045332536505 0.0003071488357764242 0.0007154003812318673 0.0017334242797343775 0.0007593719277487204 0.00027174839122522836 2.183609800178939e-05 2.786900383711344e-05 0.0 1.0139819327202012e-05 0.0 0.0 2.386059148752512e-05 1.1537318432165095e-05 0.0 3.916130561065276e-05 9.028525463541844e-05 0.0 2.0482870825217547e-05 9.622387915478562e-05 8.885052941257957e-06 0.00012686083122592773 5.067567147041455e-05 0.00023942185009927653 0.0 0.00010859137079227211 0.00015826845079576046 0.0 1.6428367986748694e-05 0.0 0.0007033247182843152 6.177976625380565e-05 0.00028407269906134073 0.0003119212199845416 0.0001403537416553244 0.00010109813010736179 6.008613861317817e-05 9.427839559081154e-06 0.0 0.00016503595795119619 0.00017195352131031412 0.0 0.0 6.70897891651908e-05 0.0 0.0 4.6501253751814965e-05 4.210197947520735e-05 0.00012507055041233812 1.336761099615123e-05 0.0 0.0 1.6644524316105285e-05 0.00010450917098346308 0.0 0.00043835877732401117 0.00025336165176406553 0.0003876924270874847 0.0001140716394167955 0.0 1.2732304856963293e-05 0.0 2.6562062752393157e-05 0.0 3.173380530609257e-05 1.2792727025066442e-05 6.398335819693431e-05 0.0018154886492648481 0.00028878511864816476 1.6847960980933965e-05 1.3279517162987368e-05 0.00021570217345420764 0.001271379077586444 0.0008109801781029752 0.002153100849734534 0.00020711481455630877 9.085686875404018e-06 5.122048045881571e-05 2.4046449874168174e-05 1.9748162128649764e-05 4.1480732812506134e-05 0.0 0.0 0.0 8.42742132454806e-05 6.19949801324837e-05 0.0001706341963689637 0.0 0.0005886997878230117 0.0003270777213717645 0.000547433511782579
0.006226603822167427 0.003548399955420247 0.001922274823491101 0.06552709124980854 0.003876216103996808 0.01344977669827959 0.05250695424776833 0.0004793233234709731 0.008651813778943172 0.12386280411565864 0.01232126297494076 0.0 0.10609646975729989 0.01629998107413749 0.003362211431313776 0.0020819937154561026 7.863140949486534e-05 0.0 1.0876362314567942e-05 0.0 4.417751439355506e-05 8.855104895327547e-05 0.0 1.1126827815396857e-05 0.0 0.0 0.0 0.0 9.72112774810696e-06 9.261529158863334e-06 0.0008549659728600213 0.00011277121683528061 0.0020924685814709366 0.0 0.0 0.0 0.0009216339414825076 0.0 8.805746879333964e-06 1.5100323666805637e-05 0.00017017974911390783 3.223448872636752e-05 1.9842306659312195e-05 0.0007539828490925001 2.18304152567328e-05 9.682966018817358e-06 0.00551066168294315 1.8412628129910863e-05 2.355582085695941e-05 7.511935815024835e-06 7.91239938578578e-06 4.487637987157362e-05 0.0 5.8216542162694045e-05 0.0 2.800136481118325e-05 0.0004888911675663761 0.001020649969609536 3.021037618767673e-05 0.00048754622821079303 0.0 0.0001453773874546842 0.0 0.0003784021887471026 4.976167076526223e-05 7.949078362483899e-06 0.0 0.0 5.3661396255612104e-05 5.181418608641238e-05 0.01012871076911446 0.001365279105902955 5.9260395883543014e-05 0.0007228478296198389 0.0015340689420243279 0.002988801271129155 0.0010626742434107646 0.002562066922584206 1.0873998664680402e-05 0.002830087313365182 4.42633813621258e-05 2.378934002766291e-05 5.086411236341621e-05 0.0 0.0 3.252489142960758e-05 2.1013114231542635e-05 0.0 2.6026279541644147e-05 8.139269149757048e-05 3.314832802487242e-05 7.211077791020655e-05 0.00011249277600603739 0.00011567061163368587 0.0005343167985287871 0.05586497644067685 0.001876421983329311 4.279319455170912e-05 0.0005203558881573636 0.004371407873742875 7.020363116069885e-05 0.00279815519331961 0.0008062296261956998 0.0020493065323782273 0.0004623487998445997 0.021070891493887644 0.003905192061295012 0.01532782129648 0.019660451939936863 0.008876241017838654 0.001697198507596915 0.010924826533728288 0.018911786757318 0.010951999272375825 0.0021830194806713053 9.554588232520995e-06 0.0 0.0 0.0 0.0 0.0 0.0 0.0 0.0 1.4986854793674344e-05 3.5265556468811604e-05 0.0 0.00010495568195573682 0.0 1.2347075064441652e-05 0.0 0.0 1.1248778744634997e-05 8.596615842698674e-06 0.00030094600704125675 7.257256232845496e-05 4.1585976785884086e-05 3.0410391168365557e-05 0.0 0.003631840106654486 8.0496337463251e-05 0.0006875375402561938 0.0005968108952059981 2.392842468287982e-05 0.0 0.0 0.0 0.0001592057692900522 0.00010026900741310163 3.888817410261235e-05 0.0 4.6874466956222006e-05 0.00019250271180160357 0.0 0.0 1.433427677536027e-05 1.4151487850723954e-05 8.089223992836958e-05 2.7633716716479593e-05 0.00011150771807614096 0.0 0.00017052079862418551 0.00024403374001789473 0.00011295907160329574 0.00024065289039197735 0.00023111646314299625 0.0004565639144729668 1.65562129943233e-05 0.00010445493287852051 8.862404374171503e-05 0.0 0.0 0.0 9.368309915024073e-06 0.0 0.0 0.015229876527007559 0.00022760160769984367 1.8109754711378725e-05 0.0 5.3773900108491284e-05 0.004793749703836908 0.0010285788673536083 0.004168111458296194 0.00017809820672038342 7.482428354527745e-05 3.0115715976454352e-05 0.0 0.0 0.0 0.0 3.218980644209301e-05 0.0 0.0 0.0 0.0 0.0 0.006280000852800591 0.0001682609667233305 0.0010515986040721713
0.005125014942854918 0.0178408515035201 0.023030558412582558 0.07011794945823444 0.03499780742791021 0.005516356171017261 0.4153331866476067 0.008693661488234585 0.20257157728228342 0.252121800332409 0.08460056395643216 0.10609646975729989 0.0 0.29210243571918 0.010007963646900831 0.006213620701639281 0.00028513145006860466 6.890648458698535e-05 6.247247776142835e-05 2.1086039259482043e-05 8.533205736624262e-05 4.1082585016779686e-05 0.0 1.1307137506571856e-05 1.416385050563343e-05 2.2079126486160816e-05 2.7768035772038976e-05 1.7580677399688552e-05 4.2076337019989324e-05 2.3095764036979488e-05 0.006908525622327432 0.0007139333138100898 0.041201103940059644 1.2012202778059907e-05 1.0544071166691861e-05 1.4527440864578178e-05 0.01523256779887695 0.0005758504357896152 0.0017658187060340961 0.0007634800073352333 0.00034261538250507384 0.0005443222392988266 5.628711924406395e-05 0.00221125041224211 7.890159327981104e-05 5.441968742086398e-05 0.022935694651847482 0.0001923361497164441 6.189275432662708e-05 0.0001103574802764851 1.90587991250344e-05 0.0007364629871186361 0.0019198389571234479 0.00020255652395530815 0.00016491165568274706 9.41296559455881e-05 0.0008193619104034818 0.003208205417521793 0.0003825921890464422 0.0027276337080149346 6.414462121978811e-05 0.004880372249068731 0.0 0.0011969847437339187 7.346233562226001e-05 0.00012195392346823573 2.361304019739377e-05 5.4553137205877354e-05 0.00014060442122513906 0.00035056422970041015 0.053209254333401367 0.0025456793528632962 1.8712488168406973e-05 0.0033810210944910423 0.006514228694435943 0.011532652789729335 0.004451406510389196 0.009058786433190294 1.8754699426337814e-05 0.036221969487811555 0.00013722651385090462 0.0029628746868654208 0.00015437299163874354 0.0 0.00013255562433124522 7.259802012352553e-05 3.390652275649173e-05 0.0 3.640538901112114e-05 2.650167204490772e-05 0.0002608390992188823 0.0001262088783164091 0.00034299167543038465 0.00037622755767043444 0.0014140859455526807 0.08061673839556298 0.0081800321844922 0.0 0.006296517510907401 0.0023436274264394636 0.00010662133563580292 0.003926397667999977 0.0015598681374594447 0.0037240855438016177 0.0005223705207912248 0.03389088495758009 0.004373851811810752 0.025503820175384568 0.026988695991984175 0.01294306898895895 0.0025110254646669443 0.01519601238785847 0.0280122585424945 0.01735509898806593 0.0032908140995100464 5.804161428892791e-05 0.0 1.1510245886693937e-05 1.0437218598251549e-05 0.0 0.0 0.0 4.887026562289478e-05 0.0 2.6331571324181587e-05 6.456274787561723e-05 0.0 6.790653826171799e-05 0.0 0.0 7.422574118967016e-05 2.8126257992104312e-05 6.4804701911501e-05 9.85861611893801e-06 0.0007024240349954273 0.00021513120154254323 0.0 1.2414188769147717e-05 0.0 0.006335184431376661 0.00024545175554916755 0.0013725411767045934 0.0012509219654839449 3.3530525287416814e-05 0.0 1.3305340858720498e-05 0.0 3.4232231112073964e-05 0.00024050673393703913 0.0003417099958538375 1.054291806665991e-05 0.00017139861756718493 0.0003070244199761806 0.0 2.090253563168238e-05 2.9031696621752552e-05 1.0392328400329533e-05 7.468895638209819e-05 8.515932489645188e-05 0.00026468236794681426 9.096327882205304e-05 0.0005102618371896737 0.0004943716461563264 0.00012280017852062185 0.0010163244335494434 0.0004593825259282683 0.0015604077027835837 5.308096700869162e-05 8.567178963413503e-05 0.00011287560384878907 0.0 0.0 0.0 0.0 0.0 2.7491111207784367e-05 0.022713299341402416 0.0003555752727866687 1.8938279653902344e-05 4.683669643287443e-05 8.932182177664297e-05 0.011322813220999263 0.0016801250991455015 0.009413614326174644 0.0003021589438002414 0.0004331622875748457 0.00022165397381705967 2.8765989819493137e-05 0.0 9.453865560264721e-05 0.0 5.114980896860184e-05 0.0 5.8248879574147344e-05 6.145876673198375e-05 0.0 2.1280727820806234e-05 0.008833462701423418 0.000370853661497968 0.002121460878456485
