0.0 0.2076733709436203 0.049658936313113695 0.06124312236929954 0.002505706595930382 0.0038538079268691447 0.03547194768185289 0.0028139435993240003 8.550707717158921e-05 0.0775303689282299 0.0038238619114573406 0.024802260466717515 0.011706235457819477 0.0014448230337127483 0.000269130740114851 0.000128315277545015 3.196074456927686e-05 0.0 0.0 0.0 0.0 0.0 0.0 0.0 1.9852906036219597e-05 1.190991577887205e-05 0.0 0.0 0.0 1.4413282084707203e-05 0.02020614706010997 0.0004457767127094672 0.0012007772600347872 0.0 2.8330879103690696e-05 8.258742656149105e-06 0.0015406969203226827 4.172469093314064e-05 0.00010838391690159811 0.0 1.1594268630139188e-05 2.2618318700593767e-05 9.838601005039172e-06 0.0 0.0 0.0 0.00032086931617525215 9.634614312000169e-06 0.0 9.364045986961318e-06 0.0 3.8987537912211686e-05 9.034712492055725e-06 0.0 0.0003818302995871976 0.0005269726533288741 0.017146954491894295 0.039400809516033024 0.001578062282780259 0.0006438071190769184 0.0 0.0001251131423286627 0.0 0.0005282073216021964 0.0001390439679656556 7.951806156591317e-05 5.815091676139415e-05 3.2941743183538075e-05 2.5616082951520856e-05 0.0 0.0009288422650466159 0.0012768565091296068 3.768106497223044e-05 0.004237083504502547 0.0002961042929537015 0.0009652735671315045 0.0002676895997119716 6.725751340583778e-05 0.0 0.0031248863287258464 1.2805837254269638e-05 5.191595696133485e-05 0.0003326814568330142 0.0 4.620630957316009e-05 7.991197036338406e-05 3.718020291875269e-05 0.0 8.276363271816845e-06 4.2081855944909926e-05 7.911011778141697e-06 3.4935217857085145e-05 1.0448207210223966e-05 1.4750222637963381e-05 2.1771551199987568e-05 0.007218684835123503 0.0008162586478439554 0.0 0.00014864625351306498 0.07331157674216877 0.0 0.00011693629957492843 0.00028821282808675567 5.5492125157497515e-05 0.00020851400720233915 0.00031412367810827675 0.0007728755726916602 3.5868282739538924e-05 0.000190513078085852 0.0011080664795037512 0.0 0.0002100982981140182 0.0004061446672307487 0.00028886949642161657 0.00012042448858085412 0.0 0.0 0.0 0.0 0.0 0.0 0.0 0.0 0.0 0.0 0.0 0.0 0.0 0.0 0.0 2.7744854395668504e-05 0.0 0.0 0.0 0.0 0.0 0.0 0.0 0.0 4.991444600650078e-05 0.0 6.756002567490369e-05 4.101917395832314e-05 0.0 0.0 0.0 0.0 0.0 2.1289343624831523e-05 0.0 0.0 0.0 0.0 0.0 0.0 0.0 9.717335384221807e-06 0.0 0.0 0.0 0.0 0.0 0.0 2.8861757161135053e-05 0.0 0.0 9.126667394002246e-05 0.0 0.0 0.0 0.0 0.0 2.21297084129253e-05 2.3559973523550083e-05 0.0 0.0 0.0003131693834098828 0.0 0.0 0.0 0.0 3.6152677195998e-05 0.0 8.425874941278886e-05 0.0 0.0 0.0 0.0 0.0 0.0 0.0 0.0 0.0 0.0 0.0 0.0 0.0 0.0011978525075372441 7.431973107137345e-05 5.436523679176331e-05
0.2076733709436203 0.0 0.1193135495106772 0.08803346097400402 0.07409527417571168 0.0024248576516312115 0.1716483527575502 0.022684393857751315 0.02519082990024635 0.048260109951668004 0.05290525439002315 0.011912221862146776 0.11214954382560897 0.11884661742013869 0.005265002807696426 0.001212149902718187 1.646480107478594e-05 4.341066492290751e-05 0.0 0.0 0.0 0.0 0.00014641610816290638 5.880373689061823e-05 9.522113006929353e-05 3.998679138344002e-05 7.655567778339161e-05 2.657183635008563e-05 2.2341469358434438e-05 3.119279621386632e-05 0.11048061203769742 0.003971299064789292 0.014080249860093158 0.0 6.230655291520564e-05 3.3965566515855356e-05 0.00450509855058319 0.0005098979829237315 0.0005954387916459835 0.0001521429749008619 0.00018551720925471003 6.17430988651446e-05 0.0 9.579042494998982e-05 0.0 0.0 0.010996806178977041 0.00030599404658848245 0.00016398319211080386 5.913011242005148e-05 0.00036900524542455166 0.0 9.014674633143577e-05 3.3347335834989244e-05 0.0036056199588964063 0.004693316374639667 0.019363271685117096 0.06007304917514009 0.007603924539654785 0.008723292605437489 5.399900492511771e-05 0.0012869507663887544 2.2561277548779376e-05 0.011720906597638893 0.001709168873277387 0.0010062043463810906 0.0004178693511113753 0.00022829250746994167 0.00020017013533046954 1.7478573573720086e-05 0.0024286919785115007 8.075750720563494e-05 0.0 0.029090536194173858 0.008221103261981423 0.018223826798710624 0.006645430234149963 0.0012189593349348734 7.895773760904094e-05 0.01587200143354614 7.641749759945068e-05 0.0008623903099022472 0.006078646940228406 7.4783879488908815e-06 0.0007611625304553509 0.0013645091566430278 0.00014340687549173337 0.0 0.0002955054880368168 1.2685983190363186e-05 0.0001587602983333044 2.431686075455346e-05 9.006651672568408e-05 9.990923289877379e-05 5.714749549708089e-05 0.001775085292500594 8.006548142582111e-05 0.0001087044077462008 0.000575443356186005 0.04759308721536522 0.0 7.226169315516474e-05 0.00017212773844241643 0.0002299478372443944 7.297305205697239e-05 0.0006651952492102388 0.0005666792608067804 0.00012149780246891167 0.0010213624311251114 0.0007780323392762586 2.6448077070088557e-05 0.0007358069907598262 0.0013215141417830833 0.0008190923387495101 0.0004651696666264632 4.666760966071138e-05 0.0 0.0 0.0 0.0 0.0 0.0 0.0 0.0 0.0 0.0 0.0 4.825682320581179e-05 0.0 0.0 0.0 3.306175676707989e-05 0.0 0.0 2.4737853354858352e-05 4.0176547390107244e-05 0.0 0.0 0.0 0.0005867870781239653 0.00012960963137812774 0.0010608283717128603 0.00021748557403859607 1.1288610370738625e-05 0.0 0.0 0.0 0.0 0.0 0.0 0.0 3.0075775042072485e-05 8.949310503240487e-05 0.0 0.0 0.0 3.573432626278192e-05 3.0413989559701852e-05 0.0 0.0 0.0 0.0 0.0 5.2959983921422486e-05 0.0 5.1196716364278616e-05 0.00028037029244185036 5.855279276979446e-05 0.0 0.0 0.0 0.0 0.0 0.0 0.0 0.0 0.0013889476985368984 2.363254783133638e-05 0.0 0.0 0.0 0.0001388885037469958 3.893997310382214e-05 6.969453872956976e-05 2.012609190853985e-05 0.0 3.785220268028708e-05 0.0 9.949371220568634e-06 0.0 0.0 0.0 0.0 0.0 8.254202650581655e-06 0.0 0.0 0.002019752811224996 0.00105526208807451 0.0013962972149029766
0.049658936313113695 0.1193135495106772 0.0 0.020058543184639253 0.028740241869064886 0.00023171080330394565 0.009294018662315317 0.16670099984294065 0.04367483828118118 0.004239929891197638 0.11605504427176629 0.0032562556464178958 0.015868949165108594 0.08847919424091041 0.0027048256256854662 0.00220774702438422 0.00012012910864847481 1.0326942685761482e-05 0.0 1.0215901670576104e-05 9.569152277606086e-05 1.005723390295033e-05 0.0003485706332221911 0.00019959922168178958 6.593673193828812e-05 7.672207649746962e-05 0.00032853513585845987 3.1250372386863256e-05 3.5488372749382206e-05 9.61358452600829e-05 0.2118594660348008 0.017116812570473105 0.03193959803354992 1.2917427543251032e-05 0.00018848246658337807 0.0001456961269781271 0.006016756456731906 0.0014311650803905793 0.0008862566307442412 0.00020707831020145027 0.00031122377010872095 0.00018160732488499998 8.009850692393952e-05 0.00025086893554683907 0.0 3.085014365167355e-05 0.003204420540147353 0.00010532563495752498 4.2788433643076015e-05 8.623313983690037e-05 0.00040935240536872696 3.6912028484599263e-05 7.18554092519603e-05 5.1326506144305575e-05 0.0007819316290205636 0.001091634620604113 0.0063711823974073965 0.03114464977715183 0.0020354390715116772 0.0019633968494177307 8.098383432210982e-05 0.0034035276640365934 0.00010727321402299072 0.011292553135339434 0.00031365738960601114 0.0007300884579635077 0.00035490440419872415 0.0005133305434311087 0.0008073045179839236 0.0001645519706083506 0.0026517780512316127 0.0001337800069269764 1.7047296616442133e-05 0.0066626921866369815 0.003452590138145862 0.00704870527579936 0.005372031407403506 0.0017520005773067789 8.845272235594589e-05 0.044151660494277906 6.416540562458219e-05 0.0038531726922722324 0.0012900230137013172 0.0 0.00021726944850430062 0.0004797444883804103 0.00016550594407476404 0.0 0.00011652114670890394 0.0 7.8529715181231e-05 1.2982398081751386e-05 0.0004903492906993552 0.00038690786494692374 5.0793233647798354e-05 0.000946836665369779 0.00017575488494789456 0.0001583365752611653 0.0006391889066784726 0.008318115245541229 0.0 0.0 8.927499948119205e-05 1.623567386794176e-05 0.00011674558425773919 0.0007686306631006737 0.0001385801517436495 5.6424917047585615e-05 0.0004634137523215148 0.0005501755895659986 1.224478531775563e-05 0.000738039442840657 0.000721354380232782 0.0010612193082922454 0.0004692666472458963 1.9559395388914514e-05 3.371821350544843e-05 0.0 0.0 0.0 0.0 0.0 0.0 0.0 0.0 1.3722812032471328e-05 0.0 0.00014032501917680436 0.0 0.0 1.1808206936444491e-05 2.028702529352982e-05 0.0 0.0 4.615898431831232e-05 1.7045555604889103e-05 0.0 0.00013141501650442864 1.083523363992145e-05 0.0010350930661978455 0.0005725485868017824 0.0014958325255537833 0.0004723214334624273 4.84762843998365e-05 0.0 0.0 0.0 0.0 0.0 0.0 0.0 0.0 8.051531199677158e-05 0.0 0.0 0.0 0.0002272735601759632 0.0 0.0 0.0 0.0 0.0 1.042749268107848e-05 1.0587317103105042e-05 0.0 0.0 0.0009674110759758868 0.0 0.0 0.0 0.0 0.0 0.0 0.0 0.0 0.0 0.0013365384849359045 7.595602538418282e-05 0.0 0.0 0.0 0.0 0.0 0.00014360313672009446 7.911548992034007e-06 1.1136677511154594e-05 8.093449341881096e-05 0.0 0.0 0.0 1.037854482100496e-05 0.0 0.0 0.0 1.1711501857699588e-05 8.597015828764678e-06 0.0 0.0016469323231695907 0.0010024464288579658 0.0013067356660798042
0.06124312236929954 0.08803346097400402 0.020058543184639253 0.0 0.00263745398502545 0.008493836475135125 0.013035541854768028 0.0004829037391273655 7.187959155159838e-05 0.05273057817904234 0.0008384853951756873 0.15982855410040425 0.07784806753565332 0.0016309913538794212 0.00015530323210159898 9.048330864225758e-06 1.8967674020924076e-05 0.0 0.0 0.0 0.0 1.1971683316583878e-05 0.0 0.0 0.0 0.0 0.0 0.0 0.0 0.0 0.004379041145203306 6.037271391730183e-05 0.0008786243041545091 0.0 0.0 0.0 0.0028930189100306153 0.0 6.79781732342891e-05 0.0 0.0 0.0 0.0 0.0 0.0 0.0 0.0005743307056329493 4.690930986534535e-05 0.0 6.818448091061386e-06 9.544361281737376e-06 0.0 0.0 1.2845436496262102e-05 0.0005197859615599581 0.0007413637947656872 0.0044118199333234515 0.01187526853945553 0.0011800970966812684 0.0009716222194810325 0.0 0.0 0.0 0.00019893048631691712 0.0001720383608515271 8.393655373634422e-05 4.048187729122057e-05 7.301048709442726e-06 0.0 0.0 0.0015430703899538898 0.0001896638679065681 1.2887970680274385e-05 0.0037441537540147465 0.00029892008641398035 0.0008166381976815332 4.0954825053041025e-05 1.8960662283274566e-05 0.0 4.765587930055176e-05 0.0 1.5203795616304477e-05 0.0006936592274411686 0.0 7.311061883035668e-05 8.956095021340651e-05 1.0259674735605336e-05 0.0 3.056967798293508e-05 0.0 0.0 1.016958506222001e-05 0.0 0.0 0.0 0.0029271862414763402 5.5508376425917303e-05 5.451571588477346e-05 2.445509246717385e-05 0.037479224863113364 9.775731466217439e-05 0.0006811203843950216 0.002886650157658854 0.0015231908973117759 0.0 0.0008825496624770275 0.0006742626073134462 3.464091235249041e-05 0.0014490996751030925 0.0005670087582067408 7.962509759671363e-06 0.0001987958588709722 0.002195475392624462 9.636509580685136e-05 0.0 0.0 0.0 0.0 0.0 0.0 0.0 0.0 0.0 0.0 0.0 0.0 0.0 0.0 0.0 0.0 0.0 0.0 0.0 0.0 0.0 0.0 0.0 0.0 0.0 0.0 0.0 0.0 8.008124152725361e-06 0.0 0.0 0.0 0.0 0.0 0.0 0.0 0.0 1.1150147327238078e-05 1.2126818628778996e-05 0.0 0.0 0.0 0.0 0.0 1.0597883771460296e-05 0.0 0.0 5.0190731822250625e-05 6.032852368923989e-05 0.00012529257834682317 0.0 0.0 0.0 0.0 0.0 1.3349616119613585e-05 0.0 0.0 0.0 0.0 0.0 0.0 1.1900587991533753e-05 0.0 0.0 0.0 0.0 0.0 0.0 0.0 1.8615790150622653e-05 1.808820609142206e-05 1.3005888033281318e-05 0.0 0.0 0.0 0.0 0.0 0.0 0.0 0.0 0.0 0.0 0.0003972064948160282 0.0 0.00011009506265128428
0.002505706595930382 0.07409527417571168 0.028740241869064886 0.00263745398502545 0.0 0.00016825114379235136 0.17076577469016263 0.004473219514054223 0.18799009646614354 0.019099960529376243 0.044089749956257904 0.0008690636345938986 0.05432331967355483 0.2116726603843548 0.0030686700611686143 0.0004478918257644917 3.624498753619735e-05 6.819497850861153e-06 0.0 0.0 0.0 0.0 6.119008759533711e-05 9.831826628221668e-06 7.069428391596278e-06 2.070403319201512e-05 0.0 0.0 0.0 0.0 0.008705212120425323 0.0036390744475239905 0.001669034965869538 0.0 0.0 2.1350838170177663e-05 0.002501607178662223 0.0002111029708674296 0.00019997570227387457 4.029760579985186e-05 0.0 0.0 2.117079422323496e-05 6.63098615216755e-05 0.0 1.2076083710247385e-05 0.007920844083877002 0.00022561876213362836 0.00011016915705511488 0.0 6.992229494463366e-05 0.0 1.482765708694275e-05 3.549133948569361e-05 0.0012301233193570808 0.001835803286394564 0.004784686536257914 0.008736619502343054 0.002545025845879416 0.004052372186253013 2.876746351495369e-05 0.0002755237844217387 0.0 0.006148273389838012 0.0006417787682582116 0.0003419216443198616 0.0001888585837338196 0.00011263541284454029 3.056038856801765e-05 0.0 0.0012088234671707029 0.0 0.0 0.01073474894350124 0.00538743568905171 0.010378077706399293 0.004860376584851305 0.0006102717501569593 4.27764334907122e-05 0.00040992968555020825 9.4368373730143e-06 0.00015648335891223843 0.0027441598063434654 6.1619310531743144e-06 0.00046110163745040626 0.0005225751793778909 7.695578537136683e-05 0.0 0.00016481437383040378 7.626486307274195e-06 7.515392283330259e-05 7.611933292567037e-06 1.67055814376737e-05 3.837152296456262e-05 1.8362732257585867e-05 0.0006006480692440226 4.0047276185939595e-05 6.333126100591292e-05 0.00030092833501774337 0.0006071459793472213 2.48966060899875e-05 0.00012727791916349873 0.0001753526400160764 3.736297953023943e-05 3.203036858607498e-05 0.0004023547937036933 0.00047180131996539445 0.0001403045184368609 0.0011106378143305123 0.0006447592194210155 0.00018002314689787371 0.0011384686021182078 0.0013824239681798675 0.00170195127307163 0.0006816110081384313 1.084827149218133e-05 3.6484930832132495e-05 0.0 0.0 0.0 0.0 0.0 0.0 0.0 0.0 0.0 0.0 0.0 0.0 0.0 1.351896457650237e-05 0.0 0.0 0.0 0.00011256971487457556 0.0 0.0 0.0 0.0 0.000992846275172625 0.00026656420019616754 0.0012371719323548828 0.00029639532145355325 1.290350602895605e-05 0.0 0.0 0.0 0.0 0.0 0.0 0.0 1.3160812845339043e-05 2.7175569930343584e-05 0.0 0.0 0.0 0.0 0.0 0.0 0.0 0.0 0.0 1.8718805848069866e-05 8.357755342650203e-05 0.0 0.0 0.0005416795200648409 5.621545625461947e-05 0.0 0.0 0.0 0.0 0.0 0.0 0.0 0.0 0.002388866238919378 0.0 0.0 0.0 0.0 4.302565797890315e-05 0.0 7.586347110502221e-05 0.0 0.0 7.34564173828841e-05 0.0 3.822922925710345e-05 0.0 0.0 0.0 0.0 0.0 0.0 0.0 0.0 0.0038275202289766537 0.0009183505287103239 0.0013377269270501483
0.0038538079268691447 0.0024248576516312115 0.00023171080330394565 0.008493836475135125 0.00016825114379235136 0.0 0.001969698498840746 1.421934677322879e-05 7.645357754227104e-05 0.03772259963361638 4.3125234411084705e-05 0.015166322482710161 0.00658545944173979 0.0006709808794735288 0.0 0.0 0.0 0.0 0.0 0.0 0.0 0.00030277116778958026 0.0 0.0 0.0 0.0 0.0 1.4869572926801436e-05 0.0 0.0 7.110406957666117e-05 0.0 0.0010572138497338516 0.0 0.0 0.0 0.00462721647275243 2.1074091885377262e-05 0.00022918128783781363 0.0 0.0 0.0 0.0 0.0 0.0 0.0 1.6373621624647645e-05 0.0 0.0 0.0 0.0 0.0010170735017892467 0.00031739324517984004 0.0 8.619097512448342e-06 0.0 0.014010282012151343 0.0006866438877176888 0.00013530390567814335 3.6911985178581414e-05 0.0 0.0 0.0 0.0 0.0 0.0 1.3049836515091721e-05 0.0 0.0 0.0 0.005610387763085403 0.013227752178468192 0.0007139178960638461 0.0 0.0 0.0 2.21745537130294e-05 0.0 0.0 1.37660325346399e-05 0.0 0.0 2.439163983200799e-05 1.9819574655089035e-05 0.0 0.0 0.0 2.7393366309479575e-05 7.35878878749456e-06 0.00033250635799476794 0.0 0.00011998531512753662 0.0 0.0 8.752044465629758e-05 0.02569125629573272 0.007586437228680832 0.0009371945640502877 0.001844476019232385 0.027644229667320955 1.1711962326750139e-05 0.00022492719846739747 2.7436614220520212e-05 7.136876363224085e-05 0.0 0.0001958200277476422 0.001128896861565995 1.5021590205711397e-05 0.00025590484709552333 0.0006059986845280635 0.0 1.2516753687979126e-05 0.00021085814221413909 0.0001303405382874861 2.9156115290764135e-05 0.0 0.0 0.0 0.0 0.0 0.0 0.0 0.0 0.0 0.0 0.0 0.0 2.9423794720688217e-05 0.0 1.2700460008406035e-05 0.0 0.0 0.0 0.0 0.0 0.0 0.0 4.1784531627146885e-05 0.0 1.4964333071985204e-05 1.4731016693135896e-05 4.753444374472764e-05 1.0159176268967805e-05 2.0540699886187874e-05 0.0 0.0 0.0 0.0 0.0 0.0 0.0 0.0 0.0 0.0 0.0 0.0 8.653853826019384e-05 0.0 0.0 0.0 0.0 0.0 0.0 0.0 0.0 0.0 0.0 0.0 0.0 0.0 0.0 0.0 0.0 0.0 0.0 0.0 0.00016955222979261864 3.668793080577746e-05 0.0 0.0 9.417622657347753e-06 1.1835467800591972e-05 0.0 0.0 1.2433480052896827e-05 0.0 0.0 0.0 0.0 0.0 0.0 0.0 0.0 0.0 6.690132908351068e-06 0.0 0.0 0.0016127158964040604 2.694742725018368e-05 2.283104224568953e-05
0.03547194768185289 0.1716483527575502 0.009294018662315317 0.013035541854768028 0.17076577469016263 0.001969698498840746 0.0 0.0006591447604381368 0.04053336512817851 0.05928633394091261 0.020101869915921437 0.03600044903541914 0.27203254337267635 0.1816560949689366 0.004512255488925134 0.0008679061272290123 6.708637131236162e-05 0.0 0.0 0.0 1.402775327577889e-05 2.5062223103034495e-05 2.4097547020260428e-05 6.862343399659998e-06 1.5641869973852464e-05 0.0 2.8471532116068563e-05 1.838333441035592e-05 4.008520348673661e-05 0.0 0.010881141185114707 0.0020674933537904437 0.003824597289301909 0.0 0.0 6.320343370112521e-06 0.007297416655652794 0.00035680732763348046 0.0009948745596618615 0.00011626347042092562 7.271196610531023e-05 4.8176861110651366e-05 9.855752380817294e-06 4.8840169518856614e-05 0.0 0.0 0.00910893249539794 0.0002073770745813511 3.303397787525055e-05 0.0001113214616679071 0.0001703454507725976 2.9301570885703757e-05 1.2249052330957404e-05 3.0036434539832233e-05 0.0024160572351110926 0.003718738503543268 0.009865942087280668 0.02142866342581836 0.004641174711646899 0.006654424530067462 3.084163319689999e-05 0.0006365783333104754 0.0 0.005838679971798638 0.0010530061147960347 0.0006418205338974514 0.00023289788155271614 0.00011988465165948932 1.6834464532213028e-05 0.0 0.003446423332698881 0.000296307251265861 0.0 0.019158987536197745 0.005754793406363152 0.013883889830422743 0.005997503238178251 0.0008482680881116834 2.4569321682356853e-05 0.0005199467315880707 7.4163518042329e-06 0.00017104795167513406 0.004318027215525032 0.0 0.0005974712406392401 0.0009549558661692236 0.00011001368077655138 8.328167136358663e-06 0.00026638139124221175 6.491679518402846e-06 0.00011568130433391154 3.2770613149965614e-05 1.1418565700352811e-05 2.2819138024377917e-05 7.324679926299235e-05 0.003553302093584202 0.0007420887468235018 2.6385326102047345e-05 0.0013600129910182526 0.007473903596489963 0.00045678708959000767 0.0004144337240993925 0.002638783096597395 0.0038763379155459395 0.0002104457318798526 0.004028815771497411 0.0025204755262198788 0.0022422763963318763 0.009440962963014382 0.00407947022909239 0.00024016157909585248 0.0062820539613877525 0.0065432898675371045 0.0045346797243063395 0.0017749250043204523 7.317454015723471e-05 5.2797502483338754e-05 0.0 0.0 0.0 0.0 0.0 0.0 0.0 0.0 0.0 0.0 0.0 0.0 0.0 0.0 0.0 0.0 0.0 5.248793297789572e-05 0.0001302411646809578 0.0 7.424476670994379e-05 0.0 0.0030041465630160327 0.0003165965131233506 0.003112781562179169 0.00038528389421116837 0.0 0.0 0.0 0.0 0.0 0.0 9.966764890775739e-06 0.0 6.295488840478383e-05 0.00013549369238274734 8.046561258542626e-06 0.0 1.3953982844816043e-05 6.82464085161385e-06 8.653472623426821e-06 1.451367859034069e-05 7.887438229551997e-05 8.813571682351393e-06 0.00012337624046190494 0.0002493078149992418 0.00016342368658285128 0.0 0.0 0.0010669572761715612 0.0 9.55973217718671e-06 3.9838853641046956e-05 1.0992730500532969e-05 0.0 0.0 0.0 0.0 0.0 0.00638692149377674 0.00014425303067813782 3.6066681311743035e-05 0.0 0.0 0.00024101755049569525 0.0 0.0003594472915349839 0.00025106091934662704 0.00020158520441424869 0.0001768998094477969 0.0 7.153034057754672e-05 9.065603935395809e-06 0.0 0.0 0.0 0.0 1.0277287676788898e-05 0.0 0.0 0.010331583063166583 0.0031369046213775395 0.0031039819476426467
0.0028139435993240003 0.022684393857751315 0.16670099984294065 0.0004829037391273655 0.004473219514054223 1.421934677322879e-05 0.0006591447604381368 0.0 0.029948327661527545 0.00025188815418865086 0.17141526309392696 0.0009545892089168838 0.005678806419368916 0.07039325443727355 0.003289779165934287 0.0048510226812433594 0.0008167410982617185 0.0007734246469510855 0.00016873940215010266 0.000248422436072392 0.000719352020699269 2.9129096721045637e-05 0.0023984678962554397 0.0011834604125106369 0.0003580678397322649 0.00029652195427969666 0.0007669359007301705 0.0001341598505876627 0.00011443849617376583 0.00032679405633142324 0.05867315485495177 0.1792048089735268 0.02061172559270297 0.0007589366888462828 0.0011511188134414722 0.0008392426853171098 0.0028199684777942295 0.003331185416206455 0.0007634674362449312 0.00036745953798206666 0.002142388124642097 0.0005851677970462188 0.0020276330192681886 0.002141646629137285 0.0 0.0005769208347232795 0.0034530765776508636 0.0006328891572384685 0.0006881598367996045 0.004219037901665496 0.003014643145240904 2.5200765084086565e-05 0.0001953917224602726 3.6115218038735717e-05 0.0004263880981650952 0.00043074317716913617 0.0024609977377395642 0.010250779501929584 0.0008430549233874086 0.001145031018453614 0.010630424688395236 0.03576146863289372 0.0011946476215664928 0.020430375077985594 0.000296798598603493 0.004112805791172299 0.0017884058212288263 0.004867317094516829 0.012193071330742534 0.002801049193588744 0.0006924208787045065 3.9738274592325574e-05 9.19924740283393e-06 0.0032881136762391394 0.006209304619996329 0.006796755258690122 0.020733321966794813 0.03209118409799484 0.03127144592508942 0.15446899601678277 0.014876942293769008 0.12640746803150185 0.0008689104760095561 0.0 0.0013294976006918455 0.0007710557074582522 0.0032202279257214257 7.602401583220641e-06 0.0002218144227520789 0.0 0.0002833425335511184 3.248453469240738e-05 0.0055931207558542 0.0013935027340334313 2.1525374030191877e-05 4.251243562048276e-05 2.2952178496630782e-05 0.0002644698422354192 0.0003896873027311292 0.0020014262060534913 0.0 0.0 0.0 0.0 9.111278079790893e-06 3.2311211949070405e-05 2.9539495244123214e-05 2.4611502840097047e-05 6.465076028642777e-05 0.00013040876006638986 0.0 7.740631322402237e-05 0.00015899286973901125 0.0001796726164776745 9.701966900753211e-05 2.1415955072054806e-05 0.0 0.0 0.0 0.0 0.0 0.0 0.0 0.0 0.0 3.360629650271213e-05 0.0 9.685006071453629e-06 0.0 0.0 3.2628580374968414e-05 1.861160207497241e-05 0.0 0.0 8.907377998787586e-06 0.0 0.0 7.974310923624045e-05 0.0 0.00012177953826478124 0.0003981303251013087 0.0004513140794396206 0.00021832632090636636 0.00014561962059355562 4.99279816038772e-05 0.0 0.0 0.0 0.0 0.0 0.0 1.6410462437756335e-05 3.8525996078408857e-05 0.0 0.0 0.0 0.0001367174437023295 2.136751592064665e-05 6.386851327064276e-05 0.0 0.0 0.0 0.0 0.0 0.0 0.0 0.0003036998669868929 0.0 0.0 0.0 2.318651777458525e-05 2.4019977719630533e-05 8.98118789852619e-06 6.339054858888107e-06 5.8847273142992905e-05 2.1144095240964644e-05 0.00016522728629522645 3.295883206708791e-05 1.136054440727368e-05 0.0 4.806596700702021e-05 7.202922864405895e-05 4.187604217645963e-05 0.00024113576167181063 0.0 0.0 4.1405681812161316e-05 0.0 0.0 0.0 0.0 0.0 0.0 7.664583543077964e-06 1.706814051546372e-05 0.0001195022611664115 1.7172067283818092e-05 0.0002788705458405622 0.0003200322371627405 0.0005728253478873736
8.550707717158921e-05 0.02519082990024635 0.04367483828118118 7.187959155159838e-05 0.18799009646614354 7.645357754227104e-05 0.04053336512817851 0.029948327661527545 0.0 0.0010437918429458946 0.06400141622765093 0.0003360951019296076 0.018209946616994703 0.07470375189240078 0.0010976478234430238 0.0003279066537112671 4.179996062940498e-05 8.79431311248955e-06 0.0 0.0 0.0 0.0 0.0 0.0 8.110165190682243e-06 0.0 1.052372303815937e-05 8.856656236514568e-06 0.0 0.0 0.0010181168829963083 0.0010902756476142395 0.0014007087128774362 0.0 2.0252747209958426e-05 7.795008112581757e-06 0.0012407862471228183 0.0001786607066856853 9.239221433742896e-05 4.8035780519869416e-05 0.0 1.088660773334942e-05 0.0 3.231321389308541e-05 0.0 0.0 0.0024605390283385996 2.6453644908358133e-05 6.998620311525311e-06 2.1608382895570102e-05 2.822113562450848e-05 0.0 0.0 1.0394114156687979e-05 0.0001969367726380057 0.0003712987145881775 0.0008804978452784212 0.001101727092449334 0.0003787623105169969 0.0008393022228689917 0.0 5.050950687146259e-05 0.0 0.0010924070985497195 8.245849851640161e-05 0.00011325387047086707 6.637607313390257e-05 1.8989129685969965e-05 0.0 0.0 0.0007322566987315942 0.0 0.0 0.0018259684656211587 0.0013966727624970564 0.0028139506011944553 0.0022358852646160807 0.00043071928649989676 7.772972475803145e-06 0.00129823681512631 0.0 9.492105170806629e-05 0.0005833592697668253 0.0 9.439133962403918e-05 0.00010578539740735392 1.6155483730965823e-05 0.0 5.651557737368716e-05 5.581777325546638e-06 1.8024733721868312e-05 1.4760973493938855e-05 1.3164315699187878e-05 1.1930462565720546e-05 7.721810527044893e-06 0.0003781785421073225 3.350675186482216e-05 0.0 5.525342348346653e-05 0.00014817380185182876 3.997390811721854e-05 0.0 8.566037663753402e-05 1.1279812122808464e-05 8.10721391297468e-05 0.0005685923025007451 0.00021513528244595484 6.638800147502159e-05 0.000845229786138984 0.0006940312836931262 4.973403861791461e-05 0.0004926825032756405 0.0011316156791478735 0.0011443404891982147 0.0003119464450374459 7.682669013215778e-06 0.0 0.0 0.0 0.0 0.0 0.0 0.0 0.0 0.0 0.0 0.0 0.0 0.0 0.0 0.0 2.9034514185352797e-05 0.0 0.0 0.0 4.5352899258322255e-05 0.0 0.0 0.0 0.00037704294649111325 4.8231064347853014e-05 0.000626250909873098 6.757477493713478e-05 4.0847140528327694e-05 0.0 0.0 0.0 0.0 0.0 0.0 0.0 9.197912042587334e-06 0.0 0.0 0.0 0.0 1.2605538699054566e-05 0.0 0.0 0.0 0.0 0.0 0.0 0.0 0.0 0.0 0.0002954412920730408 0.0 0.0 0.0 0.0 0.0 0.0 0.0 0.0 0.0 0.0016430463541371055 0.0 0.0 0.0 0.0 0.00024669025401340236 0.0 0.00013303367046718246 0.0 0.0 9.943727185634736e-06 0.0 1.355389334669639e-05 0.0 0.0 0.0 0.0 0.0 0.0 0.0 0.0 0.001985555399638544 0.0006037648702262914 0.0007526949848191656
0.0775303689282299 0.048260109951668004 0.004239929891197638 0.05273057817904234 0.019099960529376243 0.03772259963361638 0.05928633394091261 0.00025188815418865086 0.0010437918429458946 0.0 0.0005368883516537663 0.2831771196619332 0.22791827449910365 0.01149013481297259 0.0009103853158876907 0.00014033881022486831 7.021590042663606e-06 0.0 0.0 0.0 0.0 0.0 0.0 0.0 0.0 0.0 0.0 0.0 1.1272647443652874e-05 0.0 0.00204332736626848 0.00017995616290363212 0.016811242644385414 0.0 0.0 0.0 0.05167122174543735 0.0015522030337976264 0.0027139839752139496 0.0002772501212646736 0.0 1.7773560462874143e-05 0.0 1.4752654353092245e-05 0.0 0.0 0.0018070728155378697 7.283222033874871e-05 0.0 8.31894021366953e-06 4.435884963554258e-05 3.108794083292667e-05 3.1584675110272706e-05 8.456383427858596e-05 0.0005046008061693619 0.0007855074776292783 0.004618757475943438 0.008669302578562497 0.0013326682173498648 0.0011751729820844608 4.43673047243946e-05 0.001669462861120182 0.0 0.0007977689193185831 0.00020325690989340034 0.00014444902713679487 5.5941961210222424e-05 2.1584681895725336e-05 1.0250641867730372e-05 1.1530345658728834e-05 0.03940144717467058 0.0007640407536516907 9.047948784549285e-06 0.003982177274444243 0.0007844662228025103 0.0020297536009413657 0.0009483635780005172 0.0001387971565545605 8.071365191398947e-06 0.00010237494544435507 0.0 2.4441876457245612e-05 0.0007276000070176683 0.0 9.801907925750866e-05 0.00022138337877021343 2.609253247083526e-05 0.0 3.928435242495447e-05 8.467884409844512e-06 7.948592630795914e-06 0.0 3.6240490836647746e-05 0.0 0.0 0.025335895809547503 0.0023837572936902117 8.240980610701561e-05 0.0035607281333283527 0.0318550982450345 6.947306572433609e-05 0.000820774189348565 0.005127211813841562 0.003437687060065681 0.0005247753876616346 0.004400726456580077 0.004201462367014165 0.0008002452275859238 0.005780801885690583 0.007393267459058862 0.00025979636094282626 0.0033243961788466986 0.010150300539445403 0.004916157889506145 0.001551298785506898 0.0001107440389602912 7.047475858517747e-05 0.0 0.0 0.0 0.0 0.0 0.0 0.0 0.0 0.0 0.0 3.7248994802195176e-05 0.0 0.0 0.0 0.0 0.0 0.0 9.483410966954788e-05 0.00022190643159468562 0.0 0.0 0.0 0.0033400560049208134 0.0005554708762045514 0.004359525031164256 0.0006486911273676005 9.059667502614822e-05 0.0 2.7801643385859973e-05 0.0 0.0 0.0 0.0 0.0 0.00013908217264423783 9.374663745454082e-05 0.0 0.0 0.0 0.0 0.0 0.0 1.887638274258779e-05 0.0 7.374150912104832e-06 4.895376723362744e-05 0.00014939816164837063 0.0 0.0 0.0014612200438760999 0.0 1.002969566101764e-05 1.404612270183121e-05 1.1065502152198068e-05 0.0 0.0 0.0 0.0 0.0 0.006447725453953384 4.239305024828847e-05 0.0 0.0 0.0 0.00017173638360364377 0.0001248679710644715 0.0005155351453570429 0.00013711229372046676 6.614564455381314e-05 0.0002120426297763228 0.0 7.96605186302498e-05 0.0 1.2266198224961118e-05 0.0 0.0 0.0 1.891818675424848e-05 0.0 0.0 0.015318064959172527 0.0038158605693559165 0.003996462740735889
0.0038238619114573406 0.05290525439002315 0.11605504427176629 0.0008384853951756873 0.044089749956257904 4.3125234411084705e-05 0.020101869915921437 0.17141526309392696 0.06400141622765093 0.0005368883516537663 0.0 0.007024210492544561 0.05933975203014345 0.2977603798077955 0.005328512201154544 0.004793313869040061 0.0005953668850183204 9.679507851719075e-05 0.0 5.910670524331516e-05 0.00020244069670700797 0.00014850907813837368 0.0012292842493641033 0.0005880157866121475 0.00022788425889878818 0.0002991964122466834 0.0009545205496923817 6.421143992155609e-05 5.80313159554655e-05 0.0002895619897967877 0.018186373443358377 0.014339074620375779 0.0842028999883161 0.00011297029005790804 0.0004574817729340561 0.00023445259280967172 0.020541507227670557 0.006771730828036234 0.002925942111112206 0.0007522665764744366 0.0010347815418916472 0.0001544034426861768 0.0002189141112939264 0.0004969797917693051 0.0 5.1271678532998476e-05 0.005848877675622702 8.033241040082826e-05 0.00015210154693892584 0.00014504589205371546 0.0009988540011707217 0.00010763676968736876 0.00025924286727687057 7.787601138997182e-05 0.00042804509110990434 0.0006179222279981221 0.002416989681101215 0.004955172458047979 0.0010387958858581847 0.0018414075620186493 5.540720150831741e-05 0.014313924736573598 1.596881889688914e-05 0.00739077358389724 0.0002656718895655746 0.0008742757802563094 0.0005203391608546279 0.00042812425451053303 0.0006261464053257206 0.0003702718971106768 0.005649781353021761 0.00018930261842468497 0.0 0.004532055468429412 0.004695927736286825 0.009503588582061023 0.009964308700620483 0.003498491093149924 0.00011200999610559835 0.05922918126239782 0.00011503990054807641 0.0025916215916703053 0.00106424342288459 7.103748684830645e-06 0.00018004725300084753 0.0003965930129963345 7.560402913750598e-05 0.0 0.00014560902925721554 0.0 0.00010489539844103031 3.8226583752772544e-05 0.0009032304354038606 0.0007592662624429076 8.376912664138663e-05 0.0004005387569415338 0.0002445588513175373 0.00013153800230605625 0.0007806946030360669 0.0008301531232866498 1.584781859395328e-05 0.0 5.771398809469813e-05 5.9254473050701474e-05 0.0 0.0008736455669647573 0.0003723639614970113 6.369779546650603e-05 0.000454901318079207 0.0005717623786558077 5.802204188951644e-05 0.0006887377342288844 0.0012278686370364796 0.0012390224237137492 0.0002986607825871793 7.704138876057389e-05 1.7225934488248327e-05 0.0 0.0 0.0 0.0 0.0 0.0 0.0 0.0 9.906971778571378e-05 0.0 0.00011546949953420708 0.0 0.0 7.59663629143677e-05 4.343461424713311e-05 0.0 0.0 0.0 0.0 0.0 0.00010164709023881148 1.7601478245086433e-05 0.0007215385420886625 0.0003670816918799758 0.0010126071444091888 0.0005719402068695334 0.00023169075755127838 0.0 0.0 0.0 0.0 0.0 0.0 0.0 0.0 0.00012577815940595195 0.0 0.0 0.0 0.0002619139978067897 2.4906313764292504e-05 0.0 0.0 0.0 0.0 1.2354742037962453e-05 0.0 0.0 0.0 0.00041405790789836614 0.0 0.0 0.0 0.0 0.0 0.0 0.0 0.0 0.0 0.0015026412297908284 0.00013463933701000094 7.65786793088215e-05 0.0 7.746178110658077e-06 0.00010052782153950901 0.0 0.00026527364139547976 0.0 3.092774693930479e-05 0.00010934035004018986 0.0 0.0 0.0 0.0 0.0 0.0 0.0 1.4434506418872936e-05 0.0 0.0 0.001301224707797877 0.0012469727546152109 0.0012025757156500546
0.024802260466717515 0.011912221862146776 0.0032562556464178958 0.15982855410040425 0.0008690636345938986 0.015166322482710161 0.03600044903541914 0.0009545892089168838 0.0003360951019296076 0.2831771196619332 0.007024210492544561 0.0 0.07080924444589916 0.011132302386397883 0.0010748265382076094 0.0006038188678969527 5.473996760145622e-05 1.3965700685797677e-05 0.0 0.0 1.9148202008547297e-05 0.00016064341556893527 5.4330480149285806e-05 4.398238055518385e-05 2.56376339994415e-05 3.4651094200282e-05 5.131165821013509e-05 4.105505107549032e-05 0.0 1.220098265114457e-05 0.0005752038410166513 0.0001702408853775243 0.005068287018541199 0.0 1.0265747445298198e-05 0.0 0.023120603755282878 0.0010486572959783717 0.0038519479739676445 0.00019049178248861895 7.091000489530665e-05 0.0 0.0 3.031616784350936e-05 0.0 1.0099735196316143e-05 0.0014617694146995205 4.2049888977430335e-05 5.52052178556483e-05 2.502383149594485e-05 5.6100745739643155e-05 6.419370747769036e-05 3.435080917615941e-05 6.762003465938436e-05 0.00014271043852805073 0.00021043587236039632 0.00126385665488542 0.0025290824333623913 0.00028854087994280395 0.000602687946589784 0.0 0.0005215908779945469 0.0 0.0008359689904694152 7.522341802840204e-05 0.0001282297344553264 4.2532019259567186e-05 1.2884899790249163e-05 0.0 1.8871642104076882e-05 0.010130037115931603 0.0006450672370361226 1.2889130623739818e-05 0.0017339554771484396 0.0005697671788678534 0.0016159500281894739 0.001633905779810328 0.0003877843864226796 0.0 0.00037445758106274644 1.0781586802822552e-05 1.769350243666152e-05 0.00038159791236911094 0.0 4.041138550953313e-05 0.00014452615131734252 7.312503973430053e-06 0.0 9.452189630430633e-06 2.0398790999292376e-05 3.059932506348379e-05 5.67696395277961e-06 1.925824753349958e-05 3.709042680286369e-05 2.079248436302891e-05 0.0192002831275344 0.00044024902788927914 0.0 0.0015146615989386687 0.0054281612728769996 7.542818532611728e-05 0.00040060608519120844 0.0006661256625584098 0.0003572930298398237 0.0004504218197895298 0.0023542627610561645 0.001979466662333664 0.0010967712065843931 0.003612679122665417 0.004731489199178966 0.00035702206244160774 0.0038789145731756543 0.006904029526858332 0.005108028667713853 0.0017730206479498643 6.127805691838014e-05 2.4818017727494547e-05 0.0 0.0 0.0 0.0 0.0 0.0 0.0 3.440670354076694e-05 0.0 0.0 0.00012948046761673853 0.0 0.0 0.0 3.3870411682913975e-05 0.0 0.0 0.0 8.32059461318687e-05 0.0 5.7330532492852175e-05 0.0 0.003075440964733851 0.0005459788680611518 0.0031209629526129552 0.0002591360757332088 6.136110415617926e-05 0.0 0.0 0.0 0.0 0.0 0.0 0.0 9.723695338893814e-06 4.568484043331531e-05 0.0 0.0 0.0 7.797279102084874e-05 9.81588014645915e-06 0.0 0.0 0.0 1.2240835151114839e-05 1.716907259045719e-05 9.106586557978714e-05 2.3060455601157976e-05 0.0 0.0010047308284258283 0.0 3.118225366531848e-05 0.0 0.0 0.0 0.0 0.0 0.0 0.0 0.0067965079193841515 4.8678613952470965e-05 0.0 0.0 0.0 0.0001431029269977717 0.0 0.00030281834722922866 4.0043497598837876e-05 6.375319537506167e-06 8.588008834864929e-05 0.0 1.5111607519674502e-05 0.0 0.0 1.2052057093002593e-05 0.0 0.0 0.0 1.0793787039952375e-05 0.0 0.01306681435159642 0.0026649957539317927 0.003008880869529316
0.011706235457819477 0.11214954382560897 0.015868949165108594 0.07784806753565332 0.05432331967355483 0.00658545944173979 0.27203254337267635 0.005678806419368916 0.018209946616994703 0.22791827449910365 0.05933975203014345 0.07080924444589916 0.0 0.23926434337819605 0.00405364654750667 0.001537748887277393 0.00010796205872911366 8.301076207217939e-05 0.0 0.0 0.0 0.0 0.00011170705735448327 7.21922873129882e-05 5.493109898532325e-05 1.0618665178253594e-05 0.00018209132006679154 6.80822096381317e-05 3.446304686269877e-05 0.00013333566306403418 0.001801500574307089 0.0020818339141076333 0.02099116882402118 0.0 2.6787908711169266e-05 2.3204476067556714e-05 0.03313511373794865 0.00148754877285006 0.00290604352490164 0.0002801436457379273 0.00029163309900408007 4.661966715806489e-05 2.456345508738186e-05 0.00015338960276141736 0.0 0.0 0.005598523962733765 8.167872049181141e-05 1.726264538330347e-05 1.647773641786433e-05 0.00015695082709235738 9.328610426722966e-05 0.00019220129795859521 5.991296243102174e-05 0.0003494625184670896 0.0006833099267902931 0.002140744807079911 0.002894478144674471 0.0009018672683083848 0.0016918141839681203 2.209104490982485e-05 0.0011684779895830943 0.0 0.0042311316158586045 0.00016238882898682145 0.00022007263662432067 0.00017564341635430516 4.404952132817365e-05 4.3776006001211276e-05 1.545742964383189e-05 0.0159583638374609 0.0005309876512710986 0.0 0.003863911727897542 0.0026587433067231836 0.006728529410665268 0.0062364565026312635 0.0014713376036100917 0.0 0.0026449514731209218 3.1227195444652213e-05 9.693397187998262e-05 0.001152660184800398 0.0 0.00011254459628786805 0.00028536263978111057 6.363351672793638e-05 1.4112738869009846e-05 6.21631266731531e-05 0.0 5.190565944810319e-05 7.022402441631364e-06 0.00013510433400621525 7.963718710200038e-05 5.571995044291901e-05 0.02652205007673571 0.00039848145796851577 0.00010499866575192296 0.0010590664784365612 0.0040661375642637885 6.236356556179309e-05 0.0006471917666832308 0.0013311335096359137 0.0007887506762695685 0.0009882402728785028 0.010398287255034184 0.0033214346831116318 0.0017602679038734783 0.007972985717268191 0.011017572254343662 0.0006582613724917532 0.018307056229312252 0.01892642650803807 0.013489463128061723 0.0035434720841641975 0.00011514502179507509 9.829286593230439e-05 0.0 9.310484665543236e-06 0.0 0.0 1.502300011808999e-05 5.7817013659339284e-05 0.0 0.0 1.7604773339685075e-05 0.0 0.00020936007193946585 0.0 0.0 1.0480125389911293e-05 0.0 0.0 9.497921881634472e-06 0.00015888336087977383 0.00018276576305518104 0.0 0.00011922586352246367 0.0 0.005545132232066998 0.0004888041813184584 0.0070448794944572 0.0007589809437592828 0.0002595815373299535 0.0 0.0 0.0 0.0 9.93556591989117e-06 8.561279045022425e-06 0.0 4.698981191528529e-05 0.00022362160425585433 0.0 0.0 0.0 0.0001249997605958037 0.0 0.0 7.464918680984839e-06 0.0 5.206123110954145e-05 2.660809664328417e-05 8.141475880129311e-05 0.0 0.0 0.0020897612012740017 0.0 0.0 2.5248577120502063e-05 7.971382559733517e-06 0.0 0.0 0.0 2.464120967198685e-05 0.0 0.0182323854569193 0.00027979147407446934 4.758122301484405e-05 0.0 0.0 0.0005026951632263201 0.0 0.0005654816926344964 4.8414537144689995e-05 3.523911098512527e-05 0.00027212820560907264 0.0 9.0182027031547e-05 0.0 0.0 0.0 0.0 0.0 0.0 0.0 0.0 0.027948093136220615 0.00522214181345 0.006597256430224902
