0.0 0.18387779467922172 0.02735529416872715 0.23950708459640402 0.004402164632879106 0.0035806905868733903 0.05932169761389514 0.017638735257880893 0.0022438672619651307 0.056635250804842226 0.017980612595363505 0.006140663324663892 0.018908252506758257 0.047054636076784034 0.000842404758446049 0.0002256802305834 4.120488493895061e-05 2.78029828633054e-05 0.0 4.34407633561294e-05 0.0002870909262532545 0.0 0.0 8.473371013729388e-06 4.965474974599693e-05 0.00012439365555118456 3.322850941383209e-05 8.332192658777733e-06 0.0 0.0 0.09336930613324258 0.0005112992182301094 0.006722731305778004 6.88867414269698e-06 6.264197435973325e-05 0.00019332172069899816 0.003500565022399089 0.0006172642890895106 0.00028423181585055456 6.664793223068219e-05 0.00017223340016593795 4.928793050460592e-05 6.226166586132157e-05 7.224743134609213e-06 1.3525834431591884e-05 7.994364582022737e-06 0.00263028477451419 0.0002804700338610378 2.3276323090364442e-05 4.2593596650941785e-05 0.00012444643074237103 0.0 1.7752262652559684e-05 1.070315503318268e-05 0.0018912990177776209 0.0030080139751968295 0.02252363686912438 0.04942912729665414 0.010129842955744789 0.007007748516629678 1.2819572671327714e-05 0.0003768869716743647 2.8545819388616974e-05 0.0014855104916039884 0.0013731500519370884 0.00017555950239354042 5.8482177926574936e-05 0.00015524519638966954 0.0002077152787420274 0.0001847452621980693 0.0014625214073564659 0.0003376017197106774 3.327324194035011e-05 0.03408474429310881 0.004281117938094773 0.004213686238534605 0.000338586874252181 9.189740125358856e-05 0.00045326100791717483 0.005928688118357684 5.266050890913213e-06 0.0005613380429181485 0.0032715413536283625 0.0002651791260250954 0.00045803147534997766 0.002127088588563782 0.0001599622924210309 0.0003411057854076071 0.00044325273108543675 4.001983503401844e-05 4.20526187494548e-05 4.0613140087032746e-05 0.0006311089465140098 9.49072972868441e-05 1.996301468814633e-05 0.004789713471144523 0.00013270820929428773 4.558291284678388e-05 0.0001223860048320991 0.05058349382246764 0.0 0.00038193070008280997 0.0 0.0 0.0 0.00026245892643804875 0.0011703559742223173 0.00016059003302611386 0.0007723060675362268 0.001466346530070824 0.0 0.00030763431017220963 0.0009524522335022532 0.0012244868910828203 0.00020013766468730487 5.847389845354337e-06 0.0 0.0 0.0 0.0 0.0 0.0 0.0 0.0 0.0 5.812568873342704e-06 0.0 0.0 0.0 0.0 0.0 0.0 0.0 0.0 0.0 0.0 0.0 0.0 0.0 0.00010347727111928136 0.0 1.3971333582374043e-05 1.4920484873986047e-05 8.979931884472219e-06 1.7440896256695876e-05 0.0 7.427320121233712e-06 0.0 0.0 0.0 0.0 0.0 0.0 0.0 0.0 7.513494552285122e-06 0.0 6.491957073737708e-06 5.1851455120892534e-05 0.0 0.000148337637551734 0.0 0.0 0.0 0.0 0.0 0.0 0.0 0.0 4.984137634436302e-05 1.3469602808468214e-05 1.458843324555278e-05 0.0 0.0 0.0 0.0 0.0007624910135402775 0.0 1.7004080520212766e-05 0.0 0.0 1.4209058310092276e-05 0.0 0.0 0.0 0.0 0.0 0.0 0.0 0.0 0.00029927965511567905 7.725105270831906e-05 0.0 3.774047075185346e-05 1.2723312938106831e-05 0.0 0.0 0.0005114311068178769 1.1027399041374997e-05 2.0717023099997536e-05
0.18387779467922172 0.0 0.049119426715329845 0.23307544454779547 0.11779649373165295 0.010195143941850206 0.25113977916078367 0.05623829848463403 0.14105805697347268 0.018471709891899866 0.12018234564841343 0.0020473092970082355 0.08567492466387912 0.1993393309711234 0.0028794631444208863 0.0005724515348085504 8.418274571403473e-05 7.522084213403525e-05 0.0 9.747436079906032e-05 0.00035805363121780876 0.0 3.096434276038012e-05 3.2412448391159916e-05 0.00010457126313727126 6.376828608896058e-05 1.4682563908424982e-05 2.073394056598475e-05 1.973407965185101e-05 0.0 0.09997769799671376 0.0016657853291801117 0.006403799555653331 1.5615305747521538e-05 9.090698445100977e-05 0.00017228418828359675 0.002474858305511884 0.0004991564848721396 0.0002683965768714245 0.00010746482540844464 0.00022405971788064035 3.638467496135481e-05 0.00012830518200823032 4.016565783157826e-05 2.2016156867070054e-05 1.1955723544580353e-05 0.014195741930673451 0.0005537989620380464 4.017469094612306e-05 0.0002359578154109532 0.00023871821597379233 2.8303567520012345e-05 1.2636999156137822e-05 2.9819526023066316e-05 0.002834408697879912 0.0037680996512254304 0.010691926377019543 0.05728135151246064 0.005241855868675588 0.008984036468837069 5.334468663584382e-06 0.0006424233528816708 7.727034840056774e-06 0.006542954065633534 0.002394867376073182 0.0004549458138700349 0.00018180923273475674 0.00028938286871966866 0.0004366349679150913 0.00034352114383780176 0.0005979556852727307 6.459015398784471e-05 0.0 0.027616043358186626 0.009585528137340633 0.012630220418844512 0.0007989464020365723 0.00017918939535430583 0.0003980766739688355 0.007685395285209078 1.8553778702715208e-05 0.0008799212622864099 0.005992395907186096 0.00030780679529834263 0.0008286684181370146 0.003380617509131474 0.00035926702448200364 0.0006254411513374898 0.0007140967479669785 7.227671356011294e-05 0.0001570768680670519 2.089441196728159e-05 0.0008555835623485173 0.000136995151533192 6.150832994994297e-05 0.0009392387969279057 0.000174506740607804 5.260985749648737e-06 0.00020207101534925752 0.06190968262507469 0.0 1.886596224177622e-05 0.0 6.756941839629495e-05 0.0 0.0 0.000283548139081572 0.00012435010001073959 0.00026441362821828476 0.0003495010841877822 0.0 0.00015903181282942574 0.00046144643010395626 0.0005532789979021467 0.00022810757407447626 0.0 0.0 0.0 0.0 0.0 0.0 0.0 0.0 0.0 0.0 7.630239752361307e-06 0.0 1.438986171584149e-05 0.0 0.0 0.0 6.575871021233339e-06 0.0 0.0 0.0 0.0 0.0 0.0 0.0 0.00016053041464651172 0.0 6.512172085157051e-05 1.3309981183178394e-05 2.514548325146909e-05 0.0 7.065871181977373e-06 0.0 0.0 0.0 0.0 0.0 0.0 8.460471352205056e-06 6.858586692044646e-06 0.0 0.0 0.0 1.171367320562555e-05 2.112747681795458e-05 0.0 0.0001272348831741041 0.0 0.0 0.0 0.0 0.0 2.681577069084752e-05 0.0 0.0 5.2376076928917956e-05 1.3405512851953199e-05 1.2227451660129109e-05 0.0 0.0 0.0 0.0 0.0002873495831645354 0.0 0.0 6.614001577538016e-06 7.299249131231045e-06 0.00012704907856975824 0.0 0.0 0.0 0.0 6.061109172596073e-06 0.0 0.0 0.0 0.0003041002390476361 0.00011804284860942786 7.59067202947288e-06 9.915529226723035e-05 2.1525048072760035e-05 0.0 0.0 0.00047497456073880117 8.836613963754674e-05 3.868893322658795e-05
0.02735529416872715 0.049119426715329845 0.0 0.010540368621550751 0.045619370582196575 0.0010603224541021494 0.01220202429687135 0.1654379645178813 0.044837756996991565 0.0003535455011480536 0.12282235525911096 2.011326937406659e-05 0.003677334059447555 0.06766611628584342 0.0011913272241091707 0.00032698298355157473 6.198383452836902e-05 0.0002156030442819239 2.2231633956202805e-05 0.00037072820837740395 0.001385224318132188 0.0 6.17074355111771e-05 6.134451059875234e-05 0.00013826494443538277 0.0002799730194101185 2.491874872491692e-05 2.3168687295050607e-05 7.59865119245734e-06 0.0 0.22831736366703506 0.025010134460469943 0.009931194594728689 5.723779495863461e-05 8.097580483738667e-05 0.0002961500928048847 0.0021699558346971962 0.0008400576025883743 0.0006927922760803772 0.00022424992262250464 0.0005079500027124935 9.984336432290832e-05 0.0004288905455201924 1.6947153024468912e-05 3.5899224872660826e-05 5.290140872104889e-05 0.003634459795496094 0.0002832499850048293 0.0001011507497810257 0.0004987261163205152 0.00032094072908731084 1.6006501697846704e-05 8.152235060180289e-06 2.026557639913407e-05 0.0005788712604807074 0.000566119582134142 0.004083930825794101 0.0332244704783019 0.001470601266372341 0.0016917011125532416 0.00010783848166447647 0.0015561122534378381 0.00011124360203613406 0.01109082735047258 0.0003893069176648524 9.145155725338375e-05 3.1819928289516905e-05 0.0002987299986507161 0.0012643131800398391 0.0008409441156425244 0.000628158017086128 0.0 0.0 0.005867227711011911 0.0038605044252011515 0.003612916245943119 0.0006480715771919784 0.00012335904775033718 0.0038094203332490364 0.03763106521002871 1.0758790446051296e-05 0.004951672564757343 0.0012456911013071586 3.0530856452466294e-05 0.00013342343096576657 0.0006274174048836907 0.00012676697366167125 0.00013703952598076986 0.00017081941787061388 7.27214802366099e-06 8.169138061895046e-05 2.278524119607333e-05 0.0028558949667090256 0.00025819529328601696 5.2276695029568524e-05 2.1385661435460964e-05 0.0 0.0 0.0001280787447048378 0.006445303302007225 0.0 0.0 0.0 0.0 0.0 0.0 0.0 0.0 0.0 4.213469820385794e-05 0.0 0.0 0.00010373997846783501 9.864971346766952e-05 4.029993522922121e-05 5.825778105576391e-06 0.0 0.0 0.0 0.0 0.0 0.0 0.0 0.0 0.0 2.1442207039133158e-05 0.0 0.0 0.0 0.0 8.915608206481477e-06 0.0 6.749659695823402e-06 8.291279934944102e-06 0.0 0.0 0.0 0.0 0.0 4.9695004080843286e-05 0.0 7.406082512210492e-05 7.179623115523794e-05 1.777842093651635e-05 0.0 1.4599346715517364e-05 0.0 0.0 0.0 0.0 0.0 0.0 0.0 0.0 1.7901115891593434e-05 0.0 2.793691938038092e-05 1.705684556876913e-05 0.0 0.0 8.45395184598409e-06 0.0 0.0 1.775058514974146e-05 0.0 0.0 0.0 0.0 0.0 1.290715913287963e-05 0.0 7.369978541592306e-06 1.215084525711316e-05 0.0 0.0 0.0 3.52639438835903e-05 1.1568274634593363e-05 0.0 1.7761087622695915e-05 1.3951681575120847e-05 0.0 0.0 2.955401181188443e-05 0.0 0.0 0.0 0.0 0.0 0.0 3.3466454633508555e-05 1.6206256828389773e-05 0.0 2.2340373975243462e-05 0.0 0.0 0.0 5.0742272970916226e-05 2.154881049109856e-05 2.875825501167789e-05
0.23950708459640402 0.23307544454779547 0.010540368621550751 0.0 0.00701359091497808 0.015322374125117798 0.22265548027768256 0.0011074217876031315 0.0010945946145740034 0.1723818246574769 0.0035745328991362017 0.04695631256882101 0.05102315276747343 0.009731983495900732 0.00038126611527150665 5.2933935694727086e-05 0.0 0.0 0.0 0.0 0.0 0.0 9.078731685051921e-06 0.0 0.0 0.0 0.0 5.499010346430165e-06 0.0 0.0 0.01082509556179516 2.5344994076922442e-05 0.00047013610196477436 0.0 0.0 0.0 0.0006897730867520661 2.4834755400316324e-05 0.0 0.0 0.0 0.0 0.0 0.0 0.0 0.0 0.001792874035887555 7.303684856151558e-05 0.0 2.7339737196773085e-05 5.8495693642630565e-05 9.297807202942999e-06 0.0 0.0 0.0009301408709769058 0.001167954665098717 0.0015936397545351082 0.005692181052627955 0.0016267998377975748 0.002492970491740333 0.0 0.0 0.0 0.0008322607476467917 0.000653013861660281 5.808454537500509e-05 9.721102416645793e-05 3.649832269040177e-05 1.9192645772994397e-05 2.2318905114254453e-05 0.0027905120815116253 0.00048637707040116447 0.0 0.007944520842445565 0.0017940093714706648 0.0016964219053527746 1.8164917762227706e-05 2.252731675907766e-05 1.7711274079492422e-05 0.0002753200838926988 0.0 0.0 0.001437163188171889 7.705033931972555e-05 0.0002588332982327395 0.0009146516363573263 8.696297600064533e-05 0.00012706727885795845 0.00017553539203889182 3.2746860606498e-05 2.658803116194972e-05 1.957379610970258e-05 3.347125518442315e-05 0.0 8.735744096474324e-06 0.013048326382092329 0.0007519542576141965 2.333842817827147e-05 0.000301718951916795 0.04112138820854327 0.0 0.000471950937758194 0.00023358292563378826 0.0004262239395904812 0.0 0.004478666770098825 0.0006615993122642504 0.0003337309833839365 0.0025609319651236223 0.0010446089544659492 0.0 0.0005754933739527787 0.0007526419138220415 0.0015703429486237917 0.0004868634862446355 0.0 0.0 0.0 0.0 0.0 0.0 0.0 0.0 0.0 0.0 0.0 0.0 0.0 0.0 0.0 0.0 0.0 0.0 0.0 0.0 0.0 0.0 0.0 0.0 2.1805169435190798e-05 0.0 1.0467442074091345e-05 0.0 0.0 0.0 0.0 0.0 0.0 0.0 0.0 0.0 1.7807629947207093e-05 3.871320542233391e-05 0.0 0.0 3.037237565256836e-05 0.0 7.454767842162113e-06 2.3388904520301402e-05 0.0 8.900079883929511e-05 0.0 0.0 7.905992287131687e-06 0.0 0.0 0.0 0.0 2.081502295575278e-05 2.0304097226204813e-05 0.0 0.0 0.0 0.0 0.0 0.0 0.0003597240976966573 0.0 0.0 0.0 0.0 0.0 0.0 0.0 0.0 7.75413418369117e-06 7.663836553020846e-06 0.0 0.0 0.0 0.00012352465440934122 1.7615285110396243e-05 0.0 4.5495427811532745e-05 0.0 0.0 0.0 0.0007094458669936254 3.749906028056144e-05 7.725024835365543e-06
0.004402164632879106 0.11779649373165295 0.045619370582196575 0.00701359091497808 0.0 0.00016943934371059448 0.07451367712096747 0.00889194875788744 0.0943106892590037 0.008476923016582955 0.030973066369922166 0.00013966707837483928 0.024022009039866996 0.015698273387630832 0.0033798576651794567 0.0005412597885490169 2.9988855027309203e-05 2.156468811701076e-05 0.0 2.3142351735559525e-05 9.296181162947826e-05 0.0 0.0 0.0 2.371210912940262e-05 4.3548075910232477e-05 0.0 0.0 1.0718904332775183e-05 0.0 0.00975881277481091 0.0006010950484510685 0.0002959985455951053 0.0 8.783860733567268e-06 1.4446973101878504e-05 0.00045976502413709206 0.0001243143741397314 0.00011013989690640017 1.5619884924510077e-05 3.40804471240119e-05 0.0 1.3032380043830207e-05 1.2923642229709128e-05 5.097680585704712e-06 5.849693545333932e-06 0.010840496949772679 0.00019220939918452052 5.0101506582908834e-05 2.349839333003221e-05 2.3353599347949493e-05 0.0 5.654066465232861e-06 0.0 0.0008365200260826487 0.0008422745482430678 0.0004955869793669266 0.009647966864418189 0.0005672074541773392 0.0030311308124849503 2.4307056847505743e-05 7.129023077505289e-05 0.0 0.004380244053102155 0.000607129909819973 0.00014693499074798266 5.0096527874491984e-05 9.556151897611053e-05 7.02201334705765e-05 3.220051152090851e-05 0.0024515137613276747 0.00015231919622356904 5.489157883768582e-06 0.004922988841760338 0.0043205911718004015 0.008580624955778155 0.001112247077715445 0.00014967835125130575 8.769705502635986e-05 0.00022011309307269956 1.3158508058696947e-05 0.00012261224413371313 0.0016914151746129527 5.310801453673418e-05 0.0002926243827353673 0.0007583173516908175 0.00013854271623550663 0.00010538093209807429 0.00020850192216861636 1.8953008057046556e-05 4.283192464465774e-05 2.234849645800077e-05 0.00026779855637739145 9.733168794961575e-05 1.7523193116169836e-05 0.0006350187562206688 0.0001979261091790224 0.0 0.0003959806416941968 0.0003629655429188649 0.0 0.0 0.0 0.0 1.771143636157368e-05 0.00010456097498250019 0.0 0.0001569385018665355 0.0005179231035801671 0.0003638694364721144 0.0 0.0002569514606660044 0.0006996568045897122 0.0011359106032057874 0.0006111711794780322 2.188305469156448e-05 0.0 0.0 0.0 0.0 0.0 0.0 0.0 0.0 0.0 0.0 0.0 0.0 0.0 0.0 6.7149278025628955e-06 0.0 0.0 0.0 0.0 1.6074135401114405e-05 0.0 0.0 0.0 0.0005016905164840933 0.0 0.00022753848344831483 3.381300008032416e-05 5.9754244982822884e-05 0.0 0.0 0.0 0.0 0.0 0.0 0.0 0.0 1.2187284640098206e-05 0.0 0.0 6.805570723639809e-06 0.0 0.0 0.0 0.0 2.1376155586157717e-05 0.0 0.0 0.0 0.0 0.0 9.733866475615809e-05 0.0 0.0 5.864444016355653e-06 0.0 0.0 0.0 1.7185286103293796e-05 0.0 0.0 0.0010909303680841779 0.0 9.224022656008493e-06 6.3347158796289484e-06 0.0 0.0001273591475909398 3.79142025395183e-05 3.582660761015319e-05 0.0 0.0 1.0997291305462504e-05 0.0 0.0 0.0 3.792580218045691e-05 1.3521009626561882e-05 0.0 1.6470909797982817e-05 0.0 0.0 0.0 0.0008918972199370129 0.00039053243975068565 0.00037851118423218343
0.0035806905868733903 0.010195143941850206 0.0010603224541021494 0.015322374125117798 0.00016943934371059448 0.0 0.0035244917491399712 0.0005175166275371366 8.247859511971117e-05 0.02073353918066005 0.0005412989377781685 0.005396043439226923 0.005495677566383116 0.0013667275978974402 4.001610298713342e-05 0.0 1.0147189852310833e-05 0.0 0.0 0.0 0.0 1.273221111157319e-05 0.0 0.0 0.0 0.0 0.0 0.0 0.0 0.0 0.005110102479521158 0.0 0.0004539398836942589 0.0 0.0 1.6963663903285154e-05 0.0003531032661602211 2.5085076833608284e-05 4.204420124845738e-05 0.0 0.0 0.0 6.531394265386862e-06 0.0 0.0 0.0 3.65698736537994e-05 0.0 0.0 2.3194660365762356e-05 4.064140054131918e-05 0.0006984904259438032 0.0 4.08266428911715e-05 0.0 1.137321951063194e-05 0.0033452495662469293 0.00037618954502686687 5.520588262741718e-05 6.085939212996355e-06 0.0 1.3289471903191599e-05 0.0 3.0485303695863654e-05 0.0 6.952439094065565e-06 2.0705793003580932e-05 6.278208200573572e-05 2.680458204691906e-05 8.400178267210775e-06 0.0041384161843594286 0.01961934844913443 9.258688666271879e-05 9.755045521974927e-05 2.8805152769225743e-05 6.133995655784707e-05 0.0 0.0 0.0 0.00019072891210475499 0.0 9.07392848823382e-06 0.0 4.12312235853291e-05 9.334462668047113e-06 8.993408793943199e-05 1.4762889128808446e-05 0.00019975030617902078 0.00016169935188110426 0.0008353376582418967 0.00018388245247041304 0.00027913982131146873 2.1750244888395515e-05 0.0 5.7647770650026215e-05 0.024854438623057026 0.012368958481068967 0.000837350318538273 0.0012318644355854668 0.01809619349779688 0.0 3.141464290306079e-05 0.0 0.0 0.0 5.360776882072643e-05 1.0478748901709417e-05 1.3026462039671295e-05 4.344578836785748e-05 0.00010659678164268388 0.0 8.345613916078459e-05 0.00028249496806276113 0.00026691207198719605 3.391681475000186e-05 3.4285478186131515e-05 0.0 0.0 6.822774829172722e-06 0.0 0.0 0.0 0.0 0.0 0.0 0.0 0.0 0.0 0.0 0.0 8.742081035353876e-06 5.880379411160906e-05 3.3251960056541675e-05 2.5471369483766313e-05 0.0 0.0 0.0 0.0 0.0 0.0001523124694549073 0.0 0.00010149209999632141 0.00011918134516525096 0.0 0.0 0.0 1.1807290563218997e-05 0.0 0.0 1.2178060138533668e-05 1.8979069324541596e-05 0.0 1.5736480190054664e-05 0.0 0.0 2.1673254388388336e-05 2.52882676698445e-05 2.757551630345189e-05 0.0 0.0 0.0 0.0 0.0 0.0 0.0 0.0 3.9975547460272126e-05 0.0 0.0 0.0 0.0 0.0 0.0 0.0 0.0 1.6609348760845412e-05 0.00024175720195208114 1.786209410679359e-05 0.00010069209960788678 0.0 2.1931796202867055e-05 1.9222881394242663e-05 0.0 0.0 0.0 0.0 0.0 6.302500681579684e-06 0.0 8.56915977612749e-06 0.0 0.0 9.603045157122956e-05 0.0 1.6305352529177417e-05 0.0 0.0 0.000214973872684032 7.859682890325179e-05 0.00035438206836382516
0.05932169761389514 0.25113977916078367 0.01220202429687135 0.22265548027768256 0.07451367712096747 0.0035244917491399712 0.0 0.00048368990139142866 0.11231209918372524 0.0989979945028228 0.008442966377898412 0.007827357381913147 0.21454215234516086 0.165454507160328 0.004809615968727846 0.0008979495570575432 2.913948075663578e-05 2.2439620051546626e-05 0.0 4.141110312977334e-05 0.000126380254580066 0.0 1.2882882086310595e-05 0.0 2.6273580965558102e-05 3.0854078700924175e-05 1.2047617978012186e-05 1.2045586806092965e-05 0.0 0.0 0.016008684015680345 0.0003172818290864884 0.00044360314131529626 0.0 0.0 7.2948537122405e-05 0.0006511642322358527 0.00011978590589174902 0.00015704554938930472 5.631231524267435e-05 9.096671925036579e-05 3.830679155803557e-05 5.0641580467367076e-05 5.9730188869195984e-05 5.9152894619236646e-06 2.7799907000488085e-05 0.016447391525979797 0.00027490005464997976 0.00010704478690506329 3.4199921573547064e-05 2.938098162963068e-05 1.560329158170146e-05 0.0 2.8446038839807057e-05 0.0016527316169803062 0.0017455220865139633 0.0015907974667868537 0.019478641813796247 0.001724624168724546 0.006246063983736488 8.611116573481738e-05 0.00013210675574046508 2.7101507983454417e-05 0.006104881505144229 0.0014006322741241574 0.00028583344562201134 0.00018035653072861563 0.00020120663175000336 7.940591179642992e-05 0.00010887640434142393 0.003822457747124273 0.0002581566538342727 0.0 0.01224037875173501 0.006250851813147062 0.012734570334514759 0.0014433375609765407 0.0001091732381123207 9.206182872159998e-05 0.0008366662100460362 5.367344014556588e-06 0.000123050739577934 0.0038011634315382515 0.00011650728704833543 0.0006050372916428153 0.0020058076523836858 0.0002350302688033765 0.00046853980016099635 0.0005993279169747799 4.3856711292701633e-05 4.146629270790241e-05 4.659268796132751e-05 0.0002059429859899805 5.94581869026351e-05 4.028532543206884e-05 0.005089112374044005 0.001805102609851751 1.158061777441512e-05 0.0006638009703295115 0.006409543805975383 2.8379967983539295e-05 0.00043820571602386216 0.0008968053427042593 0.00033915231264954634 1.0701554261565926e-05 0.0010176317219239286 0.0010854844751324532 0.0004033704552513676 0.002961890906001595 0.002146426793866938 0.00015644220886530357 0.0011312907304575038 0.0032918908056093913 0.005129792218681193 0.002200317836644113 3.4304742568522136e-05 3.7197733324539794e-05 0.0 7.902610822460262e-06 0.0 0.0 0.0 0.0 0.0 0.0 0.0 0.0 0.0 0.0 0.0 0.0 0.0 0.0 0.0 5.83397035198928e-05 6.285340057060937e-05 0.0 0.0 0.0 0.001457546788624457 0.0 0.0008367173134671952 9.320854874549724e-05 3.1993813539584674e-05 7.467043952428565e-06 0.0 0.0 0.0 0.0 0.0 0.0 9.240226433625303e-05 0.0001841834164966714 7.807116637318353e-06 0.0 0.0 7.742961415183697e-06 0.0 1.634795069353977e-05 2.7957015899421906e-05 0.00011750815472875048 2.6829170869117033e-05 1.7958765718992444e-05 5.37744289903069e-05 2.73694409914181e-05 0.0 0.0004467919639267526 6.456066936220617e-05 2.1586625743902972e-05 5.891384076599419e-05 1.7809415050100925e-05 0.0 0.0 0.0 0.0 0.0 0.004872101760695854 0.0 0.0 0.0 0.0 0.000602707892884505 1.3525807531572981e-05 2.3309397325082974e-05 4.882293854176442e-05 2.65405420449699e-05 7.264636832808684e-05 3.426161919231528e-05 1.0831345529826709e-05 0.0 9.946224750097779e-05 8.856194663908573e-05 0.0 6.175458242463774e-05 0.0 0.0 0.0 0.0046374535158183235 0.001178360891108477 0.0004496001336313584
0.017638735257880893 0.05623829848463403 0.1654379645178813 0.0011074217876031315 0.00889194875788744 0.0005175166275371366 0.00048368990139142866 0.0 0.011124253172848026 0.0001084768830557399 0.20322323510803772 8.297363175776514e-05 0.0022843644501821525 0.07234443258097996 0.002888345521402375 0.0008433122901166092 0.00022697947018661245 0.0005634984614904942 3.8671773660430604e-05 0.0010395507586981564 0.0036772043228613 0.0 0.00021608163662973303 0.0001613711019750148 0.0004227160245449447 0.0003685073101838673 7.193648123904545e-05 6.166323348831056e-05 0.0 2.2846055083072958e-05 0.1407335198428301 0.0683153488982792 0.010391383988713188 0.00023619520014007186 0.00020587023775524968 0.00102454562740239 0.00243341819490107 0.0024444737119589267 0.0011110976491683327 0.000521774677832786 0.00128922318714058 0.000150854537820501 0.0012884458572943068 6.487433416624254e-05 0.00028037057655343867 0.0002859837743932295 0.007242131787942305 0.00023044251203176155 0.00015577599109055756 0.0010526362239448668 0.0005582692327566056 5.799130153078889e-05 5.120056462413102e-05 7.180071022887744e-05 0.0004626046082129549 0.00037217499149741826 0.0026350045715720395 0.02702922672908292 0.0008825080818780839 0.0019438280358664778 0.00058242617779698 0.012736668538635183 0.00035569429979420046 0.014072724722189575 0.00038645505659675524 0.00013336443216856712 0.00014346211407952858 0.0006258267847166926 0.0020679394211406067 0.002822020845816896 0.0006664515006315323 0.0 0.0 0.004938243128086938 0.005740670696407626 0.007295893571277824 0.002788969488902969 0.0016112518623563863 0.05109994774623665 0.11626073863594907 0.00023583453482923508 0.057030948586663875 0.0012392475955773062 3.325394492514967e-05 0.00016723364755561008 0.0005716059596143172 0.0003942377586005226 0.00010159536784594274 0.00018654927756913073 2.4410343659435438e-05 8.08022626728059e-05 9.098725057954843e-05 0.007422157233238251 0.0006639008240816519 0.00013564922496274372 3.434583124493843e-05 5.542107087208465e-05 0.0 0.00019140763221451654 0.0036720165532303176 0.0 0.0 0.0 0.0 0.0 0.0 0.0 0.0 0.0 2.5512948093313804e-05 0.0 4.9041874267753983e-05 1.9124478479187785e-05 2.9383018534340813e-05 8.745690400513331e-05 0.0 6.547431527476821e-06 0.0 0.0 0.0 0.0 0.0 1.8320967858778102e-05 0.0 0.0 4.950965986370627e-05 0.0 0.0 0.0 0.0 0.0 0.0 3.162674822916828e-05 0.0 0.0 0.0 0.0 0.0 0.0 8.061312026119644e-05 0.0 9.074954040429943e-05 7.458498081013068e-05 2.277138371748244e-05 1.2485994797559571e-05 8.874956545126392e-06 0.0 0.0 0.0 1.881578532782556e-05 9.729210302835459e-06 0.0 6.175993861528708e-06 0.0 2.7711728297536353e-05 3.974816997916974e-05 1.6888260504393313e-05 0.00016385707030892936 0.0 0.0 3.0293344719979713e-05 0.0 0.0 0.0 0.0 0.0 3.128873273424879e-05 0.0 0.0 0.0 6.421367014294055e-06 1.962245515701277e-05 0.0 1.0511078314593042e-05 8.699317061038937e-06 2.0969638090639014e-05 5.0044068427789724e-05 1.5502669635578943e-05 0.0 0.0 2.1039343536346247e-05 0.0 0.0 2.946824573193966e-05 8.414284460730546e-06 0.0 6.723907999037714e-06 0.0 0.0 6.88485125312517e-06 3.767971375177906e-05 2.515238994156872e-05 0.0 2.8743142933844667e-05 6.37785601322463e-06 1.0959783859431785e-05 7.625311316110935e-06 5.913364478931527e-05 1.4305101961194092e-05 3.70496315220997e-05
0.0022438672619651307 0.14105805697347268 0.044837756996991565 0.0010945946145740034 0.0943106892590037 8.247859511971117e-05 0.11231209918372524 0.011124253172848026 0.0 0.0024220620436729242 0.025979528214750088 9.988466511258841e-06 0.03723213860614946 0.04855930616638533 0.002261792457342499 0.0005045346087385341 6.213927430317903e-05 2.7060793702383194e-05 0.0 4.6587361316600574e-05 0.00019385803960540773 0.0 5.825768844914145e-06 0.0 2.2720513135831195e-05 4.837844659824746e-05 0.0 1.779879703936037e-05 8.312764671354105e-06 0.0 0.009432741768488753 0.0003859226765586875 0.0005601535257217875 9.33144810199418e-06 7.3438339281370535e-06 0.0001166393820165758 0.0005291436191802068 0.00018494661854121305 0.00011186156029499812 6.187704101233561e-05 6.615263364818188e-05 1.7715499587379955e-05 4.989965545581083e-05 1.3667614288605592e-05 0.0 0.0 0.005228072816704218 6.57964108093195e-05 2.7799219947546236e-05 2.9525317429424193e-05 5.5410863417370315e-05 0.0 6.684928989677765e-06 0.0 0.0001340377092138478 0.00018675913696415165 0.00016786217884485523 0.0036860767472767786 0.00015046113342272212 0.0011083923967311344 8.260247896742708e-06 0.0001582124982274179 2.0247268510858253e-05 0.002519348223405313 0.00018717043119745354 4.050212503196706e-05 1.6901400061168204e-05 6.248349664672268e-05 7.488207784842563e-05 8.362671747246283e-05 0.001271376284047741 1.111155112018551e-05 0.0 0.0015917837193783091 0.0019095924237006359 0.004549429118871759 0.0007316472062367354 0.00013110254496097936 3.078080349041318e-05 0.0011742736515230293 6.629173629183875e-06 0.0002858176883847083 0.0006487002747321603 6.301650023604834e-06 6.976763634602404e-05 0.0002843732843729233 4.0540162981649276e-05 7.876093621693988e-05 8.292836034890122e-05 1.2122073702467547e-05 3.5714443791985125e-05 5.479889724796311e-06 0.0002534204257156957 4.9562628646832043e-05 1.1756367945465604e-05 0.000747756793657846 0.00027127760990756336 0.0 0.00020106913516977024 0.00023599296932582178 0.0 3.200137023997716e-05 0.0 0.0 0.0 3.665453727395301e-05 8.858446107294068e-05 0.0001848904023525264 0.00013949463337824264 0.0001916869681845921 0.00010033889794983611 0.00011558018230664298 0.0006316578122948103 0.0007385842417625991 0.0007264315029205486 2.151132553524758e-05 0.0 0.0 0.0 0.0 0.0 0.0 0.0 0.0 0.0 0.0 0.0 0.0 0.0 0.0 9.571862831602826e-06 0.0 0.0 0.0 0.0 0.0 0.0 0.0 0.0 0.0004580754238070922 0.0 0.00017187978662890925 0.0 0.0 0.0 0.0 7.2569018867171635e-06 0.0 0.0 1.9838613125312543e-05 0.0 0.0 0.0 0.0 0.0 0.0 0.0 0.0 0.0 0.0 0.0 0.0 0.0 0.0 0.0 0.0 0.00018782661438318039 0.0 0.0 7.987569019870066e-06 6.630996656694528e-06 0.0 0.0 0.0 0.0 6.163418323182973e-06 0.0009239976109105125 0.0 0.0 0.0 1.2620777121786865e-05 0.0001435110363942369 0.0 8.198950779567423e-05 1.3884508259061933e-05 0.0 0.0 0.0 0.0 0.0 1.269936618849122e-05 7.770743401920773e-06 0.0 1.2308834800928164e-05 5.3517005511040325e-06 7.636672825734652e-06 0.0 0.0006806215803732488 0.0002863609541107539 0.00014921458919260722
0.056635250804842226 0.018471709891899866 0.0003535455011480536 0.1723818246574769 0.008476923016582955 0.02073353918066005 0.0989979945028228 0.0001084768830557399 0.0024220620436729242 0.0 0.0004965889675874733 0.1385463531745084 0.5025155825099086 0.015252736788494491 0.0006966472688403165 0.0002493416455247179 6.031528765250883e-05 0.0 0.0 1.4405636592501154e-05 5.577864797255446e-05 0.0 0.0 0.0 3.676020672198335e-05 9.531705072234181e-06 0.0 0.0 0.0 0.0 0.004250422277133047 3.379305834663785e-05 0.004612868866210164 0.0 0.0 2.5730002140931823e-05 0.01056974788025622 2.0086834152210396e-05 7.12641730354292e-05 3.0473748153316698e-05 2.7197632775596868e-05 0.0 0.0 8.332472242580773e-06 0.0 7.476056781713209e-06 0.0014027497342482807 7.669887866617703e-05 8.838133506134019e-06 7.442872741999475e-06 0.0 0.0003920517704577488 0.0 1.1657326044715768e-05 0.0002278801815999207 0.0003166257032286707 0.001550907699518011 0.001946436312412575 0.0005384431413696009 0.0006489240132139837 0.0 6.729694413595956e-05 0.0 0.000344884068574294 0.00010015285786007893 4.500038147183264e-05 2.629081593996516e-05 1.9350716457850027e-05 7.525120652258713e-05 2.9309056711871886e-05 0.03984688123767574 0.006538339501890619 3.372377492253867e-05 0.002900786102353265 0.0005313615645454388 0.0010836449543823422 0.00013779173253233837 5.070142815860573e-05 0.0 0.00024671865643221603 0.0 6.370267297399812e-05 0.0005126149021235668 1.111135444135877e-05 4.845430421057326e-05 0.00033461534972838115 4.934651036708475e-05 0.00013564851586060612 6.985851563448018e-05 0.00046917966782378197 7.472179342430936e-05 0.00019631069336836928 7.560049180247572e-05 3.3203037300849435e-05 2.883942295232571e-05 0.04847055433471772 0.016245531084419507 0.00027543568606246355 0.0033319718029077034 0.024612927315500698 0.00015775603004269774 0.002081861277650506 0.002980078509740422 0.0028947115334695714 5.3527087285338467e-05 0.022600152200141898 0.006656167323655493 0.00271129598154039 0.005877807477422316 0.007286999378573277 0.00047929908935985717 0.006184579163080117 0.00973753096023695 0.012129200077083851 0.005157856927262854 0.00018606814779986632 3.3635718372131806e-05 0.0 0.0 0.0 0.0 0.0 0.0 0.0 0.0 3.8013660288101366e-05 0.0 0.0 0.0 8.506570928864108e-06 0.0 8.767424381032919e-06 3.075823216963301e-05 0.0 4.3377275342660356e-05 2.6852005457295324e-05 7.179278133805945e-06 0.0 9.50619944447388e-06 0.0025814438297171484 0.0 0.0010019853109348754 0.00018973936889131465 0.0 0.0 0.0 2.486673467197028e-05 0.0 0.0 1.5020353619579248e-05 0.0 0.00013146205842182635 0.00022121116463290065 7.148516859729257e-06 0.0 3.2014615632892e-05 2.2207113927495797e-05 1.1593161120934952e-05 6.79114962350529e-05 0.00015397923078688976 5.124668713195372e-05 0.00011263618735084738 5.7522485355423836e-05 2.649691506513044e-05 0.0 0.0 0.0005542725849381009 6.351259964534093e-05 5.196351266193673e-05 0.00012542520733349095 0.0 1.590221517537839e-05 8.607632976935256e-06 0.0 0.0 4.660869700044681e-05 0.01055222991368143 0.00017864879008422827 1.408706981124936e-05 7.416316690550166e-06 9.370812972281032e-06 0.0010891621888301038 0.0 0.00015611047518627403 0.00024125969139425585 0.00018571958088277763 0.00015307902871000494 4.8619354788858635e-05 2.0471863383447765e-05 2.8568320592954417e-05 4.662793756970595e-05 1.0325536977645358e-05 5.606909938322833e-05 1.1463741161131829e-05 2.460586710831614e-05 1.2787753917819353e-05 9.38669280311281e-06 0.010795611222796174 0.0017410652406687729 0.0014351155869558757
0.017980612595363505 0.12018234564841343 0.12282235525911096 0.0035745328991362017 0.030973066369922166 0.0005412989377781685 0.008442966377898412 0.20322323510803772 0.025979528214750088 0.0004965889675874733 0.0 0.00035253465223767337 0.009496838185418148 0.049385169611951135 0.00396253122128307 0.0017093162098044895 0.00024779234069986897 0.0001867079524019519 6.391747888561e-06 0.00020109649469391536 0.0009986312723761648 0.0 3.779919128820164e-05 3.0260042055592456e-05 0.00041344743517237074 0.00027800970212710663 0.000113741635690003 5.991341195369481e-05 6.229426295144249e-05 3.5431454270161696e-05 0.06587225500294568 0.009584446979718548 0.02382108649039696 4.0726641850403355e-05 0.0001352054134574099 0.0008276415967891803 0.010111216821724014 0.002423870022166443 0.0016727519847136762 0.0004209839041047357 0.0007852449638405905 0.00012927176451209217 0.00015446588299773998 6.009025664682594e-05 2.294405493882819e-05 2.3379150397053187e-05 0.007364869857134933 0.00010330901767481072 6.629104791594514e-05 0.00025240320987952956 0.00038679342840667924 2.8872335345946898e-05 1.6448871185773734e-05 1.66024504494402e-05 0.00038142837839045613 0.00042397564086129523 0.0013476368277878423 0.012308053049777138 0.0006650232048802476 0.0017242259915578391 0.0 0.00289900157714836 4.358847224189993e-05 0.005248655071591474 0.0004573763077502104 0.00010573292854708129 0.0001287223457374602 0.0003390534802161568 0.0008912230093287814 0.0007275276588466168 0.00561624646038577 2.6340965953896916e-05 0.0 0.00384030713163361 0.0036759897971504075 0.007203714219460519 0.0018025907085766613 0.0005766972344676515 0.009325841700157524 0.03704682286246196 2.055954112867039e-05 0.004322267149696238 0.0011169142892051922 2.9557367258504778e-05 0.00019677228975505408 0.00046545439974353213 0.00016772691673012683 0.00011335196466206096 0.00012026880400651846 6.838375076201459e-06 4.3427045228456115e-05 2.1065880625487156e-05 0.0024084679167080936 0.00047161522375833455 3.548320196882279e-05 0.0004933178450296557 5.558664269335929e-05 0.0 0.0005833546442970064 0.002618006043039335 0.0 0.0 3.984106588707586e-05 0.0 0.0 9.622715685700639e-05 0.0001872673268294819 3.7897191143956884e-05 0.00014290630192007574 0.00011134188147569229 2.2336551526655578e-05 0.00011780083178525073 0.0002742720882611316 0.0005805524609490665 0.00024324470155808627 1.909523859962288e-05 6.022386374891587e-06 0.0 0.0 1.1491414665825452e-05 0.0 0.0 0.0 0.0 0.0 2.3434316603034692e-05 0.0 0.0 1.2399679251654893e-05 6.694267265092756e-06 0.0 3.1455516379325865e-05 0.0 0.0 0.0 0.0 0.0 0.0 0.0 0.00016571894453376625 9.48511159358869e-06 0.00020191688706061502 0.00013699279976596554 3.787876463100754e-05 3.609774039741472e-05 2.6186477822378625e-05 1.6804508838978948e-05 0.0 0.0 1.2851644990588043e-05 8.729685859429972e-06 0.0 1.264670521213914e-05 7.508330630623357e-06 0.0 2.7044416441693643e-05 0.0 7.64376649301485e-05 1.0547067012015461e-05 0.0 1.937508126021844e-05 0.0 0.0 0.0 8.313095409291451e-06 0.0 0.00011579907702112833 0.0 0.0 1.8725609408716186e-05 0.0 6.4963470686260836e-06 0.0 8.136745059130665e-06 1.0766121362678555e-05 0.0 0.0007863613062464183 2.762784521891488e-05 0.0 0.0 2.1741187519735312e-05 0.0001133097333963171 0.0 1.7194918955964982e-05 0.0 0.0 0.0 0.0 0.0 6.4690616297789485e-06 1.799316863825127e-05 9.532837518931654e-06 8.434762871843181e-06 4.593680332171207e-05 0.0 1.1564212290754916e-05 0.0 0.0003463536920152775 0.00026373235922148603 9.771010021718663e-05
0.006140663324663892 0.0020473092970082355 2.011326937406659e-05 0.04695631256882101 0.00013966707837483928 0.005396043439226923 0.007827357381913147 8.297363175776514e-05 9.988466511258841e-06 0.1385463531745084 0.00035253465223767337 0.0 0.18545062267716894 0.009681967033507094 0.0015888901090398888 0.001269580901818812 0.0002927501645778596 6.293788603326072e-06 0.0 0.0 0.0001387821233168661 2.8213179046655227e-05 0.0 0.0 1.9959221344496927e-05 0.0 0.0 8.868949462216352e-06 1.3865212566813244e-05 0.0 0.0002971031538599001 1.607534016917418e-05 0.007288123050572781 0.0 1.9897928989947946e-05 0.00011239008789757167 0.04383561843047522 0.0001891933470157912 0.000512165009009041 3.437003067833818e-05 3.5980959036657385e-05 0.0 4.3392919688080745e-05 4.983366794550328e-05 6.621276489207883e-06 0.0 0.0015369121506268162 2.2019119397020842e-05 6.480401354797187e-05 2.6638441356392187e-05 8.903613135264979e-05 4.9885612322991113e-05 1.472762364500902e-05 0.0 0.0 3.6079686515874786e-05 2.036841252550114e-05 0.0003535676724964215 6.799511957414758e-05 0.0002414684483294857 0.0 0.00020359339369616731 0.0 0.00036346201584153473 1.4131609627795889e-05 0.0 7.934764723745136e-06 4.557070993984756e-05 0.00022693667887129467 8.592704701198417e-05 0.024814917765293338 0.00042335718781847694 1.685035881874128e-05 0.0001814953633141831 0.00042023853500879185 0.001476943409303091 0.0004563095685382579 0.0001661054276889762 0.0 0.001082853199952161 0.0 0.000183669083284401 7.478315898218845e-05 0.0 8.983466811546571e-06 0.0 2.2608573337492694e-05 2.9885654648227133e-05 0.0 1.6941053334936422e-05 3.28926265171326e-05 6.282166031223815e-06 0.0004247002471115003 4.691818656876216e-05 2.8782681110810693e-05 0.01554515284866379 0.0011344601603602501 0.0 0.0009833241455927592 0.0012926607149792745 3.94288945367642e-05 0.000442352977489195 0.0001299705132293716 2.2252517631534674e-05 2.4881340059283485e-05 0.0013288735953953094 0.0016017096265882266 0.0011858640794256505 0.0016531337850514572 0.0021600173466571255 0.00012708568464466372 0.0022497117280871185 0.005599993165125963 0.008092181391528029 0.003727643217419015 9.658577732542252e-05 6.205196257460705e-06 1.769808292759931e-05 0.0 0.0 0.0 0.0 0.0 0.0 0.0 0.0 0.0 0.0 0.0 0.0 0.0 0.0 1.2885858727746708e-05 0.0 4.710519064936074e-05 5.6209541295039495e-05 1.6300887567023248e-05 0.0 0.0 0.0027748156664743166 0.0 0.0011707142643937797 0.00017224428276702832 0.0 0.0 0.0 1.2074861964371182e-05 0.0 0.0 3.720032366406509e-05 0.0 1.538684080008116e-05 0.00019230180692323114 0.0 0.0 7.940043301225175e-06 0.0 3.1254402577336175e-05 0.0 0.0 0.0 0.0 2.2483538080770947e-05 0.0 1.5833483422158704e-05 0.0 0.0011277369883633686 4.1271557297280425e-05 0.0 0.0 0.0 0.0 0.0 0.0 6.3519380655024375e-06 1.7008204601799516e-05 0.008365872330016821 4.7523231495600506e-05 0.0 0.0 2.1314468991987416e-05 0.0008125956436122663 0.00019112292682427415 0.00038348173665149894 0.0 1.3802281516030689e-05 0.00010348135286641212 5.536810164797496e-06 2.5161120100162906e-05 0.0 0.0 0.0 1.3243593700458614e-05 7.122468380767792e-06 0.0 7.147612842700511e-06 0.0 0.006864355162967325 0.002034253904659708 0.0012807450808415557
