0.0 0.2241044848307616 0.030351489458130213 0.05757433250830505 0.002930649185517713 0.01634078327606163 0.015744591745108713 0.0007645483924879598 8.253331766301333e-05 0.03514684716907705 0.0018717365539399657 0.023653174222805315 0.006246470469278485 0.0010601270214033749 8.470082277193648e-05 4.063767158750312e-05 1.7074480907562365e-05 0.0 0.0 2.5104452342869174e-05 0.0 0.0 0.0 1.5634809800544367e-05 0.0 0.0 0.0 1.348281040869197e-05 4.801599342729786e-05 0.0 0.050277370858848515 0.0006818798647192049 0.000892210934337792 0.0 1.8050527475422124e-05 0.0 0.0003882990816010955 4.711048804851564e-05 1.7893543032203185e-05 0.0 0.0 2.0277544600249807e-05 2.3533434915146767e-05 1.0691520670281106e-05 8.702001585046746e-06 0.0 0.0019713303889032697 0.00010947993906518839 3.796730737863519e-05 1.5137509785150955e-05 3.311313964778711e-05 0.0003738771958680788 0.0 1.4091727368430372e-05 0.00017309411827951655 0.0002934256622399328 0.015820003259298346 0.031158177360130674 0.0017872768532385974 0.001720548159822727 3.083879127783243e-05 0.0003454323425781647 6.3844916481160315e-06 7.126656377661044e-05 0.00021875977005287318 0.00011620278740239141 8.282608217497754e-05 5.5754471582117806e-05 5.525092483056288e-05 5.47087071591098e-05 0.001192221718121009 0.0024602656194747125 5.6296605607123265e-05 0.007861299933768481 0.0009482899487872243 0.0010166695132956254 9.250594866548682e-06 1.6180132116890806e-05 9.116201286304528e-06 0.00063803983605697 1.2013663655216228e-05 0.000569283276036477 0.0009150906090435736 0.0 0.00021009577507930912 0.00012964903361450573 4.716691146797316e-05 0.00010226838295350296 4.499750340236647e-05 9.011210405034723e-05 8.873423453757932e-05 8.715912670130457e-05 0.00021140002015603463 3.600612304121825e-05 3.222179337553214e-05 0.012274805420483792 0.002884793799285308 0.0003580761212454778 0.0004387093378757711 0.06172327254563659 0.0 0.0002798974220838477 0.00015857306141545545 0.0033358888660511435 0.0 0.0005184992349116115 0.000817677821646327 0.00018639677028846422 0.001215671693820402 0.0008263453521412535 0.0 0.00023690323651267487 0.00048270904079809586 0.0002627472669159595 1.7902790827831635e-05 0.0 0.0 0.0 0.0 0.0 0.0 0.0 0.0 0.0 0.0 9.293221485313153e-06 0.0 0.0 0.0 0.0 0.0 0.0 0.0 9.53038931596497e-06 0.0 0.0 0.0 0.0 0.0 1.606465916857348e-05 0.0 1.445502431577407e-05 8.056953736782059e-06 0.0 0.0 0.0 0.0 0.0 0.0 0.0 0.0 0.0 0.0 0.0 0.0 0.0 0.0 0.0 0.0 0.0 8.964702980153563e-06 0.0 0.0 0.0 0.0 0.0 0.0 0.0 0.0 0.0 0.0 0.0 0.0 0.0 0.0 0.0 1.9184482487957168e-05 0.0 0.0 0.0 2.005882859236485e-05 1.111449838537427e-05 0.0 8.758876306268221e-06 0.0 0.0 0.0 0.0 0.0 0.0 0.0 0.0 0.0 0.0 8.306936495000422e-06 0.0 1.0949773241533846e-05 0.00014576770358610256 4.250733114908525e-05 2.3249913335645477e-05
0.2241044848307616 0.0 0.09287042551114078 0.06586585977630259 0.073759501967948 0.011063061819284088 0.14937029861935783 0.007611691868353318 0.05471139688358076 0.09788245119436141 0.02219833215325891 0.030231081660220135 0.179028103453685 0.1852852434173843 0.004380970629488453 0.00044766075176971604 0.00032325633534567187 0.00013446661720979735 2.83494729964235e-05 7.256295532727353e-05 0.00010285087006737366 7.924279771879845e-06 6.543921874558292e-05 8.733866893797249e-05 1.4916803769918948e-05 4.125493519829175e-05 3.969970749650879e-05 6.526871421579124e-05 1.7057267246747016e-05 0.0 0.15821436547014248 0.002707765188459218 0.010919653707092827 1.749088702703461e-05 6.404519185155919e-05 9.265978031847337e-06 0.003244021525430087 0.000948310768971619 0.00044013726930112784 5.572409041423283e-05 0.00013164767551201366 9.631281618564311e-05 0.0004164197523842631 0.0001224615822692338 2.4229315974058023e-05 0.00011388352186269365 0.029435016218048466 0.0013579123826937514 0.0003312476713621892 0.0004337353149981198 0.0002652505220572296 1.8575179879189883e-05 3.0781840204911676e-05 4.103348852294499e-05 0.001014192214327897 0.0013374188931173524 0.02219474338120671 0.0839625642021355 0.005574027421220392 0.01198760003732579 0.00027741087677944095 0.0025509402648517033 3.858249490404635e-05 0.006142985990014559 0.0016082647055072274 0.0014955124225791035 0.0005070391463646967 0.000727262279894562 0.0007134400822920012 0.000439674265301895 0.0038122036684447086 0.00018767315769391374 6.239538676491955e-06 0.05435638816170256 0.01962412109312496 0.028543008955029592 0.0024187906678580654 0.00033283912478422687 0.00012158254661427687 0.0051262972108022525 0.00015709962194574006 0.0026448771080693225 0.005056270958496336 2.2913832608040455e-05 0.001288659215658957 0.0007288554582814238 0.0004185487207966576 3.0904442553939615e-05 0.00028793608691390915 1.249908927926235e-05 0.00030519673612121464 4.3376828677429844e-05 0.0018082341001185742 0.0002867371702221433 0.00012028333540022224 0.0028122337749879184 3.105658717479348e-05 0.0 0.00026726980906517184 0.041981945801101206 9.39222950578471e-05 0.00020199674426147086 0.00025998068108595916 0.006000597830995092 4.354315039852354e-05 0.00280476403682088 0.001077408351222223 0.000394202665992287 0.004613558658593441 0.0010461928625443472 0.000520394066218131 0.0012502182286600523 0.0015157532220730168 0.0006948081142559362 0.000571189440464017 2.308025402402812e-05 0.0 0.0 0.0 0.0 0.0 8.502792706855131e-06 0.0 0.0 0.0 0.0 1.3999878705769274e-05 0.0 0.0 8.917651853362816e-06 0.0 3.896464245373282e-05 7.804706688679075e-06 0.0 9.58379951804166e-05 0.0 0.0 0.0 6.645682933053227e-05 0.00012565431076247364 8.870482065332417e-06 0.0004274091025534389 0.00030730736164575077 0.00013887772186547387 0.0 0.0 0.0 0.0 0.0 2.357705070178609e-05 0.0 0.0 8.207536308858122e-06 0.0 0.0 0.0 0.0 1.0555386076766553e-05 1.520358269771217e-05 0.0 0.0 0.0 2.1193856419222386e-05 2.667381045850259e-05 0.0 2.6457384028963175e-05 0.0002376451085282849 0.0 9.316294287994906e-06 0.0 6.302332842832776e-06 0.0 0.0 6.493920167959123e-06 0.0 0.0 0.00018765678681968983 0.00010110564772718523 1.5603296487717074e-05 0.0 2.038801140593991e-05 0.00034814222535668786 0.0 0.00021751692438660595 0.0 0.0 4.589896797688509e-05 1.075987538012296e-05 0.0 0.0 2.3367169120457014e-05 0.0 0.0 6.927271501507826e-06 6.389559066629308e-06 1.1472351505190368e-05 0.0 0.00047607333212034244 9.201106515706008e-05 6.341230580772637e-05
0.030351489458130213 0.09287042551114078 0.0 0.0001877186706014379 0.02020601513520198 0.0001863188312519372 0.0026869504940923443 0.10661039904035995 0.018506637234746548 0.00031615688298120405 0.1828089513622497 0.0009448127304582203 0.017855576284088584 0.17044432932316866 0.0020262330118711756 0.0008515423923479485 0.00014993044443137554 0.0002270736005713711 2.7821548168550567e-05 7.194294111004427e-05 0.00034648144216011364 0.0 0.00043662598595632727 0.00031105877108481315 7.921581006784105e-05 3.3388266430899125e-05 0.0001331094764539114 0.0 0.0 1.6291937752059507e-05 0.2857370014325099 0.02798498295019299 0.04267315399644317 6.75008255065428e-06 0.0003339579675097849 6.166453468246802e-05 0.008988662963806274 0.0023664043328288126 0.0010320027314523973 0.00010565242789354743 0.00045920147403319454 0.00023743146285681255 0.0009531004049270714 0.00010408632663988943 5.397614518764744e-05 0.00011140888256021029 0.0068522492224453654 0.0002152225845156682 0.00026475388732288477 0.001482583693534248 0.0010666746853865683 6.70294563762306e-05 4.963837512334597e-05 3.8782320431630945e-05 0.00012841713152969767 0.00014403466882512337 0.00362340047982655 0.028632784129243624 0.0008312624210280845 0.0019081518812387789 0.0012614526959903037 0.008463012159930151 0.00014104339891046316 0.0056432849291167654 0.00019077055403900198 0.0006533229548547792 0.000776919785738587 0.0018112681712396427 0.0024407921856829063 0.0018806120299900112 0.00584183163041838 0.00012173434011457731 1.0621179843624638e-05 0.008780812157741137 0.005347707069554142 0.0069779441104886345 0.0010946141628883604 0.00028904752741516873 0.0014929537482620638 0.038206149532509136 0.0006284122690215236 0.018682243990186333 0.0008753484626464912 0.0 0.0001849751001887657 0.00024265548794534444 0.0004484031908304303 0.0 5.610847307481057e-05 1.1393869739386852e-05 0.00038578251111252273 0.00022962062371636256 0.00693932222588882 0.0005397476448631336 0.0003468678085059232 0.0005926896510250437 2.3200659194856163e-05 1.2902120234495575e-05 0.0008061762702361663 0.00761489906233252 2.119045998439545e-05 8.696432287847699e-06 6.885394247924459e-05 0.0 3.3388747884289545e-05 0.00020486217101357414 0.00021328979717458787 0.00010627522627305962 0.0001793293112312643 0.00012160063564489299 0.00024656583973808015 0.00019438284581879542 0.000660596747814032 0.00037038788625054356 0.0003598053048656502 2.4495665715967783e-05 0.0 0.0 0.0 0.0 0.0 0.0 0.0 4.308696407108895e-05 0.0 9.617669520899214e-06 7.094880988841744e-05 0.00022181428640827131 0.0 0.00011775025884142312 0.0 0.00020955446390191643 8.334169249502e-06 8.225272176391281e-05 1.8326417289210463e-05 2.288443574486477e-05 0.0 0.0001471511156486589 8.978168307482068e-05 0.00011800308217464493 0.0001750735351109336 0.0005247100298480625 0.0003928365079548201 0.0003827655680605559 0.0 1.106390881932224e-05 1.163219792134123e-05 0.0 4.9868811846546516e-05 0.0 0.0 0.0 2.435296487631443e-05 0.0 0.0 1.6404397482996e-05 0.00012475744722889115 6.312741184290411e-05 0.0 0.0 0.0 0.0 0.0 2.2289350600611463e-05 0.0 0.00019909369897849652 0.00025870879016338624 3.137874709098367e-05 0.0 0.0 0.0 0.0 0.0 0.0 6.029093940591056e-06 0.0 8.7040006865134e-05 3.05788837713397e-05 1.0874140318115247e-05 8.438675759482056e-06 0.00013698890872633463 0.0003440478061517309 3.4002963749221863e-05 0.00019257027787561876 0.0 0.0 8.068364668451494e-06 0.0 8.28285701704779e-06 0.0 0.0 0.0 0.0 1.986248800922039e-05 5.031244002155611e-05 9.514116774948741e-05 0.0 0.0002125266619402009 0.00017186311442138734 0.00020624732068518506
0.05757433250830505 0.06586585977630259 0.0001877186706014379 0.0 0.0005403789508644761 0.0300514753785797 0.0657928850202736 1.8180878306136437e-05 4.695275078726805e-05 0.11974001241439759 0.00015614048168663226 0.13382791979789133 0.03971408840034563 0.0019207929589039401 8.783747847995563e-05 6.000044307436346e-06 6.908784663948926e-06 0.0 0.0 0.0 2.2056739556089153e-05 0.0 0.0 5.622050873771026e-06 0.0 1.081986739046825e-05 0.0 0.0 0.0 0.0 0.006726758883036067 7.98737448185225e-06 0.0007848998591499843 1.0346658038308251e-05 0.0 0.0 0.0011114599626754888 6.689732611323796e-06 0.0 6.015737256381157e-06 0.0 0.0 9.03228250140519e-06 0.0 0.0 6.7934084926262385e-06 0.001826823419651629 8.628039110366265e-05 6.135919207910005e-06 5.678068705220867e-06 7.651128406618199e-06 0.0 0.0 1.1280775851661364e-05 7.71747234339606e-05 8.442947126424853e-05 0.003742334817841616 0.008565150620984147 0.0005453265745342028 0.000987213553904698 1.1013835721452652e-05 4.03730249261724e-05 0.0 3.367353388683637e-05 0.00018221049901663027 5.249109345120848e-05 1.6887298637800056e-05 0.0 2.6211641951112934e-05 0.0 0.0011662924724128872 0.00015794887897902491 0.0 0.005295016945216601 0.0007165629703783202 0.0011901978816216854 1.6274281056861663e-05 0.0 0.0 2.175681597810443e-05 0.0 0.0 0.00041735725252926305 0.0 0.00012187779279962619 3.583305513686006e-05 1.4098896160782021e-05 0.0 3.637864006414672e-05 0.0 8.088883822897824e-06 1.1447828506538686e-05 6.2721530100019756e-06 7.339381500524576e-06 9.04244262689266e-06 0.005705019762802666 0.00016511878791348965 0.0 1.9432692136012433e-05 0.02434413033304258 2.5184381386743277e-05 0.0004061562442643792 0.0006693830304898126 0.007715794421917737 1.5223586356609156e-05 0.0028747862828510085 0.002035999931943104 0.0004658460837628722 0.004342094238413817 0.0013740916413861077 2.2924996490899446e-05 0.00046681888708562005 0.000951848095540625 0.00034904914932086387 0.00012375249838179314 0.0 0.0 0.0 0.0 0.0 0.0 0.0 0.0 0.0 0.0 0.0 0.0 0.0 0.0 0.0 0.0 0.0 0.0 0.0 8.515584777543543e-06 0.0 0.0 0.0 0.0 8.644831183359237e-06 0.0 2.5872608795696576e-05 0.0 0.0 0.0 0.0 0.0 0.0 0.0 0.0 0.0 0.0 0.0 0.0 0.0 0.0 0.0 0.0 0.0 0.0 0.0 0.0 0.0 7.478778013706685e-05 0.0 0.0 0.0 0.0 0.0 0.0 7.436852468889309e-06 6.767856934458667e-06 0.0 0.0 0.0 0.0 0.00010154521370000274 0.0 0.0 0.0 0.0 3.259145717922669e-05 0.0 0.0 0.0 0.0 0.0 0.0 0.0 7.47447148607689e-06 0.0 0.0 0.0 0.0 0.0 0.0 0.0 0.00027003756205490657 8.040362074841806e-06 0.0
0.002930649185517713 0.073759501967948 0.02020601513520198 0.0005403789508644761 0.0 2.9712278367553498e-05 0.0839403596276959 0.014363753969089756 0.2773421862490509 0.005432852052045084 0.02753146204355948 0.0013809611958661187 0.08899095624899393 0.27297568846300313 0.0024952174145446886 0.00024862969522679486 8.818781752266536e-05 1.1008799427198962e-05 6.254839167976094e-06 1.5908462071858665e-05 3.2644965617247695e-05 0.0 5.770287941097613e-06 2.0098755667927097e-05 1.0317580198793291e-05 5.400810882960556e-06 0.0 1.318315235954682e-05 8.595108233409963e-06 2.0408920099947572e-05 0.012348185950293362 0.001437883313985453 0.0022808460702612205 0.0 1.9632280341117715e-05 0.0 0.0011528097908780823 0.00011817252993856046 4.4211859006186157e-05 1.9709365405772467e-05 1.8867877279469342e-05 2.9915922939052173e-05 2.6647709362626765e-05 8.168431886381969e-05 1.2708344484867333e-05 1.2248310420841859e-05 0.013253031396536497 0.00037879619689058693 8.792694662307523e-05 0.00014788031863166915 0.00014241588246737363 1.4446097489072565e-05 2.540216366684075e-05 7.129778092265514e-06 0.00022927025743992572 0.0003258135405003959 0.0027840228224540325 0.012025667976244084 0.0012667178269857298 0.0037211618798427327 5.112505893814679e-05 0.0006574829115377691 0.0 0.0034477078092724042 0.00028820819513015826 0.0002788026330614648 6.198763756646024e-05 5.386956648282237e-05 9.861302443846186e-05 5.0486482990609046e-05 0.0015768748883924798 0.0 0.0 0.013836941591311252 0.00774263890517156 0.01231751646915186 0.0017246040719964657 0.00014124199843401007 1.214600692486038e-05 0.00043900057486743294 7.265177569674053e-05 0.0002747122974566284 0.0011012760417189401 0.0 0.00031256892648187163 0.00019878676417472434 7.56711605441349e-05 0.0 8.602746758923031e-05 0.0 4.668868332895549e-05 0.0 0.0002457842249608826 0.0 5.469137094652234e-05 0.0012704311106657533 0.0 0.0 3.1820959598498824e-05 0.0018070041788010988 4.6686068404834e-05 4.734489797797851e-05 0.00016827227163329522 0.00012441569118707785 6.901661536721879e-05 0.0014620761192577546 0.00047700542442523987 0.00012780163811117277 0.0004234903180316226 0.0005753340314891043 0.00022721057503357784 0.0005517565751993105 0.0009455788429225632 0.00039503019829238326 0.00039208787370749925 0.0 0.0 0.0 0.0 0.0 0.0 0.0 0.0 0.0 0.0 0.0 0.0 6.525045789227988e-05 0.0 0.0 0.0 3.460625597167383e-05 7.916842532789289e-06 1.0721396068947863e-05 0.0001372661879465234 0.0 0.0 0.0 0.0 5.9467863224416716e-05 4.1729097244584895e-05 0.00012124214885460443 9.669168839332513e-05 1.444559171985435e-05 0.0 0.0 0.0 0.0 0.0 0.0 0.0 0.0 0.0 0.0 0.0 0.0 5.092065036333868e-05 0.0 0.0 0.0 0.0 0.0 0.0 0.0 0.0 1.7699293610249416e-05 0.0 0.0 0.0 0.0 0.0 0.0 0.0 7.032434538838447e-06 7.072106298208796e-06 0.0 6.561685753925069e-05 0.0 0.0 0.0 0.0 2.6931549479472217e-05 0.0 8.950704844406326e-05 0.0 0.0 0.0 0.0 0.0 0.0 0.0 0.0 0.0 7.054277933266693e-06 0.0 0.0 8.963613631068174e-06 0.00026048506965147244 6.403092186485716e-05 8.480859343864025e-05
0.01634078327606163 0.011063061819284088 0.0001863188312519372 0.0300514753785797 2.9712278367553498e-05 0.0 0.002741106366316951 0.0 7.914948621593691e-05 0.02527389121108224 2.9298434650014693e-05 0.010551999187360977 0.0025301867247917447 0.0003592448984686871 0.0 3.0238738409959823e-05 0.0 0.0 0.0 0.0 0.0 0.0003337279125450808 0.0 4.125670295897272e-05 0.0 2.135043089758464e-05 1.8637290284452998e-05 0.0 0.0 1.4969480120312675e-05 0.004077741880300641 0.0 0.0004365722508947912 0.0 0.0 0.0 0.0017126872548791558 3.469900529259659e-05 0.0003007060632685485 0.0 1.3745309496111503e-05 0.0 0.0 0.0 0.0 0.0 0.00022794663459371078 4.484476985216333e-05 0.0 1.1474043886805167e-05 0.0 0.002793726130861489 6.684802139552684e-05 0.00016166587811753611 0.0 6.765742089651693e-05 0.001701948805633856 0.0026504225446328652 0.00020016424609319716 0.00023009801052773846 1.6773948947566122e-05 6.087898171380022e-05 0.0 0.0 5.326379988173359e-05 3.4221865530031195e-05 0.0 1.194264587591384e-05 1.5125769617173124e-05 0.0 0.012083203946463566 0.01471774470348767 0.0013037679641966708 0.0009309904239207504 0.00014580967951331514 7.502756726868916e-05 0.0 0.0 0.0 0.0 0.0 0.0 0.00017120746535851893 0.00012034200171163598 2.064055851135793e-05 0.00017908644279794334 9.023092091130348e-06 0.00015671576402072625 0.00025873357674561126 0.0010485950363031407 0.00019293361761881937 0.0006743876849883753 1.9133870065027005e-05 2.0259860185008265e-05 0.0004657805224553278 0.013432053537100457 0.024149057388468727 0.0030452127150669304 0.004481537640292987 0.011515763121549998 1.9349493099615946e-05 9.264726739348808e-05 7.295070962053381e-05 0.0012208846941126098 0.0 0.00013070122568343412 0.0002503397048441147 4.6822958734276545e-05 0.0006221204056015079 0.00017939532238162294 0.0 0.00016211914557300172 0.00018926849678523364 4.347965593634211e-05 5.058056530521174e-05 0.0 0.0 0.0 0.0 0.0 0.0 0.0 0.0 0.0 0.0 1.825015604480154e-05 0.0 0.0 2.0709457895742483e-05 0.0 2.2228084440889524e-05 0.0 3.7508453118574516e-05 0.0 0.0 0.0 0.0 0.0 0.0 0.0 0.0 0.0 0.0 0.0 0.0 0.0 0.0 0.0 0.0 0.0 0.0 0.0 0.0 0.0 0.0 0.0 0.0 1.5378274899367332e-05 0.0 0.0 0.0 0.0 0.0 0.0 0.0 0.0 0.0 0.0 0.0 0.0 0.0 0.0 0.0 0.0 1.0700539897128251e-05 0.0 0.0 1.1534321851285364e-05 0.0 0.0 0.0 0.0 0.0 0.0 0.0 0.0 0.0 0.0 0.0 0.0 0.0 0.0 0.0 7.810455436687273e-06 4.2256542564333634e-05 2.069522049224971e-05 0.0 0.00012861215273602574 0.0 0.0
0.015744591745108713 0.14937029861935783 0.0026869504940923443 0.0657928850202736 0.0839403596276959 0.002741106366316951 0.0 0.0010313689233523745 0.07141982527303938 0.15277107704875773 0.006433085089445048 0.06825738602023859 0.5223416066814727 0.14884002775713676 0.0026576412043704837 0.0003831994193275242 0.0001157104896390928 4.498200108951161e-05 5.869201324367377e-06 1.6600014913421728e-05 0.0 0.0 0.0 5.0104312584044444e-05 0.0 1.2338049442283124e-05 0.0 6.151945770012216e-06 0.0 0.0 0.005507369298172593 0.0008217095400577221 0.0035206166825385767 8.33954596534488e-06 0.0 0.0 0.002506447386364697 0.00024273109995715114 7.606367149962928e-05 0.0 0.0 2.3155151636814085e-05 1.292265932792069e-05 0.0001168360060867485 2.0503362288801684e-05 4.780033002843478e-05 0.015064675303242032 0.0002563820825214323 9.407346947717177e-05 3.777480237416771e-05 1.5481673580232867e-05 0.0 0.0 1.9165954313491014e-05 0.00025610823183296315 0.0002721257557419817 0.003668013352060578 0.011958309107512865 0.0014375718496292787 0.004546296227894221 0.00014003391418884753 0.001330403700932006 7.88136330844801e-06 0.002247827356753841 0.0004500229503076086 0.0002550309798719053 0.00014432641693548555 9.888303419877193e-05 0.00020478907860784398 5.073025354114136e-05 0.004563151412131931 0.0 0.0 0.014265025502340914 0.006287289383751652 0.010554838196911435 0.0010268871077831426 8.089520605796219e-05 1.5719247485208928e-05 0.0005410074308803118 8.895086765165504e-05 0.0006673665291031031 0.0011981598514129706 0.0 0.0003771826486484616 0.0001845789340780366 0.00012361481389741466 1.9987907103740555e-05 9.595761349105713e-05 1.3309265427792361e-05 0.00010050281556019519 1.5124124408264253e-05 0.0003104443324868982 4.319031412029889e-05 1.9425322981239726e-05 0.007303347272276955 0.00016192526964216295 0.0 0.0001237334629791591 0.004155826945531532 0.00016446878304056988 0.000819287762878557 0.000933474610589861 0.005032804035151284 0.00016914315467750783 0.006610774753769894 0.002653602980988836 0.0012857249790047152 0.006246959403190165 0.0022645533023668 0.0009090956540388956 0.0019622813664133746 0.003820613646177906 0.0017269218460032858 0.000983768823466899 0.0 0.0 0.0 0.0 0.0 0.0 0.0 0.0 6.030564172803085e-05 0.0 0.0 0.0 0.0 0.0 0.0 0.0 1.3104293698412421e-05 0.0 0.0 0.00018182105282807173 0.00014976340977021084 0.0 1.684986685248653e-05 0.0 0.0002526564381335056 0.00015731621809975753 0.000352703335813005 0.0001215735959580641 0.00012005907684254887 0.0 0.0 0.0 0.0 0.0 0.0 0.0 0.0 2.589546178329503e-05 0.0 0.0 0.0 5.0721789687801144e-05 0.0 6.561524005038553e-06 0.0 0.0 1.7775305860581686e-05 3.690424467573109e-05 7.011967906580163e-05 0.0 7.428853436913296e-05 0.0004995014610210912 0.0 0.0 0.0 0.0 0.0 0.0 0.0 0.0 0.0 0.0004083897965110861 2.852291050136424e-05 9.054772696852893e-06 0.0 3.703170435452013e-05 0.0006716218043173811 6.894226583319146e-05 1.666231011897612e-05 0.0 0.0 0.0 0.0 0.0 0.0 0.0 0.0 0.0 0.0 1.2699177417787172e-05 0.0 0.0 0.0013808464674684485 0.00021048602174491884 0.0003557870233806969
0.0007645483924879598 0.007611691868353318 0.10661039904035995 1.8180878306136437e-05 0.014363753969089756 0.0 0.0010313689233523745 0.0 0.02908687526392326 4.184295951246883e-05 0.2550629367759476 0.00012785467384950137 0.003956769677985194 0.1210443053451585 0.0006673543522228578 0.00029301266130898554 0.00010126104142894955 0.000339419202738509 9.719380683315511e-06 0.0004220038982867116 0.0005290775887466838 0.0 0.00038213702239198524 0.00039614107174853856 7.869863478112142e-05 0.0 0.00020161853295798849 2.788265141222626e-05 1.0389048307226517e-05 0.0 0.033136268708054376 0.11054138025495784 0.034443446432637935 0.00022322348346094217 0.00024936484245706875 4.545377532151491e-05 0.003741831899897368 0.0014209836988945566 0.0004364430861901569 5.4869463959853446e-05 0.00045019992041601194 0.00013771344258409093 0.0014189146067491673 5.4041025652013404e-05 0.00013139414896505186 0.0002812770948584052 0.002222209264645614 0.00011779471887360363 0.00015938835264152118 0.0005264484160364235 0.0007202990681406177 2.6641055093191336e-05 0.0 5.1435359538802937e-05 3.2881385006719864e-05 1.4937519882570439e-05 0.0006198871582752816 0.005742551422947292 0.0001269244786654888 0.0005241486250432099 0.007599512237015462 0.01205420612985158 0.00020575360579544233 0.012157375915131078 4.573289281828528e-05 0.000274959363288144 0.00044117250351174926 0.0013009631529127376 0.00316097046543525 0.002515792660742579 0.001906898578307608 3.575917538462575e-05 0.0 0.0017011781927961044 0.0019480917128842832 0.002120758779574917 0.002505502894932888 0.00999008076122306 0.05564158561271371 0.16479551836249157 0.009666013647182642 0.08823668091393776 0.00010323422951791767 0.0 4.3383655589242644e-05 0.00010365177313181433 0.0005106147402108596 0.0 1.261396114031649e-05 0.0 0.0001320869365643506 7.159830218368719e-05 0.005801472154271457 0.0001036489515231566 0.0002095704583671259 0.00036046333347542695 0.0 0.0 0.000436223275970021 0.0007632637639621529 4.7403522466168385e-05 1.6152217060261184e-05 3.3021613899319185e-05 0.0 9.993410336277253e-06 8.008037196945904e-05 4.2514336052757534e-05 2.2448145600368302e-05 8.008774696003042e-05 3.41822881160727e-05 7.343878956034245e-05 0.00010552876099757848 0.00022620279728307376 7.795040612180829e-05 0.00012391769282111008 1.928526916260056e-05 1.9334767434300975e-05 0.0 3.2007243155265684e-05 0.0 0.0 0.0 0.0 1.1320947544451263e-05 0.0 1.5087309758660265e-05 1.0504552379803425e-05 4.390766313725718e-05 2.6818004289982784e-05 3.5537830349439186e-05 0.0 0.00010047987552193324 0.0 4.063652096253168e-05 6.549652045274051e-06 2.548746359075906e-05 0.0 3.054377657916375e-05 2.8368815264804356e-05 4.6943324513463553e-05 3.638339186321517e-05 0.00010998852113836394 0.00016430988153748728 8.046239648105681e-05 0.0 0.0 0.0 0.0 0.0 0.0 0.0 0.0 1.7493123596875552e-05 0.0 0.0 8.723959750182202e-06 3.8101895485501736e-05 5.73624208617342e-05 0.0 0.0 0.0 7.076350382792807e-06 0.0 0.0 0.0 5.777545729379008e-05 4.8553947075188145e-05 0.0 0.0 0.0 0.0 0.0 0.0 1.755465528543706e-05 0.0 0.0 4.999928522903294e-05 5.911659094023609e-05 0.0 5.01603192302135e-05 1.2148623307931537e-05 0.00024152456657548554 0.0 8.990557513535509e-06 0.0 0.0 0.0 0.0 1.885967457811968e-05 0.0 0.0 1.4854577134998951e-05 0.0 0.0 7.426223680136857e-05 6.072618056559579e-05 0.0 3.150451098394202e-05 0.0 0.00016697663144171117
8.253331766301333e-05 0.05471139688358076 0.018506637234746548 4.695275078726805e-05 0.2773421862490509 7.914948621593691e-05 0.07141982527303938 0.02908687526392326 0.0 0.000947827252140055 0.048676275316752476 0.0007699863151599401 0.10831747790742893 0.19916334090795884 0.00032204434743751453 2.4752974346785376e-05 2.027984050071057e-05 1.196810260235299e-05 0.0 0.0 0.0 0.0 0.0 0.0 0.0 0.0 0.0 0.0 0.0 0.0 0.0008572436136117662 0.000491836298004984 0.002645835053448652 0.0 0.0 0.0 0.0007388396937695554 6.112329353465934e-05 1.816950530715837e-05 0.0 2.0195400870779787e-05 0.0 1.1142576358050139e-05 1.7462303285140528e-05 1.0082271070018422e-05 0.0 0.0016182016797798165 1.7435560737727374e-05 1.3084207852017475e-05 2.2373751811534327e-05 4.1925989310703836e-05 0.0 0.0 8.061089859090646e-06 0.0 3.097746395745262e-05 0.00017352247125150292 0.0005267602461026483 6.154852095014045e-05 0.00034427290749599584 1.6241240710048606e-05 0.00024179507675553172 5.0401988893223995e-06 0.0005153365335478038 3.3942171748141995e-05 3.9371119448081695e-05 5.5092763501278477e-05 1.3976797635706065e-05 5.039969736961223e-05 4.392905133938904e-05 0.0008681754407997514 0.0 0.0 0.000913624982735647 0.0007710301985105095 0.0014011632091831103 0.00012979278052107103 4.017742889367514e-05 3.987934845543757e-05 0.001511521160693222 2.1688896035263615e-05 0.0014102026945190262 3.420857255329013e-05 0.0 1.2724708064342836e-05 1.551119445413032e-05 0.0 9.355782219707106e-06 0.0 0.0 0.0 0.0 7.321058162591796e-05 3.846764298197101e-05 0.0 0.0006682924111455805 0.0 0.0 7.879420960123439e-06 7.391497565614162e-05 1.0695573632458616e-05 1.0755302059230562e-05 6.757647010155873e-05 0.0 0.0 0.00017130718456832196 0.0001641027053351591 0.00021707570980066367 5.930840488887753e-05 0.00020713379455186568 9.46553501542972e-05 0.00011878524259901823 0.00024270447363939487 0.00016047845454493764 1.9813085055564945e-05 0.0 0.0 0.0 0.0 0.0 0.0 0.0 0.0 0.0 0.0 0.0 0.0 0.0 0.0 0.0 0.0 0.0 0.0 0.0 3.647730542597294e-05 0.0 0.0 0.0 0.0 1.223983197800496e-05 8.702426625716666e-06 1.1627966967304238e-05 6.998466300036583e-05 3.3443970101853806e-05 0.0 0.0 0.0 0.0 0.0 0.0 0.0 0.0 0.0 0.0 0.0 0.0 0.0 8.798034515355463e-06 0.0 0.0 0.0 0.0 0.0 0.0 0.0 0.0 3.631201615492759e-05 0.0 0.0 0.0 0.0 0.0 0.0 0.0 0.0 0.0 9.641509536579683e-05 0.0 0.0 7.940462441596521e-06 0.0 8.295586936480349e-05 0.0 0.0 0.0 0.0 0.0 0.0 0.0 0.0 0.0 0.0 0.0 0.0 0.0 0.0 0.0 3.2121283415009106e-05 3.980251335749259e-05 9.01998355570454e-06
0.03514684716907705 0.09788245119436141 0.00031615688298120405 0.11974001241439759 0.005432852052045084 0.02527389121108224 0.15277107704875773 4.184295951246883e-05 0.000947827252140055 0.0 0.00010457440463443187 0.2582874253784268 0.31754017690725633 0.01781315759969396 8.215246031114986e-05 6.541605548802171e-05 1.8973373929957357e-05 0.0 0.0 0.0 2.82167071176922e-05 0.0 0.0 0.0 0.0 1.012539664956932e-05 2.0612175131884907e-05 0.0 4.43026786230148e-05 9.277997831844859e-06 0.0016795407354356 2.360116422189764e-05 0.009717533519785175 1.530621348473582e-05 0.0 0.0 0.00857168000043747 1.763659476195357e-05 0.00018551946786571274 0.0 0.0 2.3238279670993402e-05 0.0 6.283386436128481e-06 1.9134763428540335e-05 0.0 0.001727327513766886 4.45829997532612e-05 0.0 9.553641083139325e-06 5.1389811130170164e-05 0.0 0.0 1.0551550011773012e-05 6.974013185073997e-05 0.00011531813090068051 0.0015106829736837005 0.0038961195155057292 0.00018979907836045185 0.0008055081437494214 6.648451630469714e-06 0.00019791138075710274 0.0 0.00024159392455638242 6.0531035348545916e-05 7.435977585405113e-05 1.4867480085862127e-05 1.4434216775610057e-05 1.9520501453359586e-05 0.0 0.01440800752730903 0.0003216628345309336 0.0 0.003030441214416556 0.0009778933880506004 0.0013589992306530917 6.229445419530937e-05 2.6571943188471824e-05 0.0 2.1305006499673636e-05 7.830485356678284e-06 7.381510520188968e-05 0.0003496893116330072 0.0 6.502425893154811e-05 7.395090666856338e-05 0.0 0.0 5.762917278743575e-05 7.45149108354077e-06 8.763900928924571e-06 0.0 9.196082379366215e-05 0.0 7.63761901900972e-06 0.012135798344250232 0.0016131446499608082 0.00021987138708704258 0.0006274787644533475 0.010358646355144571 0.00038024761789191386 0.003468919761530674 0.002575912873858348 0.010648183695245441 0.00025772895713482163 0.011410589484950039 0.012052126114550026 0.003805435003252134 0.010361121699606061 0.008235089788155741 0.002131898744899378 0.0051763495735928375 0.010575835515789311 0.004436032310553373 0.0018952212404835414 0.0 0.0 0.0 0.0 0.0 0.0 0.0 1.0638799092447674e-05 0.0 0.0 8.436380345337846e-06 0.0 0.0 0.0 0.0 0.0 0.0 0.0 0.0 0.0003017993096948159 0.00014734385651665605 0.0 0.0 0.0 0.00025411302089875764 1.5079832155295568e-05 0.00035208103493532966 0.00013413190011381533 0.0001089063364684788 0.0 0.0 0.0 0.0 0.0 0.0 0.0 9.923062701188996e-06 0.0 0.0 0.0 0.0 9.978674944631159e-06 0.0 0.0 0.0 8.06743191329713e-06 1.583860367122573e-05 7.473043660668539e-06 0.00023391155420157518 0.0 0.0 0.00010487354572907799 0.0 8.228083183348142e-06 0.0 0.0 0.0 0.0 0.0 0.0 0.0 0.0007625295130132915 0.00032270306467153465 1.0058177975202226e-05 1.4848269609267934e-05 4.688232193731495e-05 0.0006423810516740706 0.0 0.00012230209718628405 3.506719604344309e-05 8.535185280015626e-06 0.0 6.707867355696166e-06 1.00381106088364e-05 0.0 0.0 0.0 0.0 1.980637583235869e-05 7.3940882225395065e-06 1.0935212923847903e-05 1.6606309794922293e-05 0.0033385784893682612 0.0002861052067208172 0.00018792335248615045
0.0018717365539399657 0.02219833215325891 0.1828089513622497 0.00015614048168663226 0.02753146204355948 2.9298434650014693e-05 0.006433085089445048 0.2550629367759476 0.048676275316752476 0.00010457440463443187 0.0 0.0015512732041185352 0.05765351009097369 0.2599124247137018 0.001458562167007695 0.0005428058922391493 7.376066741293022e-05 0.0002103292843505103 0.0 0.00010399584938991615 0.00026967791053646644 0.0 0.00024311040012340237 0.00016108938388258463 4.604195185277402e-05 1.2564681711066261e-05 9.39912304296568e-05 2.6776660574292985e-05 8.122741181524919e-06 1.5097722768756837e-05 0.03983353495078697 0.024714141608943748 0.05954613960901231 0.0 0.00014111741337238345 2.449223037581636e-05 0.01436172077391463 0.002378453485921018 0.0011339215792444581 3.98220263229846e-05 0.00028595061835926953 8.257122263433587e-05 0.00045638364210979165 7.436780494039029e-05 0.0 8.267473705854168e-05 0.005115866704494945 9.029839101133e-05 0.00012120996831546237 0.0004376362891487066 0.0005709305347696295 2.8077931825278694e-05 9.806059800986568e-06 2.1199273013022855e-05 7.34211518314903e-05 7.19064989789222e-05 0.0011790269087536154 0.007263561181829557 0.0003656213172619738 0.0009648530031560754 0.0013400393306096344 0.008836923667862841 3.336299839528369e-05 0.002572965705560566 5.020548393508361e-05 0.0002488405192896095 0.0005011693016435257 0.0007934635809991883 0.0010345344341669259 0.0010618693414063572 0.007820550327185602 0.00010895294699246986 0.0 0.0038382893505172913 0.0028135946657307674 0.004995462825809993 0.0009661601709953025 0.0008620484445280108 0.005770578232203573 0.019209685208827553 0.002392013928014174 0.01567652624626375 0.00026729197537379336 6.784814792765577e-06 0.00013196682075187336 9.971889515620583e-05 0.0002017401996339627 0.0 4.1850854375438555e-05 0.0 0.00020877038009556423 3.586243011579072e-05 0.003998583321363035 0.0002990987831605132 8.32998741343716e-05 0.0010142661412528371 0.0 5.9300962300304855e-05 0.0008666946730258542 0.0011578081018634888 0.0 4.940862118859002e-05 5.668019362644854e-05 7.159102007957795e-06 5.540993672750369e-05 0.00020875554257744137 0.00011949442101151954 9.436132413718681e-06 0.00022127468755147215 7.853072037330689e-05 0.00015373068297055734 0.00024816854360732376 0.000571357672922859 0.00024048220685468592 0.0003780078646228017 1.8707638892174356e-05 0.0 0.0 0.0 0.0 0.0 0.0 0.0 0.0 1.0955154820542285e-05 1.862174371679154e-05 2.3083069796887226e-05 0.00015402778250830148 0.0 7.10766722373148e-05 0.0 9.137386645800882e-05 5.346620045548208e-05 2.446082016209894e-05 2.40324248805722e-05 7.897196511087566e-05 0.0 2.4654083820393736e-05 2.9601008166912926e-05 2.5644022020674964e-05 0.00010662963675797596 0.0002458104340190339 0.00017115992159305701 0.00018753577813001584 0.0 0.0 0.0 0.0 0.0 0.0 0.0 0.0 0.0 0.0 0.0 0.0 7.932131595834363e-05 2.7207941658262893e-05 0.0 0.0 0.0 0.0 2.2382030864583272e-05 0.0 0.0 8.36173697884734e-05 0.00022311591607455881 0.0 0.0 0.0 0.0 0.0 0.0 0.0 7.460416937609163e-06 0.0 8.429282603835017e-05 9.43937332451102e-05 0.0 9.880447754021875e-06 6.916126487731199e-05 0.00016270689220042534 1.2560664736313892e-05 0.0002842496206740485 0.0 1.0195644103447036e-05 0.0 0.0 8.702848748487261e-06 0.0 0.0 0.0 0.0 1.859120692760865e-05 1.596334629941652e-05 5.583362057423612e-05 0.0 0.00018045664796178908 8.751630530005754e-05 0.00016602367615656233
0.023653174222805315 0.030231081660220135 0.0009448127304582203 0.13382791979789133 0.0013809611958661187 0.010551999187360977 0.06825738602023859 0.00012785467384950137 0.0007699863151599401 0.2582874253784268 0.0015512732041185352 0.0 0.2052024541070974 0.01880883635452205 0.0005691387301118103 0.0001921241655956412 7.3222461366747384e-06 2.3860550883358914e-05 0.0 3.200355298523894e-05 1.6430156212016416e-05 0.0 0.0 0.0 0.0 0.0 0.0 0.0 0.0 0.0 0.000617195356259993 7.261984998747376e-05 0.017399635710889767 0.0 0.0 0.0 0.03974294123188911 0.0006082356886014601 0.0004939732434678461 0.0 3.0481068004536777e-05 9.157341721673933e-06 0.00012211927328549643 0.0 0.0 0.0 0.0017121654425640753 1.987068827898727e-05 5.737497463731018e-05 0.0001430063407959134 0.00010718252129676783 0.0 0.0 6.817040559347368e-06 2.3852019918333975e-05 2.8058034183390915e-05 0.0002749598744068443 0.0013778893214138885 6.601862893460394e-05 0.00030696432659139527 1.343897043012034e-05 0.0010813594704455298 0.0 0.00046491019283935594 4.588130982273758e-05 0.00011272320071175972 0.00011189255744465495 0.00027912683696613977 0.00018558007263491858 0.00015203956286090467 0.020029356867077495 0.00016329126379095046 0.0 0.0009207165110581514 0.0005779142418485088 0.0007872951072747042 0.00019404499684419287 1.1537771780933465e-05 0.0 0.000316288043528984 0.0 0.0002755272424253063 0.00013715675359088163 0.0 0.0 3.476195605286844e-05 8.656169702493492e-05 0.0 0.0 0.0 0.00012612245610033626 1.2304892379496633e-05 0.0008816118697395506 4.530807877187675e-05 0.00010789534659712247 0.019853149101212542 0.000335133842036812 0.0 0.0005878586314759436 0.002351381148771223 0.00026260235479492615 0.0011591318958931317 0.0013542024477895321 0.004973557660425437 0.0003009947898941485 0.0066972556731285625 0.005090771852040891 0.0028678644323201496 0.007574986294203353 0.004234616043945764 0.0014593643257414832 0.005065280869463533 0.007250342007516391 0.0038062541927917125 0.0021604924008427734 1.4180254489014141e-05 0.0 0.0 0.0 0.0 0.0 0.0 0.0 5.742772539413697e-05 0.0 7.991785859331516e-06 1.9472620670524344e-05 0.00011567014384497586 0.0 0.0 0.0 0.0 0.0 0.0 0.000661282661328812 0.00016959664535227265 0.0 1.554766868214513e-05 4.76518133290885e-05 0.00040969470978675953 0.00010245097925814243 0.0005758851545893305 0.0001936710223305462 0.0003192130119623018 0.0 0.0 0.0 0.0 2.1907342137460004e-05 0.0 0.0 1.104266943005651e-05 0.0 0.0 0.0 0.0 4.374576154734076e-05 0.0 0.0 0.0 0.0 1.6620897346335367e-05 4.258243787799028e-05 0.00014643075049642048 0.0 0.00012711671279163456 0.0004649631420133376 1.0469061970181361e-05 0.0 0.0 0.0 0.0 0.0 0.0 1.1008452197177995e-05 0.0 0.0007358814510711613 0.0001771366280552886 8.491835022215865e-06 8.006943860064758e-06 0.0 0.0010965268677872611 0.0 0.00017954570459127793 0.0 1.33763333440271e-05 0.0 0.0 0.0 0.0 0.0 9.27302670400966e-06 8.328201172727059e-06 0.0 1.7413921596252635e-05 1.4327904085941104e-05 0.0 0.00238363686613075 0.00039472229134181566 0.0002861107157147633
0.006246470469278485 0.179028103453685 0.017855576284088584 0.03971408840034563 0.08899095624899393 0.0025301867247917447 0.5223416066814727 0.003956769677985194 0.10831747790742893 0.31754017690725633 0.05765351009097369 0.2052024541070974 0.0 0.2762523439608648 0.0038424457600073217 0.0013109599334227482 5.398552380242945e-05 0.00015087324883105154 0.0 3.778616953734711e-05 0.00016373110890947112 2.0895145228411723e-05 8.101831709410767e-05 0.00014143946094944925 0.0 7.346284277720107e-06 2.0144566201183543e-05 5.438522397557079e-05 4.873161893838177e-05 9.79663595876486e-06 0.0026532565008679987 0.0009003765448100429 0.08189490566251292 0.0 2.033974837829167e-05 0.0 0.04190079083440435 0.002223192066150437 0.0018859878592778082 3.497728924279001e-05 0.00017580008912766346 9.885661456555191e-05 0.0004661742676822412 3.86058560924458e-05 0.0 0.00011952309472197648 0.013825828995396246 0.00012107493474263051 0.00024285189077700805 0.0003977927369960048 0.0005819526753189086 3.508558026820868e-05 6.381921465117695e-05 3.3114899141086627e-05 7.563055359802742e-05 0.0001280125905615581 0.001259586401739289 0.0045319270632527215 0.0007577670315153745 0.0024464820402698615 0.0002312378728274789 0.0037104303615809885 4.915957264447569e-05 0.004053055703478085 0.00012777855655479302 0.00031402464700786996 0.000558356828482234 0.0008778286318545329 0.0010923979789511336 0.0005821214378627967 0.03163484287408543 0.00012035111966074395 0.0 0.006238865632372196 0.004128013887477416 0.00939085671827995 0.0019371717800266241 0.0002333872266572668 0.00010807911103412934 0.0019515988202288177 0.00012717243834683428 0.0024291571296791658 0.00042601989019331937 6.249901595983262e-06 0.00011791455943091018 0.00012642117020904625 0.00028247888616733343 2.2700004081543066e-05 3.5064552912961355e-05 6.480275584348086e-06 0.00022948081646021734 7.206247528792057e-05 0.0027776654633792073 0.0002083051429307063 0.00012189193196717465 0.048605331998836925 0.00011660906160273646 0.0 0.001103667478094495 0.0013970421354540365 0.00047531707826522254 0.001691746896800535 0.002034445580583755 0.002109426383166105 0.0005744505265849979 0.013318788017077084 0.00748225603980749 0.0037787673383759494 0.008859185874704878 0.006004827134473698 0.0030876799226685647 0.008464702866184419 0.012675805398145387 0.006836006404610723 0.004724698398009444 3.94279397018489e-05 2.946234959047285e-05 0.0 0.0 0.0 0.0 3.3759227727165026e-05 0.0 0.0 0.0 1.776645781716224e-05 4.382595028425576e-05 0.000126669023387066 7.653393182819378e-06 2.4401366990497672e-05 5.884396868738735e-05 0.00015827014699065144 1.804115955960434e-05 0.00014219872169983472 0.0008963063106137315 0.00032874601571607166 0.0 1.2349169556652083e-05 6.430916204656055e-05 0.0010128898089867028 0.0005962449844371681 0.0015274047564269404 0.0007683563761046123 0.0007530106503723364 0.0 0.0 3.576787266991283e-05 0.0 1.2795314419838868e-05 1.3958033111393707e-05 0.0 3.725818391990469e-05 4.327185676250572e-05 0.0 1.5319771017683337e-05 5.725022471437104e-05 0.0001151051607229044 1.0771613116518017e-05 2.2289304886855203e-05 1.1985068241724794e-05 0.0 9.464057682995975e-06 8.621730174317237e-06 0.00014797686559857754 0.0 0.00018955357652298028 0.0012342063966000046 0.0 0.0 0.0 0.0 0.0 0.0 0.0 4.279744426318625e-05 1.648165713529435e-05 0.0015414331653797824 0.00034008108200277604 4.795072488232023e-05 3.1840877179365406e-05 2.374114752463619e-05 0.002434995943513533 7.496264498109939e-05 0.0008179870066368041 0.00011070570091716074 2.4906113971312756e-05 2.277186902428596e-05 0.0 7.147744571109519e-06 0.0 0.0 1.0020092580437466e-05 0.0 0.0 7.042036324287994e-05 4.142817331344454e-05 0.0 0.0053914885471619866 0.0006456187464550257 0.001092140406250426
