0.0 0.22784403159083244 0.1017445677376818 0.1106705113655605 0.0071640756797673845 0.0059902085238191785 0.08507441778030207 0.0016158195607382153 0.00011716132674898304 0.10626418429957221 0.012001897830901068 0.06795277154896451 0.033361010768069535 0.0036450091402253715 0.0006347464359775188 0.00012009156539291682 2.232169855525597e-05 0.0 0.0 0.0 0.0 0.0 0.0 0.0 0.0 0.0 0.0 0.0 0.0 6.172818809917041e-06 0.021407368902679632 0.0005165228149838442 0.0005099927477982386 0.0 0.0 1.824677861840197e-05 0.00037988311690439797 0.0 8.740177565255702e-05 1.2918349116368953e-05 0.0 5.6838610986574e-06 0.0 2.22872183832506e-05 6.660577052966043e-06 6.0437450981015286e-05 0.004866728158333608 0.00014977575280070745 1.828609065784007e-05 0.0 4.669547668423088e-05 4.309248819088008e-05 2.2163009490442172e-05 2.7969080368223608e-05 0.0012665484428875128 0.001868243291654732 0.01226300515191075 0.02590565634546736 0.004126447380250611 0.0067845220419078135 1.54027232140354e-05 8.831938235426859e-05 3.9688748944064125e-05 0.0032541837805048776 0.00042165055043832744 0.00022058737304503148 0.00018846148093109582 4.8021942502976455e-05 1.9562995454507815e-05 1.04901483748742e-05 0.003590107501971231 0.0005874925309328622 9.16234981367236e-05 0.009942808331632667 0.004238514131691699 0.0025830396304019664 4.750569911116229e-05 3.6004173434260466e-05 2.8895401660390478e-05 0.00017278610874207795 1.6525978643884828e-05 0.0001536655173390771 0.0011064105054617468 4.815209233672252e-05 0.00041367470839778086 0.0013958117290119294 2.0410206699679663e-05 6.210580580151883e-05 0.0003439811524548636 6.26093842769769e-05 8.92791964301167e-05 5.6938446917123615e-06 0.0 1.097591484397987e-05 2.8258756769869023e-05 0.004103791033155005 0.0025195846040391963 0.0 0.0004884139098442464 0.04973445621308014 0.0 0.0 0.00010556020464887156 1.2197492286209039e-05 0.0 0.00030630475422504833 0.00010460767236876273 0.00018876377512023365 0.0004840521628704883 0.000586628760459247 0.0 7.255040374335315e-05 0.0005851128095673942 7.78571207461118e-05 1.1223004136464236e-05 0.0 0.0 0.0 0.0 0.0 0.0 0.0 0.0 0.0 0.0 0.0 0.0 0.0 0.0 0.0 0.0 0.0 0.0 0.0 0.0 0.0 0.0 0.0 0.0 5.5113048679013165e-05 2.9020585193551704e-05 2.5259932108718704e-05 3.663345888230823e-05 0.0 0.0 0.0 0.0 0.0 0.0 0.0 0.0 2.1781614911863338e-05 0.0 0.0 0.0 0.0 7.816193014862142e-06 0.0 0.0 0.0 0.0 0.0 5.6432985218629536e-05 0.0 0.0 0.0 0.0 0.0 0.0 0.0 0.0 0.0 0.0 6.168863075785993e-06 0.0 0.0 6.699926988646155e-05 0.0 0.0 0.0 9.494655045112235e-06 1.8660225459902813e-05 0.0 0.0 0.0 0.0 0.0 0.0 0.0 0.0 0.0 6.546318917528876e-06 0.0 4.0111898923250875e-05 1.1776691024162606e-05 1.672040413533233e-05 0.0 0.00015438223532788156 7.973076657895186e-05 0.00022155669826639138
0.22784403159083244 0.0 0.17977425818722387 0.01587383960749356 0.0772182667519141 0.0011179511867257116 0.1753374911718932 0.006395827179554562 0.03722482671462655 0.02094396997653819 0.030317601752617333 0.0013604604336576094 0.014565572281141437 0.019042241813829384 0.004605256537774886 0.0004959093978952685 0.0001357115368300855 5.0988525999447923e-05 5.80320374314075e-06 3.528854713536367e-05 2.0403108011164802e-05 0.0 0.0 0.0 9.864540909703551e-06 1.7342919638004445e-05 0.0 2.8316790557249223e-05 7.414966455929816e-06 0.0 0.06402822442657814 0.0011331878154625021 0.0004580710637309743 0.0 0.0 5.767655059357402e-06 0.0007151237387138305 3.2502793998379355e-05 0.00011094519844486344 0.0 8.941373002078844e-06 1.3683591678552632e-05 9.604649177293693e-06 4.711638340676733e-05 9.239063628361244e-06 3.4297987270502845e-05 0.014931337132222021 0.0004376577766578609 7.32069910966462e-05 4.580089127351596e-05 7.45991819788022e-05 6.710926904057114e-06 0.0 3.1728106734655645e-05 0.0024283807104004238 0.003399023162253292 0.012687180524987142 0.02872038018676496 0.006170609597303613 0.014696135137182929 1.112216961482783e-05 6.710826388234757e-05 4.4815976055835104e-05 0.01362121736918462 0.0010843692205549144 0.0005570180546759625 0.0004311304039298298 4.828957959371908e-05 0.00012369907825718002 4.0906461433170134e-05 0.0008910708688054967 8.285732629903836e-05 0.0 0.01988464649011073 0.013425358014509323 0.010871963007220396 0.0006205548337788123 0.00035903331341101695 3.372010396063336e-05 0.0004895257029163678 7.169799171218457e-05 0.00014552240878052864 0.0026830168668054433 4.844321312214879e-05 0.0009967808196241494 0.0025954011288159364 8.814137895399737e-05 8.551111552732747e-05 0.001023578495861147 2.405144953715109e-05 0.00018792383176392325 2.705311815481242e-05 1.4376715876557468e-05 3.666479146430385e-05 2.668058225739503e-05 0.0007976180839131074 0.00017548982173017422 0.0 0.0003100444396011738 0.09429202235103415 0.0 1.0364274519750847e-05 8.445218481555397e-05 8.379632486923054e-06 0.0 0.001367096536923453 7.658657448301799e-05 0.0008541296008843966 0.000879876425919323 0.000913852862224253 0.0 0.0005824389658487067 0.0015986715011815894 0.0008332409914074086 0.00022249592475485864 0.0 0.0 0.0 0.0 0.0 0.0 0.0 0.0 0.0 0.0 0.0 0.0 0.0 0.0 0.0 0.0 0.0 0.0 0.0 7.907205958570013e-05 0.0 0.0 0.00010359677678553011 0.0 0.00029156010060569864 0.00017732618167841193 0.0 6.502954182117259e-06 9.654968587774455e-05 0.0 0.0 0.0 0.0 0.0 0.0 0.0 4.2594764124675534e-05 7.060067569985778e-05 0.0 0.0 0.0 1.9290176120272222e-05 0.0 0.0 0.0 7.201579322898089e-06 0.0 2.043804208820962e-05 0.0 0.00011143514431705147 0.0 0.00013147765934841564 0.0 0.0 0.0 0.0 0.0 0.0 0.0 0.0 0.0 0.0004088241396911238 0.0 0.0 2.4706642339642095e-05 0.0 9.910145888608603e-05 0.0 0.00012714929197180552 0.0 0.0 0.0 0.0 0.0 0.0 7.037386224891016e-06 2.3306799970578546e-05 7.802056673573906e-06 8.65396388507815e-05 1.670904878330282e-05 8.643799811653464e-06 0.0 0.0003618889949652281 0.00023630892340810127 0.000497331646562288
0.1017445677376818 0.17977425818722387 0.0 8.67799435184081e-05 0.06866614722172466 5.294033003075775e-05 0.0059494148104663 0.04040887542440457 0.02509945870031529 0.0009320810581634905 0.18912296837201065 0.0036829489953702425 0.05008172430786858 0.09317251984359072 0.0013230224363983707 0.0013009069575258465 0.00015305381482020014 2.647911872687199e-05 7.1742059517529665e-06 0.00020651513744154225 0.0005446933252743027 6.356771417992156e-05 3.184101126731984e-05 1.1841019605260128e-05 0.0011821178400011029 0.0 0.0 2.415380068107251e-05 0.00011103061487464058 0.0 0.375224408995918 0.02315912635090889 0.014360811164501368 6.043862031765735e-05 0.0006064051519317363 0.0020922722943940643 0.007985279123049121 0.0022649466436030835 0.0010534386299965025 0.0006728215942269667 0.00042187183822316074 0.00031011444218841556 0.0 0.00019253852050790852 0.0 0.00034081635500164936 0.003160351350596398 6.221551213859016e-05 1.583890316512061e-05 0.00013232094460472287 0.00016132840634125307 0.00015390297573237972 3.268361315510383e-05 0.0003214147175735873 0.0005075144622089353 0.0006933296323352815 0.006083668362975333 0.023682667460292208 0.001854018480604433 0.0036348506701135296 0.0005636743329584779 0.0029158283811912765 0.0005118389314104364 0.009450256497127978 0.000239714444666787 0.000122501186931967 0.00012523980888746767 0.0001357638765236091 0.001190672227859725 0.0008153221083812759 0.010296867838221547 0.00015246017733559119 0.0 0.005498996523505824 0.006091378542701788 0.003036567558979374 0.0004625010610253708 0.00033378850773602576 0.001408658025435487 0.014905590847623818 0.00047944778337228 0.008940630194014676 0.0006115674626194882 1.758481432532668e-05 0.00021918104311747215 0.0005413494535912266 7.852717691055844e-05 1.4923765320521494e-05 0.00020730639475017 0.0 0.00029588868044849747 0.00017084753903650983 0.00040411124096238565 0.00016792383430733117 0.000471029565093982 0.0022564493975601517 0.0005577709297744541 0.0 0.0007913112789026813 0.0677645865641916 1.6574444113033395e-05 1.8029811236939918e-05 1.705966126046579e-05 0.0 6.420146759876619e-05 0.0006646959963590847 0.0 0.00042776749836666506 0.0006254761023481122 0.0004919865118095945 7.313553485437173e-05 0.0004866322224682841 0.0016698998607207346 0.0008033929423488656 8.137322292996187e-05 0.0 0.0 0.0 0.0 0.0 0.0 0.0 0.0 0.0 0.0 0.0 0.0 0.0 0.0 0.0 0.0 3.1074650360379396e-05 2.8872566567035546e-05 0.0 0.0 0.0 0.0 0.0 1.6230604285361196e-05 0.0004202653751897217 0.0 0.00035297740663238475 4.218096033997771e-05 0.0 0.00010891065505775374 7.113755844354243e-05 4.695944699485906e-05 0.0 0.0 0.0 0.0 0.0 0.0 0.0 0.0 0.0 0.0 5.6458369906248624e-05 0.0 0.0 0.0 0.00021827712194242665 1.7913928314612595e-05 7.430160492535518e-06 0.0 0.0 0.00044855630513508914 0.0 0.0 0.0 0.0 0.0 9.02282094975367e-06 0.0 0.0 0.0 0.0009185291688670699 0.0 0.0 2.969280658161211e-05 1.3680566546327999e-05 9.423546243001577e-05 0.0 0.0 0.0 0.0 1.3540377492015754e-05 0.0 0.0 0.0 0.0 2.0318796791870907e-05 0.0 6.280347561705493e-06 7.58311636971399e-05 3.402924612818341e-05 0.0 0.0004876927447449619 0.0008299112058463399 0.0006245307545155978
0.1106705113655605 0.01587383960749356 8.67799435184081e-05 0.0 0.003415787911172619 0.012343895856786477 0.038493247056874826 2.4427246983715792e-05 8.444316311488045e-05 0.09597523619918313 9.287734919301315e-05 0.12603476721146628 0.05023630878512584 0.0006929574893071619 0.0002090369492405605 1.724369097445229e-05 1.5823821542443826e-05 0.0 0.0 0.0 0.0 0.0 0.0 0.0 0.0 0.0 0.0 0.0 0.0 0.0 0.001213279581024826 7.378170093426113e-05 5.9248705359469535e-05 5.0701435504469816e-05 0.0 0.0 0.00017485194337685193 0.0 6.062135360159074e-05 0.0 0.0 0.0 0.0 5.956516640776632e-06 0.0 8.544650726346522e-06 0.002408758648572859 2.683077808289191e-05 0.0 1.1703582567544524e-05 6.825876520362894e-06 0.0 0.0 1.2420441942939982e-05 0.0003017000540960462 0.0006695317851450533 0.0035201936985552007 0.006624667979011536 0.0014989456427971914 0.002527789008706877 2.377502832156414e-05 0.0 0.0 0.0009715332209845322 0.00015429019227083057 8.545851701135588e-05 3.316942520786453e-05 2.323053465269885e-05 8.064777683012652e-06 2.3007241959648733e-05 0.0020287553059372366 0.0 7.0041905075717584e-06 0.003840765667446183 0.0014983692316848582 0.0009086858606693569 2.8283163726718022e-05 0.0 0.0 6.4272949723285465e-06 9.989893643211394e-06 2.7555953771214435e-05 0.0005082624772399366 1.2192490059523204e-05 0.00018222461708586755 0.0004576571676200599 0.0 8.410569109203408e-06 0.00010511514863302762 2.439860499627317e-05 4.2203715468785274e-05 0.0 0.0 1.2045139349443825e-05 6.619192502432923e-06 0.0011191936465038705 2.0179702517883603e-05 0.0 4.2340055022060805e-05 0.023890263934743482 0.0 0.0 6.329077725094935e-05 1.0590841509919593e-05 0.0 0.0004786090958842958 2.9980133493512893e-05 0.00018378690917128458 0.00038555586795289824 0.00032417649100391295 0.0 0.00011355171085575405 0.0006179266865153816 0.00010262739632296116 2.183454912441307e-05 0.0 0.0 0.0 0.0 0.0 0.0 0.0 0.0 0.0 0.0 0.0 0.0 0.0 0.0 0.0 0.0 0.0 0.0 0.0 0.0 0.0 0.0 0.0 0.0 1.3250609150455968e-05 0.0 0.0 0.0 2.478747529427623e-05 0.0 0.0 0.0 0.0 0.0 0.0 0.0 0.0 0.0 0.0 0.0 0.0 0.0 0.0 0.0 0.0 0.0 0.0 0.0 0.0 0.0 0.0 0.0 0.0 0.0 0.0 0.0 1.0915115905729555e-05 0.0 0.0 0.0 0.0 1.9830590438314873e-05 0.0 0.0 0.0 0.0 9.291168063868645e-06 0.0 0.0 0.0 0.0 0.0 0.0 0.0 0.0 0.0 0.0 0.0 7.561464597139349e-06 0.0 0.0 0.0 0.00010079029621978258 0.0 0.0
0.0071640756797673845 0.0772182667519141 0.06866614722172466 0.003415787911172619 0.0 0.0002910901872046857 0.14059372590998526 0.05597203841924027 0.25834892436669 0.031380153063627125 0.16861101581985782 0.0010698827442589826 0.04088276288610936 0.023396616464254564 0.00824235225736704 0.0011824904550904632 4.508583206619186e-05 2.0537341058755124e-05 7.86505637523678e-06 0.0 0.0 0.0 0.0 0.0 5.9995977531414664e-05 4.637024657687402e-05 0.0 4.440251569375862e-05 3.975710820191198e-05 0.0 0.005658747592065083 0.0014330263485916425 0.0004571078459467835 0.0 1.79065669406281e-05 1.246586566887098e-05 0.00022591169576878842 1.643390120594146e-05 0.00010116435801073686 0.0 0.0 4.333127314580438e-05 0.0 9.704194840399359e-05 0.0 7.052115230955026e-05 0.014658527866179655 0.00032133377027351347 5.810408432968646e-05 0.0 6.0585704092943336e-05 0.0 0.0 5.593910022330332e-05 0.0012513377103024023 0.0014999222907623195 0.0038200138603124594 0.005868696908977448 0.00284090470423813 0.011600994021629918 2.9506034894885164e-05 6.255481677888946e-06 7.27935199181092e-06 0.010567321614474117 0.0004700391253690933 0.0003295423249853119 0.0003108042237138192 4.8754461409081896e-05 2.2239981354974766e-05 0.0 0.001628343064234751 0.00027524041658716526 0.0 0.012323712069123239 0.008526626895839643 0.013458985687951836 0.0011961374991078437 0.0004276977437854108 0.00012382210236125993 0.0011696322057054326 1.9494871454676155e-05 0.00016801898207485197 0.0014962762616410703 1.0812211963415406e-05 0.0006079435334585816 0.0013904868592843117 5.2119799130653774e-05 3.2090576756657725e-05 0.0005177483624533844 0.0 0.00021096771834658678 5.901540705414123e-05 2.032622885915091e-05 4.018951243567328e-05 9.160364800016854e-05 0.002914961434154989 0.0003279366160136915 0.0 0.0003896047627131498 0.002232025462344864 5.9686779736353404e-05 0.00016717457345185991 0.0004979146336963117 7.639123384175048e-05 0.00038099157734777426 0.005429587582633638 0.00019990428983839635 0.005829872010857846 0.005464549080178464 0.0037297990300039752 0.0003290868616029422 0.00277098488802896 0.011648433972885845 0.004460529026428251 0.0011907472848244444 0.0 0.0 0.0 0.0 0.0 0.0 0.0 0.0 0.0 0.0 0.0 4.986767491425002e-05 0.0 0.0 0.0 0.0 0.0 0.0 0.0 0.0 0.0 0.0 0.0 0.0 0.0025189673835802483 8.506737023471665e-05 0.0009946744595748485 0.001341679559079314 7.367382991875782e-05 0.0 2.5850852343925567e-05 3.0362265136615366e-05 0.0 0.0 0.0 0.0 9.410439319712595e-05 0.0 1.3246213031861111e-05 0.0 5.1054939067007473e-05 0.0 1.780257903444953e-05 0.0 3.863922468991669e-05 0.0 0.0001285143972779265 0.00034031274291790325 9.168928925780356e-06 0.0 0.00028399339002520974 0.0004109493037707268 0.0 0.0 0.0 7.494207073055342e-06 5.508102886547269e-06 0.0 6.302671963603271e-06 0.0 0.0 0.0033604853592642966 0.0 0.0 6.936515777153614e-06 6.057259222498668e-06 0.0008074091489928375 0.0 0.0004326070671192809 0.0002649918909428918 0.00010684629802874644 0.0 0.0 0.0 0.0 0.0 0.0 4.342763197060072e-05 5.004103148582375e-05 6.1455563074921914e-06 0.0 0.0 0.0030712533117236993 0.002908791914365529 0.003464496721710099
0.0059902085238191785 0.0011179511867257116 5.294033003075775e-05 0.012343895856786477 0.0002910901872046857 0.0 0.004653182804048985 0.0 1.3917879690017984e-05 0.0235483468677472 0.0 0.007812472680133878 0.003681805472983806 8.696130929269073e-05 1.3096139277847181e-05 9.682600317805016e-06 9.212085058024903e-06 0.0 0.0 0.0 0.0 1.9301004942455967e-05 0.0 0.0 0.0 0.0 0.0 0.0 2.1752017985478146e-05 0.0 0.0001835721738437101 0.0005294930243927549 0.0 0.0 0.0 0.0 0.00029916686762989037 4.444061165399315e-05 0.00012374506521166208 0.0 0.0 0.0 0.0 0.0 0.0 4.3640357368030244e-05 0.0001814565761508279 1.282449082546229e-05 0.0 0.0 0.0 0.000383827130241572 2.208035164439836e-05 1.2142643560148223e-05 3.0379596969381343e-05 0.00019848120830391725 0.016548225407160545 0.003832822370976418 0.0011855146926392902 0.00017747476971431375 0.0 2.770886993653073e-05 0.0 2.0475747496959143e-05 0.0 0.0 0.0 8.037690948071164e-06 7.954143061847867e-06 0.0 0.004715823107950947 0.009306866595644829 0.001064989936887714 0.00038196608828934656 0.00010869280381694681 1.7133775647911724e-05 0.0 0.0 0.00010180172644520627 0.0 0.0 1.190263634518578e-05 1.8240430128684235e-05 0.00013562812376331646 8.792855273170374e-06 8.837392590162202e-05 1.1825565200997756e-05 0.0007956473418046452 0.0004154307773733166 0.0009311581718701417 0.0001503260827226247 0.00035053464345831793 0.0 8.430707813472917e-06 0.00016320947960574725 0.006453743951760798 0.013017413029002781 0.00016317362342544353 0.0021211211362138676 0.030524029272093082 0.0 0.0 0.0 0.0 0.0 1.7317162555101927e-05 6.694524514291069e-06 1.9106376642373824e-05 7.630610366187478e-06 0.00010199156846151073 0.0 0.0 5.787330664596028e-05 6.196969030349682e-05 1.1372007060887222e-05 0.0 0.0 0.0 0.0 0.0 0.0 0.0 0.0 0.0 0.0 0.0 0.0 0.0 0.0 6.861975684725996e-06 0.0 0.0 0.0 0.0 0.0 0.0 0.0 0.0 0.0 9.28314688579276e-06 0.0 2.0252858103365354e-05 3.029149149025979e-05 0.0 0.0 0.0 0.0 0.0 0.0 0.0 0.0 0.0 0.0 0.0 0.0 3.311954162348207e-05 0.0 1.4958552989047204e-05 1.9843490612687154e-05 0.0 0.0 0.0 0.0 0.0 0.0 0.0 0.0 0.0 0.0 0.0 0.0 0.0 0.0 0.0 0.0 0.0 8.35218803618026e-05 0.0 0.0 0.0 9.05464993002648e-06 0.0 0.0 2.6889257276664013e-05 3.682080152362948e-05 0.0 0.0 0.0 0.0 0.0 1.5636100711306723e-05 1.9093353623914265e-05 0.0 7.558334004424704e-06 6.967501073506284e-06 0.0 0.0 1.6331241406593212e-05 0.00017883708360101757 0.00014060929080052874
0.08507441778030207 0.1753374911718932 0.0059494148104663 0.038493247056874826 0.14059372590998526 0.004653182804048985 0.0 0.004935772209387056 0.13711969695414208 0.12878760258867059 0.04701059541982169 0.0104549410593573 0.24235152319794148 0.07734367842238377 0.005081719495690037 0.0008600975949486856 4.833847192675581e-05 0.0 0.0 0.0 0.0 9.603290166290466e-06 0.0 0.0 0.0 0.0 0.0 9.917023921328961e-05 1.66920422169566e-05 0.0 0.0038721105489163176 0.00039447378855076847 0.0007224280925678185 0.0 0.0 0.0 0.0003020451741290807 1.4918634068913807e-05 8.501503363161034e-05 4.015739295617522e-05 0.0 2.4598006445859536e-05 0.0 6.792380453113271e-05 2.119570424308338e-05 3.301812339928003e-05 0.012806124698791173 0.00024863812734769427 6.53184448458912e-05 1.477414701675566e-05 6.674299973681329e-05 0.0 4.732599752659027e-06 4.221461189384723e-05 0.0013273218620170608 0.0018264405419909204 0.005596986119012795 0.00766293789721312 0.0034553730936661624 0.009415764408087236 6.052224932733452e-06 0.00016371505178665945 0.0 0.006258326422070066 0.00042007940855669874 0.000243681944789062 0.00021137898064936582 1.7905519289166825e-05 7.546169349367404e-06 0.0 0.0016145743222886102 1.4933735393000812e-05 0.0 0.011065171935041416 0.006828165131204728 0.009397664703972866 0.0007407887530633529 0.0003437359475443217 3.0764059559724705e-05 0.0011362436560048376 1.6330591646358016e-05 0.00010030848316699495 0.0016930138630771733 3.512056750357217e-05 0.0005035055311798679 0.0013617752524661937 4.72200514547564e-05 1.700289261266364e-05 0.0004988673517877601 1.3082879069860624e-05 0.0001436945482524425 3.586958267086884e-05 1.7045113121073676e-05 4.015585122424973e-05 5.561943286706825e-05 0.0040046158523644685 0.00027131815476578384 0.0 0.0003772966968415175 0.00710292210029466 0.00010877484319323046 9.949085223721538e-05 0.001219832474418837 0.0004483095917146077 0.00041532732719974647 0.00707954211885636 0.0006480428764026856 0.005612492397860891 0.006455723434341961 0.005175246164733784 4.305058213242929e-05 0.004358899171222808 0.012340750571841731 0.004841614610406961 0.0010399801933737194 0.0 6.003683825621715e-05 0.0 0.0 0.0 0.0 0.0 0.0 0.0 0.0 0.0 0.0 0.0 0.0 0.0 0.0 0.0 0.0 0.0 3.0785275274419745e-05 0.0 0.0 0.00013944295340844972 0.0 0.0014758128070514861 0.00010820374219040575 0.0009057610843379829 0.0005849507990765982 7.093365580117333e-05 0.0 0.0 0.0 0.0 0.0 0.0 1.2897986356845923e-05 8.351048444804617e-06 9.076185502911017e-06 0.0 0.0 0.0 0.0 0.0 3.351331023288959e-05 8.753344442640107e-05 5.751747908962062e-06 0.0001723484310975136 0.00013137104149712342 0.0 0.0 0.0 0.0010277711162719968 0.0 0.0 5.4867097046393614e-05 2.4002410409293093e-05 0.0 8.376926053981437e-06 6.595250267083887e-06 0.0 0.0 0.0030320632441025947 5.3938876306499964e-05 0.0 6.207261510612767e-06 0.0 0.0005483771768538563 3.2421070230961414e-05 0.00011335064367124845 0.00018383083945306024 0.00018844381108393875 8.65023019742938e-06 0.0 0.0 0.0 8.27712489062633e-06 0.0 0.0 3.412211818967244e-05 1.3894971971856739e-05 0.0 0.0 0.0026357276552884585 0.0015387902623455007 0.002480940672643747
0.0016158195607382153 0.006395827179554562 0.04040887542440457 2.4427246983715792e-05 0.05597203841924027 0.0 0.004935772209387056 0.0 0.05006708495442385 0.00020984022904505024 0.3068195105196517 0.0034016197269972287 0.032509765717872466 0.08538500999907198 0.001396654253639281 0.0011626808327471578 5.4213294545380915e-05 0.0 0.0 0.0002877703589681246 0.0010419827320130729 0.00013815006497355873 8.858821775431535e-05 1.534220357224765e-05 0.00131292911962274 0.0 2.2502776148126308e-05 5.7185662530414715e-05 9.383309087147753e-05 0.0 0.03436695711059331 0.059211229128340155 0.05910859102603913 0.00012627019186952585 0.0009158198355688298 0.0030687867477008743 0.019898906047108922 0.005289449630689098 0.002665167662645341 0.0008998812386323549 0.0004493976542449643 0.0004795275624946183 0.00016921117698839546 0.00017655524231825653 0.0 0.0002965653659443331 0.0019513467217894417 8.271324718196253e-05 2.6919880221589445e-05 0.00020006280815765493 0.00031357483264717663 0.0003027710405256675 0.00011841515771756019 0.0007878947121062991 0.00016300675479866779 0.0002476152919372622 0.0013043968784670213 0.005251368705334685 0.0004266860945266617 0.0017751494003989366 0.000833686091848001 0.011101242035961419 0.001509338109648669 0.017650979771269372 4.667073480340809e-05 0.0002913484139747807 0.00020227731774631705 0.00045130021170415553 0.0025342471684492835 0.0011832879438392538 0.02390648787570286 0.00041839334487251984 0.0 0.0022660831940081146 0.0035881882705518543 0.002315265237054777 0.002053924834841579 0.007041207357442216 0.029765562479562736 0.25646120401365535 0.004472257046470514 0.08259317192238382 0.000365436140390755 0.0 0.00017497220696568772 0.0005746342193531842 0.00010994224252995071 5.404949393036965e-06 0.00025101866303811854 0.0 0.00048163551758554263 0.0002986472556832302 0.0015835248144043948 0.0002448212197832357 0.000674114176710546 0.004944991752780908 0.001151210630767302 0.0 0.002446351315422924 0.0043853625952654735 5.376123680286462e-05 1.7479378558647797e-05 0.00023981553801087144 0.0 6.995282534254536e-05 0.0010564550711951116 6.483602452610615e-05 0.001090773803664277 0.0010375831042493838 0.0007095078258475214 3.30010303012497e-05 0.0005584797780156299 0.0025393718189256394 0.0011361260945996197 0.00020986057751139323 2.3053650756090878e-05 1.5284051190103956e-05 0.0 0.0 0.0 0.0 0.0 0.0 0.0 0.0 0.00010388194195053664 0.0 0.0 0.0 0.0 3.820183793087978e-05 1.0641669603086275e-05 1.0959290330471115e-05 0.0 0.0001118172466011897 0.0 0.0 0.0 7.439028599469694e-05 0.0012627370026575423 0.0 0.00041298175996725935 0.0005511653683300825 3.4482590256896616e-05 0.0 1.9129988975677156e-05 1.3445242086164047e-05 0.0 0.0 0.0 0.0 4.318437865857741e-05 0.0 0.0 0.0 8.118572576777615e-05 0.0 6.803704012474912e-05 0.0 0.0 6.9487499665999274e-06 5.7054227083076084e-05 6.569911626682421e-05 0.0 0.0 1.2889622142450858e-05 0.0002481343309978172 0.0 0.0 0.0 0.0 0.0 0.0 0.0 0.0 1.6597969914652615e-05 0.001451645877505162 4.8568565469354473e-05 0.0 0.0 0.00016282946219437324 7.061166213332334e-05 0.0 7.490428883397594e-05 9.505883612772429e-05 7.548473409977877e-05 0.0 0.0 0.0 0.0 0.0 0.0 0.0 2.1096777667821316e-05 8.039285448871874e-05 0.0 0.0 0.0009218397057640492 0.001599192313755367 0.0012754268803140878
0.00011716132674898304 0.03722482671462655 0.02509945870031529 8.444316311488045e-05 0.25834892436669 1.3917879690017984e-05 0.13711969695414208 0.05006708495442385 0.0 0.0044657002711260855 0.13302886375366105 0.00013113568613278657 0.10625370254322547 0.06228301124213896 0.0017779530555506768 0.000523134707148034 5.6263369210883044e-05 6.315115528820983e-06 0.0 0.0 1.8015660216169555e-05 0.0 0.0 0.0 0.0 0.0 0.0 0.0 0.0 0.0 0.00023793178921760857 0.0005429340511497355 0.002206443392477589 0.0 0.0 0.0 0.00026915369757554865 1.1549410920204216e-05 0.0 0.0 0.0 0.0 0.0 1.582036066138132e-05 0.0 4.47863273649603e-06 0.0019515716323159427 1.2194816757440325e-05 0.0 0.0 0.0 0.0 5.62036886173895e-05 2.658121993329509e-05 3.4281279315727265e-05 6.626850865518973e-05 0.0003100228738967207 0.00020728364850631216 0.00022669946708671316 0.0010062454756023264 0.0 0.0003764811658502864 8.589161233968356e-06 0.0005426178269046634 1.694213191832728e-05 6.721254306035572e-06 2.0456399166911522e-05 0.0 0.0 0.0 0.000979961398905151 1.2564611454721586e-05 0.0 0.0011677841493003573 0.00041340053584707447 0.0016832167415521593 0.0002777671997086964 0.00022465830518467506 6.693314152359485e-05 0.011588856031465608 1.3296443129282196e-05 0.00034291383666837827 0.00014388125426780202 0.0 4.394958259054497e-05 7.743240624317202e-05 6.227299776320355e-06 0.0 4.4157867058328934e-05 8.670266145324005e-06 1.3294979430393273e-05 0.0 0.0 0.0 0.0 0.001784738094524367 0.00018219841150615587 0.0 5.510883875806004e-05 0.00027855365064583405 6.596504976503577e-06 0.0 0.00017021472974014726 9.141800470205454e-06 2.9407307651538293e-05 0.0024430887866133347 0.00016328464975699984 0.002596637659242222 0.002130444520332775 0.0019473313827801232 0.00012282649352715177 0.0010104845971358352 0.004687187761428781 0.0014849990083194997 0.00024789218135106865 0.0 6.920299585029283e-06 0.0 0.0 0.0 0.0 0.0 0.0 0.0 0.0 0.0 0.0 0.0 0.0 0.0 0.0 0.0 0.0 0.0 9.82289815480586e-05 0.0 0.0 0.0 0.0 0.0007620750397550153 1.2373566493487062e-05 0.0005160069130831406 0.000308960209960861 0.0 0.0 0.0 0.0 0.0 0.0 0.0 0.0 3.198907315967806e-05 0.0 0.0 0.0 0.0 4.5412894018397295e-05 0.0 0.0 0.0 0.0 0.0 1.6734418018835458e-05 0.0 0.0 0.0 0.00023584836624543349 0.0 0.0 0.0 6.061999922621344e-06 0.0 0.0 0.0 0.0 0.0 0.0013303805067267846 0.00013349983372662474 0.0 0.0 0.0 0.00019625417788960513 0.0 8.850490010418018e-06 0.0 0.0 0.0 0.0 0.0 0.0 0.0 0.0 0.0 6.4519140090640614e-06 0.0 0.0 0.0 0.0011011883113718663 0.0007631569577631955 0.0010950753840764228
0.10626418429957221 0.02094396997653819 0.0009320810581634905 0.09597523619918313 0.031380153063627125 0.0235483468677472 0.12878760258867059 0.00020984022904505024 0.0044657002711260855 0.0 0.0011894517544690732 0.2433230510222848 0.3540015561002238 0.007912203968381458 0.00046952926755200437 0.000114909659528036 1.7044120710821464e-05 0.0 0.0 0.0 0.0 0.0 0.0 5.6825067232801106e-06 6.284918675179389e-06 1.5128209172218464e-05 0.0 0.0 8.370544342277831e-06 0.0 0.0011995935622097942 0.00023498465024042285 0.0005202729212470713 0.0 0.0 0.0 0.004486608398133468 7.457937935741292e-06 0.0 0.0 0.0 0.0 6.842568636749867e-06 1.5367503273391268e-05 6.858562318829322e-06 3.833611733472945e-05 0.003291675011747144 4.25003723504842e-05 0.0 0.0 3.265800673004419e-05 0.0 0.0 7.28206615079576e-06 0.0005680602462228389 0.0007908083015133857 0.00919385567304761 0.015555226945394457 0.002374567290742713 0.0037852667813274344 0.0 2.3731312823790123e-05 0.0 0.0009104611234540757 0.00024145243586008342 9.53963935233483e-05 5.6413816519086885e-05 1.525543778902127e-05 0.0 6.858974889537521e-06 0.031020588466922253 9.840703130458918e-05 0.0 0.004405300132298219 0.0014334569959231747 0.001016599605827323 0.00011384662165168421 3.323891053651238e-05 9.400987973775385e-05 0.00015002857829398398 9.31869904629555e-06 2.1218727851892993e-05 0.0005019450898681054 6.2756547630508095e-06 0.00013237790022277107 0.00046316848299538 5.117333527119579e-06 2.3618109679555287e-05 0.00019263225286431058 6.134407240816785e-06 4.313985269886912e-05 0.0 5.913240368559938e-06 0.0 0.0 0.00924803773351805 0.0047411996480711495 0.0 0.0007831435130634832 0.058487801999665474 0.00013754415853230894 0.0011581171038253762 0.0143099643580854 0.0038365750055872902 0.0008725492837145417 0.015907320796315436 0.005943803512751907 0.006493780644606693 0.02275027980762392 0.011901003906422417 5.3099461797848355e-05 0.005652561848357456 0.025871400183518158 0.005334517814154748 0.00026718026448623126 0.0 0.0 0.0 0.0 0.0 0.0 0.0 0.0 0.0 0.0 0.0 0.0 0.0 0.0 0.0 0.0 0.0 0.0 0.0 3.4916248427473284e-05 0.0 0.0 0.0 0.0 0.000716484564178307 5.332075576351624e-05 0.00021392809358102504 0.0003388346233693043 0.0 0.0 0.0 0.0 0.0 0.0 0.0 0.0 3.566758140773736e-05 0.00019307540402419747 3.392654847122337e-05 0.0 0.0 0.0 0.0 2.536520176546826e-05 3.8848258970195614e-05 0.0 7.604823615278982e-05 0.00026807138631176853 8.15155351009523e-06 0.0 6.564483926796204e-05 0.0002830376645714361 0.0 7.965640959374868e-06 6.098140459945917e-05 0.0 0.0 0.0 0.0 0.0 0.0 0.0017230447454719092 0.0 0.0 9.114388468844208e-06 2.748774439860514e-05 0.00028469880944840235 0.0 3.703227877877606e-05 0.00015324947454705275 0.00015041282532772142 0.0 0.0 0.0 0.0 0.0 0.0 6.930555907410075e-06 1.4177979252990589e-05 0.0 0.0 0.0 0.005097947837789942 0.0005778210773639199 0.0006398241039987227
0.012001897830901068 0.030317601752617333 0.18912296837201065 9.287734919301315e-05 0.16861101581985782 0.0 0.04701059541982169 0.3068195105196517 0.13302886375366105 0.0011894517544690732 0.0 0.001979101105460307 0.08746806601046243 0.15585977330939324 0.0028064663509869254 0.0009459695321466931 8.080126433633929e-05 1.2218600995205412e-05 0.0 0.0 0.0 0.0 0.0 0.0 0.00019192594880916875 0.0 0.0 5.6432460620294565e-06 2.1417455590510174e-05 0.0 0.009408655960034576 0.00874437018759806 0.03755712567831385 0.0 6.362160024099657e-05 0.00016727976662078155 0.02185955878332689 0.001198336764054317 0.0006406440936894989 0.0001783823364228548 0.0 0.00011426207726442345 0.0 7.25745043625883e-05 5.7530099581228195e-06 0.0001003528113399967 0.003441547040317683 0.00010217126038852875 0.0 1.583658689736184e-05 7.286547410386954e-05 4.96743677675593e-05 0.0 4.426618618433928e-05 0.0001921314229287297 0.0002969703921713233 0.0008160598369583279 0.002119776058743296 0.000539222222795061 0.002613840537779643 0.0001243923666336034 0.01157840224378166 0.0001113810998720904 0.002476080479991347 7.924830260702261e-05 6.267035511968897e-05 5.189442581416327e-05 0.000135711442186056 2.3968817573352082e-05 4.945243794853402e-05 0.011770318836738784 0.0 0.0 0.0027330521667261005 0.001959109201420295 0.003965192511933979 0.0005352934054260034 0.0003275246042847197 0.001980834266331379 0.05040685735835263 0.00011667441141724982 0.0217278783103219 0.0003663786689900965 6.085071819201116e-06 0.00014662376783127498 0.0002564102170174125 5.722233651239372e-06 1.304004936294232e-05 0.00011699114751268542 0.0 0.00015871532949773655 3.71609529382662e-05 3.3254767467626767e-05 5.1432523161067884e-05 0.00012158025378234502 0.0008467823315644102 9.313820590822175e-05 0.0 0.00038641995558058795 0.005578658172129485 0.0 2.950675341690506e-05 0.00010036931339572037 1.273059853996544e-05 0.0 0.0011004648431390965 5.0532590555837146e-05 0.0009092125334469197 0.0008189852139895628 0.0007430044655969449 1.2837666046973379e-05 0.0008871658426276428 0.002954054941687871 0.0006409191570529889 0.00010910386949192577 0.0 0.0 0.0 0.0 0.0 0.0 0.0 0.0 0.0 0.0 0.0 0.0 0.0 0.0 0.0 0.0 0.00011619803363587081 0.0 0.0 1.607750501282047e-05 0.0 0.0 0.0 0.0 0.0006237188261783225 7.056947484689915e-05 0.00014776404798367217 0.00020698239926452048 0.0 0.0 0.0 0.0 0.0 0.0 3.256452431114041e-05 0.0 6.90314915975822e-05 0.0 0.0 0.0 0.0 0.0 0.0 0.0 0.0 0.0 5.9429849396311583e-05 0.0 0.0 0.0 0.0 0.0002884292961974645 4.2555679617210404e-05 0.0 0.0 0.0 0.0 0.0 0.0 0.0 0.0 0.0007229417863653684 3.1584466456834924e-05 0.0 0.0 5.251070176432712e-06 3.84149670140678e-05 0.0 8.085736274989166e-05 5.658605976783196e-05 0.0 3.454511017127524e-05 0.0 0.0 0.0 0.0 0.0 0.0 0.0 5.426491146756084e-06 0.0 0.0 0.00043354859674123343 0.0004486508664959293 0.0003127771534514205
0.06795277154896451 0.0013604604336576094 0.0036829489953702425 0.12603476721146628 0.0010698827442589826 0.007812472680133878 0.0104549410593573 0.0034016197269972287 0.00013113568613278657 0.2433230510222848 0.001979101105460307 0.0 0.04839533452131206 0.005878627053651684 0.0032450461764350494 0.002359182970963639 9.278343952391902e-05 7.284436500857097e-06 0.0 8.298036971822636e-06 0.0 0.0 0.0 0.0 6.435391324805006e-05 0.0 9.210060834700028e-06 2.175058712227293e-05 1.2019159756496433e-05 0.0 0.0003701342885577686 2.8242615906666134e-05 0.0011218765853206417 0.0 8.270129731090683e-05 0.00013352563484797365 0.003127135970110828 0.00012557557731778302 0.00019354096650396838 8.456992353346388e-05 3.765312816022677e-05 0.0 0.0 0.0002269042918323411 7.194170820049921e-06 0.00016910523362067675 0.00332384495119241 6.523757905557336e-05 6.3770053843746276e-06 1.4771899124479432e-05 8.589725157863329e-05 5.45329904879759e-05 0.0 0.0 0.00023049596630799366 0.0003260841777832011 0.0015956902548139842 0.002716569226392301 0.0006164218116790956 0.0019029909775204526 0.00018890133963766242 0.0001892396383471339 7.63445932640116e-05 0.0009103755243033763 4.24005522583232e-05 8.151962449563113e-05 4.691809450740532e-05 4.9014893964517486e-05 1.1385947933281876e-05 0.0 0.013870127658766574 8.047308094895975e-05 0.0 0.0024881824440024063 0.0013150762731802673 0.002950922259851133 0.0006691828094301473 0.000632468225548771 2.4649287285159187e-05 0.0005168667842227405 0.00022846855405878034 0.0001509181267108186 0.0002781145004174311 1.1916864626388394e-05 0.0001616362822103186 0.0002674380416006105 5.953921694638749e-05 1.640688246018035e-05 9.046385342958799e-05 4.692460253991565e-06 3.544150193089609e-05 1.2021058045316743e-05 5.3473502728485897e-05 5.90452991153776e-05 2.780907285413352e-05 0.01695563606144918 0.0019012693585853534 0.0 0.00035679968495579096 0.009676977023863312 0.00022986967354278898 0.00010774675098298834 0.0008871267967503941 0.00022417842982352818 0.0005942804018876964 0.00900756044406659 0.0011795903097711914 0.00727961399816136 0.008434455312969163 0.008794248453372362 9.70339766725943e-05 0.005132153422356081 0.016718579043045526 0.005982980897300456 0.0006795401212397441 0.0 7.4762787897524184e-06 0.0 0.0 0.0 0.0 0.0 0.0 0.0 0.0 0.0 0.0 0.0 0.0 0.0 0.0 0.0 0.0 0.0 0.00018400091747819156 0.0 0.0 9.289335137374016e-05 0.0 0.001426738923201739 8.940010437095738e-05 0.0007354673233564813 0.0004007100822140067 5.558064813008025e-05 0.0 0.0 0.0 0.0 0.0 0.0 0.0 9.887021223153609e-05 9.127305176948995e-05 0.0 0.0 1.1825304060736758e-05 0.0 1.0562007144000677e-05 0.0 8.287956030623044e-06 0.0 6.731542846016612e-05 0.00032606373274131773 9.859691272371408e-06 5.827633260035965e-05 5.5174289160633755e-05 0.0006503237241162884 0.0 0.0 9.180952580548798e-05 0.0 0.0 0.0 0.0 0.0 3.4520273260120784e-05 0.0031386817837853074 9.95568712765705e-05 0.0 0.0 0.0 0.000659351287311373 0.0 0.00028870531604510593 0.0001917425603567699 0.00016391736479563505 0.0 0.0 0.0 0.0 0.0 0.0 0.0 5.529350278019526e-06 0.0 0.0 0.0 0.004657572513890987 0.0013381618498784732 0.001736036398127488
0.033361010768069535 0.014565572281141437 0.05008172430786858 0.05023630878512584 0.04088276288610936 0.003681805472983806 0.24235152319794148 0.032509765717872466 0.10625370254322547 0.3540015561002238 0.08746806601046243 0.04839533452131206 0.0 0.34352475731902066 0.019581339073283507 0.01249500569251195 0.0005398860413385103 7.747762677416622e-06 3.954671182021254e-05 4.531867144455259e-05 0.0002172082841254261 0.0001340225206384883 0.0 0.0 0.0007898663257124372 7.226070841290182e-05 0.0 0.00011289118592453156 0.00012151225880743518 1.3369124335709948e-05 0.0014301531524837437 0.0008726664634532243 0.018145480283075676 1.4957764932638287e-05 0.00031319989472292065 0.0008679150314702047 0.025543972279163038 0.0009115418439255555 0.000737647920637315 0.0007395331767816113 0.00017651101458381668 0.00017614271139917997 0.0 0.0011221668809646517 2.3345263690470566e-05 0.0009432777029719829 0.017501380528038474 0.0002776080034291449 3.174843974891225e-05 1.823458924000636e-05 0.0001643288001617823 0.00033230282864043354 1.4480144030904415e-05 0.0003500720458476345 0.0007298054138781359 0.0008363498264254311 0.0027262730756467866 0.003008883805636763 0.0015456222405085002 0.009380722508314687 0.001404840708390737 0.0028648532498329674 0.00015605682892828906 0.0062236050422226205 0.0001938045516713418 0.0001880588374158361 0.00019193983598556294 0.00022342398826977268 0.00041792529190271547 0.00018116125819241986 0.024160988956148974 0.00033429271047577633 0.0 0.010674595721286116 0.007048551193308589 0.02193258461107159 0.004234217663216053 0.004045619613654499 0.00024373642343765236 0.008576691439992809 0.0007803810454481735 0.000944935972601963 0.0011222519338840954 0.0 0.000536360408307738 0.0007379707000437611 0.0002556606621859966 3.269918808564051e-05 0.00046916507925798907 5.148844967015855e-06 0.00039234149874149937 0.00013935302110640774 0.000498674911116817 0.00018703247313516118 0.0001782863986674142 0.029820745173885794 0.0016667440749243377 0.0 0.001457155413959029 0.007536835710085023 0.00027576920784578066 0.00024184154836954158 0.002107364375429257 0.000555144454040475 0.0013828399075641 0.021188433652810885 0.0028412925284298806 0.017436924715233726 0.02456562122099242 0.017811616767821607 0.0003266267171494327 0.01212096893084731 0.044914675013751425 0.014198540712824781 0.0026265577683333183 4.321134563984892e-05 0.0 0.0 0.0 0.0 0.0 0.0 0.0 0.0 0.0 1.1319456060081436e-05 0.0 5.742766074671619e-05 0.0 0.0 2.067425967897035e-05 0.0 0.0 0.0 0.00017923340025948064 0.0001611586018180519 0.0 8.124671515299194e-06 0.0 0.004782178082618886 0.00021244979247041028 0.001537690655561358 0.0020351860849687578 0.00010939414697973406 0.0 0.0 1.870689385139731e-05 0.0 0.0 0.0 0.0 0.0001659578792552509 4.401026950116853e-05 0.0 0.0 5.215525046629248e-05 2.4209313846850646e-05 3.772850034750969e-05 1.7324650636195314e-05 0.000109161081614609 0.0 0.0005932791526557323 0.0006848856963769016 6.3085592085405e-06 0.0 8.834095037653464e-05 0.0019098217608508677 0.0 7.325212780007144e-05 1.7016155911067484e-05 0.0 0.0 0.0 0.0 1.486189555268023e-05 1.1942607802413106e-05 0.009139947719842816 7.255788255319465e-05 6.937729229502484e-05 1.8061852683401407e-05 2.018871649251387e-05 0.001735269560137379 0.0 0.0006671441554017399 0.0004298453079821352 0.0007221012732133703 0.00017142299675510894 0.0 0.0 5.685959105695069e-05 0.0 0.0 5.859078101439639e-06 8.139435983901604e-06 0.00010678083835492082 0.0 0.0 0.011999205366645602 0.004132194702295711 0.0056053325264234346
