0.0 0.13423410461681407 0.06488716229940855 0.1088929622511695 0.0024767988516917945 0.002515253096969412 0.03963393576461165 0.0006945956011848795 0.0003229617827069767 0.12298409031669012 0.005740484113049054 0.02420601822654928 0.025945221352498802 0.00472030680609293 0.00010052827568154003 0.00010561900491757021 0.0 0.0 0.0 0.0 0.0 1.4111162931226878e-05 0.0 5.267819959822594e-05 2.113921184252521e-05 0.0 2.1536029877579227e-05 0.0 1.076581773856147e-05 0.0 0.06966455343995624 0.0003866779180775205 0.0004887273750882072 0.0 3.931742854200205e-05 2.3959666758683085e-05 4.336763414571945e-05 0.0 2.0416809383049812e-05 1.0840533212338835e-05 0.0 9.229421923692745e-06 0.0 2.7335148199785077e-05 0.0 1.9429536450764625e-05 0.0013841262203147199 0.0001711618823658165 2.2095095268962123e-05 0.0 2.1501291833842824e-05 2.6780332032467985e-05 0.0 0.0 0.00012993881696995904 0.000118117844781708 0.010409140724823317 0.053744443832991234 0.005545875721282206 0.0010550509229240897 6.8435984555766685e-06 3.983194196565217e-05 1.9628633722893846e-05 0.0013883365507366815 0.00017841718684342997 9.116179954199837e-05 0.00010789810655454031 0.0 9.144284562749103e-06 1.2961485615088421e-05 0.0002823751735697611 0.0 8.383847666638388e-06 0.014516935300572955 0.0014743806549725354 0.0006214589615403815 0.0001813844464958667 3.86367100758516e-05 1.5440360038820973e-05 0.0011047072362532038 0.0 2.2178818789629515e-05 0.001193959084536044 0.0 9.670403268542749e-05 0.0001447798924242243 2.7727888852215084e-05 7.223807126446544e-06 3.36269791922447e-05 0.0 2.7047670503915926e-05 0.0 0.0 0.0 0.0 0.0008848201100805155 0.0001380414769300545 0.0 0.0 0.05853034308864047 0.0 0.0 0.0 5.35996353337074e-05 0.0 0.0 0.0 1.984802783952538e-05 0.0 9.874142570571438e-06 0.0 8.739436910421204e-05 0.0 1.0527275744860853e-05 0.0 0.0 0.0 0.0 0.0 0.0 0.0 0.0 0.0 0.0 0.0 0.0 0.0 0.0 0.0 0.0 0.0 0.0 0.0 0.0 0.0 0.0 0.0 0.0 0.0 0.0 0.0 4.280586965858705e-05 0.0 0.0 0.0 0.0 0.0 0.0 0.0 0.0 0.0 0.0 0.0 0.0 0.0 0.0 1.7642433453229864e-05 0.0 0.0 0.0 0.0 0.0 0.0 0.0 0.0 0.0 0.0 0.0 0.0 0.0 0.0 0.0 0.0 0.0 0.0 0.0 0.0 0.0 0.0 0.0 0.0 4.6207931415393936e-05 0.0 0.0 0.0 0.0 0.0 0.0 0.0 0.0 0.0 0.0 0.0 0.0 0.0 0.0 0.0 2.5252957893293285e-05 2.1037354309295284e-05 4.982084617661865e-05
0.13423410461681407 0.0 0.09565680577919539 0.05723128754234629 0.11172234158017277 0.0030631512774484397 0.18505732618741155 0.0022779737473710916 0.13924620150701547 0.07341667372611213 0.13768902040908562 0.0014980155763670785 0.05450387970411386 0.11910821192536236 0.0017141197210440548 0.000554446677404287 4.348083499177767e-05 3.369897186800473e-05 0.0 2.6940536253309627e-05 0.0 0.0 3.720923921792397e-05 1.322662629375152e-05 1.1391236443630164e-05 0.0 3.029450433101276e-05 0.0 1.6837548286808145e-05 1.0886038011238504e-05 0.12478145648567282 0.0021767100886830974 0.0017235716296377748 2.876455968089155e-05 7.584856424647429e-05 7.255501680481828e-05 0.00047212300023143544 6.955888245715043e-05 0.0002121092026883824 0.0 0.0 1.0852568038831174e-05 0.0 0.00012055031786826015 5.2579370622268416e-05 0.0 0.01683792351918789 0.0003890509915032125 2.09252295461967e-05 1.1729797267133537e-05 7.507466564734767e-05 0.0 0.0 0.0 0.00033571200941631067 0.00026515180332250344 0.010059941083887771 0.025102795893728998 0.010465537712176447 0.006710844624546132 3.52701294288777e-05 0.00034849616236670776 1.7428750398032754e-05 0.003789536212112102 0.0005255409357576033 0.0003123271996849544 0.00015308677645698126 5.558832671172066e-05 1.8669694481576525e-05 0.0 0.0012455650824209979 1.947142843148981e-05 8.201035037624e-06 0.027165024080329923 0.007307699330821095 0.007397758238360874 0.004257052313945447 0.0005266980431421507 0.00016141009504969724 0.0033580331191488473 2.7275524552493834e-05 0.00031544828587051543 0.004153357412911157 0.0 0.00024439513126888954 0.00041509675233189947 0.00021008056410071963 9.734379185509198e-06 0.00015412617126878847 0.0 3.478250859831119e-05 2.7493981836989253e-05 0.00014198760943105631 0.0 1.0112055861617783e-05 0.0017944732983052247 0.00035506560498605095 0.0 0.00022741465830704687 0.041247354949594785 0.0 0.0 7.403770268822016e-05 5.107068394361015e-05 0.00010942178017714954 0.0002435508541184424 0.00023365187927441869 0.00020607369809373536 0.00016772268804366534 0.0002115502872138435 9.67088270616534e-05 0.0002251566119871498 0.0006232376768978867 0.00031208005732337045 9.580246419084387e-05 0.0 0.0 0.0 0.0 0.0 0.0 0.0 0.0 0.0 0.0 0.0 0.0 9.096709963310898e-06 0.0 0.0 0.0 0.0 0.0 0.0 0.0 4.491285846279937e-05 0.0 0.0 0.0 0.0 8.439251243653255e-05 0.00025403859211033054 0.00017048425230516476 0.0 0.0 0.0 0.0 0.0 0.0 0.0 0.0 0.0 0.0 0.0 0.0 0.0 0.0 0.0 0.0 0.0 0.0 0.0 0.0 0.0 0.0 5.350772267950362e-05 0.00022645627369879685 0.0 0.0 0.0 0.0 0.0 0.0 0.0 0.0 0.0 8.162488098702453e-05 0.0 0.0 0.0 0.0 0.000104181938789067 4.592069785288347e-05 0.0 2.2138870987423353e-05 2.2743541912344204e-05 0.0 0.0 0.0 0.0 0.0 0.0 0.0 3.4567494068218544e-05 0.0 0.0 0.0 9.358753229613543e-05 9.51968285836222e-06 0.0002708446756365901
0.06488716229940855 0.09565680577919539 0.0 0.0028774394077721744 0.04230229702340919 0.00021851348968313355 0.0047372282112256615 0.08771299781015515 0.05057757189962427 0.0005097067281704445 0.3838620576652524 0.00014131816020814718 0.0006745894964030506 0.15033706428459995 0.002669183767785214 0.002235619217481699 0.00017798258680089304 5.1602193078410104e-05 4.664514759574296e-05 9.214717333007341e-05 0.00011816037731622138 0.00017773654896499017 0.0014533075943818632 0.0006735445582233539 0.0011358619752864824 2.082159849077616e-05 0.0005388166944823463 0.0 7.597942031928479e-05 0.00015898062207769608 0.30405781348667305 0.049236094927345084 0.018767698566468462 0.0007331562619418315 0.002394882786566768 0.0014866581067667604 0.0009696045590700419 0.0011236720577450358 0.0010934110127204097 0.00044425787643357923 3.5177175652559344e-05 6.319453496881166e-05 0.00018623255161511864 0.0002095339287711452 0.00010596464916381557 0.00017949568150881157 0.008382672235030577 0.00016331303458547327 5.8980229083977524e-05 0.0002526569341807844 9.888798038306756e-05 0.000499027153503621 0.000168775358495686 7.442386951666662e-05 8.889111102499573e-05 0.00011160441595426509 0.00546145079629069 0.0164096285755804 0.00404958529285105 0.002682578053255599 0.0006927704637507095 0.007302814968342739 0.00020425300542734062 0.005096672470658919 0.0001362863666610844 0.00011025008970231414 7.771378636344726e-05 4.797813114062342e-05 0.0006553778809729716 0.0003255714213572319 0.000579960227511046 0.0002479523652550771 2.1121310704744143e-05 0.01249920109795816 0.006309379433384658 0.0059643300340667775 0.0032231044355733956 0.001376671190454879 0.0017804093011093165 0.08344706718842318 0.00010620863438332407 0.014086666265888162 0.0014129667321352124 0.0 0.00015212360162040217 0.00019905500802289096 0.00016457979577169768 1.0151828267041982e-05 6.520690491239034e-05 0.0 4.91735455378863e-05 2.7231379078654406e-05 0.0008966212256938893 7.463551773217025e-05 5.5494567650852675e-05 0.0006295287766753838 0.00029064976800304893 8.257424510469393e-05 0.0003455643340493416 0.02309092170145131 0.0 3.462698379769653e-05 0.00014020074404875655 5.969264459290138e-05 5.744913961431997e-05 8.417467911423782e-05 2.553163375200256e-05 6.116394390683617e-05 7.824652860873125e-05 1.4383616944629914e-05 4.070844945989901e-05 6.369952363613299e-05 0.00017924491151513578 8.499889940564454e-05 3.0766392188748264e-05 4.9292374487441526e-05 3.455972446482281e-05 0.0 8.15530447462322e-06 0.0 0.0 1.7665267032947022e-05 0.0 4.3660750018549436e-05 6.490427554180878e-05 0.0 0.0 5.606671076851256e-05 0.0 0.0 0.0 5.149434598209873e-05 0.0 8.89430089180867e-06 0.000225313361009898 5.5618516290259875e-05 8.226392316308709e-06 8.714881834991316e-05 0.0 5.304032403129574e-05 0.00014097090243001903 0.0005428648765049475 0.00097899257583059 0.00016790560259243145 0.0 0.0 1.190522604716117e-05 1.977663957159511e-05 7.62041326322614e-05 0.00011136330522728802 1.3095383281418631e-05 0.0 4.379813251080783e-05 0.0 0.0 0.0 0.0003310792927304264 4.7014364339905163e-05 0.0 0.0 0.0 0.0 3.7758567717680965e-05 0.0 7.763412600404319e-05 0.00013292725400614806 0.00043512398235249155 2.5899309848755608e-05 0.0 6.5639353974121395e-06 0.0 1.2365929397262852e-05 0.0 1.011614924327259e-05 0.0 1.1153900895362247e-05 0.00019865549503998424 7.477984084100691e-05 0.0 0.0 0.0 0.00015421948768980473 0.0001235783122117927 8.359756089055971e-05 2.9808242232949783e-05 9.579200438004904e-06 4.22400461580882e-05 2.2691663573624173e-05 4.613147856538439e-05 0.0 0.0 0.0 0.0 8.382973645512034e-06 0.0 0.0 0.0 9.718778826866711e-05 0.00041240157871515773 0.0008211491796751826
0.1088929622511695 0.05723128754234629 0.0028774394077721744 0.0 0.0010245934589835992 0.029360837272498174 0.04509813346531118 3.636414493179324e-05 0.00010534292564230205 0.057853248885304534 0.0003727086624014815 0.034456051158924736 0.07753095388496868 0.014581212163160133 0.00014299195214407826 2.4481394560104954e-05 4.06031793926578e-05 0.0 0.0 0.0 1.0046752558397e-05 0.0 0.0 0.0 0.0 0.0 0.0 0.0 0.0 0.0 0.01783961273192045 6.541104543455778e-05 0.0005769805774980995 0.0 0.0 0.0 0.0002115063313581467 0.0 1.9962770518106143e-05 1.9321189236601968e-05 0.0 0.0 0.0 0.0 0.0 0.0 0.0020197833706254616 0.00017269312234487487 2.8425149723643053e-05 0.0 3.918135026703118e-05 0.0 0.0 0.0 8.217657082521443e-05 7.195670875369727e-05 0.005010022223587311 0.009713560523729407 0.003230815674504823 0.0012518349230419186 0.0 7.854914968351906e-06 0.0 0.0006903833491015531 0.0001729526325498141 4.6754895021377866e-05 9.312141653317402e-05 9.355612797636974e-06 0.0 0.0 5.2936982736099464e-05 8.433000837114287e-06 0.0 0.00829414946317328 0.000769523194260322 0.000796753005433959 0.00037694233126146537 6.015498102925677e-05 0.0 0.00017106789576317734 0.0 3.3769301237119547e-05 0.0009392865729022867 0.0 4.423667483304212e-05 0.00011468404154037555 7.559562786551853e-06 0.0 3.2490560332175484e-05 0.0 8.13824950780381e-06 0.0 0.0 1.0057576199003062e-05 0.0 0.0004948112903797903 0.0 0.0 0.0 0.04900119958976906 0.0 0.0 7.140491877342578e-05 0.0006575949211844039 3.349031369358827e-05 0.0007601868917002887 4.0217775777235574e-05 0.00015029462264117298 0.00034919827687003124 0.00015214216227378566 0.0 0.00038941059282987143 0.0002161940853024965 7.574451958648005e-05 7.496489155666145e-05 0.0 0.0 0.0 0.0 0.0 0.0 0.0 0.0 0.0 0.0 0.0 0.0 0.0 0.0 0.0 0.0 0.0 0.0 0.0 2.6936705374271075e-05 3.107946833387733e-05 0.0 0.0 0.0 0.0 0.0 5.169113465334099e-05 0.0 0.0 0.0 0.0 0.0 0.0 0.0 0.0 0.0 0.0 0.0 0.0 0.0 0.0 0.0 0.0 0.0 0.0 0.0 0.0 0.0 0.0 0.0 0.0 0.0 0.0 1.1293290377149423e-05 0.0 0.0 0.0 0.0 0.0 0.0 0.0 5.7838218266369745e-05 0.0 0.0 0.0 0.0 1.2711026121121248e-05 0.0 0.0 0.0 0.0 0.0 0.0 0.0 0.0 0.0 0.0 0.0 0.0 0.0 0.0 0.0 0.0 0.0 4.219629828979167e-05
0.0024767988516917945 0.11172234158017277 0.04230229702340919 0.0010245934589835992 0.0 0.00045156815595120514 0.0842204819075296 0.0030653418540778363 0.2592862197716138 0.001479218063850871 0.14830710892337326 0.0005263411788348698 0.06167270736296433 0.24493158280294836 0.0012890852448081216 0.00047264689264246723 8.113175352708366e-05 2.5073572019650897e-05 0.0 0.0 1.4472953162320227e-05 0.0 9.223691307887359e-06 8.302143816213067e-05 0.0 0.0 1.1810895761638398e-05 0.0 4.062268991442474e-05 1.3326206631599354e-05 0.005988297047935932 0.0020046658467331065 0.0007231831031473866 3.5375881244712625e-05 0.0 2.061320578175943e-05 0.00026690491549029527 1.3661821263211054e-05 0.000209411470411828 2.152311806717707e-05 0.0 1.9280491850175573e-05 0.0 5.023729917034574e-05 3.0145188932013714e-05 7.598478354993876e-06 0.009054017328274096 0.0002480900262489825 3.848923338027972e-05 1.613553511067961e-05 3.1306580501472055e-05 3.218665933492466e-05 0.0 1.9471999656144586e-05 9.038826655035308e-05 5.8726079739465403e-05 0.0017723948011418697 0.002096140496063576 0.002249709745218551 0.002559640312016144 2.0194851273595424e-05 0.0003729451144477159 0.0 0.0012200068428733528 0.00016512913967792873 9.982225919237444e-05 0.00010195572165208649 9.578351304259777e-06 0.0 0.0 0.001274854345723038 3.6036266720402314e-05 0.0 0.005745225202429039 0.0026568020147539465 0.004728381493821642 0.0020132501189988727 0.0003304613360918283 7.731706669280475e-05 0.000823410147299591 1.694862896500868e-05 0.0003402010210299919 0.0010797028855216466 0.0 0.0001529807301404685 0.00013399515375780822 1.7036085592859807e-05 0.0 3.86789978844496e-05 0.0 5.9068985188662615e-05 0.0 2.377148793623125e-05 0.0 0.0 0.0048782278787279235 0.00037012495699501936 0.0 9.998111830951655e-05 0.0006938526109355642 4.257168591938427e-05 0.00015389426472496782 0.0002243184713538446 3.785431480626347e-05 0.00011588136871065253 0.00048591763952267694 0.0002626260813663985 0.0005016393010389264 0.00027786127101951473 0.0005121496059600186 6.087812892505552e-05 0.00043702702203034916 0.0012160842538349896 0.0009715562168396791 0.000540913192070259 0.0 4.348389139921477e-05 0.0 0.0 0.0 0.0 0.0 0.0 0.0 0.0 0.0 0.0 0.0 0.0 0.0 0.0 0.0 0.0 0.0 0.0001047413170503853 0.00023791240458152774 0.0 0.0 8.889886344424726e-06 5.734233956569012e-05 0.0003288172502081725 0.0001665821361006427 0.0002538832723343327 0.0002384583341760774 0.0 0.0 0.0 0.0 0.0 0.0 0.0 0.0 0.0 0.0 0.0 0.0 0.0 0.0 0.0 0.0 0.0 7.442529283785001e-06 7.066142603603237e-06 0.0 5.0211652131436767e-05 3.401331371423608e-05 0.000566329500067892 0.0 0.0 0.0 0.0 0.0 0.0 0.0 1.1151367122930875e-05 0.0 0.0005231752526990218 0.0 0.0 2.787956203430684e-05 0.0 0.000873328159738078 0.0002544370853031637 0.00018758022404793205 0.0 0.0 4.038424154468206e-05 0.0 6.911968595232394e-05 0.0 0.0 1.6793315707134426e-05 0.0 0.0 0.0 0.0 0.0 0.00043552676565580253 0.0005772477459057759 0.00041217415960319455
0.002515253096969412 0.0030631512774484397 0.00021851348968313355 0.029360837272498174 0.00045156815595120514 0.0 0.011110562561960028 0.0001213285575377404 0.0003261130122516547 0.06768474488264137 0.00023290592268628403 0.03626696878963387 0.023778646593526662 0.0059969339333107215 0.0 0.0 0.0 0.0 0.0 0.0 0.0 0.0001453530375552568 0.0 1.9024371662093116e-05 0.0 0.0 1.230653151407272e-05 0.0 1.2957892351284902e-05 0.0 0.0013359095839189103 0.0 0.0022992919919234685 3.0155854952538685e-05 0.0 5.503524495785228e-05 0.002221569889026796 0.0002599374596490426 0.0012270948585222695 7.732864525064129e-05 0.0 1.4032294820125124e-05 0.0 1.2085031450944207e-05 0.0 0.0 3.9813118809652397e-05 0.0 0.0 0.0 3.157474440439728e-05 0.0001299155229736892 0.0006619263150872208 2.652777014734399e-05 0.0 1.836982820286763e-05 0.010723553339508297 0.0034723522121309414 0.0006001652559458924 2.109937247819438e-05 0.0 0.001025315639826871 0.0 0.0 0.0 0.0 2.423018785214433e-05 1.1834515071534227e-05 0.0 0.0 0.021194789046947743 0.024998579293928562 0.0026757185636145527 0.0007746760720277242 0.0 0.0 0.0 0.0 0.0 0.00044363471418440827 0.0 1.8249262469636927e-05 1.913168960527512e-05 0.00014194868734449063 3.082670616459014e-05 9.484147470335896e-05 9.543219802877334e-06 0.00041038156064230594 9.296865897232886e-05 0.0004252730632639431 8.60087783758757e-05 4.8336547946447404e-05 0.0 4.4620252781284494e-05 2.4209392074904134e-05 0.025379676095292278 0.029239882645493112 0.009428237892566868 0.002683044942305048 0.03793151431030038 0.0 0.0001004957526147327 0.0003299134623187596 0.00020405633526743758 0.00011875577117351231 0.0004744368849464508 0.0007020406826103535 0.0004687563401818643 0.0002589010720624667 0.0006356960036607306 0.0001648712661145833 0.0004944166653970675 0.0008548998455967752 0.0002740338667334298 0.0002287193448994746 2.1928401959744434e-05 0.0 9.284263638448627e-06 1.01027574619468e-05 9.287057543269472e-06 0.0 9.336356482692549e-06 9.914973282254394e-06 2.9800849495612596e-05 2.571963540000235e-05 2.1582678310901857e-05 4.158667892390394e-05 3.621597494488723e-05 0.0 7.236487128669298e-05 0.0 0.00023869833741458994 0.00010245355934520247 0.00012621756684570558 1.6910890214164576e-05 2.5494638067255035e-05 3.062976579883375e-05 4.1693067738186874e-05 2.286258299719653e-05 0.0 2.251291588354319e-05 8.048981315622185e-05 0.00018955621278805683 0.00016659815290813101 1.2248382740397408e-05 4.4628977586073914e-05 0.0 0.0 0.0 4.939154003560228e-05 0.0 6.707822384520673e-06 1.0237471671403871e-05 0.0 1.0463016526538126e-05 3.946316252833148e-05 0.000404051085472371 0.00015572515114420084 0.0 0.0 0.0 0.0 0.0 0.0 0.0 2.394238839798934e-05 0.0003580320208377527 0.0 3.212644490860768e-05 0.0 1.112910713809528e-05 0.0 0.0 0.0 0.0 0.0001765329359532838 0.00031732565954764987 0.00042303736936772615 0.00011472604669942965 7.407685290911374e-05 7.58058053553031e-05 7.030937388167831e-05 0.0 1.6068037570014166e-05 7.95837518967704e-05 0.0 0.0 3.489910597934991e-05 3.189259951927823e-05 9.200673443037792e-06 1.9209206687110378e-05 0.0 1.0589407684645542e-05 5.947641354391219e-05 6.159064516861767e-05 3.16799854363604e-05 2.035287014534283e-05 0.0002253136134390505 0.00014691548275503095 8.015980114816916e-05
0.03963393576461165 0.18505732618741155 0.0047372282112256615 0.04509813346531118 0.0842204819075296 0.011110562561960028 0.0 0.0005207857061971858 0.16277053818323894 0.0525169586425595 0.008321723041966106 0.049820788362639506 0.10718596386582985 0.15689436229506432 0.0017327284764024754 0.0006841597320508042 0.0002523728014674633 1.7534394961105723e-05 0.0 0.0 0.0 0.0 2.3641351819806184e-05 0.0 2.3337854946221925e-05 0.0 0.0 9.306603618438158e-06 0.0 2.2313784243125608e-05 0.008954619384117688 0.0009813611250859096 0.0011551204755800052 4.9553785021704364e-05 3.9157459566168654e-05 1.4789024088990016e-05 0.000701322071328618 0.0 0.0004148962252204632 5.6278009375565644e-05 0.0 0.0 1.701239873150065e-05 7.290408128831196e-05 2.0676870073159543e-05 1.582231497427347e-05 0.010836106979144295 0.00022712934462823091 3.537475716466063e-05 2.1436361841340405e-05 6.292404883619547e-05 0.0 9.831671069397733e-06 0.0 9.736808667962106e-05 9.256241395280086e-05 0.0030571845023198286 0.0045486474474935815 0.002907484182046513 0.003359984547599043 0.0 0.0003603430820201125 0.0 0.0017063636978626709 0.00018063709325159987 0.00011992499100947927 5.055905330828525e-05 8.217054807895802e-06 0.0 0.0 0.0037488120776764645 0.0 0.0 0.0085482371480133 0.003195626436175607 0.005052327014267656 0.0026470156801973468 0.0006370088870899318 3.121271418784212e-05 0.0008548122586064512 1.1148510999656967e-05 0.00013631411846137692 0.001410435175273324 0.0 0.00011704087061680791 0.00012917010324192096 0.00010248208087664293 0.0 0.00010503259303467466 0.0 4.233429289311686e-05 0.0 2.9153124586286038e-05 0.0 0.0 0.007865003645481646 0.0007142607340300098 0.0 0.0002160059035172612 0.007960419355027799 0.0002808531988071988 0.0004065523502434122 0.0025002528121969973 0.004447974400730343 0.0004827008394317083 0.0022297775755133306 0.0011637588998245334 0.002528931621813321 0.0018476152404768452 0.0016219692702828968 0.0003087983622007445 0.006652599429452715 0.0022640995389741772 0.0013696445316815898 0.0010826012077206468 5.472503323179086e-05 0.0 0.0 0.0 0.0 0.0 0.0 0.0 0.0 0.0 0.0 0.0 0.0 0.0 0.0 0.0 0.0 0.0 0.0 0.00038571976338126854 0.00038597699698338247 0.0 0.0 0.0 0.00029601363980336266 0.00013853122148381887 0.0008764225850202235 0.00047504396520689696 0.00029747465470328463 0.0 0.0 0.0 6.346625895236544e-05 0.0 0.0 0.0 6.946965586244885e-05 7.030265665897437e-05 8.150684902622521e-06 1.2836124320518356e-05 0.0 5.6788453119828794e-05 1.381256887174393e-05 8.194166120405927e-06 2.0558334439168764e-05 0.0 0.0001919164004758411 0.00013967224095407456 7.756912846007746e-05 0.0 0.00018761599314031925 0.0007698054343475567 0.0001057703166400775 1.914197935229823e-05 9.000734740400494e-06 0.0 0.0 0.0 0.0 0.0 0.0 0.0008399706421479226 0.0 0.0 0.0 0.0 0.0006619816184036428 1.8262023770638353e-05 0.0006156123930556436 0.00020826408806777253 0.00015302593273545332 0.0001235650685696409 0.0001031884345305684 0.0 0.0 1.7111889000730716e-05 0.0 0.0 2.4267880976122853e-05 0.0 0.0 0.0 0.00047531870056357896 0.0005808963011745846 0.0009480431191762318
0.0006945956011848795 0.0022779737473710916 0.08771299781015515 3.636414493179324e-05 0.0030653418540778363 0.0001213285575377404 0.0005207857061971858 0.0 0.0016510273600337487 1.7300521129054867e-05 0.1647401409505187 0.00017907004566396927 0.0002797058348324009 0.08396556818028635 0.0034215111942742845 0.0033854132844733714 0.0007954391745066017 0.001416230021854309 0.0004512609793005398 0.004678559293652973 0.0018186250992023043 0.00044869303530963007 0.005831274976839915 0.002998866420382598 0.0031127750528968288 0.00012680786116007217 0.0021752184237880836 0.0001554837559900098 0.00019909408002630066 0.0003857180283752632 0.06241584234247497 0.3081215521864147 0.01262221288152699 0.004751755926107584 0.009513079103154846 0.005601553809963604 0.0020070901727576476 0.003132591845295247 0.002556702939145774 0.0016981539706108757 0.00023974847053883895 0.0007976201392738351 0.006740363284321829 0.0046310559515276685 0.002090796627199643 0.009288475242867486 0.008319587824353459 0.00031670963405132347 0.00044718532812719 0.00559497074505838 0.0004841922542677965 0.0008747251482944592 0.00047465442791596457 0.0004170522226113177 7.497445423661878e-05 6.428124780300777e-05 0.003171882566121854 0.0071589879805624415 0.0026553639472046272 0.002361093405360897 0.024940216383892176 0.024243554073537038 0.003864477734417793 0.03285075760673223 8.074364903824182e-05 0.00044374189583955027 0.00024566924904649275 0.0007364592215540441 0.010545691576202802 0.006837097786272557 0.0008772160729511579 0.0004914541947878464 3.6053785659114564e-05 0.008865063150126223 0.008918893537703303 0.007238742071177222 0.02349247312916639 0.02488034424380264 0.06148752499898868 0.17831238070482494 0.03492845556077569 0.12774895461314428 0.0010508002156888734 5.9028755922025934e-05 0.0001973266214683461 0.00023674203103767397 0.0011107070902668026 0.0 0.00011002865245019542 2.072257515622241e-05 0.00019809630402658183 0.00016511400874270071 0.015090322007193202 0.0004000564966475676 0.0003955542330959407 0.0005319540927335343 0.0006046285357850572 0.00010507603692138623 0.0010395249722184524 0.0009860712717477947 1.8508783933153455e-05 2.296612042865913e-05 2.8212470459488685e-05 0.0 0.0001307496780706582 0.0001370994255545684 1.0725379299411168e-05 0.00014633547403979062 0.00011238068833551516 4.3029029473020586e-05 4.755596708546191e-05 0.0002563905592590736 0.00033941165196065063 0.00018644348342957703 0.00023259333303020228 3.6125362360074106e-05 8.684085359884227e-05 0.0 6.0638234124418316e-05 0.0 0.0 1.0338541696785025e-05 0.0 4.510001808773437e-05 0.0 7.717755277411145e-06 1.777607513506747e-05 0.00024229691289633223 0.0 0.00011090394698088586 8.389908336523348e-06 0.00015447539396492 4.291448115303605e-05 5.524663837397669e-05 0.00026884517187654797 0.00023455232250383696 9.38910682784616e-05 0.00014213535988782163 5.13509277073366e-05 0.00015330820185796616 0.00033818466199473697 0.0009732676758270938 0.0013167227503949645 0.0002777587575260225 1.4940783784359366e-05 1.3031710694224782e-05 6.592137600049202e-05 1.8474836360049284e-05 5.315998196766843e-05 0.00020377903414026263 2.6361648062781086e-05 2.083381582473081e-05 1.9100432239570023e-05 0.0 0.0 1.8257410124204608e-05 0.000820371811064046 5.0277594210775656e-05 0.0 0.0 0.0 3.548384388957969e-05 1.663476412691746e-05 0.0 4.1901610364047645e-05 0.00012442460701778918 0.0009871252884886279 6.76255080243631e-05 0.0 0.0 0.0 9.382152226929862e-06 0.0 0.0 0.0 5.115321820298901e-05 0.00040693731121898267 0.0003191753341620376 2.599473458649558e-05 3.076880389450029e-05 1.0573608938021286e-05 0.0002716835670392288 0.0002282669171961869 0.0005078480235845688 5.5812384249548385e-05 3.2078699060284384e-05 9.19327655780373e-06 1.832981758965171e-05 7.550993883429107e-05 9.429390846721536e-06 0.0 0.0 0.0 0.0 2.9665113125855222e-05 2.078669512372161e-05 0.0 0.00022755125625424 0.0005799995051316292 0.001725784713940706
0.0003229617827069767 0.13924620150701547 0.05057757189962427 0.00010534292564230205 0.2592862197716138 0.0003261130122516547 0.16277053818323894 0.0016510273600337487 0.0 0.0006409038481723516 0.05970303873893339 0.0012682418064552073 0.08383510991685819 0.1624528056665607 0.0013958451216493303 0.0007392015454996298 6.192419592525779e-05 0.0 2.0821780998238482e-05 2.1312121664038858e-05 0.0 1.3501387722928131e-05 1.0809280587087306e-05 1.961416585860843e-05 2.986783565984954e-05 3.768789525823926e-05 1.5741014417935325e-05 2.4660074106165917e-05 3.241077731353537e-05 0.0 0.001345386078282497 0.0012555149424787202 0.0023047783309714507 9.171551059107773e-06 1.8489931741875584e-05 7.503566178795797e-06 0.0009710014279299697 7.454522394285948e-05 0.00043081770455778403 6.553905249477473e-05 0.0 0.0 9.233405089802122e-06 5.861004232450425e-05 1.545710806127195e-05 3.7867241430583033e-05 0.004985718513670576 7.255616932759168e-05 0.0 2.20073251786189e-05 1.558957766596521e-05 0.0 0.0 0.0 1.7959291295191722e-05 1.5161869057800801e-05 0.0004905364151271784 0.0005134943920491666 0.001125146596566427 0.0013833759125827674 0.0 0.0005214469354736103 1.2506488585967598e-05 0.0004058567171252277 6.100638248885794e-05 8.391135521440412e-06 9.197125806099857e-06 0.0 3.218094827349025e-05 0.0 0.002703374753106572 9.265410262057364e-06 0.0 0.001973613982652904 0.0006877791838974974 0.003143091368647259 0.001266603044100907 0.0003982903914891063 7.629069449950183e-05 0.00174256596934141 0.0 0.00037508691714292173 0.0004673786452714999 0.0 7.141908621146642e-05 5.233300865785291e-05 8.117982883692987e-06 0.0 2.4108842314301916e-05 0.0 1.9804995187160712e-05 0.0 2.95087024529803e-05 0.0 1.1264784844739765e-05 0.004859680749858426 0.0005955326423648732 0.0 0.00030909181997878794 0.00010682177057320156 3.337358002450951e-05 0.0 5.5430642634506396e-05 0.00020379349133852755 0.0001621896650089596 0.0007438896223873788 0.0001726576649373097 0.0010542119183431218 0.0012768394296158868 0.0005324561802432728 0.00022509861964844214 0.0010760361867593676 0.001953323177488439 0.0008258343370360915 0.0010847085615397834 0.0 8.509043993424332e-05 0.0 0.0 0.0 0.0 0.0 0.0 0.0 0.0 0.0 0.0 7.867454653149087e-06 0.0 0.0 0.0 9.908780472226256e-06 0.0 0.0 6.191571110593018e-05 4.933511619446853e-05 0.0 0.0 0.0 0.0002962856209565225 0.00011874898047377805 0.0007813446973793724 0.00037932682029190236 0.00013204972672182768 0.0 0.0 0.0 0.0 0.0 0.0 0.0 0.0 3.5954624258850675e-05 0.0 0.0 0.0 0.0 6.897882100436415e-05 0.0 0.0 0.0 1.8031587359980003e-05 0.0 0.0 0.0001143984552854795 6.107650979613948e-05 0.000975155521166157 1.0991033132172853e-05 0.0 0.0 0.0 0.0 0.0 0.0 0.0 0.0 0.0005416307888949311 0.0 0.0 1.1502286308882512e-05 0.0 0.000583881521220472 0.00012451616413797548 0.00018407538629501674 1.432056654196669e-05 2.6916319053707693e-05 0.0 0.0 1.8914401435140574e-05 0.0 7.619229097925192e-06 0.0 0.0 0.0 0.0 0.0 0.0 0.0006322610864128099 0.0006492168390944159 0.0009160639145330744
0.12298409031669012 0.07341667372611213 0.0005097067281704445 0.057853248885304534 0.001479218063850871 0.06768474488264137 0.0525169586425595 1.7300521129054867e-05 0.0006409038481723516 0.0 0.00020583939288040993 0.08199742330276245 0.2523567619069829 0.02949280950584043 4.908837677143778e-05 2.7202303506703353e-05 0.0 0.0 1.067692593839304e-05 0.0 0.0 0.0 0.0 1.1672274233329017e-05 0.0 0.0 0.0 1.7166386440046322e-05 3.6227374550601645e-05 0.0 0.003732657740149269 0.0 0.0067551803120477075 0.0 0.0 4.3579037042751e-05 0.005958355293791061 6.048846482699027e-05 0.000864232531783294 4.713107667694288e-05 0.0 0.0 0.0 0.0 0.0 0.0 0.00044835726187282386 8.355952467625434e-06 0.0 0.0 0.0 1.4321895054078743e-05 0.00012604988929981612 0.0 8.529603577565572e-06 2.9737258681242764e-05 0.004378294093332753 0.0026982888478746026 0.0008770096339015674 0.00038828574008394816 0.0 0.00012797278199721084 0.0 8.61868997335292e-05 1.7274077693946695e-05 1.528100791450794e-05 7.146954300667315e-06 0.0 0.0 0.0 0.0283078727499959 4.93951469282098e-05 0.0 0.0026606771506669934 0.00011904117018049245 0.00014374282576767498 3.8691529866009744e-05 4.8920919656639165e-05 0.0 0.0006420544403960284 0.0 0.0 0.00020531055558375147 0.0 0.0 3.8155878759905924e-05 1.3530725204938738e-05 0.0 6.46948245265333e-06 0.0 6.184552158019557e-06 0.0 0.0 0.0 0.0 0.009944377521702349 0.006500025414229235 0.00011168101872111867 0.0009805111611688522 0.052529450605803184 7.89668897103895e-05 0.0017710597987563269 0.005684457078691781 0.00983350111557157 0.000780131211188 0.016043040593058135 0.006002555423875001 0.002409329148154806 0.005092093677224912 0.005422393994922999 0.0002454393761572521 0.006407933369411358 0.007231711748033325 0.002903501892921045 0.0007216302449223943 2.745398603769073e-05 9.827343035291385e-06 0.0 0.0 0.0 0.0 0.0 0.0 0.0 0.0 0.0 0.0 2.619610431355331e-05 0.0 0.0 0.0 0.0 0.0 7.956639176325264e-06 0.00019576451224821847 0.0004208519699061813 0.0 0.0 0.0 0.00011723886040047262 0.0 0.00037097287896170253 0.00022208265539094837 5.714162342866789e-05 0.0 0.0 0.0 0.0 0.0 8.060187273808385e-06 0.0 8.495882835164559e-05 7.598231495874393e-05 0.0 0.0 0.0 2.9489098899812105e-05 0.0 4.60666036806547e-05 0.0 0.0 0.00012862252100674656 0.00010662337429564356 8.129438130481121e-05 0.0 5.462161075632725e-05 0.0009614486999623512 6.513715032327047e-05 7.724579752877034e-06 7.456591246733773e-06 7.875884364703984e-06 0.0 0.0 0.0 0.0 0.0 0.0007227660042668611 0.0 0.0 0.0 0.0 0.000746751302657979 8.381177369144292e-05 0.0002516826109825299 0.0001245523699446475 0.00017654295845723707 0.00010204044837123992 8.159644952420186e-06 0.0 0.0 0.0 0.0 1.3245006217342816e-05 0.0 0.0 0.0 0.0 0.0003364738453387802 0.0001916823530246784 0.0005694501181336634
0.005740484113049054 0.13768902040908562 0.3838620576652524 0.0003727086624014815 0.14830710892337326 0.00023290592268628403 0.008321723041966106 0.1647401409505187 0.05970303873893339 0.00020583939288040993 0.0 0.003298567032090473 0.013277323831114959 0.1962783401382867 0.003594297057075067 0.0030607118655229795 0.00034660344028603784 7.673476241292475e-05 0.00014636600848632675 0.00021671588184049508 0.00018083615674799748 0.0004932020699395605 0.001361216783859584 0.0006514956403051412 0.0019113373180059353 0.00018460019894659709 0.0005837223059767557 0.0003398834550827786 0.00041073029329404996 0.00030900134545968494 0.04722372260939173 0.010933298699026643 0.03181033803330083 0.0009945295504609967 0.0031198810556042475 0.004962509098350958 0.024550852561562305 0.009550107933746273 0.010477044076756786 0.0022725456240556925 5.4648013897580104e-05 0.00024661964302769945 0.0001708570486843265 0.0003697849864791366 0.0003704675341678071 0.0003293595095065483 0.005671539154882187 0.00017700980069470758 4.34930262532377e-05 0.00015909084414124437 8.846010187603552e-05 0.0004152906345125487 0.000983915981277078 0.0007586537780569581 2.3656111221985938e-05 2.171157835405942e-05 0.0015119714041158339 0.003507116859885326 0.0014445110730481033 0.0018981758273218597 0.0006198189003018039 0.01761362441920616 0.0006775533032276206 0.001233377724724478 4.869821966620159e-05 2.1310816261637943e-05 6.81169703999887e-05 3.787625007002976e-05 0.0003655178642383329 0.00029880552578354444 0.0062597244029407905 0.0008368123374762964 0.0001244034622246552 0.004572795073236183 0.0021396433018725214 0.005863082890526452 0.002277313411077608 0.0014731418405377567 0.00025198203521394373 0.04550663246859037 3.636009539933393e-05 0.00405157720951516 0.0006773798055898648 1.8485518972161727e-05 8.236262296168492e-05 7.823209155739401e-05 4.550705417045132e-05 4.625589117668443e-05 5.542784458178868e-05 0.0 4.726528365786831e-05 0.0001661142284462331 0.000635490192128681 0.00010844777044138716 0.00015775814561613458 0.0034081204161469834 0.0022780163847881405 0.00032445504987529603 0.002474201063582899 0.002800726067468918 7.602450499548712e-05 9.612523456351671e-06 0.0002552693252568918 0.00018290290976744945 0.00023144457536205577 0.00023040925497008906 0.00010165954344625238 0.0006316751556859515 0.0004522623710812165 0.0003570494705823333 0.00019456126721422015 0.0007950999197992071 0.0008139130775898546 0.0005795667994928488 0.00039674685773627964 0.0001117190383438366 0.00016212031158072278 1.4043012985639315e-05 0.00012825807552909916 0.0 1.1303912548478899e-05 7.848761267065699e-06 0.0 0.00012695413792833502 8.35384770624184e-06 0.0 2.030365831175405e-05 0.0002337143311948192 0.0 2.4964721724853475e-05 9.829683041683217e-06 0.0002068680914513007 8.259775597671442e-05 0.00011352820874528083 0.00014766528977657513 0.00025286031563782457 5.794977713782381e-05 0.0001846382807877681 0.0 0.0001519892085766742 0.0005071456951682782 0.0011060430368126158 0.0014434658664402233 0.0003374308469197022 2.6276046729944608e-05 0.0 7.40397161958726e-06 0.0 0.00014665274785655293 0.00011503599770054487 8.741748948136998e-06 0.0 4.250491485322791e-05 0.0 0.0 0.0 0.0007875093212631545 4.061270177875981e-05 0.0 8.77989656310122e-06 0.0 0.0 3.888517680165071e-05 0.0 0.00022929686309892242 0.00019942604095332585 0.0010977610632707947 2.038613450057671e-05 0.0 8.327968385108108e-06 0.0 0.0 0.0 0.0 9.267433843173629e-06 1.241979991159426e-05 0.0006811799967096936 0.00020653916085921792 1.7314750785548556e-05 0.0 0.0 0.0009093552299785612 0.00023427932511594388 0.000596675765411399 8.725446646832625e-05 0.00012551314907450537 0.00010469649665446929 4.392600091275796e-05 9.878123484965376e-05 6.874909151384393e-06 1.1009806513410175e-05 1.1787507548853935e-05 0.0 7.065810179296876e-06 2.0258494232954484e-05 1.1015652677771243e-05 9.752897174810624e-06 0.0005996250154881793 0.0011823002103798345 0.002079204310196623
0.02420601822654928 0.0014980155763670785 0.00014131816020814718 0.034456051158924736 0.0005263411788348698 0.03626696878963387 0.049820788362639506 0.00017907004566396927 0.0012682418064552073 0.08199742330276245 0.003298567032090473 0.0 0.06306746745819583 0.04089153334596227 0.0012587417111509828 0.0011787189381461676 6.826765934540868e-05 2.9073953678712716e-05 0.00010605965437141486 0.0 2.5919202569591354e-05 0.00013965601615918602 9.821873736988862e-06 0.0 7.123672866599443e-05 1.1690644676013177e-05 6.454311105058623e-05 0.00018779475742198765 0.0001826286555668045 4.126554400771157e-05 0.000299081693942317 0.0 0.010574861231935786 8.96820337779936e-06 0.000104162013477613 0.0004953157765590335 0.013218902202265364 0.001433793290325533 0.009150500013776026 0.0007953076932864767 3.873808112003425e-05 5.6853118832044864e-05 2.303336494761545e-05 0.00023511616390218827 0.00011804851624085247 6.820225708521968e-05 0.0014209283067162571 3.690752356976739e-05 0.0 6.524954884756253e-05 0.0 0.00014412999460949408 0.0013280469574177192 0.00023351569078390239 0.0 0.0 0.00028803452376645116 0.0003161085356507218 0.00019311894570038163 0.00028515911691999197 9.046297965390368e-05 0.0005356143705514568 7.251327829627731e-05 0.0001201901530201834 1.5284045952687468e-05 9.705653814565382e-06 0.0 3.0730035872675536e-05 4.5006778699088625e-05 0.0 0.01261038054765665 0.0002104684872672125 3.2176870298309545e-05 0.00039002517367297336 0.00010076569774308553 0.001425540001268244 0.00056251779794169 0.0006496875056928012 4.3733041342884157e-05 0.002166978352300452 2.410153668279901e-05 0.00015093758517233514 5.08892887102122e-05 0.0 0.0 1.7381065583049118e-05 0.0 1.3577054842759002e-05 1.3802233497855238e-05 0.0 3.023771428984099e-05 0.0 3.444935248443049e-05 0.0 6.64070277651583e-05 0.02502173253605853 0.005664203538232803 6.465313105230122e-05 0.002649366219284453 0.004682888387843254 9.97982327960286e-06 0.0006918226385027792 0.0013842316782224334 0.002488487167027436 0.0005277736206509188 0.0024323363297997034 0.0022536168234928433 0.0029478030722908818 0.0043076452348316824 0.00450626624307197 0.0006837306487111056 0.006322391219359985 0.010062591154459054 0.007385496899960879 0.0017924844208644093 0.00012317730657856923 0.00011754039828162044 1.0418931493481667e-05 7.420304259794458e-05 0.0 0.0 0.0 1.2206967767812368e-05 8.656139912063468e-06 2.5248004119316145e-05 0.0 2.1713277806663064e-05 2.281840078484196e-05 0.0 1.9246304884166285e-05 2.749841593874416e-05 7.971010690891936e-05 4.952246306731942e-05 5.6529159790640165e-05 0.0003920084247879622 0.0005119191055532372 9.02459504310452e-05 2.746269543600606e-05 5.3421370577333524e-05 0.0005327206655542304 0.00023516403537253108 0.0013349104491866886 0.0009356273705747671 0.0003434454520396872 0.0 3.141617564003614e-05 0.0 1.0816058250574223e-05 5.070186124965067e-05 5.991588025459198e-05 0.0 1.371797904638838e-05 8.667515815510042e-05 0.0 9.070418815273553e-06 1.3533113208422938e-05 0.00026684841224656423 2.050357449723691e-05 0.0 0.0 0.0 0.00010678776255931439 4.177598538174794e-05 5.2898262711367066e-05 0.00012666661697582706 0.00012676598577093448 0.00218542166879218 1.9032495614392967e-05 9.571024933272517e-06 0.0 6.673366990328172e-06 0.0 0.0 0.0 0.0 0.0 0.0024717027527069867 0.0001278317997230253 0.0 1.175649550162091e-05 0.0 0.001623958650211791 0.0002443409431441692 0.0007603173762400509 0.00017012149739177059 1.931702830348384e-05 0.00011367867962983667 0.0 0.00026757565648680127 1.7684047524864698e-05 0.0 0.0 0.0 0.0 0.0 1.1998749270464215e-05 0.0 0.0011619591617405738 0.0007934808101802808 0.00182423891141692
