0.0 0.11273821416833975 0.07830966798091642 0.0734724914471371 0.003305856987941395 0.00247598004005099 0.010004953977914687 0.01898315617407663 0.00019529997590704787 0.1003264202162445 0.007673103671910043 0.0012629229066884557 0.0033911082423756012 0.015090463457448315 1.454092946396035e-05 2.497390850923773e-05 2.048528362347167e-05 0.0 8.858198242747546e-06 0.0 0.0 0.0 0.0 1.1131998883339687e-05 0.0 0.0 0.0 0.0 0.0 0.0 0.033460960922707936 5.042930809758749e-05 0.0002896138337964623 0.0 1.735935349509598e-05 2.1379956657925552e-05 0.00029182135952843214 1.0911730512590194e-05 0.0001112333455964669 0.0 7.061088264173142e-05 0.0 0.0 0.0 0.0 0.0 0.0006132246683896649 0.0004036693894201545 6.504135380578114e-05 0.0 0.00010863595526389295 5.3242005602978364e-05 0.0 0.0 0.0004667460923118903 0.0008559338965168345 0.016895544347918793 0.02683316348227862 0.00242008494740113 0.00042158270454505727 0.0 0.0 9.155221208893682e-06 0.0002540080664069668 0.0005567411295822964 0.0001256263132907602 0.0002231719480049036 0.00012113412904513331 5.189707044624065e-05 7.477451117539644e-06 0.00025550587493310215 0.00019071505335655053 0.0 0.010469674121445715 0.0017758568169645565 0.0001982709020099297 0.00017227356215599436 1.774729340991514e-05 2.438815167646267e-05 0.0010691846927447638 0.0 1.3334807275203628e-05 0.0007558171226962787 2.209054872093506e-05 0.00016869924292632607 0.000556292830033313 0.0001687961502356242 0.0 0.00013237807933686162 4.693957860151154e-05 7.132920651334905e-05 1.7395490607335155e-05 1.7209041321743022e-05 0.0 0.0 0.004481746962559865 0.0007000258576826302 3.3231671606859774e-05 0.0002274352944126495 0.094792919153297 0.0 0.0 0.00017147855326423572 0.0 0.0 0.0005158320916604489 0.0004596262297649723 9.156774872572827e-05 0.0007984453803402498 0.0019516611118635787 0.0 0.00037747341427792953 0.0016707227517114727 0.00037457007330284086 0.0006600508641235675 0.0 0.0 0.0 0.0 0.0 0.0 0.0 0.0 0.0 0.0 0.0 0.0 0.0 0.0 0.0 0.0 0.0 0.0 0.0 6.805536283578053e-05 0.0 0.0 0.0 0.0 0.00027124145286841223 0.0 0.00014668605431217104 1.2316662272207678e-05 0.0 0.0 0.0 0.0 0.0 0.0 0.0 0.0 0.0 0.0 0.0 0.0 0.0 0.0 0.0 0.0 0.0 0.0 0.0 0.0 0.00013062541802700734 0.0 0.0 0.0 0.0 0.0 0.0 0.0 9.415868027021342e-06 0.0 7.5252500070352774e-06 0.0 0.0 0.00033883244427115416 0.0 0.0 0.0 0.0 0.00012307255422098204 0.0 0.0 0.0 0.0 0.0 0.0 0.0 0.0 0.0 0.0 0.0 0.0 0.0 0.0 0.0 0.0008691987227955406 3.076982076093162e-05 0.00014840782834170014
0.11273821416833975 0.0 0.11039184983782914 0.04443201575521507 0.1666883744836158 0.0005291356934001976 0.1474604709569614 0.05619430154929878 0.20228960166402873 0.27050971147280684 0.0680605425647691 0.01391660706353405 0.054341492490169015 0.18457553468553267 0.0010851801983242724 0.0010356177193816003 0.00029193346662006607 6.407372250497903e-05 9.052283584863273e-06 2.4956174396550006e-05 5.533857809037573e-05 0.00010198255416313865 0.0 7.107863915205975e-06 0.0003220097157676576 0.0001079567161532167 8.626500104108946e-05 1.5239585581874307e-05 3.229099624000666e-05 0.0 0.1536838209465089 0.0014378157133848014 0.0035432604208499555 0.0001295048734027005 0.0005632584835036979 0.0002731799331533743 0.001807452855597022 0.00028593055764985397 0.0006614944666369122 0.00016494057062396608 0.0004410132011160425 0.00015905278734707368 0.00011222524419534873 9.577102895533864e-05 5.898989370667566e-05 2.9974233912346372e-05 0.010454983605182098 0.0033474260456706254 0.00019846147552379483 0.00013183919211615783 0.00065463623185034 0.00011129012520485282 3.667951197698686e-05 4.7181074313873524e-05 0.002340838079550239 0.00404047711795835 0.019512559296849082 0.08755518786451799 0.009389959269556256 0.005276913201170158 0.0001432631184392471 0.00032277821304269386 9.865284982165e-05 0.011517963628292768 0.002567655538115211 0.0011098967328078534 0.0013168436313098528 0.000980268287551343 0.0005122238011066975 8.361132983760576e-05 0.001562102714714981 0.00010837361177393685 1.5868193883490735e-05 0.04792918223372001 0.026064711544132188 0.005819240039275601 0.004814772382171043 0.0007304407199553764 0.0006510337573746427 0.011053121053322153 0.0001326692049390116 0.0012366017870160972 0.005538539319953375 0.0001298401400269449 0.0012675635783069184 0.0025574940589390793 0.0011757904392933273 4.3480815605111284e-05 0.000762177098767127 1.807890629994212e-05 0.0001879032100424172 5.653849637069299e-05 0.0005301741791769442 0.0002877063365439099 6.147095283407461e-05 0.0034044324432130684 0.00176023033716329 4.312240728642803e-05 0.0010670834132502193 0.06979777430932835 0.00010951764045804951 0.00011479067399761427 0.0 0.0 0.0 0.0002728103693724138 4.606034989608418e-05 2.164538694709514e-05 0.00030946028844437614 9.528303431198311e-05 5.85545930198123e-05 0.000594458186347919 0.0005201119611581157 0.0003434155000004355 0.0003232992731540812 0.0 3.8821350401255835e-05 0.0 0.0 0.0 0.0 0.0 0.0 0.0 0.0 1.3374319131773795e-05 0.0 0.0 0.0 0.0 0.0 0.0 0.0 0.0 0.00011555673476097502 4.7946273308473636e-05 0.0 0.0 0.0 0.0003697926835515696 5.7482241315161724e-05 0.00035228655106615256 0.0006909142188271942 2.165413758543697e-05 0.0 0.0 0.0 0.0 4.633198960460457e-05 0.0 0.0 0.0 0.0 0.0 0.0 0.0 2.8120767012285793e-05 0.0 6.373667241205256e-06 0.0 0.0 6.116942676450089e-05 2.7972298927639517e-05 2.801234534260952e-05 0.0 0.0 0.00011383666911396088 0.0 0.0 0.0 0.0 0.0 0.0 0.0 0.0 0.0 0.0004942834019191571 0.0 1.9063800530512512e-05 0.0 0.0 0.00010470540314779232 0.00010024036909573908 6.611802124287379e-05 1.3989441544480669e-05 7.863068527661521e-05 5.349758513813015e-05 0.0 5.352159480110474e-05 0.0 7.819063556190578e-06 0.0 0.0 3.141128119665366e-05 8.530648960968886e-06 1.9592513231157454e-05 0.0 0.0005777713741396311 0.00036017008057431864 0.0006158047241506232
0.07830966798091642 0.11039184983782914 0.0 0.0004685316923388156 0.025198487952953742 0.0 0.008803407820541882 0.2325910489887736 0.0489530501755463 0.0018395256982785054 0.07419880275305187 0.003552924865421545 0.014560580372185784 0.11289063465448783 0.0003124905450187296 0.00022482735068486204 7.47563423895769e-05 6.248516235751087e-05 0.0 5.7166388253835394e-05 0.00014434535258565573 0.0001439830266978746 0.0 3.866533374580347e-05 0.0008187113255592604 5.3531112144986554e-05 0.00012450828853066288 9.018241858887837e-05 7.840509267664868e-06 1.814084136588527e-05 0.3272844378036138 0.11324455506057059 0.009288004828618449 0.0001597386677947769 0.0010459195270263312 0.0005464863203671888 0.002533117821164066 0.0007236756457472561 0.001277195673140087 0.0003808592128082063 0.0010571003746277763 0.00015501771184220494 4.319547508213913e-05 6.726591652015435e-05 7.93899717522129e-05 0.00016290451896488955 0.0008231338821955794 0.00012854239067081646 3.820360410588786e-05 9.531634088238603e-05 0.00022884138828569553 3.9748956641869385e-05 1.783395042412339e-05 6.027500516537684e-05 0.000157790944333772 0.0001054175568653024 0.0018589166092844811 0.019302860663231784 0.0005750585488138385 0.00015862620078876448 0.0006865921688141414 0.0007884140006924083 9.23251408255533e-05 0.03435246639898692 7.531744960479816e-05 3.369710044601144e-05 0.00018926833373398007 0.00024296710502348578 0.0005347558854218118 0.00019116086955111198 0.0010246879936768973 0.00016849176606965752 0.0 0.002314484203709748 0.00197761115776527 0.0005863518217620476 0.0014356825146917835 0.001903020151671082 0.014574554722099564 0.06313458795518186 0.0006302988508223124 0.006774323187841552 0.00018512175664886068 0.0 2.1700674476236054e-05 7.440450238834538e-05 0.0001444450215503984 0.0 2.6580307476709048e-05 0.0 7.029530719256378e-05 0.0 0.0009621338801744454 0.00024987621723240004 5.5200363056274985e-05 0.0017739007699608385 0.0005213518521449639 0.0 0.0007190049472395009 0.011268790947779139 5.1490125464806306e-05 0.0 0.0 0.0 0.0 0.0001821511412236056 0.0 4.4967945362800146e-05 0.00010832609807410302 3.7457613392758547e-05 0.0 0.0002210764019247431 0.00020538939509538002 0.00011718679275968698 7.59985031830326e-05 2.1357338500063966e-05 0.0 0.0 0.0 1.4545555874029138e-05 0.0 0.0 0.0 0.0 0.0 0.0 0.0 0.0 0.0 0.0 0.0 0.0 0.0 0.0 3.263605850915557e-05 0.0 0.0 0.0 0.0 0.0002232204219810383 3.058934392550274e-05 0.0001957758713445594 0.00029978615362406157 1.02889830651824e-05 0.0 0.0 0.0 0.0 1.1979721019780161e-05 0.0 0.0 0.0 0.0 0.0 0.0 1.5753602748570866e-05 0.0 0.0 8.866279994225651e-06 0.0 0.0 0.0 0.0 0.0 1.7725853209352183e-05 0.0 0.00010426085170738312 1.1660850045632008e-05 0.0 0.0 0.0 0.0 0.0 0.0 0.0 0.0 0.00016088626203852554 1.262286779437182e-05 0.0 0.0 0.0 2.3079155928019862e-05 0.0 3.2080727417881116e-05 1.0927089422490963e-05 7.946178237127487e-06 3.781208003210685e-05 0.0 0.0 0.0 0.0 0.0 0.0 9.075671892584432e-06 0.0 0.0 0.0 0.00026464860359485506 0.00017239541322773902 0.0001471286307797292
0.0734724914471371 0.04443201575521507 0.0004685316923388156 0.0 0.00890460848591543 0.010037905186843967 0.015218291989463428 0.00023017782492828513 0.007337310850007063 0.10683537508855885 0.00036207762811393693 0.001924055371203628 0.011066742170007424 0.003849426562730527 4.3986567093663805e-05 8.596904581401518e-05 6.304770309854409e-05 0.0 0.0 1.3357107177935414e-05 0.0 0.0 0.0 9.891483096918557e-06 0.0 0.0 0.0 0.0 0.0 0.0 0.005363112397107818 0.0 2.3465730514554863e-05 0.0 0.0 7.152751665786976e-06 0.00011143498157598053 0.0 0.00010706400431433547 2.8016704473478387e-05 6.790992713009834e-06 0.0 0.0 2.9639963385326333e-05 0.0 0.0 0.0016256221697345738 0.0010601135032896896 1.6594829587134855e-05 8.893411588473576e-06 0.00022812036957843332 0.0 0.0 7.0044943734994016e-06 0.0010940340918564005 0.0019143191291013909 0.010766386146819119 0.03370123772894459 0.0044885176599641415 0.0014199465633922303 0.0 2.1916451454244557e-05 0.0 0.001433647844204861 0.0012178145123058713 0.00046845744176375847 0.0004257820761608008 0.00038608411955905084 6.617731864887748e-05 0.0 0.00026197008782532903 0.00013755549925356517 2.6935604197077724e-05 0.021018524511146015 0.006356112545880259 0.0009357444086687539 0.0004291633185451283 5.561556889380594e-05 0.0 2.1653349525115544e-05 1.5392238514818357e-05 5.745354393322971e-05 0.002201236049639687 3.235169341749037e-05 0.00040934485519363126 0.0012649356926575884 0.0004568962427724073 2.6641627387174017e-05 0.00025452520550493676 1.560817806471135e-05 7.80600710504709e-05 2.8606482204938885e-05 8.346831135540948e-06 7.712790453072463e-06 0.0 0.007989089785924277 0.00023485942470753219 0.0 0.00015441661745431052 0.058054952877054665 6.224717434021592e-05 0.00011076619528638586 0.0003128727962953195 0.0002755965318397092 0.0 0.00015743993372469698 0.0001422201261147531 0.00034896213444409336 0.0010405399165946611 0.0012728214113752836 0.0 0.000488304599052868 0.0007963020505255998 0.00043059403517003536 0.00034277733095651046 0.0 0.0 0.0 0.0 0.0 0.0 0.0 0.0 0.0 0.0 0.0 0.0 0.0 0.0 0.0 0.0 0.0 0.0 0.0 3.619531090722405e-05 6.318745361031656e-05 0.0 0.0 0.0 0.00010622118551125852 0.0 2.102072652458892e-05 4.251719900321935e-05 3.303594883521256e-05 0.0 0.0 0.0 0.0 0.0 0.0 0.0 0.0 0.0 0.0 0.0 0.0 0.0 0.0 0.0 0.0 1.1681336858533376e-05 4.310059647707755e-05 0.00012942215117918798 0.0 0.0 0.0 1.545363420031424e-05 0.0 8.12666747210689e-06 0.0 0.0 1.5387264917335248e-05 0.0 0.0 0.0 0.0 9.771236802555768e-05 0.0 0.0 0.0 0.0 6.883270856783492e-06 0.0 0.0 4.6401568993438315e-05 2.9783959365421312e-05 1.3418596548924045e-05 0.0 0.0 8.27363383341339e-06 0.0 0.0 0.0 1.0444531293170986e-05 0.0 0.0 0.0 0.0004422487488158918 0.0 0.00010892370818830353
0.003305856987941395 0.1666883744836158 0.025198487952953742 0.00890460848591543 0.0 3.7057021114369816e-05 0.17560910310092634 0.0382656648612525 0.4387040430779462 0.03949797668140363 0.07540056161989166 0.0032409412849807263 0.02396742682173137 0.19270023608422154 0.00019634390164214986 0.0001546213113007531 2.926734242630075e-05 0.0 0.0 0.0 0.0 0.0 0.0 0.0 2.23928029196694e-05 0.0 0.0 0.0 0.0 0.0 0.004606447634249904 0.0001765109025731332 0.00016822312291917745 0.0 1.1479220740869427e-05 2.297880292140727e-05 0.0002851565625518934 2.6920090981659472e-05 0.00015260357102232707 7.0142452422491955e-06 3.09249074500956e-05 0.0 0.0 1.2455354000139225e-05 1.7656929618967737e-05 0.0 0.0014545675750128025 0.00024052593869440327 4.373952051585598e-05 0.0 6.0208517397804075e-05 0.0 0.0 0.0 0.000156644594178258 0.00013094290300695387 0.0005633480633675072 0.003573916836699633 0.0004932705019260277 0.0005077746109247429 6.794926125977783e-05 3.037223606240595e-05 4.0507029339244735e-05 0.001606989852895959 0.00014306601656203743 4.2967175935841413e-05 6.356135378963664e-05 4.813887070452793e-05 1.7226353849713335e-05 3.827539199244057e-05 0.00032373740920482833 0.0 0.0 0.0027169894826848716 0.0024756015100172815 0.0008487007413434808 0.0007515431347187379 4.5674128007874845e-05 2.9327351428731035e-05 0.0002766557779083326 0.0 0.0001266164690639312 0.0003422476931116245 0.0 0.00011685153164635382 0.0001450930365262938 8.071071883022143e-05 0.0 8.119374332041343e-05 0.0 2.189871114178158e-05 0.0 2.862484180606354e-05 1.4613528143343748e-05 6.406601825092762e-06 0.0007189797182873926 0.0003382116511306799 0.0 0.0002184097594136961 0.0007320775109100165 0.0 1.8620207988676257e-05 0.0 0.0 0.0 0.0 0.0 0.00010299972373482768 6.677814713529978e-05 0.0002563099155196808 1.4502038962643619e-05 7.510272865517491e-05 0.0003461930117146571 8.101823043837281e-05 0.0001227279087145031 0.0 0.0 0.0 0.0 0.0 0.0 0.0 0.0 0.0 0.0 0.0 0.0 0.0 0.0 0.0 0.0 0.0 0.0 0.0 5.44929604332027e-05 0.0 0.0 0.0 0.0 0.00014698635489283576 0.0 0.0 7.115164563888221e-05 0.0 0.0 0.0 0.0 0.0 0.0 0.0 0.0 0.0 1.0314015691074221e-05 1.4300865899682486e-05 0.0 0.0 9.65604387611772e-06 0.0 0.0 0.0 0.0 0.0 1.4491412547854896e-05 0.0 0.0 0.0 9.725117363290578e-05 0.0 0.0 0.0 0.0 0.0 0.0 0.0 0.0 0.0 0.00013313338968992848 0.0 0.0 0.0 0.0 1.1110590370516934e-05 0.0 0.0 0.0 0.0 1.6987293271299103e-05 0.0 0.0 0.0 0.0 0.0 0.0 0.0 0.0 0.0 0.0 0.0001180083814656957 0.0001812442422323469 5.7598365861161563e-05
0.00247598004005099 0.0005291356934001976 0.0 0.010037905186843967 3.7057021114369816e-05 0.0 0.00042797500073317885 1.0490188504747642e-05 0.0 0.029460090432806472 0.0 0.004593905556415757 0.0013952251421080193 0.00021189989413194 4.539199001325436e-05 5.260035366308731e-05 0.0 0.0 0.0 0.0 0.0 0.00015267957544491778 0.0 0.0 0.0 0.0 0.0 0.0 0.0 0.0 7.256066511698513e-05 0.0 0.0002582372899405678 0.0 0.0 0.0 0.0016365630412574594 7.429651814725661e-05 0.0008941318347170024 0.0 0.0 0.0 0.0 0.0 0.0 0.0 9.883182286714735e-06 0.0 4.4145210387232956e-05 0.0 2.2198649380025853e-05 0.0011833612982914648 0.0001884817344929242 0.0 7.183635501792591e-05 0.0001334217095493431 0.011599736606971254 0.0015711190492474546 0.00035148395433834455 2.175100562949179e-05 3.3099988380423136e-05 6.752146023438243e-05 0.0 0.0001273300893727213 4.800904327748458e-05 2.7887075439243217e-05 0.00010286596496140817 2.4940848552117262e-05 0.0 0.0 0.003166817016567134 0.008366556613285428 0.001036149540925104 0.0006697551746277807 0.00016360100791691968 2.5861971205540915e-05 1.8076382302549028e-05 0.0 0.0 2.6064111433441972e-05 0.0 2.7331450203076062e-05 3.890159684784943e-05 0.000219415431157741 2.6814304905330907e-05 0.00035619678169669205 0.0 0.001074810069845084 0.0003446724038594499 0.0011022522232351302 4.059385305852098e-05 4.8577533047307865e-05 0.0 0.0 0.0 0.009644983413685606 0.02275921345360286 0.0020620426062732847 0.007155686212986383 0.03420617320376679 0.0 0.00024794381617150834 0.0 0.0 0.0 0.00021891739012301506 0.0002290414550332054 0.0 0.0004412383535319658 0.001143639915494479 4.093964276796661e-05 0.00023136252551580466 0.0006863054147424108 0.00046325754835061607 0.00020126087244466993 0.0 0.0 0.0 0.0 0.0 0.0 0.0 0.0 1.7448487663950952e-05 0.0 0.0 0.0 0.0 0.0 0.0 0.0 0.0 1.3084811670965716e-05 8.57568275070036e-06 3.306293576803784e-05 0.0 0.0 0.0 0.0 0.00010284512820563678 0.0 1.2989255223809491e-05 1.579869578059924e-05 0.0 0.0 0.0 0.0 0.0 0.0 1.323603521128131e-05 0.0 0.0 0.0 0.0 0.0 0.0 1.7800674163732888e-05 1.483989502635336e-05 0.0 0.0 1.1335131075281689e-05 0.0 0.0 0.0 0.0 0.0 0.0 0.0 0.0 0.0 0.0 0.0 0.0 0.0 0.0 0.0 0.0004446643713820558 1.4910440202399193e-05 0.0 0.0 0.0 0.0 0.0 0.0 0.0 0.0 0.0 0.0 0.0 0.0 0.0 0.0 0.0 0.0 0.0 0.0 0.0 0.00047059643035800145 9.104183281258768e-05 3.91774214046676e-05
0.010004953977914687 0.1474604709569614 0.008803407820541882 0.015218291989463428 0.17560910310092634 0.00042797500073317885 0.0 0.006468510435906025 0.17013428522949242 0.16550599626439852 0.040617956947057644 0.015230781276211268 0.28892170064498846 0.3946307653144636 0.000949381820085562 0.000751524527126603 7.458743709023129e-05 2.9664614380607955e-05 0.0 1.8342914773986346e-05 9.041643392796209e-06 8.104939326426495e-06 0.0 0.0 0.00011104354774337265 2.5079493437302433e-05 9.677980747565072e-06 1.681506144809672e-05 5.378602899304987e-05 0.0 0.005529454218891491 0.00024851406185545687 0.0008414006609739668 3.703891501516673e-05 0.0001929048305096904 7.412686474169679e-05 0.001297324124565518 0.00013147486714528862 0.0003166929001040991 2.77776060075487e-05 0.00012689297628489148 2.6376998935604197e-05 8.630593471278499e-06 0.0002131793555287913 3.286496316683662e-05 4.547709983910429e-05 0.004909552511724612 0.0008824287704016525 9.745031523617471e-05 3.079614018462102e-05 0.000195331029892441 0.0 7.850353133043502e-06 1.8630890890306194e-05 0.0005119092127995234 0.000918770440092208 0.002565529236327734 0.012531748788134574 0.0023908416752578283 0.002047312388026664 8.653924603294519e-05 0.00038080526305279283 4.365983204903543e-05 0.0042510033743851415 0.0005127001987260048 0.0003216687680826868 0.0003511520486811528 0.00025719993872269273 0.0002000943089552297 4.866326836159473e-05 0.0017887847371228947 0.000130997171706361 0.0 0.011868077450898877 0.008056315104249463 0.003072808521719313 0.002920776124969495 0.0006830832193259079 0.00014247922643338633 0.0006116663094140602 3.755844033774627e-05 0.0006988137237784669 0.0015759228142203923 1.968280951344096e-05 0.0003731486487633147 0.0005661643594980022 0.00028204436561457373 0.0 0.00019219969907095346 0.0 6.978674651695638e-05 4.33399835769886e-05 0.0001479278906507217 8.759994560443415e-05 2.2020332821841707e-05 0.004379596494372558 0.0020594636127404865 0.0 0.001618498106495488 0.005647136902741617 0.0006806135574520212 0.0006396863720991356 0.007564140320981025 0.0007137463309328619 1.6286230951721922e-05 0.009913640515726536 0.000908896609133171 0.002775709283871385 0.00503775144035716 0.00510504177297 0.0001801389655879037 0.003575266594592656 0.001463229571034617 0.0006785605735178568 0.0010950045778092754 3.8582441372903427e-05 1.8597762046794e-05 0.0 0.0 0.0 0.0 0.0 0.0 0.0 0.0 1.197773295851475e-05 0.0 0.0 0.0 0.0 0.0 0.0 2.232595556513178e-05 0.0 0.00029012521674753904 2.9664050889923578e-05 0.0 0.0 0.0 0.00047996832751231577 0.0 0.00024078803625994077 0.0004781867008524656 5.114387352767216e-05 0.0 0.0 0.0 8.492306795330347e-06 3.24736374858638e-05 0.0 0.0 2.7414104229060714e-05 0.0001295115305835975 0.0 0.0 0.0 9.15029032097344e-06 0.0 5.10512096201048e-05 4.61055448799723e-05 7.639112323930609e-06 0.00039933693411763044 0.0009869556964859675 0.00013135321033316868 0.0 0.0 0.00018195601225265507 8.097650388430844e-05 1.7184207777523306e-05 6.03261360896406e-05 0.0 1.9358835435393235e-05 8.209176147804986e-06 0.0 0.0 0.0 0.0009290395273897302 2.179136685527202e-05 0.0 0.0 0.0 0.0001641136363339588 7.688543269819178e-05 0.00012813768725256913 0.00048409386118248855 0.0005583683969932793 7.770745814392413e-05 3.8895853100506734e-05 5.509506882878339e-05 4.412332724717116e-05 0.0 0.0 0.0 1.5462187134711798e-05 0.0 0.0 0.0 0.0011047770699974346 0.0005251815235846912 0.0009154390618114002
0.01898315617407663 0.05619430154929878 0.2325910489887736 0.00023017782492828513 0.0382656648612525 1.0490188504747642e-05 0.006468510435906025 0.0 0.07271446627517228 0.0029961874791257755 0.05326488073325794 0.012681064053470246 0.03143765179604348 0.2199991840288937 0.0008103177267635081 0.0009140645137725844 0.000262781617051553 0.0003361518364219112 1.9502670910195473e-05 0.0003330105914709254 0.0031248473741370183 0.0005255607321493583 8.939968111894306e-05 0.0002486177978727675 0.003682063183312012 0.0004887495576118523 0.00040364660593495273 0.0004210735080480542 2.5908291793069955e-05 3.359540828794357e-05 0.10042358935514008 0.03245721363367867 0.026247476304667436 0.001351628846733535 0.004608608201506357 0.003426974861864671 0.01526664691785801 0.003492764961494819 0.005284119007068266 0.0012176313833443604 0.007186070712893109 0.0007014417892212796 0.00047242389953382213 0.0004846807470632242 0.0006189284485367356 0.0005131760356100835 0.0031753436680507906 0.00048539724888978046 0.0002210931282295198 0.000447959007728105 0.0017167291325639535 0.00033752355874093807 0.00017491314815896048 0.000292386769387681 0.00020568719923320835 0.00036414924857252083 0.0022518663888942687 0.018711930728339068 0.001100593458210392 0.0010094345088877631 0.013241975874507955 0.01226349813027101 0.001256920384170901 0.019803843824726743 0.0003766317465664585 0.00035748589338816114 0.0007321068048481009 0.0012997809033064227 0.006049384018941899 0.004415059560846123 0.00500160029871545 0.00020006017230380654 0.0 0.00626770086335713 0.008054289673494263 0.002202961944108738 0.003748836015173326 0.0044603307110398635 0.07430856673331335 0.07651118606303085 0.023908969840728645 0.08765417417958474 0.0007632555668944996 7.67120718270289e-06 0.0001371929673954727 0.000442391501396616 0.0006597197913028518 0.0 0.00015095265697965407 1.1423662488209e-05 0.000175590351676761 0.00017522948273616495 0.010104800281028793 0.0017528842275956837 0.0002688378861096653 0.00823827486943274 0.0010215516592923463 0.0 0.0023938833965943583 0.005080648800623843 0.00011536438191161139 1.4074390865037867e-05 1.9476582944782304e-05 0.0 1.2719766148439004e-05 0.00016400786127945298 0.0 0.0 0.00036860377400551523 0.00027590296330923817 0.0001051710434681666 0.0005007541335306336 0.0004270871880944777 0.000475004549784341 0.0005120263754634466 1.8544293807258752e-05 0.0 0.0 0.0 0.0 0.0 1.4313747654936542e-05 2.4268639986581327e-05 0.0 0.0 5.428234993457416e-05 0.0 6.303507140089203e-05 0.0 0.0 1.0181972877672745e-05 0.0 2.7200375243478424e-05 0.0 6.455954929358673e-05 5.1102168328389225e-05 0.0 0.0 0.0 0.000538511364151051 6.35458695065029e-05 0.00038104351972701557 0.0007057094210514552 2.8787719546132503e-05 2.845622445183539e-05 0.0 0.0 0.0 2.1924398877258784e-05 0.0 0.0 8.798741364746992e-05 2.8315601149479655e-05 0.0 1.6590039227453746e-05 0.0 8.517084059368017e-05 2.418099169719604e-05 0.0 2.1307922158090436e-05 0.0 3.726022908134273e-05 0.00010660613231235694 3.483617344310276e-05 0.0 1.164391088190489e-05 0.0001469970639712946 8.141834188974726e-06 1.188690487328707e-05 1.8286677990367344e-05 0.0 0.0 0.0 0.0 0.0 0.0 0.000479226265390107 6.663554817122914e-05 0.0 3.848409502688201e-05 5.81160870491416e-05 5.821758425872087e-05 4.444114632611754e-05 0.00011892710067291187 2.32092334126652e-05 1.2641344502362424e-05 5.958555709144583e-05 0.0 8.81567949517824e-06 0.0 1.7437308091436616e-05 0.0 0.0 0.0 3.919410982192882e-05 9.648891402064098e-06 0.0 0.00046014059618567493 0.0005550377117095723 0.0005945017253029499
0.00019529997590704787 0.20228960166402873 0.0489530501755463 0.007337310850007063 0.4387040430779462 0.0 0.17013428522949242 0.07271446627517228 0.0 0.019360098758086235 0.11994184776990531 0.0041071869990238746 0.1494646496348225 0.1998346205431373 8.502458582880026e-05 4.234903354372096e-05 1.66752055401449e-05 0.0 0.0 0.0 0.0 0.0 0.0 0.0 0.0 0.0 0.0 0.0 0.0 0.0 0.0010624823471738194 1.7031106394169076e-05 0.00021048720645347737 0.0 1.0628006753232014e-05 0.0 4.239414999712251e-05 4.3609675867214695e-05 3.1426647684057523e-05 0.0 1.0180122589190793e-05 0.0 0.0 0.0 0.0 0.0 0.00037864023195815523 4.6446779821196545e-05 0.0 0.0 0.0 0.0 0.0 0.0 2.356784770165974e-05 6.0973511799820745e-05 0.00011741946619185969 0.0009904483405652783 0.00023348587552139642 0.00017601835040610065 0.0 0.0 1.2585884068378248e-05 0.0005324333042606418 6.272100869688684e-05 1.3588841688588843e-05 2.971439857591333e-05 1.453949180496488e-05 6.964388027368583e-06 8.64685479291097e-06 5.816686114189618e-05 0.0 0.0 0.0008789220659209257 0.0007044902593576072 0.00028949870603655085 0.000173025900061258 3.3268477605962667e-05 8.130351929655117e-05 0.0002436781662028229 0.0 0.00015562680394017953 5.0697929204422146e-05 0.0 2.2935489224877365e-05 1.6169529137759356e-05 1.3286128706485566e-05 0.0 7.485012087896249e-06 0.0 7.492146651488027e-06 0.0 0.0 0.0 0.0 0.00040199283172929497 6.202219758459148e-05 0.0 6.287723545583399e-05 0.00019216793900004502 0.0 0.0 0.0 0.0 0.0 0.0002363515776609062 0.0 0.0 3.9830465776023446e-05 1.788038742965446e-05 0.0 0.00026116171359584636 2.6834370133514876e-05 1.5372346880341567e-05 4.674039222208798e-05 0.0 0.0 0.0 0.0 0.0 0.0 0.0 0.0 0.0 0.0 0.0 0.0 0.0 0.0 0.0 0.0 0.0 0.0 0.0 0.0 0.0 0.0 0.0 0.0 4.4433562623251664e-05 0.0 0.0 2.4505786212169295e-05 0.0 0.0 0.0 0.0 0.0 0.0 0.0 0.0 0.0 0.0 0.0 0.0 0.0 0.0 0.0 0.0 0.0 0.0 0.0 0.0 0.0 0.0 0.0 0.0 0.0 0.0 0.0 0.0 0.0 0.0 0.0 0.0 0.0 0.0 0.0 0.0 0.0 0.0 0.0 0.0 0.0 0.0 0.0 0.0 0.0 0.0 0.0 0.0 0.0 0.0 0.0 0.0 0.0 0.0 0.00012001807374697569 7.258366215000124e-05 2.068700364438316e-05
0.1003264202162445 0.27050971147280684 0.0018395256982785054 0.10683537508855885 0.03949797668140363 0.029460090432806472 0.16550599626439852 0.0029961874791257755 0.019360098758086235 0.0 0.00882523910843889 0.10406125854003909 0.35238841854284286 0.03497572223209888 0.0012462808237920482 0.0010169798675214092 0.0001940213266807551 9.63501561617733e-06 0.0 0.0 0.00011306381201919178 2.4049446932406783e-05 0.0 3.0145850580070577e-05 0.0001166897182010371 0.0 5.226216143378592e-05 4.65801452533193e-05 2.2078006575592258e-05 1.6951581876960847e-05 0.004984374949229329 0.0002754361629420271 0.0057370735491509344 0.00012689582887037305 0.00034493011060637846 0.00015336160720991478 0.00918001061484676 7.179483167871716e-05 0.001133378604092855 0.00014037285830108455 0.0003114724323923378 2.9522396358283603e-05 3.4354196026065094e-05 0.00014564940711321952 5.827654481026899e-05 0.0001309509661591062 0.00711399533793974 0.001773269821588495 0.0001236201383486422 8.123791189706474e-05 0.0003114449825429601 4.81646879464216e-05 5.958164641098715e-05 6.277668267868537e-05 0.0015295879851187208 0.0026076529548836463 0.010004709343049454 0.029630205021737112 0.006338141953787222 0.003776539855566015 6.91504759819875e-05 0.0017068604446629232 0.00014879949087712855 0.004048658428527404 0.0016055590205419142 0.0006517022550302559 0.0006996575696776446 0.0006118143221596572 0.00047394117879858067 0.00010386950329390099 0.023631943116489466 0.001082389890273922 1.71985182365419e-05 0.030273609599516648 0.012272842853121507 0.004097101642754927 0.0031099159559617446 0.0008015914480275208 0.00011724591312766394 0.0013325495185214618 0.00011086072188198564 0.0030952386762183076 0.0035916845666353835 9.138364915495814e-05 0.0006863766536044214 0.0017291150938573802 0.0007436005750837682 1.7299664814387252e-05 0.000489753997667213 4.782534049233084e-05 0.00012723296989333667 4.1712471619315056e-05 0.0003989886631203546 0.00017245406723484389 8.835727019559528e-05 0.05961321358484375 0.021649472192559107 0.00017274200684137616 0.00930382784405079 0.052015086255037105 0.000657457361050079 0.000544324916141076 0.0006059831021878806 0.0002253580170035765 6.984003014096178e-05 0.0027144174611437814 0.0022459511426795842 0.0009528998081572551 0.006470620080963981 0.007815709344137502 0.0007790981970380183 0.006844216970722846 0.01247465551727465 0.005348446861116443 0.006953014098788613 0.0002785406955794027 1.7467456909642443e-05 0.0 0.0 0.0 0.0 0.0 0.0 0.0 0.0 0.0 0.0 1.617888804294019e-05 0.0 0.0 0.0 0.0 0.0 0.0 0.0005239772792389732 0.0004243061183981231 0.0 0.0 0.0 0.0037308119135089184 0.00012626921069661386 0.001850790490148052 0.0027981832990248605 6.961231101808246e-05 0.0 0.0 0.0 0.0 0.0 6.702999785006706e-05 0.0 0.00012272887863489865 0.000208067586410001 0.0 0.0 0.0 0.00011435241395136207 0.0 7.167555351370378e-06 0.0 1.609144365727443e-05 7.104780698084793e-05 0.0005151117087745824 0.0004491990571536541 3.858403678173596e-05 9.33804252377881e-05 0.0013290100103409922 0.00011288288466676093 0.0 1.3969720748255374e-05 0.0 6.861336051927898e-06 0.0 0.0 0.0 0.0 0.0068320298265777835 3.6700514748962304e-05 2.1782167766520002e-05 8.510800036054965e-06 0.0 0.0010902485931265074 1.8421709095442197e-05 0.000916573905872903 0.0002009429858570596 0.0002734403657348236 0.00011331153850568599 3.1997489924158485e-05 5.5302144766652117e-05 8.93693125531476e-06 0.0 0.0 0.0 1.002044875520133e-05 0.0 9.185899763451936e-06 0.0 0.009137837695563278 0.0034043499145603173 0.0032677932769421105
0.007673103671910043 0.0680605425647691 0.07419880275305187 0.00036207762811393693 0.07540056161989166 0.0 0.040617956947057644 0.05326488073325794 0.11994184776990531 0.00882523910843889 0.0 0.027833848531470723 0.1109143637372717 0.33253490827858656 0.0007809578216926358 0.000560056435290185 0.00016784554076221934 6.079439064858115e-05 0.0 3.0290231635095344e-05 6.603409281864208e-05 0.00026542133669411904 0.0 2.5423093937218776e-05 0.0009730413252646061 0.00010074120485137755 8.18184891620454e-05 8.282577560311249e-05 1.1442565602964429e-05 1.941746670998887e-05 0.024855036149824872 0.0017426408431886452 0.03228220902299082 0.0001944988471482477 0.0005745829681871371 0.00097342392717293 0.01594411980521598 0.0018237479480941758 0.002613802297723358 0.0004061535381022227 0.0008150343277183946 0.0001876092049890928 2.7818590655174117e-05 8.140333430044432e-05 5.111169876068547e-05 4.147043721536971e-05 0.0022697514915974368 0.0002428320305199841 3.5291642687737696e-05 4.990047002370959e-05 0.0002906267751214267 0.00010251070750628273 5.3711597246782454e-05 0.00015940834445800307 0.00014455340257710355 0.00038299206500267373 0.0007388713410535017 0.006279737843779014 0.0005657880510504271 0.000629066960989864 0.0002866934951042135 0.0007795760798479313 0.0001609962143638261 0.004001149151199894 0.00015917639433294357 0.00020660103232865892 0.00015467448815085138 0.00026110021182530724 0.0004056974461246065 0.00011395167770041465 0.005300086725255076 0.00020151721524104215 0.0 0.0041273750502665695 0.003790404590697813 0.0015687773162916551 0.002114227743077018 0.00046271385010431356 0.0024011416436359 0.0325512920557916 0.0002782837665598369 0.010703417595562401 0.0005415412432279778 0.0 0.00012468074836782187 0.00026584193358066704 0.00018373696451473015 8.122214655745276e-06 9.971526673088486e-05 8.400038295651532e-06 6.539418301559795e-05 7.395090134265424e-05 0.0004892222952971668 0.0002453972247307899 2.0296062349476205e-05 0.009214784096851336 0.0006650250306082796 0.0 0.0013201114033408537 0.0021645139086969045 0.0 3.096979382294876e-05 4.166453151271637e-05 0.0 0.0 4.738538377425025e-05 5.811910702855517e-05 6.746025605305557e-05 0.00013678568004867145 7.274052541920802e-05 0.0 0.00016371925691924046 0.00032260077754145996 0.00011319013726207943 0.0004090447357841767 9.637914355541456e-06 1.0326113519190358e-05 0.0 0.0 0.0 0.0 1.7964776014982948e-05 5.1530695416353486e-05 0.0 0.0 0.0 0.0 0.0 0.0 0.0 0.0 0.0 0.0 0.0 0.0 0.00010174655351824523 0.0 0.0 1.4411950717263151e-05 0.00011376716963334151 0.0 0.0001302848230403623 0.00031467811711847007 3.586599055631394e-05 0.0 1.3655252992266797e-05 0.0 0.0 1.0654003099744179e-05 0.0 0.0 0.0 8.685969863864752e-06 1.0316266898356058e-05 0.0 0.0 2.426484296866901e-05 0.0 0.0 0.0 1.063636473914096e-05 6.744972470148745e-06 0.0 0.0 1.3550938329265645e-05 1.1642512488152708e-05 1.985084133333938e-05 0.0 0.0 0.0 0.0 0.0 0.0 0.0 0.0 0.0 0.00019369269174944278 1.562825293699016e-05 0.0 0.0 1.2140572122204344e-05 9.794978704125695e-05 0.0 9.91505354025945e-05 0.0 0.0 1.2857239964964707e-05 1.2468319796791194e-05 0.0 0.0 6.40265876802997e-06 0.0 0.0 0.0 0.0 0.0 0.0 0.00014373108643079803 0.00019883359154556902 0.0003594365527871816
0.0012629229066884557 0.01391660706353405 0.003552924865421545 0.001924055371203628 0.0032409412849807263 0.004593905556415757 0.015230781276211268 0.012681064053470246 0.0041071869990238746 0.10406125854003909 0.027833848531470723 0.0 0.08306678857548508 0.028849752363243244 0.001101109978708564 0.000878661578230363 0.0001352698956186135 9.293846599229988e-05 9.054153850398823e-06 2.159791182364065e-05 0.00012090255917295614 0.00030538011301883984 0.0 5.724540852265614e-05 0.0007982161780933565 0.0003603631532864759 0.00011498282087666667 0.00018547970480644718 0.0 8.0200575145332e-06 0.0016999271560859664 0.0002090640755980279 0.008387766611371078 0.00018900946969567042 0.0008349546327114296 0.0003913729838802998 0.03220320939804395 0.0019230520705291868 0.003375675762497324 0.0002074891329124775 0.0006910196811374816 0.00010538442871065409 4.053891340565831e-05 0.00010568818807704781 0.00010425525951010223 0.00010111682443503527 0.0021637024552457113 0.0001993878845189201 4.062351278334551e-05 2.6164151695836094e-05 0.00020374757061209612 2.6865643177633776e-05 9.959215228271586e-05 7.778380355415388e-05 7.465772049798854e-05 0.0001296116369769277 0.0005944577330754614 0.0015336221609673136 0.0003384107438246106 0.00041154357173382624 4.2730264612849243e-05 0.002757448556762512 0.0001558799001209093 0.001349978368052858 7.931706170633886e-05 2.3730609023726668e-05 9.153076155541511e-05 0.0002406598166412805 0.0006441200972861462 0.0002035425591993877 0.017830901227924488 0.0004185564798912119 0.0 0.0022264589190795587 0.0019202693799360345 0.0016923764580680976 0.0014316895528825012 0.0005404646171227202 0.000301941428339038 0.007017322012292974 0.00014203235283271183 0.0025225973860224364 0.0002577159281067847 6.995408947293748e-06 6.999471591132588e-05 0.00012578027093196372 8.523527141359579e-05 3.1229359124726215e-05 8.969197710088849e-05 9.011119832619355e-06 3.788283462278355e-05 0.0 0.0005237404602237459 0.0001415091792868262 3.5466789783038206e-05 0.042334855436815665 0.004954826418751749 0.0 0.0049428492127741325 0.0033491689271794444 0.00038048829747624005 0.0004837914781662017 0.00028045329042494327 0.00014003948743034056 0.00013410510526489652 0.0020031582100089556 0.0012818340281091957 0.0007356640719403596 0.0047237727088634916 0.003852268464621694 0.0007433913595345723 0.005748839830507978 0.008521356230122543 0.004240441635651892 0.0050928507360549395 0.00023160054728743157 1.8080777943205507e-05 0.0 6.065285873471847e-05 0.0 0.0 0.0 4.201945349111402e-05 0.0 0.0 0.0 0.0 3.182950288041468e-05 0.0 0.0 0.0 0.0 0.0 0.0 0.0004774420306914659 0.0002741808104045546 0.0 0.0 0.0 0.003440575667741776 3.0803397365990084e-05 0.001780381442567506 0.0022804307973577284 0.00011125585629155736 0.0 0.0 0.0 1.4971793178332201e-05 1.375931277561853e-05 9.508847434262841e-06 0.0 7.268213662471128e-05 0.00014519159022035433 9.837281906175264e-06 0.0 0.0 0.00010034574805349257 0.0 0.0 9.167577360978815e-06 0.0 5.547092882594826e-05 0.0003575766257213044 0.0 2.2844861599049627e-05 3.232360568012518e-05 9.400027945674313e-05 4.322697545135075e-05 1.1924307428542367e-05 0.0 0.0 1.098533562215681e-05 0.0 0.0 0.0 0.0 0.004584390863971155 9.639634173197462e-05 6.898352981162278e-05 9.890186655026144e-06 0.0 0.0012903911528659624 0.0 0.0006886558142951542 0.0002773734886910638 8.07401539854089e-05 0.00011830274610598489 0.0 4.706848777295309e-05 8.6504733950687e-06 0.0 0.0 0.0 0.0 1.6385683613194555e-05 0.0 0.0 0.007647875863315884 0.0027343826414878464 0.002975039356174908
0.0033911082423756012 0.054341492490169015 0.014560580372185784 0.011066742170007424 0.02396742682173137 0.0013952251421080193 0.28892170064498846 0.03143765179604348 0.1494646496348225 0.35238841854284286 0.1109143637372717 0.08306678857548508 0.0 0.42116481985076915 0.002148916098034149 0.0019081357660282595 0.0002690775039789887 9.220952810544403e-05 0.0 5.376721818605936e-05 0.00032051346820715894 0.00015398099093481428 2.0467976606412695e-05 8.604823692108742e-05 0.0009598221121101862 2.7087993295141437e-05 0.00019626547379629798 0.00013757877252101213 8.823067560691594e-06 1.7365804016817853e-05 0.005684987814377175 0.0004000077856212493 0.02356201113059305 0.0003907848194681337 0.0013825252751715604 0.0010087230798550948 0.07117032803612762 0.004244389567804628 0.005007717652781432 0.0003543623164189271 0.0011681458642785326 0.00029065196825261134 0.0001241928825420189 0.00020272590275902696 0.00015835060217931127 0.0002520852501986209 0.0053448668615149126 0.0005659148323212282 0.00012625573858498265 4.117923446046108e-05 0.00045010836165771203 0.0005000011102057723 0.0002487239862456238 0.00023212539408377241 0.00040247519973217374 0.0005826060925238302 0.0008211980443926042 0.00452260203143811 0.0010504763253296758 0.001676368734798151 0.0003293218367895826 0.004286170297571783 0.0003393912079713287 0.004039632338304133 0.0003070974659197475 0.0002545913846614745 0.0002777460559187038 0.00045504960251376746 0.0011690330748501702 0.00033355020888738173 0.05090646312346076 0.0005004731907149097 1.6778307113787635e-05 0.006556933637267148 0.005324014932138034 0.003979353809599819 0.004709724493449584 0.001232287283507259 0.0006789165150148521 0.0230598443638042 0.00034507188293374827 0.005321883640909203 0.0006369234587890501 8.476146047829805e-06 0.00013930838168873687 0.00032967518815824867 0.0003055592868681691 1.3641778814043831e-05 9.156654528046469e-05 1.90625839968345e-05 7.894909677853051e-05 0.0 0.001124155698559764 0.0004497672589783599 9.689347966610489e-05 0.0460600608253631 0.005235280103206854 0.0 0.007063848563244662 0.0018856332863288565 0.00029956350040643025 0.0004539798526481326 0.00024832462841137493 0.0003732848295822675 1.431989369880696e-05 0.0022007143640398624 0.0009216096230374924 0.0004960193252135481 0.004354776724675734 0.0035853979731710565 0.0003333272532584907 0.004477457016360815 0.0064128367675405674 0.0031928921966659996 0.004109194551004964 0.00013986285376670646 3.594392517560097e-05 0.0 8.347927806897335e-06 0.0 9.153357831997308e-06 0.0 0.0 0.0 0.0 0.0 0.0 0.0001017062026254237 0.0 0.0 2.1924449853188668e-05 0.0 0.0 0.0 0.00028906081453249435 0.0001339687453413251 0.0 2.36400516620185e-05 0.0 0.002937856893630056 0.00026293409156874243 0.001873194943823155 0.0021288685075219246 0.000314987582344691 0.0 0.0 0.0 7.33019956657137e-05 9.05237327494531e-05 3.348467203550508e-05 0.0 4.428317743032347e-05 0.00015909019059119286 0.0 0.0 1.579285972549162e-05 0.00015064026339292052 5.103229823898236e-05 0.0 5.153960311566847e-05 0.0 0.0001424168615163588 0.00031210508708060463 0.0002338476916498787 1.3432077615786177e-05 0.00011099526527140708 0.00045768586268174065 7.669358960812696e-05 0.0 4.080835908260202e-05 0.0 1.8144304973661597e-05 0.0 0.0 0.0 0.0 0.0043494313941791814 9.410057597651447e-05 0.0 0.0 0.0 0.001094907668433386 0.00014493948255934585 0.0004659567651697218 0.00018965682611766084 0.00017045564132293193 0.00014748187330789644 4.378450677397716e-05 0.0001322449501850626 0.0 0.0 0.0 0.0 7.195029310985216e-06 2.2144140955975435e-05 8.466661769416018e-06 0.0 0.00499541333977267 0.0021936424285111285 0.003216421108401324
