0.0 0.13982586156371368 0.04856588107971918 0.09488236768931792 0.021118818818846946 0.002767491621775104 0.11961600983570084 0.0017419128979851003 0.006361305656302959 0.09949777518462394 0.018246146007685565 0.007772179617695864 0.02496973256124603 0.019851206219593482 0.00028022862299471846 2.9563480699640654e-05 8.142641854287396e-06 6.717932881287081e-06 0.0 0.0 0.0 2.0764495031046902e-05 4.426534273169497e-06 7.299466847733266e-06 0.0 8.774490943861318e-06 0.0 1.2813220553579258e-05 0.0 0.0 0.02064577897658558 4.523479847396554e-05 0.0003624790926696269 0.0 1.8985548008502674e-05 9.619987559216074e-06 0.0003270459936005328 8.66439571403168e-06 0.0 0.0 3.5232231191013346e-05 1.8031279917106198e-05 0.0 6.717457232264672e-06 0.0 7.754996060489135e-06 0.0012403942933396617 0.0007270863005015297 8.209883555038175e-06 2.0637553378373993e-05 9.17461294912155e-05 5.952611540358453e-05 4.9983666314521684e-05 0.0 0.0010393727052695806 0.0009675503210849066 0.03802994907752296 0.040429077211461356 0.005342493032657255 0.0026177563620610935 0.0 0.0 0.0 0.00011705488792808847 0.00041384262543760696 0.0005735142369069874 0.0001199179038684927 0.0001629010739442268 3.1372217462068945e-05 9.329196577555927e-06 0.0010968748553679228 0.00038640737365283406 9.79267887235154e-05 0.014439227252185646 0.00041645557670396945 0.0009511003241036109 1.4257616884401316e-05 2.47463075476035e-05 0.0 0.0005380062838329089 0.0 3.076358926018863e-05 0.0034090731243863097 2.8013427409937755e-05 0.0011851167489194592 0.00019108169366543342 0.0004132735980166472 2.6049973203790075e-05 8.789166420091801e-05 9.656583543829937e-05 6.36293782504473e-05 5.002852707287576e-05 3.4528253358966936e-05 6.172422296746653e-05 5.0614144613371076e-05 0.004339421323693238 0.0016333447141435636 0.0001048182979802965 5.558755095041196e-05 0.04817221761255384 0.0 4.059806957013857e-05 3.076284770848366e-05 0.0 1.9182937553116794e-05 5.319567664597353e-05 0.0 0.0 0.001053061582714267 4.1786040201193295e-05 0.00012342466444374987 0.00018812462737024524 0.0003554295412256569 0.0004155985387602667 4.731823478604043e-05 8.824255062874297e-06 1.9528847185065437e-05 0.0 0.0 0.0 0.0 0.0 0.0 0.0 0.0 0.0 0.0 0.0 0.0 0.0 0.0 0.0 0.0 0.0 0.0 0.0 0.0 0.0 0.0 9.524077901522894e-05 0.0 9.665325022523784e-05 0.0 9.76488148271171e-05 0.0 0.0 0.0 0.0 0.0 1.46930786040925e-05 0.0 0.0 8.27861699863623e-06 0.0 0.0 0.0 0.0 0.0 0.0 0.0 0.0 0.0 0.0 0.0 0.0 0.0 0.00010754383983397352 0.0 0.0 0.0 0.0 0.0 0.0 0.0 0.0 0.0 9.138361822048156e-05 2.987573108371463e-05 0.0 0.0 0.0 2.898589783587107e-05 0.0 0.0 3.5739344084279635e-05 0.0 0.0 0.0 0.0 0.0 0.0 0.0 0.0 0.0 0.0 0.0 0.0 0.0003953881138843011 7.440177555669124e-05 1.8063272233543084e-05
0.13982586156371368 0.0 0.04390950893823705 0.060714097516931444 0.18109361466034338 0.0037831905168485623 0.20803334595559173 0.008170176334809705 0.32477785541609394 0.03716319376252322 0.0437013766843032 0.0035729230749330645 0.13037858738803568 0.09240315404422739 0.00198401814528033 0.0002468329485143041 3.855457337688417e-05 0.0 0.0 7.4231624718102305e-06 3.899850702482421e-05 1.822600275539486e-05 1.9204277923282828e-05 1.723235562863622e-05 8.878532711934669e-05 1.153076903577981e-05 1.3953513009769746e-05 6.9595217873300646e-06 0.0 0.0 0.1719545533606501 0.0001608226312269342 0.0002579405948667885 6.9335674776559945e-06 4.992522772045112e-05 5.6186227480414666e-05 7.889343918818202e-05 6.664204220472763e-06 1.0483533399079249e-05 0.0 2.5039886667680594e-05 9.202602902220298e-06 0.0 2.592642253027291e-05 0.0 7.032404080726049e-06 0.005145047830387949 0.0018454687692234441 3.656688890878039e-05 1.1773056296341067e-05 0.00011336914652931264 1.7387537682096974e-05 2.1544333842496452e-05 2.16171479803312e-05 0.0015437279160554142 0.001469780013819322 0.018625801298201218 0.037634875376761884 0.004710185309432759 0.006586676823678359 0.0 3.065316285192764e-05 9.516411264827827e-06 0.0009958382536571508 0.0006974064509006445 0.000930311939588414 0.0001787771454235603 0.0004628713027476831 4.051392241038937e-05 2.1956768581865433e-05 0.00024209103254099377 0.00015625518005125762 1.1955042204147607e-05 0.022446905160747894 0.0037024196420121034 0.0045576959449252896 0.00018810894247175538 0.00012528045542167899 3.330395245399342e-05 0.00047026741418124585 3.26517997267342e-05 9.512367384193576e-05 0.004626514558016518 4.141906186138607e-05 0.0020451445551815588 0.0005239160656463352 0.0008245639205580463 1.7245893146978466e-05 9.285830489858464e-05 3.7718531185791276e-05 6.539512133292435e-05 8.240080308414672e-06 9.343350567749219e-05 1.6086963024602976e-05 5.356299048393077e-05 0.0010523646114659032 0.00017664173809620092 1.9615556417954542e-05 0.0 0.06839265842869134 0.0 3.1093584568589175e-05 2.660693661044273e-05 0.0 0.00010122072299950769 5.475397387877327e-05 4.400009760631023e-05 4.970276748861526e-05 0.0003654307900344774 0.00015828843707135854 4.743651636271798e-05 0.0004142931908136425 0.0005262738175330639 0.0006575392441316155 0.00017971244515030914 1.0134143513789013e-05 0.0 0.0 0.0 0.0 0.0 0.0 0.0 0.0 0.0 0.0 0.0 0.0 0.0 0.0 0.0 9.163917421689005e-06 0.0 0.0 1.3831981084777583e-05 0.0 0.0 0.0 0.0 0.00011065653071380175 0.0 0.00013958930608937847 7.370565577287383e-06 0.0 0.0 0.0 0.0 0.0 0.0 0.0 0.0 0.0 0.0 0.0 0.0 0.0 0.0 0.0 0.0 0.0 0.0 0.0 7.96449089672211e-06 0.0 6.715308700192086e-05 0.0 0.00014881292010320848 0.0 0.0 0.0 0.0 0.0 0.0 0.0 0.0 0.0 0.00029709509461227715 0.0 0.0 0.0 0.0 6.476458975754467e-05 0.0 0.0 0.0 7.954612660061879e-06 0.0 0.0 1.947819320400649e-05 0.0 0.0 0.0 0.0 0.0 7.877679430491156e-06 0.0 0.0 0.0005187250731600242 4.346659315184675e-05 1.8155958037196156e-05
0.04856588107971918 0.04390950893823705 0.0 0.032883547846637905 0.1470314339874677 0.0021759977145498328 0.0037585110991846223 0.1683821794971486 0.057631122637469674 0.008272632418153913 0.21980452108068785 0.001409874034355138 0.010855190072440714 0.07103882226961898 0.001205190698523648 0.0004925142048348482 0.00012298184864300787 3.700062082112871e-05 3.6211210473044486e-05 0.00012073199180939972 0.000808729513245251 0.0 0.0012224879891232652 0.0003556597615920986 0.0020783464250038867 0.0006215065853900354 0.0009282894751454253 0.0003019996019165042 0.00030159268297790784 8.317569053806324e-05 0.31138178740929195 0.05417907794577198 0.004176765234433897 0.00014437095099526323 0.00222625450995628 0.0010915697819913564 0.0012478378876008118 0.000310904023758358 7.380801726637845e-05 0.00016839386981499339 0.0011702941051535552 0.0006201477180489681 5.8825726777783944e-05 6.623160797507146e-05 8.317895384553391e-05 0.00021204656412663275 0.0027532220152715506 0.0008164444775128902 3.8416901063066866e-05 0.00013625390779381272 0.0009703500641860805 0.00010805130886404568 0.0 6.123045416513984e-05 0.0006101985304895554 0.00041066236599831527 0.011406100558741828 0.04887405530286122 0.0024250894996329223 0.003247540941450339 0.00034550413515742746 0.004534454330741544 0.0001317719865678285 0.04028353792391633 0.00039515235323868116 0.0004552621922261087 0.0001242374939066178 0.00032788183900444185 0.00041468644840196155 0.0007634956041533626 0.0002529249896780316 6.45861738572343e-05 2.13756440287554e-05 0.013338850585200155 0.008146324404374013 0.002971603592257896 0.0005813436214027821 0.0003898963523461716 0.0018598854890259518 0.03707228137377298 0.0002547863113357642 0.01311683200620078 0.001985763146513661 3.165758335704863e-05 0.0009317448593866678 0.00019649579626125578 0.00028467538699038713 0.0 0.0002489489027085873 0.0 0.0007170931641243709 5.872546658742784e-05 0.0019328130636329065 0.0017871723730919515 0.000727266120310408 0.000254862404620038 9.372249965618574e-05 1.27742154138664e-05 6.683081871028301e-06 0.011533789171407485 0.0 0.0 0.0 0.0 3.049808927140237e-05 5.574101231593594e-05 0.0 0.0 0.0 6.805639489220158e-05 0.0 6.364078518754788e-05 0.00014093473622557045 0.00020949086017192547 0.0001323963462251665 0.0 0.0 0.0 0.0 0.0 0.0 0.0 0.0 0.0 0.0 0.0 1.1244367848225612e-05 9.443493453745e-06 3.493225552752383e-05 0.0 0.0 2.4107413476847966e-05 0.0 7.485260347562823e-06 3.677483248604219e-05 0.0 8.634846918455644e-06 1.5567495255972465e-05 0.0 4.65081281858407e-05 1.6662649531876548e-05 0.00010674816205406819 5.4001481286346924e-05 2.50898216555654e-05 0.0 1.6807950468864624e-05 0.0 0.0 9.469818779255925e-06 2.5637019138243245e-05 0.0 0.0 0.0 0.0 0.0 0.0 6.713714148040459e-05 2.4604956273385798e-05 0.0 0.0 0.0 0.0 0.0 0.0 1.5259396601508868e-05 0.0 5.7169558159052466e-05 0.0 0.0 0.0 0.0 0.0 0.0 0.0 0.0 3.0820562029723935e-05 4.2599031893495674e-05 3.566250972826957e-05 0.0 8.712146844144558e-06 4.7365704654471036e-05 8.24099877659761e-05 0.0 1.4273040679896018e-05 1.3966919016676939e-05 0.0 0.0 0.0 0.0 0.0 0.0 0.0 0.0 0.0 8.001674555062558e-06 1.1030073324581808e-05 8.960379957470352e-06 0.0002609042324140109 6.595148717849437e-05 0.0001855168362478181
0.09488236768931792 0.060714097516931444 0.032883547846637905 0.0 0.030729261251708318 0.011646691692806688 0.10296490382130981 5.2722235479769176e-05 0.007387598270239452 0.1286039295288712 0.008269402287082615 0.022738238333336776 0.12328765895434432 0.010826029899874835 0.00016477742486314896 1.322463631931092e-05 7.671054807329858e-06 0.0 0.0 0.0 0.0 0.0 0.0 0.0 6.705768553513075e-06 0.0 0.0 0.0 0.0 0.0 0.00032673589443635634 8.594104291900072e-06 0.0 0.0 0.0 0.0 3.915974724373492e-05 7.314048298087373e-06 0.0 5.983364721496491e-06 0.0 0.0 0.0 0.0 0.0 0.0 0.00078836732417323 0.0002935403246837244 1.5446949666743228e-05 2.5404225179411873e-05 1.0887812509599745e-05 0.00010672065216570429 1.1811769615059349e-05 0.0 0.0002881832442942177 0.0004657350453607613 0.005025851792306514 0.0031174095811534676 0.001334569891646899 0.0013536574680505999 0.0 1.5004403608433657e-05 0.0 8.05315456232491e-06 0.0001447832609427595 0.0002458050450585569 6.462689728504026e-05 7.848129051018272e-05 5.989248658293429e-06 0.0 0.0005894952338728404 0.0003139173721480631 2.1700133615726982e-05 0.005811940603592419 0.00024111504826390706 0.0007228030104992928 8.513079808780349e-06 0.0 0.0 0.0 0.0 0.0 0.0013000508167301675 3.468979931796572e-05 0.0005600896264113917 0.00011813634053634081 0.00024579148498168375 0.0 0.0 0.00013780094447997794 6.458409847239787e-05 4.541396360548074e-05 0.0 2.421148461900827e-05 7.095439335429971e-06 0.003708043893161584 0.0005433044926965407 1.2267495135030317e-05 9.419132832278826e-05 0.021249128345460378 0.0 6.5360030338295e-05 0.00010907792456366055 0.0 1.2334708997594108e-05 0.0 6.31748334535794e-05 0.0 0.004543899671115004 0.0006971626349396434 0.00019251366120570516 0.0008716381411559949 0.0012311336650964574 0.0010450257199857772 0.00013246206690497678 1.200967416613265e-05 0.0 0.0 0.0 0.0 0.0 0.0 0.0 0.0 0.0 1.6014610136728405e-05 0.0 0.0 0.0 1.996767300566287e-05 0.0 0.0 0.0 0.0 2.3958740759453773e-05 0.00011981980353747152 0.0 0.0 0.0 8.820881074611981e-05 0.0 1.7524873057858037e-05 0.0 1.0113863874540766e-05 0.0 0.0 0.0 0.0 0.0 0.0 0.0 0.0 0.0 0.0 0.0 0.0 0.0 0.0 0.0 0.0 0.0 0.0 0.0 4.78924329102479e-05 0.0 0.0 8.351514555038182e-05 0.0 0.0 0.0 0.0 0.0 0.0 0.0 0.0 0.0 0.000179286709997156 1.1966470259872797e-05 0.0 0.0 0.0 0.00012388237223462153 0.0 7.960980309356081e-05 0.0 4.427503138070248e-05 0.0 0.0 0.0 0.0 0.0 0.0 0.0 0.0 0.0 7.533774148005273e-06 0.0 0.001024626717791284 0.00014001219694777196 2.7107004522527406e-05
0.021118818818846946 0.18109361466034338 0.1470314339874677 0.030729261251708318 0.0 0.001121258867630726 0.024671590420104732 0.0199521826058659 0.1732815583939334 0.0427119205999546 0.07394974054228877 0.004423405709243433 0.01782464469287531 0.03340721015665058 0.004542026511988211 0.0005161308613132198 3.3248159447623694e-05 0.0 1.4994018044814104e-05 1.6598345719789936e-05 2.7689294439740793e-05 0.0 1.1411118108283954e-05 0.0 7.071618006841273e-06 1.58758103763383e-05 5.796077558944687e-06 0.0 0.0 8.455600672223205e-06 0.031302926096086696 0.00034687664752983496 0.00015366015609734337 0.0 3.434157767659128e-05 0.0 0.0001572886789825884 0.0 2.2728118186191445e-05 0.0 1.3898685700507088e-05 5.811958764649644e-06 5.774392571222554e-06 4.823996099679148e-05 0.0 0.0 0.0076816947913397795 0.0012305763695514356 1.4329690430468577e-05 2.8599263336210268e-05 6.848729210916507e-05 1.2509012525730875e-05 0.0 1.1058199492809274e-05 0.00059622251030561 0.0007531349821094381 0.006173197209638914 0.016506439089231672 0.0020341177326852608 0.0054740726722320625 0.0 5.4641677512297025e-05 0.0 0.002326860236528651 0.0005758427874955086 0.000597093278715089 8.325190045474121e-05 0.00037325472640509195 6.3683786546999e-05 4.361941423907012e-05 0.00030369851943112905 1.5287436375362942e-05 0.0 0.015190406479027528 0.00716621776408432 0.008645619290803512 0.0008331114798812798 0.0002991283463527218 1.1037468202975674e-05 0.0003055288379880002 0.0 8.963386769645736e-05 0.002912674131276009 2.3196131385902886e-05 0.0013785419869169165 0.0004120475634645809 0.0006262991145470616 2.523210070935962e-05 6.275632135001082e-05 8.188530705684868e-06 3.9351147258429066e-05 0.0 4.617265499419817e-05 9.242002576238326e-06 3.9839121398144666e-05 0.00025064232314122046 5.5849820269601985e-05 0.0 3.469351331608422e-05 0.004153360986202017 0.0 3.4753642840029625e-05 0.0 0.0 0.0 2.31423225703088e-05 1.2482008524420053e-05 0.0 0.00015296958571211033 0.0 3.969540003828349e-05 0.0001553133057126934 0.000375388104424614 0.0006738831757006323 0.0001437824454828528 3.8807564420340316e-05 1.4463388603109712e-05 0.0 0.0 0.0 0.0 0.0 0.0 0.0 0.0 0.0 0.0 0.0 0.0 0.0 0.0 0.0 0.0 0.0 0.00013965486885947296 0.0 0.0 0.0 9.059859238684712e-06 0.00016625714065372107 1.507762092001092e-05 6.909527283321369e-05 4.3049338566379814e-05 1.5696099040395748e-05 0.0 0.0 0.0 0.0 0.0 0.0 0.0 1.4123814558543361e-05 1.7588380601803188e-05 0.0 0.0 0.0 0.0 0.0 0.0 0.0 0.0 0.0 0.0 0.0 1.5921747704578616e-05 0.0 9.372100791333841e-05 1.3190245599074836e-05 0.0 0.0 0.0 0.0 0.0 0.0 0.0 0.0 0.00015681711497413044 0.0 0.0 0.0 1.820811528035217e-05 0.0 0.0 3.315471241354727e-05 0.0 0.0 0.0 0.0 0.0 0.0 0.0 0.0 0.0 0.0 0.0 0.0 0.0 0.0004318012745649375 3.632415047760252e-05 0.00013170242229833956
0.002767491621775104 0.0037831905168485623 0.0021759977145498328 0.011646691692806688 0.001121258867630726 0.0 0.0032361532429368072 0.00018420117473288568 0.00027931389328830623 0.025491227747116964 0.0008851949528017282 0.01191292506422994 0.011295199725378721 0.0015777110137187278 5.1544590896210115e-05 0.0 0.0 0.0 1.6730495033303595e-05 0.0 0.0 0.00019496615940189232 0.0 0.0 0.0 0.0 0.0 1.4522672422133327e-05 0.0 0.0 0.0014467181968859238 0.0 0.00017417040976636358 0.0 0.0 0.0 0.0007024147140075692 0.0 4.008360259582141e-05 0.0 0.0 0.0 0.0 1.314902588359062e-05 0.0 0.0 6.642409991865157e-05 0.0 0.0 0.0 0.0 0.0011779964025661488 3.42120125147796e-05 0.0 2.033628803887719e-05 4.192073142915973e-05 0.010757171438338813 0.00039663970341204894 0.001691448721044787 6.0450191541291914e-05 0.0 0.0 0.0 0.0 0.0 1.9468469037312154e-05 0.0 0.0 1.2344173021230788e-05 0.0 0.007794726148828271 0.011339819693494733 0.001381918943785898 0.00026026775594580417 4.074578187008185e-05 1.722446542250155e-05 0.0 9.856466238072735e-06 0.0 8.838636990222731e-05 0.0 0.0 1.646314092527054e-05 7.519423082646891e-05 1.2302788196499637e-05 5.246271158177815e-05 0.0 0.0006218617373000623 0.00029184641612288155 0.00221909961785283 0.0002976542437965767 0.0006199999755109941 0.0 0.0 1.173944120559057e-05 0.013443415859019153 0.010699411912682564 0.001330809729654912 0.0007631068899491469 0.015557579090742409 0.0 0.0 7.932691047750392e-05 0.0 0.0 0.0 0.0 0.0 0.00014794158389070874 6.686891094945031e-05 0.00019090992437224963 6.713557582237119e-05 0.00027431726990332164 0.00024288208774195374 2.4882371486169435e-05 0.0 0.0 0.0 0.0 0.0 0.0 0.0 0.0 1.4620740595248905e-05 0.0 0.0 0.0 0.0 0.0 3.298937182168149e-05 0.0 4.426829549939012e-05 0.0 0.0 0.0 8.320217809300866e-05 0.0 0.0 0.0 4.4832663863780206e-05 0.0 4.472181604296455e-05 5.676525888984484e-05 1.989537243438108e-05 0.0 0.0 0.0 0.0 0.0 0.0 0.0 0.0 0.0 0.0 0.0 0.0 6.625431481624338e-05 1.0008480017873606e-05 0.0 0.0 1.9538072184269055e-05 1.5585975012441648e-05 0.0 0.0 0.0 0.0 2.8586494727791232e-05 0.0 0.0 0.0 0.0 0.0 0.0 9.099029487644498e-06 0.0 0.0 2.4432942196143994e-05 0.00015365446174819911 0.0 0.0 1.1986514714437906e-05 0.0 0.0 0.0 0.0 0.0 0.0 0.0 0.0 0.0 0.0 0.0 0.0 0.0 0.0 0.0 0.0 0.00014863480850307992 0.0 4.2156508873685676e-05
0.11961600983570084 0.20803334595559173 0.0037585110991846223 0.10296490382130981 0.024671590420104732 0.0032361532429368072 0.0 0.00029889376787011114 0.05126012039155636 0.11502432116493926 0.005486282680551036 0.008081309396685433 0.1706492290520066 0.11026817100537861 0.002812483521508332 0.00024301014916169959 8.010386371688206e-05 3.2501977004236376e-05 0.0 1.1366773316326548e-05 4.108166783484172e-05 8.592728701488126e-06 6.3129107791553894e-06 6.607768055989991e-06 6.218663637187576e-06 0.0 0.0 0.0 6.009170240860822e-06 0.0 0.0068900380181984395 9.211690630363966e-05 0.00011600773244616763 6.266265017053231e-06 2.1114329367391388e-05 1.040285689329682e-05 0.00012137406807290862 0.0 1.1005812824595017e-05 1.4870361778173906e-05 0.0 3.564534700602592e-05 6.2596918451440984e-06 2.44666883183608e-05 9.059643252751224e-06 0.0 0.0068259635678141976 0.0018395814294481325 7.29011873654756e-05 1.8290875330439645e-05 9.297626585614308e-05 3.183730957202216e-05 6.7483278617536505e-06 0.0 0.0012946345528351039 0.001134358868067196 0.009315879747400923 0.013331665296676334 0.0038407505871747355 0.007003554546809205 0.0 0.000119916071827808 0.0 0.0008531128990091593 0.0005454522059424526 0.0010785483337190209 0.0002243831214838488 0.0005838929182547647 6.1028546674765907e-05 1.433819499659182e-05 0.0004136947917055722 0.00011309631597794382 4.087692756895791e-05 0.020650276470877343 0.004182515941027715 0.0067243155612823815 0.00048638202676511643 0.00025242261263633357 6.6991358654800465e-06 0.00011447213389507122 2.1972177498329164e-05 2.5010256757387313e-05 0.0050138666037457084 0.0 0.001958485746368487 0.00048513916498895646 0.0008850462095289289 1.5396230409935502e-05 8.863434911208908e-05 8.196633058003094e-05 4.636064291111196e-05 1.4017149185337508e-05 1.5102334510489287e-05 7.939077031850504e-06 0.0 0.0016160513261697798 0.00013814334938017916 1.4784134433900853e-05 6.41372389350122e-05 0.008908965757762156 7.367722818427701e-05 8.473683110568522e-05 6.520724476875849e-05 0.0006526976223318451 0.0 0.0006903575046972577 0.00011705741928322895 0.0001362851638382008 0.0009847603701663007 0.00032661930138970995 0.00035069550777898145 0.0015556054937045942 0.0016842462688387825 0.0012256579661922167 0.0005079649784125517 1.9117483255957813e-05 6.4015782845081124e-06 0.0 0.0 0.0 0.0 0.0 0.0 0.0 0.0 0.0 0.0 0.0 0.0 0.0 0.0 0.0 0.0 0.0 3.586805298185721e-05 0.00010964861411637072 0.0 0.0 0.0 0.00021475902011255284 3.240555800371516e-05 0.00021640130035579237 8.662596791190106e-06 0.0 0.0 0.0 0.0 0.0 7.842048950996857e-06 0.0 0.0 7.366746945983328e-06 6.210434765109202e-05 0.0 0.0 0.0 1.1993742083741138e-05 0.0 8.881614207246172e-06 0.0 0.0 4.056195624209074e-05 0.0 1.4659844608522425e-05 0.0 0.0 0.00016172034604147506 0.0 8.711763829089177e-06 9.233224907901403e-06 0.0 0.0 0.0 0.0 0.0 0.0 0.00044666629525096064 3.328967002416501e-05 0.0 0.0 0.0 7.989521554550836e-05 0.0 2.9916642659267067e-05 0.0 4.040382814049722e-05 8.948932702995516e-06 0.0 0.0 7.744262999501037e-06 0.0 0.0 0.0 0.0 0.0 0.0 0.0 0.00159253954478121 0.00014981336694712204 0.00011690280455282015
0.0017419128979851003 0.008170176334809705 0.1683821794971486 5.2722235479769176e-05 0.0199521826058659 0.00018420117473288568 0.00029889376787011114 0.0 0.013001526560176817 0.0004035025575750499 0.09057987487498222 0.0004356376680721957 0.003151378229597816 0.01821533171644745 0.0073972196237897005 0.0036646196001348576 0.0007903721574444842 0.0004603926044978264 0.0003772921279413034 0.001312560182512892 0.003996495305590819 0.0001319832472090599 0.003242280976016028 0.0010069345012320035 0.006289534870197858 0.00299401476836557 0.0033746202405187556 0.0019505256587049953 0.0013761053665666536 0.000732779326851889 0.07326101464812965 0.1753356332921487 0.02263149391743873 0.0011733854695823113 0.007015969408666683 0.0030609797436186416 0.006660101741414853 0.003282731474877002 0.0007400388550207077 0.001221349814769129 0.0039021112424602678 0.0033239119937139754 0.0006726756967400961 0.0012238645418725352 0.00032567718418696274 0.0008492405544032876 0.006460684601491904 0.0004963503722768294 0.00014476907594658555 0.0006394951552887163 0.002588140048802278 0.00033225735212046546 9.922220995663636e-06 0.0007855854839060993 0.0001513865120129272 0.0002687291608800133 0.005421294651905392 0.0297205811761603 0.0012077629436410794 0.003364587923813293 0.005036201597774891 0.02273964222558551 0.0005634164539051479 0.04531570150627499 0.00014280968707567482 0.00022621436782029638 0.0001415894044690016 0.0007577253383533759 0.0013493158858447582 0.00252156181364199 0.0005829261584969127 0.0002944143751194549 3.263394488956591e-05 0.011544855685398798 0.022434431735984438 0.01289561154706227 0.030878378885246454 0.052090139283568565 0.04983025703856528 0.2408374377696015 0.014335794202548298 0.06577236448053558 0.0011069429503832518 1.7868064146857184e-05 0.0005804072038288352 0.00020574755516209408 0.00036453866397595763 9.185766558720584e-06 0.001134353516895702 7.506119309081553e-06 0.003712843147160642 0.0009057419499977533 0.007372485265543878 0.006485419649452812 0.004746412192325106 9.016523053039818e-05 0.00013930812024216487 2.0263772921568137e-05 0.00037691932422088557 0.0018670157404941728 9.978903384110582e-06 0.0 0.0 0.0 0.0 2.238865453443555e-05 0.0 0.0 0.0 5.106186233486582e-05 0.00010197385731014091 0.00019115509720488223 0.0005567801473877819 0.000814084072358961 0.00040148967906775796 0.0 4.4105133965608855e-05 0.0 0.0 0.0 1.0214943371537899e-05 0.0 0.0 0.0 6.06824306562586e-05 0.00014016771929907016 0.0 2.9804185503262556e-05 0.0 5.650727569151269e-05 3.445004053273249e-05 5.310044412818027e-05 3.4149815285497616e-05 1.422081624111625e-05 9.436398747801805e-05 5.0756780763908665e-05 0.0 8.822802677463778e-06 0.0 0.0004979393726300275 3.556490808477033e-05 0.0007402296737932567 0.00037839967692997715 0.00015140394639747822 0.0 3.410973405586725e-05 8.306906356235669e-06 0.0 1.5211105986531018e-05 0.00015022634213129342 0.0 1.2035729749211084e-05 3.789908534684316e-05 0.0 0.0 7.516335923704246e-05 0.00017087294772012427 0.00018997349287920925 0.0 2.2509147807072006e-05 1.2754009689804284e-05 4.005121046542319e-05 8.73701402462007e-06 0.0 0.00029732689839559565 6.34563629584116e-05 0.0005596216290506486 0.0 0.0 0.0 0.0 0.0 0.0 2.5834918409660392e-05 3.409481086776949e-05 4.010899774191212e-05 0.0005000132095672807 0.00015351702365912746 1.4192534563016674e-05 4.180673261355887e-05 0.00011279374176369009 0.00019440819190063332 4.556266464103066e-05 0.0002104161554302352 8.270908700654435e-06 2.8799788036641143e-05 8.860050171646792e-06 0.0 3.017471753162877e-05 0.0 0.0 1.4721424598003382e-05 0.0 1.0993653296508424e-05 0.0 1.1748116160616906e-05 1.2694710511780949e-05 0.0004593656777784673 0.00023137634715614643 0.0004789972248349998
0.006361305656302959 0.32477785541609394 0.057631122637469674 0.007387598270239452 0.1732815583939334 0.00027931389328830623 0.05126012039155636 0.013001526560176817 0.0 0.0214310002640507 0.09494311120703579 0.006792656845460604 0.03052408979678655 0.08689405901769566 0.0016394647134864591 0.0002354155658540115 1.0231549330041893e-05 0.0 0.0 0.0 2.1748285999707406e-05 6.471263506119743e-06 1.2443603345633555e-05 0.0 0.0 3.16448229080982e-05 0.0 0.0 1.708504026284181e-05 0.0 0.014574942706567307 0.00014932921095874168 0.00020826695716103834 6.049625366140492e-06 2.6342315924390137e-05 2.027367803647787e-05 3.907073992051351e-05 0.0 0.0 0.0 2.542755166022851e-05 7.625755357546436e-06 1.066646244546202e-05 1.8883458177305563e-05 0.0 0.0 0.002044954406445373 0.0002771822796338764 1.3466958617590272e-05 7.377526563939312e-06 1.2346146652694117e-05 1.3444713506347296e-05 0.0 0.0 0.00013631849334755033 0.00012851467726656193 0.0015572569773484445 0.004482015943975564 0.0005824884207654514 0.0015124382560966236 0.0 2.3852494878927627e-05 0.0 0.0009367919495649026 5.177165978789785e-05 9.621984565157095e-05 2.6521929346709512e-05 8.734722317872022e-05 4.892227447977162e-05 2.384734961402321e-05 0.0005953623228070283 0.0001185108231874149 1.8938074780290884e-05 0.0038099341989531834 0.002489764574740285 0.002683876207874898 0.00035540939117796876 0.00016092507143531228 0.0 0.00016710013519202855 6.642811053745208e-06 4.058990482188401e-05 0.0006327021581761362 0.0 0.000259635219540993 6.40860877063375e-05 9.873160798806334e-05 0.0 3.832328939971225e-05 0.0 2.0253815010096884e-05 0.0 2.578802594362531e-05 2.6971506467107205e-05 2.345593894541989e-05 0.00026768386479699547 0.0 0.0 6.798798302766004e-05 0.001328772091480142 1.7163511312258966e-05 0.0 0.0 0.0 0.0 7.717244599127984e-05 1.0540014680623681e-05 0.0 0.00023605152779572776 3.244530325522677e-05 8.772137657123789e-05 0.0003234155925976039 0.00039875991636897186 0.0007513321825603364 0.0002593635049169472 1.989125814233252e-05 2.81526317839766e-05 0.0 0.0 0.0 0.0 0.0 0.0 0.0 0.0 0.0 0.0 0.0 0.0 0.0 0.0 0.0 0.0 0.0 2.3515248682755528e-05 0.0 0.0 0.0 0.0 0.00017119675767135844 0.0 0.0003341532516862432 4.5068842082204954e-05 1.1334310150554655e-05 0.0 0.0 0.0 0.0 0.0 0.0 0.0 0.0 1.7411518840276447e-05 0.0 0.0 0.0 0.0 1.0557524900235877e-05 0.0 0.0 0.0 0.0 0.0 0.0 0.0 0.0 0.00010108040509798958 0.0 0.0 0.0 0.0 0.0 0.0 0.0 0.0 0.0 0.00023579619594472136 9.961610110369364e-06 0.0 0.0 0.0 9.282133914605257e-05 0.0 0.0 9.383772863167e-06 2.2687258447263043e-05 1.7176040416276198e-05 0.0 0.0 0.0 0.0 0.0 0.0 0.0 0.0 0.0 0.0 0.0005911627374333612 0.0001217271465179741 2.2144362924411535e-05
0.09949777518462394 0.03716319376252322 0.008272632418153913 0.1286039295288712 0.0427119205999546 0.025491227747116964 0.11502432116493926 0.0004035025575750499 0.0214310002640507 0.0 0.01440783313039014 0.11807725583954899 0.43830539247230915 0.023602120158998215 0.0048659327051144815 0.0005663297590503679 0.00012872547137817702 7.919197206563582e-06 8.30047093535523e-06 1.8038212585602393e-05 1.807411136762297e-05 3.649904052754089e-05 6.593502905036259e-06 0.0 5.4471897209576225e-06 7.136630732758462e-06 0.0 1.6274582325523604e-05 1.4186002188450534e-05 8.740656987364894e-06 0.0016011825228501083 9.988792948033104e-05 0.0006032250891287652 0.0 3.774982466774115e-05 0.0 0.0009173590015742117 1.2401183708296634e-05 2.597930980588412e-05 6.606926670786874e-06 5.731040690599826e-05 4.172446693127471e-05 0.0 5.6682300612667304e-05 0.0 0.0 0.008942501633031716 0.0017075630787652559 7.009519699116821e-05 1.7398710394451904e-05 9.93496522167062e-05 0.00035357148767508234 3.788799422917422e-05 0.0 0.0011859374393103687 0.0014130248937891637 0.01201742217720805 0.008733402939959129 0.004432480656299494 0.008057477692132498 0.0 6.609488119967411e-05 0.0 0.0006713096461868497 0.0007761644400302805 0.000822212313231141 0.00016208252421390273 0.0004142799590353883 6.0302940491308814e-05 1.4205019029940986e-05 0.007267390487809875 0.0012728993527031539 0.00034713991758385015 0.020349750950878327 0.004291543476073093 0.008573873602743856 0.0003800864584349836 0.0003358056928677314 2.5433019944095666e-05 0.000537197334437344 7.081284097317947e-06 1.977882930448373e-05 0.004177653495304145 9.144179427165075e-05 0.0019073675496225117 0.0005270253170701649 0.0007751027035779745 0.0001319290481788793 0.00017241361570106403 0.0003765338008488604 0.00013572777325936857 0.00015556788209290136 3.24271565970639e-05 1.0755759669803044e-05 5.107159418106001e-05 0.011149786112368892 0.0026268018049586707 0.0003515339891712165 0.00016381355019739972 0.040416191404275124 0.00012594358551401555 0.00016980557787470404 0.0007410453873882897 0.0009786088114387731 0.0001534373910853569 0.0016984318438550538 0.0006349449906672185 0.00015395371361882708 0.00380840307515066 0.002530162897159354 0.0011785459624549701 0.003953454489349407 0.007279619369939655 0.007062770318264554 0.002609935068398367 3.333854620100698e-05 6.105072027066647e-05 0.0 0.0 0.0 0.0 0.0 0.0 0.0 0.0 0.0 0.0 0.0 0.0 0.0 0.0 0.0 0.0 0.0 0.0003717939708196988 0.0002683501766021166 0.0 9.601430047810834e-06 0.0 0.0010086563967701388 1.4384003693209538e-05 0.0010103167118388247 0.00012749816010925943 4.047643973152323e-05 0.0 0.0 0.0 0.0 1.6450725093876204e-05 8.799475236709658e-06 1.4660796866504737e-05 9.1072004754927e-06 8.303109707499951e-05 0.0 0.0 9.929454124591755e-06 9.889726151954831e-06 0.0 8.352838404819842e-06 7.89193786188251e-06 0.0 2.6152320778201144e-05 5.811252442650266e-05 2.7575752074412698e-05 0.00013774155218801882 0.0 0.0011909259205056296 5.470814646337466e-05 1.9982840017881097e-05 1.2716466534876767e-05 0.0 0.0 0.0 0.0 0.0 7.857655038619421e-05 0.0030257588680080738 0.00010664343575457633 0.0 0.0 0.00010837240315214285 0.0002976995010091109 0.0 0.0004363408688348503 1.8964962629166358e-05 0.00016808108138596068 3.911977544697752e-05 8.69232989476272e-06 2.7404100373570414e-05 0.0 0.0 0.0 0.0 0.0 0.0 2.7063371524213024e-05 0.0 0.007235279208240692 0.0003035591302691249 0.0004271502123545956
0.018246146007685565 0.0437013766843032 0.21980452108068785 0.008269402287082615 0.07394974054228877 0.0008851949528017282 0.005486282680551036 0.09057987487498222 0.09494311120703579 0.01440783313039014 0.0 0.024862418906740773 0.05013959203154988 0.1397812658143404 0.01354436561518591 0.008786441915930542 0.0013236776970226931 0.00019799998661787326 0.00013756847306014053 0.00015961215006192266 0.0003691672914874038 0.0006116556911090779 0.0005934321966703239 0.00035868260424347105 0.002820800154431106 0.001024209865419622 0.0009857429885713272 0.0014581192601290504 0.0012398924039462053 0.00040884923656196856 0.12386602175723885 0.03211283911913352 0.04047206315479648 0.00016392982742461452 0.0009276080433650224 0.001012451627198224 0.02552664411495571 0.00135146158226202 0.0008795701842459447 0.0011324964194428598 0.003290076798418227 0.003675705649813868 0.0004933567376432268 0.0012441496206065201 0.0002155526268273404 0.0010706611945846115 0.009095977294904611 0.0006604669531387553 0.00011905420683847608 0.0006019468910939493 0.002872151446076313 0.002070798938628917 0.00026921057096722584 0.0010528860696649026 0.00042867777718890376 0.0004162556159668094 0.006621496752601375 0.02227457004105462 0.0015697173104845172 0.004011208192504856 0.0008670894999552813 0.005019141860024172 7.60536062179408e-05 0.008882065745038872 0.00016563535938846012 0.00036616125206168803 0.00013690755274388796 0.0005134505224356092 0.0006351985528734766 0.000874970487810305 0.011083759524961448 0.0011375013568463773 2.8779102343837943e-05 0.011808789724330646 0.01333174055913471 0.016758698157799144 0.005576750864950962 0.0040472691324445675 0.00024021927636283004 0.026296865341089586 0.0010160169113220192 0.002800659511250469 0.0013530444332557072 7.963996048950055e-06 0.0006316366256510569 0.00014485484540067962 0.000493539804920607 5.4395262040593715e-05 0.0017409028066493037 8.829088540084502e-05 0.006154901495263626 0.0018841005916493308 0.0030133835171773597 0.009651064086655536 0.010401010646497304 0.00796293291962846 0.0032514878976769804 0.0001335796942772759 0.0007020339778437677 0.005918412683306898 0.0001319540156728217 6.271500420087217e-05 7.995758748341214e-05 3.906224063404641e-05 0.00011065045670938334 0.00026435126903890884 4.075615399457666e-05 3.2171557883437445e-05 0.0011907288127026665 0.0008067598856811556 0.0013475067118308068 0.0023487716874219205 0.004319332959667817 0.006888288706365847 0.003640830131391228 0.00021212260221450138 0.00015959702624689115 0.0 2.0776447212637354e-05 0.0 8.727406970298552e-06 0.0 9.39820264339892e-06 8.41223924022253e-05 0.0 0.00010491594330095119 0.0 4.5462858021134875e-05 1.1696821901257361e-05 7.016149315349907e-05 3.692408932539428e-05 0.0002836233262279324 5.407870201719356e-05 5.904868521717304e-05 0.0002830438863651036 0.0005552467984501749 2.2659881030271668e-05 0.00015012533510957621 9.223823520185432e-05 0.003696023361622559 0.00022001352926221513 0.0038868770082200106 0.001993627274506717 0.00029456254098985855 7.865298396830544e-05 3.103843712017622e-05 3.367220223099577e-05 0.0 0.00012175393405338268 0.00027517244748818405 5.436639288075505e-05 3.4168402554964795e-05 0.00023382219442548836 0.0 0.0 0.00012310246718748568 0.0006383510341218782 0.0004134535661358663 0.0 2.2912247634395666e-05 0.0 6.128773267476321e-05 0.00021063711767963016 0.0 0.00047587763440451843 0.00040599447272412977 0.002969293362076222 0.0001447713236402 6.648805959315084e-05 0.0 9.076349044753359e-06 0.0 2.271685907946312e-05 0.0 3.472313266706519e-05 0.00010788794094370577 0.004611586055704862 0.0005329969038387239 3.3636158498415396e-05 8.985884824415263e-05 0.0002674475512273857 0.0006229735805690625 0.00018449611936403114 0.0009400569282866826 0.00012882654607548677 0.00020977244343325666 7.294422424261357e-05 2.1538361591451154e-05 8.521866980498353e-05 1.2992745661650266e-05 7.818699431680644e-06 8.531401175564973e-06 0.0 3.7002030489321275e-05 5.44624735033138e-05 9.864536288494682e-05 0.0 0.002764829335001814 0.0015692134508193778 0.0036498340032362028
0.007772179617695864 0.0035729230749330645 0.001409874034355138 0.022738238333336776 0.004423405709243433 0.01191292506422994 0.008081309396685433 0.0004356376680721957 0.006792656845460604 0.11807725583954899 0.024862418906740773 0.0 0.12865608631845676 0.027784473487576386 0.0031017229979733328 0.0009058120316735451 8.424280360020703e-05 2.9546053994589413e-05 8.767843376797318e-06 0.0 6.26797912941826e-05 0.0001601872558070195 2.763065953845512e-05 0.0 9.86247256689865e-06 1.6173742812897017e-05 5.032439468391034e-05 3.444992534023463e-05 6.495183804262848e-05 1.0360131035903085e-05 0.0005027327028548826 4.137826451839401e-05 0.0007112683445973044 0.0 1.7196999211293076e-05 1.5009421201652942e-05 0.0012049883605013134 1.56542865635163e-05 2.595949525634599e-05 1.592346407279673e-05 0.00018371944834627273 0.00017176132090305745 4.1073241023654524e-05 7.991557629947389e-05 0.0 7.149456265470183e-05 0.0027439358085341956 6.683876411282287e-05 2.150552453002996e-05 7.2177785678446354e-06 0.000164999873575735 0.00035388763588530263 6.235571688017205e-05 2.200969857469459e-05 1.837731866064619e-05 0.00010264506719626482 0.001959895603188763 0.000908564507453097 0.00045283811105920605 0.00107652246533772 2.075022364049954e-05 9.339384106072907e-05 0.0 0.00025705351663951874 1.8340613531140603e-05 5.321960356768526e-05 7.388121873898721e-06 9.912979245550956e-05 5.0099212069375064e-05 2.4421197361049692e-05 0.0057582489238896285 0.000422735349481303 6.547795961791663e-05 0.0024066298188162743 0.001633533585202961 0.003156427493314494 0.000786909319288692 0.0003168003552680651 2.687583717775956e-05 0.0011122568825428726 2.7539211574185304e-05 7.360552181429669e-05 0.00024683592672034254 0.0 0.0002155574389939385 7.452859577727265e-05 5.15274238542478e-05 1.0197868003605132e-05 0.00013750001559856864 3.199502442052961e-05 0.00043870920643216354 8.062321389317104e-05 0.00025780490530384067 0.0005758403372550853 0.0004986467284820737 0.02660019953688802 0.0021793438147084177 7.111647111866357e-05 0.0006970209664060879 0.010639694660767125 9.501210942778971e-05 0.00013871427507750996 6.114331200044628e-05 0.0 0.0002784603639161007 0.0007618817889362824 8.111647296869473e-05 0.0001460278035694507 0.002003602603083644 0.00169159940723105 0.0019346670974452742 0.004713792506826869 0.007811238762531528 0.011873092015396308 0.0049426780293229155 8.767044180846543e-05 0.00019277013202253414 6.517463857230177e-06 0.0 0.0 0.0 0.0 0.0 1.9723503307699087e-05 0.0 0.0 0.0 0.0 0.0 0.0 0.0 8.924911227441794e-06 0.0 0.0 0.0002970969343324617 0.0005975824556564698 0.0 8.39331551266785e-05 1.8497061262171594e-05 0.0028772249138966518 9.195784946253212e-05 0.00289022171673407 0.00033290836972165203 5.5898007211331764e-05 0.0 3.369167360288403e-05 0.0 8.149273102414201e-06 6.031987570836919e-05 3.194276638393796e-05 0.0 2.4648662706917556e-05 0.00015766949962088843 0.0 0.0 8.458163705300591e-06 7.142753645991584e-05 7.904578894610163e-05 3.4221410302730014e-05 3.187344881838201e-05 0.0 0.00014314562583699623 0.00010354623682580403 8.116158043098166e-05 6.450904048069859e-05 3.5741613376487475e-05 0.0027053778532975616 0.0001398985158714777 4.2988537566165636e-05 3.910859793493518e-05 0.0 0.0 2.0498829453044978e-05 1.0243740536065407e-05 0.0 1.6173135172470807e-05 0.005406442107046856 8.85625390688607e-05 0.0 8.861307689748426e-06 4.2453121396206416e-05 0.000891449700008902 5.2786562810324094e-05 0.00045415616425837534 0.00012926332722924716 0.00020741650630833806 6.627067743059566e-05 1.860319866976226e-05 5.746524818165285e-05 0.0 0.0 0.0 0.0 6.868262450775494e-06 0.0 8.581282406950774e-06 9.236924506957664e-06 0.007164476137031239 0.0011004842918162102 0.0015560098318512703
