0.0 0.22227942001763457 0.03052602224647798 0.09213112484413316 0.0051809725273014974 0.0036830596579278596 0.020039652411379578 0.0027232247425672353 0.0012746495854810895 0.04719118533755391 0.004985626419395652 0.011086433308446617 0.005069098268260214 0.0009275396096901015 8.868642820970718e-05 7.062275723367626e-05 7.899766897242638e-06 0.0 0.0 5.304815142561356e-06 0.0 0.0 0.0 0.0 0.0 0.0 0.0 1.0168633599225598e-05 0.0 0.0 0.04604513244719362 0.0003771622998652988 1.3193475523490204e-05 0.0 0.0 4.336606220643947e-05 0.00011449771008495687 6.550986811083009e-05 5.020172020267082e-05 0.0 1.2742794497148747e-05 6.16801968108251e-06 0.0 6.9584666227967215e-06 0.0 1.5178733887725292e-05 0.0012833337423469378 0.00011170004670227812 7.180772850937057e-05 0.0 1.6826381510664302e-05 2.222250848846881e-05 0.0 7.301913021317463e-06 0.0004031844187599046 0.00035015642921130735 0.021972680028290673 0.05884560448227628 0.0032709044233462164 0.0004954916257316159 1.1574265663727204e-05 1.5338485446881997e-05 0.0 0.0005827849868648096 0.000233585046837055 9.221645683618128e-05 5.799845216230417e-05 2.9183751297712222e-05 0.0 0.0 0.00037868705077795064 0.00043522908330673345 4.470699744125474e-05 0.007496059783480957 0.0010363832761351958 0.001070164375368604 0.00010361598608488988 2.5942460225909496e-05 9.14995363426544e-05 0.0001114023458543119 3.680652100528857e-05 0.00010684165181266287 0.0006336293251793313 3.026059471467871e-05 6.35787011191285e-05 0.000337048093908324 1.532900737284138e-05 2.0817627127445142e-05 3.7853074245131444e-05 5.903888690322287e-05 8.177523288916806e-05 1.1175203911496946e-05 0.0 0.0 2.1277990723703874e-05 0.0019270040992395172 0.0009121462657898331 5.1574063702454774e-05 0.00020504722232365683 0.10013456299623374 0.0 0.0 1.2719403621387453e-05 0.00022434809468133257 0.0 0.0001179160140269592 0.0 0.0 1.2725553547167135e-05 0.00011506680130598856 0.0 0.0 0.00014056718836554202 0.0 5.702320778549272e-05 0.0 0.0 0.0 0.0 0.0 0.0 0.0 0.0 0.0 0.0 0.0 0.0 4.938377122133741e-05 0.0 0.0 0.0 0.0 0.0 0.0 0.0 0.0 0.0 0.0 0.0 2.0148014674612597e-05 0.0 3.5508190406004595e-05 7.58202102704678e-05 4.36589277449759e-05 0.0 0.0 0.0 0.0 0.0 0.0 0.0 0.0 0.0 0.0 0.0 0.0 2.4732896329204716e-05 0.0 0.0 0.0 0.0 0.0 0.0 0.0 0.0 0.0 2.4302468804655474e-05 0.0 0.0 0.0 0.0 6.801108816239447e-06 0.0 0.0 0.0 0.0 4.3179919170768586e-05 0.0 0.0 0.0 0.0 6.993368137675675e-06 0.0 4.512683986971248e-05 0.0 7.427934003673354e-05 0.0 0.0 0.0 0.0 0.0 0.0 0.0 1.165721751277482e-05 0.0 0.0 0.0 0.00014543221653482723 2.4547685033404727e-05 7.327352396899427e-06
0.22227942001763457 0.0 0.10233593819424006 0.07385292000105904 0.12953998603025108 0.0019132015354032068 0.17322877276925358 0.021447395919709736 0.023164926143434246 0.04060463123719918 0.05783298292410889 0.005427786003850102 0.05844706667238412 0.04289183455107032 0.0006874666647019122 0.0003434856643848457 4.70704288793413e-05 1.0657447352349828e-05 2.4774651554373907e-05 0.0 5.632520227529271e-06 0.0 0.0 6.750134456613708e-06 2.4601984442869034e-05 1.7609849477298024e-05 0.0 5.997245794174216e-05 8.882118169715428e-06 0.0 0.15270650419046244 0.0013220188359520325 0.0010439375738067393 1.9408067591269205e-05 3.578710374859304e-05 2.5641571543952693e-05 0.0004200429840263945 7.07259426660865e-05 8.61344298843901e-05 1.0949100079842911e-05 4.202388074188238e-05 7.539304449941433e-05 1.8399620962934807e-05 0.00024796851042469404 5.205635527648273e-06 0.00014141153944655202 0.01108624559628133 0.0003407095784155762 0.00011522584686747591 3.6567394061766823e-05 9.779901721609627e-05 6.164785370756316e-06 3.542216049564476e-05 2.355538384142701e-05 0.000957958657282331 0.000944763399723344 0.018125976688547374 0.05068584749147768 0.007203363719353087 0.0037437114795002757 0.00013366454513338564 0.0003369967548201217 3.691938104024431e-05 0.00799122233683808 0.0007441753401238417 0.0004600722777182228 0.0003338950684799395 7.239130308447145e-05 3.0036247245878697e-05 2.7279796421822027e-05 0.0013084114860042076 5.820371644770563e-05 0.0 0.0290925426023104 0.01125851564230325 0.012888533125082096 0.002498489804540987 0.0002447285826587357 0.00031722512852807346 0.0017591626176929201 0.0003680376301100753 0.0003096970147387449 0.002602542423847808 6.290419891315879e-05 0.00036462022957951075 0.0015229339690009701 0.00014026495895196105 1.7727257996298104e-05 0.00018312370406949331 2.928154901624671e-05 0.00021012289231168865 2.5185229699934797e-05 4.316285660138933e-05 8.24182095327507e-05 6.0282963684114594e-05 0.0005935949297137492 0.00069144103719571 0.0 0.0003405812417608647 0.052605013108843975 6.2242401124184015e-06 1.8265939972260725e-05 6.627781829295362e-05 0.0010505658977714239 0.0 0.0011648450035347659 0.0 0.0013731547765340254 0.0004982249972926757 0.0003443174872163042 0.0 0.0005702578115806347 0.0002629512912288821 7.389578279006043e-05 0.00020528253732239558 0.0 0.0 0.0 0.0 0.0 0.0 0.0 0.0 0.0 0.0 0.0 0.0 0.0 0.0 0.0 0.0 9.311381572715759e-06 0.0 0.0 3.533340087517385e-05 3.0247703949709532e-05 0.0 0.0 0.0 6.669307018734912e-05 9.514225547611723e-06 0.00021024973641207962 9.396315703871605e-05 0.0 0.0 0.0 0.0 0.0 0.0 0.0 0.0 3.628198421272463e-05 0.0 0.0 0.0 0.0 2.7161862941545518e-05 0.0 0.0 0.0 0.0 0.0 1.4566967652711205e-05 9.915910335697053e-06 0.0 0.0 0.00011438213671726543 2.0294323064354107e-05 0.0 6.659834477591384e-06 5.695346052733755e-06 0.0 0.0 4.941833633607295e-06 0.0 0.0 8.189359306646857e-05 0.0 0.0 0.0 0.0 7.369408523144266e-05 0.0 1.704789480825607e-05 5.562492075254345e-05 5.398980314968299e-05 1.3524010795980456e-05 0.0 0.0 0.0 9.79842524140117e-06 1.1875890442313604e-05 0.0 9.635580128820376e-06 0.0 0.0 0.0 0.00018693559086770603 8.223578593182333e-06 0.00010443227032814513
0.03052602224647798 0.10233593819424006 0.0 0.006321206036892497 0.04500023812703426 0.0007037357962765924 0.00196785838108568 0.2347205669570382 0.0180796321956854 0.00043023046709944536 0.09710310449810738 0.0005625514535195289 0.005006985841528281 0.01725228726975059 0.0004244756472718835 0.00037345801596453754 9.380587049587333e-05 3.3186468602015166e-05 0.0 5.932487350145831e-06 9.621737262918989e-05 0.0 4.114784585762833e-06 0.0 9.533534340422248e-05 2.5008066777565938e-05 5.247680676625275e-06 2.9248876152317864e-05 0.0 4.541333328132187e-06 0.26100850142809084 0.036612298275120046 0.007291258182394121 3.8037346276320486e-05 6.989428803469972e-05 0.00018697417463626 0.0009038689030105637 0.00015990255103318467 0.00011989669380818978 8.968405647500851e-05 0.00011305655903426044 8.262876282514377e-05 4.994068210138702e-05 0.00014440003908953406 0.0 0.0003074582602759149 0.005507665181955169 0.00014745593561598495 6.143006958261381e-05 8.550033863091121e-05 3.274897269076837e-05 1.1686184663544931e-05 2.4176004924952875e-05 5.560470398918795e-06 0.00038463415914064545 0.00042089352664057033 0.007457487936770987 0.03365281307634204 0.0027250068258680123 0.001692420557021528 0.0011398141173190508 0.002639541377243554 0.0002630990036465906 0.022319786452404358 0.0004515230509498967 0.00022789929040156737 0.00019766442719943727 3.783560445452596e-05 3.398499844243838e-05 0.00014121938812726713 0.0011121501660976694 0.00012662914512568597 0.0 0.013748028724544187 0.015080704338146705 0.00854147098290329 0.0030077976944473846 0.00027180034303502724 0.012095027702314543 0.021338065233055432 0.0021497413037677915 0.010585555815941573 0.0011981516329401126 1.628420008794666e-05 0.00016380934295133026 0.0005129153003037558 3.0338109275092552e-05 6.388502531919198e-06 9.356316575977373e-05 2.8440264045491193e-05 8.356411235810542e-05 4.3258380520533424e-06 8.870011305606752e-05 2.9456608109823948e-05 2.1945399312965307e-05 0.0001816894895012277 0.0006230302702524013 0.0 0.000472596048278841 0.011748694568292624 2.141614495102179e-05 0.0 2.5312028651885505e-05 0.0 0.0 1.641410897069686e-05 0.0 2.3755456498825742e-05 0.0 0.0001797057568886957 0.0 4.1507291181390666e-05 8.406758961642827e-05 1.6358851706087366e-05 1.5051562682457992e-05 0.0 0.0 8.346758587800765e-06 0.0 0.0 0.0 0.0 0.0 0.0 0.0 0.0 0.0 1.123891721339556e-05 0.0 0.0 0.0 0.0 0.0 0.0 0.0 1.4776196590855474e-05 0.0 0.0 0.0 5.3783906786117334e-05 4.725070394566849e-05 6.549651789408608e-05 5.5217558769406284e-05 4.636335472948574e-05 0.0 0.0 0.0 1.950315064917272e-05 0.0 0.0 0.0 2.2831952234598063e-05 0.0 1.508293066793582e-05 0.0 0.0 5.599750869875075e-06 0.0 2.7156186631757217e-05 0.0 0.0 0.0 0.0001207681968070908 5.854675872342251e-05 0.0 0.0 0.0001403221128936949 1.8744511668913377e-05 0.0 0.0 0.0 0.0 0.0 0.0 6.74704178845316e-06 0.0 5.462434500230134e-05 7.1839919347304456e-06 0.0 0.0 0.0 0.0 0.0 0.0 4.723140697112616e-05 5.152980229621717e-05 0.0 0.0 0.0 0.0 6.403331138767137e-06 1.7331708969775896e-05 0.0 1.0737517668590063e-05 5.898221011853454e-06 0.0 6.854359188414426e-06 5.526189188199025e-05 4.805008363908558e-05 0.00010417171867917401
0.09213112484413316 0.07385292000105904 0.006321206036892497 0.0 0.0031012894637030366 0.021658154583947726 0.041610488247934334 0.0008236234471177695 0.0004521409507333151 0.061731834825965344 0.0015505025755690738 0.0811982531803818 0.07251854173708226 0.0010197546819741138 0.00012392698087477236 2.693017929382853e-05 0.0 1.9755935438516974e-05 0.0 0.0 0.0 0.0 0.0 0.0 0.0 0.0 0.0 7.438940308154953e-06 0.0 0.0 0.0065280382090002614 4.8180602025779823e-05 0.00022505463545990814 6.023451719451388e-06 6.847688727675991e-06 1.2425846692029953e-05 0.0005232363851363943 0.0 4.514021089014955e-05 6.413666590541686e-06 6.174170492125733e-06 2.072562124559031e-05 6.336100242211031e-06 2.1560076850802808e-05 6.221634339202265e-06 4.605497716065212e-05 0.0021639080915804272 0.00010728937694406001 2.5049561292623983e-05 2.825643685922864e-05 3.993272294855368e-05 8.26431045370473e-06 2.6123268220884926e-05 6.0436206785759865e-06 0.0003352181997371647 0.0003538276600274514 0.008769780053385341 0.016429440466545497 0.003007322498260592 0.0011485328547917468 2.34426588091604e-05 7.20711590353585e-05 1.5555288699834244e-05 0.0007152257945896587 0.00028503122315604246 0.00013084242413238556 0.0001798141565233289 4.671336801291128e-05 9.689328019102193e-06 6.272204133392378e-06 0.0013843814080600784 5.491575561021753e-05 1.4124379262977635e-05 0.009249921146118624 0.0015420385270875864 0.00235316172996582 0.00018554688991094864 1.4984013091029179e-05 3.2853474510055636e-05 3.357269093456129e-05 3.705082629786e-05 3.328047916314567e-05 0.0009160658559629081 2.96540413539922e-05 0.00011962043846936605 0.0004361658665239905 4.271433163438809e-05 5.786511376861825e-06 8.571288996310344e-05 4.096263766025072e-05 2.7287744760473664e-05 8.817911776027655e-06 0.0 1.960845097616882e-05 1.1986168606168656e-05 0.001377878989373806 0.00024285803320234984 1.6426192375321847e-05 4.173607647629311e-05 0.044601669131963555 0.0 5.351420195482302e-05 6.933463018190007e-05 0.00024543047845954156 6.573071126392561e-05 0.00028879737901054894 4.7967878952461754e-05 0.00015540640598221155 0.0005343482922624859 0.000536331885888643 3.628952931383594e-05 8.382251812826704e-05 0.0004712075646542815 6.060809132429949e-05 0.00031493307898725997 0.0 0.0 0.0 0.0 0.0 0.0 0.0 0.0 0.0 0.0 0.0 0.0 3.8062769717158815e-05 0.0 0.0 0.0 0.0 0.0 0.0 3.303779390284382e-05 8.708150871656268e-05 0.0 0.0 0.0 9.142704963648926e-05 4.6360206732354234e-05 0.00011399230339475885 8.568074427360984e-05 8.827168091552685e-05 0.0 0.0 0.0 0.0 0.0 0.0 0.0 0.0 0.0 0.0 1.9230266393891396e-05 0.0 8.470010642870965e-05 0.0 0.0 0.0 0.0 3.152853908574549e-05 0.0 1.5563588045477617e-05 0.0 0.0 6.457564817413947e-05 3.284210152941772e-05 0.0 1.0292187175055924e-05 9.427506016957898e-06 0.0 0.0 0.0 0.0 0.0 0.00014366883840991932 0.0 0.0 0.0 0.0 7.205726084048615e-05 0.0 6.5674103087161305e-06 0.0 1.3961384983491142e-05 2.5637766681278e-05 3.583580430882837e-05 1.0796529778484502e-05 7.124202563452018e-06 0.0 0.0 0.0 0.0 1.2283491889237062e-05 0.0 0.0 0.0004499852720564277 0.0 0.00011883001277397671
0.0051809725273014974 0.12953998603025108 0.04500023812703426 0.0031012894637030366 0.0 0.0002785721726451004 0.063471763956233 0.02089945945319286 0.12050707788036094 0.012027128125045475 0.05548947783778982 0.00356540581292635 0.059687148644916 0.25685203837835996 0.0010011808716890252 0.0005903371636662387 5.674090388356411e-05 1.093490355115918e-05 1.6525933689948072e-05 5.852090371661072e-06 6.511189877380238e-06 0.0 0.0 8.190606067546789e-06 2.2178212114321564e-05 5.301792852851864e-06 0.0 1.8342271820591414e-05 8.338485800063446e-06 0.0 0.009876410712883664 0.0004400823445531075 0.0008217804324557535 4.583821994140371e-06 3.754352680053594e-05 1.3632734879699307e-05 0.00028453778301568275 7.678003556965327e-05 4.1527311858873094e-05 4.435301817719108e-05 1.8003795734189587e-05 3.058317633693611e-05 5.849255757821062e-06 0.00010534346942923223 5.366779163714232e-06 0.0001460240718650373 0.010363828825027647 0.00011132559704685615 1.878407542420095e-05 3.54477370870747e-05 5.20928626594147e-05 0.0 0.0 1.3769400979014396e-05 0.000258821192911854 0.0003069717937990545 0.0027859636776065193 0.004999980650696092 0.001832519682875161 0.0016269256476512855 0.00010176631291319323 0.00024749200537576454 4.896545144616038e-05 0.004017316785914781 0.00021636121475379467 0.00019379683829168857 0.00013269237571946404 4.057074787055165e-05 1.0725652038794756e-05 1.2599820009881152e-05 0.0014325478507382428 0.00021419536971046803 0.0 0.007446496784017424 0.0043758899068773865 0.005721725805702929 0.0020860287977210942 0.00014182403817135275 0.00014342180739092272 0.0024361544936808786 0.00013240784272395358 0.00022951166735473317 0.0007999378330429287 2.7802176712413985e-05 0.00010807386827534051 0.0004906562565465537 3.61264221632487e-05 2.5390715743851844e-05 4.9039029682264536e-05 0.0 9.279850610221084e-05 0.0 5.276058684512646e-06 1.7296112523021742e-05 2.521857624941401e-05 0.0011429250112852639 0.0011465415615859915 0.0 0.0006080651871941788 0.0008353589298944358 1.52663333703332e-05 1.936610300127392e-05 2.554742288171068e-05 6.540919240054236e-06 7.109170434517318e-05 0.00012568322952979884 0.0 0.00018022356612102321 0.0003326074845373422 0.0004443488425051266 5.4061725057712616e-05 0.000367552657072799 0.00038836233232053834 1.2839030168175211e-05 0.00020501832112502006 0.0 0.0 0.0 0.0 0.0 0.0 0.0 0.0 0.0 0.0 0.0 0.0 2.3092777430001613e-05 0.0 0.0 9.34675847411316e-06 0.0 0.0 0.0 9.368339605629256e-05 5.428184672102691e-05 0.0 0.0 0.0 0.00013846206487599642 0.00010631271703085562 0.0005407602069164913 0.00020261106117456463 4.3245545084535204e-05 0.0 0.0 0.0 0.0 0.0 0.0 0.0 1.7117841693338456e-05 0.0 0.0 0.0 0.0 6.994953379088324e-05 0.0 0.0 0.0 1.4764601409070198e-05 2.425810116679363e-05 8.326903454599433e-05 0.0 0.0 9.101666182258847e-06 0.00018017866732504017 1.4646473613447688e-05 0.0 0.0 0.0 0.0 0.0 0.0 0.0 0.0 0.0001787899225477378 1.702767317595112e-05 0.0 0.0 0.0 3.326171865830573e-05 1.3580164832551197e-05 9.180685070998216e-05 0.0 0.000153544531223208 5.6768528089551176e-05 0.0 0.0 0.0 0.0 0.0 0.0 1.7429460654606547e-05 0.0 0.0 0.0 0.000344275404443627 4.4603415853412415e-05 0.00014594584333958228
0.0036830596579278596 0.0019132015354032068 0.0007037357962765924 0.021658154583947726 0.0002785721726451004 0.0 0.003457912637693303 0.0002512662675884637 0.00011810518599181613 0.03717282889861597 2.4461547120893592e-05 0.013508858427896597 0.004248970640087492 0.00020019557624060286 2.9342180273147197e-05 0.0 1.0624541664111199e-05 0.0 0.0 0.0 1.897039728310596e-05 0.0004760034621514639 0.0 0.0 0.0 0.0 0.0 0.0 1.074534649666443e-05 0.0 0.0006134138706859685 6.707377555754327e-06 0.0002201439400858913 1.663124065642069e-05 0.0 1.1922670865940886e-05 0.0009495970156439752 0.00022212890188684205 0.00033232652800651435 1.0788645621439178e-05 8.918859262220716e-06 3.362611481838919e-05 0.0 0.0 0.0 0.0 3.837245172181169e-05 0.0 6.909014916451688e-06 7.07694808120158e-06 1.4795385120614728e-05 0.001676456882531278 0.00014554579540377365 0.00017103522334339198 0.0 2.9430316225457496e-05 0.0015240777290459378 0.0007611004267481645 0.00014866048892107998 1.776357239177938e-05 0.0 0.00024079890003872621 2.10732452027341e-05 8.114949675293529e-06 1.8108662724685165e-05 1.8919234362347203e-05 1.3009703223566842e-05 0.0 0.0 0.0 0.00736498951287565 0.011306664644847135 0.0011448345627972241 0.00010415451668078791 1.589905423585945e-05 6.680154816780514e-06 7.460366341499666e-06 0.0 2.6149321526728615e-05 6.842936455965828e-05 1.0537815051349087e-05 5.794287531755844e-05 2.9755089317596517e-05 6.256406694131418e-05 0.0 8.809009565916743e-05 0.0 0.0004090245332864602 0.00017854830889894543 0.0016920559090039691 5.97575712843438e-05 9.801970190701897e-05 1.578014475253528e-05 1.0456308837654609e-05 0.00017858327326753537 0.01670744540480983 0.010882805315835365 0.0028336231482272395 0.003679832214590908 0.009776095461989072 5.784438532293935e-06 0.0 5.3974677094287195e-05 0.00035711648488214994 0.0 0.00014575807982901003 3.903942077772784e-05 0.00015349900389011493 0.0004477184751005903 0.0003151472640733066 2.6963185016846647e-05 0.000241815150707756 0.00048199008513732 6.640505500772255e-05 0.000243454526870853 0.0 0.0 0.0 0.0 0.0 0.0 0.0 0.0 0.0 0.0 0.0 0.0 0.0 0.0 0.0 0.0 0.0 0.0 0.0 0.0 1.5509068205393024e-05 0.0 0.0 0.0 0.0001140198514680819 0.00011327412361385303 0.00028639401687543945 7.522577351178885e-06 7.788408888927231e-05 0.0 1.8668498515455395e-05 0.0 0.0 0.0 0.0 0.0 0.0 0.0 0.0 0.0 1.0199841794635303e-05 0.0 3.1235843075176066e-05 0.0 0.0 5.655752198485981e-06 0.0 0.0 0.0 0.0 0.0 2.3946908459917777e-05 1.5254689499053484e-05 0.0 0.0 0.0 0.0 0.0 0.0 0.0 0.0 0.00019523116440315965 0.0 2.7940258348122013e-05 8.679220193743814e-06 0.0 2.4528209678260035e-05 4.639579078541889e-05 2.262582703040853e-05 2.1591037615054396e-05 1.7532681497558246e-05 0.0 0.0 0.0 0.0 0.0 0.0 0.0 0.0 2.112342016938747e-05 0.0 7.861437641955032e-06 0.0009777802929967518 5.409422042630264e-05 2.5809637055601112e-05
0.020039652411379578 0.17322877276925358 0.00196785838108568 0.041610488247934334 0.063471763956233 0.003457912637693303 0.0 0.002347743685190777 0.050642236402931515 0.10127436351015068 0.004717235685686815 0.04000772014170908 0.23532442918562801 0.14337179174514778 0.0008367082127217574 0.0005198632216673201 7.389824736374264e-05 8.371414062522223e-06 0.0 2.0076658449982024e-05 1.4012174765669773e-05 0.0 0.0 0.0 3.6857850355591954e-05 1.0584316174330988e-05 0.0 2.868026031780459e-05 2.381803046655443e-05 0.0 0.006821036435261683 0.0003740235993288106 0.0014599068091959181 2.1661446607702207e-05 3.3822306923080954e-05 9.309316606993332e-05 0.0014456810154702322 9.438813045462435e-05 0.00017472264695749185 3.78530529988066e-05 2.6004217095395108e-05 3.5441846543510857e-05 4.899823895171705e-06 0.00014086351130081554 2.7006771409638595e-05 0.0001432211203606305 0.010311742300855147 0.00021340077663698623 6.100841015074989e-05 3.552259497161913e-05 5.441531303529368e-05 7.698458854580413e-06 0.0 1.4092537218876662e-05 0.0004978340184391545 0.00040820262319343813 0.006532578936365503 0.01110199743606022 0.0038155494220541058 0.002496191805143953 0.00011524891550731036 0.0003399723194349577 3.7284351736362175e-05 0.002881709943745134 0.00044520536773027397 0.00029077914235434664 0.00014801887381281465 3.315530422715046e-05 1.122917754398026e-05 2.618408228470546e-05 0.005089747682922263 0.0004145104233309529 0.0 0.01338079954675087 0.004725120438514499 0.00716197962144527 0.0017483652668325066 0.00019733583596567047 0.00014006322111385244 0.000434967829201147 0.0002132786262038594 0.0005068168561397025 0.0014271157931267 0.0 0.00017739533901478841 0.0008452044524838103 2.2878730002434742e-05 1.703304849613743e-05 0.00010028049721871891 0.0 0.00016547208343228246 0.0 3.355712755897906e-05 2.3484385263264695e-05 2.215186401572062e-05 0.007273975631665827 0.002677294377757602 7.11327000142291e-06 0.0012886901302872746 0.006592634937069704 7.354867095787179e-05 2.7005194312650473e-05 0.0009385803907600822 0.001772044753555788 5.5595908010701275e-05 0.0021259628189086227 1.963181839244643e-05 0.00415888530250457 0.0027446254166527146 0.001757442268687409 0.00010068025965703735 0.003912263500560837 0.001941313499024003 0.0003155439816476954 0.0009805036389482738 0.0 1.3538845157041368e-05 0.0 0.0 0.0 0.0 0.0 0.0 0.0 0.0 0.0 0.0 9.868452242833498e-06 3.457785766149743e-05 0.0 0.0 1.6866016087034697e-05 0.0 0.0 0.0003012343308909974 0.00013179464855885703 0.0 0.0 0.0 0.0005252572151600045 0.00022548795912411308 0.0013037628512108579 0.0005005869087332721 4.0060404950880845e-05 0.0 0.0 0.0 0.0 0.0 1.869174819168281e-05 0.0 0.00018831853982464284 0.00011136225758037968 0.0 0.0 0.0 9.967768099804664e-05 0.0 0.0 7.387172752401586e-06 0.0 0.00013593227161593513 0.00024803560587592925 1.0191481365807989e-05 3.6785532734762053e-05 6.60627001391408e-05 0.0007534125171365025 4.589336212175361e-05 0.0 6.9369666699468125e-06 0.0 6.402390988892654e-06 0.0 0.0 0.0 0.0 0.0008960902870839165 3.645800868618711e-05 0.0 0.0 0.0 0.00021832789010852867 1.2779709543938726e-05 0.00021855578748410524 0.00012107962278090817 0.0004476598604740232 7.24249391151267e-05 3.850665944428927e-05 1.196341246436217e-05 0.0 0.0 1.9421742699730657e-05 0.0 5.168175158520557e-06 0.0 0.0 0.0 0.0014739260390693322 0.00022203224084668688 0.00030750937672033806
0.0027232247425672353 0.021447395919709736 0.2347205669570382 0.0008236234471177695 0.02089945945319286 0.0002512662675884637 0.002347743685190777 0.0 0.03139673045931805 0.00287345371663277 0.05363101713125015 0.014576076103110566 0.05010146702911111 0.13275693986009746 0.0030172763461224624 0.002200814729252081 0.00013669270989432998 1.984717733794084e-05 5.635866966324449e-06 1.029231553826854e-05 0.00013847047178115935 1.4353814341314977e-05 0.0 0.0 0.0003953087451950385 0.00011535511924574422 0.0 5.639494687765728e-05 8.192894473785525e-06 6.738943840264064e-06 0.04471618382007522 0.11885567069058389 0.0517830047909637 6.247136170126642e-05 0.00026384284588948934 0.0008060974852130759 0.021482225570665415 0.0011845303099926466 0.0007750329499272458 0.0005430515969359709 0.00022262100173820926 0.00021424311639924409 5.050758052464183e-05 0.00032860297501701206 2.6517954115460223e-05 0.00019516824296949333 0.013851207382917905 0.00011255271704736109 7.662903262738413e-05 7.064023056533587e-05 3.0836826471386114e-05 0.0 0.00010297040765177697 1.0592582765223564e-05 0.00021004314467400702 0.0002128566073550001 0.002196307415716347 0.008145441268019317 0.0011945356974549098 0.0016970992425282153 0.004570064767305494 0.014026909568222987 0.00027838483715944746 0.015351284876999084 0.00019634707140151625 0.00014472511759759275 0.00011123731989501195 1.3807358866248948e-05 2.5901933303895517e-05 0.00015166156328994898 0.026532128259370204 0.0007066737526832906 6.082508977786128e-06 0.006593613295360995 0.008348026996049923 0.00825523724166302 0.005282290651205201 0.010893713927944792 0.09902308728630836 0.051963744882684924 0.018291810008634182 0.0747056563611291 0.000775716839467744 5.8187216905934825e-06 0.00011148424379712078 0.0003768678235897599 3.708007983138378e-05 0.0 8.662725432396102e-05 4.928889310194231e-06 6.362114552195994e-05 0.0 0.00013475573513120512 4.171412548167196e-05 4.2794060681535464e-05 0.002894833628189924 0.0021637355245037026 0.0 0.0022683301915584473 0.0015093454738385518 0.0 0.0 5.215232846687098e-05 0.00010315041890957063 0.00012836695816758993 0.00021618401022403968 2.8937885728159827e-05 0.00019760573599757433 0.0003077577192572622 0.0009253575979640936 5.721371472776084e-05 0.00026639670636665285 0.0008259591994635293 0.00010107073966455644 0.0006322493144120684 0.0 0.0 0.0 0.0 0.0 0.0 0.0 0.0 0.0 0.0 0.0 0.0 0.0 4.046008461705874e-05 5.464708786515481e-05 0.0 5.904418476284984e-05 1.9936703154001554e-05 0.0 0.0001494696954823706 0.00010452855601656135 0.0 1.6248817432336278e-05 0.0 0.0004409887415421474 0.0002490156594468962 0.0008852375722846375 0.00029748492289468335 9.189847238746266e-05 0.0 0.0 0.0 0.0 0.0 8.682002577035235e-06 0.0 6.265349272259535e-05 2.6284667698112587e-05 0.0 0.0 0.0 2.2879895451878956e-05 0.0 0.0 0.0 0.0 5.854945966246868e-05 0.00017070302687387774 2.5639935576939464e-05 0.0 0.0 0.0004531187951291297 0.0001556110479273477 0.0 1.3829226646097768e-05 1.2329498592534506e-05 0.0 0.0 0.0 0.0 0.0 0.0003715669275088693 8.384460810926321e-05 1.155223056907021e-05 0.0 0.0 6.094588620041091e-05 4.1048134641962304e-05 0.00010035837473718222 0.00019440601601612546 0.00014819689145712677 1.5588263881260397e-05 0.0 0.0 0.0 0.0 0.0 0.0 1.1552701086639215e-05 0.0 0.0 0.0 0.0008217594525952309 0.00013441359272587186 0.0002686338722240687
0.0012746495854810895 0.023164926143434246 0.0180796321956854 0.0004521409507333151 0.12050707788036094 0.00011810518599181613 0.050642236402931515 0.03139673045931805 0.0 0.003500324004702745 0.05511532568934305 0.0010188312113499007 0.149484519010019 0.13676565682554764 0.00041508660418500704 0.0002468582987692917 3.73356053966333e-05 0.0 1.2035090482287825e-05 0.0 1.6052082218465605e-05 0.0 0.0 0.0 0.0 5.92628962013524e-06 6.230044342787556e-06 7.16052890999102e-06 7.317082454626482e-06 0.0 0.0020471959204345757 0.00022422680826541616 0.0013689066066356094 4.591669412748981e-06 0.0 2.3471141278144937e-05 0.0005494098252255102 1.3885509931144663e-05 1.9541427673911745e-05 1.4044227502492151e-05 0.0 7.633607989038946e-06 0.0 4.371224274138896e-05 0.0 4.092709078825454e-05 0.0032137647432079115 7.609334682585668e-05 2.819061707274779e-05 1.0983228759655551e-05 1.0239156348237692e-05 0.0 0.0 0.0 8.178976360483636e-05 4.740621686301821e-05 0.0006184502464814594 0.0010767345835527237 0.0004254849685405908 0.0004998890656689309 1.6453246028960422e-05 0.00020208386283718187 3.681972471091747e-05 0.0011072413572202463 6.100352747972096e-05 7.811513204882154e-05 3.821122044465574e-05 1.7901107819886134e-05 0.0 5.449047146680834e-06 0.0010522382845264888 5.413143247900871e-05 0.0 0.001633099595942264 0.0009513209366878512 0.001634158049779812 0.0006667583512437 5.7993565064957585e-05 0.0005201579949487751 0.00519558855758723 6.776941874199938e-05 0.00044331465595424 0.00018639657957370828 0.0 4.160698380652245e-05 0.00012219040764444958 6.966251187694326e-06 0.0 3.256764283293888e-05 0.0 2.1354984749158962e-05 0.0 0.0 0.0 0.0 0.0006878059127381166 0.0006953819210552314 0.0 0.00047214302351728985 0.00025405896995429065 1.1625872101517143e-05 2.5472905823627338e-05 2.670744831624396e-05 4.942405115482503e-05 0.0 3.251895201060243e-05 3.304868839854091e-05 6.869692218424771e-05 0.00019266193752155047 0.00031765106909439406 0.0 0.00010055777370903058 0.00021986361253480523 4.8268981868194096e-05 0.00020162793618176204 0.0 0.0 0.0 0.0 0.0 0.0 0.0 0.0 0.0 0.0 0.0 0.0 7.987636385228816e-06 0.0 0.0 0.0 0.0 0.0 0.0 2.20630402136434e-05 1.6987275945045072e-05 0.0 0.0 0.0 0.00011456626577839356 3.115033104398438e-05 0.00036993577987033286 5.6951377059607235e-05 7.275058551974329e-05 0.0 0.0 0.0 0.0 0.0 0.0 0.0 0.0 0.0 0.0 0.0 0.0 0.0 0.0 0.0 0.0 0.0 0.0 8.073438163175599e-05 6.762477243454538e-06 0.0 1.6795258743185753e-05 0.00017851884024638255 9.396506389637105e-05 0.0 0.0 0.0 0.0 0.0 5.199171333313559e-06 0.0 0.0 0.00014760576425617457 0.0 7.948834399213357e-06 0.0 0.0 4.285637969336599e-05 3.772022584481231e-05 3.785895549342817e-05 2.0263934622978083e-05 7.402543406112185e-05 0.0 1.2051659959877912e-05 0.0 0.0 0.0 0.0 0.0 0.0 0.0 0.0 0.0 0.0001790827287736174 6.024856455629192e-05 0.00010819808845461292
0.04719118533755391 0.04060463123719918 0.00043023046709944536 0.061731834825965344 0.012027128125045475 0.03717282889861597 0.10127436351015068 0.00287345371663277 0.003500324004702745 0.0 0.002482071110347809 0.17676370922683154 0.2632321691947844 0.011830797288049298 0.00018255150158976683 3.780373054093772e-05 2.697074074112038e-05 0.0 0.0 0.0 0.0 0.0 0.0 6.07848589764999e-06 0.0 0.0 0.0 2.3493804467280223e-05 0.0 0.0 0.0025078464036045584 5.3837908304402015e-05 0.0019183809861633768 0.0 2.5985345932613253e-05 6.543730837042326e-06 0.0036764356053597333 5.373016907636618e-05 0.0001085431526722444 3.8303317066022935e-05 6.147435533359866e-06 0.0 1.9959773564363065e-05 4.407697485898406e-05 0.0 7.29789078218168e-05 0.0027138449606648337 4.213818884666598e-05 1.2839680394241885e-05 5.754146584643259e-06 2.573656740339798e-05 3.0079991215579926e-05 5.644453137353261e-06 0.0 0.0002015111097235364 0.0001812921646360537 0.00623990888924767 0.008020509697609432 0.0019188018382348961 0.000817379474923781 4.6495288209941143e-05 0.00010153760109516427 0.0 0.0005485976893271813 0.00012728107134097865 0.00012325570589702056 7.808781281612236e-05 3.4940456293972476e-05 9.10586764299735e-06 5.704580236670402e-06 0.01240408722328941 0.0006749919594301055 6.993987822150382e-06 0.005978720302900779 0.0009594095068376881 0.0020481305768061896 0.00022756047260344086 1.6825013335870503e-05 9.070245567863847e-05 0.00016750050414807616 3.476048398777436e-05 0.00014492428020407717 0.0008579484327914643 1.0277522341962017e-05 5.8200770290660174e-05 0.00027283705258698945 4.354079153934981e-05 0.0 2.252277881384621e-05 4.5731744427064507e-05 4.325432247248764e-05 1.1973261906455843e-05 2.8111907849193068e-05 2.9770923583820548e-05 1.83393292046001e-05 0.010041128522127544 0.006031622843966946 6.185492968478958e-05 0.003392132669038379 0.037842538225394545 0.00014673234333382435 0.0002684248615033859 0.0011150134226393638 0.002792529118867817 0.0002237640867697312 0.004181105230892466 0.000463455762474855 0.0011941131974653194 0.005889986409073467 0.007066272026494982 0.0002781268009868119 0.0025068005802645005 0.010225229978082813 0.0007596333149016636 0.0038567828166813623 0.0 0.0 9.586872929108522e-06 0.0 0.0 0.0 0.0 0.0 0.0 0.0 0.0 0.0 0.0001735413393449383 0.0 0.0 0.0 7.332669024113341e-05 8.3601889208947e-06 0.0 0.0006546032734697337 0.00029949499342528564 1.695287991564477e-05 0.0001179132042004982 6.671707189494974e-05 0.0027447615086586266 0.0005454469465508225 0.004386625296372438 0.0009216911391610364 0.0002178949360418497 1.1811026740450868e-05 6.529212957695278e-06 0.0 0.0 0.0 2.6237389313746696e-05 0.0 0.00019922605110886114 5.658591238643667e-06 0.0 0.0 0.0 0.00021578435357471373 8.505014494214593e-06 3.7332211296238984e-05 1.3834621442081847e-05 8.453265528995472e-06 0.0001258825284668677 0.00040949006195281564 0.0001576782427433554 5.3732389317312695e-05 0.00011439668248241382 0.0016160384912315346 0.00020055701739100546 3.36092908275327e-05 4.4974729462760654e-06 1.8436210675375563e-05 0.0 0.0 5.896863017590314e-06 0.0 0.0 0.0036134218480019737 1.2375113124085812e-05 0.0 0.0 0.0 0.000534913391830237 1.533058668298834e-05 0.0004566643003753596 0.00038361175589004534 0.0006439828279200003 3.141179407176511e-05 2.8062779706670183e-05 0.0 2.975088520106741e-05 0.0 0.0 0.0 1.565371141442465e-05 5.905847999841776e-06 0.0 0.0 0.010154420379340539 0.0008534771902037388 0.0010499203715688596
0.004985626419395652 0.05783298292410889 0.09710310449810738 0.0015505025755690738 0.05548947783778982 2.4461547120893592e-05 0.004717235685686815 0.05363101713125015 0.05511532568934305 0.002482071110347809 0.0 0.008155435965039128 0.08682119233168757 0.24051028329729746 0.0009748156839607967 0.0008431434018393692 6.24459245388433e-05 5.527147308923274e-06 1.9240142393891134e-05 0.0 2.6845171420220197e-05 1.2208280784542055e-05 0.0 1.035117671073021e-05 8.660950390481483e-05 2.6052155886358327e-05 7.43348619951401e-06 1.7796284649935554e-05 0.0 0.0 0.015001826031912534 0.003803862353012289 0.029304356348859764 1.230932609235577e-05 4.913294065124732e-05 0.0003430333460635957 0.014838707688495788 0.0005413996084232866 0.00036006701424420786 0.0001621159148099271 5.350017716726513e-05 4.026839142165333e-05 4.571032149214217e-06 0.00010317075429823987 2.2310037592625666e-05 7.127958426790033e-05 0.005128193303445794 4.836283042609764e-05 2.1457621760809137e-05 3.085200741312109e-05 2.2661222079708405e-05 6.3653272178287495e-06 2.195277754190021e-05 5.667467333480288e-06 0.00017451324849138055 0.00013272994320547954 0.0013095708908690026 0.0036564788200024335 0.0007773291389603509 0.000705644703316699 0.0002764139687539786 0.00295606747910994 3.57596473000459e-05 0.0032502784442657363 8.802599372657679e-05 6.705385491484036e-05 5.202017986737649e-05 0.0 4.3927099742458855e-06 4.90202293405655e-05 0.010785199148411483 8.024977774937388e-05 0.0 0.0032664294993900796 0.002649309835871654 0.0035440625017048003 0.001606379093087297 0.00022601041200631493 0.007243575831916014 0.035378029470578 0.0005471298210229898 0.02225977595070482 0.0003980532874540184 6.8711969008557105e-06 5.468742755393106e-05 0.00021130507456461502 6.7220888651838385e-06 0.0 6.720273809357423e-05 0.0 3.357354609913638e-05 0.0 5.0758163220942036e-05 3.418115646448403e-05 5.728319463632835e-06 0.0014264453449850897 0.00082810915712482 0.0 0.0011483716354656484 0.001153921571228497 6.400485016501163e-06 0.0 2.1063866720841196e-05 8.644562126337064e-06 0.0 6.794551315128113e-05 0.0 3.884789932344829e-05 0.00013350715767049997 0.00014178145743793693 6.534411667806291e-06 0.00010619488358535859 0.00022194004064948606 7.223402982058181e-06 0.00020182950272137657 0.0 0.0 0.0 0.0 0.0 0.0 0.0 0.0 0.0 0.0 0.0 0.0 0.0 0.0 0.0 0.0 8.372264800779642e-06 0.0 0.0 1.4092902832716736e-05 8.071830259016444e-06 0.0 0.0 0.0 7.129885822559071e-05 5.602798876490268e-05 0.0001740107087271416 2.6563393807463306e-05 2.0561964788979425e-05 0.0 0.0 0.0 0.0 0.0 0.0 0.0 0.0 0.0 0.0 0.0 0.0 0.0 0.0 0.0 0.0 0.0 0.0 9.135770517324262e-05 6.556289628185767e-06 0.0 0.0 0.00013061731755010405 0.0 0.0 0.0 6.7635944460360754e-06 0.0 0.0 5.6173220231553504e-06 0.0 0.0 0.0001763808323149232 3.0096331852546142e-05 0.0 0.0 0.0 4.5545080413803104e-05 0.0 2.844393434810852e-05 3.470258111308964e-05 1.4592776183187387e-05 0.0 0.0 0.0 0.0 0.0 5.622993906625977e-06 0.0 1.2788864496788959e-05 0.0 0.0 0.0 0.00013290644970493694 8.37675813290573e-05 3.520343356503033e-05
0.011086433308446617 0.005427786003850102 0.0005625514535195289 0.0811982531803818 0.00356540581292635 0.013508858427896597 0.04000772014170908 0.014576076103110566 0.0010188312113499007 0.17676370922683154 0.008155435965039128 0.0 0.11512575799263153 0.02511727465692156 0.000928938072005231 0.0007101496151324622 5.1923758733639384e-05 1.738458620337075e-05 1.0033946949175427e-05 1.4564117546759327e-05 3.6468008623081785e-05 0.0 0.0 0.0 0.00026736840349247834 4.48722796843482e-05 0.0 6.825171784076736e-05 2.88130228475608e-05 0.0 0.0012582332151046917 0.0003983841272571648 0.007752627442897895 1.808382090198952e-05 0.00017830274343373152 0.0006524992764780371 0.017792891768991754 0.001112911627298079 0.0008839930816430433 0.00044795256755038684 2.8618533104647405e-05 0.00013318317865975205 6.64551224148564e-06 0.00011379246400430167 2.0699230211707905e-05 9.00027624135084e-05 0.003096031016008664 4.499290126734963e-05 3.885426126984467e-05 2.682938982717651e-05 3.418785038470616e-05 7.692277059313455e-06 6.164538205177263e-05 0.0 8.66830215003668e-05 7.983149205684297e-05 0.0018767876535632 0.002497271420321048 0.000897534786201304 0.0005205159069960943 0.00016651399479277807 0.0015192044094983809 7.200350011388304e-05 0.000662360164586593 7.964295261278201e-05 1.3655275902466716e-05 6.494914218757513e-05 6.236573161360346e-06 0.0 2.1757720787692456e-05 0.025598309338208423 0.0008683285863908633 2.00968482127997e-05 0.0031715965324189735 0.0008971458129123215 0.001480085036587095 0.0005617982947631847 8.952390389147033e-05 0.0003338317871866461 0.004919130288032787 5.4615133835216616e-05 0.0008473657924210053 0.0003956878230082231 1.2958898834539872e-05 3.053561555350246e-05 0.00017025121093968408 2.100775561955191e-05 0.0 6.0359821821617006e-06 3.0365035008150274e-05 7.068621735020378e-06 0.0 3.954277764020988e-05 3.4991122139256165e-05 6.144469015253096e-06 0.017917155851581292 0.003947825385741312 0.0 0.002962376236217336 0.0046165279833028155 9.394932877966298e-05 0.00010590494826912394 0.00018607926172843175 0.001803791108193338 9.703186908273567e-05 0.002036186571089048 0.00019038263090669576 0.0006928959492254306 0.0030821178880683768 0.002486988064977652 0.0002081915721693954 0.001484540462171235 0.003488884099026823 0.0003319017913986017 0.0020148315318961824 6.064492094315833e-06 0.0 0.0 0.0 0.0 0.0 0.0 0.0 0.0 0.0 0.0 0.0 6.0478380297949456e-05 8.664149467318971e-06 0.0 0.0 1.7492699455250245e-05 0.0 0.0 0.00022469234711230222 0.00027285460692026253 0.0 0.0 0.0 0.0014751676229481088 0.00023706173125341936 0.0030733876333170875 0.0006110588558909434 0.00023742618097194677 0.0 0.0 6.869101039435905e-06 0.0 0.0 0.0 0.0 0.00021956781101975398 9.425727345462787e-05 0.0 0.0 0.0 8.526608727631014e-05 0.0 8.18476155768678e-06 1.725667491778794e-05 0.0 6.915887084486644e-05 0.0003422307183382676 1.6522657772235722e-05 4.7126663474893754e-05 8.923461658814353e-05 0.00138683406343936 0.00019188671799790682 5.3442838205452395e-05 0.0 1.7352834898782145e-05 0.0 0.0 0.0 0.0 0.0 0.0018546925110379765 4.7493963742004746e-05 0.0 0.0 0.0 0.00036199910013945906 2.6732970463966472e-05 0.00015107508239466179 0.0002190381144686746 0.0002987301319276367 4.863867013369154e-05 5.9171063388518724e-05 0.0 4.838003286711546e-06 0.0 0.0 0.0 7.1418356851797655e-06 0.0 0.0 0.0 0.0037773250948401785 0.0003806832049657781 0.0005222236556030761
