0.0 0.1337081309946484 0.04480982234846061 0.14013891193382172 0.0003440906575749685 0.003525514771650262 0.016311770556097997 0.004843655655638228 8.744540343907334e-05 0.06372442373212268 0.0030968093781779285 0.00363964341997763 0.0060968974232038595 0.0006103574077192109 4.8013117105410434e-05 8.423951335693295e-05 9.198652573124567e-05 0.0 0.0 0.0 0.0 2.071839525824948e-05 0.0 1.0027320250799575e-05 1.3805872590997575e-05 9.361772113329064e-06 8.029484351669687e-06 1.0381520431543458e-05 0.0 0.0 0.10019403302807793 0.00014866351829958237 0.00024761557819159396 0.0 0.0 0.0 0.0 0.0 0.0 0.0 0.0 0.0 8.684674638523713e-06 0.0 1.1633284427831614e-05 0.0 0.0019716975160215667 0.0004627602893634606 2.7279391560453648e-05 0.0 0.0 0.0 0.0 0.0 0.00016859931766647848 7.001539817407998e-05 0.008221747268629651 0.0541681691562651 0.0022672020691223847 0.0018205807617159959 0.0 0.0 0.0 0.01060303306281247 0.0 3.895249501750033e-05 9.412193265511432e-06 5.107886427370835e-05 0.0 0.0 8.376986373671673e-06 0.0 0.0 0.007329291967327836 0.003598107569114778 0.006878406596953102 0.0012099150383561826 4.342799503637856e-05 0.00012443543635708057 0.0006083209064944509 1.0425869043378819e-05 1.9504601553672402e-05 0.0006243086583847205 0.0 4.528371275459895e-05 7.837788417196284e-05 4.8585824176021616e-05 0.0 5.226631874091865e-05 1.237310102540199e-05 2.302930132204699e-05 0.0 0.0 0.0 1.8867525203911937e-05 0.00039917988689244126 0.00016039337993109225 0.0 1.0154773303885068e-05 0.098183038441013 0.0 0.0 0.0 0.0 0.0 0.0 0.00024461510534029183 0.0 0.0 0.0 0.0 0.0 7.63473970554947e-05 0.0 0.0 0.0 0.0 0.0 0.0 0.0 0.0 0.0 0.0 0.0 0.0 0.0 0.0 0.0 0.0 0.0 0.0 0.0 0.0 0.0 0.0 0.0 0.0 0.0 0.0 0.0 0.0 5.806005471054185e-05 0.0 0.0 0.0 0.0 0.0 0.0 0.0 0.0 0.0 0.0 0.00014221006246048485 0.0 0.0 0.0 0.0 0.0 0.0 0.0 0.0 0.0 0.0 0.0 0.0 0.0 0.0 0.0 0.0 0.0 0.0 0.0 0.0 0.0 0.0 0.0 0.0 0.0 0.0 0.0 0.0 0.0 0.0 0.0 0.0 0.0 0.0 0.0 0.0 0.0 0.0 0.0 0.0 0.0 0.0 0.0 0.0 5.51025632488526e-05 0.0 5.592255917020599e-05
0.1337081309946484 0.0 0.10284102086393586 0.02505424642432433 0.06688568609314922 0.014548215463764187 0.11410963343300633 0.009667745206689709 0.01753660309955043 0.02746286639648972 0.04392843782244731 0.001948148692221895 0.06784109175614321 0.060045357397785826 0.00029729966755174343 0.0001099620790233564 0.0 0.0 0.0 5.715888743848433e-05 0.0 0.0 0.0 1.2606041950905273e-05 0.0 8.58803944212909e-06 7.351508638682187e-06 0.0 8.784469559283528e-06 0.0 0.1786430356469194 0.009752408620443053 0.0027400102670296377 9.618784409517672e-06 0.0 8.953640463706777e-06 0.00010983738501768657 1.4255417190857865e-05 0.0 4.8142136840515726e-05 0.0 9.521777532531704e-06 0.0 0.00015005087453883215 1.860100385959204e-05 9.393337724590228e-06 0.011660540682934265 0.001204586869671013 0.00015764014496723617 4.249708189420567e-05 2.9005444594268428e-05 3.662227913650332e-05 0.0 3.315476721589963e-05 0.0001917959358833796 0.0001120539228730934 0.010554001153389989 0.047657460207381167 0.004776195586132615 0.00556515238046447 1.69388851595537e-05 7.060249271041854e-05 0.0 0.024250643931485835 5.1669423435511856e-05 8.186014952748137e-05 8.880580360933671e-05 0.00011028045464289527 1.9903779479356616e-05 1.8757420759799283e-05 0.0001556065468930052 3.8755042119711545e-05 0.0 0.017571246335063937 0.010898410551235667 0.022371209896835404 0.011204111338917872 0.0005234321506188029 0.00037780575524925847 0.023230488665200447 9.874336343666526e-05 0.00019900149047443472 0.002037419598295277 1.2980271585738288e-05 0.00018897538631332413 0.00015475127558389737 0.0001424428707056825 0.0 5.174946656427914e-05 3.62534999383325e-05 6.456845952708699e-05 0.0 1.2215518120124501e-05 3.1651701448631255e-05 4.235206144144462e-05 0.002026343115996251 4.954061186511515e-05 0.0 0.0 0.028304752812678895 0.0 0.0 0.0 0.0 0.0 2.339042723901068e-05 0.00014934080996211987 3.7350521793768254e-05 0.0 0.0 0.0 6.793330764482509e-05 3.994040094103447e-05 1.6097261469700622e-05 0.0001048535445713139 0.0 0.0 0.0 0.0 0.0 0.0 0.0 0.0 0.0 0.0 0.0 0.0 0.0 0.0 0.0 0.0 0.0 0.0 0.0 0.0 0.0 0.0 0.0 0.0 0.0 0.0 0.0 0.0 0.0 0.0 0.0 0.0 0.0 0.0 0.0 0.0 0.0 0.0 0.0 0.0 0.0 0.0 0.0 0.0 0.0 0.0 0.0 0.0 0.0 0.0 0.0 1.5513742272194656e-05 0.0 0.0 0.0 0.0 0.0 0.0 0.0 0.0 0.0 1.0556183070472393e-05 0.0 0.0 0.0 0.0 0.0 0.0 0.0 0.0 0.0 0.0 0.0 0.0 0.0 0.0 0.0 0.0 9.95972271043846e-06 0.0 0.0 0.0 8.768810559315642e-05 8.150208492300052e-06 0.0
0.04480982234846061 0.10284102086393586 0.0 0.0007024951389142872 0.04792086233436958 8.725372257391943e-05 0.04177901715636786 0.1672480489722223 0.012334192044252682 0.00028764022058259064 0.14596377252315323 8.651796898120574e-05 0.0076662399282655625 0.04112708065191425 0.0002657032533714054 0.0004790398403929716 0.000102398317482062 9.84247989014594e-06 4.092334585128556e-05 0.00027875733518691634 0.00041774867184403544 4.084059727443139e-05 9.295977970711864e-05 0.00022110786143958634 2.8001381548479807e-05 3.750221755965566e-05 2.0343586574930184e-05 2.6738607722854642e-05 0.0 8.78236600529847e-06 0.2653121054660661 0.03632583358919312 0.011566589844608666 0.00015306084677281279 0.00028821028986328404 3.81206940636535e-05 9.013760019026189e-05 0.00021082457188281544 3.323254775005057e-05 7.408358195607533e-05 0.0002744711414071918 6.807801880309877e-05 6.222112525062762e-05 0.000662250570569227 9.838878586392615e-05 0.00023087226204522427 0.00534551078050551 0.00042285183977311885 0.0001158558779103833 9.438683240006938e-05 8.336097115236134e-06 5.892375077972018e-05 2.3045036679091442e-05 1.7941452696201743e-05 0.00012300153217616059 0.00010355997749196845 0.004462202170390812 0.03381982161656304 0.0017677121209573009 0.0021435953183680002 0.000899306808602016 0.0024160855898209756 0.0004213492493703893 0.025742530955086624 7.725885451999961e-06 7.95303808933425e-05 6.672331861391355e-05 7.2491241674005e-05 3.5446821253486005e-05 0.00022632034695706257 0.0015193318007229004 0.00033712775153866767 0.0 0.006981719637065336 0.005058854497738771 0.00895224041760677 0.00462508922131005 0.0011927615819033776 0.02054182309666302 0.03625500944744202 0.0016495748517610475 0.019091936757513805 0.0005883463187870716 0.0 9.762850530623255e-05 8.233728855554707e-05 4.3405876087144686e-05 0.0 1.704685617464558e-05 0.0 8.339858733703149e-06 1.1140488684359582e-05 0.0001423019194085207 0.0 3.199887001251406e-05 0.0006858268706149784 0.00038565866276302 0.0 0.0001652191840745866 0.009361073577880102 0.0 0.0 0.0 0.0 6.502586214001678e-05 0.0 3.807399147473962e-05 2.133681025482087e-05 0.0 0.00020127378129722082 2.441034953537421e-05 9.957204332795781e-05 0.0002324031124743813 0.00017379862126378604 0.00023165149963109264 0.0 0.0 0.0 0.0 0.0 0.0 0.0 0.0 0.0 0.0 0.0 0.0 3.747273880750666e-05 0.0 0.0 0.0 1.8523894635067076e-05 0.0 0.0 3.793362713416188e-05 0.00013360198126278127 0.0 0.0 0.0 0.00010025610871550398 1.0041930900617264e-05 0.00025600821381191306 4.2371136651746056e-05 0.0 0.0 0.0 0.0 0.0 0.0 0.0 0.0 0.0 0.0 0.0 0.0 0.0 0.00010211611438002643 0.0 0.0 0.0 0.0 6.668547748779805e-06 0.0 0.0 0.0 1.2480951661673504e-05 0.0005525372899645938 1.0407668117210692e-05 0.0 0.0 0.0 0.0 0.0 0.0 0.0 0.0 0.0003168287666346988 0.0 0.0 0.0 0.0 0.0003254413624775048 0.0 0.0002797377104047575 0.0 0.0 0.0 1.3833440219538604e-05 0.0 0.0 0.0 0.0 0.0 0.0 0.0 0.0 0.0 0.0007425372678666275 0.00015086924754280451 6.214787254174193e-05
0.14013891193382172 0.02505424642432433 0.0007024951389142872 0.0 0.0 0.029884656373956604 0.021286329906133914 0.0 0.0 0.06597493799994447 0.0 0.019462154312124544 0.05179823917684388 0.007103447258178295 0.0 0.0 3.203181998020941e-05 0.0 0.0 0.0 0.0 1.9735385325861855e-05 0.0 0.0 0.0 0.0 0.0 0.0 0.0 0.0 0.019510501078022154 3.8610612138244565e-05 0.00010584614087545466 0.0 0.0 0.0 0.0 0.0 0.0 0.0 0.0 0.0 0.0 2.9089307334219105e-05 0.0 0.0 0.0005396265217707595 0.0 0.0 0.0 0.0 1.7584300158987597e-05 8.665420178008016e-06 0.0 0.0 0.0 0.000619048911439427 0.005292696469256612 0.00027171608318747977 0.0001866972830387372 0.0 0.0 0.0 0.0011805079783847874 0.0 0.0 0.0 0.0 0.0 1.183988523729058e-05 0.0004355618283960703 0.0001027319109175855 0.0 0.0008220125258043732 0.0002049946800905618 0.0007975941583366207 0.00021589541282656597 0.00010596150771924003 0.0 0.0 0.0 0.0 8.732625213120541e-05 0.0 0.0 0.0 1.4381831647113639e-05 0.0 0.0 0.0 0.0 0.0 0.0 0.0 0.0 0.0035291069002529136 8.251085240823611e-05 0.0 0.0 0.029995145049690308 0.0 0.0 0.0 0.0 0.0 0.0 0.0007869743765871849 0.0 0.0 8.95742422484732e-05 0.0 0.0 0.00017079826439791667 0.0 0.0 0.0 0.0 0.0 0.0 0.0 0.0 0.0 0.0 0.0 0.0 0.0 0.0 0.0 0.0 0.0 0.0 0.0 0.0 0.0 0.0 0.0 0.0 0.0 0.0 0.0 0.0 0.0 0.0 0.0 0.0 0.0 0.0 0.0 0.0 0.0 0.0 0.0 0.0 0.0 0.0 0.0 0.0 0.0 0.0 0.0 0.0 0.0 0.0 0.0 0.0 0.0 0.0 0.0 0.0 0.0 0.0 0.0 0.0 0.0 0.0 0.0 0.0 0.0 0.0 0.0 0.0 0.0 0.0 0.0 0.0 0.0 0.0 0.0 0.0 0.0 0.0 0.0 0.0 0.0 0.0 0.0 0.0 0.0 0.0 0.0
0.0003440906575749685 0.06688568609314922 0.04792086233436958 0.0 0.0 0.0 0.10305514915609863 0.0038354824437343295 0.14074376769731017 0.00024443655806804295 0.08270131822581263 0.00022815091692463457 0.04648819957013934 0.12762049407948828 3.845771785621864e-05 2.496017408598585e-05 1.534393432656875e-05 1.2195855074561576e-05 0.0 0.0 0.0 2.1630327208615673e-05 0.0 0.0 0.0 0.0 0.0 0.0 0.0 0.0 0.012422934789569724 0.007840090665650468 0.00040707557941138965 0.0 0.0 0.0 1.0199613975132139e-05 0.0 0.0 0.0 0.0 8.693985105535275e-06 0.0 1.056898540195205e-05 0.0 1.9487811783602858e-05 0.0040637854860981594 6.700050798201481e-05 1.345231384484395e-05 0.0 0.0 0.0 0.0 8.906573223621721e-06 0.0001012352612535748 5.155571289885339e-05 0.0004263963730504955 0.0021720905707219 0.00029798951200134456 0.0007712321412550978 0.0 7.315298338045492e-06 0.0 0.003374998252503353 0.0 0.0 1.5765215385291446e-05 5.369231394547297e-05 0.0 0.0 0.00023638075732462208 0.0 0.0 0.0015570997163060392 0.0010685367891510298 0.0021083587396029586 0.002660261405606753 0.0005086002902205149 0.0002160018663655792 0.0023957722622638326 3.9131698661857326e-05 5.2326341202371986e-05 0.00038104682274660973 0.0 8.661332570180744e-06 3.0769402018980236e-05 1.095717722259233e-05 0.0 0.0 0.0 0.0 9.737615000090476e-06 0.0 1.657217964033223e-05 0.0 0.0 0.0 0.0 0.0 2.539047564813822e-05 0.0 0.0 0.0 0.0 0.0 0.0 0.0 0.0 0.0 0.0 0.0 0.0 0.0 0.0 0.0 0.0 0.0 0.0 0.0 0.0 0.0 0.0 0.0 0.0 0.0 0.0 0.0 0.0 0.0 0.0 0.0 0.0 0.0 0.0 0.0 0.0 0.0 0.0 0.0 0.0 0.0 0.0 0.0 0.0 0.0 0.0 0.0 0.0 0.0 0.0 0.0 0.0 0.0 0.0 0.0 0.0 0.0 0.0 0.0 0.0 0.0 0.0 0.0 0.0 0.0 0.0 1.7308915594514286e-05 0.0 0.0 0.0 0.0 0.0 0.0 0.0 0.0 0.0 0.0 0.0 0.0 0.0 0.0 0.0 0.0 0.0 0.0 0.0 0.0 0.0 0.0 0.0 0.0 0.0 0.0 0.0 0.0 0.0 0.0 0.0 0.0 0.0
0.003525514771650262 0.014548215463764187 8.725372257391943e-05 0.029884656373956604 0.0 0.0 0.0019308453843473192 0.00022423329629320216 0.0 0.018197039139531555 0.0001601816098617777 0.002915881682414507 0.0023622999418705538 0.0016958821403531416 0.0 4.987162726079231e-05 1.4454801421837592e-05 0.0 0.0 0.0 1.380147217397286e-05 0.001710793492949391 0.0 0.0 0.0 3.3224382199848754e-05 0.0 0.0 0.0 0.0 0.01928760948979232 3.6961968836666886e-05 0.0014354754663313512 0.0 0.0 0.0 0.00037202560583080247 3.2929997112663286e-05 8.319096286826066e-05 0.0 1.6558075108766588e-05 0.0 0.0 0.0 0.0 0.0 9.203775526674728e-05 0.0 0.0 0.0 0.0 0.001928866161474114 0.0008279573424656193 2.8454084994027762e-05 0.0 0.0 0.005074753678934932 0.0030551762436546717 4.973869477468642e-05 0.0 0.0 0.00015498529991878396 0.0 5.489401089661968e-05 0.0 0.0 0.0 0.0 1.2273803436119008e-05 0.0 0.0038419084637465145 0.019966477672023086 0.0013698507863395117 5.290278528847961e-05 1.9284063161376764e-05 5.626555094049315e-05 7.760661926658035e-05 1.932500953385117e-05 1.6825862627394113e-05 0.00027275089555311267 0.0 0.00013381100370748786 0.0 0.0 0.0 1.789753639370666e-05 1.6637902961541242e-05 0.0 0.0 0.0002620274606099227 0.0 0.0 0.0 0.0 0.0 0.013785204774174782 0.03445695312969828 0.009444372401928766 0.0011512671958327381 0.02102063312158643 0.0 0.0 0.0 0.0 0.0 0.0 0.013743354172237168 3.588039588940376e-05 0.0002521880402749046 0.0011018800142429367 0.0 7.572235507306063e-05 0.00013429304443810406 0.0001259376085093102 0.00019670777222162382 0.0 0.0 0.0 0.0 0.0 0.0 0.0 0.0 0.0 0.0 0.0 0.0 0.0 0.0 1.728280657065797e-05 9.923101100854228e-05 0.0 5.659837641186338e-05 0.0 0.0 0.00014063700563528837 0.0 1.3281776596875691e-05 0.0 0.0 0.0 2.7899371481689775e-05 0.0 0.0 0.0 0.0 0.0 0.0 0.0 0.0 0.0 0.0 0.0 0.0 0.0 0.0 8.864039783809056e-05 0.0 0.0 0.0 0.0 0.0 0.0 0.0 0.0 0.0 6.495425343677271e-05 0.0 0.0 0.0 0.0 0.0 0.0 0.0 0.0 0.0 9.902191651227897e-05 6.865419225652995e-05 0.0 0.0 0.0 6.506101627027334e-05 0.0 1.2385985073891092e-05 0.0 0.0 0.0 9.567118171288173e-06 0.0 0.0 0.0 0.0 0.0 0.0 0.0 0.0 0.0 0.0008968866750142716 1.6331035381493728e-05 0.0
0.016311770556097997 0.11410963343300633 0.04177901715636786 0.021286329906133914 0.10305514915609863 0.0019308453843473192 0.0 0.003868351688204519 0.1253547409495979 0.022986068899538505 0.097152576503562 0.009540852777980236 0.057438907450403 0.19190139943048887 0.0003338135249115866 0.00018397302510216577 1.4496518394497835e-05 0.0 0.0 0.0 3.0148820203642282e-05 0.0 0.0 1.9802163060095958e-05 0.0 0.0 0.0 0.0 0.0 0.0 0.011293797246141735 0.007945372177137762 0.002283869355060225 8.926291625868459e-06 8.539862432335125e-06 0.0 0.00044224860123465 0.0 0.0 0.0 0.0 0.0 3.861171399985578e-05 5.785586938558786e-05 2.0498297962069344e-05 3.476708862479545e-05 0.0063048580458765074 0.00028069220110084895 3.375616222889099e-05 9.794483887921282e-06 0.0 0.0 0.0 0.0 7.00298330883935e-05 7.349122589874157e-06 0.0006068263454469074 0.0024989773489345257 0.0005560135412118204 0.0013867268144239296 6.408244893143143e-05 0.0 0.0 0.004654646863762915 8.557912225969655e-06 8.898158129003967e-06 3.105102870856208e-05 2.9363000444464662e-05 8.42829411147264e-06 0.0 0.002152294858033485 0.00012052112218915934 0.0 0.00223990549502301 0.0015986546590740652 0.0033223926324377354 0.005801416984528926 0.0008446156922530721 0.0002270276313980988 0.0029175668918811175 4.0391665112803185e-05 0.00020734065505289637 0.00026498645461017274 0.0 3.905730938359833e-05 2.7079655858465542e-05 7.765743933835722e-05 0.0 1.6639839566797324e-05 0.0 0.0 0.0 1.4617159060763708e-05 3.56296678948447e-05 0.0 0.004784403837425914 0.00010455702341907509 0.0 0.0001324415232837235 0.00036203578577924026 0.0 0.0 7.228387114303771e-05 0.0 0.0 0.0 0.00112646797174429 0.0 8.675256972854601e-05 9.863750564101117e-05 0.0 7.081255111592229e-05 0.00015448013239581753 9.002001292838118e-05 0.0003766972495179632 0.0 0.0 0.0 0.0 0.0 0.0 0.0 0.0 0.0 0.0 0.0 0.0 0.0 0.0 0.0 0.0 0.0 0.0 0.0 0.0 4.388807585839206e-05 0.0 0.0 0.0 2.7300181949275893e-05 0.0 4.368442828408088e-05 1.249113114075325e-05 0.0 0.0 0.0 0.0 0.0 0.0 0.0 0.0 0.0 0.0 0.0 0.0 0.0 0.0 0.0 0.0 0.0 0.0 0.0 0.0 0.0 0.0 0.0 6.477946251092571e-05 4.039363862251515e-05 0.0 0.0 0.0 0.0 0.0 0.0 0.0 0.0 0.00016517239888998574 0.0 0.0 0.0 0.0 0.00021291955261130212 0.0 2.296451642843031e-05 0.0 0.0 3.7921373976132795e-05 0.0 0.0 0.0 0.0 0.0 0.0 0.0 0.0 0.0 0.0 0.0004758296474270114 2.5216672355824737e-05 0.0
0.004843655655638228 0.009667745206689709 0.1672480489722223 0.0 0.0038354824437343295 0.00022423329629320216 0.003868351688204519 0.0 0.008479095971779205 0.0006027749619791119 0.131897426370565 0.0006470628123852249 0.00731170952381445 0.06421037096282751 0.001484886922705684 0.002183575154795512 0.0004541594616486922 0.00011331577145128903 0.00011333278264809384 0.0016337854261740227 0.0017507761363122437 0.00011852269494005792 0.0005868064390677098 0.0007660719467155685 0.00017357845806679174 0.00017047922010478435 0.00019130303909199267 4.1047729683790504e-05 7.56560553393979e-05 3.7593491505156444e-05 0.08859204389427627 0.16181570023298536 0.11201158007203434 0.000894275829742679 0.001340640749153259 0.00015958970017262457 0.0014482011490135037 0.0009735882726898491 0.0001716503979495973 7.335527251931879e-05 0.0014348806903961245 0.00053024172918506 0.00041054138186487636 0.003470502345777536 0.0005191045733245373 0.0020369230110583027 0.019767763484934368 0.0006725852935146843 0.00019204794762579664 0.0002746026086985316 6.882777675814073e-05 4.5702283093169665e-05 0.0003731153961702411 0.00027472260221880323 0.00022254866938978813 0.0001447163644379947 0.001886721975803212 0.008150861984542597 0.0012577002915348057 0.002910294924207 0.004804066451558171 0.01461115585685988 0.0025322097745484004 0.03229789299514045 3.337167051929126e-05 2.5586709820205494e-05 2.473938175588667e-05 6.233388769424102e-05 8.025576257659936e-05 0.0012942896716669104 0.01129625913184924 0.00241269815969095 1.1876936432314788e-05 0.00510781900161193 0.0034982548085284726 0.007557266815290169 0.019147288897250328 0.03576255574940459 0.1562635474119569 0.25240814209363793 0.00886503257034688 0.13765302264823778 0.0006981174699719096 9.671414556987608e-06 9.644953359180912e-05 6.982208955881858e-05 0.00010073285541405659 0.0 5.2259074923436266e-05 0.0 1.611409078025861e-05 0.0 0.00015687644855068007 0.0002234282211948313 0.00020172736869235485 0.007075537464702529 0.0018988305544756538 5.308991899746281e-05 0.0010557372729541503 0.00024579799156307093 2.5046158832149527e-05 3.121388367896504e-05 5.3388705380350516e-05 0.0 0.00011838019014103921 6.876551718371915e-05 0.002121435439017197 0.00012251947035728393 0.00018973719269453276 0.001114729240741884 0.0002991383854959668 0.0013274001574898047 0.001442972761190254 0.0005477969328166203 0.0019199570163613885 0.0 0.0 0.0 0.0 0.0 0.0 0.0 3.54597553865938e-05 0.0 0.0 8.710164546198795e-05 0.0 0.0 0.0 0.0 0.0 0.0 5.6164582106565396e-05 0.0 0.00028041828919990073 0.0005884419944676135 0.0 9.787100448580828e-05 5.079849848636901e-05 0.000563687703311552 0.00014821657809989402 0.001285842366927933 0.00015931173053888474 9.731576728166784e-06 5.9900711896053865e-05 0.0 0.0 2.484520967650505e-05 0.0 0.0 0.0 0.0 0.0 0.0 0.0 0.0 0.000345780813117344 0.0 0.0 0.0 0.0 6.621825389621706e-06 1.2615498278385307e-05 0.0 0.0 1.1094279912212455e-05 0.001980140133455308 1.5880344107468652e-05 0.0 0.0 1.404868106506067e-05 0.0 0.0 0.0 0.0 3.545606494100599e-05 0.0011479015771148143 9.266477778831349e-06 0.0 0.0 0.0 0.0015150013141273639 7.322611746787529e-05 0.0005437174132159277 0.0 0.0 1.0479632684850729e-05 3.306954516182411e-05 0.0 0.0 0.0 0.0 0.0 0.0 0.0 0.0 0.0 0.0036621883845846977 0.0004844482745123207 0.00032262774655176683
8.744540343907334e-05 0.01753660309955043 0.012334192044252682 0.0 0.14074376769731017 0.0 0.1253547409495979 0.008479095971779205 0.0 0.00016703634718054453 0.10115028436634381 0.0004937723531173579 0.0951089863080231 0.08096973866625572 3.3882538902013365e-05 3.953030456847543e-05 0.0 0.0 0.0 0.0 0.0 0.0 0.0 0.0 0.0 0.0 0.0 0.0 0.0 0.0 0.0023924572184666577 0.0026059049432571 0.0005980330161821805 1.0026441573278665e-05 0.0 0.0 1.2081479379019783e-05 0.0 0.0 0.0 0.0 0.0 0.0 3.40789057543863e-05 0.0 0.0 0.0016347494355836978 4.7019375884459936e-05 0.0 0.0 2.59891107350364e-05 0.0 0.0 0.0 4.891741510547497e-05 1.1546548412387562e-05 0.0001402556305948554 0.0004052984295223789 0.00012201984377476434 0.00029740929663131727 0.0 0.0 1.6619622954396236e-05 0.0011791923389261163 0.0 0.0 0.0 1.2954980610653949e-05 0.0 0.0 0.00013888107668708514 2.5357178163483344e-05 0.0 0.0003929545146495115 0.0003530881677712617 0.0008469243445090284 0.0012395952677460213 0.00020452454016828896 0.00016052523340120248 0.0017017653362385234 1.0028427384475921e-05 2.1449084153732652e-05 9.655429655527216e-05 0.0 0.0 1.4025172047988727e-05 0.0 0.0 0.0 0.0 8.925405918927382e-06 0.0 0.0 0.0 0.0 0.00022236747554084624 1.8060019683518273e-05 0.0 0.0 0.0 0.0 0.0 0.0 0.0 1.9223654081814212e-05 0.0 2.3750407360487103e-05 0.0 0.0 0.0 0.0 0.0 0.00011012708236029798 0.0 4.708585047494933e-05 0.0 0.0 0.0 0.0 0.0 0.0 0.0 0.0 0.0 0.0 0.0 0.0 0.0 0.0 0.0 0.0 0.0 0.0 0.0 0.0 0.0 0.0 0.0 0.0 0.0 0.0 0.0 0.0 0.0 0.0 0.0 0.0 0.0 0.0 0.0 0.0 0.0 0.0 0.0 0.0 0.0 0.0 0.0 0.0 0.0 0.0 0.0 0.0 0.0 0.0 0.0 0.0 0.0 0.0 0.0 0.0 0.0 0.0 0.0 0.0 0.0 0.0 0.0 0.0 0.0 0.0 1.2791122190522113e-05 0.0 0.0 0.0 0.0 0.0 0.0 0.0 0.0 0.0 0.0 0.0 0.0 0.0 0.0 0.0 3.4780590383581746e-05 0.0 0.0
0.06372442373212268 0.02746286639648972 0.00028764022058259064 0.06597493799994447 0.00024443655806804295 0.018197039139531555 0.022986068899538505 0.0006027749619791119 0.00016703634718054453 0.0 0.004072596971476501 0.13317811406983496 0.44019654208068265 0.04642626628031367 1.3968651995133727e-05 7.787785559447744e-05 1.3531625035236321e-05 0.0 0.0 0.0 1.2940999972618745e-05 1.804643357168996e-05 0.0 0.0 0.0 0.0 0.0 0.0 0.0 0.0 0.002481269426756444 0.0002584708455166337 0.009324158912647774 0.0 0.0 0.0 0.003635352320980645 0.0 0.0 6.405120491614292e-05 0.0 0.0 0.0 0.0 8.783038193601965e-06 0.0 0.00018866725607367908 0.0 0.0 0.0 0.0 0.0 6.569162555347991e-05 0.0 0.0 0.0 0.00017669770878801541 0.0012173229840126943 2.2287334600582944e-05 0.0 0.0 0.0 2.6607555606643502e-05 0.00023252645331666897 0.0 0.0 0.0 0.0 0.0 1.707689552305292e-05 0.009827898635606035 0.00029472846030179653 0.0 0.0001480761109540464 0.00012772707130642144 0.00022013824518864986 0.000193364703004919 0.00011648545914089041 6.239768671167924e-05 0.0005215324858443742 1.3699308338616664e-05 4.722882888115179e-05 8.786967990946482e-05 0.0 8.442641158034056e-06 0.0 0.0 0.0 0.0 0.0 0.0 0.0 0.0 0.0 0.0 0.01691738858024392 0.004761867119207379 0.0001113595400540967 0.0004488396737897174 0.0042052229801351594 0.0 6.11275935023049e-05 0.0 0.0004867686940176372 9.610420453931634e-05 0.0002976743391613695 0.013840226031635266 0.0001652554383090993 0.000739458573385059 0.003463618222846438 0.00021873672730379553 0.0018881690487241379 0.0015828303499894599 0.00031441116363821475 0.0013098992499782937 0.0 0.0 0.0 0.0 0.0 0.0 0.0 0.0 0.0 0.0 0.0 0.0 0.0 0.0 0.0 0.0 0.0 0.0 0.0 1.575629944448677e-05 5.5369990509696546e-05 0.0 0.0 0.0 0.00020125675779893067 1.2838948607985238e-05 0.0002552495592469719 0.0 1.598002128544067e-05 0.0 0.0 0.0 0.0 0.0 0.0 0.0 0.0 0.0 0.0 0.0 0.0 0.0 0.0 0.0 0.0 1.0870674935368839e-05 0.0 0.0 0.0 0.0 0.0 0.0007135112525529171 0.0 0.0 0.0 0.0 0.0 0.0 0.0 0.0 0.0 0.0005285032481363895 0.0 0.0 0.0 0.0 0.00033175413677343944 0.0 7.649213633144906e-05 0.0 0.0 0.0 0.0 4.146225810576502e-05 0.0 0.0 0.0 0.0 0.0 0.0 0.0 0.0 0.002866324720118083 0.00011721723671782198 9.73986880793161e-06
0.0030968093781779285 0.04392843782244731 0.14596377252315323 0.0 0.08270131822581263 0.0001601816098617777 0.097152576503562 0.131897426370565 0.10115028436634381 0.004072596971476501 0.0 0.002487301142867153 0.0619120299023473 0.2541305048215746 0.0010307610199482094 0.0009128133834198087 0.00013905808715234993 9.879405434284655e-06 3.057674757913314e-05 0.00014843693987800794 0.00017008961141664163 4.2534145390715156e-05 8.755083771216236e-05 3.707871696151514e-05 0.00010801583555354426 1.8528894310161054e-05 1.4054250123188198e-05 4.061334666455352e-05 3.5680965967192936e-05 0.0 0.021854599332789854 0.014990100373343512 0.023969758094462355 5.343910280823983e-05 0.0001882616927984504 0.0001842436700800912 0.0028175396909612964 0.0005624412517995553 0.00021578231824284966 0.00013614991234519935 0.0002509823673079758 2.8279127998129316e-05 9.297768276160718e-05 0.0006411239008762581 2.067388321239524e-05 4.552290195595344e-05 0.01544556614025957 0.0004356032448610184 0.00015889477520959758 2.9541957180438284e-05 4.4014497344068024e-05 4.957514652771947e-05 9.103032073531091e-05 3.92426404856474e-05 0.00010463610351727946 9.525573683025291e-05 0.0014319471964962089 0.003234781285476773 0.0013687838257994214 0.0027480225635703208 0.00014925323393096576 0.000815887040743343 0.000134122667988122 0.007519262125111504 1.9781877032170713e-05 7.487747368629877e-05 3.763129528747732e-05 3.393034950328112e-05 3.5576257481736195e-05 0.00014165035893850563 0.010399779459383977 0.0007678648644726919 0.0 0.004296498748013129 0.0023118793186520524 0.006266595791592169 0.012536292206820801 0.003923279543123212 0.00859561654287383 0.04636556506771442 0.00021332009951656393 0.0026596170564431526 0.0006907402481535943 0.0 0.0001019892482835249 4.342475798839152e-05 4.829070012104108e-05 0.0 7.269192107565055e-05 0.0 2.9267833518207484e-05 0.0 6.792984565539271e-05 3.451889034281908e-05 1.9196762156286762e-05 0.003379097682057992 0.0005512494501053296 1.1888504221877566e-05 0.0006285895093657792 0.00015381282163124012 0.0 0.0 9.817050084013288e-06 0.0 4.0010924477540214e-05 3.0359816158060835e-05 0.0008325967545039581 1.1410164480979542e-05 0.00021084113759011714 0.0003809364371256905 0.00014009500746535547 0.0005227218400123847 0.0009393007930556306 0.00040330256361825083 0.0007189135877715936 0.0 0.0 0.0 0.0 0.0 0.0 0.0 0.00010208094970563961 0.0 0.0 0.0 0.0 0.0 0.0 0.0 0.0 0.0 4.188775945262065e-05 0.0 0.00010916286118933996 0.00019271211184617178 0.0 0.0001254585166204543 0.0 0.00023720712102196954 2.5877057384182373e-05 0.0005526286662760258 0.00016534886808989768 1.0483981259901712e-05 0.0 0.0 0.0 0.0 0.0 0.0 0.0 0.0 0.0 0.0 0.0 9.076868835271736e-06 6.103836819344411e-05 0.0 0.0 0.0 0.0 0.0 0.0 0.0 0.0 0.0 0.0007398406337939584 1.0555532849106921e-05 0.0 0.0 0.0 8.507820577857626e-06 0.0 0.0 0.0 0.0 0.00048356846613344155 0.0 0.0 0.0 0.0 0.00044610309767298027 5.5232012657265585e-05 0.0002467581189754591 0.0 0.0 9.057870069914624e-06 0.0 0.0 0.0 0.0 0.0 0.0 0.0 0.0 0.0 0.0 0.0019932671635179435 0.0003177212156683938 0.00015237305315654544
0.00363964341997763 0.001948148692221895 8.651796898120574e-05 0.019462154312124544 0.00022815091692463457 0.002915881682414507 0.009540852777980236 0.0006470628123852249 0.0004937723531173579 0.13317811406983496 0.002487301142867153 0.0 0.14901166243978575 0.023801732288735094 0.00027616352351840534 0.00029328712075169465 3.536448741242172e-05 0.0 0.0 3.19558767607547e-05 3.115619147029713e-05 0.0 0.0 6.895272909500171e-06 0.0 4.28803469699862e-05 0.0 0.0 0.0 0.0 0.0002292701192367306 0.0010922776004743111 0.009145271695882251 3.6227214300294474e-05 0.0 4.3379796059646566e-05 0.01802828821045223 0.0006193803046664382 0.0004212899579686334 0.00017020255442848554 0.00010438107000286794 1.1148691139017276e-05 0.0 0.00015703555947616633 2.5754845642509113e-05 0.0 0.0017130531202717467 8.592738433775412e-05 0.0 1.0121987209547359e-05 0.0 2.3330025188868303e-05 0.00016375152373934582 1.0031016847130042e-05 0.0 0.0 9.620348543372642e-05 0.00017409029035875427 6.866686981580163e-05 0.00015103494239895497 3.0820323138671995e-05 0.00025640742424866555 1.3129860282930543e-05 0.0005416378058293469 0.0 0.0 0.0 3.691617743634219e-05 0.0 3.8571513624596644e-05 0.017338076909471346 0.0008613161104841934 3.9312324006443155e-05 0.00010845003229314681 8.82613468997003e-05 0.00034244216364856945 0.0012639722187488254 0.0009596997850809805 0.00042494454472682643 0.0015342695795455923 7.558424278296897e-05 0.00011778683414868666 7.73516516529829e-05 0.0 1.1325304442042632e-05 0.0 0.0 1.012725136657513e-05 0.0 0.0 0.0 0.0 3.054884781048921e-05 2.3824328742966203e-05 8.523885438972422e-06 0.031042212201541707 0.000558212733094287 5.951124159962067e-05 0.0012426845845601405 0.00020362640345500112 0.0 2.262775975383152e-05 0.0 0.0005555687994632894 0.00015670427696252287 0.0 0.011060208295088103 0.0001782403396466953 0.000689423828429285 0.003870303597386987 0.00031504062800461163 0.0018362221204752944 0.002128776392542159 0.0007391634440580134 0.0018726884484106764 0.0 0.0 0.0 0.0 0.0 0.0 0.0 0.0 0.0 0.0 0.0 0.0 0.0 0.0 0.0 0.0 0.0 5.401254269590344e-05 0.0 0.00011724681563920836 0.0006504429046792732 0.0 0.0 0.0 0.000187219062838914 1.343746068003049e-05 0.0005835611262399162 0.0001513385641442403 0.0 0.0 0.0 0.0 2.1596445403409397e-05 0.0 0.0 0.0 0.0 0.0 0.0 0.0 0.0 3.2124170745012075e-05 0.0 0.0 0.0 0.0 0.0 0.0 0.0 0.0 1.2376403095525566e-05 0.0009966951441027806 0.00011564857855229521 0.0 0.0 0.0 0.0 0.0 0.0 0.0 0.0 0.0007984751951066744 0.0 0.0 0.0 0.0 0.0010325804658583666 2.6493086771284496e-05 0.000323771159944274 7.573316280656781e-06 0.0 0.0 2.232904102911293e-05 1.794471610451439e-05 0.0 0.0 0.0 0.0 0.0 0.0 0.0 0.0 0.007341751246408456 0.0002681631172419351 8.410806407848236e-05
0.0060968974232038595 0.06784109175614321 0.0076662399282655625 0.05179823917684388 0.04648819957013934 0.0023622999418705538 0.057438907450403 0.00731170952381445 0.0951089863080231 0.44019654208068265 0.0619120299023473 0.14901166243978575 0.0 0.33996105915485575 0.0007478196029749509 0.0008072479712255095 0.00010607882083373423 9.80961559350887e-06 1.9752468574223385e-05 7.803869312129239e-05 0.0001583678744768289 0.00010249679526521797 2.9040914169754994e-05 5.476639177348273e-05 3.289653531531201e-05 3.176037892044994e-05 0.0 5.150465646282341e-05 1.1142875172506372e-05 1.4046978188025152e-05 0.0026093996001623583 0.0061991750947475895 0.07760787537651566 4.613327968924106e-05 6.056917548553876e-05 3.896857745216554e-05 0.06551585344622846 0.0003448480732046052 0.0007086325713535694 8.332116793934164e-05 0.00019791143477438476 6.951676889054664e-05 2.9339861350629034e-05 0.00036750182072479515 0.0 6.72774882248661e-05 0.008690711544982539 0.00015323953111875493 0.0 2.1427939657869472e-05 0.0 2.3597374247412887e-05 0.0002447187330523979 1.774989572457827e-05 1.9773425033097082e-05 0.0 0.00023608574749771924 0.000893622172748099 0.0002303048507640315 0.0005476718240751605 6.224111516422831e-05 0.0007751516281975846 0.00011606578957674106 0.0031568225071973302 1.1656485907771239e-05 2.8704322686530147e-05 1.772075965666242e-05 2.0779275308963244e-05 1.740642946842982e-05 9.991411688023561e-05 0.04815035446641948 0.0015114734282742981 0.0 0.0013394198412361336 0.0007537501525492899 0.0016864308784490182 0.006961495418831622 0.0029875876306571696 0.0023364745779636043 0.011630964608463044 0.00017011392749901653 0.0005191727938472607 0.00016043932334262802 1.0850698201930954e-05 2.036289024138705e-05 1.0802288342593948e-05 2.1700654800034258e-05 0.0 2.3179876774095224e-05 0.0 9.8104362783134e-06 1.2189493449310192e-05 2.6806141998434255e-05 2.1641927509246725e-05 0.0 0.07612093693378968 0.001010665788938532 2.43287502687174e-05 0.001589264152448447 8.973195080463618e-05 0.0 0.0001705148698091628 0.0003556346077379267 0.001553769642729869 0.00021678498155534756 0.00016446013498343855 0.007856401835011892 0.00071040929947737 0.0018710636559317265 0.005571455634289466 0.0006196351097246943 0.005025706419894837 0.006366723166142762 0.0014029535525410465 0.004153933480164816 0.0 0.0 0.0 0.0 0.0 0.0 0.0 0.0 0.0 0.0 0.0 0.0 1.8526729248749537e-05 0.0 0.0 0.0 3.769391248364992e-05 0.0 0.0 0.0002734099572931239 0.0007941016717648402 0.0 3.301189337232217e-05 0.0 0.0004276381614208888 7.28583689584365e-05 0.0007161711974457007 0.00017141022902280705 0.0 0.0 0.0 0.0 0.0 0.0 0.0 0.0 1.6393491779679994e-05 1.5182222515620494e-05 7.975037099086509e-06 0.0 0.0 6.0838016538513854e-05 0.0 0.0 0.0 0.0 0.0 0.0 2.7493670254090323e-05 0.0 0.0 0.0013115063766456856 2.5476412945715757e-05 8.688357176013847e-06 0.0 0.0 0.0 0.0 0.0 0.0 0.0 0.0016193485234132856 1.3439266362335962e-05 0.0 0.0 0.0 0.0010015108258812342 3.687955064256059e-05 0.0004937749496094322 0.0 9.937449113960917e-06 0.0 7.091070642442809e-05 4.062966194876178e-05 0.0 0.0 0.0 0.0 0.0 0.0 0.0 0.0 0.008243093821660824 0.0004563526697372413 5.480195009539891e-05
0.0006103574077192109 0.060045357397785826 0.04112708065191425 0.007103447258178295 0.12762049407948828 0.0016958821403531416 0.19190139943048887 0.06421037096282751 0.08096973866625572 0.04642626628031367 0.2541305048215746 0.023801732288735094 0.33996105915485575 0.0 0.0016242226675612544 0.0017116123008987362 0.00021562284705957974 3.232031441329471e-05 1.922923016936191e-05 0.0001576249306659616 0.000280527682793899 0.00012185181690847333 6.646062127416467e-05 7.029411731974515e-05 0.00028591994221744327 5.216730760050748e-05 2.9415796661986057e-05 5.2599327855890734e-05 5.034340855267426e-05 0.0 0.005775038103868421 0.012682999983146571 0.09555469401926389 3.492527606020733e-05 0.00031005867583623137 0.0014305027235820675 0.05594362247011549 0.002402226970218397 0.0017089284533413516 0.0005413977959431878 0.0003161538614603081 0.00015958056807714973 4.88617491271703e-05 0.0008535428230159729 4.933364904051757e-05 0.00010579395182410022 0.016868209722110866 0.00040203567406711774 5.7898597716074674e-05 7.15042750567407e-05 3.677946224350879e-05 1.19159251112726e-05 0.0006618268195479931 8.278256410067201e-05 2.5783066128448177e-05 2.271428488667056e-05 0.0006891001587776826 0.0017485096588199355 0.000995424031627482 0.001864133293474767 0.000110021061130625 0.0017150390808441803 0.00018058307931839788 0.006348163010243763 1.6910049599349993e-05 4.0423213150513925e-05 1.7997091435503273e-05 1.1898052810497297e-05 1.5321359343701528e-05 0.00024248977772626558 0.06694926826176206 0.0020895966908486578 1.2898663532306266e-05 0.0024510855508344275 0.0018274430969592856 0.0051693770306747095 0.013507806881838972 0.006071805081081211 0.005326307170815304 0.028577619813164902 0.0003282944011488959 0.002051447756089482 0.00047457901341001494 0.0 0.0 4.508512724148573e-05 4.2965908193584796e-05 0.0 4.827178483004844e-05 1.0073405129416254e-05 2.3810088895062346e-05 3.6927361243828336e-05 7.106663829464378e-05 1.0085315603212187e-05 3.607699822735229e-05 0.03364846500971463 0.0020006607454330213 0.0001061630701917941 0.0034753659023007166 0.00019006282619039435 0.0 2.0117666282818967e-05 4.88371452779073e-05 1.8946510404944046e-05 0.00043479888324879454 0.0002214650262782857 0.005883922423404956 9.051387714371864e-05 0.0009611983234623224 0.002738164581172673 0.0004924099302314414 0.0019559817974197057 0.0032653166007747627 0.0010146364070046379 0.002680028958437979 3.0723933093305696e-05 0.0 0.0 0.0 0.0 0.0 0.0 0.0 0.0 0.0 0.0 0.0 1.892271054561268e-05 0.0 0.0 0.0 0.0 0.0 0.0 0.0003555203014579091 0.0009952106219459137 0.0 3.0230473069627864e-05 0.0 0.0005881722264098538 9.425290129696098e-05 0.00081851866498095 0.00029636256324775816 0.0 0.0 0.0 0.0 0.0 0.0 0.0 0.0 0.0 1.9960149278355548e-05 0.0 0.0 0.0 0.00014720275294684819 0.0 0.0 0.0 0.0 0.0 1.3481761843279734e-05 0.0 0.0 0.0 0.001953873858833819 0.00011217219813947298 0.0 0.0 1.2530759496946275e-05 0.0 0.0 0.0 0.0 0.0 0.001417823908680203 4.256122798926465e-05 0.0 0.0 0.0 0.0017150129656695815 5.342513974375504e-05 0.0005096223512179644 0.0 0.0 0.0 1.12775070209377e-05 0.00014643556905921147 0.0 0.0 0.0 1.9764952824440475e-05 0.0 0.0 0.0 0.0 0.007604405130281875 0.0005846887612201805 0.00025050404338327313
4.8013117105410434e-05 0.00029729966755174343 0.0002657032533714054 0.0 3.845771785621864e-05 0.0 0.0003338135249115866 0.001484886922705684 3.3882538902013365e-05 1.3968651995133727e-05 0.0010307610199482094 0.00027616352351840534 0.0007478196029749509 0.0016242226675612544 0.0 0.14537131298748251 0.01620152442699246 0.0006125474077561311 0.0012723049417423813 0.0005087135148485044 0.00017665592635387982 0.00016576353182821038 5.2730181390982155e-05 0.0001477493501149255 0.0016325105674571134 4.1642541644795224e-05 3.460492956698906e-05 1.055833319436606e-05 8.715487047413955e-05 7.503109068058564e-06 0.00019051930619192722 0.000676139598564771 0.00339375746049323 0.000790293501841445 0.0002601706972654524 0.0047379068889269625 0.0017481086567597188 0.005656849307264987 0.0027219108404166613 0.002371341020413044 9.31547020136472e-05 0.00020532592526041076 0.0002185797621088153 0.0216549100232175 0.001445060363663598 0.0020351617423868045 0.03257637406401001 0.0004958362910477083 0.0016513565408981313 0.0004893517251916442 3.011620545142114e-05 0.0001174136158716802 0.0019387966707930151 0.00021415397019531118 1.94055508727728e-05 0.0 0.0001296339131188409 0.0001309967621633551 0.0004777666340291407 0.015305883200479794 0.0013739498784819833 0.0022870955847696197 0.0005871448546854681 0.0009103569007003794 7.198387657855875e-06 2.0322132784579647e-05 9.358926076838837e-06 2.1295458812009336e-05 8.159050536325216e-05 0.0002409696251959256 0.005203445765736792 0.0009561202905430632 0.0 0.025181500755701698 0.0003567117670880023 0.09738586816022718 0.06514684416459143 0.041313624011739575 0.0016320327676635521 0.0006647867871229363 0.002183019667168279 0.0029007265741298268 0.00022704457845144457 0.0 2.8977403358543635e-05 1.0124350852078606e-05 4.4433395429354e-05 9.720839288861264e-06 2.9806390786968502e-05 1.803076587281462e-05 3.643401281219566e-05 4.428579254335901e-05 6.383043367430424e-05 8.150792637115953e-05 0.0002777129685212599 0.0016366250992816429 0.002674773382574877 0.0001428423702273393 0.005018406322238565 0.0 0.0 0.0 2.4703818161905365e-05 0.0 2.4126712431624514e-05 0.0 7.199400685169733e-05 0.0 5.219712112879195e-05 0.00011094321912997954 0.0 0.00010791837440027998 9.809356822978962e-05 1.4364549817632385e-05 0.00013288843097234357 0.0 0.0 0.0 0.0 0.0 0.0 0.0 3.771377059562247e-05 0.0 0.0 2.2371134954429633e-05 0.0 1.201197422976077e-05 0.0 0.0 4.282821503267062e-05 1.1325944119277855e-05 3.683650247345617e-05 0.0 2.3550065371009576e-05 6.662870876920464e-05 0.0 8.929773297677312e-05 1.385611449296568e-05 5.863460612526943e-05 0.00019104396893305007 0.0002899429074968575 0.00019623754618895386 3.898573011605122e-05 8.617402033109831e-05 0.0 0.0 0.0 0.0 0.0 0.0 0.0 0.0 0.0 0.0 0.0 4.9470774575753234e-05 0.0 0.0 0.0 0.0 0.0 0.0 0.0 0.0 1.2363513774971336e-05 0.0003063080979522665 1.626912552072546e-05 0.0 0.0 0.0 0.0 0.0 0.0 0.0 0.0 0.0001264605824322379 0.00014259982623520998 0.0 0.0 0.0 0.00017098391138453448 1.0891759681160592e-05 9.137666114563025e-05 0.0 0.0 0.0 0.0 0.00015144317421781467 0.0 0.0 0.0 0.0 0.0 0.0 0.0 0.0 0.00016494924203867782 0.00028211327395393117 0.00018200491134885807
