0.0 0.3458678655920734 0.12598970091695152 0.06169244413371841 0.0034436078573794973 0.013810532350734048 0.027243462356309058 0.006798849945208192 0.0003025835591623905 0.03685737294023108 0.007406323825865285 0.0008409528302536219 0.003135857807093914 0.0046049088506100655 0.00010375065804475116 0.0002914428234787652 1.4605083124286749e-05 0.0 0.0 0.0 7.393947974703679e-06 4.314875365528635e-05 8.274392751213601e-05 8.710043744968095e-05 0.00018953492627129178 2.240870646039921e-05 0.000119897596501192 1.9536688810080013e-05 0.0 1.0040775108147124e-05 0.12812162536772137 0.0001680543511287198 0.0017157440371632 0.0 9.315453462893061e-05 8.278079033189862e-05 0.0010565452249318614 0.00022950993525870718 0.00020143421001933296 7.885907041086733e-05 6.941879887325369e-06 2.3785035629276934e-05 8.213087144647615e-06 4.99884964595449e-05 0.0 7.95285455875676e-06 0.00047764144441769416 0.0003423870374286974 8.230387766833777e-06 9.040745344777015e-06 0.00029104665206347797 2.2033916919563328e-05 1.7372218873544176e-05 0.0 6.070423799119091e-05 0.0004137636561295466 0.015441023597941455 0.03791703201781626 0.0022884142334559905 0.000719328594502264 0.0 0.00030015480223450996 0.0 0.000772043696079934 0.000542772799997282 0.0003659994496716429 0.00022805550442005026 0.00011397600981352623 2.839202470614025e-05 2.0116910151556022e-05 0.000410747372842815 0.00012135006376406492 0.0 0.0044284479590463565 0.0005087964414695838 0.0003187530736394526 0.00014432992217612152 0.0004576034370447687 0.0003526126088043895 0.0036601490274996385 1.8109898374542183e-05 0.0012647913000265216 0.00036601798148859873 6.009612388656892e-05 0.0003179738728599823 0.0006085052648114679 1.7976936319591026e-05 0.0 0.0002478608975958186 0.0 0.0002635553131798964 2.156818434213146e-05 8.860661014790057e-05 2.9359238001158232e-05 3.905101744790216e-05 0.004557306030000187 0.00019920195671650176 0.0 0.0002702890556449313 0.07529317314395592 6.831948208431231e-05 0.00010298685122692316 0.0003383610401967966 0.0016432225678705088 0.00029160555488897744 0.0006685683295345098 0.0007621930216323234 9.947887610696893e-05 0.001025020795888814 0.0010360375250768265 1.720302436196156e-05 0.0005894486619580532 0.0004856738482262994 0.0006866183863664976 4.893146339851887e-05 0.0 0.0 0.0 0.0 0.0 0.0 0.0 0.0 0.0 0.0 0.0 0.0 6.860429346295304e-06 0.0 0.0 0.0 0.0 1.4610578129638952e-05 0.0 0.0 8.46498433254282e-06 0.0 0.0 0.0 3.124682334857987e-05 9.421665086522236e-06 0.00010440619865247545 7.88660623944218e-05 5.830113158077035e-06 0.0 0.0 0.0 0.0 0.0 0.0 0.0 0.0 0.0 0.0 0.0 9.373544861814004e-06 0.0 1.0928664666532158e-05 0.0 0.0 0.0 0.0 0.0 0.0 1.2640996177043881e-05 1.7604573193567188e-05 0.00014174720039581508 0.0 0.0 0.0 0.0 0.0 0.0 0.0 0.0 0.0 4.76378342212726e-05 0.0 0.0 0.0 1.8951478794114333e-05 0.00012775940976402314 0.0 5.3780755686764477e-05 0.0 0.0 0.0 0.0 0.0 0.0 0.0 0.0 0.0 8.5100300604124e-06 0.0 0.0 0.0 0.0001166257670079631 2.5868579074540743e-05 3.7315680367787124e-05
0.3458678655920734 0.0 0.09430972668392643 0.09527967454253132 0.11910230029853772 0.003786481553401221 0.2543600648646694 0.04215139861181283 0.07705259079315842 0.11580417988615814 0.03848636241815427 0.002728524562583339 0.04689334472051571 0.1525522947189582 0.0016618865538264626 0.0009191099284964924 5.1540744192382175e-05 1.6854563489040955e-05 1.1246227007305252e-05 1.625711132708836e-05 1.2296404466578613e-05 0.0001228089495626014 0.00011519610342667196 4.003673302838344e-05 0.00020991723809380075 1.1877854086265545e-05 0.00019380910724013846 5.845146728123461e-05 2.2433567144668526e-05 1.1650697845860922e-05 0.07158567836480403 0.000836528805954832 0.0065458300859459 2.489917722745948e-05 5.852539588265368e-05 9.029014362078674e-05 0.003410502323503002 0.0005625138671391238 0.00044543401853292924 0.00015964039399362083 5.051398896522466e-05 4.206844977816062e-05 7.389076352311603e-06 0.00020442493353082703 4.1218660677542504e-05 4.221046833646096e-05 0.008471548427322095 0.0009127828110581576 0.00010938917732264312 4.3998298986857185e-05 0.0012728096758392476 9.537755155477637e-05 3.788338250418283e-05 8.065923126479183e-06 0.00015324428561941535 0.0013451961480886849 0.014533880138949273 0.0400278749181379 0.0043262858488450386 0.004280306313167833 6.518537351181889e-06 0.0005936409569305893 0.0 0.0070329184250095735 0.0016740600535905673 0.0015372542461541004 0.0012636700166395772 0.0005456613026636578 0.00010151213708533638 0.0 0.0024555676619732745 8.918300635569188e-05 0.0 0.014375595716724403 0.011315572975611676 0.005487101689051762 0.005567278167397646 0.0016577018489844382 0.0006317397061664297 0.006925200910573699 6.62174637373328e-05 0.0017588667392096646 0.0010889871238870035 6.4572395301912e-05 0.0012711008467637473 0.002392685795886357 0.00011997656639685104 3.181180053362103e-05 0.0010234660111323017 1.0560048281503789e-05 0.0010752869281112558 0.00011030882665888459 6.537412001918956e-05 0.00018788258664547826 7.972266575270307e-05 0.0036928708678218383 0.000917920802143331 0.0 0.0004420196485793869 0.025255465482607334 0.00032194602934860713 0.0006701902812545282 0.0019635668525570834 0.0006058107931788138 0.001987230491200813 0.005439600406304122 0.001960812421255905 0.00364382061802171 0.005733316641932236 0.008367262476074706 0.0012963307858352606 0.005747220076124135 0.00704998707034188 0.007005532101724174 0.002305073556193989 8.74944079633717e-06 0.0 0.0 0.0 0.0 0.0 0.0 0.0 0.0 0.0 0.0 0.0 0.0 4.5187646557744016e-05 7.865454227389813e-06 0.0 8.78565016471085e-06 2.3417799170353235e-05 1.3648044770779822e-05 0.0008093409831603116 0.0002828624762499999 8.13135417516189e-06 7.063378353819479e-06 0.0 0.000686060474725274 1.3271798521958736e-05 0.0009009781601724677 6.617411741262325e-05 4.87305649504475e-05 0.0 8.88808417351147e-06 0.0 0.0 0.0 0.0 0.0 2.2848930271535178e-05 3.221987743588056e-05 1.651984925741671e-05 0.0 7.780030358276275e-06 1.781208938064245e-05 0.0 0.0 0.0 1.964058382235565e-05 6.031660815741067e-05 0.00018520731961087304 0.0 0.0 7.793400070340935e-06 0.001358531476905081 0.00048715355480092947 6.574408250334026e-05 0.0001066672226091846 0.0 0.0 0.0 0.0 0.0 7.49539133616457e-06 0.0014957417798791698 0.00010102278468325694 1.0062218193328415e-05 0.0 8.668007974202611e-06 0.0013736434374929764 1.6424281589093308e-05 0.0008378439635901189 0.00023136248390647596 0.00020860556678543816 9.568359070717122e-05 0.0 7.1501579869074455e-06 0.0 0.0 0.0 1.8961258550561952e-05 8.061809121104101e-06 0.0 0.0 0.0 0.0020211734818266535 0.0003253814353896704 0.0003585834405981601
0.12598970091695152 0.09430972668392643 0.0 0.004225155430462554 0.06549409379190722 0.0007181646429410654 0.017287375332085485 0.22080298030274623 0.06901086024710695 0.006994377070113492 0.19876989525901714 0.0049060667882470845 0.03878350665386206 0.13919869805956384 0.002171983771631417 0.0025963260599422377 0.00010188865180227124 0.0001013555670183347 6.867917995860197e-06 0.00010584979626580637 2.9801245514441942e-05 0.0008338411899239299 0.001093572108243391 0.0008313249848773583 0.002934655645877891 9.9266878650139e-05 0.002174838314155276 0.00023071950706953892 0.0001245108607517461 0.00018822830484814884 0.17494154088207522 0.0035387886899977974 0.01970981612931675 6.56626593460578e-05 0.0013632374974258715 0.0008775356007249197 0.011047116124100852 0.003862209698197551 0.0026713238490477125 0.0013577833067440698 0.0003323527184417497 0.00020222739422897593 5.8673573099483396e-05 0.0007704262062999659 2.8848096726966998e-05 6.355269434291134e-05 0.005976743057859298 0.0005818521934509348 0.00012861306802709662 8.99719750790128e-05 0.001188656323483043 0.00038203648104086885 0.00010881893762563626 6.681189509606951e-05 4.911884394012678e-05 0.0004413932485746012 0.008897497167077922 0.038739762709620214 0.001996297696762881 0.001954010001962692 5.161889848191164e-05 0.004354822168719083 1.607623523094033e-05 0.00799773393250741 0.0009371529557593896 0.0008657815104390923 0.0009419854945634649 0.0005458073745535395 0.000361579091573414 0.0001343722707022893 0.004246462194515859 0.0001544608703543144 1.0092434816467004e-05 0.007965870889464917 0.00639654560674494 0.00327170616542066 0.0036646450238042353 0.003641927471088844 0.011502335390865138 0.07888866752933617 0.0002323412144835738 0.030643449338451662 0.000602120491697961 6.351636201614157e-05 0.0007262386040028703 0.0011414062232611786 0.00012604854570022117 1.6790728214826365e-05 0.00043054040735743504 7.57433008952241e-06 0.0006819387079370282 0.00018080368815000304 0.001064784489865345 0.00048598149335495066 0.00020609577007274166 0.0028125467988713423 0.0009844899209872015 0.0 0.0013360926773168752 0.020293529315274568 0.00041104124179867734 0.00011160012231128618 0.0005188049263068818 0.00023358317643539298 0.0011952815452302026 0.0032609016592026925 0.000364405247889734 0.001510426899254464 0.002699937366927866 0.0029559696413883076 0.000637056555004472 0.0026711206186856053 0.0028714247438593526 0.003063248085888999 0.0012382230237827794 0.0 0.0 0.0 0.0 0.0 0.0 0.0 0.0 7.368735597205355e-06 0.0 1.815208330619166e-05 0.0 9.30946259693477e-06 0.0 1.0323099398182088e-05 5.8110003224294507e-05 2.4720059060520282e-05 5.612254559081363e-05 3.2223412624002396e-05 0.000555896879309013 0.00011197051380748262 0.0 2.669811386678524e-05 0.0 0.0006793663790943412 5.496732890816383e-05 0.0010222638769620933 0.00023864402052339973 7.699681664078658e-05 2.8306443514712054e-05 4.6081219586097096e-05 0.0 0.0 1.624719626271141e-05 1.3799293799767053e-05 0.0 0.0 3.466437411233391e-05 0.0 0.0 0.00014934227823810417 7.324108142656995e-05 0.00028838990127467794 0.0 0.0 1.4714557977838531e-05 1.8335561395298138e-05 6.57239602812786e-05 0.0 4.933478036112164e-05 6.211826867421851e-05 0.001129061040286077 0.00032845699052961913 0.0 1.0758255068266719e-05 6.8408956063389855e-06 0.0 0.0 1.71170474485337e-05 0.0 8.759368747183579e-06 0.0011454998749946808 0.00011022680105915487 0.0 4.452962906320228e-05 0.0001515011624270654 0.0010639963571517298 0.0002586910022484315 0.000751890295205421 1.1520015085195486e-05 0.00021614411437088782 0.0 0.0 9.965652360558106e-06 0.0 0.0 2.8283936221927857e-05 0.0 2.060932094238727e-05 1.6513666436757087e-05 3.14716793541859e-05 0.0 0.0007002393582757508 0.0004989512147769373 0.0004462693806940507
0.06169244413371841 0.09527967454253132 0.004225155430462554 0.0 0.0020309161563845293 0.05502310949571638 0.16718037291037569 3.207171042083916e-05 0.00037118079782025044 0.28067471722757226 0.00013092104007672936 0.0005199454346954518 0.010476861341870689 0.004873892703417366 0.00011919875574527374 0.0 9.042221919402628e-06 0.0 0.0 0.0 0.0 0.0 0.0 0.0 0.0 0.0 1.6596567779473853e-05 0.0 0.0 0.0 0.006344650116841094 6.026733513062201e-05 2.6767890340357084e-05 0.0 0.0 0.0 0.0 0.0 7.065798325396805e-06 0.0 0.0 0.0 0.0 9.701212342388587e-06 0.0 0.0 0.0007001547795442594 0.00044427186946664624 3.991957246967128e-05 0.0 0.0003904190370715113 6.816696427501951e-06 0.0 0.0 8.628804058794571e-05 0.0006954262050172331 0.008252682568179813 0.021611606052150418 0.0024108292146526457 0.0008129311256311596 0.0 0.0 0.0 0.0019312577900138155 0.0009967123753749127 0.0005969547291972291 0.00044741895149226843 0.00012979166237615537 0.0 0.0 8.536343694113318e-06 2.1355254764010582e-05 0.0 0.006599667762779077 0.001911579853148922 0.0003718957305549068 0.0001816171578103208 0.0 0.0 0.0 0.0 0.0 0.000604280258073144 3.113112057172536e-05 0.000468593370430348 0.0010277479014315027 7.868625372749404e-06 1.8084994198438445e-05 0.00039823077566176617 1.454817862289668e-05 0.00034515263915115284 3.7861298317145904e-05 0.0 3.901834810007638e-05 0.0 0.0007459267942019641 4.785873246994575e-05 0.0 0.0 0.02384825049193649 0.0002125126267366501 0.0005805939360215474 0.0008544113247234981 0.017103743160000615 3.5365203680038836e-05 0.00030351695460299207 0.0025016936695578525 0.0006560710255459875 0.001636079343341107 0.0014340290639700056 7.652970950661225e-05 0.0005386091919165724 0.0009082902398697564 0.0003080530391032696 0.00018787815906934636 0.0 0.0 0.0 0.0 0.0 0.0 0.0 0.0 0.0 0.0 0.0 0.0 0.0 0.0 0.0 0.0 0.0 0.0 0.0 3.411672708097142e-05 6.216910955479146e-05 0.0 0.0 0.0 1.995677268025882e-05 0.0 0.0 2.939112234821942e-05 0.0 0.0 0.0 0.0 0.0 0.0 0.0 0.0 1.3901348731591064e-05 0.0 0.0 0.0 0.0 0.0 0.0 0.0 0.0 0.0 2.5839857818795737e-05 8.4144838695381e-06 2.106868814084217e-05 0.0 0.0 8.043179205899526e-05 1.2932121925719967e-05 0.0 7.005825233466596e-06 0.0 0.0 0.0 0.0 0.0 0.0 1.707069428095017e-05 0.0 0.0 0.0 0.0 9.948697525302449e-05 0.0 0.0001398981241146295 1.2537499571449045e-05 0.0 0.0 0.0 0.0 0.0 0.0 0.0 0.0 0.0 0.0 0.0 0.0 0.00010376009094039583 1.079672332734947e-05 0.0
0.0034436078573794973 0.11910230029853772 0.06549409379190722 0.0020309161563845293 0.0 0.0006166415732972009 0.16672823123481353 0.028176077643606304 0.32092996469570645 0.041751826981284865 0.07834898681781917 0.00123343103655035 0.030556953937925086 0.2058335224521727 0.0006573080831223047 0.0002636807634970249 0.0 0.0 0.0 0.0 0.0 3.142595064343495e-05 0.0 8.941088370145e-06 3.335273555708118e-05 0.0 0.0 0.0 1.855039978170776e-05 0.0 0.00405519049539698 7.495711242768915e-05 0.0009962089402094584 2.546825553140626e-05 0.0 1.8629973193686507e-05 0.0006511452628002218 4.122819236945302e-05 4.6691077659585994e-05 6.68893782153146e-06 0.0 2.0254587580457047e-05 0.0 3.690319951458967e-05 0.0 0.0 0.0021254531042067316 0.00010407702560271897 1.81012284652768e-05 0.0 0.00014872660031284548 0.0 9.137272518138953e-06 0.0 1.8240533884819598e-05 4.414288034177136e-05 0.0008805622318466275 0.0005562392668962645 0.00037164989161846644 0.0006197313561733058 0.0 5.530138431903694e-05 0.0 0.0004591400942973044 0.00015690953311895686 0.00017815531249247945 8.827817807013806e-05 4.700726222199934e-05 0.0 0.0 0.000620604926716376 0.0 0.0 0.001031877320634863 0.0013117382159859125 0.0014961075757381956 0.0014618944498116203 0.000656390354406949 3.101755372718382e-05 0.0005514868937448269 1.638219867532705e-05 9.385565467913458e-05 5.532871759463387e-05 0.0 5.442012538612526e-05 0.00015812674714311454 8.292429674048533e-06 0.0 0.00014399943148486277 0.0 5.903097986689032e-05 0.0 8.39464622367702e-06 0.0 0.0 0.0015622746619709193 0.00020024883953508323 0.0 9.786960628370782e-05 0.00037490056958288553 0.00024030246726186485 0.00022177784901005655 0.0006616455844435238 0.00031850316365253535 0.001017196670179791 0.002017343801902931 0.0006585560866805557 0.0015232018153806886 0.0032788956582817217 0.0036859891817072324 0.0006717599874688025 0.0026867304791633856 0.003584795106850297 0.003433047144370944 0.0009045705491844918 0.0 1.065727132421656e-05 0.0 0.0 0.0 7.3526307319978305e-06 0.0 0.0 0.0 0.0 0.0 0.0 9.851965779237839e-06 0.0 0.0 0.0 0.0 0.0 0.0 0.0001585887324426147 4.9262757883310184e-05 0.0 0.0 0.0 0.0004017432852081616 0.0 0.00048557474429598174 0.0 8.981200727956347e-06 0.0 0.0 0.0 0.0 0.0 0.0 0.0 0.0 0.0 0.0 0.0 0.0 0.0 1.6335861615830345e-05 0.0 0.0 9.427707766826475e-06 2.4977470046535642e-05 4.8052839211675514e-05 0.0 0.0 0.0 0.0006281687682936305 0.0003204885508599231 0.0 6.765397003390718e-06 8.072402872872603e-06 0.0 0.0 8.079588690405193e-06 0.0 1.6757253999595556e-05 0.0005468200964154552 0.0001112628544109639 1.7946849635019496e-05 0.0 0.0 0.0005535327523209638 3.6927169421657565e-05 0.0003568705265118415 3.35900071390756e-05 2.317293369929333e-05 0.0 0.0 0.0 0.0 0.0 1.1591279409053716e-05 0.0 1.5857593188295126e-05 0.0 0.0 0.0 0.0009096034226535998 0.0002111191537309646 3.5858973456461884e-05
0.013810532350734048 0.003786481553401221 0.0007181646429410654 0.05502310949571638 0.0006166415732972009 0.0 0.015842286367107033 0.00020178901694152635 0.0003703339167662404 0.11424795564174248 9.85841395378109e-05 0.014417275136339102 0.007957369654419908 0.0019163310187307835 0.00011576013775169762 0.00013190562648032425 2.089446898004264e-05 0.0 0.0 0.0 0.0 0.00014557508319398417 0.0 0.0 0.0 0.0 0.0 0.0 1.3177316001751107e-05 0.0 0.0006518108274703772 0.0 0.0022538482131740645 0.0 0.0 0.0 0.002763444701972151 0.00013419568096804545 0.0005612221494548474 1.7080082073951712e-05 0.0 0.0 0.0 2.3094648397324354e-05 0.0 3.640840741158948e-05 7.233171495602126e-05 1.0838469045164855e-05 0.0 0.0 1.730831648230115e-05 0.0008802937900427546 4.723096811020607e-05 5.605545916774155e-05 0.0 3.9174319483184436e-05 0.0041630214741225765 0.0022696482059916187 0.000538673109878966 0.0001742210390024494 4.818972573351344e-05 0.00036942442465261454 0.0 0.00011413869343641423 4.038018697098265e-05 3.9048935209211934e-05 2.914180997132339e-05 0.0 0.0 0.0 0.003299683084729323 0.0033659276261606076 0.00048301390642549935 0.0002894905244294608 0.00011368451304191698 1.6522001297816518e-05 2.868439829460904e-05 9.222123959540357e-05 1.8740199757956785e-05 0.00012633949962930448 0.00014456861878686374 0.0003111827920490855 2.4520562016002685e-05 0.00011911878714823156 1.2082088519118344e-05 0.00010603938898467161 0.0 0.00031791562494415106 7.836261649024303e-05 0.0005645963689281062 8.181238181683817e-05 0.00036223435082655505 0.0 0.0 0.00014204270861798 0.03361016810860318 0.014064444031001789 0.0005938692906721409 0.0021227992786464985 0.031673587775005695 0.0003587078938247141 0.002586983014668954 0.000961024338251155 0.004893055557896159 0.0007049531917555875 0.001214627852562099 0.005579886542014189 0.000728903711130179 0.002568786842992186 0.003538580378608169 0.0003963463662921301 0.000902163081241095 0.0013481964156416225 0.0011801508348292429 0.0002367559712630775 0.0 0.0 0.0 0.0 0.0 0.0 0.0 0.0 0.0 0.0 0.0 0.0 0.0 0.0 0.0 0.0 1.9900809965011778e-05 0.0 9.51160405237279e-06 0.00010469154213491766 0.0 0.0 0.0 0.0 0.0 0.0 9.436759598830482e-05 8.78572640965515e-06 0.0 0.0 0.0 0.0 0.0 0.0 0.0 0.0 0.0 0.0 0.0 0.0 0.0 4.960651036245188e-05 0.0 0.0 0.0 0.0 0.0 2.34154473896768e-05 0.0 0.0 9.553625540634619e-05 8.556155030099253e-06 0.0 7.792680575796088e-06 0.0 1.2823226963293881e-05 0.0 0.0 0.0 0.0 0.0 0.0 1.784074459323147e-05 0.0 0.0 0.0 0.0001957550285609327 0.0 0.0 0.0 0.0 0.0 0.0 0.0 0.0 0.0 0.0 0.0 1.179635361016632e-05 0.0 1.1305661552199285e-05 0.0 0.00013764886604147351 4.798084465454789e-05 5.352298334266801e-05
0.027243462356309058 0.2543600648646694 0.017287375332085485 0.16718037291037569 0.16672823123481353 0.015842286367107033 0.0 0.007205303483068489 0.1808646602633303 0.3746450120609942 0.014700924645120388 0.03841091985792475 0.27687957976337 0.18130098944297793 0.0020428858426737835 0.0012259192998015475 6.86182801147431e-05 0.0 8.088648415371739e-06 1.4813580293849643e-05 0.0 3.709959575239348e-05 9.49838146083446e-06 2.4520491140420653e-05 9.840605389923714e-05 1.0818593813767854e-05 4.589640130416679e-05 8.21286324224075e-06 2.5932711811425366e-05 0.0 0.011255304815747005 0.0004608798970760235 0.003962855744798403 0.0 0.0 1.6416645819002087e-05 0.0032020899265055767 9.823687818042252e-05 0.00014871038859732866 7.062647315145742e-05 0.0 7.913402632505241e-06 0.0 0.00023646523962559242 9.61222804915052e-06 1.009929900919932e-05 0.008984955371042278 0.0007467469309994191 0.0001651463582142221 1.730785579101795e-05 0.0008538483567538205 1.0853259490487475e-05 3.585433432745631e-05 2.271299358988369e-05 8.001026114568337e-05 0.001016062036947422 0.0077916132244315785 0.016108846208428833 0.0033438781090958914 0.003093095679738599 9.758208122937331e-06 0.00013284324492435508 0.0 0.005230838405296547 0.0014306080601693724 0.0011017292933465858 0.0008665953844123892 0.00034297252181907534 2.264937040547896e-05 1.4491900189147879e-05 0.0046614296208603 3.807067069275962e-05 0.0 0.009677127404787994 0.00787768908070889 0.0049415205246569945 0.004410160048056567 0.002064619081212248 1.8526005695020148e-05 0.0007439219156725826 5.458007761442398e-05 0.0004442238007878158 0.0006436168713635153 4.6431466845846584e-05 0.0009497488466086427 0.001870583974829275 4.5982913006077236e-05 3.016324845595623e-05 0.000860983779599837 0.0 0.0009409445953622027 7.91548562290619e-05 4.870153656718036e-05 0.00010756741820896767 2.4026441083286852e-05 0.007643300230390266 0.0012206723133468737 0.0 0.0005419155754037855 0.006854942292431699 0.0009022195900204859 0.0019423566119185862 0.009845129125964637 0.003964610879791098 0.003474768856304538 0.012281944046423552 0.005515342544195476 0.007841312088362097 0.013174190894914468 0.016613638533354718 0.0023382801495225422 0.011605033830019077 0.01670222733654957 0.015274000783993932 0.0036295714162290077 1.9939073114455628e-05 0.0 0.0 0.0 0.0 0.0 0.0 1.780868950044994e-05 0.0 0.0 8.165564529960595e-06 1.2353606430638716e-05 8.603439782037495e-06 7.355976381631359e-06 3.8085033736845144e-05 0.0 0.0 0.0 0.0 0.0018248131983465107 0.0005568424390398485 0.0 0.0 8.144103725883795e-06 0.001215552663466295 2.142670110924994e-05 0.0017112605659699827 0.00010418216469623376 7.640751248608618e-06 0.0 1.2916038537961545e-05 0.0 0.0 0.0 7.34663583901783e-06 0.0 3.6491156264417625e-05 0.00015539918735237723 0.0 0.0 2.1543566353036975e-05 7.252093181952726e-06 1.1759504750745697e-05 0.00011439546922687244 2.5327359169821387e-05 4.2507938523601145e-05 0.00019162528934358106 0.0003219489647789629 0.0001589312988296299 0.0 0.00018612980235958697 0.0022698819456071083 0.0011590693225035432 4.182350430360282e-05 6.08332385306556e-05 2.6453349339736103e-05 4.1167449310972584e-05 0.0 8.541827423804733e-06 0.0 3.264575592182651e-05 0.0023713917980287967 0.00029887325090076496 1.2019727671784453e-05 1.0162562983267856e-05 0.0 0.002301434156804439 0.00016747676882880193 0.0014122035615318264 0.00012991116451375562 0.00037899087566675363 0.00012894472333303277 0.0 0.0 0.0 1.7509974695134423e-05 1.0387744372227747e-05 0.0 3.881692721305565e-05 2.6206110610550666e-05 2.1081670184950575e-05 0.0 0.004388181702425741 0.0007244176685493672 0.00044477567941358725
0.006798849945208192 0.04215139861181283 0.22080298030274623 3.207171042083916e-05 0.028176077643606304 0.00020178901694152635 0.007205303483068489 0.0 0.026699106123859787 0.0014135860021088455 0.1692049303694177 0.003182734452598404 0.02496027353252544 0.13345317089557765 0.002817321967650318 0.0031242090545680057 4.458832478384728e-05 0.00017530462892928733 0.0 0.00019545065713246054 0.0004138143923075552 0.0009215591657828982 0.0025024316148422833 0.0016177796100894616 0.005136536127600317 0.000245283457657182 0.003390437990683779 0.00020654938292564642 0.00013861967627227948 0.00029393563206616 0.14687810739622598 0.12212599720336585 0.02694019982786359 0.00046087441012471474 0.0040532933225162805 0.0022256676199939704 0.012779797040835324 0.005207981419907727 0.0026841364221223806 0.0019642300015511515 0.00101244690063212 0.0007725944857990356 0.00022723792880840086 0.0007796620640680271 0.00010905580274690646 0.00011985391727602138 0.009100117298478068 0.00029513530921619147 0.00014744560363422345 0.00019669777528287234 0.0018245913996557837 0.0005771438941727951 0.00012850183202271862 7.132483764494192e-05 9.582256591093413e-05 0.00033267019379885394 0.002609313296760901 0.006739815184236388 0.0008564869515810245 0.0020637363059714297 0.0007950019309962364 0.0068690722906233435 0.00010822341574942157 0.011776899212202463 0.0005248665583122118 0.000744802419673158 0.0009316654079144552 0.001134216430252766 0.0011516008585191872 0.0013225189928442419 0.004985432682427938 0.00016029748742091513 8.567460222369186e-06 0.003921163438714243 0.0058484454452352175 0.00536575781186691 0.006772488275581557 0.006245384566571182 0.07262164886520546 0.16107731680236564 0.0015620751788867442 0.1428560129540226 0.0003359131914274749 2.1327956389268437e-05 0.00046763023999840393 0.0008936679286096745 0.0001303933767378818 0.0 0.00040091701337737157 5.915662240718825e-05 0.0004976522924823603 0.0001475337497700104 0.004498465260328824 0.0008304706570548094 0.00035695931213867543 0.00510526788049626 0.0018433492200499182 0.0 0.0016384781494292817 0.001620820352432164 0.00041403891970819 0.00013792425418932168 0.0005434753150078051 8.829393929615998e-05 0.0011283833381724995 0.003722572199169195 0.000502514478757173 0.0021898306861588388 0.0028909731104954446 0.003935775313544872 0.0011865072367694247 0.0032490921511918887 0.002934648726380726 0.003771895351102437 0.0014836388652145962 3.306829251669251e-05 3.472233959970951e-05 0.0 1.9903117179981334e-05 0.0 0.0 0.0 1.145620558391981e-05 1.7330875857899406e-05 4.1807018750609993e-05 9.88774780006805e-05 1.56253988752679e-05 6.686009747202055e-05 3.245049906269745e-05 5.0641520984107145e-05 0.00010902728391611921 4.1431177888640664e-05 0.00011423907312720843 7.246636299072682e-06 0.001031858672839682 0.00018149193515415278 0.0 4.397931560653405e-05 9.420895119972005e-06 0.0007907018927894827 0.0001855610762858054 0.0010715171348327302 0.0005871188860020943 0.00016796213770100957 8.081193700176423e-05 0.00010943958650648916 5.463718507770804e-05 0.0 6.673883203584917e-06 2.365424064893995e-05 3.538259182283008e-05 3.8940926191561214e-05 7.959130376770987e-05 0.0 0.0 0.00017554118155367317 0.00018226673466736632 0.00038903540718074835 2.9147802716558484e-05 4.4403484487531645e-05 7.655129810151124e-05 5.819858535229818e-05 0.0001565282283939365 0.0 4.784559256658646e-05 0.0002219975713683915 0.001966230727952686 0.00042577489698731924 0.0 6.653711959245691e-05 0.0 2.9514301962041823e-05 6.378550559566396e-06 0.0 0.0 5.609747496447937e-05 0.0012249244149611098 0.00015777256199307264 1.0252890690947119e-05 8.280123632650543e-06 0.00015740179625232557 0.001246765176053002 0.0001769353874773092 0.0011194510190448215 6.143444226602972e-05 0.00024876508961194283 7.005625493189968e-06 0.0 4.569199666252988e-05 3.0219282046785304e-05 0.0 0.0 0.0 7.942292486225685e-06 1.309650548870422e-05 8.622793863132089e-05 1.0618076053481782e-05 0.0008045724600410234 0.0005556320956516578 0.0008458590893278602
0.0003025835591623905 0.07705259079315842 0.06901086024710695 0.00037118079782025044 0.32092996469570645 0.0003703339167662404 0.1808646602633303 0.026699106123859787 0.0 0.006941511536186837 0.09034159513154746 0.00149815477826571 0.030520738132759913 0.05098342368465506 0.000557848181267743 0.00036347290377026587 1.7685653248600284e-05 2.479476353478808e-05 0.0 9.843096666632051e-06 0.0 1.6999281762693148e-05 2.9175379761202697e-05 1.4689241434712081e-05 6.488679669911384e-05 0.0 7.118183434560035e-06 4.274024613017237e-05 1.1939926061909032e-05 0.0 0.0010259676329909349 0.00013022015735233796 0.0017324349720215925 0.0 1.6026630377563075e-05 6.939604888529466e-06 0.0007064705762191733 7.569927803086784e-05 7.173459676840219e-05 2.1819248205001584e-05 0.0 1.5957504133762744e-05 0.0 0.00013085756186510605 0.0 9.108215677251752e-06 0.0014364651253783247 2.694947948781522e-05 1.9481968565263405e-05 8.409311025922404e-06 5.084405010750142e-05 0.0 0.0 0.0 0.0 2.942233122950642e-05 0.0003214693362919634 0.00027165388847224213 0.00012440434495374403 0.0003758004843650216 0.0 7.383911401658447e-05 0.0 0.0004890261263375579 8.493979855312836e-05 0.0001002651456518742 6.15507791645689e-05 3.9485525572896434e-05 5.8470309447329915e-06 6.806931168332474e-06 0.000512604326614896 8.188770913712992e-06 0.0 0.0005866193994656571 0.0007691816493353593 0.0010956901391025475 0.000983234462069432 0.0008306856468572353 9.783002764050657e-06 0.0038154800228772517 0.0 0.00022687542060989647 3.5661958668123993e-05 0.0 8.40522472645666e-05 0.00010282885720504616 1.7039987971972103e-05 0.0 3.4610574176211224e-05 0.0 7.697669066017128e-05 0.0 2.5829363400229318e-05 3.252104013345724e-05 9.395652674044944e-06 0.0009452219152602353 0.00014162269777112817 0.0 0.00014957720501959318 7.535658063141319e-05 7.118556175689163e-05 0.0001506451915796601 0.0005201912263815041 9.624559219163955e-05 0.0006355134045821371 0.001471878817621324 0.0005497645123989451 0.0007580266536994038 0.0019693998259744444 0.0019953511318874274 0.0006496199681921324 0.0015546904366836604 0.0029628988973679888 0.002095936855313929 0.0006930476784734348 0.0 0.0 0.0 0.0 0.0 0.0 0.0 0.0 0.0 0.0 0.0 0.0 8.292157447381187e-06 0.0 0.0 1.3199806112576017e-05 8.586412997327354e-06 0.0 0.0 0.00038234219427297356 6.84153971503749e-05 0.0 0.0 0.0 0.00020981867163664687 7.1703532322960395e-06 0.00028271933066255806 1.1091310166948e-05 2.5535576058673526e-05 0.0 0.0 0.0 0.0 0.0 0.0 0.0 8.921556240997364e-06 0.0 0.0 0.0 0.0 0.0 0.0 0.0 0.0 0.0 0.0 4.680741455812518e-05 8.60484923963467e-06 0.0 0.0 0.0004306454922203908 0.0002659965039399971 6.35405123337819e-06 0.0 0.0 0.0 0.0 4.010001257360258e-05 0.0 9.038475178407161e-06 0.0005391430514994852 9.129091220840586e-05 0.0 0.0 0.0 0.00041979390099076215 6.704744257583744e-05 0.0002855366925004079 4.87183952908513e-05 0.00011814778254651124 0.0 0.0 0.0 8.100396580029362e-06 0.0 0.0 0.0 8.007757361890724e-06 0.0 0.0 0.0 0.0007688335020331951 0.00024264619926424883 9.64656275837951e-05
0.03685737294023108 0.11580417988615814 0.006994377070113492 0.28067471722757226 0.041751826981284865 0.11424795564174248 0.3746450120609942 0.0014135860021088455 0.006941511536186837 0.0 0.0018968851816781411 0.18991398979120858 0.3280315166761295 0.03137996776103423 0.0007808283604297308 0.0006443646313052483 9.065595827258e-06 0.0 0.0 0.0 0.0 0.000129723539129228 2.0118930642580085e-05 3.818526577017681e-05 4.6501800659222564e-05 0.0 2.965107035790971e-05 0.0 9.011548900470673e-06 0.0 0.004028154203522967 0.00025518093146638133 0.008284357616962591 0.0 2.523291208740477e-05 5.470976596919609e-05 0.004744215237711947 0.00012343879830877615 0.00023891371875804507 7.968176570944603e-06 1.0506790650970876e-05 0.0 0.0 0.00012123081989279007 0.0 6.538038123253839e-05 0.003199393355989209 0.0003572910329508314 5.054952608944151e-05 0.0 0.00041097181379671724 3.0437098818448853e-05 1.7742696279537045e-05 1.135959357463393e-05 2.3770634999655483e-05 0.0004428690822282224 0.004796605590594375 0.009030546883311449 0.0015880218843301304 0.0010363152435279024 6.098564626802176e-06 9.175649712837516e-05 0.0 0.0020045528662843586 0.0007980705886534071 0.0005827826325206679 0.00039445278068236624 0.0001397215145137452 3.4227891672831135e-05 9.710202802581788e-06 0.013714757582349149 6.472129738264885e-05 1.6482161703608737e-05 0.004252612284079988 0.002752113562795957 0.0016510621976131008 0.0015584122037013174 0.0009044611446695856 4.8979310859623524e-05 0.0004744635932615553 3.305433324865007e-05 0.00023506651914215564 0.0004369514849767269 6.218625876096147e-05 0.0004652875636126432 0.0007033470162958053 1.7375191889435818e-05 0.0 0.0003808651911722489 0.0 0.0003928703458578829 1.3336478933795403e-05 1.6985780501252747e-05 3.421612041991574e-05 2.0505670773031372e-05 0.01776474037676748 0.0032184962513364134 0.0 0.00121680055265713 0.01398275828344646 0.0017549233678721954 0.0055131082918790705 0.009532429540618746 0.013399053043607875 0.007533145345495546 0.02428860091907813 0.019582849814630956 0.016389947271290825 0.03162567820004437 0.04030883873473078 0.00458969278775251 0.0212807334360053 0.04030281440314824 0.027951323334795632 0.005059067508854983 0.0 0.0 0.0 0.0 0.0 0.0 0.0 0.0 0.0 7.865257708730547e-06 0.0 0.0 0.0 9.4573724195232e-06 0.0 0.0 0.0 2.09634765609367e-05 0.0 0.0023597872525363698 0.0007643226519248014 0.0 0.0 2.4628177996334874e-05 0.001954338936612763 9.379108595003327e-06 0.0018399957032267827 0.0003086955112201528 6.292430284165796e-05 0.0 5.282672417613153e-05 0.0 0.0 0.0 4.01645045208234e-05 0.0 4.93437778014858e-05 0.0001341807691751354 0.0 0.0 1.225323479388791e-05 1.093474278462742e-05 0.0 0.0 1.2923769345765038e-05 0.00011478859138132378 0.00032484796079003267 0.0007318289960758829 0.000120384030654875 0.00015006821172218953 5.245895453953393e-05 0.0028332292865026415 0.0014643306314936547 9.823339346430606e-05 0.00014227297049752445 0.0 9.695332890697504e-06 0.0 2.9038704792238397e-05 1.5200504593426955e-05 0.0 0.0030758287470790957 0.0007751326971768916 6.301697051741664e-05 0.0 0.0 0.003237449291541077 0.00044471378892238864 0.0015865625952924873 7.907051911887277e-05 0.0004218425242515345 9.639888855846223e-06 0.0 7.266991121908088e-05 0.0 2.689689893386518e-05 4.922196093180878e-05 2.5742395839461725e-05 0.00015092057811669958 1.2964734358305646e-05 6.28803202475188e-05 0.0 0.009745103781938255 0.0008017186735233726 0.0006842329349561734
0.007406323825865285 0.03848636241815427 0.19876989525901714 0.00013092104007672936 0.07834898681781917 9.85841395378109e-05 0.014700924645120388 0.1692049303694177 0.09034159513154746 0.0018968851816781411 0.0 0.004177938980571003 0.04969496193011634 0.24391479940677796 0.0008869180796686231 0.0010868295240494986 4.8818455504590155e-05 4.409137741882991e-05 6.547483583206219e-06 3.954256054978978e-05 0.0 0.0006481879624950169 2.762311860495973e-05 6.629599119754039e-05 0.0005325996040659011 6.579739812298574e-05 0.00021243202938728552 3.3549503354754416e-05 0.0001287019476177703 3.647627131831897e-05 0.02687856034844505 0.00282141843454046 0.04070320482705922 3.4188132082121253e-05 0.0001249132960650633 0.00014343983815937473 0.011038826343133214 0.0036919806597728224 0.002485836967146759 0.0004276266740577292 4.768964051318258e-05 0.00014706742065642982 1.551812760799376e-05 0.0003293719787224697 0.0 0.0 0.002077381386317297 6.297505512775337e-05 4.70502375237757e-05 1.7301182210646405e-05 0.00011966126992695799 0.0004856786446776197 4.2499800181200984e-05 8.46365648925222e-05 7.862330869354467e-06 0.00011239551064414299 0.0009734153492702099 0.002380398331407966 0.00021982470428619385 0.0004696345031988692 0.0 0.006984581497672356 0.0 0.0017383027856199473 8.555535513079962e-05 0.0002227193661480352 0.000132111871739349 2.7226802753827285e-05 2.2628843333501774e-05 0.0 0.0025763894916352825 0.00021828559914139692 0.0 0.0011374193724388159 0.0012785709027640175 0.0009714429779339129 0.0011928255468428202 0.0016781239574462572 0.01010231271841378 0.04878289027659422 1.737485308267627e-05 0.009330582383148638 5.9023026767488644e-05 0.0 0.00013997730663703462 0.00020785407835854144 0.0 9.510541992514802e-06 0.00011982959728653317 3.631498909898474e-05 0.00014898810006823323 5.608950522005464e-05 7.314161613817115e-05 8.584605347823865e-05 8.771609658217173e-05 0.0014526360509237934 0.0005615622921117315 0.0 0.000771945705755352 0.0006894960488273764 0.00021223242227084126 2.3527135494358324e-05 0.0001847514065231696 3.8038641372917006e-05 0.0002697335124294073 0.000681838191327496 9.47313761887321e-05 0.0007450847375199584 0.0006877416424571419 0.0011114601880605668 0.00026627953000568134 0.0010766620991086908 0.001148877840671999 0.000874040134608258 0.0004500352854804161 8.470541085561182e-06 0.0 0.0 0.0 0.0 0.0 0.0 0.0 1.0584516465390798e-05 0.0 2.0805887925911425e-05 0.0 0.0 0.0 2.399587276691926e-05 1.1054613797415983e-05 3.253023409248066e-05 1.7886881375515328e-05 1.4852683748489525e-05 0.00010430702492044824 5.437298614390467e-05 1.0035827777746967e-05 0.0 1.3110035744700895e-05 0.00022058290602674295 1.2375605781751699e-05 0.00040205347434065875 0.00010819450925067807 8.008966327500551e-05 1.525663053728715e-05 0.0 0.0 0.0 0.0 0.0 0.0 0.0 2.925466967085331e-05 0.0 0.0 8.860292032214522e-05 5.8046914828372364e-05 8.596735059364746e-05 0.0 0.0 1.9188946357831794e-05 4.9028910343638503e-05 5.135686286416885e-05 0.0 0.0 7.291532221734786e-06 0.000574900585889976 0.0003560303410525884 1.3142895167951223e-05 0.0 0.0 0.0 0.0 0.0 0.0 1.8939426723551954e-05 0.0003540422621838923 0.00011469640157880751 0.0 0.0 8.038203256798453e-05 0.0005325056112315328 1.3272111018843137e-05 0.00036358017396366754 4.8036083042824033e-05 0.000124340270205972 0.0 0.0 0.0 0.0 0.0 0.0 0.0 0.0 0.0 7.599550521064142e-06 8.151109669780163e-06 0.00030539848223589506 0.00034444846876624047 0.00017706006084771648
0.0008409528302536219 0.002728524562583339 0.0049060667882470845 0.0005199454346954518 0.00123343103655035 0.014417275136339102 0.03841091985792475 0.003182734452598404 0.00149815477826571 0.18991398979120858 0.004177938980571003 0.0 0.05255498499050712 0.018888123661160834 0.0008467272330564787 0.0016668029035432235 1.504731561384978e-05 2.481382799248157e-05 0.0 8.284571075422894e-06 0.0 0.001564630530342854 1.1894262857377827e-05 4.304002192147342e-05 0.00013434505233104508 0.0 0.00013572971367630115 7.093797079754095e-05 0.00012422542813789013 0.0 0.0013186469631494481 0.0003725551950925817 0.009254767701951326 0.0 1.9507941781396085e-05 1.6436219829175462e-05 0.017687320145641096 0.0005778370858226639 0.0009139096699908888 8.988220793275506e-05 0.0 4.0984837836937286e-05 3.747616953231334e-05 0.0003044649128279558 1.1734269821925824e-05 5.9544045520520903e-05 0.0013077183988899903 2.60998563004914e-05 2.883285149665969e-05 4.672240037135323e-05 5.64302438761514e-05 0.0009009236477219714 0.0004935716582307583 7.054911943384316e-06 0.0 1.2866711817550134e-05 0.00042867993406788457 0.000581614545476645 3.7473056376066316e-05 0.00017443410818398936 8.736650438461982e-06 0.0005238404189509072 0.0 0.0011128330856700144 8.299349439680387e-05 1.4041590567914614e-05 5.75559312140338e-05 2.075316937935092e-05 1.6017026736198077e-05 0.0 0.007814180106935237 0.0006885711944313456 0.0 0.0005239203553317758 0.0006537532232679016 0.000977324635895957 0.0009709089057242539 0.0017806217542707071 6.81838321266063e-05 0.0032332262838163286 1.676022647855098e-05 0.00038372649426014847 5.896079048935954e-05 0.0 3.30945137973623e-05 5.2265384734031656e-05 1.2085587195576707e-05 0.0 5.481788881732704e-05 5.53184701667321e-05 0.00011398148280449307 0.00016051792927379487 8.357633598707009e-06 2.5854803438688094e-05 0.0001376430182690198 0.03929974530850384 0.002125140209452584 0.00014042120309196667 0.0012082083020891375 0.002955291917260344 0.000147517756050602 0.0006733851581215048 0.0016789534745196059 0.0007343754628482361 0.0014166701917202684 0.004523534565263029 0.0037588664061514944 0.0034801131060721415 0.00733781713881751 0.006998685313242738 0.0015230779103660227 0.006569248812942054 0.01264272415058057 0.009944367626461278 0.0031009499554906683 0.0 0.0 1.3880831324465976e-05 2.527327841605173e-05 0.0 0.0 0.0 0.0 1.3417369450340193e-05 5.445070712589854e-05 3.138041737747079e-05 3.102576348210224e-05 4.5991711243100996e-05 2.3597812409983675e-05 4.682107582656138e-05 0.0 0.00010087874885554996 9.766420132987903e-05 9.698783242895394e-06 0.00037149857278776963 0.0002519624428288006 0.0 0.0 0.0 0.0007742907833199217 2.1764845289495423e-05 0.0008304452529910781 0.00013063957971708447 0.0001241828415779425 0.0 1.116288483994572e-05 1.2976822940531496e-05 0.0 1.1410815142992179e-05 6.907317678216785e-05 0.0 8.692829462127315e-06 3.294294045889367e-05 8.870057613545736e-06 0.0 0.0001354453613781349 0.0003018372800907729 1.1279180931331617e-05 0.0 0.0 9.919867808439486e-06 8.569003914023242e-06 0.00016742698732340587 2.2348443422906158e-05 2.690633182950984e-05 0.0 0.000667893256797638 0.00028003195195746915 0.0 9.74872905077711e-06 1.8586998965782604e-05 0.0 0.0 0.0 2.362276491034789e-05 3.3492123127866786e-05 0.002093622900183913 0.0007223922962380544 7.096769773484007e-05 0.0 3.616429902061034e-05 0.0013630697714348708 2.2953995804786766e-05 0.0003164972230632955 0.0 1.4040698716840751e-05 1.164993861803524e-05 0.0 9.472178972932642e-06 2.8431823493194736e-05 2.3011686380813887e-05 1.4383750494205557e-05 9.336851713899361e-06 3.3129563383484586e-05 8.253032515292212e-06 1.822636897020202e-05 0.0 0.0053700451080400495 0.0006743161690283201 0.0003842270799050433
