0.0 0.11396723174212249 0.09449935327687242 0.1053189750487117 0.019403948030867233 0.003938286686580924 0.039858282998870356 0.004442771275334304 0.001573843935887362 0.12102471781582104 0.02059325315867965 0.04980997173986641 0.038068708648412435 0.011234578646912238 0.00015690313612683158 8.001250743158717e-05 4.757933513745946e-05 8.244093611173376e-06 0.0 0.0 8.367498364974395e-06 0.0 0.0 0.0 0.0 0.0 0.0 0.0 0.0 0.0 0.040194291586162306 0.0011714787889274417 0.004384302912263067 0.0 7.413589864771691e-06 0.0 0.0026636869517317322 1.1267125899088652e-05 0.0001373118851620557 0.0 9.266980867069349e-06 1.9152191722207516e-05 0.0 3.8644253371068075e-05 0.0 2.4234197796040176e-05 0.002062319844907125 0.0006585043621928102 2.3254410669596858e-05 8.68512181244633e-06 5.2240791192287665e-05 1.0867769587454337e-05 0.0 1.0244732147543993e-05 0.0007000514317656293 0.001505914465436152 0.02386105955114565 0.06038905409660973 0.006441151378973555 0.0030668982641752357 2.908555803497124e-05 0.0002396761180415618 6.131617433469546e-05 0.00104572229297551 0.0008526373271881353 0.0006266866331047765 7.554134845327813e-05 0.00017482708769936352 5.981268522449778e-05 0.0 0.00239943056737296 0.0010151346881221014 8.80382309880786e-05 0.009800690589591217 0.004475941883086693 0.0025308567600110295 0.0001255929228667379 0.0002649753797290449 0.0002707724809149565 0.002959574585172691 3.8715184785208386e-05 0.00014580308505793537 0.002205887401906029 3.0820457405944995e-05 0.00046725782658162953 0.00017212711921041964 0.00041339709836287885 2.2628786547425936e-05 6.38625651688323e-05 5.8473633113147724e-05 0.00010779932726476402 0.0 1.7465891850359934e-05 4.526893999518992e-05 1.1415026567622024e-05 0.007012651857077366 0.002260871300500085 0.00010094641061633514 0.0002002558954032246 0.07843452677978649 5.976423186561231e-05 0.0002418354154164935 0.00013636420617065223 7.784314380445968e-05 0.00021665838936088573 0.0002654939713009972 0.00021695988454656167 0.0005415557925079832 0.0015010829145068495 0.00038109429103255505 0.00015348944343368206 0.0007605768187747255 0.0004724389460908678 0.0006588979431545472 0.00035710269278102865 0.0 0.0 0.0 0.0 0.0 0.0 0.0 0.0 0.0 0.0 0.0 0.0 5.040986194498723e-05 0.0 0.0 0.0 2.7497169876088397e-05 3.029939550184685e-05 0.0 2.4938453798881164e-05 3.614032639425896e-05 0.0 0.0 0.0 0.000414312284195916 7.440254613091759e-05 0.0003564557979468223 8.853249302034182e-05 7.211095193061547e-05 0.0 0.0 0.0 0.0 0.0 0.0 0.0 0.0 1.0775426941816369e-05 0.0 0.0 0.0 2.4749631052559566e-05 0.0 0.0 0.0 0.0 6.217812127804174e-05 2.5501130260677372e-05 0.0 0.0 6.838124670510899e-05 0.0002679216113859218 4.206655541062894e-05 0.0 0.0 0.0 7.257114136575699e-06 8.609265472194066e-06 0.0 0.0 0.0 0.0005119226863365185 8.772746039374034e-05 0.0 0.0 0.0 0.00020445945811092405 0.0 0.0001020450176275661 3.228974351696005e-05 8.234954899843888e-05 3.0982945118812696e-05 0.0 0.0 0.0 0.0 0.0 1.6767465718967603e-05 0.0 0.0 0.0 0.0 0.0005936061146279299 0.0001744183272632395 0.00043609025013101435
0.11396723174212249 0.0 0.10386590550304677 0.15280524735917858 0.19654162666501201 0.0031581736903532123 0.13788912832377853 0.009183932695212274 0.05528773877132778 0.05255194493991945 0.05129117723608575 0.0073733040236974995 0.02755554435810692 0.03866856873346757 0.0004905088423010191 0.0002216463890386477 7.422470638576324e-05 4.311230237263916e-05 0.0 0.0 9.52347497600772e-06 0.0 9.28329124208836e-06 0.0 0.0 1.9584728051339486e-05 0.0 0.0 0.0 0.0 0.10844249004538366 0.0026213111118605975 0.004167821101344643 7.346414816895492e-06 0.0 4.419748415444945e-05 0.002478481174119411 8.37203478287719e-05 8.065858781499049e-05 0.0 0.0 7.96853494575645e-06 5.771740233369799e-06 0.0001014609844558236 1.0648906590498974e-05 6.514529876595741e-05 0.008108478083704195 0.0007763852419744184 6.58069014912356e-05 2.0586656548406166e-05 2.792860116016946e-05 1.1689725253930146e-05 0.0 0.0 0.0006697305924317695 0.0014926874370307136 0.013330764732176235 0.030963965387188548 0.006192255864451455 0.007080799019155293 6.966361214124308e-05 0.0006321117180077016 5.6594512435239404e-05 0.0054607682774525206 0.0010605755356928287 0.0007181021380759417 6.474105855989411e-05 0.00018629507773853052 2.7197938177909902e-05 9.906825558817124e-06 0.0018989374553029484 0.00013302554524955072 2.5162179893385108e-05 0.014313911555304143 0.010092978947409426 0.009174743932536575 0.0008845954138599704 0.00038180201449364575 0.00023244306533354127 0.0020537425998858262 0.00012771889295977548 0.00034422007589126165 0.0025796671052178036 7.598647251583596e-06 0.0007296064849966082 0.0002218200682835646 0.000519184145896944 9.427840802486667e-06 3.078939642193765e-05 3.3424850739542056e-05 6.84871798310552e-05 1.0788425554149735e-05 9.214615446355629e-06 3.769318561231365e-05 5.412077353553833e-05 0.001669699940176413 0.0001085518814930042 0.0 3.196208585572979e-05 0.047209358140920046 0.00012729824626338108 9.944880084043683e-05 0.00044668549346304657 0.0 0.00042681038081887005 0.0007608563844931273 0.00037191891199251867 0.00032309384090818146 0.001725963027342601 0.0006556630620391528 0.0003883369316645218 0.0018708930807199318 0.001645368467501611 0.002063321632322651 0.001192872818594612 7.945270543591017e-06 0.0 0.0 0.0 0.0 0.0 0.0 0.0 0.0 0.0 0.0 0.0 2.654609143785484e-05 0.0 0.0 0.0 0.0 0.0 0.0 9.847559171105905e-05 0.00018397776173170765 0.0 0.0001488951326366041 0.0 0.0012648830270640605 0.00021293762791811075 0.000596479393076644 0.00018088354172215296 3.767789428443468e-05 0.0 0.0 5.069729956366253e-05 0.0 0.0 0.0 0.0 0.0 4.401503761924563e-05 0.0 0.0 0.0 8.718274850207237e-06 0.0 0.0 0.0 8.425429480547793e-06 8.729536641987542e-06 0.00010108751913614254 0.00015600627178335668 0.0 8.037947513133499e-05 0.0007045298679658478 9.465244048109718e-05 0.0 0.0 0.0 1.2549278307718013e-05 1.1360561224064862e-05 7.208548924198304e-06 0.0 0.0 0.001997726191263101 4.9766984281166864e-05 0.0 0.0 8.79615073617055e-06 0.0003516611783425807 5.258517066952232e-05 0.0003510064987301673 2.5761132859548486e-05 4.052191096033574e-05 3.215378475440414e-05 0.0 0.0 0.0 0.0 0.0 0.0 0.0 9.659529291797945e-06 0.0 0.0 0.0012959534461101834 0.0006288412899649878 0.0013520243554873705
0.09449935327687242 0.10386590550304677 0.0 0.06811010821315078 0.24525376747757857 0.005582969660800368 0.03660771298500668 0.11292043628739996 0.04742216151429564 0.01991303248487099 0.10058392189575464 0.007058973643077797 0.039404314951065215 0.07250369623272947 0.0007327290309193576 0.00035502735690893025 1.9643314549684688e-05 8.154763702805434e-06 0.0 3.7161244129372444e-05 2.4411452418153827e-05 1.4234664240983307e-05 0.0 0.0 3.0015941890964464e-05 0.0 7.653196906818088e-06 0.0 0.0 1.190358238556333e-05 0.34311794645506394 0.010288419124492193 0.019513519369817097 0.0 9.997194187049801e-06 3.8248855773723475e-05 0.013070705084089687 0.00048027556417587974 0.0004947131182855087 0.0 1.0414661771130949e-05 2.3029283315015643e-05 1.2933522594307148e-05 7.724919220699575e-05 1.846974209159195e-05 4.373324438632885e-05 0.002900680912969304 0.00013756943597735 2.2175007610150974e-05 0.0 1.9025299837431998e-05 0.0 0.0 3.920524472347331e-05 0.00016969982311713848 0.0003392173503359367 0.006953261011840535 0.020349264372999144 0.0021355898013621453 0.0017683468110599742 2.8106995114082802e-05 0.007184669983210029 2.013561380609959e-05 0.0025412587817754944 0.00025255344858916 0.00015987197736517993 2.5538865357062403e-05 7.121270543771021e-05 4.366088754276376e-05 2.3227118979644147e-05 0.012899757852281993 0.0007607503411999226 1.1195652079824165e-05 0.00393108018249594 0.003535992486211246 0.002489700352529678 0.0003712292868760843 0.00021749731528177514 0.002986417909559894 0.03980100159582742 5.2346907555612615e-05 0.0030422135092721507 0.0008763453847067127 0.0 0.00012148329966784515 7.763998919714717e-05 0.00010511986337574745 0.0 0.0 0.0 6.749633663332428e-05 3.753459759556154e-05 3.915926675543435e-05 4.157916028344558e-05 9.107723977677063e-06 0.0016660474065533252 0.0006865050981757944 1.4373622250940882e-05 0.0007414584158003259 0.02958156246191353 0.0007665993232954421 0.001123104943260712 0.0008132410878495328 0.0002140453625115298 0.001386663670410589 0.0016975716618686644 0.0010969378041464986 0.002276759278512276 0.0022134286744991093 0.0019140180927968902 0.0017640605801905716 0.006421670746053596 0.004166164134629496 0.007112648702369036 0.005295355257400035 0.00010919771624838754 4.010417919966561e-05 5.837971777368857e-05 3.196784153290239e-05 0.0 0.0 0.0 0.0 7.445939974325466e-05 0.0 1.1686067251289588e-05 0.0 0.0004054480079382267 0.0 1.2625229639126735e-05 0.0 6.262501307543428e-05 0.0 0.0 0.0006148430480329591 0.0005799100879033015 0.0 0.00024062587784516183 3.918541911358737e-05 0.006334171029486823 0.0016467924394585262 0.006887446346367973 0.0018119654196690224 0.00048493772844879755 0.0 0.0 0.0 0.00013966443951545887 1.6570588959149295e-05 0.0 0.0 4.2906968027428655e-05 0.00031708323613760357 0.0 0.0 0.0 4.643808159359988e-05 1.5966934211779973e-05 1.7830567958717902e-05 3.532399712705052e-05 1.2589831100359527e-05 0.0006396928683379271 0.001000854353369662 0.00041076196442964833 0.0 0.0008749295432058811 0.006395765721264732 0.000592310049106307 5.457499595223606e-05 7.350934822125103e-05 0.0 2.057942710311377e-05 0.0 0.0 0.0 0.0 0.006642098573361048 0.00012022867895640996 0.0 0.0 2.0624977891987585e-05 0.002496651321972612 0.00021911369042090973 0.0033650451835817424 0.0005333696592404314 0.0003451689521084833 0.0001814006971852013 0.00010856823008931691 2.0863035847482457e-05 1.309073014786239e-05 0.0 0.0 2.107991133716417e-05 1.8446219133616027e-05 0.0 0.0 0.0 0.003406939992171099 0.003820750361644839 0.008412593185055628
0.1053189750487117 0.15280524735917858 0.06811010821315078 0.0 0.05991162576475712 0.01426544627249919 0.12463700339532167 0.0007795030299081772 0.006207455624228067 0.1444627824222972 0.013351282185699889 0.1438071660756722 0.05354627174720715 0.0015968418344615293 0.00013338791346626113 3.92376501976952e-05 0.0 7.858666712790179e-06 1.24276637718657e-05 0.0 0.0 0.0 9.569239354464106e-06 8.446090900195034e-06 0.0 8.55117978521222e-06 0.0 0.0 0.0 0.0 0.013893274360835723 0.0006561347808151307 0.000539119097348913 0.0 0.0 2.7918618095495372e-05 0.0006642607245383123 0.0 1.2571052079428202e-05 0.0 0.0 0.0 0.0 4.5785836340349964e-05 7.434408666216622e-06 4.186850728057356e-05 0.005726113256529802 0.0007365819003293457 9.49604332867063e-05 8.299485259025502e-06 0.0 0.0 0.0 1.0654174384098738e-05 0.0006328851596108842 0.001747966691141297 0.012481159040439567 0.03858911071583391 0.006688843068883579 0.005418892740826369 7.338231806532468e-05 0.0003274889698641829 3.6342410243269353e-05 0.0037331867317679478 0.0010316467900706842 0.0009174711398346526 6.22518529640252e-05 0.00030104926683533184 5.3444729344088676e-05 0.0 0.0008980687672619055 0.0002472273596473703 0.0 0.01285789696958744 0.007180723905554516 0.0048451418722010465 0.0003744235247043034 0.0002132559404730254 0.00012866176000271462 0.0001893991099410932 4.911160825429865e-05 0.0002794761996351111 0.0028360297671925073 0.0 0.0005334664698428902 0.0001271742423345931 0.0003371765895585568 1.281988394313054e-05 1.5880014493228067e-05 3.3497799451082016e-05 8.898709427750969e-05 1.9227101523362255e-05 3.5928320184982164e-05 5.483165025336135e-05 4.4879187345681694e-05 0.004769584046997707 0.0018709618694933126 0.0 9.488997120756983e-06 0.031696943596211564 6.628842852567657e-05 6.203601956667533e-05 6.282336360337236e-05 0.0 0.0001338175033833093 0.00026284538291029787 0.00030495959296718896 0.0002635077219575581 0.0027076195297201563 0.00032580578558985166 4.166706476238874e-05 0.000594796271192954 0.0004970274732662237 0.00042290245756981695 0.00032045796165972333 0.0 0.0 0.0 0.0 0.0 0.0 0.0 0.0 0.0 0.0 0.0 0.0 0.0 0.0 0.0 0.0 0.0 0.0 0.0 1.4726486855382343e-05 4.4441876727301276e-05 0.0 0.0 0.0 0.00011855079788658302 0.00014353304485690454 0.00023333629977826797 0.0001567368881131548 1.9382164187846145e-05 0.0 0.0 0.0 0.0 0.0 0.0 0.0 0.0 0.0 0.0 0.0 0.0 1.6517973975870673e-05 0.0 7.356630019721167e-06 0.0 0.0 0.0 0.0 7.099558094754145e-05 0.0 2.896227525206343e-05 0.00012782214609853825 0.0 0.0 0.0 0.0 0.0 0.0 0.0 1.0398122068349602e-05 0.0 0.0002516506790558047 0.0 0.0 0.0 9.628226052237721e-06 0.00012697072968369084 0.0 8.597279386897691e-05 0.0 0.0 5.2792159209842106e-05 0.0 0.0 0.0 0.0 0.0 0.0 2.8736260376558812e-05 0.0 0.0 9.388969746769025e-06 0.00042604426702460337 0.00025101926440763457 0.0002811422714493329
0.019403948030867233 0.19654162666501201 0.24525376747757857 0.05991162576475712 0.0 0.0006150220996179557 0.1482991670416995 0.0677977046724942 0.13172539256535984 0.03933240535790319 0.14403780284538228 0.0025466693420247264 0.02363336894732937 0.05636429486318906 0.0005615665401578746 0.00013217398662900755 2.086836153510066e-05 1.043923806299569e-05 1.3862845247321673e-05 0.0 0.0 0.0 0.0 0.0 1.3873139141046193e-05 8.471961095267918e-06 0.0 0.0 0.0 0.0 0.018259151179724632 0.004513894072485539 0.0009222942101333717 0.0 0.0 5.558051275429003e-05 0.0007825158261963861 4.7047372857637843e-05 0.0 0.0 0.0 0.0 0.0 1.954771072836748e-05 0.0 0.0 0.0058225200515824565 0.0003852373938364388 6.854126071336372e-05 9.323944646664821e-06 0.0 0.0 0.0 0.0 0.0002794365905711779 0.0007248144104808664 0.004496454334679567 0.010410862567789817 0.002764751187917141 0.0040253277605507955 7.250158816650215e-05 0.000547151410144027 9.485752807413202e-06 0.00383603602040663 0.0005668400832519612 0.0003939729711290684 5.7771431504844415e-05 7.82997190790329e-05 1.6550352470355815e-05 9.914945335422142e-06 0.001217118200615689 8.413568963442855e-05 0.0 0.0071108638117941825 0.0053239546372063655 0.006433759002488878 0.0008407590405540833 0.00016461753881477062 0.00012901568581013482 0.0004942686136327404 0.00013291154799270657 0.00028766600945387253 0.0012694098441151213 0.0 0.00034184172441290597 7.03020640040813e-05 0.0002528760542946845 0.0 3.630434914173196e-05 0.0 3.2077771594432036e-05 0.0 2.3768625341339864e-05 2.6994745349303652e-05 2.7734680929836295e-05 0.0019384017274202245 0.00012035311737137509 0.0 9.655122095592607e-05 0.0060258315404433825 0.00016344875413579473 0.00042649289395631544 0.00043644921384219416 0.0 0.0003351811142693061 0.0004994447553805491 0.000504786726394037 0.0007129997465626856 0.0006328127392525222 0.0005660588383220025 0.00022835448520515514 0.0020176032087891077 0.001900809374077379 0.0021259030433331137 0.0014991387484940347 0.0 0.0 0.0 0.0 0.0 0.0 0.0 0.0 0.0 0.0 0.0 0.0 7.932967221556724e-06 0.0 0.0 0.0 0.0 0.0 0.0 0.00015749652002566811 0.0001679057695491922 0.0 1.3086481963480505e-05 0.0 0.001304942250715294 0.00012068628002305736 0.0007012553817210652 0.00014026110651101087 2.0439153830989805e-05 0.0 0.0 0.0 1.1548259252610834e-05 9.896718274938433e-06 0.0 0.0 4.915157985844441e-05 3.1076991422410644e-05 0.0 0.0 0.0 1.984280721981171e-05 0.0 1.2145332068369687e-05 0.0 7.054928551474657e-06 8.156038495366717e-05 0.00016226138210443397 0.0001116169021203871 0.0 1.0603648082106574e-05 0.0007003651864312673 6.997421467430456e-05 0.0 0.0 0.0 0.0 0.0 0.0 0.0 0.0 0.0019483278586669179 6.793967385040046e-05 0.0 0.0 0.0 0.0004545616705870631 4.666180600187028e-05 0.0005079894791395888 2.772658644673447e-05 3.4068370296265845e-05 4.2720199675644736e-05 5.116963381488495e-05 9.185980390344072e-06 0.0 0.0 0.0 1.3244548371988847e-05 8.501980549021282e-06 1.8638233920041455e-05 0.0 0.0 0.0011902719494891276 0.0005292078544202816 0.0014334111668667562
0.003938286686580924 0.0031581736903532123 0.005582969660800368 0.01426544627249919 0.0006150220996179557 0.0 0.0022931872244790906 0.0003313620701421861 0.00010714068725182735 0.028782295497797615 0.00039398335102070375 0.011229133456484658 0.00532519226068365 0.00044530556480221406 0.0 0.0 0.0 0.0 0.0 0.0 0.0 1.5521251443840388e-05 0.0 0.0 0.0 0.0 0.0 0.0 0.0 0.0 0.001349577064036693 3.786431976873077e-05 0.0010558194442768164 0.0 0.0 0.0 0.0023992082492834675 5.329433192575055e-05 2.89281964720854e-05 0.0 0.0 0.0 0.0 0.0 0.0 0.0 5.975134623092657e-05 7.86345392982915e-06 0.0 0.0 0.0 0.00031441486204454567 1.2690870214475477e-05 0.0 1.0609946726481208e-05 0.00016942708552044518 0.005478306249042066 0.0028830600585043166 0.00016609750384283676 5.003466092890884e-05 0.0 0.0003282891585038827 0.0 6.686132637315479e-05 0.0 6.081358006040035e-06 3.144508777447909e-05 0.0 0.0 0.0 0.009706739086043265 0.018309511396705697 0.002066556011502527 0.0001398224811925419 0.0 8.205161682424696e-05 0.0 0.0 0.0 0.00018339381287164243 0.0 2.2709683039749166e-05 2.5481989823689215e-05 0.0005464285527368549 0.0 0.00043250088337866237 0.0 0.0005289325374483396 0.0003245109847433888 0.0007226557583713052 9.809045934146865e-05 0.00010718070944297947 0.0 0.0 0.0 0.016466550429008325 0.026764963742819392 0.0016709738783793583 0.001358104487601622 0.017758662441182363 9.048654092381817e-06 0.00013444638081206952 3.5937554561961536e-05 0.0 2.6001549293697283e-05 0.0 9.444891658863796e-05 3.297745138585196e-05 8.481305976752376e-05 7.182204897498812e-05 0.0 0.00015924221016718488 0.00010298436325278198 0.00023720622038188 0.00012829249059417557 8.588775486290737e-06 0.0 0.0 0.0 0.0 0.0 0.0 0.0 2.0090935362047245e-05 0.0 0.0 0.0 3.244771774470119e-05 1.4681993897020133e-05 9.454120639895812e-05 0.0 9.212978563244105e-05 9.172594731203965e-05 2.1514174931525765e-05 0.0 0.0 0.0 0.0 0.0 2.8382919692179344e-05 9.978564678826281e-06 8.533605859188915e-05 0.00036240465396907706 0.0003660634637534256 0.0 0.0 0.0 0.0 0.0 0.0 0.0 0.0 0.0 0.0 0.0 0.0 0.00036569831437551886 0.0 0.0 0.0 0.0 0.0 5.475374232896065e-05 5.4600305193615747e-05 0.0 4.3209617721006236e-05 0.0 1.3371309292625566e-05 0.0 0.0 0.0 0.0 0.0 0.0 0.0 0.0 9.718271429499502e-05 0.0005989155239095539 1.4159221027949979e-05 0.0 0.0 9.661803458774538e-06 0.0 1.2364426641398805e-05 0.0 0.0 0.0 0.0 0.0 0.0 1.4798457551465254e-05 0.0 0.0 1.0128000944042814e-05 0.0 0.0 0.0 0.00018559815797577323 0.000537071459549052 0.0005685877401038712
0.039858282998870356 0.13788912832377853 0.03660771298500668 0.12463700339532167 0.1482991670416995 0.0022931872244790906 0.0 0.019523831857076856 0.11985624239994665 0.11624161933821014 0.09075110195718143 0.015993620445525818 0.06204834452252395 0.059876001269008425 0.0010563424155593671 0.0001825044966716003 1.7601043469124845e-05 9.78767517225433e-06 0.0 0.0 0.0 0.0 0.0 9.273925900970199e-06 1.2952392671849984e-05 1.1192733771632745e-05 0.0 0.0 0.0 0.0 0.00792474880309961 0.0048884122550341405 0.0014371798853536762 0.0 0.0 0.0 0.0020974469804504593 7.345138675347378e-05 9.865163112086335e-05 2.4222921390235803e-05 0.0 0.0 0.0 3.059713375918087e-05 7.080465434383147e-06 8.424721262458197e-06 0.0069856493865301066 0.0005363795939903118 6.581193658460593e-05 0.0 3.255332767588428e-05 0.0 3.2012948280275583e-05 8.418522105862819e-06 0.00025788409542022635 0.0007331536981586051 0.003791495248892206 0.008001733606252202 0.00257269190572296 0.004069859965436725 0.00010845463528021254 0.0009474011029253843 2.8854880161632263e-05 0.0029648052338578177 0.0004899452372866166 0.0003858938350008307 6.113497786062756e-05 0.00013190643363839233 2.783526082634971e-05 6.648197216385097e-06 0.003016482120448209 7.356818653047253e-05 0.0 0.007064240562084434 0.004953811498885991 0.007206096621261525 0.0010941122815180597 0.00033220824293278117 0.00017602071228471538 0.0014127864576479801 4.687566650597055e-05 0.00031781652346133966 0.0011420795009582574 1.0124372169450402e-05 0.0002510853827491549 9.468300402620832e-05 0.00023115532811940532 0.0 6.7051520027349814e-06 0.0 8.505599487251342e-05 0.0 0.0 1.6103253828314878e-05 5.3757246876381324e-05 0.005953824209812521 0.0006142971889404016 0.0 0.00017836717596254794 0.004322443846606856 0.0005466027344793687 0.00087277043131664 0.0011702993624285525 0.00035844906708051616 0.0014402719975712976 0.001883325166920313 0.001522253003365778 0.0019997825693735126 0.0032956110813160684 0.002091561798855237 0.0010995092496007496 0.0060760368397760455 0.005948063771840537 0.007172173341806626 0.004629727191934315 6.591958854461404e-05 3.4004906086347996e-05 9.812405473449664e-06 0.0 0.0 0.0 0.0 0.0 0.0 0.0 0.0 0.0 1.0222018581670472e-05 0.0 0.0 0.0 0.0 1.1312291102558126e-05 0.0 0.0004527799372034865 0.0002480939386742692 0.0 7.94473567031001e-05 0.0 0.00396641520140753 0.0004470712739083967 0.002442854229959601 0.00041431918426358894 0.0002601166118661433 0.0 0.0 0.0 8.74999739984273e-06 0.0 0.0 0.0 0.0 6.163079178983155e-05 0.0 0.0 0.0 1.842757388721274e-05 0.0 0.0 0.0 0.0 0.00013995444751613713 0.00034138308125392677 0.00023420915328019405 0.0 0.0001649508099474778 0.0023800503895682317 0.00023708517242049937 0.0 0.0 0.0 0.0 0.0 7.433333411291701e-06 0.0 0.0 0.006159937264419811 4.623032862740561e-05 0.0 0.0 1.0161280449319725e-05 0.0015548586110265428 5.898009223473178e-05 0.0014088037521894443 0.00017909831952136833 0.00021474331986999615 0.00018958286218313997 4.1475223095940774e-05 4.167308517822817e-05 0.0 0.0 0.0 0.0 0.0 0.0 0.0 0.0 0.00497250455619318 0.0019186830820730762 0.0031555414516829822
0.004442771275334304 0.009183932695212274 0.11292043628739996 0.0007795030299081772 0.0677977046724942 0.0003313620701421861 0.019523831857076856 0.0 0.10528611362986652 0.0032191281518539694 0.22609599927367535 0.00660817885242101 0.06750981062524665 0.2173517872652507 0.004566946822227682 0.001468155942770528 0.00010968199128143176 0.0 1.3821280714552167e-05 1.0789999372126621e-05 2.7163545196414345e-05 0.0 0.0 0.0 3.3071500499839147e-05 1.344006040679005e-05 0.0 0.0 1.1882975487467432e-05 0.0 0.03696076218368281 0.09891641056137847 0.0273965179684093 0.0 3.1353265612929196e-05 5.0362927882527306e-05 0.013534138548725668 0.0004442996742183906 0.00028159483967092136 0.0 0.00011568554534747311 2.6984010786545608e-05 0.0 0.0002533218983789667 0.0 6.710390849325534e-05 0.01178097471829436 0.0002842914137717359 0.00011817681264489173 0.0 0.0001177333365945869 1.7554650125555548e-05 0.0 6.916953503259215e-05 0.00012699824114608248 0.0002769002693617038 0.0029792721323657033 0.00553253944657855 0.0014533687953495386 0.00455764027951122 0.0005182796552812154 0.005638905599547856 0.00013590136035559686 0.012090334496669883 0.0002766301426166186 0.00029005820097510135 6.134099513042447e-05 0.0001199896643444163 0.00011170611174409536 9.415928742842983e-05 0.01079719339471089 0.0006804488105280483 0.0 0.0065635938538110465 0.008502304878619565 0.013238038911323746 0.006705505809381898 0.0047434122156576105 0.044267039186640156 0.12187259295698304 0.0010770922067722456 0.03756058602764447 0.0006998207375920327 0.0 0.00013067045704920474 2.2836594597249397e-05 0.00016616405948092342 0.0 8.443811112439948e-06 1.170343096019741e-05 3.594647923404616e-05 2.4074712140963387e-05 0.00025969895992052777 0.00013532920164048998 7.328684633230196e-06 0.001255940820960934 0.0004828859869185618 0.0 0.0004680752502144098 0.002595895187543111 0.0004214868212274003 0.0005872263281329574 0.0010960501472002664 0.00018540035603581564 0.001233688219065822 0.0015541726197434013 0.0005754598050583781 0.0018154533476699077 0.0018219166802921829 0.0014932393609432605 0.0009824046701502633 0.006222996494999223 0.0035442052428581875 0.006591735277879607 0.004985503246655365 7.149583697798519e-05 9.656691192115556e-05 0.0 9.479904949473381e-06 0.0 0.0 0.0 0.0 0.0 0.0 0.0 0.0 0.00023832283018453295 0.0 2.277762476181125e-05 1.8841356488916587e-05 1.2110964380377331e-05 1.1783030176845417e-05 0.0 0.000511870141612971 0.0003260898602967571 0.0 6.566531913980157e-05 2.2337025425936994e-05 0.0050232627760024165 0.0006193618667162309 0.004258901183549095 0.0009428346532031205 0.0002907817238824465 0.0 0.0 0.0 5.471720333423805e-05 0.0 0.0 0.0 1.515959032106384e-05 0.00018252466852144116 0.0 0.0 0.0 6.912719258407978e-05 0.0 3.024378464363366e-05 0.0 1.5811020561432868e-05 0.0003170133782921547 0.00047572469412743084 5.013278454522262e-05 0.0 0.00030720775035340695 0.004040154505232083 0.0004886413656278283 0.0 4.601335196371111e-05 0.0 1.6464595128795403e-05 9.047909339232045e-06 1.690951628124975e-05 0.0 0.0 0.005287879887310581 6.281484756188388e-05 2.5596996010272163e-05 1.0396186272238036e-05 0.0 0.001864964564046717 0.00019364520395546224 0.002291781847181571 0.00039078225190818317 0.00036003230098552474 0.00012112764490896177 0.00024611904330337764 5.253592478086993e-05 1.2657906596949642e-05 0.0 0.0 4.007328402862368e-05 0.0 0.0 0.0 0.0 0.002487490786846486 0.002761397503217216 0.005929277425348612
0.001573843935887362 0.05528773877132778 0.04742216151429564 0.006207455624228067 0.13172539256535984 0.00010714068725182735 0.11985624239994665 0.10528611362986652 0.0 0.04917973014198403 0.14507319672743257 0.008649885821534312 0.05342427368427958 0.0423043325014435 0.0007570737736900939 0.00016445318387928897 2.2856157154702066e-05 7.940365290203774e-06 0.0 1.0061575708017028e-05 0.0 0.0 0.0 0.0 0.0 1.434311941023748e-05 0.0 0.0 0.0 0.0 0.001976400180884736 0.002294521669800391 0.0006956945263516636 0.0 0.0 0.0 0.0005204949884452141 8.029778610924486e-05 1.1810343787834235e-05 0.0 0.0 0.0 0.0 1.7613731814485623e-05 1.0484044660797579e-05 1.6219583708231952e-05 0.002271639209088594 9.142039954507322e-05 1.0826346698302751e-05 0.0 0.0 0.0 0.0 0.0 6.282226755156703e-05 0.0001962487536102081 0.0007248976221718492 0.0015579968141898504 0.0004863376968711764 0.0012266691387153937 2.830573459989232e-05 0.00036491444397992795 3.322636418876453e-05 0.0007631062393544486 0.00012112634145043022 9.207819363084735e-05 3.0512116112069583e-05 2.610348548406006e-05 0.0 0.0 0.0008932622687044054 7.009637892229308e-05 0.0 0.002298178932184421 0.0012722348327696045 0.003170645848207596 0.00045436328633445414 0.00016975324243381892 0.00011354960849001904 0.000608387165190493 7.791464685177233e-06 0.0001774204412619306 0.0002766691362053073 0.0 8.403164059343187e-05 2.124049641651337e-05 5.9632399316545075e-05 0.0 7.629451928091855e-06 0.0 4.367291263626285e-05 0.0 0.0 7.952362841888275e-06 0.0 0.0009312495154607661 0.0003255731921552037 0.0 0.0 0.0005557775379516877 0.00019862370676588937 0.00010231734884197469 0.00028189823636596016 8.279091613265474e-05 0.0005505125856554435 0.0003553692087220784 0.00046125517802300274 0.0006210465725352991 0.0015848082625801653 0.0004788028651281663 0.0003952100870500556 0.001890387083223605 0.0017671651474912462 0.0022034588287718746 0.0013213703692400078 8.503063110958233e-06 2.7481653717069863e-05 0.0 1.631408136034256e-05 0.0 0.0 0.0 0.0 0.0 0.0 0.0 0.0 9.867685829887716e-06 0.0 0.0 0.0 6.369356016330676e-05 0.0 0.0 8.092303363925704e-05 0.00019467684051515394 0.0 9.5288371986861e-06 0.0 0.0012064870764820954 0.0002664737662965304 0.0009026764268458168 0.0002443955192639096 4.163388193450184e-05 0.0 0.0 0.0 0.0 0.0 2.823514661531768e-05 0.0 1.5567826338554873e-05 3.550675673961617e-05 0.0 0.0 0.0 5.629248777222979e-05 0.0 0.0 0.0 0.0 0.00010904233544784123 0.00013393505184800276 8.444375213769093e-05 1.713645858520503e-05 0.00014748584383933496 0.0009385596723218634 4.293030999633724e-05 0.0 0.0 1.0087240182597218e-05 0.0 0.0 0.0 0.0 0.0 0.0023125191771285396 2.0182614755823522e-05 1.4820334745499634e-05 0.0 0.0 0.0004453404231841685 8.178189421313504e-06 0.00043212912340317484 1.6375954327870202e-05 2.5061842814502416e-05 3.725495037587182e-05 0.0 9.75585369691743e-06 0.0 0.0 0.0 0.0 0.0 0.0 0.0 0.0 0.0017530602377975229 0.0007241601889618998 0.0010731370661734964
0.12102471781582104 0.05255194493991945 0.01991303248487099 0.1444627824222972 0.03933240535790319 0.028782295497797615 0.11624161933821014 0.0032191281518539694 0.04917973014198403 0.0 0.012897307155763706 0.20565830561863885 0.22954931557396033 0.03234959155912956 0.00016345934031000063 1.6834007305108106e-05 1.7987407351282133e-05 0.0 0.0 7.622744091043235e-06 9.111370738760648e-06 0.0 8.80836468782687e-06 0.0 0.0 0.0 0.0 0.0 0.0 0.0 0.007622417251767355 0.0006534836018076258 0.00307526706656082 0.0 0.0 6.195441035963971e-05 0.007652077915491592 1.93186977296169e-05 9.712056590932144e-06 0.0 6.46331800825129e-06 0.0 0.0 3.055206635725709e-05 0.0 5.830522672053125e-05 0.0035017121040849253 0.0005266131288256852 1.1022271298245044e-05 0.0 3.0042125163399174e-05 0.0 0.0 8.070665615054943e-06 0.0005320761241932842 0.0012228930305909942 0.008262650573695166 0.01932621652977551 0.004463746072492948 0.003354895872018137 3.153693241914295e-05 0.0004793503862849229 0.0 0.002498204481902315 0.0008063526973439045 0.0004809988914801335 6.617615572367275e-05 0.00016266139998169645 1.5832792646909518e-05 0.0 0.017110108231757272 0.000798170318194305 3.484729777925364e-05 0.0076127588072858006 0.004128769738922171 0.002918916757605638 0.00019018319729873382 0.00017659994531162834 5.0646030194754136e-05 0.00044765205433562773 7.691581652780878e-05 0.00019222477308899455 0.0015720156366023162 0.0 0.00037146821324185567 0.0001333089404043368 0.0002601027038118505 0.0 2.4425094047546315e-05 0.0 4.65023664371771e-05 1.928741922148203e-05 1.2801327505027382e-05 3.43771410176178e-05 1.0112567410468073e-05 0.015460683338914772 0.0032019164838801165 9.955611667789132e-06 6.684918155707388e-05 0.028898096529346152 0.0004407456593523442 0.0014858759691270167 0.0010404922237926455 0.001915220806743136 0.0018658101247345346 0.0017445792081382412 0.004997321759120577 0.002420379479160429 0.00543886444823511 0.005145024286218969 0.0009285342095535597 0.0066478257278932106 0.006531333494037793 0.006451300207712288 0.0027925811275524948 6.835164712350873e-05 2.4893399324747917e-05 0.0 0.0 0.0 0.0 0.0 0.0 0.0 0.0 0.0 0.0 4.3744834993650754e-05 0.0 9.100617739849152e-05 0.0 0.0 0.0 0.0 0.0002487071476209139 0.00021285688093849528 0.0 2.2913838707710557e-05 0.0 0.002377471818091013 0.00018144595737982732 0.0013027064719695416 0.0002582032707646391 0.00011214719783938673 0.0 0.0 0.0 9.65184906007075e-06 0.0 0.0001556924704652572 0.0 0.0 0.000111870671275914 0.0 0.0 0.0 1.834789035888741e-05 0.0 0.0 0.0 0.0 0.00011077166856187746 0.00010971452884394815 0.000430801638291877 8.73050229173193e-06 0.00011534011703297246 0.001173134458366914 7.349550255759939e-05 0.0 4.644881390804653e-05 0.0 0.0 2.091616063537002e-05 0.0 0.0 0.0 0.00620055696456014 0.00011462162528445266 3.6161054701170224e-05 0.0 0.0 0.0006148799411367265 1.7053764567921057e-05 0.0006040325502437615 0.00010609457493921534 2.301691479195088e-05 3.380805012341011e-05 3.496074307565022e-05 0.0 0.0 0.0 0.0 9.503750540134569e-06 8.315118330236598e-06 0.0 0.0 0.0 0.008255911782457326 0.0015262258758344256 0.001681072153274285
0.02059325315867965 0.05129117723608575 0.10058392189575464 0.013351282185699889 0.14403780284538228 0.00039398335102070375 0.09075110195718143 0.22609599927367535 0.14507319672743257 0.012897307155763706 0.0 0.016109472938111814 0.19466775873106903 0.3026416431894876 0.0016540654637706923 0.0008493232206378626 9.86216543850265e-05 8.95430651505687e-06 0.0 0.0 1.194983352343686e-05 0.0 0.0 3.0473671111361404e-05 5.1131526060886105e-05 2.137218394949559e-05 0.0 5.102634555717955e-05 0.0 0.0 0.042216095973324874 0.025181684195403283 0.05761525824591501 1.2864657940417193e-05 7.016235112357267e-06 0.0 0.026508168982374198 0.000398675195814432 0.00029213649731122987 1.1306107122064675e-05 2.920546947494142e-05 1.4105366100936702e-05 0.0 0.00015661271443685647 0.0 5.2757368277229537e-05 0.0030881167810995463 0.00017246745566168722 6.764149717234432e-05 0.0 1.493411616444986e-05 2.2519871598491385e-05 2.4928173957102872e-05 1.6353551591047107e-05 7.69383035763092e-05 0.0002120095952337594 0.0029664623146747685 0.006478573559875183 0.001001197609253277 0.0018068265032129894 5.058669838118131e-05 0.0010053447736316971 1.1914038157708331e-05 0.0019091839006637756 0.0001318059290603107 0.00010550002585299801 1.4501113310703316e-05 9.904021183805666e-05 8.456455952975227e-05 3.413160405426564e-05 0.010413686138883965 0.00012061530308061129 3.911037047920396e-05 0.002735964622697262 0.0023335503748647744 0.004042712455197182 0.0007300261216391082 0.0005281926805587058 0.001973361748787917 0.028203170888956706 2.7321183301601838e-05 0.0004833279138823151 0.0004087572941088676 0.0 9.239649887875001e-05 1.7813911343743987e-05 8.109685733818109e-05 0.0 0.0 1.1728545722641383e-05 4.3110415477300444e-05 0.0 4.529881611909182e-05 1.3952274081391014e-05 1.7228787740974625e-05 0.0010190811760944446 0.0002535599568965394 0.0 0.0001302789422856403 0.00904696930393731 0.0001289840756760691 0.00016077717226445308 0.00026176797522721554 5.1341478437703065e-05 0.0006839649559611037 0.0006832323819141579 0.0005978960394729551 0.000818885261704708 0.001031008175767348 0.0010593299413895682 0.0005090371377283632 0.0024026114715904475 0.002292909727207172 0.0033722775972072484 0.0021114114454383144 2.6329316560108088e-05 4.769397822175202e-05 1.857019383435582e-05 0.0 0.0 2.366435652790421e-05 0.0 0.0 0.0 0.0 2.3615057803934016e-05 1.2411700760957302e-05 3.322042021551255e-05 0.0 1.1332751860413322e-05 0.0 2.345533551408285e-05 1.2125946003361568e-05 1.3420697949051583e-05 8.527510293541087e-05 0.00012281385147588645 5.9203803715211655e-05 2.827571514613895e-05 6.786683755443026e-05 0.0018813112223150256 0.0002631436832454808 0.0015211380629343363 0.0004702220115670777 9.915826223826917e-05 0.0 0.0 0.0 2.812664254529065e-05 0.0 0.0 1.3375614808948047e-05 8.746840208565533e-06 7.64262186175356e-05 0.0 0.0 0.0 9.413403270860151e-05 0.0 0.0 0.0 0.0 7.321912325852309e-05 0.0001600453367878008 3.4394177597217575e-05 1.0450624636058446e-05 9.251539576820298e-05 0.0016203527150707166 6.944365365456021e-05 0.0 0.0 0.0 0.0 0.0 0.0 0.0 0.0 0.003013061474289991 0.00016141985263894856 0.0 0.0 1.0048949191219626e-05 0.0008636274583129035 0.00013897799688380487 0.0008016317762630536 0.00010841245864466563 8.425193576474617e-05 7.630089492995849e-05 3.677224354002603e-05 9.641049296282232e-06 0.0 0.0 0.0 2.178473222824329e-05 0.0 0.0 0.0 0.0 0.0022109647365508595 0.0011528928501683832 0.0018675880725237987
0.04980997173986641 0.0073733040236974995 0.007058973643077797 0.1438071660756722 0.0025466693420247264 0.011229133456484658 0.015993620445525818 0.00660817885242101 0.008649885821534312 0.20565830561863885 0.016109472938111814 0.0 0.10315844977424948 0.02436724155935697 0.00046952545546868863 0.0001760032485259504 0.0 0.0 0.0 0.0 0.0 0.0 0.0 0.0 0.0 0.0 0.0 0.0 1.1720021249985164e-05 0.0 0.003374951888293822 0.001327683189780064 0.004376636090027115 0.0 0.0 0.0 0.018902165299184367 0.0 5.5401630354726e-05 0.0 3.642338879895853e-05 0.0 9.913625576632955e-06 9.84746114472906e-06 0.0 8.984988658594068e-06 0.0018873415284762843 0.0002405729391050423 1.7133647633882744e-05 0.0 0.0 0.0 1.1014305530970617e-05 0.0 0.00013308475565430817 0.0002960716644736186 0.0029448344752364846 0.006550954893734228 0.001546203411428382 0.0017926565420015035 2.3081482360686087e-05 0.0005860359574162728 7.125207955310261e-06 0.0007546734904961524 0.00027815437970645223 0.00015283734319651714 3.484669298348824e-05 2.3139860890227205e-05 1.881451783371008e-05 0.0 0.012224484681004158 0.00022849465561703282 0.0 0.003268265089022372 0.0016376146080728357 0.0014621787400381982 0.00018879563168616842 7.470460845314308e-05 0.00010148050541951544 0.0008986210683286891 2.3201294874954875e-05 0.00016773022476789483 0.0007263516377518656 1.1005062722823516e-05 0.00013478165125568517 4.202232606677786e-05 0.00010604765324246813 0.0 6.2618395170841485e-06 3.478993323815192e-05 3.649700694521652e-05 8.655949410011235e-06 2.301297631246373e-05 0.0 0.0 0.033364438771973766 0.0018645689967018621 0.0 0.00020484796688215266 0.006022709516690955 0.0003379492403182061 0.0005972576089690751 0.0011984237442967355 0.00022760329851232136 0.0016271932429612786 0.0022842634584639525 0.00213912504507635 0.002435956706813084 0.004801969402205074 0.002902274998911341 0.0013073167603915527 0.008287030938149578 0.007381489092389605 0.009755134720095728 0.005715270042437332 2.211116006314019e-05 2.091204341512693e-05 0.0 1.990283038913867e-05 0.0 0.0 0.0 0.0 9.396417840344626e-06 0.0 0.0 0.0 5.98302776990901e-05 0.0 0.0 0.0 0.0 0.0 0.0 0.0006508674222636154 0.00036503444310404253 0.0 0.0 0.0 0.004882718970188996 0.00038520754300604013 0.0027152578304398237 0.0003763142005786292 6.055502087744517e-05 0.0 0.0 0.0 1.2331708089815079e-05 0.0 1.0353787615940777e-05 8.241437231259532e-06 9.97206593473745e-06 7.312254254590452e-05 0.0 0.0 0.0 0.0 0.0 8.590798404468882e-06 1.1036477253797814e-05 0.0 0.0002436978985900748 0.00024387168181939372 0.00031291422098280835 0.0 4.231901661100154e-05 0.0027076905802948014 0.00023675695268142018 0.0 8.278382046189035e-06 0.0 0.0 0.0 1.0566435156043156e-05 0.0 0.0 0.009532145621505166 0.0001239486945218795 9.803477541313511e-05 1.7240906139396635e-05 1.4742072149976285e-05 0.0015931304614050642 4.803380430633285e-05 0.0013245123647425622 0.00032556235473219923 0.00023989217627005122 0.00019250593004978647 2.5147464695301243e-05 1.024162048457256e-05 8.278496147992361e-06 0.0 3.7707511852526086e-05 1.1763286630325402e-05 0.0 0.0 0.0 0.0 0.008451300426556679 0.002615594406355646 0.003517537632999793
