0.0 0.15767856007189382 0.03137124573055667 0.10883984555685627 0.008726705967046234 0.005800712360544 0.02891369504692611 0.0013532811979558694 0.0012416998967851654 0.08444254179168505 0.005255972751427265 0.0019486768443727272 0.0056659488552825476 0.007613378021040815 0.0002843926580598017 0.00021502773968365839 1.965624250994824e-05 6.491267784862877e-06 8.49825926651881e-06 6.53062494187408e-06 2.2929877561229176e-05 5.181475778644935e-05 2.0071720138396192e-05 3.248683076346308e-05 1.5458761884563448e-05 0.0 0.0 4.363367194014641e-05 4.26308470363756e-05 0.0 0.08065718646509049 0.0006317278370680591 0.005478302933924341 0.0 3.603388520390877e-05 2.7125461587373106e-05 0.0027002310290241533 4.988601074763392e-05 0.00015868228740372197 2.6773618312289548e-05 2.9623306644172803e-05 2.1408839199090304e-05 1.2995014642991667e-05 5.282833319764801e-05 2.939827724466294e-05 5.373170410906942e-06 0.008324714716102839 0.0008003430259630759 5.09825635425186e-05 1.3459230256197223e-05 6.210085511799607e-05 5.151685427090758e-05 2.1943987727628142e-05 1.4670103850606117e-05 0.0009543247578479454 0.0004978740553141731 0.016686923217544187 0.04811629230269295 0.0034134381054486008 0.0068064894125699086 5.435029522488066e-06 0.000110779210836955 7.460605291044952e-06 0.006064745388269736 0.0006521507853963051 7.710233069273296e-05 0.00012248605600162848 3.2321100040628116e-05 3.144852228751289e-05 2.4780715186766464e-05 0.0018353939016050368 6.954790934489984e-05 1.1269316782459432e-05 0.017448000580424575 0.003594446176846326 0.003049767030193168 0.0008950220815631718 0.00012470593750668526 0.00010174775254054373 0.0021623609853372514 4.658046853882083e-05 0.00046740374570451547 0.0028806856212124084 3.322360537257646e-05 0.0003345817009721141 0.00034700757818187887 4.2707999780719526e-05 0.0 8.684870732759654e-05 1.6197133848246652e-05 4.757719030344305e-05 2.883861917728902e-05 3.294833450425124e-05 0.00014299669909575763 5.009981665680434e-05 0.0032913846384769385 0.000417352579385416 0.0 0.0002734091966941791 0.077578159562462 0.0 0.0 2.6424686060323013e-05 0.00026254402462066767 8.431426573663472e-05 0.00048343274605599146 0.0015726276211732487 0.0003910488161777581 0.0012696842274005418 0.0013082441188148677 1.2915144840014205e-05 0.000501893269613701 0.0010422820811091583 0.0004272742864291819 0.0006801091885613541 0.0 0.0 0.0 0.0 0.0 0.0 0.0 0.0 0.0 0.0 0.0 0.0 0.0 1.5368483345801482e-05 0.0 0.0 0.0 0.0 0.0 0.0 0.0 0.0 1.4893295255117452e-05 0.0 7.182952756683694e-05 5.750252406815268e-05 9.91855595070394e-05 1.5177912722162586e-05 6.3246232507447815e-06 0.0 0.0 0.0 0.0 3.095958398198808e-05 0.0 0.0 0.0 0.0 0.0 0.0 0.0 1.3096937274221685e-05 8.186157965683732e-06 1.255248674842271e-05 0.0 3.555375827959864e-05 8.362593038622953e-06 1.979041355173215e-05 0.0 0.0 0.0 0.00036949654542935183 0.0 0.0 0.0 1.9631614206762652e-05 0.0 5.684396278458299e-06 0.0 0.0 0.0 9.827573071928572e-05 0.0 0.0 0.0 6.384119003632831e-06 0.00011767619216114697 0.0 3.110269450452523e-05 0.0 4.2699328945962116e-05 7.209540049290254e-06 0.0 0.0 0.0 1.8694793238508686e-05 6.819987796683444e-06 0.0 2.030047842730768e-05 7.178629163877777e-06 0.0 0.0 0.00036988409683977346 7.973863734792571e-05 9.422396305969494e-06
0.15767856007189382 0.0 0.13115002427473946 0.21142986610460132 0.11416104029050665 0.013356649048124988 0.21040673521282643 0.01988111796493006 0.12211368469043772 0.2166286537906225 0.07104357412540545 0.007601823297449214 0.06349714732870834 0.16436236345263555 0.0023660934455218526 0.0010052858712005263 0.00013684305553719883 6.909182727446003e-05 4.067994085187683e-05 3.6037644691985595e-05 4.94556305271198e-05 0.00016651037967220245 0.00016131367026531542 0.00016224209630551036 0.0 3.727328039395638e-05 1.4777612555235986e-05 4.510853586416359e-05 6.140801813198501e-05 0.0 0.1199847870329415 0.002946552260992242 0.022880357516341782 3.6077032447672e-05 5.0459620773656315e-05 2.696380774904247e-05 0.008786314307500376 0.00026817661786063214 0.00017925472633759543 5.386569622639665e-05 6.93160320656043e-05 9.477297382534218e-05 9.66170605533355e-05 0.00010567213013594808 6.18380228704509e-05 9.185769645523295e-05 0.020821165336327715 0.0009033168943872518 0.00020506185541360465 8.584054528880045e-05 0.0001881255893023893 4.529924495977331e-05 4.761164700482756e-05 6.547062861365079e-05 0.001144988073690597 0.0006578063380151026 0.01109019938764374 0.03501076325368919 0.003640597753867975 0.009167823396233482 0.00020527299871941096 0.00046975820225759313 2.907205024693884e-05 0.013788545849967098 0.0008310994751942143 0.00015743456159469544 0.00014347537491679296 4.955799761707266e-05 0.00024528622451870945 9.757191347647195e-05 0.004862021368776525 5.459386119810302e-05 1.0545455851524148e-05 0.021502435316231493 0.009591209835995788 0.012814122095595607 0.004527263296781241 0.0008598050943773234 0.0005193739950672829 0.00857081340701792 0.00022131438531088405 0.001680359046039893 0.0029032756097267473 3.687619412516912e-05 0.0004313311381364505 0.0005934541252090786 0.0001358334921828028 2.0970241419109043e-05 0.00012616364698359007 2.317480387894395e-05 0.0001303585199795018 3.511148502824195e-05 8.791851843622031e-05 0.0002746000976516274 5.0492182431664803e-05 0.0027933649801447536 9.24856232787102e-05 0.0 0.0001199737460694045 0.035440974143987156 6.361192816583004e-06 0.0 4.6835675492781564e-05 0.0003899593249347639 1.6028752968966295e-05 0.00031703763574224443 0.0003019597205278823 0.00019409753585311756 0.0008499164608710982 0.0004088417404330383 6.201267025468811e-05 0.0007509680286499489 0.0005857204148135666 0.0002999945024613352 0.0010769481889356866 7.104735956375192e-06 0.0 0.0 0.0 0.0 0.0 0.0 0.0 0.0 0.0 0.0 0.0 0.0 0.0 0.0 1.0024870736517188e-05 0.0 8.661561284337395e-06 0.0 4.5554220608494395e-05 0.0 0.0 0.0 0.0 0.0002533993828619308 9.547839723929315e-05 0.00027156838713616186 7.121105054778066e-05 2.5086993922745905e-05 6.494641418459201e-06 9.776667767447824e-06 0.0 0.0 0.0 0.0 0.0 2.145257144803365e-05 2.712683022981134e-05 0.0 0.0 0.0 5.330907935616475e-05 0.0 1.1153103532667279e-05 0.0 2.2464738801551448e-05 1.672319093989847e-05 0.0 0.0 0.0 1.2720125480174037e-05 0.00026060042581470424 0.0 0.0 7.294788477022126e-06 5.298251888474312e-06 0.0 5.923912854121844e-06 0.0 0.0 0.0 0.00023421303694634324 2.1763184304837757e-05 0.0 0.0 0.0 6.949972472940392e-05 1.718653319430676e-05 3.969179605149996e-05 6.404710978524266e-05 0.0 5.791714648955984e-06 1.0837750992936685e-05 0.0 0.0 1.895202696573528e-05 6.4144801501349115e-06 0.0 3.057972943493356e-05 0.0 0.0 0.0 0.000610949865276995 0.00012117244761454269 8.432172144095156e-05
0.03137124573055667 0.13115002427473946 0.0 0.010671400743392507 0.043496683134302654 0.0012873555369619246 0.022754222778882793 0.08400892780152583 0.067059779461347 0.008817112812276779 0.16168755120571143 0.002788226153058915 0.01440776967118136 0.08425501413576235 0.0009358629175099592 0.0005150641644045055 0.0002350425867386663 2.5479491946117832e-05 5.06226173233445e-05 7.251032682657524e-05 0.00010131771564753785 0.0001728054943903779 0.00036049601461424474 0.00021597680427096563 3.474793335161026e-05 9.61664483850541e-05 5.2426404040233165e-05 0.0 0.0001253370465923834 0.0 0.21234470838311822 0.04278785544503456 0.03619544222699382 7.078802801209838e-05 0.00023945954232607958 3.612382352689223e-05 0.011679801732429499 0.0004246425306786483 0.00037989545022255433 5.7958460405919074e-05 0.0001597210055907469 0.0002688758727891112 8.309890762113326e-05 4.373089015471966e-05 9.83436997120964e-05 8.574875704252133e-05 0.005821838795753092 0.0002595011979695367 0.00011439425708956236 4.4801799185299366e-05 7.43222154503112e-05 0.00010243535559723054 0.00010698659373007465 7.659139090249534e-05 0.0003081212792895075 0.00021191057225457226 0.004295742457044832 0.037914121721775954 0.0010919635892414367 0.0028394620492568825 0.0002291780902883257 0.0018678749741127243 5.717923713635595e-05 0.041680524437955425 0.0002740931735485437 5.60936210340584e-05 3.979316790657636e-05 6.53806664340731e-05 0.00021682369780729005 0.00028478654598909804 0.00532011398377467 3.792333680168501e-05 0.0 0.008719680403865391 0.006240771876061752 0.0036785653687678517 0.0027377458807726057 0.0025422313410157892 0.004881930836068627 0.03706491586794183 0.00026541778529336673 0.009196130251666199 0.0008049589196152415 6.808931302503576e-06 0.00010266543118504053 0.00017083694003099069 2.6610375417334915e-05 0.0 3.136248451768515e-05 5.165210197116128e-05 4.926641609900041e-05 4.065283146289188e-05 0.0002811234821171544 0.00032676702492615527 0.00017155064064589438 0.0014052911690666423 0.00015911276927407236 0.0 0.00020608469859303798 0.017320427225765454 0.0 4.435344561414509e-05 0.0 7.085917667402192e-05 0.0 7.415798924877723e-05 5.041427716735958e-05 8.327515547166998e-05 0.00019875831205696536 0.0001484919395503389 3.502526885257914e-05 0.0003285625914904687 0.00027260008059343087 0.00012664518092833787 0.000516142355919783 1.839137470072813e-05 0.0 0.0 0.0 0.0 0.0 1.0964964725774442e-05 0.0 0.0 8.454238663958312e-06 1.2716259674666425e-05 0.0 5.1839103440855534e-05 0.0 1.4255010002152208e-05 0.0 3.5715624234169224e-05 1.747263547503156e-05 0.0 0.0 0.0 0.0 7.828787740064277e-06 0.0 0.00023926166691701345 8.360527472460396e-05 0.0002385436373675012 9.068282764772504e-05 5.053187617410322e-05 0.0 0.0 0.0 0.0 0.0 0.0 0.0 3.6927729036288756e-05 3.77624671192341e-05 0.0 0.0 6.800394790744083e-06 5.6473777937513635e-05 3.346832994648356e-05 1.5006990596975699e-05 0.0 2.4778163049806054e-05 0.0 0.0 0.0 1.6967769262510536e-05 6.699545291356877e-05 0.0001671640430932535 0.0 1.451797605407368e-05 0.0 5.404998737953834e-06 0.0 0.0 1.3548373013625457e-05 0.0 0.0 0.00011678628881578696 4.365691241189406e-05 5.44876262281561e-06 0.0 0.0 8.211838811434081e-05 0.0 8.361052939879273e-05 6.909897595478159e-06 0.0 2.0120813378959096e-05 0.0 0.0 0.0 7.114740685922726e-06 0.0 0.0 8.71737897274195e-06 0.0 0.0 0.0 0.00013640343918436853 0.00012481387977898402 0.00014112743951188444
0.10883984555685627 0.21142986610460132 0.010671400743392507 0.0 0.01028474741186736 0.016097944593560613 0.048462229156473545 5.054304676503808e-05 0.000781290738548382 0.17258167518195636 0.001102968517133578 0.0051407199053653705 0.02550710429901122 0.010936596519220024 0.00015170564216933314 2.3193486703951484e-05 6.1238954228039576e-06 5.695167012129086e-06 0.0 0.0 0.0 0.0 0.0 0.0 0.0 0.0 0.0 9.530306942349892e-06 0.0 0.0 0.016438412921085943 0.0002600190411320727 0.0012685780603981852 7.015371228896351e-06 0.0 0.0 0.0008146645994934664 0.0 8.684266538579836e-06 6.981713204796752e-06 0.0 7.5390628873686365e-06 9.27045469459634e-06 6.031581812830309e-06 6.375617758143061e-06 0.0 0.00450052439370321 0.00012204806085996217 3.7922447884239334e-05 0.0 4.0176417869334976e-05 0.0 8.1355394589553e-06 0.0 0.00025380954046986664 0.00020116374755879294 0.0029357928929141163 0.006560423497503562 0.0008557430631959995 0.0022038744190615795 5.055776576505303e-06 2.7188016170538044e-05 0.0 0.0017063800907135443 0.00016531420070259266 2.986209455646927e-05 1.782015085274981e-05 2.0125771920206515e-05 1.2788327334089215e-05 0.0 0.0005746443312581103 0.0 0.0 0.004541285080828592 0.0013693083032639693 0.0019023274492497011 0.0004253184279268951 3.6195248095514186e-05 1.2236969287019e-05 0.0002422864569456674 3.729075690509073e-05 1.2517247447023315e-05 0.0007353226029183619 1.762911813725321e-05 7.953048752607294e-05 7.277034918221803e-05 1.9607909568670843e-05 0.0 1.1153533988606545e-05 6.505035114216916e-06 1.6593267927751378e-05 1.2614930865183949e-05 0.0 1.8990162250224892e-05 0.0 0.0024044936569717094 1.940708009089376e-05 4.506121475365428e-05 1.095070263140105e-05 0.04991480950140502 0.0 0.0001889261356995947 0.0004937864171906793 0.0009540801675970361 0.0 0.0019374745226116883 0.002948702129616709 0.0010521308808451094 0.0021281327066934737 0.0009035859174209982 0.0 0.0007925632702662244 0.0011239814649680788 0.00034131366001059527 0.0004625070578638401 0.0 0.0 0.0 0.0 0.0 0.0 0.0 0.0 0.0 0.0 0.0 0.0 0.0 0.0 0.0 0.0 0.0 0.0 0.0 0.0 1.4705095769495833e-05 0.0 0.0 0.0 0.00010292742948903106 9.865048151104099e-06 7.786311281496048e-05 7.276727997950886e-06 0.0 0.0 0.0 0.0 0.0 0.0 0.0 0.0 3.2392287599172665e-05 1.1943984378860404e-05 0.0 0.0 0.0 0.0 8.91922650474649e-06 7.683247993889126e-06 0.0 2.276508554351478e-05 6.8916426333018285e-06 7.085714471453991e-06 0.0 0.0 0.0 3.713625848916263e-05 0.0 1.769932135197519e-05 0.0 0.0 0.0 0.0 0.0 0.0 0.0 0.00013221464858274086 0.0 0.0 0.0 0.0 6.179097092455904e-05 0.0 0.0 4.884854399456256e-05 6.331711770959165e-06 0.0 0.0 0.0 0.0 0.0 0.0 6.959216436442968e-06 0.0 8.3885106351399e-06 0.0 0.0 0.0002958288589795647 5.0531626198485475e-05 3.587105098278563e-05
0.008726705967046234 0.11416104029050665 0.043496683134302654 0.01028474741186736 0.0 0.0005629706633553006 0.13732504145394075 0.010374345658581526 0.2216505801361534 0.03918298150988155 0.04281892606901574 0.003734747749816587 0.03282861650502089 0.2062405812292417 0.0011011554709464007 0.0005429882363746006 9.498198974528955e-05 2.0148934598712133e-05 3.239432733797887e-05 2.0621121426118385e-05 2.609774180890734e-05 7.680570350498224e-06 0.00012768135372048336 7.789576471312975e-05 0.0 6.461033700656122e-06 6.183295749315108e-06 1.66582895939321e-05 0.0 0.0 0.010554111435953698 0.0008130168043041314 0.004408094104757561 2.1450245430096754e-05 5.1578920312512524e-05 0.0 0.001624366482835524 0.0 4.949259165227628e-05 4.860866645825597e-06 4.4196398172986256e-05 3.688632851012005e-05 8.09082670398932e-05 0.00010780162056135276 5.6039782405731264e-05 7.026393753360528e-05 0.006209470274091149 0.00020865555727508358 0.00010081427979342701 2.9945579670714985e-05 2.8586087273611122e-05 0.0 6.852858034552015e-06 2.7812968180439812e-05 0.00013312517284207832 0.00012422709676397677 0.0015290545465382977 0.004009262157434179 0.0005576981651789133 0.0018744072327126814 9.273351714929785e-05 0.00020154291856256076 1.825878441762241e-05 0.0035945106897447045 0.00018650010262176228 1.0100260685996559e-05 2.315796371652946e-05 4.295712226590976e-05 0.00012098692006747422 0.00018030555019032452 0.0010533318342452933 1.8908825785324238e-05 0.0 0.0034209647175275815 0.0016958444637788406 0.0038257564071978814 0.001433981416823746 0.0003377601207254934 0.000412166176027234 0.0013996517518034867 0.00020956390747261703 0.0006440756456477103 0.00044096892681510635 0.0 8.010858259180958e-05 8.381983419097893e-05 3.0897677157218495e-05 0.0 4.640634496241333e-06 0.0 4.505519044499096e-05 7.843502072484715e-06 6.997180835110911e-05 0.00010549264401205621 2.3083482910738693e-05 0.0016337904614560363 2.24050179668831e-05 0.0 9.559721085785577e-05 0.0019270792222387003 0.0 0.0 6.616379959198099e-05 2.8014216704480667e-05 0.0 0.00022173369192270503 8.423257453455038e-05 0.0001590880512493476 0.0004141833096731651 0.00032729598007538377 8.239409514344307e-06 0.0004917918280262904 0.0005184721323075138 0.00021225783298907828 0.000624885257076645 0.0 0.0 0.0 0.0 0.0 0.0 0.0 0.0 0.0 0.0 0.0 0.0 0.0 0.0 0.0 0.0 0.0 0.0 0.0 0.0 0.0 0.0 0.0 0.0 0.00010225159136364826 2.2563037823567395e-05 0.00014131430199098622 6.368994700826863e-05 0.0 0.0 0.0 0.0 0.0 0.0 0.0 0.0 2.3107492498339278e-05 0.0 0.0 0.0 0.0 0.0 0.0 0.0 0.0 0.0 0.0 0.0 0.0 0.0 0.0 0.00011307730722342028 9.75700785932031e-06 0.0 0.0 0.0 0.0 0.0 0.0 0.0 0.0 9.923613030057939e-05 0.0 0.0 0.0 0.0 5.596209651836858e-05 0.0 2.8462888190684063e-05 3.529834906320861e-05 1.7035197332978265e-05 1.5087866007261885e-05 0.0 0.0 0.0 0.0 0.0 0.0 0.0 0.0 0.0 0.0 0.0002552324623647976 0.00014424934766114019 8.482879905603282e-05
0.005800712360544 0.013356649048124988 0.0012873555369619246 0.016097944593560613 0.0005629706633553006 0.0 0.004187951398731261 3.453823492561938e-05 0.00012634972375094732 0.021866891449768267 0.00020347880805823832 0.002451564229677443 0.002701044086649164 0.000524988821886631 2.4285943425332118e-05 1.5843880959617393e-05 0.0 0.0 0.0 0.0 0.0 3.0537884450042016e-05 0.0 0.0 0.0 0.0 0.0 0.0 0.0 7.548481055871216e-06 0.005966870348758073 0.0 0.0008188814988679281 0.0 0.0 0.0 0.0014199302002218925 9.570671158810336e-05 0.0003171903127590656 0.0 5.770114058750463e-06 0.0 0.0 0.0 0.0 0.0 0.00016891379099387224 0.0 0.0 0.0 0.0 4.881209267445224e-05 8.949775599721329e-05 0.0 7.20115186331224e-06 0.0 0.0014812894207276342 0.0015655114345702673 4.487924806258464e-05 0.00010368276608431605 1.320040021164403e-05 2.2240390870841828e-05 0.0 9.084541396771689e-05 1.3403303138632201e-05 0.0 0.0 0.0 0.0 0.0 0.004055390785449427 0.003582082077843172 2.4095030511428262e-05 0.000172294316034198 3.143559668103769e-05 3.734871857524582e-05 3.1471040837974445e-05 0.0 0.0 9.690283973279506e-05 0.0 0.0 4.4235881355049556e-05 0.0 5.045327388234935e-06 1.161086541851347e-05 7.035482337827675e-06 0.0 0.0 0.0 0.0 0.0 0.0 0.0 0.0 0.018075626354168265 0.010227829920466272 0.0007337003239124144 0.0037176937882350083 0.015360931766500094 0.0 0.0 0.00010686868821795739 0.0 3.164971998663562e-05 1.0368004280222311e-05 0.00040875689912327304 0.00013288303878313104 0.000158184763836006 0.00046734083016070755 1.1769299135245395e-05 0.000122454916922706 0.00027275022414366976 0.00015883840651219255 7.255017511825451e-05 0.0 0.0 0.0 0.0 0.0 0.0 0.0 0.0 0.0 0.0 0.0 0.0 0.0 0.0 0.0 0.0 0.0 0.0 0.0 0.0 2.8795745247116146e-05 0.0 0.0 0.0 5.6857008192650925e-05 0.0 3.2955204166144696e-05 0.0 0.0 0.0 0.0 0.0 0.0 0.0 0.0 0.0 5.1789317840438507e-05 2.666453818417054e-05 0.0 0.0 0.0 0.0 0.0 0.0 0.0 0.0 0.0 0.0 0.0 0.0 0.0 7.930207826950746e-06 0.0 0.0 0.0 0.0 0.0 0.0 0.0 0.0 0.0 8.30513552053843e-05 8.620102776272294e-05 0.0 0.0 0.0 1.7444821279273763e-05 0.0 1.1599357204908171e-05 3.5064841237559974e-05 0.0 0.0 1.595491888432766e-05 0.0 0.0 0.0 0.0 0.0 0.0 0.0 0.0 0.0 0.0001377234100214097 8.596516798805675e-06 0.0
0.02891369504692611 0.21040673521282643 0.022754222778882793 0.048462229156473545 0.13732504145394075 0.004187951398731261 0.0 0.0019298335925856023 0.08208182400492055 0.15146275196629666 0.021367892508323213 0.030864661549711642 0.3129942698425152 0.14178864023717697 0.002282341431997903 0.0012959116474321952 0.0002975960123401567 0.00010027716465173053 2.663372998583756e-05 5.454086792300602e-05 0.00011447169611303692 1.920887328261654e-05 0.0002050777682805741 0.00016914742121422162 0.0 2.8442520364054024e-05 0.0 1.9986407920205855e-05 6.375882618201115e-05 7.202432858697778e-06 0.009200505823323334 0.0013599653177808495 0.010943365812791222 7.338420372683246e-05 4.305498460852708e-05 1.0188819475487908e-05 0.0037555178971633674 4.1274557127735586e-05 7.64715960518398e-05 0.0 9.873210373645068e-05 0.00011178319071105922 0.00013938467225818447 0.00010289325699229079 6.27846042974724e-05 0.0001006243652261293 0.011928212519402886 0.00032057217480591126 0.00019044647236669037 6.339827369417078e-05 8.448745890586745e-05 1.816112278156954e-05 0.0 3.146726682849244e-05 0.0003646743435806833 0.00015945808102855454 0.0030631140268425243 0.00593938499696266 0.0012014399071917754 0.003945577369673722 0.0002801200607985279 0.0004266005684289554 3.898606924390504e-05 0.004857966310981418 0.00017987335557209528 1.7885663134976976e-05 5.112966848872353e-05 1.4091074747343448e-05 0.0002849797517291555 0.00022161399197980484 0.0032588761008058393 6.999046991263047e-05 0.0 0.00640753646797166 0.0033968006888187496 0.006880198483468594 0.002627440861754215 0.0005884665022546783 0.0006238534116632432 0.0013559328796674186 0.0003683390654859256 0.001209215720327121 0.00110150724213308 6.7521712786271505e-06 0.00020244053640442272 0.00018952058031169934 9.203779351538562e-05 0.0 5.067998932072495e-05 8.119416031610774e-06 5.644112500210115e-05 0.0 0.00021273519825329608 0.00020096630986636866 5.7024352347325736e-05 0.008586543545959736 0.00019041468345488613 0.0 0.0002284545177110075 0.00383114603450983 4.845514564406946e-05 0.00024536766781966255 0.0020206727773891186 0.004513083262090588 0.00011429601978351837 0.007182704025757821 0.0011801572455195385 0.003570955896995708 0.004656686529615911 0.0033997338306289613 0.00015685569015240331 0.004566493138669082 0.003471671473687715 0.0008245950950990955 0.0020903863692250434 7.244330742993901e-06 0.0 0.0 0.0 0.0 0.0 0.0 0.0 0.0 0.0 0.0 2.581677440077857e-05 3.519212809604526e-05 6.026548071448922e-06 0.0 0.0 0.0 0.0 2.821752571219227e-05 5.291741631359068e-05 3.4228144320780144e-05 0.0 0.0 1.4278405023140709e-05 0.0005709083813418375 0.00021706770097853267 0.0006826559790515568 6.57394021904011e-05 0.0 1.0145753136696391e-05 0.0 7.020419491682915e-06 0.0 0.0 0.0 0.0 0.00022599182742028426 0.0001197194098811329 0.0 0.0 0.0 0.0 0.0 1.1311354694591226e-05 7.393667784761515e-05 5.829430368560214e-06 2.856172813504298e-05 8.039320420782761e-05 2.2212105248037285e-05 0.0 6.825883383462275e-05 0.00041994676722350525 3.528443859428922e-05 1.2704453253633321e-05 0.0 0.0 0.0 0.0 0.0 0.0 5.966526954866318e-06 0.0005093169640858861 3.584629924765601e-05 0.0 1.545721224318208e-05 6.454748006699558e-06 0.0003718091481809705 1.613848292996712e-05 4.7365451620024355e-05 0.0001199120606960639 0.0001121315934503583 0.00011100288818991823 0.0 0.0 0.0 0.0 0.0 0.0 1.8913396397604706e-05 0.0 0.0 0.0 0.001261364152517665 0.00022805205229884423 0.00024468956020609866
0.0013532811979558694 0.01988111796493006 0.08400892780152583 5.054304676503808e-05 0.010374345658581526 3.453823492561938e-05 0.0019298335925856023 0.0 0.03219715333352778 0.000832773962282136 0.10290725468766077 0.0005643205042041757 0.0037332244471524837 0.03847484397632572 0.0015967427524211763 0.00141571666255273 0.0006787447542188945 0.00044869658748949585 0.0005807219490370914 0.0008152646192879169 0.0012339178669325383 0.00018029480383186956 0.0018801442104806757 0.0010852180690256936 2.6402465717289266e-05 0.0001347624830582517 8.79527236061222e-05 0.00010368723504676021 0.00014088122908705446 3.099086827496232e-05 0.04866872324822626 0.0903890756535985 0.030009322314346786 0.0010127342494684098 0.0008203224687950114 0.00011074658175813669 0.004249374686639415 0.0004088051755347946 0.00018457068396795725 0.00015605230948807975 0.0007123020765225385 0.0006091622797806929 0.0019044839230390384 0.003113592937487787 0.0013570158352408381 0.002215929102186615 0.005552346370549732 0.00029543964227514197 0.0005561401781385367 0.0003250667275963913 0.00023521744883225155 0.00010899600354431467 6.925498459684843e-05 0.0001228895555452892 0.00013595036615653068 4.517204730420557e-05 0.0007202503183788583 0.004495164490670422 0.0002893944212324961 0.0013186952768101247 0.007706654044922107 0.011176848422538375 0.0007585255497991667 0.028086556685370665 6.57774980596481e-05 2.5259756636039376e-05 8.507012510250615e-05 0.00017981784516699672 0.0019888364345265665 0.0031197084768791526 0.0012917677196746281 6.272876534558168e-05 1.3692108993828584e-05 0.0023592738363189475 0.003964859003753549 0.00467000993235289 0.0052533335270068746 0.03347147214570345 0.09014454701389978 0.08009927856673799 0.01913612608159142 0.0892934741717852 0.00033195801808561746 0.0 4.452704019650674e-05 3.693307654374636e-05 0.00024342271644853087 0.0 4.4083855726974995e-05 0.00014141118050840264 0.00015934677912544294 2.2248294664232756e-05 0.0016719835997425104 0.0014233905520196018 0.000342610016968327 0.0002469696796115725 5.067523356052844e-05 0.0 4.948117886504788e-05 0.0008024679203637413 0.0 0.0 0.0 0.0 0.0 0.0 1.3090229422271667e-05 1.7824175875092787e-05 4.4693554556599826e-05 2.4280075740396097e-05 0.0 1.5155571021671258e-05 4.026128718466732e-05 0.0 2.264700888626503e-05 9.767329466673739e-06 0.0 0.0 0.0 0.0 0.0 0.0 0.0 0.0 0.0 0.0 0.0 8.724077489502922e-06 0.0 0.0 1.3130820898723192e-05 5.279188395202414e-05 3.0371483668082305e-05 0.0 0.0 2.5658715128851645e-05 0.0 1.843106118246396e-05 0.0 2.1846937027836078e-05 1.85432286650486e-05 7.47445684454904e-05 0.00015182599713133132 3.7046600221850504e-05 0.0 0.0 0.0 0.0 0.0 0.0 0.0 0.0 7.627020075788231e-06 0.0 0.0 0.0 0.00010212493048145058 1.9503227351834973e-05 0.0 1.0154249195970025e-05 0.0 0.0 0.0 0.0 7.414274747817579e-05 0.0 4.320140756731016e-05 0.0 0.0 0.0 0.0 0.0 0.0 0.0 0.0 0.0 4.5147415889290305e-05 4.2715143793446565e-05 0.0 0.0 1.2881475924860723e-05 0.0 0.0 9.012349164437317e-06 0.0 0.0 0.0 0.0 0.0 0.0 0.0 0.0 0.0 0.0 0.0 0.0 5.961887365911249e-06 2.4548364405937726e-05 8.176802498534236e-05 0.00011096512475712555
0.0012416998967851654 0.12211368469043772 0.067059779461347 0.000781290738548382 0.2216505801361534 0.00012634972375094732 0.08208182400492055 0.03219715333352778 0.0 0.01044790595820277 0.07592138123973316 0.0043443502807429665 0.09121325629949582 0.08533880308017856 0.0005528220412038378 0.0002660796844256414 8.60823235733208e-05 4.1613582151017946e-05 1.925850537103595e-05 4.335953685315492e-05 4.77848095753851e-05 8.630224610580176e-06 0.00012499890633757384 1.522251055057899e-05 0.0 1.3779232757315156e-05 0.0 0.0 1.1919213973352693e-05 7.620971910530687e-06 0.0027224209077056968 0.00048129696682490056 0.008503352112093767 3.250122147599665e-05 3.081573909124609e-05 0.0 0.0021417363616593765 4.749372437819704e-05 2.6065709144944696e-05 1.542908272548323e-05 3.2033874425488306e-05 3.354002212385812e-05 2.4535989575616144e-05 2.737693290985124e-05 5.48478665057851e-05 2.0177584812511023e-05 0.002079374019598301 2.119933836793419e-05 6.288054151666012e-05 1.8411817208870537e-05 2.8272832558307455e-05 7.260545966364027e-06 1.4369669980211705e-05 9.65799158361278e-06 5.690597125918882e-05 3.05515464992085e-05 0.00037584055216290406 0.000772375840978244 0.00014328063768711058 0.0006040593885050804 8.593757835545764e-05 0.00015500725633804498 3.0177661286926276e-05 0.0009952688700283737 3.070797833651202e-05 1.2147149728385043e-05 6.371163835725653e-06 7.8712089135685e-06 6.151680783200042e-05 6.041415864004813e-05 0.0010676576402466722 2.3153314273763738e-05 0.0 0.0009261027081994182 0.000547433718225247 0.001346012927639193 0.0005890028254611709 0.00022695164873847877 0.0003543697879872877 0.005498911837143864 0.00011029467044271331 0.0018483389066030744 0.00013073387029784237 0.0 3.216427405089828e-05 4.824478597552127e-06 8.730488689889968e-06 0.0 5.001527199860209e-06 0.0 2.4696794948986963e-05 0.0 7.091847794380492e-05 6.123206641438964e-05 1.7208322562779626e-05 0.0009935446455718456 0.0 0.0 0.0 0.0003072765898950408 0.0 0.0 1.8299306398777707e-05 0.0 9.519448043004797e-06 0.00013646331249379126 0.00010609100732907306 0.00013988434084489428 0.00043082014752129477 0.00037425419340853514 0.0 0.0003124357967358068 0.0003815101812095373 0.00022233760500960881 0.0003218179723797785 0.0 0.0 0.0 0.0 0.0 0.0 0.0 0.0 0.0 0.0 0.0 0.0 0.0 0.0 0.0 0.0 0.0 0.0 0.0 0.0 3.828546849233872e-05 0.0 0.0 0.0 4.894365712400631e-05 9.060641134607243e-06 9.839481920730351e-05 2.5280772221064785e-05 8.640795674929735e-06 0.0 0.0 0.0 0.0 0.0 0.0 0.0 0.0 0.0 0.0 0.0 6.810862130770926e-06 0.0 0.0 0.0 0.0 0.0 0.0 0.0 0.0 0.0 0.0 4.7644099752297195e-05 0.0 0.0 0.0 0.0 0.0 0.0 0.0 0.0 0.0 0.00014058013293685945 0.0 0.0 0.0 0.0 3.18020443407596e-05 0.0 0.0 0.0 6.892256681292304e-06 0.0 0.0 0.0 0.0 0.0 0.0 0.0 0.0 6.143262828341412e-06 0.0 0.0 0.00023132121164560002 0.00010829939358606485 2.8713489784716227e-05
0.08444254179168505 0.2166286537906225 0.008817112812276779 0.17258167518195636 0.03918298150988155 0.021866891449768267 0.15146275196629666 0.000832773962282136 0.01044790595820277 0.0 0.004523243976423593 0.22198443681344487 0.5349023041454934 0.06459713691907841 0.0011530421309519782 0.00042593219586170003 0.00015314561530567524 7.45813483698867e-05 3.8230759616944e-05 1.4357498449562642e-05 2.4111446441362848e-05 5.006542167139185e-05 5.605399056345684e-05 2.707560286130856e-05 7.599903426100691e-06 3.444439190050728e-05 1.2341920668472314e-05 0.0 1.8959559426050893e-05 6.141446615450663e-06 0.014729176212218514 0.0026532458862637163 0.015416467748460717 5.0089267893184166e-05 0.0 1.6791007457954768e-05 0.022652721751239724 0.0003182534860296572 0.00029701432945009737 7.547213026026017e-06 3.493299310198328e-05 6.30379348784352e-05 1.4214652424048415e-05 2.5474885548946032e-05 4.645088574245225e-05 3.1963906664978886e-05 0.01234298072845736 0.0004625398897237092 0.000170860160795117 3.5458775324179904e-05 2.513011419818523e-05 0.0 0.00014869648391473397 2.9159678110633817e-05 0.0005331678109457503 0.0002267738595445065 0.004749532238104388 0.007819889475207913 0.0019112785912099256 0.004671945278592428 0.00013416328579768022 0.0005506292623456851 2.1912983490325227e-05 0.004799849046562935 0.00032694069419002926 6.26733246950902e-05 6.233339830744344e-05 3.120640793618693e-05 6.6709939786997e-05 5.650580126628723e-05 0.03612344550359809 0.00043518164638094647 0.0 0.009035555049050254 0.0033608595310848626 0.005947258585830813 0.0014289883898321325 0.00019310648158548852 0.0001425196963480477 0.0006043746928130011 2.4275184101336837e-05 0.00040165869365025604 0.0016601468061532307 1.3044615614114262e-05 0.00021399294123878885 0.0001936076028313379 3.8903538912049924e-05 7.075759529581366e-06 3.5668739284436936e-05 0.0 6.933851690566097e-06 3.529518339687933e-05 5.342954582180986e-05 0.00011694038218823481 1.1294995813034133e-05 0.04412793977148024 0.006560766400260648 0.0 0.0022445277748509226 0.024763082915928422 3.1575459595030614e-05 9.617762727393479e-05 0.0021284286684896945 0.0057068418796036875 0.000224831488834524 0.009742484110489055 0.005213150501379561 0.0038420415817326265 0.020079589078340204 0.01065867317880391 0.000221244211657594 0.01752254026351196 0.020135816114265733 0.00842584115839445 0.005901913747807747 2.6688641642283193e-05 0.0 0.0 0.0 0.0 0.0 0.0 0.0 0.0 0.0 0.0 6.746338859960853e-06 0.00011633303738211406 0.0 1.0308204096447093e-05 0.0 0.0 0.0 0.0 4.160551136146745e-05 0.0001520976454276857 6.510760178209203e-06 0.0 0.0 0.0006740618894019027 0.00038323352867691683 0.001390906147886669 0.0001758789368312232 1.0565467385105664e-05 0.0 0.0 0.0 0.0 0.0 7.029503667866344e-06 0.0 0.0002125702905829619 0.0001767993392764345 0.0 0.0 0.0 2.847481493193152e-05 0.0 0.0 9.062528398659053e-05 0.0 2.3701579780152194e-05 1.9032479180784787e-05 0.0 0.0 6.795598163164422e-05 0.0009180081943032046 0.0 1.0802760629911803e-05 0.0 1.3200286114889045e-05 0.0 0.0 0.0 0.0 0.0 0.001162678684792572 5.61087352237429e-05 0.0 1.0108261980250843e-05 1.865547342225366e-05 0.0004485768154581913 4.2208617473140476e-05 0.00041199685799869795 6.415955161866088e-05 8.137551658953822e-05 5.075294693483664e-05 9.4073853219861e-06 3.9916909467711226e-05 6.400018905061904e-06 0.0 0.0 0.0 2.1720991843465122e-05 6.487831398051309e-06 6.933365742114174e-06 0.0 0.0043512475327876395 0.0005138166268551247 0.00040234055089808605
0.005255972751427265 0.07104357412540545 0.16168755120571143 0.001102968517133578 0.04281892606901574 0.00020347880805823832 0.021367892508323213 0.10290725468766077 0.07592138123973316 0.004523243976423593 0.0 0.004565862238587894 0.0354038893913663 0.15600892008691958 0.0011680195580424935 0.0005907882674943441 0.00024503031638832713 2.7015811494100776e-05 5.224626082275686e-05 0.00013213783086795929 0.0001201594209050112 0.00017005664373330903 0.00036085759293563675 0.00023673005700006175 1.4570807519227257e-05 5.530901810249763e-05 0.0 5.220515020607015e-05 0.0001650882989815288 2.1960829964529086e-05 0.05863360236735823 0.03221907276867099 0.08128542916647119 0.00015090779208589672 0.00020003565323461366 3.355933351826131e-05 0.018394443774819125 0.0006137352300073893 0.0002196074848907359 0.00016497135188215344 0.00018965319341415608 0.00024776902073214794 0.00016010256329118043 9.1098748179031e-05 9.901368363670513e-05 0.000180113223513902 0.004215492307867029 0.00018956884220181565 0.0001541108961535959 9.058632305649206e-05 0.00012872580993704088 0.0001273300498118779 1.8699760077701918e-05 4.3008546192004086e-05 7.560306510317532e-05 5.892833364822797e-05 0.0014313637081989274 0.005140718389434394 0.0004365873785624953 0.0013718042802457167 0.00047506849290958347 0.0025386351824437272 1.863323440884182e-05 0.006669619920295957 7.893410326913352e-05 1.1758546553331086e-05 3.20221328321569e-05 3.493230437248045e-05 0.0002491567292567602 0.00025900181151298465 0.007145408780701288 4.408323493690355e-05 8.43664546296091e-06 0.003090428740717395 0.0021391270082880636 0.0029873236794360518 0.0016304249551790185 0.0016187529738336964 0.010157681376760309 0.04391868974729232 0.0005285799358262582 0.016942078742392612 0.0003633252386558778 0.0 0.00010110349276659006 6.446045484161559e-05 9.266792136899087e-05 0.0 5.0414900550539104e-05 5.6985698959844156e-05 6.527173048276266e-05 8.08329870381959e-06 0.00019943877369403324 0.00033078503757940465 0.00019259048834624815 0.0009425645076226137 0.0001325195348196878 0.0 6.393209455137786e-05 0.00269492736843087 0.0 0.0 2.4648811040055504e-05 1.337293006383301e-05 2.4695622345518666e-05 5.028053969324462e-05 9.379196162801683e-06 5.540572962375442e-05 9.600869250677112e-05 8.237412509959058e-05 1.9276800267076527e-05 0.0002570492291434308 0.0001887625702219964 0.00011509585463186992 0.0004498479243599092 0.0 0.0 0.0 0.0 0.0 0.0 0.0 0.0 0.0 0.0 9.784144216629168e-06 0.0 3.617089673627024e-05 1.1901406581628879e-05 8.890786332701104e-06 0.0 2.7132519508912286e-05 0.0 0.0 0.0 1.4865522030467132e-05 0.0 1.6602515469743087e-05 0.0 9.500463795115452e-05 2.6161689928347955e-05 5.245473582036131e-05 8.914531993762543e-05 7.590774129836882e-06 1.0679969702194631e-05 0.0 0.0 0.0 0.0 0.0 0.0 0.0 2.1194211274662367e-05 0.0 0.0 1.832509537713448e-05 3.090354691664097e-05 1.1698865133905375e-05 0.0 1.846098616818902e-05 0.0 0.0 0.0 0.0 2.967157890672141e-05 2.051394100896991e-05 4.1703012743441715e-05 1.2604081819649515e-05 0.0 0.0 0.0 0.0 0.0 0.0 0.0 0.0 0.00010094519441009932 3.6498992327668064e-05 0.0 0.0 0.0 9.439234601346179e-05 2.7360974404179833e-05 1.519491365727728e-05 0.0 0.0 0.0 0.0 0.0 5.925986821954543e-06 0.0 0.0 0.0 5.909867024961313e-06 6.2310877682495436e-06 0.0 0.0 9.203285053278663e-05 0.00010730351561880792 0.0001040165613272471
0.0019486768443727272 0.007601823297449214 0.002788226153058915 0.0051407199053653705 0.003734747749816587 0.002451564229677443 0.030864661549711642 0.0005643205042041757 0.0043443502807429665 0.22198443681344487 0.004565862238587894 0.0 0.11015345140528926 0.014387168068598289 0.0010696415235050918 0.000556293830682613 0.00013434627935954472 7.643915212093761e-06 1.106255479204463e-05 0.0 3.0257223547286888e-05 7.838494054735357e-05 0.00011449036752836898 0.00011133995852833902 5.9497604367209566e-06 9.648928152293895e-06 1.607877194910944e-05 2.706595649929602e-05 7.227641603193283e-05 0.0 0.002511394679172787 0.00024665226658817117 0.006135788495654878 1.8090913862009817e-05 3.3830492754434085e-05 9.622497120379511e-06 0.014114608533323981 0.0004439683733613696 0.0002223690324421484 8.770753434724936e-06 6.921824492312094e-05 3.122524634767854e-05 1.1785652311964735e-05 2.4476171240084447e-05 2.2206198666480247e-05 1.88710753180719e-05 0.0024052849636062475 3.615823251508829e-05 2.3962609817590178e-05 3.285750415209243e-05 1.1185154867008004e-05 3.2437709517333044e-05 4.892464704876061e-05 5.405672583016356e-05 1.358275607074083e-05 5.743086611980461e-06 0.0003521433163573872 0.00031726376565681825 0.0001209550232823743 0.000460710100356359 5.970550888103908e-05 0.0002644172609950737 1.5426285799121193e-05 0.0006933082668065052 2.237997684089311e-05 0.0 1.5491084976629697e-05 6.909622726022963e-06 4.457603126861177e-05 2.3870272351022306e-05 0.023232286100531796 0.00016191257969089138 0.0 0.0005979344584321574 0.0002716655804568977 0.0012099384760753972 0.0008807310169864437 0.0001502806649769476 0.0002583959115866794 0.0016717252250477335 4.9385462060045935e-05 0.0006652947834329861 0.0001427383773003858 0.0 1.7351581411098266e-05 7.508829321783494e-06 5.854044150340623e-06 0.0 6.039630820273039e-06 0.0 2.3442734695572206e-05 0.0 8.823368582803487e-05 0.0001111639425016636 3.0087875438697203e-05 0.05681899656570574 0.004397087250445437 0.0 0.0010758940194549283 0.002231890668762785 1.8062516216936738e-05 1.8256244727580716e-05 0.0004506923155469481 0.00029530857777682333 0.0003001207054006481 0.0012705434200484327 0.0014684523714860577 0.001739200356796538 0.004527797282819432 0.003693496704918325 0.00023189046369420348 0.004219398700702117 0.0072359213863630025 0.002339026223067198 0.006198318968100995 2.6618461246912214e-05 5.923833505014968e-06 0.0 0.0 0.0 0.0 0.0 0.0 0.0 0.0 0.0 0.0 0.00014194128596037 6.5589245674621885e-06 0.0 0.0 0.0 9.009849408259869e-06 0.0 3.372591166881287e-05 3.163184413685881e-05 0.0 9.604897177301122e-05 0.0 0.0014159083046486227 0.0003136025252584679 0.0014526175492901644 0.0002017534825680247 9.612142580553617e-05 0.0 8.027131983069101e-06 0.0 0.0 3.426503543201879e-05 0.0 0.0 0.000152503718371793 0.0001437953649709922 0.0 0.0 2.2097141357712233e-05 1.4929694194444808e-05 2.170415479278032e-05 1.189262942944069e-05 3.747289733440092e-05 0.0 3.7064203276658563e-05 2.101752830059185e-05 0.0 0.0 4.7869315855587946e-05 0.001307578557176758 0.0 2.334520012181467e-05 0.0 0.0 5.095835947181292e-06 0.0 0.0 0.0 0.0 0.0018574278639591614 3.005947312602961e-05 2.7798417213827655e-05 0.0 6.354007314126881e-06 0.0003402056617553205 0.0 0.00017019408675885298 0.00016138392482357715 4.9733951409154476e-05 7.017301953439375e-05 1.0531596207522889e-05 1.218009879673888e-05 0.0 0.0 0.0 0.0 0.0 0.0 0.0 0.0 0.0037579282927623072 0.0009121996130421317 0.0002693366514968835
