0.0 0.10233679228184912 0.03585834534390766 0.04478311548054398 0.002382708767660039 0.004127980784461751 0.04605327797948296 0.0018628461299099528 0.0010542198708499947 0.06499162143461014 0.0031175977465709545 0.006739015516599912 0.03765186918047471 0.004611602705383727 0.000938758644367437 0.00021645939461197193 9.411564908487441e-05 2.5445030996598152e-05 5.844167246582261e-06 5.308978251918964e-06 3.128835360563368e-05 2.342237841127112e-05 3.0866396594106465e-05 4.512651550576664e-05 5.014557139318561e-05 0.0 0.0001064022097053207 2.065201570351395e-05 1.2988760365934783e-05 2.6038932832400013e-05 0.037957349794914726 0.00017931861116141068 0.002001128344971774 5.8711914354218e-06 2.099491959053736e-05 9.477583127190468e-06 0.0004105031466266494 0.00010913074547730793 0.00035504375348020134 0.000113672687520386 2.179974806377467e-05 1.106002473555532e-05 0.0 9.97991709039887e-06 5.445486739717438e-06 2.404997675658254e-05 0.01012066010271517 0.0006671615734688005 0.0001332425682379985 1.3998330770880343e-05 0.00010542244489540042 3.954879928367766e-05 6.620676349864103e-05 1.1756909162217865e-05 0.001412048339030681 0.0006526946879175972 0.02277519486275871 0.029914707800583893 0.002844989816194608 0.007663073925336904 3.247682708955625e-05 0.0001872813863472348 8.311110239715989e-06 0.0014234378919435815 0.0007211243615608619 0.0005697372558425785 0.0001179648511786247 0.00011791075962122069 2.4239114483538602e-05 7.723184056582701e-06 0.001111453404100086 0.0007888714164107433 6.386449037651913e-05 0.026939423493442426 0.0033074677353129743 0.007329791844354959 0.00028520013025459573 5.136473249700299e-05 8.27211684175091e-05 0.0012789843242212043 0.0 0.0002798142425935425 0.0032570805201738657 5.904230770580785e-06 0.0004681643524094232 0.0007639464014747233 4.4193494854441355e-05 6.615624058753017e-05 0.00018415673715568967 2.9188437748060537e-05 0.00012299698683663186 2.803931995052708e-05 6.292303546111273e-05 3.686852159356905e-05 4.8498123762060586e-05 0.001750695448707033 0.0008968335173763604 0.00012999597529051606 0.0001899457196606116 0.08529238104324131 2.4984496060313076e-05 0.00048155572263719395 0.0003539467994233272 0.0008584167925368255 1.7246262289836494e-05 0.0010779858050568194 0.0015693073949890654 0.00010094231673492763 0.001145656137960762 0.0018553868824487583 4.249766276175491e-05 0.0008765936974336225 0.0008739721799770339 0.0006524695161835817 0.0006251691092763976 0.0 0.0 0.0 0.0 0.0 0.0 0.0 0.0 0.0 0.0 1.368526512696691e-05 0.0 4.555644707527878e-05 0.0 0.0 0.0 0.0 0.0 0.0 5.777332878419325e-05 8.234517832952765e-06 0.0 0.0 0.0 0.00021229176549316807 0.0 0.00019026817689470345 5.909436507690076e-05 4.4240903559535125e-05 0.0 0.0 0.0 0.0 0.0 0.0 0.0 0.0 0.0 6.3052861623182955e-06 0.0 0.0 3.485173618501618e-05 0.0 6.1315409541457165e-06 0.0 0.0 5.985567154687252e-06 0.0 0.00015771443670993884 4.594214470264557e-05 0.0 0.00017376709608047698 0.0 0.0 0.0 0.0 0.0 0.0 6.495181114207161e-06 0.0 0.0 0.0007256505977688597 9.750495839549102e-06 0.0 0.0 0.0 0.00010076804915739951 0.0 0.00016875182368481195 7.101199602097826e-06 9.903438425350174e-06 0.0 0.0 0.0 6.389286524821864e-06 0.0 0.0 0.0 0.0 7.136534308245737e-06 0.0 0.0 0.0010651108053623603 9.01192665425977e-05 9.915568979204095e-05
0.10233679228184912 0.0 0.1423807743243787 0.1225059829847057 0.13993873905059484 0.0019799843684440996 0.20234652621892077 0.02281443471216348 0.19864860187552313 0.08460227127635644 0.08638956202694732 0.00425805979173045 0.052695377086817034 0.09262544805604318 0.005597574607612318 0.0011875675137891862 0.0002938700234618974 4.871490283197388e-05 0.0 4.2178165445150786e-05 7.082812885337717e-05 2.1790020514272867e-05 0.0001557020203523369 0.0003228641176932344 0.00017007122599353724 6.018277428747138e-05 0.00013272132418816864 5.630095282132823e-05 2.635609212487226e-05 7.146466013593473e-05 0.07504616745647341 0.0003638516511947967 0.005823816693814615 9.556003826698252e-05 0.00013488942767701648 0.00010731163421670249 0.002226600366592081 0.00026885311838509334 0.0006121634013949988 0.00021371531255925377 0.00024418143047009 0.00011746978773325159 4.043450285517921e-05 5.5601208527760236e-05 7.4980913098689685e-06 7.47848297549995e-05 0.02848543931509825 0.0015046556734569754 0.00019996997916905024 5.367426696229457e-05 0.0001599316739865508 0.0 8.756391253603056e-05 5.658238668379991e-05 0.001869933943270732 0.0008061822971589792 0.010326377559721558 0.027238217504201932 0.002557522574501327 0.00959747312744939 4.690077619669104e-05 0.000536437838668531 7.863682930207505e-05 0.01456432823627343 0.001175729991766546 0.0010831420300291704 0.0002765183563039465 0.0003031821692653136 0.00016243969880190798 0.00016403597003364562 0.003515993375200368 9.891623399437654e-05 2.6110224664633633e-05 0.032102761570888316 0.017183445979384596 0.021458129989973214 0.002527065448504923 0.00021628035883432796 0.0001822741064133431 0.0014051957098342883 4.630307138560082e-05 0.0010110728992931684 0.005475694098913807 0.0 0.0010030710280258866 0.0010467788578706998 9.405889196932724e-05 0.0 0.00018464162598343304 2.12129671965168e-05 0.00017343547526621792 6.135411963829995e-05 0.00026235413113610573 1.8985448406126753e-05 5.923593717732357e-05 0.0017036473522406795 0.00016935978262741568 2.9966067207230436e-05 0.00018177786237109973 0.03435187069978748 2.543971199169815e-05 0.00020760602390775774 0.0001350006360054817 0.00015540108821113666 3.1983309688969444e-05 0.0006498740081922957 0.0005743442244451152 8.126274687795368e-05 0.0006442846076419495 0.0007244962710220669 5.0570450408295654e-05 0.00048160156792029506 0.0004808423393429414 0.0007318643308028811 0.00038812273552542856 0.0 0.0 0.0 7.1592120891608474e-06 0.0 0.0 0.0 0.0 0.0 0.0 0.0 0.0 8.67775823622816e-06 0.0 8.428263679093064e-06 0.0 8.095474379350054e-06 0.0 0.0 1.6448620081312607e-05 1.3659375195780532e-05 0.0 0.0 0.0 0.00029851260269955613 0.0 0.000468591966491502 9.372260669160866e-05 5.823266627298376e-05 0.0 0.0 0.0 0.0 0.0 0.0 0.0 0.0 0.0 0.0 0.0 0.0 0.0 0.0 0.0 0.0 6.592810472337092e-06 5.920873921642017e-06 0.0 4.886146903619549e-05 0.0 4.5638766061419045e-05 5.194941230203426e-05 0.0 0.0 0.0 0.0 1.1808320417182439e-05 0.0 6.8574321509217876e-06 0.0 0.0 0.00044506959805494246 3.216563028520227e-05 0.0 0.0 0.0 0.00015399692199599091 8.789675554713877e-05 5.314864912227561e-05 0.0 2.8284975724797012e-05 0.0 0.0 0.0 0.0 5.325110091846853e-06 0.0 0.0 6.4774753206463536e-06 0.0 0.0 0.0 0.0004424187641980171 0.00017584136002193301 0.00025704538879292804
0.03585834534390766 0.1423807743243787 0.0 0.005311865089301885 0.056122820343520285 0.0002121635943783606 0.026336310245396243 0.12726344097015474 0.12702948013740253 0.0055882602222556066 0.23884724875087993 0.005307720622946029 0.0212872463400875 0.18719157471885525 0.0038681498084219435 0.0018851064455580973 0.00036006201738827487 4.3084019203911366e-05 1.4327890543145708e-05 0.0001743465395539841 0.00017950014557070005 7.008722006420989e-05 0.0014789076276873205 0.0017965501181324804 0.0010499263322861234 0.00016978276647386565 0.0015068108530435103 5.177066983057081e-05 0.00010730841364111909 0.00026962605073271905 0.26520851341923773 0.020744471961561095 0.015972642237084764 0.0004974464153859968 0.0012672576982638963 0.0003320806951805144 0.0036367899532683172 0.0007910512337164408 0.0018423535737712167 0.0007514057887298309 0.001476406113531956 0.00040651325157475663 0.00019409153090692546 0.00010496435698572357 6.575119844338221e-05 0.00017317111951154913 0.012369391841871354 0.0005305160469144426 0.000192130476305579 0.0001503881180320267 0.00016940613290266596 5.7036624225807275e-05 0.00025488978741420145 0.00012229761378338208 0.0005606860651271998 0.0002648256185320003 0.0038551787322597063 0.01435652000355673 0.0008139794649350387 0.0033785484550257153 0.000542724723422451 0.004067068025328944 0.0006056933814224739 0.030288934582886576 0.0003687286041871251 0.00033349310977629117 0.0001337792606243052 0.00015407357337993938 0.0010958772624830517 0.0017171350406373711 0.006534279698508819 4.0315208859924645e-05 2.6351764673900262e-05 0.012463590184868763 0.00869431668183358 0.010327861144509128 0.0027327866953220548 0.000654345684184899 0.002902572574422191 0.028499517353535075 0.00010627226611546185 0.01635272450656753 0.0015515504339807648 0.0 0.00032086729658849044 0.00038515861117407085 0.00020488012420532103 0.0 7.634131034360638e-05 0.0 9.36965514136706e-05 2.3452682679461428e-05 0.0019306156318978276 0.00013864366569387723 0.0002020402305555773 0.0019405634316981705 7.37804756714617e-05 0.0 0.00033764561756604753 0.011550444215200328 0.0 3.77036285324781e-05 3.526865064719953e-05 8.11628490045174e-06 8.765806434655534e-06 2.3861120224420714e-05 9.398144597312303e-05 0.0 0.00012512238294458625 0.0002657521953992486 3.158871124585919e-05 0.0001400130053545163 0.00021956751755366238 0.00023091899384787966 0.00023115610424926397 7.723347297006326e-06 0.0 0.0 0.0 0.0 0.0 0.0 0.0 0.0 0.0 8.971099697730014e-06 0.0 9.551593175768403e-06 0.0 1.4100556136808243e-05 1.4649844364834338e-05 1.9402709359273793e-05 0.0 0.0 6.482231935957881e-06 8.823980055814126e-06 0.0 0.0 0.0 0.0002725572974095954 4.512606317181861e-05 0.00041919715676350415 0.00017105435513593018 0.00011174869534076775 0.0 0.0 0.0 0.0 6.548130725860661e-05 9.316412170874849e-06 0.0 0.0 9.155602449819252e-06 0.0 0.0 0.0 0.00014675199815278848 0.0 0.0 0.0 0.0 6.515054319328053e-06 0.0 0.0 4.7657679387881125e-05 2.322569581725167e-05 0.0001199486293735213 0.0 0.0 0.0 0.0 0.0 0.0 0.0 0.0 0.0 0.0003934205618235041 3.312423755647521e-05 0.0 0.0 3.8677450337814575e-05 0.00011250567225343951 1.485138309816552e-05 7.088479855631033e-05 0.0 0.0 1.3363607770950868e-05 0.0 0.0 9.646608580792339e-06 0.0 0.0 0.0 6.642178062514324e-06 6.628940317322641e-06 0.0 0.0 0.00019517789961220083 0.0002227627866587942 0.00041096168055129
0.04478311548054398 0.1225059829847057 0.005311865089301885 0.0 0.00184489980685076 0.010453429414984764 0.06868165951940096 2.199709257138281e-05 0.0007413568462161766 0.10547386146305088 3.636911332001756e-05 0.0630401137761937 0.1438970355731201 0.00914955065549812 0.0001596274596596717 0.0 2.179008107120421e-05 0.0 0.0 0.0 0.0 0.0 0.0 0.0 0.0 0.0 0.0 0.0 0.0 0.0 0.0022909373084558093 1.4297985424120257e-05 6.083287506188802e-05 0.0 0.0 0.0 0.00018284316253008767 0.0 1.3616307106209056e-05 7.0190591272595215e-06 0.0 1.296561603335732e-05 7.52021881258187e-06 0.0 0.0 0.0 0.003028114082420246 9.525396721193022e-05 1.860497447231585e-05 1.4637590801422484e-05 5.9287970325643934e-05 1.9929840069412313e-05 0.0 0.0 0.0002980145535341768 0.000170346895889309 0.003467487476981487 0.003914288987475392 0.0005179076167254295 0.0016364219284784075 0.0 0.0 0.0 0.0002523292628988616 9.582054523372793e-05 0.00013099256492229164 3.1639680171933946e-05 2.2100397957016663e-05 0.0 0.0 0.00029691395763610984 0.0002825504432932918 3.4075188325298276e-05 0.005414654483014895 0.0008039492734802385 0.0013656281995119896 1.8630126662103863e-05 7.585759842665911e-06 0.0 8.324227924209009e-06 0.0 9.118194063709336e-06 0.0007584499958342221 0.0 9.443061726959604e-05 0.00018722579245135138 6.165195337094347e-06 0.0 6.874612099685729e-05 8.006850100201902e-06 2.7125730175432872e-05 0.0 2.363813538549974e-05 1.3610942288674043e-05 0.0 0.0009057590050668203 0.00018752246296433115 2.2760829217338486e-05 6.754766457115724e-05 0.018572384158377465 1.4404822595306465e-05 0.0002507182800188816 0.00013799583659425893 0.0008046441679534791 2.2099850838306527e-05 0.0021107039669426672 0.0006674377025440866 5.092663416707167e-05 0.0019572517461187984 0.0006893961987603411 9.696165108595363e-05 0.0006542082736621145 0.0006348702217283092 0.0003126924062696305 0.000285875139411329 0.0 0.0 0.0 0.0 0.0 0.0 0.0 0.0 0.0 0.0 0.0 0.0 0.0 0.0 0.0 0.0 0.0 0.0 0.0 0.0 0.0 0.0 0.0 0.0 0.00013857432695432487 0.0 0.00018565208999805246 1.014047194576082e-05 0.0 0.0 0.0 0.0 0.0 0.0 0.0 0.0 5.735112111962847e-06 0.0 0.0 0.0 0.0 0.0 0.0 0.0 0.0 0.0 0.0 1.2500351337443312e-05 9.887066674657765e-05 1.7927446673820737e-05 0.0 6.69800060030716e-05 0.0 0.0 0.0 0.0 0.0 0.0 0.0 0.0 0.0 0.0003509776493732499 0.0 0.0 0.0 0.0 6.10432214059466e-05 1.2070523504587481e-05 2.2994957058208675e-05 0.0 6.4449804712874475e-06 0.0 0.0 0.0 0.0 0.0 0.0 0.0 0.0 0.0 0.0 0.0 0.0003314091899004869 6.67452820713642e-05 4.7742420124693116e-05
0.002382708767660039 0.13993873905059484 0.056122820343520285 0.00184489980685076 0.0 0.0001338843068900697 0.1394570414367485 0.017710643449063982 0.287021935137006 0.007457855258923362 0.03871525649765713 0.000624112705193915 0.04794228949352327 0.0851775246425384 0.0011141691439291897 0.0003056323116593646 1.4318532654216103e-05 6.436586754021231e-06 0.0 0.0 0.0 0.0 3.309050155331476e-05 5.922321021668322e-05 9.143847032990452e-06 0.0 1.6965722037038636e-05 3.6332200447580636e-05 0.0 8.582433727563364e-06 0.003439443429377659 6.853009704554874e-05 0.00017214486856821946 1.684315375483543e-05 3.526812301202382e-05 0.0 3.656990851954825e-05 1.6802388934983056e-05 9.029466047904883e-06 2.3229444028010822e-05 3.3904514143417835e-05 6.2107889139938515e-06 6.547203204305283e-06 0.0 0.0 1.5602460712560357e-05 0.004426786444268522 0.0001739336860922748 2.2609522195265703e-05 1.1820260137715323e-05 6.973342962067697e-05 0.0 0.0 1.6792783552507956e-05 0.00012161719241673277 7.986951303195243e-05 0.0005442530650480997 0.0017085290007648063 0.00012407156589724764 0.0009091865995225965 2.1021674169386916e-05 2.882681387052182e-05 9.05918738980826e-06 0.002211983989673581 8.317637434383595e-05 6.300363831647693e-05 2.6810254365651967e-05 3.225814495225273e-05 6.298970179695574e-05 2.6231570223405722e-05 0.00038249969902250417 0.0 0.0 0.0023674714399675436 0.002676789451835457 0.003463602283284141 0.0008468893925646535 3.148603933838538e-05 4.276222440999027e-05 0.00010485444457558919 1.2173051128590075e-05 0.0002153095943641513 0.0005057425401548244 0.0 7.839454733875399e-05 7.533723745486277e-05 1.9586035200566923e-05 0.0 2.160281850279175e-05 0.0 2.6062917063286108e-05 1.8078794242708415e-05 4.417358004934154e-05 0.0 1.46043171372683e-05 0.0003272358626377346 0.0 0.0 0.0 0.0002588479927606312 0.0 1.8505566320150456e-05 0.0 2.6381910440905053e-05 7.576750972293647e-05 0.0 0.00010701806263886156 0.0 9.209368579540067e-06 0.00012964773502138633 2.8717920923162012e-05 6.503295848323588e-05 9.83833298390619e-05 9.4797840820247e-05 0.0001604228581022438 0.0 0.0 0.0 0.0 0.0 0.0 0.0 0.0 0.0 0.0 0.0 0.0 0.0 0.0 0.0 0.0 0.0 0.0 0.0 0.0 0.0 0.0 0.0 0.0 0.0001226033125449521 3.6419755765245076e-05 0.0 2.656378554875599e-05 0.0 0.0 0.0 0.0 0.0 0.0 0.0 0.0 0.0 0.0 0.0 0.0 0.0 0.0 0.0 7.411426968968294e-06 0.0 0.0 0.0 0.0 2.9248450193603925e-05 0.0 0.0 5.0154483793733334e-05 2.1538051021682863e-05 0.0 0.0 0.0 0.0 0.0 0.0 0.0 0.0 8.956516324865674e-05 9.134470713690437e-06 0.0 0.0 0.0 5.078071723847047e-05 0.0 5.2599970676219046e-05 0.0 0.0 0.0 0.0 0.0 0.0 0.0 1.4362011477756692e-05 0.0 0.0 0.0 0.0 0.0 2.359747904154177e-05 5.00405777856223e-05 0.0
0.004127980784461751 0.0019799843684440996 0.0002121635943783606 0.010453429414984764 0.0001338843068900697 0.0 0.0013713913626477142 7.43635852089341e-06 0.0 0.03405312601501816 1.0201886152619308e-05 0.0037343729242622567 0.0054086227035494445 0.0006205741156753886 0.0 0.0 0.0 0.0 0.0 0.0 0.0 5.048091408910326e-05 0.0 0.0 0.0 0.0 0.0 0.0 0.0 0.0 0.0003785915916355019 0.0 6.610781031333373e-05 0.0 0.0 0.0 0.00019716710002207167 1.0859393303030262e-05 0.0005244824581132 0.0 0.0 0.0 0.0 0.0 0.0 0.0 2.2426867219455466e-05 1.0782827225367627e-05 0.0 0.0 0.0 0.0005377011505145358 0.00014994162861773925 1.2941688146746477e-05 0.0 2.1446951807079805e-05 0.004926418003863847 0.00046877352459698187 5.391835931457182e-05 7.933385064006065e-06 0.0 0.0 0.0 0.0 0.0 6.684748005502748e-06 2.377732838839377e-05 0.0 0.0 0.0 0.004276002273900451 0.011834767257291713 0.0013120719211481423 3.752808609989965e-05 5.526598799886928e-06 2.6608260665462688e-05 0.0 0.0 0.0 0.0 0.0 0.0 1.0739499004282378e-05 0.00019617744284247993 0.0 3.67053069724661e-05 0.0 0.0005731341289772111 0.0004041455287440101 0.0006419165235759431 0.0002690455762116331 0.0003667901457464819 0.0 1.0775035917922773e-05 2.1232260108260816e-05 0.003290919369013844 0.010807630752567729 0.0013888799163793483 0.002521604269621258 0.00879097933228115 0.0 1.4529555129577692e-05 7.499529931924885e-06 0.0004773192787279394 0.0 8.691943723724469e-05 0.00011748246993442092 0.0 0.00010588263386730377 0.0001341963830863832 0.0 2.5572808754642936e-05 8.060195069629774e-05 2.0081896944269728e-05 5.696324396931532e-05 0.0 0.0 0.0 0.0 0.0 0.0 0.0 0.0 0.0 0.0 0.0 0.0 9.741953626155592e-06 0.0 1.4787516072296614e-05 0.0 0.0 0.0 8.809215222788569e-06 8.498192190498446e-06 0.0 0.0 0.0 0.0 3.214027799424982e-05 0.0 1.5939640653116777e-05 1.733034005989578e-05 3.216183836813615e-05 0.0 0.0 0.0 0.0 0.0 0.0 0.0 7.5009032578113465e-06 0.0 0.0 0.0 0.0 1.538242789239688e-05 0.0 0.0 0.0 7.747284662093379e-06 1.811520475590619e-05 0.0 0.0 3.90497169643914e-05 0.0 0.0 0.0 0.0 0.0 7.313124639027436e-06 6.578084079798384e-06 0.0 0.0 1.7087031788233928e-05 0.0 3.2708361514018895e-05 6.572980446941158e-05 0.0 0.0 0.0 0.0 0.0 0.0 0.0 0.0 0.0 0.0 0.0 0.0 0.0 0.0 0.0 0.0 2.0397196349076722e-05 0.0 0.0 7.584643278168342e-05 2.009309313100212e-05 3.598518448162801e-05
0.04605327797948296 0.20234652621892077 0.026336310245396243 0.06868165951940096 0.1394570414367485 0.0013713913626477142 0.0 0.002530014935982684 0.18708803494208956 0.1599050540784178 0.016236267548255294 0.012151611416232493 0.23256365108037796 0.237498405823228 0.003415309144208096 0.0008410926861547843 0.00011121075600825745 2.2728328575577455e-05 1.9757675133856793e-05 7.716309001838179e-06 2.2714148775166872e-05 0.0 6.90797038556919e-05 0.00010731021507818106 1.765308849384003e-05 0.0 4.4220142010560524e-05 2.0961610118806386e-05 7.746747548441467e-06 1.2765632823288646e-05 0.004665617974745401 0.0002005959919759245 0.000351247112973432 5.572384737195301e-05 2.8405650944668224e-05 1.8659832733128894e-05 0.0005329596165118237 1.0963757645089609e-05 0.00014561088176892254 4.256897039144889e-05 0.00010251568217573916 2.1868936727453645e-05 7.466240996892357e-06 2.690381429799562e-05 3.0154966392535212e-05 1.3185299729647057e-05 0.014185778051624544 0.0006369231438274137 0.00013391872429035327 4.736626468996002e-05 6.744763557880007e-05 0.0 4.348182295172674e-05 2.3171529485201976e-05 0.0004681593003816031 0.00015603277862526085 0.0021760511806185804 0.004893055474782535 0.0006909766635798341 0.003260519237621475 2.1355595620455045e-05 0.0001109460290132704 7.560911543356845e-05 0.004689134925179642 0.00037234599986319186 0.000334535508357009 8.87772127820579e-05 0.00013879286164866512 4.660399826098095e-05 0.00011782181412704541 0.001214669866882792 2.3765433953913894e-05 1.036481273336187e-05 0.008788876726642657 0.006260397707694445 0.009360443123026842 0.0018997987287469994 0.00019942975289086325 0.00010606785435067495 0.00033667982297689724 1.334394361888861e-05 0.000450173781716952 0.0017483023804309 1.0423219103769631e-05 0.00023456533837003867 0.00037452964647327863 6.150955190385226e-05 6.401964513335128e-06 9.770932540080698e-05 0.0 5.7093023792168516e-05 2.1329576150093795e-05 8.362893682846419e-05 2.4759324326297587e-05 3.9765941168597006e-05 0.0048351549332627955 1.0788875546353813e-05 1.2519762203557948e-05 0.00017568156397124992 0.002412295894340277 6.085358869189956e-05 0.00034355522210605756 0.0016905600573221369 0.0012018638136242867 3.2549807143719337e-05 0.002656934886664614 0.0012096562210989615 0.00024814163946107416 0.003947615425678788 0.0017846069937734713 0.00010471998975763624 0.0013800759701361688 0.0012656020865052622 0.001131884494426927 0.0017091607022371531 1.647858470410538e-05 7.1418696371881e-06 0.0 9.358287025607855e-06 0.0 0.0 0.0 0.0 0.0 0.0 0.0 0.0 0.0 0.0 8.580962036157115e-05 0.0 0.0 0.0 0.0 6.901584051589708e-05 1.9609423340615792e-05 0.0 4.277879383956987e-05 0.0 0.0009251395174145558 0.00011117112913213235 0.0010927385635568529 0.0003254092381049865 5.0308960839516444e-05 0.0 0.0 0.0 0.0 3.5304307621538586e-05 0.0 0.0 1.3536980685641181e-05 7.576118968563228e-05 0.0 0.0 0.0 3.506418991028552e-05 0.0 3.252637055812539e-05 1.5097281100160824e-05 0.0 1.4346862766444614e-05 2.7150526395780984e-05 0.00014112146733467385 0.0 0.00010799946722516622 0.0003620721531191841 7.684463428099675e-06 1.0958845688084635e-05 0.0 0.0 0.0 0.0 0.0 0.0 0.0 0.0017797741156955202 0.0 0.0 0.0 0.0 0.0005349412520445149 0.0 0.00029735573203506474 1.3784487922264194e-05 6.586505074012805e-05 1.7757702435772918e-05 0.0 0.0 0.0 7.439189952370229e-06 0.0 0.0 0.0 8.063619853717356e-06 0.0 0.0 0.0013523835139693928 0.0006439619445142912 0.0008300323502092598
0.0018628461299099528 0.02281443471216348 0.12726344097015474 2.199709257138281e-05 0.017710643449063982 7.43635852089341e-06 0.002530014935982684 0.0 0.009747496110881613 0.00012213942328125255 0.2398019571973535 0.003348919880548756 0.00920905219800922 0.110880071455762 0.003556395333707479 0.0032180183411195857 0.00044479821401016375 8.182298379916665e-05 4.754077502179557e-05 0.00035701611274417466 0.001004898209155821 0.0001160537118127476 0.00445490567251274 0.004953024121340522 0.002325450657774298 0.0005679743982851172 0.0037436839684561046 0.00014286926938583921 0.00027817950507243346 0.0006380248724033879 0.19544837202819582 0.24670867029886095 0.02651270192574694 0.0016523302132790563 0.003479582663481174 0.001525338052932447 0.003797433325486683 0.0015927595879472558 0.0028369068096975483 0.0015590812855373268 0.003908005697696866 0.0014179122552090294 0.0013460670374127444 0.004206895683820406 0.00018015691287338458 0.0022718899698126855 0.006962921500694682 0.00035852557061230236 0.00016896713990989683 0.00048302463948282425 0.0002573756394407927 6.39927947165756e-06 0.0005610253082160779 0.00015527117568961654 0.0001821293648157919 7.504930820327702e-05 0.0008871539537135308 0.005520259342238126 0.00017753651387698846 0.0010693712198113687 0.008565566160939885 0.02080989147389405 0.003784167921574837 0.0721900341291248 6.885717135071897e-05 0.00027235439535543604 2.7424674996121036e-05 0.0004426445725696847 0.0028324772002355303 0.005776920974384983 0.005624366712802356 2.7835522706947787e-05 7.010488215146374e-05 0.004801977973262147 0.008673886999060453 0.007633581906213547 0.027263653551182838 0.03387101842752805 0.09064590321401941 0.14065493353819777 0.009366337619928933 0.16487182402602926 0.0004287036887367869 0.0 0.00011463895076752682 0.0001303866501710573 0.0007769360012123843 0.0 2.067704098703714e-05 0.0 5.452493334648481e-05 1.381003504856096e-05 0.006440311056903892 0.0002802228196827349 0.0003565597256943956 0.00103475600320272 6.106298297568101e-05 4.488049533674463e-05 0.000531694193598534 0.001633002478140024 0.0 1.4067828011618162e-05 0.0 0.0 0.0 2.582358606555849e-05 2.8376904832650484e-05 1.8299917087636083e-05 1.4859759964807363e-05 0.00011473184510020768 0.0 3.9730515363761074e-05 9.632547471967191e-05 8.960077441036084e-05 0.00013028066764247603 0.0 1.1599397950883445e-05 0.0 8.36111341438132e-06 0.0 0.0 0.0 0.0 0.0 1.4446214047752745e-05 0.0 1.4116062923888266e-05 1.5178990830913576e-05 8.574364911398354e-06 2.0373750285006568e-05 0.0 2.1195186101728323e-05 1.0689407363839081e-05 2.1156798799658688e-05 1.5130790673056246e-05 0.0 0.0 0.0 0.0 0.00019244081109517986 8.149464833007847e-05 0.00022669973810206842 0.00018971025746092386 9.552056199331269e-05 2.0018874555947566e-05 0.0 0.0 0.0 0.0 1.3023164075086036e-05 0.0 5.721472584696251e-06 0.0 0.0 0.0 0.0 0.00014484880122339367 0.0 0.0 0.0 1.253391462170392e-05 8.5096032226916e-06 0.0 0.0 0.0 6.39991768905572e-05 7.946647400577689e-05 0.0 0.0 0.0 0.0 0.0 9.934494126071154e-06 0.0 6.142056270337001e-06 1.3975667734261561e-05 0.00023481733103223717 2.315094855385738e-05 0.0 0.0 4.5856198619608834e-05 7.542454527898175e-05 6.13654716933078e-05 1.4521199326216315e-05 1.3834883927110241e-05 6.623183196188918e-06 1.2634157932939843e-05 0.0 0.0 0.0 0.0 0.0 0.0 0.0 8.997604676706029e-06 9.843673473352272e-06 0.0 0.00016187391539236593 0.00017646434814173217 0.0002805513420884373
0.0010542198708499947 0.19864860187552313 0.12702948013740253 0.0007413568462161766 0.287021935137006 0.0 0.18708803494208956 0.009747496110881613 0.0 0.0026191207522640743 0.054131701516920115 0.0005448067254865688 0.060204343610618986 0.12247251897484543 0.0008469573542922452 0.0002603279867854592 3.0317721307541966e-05 0.0 0.0 1.3261601463139834e-05 1.3174356302280274e-05 0.0 2.555860420487781e-05 3.108807392989243e-05 0.0 0.0 0.0 0.0 0.0 0.0 0.0022708854909292107 0.00012286196067719628 0.0001351542557757498 1.6848884546868574e-05 1.5445196994771426e-05 0.0 0.0 0.0 8.650488186247371e-05 9.951644902191646e-06 4.7848968728936925e-05 8.153996597800381e-06 0.0 2.253708715348472e-05 0.0 0.0 0.002542495191370816 7.968114622106148e-05 2.0764855383051333e-05 7.324433514310324e-06 1.7863396397411763e-05 0.0 0.0 0.0 5.12813756177177e-05 1.9169224475039877e-05 0.00023907471868784237 0.0005643862510803072 0.0001160980594966075 0.0003770059763173526 9.338035734602575e-06 3.2449153625096314e-05 7.3443341016958275e-06 0.0012081438754550815 2.472209813756371e-05 5.2112763307878234e-05 1.8956886597813106e-05 1.2480130588194708e-05 1.6763658301441806e-05 2.267571776679027e-05 0.0002099588644776901 0.0 0.0 0.0013167908753141935 0.0011686605961382076 0.001892540461315621 0.00045660153295139927 4.3992519563862665e-05 5.8693841532995044e-05 0.0001156314309532832 0.0 0.00019476982277591952 0.00024186242963997436 0.0 3.615456011226764e-05 3.735881683882637e-05 0.0 0.0 2.8441064638117884e-05 0.0 1.4302412925674486e-05 0.0 3.792461183317267e-05 6.426866576667587e-06 5.906004298796131e-06 0.0003300000401131826 0.0 0.0 2.8875040357479742e-05 0.00011927138434956642 0.0 0.0 2.2315441939201467e-05 0.0 0.0 6.70812761492303e-05 1.550245383664768e-05 0.0 1.5016183257705651e-05 0.0002145599774882569 0.0 6.553363108019743e-05 0.00015761873727488174 0.0001741132052722055 0.00021861674108348517 0.0 0.0 0.0 0.0 0.0 0.0 0.0 0.0 0.0 0.0 0.0 0.0 0.0 0.0 0.0 0.0 0.0 0.0 0.0 0.0 0.0 0.0 0.0 0.0 5.830729294909737e-05 9.51535590805247e-06 0.0001142225086494079 4.840279925339579e-05 0.0 0.0 0.0 0.0 0.0 0.0 0.0 0.0 0.0 0.0 0.0 0.0 0.0 1.63124480794196e-05 0.0 0.0 0.0 0.0 0.0 0.0 0.0 0.0 0.0 4.106247560030094e-05 0.0 0.0 0.0 0.0 0.0 0.0 0.0 0.0 0.0 0.00017412545830903533 8.283521554959928e-06 0.0 0.0 0.0 0.00012434525215858144 0.0 3.808060174907534e-05 0.0 0.0 0.0 0.0 0.0 0.0 0.0 0.0 0.0 0.0 0.0 0.0 0.0 0.0003222927056485695 9.044227142198161e-05 0.0001319846875588622
0.06499162143461014 0.08460227127635644 0.0055882602222556066 0.10547386146305088 0.007457855258923362 0.03405312601501816 0.1599050540784178 0.00012213942328125255 0.0026191207522640743 0.0 0.0008484186267468118 0.08872491845748502 0.2905696016150652 0.04098378406597341 0.000601881029288222 9.334367722283798e-05 2.96332089252439e-05 6.600928260629187e-06 0.0 0.0 0.0 2.3550762265211346e-05 0.0 0.0 4.212348990829579e-05 0.0 0.0 0.0 0.0 0.0 0.0007441380012222635 9.798413749448175e-06 0.0016765467552980829 0.0 0.0 0.0 0.0008315707453386757 9.623721536185787e-05 0.00024780051068201215 0.0 2.9796030189584123e-05 0.0 0.0 7.968680276503097e-06 1.6977145180618063e-05 0.0 0.0027084445645464065 6.893766888968083e-05 0.0 0.0 2.2111562548828354e-05 0.00013596935207163291 0.0 8.2070281456149e-06 0.00020288877955349858 5.809881807750831e-05 0.002996920877444885 0.0017584012608230506 0.0003044148909090958 0.0008200003083452705 0.0 0.00010358915014831032 5.1809519471646694e-06 0.0003364866152975728 4.782345425072488e-05 6.49943479103933e-05 1.4782517229259714e-05 6.184489302002388e-06 0.0 0.0 0.006670470480422692 0.0004964659533814931 8.388262403157628e-05 0.0025259902828319463 0.0006374213283243701 0.0012750685229444292 9.848421136769602e-05 5.1810704281172986e-05 1.3810622187503987e-05 0.0 0.0 1.5921261361163024e-05 0.0003749518404467111 1.6187266370692413e-05 3.56638488672211e-05 5.541164900861281e-05 0.0 1.7613449506328626e-05 3.473058493500642e-05 3.6702010042490956e-05 3.885492637953992e-05 1.4891310652619324e-05 8.52624268767875e-06 7.061978194121691e-06 9.42431619721673e-06 0.00997188574686298 0.0027822044061017403 0.00016354011987474703 0.0008570223554509283 0.02073343358619179 3.845349658799211e-05 0.0009978674530623365 0.0016552724449832785 0.0028867239044976668 0.00019797888727659345 0.013346318684905512 0.004437045451404859 0.0006632564033562594 0.004463499200270126 0.006308990104907475 0.00033776647656304085 0.003610931187311722 0.005189044140938087 0.003369870140718883 0.0024841059275062874 1.0518938022361181e-05 0.0 0.0 0.0 0.0 0.0 0.0 0.0 0.0 0.0 0.0 0.0 0.0 0.0 7.927362756171257e-05 0.0 8.15939195709208e-06 0.0 0.0 0.00013369318184260152 0.00011777668762839023 0.0 0.0 1.3037831490439441e-05 0.0009042252512312553 7.477910896802457e-05 0.0009191272020000026 0.00011149513662366654 6.105192475343569e-05 0.0 0.0 0.0 0.0 2.419577362448508e-05 0.0 0.0 7.141219834985684e-06 7.852501013847631e-06 0.0 0.0 0.0 1.8752314225512624e-05 0.0 0.0 0.0 7.457387573529941e-06 1.84022472433843e-05 6.96264186774269e-05 9.482437476123363e-05 0.0 0.0 0.0006844808247646944 4.927260952662074e-05 0.0 0.0 0.0 0.0 0.0 0.0 0.0 0.0 0.003079264769334558 2.1947066227108966e-05 0.0 0.0 0.0 0.0004119236405702314 0.00011092284729337014 0.00039259058642629897 2.919263565985767e-05 1.781850422775182e-05 5.701615492984916e-05 0.0 7.086036673071435e-06 0.0 0.0 0.0 0.0 7.163544805952971e-06 0.0 0.0 0.0 0.0042234680964871 0.000608056040114014 0.00038995546577660217
0.0031175977465709545 0.08638956202694732 0.23884724875087993 3.636911332001756e-05 0.03871525649765713 1.0201886152619308e-05 0.016236267548255294 0.2398019571973535 0.054131701516920115 0.0008484186267468118 0.0 0.013694249951498191 0.03925520511072916 0.17207898930661059 0.005496346821290381 0.004372747071141846 0.0006008111989441875 2.8384886762783566e-05 5.8574097836702504e-05 0.000104893517487438 0.00023251195972432995 0.00015566206067638038 0.0010982237219321661 0.001711511732418129 0.001704966215856007 0.0001772427574688614 0.002128856724894736 0.00010390699768347183 0.0004161567991343151 0.000523181505131836 0.09427365789040733 0.009490062718558682 0.06458195047133908 0.00035835892741572134 0.0011940008952385018 0.0013009909131725854 0.025452076970911782 0.007273312673537853 0.00835711729565663 0.002621311300784588 0.0006431446170904246 0.0003812526074822052 0.00011090152440797111 0.00019656465386654826 8.437643263201549e-05 0.0001924042352352304 0.008392176100739267 0.0002110634760901782 9.113026187846687e-05 5.28850363748253e-05 8.639716635249197e-05 0.00019049118911588906 0.0011823205331969947 6.173711116070871e-05 0.00015977808159854735 0.00010667278334038348 0.0007449016973214041 0.0023333435497347693 0.0001991563488774877 0.0014051653555408068 0.0005642212123791158 0.03240038165393882 0.0003106354300156181 0.005305802037183925 0.0001263181106223018 8.794984027973647e-05 4.031499243471784e-05 8.97095067502071e-05 0.00048225073506480496 0.0005815188685467105 0.024944497041834723 0.00019046263994554365 4.2336036311999186e-05 0.0032720433343446874 0.003583623927466238 0.006712218292506139 0.003238669648043712 0.0008498195750192842 0.003991109357910454 0.050425960173614635 5.029273790090053e-05 0.017452380989171238 0.00046179763624278606 0.0 9.360731471964287e-05 0.00010051068641184583 0.00014425670609047382 1.2877457252707496e-05 3.125935368108631e-05 1.4877933363194543e-05 8.090341889798589e-05 0.0 0.0012048005314882644 0.00010105669929975924 9.937197492802722e-05 0.002470837148203747 6.644640675950158e-05 9.710533320049724e-05 0.0012725623064116997 0.0017354365416836985 6.485628389933232e-06 1.4509347018297367e-05 3.5922489627317104e-05 1.6370020870502867e-05 8.496053846265404e-05 1.528889270940778e-05 0.00017786353236446542 8.697286530131398e-06 7.284254516945941e-05 0.00015749483094778684 8.202951189705855e-05 0.00013018181872040705 0.00022640313130551214 0.00030212945178349483 0.0005170081909532855 4.1889907606389714e-05 5.002509048207671e-05 0.0 2.5391629261629425e-05 0.0 0.0 0.0 0.0 0.0 0.0 1.059430349303718e-05 0.0 2.834270754364781e-05 9.112416405877155e-06 2.2587699056955557e-05 4.322686457963843e-05 0.0 1.6235029992062063e-05 1.4866874614367202e-05 2.4909913617088448e-05 7.531801510510832e-06 0.0 1.3566114362019526e-05 0.0 0.0004058497735109152 0.00012232774901874664 0.0009025892246373817 0.0006516888372879822 0.00020736213902879311 1.3256055501392795e-05 0.0 0.0 0.0 9.25429866310485e-06 2.512310139768207e-05 0.0 0.0 8.443569838426637e-06 5.885290668784595e-06 7.896772869897816e-06 0.0 0.0002400148560950555 3.953449994915043e-05 0.0 0.0 0.0 0.0 1.677066394852523e-05 0.0 1.2060632188080034e-05 0.00015678264510102883 0.0004107272562447473 0.0 0.0 0.0 0.0 0.0 7.678487248849092e-06 0.0 0.0 0.0 0.0006827395496975638 6.779423765129153e-05 0.0 0.0 3.375534557089449e-05 8.304223178901593e-05 7.157271423814993e-05 0.00015588014198360858 0.0 2.8731085473454073e-05 0.0 0.0 0.0 7.964956815098488e-06 7.89118794108191e-06 0.0 0.0 0.0 0.0 1.3661417280821838e-05 0.0 0.00048314124527690916 0.0005252159631592829 0.0009837333415399973
0.006739015516599912 0.00425805979173045 0.005307720622946029 0.0630401137761937 0.000624112705193915 0.0037343729242622567 0.012151611416232493 0.003348919880548756 0.0005448067254865688 0.08872491845748502 0.013694249951498191 0.0 0.11567581198926793 0.027864144954765 0.0016480640933139521 0.0013900977841977448 0.00015813537267894538 0.0 0.0 0.0 0.0 0.0 2.6077570260925193e-05 0.00012158099780215976 0.0001857689116907622 0.0 0.00035194500211857283 7.309331668797291e-06 5.659565707707632e-05 0.00012518072717831663 0.002210457037697861 1.926146953210035e-05 0.00833513376783787 4.9798831356207095e-05 6.395300196711679e-05 5.1449795502006134e-05 0.018406109185852917 0.001396335748956198 0.0027714459985905826 0.0005540985125762493 3.499824973103662e-05 0.0 0.0 5.9035414220692915e-05 0.0 1.557276569975757e-05 0.0026024202437838016 9.622674638488358e-05 0.0 0.0 7.372129206600466e-06 1.366254205999879e-05 0.00013198453274375073 9.380598305442838e-06 3.2667673048558215e-05 2.389367510412895e-05 0.0002626878272100729 0.0004540062924637752 6.911146464972653e-05 0.00040991806398637924 4.1909682867256435e-05 0.0007092608532425271 2.256106085273058e-05 0.00026567260832058493 1.2830822096588888e-05 5.041314456394578e-05 1.0152864526823753e-05 0.0 2.4463538471097507e-05 7.4088925297460664e-06 0.022252965981873332 0.00014112461313561163 8.440805809447311e-06 0.0007799710530012237 0.0006232480101383516 0.0014744809670845683 0.0006946069599886051 0.00019823326482872286 2.7363499330913838e-05 0.0008482570929754903 2.996309675810253e-05 0.0002477879216858589 0.00012006755844744177 0.0 0.0 1.8801975648452374e-05 1.7862762392669696e-05 7.951800163536606e-06 0.0 0.0 2.8233156895355397e-05 7.3465383739967274e-06 9.000065447104823e-05 0.0 0.0 0.03499240509934471 0.000790176609957047 9.027671667041872e-05 0.0010233221578970712 0.002446668357694704 0.00011955714197693606 0.0007862610008827064 0.0008727384541413553 0.0009174122360233399 0.0002905581396107865 0.0009918627483375983 0.003862937393199581 0.00037081699790370064 0.002133803594287084 0.004672860004493867 0.00048435043923640943 0.0037398291580142506 0.004809689873192801 0.005214473079588408 0.005362437488590206 3.898653607488372e-05 0.0 1.4555256017821867e-05 0.0 0.0 0.0 0.0 0.0 0.0 0.0 0.0 0.0 2.7170186861769153e-05 0.0 0.0 0.0 0.0 0.0 0.0 0.00023746091596118976 8.04566998939413e-05 0.0 8.950173328585754e-05 0.0 0.003032178764755766 0.0005928288170037404 0.0036115842258871824 0.0008043167208282445 0.00016320753699515262 0.0 0.0 0.0 0.0 5.1327298834956514e-05 4.330498828689162e-05 0.0 1.2976670569528574e-05 5.940922583889202e-05 0.0 0.0 6.770011111670331e-06 4.3384950818529606e-05 0.0 1.3184880570365756e-05 2.8854809076590906e-05 0.0 6.0611048703392745e-05 6.27148191412914e-05 0.0002103045360797669 4.759030637897844e-05 0.0004106121001309405 0.0016133751320540589 9.0891235771724e-06 3.1636905084732374e-05 0.0 0.0 0.0 0.0 0.0 0.0 1.0259072959088008e-05 0.006328207019282403 9.445994209524461e-05 0.0 0.0 0.0 0.0010207035482263506 0.00014790065571764377 0.0008996397629621396 4.4473561710010705e-05 0.00011625902877201263 1.5397124269760916e-05 0.0 8.526140530768484e-06 0.0 1.3781964014682199e-05 0.0 0.0 0.0 0.0 2.1308499178494198e-05 0.0 0.006063151202264503 0.0018237177210563183 0.00221772399583876
