0.0 0.28221860086771233 0.047990413023718696 0.09574116547218532 0.022423201095210083 0.02228001356543317 0.019166937210505 0.0014944305848353977 0.0005100516680788528 0.053171217600055866 0.00753747548109504 0.0010685854285782535 0.0024150280510884603 0.011174590866844985 0.00013164399765181617 0.0001366804252815888 0.0 0.0 0.0 0.0 1.560527293805096e-05 2.2358466067688886e-05 0.0 0.0 1.6158658598503015e-05 7.798026740053955e-06 0.0 2.034414365023248e-05 5.724340638003755e-06 0.0 0.029878941055594438 5.7887322033330405e-05 0.0010534163609298654 0.0 0.0 1.0852265814316834e-05 0.0003498266007540497 5.723798950669067e-05 7.777672971844266e-05 8.238330623892528e-06 9.305620180306966e-06 1.2300097265467457e-05 1.4105941937399518e-05 6.164336617503773e-06 0.0 5.883072461385975e-06 0.00034809008519598244 0.00015477067722765144 0.0 0.0 3.583996781098473e-05 5.557226271936911e-05 0.0 6.336678764230993e-06 0.0014511924261582437 0.001601059099430772 0.026948878500465075 0.04309615456784658 0.01229144133261747 0.0011511172905041267 0.0 7.329517187522196e-05 0.0 0.0001380106930108534 0.000447314781004827 9.76833633938512e-05 3.551827268859183e-05 7.644332177274502e-06 2.887421941236326e-05 1.198121780250608e-05 0.0005387665201478413 0.000164847364978616 4.926754891150393e-05 0.013986270438351848 0.001548984384965383 0.0004893716670660544 0.00013404359471877564 8.1435875413225e-05 2.8728310479265958e-05 0.0013930409256009335 1.060508592080683e-05 6.194967797526195e-05 0.001203784860159848 0.00010233983129238871 0.00019695847870805972 0.0005317984125086918 3.557046315367795e-05 9.646516842576831e-06 0.0002544231955795642 5.387764967921709e-05 6.724289884294276e-05 1.1341278397293923e-05 2.4430222499944018e-05 2.2671149720499877e-05 6.055777568194408e-06 0.0030176176635925474 0.00013612859511579191 0.0 7.013484548261476e-05 0.1061934669431005 0.0 0.0 0.0 0.0 9.301478764998281e-05 0.0 9.882065360825076e-06 2.288929314736301e-05 9.23680485207024e-05 1.3089656428801987e-05 0.0 0.0 0.0001337306816670369 1.584621182132555e-05 5.2155107064725776e-05 0.0 0.0 0.0 0.0 0.0 0.0 0.0 0.0 0.0 0.0 0.0 0.0 0.0 0.0 0.0 0.0 0.0 0.0 0.0 0.0 3.0014572017485473e-05 0.0 0.0 0.0 4.5625626488215856e-05 0.0 0.0 3.1833099901244224e-05 0.00010971521446753694 0.0 0.0 0.0 0.0 0.0 0.0 0.0 0.0 9.633687834987173e-06 0.0 0.0 0.0 0.0 0.0 7.025001971729942e-06 0.0 0.0 0.0 0.0 0.0 0.0 1.588448711738048e-05 0.0001609705937887718 0.0 0.0 0.0 0.0 0.0 0.0 0.0 0.0 0.0 3.625808626963448e-05 0.0 0.0 1.098395643194807e-05 0.0 0.0 0.0 3.939733073085782e-05 0.0 0.0 0.0 0.0 0.0 0.0 5.325932135224879e-06 0.0 0.0 5.42312421277734e-06 5.770212946844695e-06 0.0 0.0 9.000353623552591e-05 0.0 6.676565731368565e-06
0.28221860086771233 0.0 0.11378129448491545 0.16076777672381382 0.15002793620143504 0.012204796878763444 0.17549053364719377 0.019107676884231945 0.025117028626063062 0.08151541711042569 0.06848267247367172 0.005560315225356173 0.1023915667414731 0.16371898741349822 0.0008152645495623417 0.0005298581227327442 4.238161366752009e-05 2.3102484616039464e-05 0.0 0.0 4.999892299095784e-05 0.0 6.084894579353684e-06 1.5490060979987054e-05 8.4208779302665e-05 0.0 1.3495874010931182e-05 3.144738786445231e-05 6.153820290955936e-06 1.1637460280719677e-05 0.12093892313881024 0.0001551130535979677 0.006691217152689892 0.0 6.147378089364647e-06 0.0001041318002179201 0.0027786861194922024 0.0003541453482308782 0.00035937091680589343 8.965480432543544e-05 6.65047297973243e-05 2.5659157755898283e-05 0.0 0.00010625737159951996 8.070776967375335e-06 8.798530180168856e-05 0.004869229155863364 0.0008845654443003782 0.00010861452680619632 4.688850394936785e-05 0.0001514002672970257 0.0 9.61044955368262e-06 2.1877503857749063e-05 0.004095661689489981 0.003509403656156273 0.01830833676336888 0.03615696655244461 0.011111028187471802 0.005844423996487774 5.2509948802850036e-05 0.0004063698703915854 0.0 0.0027992262496915315 0.0014460550137219803 0.0003046018602770323 0.00020660867069138402 7.652859394216219e-05 1.873326393750534e-05 2.83593955417381e-05 0.0013987647353928259 3.521266539796346e-05 3.255341015537609e-05 0.023438002044058805 0.008333592324421523 0.005412782793905867 0.0023787660412475362 0.0004295492318559875 0.00014923911971016215 0.006363790712533087 9.732680915025016e-05 0.00020233799129594764 0.003705769205586643 8.474439657180052e-05 0.0009112427842691936 0.0015170300451819545 4.759818912486764e-05 3.1219819710087094e-05 0.0004904361732488128 2.600061924930577e-05 0.00033241456554835577 3.0975799744325344e-05 6.253681892326693e-05 0.00012550707471595197 6.680382997496108e-05 0.0005995378944390774 0.00029940235753751234 0.0 0.0005605122752735638 0.0704134407093124 0.0 1.300478902104843e-05 0.0 0.00010477036322956582 0.0 0.0 0.00014009101536899526 0.0 0.0007340552873242421 9.793608454590449e-06 0.0 5.990889957420799e-06 0.00016935114223205186 0.00011455263971697649 0.00015977144776779762 0.0 0.0 0.0 0.0 0.0 0.0 0.0 0.0 0.0 1.0290827741725932e-05 6.60069483978533e-06 0.0 0.0 0.0 0.0 0.0 0.0 0.0 0.0 3.531980591227377e-05 1.185397990302472e-05 0.0 0.0 0.0 1.8567148867152733e-05 0.00010407954008353001 1.3713281661974247e-05 6.822147592572457e-05 1.352821688078979e-05 0.0 0.0 0.0 0.0 1.674845173796285e-05 0.0 0.0 0.0 0.0 0.0 0.0 7.4630546874243595e-06 5.516839961986412e-06 0.0 1.1938077889782145e-05 0.0 6.968448848813722e-06 0.0 0.0 0.0 0.0 7.89356272727331e-06 6.619641491964815e-05 0.0 0.0 0.0 0.0 0.0 0.0 0.0 8.80177721153959e-06 0.0 9.964187322211514e-05 0.0 0.0 0.0 5.0398818678488975e-06 0.0 0.0 0.0 0.0 0.0 0.0 0.0 0.0 0.0 3.5807547795116354e-05 1.0347540594265903e-05 0.0 0.0 1.8527138295653352e-05 6.991340482849699e-06 0.0 8.824036927995966e-05 0.00015799789634758573 0.00019475313053580041
0.047990413023718696 0.11378129448491545 0.0 0.0009100047855465671 0.029008893253957738 0.0010995797107392984 0.003865698218471869 0.27546817721967165 0.006856496951639801 0.000926971181898989 0.18082989606940697 0.0011518458985422875 0.00987196515373664 0.12476543940155788 0.0010692437385894486 0.001475081924798996 8.206254468520573e-05 6.0327032306568763e-05 0.0 0.0 9.474290380879238e-05 2.7975141462575783e-05 1.346777790996289e-05 0.0 0.00034301164323755805 9.615638931263247e-05 1.199535761256132e-05 0.00011268998227652709 1.629257489550866e-05 1.767755953671685e-05 0.269533346826747 0.02810338894979675 0.011782845998363654 4.011788601702953e-06 5.902133031373721e-05 0.0005003685150380409 0.0035917030061260007 0.0009225099165149905 0.0010190988318983356 0.0003007993569050793 0.0001386443224162267 0.00012967008886827146 7.495863491993958e-05 0.00012608354130703663 8.37258915011333e-06 8.348384912405373e-05 0.0022908310546171807 0.00030096833453419975 0.00010921737529352116 0.00021468019770829044 0.00014336846877590007 7.188998075690818e-06 6.010964912474464e-06 0.00012829724061981626 0.0011429212647808612 0.001109384664415229 0.012250136177326615 0.04561701565927324 0.005331242326515455 0.0012973918722380745 0.00014729443363120854 0.001294194781523683 4.798430286467077e-05 0.007082583079839926 0.00035116551393416266 0.00015187603421599032 8.983783340354268e-05 0.00017198226161119012 0.00016020647275749624 0.00026178791187449793 0.002765036384731713 5.842419097098566e-05 0.0 0.010030915505935916 0.004879380649075334 0.0023072633650657536 0.0012835899168453977 0.0010444691757245167 0.0016711537939837285 0.05928503445432883 7.582362214996425e-05 0.002233932695490679 0.001110629094124388 2.3807860830050736e-05 0.0001866417278679491 0.0004810482124474596 3.368476046687351e-05 0.0 0.00016047535141061798 1.0963940610840212e-05 0.00012850067940548657 1.550968665299263e-05 0.0003839988512747207 0.00023515205844687554 0.0001245114840492884 0.0002455901025256617 0.0003775977246659568 0.0 0.0012807582171611538 0.01788712566902226 0.0 0.00012251939123755505 0.0 0.0 0.0 0.0 0.0 2.4903243088930836e-05 8.322319858565696e-06 0.0 0.0 0.0 9.333236140823259e-05 0.00015294651428667674 4.163293237355692e-05 0.0 2.419127038130873e-05 0.0 0.0 0.0 0.0 0.0 0.0 0.0 1.0062224063608407e-05 0.0 0.0 6.648506334228711e-06 0.0 0.0 0.0 0.0 0.0 0.0 0.0 0.0 0.0 4.4464615065287594e-05 0.0 1.1182922448302927e-05 4.637960196958084e-05 7.433444621503076e-05 9.789656607758635e-05 0.0001505554902824595 0.0 0.0 0.0 0.0 8.232717656943714e-06 0.0 0.0 0.0 9.401103830585773e-06 0.0 0.0 6.483482523071587e-06 1.0586270790679247e-05 6.683070465408301e-06 0.0 0.0 0.0 0.0 0.0 0.0 0.0 0.00024190330219540313 4.2604258411120756e-05 0.0 0.0 0.0 0.0 0.0 0.0 0.0 1.9071450633775576e-05 0.0 0.0003327055864656829 0.0 0.0 0.0 5.2079500576647425e-06 3.36239381449496e-05 5.859830373758471e-05 0.0 0.0 0.0 0.0 0.0 0.0 0.0 5.419125194728981e-06 0.0 0.0 5.729043485947429e-06 2.960461438320856e-05 1.599469444046689e-05 0.0 5.5914882082623707e-05 0.0002124274329475937 0.0002665110563555951
0.09574116547218532 0.16076777672381382 0.0009100047855465671 0.0 0.002407799940325666 0.019857941896734954 0.09415419880462443 0.00011983248203919196 0.0002117510078978132 0.2060730414173778 0.0005400117070433868 0.053881694783000283 0.05611895254933778 0.0031169556026068804 4.9180547923797324e-05 8.532286148243346e-06 0.0 0.0 0.0 0.0 0.0 0.0 0.0 0.0 0.0 0.0 0.0 0.0 0.0 0.0 0.001575072353888765 0.0 3.924749686706956e-05 0.0 0.0 0.0 3.921734127350562e-05 0.0 0.0 0.0 0.0 0.0 0.0 0.0 0.0 0.0 0.0003994587502039888 8.802212491756835e-05 1.139996917836636e-05 0.0 1.1041824435533032e-05 7.109766065003454e-06 0.0 0.0 0.0006746986135015377 0.0008726354137249813 0.004967930689915222 0.006044536761089858 0.003968822292989773 0.0012573253977493275 5.8981033588316085e-06 0.0 0.0 0.0002083483896780332 0.00021925019512538234 4.818470848674101e-05 7.926490139584808e-06 6.271152914662884e-06 0.0 0.0 0.0005870024073654347 3.135631377133994e-05 4.035807315152169e-05 0.006195687118136358 0.001138236084632828 0.0004666592948680164 0.00010440228024548259 3.7782280035849095e-05 1.42293374898039e-05 3.6968165331589425e-05 0.0 0.0 0.0006454899362299933 0.0 0.0001450451329642457 0.00039751950648715185 7.312004159693452e-06 7.590615444655864e-06 0.00013204765854041452 2.6225336059961824e-05 5.56069865801725e-05 1.3370736386077073e-05 0.0 0.0 6.079340066650156e-06 0.00193462620189589 8.480787278443057e-06 0.0 0.0 0.019599770260143777 0.0 4.295236431702619e-05 8.162740448626784e-06 0.0005877380486047945 0.0 0.00025692543150424615 5.099504314433164e-05 3.0323914602357873e-05 0.0023831228471959515 0.00013523053739649492 1.0263726042628079e-05 4.5426383154046124e-05 0.0007848465759620091 0.00019863261916835002 0.0 0.0 0.0 0.0 0.0 0.0 0.0 0.0 0.0 0.0 0.0 0.0 0.0 0.0 0.0 0.0 0.0 0.0 5.523828642801103e-06 0.0 0.0 0.0 0.0 0.0 0.0 8.826843207560219e-06 0.0 6.91445547808075e-06 0.0 0.0 0.0 0.0 0.0 0.0 0.0 0.0 0.0 0.0 0.0 0.0 0.0 0.0 0.0 0.0 0.0 0.0 0.0 0.0 0.0 0.0 0.0 0.0 0.0 0.0 0.0 0.0 0.0 0.0 0.0 0.0 0.0 0.0 6.450821077576158e-05 0.0 0.0 0.0 0.0 0.0 0.0 0.0 0.0 0.0 0.0 0.0 0.0 0.0 6.283500354429436e-06 0.0 0.0 0.0 0.0 0.0 0.0 0.00016758921301114458 0.0 9.638642851826218e-05
0.022423201095210083 0.15002793620143504 0.029008893253957738 0.002407799940325666 0.0 0.0004391967753862098 0.11054707396594998 0.012745533682172216 0.32582299214825994 0.005623240230765998 0.09157296473041676 0.0024897239600044454 0.0751871437009884 0.23918644622956814 0.00035573937239009596 9.010010468784519e-05 1.1349000135126574e-05 0.0 0.0 0.0 0.0 0.0 0.0 0.0 0.0 0.0 0.0 0.0 0.0 0.0 0.00577414960440884 0.00019813942574743368 0.0004629074485567616 0.0 0.0 1.9539457071977533e-05 0.00013556451436755348 2.4931825855476188e-05 4.9370511306677136e-05 1.4792438109882914e-05 6.631313309407901e-06 6.5472316354631155e-06 1.476119499547638e-05 3.205360188893472e-05 2.210102269622695e-05 3.636026123174758e-05 0.004126603223831508 0.00019528379618659946 6.683729095218597e-06 5.254036132321302e-06 7.41903476642861e-05 0.0 6.420850158645292e-06 7.284350543767989e-06 0.0008845361641610925 0.0006718838013167278 0.0020095816034804244 0.004765151114179645 0.0019032016166247044 0.0011181858441700059 1.9743074279036044e-05 2.8896805860862784e-05 5.047330026219577e-06 0.0015066434952150647 0.0003282771540156227 6.95255948960297e-05 3.906513423532867e-05 2.1282298602846026e-05 0.0 0.0 0.0002658516734371185 0.0 0.0 0.0038275167965363724 0.0024620552856536642 0.0025989731707713824 0.001351223301601781 8.360493879242159e-05 5.3991919572351095e-06 0.000807712306610916 2.644161404872965e-05 3.879163327877564e-05 0.0006750043234269457 0.0 0.0001956517377929732 0.00038721716699745685 2.575509816493098e-05 1.8297858995212367e-05 0.0002095979687983819 6.5097937304569826e-06 5.45331182023609e-05 1.0097322439401922e-05 0.0 5.982625478717646e-06 1.1204322819383504e-05 0.0003458316782412143 6.635704446690069e-05 0.0 7.912599303832469e-05 0.001544828214717666 0.0 0.0 0.0 0.0 1.2942215790567953e-05 0.0 0.00012788549095510093 0.0 0.00018742363564245548 0.0 0.0 0.0 0.00021674538415525528 9.153321722409188e-05 0.0001488488852859164 0.0 0.0 0.0 0.0 0.0 0.0 0.0 0.0 0.0 0.0 0.0 0.0 0.0 0.0 0.0 0.0 0.0 0.0 0.0 0.0 0.0 0.0 0.0 0.0 4.392913339640719e-05 0.0 0.0 0.0 0.0 0.0 0.0 0.0 0.0 0.0 0.0 0.0 3.105693083828408e-05 6.714031504096292e-06 0.0 0.0 0.0 8.442346815160163e-06 0.0 6.149835886468896e-06 0.0 0.0 0.0 0.0 0.0 0.0 0.0 0.0 0.0 0.0 0.0 0.0 0.0 0.0 0.0 0.0 0.0 0.0001667266866368765 0.0 0.0 0.0 0.0 0.0 0.0 0.0 0.0 0.0 0.0 0.0 0.0 0.0 0.0 0.0 0.0 0.0 0.0 0.0 0.0 3.3779794835104225e-05 0.0 2.496175918696793e-05
0.02228001356543317 0.012204796878763444 0.0010995797107392984 0.019857941896734954 0.0004391967753862098 0.0 0.001865407404785961 0.0 0.0006011590631185262 0.03186823387363402 0.000478063905721279 0.010136988537994714 0.005287762990040292 0.0008387166401833488 0.0 0.0 0.0 0.0 5.512275772950174e-06 0.0 0.0 0.001237341064448069 0.0 0.0 1.7416547057789636e-05 0.0 0.0 8.281454903504352e-06 4.39126839639625e-05 0.0 9.62420145864732e-05 0.0 7.556606424896357e-05 0.0 0.0 0.0 0.0003536478842515532 2.9215306730630838e-05 6.587359455303343e-05 9.942914870770049e-06 0.0 0.0 6.6934420157439725e-06 0.0 0.0 0.0 7.717989624092808e-05 3.5111857653459655e-05 3.3711608977525196e-05 1.5441149390241344e-05 5.215935179451453e-05 0.0036032614620957093 0.00042349906725474196 0.00017310621610125738 0.00014038933219177513 0.00022364228092963188 0.0075051992470369635 0.0037456885809866703 0.001781367510673145 0.0001502444555831261 0.0 4.517317703566713e-05 7.859827830736194e-06 0.0 7.311372446024017e-05 1.7786119945427263e-05 0.0 1.2409845790698408e-05 5.460844873202548e-06 0.0 0.004189791004863428 0.008104409498634188 0.0013736633395492203 0.0021191189134719744 0.00017770445983313396 7.847795092313472e-06 0.0 0.0 0.0 2.09566958821256e-05 0.0 0.0 0.00020817191563180464 0.00033783573426271804 5.646168858182834e-05 0.0001644890744400197 2.01155488082218e-05 0.0007772765143214277 0.0005150531213781779 0.0012614098341027164 0.00021228618234205558 0.0008149732662806116 4.717896887166423e-05 6.805111782483457e-05 0.0005176964203110525 0.014870053447430117 0.0019910064769681907 0.0012784683264779925 0.00036366463872888264 0.03226531284887751 0.0 8.140008544214562e-06 0.0 0.0 5.7952533861255255e-05 0.0 0.00013178910351874126 0.0 0.00019048807294341975 0.0001236246821707122 0.0 0.0 0.0004202566938717164 0.00010878796225122057 0.0002685146204731162 6.084947595994759e-06 0.0 0.0 0.0 0.0 0.0 0.0 0.0 0.0 0.0 0.0 0.0 0.0 0.0 0.0 0.0 1.218116054851769e-05 7.069400010128649e-06 0.0 0.0 8.562878789245907e-06 0.0 0.0 0.0 0.0 0.0 2.5917055167312002e-05 0.0 0.0 0.0 0.0 0.0 0.0 0.0 0.0 0.0 0.0 0.0 0.0 0.0 7.493900177022824e-06 5.593156737115115e-06 5.675776375227142e-06 1.7738099103221684e-05 0.0 0.0 0.0 0.0 0.0 0.0 0.0 0.0 0.0 0.0 5.687155581593522e-06 0.0 0.0 9.115932076140448e-06 0.0 5.749500432697058e-06 0.0 9.415066238803568e-05 0.0 0.0 1.2378313123867534e-05 1.1319849138940968e-05 1.437619086678294e-05 0.0 0.0 0.0 0.0 6.005809383980066e-05 0.0 0.0 0.0 1.2497801077944389e-05 0.0 7.954344267165621e-06 1.0460124150393377e-05 9.667912795603984e-06 0.0 0.0 0.00024100106567726847 7.1017965763288535e-06 2.7066275825205003e-05
0.019166937210505 0.17549053364719377 0.003865698218471869 0.09415419880462443 0.11054707396594998 0.001865407404785961 0.0 0.00019540075871336967 0.11944845094122496 0.1168021737237707 0.004676774025857557 0.025373458103882553 0.377483470755301 0.25120841095340074 0.0005545243963894761 0.0003128197383722286 5.303870551472008e-05 1.0094216887695803e-05 0.0 4.369861636130724e-06 0.0 0.0 0.0 8.554174544302036e-06 1.0703953800007671e-05 4.377851040030753e-05 0.0 0.0 8.039554243984597e-06 5.054345895055331e-06 0.0037546201493927197 0.00013846707215199675 0.00030126907346980625 6.023054066040898e-06 0.0 2.173641773973838e-05 0.0005202659717367895 2.1538217066176492e-05 0.0001861066852856089 0.0 0.0 5.977642594157007e-06 0.0 6.244313579968313e-05 0.0 1.1951851001403274e-05 0.002278589831651928 0.0003699013678705247 0.0 2.9939818553567995e-05 9.51678491795315e-05 0.0 6.709518972300071e-06 0.0 0.0009842975936471877 0.0010707699483474254 0.0029584551530222767 0.0058989889644372575 0.002546591505927124 0.0017194382899844826 1.3348259029512073e-05 2.8518531447083393e-05 0.0 0.001193462837562453 0.0002637094456542636 8.145689923021382e-05 4.542926916248215e-05 6.689894658695552e-06 1.2124576839077771e-05 0.0 0.0028930226552237462 3.964205418666462e-05 0.0 0.0060647645502054405 0.0032632719315471735 0.0026520534552665668 0.0014420367173275854 0.00037815129180644947 5.3911157555778306e-05 0.0002566190537730709 3.1384688209673884e-05 7.093631911648039e-05 0.0009326150905150256 1.1056503927806405e-05 0.000250058845974854 0.0003452358228527575 1.1237013356061473e-05 5.0214188565791254e-05 0.00015563554890858658 1.7406567014957304e-05 0.00011586703066149015 1.1891915348816338e-05 4.636526912457607e-05 6.162261899616323e-05 0.0 0.0035074296314837883 0.0012338765210922606 0.0 0.0007780279636957855 0.0025265679002091377 2.3673178850401854e-05 0.00017184867802759224 0.0019203961588769398 0.002509163163287848 9.472432011669411e-05 0.0017814497020999251 0.00010440560602015931 8.81638587901809e-05 0.0034500656326363183 0.0008802771939666283 0.0005150707942715705 0.002223811002728745 0.0027260908468626954 0.000560546832267888 0.00035646939930310614 1.438064290523229e-05 2.2942024314218057e-05 0.0 0.0 0.0 0.0 0.0 0.0 0.0 0.0 0.0 0.0 0.0 8.090720740227365e-06 0.0 0.0 0.0 0.0 0.0 7.503117052103872e-05 6.258454749424606e-05 0.0 0.0 0.0 0.0004014464188449944 0.0 0.00025827699221190817 0.00010471772993958666 0.0 0.0 0.0 0.0 0.0 0.0 0.0 0.0 1.69864529555614e-05 3.1771748772310605e-05 0.0 0.0 9.51506921788386e-06 2.3300851816230372e-05 0.0 1.8917619111340013e-05 9.944424485639666e-06 5.1702627025653385e-06 2.339366220433799e-05 0.0 6.567475156247389e-06 0.0 9.929167927619192e-05 3.185018689278288e-05 0.0 0.0 0.0 0.0 1.2625003632998364e-05 0.0 0.0 0.0 0.0 0.0013049142715784777 1.78003848203794e-05 0.0 0.0 6.617705025164478e-06 2.908815923131952e-05 0.0 0.0002008114128004354 3.9357210387723386e-05 2.1519400236797594e-05 0.0 6.094788300219137e-06 4.209416151780796e-05 0.0 0.0 0.0 0.0 7.613844889853568e-06 1.603149138787642e-05 0.0 0.0 0.0008548004304485454 5.2701273625884655e-05 0.0007492895464095392
0.0014944305848353977 0.019107676884231945 0.27546817721967165 0.00011983248203919196 0.012745533682172216 0.0 0.00019540075871336967 0.0 0.0069711377974535135 7.742166367914462e-05 0.22854224162839817 0.003145384274925543 0.015959551890596297 0.07735783037870601 0.0011882968878995795 0.0017008845288387527 6.901251785575793e-05 0.00017361245501438106 1.4121274621878975e-05 6.071689357522543e-06 0.0002471282145195599 5.16707388754471e-05 3.2211396745141e-05 1.7495972783127093e-05 0.0007082355815851547 0.00010964265507691938 1.569737507820984e-05 6.76483198160548e-05 8.095036838571393e-06 7.578731560648467e-06 0.09121810457614662 0.05316239758410026 0.014133939894709522 1.3470904532385333e-05 0.00022131329795038282 0.0012781484305228938 0.005447734566112344 0.0014958533638845383 0.0016141258118885973 0.0003938401121738313 0.0004923022043828258 0.0003830839927178067 0.00034590961100434503 0.0004010274905231672 2.0292724985094332e-05 0.00013021105843920376 0.0034573707313785115 0.0002456094325289382 0.0001573778731873543 0.0008806155067473465 0.0004424563852948899 3.2513057014811294e-05 6.870120651831021e-06 0.0004167033775489285 0.0007587802194762715 0.0008218370905266139 0.00591743748143315 0.025218742466764445 0.002526548797225837 0.0014076225824602069 0.0011753252638461763 0.0042020795631929056 8.16118345863046e-05 0.011591766440846012 0.00030891957732786244 0.0002378735052680977 0.00034375682917156303 0.0008648579543830124 0.0008000855535283615 0.001002341713638808 0.0037703645597473713 0.0001322781854311721 0.0 0.00719208790932226 0.00668453432011967 0.003332835618899816 0.00380869824683544 0.011818572149641755 0.049733955411472415 0.1534833190990053 0.002835690956764852 0.03649736730045235 0.0010171994689301975 1.6515299843771462e-05 0.00023533613494349428 0.0005966361268064963 0.0003371911514833583 1.8524955777262376e-05 0.0003295488781189789 1.2422878708446047e-05 0.0002471701153382238 2.1860978978545915e-05 0.0015919956483916927 0.0007511734805155732 0.0003343535023804049 0.00020662970436403046 0.00037427617262873525 0.0 0.0012644029446499682 0.0006642500265878832 0.0 0.0 0.0 0.0 0.00013436227570918323 0.0 0.0 0.0 0.0 0.0 0.0001756645935901867 0.0 6.024020056429328e-05 2.4283018397493243e-05 0.00010002132555690715 1.7983372096904257e-05 4.760702013395973e-06 0.0 0.0 0.0 0.0 0.0 0.0 0.0 0.0 2.0795194958797936e-05 0.0 2.180726972263307e-05 0.0 0.0 0.0 0.0 0.0 0.0 0.0 3.791547211194363e-05 0.0 0.0 0.0 3.3677382317657075e-05 5.288467925808362e-05 0.00018784301188692974 0.00019069549545387652 7.97510534591589e-05 1.839534708234417e-05 2.5040641151884084e-05 0.0 0.0 0.0 0.0 3.5594865761984596e-05 0.0 7.603224569125157e-06 0.0 0.0 4.3026257280076974e-05 3.850994125117634e-05 9.318578263026628e-05 5.18998047499227e-06 0.0 0.0 0.0 0.0 0.0 0.0 7.092000086623734e-05 0.00015991442889087652 0.0 0.0 0.0 0.0 0.0 0.0 0.0 3.6832614014967e-05 3.531120090360678e-05 0.00038617823930491664 4.9802588095341504e-05 7.83225034126971e-06 0.0 4.245178153183474e-05 5.7429191643780254e-05 6.640701333081556e-06 0.00012047482078726305 0.0 0.0 0.0 0.0 0.0 0.0 0.0 0.0 0.0 0.0 1.1465376760042838e-05 4.029756145273844e-05 5.821959941322224e-05 0.00010273384926961585 0.0002024385577467645 0.0003957288170978618
0.0005100516680788528 0.025117028626063062 0.006856496951639801 0.0002117510078978132 0.32582299214825994 0.0006011590631185262 0.11944845094122496 0.0069711377974535135 0.0 0.0017633261849303893 0.1050371765283546 0.0018103186280045867 0.05923411624555161 0.17924095205581697 0.001463788465372851 0.00101583449059429 4.48250432620401e-05 5.8711743036675215e-06 0.0 5.293696318199214e-06 0.0 6.8915359763231796e-06 6.496736003640119e-06 1.2513687038652508e-05 1.3339730487154329e-05 9.557343871837408e-06 0.0 0.0 6.685285609424552e-06 0.0 0.0024535944231164585 0.0008522410840465156 0.00026665504819335705 0.0 3.200779924939776e-05 2.929326090432816e-05 0.000405417277920086 5.735111308488654e-05 0.00011573155920967957 1.6790669976772693e-05 2.0854515142558023e-05 3.5768168325555934e-05 0.0 9.468221844652461e-05 1.8028757740168138e-05 3.635786800619336e-05 0.007384001299996286 0.00024722527983296415 0.0 5.345244806137944e-05 6.555999670301415e-05 0.0 5.473645673220349e-06 2.1917973906804436e-05 0.0004982936853398545 0.0005471493635999493 0.0009744658641885616 0.002846580750884345 0.0012761757846229274 0.001239738246199207 1.896639747978251e-05 0.00015728133430200792 6.573422535855296e-06 0.002196639126250773 0.00022547776734152978 7.476244004263174e-05 4.075128908212746e-05 4.69053075057869e-06 7.440084208127294e-06 8.638218155017327e-06 0.00294184942072269 3.653089902940431e-05 0.0 0.00286892266590436 0.002195237987846849 0.005675359789833029 0.003492168294488912 0.000739584404716841 0.00012379289377733912 0.0007708435053399122 5.9696961813152843e-05 8.687131647924514e-05 0.0008401434933574459 5.48492836211195e-06 0.00018986058395260397 0.00026367264870685403 2.2921627181114768e-05 3.75499821853694e-05 0.00016713973520929824 2.1746177899450357e-05 0.00015685428661753995 4.64733986031526e-06 3.977076805583954e-05 2.894940652521672e-05 1.9535546754847897e-05 0.0024156251068280475 0.0009485452891920727 0.0 0.0012697453007288679 0.00012708830249320537 0.0 7.855535521910598e-06 1.828404816021201e-05 0.00013690380104310583 7.277148708868153e-05 0.0 3.079567774537045e-05 4.7525291583238074e-05 0.000367224147123468 0.0003914550705537991 0.00015390388675212962 0.0 0.0009595793144039129 0.0007268931714043791 0.0003935017181689005 0.0 1.641953649672595e-05 0.0 0.0 0.0 0.0 0.0 0.0 0.0 0.0 0.0 0.0 0.0 5.327994618502849e-05 0.0 0.0 0.0 0.0 0.0 0.0 7.507907989235795e-05 0.0 1.0064725361546361e-05 0.0 0.00036325239390233365 1.8612529072812403e-05 0.00017170098793926495 0.00016843558698209806 0.0 0.0 0.0 0.0 0.0 0.0 0.0 0.0 0.0 0.0 0.0 0.0 0.0 6.53082366475055e-06 0.0 1.1467607197320934e-05 0.0 0.0 0.0 0.0 0.0 0.0 0.0 0.00017116779006415395 0.0 0.0 0.0 0.0 5.963996926384619e-06 0.0 0.0 0.0 0.0 0.000994405123489248 0.0 0.0 0.0 0.0 0.0001685947891582447 0.0 0.0 0.0 0.0 4.376701666440241e-05 0.0 0.0 0.0 0.0 0.0 0.0 1.3067581794799005e-05 0.0 6.884549334610073e-06 0.0 0.0005203739618767577 0.0003756914090411319 0.0010859354655801121
0.053171217600055866 0.08151541711042569 0.000926971181898989 0.2060730414173778 0.005623240230765998 0.03186823387363402 0.1168021737237707 7.742166367914462e-05 0.0017633261849303893 0.0 0.00039949619354659916 0.31536275143466386 0.5028022812350158 0.008235547985671995 7.189471962897978e-05 0.00017925967139303053 0.0 1.6402240837125623e-05 0.0 0.0 0.0 8.745667797127146e-05 0.0 0.0 7.098459450653318e-05 9.301863475496348e-06 0.0 2.1594630170784228e-05 8.928668463752374e-06 0.0 0.0007042650225978455 0.0 0.0011732668237667884 2.3199388840418905e-05 0.0 7.758236051674928e-05 0.0027393276587953604 9.861759103682194e-05 0.00024731899762127477 8.485652846692804e-05 0.0 3.886953647493347e-05 0.0 5.861903868184975e-06 0.0 0.0 0.0003852816765869279 0.00013265414274585624 5.9166809336251415e-06 1.8614109376536787e-05 2.7053211301382875e-05 0.00035508472426548784 0.00014688804646379797 4.022670879014323e-05 0.00034174547602585715 0.00047164802519303437 0.0030435731245584156 0.0025668468528208584 0.0019156191936690432 0.0004393274984501414 8.105474319858141e-06 7.547264484918414e-05 1.8667658223125354e-05 0.00010521584847051883 8.250387967474313e-05 3.467535465496593e-05 1.9469304500924735e-05 1.0691091147241945e-05 0.0 0.0 0.020274185908538626 0.0008228449423110776 0.00017927656738872123 0.0029268381360357493 0.0004034955409098629 0.00027826983264495796 0.00010118204606801002 2.4857527111211016e-05 0.0 9.38848124804605e-05 0.0 1.821084917139891e-05 0.00029392633936960383 5.211286945445095e-05 7.606870210869725e-05 0.0001675520082434191 7.54356181629966e-06 9.701483544463921e-05 6.655100244977543e-05 0.0001310393411610905 7.979983284715215e-05 6.413620354068788e-05 1.1754709641112123e-05 2.3683934431535062e-05 3.3384531306662014e-05 0.03399310790390414 0.0035470845055020853 0.00022834685531264125 0.0013573875138340886 0.02072517003618374 3.859467917597957e-05 0.0005522483318345772 0.001578704061432689 0.0015422008017454986 0.0005490139925117761 0.002450482386047765 0.0016857723983440785 0.0004093318509945683 0.007393224772250649 0.005907457465788836 0.0008482249776472173 0.001091426473863435 0.014683282472807778 0.004950966077436832 0.001575219974987489 6.932316376639012e-05 2.467688718045484e-05 0.0 0.0 0.0 0.0 0.0 0.0 0.0 0.0 0.0 0.0 0.0 0.0 0.0 0.0 0.0 0.0 0.0 4.623595949788956e-05 0.0006032221322983506 1.962747149316933e-05 0.0 0.0 0.001692207026032398 2.7407194577741984e-05 0.00045543844513032817 0.00032681027837526703 7.512824195174769e-05 0.0 1.425715763235839e-05 0.0 0.0 0.0 5.6787468024685715e-05 0.0 0.0 1.0997675507377333e-05 0.0 0.0 0.0 8.35629061118555e-06 7.2105364259783e-06 6.394648383044686e-06 0.0 0.0 1.1298611556136514e-05 0.0 0.00020105971691861642 0.0 0.0 0.0002213525730859124 8.231479242584214e-06 0.0 0.0 0.0 0.0 0.0 0.0 7.814270902939602e-06 0.0 0.004356438667477978 6.191396175168974e-06 0.0 0.0 0.0 0.0005337301730625811 0.0 0.00021368236742839165 0.0 0.0 9.255315544331946e-06 3.215889123886079e-05 0.0 0.0 0.0 0.0 8.74184121910239e-06 0.0 5.9214972915567586e-06 1.5226897248893101e-05 1.491948025561261e-05 0.0036459191541441793 0.0006195920479378312 0.0011559536333304774
0.00753747548109504 0.06848267247367172 0.18082989606940697 0.0005400117070433868 0.09157296473041676 0.000478063905721279 0.004676774025857557 0.22854224162839817 0.1050371765283546 0.00039949619354659916 0.0 0.0042569442991257965 0.05873914832061475 0.21384818761440913 0.0012983905361706692 0.0011594157052951712 7.293920285377432e-05 3.4548036210972164e-05 0.0 6.24559413576046e-06 6.805480044228776e-05 3.637823353322216e-05 1.0781964388848705e-05 0.0 0.00033651616773854444 8.132485142995586e-05 7.19186981041578e-06 5.289535259545311e-05 3.709269122596958e-05 0.0 0.010540994827970548 0.002037617783749542 0.03928412101115556 4.11351835997112e-06 6.096931328009513e-05 0.00037774281931782325 0.013098938749527939 0.0014846052540775296 0.0013865412454744622 0.00032164235384251325 0.000134245530006881 4.281625360687036e-05 1.8733442019043314e-05 0.00014896909576165302 6.155053947411746e-06 6.184772153686813e-05 0.004070745109317317 8.982336903648602e-05 4.469126120588846e-05 0.00012682685908414428 5.1157401509873666e-05 2.96510804104595e-05 3.8700910930685794e-05 8.142748485007413e-05 0.0002874338110520737 0.00024095542072825367 0.0010287231048614783 0.0033732136116948214 0.0008508899766991048 0.00046672120573033356 7.43721118197133e-05 0.0012101809216402877 2.670268430220162e-05 0.0017481733733396463 0.00010990948103445076 5.764610107433728e-05 6.743117894746843e-05 8.412308130086796e-05 1.1161793277732474e-05 0.00018462657961435284 0.005365841731433579 7.123565616975071e-05 0.0 0.00201707317058539 0.0017264535990868532 0.0027832040569467096 0.0017427491187848934 0.001098540607004322 0.004817472492305996 0.03268976092692182 5.49618178989588e-05 0.0009753327855064348 0.0003450733778253984 5.43687795293346e-06 7.558817286799292e-05 0.0001922968362494131 6.62092272745749e-06 1.2555777493763345e-05 0.0001428294737349976 0.0 6.691192954671442e-05 1.6957817172374974e-05 0.00020368127325119545 0.0001309758948552836 4.531874238014822e-05 0.000506314123346378 0.0003415919619235675 0.0 0.0009732495054314514 0.001273479689611797 0.0 0.0 3.757815169399457e-05 0.0 9.099815832893906e-05 9.045109864128824e-05 0.0 0.0 1.4303379986970536e-05 0.000295288183266533 2.1243282093366823e-05 0.0 0.00030074589845866076 8.124486087348079e-05 9.675302635669481e-05 4.7429819827718465e-05 0.0 0.0 0.0 0.0 0.0 0.0 0.0 0.0 0.0 1.3521925572715407e-05 0.0 4.887853930760712e-06 0.0 0.0 0.0 0.0 0.0 0.0 0.0 0.0 0.0 5.709741350392522e-06 0.0 3.601316841947707e-05 9.288597080617813e-05 0.00013467278941806297 3.935818337902724e-05 9.787715111174403e-06 1.4549329622527358e-05 1.1227254895600813e-05 0.0 0.0 5.900621649282729e-06 1.1420158323108505e-05 0.0 0.0 4.0449679789996665e-05 0.0 0.0 0.0 1.017469614884951e-05 1.502031178963485e-05 0.0 0.0 0.0 0.0 0.0 0.0 0.0 0.00011038639494805401 5.2553256601604036e-05 0.0 0.0 0.0 0.0 0.0 0.0 0.0 0.0 0.0 0.00016351783268532115 0.0 0.0 0.0 2.890228696590943e-05 5.296831164998033e-05 0.0 0.00015891553963755727 0.0 0.0 0.0 0.0 0.0 0.0 0.0 0.0 0.0 5.630282999429792e-06 0.0 0.0 7.395134252900976e-06 6.303850112406015e-05 6.87130448623823e-05 0.00021916305989682172
0.0010685854285782535 0.005560315225356173 0.0011518458985422875 0.053881694783000283 0.0024897239600044454 0.010136988537994714 0.025373458103882553 0.003145384274925543 0.0018103186280045867 0.31536275143466386 0.0042569442991257965 0.0 0.1326250002075241 0.013918353963763732 0.0012404262584437148 0.0017954629906600387 4.851075267295346e-05 3.7586790687687886e-05 0.0 0.0 2.3247889551196277e-05 6.743731358457142e-05 0.0 0.0 0.00038347485824399147 9.997702131718114e-05 0.0 7.243037326209342e-05 2.662224922158214e-05 1.2346779097635603e-05 0.000642407051177036 0.00011906124624265396 0.0036848753371429947 1.7451417054206212e-05 2.2238940730083065e-05 0.00028343567763395054 0.012286356728154216 0.0020535661681540286 0.0028143493610880634 0.0005933646007280339 0.00016239667006516693 8.49307578817395e-05 0.0 0.0001455527373957274 4.724022892072728e-05 0.00011014901837523947 0.0011853627505489686 5.3120723617866034e-06 2.1393134988769826e-05 9.704514397082166e-05 3.556783577129231e-05 8.807301715464864e-05 9.81183856647477e-05 6.853165046404157e-05 7.364769787365201e-05 2.923103058276336e-05 0.0005203681106747747 0.0005177281150864589 0.00016773758076089692 0.00010201336433244869 0.000226983361782534 0.002033726635194308 9.149252287386276e-05 0.0004910716466817144 1.030715108972293e-05 0.0 5.909891405064749e-06 3.452018888039661e-05 2.200544116907231e-05 4.199684403550834e-05 0.03108557328389507 0.00020815638311537038 6.233743693018977e-05 0.0004262547261222709 0.0004501169500801411 0.001213252323492698 0.0006245900058771982 0.0012265546490403218 4.502114162187315e-05 0.0021647661717693004 4.0017192462214195e-05 0.0003139703238687791 7.882727893058701e-05 5.310730293096798e-06 5.011253561368261e-06 3.4557470794131884e-05 1.683889099078336e-05 1.5485180050505407e-05 7.398320281149445e-05 9.129959055908268e-06 4.0233184636910584e-05 1.8810441213500737e-05 0.0001195572203184247 4.6723208597850344e-05 5.9608074316634595e-05 0.056809537537824924 0.004323896048588013 5.0130985404777154e-05 0.005152050527638063 0.0020929623382962372 3.791235806398093e-05 0.00047882729029703427 0.0018488194289829317 0.0002015655391753173 0.00129035342850873 0.0002408963700457524 0.0012494461607302036 0.0006806256119493067 0.005081264410783055 0.00415553166227518 0.003020511460716903 0.0014099919770342662 0.013400608982588408 0.0074623482359241124 0.0036846518968099277 0.0005186027160007322 0.0002518557790931816 0.0 2.186968118438821e-05 0.0 1.1342631001341895e-05 0.0 0.0 0.0 0.0 1.106383823633888e-05 0.0 5.429505955006785e-05 0.0 3.4209636768437096e-05 9.6082350893669e-06 1.1277789950054357e-05 0.0 1.886141365524316e-05 0.00016237716741795668 0.0015637143198539392 0.0 2.4019455682190164e-05 0.0 0.0033958782196376026 9.577772611015185e-05 0.0013483187910377245 0.0012130668145272192 0.00024045058029896347 1.7215389686936962e-05 6.128697879791598e-06 8.241749517541419e-06 0.0 0.0 0.0 0.0 5.818654523676256e-06 0.00011520058395529063 0.0 0.0 3.489458866132401e-05 0.00016041728017657556 1.5016764432586428e-05 0.0 0.0 0.0 2.451127610804272e-05 0.0 0.00012906446278474458 0.0 0.0 0.0006654598089025481 9.454424977497925e-06 0.0 0.0 0.0 0.0 1.929070639055052e-05 0.0 0.0 0.0 0.008241175296001171 3.455589524831118e-05 0.0 0.0 5.840961887139548e-05 0.0015137127344760184 0.0 0.00030688285707880264 1.4219736040164892e-05 2.459178119781644e-05 8.083846249101151e-05 0.0 9.682392319982426e-05 0.0 0.0 0.0 0.0 0.0 5.996134526684184e-06 0.0 3.42270289455122e-05 0.004489203757740794 0.0012619525776920236 0.005226916050043011
0.0024150280510884603 0.1023915667414731 0.00987196515373664 0.05611895254933778 0.0751871437009884 0.005287762990040292 0.377483470755301 0.015959551890596297 0.05923411624555161 0.5028022812350158 0.05873914832061475 0.1326250002075241 0.0 0.33012845083305803 0.005617528238247462 0.006629739534886775 0.00017394451251115256 0.00012088431622518188 1.5249449712366292e-05 3.575595614619418e-05 0.00013462702654100684 4.5617295398861094e-05 1.087776409987239e-05 2.0721405989927732e-05 0.0011636934783851533 0.0003111664970038805 0.00011333888421288323 0.0002654806847332839 0.00019661175327392383 2.922675900480383e-05 0.0030131099158684856 0.0011401842983575147 0.02311049238374847 1.3238737864107279e-05 3.847926194835663e-05 0.0009505780158606885 0.08642282217245478 0.009294767502933982 0.012962545037221742 0.0026645524295076197 0.0003004329378278852 0.00019152837974832849 6.339213911255174e-05 0.0005850609553015867 8.956968236983466e-05 0.00026526354828275097 0.005721246229308072 0.00017101384537158073 7.02870885449196e-05 0.0002105772701020748 0.00011108763008660689 0.00011493402545991648 0.0001829006704431532 0.0003780109367063552 0.0003568395720264585 0.00028113656647329554 0.0010778610766841385 0.0028483297892449144 0.0007378762618978563 0.0008893410725373389 0.00047728754294366866 0.004082741214940308 0.000262414487347806 0.0028227390994223136 0.0001582753528213534 8.227593632568723e-05 7.600596473053964e-05 0.0001573220911846855 0.00015230336941378107 0.0003387035724966016 0.06500429880060676 0.00021768680438919864 8.095131316944592e-06 0.0023975928129458895 0.0024340489010766814 0.0060894134476580635 0.0034993133533240597 0.004229704354038587 0.00038090746894563 0.008135165285775204 0.0001706816087737205 0.0011383211607086433 0.0004557678283453777 0.0 6.977932132516182e-05 0.0001406516174099384 3.060375002796872e-05 1.0463854686733718e-05 0.00011333588469445925 9.768972029302643e-06 4.881334039399233e-05 1.3812294997087785e-05 0.0004255945476143279 0.00027191646213504456 0.00021063957213204518 0.05866624942434209 0.007309663564030708 1.0501190296810593e-05 0.01086801213361041 0.0023681853032191435 0.00010878829088642519 0.000212626563451476 0.0022169744229189516 0.0004097104489457984 0.0010764091119740853 0.000882507087484305 0.0014146163606889956 0.00032209354584908774 0.013417022896942226 0.004387577393477635 0.004213542024717389 0.002926571498695114 0.019011738636646923 0.010004657356313484 0.004822486242067547 0.00040818165734537147 0.0002717889873599297 0.0 4.872614025403143e-06 0.0 0.0 0.0 1.2778311446178172e-05 0.0 0.0 2.2903224969057107e-05 1.675576531562926e-05 0.00013844469844976207 0.0 5.3704614237952716e-05 0.0 5.420565140294623e-06 7.522298744725459e-06 0.0 0.00035816633216115555 0.0023414862811433792 1.0826781802472332e-05 2.2402230625196786e-05 3.45324415019397e-05 0.005592041599360426 0.00033827643441196363 0.0028221773592228385 0.0016371702976587005 0.0004524252514716165 0.00011157957047960238 5.261191543675171e-05 1.1457010666110955e-05 8.225859478630136e-06 2.9930619486640743e-05 3.2707870400798776e-05 0.0 0.0 0.00011461366458965734 0.0 0.0 3.744758869953699e-05 9.860221451165852e-05 3.362183753047209e-05 5.150675092789253e-06 0.0 0.0 1.944537870253751e-05 7.1344289986118e-06 5.98946421759616e-05 0.00018551652510786468 0.0002566240505914923 0.002407499229937482 0.0 5.9129983161719225e-06 9.159185498852329e-06 0.0 0.0 8.427878030050038e-06 0.0 0.0 3.632465477981042e-05 0.00925804607671011 5.057619740611841e-05 0.0 0.0 1.2100883498270646e-05 0.00311128751466416 1.7484396123757728e-05 0.0011525745198346085 9.761879354307381e-06 3.8620344667864676e-05 0.00027880274708494933 4.119113994556505e-05 0.00010210323807443105 0.0 4.880254199172594e-06 0.0 0.0 0.0 0.0 9.028670627192035e-05 1.7687275176044327e-05 0.0056428543648355855 0.002735589249143966 0.008256597908938505
