0.0 0.21478965549704856 0.1438662400256241 0.13361299335097335 0.011458635622878006 0.0026326768766882325 0.03830335488933377 0.006174406882351315 0.00435927455198106 0.051192982237693085 0.01723039655485014 0.007403555896180212 0.005104982699351682 0.00873620419174966 0.00014811739777067075 0.00011429407830917714 7.49890720728221e-06 8.081297835225254e-06 3.1904737348638e-05 6.6099458133084005e-06 0.0 2.7658245028462345e-05 0.0 7.9136591292792e-06 2.474410279180676e-05 0.0 1.1840821538894998e-05 0.0 1.0370935055759754e-05 0.0 0.06630026461861127 0.0004096164854347901 0.009426339884170938 0.0 0.0 8.193434357758368e-05 0.0007683643382884757 0.00010838538295637924 0.00020757095579310712 2.208298992320606e-05 2.0121874787557336e-05 0.0 0.0 1.4029766652746482e-05 3.1343189515417365e-05 9.060718609963498e-06 0.0013999688797472272 9.192773881830316e-05 3.677123896843824e-05 0.0 0.0 0.0 1.1276441093005435e-05 6.971602288012087e-06 0.0006809027561701553 0.0013199236690207572 0.017846072096212653 0.08338102472663876 0.008648165455112378 0.0012442982469226586 6.592969639696537e-05 0.000638924212701311 0.0 0.0013341081132230731 0.0006114316516918287 0.00025867761486866224 3.863944008879625e-05 4.3657101838038455e-05 1.683004090934701e-05 7.699999202252236e-06 0.009367390163389548 0.0003792105317923635 2.4546627952373133e-05 0.007467463700461965 0.0034838081421260762 0.0005471416562404798 0.00031960031675835367 2.0913678646924808e-05 5.92585079604321e-05 0.02031655086591744 1.8916570463236558e-05 0.0007060567244841722 0.0023520483476235188 0.0 0.00013620038536708143 0.0004294991280093848 4.4539074130289135e-05 9.064191562074048e-06 6.335333003948758e-05 0.0 9.742670586448559e-06 7.866241612471384e-06 2.1819753874785283e-05 0.0 2.1638236700802034e-05 0.03735373844138122 0.002101586327812303 4.838291109954686e-05 0.00018178628933874635 0.10500205803052157 0.0 0.0 2.2400715173617524e-05 0.0002720264351573603 0.0 0.0004003249930639129 0.00032449222041511103 6.339946433638258e-05 1.972272415161909e-05 0.0001009241103022131 0.0 6.564750935030751e-05 0.00016004621516220048 4.6495084972868844e-05 0.0001270611082881587 0.0 8.769104979005547e-06 0.0 0.0 0.0 0.0 0.0 0.0 0.0 0.0 3.09915853535356e-05 0.0 0.0 0.0 2.6517820811139086e-05 0.0 6.358331417547466e-05 9.521116061825338e-05 1.476932249816901e-05 3.530908674393589e-05 3.3480920179085365e-05 0.0 0.0 3.006819555045556e-05 4.0357878645953975e-05 4.8713172519146124e-05 3.393512412557002e-05 0.00011661258416620558 2.4322105759361462e-05 0.0 0.0 0.0 0.0 0.0 0.0 0.0 0.0 0.0 0.0 0.0 0.0 5.251625582153928e-05 1.533809130205742e-05 0.0 0.0 0.0 0.0 0.0 0.0 0.0 4.0582060976265966e-05 3.5435754524992537e-05 0.0 0.0 0.0 0.0 0.0 0.0 0.0 0.0 9.82186685381987e-06 0.00021734834700705793 0.0 0.0 0.0 2.037337191480544e-05 1.8600961255166463e-05 4.81265987213388e-05 5.934526315539871e-05 0.0 3.586253822181557e-05 0.0 0.0 0.0 0.0 0.0 0.0 0.0 0.0 0.0 2.268173779349312e-05 0.0 0.00017901962845603026 0.00011620095262847185 4.6212124182718996e-05
0.21478965549704856 0.0 0.08287692345611097 0.11613300290062852 0.13014578589960743 0.0005401757433175861 0.17877614435233014 0.023719912794270583 0.06868633648960143 0.09778464564517357 0.07347446828711005 0.007991444601809103 0.02267416395640705 0.08376146330306397 0.0009547175037499554 0.00038822802177269986 6.39376029350552e-05 3.9449944654992076e-05 0.0 7.2397888972153035e-06 2.6464295929855158e-05 1.9891099120871555e-05 6.675520891882461e-06 6.751385234282148e-06 3.407024908816093e-05 7.579829468961988e-06 1.4363769103071755e-05 1.4260091921948015e-05 6.398990304010552e-05 6.738077227374508e-06 0.06982391823252017 0.0012236314699510765 0.024299753153499935 0.0 1.918261117300142e-05 7.435203215802796e-05 0.0004977430632395397 0.0001920408115733764 0.00017083496662157087 5.099467336312456e-05 8.68460494774708e-06 2.7245827677346332e-05 1.4426931474106786e-05 5.462197840672868e-05 2.212188546222658e-05 2.7472140660919497e-05 0.005906952789706464 0.00038363137304221734 8.465709229372907e-05 1.648527211690179e-05 6.139276884827645e-05 2.6722081469933416e-05 7.508350625902933e-05 0.00010324380472580426 0.00094675872991188 0.002269858496538831 0.005841655965300606 0.03241259400861442 0.00739596613509733 0.0033946676192136167 6.309793941974165e-05 0.0014410766816390875 2.610560483661336e-05 0.0036024184379704833 0.001231997617831907 0.0005519774606354104 0.0002552137139052919 0.0002003199247459924 5.411839399812404e-05 5.143272779642929e-06 0.0015628797594895835 2.2304251975330336e-05 0.0 0.01045931608463858 0.00455140524294521 0.0029251316227246154 0.001973191156786721 0.00014964623042159288 0.00020201089413866998 0.0356332871232979 4.681202726855628e-05 0.0014785023697508888 0.003650199050110974 3.392090579483314e-05 0.00038596931396360837 0.0007681275886613642 8.500606585478958e-05 7.721215591841336e-05 0.00015117788806209528 3.0486621801153385e-05 8.005074890033103e-05 2.3728605750311877e-05 2.221577586811432e-05 2.7524846695437286e-05 3.5105553454844614e-05 0.0011037027818983592 0.00025388443275018704 0.0 0.00023873754312091032 0.03779298069799762 0.0 4.3138545048183825e-05 0.0 0.0002744446567304747 0.0 7.414647176262887e-05 0.0 0.0 0.0 6.488836216720625e-05 0.0 0.0 0.0 5.031263245060593e-05 0.0 9.840136220885446e-06 0.0 0.0 0.0 0.0 0.0 0.0 1.1078704527530196e-05 2.4199476944743248e-05 4.929657257107009e-05 2.8163462683797598e-05 0.0 0.0 0.0 0.0 0.0 0.00014106970625914558 5.668845923762405e-05 8.6722466506264e-06 0.0 2.0915047626584258e-05 0.0 0.0 0.0 0.0 3.0404096785097358e-05 0.0 7.911777369860526e-05 8.267658846750666e-06 0.0 0.0 0.0 0.0 0.0 0.0 0.0 0.0 0.0 0.0 0.0 0.0 0.00010326438960602937 0.0 0.0 0.0 2.191222956248202e-05 0.0 0.0 0.0 0.0 0.0 0.0 0.0 8.604241712563975e-06 0.0 0.0 0.0 0.0 0.0 0.0 0.0 6.284441709195787e-05 0.0 0.0 0.0 0.0 0.0 0.0 8.436136727699107e-05 0.0 5.02208568165448e-05 0.0 0.0 0.0 0.0 0.0 0.0 1.5090894232031984e-05 7.011899840075962e-06 0.0 0.0 0.0 5.026828005066906e-05 6.76946084784604e-05 3.4273040396629356e-05
0.1438662400256241 0.08287692345611097 0.0 0.027174020792456982 0.09321327720965293 0.00021732821570060406 0.014166609362734523 0.097956837861427 0.05038888933505901 0.0006498840999585184 0.13170400526800558 0.0015092383847068393 0.005318491937610181 0.10027734899986056 0.003512806453709485 0.0019135679259641993 0.0010465732685420697 0.00010691667424043129 0.00012670216499773604 0.0002224884317475264 0.0008046215225361296 0.00026437644786306627 0.0004975007379583814 0.0005261599224701595 0.0006877155040913076 8.370878388456001e-05 0.0010396053329596697 1.1205525405616036e-05 0.0004012792951264867 0.00020426606229362578 0.2568624287593077 0.07361627734021493 0.030465213111531487 0.00020086227065430984 0.0004791401479326645 0.000674897720223745 0.0010358642825406856 0.0009211473623067442 0.000669722223695742 0.0007225958619803151 0.0001634599041115371 0.0003064010169997931 0.00016395535595512998 0.00023155656444640198 0.00013262304839867613 0.00030065864028810024 0.009544504896988288 0.0007212762964516194 0.00023475368144886978 0.00026938729203007867 0.0003473446728307967 0.00013847477259888973 0.0005197060619367801 0.00036991390273029084 0.001052150822643793 0.002631558169062161 0.005900675337607198 0.046846380969488545 0.0072644862923904275 0.004050646220956764 0.0022254098690841586 0.005360615616427451 9.876373906543e-05 0.050734619109298176 0.0015240244983281445 0.0009839049981581827 0.0003469396371704661 0.00045487307070881153 0.0007102369003804084 0.0006677432146301409 0.004233312729277386 9.528698430418056e-05 0.00014559549838117521 0.015784870810651976 0.01425630834549407 0.00728579510271746 0.00635787722122407 0.0022261527797238184 0.013791249923821244 0.13289597244425674 0.0029758880885449356 0.03450315968553036 0.003338173353711046 2.5910460121259027e-05 0.0005709734080967436 0.0008372335668891636 0.00015815955917962126 8.181668628724153e-05 0.00025058198689740076 2.0301914352868706e-05 0.00012485882213401567 8.341998571432164e-05 0.00044880424285130007 0.0001851160328365194 0.00024195050407775707 0.002531783831742542 0.0017123701168072132 1.937296160088942e-05 0.00083006373444069 0.019504607641220903 8.954734174026226e-06 0.0 0.0 0.0 1.0957327169955658e-05 3.61725158731891e-05 1.1173545913719648e-05 1.237661921411281e-05 5.2763073007649937e-05 0.0 0.0 0.0 2.5462447393224987e-05 0.0 6.482011837236798e-05 0.00010216591397470729 5.9997757611796223e-05 0.0 0.0 0.0 0.0 0.0 0.0 3.1717870036978675e-05 2.789589227425549e-05 0.00022402219717202425 0.0 1.801490328635379e-05 0.0 1.052439354641189e-05 0.0 0.0003462452868756454 0.00032961945072244305 6.550938025555438e-05 0.0 3.511463954118764e-05 0.0 0.00017471435577024453 1.270136405860177e-05 0.0 2.8567278649953493e-05 9.338678526946202e-05 0.00028773304307859584 9.575913871852472e-05 0.0 4.4134701043408716e-05 0.0 1.7524694221939348e-05 0.0 7.922511695008386e-05 0.0 0.0 0.0 0.0 0.0 0.00012884730720928657 0.0004312587598315158 0.00012170200458938388 0.0 0.0 7.915518527638007e-06 0.0 0.0 0.0 0.0 0.000155555917411165 0.00013271806130435893 0.0 0.0 0.0 1.5717995545075677e-05 2.0182157536877133e-05 0.0 0.0 4.311939584964337e-05 1.2096616817593634e-05 0.0001429741627888421 0.0 4.013849632042474e-05 0.0 0.00011368277394146605 3.3764764612254375e-05 0.00017526649417111444 8.172842108547653e-05 1.5136381836911525e-05 0.0 0.0 0.0 2.0663635623825416e-05 0.0 0.0 9.177821955868037e-06 0.0 5.4831606355148414e-05 3.7855339360449934e-05 0.00013046848722591409 9.395275004726377e-05 0.00015332897056543032 0.0005767115673346736 0.00010637677089674985
0.13361299335097335 0.11613300290062852 0.027174020792456982 0.0 0.00854814546503343 0.009222024943268526 0.10650373676216913 0.0022795364280454203 0.002428254584275994 0.0889007158550907 0.002368530906556139 0.05223307725880612 0.08531782639793432 0.010843426239100151 7.873791011205949e-05 3.040114474404052e-05 1.1227693982495884e-05 0.0 0.0 0.0 0.0 1.106296666113419e-05 0.0 0.0 0.0 1.3511826062552954e-05 0.0 0.0 0.0 0.0 0.008075172947174246 9.612441361927959e-05 0.0017076043091998683 8.908549691797993e-06 0.0 0.0 0.0005672742287623598 0.0 2.230720211061504e-05 0.0 0.0 0.0 0.0 6.877868790697847e-06 2.282460336729076e-05 0.0 0.001534062606159737 0.0001353573759511338 5.204900495893123e-05 0.0 1.557150773368258e-05 0.0 1.1040639905166081e-05 0.0 0.0005339961475360465 0.0010711505584625276 0.005456528377533032 0.031161286011562674 0.004848206973937634 0.0013268263414359575 0.0 2.0821929058416353e-05 0.0 0.000765889202100684 0.0005821532405175213 0.00020553741496327063 5.7788446781516646e-05 5.09735408910357e-05 0.0 0.0 0.002418204313806555 0.00020980596786657107 0.0 0.00557769142658275 0.0026919079459765387 0.0007826498906910601 0.00041509059994165133 7.753825830792888e-06 0.0 0.00010906787299586732 5.786256480137162e-06 1.4479665459949401e-05 0.0015405321543741789 0.0 9.027485119993895e-05 0.0002744143301782877 3.0869908789733875e-05 1.4777226370523052e-05 5.6562430525494275e-05 8.237541929499996e-06 3.014490796146099e-05 8.781388951012468e-06 0.0 1.8008429378367928e-05 7.334700796974227e-06 0.007995186877639579 0.0001629157972697551 6.149865736034896e-05 4.345016293411918e-05 0.050698844765764556 0.0 2.137039376584279e-05 3.304000327601472e-05 0.00012796785561832992 0.0 0.0006867060267487701 6.865586851514548e-05 0.0 8.239485562987735e-05 8.160560804621737e-05 0.0 1.825098398744148e-05 0.00012794954495953456 0.00010102235666797317 5.1798071304981465e-05 0.0 0.0 0.0 0.0 0.0 0.0 0.0 0.0 1.5382681288255384e-05 0.0 0.0 0.0 0.0 0.0 0.0 0.0 4.1779532577059555e-05 1.1249841595882102e-05 0.0 0.0 1.4491084846658634e-05 0.0 4.1631696749500626e-05 0.0 0.0 3.609169588794792e-05 4.1208437460636145e-05 6.553393930596486e-05 2.5538013164654864e-05 0.0 0.0 0.0 0.0 0.0 0.0 0.0 0.0 0.0 0.0 0.0 0.0 0.0 0.0 0.0 0.0 0.0 0.0 0.0 1.518524075272042e-05 0.0 0.0 0.0 0.0 0.0 0.0 0.0 0.0 0.0 0.0 1.1902027317191681e-05 0.0 6.77554013394584e-05 0.0 0.0 0.0 0.0 2.11939065598148e-05 0.0 9.171838085427099e-05 0.0 0.0 0.0 3.862480248818688e-05 0.0 0.0 0.0 0.0 0.0 0.0 0.0 0.0 0.0 5.570743507325218e-05 0.00010703034656121253 2.4164171880449063e-05
0.011458635622878006 0.13014578589960743 0.09321327720965293 0.00854814546503343 0.0 6.466990032962438e-05 0.16798330487829893 0.029543891327875726 0.2396656133796863 0.017330605256075302 0.07531600183870464 0.002712042263550449 0.050479902470954345 0.0906465485439381 0.00031649788931556076 5.559724968024392e-05 3.8722683580951975e-05 0.0 3.486133447142871e-05 0.0 2.2028441642278798e-05 0.0 0.0 2.6827312490614957e-05 3.517456464060104e-05 0.0 1.1961146910243978e-05 0.0 0.0 0.0 0.00411680620895429 0.00018776227432979397 0.001220062501863429 0.0 0.0 0.0 4.391421972260762e-05 1.3465559632122365e-05 4.301925641688321e-05 0.0 0.0 0.0 7.003921642608157e-06 1.3662929018830488e-05 0.0 0.0 0.001640232286961311 5.200477961047087e-05 2.642030499136898e-05 0.0 6.293277631181549e-06 0.0 0.0 0.0 0.00019224386397262904 0.0003111893895846247 0.000281348353180576 0.001180075100876193 0.0007631226720809886 0.0006193839910078756 1.075596582585542e-05 0.00014900124661322954 1.0465829168311959e-05 0.0005127247014601142 0.00011008160275132386 0.00010648066533589842 4.697195172647699e-05 4.6067308368756844e-05 0.0 1.3060767275369447e-05 0.00047891993214944933 0.0 0.0 0.0012018666829918334 0.0006537268709658883 0.0007111691285194522 0.0005454675364146177 5.914917762386079e-05 1.2857956273922164e-05 0.0009540372225003867 1.7857974384620625e-05 0.0002633977366708244 0.00034661930545901404 0.0 4.731030632513031e-05 5.743509057977373e-05 1.3625629246355e-05 0.0 2.5974509946857523e-05 0.0 6.5055552381440215e-06 3.739116759037524e-05 8.769623984287114e-06 1.2227093601916221e-05 0.0 0.000550050942569703 0.00011277084735785462 0.0 2.517276303893793e-05 0.001766596254904224 0.0 4.544404146927439e-05 0.0 0.0 0.0 1.3596511588967126e-05 0.0 0.0 0.0 0.0 0.0 2.6198212657845664e-05 3.379055733250183e-05 0.0 0.0 0.0 0.0 0.0 0.0 0.0 0.0 0.0 0.0 0.0 0.0 0.0 0.0 0.0 0.0 0.0 0.0 3.0111807240284346e-05 0.0 3.109339170166765e-05 3.955664629651427e-05 0.0 0.0 0.0 0.0 0.0 0.0 4.1272280827585294e-05 8.608188312578979e-05 5.6155883587850666e-05 0.0 0.0 0.0 0.0 0.0 0.0 0.0 0.0 0.0 0.0 0.0 0.0 0.0001621661478197808 0.0 0.0 0.0 0.0 0.0 0.0 0.0 0.0 0.0 0.0 0.0 0.0 0.0 0.0 0.0 0.0 0.0 0.0 0.0 8.121828145594107e-05 0.0 0.0 0.0 0.0 0.0 3.0494387187398025e-05 0.00010199104794551966 0.0 0.0 0.0 0.0 0.0 0.0 0.0 0.0 0.0 8.078825413492259e-06 0.0 0.0 0.0 9.927687139249479e-05 6.0902666507102284e-05 0.0
0.0026326768766882325 0.0005401757433175861 0.00021732821570060406 0.009222024943268526 6.466990032962438e-05 0.0 0.0005031656672662771 0.00015502546479156422 0.0 0.013184438709978364 0.00034100478191865363 0.005473395156647329 0.003759821215030239 0.0014775476439716413 1.083755447252952e-05 0.0 1.225091448324815e-05 0.0 0.0 0.0 0.0 0.0 0.0 0.0 0.0 0.0 0.0 7.345400437068999e-06 0.0 0.0 3.866834302918882e-05 1.0871252335645783e-05 0.000985991450845929 0.0 0.0 2.3688226885303037e-05 0.001149689882034734 2.4382352299010448e-05 0.00014073478967344672 0.0 0.0 0.0 0.0 0.0 9.225968112893666e-06 4.5653698004276345e-05 1.8605871159476414e-05 0.0 0.0 0.0 0.0 2.2748732037059862e-05 0.0 2.3770871965004366e-05 1.775108216588365e-05 1.6698592181229073e-05 0.0029766234351749406 0.0010500980106459995 2.4719243264654312e-05 0.0 8.310701345964663e-05 0.00041569195935503816 1.069564559635005e-05 0.0 0.0 0.0 0.0 0.0 0.0 0.0 0.02086973216819705 0.010709044086778228 0.00010540656453034589 3.2180500037385854e-05 0.0 0.0 0.0 0.0 0.0 0.0001412546169780665 4.102423568895411e-05 0.00010832439888290899 2.7452358110768616e-05 2.0585667308974625e-05 0.0 0.0 0.0 1.7749450189667807e-05 0.0 4.032559931257301e-05 0.0 0.0 0.0 0.0 0.0 0.05304879896265136 0.01405300947209428 0.0010869865632305354 0.0005375980892933939 0.026174248984629788 0.0 0.00011110451896378988 0.00010795384944010661 0.00023373163617427536 0.0 0.00039919481046611166 0.0002583359804361427 0.00018818630799740781 0.00014875296388833733 0.0003562308214415128 0.0 0.0001173156044537839 0.0005305475727922883 6.911616839147335e-05 0.0 4.951589327663321e-05 0.0 0.0 0.0 0.0 0.0 0.0 0.0 8.148397150363075e-05 1.0359863154838791e-05 0.00025343651658127516 2.2974555872448447e-05 0.0 9.147661841115349e-06 6.789134260778594e-05 0.0 0.00020901986480695485 0.0002772140822533198 1.8477765790962987e-05 3.087129682711481e-05 0.0 0.0 1.2532566007932509e-05 0.0 0.00015165537482690877 5.026788237954757e-05 0.0001169083816022852 0.00029450841563164414 0.0002523777635940858 0.0 0.0 0.0 0.0 0.0 0.0 0.0 0.0 0.0 0.0 0.0 6.143247179943024e-05 0.00021240790396895507 8.883058972910214e-05 0.0 1.6795788466535745e-05 0.0 0.0 0.0 0.0 0.0 1.09693805435327e-05 2.9865098683186114e-05 0.0 0.0 0.0 0.0 0.0 0.0 0.0 0.0 0.0 0.0007047444294762202 0.0 8.044738645806379e-05 1.040010798053991e-05 4.3236719629859674e-05 4.7867047165736975e-05 6.337466388816671e-05 0.0001462468169761576 0.0 1.3849523169815303e-05 1.564268578237098e-05 2.384598289214832e-05 1.4254071587733313e-05 0.0 0.0 0.0 0.0 0.0 0.0 0.0 2.1697546871069096e-05 0.0009292882123452988 0.0002123467890324641 0.0001451281503241876
0.03830335488933377 0.17877614435233014 0.014166609362734523 0.10650373676216913 0.16798330487829893 0.0005031656672662771 0.0 0.0034818442020008475 0.07845208226177389 0.08449803442470784 0.029270613855579816 0.0305996885298013 0.14070425868145847 0.2518133915126301 0.0015557427927170551 0.0006919744264926882 0.00022295298213100115 1.4608165323297408e-05 1.1966704141826776e-05 7.543103969160352e-06 1.6386018868190324e-05 0.0 0.0 4.9131099457541244e-05 3.3043081733290704e-05 7.0752693050177095e-06 6.780309011116858e-05 0.0 2.553463804218122e-05 0.0 0.01068346521639976 0.0009077322649800648 0.01023932863579597 1.2507521620881723e-05 4.599531528484659e-05 6.126013663565478e-05 0.0009630986252825506 4.765671916368164e-05 0.00012721930325785533 9.651417705687546e-05 6.634994647160858e-06 2.1443877798829952e-05 0.0 3.915340269726008e-05 3.724859042342929e-05 5.084710751995322e-05 0.00547184403090908 0.00029673669842365444 4.6302741742571686e-05 0.0 5.427745164734623e-05 5.154921430741536e-05 1.736005647186859e-05 2.3094144345233638e-05 0.0006149664969291705 0.0012869313640453133 0.0020969650133081694 0.008946350993624456 0.003927852464300195 0.0024527246884888045 7.792085350121975e-05 0.000624490647234358 7.467731951232164e-06 0.001767929695089413 0.0008073796099852106 0.00041862033453335043 0.00018456546987395832 0.00010840560319886671 1.2204537200404308e-05 1.0360145209116652e-05 0.0036939856955402407 5.513379003369509e-05 0.0 0.00535896596068102 0.0027179140993641372 0.002639893978003286 0.002332062401399141 0.00017158107578215203 2.5718745795770626e-05 0.0033461696458501364 3.9289208655765113e-05 0.0011388734562227487 0.0021556328303676984 6.2598669044022096e-06 0.0002492828855500275 0.0005480616836262339 3.379499778160606e-05 2.6105457456900602e-05 0.00012858400128255374 2.5536977059863874e-05 6.037513543620396e-05 1.5703605059588124e-05 3.443526416864631e-05 1.7569180661183947e-05 3.568577023202447e-05 0.01035475710845939 0.001229603874631516 2.1886847853761086e-05 0.0004095829343161292 0.007954850805473796 9.86488711902547e-06 0.00012550708259995836 6.068151562501995e-05 0.00023534239606405643 1.8893100879237184e-05 0.0009496369267447998 0.0001817700940870349 7.394166732351505e-05 4.471586244831647e-05 0.000266507136063391 0.0 2.980029988913357e-05 0.00035775208245969193 0.00010276586883402129 0.00012203225203332071 0.0 0.0 0.0 0.0 0.0 0.0 4.503408701103064e-05 0.0 1.667502984965185e-05 0.0 1.8771236914507594e-05 5.900555164697621e-05 0.0 0.0 4.6890880814569685e-05 0.0 0.00031145146755883716 0.00014339668327337062 6.260309424694914e-05 6.234399181831679e-05 1.3734721996665222e-05 6.574319308778626e-05 0.00020580300273452168 6.101484025571802e-05 2.323290234479551e-05 7.530730807016915e-05 0.00015324265496857245 0.0005041418437815626 0.00036701908629372797 0.0 0.0 0.0 0.0 3.263529604375107e-05 0.0 0.0 0.0 1.8169498252463358e-05 0.0 0.0 0.0 0.000496416546724564 2.6145943680407097e-05 0.0 0.0 0.0 7.0199212350457825e-06 0.0 0.0 0.0 3.216316005187098e-05 7.257101058456813e-05 0.0 0.0 6.781735926249607e-06 6.443994350970475e-06 0.0 0.0 0.0 0.0 0.0 0.0007258190664624559 0.0 0.0 0.0 0.0 4.525159913882556e-05 0.0001244214677543465 0.0002950457690521919 0.0 0.0 0.0 0.0 0.0 0.0 0.0 7.304466357107781e-06 7.034555659368246e-06 1.5957145809835993e-05 0.0 0.0 3.387660421548688e-05 0.0006403302456533791 0.0004923103668787654 9.389509345196358e-05
0.006174406882351315 0.023719912794270583 0.097956837861427 0.0022795364280454203 0.029543891327875726 0.00015502546479156422 0.0034818442020008475 0.0 0.032163758410328494 0.00031080805220095144 0.05480534285010153 0.0017134944569428667 0.004597865718460619 0.06165310687284615 0.0074927685430396015 0.004408084999557428 0.002003376832390709 0.00018842297122951534 0.0002174547551596694 0.00040258020251059866 0.0020974229284282837 0.0008775187676437488 0.0021949892092333247 0.0020505949171310952 0.0024765778771054436 9.839604701033447e-05 0.0036074838018318412 0.00027707531980695625 0.001015321094257626 0.0004904340960838764 0.07397592890069223 0.12489943389645085 0.01793416618250806 0.0008704689708892576 0.002067738679263571 0.0028909906974410983 0.0023499158762557214 0.0029676974260692403 0.0023007631424727584 0.002238416451445823 0.0004963199863318972 0.0010585863966581575 0.0004703131087508826 0.0026309540980526368 0.0007535742384270947 0.0013462614890172853 0.012315214644088137 0.0008353103740782252 0.0003668603882001844 0.0006426166462375493 0.0007500358414657268 0.0007093136757442478 0.0008623689679004024 0.0007710961470454114 0.0007302710721689843 0.0014175435817479513 0.002128944781541522 0.010911068268595574 0.003081912133415266 0.004495334962830691 0.007395684272667196 0.019992483724803597 0.000607632755370844 0.03936579567013951 0.0009744920255180353 0.0008626468872879642 0.0002991575181994635 0.0006093399924345747 0.0019110634167455519 0.001557510669544755 0.006183750936553284 0.0004642147960572161 0.00022352984347868616 0.010293649669276046 0.008423724915226 0.010192366939664679 0.01874667535419519 0.01722201548286762 0.07779249473552424 0.12429418529824657 0.016291392974010187 0.19512276016802438 0.002487131461999099 1.3754044620471124e-05 0.0006728101228021953 0.0006333902061284204 0.00042901051915831704 8.274182431863843e-05 0.0002535263260937372 5.6693705193089376e-05 0.00015250533459387923 9.650312230790382e-05 0.0014945109294817265 0.0008283838756996336 0.0008021654110364314 0.006528594218008666 0.002513126339568157 7.84192523038104e-05 0.0024286906833870755 0.00287945748404354 0.0 1.158941588870998e-05 0.0 0.00010724238658191383 2.1768011525716863e-05 0.00011605145623811478 9.209164475186916e-05 0.0001060767921965781 0.0002105216704325352 8.560094754864624e-05 0.0 6.708428621866275e-05 5.793602977663731e-05 2.8187760008166463e-05 0.0001674469846327351 2.497654410334966e-05 1.3198066723980926e-05 0.0 0.0 0.0 2.209890185012489e-05 0.0 0.00013567446784993486 3.384430518912705e-05 2.7343571554516798e-05 0.0006853994623976663 0.0 5.254371609241601e-05 1.3459672066700637e-05 0.00016738533226849848 0.0002600781839719827 0.0010333423602819245 0.0009537663087312398 0.0002384707153272484 5.726561216844773e-05 9.420862536839261e-05 4.9795961104662795e-05 0.0001091306764464812 0.0003417400338953092 0.00011408447068899367 8.99756748298414e-05 0.00015106464898684895 0.00044110793576495537 0.00040569486755160944 6.546159111317775e-05 0.00021731199630911201 0.0 0.0 0.0 7.898756245186859e-05 0.0 0.0 0.0 0.0 0.0 0.0004764292855174045 0.0007377369866488449 0.0005855926554850801 0.0 0.0 2.4018697304581172e-05 0.0 0.0 0.0 3.850498087594228e-05 7.804895950499055e-05 3.718472101092746e-05 5.211762673191214e-05 0.0 0.0 0.0 1.4904736502869002e-05 1.1818360108361776e-05 1.1115215310336518e-05 0.0 0.0001257430699182108 0.00031412060626920935 5.002666117572005e-05 0.00013074448432463614 0.0001384543998946304 0.0005921200705650161 3.378727432234867e-05 6.224928256566292e-05 0.00030386922982913783 0.0 1.817907539276311e-05 1.907722260848901e-05 0.0 9.410823056216463e-05 0.0 8.216929097950086e-06 0.0 0.0 2.7117534272647673e-05 5.500042473405392e-05 0.00044555776444443366 0.00014893835549709686 0.0005230437080363925 0.0005977200397234842 0.0003368690378295273
0.00435927455198106 0.06868633648960143 0.05038888933505901 0.002428254584275994 0.2396656133796863 0.0 0.07845208226177389 0.032163758410328494 0.0 0.01616503108335891 0.17362148717849568 0.008226754675977534 0.07531801087575146 0.09014727998378409 0.0004777613903915749 0.00021376097043097845 8.630580881211928e-05 1.826835383005333e-05 0.0 1.8737747415812818e-05 1.9911572831054685e-05 0.0 3.3939891096968886e-05 7.5554114456904306e-06 1.0771809144976931e-05 0.0 9.645505428753627e-06 0.0 3.684997213317765e-05 8.380565682385895e-06 0.0026997903440900213 0.0003166328097252745 0.005238349834886691 2.6287867167506375e-05 1.1871824640194358e-05 9.760333917971151e-06 0.0002147629040920978 4.944849945617283e-05 4.548191043236467e-05 1.086284152790045e-05 0.0 1.079609503471291e-05 0.0 3.2306875600046514e-05 0.0 1.048300843370904e-05 0.0013083535395461822 2.651995146440026e-05 0.0 6.598280581992109e-06 0.0 0.0 0.0 2.068368561733436e-05 7.961534666659855e-05 0.0002392262021573112 0.0002525343812197014 0.000783882810289059 0.0006099269080008539 0.0005967233996621337 3.680375715859506e-05 0.00022977201973549833 2.075224767612131e-05 0.0006026633846173107 0.00013898180010250797 0.00010042381271530591 7.1440740321248e-06 2.1523527639972425e-05 9.91630040476971e-06 2.2262324352822776e-05 0.0021307067669922553 0.0 0.0 0.0011177744215414784 0.0004193469832192737 0.0009047341385411452 0.0005430603670494455 4.0989267311072694e-05 3.577412691085257e-05 0.0056155627718882115 4.7174060133259143e-05 0.00041503924255855676 0.0003260577232984425 0.0 2.7469252145600915e-05 9.856474596085204e-05 1.190496982938778e-05 1.3279470510756705e-05 5.472277342510766e-06 0.0 1.2756610487392485e-05 1.420794681969905e-05 0.0 0.0 0.0 0.0020674531850669803 0.00028901594282168384 0.0 2.450735062366568e-05 0.0012511205993001782 0.0 0.0 0.0 0.0 0.0 0.0001783286037336072 0.0 0.0 3.974354410052797e-05 2.0164032373237394e-05 0.0 2.565197770383208e-05 6.359341857940196e-05 0.0 0.0 0.0 0.0 0.0 0.0 0.0 0.0 0.0 0.0 3.500687193777746e-05 0.0 6.0590945709470954e-05 0.0 2.6916513426504492e-05 2.756941571814162e-05 2.092815933896068e-05 0.0 0.00010611002378077552 8.90990914259671e-06 1.099334753406263e-05 0.0 0.0 0.0 0.0 3.1074684642265475e-05 2.3644081579272877e-05 3.0103332906800745e-05 4.360605890734827e-05 0.0001093115532810228 5.01454924217052e-05 0.0 0.0 0.0 0.0 0.0 0.0 0.0 0.0 1.8510980858468497e-05 0.0 0.0 0.0 0.0 0.0 0.0 0.0 0.0 0.0 0.0 0.0 0.0 9.953423575692837e-06 3.8583957979516596e-05 0.0 3.374614267734147e-05 0.0 2.052451806858499e-05 0.0 0.0 0.0 0.0 0.0 0.00011438808941396765 0.0 0.0 0.0 0.0 2.723618002347712e-05 0.0 7.475503308896202e-05 0.0 0.0 0.0 0.0 0.0 0.0 0.0 6.9858257008080226e-06 0.0 0.0 0.0 0.0 0.0 0.00017023833924042684 5.137269025645917e-05 0.00015740225424292945
0.051192982237693085 0.09778464564517357 0.0006498840999585184 0.0889007158550907 0.017330605256075302 0.013184438709978364 0.08449803442470784 0.00031080805220095144 0.01616503108335891 0.0 0.004550394004033951 0.16404552884752 0.2819133534445527 0.09739942586123154 0.00015105332107720283 5.481220178314017e-05 7.398333131420886e-05 8.273173516088832e-06 7.714966501443171e-06 0.0 2.7650790283077786e-05 1.5979722857212842e-05 0.0 0.0 0.0 0.0 0.0 0.0 0.0 0.0 0.00225530833339085 0.00017059479105139503 0.005046287470300838 0.0 0.0 0.0 0.0034377713890021643 4.415324039486189e-05 0.00011486255044786792 0.0 0.0 0.0 0.0 0.0 0.0 0.0 0.000707953641143995 5.414800016843912e-05 1.9562458878112625e-05 0.0 8.065579661808111e-06 0.0 0.0 0.0 0.00014940605294564487 0.00034448945706894906 0.0020108420036194312 0.007279578468254229 0.0015838230652703174 0.0004095155100033145 8.081074669306755e-05 4.546476610612364e-05 0.0 0.00037255379863757076 0.0002218373507388051 6.881654416492109e-05 2.1502048317352674e-05 1.5645992297047306e-05 0.0 2.832799752217237e-05 0.029447775121146567 0.0001734980773746397 9.284052236412366e-06 0.0017673827562702193 0.0008004598021373723 0.00027357425120464596 0.00030493964741238613 2.5732450203284995e-05 0.0 0.0004832670282755318 2.5231815929965054e-05 0.0003190482387069351 0.0005769870708384094 0.0 7.562753369363845e-05 0.0001336472808644389 5.949123767882669e-06 0.0 5.12014750514492e-05 0.0 6.165635365300027e-06 2.704792975649591e-05 0.0 1.5874206605966528e-05 0.0 0.03135230110670904 0.02089487578181573 1.4321699818167875e-05 0.0004712601599856915 0.022665917614257024 1.9485990405942107e-05 0.0006468220983897808 0.0007228499014076083 0.00143961440680991 0.00023296206505278333 0.002676965926217886 0.002959039214795225 0.00040105334169859207 0.0021179000588371576 0.001787406331965654 6.526938509847523e-05 0.000810544262794399 0.0020498710089455205 0.0008188239781910137 0.0008022132230480738 0.0 0.0 0.0 1.813997911240969e-05 0.0 0.0 0.0 0.0 8.58408652043247e-05 1.493594161601603e-05 9.306529802483099e-05 1.3669177410445525e-05 0.00021010063645028192 0.0 0.00022243935049163358 2.709555182618092e-05 0.0007064029353108759 0.0003747698825820634 5.152533688817637e-05 0.0002007900380783663 3.9483587250716054e-05 2.596925319201668e-05 0.00015493569720608942 0.0003504525482409025 0.00043658368541259315 0.0006187994316112285 0.0012212876306648879 0.001816453795953782 0.001080845812802683 0.0 4.995090292130325e-05 0.0 0.0 1.2557779373447055e-05 8.67244230990023e-06 0.0 0.0 1.972649503944208e-05 0.0 0.0 0.0 0.0007053118337472508 2.266427075650174e-05 0.0 0.0 0.0 1.022963983821185e-05 0.0 0.0 0.0001520397525524152 0.00015256573423055742 0.0004709554130436061 1.9098203889320814e-05 0.0 0.0 0.0 0.0 0.0 0.0 0.0 0.0 0.003833546143969451 0.0 0.0 0.0 0.0 0.0002699641584598228 0.00037219520029190673 0.0009100221607503534 2.1490012730982344e-05 1.2698262732060018e-05 0.0 0.0 1.0513946738755376e-05 0.0 0.0 8.537232858077435e-06 0.0 7.912076703139196e-06 0.0 0.0 0.0 0.004221505711054332 0.0013462039334279092 0.0010618848200611977
0.01723039655485014 0.07347446828711005 0.13170400526800558 0.002368530906556139 0.07531600183870464 0.00034100478191865363 0.029270613855579816 0.05480534285010153 0.17362148717849568 0.004550394004033951 0.0 0.015705042321793122 0.09931091218406288 0.186885237545902 0.0027144449302112933 0.0016075436420025704 0.00033116911346293986 6.992004150585243e-05 9.242987865161981e-05 4.895699383144054e-05 4.03068388915507e-05 0.0005808218649188261 7.365050409004136e-05 0.0001361242516755515 0.0002462095891050275 9.539245926369697e-06 0.0003560315088024714 8.422979022688186e-05 0.00039757150360776724 1.0085189297244682e-05 0.016961791558782188 0.0032420233385839913 0.05975067948164579 0.00010113132617835119 0.0001258898245377046 0.0012340331679808448 0.011010087230572797 0.0037948881632586867 0.0036591896737860866 0.0004978672865501882 2.5337602800856335e-05 6.917273488510507e-05 0.0 0.0003051415150566203 0.00019381319428169057 0.0003160068652159245 0.004391931368639161 0.00015931730559525265 5.282858773677265e-05 1.5411312338488198e-05 2.1147315512861717e-05 0.0003166097365418819 0.0005820845514072578 0.0003344090976335842 0.0002728593160296001 0.0004048406877698466 0.0007260042401779332 0.0024760218464825903 0.0012095925930722061 0.0010472668184125888 0.0006936670926578348 0.011345354430702484 0.00013208639185547706 0.0035140807889125405 0.00023336050991776958 0.00016795046231809946 4.4421432086124164e-05 6.777824328916379e-05 2.8487164435664358e-05 1.760550467831979e-05 0.017318789780670717 0.0006738929469621254 0.000126807182571937 0.002219081917834521 0.0013992809176006453 0.0025286860010221694 0.0026137533037828677 0.0008329380797080991 0.001237143510730624 0.04329489943203379 0.00029992329810489635 0.014482148788416398 0.0007808745254493347 9.20729599264754e-06 0.00012165602338951804 0.00024367380425966364 2.003348253431581e-05 1.2620587270862599e-05 0.00011209564372054475 2.2538229339224315e-05 2.841814308578981e-05 8.591314034251283e-05 3.3510437413366876e-05 3.786210421631702e-05 3.595859167909098e-05 0.009401911713933214 0.0037163805923914914 0.00020102893106388667 0.002209446868107027 0.0021823449268620924 0.0 0.00012556357603899103 7.5496964161738e-05 0.00012237145470057978 0.0 0.00044110465720160384 0.0001656330923012711 0.00014863347451570381 0.0002782372868726375 0.00021664416928052864 1.9083293128036926e-05 0.00012507990694933023 0.0005089917524785299 0.00012845657627469703 9.549336735789007e-05 8.035307360601663e-05 3.989542905864345e-05 0.0 2.6363901758884586e-05 0.0 0.0 0.00012521131565623305 0.00017650998254618727 0.00012471593242043753 6.564384836201171e-05 0.0008034745513562215 0.00013850475420631788 3.76664741643224e-05 1.9827611498056643e-05 0.0001288478910108211 0.00014442185401428737 0.001197939797554436 0.0013770579760292554 0.00020503320673191636 0.00011090080843788887 4.378706025233686e-05 5.591295544743616e-05 0.0002667654056695948 0.00020589122855032898 2.1024618090446183e-05 0.0001920797630150466 0.0006064317117177882 0.0010990018378813193 0.0007188372670229386 3.1443357534759743e-05 0.0 0.0 0.0 4.5910866074178736e-05 0.00013888571678813552 0.0 9.230830372899928e-06 2.1139220428035517e-05 0.0 0.0 0.0002919176676822822 0.0015248803748823764 0.0001215074576512265 0.0 0.0 0.0 0.0 0.0 0.0 0.0003411070412052995 0.0002820096980428276 3.246838407225068e-05 0.00013138819317143257 3.719738931365084e-05 0.0 0.0 0.0 4.6956224659456486e-05 0.0 1.1260290309310754e-05 0.0 0.0006241260571410615 0.0 3.499096890446199e-05 0.0 0.000129756030825175 8.914754885911024e-05 0.00010934582732258509 0.0005075689010872582 4.281793827028499e-05 2.1315204510216506e-05 4.4246465686270066e-05 2.0966875735399323e-05 0.00016800556517872174 0.0 7.187595515405262e-06 1.594474367995591e-05 0.0 1.7220647968746948e-05 2.0558925514197597e-05 5.0452309667600404e-05 0.0 0.0009346967505030713 0.0008347412006153842 0.000587283804655597
0.007403555896180212 0.007991444601809103 0.0015092383847068393 0.05223307725880612 0.002712042263550449 0.005473395156647329 0.0305996885298013 0.0017134944569428667 0.008226754675977534 0.16404552884752 0.015705042321793122 0.0 0.09070571071956321 0.0671650221402945 0.0003224924123875468 0.00019107073479947853 9.625870258315506e-05 9.711654144744158e-06 6.29820322634885e-05 9.820081145317437e-06 1.2184579636844533e-05 0.0002134562870146313 1.4470891284981224e-05 0.0 0.00010149673765944327 0.0 5.578571402896305e-05 0.0 8.675927586004012e-05 0.0 0.000303165257290743 0.0003704595843751242 0.01825021207094973 4.875990649901029e-05 2.1163379901552362e-05 0.00010101372733168821 0.017159108175930048 0.0022487292909434318 0.0034370414509535137 0.0002425473042489091 1.2830889227365255e-05 0.0 0.0 8.943055729356372e-05 7.21631918616446e-05 7.597961239278499e-05 0.0004463049865759491 8.497283427059212e-06 0.0 3.2098568351725156e-05 0.0 0.00011060196367214496 0.0004388189833518793 6.178924505063404e-05 0.0 4.487076106745491e-05 0.00012402871860705257 0.0003574578051945288 0.00013201914732050165 0.00011439810805814827 0.00018602476598126867 0.0011602577170219965 1.0887267174260594e-05 0.0006489819696790038 1.9132170466309907e-05 7.1434209875355096e-06 0.0 0.0 0.0 0.0 0.01963584218977127 0.00035256352376938845 0.00011572302626554953 0.0001790345023723859 0.00018731954630792566 8.122088791698179e-05 0.0002994036734473816 9.531384489208815e-05 9.789359081884123e-05 0.0031074535325017697 4.269915720963305e-05 0.0009824856934088778 0.00011369417363519644 0.0 2.0424738191503367e-05 7.280293543185899e-06 1.812761636848733e-05 0.0 0.0 1.1756075663029482e-05 0.0 4.5024722046696665e-05 0.0 0.0 1.0459199622267368e-05 0.03206091585767005 0.0035250605660783977 0.00034872606033745015 0.002002789350174844 0.004044436318316017 1.140374540195943e-05 0.00025165698341586274 0.00010233741059873777 0.0005029865056266685 0.00017183248333810925 0.0007067648350891571 0.0003263053402735978 0.00017250952159873997 0.0010031397989014499 0.0004110239756672937 9.075275786988236e-05 0.0003985303439490822 0.0009537805073689976 0.0004079592456680979 0.00042873331443531073 3.176444012043813e-05 5.9410843316031836e-05 9.762079605258482e-06 0.0 0.0 0.0 2.3838734605413098e-05 0.0 0.0002602199060824916 0.0 0.00037835093390038466 2.9466319672816683e-05 9.679620973598939e-05 5.9630456875248324e-05 0.00019804653550353204 9.593372968126575e-05 0.0010564873938255612 0.0008253461917835011 0.00026678612903592927 0.00012840342873629839 0.0001555995627696351 0.0 0.0002594542760978012 0.00021347798931259235 0.00044402708637081517 0.00026730496279800273 0.0006020159773020328 0.001724704739791021 0.0009382623383861859 0.0 0.0 0.0 0.0 9.400984825132472e-05 7.335622555436348e-05 0.0 0.0 0.00011999283189640841 0.0 1.346319012208535e-05 2.3831210616973832e-05 0.0014332327146914785 0.0002407391616320149 0.0 0.0 0.0 2.107110749621805e-05 0.0 0.0 0.0002413130582334954 0.00015043378695010038 0.0004939333230750346 5.070004162434197e-05 0.0 1.2282956865625423e-05 0.0 0.0 0.0 0.0 0.0 0.0 0.0022436858193219927 2.540284500456193e-05 5.568812706036608e-05 0.0 3.3733763416727157e-05 0.00013972542413620852 0.00031841545374608954 0.0008205074655222393 7.903463248288813e-06 0.0 2.5719027850048492e-05 1.15743552066838e-05 5.986906335968915e-05 0.0 0.0 0.0 0.0 0.0 1.382342806705374e-05 0.0 1.2845298135316901e-05 0.0024010282088149596 0.0014982428055135921 0.0009247865371345422
