0.0 0.29702305032912185 0.045443682254553856 0.16025354105261624 0.0074570890897807714 0.01476207702577278 0.029876144550661055 0.0007082977752912914 0.0007286877937226614 0.09356028713902147 0.005574333062521937 0.0017133721382826285 0.004126058625900221 0.0020865418203601907 0.0 2.1882747489772904e-05 0.0 7.1441268922484835e-06 0.0 0.0 0.0 1.0275704210868898e-05 0.0 0.0 2.7062456316967715e-05 0.0 0.0 0.0 0.0 0.0 0.10091050896472763 0.0 0.00010628918968199496 0.0 0.0 0.0 2.75528110767794e-05 7.471769993639913e-06 0.0 0.0 1.3967040242489942e-05 0.0 0.0 0.0 0.0 0.0 0.0009797446649722481 4.4734484523473734e-05 0.0 0.0 3.710444197250258e-05 0.0 0.0 0.0 0.00032735923526817646 0.00012635708147845052 0.01954775239483558 0.0388276749623958 0.0034119448517491257 0.0015139342085855347 0.0 0.0 0.0 7.736601429265665e-05 9.11666385556805e-05 3.7504586803583554e-05 6.86434745647379e-06 0.0 5.446617911894313e-06 1.707431787026762e-05 1.684336714243391e-05 2.16168890937339e-05 0.0 0.013757361127799591 0.0008049248620041254 0.0009093018292128488 1.3030793339710071e-05 0.0 1.0759190415321333e-05 0.0005812904275149904 0.0 2.251366707588743e-05 0.0003144318460731066 0.0 2.5639094238744964e-05 5.0801291424775225e-05 6.201412989062903e-06 0.0 6.228131369882239e-06 0.0 1.2167934582799251e-05 0.0 0.0 5.169392889798467e-06 0.0 0.0017741614609791806 0.0003503865646076536 0.0 2.387409313735248e-05 0.14581203039518098 0.0 0.00044427666398942395 8.647104587812166e-05 0.0004314886532082942 8.047001770312081e-05 0.0002807426622094196 0.0013415519911414455 0.00023181570622043976 0.0010792894719741473 0.004970889274579442 0.0005724725868154683 0.005107769427012388 0.005081993043100679 0.0019050380495439579 0.0009061631975378013 0.0 0.0 0.0 0.0 0.0 0.0 0.0 0.0 0.0 0.0 0.0 0.0 0.0 0.0 0.0 1.603261786295634e-05 0.0 7.5599164540836996e-06 0.0 0.00014084029955314942 5.0292165140917175e-05 0.0 0.0 0.0 0.00018105376671309932 0.0 6.494776682586614e-05 0.0 0.0 0.0 0.0 0.0 0.0 0.0 0.0 0.0 0.0 0.0 0.0 7.297439450281726e-06 0.0 5.783453720042793e-06 0.0 0.0 0.0 0.0 3.7651329398402485e-05 1.2362477661511454e-05 0.00013948902220524138 0.0 0.00026447590130355015 0.0 0.00013761970433431427 0.0 0.0 0.0 0.0 0.0 0.0 0.0 0.0 0.0014869532286110646 2.6026156240954817e-05 0.0 0.0 0.0 1.9957906456294596e-05 0.0 5.2126202337464236e-05 2.8700742493852568e-05 0.0 0.0 0.0 0.0 0.0 0.0 0.0 0.0 0.0 0.0 0.0 0.0 0.0018790613819089442 9.776346102265422e-05 0.00020520541482154793
0.29702305032912185 0.0 0.2152088983828454 0.1183227961780201 0.2548887833079921 0.0032817423223152156 0.2633549102831924 0.027172016299513824 0.2533065214889979 0.0394709044945469 0.2814168903261247 0.01647817175110166 0.044673375902811424 0.0747835743390176 0.00027018314008061503 0.0003042705232463132 2.1396865059956647e-05 0.0 0.0 1.8649507502015913e-05 2.267190687232502e-05 0.0 0.0 7.377725636314319e-06 3.513193149870559e-05 1.676607202599119e-05 2.4217732447085688e-05 4.365616064514288e-06 0.0 5.367748868518291e-06 0.15435497006768875 0.0006637045290644915 0.001401694784154073 0.0 3.1042758406954546e-05 8.43930354985166e-06 0.00016687216835793055 0.0 3.7559691562721576e-05 0.0 0.00010144766173163919 2.866844820893469e-05 0.0 6.253858874072616e-05 0.0 9.016078739024769e-06 0.012684945371025444 0.0005432786066031632 2.9855955721557698e-05 0.0 0.00036892364608293195 0.0 0.0 2.4033200629458923e-05 0.0020193539357007805 0.0008417284400977152 0.009363828939046127 0.050539452490858415 0.008877609110870384 0.012569078996950684 7.122363690195653e-05 5.5025236280806975e-05 1.0783719432419588e-05 0.01040493825153254 0.0008523738963906171 0.00034342142685783977 5.218855474230227e-05 0.00010092686227336233 8.214763894898081e-05 6.887001099615918e-05 0.0003664744744348545 0.0003436419923823877 0.0 0.05185072503509838 0.012142619223755305 0.022483513059683432 0.0018146899901213358 0.00022152574119256685 0.00012711391615525497 0.01696972566773175 0.00011023805535446468 0.00035802866410351196 0.002040555357225462 1.3847996515235896e-05 0.0003844675565910142 0.0002729770274677883 7.004255052448812e-05 0.0 4.818589193836378e-05 0.0 0.00014513929446838362 1.99998029591401e-05 0.00025929696329338154 0.000131052222055677 2.537895355467272e-05 0.00013971108022250127 0.00031121836277626914 0.0 0.00024277801511239156 0.03318988939031137 5.399030982226338e-05 2.3590385670429633e-05 3.560494732154878e-05 0.0 7.604642842922342e-05 0.00023990780513930403 6.32949376202791e-05 8.547714963079305e-06 4.2116157149195866e-05 0.00034891632777478947 0.0007292831864596808 0.0011065934387909965 0.0007009740386716803 0.00025614028130196027 0.00029866002926023585 2.3683022245353976e-05 0.0 0.0 0.0 0.0 0.0 0.0 0.0 0.0 0.0 0.0 0.0 1.5714234394147557e-05 0.0 0.0 0.0 0.0 0.0 0.0 5.670212040655996e-05 0.0 0.0 1.2222312518111098e-05 0.0 0.0002590318261050155 3.480001029261677e-05 0.0006253148351131095 0.00017062474854015886 0.0 0.0 0.0 0.0 5.4732546712871945e-05 7.94727985651509e-06 0.0 0.0 4.592173275702416e-05 0.0 0.0 0.0 0.0 0.0 0.0 0.0 0.0 0.0 0.0001043957541771912 6.897768716133086e-05 7.528321567443887e-05 0.0 5.837232973423896e-05 0.00030454020109453854 0.00048069414512312846 0.0 0.0 0.0 0.0 0.0 0.0 0.0 0.0 0.0002624389595122069 5.4498749999405936e-05 0.0 6.3006167191249675e-06 7.492803423386142e-06 7.273446869416284e-05 0.0 5.2347636025693794e-05 8.304175253445538e-05 0.0 7.2386500266340715e-06 0.0 0.0 0.0 0.0 5.655365646078631e-06 0.0 0.0 0.0 0.0 0.0 0.0003157157473671424 0.000269434609822337 0.0002712272751583497
0.045443682254553856 0.2152088983828454 0.0 0.004416397237942288 0.04651177215435203 8.221516897905323e-05 0.008450381511250363 0.21609487587339296 0.026389868591092925 0.0010234538992011232 0.312436957435502 0.0008805191662323835 0.016004258757613608 0.1351552373354369 0.000981939838603812 0.0015210986907570312 0.00012333312229141877 7.936724483787471e-05 0.0 6.5517270968700955e-06 0.0006288749801461255 7.22207956662795e-06 0.0002833387674015247 0.0008107392817888556 0.0006245165784984047 0.00015228737840857176 0.0002626460027438961 1.477516537438647e-05 7.224282970732028e-06 6.701243135342535e-05 0.29763106759444685 0.050777744141676545 0.008901794410968781 0.0 0.000792679174588398 0.0008078578338932214 0.0006012489494080727 0.0002595662068257597 0.0001215701256887046 1.4973164259365552e-05 0.0012981836845563357 0.00011720689695731161 1.577168249320679e-05 0.00011833710941104998 0.0 0.0 0.006825621935749782 0.0002658696077528318 9.860370399865574e-05 0.00010413577682957444 0.0008013062415840285 1.3946966238914773e-05 3.681890457566323e-05 2.2871053324607247e-05 0.0007295816096520165 0.00025150440096922435 0.0033379464682461155 0.022298271215208675 0.002506188976954203 0.0052179234399103575 0.000913956113211597 0.001446051756007822 3.0203857223554248e-05 0.05173267317385229 0.00036906043077012085 0.00024529958786741375 0.00020235394922776635 0.0005306731493496967 0.0009382782738152557 0.0014889822193335197 0.00033807529503098734 0.00020697539511076185 0.0 0.01900792434199202 0.009686626052793546 0.016221335965387853 0.003814945848676096 0.0007638301628420829 0.005543861977496989 0.19353146679447586 0.0004223657126463112 0.008784054834517132 0.0008220848940724899 0.0 0.00019178992013602156 7.422424927213786e-05 0.00028053445643401876 5.6673093318764114e-06 1.8647137485367014e-05 5.813595146235365e-06 8.968754083711069e-05 2.4164298025510846e-05 0.0031037231920324005 0.0002048665717066445 5.6312879336909886e-05 6.248077886779852e-05 0.0009608326636179706 0.0 0.00021792820100349243 0.003989476056108682 0.0 0.0 0.0 0.0 0.0 0.0 0.0 0.0 0.0 0.0 2.4817826840355982e-05 0.00012808630113180292 0.00010427600562271103 1.4745994606671354e-05 0.00010322561649037931 1.2183067775599853e-05 0.0 0.0 0.0 0.0 0.0 0.0 7.574161358653726e-06 0.0 1.0340713992194384e-05 2.826322263126199e-05 0.0 4.558164145207281e-05 0.0 0.0 1.4060124705631708e-05 1.239667956646506e-05 0.0 6.1706149409591134e-06 2.7183894397534513e-05 0.0 0.0 7.692066972462511e-05 0.0 0.00018164275843951302 1.89703110648396e-05 0.00029349798744695877 0.00012620746996537373 4.154945312674229e-05 7.491548681159505e-06 6.791268667043303e-06 0.0 1.6382370823456648e-05 6.110136459237628e-06 1.7615354200562357e-05 0.0 1.1709455704492307e-05 2.5690442727420093e-05 5.94746645395357e-06 0.0 1.238632759208571e-05 4.703284467374141e-05 7.228667548333766e-05 6.34822952989892e-06 8.293375297246215e-06 0.0 3.880433500988864e-05 3.7352682027951555e-05 0.0 7.640537737257013e-06 0.00023357571830574274 8.912531756888235e-05 8.054255687383162e-05 0.0 0.0 0.0 0.0 0.0 0.0 0.0 8.648031627499792e-06 2.799297053137231e-05 0.00010946092483603382 0.0 0.0 2.8229820092113352e-05 0.00011749140472606492 0.0 1.803982352716269e-05 2.4981079053521403e-05 1.9760401324784037e-05 7.593392939249431e-06 7.568252416670632e-05 1.1106138575312787e-05 0.0 0.0 0.0 0.0 7.574460886824201e-06 0.0 0.0 1.7886526413550738e-05 7.538182409226214e-06 0.00016439984599035185 0.0003158495466008946
0.16025354105261624 0.1183227961780201 0.004416397237942288 0.0 0.0012913822834129 0.020332080910300154 0.14816611538920926 0.0002648799100480303 0.0019089108860745176 0.17725326965641483 0.0017939467521589057 0.009957181263023427 0.018133689332937783 0.002514433319489943 0.0 0.0 0.0 0.0 0.0 0.0 0.0 0.0 0.0 0.0 0.0 0.0 0.0 0.0 0.0 0.0 0.003957487557627994 0.0 1.1720362742012574e-05 0.0 0.0 0.0 1.0343649368265061e-05 0.0 0.0 0.0 0.0 0.0 0.0 0.0 0.0 0.0 0.0028326037357831167 0.00016020791835568026 0.0 0.0 0.00010072961782496266 0.0 0.0 0.0 0.0005697712311683597 0.00017328791808963377 0.0037974320780505126 0.010133495630128012 0.0032934918778215437 0.0029711556845750326 0.0 0.0 0.0 0.00021980414593519135 0.00022080690072816186 6.39685278023547e-05 8.617845740094416e-06 2.2170488758729096e-05 0.0 0.0 0.0 4.212804186538508e-05 0.0 0.017692662605291554 0.0015213678505151239 0.0024061514887010306 8.275072347581544e-05 0.0 6.830359901367184e-06 1.8517445531652494e-05 0.0 7.120721105789522e-06 0.0005720022681501977 0.0 4.2735411985121375e-05 7.846512542601861e-05 0.0 0.0 6.651915993805363e-06 0.0 2.5230885547699423e-05 0.0 5.830876985646369e-06 2.701222169867655e-05 0.0 0.00012285320983245035 2.2699592635532453e-05 0.0 1.932907280307978e-05 0.04512294073056646 0.00022860958336037908 0.00023572093391456035 0.00022934886709043189 0.0010677230334828537 6.566237458281203e-05 0.000749879957486812 0.0007288618261418876 0.0008035366345803 0.0034737374562210234 0.0027614687877683996 0.0007507666198410326 0.005963686096738159 0.004804162533700456 0.0024497002876855806 0.001449031118726359 0.0 0.0 0.0 0.0 0.0 0.0 0.0 0.0 0.0 0.0 0.0 0.0 0.0 0.0 0.0 0.0 0.0 0.0 0.0 0.00017253346606582295 3.5788299747004294e-05 0.0 0.0 0.0 0.00033273565079710237 0.0 0.0002244482595485133 1.0937219663572143e-05 1.1799488256384567e-05 0.0 0.0 0.0 0.0 0.0 0.0 0.0 8.342031355277685e-05 7.217634849385733e-06 0.0 0.0 0.0 0.0 0.0 2.7865094935204082e-05 0.0 6.850735679574109e-05 0.00011191897141019998 0.00011597449204398512 0.0 0.0 0.0 0.0 5.3365013409536795e-05 0.0 0.0 0.0 0.0 0.0 0.0 0.0 0.0 0.0016638458708857367 8.066210043872022e-05 8.123133781427815e-06 6.726551861709566e-06 0.0 0.0001135731784453712 0.0 0.0 5.901870216587352e-05 8.881365008327095e-06 3.3385975240815025e-05 2.534275183116841e-05 0.0 6.711852984756161e-06 0.0 0.0 0.0 1.2431769759649236e-05 0.0 0.0 0.0 0.0018051813026730167 0.00013001815393254697 4.643226541924516e-05
0.0074570890897807714 0.2548887833079921 0.04651177215435203 0.0012913822834129 0.0 4.780936022339727e-05 0.11338422672079501 0.007337308130564641 0.28754207308831675 0.0037596952679923835 0.24478531517758093 0.0009455176773424436 0.017970099597857496 0.02015757174940167 0.0001392723585031267 0.00011384964903088768 1.619515682466582e-05 6.014029101637874e-06 0.0 0.0 1.5208590593284067e-05 0.0 0.0 0.0 0.0 0.0 0.0 0.0 0.0 0.0 0.008041708109268518 0.0002357119855104673 5.842679237986152e-05 0.0 0.0 2.5188317914546942e-05 0.0 1.4785845425715049e-05 0.0 0.0 8.394341563386434e-06 0.0 0.0 5.643058314361382e-06 0.0 7.803163749341035e-06 0.0026702289473359312 7.880514325296568e-05 7.119918463895192e-06 0.0 4.9584745124037224e-05 0.0 0.0 6.315622144440339e-06 0.000202023000552206 0.0001323325744089054 0.0005364885800420018 0.0028388406929377467 0.0009684939605294927 0.0020908253624299044 1.2130794493698379e-05 0.0 1.3720097050416576e-05 0.002699141500707524 0.00011244961692105574 5.691434547559841e-05 0.0 4.986784604641485e-06 2.142368546755905e-05 4.645067891352525e-06 5.967323299605145e-06 4.258054281662718e-05 0.0 0.0057837227716899375 0.002411389751541452 0.005368466126631533 0.0007244653872245928 0.00011445348752628895 1.14044953098358e-05 4.006149499047953e-05 3.38602813748551e-05 0.0 0.00042034946310340755 0.0 5.399975993604194e-05 2.8680203285587623e-05 0.0 0.0 1.6614262724963537e-05 0.0 1.005222811492689e-05 6.904076592198227e-06 0.0 1.4559749394306901e-05 0.0 0.0 0.0002535131880485683 0.0 0.00012284505705006013 0.00021801252660771155 1.9288064120452084e-05 0.0 0.0 0.0 0.0 7.292976199733957e-05 0.0 0.00010398929912998128 0.0 0.0 4.275700609416172e-05 0.000205995131139292 8.808452176223565e-05 0.0 5.375513200312381e-05 0.0 0.0 0.0 0.0 0.0 0.0 0.0 0.0 0.0 0.0 0.0 0.0 0.0 0.0 0.0 0.0 0.0 0.0 0.0 4.9031812377234105e-05 0.0 0.0 0.0 0.0 0.00014259334433239942 1.2171163402874445e-05 0.00013028637298497954 2.2508421588801947e-05 2.455765011930072e-05 0.0 0.0 0.0 0.0 3.1548822951295004e-05 0.0 0.0 0.0 7.001713415518484e-05 0.0 0.0 0.0 0.0 0.0 0.0 0.0 0.0 4.7713212616699605e-05 1.8691900098393773e-05 0.0 0.0 6.314014894998074e-05 0.00010438362047821025 8.11026811048028e-05 0.0 0.0 0.0 0.0 0.0 0.0 0.0 0.0 0.0 0.0 0.0 0.0 0.0 0.0 0.0 2.1755150361200657e-05 4.38855608466816e-05 0.0 4.205585557630007e-05 0.0 0.0 0.0 0.0 0.0 0.0 0.0 0.0 0.0 0.0 8.839240115251603e-06 0.00010405465336870277 0.0003251304073065957
0.01476207702577278 0.0032817423223152156 8.221516897905323e-05 0.020332080910300154 4.780936022339727e-05 0.0 0.003714307631404342 0.0 5.161387531429697e-05 0.06825479537577067 4.2183792482140694e-05 0.0074853435685295205 0.007511720148393269 0.0014872435416101721 9.650668481253177e-06 2.0448834063732324e-05 0.0 0.0 0.0 0.0 0.0 0.0010452050223124687 0.0 0.0 0.0 0.0 0.0 0.0 4.536419102049783e-05 0.0 0.001354608799438787 3.0144209932505832e-05 0.0003191616064906871 0.0 0.0 0.0 0.0005187134561112686 0.0 3.3422918296541265e-05 0.0 0.0 0.0 0.0 1.1768641534953072e-05 0.0 0.0 3.0078148994507076e-05 0.0 0.0 0.0 0.0 0.0014241233487245492 0.001752606951435025 0.0 0.0 3.483679328797691e-05 0.007087657526758975 0.00033385374031615344 2.8613607877009673e-05 0.00010854927949233099 0.0 1.0874529353516792e-05 0.0 0.0 0.0 7.053612287206863e-06 1.844661133144953e-05 0.0 0.0 1.0086931261553277e-05 0.004231175484787581 0.005313643856723207 0.0006363010772419081 3.852176762206467e-05 4.891946872074342e-05 0.0 0.0 0.0 1.5271581367535432e-05 4.027387450373088e-05 0.0 0.0 0.0 0.00017941193487149639 0.0 0.00011379761022338213 0.0 0.00019366473434887695 0.00024958488404897624 0.000735372828171866 0.00013429465943031875 0.00025566808824556035 1.1831288787833923e-05 7.77459812213283e-06 3.431018532325661e-05 0.03445746794209422 0.02462813395578653 0.002558538414361035 0.001801392949466978 0.027749654700793474 2.39802613653909e-05 0.00013073252768310966 5.458610271019796e-05 2.1033968896938344e-05 3.755736273119611e-05 0.00022170009139246122 0.0007691651882579764 0.00015717254199721286 0.0010865830418948768 0.0029286998582684002 0.00012578344057077376 0.0039625350097915145 0.002733511329109714 0.0014826934587818053 0.0010735211069856925 8.082696542387848e-06 0.0 0.0 0.0 0.0 0.0 0.0 0.0 0.0 0.0 0.0 0.0 0.0 0.0 1.0007372835372394e-05 0.0 0.0 0.0 1.7713264811350943e-05 4.1403103194634346e-05 0.0 0.0 0.0 0.0 0.0003223438316828714 0.0 0.00010305347203465281 6.422835210979687e-05 2.333856110520302e-05 0.0 0.0 0.0 0.0 0.0 0.0 0.0 0.0 0.0 0.0 0.0 0.0 5.533875428889657e-05 7.641879997870967e-06 1.1621231553929296e-05 0.0 0.0 0.0 0.0 0.0 0.0 0.0 0.0 7.500729219584628e-06 0.0 0.0 0.0 0.0 0.0 0.0 7.950294794756052e-06 0.0 0.0015751556147083833 0.00021333812133609906 9.615029309094052e-06 0.0 3.127770034765987e-05 2.7110863813418963e-05 0.0 0.0 1.8958903253659314e-05 0.0 0.0 0.0 0.0 3.264716654372013e-05 1.1162347844579437e-05 0.0 0.0 1.4130851730911178e-05 7.275788711696651e-06 0.0 0.0 0.001591242144833949 0.0001313325883794608 0.00021800506320812624
0.029876144550661055 0.2633549102831924 0.008450381511250363 0.14816611538920926 0.11338422672079501 0.003714307631404342 0.0 0.0006902599717072289 0.1634410407992229 0.13370837570439745 0.08255748936328901 0.021535020250925872 0.13565671334314805 0.23623817381094808 0.0005949668926712238 0.0006384783610854773 2.376350265668462e-05 1.6518173151848897e-05 0.0 0.0 1.9439561256964574e-05 0.0 0.0 1.2066662236309834e-05 7.497039874947332e-06 5.373422587285003e-06 0.0 6.499447262789889e-06 0.0 0.0 0.011401757939670295 0.0004891954159033115 1.6915903973080937e-05 0.0 4.399228273382264e-06 6.41059550710718e-06 0.00014600062563162498 4.9160744278216034e-05 0.00023870745722842285 0.0 0.0 5.778483892476703e-06 1.2949426980212693e-05 2.799194230732459e-05 0.0 5.935345391317335e-06 0.010632054909737164 0.0003464397694236623 7.6621702233442e-06 0.0 0.0002356455028929661 6.411438398099416e-06 8.182123982552237e-06 5.489879139966554e-06 0.0014572602157462337 0.00037987947018999286 0.0030425449558751354 0.010484642653235317 0.004450231708413078 0.008121735596564367 4.6297197870896115e-05 6.070059122015006e-06 0.0 0.005998015440632019 0.0004314622947292922 9.387411861784987e-05 2.790332174994847e-05 6.045689042052212e-05 2.541030292181529e-05 2.4505750311586807e-05 0.00019144401236840977 0.001217758394833297 0.0 0.024310639856317807 0.0062062625935095685 0.01845328694339771 0.0024296534597397015 0.00033321688632816137 4.353685997888009e-05 0.00010681157383149879 5.591653570551737e-05 2.2006152627996754e-05 0.0012556235938975988 0.0 0.000214064365762468 0.00011826606460510212 2.1309266174449515e-05 0.0 1.7926419821756177e-05 0.00014231091079622662 9.293796157352109e-05 1.3806945243446454e-05 3.649066335395638e-05 9.836832259396278e-05 2.443272581163723e-05 0.0004111352684762121 0.0024059999630157394 0.0 0.00029350724801556694 0.007140950796151489 0.0003602725924969997 0.00021617602157984745 0.00037999593703895527 5.0416997250065695e-05 0.000204477355441671 0.0008889481538448391 0.00013936879534171394 0.0006788389124895654 0.0004906682385067098 0.0005993863152274621 0.001571353639990779 0.003261116364607936 0.0014337065765661686 0.0008913660013984634 0.0015677642736446696 7.082672463505288e-05 2.0497957619716133e-05 0.0 0.0 0.0 0.0 0.0 0.0 0.0 0.0 0.0 0.0 1.7298371493963327e-05 0.0 0.0 0.0 0.0 0.0 0.0 0.0011567632312298522 7.810509116106669e-05 0.0 0.0001469768408246529 0.0 0.001620339389147509 0.00010261568540478541 0.00247911374154865 0.00029327648121675045 0.00013227361369258525 0.0 0.0 0.0 3.616934450907692e-05 6.188336057152633e-05 0.00011248650147518617 0.0 0.00016034388870065562 3.2187331832428995e-05 0.0 0.0 0.0 1.0754877209666458e-05 0.0 0.0 5.4023492395411826e-05 0.0 0.00034634695687593784 0.00023787221496883007 6.314521425215113e-05 0.0 0.0005261888433755798 0.0010692928302034953 0.0016019671731254013 1.167802022300072e-05 0.0 0.0 0.0 0.0 5.929754978823037e-06 0.0 0.0 0.000791298811651098 0.0003632625159236099 0.0 0.0 0.0 0.0005963433336615413 9.636645882747178e-06 0.0005594060981420671 0.000638065937471458 0.0002543976694632982 0.0001894535807497629 0.00022770043346074658 0.0 0.0 0.0 0.0 0.0 6.975459303363383e-06 0.0 0.0 0.0 0.0005663641263099471 0.0009600760900922897 0.002103535905397881
0.0007082977752912914 0.027172016299513824 0.21609487587339296 0.0002648799100480303 0.007337308130564641 0.0 0.0006902599717072289 0.0 0.004921995833920687 0.00014023745043673628 0.192312780737498 0.00041596594321051573 0.004039766131572598 0.11236701358135222 0.002145697877720815 0.0038949582243077356 0.0001714910031977025 5.613649234545627e-05 0.0 0.00016866087524196522 0.0020858813916331312 0.0 0.0007552918628918246 0.0013892877165762457 0.0011588411854479258 0.000258220199301601 0.0003978877337442681 1.8906073972591387e-05 0.0 5.154639395755228e-05 0.0765265618842881 0.22755112563506966 0.0034953242188649728 1.178463353117996e-05 0.0010231110840618711 0.0015055451316977574 0.0004936100843858691 0.0005106013674311271 0.00012420062092689536 0.00014844680761415084 0.0020946390477629487 0.00014667052600105053 0.0001042364917728591 0.0012522756032636933 0.0 7.416008378584294e-05 0.010032788951012764 0.0002839817275520796 0.00013104855330360146 0.00019556705133194817 0.0006894772694968139 5.010578888497814e-05 1.933969856492746e-05 3.425195096274987e-05 0.00027234171324179755 9.008953291458052e-05 0.0007398601121112156 0.005970464032657514 0.0010794297265079862 0.0036418276245273437 0.010282924219011018 0.0039061980048645116 0.00017227882125566617 0.07652669645433888 0.00027127650542124423 0.00019737088626064304 0.00016697955950332747 0.0006469509768480136 0.0014381395827249377 0.004354214756371391 0.00026731139034552614 0.0001350083686027532 0.0 0.008373392878583857 0.013467435054034667 0.03316795922470413 0.04524277509893148 0.02172947546866542 0.10248302527338946 0.18894672650361308 0.02361159862940503 0.05229318575105269 0.0005074075182058646 0.0 9.656956841185966e-05 6.0819860529557505e-05 0.0004894886488340682 0.0 5.574450450888037e-06 6.08338344547358e-06 4.7011594086071584e-05 2.96558680956023e-05 0.004266576871828447 0.00013509866745390955 6.576018971899628e-05 5.780351918632395e-05 0.0001249594259374462 0.0 0.00028920314193291125 8.015761964958114e-05 3.75813151565662e-05 0.0 0.0 0.0 0.0 0.0 2.738159422235588e-05 5.5666490524828505e-05 0.0 5.103987544082844e-05 0.0001048801445823083 8.153114492036415e-05 4.8450782015989154e-05 1.0643112952980537e-05 2.9004776691244427e-05 6.84709790994366e-06 2.4318575157855584e-05 0.0 0.0 0.0 0.0 0.0 9.556900251459742e-06 0.0 0.0 2.3143703989924585e-05 0.0 4.202946808050656e-05 0.0 0.0 1.2347984242162488e-05 0.0 0.0 0.0 7.217924174877901e-05 3.4330724531521555e-05 0.0 7.271032765964795e-05 0.0 5.862417629606559e-05 5.583834200456322e-05 0.00016841677709949866 7.942030063712158e-05 4.982043541715597e-05 6.893841621010468e-06 3.942184135011899e-05 0.0 1.755607617158662e-05 1.3891743072546858e-05 1.3953129967047868e-05 8.31658498635607e-06 0.0 0.0 0.0 0.0 1.963835529563372e-05 7.659416015015387e-05 0.00010223332131472437 2.0661277694732675e-05 0.0 5.053904187517771e-06 2.9780294437682382e-05 8.7654560305822e-06 0.0 1.330610933773189e-05 7.479709315407345e-05 5.1998454508781224e-05 5.333233582216326e-05 0.0 5.285393598045574e-06 0.0 0.0 0.0 0.0 0.0 2.4218786411835558e-05 1.8166347034448875e-05 2.906227533568243e-05 1.0577576189280122e-05 0.0 4.420532869725331e-05 8.396347466103096e-06 0.0 0.0 3.8941155734060513e-05 0.0 0.0 0.0 9.493054885896989e-06 0.0 0.0 0.0 0.0 0.0 0.0 1.9578832027968395e-05 6.187809729995573e-06 0.00010012730645521801 0.00010734535970801688 0.0003573003515287285
0.0007286877937226614 0.2533065214889979 0.026389868591092925 0.0019089108860745176 0.28754207308831675 5.161387531429697e-05 0.1634410407992229 0.004921995833920687 0.0 0.02847448454172758 0.2367692579396244 0.00018630738037225721 0.026016974497864827 0.039771718269416625 0.0002033743186172247 0.00018651015719956822 0.0 0.0 0.0 0.0 0.0 0.0 0.0 0.0 0.0 0.0 0.0 0.0 0.0 0.0 0.0024900986194202343 0.00022681081186180362 1.7735967174622053e-05 0.0 0.0 0.0 3.686444830199706e-05 0.0 8.486092377349143e-05 6.272386189057486e-06 0.0 1.5100226449345833e-05 0.0 0.0 0.0 0.0 0.0016212383817660726 4.236360860313351e-05 0.0 0.0 3.310402328977884e-05 0.0 0.0 0.0 0.00010287914523539676 2.0229410490334333e-05 0.00022923066812622107 0.000743431075259326 0.00037514828560956427 0.0009583330738905973 0.0 2.1511044262517037e-05 0.0 0.0013451604261997083 2.537360650881693e-05 2.0101265786825433e-05 0.0 0.0 4.972456393799047e-06 0.0 6.322384741709295e-05 0.00029594044264382607 0.0 0.002161837246955717 0.0010134282003898575 0.0032659571624583765 0.0008299392177013615 4.365716500053951e-05 2.1689896277211125e-05 9.224013488232624e-05 1.865945792144172e-05 0.0 9.91644417943636e-05 0.0 3.281284961519408e-05 1.1737054885337946e-05 0.0 0.0 5.899877043817932e-06 0.0 1.0767464413018e-05 0.0 0.0 0.0 1.3005193041389595e-05 2.386939616122918e-05 0.00048356182221112435 0.0 1.7670602639619656e-05 2.208596799318638e-05 8.916834947069903e-05 0.0 0.0 0.0 0.000114325463102061 6.892671869902198e-05 0.0 0.00010220718139768427 7.845203651298154e-05 2.6767606402103116e-05 0.00031991336978115514 0.00035608577228564756 0.00017407215444589644 3.467516507911079e-05 0.0003354737150255413 9.748947418088894e-06 1.5337872567815246e-05 0.0 0.0 0.0 0.0 0.0 0.0 0.0 0.0 0.0 0.0 0.0 0.0 0.0 6.926155562464533e-06 0.0 0.0 0.0 0.0003155495214008594 6.72997528149301e-05 0.0 0.0 0.0 0.0003869606577893943 5.8841168075129526e-05 0.00044737871578665235 7.196354589706514e-05 0.0 0.0 0.0 0.0 1.3632199104751735e-05 0.0 1.2049542797328761e-05 0.0 0.0 2.2399687246765515e-05 0.0 0.0 0.0 0.0 0.0 9.209931498906571e-06 8.120701987093748e-06 0.0 6.874605547492208e-05 6.907625392601787e-05 4.950322666039078e-05 0.0 1.7805586881696293e-05 0.0002569134299677748 0.00013510715252536382 0.0 0.0 0.0 0.0 0.0 0.0 0.0 0.0 5.5409529519490976e-05 0.0 0.0 0.0 0.0 0.00016141726428000764 0.0 0.00011725035100664358 0.00018934653593381305 4.092371256990042e-05 3.5258557968800375e-05 0.00012665842413442296 0.0 0.0 0.0 0.0 0.0 0.0 0.0 0.0 0.0 3.227899026067163e-05 0.0002271657017304276 0.00043407144718129813
0.09356028713902147 0.0394709044945469 0.0010234538992011232 0.17725326965641483 0.0037596952679923835 0.06825479537577067 0.13370837570439745 0.00014023745043673628 0.02847448454172758 0.0 0.017219982086918738 0.13802735501561045 0.6589344886559486 0.1558823232501667 0.00021050144681778585 0.0001739312306538018 0.0 0.0 0.0 0.0 0.0 0.0 0.0 0.0 0.0 0.0 0.0 0.0 0.0 0.0 0.003788889767698859 6.834873369684783e-05 0.0003347991906899841 0.0 1.2729296707537476e-05 0.0 0.001553196754302415 0.0 0.00011128863403196679 0.0 0.0 0.0 8.312763194105892e-06 1.459493506209542e-05 0.0 0.0 0.00460570025243293 0.00016509031645688493 7.680732545683995e-06 7.468760671552144e-06 0.00013718029370014752 7.280876010467103e-06 2.5111019054002097e-05 9.291782251617141e-06 0.0007806048682995748 0.0002610810621237186 0.004595200166053404 0.0080607814065426 0.003485854181782951 0.004085527354671267 0.0 0.0 0.0 0.00132971591598705 0.00029561115822166297 0.00016106026367380732 8.411145093750204e-06 4.30266305889317e-05 0.0 1.177110141005312e-05 0.006771306716956709 0.002462408944562109 0.0 0.0173390575730511 0.0027148407100198195 0.006379620769207676 0.0006891648021773851 4.5620615683205096e-05 2.2143714684390564e-05 2.5222231055623697e-05 2.6815381613307e-05 1.3279627771372339e-05 0.0007732077318337752 0.0 9.158430625274718e-05 0.00014049159962137346 4.969285139294119e-06 0.0 1.2590559471087315e-05 5.756726914993662e-06 3.076625646458274e-05 6.446112527934282e-06 0.0 5.5182268604307336e-05 6.217412941506818e-06 0.0028727487017865035 0.004699162948516068 0.0 0.001028206821570511 0.04031532014179778 0.0012332505908667208 0.0030810617017202166 0.005891205640568905 0.014662339874416142 0.0014494127471003516 0.0032907021487277996 0.00868981997259499 0.002915499665835851 0.005838235561604322 0.008679473592372233 0.006660628490447332 0.02913240958582028 0.025234681571634703 0.009138761636203457 0.010054117012579912 6.25052170904201e-05 0.00015505921303419367 0.0 0.0 0.0 0.0 0.0 1.526410439557989e-05 0.0 0.0 0.0 1.1599667397706004e-05 0.0 0.0 0.0 0.0 0.0 0.0 0.0 0.0035533671443657806 0.00046013055526510755 0.0 0.0007038961653009413 0.0 0.00580822945849507 0.0009630579173660542 0.006344614292275098 0.0008460633943058409 0.00015344293422162185 0.0 0.0 0.0 0.00018924572083579638 4.557567475731435e-05 5.2411049883485956e-05 0.0 0.0003683516263714779 0.0001716937641125794 0.0 0.0 0.0 2.857357968112752e-05 0.0 0.00019787692412825579 0.0001544796372566266 3.1704745148513524e-05 0.0010579428120476774 0.0013329253369330752 0.0004063301795318332 1.0336370833722463e-05 0.001980965223640182 0.003915243425663924 0.004022313296209196 6.592883484326858e-05 0.00013633972077514576 0.0 0.0 0.0 2.861795477958372e-05 2.056247785968799e-05 0.0 0.009191827850138395 0.0016339294469787382 2.2885535979662588e-05 4.632941212563094e-06 0.0 0.0017968393088055616 4.5683452481256324e-05 0.0018472122052126522 0.001578347882986521 0.0009687775987305265 0.0005204396407018311 0.000691244926102643 6.33817450961983e-05 0.0 0.0 1.871387048969828e-05 0.0 3.5308466850206146e-05 5.6911176093144545e-06 0.0 0.0 0.0069326020999480615 0.003296593444757546 0.006309206044167077
0.005574333062521937 0.2814168903261247 0.312436957435502 0.0017939467521589057 0.24478531517758093 4.2183792482140694e-05 0.08255748936328901 0.192312780737498 0.2367692579396244 0.017219982086918738 0.0 0.001033112619374009 0.043955327193855864 0.3516224203349548 0.0009802899386901294 0.0013641016703956667 4.1306074787910376e-05 2.6308350622603986e-05 0.0 0.0 2.1595799034442936e-05 0.0 6.1277033184233515e-06 6.049308371979663e-06 6.0993300444621286e-05 1.674732109450655e-05 0.0 1.119068976168531e-05 0.0 0.0 0.03251894886438461 0.00094181160873695 0.002230378287098266 0.0 4.203912458791508e-05 8.189535713528147e-05 0.0005024838600991766 4.306386053648372e-05 5.559870917190057e-05 3.2904809443658255e-05 6.725971479077987e-05 1.3133095314285506e-05 6.98635510857726e-06 6.641981814422553e-05 0.0 0.0 0.005110901252377774 8.560486282653134e-05 1.6489426403700114e-05 1.8876322401033208e-05 9.088102814884957e-05 6.475269723279179e-06 7.912889342416643e-06 0.0 0.0003499175437417841 5.7967898842243564e-05 0.0006591383119640173 0.0029896817654102366 0.0012144617704725519 0.0026732330955425623 3.546216505075888e-05 4.10446498768072e-05 5.849258655058344e-06 0.004593650448016465 0.00016607721076521584 4.084293450245037e-05 3.0133382925168615e-05 3.9804603251031424e-05 5.2857265891288464e-05 4.179252491721224e-05 0.0006962751989215485 0.0003593875064097756 0.0 0.005827079968119987 0.003512101378113399 0.01198835475162391 0.0036957423123788044 0.0004750570637998064 0.00032117078576472923 0.03885793410690347 5.6003992783156295e-05 0.0015456213110567943 0.0004251666342653631 0.0 6.125893372651966e-05 3.468470879544262e-05 2.3085467289354015e-05 0.0 1.0450743793568133e-05 0.0 1.0333204727357963e-05 7.000043077955308e-06 0.00019787077444050573 3.5613466557935026e-05 2.0674848660919126e-05 0.0002344664907480782 0.00047999794711636056 0.0 0.00010000788691371263 0.00036723630233986333 6.866781544070404e-05 0.0 0.0 0.0 0.00017014546087823357 1.0761986323587631e-05 0.0 6.719704179719686e-05 0.0001805962533451294 2.3617588444462158e-05 0.0008030695372469001 0.0006269560805347161 0.0002026157981584358 0.00017509242227658456 0.0004746281544360915 2.4151764175614673e-05 0.0 0.0 0.0 0.0 0.0 0.0 0.0 0.0 0.0 0.0 0.0 1.650071299957391e-05 0.0 0.0 0.0 0.0 0.0 0.0 0.0003124249432131601 0.0 0.0 1.657636445518113e-05 0.0 0.0004826065192325362 8.39283100538169e-05 0.0007615191485626379 0.00013271751210116876 1.1087728357122063e-05 0.0 0.0 0.0 2.747531097074501e-05 5.557622115847646e-06 7.190890259851474e-06 0.0 8.678318605662703e-06 2.8957316920645076e-05 0.0 0.0 0.0 1.013699084306982e-05 1.0656103115323928e-05 1.7601281992703124e-05 1.6510504762671913e-05 0.0 0.00017310707842472088 9.358476036478585e-05 0.0 0.0 9.516993645294294e-05 0.00044007411340098136 0.0004598754003210355 6.994802270997486e-06 0.0 0.0 0.0 0.0 0.0 0.0 0.0 0.00021958753933063417 5.6123489078755425e-05 8.688109432735182e-06 5.098733258357354e-06 0.0 0.00014123309705181113 0.0 0.0001747618124422671 0.00018955275780309732 0.00011777953678568102 2.677914198076862e-05 5.432013760724822e-05 1.910565708078464e-05 0.0 0.0 0.0 0.0 4.374643562764812e-06 0.0 0.0 0.0 0.00011594887489720507 0.0004746987419935666 0.0009705539177846477
0.0017133721382826285 0.01647817175110166 0.0008805191662323835 0.009957181263023427 0.0009455176773424436 0.0074853435685295205 0.021535020250925872 0.00041596594321051573 0.00018630738037225721 0.13802735501561045 0.001033112619374009 0.0 0.10330010303366226 0.012867377699762721 0.001176929992595255 0.0013405177386212855 7.430975894865594e-05 2.0262586511304046e-05 0.0 0.0 0.0 0.0 0.0 0.0 1.0629358993802443e-05 0.0 0.0 0.0 0.0 0.0 0.00011358679948892367 1.5855123553297486e-05 0.000600329741914091 0.0 0.0 8.14775780511764e-06 0.001385489788765033 6.028564829340921e-05 5.004737901968401e-05 0.0 3.9670094509925423e-05 7.282984875992367e-06 0.0 2.121752209987063e-05 0.0 0.0 0.0017274110858785945 2.0019850754000355e-05 3.529854919167399e-05 5.293604414018781e-06 4.153047380502766e-05 0.0 7.17460154353071e-06 0.0 6.935749964578959e-05 1.4045705700312594e-05 0.00021032645356835049 0.0001489760799755501 0.0001825832876591052 0.000487683452456236 3.232521868968266e-05 6.945947822354348e-06 0.0 0.00018855609747237047 1.3208300285713614e-05 3.178657998879004e-05 0.0 2.3460702608957677e-05 2.985902401325402e-05 3.399049048267645e-05 0.0068585040915034945 0.0008472636472101308 0.0 0.0007523104563615364 0.00033324883849574703 0.0035485582027403088 0.0007633624912570189 0.00019047271458551813 6.360448875216093e-06 0.00042300048023339085 7.180453107148641e-06 1.618624211749199e-05 6.917991547767965e-05 0.0 2.6701733137223667e-05 6.4673612435530475e-06 1.368950118382786e-05 0.0 0.0 0.0 0.0 0.0 7.968385453829896e-05 6.375188001267404e-06 0.0 0.022881917529131126 0.0014644559597664854 0.0 0.0003872683920957171 0.0017989442252391054 0.0015633489602405201 0.0011022489048295562 0.0006108826332380216 0.0026627506434160598 0.0015508249592050016 0.0029202721314823374 0.0012115842688605644 0.0020518363968516956 0.003928498835178675 0.004251102901616184 0.008332271148408465 0.02849463387757365 0.019275710315535145 0.011036648447401183 0.01685264128856045 6.606696366312249e-05 5.828793673618147e-05 0.0 0.0 0.0 0.0 0.0 0.0 0.0 0.0 0.0 0.0 3.299503762488686e-05 0.0 0.0 0.0 0.0 0.0 0.0 0.00447751368752215 0.00040910429805975497 0.0 0.0001093741716495955 0.0 0.007632388619874807 0.00034766938919301613 0.005135694124777428 0.00031169382958196984 8.240480681596108e-05 0.0 0.0 0.0 3.0170051725413758e-05 1.4628301096248287e-05 0.0 0.0 0.0002578503643813085 0.00033171598483083185 0.0 0.0 2.8496234019306035e-05 5.954251235027646e-06 5.862242171620447e-05 0.00018228523466486753 0.0002019034176742451 3.145983406787175e-05 0.0011192875423425412 0.001324239461325274 6.072865888177485e-05 0.0 0.0009100120456060079 0.0020723734939110507 0.003019094682462663 6.211757709244378e-05 0.00011325874266424677 5.365143441447906e-06 0.0 0.0 0.0 0.0 0.0 0.01156872352150434 0.0011509877908243958 4.2232737257247736e-05 6.868762969719388e-05 0.0 0.0013055529625622165 8.693096951183843e-05 0.0006736945929157124 0.001138506293304281 0.0007391679062533447 0.0002977541301772785 0.0006082511926140427 9.204786728168415e-05 5.029677506666593e-06 0.0 1.0666753213835459e-05 2.6269140981050214e-05 1.63628350345628e-05 9.107812049310019e-06 0.0 0.0 0.005038719119714138 0.003153525963711728 0.003914458008043439
0.004126058625900221 0.044673375902811424 0.016004258757613608 0.018133689332937783 0.017970099597857496 0.007511720148393269 0.13565671334314805 0.004039766131572598 0.026016974497864827 0.6589344886559486 0.043955327193855864 0.10330010303366226 0.0 0.43795524970962674 0.0037484666593683535 0.0047153372043586 0.00020677645552012237 7.476639198461235e-06 0.0 7.418146494907455e-06 4.0670031866042386e-05 6.716393176602719e-06 7.814556116100029e-06 1.3990740876991717e-05 0.00013329104536590917 1.4873301567328443e-05 0.0 0.0 1.1166039529280566e-05 0.0 0.0029883494144986016 0.00028228223934573645 0.033792634317254454 0.0 6.580060402541068e-05 5.7950960524203075e-05 0.002859683480959686 9.716842257129903e-05 0.00028080096349575193 4.0869046806737256e-05 0.00010946384897979813 5.54457045662676e-05 0.0 0.00010205021740404785 0.0 1.0854661743571589e-05 0.008838601290929867 6.953914242060955e-05 0.00012379430019934933 3.532560360565958e-05 0.0001682089106333534 7.657819576668018e-06 3.6454042291013404e-05 5.7205261275148894e-06 0.0003860313346674801 8.418756619376074e-05 0.0006758962826890224 0.0011052304438074572 0.0011762994095103191 0.0033464432695043795 7.640516395874868e-05 0.0029304141244458543 6.864660557014489e-06 0.002420418512490419 0.00010397683548200003 8.693630158128563e-05 3.238215291072442e-05 0.00012126850175705957 0.00013926911517465573 0.0001061381989352957 0.01132961557217936 0.003707710142019176 0.0 0.005127186811016406 0.0027729549241612265 0.018675420319137225 0.0048498655088662496 0.0008767274751592956 7.133826539677262e-05 0.009373742483746072 7.300831887620043e-05 0.0004983176586582597 0.0003059636768998635 0.0 0.00011085416608062575 5.7290172831351534e-05 6.385595809569786e-05 0.0 5.628097443861363e-05 0.0 3.643897274794903e-05 5.411944250072208e-06 0.00038284916750887883 3.268400710465053e-05 6.610176275236596e-06 0.031079860934286815 0.003941253997079759 0.0 0.001784770591057182 0.0024416214868814602 0.003307511950462642 0.001090014564851362 0.0020542914439320415 0.0006155859996076298 0.0030659829406764 0.007120003060010791 0.000696033903239527 0.004254265500224999 0.005758535512888281 0.003081815549539546 0.01543811548933619 0.043969002343896224 0.02201828492527945 0.013715859784981188 0.024843247508356533 0.0004107397270187011 0.0002294384625184003 0.0 7.750264266358156e-06 0.0 0.0 0.0 0.0 7.319935887935637e-06 0.0 9.440582792172358e-05 0.0 0.00029258393745366235 0.0 0.0 9.232177081717703e-06 0.0 1.3552275628613078e-05 0.0 0.011147906701320449 0.0007349134624093671 0.0 0.0005717847133517759 0.0 0.013944959114216771 0.0010563596301619183 0.014123466263875695 0.0014737420172859443 0.000250056993331091 2.0613611062490586e-05 0.0 0.0 0.0001076564945951001 2.3730146450799846e-05 0.00012583015386101077 0.0 0.0011489467539213467 0.0007544806451315675 1.58082974719838e-05 0.0 1.253005524866368e-05 9.60776748260721e-05 1.473098309719001e-05 0.0005823620775312727 0.0003381707780595568 5.9404429863686444e-05 0.0024418189344474006 0.0033455574650175586 0.00017729039836859335 5.1341258813911575e-05 0.0030534340357455583 0.00649007026804986 0.008089586176574093 6.000910469790121e-05 0.0001998457714661304 7.348465946173588e-06 0.0 0.0 0.0 0.0 0.0 0.013962033679197782 0.0011838509878489575 2.3983420919576674e-05 2.7151343173607893e-05 5.563800820389272e-06 0.0037819576913068875 6.929761881637081e-05 0.0024722203632602784 0.0038639067636714037 0.001855726331367502 0.0007763878706250472 0.0008488672541090403 0.00041689784648681093 0.0 9.180557145638083e-06 1.7474134624399376e-05 0.0 7.703060030729237e-06 0.0 0.0 0.0 0.005779498852574607 0.006446421553955842 0.012046741793807474
