0.0 0.16771355834849547 0.06484685627111955 0.09866044089040392 0.002714109029860541 0.001666911197480864 0.04708250963035777 0.00598440848453169 0.0010774779774493223 0.05976484855483232 0.003344046547822335 0.00023965826378997458 0.0008461759892534237 0.0013674677499850212 0.0001142384285123648 1.8407172068069928e-05 0.0 0.0 5.848554066365988e-06 0.0 1.3643667228974113e-05 0.0 0.0 0.0 0.0 0.0 0.0 0.0 0.0 7.457055803914911e-06 0.041201838880363564 0.01013314227085328 0.00016172341256360292 1.03362954437977e-05 4.961294434909735e-06 1.5953791151069798e-05 5.431470080177911e-05 2.9718913410942225e-05 1.9782892611392984e-05 0.0 0.0 0.0 3.13604808452139e-05 1.5161358986682531e-05 5.358076334374147e-06 1.1276891891050392e-05 0.000871901400365384 0.00011485800811567865 6.122123947697304e-06 4.3508803791100774e-05 1.3174472718237697e-05 0.0 0.0 6.980182146711564e-06 0.00022346780133556359 0.0001657592348561381 0.012069977393471567 0.06625181408351681 0.001242688487239107 0.0007273632793196673 1.6042021724118808e-05 2.9111612411616122e-05 0.0 0.0018285906355199875 0.00023546863196428346 0.00022104479086825407 4.970793242335249e-05 5.09122643308737e-05 5.140342325886201e-05 0.0 0.00026451453342253047 0.00020180413673125648 0.0 0.004781577872528233 0.0013049896438976317 0.0014740982843932595 0.0006867340218451023 0.0001170377379247246 7.253450012690523e-05 0.00042245508554997674 2.245569109709482e-05 0.0001620743388038445 0.000468756741236918 0.0 0.00021634472494466115 0.000155593920991998 0.00014956357389786246 5.772643633646012e-06 2.4467834230107796e-05 0.0 3.18224189571343e-05 0.0 1.6301929379783885e-05 1.4649802946052083e-05 7.940864184047044e-06 0.0005059692559708646 3.221769539498593e-05 1.0873500636663633e-05 0.0 0.03396475897526487 0.0 0.0 0.0 0.0002869129159065757 0.0 3.721929761847244e-05 2.133880241819851e-05 0.0 0.0009945738568105213 0.0001118118653033339 0.0 0.00019740838635030146 3.797541225213215e-05 2.547104855785133e-05 0.0001020244813779105 0.0 0.0 0.0 0.0 0.0 0.0 0.0 0.0 0.0 0.0 0.0 0.0 0.0 0.0 0.0 0.0 0.0 0.0 0.0 0.0 0.0 0.0 0.0 0.0 2.1515252949453765e-05 0.0 3.059892541236562e-05 0.0 6.977377059132622e-06 0.0 0.0 0.0 0.0 0.0 0.0 0.0 0.0 0.0 0.0 0.0 0.0 7.410546178074916e-06 0.0 0.0 0.0 0.0 0.0 0.0 0.0 0.0 0.0 5.154834955316971e-05 0.0 0.0 0.0 0.0 0.0 0.0 0.0 0.0 0.0 0.0 6.007026284584437e-06 0.0 0.0 0.0 7.030111044163089e-05 0.0 0.0 0.0 0.0 0.0 0.0 0.0 0.0 0.0 0.0 0.0 0.0 0.0 0.0 0.0 0.0 0.0 3.9411615246491e-05
0.16771355834849547 0.0 0.1371336849843561 0.11535295345269123 0.11036667027168064 0.0029685139358070975 0.25701993238717336 0.023751244898968148 0.04413560443149731 0.07736525452882928 0.024344843672669873 0.0019073415535504317 0.0075033904999152546 0.011009114999698729 0.0016962611749555144 0.00031912862632596484 0.00011749474798051337 2.6025551790787408e-05 3.832896312762574e-05 3.593572267911846e-05 2.8116163072111427e-05 7.454593621908716e-06 5.466350499649787e-06 0.0 5.475299504371649e-05 8.615239913279894e-06 5.658683604768437e-06 7.467189286634697e-06 9.907498255529202e-06 0.0 0.14794390617829942 0.02381216577623914 0.0003653038509283263 2.8413697114768272e-05 3.615973370564728e-05 3.890346057069385e-05 0.00019138235534353647 0.0001083904647235594 4.421892892621589e-05 1.935507891138226e-05 0.0 1.6203246417217286e-05 8.191743177518042e-05 0.0001634618542835373 5.903860627767388e-05 8.74386051686135e-05 0.010956763427301227 0.0003264773022776914 1.1739615501335282e-05 9.404471517968049e-05 0.00010839651749150905 0.0 6.223237709256709e-06 6.481363455882245e-06 0.00036456383254992997 0.0007547504505274387 0.011364832104767426 0.0574267564950314 0.002800996469471995 0.005757704752994867 6.371604274104008e-05 0.0001073394692964188 2.2495722899759748e-05 0.011453415884401807 0.0008186904927571355 0.0006176087957631441 0.00014103493310245037 0.00010017167764961826 0.00027766646990655175 2.0997214932014128e-05 0.0003621433604145857 1.1265170797065139e-05 0.0 0.016672365814095702 0.006691308779187149 0.01388969387321814 0.006303853962991112 0.0005896481853659764 0.0001588922032411647 0.0008663342287046228 0.00013153071649151852 0.00034466312949082577 0.0014974756424423555 1.6611065907095974e-05 0.000841376398102567 0.0005885925650979952 0.0005612600432544034 1.048077868379875e-05 0.00020076124319823373 0.0 4.946388426580567e-05 2.7104696857906642e-05 1.8297646274378015e-05 7.210606107420123e-05 2.709488505107408e-05 0.000544247397077399 5.484700055274367e-05 3.4255725821924214e-05 2.9321147561705133e-05 0.02937290002130072 0.0 0.0 1.978132899890245e-05 0.001150220393732038 2.8830847051435958e-05 0.00010728314694071647 1.2180692678136277e-05 0.00018167334864798825 0.0008107324163747898 0.00024854765740093773 0.00037092535166192455 0.000538778276103788 0.0007646512065117539 0.0003162030612046883 0.0004701994345153543 1.5024177373957956e-05 0.0 1.6933720205909754e-05 0.0 0.0 0.0 0.0 0.0 0.0 0.0 0.0 0.0 0.0 0.0 0.0 0.0 1.2548024388626116e-05 0.0 0.0 0.0 0.0 0.0 0.0 0.0 0.00037132536601176786 1.4070648817615173e-05 0.0002840908704240466 0.00015010728598934236 0.0 0.0 0.0 0.0 0.0 0.0 0.0 0.0 0.0 0.0 0.0 0.0 0.0 0.0 0.0 0.0 0.0 6.783617872964462e-06 0.0 0.0 0.0 0.0 0.0 0.00012302070220682413 0.0 9.915140942318813e-06 0.0 0.0 0.0 0.0 0.0 0.0 6.709509194424844e-06 0.00016333787568915072 0.0 1.0014880774012715e-05 0.0 0.0 0.0003607273971562871 0.0 0.00010133156797957872 7.139621700166189e-06 0.0 0.0 0.0 0.0 0.0 0.0 0.0 0.0 8.392090073559609e-06 0.0 0.0 0.0 0.00015780631959495036 0.0003039993117035253 0.00014388762917421616
0.06484685627111955 0.1371336849843561 0.0 0.02349832707064974 0.15894696990120313 0.00041888810517079223 0.05525268511391099 0.1328649198750761 0.06110880145317145 0.023984381435208844 0.12201769431423508 0.0033601347561118622 0.023168253133352787 0.05984859016118183 0.001740795166721909 0.0005225377411284878 9.292256292331827e-05 2.0958295380264835e-05 1.3500299470493015e-05 1.0191793281685627e-05 8.90647150842472e-06 0.0 0.0001259163902378411 1.562815546598423e-05 0.00023928414319526522 4.102617159804916e-05 6.0399099598295454e-05 2.1902156122424716e-05 1.1021204789171013e-05 0.0 0.1705440491623804 0.06470011738810767 0.00199828845332471 8.47759775483386e-05 0.00012431640206570323 0.0001469503989839624 0.0011217860890538319 0.0006115715670202937 0.00012827076190123835 8.688703901651857e-05 2.667138097722527e-05 7.568037123307125e-05 8.182382916866333e-05 1.981283385222409e-05 6.596658047404113e-05 6.337064360327389e-05 0.006284564934246551 0.00017651399693862103 2.5014677238687955e-05 7.847170012973267e-05 4.9750240879032706e-05 0.0 2.0046425928134102e-05 0.0 0.00014198871503047473 0.0002399064992722341 0.004260024790982339 0.021199807815713272 0.001050757780194773 0.002773558333173512 5.6075812133736794e-05 0.0008652434733070953 2.6454052224973435e-05 0.01242473919961276 0.00028949480287915845 0.00027000741964454395 4.397100865863497e-05 6.190068356286793e-05 0.00041887209198821136 0.00020360540770550717 0.0011578249146237405 6.56684293859593e-05 0.0 0.006852667193459607 0.0031785143870671356 0.007546015153762317 0.004544944250032799 0.0006653482485169185 0.0030207425915560007 0.011598460215299521 8.369243562874076e-05 0.0034396045800599608 0.0006469864955149733 0.0 0.00029347031163511224 0.00018197082130916306 0.00027661638966346326 7.344833378646206e-06 4.7553574857600395e-05 0.0 4.96495115593873e-05 6.4150349955732604e-06 9.406521521014597e-05 2.0977638392869085e-05 3.2911945801991e-05 0.000654057936234011 2.859159218766915e-05 0.0 0.00010110254213211658 0.010302785601285553 6.5394012624781435e-06 0.0 0.0 7.94320720290535e-05 8.607357238740843e-06 0.0001419504545220066 1.6926012907033756e-05 0.00010824203830022925 0.0005272316259829882 0.0003819386719304969 0.0001801588330358406 0.0007464071744236287 0.000749346276700033 0.0004770425601198799 0.0006613461223504628 2.2945933918001152e-05 0.0 0.0 7.186154863266228e-06 0.0 0.0 0.0 0.0 0.0 0.0 3.7366111047217504e-05 0.0 1.483108138470505e-05 0.0 0.0 0.0 3.356054407784539e-05 0.0 0.0 0.0 3.0174828291866775e-05 0.0 0.0 0.0 0.00044188982147205954 1.0039891189622791e-05 0.00035165774043945705 0.0001383828123304515 1.736520433394209e-05 0.0 9.560164908805526e-06 0.0 0.0 0.0 0.0 0.0 0.0 7.077920388272224e-06 0.0 0.0 0.0 0.0 0.0 5.395081060791911e-06 0.0 0.0 6.907597851895741e-06 2.5647176951704456e-05 0.0 0.0 0.0 0.00012232482311372723 1.4583510945420418e-05 0.0 0.0 0.0 0.0 0.0 0.0 0.0 0.0 0.00020581230735839315 4.423010958625002e-05 0.0 0.0 0.0 4.878243812826263e-05 0.0 7.584600800864009e-05 0.0 2.5707570791878924e-05 1.8363978888321127e-05 0.0 0.0 0.0 0.0 0.0 0.0 0.0 0.0 0.0 0.0 0.000282681769892352 0.0005595153900053928 0.00011296274501633299
0.09866044089040392 0.11535295345269123 0.02349832707064974 0.0 0.0022589776761703286 0.035783385115900346 0.0904275472096345 0.0001271766365218906 0.002372864820768402 0.0903404637964884 0.00015819131578834308 0.002403967552924666 0.00885139549356239 0.001327331184821709 3.249399882908626e-05 1.1542869852231396e-05 5.937006166568319e-06 0.0 0.0 0.0 0.0 0.0 0.0 0.0 0.0 0.0 0.0 0.0 0.0 0.0 0.001660230634039625 0.00018289501690131653 6.352196049444001e-06 0.0 0.0 6.4736640027595895e-06 4.839364043661587e-06 2.2045663258406445e-05 5.557862443657381e-06 8.539878221779293e-06 0.0 0.0 4.818554798211286e-06 1.2338556619712891e-05 2.5951472187686662e-05 1.4011005400672585e-05 0.0006599511137148093 9.79715110376486e-05 0.0 6.266015525593026e-06 1.4625774172640167e-05 0.0 0.0 0.0 8.6761608034733e-05 0.00011777364974351622 0.0033032798975919774 0.015786260396336103 0.0006597308958792663 0.0005488063469737214 4.483140073851246e-06 0.0 0.0 0.0006823645586607357 0.00011427121406954154 7.060845859869485e-05 2.1266528722912243e-05 5.883794421310522e-06 1.6537404898012028e-05 0.0 5.2280545715479256e-05 9.2621585517972e-05 0.0 0.002566830679771226 0.0006433154439867327 0.0011875334707172353 0.00037979041697630393 8.553768712716435e-05 3.809612609009664e-05 4.5895767175415683e-05 0.0 1.2400213164661295e-05 0.0002877472185490005 8.472132449203944e-06 8.514773703280546e-05 9.141670117711216e-05 8.333753943730566e-05 1.4039348876910355e-05 1.8600457278432962e-05 0.0 0.0 0.0 0.0 1.6534777955185546e-05 0.0 0.0003602843410035831 0.0 2.620460941972832e-05 2.575328107390735e-05 0.01599436051383256 2.136343808370755e-05 2.8263927683071068e-05 9.892319953407404e-05 0.0010950561755260345 0.0 4.088999516478278e-05 1.0688243016519114e-05 0.00021682068341781233 0.0033581448219989992 0.00031475631767146543 0.00010660424744240677 0.0002866114331424109 0.0001687249259291198 0.0001248724389126612 9.643552990585889e-05 0.0 0.0 0.0 0.0 0.0 0.0 0.0 0.0 0.0 0.0 0.0 0.0 0.0 0.0 0.0 0.0 0.0 0.0 0.0 0.0 0.0 0.0 0.0 0.0 4.707874201929703e-05 0.0 0.00010424876583566838 0.0 9.771745492943553e-06 0.0 0.0 0.0 0.0 0.0 0.0 0.0 0.0 0.0 0.0 0.0 0.0 0.0 0.0 0.0 0.0 0.0 6.64434744379002e-06 1.7326952594257083e-05 6.451400523850709e-06 0.0 0.0 6.618770380182343e-05 0.0 0.0 0.0 0.0 0.0 0.0 0.0 0.0 0.0 7.753747581874229e-05 0.0 0.0 0.0 0.0 0.0 0.0 5.3744588211802067e-05 0.0 1.975187973295768e-05 0.0 0.0 0.0 0.0 0.0 0.0 0.0 0.0 0.0 0.0 0.0 2.95175710734069e-05 8.333832124355091e-06 4.005828992823071e-05
0.002714109029860541 0.11036667027168064 0.15894696990120313 0.0022589776761703286 0.0 0.00016207125726883881 0.1784115917783238 0.021484630522779526 0.2932256365017243 0.036002427125926904 0.1080664608688667 0.0028821627931271813 0.03337306289643696 0.022224875426074066 0.0010310326101752975 0.00017609988377001345 2.8958975587828092e-05 2.679246448862687e-05 0.0 5.974512559685377e-06 0.0 0.0 0.0 0.0 8.878842457256412e-06 6.604576858560049e-06 2.0143347749831776e-05 0.0 7.202635560443591e-06 0.0 0.007330351138377409 0.007001140851455548 8.859543288567929e-05 2.277289444339216e-05 8.952614691431927e-06 2.5815195144171482e-05 5.6580179618241935e-05 7.090176977999149e-05 4.013574689738982e-05 1.6015516923253613e-05 0.0 1.8635543487399972e-05 4.172340754496015e-05 4.1168195425133435e-05 2.71580687488357e-05 2.9405676785234053e-05 0.004122732673590963 8.963532564880431e-05 2.3616262161536846e-05 2.5000655954427363e-05 1.1865576763744087e-05 0.0 0.0 1.1562019028576494e-05 3.618644065003988e-05 7.039726845616452e-05 0.0008571009598781023 0.0031473691276971273 0.0002983177632659297 0.001754017715447566 0.0 1.679381750131854e-05 4.942218639434179e-06 0.00319382793797724 8.68430506465923e-05 7.27205529372272e-05 6.397243134557163e-06 7.348470116079915e-06 5.166529604498301e-05 1.5555920999464694e-05 0.0003741951145976755 0.0 0.0 0.0025759134753558224 0.0014293567359911642 0.004332484767528806 0.002514319907346508 0.00012897483565294857 3.0732070615750704e-05 0.0001627576674606759 2.7742713981585578e-05 5.8412012570867926e-05 0.00017625798354570541 0.0 0.0001438683729264136 3.640618312523313e-05 0.00010886237617252834 0.0 1.2106715992858837e-05 0.0 7.629409928893316e-06 0.0 1.907068558255154e-05 1.5265614280184984e-05 0.0 0.00031781453786730037 5.620821291358374e-05 0.0 6.442269543802691e-05 0.00031927111859067546 0.0 1.5511310968964433e-05 0.0 2.654221864745096e-05 5.892989275021082e-05 0.00011086761227350672 0.0002578506874356139 0.00011500297363875311 0.0008177687565778985 0.000326354101335916 0.00011447665650547297 0.0007500561636934583 0.0009020502070624883 0.0007152337104933685 0.0008710712042825637 0.0 0.0 0.0 0.0 0.0 0.0 0.0 0.0 0.0 0.0 0.0 0.0 0.0 0.0 0.0 0.0 0.0 0.0 0.0 8.793591424419592e-06 3.623568013652967e-05 0.0 0.0 0.0 0.0005936785894735532 3.8124837855226804e-05 0.00022163983126267361 7.218564793463657e-05 0.0 0.0 0.0 0.0 0.0 0.0 0.0 0.0 0.0 2.6115835182123875e-05 0.0 0.0 0.0 0.0 0.0 0.0 0.0 0.0 0.0 2.0631089621480094e-05 0.0 0.0 0.0 0.00029435821369531306 1.2779027365931663e-05 0.0 0.0 0.0 0.0 0.0 0.0 0.0 0.0 0.0003289662572249108 0.0 0.0 0.0 0.0 0.0001238213313373992 0.0 0.0001511538965633919 0.0 0.0 0.0 0.0 0.0 0.0 8.65204941889379e-06 0.0 0.0 0.0 0.0 0.0 0.0 0.0001913234346589316 0.0004809250565468773 0.0001135471548764825
0.001666911197480864 0.0029685139358070975 0.00041888810517079223 0.035783385115900346 0.00016207125726883881 0.0 0.002616448137274557 0.00013015342287464943 0.00023874926680659856 0.05242022373154007 3.9889057951569444e-05 0.0027886762059184827 0.0030682216082195462 0.0003873354222906921 0.0 1.54451758833997e-05 0.0 7.587535758736588e-06 0.0 1.3508634429636759e-05 0.0 9.798373979802684e-06 0.0 0.0 0.0 0.0 0.0 1.5086834483215526e-05 6.6702647361840114e-06 0.0 9.279906430443057e-05 6.463234042866279e-05 0.00021503409184807351 0.0 0.0 0.0 0.0004119333589564311 0.00011499369026648422 5.142437834302158e-05 3.0324508651187745e-05 2.7429500431622547e-05 2.450894828521969e-05 7.386738008786516e-06 8.785657983241243e-06 0.0 9.873107088005733e-06 0.0 0.0 0.0 0.0 0.0 4.797735122524183e-05 0.0 0.0 0.0 4.108751062074447e-05 0.006961116683170139 0.0017755341692587974 0.00027578027511353026 0.0 0.0 0.00010646752457549557 0.0 0.0 0.0 0.0 6.3355196699478695e-06 0.0 0.0 0.0 0.006065523334506742 0.004607762328304213 0.0002897698906830049 6.111673958057212e-05 1.4814217168643495e-05 7.824427666201287e-06 3.149105079544161e-05 0.0 0.0 7.431108605355226e-05 5.917004110682936e-06 0.0 0.0 9.898410104064153e-06 6.520268700669548e-06 4.356908594466877e-05 0.0 0.00022036399962035804 8.41296623867081e-05 8.598331484090654e-05 0.0 0.0 0.0 0.0 0.0 0.00641992797195711 0.009883414642147446 0.00012834567176964916 0.00035857400831031594 0.019472700698262478 0.0 0.0 0.0 8.00357907497044e-05 0.0 3.8793665252298736e-05 0.0002760338964747049 7.851402289237486e-05 0.0013072619979016006 0.0003340017854088988 8.18790480422332e-06 5.995175412608525e-05 0.0003638530252957886 0.00014428835702609913 7.792826540870935e-05 0.0 0.0 0.0 0.0 0.0 0.0 0.0 0.0 0.0 0.0 0.0 0.0 0.0 0.0 0.0 0.0 0.0 0.0 0.0 0.0 0.0 0.0 0.0 0.0 8.057433525881815e-05 0.0 2.8201703474792277e-05 0.0 0.0 0.0 0.0 0.0 0.0 0.0 0.0 0.0 0.0 0.0 0.0 0.0 0.0 1.100033323920884e-05 0.0 0.0 0.0 0.0 0.0 0.0 3.115551976932608e-05 0.0 0.0 0.0 0.0 0.0 1.0066553828584732e-05 0.0 0.0 0.0 0.0 0.0 0.0 4.112239284012446e-05 0.0 0.0 0.0 0.0 8.190816870956722e-05 0.0 0.0 0.0 0.0 0.0 0.0 0.0 0.0 0.0 0.0 0.0 0.0 0.0 0.0 0.0 0.0 8.328462490764528e-05 7.315562349756879e-05
0.04708250963035777 0.25701993238717336 0.05525268511391099 0.0904275472096345 0.1784115917783238 0.002616448137274557 0.0 0.004454957711542999 0.24705540411575774 0.1770814713160392 0.04890655384380347 0.01404678139165932 0.1921081442866053 0.1120752905637448 0.0018864867468874158 0.00040383690979139725 3.7006668933990256e-05 1.2432724581985841e-05 2.6944995163987252e-05 2.7419627704822822e-05 1.5595987877262234e-05 0.0 7.143151366142458e-06 6.144160361274029e-06 2.2252127488332533e-05 0.0 0.0 0.0 0.0 0.0 0.010292149562065745 0.0060916091698356425 8.284468490356467e-05 5.815644823195268e-06 6.129467434375464e-05 1.776753364253761e-05 0.0003436158464895629 0.0001335671779985449 7.631167608400457e-05 8.663824371668197e-05 2.665174259508326e-05 7.395842774788058e-06 3.69098181855876e-05 7.03067695373685e-05 2.895538869400389e-05 8.086486119767669e-05 0.008960007927109027 0.00021706485341529342 5.064773737254696e-05 6.444069636529392e-05 7.923887312197727e-05 0.0 0.0 0.0 0.00022654014896408674 0.000261034397687142 0.0045552036787849986 0.01894516783273368 0.0012536177134927038 0.0044801652983189185 1.319013653403719e-05 9.81071308839422e-05 2.805574707922163e-05 0.006068858407800927 0.00038014645634015315 0.00037933384259058333 6.049009695318647e-05 4.6783095111077545e-05 0.00015452901642871815 5.448357187378643e-05 0.0010829725901985872 9.628845710573848e-05 9.080296481398207e-06 0.008174738380786502 0.003931053340791742 0.010426702676197106 0.004867159600176508 0.0003170191561611696 0.00012139907267786636 0.0004470996855260184 4.433213807034669e-05 0.00019812822083594068 0.0007240662385455888 0.0 0.0004936952140578929 0.0002803917920187914 0.0003208017013826476 6.023105463796407e-06 0.0001224944247638256 0.0 6.273131762333072e-05 3.231347358275458e-05 4.998308576231515e-05 8.099834146088115e-05 7.708053914382305e-06 0.0022134917425358273 0.00011730789859546925 0.0 6.864514420390819e-05 0.004176832517514309 0.0001509071176221655 0.00011850707030486278 0.0007958647460885944 0.00012131719670351335 0.00015549508249890917 0.0011301779202175309 0.00020826420819710013 0.0027575384969322834 0.004670181923070717 0.0011605725957484737 0.0006553348265915134 0.0029574068287875617 0.002981464728404992 0.0017436582884153276 0.002241967464945951 7.672270817912133e-06 0.0 0.0 0.0 0.0 0.0 0.0 0.0 0.0 0.0 1.4609197941877933e-05 0.0 0.0 0.0 0.0 0.0 0.0 0.0 0.0 4.03274491116364e-05 0.00019560710106908877 0.0 0.0 0.0 0.001140747791584217 9.328188135055159e-06 0.0005507544636827604 0.0002515907468306859 3.0139083962648433e-05 0.0 0.0 0.0 0.0 0.0 0.0 0.0 1.0133612866984775e-05 1.920896283165526e-05 0.0 0.0 0.0 2.637383124306173e-05 0.0 0.0 0.0 0.0 3.319896376607368e-05 9.087416548711942e-05 2.5325811202499175e-05 0.0 0.0 0.0006026241780621056 2.4805346078185953e-05 0.0 0.0 0.0 0.0 0.0 2.463207076946165e-05 0.0 0.0 0.0008540790572129951 0.0 0.0 0.0 0.0 0.0006354530853337033 7.144700948579944e-05 0.0003123864857203408 2.9284080530775502e-05 0.00013107413402928717 8.392285294363472e-05 1.7238283120535557e-05 0.0 0.0 0.0 0.0 0.0 0.0 0.0 0.0 0.0 0.0013477468831304988 0.0012863777018208434 0.0006082486800271165
0.00598440848453169 0.023751244898968148 0.1328649198750761 0.0001271766365218906 0.021484630522779526 0.00013015342287464943 0.004454957711542999 0.0 0.027132758945277596 0.0016255839178687507 0.29359698938325457 0.0033811756026627827 0.01771448335273037 0.10575146082768051 0.003437232838360169 0.0018521754048275907 0.00016678503110807342 0.00016210022240565063 8.397503827974882e-05 0.0008997229697062837 0.0006594987644980233 2.032702791203868e-05 0.0014882222146448821 0.00010075034580286258 0.0023428787493026725 0.0 0.0003852330479175266 0.00013182018209988795 8.415959347421136e-05 0.00011999482543688913 0.035252262999129216 0.1961569971270518 0.014982460441467083 0.0011646818833677742 0.0023285840013091822 0.002001811782239847 0.007026302073521309 0.006897667364198361 0.0009272101954989133 0.0007651762027893822 0.0006482280813669599 0.0003060828645759266 0.001328385148251189 0.00027130176541869836 0.0009760224765653327 0.0007861583464907323 0.005667894653959964 0.00013041224181665893 0.000174078327117529 0.0007603005253686275 0.0001189387805751975 4.28875350432428e-05 0.00011805014747539065 0.00012433953365414423 6.355376671699312e-05 6.790333745526366e-05 0.0013384157962203394 0.0065792097090061966 0.0003416970078244398 0.0017981809925992336 0.005583696999351722 0.013164935811372422 0.0010533933307357037 0.019946452922496787 0.00015352958098499843 0.0002954770693507249 7.988509736517189e-05 0.00042165110674423746 0.005652320874179822 0.0029548266909564607 0.003965104359370975 0.0001223605397520514 0.0 0.002458818141294264 0.002059237163174943 0.006161888445545709 0.007052987895761356 0.010735482194502542 0.05088406005583787 0.1291025358896655 0.002054796904758281 0.09219908175183004 0.00023873689451508554 6.201661887552931e-06 0.00019688773108184833 8.661720325226543e-05 0.0010230871862240113 0.0 2.903526953943226e-05 1.4477210217868954e-05 5.98611882876283e-05 2.1330469766629273e-05 0.0014048315419198521 0.00015407533481840802 0.00017646394980105142 0.0009082684701026085 0.0003265326342224125 0.00014356991216183198 0.00026807271271251943 0.0013119064969693871 0.0 0.0 1.2668032108789385e-05 0.0 1.993204222857579e-05 5.622207128308365e-05 3.511947773029376e-05 6.126836568672311e-05 0.00047099941152537177 0.0001613560730073597 9.654128558431022e-05 0.0004911306472780957 0.0006368041023688268 0.00032099565671264946 0.0005906936633824545 4.039544087165491e-05 0.0 0.0 0.0 0.0 0.0 7.575015320939755e-06 1.3359502350020255e-05 0.0 0.0 3.1537950401374435e-05 0.0 1.1063361406448226e-05 0.0 0.0 8.484954071626312e-05 3.406290997221728e-05 0.0 2.9207842422474576e-05 2.0328854126508886e-05 2.3429628303952308e-05 0.0 0.0 0.0 0.0004298306313608566 7.870943753249924e-06 0.0003367264318633208 0.00036055641973026367 6.806081695492627e-05 1.8563320097238102e-05 8.339093394246498e-06 0.0 0.0 0.0 1.246095129495321e-05 0.0 0.0 0.0 0.0 6.701584983544545e-06 0.0 7.354162071678562e-05 0.0001383121179391625 0.0 0.0 0.0 0.0 2.552692647470234e-05 0.0 0.0 0.0 0.00034360504888689803 0.0 0.0 0.0 6.113525463544083e-06 0.0 0.0 0.0 6.373544344300718e-06 1.8921075835010693e-05 0.0003401506799900453 5.468015137752532e-05 2.3135585160019894e-05 0.0 6.281789181939374e-06 0.00022227436164126224 0.0 0.0001530273318538969 0.0 0.0 0.0 9.917273141169542e-06 1.2414931797939944e-05 8.954470904370811e-06 0.0 0.0 0.0 2.1973744468080398e-05 0.0 8.482042097195895e-06 0.0 0.0003147520578889131 0.000949320001483049 0.0003572760073381316
0.0010774779774493223 0.04413560443149731 0.06110880145317145 0.002372864820768402 0.2932256365017243 0.00023874926680659856 0.24705540411575774 0.027132758945277596 0.0 0.053711574952402565 0.10253447453801309 0.006122166530754351 0.09053757293011454 0.09288828345947729 0.0015151110111391612 0.000528922468901912 3.04916435041309e-05 0.0 5.858694010294409e-06 0.0 7.745693223791357e-06 0.0 6.001123878190129e-05 2.299058086969364e-05 3.255527370121008e-05 0.0 0.0 1.6293140751490722e-05 0.0 0.0 0.0051168502380013695 0.011138948385525576 0.0012063358495344064 1.7348967316633383e-05 2.959734392434803e-05 1.8722989485114302e-05 0.0007142036775346262 7.102640464856973e-05 6.329650308020594e-05 8.308062424427007e-05 1.5356613019620712e-05 7.3728962538230975e-06 3.76678582594216e-05 5.0862688400019804e-05 2.099597622601514e-05 3.150777055733861e-05 0.005662539640699999 7.000113821574282e-05 0.0 2.471431595573683e-05 2.1222358516114306e-05 0.0 1.0408317613461963e-05 7.496948229079211e-06 5.115780733519053e-05 6.542260485755178e-05 0.0008817368866045764 0.002000213863500533 0.00024234997284881677 0.0020539981415324577 1.417927419573181e-05 0.00044767371591600486 7.716324722954572e-06 0.002930751767900328 6.972514768874651e-05 9.645728941049397e-05 1.287307118069577e-05 3.007490477724158e-05 0.00015564786885352566 3.965324137382816e-05 0.0010359072838011392 0.0 0.0 0.002409477978097529 0.0015168636790559731 0.005754612790059947 0.0035260793330453718 0.00026650920037072084 8.105334619153618e-05 0.0034968643089894956 4.965723270371038e-05 0.00045931041497857054 0.0001714431748639598 1.132348505108779e-05 0.00013206731225395534 4.859080098761733e-05 6.70499820931085e-05 0.0 4.15772000852824e-05 6.551515105645647e-06 1.3243397199874677e-05 1.4665945814320632e-05 4.8187614184332487e-05 2.3286272544858688e-05 0.0 0.0012584334188979055 0.00010688450882831317 3.093336126361692e-05 1.5891610786706776e-05 0.00044056480064837866 1.2693305126379128e-05 1.7318551638482244e-05 2.7417288747295664e-05 6.98664427837994e-05 0.00010423206176527809 0.00017854559200175532 0.0003057229120272169 0.00031485699622447154 0.002499647568166239 0.0011551915456637556 0.00046431549933199836 0.0020187201020500545 0.002779888571728428 0.0014815397266864992 0.0019520926862325125 0.0 0.0 0.0 0.0 0.0 0.0 0.0 1.6852665266568776e-05 0.0 0.0 0.0 0.0 0.0 0.0 0.0 0.0 7.846462233718406e-06 0.0 0.0 2.6272933931991718e-05 0.00011464850804072227 0.0 0.0 0.0 0.0011640776500580065 0.0 0.0003679783500964448 0.00023905417954952062 0.0 0.0 0.0 0.0 0.0 0.0 0.0 0.0 1.1984745449814152e-05 1.880202945038985e-05 2.339670844593883e-05 0.0 0.0 0.0 0.0 0.0 0.0 0.0 5.641651858797182e-06 1.2421488078648476e-05 3.948799042471805e-05 0.0 0.0 0.000550064704738789 7.930542864761841e-06 0.0 0.0 0.0 0.0 0.0 0.0 0.0 0.0 0.0007507019084226692 0.0 0.0 0.0 0.0 0.00024292750244479596 0.0 0.0002849167301128404 4.113470375015544e-05 0.0 4.330995409555523e-05 0.0 7.035207276325266e-05 0.0 0.0 0.0 0.0 0.0 0.0 0.0 0.0 0.0010046420467094365 0.001443321960498028 0.0006470433823034019
0.05976484855483232 0.07736525452882928 0.023984381435208844 0.0903404637964884 0.036002427125926904 0.05242022373154007 0.1770814713160392 0.0016255839178687507 0.053711574952402565 0.0 0.0062787054445845635 0.16245721738410357 0.4825647436965158 0.03890953468232319 0.0017918051420649638 0.00048422879713279886 5.73956478374853e-05 3.832463688692731e-05 6.161163954836215e-06 1.1663714760428263e-05 5.844754414171609e-06 0.0 2.293869367220674e-05 0.0 3.266836469752577e-05 0.0 0.0 6.4653599651143235e-06 1.823826038275117e-05 7.390990868615397e-06 0.005962569150279344 0.002536091701661926 0.0009096014599041152 5.047473251155567e-05 3.030907190072041e-05 0.0 0.002404143871462659 0.0004656617424569676 0.00019024746481434334 4.615359662947365e-05 1.1767890673367441e-05 4.952354106668043e-05 3.699010470261549e-05 3.167447897051162e-05 3.837004349214973e-05 3.531553203007332e-05 0.010007098720798826 0.00016947848746233746 1.4071343397543819e-05 7.913761582928313e-05 7.176089177085659e-05 0.0 0.0 0.0 0.00017514323768050256 0.0002982774596309871 0.006476972277267914 0.01793028814908272 0.0013810525297584637 0.004161769066145156 4.724158847576379e-05 0.00024683613215316185 0.0 0.003753223589787172 0.000347901620638281 0.0003092191980151124 7.558643772036895e-05 8.434464710476882e-05 4.5517155579187626e-05 6.819716599476627e-05 0.021978452251456195 0.00014260723176496762 0.0 0.006608617187084093 0.0027805720568388113 0.008414663806323382 0.003294002048733425 0.000410638811961779 6.909180248042817e-05 0.0005285607847492872 4.765273087294231e-05 0.0002945364549043911 0.000572030700833167 0.0 0.0003205920651607949 0.00021366223279994186 0.00016892964655574328 0.0 5.905038044587295e-05 7.103304169438628e-06 3.558122569807423e-05 5.560346778378908e-06 2.6400872785758835e-05 5.959792911073943e-05 2.8402812285786807e-05 0.018146429039970883 0.0018632643660041795 0.0 0.0007589241217832479 0.02588550712744271 9.793844487941092e-05 0.0003098131676949575 0.0009360459887690704 0.0031801131776081 0.0004107761952565161 0.003476987991454823 0.0024674103128466446 0.008510394895111665 0.02574405592820463 0.011432570265115963 0.0034879481687438577 0.020604893943758276 0.025968971733009102 0.011152014201944201 0.009752711198734117 1.2851706732817455e-05 7.755367499182898e-06 0.0 0.0 0.0 0.0 0.0 0.0 0.0 0.0 0.0 0.0 1.548860997392774e-05 0.0 0.0 0.0 7.453353439062036e-05 0.0 0.0 6.862553305114545e-05 0.0009625626528748409 0.0 3.349364287754209e-05 0.0 0.006164091964601932 0.00036671683049277856 0.003394935167360196 0.0014082259849526422 8.716799405932373e-05 0.0 0.0 0.0 3.247315773910767e-05 0.0 0.0 0.0 7.93384449622466e-05 0.00010709042708610926 0.0 1.7390850717088162e-05 0.0 0.00014375181549166328 8.496961027942336e-06 5.037933599661159e-06 7.051622807598367e-06 0.0 0.0001453984600513802 2.1495784404795963e-05 4.2203436118038725e-05 0.0 0.0 0.003341632587662269 4.618512825065965e-05 0.0 1.3070213732616028e-05 5.271775355133556e-06 0.0 0.0 0.0 0.0 0.0 0.0035424702808041436 0.00016830723555850098 0.0 0.0 0.0 0.002892321804082294 0.0 0.0019417684644800859 7.298292185186864e-05 8.973657048059611e-05 0.0001657158081498485 2.1739221055096628e-05 2.3291963946639453e-05 6.459020596410089e-06 0.0 0.0 0.0 0.0 0.0 6.625765007745513e-06 0.0 0.0042978270968402005 0.0058768689651394635 0.002683709453041331
0.003344046547822335 0.024344843672669873 0.12201769431423508 0.00015819131578834308 0.1080664608688667 3.9889057951569444e-05 0.04890655384380347 0.29359698938325457 0.10253447453801309 0.0062787054445845635 0.0 0.017130542210346728 0.09224279996523917 0.1449735869388008 0.00312628809288999 0.0020359853293336425 2.0031125786077973e-05 3.985010194014283e-05 1.3099304862996258e-05 9.635175295162148e-05 6.6759353697941575e-06 0.00013670226673203793 3.284634053553463e-05 0.0 0.0005390654403680949 8.209204640015246e-05 8.803480811907305e-05 0.00022616949203872253 6.797072140015527e-05 3.928287197224839e-05 0.01915457507950558 0.056498036878121834 0.04548161837601158 4.0942075275499025e-05 0.00014632566379766985 0.0003851425494602455 0.01822104288026216 0.007299690171978183 0.001273521542392244 0.0005567041028967618 0.0001851577690877339 0.00018476425056014687 4.692327564764022e-05 0.0001401899763884955 8.54291711280797e-05 9.169774113865944e-05 0.004914196412182345 5.62745215287519e-05 2.2191447047403465e-05 0.0001239975557263521 1.5695509412407135e-05 4.3202823564208614e-05 0.00026694036882255964 0.00022038140565491544 2.319354312453762e-05 2.306661960355657e-05 0.000563011221862624 0.0022500768508352245 0.0001717406586014922 0.0012539922019147904 6.568957969092276e-05 0.016327838283221482 5.3359939539131074e-05 0.0033660954726065593 4.059802468427864e-05 4.926879222459835e-05 3.164898304122384e-05 2.3215521387236598e-05 0.0002310863259739605 0.0001256221287973597 0.009058072686771269 0.00033593586744974494 2.0231335104527037e-05 0.0013383807940070846 0.0009715090145008552 0.004354728756201829 0.003145133109684482 0.0007720090463033895 0.0020137249578046023 0.046975842093069174 9.999762930343187e-05 0.012128027367907883 0.00010296717448736647 0.0 8.83064844047584e-05 2.4086665379803565e-05 9.1078534439387e-05 0.0 2.4714868850590332e-05 1.3934421617709494e-05 1.0149815732190682e-05 0.0 0.00013528656699874887 8.863675000734835e-05 0.00012336391468698108 0.0014956762369113413 0.00023263799630486936 2.5966910784213607e-05 0.0005616630685274722 0.0007664978785530482 2.3905321867549316e-05 7.894467167843325e-05 0.0 0.0 4.3187322201654895e-05 0.00015326820478891274 0.00012959152663448616 0.0002043507833488947 0.0008573501940786114 0.0004764093524430026 0.0002936733209644764 0.0007643243233518861 0.0011788799149136987 0.0008098731854664077 0.000995331732123535 1.2546622306351544e-05 1.384448851618422e-05 1.211261369180114e-05 0.0 0.0 0.0 0.0 0.0 0.0 0.0 7.124405092307466e-06 0.0 5.195948364307998e-05 0.0 1.872168709005873e-05 9.675383027308008e-06 2.9193322240604104e-05 3.0358118935495753e-05 0.0 3.345810253791076e-05 8.162252421383513e-05 0.0 0.0 0.0 0.0007758827407181616 6.321377007267854e-05 0.0004499948275849054 0.000280123276648675 7.726550785563847e-05 6.467985061881191e-06 7.170542737135843e-06 0.0 0.0 0.0 3.231213703559621e-05 0.0 0.0 5.897135432604448e-06 0.0 0.0 0.0 6.0050847836915294e-05 7.874864922318194e-05 0.0 0.0 0.0 2.6800909749832377e-05 2.7334188373905676e-05 0.0 0.0 0.0 0.00017376915551508429 0.0 0.0 0.0 0.0 0.0 1.818325519058127e-05 1.9632146152646647e-05 0.0 0.0 0.0004878239525352816 0.00010014399044757224 0.0 7.029380096860107e-06 1.0204880921297943e-05 0.00011799793075626313 0.0 0.00017519486181449492 5.680232658607853e-06 1.8124129593359574e-05 1.948243487182719e-05 0.0 0.0 0.0 0.0 0.0 0.0 0.0 7.619386748235291e-06 0.0 0.0 0.0007100475627672323 0.0012177517746359712 0.00034454006100382743
0.00023965826378997458 0.0019073415535504317 0.0033601347561118622 0.002403967552924666 0.0028821627931271813 0.0027886762059184827 0.01404678139165932 0.0033811756026627827 0.006122166530754351 0.16245721738410357 0.017130542210346728 0.0 0.07567331843109312 0.025493201680701207 0.001671079971140525 0.0009861739643660158 5.359537952071171e-05 2.189724560385941e-05 3.436134073833018e-05 1.8229384528141392e-05 0.0 7.820455038221356e-05 7.384884564937051e-06 0.0 0.00014092407076160004 9.544165110156826e-06 1.7461911089695087e-05 0.00015997293176591524 0.00016313636259110133 2.8692111979548707e-05 0.0003488663446231347 0.0008609903471841128 0.007128061800414047 2.3709684777241844e-05 7.627749398273207e-06 5.1776679436158506e-05 0.018872561552270916 0.0029363254053848763 0.0020619708774741747 0.00038044275813801964 6.30502147293212e-05 0.0001146092298918935 3.2012666476407406e-05 0.0001419285967146972 1.2593957582352567e-05 5.0360962165303125e-05 0.002304834188272661 5.0908707897033074e-05 5.204961934964756e-05 2.7832530319840448e-05 1.4089123259172434e-05 9.978309410088642e-05 0.0001502376154903057 7.335124812697388e-05 0.0 2.6439642806679635e-05 0.00038045381926569397 0.0002987599937684727 9.438989786695736e-05 0.0005039979264467619 2.2310248829125834e-05 0.0004786378939142234 0.0 0.0004756440753539785 1.679817697108996e-05 3.1270744349037204e-05 0.0 0.0 4.999042800290307e-05 4.366033897881592e-05 0.017197816489605604 0.0005599767969136602 1.9007984167863307e-05 0.0003954294161964433 0.00024499441170525925 0.0016415804882207016 0.0011871388357850986 0.0002743299096113506 0.00011029570854419207 0.0005980101694378846 2.5010767284431815e-05 5.432968296006724e-05 4.528647243170968e-05 0.0 1.341073973452407e-05 1.4196245944765704e-05 6.1592614058011e-05 0.0 9.772544836755124e-06 0.0 0.0 0.0 3.3720910353224745e-05 3.230135789352747e-05 0.00012189080988402779 0.04353247576641834 0.0035619288392024773 3.601780448911807e-05 0.0011383416490250886 0.003005390532303925 3.448118046706885e-05 8.843760401923528e-05 0.00014624928354277887 0.00019460690227971982 0.00023916407963179865 0.0007081647324178522 0.0010129266047336838 0.0012124132411501544 0.00827124125310091 0.004549985522692782 0.00157620081117183 0.008007414578103986 0.009961109652847643 0.005619965319668235 0.005219911620602805 7.557474016364372e-05 9.526158644710953e-06 0.0 0.0 0.0 0.0 0.0 0.0 0.0 0.0 3.522283768488487e-05 0.0 5.370596033747132e-05 0.0 0.0 2.104882706661898e-05 4.1727375650094034e-05 1.5582659326870685e-05 0.0 8.078408362879225e-05 0.00020712497065903795 0.0 1.095030225466083e-05 1.2291878079418492e-05 0.0033463251327390062 7.285806684068171e-05 0.0014450659740873834 0.0006099905877239704 0.00013506641608286666 0.0 2.447320487903115e-05 0.0 0.0 0.0 5.827174665404824e-05 0.0 5.7829954129147975e-06 0.00010270446635927148 0.0 0.0 0.0 8.730311316194788e-05 5.249679544588845e-05 0.0 0.0 0.0 6.940691793330548e-05 1.818943764421857e-05 0.0 0.0 0.0 0.0010717126119056926 6.3384032150602745e-06 0.0 6.254621184158921e-06 0.0 0.0 0.0 0.0 0.0 1.4761375096822805e-05 0.0022152911803728845 7.495077247663445e-05 0.0 0.0 1.5983054888023664e-05 0.0010548385886524547 0.0 0.0006313108653954871 2.498442216772297e-05 3.361823021008539e-05 5.226033182425351e-05 2.016657487185761e-05 0.0 0.0 0.0 0.0 0.0 0.0 0.0 4.280436821170682e-05 0.0 0.0032105592382083163 0.003026169416534834 0.001073622206888829
0.0008461759892534237 0.0075033904999152546 0.023168253133352787 0.00885139549356239 0.03337306289643696 0.0030682216082195462 0.1921081442866053 0.01771448335273037 0.09053757293011454 0.4825647436965158 0.09224279996523917 0.07567331843109312 0.0 0.27094115809525887 0.005335392629531772 0.0028131086318022207 0.00010220837568303229 6.182869554530647e-05 4.1353813488417005e-05 8.805233645507965e-05 0.0 0.0002423300612498523 8.263976721007769e-05 1.3778473424494205e-05 0.0002812351006630285 1.806296779238693e-05 9.301911368703414e-05 0.0002113344610094797 0.0003326111523960379 5.5688828657172766e-05 0.0023695640717220808 0.008242458290989723 0.04390213229777235 0.0001072914689774429 5.772805902285821e-05 0.00013153671410843725 0.0731089104553433 0.00963717714835889 0.006735019276990138 0.001047441248261807 0.00013764562442295384 0.0004921823594378803 7.547139913116364e-05 0.00025177353673064534 8.06115596663296e-05 7.717383530444469e-05 0.008877238943110419 0.00010911563339844471 3.401732476072751e-05 0.00015233687417636269 4.3717720972735006e-05 0.00013701256858447952 0.0008609190906676724 0.00043256803454870557 2.5126955507259892e-05 4.175530699352364e-05 0.0012746194646546972 0.0014779765099613464 0.00031628372247181723 0.002552519908441826 6.700794916182519e-05 0.0015593454709648845 6.611435246923919e-05 0.001977509428331757 8.843649961407295e-05 8.393449973372066e-05 4.668553455275445e-05 5.341358695445707e-05 0.0001761507685571316 9.078674394969495e-05 0.04402332775469028 0.001088487438530278 3.998339252072228e-05 0.0020439152888435674 0.001484398743204858 0.007624703366685954 0.004900188569543301 0.0006671781094163648 0.00039095043760247015 0.003259813196882425 7.250384076888541e-05 0.0009167396472159637 0.0002409582557374493 1.1467005109486797e-05 0.0001176471037417256 4.320191253379058e-05 0.00016680397583331659 8.019767540911385e-06 7.113467189112183e-05 7.110791325706016e-06 2.064330130580698e-05 5.059106057339928e-05 6.166995011026559e-05 5.276659936561329e-05 0.0003251769092737662 0.05792567495753695 0.009351296811127258 0.00016359293743833684 0.004403104611700152 0.0038691604771373864 0.0001807415306757009 0.00038382913758242844 0.0005750098178361846 0.0031742923513570923 0.0004941817675286666 0.008286712637954123 0.002483396338967612 0.0042063862247430864 0.03405275208874308 0.012359314389175485 0.0029705752805823786 0.030785941337831486 0.023804568284680916 0.015176626761313976 0.011389935830845084 8.799980175218422e-05 6.406845967441764e-05 4.022623335528349e-05 8.856769399396411e-05 0.0 0.0 8.8140669945952e-06 2.114441880236692e-05 0.0 0.0 3.498749554446362e-05 1.3912797798455828e-05 0.0001529703938373143 0.0 5.32655837402927e-05 1.6025133970797214e-05 0.0002157074937808616 2.3464113620515937e-05 1.5410957783964772e-05 0.00019693969258323456 0.0006774408703061622 0.0 0.0 0.0 0.007539918762039533 0.00035331570272913415 0.0031118373648587557 0.0015447096565355354 0.00039627591575471806 0.0 8.287666557875106e-05 1.0366006850207229e-05 0.0 1.0615122441386292e-05 4.3010431385182414e-05 0.0 4.952242696970519e-05 0.00015031533829204882 0.0 0.0 1.765264135355647e-05 0.0004702621253151998 0.00010222991227596937 0.0 1.6428344311342098e-05 6.418844339580596e-06 6.597286399944214e-05 0.00012937859611925753 4.706086893165805e-05 2.4733284218240047e-05 0.0 0.0033850276732583003 4.923063601849822e-05 0.0 2.4430607053506897e-05 0.0 0.0 1.8507017125161658e-05 1.1385146211185217e-05 0.0 4.016853060850699e-05 0.004969958254343193 0.00023657928696138822 2.131811824328686e-05 7.5114301052127485e-06 9.336598782642955e-06 0.0030284530965760314 0.0 0.0016303812194441755 0.00015883421297060375 0.00011886901105977357 0.00010589383662956685 7.604287319010382e-05 5.6355254330690756e-05 6.681351247177982e-06 0.0 0.0 0.0 0.0 0.0 0.0 9.188486650961546e-06 0.00788872273246205 0.008308747244700005 0.0030021963318186576
