0.0 0.24436287859218941 0.032756416350957426 0.18150100453618645 0.00950965421579413 0.0071113608899235695 0.01946218379142944 0.002935618327019666 0.0010479673863095721 0.12429942015845721 0.0038742240920117267 0.0035458248164770964 0.021942935434190593 0.00786994081327962 0.00027048961556696015 1.5001154216219036e-05 0.0 0.0 0.0 0.0 1.7091919324201024e-05 0.0 3.266314667065723e-05 2.8744640621473652e-05 1.4376298885313566e-05 7.551200817559188e-06 9.63801205593616e-06 0.0 3.8478740516671095e-05 0.0 0.056404921154523474 0.007173904150477067 0.005858304151833145 2.9842387779823937e-05 7.905782146612557e-06 0.0 0.0020143175617329248 5.996478546861757e-05 4.591875016421212e-05 1.8198858343226364e-05 2.090038029922857e-05 3.5698252340941385e-05 7.819794344269482e-06 0.0 0.0 3.970507973816674e-05 0.0002953674785905876 4.215055883015895e-05 1.8374650866043838e-05 8.713861363242947e-06 0.0 1.8139062107427332e-05 7.322737295026586e-06 0.0 0.00032463712026964685 0.00026020941549419587 0.02067535569909276 0.027311083871706013 0.0017430405605855408 0.0006052048084237609 3.526399049623896e-05 0.0007175555777193753 2.5850900021780653e-05 0.0006032057685792726 0.0002449294377447145 0.00012627022760326381 1.904316954914811e-05 1.9312728718014036e-05 3.29978925927394e-05 2.3470997054841637e-05 0.0007576978881953682 0.00017547325617137244 0.0 0.007748308079443487 0.0022140522800679946 0.002300547769579994 0.00012667740152060033 3.216957893013802e-05 0.00010807713840799958 0.0025401603450953686 9.412501905360212e-05 0.000471327836244663 0.00022707019542538755 3.200077952551218e-05 0.00011978154841382902 5.391567754454739e-05 5.445331841755724e-05 0.0 3.594029876434065e-05 1.8334528917835193e-05 4.3330712107016956e-05 0.0 8.778089456143385e-06 0.0 0.0 0.002866132006992015 0.00013441495193987208 0.0 6.67340766164417e-05 0.053115372633426486 1.2721214009649726e-05 0.00013315169006400605 0.00013456939883005562 0.0010987855448322274 6.477167961566575e-05 0.0002600897381663906 0.00014197444772021982 0.0001046336928531265 0.00021779023413583817 0.00023039234601387204 5.58237064214637e-05 0.0005260775573940579 0.000490437140466051 0.00024124172446724542 0.0001468172741745111 0.0 0.0 0.0 0.0 0.0 0.0 0.0 0.0 0.0 0.0 0.0 0.0 5.39843707925546e-05 0.0 0.0 0.0 9.686252272679085e-06 0.0 0.0 0.0 0.0 0.0 0.0 0.0 0.00016107363794101004 0.0 0.00016516975931027265 0.00015594097275845525 5.822304683050332e-05 0.0 0.0 0.0 0.0 0.0 0.0 0.0 0.0 0.0 0.0 0.0 0.0 1.5964055194125625e-05 7.896409295166385e-06 0.0 0.0 0.0 0.0 0.0 0.0 0.0 0.0 0.0002430093834542794 0.0 0.0 0.0 0.0 0.0 0.0 0.0 0.0 1.2693098677698842e-05 0.00037853236465432025 0.0 0.0 0.0 0.0 9.694273010281518e-05 0.0 7.954746917210975e-05 6.858966972793886e-06 7.275470776408336e-06 3.107785334011311e-05 0.0 0.0 0.0 0.0 0.0 0.0 0.0 0.0 0.0 0.0 0.00025739203205439056 8.483913394148507e-05 0.0002085695373881311
0.24436287859218941 0.0 0.04618086052846057 0.22612565617710972 0.132300552633255 0.02985493016206218 0.19225325070357963 0.04334289919631555 0.18806274735079662 0.22871251244459218 0.13441690012506932 0.013913330714715476 0.26386456829831983 0.3878393958629224 0.001603596399828724 0.00022690135037027048 3.719088860090622e-05 8.0287839043085e-06 1.0037067167673776e-05 0.0 5.0940393352098584e-05 0.0 4.524303696369019e-05 2.545013167396045e-05 8.973885164913937e-05 8.807913727660033e-06 9.004984212971529e-06 6.793005235355959e-06 1.1746813404470316e-05 9.626891596272836e-06 0.1873883572207388 0.004425348436970089 0.011918233827753536 7.313833838043172e-06 1.5371899578619602e-05 0.0 0.0049855835941843216 0.0001642617602984408 0.00020763246277283876 0.00011058821081111227 2.4265543854678017e-05 1.8431209676417844e-05 1.731956650853753e-05 0.00010820786046935923 1.5429656580122215e-05 4.415731307060036e-05 0.0064276434536462 0.0002621268752255355 4.6395138282220444e-05 7.635415769648777e-06 7.093537510630151e-05 9.554174123197657e-06 3.244084059379448e-05 3.193350412805608e-05 0.0014916399857925092 0.001400821051576866 0.014651107759702655 0.01783773300658819 0.0050014338153135185 0.00606094479300429 6.29457458968522e-05 0.0012704089806835192 5.692040845209715e-05 0.007350473673656745 0.0012104180310386523 0.0007647867875623829 7.969348253683717e-05 0.0002444015617803108 5.1530880844948653e-05 6.253500533348924e-05 0.0029739983303573914 0.0 0.0 0.02521596032335382 0.016697495605176645 0.01688685616344965 0.0020141877827570074 0.00013271937668968213 6.667530885935681e-05 0.012414154011663608 7.275032746518384e-05 0.0004353623126300631 0.0014846187635472732 0.00013778850014789873 0.0007102237672549509 0.00043310894262058275 0.00017436092287547773 5.899630492655362e-06 0.00011549084316836542 6.877646079675484e-06 0.00016823904162361367 1.53359178614331e-05 4.995111229797241e-05 9.711873798853832e-05 3.688604589883729e-05 0.0016487489252949227 4.958136802399127e-05 0.0 0.00027028787423079916 0.06138975782933399 0.0 0.00010191468514778981 9.795420481458295e-05 0.0003301848139393525 4.596333780459214e-05 0.002642156246763571 0.0001552987111637766 0.00027568513127170955 0.00040359486458064233 0.0004831396747459041 2.7449259059979046e-05 0.0010894396867900573 0.0012119171061661385 0.000792003306454398 0.0005199491739010491 0.0 0.0 0.0 0.0 0.0 0.0 0.0 0.0 0.0 8.270137514370297e-06 0.0 0.0 3.400588444055873e-05 0.0 0.0 1.216700952722827e-05 0.0 0.0 7.214159481365114e-06 9.709398092154801e-05 2.384192609333632e-05 0.0 5.571795947532301e-05 0.0 0.000511645571891285 0.00011291225368872537 0.0005172038903100258 0.00021373853499105793 0.00021571783502607442 0.0 0.0 1.2527713929816919e-05 0.0 0.0 4.757362075109948e-05 0.0 0.0 0.0 0.0 0.0 0.0 3.519710071116758e-05 0.0 4.205662676821286e-05 0.0 0.0 5.0956600350614e-05 1.6750627121676644e-05 1.499990500395318e-05 4.317592955145676e-05 0.0 0.0008064776405752223 2.6727664430449218e-05 0.0 0.0 0.0 0.0 0.0 4.97902797096629e-05 0.0 0.0 0.0022436932643252927 0.0 0.0 0.0 0.0 0.00020484364955870274 0.0 0.00039606636118732206 0.0 1.3443551936589675e-05 0.0 1.4060014021884298e-05 0.0 0.0 0.0 0.0 0.0 0.0 0.0 0.0 0.0 0.00046570442989259293 0.0010360344515558451 0.001228747495974349
0.032756416350957426 0.04618086052846057 0.0 0.009857382974314119 0.017113982454735718 0.008152981598535851 0.004007849629341106 0.1672650880473787 0.036616292399052584 0.0031884115038827016 0.18094900897684504 0.01551980283232995 0.043509300321234935 0.130616055083793 0.000384365180013884 0.0003685899325661575 5.072136498050606e-05 8.202233751329042e-06 8.047892662872255e-06 9.54120766508196e-05 0.00039066078340452217 0.00014236968645089075 0.00042083671784117046 0.00026839195132709207 0.00012594627882795415 6.497128504590195e-05 0.00021999350085146884 0.00013706416971128282 2.746093914095837e-05 0.0 0.20458204312807868 0.015120378037006655 0.06946580848480971 0.00015591338428687964 0.00024044954289991933 1.6466080628008015e-05 0.014009208362466137 0.00044581334865642663 0.00027050280641066686 8.831530284260007e-05 0.00020581324021330037 0.00010882313886426953 0.00014039939513751983 7.65487297572676e-05 3.895227359925151e-05 0.00011103128803420327 0.0012758311376506043 8.432419425216634e-05 2.8138500917842755e-05 0.00011349533774602731 7.345189817806693e-06 9.6957948365397e-06 0.0002469635328699497 9.841435854378107e-05 0.0002346298598440205 0.00023032825916896208 0.005433418685480121 0.009519716229612602 0.0009731641444384098 0.0007964146675593734 0.0002086354609939822 0.01703062796768117 4.0745125212668484e-05 0.0019429607611629897 0.0002266857044315457 0.00013287678495408492 4.5237888125344196e-05 0.00022732453364634862 0.0001347829083257909 0.00034743016993521935 0.0035226045281606306 6.686212302195072e-05 0.0 0.0049828614161866345 0.0032776403460955746 0.0032000393236426053 0.0007797156684579533 0.0003143220056270616 0.0024200574854304937 0.09004530906601187 0.0006437884929749916 0.008236880357062997 0.00021793510194176804 2.1721613302108078e-05 0.00016540914833801783 0.00010229370721278248 0.0001796067566999178 0.0 0.0 9.18937943659491e-06 2.4216081278899362e-05 0.0 0.0003100030282267831 4.7629380409344684e-05 4.82412715378058e-05 0.0003966670781496596 0.0 0.0 6.638333959581439e-05 0.02392905809838881 3.0830782140291066e-05 0.0 5.532797753298326e-05 0.0 0.0 9.000914767064019e-05 1.6684398463131178e-05 0.0 4.9056205847024945e-05 8.514944127588636e-05 7.497216480064641e-05 3.403967010058483e-05 0.00011862312369666664 0.0001101128930628571 4.0630804030145836e-05 0.0 0.0 0.0 0.0 0.0 0.0 0.0 8.573707373330847e-06 1.8607907153090862e-05 0.0 2.4010111096056673e-05 0.0 1.586535185024923e-05 7.348732295926043e-06 4.512351216223207e-05 1.2166053552235481e-05 6.729694502503376e-05 4.027937043672884e-05 3.1703893972596726e-05 0.0 0.0 0.0 0.0 0.0 5.884429953205394e-05 8.640351397640039e-05 0.00010812107297782272 0.00020832658601087627 0.00017046723458158446 1.0879064162222524e-05 0.0 0.0 0.0 0.0 0.0 0.0 0.0 0.0 0.0 0.0 1.3556540661833046e-05 0.0001761111578756065 8.240279354077222e-05 0.0 0.0 0.0 0.0 0.0 0.0 1.0557956458661095e-05 0.0 5.3929757767236144e-05 4.806353000754516e-05 0.0 0.0 0.0 0.0 0.0 0.0 0.0 0.0 0.0002741986277524428 0.0 0.0 0.0 0.0 4.52568878597936e-05 0.0 6.874025942014584e-05 1.3446800103306752e-05 3.0257614980877785e-05 0.0 0.0 1.1154422554668319e-05 0.0 0.0 0.0 0.0 0.0 0.0 0.0 7.229390633497439e-06 3.712414060088995e-05 0.0002511483853675459 0.0005612362058908665
0.18150100453618645 0.22612565617710972 0.009857382974314119 0.0 0.009745407204469623 0.05032125469203583 0.0626150916218541 9.842686624131317e-05 0.00044625975406886053 0.19743453702991054 0.0004434337582610864 0.0035688640877062894 0.09160308631108455 0.0035694041507406573 0.000527543204009479 1.6018388945850687e-05 7.2104805888366815e-06 0.0 0.0 0.0 1.527981448184217e-05 0.0 0.0 0.0 1.0456271869175162e-05 5.950426599842496e-06 0.0 0.0 0.0 0.0 0.0238365589704532 0.00011963627136467185 0.00018340164927482295 0.0 0.0 4.086970540323174e-05 8.049728886748859e-05 5.344463590465886e-06 4.012744130540274e-05 0.0 7.518442562118038e-06 0.0 0.0 1.4365148350032486e-05 0.0 1.6778785418795744e-05 0.0009302028011972171 8.491647715198318e-05 5.063009622192472e-05 6.96151462509634e-06 7.843968159101211e-06 9.770150356653085e-06 0.0 0.0 0.0003928992965958983 0.00044670637215887707 0.007676684969482594 0.00605632551861674 0.0019324939338261134 0.0013729793046311117 0.0 7.415735294215668e-05 0.0 0.0015399455874654895 0.0004506398424390854 0.00025305270473925147 4.526816030873949e-05 7.664005114818001e-05 2.7517764872439918e-05 0.0 0.00016972703871954046 0.0 0.0 0.009905959995547747 0.004837342159486688 0.0044232412129802945 0.00020762467050251828 6.774178972773222e-05 2.2682656573553952e-05 8.385205324103611e-05 4.943121979888769e-05 1.5053053454100102e-05 0.0005001591220355533 3.883213439588791e-05 0.00021311623984711348 0.00012793586687249973 4.939013650504023e-05 0.0 2.2480173551176534e-05 0.0 4.411526843111408e-05 0.0 0.0 4.0334704739808716e-05 0.0 9.785702243766138e-05 0.0 0.0 3.5648234440363554e-05 0.01490308386259109 1.936492978620181e-05 0.0004050867698956829 2.9438837974426392e-05 0.0022769140408764074 0.0 0.0005110695867539015 0.001182698694542466 1.6151735641923667e-05 0.0011099534122621596 0.00011449494440420488 0.0 0.00015896812772436123 0.0008506591333683652 9.778662400954062e-05 0.00010141132242304675 0.0 0.0 0.0 0.0 0.0 6.822314461918624e-06 0.0 0.0 0.0 0.0 0.0 0.0 3.945270985897454e-05 0.0 0.0 0.0 0.0 0.0 0.0 0.0 0.0 0.0 0.0 0.0 1.6190121260271812e-05 0.0 7.851069119865073e-05 8.684292734477178e-05 0.0 0.0 0.0 0.0 0.0 0.0 0.0 0.0 0.0 0.0 0.0 0.0 0.0 0.0 9.694832416771676e-06 1.7626287325522075e-05 0.0 0.0 6.048020368249727e-06 7.488789614209655e-06 3.376020262686385e-05 0.0 0.0 8.890917813896397e-05 7.105480699558337e-06 0.0 5.035033282560766e-06 0.0 0.0 0.0 0.0 0.0 0.0 9.215629972832333e-05 0.0 0.0 0.0 0.0 9.798753343263214e-06 0.0 0.0 0.0 7.382778432284445e-06 0.0 0.0 0.0 0.0 0.0 0.0 0.0 1.329977974244925e-05 0.0 0.0 0.0 5.244123273680492e-05 1.1982751255078572e-05 6.891424364644606e-05
0.00950965421579413 0.132300552633255 0.017113982454735718 0.009745407204469623 0.0 0.0006430442444234557 0.019730748701726506 0.003015651905179093 0.3231479490715501 0.10213917661033932 0.02214250417593259 0.0052497582258473905 0.04533084926095601 0.12405595311647591 0.0007298511331221933 0.00014747290545540922 2.6430988869793412e-05 0.0 6.412895614542874e-06 0.0 0.0 0.0 7.4088357326778116e-06 2.0194832622962554e-05 8.204912092502658e-06 1.5160840708666409e-05 0.0 8.845604921476899e-06 0.0 0.0 0.025797113032433816 0.0037030218737800677 0.0009342704688838286 0.0 0.0 0.0 0.001314135218313705 0.00024462394089795955 0.000984961360818778 0.0001292844812032839 0.0 1.6726662224975362e-05 0.0 1.3104494996941699e-05 0.0 1.2084296207767805e-05 0.003549843985081827 0.00011961290207261496 2.6112459613389502e-05 0.0 0.0 1.297394479625493e-05 0.0 2.1740705948733754e-05 0.0004390963622302587 0.0005234047998125789 0.002189588588913477 0.0023037784258427636 0.0014448295762699368 0.002325148861731271 6.780231690845553e-06 0.0002494660578899106 4.1698456236419717e-05 0.0027450393335049284 0.00042838652551315025 0.00027130157641800653 2.4637631341520704e-05 8.890607766501264e-05 6.4287578175833575e-06 6.229362916671413e-06 0.005683802643167814 0.0 0.0 0.005794477505593119 0.004353677993357507 0.006836274499216459 0.0013710768085937323 6.505468956750609e-05 2.305976883681942e-05 0.0002716069253034635 2.5875376741048303e-05 9.709927047081992e-05 0.000431589422517801 7.471218686429251e-05 0.00035895097205413296 0.00023452656996843718 6.138640782442695e-05 0.0 4.415631842695618e-05 0.0 5.277481859934528e-05 1.1761946810844948e-05 3.763189866234147e-05 3.056954102799161e-05 1.7368835741059213e-05 0.002606429609484248 0.0 0.0 0.0006968436018310293 0.0016875538783142033 1.0064857038475428e-05 3.599393540621142e-05 0.00025449571515579844 9.171717852309575e-05 0.0001644632277316545 0.000643210499215994 0.0002591237034165274 0.0007141713424628197 0.0007192747752190501 0.0008340604471934361 0.00019951569103760677 0.0030440257999011016 0.0031172238910151 0.001603631889594734 0.0010704083589783337 7.314902596602528e-06 1.7554058581235344e-05 9.913931143827158e-06 0.0 0.0 0.0 2.2804304391386514e-05 0.0 1.980937007925445e-05 0.0 0.0 0.0 3.2805695431632726e-05 2.0311119461931056e-05 0.0 1.6900381141361843e-05 0.0 1.0077134335292947e-05 0.0 0.00018070876761414886 0.0001079934240001197 0.0 0.0 0.0 0.0014595619253559926 0.00023298472946076758 0.0008263741048099014 0.0004544985313069505 0.000532860364846738 0.0 0.0 0.0 0.0 4.111313315678913e-05 0.0 0.0 0.0 0.0 0.0 0.0 0.0 1.3862176608320152e-05 0.0 6.63528869587126e-06 4.855870894187244e-05 6.226852676718434e-06 9.273812436913193e-06 0.00011054392661223276 4.2699950676675686e-05 0.0 6.0177250910765204e-05 0.0016973156381105685 0.00019781693529083967 0.0 2.7897470620671784e-05 0.0 0.0 0.0 0.0 0.0 1.810951120179345e-05 0.005234676298726121 4.6631875822022105e-05 0.0 0.0 0.0 0.0010415022015482468 0.0 0.0009422421150221219 6.6278181272478254e-06 7.662347948279935e-06 1.2339993739238274e-05 6.216964458079525e-05 0.0 0.0 0.0 0.0 0.0 0.0 4.691860387210687e-05 0.0 0.0 0.0012842173847726237 0.003058665818988921 0.0030781194680880347
0.0071113608899235695 0.02985493016206218 0.008152981598535851 0.05032125469203583 0.0006430442444234557 0.0 0.0018148224520850224 0.00013233280671876333 9.917302190925331e-05 0.08182240850270517 0.0004092144325319969 0.005473132673508852 0.007659979136234109 0.001111499619105049 0.0 0.0 0.0 0.0 0.0 0.0 0.0 8.574647666037239e-05 0.0 0.0 0.0 0.0 0.0 0.0 1.0866115534651642e-05 0.0 0.0018030147607966435 0.0 0.0007889754404149582 0.0 0.0 0.0 0.0007436559523050749 9.713183914245636e-06 0.0005594947905656431 0.0 0.0 0.0 0.0 0.0 0.0 0.0 1.1426819572894861e-05 0.0 0.0 0.0 0.0 0.0003491640228537723 6.619529501821572e-05 0.0 0.0 7.63668082532042e-05 0.02378945583709132 0.0008144409401925247 4.85163125250714e-05 8.316576846087479e-05 0.0 3.637247465012624e-05 0.0 4.851721586773312e-05 0.0 1.4492645338452957e-05 0.0 0.0 0.0 6.7796258819737165e-06 0.007920136536484467 0.010935224286985243 0.0014346913272052454 0.00035891264766114956 0.00024404517108061094 0.0002086359545563521 0.0 0.0 0.0 0.00024893171566769045 0.0 1.1104023338222567e-05 0.0 0.00015677320699265628 0.0 4.063981167766217e-05 0.0 0.0016040740521968072 0.00014263383093443235 0.0008821057551360766 2.3261417260804257e-05 2.0841948744584982e-05 0.0 0.0 3.2150025482083236e-05 0.02436319021030289 0.010264550686943267 0.00097696893941046 0.003335108638316784 0.06525734105845633 0.0 0.0005611341238735746 0.00010272350014292593 0.0010249461824706784 9.24886626947633e-05 0.0010597947073091797 0.0009534185856899244 0.0008853969251529549 0.0008691595121320281 0.0029118685676569273 0.000109494543195484 0.0026069102328937135 0.002424327729588724 0.0007185426283442065 0.0003891227431659813 0.0 0.0 0.0 9.099130026629487e-06 0.0 0.0 0.0 0.0 0.0 0.0 0.0 0.0 1.0040317482649266e-05 0.0 4.632033270197e-05 0.0 4.8334340536935356e-05 0.0 0.0 9.784568339270475e-05 0.0 0.0 0.0 0.0 0.00011090840765310755 2.4804010733046815e-05 5.5919805539081644e-05 9.78184998678395e-05 1.052653495701604e-05 0.0 0.0 0.0 0.0 1.2955449365467448e-05 1.131937550260967e-05 0.0 0.0 0.0 0.0 0.0 0.0 8.077386961897006e-05 0.0 5.3944218768728206e-06 0.0 0.0 1.1542733151964493e-05 0.0 0.0 0.0 0.0 0.0002451306210707534 0.0 0.0 0.0 0.0 0.0 0.0 0.0 0.0 0.0 0.0010444187303360962 8.581330146062686e-05 0.0 0.0 0.0 0.00011825491381625541 0.0 0.00011362157531795449 0.0 0.0 0.0 0.0 0.0 0.0 0.0 0.0 0.0 0.0 7.289457549856223e-06 0.0 0.0 0.0008690000044820938 0.00027849965537957014 0.0002015321376829329
0.01946218379142944 0.19225325070357963 0.004007849629341106 0.0626150916218541 0.019730748701726506 0.0018148224520850224 0.0 7.630047862651346e-05 0.010366484089866587 0.2050408686379743 0.00016887754376607349 0.007290669777705282 0.43075627161797664 0.10603576987270481 0.0003854659615872395 6.842420012384971e-06 9.542558489970651e-06 0.0 0.0 0.0 0.0 0.0 0.0 9.82933809825727e-06 0.0 0.0 0.0 0.0 0.0 0.0 0.023213522118809855 0.0012633795483317017 0.0002738177828901887 0.0 0.0 0.0 0.00024306469090412908 4.9106462741350975e-05 0.00027200216886771585 0.0 0.0 5.536086092447683e-06 0.0 2.0750346468885374e-05 0.0 0.0 0.0016181137388605437 4.6235197758216e-05 2.2858465745374112e-05 1.6092472174210505e-05 2.9988780849225497e-05 0.0 8.287568483115244e-06 0.0 0.0003053117646257589 0.00035538370786630325 0.0025434298912801485 0.0031544230155016884 0.0011440875837131696 0.0016662265295075771 6.356068808932121e-06 1.4468505895755801e-05 5.019873560020602e-06 0.0020660626336085897 0.0004299295212467803 0.0002321649529770906 1.9499622366169137e-05 4.8974446354298855e-05 0.0 7.460737655881892e-06 0.0010786345742753668 5.685860413174865e-05 0.0 0.005649817446992816 0.00429809291548031 0.004893824670703787 0.0004487621539527689 1.7270044318587983e-05 3.146807642445947e-05 4.793683646777031e-05 6.880184784052406e-06 6.743530253384985e-05 0.0004761655536033888 2.04487895280557e-05 0.00027993341002475433 0.00016709457091895847 2.4027071059145054e-05 5.362263522592879e-06 2.415067916277744e-05 0.0 5.383872316882158e-05 0.0 7.026709971346226e-06 4.644384628223231e-05 1.8049263831728162e-05 0.0018018468107016874 2.2819987214849703e-05 0.0 0.0003355474491106504 0.0025698014512663308 0.0006978307722212668 0.0010066360491753554 0.007383585977658861 0.005177836816242486 0.0001093170970507549 0.007150856452167192 0.0020161128886770955 0.000522949842451944 0.008503918381953317 0.002622486408216354 1.8035248593856332e-05 0.012883609004281735 0.005084075569841548 0.0007456874867062844 0.0005341748648339591 0.0 0.0 8.203705845405014e-06 0.0 0.0 0.0 0.0 0.0 0.0 1.1095082286716965e-05 0.0 0.0 0.0 0.0 0.0 0.0 9.414223680769982e-06 0.0 0.0 0.0003984423876219589 0.0 0.0 0.0 0.0 0.00043056611788402975 9.151705536258249e-05 0.000335483733377381 0.00018370537112306603 0.00012953081393927724 0.0 0.0 0.0 0.0 0.0 1.6385224477943652e-05 0.0 0.00017192904440748404 0.00015634349408513866 0.0 0.0 0.0 2.0440122379497477e-05 0.0 6.889932291765409e-05 0.00011283726067292863 2.6144930002203603e-05 0.0009175034317532174 0.0009311204475005068 0.00015944316566195838 0.0 0.0 0.0003493808207960699 0.0007195573485373684 2.3638918895906675e-05 4.831246750686155e-05 7.1930576760607755e-06 0.0 0.0 0.0 0.0 0.0 0.0017769493324675757 0.0 0.0 0.0 0.0 0.0003463940461064465 6.386218541597999e-06 0.00029540576538904896 0.00045480026494203445 0.0007223234858098497 0.000269238656229948 0.00014976064706239716 4.784172769727973e-05 0.0 4.930377114628146e-06 0.0 0.0 0.0 0.0 0.0 0.0 0.0007160897270194051 0.0006127172278063597 0.0008073103066093638
0.002935618327019666 0.04334289919631555 0.1672650880473787 9.842686624131317e-05 0.003015651905179093 0.00013233280671876333 7.630047862651346e-05 0.0 0.006656372226478363 0.00026453375118801545 0.03372849511468703 0.0021735469955544025 0.00584128341451432 0.023653632142678935 0.0017279176334154362 0.0022208401676147515 0.00024529660303447353 0.00012572201461354997 1.8153414084805047e-05 0.0006843085354868015 0.0032110381843609747 0.0003867291676083869 0.002702823346242482 0.0026333664852824174 0.0003832080963470346 0.0003878062082409805 0.0007055707394312507 0.00017933901656886115 7.188220442597257e-05 9.425926748114301e-05 0.0611098091698969 0.11648937721776736 0.029648561253865415 0.0008482269740155842 0.0010722744559993299 9.603113275814523e-05 0.004172983800065481 0.0013345959586032999 0.00015304516714536494 0.0001982426180655787 0.0010064698051241094 0.0006545275400987757 0.0005734164524493574 0.0005410558160091996 0.00040916255316550615 0.0008145978495239116 0.006654442697294207 0.0001890276566307638 1.1260426217689086e-05 0.0007453220684876783 0.00011047237779173307 0.0002096224262255416 0.00034902406972602164 0.00014623363264415154 0.00023375317492091313 0.0003141144677526437 0.0011294561753821247 0.0013831954581388112 0.000564140626020184 0.0017499650220495677 0.002257006976597665 0.02902340444228228 0.0003065631321318692 0.007741901033536594 0.00026322785175334173 0.0005926830269095453 0.00027701584147983376 0.0011651509556004098 0.0012446392724771791 0.0038858747407766975 0.0019832211393841738 0.00014873554541046534 0.0 0.0032474581698941135 0.004994353141090894 0.0055440297859846 0.004736071653791273 0.004787957125632438 0.045620590049044486 0.08204770955147458 0.007048961376322176 0.05375079963634645 0.00027637267224597654 1.6632542727482943e-05 0.00016563048071675587 0.00012022441081107894 0.0008477172261297799 8.754073538304848e-06 3.7599019567364714e-05 0.0 4.333141243925887e-05 3.5388146942830686e-05 0.0028575639833733745 0.00014702030500278324 0.00012879777016654723 7.293155239645751e-06 0.0 0.0 0.00010195224207545601 0.0013376484839639716 0.0 0.0 0.0 0.0 0.0 1.3719148785719055e-05 0.0 3.0785481815183275e-05 0.0 0.0 0.0 7.802869827444873e-06 1.1532826458303256e-05 0.0 5.3597273961260506e-05 9.458753210759992e-05 0.0 0.0 9.046225940876788e-06 0.0 0.0 0.0 1.0596238423540918e-05 4.855902258760042e-05 0.0 2.5557748679047705e-05 0.0 6.937759989187009e-05 0.0 0.00011185822681142175 0.0001479911394990008 0.00014165638678414945 0.0 5.8430568592983184e-05 4.2091065498795834e-05 0.0 2.5095037448211513e-05 4.9058475482035916e-05 4.851976960991892e-05 9.014314099249483e-05 6.149728373752334e-05 0.000166574561876855 0.00028825065508662046 0.0005644685469252952 1.812547705830226e-05 0.0 0.0 0.0 2.104118360024533e-05 2.6754395209854363e-05 1.5471512172868344e-05 0.0 0.0 0.0 0.0 0.0 0.00042659236829568415 3.758140492252565e-05 0.0 0.0 0.0 0.0 1.1408204913765592e-05 0.0 3.9506611810759035e-05 5.410837363866997e-05 8.216070200394636e-05 0.0 0.0 0.0 0.0 0.0 0.0 0.0 0.0 1.9569508434658926e-05 0.00017027201696915225 9.033005128965256e-05 8.831823199294318e-05 0.0 6.74647266922375e-05 2.9480890669881716e-05 0.0 3.938614392385859e-05 0.0 0.0 0.0 1.4954036464495736e-05 0.0 0.0 0.0 0.0 0.0 6.713588418426811e-06 0.0 0.0 0.0 3.270404951079819e-05 0.00044122694101136726 0.000530154388476921
0.0010479673863095721 0.18806274735079662 0.036616292399052584 0.00044625975406886053 0.3231479490715501 9.917302190925331e-05 0.010366484089866587 0.006656372226478363 0.0 0.01778690825667167 0.013831161673709439 0.0037048963377305094 0.01627961223566129 0.061564584016108356 0.0004771193336131479 9.886944130900067e-05 3.2891789035702526e-05 1.1166561288818337e-05 0.0 0.0 0.0 0.0 0.0 0.0 3.290765660938904e-05 1.211655875258067e-05 0.0 3.4619429190931535e-05 1.639208708943684e-05 0.0 0.007642432415566538 0.003204778180834591 0.0006188156796149314 7.859620369882047e-06 6.774184880483853e-06 0.0 0.0014669485378924752 0.00016688496480875555 0.0008402309526632335 3.069319693037364e-05 0.0 0.0 0.0 0.0 1.1777011472950432e-05 0.0 0.002533158567274073 3.4138799336691154e-05 4.5986606128503735e-05 0.0 5.213287172452376e-06 0.0 0.0 0.0 0.00015333005897157312 0.00019073618104558922 0.000835148912264258 0.0008868070564745251 0.000458828447101992 0.001131280795977985 0.0 0.0002084137011118204 0.0 0.0010586778669671392 0.00012926047119315596 7.310816609105254e-05 2.8564301846794395e-05 5.3996742612742197e-05 7.110581202090095e-06 0.0 0.005605530222291341 6.847012236976742e-05 0.0 0.0022407479290033486 0.0019023799927565537 0.0032893642875298098 0.0008391238417835357 0.00014297532614737654 7.824073675023727e-06 0.00023368020717573314 6.668762321363192e-06 9.87276224188202e-05 0.00022480769424353225 0.0 0.0001290906153824567 5.282527528170351e-05 5.628454222270729e-06 0.0 4.2256692462813574e-05 0.0 4.161771716643874e-05 1.6242483984904997e-05 1.2748858873008647e-05 8.713786711263172e-06 0.0 0.0033776699275060783 9.983600023391618e-05 0.0 0.0006636564278009112 0.000500126989997439 0.00015349576434702282 0.00013805077672075216 0.00029438935720184085 0.00015083447014095598 5.522240352164464e-05 0.001604730789293722 0.0002483463512340855 0.0009990856491211187 0.0008125516253316893 0.0014313911447072693 0.000179840853493068 0.0030866928338882786 0.00429397399410747 0.002062570955892942 0.0017646228185128005 9.191303202001752e-06 4.6139146976412296e-05 0.0 6.042279255059878e-05 0.0 0.0 9.91646608875186e-06 0.0 1.588228496010748e-05 0.0 0.0 0.0 0.00010410261974314291 0.0 0.0 2.734263455027756e-05 0.0 0.0 0.0 0.00024989491686471 6.913084663429283e-05 0.0 0.0 0.0 0.0017512644665047823 0.00028144290366846847 0.0010391238947373065 0.00046493891519398415 0.00044758742986197956 0.0 0.0 0.0 2.3995926145770392e-05 0.0 3.586380787536697e-05 0.0 0.0 0.0 0.0 0.0 0.0 1.8247508877325745e-05 2.0707754560568955e-05 0.0 1.9552090355464452e-05 0.0 2.9167649351555898e-05 0.00025106401950030296 1.0780726559340568e-05 5.368411193686964e-05 0.0 0.001921359522835606 0.0002815097123567848 0.0 0.0 0.0 0.0 0.0 0.0 0.0 0.0 0.00717797837250009 0.0 1.3514361756196094e-05 0.0 0.0 0.0009995131869169954 0.0 0.0008981619126130464 2.6746527213424936e-05 0.00017503171065652833 9.873239907139654e-05 0.0 0.0 0.0 0.0 0.0 0.0 0.0 0.0 0.0 0.0 0.0018029085449931042 0.003720712155575388 0.003097040240077165
0.12429942015845721 0.22871251244459218 0.0031884115038827016 0.19743453702991054 0.10213917661033932 0.08182240850270517 0.2050408686379743 0.00026453375118801545 0.01778690825667167 0.0 0.0006115910527444598 0.19812315881178122 0.5080828477097928 0.08898000678429592 0.00113548250693346 8.764074647923236e-05 4.6969105667891724e-05 0.0 0.0 3.630604512941937e-05 3.794293425634403e-05 0.0 7.0096168162363745e-06 0.0 0.0 0.0 0.0 0.0 0.0 0.0 0.03829866291973051 0.0012404386743195615 0.0012113380731871345 0.0 0.0 0.0 0.0016180035928182424 6.752428393428833e-06 0.0007058408850746628 8.177048106785836e-06 0.0 0.0 0.0 5.1419841127148445e-05 1.8084895382793704e-05 8.468919624570569e-06 0.0036982139012072964 0.00011881944927337426 5.1896158889693814e-05 0.0 3.2503962333613374e-05 0.0 1.2005081327129267e-05 2.408736032024936e-05 0.0006671695440613683 0.0009169573047224202 0.009164742390653806 0.006663946276709443 0.0027920048687673413 0.0037206532949061264 1.512539229663038e-05 8.1231940611639e-05 6.452108849443767e-06 0.003904608959616631 0.0007275799374014846 0.00047270142837598915 7.400369070335767e-05 9.702226238863386e-05 2.9219309595688762e-05 5.875767101163985e-06 0.00575242315114524 7.851342056096163e-06 0.0 0.016278373458560664 0.00917690404672108 0.010337887849324934 0.0009435838968170305 9.633738847718385e-05 4.767342454034679e-05 8.29279895528085e-05 2.3865387760504884e-05 3.8794362105316036e-05 0.0010480428750359971 5.794637155565173e-05 0.0004852150497306314 0.00022457753628217812 0.0001025921164179758 0.0 8.299093083892092e-05 0.0 0.00012471404156299174 7.389897760657717e-06 1.895735682986551e-05 6.507272849338128e-05 2.1181542748835647e-05 0.006025667132602719 7.553113304609376e-05 0.0 0.0009364859667087212 0.024592236422150308 0.00017148467285870052 0.0010122396523443303 0.0012283322757551348 0.0043715306571725145 0.00042550745053656296 0.005740407081476339 0.002495903382373062 0.0034665870461451933 0.004014826873514286 0.010335527526122218 0.0003403413554244118 0.010355882526984576 0.014073875086231825 0.005246275100885541 0.0026016803982237876 1.866302287087744e-05 3.304669135666913e-05 7.816934475260152e-06 0.0 0.0 0.0 0.0 0.0 0.0 4.16711529461481e-05 0.0 0.0 0.0 0.0 0.00012074914548462156 0.0 5.966745415208187e-05 4.592787865126406e-05 0.0 0.000432226633556956 7.199001907083361e-05 0.0 7.899273353279618e-05 0.0 0.002155785907698928 0.0004127175137403529 0.0009495271514561687 0.0007756597544301714 0.00043589258229140103 1.0140913979250142e-05 6.472468001815504e-05 0.0 0.0 1.070027428185743e-05 0.0 0.0 5.7723314125409816e-05 0.00014169564244715397 0.0 0.0 0.0 4.3142502650585266e-05 0.0 2.0146393692316635e-05 2.0699533175630948e-05 7.228860550734581e-06 0.00011455552636551764 0.00012315132266889258 0.0003346606029252601 0.0 0.0 0.0027238993847983773 0.00019380091281055167 0.0 0.0 0.0 0.0 0.0 0.0 0.0 0.0 0.009832101085645858 5.065168245950069e-05 1.4354824894239555e-05 0.0 9.980900951524334e-06 0.0015361908694711244 0.0 0.0014591614706539005 2.944530262104899e-05 0.00015581427921868043 3.122096601892143e-05 7.285295084359527e-05 1.2772679836396415e-05 0.0 8.01474664678796e-06 0.0 0.0 0.0 0.0 0.0 0.0 0.00476997009684687 0.0045333980261122305 0.003620707493425384
0.0038742240920117267 0.13441690012506932 0.18094900897684504 0.0004434337582610864 0.02214250417593259 0.0004092144325319969 0.00016887754376607349 0.03372849511468703 0.013831161673709439 0.0006115910527444598 0.0 0.008917763180868109 0.028441998323566017 0.07704107586271416 0.0018805473827018138 0.0014834454863085233 0.0002455609994013138 3.185248095090027e-05 0.0 9.847462524817208e-05 0.00041936870706736824 0.0008409608905913667 0.0006736818084428303 0.0004861628688603652 0.0009714343076889564 0.0002844458864307364 0.0012236170365161174 0.0005835333429918645 6.581004139263806e-05 5.761644525131411e-05 0.03638612679741745 0.01238034816176791 0.04902571268463942 6.417130261522173e-05 0.000366289526975838 9.878727955488719e-05 0.008207166831489815 0.0016458915659884807 0.0008584603356102191 0.00022607411889284348 0.0016490856159279308 0.0003893038724997556 2.5767661453138755e-05 0.00012994548259314426 6.484490730011349e-05 8.267236667331785e-05 0.007195803559015895 4.244168436521054e-05 2.3149916741574944e-05 1.8498617191766215e-05 3.787906921911501e-05 0.0002462539110216077 0.001925966054828393 0.0007179036380100228 0.00028356569930935494 0.0003147349175426133 0.001194537884132728 0.0013907941746729643 0.0008276218772055616 0.002210471096776857 9.412403837363761e-05 0.010641458112158074 3.3970070824592876e-05 0.003642369261618814 0.00028481279715187376 0.00018541698473348615 3.444420488246371e-05 0.0001345145344585031 0.0001133248798859084 0.00034779411444855606 0.009629477379732831 0.00011397494449219956 2.9958670859340214e-05 0.0037543490567625076 0.004295325922126853 0.006368198487098816 0.0035755161682640285 0.0011409280777689634 0.0008313426811814608 0.07202258340406215 9.132285065399096e-05 0.0008588927472673647 0.00032319785319338064 9.590485060985604e-06 0.00018484778487029292 0.00011821639232056278 6.110655044180442e-05 1.973103759575813e-05 7.693890235754132e-05 1.4459098135110459e-05 6.615125786905346e-05 4.6421365832092865e-05 0.0005023401467577282 3.065935863801649e-05 2.046292721665695e-05 0.009042180525387857 0.0001164016064517073 0.0 0.0005915861648336602 0.0013279214577466565 5.5586386166568116e-05 5.2951575153124585e-05 9.255995211305999e-05 3.0047986851026165e-05 6.02151075204797e-05 0.00016951120641939857 1.3432090977968243e-05 0.00012127509338710161 7.39425254898864e-05 0.00037221207079270256 0.00012352516850524446 0.0009911348115508576 0.001303110208993959 0.0005710690247048138 0.0005430912913904637 0.0 1.7656205046279592e-05 0.0 3.93720169765494e-05 3.320543046715735e-05 0.0 0.0 0.00013760864526842656 0.0 0.0 2.628844762772235e-05 0.0 9.56514157315567e-05 1.636733807841563e-05 0.000115363119001618 0.00011747064428465614 0.0001769749607671537 0.0001601092219038593 4.98823991785749e-05 3.79027757877424e-05 1.99174446633832e-05 0.0 0.0001975935217867662 1.8400366056285293e-05 0.0006416600125052857 3.909997495802523e-05 0.0006794924462566906 0.0006486990362938425 0.0006594253061136639 3.960553266579952e-05 0.0 0.0 0.0 0.0 1.1212601688948642e-05 0.0 0.0 5.784909089590787e-05 0.0 0.0 4.613177845006338e-05 0.0003931413247591011 0.00016241322421582297 7.865872875986572e-06 0.0 0.0 2.367431897212846e-05 5.3469657744498237e-05 1.8517489104840182e-05 4.562780991644845e-05 0.0 0.0007972462798727645 0.00015667556435137027 0.0 0.0 0.0 0.0 0.0 1.3737679662770315e-05 0.0 2.8013768737996932e-05 0.0027596867780479437 0.00014679265298486534 0.0 0.0 1.211358771119858e-05 0.00025549816771930557 0.0 0.0004890495894886364 1.0677335178547286e-05 6.231291837898439e-05 7.666335760367841e-05 1.01270566383715e-05 0.0 0.0 0.0 7.317098116698329e-06 0.0 0.0 0.0 2.0681002298579696e-05 0.0 0.0005961339285322976 0.0022447177623166116 0.0020575604981495368
0.0035458248164770964 0.013913330714715476 0.01551980283232995 0.0035688640877062894 0.0052497582258473905 0.005473132673508852 0.007290669777705282 0.0021735469955544025 0.0037048963377305094 0.19812315881178122 0.008917763180868109 0.0 0.07279434356033958 0.0235028897039283 0.0009514393189529133 0.0008803481070332369 0.00015230243741252536 0.0 0.0 4.11412667489365e-05 1.4093623524720705e-05 0.00031153165909348485 4.300104413075323e-05 7.448382592109895e-05 3.7338492750986844e-05 3.2492114151413406e-05 0.00010452839596712287 0.00010782519818048951 0.00010395188934001005 0.0 0.010151286421779615 0.002216848753971624 0.0063375899127525665 1.807357244977517e-05 4.971073560842291e-05 0.0 0.023684505019405725 0.0005508996403509852 0.0022418325368761937 0.00040199341205033245 0.00017198939274569469 0.00010136707689281864 0.0 3.6379733615296216e-05 3.109370211653852e-05 6.407617289921165e-05 0.003626449181811422 6.409463771731677e-06 4.332685544610503e-05 1.3979401162084955e-05 2.031797562864901e-05 6.130084161779699e-05 0.0008239111458762854 1.9327193478958322e-05 7.297776465726068e-05 7.57811489711323e-05 0.0010319102755429318 0.0006916186136320781 0.0006522975785870683 0.001171438903135137 6.723878629920834e-05 0.0032361343791834046 0.0 0.0028292130261434825 0.00011588141910415574 0.0001444413197065311 7.260497952349911e-06 4.2045862382381124e-05 5.464545864981604e-05 0.00010810793315525329 0.02089135380181881 0.00044918767238573957 7.466878345136143e-05 0.0018786908550979078 0.00293957990618705 0.003798348548028961 0.0017794838600930821 0.0006490835498443976 4.629037040485046e-05 0.0059139881994382595 1.9555950238763992e-05 0.0002340957098909282 0.00012698339783743587 1.1232881248346264e-05 0.00010338983458429101 4.994114491601107e-05 2.1227147052508566e-05 6.085596952480378e-05 1.628585356276612e-05 0.0 3.0030059634588336e-05 7.278348905614157e-06 0.0001400103503729118 0.0 0.0 0.09207611312488372 0.0013643373739413006 0.00012340804277136656 0.002261206293856206 0.0023664532575567577 0.00020403874278268042 0.0006010988072140672 0.0015394058590223693 0.000704003245495769 0.0010916368717861266 0.006150298439363666 0.0018409431814191642 0.004387835730129153 0.003407675962629795 0.009205660650993638 0.0009288441238869723 0.018637925721154143 0.022232590868212953 0.010470960850831615 0.007388557659875017 1.3924635073354728e-05 0.0 7.83412483906309e-06 3.387659365636527e-05 0.0 0.0 7.968139643501822e-06 2.6777148488811976e-05 7.969833008194107e-06 4.9654668212160364e-05 9.071481940882938e-06 0.0 1.6349798622620938e-05 1.1428154715497156e-05 4.42388647193252e-05 4.5302333729408726e-05 4.886484543256926e-05 1.2073035037178577e-05 3.127672084358522e-05 0.0006222541353025809 0.0001274306829616889 2.355357771934524e-05 0.0 5.874002521705384e-05 0.0071641287519251156 0.0006003737705374988 0.002851162064822246 0.001722718651495741 0.0012803838101197098 9.038849680797586e-05 0.0 0.0 5.027214910900629e-05 0.0 4.1524407562367174e-05 0.0 6.725528492380301e-05 6.808234991120314e-05 0.0 0.0 0.0 0.00014298399866658078 1.8955895477081593e-05 1.6924165047292022e-05 8.040524673587934e-06 0.0 8.056812339206668e-05 0.0003178208354320226 0.00028141800965000456 0.0 6.781804967892676e-05 0.00744547277877784 0.0007319649726737652 1.3390280498648736e-05 0.0 0.0 0.0 0.0 0.0 0.0 8.087066692057151e-06 0.03472908308602822 0.0003683756604386864 1.626923195037743e-05 1.119562829924519e-05 0.0 0.003968090901145647 0.0 0.004170328342677517 0.00013609161177475523 0.0003083223463150904 5.3108027442534546e-05 0.00013848205839397427 6.111380403632837e-05 0.0 0.0 2.2276554637164428e-05 0.0 0.0 0.0 0.0 0.0 0.012212553136693375 0.014853712933664501 0.01079897878418217
