0.0 0.29735465566690666 0.0166366570644006 0.1327364087290613 0.0066426679820090545 0.008265577829994137 0.026659535727290264 0.01127086915716086 0.004013769260777926 0.047785217208905106 0.03144910208217761 0.0010775042484245402 0.008880472510453086 0.023815203549375028 0.00019478373765237155 6.47981537062466e-05 0.0 0.0 9.200835908893096e-06 1.3979551362560434e-05 0.0 0.0 2.57881215625019e-05 0.0 0.0 0.0 0.0 2.4888559937299296e-05 0.0 0.0 0.012171377555510295 1.1530191670435603e-05 0.0004962199686212023 0.0 1.4385353220989752e-05 0.0 0.0002493609365536745 0.0 0.0 0.0 0.0 1.7238278879260684e-05 0.0 0.0 0.0 0.0 0.004052209038998955 0.00028224302743814757 8.448058557767084e-06 1.9050354267981144e-05 8.901942040530049e-06 0.0 8.23538703109425e-06 1.026606297086752e-05 0.00035784904508270854 0.0004943868636516533 0.026664238309750204 0.034984400509537876 0.0025878032225210615 0.005022098610930829 9.790609157986295e-06 7.924596015677044e-06 0.0 0.00034189750166927255 0.00031974899790433324 0.00023843753251714885 0.00017240454467395194 5.578627587723827e-05 3.899128749373778e-05 4.514935564541595e-05 0.00010425690835791674 3.585432730695762e-05 2.3257728336208403e-05 0.02592123094641405 0.0025688625336669144 0.0025696082335641027 3.787081189129364e-05 0.0 0.0 0.0024342230996398473 7.431635444545008e-06 1.7948098470645193e-05 0.002810384305965839 1.2699673339932735e-05 0.00030330565295225 0.00031658798166367836 0.00011175243240327193 0.0 4.236685595528596e-05 1.223971703058901e-05 3.511718794815513e-05 0.0 2.4359831716465175e-05 1.4155562605593573e-05 0.0 0.0017664656499978824 0.0 0.0 2.083616488054472e-05 0.13972499538813973 0.0 0.0003636468940228755 0.00011582883513804562 0.00011716368867576644 2.149282802154196e-05 0.001196341361322832 0.00024288437303456817 0.0002176700441217493 0.0014222584855163808 0.0004774353402771066 0.0 0.0008855669500896962 0.0006419620173611252 0.00043575604240476696 6.0161478379395743e-05 0.0 0.0 0.0 0.0 0.0 0.0 0.0 0.0 0.0 0.0 0.0 0.0 0.0 0.0 0.0 0.0 0.0 0.0 0.0 0.0 0.0 0.0 0.0 0.0 0.00016779517055939632 0.0 0.0 2.209471776574675e-05 0.0 0.0 0.0 0.0 0.0 0.0 0.0 0.0 0.0 0.0 0.0 0.0 0.0 0.0 0.0 0.0 0.0 0.0 0.0 0.0 0.0 0.0 0.0 0.0 0.0 0.0 0.0 0.0 0.0 0.0 0.0 0.0 0.0 5.5232505530295436e-05 0.0 0.0 0.0 0.0 0.0 0.0 7.71891725206024e-05 0.0 0.0 0.0 0.0 0.0 0.0 0.0 0.0 0.0 0.0 0.0 0.0 0.0 7.682934561739932e-05 2.1238208001264954e-05 1.962799843098666e-05
0.29735465566690666 0.0 0.0967357389905606 0.03499701928453096 0.10119525620146307 0.013993314172860302 0.058252686475300096 0.04014864894914659 0.1699034974510404 0.1482520956638641 0.17503920265079342 0.018662944526144115 0.05101237365751693 0.15004181232789454 0.0013210914053455815 0.0004568762013901608 3.369204849687669e-05 1.2591991336177412e-05 0.0 8.29279194189283e-06 1.1430892606034995e-05 0.0 1.9416880895838473e-05 0.0 2.943478367985426e-05 4.1374798368877634e-05 0.0 0.0 0.0 0.0 0.0694266508236769 0.0010702561907369851 0.00126368896502905 0.0 1.2360188815336098e-05 0.0 0.0010522523314719474 2.776198171662176e-05 0.0 0.0 2.1365295349931272e-05 0.0 4.2021110402149936e-05 2.3044177429257015e-05 8.993617600240018e-06 0.0 0.0232341258483913 0.0005935228795504682 8.160161250325158e-06 3.1604742322676836e-05 4.5445101107069565e-05 0.0 0.0 8.398320689929155e-05 0.0006233465481183291 0.000820954436409789 0.03202652658168862 0.05291282113010158 0.00489638826773951 0.013315718465167986 5.5928076775508745e-05 4.1888944914015234e-05 1.0830747043362347e-05 0.002319142503800065 0.0006262983672790334 0.000532980766023147 0.00016634035218938747 8.494595865747191e-05 0.00013954184521804773 0.0001527962816039868 5.493401921194845e-05 0.00016675922414369768 0.0 0.05642588701091944 0.009247194413746888 0.010972872259995365 0.0007996004576966452 5.716891945879341e-05 5.059583020344459e-05 0.004552568508374979 3.946760146909191e-05 9.239371187679835e-05 0.006527235268919544 0.0 0.0006074372454416795 0.000502896648475755 0.00021969845169777464 0.0 0.00010344917338413736 0.0 0.0 9.588802981009894e-06 0.00010607857873311285 3.057119150585302e-05 0.0 0.0012062100199536502 3.824183614835258e-05 0.0 9.037624387096019e-06 0.1753442377332926 2.9845132868706675e-05 0.00028267658908547565 0.0007518463942332269 0.0003718243446714429 0.00048458497828053973 0.0027845599608277627 0.0005614078150259753 0.0007050967043188974 0.0024673139581857175 0.002039083843057503 0.00018109365548121752 0.005057452335606842 0.007705490719562154 0.004358442390115106 0.0012248623542491183 0.0 0.0 0.0 0.0 0.0 0.0 0.0 0.0 0.0 0.0 0.0 2.3059092434478875e-05 1.0807215834386335e-05 0.0 0.0 0.0 0.0 0.0 0.0 1.3704210571710846e-05 0.0 0.0 0.00017125592028771565 0.0 0.0008630214661017972 0.0005069958713606964 0.0008181685775797706 0.00015473325748762893 5.313225053119509e-05 0.0 2.6580441205429948e-05 0.0 0.0 0.0 0.0 0.0 0.0 2.4694305032571665e-05 0.0 0.0 0.0 0.0 9.255592075928767e-06 0.0 1.0559952920252892e-05 0.0 0.0 0.0 7.451193339071768e-05 5.737844059070796e-05 0.0009433701147878719 7.208992660015848e-05 0.0 0.0 0.0 0.0 0.0 0.0 7.589920581269912e-06 0.0 0.0 0.0034312256792576484 0.0 0.0 0.0 0.0 0.00017414040820966934 0.00019974571940204085 0.00015159766375309768 1.3031876304242441e-05 8.49448745081609e-05 2.316265652636461e-05 0.0 0.0 0.0 0.0 0.0 0.0 1.0237411210714131e-05 0.0 0.0 0.0 0.0010405635259740427 0.0003735429082059908 0.0002950157536214468
0.0166366570644006 0.0967357389905606 0.0 0.0005096947663068002 0.028474488120254094 0.000708876368892954 0.004868071661477617 0.20064248498363912 0.03851627006487058 0.005745171780526856 0.19255978841030816 0.000542232538394535 0.010172684942866569 0.04792751189742577 0.0005571204100628871 0.0004334226177698934 2.6814560465874744e-05 1.8298693537630845e-05 7.176346909705078e-05 0.0002289973487793122 0.0009718340122762987 9.40049896919968e-06 0.0009704652671443148 0.00042530015058861453 3.306831539717704e-05 3.556982293623476e-05 0.00010201919237120471 3.463963873177671e-05 0.0 1.8258532299950768e-05 0.21489734584847356 0.008591781578545498 0.000690211596701142 0.00028993143993598147 0.00036445334604245797 0.0 0.0002589351611724026 1.0130691422606484e-05 0.0 0.0 0.0003393251466957158 8.469949295093086e-05 5.05813704614114e-05 1.3279377784238943e-05 0.00020288185786195945 3.719926091507562e-05 0.0034072555143950744 0.00011401136418472234 6.439018619992706e-05 0.0003720993455059376 0.00023045182984369808 0.0 0.0 3.14374983751111e-05 5.72201196691036e-05 9.861006166882184e-05 0.010752820378935608 0.04214704162088288 0.0007877667393413225 0.0015734391546959737 0.000382973014524162 0.00017038606939002527 2.0844749275517122e-05 0.003601632311037021 0.0001137811587297976 0.0006005700806857186 0.00043069964423869434 0.0009640253248105546 0.003302554522309903 0.0021964682584620374 9.70328291903308e-05 6.583445532000806e-05 0.0 0.008592937035192979 0.003240302020767625 0.0022075240605884147 0.00030658954452872226 0.00019025428442730668 0.002412371332710259 0.044334387662153515 0.00014593373773625666 0.005485209406437392 0.0009136716833578725 0.0 0.00036140543984162593 7.898525140552181e-05 0.0007401839621914829 0.0 0.0 0.0 7.333779173469547e-05 0.0 0.0019592221954347648 6.383600167613863e-05 4.029054037786064e-05 5.416075965611292e-05 0.0 0.0 0.0 0.044554117332182515 0.0 0.0 0.00010058204576750194 4.457357428419116e-05 0.0001720103503701263 0.00022574218318348406 0.0001667154393556309 9.530158588016132e-05 0.00028889138554865745 0.0002572148547816885 0.0 0.00045841571925643403 0.0007954763093177948 0.0005681200272777817 0.00015536643448209087 0.0 0.0 0.0 0.0 0.0 0.0 0.0 0.0 0.0 0.0 0.0 0.0 0.0 0.0 0.0 0.0 0.0 1.1763417634259838e-05 0.0 0.0 0.0 0.0 1.3287557942610053e-05 0.0 0.00011467101204973964 7.986759387687518e-05 0.0001622458257385337 1.4378432160229235e-05 4.967209522948457e-05 2.2495758247159194e-05 0.0 0.0 0.0 0.0 0.0 0.0 0.0 0.0 0.0 0.0 0.0 0.0 2.3894913237169828e-05 0.0 0.0 0.0 0.0 0.0 0.0 0.0 0.0 0.0 0.0 0.0 0.0 0.0 0.0 0.0 0.0 0.0 0.0 0.0003197532225081583 0.0 0.0 0.0 0.0 1.29518069737703e-05 0.0 0.0 0.0 0.0 0.0 0.0 0.0 0.0 0.0 0.0 0.0 1.2676297861450667e-05 1.0635334431515927e-05 0.0 1.4283053528178228e-05 7.539540374845696e-05 0.00016276468329678377 1.443106244035187e-05
0.1327364087290613 0.03499701928453096 0.0005096947663068002 0.0 0.0019842523177044714 0.10117258202510834 0.14873123812314112 0.00013936301889783047 0.01768186816219729 0.27663558331813026 0.0006708584148787891 0.018569382930989094 0.06488723957983573 0.012919853665515837 0.0003662188785566615 0.0001508643334959087 1.1479002063052664e-05 0.0 0.0 0.0 0.0 0.0 7.473933172065374e-06 0.0 0.0 0.0 0.0 0.0 0.0 0.0 0.003487109233016281 1.8732463267406126e-05 6.607529948705932e-05 0.0 0.0 4.22999143741116e-05 0.0001763622767962447 0.0 0.0 0.0 1.0875540434883495e-05 0.0 0.0 0.0 0.0 0.0 0.006711436684788586 0.0002671250636336558 1.2256424593198573e-05 8.290053735931273e-06 2.784012992921332e-05 0.0 0.0 0.0 0.0002995604478917463 0.0004883754571777054 0.014618364867182855 0.0185358969450818 0.002262447609409706 0.005699451853533591 2.773682759709399e-05 1.227382267144511e-05 0.0 0.0003444966634936417 0.00021065664379319671 0.0002781498409322247 8.498049504224743e-05 3.276461111325859e-05 1.802568406540971e-05 8.313867247845235e-06 0.00014502925701549433 8.493513041802085e-05 4.694465388981679e-05 0.02361003851216237 0.0022127349341269156 0.0030552219045327377 0.0001063749563943036 9.192883713457794e-06 8.491373503620216e-06 7.84275997245236e-06 1.0666422214204331e-05 8.559166632389113e-06 0.0025397447291358915 0.0 0.0003341497638054425 0.0001831261571125261 7.5971984305323e-05 9.889252166263488e-06 2.350617413941285e-05 1.1735050827776206e-05 1.118166549962903e-05 1.4722413651344525e-05 1.103861080521159e-05 0.0 0.0 0.004169851820942381 7.22856997115313e-05 7.008392300940618e-05 1.2103864374504135e-05 0.07650314797016991 8.534368042265602e-05 0.0006302247193754556 0.0011406561479093318 0.001779713859152113 0.0004678758689689598 0.002778577175630553 0.0029554572569818354 0.0006617631384001531 0.003657312971818634 0.0027118465953591365 4.820214184351345e-05 0.003407063354893845 0.004163116779925528 0.0020922809709124743 0.00026461952101809765 2.397832646582251e-05 0.0 0.0 0.0 0.0 0.0 0.0 0.0 0.0 0.0 0.0 0.0 8.50037578646275e-05 0.0 0.0 0.0 0.0 0.0 0.0 9.904361602663742e-05 3.361423228844456e-05 0.0 0.0 0.0 0.00024144241071384637 0.0002094119482712236 0.00018303222578004428 1.328891776802949e-05 3.138222067659147e-05 0.0 0.0 0.0 0.0 4.2730623834010185e-05 0.0 0.0 3.989743552480967e-05 2.196677290533933e-05 0.0 0.0 0.0 0.0 0.0 2.0682973124996125e-05 7.995922569951024e-06 0.0 3.289195160681293e-05 5.458508350307697e-05 0.0 0.0 0.0003177357909498825 8.380833083215679e-05 0.0 0.0 0.0 0.0 0.0 0.0 0.0 0.0 9.153902051433944e-06 0.001043515905764525 1.4639785039308125e-05 0.0 0.0 0.0 1.050090919451169e-05 0.00012043990704632666 5.858977731551289e-05 3.6738646561559615e-05 2.961977030080205e-05 0.0 0.0 0.0 0.0 0.0 0.0 0.0 0.0 8.730009611072263e-06 0.0 0.0 0.0006992849913886719 6.88771720506356e-05 8.40635492551403e-05
0.0066426679820090545 0.10119525620146307 0.028474488120254094 0.0019842523177044714 0.0 0.0009118055105089716 0.1428602843620704 0.008205259271898307 0.29251538729599175 0.16111424386402953 0.12904659143076352 0.022673944389136568 0.031166001542998357 0.11044998730975912 0.0009735242136431436 0.0005056960730885032 3.3592780578574874e-05 0.0 0.0 1.4482096979923823e-05 0.0 0.0 1.195551086719497e-05 0.0 0.0 0.0 0.0 4.371590614990762e-05 0.0 0.0 0.010972981081813795 0.00022065080993652103 7.976924907592681e-05 1.883261719281603e-05 0.0 0.0 0.00016157608256141132 0.00011191739605879658 0.0 0.0 0.0 0.0 0.0 8.796019460014792e-06 0.0 0.0 0.009125268157875649 0.0002155195855875 0.0 0.0 8.786165364504549e-06 0.0 0.0 0.0 0.00015427308315559365 0.00015819969104763555 0.003461431859691557 0.007260777796049327 0.0010479860601309116 0.002546461729272033 9.829361531708422e-06 1.699131284709016e-05 0.0 0.0011707778004818614 0.0001680882454087496 6.644902616520035e-05 3.193742639481038e-05 2.5212607262507154e-05 1.237869489947995e-05 1.3973037189133014e-05 5.641561527471981e-05 4.77184051564034e-05 0.0 0.010144630518500126 0.002938433088976622 0.005083016588951499 0.0005299453533840268 0.0 0.0 0.0002813162858716301 0.0 3.3037274002295336e-05 0.0012177178089641785 0.0 0.00011449289943906273 0.00010631308831381695 4.9233460081468794e-05 0.0 1.93805062285515e-05 0.0 0.0 0.0 0.0 0.0 0.0 0.0007444335498264955 0.00011361556353741877 0.0 0.0 0.003008967639707443 3.8991506841795205e-05 7.49112025205969e-05 0.00042430885575028506 7.959106688353982e-05 0.00010497709628678293 0.0015547186740617223 0.000192484111173464 0.0007412079789886627 0.002567238210937787 0.001646876562920204 0.00021124864233164586 0.004078265130329822 0.005529654579935305 0.0028007138452033186 0.00042372639852099233 0.0 9.351029024079629e-06 0.0 0.0 0.0 0.0 0.0 0.0 0.0 0.0 0.0 0.0 0.0 0.0 0.0 0.0 0.0 0.0 0.0 2.8242261849449257e-05 0.0 0.0 0.0001917012374133472 0.0 0.000706089870573886 0.0004258162169262668 0.0006528149026538964 4.991950724728243e-05 0.0001144034750133439 0.0 0.0 0.0 0.0 0.0 0.0 0.0 5.095613092495902e-05 7.879282418037839e-06 0.0 0.0 0.0 0.0 0.0 0.0 0.0 0.0 0.0 0.0 0.0 3.367657484992551e-05 0.00032733046994063607 0.00017330798431979517 0.0 0.0 1.6817004699246074e-05 0.0 0.0 0.0 0.0 0.0 0.0 0.002497190570482737 0.0 0.0 0.0 0.0 7.26860112416955e-05 0.00011486261357192372 0.00018019032319001267 2.3548859536460686e-05 1.8925433892570953e-05 0.0 0.0 0.0 0.0 0.0 0.0 0.0 0.0 0.0 0.0 0.0 0.0006180980196090761 0.0003843251806540284 0.00015145659246875836
0.008265577829994137 0.013993314172860302 0.000708876368892954 0.10117258202510834 0.0009118055105089716 0.0 0.01153754963276554 0.00025459422733110763 0.003605610213903035 0.08548929995457161 0.0008372989156921229 0.020846916758376438 0.022586082465116876 0.003709181737115408 6.512977748565543e-05 0.0 0.0 0.0 0.0 0.0 0.0 0.0 0.0 0.0 0.0 0.0 2.355926564687073e-05 1.7574602406171785e-05 0.0 0.0 0.0011951848920957989 0.0 0.0012065992984753309 0.0 0.0 0.0 0.002679752717471332 7.23620984411271e-05 0.0002557027567479591 0.0 0.0 0.0 0.0 0.0 0.0 0.0 7.012562896104957e-05 9.3651130248785e-06 0.0 0.0 6.057430732785806e-05 0.0007458139840230856 9.09139103594636e-05 1.5836779979645486e-05 0.0 7.180061313924612e-05 0.005484075376317828 0.0005532274247158286 0.0001737524219197469 9.60681205293904e-06 3.9086991503118674e-05 1.5233966455404298e-05 0.0 0.0 1.6088734689085765e-05 0.0 1.2565996934665321e-05 1.0386548671956627e-05 0.0 0.0 0.018148040596020824 0.01208289771939796 0.0008866085326239097 0.000343117168318796 0.0 6.74521081452138e-05 9.822294680698251e-06 0.0 0.0 0.0002119297525094601 0.0 7.355495558910629e-05 4.636591497457302e-05 0.00020751386591277268 0.0 0.0002093250884285327 0.0 0.00043602723347496524 0.00037421241811871377 0.000651472229457331 0.0001843033497608637 0.00033919818591949353 1.1828331405598194e-05 1.4755184648733402e-05 3.782986471163137e-05 0.046664810588442955 0.001255246848749322 0.00014697297967428033 0.002785020857484217 0.0337641363300614 0.0 0.00082570917400617 0.0004954439635698929 0.0003164015225612091 0.00018326573139607467 0.001740683202326824 0.0010745334950865045 0.00047056138898502457 0.0028329296507903176 0.001622636332223086 2.2980553901628035e-05 0.001923811261339425 0.002175373119071532 0.0008847088505488103 0.00010458318958735898 0.0 0.0 0.0 0.0 0.0 0.0 0.0 0.0 0.0 0.0 0.0 2.3173654412651635e-05 9.263393842333752e-06 2.4190374407836637e-05 0.0 0.0 2.9427313917608706e-05 9.759970144193627e-05 1.663607899943392e-05 0.0 0.0 2.083410923802469e-05 8.361970475643145e-05 0.0 1.7415823570646933e-05 2.556874699776007e-05 0.00017914857034628028 3.0815187393028465e-05 4.242393813948645e-05 0.0 0.0 0.0 0.0 0.0 0.0 0.0 0.0 0.0 0.0 0.0 0.0 9.246190195265611e-05 0.0 0.0 9.115492284798487e-06 0.0 3.1452588328632546e-05 0.0 0.0 0.0 0.0 0.0 0.0 1.2669447045083155e-05 0.0 0.0 0.0 0.0 1.541450117227422e-05 0.0 0.0 0.0006460303857277775 6.247318556853551e-05 0.0 1.0244572162703615e-05 1.503174875231412e-05 0.0 1.8678303515028103e-05 0.00011572335655510891 6.726135750794133e-05 4.019146397493222e-05 0.0 0.0 0.0 0.0 0.0 0.0 0.0 0.0 4.5260068760998025e-05 2.3581291902860604e-05 0.0 0.00016683679714748608 0.0 9.667127533535237e-05
0.026659535727290264 0.058252686475300096 0.004868071661477617 0.14873123812314112 0.1428602843620704 0.01153754963276554 0.0 0.0006643370414010879 0.2707051266881209 0.3369321214170102 0.024745594988046123 0.09057372381770465 0.6595679343273814 0.2861530123471306 0.002513848188003508 0.0010145526501637383 2.193796077591133e-05 1.6655940932899486e-05 1.0186906817504529e-05 2.9479699005038747e-05 2.542869293175354e-05 0.0 2.878741334190612e-05 0.0 2.8269763191996342e-05 1.1058265981595847e-05 2.9599031637789738e-05 3.9888685459099036e-05 2.9066498954122786e-05 1.1639595324502661e-05 0.014655986244547977 0.00041678452023818485 0.0004135943936607731 1.6331745829393128e-05 8.506479361532523e-06 0.0 0.0006637737754701125 0.0 0.0 0.0 3.8217809915210734e-05 4.168741242509839e-05 0.0 1.7428246225282777e-05 1.0719568724347308e-05 6.763975079943698e-06 0.020062005720672273 0.00036204085471642003 4.537519335699783e-05 0.0 2.6620587864085067e-05 2.3653784116448812e-05 0.0 2.2410758555517154e-05 0.0005166189198086654 0.0004200303367029129 0.01003539606859681 0.015452620443222376 0.0026678893990565496 0.007755394073249776 2.2723196338072423e-05 1.3335675351823151e-05 0.0 0.0017425268552209354 0.0002569733572092456 0.00037589570571431056 6.708082941790094e-05 0.00010994850602682377 0.0001815926630342951 7.347371065907563e-05 0.00032733376016149746 0.00022970564022380726 0.0 0.02666764478972077 0.0054667524661986475 0.009535973445376966 0.000958228479172378 0.00010767436103282263 1.4485022062478105e-05 0.0001550478629061232 4.785057727136764e-05 0.0 0.0032569369195287194 0.0 0.0004105847520990098 0.0003242286710486561 0.00010437130002657056 0.0 2.7120380696461932e-05 0.0 8.043415069139502e-06 0.0 0.00014282687859724794 7.191991860199604e-05 3.876763663590061e-05 0.005961122777355502 0.00036417410337438147 0.0 0.0 0.006543817168286111 0.00019420606830741386 0.0007683811675642787 0.0022617434789514728 0.0012250417902376523 0.0010399662299480673 0.008645757426463837 0.0024991880572721786 0.002477843643062094 0.011182689456784748 0.0068949471151784495 0.00039729759176617156 0.015581157885329247 0.020758591058342865 0.010367906869018648 0.0017966117688250347 7.288567297663619e-05 0.0 0.0 0.0 2.7189963731886724e-05 0.0 0.0 0.0 0.0 0.0 0.0 0.0 0.0001071159452783797 0.0 0.0 1.7021120326313477e-05 3.052569765845062e-05 0.0 0.0 7.680382635956449e-05 0.0001944391789644043 0.0 0.00018211054512323846 0.0 0.002338350218762052 0.0005854717197056578 0.001559878796026272 9.015248897189936e-05 5.3139225269274806e-05 0.0 0.0 0.0 0.0 0.0 0.0 1.3373705401126578e-05 9.212505490621212e-05 9.804826358058708e-05 0.0 0.0 0.0 2.4940439397636252e-05 0.0 0.0 0.0 0.0 3.1395471684918493e-05 1.9180247416270217e-05 7.196816390901905e-05 0.0002263563517801239 0.00033572198838885826 0.0004185179656438069 0.0 0.0 0.0 0.0 0.0 0.0 0.0 0.0 0.0 0.007614377519232887 1.8335921740561206e-05 0.0 0.0 1.1051810786951236e-05 0.00016371891427755523 0.00020731817828750082 0.00024071320300730764 9.94547465186914e-05 9.245700870173157e-06 0.0 0.0 0.0 9.974715735972578e-06 0.0 0.0 0.0 0.0 0.0 0.0 0.0 0.003147802012557126 0.00037043841948390476 0.0007165809289863021
0.01127086915716086 0.04014864894914659 0.20064248498363912 0.00013936301889783047 0.008205259271898307 0.00025459422733110763 0.0006643370414010879 0.0 0.005913380074265946 0.0004781338339541424 0.09765168373012435 0.00021201946387689754 0.004741648166062342 0.023832551066900295 0.004446597413503419 0.0025069480408542954 4.838265800526068e-05 1.7671596659262054e-05 5.7077153111518895e-05 0.0002870191677058598 0.002020115097532494 0.0 0.0021893130075339934 0.0009774674555399867 0.00020198964804143667 0.0002613858011679925 0.0009019496409964629 4.4293725923895665e-05 1.0231050779731793e-05 0.00010352887293752179 0.26246029882651034 0.05455053657832909 0.001826885313631842 0.00045841084522331514 0.000946572609017234 9.843197689082896e-06 0.00045752231859464494 8.199597844196199e-05 1.1361142574506063e-05 0.00012936081507296994 0.0010232988358656922 0.00034125404182342974 7.137300371020139e-05 6.665273357956874e-05 0.0002430371850727847 3.801475524355098e-05 0.018125526992384428 0.0004148414761667427 4.244962240537657e-05 0.000294049500909226 0.0006398295473556335 7.028130710303761e-05 0.0 9.07619094451814e-05 0.00019062691038906294 0.00018529260287301517 0.016011548263385997 0.05305280259521451 0.001991365534652811 0.004541867702193079 0.0005968037154958446 0.0008356853138478085 4.030944539714216e-05 0.0324533466499698 0.000201234402196311 0.0007800651785510193 0.0005321867320194197 0.0011047917498095388 0.004827837819590528 0.003158011332637464 7.546406300384535e-05 0.0 8.263557020740851e-06 0.022299436444904258 0.012062470833473305 0.013398734502864537 0.005637599047889014 0.019460177383320634 0.012544798668553675 0.03777790884991409 0.0006545166545846112 0.008789888142385875 0.0021282746823129734 0.0 0.0004449246155940962 0.0002176085458183504 0.0007784954217989204 0.0 2.5064137122998268e-05 1.1675533946406602e-05 6.601773420698612e-05 1.0941722581393792e-05 0.003262311553953186 0.0003310168870710184 3.4095902067424363e-05 0.0001280397672092077 0.0 0.0 0.0 0.012494586658352428 0.0 0.0 0.0 0.0001812010578327666 0.0 1.4667456028691157e-05 9.350663223089605e-05 0.0 4.638663375709674e-05 3.168055391517632e-05 0.0 0.00011007733159287564 4.081170341010397e-05 9.717349955148361e-05 9.465521420542328e-06 0.0 0.0 0.0 0.0 0.0 0.0 0.0 0.0 0.0 0.0 1.2461990170567017e-05 0.0 0.0 0.0 0.0 0.0 7.243119374189852e-06 0.0 1.1641812661663202e-05 0.0 0.0 0.0 0.0 0.0 2.2048432012215585e-05 9.947727972714026e-06 6.128570874345125e-05 6.313077646566687e-06 1.6540723561286263e-05 1.9897506286484446e-05 0.0 8.336662216060526e-06 0.0 0.0 0.0 1.52112152242639e-05 0.0 0.0 0.0 0.0 0.0 0.0 1.0325557321016724e-05 0.0 0.0 0.0 0.0 0.0 0.0 0.0 0.0 0.0 0.0 0.0 0.0 0.0 0.0 0.0 0.0 0.0 0.0 0.00010312122815780029 9.18389706993295e-06 0.0 0.0 2.9706196086158805e-05 0.0 0.0 0.0 0.0 0.0 0.0 0.0 0.0 0.0 0.0 0.0 0.0 0.0 3.3875870121193206e-05 0.0 0.0 0.0 7.157534732305262e-05 6.20298360939925e-05
0.004013769260777926 0.1699034974510404 0.03851627006487058 0.01768186816219729 0.29251538729599175 0.003605610213903035 0.2707051266881209 0.005913380074265946 0.0 0.0504678706785261 0.10707626051504426 0.006700202279003464 0.023286065531366956 0.11460261746329578 0.0011296458376423087 0.0004106796575754324 1.0669353923588145e-05 0.0 0.0 0.0 0.0 0.0 0.0 0.0 0.0 0.0 8.376716099102232e-06 0.0 1.2443636503502344e-05 0.0 0.004037686884822576 0.00023672559780017917 9.151427195677885e-05 7.221288609671092e-06 0.0 0.0 0.00011884430433369713 0.0 0.0 0.0 1.0579163436375729e-05 2.4826265751673918e-05 0.0 0.0 0.0 1.0191326912800652e-05 0.00511766537800949 2.0287917333331706e-05 0.0 0.0 0.0 0.0 0.0 1.4277476388446272e-05 0.00010619115862657332 0.0001257842482449649 0.001648407609047607 0.0023709933150275956 0.000548115937053195 0.0013815065229744843 0.0 0.0 1.560081050839608e-05 0.0003291936083642955 3.995245477697766e-05 5.633726958260828e-05 3.3761212053992276e-05 0.0 4.453129246106166e-05 0.0 0.00019727030765498706 0.00010185719157116268 0.0 0.004799624823145647 0.0015453733374842088 0.0029830434865644583 0.0004090134645492896 3.366335697574613e-05 0.0 9.825447527383464e-05 0.0 1.7202060605150603e-05 0.0005161490775950296 0.0 7.760755210147857e-05 7.30308979577245e-05 6.36950914237569e-05 0.0 8.095346881429737e-06 0.0 1.5091109903189778e-05 1.303432955653423e-05 9.182789064035626e-06 9.91402524309331e-06 1.5631588155462504e-05 0.0004402841656251453 3.1171270137547426e-05 0.0 0.0 0.0016458199904975947 4.742533958461148e-05 0.00017327793231056222 0.0006076876812817917 0.0003608696944710031 0.0005931579135409651 0.0018001229527021712 0.0002824498348833699 0.0006735936811787653 0.001811759859521933 0.0014708534273787863 0.00011243616614289686 0.003802358610356725 0.004236758861755873 0.002615996029667099 0.000628909788738032 1.2309950820673593e-05 0.0 0.0 0.0 0.0 0.0 0.0 0.0 0.0 0.0 0.0 0.0 0.0 0.0 0.0 0.0 0.0 0.0 0.0 3.9965153770404885e-05 0.0 0.0 0.00012411378952865404 0.0 0.0008502116999175263 0.00021604944368276883 0.0004917173871898794 0.0001055448227367148 3.581929656069922e-05 0.0 0.0 0.0 0.0 0.0 0.0 0.0 0.0 1.0693061406229633e-05 0.0 0.0 0.0 4.281684948911515e-05 0.0 0.0 0.0 0.0 6.058238543305442e-05 0.0 0.0 0.0 0.00032021964726580563 0.00016052637818492657 0.0 2.340977365024841e-05 0.0 0.0 0.0 0.0 0.0 0.0 0.0 0.0023344620862422575 3.323185362166992e-05 0.0 0.0 0.0 6.837097571288447e-05 6.789133904520427e-05 0.00020624225485998293 1.025215789446594e-05 0.0 0.0 0.0 0.0 0.0 0.0 0.0 0.0 0.0 0.0 0.0 0.0 0.0007743674086530886 0.0004493360887223169 0.0004095431351052828
0.047785217208905106 0.1482520956638641 0.005745171780526856 0.27663558331813026 0.16111424386402953 0.08548929995457161 0.3369321214170102 0.0004781338339541424 0.0504678706785261 0.0 0.004203080162344401 0.16703174381236927 0.5310441840859653 0.022607185933106733 0.0014727314436974225 0.0005612575119054186 0.0 0.0 0.0 0.0 0.0 0.0 2.9671409207227085e-05 0.0 1.442004732430807e-05 1.2780624038732287e-05 0.0 0.0 0.0 0.0 0.0024191450644713186 1.6321158806536926e-05 0.0008750265085436268 0.0 0.0 0.0 0.004441182722545179 0.0 1.0358655683784357e-05 3.2486210052532314e-05 1.0780198250394906e-05 0.0 0.0 1.3169939670658327e-05 2.210359904268208e-05 0.0 0.00978478974600552 0.00012313965221465918 0.0 1.0177666366408709e-05 1.8683732213778603e-05 4.389949053372699e-05 0.0 0.0 0.0001774716617367883 0.00022764100973489117 0.005636427240202352 0.005999863651540348 0.0015939087028237796 0.003943834786690749 2.367930536233251e-05 0.0 0.0 0.0006099820851563473 0.00016843087105054318 0.00012095037238766065 5.057462434895045e-05 5.147556634274404e-05 8.163975255792519e-05 0.0 0.001033484950114385 0.00046123343458136625 8.637292976443228e-06 0.012040772577712442 0.0020801757361096234 0.003914025102058562 0.00048813074095416015 5.490835416386397e-05 0.0 0.0001009573675235107 8.941974717717265e-06 0.0 0.0015989068239882875 0.0 0.00015214385101901 9.411122903496356e-05 1.886151547102791e-05 0.0 2.0187597074500608e-05 0.0 4.203090949497509e-05 0.0 0.0001572246796548258 5.060917398738502e-05 0.0 0.01771693714857549 0.00226267072747045 0.0 6.872395975191547e-06 0.03525090616010199 0.00032565420082019384 0.003781127764100385 0.005141663689667807 0.003512884497866813 0.002883991478983588 0.02085349388800975 0.008018203756759485 0.005672306351189067 0.024205617366237022 0.01663506156440382 0.0011417173352560258 0.031233379995921396 0.03917498320365445 0.02138633680272503 0.004159716475497396 1.42165016045802e-05 6.199691996903694e-05 0.0 0.0 8.40044279954936e-06 0.0 0.0 0.0 0.0 0.0 0.0 0.0 0.0001858225663348735 4.426351288270514e-05 2.0074824340300794e-05 1.1192273728339727e-05 1.181015136146719e-05 0.0 0.0 0.0006687339620116622 0.0 0.0 0.0013309324241331153 5.020669084518403e-05 0.004671612605654841 0.0015328315271519598 0.005635124324006865 0.0003284663443068578 8.399071443446542e-05 0.0 1.6094600758585198e-05 0.0 0.0 0.0 0.0 0.0 0.00020900583959058714 0.00021961805897802148 0.0 2.1038859715361016e-05 0.0 8.389501506386519e-05 2.388288686693984e-05 9.321218231441537e-06 7.198998473329352e-05 0.0 0.00011061293912544422 0.00011617585900659787 0.00010648012749235016 0.0 0.0016198669589568872 0.000810652316196769 1.279654433399376e-05 9.575382988529871e-06 0.00012535237047502036 0.0 0.0 0.0 0.0 0.0 4.956826606441765e-05 0.016248713557289605 7.678332957583e-05 0.0 0.0 8.368009107783531e-06 0.0014397991704836546 0.0002800598568852922 0.0007548252031452387 0.0005539557470779422 0.00010566723485714803 0.0001665851578751314 0.0 2.6820520636353498e-05 0.0 0.0 0.0 0.0 0.0 0.0 0.0 0.0 0.00488797507823336 0.0017462386226249995 0.0014124146138787346
0.03144910208217761 0.17503920265079342 0.19255978841030816 0.0006708584148787891 0.12904659143076352 0.0008372989156921229 0.024745594988046123 0.09765168373012435 0.10707626051504426 0.004203080162344401 0.0 0.0024104956603012272 0.06896727708090515 0.13895762922753518 0.007725731909132425 0.004677076201952325 7.91739344719811e-05 9.593607432418722e-06 3.063837297825635e-05 0.0001973464804096959 0.0013515488778059782 0.00022484028758892118 0.001929746905922095 0.0011525151409924803 0.0008622107802008283 0.0006180319077069588 0.0019564764229592522 0.00018852694299436416 0.00014773091667487798 0.0005022323863493363 0.11829307042033566 0.003044523755046796 0.05788217942108007 7.026224370253032e-05 0.0005530904335704305 3.3833906385881124e-05 0.013741958205420216 0.0004650836238633239 3.467481659365067e-05 0.0008734260808364168 0.003487390778507619 0.0015912170973901574 0.00010025952990259834 0.00018535988706127614 5.4279269236636356e-05 4.600283164733918e-05 0.015587496223787295 0.00026220551413614636 0.00018493273488346895 0.0002932192811028533 0.0010161748874296125 0.00014886809652651684 2.581361828911634e-05 0.0002794472356533476 0.0002517872593983061 0.00017053467140344179 0.009304339098227405 0.020072053118149153 0.0015072772982123327 0.003582683229965957 7.48318071386879e-05 9.070942561799135e-05 3.608753935443984e-05 0.0031664685640526652 0.00018536190956964854 0.0005016430703514808 0.0005965714610252293 0.000998995988256351 0.0028776883217008268 0.0026043907182451663 0.0020602913158234105 0.00010368094740961174 1.176962564816299e-05 0.015354957816057961 0.0057859538699611595 0.013242010914900678 0.0026090021029398012 0.0010470824574650617 0.0005362784699004075 0.008545011275215234 0.00011979522720116748 0.0004774200680857731 0.0017779648585895369 0.0 0.00035595312770946475 0.00020299231319387273 0.0006194767739043803 0.0 4.5874713163998086e-05 0.0 0.0001623907962493681 0.0001492887749545568 0.005097977422675653 0.0018351394559158705 0.00032145803404606674 0.0006495762385262795 3.057649760825723e-05 0.0 5.2190640347262425e-05 0.024567555196948164 9.366276696143865e-06 0.00011265125646234789 6.069573403874035e-05 1.0409020250890882e-05 0.00011159619959565224 0.0003495417781570746 8.963973936242663e-05 8.324717024492274e-05 0.0004749091040609769 0.00023014726142120897 0.0 0.0008928639290208869 0.0014703605695235119 0.0010549137894699909 0.0003631709200038762 9.00244254912434e-06 0.0 0.0 1.3924820377476969e-05 0.0 0.0 0.0 3.592670090029725e-05 0.0 9.556792080968043e-06 5.892961968890411e-05 4.8050251597284425e-05 2.419323521014448e-05 0.0 1.9482289691342686e-05 1.8837487912520142e-05 1.0470301194281218e-05 4.230991094645671e-05 2.1049048465762495e-05 0.0 8.479147665821394e-06 7.668692179715308e-05 0.00018082534045503498 2.0443936094357544e-05 0.0003740786847227123 6.980481884206684e-05 0.0005088802421461681 0.0002158357297558111 9.865287297563074e-05 0.0 0.00010960608250333086 0.0 0.0 0.0 2.206470750553983e-05 0.0 0.0 1.707155381244711e-05 0.0 0.0 1.6250223897888137e-05 0.00016831460001303478 5.465657639077214e-05 0.0 0.0 0.0 0.0 0.0 0.0 0.0 0.0001249214363656007 0.0001239882773773669 0.0 2.1628048478089727e-05 0.0 0.0 0.0 2.2178407995873767e-05 0.0 2.0541080776478143e-05 4.021023115615953e-05 0.000961942648139464 6.23492525907252e-05 0.0 0.0 0.00011372905528262256 5.245776320681258e-05 1.0690704242966026e-05 9.771055504630433e-05 7.778901855058033e-06 8.356836273196933e-06 0.0 0.0 1.762837448902233e-05 0.0 0.0 0.0 0.0 1.101943607396822e-05 1.912464301505478e-05 2.6390318791596856e-05 1.0488709864030982e-05 0.00028277547861181135 0.0001905052384854881 0.00022812474708468414
0.0010775042484245402 0.018662944526144115 0.000542232538394535 0.018569382930989094 0.022673944389136568 0.020846916758376438 0.09057372381770465 0.00021201946387689754 0.006700202279003464 0.16703174381236927 0.0024104956603012272 0.0 0.253273395537773 0.011809849524623838 0.00251576166780037 0.0011387140885847583 6.816808604928001e-05 0.0 0.0 1.0288971920550713e-05 0.0 0.00016083301881700957 5.391727005871353e-05 2.0865248709983426e-05 7.110206247147638e-05 5.5145498571988946e-05 8.861756813727072e-05 1.3333566694666893e-05 0.0001271740196443619 1.4029989487474733e-05 0.0001303080269159038 0.0 0.004042481139528806 0.0 0.0 0.0 0.017887448388172397 0.00015613668810805187 3.0470875223119654e-05 0.0001303650878942498 0.00029277033063199203 0.00015160500628021628 1.1317902511826612e-05 0.0 0.0 1.0330700403414502e-05 0.001867797042406863 8.584051039955028e-06 2.7594270577574212e-05 0.0 7.582780039915374e-05 0.00036973860971852446 7.140873226160924e-05 0.0002715685556141139 0.0 2.1300652615920654e-05 0.0007133477472347549 0.00022926893745928227 0.00015136675519155992 0.00011807214814497824 0.0 2.9694992768156383e-05 0.0001165273871311813 0.0 0.0 5.3286809401675604e-05 5.957510866994885e-05 2.0808134054318232e-05 2.888590459578709e-05 5.540737762133247e-05 0.009994259627345856 0.0008402215251136275 0.0 0.0007361777594499632 9.751488133737443e-05 0.001018475642457589 0.00036373101831033665 0.0002506591954133679 0.0 0.0010904206111378894 0.0 6.454219307835579e-05 6.291419577225464e-05 0.0 8.325134183411152e-06 9.123930889521244e-06 9.668483316588656e-06 0.0 0.0 0.0 0.0 7.941001129786889e-05 0.00019988596564610376 0.00026344000434064404 0.0003610967415789741 0.08184319143129253 0.00837854091589609 0.0 0.0007362312644715837 0.011935505158035932 9.35957332673338e-05 0.000349090480463194 0.0010666460881754633 0.0005014151485020119 0.0006692424127968192 0.004447619393875884 0.0015305879722657496 0.0012221243742624496 0.0068232640023535894 0.003961164174535796 0.000227633083384091 0.010328756098257407 0.0161430578312473 0.007005182179230468 0.0014367395202155302 7.77383610776086e-05 1.0987706814181369e-05 9.688587129332053e-06 5.0782282679084285e-05 0.0 0.0 0.0 0.0 3.3171207528548496e-05 0.0 2.47151265309531e-05 0.0 1.3867706384494737e-05 0.0 4.1623975111379186e-05 2.3655660834571546e-05 6.0753658492974035e-05 0.0 3.3906122923360906e-05 8.386312344675487e-05 8.89934829945224e-06 0.0 0.00012601059489705468 8.244808394636223e-06 0.00172814810762362 0.00033349156058926267 0.0012181531472645036 0.000434536890659898 9.807179545224605e-05 3.7253403437696855e-05 2.7465898949345097e-05 0.0 0.0 0.0 5.716334430711031e-05 0.0 1.6490772508342373e-05 5.903533750038691e-05 0.0 0.0 2.6130034157438114e-05 0.00021952935422598957 1.959462704284242e-05 0.0 0.0 0.0 1.432571838205453e-05 1.3565080285740719e-05 7.903543240945036e-06 0.0 0.00015534375349534352 0.00019747690171629842 0.0 0.0 0.0 0.0 0.0 0.0 0.0 0.0 7.288552254760586e-06 0.007221440529738054 0.00016430838401785593 0.0 0.0 1.5609098021405567e-05 0.00030196178228758845 2.9362090010648364e-05 7.630282876957917e-05 8.701037775052602e-05 2.0137219253735028e-05 2.9703028461643744e-05 2.8212451719494123e-05 2.5149543701973396e-05 2.14294139017261e-05 0.0 0.0 0.0 0.0 0.0 0.0 0.0 0.003796308222883436 0.0006402077710002932 0.0007326900968415589
0.008880472510453086 0.05101237365751693 0.010172684942866569 0.06488723957983573 0.031166001542998357 0.022586082465116876 0.6595679343273814 0.004741648166062342 0.023286065531366956 0.5310441840859653 0.06896727708090515 0.253273395537773 0.0 0.18698196989617763 0.01332160575377558 0.007471470807220298 0.0003000612824617252 1.001165832255022e-05 3.6996298356346325e-05 4.476724205182248e-05 0.00011916178645889011 0.0009804754682270524 0.00042282556918330074 0.00025233736444583635 0.00038485606391982553 0.0001542496725549151 0.0009560739968272384 0.0003016057856918534 0.0002597469053780473 0.0003335028679484887 0.0031565720753885564 3.4584519414482826e-05 0.04017147903624497 0.00011713299187602024 0.00011572175219967977 1.6726402685919876e-05 0.02572956926852226 0.0007169810980396315 7.871664546152297e-05 0.0030451209689000844 0.0019156500822080844 0.0015916840324136786 5.296670040125709e-05 9.205288210580723e-05 3.223568806363632e-05 0.00012684161389906864 0.014853655071838428 0.00011204948600107461 0.00013190079467086067 0.0001217991307496419 0.0010592132645403838 0.0006992643852622502 7.294244303716584e-05 0.0006662282172778033 7.148424697214581e-05 9.729328347132549e-05 0.00206183114912677 0.0023013945773302344 0.0006720671432834913 0.0014966094015285583 6.967158577169495e-05 0.001194060168032943 0.00012990218728454618 0.00033490866633510257 9.761685697822201e-05 0.00019133015086409067 0.0002954663568235926 0.0003920918904681182 0.0008599178150109636 0.0007033662151419283 0.02524852301190896 0.0013615402209199226 6.39346029353898e-05 0.005521032351067746 0.0016538904430312145 0.009633592837780171 0.002556379919477485 0.0009198909337131815 0.0 0.010734319275516834 9.931925104871817e-05 0.0005621853018363676 0.0006514103501112341 0.0 0.00016694717627085986 4.1675559015119124e-05 0.0002062011420095824 8.126781247302529e-06 5.699555033269365e-05 2.6994929512006426e-05 5.2047654571872086e-05 0.0002979749365151242 0.0032955754615492886 0.0015566515850481315 0.0010165056888194772 0.1326486661973158 0.004365015487322651 0.0 0.0003200971397190271 0.017164268492824115 0.0004444274933740196 0.0017853917962746284 0.005875324220751019 0.002753587892523187 0.00262690411644985 0.019382065412859768 0.005947323372377601 0.00600133405621341 0.024541476371615915 0.016749574873152474 0.0006416614323258663 0.04003909975267331 0.055656181435026146 0.02668434326032022 0.005376910525700205 3.767245762981912e-05 6.894790947976442e-05 0.0 0.0 0.0 0.0 8.581922701115065e-05 2.9652973367476247e-05 0.0 1.1602633520119382e-05 4.3718336870979005e-05 0.0 0.0003666678502333773 1.3696538028481685e-05 0.00023438968412813437 5.932783382752225e-05 0.0003056807994431578 0.000139364420472276 8.244767838439502e-05 0.0004472667849932167 6.012552053968617e-05 0.00012525520657509406 0.0007928613471437787 8.552590895715366e-05 0.005754748993845702 0.001488323476307424 0.004758265067017118 0.0010292930271618888 0.0006479365700480111 1.9455168066127637e-05 0.00014146234812884554 2.2910460600329473e-05 3.0124201913849516e-05 0.0 0.0001962441928035782 1.647174356734865e-05 0.00021848707454930958 0.00026012429139145445 0.0 0.0 4.737877086545941e-05 0.00031558847618356193 0.00016324709262993908 0.0 0.0 0.0 0.00029363108885688516 6.535263577468089e-05 0.0002229185123268537 8.782247847959938e-05 0.0012930542730281178 0.0007738423145855684 2.24161640603643e-05 1.645163577850754e-05 5.731834121102272e-05 0.0 4.408581577423971e-05 0.0 2.90772476716195e-05 2.0814784077751e-05 4.618490909012355e-05 0.020589004918184113 0.0006287771785896359 1.124232617177542e-05 0.0 0.00014177692770270478 0.0006133150715993882 0.00020001957180697816 0.0007112605636569013 0.00026646818644606476 0.00014636801971995453 6.0443724989297936e-05 8.655541939601339e-06 1.2206885066368464e-05 9.320712604348446e-06 0.0 0.0 9.179725480744176e-06 1.0818994361191928e-05 2.7248440201020205e-05 8.280207592616465e-05 2.671384193458893e-05 0.011021756822140887 0.00215094772084102 0.002543618152744862
