0.0 0.1470570259191845 0.02021269001003791 0.10838061457271222 0.0012369469537111683 0.003584114363940614 0.021369170342231805 0.00708864029847678 0.0009050176310764273 0.07393352149391996 0.002309157137564348 0.001027684513533264 0.002904449106384433 0.004949947188095345 0.00019186023370388645 3.0363123956990797e-05 8.253827141989095e-06 0.0 0.0 0.0 9.336467676529903e-06 0.0 1.5207506543464565e-05 0.0 7.352478253295843e-06 5.998603048173382e-06 7.371902833492526e-06 0.0 0.0 0.0 0.03871397247442057 0.00023167349187373917 0.00032491524021836896 0.0 0.0 7.046822303308276e-06 0.0005989265625076786 2.2765841568231264e-05 1.8132480103476345e-05 0.0 2.34998900706299e-05 0.0 1.7825858637725736e-05 0.0 0.0 0.0 0.0014612422742412805 0.0001681593006737412 2.035471650688032e-05 6.272246460314066e-06 0.00014430889075171035 7.5871449321429145e-06 0.0 2.1365304509813445e-05 0.0003866013980301071 0.0006217267771713065 0.015578946241423615 0.030342642440363395 0.0018475556580932605 0.0008523385747875985 1.5629419952787045e-05 6.0646322574184386e-05 0.0 0.0002692813055379071 0.00041007611447991323 0.0002351188926557858 0.0002562794559686626 0.00013507276512686619 6.359664780640588e-05 0.0 0.0006520997861924858 0.00038690836733851376 1.8440359860207117e-05 0.00869370704805834 0.0010730747940410775 0.0009126698391054888 0.00018884357744696487 5.780190120498327e-05 1.3441051401027473e-05 0.0004514283662288481 0.0 5.9470598794202974e-05 0.00110454818724342 0.0 0.00029072243837005937 0.0002461870445171095 7.299810561549729e-05 2.8459725271774668e-05 0.00014601635581795556 0.0 6.303753066065528e-05 8.300098475363184e-06 4.863225574581971e-05 0.0 0.0 0.004174284821853253 0.0005699759752629496 1.0857569844695034e-05 0.0001315185107026523 0.06515806188537973 5.0407526726338456e-05 0.00017256383949160832 0.0 0.00010861856385922492 0.0 6.742320888067976e-05 0.00012650805842940915 0.0 0.0004777124724376677 0.0005612283808817059 3.146721693016787e-05 0.0004285550968062233 0.0011895791496152447 0.0011732551484524543 0.00042098043749807325 8.111771505293568e-06 6.341676864036757e-06 0.0 0.0 0.0 0.0 0.0 0.0 0.0 0.0 0.0 0.0 0.0 0.0 0.0 0.0 0.0 0.0 0.0 5.534374029064739e-05 9.332557062352386e-05 0.0 0.0 0.0 3.705288072598743e-05 0.0 0.00038493125492061476 0.0 0.0 0.0 0.0 0.0 0.0 0.0 0.0 0.0 5.227578779654691e-05 0.0 0.0 0.0 0.0 0.0 0.0 7.290822913058527e-06 0.0 0.0 0.0 3.9595287479602e-05 6.371166854284089e-05 0.0 0.0 0.0001145007823340585 4.966852353111968e-05 0.0 0.0 0.0 0.0 0.0 1.522933527626703e-05 0.0 0.0 0.0002845712104080734 0.0 0.0 0.0 6.599140544821289e-06 0.00024114293731965257 0.0 6.774347146885058e-05 2.4847854703970997e-05 0.0 0.0 0.0 7.930578521940807e-06 0.0 5.754622170922093e-06 0.0 0.0 0.0 1.713330069720909e-05 7.941163401498955e-06 0.0 0.0003243961502173101 0.00012136648140610334 6.263850786791654e-05
0.1470570259191845 0.0 0.16139390688393532 0.09606142211490634 0.11917696537602993 0.015106829359605431 0.3397623030191111 0.01890775231186558 0.09807924610335354 0.14860785098716556 0.08119049016846387 0.0022728174976500543 0.049405156693843336 0.09169354550549064 0.0008961014642510497 0.00010834656512792778 3.943990689936491e-05 4.4207237347404546e-05 0.0 7.074455603072118e-06 2.8051854059386167e-05 0.0 6.3089759832029185e-06 0.0 6.439112272736249e-06 0.0 0.0 0.0 0.0 0.0 0.21086222521025536 0.0009082017997292836 0.0015757758432695984 5.739383633876777e-06 0.0 1.5326867052984693e-05 0.001682620376542367 5.3134257506105804e-05 7.44485498349463e-05 7.348543225887057e-06 0.0 0.0 5.9099231787098925e-05 5.334803664646125e-05 4.695893295062295e-06 2.047631963785197e-05 0.012040554130210988 0.0006557792703974216 0.00011337892047501599 0.0001659233767994892 0.0006382243215323878 1.679351394855611e-05 0.0 0.0 0.0009765766767476896 0.0013633560192411462 0.017404262846377666 0.06786307782236302 0.004221147105482868 0.0048168161118795835 3.232818119471151e-05 2.1123486406227183e-05 0.0 0.006085756825440946 0.001184101926914695 0.0010879676700186907 0.0007526335859129577 0.0003427369811883467 8.314085696637268e-05 4.8088499203270786e-05 0.0009605102750986998 0.0003868906879372367 0.0 0.030470882338084218 0.013336563698156821 0.008179250296952654 0.0012107439948803957 0.00019854278443960026 0.00017089328888306773 0.0006467266391159834 6.562911080167699e-05 8.87018106256464e-05 0.002896950439683148 5.125729532164686e-06 0.0012325867285792205 0.0008963180724810814 0.0002237873734253261 0.0 0.0005062170570219025 1.597437019163288e-05 0.0002826924658741735 4.034096117725974e-05 6.22103943238628e-05 3.272481038943699e-05 2.4143746368133163e-05 0.000751424014013831 0.0003943058058612412 0.0 0.00022559123955020915 0.06448461337318885 9.039995139779027e-05 0.0002147838035608357 4.375255605853083e-05 5.023712879660252e-05 0.00014157340195467222 0.0009056818829766342 9.135461245082362e-05 0.0 0.0005465697764740655 0.0001775748268368001 0.00014824139194173516 0.000556395137462607 0.0008241413885788987 0.0015886249632968963 0.0004444695068169481 5.510019490505918e-06 0.0 1.5148566945758467e-05 0.0 0.0 0.0 0.0 0.0 0.0 0.0 0.0 0.0 0.0 0.0 0.0 0.0 0.0 0.0 0.0 0.00013336045320820204 0.0001612633838034641 0.0 0.0 0.0 0.00017341114290123275 0.00015639443970479416 0.0006699119619483162 6.683586462461526e-05 3.2166969890479545e-05 0.0 0.0 0.0 0.0 0.0 0.0 0.0 0.0 0.0 0.0 0.0 0.0 0.0 0.0 0.0 0.0 0.0 3.817652631115676e-05 2.544612296323856e-05 0.0 0.0 0.0 0.0006032500893216198 0.0 7.264483239214848e-06 0.0 8.208808592851269e-06 0.0 0.0 1.7460112639453204e-05 0.0 0.0 0.0005016674113723263 0.0 0.0 0.0 2.190287330780492e-05 0.0007420839954052791 0.0 0.0003620798348810821 9.548179493447841e-05 2.488570347255665e-05 4.090940720606493e-05 0.0 6.720581685743344e-06 0.0 0.0 0.0 0.0 6.815042534948517e-06 5.188144298274749e-05 0.0 0.0 0.0003410137810603149 0.0002781101739523071 0.0004109376473157641
0.02021269001003791 0.16139390688393532 0.0 0.01165161508268554 0.06298987676652937 0.0018900652924938417 0.03129231087058349 0.14301610194977837 0.04199686644805654 0.023893803004272438 0.1057143602930441 0.0018378175546740132 0.03321299475773271 0.13256806505132449 0.0005751940804239644 0.00021419480039817262 0.0 3.690220244614192e-05 0.0 3.053799336277002e-05 0.0001577846713509065 0.0 7.051546401227786e-05 4.632577212645107e-05 7.97654652550531e-05 2.3296782999944286e-05 4.2734950169397983e-05 6.20082445088244e-06 0.0 0.0 0.2700874435152816 0.009184546643899926 0.0037365040048736725 7.620011290630821e-05 7.567125440047371e-05 0.00010507411602809865 0.00246453285534658 0.000113252640741791 0.0001556120094094234 4.74560794950482e-05 8.11327411214457e-05 1.0388181419561932e-05 0.00013827901398716274 1.4420761255356231e-05 6.0903965224145534e-05 1.4484355887235476e-05 0.002878431737213118 0.0001396568026865475 2.4979954606598463e-05 0.00018041879665300174 0.00020912751806903071 6.0018607460830005e-06 0.0 7.924963478748517e-06 0.00022917970783314215 0.00033487810643756686 0.00591187681725525 0.035401410968066226 0.001148373257482255 0.0010323507557658195 5.148319572310733e-05 0.0004802240184807002 6.59688232092874e-06 0.014508328277959328 0.00020939999129809356 0.0001905702816996957 0.0002154036555028024 0.00014548024447151519 0.00032818754109500823 0.00017557137245058078 0.0019497017769000535 0.0004173075214619187 0.0 0.007434187215968472 0.003448196655043883 0.002553221224469272 0.0008534978545125167 0.0004729049133898888 0.00023197962828713168 0.010220350853601843 2.83559263616084e-05 0.0012696198891964218 0.0006132735912156437 0.0 0.0002739187580544812 0.00016857515574698778 0.00013347480716973035 5.696445716140872e-06 0.00011000109111173193 0.0 4.8417642333764073e-05 3.758078794181393e-05 0.00034439416601166187 5.4992640854451386e-05 7.162804425448415e-06 0.0005507852710684707 0.0002739494517271651 0.0 0.0004885771037636183 0.013610308434844082 4.7151777745163644e-05 0.0001322172504220872 0.0 0.0 8.112020593675782e-05 6.671127821513813e-05 2.5022784683933077e-05 2.111059833103467e-05 0.0002989967354557947 0.00021996963231919186 0.00011845827175119599 0.00026467116050541637 0.0004137389127919501 0.0007011358693650929 0.00030673833078735164 9.005960250236464e-06 0.0 0.0 0.0 0.0 0.0 0.0 0.0 0.0 0.0 0.0 0.0 0.0 0.0 0.0 0.0 0.0 0.0 0.0 8.671964255795579e-05 0.00011155412459327151 0.0 0.0 0.0 0.00022253571485929052 7.23969564113816e-05 0.00038906816093730337 0.00012775323509898415 1.435509103992364e-05 0.0 0.0 0.0 0.0 9.766107506433346e-06 0.0 0.0 0.0 0.0 2.219254868700722e-05 1.1543070434014045e-05 0.0 0.0 0.0 0.0 0.0 0.0 0.0 1.8105876564821e-05 0.0 0.0 0.0 0.00031093319298906565 1.9144060238101347e-05 0.0 0.0 0.0 0.0 6.129597013068461e-06 0.0 0.0 0.0 0.00022902963529512516 3.303487219343642e-05 0.0 0.0 6.045369070707433e-06 0.0004262526276031547 0.0 0.00020446151400314814 0.0 7.031038598617286e-06 9.244183826744823e-06 7.1273767885955605e-06 9.087261817112264e-06 0.0 0.0 0.0 0.0 1.3760856011664333e-05 1.8232673931972244e-05 0.0 9.018032868437092e-06 0.00027380464134183575 0.00014503131405884986 0.00046701469315727954
0.10838061457271222 0.09606142211490634 0.01165161508268554 0.0 0.0009017003107328601 0.044072556426570854 0.03404044172765388 0.0003149620342046501 0.004501460172941751 0.16125813101912453 0.000555451844623451 0.00048469760773696126 0.0036441337001272196 0.004629383206194281 9.458629512559302e-05 0.0 8.376153033097051e-06 6.075073365071373e-06 0.0 0.0 6.786528615056691e-06 0.0 0.0 0.0 0.0 0.0 0.0 0.0 0.0 0.0 0.0019737885312222383 5.517194364796195e-05 7.562276109593767e-05 0.0 0.0 0.0 4.9948813124247124e-05 0.0 0.0 0.0 0.0 0.0 0.0 0.0 0.0 0.0 0.0022230860398374276 9.00538153734256e-05 0.0 2.4340915792213263e-05 7.616701324543724e-05 0.0 0.0 0.0 0.00018064131270144297 0.0003406316208351753 0.003991478637417359 0.00809585280231708 0.000911972808771138 0.0008351853759302172 0.0 0.0 0.0 0.0004313316700427811 0.00019529427636775295 0.00017663838759931754 0.00010781002976220739 0.00012524256921718423 1.4143934945243837e-05 0.0 0.00013383022205755925 1.2216515843154765e-05 0.0 0.006718522614620462 0.0015973416648448853 0.001222078370734251 6.051701459071204e-05 1.1257479682096357e-05 1.793710312453429e-05 5.6665018784174705e-06 0.0 1.5705847133524522e-05 0.0006032466347576159 0.0 0.00021077298362354513 0.00020401149096071485 4.547667902506054e-05 0.0 0.0001360008763319971 0.0 2.1605012612697007e-05 9.340859304786703e-06 0.0 2.5296033904989896e-05 7.068617536752047e-06 0.0021472850419618178 8.720395196456961e-06 0.0 2.2559184024418905e-05 0.03914252517900547 0.00017458068490229596 0.001324493275546173 0.006012462125681437 0.014647532275779983 7.963003514905476e-05 0.004901474744940808 0.003368477473053482 0.0010426156246693256 0.0018511845068702852 0.0018511923686649872 0.00013506968410365654 0.0006703891332381554 0.0006563755126338307 0.0005147093605917238 8.743205047463512e-05 0.0 0.0 0.0 0.0 0.0 0.0 0.0 0.0 0.0 0.0 0.0 0.0 0.0 0.0 0.0 0.0 0.0 0.0 0.0 3.169105138487682e-05 0.00014238901405317698 0.0 0.0 0.0 0.00013519585094863174 1.8813636330756985e-05 4.145748470699066e-05 4.3279699302534096e-05 0.0 0.0 0.0 0.0 0.0 0.0 0.0 0.0 0.0 2.83706711272844e-05 0.0 0.0 0.0 0.0 0.0 0.0 1.2351485218247198e-05 5.2956336905313054e-06 6.143811295749182e-05 4.682179850738887e-05 2.663890112906489e-05 0.0 0.0 1.8529796723398127e-05 1.0837605144701249e-05 6.676964602926967e-06 0.0 6.124505569441582e-06 7.474459972910318e-06 0.0 9.027004272033799e-06 0.0 0.0 0.00010150198854878075 0.0 0.0 0.0 0.0 8.33291013352839e-05 1.0639812999665617e-05 9.009998712651428e-05 6.699144849548117e-05 1.9711495320506353e-05 6.482408450052102e-05 0.0 0.0 1.6926200319408458e-05 0.0 0.0 0.0 0.0 1.4780580620511037e-05 0.0 0.0 5.932750192401584e-05 1.8389409630102997e-05 0.0001992829151406317
0.0012369469537111683 0.11917696537602993 0.06298987676652937 0.0009017003107328601 0.0 3.109391567927047e-05 0.20765959549906532 0.008735903649307694 0.30772273574383996 0.08716186432388502 0.22113739866930918 0.00039800305390419417 0.03574423757747711 0.09657567681348277 0.00015188363082543758 2.1837609214734636e-05 7.575926318141442e-06 1.5167796036546852e-05 0.0 0.0 0.0 0.0 0.0 0.0 6.706494058172222e-06 5.90930201799846e-06 0.0 0.0 0.0 0.0 0.006106261626876017 0.0006059601787213344 5.413492878107347e-05 0.0 0.0 9.344330389022285e-06 0.00013273764965150727 0.0 9.44970652241934e-06 6.062319287313657e-06 0.0 0.0 0.0 9.139196836583054e-06 0.0 0.0 0.001640463237078664 4.2398961697347045e-05 2.68837837356291e-05 3.088550928537591e-05 5.2982505411200645e-05 0.0 0.0 0.0 9.301142419223979e-05 7.036414557345445e-05 0.0007553290764757095 0.003176606490644407 0.00018105482006620872 0.0006318604451481262 1.5253334583955052e-05 1.7458087075490245e-05 0.0 0.0010865980808609666 7.066982630378956e-05 0.00010332874391356151 5.0238078709924526e-05 1.4036922391119118e-05 0.0 0.0 5.379081051945121e-05 0.0 0.0 0.0022882381789687315 0.0021595077285704034 0.001565030317766263 0.0003226961096185222 4.233623070646877e-05 3.6243792283417704e-05 3.346660137375295e-05 0.0 3.09911933375358e-05 0.00019246616964513341 0.0 0.00011289813033664691 4.881617686187745e-05 1.9710389382773972e-05 0.0 6.125530787486359e-05 0.0 3.335142415401223e-05 7.22352820817671e-06 7.4489761388470895e-06 5.836502863697588e-06 0.0 0.0 6.661743228566793e-05 0.0 3.519478235163845e-05 0.0006246749098016672 4.056634119142208e-05 1.2096984624573863e-05 0.0 0.0 0.0 0.0 0.0 0.0 0.00010903247734635294 0.00019600976897880446 2.2639262176359217e-05 3.630136804421897e-05 0.00024126611583827375 0.000285313651188169 4.55225364348518e-05 0.0 0.0 0.0 0.0 0.0 0.0 0.0 0.0 0.0 0.0 0.0 0.0 0.0 0.0 0.0 0.0 0.0 0.0 0.0 7.651666532577932e-06 1.19633276901099e-05 0.0 0.0 0.0 5.332236833647751e-05 0.0 5.6540004225359684e-05 0.0 0.0 0.0 0.0 0.0 0.0 0.0 0.0 0.0 1.7535038314688452e-05 0.0 0.0 0.0 0.0 0.0 0.0 0.0 0.0 0.0 0.0 0.0 6.436802193672013e-06 0.0 0.0 5.718833658785948e-05 8.807749409106626e-05 0.0 0.0 0.0 0.0 0.0 0.0 0.0 0.0 2.2456411663093862e-05 0.0 0.0 0.0 0.0 0.00014152585856345821 0.0 3.418577432530806e-05 0.0 0.0 0.0 0.0 0.0 0.0 0.0 0.0 0.0 0.0 0.0 0.0 0.0 3.685924709038368e-05 0.0 0.00011982300625528073
0.003584114363940614 0.015106829359605431 0.0018900652924938417 0.044072556426570854 3.109391567927047e-05 0.0 0.0016052376981856827 0.0005719525443487843 0.00022805375446338525 0.09159043547705444 0.001023405282508324 0.0058554500385678155 0.006391950210687966 0.0011681767691165724 7.338665595803247e-05 2.307772564556484e-05 0.0 0.0 0.0 0.0 0.0 7.178299484980204e-05 0.0 0.0 0.0 0.0 0.0 0.0 0.0 0.0 0.0026079760552119033 0.0 0.0012337731905097983 0.0 0.0 0.0 0.002206129066456444 5.946413250018348e-05 0.0004744529077418685 0.0 0.0 0.0 0.0 0.0 0.0 0.0 0.0001925499510823436 0.0 0.0 0.0 8.88386197120953e-06 0.0005088554371437123 1.979869552788508e-05 0.0 0.0 8.252540904283658e-05 0.004499102070481789 0.00041423289204084473 0.00010573092189276793 2.9224846035499995e-05 0.0 0.00024631082051744334 0.0 3.178095861577559e-05 0.0 0.0 9.458542092999951e-06 0.0 0.0 0.0 0.009773811488868512 0.006557368597504136 0.00026155649017279095 0.000254719932789442 0.00011670559035192793 0.00017969273292925186 6.311825769058467e-05 0.0 0.0 0.0004748020187846228 0.0 8.749906295889223e-05 4.0706135391957777e-05 4.048782144800424e-05 0.0 6.145920424550759e-05 0.0 0.0001365467736212355 0.00011251372611336983 0.00027358725895539125 0.00014182294418436277 0.00014951748668380778 0.0 0.0 7.972900602151046e-06 0.018204043651828532 0.009144580715844517 0.0005848902600841432 0.002185259879647738 0.016937316089460936 1.0049479958351722e-05 2.3707202458070516e-05 0.0 0.0001358641402099048 0.0 0.0 9.071810169078182e-05 0.0 0.00011594924412570505 0.00028098394488978626 1.8188633747666554e-05 0.00018315225896828625 0.00023028149164504562 0.000284170390122348 0.0001904751572878511 0.0 0.0 0.0 0.0 0.0 0.0 0.0 0.0 0.0 0.0 0.0 0.0 0.0 0.0 0.0 0.0 0.0 0.00010329137010163683 0.0 2.7689913680040876e-05 4.523205707104073e-05 0.0 0.0 0.0 0.0 2.3216044956527144e-05 0.00014289848010148756 2.6620795414031227e-05 0.0 0.0 0.0 0.0 0.0 0.0 0.0 0.0 0.0 0.0 0.0 0.0 0.0 4.882212506307543e-05 0.0 0.0 0.0 0.0 0.0 0.0 0.0 0.0 0.0 9.363110588404101e-05 0.0 0.0 0.0 0.0 0.0 6.379082798634131e-06 0.0 0.0 0.0 0.00028599570593249534 7.092374088813333e-05 0.0 0.0 0.0 7.484600641794209e-05 0.0 6.416224042408247e-05 0.0 0.0 0.0 0.0 0.0 0.0 0.0 0.0 0.0 9.649340673288076e-06 0.0 0.0 0.0 0.0001474720479643372 2.021820294902047e-05 4.9584028970575035e-05
0.021369170342231805 0.3397623030191111 0.03129231087058349 0.03404044172765388 0.20765959549906532 0.0016052376981856827 0.0 0.004939258010807818 0.12062877501327816 0.15740793185340518 0.04012556677675785 0.0004613664594428406 0.16460865622393972 0.07576185356475647 0.0006340873567770975 9.525641767368796e-05 2.7167872523149237e-05 3.0071206415232302e-05 0.0 1.215652170399264e-05 1.2152304455959202e-05 0.0 0.0 0.0 0.0 0.0 5.777904684113023e-06 0.0 0.0 0.0 0.01430309970803087 0.0006339112942434742 5.356638408977348e-05 1.1780012774776002e-05 0.0 0.0 3.729140763230537e-05 4.748090664990186e-05 1.863497644959624e-05 8.10903465357742e-06 6.247154063962763e-06 1.8817122099642954e-05 4.5798288929904535e-05 6.754260013618663e-06 6.221506863163962e-06 1.4664727447957133e-05 0.008745587428698413 0.00030136751168683134 3.128768468899498e-05 0.00011305472240054108 0.0003003507368571314 0.0 0.0 1.363252914639606e-05 0.0004150377526807885 0.0004891003798078285 0.0044593769665626955 0.015610046716552658 0.0013514922507272984 0.0031164233297446956 0.0 1.58779071821263e-05 0.0 0.004019475570884292 0.0006043627718974835 0.00046690614972835185 0.00040405008555266276 0.00013944075522660237 5.116751979370626e-05 7.233867119840847e-06 0.00013283634013891966 7.091856638445269e-05 0.0 0.01304211244525222 0.009938691680035687 0.006245733274476981 0.0012289962365679055 5.768106580588974e-05 0.00011561893494219187 0.00019846588138441117 3.853606483237289e-05 8.990714141418291e-05 0.0012194273448339803 0.0 0.0005444126802619942 0.000355041747191383 0.00011000832376094359 0.0 0.00023490394883909647 0.0 0.00013332378609507735 8.070425908444631e-05 2.417384806584824e-05 1.2118570601749598e-05 9.218725231924447e-06 0.0006493831804791613 0.0015589144224497978 0.0 4.0878431312756416e-05 0.003944590237137028 0.0007199002951379215 0.0016826267418794153 0.005137473486780433 0.0021672747540452705 0.00018576325129933085 0.008101156556160385 0.003567798701364768 0.0061980674830308365 0.0019352154766733274 0.0034751586694188757 0.00019899939125325616 0.003750765410138594 0.0010021862242673104 0.0009959667911521187 0.00030770335323791997 5.077475495650958e-05 1.878293623353858e-05 0.0 0.0 0.0 0.0 0.0 0.0 0.0 0.0 0.0 0.0 0.0 0.0 0.0 0.0 0.0 2.231441109383729e-05 0.0 0.0003368216882918851 0.00013918487519358315 0.0 0.0 0.0 0.0001600753675944216 3.531116004154843e-05 0.00033214923812337736 0.00015544765788448492 2.7774633558189908e-05 0.0 0.0 0.0 1.3744464270668198e-05 6.108168895884401e-06 0.0 0.0 8.998909920137293e-05 0.00022366868060850329 0.0 0.0 0.0 0.0 0.0 0.0 8.669061100413781e-05 6.844099328009389e-06 0.0004155454997072129 0.0005790238115471408 7.266161878312378e-06 0.0 0.0 0.00019690929972422148 0.00026770181995316934 3.275124551350819e-05 0.00010674775362548812 5.352125081680449e-06 1.847208925963869e-05 8.065762660045174e-06 2.072747029565543e-05 0.0 0.0 0.00034125443678204384 0.0 0.0 0.0 0.0 0.00043642626857501754 4.7985271617783694e-05 0.00017091357526868406 0.0003117134054433324 0.0002702169394140949 0.00019553438003840635 9.242616240315852e-06 1.823077869428148e-05 5.637998283670451e-05 0.0 0.0 1.0414794595019098e-05 0.0 5.359249890490808e-05 8.814814745082912e-06 0.0 0.0003331806957678845 0.00011983428773794169 0.00018733691809135218
0.00708864029847678 0.01890775231186558 0.14301610194977837 0.0003149620342046501 0.008735903649307694 0.0005719525443487843 0.004939258010807818 0.0 0.005499556514655184 0.005372689383942209 0.1249872043675902 0.0020232951436337555 0.01605661742108329 0.08787231296311315 0.0029660729310675396 0.0018206552325186834 0.00020487150852420373 0.000717507902642618 9.486494646241149e-05 0.0009802956300806022 0.0031892778158082308 0.00010090889708767046 0.0008371127757587031 0.00048070719120359487 0.0023681106104294814 0.00020252405060019335 0.0005686247767942559 4.467189960958918e-05 7.445169143233877e-06 2.729215055496821e-05 0.177995414395196 0.18569030417331472 0.02618273567496658 0.0009771504101684252 0.0017765250583809359 0.0012379691182664563 0.013623084980575795 0.0028205437830390676 0.0024342087806283443 0.0003645315808976748 0.0013034645124772772 0.00025008564848618927 0.0034445000159550256 0.000616197266560782 0.0006430597268073612 0.0014782461646213596 0.008409964180881762 0.00026631186547983307 0.00029959749230440777 0.0035781793798457724 0.0020575135972718175 7.252654569768798e-05 5.929442520791113e-05 5.546967080453039e-05 0.00015572400143671578 0.000269556293513349 0.004627674734770589 0.032477159532620724 0.0010122798738184495 0.0014386908014938967 0.0031163821131433224 0.01552182016316445 0.0005535998243176769 0.08273549211359227 0.0001888313933172004 0.000282612735105994 0.0003124487902489164 0.0012765590367596524 0.004387892991577592 0.0034675317864460956 0.011759827782540524 0.0011590105378386241 1.1283287037363455e-05 0.008475400948461484 0.012372516682832872 0.010620214745944372 0.01136817277037852 0.01091998053810909 0.06301961850721069 0.24074469804983892 0.009026177750157845 0.13102905581702828 0.0004844729376338661 4.616441535240119e-06 0.00033316084074387327 0.00014782963342705165 0.0026445266337044924 0.0 0.00012638607257973671 2.9073207746635342e-05 0.00019482389718761394 0.00010060167814020714 0.004129495706610892 0.00048042559284100153 4.340352669914427e-05 0.003072058822545002 0.002771480040409663 6.368058113796848e-05 0.0038455979113248676 0.0076097222920933506 9.754456337698867e-05 3.431915684036789e-05 3.256405293268109e-05 1.5633234749620775e-05 0.00023135776179468976 2.5182248055873487e-05 7.075925720134134e-05 0.0 0.00036047100110475237 0.0003404223191365024 0.000257811209556208 0.0004111443502902136 0.0007495788468508354 0.001417029397988127 0.0007601242380073984 2.3689110051001264e-05 2.071794362871591e-05 1.1725111455926742e-05 0.0 0.0 0.0 0.0 1.4640016393620596e-05 0.0 0.0 0.0 3.956039675027898e-05 0.0 0.0 0.0 9.540496209027394e-06 3.998855159491189e-05 7.194532907089341e-06 0.0 0.00042573723216835445 0.00023641543118457114 0.0 0.0 1.4357782002107324e-05 0.0005847913259233134 0.00011804078668175629 0.000895629531251341 0.00064583295102584 5.593395769033947e-05 2.5790208184397447e-05 2.5855793504194974e-05 7.412248451539537e-06 0.0 0.0 0.0 0.0 4.753395862059283e-05 1.7943149529331744e-05 0.0 0.0 0.0 0.00017192328127480324 1.9814207107648553e-05 0.0 0.0 6.21302693645994e-06 4.6155993705403405e-05 8.679494039729936e-05 0.0 4.176086040611009e-05 0.0 0.0007947532726347403 0.00015477398027430997 8.328503178167744e-06 0.0 0.0 0.0 6.978647896089125e-06 0.0 0.0 2.9726364475683083e-05 0.0007152805160569857 0.0002454750551129663 0.0 0.0 6.377835062246431e-06 0.0008545209308928144 0.0 0.0005489606495669494 7.338488599876535e-05 0.00012541844727488707 4.8826045405833834e-05 2.089043641560882e-05 1.4462797443779218e-05 1.352765091442624e-05 0.0 0.0 0.0 7.467578378622017e-06 4.121303254424096e-05 0.0 0.0 0.0004486772603061219 0.0008330205275994268 0.0010328897361258297
0.0009050176310764273 0.09807924610335354 0.04199686644805654 0.004501460172941751 0.30772273574383996 0.00022805375446338525 0.12062877501327816 0.005499556514655184 0.0 0.06743358699760703 0.14339456260440575 0.00045863207750132556 0.11832667718547668 0.15527850685089936 0.00012310490309205352 5.076960110311855e-05 0.0 5.717100135807588e-06 0.0 9.66109940708665e-06 0.0 0.0 0.0 0.0 0.0 0.0 0.0 0.0 0.0 5.351758424316062e-06 0.0027244538090829954 0.0003034089369077927 0.000815293483350851 0.0 0.0 0.0 0.00027388722414445793 4.463268241514546e-06 0.0 0.0 0.0 0.0 6.8432283446832205e-06 3.323933025195777e-05 0.0 0.0 0.0015043769956616917 1.4435968128624145e-05 0.0 1.9603592968347155e-05 5.606440281642628e-06 0.0 0.0 0.0 7.018594917657159e-05 2.504652196239072e-05 0.00034879819545571866 0.0013960955977999209 8.951466155098281e-05 0.0003404941601173654 0.0 4.614307213085219e-06 0.0 0.0005997762907201985 4.2425777245642374e-05 4.281148289606012e-05 1.3227322280262417e-05 1.9378008745765356e-05 9.912459321158146e-06 0.0 0.00021044284560798807 8.809218608377997e-05 0.0 0.0012454862421965934 0.001114644046834442 0.0012457672426185791 0.00022784013639528874 2.05616929829433e-05 5.1149863337195416e-05 0.0029463195542063342 0.0 2.1279789366066805e-05 8.55963163639324e-05 0.0 6.314318350793312e-05 2.638509805628501e-05 1.3460915144049831e-05 0.0 1.9993868757302987e-05 0.0 2.2602841031128524e-05 0.0 0.0 0.0 0.0 0.0001569888293807779 0.00010983437489918558 0.0 4.326038852837792e-05 0.0003756680650262093 1.4673776404863703e-05 1.4904687943269247e-05 2.468925313745026e-05 0.0 0.00011233129778380314 0.00011011535467088129 1.3943109502112337e-05 0.0 0.0002663382671045456 0.00016921919009587705 5.6059415542038096e-05 0.00017574940685741403 0.0004660618167481637 0.000656980968111673 0.0002764008471477298 7.498051781550053e-06 7.199957508721907e-06 0.0 0.0 0.0 0.0 0.0 0.0 0.0 0.0 0.0 0.0 0.0 0.0 0.0 0.0 0.0 0.0 0.0 6.160797902754647e-05 0.00010035579330625392 0.0 0.0 0.0 0.00015537144271338742 8.601179697859411e-06 0.0002452600791736042 5.5216174273827365e-05 0.0 0.0 0.0 0.0 0.0 0.0 0.0 0.0 0.0 2.170101489129765e-05 0.0 0.0 0.0 0.0 0.0 0.0 0.0 0.0 0.0 8.552336715086039e-06 0.0 0.0 0.0 0.00027623299149809235 0.0 0.0 0.0 0.0 0.0 0.0 0.0 0.0 0.0 0.00031058729972032774 0.0 0.0 0.0 0.0 0.0002690835005438024 0.0 7.825079496375816e-05 0.0 6.953738415414221e-05 1.441889584586157e-05 0.0 1.9474547931895826e-05 0.0 0.0 0.0 0.0 0.0 0.0 0.0 0.0 0.00013006112569141813 0.0002224811857045496 0.00010049628686326438
0.07393352149391996 0.14860785098716556 0.023893803004272438 0.16125813101912453 0.08716186432388502 0.09159043547705444 0.15740793185340518 0.005372689383942209 0.06743358699760703 0.0 0.023933593984909858 0.11888712199066029 0.6697989356012495 0.061171518004075165 0.0014705286277949875 0.000312411365958506 2.4136870739484087e-05 1.3249123938240731e-05 0.0 3.4570176254108506e-05 6.424013239869622e-06 7.2963562728830335e-06 0.0 0.0 1.4762170198981816e-05 7.163319764897983e-06 0.0 0.0 1.9313550013989814e-05 7.007653751768965e-06 0.010732841160688135 0.0013689773667374097 0.0024840940335378613 0.0 1.4111927914140857e-05 0.0 0.004567827525172407 0.00013249051386889912 0.0001439481742461958 1.7702479581847732e-05 0.0 6.687868873631066e-06 3.48251137161309e-05 1.6275020052523948e-05 0.0 9.884119781489688e-06 0.019853955285283463 0.00038327062287562094 7.460491658123603e-05 0.00013912977517305835 0.0003519495700719901 6.562861427693572e-05 8.355382512913199e-06 1.6346273647371428e-05 0.0006626220522369538 0.0007546082157071506 0.008131005010196084 0.01718287818508571 0.0020075282491962988 0.0053040213737683296 1.3591673236748047e-05 2.383704872575867e-05 0.0 0.005587510612711245 0.0006232521548672115 0.0005185137616107708 0.00048593709639898735 0.00023626952541610187 2.024722578382732e-05 1.7235994128538306e-05 0.008650297812701355 0.0029671392321751508 1.4892708021924198e-05 0.018949916793654476 0.013671672166376199 0.011126775261336421 0.0021617113301524646 0.00031430287145359345 0.000165460360594834 0.00043889387171955325 6.741403969319814e-05 6.90093076059409e-05 0.0016021165220940397 1.2015398083701461e-05 0.0007794894857919762 0.0005798029336661162 0.0001594827680690993 8.269955477068882e-06 0.0002194463691240507 4.153295463208093e-05 0.0001910851122343513 3.156923670316051e-05 2.4271584050985372e-05 2.945325246432833e-05 1.3820812521409834e-05 0.025460614561870706 0.011190729144009513 6.648017485848686e-05 0.0008558518264556603 0.07015321409335142 0.0008184178106766884 0.002131186077100592 0.0011637620859586586 0.0021414168188765956 0.0011258808886171036 0.0003346347574591776 0.003166649005890681 0.00018687726191826402 0.006319653150282014 0.007003071340534311 0.002233202440959867 0.00790699516523516 0.011355820175551375 0.019210064354950047 0.006391245246512347 4.068426444078544e-05 4.587929726266789e-05 0.0 0.0 0.0 0.0 0.0 3.50734027026899e-05 0.0 0.0 0.0 0.0 0.0 2.5202522969106727e-05 0.0 4.9749635115331076e-05 0.0 0.0 0.0 0.003073805903126833 0.0027087469592631864 0.0 0.0 0.0 0.0023038239084154505 0.00025959196341806553 0.004200324455707929 0.0018166103740206874 0.0001624000413655636 0.0 0.0 0.0 5.009862133855712e-05 8.89971221572259e-06 0.0 0.0 9.092909258314477e-05 0.0002642291947470931 0.0 2.4622452662833082e-05 0.00010014463216372556 1.2841011805806796e-05 0.0 0.0 0.0 0.0 0.00023973234861804382 0.0005671716920911088 0.0003076284573908808 0.0 0.0 0.00562964909624442 0.0004966258432427006 2.267290379260857e-05 4.159830178520498e-05 6.916581385640933e-06 2.3481425040557042e-05 0.0 8.159662739163637e-06 0.0 0.0 0.006301884280477967 0.00012256051235616595 1.288948400115786e-05 0.0 1.3376015837828855e-05 0.0062842506090377845 0.00012679743414996446 0.0021027377902536797 0.00010554919429636199 0.00033222774180545885 0.0002819967213645226 3.851371066442371e-05 0.0001538471521405067 2.2026592864013805e-05 1.4543269327908065e-05 0.0 3.787198134675015e-05 9.974326671035447e-06 2.1884074660831045e-05 0.0 0.0 0.005467859158507442 0.0032525392759149277 0.003815386998817002
0.002309157137564348 0.08119049016846387 0.1057143602930441 0.000555451844623451 0.22113739866930918 0.001023405282508324 0.04012556677675785 0.1249872043675902 0.14339456260440575 0.023933593984909858 0.0 0.007405677206323709 0.1053703796986425 0.4259026750867969 0.0015451423340572719 0.0006128389884328042 5.8230547985404195e-05 2.0134466942447453e-05 1.1598710115440657e-05 0.0 9.732056693223012e-05 0.0 0.0 0.0 4.879159292154584e-05 3.3093531864994487e-05 4.74242454674826e-05 0.0 0.0 0.0 0.047378214140034465 0.009543172922052354 0.050418875939195945 1.1613270405196156e-05 2.2857441205087305e-05 3.951954038173564e-05 0.02744718970836476 0.0007327226656978508 0.0014556317727360147 1.9326713885272437e-05 5.14018115550731e-05 2.8942287204992212e-05 6.166269449378927e-05 1.7102675399928595e-05 8.391860102268824e-06 3.539107528564849e-05 0.00615439476833426 4.6048019306678235e-05 2.7498126639223474e-05 4.8861494151871615e-05 0.00016260434431746522 0.0 0.0 0.0 9.438713271911797e-05 0.00010554870419615525 0.0014192589790112016 0.007451713210374105 0.00033315056102970603 0.0011127230357466662 7.920678314207028e-06 0.002029918726320254 0.0 0.00443288759785185 9.413974179070929e-05 0.00013216169655408627 0.00010984790037998404 0.00011111444872261817 0.00012127636078887864 4.0086901581993384e-05 0.01851760664405573 0.0005027220262516008 8.228444723792612e-06 0.0039078020531999325 0.005020825370773439 0.006447978033581375 0.002490746839596422 0.0006833065910394082 9.86077586810432e-05 0.08699226578567457 0.0 0.002455918268104021 0.00026136404324049673 0.0 0.00010914952272896028 4.770870091236713e-05 0.00013101838730425618 0.0 3.724412994148435e-05 0.0 7.771948641578541e-05 1.9329396587340276e-05 0.00017004167506965893 3.979970469643946e-05 8.86823842098684e-06 0.00583190676590988 0.004163317205238547 0.0 0.00340323393281678 0.00241006380350295 0.00012567518268879137 0.0001224346093760024 0.00011414212259738905 4.619946669508784e-05 0.000197175335110775 0.0 0.00013016707636176166 1.6374761869125075e-05 0.000396148274260833 0.0003252107798209249 0.0002087961616863867 0.0005739517310084845 0.0010751744301339698 0.002243353622676751 0.0007387945010975118 6.539105105079956e-06 1.293503027991902e-05 6.78990103679747e-06 0.0 0.0 0.0 0.0 0.0 0.0 0.0 0.0 0.0 0.0 0.0 0.0 2.450865396464758e-05 2.4181997587918523e-05 0.0 0.0 0.00036782744054249044 0.0002442313675587198 0.0 0.0 0.0 0.0002836053527680142 6.9958449983800094e-06 0.0004509222528697794 0.00016263886563605193 1.912316076833127e-05 0.0 0.0 0.0 6.645671154053801e-06 0.0 0.0 0.0 1.3817994445221221e-05 2.6075293233667376e-05 0.0 0.0 0.0 0.0 0.0 0.0 0.0 0.0 0.0 0.0 8.71003150444529e-05 0.0 0.0 0.0008331747705781543 0.0001425102698003879 7.404451819973907e-06 0.0 6.030367782544955e-06 0.0 0.0 0.0 0.0 0.0 0.0006513641453233107 9.363267622384195e-05 0.0 0.0 7.422687402384444e-06 0.0007773907564762455 1.764518237050852e-05 0.00022413266875345606 2.2031572796076795e-05 5.936674435770242e-05 4.533035795632249e-05 0.0 1.824507970817856e-05 0.0 0.0 1.1323886424524994e-05 0.0 0.0 9.61015193035448e-06 0.0 0.0 0.0005593567184793513 0.0004979361958974436 0.0004624262102785884
0.001027684513533264 0.0022728174976500543 0.0018378175546740132 0.00048469760773696126 0.00039800305390419417 0.0058554500385678155 0.0004613664594428406 0.0020232951436337555 0.00045863207750132556 0.11888712199066029 0.007405677206323709 0.0 0.09605514371649529 0.009689080114473798 0.0014302730220659015 0.0005441742097998011 2.79506960918132e-05 0.0 0.0 5.8363404147526665e-06 7.512633639385812e-06 0.0 0.0 9.781489677715277e-06 6.406969867512493e-06 0.0 0.0 0.0 0.0 0.0 0.000888040798541375 0.0002696854239043307 0.0010624638942002362 1.2699070892942433e-05 0.0 0.0 0.00685023986371031 1.6474542691828794e-05 6.416182053486043e-05 0.0 9.23075104280196e-06 0.0 6.355948967528386e-06 1.0439328056864993e-05 9.49379718521074e-06 1.8907657558241158e-05 0.003061845958413056 4.2386767012990065e-05 4.7155883940528526e-05 3.231664594293604e-05 3.808988733276007e-05 0.0 0.0 0.0 7.969754415805315e-06 1.8662128368164536e-05 0.0004156443563147328 0.0005230902636503262 9.481810885220676e-05 0.0004428632189918794 0.0 0.00010272918845290829 0.0 0.0005468392893693892 4.741222791672094e-05 1.7971326161159958e-05 1.6162970204420647e-05 7.557698995846747e-06 5.0326305007249145e-05 9.629919305358667e-06 0.014423109469539733 0.0005381363377020123 0.0 0.0008120088840795118 0.0012552105576469166 0.0034003936277386404 0.0007831839198887983 0.00019848058989735653 3.476066737452912e-05 0.0007096204607400888 0.0 3.357318669633043e-05 4.71085745859301e-05 0.0 4.0434850701785734e-05 1.3902416500304567e-05 1.0319961581705641e-05 0.0 1.3303363071136547e-05 0.0 0.0 5.779702177099637e-06 0.0 2.683882438398816e-05 0.0 0.03521287337146714 0.025597400804969257 0.0 0.003299470932586349 0.003727419449162289 0.0003904610069100802 0.0006838224825400542 0.00032822696249787143 0.00033994094574217566 0.000348271037157062 5.320633573585167e-05 0.001082030129417995 0.0001207698279994832 0.002369490509588465 0.0031748968953860643 0.0008234711031229633 0.003004687002598357 0.0058649391545618195 0.00984451168486489 0.002828920801089852 6.288383514405032e-06 3.323920635022012e-05 0.0 0.0 0.0 0.0 0.0 2.526453532990661e-05 0.0 0.0 0.0 0.0 0.0 0.0 0.0 0.0 0.0 0.0 0.0 0.0007764019035914688 0.0009113042896033072 0.0 0.0 0.0 0.0009875395970276434 0.00021796038483839429 0.001138003701247234 0.0003550986162533843 3.886801732004362e-05 0.0 0.0 0.0 0.0 0.0 0.0 0.0 1.5259676058446252e-05 8.91399652582985e-05 1.1775190702704692e-05 0.0 1.0791069487620167e-05 2.4606372970657696e-05 0.0 6.298479670442432e-06 0.0 0.0 1.990650472429337e-05 0.00020002024336791555 0.00013042205191209598 0.0 0.0 0.001908908712966749 0.0002974160062647272 0.0 0.0 0.0 0.0 0.0 7.530615452681829e-06 0.0 8.484621203191533e-06 0.003140876275193618 1.5029774548650238e-05 0.0 0.0 0.0 0.002375748396755175 8.158717414794877e-06 0.0008237164758297343 5.224369357533224e-05 1.6397199556023337e-05 2.2858916553556024e-05 0.0 0.0 0.0 0.0 0.0 0.0 1.033252017005506e-05 0.0 0.0 0.0 0.002851603297630327 0.0006790082236205358 0.0009238784289974881
0.002904449106384433 0.049405156693843336 0.03321299475773271 0.0036441337001272196 0.03574423757747711 0.006391950210687966 0.16460865622393972 0.01605661742108329 0.11832667718547668 0.6697989356012495 0.1053703796986425 0.09605514371649529 0.0 0.49381486637906336 0.004149610912798774 0.001609945930717129 6.844636419097346e-05 2.3094506070900944e-05 6.809065423345079e-06 1.036513202519592e-05 4.130287048194572e-05 0.0 7.097841367711089e-06 1.1459997990080456e-05 6.15983995876446e-05 0.0 1.8865513070521554e-05 3.428850813942584e-05 1.0270011284513912e-05 1.3396695037843102e-05 0.012470062922554481 0.0016987516430454945 0.021524033954399825 7.082557400028636e-06 2.5615559966164696e-05 6.745028186925221e-05 0.01693670165661386 0.0001352642529679319 0.0002402289454058702 7.238314870995856e-05 6.364110053760847e-05 1.5924295533808172e-05 4.013191003543407e-05 8.539387606815351e-05 4.058057199433448e-05 1.3722590566123912e-05 0.01350028921277808 0.00010506374728823843 8.57405315620257e-05 0.00011706120898928098 0.00022367748864536447 7.476064729860582e-06 2.685351821228313e-05 2.0218908730029768e-05 8.658990963741285e-05 0.000172769440199488 0.001570312146049848 0.005627195896447439 0.0004312454509536065 0.0021860444300395086 2.5570761227887376e-05 0.000309580029989487 0.0 0.0035857572527978805 8.12721305763051e-05 0.00012257465092111808 0.00012830710661227874 7.754663385495796e-05 0.00014551113684587464 6.555632679092186e-05 0.019092788235643435 0.001465757326525704 8.715058243831394e-06 0.0059572746149273775 0.007687017536664937 0.013695917543374089 0.0037553016257575993 0.0006204557206410032 0.00011782331343403749 0.004369965605561557 3.112851914012026e-05 0.0001752000494974279 0.0003810216370048484 0.0 0.00012812852933227647 0.00010625754190720883 0.00010881978808239358 0.0 5.8421181363375444e-05 0.0 2.6867828862982016e-05 6.570355876687931e-06 0.0001418436481647246 2.385731491998074e-05 6.220687276114156e-06 0.05909408540498268 0.011604642465017434 0.0 0.0020789386825344667 0.005328385782706687 0.0009697663149450526 0.001345860410589437 0.0007459759862338353 0.0005072711478427162 0.0009333651830572569 0.000308970756502544 0.0018279093855652453 0.00023992949693293902 0.0059667818100204864 0.00525561307500227 0.0021481061975158447 0.0076215093603837466 0.012850770584754891 0.020901030988412908 0.006851451607102113 6.015667070820116e-06 0.00023147949708751493 6.665978189959766e-06 0.0 0.0 0.0 0.0 0.0 0.0 0.0 0.0 0.0 0.0 0.0 0.0 0.0 0.0 0.0 0.0 0.0022641771562840855 0.0024718791022602625 0.0 0.0 0.0 0.0022400891280684792 0.00021858512539225437 0.003640535140736098 0.0013694669309543862 0.00015072607930031193 0.0 0.0 0.0 6.8923044462815075e-06 1.338076448664823e-05 0.0 0.0 8.361213971140595e-05 0.00015428590058370892 2.670194600434522e-05 0.0 1.7620251505311488e-05 8.290197900513142e-05 0.0 0.0 0.0 0.0 0.00018464496607044863 0.0005502044357836908 0.00012979677949855463 0.0 0.0 0.005336498072304802 0.0007833293461116535 2.661431168198939e-05 0.0 0.0 0.0 0.0 1.0648807348028558e-05 0.0 0.0 0.006608502722108381 0.0001593035933073843 0.0 9.953799365373655e-06 8.435311982768324e-06 0.006836832579662847 0.0002590744997420372 0.0016996600373541068 9.266404869160329e-05 0.00033113950733691064 0.00017818881271983186 7.261732024075031e-05 0.00025275650508901914 0.0 1.0189621083752848e-05 0.0 0.0 5.9357592149347806e-05 3.5701330284579596e-05 0.0 0.0 0.005328527598341128 0.002803562451953148 0.0028884361807254145
