0.0 0.08395837468003117 0.05845861964569422 0.04565083833340637 0.0004310327329887058 0.00884882107768664 0.02723450495016979 0.008103834339980057 0.0007297851760903302 0.03912175662288424 0.004191970987296475 0.008359503219042634 0.009238908407402506 0.0043276495306828556 0.00022630315074273263 4.555575427198588e-05 2.3291261686509296e-05 1.827238974096737e-05 7.669919443066344e-06 6.648176460701284e-06 0.0 4.1673965275728156e-05 0.0 0.0 3.5316848136497305e-05 0.0 3.7072277670506136e-05 8.6655336169943e-06 0.0 0.0 0.06184804687040169 0.0002935860115679985 0.0018614333739315374 2.031839623747268e-05 0.0 0.0 0.0008789043147375698 0.0001645719191042821 0.0003071591808222796 2.3315575464704686e-05 0.0 7.216262374090213e-06 0.0 0.0 0.0 0.0 0.005579649428372865 0.0002711618164195414 9.190186402960192e-05 2.463934885849359e-05 0.0001579670106558166 0.0004316288658089304 5.958344482173814e-05 9.789514542182706e-06 0.0014798450939003092 0.0012311700674668875 0.012055551618069893 0.033675631479946816 0.006533634126394985 0.001384571175266192 6.437587345002814e-05 0.0007387035961908921 1.1212860020918637e-05 0.0013291832300510074 0.0005694237828991857 0.00026405907279803927 0.0002938380137267803 0.00027316939549979635 2.1028553359594514e-05 4.865099821237132e-05 0.006495818407802473 0.004965651477284136 6.95947496692328e-05 0.02358906962951266 0.0036948647859585725 0.005227527055817871 0.0010290923144904084 0.00013543889858426156 4.295985596847545e-05 0.0018752247302283684 8.029175923398305e-05 0.0006726260736557462 0.00204963371127694 2.53875680202499e-05 0.00018042693541151915 0.00037206776719427384 0.0002787253349969302 0.00014453257114062408 0.00021555975638468415 0.00043557472042544916 0.0001522017057196762 0.0003004100434332181 9.352742768600926e-05 6.1010563110354705e-05 6.566774415723451e-05 0.008139600733281415 0.005230422613965198 0.0006652694649185275 0.00047689734284546057 0.07066926575767439 0.0 0.0 0.0004517923392691954 0.00016125436951780052 0.00023025023444702152 0.0011713825105900964 0.00018293972625279482 0.0004808188553400408 0.0010759661337263174 0.0009259307804904425 0.0005140823827482836 0.0020940335953360156 0.0012674690159959307 0.0013908190623188401 0.0011595586274923363 0.0 0.0 0.0 0.0 6.988682318136646e-05 0.0 0.0 0.0 0.0 0.0 0.0 0.0 2.4192107266939124e-05 0.0 6.288266579789124e-05 0.0 9.91949173339358e-06 2.82907217753945e-05 1.7618810337513138e-05 5.648793393482652e-05 1.1798910714042436e-05 0.0 0.0 0.0 0.0003513710443422864 3.762342227095748e-05 0.00047799918112317717 0.0002211571813302815 4.97793548961578e-05 0.0 0.0 0.0 0.0 0.0 0.0 0.0 0.0 0.0 0.0 0.0 9.993595676788754e-06 1.1562757861076663e-05 0.0 0.0 0.0 5.255652483582777e-06 0.0 0.0 0.0 0.0 0.00014750454659612645 0.0008286171796219229 0.0 0.0 0.0 6.233938838985046e-06 0.0 0.0 1.5115671313783491e-05 0.0 0.0 0.0007064712028201234 3.0305173440346576e-05 0.0 0.0 0.0 0.00019380539706471685 0.0 0.00019804732887592115 0.0 0.0 0.0 0.0 0.0 0.0 2.4542275661008824e-05 0.0 7.773825028667147e-06 1.2694480235524315e-05 0.0 0.0 0.0 0.0005793084649086335 4.5796583327226874e-05 0.00011762821914270396
0.08395837468003117 0.0 0.22105354483811665 0.022578901356276805 0.1185207072720904 0.0038201101521020252 0.12890910255214844 0.1537306146054257 0.20449778718631043 0.01595643125958893 0.17574894730835616 0.0025411968911651446 0.06973011248908785 0.13874663805390708 0.002044176017892916 0.00032915126890733056 6.817775061225351e-05 5.246974196312057e-05 6.202013477408011e-06 6.875709723711653e-05 6.418054640932216e-06 0.0 0.0 1.0178092830916182e-05 8.403397693965168e-05 8.785888365083842e-06 2.13261554476603e-05 0.0 1.6540432433653438e-05 7.720156924066757e-06 0.17248061615873228 0.003698713553978746 0.0035173943348585845 1.6000694386118093e-05 4.4546278976987104e-05 7.051132757312069e-05 0.00020852270531429852 0.00020161614213784078 0.00021614216361846416 6.930979043662422e-05 0.0 6.60918892055257e-05 7.185451694629257e-06 0.00020946945435973419 0.0 4.5889554412069944e-05 0.02416733634694038 0.0008809386539187222 0.00025678957262890344 0.0001193843583009725 0.0004654537699088934 0.0 9.283649844388417e-06 3.7884399604835724e-05 0.0033751247853720722 0.0031501341524650616 0.01572313236749306 0.05670676791352126 0.009446277013730167 0.004266111629654914 5.679884109125705e-05 0.00028277486690308243 4.2253604098815774e-05 0.010136729032252177 0.0011170323735908818 0.0007396184451264487 0.0006737827153338106 0.0007576150064428208 0.00014155774533524459 0.0002502035029781427 0.0006061558573203649 3.0968068659155576e-05 0.0 0.04337005137251728 0.011727634697016098 0.01915340281164134 0.007249397076093898 0.001087969008592608 0.0005136931468847095 0.019799910420264855 0.00019725174371201362 0.0005591130372277074 0.0048121035488954324 2.5760326892932852e-05 0.000594712713662671 0.0008422531756172203 0.0004178468737694884 1.952665551581477e-05 0.0002822378704685186 7.796949915673547e-06 0.0003284877372426532 9.739428519838749e-05 0.00021128957513771602 9.751722798789496e-05 0.0001106946655080181 0.001958431218286848 9.888186842120637e-06 3.3521456501382885e-05 5.414988845402013e-05 0.0486408188559248 1.2212814910271346e-05 0.0 0.0 0.0 0.00018149930134979115 0.0007020665799847311 0.00017490858332515759 0.0004241281863407364 0.0009487550053151976 0.0004029603214223081 0.00015111117247274108 0.0014332356913826718 0.0006585244301574485 0.00170162954339497 0.000947318111011906 0.0 0.0 0.0 0.0 0.0 0.0 0.0 2.356144764485921e-05 0.0 0.0 0.0 0.0 9.51366117509337e-05 0.0 9.376510130962898e-06 0.0 9.629703242296817e-06 0.0 0.0 1.4616322069523002e-05 8.800088065049836e-05 0.0 1.5054878107501685e-05 0.0 0.0007834788637532638 2.4903719196094557e-05 0.0003761245849884321 9.198151252449362e-05 4.0705771354242345e-05 0.0 0.0 0.0 1.0077623022323199e-05 0.0 0.0 0.0 0.0 0.0 0.0 0.0 0.0 0.0 0.0 7.012097754277137e-06 0.0 2.0218728814480594e-05 0.0 0.0 1.8680505629508885e-05 1.0751912425869376e-05 1.3722549026014611e-05 0.000902689264649826 3.515065691770385e-05 0.0 0.0 6.664403511312061e-06 1.6633293235568705e-05 7.2819384343016835e-06 6.610650375482293e-06 9.272458703920186e-06 0.0 0.0012837838466638325 0.00014121347347042693 0.0 0.0 8.125730636520155e-06 0.0004846916753452915 0.0 0.00024061129799266253 0.0 0.0 0.0 0.0 0.0 6.419625914983037e-06 1.3832015138676202e-05 2.0853893545695404e-05 0.0 1.8697430966882167e-05 0.0 4.2557972611377226e-05 0.0 0.0008042581400761429 0.00011504324554847636 0.0002639675493054588
0.05845861964569422 0.22105354483811665 0.0 0.00035283059921053785 0.023363582483797066 4.4588735842828673e-05 0.004953526615070152 0.29268821052146055 0.038511974690726064 0.0004864300836885412 0.15148640323160592 0.001017936837665803 0.01947236573758956 0.09598180386196277 0.0004023899350276587 0.00017790436649420534 2.4567420683889024e-05 1.600094690310232e-05 0.0 5.1473429502430115e-05 1.2509210070220688e-05 0.0 0.00016276896638918288 0.00010474082726872889 0.00013725122947095042 0.0 7.992996938989038e-05 0.0 1.178855030291823e-05 1.0819071636857578e-05 0.2465029844116317 0.02923166553420999 0.0036762076036222723 2.2449632884902615e-05 0.0001835788127273769 6.748013482345433e-05 0.0008295109083461242 0.00034487301602642773 0.0003053267640131884 8.615830750523345e-05 4.336714885778471e-05 2.6699701411747602e-05 3.5138197523565864e-05 1.905220856892515e-05 0.0 1.9560875174562763e-05 0.0029469784348880317 8.396204721902474e-05 2.8734377625772974e-05 0.00012269384486554552 0.00014702747553396408 1.15357540039881e-05 1.0307411416604931e-05 0.0 0.00019715021333208685 0.00022672205425990834 0.002687848726040761 0.0183032186877131 0.0014252616028639273 0.0003185202677975976 4.0205053364859195e-05 0.0006595627887573755 0.0 0.0045853094551473106 8.279878804995132e-05 0.00011242107311042768 8.850959879021441e-05 8.107288702753249e-05 0.00028487248580980024 0.0009689521671178621 0.0005999525122023707 0.00037632963187166763 0.0 0.004301526305447803 0.001251646898529012 0.002018322287028881 0.0014295645216495483 0.00024328846656851227 0.0018842433763813316 0.043164093356468605 0.00020349020363569781 0.0029888044720757503 0.0004353632451812724 0.0 3.0079497465522224e-05 4.517668299003809e-05 9.066088167880631e-05 0.0 4.8274461891740674e-05 0.0 3.362282712566653e-05 1.3392103239094467e-05 0.00034781963413864684 8.510173006256491e-05 2.653683414101179e-05 0.000927681643589763 0.0 1.8685102469303355e-05 1.0291062745569098e-05 0.005200544794600206 0.0 2.1420121140216746e-05 1.0715118124563851e-05 0.0 0.0 0.00016780771915149504 0.0 0.0 0.00017741131007625985 0.00015989562355237799 4.9128257373919955e-05 0.0004827157670482663 8.033090864267203e-05 0.0008140643171318988 0.0007415187596298724 8.252787391507345e-06 0.0 0.0 0.0 0.0 0.0 0.0 1.4702251022550891e-05 0.0 0.0 0.0 0.0 4.062210113987131e-05 0.0 0.0 7.677753138325953e-06 0.0 1.3989813002118489e-05 0.0 2.984506482009389e-05 7.106295865527224e-06 0.0 9.049507851162334e-06 0.0 0.0010907118826030935 0.00012671055420181553 0.0008926695221276724 0.0002797705440219008 0.00020791882125333983 0.0 0.0 0.0 0.0 0.0 0.0 0.0 0.0 7.66029133119639e-06 0.0 0.0 0.0 8.278766235776267e-06 3.680723893590814e-05 0.0 0.0 6.279399626257332e-06 0.0 0.0 0.0 0.0 3.100509847119945e-05 0.0017005448633886616 8.909679405521973e-06 0.0 0.0 0.0 0.0 0.0 0.0 0.0 8.987827743391032e-06 0.0008887705861975044 8.850175272677601e-05 0.0 0.0 8.960723910190348e-06 0.0002589340313748319 5.638882565658521e-05 0.00016483619204247488 4.146911628335375e-05 0.0 0.0 0.0 9.096171959165566e-06 0.0 0.0 0.0 0.0 0.0 7.038930002884583e-06 1.6333731306500858e-05 0.0 0.0004320672249867295 0.00023536273505224707 0.0006715241601382751
0.04565083833340637 0.022578901356276805 0.00035283059921053785 0.0 0.003242110609496464 0.02382110317806819 0.044962912828220035 0.00011694283599809773 0.018606824005824942 0.11812082632159693 0.0004315083863483711 0.07157456983672654 0.14789710252002727 0.023266310962049598 0.00016034236371734948 8.673418743264159e-05 0.0 8.343602805850385e-06 6.199968605176572e-06 0.0 0.0 0.0 0.0 0.0 0.0 0.0 0.0 0.0 0.0 0.0 0.003283183535907702 7.223149285261211e-05 0.0005570151585892344 0.0 0.0 0.0 0.00031595640462325124 0.0 0.0 0.0 0.0 0.0 0.0 2.213013087487431e-05 0.0 0.0 0.001671025788719068 6.872120065945697e-05 0.0 3.6046409385164095e-05 7.309450417403399e-06 0.0 0.0 0.0 0.0002440375932453895 0.00027021472415714355 0.0013475266615804306 0.0023284780224853622 0.0005796384525575965 0.0002858531504629213 0.0 0.0 0.0 0.0002858483521248802 8.13547794671348e-05 4.7068732973306044e-05 4.3630091701413634e-05 3.498504288058862e-05 7.851090072432197e-06 2.3409823048670053e-05 0.0007511831978717009 0.00010240387637174803 0.0 0.0032906391684072735 0.0009146033746427535 0.0011255174853686699 9.380132461334569e-05 0.0 1.6925806333391175e-05 3.176065969310731e-05 0.0 4.514108118730705e-05 0.00036595005986176445 0.0 1.812412774339468e-05 2.5951218910850587e-05 1.3632825618793144e-05 0.0 2.0104216484860768e-05 9.82719419895537e-06 2.1261562633777077e-05 1.4517225128778944e-05 0.0 1.1558221831494727e-05 9.663227190986232e-06 0.005437914351181755 8.623069742518059e-05 0.0 0.0 0.02765426900966929 0.0 0.0 0.00037041389586859404 0.00011108139269265494 0.00022598211198648604 0.0009024227680161493 0.00028004755154621035 0.0009958409877752299 0.001804330675545777 0.0016203715284361904 0.0005968262906121103 0.003588282926928864 0.0012427995959720013 0.002577380474990911 0.0011225434299977626 0.0 0.0 0.0 0.0 0.0 0.0 0.0 0.0 0.0 0.0 0.0 0.0 3.256951282084314e-05 0.0 0.0 0.0 0.0 0.0 0.0 6.813820284513837e-05 2.5234657133463553e-05 0.0 0.0 0.0 0.00030715381818607993 0.0 0.00028863467039415015 7.872186062771464e-06 5.819411595748125e-06 0.0 0.0 0.0 0.0 0.0 0.0 0.0 0.0 0.0 0.0 0.0 0.0 8.529180629602137e-06 0.0 0.0 0.0 7.003646680758137e-06 0.0 0.0 0.0 0.0 7.399243395630719e-06 0.0003420526517682541 0.0 0.0 0.0 0.0 0.0 0.0 0.0 0.0 0.0 0.000997602455557206 7.593575004078073e-05 0.0 0.0 0.0 0.0004556169171929619 7.53328621335577e-05 0.0003340737839790777 0.0 0.0 0.0 0.0 0.0 0.0 0.0 0.0 0.0 1.4569160657663077e-05 0.0 0.0 0.0 0.001140060219866263 4.194075204626593e-05 1.650394630613683e-05
0.0004310327329887058 0.1185207072720904 0.023363582483797066 0.003242110609496464 0.0 1.5642540786598262e-05 0.12718245582852294 0.060376137499444774 0.3186867326046293 0.01140123417240371 0.07081398579793945 0.001441919742740062 0.023863229299225186 0.009944827811139383 0.0010128554564291681 0.0002769613265848879 1.64065144314663e-05 6.940056204700056e-06 0.0 8.8782621699581e-06 0.0 8.562850935074243e-06 0.0 1.0894269133396685e-05 0.0 0.0 0.0 1.4195970960084592e-05 0.0 0.0 0.014178104008521451 0.002140649677700897 0.001360072620601968 0.0 7.471062833329835e-06 1.019626890037255e-05 0.00020645381511027376 7.411263925556933e-05 2.1283605305136797e-05 7.816543172286278e-06 0.0 1.3184884709794617e-05 1.1643328815971921e-05 7.098950919467292e-05 0.0 1.1299715556676396e-05 0.012378302163762199 0.0001661485284782415 8.827720122554263e-05 4.049638427092287e-05 5.463753585509532e-05 7.163011180184192e-06 2.5238514974573572e-05 1.0640319501791663e-05 0.0006082236287195473 0.0005138849531171784 0.0010935016644777736 0.00427838232918808 0.0007948995504056073 0.0010501065547750643 2.8847091931396957e-05 6.208412979265374e-05 0.0 0.004142440613116082 0.0002095187209386973 4.946805144266427e-05 0.00018107850447057443 0.00012461584078643867 0.0001056922236573559 3.203369290928956e-05 0.0004488405734178836 1.0381000019215975e-05 0.0 0.005481399565128525 0.0025140371816245975 0.006088092328698817 0.0037233136153172206 0.0009245547726701148 8.698589378581331e-05 0.002954732632132254 6.153476620995236e-05 0.0001298094106810978 0.0007237658467981711 1.3716170137788608e-05 9.487523193590309e-05 0.00014645737051538287 8.351800924345486e-05 0.0 6.305671544830193e-05 8.631081539552665e-06 1.883728054149467e-05 2.234597672424133e-05 3.0008480413424003e-05 2.4119684365181787e-05 1.844154468461037e-05 0.0020798072780185166 6.874963922528855e-05 0.0 1.2506088135750414e-05 0.0008382239749356838 0.0 0.0 9.254940415440692e-05 3.8064472042990586e-05 7.445490902144062e-05 0.0003342000970973134 0.0 0.00017890590244908376 0.0007286354162730968 0.000583830985862597 0.00014520612566821207 0.0016474255152995319 0.0004558327862326642 0.0016729980386118663 0.0013768580676887109 7.532438890038503e-06 0.0 0.0 0.0 0.0 0.0 0.0 0.0 0.0 0.0 0.0 0.0 1.105991202959583e-05 0.0 1.4555504642224337e-05 0.0 0.0 0.0 0.0 8.908262424501923e-05 6.900133784834849e-05 0.0 0.0 0.0 0.0009008028684703006 8.065946467493682e-06 0.000742134997440108 7.485518451529237e-05 8.43461482270257e-05 0.0 0.0 0.0 0.0 4.4764067145769515e-05 0.0 0.0 3.092721038042638e-05 0.0 0.0 0.0 0.0 0.0 0.0 0.0 0.0 0.0 0.0 0.0 0.0 0.0 0.0 0.0013793515497414872 0.00015790170461028812 0.0 0.0 6.341705357740571e-06 0.0 0.0 0.0 0.0 0.0 0.0015197235660187886 6.527627016863498e-05 4.593060079018535e-05 0.0 0.0 0.000623274863883046 7.92407521098502e-06 0.00010725778876297055 8.110011196581746e-06 0.0 0.0 0.0 0.0 0.0 8.035244009597389e-06 0.0 0.0 0.0 0.0 0.0 0.0 0.0009006637929375461 0.00020936734370608452 0.00024031853340853736
0.00884882107768664 0.0038201101521020252 4.4588735842828673e-05 0.02382110317806819 1.5642540786598262e-05 0.0 0.003646416763990166 0.00013291661774244605 0.0002250173672408684 0.029950402381070194 8.348687054958482e-05 0.004541093193709052 0.007578176492612981 0.002250019157781378 6.018901043967549e-05 0.0 0.0 0.0 0.0 0.0 0.0 0.00014620220674089042 0.0 0.0 1.055097074732027e-05 0.0 0.0 0.0 0.0 0.0 0.0024758648106202696 9.626889687751763e-05 0.0030122639250186357 0.0 0.0 2.2898705997603884e-05 0.0007617577887485209 0.00020714912938713103 0.0005546904238455414 0.0 0.0 0.0 0.0 0.0 9.486547756554099e-06 0.0 0.00012024177817488659 0.0 0.0 0.0 6.9772297968227e-06 0.0011069077628265433 9.708699006551298e-05 3.235841377543877e-05 5.108768352664624e-05 3.425849637550901e-05 0.012599173389190794 0.0014313615670132388 0.00025012565405326925 3.11333095895431e-05 0.0 0.0007350834178823359 0.0 1.4571722416701003e-05 0.0 7.249456504677778e-06 9.300539623247592e-06 8.54520721264789e-06 8.129624036144281e-06 0.0 0.009287645126370226 0.012457469494755197 0.00024061142476649542 0.00042729023596833215 8.974736541451702e-05 6.0625300008885556e-05 1.0394365897793253e-05 0.0 0.0 0.0012726561467074921 0.0 0.0009387329628271248 4.961825575965236e-05 0.00016746874962800538 1.0698561255851234e-05 0.00011011960445711589 0.0 0.0004489653245382026 0.00019271987344554435 0.0012047981609290667 0.0001269720118333046 0.0005127235610277659 7.143349383247164e-06 4.979941195947625e-05 0.0001737739781343634 0.010259285687732243 0.008985896840320022 0.0015270203586358522 0.0008446495035640084 0.02146301357208907 0.0 0.0 3.560054942225189e-05 0.0 0.0 0.00030554893773204376 2.4450315674784223e-05 3.1711714686793506e-05 3.297731022878007e-05 0.00028622192987406915 1.0214027543793771e-05 0.0004016367685943747 8.042240688355404e-05 0.00029680992785672937 0.00015184815514404022 0.0 0.0 0.0 0.0 0.0 0.0 0.0 0.0 0.0 0.0 0.0 0.0 2.815325874395332e-05 0.0 1.0659710744817019e-05 0.0 0.0 1.0875633379960872e-05 0.0 9.965214829124984e-06 0.0 0.0 1.7633241425491217e-05 0.0 6.669711263718238e-05 1.7122324841990068e-05 0.00010613299153798006 9.396791779795083e-05 6.34890265866585e-05 0.0 0.0 7.698006546483162e-06 0.0 0.0 0.0 0.0 0.0 0.0 0.0 0.0 1.3480675890344963e-05 2.4448795419471033e-05 8.939883528880012e-06 0.0 0.0 0.0 0.0 0.0 0.0 0.0 0.0 0.0001170546541260981 1.9134836764230666e-05 0.0 0.0 0.0 9.015965350204689e-06 0.0 0.0 0.0 0.0 0.00014625134396931675 7.575377187240615e-05 8.758802053469816e-06 6.964886869701934e-06 6.788419755672865e-06 9.797478618660698e-06 0.0 0.0 0.0 0.0 0.0 0.0 0.0 0.0 0.0 0.0 0.0 0.0 0.0 0.0 0.0 0.00010592105660982383 7.633031504340347e-05 0.00012347559209871756
0.02723450495016979 0.12890910255214844 0.004953526615070152 0.044962912828220035 0.12718245582852294 0.003646416763990166 0.0 0.002250775839869491 0.11449569054910348 0.07090754156215383 0.02264435710469567 0.007693235536963882 0.2788775433330245 0.08019822901160395 0.0009470519364662199 0.000187884395309511 4.386633422367585e-05 0.0 0.0 1.0981699789469538e-05 0.0 0.0 0.0 0.0 3.873278349344082e-05 0.0 0.0 0.0 0.0 0.0 0.01015739780044333 0.0010185290724483364 0.002198662940994276 0.0 0.0 8.377090165344127e-06 0.0002814315486947145 7.255392199829424e-06 2.8625275859045755e-05 0.0 3.0430823830333865e-05 0.0 1.786714017786719e-05 2.8992395357527935e-05 0.0 8.951756980546433e-06 0.010353852686099696 0.00021599470142978844 6.373988211219558e-05 7.225238579868239e-06 0.00012629062876386483 0.0 7.5089341968742e-06 0.0 0.0008591772287612638 0.0007972106420173813 0.002329094623610851 0.006926790779955814 0.0014737801476726198 0.0014013211349558578 7.813279519100365e-06 0.00010799060335800752 3.2842833081842146e-05 0.0034892438295804407 0.0002792474860095254 0.00016924891397363025 0.00019396396175524588 0.00017661954874097062 2.262040445258544e-05 6.859494113666282e-05 0.000668934434586677 0.00016541814216897933 0.0 0.009795066509948418 0.003887272723627481 0.006903100716134755 0.0034870127327725656 0.0010745384197037545 0.0001018735164958023 0.001410044741810475 3.092725469973382e-05 0.0002222240800181747 0.0013095487781266716 0.0 9.200543464369305e-05 0.0002017307188850587 7.874396668599076e-05 0.0 7.627713032845863e-05 7.3611870247448565e-06 3.125220746923589e-05 3.898957574481112e-05 3.494468963582787e-05 1.8352110383568808e-05 3.7841866983898884e-05 0.0057815737953183545 0.0002291650751737834 0.0 0.0 0.008182847083682693 3.1328917490976425e-05 8.563958402419346e-06 0.0007344773389849773 0.0007435484684740787 0.0005315032213161866 0.0018459389431169809 0.0005337451949066518 0.001268185667442614 0.003411638260993416 0.002570731755876364 0.0008549112238360104 0.006409208109325018 0.003209223138626581 0.004883039992934222 0.0039829220458631855 1.8152712150668174e-05 0.0 0.0 0.0 0.0 0.0 0.0 0.0 0.0 0.0 0.0 0.0 5.159086278361441e-05 0.0 0.0 0.0 0.0 0.0 0.0 0.0004229687520309628 0.00027154475121134793 0.0 3.6311422868063664e-05 0.0 0.0014457347038894562 1.4849932231059864e-05 0.0014392689755879245 0.0002695502854926861 9.912237796516125e-05 0.0 0.0 0.0 0.0 0.0 0.0 0.0 1.538897044581036e-05 0.0 0.0 0.0 0.0 8.453429657060871e-06 0.0 2.004564697406249e-05 0.0 7.028586082665471e-06 4.6446449700331425e-05 2.1597546788104296e-05 0.0 0.0 0.0 0.002153211086123801 3.0482572290513356e-05 0.0 0.0 8.412596630030098e-06 0.0 0.0 0.0 0.0 3.186537797112469e-05 0.0040454598059270945 0.00014522114476002486 4.844784572185828e-05 2.3598571764266575e-05 1.0000989786359496e-05 0.001557422187332307 5.9822992739789785e-05 0.00030428240323914846 6.978147206486616e-05 1.4828517760116003e-05 9.82468758138135e-06 0.0 0.0 0.0 9.874810656727685e-06 9.669316457691544e-06 6.809772385722629e-06 6.29159413523227e-06 0.0 0.0 0.0 0.002586350446176132 0.00027203276656574297 0.0003780842631428018
0.008103834339980057 0.1537306146054257 0.29268821052146055 0.00011694283599809773 0.060376137499444774 0.00013291661774244605 0.002250775839869491 0.0 0.030879598725630175 0.00034684655993993534 0.2032365619691687 0.00046851819389368384 0.014339236342249527 0.13148970540307442 0.0042738121778621435 0.0021891811421030478 0.00026132852007036114 0.0002563606230584818 2.3390983220283725e-05 0.0007696427454712643 0.0004798236271563602 0.0 0.0027434839673226865 0.002369057260670854 0.0007504765636191795 8.254548310966728e-06 0.00042496491528216755 4.046204505311295e-05 2.5799743763488828e-05 2.030126167174105e-05 0.15150733612740916 0.20074470456686547 0.008146314825435794 0.000814089464731483 0.002409980953667142 0.00036287450348535525 0.0012737946535433626 0.0009718284448204328 0.0004251427738163138 0.00018086244166273734 0.000772995932934332 0.0008723616367808332 0.0014844211515469728 0.0016557547117537622 8.724821718981967e-05 0.0013531767533234852 0.020379484924184548 0.00028685718685128434 0.0005359216856896995 0.0025148568610315262 0.0008124702768712571 9.577309575455587e-06 1.7067783750101363e-05 4.968417557605472e-05 0.0006564260227793309 0.0005858250722904417 0.002920262886747173 0.01848335811398581 0.0015718393477103495 0.0010951445760509972 0.010498468873859256 0.006193134251035446 0.0009406109805961813 0.0301140738874803 0.0002229671344345924 0.0003235223468483478 0.000222800955068637 0.0009627212471451905 0.0052330150728843155 0.017400108612785195 0.0008108206210331915 0.0008773579759659294 0.0 0.007060528591691755 0.005112100579156637 0.009176972333986452 0.015753566043734634 0.019100025650926084 0.16075554552741952 0.10965586417727734 0.04856812077249555 0.142803242123874 0.0009049943592408947 0.0 0.0002222209251018942 0.00012112027806357567 0.001289430638164505 0.0 7.64469356321712e-05 1.3794791043156712e-05 0.00014609828775642925 0.00015444846064193655 0.00691281537536668 0.0009808014889827496 0.0007191399469368883 0.0017904346731186392 6.347045731218384e-05 7.047336654027986e-05 0.00012294064259774835 0.0015866305779880293 1.4148608565318856e-05 0.0 7.188899221406949e-05 0.0 1.2943806229614096e-05 0.00011256663987569935 0.0 0.00010627039066716405 0.0003737477333158989 0.00019441348991385956 3.800776497378617e-05 0.0004111985282770099 6.872609742758779e-05 0.0007332953353255629 0.001463453347074353 4.17628383706558e-05 1.5981338701606843e-05 0.0 0.0 0.0 0.0 0.0 1.7535705451982296e-05 0.0 0.0 1.0171043999670814e-05 0.0 0.00022203760910884405 0.0 2.8891511214944507e-05 1.9818968661413002e-05 5.201278877448913e-05 0.0 0.0 0.00015441643169686193 3.6108542477484646e-05 0.0 9.025337337704932e-05 1.5467685658541957e-05 0.0021138592278691077 0.0003145064897197078 0.002011118058377441 0.0006109450114733125 0.00044136315385598146 1.5681454169208136e-05 3.978002914519027e-05 2.0442991724874854e-05 1.7894223397436514e-05 4.822533909285634e-05 0.0 0.0 0.0 6.263768309593012e-06 0.0 0.0 4.011257288444262e-05 2.03899234769472e-05 4.5485629790125774e-05 0.0 6.458243491982822e-06 0.0 2.6089888870408213e-05 6.6733431278944155e-06 8.477478034752432e-06 7.448956568917362e-05 0.0001913757523362347 0.002831350835148293 8.621307173968168e-05 0.0 0.0 9.924535373647889e-06 0.0 0.0 0.0 1.8325793475745495e-05 8.451090370639458e-05 0.0013764170591439408 0.00013105531711308575 2.1049073714277905e-05 6.991787143292886e-06 0.000232090313858232 0.0008171897296371279 0.00021617083048026313 0.0006417929722326142 0.00010482348174641438 8.384195168734967e-06 7.854299614835774e-06 2.311882505275293e-05 8.79600450467637e-06 2.8816849157480114e-05 5.7452128296486675e-06 0.0 6.141793330078159e-06 7.853263779859669e-06 4.7863191602259475e-05 8.282321674914157e-05 7.743271091984846e-05 0.00031054125571300167 0.0006411963627221643 0.0013639379176624518
0.0007297851760903302 0.20449778718631043 0.038511974690726064 0.018606824005824942 0.3186867326046293 0.0002250173672408684 0.11449569054910348 0.030879598725630175 0.0 0.006551949269322744 0.08197737053306149 0.002359658077606752 0.08645605785272015 0.07834577789870469 0.0018016787828893665 0.0007130950716867184 3.184932098297268e-05 1.3677850943102843e-05 0.0 1.4125741348704525e-05 1.3343741598548291e-05 0.0 0.0 8.062549237976516e-05 3.158581074914042e-05 0.0 3.342153398470265e-05 0.0 3.970507901222755e-05 0.0 0.006510984455223928 0.0016243641692964782 0.0054461144722911465 1.9267983816604745e-05 8.770525025627268e-06 0.0 0.0009144226539058921 0.00011836006232036286 0.0001007242014176659 5.186485865638142e-05 2.662109390523988e-05 1.5702747535067724e-05 1.4413190192641325e-05 0.00018121795156403456 8.93169888654641e-06 3.315269615784402e-05 0.010694570094534332 5.799405499633223e-05 7.333407528242095e-05 5.446526258436753e-05 8.972920789732888e-05 0.0 3.444263433710989e-05 9.966311474313622e-06 0.0005338987582148709 0.0003629740606254195 0.0003440716518309669 0.0012771982284515986 0.0003407050495319477 0.0005828037921207582 5.3625652372612286e-05 8.064454040582833e-05 0.0 0.0019027025982855197 7.077407716395556e-05 4.984235324565491e-05 5.836153111063703e-05 7.996680852584412e-05 6.1492984440538e-05 0.00013811177591740181 0.0011703786056136334 0.00012761864032026247 0.0 0.002454637237803251 0.0014723342127459522 0.004063506948972111 0.005063973398053616 0.0021386729793864494 0.00025301419686650213 0.00310430210905382 6.181896531490442e-05 0.00033795058653790814 0.00039027917511423235 0.0 4.103403003487463e-05 7.743486504432615e-05 4.98095080007782e-05 0.0 3.400939919272738e-05 1.763629069691093e-05 2.9523770454818368e-05 1.354279197641964e-05 0.00010035540860765763 1.0037385213898095e-05 3.40303926302506e-05 0.00781853527825949 0.00030519775050924383 8.95527675810206e-06 5.8570151882210506e-05 0.0007173808868270548 0.0001367208314597867 3.9231779729264185e-05 0.0004943103286504949 0.00024612181226103824 0.0005520515136541649 0.002099807504401888 0.00040907774119465983 0.001017603335392692 0.0026603443035036847 0.002019389532025781 0.000843398538546883 0.005827087103031314 0.0029536874298067136 0.006885914049449844 0.005975459360856814 2.8817482511303812e-05 0.0 0.0 0.0 0.0 0.0 0.0 1.4589055388634526e-05 0.0 2.9263581076999073e-05 0.0 0.0 0.00017632995144130476 8.536673169262647e-06 0.0 0.0 0.0 0.0 0.0 0.00032404915808765394 0.00020198910766217824 0.0 0.0 4.2971050716329166e-05 0.003843479561095722 0.0001132155219479062 0.0027398284423050877 0.0003246250318309727 0.0002645188366553074 0.0 4.632085187510412e-05 0.0 0.0 7.707542927693535e-06 0.0 0.0 0.0 1.9026036987202957e-05 0.0 8.213759087902603e-06 0.0 3.211146556372698e-05 0.0 0.0 9.657811990026562e-06 0.0 0.0 2.5348223812744493e-05 0.0 6.415947103261426e-05 4.158981321772395e-05 0.004929342197203053 6.928178733375516e-05 7.6152845591549225e-06 0.0 0.0 0.0 0.0 0.0 0.0 0.0 0.006298480737714135 0.00032688809574302853 7.38397565188961e-05 1.227523607809023e-05 1.24488059462309e-05 0.0018542981849696072 6.639982026892787e-05 0.00033733144632837596 2.1259244630930046e-05 7.436257747451068e-06 0.0 3.009749316570415e-05 0.0 5.81705545768307e-06 1.0215139649205932e-05 0.0 0.0 0.0 0.0 0.0 0.0 0.003940991847480838 0.000567355007100815 0.0007190485043528108
0.03912175662288424 0.01595643125958893 0.0004864300836885412 0.11812082632159693 0.01140123417240371 0.029950402381070194 0.07090754156215383 0.00034684655993993534 0.006551949269322744 0.0 0.0012133409316104876 0.07501636639594476 0.4448414552032061 0.056599327325652045 0.00016599662353666578 4.2558654922575415e-05 0.0 7.376971397622065e-06 0.0 0.0 0.0 1.3279882629941678e-05 0.0 0.0 7.462709262287198e-05 7.679756783294658e-06 0.0 1.871730096149598e-05 4.236506921837902e-05 7.871705765160648e-06 0.0013920548484885093 0.0002054224316478599 0.006419528389831685 7.868497768779423e-06 4.830113747674975e-05 2.546356429500442e-05 0.004438708819893939 0.0001878565318639945 0.0002655221397137346 2.624975788846193e-05 2.935679179530676e-05 3.821918404581748e-05 0.0 0.0 1.9616090332197116e-05 7.95756978524974e-06 0.0011132457804056324 5.071479169604098e-05 0.0 7.2000569677923665e-06 4.72577826479205e-05 7.487917414413451e-05 2.474587804402641e-05 4.1365955365186024e-05 9.866403129504951e-05 0.0001261527014103772 0.0008109161853128602 0.0011906562621007573 0.00019100736922214985 0.00010013900619024376 1.2990447662622831e-05 0.00020988936433746135 0.0 0.00028328048011457414 1.3925987530662844e-05 6.806722083621346e-06 2.299194145226921e-05 1.4347488880731436e-05 0.0 2.4809874093281604e-05 0.00751503757670223 0.0010326224756474962 0.0 0.0016124233311537817 0.0004740793599770504 0.0008031061663549013 0.0003160851867391837 7.338411126517477e-05 0.0 0.00060927457657949 4.492081010662668e-05 0.00011516261651100896 0.00014394968309389245 6.888262394531562e-06 6.965232663368084e-06 2.7892074758420635e-05 4.340446674532691e-05 3.6558024255427736e-05 1.492221805216862e-05 0.00012118036061491616 0.0 4.888531026805617e-05 7.856205138919185e-05 5.010797843806525e-05 1.821758840198267e-05 0.03002957132868723 0.0039272815821177545 0.00012515625444574203 0.00015079478827445685 0.020343448122297627 0.0001068673892599059 0.0002314013557946063 0.002675145139733581 0.004688215340952447 0.00110109560362165 0.010536131380605964 0.00212492946887404 0.006034256995498638 0.011785300737603336 0.010910073164978782 0.0028463991220471657 0.03381087315915901 0.012733943571266754 0.020959158090097366 0.008823462383179848 2.318664647664874e-05 2.2729547446575385e-05 0.0 0.0 0.0 0.0 0.0 8.803619180102713e-06 0.0 0.0 0.0 0.0 1.0461439562211286e-05 0.0 0.0 1.4244728382352979e-05 0.0 2.3176350998463333e-05 8.505464131375557e-06 0.000287022947760523 0.0005989619215704065 0.0 9.118375519918091e-05 0.0 0.002600165076808796 0.00015043178531815832 0.001950965034184722 0.00019132464032192364 0.0003841344845382658 0.0 0.0 0.0 0.0 0.0 0.0 0.0 0.0 2.059009369034246e-05 0.0 0.0 4.3505564754335756e-05 8.44174172807674e-06 1.1129064578737055e-05 1.493105202389023e-05 0.0 5.2464041778707275e-06 4.0446226667743994e-05 6.214304458177739e-05 0.0 2.6840562084978568e-05 0.00022560902071899733 0.0036416514546553 0.00016139127649653561 0.0 0.0 0.0 0.0 0.0 0.0 0.0 0.0 0.009048826321736108 0.0008974182684097366 7.249923661098602e-05 3.849582104010317e-05 1.8485283718322877e-05 0.0017996425524075361 0.00018730728887103663 0.0007524884684699765 7.945475458523237e-05 6.417744405780168e-06 0.00013199651696895788 9.985341978790082e-06 3.903306277688018e-05 8.411644795601804e-06 2.2908623730994525e-05 8.61634073176332e-06 0.0 1.76369704314052e-05 0.0 0.0 0.0 0.007669275846844559 0.0005084576102132946 0.0007101346079136521
0.004191970987296475 0.17574894730835616 0.15148640323160592 0.0004315083863483711 0.07081398579793945 8.348687054958482e-05 0.02264435710469567 0.2032365619691687 0.08197737053306149 0.0012133409316104876 0.0 0.0018575229113740508 0.04633614742457258 0.22968506282957082 0.0015851963170761452 0.0009170290811369633 1.4725187810171078e-05 2.7257227992469644e-05 0.0 8.487281980897932e-05 2.4079514581740196e-05 0.0 0.0001763847831853957 0.00024966679719578124 0.0002942094260139943 0.0 0.000137636966685941 2.1803977876685996e-05 2.3583300670810367e-05 4.7230367548886204e-05 0.017806065110066226 0.008044414062872733 0.014136403977308865 0.0 0.0003688816176549081 0.0003545548562958553 0.0032806601383224073 0.001038226907681735 0.0005741821346181249 0.0003326452897305675 0.00019676503010843926 0.00013411438155372114 0.0 0.00015677083718620134 9.808222443328304e-06 6.82242472345019e-05 0.005848907101306956 5.035744357416675e-05 4.239165719545479e-05 5.624865244796027e-05 0.00010113447040000352 1.3870787833252015e-05 1.6569614636236533e-05 0.0 0.00013894876716729213 0.00020445685359619443 0.00044302456358665156 0.0013796594272094474 0.00020044527138538573 0.00033290195366208255 5.4066189895905966e-05 0.0013050731073187343 3.457111549402443e-05 0.0012010419790341705 7.835826554485512e-05 6.861175258372281e-05 5.750905438552435e-05 8.707343936288104e-05 0.00030285425633032683 0.0006740794882385547 0.0024850140997847376 7.256666895258978e-05 0.0 0.0013116071966059633 0.0007286967990292357 0.0028566971779671758 0.0034610902265888436 0.0015174171464865634 0.003447497060050775 0.0455584426986965 0.00019785075522585834 0.006650595069406874 0.0002997562408872043 0.0 1.8673211496050273e-05 4.4320939519694786e-05 5.127043934426408e-05 7.117878149650614e-06 2.6171287462602794e-05 7.349050749278531e-06 2.8284455231459444e-05 3.093044002112054e-05 0.0004651702082804913 7.728729411874494e-05 3.241116148139869e-05 0.0019383027019379928 0.00018425563039281003 8.78046471253531e-05 7.045632009782232e-05 0.000490294390264038 0.0 0.0 6.725007793662407e-05 7.572102505761919e-05 0.0 0.0003589310982835835 4.812631533050363e-05 0.00013270890448599344 0.0002580971267021933 0.00021196672777465885 3.459582453860125e-05 0.0006353265384295492 0.0005187299557815841 0.0010115432400678041 0.0007389406756265876 9.201907519890827e-06 7.2787294072388835e-06 0.0 7.478826442242801e-06 0.0 0.0 9.753910678088535e-06 0.0 0.0 0.0 0.0 0.0 9.40380747462803e-05 1.265975657348944e-05 6.898650634058114e-06 9.765063683338737e-06 0.0 1.6979006508559565e-05 1.743240126907658e-05 4.128227845138479e-05 6.599932008649426e-05 0.0 6.603591907364259e-05 9.427588648123016e-06 0.0006675470413424053 6.562827162987384e-05 0.0006592812900381324 0.0003042999639917086 0.0002348315769134268 1.598116193971789e-05 0.0 0.0 0.0 8.262533516416867e-06 9.01916767783729e-06 0.0 0.0 0.0 0.0 0.0 9.238911049554706e-06 1.7451225637239388e-05 9.151037200407494e-06 0.0 0.0 0.0 0.0 9.68728123742642e-06 0.0 2.6528303705012047e-05 2.8832899961542722e-05 0.001069740702132997 0.00010933979438995143 0.0 0.0 0.0 0.0 0.0 0.0 0.0 7.317649489278956e-06 0.0010936226510336645 5.757027223261228e-05 8.070387674371333e-06 1.7057717598564896e-05 2.4701524724099223e-05 0.00033598880991586545 0.00011594053991556273 0.0001365067192168175 6.665308449728999e-06 2.9712271806838514e-05 0.0 0.0 8.312139189615933e-06 0.0 0.0 5.751416502008059e-06 8.263508541180446e-06 0.0 0.0 2.1292613462043438e-05 0.0 0.0006973604688764203 0.00013138343716704705 0.00034541814350788353
0.008359503219042634 0.0025411968911651446 0.001017936837665803 0.07157456983672654 0.001441919742740062 0.004541093193709052 0.007693235536963882 0.00046851819389368384 0.002359658077606752 0.07501636639594476 0.0018575229113740508 0.0 0.11351023261343444 0.015163858719671915 0.0004754103280435266 0.00036524286491846985 6.041526617288199e-05 1.821974664918662e-05 0.0 7.744066623553315e-05 0.0 0.00016158379286860495 6.17436513513481e-05 0.0 0.0010084718466142493 0.00010864547008274053 0.0001675832439206978 3.874336962382848e-05 5.7278436807920946e-05 5.354159874469786e-05 0.0002804256720244113 0.00046584787058946974 0.016988190699693984 4.7805118879977104e-05 0.00019098290651046787 0.001054458360333491 0.03254570531034204 0.0031367273764431624 0.0029247990044523843 0.0017117197536159455 0.00022423496552490053 0.00010404600308095739 6.949585886480241e-06 0.0002535144536258834 3.719427171763e-05 0.00031223446918482374 0.001186838673228705 0.0 5.596585661596341e-05 7.0290364905108015e-06 4.09628475583847e-05 0.00023240219037067754 0.00048037352360143237 0.00014494623415736596 4.702665797498551e-05 2.2724940815306023e-05 0.00011663337128052203 0.0003201088866731905 8.256652962729125e-06 7.333479624417796e-05 9.189603655601494e-05 0.003065150103047258 5.037008849098702e-05 0.0005786259207764071 3.483798729579158e-05 0.0 0.0 4.038527937456773e-05 9.687705156755445e-05 0.00011563811887582453 0.022999195361318267 0.0011831645691451572 0.0 0.0003116468441256044 0.0002073878754349225 0.000413413788147248 0.0005072507248701405 0.0003804101393663317 7.61401331650863e-05 0.001874591573264848 9.588414654012867e-05 0.000266043194596482 9.702584333545324e-05 0.0 9.025300233168473e-06 7.55914488015384e-06 6.8044478847409676e-06 2.1677698255601277e-05 3.189054463831782e-05 2.2003667277129662e-05 1.5589479238100795e-05 6.424752782773983e-05 0.00031435661109809526 0.0001934860919148681 0.0001610048894368163 0.043772261609759534 0.003940413813428952 0.00030858378991661825 0.0018561217095734684 0.0025350733852181322 7.06095628640737e-05 1.9112860056491316e-05 0.0005616682066030255 0.0002619640630617115 0.0003407614994461008 0.0026156642807096957 0.00042943915859613275 0.0013393193607432346 0.003383116271280348 0.0035762069880768805 0.0007384773842616517 0.007818389368277251 0.0030094779752180265 0.00692737545262768 0.0052383895500692 6.544708914766996e-06 4.100186503983297e-05 0.0 8.55081824310553e-06 8.011138944419574e-06 0.0 0.0 8.666325489643196e-05 1.5073889029028354e-05 1.939472672905439e-05 2.7793196837509843e-05 7.074986026982755e-05 0.00036978971562619305 1.971540474675208e-05 2.628912889368811e-05 4.6154770939238466e-05 2.8820985797954347e-05 8.781889784405674e-05 2.0232156018611176e-05 0.0004296404496757335 0.0002645996652805947 0.0 0.0002422505918735815 1.066523004461508e-05 0.0034438145919863006 0.00030001907241722386 0.002994751716529706 0.0005451936135926121 0.0006631022471775494 1.1743591972910477e-05 0.0 0.0 0.0 6.743787945585936e-05 4.896284328902897e-05 0.0 4.506922670643461e-05 5.742229006508538e-06 0.0 0.0 1.0707345754857558e-05 0.00019166353615168122 2.0216163963397964e-05 0.0 0.0 7.4865323329879405e-06 1.4920952375202792e-05 1.0598358393784426e-05 0.0 0.0001417113689383354 0.00013949798851593708 0.004730808157300261 1.8314348787611468e-05 3.1614091620692064e-05 0.0 0.0 8.545399950101153e-06 0.0 0.0 0.0 8.115332605518708e-06 0.005727393323450159 0.0007020502297676728 0.00011273319183304171 5.5343434200977075e-05 2.9194343496628455e-05 0.0021421574164171243 5.918968787346491e-05 0.0005936761417492426 3.5480746604142157e-05 3.7746016174754076e-05 8.865705376411914e-06 0.0 1.4924279930645937e-05 0.0 2.2489690324053266e-05 0.0 0.0 0.0 0.0 4.1846714205999706e-05 0.0 0.004566282384901835 0.0008115304771962953 0.001613056930279694
