0.0 0.10834876198957 0.05751746067767174 0.028156621486703576 0.00148378476188939 0.005058163124077235 0.038043903370886485 0.0105908884481235 0.000459320389775928 0.0433146047860444 0.009155287953359148 0.010011791578202133 0.008166197669387707 0.013035324561840348 0.0002905311628081512 0.0001446039488145443 0.0 0.0 0.0 0.0 1.0016974543455288e-05 0.0 0.0 0.0 0.0 0.0 0.0 0.0 0.0 0.0 0.06748467626692253 0.0020434172399228672 0.0008140081375288003 0.0 6.440749841752161e-06 0.0 0.0005779548124646535 3.958717965802462e-05 0.00023233301912084603 5.7758116748364074e-05 0.0 1.5975437865595628e-05 1.4591470282544001e-05 1.4112948849937743e-05 0.0 0.0 0.0011562521149890044 5.736362999208805e-05 2.286180171617083e-05 1.5049525979125302e-05 0.0 0.0 6.833788823487483e-05 0.0 0.0005133285615531846 0.00033787899989319207 0.005596928392792712 0.02276852203817431 0.0009527858747537791 0.0017394763329075594 8.03769271666994e-06 0.00014724027353346571 0.0 0.0002167584512893337 0.00011354331804711014 6.936028493575361e-05 5.479436278722983e-06 1.0261739469558502e-05 1.0794117608059703e-05 0.0 0.0009554242411638955 0.0 0.0 0.009753803752916458 0.0010714185364897168 0.001742602485587197 8.634878941006488e-05 2.5616688649327402e-05 3.240446214743679e-05 0.005549025995009805 1.9251846623412566e-05 6.439286199388419e-05 0.0008392137171730233 3.0453282329149268e-05 4.277114661007297e-05 0.00017291119351953973 3.8145530660370546e-05 1.2525459066284787e-05 2.4079176405244325e-05 0.0 0.0 0.0 1.5016041586273521e-05 0.0 8.37537313592186e-06 0.011569020216328779 0.0009637598250293495 0.0 7.955435565143828e-05 0.042116031510555804 0.0 7.476489503959449e-05 3.039866650284436e-05 0.0 0.0 0.0 0.00017582942983219548 0.0 0.0002847679314532667 0.00016195533866524483 0.0 0.00027310287129009335 0.00020284140714601327 0.0001780212832133376 7.185556724202819e-05 5.573625235090055e-05 0.0 0.0 0.0 0.0 0.0 0.0 0.0 0.0 0.0 0.0 0.0 5.584845757721276e-05 0.0 0.0 2.7245033382688403e-05 7.959025871364824e-05 8.613111620976173e-06 5.736665332878578e-05 0.0 0.0 0.0 0.0 0.0 7.921346739683613e-05 1.8432010664508243e-05 5.46519908575756e-05 8.405316140515983e-05 6.175186800372124e-06 0.0 0.0 0.0 0.0 0.0 5.966127950131303e-05 0.0 0.0 0.0 0.0 0.0 0.0 4.292821129883106e-05 0.0 0.0 0.0 0.0 0.0 3.819147270269607e-05 4.590805326078742e-05 7.126252472597774e-06 1.929338933527312e-05 9.764520483433225e-05 0.0 0.0 0.0 0.0 0.0 0.0 0.0 0.0 0.0 9.483233321397902e-05 5.1912073196770545e-05 0.0 0.0 0.0 1.9158043377205567e-05 0.0 4.621058973823935e-05 0.0 0.0 0.0 0.0 0.0 0.0 0.0 0.0 0.0 0.0 0.0 0.0 0.0 0.00020846181729589888 0.00011184257801424296 1.9259674436471246e-05
0.10834876198957 0.0 0.0666935491846945 0.06751873371165011 0.04935023102516462 0.008143160114630718 0.09742689296729665 0.03780782450754703 0.027006021559292673 0.05780283910131705 0.06666752269730908 0.009894169367700881 0.029522651842694606 0.07383156419377405 0.002314114455816983 0.0006537329910045092 2.5568122313191273e-05 1.1179090242982279e-05 1.190127383493664e-05 1.0873938860964147e-05 2.3457991976407343e-05 0.0 1.0386868990791282e-05 5.6557752083913055e-06 0.0 3.290289769795935e-05 0.0 1.8838809067507548e-05 6.3850002641856035e-06 0.0 0.07825398912124264 0.0035319835951762163 0.0010314268545684115 1.7513330843539237e-05 1.0259352254169065e-05 1.9610052869853634e-05 0.0006652147397851209 9.077421117684456e-05 0.0003278128074000391 7.004738843276993e-05 5.1104604281131485e-05 9.303120619672952e-06 2.0604731112868452e-05 6.187228318533933e-05 0.0 4.94890265728473e-06 0.009849570956294991 0.0004282586182152989 3.7393173792603084e-05 2.4797116058728583e-05 5.208285838837456e-05 0.0 2.3607725543135655e-05 2.062803850371195e-05 0.0015000061439701862 0.000997841509030273 0.00578069636867638 0.027081173084168828 0.001842837994228472 0.007848192261554119 3.814673013634301e-05 0.0001768304758607643 3.9226113917200665e-05 0.0031960679975502134 0.00044074224866723106 0.0003756639525839854 4.256343727593018e-05 7.391458394066947e-05 1.079746064852935e-05 1.8418327718639927e-05 0.0002983412860609174 5.7225329708269125e-05 0.0 0.024797073732014816 0.008918913740539361 0.01789023512282024 0.0020984891262404597 0.00031746591452567975 0.0001520324898885418 0.004250555508172542 3.9173454809429314e-05 0.00019628956517287287 0.0031021307156542015 2.4459903693310146e-05 0.00030343991054837495 0.0004647741225286359 0.0001472071478097501 7.471977126991862e-06 6.981832326223275e-05 6.502564871202983e-06 7.975215651596271e-05 1.5167113120329246e-05 3.30642100808853e-05 5.441520631975262e-06 2.3999560307330086e-05 0.0015590732467347247 0.00015887044748959795 6.12386364124064e-05 0.00011913790824435008 0.02832441648752045 0.0 1.1898338757136297e-05 1.7607024705048946e-05 0.0 0.0 0.0 7.303934158108155e-05 3.316110614419861e-05 0.00011142477729465236 6.064875102978642e-05 3.6764191126827285e-05 0.0 0.00016411933509716812 2.9925726506573395e-05 4.8063815325369356e-05 0.0 0.0 0.0 0.0 0.0 0.0 0.0 0.0 0.0 0.0 0.0 0.0 2.2856552659087398e-05 0.0 0.0 0.0 4.0112467039152765e-05 2.7747777657467447e-05 0.0 0.0 1.121969074416701e-05 6.6263996156326e-06 0.0 0.0 4.903925782337599e-05 0.0 0.00010561330071579025 7.966041373943996e-05 6.16407340901954e-05 0.0 0.0 0.0 0.0 0.0 0.0 0.0 0.0 0.0 0.0 0.0 0.0 2.4959377694263664e-05 0.0 5.182063885692639e-06 0.0 5.42366698374318e-06 0.0 0.0 0.0 0.0 0.0 4.604653804325886e-05 0.0 0.0 0.0 0.0 0.0 0.0 0.0 0.0 0.0 5.822515842130115e-05 0.0 0.0 0.0 0.0 1.13821903970477e-05 0.0 0.0 0.0 0.0 0.0 0.0 0.0 0.0 0.0 0.0 0.0 0.0 0.0 0.0 0.0 6.20171146275649e-05 6.9974221806836e-06 7.34913576462007e-05
0.05751746067767174 0.0666935491846945 0.0 0.00023417839248288195 0.04695339630930307 0.0005693943773215507 0.024232674395628078 0.20426462117445193 0.055230501462137524 0.007408293854796419 0.16171811252355936 0.00403105589514752 0.02348856249143372 0.08391021649217129 0.0007773084336103808 0.0006691321804260553 2.7612387569951192e-05 4.748040664353849e-05 0.0 1.1485206369862811e-05 0.000274133411752105 9.114916971314926e-06 8.621521050779391e-05 6.56100211997986e-05 0.0 9.184378272783896e-05 0.0 6.355820839892545e-06 6.652816724222331e-06 0.0 0.21999365595745057 0.039236123930558316 0.0018823096969779723 8.559948780242613e-06 0.00010351270140099968 8.340828134022327e-05 0.0010141498096938172 0.0002873500027707171 0.00016243359813793227 6.28188326310072e-05 7.476283222259917e-05 1.4244676662674644e-05 0.00010441640396875944 2.5355206173564858e-05 0.0 9.235343420026302e-06 0.0015906415999543204 3.77441939808404e-05 2.3096049749618376e-05 2.4193704061159593e-05 0.00011583811322603666 0.0 0.0 9.288504382910985e-06 0.00011876939964948794 0.0001898246572747343 0.0010147684876638608 0.01063954686927411 0.0003460455468443495 0.0011802807941600007 0.0001056280981649692 0.00257270223410259 0.0001415085322959218 0.0063921208577606 3.37304811918827e-05 6.985680742772908e-05 4.3942488181150236e-05 0.00010491044535290149 7.988383644355318e-05 0.00020905079708589621 0.00023815644304374858 0.0 0.0 0.0041520327056866636 0.0022658488078855423 0.0029631290336831206 0.0008796232415960564 0.00046586486260059883 0.0016776575717015521 0.04262288823166225 7.20762525119358e-05 0.0035593810098925546 0.0004451276807031744 6.943348113780737e-06 1.1744120417818943e-05 0.00012115438462391301 3.061660870499963e-05 0.0 2.359932404724396e-05 0.0 6.156820499395645e-06 8.62108778409642e-06 0.0003176135787029417 4.1974372982733235e-05 6.840673439999673e-06 0.00027772360764947957 0.0 0.0 4.694237946614229e-05 0.017219760167773646 0.0 0.0 0.0 0.0 0.0 0.0 6.601375025880261e-05 0.0 1.2262969124597814e-05 4.543309363804539e-05 0.0 2.3461355673214674e-05 4.4488316881720786e-05 6.593865508206836e-05 7.320326933803592e-05 0.0 0.0 0.0 0.0 0.0 0.0 0.0 0.0 0.0 0.0 0.0 0.0 1.0638319997833784e-05 0.0 0.0 0.0 0.0 0.0 0.0 0.0 8.33618524655755e-06 0.0 0.0 0.0 5.156178490013443e-05 3.9688471296105146e-05 6.627881238399375e-05 4.28421067635722e-05 2.6323795462081833e-05 0.0 0.0 0.0 0.0 0.0 0.0 0.0 0.0 0.0 0.0 0.0 2.5005000032817267e-05 0.0 2.3653146012934605e-05 0.0 0.0 0.0 0.0 0.0 0.0 0.0 0.0 0.00013650027646906868 0.0 0.0 0.0 0.0 0.0 0.0 0.0 0.0 0.0 3.275458660175807e-05 6.534671486331082e-05 0.0 0.0 0.0 4.1349545996530154e-05 1.4990692973696838e-05 3.1187186514891745e-05 0.0 0.0 0.0 0.0 0.0 0.0 0.0 0.0 0.0 0.0 0.0 0.0 0.0 1.7775953643034513e-05 0.0001095311619948745 7.160350640356172e-05
0.028156621486703576 0.06751873371165011 0.00023417839248288195 0.0 0.0006825296843447472 0.013349203100058743 0.05487128753945295 3.232122039279637e-05 0.0030715627859562705 0.09734882050716959 5.502237636239386e-05 0.0263768499593853 0.02957437079838196 0.009968869997118239 0.0003267417025854337 0.00027355240436953014 1.8353154156466193e-05 0.0 0.0 0.0 0.0 0.0 0.0 0.0 0.0 0.0 0.0 0.0 0.0 0.0 0.0015905952968955474 4.9381713142869e-05 7.094066330569583e-05 0.0 0.0 0.0 0.00012745329443670638 0.0 5.4646959161500094e-05 0.0 0.0 7.172627359090271e-06 0.0 6.336104365570931e-06 0.0 0.0 0.0011886366860221736 2.5704123640518146e-05 2.4304004209782455e-05 0.0 1.364202566336451e-05 0.0 0.0 0.0 0.00016181607222817685 9.117172080035611e-05 0.000926233382649003 0.0031863529933127722 0.00024449444356722667 0.0007138444228059275 6.286745107744976e-06 1.4857488232815364e-05 0.0 0.00014826719209444896 4.331077653148874e-05 2.8717339202242337e-05 6.826390521414008e-06 5.26720226770244e-06 0.0 0.0 0.0003550377276128298 2.1709923579278528e-05 0.0 0.002605830400899574 0.0006433856530799651 0.0011233603656103863 0.00013154956497384975 0.0 6.153373238313126e-06 0.00011345472630100902 0.0 7.448157552866191e-06 0.0002692704723219508 0.0 1.8276468911192308e-05 4.697437613321844e-05 1.0627008305639413e-05 0.0 0.0 0.0 6.387391704735017e-06 0.0 0.0 0.0 0.0 0.0025935824850810653 0.00019311956472187376 0.0 6.248624399899496e-05 0.015130749029787926 0.0 5.623131997945579e-05 0.0 0.0 0.0 0.0 9.937980482982733e-05 0.0 0.00020903680335603814 0.0001537248631657216 0.0 0.00016096117166658773 9.616676314356104e-05 0.00022289683506841984 7.047252684686133e-05 0.0 0.0 0.0 0.0 0.0 0.0 0.0 0.0 0.0 0.0 0.0 0.0 8.023520778953118e-05 0.0 0.0 6.08388785343226e-05 5.488968990780342e-05 5.3445073908918035e-05 0.0 0.0 0.0 0.0 0.0 0.0 7.094800006127221e-05 6.894679153203284e-05 5.964786790460795e-05 6.240322429998466e-05 3.38470674396333e-05 0.0 0.0 0.0 0.0 0.0 3.155516227013401e-05 0.0 0.0 0.0 0.0 0.0 0.0 2.004071873212506e-05 2.812430044188965e-05 0.0 0.0 0.0 0.0 0.0 0.0 0.0 3.094285020779553e-05 7.063065486754805e-05 3.1901182216264563e-05 0.0 0.0 0.0 0.0 0.0 0.0 0.0 0.0 5.82884283141722e-05 0.0 0.0 0.0 0.0 2.5055726364628282e-05 7.435669388348134e-05 5.679698439775187e-05 3.613457093135653e-05 0.0 0.0 0.0 1.819813397567684e-05 0.0 0.0 0.0 0.0 0.0 0.0 0.0 0.0 0.00022607598346024063 1.5744640848928364e-05 5.988402805767814e-05
0.00148378476188939 0.04935023102516462 0.04695339630930307 0.0006825296843447472 0.0 0.00026723298609964975 0.12306570456977839 0.01387358844427109 0.19818891981917627 0.06674009200486507 0.06551268990885868 0.01133561120576108 0.02023841645251349 0.021005318624822418 0.004395260905895011 0.0023294708420206075 8.591291298661204e-05 1.6220979282210963e-05 0.0 0.0 5.4724937775190475e-05 1.508798150742619e-05 0.0 0.0 1.221922463492478e-05 3.9393623670894734e-05 0.0 1.2361565110610263e-05 1.7699987613881895e-05 0.0 0.02025714555483262 0.0076756131951852295 8.726226242555028e-05 1.1219121286493973e-05 1.097981808385992e-05 1.720271961590083e-05 0.00023524292200963198 8.731124048005349e-05 0.00014258203794032104 5.308887836916585e-05 4.964322613367585e-06 4.777169151996022e-06 1.8805698366583e-05 6.398386416038351e-05 1.0832081609416098e-05 2.1267846498822052e-05 0.00997426368940869 0.00025986449112145763 6.214029306381075e-05 1.1147000152924328e-05 7.328576840344408e-05 0.0 1.1284646475870594e-05 2.0062895188480227e-05 0.0006226805584558254 0.000547524285908239 0.0017002467374585342 0.0092632514922726 0.0005961989199366245 0.004568167188839727 1.568478911048219e-05 0.00021866616547850702 2.3881333289120085e-05 0.004930794952060822 0.0001785913190290966 0.00019107777493940065 2.4059241161528133e-05 7.153540386659654e-05 2.750352209787309e-05 2.861133651078267e-05 0.00024323401121170818 0.0 0.0 0.00976822696160156 0.006809127019116078 0.015672291491464485 0.003154374417432743 0.0005437743249754161 3.4524222093280314e-05 0.0005850742323840993 3.804562628315055e-05 0.00027486243165290907 0.0014233554783445123 2.651788522775602e-05 0.00012830601082531627 0.00017191243283305854 7.171625620604928e-05 5.08565934932382e-06 3.4383138837420374e-05 0.0 8.96257648087815e-06 0.0 2.3365214974613578e-05 0.0 1.9383047230076245e-05 0.0009904785292942431 0.000233590055386664 0.0 0.0001228097276600923 0.0015183115059337173 1.5026492284756148e-05 0.0 0.0 0.0 2.289071495538507e-05 1.7811832293209032e-05 0.00014091276596007006 2.630768351868648e-05 0.00017417165732902697 7.60039673335586e-05 4.176980200353211e-05 0.0005293699504103905 0.00024436983890475597 0.00027083915873530034 0.00019053920412475354 0.0 0.0 0.0 0.0 0.0 0.0 0.0 0.0 0.0 0.0 0.0 0.0 9.324000045806307e-05 0.0 0.0 0.0 0.0 1.9095627436112966e-05 0.0 6.704992004229603e-05 1.2420561958353555e-05 0.0 0.0 0.0 0.00011982129970359171 4.270022354408914e-05 0.00021156201247046026 9.600657512265234e-05 6.643140262833169e-05 0.0 0.0 0.0 1.4438146268756028e-05 0.0 0.0 0.0 0.0 0.0 0.0 0.0 0.0 7.760695453456071e-06 0.0 0.0 0.0 0.0 1.3781211822392846e-05 0.0 0.0 0.0 4.1429340490088055e-05 0.0001508944632344549 0.0 0.0 0.0 0.0 0.0 0.0 0.0 0.0 0.0 0.00014116875385000805 2.2557528228504368e-05 0.0 7.502033506712153e-06 0.0 6.152857956580295e-05 0.0 7.078039594567192e-05 2.310502445888087e-05 0.0 0.0 0.0 7.491115223858258e-06 0.0 0.0 0.0 0.0 0.0 0.0 0.0 0.0 0.0003263819264573285 0.00011139755130265732 0.00016438272358954448
0.005058163124077235 0.008143160114630718 0.0005693943773215507 0.013349203100058743 0.00026723298609964975 0.0 0.0024112440563979396 0.00026896321774918646 0.0004809422727577518 0.0441658184298433 0.0002874997541770098 0.007206273971795451 0.0038492679160815977 0.0010157641085870137 3.444347224410442e-05 1.324341374256008e-05 8.243992255765643e-06 0.0 0.0 0.0 0.0 5.0521545818116845e-05 0.0 0.0 7.988380405066e-06 1.2496374473360199e-05 1.2883155007292551e-05 1.2144761354338835e-05 0.0 9.425070942750915e-06 0.0019911618724776166 0.00011301317454877685 0.0007292230511906181 0.0 0.0 0.0 0.0013627994263857909 0.0002883296389747363 0.002165634981826367 0.00011831739719877323 8.792868705069364e-06 8.514978055250562e-06 1.1127386021366706e-05 0.0 0.0 0.0 1.7882529547864972e-05 1.0522751544176462e-05 0.0 0.0 0.0 0.0002567110180879188 0.00015575679799726942 2.3778322480389396e-05 4.091092932209836e-05 4.827905765029658e-05 0.012900839636919363 0.0048063506292473695 0.0001226363191136021 4.079135400839211e-05 0.0 5.902542296970988e-05 0.0 1.6807695794844962e-05 0.0 7.046975326406475e-06 0.0 0.0 0.0 0.0 0.010394038664294085 0.007137794171234435 0.0007086117823468721 0.00039171582734934046 5.237603472808126e-05 9.541265283440137e-05 0.0 0.0 0.0 0.00033339249404963834 0.0 1.0921108077533135e-05 1.2588913927270567e-05 9.564696095901307e-05 0.0 2.118801538721098e-05 0.0 0.0002347118151748229 0.0002141793141107592 0.0006659670778743994 0.00021054007302578393 0.00018927349125818295 0.0 3.463460721456503e-05 0.00013211253796523772 0.046916318244655635 0.03266955452148716 0.0009737938659328938 0.0026691412285289057 0.021078612851291954 0.0 8.608514553024079e-05 2.3137807944637977e-05 0.0 0.0 0.0 0.0003190892064371654 0.0 0.0004025239776526225 6.673857363682083e-05 7.532248658555293e-05 0.0003591966154903583 0.00010282889212038214 0.0002711436570953702 0.00017590876049707984 7.778699329598598e-06 6.662974947741815e-06 0.0 0.0 0.0 0.0 0.0 7.3056062886438635e-06 0.0 0.0 0.0 0.0 5.635897708528182e-05 0.0 4.72357844339502e-05 0.0 6.126214285523124e-05 3.809268658448446e-05 4.977927722399806e-05 0.0 3.020783104928021e-05 0.0 2.9939173312944975e-05 0.0 6.685845457043239e-05 5.2268094566039056e-05 0.00012927477545797246 0.0001647061229680596 0.0001523332644742815 0.0 0.0 0.0 0.0 1.0110839758675352e-05 8.261005566623666e-06 0.0 0.0 1.0190786357992576e-05 0.0 0.0 0.0 0.0001476640988617274 1.8833074117026272e-05 1.0454388455679073e-05 0.0 0.0 0.0 0.0 6.191595256105714e-05 0.0 1.858700267756439e-05 8.030979406921882e-05 1.179869446198626e-05 0.0 0.0 0.0 0.0 0.0 0.0 0.0 1.1039344954449754e-05 8.802528735280827e-05 0.0002474879722307491 0.0 0.0 8.457532780144842e-06 4.800940371513021e-05 5.02647452890758e-05 1.171450110742561e-05 0.0 0.0 0.0 0.0 0.0 0.0 0.0 6.95791224023627e-06 0.0 0.0 2.1034345849228978e-05 0.0 0.0 0.0005950119541933987 7.073729555816488e-05 0.00011646202898607049
0.038043903370886485 0.09742689296729665 0.024232674395628078 0.05487128753945295 0.12306570456977839 0.0024112440563979396 0.0 0.0008170075757827497 0.08086995626870408 0.1757117272197165 0.0216531835453427 0.05034074896487332 0.08282656609218474 0.0781049222410994 0.003796277374555299 0.002242050047367399 8.809713197313025e-05 9.137879307426612e-06 9.706399933870053e-06 1.2320651947586923e-05 5.249358478176981e-06 0.0 0.0 7.67249852508203e-06 0.0 3.2224654830886044e-05 0.0 1.7474740579581173e-05 0.0 0.0 0.02056037178824311 0.0030064401942347047 0.00012108175694060781 9.999710539771713e-06 0.0 1.0348713448849066e-05 0.00029765838659808245 5.612232869150269e-05 0.0001807959143190868 9.61756782311216e-06 1.978372055948933e-05 2.240475724121172e-05 4.835676820105926e-05 5.325891101283097e-05 0.0 1.8649286230310914e-05 0.010767958205122174 0.00035195501145564886 6.796858906563398e-05 0.0 3.0140474018320587e-05 0.0 6.700882378900682e-05 5.8652755409039495e-06 0.0011537030036751059 0.0007193216671655448 0.003220766201205393 0.014377071177488867 0.0012558595291870243 0.0056674730252808895 4.3166077477609255e-05 9.603005339774398e-05 2.379342273270033e-05 0.0033076658247222193 0.00029886278957655117 0.0003110446642667035 6.618089664873832e-05 0.00010361436907831854 1.6815968658088346e-05 4.251421838730805e-05 0.000519492233384221 2.6302725058717316e-05 0.0 0.01648460068559233 0.007134736904624211 0.014424646639903815 0.0025484673112585016 0.0005569756260789802 2.8127612967314984e-05 0.00045519614069885073 7.082987726367512e-05 0.0001457993949233149 0.002226644889672648 2.7375891281931385e-05 0.0002154620642307611 0.0003625027609241236 0.00011892512355414531 1.0569942356007572e-05 5.5451650269182564e-05 5.960005974995735e-06 5.129762320348153e-05 0.0 5.721839340396649e-06 1.0926077335133357e-05 1.1464117657471716e-05 0.005033985636649545 0.000514521710583312 0.0 0.00029255204649903684 0.00834330812688302 0.0 0.0001597393276971785 4.8052523820050446e-05 0.0 0.0 8.618544050002795e-05 0.0005138778436178465 7.10894480892772e-05 0.00031085389359892574 0.00033301632617865456 2.2392037162356917e-05 0.0009792932060013642 0.0013055605949440705 0.0008583290521636754 0.0006431200914469719 7.385836912604278e-06 0.0 0.0 8.583193732610824e-06 0.0 0.0 0.0 0.0 0.0 0.0 0.0 0.0 8.819626267661144e-05 0.0 0.0 1.63691054102975e-05 3.768872373329483e-05 0.0 0.0 1.3858961338519794e-05 0.00010863010062156526 0.0 3.506063291225255e-05 0.0 0.0004898518070496869 0.00012939976226269034 0.0002653990183222523 0.00013395967462737248 0.0003270688693982655 0.0 0.0 0.0 0.0 0.0 2.4455569618093777e-05 0.0 6.414025235408234e-06 6.913500597802189e-05 0.0 0.0 0.0 1.3987813695158318e-05 0.0 0.0 1.2992364125715803e-05 0.0 0.0 1.822246714147135e-05 8.065629474466277e-06 6.636207526443406e-05 0.0 0.0004408719455864036 0.0 0.0 0.0 0.0 0.0 0.0 0.0 0.0 0.0 0.0004847552773026556 0.0 0.0 0.0 0.0 0.00011746026903894949 5.219682362855009e-05 0.0002680326210992213 3.9784306374800926e-05 8.82172560881719e-06 4.288407527766643e-05 0.0 2.69006997448526e-05 0.0 0.0 0.0 0.0 0.0 0.0 0.0 0.0 0.0009431230319941563 0.0002256629074084336 0.00014628443436938565
0.0105908884481235 0.03780782450754703 0.20426462117445193 3.232122039279637e-05 0.01387358844427109 0.00026896321774918646 0.0008170075757827497 0.0 0.00555181104770738 0.0007021636826046011 0.21994047663812366 0.006893845823022319 0.01875082437502238 0.06359293744926323 0.002131865698173603 0.003214413481632927 0.00020042167727267533 0.00022752725925018105 4.177519518551712e-05 0.000786883404309486 0.00451560950603373 4.0864263838491596e-05 0.0006900433215491546 0.0009798932158062235 0.00021175428823411583 0.000738076283347954 5.5561845258268115e-05 0.0002818871638593251 4.644274350072283e-05 3.270620851997222e-05 0.11545525770892659 0.15995278557132547 0.020229619918716864 0.0001879601598996986 0.0007480889552701612 0.001118401557769719 0.006264354744684896 0.0032467712900333123 0.001027896455012941 0.0008132988838653131 0.0007227358151998277 0.00044647833712493354 0.0017908536200941013 0.0005128667731624909 6.384889705832758e-05 0.0001295964044944554 0.0033568499975520963 0.00018826736517892992 0.0002058946992890845 0.0005460523805399588 0.0012000476643120226 2.489325675732968e-05 8.542915751971343e-06 5.6922158987357786e-05 8.921393283185786e-05 0.00015613060588167256 0.0008250460182305856 0.007978952080750062 0.0002012920944995646 0.0009842098340699383 0.011625668504671309 0.041392499155520825 0.0006541190626504891 0.023483378190091088 0.00014721346958800662 0.0006072187596747518 0.0007151129101942192 0.0008166479174896623 0.0009851873844533134 0.0034546143040127546 0.0013719578714246957 6.809366788494696e-05 0.0 0.0035317504316004973 0.0034712128168315477 0.004098347705598745 0.011359544161115927 0.034278556148524854 0.1152961730336199 0.25497136422036126 0.020666896440474612 0.11643258011158882 0.0004081051787873439 0.0 0.0001215848692737675 0.00030875365530058245 0.0005017701298746103 0.0 9.252410906824529e-05 0.0 6.796173538668206e-05 1.610014111513252e-05 0.00339845521126533 0.0004173854934018245 0.00012211435411660596 0.0002613851797174196 0.00010306264721849855 1.260376583406705e-05 0.00025565639656132484 0.005862194998356848 0.0 0.0 0.0 1.5880892869080805e-05 0.0 0.0 1.7475749923354482e-05 7.40341658268468e-05 0.00015471638521423041 6.883823402717113e-05 0.0 9.187526815055738e-05 0.00012004931844284015 0.00019483770114677064 0.00015864484507239655 0.0 2.2656381479813465e-05 0.0 0.0 0.0 0.0 0.0 0.0 0.0 0.0 0.00010853430779446928 0.0 7.73062729023406e-05 0.0 0.0 0.0 2.0163010823699287e-05 2.685736274838665e-05 7.300861903447087e-06 0.0 4.951564038610728e-05 0.0 4.715905365084096e-05 0.0 0.00021715975275919734 3.871232507423051e-05 0.00010935026130081298 7.815604177240125e-05 8.37149965008967e-05 9.325537440684834e-06 3.980107744315336e-05 0.0 0.0 9.211171749235519e-06 1.88538327974766e-05 0.0 7.936933918209284e-06 2.991437584901474e-05 0.0 0.0 1.4934471117136816e-05 4.302025312278808e-05 0.00014152531275351865 0.0 0.0 0.0 7.875439061992599e-06 0.0 0.0 0.0 2.792561745785357e-05 0.0001868088648348837 7.475434716243227e-06 0.0 0.0 6.267565698203207e-06 0.0 0.0 0.0 0.0 1.9911624132980944e-05 9.064644656417014e-05 5.729305291976046e-05 1.824527549397483e-05 0.0 6.663753175264146e-05 2.6893653116928237e-05 1.1686975598534123e-05 0.00016099929951025898 0.0 0.0 7.796709778212209e-06 0.0 2.0891947629690416e-05 6.954728347459248e-06 0.0 0.0 0.0 0.0 0.0 9.70300853879173e-06 5.8862515823622106e-06 0.00021486285251167575 0.00016342332026828905 0.00022658798975516093
0.000459320389775928 0.027006021559292673 0.055230501462137524 0.0030715627859562705 0.19818891981917627 0.0004809422727577518 0.08086995626870408 0.00555181104770738 0.0 0.04161975360792757 0.08234130455433529 0.011828360035064617 0.026840991743062755 0.0787953430520557 0.005028884577061551 0.003484982044691847 4.681994653590202e-05 7.892615745703237e-06 2.074174507020418e-05 6.098559298951316e-06 1.2452755799562164e-05 0.0 0.0 2.5414406767911693e-05 0.0 1.989418736720035e-05 7.212962614120615e-06 1.639858529041145e-05 7.164741802178511e-06 0.0 0.0053749481770755765 0.004218547676345878 0.0005413563283565948 1.3688025919005335e-05 8.92120559219017e-06 7.06455199192867e-06 0.0004765149937984292 0.00010730717814992342 0.0003135053777223978 5.388621018708534e-05 8.101498265934173e-06 0.0 6.066267340138701e-06 7.957950521203363e-05 2.3665588170155085e-05 4.3187085442498486e-05 0.0056412630340334415 0.00010407248815229955 9.16371287447671e-05 0.0 3.4494989150294156e-05 0.0 9.028158475183408e-06 8.313508343475707e-06 0.0001924229104854509 0.00013884957057820724 0.0004245296624305918 0.002830820838887318 0.00025248938752359254 0.00125537501553864 3.15208732190369e-05 0.00015467583588442765 2.4226346708250656e-05 0.0024134893280072637 7.516457733426083e-05 0.00010122111828258345 0.0 3.9303346555423233e-05 7.436577797744116e-06 1.3737896421189025e-05 0.0005409518049675144 2.8928733345351037e-05 0.0 0.0026762299305963634 0.002403136916604506 0.007114849414135577 0.0024578663072288547 0.0007663946486740202 3.4013827462161806e-05 0.0018769347071234492 6.893082699977462e-05 0.00024101069024741196 0.0003847863602944849 0.0 6.930720612875745e-05 5.2717389628130246e-05 3.390549201293024e-05 0.0 0.0 0.0 1.645907784478813e-05 8.00906209371223e-06 8.881490027290413e-06 5.904664829560703e-06 0.0 0.0024114291057296404 0.0004137515952663766 0.0 0.0002671026586927155 0.0003502041291019725 7.869323847113004e-06 9.485666966600908e-05 4.145150990450992e-05 3.6399734460387224e-05 4.440872237906867e-05 0.0001534002272237186 0.0003635407832055377 0.0001351567629149891 0.0004203850142811248 0.0004603277519492067 7.396870964841654e-05 0.001023601339996758 0.000868560444186937 0.0006408937818861819 0.0006777768291105943 1.915992545124612e-05 8.9871622173471e-06 0.0 0.0 0.0 0.0 0.0 0.0 0.0 0.0 0.0 0.0 0.0001738273781488087 0.0 0.0 0.0 3.382397928764661e-05 2.6342188991867074e-05 0.0 5.916243927435671e-05 0.00011926773708240651 0.0 8.770686239597778e-05 3.8923773674956755e-05 0.00045400060914795607 0.00014015915140301485 0.00036640573461728257 0.0002737466049282883 0.00022102859607948965 0.0 0.0 0.0 0.0 1.5374701802681465e-05 8.017109615089939e-06 0.0 0.0 9.78286969598489e-06 0.0 0.0 0.0 5.589754079125327e-05 0.0 8.49914966703618e-06 0.0 0.0 4.260445137333085e-05 3.510769743874644e-05 2.940750030669844e-05 4.947445258768515e-05 7.652582341531971e-05 0.00040678305721824964 2.6656941815211598e-05 0.0 0.0 0.0 0.0 0.0 0.0 0.0 0.0 0.0006868879246594373 0.00010782156649614865 0.0 0.0 0.0 0.00013183402668636386 7.49328798890553e-05 0.00023431126437504932 4.859886000928097e-05 3.485675110359059e-05 0.0 8.459231294457325e-06 6.748643915952817e-05 0.0 0.0 0.0 0.0 0.0 0.0 0.0 0.0 0.001079889155059786 0.0002758023175518242 0.00029158644862378665
0.0433146047860444 0.05780283910131705 0.007408293854796419 0.09734882050716959 0.06674009200486507 0.0441658184298433 0.1757117272197165 0.0007021636826046011 0.04161975360792757 0.0 0.0018817380840038848 0.21280233767176998 0.287284543104652 0.0372298133056278 0.006955756209639294 0.0032048239561966105 0.0001126764724887917 1.783561524928153e-05 1.1942298260506156e-05 1.3239927516113293e-05 3.551818252856053e-05 3.916024742879e-05 0.0 1.2630409223446888e-05 3.6296160766454585e-05 5.3038545916157534e-06 4.581550864279262e-05 5.3737126825531926e-05 0.00010929325544234533 5.5289636040237496e-06 0.010390948800574602 0.0016638823736901992 0.0023138536324661774 6.572491456678339e-05 4.9367634909811314e-05 5.3355389724230575e-05 0.003993614995356154 0.0006887670612748842 0.00276189342206111 0.00025725406006075054 6.87216848669359e-05 6.179574347335368e-05 2.246621360152635e-05 9.885319779039841e-05 0.0 0.00018238955171051254 0.025771259727534173 0.0006586575802134126 0.0001830680541901936 4.372371643925197e-05 0.00012341579211920506 9.406915899773502e-06 6.0160160102020285e-05 9.210830450201474e-05 0.0019981399072769948 0.0012306865541634525 0.010067158110745643 0.020549803465531764 0.0023092505399054113 0.011589907857112062 4.798869761444853e-05 0.0006212621027696953 4.353541420382771e-05 0.0037222109355481282 0.0005240542127910585 0.0005792203474050426 0.00011131864174538439 0.00010364096599093864 4.8249355714552504e-05 1.9798668236578724e-05 0.011349304072774501 0.0009690034471486582 0.0 0.02756867927957103 0.010150285910474057 0.025167927928196256 0.0036164173885686116 0.0006150363116976895 8.290345124480015e-05 0.00197660742116898 0.00015320169165081962 0.00036647331229548567 0.004389118010114526 5.403453161145546e-05 0.0004346594632988766 0.0006237627083080842 0.0002443980859770799 1.736156074969994e-05 0.00011712503592625123 1.6953307013818192e-05 7.60022589605395e-05 2.2826702842743977e-05 2.5276849642787255e-05 4.439870405529079e-05 4.8814405606802415e-05 0.044068411798667315 0.007631155713051589 0.00035660834539375305 0.0032405119695000815 0.04814119156832937 0.0003961120293180762 0.001690367253376568 0.004475321803770589 0.00172266550251347 0.000272641588979673 0.0017847714276565307 0.00409846445991397 0.0004585953218080931 0.00390165077679036 0.003818633956522404 0.00028363425436664933 0.00430392346633933 0.0051169052852798646 0.0028640130126328586 0.002844555684743 6.427493073687284e-05 0.00016525673220241788 1.806517288568762e-05 0.0 0.0 0.0 0.0 0.0 0.0 0.0 3.706991619167843e-05 0.0 0.0005244798892088542 0.0 9.962675134686757e-05 1.944551387308863e-05 0.0002753730647708354 6.982409905592719e-05 0.0 0.00012934927207037603 0.0005757836177685087 0.0 0.00011002821122346092 2.7633913351669244e-05 0.0016412582738410295 0.0002970345116812618 0.0022774034467788404 0.0011582779167661078 0.000964297985534016 2.4095386935705907e-05 0.0 0.0 3.278623868356463e-05 9.832254116985848e-05 0.0001502473705940748 0.0 4.437056261196647e-05 0.00015471669975391792 0.0 0.0 2.9211126137861023e-05 4.816216953833843e-05 3.553077491369146e-05 3.619928958463894e-05 4.624183338791438e-05 6.962337391123349e-06 0.00016194019569187187 0.00020318615672737612 0.00017246285099629325 0.00010020317959494713 0.0003768451265718014 0.0016165685909251453 4.889120493139579e-05 5.914238103153883e-06 5.364872004754548e-06 0.0 0.0 0.0 6.154554874721229e-06 0.0 0.0 0.002646077072164675 5.1651050324521525e-05 0.0 0.0 1.6553940197763772e-05 0.0011219645577206809 0.00018381849001855623 0.001349331966493289 0.00030605896422167945 0.00024904908997418543 4.083227421334875e-05 9.83703591832157e-05 1.9832085965795242e-05 0.0 1.913123379819979e-05 7.821723664225929e-06 0.0 0.0 0.0 0.0 0.0 0.005442381251056155 0.0012836173162484874 0.0015230577595901301
0.009155287953359148 0.06666752269730908 0.16171811252355936 5.502237636239386e-05 0.06551268990885868 0.0002874997541770098 0.0216531835453427 0.21994047663812366 0.08234130455433529 0.0018817380840038848 0.0 0.01991923024438401 0.1203644153162673 0.2514088671305705 0.0016205153781189236 0.0021386291042351756 5.8501455246882564e-05 3.7095308464241586e-05 0.0 2.4326872653450122e-05 5.5279120086506274e-05 0.0001284446944250379 9.282341282884928e-06 3.620922575252829e-05 6.945645192423905e-06 1.567281876279296e-05 2.627912237613735e-05 5.077377566298257e-05 1.5141707702823926e-05 4.732174860000523e-05 0.044821810719988274 0.008280881416327088 0.027451406124558625 0.0 3.259715056838385e-05 1.4573438708130488e-05 0.01879089898228079 0.000844154115991652 0.0015259961780836296 0.00017378772267507306 2.5066415080456528e-05 9.590958047227281e-05 1.6984191524894813e-05 0.00015840553107213145 1.3191448499950111e-05 5.2613232392657966e-05 0.00211223321862403 5.3452666051942206e-05 4.072308340395208e-05 3.680293208815802e-05 2.2238078905109527e-05 0.0 5.964596752154081e-05 4.209749226673936e-05 0.0001694620996565139 2.1125754368651027e-05 0.00044797375456958515 0.0026096837843594947 0.00014291154877801797 0.0006789105038499008 8.230058476233097e-05 0.0032000566612434907 1.365378099735692e-05 0.0009974751975186011 3.103658209574506e-05 5.956035404376422e-05 3.3664586301007725e-05 2.604934315356336e-05 1.4601655734872251e-05 3.7120533608254375e-05 0.002973140869023652 6.677183972974025e-05 0.0 0.0019407326849009933 0.0009285331686807919 0.0021880416389811834 0.0007603576954938317 0.00026281145335790173 0.0010386717650255376 0.07406266134139435 2.7312024233116313e-05 0.002533576761618295 0.0002418444114904015 0.0 1.164577888032981e-05 3.265445969944573e-05 1.095289254768577e-05 0.0 7.36960478688057e-06 0.0 0.0 0.0 0.00012060198157441155 4.303859688957799e-05 6.42419613440766e-05 0.0007091616643842515 8.661731992213845e-05 0.0 0.0002202845270977566 0.0026897761789248854 0.0 0.0 0.0 0.0 1.1833768923377671e-05 2.4827701991833195e-05 2.2523730704351756e-05 5.7844840973753516e-05 5.621288138129741e-05 0.00013535982222584136 0.0 0.0001575239143545184 0.0003209362191612739 0.00029882668088988877 0.00017419607687586995 0.0 0.0 0.0 0.0 0.0 0.0 0.0 0.0 0.0 0.0 0.0 0.0 4.953800087165274e-05 0.0 0.0 0.0 3.4652126605696365e-05 8.1712350008877e-06 1.3028173764943955e-05 0.0 6.266169611452942e-05 9.039013380637582e-06 2.6233496281885986e-05 0.0 0.00017382190421932182 6.478729757877822e-05 0.000193828684119166 0.00012043304230825715 6.171626492786994e-05 0.0 0.0 0.0 0.0 1.1126861162604588e-05 8.240886293717166e-06 0.0 0.0 1.935331055412788e-05 0.0 0.0 0.0 1.6119512534722328e-05 0.0 0.0 0.0 0.0 0.0 0.0 0.0 2.9864251367769956e-05 0.0001602957155420045 0.00012452749320983523 8.565081880157665e-06 0.0 0.0 0.0 0.0 0.0 0.0 0.0 0.0 0.0002052080478841862 1.5153969586551869e-05 1.0567753253675037e-05 0.0 1.1588474913352357e-05 8.666415863730442e-05 0.0 0.00011253066221783716 0.0 0.0 1.854119349304717e-05 0.0 7.652852939555657e-06 0.0 0.0 0.0 0.0 0.0 0.0 0.0 0.0 0.0004479401823872982 9.164199096498112e-05 0.00015770446952438586
0.010011791578202133 0.009894169367700881 0.00403105589514752 0.0263768499593853 0.01133561120576108 0.007206273971795451 0.05034074896487332 0.006893845823022319 0.011828360035064617 0.21280233767176998 0.01991923024438401 0.0 0.11946865975192099 0.0256381176969466 0.0051848818739817296 0.005968153965513717 0.00032732120768890404 6.266158250467215e-06 5.867774957763997e-06 1.4088451841828399e-05 0.00022763029494040938 0.0003489509752887152 6.085234552756965e-06 0.0 0.00011058687924629021 0.00011166293735678037 6.320067536130809e-06 0.00013723415295654017 9.712037987349096e-05 5.5251776728956195e-05 0.008442493834435778 0.0014061621841216052 0.006574863661482747 1.0994423053528603e-05 3.600083241193075e-05 2.7692357642379425e-05 0.012050854854611139 0.0010302991804952033 0.005343572187878534 0.00042966040188960493 0.00017076413997914143 0.00029309798411484254 0.00015386491219631057 0.0002470689936304482 0.0 8.849611758586189e-05 0.008992393973808797 0.0001565904018747039 6.517732162718957e-05 3.9049074080437665e-05 7.83158917805115e-05 3.266703283662563e-05 0.0005619990483523174 0.0002014892038462388 0.0002288848505678561 0.00024310590764731082 0.0011377313210378086 0.002616701437075631 0.0003323018873049459 0.0016896100727844883 0.000147694976800333 0.0011526658639826656 9.274969599319339e-05 0.0016861805240420739 6.75403465673429e-05 0.0001415040625461238 3.905336965975199e-05 4.3627620809024e-05 8.607370191916252e-05 0.0001900900142221997 0.007099181087187312 0.0005342686684952663 0.0 0.003581210941160244 0.002119265321856765 0.005455611305312316 0.0017659427242327742 0.0005037788145897056 5.844676900124463e-05 0.004766864091961176 7.10062903683742e-05 0.0012834754330290038 0.0007751189726087125 1.3402359096972067e-05 8.341548289068028e-05 7.253027458912158e-05 3.7344293855703897e-05 7.200826076805454e-06 4.3935787546882125e-05 0.0 3.827718335915223e-05 7.3347303163949474e-06 0.00017572638756949605 2.0445211606161235e-05 0.00013325907362206476 0.0575877113113224 0.003752763442942665 5.7853652779625625e-05 0.002374752204060716 0.0024812965713581535 2.9914101213615958e-05 0.001326544134183449 0.00022191931989471128 0.00017532764419926993 0.0004637520483483023 0.0012557751175325312 0.004903507674589716 0.0007888091378670549 0.00381761745626701 0.0031875638373129018 0.0007900821964089842 0.008242963206315639 0.007643377592964829 0.006404099348272043 0.005561806871099969 0.0002390152762903558 0.00013199431845842326 1.1815368821121343e-05 2.2678741495896702e-05 0.0 0.0 0.0 0.0 0.0 0.0 2.6352511996625826e-05 7.884610475925335e-05 0.0006872327465379826 2.1983875441070316e-05 0.00017375277121278339 0.0 0.0003140933397183018 6.077590017749026e-05 0.00021431918662355342 0.00023128806663813822 0.0010568137546059207 9.941757306543796e-06 8.97079094302135e-05 0.0 0.002884816149277591 0.0010101411248452377 0.0025797586343525272 0.0012765069020228106 0.0013199751319577754 9.741080046996536e-06 0.0 0.0 0.0001137814738840782 0.000159221279423485 0.00013827841626870885 0.0 1.4283530764400435e-05 0.00011879304223635664 0.0 0.0 1.6319443818801775e-05 0.0001703994194749337 9.100106001624044e-05 2.971270896310743e-05 2.156992994523154e-05 0.0 0.00016629492771539115 4.734313354305724e-05 0.00017816336595426424 0.00018034669484041306 0.0006388457862826212 0.0016798002672241607 0.00011174861796765441 4.022719233866271e-05 1.5205342367840024e-05 0.0 0.0 7.5929960370250644e-06 1.2684389397905724e-05 0.0 8.292629480697017e-06 0.004715292880729123 0.00022229255738251695 6.574630138768424e-05 0.0 0.0 0.0009789893339038956 0.0002465080487158512 0.0019037228392171557 0.00011182131184513266 0.0001842186549203849 0.00011535649944578635 7.229514443616241e-05 2.300183431558209e-05 0.0 0.0 0.0 0.0 1.2843968995777117e-05 0.0 0.0 0.0 0.009082910693877675 0.0019174218899869384 0.0020677803780633614
