0.0 0.22897975792974098 0.015752134041911444 0.16960229679521058 0.0013383550047944327 0.00434312011212925 0.021667739029665567 0.00046825707804602393 0.0024454531134981664 0.10851594493200686 0.010785453550954916 0.0030253636283832583 0.0028407486230837735 0.0016150340349079461 4.0821105575272816e-05 1.4532749795065444e-05 1.803620534514353e-05 0.0 0.0 1.6807696612165982e-05 6.663987167165403e-06 0.0 0.0 0.0 1.2316528239141207e-05 9.51476674406767e-06 0.0 0.0 0.0 0.0 0.045953726313350776 0.00025245173055808365 0.00092156651959617 0.0 0.0 1.065328142826979e-05 0.0006866057339892692 0.0 1.1697958010909057e-05 0.0 1.0551971288881673e-05 5.6877344799977786e-06 0.0 2.1756465960720546e-05 0.0 0.0 0.0016446039837225272 0.00015230999827799704 6.046547205200592e-05 1.427754082334483e-05 1.3891054214021352e-05 0.00012231453637977926 2.6757439474868577e-05 2.0152479697512343e-05 0.000499236029069937 0.00019319890457028866 0.016534531183021003 0.035968135411667164 0.0031886018720013085 0.0008703728015475042 0.0 9.79637992721788e-06 0.0 0.0031858626798201995 4.523469708115238e-05 9.657031060519275e-05 0.0 6.567027069729639e-06 7.3000265339857795e-06 6.349513985616326e-06 0.0012480950645112545 0.0010316967764585616 0.00010151414030319024 0.008937309904312388 0.0012878474672584255 0.0006457564767393833 0.00018570464838846794 3.115964164683052e-05 8.745460207338001e-05 0.0012383621065721415 8.770129529017999e-06 0.0004141710978539839 0.0007366059487218295 0.0 8.626679708639911e-05 2.109025950767946e-05 4.4640559598725275e-05 4.028766726109006e-05 1.6229546922484762e-05 5.7989568189512086e-05 8.336064068807794e-06 1.0449384274544163e-05 0.0 0.0 0.0 0.013826654916083788 0.0025757062335173583 0.00015866508058587112 0.0004954731146053693 0.0792431454061333 3.747820911538944e-05 0.0002202729186991971 0.00016227350844058417 0.00044017873707116566 5.828081347762231e-05 0.0004133102082549782 0.00013386408087153468 7.832649283968067e-05 0.00033411898542566967 0.00045095033939639503 9.172974542210339e-05 0.0014661928877702493 0.0007096761939959631 0.0010699520353928793 0.0003977230344141082 0.0 5.710069476513366e-05 0.0 0.0 0.0 0.0 0.0 0.0 0.0 0.0 0.0 0.0 0.0 0.0 0.0 0.0 0.0 0.0 0.0 4.527957386444782e-05 4.250633209159479e-05 0.0 0.0 0.0 8.866370743415814e-05 5.454923799215436e-05 0.00011255823274757908 0.00013268459510327283 4.637587843201505e-05 0.0 0.0 0.0 0.0 0.0 1.4695409747390092e-05 0.0 0.0 5.2799731320337513e-05 0.0 0.0 0.0 0.00019732722438993642 1.2625763914026454e-05 0.0 0.0 0.0 0.0 2.5856419258727305e-05 0.0 1.2413065356490967e-05 0.0 0.0001018828709043145 6.211419715695195e-05 0.0 0.0 0.0 0.0 0.0 0.0 0.0 0.0 0.0007077880200474361 1.5951140575369027e-05 0.0 0.0 0.0 0.00028130441073922585 1.0923989904036702e-05 2.1758844537048358e-05 0.0 0.00011915143209160605 8.69322894172171e-06 0.0 8.715088406079995e-06 0.0 0.0 0.0 0.0 0.0 0.0 0.0 0.0 0.001932241406730767 0.00016119138499757436 0.00025476721327194035
0.22897975792974098 0.0 0.06185698756480408 0.06660943994516537 0.19550947621922946 0.004075212894920047 0.1935906225204104 0.026889064866190034 0.17022765340444496 0.13681640060415168 0.12890422645151697 0.009564521341649654 0.08548450526794135 0.15570102833966235 0.000666801607384726 0.00019159109012367574 0.00012982783398980072 1.3746436529146049e-05 2.230045924550552e-05 1.972739569756996e-05 3.26452905333355e-05 0.00011423011555446344 0.0 0.0 0.0 2.5222110875346932e-05 0.0 1.733811302965923e-05 0.0 0.0 0.17759362843969126 0.002294189895106382 0.003874273520084424 7.1951177068817854e-06 3.138008751494567e-05 1.0382183542264959e-05 0.0005119028293766368 0.00014337035200259057 3.986687104629083e-05 1.528361574283909e-05 0.00012512479531894718 0.00012901796079412684 2.2156152844676202e-05 0.00013561930540402354 2.4675301995848027e-05 6.441972671602871e-06 0.01730312247690497 0.001163167878927091 0.0002880623440418289 2.8832897164478912e-05 0.0001469233511552103 0.00012755210224861568 1.9698770993279043e-05 2.6040524240376483e-05 0.0027776640894676095 0.0008328347108422621 0.025030615857245624 0.09959105616415805 0.011912661099148732 0.007708719102516836 7.192582878170109e-05 0.0003157482724136334 0.0 0.0054502523979901496 0.00038970823196049536 0.0005041669935814224 8.926785910745266e-05 0.00017468174095967105 8.159770790810534e-05 0.0001425099708341933 0.0003196051177546168 1.0565390683067775e-05 1.200824838938539e-05 0.05077507579830752 0.017490366731912333 0.011970427497734738 0.0016584001597800553 0.0005436573330042523 0.0011769284422586768 0.03950091722367552 0.00024085717134147516 0.003948038422334104 0.00539270638881389 1.9390200611746974e-05 0.0005355071308408709 0.0003532535662928275 0.0002454858534091573 0.0 9.407469941078395e-05 2.2690587878166965e-05 3.868646363310856e-05 2.0791979810490963e-05 0.0001393166103471117 7.784585684474836e-05 0.0001168050407030661 0.0011021400441694222 2.4156058234161956e-05 0.0 0.00012571520776895732 0.07080857683339292 6.564320912720498e-05 0.00021592351518432036 0.00030249907430556617 0.000719530906111954 0.00022727059381860083 0.00026223416434968075 0.00019853798627012786 0.00034982720603516466 0.0017342228070467696 0.0008714271633364996 0.0003729262217753706 0.002629490990241712 0.0014092477111248476 0.002410714910174932 0.0006440675276320879 2.4251280023827228e-05 5.7885665237129216e-05 0.0 0.0 0.0 0.0 0.0 7.63714825443166e-05 0.0 0.0 0.0 0.0 1.1091376490973249e-05 0.0 0.00010771371364674499 0.0 0.0 0.0 0.0 0.0003503815565336285 0.0002821745491365625 0.0 0.0 0.0 0.00044222037527508244 0.0 0.00025354930772807414 0.00021413275361063715 0.0 0.0 1.1736078709684989e-05 0.0 0.0 3.1003511945501834e-05 3.809153573334902e-05 0.0 0.0 9.222917931124765e-05 0.0 0.0 0.0 6.206668300431791e-05 1.1424306375005445e-05 7.144668939163298e-06 0.0 0.0 4.644217949236529e-05 8.635623265497444e-05 3.867329143507661e-05 3.5951783239582826e-05 1.5989191693005266e-05 0.0005689595311610212 6.672292225512149e-05 0.0 0.0 0.0 0.0 0.0 0.0 0.0 8.85781946549231e-06 0.0008951712292011164 9.4010424748537e-06 0.0 8.776476671751618e-06 9.675184230539512e-06 0.0005422856268961544 8.5179015598083e-06 0.00016674361448055272 0.0 7.808065168666143e-05 9.895229152596221e-05 1.6470801823893228e-05 7.604142990144666e-05 7.575731423871112e-06 0.0 0.0 0.0 1.4409358019960728e-05 0.0 0.0 0.0 0.0028914700914959225 0.0002718342754133821 0.0005255051786245074
0.015752134041911444 0.06185698756480408 0.0 5.728386345320139e-05 0.1016503175297038 3.5324478136876116e-05 0.025790710033578277 0.11856495606029435 0.07001640834264525 0.009841352846013215 0.13758535389330454 0.0038649341264993344 0.02433759032133315 0.15963243283329415 0.0005416962075032869 0.000165066112691458 2.188479067241272e-05 2.016257079384996e-05 6.2040918451084765e-06 9.182069407528656e-06 0.0002524974240042291 0.00035214513568576714 0.00019994013778900526 0.00011321953434063291 2.4354443218830236e-05 1.1229171561993714e-05 9.171484529243583e-06 0.00015212881753529748 0.0 0.0 0.207035405612542 0.014287405670503144 0.0055485315908680765 0.00011146240487185484 5.712979860271104e-05 4.844777344520111e-05 0.0005571751130907999 0.0003982383370756278 0.00015246980357251177 1.699080548486801e-05 0.0006411319500085345 0.0003282703128213741 6.962100846196047e-06 7.54672139876014e-05 9.09195572802182e-06 7.058511191592175e-05 0.002811869594539222 0.00010738191964430015 5.800212270233907e-05 6.5657050280755356e-06 3.1808212943125526e-05 0.0008121053085856066 3.978044333610493e-05 4.199338664377238e-05 0.00034887521397203547 7.280258410127777e-05 0.00531892635541295 0.05103267674469268 0.001504709499568849 0.0009103621036608833 0.000728005490970862 0.0009558200823467741 3.1653794693688856e-05 0.006831887226291206 4.016961614363696e-05 4.7605429051005325e-05 2.780739262726764e-05 4.193016302295123e-05 7.209588996998957e-05 0.0005398202267339493 0.0001604670233604138 7.859782876642655e-05 2.2699342894550377e-05 0.007611378909255284 0.0034205630018586107 0.0019251289611836103 0.0008757955606714293 0.002160869101942461 0.018117728796242464 0.09112804964015903 0.0016658986512559835 0.02689515965705119 0.0005434247494997875 8.95914547426316e-06 7.08172345979264e-05 2.2038462450499916e-05 5.841394295011832e-05 6.849995192985083e-05 4.6065772382522815e-05 0.00013022952835067258 1.135590079036003e-05 0.0002878674124789884 0.0006143315631010947 2.4540268807784532e-05 0.0002077163159965787 0.00040376501013843116 1.4674468265787005e-05 0.0 0.00016086116023293788 0.01154419174773777 0.0 0.0 5.708615169657765e-05 0.0 0.0 2.114790076794271e-05 1.6670660830073362e-05 0.0 6.854776943183947e-05 0.0 6.599403906460278e-05 0.0002207704653525175 0.00011194841509428688 0.0004043788787568473 0.00011243267846389613 1.1004314615838774e-05 0.0 0.0 0.0 0.0 0.0 0.0 9.825010124756668e-06 0.0 0.0 4.9103963265931254e-05 0.0 4.402707794910358e-05 0.0 0.0 0.0 0.0 2.66037457237899e-05 0.0 8.829006098655088e-05 3.6708127176204844e-05 0.0 0.0 0.0 5.192071644480354e-05 0.0 7.549509099982109e-05 8.214777123178697e-05 9.794777119561521e-06 0.0 0.0 2.5691009630663175e-05 0.0 3.265251659572836e-05 0.0 0.0 0.0 5.8278588712234866e-05 0.0 0.0 0.0 5.716735532803896e-05 6.871770915831393e-05 0.0 8.992782462055231e-06 0.0 0.0 0.0 0.0 1.984720038181541e-05 0.0 8.610273452478501e-05 2.5169418421053897e-05 6.76184327436489e-06 5.8225192511853564e-06 0.0 0.0 0.0 1.3591938322434826e-05 0.0 8.58769754652576e-06 0.00011362320810182061 4.127727952707809e-05 1.997901757843131e-05 8.464153181202427e-06 2.0037548134488663e-05 6.136138354762787e-05 1.6044815100217517e-05 3.8700854111445956e-05 9.947546784276242e-06 0.0 6.58074981327036e-06 2.378807532510892e-05 1.4092652748693716e-05 0.0 0.0 0.0 0.0 0.0 0.0 0.0 1.8076406153779657e-05 0.0004982957730257022 0.0001536177239177895 0.000282426437134765
0.16960229679521058 0.06660943994516537 5.728386345320139e-05 0.0 0.0011887199002312244 0.017263480024565736 0.03177558483852333 2.9580526368535237e-05 0.004544219667020965 0.1320344518963993 0.0003082025792898385 0.005763099869311774 0.012582417724150871 0.010336303636975927 3.379139200320729e-05 1.5110993480321335e-05 6.959835796990887e-06 0.0 0.0 0.0 6.496534661254414e-06 0.0 0.0 0.0 0.0 0.0 0.0 0.0 0.0 0.0 0.006235673424955302 0.00015017167830120323 0.0001274810220626183 0.0 0.0 0.0 0.00018054675597638055 0.0 0.0 2.9203033426697084e-05 5.886400230668316e-06 1.5614900093953703e-05 0.0 6.458310201129823e-06 6.636170580672283e-06 0.0 0.0014278763785118178 0.00010219393461001873 3.551865346259318e-05 0.0 0.0 1.71246313791218e-05 0.0 0.0 0.00034335085173550284 0.0001712635851728829 0.003296579565505541 0.010392151637763617 0.001923752731691072 0.0007719443290483435 0.0 0.0 0.0 0.0008910475475137536 4.211219949159682e-05 3.2731046846559484e-05 7.790179886033708e-06 1.4317930843852041e-05 1.3686867138880346e-05 7.87112716592774e-06 8.05930410911485e-05 8.711465120820878e-05 0.0 0.005923271419414301 0.001249950024452075 0.00047760454304331655 2.4087843082109383e-05 1.4839549519700676e-05 2.8878862831574418e-05 0.00018973323524122728 0.0 0.0001393229825146412 0.0006910745033389227 9.536359480723815e-06 7.884410632747103e-05 1.8468705840071592e-05 1.3757085495322933e-05 0.0 2.1994946771954546e-05 0.0 0.0 0.0 7.01397175475205e-06 1.576313721881461e-05 0.0 0.0015103835961454678 9.561182125055486e-05 0.0 0.00012807222004707395 0.02706858868297595 0.0 2.9424699406200288e-05 0.0005184846717358724 0.0013421989220817336 0.0 0.0005157654981707236 0.00011999744353393562 1.6493752613495074e-05 0.0010583620624278816 0.0002433996863276434 5.2925812345455144e-05 0.0008282413238076879 0.001553721365482431 0.0007048176744373903 0.00014774190124107575 1.1592971057613127e-05 1.2450899185655895e-05 0.0 0.0 0.0 0.0 0.0 0.0 0.0 0.0 0.0 0.0 0.0 0.0 0.0 0.0 0.0 0.0 0.0 0.0 7.248997801364371e-05 0.0 0.0 0.0 4.5003230537087795e-05 9.91545205634179e-05 0.00011000350077814735 0.0 0.0 0.0 0.0 0.0 0.0 0.0 0.0 0.0 0.0 0.0 0.0 0.0 0.0 0.00010834142097726794 0.0 0.0 0.0 0.0 0.0 3.266657015486304e-05 0.0 0.0 0.0 0.00018834186025394953 0.0 0.0 0.0 0.0 0.0 0.0 0.0 0.0 0.0 0.0002608490394577575 1.0000418074305509e-05 0.0 0.0 0.0 7.550347674787544e-05 0.0 0.0 0.0 7.359867656912793e-05 0.0 0.0 0.0 0.0 0.0 0.0 0.0 0.0 0.0 0.0 0.0 0.0005556998256904999 6.407682475602941e-05 0.00010783071250205047
0.0013383550047944327 0.19550947621922946 0.1016503175297038 0.0011887199002312244 0.0 0.00018482239982102103 0.10236043976566106 0.031171937150578977 0.19810895029521938 0.05305166543252492 0.0584802792612505 0.003040695355211667 0.032588613392395605 0.12062512575299153 0.0003659680876644977 6.080970154690719e-05 1.9455601389807368e-05 0.0 0.0 0.0 3.781553542880044e-05 2.1955840340366346e-05 8.62153717412815e-06 0.0 0.0 0.0 0.0 5.524079029086871e-06 0.0 0.0 0.006707835273267812 0.0006187981369826826 0.0009481634066948128 7.0422534362315165e-06 0.0 0.0 0.00033642177446442005 2.9401657672828152e-05 2.8587732291308588e-05 0.0 1.8367228461803877e-05 6.359152133149003e-05 0.0 7.106970610112501e-06 1.2307554713564747e-05 0.0 0.004706680221161891 0.0001752017623211112 5.8113465953781734e-05 0.0 2.302152066141789e-05 6.427052949351225e-05 0.0 8.665516116577254e-06 0.0003091728028322881 8.668614857700851e-05 0.0014956975230883743 0.003625920033203537 0.0008988739910756022 0.0011546191632985346 3.923157448865469e-05 0.00013524657205628448 0.0 0.0012110510606287155 2.4567236992662146e-05 4.747319375719041e-05 1.1788049717424401e-05 3.434120691001297e-05 1.4893549366986838e-05 5.161257453660534e-05 0.00010789228448634528 0.0 0.0 0.004112324575005985 0.0025671403643067864 0.0027563713732578696 0.0006651212796247826 8.085513676461576e-05 0.0009130433414666012 0.0033403081598969236 7.772317369861891e-05 0.0008946941845695687 0.0005239877812067559 0.0 7.71328833207836e-05 1.660571568640576e-05 4.250146873614701e-05 9.005169736002606e-06 1.9468538598902644e-05 0.0 0.0 0.0 2.8037080579744018e-05 1.709317521073421e-05 1.7428453153050487e-05 0.0005379977953655725 1.872130124652773e-05 0.0 2.869747822834276e-05 0.00047812078077769587 9.07367358874881e-06 0.00029218574435282843 0.00012697706417867245 4.2442739812805457e-05 9.771246487128934e-06 1.8342318413794983e-05 9.401778203851786e-05 0.00018986879944325155 0.0002523729445660461 0.0003203731226357456 0.00014606379946724142 0.0012496862960632686 0.0006814538597354041 0.0013221331008108179 0.0005615204296292611 7.827781167705466e-06 9.932398237732763e-06 0.0 0.0 0.0 0.0 0.0 0.0 0.0 0.0 0.0 0.0 0.0 0.0 0.0 0.0 0.0 0.0 0.0 0.0001624537211509368 0.00015315593037341297 0.0 0.0 0.0 0.00021969399018904003 4.045645340551176e-05 0.00016146302549439664 0.000217409535170237 0.0 0.0 0.0 0.0 0.0 0.0 3.36082819097835e-05 0.0 8.696302719085543e-06 0.0 0.0 0.0 0.0 0.0 0.0 0.0 0.0 0.0 0.0 4.71464492702601e-05 0.0 0.0 0.0 0.00045921777143667305 5.1406392191765706e-05 0.0 0.0 0.0 0.0 0.0 1.7649208474128985e-05 0.0 0.0 0.0005581021926644767 9.449610110357069e-06 0.0 8.943942605601846e-06 0.0 0.0003669349389631159 0.0 6.949709726975158e-05 0.0 3.608456419601952e-05 3.603929922320791e-05 8.314998683947187e-06 0.0 0.0 0.0 0.0 0.0 0.0 0.0 0.0 0.0 0.0016260558107276818 0.00024560397410775003 0.0004264457455713624
0.00434312011212925 0.004075212894920047 3.5324478136876116e-05 0.017263480024565736 0.00018482239982102103 0.0 0.0017601097913470076 1.1124971974225858e-05 0.00010110813191165762 0.05424015834870234 0.00010044715014770203 0.0039005428802134953 0.0016674767692046101 0.0006444001828537265 3.333138620583208e-05 0.0 0.0 0.0 0.0 0.0 0.0 5.966448998319038e-05 0.0 0.0 1.2434812514448352e-05 0.0 0.0 0.0 0.0 0.0 0.0004631356253988641 2.723640308100483e-05 0.0013539437008753235 0.0 0.0 2.0221673868407562e-05 0.0019541488247015177 2.519600574074583e-05 0.0003620894744132872 2.5097863374296214e-05 0.0 0.0 0.0 0.0 0.0 0.0 0.00012669434685270037 0.0 0.0 6.752638422017e-06 0.0 0.00035535625218104794 2.2695244931639178e-05 8.923333160314477e-06 0.0 7.107921186138402e-05 0.002587635875971165 0.0003196529608917622 7.415224214350723e-06 8.511771095185118e-06 0.0 0.00023111460082895057 0.0 6.29610875189408e-05 0.0 0.0 0.0 0.0 0.0 0.0 0.0074655586504909265 0.009741843802218755 0.0009990753479836136 8.094763817586352e-05 3.7008034095484684e-05 2.807705738593921e-05 4.315134193218726e-05 0.0 0.0 0.00013083584619471054 0.0 0.0002120758081663495 7.102462484693662e-06 6.860801388123234e-05 0.0 3.4098393757291974e-05 0.0 0.0003006674258776239 8.179165495885536e-05 0.0002781217077633734 3.591507613659217e-05 1.0296659776534146e-05 0.0 0.0 4.826749176406962e-05 0.025141168441107885 0.007671758808102329 0.001271848608059529 0.0018407872050632778 0.012177551880567183 0.0 5.8563027255872996e-05 0.0 0.0004290989366845377 0.0 6.955252841328837e-05 0.0 0.0 0.00014127775110709903 9.175372405941788e-05 0.0 8.904539660700826e-05 0.00013680660867436558 6.874272907128022e-05 1.2273368400985654e-05 0.0 0.0 0.0 0.0 0.0 0.0 0.0 0.0 0.0 0.0 9.224084819044578e-06 0.0 2.555492479081297e-05 0.0 2.0267806164021793e-05 0.0 1.2866174075984659e-05 4.881267586292069e-05 0.0 0.0 1.987955500141022e-05 0.0 0.0 0.0 3.669058906683781e-05 1.753354691949945e-05 5.397458322884036e-05 5.121017093639742e-05 7.715295931066668e-06 0.0 0.0 0.0 9.007174161114367e-06 1.7551116767631956e-05 0.0 0.0 0.0 7.725719063720002e-06 0.0 0.0 0.0 0.00012676115695401988 1.0731472318454709e-05 0.0 0.0 0.0 0.0 1.1342481396173925e-05 0.0 7.86996686990537e-06 1.390927348612429e-05 3.53999828288525e-05 7.1868937044591696e-06 0.0 0.0 0.0 0.0 0.0 0.0 0.0 0.0 0.00013420373998420786 0.00037778305917937323 1.351013409587304e-05 0.0 0.0 0.00010193092888848769 8.859142117507284e-06 0.0 1.1235293481564658e-05 0.0 6.2349095760213675e-06 7.230454549709256e-06 0.0 0.0 0.0 0.0 0.0 0.0 0.0 0.0 0.0 0.0002789827804706415 0.0002985319770383836 0.00015640140530303947
0.021667739029665567 0.1935906225204104 0.025790710033578277 0.03177558483852333 0.10236043976566106 0.0017601097913470076 0.0 0.006082598218469703 0.10220960865774364 0.25481597199739525 0.023309649874155684 0.03098433274725475 0.3252364366851901 0.279372817280613 0.0003345663457664476 5.555828170694204e-05 3.512652956023309e-05 6.478263508477139e-06 6.645716624749002e-06 1.469070752721317e-05 1.082269441330958e-05 4.726178977506967e-05 0.0 6.995966719316044e-06 0.0 0.0 0.0 1.78284781769306e-05 0.0 0.0 0.0073240362722385875 0.00044543967609932903 0.0010342014856921653 0.0 0.0 1.001989468980986e-05 0.0002834574446856205 0.0 1.263579092247226e-05 0.0 3.3456916075080064e-05 2.898823400703166e-05 1.3231708217209315e-05 2.9988812016490433e-05 0.0 9.042499407085226e-06 0.004963677600904655 0.0002878706156528576 5.754647610232933e-05 1.5884687535161045e-05 2.731218365609647e-05 7.462749719697022e-05 0.0 0.0 0.000451006445599059 0.00018388879487923535 0.003683331944569774 0.008178828046279228 0.0019033155906682019 0.0016588738773344754 3.6186076975217963e-05 0.00019176446984403873 0.0 0.0017763849688484676 0.0001229458521637921 0.00010584874744974807 1.8758902528199486e-05 6.182790494733804e-05 2.436706548171429e-05 2.8872053035297946e-05 0.0003237380616682496 1.2279197347336845e-05 0.0 0.007976816661069924 0.003543219595458939 0.003256661415600742 0.0006258255714672429 0.00010598697465626764 0.00012163350670254078 0.003688970866354377 4.88477081356718e-05 0.0007890836972855989 0.001002035520098604 0.0 0.00013937203019897233 1.0628353679795534e-05 5.3747424611827794e-05 0.0 3.334680636296471e-05 0.0 6.741144106028971e-06 4.988841371046176e-05 5.831135410469819e-05 6.516416556379417e-06 9.981887518156584e-06 0.0017388014932345024 2.5236846207578395e-05 0.0 5.0713024679810686e-05 0.003341038045910359 0.0002175162885079037 0.0004733959394060453 0.0013216944417746659 0.0009236146721816999 0.00019583098818370283 0.008649874652967678 0.00039689837827805457 0.0055691750515669824 0.0033628127573887 0.0009091998294589213 0.00044564106283877795 0.0023304407393050725 0.0017332523265423917 0.002796746885487095 0.0007417711019868796 3.339538254352031e-05 6.875284946493982e-06 0.0 0.0 0.0 0.0 0.0 0.0 0.0 0.0 8.387923380507179e-06 0.0 0.0 0.0 0.0 0.0 0.0 7.825303102555115e-06 0.0 0.00040972729958842685 0.00016797243815974146 0.0 0.0 0.0 0.0003428875200817226 0.0 0.00025626702741362006 0.00019450092089446134 0.0 0.0 0.0 0.0 2.2091980112695243e-05 3.3222700465636864e-05 1.2201690061331328e-05 0.0 1.810371614074697e-05 6.327252537586113e-05 0.0 0.0 0.0 6.736663324777309e-05 0.0 1.1030305002595479e-05 2.093054698801764e-05 6.87298815852335e-06 2.8392322205542475e-05 0.00010142374463695937 0.0 5.3640239749022896e-05 0.0 0.0006740016226272646 0.0001240809854487496 0.0 0.0 0.0 0.0 0.0 0.0 0.0 0.0 0.0009292351925014788 2.176163083444032e-05 0.0 0.0 0.0 0.0008387374586734117 5.920739926935165e-05 9.451684238680697e-05 1.1712101293092287e-05 5.68550788352771e-05 3.864041922946025e-05 4.2381911248055725e-05 4.124909001009067e-05 0.0 0.0 0.0 0.0 0.0 0.0 0.0 0.0 0.0029125253822083817 0.0004304899857391084 0.0006788087552934548
0.00046825707804602393 0.026889064866190034 0.11856495606029435 2.9580526368535237e-05 0.031171937150578977 1.1124971974225858e-05 0.006082598218469703 0.0 0.07558083254231192 0.0024525919638671134 0.3240387383685607 0.0025060219892273595 0.012321156331600287 0.2497180808101648 0.000493204463660689 0.00014067802882267047 5.0126151102150656e-05 1.7907710953128247e-05 0.0 3.22281613666701e-05 0.000496021573290312 0.00044321927418177555 0.00014690551152757127 7.192681512487423e-05 2.604994088794781e-05 1.8211487560352228e-05 0.0 5.9145471444666994e-05 0.0 0.0 0.07264369172352297 0.061030943600875395 0.0021985169962638403 0.00023725727511106546 3.4690017773638005e-05 0.00019861386938584645 0.0010310119698682318 0.00027995304185546527 7.877641303396613e-05 9.68252552906547e-05 0.000491117422542403 0.00011573063283187049 1.375573842887298e-05 0.0003090902863145858 8.478529743311883e-05 6.478546105562019e-05 0.0033070066490248143 0.0001224179614195974 4.33496347523635e-05 2.4928479076217525e-05 1.6457464218064297e-05 0.0005782881817843583 0.0 2.94191811335342e-05 0.00013191417746560727 4.419027105165208e-05 0.0016942674934890462 0.009607204156536297 0.0006289867280938657 0.0008513399940836383 0.002524719786697333 0.0009119605966762218 7.190016921053835e-05 0.003976677653824197 6.360489494861055e-06 9.810960044678964e-05 1.7884887728949168e-05 1.2144894150879228e-05 0.0001906422353154414 0.0009154113835760805 0.00038383334984988917 3.4526068739146476e-05 1.1611367334369671e-05 0.004310934225272288 0.0032294650338822763 0.0031100534324161226 0.0029608757963801345 0.013378525092741053 0.12031779143859628 0.022869441044462327 0.003925190257588975 0.023186920667753203 0.0004083542738801182 0.0 2.507809622701561e-05 1.113986538992381e-05 9.117859443534353e-05 0.0 5.6523756641788266e-06 0.00011571947299364167 7.309435246865742e-06 0.00011618457774576217 0.000780475430272423 5.847718182996134e-05 0.00013299934783010244 0.00034997561955431826 2.3168422316685453e-05 0.0 0.00012519017778618132 0.0019641700499780338 0.0 1.1928734236824613e-05 0.0 0.0 1.778801918564458e-05 0.0 0.0 0.0 0.0 4.980418268906308e-05 8.477665350241455e-06 0.00015890201840481447 5.159443033888996e-05 2.585377578577998e-05 2.8323103620212267e-05 0.0 0.0 0.0 0.0 0.0 0.0 0.0 0.0 0.0 0.0 0.0 0.0 0.0 0.0 0.0 2.5782102329012652e-05 0.0 0.0 0.0 6.972268237642977e-06 0.0 0.0 0.0 0.0 5.587929246381757e-05 0.0 9.0154982627204e-06 1.4772238312103197e-05 0.0 0.0 0.0 0.0 0.0 7.477300356727874e-06 0.0 0.0 0.0 0.0 0.0 0.0 0.0 5.8894398278231794e-05 1.03921092308056e-05 8.350172560421181e-06 0.0 0.0 7.290623314353687e-06 1.6264806249481175e-05 0.0 0.0 1.5200994853427261e-05 8.392972285660804e-06 0.0 0.0 0.0 0.0 0.0 0.0 0.0 0.0 0.0 6.0656211656360587e-05 1.120640143921072e-05 0.0 0.0 0.0 0.0 0.0 3.219642015975414e-05 0.0 0.0 1.916225768101071e-05 8.963845863357456e-06 0.0 0.0 0.0 0.0 5.344336906968417e-05 0.0 0.0 0.0 0.0 2.6646713908630873e-05 8.316184432018024e-05 0.00012070024051104033
0.0024454531134981664 0.17022765340444496 0.07001640834264525 0.004544219667020965 0.19810895029521938 0.00010110813191165762 0.10220960865774364 0.07558083254231192 0.0 0.014731929229110104 0.0797016506813482 0.002307575200637652 0.0479149242403479 0.09119388730110546 0.00014051087966611412 2.767144878077944e-05 0.0 0.0 0.0 0.0 0.0 0.0 0.0 0.0 0.0 0.0 2.669018258938891e-05 0.0 0.0 0.0 0.00202678416931283 0.00023317286465272704 0.001728490059062641 7.044099167515915e-06 0.0 0.0 4.6241369543942735e-05 0.0 0.0 1.2313611934882987e-05 7.105491705713659e-06 0.0 0.0 0.0 0.0 0.0 0.0010453233478777363 3.4732318834043184e-05 0.0 0.0 0.0 8.094724327237774e-06 0.0 9.016281966083218e-06 4.3693811756229553e-05 8.98290255058018e-06 0.0001633219387426014 0.0008287880454055812 9.098781393681025e-05 0.00023584719195262433 0.0 8.165023861676665e-06 0.0 0.000335925412521557 4.313562819147402e-05 1.2126831131160143e-05 0.0 1.9967367620420295e-05 0.0 8.05241716322385e-06 0.00023309727634131087 0.0 0.0 0.0006098792734950519 0.00028826990275044055 0.0006139726965420627 0.00015112486484056373 4.874030293259122e-05 0.0007102798909504061 0.002057334854525562 7.2215109318156395e-06 0.000926798339527734 0.00012257485529274095 0.0 1.9999305363537837e-05 0.0 0.0 3.997457654692165e-05 0.0 0.0 0.0 0.0 1.697835717483319e-05 0.0 1.855865228069882e-05 0.00017584502408815922 0.0 0.0 0.0 0.00023786455122167642 4.02280105892193e-05 0.0001008449406404207 0.0002564014691619962 0.0 0.0 5.406379113280948e-05 2.959453354024346e-05 0.0001362050022059176 0.00011877483332844898 0.00040365959471180135 0.00011396576948045197 0.0005181753329099993 0.0003426113568108206 0.0003050794634047171 0.00022175821968000364 0.0 0.0 0.0 0.0 0.0 0.0 0.0 0.0 0.0 0.0 0.0 0.0 0.0 0.0 0.0 0.0 4.084640442315874e-05 1.3452360997660902e-05 0.0 1.3734562568694102e-05 0.0001354868827294202 0.0 0.0 0.0 0.00021519467410870195 0.0 0.00013150996231432393 7.302683312800174e-05 2.0006563775057046e-05 0.0 0.0 0.0 0.0 0.0 4.767191199889615e-05 0.0 0.0 1.5779768942283063e-05 0.0 0.0 0.0 8.546714133176384e-05 0.0 0.0 0.0 0.0 3.76627566086726e-05 1.7982149344656926e-05 0.0 0.0 0.0 3.417299999806113e-05 0.0 0.0 0.0 0.0 0.0 0.0 0.0 0.0 0.0 0.0001954881545841215 0.0 0.0 0.0 1.0624355205706882e-05 0.00021505146818852933 0.0 5.217630750243157e-05 0.0 1.3216731182071556e-05 2.114550204970604e-05 0.0 5.5236591618413226e-05 0.0 0.0 0.0 0.0 0.0 0.0 0.0 0.0 0.0006294955279706287 8.332164473180798e-05 0.00018561761092776848
0.10851594493200686 0.13681640060415168 0.009841352846013215 0.1320344518963993 0.05305166543252492 0.05424015834870234 0.25481597199739525 0.0024525919638671134 0.014731929229110104 0.0 0.006851669560571087 0.21644983743961957 0.44120280957358965 0.07330422818893685 0.00021316709922969383 1.6324923743812147e-05 3.220333310701839e-05 7.43147080010738e-06 7.399415867701937e-06 0.0 8.792123883129549e-06 3.1558159689711566e-05 0.0 0.0 0.0 6.776568230461492e-06 0.0 3.862681245448567e-05 0.0 0.0 0.0059506131970277565 0.0003123345539504026 0.004793630009015018 0.0 0.0 1.5628456208975697e-05 0.004084541934953621 0.00011120060278196816 0.0 0.0 3.169837545196018e-05 4.3807783831958564e-05 0.0 1.5047676474286384e-05 2.0342176195132533e-05 8.03324450743498e-06 0.003619124120805881 0.00017143484266848532 6.635944380932205e-05 0.0 1.3887162553085727e-05 7.720731194653828e-06 0.0 0.0 0.0005026265446645248 0.00012239667905144594 0.003965533379797677 0.007644171810072863 0.0014961618346765386 0.0014244262178422164 0.0 0.00010048012916647144 0.0 0.0023173730118611203 7.723427585888977e-05 4.5110619870785635e-05 2.949323438735109e-05 4.668409297315731e-05 6.57448323817217e-06 1.3889620476327219e-05 0.0031424954093007287 0.00045424512721215264 0.00011950680860715777 0.0059859995123507275 0.002283103076180058 0.0020148918516472198 0.00029944620363276585 0.00013661177110709975 0.00015314008998281825 0.0033776175041313385 2.468066218504763e-05 0.0010744784331852175 0.0008016597463908584 0.0 7.108838070244031e-05 6.301608103373058e-05 3.346286984023008e-05 1.6133867362163632e-05 7.003826336296601e-06 1.6653455977743784e-05 7.070954435631744e-06 0.0 5.4974574071137895e-05 0.0 1.8001213356210136e-05 0.021426571727249807 0.000908530483309542 1.4145584464449544e-05 0.0003717464369302803 0.029696781858007396 0.0004781326791525828 0.002756307151086657 0.0031099973371999544 0.003876035161340785 0.0007616214603758595 0.0020891837486313315 0.0021858827751895372 0.0014914718409434749 0.00452762680889156 0.009168591443113027 0.0012710012715237411 0.012904737177139983 0.01567995280029749 0.012524642583060889 0.002480432941601499 0.00011501890505445052 0.00016144587374346316 0.0 1.2832347876321504e-05 0.0 0.0 0.0 0.0 0.0 0.0 0.0 0.0 0.0 0.0 0.0 0.0 0.0 0.0 0.0 0.0016559777863973354 0.0008327097843147382 0.0 0.0 0.0 0.0013299476096813078 0.0 0.0009347010339477279 0.0007242926956791407 0.0 0.0 0.0 0.0 6.785318363957901e-06 3.1464748840760846e-05 8.719398652503335e-05 0.0 1.8274073964420436e-05 8.726384843072525e-05 0.0 0.0 0.0 6.098131976578644e-05 1.974021205521209e-05 0.0 8.145954356875583e-06 0.0 0.00017956801728937128 0.00021174854548303677 0.00010636935353690595 4.441131415788289e-05 5.889274053809673e-05 0.0019314477947695102 0.00030725836932785886 1.339984188585621e-05 0.0 0.0 0.0 0.0 0.0 0.0 8.837624455238703e-06 0.004530867356988208 3.544193659392011e-05 0.0 8.46615516487069e-06 1.2239572719366218e-05 0.0021240577541973313 9.929452514080392e-05 0.0002991580254080498 0.00011766499828101652 0.0001353131355718108 9.793932258039076e-05 2.7142713907495354e-05 2.7027653558327168e-05 0.0 0.0 0.0 0.0 0.0 0.0 0.0 0.0 0.0154402193613102 0.001238920539164134 0.0016620848095007718
0.010785453550954916 0.12890422645151697 0.13758535389330454 0.0003082025792898385 0.0584802792612505 0.00010044715014770203 0.023309649874155684 0.3240387383685607 0.0797016506813482 0.006851669560571087 0.0 0.006728557500427207 0.029402313691747835 0.24677882030693724 0.000637167570678326 0.00016770846257478086 1.667708854044241e-05 9.307833655352428e-06 0.0 0.0 5.819625835459929e-05 0.00029145337539135564 0.0 0.0 0.0 1.4685017743141352e-05 0.0 2.231942132679269e-05 0.0 0.0 0.024502541780786143 0.0024572693795884564 0.023020078431772912 1.1356256020388969e-05 4.166216149766259e-05 9.289285764954672e-05 0.0037314862641360407 0.0010262843672239857 0.00024232321238488774 2.4309335719124244e-05 0.00015852578402709945 0.0001456021139567397 0.0 8.695580418026696e-05 0.0 0.0 0.002087658321305916 6.821260562700672e-05 2.9567583666192096e-05 0.0 4.9191704472719015e-05 0.0005378509108004094 2.6553433066546414e-05 0.0 6.237750927964203e-05 3.2563709698853775e-05 0.0007593717971476231 0.0033732665161196316 0.00031731324074758024 0.0004620228978512475 0.00019869261997695328 0.005269372169518919 0.0 0.0018497662977412796 2.7386901592905655e-05 4.0520277621433395e-05 7.90944867343137e-06 5.9015149021832665e-05 8.523104275902288e-06 0.00013286403692784108 0.0023029920752952794 5.001244026087592e-05 4.566899569921663e-05 0.0015618024598409812 0.001051859186117141 0.0014976550004623928 0.000652935422324535 0.0004939771799174078 0.022702765510244076 0.06560288669622993 0.0002788807018869124 0.0303014921842342 0.00017147007513960326 0.0 4.0213676874443244e-05 1.2247422570572782e-05 3.4090602805909796e-05 8.094028271696527e-05 9.360176372864398e-06 8.507186064296094e-05 0.0 0.00012400520609437974 0.00014420271272396262 3.014164882090135e-05 0.00016341482590192182 0.0023583481358994567 0.0003377340588895839 0.0 0.0005954021269652899 0.0010517140862471746 0.0 5.0550961660421266e-05 0.0 0.0 1.4539692039651673e-05 2.7737940273722512e-05 0.0 0.00020758887020454574 0.00014518836863076234 3.26744132921e-05 1.7924797395448173e-05 0.00016849336224491497 0.00022607716435616164 0.00019650007126754536 9.305762456761e-05 0.0 1.6193882926228578e-05 0.0 0.0 0.0 0.0 0.0 0.0 0.0 0.0 0.0 0.0 0.0 0.0 0.0 0.0 0.0 0.0 0.0 2.1466811273049188e-05 6.94295327623912e-05 0.0 8.95036848488827e-06 0.0 9.811800694711378e-05 0.0 0.0002428804303587399 0.00020609905865687683 0.0 4.6585141878549025e-05 0.0 0.0 0.0 7.051538856214837e-06 0.0 0.0 1.5068635045993947e-05 2.1375488468650034e-05 0.0 0.0 2.699653247805967e-05 9.634523331876214e-05 3.0446842075714984e-05 0.0 0.0 0.0 8.107074979532684e-06 1.7003170175463036e-05 0.0 0.0 0.0 0.00010481757693253904 1.728051266357457e-05 0.0 0.0 0.0 0.0 0.0 0.0 0.0 0.0 0.0002098190891664042 1.7098621460817114e-05 3.447069374881014e-05 0.0 1.1663487270162457e-05 6.653811291702318e-05 2.995932670336651e-05 7.612802790231654e-05 3.7794632399932454e-05 1.8478489924889355e-05 2.8295198531392355e-05 0.0 7.021123353118221e-06 0.0 0.0 0.0 0.0 0.0 0.0 0.0 0.0 0.0002746759105636631 0.00016051752706061092 0.00019021492593975065
0.0030253636283832583 0.009564521341649654 0.0038649341264993344 0.005763099869311774 0.003040695355211667 0.0039005428802134953 0.03098433274725475 0.0025060219892273595 0.002307575200637652 0.21644983743961957 0.006728557500427207 0.0 0.06167809979867665 0.02564419685530685 0.00045809341285223246 0.00011991519923718338 1.664769295036703e-05 8.007849222530885e-06 0.0 0.0 0.0 0.0003273122708612572 1.250915813112411e-05 3.71725117024935e-05 3.881876118373266e-05 0.0 0.0 0.0 0.0 0.0 0.0039037362547388772 0.00032595889877310656 0.006387589057475447 0.0 1.4482847910690483e-05 2.3399535461803716e-05 0.02537656204581809 7.655680946843646e-05 0.0004008743935279739 5.876466973652833e-05 0.00010294954245142611 9.825557313280627e-05 1.3846840892996452e-05 1.960476931500184e-05 0.0 0.0 0.0018470747204223483 3.7936087194756234e-05 0.0 7.754871730167337e-06 1.4769431872802377e-05 0.0004306709461415323 8.074541157985132e-05 2.211866509012709e-05 3.897938985506708e-05 7.2495741041020455e-06 0.00028490280243008 0.0013356635068224145 0.00016703527603477937 0.0001589625961112448 1.1532087560384696e-05 0.0007620767004755269 0.0 0.00132986885847984 0.0 2.4233425137166343e-05 0.0 7.344203843719081e-06 8.4997793350844e-06 4.386846529973755e-05 0.014108108596678475 0.00021052586691713222 2.4828749161133414e-05 0.0006653507460162616 0.00037759001790416103 0.0008006975362763297 0.00040806800181241316 0.0004617843730940305 0.00014386072325347073 0.010167940129007059 3.327896475176731e-05 0.002428443418564955 7.965660468526608e-05 0.0 1.6018933357696464e-05 0.0 3.065175670101835e-05 1.3905271960231265e-05 3.928756289166987e-05 5.489797622283534e-05 0.0 3.523484847354275e-05 3.898524260549238e-05 1.0658719743661321e-05 8.949750067250258e-05 0.0650884889435356 0.0031482482448715976 1.6250413940061165e-05 0.0017562826687495283 0.0020158413204784936 0.00030895859119014476 0.0017366399325466908 0.001622030859184291 0.002187099962338654 0.00048820540973149116 0.0011407675438902525 0.0009532035501180803 0.0012381290378307823 0.0043800633655733225 0.00543726199411358 0.0016696731467077833 0.013275769791534319 0.01105311773406076 0.013241776092977825 0.00410802722794937 0.00035410420549130734 0.0002365283070803852 1.3661631768525364e-05 1.0417495360296573e-05 0.0 0.0 0.0 0.0 0.0 0.0 0.0 0.0 0.0 0.0 0.0 0.0 0.0 1.222001187406119e-05 0.0 0.0018239351376569814 0.0012756108987352834 0.0 0.0 0.0 0.0023446686529064362 6.146726406924402e-05 0.0021204645914680888 0.002081803709890312 0.00017251257212355984 0.0 9.1109800661182e-06 7.712518178726952e-06 7.046861416689418e-05 0.00022703062494755486 8.96230512940203e-05 2.1864579182415508e-05 4.0478036986754785e-05 0.0002336187882040065 0.0 6.489406866962347e-06 2.2784820272854727e-05 0.00028596030330505277 2.6700395757901434e-05 7.853716011622593e-06 3.387922476412622e-05 0.0 8.184959132860141e-05 0.00040899129714866824 0.00014728245758606593 9.319002893138719e-05 3.369883016623296e-05 0.0035193987162886317 0.00043867216928640995 0.0 6.131378333411054e-06 0.0 6.3505168085330815e-06 0.0 0.0 1.5633141339048132e-05 3.739216227038921e-05 0.005345735227862447 8.282708762605077e-06 1.9802451163942734e-05 9.739410063916546e-06 9.859652987269865e-06 0.0033214985937539783 0.0002285765341528354 0.0008328133967353454 0.00012076261206808077 0.00027908059568366235 0.0002869553966116935 5.502320518417221e-05 0.00017035560257024648 9.602945579602429e-06 0.0 0.0 0.0 0.0 1.745618306829944e-05 0.0 0.0 0.015584537980953866 0.0023789635981243287 0.0032184152894961897
0.0028407486230837735 0.08548450526794135 0.02433759032133315 0.012582417724150871 0.032588613392395605 0.0016674767692046101 0.3252364366851901 0.012321156331600287 0.0479149242403479 0.44120280957358965 0.029402313691747835 0.06167809979867665 0.0 0.274630069337553 0.001057706949283733 0.00031058304651563923 2.8546648290487103e-05 0.0 0.0 2.971418136174417e-05 2.879112101442578e-05 0.0005694686856574522 4.791424479760893e-05 1.6057386092788107e-05 8.571241729061329e-05 5.383077610320636e-05 2.0132044205074188e-05 1.3041461174080347e-05 0.0 0.0 0.006961458694065069 0.0009389538161154545 0.02039257056321736 2.536182247951324e-05 0.00023090459091106716 0.0006988091452682666 0.009934648108483697 0.0011574667677781683 0.0017665247036692407 0.002424173290551537 0.0002864796526591701 0.0002540140517569179 0.0 7.13705633522864e-05 1.4465705925530982e-05 0.0 0.004107354073148135 6.955690836292357e-05 2.912390990509596e-05 0.0 1.8546999270883425e-05 0.0010796901710232896 0.00028724943124900016 5.734202718237319e-05 6.401883131754159e-05 5.591163212957096e-05 0.000648731290801391 0.002141426838768844 0.0003092191145739994 0.0006280022410281406 0.0001090588495252555 0.0014382449418511689 1.4266556769047863e-05 0.0022422653187394084 8.126208572225586e-06 2.4813936923431766e-05 8.540423876076264e-06 9.482294446896267e-05 1.659924372487331e-05 0.00010685911076474632 0.0060731871880494994 0.00028751814140326394 5.308900270137971e-05 0.0017543711900020928 0.0010497359817274038 0.0019134510693968106 0.0008270555067660752 0.00033123520729845003 0.0004577395872636627 0.024553254116368533 6.714992156748795e-05 0.003769295682528158 0.00023344540115931303 0.0 1.4831350542073912e-05 1.3226274784704778e-05 1.2463110675671431e-05 5.174007892328224e-05 4.51290729111035e-05 0.00019740838285469303 5.568910340497168e-05 0.0001809536115488069 0.00022503671940546512 5.551387673260256e-05 0.00038797551204380903 0.051076975579107176 0.0013434386193399007 5.0882685471365506e-05 0.001669764127099732 0.000882998884680268 0.00030193179758450275 0.0010220190482438975 0.001280645773523482 0.0009465991335619025 0.0007652324364872234 0.0009116033982334594 0.0006287439271483622 0.0005277594372597678 0.002973980013638606 0.004118127361900459 0.0014629148177388428 0.009798000915083246 0.006573449145857456 0.007351419473213511 0.0030903849133492255 0.00010945892581944903 9.02082616382974e-05 0.0 9.465205441060665e-06 0.0 0.0 0.0 0.0 0.0 0.0 1.3028267613417793e-05 0.0 0.0 3.190084680268304e-05 0.0 1.0386681901909804e-05 0.0 5.593554088056528e-05 0.0 0.0012087781041984266 0.001056124192592461 0.0 0.0 0.0 0.0016303629430898358 8.676177045827277e-05 0.0018001364158071393 0.0016603769843730732 1.899435350805261e-05 6.765432196306777e-06 1.3125394339372287e-05 1.1941993716461613e-05 8.506290237640635e-05 6.182495812503611e-05 0.00017202282771329778 0.0 3.8653179433901925e-05 0.00023364559342253064 0.0 0.0 0.0 0.00025817148029703003 2.224169919375936e-05 0.0 7.282511618331973e-06 0.0 5.289587109275799e-05 0.0003702056529252626 0.00011281544858585493 0.000103365696871775 4.637367686034084e-05 0.0023039720536252245 0.0004985156482063996 0.0 0.0 0.0 0.0 7.39950498038961e-06 0.0 1.5594637333643028e-05 0.0 0.0037398119294866305 0.0001334199114974085 1.4320867900379994e-05 3.274176905604131e-05 1.3457499015502194e-05 0.0022400460313408118 0.0003021179594822989 0.0005517598345497525 6.185727307117407e-05 0.0001755382713613113 0.0002079029222370914 0.00013217084214801355 0.00015464734655982077 0.0 0.0 0.0 0.0 8.423994487466639e-06 0.0 0.0 0.0 0.00975403748495577 0.0023300525827483964 0.002257680343957799
