0.0 0.2010812911834349 0.05050369334347513 0.04334773480691216 0.0016511175840445483 0.009937117403870432 0.021059482451321106 0.0012808022595183384 2.0360795915520582e-05 0.04739752491333951 0.0006064706186457063 0.0011091848596877397 0.0022247508771648717 0.000429497639349178 0.0002562190750663703 7.88292663559979e-06 0.00012140038836861026 9.392297255580906e-06 1.2741596121811589e-05 0.0 8.546569798496164e-06 2.8469223367432408e-05 0.0 7.761679084962155e-06 0.0 7.598776108049047e-06 5.753601948407542e-05 7.676446041077446e-06 2.5597587436686824e-05 6.6214362167854095e-06 0.07461417181774345 0.0005433415688162694 0.0003578814884419322 1.4727685657732404e-05 0.0 0.0 0.0002993187281693717 0.00024107743264949243 0.00018855869597795224 5.3835934553644855e-05 7.882413063191809e-06 0.0 0.0 0.0 0.0 0.0 0.006428790918834129 0.0008505572550380336 9.658467593796766e-06 1.549902437463873e-05 0.00032782946713219807 0.00013828340210243287 3.766254901126413e-05 0.0 0.0017142945900668922 0.0014533736017318766 0.011503491029924446 0.056354424596860714 0.004913781539943116 0.004817722133234145 2.5691797365409155e-05 0.00015138429399637378 0.0 0.0031777799260277167 0.0006113398566401533 0.0006421165382832782 0.0004318264459986177 0.00018443935424690115 0.0 1.781783408262621e-05 0.003719608216691907 0.0008150656171913693 0.0001734669693194677 0.01646620153657528 0.00943017698257132 0.0008619483355094159 0.00016771516712982485 0.0001104746109426785 0.00046641554187673004 0.0001774270146793366 1.784320984351242e-05 0.000587248798743464 0.002400974676750724 0.00023777849867586884 0.000271219275646922 0.0007709886261302501 8.372513665611834e-05 0.00010517928956531482 0.00044649656321801053 0.00010575945111444562 5.437992372244681e-05 3.286663717117295e-05 8.554379063254416e-06 6.76966842114269e-05 5.5341509763986066e-05 0.018531143733782875 0.005448775097523812 0.0007835701365130002 0.0009527487942685176 0.09823882707630428 0.0 0.00018646364016683135 0.0002799780204431643 0.00020055355395226716 0.00025515245605700653 0.0005646752764303463 0.0003039745745729655 0.0005462738417321636 0.000872195340973211 0.0015599400780795722 0.00022004092429729697 0.0007036386458234189 0.0011686223110969256 0.0004930092754916654 0.0005513481227050194 0.0 0.0 0.0 0.0 0.0 0.0 0.0 0.0 0.0 0.0 1.073088088558537e-05 0.0 6.317401995642341e-05 9.985767224965139e-06 0.0 0.0 0.00011210896588418049 2.6580957454166128e-05 0.0 9.004626511253278e-05 6.905500526032279e-05 0.0 9.133804534892507e-05 0.0001291732681004927 0.00016527636834913305 0.00018664101016273017 0.0003623636262278231 0.00022763243435456506 0.00019313881654883737 0.0 0.0 0.0 0.0 0.0 0.0 0.0 0.0 7.710106749471684e-05 0.0 0.0 0.0 1.9802476981086648e-05 0.0 0.0 0.0 0.0 5.471956391219141e-05 0.0 0.0 0.0 0.0 0.0007021388532966275 7.741990767974723e-05 0.0 0.0 0.0 0.0 0.0 0.0 0.0 0.0 0.0005936912037477034 8.971113237447425e-05 0.0 0.0 0.0 0.0003362383363759249 0.0 0.00011709104997750172 0.0 4.1013987869925065e-05 0.0 0.0 2.1403179720035967e-05 0.0 1.410166215700712e-05 7.262642644834224e-06 0.0 0.0 0.0 0.0 0.0 0.0005275755750698064 0.0006307260622421577 0.0009822512183534054
0.2010812911834349 0.0 0.09133442931717518 0.06284680809458625 0.1400498059689093 0.004567959446904543 0.25944492703937866 0.04865652325329669 0.1323826741214854 0.09029725928943544 0.19910442795584757 0.013009353151969827 0.029725316365128197 0.13015461759073205 0.0021325755244977016 0.0004035328373306734 0.00018840118647789588 1.5501706936664362e-05 3.078276138675025e-05 3.181264224843997e-05 8.548562871843577e-06 7.59843993398977e-05 7.2270914486977825e-06 2.8518940011805554e-05 0.0001256285217473551 9.495997770425243e-05 4.9160703208082114e-05 6.787070470998982e-05 5.9334133786091714e-05 2.9870501494127137e-05 0.18921490143058456 0.007633585925362605 0.01724242960908029 9.17439370236812e-06 2.3572385205634707e-05 0.00014592857306594268 0.004291764130178154 0.0004541351034913345 0.0007098123048948193 0.00019154800700584758 3.487775450173114e-05 0.00012650017397874088 3.929982622487421e-05 0.00016951847515029578 0.0 0.0 0.027940059675047372 0.001958265938152784 0.00014300341348230913 5.2404948486266106e-05 0.0010556232462594984 5.0754192735569775e-05 0.00014059105820338173 6.678695996174658e-05 0.003739423988561227 0.0029018395570836373 0.006622853246828683 0.047065308940501094 0.006966842494022933 0.01227351280927898 0.00033307154451843674 0.0028214558855424784 2.964438722620606e-05 0.02706370189801195 0.0014839197209385326 0.0019416762051942523 0.000916007867375115 0.0006444509884297682 5.835112397811813e-05 6.840588839955079e-05 0.0070232826034720775 0.00019505907022609943 1.471973785085656e-05 0.025952557934537462 0.010406209955133599 0.00814719491039623 0.003666553512762364 0.0009607412600348633 0.005225334519777789 0.026886376885127784 0.00026423145287911466 0.016347312510837875 0.005877284383849952 0.0004692645522687191 0.0007798349694964872 0.0021654766612336806 0.00024218459681504522 7.411703524369251e-05 0.001189376910081966 0.0 0.0003936117190128294 1.5525193369695864e-05 0.00011726155537256962 0.00016597283439502233 0.00018702349015276012 0.0030135376656858144 0.00044171015407842184 7.486430565067348e-05 0.0005086725953525944 0.04549282981100933 3.0135810293686195e-05 0.0 0.00019900630269542843 0.0001296281527787009 0.0003420019926157776 0.0002082355403892842 0.0001690989812171205 0.00026025624070147074 0.0005273863761545935 0.0005276774531436416 0.0001401369345402474 0.0006815553757357923 0.0010409201489279185 0.00038163148464231213 0.0002113438178557416 1.2982114259288014e-05 0.0 0.0 0.0 0.0 0.0 0.0 0.0 0.0 0.0 0.0 0.0 0.0001093318047231355 0.0 8.101367603352427e-06 6.288701223934068e-05 3.188840030024568e-05 9.121679393199572e-06 0.0 0.00012760067330186485 3.187289389318713e-05 0.0 0.00017068772938227698 7.065458033087315e-05 0.0005693606683903747 0.00030358534210456255 0.0009442461564976985 0.00038043094824456204 0.00030760204990176016 1.5998455820897268e-05 0.0 0.0 0.0 3.426091151053724e-05 0.0 0.0 0.00013095245948239263 5.452684731595575e-05 0.0 0.0 0.0 0.00016007931586234595 0.0 0.0 0.0 0.0 0.0 1.2578515939864366e-05 0.0 0.0 0.0 0.0009878047049121166 0.00015386794304901087 0.0 0.0 0.0 0.0 0.0 0.0 0.0 0.0 0.0008821300409292521 0.0 0.0 0.0 1.1099063973462385e-05 0.000903091333799237 4.063867662900275e-05 0.0002584494787937894 0.0 0.0 6.725230038134984e-05 0.0 8.439186254222648e-05 0.0 0.0 0.0 0.0 0.0 0.0 0.0 0.0 0.00017459127404468463 0.0010417165379928307 0.0017689606187273209
0.05050369334347513 0.09133442931717518 0.0 6.36365431381751e-05 0.019927095642919262 0.00016737556882490652 0.020523496466934722 0.26134458530319316 0.008467271686282798 0.0029240809894302278 0.10968702139840802 0.010929626506143585 0.0133742827225569 0.07654514963436718 0.0018772996802532446 0.0005247595634770806 9.957956215842745e-05 9.976112450324255e-06 0.0 0.00015071512396955865 0.00011452123352716364 1.962864464205086e-05 0.00012291181134507746 0.00016544939005568547 0.00035659637949178813 7.952381987628256e-06 3.24386071104085e-05 5.324012354466439e-05 8.333016210022795e-05 6.768841614672576e-05 0.311483554818214 0.03117355394056513 0.048916552804941546 8.939665787710266e-05 0.000205583944782272 0.00042731141638086614 0.010248660498241725 0.0009522488324959206 0.0007729332355117837 0.00023988010849572444 0.00014900856216513484 0.00013807178836135845 3.97969424068142e-05 7.931605180663958e-05 5.8722082419020466e-05 3.0183070554095446e-05 0.006444605563417232 0.00030429468934547755 6.86114230413819e-05 2.551870606560698e-05 0.00019803260807281213 9.014699296460106e-05 0.00010458002531350579 0.0002256067121072855 0.0007489787253705692 0.0005086041059290974 0.0014534623962747558 0.0198314687608351 0.0016874578993288296 0.0026857532679154224 0.0012656913702296547 0.009578160935563436 0.00017221143878923728 0.021666833644954947 0.0002169716931546308 0.00040042426022661285 0.00017613830943357273 0.00017811680363954011 0.00010317286591282408 0.00019778190805626607 0.011543573956125437 0.0002476894525129556 9.783428717567643e-06 0.006904021904029819 0.0027088786833862457 0.0032768421229460503 0.006799273292935051 0.0007689074187314503 0.06884421132901938 0.0628092955377153 0.0003419499781053983 0.07326029828592484 0.0010783283268787124 6.96814959379562e-05 0.0001359022413533303 0.00038062698791847387 0.00014118703417413943 1.506082854435319e-05 0.00019467885137230487 2.682052061760412e-05 9.046094100192578e-05 1.0156659893580333e-05 0.000326997537825643 9.947165782466813e-05 0.0002655069502282079 0.001783531218243933 0.00013832785543510163 0.0 0.0005443890458156563 0.014410983514588124 0.0 0.0 7.13164069810743e-05 6.737455252343545e-05 0.0001270509252916449 0.00014578832526935555 6.63256095551298e-05 8.997993372416041e-05 0.00023054687657773494 0.00018295330252064658 7.552061252515723e-05 0.00017741695007778035 0.00038044583475619205 0.0002861153569932433 0.00022059182446242958 0.0 1.029191695202465e-05 0.0 0.0 0.0 0.0 0.0 2.244907862804638e-05 0.0 0.0 0.0 0.0 4.285227680851352e-05 0.0 4.607788849407317e-05 2.535272487615569e-05 3.06550880593844e-05 8.201604565257111e-05 0.0 2.531200831437009e-05 8.540466857121018e-05 0.0 0.00019857724355670212 0.0 0.0004646661196517987 0.0003415728638838015 0.0006675139768224073 0.00027356155116771885 0.0002370867727035468 1.3106110098909381e-05 2.0022581098632252e-05 0.0 0.0 7.564505298831876e-06 0.0 0.0 0.0 3.983778977813408e-05 0.0 0.0 0.0 8.834300447679916e-05 1.981304742246748e-05 0.0 0.0 0.0 1.2622558156853968e-05 0.0 0.0 0.0 0.00011298447087519904 0.0007738352935494971 0.000108006970915015 0.0 0.0 0.0 0.0 0.0 0.0 0.0 0.0 0.0009008238768213741 3.220814326437717e-05 0.0 0.0 2.875881247857583e-05 0.000509929821251715 0.0 0.0004208449198689514 0.0 3.6742387707265023e-05 1.3929884107603269e-05 0.0 1.3039965581300255e-05 0.0 0.0 0.0 0.0 0.0 0.0 2.2333151739106e-05 0.0 0.00042335895990713125 0.001088733091218375 0.0010282287971992916
0.04334773480691216 0.06284680809458625 6.36365431381751e-05 0.0 0.00011183715784835177 0.00522789744971831 0.01793419068539738 1.5305313497066163e-05 0.00015632099684702948 0.06441446475661369 1.6183450143936886e-05 0.006161039204182536 0.015541737610578036 0.0012182201778354225 4.507810284661478e-05 0.0 3.296830324334917e-05 7.5345473379542535e-06 0.0 1.2094337658561066e-05 0.0 0.0 0.0 0.0 0.0 1.7010868776896196e-05 0.0 0.0 0.0 0.0 0.0034958505598567014 3.7673861136260515e-05 0.00027086868934112423 0.0 0.0 0.0 2.397408066518285e-05 0.0 1.5693404120667374e-05 0.0 0.0 0.0 0.0 0.0 0.0 0.0 0.0015298606802030212 0.00011259084243318604 9.827153898641658e-06 0.0 7.963990141688909e-05 4.8670473535959054e-05 0.0 9.246106324340319e-06 0.0004241760671402505 0.00018329964943764615 0.0007826907046584255 0.003958510643773939 0.0005442683157037183 0.0006684891412802339 7.256672446139183e-06 0.0 0.0 0.0006128292146901535 0.00010650869333016989 0.00010468988663522375 3.790061205354054e-05 5.696675443358831e-05 8.731775478812848e-06 0.0 0.000540503489075167 0.00023226038288635058 3.7363212334480146e-05 0.0015889547243656287 0.0010036711597365242 0.0001756885501693333 1.8392564136365632e-05 1.0092830640289742e-05 0.0 0.0 0.0 1.2576535109773852e-05 0.00038864898828676195 2.908439869815973e-05 3.610376653956855e-05 0.00010154473505650242 1.1151208648993974e-05 0.0 8.901901655107718e-05 0.0 8.818123303457667e-06 1.0010666787596016e-05 8.767104363179205e-06 1.0924426156998778e-05 1.1266715400908015e-05 0.005561227149107983 0.0007536178977470251 6.518395549049951e-05 1.4580235604176635e-05 0.02616967410360079 0.0 3.1875972750107246e-05 4.756553893192652e-05 4.613603300986914e-05 6.0654946650892514e-05 0.0001039645387463004 8.29674523925685e-05 0.00010361420117193229 0.00017257828414020214 0.00038087995100440113 6.128423587930118e-05 0.00025225152072372824 0.00037784346219698516 0.00020953028027193723 6.927454618805087e-05 0.0 0.0 0.0 0.0 0.0 0.0 0.0 0.0 0.0 0.0 0.0 0.0 0.0 0.0 0.0 0.0 0.0 0.0 0.0 0.0 0.0 0.0 6.609047716192679e-05 4.036619843595412e-05 3.79781305568125e-05 0.0 8.02837639873039e-05 1.1820997282473683e-05 2.8979820019604487e-05 0.0 0.0 0.0 0.0 0.0 0.0 0.0 0.0 0.0 0.0 0.0 0.0 0.0 0.0 0.0 0.0 0.0 0.0 0.0 5.675373336235202e-05 0.0 0.0 0.00015527822319143898 0.0 0.0 0.0 0.0 0.0 0.0 0.0 0.0 0.0 0.0001327866952585643 2.0566925321884388e-05 0.0 0.0 5.737980970239657e-05 5.8952740868398356e-05 0.0 6.499963647973538e-05 0.0 0.0 0.0 0.0 0.0 0.0 0.0 0.0 0.0 0.0 0.0 0.0 0.0 2.7043199685391003e-05 7.729050418686641e-05 5.714429712384763e-05
0.0016511175840445483 0.1400498059689093 0.019927095642919262 0.00011183715784835177 0.0 3.0952804115583606e-05 0.2780688897892851 0.052546488559263714 0.410431787056993 0.0028065121714829842 0.09892907545892365 0.0026889672775041117 0.04695517994961258 0.15413625069258433 0.0006168870946271699 0.00013815784299221957 4.7807852961876014e-05 1.5803346634509996e-05 0.0 0.0 0.0 0.0 0.0 3.4135179061581485e-05 0.00011042915559608958 6.7334252876766494e-06 0.0 1.5320123971627074e-05 1.6741135006539634e-05 0.0 0.015595853012935663 0.0025942614285727195 0.0027000433705500963 8.637600991097331e-06 2.4467892456522943e-05 3.138205270260087e-05 0.0005402228575174029 0.00010469603919400842 8.769720360550195e-05 0.0 1.9618556198362833e-05 1.2768312197137703e-05 0.0 4.44144764376489e-05 8.242153458861336e-06 0.0 0.004598579570155359 0.0002362354313909811 8.810343680268755e-06 0.0 9.731435987298043e-05 1.7661411010524476e-05 0.0 7.366253461712196e-06 0.00025898690557689136 0.00025129429908108395 0.00022441616362964045 0.0021722916324117686 0.000744875701323442 0.0015012970020417283 5.8775865113449274e-05 0.0006105367518266392 1.0240491406740627e-05 0.004211174303455353 0.00011313413502510835 0.00012132032004599272 7.539329167471379e-05 9.440693368039783e-05 9.338642148776667e-06 7.834364723667171e-06 0.00114254721859833 1.656829952636853e-05 1.2204136475230567e-05 0.0018498855266376256 0.0011778164035552688 0.0023923551706489473 0.0013779648481124576 0.000340317680675438 0.000735434814447505 0.011983588372727299 0.00010112084966039065 0.0022505619908682376 0.00045347294240690535 3.0299379561527596e-05 6.542200693390095e-05 0.00020220591228085395 2.1586145528721343e-05 0.0 6.647429617763275e-05 0.0 2.789329927395398e-05 0.0 3.4458635598846213e-05 6.077889609501405e-05 9.419619823191074e-05 0.0002497418515282627 1.9984830626926883e-05 0.0 0.00012910599462572083 0.0004389877396071913 0.0 0.0 5.65550111264145e-05 0.0 5.8420233941425544e-05 1.4139473200615068e-05 0.0 8.538023618548744e-05 9.037316651566081e-05 1.2607640714890641e-05 0.0 4.941504269383807e-05 0.00016240850914095103 7.368860244421416e-05 3.834940216733879e-05 0.0 0.0 0.0 0.0 0.0 0.0 0.0 0.0 0.0 0.0 0.0 0.0 1.73573645461245e-05 0.0 0.0 0.0 0.0 0.0 0.0 0.0 3.36723175793101e-05 0.0 0.0 0.0 8.285945655657343e-05 2.3213119075074673e-05 0.00019176260681284243 9.673109498041578e-05 7.626766255351394e-05 0.0 0.0 0.0 0.0 0.0 0.0 0.0 0.0 0.0 0.0 0.0 0.0 3.924697272920613e-05 0.0 0.0 0.0 0.0 0.0 0.0 0.0 3.939786507109746e-05 5.20948312995881e-05 0.00021371951166844597 0.0 0.0 0.0 0.0 9.739678405597885e-06 0.0 0.0 0.0 0.0 9.844037994292762e-05 0.0 0.0 0.0 0.0 0.0001267022399125768 2.572775065587757e-05 4.088845066869781e-05 0.0 3.049749672282134e-05 1.42169407977136e-05 0.0 0.0 0.0 0.0 0.0 0.0 0.0 0.0 0.0 0.0 2.4457414806141787e-05 0.00020120960887341148 0.0003417956434751714
0.009937117403870432 0.004567959446904543 0.00016737556882490652 0.00522789744971831 3.0952804115583606e-05 0.0 0.0004482859248801051 1.3106513482005238e-05 0.0 0.012237642839973233 0.0 0.0023102668710935723 0.000920274918845645 0.00020026478449495437 0.0 0.0 0.0 0.0 0.0 0.0 0.0 0.00014644876843152672 0.0 0.0 0.0 0.0 0.0 0.0 0.0 1.2675992885033956e-05 0.0025735162440078557 5.42310244539029e-05 0.0004910777483523235 0.0 0.0 8.450787448958325e-05 0.0008041859852450868 4.937100176561235e-05 0.0007987432035040563 3.906467063392128e-05 0.0 8.215797593040948e-06 0.0 0.0 0.0 1.0743562322209045e-05 0.00016141953106742823 0.0 0.0 0.0 0.0 0.0009475442089568249 0.0007636380884997277 1.1777299165441244e-05 4.811718142505669e-05 7.569097615619783e-05 0.0011687133828855896 0.003270052103525531 0.000214291388398945 0.00034588544673798936 0.0 6.217849882865891e-05 0.0 0.0007248855796763873 0.0 2.183665094192086e-05 0.0 0.0 0.0 0.0 0.007905253261038584 0.017475231654916636 0.002613916471609799 0.0006806513452449538 0.0014005950766808766 1.1711466528692168e-05 0.0 0.0 0.0 5.960118370565875e-05 8.952418944044122e-06 6.477122370142626e-05 6.0223646351771106e-05 0.0002098253633835204 1.2877470498156595e-05 9.737681852587986e-05 0.0 0.0012421462623560177 0.00022126731974239 0.001094366082909886 3.856111965390587e-05 7.101801947889125e-05 0.0 0.0 1.1363598225926847e-05 0.01976137365094919 0.023712202391411377 0.007585440483278707 0.004537929369377471 0.015516575052478774 0.0 0.0 2.7097513350540236e-05 3.152770364177384e-05 0.0 3.357495662289011e-05 0.0001521027901721051 0.00011874435103686998 0.00021640179145478473 0.00018400067061948532 0.0 7.097140746671592e-05 0.0002234912210116297 0.0001537899715452335 7.141453861829724e-05 0.0 0.0 0.0 0.0 0.0 0.0 0.0 0.0 1.6013076847167153e-05 0.0 1.2891975535676874e-05 1.7377790164930265e-05 2.0356334859334315e-05 1.4362464149262008e-05 5.443583352166702e-05 1.3096196927109649e-05 0.000111656127118639 0.000197606939671866 0.00011036089943885566 0.0 0.0 0.0 0.0 2.060770181119062e-05 3.716426198733505e-05 2.435244885403924e-05 0.0001568735150552192 2.874998831225852e-05 0.00011194098195565267 0.0 0.0 0.0 0.0 0.0 0.0 0.0 0.0 1.4520469179031995e-05 0.0 0.0 0.0 0.00049139185619637 0.0 0.0 0.0 0.0 0.0 1.1610341092965496e-05 0.0 0.0 3.069716491145012e-05 4.529379359223785e-05 0.0 0.0 0.0 0.0 0.0 0.0 0.0 0.0 0.0 0.0001636833827283242 0.0003311271722694579 0.0 0.0 0.0 9.267326594957279e-05 0.0 0.0 1.5784010665568594e-05 0.0 0.0 0.0 0.0 0.0 0.0 0.0 0.0 0.0 0.0 0.0 0.0 0.00012871651213712429 0.0002511307149924579 0.00015610861822458962
0.021059482451321106 0.25944492703937866 0.020523496466934722 0.01793419068539738 0.2780688897892851 0.0004482859248801051 0.0 0.006507166957862274 0.21930456778340576 0.11792385000322314 0.08736675052504861 0.030345908530913273 0.07883251847111275 0.1168190226945835 0.0023488688961131733 0.00035187475651267435 0.00014035924888785494 1.775447780568124e-05 1.7113747575887754e-05 0.0 8.007224045970142e-06 1.2969266572123225e-05 3.813205664888799e-05 9.73050092466163e-05 7.245180989648273e-05 3.172210594117046e-05 0.0 7.644710294859322e-05 4.859243308331386e-05 2.010299094367915e-05 0.02300988853106744 0.0028445199680956546 0.009435166253456447 9.806699927030438e-06 4.593871488218379e-05 0.00011617280055472532 0.0029253069112545934 0.0008998416608919532 0.00038235026112418824 0.00016983041464910652 7.103411034037144e-05 0.00010408215584907536 0.0 5.181553296806258e-05 1.2586664793906188e-05 7.312634440296719e-06 0.014002731633739256 0.0006390122070118352 6.908946809535875e-05 3.181259971923178e-05 0.00029818116850760247 4.966415559766036e-05 0.0 5.52118433632728e-05 0.0008640371543477177 0.0006768445777289266 0.0008387875060958098 0.00674210577421915 0.001706570152391901 0.003814117816525255 0.0002591120213523284 0.002808026352414165 5.0178219024681793e-05 0.009360053858180475 0.00043617593067349293 0.0005180437552695144 0.0003279227033998057 0.00023810582859298845 3.5088046615441955e-05 0.00010694061739101138 0.005432121599105803 0.0003206670439220798 0.0 0.006006799916063458 0.004067813455820346 0.006998987341582268 0.004536322682907806 0.0012820319026484203 0.0008302147215511386 0.0022278421274828865 0.0001047873925775807 0.0086337687021901 0.0014849017441977527 0.00014052722250627175 0.0001981871315069481 0.0005274923402543246 0.00010867528455822888 1.5184721282863808e-05 0.00031774212501510155 0.0 0.00012109054568863965 1.454525339729521e-05 1.8009878588496094e-05 0.00010175496982022044 0.00012737535613440633 0.003935956039870263 0.0004407370329557342 0.0 0.0008435807592160073 0.003820064675706348 5.082924067847512e-05 3.4360459499269265e-05 0.0002062395621680775 6.132644160775533e-05 0.0003903811391424949 0.0003575013333819499 8.244049359411854e-05 0.0007684569416257273 0.0005473071120428696 0.0009389970070196432 0.0003054739778930636 0.0005706746720711916 0.001462462936373484 0.0006733944047359265 0.00040967848576342565 0.0 0.0 0.0 0.0 0.0 0.0 0.0 0.0 0.0 0.0 0.0 0.0 9.381755038129139e-05 0.0 0.0 0.0 0.0 8.354121909530422e-06 4.210165110475919e-05 0.00021274000472071053 6.85758679789538e-05 0.0 0.00023453253160913507 7.699017322874551e-05 0.0010379149919036812 0.0006532912391647411 0.0016166352435671922 0.0004711198735108053 0.00023468284078536866 0.0 0.0 0.0 0.0 0.0 0.0 0.0 0.0 7.93614330493052e-05 0.0 0.0 0.0 0.00021452943790920066 1.1831326725008115e-05 0.0 6.474118261527808e-05 0.0 9.113794735754081e-06 0.0 5.687013322763804e-05 0.0 9.335844757888923e-05 0.001740056983340368 7.282865283328178e-05 0.0 2.826110475401284e-05 0.0 0.0 0.0 0.0 0.0 0.0 0.0010703749312782887 3.0770517485465366e-05 0.0 8.852619001972685e-06 0.0 0.000941961035077653 0.0 0.0006276130646779733 2.7269011738181153e-05 5.237336410536622e-05 1.7890201396651753e-05 0.0 0.0 0.0 3.0107908555586324e-05 0.0 0.0 0.0 0.0 0.0 0.0 0.000804462630656156 0.0020498562976950206 0.0029528162800347654
0.0012808022595183384 0.04865652325329669 0.26134458530319316 1.5305313497066163e-05 0.052546488559263714 1.3106513482005238e-05 0.006507166957862274 0.0 0.03329704601169521 0.0012314004015234207 0.10617964529232249 0.010064433911179583 0.01131539748942848 0.11303743519747296 0.0022814097716817253 0.0006440887446102529 4.8660321942840684e-05 3.628582892477089e-05 1.338890226932584e-05 0.0003326870933640454 0.0004583338936495746 0.0001022854301901446 0.0011287405325855033 0.0009019947645615787 0.0006924604111513845 0.00019427668229202912 8.468102507252412e-05 9.0381021531537e-05 8.303566215430257e-05 0.0001293917625519466 0.0801917215461449 0.10288247315300875 0.09132416323607268 0.0002744123060927171 0.001096486979725655 0.0008736989585512119 0.011754038668183869 0.001498045861232381 0.0013092815900165346 0.0005990152613377823 0.0009818286932475743 0.0004311431814055795 0.00012265775345423024 0.0001807066507025534 9.711112954097488e-05 0.00015350357083594043 0.007389466948084978 0.00016923475700302834 0.0001543517875404681 0.00025456374033759225 0.00015327921701948556 0.00029187183481825925 0.00017789282227584797 0.000147443042035851 0.00012354271410586952 0.00010940252950759022 0.0004016566767765744 0.006798769631765724 0.0008273113111468202 0.0014703412415017936 0.014285512658925633 0.0364523498878443 0.0010395157468375685 0.03770067350415779 4.51792076621193e-05 8.031155424732776e-05 9.74929587052431e-05 0.00010919473566266956 0.0003331064532657767 0.0015977279271595088 0.013214323270757156 0.0006829523944978487 4.124085155404499e-05 0.002368889883655262 0.00630734241446589 0.005659679809681966 0.007946257560626007 0.004290387926241597 0.06809238294243107 0.10142932303388898 0.004042795712252492 0.18908481727061435 0.00040674853326690553 1.018519828103916e-05 3.053757276895634e-05 0.0001290469363763307 0.00017525835691838872 2.6090154282114468e-05 6.357938194922302e-05 1.0636255330510273e-05 0.00010642934156027215 1.0867671573052256e-05 0.0015475950971100766 0.00038323437699110124 0.0005372072383079509 0.0014461613523324545 0.0007805550837152754 8.382479741169024e-05 0.0009761326455611035 0.0011854652719823636 0.0 0.0 1.7079992916606337e-05 0.0 0.00020395146241469425 0.0002102765905498243 1.25741753831013e-05 0.00010844046855655952 0.00010565931093870865 0.00014847470976866656 5.0377857571741215e-05 0.00010182265827696321 0.0001861530081189815 0.00022116500606636182 0.0002928615648855087 0.0 2.443740223616101e-05 0.0 0.0 0.0 0.0 0.0 0.0 0.0 0.0 0.0 0.0 8.074377150195302e-05 6.237309444263819e-05 0.0 0.0 5.35552694880198e-05 0.00014122674678885902 5.2327620720049046e-05 0.0001456844831193603 9.161007569652378e-05 0.0 0.00020600878321927634 0.0001734147125214782 0.000592421611514729 0.0003661959518648262 0.0011838521951769768 0.0005367734809804837 0.0004182745808248581 1.123154503449945e-05 0.0 0.0 0.0 0.0 0.0 0.0 3.798756559721108e-05 0.0 0.0 0.0 3.955957400827155e-05 0.00032848644351951984 2.1529443784094095e-05 0.0 0.0 0.0 9.868167133873479e-05 8.999305011859508e-05 0.0 4.868070503243826e-05 0.00012754440973695834 0.0010997452531987225 1.1458431916369292e-05 0.0 0.0 0.0 0.0 0.0 0.0 0.0 1.1123248916519302e-05 0.0007270467510079299 0.00018813992761884397 3.0483498169507686e-05 1.3859850100590649e-05 6.0022373652106105e-05 0.0008268072627039453 0.0 0.0005189971025657309 2.8115077495785584e-05 6.317839402104748e-05 3.2931194576058296e-05 0.0 5.654862916765835e-05 0.0 0.0 0.0 0.0 0.0 0.0 0.0 1.465060726732699e-05 0.00027428903260525307 0.0015927713754118865 0.0017001956929528
2.0360795915520582e-05 0.1323826741214854 0.008467271686282798 0.00015632099684702948 0.410431787056993 0.0 0.21930456778340576 0.03329704601169521 0.0 0.004257987425301726 0.1021655957800608 0.003817137750516192 0.04817496784749724 0.05335008125238883 0.0003033686944517552 5.234378826298036e-05 1.167187956845135e-05 0.0 0.0 0.0 0.0 1.2367219234705568e-05 1.4320490398307061e-05 0.0 0.0 0.0 0.0 0.0 0.0 0.0 0.001088308804372313 0.00021482259818506809 0.0013466245964664514 1.0178923289685425e-05 1.1204362426647135e-05 0.0 0.00028771059795085007 0.00012440063391368377 3.663651382100583e-05 0.0 0.0 1.0317726381958e-05 0.0 1.887807371076163e-05 0.0 0.0 0.0008511156783623422 8.154541356845802e-06 0.0 9.089741890995329e-06 6.755350383262056e-06 0.0 0.0 9.290135653691077e-06 3.6028478886580694e-05 9.080997628038854e-06 1.8127120016598708e-05 0.00014480493914232774 4.510528609884903e-05 0.00017991452422418968 3.5168788961571055e-05 0.0003283550972150831 0.0 0.0005717937991875024 1.0173580719002144e-05 1.444543476814744e-05 6.735140632406946e-06 8.054223976074723e-06 0.0 0.0 0.0003886142496562547 0.0 0.0 0.0003032880584286466 0.00021006592147267724 0.0006299898442742504 0.0003583758917758953 0.0001380524871890419 0.00019454165665736022 0.004240118420204683 3.268159774139737e-05 0.001583996966335009 5.3299976961371244e-05 0.0 6.984734889540098e-06 5.9238102834000554e-06 0.0 9.556726773315233e-06 0.0 0.0 0.0 0.0 0.0 0.0 0.0 0.0001220725038652835 6.550598407738019e-05 0.0 6.0954639670890576e-05 4.688021618296474e-05 0.0 0.0 1.7138522128421842e-05 0.0 1.1631750038615152e-05 2.1971942152608114e-05 0.0 0.0 4.7058887186004954e-05 0.0 0.0 2.34957018213599e-05 0.0001710049534573962 2.0910381541491057e-05 4.6325669460420796e-05 1.1903447240749768e-05 0.0 0.0 0.0 0.0 0.0 0.0 9.815893968582607e-06 0.0 0.0 0.0 0.0 2.9404707429636523e-05 0.0 0.0 0.0 0.0 0.0 0.0 2.1138700884418547e-05 0.0 0.0 0.0 4.1732919647849314e-05 1.028139032861589e-05 2.1096192940833462e-05 0.00017330344902465394 3.6383443767676123e-05 1.0940977751567675e-05 0.0 0.0 0.0 0.0 0.0 0.0 0.0 0.0 0.0 0.0 0.0 0.0 0.0 0.0 0.0 0.0 0.0 0.0 0.0 0.0 0.0 3.3621952686703034e-05 4.0447259106762685e-05 0.0 0.0 0.0 0.0 0.0 0.0 0.0 0.0 0.0 9.610183539357649e-05 0.0 0.0 0.0 0.0 2.7632520479449025e-05 0.0 4.214773987879742e-05 0.0 0.0 0.0 0.0 0.0 0.0 0.0 0.0 0.0 0.0 0.0 0.0 0.0 4.5289263587183757e-05 0.00015795793189382818 0.00021761534307900468
0.04739752491333951 0.09029725928943544 0.0029240809894302278 0.06441446475661369 0.0028065121714829842 0.012237642839973233 0.11792385000322314 0.0012314004015234207 0.004257987425301726 0.0 0.007587640923890192 0.07222518324568274 0.25670970076145866 0.04324737764071121 0.0009616755049505927 0.00019006561150273338 5.260666774261709e-05 8.228665900427886e-06 0.0 0.0 9.303835858165474e-06 7.550986423436033e-05 0.0 0.0 0.0001236538609695622 0.0 0.0 7.994403422846932e-05 1.802009075351704e-05 0.0 0.01017482795955869 0.0003031781300912067 0.024101720532371976 0.0 0.0 0.00015369521775815192 0.012769044086792107 0.0010492949297225183 0.0012761258212453971 0.0001800573637249486 6.641580240682408e-06 3.41351809947273e-05 0.0 2.957495764945529e-05 0.0 0.0 0.005412733739375352 0.0002612178312536837 5.0797899229567465e-05 1.682649048299337e-05 0.00012585362240248097 0.00034189143922785367 0.0002088296644063398 8.305213964494811e-06 0.0005313917466958989 0.0004174221550174836 0.001792873836229293 0.007012834854346192 0.0014418283174398015 0.001936701243454539 8.173516729652317e-05 0.0020174213551847177 0.0 0.0027076730525048597 0.00022538735933908463 0.00026483523714805764 0.00012576830816647154 9.673110400176303e-05 2.5486504366806403e-05 1.0400235623372774e-05 0.043826664412358135 0.0019527242418504712 0.0002827230005256309 0.003738958293731555 0.0023604845185605373 0.0018550973328933626 0.0010682462825477533 0.00033363479039720116 0.0002791628070485734 0.0011517357590618582 3.109336765932244e-05 0.0034708451864889937 0.0010111626572056793 0.0001280873369643194 6.232157159568089e-05 0.0002812807171540404 3.435130927568917e-05 0.00025912010190188434 0.00018862978677135016 0.00013302381170376748 4.613628109691691e-05 1.7613362026617888e-05 9.203996608795559e-06 3.385940549928011e-05 7.242535350707935e-06 0.029512156824589485 0.03483330094095116 0.0015392513155975736 0.007272789477258804 0.03912446022073045 0.00020169370531820818 0.0010475724974352383 0.004236857741898207 0.0031070485875642636 0.001202804008735301 0.0031100402106345676 0.0028907582677416698 0.002505253459305661 0.00486182212099802 0.007325030000738008 0.0007726979040045606 0.0034070624524195777 0.006698209551624293 0.0035063609609500687 0.0026091561663826915 7.359682827923356e-05 2.522712259235226e-05 0.0 1.0409666797479697e-05 0.0 0.0 0.0 0.0 0.0 0.0 1.945032096087752e-05 1.609790844110184e-05 5.830967862035583e-05 1.4160465875530026e-05 0.0 0.0 4.739045133686721e-05 2.9447727656865716e-05 4.8695995571546156e-05 0.0003440159574701386 0.00033328834940043794 0.0 0.0005284769829261398 8.944627593103866e-05 0.0030023737227608776 0.0010618183561613749 0.0032680336892138588 0.0010709840165552798 0.0006429228231216771 0.0 0.0 0.0 3.6882793377427994e-05 0.0 1.950758460655842e-05 0.0 0.00010402062510617273 6.693744505425038e-05 8.229210403169095e-06 0.0 2.148159326982574e-05 0.00016340081222529593 2.4339030244473608e-05 7.809817637958708e-06 2.7192377326933963e-05 0.0 5.6460705184782765e-05 0.0002903125626162875 0.0002979681061959219 0.0001763561756126329 0.0003677023789480951 0.00406897357722706 0.00023481650686479758 5.638120069636475e-05 1.5367657449979847e-05 0.0 0.0 0.0 0.0 0.0 0.0 0.0052506954083287715 0.0001171639347302269 0.0 0.0 1.9807116531070917e-05 0.0032362447569989836 0.0 0.0017473173306967239 0.0001101234408268411 9.970147857752112e-05 8.222558448379144e-06 9.761881229800403e-06 3.495374324227219e-05 1.4757878818018943e-05 5.768964013911027e-06 0.0 0.0 1.4415990379677802e-05 0.0 0.0 1.2762505027074052e-05 0.0025962308363489195 0.003334140197954127 0.004412015610030229
0.0006064706186457063 0.19910442795584757 0.10968702139840802 1.6183450143936886e-05 0.09892907545892365 0.0 0.08736675052504861 0.10617964529232249 0.1021655957800608 0.007587640923890192 0.0 0.02703113537464219 0.08602407633656571 0.32139485581607224 0.0006037103673555901 0.00010300795568616081 2.4544140238604774e-05 0.0 1.4504712751779845e-05 0.0 0.0 6.533926313745919e-05 1.4699930838715368e-05 1.7464157965415292e-05 6.731827349336232e-05 2.522733394962932e-05 5.261390672935644e-05 0.00010043737242131148 1.8810555370851596e-05 3.826813851621839e-05 0.0050959723472446304 0.0010100881896242591 0.07957514536193859 0.0 1.6626810695489648e-05 5.7320794626596606e-05 0.018163105202040106 0.0005843155766529688 0.0004658459836324592 9.517326297208503e-05 1.3483380260936159e-05 4.815339955650337e-05 0.0 1.0091370470808582e-05 0.0 0.0 0.00109995274096222 4.3819624913380464e-05 8.971480406278122e-06 1.5191024627022998e-05 4.029115822563208e-05 8.755654082694403e-05 6.781894021980417e-05 8.705669890938828e-05 2.1659650821256917e-05 0.0 1.1610676171575471e-05 0.00031370138853746804 9.785455041023276e-05 0.00034489528429045664 0.0001911102783524702 0.011133178328032737 9.697847707434117e-06 0.0007515077066928443 7.963240467737284e-06 0.0 0.0 0.0 0.0 3.660568852203393e-05 0.013673843760245542 0.0 0.0 0.00023003477787125545 0.00033713883629810174 0.0009271142889015946 0.0010229901711227352 0.0003633008591426185 0.005621957719134855 0.08158266848080822 0.0005737800504632907 0.05735386916586886 3.853559053011741e-05 2.106683296639826e-05 8.699919168733318e-06 6.8493483103253885e-06 0.0 2.5265703027999263e-05 1.356906759409016e-05 0.0 0.0 2.233611847356816e-05 0.0 0.0 3.6158802556875064e-05 0.0005626925879423168 6.225939582645413e-05 0.0 0.00022046853615418084 0.00013506270060727326 1.3397704526657119e-05 0.0 2.2774289172957948e-05 0.0 2.6686590985960864e-05 0.0002030264469815241 6.784948650139508e-05 5.499505781272983e-05 8.246126202411758e-05 6.128435444557855e-05 7.402958488154449e-05 0.00013136220262801768 0.0003146834369275838 0.00019956615461450296 9.570656506637461e-05 1.855396505897133e-05 0.0 0.0 0.0 0.0 0.0 0.0 0.0 0.0 0.0 0.0 0.0 1.1262355512686679e-05 0.0 0.0 2.027580966991976e-05 9.575347478300728e-06 2.96798971818982e-05 0.0 0.0 0.0 0.0 5.546629561586865e-05 9.819113687395296e-05 0.00019821403509741938 7.99373887174988e-05 0.00019421117442377898 7.093742276308111e-05 3.4226767000180756e-05 0.0 0.0 0.0 0.0 0.0 0.0 0.0 0.0 0.0 0.0 0.0 0.0 0.0 1.2715466434052941e-05 0.0 0.0 0.0 0.0 0.0 7.747994345654374e-06 0.0 2.8889191565717235e-05 0.0003094555733182275 5.2151144481904166e-05 0.0 0.0 0.0 0.0 0.0 0.0 0.0 0.0 0.00021063580384106503 1.481728310051204e-05 0.0 0.0 1.390098615502066e-05 0.00024305528054037166 0.0 0.00012504640385464772 0.0 0.0 0.0 0.0 0.0 0.0 0.0 0.0 0.0 0.0 0.0 0.0 0.0 2.6778134462206126e-05 0.00024351306558170196 0.0004114947748581234
0.0011091848596877397 0.013009353151969827 0.010929626506143585 0.006161039204182536 0.0026889672775041117 0.0023102668710935723 0.030345908530913273 0.010064433911179583 0.003817137750516192 0.07222518324568274 0.02703113537464219 0.0 0.09050522148558236 0.04543624246544143 0.0012694833614233644 0.00036483623572902533 7.854899951841315e-05 0.0 1.9763241853386304e-05 0.0 0.0 3.473838564211326e-05 0.0 1.0346521877811782e-05 0.00025604559133796524 4.6811590150495966e-05 0.00010119616437742011 3.8709401604549094e-05 3.566818367805887e-05 5.8217846461000435e-05 0.0008144856760208629 8.630365161829497e-05 0.05624279637599085 0.0 0.0 0.0005280794624171957 0.025126309658669833 0.00231476946800613 0.0010167241753409188 0.0002811171188890116 4.872870375455335e-05 6.465511638554203e-05 0.0 4.681335060196222e-05 0.0 0.0 0.001471415415245049 3.538148913060009e-05 0.0 0.0 1.2266119574256583e-05 0.00012869247218000443 0.00017932412022408676 7.086977168049098e-05 0.0 0.0 8.988910680063491e-05 6.831814033294544e-05 2.8189994629156656e-05 0.0001571143212314238 7.672491469097795e-05 0.0035403214893075484 9.595441498159006e-05 0.0005084252087479955 8.158315501881621e-06 1.5906126198682448e-05 0.0 1.3481884006066228e-05 8.046544232086865e-06 0.0 0.026682151743392096 0.0002536717063053728 1.1652510736030895e-05 0.00011386575017280217 0.0002809668599745695 0.0012243261188085103 0.0010361127896426233 0.00041883464410120974 0.0003459705399509926 0.0017865507301646985 9.210486179336061e-06 0.004464558989800386 5.153570366581663e-05 0.0 1.0870809713111072e-05 0.0 9.78091884990254e-06 0.0 0.0 2.911443076296072e-05 1.1219787641580966e-05 0.0 2.857700655738651e-05 3.122708915559835e-05 0.0002589833814520491 0.01425332126701423 0.0028720097586192755 1.6133081385038174e-05 0.0014718099432442535 0.0023776617912414384 8.323641612650405e-05 0.00012888880955837362 0.0010055357723218353 0.002301960321325311 0.0012198210674451346 0.0012644952865111258 0.0020174786652258983 0.0020726687594098563 0.004968546284695188 0.0180409026612545 0.0008411272169764764 0.007087376102332023 0.00596490226339398 0.004786347632687907 0.002379145092745564 2.1505197624752675e-05 3.2624413354695366e-05 0.0 0.0 0.0 0.0 0.0 0.0 0.0 0.0 0.0 0.0 3.601528001125738e-05 0.0 2.3371763976113332e-05 0.0 8.782846614028628e-06 0.00011249253681283867 7.272219127069125e-05 0.00036510233260769975 0.0002158805908533709 0.0 0.000641433106150935 0.0002390325277961738 0.002434606812605261 0.0008134913173581222 0.0037910128066973975 0.0009371370655590317 0.0006687920065925338 2.806095714521903e-05 0.0 0.0 0.0 0.0 0.0 0.0 8.573876127681386e-05 3.830569696210498e-05 0.0 0.0 0.0 8.557430856132962e-05 1.3506437535594114e-05 0.0 1.8785494068353216e-05 0.0 1.0189367432205584e-05 0.00016433486704835206 4.589043327639606e-05 0.00013723930102004138 0.00016192269928456992 0.0036536821342510895 0.00022495920684575108 0.0 0.0 0.0 0.0 0.0 0.0 0.0 0.0 0.005214647772611429 3.9594749529735655e-05 0.0 0.0 1.2099568751168341e-05 0.0026645994047239025 0.0 0.0015119371197976012 3.7078735749666615e-05 0.00011467948148892586 9.283743771453022e-05 4.2960478846730085e-05 1.3667411877354044e-05 0.0 0.0 0.0 0.0 0.0 1.0994875145982209e-05 0.0 0.0 0.009899532567965785 0.0039046416923783356 0.0047443289444694505
