0.0 0.15872668003529933 0.09466194788926732 0.04311388415458496 0.006018890658453692 0.007885803346749085 0.01744919832332387 0.009231646803610874 0.002150240426615694 0.11077525470595274 0.010618063913756371 0.0005374734207760042 0.003746579597080877 0.006378078720007061 6.374530773559061e-05 3.703052616144873e-05 8.508698711734745e-06 5.093867667765826e-06 0.0 0.0 0.0 4.5350056616388774e-05 0.0 0.0 8.156975306356038e-06 8.445898802920718e-06 9.303701275333358e-06 0.0 0.0 0.0 0.05901437801266579 0.00032145121574151346 0.0018082784413494554 0.0 0.0 0.0 0.000356890313622237 0.0 5.159653134016363e-05 1.8587286268686914e-05 0.0 0.0 6.287332816546485e-05 1.1496099706172358e-05 4.952719566187197e-05 1.583212050813745e-05 0.0005268915208612875 2.4848039645971476e-05 6.403347779793457e-06 6.441024522872069e-06 4.623805684215684e-06 3.8399555939340776e-05 8.489465965185325e-05 0.0 0.0002428250309096959 0.0006488552827811641 0.011255235993542431 0.038000623642588424 0.003568068719030687 0.0006025128453359067 0.0 0.00018103741335017155 0.0 0.0005939567374505862 9.779329156978933e-05 1.2197622446296966e-05 1.9247395744351837e-05 1.587208408647365e-05 0.0 2.496592991477055e-05 0.0008893326144890154 0.0002030337191094942 0.0 0.007701114118701375 0.0012567282746260532 0.0007876080532020536 0.0002761696420414212 7.380726255736958e-06 3.035998050622547e-05 0.002658825327120695 3.057565070880487e-05 0.00012858718705785482 0.00042655479272817824 2.396347905098993e-05 4.3285460208604924e-05 0.0001864838177846059 1.6178764751310723e-05 1.126827345772382e-05 1.022629909072558e-05 1.3406378878818608e-05 1.8845539914679568e-05 0.0 3.726472938198984e-05 1.9778793769377694e-05 1.8157402868988287e-05 0.005555902965692227 0.0008618841727971703 2.8943113373551226e-05 0.0004812510800832055 0.08822863191247511 0.0 0.0 4.2208890996733784e-05 0.0 8.877516427956713e-06 0.0015921668942040141 7.416707840437797e-05 6.987288944143963e-05 0.0 0.0003463981972659651 0.00012470192897841826 0.0001024839012974479 0.00024417582867734773 0.00022505163612531598 0.0001553064439489251 0.0 0.0 0.0 0.0 0.0 0.0 0.0 0.0 0.0 0.0 0.0 0.0 4.013637094952272e-05 0.0 6.598913136856629e-06 0.0 0.0 8.809544858819813e-05 0.0 0.0 1.5328679147063755e-05 0.0 1.7507741746450635e-05 0.0 0.00011117162320786418 3.8913113538639365e-05 9.68445326152271e-05 6.135790158965261e-05 8.469907142186292e-06 0.0 0.0 0.0 0.0 5.552280469512726e-06 0.0 0.0 0.0 0.0 0.0 0.0 0.0 3.373180358525303e-05 0.0 0.0 0.0 0.0 0.0 0.0 1.04315177379679e-05 0.0 4.754887776517466e-05 7.814488903882143e-06 0.0 0.0 0.0 0.0 0.0 0.0 0.0 0.0 0.0 5.3698999825824055e-05 0.0 0.0 0.0 0.0 0.0 0.0 1.0809113168717288e-05 5.270537699701061e-06 0.0 0.0 0.0 0.0 0.0 0.0 0.0 0.0 0.0 0.0 0.0 0.0 0.00046994832248557625 1.229868235783222e-05 3.651485327384627e-05
0.15872668003529933 0.0 0.19804205007142084 0.14189292395240147 0.07447924316457379 0.019322044115804463 0.07955332941001346 0.048565493345552914 0.04860692839601826 0.12052213215277904 0.08535056603961418 0.012687670408420547 0.03833176262441474 0.08782295656426078 0.0009389416934002906 0.0005822081581401538 0.00010769794881402165 2.1621697075402028e-05 1.2281882192832257e-05 1.1650873027477547e-05 2.2761439024799924e-05 5.131561428302249e-05 2.8277553279343768e-05 4.5011610945227195e-05 0.00013964828257339576 6.36829657427783e-05 6.663434965373214e-05 1.6044043210330744e-05 1.7241004074315314e-05 2.9386267188130297e-05 0.10336499443626954 0.008197318605932839 0.012303217899177814 1.4897687325314891e-05 0.000152632538379243 3.489288368839968e-05 0.003120748429679701 0.00010524582143338808 0.0004659477564908171 9.030726979386535e-05 8.551685176124578e-06 3.9396291773540875e-05 2.5317742982023732e-05 0.0001120416846543182 5.317278068896607e-06 3.5622189715688565e-05 0.0046204906257949095 0.00014830249152839384 8.756431771896148e-05 3.4293241082978334e-05 0.00011289318243308812 0.00011550832974018562 4.557054522980397e-05 5.004515492727347e-05 0.0007642703060746638 0.001898582634277159 0.00926852231262562 0.048393835647076916 0.006087434345830388 0.003051310583770328 4.463987281366527e-05 0.0008710855017124081 8.569966957854346e-05 0.013834878858008494 0.00032104646053959427 0.0001269962885141227 0.0001737747804748268 0.00012830954952101014 4.041117636052637e-05 5.830961286311165e-05 0.0027016573516765036 0.00017822397606292737 1.3173657366499018e-05 0.02112213390055615 0.009359107129836996 0.008192845002186703 0.005695128349800421 0.00023525774070865086 9.277373575507778e-05 0.02610682608422328 3.4243442145962784e-05 0.0013000695534686438 0.0013869959232910667 3.8388782333189265e-05 0.00017598552711037605 0.0006581657233357561 7.152790080000485e-05 4.117397612997461e-05 9.7573261787293e-05 9.940426842644219e-06 3.9526643213057416e-05 3.6313129152415646e-05 4.741729393234267e-05 2.06408291056908e-05 0.00011814557275237939 0.0019836889288897814 0.0003847006484803353 1.6063269735443977e-05 0.0007335864979850251 0.0767681842977961 2.0591420380812622e-05 0.0 0.00010432369388537826 2.0231347442102957e-05 0.0005072689578761337 0.0007379916444325399 9.065476811213882e-05 0.00040590642882282196 0.0006534835665270596 0.0007095481279384654 0.00029021643726307746 0.000725282361467523 0.0012586665982946919 0.0011718734079204992 0.0007037018338311777 0.0 2.4927298913170766e-05 0.0 0.0 0.0 0.0 0.0 0.0 0.0 0.0 1.2330865481265239e-05 0.0 0.00025708770264773457 0.0 2.9150182898059444e-05 1.364718871564098e-05 5.7584957359373204e-05 8.162285485125805e-06 1.291298879685667e-05 3.40686659923965e-05 5.939310159290763e-05 0.0 0.00025168358613849445 2.0550706570465525e-05 0.0007301627076154873 0.0003931624590637651 0.0014796325372201885 0.0006859159238959719 0.00020202863099721188 0.0 0.0 0.0 0.0 0.0 0.0 0.0 0.0 1.7462077319748758e-05 0.0 0.0 2.7818511472099934e-05 6.634399522684423e-05 5.270793236043307e-05 0.0 0.0 0.0 2.547369974858025e-05 0.0 0.0 0.0 0.0002281066554394034 0.00047433745742661966 5.193711700239043e-05 0.0 0.0 0.0 0.0 0.0 0.0 0.0 2.7033007577692858e-05 0.0007017817151827248 6.048501991127962e-05 0.0 0.0 0.0 0.0004931632538880321 0.0 0.0002518685997567996 1.9755671069851797e-05 4.9441785407100464e-05 5.933017954266255e-05 4.274151318082131e-05 2.0688972500238422e-05 0.0 0.0 0.0 0.0 0.0 0.0 0.0 0.0 0.0015552944895029488 0.0002957094654147789 0.0006201536137394347
0.09466194788926732 0.19804205007142084 0.0 0.02690559476036629 0.01893788598799617 0.0026725991943412093 0.008862341039965279 0.1775934727177182 0.02242879792981378 0.02126322788707641 0.14016482134905034 0.0008120977774650385 0.010679926568698202 0.07422473167402163 0.0008059533265179494 0.0005386450649692895 6.426935943387079e-05 1.6367105923059275e-05 0.0 1.7149493609869892e-05 5.344421463050614e-05 8.595873109632342e-05 6.64656567838737e-05 0.00025710790264462773 0.0002665999569856318 4.1202347251366926e-05 7.559498950120276e-05 7.495733163338084e-06 2.5002092927529633e-05 5.232671523039697e-05 0.22235268126945318 0.0409588440999238 0.016448030470189053 0.0 0.0003326256278553382 7.003874744070573e-05 0.002656516072277365 0.0001329302938926545 0.00044021253638478706 0.00012348708377268636 0.0 8.03269296933247e-06 0.00016576597919283143 3.5600579374106584e-05 1.172710895116466e-05 8.212107844018765e-05 0.002536438524923468 0.00010052682960533215 7.298238703598125e-06 0.00012774830735808276 0.0003791130746267542 9.375936907043378e-05 6.572474045875775e-05 1.5090919186349071e-05 0.0003779043186516911 0.0009706962243816177 0.005549091460591328 0.04710809294129042 0.0029873339374195933 0.0012659326232251343 7.933538143900481e-05 0.0018441916030610653 0.00026633234190801057 0.011407585329859108 0.00017518801218445806 0.00022633022497683668 0.0005189217943156788 0.0005752808350576569 0.00036095844578637205 0.0002208226016103136 0.0019616047846857405 0.0003807473036437007 1.9689918723599795e-05 0.010274271273179142 0.004935069710369708 0.0032162714523955895 0.0029465900761633406 0.0002787619333473235 0.0012665914971052743 0.08899771403146096 2.0588186148912013e-05 0.005434363743141347 0.000592906080062979 2.6344977577300695e-05 6.881375854923625e-05 0.0012906673810396713 0.00030574366027977934 1.7893247092870934e-05 0.0001228069220592376 6.620989308473183e-05 3.754558605460328e-05 3.82267070586171e-05 0.00047635177090624923 0.0002464158819370102 0.00019422102043998568 0.0008646595865877599 0.00032643492098765096 4.65223828803621e-05 0.0004933406659177245 0.025281716321187878 0.0 0.0 1.7452594204147683e-05 0.0 0.00021290321243042586 0.000491994157281374 0.0 0.0002954798134492843 0.00019794700975301276 0.00028918396476748057 8.400770700614917e-05 0.0004324461675450668 0.0006707074858971609 0.0006999353850547532 0.0004862597392354174 1.9972238806093008e-05 3.913546949782801e-05 0.0 0.0 0.0 0.0 0.0 0.0 1.3055933612609676e-05 0.0 8.51432636673351e-06 1.590798268819475e-05 0.0002065945375259871 0.0 3.363224505265663e-05 0.0 5.234219425512409e-05 3.15057773769015e-05 1.1526573764487884e-05 2.8388344706469064e-05 7.705660431365825e-06 0.0 0.0001328284576739714 9.154606386925229e-05 0.0007194488176447522 0.0002974004234082122 0.0011939998309005648 0.00048078332094596195 0.00023589693975430495 0.0 0.0 0.0 0.0 6.40811632764804e-06 0.0 0.0 0.0 9.936553998617268e-06 0.0 0.0 0.0 0.00011074867167747109 7.081437206041329e-06 0.0 0.0 0.0 0.0 1.9753714977120967e-05 0.0 0.0 0.0001285219219049514 0.0006953128145086045 1.2431798219325478e-05 0.0 0.0 0.0 0.0 0.0 0.0 0.0 0.0 0.0006663043010318796 8.08022254600679e-05 0.0 0.0 0.0 0.00037288615945791205 0.0 0.00016846490728736937 6.74723057447055e-05 2.3178756495774688e-05 5.915173640141378e-06 0.0 2.2173930507237637e-05 0.0 0.0 0.0 0.0 0.0 0.0 0.0 0.0 0.0008494727612178235 0.00022563949002407836 0.0006081861359414833
0.04311388415458496 0.14189292395240147 0.02690559476036629 0.0 0.014427632890745628 0.014154817421660262 0.038845482846108316 0.003362305585416959 0.0044197319431722535 0.1405051727243417 0.0188888152934168 0.004374604166576935 0.020547936450842658 0.0027098220809051673 7.723388779749998e-06 7.678904596089638e-06 1.248825500797914e-05 0.0 0.0 0.0 7.306282197163662e-06 0.0 0.0 0.0 0.0 0.0 0.0 8.207003887560287e-06 0.0 0.0 0.0024652275079436485 0.0001824004549957327 0.0006482765762234319 0.0 0.0 0.0 0.00016681383601923694 2.4292288815397004e-05 0.00013535027291670436 0.0 0.0 0.0 0.0 1.3014651181293357e-05 5.3874746248960515e-06 0.0 0.00040526289490001226 1.3950275586162474e-05 0.0 4.348468248926264e-06 0.0 0.0 0.0 0.0 0.00010617064935917852 0.0003260615401224603 0.002091493256485821 0.007616736561037616 0.001368215881833148 0.00046619136780375823 0.0 0.00023588186466547148 0.0 0.0011422872766373754 3.2316461161903356e-05 0.0 7.513786764746487e-06 0.0 0.0 0.0 0.00031721357002689347 5.609403775263867e-05 0.0 0.0036756591833853928 0.0008051409007308149 0.0006785822577729522 0.00029925543243966595 2.5870803498905487e-05 0.0 0.00045115091910356614 0.0 0.00011196616556816835 0.00013902681324850144 1.5182454811014369e-05 3.5447716399677904e-05 6.95179560494631e-05 0.0 1.0507249999798926e-05 0.0 0.0 0.0 0.0 0.0 0.0 0.0 0.0011872987713881327 0.00017370254777085146 0.0 9.351437714760928e-05 0.027599209726183425 6.81093368943232e-05 0.00022346677466197876 0.0002261332858717682 0.0009059421487372229 0.00010074512150282275 0.0005788028838626114 0.0005952899239792409 4.926804539713459e-05 0.0008617497010285548 0.001365296466040112 8.920044427394528e-05 8.982193647176669e-05 0.00033582643005798093 0.000319612930479483 4.796316960534453e-05 0.0 0.0 0.0 0.0 0.0 0.0 0.0 0.0 0.0 0.0 0.0 0.0 0.0 0.0 5.7753804392760735e-05 0.0 1.0174755406826165e-05 0.0 0.0 0.0 0.0 0.0 0.0 0.0 8.851173952220185e-05 0.0 2.615703485194329e-05 9.025740864248794e-05 0.0 0.0 0.0 0.0 0.0 0.0 0.0 0.0 0.0 0.0 0.0 0.0 0.0 0.0 0.0 6.186183517611881e-06 0.0 0.0 3.771346098858645e-05 2.033642841423316e-05 2.255409411024869e-05 0.0 0.0 6.580981036437309e-05 8.564264005179369e-05 0.0 0.0 0.0 0.0 0.0 0.0 0.0 0.0 6.199005714611662e-05 0.0 0.0 0.0 0.0 2.2483181631629094e-05 0.0 0.0 4.432386822880017e-05 5.903983929698951e-05 7.016272236558824e-06 0.0 0.0 0.0 0.0 0.0 0.0 0.0 0.0 0.0 0.0 0.0003519122772023672 1.8108913635781982e-05 0.0
0.006018890658453692 0.07447924316457379 0.01893788598799617 0.014427632890745628 0.0 0.00021978522424421625 0.06322534335894547 0.02151307230688772 0.20475608248004812 0.0470701486723386 0.08782397120959695 0.005593039223331854 0.019503581776082697 0.2026681308154537 0.00032877708905824926 0.00014764247125714487 0.0 0.0 0.0 0.0 7.154972751947778e-06 0.0 0.0 0.0 9.247964526426735e-06 5.825901977806506e-06 0.0 0.0 9.028153866572599e-06 0.0 0.005221133734679022 0.0036242731991695826 0.0008703170482128237 0.0 0.0 0.0 0.0004710199735606492 6.393080580249296e-06 5.761685319884108e-05 3.7676297056534796e-05 6.86563982998691e-06 0.0 9.505765288461594e-06 3.336210892100369e-05 4.365341149834602e-06 0.0 0.001246898852843674 3.1267178437218544e-05 1.1960878043548243e-05 2.0952662583558768e-05 3.538651713830662e-05 0.0 6.621686795514038e-06 0.0 9.991642391530578e-05 0.0002731437738155423 0.0006270399325254097 0.0025127301284158495 0.0005544520151934616 0.0006394871091285826 9.85374348074692e-06 0.0004227928188112239 6.526685922383805e-06 0.003019297671512074 7.109166558843354e-05 4.732290468128473e-05 4.0376381148811536e-05 2.7800451008813386e-05 9.8407653818756e-06 0.0 0.0005722373610822834 3.482767114322868e-05 0.0 0.0027706959881538774 0.0015088372697622345 0.0019137642400451173 0.0019097102067532846 9.514476442770975e-05 3.3840740932902625e-05 0.0012630697932240612 5.0457187837156885e-06 0.00043717611916490137 0.00026679021673851064 0.0 6.701793733393924e-05 8.263486385384082e-05 5.47328973047831e-06 5.600488365714941e-06 5.008859976512362e-06 0.0 5.332994972066213e-06 0.0 3.990436398744764e-05 6.140660445599857e-06 0.0 0.00030268139756711845 2.6505782946956855e-05 0.0 0.00021502261603135645 0.0006582097152940243 0.0 0.0 1.4202031948465694e-05 0.0 0.00021006173705160887 0.0004512022605907895 4.173089805441974e-05 0.00022439016022098246 0.00015593543617956271 0.00017793726895300467 9.193460811277525e-05 0.00023293683393876596 0.00040637624743842713 0.0006167961379326983 0.00017510331053297 1.2690055982445017e-05 7.110631752811453e-06 0.0 0.0 0.0 0.0 0.0 0.0 0.0 0.0 7.4540376469572325e-06 0.0 7.771869961685932e-05 3.1586590173313586e-05 2.1012196238374168e-05 0.0 0.0 0.0 0.0 0.0 0.0 0.0 0.00014048254056950565 0.0 0.0003161818171135851 9.527540818323542e-05 0.0005164659322434983 5.633809600257649e-05 3.2664751340915154e-05 0.0 0.0 0.0 8.505427883150682e-06 0.0 0.0 0.0 0.0 7.200842577535568e-06 0.0 0.0 0.0 6.581001805055172e-06 0.0 0.0 0.0 0.0 0.0 0.0 0.0 0.0 6.491319802407023e-05 0.00024077416329025282 2.478390990517229e-05 0.0 0.0 0.0 0.0 0.0 0.0 0.0 0.0 0.00023655896506634885 1.929326831469089e-05 0.0 0.0 0.0 9.858757043397253e-05 0.0 9.351115846929913e-05 2.9701740206168165e-05 1.2444612548038315e-05 3.1761306399810705e-05 0.0 0.0 0.0 0.0 0.0 0.0 0.0 0.0 0.0 0.0 0.0006761796516519984 3.178792865719227e-05 0.00023943947629757634
0.007885803346749085 0.019322044115804463 0.0026725991943412093 0.014154817421660262 0.00021978522424421625 0.0 0.0016784138603217946 0.0005638140021767045 0.00012324986178321846 0.039167738462441745 0.0004474356283734895 0.007559907577708765 0.005381513024245817 0.0007166554357975017 7.588175013377511e-06 0.0 0.0 7.456232533047627e-06 0.0 0.0 0.0 0.0005180194417855756 0.0 0.0 0.0 0.0 0.0 0.0 9.870475941882487e-06 0.0 0.00023259736722013591 0.0 0.0008106267609646023 0.0 0.0 0.0 0.000968592396329167 3.656089647622194e-05 0.000445374157322473 0.0 0.0 0.0 0.0 0.0 0.0 0.0 0.0 0.0 0.0 0.0 0.0 0.000590605825259028 0.00045851160455798293 6.20443556453634e-05 0.0 7.246704168869577e-06 0.008869097248849845 0.0003145515144633151 0.0007737369732963525 1.2784806168293564e-05 0.0 0.0005173303248636847 0.0 3.329372664558668e-05 0.0 0.0 0.0 0.0 0.0 0.0 0.003813893789141995 0.005777337851317345 0.0006891566439310965 5.052602985840984e-05 0.0 0.0 8.070558642789438e-06 0.0 0.0 0.0005775321674151611 0.0 6.482294236840888e-05 0.0 3.044686972446723e-05 0.0 3.361777609639295e-05 0.0 0.00037173248286382894 4.183433720783831e-05 0.0006236852989086023 2.720272378231252e-05 0.0001953524471654434 0.0 0.0 4.03777745675342e-05 0.03678453799364301 0.017867615382366937 0.0011144403853521707 0.004002821528873344 0.03355188097092518 0.0 2.106050020087045e-05 3.533675845764287e-05 0.0 5.357164885689253e-05 7.270056787059288e-05 5.4135123417510826e-05 2.9295813452919725e-05 6.519141150122094e-05 0.00029280694722541237 1.4990669433893866e-05 9.766493785173104e-05 0.0002693520115706288 3.1420662640348924e-05 2.2394124517351e-05 0.0 0.0 0.0 0.0 0.0 0.0 0.0 0.0 0.0 0.0 0.0 0.0 0.0 0.0 0.0 8.986304644121228e-06 6.802269927828026e-06 1.0707217937882103e-05 0.0 3.9811691120843886e-05 0.0 0.0 0.0 0.0 9.304834857603474e-06 0.0 5.909928877943295e-05 0.0 0.0 0.0 0.0 0.0 0.0 0.0 0.0 0.0 0.0 0.0 0.0 0.0 0.0 0.0 0.0 0.0 0.0 0.0 0.0 0.0 0.0 0.0 0.0 1.819418482315635e-05 0.0 0.0 0.0 0.0 0.0 0.0 0.0 0.0 0.0 1.0955528264979198e-05 3.471805858676928e-05 9.08824836556199e-06 0.0 0.0 0.00010510505274792519 0.0 0.0 0.0 0.0 0.0 0.0 0.0 0.0 0.0 0.0 0.0 7.225489986386025e-06 6.890322005686658e-06 0.0 0.0 0.00019201257756566015 1.0568813855629158e-05 5.866763089804515e-06
0.01744919832332387 0.07955332941001346 0.008862341039965279 0.038845482846108316 0.06322534335894547 0.0016784138603217946 0.0 0.0068758085725586435 0.07025666970025699 0.1485133654167575 0.059063764720064284 0.041335652498409786 0.5195127755899731 0.30781328985139716 0.0010805770034235883 0.0005102703227926033 0.00010452635259461274 2.9077054032797926e-05 2.035423178581842e-05 1.0657473895891736e-05 7.305215861299406e-06 1.7639494381485072e-05 0.0 2.0501780464350447e-05 5.537601173810865e-05 0.0 1.1350238134747744e-05 2.5142271491471744e-05 0.0 7.11685867850184e-06 0.00955762201856148 0.006774918175488795 0.003127605184749862 8.04521635441182e-06 2.694996558579963e-05 2.5124878917658308e-05 0.001961015283021305 5.15288293056004e-05 0.0003325804757822048 5.5969542697392503e-05 4.2746645865676296e-05 6.5368652898876675e-06 1.0225092772547092e-05 4.814937261586204e-05 1.1103573743489171e-05 4.842641499914206e-06 0.004524373738632459 0.00012946091549199135 4.021653461226197e-05 2.619540784692469e-05 6.545948129263414e-05 3.391856652502745e-05 1.3430581180506514e-05 6.337770640163508e-06 0.00045327625914401225 0.0011663003611204167 0.003098804386271649 0.012483428859232086 0.002754579381039586 0.0024659207927703267 2.4786258497333208e-05 0.0010045544859767258 0.0 0.008637926555301174 0.0002319075613656789 9.883850382835652e-05 0.00011923759811605051 8.656681747153565e-05 6.36557922478522e-05 4.396856200811092e-05 0.0028641485228534033 0.0001389830564239248 0.0 0.011205119648916661 0.005337671073038714 0.006637112388625859 0.005473022194083558 0.0002663696947704406 9.491540889535122e-05 0.003824365720597505 2.806854779028062e-05 0.0011691759926413638 0.0009514752056968681 2.264070519369616e-05 0.00017534627911665782 0.0004647130237323769 0.00011368927420547816 2.886361714282655e-05 4.055367149453138e-05 5.59438175162142e-06 1.2542131730449009e-05 5.92963481960983e-06 0.0001164931080655243 2.230998142274423e-05 4.660496238166812e-05 0.0027105667474754207 0.0002754001844203349 1.6227436510475768e-05 0.0004930510329029593 0.006841197092205821 6.080464848272415e-06 0.0 0.00018526179688416487 6.886765631479907e-05 0.0004954644089703962 0.0009701376812240952 0.0002696485668480701 0.0009867258471262905 0.0009362614717005022 0.00115417584603883 0.0006107060682848523 0.0013520830966974753 0.0028269591702879565 0.002175454189728301 0.0006735280824106064 1.8991963702653802e-05 8.041620730262065e-06 0.0 0.0 0.0 0.0 0.0 0.0 0.0 0.0 0.0 0.0 0.00014861691605145064 0.0 5.703190095961833e-06 0.0 9.48531140207689e-06 0.0 0.0 4.2210382769043245e-05 0.00022222347279010689 7.75463887073825e-05 0.0002648395824030152 4.634998505376205e-05 0.0014837105299032227 0.0004562994132683541 0.001649318536767156 0.00033343414557413794 0.00022243689275411216 0.0 0.0 0.0 6.216430219031422e-06 0.0 9.1623200528811e-06 0.0 0.0 0.0001156432260303291 0.0 0.0 0.0 5.313370137799392e-05 0.0 0.0 0.0 0.0 8.988163115198932e-05 3.198871087148239e-05 0.0 0.0 6.831527146418567e-05 0.0009925440240016773 1.0463426386274988e-05 0.0 0.0 0.0 0.0 0.0 0.0 0.0 0.0 0.0015870517785018326 6.0293118797147684e-05 0.0 0.0 0.0 0.0005356599631614902 0.00010621117835627416 0.000275947184526436 5.895381055826756e-05 0.0001406268723995617 3.038047190421073e-05 3.5726554307740086e-05 0.0 0.0 0.0 0.0 0.0 0.0 0.0 0.0 0.0 0.0027243168360008576 0.00019307186170647547 0.000901567767291657
0.009231646803610874 0.048565493345552914 0.1775934727177182 0.003362305585416959 0.02151307230688772 0.0005638140021767045 0.0068758085725586435 0.0 0.03117240644111903 0.007718825769848718 0.2184889242388057 0.00022234884342100478 0.004945440718693787 0.042256870382787026 0.002785738773552308 0.002426267360804887 0.0005522991507873867 0.0014740977792427152 0.0005395805374979223 0.0010680500849344528 0.0012840355940169814 7.673133116124886e-05 0.00031010695887721845 0.0008513132733880424 0.0008680768595454327 0.00028501929649934424 0.0004998663129517566 0.0001023940783975684 5.3809638004337376e-05 7.611273238871332e-05 0.06842244966232665 0.31747257618944497 0.015208387577272954 0.0010364736160314082 0.0018216737135923033 0.00024250200936823627 0.0013880242878089458 0.0002661803668606143 0.0004991883182194272 0.0001857313332478489 0.0002597003170068782 0.0001250847989061711 0.0024083750203948494 0.0074747687454423395 0.0012499695671029205 0.00489191397625479 0.006980052256487353 0.000663049139030545 0.0006254825382453832 0.0050163412677094905 0.0036457706463875177 0.0004078104174830403 0.00019631831095239533 0.00020852837855836077 0.0003267683437640079 0.0010071922939502208 0.0015051448286289338 0.013732865154102323 0.0015271865636812668 0.0016481312205016384 0.006148952107222887 0.017498140440945418 0.0021385689061968684 0.019559834357529955 0.0008897705194242695 0.004221467752251002 0.0055479656542015325 0.010098883616022337 0.00846687488326456 0.003135809764107143 0.0010347905441658012 0.0005581477669542401 0.00026288257932968094 0.0075085324983897115 0.006593745428518112 0.006873537128036287 0.02280684956155286 0.03695075396199597 0.13679810846530088 0.22069819516067016 0.02025840466296134 0.16598470534428061 0.0007730332131264932 1.351264192382452e-05 0.0010053175789771006 0.010596207139485881 0.010375507363893317 9.79155423334224e-05 0.00043993026387798234 2.4549038337699533e-05 0.0008094419410503553 0.00021177881043835795 0.006168258830765709 0.001507469150326844 0.0007800330415582571 0.0007410110428222424 0.00031066855968764367 3.242547399021259e-05 0.0003419616915778536 0.0040467815153636035 5.955129899140886e-06 7.466238981222146e-06 3.747510267209723e-05 0.0 6.380070642263377e-05 0.00016968088607537148 0.0 3.6902012332900326e-05 0.0 4.83258216953209e-05 9.408055986280342e-05 0.00016455568661452157 0.000307843707894829 0.0002743782092259294 0.00022551346431254655 2.590153190417105e-05 0.0 0.0 0.0 0.0 0.0 0.0 1.3287093818921245e-05 0.0 0.0 0.0 1.3874193368545886e-05 0.0005043841305235509 0.0 0.00021573496269807236 6.799441004196717e-06 0.0001364489181629545 6.098179198425162e-05 8.814710114723079e-06 1.540211679684195e-05 0.0 1.136577159704152e-05 0.0002758857881004326 0.00018747285321914792 0.0004285997746860042 0.00041770229745270173 0.0012883765672651356 0.0004917600716276786 0.00030809258135339277 0.0 0.0 0.0 0.0 9.070493484582313e-06 0.0 0.0 0.0 3.0212630822159748e-05 0.0 0.0 1.0576201811102252e-05 0.00023763181788501487 3.4815145928315165e-05 0.0 0.0 0.0 0.0 0.0 0.0 0.0 0.0001755004742103644 0.0003955062117707572 0.0 0.0 0.0 0.0 0.0 0.0 6.72266116230171e-06 0.0 0.0 0.00037557013826471596 0.00019746109362873008 0.0 4.828891302513636e-05 1.5144377334251885e-05 0.00016190490145707266 0.0 0.00024290009207984402 2.762391684206549e-05 5.475661790262498e-05 8.967608267713733e-05 1.5649305435591064e-05 1.761648238692665e-05 0.0 0.0 0.0 0.0 0.0 2.2362118887832752e-05 4.078873153492395e-05 0.0 0.0002404549029729356 0.00027105786395677104 0.0006401100592467813
0.002150240426615694 0.04860692839601826 0.02242879792981378 0.0044197319431722535 0.20475608248004812 0.00012324986178321846 0.07025666970025699 0.03117240644111903 0.0 0.019291308499619887 0.09445255965196041 0.005041281695225394 0.10281853916969788 0.18018172796478973 0.0007130996151155937 0.00035747704034314894 4.448836711873434e-05 1.3059060799211169e-05 1.8173721787600775e-05 5.377454452965236e-06 6.345409740376832e-06 8.935663983386138e-06 7.706691542922258e-06 6.2047430681690915e-06 2.4297956726747574e-05 1.0779997762275143e-05 9.509800987729936e-06 1.3887039719356748e-05 2.2648341549158226e-05 0.0 0.004286598088004659 0.004878647863771954 0.0022710540128717187 2.3760817139545698e-05 5.0509790995042415e-05 0.0 0.001102017169055116 3.783644597318143e-05 0.0001715762905260262 6.734780154028847e-06 6.297007424293748e-06 1.5721086170525695e-05 1.552978707183665e-05 3.931851924660707e-05 1.1371005837693108e-05 6.244609573802419e-05 0.0024458385127691194 3.917596281315726e-05 2.431571572485414e-05 1.616229578629605e-05 6.12544345312629e-05 5.105032400971794e-05 1.6483465993031256e-05 0.0 0.00021518538252578747 0.00030863592682319206 0.000565190138115607 0.0022689391852285957 0.0005625924808209926 0.0009648096496772229 1.989142097763695e-05 0.0007266159510171549 4.0776145020565635e-05 0.0031196265592632116 0.00010515551454236987 6.054893830623183e-05 0.00016302641459844014 0.0001656568629788914 6.714970552256413e-05 5.623092810457208e-05 0.0009236738361112998 5.626143189769292e-05 0.0 0.0029909927482593608 0.0018701816486187649 0.0032434865458569107 0.00304299081406457 0.0002175558050658496 0.00012663181711151993 0.00798923960628491 1.7487755840155645e-05 0.0009781508553523054 0.0004292472336031148 7.251889461457039e-06 3.650386694947216e-05 0.00018852090675272704 8.136075603748028e-05 1.8102338126681656e-05 2.4902610333051415e-05 6.8670016840700965e-06 2.041024438222661e-05 2.1789996988371866e-05 0.00010899144212233915 4.30406293111876e-05 4.1445281068205494e-05 0.0008605663170766747 5.583253249132077e-05 1.0266771362961851e-05 0.0003134230456647979 0.00039535685109893544 3.0073799473627435e-05 1.2242071863108038e-05 3.225788588273602e-05 7.23823844106864e-06 0.00031275837395508137 0.00038033113896825485 1.2543845370151927e-05 0.0003904895136995652 0.0003348958797832732 0.00046365164900601905 0.00030529678458249255 0.00043815340980880456 0.0011765902474061096 0.0009701241308445864 0.00045238744555695435 6.703154672560024e-06 6.598218714788014e-06 0.0 0.0 0.0 0.0 0.0 0.0 0.0 0.0 0.0 0.0 0.00017326894065861095 6.813153781488452e-06 0.0 0.0 4.572101386621741e-05 7.359558276566278e-06 3.691752658193529e-05 8.100214307771134e-05 5.612075058681179e-05 0.0 0.00013170047240913438 1.8194983545772826e-05 0.0007274279207181214 0.0003527892119634332 0.0010294306396523884 0.00035944094234877355 0.0001472790771694114 0.0 0.0 0.0 0.0 0.0 0.0 0.0 0.0 0.0 0.0 0.0 0.0 1.4658572829853714e-05 0.0 0.0 0.0 0.0 1.8906686568318377e-05 0.0 0.0 0.0 6.455054593409391e-05 0.0004933288351248796 3.052833394184487e-05 0.0 0.0 0.0 0.0 0.0 0.0 0.0 0.0 0.0006738969541069365 2.7898341190102626e-05 0.0 0.0 0.0 0.0001435969123848253 7.113188946068085e-06 0.0002198195464437974 2.3747368773291944e-05 0.0 7.43794288303092e-06 0.0 2.3203800521182123e-05 0.0 0.0 0.0 0.0 0.0 0.0 0.0 0.0 0.0013571704986461912 0.0001356987053653231 0.0005641922000803553
0.11077525470595274 0.12052213215277904 0.02126322788707641 0.1405051727243417 0.0470701486723386 0.039167738462441745 0.1485133654167575 0.007718825769848718 0.019291308499619887 0.0 0.02086909591324906 0.1270879651686823 0.49884104906226623 0.043429293185151645 0.001413354452620252 0.0006430525680045379 9.950069657022727e-05 4.511854370954038e-05 1.7588546308608938e-05 2.270355679532557e-05 3.192339951526605e-05 0.0 5.715156936977493e-05 5.104009249194015e-05 0.0 4.435445756666859e-05 0.0 2.1630625293790163e-05 7.736394326133908e-06 6.586666971654479e-06 0.017100686552308647 0.004818108678481864 0.009832604114235734 2.6055456182420012e-05 1.4179430751679085e-05 1.0331318763410998e-05 0.012385734435889952 0.00017294072513285159 0.0011482702511231252 9.659891305928123e-06 1.735338974446375e-05 6.372554872873306e-06 1.438095450626777e-05 0.00013623956820760824 3.642914841577293e-05 2.9261246970476506e-05 0.008841166106509818 0.0002692839531758604 9.760963568844049e-05 2.2704419562138095e-05 5.268397296923162e-05 2.656762585249846e-05 4.61964917014608e-05 2.355937847224605e-05 0.0011826000646442585 0.002486210150072838 0.008091615929344037 0.027368893247259815 0.006879166795395182 0.004185112368567866 0.00010688974765653382 0.004937051951430871 1.0529179647444079e-05 0.01477681259240523 0.0004209233206953306 0.0001038542064697584 6.914090911150705e-05 5.699649732804101e-05 1.145568873338088e-05 0.0 0.03999872517937091 0.0002297366744653766 0.0 0.02321866139407371 0.010875292453250892 0.011252719700281777 0.007248932116861268 0.0003150182328823728 8.435959006455948e-05 0.009349473079449253 6.773660241805412e-05 0.0032707912989054116 0.001721019167966122 7.857484974901387e-05 0.0002854650674342491 0.0005978725354623685 9.792369561703833e-05 3.702803026763689e-05 5.3261633776733884e-05 7.5117917880394794e-06 8.454358675252296e-05 0.0 6.020726160537945e-05 3.348522107907369e-05 0.00017315528920067345 0.03851162370370664 0.0024940764973920967 0.00010963382645182971 0.004207380621537214 0.05858165353786457 5.489974844654654e-05 0.000120333204465198 0.0011902564133319574 0.002069667117070324 0.001983706267483487 0.010436342085700673 0.0015291454473666726 0.003980164847854943 0.004739712646075187 0.008455580025518513 0.0016669712882972241 0.004416498612922436 0.009941411840549653 0.007022177182340856 0.0019172168105039853 2.3676710184163845e-05 1.5326617381409432e-05 0.0 0.0 0.0 0.0 0.0 0.0 0.0 0.0 0.0 0.0 0.00027199769515040366 0.0 0.00010944332699067422 9.903287613353892e-06 5.065876785914639e-05 0.0 0.0 0.00027753611371113956 0.0003390051722372935 0.00010967668116815911 0.0008471164247412244 0.0001951639463406632 0.0027811908680172087 0.001007457521094246 0.004036522111827939 0.0007402315563375129 0.00024673485405544515 0.0 0.0 0.0 0.0 8.23328396595152e-06 0.0 0.0 1.634010900713081e-05 4.77923097543668e-05 0.0 0.0 0.0 8.996444212731824e-05 2.246457404792485e-05 2.3081259271374072e-05 1.2077126036177137e-05 6.0525562174673e-06 0.00013030582129315338 3.309035018389793e-05 3.8625029935960046e-05 9.934822609522869e-05 0.00022928670680579614 0.0014253091073977784 0.00015547815970483718 0.0 0.0 0.0 0.0 0.0 0.0 0.0 0.0 0.003551923576109928 0.00016134432535378426 0.0 0.0 0.0 0.0010765107482118557 0.00010985274415260746 0.0007830670237263172 0.0002216167487264364 0.00016141546930642674 0.00010127001400990543 7.803710540161781e-05 0.0 0.0 0.0 0.0 0.0 1.023303288048187e-05 0.0 0.0 0.0 0.012485155545195203 0.0003955794765012061 0.0015032623121578174
0.010618063913756371 0.08535056603961418 0.14016482134905034 0.0188888152934168 0.08782397120959695 0.0004474356283734895 0.059063764720064284 0.2184889242388057 0.09445255965196041 0.02086909591324906 0.0 0.003207054817374954 0.11030337878948865 0.29748059643329805 0.0017579355280287717 0.0009681852380975201 0.00013929525678354443 9.864822669205303e-06 8.529176385963702e-06 1.7163540331898187e-05 0.00013006521594029986 0.00012043901416878758 0.00010823374713277477 0.0001939546372982214 0.00045622807352345526 0.00010697611674441198 0.0001771672395087393 1.8920994041716306e-05 8.723586751696937e-05 6.985215010092397e-05 0.03824958095879271 0.01585204226136125 0.05556247282477824 2.107294215832911e-05 0.0003687932348705684 0.00014202831768982666 0.012084325499517165 0.0001793502943488329 0.0007840005863655321 0.00012277047587964032 5.910712870394675e-05 5.8525995328642856e-05 0.0001631615473946504 7.903194095302936e-05 1.9769119893564095e-05 2.5889188757757735e-05 0.003674885081645175 8.589979716965819e-05 4.92617411609504e-05 0.00011310678126338382 0.000381226537213584 0.0004230256203787886 0.00017318262600829953 8.347091874710847e-05 0.00022610147511958932 0.0003541572087999346 0.0012740060881020487 0.00775589523030678 0.0008835069732625787 0.001042749811379278 1.632627454586658e-05 0.001614678179343788 0.0002698112615215098 0.004191725360448849 7.57482170700904e-05 0.0001478689127785831 0.0004824671402988283 0.00042797024128190994 0.00027469767219738127 0.0002808747390236852 0.006315132716317751 0.0007217906568026577 6.51097899181044e-05 0.0036689714285972315 0.0025292431663589488 0.003928697597043846 0.0044084608860792945 0.00028146157141752055 0.0003029681376140563 0.09593660770667073 3.276471838399064e-05 0.005131374053740402 0.0003199207401520047 0.0 6.060586947939482e-05 0.0011028396182163913 0.0002031307410344684 4.381691724578285e-05 9.144133285290767e-05 1.4206866370350506e-05 0.00011389735745811818 6.475551755372287e-05 0.0005904732935720945 0.00023184710867665018 0.0006162112675785548 0.0024589450033275506 0.0004693129656342267 6.954567757972403e-05 0.0005369234801263872 0.0031221936642741 8.43876702423183e-06 0.0 0.00028008935361104086 3.328684280942822e-05 0.0004560362396557292 0.0005629706334362477 0.0 0.0010121078648634716 0.00025484220929107603 0.0005225483005767692 0.0005384693002478114 0.0008933517144166531 0.0015781564408614078 0.0016243060238489287 0.0009039200817927446 4.058852251618849e-05 6.906516129608557e-05 0.0 7.508615195915323e-06 0.0 0.0 0.0 0.0 0.00010879268919414676 0.0 7.086506944600771e-05 2.7590642222548333e-05 0.0003361795706699265 0.0 2.0419492821595004e-05 0.0 7.379091847853721e-05 2.2096674908457676e-05 4.5404411840494854e-05 5.597835289147649e-05 0.00019833432251813738 0.0 0.00023929404336480673 0.0001907534206381386 0.0013994318642549602 0.0009886803689444859 0.0025244669762019404 0.0008720157207871303 0.0004646447539917616 0.0 0.0 0.0 0.0 1.449531959953275e-05 8.577874677724253e-06 0.0 0.0 5.0967004340488975e-05 0.0 0.0 0.0 0.00011946478849712396 7.309842825734862e-05 1.3037447712877924e-05 0.0 0.0 0.0 2.0676563479794877e-05 0.0 0.0 0.00011050087141664971 0.0012956432344673728 2.5886587191022408e-05 0.0 9.282710332618906e-06 0.0 0.0 0.0 0.0 0.0 0.0 0.0012263283854365165 0.0002942979446000993 0.0 0.0 7.827117504426431e-06 0.0005074647313768341 0.00010171405529405835 0.0003862772482423818 5.041072651767271e-05 0.00016806326692067098 6.23596575739061e-05 2.3825543863743794e-05 1.4143850541104071e-05 0.0 0.0 0.0 0.0 0.0 0.0 2.7611990897843593e-05 1.174744023865978e-05 0.0019956064128733783 0.0003518002369134189 0.0012329833733841433
0.0005374734207760042 0.012687670408420547 0.0008120977774650385 0.004374604166576935 0.005593039223331854 0.007559907577708765 0.041335652498409786 0.00022234884342100478 0.005041281695225394 0.1270879651686823 0.003207054817374954 0.0 0.1262407243984748 0.007542757530116598 0.00013456214092296643 2.3660270039037393e-05 0.0 0.0 0.0 0.0 0.0 0.00013251397322384544 0.0 2.243231956095909e-05 9.726517672472822e-05 0.0 1.549212633980705e-05 3.131430444396603e-05 0.00011938676665528412 2.870198743287549e-05 0.00022427672834314562 0.00020664997601192354 0.00358434834378415 0.0 0.0 1.072888408940636e-05 0.014462603880905698 0.0003053129616889567 0.0019009652069161293 7.866820056917864e-05 0.0 5.876819949910498e-05 8.608069686328412e-06 0.0 0.0 7.70749575504125e-06 0.0002233217346860978 0.0 0.0 0.0 2.3328777280274308e-05 7.14059693424349e-05 9.786918028244214e-05 6.842735704152975e-05 0.0 2.1539440997286067e-05 0.00024259428104369765 0.00010662666050357349 1.5327805401246188e-05 7.888076508570809e-05 1.3070110252864244e-05 0.0015621577747938135 0.0 0.00028578646042329487 6.61110532195068e-06 0.0 5.728942724652726e-06 0.0 0.0 0.0 0.008248235900998182 0.0005118749990727403 0.0 0.00014153594865533325 3.9733533413816685e-05 0.00010458689677535011 0.00011023096858885381 9.50318064769237e-06 1.4469194142129127e-05 0.0014211610810139863 0.0 9.555468067691365e-05 0.0 0.0 0.0 1.4052192317549193e-05 8.775982589370677e-06 0.0 1.787937923713304e-05 0.0 0.0 1.867281363284548e-05 0.0 3.316122103379009e-05 0.0002119068274669284 0.060674648739165477 0.010735875527133523 5.5478713010896994e-05 0.0009915115524209974 0.0026983224294908656 4.6518054407626093e-05 5.2011586678642144e-05 0.0005269170708358437 1.3182977169400153e-05 0.0015537316889778587 0.005060793126434266 0.000513848517314402 0.002532269769263248 0.0025408123267690597 0.005634711670993289 0.0015375312612772335 0.003912287716002244 0.009096797474789059 0.006254587450031247 0.0022804545498863985 0.0 1.4695164023809252e-05 0.0 0.0 0.0 0.0 0.0 0.0 0.0 0.0 0.0 0.0 0.00018309570963889805 9.030215174768377e-06 0.0 0.0 0.0 0.0 4.027869773878383e-05 0.00025743842330398645 0.00019466026481385437 0.0 0.00015630357045272108 0.0 0.0016520070682013825 0.00017494738761834568 0.001489855909033696 0.00025302894701136004 0.0001125773997156165 1.5974909787985755e-05 0.0 0.0 0.0 2.3560004275533186e-05 0.0 0.0 2.579697838174118e-05 1.951062333708499e-05 0.0 0.0 0.0 3.691746162282215e-05 0.0 0.0 0.0 0.0 3.265661910039223e-05 4.6345459873852456e-05 1.0953575831916716e-05 0.0 0.00013922384979223962 0.0010398292167155755 7.136067911682143e-05 0.0 0.0 0.0 0.0 0.0 0.0 0.0 0.0 0.0033307764268764545 3.629222009478043e-05 0.0 0.0 0.0 0.000935060268365988 0.0 0.00035586103647456454 4.414018718723146e-05 3.309244488656736e-05 6.801860365194272e-05 0.0 2.2683372352022828e-05 0.0 0.0 0.0 0.0 0.0 0.0 0.0 0.0 0.01172906164680835 0.0001365671702814612 0.0006103782832275821
