0.0 0.1356341113347021 0.04954374494253282 0.1667618984536879 0.0023117631222865295 0.006655310238133014 0.02705478687474623 0.006558859019178284 0.00433794382979793 0.08936402254849156 0.02316969223967538 0.01085427125647565 0.022010937824328992 0.027057084396144165 0.00042799884846779886 0.00010128205166953764 6.7623989089338e-05 1.543746616930882e-05 0.0 2.067902123372121e-05 6.8323687662825325e-06 0.00019066225867792524 1.037075122083259e-05 0.0 0.0 8.247346712471723e-06 1.5350471155498006e-05 0.0 3.806495155186268e-05 2.066500412127309e-05 0.04690968103741831 0.00034860249319197293 0.0005181568540021468 0.0 0.0 7.4351147958150885e-06 0.00014858465128263373 3.065683173240474e-05 2.8904122930324767e-05 7.917521508001667e-06 5.795695015011071e-05 8.385700426292431e-06 0.0 8.78477735887549e-05 0.0 0.0 0.0012890023133806001 0.0006199447642872797 3.791286729767058e-05 0.0 0.00031397957924208565 0.0002861976770949685 0.00022298812809488024 1.6596757259396968e-05 0.0002133796229181924 0.00021505271395521908 0.010858670517306403 0.07557937938690694 0.0016965370079402866 0.002816896783586552 2.0369927196974917e-05 5.960640352159208e-05 0.0 0.000929055639691637 0.0002653875632948487 0.0004751754866271743 0.0004946004809128373 0.00037077691435106493 5.757489860052892e-05 2.0396486085389238e-05 0.003470005648544056 0.00177292520593255 0.0002937708641296595 0.015776537608808143 0.007269917108733134 0.0043914066558310245 0.00039052748793040923 8.530999491902883e-05 5.34314996274037e-05 0.0018897662099433975 1.857684854469639e-05 3.144056275343152e-05 0.000351160462733452 2.428744224362969e-05 0.00033219476079996167 0.0002755899296339951 0.00021113148932931034 8.174269020595354e-05 0.00033999865364780515 0.00020323747296142726 0.00029584653286602377 8.71266291163959e-05 1.5403166436735275e-05 8.77575594530388e-05 7.102706987931919e-05 0.02001573955899282 0.006835600464510982 0.0011112406715792895 0.00047215851187194726 0.06738525896297003 0.0 0.00021288045004047394 0.0004657599917085912 0.0013179159452934711 1.0011439675251478e-05 0.0003044237495244558 0.00042223987505921837 9.673474464567514e-05 0.0011776577567040535 0.0017788038237495079 5.064285881999866e-05 0.0003479009862693928 0.0006732396234034952 0.0002959554455465716 7.548805187902846e-05 0.0 1.152055654864221e-05 0.0 0.0 0.0 0.0 0.0 0.0 0.0 0.0 0.0 0.0 0.0 0.0 0.0 0.0 0.0 1.2821306072164829e-05 0.0 2.0110081081325636e-05 2.500694317415735e-05 0.0 0.0 0.0 1.0450802242088805e-05 0.0 9.251605084161051e-05 0.0 9.807067344018072e-06 0.0 0.0 0.0 2.372276272707037e-05 6.762890329074053e-05 0.0 0.0 0.0 0.0 0.0 0.0 0.0 0.0 0.0 8.562378907764204e-06 0.0 0.0 0.0 0.0 2.5779180162976668e-05 1.382837924993813e-05 1.073829973140139e-05 0.00011252969475564106 0.0 0.0 0.0 0.0 1.036962758644483e-05 4.040274368909463e-05 0.0 0.0 0.0 0.00012070694741065251 0.0 0.0 0.0 0.0 0.0001024904921361747 0.00012166978654597545 9.767474636514525e-05 0.0 0.0 0.0 0.0 0.0 0.0 6.707020101073787e-06 0.0 0.0 0.0 0.0 0.0 0.0 0.00013847960221553983 3.952101634479019e-05 1.9403213108788588e-05
0.1356341113347021 0.0 0.24816115754760137 0.11888893197382103 0.13597137360220504 0.0008779597664867981 0.34445458103938664 0.015841869931971293 0.14358195939785234 0.08922009605382339 0.1880898759434427 0.0010630281048126771 0.06688722968510459 0.04378237852571903 0.001979195527816671 0.00013343177440577197 0.00012686908015794378 7.4833563165557135e-06 1.6860491353913172e-05 3.419691492993184e-05 7.4142006976945225e-06 0.0 0.0 0.0 8.639221001378767e-06 1.5734440925680264e-05 3.3400398036960466e-05 0.0 1.547934023973614e-05 0.0 0.15246453810621902 0.000571856955484935 0.00035048653186025425 7.626918732727344e-06 0.0 1.5176848121365925e-05 2.0549068159453744e-05 8.537346327149794e-06 1.6065534749620364e-05 0.0 1.4748982418475945e-05 4.859375293648449e-05 5.68310090270375e-06 3.8471324915346864e-05 6.875915828635989e-06 6.649858599684361e-06 0.0071847581157773125 0.0010807952275305181 1.615406003566693e-05 2.640296148909702e-05 0.00037868103153513037 6.705309730181128e-06 0.0 9.441835763026048e-06 0.00020379597985137758 0.0002927789951296955 0.0022977992284251834 0.03171487635390044 0.0013287110355683363 0.005233669577811395 5.948599171170496e-06 9.189630021404742e-05 0.0 0.009077472382723224 0.00045023600965586066 0.0006051743382353241 0.0007740580161779519 0.0008691198623449127 0.00010828872138848155 4.992406186000728e-05 0.0002975747295612808 9.37027712969547e-06 0.0 0.0138192625828665 0.020612859855274716 0.012611894596368843 0.0038575279168378634 0.00018582455899388817 3.806226592975242e-05 0.0008652616807441424 1.4655980151665654e-05 0.00013672918429102966 0.0005081489324805328 1.861324659652732e-05 0.00033699881091890356 0.00037973638644435073 0.00031891223396076 4.700776225399245e-05 0.0005150623722607793 0.00011957173007405255 0.0005419628806425509 0.0001309391580228318 4.964405375635182e-05 9.150352656455184e-05 2.2302651402811297e-05 0.0008670150589695321 6.0799324354596145e-05 0.0 5.6749092455542735e-05 0.026346860753505393 0.0 0.00013217503181916072 0.00021724847847929898 0.0005157822719002833 2.545161695232956e-05 0.00026399196804184844 0.00016755310566729571 0.00011498704918079361 0.0009616300452551262 0.0006657925648951784 5.201448679293063e-05 0.00034251119358625286 0.00035492555938060783 0.00016087984783456463 9.559953863603473e-05 0.0 0.0 0.0 0.0 0.0 0.0 0.0 0.0 0.0 0.0 0.0 0.0 0.0 0.0 0.0 0.0 0.0 0.0 0.0 2.573525874460995e-05 2.1665857099207295e-05 0.0 0.0 0.0 1.0571952003390875e-05 0.0 9.819810060246765e-05 0.0 2.3997209293584804e-05 0.0 0.0 0.0 0.0 0.0 0.0 0.0 0.0 9.855082325567615e-06 0.0 0.0 0.0 0.0 0.0 0.0 0.0 0.0 0.0 0.0 0.0 0.0 4.93416811374049e-05 0.00011392463927481504 0.0 0.0 0.0 0.0 0.0 0.0 6.815425900181611e-06 0.0 0.0 0.00017207835457012265 0.0 0.0 0.0 0.0 0.00022501707029134438 1.7396245780207334e-05 2.315686896044686e-05 0.0 0.0 0.0 0.0 0.0 9.508034479095654e-06 1.3789109813860255e-05 0.0 0.0 0.0 0.0 1.6173834641656362e-05 0.0 0.00014000387739255375 3.429460599164952e-05 5.1437029333298407e-05
0.04954374494253282 0.24816115754760137 0.0 0.013231290202472242 0.11018617855582259 0.0006232209298935458 0.048732903047132396 0.09956056693633412 0.10063727081113799 0.027884045063004115 0.31947868661882384 0.003973316654235013 0.06790993975829328 0.09618245299039122 0.00038215668415497424 0.000339595478451351 6.879423165027097e-05 3.5141499537237456e-05 8.17112760163264e-06 9.393425527222865e-05 0.00039525806119542004 7.822758238789507e-05 0.00013692166784551514 0.00012405469430416837 0.00016868062916661862 0.0003994486765994463 0.0002669392706688586 8.311240845350469e-05 0.00010608487168067202 0.00010237901220024387 0.2790780700138004 0.02788269530229295 0.002033107694335274 0.0 0.0001238073656115222 0.00040077602975287344 0.0004713239516862697 0.0004648813639867687 0.0001285737938006534 0.00014278234828932315 0.0005966522204389466 0.0002649703732513384 2.2615003073125318e-05 7.549206558714643e-05 0.0 0.0 0.001272701595837064 0.00014295296401569367 5.263622586824339e-05 1.9404456242599648e-05 0.0003581747294441689 8.820829541996432e-06 4.6348013866852196e-05 0.00012514530890578445 2.828670962086569e-05 1.9789278932836328e-05 0.000620450772985089 0.028751857184259717 0.00022675147529313297 0.0008519131726664942 5.48034521177269e-05 0.0013762635600132085 3.258395475674165e-05 0.006253691283234833 9.873284523031754e-05 9.212702698207518e-05 0.00010997336195981756 0.00019163552767760553 0.00014766173401625898 0.0005981256545580023 0.000707914362724126 6.482091377102528e-05 2.65435737986528e-05 0.0025333796376998735 0.004186457569409475 0.0017185940353578641 0.001406436805330589 0.0003871356202640385 0.0008100869716692884 0.01708084934047838 1.5372166813827794e-05 0.0011325289807280338 5.548166288259224e-05 0.0 4.408029369950936e-05 1.8311824875834956e-05 2.04243011336181e-05 1.3445492337089238e-05 3.843031452558553e-05 3.595882009047373e-05 4.989675482591442e-05 1.5290540778845597e-05 0.0011677061613205619 0.0004376285831984309 0.0002120547968094417 0.002221411417248588 0.00022877373968059196 1.9733650535422537e-05 0.00010640800378474158 0.012453250697712769 4.384619376292639e-05 0.0 7.961407246445792e-05 9.641986309894474e-05 4.727259846167326e-05 0.00013752550239586083 8.535236680932859e-06 7.123344651604568e-05 0.00028817397328246934 0.00024041582770907322 2.8234458356442937e-05 0.00026276269503119963 0.00037571061228271435 9.772530085102683e-05 0.00015005830061392086 0.0 7.646701833936437e-06 0.0 0.0 0.0 0.0 0.0 0.0 0.0 0.0 3.427882243985896e-05 0.0 3.623958087059156e-05 0.0 0.0 0.0 0.0 0.0 0.0 3.345829465802495e-05 7.79638075163245e-05 0.0 5.964993812429002e-06 9.829234203865313e-06 3.1238191329603326e-05 1.4749058309104958e-05 0.00023957363485170016 8.169135755795063e-06 0.0 4.1526520230197064e-05 0.0 0.0 7.191420924489855e-06 0.0 7.564462444094386e-06 7.386349969543068e-06 0.0 0.0 0.0 0.0 1.418099259798696e-05 2.072160040738077e-05 1.4939435049113407e-05 0.0 0.0 0.0 0.0 0.0 0.0 7.50392494240988e-06 1.0516902979958275e-05 0.00012458323458992257 0.0 0.0 0.0 1.5079057948752143e-05 0.0 0.0 0.0 0.0 8.295226336854596e-06 0.00015696132808659736 7.022829892139657e-06 0.0 0.0 7.482480742582187e-06 0.0002482065184192085 6.509249461677254e-05 0.000109321874890628 0.0 0.0 2.881431656515264e-05 0.0 2.3127368460636355e-05 0.0 0.0 1.0949951899540177e-05 0.0 1.6860106803636317e-05 8.395383277667196e-06 1.5222198435680384e-05 1.1952219048374705e-05 7.571710508878213e-05 7.295072232324874e-05 9.364533964757985e-05
0.1667618984536879 0.11888893197382103 0.013231290202472242 0.0 0.00043796923867527856 0.003536153666841746 0.061381247235829876 0.00012673780692654024 0.0029343975444797595 0.21099320106945813 0.0004704111335370334 0.00739202528825821 0.022836105532602437 0.0048087693527877244 0.0003464855829958724 2.8453548938920856e-05 4.680549447184418e-05 0.0 0.0 0.0 0.0 0.0 0.0 0.0 0.0 9.682084539602925e-06 0.0 0.0 0.0 0.0 0.006030778589292495 9.118578496053401e-06 4.0966912359778066e-05 0.0 0.0 0.0 1.7832228382313733e-05 0.0 0.0 0.0 0.0 0.0 6.1768266455726755e-06 2.2349894452067235e-05 0.0 0.0 0.0014854104849163926 0.0004328673518183431 2.2402186493544372e-05 0.0 0.00016738828198169318 0.0 0.0 0.0 9.342671403679169e-05 6.800662794177266e-05 0.001322097247105004 0.009336125804645042 0.0008487580356230633 0.0018518938761704908 0.0 0.0 0.0 0.0014727330646450941 0.00015573967188990074 0.00024800600348405115 0.00017233052044084634 0.00036473953107282205 7.89873517923333e-06 0.0 1.1227679886237413e-05 0.0 0.0 0.007133722826514693 0.005602425361603653 0.0034918904359492638 0.00037564981822539595 1.919843980318697e-05 6.779380116792813e-06 2.2386758608283805e-05 0.0 0.0 0.00020478855055648592 6.899172341992328e-06 0.0001767810595501947 0.00012652265019711547 0.00015885286576845139 1.3815386094633695e-05 0.00019229857560806383 5.779150801251653e-05 0.000182816731891197 1.617131439315559e-05 0.0 8.955653775220104e-06 2.431346140242126e-05 0.002599945434476623 2.0217947717158683e-05 2.3414086088783654e-05 0.0 0.05732953101461754 0.0 7.062107596898006e-05 0.0004080917482007254 0.0006285746824567768 3.992639520122553e-05 0.00029708645888213315 0.0005349642496668025 0.000321697272795027 0.0022854937583209364 0.0015049508029417106 0.00012489458382431605 0.000376271346052913 0.00030762314099886463 5.340668792250059e-05 0.00019632392161062908 0.0 0.0 0.0 0.0 0.0 0.0 0.0 0.0 0.0 0.0 0.0 0.0 0.0 0.0 0.0 0.0 0.0 0.0 0.0 5.6987356182457763e-05 8.068593132009647e-05 0.0 0.0 0.0 0.0 0.0 4.2424581616526404e-05 0.0 0.0 0.0 0.0 0.0 0.0 0.0 8.922330992908095e-06 0.0 0.0 1.0246099163636422e-05 0.0 0.0 0.0 0.0 0.0 0.0 0.0 6.08033284347985e-06 0.0 0.0 0.0 0.0 0.0 0.0001525362361245831 0.0 1.074781324473082e-05 9.084593086607481e-06 0.0 0.0 0.0 0.0 0.0 2.2220604004933682e-05 9.271886288416531e-05 0.0 0.0 6.439435973005166e-06 0.0 8.609283394199074e-05 8.8509962935679e-05 0.00015473227759282403 0.0 1.0105239360014376e-05 0.0 0.0 0.0 0.0 0.0 0.0 0.0 0.0 0.0 0.0 0.0 0.00011912261386234324 5.436388283387771e-05 0.0
0.0023117631222865295 0.13597137360220504 0.11018617855582259 0.00043796923867527856 0.0 7.850501813903583e-05 0.36314649944806315 0.003211626821005574 0.19136673078726882 0.052991703384699586 0.05993750286629227 0.0002005313683102046 0.06671693887540066 0.02279542583908877 0.0006390536605107562 0.00023808151351477236 5.667481591826717e-05 0.0 0.0 0.0 0.0 0.0 1.596035430224555e-05 0.0 6.952849104274955e-06 1.1292329640588014e-05 0.0 0.0 0.0 0.0 0.007154924884264521 0.0003269704527305142 9.083858476645602e-05 0.0 1.0263433942537909e-05 0.0 1.7849258466003223e-05 9.098812951631609e-06 0.0 0.0 1.451150081811812e-05 3.088813844076168e-05 0.0 1.537259497289894e-05 0.0 0.0 0.0014114656723764113 5.552909905650857e-05 8.508817680469035e-06 0.0 1.5208449205825722e-05 0.0 2.3232631594815917e-05 0.0 0.0 1.9732652063937855e-05 7.833665534492067e-05 0.0013976344925357236 4.14903645753006e-05 0.0003209470525838408 0.0 1.875618206548763e-05 0.0 0.0012333836407279384 2.0806723641125274e-05 2.6390273029004597e-05 5.551179655944181e-05 6.492232913704433e-05 7.511754136853628e-06 1.7807931487722358e-05 8.69446575467246e-05 0.0 0.0 0.0005531826044723975 0.0013713080157746666 0.0010315303777261161 0.0009226501795001619 9.793814461531065e-05 7.42132762064592e-06 0.00026305412297547744 1.5765108102324827e-05 1.1674087821917346e-05 6.16568997893915e-06 7.67422521295678e-06 3.812291896642437e-05 2.410448692752104e-05 1.4306199676201278e-05 0.0 3.389743974723884e-05 7.207209007064244e-06 3.316492810461944e-05 0.0 1.532307350572871e-05 1.9670300549680768e-05 8.758027781097082e-06 0.00027930212428290167 5.064873977739911e-05 0.0 9.485871583684259e-06 0.000477509069666236 0.0 1.1164752962434987e-05 3.38108338144887e-05 8.594643582149474e-05 0.0 0.00013161614490971734 9.813930858525043e-05 4.2025407668534765e-05 0.00035308933520669205 0.00025126487112403436 2.1049163051679903e-05 0.0001971587808280388 0.0003305918068628415 4.635861703369073e-05 6.387012652066788e-05 0.0 8.03008713300571e-06 0.0 0.0 0.0 0.0 1.2226985035148561e-05 0.0 0.0 0.0 0.0 0.0 0.0 0.0 0.0 0.0 0.0 0.0 0.0 3.0586952887176026e-05 0.0 0.0 0.0 0.0 9.435575918828512e-06 0.0 5.7474895706366254e-05 0.0 0.0 0.0 0.0 0.0 6.406412222425384e-06 8.579812231213814e-06 0.0 0.0 0.0 0.0 0.0 0.0 0.0 0.0 0.0 0.0 0.0 0.0 0.0 0.0 0.0 1.0076122277784784e-05 0.0 9.97277305996107e-05 0.0 0.0 0.0 0.0 0.0 0.0 0.0 0.0 0.0 3.218161265816275e-05 1.2274697586878009e-05 0.0 1.725969588469561e-05 0.0 0.00018515725722376933 7.319415567450423e-05 3.630859603515428e-05 0.0 0.0 1.0407916107825325e-05 0.0 0.0 0.0 0.0 0.0 0.0 0.0 0.0 1.8609734672717594e-05 0.0 4.252018625229424e-05 3.541043723697278e-05 3.0317749570239155e-05
0.006655310238133014 0.0008779597664867981 0.0006232209298935458 0.003536153666841746 7.850501813903583e-05 0.0 0.0006674467002653914 7.046756508423213e-05 0.00018720530007212936 0.03449513318370974 0.00035760394186467 0.010147280263529932 0.007150599753286919 0.0016820379514862825 0.0 2.6769453760687408e-05 8.485278559471817e-06 0.0 0.0 0.0 0.0 0.0004664218100975899 0.0 0.0 0.0 0.0 0.0 0.0 9.988769898400042e-06 0.0 0.006012023337170386 2.2618736438994326e-05 0.00035962284667592526 0.0 0.0 0.0 0.00016314135516459207 0.0 5.0236726154404996e-05 0.0 0.0 0.0 0.0 0.0 0.0 0.0 0.0 0.0 0.0 0.0 0.00021837343189149908 0.0008170566016641431 0.0005186977395411189 8.321515077283548e-06 0.0 2.824621574046002e-05 0.002438698636194954 0.00011590078028296998 2.072279483526574e-05 1.0096311450493887e-05 0.0 6.81074469433712e-05 0.0 0.0 0.0 6.550453768986149e-06 1.4115572044038718e-05 4.268587928204254e-05 0.0 0.0 0.00823315903017142 0.005349235086887742 0.0010137720220749697 2.645603055999957e-05 2.1336319033161936e-05 0.0 2.5104488118096783e-05 0.0 0.0 0.00028360508273717674 0.0 0.0 0.0 3.747055009343358e-05 0.0 7.546764013156412e-05 0.0 0.00020077957654126007 0.00021535904534653017 0.0006877267355786496 0.00028595587142780097 0.0002666080799994143 4.073393719027881e-05 1.8325013987539678e-05 3.794410535307667e-05 0.01897900302691533 0.019569316248664332 0.0035464568215997 0.0009701641860527223 0.010708632719621972 0.0 0.0 0.0 6.558726753705224e-05 0.0 4.024387968326146e-05 0.0 3.654827903010143e-05 0.00022543921304791963 0.00022115923756092773 0.0 3.2398365356188714e-05 0.00016855821814837016 0.0 8.665782608263377e-05 0.0 0.0 0.0 0.0 0.0 0.0 0.0 0.0 0.0 0.0 0.0 0.0 0.0 0.0 0.0 0.0 1.0353427768890653e-05 0.0 8.42821163819467e-06 0.0 1.4712964952486038e-05 0.0 0.0 0.0 0.0 0.0 0.0 0.0 0.0 0.0 0.0 0.0 0.0 0.0 0.0 0.0 0.0 0.0 0.0 0.0 0.0 0.0 0.0 0.0 0.0 0.0 0.0 0.0 0.0 0.0 0.0 0.0 0.0 0.0 0.0 0.0 0.0 0.0 0.0 0.0 0.0 0.0 0.0 0.0 0.0 0.0 0.0 0.0 1.8248536055674783e-05 0.0 0.0 0.0 0.0 0.0 0.0 0.0 0.0 0.0 7.796222230833492e-06 0.0 0.0 0.0 2.948854533738676e-05 0.0 0.0
0.02705478687474623 0.34445458103938664 0.048732903047132396 0.061381247235829876 0.36314649944806315 0.0006674467002653914 0.0 0.0011576482828101829 0.2674017819651032 0.24060891941198162 0.035377699063396315 0.009996817977275604 0.2967480729989319 0.044340335572770784 0.0028136323691344755 0.000559305745860468 0.00015064355668520604 1.4887071081443093e-05 6.513868255974602e-06 1.664032017949379e-05 3.7496100882447586e-05 7.197145569848463e-06 0.0 9.145814736649052e-06 8.623266978846908e-06 5.994109761962643e-06 1.545484002622077e-05 4.537066942712441e-05 0.0 0.0 0.028684834928569734 0.0010903927631132255 0.00011554638350513934 0.0 0.0 1.912586117714855e-05 8.851769132018275e-06 8.133709387189472e-05 7.290307943232055e-05 1.6964503425409983e-05 4.458668411585565e-05 5.0499853690237085e-05 2.3135054369041747e-05 9.906549481215243e-05 0.0 4.2238901033949056e-05 0.007229932308330361 0.00033854011901134686 5.215323468494382e-05 2.615771639066086e-05 0.0001537605332018998 0.0 0.0 0.0 7.674336783508388e-05 0.00017339867651340666 0.0007878926966154904 0.010570320756974172 0.0005087767580975619 0.002873482973975181 2.116311622922932e-05 9.602676096762205e-05 0.0 0.007496457740036693 0.00019493583443276914 0.00028532479270798795 0.0003182464012972954 0.0003169984433341663 3.9323968025604414e-05 6.637990041559253e-05 0.0002337534414921221 9.479951548273346e-06 0.0 0.005362585655339332 0.010767074011695308 0.007552916827780426 0.0045040601304679765 0.0004355546695744495 0.000266762866299808 0.0005636176039068646 3.231589149828389e-05 7.283575594916721e-05 0.00020853334023055323 0.0 0.00018911384575010168 0.00014947713470773064 0.0002346588778618171 4.557649330822467e-05 0.0002781176108856267 0.00010130339392672937 0.0003221850932275324 1.3735384911999524e-05 2.6842044280033353e-05 2.4904162343164056e-05 8.952123728275092e-06 0.003827859272843567 0.00014659972451830063 0.0 8.014661286597863e-05 0.005500710611583931 2.9775971466854154e-05 6.572789740339533e-05 0.0013165812647299082 0.0018091038420972611 0.00017342696163045697 0.0009911423443593936 0.0004578385607004994 0.00028744055944752154 0.0035117569279336396 0.003400735195267863 0.00012468664916430287 0.0011722504434798756 0.001670602100772925 0.0005293234838417798 0.0004571364098402686 3.474800379407025e-05 9.288637219187811e-05 0.0 0.0 0.0 0.0 0.0 0.0 0.0 0.0 0.0 0.0 0.0 0.0 0.0 9.533931306724044e-06 0.0 7.500359781890249e-06 0.0 0.00015067907406593166 0.00018903063450712986 0.0 0.0 0.0 9.194440411222946e-05 0.0 0.00038638428661272816 1.2694173410826322e-05 0.0 0.0 0.0 0.0 0.0 9.537759819053306e-06 0.0 0.0 0.0 4.1851538273032385e-05 0.0 0.0 2.6175817438376184e-05 1.0525783316248631e-05 2.0686324290893667e-05 0.0 0.0 0.0 0.0 1.3085461529576442e-05 0.0 8.033855159370958e-05 1.3073939179970105e-05 0.00044060779047241694 2.648294907937973e-05 0.0 0.0 0.0 0.0 0.0 0.0 0.0 0.0 0.0006338935451528413 8.166264937896092e-06 0.0 0.0 3.309468736303297e-05 0.0006751371689046967 0.00013961322698162647 0.00028877345318321457 0.0 3.5325461820050454e-05 6.25874089504073e-05 0.0 7.484626635069698e-06 0.0 0.0 0.0 0.0 0.0 7.472671595608394e-06 0.0 0.0 0.0005864447773565282 0.00010765581053296067 0.00011728580635001047
0.006558859019178284 0.015841869931971293 0.09956056693633412 0.00012673780692654024 0.003211626821005574 7.046756508423213e-05 0.0011576482828101829 0.0 0.00986280442077704 0.0033902506653046586 0.3843335903623607 0.0066360286878967955 0.036160598120376544 0.12397085493371604 0.002253869779810491 0.001690493439009431 0.0008518400282588264 0.0003263946501396728 5.587410408582496e-05 0.0009518925673525205 0.00576975486516048 0.0002748981395436683 0.0019762955090159716 0.0023039578877603268 0.004529535905559642 0.00444513989376764 0.0043741594462201935 0.001266587099184525 0.0012886483979985509 0.000995285146968099 0.07350628818061054 0.2356098325501223 0.019071994876887266 9.734485319891783e-05 0.0033449892574284362 0.008566098783790733 0.0009030556659378138 0.010197243569906705 0.0013628050365755004 0.0031817302559311316 0.0068096761016102686 0.0027442255992981375 0.0003497642224101051 0.007291593785344108 6.582347089002438e-05 0.0004688409926690453 0.004041408780899239 8.759686727593365e-05 0.00026163503560836204 0.00024963688970343166 0.0019107721974569972 0.00025659943468508484 0.00020516586970236597 0.0007863642933280669 3.928087120989323e-05 3.513384874240668e-05 0.00019555715837501418 0.00651860462694386 0.0001174845440852137 0.0006480561960052224 0.004873358132982345 0.05126161358354311 0.0016713147613525781 0.04831132329538268 6.196797038057997e-05 6.370788934627951e-05 0.00010368032750539627 0.0005891190187041775 0.0015399089133402884 0.006922944458547567 0.0016126732981173058 6.781389406148103e-05 1.961532118704943e-05 0.0013584465089071746 0.004713152495230532 0.003052430706452885 0.01641116735082989 0.03300428736097219 0.1430262018056481 0.22233251119188438 0.006813632005988245 0.14210156415591488 2.2496086988247307e-05 7.837108590387702e-06 4.282834694757327e-05 2.4390194757224096e-05 9.54016560862778e-05 5.974195268022721e-06 8.823235728014495e-05 1.7930113701387772e-05 0.00025751189320335534 4.8639242572401455e-05 0.007737090648359269 0.002196808629052886 0.0011502200604692567 0.004091925948413502 0.0005368991894259276 1.4862868200616007e-05 0.00045576633875792734 0.001152310367601801 0.0 3.908587363673472e-05 1.923191380040903e-05 9.585564685503119e-05 2.8311873594210928e-05 0.00012294461035812282 6.616513729801222e-06 0.0001062824687910482 0.0004886843232865256 0.00011446953059303341 7.23425761657488e-05 0.00024691764124834244 0.00034930386872182226 9.671814725184066e-05 0.00017260074205144708 0.0 2.164204443213685e-05 0.0 2.031682980867348e-05 0.0 0.0 6.058484271196076e-06 2.465016660212443e-05 0.0 5.2691885414795946e-05 0.00030991953026718674 2.4292189372378785e-05 3.403996064947947e-05 7.110023467551453e-05 0.0 0.0001354333200851627 8.994346669056684e-06 0.00015021306992387526 1.3038306830605024e-05 6.90679595212017e-06 8.80817308056475e-05 0.0 3.8414933080859135e-05 1.9260943098702078e-05 2.0393471415103937e-05 3.876864231224482e-05 0.0002562268360495988 6.541768879382893e-05 0.0001372383843596933 0.0001334543648939065 6.940221979668514e-05 1.0175712304271707e-05 7.50650545033548e-05 1.5139547877206519e-05 4.614532358911256e-05 6.36480071092052e-05 0.0 2.6109462410264725e-05 0.0 0.0 0.00011327513385719948 4.3284229318572175e-05 0.0002566938545208833 0.0 0.0 0.0 0.0 0.0 0.0 6.778860832332059e-05 2.5183618823889235e-05 0.00020729321429360778 1.057701741970343e-05 0.0 0.0 0.0 0.0 0.0 1.0067851331918427e-05 2.344286053048674e-05 5.71984737181056e-05 0.0001657168293893659 9.650642995368447e-05 2.058183082361581e-05 1.6112085721647555e-05 4.306331226386616e-05 0.00019906876333083056 8.400293004920689e-05 0.00011449567491472806 0.0 0.0 1.5590235704553946e-05 0.0 3.701654743137267e-05 0.0 0.0 0.0 0.0 5.768574139498479e-06 2.3991642659311978e-05 0.0 2.377334496400284e-05 0.00012879145378813964 0.00012343654644138218 5.921631436151075e-05
0.00433794382979793 0.14358195939785234 0.10063727081113799 0.0029343975444797595 0.19136673078726882 0.00018720530007212936 0.2674017819651032 0.00986280442077704 0.0 0.05566527501963533 0.11108248344674727 0.0009591611996295064 0.09863849206726841 0.05455705846672466 0.0014478181637779248 0.0006601677378012923 0.0001531359771117459 0.0 8.989490235147886e-06 5.237025753095515e-05 0.0 0.0 0.0 7.836507128835386e-06 1.6970203717805556e-05 8.784419596857975e-06 0.0 1.100994400812216e-05 0.0 0.0 0.014669365431018445 0.0010797995911838065 0.00010816156947131183 0.0 0.0 1.0399436745903177e-05 0.0 2.8604216756820727e-05 2.6082287901598647e-05 0.0 5.0650744649240176e-05 6.808384495774846e-06 1.7022631116449368e-05 6.435532249664464e-05 9.23754385320547e-06 1.7549263942214667e-05 0.002984695546087264 0.0001376939223911218 3.37348412428407e-05 0.0 4.61374745724896e-05 1.255037879198383e-05 0.0 0.0 4.370202025728682e-05 4.962919505080884e-05 0.00015901826656264316 0.00232744604763381 0.00012509757992996363 0.0005148146584515084 0.0 0.00021113578960950505 1.1832772861789565e-05 0.0024521406551198956 3.899839666079488e-05 7.316209754722643e-05 5.779631064336744e-05 7.5233493188099e-05 6.773341714654558e-06 2.3578015510929387e-05 0.0002359825304975579 0.0 0.0 0.0010421114949388296 0.0021460791240894314 0.002278155628350911 0.002341815371889258 0.00043892333792860955 7.430944888924867e-05 0.001498538526185976 1.6972877446608278e-05 6.631121599824878e-05 0.0 6.659093469808764e-06 1.3567798014613787e-05 2.4325938614718e-05 1.9717384455154972e-05 0.0 6.622944158009643e-05 7.378389382368493e-06 2.4347044704803013e-05 1.5072787343943026e-05 4.062830423086982e-05 3.5864405351807046e-05 1.006950620070927e-05 0.001456266895336048 9.097457511016578e-05 0.0 4.493484030531997e-05 0.0006132762473534699 0.0 3.395443587501877e-05 0.00011541146922258721 0.0003271021275026339 7.83275864147537e-05 0.0004033356150851329 0.00015233311485603237 0.00022407957805976343 0.001101695316467507 0.0012058506411544978 0.0001199496285939139 0.0004188295880575689 0.0008362595207134857 0.0003006321930997817 0.00017499132914716037 1.1106969610966046e-05 0.0 0.0 0.0 0.0 0.0 0.0 1.5096629461108309e-05 0.0 0.0 0.0 0.0 0.0 0.0 0.0 0.0 0.0 0.0 0.0 1.8999127791134325e-05 4.177662119619404e-05 0.0 0.0 0.0 1.5450568629772947e-05 0.0 0.0002043662277012537 1.3140384257410016e-05 7.776128770932612e-06 0.0 0.0 0.0 0.0 0.0 0.0 0.0 0.0 0.0 0.0 0.0 0.0 0.0 0.0 0.0 0.0 0.0 0.0 0.0 0.0 2.71725479693807e-05 1.1404827870182707e-05 0.00023758670264917812 9.14439886670479e-06 0.0 0.0 0.0 0.0 0.0 0.0 6.4537526835334846e-06 0.0 0.00020344330024061534 0.0 0.0 0.0 0.0 0.00028873112716710104 0.00010785082792829841 0.0002553332890229998 0.0 0.0 6.304375572674792e-06 0.0 7.486446311122053e-06 0.0 0.0 0.0 0.0 0.0 0.0 1.6657328175612157e-05 0.0 0.0002766808075874208 6.461913701257368e-05 0.00010842502945340679
0.08936402254849156 0.08922009605382339 0.027884045063004115 0.21099320106945813 0.052991703384699586 0.03449513318370974 0.24060891941198162 0.0033902506653046586 0.05566527501963533 0.0 0.03045293780776775 0.11415781906923672 0.3355542611838522 0.08020513646143913 0.0045111201156191934 0.0020720223672081772 0.0004731868117719248 0.0 3.2297134053262413e-05 5.531881858317178e-05 7.184364455226884e-05 9.812610418215027e-05 6.083905366523192e-06 1.0300477631063418e-05 1.7825272496451605e-05 8.461905378432074e-05 0.00013660227307175045 4.191909622424848e-05 2.5436158484278186e-05 9.646139792693343e-05 0.017504720620531728 0.0014245473484361048 0.0007379025334512655 0.0 9.487541743870498e-06 2.1232161976582825e-05 0.00016373290562730143 0.00016370402074774272 0.00012729024483156156 3.0384822161238357e-05 0.00010032788785253717 0.0001309305795500135 3.796855006449022e-05 0.000170794013846558 0.0 4.30537285233875e-05 0.010793948397276609 0.000589052815457324 0.00021009303311104866 5.956857657381341e-06 0.00028445542024481705 8.961892664542464e-05 0.00010693392980823075 3.686413752709338e-05 0.00011631675324467623 9.086275253370851e-05 0.002284198286594218 0.00899840572692262 0.000865671635125889 0.0030834915328872676 3.954277373504955e-05 0.00043588484025118595 0.0 0.008793721875984074 0.0002010080209269377 0.0002132654239456206 0.00043108216069435003 0.00040364328985384706 9.832257426005079e-05 0.0001261213728327346 0.00526573557052991 0.000773074281633992 0.00012104562689940595 0.006605746277874017 0.00922081584423589 0.008703627750537178 0.007903461140726759 0.0018025521463271596 0.0003101442639409144 0.0019280640018739406 0.00020986746294135788 0.00034990721168212327 0.0001518391268940498 0.0 0.00022196959996290998 0.00018696004024864574 0.00029684877169745946 2.3349094826602502e-05 0.00027758132465858143 8.731974641426852e-05 0.0002564141007074698 2.779418453570949e-05 0.00022570879355260964 0.00011614252195281609 0.0001223300282222043 0.07418790737202442 0.007440989525086831 0.0006301251891730738 0.0003760104482290691 0.04994129128119448 5.295648545537006e-05 0.0018925317607437512 0.004686563071032299 0.011513481276626384 0.0011169576661430665 0.006659501029671262 0.004003018842453679 0.003430248330301745 0.030160964329366737 0.03167126179532769 0.0025031515070336255 0.01253136800478688 0.017008002055383435 0.0046709244975278496 0.004211618668538727 0.00024261282630539652 0.00019031122600708216 0.0 2.207287779842999e-05 3.9075595553635393e-05 0.0 5.9040292843693106e-05 8.532501446739752e-05 0.0 2.5526377150778082e-05 2.6671904852312126e-05 0.0 0.0 9.559654831871244e-06 0.0 6.175597840365456e-05 0.0 2.2294016295195282e-05 0.0 0.0005861243920401505 0.001387285391665382 0.0 8.4348628288448e-06 0.0 0.0008002971507538874 0.0002077095910614221 0.0027488687527883545 9.547134463858602e-05 8.902037668805889e-05 9.993411686425287e-06 6.493222493525871e-05 1.2317508963208433e-05 8.123595601638475e-05 0.0002493591384964673 3.306702013162629e-05 1.594621032785044e-05 0.00010629112541988737 0.0002649829609014909 0.0 1.744561489977156e-05 0.0001150549599667998 6.704765356504961e-05 3.7888499609581984e-05 0.0 0.0 4.746298199785744e-06 0.0 0.00012593045636310346 0.00011690390374994679 0.00031091107418341145 5.851373420951289e-05 0.0024085254814932493 0.00012661005637955812 0.0 0.0 0.0 1.766819248674819e-05 2.014694580389019e-05 1.855392221221105e-05 0.0 0.00014366828190005807 0.0031606175871480157 0.00012451033710997265 7.712631534716639e-06 6.259992580706248e-06 2.0262650695734633e-05 0.005493666351084315 0.0011637220086381554 0.0024384549649775476 4.9357163958419306e-05 0.0001632317046574748 0.0001731150369865182 2.8768009689103845e-05 0.00026321231925704493 0.0 0.0 0.0 0.0 0.0 0.0 0.0 3.2979479158364974e-05 0.00562783146796519 0.0008731550180608002 0.0006798200477411134
0.02316969223967538 0.1880898759434427 0.31947868661882384 0.0004704111335370334 0.05993750286629227 0.00035760394186467 0.035377699063396315 0.3843335903623607 0.11108248344674727 0.03045293780776775 0.0 0.010676169579348525 0.2235188688163967 0.26233374918661484 0.00197942370318706 0.0024714699439598504 0.0005044671563815085 6.292282854020109e-05 2.882876636745572e-05 0.00012888648527975406 0.00013987098044149817 0.0002979784388238779 6.227371673443006e-05 0.0002076819459175865 0.00047308528313631023 0.0006835342908706554 0.0007896039215608997 0.0002708261179725208 0.00046994882141744365 0.0002862661876434832 0.06135044896661891 0.03143659637671309 0.03485523506902642 0.0 0.00017425664612639451 0.0004124734590403438 0.003844220313809253 0.0012762225897096544 0.0008197805315516153 0.0006270866852658225 0.0009238677483635041 0.000595883647721543 6.281038241462035e-05 0.0004412787106397653 0.0 5.2836894283702626e-05 0.0028742981038944394 0.00013762810426089318 0.00012477748118566262 2.3782151675056097e-05 0.00040626852284559385 0.00011339391628395473 0.00045616078936378494 0.00032626451356866057 7.324179686638849e-06 1.7816948880223324e-05 0.00024332428113020492 0.005975379066688848 0.00013740032703313327 0.0005862273863843314 0.00010013707898902174 0.012255668113595884 2.6159357100752263e-05 0.005841978426130454 7.725765937206709e-05 3.720618168918235e-05 7.674441161440677e-05 0.00016127353500334832 8.476424898171208e-05 0.0002956613682264541 0.005132332436907718 0.00014785411053097673 0.0 0.0013276381216064152 0.003293887806828713 0.002775608003211391 0.0043473959719614545 0.0023560328044488262 0.005651510982095291 0.11328567216926569 6.704123797515821e-06 0.003659644186811752 4.8469122966859446e-05 0.0 4.8973208346936485e-05 3.250705970959117e-05 7.520413031084708e-05 1.926927181206216e-05 6.142125712091728e-05 7.530998641135929e-06 6.694762008809615e-05 1.9799441480948205e-05 0.0007518121926975714 0.00045495473831926584 0.00032702308401443 0.004484349397769819 0.0011105083570257662 6.079285212990698e-05 0.0010768938477377478 0.001989918623936611 6.142955072070274e-06 5.942784872927018e-05 0.00012846825768674858 0.00012038924998177698 2.740980756133126e-05 0.00021955070509622725 8.069744064369933e-05 0.00019618863070667178 0.0012135510735537746 0.0007574881700754116 0.0002842977308446896 0.0005368250091678082 0.0011270096325469063 0.0004077075739789232 0.0004347951323726821 1.5614478229739463e-05 8.508264924842798e-06 0.0 0.0 0.0 0.0 0.0 1.1908436951610502e-05 0.0 1.418223006831824e-05 3.512498992733947e-05 0.0 2.171965562630513e-05 0.0 9.225354912029374e-06 3.2066333659997534e-05 3.328959715225494e-05 5.9295069012246005e-05 0.0 3.3150275549740346e-05 0.00011839278104565837 0.0 1.8180777050926603e-05 8.878705208185742e-06 0.00014675460823054657 3.4631579640294124e-05 0.00043087131047494766 4.201952671113431e-05 1.548861532056696e-05 8.480705073012685e-05 1.087380754663415e-05 0.0 8.236597994202918e-06 6.167036980969316e-05 3.8548523241839394e-05 3.838897168956129e-05 0.0 4.054045063352481e-05 0.0 0.0 3.660674199914362e-05 4.6195223943079874e-05 9.890977007315966e-05 0.0 0.0 0.0 0.0 0.0 1.5890437511702335e-05 5.80320286361227e-05 6.442914085840624e-05 0.0003317894584005033 0.0 0.0 0.0 0.0 0.0 7.72692389228192e-06 0.0 0.0 1.676890608974308e-05 0.0004795213793552908 8.182340725243154e-06 1.866026650468004e-05 1.984328814138186e-05 8.31777944602263e-06 0.00041033108300742586 0.000288822029981958 0.00031873094993753367 5.411350152563178e-06 2.0472049931618125e-05 2.3951603556332396e-05 0.0 4.010646270899587e-05 0.0 0.0 0.0 0.0 0.0 6.533712522765289e-06 2.412968205000506e-05 7.14270140605605e-06 0.00034872814711874175 0.00015679019868261116 0.00012254559442121697
0.01085427125647565 0.0010630281048126771 0.003973316654235013 0.00739202528825821 0.0002005313683102046 0.010147280263529932 0.009996817977275604 0.0066360286878967955 0.0009591611996295064 0.11415781906923672 0.010676169579348525 0.0 0.14596976841118364 0.045566832127022575 0.0015414191051421413 0.0029774453082262457 0.0006477009213880264 8.200791266295513e-05 9.138755209106998e-06 0.00019613215391998742 9.679852958666383e-05 0.0006032189527478559 0.0 0.0001818703882070726 0.0002473396146668724 0.00048591546331493764 0.0007534955136781193 0.0003260125419552933 0.0005459575339828125 0.00021577016470606742 0.004844467252966783 0.0019145862877350077 0.02624787074608249 0.0 6.650219193441764e-05 0.00016935990693107392 0.025486122401178084 0.0019778066120717196 0.004085989393764774 0.0009627418038921419 0.0007119845102498153 0.000609515902365847 7.975081152019418e-05 0.0005869025841779553 8.4726178504303e-05 7.789671170505824e-05 0.0018078123869104004 6.863971606421059e-05 0.0001347818188572737 3.4429331680325077e-05 0.0005145479974706435 0.0003544904042128969 0.0013903205682782647 0.0008568111300763149 0.0 4.047054063915732e-05 8.903332000474129e-05 0.0008667097764546752 4.253230383362514e-05 0.0002778531405387394 8.295834141504263e-05 0.0007129560785065185 6.583764318181839e-05 0.0035197933434389485 2.1498346092450573e-05 2.2916630944481562e-05 5.41445736410804e-05 5.8664834717267724e-05 0.00015139987476506817 0.00031240870948425023 0.03852587368021267 0.0008245869909148544 3.685531892273259e-05 0.0004998014984880498 0.0014609607505626208 0.001346994722011247 0.0035733895993565455 0.0027585940700671826 0.000301260701166124 0.010160418993484894 0.0 0.00020647737927111695 3.8858612918330476e-05 0.0 0.0 1.1023550518286442e-05 1.5364402749401487e-05 7.869645281706663e-06 2.0894680880150208e-05 6.038406215960194e-05 4.182699671611464e-05 4.8385237203446214e-05 0.0006695400288643965 0.0006745340145382721 0.00041700510880801465 0.04547520767780226 0.03297175038534655 0.0007295725616659789 0.015994724277826076 0.00538168602349496 5.4020221181964435e-05 0.00029667461459718437 0.00118989354731756 0.0022616658655514616 0.00032716135504144597 0.0020822142436500808 0.000887093460244029 0.0013302026681469594 0.01097163737663238 0.0072767857826701796 0.0008530295549684002 0.0036587130444736965 0.0062039595474845735 0.0017975071457264965 0.0015006145126435565 0.00012119487261753389 6.517502227773524e-05 0.0 2.0618793524380504e-05 0.0 0.0 0.0 0.0 4.511346419209515e-05 3.325009381446228e-05 0.00011999634493955054 0.0 4.240988375380909e-05 3.123841390435856e-05 1.6730606807751007e-05 7.087652552527845e-05 4.543385743734456e-05 0.0001114361997082104 1.670893720142819e-05 0.000171527220964494 0.0004478481716132311 0.0 0.00010386620234532989 3.849170098288861e-05 0.00039077546056070594 0.00017507432121346481 0.0015699943254488516 9.102686601894698e-05 0.00013130017540852177 7.822247279644029e-05 4.5331691093907074e-05 1.333683451313133e-05 1.4723103147634871e-05 0.00023449103101070955 0.0001295965406587096 3.699518875008961e-05 3.2288403232838165e-05 3.0162442796053926e-05 0.0 0.0 8.427261476192478e-05 0.00011062240467113529 0.00013246040550355688 0.0 0.0 0.0 0.0 2.4967732638269147e-05 2.5906028517630368e-05 0.0002917308254772683 6.434882988342827e-05 0.001097961162242113 7.1204292054849564e-06 0.0 0.0 0.0 5.1850777113800246e-06 4.951803736687736e-05 0.0 0.0 1.0830803611991313e-05 0.0017655126714306059 0.0001167488195505168 6.158106579517726e-06 3.580019678253108e-05 2.2095121681602197e-05 0.0023307193803674916 0.000670844870818406 0.0010604379763339796 1.927166519861593e-05 9.50092652880151e-05 5.3302313954646025e-05 8.042081816825455e-06 0.00012380521518825092 0.0 0.0 0.0 0.0 7.011198803721598e-06 0.0 9.465612183825913e-06 0.0 0.00288491583040678 0.000759424577242147 0.0004545931930972607
