0.0 0.3408875455640691 0.08075287530168929 0.10625986593349189 0.022065207563302023 0.01551280826666464 0.09406926519862742 0.001973932135298465 0.024101258629841672 0.1785211548593771 0.015925063474432996 0.012127633620849286 0.03512342948708769 0.03171637930656129 1.3696392413741472e-05 4.561445845074418e-05 3.208926405137517e-05 0.0 0.0 0.0 0.0 0.0 0.0 0.0 0.0 0.0 0.0 0.0 0.0 0.0 0.07642531288141315 0.0009268932557859664 0.0036372660368126615 0.0 0.0 0.0 0.0001301138038472958 5.354060086102027e-05 0.00012972279808793393 0.0 0.0 0.0 0.0 2.3506635711320907e-05 0.0 9.271391990198013e-06 0.0021763278561482717 0.00035827170400912775 1.6717083247614595e-05 0.0 4.195056246031656e-05 1.2301824589587112e-05 0.0 0.0 0.00011176826020710523 0.00010411300616916493 0.026750932649181394 0.10715933201187026 0.003876176347911235 0.0005110486723499414 5.70285320951378e-05 0.00020124079381132103 0.0 0.0006253352445130732 0.00025696799467637965 6.27644530117645e-05 4.2096943509506036e-05 3.0215884031317806e-05 7.880211858029442e-06 1.006757140765229e-05 0.0013218325705895697 0.0 0.0 0.02079848686137033 0.005813042241826966 0.001686484585088274 0.0003221838140084284 0.0002530261993518344 0.0002988004216889297 0.0024829796975770232 3.1278743463853884e-05 0.00037576097986860167 0.0002702342154813744 0.0 0.00018454439156582387 0.00016312774047340517 6.369440086794094e-05 0.0 8.549640325888205e-06 0.0 1.667453267321889e-05 0.0 0.0 0.0 8.408202850342731e-06 0.001793250403308208 0.0007006212283888713 0.0 0.0020403553419396925 0.03163342928610504 0.0 0.0001382337217644431 0.0 0.0 0.0 0.0 0.0 3.8840913410230835e-05 9.730750799534443e-05 6.0805654376597225e-05 0.0 0.0001088652271380334 0.0002540765927424652 0.00017019600996952242 0.0003792525960855939 0.0 0.0 0.0 0.0 0.0 0.0 0.0 0.0 0.0 0.0 0.0 0.0 6.184394844342517e-05 0.0 0.0 0.0 0.0 0.0 0.0 0.0 0.0 0.0 0.0 4.7315645333034396e-05 0.00013836358981790994 5.408047636815076e-05 9.297276829001196e-05 2.9124239007919814e-05 9.378038124209268e-05 0.0 0.0 0.0 0.0 0.0 0.0 0.0 0.0 5.984807152244038e-05 0.0 0.0 0.0 5.5008232816636954e-05 0.0 0.0 0.0 0.0 0.0 0.0 0.0 0.0 6.681659844183529e-05 0.0 0.0 0.0 0.0 0.0 0.0 0.0 0.0 0.0 0.0 0.0 0.0 0.0 0.0 0.0 0.0 0.0 0.0 0.0 0.0 5.1057361515752165e-05 0.0 0.0 0.0 0.0 0.0 0.0 1.0263752537804363e-05 0.0 1.5714278948221613e-05 0.0 8.479292756680385e-05 7.359844804520397e-05 0.00018019831148887816
0.3408875455640691 0.0 0.12741897380837441 0.16655818609572975 0.13942575020326073 0.02103485797656968 0.22804488784695587 0.04019183327208941 0.16950763495037122 0.11286281392159352 0.1786353174060538 0.004242753800378888 0.05998213347657585 0.1248144594437541 0.0004999267193439448 0.0006161321279567853 0.00012385226373812238 1.553829045611201e-05 6.8583376239110515e-06 8.329709748136323e-06 0.0 0.0 0.0 0.0 1.8650606223273254e-05 1.0438959528714929e-05 0.0 0.0 0.0 0.0 0.07888043426867396 0.005824222407771365 0.007487743915858139 7.503499797135565e-06 1.1189153208188682e-05 1.6909978156323802e-05 0.0002773937188634827 7.612458984809559e-06 0.00038324298511909134 7.840161197378166e-05 0.0 7.277469712303298e-06 9.964962733138554e-06 0.0001024744948522843 0.0 5.05761982889072e-05 0.005087455735408525 0.00040183622725549153 2.338542707091217e-05 0.0 2.2228172143889564e-05 0.0 2.915963205197175e-05 0.0 0.00011755142782606167 0.00017706964590961585 0.008222230528803044 0.030820258546426012 0.001604529556589698 0.0014681905473951265 3.32530967618384e-05 0.00010867563298894422 0.0 0.00676400748713528 0.00043713072264141474 7.739267019002906e-05 0.00013249581831516191 0.00014953117193149937 2.4795503273074696e-05 1.6888490730417783e-05 0.00270089911848698 0.0 0.0 0.013840377731247848 0.013332046297029295 0.009734166891107655 0.005267553576818426 0.0011012778582092566 0.00036950825760894806 0.008044817650771146 6.519428028077881e-05 0.0005062254682858331 0.0003204703551243939 0.0 0.0004053668152817076 0.0003029215267373316 0.0001087139072623598 0.0 7.407025877364501e-05 0.0 3.6537713664654566e-05 1.2272574963844671e-05 0.0 8.134111331862346e-06 8.428774667782458e-06 0.0011954973066443594 0.001515510237901793 0.0 0.00493838397818417 0.027453384231409847 0.0 0.00045156531147476505 2.3246680641636718e-05 1.3086203754312457e-05 0.0 0.0002200112509872707 0.0 0.0003394986139396168 0.0009792576848811454 0.0012149489723654672 0.0002734290451951799 0.0007811353514420849 0.0018844912231197584 0.0003916757396870575 0.0012062091477591742 0.0 0.0 0.0 8.954784314231221e-06 0.0 0.0 0.0 0.0 0.0 0.0 0.0 0.0 4.9218645257306634e-05 0.0 0.0 0.0 0.0 0.0 0.0 3.0009802699188e-05 0.0 0.0 0.0 3.0122210698531526e-05 0.00040844276187006185 0.00024456310390474315 0.0005711627818340867 0.00021595378161736874 0.000132708250753847 0.0 0.0 0.0 0.0 0.0 0.0 0.0 0.0 0.00010378066462509458 0.0 0.0 0.0 0.0 0.0 0.0 0.0 0.0 0.0 2.553425273681225e-05 0.0 0.0 6.152904559125854e-05 0.0 0.0 0.0 0.0 0.0 0.0 0.0 0.0 0.0 0.0 0.0007570483570373755 3.9239490889638015e-05 0.0 0.0 0.0 4.1020249072827606e-05 0.0 0.0 8.878729234672004e-05 3.96017674306618e-05 0.00016985161063929835 7.186712085129452e-05 1.1212089111260107e-05 0.0 0.0 0.0 9.039326484944046e-06 1.9935931810344404e-05 0.0 0.0 0.0 0.0007717583108148503 0.0004820017105778978 0.0010540584461149862
0.08075287530168929 0.12741897380837441 0.0 0.008062149912239946 0.0077465305427462045 0.001298146519530084 0.0032407443879890747 0.12410326612114359 0.027060843376422804 0.003006029928938551 0.09618654363712781 0.0011268357678240507 0.018753471182411968 0.16189429256301496 3.995765607464109e-05 3.524553199189348e-05 4.7542298482603935e-05 0.0 0.0 7.1741691392337004e-06 1.7190106282015862e-05 0.0 2.832832424463014e-05 0.0 1.566185368783264e-05 0.0 8.414899906175913e-06 0.0 0.0 0.0 0.3416562018254435 0.06175180735974831 0.0377868529703087 4.953470938346453e-05 9.480362562523804e-06 3.4939376375243165e-05 0.00018815659929243746 0.0 0.00011793205273350565 2.6306181287901962e-05 2.499544652744991e-05 0.0 7.3274935031763256e-06 0.00016310470606676578 1.0556627381231007e-05 0.00018810668290605728 0.001530185885734834 0.00024593223466595223 2.2141219009340997e-05 7.770836107073959e-06 7.364563481463996e-06 0.0 0.0 0.0 6.466537308660423e-05 4.867275391178904e-05 0.007537625426634738 0.039817113300476305 0.0008730560232978509 0.0003500268040528438 0.002445152795323927 0.002493847637770744 8.354973421066192e-05 0.00723998891954478 0.0001831563890638154 4.1270880720462274e-05 4.2284475314314814e-05 4.2530263672058424e-05 4.078201522667466e-05 2.544411900512866e-05 9.300410310574179e-05 0.0 0.0 0.007496332854063797 0.0062144853950448645 0.0017244162274906813 0.0005338328354220422 0.001181070211202916 0.014847448146886093 0.1173945666114022 0.0008986375399454478 0.01677482407977867 0.00010487727339756615 0.0 0.00015405119981519146 0.0001208936705029406 5.183918730184468e-05 0.0 3.294027494589425e-05 0.0 0.0 0.0 6.847817917565966e-06 1.6400301113521364e-05 0.0 4.819555634364806e-05 0.0 0.0 4.6650256698253103e-05 0.008203827680118781 0.0 3.666716278125997e-05 0.0 0.0 0.0 7.726913603466283e-06 0.0 0.0 3.4247129496520575e-05 0.0 0.0 0.0 3.9336791645985186e-05 0.0 9.506490930630012e-06 0.0 0.0 0.0 0.0 0.0 0.0 0.0 0.0 0.0 0.0 0.0 0.0 0.0 0.0 0.0 0.0 0.0 0.0 0.0 0.0 0.0 0.0 0.0 0.0 0.0 0.0 1.1975545168712907e-05 0.0 0.0 0.0 0.0 0.0 0.0 0.0 0.0 0.0 0.0 0.0 0.0 0.0 0.0 0.0 0.0 0.0 0.0 0.0 0.0 0.0 0.0 0.0 0.0 0.0 0.0 0.0 0.0 0.0 0.0 0.0 0.0 6.6915669295431305e-06 0.0 1.031376742775257e-05 0.0 0.0 0.0 0.0 0.0 0.0 0.0 0.0 0.0 0.0 0.0 0.0 0.0 0.0 0.0 0.0 0.0 0.0 0.0 0.0 0.0 0.0 1.5408548795777592e-05
0.10625986593349189 0.16655818609572975 0.008062149912239946 0.0 0.01324935248019961 0.01951120567702997 0.04966851029038683 7.434157795074203e-05 0.005801872329747956 0.16612544242352875 0.003752345293296769 0.003944560992608535 0.02852107099625896 0.00450922258524025 1.0378103312338208e-05 9.948077678758517e-06 9.911463427821534e-06 0.0 0.0 0.0 0.0 0.0 0.0 0.0 0.0 0.0 0.0 0.0 0.0 0.0 0.001335804813344536 3.441557949870419e-05 0.00024559145029799434 0.0 1.020002310289634e-05 0.0 0.0 0.0 0.0 0.0 0.0 0.0 0.0 0.0 0.0 0.0 0.00020856208040292415 3.3711261185743216e-05 9.341222712371392e-06 0.0 0.0 0.0 0.0 0.0 1.8314959469120424e-05 0.0 0.00024151612982667198 0.0006813432784570695 1.51873999781156e-05 4.1853220759715223e-05 0.0 7.2634655905893985e-06 0.0 0.0002915143625841768 7.81626642734583e-06 0.0 1.1551115843263887e-05 0.0 0.0 0.0 8.021809787579633e-05 0.0 0.0 0.0005781332349136122 0.000402400627184076 0.00036151381721575226 0.00019069342991924574 4.276712143523449e-05 0.0 5.909204714381575e-06 0.0 0.0 1.8930599648303065e-05 0.0 1.7191955894193073e-05 5.176265774365316e-06 1.44923588023951e-05 0.0 0.0 0.0 0.0 0.0 0.0 0.0 0.0 0.0004524032397899864 0.00012854909069147749 0.0 0.000539044911397136 0.008404975742315163 0.0 3.891460357340537e-05 0.0 0.0 0.0 0.0 0.0 0.0 0.0001147461844708071 0.00013787546310088227 0.0 6.534161313552884e-05 8.222998696713405e-05 3.75608880271914e-05 9.86934650648297e-05 0.0 0.0 0.0 0.0 0.0 0.0 0.0 0.0 0.0 0.0 0.0 0.0 0.0 0.0 0.0 0.0 0.0 0.0 0.0 0.0 0.0 0.0 0.0 0.0 1.4176793721422009e-05 0.0 3.086308095595576e-05 1.1452866248331097e-05 1.880186260568313e-05 0.0 0.0 0.0 0.0 0.0 0.0 0.0 0.0 0.0 0.0 0.0 0.0 0.0 0.0 0.0 0.0 0.0 0.0 0.0 0.0 0.0 0.0 0.0 0.0 0.0 0.0 0.0 0.0 0.0 0.0 0.0 0.0 4.656535314999266e-05 0.0 0.0 0.0 0.0 0.0 0.0 0.0 0.0 4.3314083858705196e-05 0.0 0.0 0.0 0.0 0.0 0.0 0.0 8.457823132624004e-06 0.0 0.0 0.0 0.0003041077547680324 0.0 2.1572790522183832e-05
0.022065207563302023 0.13942575020326073 0.0077465305427462045 0.01324935248019961 0.0 0.00032569757335278827 0.2662361584293194 0.032675513389862944 0.2809835093062335 0.015758231050964674 0.15924205603061664 0.006334888562283852 0.03593634068737022 0.06627155349564308 0.0004853757770279766 0.0004879165424569494 1.830350991282933e-05 1.4725180886258614e-05 0.0 0.0 0.0 0.0 0.0 0.0 7.411697438746062e-06 0.0 0.0 0.0 0.0 0.0 0.006912898677825194 0.0021686122289174743 0.0006380921365981234 1.2971131411473357e-05 0.0 1.2136572392993172e-05 0.00017663105343259625 6.239729876394037e-06 9.212167135321966e-05 1.8372982817825024e-05 0.0 0.0 0.0 0.00014364679961057045 0.0 1.8794365060011297e-05 0.0022331638375037927 0.00011364111922636324 2.1695985255617002e-05 0.0 2.094279730503442e-05 0.0 0.0 0.0 3.023548090079245e-05 3.825833601298273e-05 0.001099450375808024 0.004531795068891905 0.0002762493035205103 0.0004100586286408101 3.216839386640357e-05 7.392520930280833e-05 1.3709152186165798e-05 0.0025615450272279605 0.00012182721255255864 1.8562711964273906e-05 3.369878090235819e-05 2.8375354951184312e-05 7.3311511898816004e-06 0.0 0.0009032467705240874 0.0 0.0 0.0031105615361075945 0.003322932267647869 0.003455633516044161 0.002419912153537024 0.0008290725014769669 0.00015912176057999622 0.0006681112846749754 1.3928018213309426e-05 0.0001307667160557595 3.484327012300659e-05 0.0 8.977698914422585e-05 5.971754361374703e-05 3.967683249002324e-05 0.0 2.0452577090489484e-05 0.0 1.435229622303654e-05 0.0 5.373398710077944e-06 0.0 0.0 0.0003871408662475587 0.0002516078630914406 0.0 0.0012138957001190521 0.0016385935074270407 1.3702171487528412e-05 3.880065630746328e-05 4.124517781656237e-05 0.0 0.0 4.610943353932697e-05 1.4020393791257216e-05 0.00012903770399239525 0.00039570110757490535 0.0003988086862698784 0.00019715124432158435 0.0002322127514730474 0.0005537809104674185 0.0001289629575861423 0.00038533396723496824 0.0 0.0 0.0 0.0 0.0 0.0 0.0 0.0 0.0 0.0 0.0 0.0 2.1256687825351723e-05 0.0 0.0 0.0 0.0 0.0 0.0 0.0 0.0 0.0 0.0 0.0 0.00017616074577365948 4.7359144746015716e-05 0.0002537478370843065 1.425152944656518e-05 4.9466604847310885e-05 0.0 0.0 0.0 0.0 0.0 0.0 0.0 0.0 4.835496359961141e-05 0.0 0.0 0.0 0.0 0.0 0.0 0.0 0.0 1.0933663435788269e-05 2.106292062601033e-05 0.0 0.0 0.0 0.0 0.0 0.0 0.0 0.0 0.0 0.0 0.0 0.0 0.0 0.00027499426689050284 4.234900286548154e-05 0.0 0.0 0.0 5.491208265317127e-05 0.0 0.0 1.4728660554467519e-05 2.3908679210852267e-05 0.0 0.0 0.0 0.0 0.0 0.0 0.0 0.0 0.0 0.0 0.0 0.0002677790104889135 9.997498105607869e-05 0.00026137722503472526
0.01551280826666464 0.02103485797656968 0.001298146519530084 0.01951120567702997 0.00032569757335278827 0.0 0.003908206588149956 0.0 0.00017539173969288507 0.06886826399193428 0.00037406272554434155 0.041999595311229584 0.007731788850051013 0.0007025013096185267 0.0 0.0 0.0 0.0 0.0 0.0 0.0 0.0 0.0 0.0 0.0 0.0 0.0 0.0 0.0 0.0 0.003475207016734088 0.0 0.0010600087084219742 0.0 0.0 0.0 9.319651024377092e-05 0.0 1.785814620560299e-05 0.0 0.0 0.0 0.0 0.0 0.0 0.0 1.3394330035717525e-05 0.0 0.0 0.0 0.0 0.00016668271287985812 0.0 0.0 0.0 1.0529483120905556e-05 0.001958025268226743 0.00041672246562917477 0.0 0.0 0.0 6.879613860540883e-05 0.0 0.0 0.0 0.0 0.0 0.0 0.0 0.0 0.0015054617892410205 0.0016170949381565454 0.0001887766276275555 3.751867272096385e-05 4.592240255988796e-05 0.0 0.0 0.0 0.0 1.0383474723768476e-05 0.0 0.0 0.0 8.423727962089554e-05 0.0 2.214827566253683e-05 0.0 4.224369068340303e-05 1.2716083124943926e-05 0.00012485718289725217 0.0 1.7035551216868386e-05 0.0 0.0 5.929076088377609e-05 0.011029145324939336 0.01295167909183097 0.0006098129608867592 0.0013028238071732788 0.03267878471353124 0.0 0.0 7.630407759044871e-05 0.0 0.0 0.00016696931197789295 0.0007188681586830015 0.0001906042141696084 0.0016416968368205061 0.0008740162627813684 9.854755042410066e-05 0.0009050910753765286 0.0026704991698577674 0.00017088543169470767 8.621552796358049e-05 0.0 0.0 0.0 0.0 0.0 0.0 0.0 0.0 0.0 0.0 0.0 0.0 0.0 0.0 0.0 0.0 0.0 0.0 0.0 0.0 0.0 0.0 0.0 0.0 2.1129376117492664e-05 0.0 0.0 0.0 0.0 0.0 0.0 0.0 0.0 0.0 0.0 0.0 0.0 0.0 0.0 0.0 0.0 0.0 0.0 0.0 0.0 0.0 0.0 0.0 0.0 0.0 0.0 0.0 0.0 0.0 0.0 0.0 0.0 0.0 0.0 0.0 0.0 0.0004889701057636054 0.0 0.0 0.0 0.0 3.38325267920708e-05 0.0 0.0 0.0 0.0 4.622103096111707e-05 0.0 0.0 0.0 0.0 0.0 0.0 0.0 0.0 0.0 0.0 0.0029497711167783586 0.0003013232452270491 1.336158650028647e-05
0.09406926519862742 0.22804488784695587 0.0032407443879890747 0.04966851029038683 0.2662361584293194 0.003908206588149956 0.0 0.0015685591006438895 0.10981190249153948 0.129873007513897 0.01924131424417418 0.05291449092629583 0.12392098155571014 0.21563821549498743 0.0010228214625267065 0.0011823507679711671 4.939420709841995e-05 7.15573769751525e-06 0.0 1.4060208814758806e-05 1.1871314152302324e-05 0.0 2.184893222034733e-05 7.102897060634769e-06 1.3248573831450284e-05 0.0 0.0 0.0 0.0 7.027138915927487e-06 0.0064747602464748115 0.002605923710353306 0.004964939250072923 2.272939627508969e-05 1.745552058558852e-05 7.719238988730074e-05 0.00032293580359783297 7.415934872354493e-06 0.00041856838599947064 1.6349679180500556e-05 0.0 0.0 7.722250705651544e-06 0.00021088231889218235 1.600165183332066e-05 2.185795894490292e-05 0.0035285618466899256 0.00021164363398051882 2.8907462324528507e-05 0.0 2.0654648259291224e-05 0.0 5.099230940341616e-05 0.0 3.491955935622802e-05 4.469622777199838e-05 0.001906986091893789 0.006129316590323915 0.0004944685102486195 0.0005819937630143827 7.207842465271264e-05 0.0002740328557485817 0.0 0.004173683591913916 0.00014582630884120114 4.0466785117172225e-05 2.9103842835396506e-05 6.245092980294471e-05 2.0210198380346213e-05 0.0 0.004219219069788472 0.0004407070471797164 0.0 0.004929703599591065 0.005885643752469021 0.006110033291529693 0.004327786512629646 0.0015389233195527204 0.0001248849330138602 0.0012710841334714813 5.798796456147185e-05 0.00035355535614085647 8.612704208977825e-05 0.0 0.00011548033987054847 0.00013501953965989802 4.799772616882467e-05 0.0 2.489445426088315e-05 0.0 1.7869170297687777e-05 0.0 2.0033407618213e-05 1.6337965563439858e-05 0.0 0.002994069426926177 0.0012897252358806286 0.0 0.005738343045189157 0.004519520891168197 1.839666046463129e-05 0.0006106465135073399 4.67161312560423e-05 0.0 0.0 0.0004082259656046359 6.774234684168251e-05 0.0007215601994830238 0.0017237076545356571 0.0015692732538853797 0.0005560278136437049 0.001081909631537579 0.0033157333776734402 0.00032574463313569686 0.0015019895865344517 4.2888312273793595e-05 0.0 0.0 0.0 0.0 0.0 0.0 0.0 0.0 0.0 0.0 0.0 9.632280461666159e-05 0.0 0.0 0.0 0.0 0.0 0.0 0.0 2.4197427585533213e-05 0.0 8.083864780510866e-05 0.0 0.0004254612808705932 0.00046884334702608456 0.001075472120144751 0.0003241972334654398 0.00017867597148235408 0.0 0.0 0.0 0.0 1.290382736515836e-05 0.0 0.0 0.0 0.0001924721942952761 0.0 0.0 0.0 1.1554244221639975e-05 0.0 0.0 0.0 0.0 0.0 7.731709065721313e-05 0.0 0.0 0.00010461158672569412 0.0 7.817321068257784e-05 0.0 0.0 9.252773629058381e-06 0.0 0.0 0.0 0.0 0.0 0.0012371417063672856 5.912820982116696e-05 0.0 0.0 0.0 0.00011709928873486375 2.2739335047741647e-05 0.0 4.128389090557148e-05 0.00015762853609194743 0.00011355161568015678 1.0427588893957233e-05 3.618909173569682e-05 0.0 0.0 0.0 0.0 0.0 0.0 0.0 0.0 0.0015291087082746348 0.000649609589143725 0.0014230978267403133
0.001973932135298465 0.04019183327208941 0.12410326612114359 7.434157795074203e-05 0.032675513389862944 0.0 0.0015685591006438895 0.0 0.04023333947189984 0.0004949068564667192 0.0910403890879396 0.0033519597090983914 0.03366159894954621 0.16598529483381086 6.607614474769256e-05 0.00016866666612195646 0.00010967068013235821 2.5744502075336916e-05 9.08103431977797e-05 5.31127862171654e-05 6.78271358647103e-05 0.0 0.0 8.875538787180185e-06 7.917585239174414e-05 0.0 2.312244331320985e-05 0.0 0.0 0.0 0.043891500003072126 0.09601805512420286 0.02231971382682787 0.00024408956046293747 0.00011952427212059204 7.636566842982042e-05 0.0030742706100778425 0.00013492902556202713 0.00045241652709055493 8.540015459184837e-06 3.1867557442424575e-05 1.3809000387195929e-05 0.0 0.002455173244642197 9.03141629239765e-05 0.0009133403848509676 0.0011512418010439919 0.00016245250800916996 0.0 8.459167172271545e-06 3.0050476958632032e-05 0.0 0.0 0.0 1.9310591403294937e-05 9.591374303460863e-06 0.001645796457409977 0.007513751812320509 0.0002667455341959922 0.0002626758693722993 0.019748939307229808 0.011601121394955165 0.00039133656460630674 0.005399146427760721 6.872317357090949e-05 6.323103058980746e-06 1.486773157080134e-05 4.2884118751414265e-05 0.00012340861553580598 8.909615681149008e-05 0.0025400816498406162 0.0 0.0 0.0026772703122419747 0.0029020707906831384 0.00158383852491012 0.0022390632876946666 0.006507577910587941 0.09380738415691875 0.17360737922768682 0.01958806142029256 0.061096381417370935 5.492364673469502e-05 0.0 7.93440994528419e-05 3.935199501896957e-05 2.278387586892669e-05 0.0 0.0 0.0 1.7413203215423053e-05 0.0 4.932628117415766e-05 5.6219474819656614e-05 1.5019665016892375e-05 0.00020568813792973804 7.289481213647906e-05 0.0 0.00041914645033113844 0.0008709906176927414 0.0 0.0 0.0 0.0 0.0 1.923727211198783e-05 0.0 1.1236977283841652e-05 1.2727062119009621e-05 1.5526366183830617e-05 0.0 9.282699725087002e-06 9.544482451333853e-06 1.4400498884691771e-05 0.0 0.0 0.0 0.0 0.0 0.0 0.0 0.0 0.0 0.0 0.0 0.0 0.0 0.0 0.0 0.0 0.0 0.0 0.0 0.0 0.0 0.0 0.0 0.0 0.0 1.0770249576866767e-05 0.0 0.0 1.2758847914930254e-05 0.0 0.0 0.0 0.0 0.0 0.0 0.0 0.0 0.0 0.0 0.0 0.0 0.0 8.26719321258352e-06 0.0 0.0 0.0 0.0 0.0 0.0 0.0 0.0 0.0 0.0 0.0 0.0 0.0 0.0 0.0 0.0 0.0 0.0 0.0 1.9734684273785835e-05 0.0 0.0 0.0 0.0 0.0 0.0 0.0 0.0 7.227070895797932e-06 0.0 0.0 0.0 0.0 0.0 0.0 0.0 0.0 0.0 0.0 0.0 0.0 1.5426253328635895e-05 0.0
0.024101258629841672 0.16950763495037122 0.027060843376422804 0.005801872329747956 0.2809835093062335 0.00017539173969288507 0.10981190249153948 0.04023333947189984 0.0 0.005845749481660195 0.07801395187089805 0.004867419049138495 0.04078884215797875 0.11789978604910005 0.0009663003460460722 0.0010239894745180695 7.47255691879522e-05 6.495098002821936e-06 6.35614685227567e-06 1.1747803139340612e-05 0.0 0.0 5.418396445403653e-06 0.0 1.3966543789502353e-05 0.0 1.632285297988861e-05 6.879868961046172e-06 0.0 0.0 0.013568545815189886 0.004407082642031668 0.00245541013593219 1.100553068956004e-05 8.023062800436039e-06 5.75655094611475e-05 0.00013772208770497065 1.1523562733791786e-05 0.00012477549970359094 2.3291831472869303e-05 0.0 6.246856550198441e-06 0.0 0.00022035577671062717 1.1886334166235467e-05 2.0483067505151578e-05 0.003028811584620131 0.00017524408818502652 2.935305923598508e-05 5.526069152743929e-06 2.2617628548938074e-05 0.0 1.8374738376896657e-05 0.0 5.350064223593161e-05 6.116623291786321e-05 0.002147729313177549 0.007948715474564744 0.0004807679433011383 0.0007111307093515255 3.768011057457571e-05 0.00017415590206101288 7.21391710910166e-06 0.004340468164010417 0.00017091383840286986 2.9502369282834722e-05 6.441325617131492e-05 5.703193818236821e-05 2.174075631405734e-05 1.3279073740432181e-05 0.0006804486533276389 3.0077404629786908e-05 0.0 0.005502217998133294 0.0063673535598877855 0.006298467326121367 0.0044477194048464196 0.0012879710893857628 0.0004896077662373932 0.001987579907893875 3.713614004863389e-05 0.000276270069378111 0.0001479877325793914 0.0 0.00016091531769967934 0.00018149532547372297 0.00011389978692562125 5.2575122293154735e-06 1.7923343699711023e-05 0.0 1.7805237328298906e-05 0.0 5.876185250281153e-06 1.7450918807457537e-05 0.0 0.00013159471123558127 0.00030815598379118313 0.0 0.0010354978638453239 0.0018590828920630462 0.0 0.00011183235932709066 1.2016426523007715e-05 0.0 0.0 9.104129015348148e-05 5.044412814664035e-05 0.00014051708312878467 0.0004390506218615467 0.00027002229098879894 0.00012483741691020594 0.00029493955297943614 0.0006136778658689602 8.158892396648574e-05 0.00041172167090648964 8.143206296841543e-06 0.0 0.0 0.0 0.0 0.0 0.0 0.0 0.0 0.0 0.0 0.0 1.5667461270468085e-05 0.0 0.0 0.0 0.0 0.0 0.0 0.0 1.8107349551501833e-05 0.0 0.0 2.9270409995283586e-05 0.00013693398736027633 4.757004207186714e-05 0.0002569159254529834 0.00011521579429723804 1.4419390207525832e-05 0.0 0.0 0.0 0.0 0.0 0.0 0.0 0.0 2.6572318939964837e-05 0.0 0.0 0.0 0.0 0.0 0.0 0.0 0.0 0.0 1.75659098551833e-05 0.0 0.0 0.0 0.0 0.0 0.0 0.0 0.0 0.0 0.0 0.0 0.0 0.0 0.00028086430100833965 4.882463513912115e-05 0.0 0.0 0.0 9.658318159018223e-06 8.902111014737325e-06 0.0 1.955186105820586e-05 1.3684942857450389e-05 6.577102579208605e-05 0.0 3.0513139316544972e-05 0.0 0.0 0.0 0.0 0.0 0.0 0.0 0.0 0.00024606476884309953 0.00016634213501335595 0.00020704051537025425
0.1785211548593771 0.11286281392159352 0.003006029928938551 0.16612544242352875 0.015758231050964674 0.06886826399193428 0.129873007513897 0.0004949068564667192 0.005845749481660195 0.0 0.002510554854046501 0.1856304980071491 0.32908411848705255 0.028702073762058397 0.0003834661197330803 0.00044747616015306527 0.00010102494957589807 8.639766343436956e-06 0.0 0.0 0.0 0.0 0.0 6.872230780762218e-06 0.0 0.0 0.0 0.0 0.0 0.0 0.003116966437478864 0.0006013927340737771 0.010200994774134298 9.985223611604632e-06 0.0 9.755820016926786e-05 0.0015743516154206947 4.6513358694364894e-05 0.00023749236113831644 1.9245615838912366e-05 6.4035763202617e-06 0.0 6.829758534504914e-06 0.00010641669665239616 8.123307389318067e-06 1.924810809786145e-05 0.002122675000977209 0.00016370152791069786 0.0 1.0853405576887912e-05 2.101408481190304e-05 0.0 0.0 0.0 2.8813177201509725e-05 6.386012422015525e-05 0.001992280356930236 0.004404182273899486 0.0004180351847024663 0.0003676215392563532 3.03289358642232e-05 0.00035245389339738403 6.1199554716709956e-06 0.001822466836908604 0.00010341801305843848 1.4886071629691656e-05 1.8968839801506824e-05 1.2967250014857653e-05 1.7512637226751642e-05 5.8724723778420067e-05 0.01075561352984164 0.0004357676747722264 0.0 0.0033063745435912236 0.0037814482994452323 0.002540660886424083 0.00215975086692995 0.0004900378328152271 0.00013456212528725783 0.001132486295048157 6.795106403434848e-05 0.0002848751657292888 5.984206577176808e-05 0.0 0.00010995181050218478 8.37755862769978e-05 3.250353297114427e-05 0.0 1.55739101770493e-05 0.0 0.0 0.0 6.1484081679447144e-06 1.0625667701280532e-05 0.0 0.025407068948890915 0.0018827169970285949 2.2811714994782946e-05 0.004040512001441778 0.030387312831242547 0.0 0.00031877649904378394 0.00025751694497305977 4.147555629986581e-05 0.0 0.00039898187453104016 0.00011279372270071533 0.0005899352268832458 0.0022469178746802364 0.002262345522487094 0.0004821883487298548 0.0016464152277477207 0.004529666960425217 0.0006225033577228629 0.0015871113991195215 2.950258883898024e-05 0.0 0.0 0.0 0.0 0.0 0.0 0.0 0.0 0.0 0.0 0.0 6.685841854700092e-05 0.0 0.0 0.0 0.0 0.0 0.0 0.0 1.2218281696033872e-05 0.0 0.0 9.029052562802941e-05 0.00031850404054831015 0.00031090987474418686 0.0006741999480553558 0.00020789711901253409 0.00019072681966181856 0.0 0.0 0.0 0.0 0.0 0.0 0.0 0.0 6.97228928097605e-05 0.0 0.0 0.0 2.8326253296122446e-05 0.0 0.0 0.0 0.0 9.281463089932266e-06 4.207464669283655e-05 0.0 0.0 0.0 8.296520217032377e-05 8.298918244857386e-05 0.0 0.0 0.0 0.0 0.0 0.0 0.0 0.0 0.001975981049863466 0.00030250345801275763 0.0 0.0 0.0 0.00014271946625271062 0.0 4.525017979503129e-05 4.354938989398796e-05 9.521238101547726e-05 0.00012162781640836223 6.4823439269895e-05 0.0 0.0 0.0 0.0 0.0 0.0 0.0 0.0 0.0 0.0025071987828928248 0.0007289873370593544 0.0010581223840836515
0.015925063474432996 0.1786353174060538 0.09618654363712781 0.003752345293296769 0.15924205603061664 0.00037406272554434155 0.01924131424417418 0.0910403890879396 0.07801395187089805 0.002510554854046501 0.0 0.008479819729406899 0.0961813243389423 0.28794725267844806 0.0002065478491815693 0.00042914774307901477 6.116506660001453e-06 7.586529997419282e-06 0.0 0.0 1.0692886298717283e-05 0.0 0.0 0.0 1.7535082392168098e-05 0.0 2.3721823282934683e-05 6.5542766915679325e-06 0.0 0.0 0.022228507568713987 0.0048931413125498716 0.02475777517168048 1.3684878177396707e-05 1.9609482085108678e-05 0.00011808067503556433 0.0009026147295008348 4.273053329367697e-05 0.00015563090746895846 6.331439071770443e-06 0.0 1.726093034739895e-05 0.0 0.00011291097636352986 0.0 0.00016325869503309485 0.0009644500309924968 7.771972161778249e-05 1.7703393539924542e-05 0.0 2.4731426108703776e-05 0.0 0.0 0.0 1.5803683397465104e-05 4.90517772461607e-06 0.0007844548593767932 0.004002285748812302 0.00013872846364879567 0.00023551578616949734 0.00011286607060442727 0.001277910766594585 6.338419711068331e-05 0.0015465421005677307 8.400009905084608e-05 1.6429055847843912e-05 0.0 1.3341985477046914e-05 4.987700334827156e-05 1.754260664061438e-05 0.0006081948967743707 6.423927394765933e-06 0.0 0.0019401107649255611 0.002104166461821564 0.001793386242695438 0.0011586076955104139 0.0005401740462257755 0.004466144811441146 0.013115582026901483 4.452896099942059e-05 0.003956322567555452 4.676312339192227e-05 0.0 4.5648308667827626e-05 7.196392908980175e-05 7.490327615194669e-06 0.0 0.0 0.0 0.0 0.0 3.0513994398722498e-05 7.045906812604064e-06 9.983831506963072e-06 6.154761173363925e-05 0.00012431756373675645 0.0 0.00026412734021542117 0.0009889071151700348 0.0 1.798921291694533e-05 0.0 0.0 0.0 0.0 0.0 0.0 0.0 3.0423071451705033e-05 1.092385699021861e-05 2.6278404468519432e-05 7.440123194887332e-05 2.9428673185710315e-05 0.0001527063252609018 9.655916689502279e-06 0.0 0.0 0.0 0.0 0.0 0.0 0.0 0.0 0.0 0.0 0.0 2.2324585181334872e-05 0.0 0.0 0.0 0.0 0.0 0.0 0.0 0.0 0.0 0.0 0.0 0.0 0.00011356657457440618 7.046279702014447e-05 0.0 1.8016907847819535e-05 0.0 0.0 0.0 0.0 0.0 0.0 0.0 2.1751949523713656e-05 0.0 0.0 0.0 0.0 0.0 0.0 0.0 0.0 0.0 0.0 1.780756046967644e-05 0.0 0.0 0.0 0.0 0.0 0.0 0.0 0.0 0.0 0.0 0.0 0.0 0.0 2.8504354867783877e-05 0.0 0.0 0.0 0.0 1.420630088058918e-05 0.0 0.0 0.0 3.504044637655333e-05 0.0 0.0 0.0 0.0 0.0 6.216033834343141e-06 0.0 0.0 0.0 0.0 0.0 3.108989016840711e-05 9.729278586569518e-05 5.671144376923082e-05
0.012127633620849286 0.004242753800378888 0.0011268357678240507 0.003944560992608535 0.006334888562283852 0.041999595311229584 0.05291449092629583 0.0033519597090983914 0.004867419049138495 0.1856304980071491 0.008479819729406899 0.0 0.11092749426429387 0.010477808488264503 0.003570650386539613 0.007924690937652787 0.000775773212995297 0.00010170349555774563 3.904092312484469e-05 4.708704406771966e-05 5.137043137080123e-05 1.2439210957550349e-05 4.489973495667078e-05 2.918031898803912e-05 8.417285116669185e-05 2.3346747212022386e-05 1.4022977433034434e-05 0.0 1.4463544135178776e-05 0.0 0.0008642093021448621 0.0005308625333169596 0.015309138884889736 0.00019611306596677906 0.00013201407296783386 0.0024003255376310755 0.004594272086118701 0.0013729816264658231 0.0018094582355706215 0.0001212651304247968 5.838982232837201e-05 2.457970035085849e-05 1.9222735121574812e-05 0.0023249267469945016 6.840365588592215e-05 0.0011713145667715662 0.005507848142536264 9.629350277216024e-05 0.00028231036720991197 2.4863169883727287e-05 4.896482351821714e-05 0.0 1.42270299477007e-05 0.0 1.6037340388076553e-05 1.0696091225046798e-05 0.0009466960718920752 0.0017228755254696522 0.00018559496416174095 0.0006022982978464141 0.0015656947984656767 0.009001180416295801 0.0002389673547521527 0.0017173995895891567 6.609064939807874e-05 1.888183207461937e-05 0.0 7.485503907338217e-05 0.0005461103388279587 0.00023611359779626925 0.013406267038101587 0.0011772578869505904 1.2201368752089401e-05 0.0021730974464709923 0.0022815204068302414 0.006122420433857242 0.004569457225707727 0.004301444994076821 0.0017817180488342763 0.023829086893089203 0.001989446527364835 0.005371123014783451 5.328509150658526e-05 9.00483540127369e-06 5.3099268679341566e-05 6.482555412963178e-05 7.973363003226387e-06 0.0 0.0 6.699049640340261e-06 5.390069311509368e-05 0.0 0.00015955238257553877 0.0001405252488372129 7.650272427677542e-05 0.09495975935959802 0.007107300320846142 3.3077210927061694e-05 0.011918380448017588 0.005280522308540568 7.496114877832438e-05 0.0025132955609496635 0.000785132314698653 0.00024275909769271847 3.692162479354137e-05 0.0027551744539012503 0.0006452737148671757 0.00340087722894836 0.016090332579817124 0.011764964000150658 0.005264214067912256 0.01126050557372287 0.035492063770306184 0.004727247121918543 0.0096300575304606 0.00017546970408015728 0.0 0.0 9.84370068718091e-06 0.0 0.0 1.2609801335455229e-05 0.0 0.0 0.0 0.0 0.0 0.00018745920055843012 0.0 0.0 0.0 0.0 0.0 0.0 0.00010438273326750947 0.00015391416058329604 0.0 2.173565727092651e-05 0.0 0.003284733322759038 0.0010147629678148474 0.004565650206406593 0.00035694537304820935 0.000630672627707757 0.0 0.0 0.0 1.0065816145278148e-05 2.2975473022797414e-05 4.6629144297979426e-05 0.0 4.308258385887468e-05 0.00040734497283495937 1.746765432630063e-05 1.8069115925642935e-05 0.0 0.00016476237158046008 6.8761857583564185e-06 0.0 0.0 1.0096251374206362e-05 6.392609016077259e-05 0.00031729354681637025 9.79239872350399e-06 0.0 6.450446216774161e-05 0.00019587270954675445 0.00013336763719832594 1.8895098012968348e-05 1.4730053252504069e-05 6.257988046776028e-06 0.0 0.0 0.0 0.0 7.911496828580298e-06 0.011019886378815616 0.0011942105806451166 0.0 0.0 0.0 0.0007475951078786379 0.000129522746242276 0.00016198609717511868 0.00037609535616408543 0.0006811033184248968 0.0009101761760987213 0.00026989106762117984 0.0001201891177989594 2.433796250730213e-05 7.087338244052631e-06 0.0 0.0 0.0 0.0 0.0 0.0 0.01901471614652794 0.0046099054396386615 0.004510892309133492
0.03512342948708769 0.05998213347657585 0.018753471182411968 0.02852107099625896 0.03593634068737022 0.007731788850051013 0.12392098155571014 0.03366159894954621 0.04078884215797875 0.32908411848705255 0.0961813243389423 0.11092749426429387 0.0 0.34600796205485806 0.009964742029367136 0.019218166189933293 0.0012110510550399052 0.00018597050070716386 8.136658005131816e-05 0.00011285816124263388 6.126029878143397e-05 0.0 9.510045900662884e-05 5.338816302918953e-05 0.00012559507549862723 4.5967011621496614e-05 9.37605131911085e-05 1.4160443315926046e-05 1.279287496372009e-05 6.086822669127889e-06 0.012621522098178375 0.007615074650630785 0.056487162490041834 0.0004743810259517663 0.0003285406242763005 0.004667072521749333 0.0066183707697728906 0.003872775178145085 0.002352535104803643 0.0002462562603726624 7.49813437899468e-05 7.228993792256147e-05 2.3500955141101965e-05 0.004590526203709775 0.00010438171856208027 0.002142097809306662 0.017005551734198123 0.0003804437679866361 0.0005404733579213332 5.427555022325546e-05 0.00013609100747352315 7.949428416390367e-06 0.00010328180754650115 0.0 8.762107596859057e-05 0.00010913928364620948 0.003236185163102761 0.009125656315023772 0.001054597767984593 0.002171831450428954 0.0018339648053297794 0.01781538356103624 0.0003026469201520018 0.011123551349516625 0.00022399120754348632 9.58285967877982e-05 7.162159121376562e-05 0.00014337284101256735 0.0007225321691986618 0.00042873702948531555 0.02889354383742549 0.0013167619997370504 8.94338282293415e-06 0.010645755700050845 0.01200081055032365 0.025957194648593643 0.020174210984160293 0.016034706304461695 0.003081404638716424 0.053133072923148325 0.0019946697912090303 0.009240172075913263 0.00020894242967839618 0.0 0.00025277373085001476 0.00018843686775604415 0.00019612741752125839 0.0 4.7327706679557987e-05 0.0 7.124352680569437e-05 2.527290793606645e-05 0.0002951936743829945 0.00031945381729140147 6.322748119768747e-05 0.054447974618917275 0.012630586141938141 0.0 0.023143540142799054 0.006323451072086446 0.00017817238860607718 0.00282189853197676 0.0008886240179202665 0.0002285373151368956 6.42774256850099e-05 0.001997265887160253 0.0006097382061729763 0.0031344248864687177 0.01103049277660806 0.008735238004832016 0.0044154419399373875 0.008616714003807615 0.022157527315242755 0.003006405532537608 0.011054071420801162 0.00017596536216637115 0.0 2.5413278487423716e-05 4.5678422276672416e-05 0.0 0.0 0.0 0.0 0.0 0.0 0.0 0.0 0.00025153016810549293 0.0 1.615690769794883e-05 0.0 1.3557939714985028e-05 0.0 0.0 3.6078391527128395e-05 9.713921642962255e-05 9.995369479107354e-06 0.00014014974077474935 5.066109709000774e-05 0.003530016043886319 0.0014320085674983593 0.006265086101140166 0.0010517865360871207 0.0010758061582050913 0.0 0.0 0.0 6.450471376721646e-05 5.668851795387419e-05 1.128302948206081e-05 0.0 2.467296720807807e-05 0.0004362338381605678 0.0 1.6584418523569895e-05 0.0 0.00025836142792931723 0.0 6.8194417692456824e-06 0.0 0.0 9.135567437842872e-05 0.0003485658009126367 7.72899107931884e-06 0.0 0.00011804434620761651 0.0003741457777002398 0.00017904612000128707 0.0 0.0 0.0 0.0 0.0 0.0 2.1011394359028e-05 0.0 0.008462264260336524 0.0005409164174758216 0.0 0.0 0.0 0.000713793618018013 0.00011654870126141215 0.000323292022466123 0.0003303650854069523 0.0005876549493926562 0.0009065927966874087 0.00030720530508771026 0.00011618558684666546 0.0 0.0 0.0 0.0 0.0 0.0 5.851770606899938e-06 0.0 0.011722570035746945 0.004665584622387906 0.006827330914071859
0.03171637930656129 0.1248144594437541 0.16189429256301496 0.00450922258524025 0.06627155349564308 0.0007025013096185267 0.21563821549498743 0.16598529483381086 0.11789978604910005 0.028702073762058397 0.28794725267844806 0.010477808488264503 0.34600796205485806 0.0 0.006371582558089766 0.010958856806543642 0.0006180876958529412 4.72470441252759e-05 3.356470211805738e-05 2.5312801287706442e-05 9.845432866490016e-05 0.0 6.182824721204594e-05 2.962148946958363e-05 5.29524906489052e-05 3.665259196733264e-05 4.228780188661685e-05 2.0308975503423227e-05 3.875014177893528e-05 6.25629627766559e-06 0.032272731028716195 0.012905448457662068 0.03310280425375303 0.00023565470052955433 0.0001544974168244103 0.000519395057684027 0.0019916345927577963 0.00037737186449503176 0.0009751911238099361 0.0001759636149148293 1.6067197650286576e-05 4.048791798957299e-05 2.418904410114449e-05 0.0028592961254174233 6.403599848372969e-05 0.0011870059549147353 0.011366364579667113 0.00041967332811445446 0.00029431068750946125 2.6700661374917843e-05 0.00013450162837154623 6.361158072948292e-06 9.232518328505195e-05 5.138147860529055e-06 0.00010127382596115864 0.00013873484590858778 0.0038382188450585587 0.012785104302367838 0.0010403973167917944 0.0017771913072796913 0.0008275491912696384 0.004968516060008326 0.00026287885614956734 0.01056056541532142 0.0002506437938366713 7.836380143854912e-05 5.965721077174962e-05 0.00010554370195706371 0.0004210238933266778 0.0002767476114120425 0.005151982860517644 7.349150105993388e-05 0.0 0.010198763057419239 0.012141645524345062 0.0208141746152659 0.014872893704577372 0.010252135974944399 0.005621853636845026 0.056837236035521176 0.0007920352192531286 0.010763950787277318 0.00021689014169978411 5.336185130203207e-06 0.00024130689311669412 0.00024570308629045867 0.00010554422829841802 0.0 5.691241122335511e-05 0.0 3.9090833577275036e-05 5.621882267856494e-06 0.00016300827107370588 0.00017402410933090284 9.928305312716207e-05 0.0036046874206836087 0.0028631877313938926 0.0 0.004514652234234808 0.0036106937327075716 0.0 0.0006303163551372204 0.00012510546173375987 3.030159637694673e-05 0.0 0.0002584724426372292 0.0 0.000479167840661638 0.0014947944776728854 0.001174329150977619 0.0006339231445741997 0.0013132912757707906 0.0034281302194110186 0.0004098769014257728 0.001999005470852024 1.9232662026327013e-05 0.0 0.0 0.0 0.0 0.0 0.0 0.0 0.0 0.0 0.0 0.0 6.83068191644555e-05 0.0 0.0 0.0 0.0 0.0 7.136060719717245e-06 8.676413824493256e-06 6.306991910343892e-05 0.0 2.7470940881336244e-05 1.0215509525289954e-05 0.000571151752401447 0.000419877317729252 0.000994131330819791 0.00014394711028659015 0.00018678924812279713 0.0 0.0 0.0 2.2958357137767086e-05 2.5654231269411115e-05 1.0739961509895542e-05 0.0 0.0 0.00010841241988407912 0.0 0.0 0.0 2.19928269445376e-05 0.0 0.0 0.0 8.184619333045484e-06 9.4240280159547e-06 0.0 0.0 0.0 4.714342964625772e-05 0.0 1.3049853564145086e-05 0.0 0.0 0.0 0.0 0.0 0.0 0.0 0.0 0.0014037106618675977 6.48886575328276e-05 0.0 0.0 7.277430548234098e-06 0.00012539567520066585 1.8206999558606012e-05 2.844700680257548e-05 5.4445794058487425e-05 0.00015156447130739462 9.684042662495679e-05 3.8262401955439664e-05 3.654039699678975e-05 0.0 0.0 0.0 0.0 0.0 0.0 5.819673278610678e-06 1.758330760283287e-05 0.0017913548309089994 0.0007911407125059982 0.0011750616763213286
