0.0 0.07161560069927984 0.015505607055073492 0.1005292224710682 0.003900518552178117 0.003734847767330794 0.03242661116327846 0.0012716469718948285 0.0009380705685797597 0.09599239687576455 0.005530479231028274 0.015856330736714743 0.0072021780509208795 0.0034193241711062863 0.00027778910190909517 0.0001203820692874274 1.8983573232289694e-05 0.0 0.0 0.0 3.631731898306221e-05 0.0 2.9934602225066986e-05 1.1764030204265812e-05 0.0 0.0 0.0 2.202949182467488e-05 1.0339587128480732e-05 9.81422799515914e-06 0.03955937402511937 0.0008715627735279718 0.0012725600047202267 0.0 0.0 3.498841525237556e-05 0.00014206592289943006 0.00013574651579026207 3.518134090696612e-05 7.095614287090538e-06 1.6322118211773487e-05 0.0 1.5598489182666504e-05 0.0 0.0 4.187698237278251e-05 0.0010356483098417895 0.00013177719600823717 1.273848660716839e-05 1.4590958373824472e-05 8.379576893541737e-06 0.0 0.0 1.621518645956183e-05 0.0010385417862725733 0.0010802072677581198 0.019896500292439438 0.0771321427397866 0.004517688490502481 0.002165045035030985 3.629695823976868e-05 3.654911915984612e-05 0.0 0.003215870047389122 0.00012034700880816079 4.360090128347601e-05 8.084573773979945e-06 5.7916688778819135e-05 3.3820832632203254e-05 3.235836141990433e-05 0.0009663209901207887 5.9698280912517724e-05 0.0 0.010191305630162212 0.003969099118384172 0.0021709101553810824 0.000872298744703898 0.0003308145311980567 0.00017282580702905945 0.011657046786214119 8.610023411908848e-06 0.00037916959648610405 0.001727718991887879 4.6239413944708584e-05 0.00010416774429764628 0.00026163034674820475 0.00010754423320292671 7.177356148936939e-06 7.291593075501899e-06 7.913790462637996e-06 6.975048183388183e-06 0.0 6.80918396505486e-05 0.0 7.728535911522898e-06 0.0015985922333608938 0.00014030377864156606 0.0 7.348487400213674e-05 0.07153741731434392 0.0 0.0 0.0002748344695039351 6.182257376984371e-05 0.00011586242506722264 0.0012458611779655431 8.602420689692241e-05 0.0004675269037775153 0.0031453259692019644 0.00045788538315460917 0.0 0.0011658451585320755 0.0003235895226973578 0.000680536803382212 0.00043698280050917526 8.878936623065983e-06 1.0384337746104492e-05 3.3067748822778945e-05 0.0 0.0 0.0 0.0 0.0 0.0 0.0 0.0 0.0 0.0 0.0 7.017817755718519e-06 0.0 0.0 0.0 0.0 0.0001814960333236149 4.9750551358855344e-05 0.0 0.0 0.0 0.00017820557184093825 0.0 0.00011871731692575965 6.000925865394081e-06 0.0 0.0 0.0 0.0 0.0 7.67490802099657e-06 0.0 0.0 0.0 0.0 0.0 0.0 0.0 1.2529200848129818e-05 0.0 0.0 0.0 0.0 0.0 0.0 2.9844566900902226e-05 1.2189889019242949e-05 0.0 0.00016267185267156514 0.00017429441300119118 0.0 0.0 0.0 0.0 0.0 0.0 0.0 0.0 0.00014592289182621283 2.5068607487410312e-05 0.0 0.0 0.0 0.0 0.0 7.293699821638815e-06 0.0 0.0 0.0 0.0 7.45709359939472e-06 0.0 1.1257036802183936e-05 0.0 0.0 8.383085902421594e-06 0.0 0.0 0.0 9.734134434506685e-05 4.602070788512357e-05 0.00012751855031541303
0.07161560069927984 0.0 0.0578089632151661 0.04589820586999332 0.11527665201238774 0.01610817707227456 0.19195747167094146 0.008888846862482737 0.18865792138318954 0.08680471884995397 0.08945358139516944 0.028789189998984846 0.1481949169395637 0.23534501227068688 0.004027404931163466 0.0015751486835847881 0.00011013439182235546 3.9122395317988335e-05 0.0 1.6648471680372444e-05 7.51370825369649e-05 6.582507354651659e-05 3.1940006665948415e-05 6.133721096890983e-05 1.1035145203889638e-05 2.673366320711367e-05 0.0001485310832093136 0.0 1.558871915443994e-05 2.1712605026266864e-05 0.15498237512446789 0.01790106499774205 0.01456691805007583 0.0 2.388045518120907e-05 7.789568810805785e-05 0.0027214945501679425 0.000363719271166996 0.00020301794793562366 9.776493160613447e-05 0.00020644913402660575 5.481729760628314e-05 5.716547428060516e-05 0.00017562340444313311 1.333082250192467e-05 6.046359010664479e-05 0.011751032127539376 0.0011703420056473049 6.488414183790836e-05 0.00021883976058885941 6.277713591924973e-05 4.7748968223616046e-05 1.877608583331868e-05 7.242439688067532e-05 0.0026573402603889 0.0035575386358039124 0.01873911577834756 0.08298717486868744 0.010810529509095812 0.013420640915596553 0.00047468721712675647 0.0004890681221283914 9.675488119371845e-05 0.028068086995926944 0.0004733140577604342 0.0002563974446564867 0.0001440783649115358 0.0001691362392229232 0.0002604986050698695 0.00013029896861420942 0.011754504616692845 0.00019942618264843901 0.0 0.04606972743300383 0.027117414607166424 0.03220907630984993 0.0122180111639112 0.0037007222749608957 0.0013968779841814901 0.06099426047770642 0.0002187418234303376 0.0028179645055390543 0.006894568543489013 0.000249981098174159 0.0006578222436365204 0.0012514640751827091 0.00041535136191422683 1.618962226001818e-05 0.0001769730739531645 1.0525172971152224e-05 6.625294860302332e-05 3.406285703626154e-05 0.0003723732585885836 5.262106811157349e-05 9.471808953155244e-05 0.00823729272045778 0.002520521877863415 6.50129231900709e-05 0.0003336239059431598 0.045094322773106155 0.00042196319276164814 0.00010587232427323623 0.0020302659012001543 0.0002050188846891922 0.0003317468213926777 0.004450694834874419 0.0004628112997636934 0.005356884144334445 0.0013297522035588287 0.0008092973545691665 0.00037269744106394786 0.008709953590824458 0.0029893939253619255 0.005226398990424208 0.0063640329064128245 0.0002563656367563792 0.00021457516002807624 7.96435181125355e-06 8.569289634572658e-06 0.0 0.0 0.0 0.0 0.0 0.0 0.0 0.0 0.0 0.0 7.710232751369724e-06 0.0 3.217480187482992e-05 0.0 0.0 0.0020046559214093023 0.0010702585158375974 0.0 9.655151845842523e-05 2.8421059598063143e-05 0.004285089193790897 0.0007609011443223576 0.0020847605895469626 0.0004864351134880926 0.00013019231954922806 0.0 0.0 0.0 0.0 1.8856125985079418e-05 6.0218552234365196e-05 0.0 4.126638912884712e-05 0.00021801407420691616 6.8796920821860426e-06 9.990364486422582e-06 9.681515055814443e-05 2.7560169717226906e-05 7.704851079257051e-06 7.565773990006949e-06 7.073419205354703e-05 2.7195175809338702e-05 0.0 0.00013384319495972648 0.0 0.00010423926696025207 0.00046134185969663125 0.003557151410165509 0.0006705344163084475 5.5718241362559887e-05 6.6453130827641046e-06 0.0 1.4047684914958914e-05 0.0 8.186660736348238e-06 0.0 0.0 0.003464877408727874 0.0007201471403237723 4.876784898061973e-05 0.0 0.0 0.0009759373286747154 4.4396562482607705e-05 0.0007464914689116641 9.145637499377663e-06 0.00028317451934823816 0.0003310135815564126 7.28936051678741e-05 0.00010422771365605912 0.0 0.0 4.257864280514011e-05 0.0 7.716831766317816e-06 0.0 8.053553040487934e-06 0.0 0.0036221077149023195 0.0010505450162432769 0.0009719077428802871
0.015505607055073492 0.0578089632151661 0.0 0.0011254343798486385 0.043506673792045855 0.0007156389767806065 0.004081977184193424 0.06507427053364513 0.014230654258818231 0.0011092556276388946 0.12966575254867996 0.0003054497647019949 0.0048158680692619565 0.04925315070826245 0.0018713755528143136 0.001258620661641608 0.000143828821362355 5.926211015901097e-05 0.0 5.203966427950805e-05 0.0002347414061271318 6.742617100104029e-05 0.000307610556056237 0.00010634356276872498 2.0808569029240232e-05 7.442819905480504e-05 0.0001889156708650012 3.596082021751236e-05 0.0 6.742620396259481e-05 0.22018614542467504 0.0305190018467871 0.011877142073085285 0.0 8.012468418130797e-05 0.00023231601058664735 0.002863546161048668 0.0033984784789866055 0.0004719407157088861 0.00010331096343771615 0.0004300204302335264 0.0001098222302583219 0.0003130274216117399 0.00021425743634138577 2.394925767756168e-05 6.308728235909452e-05 0.0036296821756586174 0.0002207645717942688 6.101773138110341e-05 0.0004811798813398663 0.00016241179271048268 6.005613166047312e-05 4.8190856968825625e-05 0.00011627044385982109 0.0005242457260889482 0.0005479422200410541 0.004562468032169665 0.04458506418372284 0.0017636628363461454 0.003323258724401552 0.0005280422910117347 0.0012856351276836623 0.00016547220880015057 0.026093136052028523 6.003163899078643e-05 6.991040850303903e-05 3.9301570976312186e-05 0.0002847437016379346 0.0008077766185018927 0.0010539477285791917 0.01197979563284362 0.0020324853468026505 1.39167191614717e-05 0.009720889463446184 0.011195706323752202 0.01143169464649186 0.007440388220987152 0.004310975334982878 0.025267959857964786 0.09771013055913325 6.389947629183263e-05 0.015262549594555072 0.001304691225833283 4.699864089402191e-05 0.00015473097116313792 0.00020841880199701777 0.0003120649028782761 7.447697321676136e-06 3.8642739335348965e-05 0.0 4.136340559852418e-05 2.9221009151304352e-05 0.0017347783149447781 0.00019010107004339478 0.0001619325948375841 0.0037114749675761084 0.008579323989884938 0.0 0.0005249651706766429 0.008821243417537466 0.00022965289184563378 5.105602277630395e-05 0.0009370914640389997 0.0 0.0003004432900536748 0.0012124778496331286 1.1847902276406574e-05 0.0020444436881641376 0.00027948002406903694 0.0002948619156142666 0.00011574701158076262 0.00363495208575467 0.0012606673663516272 0.0017047607853592427 0.00518082733176301 0.00039140653896242353 0.0002554218345991761 0.0 0.0 0.0 0.0 0.0 0.0 0.0 8.977290549717785e-06 8.206284034693283e-06 0.0 3.171516472918977e-05 0.0 1.5238599287694474e-05 1.1124326879659478e-05 1.4620973500568558e-05 1.8107917692371338e-05 5.862019729291127e-06 0.0018034666307965319 0.0007620947140555776 0.0 9.455409853512235e-05 0.0 0.005006202152355608 0.0013346900673347488 0.004284316840321501 0.0014375992959047 0.0002624325829394567 0.0 0.0 7.884747981087332e-06 7.438646302274341e-06 0.00010423705965344031 0.0001280970323012053 8.779436863391946e-06 4.478948208988595e-05 0.0004042554775040917 0.0 0.0 0.0 0.00013433701379606965 8.350784696337223e-06 2.3584217958699405e-05 3.336742186834405e-05 6.374907104256708e-06 0.0 0.00019996594709842478 0.0 0.0002793495611189237 0.0007284050751143914 0.0051500115068473335 0.0007599525007273334 3.9610006208674256e-05 7.440963443689741e-05 0.0 9.754056956726272e-06 0.0 0.0 0.0 0.0 0.002511511020160452 0.00039147771469070125 0.0 0.0 0.0 0.0005991807325085867 0.00012656428761334966 0.001269937819760558 0.00014837834327638159 0.0002499919525816621 0.00033177566889825333 2.4723495542269542e-05 5.4678570803383564e-05 0.0 0.0 0.0 0.0 0.0 0.0 0.0 0.0 0.001559598009326974 0.0017880846638307964 0.003119076434692837
0.1005292224710682 0.04589820586999332 0.0011254343798486385 0.0 0.004991068519417603 0.053171800359044494 0.033925189897617974 0.00018936338151461096 0.000695230763261875 0.14589918531362414 0.0010313118028118249 0.08906879682803984 0.07425534451535651 0.005834873937153168 0.00020415620538701503 0.0 0.0 1.0867509441668707e-05 0.0 0.0 0.0 0.0 0.0 0.0 0.0 0.0 0.0 0.0 0.0 0.0 0.010992115738640675 0.00042035741029701994 0.0001657915811232372 0.0 8.744869690102238e-06 0.0 0.0 0.0 0.0 0.0 9.905275630116815e-06 0.0 0.0 0.0 0.0 3.084787025071004e-05 0.0014237839748649748 0.00012625429815989165 2.769665010638568e-05 7.096334971926555e-06 2.4348048910907013e-05 8.277871503067243e-06 0.0 8.606727256457294e-06 0.0007353295172555308 0.0010185683675021156 0.007776772002359257 0.03732998066122462 0.0029233376337731982 0.0024677192334867423 1.0534052478736456e-05 0.0 4.84310913928726e-05 0.002067377739460019 0.00012360959319577346 4.6719923017072446e-05 3.884353889077583e-05 3.0932999331285727e-05 0.0 1.4761110946267305e-05 5.758123624516266e-05 4.689618018114564e-05 0.0 0.010149343876816581 0.0038658684325331427 0.002878613695455131 0.0009365251275480411 3.6545586128138385e-05 0.00013336952792394145 0.0008573407007601498 0.0 7.725689988559218e-05 0.001919148449450497 7.326872665305479e-05 0.00014752447755867962 0.00027729287464459075 0.00012148487798361336 0.0 4.648488981459394e-05 9.908102502419329e-06 3.670163618328232e-05 7.382418359634196e-06 7.0556000772495325e-06 0.0 1.726163927758253e-05 0.00029951762680752256 4.2993013121692555e-05 0.0 0.0 0.032787877523828335 0.00016595861016938684 0.00017335399080000192 0.00033195800774846987 0.00012995564050370542 0.00010211294277729521 0.0009228549384675286 0.0001369592624441656 0.0009010937011815908 0.008523677847732853 0.0006998901097235247 0.0 0.001897471287592731 0.0006538417549155485 0.0010800533585280088 0.0002240212052246154 0.0 0.0 0.0 0.0 0.0 0.0 0.0 0.0 0.0 0.0 0.0 0.0 0.0 0.0 0.0 0.0 0.0 0.0 0.0 7.756862512803117e-05 0.0 0.0 0.0 0.0 0.00013620540264153418 0.0 9.627040109204112e-05 0.0 1.2733179238220975e-05 0.0 0.0 0.0 0.0 6.501078236503864e-05 0.0 0.0 0.0 0.0 0.0 0.0 0.0 0.0 0.0 1.736228040091547e-05 1.732472881026606e-05 0.0 0.0 0.0 0.0 0.0 8.169920736017681e-06 0.0 3.4143761451155074e-05 0.0 0.0 0.0 9.005490556281847e-06 0.0 0.0 0.0 0.0 0.0002159548848891217 4.224451823106131e-05 1.1063475380660516e-05 0.0 9.495033887935043e-06 5.024343833294541e-05 9.907713667810134e-06 0.0001238451124415135 1.2272696265571738e-05 3.303514705201102e-05 2.6283764804156826e-05 0.0 0.0 0.0 2.1245254876870095e-05 0.0 0.0 0.0 8.975520123171015e-06 0.0 0.0 0.000494336310402224 2.0732884830709283e-05 0.000262639211661999
0.003900518552178117 0.11527665201238774 0.043506673792045855 0.004991068519417603 0.0 0.00015847614790509394 0.10058708717277151 0.005597093442738151 0.1531166644879909 0.011836963848783692 0.06535532896923914 0.006704259529054247 0.04745616995327481 0.13509134857749494 0.0011019849668265213 0.0005249024951187373 1.8788705639334796e-05 6.9071239169287685e-06 0.0 0.0 1.2554881809790315e-05 0.0 0.0 0.0 0.0 0.0 6.55721651254232e-05 0.0 0.0 8.23066050093354e-06 0.01225637689490107 0.003464832935769446 0.002390970879548316 0.0 0.0 0.0 0.00075383924132548 9.569955277880642e-05 4.606149920551256e-05 8.924325242304258e-06 8.826675799046421e-06 8.015257300845063e-06 1.778334191303456e-05 0.0001295251380202345 0.0 1.3960085393805818e-05 0.0022664680818575327 9.922252786038758e-05 1.0953384905919525e-05 7.32913405141341e-06 6.401585851279317e-06 0.0 0.0 0.0001290126065183236 0.000353638753476951 0.00033920010988787235 0.0013360051853142623 0.004674157002637055 0.0011359559404568835 0.002039407863206868 0.00010144198128427032 0.000199418303719569 1.5444416820793508e-05 0.004643577836654766 5.679010251107831e-05 2.531363697963367e-05 1.757491483042464e-05 2.2465281006287835e-05 3.382069575795145e-05 4.574971474400946e-05 0.004027240955809808 8.63227413721807e-06 0.0 0.00531369874132309 0.0035673141322965047 0.006695296861702655 0.002187342515467279 0.000927375970983716 0.00030791659012315324 0.005190006139759638 0.0 0.00037883103830360773 0.0008435355218231476 0.0 8.754395020686804e-05 0.00015342942664003999 4.720049019115953e-05 7.786651042826667e-06 8.684746697325103e-06 0.0 1.4387072164351885e-05 6.566420998707256e-06 9.528148406410324e-05 7.693434649315951e-06 2.7772560566434913e-05 0.0036299350851970516 0.0014407123164006932 0.0 0.00010349451907209765 0.000801132899305824 0.0004184117578917597 2.8634473372801966e-05 0.0006457284677168926 0.0 0.0004809802862778553 0.0010978992692928997 9.00377432076538e-06 0.0013867192727454077 0.0005016299420660721 0.0007377270468743595 0.00015095596756636775 0.0039281741701771644 0.0013519045051075948 0.0022923095148908402 0.0027050732327611794 9.750845048773383e-05 5.46629285904195e-05 0.0 0.0 8.32403946753517e-06 0.0 0.0 0.0 0.0 0.0 0.0 0.0 6.993102735206453e-06 0.0 0.0 0.0 0.0 0.0 0.0 0.0008129528965536459 0.0004763439810601527 0.0 0.0 0.0 0.0014680886293601846 0.00012928716453535914 0.0010415920524381327 0.00017709667810658647 4.259121624151174e-05 0.0 0.0 0.0 0.0 8.94807823236081e-06 1.4681814943500036e-05 0.0 3.53417273618753e-05 6.123599385637851e-05 0.0 0.0 0.0 1.6535396229601345e-05 0.0 0.0 0.0 0.0 0.0 1.9278624956177636e-05 0.0 8.263720213841063e-05 7.490337785273446e-05 0.0010035947489445238 0.00011080829583245895 0.0 0.0 0.0 0.0 0.0 0.0 0.0 0.0 0.001582662608490872 0.0004464317033048898 0.0 0.0 0.0 5.8093555452315654e-05 8.042861764746183e-05 0.00034329156619613757 2.8700243406139143e-05 0.0001585793063973192 0.0001364006004087047 4.684774122143863e-05 0.00011625828104620491 0.0 7.46644797683214e-06 7.924035919388167e-06 0.0 0.0 0.0 0.0 0.0 0.001965115531679776 0.00029099226263437004 0.00042373752385595627
0.003734847767330794 0.01610817707227456 0.0007156389767806065 0.053171800359044494 0.00015847614790509394 0.0 0.007100930575769805 2.0142047848677834e-05 7.907514917860486e-05 0.06701443077966193 0.00010530767496693215 0.011364842662418459 0.008152296933056531 0.0005195822789864485 2.2616161125406577e-05 1.100839829907633e-05 0.0 0.0 0.0 0.0 0.0 0.00047051111107713204 0.0 0.0 0.0 0.0 3.259857517314593e-05 0.0 6.498526285912822e-05 0.0 0.000976674283669244 1.0514735890449534e-05 0.0001613765708438252 0.0 0.0 0.0 0.0005717356667744096 0.0 9.611243982540566e-05 0.0 0.0 3.367455092927463e-05 0.0 0.0 0.0 0.0 1.8590412838062367e-05 0.0 0.0 0.0 5.756810860773883e-05 0.0015332065786776798 0.000719494574171519 0.00029199294079189527 0.0 0.00014525405439810764 0.0036380070754785917 0.0002487349385600442 0.00023581120131245365 0.0 5.5446294571046494e-05 4.872429950438933e-05 0.0 9.161906540547946e-06 7.704320342362308e-06 0.0 2.289513822542883e-05 0.0 0.0 0.0 0.009756113158833362 0.008688340064879044 0.001126354065880015 0.0 0.0 1.605006527288115e-05 1.0510217364128825e-05 0.0 0.0 0.00016449237128380575 0.0 9.191739484869518e-05 0.0 0.0006511284245535995 0.0 0.0002960004227913338 3.445866496958801e-05 0.0006157716818069663 0.00045013730774530355 0.0016004857333241952 0.00028449472178720313 0.0009950101439191797 1.0379885142892818e-05 8.846437088984096e-06 0.0003674023779497769 0.0033014406809490945 0.004285097887819903 0.002308170546765916 0.0002697950187756686 0.02004830057078339 3.387071463759353e-05 0.0 3.186233024871573e-05 9.648000194119399e-05 0.0 0.0005743134240279548 0.00014601567971951482 0.0003159329971677134 0.0018368019140318826 0.00022101543436430052 0.0 0.0007606016338498834 0.0004997704304935101 0.0003832344958374973 0.00012894912647501967 0.0 0.0 0.0 0.0 0.0 0.0 0.0 0.0 0.0 0.0 0.0 0.0 1.945676539822153e-05 0.0 7.343342716091259e-06 0.0 3.774221290587261e-05 8.220341299688528e-06 7.547307698092438e-06 0.0 0.0 0.0 0.0 0.0 2.1281610912830294e-05 0.0 0.0 3.177410725137892e-05 1.1081947259279177e-05 0.0 0.0 1.93611249337779e-05 0.0 0.0 0.0 0.0 0.0 0.0 0.0 7.493214993780401e-06 1.9413798056564106e-05 1.739747887177472e-05 2.073100434609066e-05 1.5794803731997597e-05 0.0 7.0987568081778224e-06 0.0 0.0 0.0 8.055304472240584e-06 0.0 0.0 0.0 0.0 0.0 0.0 0.0 0.0 0.0 0.0 9.576901450624936e-06 7.738746618973225e-05 9.276085477123774e-05 1.0768841542243382e-05 0.0 9.165316106093845e-06 0.0 0.0 0.0 0.0 6.744204450355638e-06 7.760370069139905e-06 0.0 0.0 0.0 6.404200987494353e-06 6.077916235356509e-06 1.575663760389112e-05 0.0 8.075748457426019e-06 8.538249347616106e-06 0.0 0.00017105205639331308 0.0 2.6988123614621374e-05
0.03242661116327846 0.19195747167094146 0.004081977184193424 0.033925189897617974 0.10058708717277151 0.007100930575769805 0.0 0.0006287019694651788 0.06957863038101898 0.06434069127214102 0.02590828558945965 0.038895800985211906 0.2785672293266231 0.03698053512978281 0.0008749052628691041 0.00029824691921535 0.0 0.0 0.0 0.0 1.2773349875778324e-05 1.1198151823047586e-05 9.114809507179011e-06 0.0 0.0 0.0 1.1211238118860665e-05 0.0 0.0 0.0 0.01265060862456806 0.002766564550170857 0.0005344953510790886 0.0 0.0 1.0072165008662612e-05 0.0005737322648935313 8.919337432834523e-06 7.738166719081919e-05 2.1431087651865247e-05 0.0 0.0 7.949854872641292e-06 5.73209701346969e-05 0.0 0.0 0.0040268071180639565 0.0003414525662078813 4.210980826844931e-05 3.856198129210429e-05 0.0 2.4878096406355617e-05 0.0 1.9013122986577647e-05 0.000941055704948277 0.0009387058282398813 0.004724404875695759 0.018907897758514633 0.0031770674411623506 0.0040329337984052 1.1619261939492832e-05 1.6930013077601927e-05 0.0 0.005568310636783326 9.30875641128914e-05 4.711435941452882e-05 2.5151125342463863e-05 6.0112712682815875e-05 1.965082962311892e-05 1.465211155484782e-05 0.0013854947051841827 0.00018371559848158063 0.0 0.014166631304073814 0.007116386009012522 0.008760468571471535 0.002294968168179223 0.000481416159818701 0.0001656359277240883 0.0005865243950339976 2.6241253337558452e-05 0.00010083642333678997 0.002700899886543407 3.534232569789032e-05 0.00021770162939698198 0.00033238613755868607 0.00019460205634773243 1.705084119772916e-05 5.227322426810084e-05 0.0 1.856230501211686e-05 0.0 1.9599192275283077e-05 0.0 1.7856195328570087e-05 0.002600481943102746 0.0005503495995779788 5.692921814858708e-05 0.0 0.0045331792462408906 0.0002950274675358377 0.00037289662382719227 0.0024088956086527696 0.002206587668802852 0.000285942651925927 0.008782738794378256 0.0007488504173102676 0.010952902556586807 0.004791626590643502 0.0012286044359928231 0.0 0.0041977763565962025 0.0017990684649888185 0.0023982271713576028 0.002767954217130617 8.136251904756121e-06 4.5524349891741895e-05 3.239856669502744e-05 0.0 0.0 0.0 0.0 2.0275112526916138e-05 0.0 0.0 1.0150029139154905e-05 0.0 0.0 0.0 0.0 0.0 0.0 1.2445924318651995e-05 1.4060111979681678e-05 0.0008370971313235638 7.676243466757822e-05 0.0 0.0 0.0 0.0010471709698450533 0.0003058946406579162 0.0006908338108863037 3.675646744988368e-05 9.87930527718108e-06 0.0 0.0 0.0 0.0 8.807916763834184e-06 0.0 0.0 2.1837662281439564e-05 1.9792139718019844e-05 1.7982414059536642e-05 0.0 0.0 0.0 0.0 1.308650922517401e-05 3.1280580599663086e-05 7.46078250014838e-06 8.540042120979498e-06 0.00011977304423134831 5.617384323178875e-05 3.8143258374344554e-05 7.1557952698568e-05 0.0009343286041926924 0.0001980130347711149 1.931650560370178e-05 4.513015539857544e-05 0.0 0.0 0.0 0.0 0.0 0.0 0.00048153779912827157 0.0002661652633415584 1.2336267372153447e-05 8.914883712282018e-06 0.0 0.00015003354572596647 0.0 0.0003693410363601052 9.489983283910604e-05 4.3676639114366844e-05 0.00010089720667799824 4.662678930678323e-05 6.924883825969894e-05 8.77635970674328e-06 9.0818049350415e-06 0.0 8.744485324856363e-06 0.0 0.0 0.0 0.0 0.0015793437967192895 0.0002491853319449892 0.00024780455007951765
0.0012716469718948285 0.008888846862482737 0.06507427053364513 0.00018936338151461096 0.005597093442738151 2.0142047848677834e-05 0.0006287019694651788 0.0 0.0023509141828222113 0.00020719748589761061 0.10108186506129815 0.00019746643834061783 0.003406546711092261 0.0246104588816614 0.001994046757927881 0.0021241798098087378 0.0001057939539873475 0.00013333049418067964 0.0 0.00017341408083122457 0.0009380703417595711 3.858241913191515e-05 0.0013700407797929172 0.00047305206200636197 9.742920420663358e-06 0.00019787770580168248 0.0008550581136686201 7.412627624347666e-05 1.4152175277454762e-05 0.0001530439535507301 0.07125983835128358 0.12053213258347034 0.014419683942582959 7.500751122483477e-05 0.00014953398152307018 0.0007312084139843252 0.002760147158974852 0.001604294516368969 0.0005673184313107326 7.309500585266806e-05 0.0017820072671589262 0.0004331398452710954 0.0011092572852140175 0.0005259235971493132 0.0 0.00010191284044254696 0.00334094311349325 0.00021514858045990393 0.00015863523936197996 0.0014946991498756394 0.0006476711831917784 9.447125609255737e-05 0.00016249616535131577 0.00033502024733837396 0.0002282523609809737 0.00026574822313909016 0.0015092902283636036 0.007802279553281448 0.0009611837223481396 0.002272166160312061 0.002109647214615882 0.0034760512734719477 0.0003935192170618109 0.030713362848023944 2.3979804658541328e-05 0.00016773393066900086 7.049040113363488e-05 0.0007358504137295732 0.002388601630384592 0.00347815507038774 0.011376173956574932 0.0012708197201183814 1.0659146606156577e-05 0.005708393316579917 0.00798614766040641 0.01099597534840251 0.011350396336552493 0.012744480797144582 0.13068497113982927 0.25239576110008427 0.000395142392053815 0.07585082291535596 0.0006615165132128737 9.78865988492258e-06 9.915055099873402e-05 0.00012620430888978158 0.0007705544780311999 7.2245894978872574e-06 7.885204973487226e-06 1.8990074479915067e-05 9.895260624913042e-05 9.007628532094993e-05 0.006502760648996036 0.0006396910327398445 0.0008364754898134916 0.002060662254021043 0.0035857555455000674 0.0 0.0005702775263751719 0.0007335783642794217 0.00015630118978645515 0.00010507971062122114 0.000429101315721985 0.0 0.00011437897410480983 0.0006376323601921843 9.802050097441698e-06 0.0008288682172263495 0.00020208650300934138 0.00022484363064734328 0.00014061369993723335 0.0024032292732925815 0.00046722701564384024 0.0016285795372009383 0.0031080480231434654 0.0002474140606885469 0.0001760536063619204 7.956639924837753e-06 2.1423364033370723e-05 1.5147223154532475e-05 0.0 0.0 1.7183604752613504e-05 0.0 0.0 4.1156691958078655e-05 0.0 8.51462194666897e-05 1.7866763696820424e-05 4.003589854387633e-05 1.4793013820345422e-05 4.4873368128787106e-05 1.959157256948584e-05 2.6572405785026697e-05 0.0012125388212462672 0.00035963961174322485 0.0 0.00010372817459333154 2.3266909364127677e-05 0.0021086188940048667 0.0005171168982869847 0.0012752219273478806 0.000830721172242915 0.00018678243425299324 9.865450250876253e-06 1.4451242724289435e-05 3.746387883549861e-05 0.0 0.0001188967981768008 8.882902400877571e-05 9.097915872484186e-06 7.99195906850675e-05 0.00020240310991387114 0.0 1.9261058682302525e-05 1.76789627259514e-05 0.00012929829995408123 4.152194955840298e-05 0.0 0.0 0.0 0.0 0.00020026065188798468 0.0 0.0002386568365608759 0.00045210042418775283 0.0021434095723330336 0.0003456451569454564 0.0 1.5537667851869978e-05 0.0 0.0 0.0 0.0 8.841778336389101e-06 1.8942388607928185e-05 0.0010795249121819711 0.000166941755573262 2.5525824472810438e-05 0.0 1.821447904609751e-05 0.0002579334273980706 8.489055959379984e-05 0.0007975193307883328 4.0023737964941765e-05 0.00018163676295995402 0.00010267035339102545 7.601407665119878e-06 3.0012536189361225e-05 0.0 0.0 0.0 0.0 7.492244024598232e-06 2.4665734608009214e-05 8.013126531880277e-06 9.505505606203496e-06 0.0007938628854337918 0.0011141177636399917 0.0009790101282528135
0.0009380705685797597 0.18865792138318954 0.014230654258818231 0.000695230763261875 0.1531166644879909 7.907514917860486e-05 0.06957863038101898 0.0023509141828222113 0.0 0.012168572496457183 0.06692099163420048 0.010000595533945392 0.12612047955760367 0.0996412297922518 0.0008894603819771026 0.00046480712468295994 6.767827158471285e-05 0.0 0.0 0.0 0.0 2.149904096918627e-05 0.0 0.0 0.0 3.734708152241933e-05 4.083857049805235e-05 0.0 0.0 0.0 0.003919156012886552 0.002389333823831168 0.002342338969605223 0.0 4.35202823491648e-05 0.0 0.0007196367854018002 0.00012355677314266803 0.0 0.0 4.341925239122266e-05 8.127124906177812e-06 0.0 3.01520518348875e-05 1.5496481551497217e-05 4.066600614542573e-05 0.0016548213978132384 0.00016961717232613237 1.984860453691617e-05 0.0 7.566300257538367e-06 2.591129923813149e-05 0.0 3.652018170833357e-05 0.00016166808730132373 0.00016382540707760381 0.0007375754667412102 0.0021054355458422873 0.0006279267137029739 0.0017759568542681256 5.288654158898229e-05 1.3435439123934429e-05 0.0 0.002518525775843622 7.367884213572266e-05 6.644186244536006e-06 8.12158177831505e-06 0.0 3.157406748771716e-05 0.0 0.003789862371126395 4.608542314871625e-05 0.0 0.0035624923764343715 0.0019306836504872486 0.004508078037541383 0.001396301207257806 0.0006983081618148338 7.803321041754159e-05 0.0053482247355751454 9.755734085313658e-06 0.00028146222245819863 0.0005738039775040783 0.0 2.930853436929219e-05 4.617524003274854e-05 3.823998824609845e-05 7.049017822413909e-06 2.6369057016493836e-05 0.0 1.3584572839334252e-05 0.0 2.673624426443336e-05 0.0 6.331249245965699e-06 0.002674450968149686 0.000737893274228463 0.0 9.399281130737883e-06 0.00018613478831108946 0.00010232967561297262 0.0 0.0001749870626384169 5.4084981252214864e-05 0.00033578372576954937 0.0016078540815694148 0.00018047853024785585 0.0022610854527424333 0.00014277730754904015 0.0005320419337479027 8.987353209508002e-05 0.0034524342185422354 0.0011072667028579303 0.0017430787785207781 0.0026430021623905127 0.00010488258823446928 0.0001394762771394428 0.0 0.0 0.0 0.0 0.0 0.0 0.0 0.0 0.0 0.0 0.0 0.0 0.0 0.0 7.329036284090695e-06 0.0 0.0 0.000595187807225495 0.00018728350239664816 0.0 0.0 0.0 0.0012368897065268734 0.00030319490386451753 0.0006595667501106961 0.00020474827870667605 0.0 0.0 0.0 0.0 0.0 0.0 7.581107816901645e-05 0.0 0.0 0.00010142077527263812 0.0 0.0 0.0 3.055222689485207e-05 0.0 0.0 0.00012333779277590894 0.0 0.0 4.8109144157840826e-05 0.0 0.0 4.918174889668231e-05 0.0014775706512554722 9.5741798318287e-05 0.0 0.0 0.0 0.0 0.0 0.0 0.0 0.0 0.0012658861173217204 0.00015195178193925556 3.454502312507783e-05 0.0 0.0 0.00017933416541148205 1.0803772968644015e-05 0.00045106727331232555 3.429689748141167e-05 0.00019693263099327283 4.6433970916912455e-05 2.4634776445603743e-05 1.613090488200649e-05 0.0 8.807860896792633e-06 0.0 0.0 0.0 0.0 0.0 0.0 0.001855872728677589 0.00045610167868806955 0.0003424142284995981
0.09599239687576455 0.08680471884995397 0.0011092556276388946 0.14589918531362414 0.011836963848783692 0.06701443077966193 0.06434069127214102 0.00020719748589761061 0.012168572496457183 0.0 0.014336870981614482 0.16279587236739412 0.4893336256929955 0.013473887687869465 0.0010771676386772731 0.001186805809939169 0.0002314121840910266 4.412852414932127e-05 0.0 2.3836455416623768e-05 3.6449948457046825e-05 0.0008773182805078621 0.0 0.0 0.0 5.7259739857156214e-05 0.00023006044023774234 0.00016743542077524086 0.00031058742857196847 8.219380833510164e-05 0.0052563955268515395 0.0006097450682758667 0.004092202078520282 2.8755393114877346e-05 3.305711732477166e-05 5.1852252701918646e-05 0.005105361105757391 9.16160385291682e-05 0.00019486910639305387 0.00010633256031356177 0.00019438685706234566 1.0510532454243178e-05 3.5523865090742224e-05 0.00014961748543140707 2.1377065340025568e-05 0.00016366055293538174 0.0014164545687410687 0.00012932721673478834 3.290850205551743e-05 3.750756797933288e-05 5.2378764372307446e-05 0.0006821870979121966 0.00029769454669142687 0.0009281651476953347 0.0005533560441948149 0.0005883199259945634 0.0057592957038746125 0.018755217957514145 0.0014880399398662892 0.0016802346306438573 0.00030629886384371166 0.00011625307200325061 0.00012671036093221335 0.0022009196490513604 6.085040456362226e-05 2.6527778633564775e-05 2.7536010573778278e-05 5.161536527233103e-05 4.99456156037965e-05 1.4205175222434044e-05 0.019027060580459196 0.0010028801105984133 6.16322962130227e-05 0.00632659624655864 0.00279006865367463 0.0031136960397007292 0.0012516373579854903 0.0004319124960898711 0.0001663194671228482 0.0004041686059304901 0.00013970421243429212 0.0009601935499877783 0.0010126100877428897 4.101019907773298e-05 6.227315095735541e-05 0.00010773208054344024 8.312548678561769e-05 5.9081769672870765e-05 4.2181292941466814e-05 7.818972361045998e-05 2.4776394926574033e-05 0.00013406545695650627 2.62311201735618e-05 0.00011444299773442813 0.00020618557343669971 0.028487525362104894 0.008737885690342777 0.00014180004550331087 7.328266994928528e-05 0.04980039672328775 0.00015840439507027699 0.0005293822988756003 0.003622068989545127 0.0015424685933699846 0.0006060714404540259 0.009244695636233606 0.0026302586790351483 0.008721678620805686 0.005650478070846781 0.004223230086886571 8.313281374811715e-05 0.021545150354826455 0.008516997733952562 0.009671079109771368 0.003787746741012532 0.00010689699564909674 2.4772274173589176e-05 0.0 2.2236929501978918e-05 1.7726854747321613e-05 0.0 0.0 0.0 0.0 0.0 0.0 0.0 4.547660647670221e-05 7.88588152336042e-06 3.293213828345713e-05 0.0 7.26054027432804e-05 1.0798600797937153e-05 0.0 0.0010205497882220587 0.00043328972257681826 1.7905796881411778e-05 7.421003490552307e-06 1.9331345565949166e-05 0.0009734247397664702 0.0003172583857441456 0.0013253348211648324 0.00032595130299629765 5.138778696787719e-05 3.563644611819559e-05 0.0 8.629828836809346e-06 0.0 0.0 4.147987385472872e-05 0.0 0.0 2.4048246812475924e-05 0.0 0.0 5.951826445521852e-05 0.00011540427007419494 1.2131669975241893e-05 1.9194110971729442e-05 2.049545213879613e-05 0.0 7.457148796031773e-05 2.3231951680217523e-05 2.2479228213211223e-05 0.00017251167335845908 0.00012033755889808233 0.0013090257289124674 0.0004834599896107617 8.38579210191436e-06 1.0244412036493214e-05 0.0 0.0 0.0 0.0 0.0 0.0 0.0021200346244906014 0.0009577034620891883 8.27046548870394e-05 2.851088765550374e-05 0.0 0.0004933466391692252 0.000312210561105021 1.3034222143644922e-05 2.7377527508974763e-05 0.00022952122496077505 6.941258120646455e-05 7.484307552675394e-06 1.76519169324658e-05 0.0 3.3327179720973504e-05 6.877297620785136e-06 2.4784188378870498e-05 2.324439215303026e-05 0.0 0.0 0.0 0.006428988844103172 0.00040946196230654154 0.0005221141990084117
0.005530479231028274 0.08945358139516944 0.12966575254867996 0.0010313118028118249 0.06535532896923914 0.00010530767496693215 0.02590828558945965 0.10108186506129815 0.06692099163420048 0.014336870981614482 0.0 0.009009686875027107 0.14905588965949051 0.318710403404462 0.00528768177851459 0.00498679940200651 0.0002444219671973447 5.4554864971946004e-05 0.0 0.00011457269139537921 0.00013194631448174091 0.000211872097469694 0.00029440578133213183 0.0002435695981576859 0.0001399735334748526 0.00010916282151081944 0.0008286353728945589 6.119137731965446e-05 0.00023498747362898714 0.0002209463201298561 0.026246480825016513 0.009732589826452556 0.042379376733522066 0.0 7.961241637183326e-05 0.00038352342676831283 0.007482410922481755 0.0011283166744910564 0.0008695450392310194 6.58636117491198e-05 0.0004739256845446383 0.00016929391891966916 0.00010626704000590037 0.0005727705713162712 0.0 9.480217557446239e-05 0.006939948893287803 0.00024626635891378116 7.199027086088935e-05 0.00037349922752551526 0.00015095202893993838 0.0002179081698495987 4.1599086300014274e-05 0.00032228873405533204 0.00045558199788085123 0.0005033507944348548 0.0016240975730655788 0.006905115304602361 0.0013513176559149895 0.004357166183708365 0.0007603747868450034 0.0019020658232581469 0.00039707102233018483 0.01444325657371724 7.098573676015615e-05 6.677507359330949e-05 3.961449177344044e-05 0.00023976478223153256 0.0006618548747433838 0.0005852683536575732 0.01760213276590804 0.00041792074693292497 9.09885723213433e-06 0.00824702393896792 0.007197048092233277 0.022202135376654292 0.010577867341291675 0.007541352499400555 0.0032212261536262447 0.09077975985279665 0.0002732135710938742 0.007108674011979981 0.0013057650680270948 2.5524735624170585e-05 8.832194457144988e-05 0.00020889307910089652 0.0002772557493194683 8.873549364249146e-06 5.708639057259579e-05 3.194055192827396e-05 3.373352808902954e-05 1.651959926493218e-05 0.0015548871305475268 0.0002703777427459259 0.00043331823879083755 0.007557880235141423 0.003218129885421331 0.0 0.0003214412226549362 0.0007511964933838276 0.0004221703293155982 9.712706407251351e-05 0.002007885926931634 4.858168435539776e-05 0.0010656365131412027 0.003302776438448439 0.0002882241568728611 0.00648968595565015 0.0008360941793774477 0.001049227968057478 0.0003153413707843848 0.010854153222009692 0.003268679069547258 0.00623182538781299 0.00946034957039792 0.0003177903399817224 0.00028060428626784927 0.0 1.5946709569999216e-05 0.0 2.426899592977049e-05 0.0 0.0 0.0 0.0 1.8870746948523918e-05 0.0 3.0517485975063132e-05 0.0 6.824069179605902e-06 0.0 5.019359711049545e-05 8.921484961911773e-06 2.1199957320909544e-05 0.002384300001707338 0.0011010891438432734 1.35632964352297e-05 6.806948724722376e-06 9.597812484277748e-06 0.0040795538032184575 0.000661906086384363 0.002426375570742032 0.0006735747481966775 0.00013862196783743093 0.0 1.9813007175380243e-05 7.995217234370041e-06 1.333974223377882e-05 4.211619051927618e-05 0.00012459270731410537 0.0 5.189823183578613e-05 0.0002859282443745812 6.474112444621762e-06 3.5229318404909905e-05 4.241447303417705e-05 6.338638835418787e-05 3.5024009261888994e-05 2.259984683193264e-05 1.3608716340011249e-05 0.0 8.080295475937917e-06 0.00018983942792769563 0.0 0.00024295923285128006 0.00035029529763599927 0.004078625348296241 0.0008445448046224126 0.0 9.26710473846025e-06 0.0 0.0 0.0 9.118514609374722e-06 6.941189404185347e-06 0.0 0.0049696214297690255 0.0007602194803801825 7.543346892447546e-05 0.0 2.1994828001403288e-05 0.0007361051601763336 0.00012134289357352094 0.0011236146981246802 0.00018456113051269434 0.0004884189538096054 0.0004411121475210322 7.236487278258362e-05 5.559033768162013e-05 0.0 0.0 7.670155970442183e-06 7.031918597006173e-06 0.0 0.0 7.0000414217671765e-06 0.0 0.0046822024007654875 0.0014564676361010739 0.0012805636858113918
