0.0 0.20162969881025766 0.031024556496233063 0.09083003631852384 0.004999912186608303 0.0007439515523521081 0.029019788748637716 0.0035678174422614597 0.00100836677062956 0.10883672350186846 0.0052874388282562945 0.004134765853160286 0.013846112440216957 0.004672272454437754 0.00024358705869998047 4.1242975442585336e-05 1.0403651984070668e-05 2.4447423658650386e-05 0.0 0.0 0.0 2.562557551529443e-05 2.2694277561342474e-05 4.247494813799535e-05 9.703750799712735e-05 0.0 8.860783456435118e-05 0.0 0.0 3.559356113507724e-05 0.017755566611131833 0.0003378916879700853 0.0007952520160503337 0.0 5.607107900469874e-05 2.1901935950583298e-05 0.0007928236845252594 0.0 5.0471230563479826e-05 0.0 9.445480077332336e-05 0.00013279574088995933 7.152354848618078e-06 9.752293990469057e-06 0.0 0.0 0.0015908186516685218 7.914461864189773e-05 2.5122182971611404e-05 6.301600789058187e-05 2.6204644264354856e-05 1.2509226589475649e-05 0.0 3.186097864885509e-05 0.00035625825711005767 0.0009072951864239469 0.025181449298901884 0.012045673018925262 0.005846735225928313 0.002561823129281979 0.0 6.03688111758479e-05 0.0 0.00018667759847263723 0.0001320158224813759 7.740020481031137e-05 0.0 2.5753000996479018e-05 8.725379404379571e-05 0.00010296763040744042 0.0022328766766057015 0.0005000360908828311 1.1372829180530961e-05 0.009302207893619689 0.00021756952412274502 0.0009293040579777707 0.00011356428906838456 4.2957705334590195e-05 4.344412396210522e-05 0.00760268878234682 0.0 0.00028780960726723713 0.0018590128090570288 3.595568324036495e-05 0.0002885994367905527 8.502561776893195e-05 3.21883096124738e-05 4.897185881963669e-05 2.731673391648783e-05 3.175386669858524e-05 5.440925527990501e-05 3.9434815933996605e-05 5.325924415479534e-05 5.428998018786396e-05 3.1364329148960034e-05 0.003993198600757643 0.00171590672297422 0.0 0.00014853808646122618 0.09144395351174506 2.2794675973358386e-05 8.782759022254304e-05 0.00012140567155727898 6.200614187652323e-05 1.3848607662846194e-05 0.0015829946493115205 1.738171832936688e-05 1.1942139831930987e-05 0.00021891306410406287 4.437611732393948e-05 0.0 0.00017430246698738665 0.00022493603562673218 0.00019780094669799193 4.510650829204546e-05 0.0 0.0 0.0 0.0 0.0 0.0 0.0 2.422183120723258e-05 0.0 4.980625267813634e-05 0.0 0.0 0.0 0.0 0.0 0.0 0.0 0.0 0.0 1.8760071409960542e-05 1.3638474738908088e-05 0.0 2.160192916999915e-05 0.0 5.74912379961325e-05 0.0 0.0002598366970348235 6.134416600772318e-05 1.12480386121525e-05 0.0 0.0 0.0 0.0 7.795346170649991e-05 0.0 0.0 0.0 0.0 0.0 0.0 0.0 0.0 0.0 0.0 0.0 0.0 6.606517564974495e-06 0.0 0.0 0.0 0.0 1.6299480043566656e-05 0.0 0.0 0.0 0.0 0.0 0.0 0.0 0.0 0.0 0.0001153850062694902 0.0 0.0 7.206550201813618e-05 5.83139826580932e-05 0.0 0.0 9.174452671624149e-05 0.0 1.795618009806785e-05 0.0 0.0 0.0 0.0 0.0 0.0 0.0 0.0 0.0 0.0 0.0 0.0001619516748230074 6.980086445114244e-05 8.689968028938306e-05
0.20162969881025766 0.0 0.036180259011362695 0.04641452068179917 0.225680783989068 0.0038389884164088195 0.26053441161757634 0.015364482818691459 0.1907367152401229 0.03754071930209653 0.0971136483725873 0.017064032120987387 0.10906451928178443 0.15869455699499468 0.0012303686188185321 0.0001251517984559699 0.00012105480684248528 0.0 7.32004509112127e-06 0.0 9.702592947663508e-06 0.00016198427157635507 0.00010997185169321344 5.1831645651735525e-05 0.00018271939402946322 3.4653157323694885e-05 0.00019544637008770722 3.6416858168081923e-05 1.2750554410807536e-05 7.506015864627211e-05 0.11441250164406871 0.0012741421432486885 0.0027130842698135727 1.0033834423803598e-05 1.979495537217317e-05 0.0001154903609250474 0.0028178171326084687 6.826282467569419e-05 9.355525114776497e-05 0.00015283018513390177 0.00027774203909776293 7.961055974262286e-05 4.025990251194878e-05 9.578154387167749e-06 1.3811229640635758e-05 0.0 0.0228726736220037 0.0013932834764113652 8.924107753241068e-05 0.0001164416560524494 0.000432718189854627 6.88013994809159e-05 0.0 7.970504606903003e-05 0.002363817334581516 0.007413989572412166 0.019511136123519453 0.026285692733755424 0.018986618599389864 0.021432447415970314 0.0 0.000330388551433874 3.6082021820017016e-05 0.0034764667595304608 0.0015466637345884814 0.0005543616492553298 0.0002080580645936319 0.0002648508091624672 0.00011414723882443233 0.0001066834489471088 0.0010428557138743655 2.0898686037898784e-05 2.4894411913902075e-05 0.05027647150971142 0.0022839765479601075 0.009544589270427421 0.0009586753068299427 0.000254588895588285 0.000299659944404007 0.020661346164646894 0.00011695107081286231 0.0011499056270434904 0.016417595795930617 0.000362622125280246 0.002817971996177772 0.0009525335172079223 0.0002406493621621959 4.9216378728045166e-05 0.0002299952555403261 7.294575433826578e-05 0.00046640739314755966 0.000247613291239642 0.0002382039242891381 9.261158388708416e-05 0.000121939377263211 0.000744441471159369 0.00017009078804931457 0.0 0.0 0.09834453922083138 0.00011965213982950301 0.0008660309333742769 0.00044107638990518663 0.0003519341517947149 0.0002808410567997521 0.003533815969550766 0.00022631709909940503 0.0005655461020693039 0.0007264386983921965 0.0020627768481979955 2.2643972684352184e-05 0.0033195383373750683 0.0020897832909398534 0.0018297033221493283 0.0010643099836285903 0.0 0.0 0.0 0.0 0.0 0.0 0.0 0.0 0.0 0.0 0.0 0.0 0.0 0.0 0.0 0.0 2.367683448822116e-05 0.0 0.0 0.0008313812076128069 1.268244740417086e-05 0.0 0.0 0.0 0.0009955735937594134 0.00012924747124070095 0.0016590046254068797 0.00025639732270520555 4.17463563212898e-05 0.0 0.0 0.0 0.0 0.0 0.0 0.0 0.0 0.0 0.0 0.0 5.597862238456254e-05 0.00010488732563787742 6.953836263518257e-05 0.0 1.0365941853058627e-05 8.050619268008301e-06 0.00013950893880099668 0.0 0.0006082080137390989 3.672821977603996e-05 4.7978979072899835e-05 0.0007373869278422254 8.74066944658241e-05 0.0 0.0 1.1453732668657591e-05 0.0 8.289800047108323e-06 0.0 0.0 0.0 0.001251283805997879 2.4403080271883965e-05 2.583547102260992e-05 0.0 0.0 7.196628657218217e-05 0.0 4.570138102854097e-05 3.261138260313386e-05 4.5580006240357536e-05 1.8685712660986205e-05 0.0 0.0 2.753138873505936e-05 9.956950550056731e-06 0.0 0.0 0.0 1.8422176778984982e-05 3.80187588979678e-05 0.0 0.0007376060846563492 0.00048045090064468345 0.000769503814163273
0.031024556496233063 0.036180259011362695 0.0 1.1195271738508996e-05 0.010560614472080532 0.0 0.0015551916044970256 0.19389013925713122 0.028639970863999387 8.684066716280358e-06 0.2097706813871201 0.015903175250126172 0.02301795404087883 0.11545902537408678 0.0010250568984542417 0.00035857626058165314 9.773630265534177e-05 2.9269429371295917e-05 1.655456979490887e-05 0.00010555906921079078 0.0005468678845001357 6.178555438708664e-05 0.00040699224268814986 0.00013724797638842734 0.0011425402401806727 0.00020166678029293089 0.0008307501782459746 5.0206170686337345e-05 0.0001134167401268184 0.00037513190355459037 0.1922944450533813 0.02441158930216594 0.00716358319057083 6.823389415649319e-05 0.0007455446624913796 0.00028143743912170953 0.004218512488370176 0.0004913443911535154 0.0001281194801642531 0.00026989544167727313 0.0012140289673334753 0.000538129959891628 0.0001723735694612093 6.0588566334754846e-05 3.959075199515373e-05 9.244153800508528e-06 0.00837363069143534 0.00042842238583581775 2.92982473577625e-05 0.0005323944868616411 0.0003299387272164797 0.00015593299875715235 5.1371275607539815e-05 0.00022106952203216016 0.00047585945735050125 0.0013275220821920347 0.004842607255311997 0.014053440209220835 0.003829355455835284 0.0058791902394937316 0.0007186075364830541 0.0020423556838398403 0.00011746717681083493 0.00850215745158162 0.00023335235677609842 0.00026213217131575145 9.07679964662316e-05 0.00020895533200044212 0.0006109652276699415 0.0013984261846351014 0.0009287279404682883 4.324034913766231e-05 0.0 0.013027025841428513 0.0020238753571426896 0.004841773623794155 0.0011291639077019146 0.0011783498394635442 0.018374407219213802 0.12414487935035115 0.0006676931410325923 0.018705221051063977 0.003933892982388469 0.0001254004155165568 0.0007124728124071703 0.00020917776049796693 0.0006868447481343893 7.216414313543946e-05 0.00012275788342089991 5.5730939208436294e-05 0.00027657924315614186 0.00020241912131982725 0.0019123722848832646 0.0008565849829924556 0.0005169690883645412 0.0004465107768009842 0.00029894147367164785 0.0 3.683753846578495e-05 0.01873008602331668 1.7100174465156286e-05 1.8083176033571007e-05 7.389525683293178e-05 0.0 5.8840218660689956e-05 0.00034368154793338636 1.1979019004763815e-05 0.00014916278105852037 6.470217711182387e-05 0.00023708259117075217 3.538795765369986e-05 0.0008145529362501617 0.0005746115298714079 0.0005002434646962501 0.0003249993251595179 0.0 0.0 0.0 0.0 0.0 0.0 0.0 0.00011677784519494063 0.0 0.0 4.4365871355704834e-05 0.0 7.552646479220892e-05 0.0 0.0 1.846809974108466e-05 5.0095137930917956e-05 0.00013955581554663812 0.0 3.897072476163745e-05 2.6882693787447486e-05 0.0 4.873224437780399e-05 2.686209617999585e-05 0.0004958642835276824 6.182754419288302e-05 0.0006237562972960193 0.0005640392153345616 0.00011058278367432215 8.150211835857673e-05 0.0 0.0 0.0 0.0 0.0 4.712305921188952e-05 1.7538041393342395e-05 0.0 0.0 0.0 7.729618682406308e-05 0.0001731868847034351 0.00018054024154247282 0.0 0.0 0.0 7.957413344542859e-06 0.0 7.277588686182148e-06 1.2791423006310875e-05 0.00011081656356834483 0.0007010836550013438 5.50163810471242e-05 0.0 0.0 9.983019718632335e-06 0.0 0.0 0.0 7.37401318308728e-05 1.263777602565409e-05 0.00041598955730804034 3.5425660236784604e-05 0.0 0.0 6.0381244670651805e-05 2.766378143858862e-05 0.0 0.00013476111549029653 1.5663267995373796e-05 7.549217318609273e-06 0.0 0.0 0.0 0.0 0.0 0.0 0.0 1.260207158478066e-05 0.0001365461261920031 7.412881028913518e-05 0.0 0.0003441270547363599 0.00043503933943956003 0.00043144028664919
0.09083003631852384 0.04641452068179917 1.1195271738508996e-05 0.0 0.00045210152312804343 0.006814949597802239 0.0766343322724125 7.875350220311448e-06 0.00048688662645520587 0.06128455960856779 0.0 0.022586086166892262 0.11848834480991455 0.003580219464267012 2.8242573659039442e-05 7.489526937097585e-06 8.649156866300031e-06 0.0 0.0 0.0 0.0 0.0 0.0 0.0 0.0 0.0 0.0 0.0 1.6009059130665217e-05 0.0 0.0021794868306646746 0.0 2.0845838195580504e-05 0.0 0.0 0.0 1.2270912449665759e-05 0.0 0.0 0.0 0.0 0.0 0.0 0.0 0.0 0.0 0.0018507523471171967 0.00013940494757558157 2.882811578503034e-05 0.0 5.8359067800261555e-05 0.0 0.0 0.0 0.00025245120043512797 0.0009845057811246735 0.007393237460947035 0.00492524249322054 0.004028213250277783 0.0029483963580850805 0.0 1.7109494783032747e-05 0.0 0.00013266328848918682 0.00015140053428078915 6.502977705612487e-05 3.572898055745749e-05 1.907323697254548e-05 0.0 7.312775750947286e-06 0.00011985283990283026 5.855209369004094e-05 0.0 0.008685313513791178 0.00011097929001937936 0.0006754726847253927 3.4116728874529834e-05 0.0 0.0 1.5494843545395977e-05 0.0 0.0 0.002323419173940343 6.422755726704357e-05 0.0002960477650818709 0.00013013976113253833 1.77567158262937e-05 1.6465644232402968e-05 2.7056383259811084e-05 0.0 3.1585144448566325e-05 0.0 1.842350864506745e-05 1.2054048146918252e-05 2.9172031603473024e-05 1.3854846367854863e-05 5.560749628817014e-05 0.0 2.655274094835164e-05 0.07224508534306084 4.2324786927405e-05 0.0006552676147813989 0.0017481594260130948 0.00019861395933695015 0.00012604109799624233 0.005037293489422422 0.00030229371884545953 0.00020467697878957168 0.002588928926763358 0.0016738766681985604 0.0 0.0008552383318927359 0.0017674865855529503 0.00040565484191643514 0.0 0.0 0.0 0.0 0.0 0.0 0.0 0.0 0.0 0.0 0.0 0.0 0.0 1.8937816863990022e-05 0.0 0.0 0.0 0.0 0.0 0.0 6.862546690179105e-05 0.0 0.0 0.0 0.0 1.3374279442530114e-05 0.0 6.513547342693664e-05 0.0 0.0 0.0 0.0 0.0 0.0 0.0 5.921333192049031e-06 0.0 4.231744691118439e-05 0.0 0.0 0.0 0.0 0.0 0.0 0.0 4.191335833005744e-05 0.0 6.516452265444896e-05 7.645525851903928e-05 8.849060427443572e-05 0.0 0.0 0.00012963875304770976 0.0 4.33443328151501e-05 1.6686423850898334e-05 1.7094833963497417e-05 0.0 0.0 0.0 0.0 0.0 3.8081919953691306e-05 2.536593779466081e-05 0.0 0.0 0.0 7.256540536087672e-05 0.0 0.0 0.000113457566865634 9.23586610770549e-05 1.2752068113320639e-05 3.8232616380945405e-05 0.0 0.0 0.0 0.0 0.0 1.2253434194718461e-05 0.0 0.0 0.0 1.532372654389441e-05 8.520795853834233e-05 0.00020425312973474923
0.004999912186608303 0.225680783989068 0.010560614472080532 0.00045210152312804343 0.0 0.0007153673567583527 0.09590681276661912 0.005696345815420742 0.12344394687209975 0.003913731951169449 0.09850096094582332 0.0016125416550819632 0.04340612744557668 0.14216420374637154 0.0003714239808330627 9.818267678378058e-05 1.9560977173514833e-05 0.0 0.0 0.0 0.0 0.0 2.047319084874769e-05 0.0 0.0 0.0 0.0 8.818952980522492e-06 1.3227461277562534e-05 0.0 0.0057914695841882555 0.00029959837047154405 0.00014634334270111575 0.0 0.0 0.0 0.0008555259689928107 1.6534434669548728e-05 1.1101844180450743e-05 0.0 1.518336528765225e-05 0.0 0.0 9.544109804127137e-06 0.0 1.8381319162284985e-05 0.004620001686843372 0.00023581086903160626 5.589148499465371e-05 3.252483738243119e-05 3.886109317599674e-05 0.0 0.0 0.0 0.0003652086915534306 0.0009881884745560835 0.001151352946222084 0.0014254826797414724 0.0018129744274838111 0.0030833654965105447 0.0 6.164438893349845e-05 0.0 0.0007687434819398818 0.00021101456507686937 0.00012034322874010997 3.981286347973156e-05 4.5177132875527365e-05 1.1430552983890992e-05 3.724654555081667e-05 0.00045528567801920446 0.0 0.0 0.005457526383048021 0.0003981090890964608 0.0022681827317001684 0.00021879686170461188 9.241903694760132e-05 1.990216475932284e-05 0.00044368336920469145 0.0 0.00010417063758871372 0.0022184926889694105 9.590908874734859e-05 0.0005118000117998377 0.0001370416242898959 3.6306789488832485e-05 0.0 2.9936099364707095e-05 2.5301412622619965e-05 0.0001149351003972459 1.711154919161127e-05 0.0 3.623877511584915e-05 1.0123688381368541e-05 0.0011164205869501698 0.00018138027781972372 0.0 9.593124671722753e-05 0.002136489826703461 2.4064341645400195e-05 0.0006226248966149533 0.0003388075678794648 9.906591739694944e-05 0.00032663627571912694 0.0011665107981430809 0.0001719035119953998 0.0010598208415102807 0.0008307711278613089 0.0012080440901999355 1.7474607239885338e-05 0.0027518520205172363 0.002378237547465665 0.0021788786241714996 0.0010674529968265145 0.0 0.0 0.0 0.0 0.0 0.0 0.0 0.0 0.0 0.0 0.0 0.0 0.0 0.0 0.0 0.0 5.755653580145973e-05 0.0 0.0 0.0005628008962046349 6.633232149952561e-05 0.0 0.00014193158193358068 0.0 0.0008528158568730784 0.0002702265321948671 0.000994577676315022 0.00036844401590234644 1.1156071234940982e-05 0.0 0.0 0.0 0.0 0.0 0.0 0.0 1.0283333905710528e-05 0.0 0.0 0.0 0.0 5.641219316975928e-05 0.0 0.0 0.0 0.0 2.5872123757623455e-05 0.0 0.0003374774789907871 8.096072062854139e-05 0.0 0.0008318305618001824 2.7661679683920604e-05 1.2609283286237014e-05 0.0 0.0 0.0 0.0 1.1257273844302932e-05 0.0 0.0 0.0017641261131383717 0.0 0.0 0.0 0.0 9.373134978129059e-05 6.90014277887126e-05 0.00012981686217460056 0.00010170249074708328 0.0 4.591140416444549e-05 6.17990967410298e-05 0.0 0.0 0.0 0.0 0.0 0.0 0.0 0.0 0.0 0.00103610996518372 0.0005990692784084421 0.00039952534992652685
0.0007439515523521081 0.0038389884164088195 0.0 0.006814949597802239 0.0007153673567583527 0.0 0.006652565045230997 0.0 0.00022573270151366438 0.026917330734568024 3.835180638726041e-05 0.008979202130451953 0.012065576967740127 0.0022901190175817613 3.979860338651883e-05 0.0 0.0 0.0 0.0 0.0 0.0 0.00014288407615216194 0.0 0.0 0.0 0.0 0.0 1.0355273887069864e-05 0.0 6.798921505543601e-05 0.00018284434447666558 1.599597376941187e-05 0.00036114174343533764 0.0 0.0 0.0 0.003824786658381555 0.00011040193327746775 0.0004969286860612509 5.830223053527275e-05 3.302605200599791e-05 0.0 0.0 0.0 0.0 0.0 4.401067893386218e-05 1.3250730851281626e-05 0.0 0.0 1.3059921993605516e-05 0.0003587297518005373 2.6190897430199156e-05 5.963695590984393e-05 2.2421698576249586e-05 0.0006458202501924701 0.01589212361475818 0.000396722214405935 0.0004527868008207974 7.368359373827552e-06 0.0 9.443438568847752e-05 0.0 2.2206085857084992e-05 0.0 9.705442770545377e-05 3.900266553148441e-05 0.0 0.0 0.0 0.022002338256643526 0.022222026789309936 0.00207529968507276 8.7041809132966e-05 0.0 2.2916495403077843e-05 0.0 1.1066024462142053e-05 0.0 2.4172467076455107e-05 0.0 4.457983176496393e-05 3.879854350238527e-05 0.001032082900999704 3.2094022963052725e-05 0.000770913599557883 0.0 0.0014302763011303837 0.0007535914083003279 0.0024997188828771665 6.565365990814574e-05 0.0004691097658970991 0.0 0.0 6.137730483948668e-05 0.03046257182053649 0.03204636137775406 0.0010245903061732427 0.0017025866650967792 0.02008707122979061 1.2036707127012931e-05 3.585902516941837e-05 9.252315717395587e-05 6.043621691142003e-05 5.16842504134164e-05 8.743371879029192e-05 0.0001603596804046273 0.00011308466632014864 7.020095263079551e-05 0.0003511641602828935 0.0 0.00016558996105335558 0.000217881451139076 0.00014836599234622564 0.0002127708655216173 2.7573785442755227e-05 0.0 0.0 0.0 0.0 0.0 0.0 3.7627999956468916e-05 0.0 0.0 3.401221203890394e-05 0.0 1.0389763111646507e-05 1.0010360369871938e-05 0.0 0.0 4.085124281846357e-05 8.731157274117254e-05 3.84599565206229e-05 3.99665831949606e-05 3.257836385203209e-05 8.844717487304892e-06 0.0 1.1192514686515506e-05 0.0005238161069097195 5.478776942478271e-05 0.000608549643221742 0.000432313074755386 0.00011262582919137199 0.0 0.0 0.0 0.0 0.0 0.0 0.0 0.0 0.0 0.0 0.0 0.0 8.542908810619476e-05 0.0 8.098606245139447e-06 0.0 0.0 2.933129698674871e-05 0.0 9.135558888374976e-05 6.430751726425654e-05 2.497119491989309e-05 0.00018928803678137528 3.693051246202943e-05 8.326237323105952e-06 1.797422993696502e-05 0.0 0.0 0.0 1.6383218121485502e-05 0.0 0.0 0.00041038878321646323 0.000666174601670435 1.348578154179309e-05 9.990805062564186e-06 1.550792204489722e-05 0.0 0.0 2.4231804763908893e-05 1.0525946933210609e-05 0.0 1.1277156457185826e-05 0.0 0.0 0.0 2.961185001395617e-05 0.0 0.0 1.795757715079526e-05 2.2976032767517718e-05 1.0619171383406723e-05 0.0 0.00013541214960919898 0.0015268492046960954 0.0006853597009842287
0.029019788748637716 0.26053441161757634 0.0015551916044970256 0.0766343322724125 0.09590681276661912 0.006652565045230997 0.0 1.6283393351945088e-05 0.15397275552324885 0.11398883793477693 0.07395064232958193 0.021562696678315205 0.13258687640069491 0.11440045004282268 0.0003875245187841899 2.593179972945574e-05 1.8417193088435266e-05 0.0 0.0 1.3181546549565367e-05 1.2815435021607123e-05 0.0 3.190251420666249e-05 0.0 0.0 1.5151775153337554e-05 1.997719321530206e-05 0.0 0.0 0.0 0.0033555590851211893 0.0001059803602044306 0.0002363146142693471 0.0 0.0 1.5887345371928077e-05 0.00046289334305602025 1.0360359817725856e-05 0.0 2.2486274525255967e-05 1.7595949091658688e-05 8.400799866117633e-06 0.0 1.840423329724534e-05 0.0 8.366285253058224e-06 0.006329515678373375 0.00038011155253231535 2.4161777152859625e-05 2.1563827919117446e-05 9.437856464897465e-05 0.0 0.0 0.0 0.0005220246941933043 0.00174385706764868 0.003093119123053272 0.003591519503981274 0.004143868571840349 0.005085805364514507 0.0 0.00031239110544485627 2.1356139837452304e-05 0.001012120896272674 0.0003156784672631675 0.00015178154198637966 9.654989748327274e-05 7.266746431690066e-05 2.50831560703715e-05 0.0 0.0005783787662642571 2.0458554045344708e-05 8.261845955231041e-06 0.011018506173557176 0.000633426865074285 0.0026317596512583 0.00043477661598900736 4.194315891942464e-05 2.6090551853674404e-05 0.0007540306866909207 1.865837338209702e-05 0.00013628104298490346 0.004341594053674927 9.211832272037577e-05 0.0007969151551730049 0.00023363308889503566 0.00012576324300996033 1.7046961577626327e-05 5.205916831401886e-05 4.837115428003201e-05 0.0001356480044970565 5.487646854946934e-05 2.0743566525241484e-05 1.699127640081499e-05 4.160695776886718e-05 0.005086054015883855 9.262555441435828e-05 0.0 2.280633065929902e-05 0.009454442104019708 0.0005691233475253271 0.0020114085272609095 0.007153510784866126 0.0023999797198697697 0.0009449383611451834 0.006960456212962966 0.000780002420445244 0.0022090499704728282 0.003744587360994989 0.0072415840319894 3.325289329629778e-05 0.011107272239438757 0.007338061788441977 0.004979856619146699 0.0019630419916262156 1.097355205997603e-05 0.0 0.0 0.0 0.0 0.0 0.0 0.0 0.0 0.0 0.0 0.0 0.0 0.0 0.0 0.0 2.5587193618751868e-05 9.300652781118838e-06 0.0 0.0005061135419724678 5.988503363671589e-05 0.0 0.00034358025955212324 0.0 0.0022766713125885424 0.00015993328975682722 0.0014887905639225753 0.00031385549185944595 0.0002480903916078061 0.0 0.0 0.0 0.0 0.0 0.0 0.0 0.00010156795031514694 8.470314767050037e-05 1.534592842898685e-05 0.0 0.0 8.785752736077702e-05 0.0 4.29166741155621e-05 6.671730696280815e-05 0.0 0.00023075994840717637 0.00029787237221024166 0.0005926827740042535 0.00010523316960865995 7.650777288020553e-05 0.0016188924962157907 7.745192801146058e-05 6.072472819871224e-05 3.373867515321799e-05 0.0 0.0 7.242819502119855e-06 9.98460409719206e-06 0.0 0.0 0.002059848908385521 1.4339745803455112e-05 0.0 0.0 1.2014056483333187e-05 0.000349221700503692 0.0 0.000739979844666978 0.0003843836704690531 0.00023274532021165647 0.00010036688432354256 0.0 3.219568119275407e-05 8.11789668881617e-06 0.0 0.0 0.0 0.0 0.0 0.0 0.0 0.0022441776282468165 0.0007840224451577812 0.0009330082087941695
0.0035678174422614597 0.015364482818691459 0.19389013925713122 7.875350220311448e-06 0.005696345815420742 0.0 1.6283393351945088e-05 0.0 0.005155370153129374 0.0 0.1478670758119536 0.0022276444300649966 0.008258289205828538 0.08176319052299731 0.0019971765226303928 0.0007514449458865136 0.00025712652453167275 0.00016837688980166416 0.0 0.0005537780297922771 0.001768528305192604 0.00010217451067399319 0.0009486600005091572 0.0005688657161810074 0.004021388706029256 0.0007353365004522671 0.002465847922063753 0.0003989774541172536 0.0004524438929937382 0.0007398183320598897 0.09408889887086244 0.09047894704740336 0.005650978967450823 0.00016588570462736045 0.0019050382095676256 0.0015395354500800527 0.005842923537046838 0.0022158655772892464 0.0008383370164928186 0.0017745869379271085 0.002955161506321262 0.0017123907488473928 0.0005037995093968121 0.00016248720918587392 0.00012795383129299943 0.00027863207696256134 0.008025572670666939 0.00041490744939552996 0.00019315325556332622 0.0008925021889579238 0.00058784622961126 0.0006596027881028779 7.453503424751543e-05 0.0010616922945064083 0.0001946416189982764 0.0004286028904003663 0.0016339537442736827 0.004574715647669402 0.0012344493528827678 0.002898714800596969 0.005367392173686789 0.005057843293105709 0.00070399050110169 0.006953379626953379 0.00014826856301434306 0.00044964290245685245 0.00018269411876560546 0.00036733495639994056 0.0012282143593958068 0.0047415445460965485 0.0007899645763204432 5.692899563556995e-05 4.635750107809949e-05 0.0054662586576898495 0.0014349413559287371 0.004870224177845499 0.002032005579596802 0.004250652423316525 0.07793444984309666 0.10604911885450981 0.006118597517482624 0.09317325632080999 0.002160391141353085 3.104415979600734e-05 0.000515016261850268 0.00021923399648384907 0.0010728342030850162 0.00012005754998408427 0.0001722065688247921 0.00023153704594947177 0.0008208121352538274 0.0005218500914217363 0.004121840563546094 0.0018510604473343816 0.0006967231110376529 0.0002466289687839481 0.00017110194818981917 0.0 5.0197036321942775e-05 0.004027564953311793 5.675147318848369e-05 0.0 0.0 6.257049834290758e-05 8.079101028622016e-05 0.00013450786949174338 1.4704557715565748e-05 2.2752404835725942e-05 6.498953150771213e-05 4.8743116824005314e-05 0.0 0.00040590897308100907 0.00022575967094411533 0.0005233388096092702 0.0004922620990336541 1.2989822334159216e-05 0.0 0.0 1.2955877246524048e-05 0.0 0.0 0.0 3.460807012300089e-05 0.0 5.343984684239897e-05 0.0001595346919497302 0.0 1.056531280500422e-05 4.778503851156561e-05 2.406648113970475e-05 5.955994646603365e-05 8.403651473055055e-05 9.7728409581902e-05 4.789926884346327e-05 0.0001273941840470808 2.253089375445679e-05 2.1615188819755816e-05 0.00015872872289930185 7.974221549397665e-05 0.0006880983470138907 0.00016096107455031792 0.0004566472486265137 0.0005254850558778933 0.00019050759245018643 0.0001717930913082677 1.223927702778722e-05 0.0 0.0 0.0 0.0 6.576987328640008e-05 1.8991949226301295e-05 7.343184977725692e-06 0.0 0.0 0.0001622184741543071 0.00018305067873464152 0.0001818789419300351 0.0 0.0 0.0 0.0 0.0 1.635947508687155e-05 2.8182396093128703e-05 0.00024146155962500478 0.00034522075763756757 0.0 0.0 0.0 0.0 0.0 4.522450709819604e-05 1.7379389450704386e-05 0.0 4.935057195532527e-05 0.00047896805131372017 0.00015612102929140343 0.00015714847785904126 2.8144167899833167e-05 0.00016978176218177118 1.939685984532974e-05 1.2281979083451488e-05 0.00020416381648324976 0.0 4.39018165506318e-05 0.0 0.0 0.0 1.4933106209787927e-05 0.0 0.0 2.5692183915272623e-05 2.8078430942371585e-05 9.520217595022553e-05 7.335771403522581e-05 0.00020973785444394717 0.00020893195881426633 0.00041431973689735007 0.0005327872096365908
0.00100836677062956 0.1907367152401229 0.028639970863999387 0.00048688662645520587 0.12344394687209975 0.00022573270151366438 0.15397275552324885 0.005155370153129374 0.0 0.0018626026753336884 0.05279167666374709 0.001864225190139231 0.0734730932289051 0.07327942177588176 0.000165734615021711 5.137804952921223e-05 1.711275548763033e-05 0.0 0.0 0.0 0.0 0.0 0.0 0.0 3.0579702892261295e-05 7.673555148584217e-05 0.0 8.51913352577066e-06 0.0 0.0 0.0018426357445548264 1.746896001790762e-05 0.0030837953839072153 0.0 9.365995874009921e-06 0.0 0.00044904898624859957 6.357390538971515e-05 0.0 3.592711845255084e-05 1.1389807899925437e-05 0.0 9.520674176007232e-06 0.0 0.0 0.0 0.002086625688970791 9.7235581391751e-05 1.0602502815207134e-05 0.0 2.0045319434844612e-05 0.0 3.369918096666013e-05 0.0 0.00016297408274755317 0.00036788022347198474 0.00023876777641674318 0.00032593596804457464 0.0005938004065797321 0.0009302116914334775 0.0 8.636470310078703e-05 1.4783106936547119e-05 0.0004224230063892162 8.043698642076003e-05 3.859595713340596e-05 2.5653909748238016e-05 2.0985563367403055e-05 0.0 9.207297271457633e-06 0.0001798970195283353 0.0 0.0 0.0018782717497436892 0.00017332141415656808 0.0011902554191941148 0.0001401700144079213 0.0 0.0 0.0017089805479429995 0.0 0.0 0.0010301965621185723 7.836280776208533e-06 0.00013014824706135948 1.4042907093815214e-05 6.212988191065529e-05 0.0 7.928078668143202e-06 0.0 4.3392463889075326e-05 1.0177026152786712e-05 2.8086625246728553e-05 2.0543687117465335e-05 1.006590762546608e-05 0.0007036987140139455 3.542159396249056e-05 0.0 6.661506960122963e-05 0.00037938212769890494 1.256366773063138e-05 0.00040874214180436445 0.0006283821289470223 0.00014644475528009196 3.929024156196549e-05 0.0005831856720052329 0.00039221449134911623 0.0003677898466489099 0.00027502958025881266 0.001140421385340254 3.150320140499664e-05 0.002243767289981878 0.0012849483083556045 0.0016137704748022828 0.0006673077287683292 0.0 0.0 0.0 0.0 0.0 0.0 0.0 0.0 0.0 0.0 0.0 0.0 0.0 0.0 0.0 0.0 5.519686159554046e-05 0.0 0.0 8.835692499238784e-05 9.30304108255452e-05 0.0 5.65758212550197e-05 0.0 0.0006376519882432452 3.0183093620922574e-05 0.0004393666594857613 0.00023673342748430396 0.0 0.0 0.0 0.0 0.0 0.0 0.0 0.0 0.0 0.0 0.0 0.0 4.346208253969947e-05 0.0 0.0 0.0 0.0 0.0 0.0 2.0632040409846163e-05 0.00016713072974761366 3.95233462595816e-05 0.00011858150613885314 0.0006900585039379315 0.0 0.0 0.0 0.0 0.0 0.0 0.0 0.0 0.0 0.0010513932334648866 0.0 0.0 0.0 0.0 1.3654455759547318e-05 0.0 0.00017870132354392377 9.433224988083006e-05 8.886667769409171e-05 2.0579590549149635e-05 0.0 0.0 0.0 0.0 0.0 0.0 0.0 0.0 0.0 0.0 0.00033083267216292344 0.00013087249744751184 0.0001965657476067448
0.10883672350186846 0.03754071930209653 8.684066716280358e-06 0.06128455960856779 0.003913731951169449 0.026917330734568024 0.11398883793477693 0.0 0.0018626026753336884 0.0 0.0005555781898702685 0.07431094989050073 0.22911421338381138 0.007453609274139426 8.923344177467459e-05 0.0 0.0 0.0 0.0 0.0 0.0 0.0 8.860354047988745e-06 1.0869950582080165e-05 1.1009017711876397e-05 0.0 0.0 0.0 0.0 0.0 0.0008834056156630411 0.0 0.0013498422316404414 0.0 0.0 0.0 0.005742400201344556 9.604725149821805e-05 0.00018136417328754666 1.8725733830105288e-05 0.0 0.0 0.0 0.0 0.0 0.0 0.0017300625374541284 0.00017031562021859977 1.1455957934863388e-05 0.0 1.9468151391115692e-05 3.173009621696289e-05 2.98182103465901e-05 0.0 0.00036329178974227333 0.0009250970429726011 0.009940184009074494 0.0035354346301101547 0.0034991037208765177 0.0020350471809019253 0.0 1.97437804250167e-05 0.0 7.463163193504354e-05 0.0001255304704211458 2.636551804232262e-05 1.6233153661599743e-05 1.68237940694004e-05 9.70300533896467e-06 0.0 0.01842340288076529 0.0005292969135584688 9.815404131991984e-05 0.006505624003437696 0.0001435631590551207 0.000647571794756838 7.414106949543577e-05 0.0 0.0 4.8082160611567216e-05 7.519691199326046e-06 3.600990137457747e-05 0.002067794476287415 7.773802396201383e-05 0.00019423480355686528 0.00014622525537836303 1.7849118924763525e-05 8.437780592881526e-06 5.0657451653702346e-05 4.366136085799172e-05 3.533076769465315e-05 3.905316802693516e-05 1.0751564086935977e-05 0.0 1.7440533837485917e-05 0.012225653056047543 0.005564790353377109 2.8300662507611156e-05 9.350308948065662e-05 0.07003242811108361 0.0002920678905393922 0.0040910441576022605 0.004742247383012924 0.002820445497244566 0.0010121744755777658 0.006824612899671207 0.0013850560140097285 0.0015960808847520758 0.003226774903600202 0.010590546928541052 7.767660373279792e-05 0.010569692750571968 0.006619237651147456 0.00558710069532324 0.0017197453998128761 4.622287007103544e-05 0.0 0.0 0.0 0.0 0.0 0.0 0.0 0.0 1.945744088226391e-05 0.0 0.0 1.0380546406226745e-05 0.0 0.0 0.0 0.0 2.622087093571925e-05 2.9061051683544805e-05 0.0005085313290430912 6.51947260286644e-05 0.0 1.0104172186047752e-05 0.0 0.0011087729295635937 0.00011976239720693517 0.0009661516166601466 0.00022829872027018767 5.5294869373124986e-05 0.0 0.0 0.0 0.0 0.0 0.0 0.0 9.996116676246718e-05 2.444509340763747e-05 0.0 0.0 0.0 3.295211662712809e-05 0.0 1.828234456382968e-05 2.8361293635335663e-05 0.0 0.00040878479788628957 4.537276897580532e-05 0.0019287593133356907 0.0 5.7599539774216374e-05 0.0013686492504720897 1.5033120363686286e-05 6.017767569877187e-05 9.089092612744073e-06 0.0 0.0 0.0 0.0 0.0 0.0 0.0023094905603065455 3.0071348615635275e-05 0.0 0.0 8.071048762533505e-06 9.457592991078166e-05 0.0 0.00034792468320160716 0.00019880310765061826 9.041749199342319e-05 4.6057010543992345e-05 0.0 0.0 0.0 0.0 9.453912758957229e-06 0.0 0.0 0.0 0.0 0.0 0.001533796893378672 0.0006355180004947474 0.00014473983632123865
0.0052874388282562945 0.0971136483725873 0.2097706813871201 0.0 0.09850096094582332 3.835180638726041e-05 0.07395064232958193 0.1478670758119536 0.05279167666374709 0.0005555781898702685 0.0 0.008649816557891557 0.04730998858314253 0.13265232839508126 0.0018500392065938678 0.0006330405525481464 0.0002075242113600297 0.00013074184351196451 1.865848591483145e-05 6.465386763234406e-05 0.00010820279113426169 7.778271867048774e-05 0.0003809889826138065 9.573893788054251e-05 0.001612849458871457 0.000356204957078276 0.0007195638396602257 0.00026879164925577864 0.00029591858161979854 0.00028154244176938406 0.02613029439929097 0.0022948719645627534 0.03133305102606122 3.6489727916850706e-05 0.00047845709506069814 0.0013761387492760033 0.030442462454879898 0.003212248665667317 0.00094918599360573 0.001794478750361039 0.0008960729898563755 0.0008320173681978589 1.9708316831641958e-05 0.00012230336507889445 3.2009186318622793e-05 3.5306663045703564e-05 0.0050806054560390956 0.00019816831872981072 3.972512774503967e-05 0.00024647967421264787 0.00017772739458413474 0.0006235218037797783 0.00011115530768423024 0.0006754464680291469 0.00018531014391290283 0.0004927304451784901 0.0005160420951614616 0.0009664680724328628 0.0008318617587561018 0.002428251333836044 0.000196282990584763 0.0022371952534073775 0.00016882527442346805 0.0014491802950459265 0.00010923793447070364 0.00012399374398504938 0.00012944844509793694 0.00013903757417141224 0.00025271290834637 0.00024919542737878103 0.0031240048113707216 0.0001714330215530328 3.953002480289983e-05 0.0036642900846501967 0.000285505830266269 0.004149292522011203 0.0010571064579498665 0.0003864767525685861 0.005067332432727594 0.031130185371420305 0.00010026925531467396 0.004780644415894446 0.0013514438325117606 3.2451155888389055e-05 0.0003637728067985357 0.00011417313404759223 0.00035039340505806354 3.18033474791484e-05 0.00012882456087356565 0.0001567185046904702 0.00018871693452650207 0.00021874868122607157 0.0004787220307401276 0.00045639505659308304 0.0005171589653962821 0.0008533816145092414 0.0002375675256012881 2.6029668213472653e-05 6.33307283261925e-05 0.0017966049349250495 0.00010608413322612903 0.00013503884147563906 0.0003167095532455932 0.0001207197920888658 0.00035367115973726054 0.0008645314175336397 7.498573814152889e-05 0.0001868004252075648 0.00035238025762864667 0.0004417542788632801 8.87397894880965e-05 0.0018106780083396192 0.0017160859615455066 0.0014139230421047386 0.00083705587179569 3.0532151636388455e-05 4.309117121614778e-05 0.0 2.4310216063673063e-05 0.0 0.0 2.3755706897726402e-05 6.0057701394191904e-05 0.0 0.0 0.00025283306929060705 0.0 5.278025749097905e-05 0.0 1.979999807379094e-05 7.082624900374883e-05 0.0001453889896338908 5.0720808955535895e-05 5.025786781282857e-05 0.00038198985287086297 5.934884809357516e-05 0.0 0.0004826442864640534 3.0289221595941386e-05 0.0012078523886283109 0.00036220693438422235 0.00075830003110746 0.0005563192144956027 0.00021050389495890978 7.805192235972298e-05 4.769293733018816e-05 0.0 0.0 2.636048906420906e-05 0.0 1.4996783269269306e-05 1.0200365030202007e-05 8.868535315016722e-06 0.0 0.0 0.00010264691691754626 0.00024371384741057024 0.00019991969861212836 0.0 0.0 0.0 8.089105394565255e-05 4.843956251758584e-05 0.0001856973642488441 2.354625671812217e-05 0.0004527651046468347 0.0005771215395764209 0.0 6.592063695882475e-05 0.0 1.3033043138282194e-05 0.0 1.071194295796428e-05 0.0 0.0 1.8230186327597377e-05 0.0012695086730952487 0.0001110451786215624 2.8540860884547508e-05 0.0 0.00013581817320441796 0.00010876858239300996 4.162237269495823e-05 0.0003270367303163421 0.00011531512755846153 4.040599470354426e-05 5.9474414039940835e-05 0.0 0.0 0.0 0.0 0.0 0.0 0.0 1.2436586709402183e-05 4.979864848445991e-05 1.2404521741842225e-05 0.000683363174715536 0.0011125490759415439 0.0012174112422791742
0.004134765853160286 0.017064032120987387 0.015903175250126172 0.022586086166892262 0.0016125416550819632 0.008979202130451953 0.021562696678315205 0.0022276444300649966 0.001864225190139231 0.07431094989050073 0.008649816557891557 0.0 0.11620724955351759 0.01085251085106768 0.0005947065922057459 0.0002830589651487745 6.641656734709981e-05 0.0 0.0 0.0 0.0 0.00014410355771405042 7.963894406635677e-05 3.614487203837042e-05 0.00016571248655736603 8.206166953996595e-05 0.00014279624778381673 0.00012330864675637557 6.31699760012369e-05 0.0 0.0014426393614213415 0.00013216300980860646 0.0016967997261813463 1.2399498939305545e-05 7.752076510852061e-05 0.00020080482620712446 0.0069675061362624215 0.0006417890593507417 0.00036658656293902695 0.0003948735547779307 4.653934505665787e-05 6.657728193241887e-05 0.0 1.4921740403610675e-05 4.63330574585962e-05 8.882726859325988e-05 0.0011454209697663537 3.934820278194816e-05 0.0 9.21897734588104e-06 6.73837614972034e-05 0.00040099388770113676 0.0002777568899878315 0.00022335412592541234 0.0 7.783385381948205e-05 0.0005404076045959011 9.977705909189131e-05 0.0002854904469042376 0.000431690345363893 2.8816751351203507e-05 0.0006041450838630352 3.826294395287383e-05 0.0002638726842412694 1.079188991784827e-05 1.5318550038110705e-05 1.620549462506273e-05 1.1483897617061266e-05 8.560017766068794e-05 2.954194591444469e-05 0.009952923895519316 0.0004445923825587452 7.856003510267511e-05 0.000619981412108105 4.574399593995358e-05 0.0007408530005630864 0.00018699667817935646 6.490251762934109e-05 1.0027201854224425e-05 0.0010801296810450966 1.344842341866374e-05 0.00020467925826361905 0.00023876238582429393 2.0965693105673942e-05 2.5731122299910448e-05 5.6949633727358974e-05 4.338681392239678e-05 6.47874199719781e-05 5.1306684562678814e-05 0.000252368912931603 5.801392441436831e-05 6.335931164073729e-05 7.853469327982202e-05 2.3057740452990388e-05 0.00012386926494021623 0.025028397141576966 0.0005224736606916862 0.00019166947715112864 0.0002954435356602129 0.005311178513649045 0.00039118922070159476 0.0021352718835463934 0.0016614064081269067 0.001123665033373713 0.0007815407271428488 0.004604946714543952 0.0008692729170536051 0.002085091968668289 0.002247964353387979 0.006834731134332007 8.467824911683291e-05 0.009550820691686238 0.007214742518321001 0.006475693398277894 0.0031010172391946985 1.86540662603043e-05 8.808444207182437e-06 7.09065884558529e-05 1.0363970471680499e-05 0.0 0.0 0.0 6.457982589631672e-05 0.0 0.0 0.0 0.0 0.000151967693772906 3.891897960288153e-05 3.161310746072133e-05 4.4820680635999284e-05 0.00014988071314333968 0.00019087430575380382 0.00011250615131448263 0.0008161574465043709 0.0003197085801236411 2.560486125805711e-05 0.0004791862776742594 0.00012584008090996818 0.002878377216496434 0.0003611003876554352 0.0018292255815796925 0.0009154559992550929 0.00024000568178301823 0.0 0.0 0.0 0.0 1.0093135743971263e-05 1.4486820597951211e-05 4.102361620677452e-05 4.709466253700183e-05 2.0117214814815303e-05 7.893419272114498e-06 0.0 2.286943613483052e-05 0.00021372321358487887 7.541179873905295e-05 9.763519130728281e-06 1.2200884152441292e-05 0.0 0.00018852016966800384 0.00024190894243100223 0.0006520076471359937 9.513892706407508e-06 0.00032048045793111457 0.001650936046188927 2.0750573060310068e-05 7.615714009263286e-05 2.0878246936920638e-05 0.0 0.0 0.0 0.0 0.0 5.466908856047346e-05 0.0034858286671725705 0.00027883326970968935 2.4013514589075146e-05 0.0 2.1512324980210623e-05 0.000373787763856139 0.0 0.0006762596652492367 0.00021768905378578892 1.6368202549366632e-05 2.8475512302254754e-05 0.0 1.0132730112109772e-05 0.0 0.0 0.0 0.0 0.0 5.2776002518502284e-05 0.0 0.0 0.0033630411457858276 0.0014967331641166863 0.0014933046738982486
