0.0 0.24010852081473913 0.009633849179805356 0.1068196686192249 0.010045474697674448 0.005934727867085987 0.06199459952377048 0.002357791579105434 0.0010476143006116 0.10182144790409957 0.003648460194813887 0.019383188441677923 0.02964897563276298 0.012512915926061319 0.00010372678896243837 5.58539165910481e-05 1.7013956180610094e-05 2.729858775605885e-05 0.0 1.0323759321723615e-05 0.0 8.921762944478422e-06 0.0 2.087097298873315e-05 6.530927164634961e-06 0.0 0.0 1.2404744496060833e-05 0.0 0.0 0.04039144586772698 0.00019238606257983951 0.003637162268651909 8.238989553543707e-06 0.0 0.0 0.0012905980713395586 0.0005638568139956753 0.000525807947137532 6.630271273364192e-05 0.0 0.0 0.0 8.890286588187866e-06 9.485374786855046e-06 0.0 0.0003774719483336513 6.657043794903903e-05 7.257329151718567e-06 5.002788948415823e-05 5.308842574933007e-05 0.0 0.00014506860045345406 0.0 0.00017625416720758026 0.0008658198486124061 0.018588891838444352 0.0724509636993814 0.01039274287665963 0.002339763229567565 0.0 0.0001291922742206263 0.0 0.0003101585194255895 0.00048236945366919093 0.0005692550055374062 0.000267342689191099 2.884426827167862e-05 4.658384935363978e-05 1.0356985490950708e-05 0.0011886252289932603 0.00014535245924005426 0.0 0.022745357123820194 0.0012813721297482003 0.0012647606683560506 0.0002421304324988844 8.605452334307016e-06 0.0 0.00421084246342336 0.0 0.0001366047536353894 0.0005211910150130673 2.7794775080792617e-05 0.00022965044330647592 0.0006501908843407592 0.0 1.00092500379294e-05 0.0002166978659733256 7.08154172752026e-06 9.030837777744139e-05 0.0 1.1675878632070657e-05 6.826977922204674e-05 3.362373954983088e-05 0.005433875464341268 0.0008232540574946907 0.0 0.0006317902701838687 0.05218851775873202 0.0 0.0008477127969494971 8.920938291015571e-05 0.002677179167097833 0.0 0.001288288148926597 0.0005302965121519892 7.692730506867927e-05 0.0009637766296906287 0.0006624438790088745 3.169171535344416e-05 0.0002726547601243186 0.0007667669661878205 0.00021983803653760788 6.946776867388663e-05 0.0 0.0 0.0 0.0 0.0 0.0 0.0 0.0 0.0 0.0 0.0 0.0 0.0 0.0 0.0 0.0 0.0 0.0 0.0 0.0 0.0 0.0 0.0 0.0 0.0001836598035549652 0.00012767122699391888 0.0004932104364319596 0.00047909164795970457 3.6726202823563785e-05 0.0 0.0 0.0 0.0 0.0 0.0 0.0 0.0 9.108658639338666e-06 0.0 0.0 0.0 0.0 0.0 0.0 0.0 0.0 0.0 2.8510125790808206e-05 0.00018842093002007307 0.0 0.0 0.0001278510856239755 0.0 0.0 9.786618811663426e-06 0.0 0.0 0.0 0.0 0.0 0.0 0.0001548771464543491 8.1209830020871e-05 0.0 0.0 1.3474629337234483e-05 0.0 0.0 0.0 7.53238626416481e-06 0.0 2.8947923178566757e-05 0.0 2.8018202025312225e-05 0.0 0.0 0.0 0.0 0.0 0.0 0.0 2.9279185290882693e-05 0.00015637123023097714 0.00014497510410666758 0.0003963475772431481
0.24010852081473913 0.0 0.06977811393172668 0.146375941256681 0.20496654608897272 0.0047212476309476115 0.25506725183217516 0.017484542677836598 0.1249914308399125 0.021011408246743198 0.047200135340811654 0.006028534170244941 0.08995694324288887 0.40706898354289894 0.0016649198259086118 0.0003177023076966311 8.363040933254362e-05 4.55624276998227e-05 1.481982721401171e-05 6.48920204492007e-05 5.335193891893005e-05 0.0 0.00010718312052870798 4.888791786688708e-05 7.843928592983012e-06 6.072096948657125e-06 0.0 6.396859105990619e-05 4.710273054104654e-05 0.0 0.198698586454806 0.001510982942230332 0.011615654856612976 4.7037875119252885e-05 2.494576286725547e-05 0.00013348840748939798 0.0017817736419229874 0.0011922130097077324 0.00046370180315216837 0.0002865918168501321 8.665292867850679e-06 7.548377844596922e-05 8.54929068244962e-05 4.959066477241556e-05 0.0 2.7560148895066924e-05 0.0059432133413289 0.0004897118221951822 0.00011993936369903513 9.049806835046523e-05 0.000348012116366673 3.347284407777892e-05 6.225123104297326e-05 6.250321561415611e-05 0.0003411283966635866 0.00239168967704817 0.008855623888301717 0.06869157352324338 0.008287786452093085 0.013040256764132785 0.00022319689480986883 0.0014875327855262805 6.47103204876481e-05 0.005496684108625263 0.0018563531479514203 0.0015148843164949873 0.0009428905057221722 0.00034405051466965324 0.00039256599419666027 0.0002532469211986515 0.0014725837346543065 9.846857587944635e-05 2.2813949271413838e-05 0.05227382363450187 0.00966537762769275 0.015789522115489014 0.0032080710726930264 9.62797489611289e-05 0.0002647288703591502 0.01867995928759453 8.134145617802333e-05 0.001095077700863397 0.0018913014657533644 7.669222951038612e-05 0.0008205904711989092 0.0019976882224663857 5.5755254651796914e-05 9.988560102899708e-05 0.001092850065143724 4.2886530239738004e-05 0.00030190158127408223 6.254814410265873e-05 0.00019336150739183498 0.0002042725895350536 6.363964540837408e-05 0.0019396709742740407 0.00035001056933685483 1.3666248376191187e-05 0.000330525672880141 0.05724501924453553 1.85526555289895e-05 0.0011236866261453027 0.0002535066026450907 0.00033347936698128756 1.8313737287229067e-05 0.0029321041912355257 0.0011727635906672057 9.622444818654744e-05 0.0004730505286733912 0.0007777183197852994 0.0 0.0005259900476982881 0.0015923853612772867 0.0006184664585005098 0.00018831642349736806 0.0 0.0 0.0 0.0 0.0 0.0 0.0 0.0 0.0 0.0 0.0 0.0 1.494961806783665e-05 0.0 0.0 0.0 0.0 0.0 0.0 4.314253724341512e-05 1.3737857538864843e-05 0.0 0.0 0.0 0.0003875115781492036 9.443522308378346e-05 0.00046727617119153136 0.0007043937052840716 0.00012925793960907208 0.0 0.0 0.0 0.0 0.0 0.0 0.0 1.0268607059295536e-05 8.8661558293296e-06 0.0 0.0 0.0 9.552062991105622e-05 1.3314810531626118e-05 0.0 0.0 8.70811478543941e-06 5.637170339184845e-05 3.825880495342396e-05 0.000257314043794745 0.0 0.00010242769451902313 0.0001119554045858572 0.0 1.2042594047899343e-05 9.46389477812958e-06 0.0 0.0 0.0 0.0 0.0 0.0 0.00039480862635573395 1.0234015235875565e-05 0.0 2.2831339989775244e-05 1.0220694079326464e-05 3.847527484337754e-05 0.0 2.5346605389507497e-05 0.0 4.489843972625456e-05 7.9441282632395e-06 0.0 8.71471617805873e-06 0.0 1.584715647304516e-05 0.0 0.0 7.0721438126913726e-06 0.0 0.0 4.79529631672674e-05 0.00018113994140267676 0.00028277146939153055 0.0007778170672149415
0.009633849179805356 0.06977811393172668 0.0 0.0010206820035594923 0.0938972958149722 0.00010767378605101505 0.0036042434647808193 0.2992845585779399 0.057325138324579694 0.0001772491175290809 0.2416060737377238 0.001385909303498446 0.01360168709121157 0.21405273774398345 0.0010292568903389804 0.0006405451219083871 0.0002053359442256003 0.00022303233567168884 9.13355113950034e-06 0.0008991537450482752 0.000637056700756677 1.2331123021109392e-05 0.0009189426014937537 0.0009864148562036526 0.00022869753452873953 4.198223754563416e-05 0.00029317288303299115 0.00010688317201213071 4.278377024187755e-05 4.623117244642219e-05 0.19019548274627077 0.0468899567486807 0.038714685385938016 0.00018088066055544104 0.00021965207137277147 0.0009260726190129833 0.004190971131219304 0.00515212378735399 0.0005188399821343805 0.0003520569873484618 6.445352817800855e-05 0.0007073097929294888 0.0011031612091526386 5.09197696311238e-05 1.8507545647413907e-05 3.405106272065989e-05 0.0027541194480734063 0.0001574745697637689 0.00024212959348741996 0.0008419390357083122 0.0008392780842702189 7.917535929139042e-05 0.0 0.0002932875431836598 5.724949570882357e-05 0.0004180444361812053 0.0017467079151254979 0.04674922169176225 0.002217473190843851 0.0025933059190218857 0.00033918088939018895 0.016541276640776047 0.00012996669221456027 0.047877458476556584 0.00029800058404397104 0.0010466824421985735 0.0009338079643972497 0.0019817095510832996 0.00452753860566484 0.003332188151769073 0.0011942025585248942 0.0003534992612081362 2.829466041294754e-05 0.011998144974164383 0.005675669326651387 0.005468464341082824 0.003993147165715136 0.00023557083865253627 0.0013558690876800332 0.1702424969940489 0.0002809775258768081 0.014978661134148058 0.000398875022283505 2.3237349748537956e-05 0.0002810750654806713 0.0003759033985904542 0.0005684569445182541 0.0 0.00020283745083492623 8.916905884642375e-06 8.600369766164236e-05 3.6380858909425985e-05 0.0023134803920547126 0.0014575540515473133 0.0008943238936251552 8.008421914522273e-05 0.00022034927619930616 0.0 0.00025101510028593276 0.004999106065121644 2.8664972453362023e-05 4.233861191225758e-05 1.5999457604408807e-05 8.984123252491926e-06 3.532249280239358e-05 0.0003751434191563194 6.29732905566121e-05 0.00014970023089698256 0.0001206551117201622 0.00011102247315882186 2.7947745886884868e-05 0.0005319941058041217 0.0011084376097682763 0.0005662793689025987 6.350422040898054e-05 0.0 1.1817542785952895e-05 0.0 0.0 0.0 0.0 0.0 0.0 0.0 0.0 2.146056514169393e-05 0.0 0.00012172619561886953 0.0 0.0 0.0 0.00012608625816353363 0.00012556166720444328 0.0 9.423695661892005e-06 1.1552488597255662e-05 0.0 0.0 0.0 0.00035923978915589473 9.698673312115951e-06 0.0004885504094782737 0.0005982143219546045 0.00014755759509447927 0.0 0.0 0.0 0.0 0.0 6.48634096650508e-05 0.0 0.0 7.706495665434316e-06 0.0 0.0 3.184771010810635e-05 0.00013304604951809487 0.0001386209392854962 0.0 9.343180154137055e-06 0.0 0.0 0.0 0.0 0.0 0.00010126946193505258 0.00019711336553901476 0.0 0.0 0.0 0.0 0.0 0.0 0.0 0.0 7.288472314690798e-05 0.0004114918843317988 7.543716809843046e-05 2.8228821851658693e-05 7.032256407571338e-05 0.00013032362884490836 1.0416439673689399e-05 0.0 3.15919951965981e-05 0.0 0.0 0.0 1.3886257897136649e-05 3.757031740668303e-05 0.0 0.0 0.0 0.0 0.0 4.750922419734227e-05 3.4092900402722784e-05 0.00012850476597727327 0.00010539308326723063 0.0003679508736363868 0.0009895750178190194
0.1068196686192249 0.146375941256681 0.0010206820035594923 0.0 0.0026153059646990824 0.026398146224863406 0.04239180943306194 3.3973690628815985e-05 0.00012613231665963888 0.20325333280646635 0.00013918610749139924 0.09086631416101804 0.16025976330351085 0.0033107281631395017 0.00010926953379485118 7.885087832072078e-06 1.594133838700472e-05 0.0 0.0 0.0 0.0 0.0 1.4437531722459363e-05 0.0 0.0 0.0 0.0 0.0 0.0 7.613471159843673e-06 0.001131955306073189 5.38217053287574e-05 1.1866653727425028e-05 0.0 0.0 1.445312275848956e-05 0.0004237634780920698 7.186160045351839e-06 0.00027370357706429205 0.00014126590676057056 0.0 0.0 0.0 0.0 0.0 0.0 0.00047701417939971557 8.105406488463045e-05 6.923651935860094e-06 6.3441218923035395e-06 5.9099085247783006e-05 0.0 0.0 0.0 3.429427301845507e-05 0.00041306962155193954 0.004476717508933273 0.007016861421284011 0.002161510389635657 0.0020543336118363344 0.0 9.683396398470731e-05 0.0 0.00010062586451574138 0.00033240716567933007 0.0002592362913977124 9.218489514548397e-05 2.350839703284244e-05 8.97177372711616e-06 6.201515700075576e-06 0.00048046046803711735 0.0004575726227350737 0.0 0.009754958548553598 0.000929934218873279 0.0013164726226379837 5.710316849253075e-05 0.0 2.9826071705503902e-05 1.6350403879226284e-05 8.015924299139387e-06 2.355681802301889e-05 0.0003779529961869837 7.495723490827161e-06 0.00015529008531889625 0.0004058677871722279 0.0 7.2774774832013846e-06 0.0002031362693439009 1.4114256933522686e-05 4.532430846440785e-05 0.0 0.0 0.0 0.0 0.00376657739714104 0.00027041212412913756 0.0 3.785616548891734e-05 0.022985814745564048 4.063365403017172e-05 0.001217943953589928 0.0009069707847212629 0.0021565407208703046 0.0 0.001792159600984234 0.001744626133684892 5.3623961670515164e-05 0.0017977370691637453 0.0008730494788774776 0.0 0.00019937350952783703 0.0008907181670527965 0.00021581175094759154 2.5344715832662785e-05 0.0 0.0 0.0 0.0 0.0 0.0 0.0 0.0 0.0 0.0 0.0 0.0 0.0 0.0 0.0 0.0 2.2928801227446746e-05 0.0 0.0 6.33690880497712e-05 0.0 0.0 0.0 0.0 5.052877768436009e-05 0.0 0.00022461388543445397 0.0002227464092232629 2.5739010667797458e-05 0.0 0.0 0.0 0.0 0.0 0.0 0.0 0.0 0.0 0.0 0.0 0.0 0.0 0.0 0.0 0.0 1.5159856475516085e-05 7.438337956341777e-05 7.860645362096275e-05 0.00010565406953816157 0.0 0.0 4.265828898057779e-05 0.0 1.81717503523197e-05 6.788463131072155e-06 0.0 0.0 0.0 0.0 0.0 0.0 9.02006944098904e-05 7.280112888905047e-05 0.0 0.0 0.0 0.0 0.0 2.5531733734940766e-05 4.384609356758039e-05 1.6152497460432165e-05 2.864541214232421e-05 0.0 0.0 0.0 0.0 0.0 0.0 0.0 0.0 0.0 0.0 9.014177563812539e-05 0.0 0.000249112987314065
0.010045474697674448 0.20496654608897272 0.0938972958149722 0.0026153059646990824 0.0 0.0006002841221361341 0.11439232161156612 0.01926123150256191 0.3110139501700807 0.005611857236164289 0.0653532327732663 0.002711685793863127 0.03378487534367909 0.4272651647855417 0.0012775150066251038 0.00040597363468843615 3.0840135705551515e-05 0.0 0.0 0.0 0.0 0.0 0.0 2.3867292817981668e-05 2.9937323200843724e-05 0.0 2.0747321002592227e-05 2.539853093769495e-05 2.2204995736978642e-05 1.3492979082416735e-05 0.012598953336529798 0.0013508050303989425 0.0016633477557149593 0.0 0.0 0.0001517827861352293 0.0017641897832320712 0.0011185226530658948 0.0003204262173274589 0.0004250165885694642 6.835091563116626e-06 2.5614679142652057e-05 2.721446849951885e-05 2.0973686953306204e-05 9.446761626971473e-06 7.0689127143281375e-06 0.0030942975373880097 0.00012006950089854618 1.1165038473545134e-05 4.5164038094170704e-05 4.547202106344528e-05 0.0 0.0 0.0 9.039686636017713e-05 0.00036650293549030083 0.0005849681355461703 0.009441590951664629 0.0011007793805526964 0.0037882151811229636 0.000158466337212255 0.0003344154533325558 4.3066736859526735e-05 0.0038111291645640056 0.0004352411165640127 0.00031410844401203873 0.00019751572441967436 4.338937101854709e-05 0.0 3.882598547160475e-05 0.0015407284584229622 0.0001934758146206336 0.0 0.010027608790291555 0.0038551553573403703 0.007319338303567379 0.00287439840426573 0.0001036799265278496 8.414737082226267e-05 0.0010479761628037002 3.868160864185786e-05 0.00015331991596771445 0.0003705333311952636 1.4442315896257025e-05 0.00020231905738115973 0.0004344923703480342 9.847667719001344e-06 8.686427078905314e-06 0.00029599797328150925 0.0 7.600170937480031e-05 1.702669534488278e-05 3.229514763346796e-05 7.196621712730399e-05 3.283670898316455e-05 0.0006137605555398223 0.00041949323525936874 0.0 0.0004733730280206413 0.0015120121561140718 0.0 0.00021537393602334253 4.4948742053045825e-05 0.0001343515645090718 6.976363995643702e-05 0.0007611196567430774 0.00026030904893522595 0.00023086553905672292 0.00016243477923657632 0.00016220187107889825 0.00013092749570108584 0.0004895442303401871 0.001241983347881024 0.0006250407709424889 0.0001591840175354223 0.0 3.966087092861558e-05 0.0 0.0 0.0 0.0 0.0 0.0 0.0 0.0 0.0 0.0 9.714755808290676e-05 0.0 0.0 0.0 0.0 0.0 0.0 0.0 0.0 0.0 0.0 0.0 0.0008073379853542999 0.00014362577035822354 0.0010739081915935816 0.0008474015341084953 8.480250232014423e-05 0.0 0.0 0.0 0.0 0.0 0.0 0.0 3.1389487093109933e-05 1.8336262909196904e-05 0.0 0.0 0.0 5.988982971431495e-05 0.0 0.0 0.0 0.0 7.703282651576842e-06 9.802455687368956e-05 4.503115478986006e-05 0.0 0.0 8.767079919301014e-05 0.0 0.0 0.0 0.0 0.0 0.0 0.0 0.0 0.0 0.00037393546952592594 8.367407519373469e-05 0.0 0.0 0.0 2.8758703350708125e-05 0.0 0.00014240687905382732 0.0 7.36533716354878e-05 0.0 0.0 2.74352288014612e-05 0.0 2.223471132002614e-05 0.0 0.0 0.0 0.0 0.0 0.0 0.00024838675082760995 0.0002593850381016704 0.000936625184597668
0.005934727867085987 0.0047212476309476115 0.00010767378605101505 0.026398146224863406 0.0006002841221361341 0.0 0.005175890493054879 8.710563427519908e-05 0.0001138646329887203 0.04041693780020481 0.00026469352227458006 0.015231904878501863 0.01145360007558771 0.0016711539660570866 0.0 0.0 0.0 0.0 0.0 0.0 0.0 0.0 0.0 0.0 0.0 0.0 0.0 0.0 0.0 0.0 0.00011852220921786741 0.0 0.0020986147309301536 0.0 0.0 5.1753440686171776e-05 0.006534793235204288 0.00018440339349473945 0.0010091015645365543 6.72804783905438e-05 0.0 0.0 0.0 0.0 0.0 0.0 0.0 0.0 0.0 0.0 0.0 0.0009851950332732025 0.0 0.0 2.1030920029927836e-05 8.896575666872796e-05 0.018357628103231383 0.0013266972881843787 0.0005091935872923222 6.51229979488846e-05 0.0 0.0002672572574378528 0.0 0.0 0.0 0.0 0.0 0.0 0.0 0.0 0.019327389681185407 0.012365656311012363 0.00138185763383852 0.0005872313407486045 0.0 3.5264332483840034e-05 0.0 0.0 0.0 0.00019767536731236305 0.0 0.0 8.911216937541161e-06 0.00034231947071002527 7.514251340990426e-06 5.97156879801412e-05 0.0 0.0002018845321929139 0.00010672541264811816 0.0012675324010923336 4.91013610681941e-05 2.1788438327232697e-05 0.0 0.0 1.3553836184390486e-05 0.035483679416991085 0.02359493732354683 0.0006048835703796318 0.006049576886304765 0.020259370291765562 0.0 0.0005333277109646886 4.470055906418077e-05 0.0009037955367919815 0.0 7.04544406758698e-05 0.00028551730675960534 0.0 6.111827730996933e-05 0.00032348107176972875 0.0 0.0002448469258383028 0.00029174335272171204 5.150022253248966e-05 4.388028424378158e-05 0.0 0.0 0.0 0.0 0.0 0.0 0.0 0.0 0.0 0.0 0.0 0.0 2.3828405650435005e-05 0.0 0.0 0.0 0.0 1.4407333885924814e-05 0.0 0.0 0.0 0.0 0.0 0.0 0.00010342649848429752 3.339594437514619e-05 6.775291034691776e-05 0.00021339203640410368 0.0 0.0 0.0 0.0 0.0 0.0 0.0 0.0 0.0 0.0 0.0 0.0 0.0 4.9795598939752775e-05 0.0 0.0 0.0 0.0 0.0 8.472731790548251e-06 6.409728423903276e-05 0.0 0.0 0.0 0.0 2.7115706273462962e-05 1.0662581853479717e-05 0.0 0.0 0.0 1.9854034100284316e-05 0.0 0.0 4.608825333744297e-05 3.321747551195682e-05 0.0 0.0 0.0 0.0 0.0 0.0 0.0 0.0 8.086279602746719e-06 0.0 0.0 0.0 0.0 1.1183395890941956e-05 0.0 2.816598860641869e-05 0.0 0.0 0.0 0.00025499497062186655 2.494441913367564e-05 0.0001568928915001337
0.06199459952377048 0.25506725183217516 0.0036042434647808193 0.04239180943306194 0.11439232161156612 0.005175890493054879 0.0 0.0002490438398362367 0.05554335218078307 0.09542035626037475 0.008244853233139615 0.05265601273490681 0.2521509880124349 0.2379581594461851 0.002138979887043318 0.000445476455256901 4.0490179781667066e-05 2.8159690266274748e-05 0.0 2.8488770729577116e-05 0.0 0.0 0.0 1.9620348856873705e-05 3.9436761705014865e-05 7.940875244263213e-06 2.403567271901583e-05 1.054891361055138e-05 2.0140957388588624e-05 1.1172593412832033e-05 0.011885652552371912 0.001071446072720184 0.0015955968867251318 0.0 0.0 0.0002869252304706186 0.0037122503137225118 0.0029479228081664135 0.0020333099656138316 0.0005238869983308877 0.0 2.9582219133746426e-05 1.6954015908277067e-05 6.068764522260077e-05 0.0 6.948800359179099e-06 0.005010547990530809 0.0003690701779516612 1.392486996098957e-05 1.6023590007313055e-05 0.00020621946768685677 0.0 0.00017866090420012854 0.0 0.00018177946761612965 0.0012927914878862333 0.0041020100184324506 0.019526750170417113 0.0038668570891434695 0.009815076920935502 0.00015294706442427842 0.0013273393939059726 2.5928438741480043e-05 0.004679322189710383 0.001183314599340349 0.0010645787200428297 0.0007099109547994639 0.00013141489231197214 5.386029876008923e-05 7.3091768817297025e-06 0.004466735668977914 0.0006290608886200088 0.0 0.03121803945269716 0.0073328743774790164 0.014035305838543231 0.0031534958254661708 0.0001341014574383965 0.00012323458095146524 0.0003203521459319246 9.475976872026156e-05 0.0002780670959416185 0.0014565916297715291 6.844961867156692e-06 0.0003694318488864123 0.0014964370174604742 2.524053099495422e-05 5.859381785710954e-05 0.0009955241023154213 0.0 0.00022720747318460578 7.682999015109986e-05 1.4847413757516952e-05 9.690264071737044e-05 4.874115771848657e-05 0.005765720015566115 0.002306754471172742 0.0 0.001186077593424241 0.008971062477204833 0.0010039148449850026 0.003982589058051458 0.01629237782552367 0.004439285631706308 0.00035302983566384166 0.013994744755442632 0.002623802066055201 0.0017534497887336134 0.019240625582117827 0.004463747550198022 0.00012157227071809438 0.017194306942678015 0.017085057132502763 0.00585000372492932 0.0005799435956502516 5.680845461834929e-05 0.0 0.0 0.0 0.0 0.0 0.0 0.0 0.0 0.0 0.0 0.0 5.78011591730432e-05 0.0 4.7481801510419566e-05 0.0 0.0 0.0 0.0 0.0011022234190217217 8.267071393300761e-05 0.0 0.0 0.0 0.0014960886841227322 0.0005186988561315486 0.0032973386263340267 0.0024733396022850623 0.0006156711857658898 0.0 1.168784947885602e-05 0.0 8.404950514928044e-06 0.0 0.0 0.0 0.00025123705690533225 0.00014972658605004983 7.797439356831397e-06 2.6223245230251636e-05 0.0 2.7231894290861132e-05 6.011768243060889e-05 2.4343320850926106e-05 5.5356191535309026e-05 0.0001273965496560937 0.0007771030596904903 0.0009148696145856544 0.00036381032575482855 0.0 0.0003027985206985393 0.0006617098475524196 0.00026523891315537607 0.00015083700648887136 0.00024464402425981044 1.077173116202826e-05 3.6486413785450026e-05 0.0 0.0 7.468330944747398e-06 7.379478151025867e-05 0.0014613621552474964 0.00013654256595220363 0.0 0.0 9.723995565896424e-05 0.00012545823314773162 1.5125674019544788e-05 0.00030557203064852554 0.0012908624290007768 0.0005736495842793752 0.0005281532433917841 0.00011588023883861204 6.67241370674998e-05 8.95751782082517e-05 1.5742781474018407e-05 0.0 0.0 6.588709681422638e-05 6.785535085184305e-06 9.347513311321259e-05 1.727326004448959e-05 0.0011809877114689188 0.0004906357179455192 0.0027594930901725695
0.002357791579105434 0.017484542677836598 0.2992845585779399 3.3973690628815985e-05 0.01926123150256191 8.710563427519908e-05 0.0002490438398362367 0.0 0.018698284789126766 8.207626417219541e-05 0.08363785918934369 0.0002819491038926619 0.0014426270303434367 0.03485443843190236 0.0008350472420954253 0.0013457156734423034 0.0004223137101228097 0.0005614031570269289 7.021556408327417e-05 0.0014804071751463041 0.001021472407160491 7.618599158456995e-05 0.001538213992029575 0.0016939396744546952 0.0003995021633505859 0.00030106719889514094 0.00039801441024700605 0.0001831600196056456 0.00023786929877693536 0.00014414526039065772 0.049705323121209906 0.2132029272073871 0.014349262702612076 0.00031996142196465545 0.0002510427443710473 0.0022497498265196003 0.005587192547069746 0.008180573076734242 0.0005010437521601356 0.0004128957094361875 0.0002840208287040172 0.0012785631067610307 0.0025681612978332145 0.0033139603202683473 0.00022645204611378565 0.001089794200709208 0.0022117347080892902 0.000343979591622168 0.0003547014029721026 0.002119291312470395 0.0008205400181679028 0.0002455846794148532 0.00015873151032027807 0.0003277614353494739 6.483134090419264e-05 0.00010551613408055873 0.00033589918400364133 0.010412517133428802 0.00044491556650268026 0.0012790952323828411 0.006367972733153414 0.035245564420474794 0.001285376854771238 0.03697897201185381 0.0002355293045709641 0.002164159442564988 0.0010875891821300627 0.002900956037487719 0.005419322109579618 0.005157754030505443 0.001265359244672269 0.0002847955037171392 6.23998560875288e-05 0.0035799868421465585 0.004005472039717481 0.0068063351482779205 0.02701169749444619 0.013581764859892036 0.07097928360144685 0.11241915077879883 0.009467217655907585 0.07785804813460936 0.0003648487808210144 6.851144576066803e-06 0.0006407244856806042 0.00018744681743333564 0.001124291016904132 4.621345072680376e-05 0.00022835171822539058 0.0 0.00016344268080428092 0.00018101001738112757 0.002958147297799889 0.0018447376638963877 0.0018139338627029932 0.00016207982258560177 0.0002695717990719989 0.0001355210160628002 0.00023522063274642444 0.0011363086998193487 0.0 0.0 0.0 0.0 8.067319258888022e-05 0.00029871001728449436 4.086785495600428e-05 0.00015810202374760108 5.4392707705823066e-05 4.188955500160707e-05 0.0 0.00017612092330918495 0.0004373001372840761 0.000295943148184231 2.1600015313658344e-05 1.5778925276842152e-05 0.0 0.0 0.0 0.0 0.0 0.0 0.0 0.0 0.0 3.444718244683079e-05 0.0 7.761538434400218e-05 0.0 0.0 0.0 3.472236395875608e-05 0.0 0.0 2.577526407368644e-05 1.0128593527575792e-05 0.0 0.0 0.0 0.00047338805514890084 0.00010414527538613253 0.0004067566296702404 0.00041764626249359184 0.0001172197790051616 8.068157831940163e-05 0.0 0.0 9.708852148784657e-06 0.0 0.0 0.0 0.0 7.883113332851806e-06 0.0 0.0 3.2828234474160294e-05 0.00014676751701458394 0.0002499258617354993 0.0 0.0 0.0 7.881459970612675e-05 0.0 0.0 0.0 6.531056386648878e-05 0.00012931257783312415 9.40259597580292e-06 0.0 0.0 0.0 0.0 0.0 0.0 0.0 3.8585377698593664e-05 0.0005367881208610158 0.00028930368713225873 5.3796358523890316e-05 0.0 0.00029446517934628494 4.023121787935111e-05 0.0 3.1024585608010956e-05 0.0 7.866485451824451e-06 0.0 0.0 0.0 0.0 1.3716556731151044e-05 0.0 0.0 0.0 0.0 7.078282570772324e-05 4.06190165408091e-05 6.53396963612292e-05 0.00037270317595871234 0.0005806835023790186
0.0010476143006116 0.1249914308399125 0.057325138324579694 0.00012613231665963888 0.3110139501700807 0.0001138646329887203 0.05554335218078307 0.018698284789126766 0.0 0.001766027256152169 0.04315397004984926 0.0016855003759831677 0.020920625605542156 0.1469699715424498 0.0008740376551815312 0.00033354208514330906 2.0599459343386072e-05 0.0 0.0 0.0 0.0 0.0 0.0 0.0 5.9346554720693354e-05 0.0 1.7456912036634095e-05 0.0 0.0 0.0 0.004306369016284061 0.0009524253273838942 0.0022030903850278963 0.0 0.0 0.00017753522537057985 0.0018831484444600717 0.0008599419896679494 0.0005611484142946094 0.000137843799299437 0.0 1.374127496243899e-05 9.167410814444509e-06 9.255268631539793e-06 0.0 1.7928645273467148e-05 0.0017559863565851058 4.510642579094334e-05 2.382995434174682e-05 8.573910216177311e-06 2.8290098733372306e-05 0.0 4.295859261108643e-05 0.0 1.535133577056461e-05 0.0001417456234846756 0.00014553311523241046 0.0037731885482692757 0.00025775802882355153 0.001599855588903078 5.857490913629457e-05 0.0006941743565823709 4.037197232779187e-05 0.00274734520922814 0.00011929883571356599 0.00012528547789233312 5.323730397696631e-05 1.567206338426514e-05 3.1737089926422304e-05 3.2842530549974696e-05 0.0018938117233890462 0.00026001144592424484 0.0 0.0038139903454578604 0.0018604398067458767 0.004828671178404273 0.0023320952040300144 7.342098409236963e-05 8.984043242254298e-06 0.0012404991935940912 7.581162916287957e-06 0.0002620143854959022 9.252559682179358e-05 0.0 7.681404783724559e-05 0.00016648028536812818 0.0 7.406897878665815e-06 0.00012990283527669096 0.0 6.239377804954598e-05 8.814913108238586e-06 2.6748295974200672e-05 2.961528966662087e-05 9.680035530078247e-05 0.0002139140549792529 0.0006115525398648582 0.0 0.0007792025710709451 0.00015592854893063158 0.0 0.00030260449477626997 0.000159810405629445 4.577331769772498e-05 4.03273167509217e-05 0.0007312125204184621 0.00014704422529720804 0.00020623593828748553 0.00028924874311565466 0.00011459118842009524 1.7753807011813804e-05 0.0008547935791277753 0.001647393393195712 0.0011730368513854128 0.00023893199036893736 0.0 0.0 0.0 0.0 0.0 0.0 0.0 0.0 0.0 0.0 0.0 0.0 9.241729364890866e-06 0.0 0.0 0.0 0.0 0.0 0.0 9.03033519288849e-06 0.0 0.0 0.0 0.0 0.0008616594872367293 4.803258650607131e-05 0.0010496951438499675 0.0014004693358268463 0.00014911267297691255 0.0 0.0 0.0 0.0 0.0 0.0 0.0 4.556745683647117e-05 5.237464455520869e-05 0.0 0.0 0.0 0.0 0.0 0.0 2.9144185003366963e-05 0.0 0.0 4.966426487476928e-05 9.257404795281302e-06 0.0 0.0 0.0003458530729853035 6.191254003489544e-05 0.0 3.4211952348215644e-05 0.0 0.0 0.0 0.0 0.0 0.0 0.0006589005258968973 3.71598758479774e-05 0.0 0.0 0.0 5.4198409967951926e-05 0.0 9.878346603389227e-05 6.0544470190464215e-05 2.4327917236137462e-05 0.0 0.0 2.9573128107500204e-05 0.0 0.0 2.1152260487422878e-05 0.0 7.073026117366544e-06 0.0 0.0 0.0 0.00030999814986457834 0.00040491752804859365 0.0013407974035824096
0.10182144790409957 0.021011408246743198 0.0001772491175290809 0.20325333280646635 0.005611857236164289 0.04041693780020481 0.09542035626037475 8.207626417219541e-05 0.001766027256152169 0.0 0.0003247547098052117 0.27608861015042524 0.20002318013683945 0.017465143722239375 0.00026606674401109283 2.970125244671819e-05 1.4125338899448965e-05 0.0 0.0 0.0 7.731425430638164e-06 0.0 0.0 0.0 8.038824489582687e-05 0.0 0.0 0.0 1.4164404171976642e-05 0.0 0.0013913726968076564 7.278251116437371e-05 0.003042429577391108 1.711107819679468e-05 0.0 0.00017062132865554124 0.00835556864070682 0.00500782453246461 0.0028424016191924864 0.0008816375640580819 0.0 0.0 0.0 0.0 0.0 0.0 0.000874801935439946 0.00015616773515188652 6.721737880985528e-06 0.0 7.732957133474875e-05 1.2581638363202719e-05 0.0003172314918374541 7.740331227704128e-06 7.9066914182536e-05 0.0006693843796759383 0.00787261849848967 0.009508541246437017 0.0034031025954137178 0.0032359674585835407 1.5425420866482017e-05 0.0014182364502948253 0.0 0.0003055050549554348 0.0006479221847366643 0.0004582276928552387 0.00026150884026145837 2.1557461923579452e-05 0.0 0.0 0.012926036514134624 0.001779142336469995 0.00012442974374025264 0.015114315156270602 0.0014752263544317232 0.0025788191256537396 0.00024456021792002177 3.841550226373433e-05 1.6104778477888564e-05 0.00016071874651276338 1.480245074404878e-05 5.6087089440128725e-05 0.0005159745491896094 1.153803414501199e-05 0.00017845133875526965 0.0006378365342380644 1.321232234936745e-05 2.2324932179207975e-05 0.00036649275829767807 4.301867701145025e-05 5.532254284626544e-05 2.0303146360482767e-05 5.607785483386704e-06 2.9939978883114458e-05 7.487143543674148e-05 0.03175319302906933 0.005817897461190316 3.906068892749143e-05 0.0027502522491405224 0.02948305592871247 0.00017467254675083806 0.010133960182479548 0.007145137699943243 0.005592775542531837 6.189135595444612e-05 0.008233908076499444 0.007613781778218657 0.0016932216680624094 0.006861409912022617 0.009240899807786874 8.721349684376167e-05 0.021041954758029027 0.025787653718168203 0.007311568203051125 0.0005146047640572071 3.535033143294887e-05 0.0 0.0 0.0 0.0 0.0 0.0 0.0 0.0 0.0 0.0 0.0 9.018792346072883e-05 0.0 0.0 0.0 0.0 0.0 0.0 0.00011914262230078864 0.0 0.0 6.253117480808316e-05 0.0 0.0015041354649728276 0.0004197180574509088 0.0026458537134035278 0.0023833760812361337 0.00041053106933695133 0.0 8.47034211491685e-05 0.00011056403860990956 0.0 0.0 0.0 0.0 0.00012934100229206313 3.2145824965402175e-05 0.0 0.0 0.0 3.8422148045595076e-05 0.0 7.544473290199322e-06 6.513819934601787e-05 6.745974954817073e-06 0.0004876566266220956 0.0003159888868138628 0.001331678388549436 0.0 8.649732739884874e-05 0.0005882008680911078 3.763305968137888e-05 6.1215853082844e-05 6.536676229017456e-05 0.0 0.0 0.0 0.0 0.0 2.2935744581629612e-05 0.0013788440493344358 0.00019832129270077987 0.0 0.0 0.0 1.0601121934647154e-05 0.0 0.00030845210327472066 0.00034165243960735086 0.00017089309055183112 8.720223622483908e-05 1.1250123333089886e-05 3.3598064483783404e-05 4.93216161000057e-05 0.0 6.6960513066162015e-06 0.0 8.062608080731808e-06 0.0 0.0 0.0 0.002388333268404417 0.0005671949024870735 0.0020042036720341635
0.003648460194813887 0.047200135340811654 0.2416060737377238 0.00013918610749139924 0.0653532327732663 0.00026469352227458006 0.008244853233139615 0.08363785918934369 0.04315397004984926 0.0003247547098052117 0.0 0.012021302300522925 0.06937971912431322 0.22467163393319026 0.002250095362239102 0.0010204758243013339 6.943239757267282e-05 2.4956201463188796e-05 7.425362159051237e-06 4.471527272767373e-05 0.0002743891453333904 7.416643016005381e-05 0.00022289273698757105 0.00018358245667182625 9.645404687967058e-05 4.44927659008868e-05 0.0001585834015061598 3.049847335837509e-05 0.00013351494677561488 2.157966640856615e-05 0.024535683901246365 0.0038619479294903585 0.07518796555993194 2.674842311375635e-05 8.025591947111829e-05 0.00034453348824884186 0.0189697473649256 0.005904538683165424 0.0012887993146062267 0.0005448959659628788 7.767095035800153e-05 0.00026200851953985064 5.9346480190608993e-05 3.740725983049686e-05 0.0 1.077184734127741e-05 0.0035781141241687723 0.0001396767275284342 0.00017490434024534265 6.835682104432132e-05 0.0001776250045294087 0.00013045749802879087 5.308043130175156e-05 0.00024658057780286815 3.334356781034528e-05 0.00012378125144804793 0.0004804056029347202 0.008565960923965653 0.0007156973686184999 0.0025520779851156534 0.0001892943535588678 0.00714114496111142 3.8682592329368375e-05 0.00666812719608232 0.00020328951580170218 0.0002790886200743016 0.0003335887168634455 0.0002235387078612599 0.0007553043241552784 0.00043453104104952705 0.005179366580573658 0.0006408280446848102 0.0 0.0056857042709359 0.0033383655624670103 0.008735528810979883 0.005750542433534873 0.0003646014850689624 0.00012734228627452472 0.07459938893910426 4.475061916819786e-05 0.0009126624154535266 0.00019608818175998336 0.0 0.00011764328853733561 0.00020739314443875008 0.00019338474269365024 7.109534350382206e-06 0.0002632246263783745 7.892612082500707e-06 8.686306460732017e-05 9.914948656628736e-05 0.0007500516487671575 0.0004716120585880959 0.00040913664762754485 0.0008519975468439132 0.00038438095181984227 0.0 0.0005432238522833377 0.0008894121517238269 0.0 0.00018927966346003386 6.686541815866902e-05 6.86936783931177e-05 2.219653547637287e-05 0.001570434698357164 0.00022347684679520857 0.0005101764549719108 0.0005332788071730097 0.0004354290803407437 0.00012059869902248383 0.0007381630936072217 0.0025167336336259435 0.0015830742931772185 0.00027788506114270165 4.150916989148183e-05 0.0 0.0 0.0 0.0 0.0 0.0 0.0 0.0 0.0 3.477814753483994e-05 0.0 8.140093063732915e-06 0.0 0.0 0.0 0.0 3.562737071682995e-05 0.0 8.772782566785373e-05 9.45658315764751e-06 0.0 0.0 0.0 0.0014950315559823211 3.8197978540308476e-05 0.001642354565444209 0.0008396158507764414 0.0001335213607469927 4.2265376240095776e-05 1.063465499245691e-05 0.0 0.0 0.0 0.0 0.0 9.44431528655535e-06 6.0366406858616226e-05 0.0 0.0 0.0 2.4819596586797972e-05 4.921395300902179e-05 0.0 1.176647762182757e-05 0.0 1.8105258008746702e-05 5.3293757775794105e-05 0.0 0.0 9.369475025518454e-05 0.0003287489266343698 9.418522397212746e-06 0.0 0.0 0.0 0.0 0.0 0.0 0.0 7.908198515202164e-05 0.0014197229950246113 7.986884090179892e-05 8.397257475778946e-06 7.961191268435849e-06 4.557480791405672e-05 9.785188710868196e-05 0.0 0.00018720713854630239 2.950314874240664e-05 0.00010227127560049846 6.523162554684261e-05 0.0 2.5498801849943844e-05 1.1858124416888151e-05 0.0 0.0 0.0 0.0 0.0 0.0 3.42987426314555e-05 0.000403247910030848 0.0005505495255224165 0.001979500567065254
0.019383188441677923 0.006028534170244941 0.001385909303498446 0.09086631416101804 0.002711685793863127 0.015231904878501863 0.05265601273490681 0.0002819491038926619 0.0016855003759831677 0.27608861015042524 0.012021302300522925 0.0 0.07054902461661273 0.0161462013435864 0.0008985099722640594 0.0005005557160153635 1.4609694025274901e-05 0.0 0.0 0.0 0.0 0.0 9.341596389844357e-06 0.0 0.00013914534611143693 0.0 0.0 8.834122470261502e-05 9.49723000240658e-05 0.0 0.0005148821957200618 0.00018602941196114856 0.004168121860168055 1.5664976998082138e-05 8.413639845940168e-06 8.16757471710472e-05 0.015159812742797032 0.0030078913619263816 0.0024008418546805927 0.0008652552240377071 0.0 6.601345818814e-05 0.0 3.0099862354531307e-05 8.303618645007643e-06 2.9174606978169924e-05 0.00197602174933412 6.322161986556926e-05 1.2738620641482715e-05 8.13659069778321e-06 4.7859493673231896e-05 0.0001908007994652241 0.00012892211910527283 8.195130790957817e-05 0.0 9.885973497088456e-05 0.001105159487853947 0.0016350636358287958 0.0006786257632431584 0.0012666225022014434 2.9774520451784235e-05 0.0011517127387718486 2.6334346569392077e-05 0.0006370594512455991 0.00017021617051259547 0.00010595397476152801 5.593583556605343e-05 2.8003402323413045e-05 7.344992204166926e-05 0.0 0.013022778704732733 0.0011041200622526185 0.0 0.0036688200328118497 0.0006309438391399657 0.0031083542187353317 0.0019175804556506118 0.00016527312707186574 4.130398637717119e-05 0.0005180368974587335 0.0 0.00011023996426661195 0.00021275005234191286 0.0 6.382748204554939e-05 0.0001756430007872579 8.808927684845904e-06 8.970811960218691e-06 5.232350540901432e-05 2.1601732245675314e-05 5.539493457482491e-05 2.2822262663912182e-05 1.7296841143975678e-05 4.4503915820713526e-05 2.8449804647823474e-05 0.04946213989920795 0.004148166836159414 0.0 0.0024966743623058463 0.005221853542426777 0.00014646612283357623 0.0070986171775966524 0.0009201341271048208 0.0019209573891123771 0.00019978626371121918 0.006891711635274536 0.007397455284147385 0.0012109000616113482 0.005573810758104952 0.005745029787348221 0.0002649550976619866 0.005585186283785135 0.02346393588742587 0.012892246353838548 0.0016909860154265296 7.680650221421924e-05 2.4239692248773623e-05 0.0 0.0 0.0 0.0 0.0 0.0 0.0 0.0 0.0 0.0 9.988697819151179e-05 0.0 0.0 0.0 3.9384638323294654e-05 0.0 0.0 0.0001736312074799905 0.00011687181776982595 0.0 8.232449319434789e-05 0.0 0.005370396382491331 0.0006133632899136044 0.00467630675017442 0.003816685012442867 0.0005883652935135482 0.0 1.5652626376675722e-05 0.0 9.741290271972688e-06 0.0 0.0 0.0 0.00010141484820903029 0.00025646421067169686 9.441796608116165e-06 0.0 0.0 0.00013344945456001222 5.462791697985582e-05 1.6039746595159878e-05 0.0 0.0 0.00045944779088938315 0.0004717661046002581 0.0007344957344912027 0.000146866064418632 0.0 0.001129640290953801 1.3722540510497745e-05 0.0 3.6261074267442006e-05 0.0 0.0 0.0 0.0 0.0 1.8905934705050572e-05 0.00538253326148007 0.0005051775150639402 2.188446376474956e-05 0.0 0.0 0.0003109540551901184 0.00014603104250580495 0.0004680397823232329 0.00026632944556999474 9.489348445985274e-05 0.00024063891288596766 1.5878526514362433e-05 8.10857796275879e-05 0.0 3.812402716013067e-05 0.0 0.0 0.0 8.120969520910074e-06 0.0 0.00013911212980648576 0.007047931531073185 0.001475967196622652 0.004555916888832442
