0.0 0.1991842312463967 0.010817094151531691 0.16173473539391017 0.004598838175664344 0.006313546061626466 0.03240910967192726 0.0024473063659260024 0.0020247931392408406 0.10586000506873994 0.010015764507013929 0.010654857650400106 0.012864282124295641 0.009577902060770386 0.0002614698650044414 5.2532022061726094e-05 7.516371030676609e-06 0.0 0.0 0.0 9.547083496063106e-06 0.0 0.0 6.608185844017405e-06 1.0855306365763445e-05 0.0 0.0 0.0 0.0 0.0 0.04512269895721038 0.00018857917494059987 0.003178988722752219 0.0 2.033455863920252e-05 4.8388782249268383e-05 0.0011493325256651083 0.00023701597020162033 0.00016507318174609946 9.702838437614758e-06 1.4572001311608544e-05 0.0 0.0 1.2899601946405662e-05 0.0 6.2564784513130185e-06 0.002165886040934204 0.00023080515102298817 7.262717414489092e-06 8.77784183970652e-06 0.0001100587421061904 0.0 0.0 2.028054508941565e-05 0.0007063728166465459 0.0007181895250148825 0.013109636129443202 0.02671380632292625 0.004158272298464903 0.00029551614937909135 3.66027301758743e-05 0.001530834465628516 0.0 0.00027290458138542844 0.0005201467249956257 0.00036298679713656274 0.0002847143640466155 0.00012277863104049257 4.030920635673856e-05 3.209694434242449e-05 0.0021855088011231666 0.0 0.0 0.01717977644933113 0.005015035714163284 0.0015345722914369417 0.00022790874149042822 0.0001311231987688196 2.131187246211489e-05 0.0053106518868406725 0.0 0.002889102488660526 0.0014044508880984618 2.0957694867874157e-05 0.0004739756710734653 0.0006537756936995185 6.359356059594126e-05 0.0001470146055236401 0.00016574602567865455 0.0 3.091134774092844e-05 0.0 0.00010322289391172121 7.897603835135021e-06 1.4546673446549792e-05 0.012720295057965365 0.00012680332077102214 0.0 0.00016440870079812448 0.04710434594281358 1.0644648623640524e-05 4.273908847884971e-05 3.740850512792048e-05 0.0008404744406457299 8.616509216827254e-06 4.73595386839458e-05 0.0 0.0 0.0004997371356854351 7.259600193211267e-05 4.603783337915811e-05 0.00024290935841481495 0.000409531468632933 0.0002861573927638071 0.00029702559653124706 3.223331644680528e-05 2.8509168991632402e-05 8.208501473971223e-06 0.0 0.0 0.0 0.0 0.0 0.0 0.0 0.0 0.0 6.61189348645557e-05 0.0 8.69606287635214e-06 1.1697506314291086e-05 0.0 0.0 0.0 4.416353218117761e-05 1.3530859527253316e-05 0.0 2.0804449855709073e-05 0.0 0.00041424019684230593 0.00018992077627930857 0.0005631401892667895 0.0002154270650997886 0.00019817432695856197 0.0 0.0 0.0 0.0 8.72026312352516e-06 8.337607517811706e-05 0.0 0.0 8.495687572613832e-06 0.0 0.0 0.0 1.0865599688490587e-05 9.961750823893869e-06 0.0 0.0 0.0 0.0 6.485965561789348e-06 0.0 0.0 0.0 0.0005469498010513308 0.0 0.0 0.0 7.53793291322125e-06 0.0 0.0 0.0 0.0 0.0 0.0006731922217200296 0.0 0.0 0.0 0.0 0.00015605868055840885 0.0 0.00017953207677969438 0.0 0.0 2.0767702138471716e-05 0.0 7.180426887035969e-06 0.0 0.0 0.0 0.0 0.0 0.0 0.0 0.0 0.0006192235350161871 0.0005385054756026643 0.0006076573667978583
0.1991842312463967 0.0 0.06433448520936674 0.17079773485707053 0.15575177653722636 0.003280531469823728 0.4508844656746987 0.05818334968569934 0.13164326611376104 0.16487962735669345 0.35005962844359567 0.013474044839672456 0.05699863942995667 0.18256473508125198 0.0034675886838835693 0.0005530029213448361 3.866357322245928e-05 6.370176837560093e-06 8.02766955145605e-06 1.727026955173372e-05 8.137706336033845e-05 1.80029115179113e-05 0.0 0.0 9.475990235983931e-05 0.0 0.0 0.0 9.236134156599905e-06 0.0 0.1675127275992055 0.0007871748585585673 0.020493755363330226 6.773827578102841e-06 7.587265542661253e-05 6.77114393460955e-05 0.0014588065273287603 0.0001928319302864718 9.291214807328056e-05 5.1960082514995505e-05 0.00010685462676824015 6.63167599668401e-05 2.2746514249172822e-05 0.00014800008586874996 0.0 0.0 0.01624047847513856 0.0005762009447886399 5.049960456408285e-05 4.443241244834232e-05 0.0001558908848129375 3.315881372446972e-05 0.0 3.4501520912379076e-05 0.0011558484694273005 0.0013671954429488838 0.008874440487382607 0.025581926893291165 0.0033143071705316073 0.0013278334105821675 8.300596998124041e-05 0.0009409136291264485 0.0 0.004809873099983652 0.0012110494280586951 0.0008416624753399516 0.0006445740291672651 0.0003402431988027527 3.509874260992981e-05 0.0001986395792682838 0.0014073609672768008 7.020828738559986e-05 0.0 0.023880315529616763 0.014826770579979828 0.01313398272095523 0.004521696426035197 0.0012815889091166393 0.00019248836111667434 0.04581002855266265 6.948531833462541e-05 0.00665052536501681 0.0024607119575551194 3.232456097863767e-05 0.0009948180987536025 0.00144568438248241 0.0001928668614069415 0.0001725734809566017 0.0003715389036986617 8.007558007553043e-06 0.00011060288902849716 9.17927652811091e-06 0.00035220478430072013 0.00010554984716029798 5.2427869243874604e-05 0.006180016539350716 0.0006382843224508707 0.0 0.0009602734344843175 0.09467594841532467 4.022506168153608e-05 4.4501295642671524e-05 0.000344991479624432 0.0016591126643356131 0.00014572764576128205 0.0006414199600362509 0.00011372361615305055 0.0001712358458723096 0.004008081377574669 0.0006148256870307022 0.00014425267857359834 0.0007851767757194237 0.002131806013465071 0.0015920282017584501 0.0013910369155255985 4.733492700862529e-05 0.0 0.0 0.0 0.0 0.0 0.0 0.0 3.002706239358853e-05 0.0 0.0 1.0436078498414156e-05 0.00015771887367768564 0.0 0.0 0.0 7.918373881760873e-06 7.708912873098724e-06 0.0 9.107961118600778e-05 0.0001051912679379396 1.599988120087199e-05 6.790669247824092e-05 1.4537849510063704e-05 0.001511453158796203 0.0003749444615501351 0.0013899421188305432 0.0002624733709092091 0.0003274840157592791 0.0 0.0 0.0 0.0 0.0 1.5423507372996188e-05 1.0488849056284517e-05 0.0 3.787383852599414e-05 0.0 0.0 8.456069110035147e-06 2.724042472070929e-05 7.890960576674085e-06 0.0 0.0 0.0 0.0 2.161748194313468e-05 0.0 2.8242152123908192e-05 4.5454336837533074e-05 0.001137616854471575 1.4413401202920511e-05 0.0 0.0 0.0 0.0 0.0 0.0 0.0 0.0 0.0031796159319018645 0.0 8.666830797629195e-06 0.0 8.55304642507616e-06 0.0006114310020931957 0.000148474270414166 0.0008605172994494441 7.923487890096865e-06 1.2732732458483256e-05 3.189131679920011e-05 1.1006734781160881e-05 2.006793796154626e-05 8.746203777068135e-06 0.0 0.0 0.0 0.0 0.0 0.0 0.0 0.0015401260674830644 0.0008789164516475064 0.0009468187707969198
0.010817094151531691 0.06433448520936674 0.0 0.014339200036928066 0.019306719287399035 0.0009531478489013183 0.006317934438601301 0.2919997535378794 0.01699454101679549 0.013013818814295367 0.3021816224451687 0.003078565769356813 0.013790388819563435 0.11311238425877942 0.003934426111427894 0.0007828881973972915 0.00015188091669989198 4.930560416172223e-05 0.0 0.00025449133505222894 0.0022724405471953603 5.220580960873823e-05 0.0006597998616419039 3.349998180830587e-05 0.0006165041348250471 0.0001686146703418641 9.30520292896918e-06 3.0904501489479386e-05 0.0 7.852261841038874e-06 0.28825488858242115 0.012657433681104774 0.016223463221378475 0.0002512033536782448 0.0024710002729404824 0.001031891105451709 0.002449819188915033 0.0009425632486511779 0.0003081491681988225 0.0001992013256282385 0.001398639857351427 0.0004970535123281791 9.879420405325387e-05 0.00013722886649117358 9.780732234904371e-06 0.00013772671849519597 0.012605381671609673 0.0008510933510645988 0.00013357060577083243 0.0003642262592607873 0.0006086698664348556 0.0003086695752816451 0.00013250052959452234 0.00010410332239228691 0.0007412479072420279 0.0007280650511657171 0.0048098238744561424 0.03109754217927864 0.0016407725422808083 0.0014070170715767276 0.0008834372453566482 0.004302992478869715 5.941528517332557e-05 0.014991861604428633 0.0007637350617584435 0.0006464852032524221 0.0006624761990202728 0.0006375295912557531 0.002278564063062589 0.0033520431185874383 0.0013241014389173695 0.00019799118755543126 5.937886834010101e-05 0.01616627047078581 0.017447720715827644 0.014649615178846463 0.006198029370314188 0.003694778294686415 0.007820064250269543 0.11620440892420025 0.0007245002156552335 0.049964755027570265 0.0020554583326775826 3.752286528219316e-05 0.0010137958783826612 0.000919377043426489 0.0005071254535147238 0.00010536512735063238 0.0003396654274252965 3.9037059096124586e-05 0.00011495943746470005 7.213605192985252e-05 0.006964566810681673 0.0010975339580857294 0.00038575155299959256 0.004280597589292243 0.0009692147575161181 1.1761785975948775e-05 0.0013074441570333365 0.004750172530206323 3.393679931739483e-05 9.100726949184082e-06 0.00012148525060447831 0.0 0.00010598125623958557 6.633844647510667e-05 3.606715848282691e-05 7.044027462955447e-05 0.0003061096791438399 0.00026453122348268503 5.119944928514299e-05 0.0003987121246790936 0.0006626470766673305 0.000564442264115614 0.0012165002801292374 1.6288846345300535e-05 2.9387177882854515e-05 1.945212689539484e-05 0.0 0.0 0.0 1.1252862418708579e-05 0.0 6.814094747496091e-06 0.0 5.810054094980059e-05 0.0 0.0001033717547107167 1.883538195265465e-05 3.247538694567628e-05 2.0837571998450924e-05 5.993553552161579e-05 2.003665690534275e-05 2.8021696296643087e-05 8.731228826511864e-05 2.629324855381804e-05 1.1076038655328728e-05 0.00013388588762283822 9.1267862420606e-05 0.0015017768982903863 0.00042232805789636676 0.0013529287757444287 0.00044007575770445794 0.0003820747328425926 2.047392611464654e-05 4.815073297074372e-05 0.0 0.0 0.0 3.761648042382779e-05 0.0 0.0 9.821319948185024e-06 0.0 0.0 4.53002771323299e-05 0.0001385130953719918 4.548848863907791e-05 0.0 0.0 0.0 0.0 1.1161973804876792e-05 0.0 3.6874042549376525e-05 0.00012844258221118653 0.0011564456230977109 0.0 0.0 1.661022669442383e-05 0.0 0.0 0.0 0.0 9.083498123399171e-06 2.2831684773658406e-05 0.0020223342585091535 4.683026521570127e-05 3.659649671290948e-05 0.0 6.91453088890512e-05 0.0005175097116583701 7.164533025861909e-05 0.000417513051157047 6.552459642934021e-06 0.0 1.2964770314630628e-05 0.0 3.391473784352823e-05 0.0 0.0 0.0 0.0 1.5832016884042684e-05 1.641060186610271e-05 0.0 0.0 0.0009067169122537419 0.0008372341212634514 0.0008903669759033613
0.16173473539391017 0.17079773485707053 0.014339200036928066 0.0 0.005461566739774087 0.05315152264189899 0.014061877429618763 0.0002973677959065376 0.0007834176248789834 0.18862129989855506 0.016880464388217067 0.0031458243536593242 0.003592837456052309 0.0012756238866915427 0.00012587619084197877 3.186005642324739e-05 1.507291399274937e-05 0.0 0.0 0.0 0.0 0.0 6.0226871275846555e-06 0.0 0.0 0.0 0.0 0.0 0.0 0.0 0.006338000082143443 0.0 0.0005650581437531232 0.0 0.0 0.0 0.00020705559671890775 0.00011628943663849282 0.0 0.0 6.845574007577015e-05 1.3359610179898321e-05 7.077205768904731e-06 0.0 0.0 0.0 0.00426713521894612 0.0002820842867566348 5.73691044245578e-05 2.921617778694337e-05 7.174444199322952e-05 0.0 0.0 0.0 0.0004664403721711354 0.0007569897059877383 0.004129200236175722 0.007108630705776323 0.0015646943376782373 0.00045537076017585133 4.828562099502104e-06 0.00030814138534969904 0.0 0.0002580426669031573 0.0006373838265079892 0.00038209799485943986 0.00034534827762413596 0.00012860894557718144 1.3150838694335214e-05 7.302013700528995e-06 8.246452237588018e-05 0.00013081201650442639 0.0 0.011647120318589528 0.004528844353363883 0.0023309671949169864 0.00024356085706324173 3.319880171047717e-05 0.0 0.0005168799506746199 0.0 0.000946478399991174 0.0014941239918901906 6.1732077888154e-06 0.0005213446775027576 0.00071795727981201 0.00011659264448933416 7.207343376308147e-05 0.00016054143947680997 7.0781265842824575e-06 1.277967390671365e-05 0.0 1.3046143292008779e-05 2.2242065789362325e-05 5.744537754324525e-06 0.0020947691438725864 0.00014982519092694574 0.0 1.4259199457047365e-05 0.06856590113940357 7.709580627512712e-06 0.00017225508128467925 0.0010462561018065467 0.0015578104013700533 0.0 0.00045659710557889745 0.00032166637549524505 0.0 0.0010114689213245646 0.0004674646873061621 0.0 1.477890830929689e-05 1.1411684567984152e-05 1.4177050970264207e-05 9.534620706183617e-05 0.0 0.0 0.0 0.0 0.0 0.0 0.0 0.0 0.0 0.0 0.0 0.0 2.3171489593593137e-05 0.0 0.0 0.0 0.0 0.0 0.0 6.936679110981654e-06 0.0 0.0 0.0 0.0 8.124574703306114e-05 4.545972077756372e-05 0.00010498417155269125 0.00012193527463057154 2.1967843486885686e-05 0.0 0.0 0.0 0.0 0.0 0.0 0.0 0.0 0.0 0.0 0.0 0.0 0.0 0.0 0.0 0.0 5.552248428649024e-06 0.0 4.686102654454916e-05 0.0 0.0 0.0 0.00023447499540486298 7.954044049088133e-06 1.0899172443013023e-05 0.0 0.0 0.0 0.0 0.0 0.0 0.0 9.159526562066626e-05 0.0 0.0 7.025471400442875e-06 0.0 0.00018350476221006733 0.0 0.0 1.3331952521321809e-05 1.7221578989659348e-05 0.0 0.0 0.0 0.0 0.0 0.0 0.0 0.0 0.0 0.0 0.0 0.0 3.110108686515003e-05 6.023507915854565e-05
0.004598838175664344 0.15575177653722636 0.019306719287399035 0.005461566739774087 0.0 0.00021110772261164338 0.16173847166380176 0.0038336641466811226 0.31506823489584307 0.0818046195303988 0.1737144671006628 0.0016282015778189057 0.04619614310556032 0.08453767541250214 0.0009614349440358028 8.159428817052464e-05 6.1666309248438705e-06 0.0 0.0 0.0 7.612643584539043e-06 0.0 0.0 0.0 0.0 0.0 0.0 0.0 0.0 0.0 0.004842353736447728 0.00015152748141781153 0.00021469852272122352 0.0 0.0 0.0 0.0 7.3652528190411705e-06 0.0 0.0 1.2467791234878817e-05 6.019481144493528e-06 0.0 3.404084165916967e-05 1.4744369025158121e-05 7.074080329948298e-06 0.00434622871785671 9.599438816266083e-05 0.0 2.686246647069992e-05 8.418235026570228e-05 0.0 0.0 0.0 8.985431231249555e-05 0.00012981113644729316 0.00032965911555888277 0.0017067036068627542 0.00010288666623095774 0.00030527591564920444 8.530830937762814e-06 3.4611217670096355e-05 0.0 0.002205623398628472 0.00024367235300277857 0.00011157133809863896 0.00011361978387908646 3.251433493275534e-05 1.449307132491042e-05 6.011203602002261e-06 0.0 0.0 0.0 0.001944695605990652 0.002243420362131637 0.004193155663065465 0.0017376411782501315 0.000854720979979768 2.8606625217744584e-05 0.00022857144720213717 0.0 0.00011452665423716853 0.0002460212158886437 0.0 0.00011538026859570354 0.00019891072674399677 6.270167688908372e-06 6.88997167611558e-06 3.776395945553955e-05 0.0 0.0 6.312952950945087e-06 6.203404764503298e-06 0.0 5.820163254631655e-06 0.0005195079049735907 8.408502900543749e-06 0.0 0.0 0.0011897051316844109 8.417244660243765e-06 0.0 1.83763767113258e-05 0.0 0.0 0.0 0.0 0.0 0.0001293420321687512 7.578428109590433e-05 1.582237063547873e-05 9.034185412305995e-05 0.0002706350512069348 0.00014535586600830766 5.3951023592790826e-05 0.0 0.0 0.0 0.0 0.0 0.0 0.0 0.0 0.0 0.0 0.0 0.0 9.53975071450312e-06 0.0 0.0 0.0 0.0 0.0 0.0 0.0 0.0 0.0 0.0 0.0 6.076243970359119e-05 2.1309649335153892e-05 8.295994064091374e-05 2.9388712030933597e-05 2.3643274141482153e-05 0.0 0.0 0.0 0.0 0.0 0.0 0.0 0.0 7.517149805384367e-06 0.0 0.0 0.0 0.0 0.0 0.0 0.0 0.0 0.0 0.0 0.0 0.0 0.0 9.295545360688999e-05 0.0 0.0 0.0 0.0 0.0 0.0 0.0 0.0 0.0 0.0002107149790707462 0.0 0.0 0.0 0.0 4.742434405934752e-05 0.0 0.00011516243752763862 0.0 0.0 0.0 0.0 0.0 0.0 0.0 0.0 0.0 0.0 0.0 0.0 0.0 4.610770051805169e-05 1.5813815542253046e-05 9.83752999950947e-06
0.006313546061626466 0.003280531469823728 0.0009531478489013183 0.05315152264189899 0.00021110772261164338 0.0 0.00420013078948377 0.0006900767409209394 0.0002465155849030577 0.10932879261179636 0.0008747070867331154 0.009830301231991977 0.009910570984384437 0.0036055883642743774 6.52491420192896e-05 7.082555368834704e-05 7.256025176486783e-06 0.0 0.0 0.0 0.0 0.0003402348984031421 0.0 0.0 0.0 0.0 0.0 0.0 0.0 0.0 0.0005906297408056297 6.965437557539562e-05 0.0061144480235108475 0.0 9.952279269027461e-06 4.637404201232214e-05 0.006353280672656897 0.0006036731826038234 0.00033828159374915147 0.0 0.0 0.0 0.0 0.0 0.0 0.0 0.000363847422644336 0.0 0.0 6.892262286000244e-06 0.0 0.001270822526740882 1.2344745919487265e-05 8.766331103267813e-06 2.939607746552116e-05 0.00011224235727116957 0.001849757081774047 0.00045867457772399414 5.234840592439269e-05 7.858929589270497e-06 7.752621617177086e-05 0.003739621842493438 0.0 3.8707823517000036e-05 6.326635113717799e-06 0.0 0.0 0.0 8.67006181470813e-06 0.0 0.004196702805532955 0.018953863773428687 0.0008524214552743569 0.00024916823523100365 0.00013764579776224978 0.000251954636169433 9.94694692078039e-05 3.492308891337153e-05 0.0 0.0030042813969194918 1.0223556268416473e-05 0.005269137983493956 7.40244238616339e-05 0.00010510035102481727 1.3065639870559053e-05 0.00028570180792711705 0.0 0.00026539621306759427 0.000582960400680871 0.001010188583051982 9.131058128815329e-05 0.0003051066777283483 0.0 0.0 2.974510458887844e-05 0.006146015491392039 0.006038512626380176 0.0008011995075089953 0.001667486553394272 0.017150533154293213 0.0 0.0 2.5989086146137127e-05 8.115909787064338e-05 0.0 0.0 2.7002816258056938e-05 1.131697228462286e-05 0.0003493063796681751 0.00010243437173101353 8.994568800065545e-05 0.00025738092989793316 0.0002902126887213035 0.00026752498039793183 0.00010317929504508066 0.0 0.0 0.0 0.0 0.0 0.0 0.0 0.0 0.0 0.0 0.0 0.0 6.308961336010409e-05 0.0 0.0 0.0 8.134138013180017e-06 1.9907671460017458e-05 9.960081165750327e-06 0.0 0.0 0.0 3.540327562947373e-05 0.0 0.0002604763329669477 3.6438885990957086e-05 0.00016396257010135287 9.306348342754933e-05 5.985631165766946e-05 0.0 0.0 0.0 0.0 0.0 3.848366973436161e-05 0.0 0.0 0.0 0.0 0.0 0.0 7.92990203314763e-06 0.0 0.0 0.0 0.0 0.0 0.0 0.0 0.0 8.641876265519097e-06 0.0001389605289245638 0.0 0.0 0.0 0.0 0.0 0.0 0.0 0.0 0.0 0.0002743122746288254 1.4372859203878468e-05 0.0 0.0 0.0 1.556838885636404e-05 0.0 4.796738404401935e-05 0.0 0.0 0.0 0.0 7.370044106621256e-06 0.0 0.0 0.0 1.2590639543670643e-05 0.0 1.4743640862643107e-05 0.0 0.0 6.942865444743339e-05 0.0002281128604637784 0.00022638074197643636
0.03240910967192726 0.4508844656746987 0.006317934438601301 0.014061877429618763 0.16173847166380176 0.00420013078948377 0.0 0.0007100646272642901 0.2078604692147409 0.17473541548977078 0.037967470475230504 0.0030400423587110194 0.29089124776035075 0.17408348357866124 0.0025453906022754294 0.0003026195276380349 5.372850518261697e-06 1.24291937236291e-05 0.0 0.0 2.9986149782683466e-05 0.0 0.0 0.0 1.3055605050966916e-05 5.6785068019543464e-06 0.0 1.5979636867990166e-05 0.0 0.0 0.01580741744979799 0.0003303892606568848 0.00016934161544316344 0.0 7.161669355343234e-06 0.0 9.659232387308128e-05 1.4454652861095267e-05 1.1161659247377778e-05 6.938753122450044e-06 5.889226584829666e-06 0.0 2.1961351520785863e-05 0.00011235918055215591 0.0 1.948205230673671e-05 0.017989920423814264 0.0005651007646615878 7.296807665076943e-05 1.3592348443487259e-05 8.591704997487451e-05 0.0 0.0 1.3215085702965325e-05 0.0010409699200425195 0.0011899675444752465 0.003326969527008184 0.010044622931700109 0.0012550901108426464 0.0015806296442517692 1.8479640822610017e-05 9.568815392038009e-05 0.0 0.007091631978257719 0.0010972864176605215 0.0008017363657313291 0.0007213772229547833 0.0003699165695879943 5.8855037043119635e-05 7.666783392699217e-06 0.0 7.2089095787759715e-06 0.0 0.014005984229523778 0.011999295075982418 0.01548340344298023 0.00484179136587073 0.0010799178156931022 0.00016638613876058161 0.0003031015178896937 3.165715268674022e-05 0.0003271277358542794 0.0022859121556272027 6.655024707319485e-05 0.0008513661404433811 0.0011687166841951627 0.0002016992403333104 0.0001720670967164729 0.0003114492567712158 6.728758781004104e-06 4.262287472104481e-05 2.1659506389628808e-05 4.2131926111269704e-05 1.9884573796742347e-05 2.8936067599377124e-05 0.0016057279269620446 2.502031272258803e-05 0.0 3.8407559880812055e-05 0.011894450971224178 1.5916260606762154e-05 1.5056508567476571e-05 0.0008253835571476864 0.0003170621843210148 8.727666653311559e-06 2.939581188756352e-05 4.336586225479365e-05 2.1461322104041048e-05 0.00054472407763042 0.00023629543108011494 0.0 0.001058487589611442 0.0004589614683127372 0.00048468129759345817 0.00035771119114395107 0.0 0.0 0.0 0.0 0.0 0.0 0.0 0.0 0.0 0.0 0.0 0.0 1.6194661952551768e-05 0.0 9.82451559115075e-06 0.0 3.707657676245492e-05 3.198559751838023e-05 0.0 3.417517131667539e-05 6.781049339369054e-06 0.0 0.0 0.0 0.00036274237398705464 2.5851283839148393e-05 0.00025351914666621217 7.713684187910274e-05 3.215532795573568e-05 7.600576658197243e-06 0.0 0.0 0.0 0.0 0.0 0.0 8.417301803042021e-06 0.0 0.0 0.0 0.0 0.0 0.0 0.0 0.0 0.0 1.1839770657498486e-05 5.693274677894058e-06 0.0 0.0 1.090871801140861e-05 0.0003008082048785631 9.440610680602125e-06 0.0 0.0 0.0 0.0 0.0 0.0 0.0 0.0 0.0006175729065129054 0.0 0.0 0.0 1.1947432587380467e-05 0.00013296180857500493 5.480336666011874e-05 0.00018214476633248924 6.5070213224065154e-06 8.480989356466283e-06 1.7119743992548833e-05 0.0 1.7388512150985528e-05 0.0 0.0 0.0 0.0 0.0 0.0 0.0 0.0 0.00020965756628274845 0.00018365778844694767 0.00018368286488369408
0.0024473063659260024 0.05818334968569934 0.2919997535378794 0.0002973677959065376 0.0038336641466811226 0.0006900767409209394 0.0007100646272642901 0.0 0.005141034335899518 0.0020504470502221367 0.1416859799383126 0.001143847151181158 0.004440054542267455 0.04000910627793307 0.005728268133537645 0.001796304355354888 0.00026230939937748433 0.00014433085645222785 5.808033199103197e-05 0.0009913343837037504 0.006016794139371049 0.00040550049645989727 0.0020999982622940507 0.00016520413127103366 0.002586466273148529 0.0007914011001902624 7.361954482303704e-05 5.7077555337213514e-05 3.41699022064584e-05 7.936350461877346e-06 0.038855062612088286 0.19348117341069196 0.015146371667807221 0.0015083587385833189 0.008029177078065969 0.003967303592108915 0.00458305656253789 0.004416892902459632 0.0008153655179464178 0.0005967580381645301 0.00335416855585318 0.0019060014657248585 0.0015654017361330108 0.0008710635879023253 6.0072579734147566e-05 0.0005992624442914847 0.012797357551077533 0.00018862983175915162 0.00045332909697344916 0.0016580626088189463 0.0011647328983680643 0.0008712123866605684 0.0002114081413497123 0.0005086861947636861 0.0001703829444382101 0.0001861936503238034 0.0007303837665996528 0.005568074638736329 0.0002553156977402244 0.0006536611610284168 0.026281720413315623 0.019099311949001736 0.0002584765717621862 0.029120487447447017 9.582586262202305e-05 0.00046929516705269736 0.000505343707867633 0.001132196619512342 0.005576727953901625 0.010544021311272014 0.001648558450448721 0.0003735690207905121 6.346870739125608e-05 0.003013512860876822 0.007666518533652401 0.01610346196053742 0.022983669421952097 0.03789758619676275 0.17246658148525384 0.19062330338073408 0.03419786530308753 0.24872212895053347 0.0003877186840338944 0.0 0.0003978465239383515 0.00031883952670733656 0.0011422848561923001 5.921596619502945e-06 0.00016545238625332808 4.179715421131914e-05 0.000146772612303601 0.0004465685945516841 0.014720511251101602 0.0021781923357368483 0.0012669784294773324 0.0046655183072295565 0.001388291592640081 4.497162168866201e-05 0.001434862106286694 0.001472964311924319 3.3570673980362946e-05 1.421875704973944e-05 5.587988146925026e-05 0.0 5.0373612312952295e-05 1.8249723236386772e-05 0.0 1.7293640412006234e-05 5.442418555422654e-05 5.9239537871421576e-05 4.587232606670287e-05 0.00016395065882110919 0.0004516250834911614 0.00033326975673645423 0.000659390161383785 7.292821329048391e-06 6.6355338430490384e-06 0.0 0.0 0.0 0.0 0.0 0.0 0.0 2.515979012989157e-05 1.9334218445458582e-05 4.2842814086257045e-05 0.00010338501347256515 0.0 5.244321398996821e-05 1.5189535369181888e-05 9.45423809513193e-05 1.0578849507766162e-05 7.583426743895643e-06 6.221292473963043e-05 3.690864006474781e-05 5.3605881091281186e-05 6.266563175615643e-05 6.259902012411247e-05 0.000711125185083061 0.00019796066622633602 0.0007709506129630291 0.0002873999046808075 0.000404933047792893 9.740746969982553e-05 2.3779862300062077e-05 0.0 0.0 0.0 1.221289190568916e-05 1.7893378569549044e-05 0.0 2.2750223633105792e-05 0.0 0.0 4.896990763687406e-05 0.00015440048961393987 4.837240076954914e-05 0.0 0.0 0.0 0.0 0.0 0.0 9.33805405158212e-06 1.4235324651715877e-05 0.0009305695804651797 2.276519450203362e-05 0.0 0.0 0.0 1.1540160081862086e-05 3.121343613714096e-05 0.0 2.2224427712298422e-05 3.357810472100567e-05 0.0010942014031522314 7.61199204779542e-05 1.6070660991886402e-05 1.033436214063718e-05 0.00015688530174747865 0.0002455448718896704 6.64849448275568e-05 0.00029468958152330005 0.0 0.0 2.5505247188900215e-05 0.0 6.686767531754684e-06 0.0 0.0 0.0 0.0 0.0 2.387583172498515e-05 0.0 8.233249203573319e-06 0.0004427072330882361 0.0005797234206148796 0.0006189931782467429
0.0020247931392408406 0.13164326611376104 0.01699454101679549 0.0007834176248789834 0.31506823489584307 0.0002465155849030577 0.2078604692147409 0.005141034335899518 0.0 0.07946321415521687 0.12127048903692404 0.003220515488670717 0.10359131064992946 0.07819548273168551 0.0012922171593898303 0.00011945812725103983 0.0 0.0 0.0 0.0 1.3632181871830839e-05 0.0 0.0 0.0 2.2920973389138824e-05 9.71538155394209e-06 0.0 0.0 0.0 0.0 0.0037227987986033343 0.00015009142521044225 0.0026978741414836337 0.0 1.242324923995835e-05 0.0 9.208723463755318e-05 1.5602014944164864e-05 3.380190476251199e-05 0.0 0.0 0.0 0.0 4.8117525385913045e-05 0.0 0.0 0.004791294449195034 4.689972092644736e-05 1.546696909692091e-05 1.5696387636039322e-05 2.3213998937546806e-05 0.0 0.0 0.0 9.04779111257246e-05 8.156532439084496e-05 0.0003404308247318728 0.0012386546377096536 7.158971671048085e-05 0.0002660932006487413 1.4814311810232254e-05 0.00010534488737148758 0.0 0.0020185665383097625 0.0001506715927759056 7.825206032182361e-05 6.784151213723918e-05 2.5485616188719743e-05 0.0 1.4759643023025303e-05 4.096672350236522e-05 0.0 0.0 0.0015171882625466429 0.002026653158004558 0.004383423940483308 0.002275150892701953 0.001057866815285098 3.526952610742467e-05 0.009683956552308658 1.4669202844105595e-05 0.00020695586131147054 0.0002481319652783633 0.0 6.946898039227628e-05 0.00011124922686591504 1.2891846308138531e-05 6.1006652785288505e-06 3.865249187333323e-05 0.0 6.719287770354825e-06 0.0 2.2177252794920838e-05 0.0 0.0 0.00075392670070847 0.0 0.0 1.0334649487279874e-05 0.000829410948372031 7.2840436510180385e-06 0.0 9.300288648318547e-06 0.0 7.57116117830273e-06 1.4325110681649751e-05 1.0290284907142595e-05 1.700861812065786e-05 0.00010181224665776258 9.905677466705606e-05 4.326830371586173e-05 0.00021055922521762884 0.00040419718950349885 0.00024606920495484223 0.00021554356130628198 8.360998731804746e-06 1.1267317914017788e-05 0.0 0.0 0.0 0.0 0.0 0.0 0.0 0.0 0.0 0.0 9.100413480119327e-06 0.0 0.0 0.0 0.0 3.340428449194595e-05 0.0 0.0 0.0 0.0 0.0 0.0 0.000288846780468865 6.012546240074595e-05 0.00015898742692839742 4.543867154755207e-05 1.4790027209404655e-05 0.0 0.0 0.0 0.0 0.0 0.0 0.0 0.0 0.0 0.0 0.0 0.0 8.52991121081934e-06 0.0 0.0 0.0 0.0 0.0 0.0 0.0 7.1105695440506625e-06 0.0 0.00014579401303983623 0.0 0.0 0.0 0.0 0.0 0.0 0.0 0.0 0.0 0.0005142564448064394 0.0 0.0 0.0 0.0 0.00012098232540840435 0.0 0.0002316699670026341 0.0 0.0 0.0 0.0 0.0 0.0 0.0 0.0 0.0 0.0 0.0 0.0 0.0 0.00027783378719075145 0.00014491798074521694 0.0002731197555854826
0.10586000506873994 0.16487962735669345 0.013013818814295367 0.18862129989855506 0.0818046195303988 0.10932879261179636 0.17473541548977078 0.0020504470502221367 0.07946321415521687 0.0 0.02290049116099192 0.08648542323902121 0.7754884749544484 0.07817071592400783 0.006593526261299441 0.0005748329151778431 9.015555118577392e-05 1.4172169886858281e-05 0.0 6.329019873165316e-06 1.0697672786691751e-05 0.0 0.0 0.0 0.0 0.0 1.1266076010535531e-05 0.0 0.0 0.0 0.013854127239329843 0.0009323947687885963 0.004467716827777972 0.0 3.068517110323149e-05 6.371392183246582e-05 0.0031425118319024638 0.0003697060157913425 0.000254450018087999 1.0448114404379757e-05 1.9123536757782108e-05 0.0 4.477003223651489e-05 0.0001022937101072431 0.0 7.553146176457142e-05 0.038076258017558096 0.0008017060620890843 8.042407386610391e-05 0.00012762000292271397 0.0002038553246423035 2.0072173059223256e-05 0.0 1.7121524670986146e-05 0.0015094510166415139 0.0016979604784566667 0.005338998786067534 0.009477475152549118 0.0019024141094212536 0.00253114091192423 0.00018991176785321666 0.002262635275121796 0.0 0.013579651939562875 0.0016718276662001208 0.0009701083435341468 0.0011366135972740341 0.0005366735852453376 0.00011213506595315057 9.423102562587992e-05 0.001415404664022627 0.0005525267368014808 0.0 0.02018319988250881 0.01570498871996592 0.028235012057251683 0.009546639017065312 0.0025670376509908197 0.00031261607026281417 0.004221775915480052 0.00015945763705613997 0.005265455708648698 0.0034432559383436715 8.055145985729495e-06 0.0011337731027858998 0.0019193785267711291 0.00024267910504662476 0.00022863295462175338 0.0006606499228068211 2.0335023400628397e-05 9.808349947943805e-05 1.8639770181422994e-05 0.00011244263407160798 1.3892538610363189e-05 5.2913619491659136e-05 0.013873905965072382 0.001319284686873726 1.58789692166156e-05 0.0007283513267891074 0.06022192607604411 7.900214553533387e-05 6.726205368669141e-05 0.0007805649045531063 0.0005702572899605731 0.00032581669176299626 0.0004297408339317464 0.00026766877834500123 0.000514743017910519 0.004213258527249527 0.0028210533146964434 0.0004340556507102691 0.0041457902642515025 0.007185493396645393 0.004482572274239696 0.0038284044111483494 0.00014017558345489015 3.209346135281607e-05 0.0 0.0 0.0 0.0 0.0 0.0 0.0 0.0 0.0 0.0 0.0002316407136994432 3.373757938661569e-05 0.0 1.3442161931572077e-05 0.00011243733775053469 0.0 2.1106925734515535e-05 0.0002998669552361774 0.0001499668147265954 0.0 0.00025014639041359335 0.0 0.0034777403158723547 0.0008966325808758827 0.003266440250057541 0.0008007899786792713 0.0008149871139825821 0.0 0.0 0.0 0.0 1.2584689073611502e-05 2.68322939847827e-05 0.0 0.0 6.13481735218225e-05 0.0 2.9303177425190507e-05 9.313082104523986e-06 4.2175521168390374e-05 1.846022424397731e-05 8.816314181017179e-06 0.0 0.0 2.1259031700235238e-05 9.054253364417186e-05 0.0 0.0001887289320652024 5.444370335724474e-05 0.0038393759682786815 1.432118578773476e-05 1.0302957547145984e-05 1.3371514929536483e-05 0.0 0.0 0.0 0.0 0.0 0.0 0.006754515454328493 4.347939356638295e-05 0.0 0.0 0.0 0.0016265540475437236 0.0002538748306534586 0.002209843199994694 0.0 4.9399418486825094e-05 9.509122827694608e-05 7.822876293086312e-06 8.105344029243764e-06 0.0 0.0 0.0 0.0 0.0 0.0 0.0 0.0 0.00391557070609451 0.00213396122920353 0.0022028113231586746
0.010015764507013929 0.35005962844359567 0.3021816224451687 0.016880464388217067 0.1737144671006628 0.0008747070867331154 0.037967470475230504 0.1416859799383126 0.12127048903692404 0.02290049116099192 0.0 0.012528579865575828 0.07962005382871207 0.21273176636027705 0.0017685636922380574 0.0005333343179378038 2.393889887088542e-05 0.0 0.0 0.0 9.04124238462636e-06 2.302259178783307e-05 0.0 0.0 6.049913113136569e-05 0.0 0.0 0.0 0.0 0.0 0.013948379117179137 0.0016721643161933747 0.0907810751425975 1.6575199247522754e-05 2.0114212743796918e-05 0.00013197518047597563 0.003919400399563378 0.0014964097321200091 8.980910201894404e-05 7.633478501846354e-05 6.307954534326725e-05 2.4278346684385274e-05 0.0 4.924197701639899e-05 0.0 0.0 0.003946793908207983 8.819247075954324e-05 3.1396360574506826e-05 1.6040323608179915e-05 2.4801811179023517e-05 0.0 0.0 0.0 0.00012220440469339725 8.44766764930422e-05 0.0005892673329577476 0.002006125289632568 0.00027275291242606116 0.00028109463281038327 4.083569561016486e-05 0.008526778466836419 0.0 0.0017433179489994525 0.00010988968323276883 7.411162758130345e-05 6.903659662011543e-05 5.859661118695145e-05 6.692872505055984e-05 0.00010064084541578936 0.00313737866984471 2.4726544317802626e-05 1.5848466935119837e-05 0.0018969836644045141 0.001993709164194793 0.004693900460841861 0.0021255102741018317 0.0007406780172169946 5.3999552522378675e-05 0.17327983129218294 2.8957079822624185e-05 0.017208479940843624 0.00022406975714678 0.0 0.0001028851712665118 0.00011673740406806577 7.664282170786673e-06 5.797904774165329e-06 4.7413273594564e-05 0.0 1.440212665671462e-05 0.0 0.00013309688761949356 4.451327875957587e-05 3.781293790847374e-05 0.009204577520272175 0.0011977693138513056 1.924006289621752e-05 0.0021401119031380133 0.002888145600394797 1.0927097312198553e-05 6.59130586141046e-06 9.28158961996689e-05 0.0 3.3773663703176074e-05 1.9435142423099643e-05 1.2137018242372423e-05 2.7455744770953355e-05 0.0003051981742327102 0.00017271440217194134 5.9578757657945515e-05 0.00043113188501542067 0.0008476921230045817 0.0006379510226582468 0.0005521273407504316 0.0 2.0928891088029624e-05 0.0 0.0 0.0 0.0 1.1899787466405748e-05 0.0 0.0 0.0 0.0 0.0 5.5956173635537125e-05 0.0 3.542403261488856e-05 0.0 1.950955540764934e-05 0.0 1.9104600722871937e-05 4.9736478819791806e-05 0.0 0.0 0.0 8.228789888440283e-06 0.0006397715116667772 0.0002396311114525693 0.0005185937671400039 0.00010252313844226977 7.43083816642832e-05 0.0 0.0 0.0 0.0 0.0 6.015209584269073e-06 2.8354535137360965e-05 0.0 0.0 0.0 0.0 7.0579959927800274e-06 4.405886943187876e-05 0.0 0.0 0.0 0.0 0.0 6.429112287037363e-06 0.0 0.00013607864182601959 2.1249305995970844e-05 0.00041176996700666683 1.8077555794739676e-05 0.0 0.0 0.0 0.0 0.0 0.0 0.0 0.0 0.0013721058754402175 0.0 0.0 0.0 0.0 0.00015288021689470753 4.1824955543217e-05 0.00025613058343118225 0.0 0.0 2.29132612882418e-05 0.0 1.3336655101510306e-05 0.0 0.0 0.0 0.0 0.0 0.0 0.0 0.0 0.0007308967685200373 0.0004208015876324999 0.0004493089106396399
0.010654857650400106 0.013474044839672456 0.003078565769356813 0.0031458243536593242 0.0016282015778189057 0.009830301231991977 0.0030400423587110194 0.001143847151181158 0.003220515488670717 0.08648542323902121 0.012528579865575828 0.0 0.0948580195017331 0.02608576229468574 0.0004980407238279678 0.00011309688809134529 7.632425332863506e-06 0.0 0.0 0.0 1.7595767447634722e-05 0.0 0.0 0.0 0.0 0.0 0.0 2.3586239642427095e-05 0.0 0.0 0.0011088604090000412 4.8650813543898416e-05 0.004768550732766107 0.0 1.1571893382497573e-05 0.0 0.0038015997307405554 1.83763788881943e-05 0.00023489219878450237 0.0 1.4354159903418248e-05 0.0 1.4971498042826118e-05 1.3755269091941114e-05 1.0812956477427786e-05 8.662046040654622e-06 0.002269388586258454 3.497486464233499e-05 0.0 0.0 0.0 0.0 0.0 0.0 4.746420252167891e-05 5.351915682689997e-05 0.0003548896985409998 0.0005408979732735005 3.4278014748120964e-05 0.00016746624213744406 3.278154554177652e-05 0.0004355214864787904 0.0 0.0006533997659236075 6.521165198989194e-05 1.3056405594359722e-05 5.661000697543575e-05 3.539663563631555e-05 1.8650080919098173e-05 6.252768414319497e-05 0.008159657142259379 2.914228725083493e-05 0.0 0.0007464811965435482 0.0005325602621367478 0.0014208316527163972 0.00046050422753941177 0.0001795016719130642 0.0 0.00485808962064171 4.112366266038373e-05 0.0008603733823188244 9.601289589869265e-05 0.0 3.677763720653527e-05 9.72488391149784e-05 6.937607545399149e-06 0.0 1.2106466437118168e-05 0.0 0.0 0.0 9.318008357951393e-06 2.312774650941411e-05 0.0 0.03372823724875879 0.00771584030977025 0.0 0.0071370783483007405 0.008047302806872299 4.890184076823433e-05 8.493077507276017e-06 0.0002579927855940105 1.2136293345160171e-05 0.0001993597107711616 0.00021611231718282362 0.00015836456389672316 0.0001635457362451422 0.0015143770774160637 0.0008944988383125764 0.00014334160577086688 0.0011290936937299904 0.002969417769713558 0.0020277557897935817 0.001655508813355127 2.1480897594074633e-05 8.733918075441554e-06 0.0 0.0 0.0 0.0 0.0 0.0 0.0 0.0 0.0 0.0 3.240633885355781e-05 0.0 0.0 0.0 0.0 5.310313548685893e-05 0.0 0.00016269733330980888 5.411750559811929e-05 0.0 4.230039940706336e-05 0.0 0.0013413273019842475 0.00016970331030856993 0.0009273807744992097 0.00023623664256926176 0.0001401764971954453 0.0 0.0 0.0 0.0 0.0 0.0 0.0 0.0 1.5266390255977368e-05 0.0 0.0 0.0 2.5117390173580287e-05 7.643168723154113e-06 0.0 0.0 0.0 0.0 4.98852715916465e-05 1.1524122003149549e-05 3.418771769830548e-05 0.0 0.0011759542288464746 7.0325467673021095e-06 6.633430443855827e-06 0.0 0.0 7.368256897578433e-06 0.0 0.0 0.0 0.0 0.0033608955007585024 0.0 0.0 0.0 0.0 0.0006489976757656229 3.48649774086235e-05 0.000881338766430476 0.0 5.978605540353056e-06 0.0 5.794593757168822e-06 0.0 0.0 0.0 0.0 0.0 0.0 0.0 0.0 0.0 0.0018556767447901004 0.0007278315161682552 0.000585725810076304
0.012864282124295641 0.05699863942995667 0.013790388819563435 0.003592837456052309 0.04619614310556032 0.009910570984384437 0.29089124776035075 0.004440054542267455 0.10359131064992946 0.7754884749544484 0.07962005382871207 0.0948580195017331 0.0 0.19375046432069892 0.0033583419077434546 0.0007118392447554605 1.9158767741888427e-05 0.0 1.2743974895878689e-05 0.0 4.737126438614941e-05 3.894727959679623e-05 7.291816160016085e-06 0.0 0.0 0.0 0.0 0.0 0.0 0.0 0.004165188545215985 0.0006905056591184398 0.04544571413730222 6.175242616650696e-06 0.0 0.0 0.014474436143567809 0.0008636397914701379 0.0003829270965901713 8.704074187825205e-05 4.387438254714325e-05 3.449840799041655e-05 0.0 6.313433276980773e-05 0.0 1.7717431539959684e-05 0.009788428161124187 6.205331021021895e-05 0.0 9.665457251642362e-06 5.6643189526278616e-05 0.0 0.0 4.296868878648832e-05 0.00013791613272179316 0.00024741111323201015 0.00059134908210524 0.0013687191420591429 0.00015391197147785087 0.0004716439167414002 2.6369361672670343e-05 0.003322943664489747 0.0 0.002538186166705649 0.0001706593724526997 0.00012080762354760004 9.843496660028123e-05 5.2658568325891234e-05 4.0603317074096414e-05 9.409040536261105e-05 0.018866519515128473 5.506193401273977e-05 0.0 0.0024384850297093433 0.002581075222376912 0.0074482453332539635 0.003263355776501073 0.0011101301600726476 0.0001592286261356492 0.018485584112812606 1.6968896801042303e-05 0.004493117107455982 0.0003056443032968304 0.0 0.0001458617724257996 0.00012185299825276368 3.556984090002253e-05 2.439288098813837e-05 6.391696216747169e-05 0.0 4.2157804724060286e-05 0.0 0.00012355626724602263 2.6710431797423758e-05 1.4418330721650681e-05 0.15034940941155536 0.010736983693124749 1.8252367587403537e-05 0.010232452661970759 0.011823366960115069 0.00014053647777690392 0.00012430085913185982 0.0009763400519429556 2.346917799433939e-05 0.0005770166168733453 0.0004375985433862197 0.00019518141031455816 0.000513404702554819 0.006042702829953767 0.0021996136709433165 0.0005836161937466415 0.003759990651437485 0.00765169086022328 0.005273798732977255 0.00518096775379993 9.898956766147591e-05 6.866868570669211e-06 0.0 1.3862238233421292e-05 0.0 0.0 7.888489286703477e-06 1.0382650526255205e-05 0.0 0.0 8.519417071972586e-06 0.0 0.0001500762883552909 2.8244499332374e-05 8.297259042379783e-05 2.5393460637417887e-05 0.00015186315508554038 0.0 0.0 0.0002062808753403063 0.00021396849626255498 0.0 0.00018838489813397907 2.7494602417989443e-05 0.003909886985692486 0.000807694070612946 0.0033978950577363727 0.0006857808792249262 0.0009244265663867492 0.0 0.0 0.0 0.0 7.4037877453213584e-06 0.0001160976762918641 0.0 1.4526443263313247e-05 2.6671173606582695e-05 7.713098991234344e-06 0.0 0.0 7.102602042056257e-05 7.259257826217101e-06 0.0 0.0 0.0 9.328296238507277e-06 0.00012896801459495353 6.960836909218824e-06 8.0057108257829e-05 0.00012039716247393855 0.003604105090700694 4.039130531976322e-05 0.0 8.873031945704709e-06 0.0 0.0 0.0 0.0 0.0 0.0 0.008876223747041743 3.381331590721659e-05 0.0 0.0 0.0 0.002111026286849193 0.00027174113278832204 0.0025782431567236306 2.2685087917908404e-05 2.0898378466408467e-05 5.4462206739539484e-05 1.4378654027839485e-05 5.30602506330881e-05 0.0 8.561091586854494e-06 0.0 0.0 0.0 0.0 0.0 0.0 0.004766479303607981 0.0020794377120509746 0.001955002817138857
