0.0 0.08859905241735029 0.024148591555632468 0.050591931841651436 0.007893339774968023 0.016280290563465007 0.027739549456880154 0.0019764483100097098 0.0016282722465947171 0.05340354407182769 0.00808271602998409 0.0059829867158073605 0.022793433264254034 0.009425682365612354 0.0009383053602676707 0.000170193789682465 7.544386229082163e-06 0.0 1.9814638695207986e-05 0.0 0.0 0.0 2.719351091672924e-05 0.0 1.291112163192477e-05 0.0 0.0 1.4260519486442948e-05 0.0 0.0 0.07257270186452891 0.0009580878878079355 0.001827428152430023 0.0 1.6597569741038653e-05 0.0 0.0003105372161533819 5.362017655562663e-05 8.684210494939446e-05 3.219250563360122e-05 0.0 0.0 2.8403499415374943e-05 1.171861160025118e-05 2.279064656367818e-05 1.564955336679951e-05 0.010287360122296413 0.000567252149083445 3.857029022207746e-05 2.855440394145703e-05 0.00018697086164159193 0.0 0.0 0.0 0.00010994563470337146 0.00025453797564642253 0.02386501731710111 0.14287776755738638 0.0019764557287937825 0.007825492992230787 0.0 1.792202525761227e-05 0.0 0.0029912643111505758 0.0005215137738617513 0.00034560693630243786 0.00016570041735719892 0.00019853341952663674 6.109623624089498e-05 4.9851986561010593e-05 0.0006218222389782973 0.00012325724602322763 3.6602469184173995e-05 0.03865530387489922 0.007471548396867982 0.01437468086956268 0.0008608826094312372 0.00018039691058441442 0.00019360626746868623 0.002625998943694029 8.653294540654889e-06 3.279934015776497e-05 0.0012231738593538749 0.0 0.00029518983452306947 0.00019570663736028998 0.00012907744059576255 2.4771481802474182e-05 0.00013931174140927055 1.1293463356624188e-05 3.451887824955958e-05 1.0635211201992968e-05 0.0 3.823010227291597e-05 2.7751645622197406e-05 0.0024809720399649377 0.0017413312212098476 3.3367205676983854e-05 0.0004044438103315524 0.08042577632585851 0.0 0.0004954530228894003 7.17845869950855e-05 0.0015308895771276893 0.0001478080904423714 0.00020044811427319541 0.00027105369874122227 0.0004788003755225341 0.0011367862694695726 0.00047753794499254574 0.0 0.0009656209041818665 0.0005153228492755137 0.0007350458775803269 0.00039062204870191774 0.0 0.0 0.0 0.0 0.0 0.0 0.0 0.0 0.0 0.0 0.0 0.0 0.0 0.0 0.0 0.0 0.0 0.0 0.0 0.0 0.0 0.0 0.0 0.0 6.161333788968717e-05 7.861030860264609e-05 8.009618184936497e-05 8.451331885823491e-05 6.965968386284461e-05 0.0 0.0 0.0 0.0 0.0 0.0 0.0 0.0 2.3086956340205363e-05 0.0 0.0 0.0 0.00018742872308287717 0.0 0.0 0.0 0.0 0.0 0.0 8.127608346224028e-05 0.0 0.0 0.0002456009220633293 0.0 0.0 0.0 0.0 7.990194881299522e-06 0.0 0.0 0.0 0.0 8.227423779465615e-05 0.0 0.0 1.0677968832569584e-05 0.0 0.0002677873226213012 0.0 0.0002137605809180541 0.0 0.0 0.0 0.0 3.0877776289479844e-05 0.0 0.0 0.0 0.0 7.67581520376742e-06 7.709249791815503e-06 1.1895846875561147e-05 0.0 1.2231357058913744e-05 0.00011188780991509176 1.0572522509727427e-05
0.08859905241735029 0.0 0.0851327015074147 0.10649929721629209 0.08408891553638094 0.01677872018234169 0.09070276173447053 0.017444541214670956 0.09335853011370691 0.07159190662289953 0.07226802752399722 0.020207810821807476 0.06987167024178366 0.10583357390517592 0.0038921218023166984 0.000660837095310689 7.009356968235106e-05 1.8813095551870897e-05 0.0 1.0257052790098964e-05 1.2673532237476563e-05 0.0 4.2611086881965946e-05 9.559661891607628e-06 8.652332465787602e-05 1.1511742297292352e-05 7.524455300001774e-05 4.149259428906543e-05 1.1090534516061153e-05 0.0 0.12426821933092484 0.010161856894924876 0.00832586771564157 0.0 7.376323154100659e-05 2.412841199816076e-05 0.0010396845092877267 0.00011138476145500543 0.00019024083012652394 4.049095633063114e-05 4.0553604577295775e-05 6.924797416739831e-06 3.262617331207986e-05 9.997580667957805e-05 1.548433573929765e-05 1.833846907749168e-05 0.02985745607900173 0.001004922999867502 0.00011059128904788664 0.00011256024322565787 0.000292835791811755 0.0 0.0 8.284680627530416e-06 0.0002485681432907648 0.00012036081255387692 0.01793859503459506 0.09118348400007827 0.0019476569293252015 0.012843048279561722 1.5534044045845154e-05 0.00010638590664012997 0.0 0.012297025171065162 0.00042334359870830105 0.0004126858689207256 0.0002519677545135162 0.00024394497705395798 4.092630482219633e-05 0.00011661108630759264 0.002624490239900166 6.145506032947399e-05 1.4349204091404344e-05 0.04370718783078608 0.014364521364268476 0.027571786614235413 0.005687030462342875 0.000401499535683722 0.0006717949304623711 0.009253676931933122 4.5500251414879605e-05 0.00048706201541840485 0.0016838689996662784 0.0 0.0004502737703067048 0.00024018912064696692 0.0001433016820358057 0.0 0.00015280861745077908 0.0 6.70308146195068e-05 1.706672810278485e-05 3.791085652546587e-05 5.3171337798555034e-05 1.7754100427020717e-05 0.0052629028985958365 0.00014931532824896183 0.0 0.0004537966597209963 0.03191330482099284 1.2560134707323246e-05 0.0004440520666181831 0.0002216374094322043 0.0024491998417006653 0.00022261683877748914 0.0013697520123337598 0.00036434853861885727 0.000696897658420995 0.003090092581980595 0.0009900122901618594 0.00025842061343072997 0.004918274851258935 0.002209460906781889 0.0020596561204577857 0.001688490424753119 0.0 0.0 0.0 0.0 0.0 0.0 0.0 0.0 0.0 0.0 0.0 0.0 0.0001333316285775155 0.0 0.0 0.0 9.885354137406915e-05 0.0 0.0 4.270742896635e-05 7.453236564202374e-05 0.0 1.508189272775567e-05 5.184275218939126e-05 0.0004091256372766008 0.0005203386017320105 0.0010908834503911356 0.000634217230318894 0.00015482607850183833 0.0 0.0 0.0 0.0 0.0 0.0 0.0 0.0 0.0 0.0 0.0 0.0 6.873043491046525e-05 0.0 0.0 0.0 0.0 1.036259260195304e-05 2.535240859861291e-05 0.000229013685841799 0.0 0.0 0.0006640073262698893 1.0360513300241244e-05 0.0 0.0 0.0 0.0 0.0 7.237168075079736e-06 0.0 0.0 0.00028816578227563826 1.987295926257643e-05 0.0 0.0 0.0 0.0006222638797444941 0.0 0.00038323187094038106 5.063850762911585e-05 0.0 6.621436844803475e-05 0.0 8.1236772990337e-06 0.0 0.0 6.383920385045416e-06 7.472945373999137e-06 0.0 0.0 0.0 0.0 0.0004134982231245592 0.00038850978382539374 0.0002625312841759486
0.024148591555632468 0.0851327015074147 0.0 0.013038245647132862 0.06433476996056976 0.0014463496941292183 0.017702021241783238 0.1157593082900212 0.10219843900725975 0.002958811717096702 0.16526569733722835 0.002841756064015752 0.020370277708187896 0.09484933458157646 0.002569297031817011 0.0006161013592418124 0.0001720936435456643 1.8726219064182474e-05 0.0 1.0726232369209573e-05 8.515368079641603e-05 1.1554515177849645e-05 0.0004357078500661294 0.00013897808310400498 0.00021492376457386277 8.119657271521395e-06 0.00015282644335209332 0.0 0.0 0.0 0.2181564619290127 0.06101850733409886 0.009547851929971004 6.59875468660226e-05 0.000328064927965233 6.226315150066853e-05 0.00104188790672263 0.00012478866167960138 0.00021782242652951866 3.149745129736509e-05 0.0002266104573015356 3.41351257469314e-05 7.329002729308522e-05 5.030616546348613e-05 2.9566745397191515e-05 1.557622615541226e-05 0.012322007933393261 0.00016588398800491198 9.450743877514533e-06 9.326777447716456e-05 0.00013918286846395357 1.1659514609953994e-05 0.0 4.590567612916327e-05 5.3684032202934495e-05 3.633246893951031e-05 0.006105948280618481 0.06176541296383964 0.0004244334365875286 0.003867019946259142 0.0 0.0003888272924011331 0.0 0.010821763602838975 6.47495050333763e-05 0.0001542863916316786 8.919502844473648e-05 7.04064986225919e-05 0.00017196172524551245 0.0004896230507586087 0.0010663064177769306 4.390112717043033e-05 0.0 0.013532718077700187 0.007280796272683129 0.009255939672347136 0.002983638989295839 0.00033336098899028175 0.010626139024961612 0.051494511259188934 7.288779711822992e-05 0.0021642421501188404 0.0004600814088187228 0.0 9.07472059552242e-05 5.014476696157735e-05 5.3445146560129613e-05 0.0 2.2784572430074317e-05 0.0 4.519757046164688e-05 1.7164550098336224e-05 0.000135742396575612 4.9609824161490246e-05 6.181314247334142e-05 0.00025528715216404524 0.0 0.0 0.00047821237339840865 0.009575859067801918 0.0 3.454027795069097e-05 0.00014488521019133125 8.786384967581665e-05 1.0835865143266089e-05 9.161774911246261e-05 2.6188306451946827e-05 0.0001170965667899508 0.00026918238090706384 0.00024445762173013966 3.8351102249953024e-05 0.0009637537979945424 0.0003593099178217865 0.00020870554782657257 0.0001963735700691338 0.0 0.0 0.0 0.0 0.0 0.0 0.0 0.0 0.0 0.0 0.0 0.0 5.5443216929249694e-05 0.0 0.0 0.0 0.0 9.36177681638948e-06 0.0 0.0 3.669041913789283e-05 3.240988747758058e-05 0.0 0.0 0.00010544541115853013 6.0631901514337976e-05 0.00027416058061769 0.0001817450983861188 1.4267758585961229e-05 0.0 0.0 0.0 0.0 0.0 0.0 9.953576185701015e-06 1.935973376104418e-05 0.0 0.0 0.0 0.0 5.054972489384408e-05 0.0 0.0 0.0 0.0 0.0 0.0 0.0 0.0 7.381151364284042e-05 7.755496750577222e-05 0.0 0.0 0.0 0.0 0.0 0.0 0.0 1.1800765235231334e-05 0.0 0.00010071253656080609 0.0 0.0 0.0 8.592747476109085e-06 0.00011599745294422199 0.0 0.00013025199907954206 0.0 0.0 0.0 0.0 0.0 0.0 0.0 0.0 0.0 0.0 0.0 0.0 0.0 4.2780716395178985e-05 0.00010096727290090756 5.5996604249432015e-05
0.050591931841651436 0.10649929721629209 0.013038245647132862 0.0 0.0035273108544471026 0.01878496269784067 0.04411512355715814 7.641689990507923e-05 0.0003702459647293515 0.061373812305976175 0.00021295746124055698 0.03347255253282167 0.0940308641316489 0.017760901958180683 2.162367826049362e-05 2.6196621006623435e-05 1.1210567113889818e-05 0.0 0.0 0.0 0.0 0.0 0.0 0.0 0.0 0.0 0.0 0.0 0.0 0.0 0.0024358352015567326 3.5794096882901085e-05 0.0007421543709598383 0.0 0.0 0.0 2.4512230142010055e-05 0.0 0.0 0.0 0.0 0.0 0.0 0.0 0.0 0.0 0.0012825363544666335 3.830839501061686e-05 0.0 0.0 1.4022717918350686e-05 0.0 0.0 0.0 0.0 0.0 0.0013594254070340103 0.005614052287871829 9.781327322547779e-05 0.0007563966547846169 0.0 0.0 0.0 0.00010226849474041396 4.782784469233396e-05 0.0 0.0 2.6660120962499598e-05 0.0 0.0 0.0001478821277724236 6.737459360759401e-05 0.0 0.0027268758849920624 0.0004151872241246324 0.001122662605961805 5.708340671946421e-05 0.0 1.0419463095072855e-05 2.863259722276227e-05 0.0 0.0 0.00018853992485893362 0.0 1.9108815883493165e-05 1.9750346102801884e-05 0.0 0.0 2.1297558086975965e-05 0.0 0.0 0.0 1.2340931485218144e-05 6.027254632860618e-05 0.0 0.0020842674768002147 8.884249397861855e-05 3.4880878975415745e-05 1.6400315882411593e-05 0.017558785940261105 0.0 3.459773987784361e-05 0.00010826183925104671 0.0013731743433755346 0.0 0.00035851193473560353 0.0001499026845695582 8.72997634996326e-05 0.0012462204118648672 0.00034538921630671325 0.0 0.0005633761510081114 0.00023251036849583585 0.000309758201390978 7.23525493185295e-05 0.0 0.0 0.0 0.0 0.0 0.0 0.0 0.0 0.0 0.0 0.0 0.0 3.4372167468160876e-05 0.0 0.0 0.0 0.0 0.0 0.0 0.0 0.0 0.0 0.0 0.0 0.0 6.787884151181196e-05 2.6161581855392155e-05 1.42978925477589e-05 0.0 0.0 0.0 0.0 0.0 0.0 0.0 0.0 0.0 0.0 0.0 0.0 0.0 0.0 0.0 0.0 0.0 0.0 0.0 2.745557719319035e-05 3.179068521909602e-05 0.0 0.0 9.284693203242673e-05 0.0 0.0 0.0 0.0 0.0 0.0 0.0 0.0 0.0 4.555415479219577e-05 0.0 0.0 0.0 0.0 1.2351325341606553e-05 0.0 0.0 0.0 0.0 0.0 0.0 8.719938282254238e-06 0.0 0.0 0.0 0.0 0.0 0.0 0.0 0.0 6.726878526347167e-05 0.0 0.0
0.007893339774968023 0.08408891553638094 0.06433476996056976 0.0035273108544471026 0.0 0.0005907969993540249 0.07671283063736954 0.025996261045858053 0.3130722543416633 0.0034219668609643495 0.06449231633128599 0.0007790040947109902 0.03783534269361158 0.05453731065483199 0.0024964771249605393 0.00036632211221468533 7.558477277522584e-05 0.0 0.0 0.0 0.0 0.0 1.1321020734731803e-05 0.0 0.0 1.655146838644017e-05 0.0 3.622615535689805e-05 0.0 0.0 0.021690344099978002 0.009633304371149537 0.001006846765700387 0.0 0.0 1.2415692194788081e-05 0.0003535220077898446 1.4680861333989333e-05 7.49348961751939e-05 8.334876933459264e-06 2.00954956000212e-05 1.6288816643329976e-05 1.5729536863226524e-05 1.4352116174669073e-05 1.6960874671763153e-05 0.0 0.013487237931064166 0.00020512448702950613 2.810782417065204e-05 1.3724188938115164e-05 6.03078533490631e-05 0.0 0.0 0.0 3.1575693643825526e-05 6.777505279556403e-05 0.0042334315102191215 0.018140784636986568 0.0006042034735101404 0.0040154742871213595 7.956868369201383e-06 0.0001212039654197525 6.796101503807125e-06 0.006816238724017294 8.538498388361631e-05 0.00014039985139938422 5.592240381089093e-05 5.258504234617896e-05 6.681127258261384e-06 3.278554489264522e-05 0.0009153734591004589 0.0 0.0 0.01222843346390274 0.005915911979917448 0.010763400161807489 0.00350975434735654 0.00017297207160595012 0.00021787179602127834 0.0010835615839234322 4.587913254324869e-05 0.00010932316497076835 0.0004539920358428735 0.0 0.00015553234223690724 8.348386427202168e-05 5.1405738797762835e-05 7.863950236998351e-06 2.754116273686319e-05 0.0 8.363521701492683e-06 6.9392457788577016e-06 1.4066017254762295e-05 9.170805949797155e-06 8.21867009165006e-06 0.001315476615717485 0.0 1.670219919535118e-05 0.0001570203995460746 0.0011430239418769804 0.0 0.00021217542499285297 4.6148328517192866e-05 0.00018853990695678243 0.0 0.00047726476015409324 0.00015379172668270315 0.0007175707523431136 0.0005952211009627611 0.00040408724788141057 0.00018380132952933165 0.002230600117689175 0.0007294538475826667 0.001013488311965349 0.000663804696461556 0.0 0.0 0.0 0.0 0.0 0.0 0.0 0.0 0.0 0.0 0.0 0.0 1.3960573584090689e-05 0.0 0.0 0.0 2.0992960277477684e-05 0.0 0.0 0.0 1.6799654528323914e-05 0.0 0.0 0.0 0.0003067991707292458 0.0002878915949167175 0.0006021064983968416 0.000346745869173773 0.00012263952699112358 0.0 0.0 0.0 0.0 0.0 0.0 0.0 1.1965872134612704e-05 0.0 0.0 0.0 0.0 0.0 0.0 0.0 0.0 0.0 0.0 0.0 0.0 0.0 0.0 0.000347834933945285 0.0 0.0 0.0 0.0 0.0 0.0 0.0 0.0 0.0 0.00025668881899577764 0.0 0.0 0.0 0.0 0.00035595724736561297 0.0 0.0002376400276992318 1.1074672547039731e-05 0.0 6.433923745566696e-06 0.0 0.0 0.0 0.0 0.0 0.0 0.0 0.0 0.0 0.0 0.00018166056243894144 0.0001452262030742549 5.2862349983752614e-05
0.016280290563465007 0.01677872018234169 0.0014463496941292183 0.01878496269784067 0.0005907969993540249 0.0 0.00617120990785044 3.7470552453226604e-05 0.00023535336404380196 0.042297140435167226 0.0003939075416671685 0.0063058981057516434 0.010780720329338973 0.004303122851715745 1.0948004881535718e-05 0.0 0.0 0.0 0.0 0.0 0.0 0.0002779057617066929 0.0 0.0 0.0 0.0 0.0 0.0 0.0 0.0 0.0029262288059906457 3.4464737502979125e-05 0.0016033493550276713 0.0 1.0303533405086208e-05 0.0 0.002132399952454179 1.0302294841439003e-05 0.0005247701028965834 1.1879709743845077e-05 0.0 0.0 0.0 0.0 0.0 0.0 0.0001771172484161194 1.0433423457809394e-05 1.0278878164603762e-05 0.0 0.0 0.0010907377885431896 0.00024248914295393954 0.0 0.0 2.478263086442692e-05 0.009852553093892607 0.004864825873638444 0.00013391947554966378 0.00022277997445110871 0.0 7.742879314399063e-05 0.0 3.469825979388774e-05 0.0 0.0 0.0 0.0 0.0 0.0 0.010347179756133982 0.014262309970760017 0.0011979481701380912 0.0009465082035315588 8.245844894155724e-05 0.00012866020941275087 0.0 0.0 0.0 0.00021617504670494109 0.0 4.140373596693297e-05 3.1026682405051944e-05 0.0002169689606984565 0.0 5.148268688499451e-05 0.0 0.00024907453746400094 0.00015888361367311522 0.0010973307510219175 2.677461649126094e-05 6.950826216350514e-05 0.0 0.0 1.4179048785379612e-05 0.017499421515694273 0.020824141897475466 0.005667084944335327 0.006983210586632183 0.02805059245720755 0.0 6.472889037472792e-05 6.331656712172255e-05 0.00015683104517743305 0.0 2.013996255451778e-05 1.9464499802140073e-05 0.00013891097589560192 0.0006244152866800913 0.0002190309424104661 0.0 0.0003528602295744661 0.00018739673392777927 8.645960758647943e-05 6.137968431633629e-05 0.0 0.0 0.0 0.0 0.0 0.0 0.0 0.0 0.0 0.0 0.0 0.0 0.0 0.0 0.0 0.0 9.982332344897567e-06 0.0 0.0 0.0 0.0 0.0 0.0 0.0 0.0 0.0 1.208123624922941e-05 4.337843143090398e-05 8.899024109565995e-06 0.0 0.0 0.0 0.0 0.0 0.0 0.0 0.0 0.0 0.0 0.0 0.0 0.0 0.0 1.0995237386874091e-05 0.0 0.0 0.0 0.0 0.0 0.0 0.0 0.0 0.0 0.0 0.0 0.0 0.0 0.0 0.0 0.0 0.0 0.0 3.039316372993441e-05 0.0 0.0 0.0 1.0044369266250258e-05 0.0 8.331071333935987e-05 0.0 0.0 0.0 0.0 0.0 0.0 1.0605697185061536e-05 0.0 0.0 0.0 0.0 0.0 0.0 6.487092206423246e-05 0.0 3.3139976986792176e-05
0.027739549456880154 0.09070276173447053 0.017702021241783238 0.04411512355715814 0.07671283063736954 0.00617120990785044 0.0 0.02363902972603168 0.11876374204951969 0.07578276983834548 0.031766391513883496 0.026926517045297693 0.13874557790591568 0.222889174524866 0.0037179899007246005 0.0007892244209063449 7.152713881059589e-05 9.429970751675753e-06 0.0 0.0 2.9524259614096348e-05 1.6078309225418157e-05 5.0058776298852885e-05 4.401755745760844e-05 0.0 0.0 4.296613229055276e-05 0.0 0.0 0.0 0.008977542411720066 0.006424880528248626 0.003846163417613051 0.0 1.2141651368290312e-05 9.456782206815964e-06 0.00113442520381064 6.32593969333305e-05 0.0001083600643765218 1.2501554890283468e-05 8.466890048708324e-06 4.700355804167123e-05 0.0 5.536641670052623e-05 1.2299446233463251e-05 0.0 0.021574949391910955 0.0003856131799540852 9.126701679623397e-06 8.541405432502312e-06 0.00010501438371583479 0.0 5.6761923866154546e-05 1.83991255440727e-05 1.0632370064290475e-05 9.83906666674003e-05 0.005980665066707152 0.021419979005494236 0.0009200805778069225 0.005779312064331129 8.975671175440154e-06 0.0001277063111872728 1.1132320126130917e-05 0.0065591514568418665 0.00024040984853561742 0.00013490849381757493 0.00010928620233284522 4.4056613321138844e-05 2.1898305879725746e-05 2.796497561261787e-05 0.004218517937495369 0.00015229906387937434 0.0 0.016340210905522727 0.007037420062223334 0.014171778041488399 0.005111431845677621 0.00029677570122997815 0.00045877056623054357 0.0014162421545806617 5.748407476586509e-05 0.0004367851047221788 0.0007049624807402942 0.0 0.0001414885163561857 7.500292567590602e-05 7.904093556758829e-05 0.0 7.614495495635918e-05 0.0 7.927111811273088e-05 9.195927972296542e-06 6.206429838319937e-06 1.1376118251838437e-05 0.0 0.012954222357892516 0.0001373040071937062 1.5731739490868916e-05 0.0005650681416674379 0.005431937854845239 0.0 0.0018988868102078709 0.0014487311523275158 0.0017157155382710877 0.0003937145883030895 0.0031502115066343902 0.0011302776055687584 0.0025800888603204524 0.007195184096576666 0.004062280110598492 0.0010578557570228657 0.012085205810577425 0.0055998042276195915 0.004710719014061772 0.004206793723184829 8.30212156628923e-05 0.0 0.0 0.0 0.0 0.0 0.0 0.0 0.0 0.0 0.0 0.0 0.0 0.0 7.578467018484937e-05 0.0 9.777919482302852e-05 0.0 0.0 0.0001119096525287052 0.00013711820010317612 0.0 0.0 0.0 0.0012020035040078115 0.0007054316503737652 0.00308772171986669 0.0011432699174347106 0.0003727837617511896 0.0 0.0 1.1591471848389123e-05 0.0 0.0 7.544425348597787e-05 1.3905042437099004e-05 2.64718420490163e-05 7.955031542182194e-05 0.0 0.0 0.0 0.0003937423896808878 9.065546604978831e-06 0.0 0.0 0.0 1.5808920306066416e-05 0.00011727731022385681 0.0008578961228369211 0.0 4.350311593587866e-05 0.0016762453858093765 2.6297748932766338e-05 7.714446056967066e-06 7.096713764010262e-06 0.0 8.63726813705932e-06 0.0 1.2120587829776221e-05 0.0 0.0 0.0012073106159645021 2.4052144855717993e-05 0.0 0.0 0.0 0.0018747034432467708 0.0 0.0012081396533156644 4.5471480668745026e-05 4.467025729319166e-05 1.664021133915368e-05 1.9547557164235397e-05 1.8543879686647584e-05 0.0 0.0 0.0 0.0 6.460309527333511e-06 0.0 0.0 0.0 0.0015274346257142261 0.0005721073623412917 0.0011130234624970466
0.0019764483100097098 0.017444541214670956 0.1157593082900212 7.641689990507923e-05 0.025996261045858053 3.7470552453226604e-05 0.02363902972603168 0.0 0.10472856758958039 0.0005162831093951004 0.11490119095892129 0.0015738996432864583 0.03849115611443234 0.23300983940858813 0.004886127532644134 0.001453005199430832 0.00036255925374591895 3.841996254309017e-05 0.0 0.00013248188970911977 0.00030572802136980416 3.1969698774760275e-05 0.0018360629175811257 0.0006012399049845959 0.0005925276288230628 5.931038924403306e-05 0.0007614637983498758 3.288568355917268e-05 2.7097884255351255e-05 0.0 0.04799830114635734 0.15962639931569872 0.012276644232957443 0.0002586147171737853 0.0010743371378242462 0.00021646107666841355 0.0005018944980275677 0.0001915851563679064 0.0001925186713366167 6.288687637298477e-05 0.0006353945858480406 0.000232882864523604 0.00022624999284547094 0.0002846710257604638 8.534448789147684e-05 6.29052015454052e-05 0.010745536662660468 0.00015588474873579603 0.0001317986501296446 0.00021792415848750443 3.097274388647597e-05 1.0657915771035331e-05 2.2124367614875102e-05 5.8052518458264045e-05 1.6537720860390336e-05 8.84418318996014e-06 0.0021869161707977623 0.017213731494182167 0.00021818947300984766 0.0017634290173910176 0.00023183644267629226 0.003365470215816235 0.0 0.014104512401036162 1.38642063040864e-05 0.0001544724287980038 0.00012738359573769971 0.00013867085168914984 0.00032701093417099883 0.001790038330722276 0.0004213750171604922 4.107528055724537e-05 0.0 0.006731592850337974 0.007323258468036461 0.009632428498455579 0.007601605423618612 0.006221195848252501 0.04465899282402654 0.10617420563209005 0.0002344504272754567 0.023592584184010845 0.00017220073686641848 0.0 4.253547482564922e-05 3.7920111274602735e-05 0.00010842024941978749 0.0 4.718722549360942e-05 0.0 4.688929723000365e-05 0.0 0.00028074042413478857 0.0001957380078966069 7.447505754076304e-05 0.00015914295882259134 0.0 0.0 0.00012506656075120788 0.0010622943129611035 0.0 3.5833786615193115e-05 0.0 0.0 0.0 6.249381342563817e-05 0.0 1.360602877269533e-05 5.6954080252983055e-05 0.0 6.990904624236763e-05 0.0002200404009568119 0.00033503231990406057 0.00010543122005695566 0.00013620782068122275 0.0 0.0 0.0 0.0 0.0 0.0 0.0 0.0 0.0 0.0 0.0 0.0 0.0 0.0 9.140437933948383e-06 1.0286857882748338e-05 0.0 0.0 1.5411810809502e-05 0.0 0.0 0.0 0.0 9.324779169814992e-05 6.603683480353782e-05 6.297280603578656e-05 0.0001769068988023553 8.841114098198806e-05 5.924550919584997e-05 1.1901124694957144e-05 0.0 0.0 0.0 0.0 0.0 0.0 0.0 0.0 0.0 0.0 0.0 9.07246280273256e-05 1.151920815739273e-05 0.0 0.0 0.0 0.0 0.0 0.0 0.0 0.0 9.544695759493987e-05 0.0 0.0 0.0 0.0 0.0 0.0 0.0 0.0 0.0 5.090114677441593e-05 0.0 0.0 0.0 2.2278201463330494e-05 4.977845778466149e-05 0.0 3.429852199630754e-05 0.0 0.0 0.0 0.0 2.1238204499178007e-05 0.0 0.0 0.0 0.0 0.0 1.5570492825724167e-05 3.217026917266105e-05 0.0 8.608782565563208e-05 3.3690169104503476e-05 4.0343067322465267e-05
0.0016282722465947171 0.09335853011370691 0.10219843900725975 0.0003702459647293515 0.3130722543416633 0.00023535336404380196 0.11876374204951969 0.10472856758958039 0.0 0.0038537245463317786 0.12847477254334938 0.0006859803152831965 0.03373827792743743 0.06023728613354643 0.0008547947767034354 0.00010854428281689199 0.0 0.0 0.0 0.0 0.0 0.0 0.0 0.0 0.0 0.0 0.0 0.0 0.0 0.0 0.009884831106499334 0.0030230343611567017 0.0016704802685311476 0.0 1.5528473161603297e-05 0.0 0.00041360626260715733 8.943911167877817e-05 4.317679552348443e-05 1.0177607021251126e-05 0.0 1.5928299806896957e-05 0.0 1.3125029795525292e-05 0.0 0.0 0.0039984003490929326 3.129204201429446e-05 0.0 0.0 1.829819586767847e-05 1.1494119950067872e-05 0.0 0.0 0.0 7.67843687435684e-06 0.0008291085937670953 0.004118788353688425 0.0001286086989563141 0.000881578697672031 0.0 4.655903900738418e-05 0.0 0.0017135981951510017 2.0097233434774576e-05 3.134302667791951e-05 1.7255892178189477e-05 1.9722170105913305e-05 0.0 1.526414325757711e-05 0.0004047430215826621 0.0 0.0 0.0024438876223265367 0.0017232379890605872 0.002776731227874905 0.0011104741212398439 9.185052680648911e-05 0.00010630475353649013 0.006958615511301722 0.0 0.00021047008728522975 9.360977452185487e-05 0.0 7.418034171873687e-06 1.589340122070486e-05 7.224249352327012e-06 0.0 7.2882144016701e-06 0.0 0.0 0.0 0.0 0.0 1.2956152835706025e-05 0.0009203406098685711 0.0 0.0 7.99787211939279e-05 0.0003476124228034604 0.0 5.2363336138116575e-05 3.483201405910337e-05 5.5961100968354346e-05 0.0 0.0002722553083700555 3.786635310362422e-05 0.00023476828593770868 0.00022863898718638844 0.0003621149588200434 9.628965362443802e-05 0.0018849817750642409 0.0007244365548781225 0.0006167978656414252 0.0005748956535564354 0.0 0.0 0.0 0.0 0.0 0.0 0.0 0.0 0.0 0.0 0.0 0.0 3.176296473249954e-05 0.0 0.0 0.0 0.0 0.0 0.0 0.0 0.0 0.0 0.0 0.0 0.00019580887323068043 0.00015171981391806633 0.00023920162505647324 0.00024346328121897576 7.635576273258588e-05 0.0 0.0 0.0 0.0 0.0 0.0 0.0 0.0 0.0 0.0 0.0 0.0 7.360346810224235e-05 0.0 0.0 0.0 0.0 0.0 0.0 0.0 0.0 0.0 0.000256941804240273 0.0 0.0 0.0 0.0 0.0 0.0 0.0 0.0 0.0 0.00014377049893059347 0.0 0.0 0.0 0.0 0.00024106900905866227 0.0 0.00012898257146059811 0.0 0.0 0.0 0.0 0.0 0.0 0.0 0.0 0.0 0.0 0.0 0.0 0.0 0.00012155027723071561 7.3065991153194e-05 0.00011795210794446894
0.05340354407182769 0.07159190662289953 0.002958811717096702 0.061373812305976175 0.0034219668609643495 0.042297140435167226 0.07578276983834548 0.0005162831093951004 0.0038537245463317786 0.0 0.0011491450387908725 0.07913126824790599 0.45093047019033655 0.0707184336115276 0.000311769340330487 5.040684583584858e-05 3.8866775704903614e-05 0.0 0.0 0.0 0.0 4.522808368383331e-05 0.0 0.0 1.1196230805977718e-05 0.0 3.8034613433790427e-05 0.0 0.0 0.0 0.0010358335384197954 0.00015126431556074176 0.014363237912634698 0.0 0.0 0.0 0.0030478785130953093 3.912955143698706e-05 0.00023840431363248216 1.2292404720651004e-05 4.282994465885681e-05 0.0 1.3763698985852385e-05 0.0 0.0 0.0 0.0017463362675168737 3.0646182126561626e-05 0.0 0.0 3.169272398459073e-05 0.0001178489849230292 5.5190140184870356e-05 0.0 2.5562988288172226e-05 1.8996652938731216e-05 0.0027596766772132043 0.0053881806934596875 0.00027225919114774174 0.0010051199049657016 0.0 4.921529920512755e-05 0.0 0.0004036015598667068 4.620050599452313e-05 4.896895764786185e-05 1.5074135128894717e-05 1.6579508459588017e-05 0.0 2.5699477604268318e-05 0.0072109387136907056 0.0027756227061171896 0.0001185472689399535 0.00375556732769451 0.0006789767523793551 0.00118630546034379 0.0002512649253393105 1.3169713564964397e-05 0.0 0.00031239611254676596 0.0 0.0 0.0001535698374748727 4.246591833774251e-05 4.015937600099212e-05 1.9899213098858347e-05 0.0 4.9560381735040455e-05 3.912409459607889e-05 5.5654880030479e-05 3.927637825084736e-05 0.0 0.0 0.0 0.0 0.01326616187673552 0.002415399862789722 0.0008347142864213478 0.0017906085414233044 0.03739831933247406 5.491187842894107e-05 0.002384716627188395 0.001223479734183493 0.0025942737684136207 0.0006389687834907644 0.00401588186009379 0.0016963947967214808 0.0031203624827689704 0.008046910103094449 0.004545440155898402 0.0005282046074011858 0.012567335372248956 0.007746232156583281 0.006114164430485065 0.002855357222077231 8.308156978203054e-06 4.106144153131154e-05 0.0 0.0 0.0 0.0 0.0 0.0 0.0 0.0 0.0 0.0 7.421424574097243e-05 0.0 0.0 0.0 5.8483564466153265e-05 0.0 0.0 0.00011051715623969455 7.329813431541623e-05 0.0 8.523123490461854e-05 0.0 0.0007078922838195144 0.00013326919184145224 0.0014787050682302564 0.0003989012638689856 0.0002768966671707552 0.0 0.0 0.0 0.0 0.0 0.0 0.0 0.0 8.56020600649397e-06 0.0 0.0 0.0 9.814981112491886e-05 0.0 0.0 1.1159230374624148e-05 0.0 1.7976236949754955e-05 4.077715205476302e-05 0.0006464429117328292 0.0 0.0 0.0010088152968569547 6.955494964779534e-06 0.0 0.0 0.0 0.0 0.0 0.0 0.0 0.0 0.000722877843745483 6.243557043425834e-05 1.922038474205173e-05 0.0 0.0 0.0011482411996214972 0.0 0.0007326902959470504 5.157452226857019e-05 3.111291507833916e-05 2.5146275272981916e-05 0.0 7.718779040604361e-06 0.0 0.00025813404109837994 0.0 0.0 0.0 0.0 0.0 0.0 0.0010097216701752912 0.0005247177603216363 0.000433488772335887
0.00808271602998409 0.07226802752399722 0.16526569733722835 0.00021295746124055698 0.06449231633128599 0.0003939075416671685 0.031766391513883496 0.11490119095892129 0.12847477254334938 0.0011491450387908725 0.0 0.007656866953604283 0.10890737508398392 0.2544732885177884 0.007922699098084697 0.0025437735263918277 0.000692349657349767 1.0585868231938823e-05 9.895635541763965e-06 0.00012911175073161365 0.0002478186929365327 0.00010177610336464316 0.0017210600829629325 0.0006974556512353386 0.0009034745005657992 6.297268403594123e-05 0.0012131694390695878 9.341840848185048e-05 2.6386593331003406e-05 2.472380572161119e-05 0.07096960632222295 0.04998554964583816 0.032215224353962596 0.00010321037863329712 0.0008829278269942809 0.0003160804077564352 0.007025733548517174 0.001394623464389932 0.0018779123402004304 0.00036922711086882965 0.0011058652190393018 0.00027802812158417983 0.00017777245985721413 5.16128534264976e-05 3.432231064006252e-05 0.0 0.017661593238035844 0.000205911550466489 5.4375911227978734e-05 5.7902164257571245e-05 0.00010944851583359394 0.00025033714900462943 4.5934225419056865e-05 9.15448515527046e-05 0.0 4.847867607376418e-05 0.003182053651255639 0.017223095266093846 0.0004022423642311315 0.002830120999103063 0.0 0.010287775535748028 1.4633242937835817e-05 0.00962899358153846 6.495223562419067e-05 0.00010659617536269224 0.00016017728014176515 9.534481587660387e-05 0.00033648461600856427 0.0017194388721051793 0.004868188451940753 3.840778244983582e-05 8.089734157282512e-06 0.009011291267391471 0.006773843017916626 0.012047974521701307 0.007530605728595872 0.0010149295200078225 0.01699726446471695 0.04868147727198903 3.9574044612611244e-05 0.007089871120891545 0.00016332105835189235 0.0 6.751064730467715e-05 4.348419203595639e-05 6.838959054909245e-05 7.063007991523366e-06 2.1434623587124214e-05 0.0 2.1673328882331654e-05 6.030556585196308e-05 0.0004877540297041472 0.0001751832604548892 0.00012108449906033641 0.001958544338077036 9.105722214915766e-05 3.825524219756656e-05 0.0016803895143491351 0.0024425300962323234 0.0 0.00015341197166413758 5.7006913479481994e-05 0.0 4.543942520938334e-05 0.0005617417164279921 0.0002438475648187567 0.00015368858642215486 0.0008110469562625635 0.0004842840855705604 0.00030060875071845545 0.002101681389278074 0.0014884760544083052 0.0011718329217022207 0.0013649336470074609 0.0 9.629709031066231e-06 0.0 0.0 0.0 0.0 0.0 0.0 0.0 0.0 0.0 0.0 0.0001751674946270503 0.0 0.00010626991860239126 9.426923407712932e-06 7.181900089710945e-05 1.1311169247221027e-05 6.350520540431549e-05 5.6865720538914136e-05 3.161770269926419e-05 0.0 1.703115586527286e-05 7.78885177350878e-05 0.00043591013442924857 0.0005596653420494462 0.0012304041987528293 0.000929338344450823 0.00035637699181174275 0.0 0.0 0.0 0.0 0.0 4.7367799188600154e-05 0.0 0.0 1.943282492925241e-05 0.0 0.0 0.0 0.00016219814193851317 1.040460099434907e-05 0.0 0.0 9.495787016063262e-06 2.7843427962362083e-05 2.1510862881776193e-05 0.0 2.932173456649967e-05 0.0 0.0011391923510823063 1.138948519141424e-05 0.0 0.0 0.0 0.0 0.0 0.0 0.0 0.0 0.0004986773203344057 0.0 0.0 1.1638348962873701e-05 2.9172213147359806e-05 0.0006493176650340126 0.0 0.00032226570708893473 0.0 0.0 0.0 0.0 1.2766652597684094e-05 0.0 0.0 0.0 0.0 1.1941435035158059e-05 1.1666349253463287e-05 2.096320292389823e-05 0.0 0.00046144529349183175 0.0006658474466218593 0.0006428037670746159
0.0059829867158073605 0.020207810821807476 0.002841756064015752 0.03347255253282167 0.0007790040947109902 0.0063058981057516434 0.026926517045297693 0.0015738996432864583 0.0006859803152831965 0.07913126824790599 0.007656866953604283 0.0 0.07618017431727506 0.017268290736699467 0.0013748458274521625 0.000594760040340749 0.00033583818723024827 1.24390538390844e-05 0.0 1.6162844509552894e-05 1.4379575422466306e-05 3.340766586482089e-05 6.697076616302455e-05 9.217251556133132e-05 0.00029451020189554336 2.3717382584460708e-05 0.00010118979067315853 2.626277011841508e-05 2.953511494816059e-05 1.643172155998835e-05 0.0012425271324274575 0.00034143622306812064 0.018721939029141096 0.0 0.00015025347390745374 0.00019079486192415004 0.0101444547633886 0.0007818466473464743 0.0019636523111448818 0.00014181891978514284 0.00013639416549933195 4.3649052946519194e-05 0.0 2.5560157096109297e-05 0.0 0.0 0.0021749823806442165 0.0 1.6672733580532297e-05 8.9500061210205e-06 3.3714279323937735e-05 1.273385055231237e-05 0.00013080441504226015 0.00012401278244583106 0.0 0.0 0.0002359217082798053 0.00046128942940681976 0.0001347592435828739 0.00021847683701510715 0.0 0.0008370279392273447 0.0 0.00036703194444523017 0.0 2.5409282406945912e-05 0.0 4.689812895793766e-05 0.0 0.00014928789287069959 0.008764004064792013 0.00019354309674442303 1.022404785368011e-05 0.0006336813864438623 7.622217886932814e-05 0.00065240115410318 0.00030022275845779716 0.0001264675287360002 1.701978335795123e-05 0.001432158290207328 0.0 3.496217330713747e-05 0.0 0.0 7.441136566498668e-06 7.283260810123929e-06 0.0 0.0 9.587535541053408e-06 0.0 0.0 0.0 5.238986049579467e-05 0.0001143591594559513 3.397024560813212e-05 0.027686080507089324 0.00018282470883265994 2.6220397715610946e-05 0.003129040610245534 0.0022051425777129723 2.7742429329533543e-05 0.0004756905782475885 0.0003747420343120677 0.0017845041452273708 0.0001705969003779432 0.002051033465780461 0.0005947100959910225 0.002294449590744001 0.0028393959027469776 0.002095883894301762 0.0006576853983823399 0.008504743470491386 0.004384272529414324 0.003226483321538618 0.002261822524976531 9.098164324497284e-06 0.0 8.297290107196921e-05 0.0 0.0 0.0 0.0 0.0 0.0 0.0 0.0 0.0 9.431220719656321e-05 0.0 0.0 9.194410930741507e-06 7.374251079553618e-05 0.0 0.0 0.0001056749439218878 0.0 0.0 0.0 3.2440962959923777e-05 0.0013124318025884158 0.0004709487578785968 0.002011647698092205 0.0010234613338655275 0.0004650784442446003 0.0 3.077939800115546e-05 1.2165085947276768e-05 0.0 0.0 0.00010553216829854378 0.0 0.0 9.541144436822261e-05 0.0 0.0 0.0 0.00025742371291194194 9.921646704440483e-06 0.0 0.0 0.0 2.3889544257507085e-05 4.625315821038197e-05 0.0002780074247082444 0.0 0.0 0.0013805245569051272 2.5505796882415765e-05 0.0 0.0 8.203508295654037e-06 0.0 0.0 0.0 0.0 0.0 0.0009601868931577908 8.51614403844049e-05 2.423877809737456e-05 0.0 0.0 0.0017187777191390076 0.0 0.000851600414970479 2.507421579911793e-05 2.7805296380268613e-05 1.8297455912094818e-05 0.0 7.208604927595016e-05 0.0 9.31845215174911e-05 1.4456998911269194e-05 0.0 0.0 0.0 0.0 0.0 0.0012346030581471155 0.0008179518312371688 0.0007351165532842061
0.022793433264254034 0.06987167024178366 0.020370277708187896 0.0940308641316489 0.03783534269361158 0.010780720329338973 0.13874557790591568 0.03849115611443234 0.03373827792743743 0.45093047019033655 0.10890737508398392 0.07618017431727506 0.0 0.2560444588846326 0.005909705257014282 0.0017643650094870218 0.000768929855373912 2.1305750641807247e-05 0.0 3.898985365756719e-05 5.0309989893420315e-05 8.157700536335522e-05 0.00033216475730028284 0.00019710124411401626 0.0006174363876362866 0.0 0.0002806162541509008 1.3433811404067388e-05 0.00015400940358065626 0.0 0.0049933321855506465 0.0031082755112009242 0.09667168957797061 2.7666223187013452e-05 0.0002696268323110018 0.00012665435492306435 0.02392994385120354 0.0016489575637078618 0.0035085781236411763 0.00031035456249363684 0.0005832605729518082 8.45478952057051e-05 0.0 5.655734935376477e-05 2.2774854214133722e-05 0.0 0.013061136376004437 0.0001466605081798276 5.201864679248782e-05 3.4578246424295574e-05 7.560787052855236e-05 0.0001304094299343069 0.00011488179485859763 0.00011922459417910049 0.0 5.9586803763173756e-05 0.0016234733554937293 0.005252366312997072 0.00029481450199889727 0.001871777126445739 0.0 0.0015151525167196535 0.0 0.0030678375319770444 9.5489007759022e-05 2.4573153151731433e-05 2.2631956590944356e-05 8.600438107663634e-06 4.643741378113979e-05 0.0006035004255318643 0.028619551104323227 0.00017801000283867768 2.364129844178595e-05 0.004545831715065047 0.002241020475891809 0.004543016660796875 0.0029073655280567414 0.00042378828615541813 0.000539244290525192 0.01074570922348518 0.0 0.000544977539322083 0.00016484017589342222 0.0 5.513367878905799e-05 0.00011399154673720976 1.966105879208283e-05 1.0766019568769346e-05 3.557766650510679e-05 3.500349545040348e-05 2.085839511111616e-05 0.0 0.00034534314346294814 0.00012063715480137017 6.866671120864228e-05 0.08687993602332543 0.0004917530301452837 0.00010312387146035788 0.004056288838759145 0.004928711843212219 6.97403476410179e-05 0.0020249710658210704 0.0019300697207083426 0.003762590404606222 0.0004901531944560842 0.00577678375876465 0.001955540837145594 0.004917996921687366 0.009679030732701679 0.007205997869802287 0.0020269625581441817 0.02623192273401097 0.012308037366430538 0.010884243772836259 0.009208746360122113 0.00011166394749237161 4.955751341258981e-05 0.0 3.4775350435286514e-05 0.0 0.0 0.0 0.0 0.0 0.0 3.8459985785828955e-05 0.0 0.00016594528894893685 0.0 0.00010544773644906054 0.0 0.00013007001376677565 6.073126442097934e-05 0.0 0.00025185435167902176 0.0004500733703107619 0.0 1.0388308047613152e-05 9.783122510489323e-06 0.003860894294242329 0.0013204689223232703 0.007052321742614337 0.0028211813656210663 0.0009929880745849608 0.0 6.6534419129247e-05 1.5160979127493885e-05 0.0 0.0 0.00027419116942673704 0.0 0.0 6.220760178848299e-05 0.0 0.0 0.0 0.0005803030825381234 7.387953916529672e-05 0.0 4.3055163003771024e-05 0.0 6.147099125492973e-05 6.021829816911842e-05 0.000534754563608348 2.972895678937411e-05 2.6485145336498873e-05 0.005068410424913683 0.0 4.2366705941779894e-05 2.787484955296214e-05 0.0 0.0 0.0 0.0 0.0 0.0 0.00278243054745394 0.00021080869520378562 1.3051132367469635e-05 0.0 0.0 0.004638134931580247 1.217782034417622e-05 0.002258802626337616 7.205492207628123e-05 9.942665354968004e-05 0.00017265507025782857 0.0 6.644064898725454e-05 0.0 7.250154428181503e-06 1.4063013671613574e-05 0.0 1.3091882967981968e-05 1.8119899724148202e-05 0.0 0.0 0.0038818882344968256 0.0028381039449392044 0.0025586273125609393
