0.0 0.12205311539534007 0.05944535397079717 0.02726854903901274 0.014521206237955215 0.020069798228742056 0.031114404418675204 0.007018666640433114 0.0003201905165032073 0.03187418241948502 0.008161647749903295 0.003338206115306902 0.002773871779767141 0.004210677485412244 0.00016899037536176315 9.583219642233193e-05 2.209599809782121e-05 0.0 0.0 6.643226558565142e-06 0.0 0.0 0.0 2.530895428385796e-05 0.0 0.0 0.0 2.3220934994964358e-05 0.0 2.0271857268101517e-05 0.010920009237169941 0.00012913871718909253 0.001700636399192973 0.0 0.0 0.0 0.0004154733799859642 2.7588014705920422e-05 1.812980862604965e-05 0.0 1.7018999969960093e-05 1.9742292468155232e-05 6.865696743997803e-06 0.0 0.0 0.0 0.0022397428048885654 5.55172275018329e-05 3.50555966021279e-05 1.5499996276423212e-05 0.00012812077808266418 0.0001465589167683502 0.0 7.666495684623084e-06 0.0003356965098785665 0.000346982446092068 0.012254178813254699 0.027349081889592123 0.002809236282427208 0.0022713639062825574 0.0 1.1421318712093985e-05 0.0 0.00040713250019668766 0.000410383563351706 0.00046087598010546523 0.00013544202995070096 0.0001394274247934416 2.791875425429268e-05 5.40869234762518e-05 0.0020239545447555602 0.0014183027569737157 0.00022744900790635432 0.007907548487128413 0.00022026399541071032 0.0005036055232253844 2.634201232806719e-05 4.243137749676217e-05 6.959072581919815e-06 0.00039615989433904215 0.0 3.814950838983822e-05 0.0006110877758341956 5.779988842211964e-05 0.00019406143420528898 0.0003275687219843366 3.1368370435538826e-05 7.257957236173568e-05 0.00017636717290357836 0.00014371171950452536 6.711069948755859e-05 3.9466122969511253e-05 0.0 3.0668030280161996e-05 2.5119543958604405e-05 0.0053910766663321985 0.0021731032043379 9.753218468503194e-05 0.0001233467530266914 0.04679237371056331 0.0 5.346804179462079e-05 4.5944840443933556e-05 0.0 3.19236943680608e-05 0.0004795656102338227 1.0387491313261365e-05 0.0 0.003433045603587327 0.00010899551158429376 0.0 0.00021736978050451437 0.000421687173859416 6.490591536959306e-05 3.9244777303733145e-05 0.0 0.0 0.0 0.0 0.0 0.0 0.0 0.0 0.0 0.0 0.0 0.0 0.0 0.0 0.0 0.0 0.0 1.3534419368776001e-05 0.0 0.0 1.7582439779626932e-05 0.0 0.0 0.0 1.1136732808638716e-05 6.933336957402066e-05 9.938177782137632e-05 1.7733881029485455e-05 1.737704448380873e-05 0.0 0.0 0.0 0.0 0.0 0.0 0.0 0.0 0.0 0.0 0.0 0.0 0.0 8.916427266445766e-06 0.0 0.0 4.928940969797419e-05 0.0 0.0 0.0 0.0 0.0 7.04265420983333e-05 0.0 0.0 0.0 0.0 0.0 0.0 0.0 0.0 0.0 7.008892415326865e-05 0.0 0.0 0.0 0.0 0.0 0.0 0.0 0.0 0.0 0.0 0.0 0.0 0.0 0.0 0.0 1.0837836502122474e-05 7.083074534542316e-06 8.388327903877363e-06 1.3130191697729853e-05 0.0 5.3291312082177736e-05 6.932377502985488e-05 0.0
0.12205311539534007 0.0 0.07330532068710406 0.10694058741461315 0.10251500501538367 0.0339933394444125 0.07623193476154605 0.02607239371150403 0.05342175436493902 0.04404713327789058 0.09089365038673192 0.009829787679370079 0.04844760386944963 0.15674105470493488 0.001818781808168463 0.0004593790231031467 3.861891240593058e-05 1.8871345889712234e-05 0.0 1.3567701588723912e-05 2.5394475275668025e-05 8.684997050878676e-06 0.0 8.765260277263172e-06 0.0 1.4351961949108448e-05 0.0 0.0 9.719791231314766e-06 0.0 0.08464480919792564 0.0008479296821966092 0.009361416688247816 8.399250500666826e-06 0.0 1.216158745652634e-05 0.0011579277046918123 9.903224454746513e-05 0.00011755324659321654 1.4316406265895125e-05 1.3364978171958234e-05 3.4421485566080204e-05 5.073548701983203e-05 8.149437339975792e-05 7.337813345736518e-06 2.1371894959463633e-05 0.014340820957372432 0.00044365974905591197 0.00011090205782489825 7.4953362115965e-05 0.0004212098702199585 9.875609508558119e-05 5.1139697899408226e-05 6.802025525258459e-05 0.0014023270135762164 0.001078799567937798 0.018971532470985406 0.041192072688770266 0.00733610855867524 0.011769617464413283 5.126088499106738e-05 8.462065303555227e-05 5.272645720954288e-05 0.0060829860480221066 0.0015330887800038434 0.0018374247229009087 0.0006525768816764705 0.0006794367241111476 0.00014825021824392694 3.343573876055e-05 0.0021278263260246107 0.0004072975216750803 9.995261249264487e-05 0.02727255255693988 0.0028795075868769753 0.005842939388869977 0.0012100482106692538 0.0006946540171640801 8.881708154618894e-05 0.0017344154568570533 4.583393482021104e-05 0.00013228057371184837 0.002011176526154351 0.00019600384193739292 0.0006213106313640408 0.0012003152172718953 0.000263648337166494 3.8312500135696036e-05 0.0005398121160683606 9.038231317417656e-05 0.0003873222689322624 0.00012740585682537744 0.00016489791149176851 0.000155723374399327 6.608854623100401e-05 0.0026714338730007823 0.0004564990926495582 4.385743989526618e-05 0.00019163675204978838 0.06646898646458319 4.4642250812332265e-05 0.0 1.1128436804816146e-05 2.560841030603936e-05 5.675574342824835e-05 0.0001546972675148467 0.0001756898340090452 3.0032737735228382e-05 0.0015920049083593345 0.00039007959672239127 4.5906702436174145e-05 0.0003223890964274407 0.0006320426546373289 0.0004629681697848967 0.0004985407202842023 0.0 0.0 0.0 0.0 0.0 0.0 0.0 0.0 0.0 0.0 9.667188135437826e-06 1.2974698615287961e-05 2.8145363282653016e-05 0.0 0.0 0.0 0.0 0.0 0.0 0.00010444687944719065 2.513665344882362e-05 0.0 2.2007855092536063e-05 0.0 0.000223817365067143 8.904043099404834e-05 0.0005959540513830664 0.000228130318237948 0.00015991627313944625 0.0 0.0 0.0 0.0 0.0 0.0 0.0 2.288293898740946e-05 0.0 0.0 0.0 0.0 0.0 2.0384991069003808e-05 0.0 0.0 1.022494886643295e-05 0.0 0.0 0.0 0.0 0.0 0.0003004127482385291 0.0 0.0 0.0 0.0 0.0 0.0 0.0 0.0 0.0 0.0006342269801300678 1.2355347790163057e-05 0.0 0.0 2.3180382068525968e-05 7.197579333524807e-05 0.0 8.925873231544039e-06 7.977452337226337e-06 0.0 0.0 0.0 0.0 0.0 7.389495963760473e-06 0.0 0.0 2.050033422028623e-05 2.7075969515126195e-05 9.566291754305707e-06 0.0 0.0002812341393107713 0.0002952599992102096 0.0005197730221567741
0.05944535397079717 0.07330532068710406 0.0 0.0022758034467835263 0.030085075933454806 0.0047015886731255185 0.005690602809692136 0.2566106061154115 0.0440163671589666 0.00801809988156259 0.1430428287867657 0.013961240710630152 0.035153754649675406 0.09558698179751791 0.0030232042897190368 0.0018733134033520607 0.00027642746960187647 0.00012746697421418636 1.8083324240057803e-05 0.00013510112443935202 0.0006230254877101373 2.803906411885479e-05 0.00012618437355548537 6.170550241161263e-05 5.061197965232456e-05 0.00023717177631617535 9.459901102437852e-05 0.0001713538877187152 1.2880605323649699e-05 3.2277149722287515e-05 0.23454260337605698 0.013247164041384648 0.020104887289726144 1.5611947550774738e-05 2.7933664570780217e-05 0.00015619445094759333 0.0019667590327291924 0.0002430388100524207 0.0002317374150010798 9.781937988115175e-06 0.001021580763089609 0.000258854933227696 0.0006511050925434523 0.0003746762516381962 2.224027244300353e-05 1.841828150038328e-05 0.009971984693288543 0.00039937133623978844 0.00017632752671651754 0.0004236511342064558 0.0010270349027209813 0.00019283504782617006 4.364881402239513e-05 0.00015005934597300965 0.0011042676412439437 0.0006452916352995088 0.01619751632782741 0.059221925389828206 0.00509135672600269 0.007730533217929648 0.00030935974870110344 0.002822483248112993 9.270988873243058e-05 0.03766831729153206 0.0010683751755883974 0.0011593882242043286 0.000906007596145756 0.0010835051072026467 0.0017206270548020637 0.0018577230908470741 0.0023567074733150954 6.506065080055729e-05 1.609317785003959e-05 0.023586867963306463 0.007465759818184399 0.006520390842732215 0.004644635665034737 0.00402972551358061 0.0031355702258592747 0.033094708997411765 0.00017882877288668826 0.010364848725848391 0.001035348501968738 0.00015943342780607114 0.0005866989803653915 0.0007253539863465938 0.00022203662408126768 1.6385461879220556e-05 0.00030968030753035877 0.0 0.0001295571825001632 0.0001197567896689027 0.004001605904342208 0.0012807594953914289 0.00044187594337235364 0.0011491634971888321 0.00023804957381435996 9.408663611017432e-06 0.0002404719214467044 0.019480099892409265 6.0993287633983136e-05 1.567681961403207e-05 3.9301927326140906e-05 2.2347374544365044e-05 0.00012396258222261761 0.00014028170405704085 0.0004452728938713349 0.0002507158446741864 0.00028331491028180106 0.0004956784325772123 0.00011567920100595841 0.0004385159005243334 0.0014415015211223503 0.001103334173916869 0.0004641872656130607 6.805127367708312e-06 0.0 0.0 0.0 0.0 0.0 0.0 0.0 0.0 0.0 5.941835562468582e-05 0.0 8.095191783921055e-05 0.0 0.0 4.7049725272956e-05 4.8470652025815916e-05 2.9508537555516487e-05 0.0 0.00010498152595654419 0.0 0.0 0.00010661143629146845 0.0 0.0006296988605544281 0.0004486081102766106 0.0011925333473972123 0.000418964599832602 0.0003350650468064475 0.0 1.6277077011320965e-05 5.030383582535497e-05 0.0 6.446156778850038e-05 0.0 2.232198787712291e-05 0.0 1.660582651608735e-05 0.0 0.0 1.0877336145445506e-05 0.0001413152251387549 0.00011284465382499866 0.0 0.0 6.0583735540464e-06 0.0 3.108444448773603e-05 1.3976858319450463e-05 0.0 2.6468039942565163e-05 0.0008845391359867437 0.0 3.613894357235484e-05 9.092416118881105e-06 0.0 0.0 0.0 0.0 2.138114858590606e-05 1.0274481667470254e-05 0.0013844656807102818 2.490515912037125e-05 7.137624219736213e-05 1.1343824551754789e-05 0.00013533833041175125 0.0001987511665909205 0.0 0.00016718681578588396 0.0 8.96488948406534e-06 5.3237121429141426e-05 0.0 0.0 0.0 0.0 0.0 1.0401619554314945e-05 6.84892817150192e-06 6.744426814420203e-05 2.8706558632502554e-05 0.00011335322267267983 0.0002340898765354719 0.0004951129375933893 0.001198804939545578
0.02726854903901274 0.10694058741461315 0.0022758034467835263 0.0 0.01556770738086946 0.037897450826319116 0.10253717222203491 6.131939019248572e-05 0.0002681014161717376 0.13283949944011725 0.00018489110057749283 0.0566333179071643 0.0491729953694666 0.002898636305803335 0.00014073880450514805 3.149573322631444e-05 0.0 0.0 0.0 0.0 0.0 0.0 0.0 0.0 1.9039499740500136e-05 0.0 0.0 0.0 0.0 0.0 0.00031205940542442347 2.070787170060474e-05 0.0002111810216951005 0.0 0.0 0.0 0.000124331524400467 1.92455860307486e-05 3.7298536028155233e-05 0.0 0.0 0.0 7.910440124798386e-06 0.0 0.0 0.0 0.0008290355986212486 3.569258864735392e-05 0.0 0.0 4.2127627946596534e-05 5.23625463666909e-05 1.1901487586924722e-05 0.0 6.085748127798232e-05 0.00013373795169298585 0.002284728028089548 0.002640181704116823 0.00047334938973854615 0.0006817643948210647 0.0 0.0 0.0 7.055580792237046e-05 0.0001021728422188068 8.183685120329357e-05 2.709927404009392e-05 1.6962142017363057e-05 1.1765399337761636e-05 0.0 0.0009138149386803613 0.0004005449821382762 7.02531864536864e-05 0.0015365012356444142 0.00020545414279674187 0.00020315860638082668 6.443357793458281e-05 9.055428072397396e-06 0.0 0.0 0.0 0.0 0.00011327043105798605 7.547036079039595e-06 5.891134075122414e-05 0.0001014548582991667 0.0 1.1659074732342274e-05 3.7796672793502566e-05 6.08621650804349e-05 0.0 1.9320345216814842e-05 0.0 8.199950508442258e-06 2.7133237586656064e-05 0.0033417484422820945 0.0007897553434856624 4.579519282836567e-05 6.260072996444286e-05 0.014162216711880659 9.023959840037038e-06 7.694342658396317e-05 0.00024715401974938266 0.0012444802931793732 1.0426182930696871e-05 0.004099022581523085 0.0004116679479768816 5.56877347025766e-05 0.005227901248761194 0.0009082654708210597 0.0 0.004074686382535337 0.0014969702991273746 0.000367417861436514 9.700092191129055e-05 8.699978095072995e-06 0.0 0.0 0.0 0.0 0.0 0.0 0.0 0.0 0.0 0.0 0.0 0.0 0.0 0.0 0.0 0.0 0.0 0.0 0.0 9.083247976285728e-06 0.0 0.0 0.0 0.0002081749832314912 8.254611729703246e-05 5.9214080777862785e-05 5.1336469503323526e-05 9.84096763749304e-06 0.0 0.0 0.0 0.0 0.0 0.0 0.0 1.4552208369639569e-05 1.322815516877651e-05 0.0 0.0 0.0 1.4871020377187183e-05 0.0 6.779433874515179e-06 0.0 0.0 3.4277152196336836e-05 1.2244501699834022e-05 9.720926945282623e-06 0.0 0.0 0.00013128245820778287 0.0 0.0 6.612826365460404e-06 0.0 0.0 0.0 0.0 0.0 0.0 0.00026328448076871127 2.4623164191613262e-05 0.0 0.0 0.0 0.0 0.0 0.0 4.901357927401935e-05 2.3331218825466117e-05 1.2338402652816438e-05 0.0 0.0 0.0 0.0 0.0 0.0 1.3850337646334721e-05 0.0 0.0 0.0 0.00013717000755848613 5.9021475493826e-05 7.682021993641759e-05
0.014521206237955215 0.10251500501538367 0.030085075933454806 0.01556770738086946 0.0 0.003371437573623473 0.04856003581336709 0.016422192147637016 0.25142579411358656 0.01265296224196893 0.09932312332040541 0.0032912611550679895 0.02345597057217601 0.19001975355588377 0.003794647834047787 0.0010194017640546725 6.943283715370935e-05 3.8896813269014105e-05 1.77558600459916e-05 1.319019830535964e-05 4.590682150296109e-05 0.0 0.0 2.393235090568994e-05 1.2374340469179336e-05 0.0 0.0 0.0 6.668106428714096e-06 6.6730624565129105e-06 0.010276869771189369 0.0009013928880478828 0.0006756644069161458 7.793966856704761e-06 2.8417024842567235e-05 9.187750961631193e-06 0.0003401200486175001 7.363259444605647e-05 0.0001312493927504471 0.0 1.606630895394961e-05 1.9745602423066043e-05 9.889054336784532e-05 0.00026281122387351294 3.241607725637025e-05 3.723296177615433e-05 0.015937084189635985 0.00029623405813498634 0.00011398133762745634 7.296089697659573e-05 0.00036000255596576794 5.744483838707962e-05 0.0 0.0 0.0006312337159044348 0.0007875224300936958 0.00723714057660979 0.008292735774592148 0.003360023622804862 0.007679345892806628 7.849799562852939e-05 0.00032766236241511847 1.792834609602786e-05 0.007532137101882602 0.0010000985420665518 0.0012437326941950567 0.0004171792396659918 0.0004742196366724076 0.00021590541320121629 9.645632823690222e-05 0.0012302559011158362 5.9118114474075915e-05 1.2960691476351026e-05 0.019211905864665913 0.00346007354491889 0.010204278493646577 0.0027835131919785334 0.002408956378066126 0.00023079982206072094 0.0010345319363466578 0.000161150851211741 0.0005739182827614762 0.0013028160355701857 0.00017888099486708045 0.0004059148911768633 0.0007198720690444239 0.00015572371684354763 1.4559125946428572e-05 0.00038619649958527544 4.119447660445693e-05 0.000160602778141245 2.3625371796136306e-05 0.0001559976264251061 0.00014050604572812478 8.656026269816286e-05 0.0007029255715887342 0.00013642627417408639 6.616169903311124e-06 0.00024056750765267135 0.0031956202648805187 2.017403118180903e-05 0.0 0.0 5.558399293053575e-05 7.243148329987907e-05 0.0006833266055109573 0.00014871140054573045 1.4216235479798029e-05 0.0005456576012603295 0.00047849481005347893 3.802205909755073e-05 0.0005358855814338011 0.000754707786435816 0.0004866374080242092 0.0003300101940832948 0.0 1.6284991390826385e-05 0.0 0.0 0.0 0.0 0.0 0.0 0.0 0.0 0.0 0.0 0.0 0.0 0.0 2.9215576270380672e-05 0.0 0.0 0.0 0.0 6.741527690807624e-05 0.0 0.0 2.1637311110219475e-05 0.0003479723643058009 9.069976201966329e-05 0.00028897701735688963 0.0002496013225590747 0.0001222072426601247 0.0 0.0 0.0 0.0 0.0 0.0 0.0 0.0 5.782170461225046e-05 0.0 0.0 9.645060031031786e-06 2.084479036428196e-05 9.194870544892079e-06 0.0 0.0 0.0 0.0 1.0094532063455243e-05 0.0 8.904513667629514e-05 8.080226309998873e-05 0.000461596462901134 0.0 0.0 8.551578136606004e-06 0.0 0.0 0.0 7.92758472445478e-06 0.0 0.0 0.0009454162627757413 0.0 0.0 7.796504403997641e-06 0.0 1.2417845641335251e-05 0.0 5.181731003695245e-05 1.4480341895897383e-05 0.0 1.5875174704447357e-05 0.0 7.828010289957294e-06 0.0 0.0 0.0 0.0 2.191650542532195e-05 7.911647584137872e-06 0.0 0.0 0.0003582975658803511 0.00023048606886512152 0.0004009506579463979
0.020069798228742056 0.0339933394444125 0.0047015886731255185 0.037897450826319116 0.003371437573623473 0.0 0.018698206742575735 0.00021407333814752662 8.846549004512725e-05 0.0531782683400348 0.0005607400974807883 0.008913587766290004 0.005620424474523184 0.0006967751421080707 8.825837794871429e-06 0.0 0.0 0.0 0.0 0.0 0.0 2.874617734261253e-05 0.0 0.0 0.0 0.0 0.0 0.0 0.0 0.0 0.0003685932266797587 1.149272011300167e-05 0.0006319970144043266 0.0 0.0 0.0 0.0009420966130807781 9.458267750360421e-05 8.137402588159656e-05 0.0 0.0 8.783064323739603e-06 0.0 0.0 0.0 0.0 0.0 0.0 0.0 0.0 0.0 0.0005931659738319583 0.0001189502002153051 0.0 1.0662350376120933e-05 3.468502005453624e-05 0.0021158570960507312 0.00034677777944427935 9.042171970116621e-06 0.0 0.0 2.418995749641947e-05 0.0 0.0 6.192136947869363e-06 0.0 1.1679257061563236e-05 0.0 0.0 0.0 0.011370797314789585 0.010401970813039603 0.0014850996045521851 5.376333047925884e-05 0.0 1.5417688561363605e-05 0.0 0.0 0.0 0.0 0.0 0.0 9.96143167827929e-06 6.329883990731022e-05 7.990628043984298e-06 2.20984511789319e-05 8.069475189735922e-06 0.0004553017667077746 0.00015222509908231362 0.0012166354529404922 9.793852757246e-05 0.00013204019720462222 0.0 9.890078107619358e-06 0.0 0.015266260814899913 0.004981276377586836 0.0010271630862584552 0.0007601293307710119 0.0050175509346677034 0.0 0.0 0.0 2.218811610199387e-05 0.0 0.00013356100267376857 7.417782466980584e-05 2.2150466573360415e-05 0.002944973636171984 8.465312722961265e-05 9.865006916479404e-06 9.035991386208915e-05 4.225967352215987e-05 6.253241615867718e-05 2.081887959964426e-05 0.0 0.0 0.0 0.0 0.0 0.0 0.0 0.0 0.0 0.0 9.3671133730302e-06 0.0 1.924247299398545e-05 0.0 8.55812070389935e-06 0.0 3.6782687823832424e-05 5.9375027526213066e-05 1.0628776595194717e-05 0.0 0.0 0.0 0.0 0.0 1.1174995989174161e-05 0.0 0.00014111785005958605 6.76249708202029e-05 0.0 0.0 0.0 0.0 0.0 0.0 0.0 0.0 0.0 0.0 0.0 0.0 0.0 0.00010425835398152046 0.0 0.0 0.0 0.0 0.0 0.0 0.0 0.0 0.0 6.421609685105645e-05 1.952031177951338e-05 1.2925243156778933e-05 0.0 0.0 0.0 0.0 0.0 0.0 0.0 0.00013038813739433018 0.00012150735689210144 0.0 1.554482543054345e-05 2.3884031669981193e-05 0.0 0.0 0.0 0.0 0.0 0.0 0.0 0.0 0.0 0.0 0.0 0.0 1.7069827240681194e-05 0.0 0.0 0.0 0.0 9.890264340286133e-06 3.2603724477278536e-05
0.031114404418675204 0.07623193476154605 0.005690602809692136 0.10253717222203491 0.04856003581336709 0.018698206742575735 0.0 0.0010811307302558014 0.14700793225189995 0.20683675598600634 0.010295834346882101 0.044896937796400034 0.37617531756874545 0.34390483707587977 0.004630133872799221 0.0014320839402231225 5.616332205027175e-05 5.885040806858472e-06 1.7665976833820213e-05 0.0 1.0642596483800038e-05 0.0 0.0 1.1766454656206681e-05 0.0 1.7898339230386007e-05 0.0 3.09930144249991e-05 0.0 0.0 0.0033735827108783314 0.000693465516411839 0.0014031492816832607 5.798891915838572e-06 0.0 9.314721951441181e-06 0.0007972702244085712 0.00023300781589360997 0.00019830188587948805 6.949221077380504e-06 4.6353169813140513e-05 4.182638846677295e-05 6.29123781203088e-05 0.0002564970455043464 7.277720236594841e-06 1.7202584163971707e-05 0.014224016437336178 0.00024916642297840994 2.5233435410984364e-05 4.542026474589358e-05 0.00022986193908588096 7.621436182065011e-05 7.33968686671755e-05 9.337103861459753e-05 0.0006329480110083688 0.0004896557510734685 0.0060327296465728765 0.005887688177997346 0.0031171012844940374 0.006543540324425365 6.391217226253734e-05 0.00020380525046828225 3.1469662179463524e-05 0.005085128838997623 0.0008986023477478481 0.0008870832014229647 0.0004109452451453518 0.0003758043758616362 0.00012274480019976953 5.5111640230552826e-05 0.0030272820574909947 0.00022849450588563805 5.2408502075795385e-05 0.014556947442996416 0.002359739261243465 0.008156398256057584 0.0018050601898601433 0.0016201510817032048 0.00010454494672005155 0.0009129548470239951 7.519967262690668e-05 0.0002887393783680986 0.0008017226826382586 9.246572854730799e-05 0.0004103623567428178 0.00071968002093189 0.0001018497529659125 2.0126857327884178e-05 0.00027348758291506804 6.615392560018695e-05 0.00013145733475254182 4.639965979628902e-05 0.0002543694471942718 8.267665876395381e-05 0.00010246738902577231 0.004275533599826113 0.0004846723007688883 1.8532251821788775e-05 0.00028547775694030554 0.006506367435405055 0.0001680752621290145 0.0006524077350936255 0.003152716463956067 0.0021574909794734544 0.0004941540657899382 0.0040588717660128655 0.0020906454656355647 0.0009550910248817935 0.00585240420875368 0.0039985367905026265 0.0003025359553247943 0.008670878824156016 0.007951428771055308 0.0035905968897734595 0.0015052819846563883 1.2866519824519636e-05 1.698621742345145e-05 0.0 0.0 0.0 0.0 0.0 0.0 0.0 0.0 1.5876407096575568e-05 0.0 7.36872206596468e-05 0.0 0.0 1.5448150323191508e-05 0.0 4.804382100088076e-05 6.289707600285564e-06 0.00015684264392094418 0.00014228366960657762 0.0 0.00012074951409344779 3.132925801368961e-05 0.0012316998942600902 0.0006332269590485787 0.0017241330608100775 0.0006466786748306701 0.0005131036650179646 0.0 0.0 0.0 0.0 0.0 3.6921938975336104e-05 0.0 6.880183152193842e-05 9.381429424131071e-05 8.774320547384903e-06 0.0 0.0 4.321993036746609e-05 3.6842325019123205e-05 5.201194454469167e-06 1.6323564959139783e-05 5.7383846171046725e-06 7.279742031343895e-05 7.229299437934483e-05 6.0284399093901977e-05 9.768571978031062e-06 4.991232489422134e-05 0.002155142640499353 0.00013727285225896546 1.8615403689837933e-05 3.666035178856242e-05 0.0 7.0937345738015755e-06 0.0 0.0 0.0 0.0 0.0037310725185170095 1.5246828739750852e-05 1.209296428064757e-05 8.751429194344549e-06 7.80077299919315e-06 0.0005217693030304825 2.5111207757020423e-05 0.0003303836099158061 0.00014736987454829823 4.408600334896278e-05 9.030897210407289e-05 4.023118864440763e-05 5.0112061464664735e-05 1.550812894503804e-05 0.0 0.0 0.0 2.4113034246058735e-05 2.2305406046126224e-05 1.3206020958381396e-05 2.5399231332324653e-05 0.0007453558169333558 0.001013423393713642 0.0016656886745556624
0.007018666640433114 0.02607239371150403 0.2566106061154115 6.131939019248572e-05 0.016422192147637016 0.00021407333814752662 0.0010811307302558014 0.0 0.00797723741964056 0.0013364901373880648 0.2016680562193322 0.019044858693867826 0.0457331369444565 0.1298361966738318 0.005915500188877136 0.005747610389551438 0.0008131374928748319 0.0006372472078946215 2.890669260106821e-05 0.0023823351785466104 0.007878209934711578 0.0001413166890496355 0.0013524438814157607 0.00118819063414449 0.00048258366273976847 0.0014266202961109224 0.0009392252808774714 0.0006505732145913116 7.768087944976731e-05 0.0003447642639075757 0.1119689965507831 0.26485447454967675 0.07955012306638397 3.890914533161494e-05 0.0004633002821631459 0.001661897868425743 0.006807957116599524 0.0015117390472405578 0.0004508477748571643 0.0004824705152003908 0.004490114072931553 0.0020955398580541633 0.012284793827775886 0.002851742454728306 0.00019728756762458092 0.002585928991842885 0.010607356165763429 0.0002770509440049563 0.0008036262486473621 0.0026883564675445745 0.002607776426828628 0.0010496764154798767 0.0004623201203022892 0.0009902822624693844 0.0002906679606144405 0.0003112388098495538 0.004147943953238425 0.010149162338037107 0.0012679062169130494 0.003710793362556634 0.012004313015376017 0.01253313159578268 0.0016294387215577703 0.08661537583130774 0.00040189211343367884 0.0015919869811754118 0.002435015694803189 0.0027705769371792906 0.010713294706793918 0.016391456185175405 0.003635365233839672 0.00014744090704569933 9.034978809687389e-05 0.009633144565309375 0.007546783087050106 0.008331484684014307 0.05449841100955183 0.046378757007678684 0.08090367722625247 0.18962062279714004 0.01639684312381752 0.10782730293016554 0.0003979266755073959 4.226721034800751e-05 0.0002519279120000931 0.0009031661273173477 0.0006636533325991386 0.0 0.0005406249519487815 3.152515951416179e-05 0.0005464649412417509 0.0006835960154874009 0.016665199421273532 0.005778800503268433 0.002492391723272891 0.00039834415571889586 0.00012612767232327455 0.0 0.0004630000094649258 0.0029049360674234643 9.550251321006959e-06 1.3496714886240873e-05 0.0 2.089745044939026e-05 5.709455865600408e-05 0.000307914067759703 0.00016590071028945415 9.254660796975662e-05 0.00013769687503775873 0.000295600034109283 0.00014354213786995886 0.0005092363055588558 0.0009712028550019582 0.0006196771378311946 0.00044869521373725585 7.767562524616869e-06 1.8872852542516375e-05 0.0 0.0 0.0 0.0 5.806675525411309e-05 0.00011007344763053582 0.0 0.0 0.00041738110977078435 0.0 8.75551837522775e-05 0.0 8.208711585099336e-06 0.0004365946398677241 5.494149633615906e-05 0.0002344973454690518 0.0 5.6156184149043645e-05 3.880921064376205e-05 0.0 0.00013961182311932976 5.310886258446914e-05 0.0004077511956456519 0.0004135061081575164 0.0008311264872161747 0.00051119334273195 0.00030672273789919064 0.00012439115447210382 6.846232886157946e-05 5.529366637968559e-05 0.0 0.0 0.0 5.3684732152561996e-05 1.9733569553929866e-05 2.4948026216668883e-05 0.0 1.2602889675568099e-05 9.889790413767463e-05 0.0001592949307442182 0.0008396726427256503 6.129168935538434e-06 0.0 0.0 0.0 0.0 1.0793367601357638e-05 4.823796804715886e-05 7.533591098163455e-05 0.0007550610728576785 8.661887917561332e-06 0.0 0.0 7.0663400538187665e-06 0.0 1.9031274973216764e-05 2.018495886692272e-05 2.399774299568345e-05 5.483689921681536e-05 0.001184148099964823 0.0001803764737112105 0.0001192136278489523 5.281974501945573e-05 0.0005344587786841218 0.00011495992007247244 6.790939593261255e-06 8.016446048471305e-05 7.763338197842154e-06 7.1478519549689945e-06 0.0 1.9012216145985513e-05 0.0 2.9994102089359398e-05 0.0 0.0 0.0 3.403979713603778e-05 8.878383290918098e-05 0.0001694286337452513 0.0001374255024946607 0.0003235375093260781 0.0006444438757057439 0.0008632990749285553
0.0003201905165032073 0.05342175436493902 0.0440163671589666 0.0002681014161717376 0.25142579411358656 8.846549004512725e-05 0.14700793225189995 0.00797723741964056 0.0 0.0018567231099633464 0.04699535095889198 0.0023257236066793955 0.06918120784798128 0.06421265498083117 0.0019417512248088244 0.0007492788818396235 3.907604236631833e-05 3.275495812350853e-05 0.0 0.0 3.452480602487491e-05 0.0 0.0 0.0 0.0 0.0 0.0 0.0 1.0772702898999789e-05 0.0 0.0015117522916396932 0.0003449891332378822 0.0015087544662402217 0.0 0.0 1.8441035468669453e-05 0.0005194027208875233 3.299738878722577e-05 6.817133879324982e-05 7.795628194565449e-06 2.403606316545026e-05 2.0060056789744146e-05 4.275470132140343e-05 7.250452008819385e-05 1.6392199329331857e-05 2.2865904804388835e-05 0.003834636336085768 1.7320091888381043e-05 6.805084473135064e-05 9.408266823494071e-05 8.28536662988997e-05 8.165490850267811e-06 2.2012787714043426e-05 1.0109256656108436e-05 7.185210024390628e-05 0.00011649772359753732 0.0011421706294838815 0.000891162870701686 0.0007293994666659895 0.001698448026955975 7.606650529521074e-05 0.00017940229063132258 3.210906609037397e-05 0.0014149755114283445 9.71889197177382e-05 0.00021132636611486812 0.00013607589064119663 8.411762384645898e-05 3.212736777495999e-05 4.752388229271045e-05 0.0005899187508352354 0.0 0.0 0.003387782376230279 0.0006986111626483671 0.003386146932342756 0.0010615157039002613 0.0006298293078873512 8.151077408641213e-05 0.0010307486975725305 4.472137883358132e-05 0.00031724587172441256 0.00011112847604110001 2.2044781570296615e-05 8.580540420166938e-05 7.201395678462867e-05 1.774705520974615e-05 7.4161923656590945e-06 9.307575400061886e-05 1.3346172743273567e-05 6.535300250445049e-05 2.5221551629748087e-05 0.0001942436872936823 9.415015824101373e-05 7.595827358587048e-05 0.00026821030223957376 0.00013086872656474223 0.0 9.655763982529139e-05 0.00022474202348731235 2.7432820816943183e-05 0.0 2.900458585324052e-05 3.954435748102573e-05 0.00013038034004628205 6.589668791296401e-05 1.1476206465549642e-05 3.997483174610868e-05 0.00018926294703058635 0.0002128648438428933 0.0 0.00037755373511666305 0.000567045150449283 0.0003138863723094199 0.00027527414697919075 8.148310632341822e-06 0.0 0.0 0.0 0.0 0.0 0.0 0.0 0.0 0.0 0.0 0.0 0.0 0.0 0.0 3.0778098874548884e-05 0.0 0.0 0.0 0.0 0.0 0.0 4.173377180682587e-05 0.0 0.00017710805987940445 0.00023760551881191045 0.0004638169058280812 6.727197036216225e-05 0.00022486107348279545 0.0 0.0 0.0 0.0 0.0 0.0 0.0 0.0 2.56555994249369e-05 0.0 0.0 0.0 0.0 7.3465774753881366e-06 0.0 0.0 0.0 0.0 8.479351918340846e-06 0.0 0.0 2.7604726798017364e-05 0.00021639501532033469 3.0771140082333625e-05 0.0 0.0 0.0 0.0 0.0 0.0 0.0 0.0 0.000558765799185413 0.0 0.0 0.0 2.694247732898462e-05 0.0 8.329581470626076e-05 0.0001355589993304069 0.0 1.3102762577142287e-05 0.0 0.0 0.0 0.0 0.0 0.0 0.0 0.0 0.0 0.0 9.843104733669119e-06 0.00020589661990984807 0.00022542354651085882 0.0005265679713495276
0.03187418241948502 0.04404713327789058 0.00801809988156259 0.13283949944011725 0.01265296224196893 0.0531782683400348 0.20683675598600634 0.0013364901373880648 0.0018567231099633464 0.0 0.004341875832602861 0.21105715881452045 0.24775689835568263 0.01417115283248837 0.0005346833101496995 0.0001797829965059564 1.979637575755032e-05 0.0 0.0 7.96767512222077e-06 0.0 0.0 0.0 0.0 0.0 8.594973400958581e-06 0.0 0.0 0.0 0.0 0.0005712459961341827 7.159893881322299e-05 0.0025150555920931167 0.0 0.0 2.1995582054496288e-05 0.0023924041570457886 3.3676396143273526e-05 0.00011638205275817459 0.0 0.0 3.693902862109082e-05 0.0 0.0 0.0 0.0 0.0024629011108659674 3.7519894414743906e-05 0.0 1.4504953102527059e-05 1.783802121731342e-05 0.00013439132661573121 0.00011963184230563851 2.1533427882765066e-05 0.00014512480718507844 1.5319552087293166e-05 0.0033086605393304923 0.0013050137942388882 0.00030081268136392624 0.0007728782701080854 0.0 8.040407526980211e-05 0.0 0.00036896232201616733 8.057785884251671e-05 0.00012759336259087213 3.4723841933072006e-05 2.6143722368202033e-05 7.05726146572981e-06 0.0 0.006782128526871619 0.0009028957520857988 0.0001307152474410301 0.0014625660436447974 0.00024154417892310713 0.00095886746565475 0.0001480283576397369 0.0001800833312817321 8.585217048082347e-06 9.795508701483007e-05 0.0 1.6895801463733308e-05 0.00014646306851368544 9.222337319078932e-06 2.1017177700828186e-05 5.841693423636891e-05 9.703395632984849e-06 2.1880239920878714e-05 4.446331225834151e-05 9.068157431354002e-05 2.707904998661428e-05 0.0 0.0 1.951330464821795e-05 0.00013527625845331695 0.012206143565062475 0.002798447563518865 4.013853941918549e-05 0.00026725991521677405 0.016767541715883467 0.00014867472797534887 0.0006949971808737215 0.0035233987428545375 0.008357813561342207 0.0009280850869906926 0.021401100270548715 0.004105635800198343 0.0022864966395281278 0.022393636190999117 0.013207299119986044 0.0005831687691990211 0.01873159871716842 0.034195213677871296 0.014995433614986441 0.0019321380945211606 0.0 4.352960730652581e-05 0.0 0.0 0.0 0.0 0.0 0.0 0.0 0.0 4.800226974522869e-05 1.612353988071261e-05 6.423586804367973e-05 0.0 0.0 0.0001173948348479971 4.154391320020777e-05 1.055433950005216e-05 0.0 0.00015684006464939263 0.00015150250514092226 0.0 0.0004018949308388043 0.0 0.001246469847288451 0.0006305074787228957 0.0018333241406096065 0.00042519486104975536 0.0004633409862128139 0.0 0.0 0.0 0.0 0.0 0.0 0.0 3.7944024557178436e-05 0.00014773685975664924 0.0 0.0 0.0 7.73775125415837e-05 0.0 0.0 9.985158534158003e-06 0.0 5.0110743079857066e-05 3.660504730135242e-05 6.050350895001396e-05 0.0 5.105260614190874e-05 0.002066585130145878 8.228387727826023e-05 3.587769170614782e-05 0.0 0.0 0.0 0.0 0.0 0.0 0.0 0.004671103722786437 0.000126179117316557 9.102122606179897e-06 0.0 0.0 0.0004022327151720713 0.0 0.0004147381878626149 3.763750390563782e-05 9.080157328149179e-06 5.929242926784e-05 0.0 5.8100842955786414e-05 0.0 0.0 0.0 0.0 0.0 8.472997110211543e-06 0.0 0.0 0.0026369006457993087 0.0010788906738742818 0.0015402244978320238
0.008161647749903295 0.09089365038673192 0.1430428287867657 0.00018489110057749283 0.09932312332040541 0.0005607400974807883 0.010295834346882101 0.2016680562193322 0.04699535095889198 0.004341875832602861 0.0 0.02470368093204931 0.18863025089010085 0.3862842167497235 0.004601840418419382 0.003827474294829855 0.0005108251353081192 0.0001650135334832187 1.007586198419507e-05 0.0002654948371105397 0.00021716329071015458 6.755144962342152e-05 3.686282485977604e-05 0.0001590696075353904 0.00030431690035247124 0.00021643782491856853 0.0003915993997916645 0.00030590816588254286 6.226015722949852e-05 0.00012282408901206416 0.030012310645908872 0.01065183405861485 0.09401442467247331 0.0 7.259658313846488e-05 0.000505949734550872 0.02314338507829476 0.0027197789258490003 0.0012136859213351082 0.00018211290404320448 0.0005764898404135049 0.0006950517292359516 0.0001658291821892732 0.00019577825413570526 6.896857641574741e-06 0.00011500761039130653 0.008139106762586699 0.00011318320496872695 5.296077046961798e-05 0.0003679863885527447 0.0003659796974764967 0.0007086264939275375 0.0003665327398044345 0.0008212991094750316 0.00023612620811801725 0.00018483215488546473 0.0032693195820133547 0.005500424739252152 0.001380994149625415 0.003192430816752419 0.0005039973750742414 0.0048701392478327195 0.0003721892665143414 0.004900194644384571 0.0003348092730301052 0.000375409283259078 0.00042255637565148093 0.0003851146078757779 0.0005126181920739578 0.00047699172925295117 0.007555490289039093 0.0001980835967700742 6.952038686038938e-05 0.007682898737856827 0.0018476067629467849 0.006061349982024826 0.00242975117564486 0.002367046830098818 0.0004503894761087012 0.0680356851312443 0.00011216910093226986 0.00983074279141076 0.00040113994615186997 6.303029138415916e-05 0.00012500390167004464 0.0003609663827793531 0.00010031042599657354 1.625648659849686e-05 0.0001402081803160973 2.444644211165656e-05 0.0002523237515686482 0.00023542559879028872 0.0014174347524643417 0.0011746007067555348 0.001267896883908749 0.0007412729481163589 0.00020766736590044086 2.0523280527228254e-05 0.0007600688311047647 0.00307655949690622 2.030820520339725e-05 0.0 1.3598787687934681e-05 2.4136708183365476e-05 0.00022452742646595885 0.00021689151771593973 0.00041935527831389173 8.823153296774816e-05 0.0002797654672851756 0.0006004880500085202 9.847170406494389e-05 0.0011779061518845805 0.001677459052818682 0.0010604957900151996 0.0005594468489948062 8.071521204908305e-06 0.0 0.0 1.0986132658775206e-05 0.0 0.0 0.0 9.440738371625848e-06 0.0 0.0 0.0003713752460720401 0.0 5.0956240404669904e-05 0.0 5.2260698468928e-05 0.00012846872481708086 5.1960350972341715e-05 0.00012241420617747022 0.0 0.00017595058365765085 7.105992855701088e-05 0.0 7.517705349921258e-05 0.0 0.0006952436648965197 0.0003646518392267754 0.0011007352232713552 0.000656081660889513 0.00029867087289077795 5.135181080087324e-05 4.9918954980691414e-05 1.0766707835393456e-05 0.0 0.0 1.3568046068274198e-05 6.04514146865599e-05 0.0 7.568137868448691e-05 0.0 2.862742094343746e-05 0.0001196029441858461 0.00011991933211573109 0.000403879891717601 0.0 0.0 0.0 0.0 1.3437551922768215e-05 3.0200670752744745e-05 5.2706847825630075e-05 0.0001762521386135766 0.0012809746007363726 1.168044976476246e-05 0.0 6.292993131240076e-06 0.0 0.0 0.0 0.0 0.0 3.642805706670886e-05 0.0018041546849100357 7.169576555263696e-05 0.00010313078540308617 0.0 0.00023499741579760598 0.00015248984560960096 6.667308579475027e-05 0.00013905527849782535 2.6735645090404214e-05 1.2754352805220807e-05 2.8610513459690133e-05 8.039450006126841e-06 9.43135753707771e-06 0.0 0.0 0.0 0.0 8.846727401160186e-06 4.3482128153147235e-05 7.468440042088661e-05 2.8795621606808257e-05 0.0005641419439653424 0.00041008237780811924 0.001216412290234132
0.003338206115306902 0.009829787679370079 0.013961240710630152 0.0566333179071643 0.0032912611550679895 0.008913587766290004 0.044896937796400034 0.019044858693867826 0.0023257236066793955 0.21105715881452045 0.02470368093204931 0.0 0.0740708359963504 0.020442580671741695 0.0014007912316423678 0.0010532646635635677 0.0002353700999290932 2.4014171668120854e-05 0.0 4.023398416973891e-05 1.104194343424596e-05 0.00028640585862948055 2.513115398799718e-05 0.0 0.0 4.67448888567351e-05 0.0 5.7985348172441976e-05 1.0886405574550854e-05 6.708403412443777e-06 0.001012991187891824 9.28947785904393e-05 0.010037961736017731 0.0 1.2131155206978964e-05 0.0 0.011923112587343299 0.0013333741794179681 0.0003663290658887029 3.1777443717748034e-05 9.117706616795321e-05 0.00022381854606719646 1.6193091166930717e-05 3.4301815303873644e-05 0.0 4.487785752442632e-05 0.0015690161052598485 0.0 3.217639784956349e-05 9.64404180647037e-05 6.777618207780629e-05 0.0013408015961180434 0.0019618375002068227 0.0006084044338048501 9.195893298062058e-06 3.027803770497823e-05 0.0007578594028732752 0.0003799156365101643 0.0001815077201303973 0.00022487069957457146 0.00013118816443617002 0.0021352026966560233 1.408454863109283e-05 0.0003266453493836998 1.7001050906243134e-05 4.006718432202829e-05 6.822520786419488e-05 2.8561730677644142e-05 3.845539961567174e-05 2.0633032627848117e-05 0.010390639816662058 0.0016847716891361343 0.00028298785366250555 0.0008845208989238757 0.00018653997357032036 0.0009379239043023667 0.00028137275187758434 0.00024058480591971945 0.0 0.0007477424445296142 2.5334535325085636e-05 0.00017217318933273354 3.5103287429794395e-05 2.53578072847783e-05 3.117320826857709e-05 3.640804672284683e-05 2.7516156882329426e-05 3.2588394882874535e-05 7.996868873650869e-05 0.00015840190541811417 9.422405393845835e-05 0.00014691304836086697 0.00022096218981975988 0.00013717695566522052 0.0006848868460017091 0.05074757120370039 0.0015522555789310663 0.00019380423468049775 0.0006434263055028222 0.002851743702385407 0.0001293015430555805 0.0005860087044065067 0.0002935940162183304 0.0013795710893382055 0.0011218045583308576 0.0026786393125740426 0.0030845017660255662 0.000984984209219059 0.01020395146959256 0.007834092658013072 0.0008412882686079672 0.006333351034931585 0.013322925819662605 0.010688280559839225 0.0034271012817678735 5.5264103215916484e-05 4.428795486694296e-05 4.957486214304562e-05 0.0 0.0 0.0 0.0 0.00014458069588382702 0.0 0.0 0.00042115155039181056 0.0 0.0002278461246442908 0.0 0.0 8.956279174455153e-05 4.258343087202542e-05 0.00014028509898696622 1.0048791081633208e-05 0.00046719621714229093 0.00018588786055198373 0.0 0.0002532090594333944 2.0915696162409758e-05 0.0025173542598637627 0.0008998228001232512 0.004077758964576712 0.0016921259581224265 0.0009790388219045123 0.0 1.1106662847776425e-05 0.0 1.0934998053270684e-05 0.0 0.0 0.0 3.729960254091358e-05 0.00017536540754454355 0.0 0.0 3.378619200348175e-05 0.00017108127871282963 0.000402449220823843 0.0 2.5399225226335576e-05 1.3480624587364685e-05 1.8595887422258518e-05 5.831089355944151e-05 1.3121609730085625e-05 0.000222528813104424 0.0002913082534555938 0.003494134569017113 0.00013273977970852145 3.954316274249682e-05 0.0 0.0 1.4609519183092958e-05 0.0 0.0 0.0 0.0 0.009667875146219055 0.00020830441493489824 5.566560863350025e-05 1.7555666544032452e-05 7.942886231309032e-05 0.0006280644643528638 0.00012796267570755785 0.0005869624802532428 8.528395222587344e-06 7.901432976781603e-05 4.840105698000945e-05 1.048851795549374e-05 8.251180265609856e-06 8.594524610761602e-06 0.0 0.0 0.0 0.0 8.165680135929124e-06 1.023303726662699e-05 1.1694070191058005e-05 0.0035166646296662636 0.0027240343600938915 0.0028314604579565135
