0.0 0.2659755870249212 0.12264298161560806 0.04378276616785705 0.015007199429402774 0.007483649884457552 0.03232189479576032 0.007629207244048527 0.0013898178882478514 0.031626123975377465 0.016912545990768555 0.0027959714647765037 0.015769241995237365 0.007710098723712906 0.00017476618958825742 0.00010927555503391324 3.08989899952408e-05 1.4479234201842195e-05 0.0 4.569491752420703e-06 3.349067492107609e-05 2.6569580863758784e-05 4.238371373502098e-05 9.945897695180295e-06 5.22800450804176e-05 2.252701698228328e-05 2.6025475792541097e-05 0.0 0.0 2.0928499996315798e-05 0.11308194668447304 0.00044577285276123867 0.001135890259434219 1.0230024234309577e-05 4.344806819198326e-05 7.688641233956067e-05 0.00030063867375096614 6.236329621940908e-05 0.0002853834857816214 1.3383063208810135e-05 3.279414841214849e-05 2.3440654609196275e-05 0.0 5.048761223172916e-05 6.65641632570528e-06 0.0 0.0019158445386164317 0.00019129173250703564 4.591294289894759e-05 5.742155560635471e-06 1.5415804034707612e-05 0.00011267292471534555 2.208418148530325e-05 0.0 0.00032294474454877 0.000698527774860747 0.012034423195399565 0.04544066276831155 0.004323222351608878 0.0018728332722278338 6.40151191860807e-06 2.6403573089479255e-05 0.0 0.0029346777290954543 0.00021933197395548995 6.456912549756103e-05 4.2789743981768465e-05 4.248415245838289e-05 1.4656308893747162e-05 9.839708377026313e-06 0.0005708391970449218 0.0005314390319136663 9.811475486842922e-05 0.0033498465278827523 0.0017527799974256803 0.0007761270957467244 7.004049665284564e-05 9.295558956336202e-05 0.0006654171055470907 0.0038085020262198376 2.4786975874198642e-05 0.0012689937261843804 0.0020496110079248615 5.264575500030279e-06 0.0003885535528035672 0.0002084574540453774 0.00011345493342890215 1.1380953593119158e-05 0.00011483119098877908 6.119766697534167e-05 8.619789243570451e-05 5.716090180743485e-05 0.0 1.1091771775519504e-05 1.536915488575458e-05 0.0010914475063579362 0.0005557224267463303 9.01583464368103e-05 0.0003433191423970422 0.052369887533100956 6.023474369150841e-06 0.0 6.013201812328915e-06 0.0 0.0 0.0004752280452807938 5.1491721579413475e-05 8.528207863712034e-06 0.00035453503655677037 6.605991617145231e-05 6.983641409461125e-05 6.916662317993553e-05 0.00018492559069614842 0.00011969159803772602 5.9781102321265964e-05 0.0 0.0 0.0 0.0 0.0 0.0 0.0 0.0 0.0 0.0 0.0 0.0 4.4747271149960866e-05 0.0 1.0479974412367243e-05 0.0 0.0 0.0 0.0 4.259824448361184e-05 0.0 0.0 7.604316125508139e-06 6.045535625247021e-06 3.8569820304636707e-05 2.7499035533526058e-05 4.696708093766063e-05 0.00011127570300747863 0.0001359125442888247 0.0 0.0 0.0 0.0 6.328866600603381e-06 6.067756475285547e-06 0.0 0.0 0.0 0.0 0.0 0.0 1.1521618410739211e-05 0.0 1.0244892535285465e-05 0.0 0.0 1.3138626239580038e-05 0.0 0.0 1.0754815230584462e-05 0.0 5.8084949129683e-05 1.810154913907827e-05 0.0 0.0 0.0 0.0 0.0 0.0 0.0 0.0 0.00010108274747370342 2.0055150617080708e-05 0.0 0.0 6.10690711488695e-06 3.905417348403646e-05 0.0 1.8492353000954102e-05 0.0 4.589547337710732e-05 0.0 0.0 0.0 7.922692406843338e-06 0.0 0.0 6.590498814647196e-06 1.683539295389188e-05 5.360104103231191e-06 0.0 0.0 3.665463324895388e-05 3.508066285389335e-05 0.00014147866492411932
0.2659755870249212 0.0 0.1684875682560833 0.07888199438938094 0.13774121191759478 0.0038776225183296477 0.10826104554367383 0.03228987668171463 0.0723633051177079 0.11901269787935534 0.10510669840489513 0.005620123803338908 0.1083642959798794 0.15076831822130193 0.002631625452396948 0.0005622528404466321 6.376040123924281e-05 3.7027662836737716e-05 0.0 1.8494576088432464e-05 1.3930126381818575e-05 8.71090603664091e-06 8.900613671755368e-05 3.954845717595456e-05 0.00019789195652742108 2.8273872945411783e-05 1.2540911237386063e-05 5.136011351752689e-05 0.0 0.0 0.13934301195706517 0.002307175446254207 0.004795431009822094 1.9727653020653454e-05 6.317816283955872e-05 0.00015140729840423944 0.0011850985850696003 0.00019621630033070543 0.0011409559239415287 0.000141349847350285 0.00013599454870887574 5.983675208737979e-05 3.761264039777905e-05 0.00020679440496812777 5.576392189642023e-05 0.00015412884147245276 0.018458576279554707 0.0009043295299678346 9.436027008258986e-05 4.490006149829129e-05 6.247358084644048e-05 4.2755275299129074e-05 3.291687775777498e-05 3.339198250831452e-05 0.00082058725178054 0.0020889701004723803 0.013184179751658457 0.04736080455587513 0.008277835145053394 0.008415933432640053 8.804752848501093e-05 0.0004655065306537107 5.5188150660309594e-05 0.013821827639152365 0.0008198232050043047 0.0005212627443231114 0.00018801466457895095 0.00021519582988027559 5.16056888968131e-05 5.121588390054128e-05 0.002213492789595407 0.00027900573812281095 5.4471117131769576e-05 0.009785017771308005 0.01060373300699625 0.010092089972404593 0.0018994477418953022 0.0006382244627145806 0.000836568438207493 0.011981656857151069 0.0002569211392071208 0.0029045876887148023 0.006845474779578056 5.767069859193507e-06 0.001450570579643624 0.001089982382239477 0.0005166554432419866 2.2830752724851776e-05 0.0004942215477211054 4.7850251359197336e-05 0.0003260058229273537 0.0002070230000331357 8.978625316022088e-05 4.265332283925367e-05 0.00011001832529110112 0.001550157898194363 0.0004988080033472225 2.1831181779779324e-05 0.001539924224952829 0.028322031807346607 2.2944675532383053e-05 3.255304206423789e-05 5.559582576723679e-05 1.3112665758621017e-05 7.99785369527989e-05 0.002923911262705099 8.213259884812807e-05 0.0001425843566180891 0.0003366353400716214 0.0002975107732283246 0.00013315093431930583 0.0003856666980793757 0.001542396603382012 0.0009426027212722153 0.00018409474743920213 1.6785700693309465e-05 9.303894572004539e-06 0.0 0.0 0.0 0.0 0.0 0.0 7.457470451035358e-06 0.0 0.0 0.0 0.00010108736406932722 0.0 4.754202573378337e-05 0.0 0.0 0.0 8.478320722084437e-06 0.00020812396646324458 8.111397647643501e-05 0.0 8.275107910736881e-06 0.00011881657051615745 0.00019393238951576379 7.958611870596854e-05 0.0002734385672952173 0.000238125494760302 0.0002711591784423055 3.3607622795695534e-05 0.0 0.0 0.0 7.15664469148102e-06 0.0 0.0 1.5153481717209566e-05 7.227126669488274e-06 0.0 0.0 2.559452924228654e-05 8.5715881838745e-05 0.0 0.0 0.0 1.1908891958372703e-05 2.8044213252471855e-05 8.349925029623889e-05 0.0 0.0 1.2150901335323935e-05 0.00027111018791388164 0.00010360351614957271 0.0 0.0 0.0 9.940977149284365e-06 0.0 0.0 7.084003784364179e-06 0.0 0.0009574511676388986 4.57873408623588e-05 0.0 1.3182249519465296e-05 1.035723824991407e-05 8.141766770913519e-05 0.0 0.00026767255203921067 0.00010650721164359046 0.0001760647216902914 6.213868057722498e-05 0.0 0.0 0.0 0.0 0.0 0.0 4.9575277019702484e-05 0.0 0.0 0.0 0.00046861556300207256 0.0003168722239136124 0.0005885058065772681
0.12264298161560806 0.1684875682560833 0.0 5.154632596510592e-05 0.03843352017282523 6.352724611817356e-05 0.0008988789914358842 0.16199783110233834 0.03244366366133387 0.00019452867699425232 0.186647154999024 0.002238057576216731 0.003716217779802686 0.05677635872088283 0.0021221143113802476 0.0012287135572480769 9.76686869926319e-05 3.391993771513987e-05 0.0 5.37566523439198e-05 0.00020054628247661866 4.855455065450312e-05 0.0004153292773131576 0.00015806091100922884 0.00033380715697271346 0.00011568384728913237 0.0002601095879873328 4.1848747221456954e-05 0.0 2.5096710424248446e-05 0.21395322377741022 0.05323879569160835 0.009034395343790271 5.605753425037422e-05 0.0003192810466616887 0.00027322461677887415 0.0028501323156457426 0.000648372442830848 0.0020495067381449033 0.0002851528276240673 0.0007053864344044517 0.0002968868439186251 7.793028022739063e-05 0.0004397068401906146 4.688846688641001e-05 0.00010608984180615018 0.004567294388839313 0.0001947117789639147 5.779426360031497e-06 5.0379561518900835e-05 3.952733784491009e-05 7.531090575255757e-05 0.0002353697244053119 6.374535650275278e-05 0.0001888786556581193 0.00043753668096055756 0.0034197870289059706 0.02148834827773895 0.0019439088791511712 0.001607273960519834 0.00018103129159206523 0.0010432838441741575 4.347224867919833e-05 0.010797109347157472 0.00015019969956224218 0.0001155524084449434 3.972517177901472e-05 4.681330174847133e-05 1.5421854970863556e-05 0.0004716226813855802 0.0036456910645658682 0.0002346881764695565 0.0 0.00244818146609925 0.0036844911576768566 0.0025112301545436744 0.0011580810741333904 0.0014853966761248258 0.017851258051518177 0.10058183963992605 0.002790074890046951 0.03644374655897243 0.0013270800803823395 1.0391808783963905e-05 0.00026351305993161614 0.00018285070503977634 8.714798284281157e-05 4.119631315048634e-06 9.983936149458826e-05 0.0 6.823885146437942e-05 2.7802591231672157e-05 0.00014902680237796097 1.6534183046104446e-05 0.0001223403037138181 0.001437426529615943 0.0005542292209108444 2.0187391440879424e-05 0.0015230810018710167 0.007842933800768831 0.00012225410854931605 7.245532181731139e-05 0.0001761895638511999 0.0 5.661260599176611e-05 0.0003548639997709345 3.092374028896864e-05 0.00016332351564436805 9.392426865485475e-05 0.00026903083242415436 0.0001772284570595103 0.0005138648485264001 0.0013893581714810746 0.0007571200691232631 0.0003118541099803372 0.00010711046672092892 6.93931836226734e-05 0.0 2.0836946004061055e-05 0.0 0.0 0.0 0.0 7.419127003911222e-06 0.0 1.1564504270373256e-05 0.0 0.00018836860985895016 0.0 2.8216269957958303e-05 2.8399223962382708e-05 4.9062765133233246e-05 2.4365060416330045e-05 1.0727697092058689e-05 0.00020418152492417488 0.0 0.0 0.00013467489527084828 2.5524800323132895e-05 0.0004370618224177582 0.0003429596766903989 0.0007221344841600299 0.000693350473588784 0.00030440747467482004 0.0 0.0 0.0 0.0 7.0795359559579865e-06 2.8930351800544424e-05 0.0 7.258664517643646e-06 4.721481564704623e-05 0.0 1.4042160928358581e-05 0.0 0.00027461622061957446 9.23786358083167e-06 0.0 1.8008516296423055e-05 0.0 4.143413258496617e-05 0.0001106896355561476 0.0 0.0 9.643544044172345e-05 0.00061677069775204 5.097880028235343e-05 8.645131678943182e-06 0.0 0.0 0.0 0.0 0.0 0.0 2.206852844727918e-05 0.0008194754008831669 0.00021264038962092555 1.8897570842356863e-05 0.0 1.6975601846103762e-05 8.811838859640424e-05 1.6384761012135183e-05 0.0005273708941054037 0.00012170351305711622 0.00016748486273080002 2.4738631741340304e-05 3.527283801987123e-05 6.432550694852273e-05 0.0 0.0 0.0 0.0 2.153719329738833e-05 0.0 0.0 8.202382795761015e-06 0.00032630392556514293 0.0006853940182413576 0.001534359985761699
0.04378276616785705 0.07888199438938094 5.154632596510592e-05 0.0 0.004682985147989711 0.02224762384470203 0.08302063319860718 1.6354176316746054e-05 0.0005588473022018835 0.08462104165348434 5.049629526496447e-05 0.0285507588268716 0.10699925135245145 0.001629559397986237 1.3747724941345324e-05 0.0 0.0 0.0 0.0 0.0 0.0 6.777061326325897e-06 0.0 0.0 0.0 0.0 0.0 0.0 0.0 0.0 0.002320209148298468 6.457844169369825e-06 0.00015023230123634997 0.0 0.0 0.0 1.5619369316093675e-05 0.0 0.00014128490304148345 0.0 0.0 0.0 0.0 0.0 0.0 0.0 0.0007059904301099595 1.1038246854381856e-05 6.3163220355468965e-06 0.0 1.3541646255862143e-05 3.837679463928263e-05 0.0 0.0 4.645893342422792e-05 9.250432485969316e-05 0.0009316566844294088 0.00288207310482241 0.0005799106630893835 0.00047977409516922003 0.0 0.0 0.0 0.00062187438451364 4.3910194105507605e-05 3.5072594137039154e-05 4.411804917582649e-06 6.604611650830651e-06 0.0 0.0 0.0003700453438637478 0.0005096258742246275 0.00011941121393644587 0.00044613068283046777 0.0005233984404843863 0.0003536415434546861 2.1141730334969364e-05 2.2502116317378603e-05 1.2864250168546702e-05 5.1043375680534515e-06 2.535601609544423e-05 6.577894221416916e-05 0.00041099110053959145 0.0 8.208208856834366e-05 4.494422811936218e-05 3.703992550596136e-05 2.044717428994304e-05 1.5672498460293893e-05 2.9959142471710132e-05 2.2509942435400835e-05 1.2239428656531297e-05 0.0 0.0 0.0 0.0010312617179077488 0.0008417433323376579 6.95820971375782e-05 0.00021538409339070668 0.011105159060348976 0.0 0.0 0.0 0.0 0.0 0.0009302875079484965 1.9493328613313127e-05 8.1669465247224e-06 0.0002748917094373164 1.4256154751600683e-05 0.0 1.0171479321804388e-05 8.331557651511467e-06 6.0871961402352504e-05 0.0 0.0 0.0 0.0 0.0 0.0 0.0 0.0 0.0 0.0 0.0 0.0 0.0 1.7674555947310232e-05 0.0 0.0 0.0 0.0 0.0 0.0 0.0 0.0 0.0 0.0 0.0 1.5112774836175351e-05 0.0 0.0 1.3792479814460004e-05 0.0 0.0 0.0 0.0 0.0 0.0 0.0 0.0 0.0 0.0 0.0 0.0 0.0 0.0 0.0 0.0 0.0 0.0 0.0 0.0 0.0 0.0 0.0 0.0 0.0 0.0 0.0 0.0 0.0 0.0 6.3870073153852335e-06 0.0 0.0 1.2581921266712785e-05 8.110681239258064e-06 0.0 0.0 0.0 0.0 0.0 0.0 0.0 0.0 0.0 0.0 0.0 0.0 0.0 0.0 0.0 0.0 0.0 0.0 0.0 2.1769233666799944e-05 1.851153234332247e-05 3.223353819957131e-05
0.015007199429402774 0.13774121191759478 0.03843352017282523 0.004682985147989711 0.0 0.00034712584848616343 0.02752116245972258 0.022487284255455344 0.25734514877008713 0.01657457670518028 0.11015430137422945 0.003624925114608744 0.037175341057070155 0.24497885792239624 0.002914838562013028 0.00033759834435539526 4.59290241940833e-05 2.3533902382386912e-05 0.0 1.112366971251968e-05 0.0 0.0 1.0187082637092652e-05 4.670767742495245e-06 5.3334590524772414e-05 1.6921150638516797e-05 3.189218199449691e-05 4.73407601289284e-06 0.0 0.0 0.010346755547167068 0.0015406907490440795 0.0022462643622815394 1.000689987320991e-05 9.794699677365131e-06 6.026311612614392e-05 0.00039056853619694453 0.00033838226819626 0.001402715542872095 0.0001734580052606296 8.082126755251145e-06 2.308125346191157e-05 2.113130018915412e-05 0.0001375677183272959 6.316605936328764e-06 8.34962769568355e-05 0.012331536907320107 0.00038523131698286876 0.0001204812764832809 1.1895300408935619e-05 3.237151959341698e-05 0.0 0.0 0.0 0.0004030526829165591 0.0007044138785435251 0.003074945715174885 0.009311181068422558 0.002465871390381823 0.004286474463368917 0.00011777170456470308 0.0005201693602092234 1.797591742924392e-05 0.005754976839132561 0.0003389068214055806 0.00032785723095060795 5.811158768440212e-05 8.766878479250731e-05 1.7454188792109054e-05 2.698113474506877e-05 0.0015185777496244674 0.00012877914617930313 1.5835728177205078e-05 0.0038412253060998067 0.004543750722355176 0.006602950031683043 0.0017125135074545922 0.0002827410600068639 0.0014738140030063928 0.0033300617791267484 0.0003066058659930809 0.0017891068567962318 0.0029465172213473034 0.0 0.0007035557840194379 0.00038624135857372676 0.00029939428529733884 5.150064841445016e-06 0.0001990764968516774 0.0 0.00017675683610839573 7.755981817732759e-05 1.5211678169574297e-05 2.573979020505036e-05 7.1883044004381e-05 0.0012660975420313875 0.0004855476285830787 0.0 0.0017417348900367268 0.0020495222143464237 7.601807533288683e-06 9.49535677810931e-06 0.00015922914187515045 2.062309814110794e-05 4.4372198920110874e-05 0.000247113402148229 3.0825318945315177e-05 0.00015351459767050076 0.0001789421639807925 0.0003029161302340082 7.058565873318904e-05 0.0004980786722633458 0.001149033794190001 0.0008936093321871074 0.0002292571601262574 2.3461353702925206e-05 2.158041638944829e-05 0.0 2.0697035849253825e-05 0.0 0.0 0.0 0.0 0.0 0.0 0.0 0.0 3.6267402607229514e-05 0.0 9.345911887721166e-06 0.0 0.0 0.0 0.0 0.00013904843092442067 5.099904304968439e-05 2.078471788395245e-05 4.310920453953611e-05 0.0 0.0002455083999541468 0.00018542724859057862 0.0004150062816292699 0.0003698020272600326 0.00011105186849343448 0.0 0.0 0.0 0.0 0.0 0.0 0.0 4.0724813298292846e-05 0.0 0.0 0.0 0.0 0.00010491925592710444 0.0 0.0 0.0 0.0 4.137576250401592e-05 2.0546741662458908e-05 0.0 0.0 0.00014643755186123119 0.0003774597311681651 0.0 0.0 0.0 0.0 0.0 0.0 5.730663994806646e-06 0.0 0.0 0.0005653532952220767 4.011253554935432e-05 0.0 1.0357072641124648e-05 0.0 7.591052826325348e-05 2.0615104008357453e-05 0.000168842850794176 9.799128208770444e-05 3.604260611864341e-05 2.7529887689115055e-05 0.0 0.0 0.0 0.0 0.0 0.0 0.0 5.48383752732915e-06 1.462650211857954e-05 0.0 0.0004497122343471071 0.00036577228422558913 0.000849373020692081
0.007483649884457552 0.0038776225183296477 6.352724611817356e-05 0.02224762384470203 0.00034712584848616343 0.0 0.002448692766595519 1.3604269234683165e-05 1.048032006557907e-05 0.016832223558543233 2.7418110979019598e-05 0.004262601933116088 0.005876907228211394 0.0004625994403800047 5.691438370111728e-06 6.300082750428062e-06 0.0 0.0 0.0 0.0 0.0 0.00011313594884603289 0.0 0.0 0.0 0.0 0.0 0.0 0.0 0.0 0.0005067279545877595 0.0 0.00011493897183546874 0.0 0.0 0.0 0.0002520246282391101 0.0 0.00010480037367766616 8.283782122196474e-06 0.0 0.0 0.0 0.0 0.0 0.0 6.14054863575679e-05 8.549418620432019e-06 0.0 0.0 6.71476916409392e-06 0.0012086291812910459 6.906414221549726e-06 6.296908515132472e-06 1.5035909902453697e-05 5.0034833390557034e-05 0.005338453694071297 0.0012275228132105492 0.00017606396782945822 0.00018209007229073935 0.0 2.060869859721399e-05 0.0 0.00011735111638308876 5.295262447819658e-06 1.0875345548120884e-05 5.895865378588526e-06 1.2595001153158812e-05 0.0 0.0 0.004244224786090042 0.009881927797218469 0.0023481055346544146 0.00010063859632917351 5.293572797078751e-05 5.725806003320286e-05 7.383669881402754e-06 0.0 0.0 0.0 0.0 9.217247091002549e-06 7.447148532368446e-05 6.92987529295583e-05 1.8570746106822226e-05 1.246260434432599e-05 0.0 8.395165942481091e-05 1.2693175086102651e-05 0.0007328655648040626 2.8559931453421076e-05 0.00027581894903940137 1.265241487342438e-05 2.7614485310234396e-05 6.931988789920516e-05 0.009545742502440523 0.019082759056914842 0.00249396650327518 0.0026752551340844376 0.01753452462541365 6.808302442025651e-06 0.0 0.0 0.0 0.0 2.091435949183581e-05 0.0 3.1247958189781616e-05 0.0 4.482897282270922e-05 2.099263991956876e-05 1.062768462085939e-05 3.963377938565136e-05 0.00012389921012487796 0.0 0.0 7.481265988037729e-06 0.0 0.0 0.0 0.0 0.0 8.89401963500767e-06 0.0 0.0 0.0 0.0 0.0 0.0 2.651383004821414e-05 0.0 1.5897076008446513e-05 7.571413308056883e-06 0.0 0.0 0.0 0.0 0.0 0.0 1.145085172997048e-05 2.259652936694228e-05 3.1960162598101194e-05 6.871584206997139e-05 3.4662590482314914e-05 0.0 0.0 6.43685997188961e-06 0.0 0.0 0.0 0.0 0.0 7.4459668555123915e-06 0.0 0.0 5.327676057708936e-06 4.4330094188616776e-05 0.0 0.0 0.0 0.0 0.0 0.0 0.0 0.0 0.0 0.0 0.0 0.0 0.0 0.0 1.0881419741685507e-05 0.0 0.0 0.0 0.0 4.586377352907077e-05 0.00024890071395611903 0.0 1.7734669130942383e-05 0.0 0.0 0.0 1.7254148612097866e-05 0.0 8.1981916503202e-06 0.0 0.0 0.0 8.425368414388186e-06 0.0 0.0 0.0 4.897451289103205e-06 2.001160111931956e-05 1.0129263917124138e-05 0.0 1.746672613934905e-05 3.4963225771711924e-05 9.771462558765065e-05
0.03232189479576032 0.10826104554367383 0.0008988789914358842 0.08302063319860718 0.02752116245972258 0.002448692766595519 0.0 0.0006853951642702202 0.08772685214820927 0.14127881155804037 0.024444256896851504 0.019619903480039873 0.1765378507011068 0.1876551136840285 0.0011418938543328021 0.0001161773157687771 1.2496301121590948e-05 1.2855718308467843e-05 0.0 0.0 0.0 0.0 1.0159018162627319e-05 0.0 1.5359216754429946e-05 0.0 0.0 0.0 0.0 0.0 0.0031252945215777296 0.0003513808988702044 0.001927523453698929 4.329617245190757e-06 8.006085454588756e-06 6.293483661208823e-06 0.0008345550198773246 0.0007596929107361866 0.0017621238614584681 7.287638517184457e-05 0.0 9.173044380849215e-06 2.899313036340975e-05 5.1866021502899234e-05 5.154930852727476e-06 7.0426072008655355e-06 0.005942587815646219 0.0001880652747051968 4.0198741540581113e-05 6.439163658318758e-06 4.571921790737377e-05 1.941203153927791e-05 3.492714911995489e-05 1.714124111075259e-05 0.00025909936274314416 0.0004335337148223159 0.0020386957097575293 0.0056165004053282085 0.0012875632179950923 0.0019185384723336082 9.694840865459067e-05 0.0010093741248822158 1.334890489227974e-05 0.0028816468743132506 0.00015898853435855718 0.00017023140911730808 3.722865817446418e-05 4.336976971970909e-05 2.121449875684416e-05 0.0 0.0036286576752770005 0.00011869746772232645 2.0704451353715837e-05 0.001868694653243544 0.002150162632372281 0.00289563123937806 0.0005461578647417527 0.00014777721348755378 0.00015675575856551597 0.004076935566686042 5.960235750682359e-05 0.0020023737416606183 0.001546632719027466 0.0 0.0003090964497603966 0.00025603998456133335 0.00014123815083815056 0.0 8.701218122954534e-05 9.906869758459193e-06 0.00010600100692576244 4.093749909279136e-05 5.147460813651996e-06 1.1263536560427984e-05 1.4785868298720513e-05 0.0042033137795916805 0.00048519793018610315 1.4695929894389714e-05 0.002944509878012679 0.0034499075910266125 0.00013216404186988467 0.0001585171836745711 0.0029464989678903947 0.0008711544019440308 0.0001431940223194385 0.001785662758970855 0.00034263954968757546 0.0006165573278689347 0.0012225776950603683 0.0009782598390498365 0.00023679731066516508 0.0029948114000987193 0.004194040898373166 0.001970895258441898 0.00022141520541267144 0.0 1.6482709989798472e-05 0.0 0.0 0.0 0.0 0.0 0.0 5.094685502855628e-05 0.0 0.0 0.0 0.0004717690783524613 0.0 0.0 3.171696228142941e-05 7.164887838900342e-05 0.0 0.0 0.00027606399110224704 0.0001645452577977739 0.0 0.0001900799685839349 0.0 0.00036224233247803407 0.00021214438287581582 0.0005824355062226606 0.0005310902894763857 0.00021431045762372017 0.0 0.0 0.0 0.0 0.0 4.014884918608605e-05 0.0 0.0 6.411874698136099e-06 0.0 0.0 0.0 6.100701396666319e-05 0.0 4.662166511180142e-06 3.5672043420139324e-05 5.247615636232038e-06 4.041768838989333e-05 8.699486047492269e-05 0.0 0.0 3.15382555610185e-05 0.00041074054326296916 0.0001408146614952977 6.377658639073796e-06 0.0 0.0 0.0 0.0 0.0 0.0 0.0 0.0013916091149192068 6.188259124525431e-05 0.0 0.0 5.467467118544112e-06 0.0002655154831213346 9.570811190093246e-05 0.00047446259824815917 0.00013456218666044623 0.0002197647004994885 7.578778247704496e-05 0.0 1.761130862736298e-05 6.922112972411559e-06 9.53902857776096e-06 0.0 0.0 0.0 0.0 8.774569584005654e-06 0.0 0.0010307248242371824 0.0007070734109443495 0.00121841309233771
0.007629207244048527 0.03228987668171463 0.16199783110233834 1.6354176316746054e-05 0.022487284255455344 1.3604269234683165e-05 0.0006853951642702202 0.0 0.006264285891713329 7.547727080875331e-05 0.1759496086904846 0.0017887757166084172 0.00289152829886265 0.04073739541564357 0.004633077968099585 0.0019581682911429567 0.00016214585831011286 9.783391885163894e-05 0.0 0.0002570425128062169 0.0007409127324661428 5.33073296338761e-05 0.0008826024732106936 0.0005682950598861923 0.0005989702197782768 0.0002669933274383849 0.0005942502217154544 0.0001289902127769695 3.2096799874120835e-05 5.666493516130557e-05 0.05322330005090448 0.05862980870812946 0.013827149397001548 0.00013400417085190675 0.0008693760145652382 0.0005086375073356937 0.003885907570787546 0.0010031688156711862 0.0029750920868640285 0.00044318576398054714 0.0020376426511833708 0.0007439179890539861 0.00015257701092749013 0.0007579683077189358 0.00011340360031803806 0.00022379465726149795 0.00807661072104941 0.00017039033942153108 8.94660451574569e-05 0.00015955971265744243 2.03460947848729e-05 0.00014662593045573633 0.0003752443611395852 0.0004625871476365457 9.383629349660874e-05 0.00026249551301457983 0.001575649582774458 0.007808082514108087 0.0010892789109881182 0.0017290137463127225 0.0006142582119215808 0.0020327854881419458 1.832458568341067e-05 0.008221238314401542 7.106952110106758e-05 7.663201157565845e-05 4.3827349210825484e-05 3.600207326718453e-05 8.99904119065182e-05 0.0011438629011361096 0.004176614075932272 0.00035533941849649135 2.629227756714968e-05 0.001673543497720706 0.0028950493891365067 0.004008560731559025 0.002288022213936002 0.002394309721661528 0.06479756736641891 0.225809324988082 0.01747022171343866 0.11412408633872403 0.0009455762262843376 0.0 0.0002868736104114468 0.0001919752168225589 8.054796011930815e-05 0.0 7.21461630886214e-05 5.507181549811206e-06 6.672320463545179e-05 3.471436829087261e-05 0.0003274505515013663 3.9445935711546e-05 0.0002935732710816717 0.0016516337451965752 0.0008982601442709721 0.0 0.0024911775237465277 0.001101585536313185 8.625384735505985e-05 0.00018627827125846668 0.0001389687734976977 0.0 6.680981602737136e-05 8.243952526657413e-05 4.177581800267039e-05 0.00042574000960799433 0.0001401956162414219 0.0003398858885389591 0.00014578240188631202 0.0008355113196115604 0.001586446674360173 0.0012560992546172072 0.0005032966335005361 1.400727641929151e-05 6.963978393190091e-05 0.0 5.7042804696034525e-05 0.0 0.0 0.0 0.0 5.097973779651729e-05 0.0 0.0 0.0 0.0003279957945816503 0.0 0.00010791599549149188 3.425281218386103e-05 0.0001376065902789829 3.6927708108070315e-05 3.0051270681365493e-05 0.00012964415978247398 8.178399234639127e-05 0.0 0.00010287347972462925 0.00023689836009599985 0.0006658502230561489 0.0003771272568872692 0.0009287655731984385 0.0016292237470641067 0.0005832528874498766 1.4101698691620706e-05 0.0 0.0 0.0 5.737582672900387e-06 5.5449629696247955e-05 6.524310876064697e-05 4.213798237070066e-05 4.722748852884028e-05 0.0 1.2142482955359867e-05 5.3686130266932055e-05 0.000536787031337657 7.186610419007301e-05 0.0 8.253291499015575e-05 0.0 0.00016053748098484292 0.00023183975341024626 0.0 2.9967918534580173e-05 0.00011446601799424265 0.0006117659243485842 3.7262142026142735e-05 2.8650642164116114e-05 7.279656333930159e-06 0.0 0.0 0.0 0.0 0.0 6.861348581336246e-06 0.0014217717119991166 0.00033867080923215146 0.0 2.0785041081735207e-05 2.475946917655193e-05 7.897229794826078e-05 2.163461016158051e-05 0.0004780025811566736 0.00022838361666795674 0.00018722340543158512 0.0001405806959738328 2.2135196210262224e-05 8.473286736172705e-05 0.0 0.0 0.0 5.544049755443113e-06 1.1593229576037067e-05 5.0660482545529755e-06 0.0 5.898382391593883e-06 0.0005649340122622777 0.0012246311494156273 0.002263970359839452
0.0013898178882478514 0.0723633051177079 0.03244366366133387 0.0005588473022018835 0.25734514877008713 1.048032006557907e-05 0.08772685214820927 0.006264285891713329 0.0 0.002928898800363771 0.09085879508556416 0.0018495028717704439 0.007791264872972856 0.10933289589673716 0.0004608789651518056 0.00010792406861923393 4.547512298244725e-06 5.385295485744417e-06 0.0 1.5408318758019548e-05 0.0 0.0 0.0 0.0 0.0 0.0 9.605713984295421e-06 0.0 2.0569123309409198e-05 0.0 0.0011760730355657183 0.0001557822776211095 0.004666962755850408 0.0 0.0 8.332805531784313e-06 0.00045394773768112865 5.1687499237798584e-05 0.0003189038836709959 0.00010173612747962377 0.0 0.0 5.792444494047575e-06 1.9252883497590803e-05 0.0 3.807368403981997e-05 0.0012880150737577339 4.12651751296818e-05 5.773280389291799e-06 5.729708436101569e-06 0.0 0.0 0.0 0.0 2.469855521627939e-05 4.3132141958356e-05 0.0001847877143616316 0.0007095179719087871 0.0001904243578758936 0.00047480199842496527 6.904846191016645e-05 0.00011287254145012279 1.3449562957064931e-05 0.00037793450871102384 2.1222022127563692e-05 1.643857464593236e-05 4.44825248490922e-06 0.0 6.163903003775809e-06 0.0 0.0006758341341838439 0.0 0.0 0.00026380918609065715 0.0003308950098165779 0.0008203818848519608 0.000288316007229744 3.769044886051163e-05 0.0008762922738884782 0.029346356934946027 1.7038438552490792e-05 0.0003208883060273825 0.00021415007693937282 0.0 5.3676738283721686e-05 4.452689236605535e-05 0.0 0.0 9.78446842249311e-06 9.975995989936081e-06 1.7872395094282327e-05 1.4189898404157462e-05 0.0 0.0 6.8967792385175905e-06 0.0005779899888892102 0.00013165782311741356 0.0 0.0005037509240732726 0.0001274904435403566 1.708585639889982e-05 0.0 1.778173891820075e-05 2.253639051996262e-05 1.0955121667826107e-05 0.00013846937197289964 2.7089795764380152e-05 3.953311650898851e-05 6.176105925518524e-05 0.00016269137286049478 7.751230770227359e-06 0.00030854205609276474 0.0005603102120546405 0.00035648484146330004 1.9215656005093703e-05 8.391789528125869e-06 0.0 0.0 0.0 0.0 0.0 0.0 0.0 0.0 0.0 0.0 0.0 0.0 0.0 0.0 0.0 7.010124620729815e-06 0.0 0.0 3.8319911428528946e-05 2.9074872536128398e-05 0.0 0.0 0.0 0.00011670347293731725 4.835153994201723e-05 7.223187987228626e-05 4.181689299234551e-05 8.619405777020028e-05 0.0 0.0 0.0 0.0 0.0 0.0 0.0 0.0 0.0 0.0 0.0 0.0 2.079546120280533e-05 0.0 0.0 0.0 0.0 4.7728611903860556e-05 4.105110672233599e-05 0.0 0.0 0.0 7.387389783624847e-05 0.0 0.0 0.0 0.0 0.0 0.0 0.0 0.0 0.0 0.00023803450455971297 0.0 0.0 0.0 0.0 3.509266127083556e-05 0.0 1.9879087221463698e-05 5.3524059009567224e-06 0.00012085819487019268 0.0 0.0 0.0 0.0 0.0 0.0 0.0 0.0 0.0 0.0 0.0 0.00012966076998316236 0.00023223677341607758 0.0001367446161785332
0.031626123975377465 0.11901269787935534 0.00019452867699425232 0.08462104165348434 0.01657457670518028 0.016832223558543233 0.14127881155804037 7.547727080875331e-05 0.002928898800363771 0.0 0.0003938791192539126 0.15194159387419667 0.21918740350679397 0.04830355340865898 8.049014741418673e-05 2.7406254913458124e-05 0.0 0.0 0.0 0.0 0.0 0.0 0.0 0.0 9.663146952071622e-06 0.0 0.0 0.0 0.0 1.6861398345709052e-05 0.0017475615810650614 2.1644213065428254e-05 0.0019212736261987693 0.0 0.0 0.0 0.0009800819663965475 0.0004658600428647207 0.0011623436972098972 5.801465962678214e-05 0.0 0.0 0.0 3.597452767352673e-05 6.234576654909809e-06 5.053053377945584e-06 0.00099161751278717 3.214338566668469e-05 0.0 0.0 0.0 0.00010084936258547596 0.0 0.0 4.545598133312055e-05 9.756222740734939e-05 0.0013857466989071732 0.0027346785935987135 0.0005694482444116646 0.0005439031159103723 5.872592732291744e-06 0.0006114898937936157 1.5796954869010087e-05 0.0007018689951427687 3.635454410767114e-05 1.4993637958210954e-05 1.0270142863300005e-05 2.0374690570829722e-05 4.960380223145364e-06 0.0 0.004330743807602092 0.0006660097756965488 0.00019369840434579842 0.0006246094236957168 0.0006386320255443619 0.0005089382998130942 4.608182216122001e-05 3.0488688806081326e-05 0.00010264609524784235 0.0004283960016698312 7.356648782409769e-06 0.0009445664140596477 0.0004572009282702908 0.0 0.00010941745329617314 3.2005663312252993e-05 2.896672438277748e-05 0.0 3.086603304416588e-05 7.251692347509932e-05 1.7227517275195242e-05 9.513075715608224e-06 0.0 0.0 7.318249998692552e-06 0.013872934894513772 0.0019407892979640114 0.00015799568400261485 0.0017212703564971395 0.00877956187339351 0.00010435653330023502 0.0001282710179133811 0.0004161252019769034 0.00015227941915071233 0.00024338995397328887 0.00289292446596733 0.00116668804641953 0.0006795782810515229 0.0037174428128794205 0.00263170648962959 0.0005890363389455699 0.0021452001329180163 0.00678653947502752 0.004257657575242577 0.0005535026919437243 0.0 0.0 0.0 0.0 0.0 0.0 0.0 0.0 0.0 0.0 0.0 0.0 0.00023984957528783702 0.0 0.0 3.06193633637021e-05 0.0 0.0 0.0 0.00023109929927017143 1.8730175242362575e-05 0.0 0.0 0.0 0.0002972928521109333 0.00030109227061134034 0.00044798871400232956 0.0003005111245078848 0.00020801149964969488 0.0 0.0 1.4647804701964843e-05 0.0 0.0 0.0 0.0 8.045333534712754e-06 1.3207458545529935e-05 7.664560031816687e-06 0.0 0.0 9.22035379961499e-05 0.0 0.0 1.1828756952792091e-05 0.0 2.957208225065285e-05 6.631092135368668e-05 0.0 0.0 3.607642399482945e-05 0.00023599247801290343 5.188207793666704e-05 0.0 0.0 0.0 0.0 0.0 7.300780476852288e-06 0.0 5.549429033675849e-06 0.00217555639363806 2.2933675179065234e-05 0.0 0.0 0.0 0.00014103825701941813 0.00013138742446425498 0.0003218703252477047 8.03139669295467e-05 0.00012278745265812945 5.511564087685896e-05 5.5774720952856e-05 0.0 0.0 0.0 1.9809411232964297e-05 0.0 1.9803760484633647e-05 0.0 0.0 0.0 0.0028804891722366364 0.0004914394584002707 0.0005746087377949659
0.016912545990768555 0.10510669840489513 0.186647154999024 5.049629526496447e-05 0.11015430137422945 2.7418110979019598e-05 0.024444256896851504 0.1759496086904846 0.09085879508556416 0.0003938791192539126 0.0 0.0064666678481752355 0.02569377157647645 0.1813536864633044 0.0017429152059333884 0.0010218272133374817 0.00012570080278367975 3.54280050347753e-05 0.0 2.6843690677561673e-05 6.279808705892321e-05 0.00023213067231568068 7.172559736243611e-05 0.00010676191074390757 0.0005609498381102526 0.00016935915965310777 0.00018479205106637162 0.00013927075250393093 1.966895493004279e-05 1.6645030662821946e-05 0.013405115734155294 0.0008716930274895643 0.07656111798883426 3.6759828513381516e-05 0.00017328866165216314 0.0004487083479497543 0.01379038596599576 0.0023300431658281827 0.004607557234214064 0.0007460315878700826 0.0006384892342778065 0.0003850909039868462 6.244655333161067e-05 0.00027455380575446215 3.632564878233005e-05 3.1316308505986026e-05 0.0034254000116158046 5.915860053527191e-05 1.6855902780432896e-05 1.688981007734543e-05 0.0 0.00011535911572037929 0.00034865938988612455 0.00021213211659768395 4.738089479751103e-05 0.00014721749868521096 0.000589183023823131 0.0023454495510133633 0.00053419615159935 0.0008958171844588249 4.8498049186043695e-05 0.008454777550421719 1.173287146866482e-05 0.0013986310262342617 6.100412242918008e-05 4.20180952408113e-05 1.0218217490494106e-05 3.98134877785949e-05 4.444372748150891e-05 0.0001065952978760124 0.009840444919109851 0.00031076495029404375 1.5233436678367775e-05 0.0007301432879245059 0.0009326125218223998 0.0018384929708853707 0.0007197963671422722 0.000572741121763797 0.005221375072315077 0.047488307855950616 0.00036859568191216545 0.008802984026734097 0.0003655882070487212 0.0 9.593690144599575e-05 0.0001139638303922802 6.94491682152743e-05 5.371929693567494e-06 1.6203775867652833e-05 0.0 2.8485245899289055e-05 3.1015310320815574e-05 7.516300948479596e-05 6.642565736854229e-06 0.000162903755105711 0.004341844044272393 0.0009257339078230342 9.947308377313936e-06 0.0013900649773636508 0.0009165831448416837 9.376782809633034e-05 0.00010074932685686795 0.0001524590497516337 2.153443889841847e-05 0.00012589047256535659 8.416580803011767e-05 0.00023401591866560104 0.00045790037759390635 0.00010970865810733852 0.00022793093286136836 0.00018288200028909976 0.0004693448872691225 0.001608383516552554 0.0009464460553740755 0.00030200105987052226 6.128267440804161e-06 5.1506036915448405e-05 0.0 0.0 0.0 0.0 0.0 0.0 0.0 0.0 0.0 1.950113989471257e-05 9.105156967275582e-05 0.0 7.916885914072465e-05 0.0 7.425003910491835e-05 2.8894545816905695e-05 0.0 6.362715553499303e-05 3.033932491563377e-05 5.427149598610452e-06 5.482265005710253e-05 2.3885018679312582e-05 0.00039888702318477545 0.00026605468729515677 0.0002919943408437144 0.0005297734269274002 0.00023810338338048023 8.63883397366131e-05 0.0 0.0 0.0 1.0009061609248124e-05 5.053635454746377e-05 0.0 3.072653029500043e-05 5.496547540779141e-05 0.0 0.0 0.0 0.00018980246479242336 1.1668573154438928e-05 0.0 1.2141147659309548e-05 0.0 5.327404748006941e-05 0.00015732052022554322 0.0 0.0 8.312412794266327e-05 0.00025748943278534967 0.00012182335487515765 9.56381776749987e-06 1.8102365554321053e-05 0.0 0.0 0.0 0.0 0.0 0.0 0.0012320052356406931 0.00024151612099618537 0.0 0.0 0.0 0.00012572775170450781 5.4391078363742194e-05 0.00027861308008407727 4.112751933955771e-05 0.00013499599828285677 0.00010764458874996382 0.00010826446004283772 2.2408520485037305e-05 0.0 0.0 0.0 0.0 5.398840520364131e-06 0.0 0.0 0.0 0.0005398449274611492 0.0009052165827726624 0.0011091917194472247
0.0027959714647765037 0.005620123803338908 0.002238057576216731 0.0285507588268716 0.003624925114608744 0.004262601933116088 0.019619903480039873 0.0017887757166084172 0.0018495028717704439 0.15194159387419667 0.0064666678481752355 0.0 0.13445168963553095 0.049709730229363654 0.0003697715456190233 0.00013539772109712002 6.505618896705209e-06 1.1627397115332973e-05 0.0 0.0 0.0 5.976517741215418e-05 0.0 0.0 5.863799025870292e-05 1.4942092723740095e-05 1.9368086665569132e-05 0.0 0.0 0.0 0.0002763269269341466 0.0004326350365210645 0.005138706753894532 0.0 3.623986102346977e-05 5.166384725514637e-05 0.010226998135875633 0.000635240496680428 0.004857346043949494 0.00016186325833917082 0.0 5.634059134969383e-05 0.0 6.509099287716837e-05 0.0 6.865700122699018e-06 0.0006508526682295236 5.014886767325407e-06 0.0 0.0 6.840834744897179e-06 0.00010841620460975695 0.0004671026236563076 2.0200573579725704e-05 1.4481322957735922e-05 5.906499227224665e-06 0.00031333342151908364 0.000450403741265657 0.0001548163204484124 0.00011440165030878053 0.0 0.00040350563097542894 0.0 0.00047125194024661294 0.0 1.1629748920538713e-05 0.0 0.0 0.0 0.0 0.016539404390492618 0.0003203173943867175 7.522791690253551e-06 0.0001990388042110066 0.0002694467202032757 0.0002633951103844641 0.0001239248377842989 0.00011979622509960014 0.0 0.0028860227481383753 0.0 0.0014460809041098894 6.905519773690916e-05 0.0 1.0940811945648445e-05 2.469023788574616e-05 1.3963116214057495e-05 0.0 1.1382211899126936e-05 0.0 0.0 0.0 0.0 3.015627146573775e-05 5.170423334433666e-05 0.05039690071103472 0.00313286946319508 5.874327093395896e-05 0.003472610064706938 0.0011952690907881583 0.0003152170542860291 9.937170833759314e-05 0.0006379974988760986 3.686061409292467e-05 0.00036620115886152173 0.0015352170425241708 0.0007658525415945812 0.0015532957585017786 0.0011886193609674496 0.003613175719152199 0.0008904956800352035 0.003621511447899661 0.010753999171019643 0.007467267470037755 0.0017796003332540356 5.2399265364261405e-05 2.047408351278046e-05 0.0 0.0 6.812115053090637e-06 0.0 0.0 0.0 0.0 0.0 0.0 0.0 7.68612823084876e-05 0.0 0.0 0.0 1.2931943663450684e-05 1.2771421830691984e-05 0.0 0.0004170916651987343 0.0001302380489409394 0.0 7.482842679950596e-05 0.00010556859876766905 0.0011342219978904959 0.0006045787158131836 0.0012318921713523343 0.0004680793642468381 0.0002443328758856537 0.0 0.0 0.0 0.0 0.0 4.3762647901845664e-05 0.0 4.3909151532014864e-05 0.00014202544900822356 1.6270780462071996e-05 0.0 5.892515028570628e-05 0.00013124475229167164 0.0 0.0 7.820002687112641e-05 0.0 9.573812197793118e-05 0.00035139170955534444 9.775654265591605e-06 0.0 0.00012397647203850646 0.0013914669191225114 0.00018703716732065858 1.6568135654864926e-05 2.3029432747444744e-05 0.0 0.0 0.0 0.0 0.0 0.0 0.0049381145179862715 6.982189144684717e-05 0.0 0.0 0.0 0.00034428013291001576 9.544636019192676e-06 0.0011351624525125909 0.00031904276167804536 0.0004624862754432047 0.00017518701274989745 8.001312553138998e-05 1.3410212223550886e-05 0.0 1.3884103578940797e-05 0.0 0.0 0.0 0.0 0.0 0.0 0.004346002925271525 0.001936604551518504 0.0019000075144401777
