0.0 0.19982770504455727 0.026769020033250907 0.057374353238636315 0.01707167759553276 0.0005822131721572584 0.029577929495681884 0.007274064750374649 0.00715460316215956 0.020091496606213045 0.006872219572285079 0.0005567311347521415 0.0026024007703817987 0.012339468909426877 0.0002121678499011483 5.921169419919328e-05 2.5227605860370107e-05 2.194821531349214e-05 0.0 2.3156967570399256e-05 2.0606516374003282e-05 0.0 1.122651475215518e-05 0.0 3.5926573563997324e-05 4.478719805375794e-05 0.0 1.248742803570734e-05 2.4813792150582977e-05 1.2647188186614369e-05 0.018231201024303253 0.0006537460680743678 0.00040646409684249 6.196207229902065e-06 0.0 0.00014433792961011978 0.0002355589451909002 2.7483650565584213e-05 3.6387939327973134e-05 7.335307790747056e-06 3.739671557908998e-05 0.0 0.0 3.628786820910595e-05 0.0 0.0 0.0011445343956443326 6.394460817009974e-05 2.9235146028124845e-05 1.3745528163282366e-05 3.048730016693003e-05 2.1359598740563917e-05 7.779932003168356e-05 6.306082453091002e-06 0.00041954452588258666 0.00023525011027845306 0.008611655697010633 0.02998670546865756 0.009347246577315987 0.003191878627839188 4.433558524581339e-05 8.73078936228275e-05 1.7725009401838314e-05 0.00029449841028618656 0.00010841933159905906 9.384840966204829e-05 2.4867403231263505e-05 3.764261047415349e-05 0.0 6.219917531443127e-06 0.00017062513828935283 2.4936025312238e-05 0.0 0.019632948353491296 0.000980934946129987 0.004419867533282795 0.00029251698791339154 0.00014018691132677076 0.0006576314819803947 0.0022472095423433573 2.924088895818143e-05 0.000125619868476111 0.0003161486075277051 4.0264108691976236e-05 5.776771351172212e-05 6.074143829423194e-05 9.273483772447141e-06 6.817736704796899e-06 2.3767928785512368e-05 0.0 5.6388294753926095e-06 0.0 0.0 5.628707740186896e-06 1.170241481435757e-05 0.00014757683781952102 2.1333678832873543e-05 0.0 9.618944441267764e-06 0.04093745661556494 0.0 0.0 0.0 0.0 0.0 1.3962124806068429e-05 1.2740181916525999e-05 4.277708148999617e-05 8.857321230863987e-05 0.0 6.981875558556474e-05 0.00016687650974510923 0.00012707917932920878 2.219780260364636e-05 6.0315056426504814e-05 0.0 0.0 0.0 0.0 0.0 0.0 0.0 0.0 0.0 0.0 0.0 0.0 0.0 0.0 0.0 9.687489288323613e-06 0.0 0.0 0.0 0.0 7.158794017288957e-06 1.200522292373585e-05 0.0 0.0 0.0 0.0 4.637553814186861e-05 3.8931554555344676e-05 0.0 0.0 0.0 0.0 0.0 0.0 0.0 0.0 0.0 8.179213153770787e-06 0.0 0.0 0.0 6.37062494641575e-06 6.9513309247362866e-06 3.0203402092030016e-05 0.0 0.0 0.0 0.0 0.0 0.0 0.0 1.3569076279255766e-05 6.556412927906091e-06 0.0 0.0 0.0 0.0 0.0 0.0 0.0 0.0 6.824444751946802e-05 1.2672311203938856e-05 0.0 0.0 0.0 3.007142671548475e-05 0.0 0.0 0.0 0.0 0.0 0.0 0.0 0.0 6.983106288722322e-06 8.126804057916854e-06 0.0 0.0 0.0 0.0 0.0 0.00010039490084456447 3.3703896469052304e-05 6.405999462158933e-05
0.19982770504455727 0.0 0.009569754306557163 0.06341779585397764 0.1240403688094268 0.006335068070649507 0.23538204256512102 0.025157196828961063 0.17690339320964568 0.2221493863470341 0.14180009873064456 0.01496269542747391 0.07432367562195182 0.27236728761893714 0.00047407339665471936 0.00037152139389251966 3.6656730243793056e-05 5.997433976162744e-05 2.288153862943911e-05 7.361382677757625e-05 0.00011815512789033909 6.334759765121866e-06 0.0 7.212742165203837e-06 0.00011017520637823175 0.00018197735047687812 0.0 5.1108696601603616e-05 0.00010908000844104873 1.931403334259287e-05 0.04234561925693784 0.0023776658990556573 0.0018548370286761062 7.539090763798741e-06 0.0 0.00025363886644267644 0.0004927649532560775 0.00016729446390901175 0.00013837723263786236 4.9012771619778704e-05 8.909669613697103e-05 2.7850917796573742e-05 1.5083820626624372e-05 0.00011817091378723397 2.3507168151299895e-05 2.4002722455607218e-05 0.003971130719036171 0.00020020278094286421 4.524958269168038e-05 1.3161735385630566e-05 5.4651264539419866e-05 4.944664824651181e-06 7.52579425420211e-05 7.985391821775575e-06 0.0007649510613984851 0.0004687950521469969 0.00583895203279925 0.02003600365972679 0.008474826208062723 0.007765081173746069 0.00012367229911086183 0.0003441193616770414 7.304651858246755e-05 0.001756416182293091 0.0002609879024345919 0.00018940545661106712 4.9854531823499146e-05 7.092706794443021e-05 3.05864265768718e-05 3.020081143111653e-05 0.0007413786638323192 5.0476224461440655e-05 0.0 0.02307302848783364 0.002444033155211664 0.008247682639446906 0.001550768737434824 0.0004755198749132153 0.0021744381816159106 0.006619249095335116 0.0001422898743133675 0.00033288862412202304 0.0006718823107547379 0.00017174576869101774 9.930566884398464e-05 0.0001142811313057161 0.0 7.374092004979396e-06 6.671887405603617e-05 0.0 1.8980580757931354e-05 0.0 2.357568333234725e-05 2.928453328297644e-05 4.18448169436624e-05 0.000899317023112284 1.717464765833582e-05 0.0 8.995848703421443e-05 0.024327304161569696 0.0 0.0 2.540407206591805e-05 5.998781477875789e-06 1.6264922117690818e-05 6.724495621752441e-05 5.86392466238558e-05 0.00011636676320556219 0.00026217403845189163 0.00010533758725333938 7.703609751653266e-05 0.0007515419825982046 0.0005145256522873435 0.0002510976541619923 0.00021191522491402167 3.506461899222433e-05 0.0 0.0 2.624736927576781e-05 0.0 0.0 0.0 0.0 0.0 0.0 7.1156652672621235e-06 0.0 0.0 0.0 0.0 7.2332822957001215e-06 0.0 7.401299315141478e-06 2.7278465617890105e-05 9.645853556896277e-06 3.373109201510758e-05 0.0 0.0 0.0 0.00020924429749974912 1.756298645055986e-05 0.0001357421893297512 0.00021164877198656017 1.573379520031123e-05 0.0 0.0 0.0 0.0 0.0 2.0778090757048446e-05 0.0 0.0 1.8276706627205584e-05 0.0 0.0 0.0 2.6918452237458333e-05 0.0 4.5605922090406025e-05 0.0 3.3744692857032646e-05 0.0 0.0 0.0 0.0 0.0 0.00012340177477947705 0.0 0.0 0.0 0.0 0.0 0.0 0.0 0.0 0.0 0.0005098584444333705 0.0 0.0 7.093376888196778e-06 6.5995360516209705e-06 0.00011035864358429105 6.632346145523692e-06 1.7133580695898766e-05 0.0 8.427162164180512e-06 1.0382095348812e-05 0.0 0.0 0.0 8.142627293063851e-06 0.0 0.0 6.388738602011039e-06 0.0 0.0 0.0 0.0003111343810279831 0.00028461663421642424 0.00025572278589775676
0.026769020033250907 0.009569754306557163 0.0 0.006017066044972278 0.0056253819832032025 0.00043719758191529065 0.004252054125979199 0.1818757319365552 0.016197095528687953 0.02581516308545369 0.1137307876804726 0.0006331652388833331 0.004117340518030126 0.07916210885883941 0.0010544225251165867 0.0010734685327217857 0.0004386182717172028 0.0007394777698395596 0.00013727828553098623 0.001037181454242285 0.0016877153774502525 2.4216057371908517e-05 3.407483358988473e-05 0.00010364063939667823 0.0004010257927055276 0.0012984020604278224 4.7016524937949986e-05 0.0005610289736918685 0.0003413388526307673 1.570204438750462e-05 0.26325279814790564 0.04937257298236265 0.0038507830940996916 9.927731836953004e-05 0.0001759290983724372 0.0011353744549389858 0.0012948451837557404 0.0004956250521112565 0.00039001863046605025 8.618198727499814e-05 0.0006054220808166536 7.598024489032872e-05 0.00029851666448635095 0.000535418487073353 4.790724121643316e-05 0.00043313441593569285 0.009879703156907865 0.00044006153735157285 0.0002006124229980787 0.00011511111921889661 0.00012582158198932926 4.766713221599025e-05 0.00013213183916589038 0.00017191108354627232 0.0012088534875577279 0.0007035588628928243 0.010367332964246407 0.07030987434541282 0.014283066499694682 0.01246139081174048 0.004581258914676927 0.0015227398578566888 0.0007712045874486456 0.03343697143877772 0.0003416915853077888 0.00036178851049638327 0.0001112574392467405 0.00024341281890184752 0.00010009467265495868 0.0003098956522924666 0.0009131259966380607 8.718883830446082e-05 6.781114528803714e-06 0.04903719947991987 0.010009406796963884 0.01523202063961503 0.016040802103033595 0.007668907906514711 0.0341246114468404 0.02947704735775654 0.004387592229026536 0.004157920357958557 0.001070234425802413 0.00021079573869961507 0.00022435610953982883 0.00020981778594279815 2.8245169842661716e-05 2.7668650351918054e-05 0.0001240839881206618 0.0 5.210380551801776e-05 3.741861113928434e-05 7.144453724528227e-05 8.67471109266199e-05 7.808467480989682e-05 0.00017960363912938423 0.000211985725671706 0.0 0.0001520646752680119 0.01117599277963976 0.0 0.0 0.0 3.017215355543606e-05 0.0 0.0 0.0 2.3531825719180892e-05 3.5333144959899494e-05 0.0 6.068318397174044e-05 0.000191769419094393 0.0001405098115076206 5.458151719605452e-05 7.509129885417948e-05 0.0 8.734029913375243e-06 0.0 0.0 0.0 0.0 0.0 0.0 0.0 0.0 2.5595771766823593e-05 0.0 0.0 0.0 7.301760649978331e-06 0.0 7.2084262724520106e-06 2.6950306369811744e-05 1.638407717522395e-05 0.0 0.0 7.430361773799763e-06 0.0 0.0 5.354616429319737e-05 0.0 0.0001266065164423117 9.442091145457373e-05 3.3518170376993465e-05 0.0 9.14052583724149e-06 1.3144763871361994e-05 0.0 0.0 0.0 0.0 0.0 1.084433267965782e-05 0.0 0.0 0.0 4.024110372536108e-05 2.6567554505358278e-05 6.505702006444824e-05 0.0 2.660651671564153e-05 0.0 4.1769277567881595e-05 0.0 0.0 0.0 5.580995847590412e-05 0.0 0.0 5.476432630110654e-06 0.0 0.0 0.0 0.0 0.0 2.0897769061593333e-05 0.000153013256119013 2.8947788794338775e-05 0.0 0.0 1.4797576891122335e-05 2.162551103059488e-05 0.0 5.0594862921239805e-05 7.56478817642547e-06 0.0 1.102584466406292e-05 0.0 7.517437646501323e-06 0.0 1.938701121198577e-05 0.0 0.0 3.899140623894829e-05 0.0 7.869965986102308e-06 0.0 0.0001316207460109312 0.0002837160662657092 0.00014506683520273004
0.057374353238636315 0.06341779585397764 0.006017066044972278 0.0 0.012412833258883123 0.015673308031933144 0.12566764600014785 0.0001127777899582301 0.016713474847194033 0.10891318545185184 0.0004723185422839421 0.014028221176786121 0.028719542216930335 0.018264895036876654 6.058765379810324e-05 7.070918185324081e-06 4.698402684861928e-06 0.0 6.039641801219247e-06 0.0 7.161129448232883e-06 0.0 0.0 0.0 0.0 7.43821457083919e-06 0.0 0.0 0.0 0.0 0.0032402594132275643 5.208825285732746e-06 4.536737925061801e-05 0.0 0.0 0.0 6.714509634109696e-05 0.0 0.0 0.0 0.0 0.0 0.0 0.0 0.0 0.0 0.001097783568173594 4.617295715364351e-05 0.0 0.0 1.4461200670176217e-05 0.0 4.095364339946221e-05 0.0 0.00026365229002844203 0.00012057254749799106 0.002800920445729858 0.004766242395958722 0.003998375620122873 0.0029409075063641502 0.0 3.832818834988691e-05 0.0 0.0002990822530759333 3.3059413175832804e-05 6.757847478348067e-05 1.9259101613051808e-05 1.859572107242666e-05 5.476206043183768e-06 0.0 9.161031391493413e-05 2.852445024989599e-05 0.0 0.008851194207834773 0.0006793063879380847 0.002489452941512204 0.0002312675744639889 1.966328103084162e-05 3.646271301384525e-05 8.563112785862915e-05 1.9189519990147666e-05 2.0527288183512107e-05 0.00023221189926573806 5.107235829862267e-05 3.382609536135269e-05 1.2828171809178675e-05 0.0 9.26771526824531e-06 6.904826899019795e-06 0.0 6.503690804514338e-06 6.626580198736385e-06 1.3279356505931805e-05 0.0 6.2311522534499745e-06 0.002176100784418471 1.5763401876780356e-05 0.0 1.5820536563192963e-05 0.04374232347311762 0.0 0.0 3.260526034378235e-05 0.0 4.074708614313418e-05 2.214631775740164e-05 1.3786301534531984e-05 1.0856493697205497e-05 0.00019641522650362355 8.109813976818832e-05 6.1677123126751e-05 0.0002974346653655297 0.00028356025527431116 6.375812815223902e-05 0.00012683819620448129 0.0 0.0 0.0 0.0 0.0 0.0 0.0 0.0 0.0 0.0 0.0 0.0 0.0 0.0 0.0 0.0 0.0 0.0 0.0 0.0 7.053307828907246e-06 0.0 0.0 0.0 3.411518549922068e-05 0.0 5.6300677220828216e-05 2.6240063253953747e-05 0.0 0.0 0.0 0.0 0.0 0.0 1.0784397112857797e-05 0.0 0.0 2.2946447856006702e-05 0.0 0.0 0.0 0.0 0.0 1.6497009020252764e-05 0.0 6.791779458854467e-06 0.0 0.0 0.0 0.0 0.0 2.3436661767303625e-05 0.0 0.0 0.0 0.0 0.0 0.0 0.0 0.0 0.0 8.870697327200626e-05 0.0 0.0 0.0 0.0 5.526410340827699e-05 0.0 1.4311371471351362e-05 6.7501130384528366e-06 7.137411985931149e-06 0.0 0.0 0.0 0.0 0.0 0.0 0.0 0.0 0.0 0.0 0.0 0.00013446957382881705 4.817804942083014e-05 0.00010986311945747504
0.01707167759553276 0.1240403688094268 0.0056253819832032025 0.012412833258883123 0.0 0.0010344582987971067 0.06368383896599118 0.0071782315364148416 0.17108028036309922 0.11023150550617086 0.02510012233487968 0.008033833986135505 0.030363255461207956 0.15310542631899457 0.00036834799385616765 0.00016659483559787984 0.0 7.915636294683751e-06 6.516212928992902e-06 8.259521596157182e-06 3.5174959153373844e-05 4.856587979904668e-05 0.0 0.0 6.769485964960069e-06 1.52616755082592e-05 0.0 1.9599962516108377e-05 8.314371999916359e-06 0.0 0.004144654647305046 0.0003213428207698097 0.0007201566289305199 0.0 0.0 4.386773336712012e-05 0.0002377229562196152 1.0584387860678707e-05 6.991770399945564e-05 2.6322348577767704e-05 7.263673075462516e-06 6.3906945126395015e-06 0.0 7.737924116779392e-06 5.070871185511716e-06 0.0 0.004217361632794078 0.0001050392382519263 1.6368963878349e-05 0.0 5.309285029311101e-05 0.0 2.4268904808611985e-05 5.9423869072266195e-06 0.00024693911554549196 0.00019394590570264228 0.0008573618695878526 0.0029026550410124075 0.001980757053222733 0.0026467368650645857 0.0 0.00016091678254443958 8.788047622965189e-06 0.001168668674571986 6.932989147765397e-05 5.443950652491447e-05 2.9114503066821266e-05 2.185286927370072e-05 0.0 6.750835763797506e-06 0.00045323901669250017 4.628531051150685e-05 0.0 0.0054795615983942786 0.00128060034904956 0.003386195791873928 0.001238553918331846 9.356117876453976e-05 0.00030874310535753384 0.0007960426187740931 1.0690282212418556e-05 6.20552547661242e-05 0.00030062974920815343 1.397679976209385e-05 3.637936380558903e-05 6.163453552563757e-05 0.0 8.317618893396874e-06 3.433472163426139e-05 0.0 3.076555556242283e-05 1.2295538063161153e-05 1.8491237902021525e-05 2.9552975367455193e-05 2.904003831662373e-05 0.00022267034986023015 1.1119741672784665e-05 1.6346315415318574e-05 1.5801489962779076e-05 0.0013294906829145216 0.0 0.0 3.6729954136463225e-05 0.0 0.0 2.277335999504584e-05 2.5041619423512645e-05 0.00013462936620314709 0.00024662762552528535 0.00023000010499256128 0.00010998540069852313 0.000490530038932632 0.0006160741537216249 0.00019917436630561246 0.00020745152587826334 0.0 0.0 0.0 0.0 0.0 0.0 0.0 1.0559702672720845e-05 0.0 0.0 0.0 0.0 0.0 0.0 8.67700877616753e-06 0.0 0.0 0.0 0.0 0.0 6.4445536625289195e-06 0.0 0.0 0.0 8.893008467255245e-05 1.1351846477248286e-05 0.00011633874468351286 0.00010061438992317796 0.0 0.0 0.0 0.0 0.0 0.0 0.0 0.0 8.405503932054034e-06 1.4382168889120532e-05 0.0 0.0 0.0 0.0 0.0 1.6774650636259644e-05 0.0 1.23189256189892e-05 0.0 2.8581625854940992e-05 0.0 0.0 0.0 8.657691703593515e-05 0.0 0.0 0.0 0.0 8.160397232147029e-06 0.0 0.0 0.0 0.0 0.00039352188122444723 2.2270008645335714e-05 0.0 0.0 0.0 5.666614249754366e-05 0.0 1.0694426246914315e-05 0.0 0.0 0.0 1.8790797583470584e-05 0.0 0.0 7.669905074149818e-06 0.0 0.0 0.0 0.0 0.0 0.0 0.00028891265176552686 0.0003001196109917778 0.00026264832785442637
0.0005822131721572584 0.006335068070649507 0.00043719758191529065 0.015673308031933144 0.0010344582987971067 0.0 0.006767711734082404 8.189048356253156e-05 0.0005676561978475822 0.01739493438737876 0.0004210069383680199 0.009623199271144465 0.00682042222839883 0.003658812525146242 4.0589596464842145e-05 7.686802832583496e-05 0.0 0.0 0.0 0.0 1.0925154139397861e-05 0.0008704405375923076 0.0 0.0 0.0 0.0 0.0 2.058227054986076e-05 1.6365827465175955e-05 0.0 0.00023702966006684638 5.551374082375589e-05 0.0017816871680415942 0.0 0.0 0.0 0.0009102265662819408 6.914146117547673e-05 0.00026594007020197557 2.7427034011354304e-05 0.0 1.503541439598444e-05 0.0 2.886650341960395e-05 0.0 0.0 0.00012923356629558456 0.0 1.0715688591272376e-05 0.0 7.892420597111757e-06 0.0016139825020035868 0.0027598879833262285 2.826087492525767e-05 1.1742410731591688e-05 6.522305406466718e-05 0.0013108179872452835 0.00010695566598050869 4.095101284288215e-05 5.046290186621587e-05 3.160144138498012e-05 0.0002502974534787463 0.0 0.0 0.0 0.0 9.485401369618876e-06 7.5641672361788795e-06 0.0 0.0 0.01250225167111802 0.018757561184422573 0.001985543805884213 0.0001989503777118843 2.1974422163092173e-05 4.439742608643428e-05 5.938048764968433e-05 2.5219594503630146e-05 9.874483346503786e-06 0.000928871609139407 0.0 0.0 1.701306509383851e-05 5.7439073981196024e-05 0.0 1.4823840003841912e-05 0.0 0.00020155197617580773 5.0581049302426286e-05 0.00021972984793832738 0.0 7.196976267290474e-05 0.0 7.681914692757641e-06 5.084493049384176e-05 0.0313516566951595 0.02717415028395095 0.015840786227662374 0.002325502417804156 0.0031207203517198273 0.0 0.0 7.014820428204646e-05 1.767603798258843e-05 1.931052866172827e-05 8.659982379783262e-05 0.00028226142627449917 0.0002043041782236741 0.0005229194458182891 0.00021628008703916245 9.1530240754684e-05 0.0007903549616061472 0.0007761881587319437 0.0002024811667098829 0.00021429942370699827 5.729748630641835e-06 0.0 0.0 0.0 0.0 0.0 0.0 3.9840489854901554e-05 0.0 0.0 1.120852999025194e-05 0.0 0.0 0.0 8.38437713066579e-06 1.9511880045049905e-05 4.1224737522803046e-05 0.0001959279080970515 6.477889049375006e-05 3.241416419270462e-05 0.0 0.0 0.0 6.9784860636420655e-06 0.00010608912545301007 0.0 8.000789042811051e-05 0.0001329075178242251 7.805637241483528e-05 0.0 1.5827289160503887e-05 0.0 0.0 0.0 0.0 0.0 0.0 1.9730654070562268e-05 0.0 0.0 9.429995700018099e-05 0.0002401440283266913 5.239741716476535e-05 0.0 0.0 0.0 0.0 0.0 0.0 0.0 0.0 4.835395504111427e-05 0.0 0.0 0.0 0.0 0.0 0.0 8.667337657401063e-06 0.0 9.665166128420724e-06 0.0003555398466027171 0.0006764505067709398 2.944973203161162e-05 6.698169392042391e-06 4.468022191567416e-05 9.637640215557155e-05 0.0 0.0 0.0 0.0 1.906529715999246e-05 0.0 0.0 0.0 0.0 0.0 0.0 0.0 6.927485591708321e-06 8.401676505476429e-06 0.0 0.00048569469386073493 0.00024857228557577133 0.0001890953966970627
0.029577929495681884 0.23538204256512102 0.004252054125979199 0.12566764600014785 0.06368383896599118 0.006767711734082404 0.0 0.002829473030608423 0.10962990273520959 0.30065763331454126 0.013010122455644566 0.054768067989850726 0.1930376757661428 0.2601201342519627 0.0007371127219895094 0.0004687618021777959 0.0 2.6805200204131036e-05 0.0 1.6658087774088716e-05 5.2679823244031676e-05 0.0 0.0 0.0 6.0146210804757464e-06 8.790980465942076e-05 0.0 9.219480691268278e-05 3.757310097033894e-05 0.0 0.005925348648019333 0.00021317041316941895 0.00200947509872918 0.0 0.0 9.894061224211021e-05 0.0007293714921587158 0.00016846812741567468 0.00018099398623092704 9.648192056737628e-06 3.4640248786762296e-05 0.0 1.4054808577339673e-05 5.10190326254031e-05 0.0 9.780247736098974e-06 0.005975978708636676 0.000191157321875748 3.9958964640171126e-05 8.183335705984546e-06 4.586815988724795e-05 0.0 3.3447337155420946e-05 1.838343418459756e-05 0.0004391368519589244 0.00031626932516551283 0.0017400608146533206 0.004933290054533099 0.003997499215647553 0.0050070546680054985 8.962169190876919e-05 0.00016252437126871154 0.0 0.0015131794470075784 0.00016325829348565342 0.00014080521232156962 4.194663375368412e-05 0.00010761184074996914 3.5063515212115476e-05 6.4058773711895254e-06 0.0010808571636283378 0.00011169544558644801 0.0 0.010735948380545885 0.0019458372969303264 0.005987412880333404 0.001648784905704217 0.00021751998144421927 0.0002233825744608619 0.0010286145411384383 6.329607188634155e-05 0.00012987890785711855 0.00045681639104199704 5.418440442607926e-05 5.983102787797724e-05 4.9611409677263274e-05 6.197664444698218e-06 1.036602455593901e-05 4.178219711457729e-05 5.4573957478719615e-06 2.3060429263956442e-05 1.154146290828205e-05 3.997918969719798e-05 2.952109259205912e-05 1.0422377696472882e-05 0.004250766881044218 0.00011181502619775805 5.0453638399324635e-05 0.0001405804053551936 0.0037371945116702206 8.967494239400175e-06 1.0674928518578283e-05 0.00027109067338863975 9.670297069181562e-05 0.00012377530921050072 0.00030462633699246486 0.0003534775511104086 0.000674009434659315 0.0016861959867921755 0.0008479978671512707 0.0006965021854145396 0.003094452831040571 0.0028246268364726292 0.001200521727184975 0.0010819962933437087 3.348830182127701e-05 5.2290489106074634e-05 0.0 0.0 9.116419647932012e-06 0.0 0.0 6.923120085114716e-06 0.0 0.0 7.374258236923498e-06 0.0 0.0 0.0 0.0 1.3832342668219504e-05 0.0 0.0 0.0 0.000147350357792563 0.00010034434178237775 6.181732775175373e-06 0.0 0.0 0.0007426112967145748 4.473201160573022e-05 0.00063634492913645 0.00036454438550298995 4.6345178562563415e-05 7.030333039783479e-06 1.553077177937337e-05 0.0 8.887421590632957e-06 3.1887477969905654e-05 7.092498160566098e-06 0.0 1.078455874145576e-05 0.00014648405101275189 0.0 2.7906275591374615e-05 1.5783939961345027e-05 9.879638071219699e-06 1.4717834148828794e-05 1.449816298230118e-05 0.0 0.0 2.679226889332852e-05 0.0 0.0 0.0 0.0 0.0005888147694849863 3.6844991245128746e-05 0.0 9.716644836870588e-06 0.0 0.0 0.0 0.0 0.0 0.0 0.0017986789150394378 1.244437293921882e-05 0.0 0.0 0.0 0.0004976651354354525 0.0 0.0001217601683501638 1.1913995855777859e-05 0.0 2.618427274461531e-05 6.8482904430128e-05 6.305317428110094e-05 0.0 1.2359653979743187e-05 0.0 0.0 0.0 0.0 0.0 0.0 0.0017767848314962237 0.0009241913625632215 0.0009438751852590084
0.007274064750374649 0.025157196828961063 0.1818757319365552 0.0001127777899582301 0.0071782315364148416 8.189048356253156e-05 0.002829473030608423 0.0 0.012949760419513248 0.0008620845671992158 0.045718677496849366 0.0008803328399802536 0.003493173092558349 0.051931866303934676 0.003532609200959713 0.008493919369276922 0.0007803071223816401 0.0011704626323223283 0.00018289384344783826 0.0017835916403687569 0.0041546950674700165 0.00012108545437133115 0.00038342905656696863 0.0009112027666983254 0.00397756783011095 0.008396461966415162 0.000326931099366742 0.0024581920070841103 0.0012966638302744208 0.0002605330140901242 0.1443601948236129 0.030548706005661796 0.020484441963343408 0.00036534776607545586 0.000368332862657391 0.009812740767886722 0.00503862081911597 0.0030477487991408033 0.0013123441172021156 0.0008662569020441112 0.003276526600648375 0.0002950297474230401 0.0005994356731332139 0.0024448386881041942 0.00025288068049969043 0.0003408834568952579 0.010993539204309039 0.00027055219032412145 0.00030714452077832023 0.00021881745910619634 0.00010079413422266363 0.00019394422957316274 0.0005797518402077692 0.0004887893557072187 0.00036159107093431856 0.0002582378951598706 0.003076879653804613 0.015454292205434896 0.003717252704925171 0.004090149864820321 0.014307023071303522 0.017289807213451365 0.002141300349927025 0.025940262961228037 0.00016972571759479347 0.00019114204848472385 0.00011803503681908991 0.0001726898178034812 0.00010607700740002637 0.0007277081103676904 0.0029358882366429854 0.0005497816656251792 8.292388464662349e-06 0.014537785797051592 0.004589356422528498 0.010846664101087247 0.021947650149433368 0.022311088088978616 0.05933642702997596 0.08863365977724932 0.011206414455015537 0.0835327460796622 0.0007067941738429555 5.8203638627489485e-05 9.866063468367655e-05 8.666467266941738e-05 3.672245119373077e-05 2.7405961427153984e-05 4.370415295039615e-05 0.0 5.3273122442954555e-05 8.526524009703427e-05 0.0002840248791843914 0.00016497660700621946 0.00011481046803292842 0.00031276390367366734 0.0005126704050749518 3.1027072168368794e-05 0.0005193129686029845 0.00204000177949941 0.0 0.0 1.513245651308861e-05 0.0 1.2545624049147682e-05 1.574318244606546e-05 0.0 2.5483407156336352e-05 7.258845086026273e-05 1.7693286720591474e-05 4.699887059400333e-05 0.00029828629463190084 0.00015957692340895973 0.00016550581432825683 0.00019762719752245146 1.497926431416383e-05 7.80326789922301e-05 0.0 2.785824172028947e-05 0.0 0.0 0.0 0.0 0.0 0.0 3.9137247405563384e-05 0.0 6.472624611575986e-05 2.2262782414854827e-05 3.056083248379188e-05 4.49470855639083e-05 0.00014337334701643783 0.0001602946080896016 1.012086261587827e-05 2.2420958503205282e-05 3.1529825594563054e-05 0.0 4.180094245156017e-05 4.6820206034929984e-05 0.00023261712875793168 8.61247190915474e-06 0.0006791129988091442 0.0006859400721228877 0.00018462727691455705 1.1790692671885724e-05 5.1344472830358846e-05 6.892937478894633e-06 0.0 1.82307836460691e-05 0.00010319521655484916 0.0 6.1217854442685405e-06 9.985489458395525e-06 0.0 0.0 3.879570571876035e-05 0.0002776920282734707 0.00022141315198849945 4.4868061966579096e-05 0.0 0.0 1.1832128413497224e-05 0.0 6.969101886785268e-06 0.0 0.0 0.00012439604997875617 3.3129295550685055e-05 0.0 0.0 0.0 0.0 3.261773950369691e-05 0.0 0.0 4.132005747696631e-05 0.0006242828876227368 0.0001645362688159483 0.0 0.0 9.28974933801033e-05 9.394324677634928e-05 2.674402224535493e-05 0.0 0.0 6.898579646818948e-06 0.0 1.1434964495231477e-05 1.8601594430624003e-05 0.0 0.0 0.0 0.0 5.699718446327423e-06 1.9920433664642698e-05 1.541693870146606e-05 1.1454446879080363e-05 0.00029658121368556834 0.0007734606004419196 0.0009135193361986459
0.00715460316215956 0.17690339320964568 0.016197095528687953 0.016713474847194033 0.17108028036309922 0.0005676561978475822 0.10962990273520959 0.012949760419513248 0.0 0.028241820570762945 0.0408658079726009 0.0015270807033020283 0.015880653022571592 0.14488200944794313 0.0003434711588801372 0.00022893068016747496 6.89772291295319e-06 0.0 0.0 8.14217514217589e-06 4.602182878824013e-05 0.0 0.0 0.0 2.7223142603926775e-05 5.7013971843697034e-05 8.787189354650714e-06 1.5261578837990172e-05 0.0 0.0 0.0038106625995777627 0.0009316047824887612 0.0017557063877477405 0.0 0.0 9.493168902458059e-05 0.0003549195380375163 2.3344719134761633e-05 0.00014259502194555293 3.1980695729329645e-05 1.9743445235048815e-05 0.0 1.6207536804654797e-05 3.77413256518397e-05 0.0 1.6088126005669195e-05 0.0038444406385627823 5.656667595147011e-05 6.687018553231953e-06 0.0 1.5077771829790632e-05 0.0 3.7088342535706025e-05 1.0160694858582808e-05 0.00020236464527782723 8.96121317817931e-05 0.0005681291589290129 0.002125919756177818 0.0011546202278190176 0.0017954811530723242 0.00010311898411973221 0.00012179316922719002 2.856471111527487e-05 0.000986533634427 7.179442735605964e-05 2.4438842446361368e-05 5.4110159102047945e-05 5.5357986095477394e-05 1.1218762717248026e-05 1.4441692712182087e-05 0.0003564581998370025 2.330436620245987e-05 0.0 0.0039352591559700814 0.001179908441846208 0.0026297865599461483 0.0010909280282787761 0.00027876650194631167 0.0004189318670557121 0.004600147832071982 3.41013647196465e-05 0.00013952040255669899 0.00015475710235471037 4.66881043221072e-05 2.8679365634727496e-05 1.6594985616624256e-05 5.813304477991648e-06 0.0 3.1999114228736275e-05 0.0 2.130264716503127e-05 1.612001491886013e-05 1.6898031565553333e-05 2.8445048155217142e-05 7.826060805025781e-06 0.0004099517100340345 9.73944162994344e-06 0.0 0.0 0.0007992924072478487 0.0 0.0 2.8281787415308747e-05 8.58532035062929e-06 8.887559691017284e-06 7.721343528895059e-05 8.261055124202753e-05 0.00014247884474149236 0.0002571691168491761 0.0002373522175541499 4.335766215500499e-05 0.0006137378757620115 0.0005369421419644083 0.00029198172821414005 0.000223860391049509 0.0 1.4103419912624478e-05 0.0 0.0 0.0 0.0 0.0 0.0 0.0 0.0 0.0 0.0 0.0 0.0 0.0 0.0 0.0 0.0 0.0 6.791692506760629e-06 2.9058282911842674e-05 0.0 0.0 0.0 0.0002485113475024777 0.0 7.697862422843699e-05 8.35993049833479e-05 1.9054544766364957e-05 0.0 0.0 0.0 7.3128813112973776e-06 0.0 0.0 0.0 2.9385426354871852e-05 2.8270107191691706e-05 0.0 0.0 1.0494630794589495e-05 2.616402467085773e-05 2.2161316482105886e-05 1.1437013495748638e-05 0.0 0.0 9.200778523442573e-06 1.2594289601620412e-05 0.0 0.0 2.7535825402267686e-05 0.000131457118026297 9.348828273241166e-06 0.0 0.0 0.0 0.0 0.0 0.0 0.0 0.0 0.000449482487783307 9.081381023012505e-06 0.0 0.0 0.0 0.00011118244357728766 0.0 2.657686247126224e-05 0.0 0.0 6.726773050534945e-06 0.0 6.937959738635533e-06 0.0 0.0 0.0 0.0 0.0 5.7905746891793415e-06 0.0 0.0 0.00025620050632761785 0.0003816681851112977 0.00034260646275999376
0.020091496606213045 0.2221493863470341 0.02581516308545369 0.10891318545185184 0.11023150550617086 0.01739493438737876 0.30065763331454126 0.0008620845671992158 0.028241820570762945 0.0 0.0035181721376793037 0.08074881935013942 0.31297251190995135 0.15224017014604105 0.00026933890223681346 0.00017956532241052695 1.40100896269614e-05 0.0 0.0 6.697860456367812e-06 0.0 1.482199406203801e-05 0.0 0.0 0.0 3.258658559144035e-05 0.0 8.851796806304387e-06 0.0 0.0 0.0020899235247799634 5.11267371151435e-05 0.003962628652246494 0.0 0.0 1.0330120501944355e-05 0.0007864843530842864 0.0 0.00024348284909525924 0.0 0.0 1.2435654713104239e-05 0.0 2.5316930723404657e-05 0.0 0.0 0.004715185381124282 8.792324591867945e-05 1.5723500072400744e-05 0.0 3.113026742481932e-05 2.4186112605239232e-05 0.00012187148800107626 0.0 0.00028422228498858437 8.136085426709765e-05 0.0009024508016368889 0.0019151319608077164 0.002129535428832787 0.0025915053871048825 0.0 0.0001655975907288547 0.0 0.0005986006220507575 3.968838148825232e-05 6.400521991730008e-05 3.4416593679888165e-05 2.08643569523115e-05 6.877830831297448e-06 0.0 0.008601076729845785 0.0008885313462691984 3.414029521798964e-05 0.004324040183474489 0.0009509159326022191 0.0027299124345927565 0.0006022549786693101 9.497498758693183e-05 0.00019752220951841913 0.0009119982407680465 6.8061925356325675e-06 5.654171507422649e-05 0.00024692406362656564 6.371081854094727e-05 2.698042657511742e-05 4.215326875541371e-05 0.0 0.0 1.9280368560756006e-05 9.177932628010847e-06 8.138939501319287e-06 1.1253058668989575e-05 1.8866658681998585e-05 5.6285215604095005e-06 3.561544055885835e-05 0.016309212458693313 0.010614684732179754 0.0005925854337357402 0.0004398815976656175 0.012550814118355291 0.0 1.5127408176816927e-05 0.0002273678298299316 0.00011434123003556279 0.00013593469154733463 0.0003291997603092892 0.0009224387725272645 0.0009122872275863677 0.0021847018656033328 0.0012161694367434888 0.0007984629006400812 0.004441374104590159 0.003751622261869897 0.0013196565386902814 0.0011757459775984128 5.9818227506798394e-06 6.181516929389491e-06 5.513273209304244e-06 0.0 0.0 0.0 0.0 0.0 0.0 0.0 0.0 0.0 0.0 0.0 0.0 7.0265490892527894e-06 2.725209355931178e-05 1.6792435919829972e-05 0.0 2.937563145724239e-05 6.6952150667835e-05 0.0 0.0 0.0 0.0005260416673866563 4.04321057635843e-05 0.0002963810612181759 0.0003196850023783417 7.555697079273198e-05 1.1778901967961213e-05 0.0 0.0 0.0 1.1306787902221141e-05 0.0 6.056277782702184e-06 9.348049131332082e-05 0.0001247875926998967 0.0 8.857945853787486e-06 0.0 4.717643239593364e-05 0.0 0.0 8.255399043943425e-06 0.0 6.944702106288353e-06 1.6909824315409466e-05 7.005985430542869e-06 0.0 0.0 0.00036114188255534336 4.601714820817709e-05 6.546920316673444e-06 0.0 0.0 0.0 0.0 0.0 0.0 0.0 0.0016933573827230012 6.989849167858053e-06 0.0 0.0 0.0 0.0005266495929507288 1.0085778980463123e-05 0.00014550810531485395 1.73167964298602e-05 6.830607149133722e-06 5.697161185247631e-05 3.315866745650081e-05 2.127012350155531e-05 0.0 0.0 0.0 0.0 7.703079343880852e-06 0.0 0.0 0.0 0.0023154117679719892 0.0006243992269668783 0.0007080151858336105
0.006872219572285079 0.14180009873064456 0.1137307876804726 0.0004723185422839421 0.02510012233487968 0.0004210069383680199 0.013010122455644566 0.045718677496849366 0.0408658079726009 0.0035181721376793037 0.0 0.020239676068587814 0.029696108521076507 0.15263983741559986 0.0009648884497179496 0.0015905023227592492 0.00014834913301843967 0.00016398053036414915 1.4305996808986335e-05 0.00018515704124147787 0.00041184661200456275 7.535951537469716e-05 1.0476181606208564e-05 9.657130322797911e-05 0.00039361442791829995 0.0009444882394621684 8.282609525299525e-05 0.00030328252460561284 0.0003341208022959761 0.00010025972307355146 0.016697478330334043 0.010765411164086783 0.03902620451140149 3.1696862612758556e-05 3.429304242678713e-05 0.0012046973431927056 0.005585267496559475 0.001030311702794954 0.0008580819812548783 9.888375784832955e-05 0.00029449798217499515 5.5980757450865406e-05 6.121722685316106e-05 0.0003582879705973824 1.4153322742244242e-05 9.344291573319278e-05 0.004937896216390886 7.356977838128637e-05 1.0535068633053478e-05 2.3477453551937824e-05 3.6391243507539e-05 7.166953141440155e-05 0.0002830140728576248 0.00019595653579524054 0.00021091550191032216 9.994252643857452e-05 0.0008490640481517744 0.003728873554839386 0.001326618671111004 0.0019404674826560076 0.0007964854775521199 0.0030847294095666927 0.00017798527704068566 0.0030918418591409317 3.5581775265538585e-05 8.589682558158154e-05 4.7192225965072145e-05 6.480161516773331e-05 0.0 9.449382385415478e-05 0.00795525496667837 0.0003191363131839384 9.026270785937618e-06 0.004813378589227301 0.0016086795326628897 0.004236787646112013 0.0036094300071378336 0.003834987436064995 0.013987319132293589 0.08852783445831122 0.0006876391861096517 0.0020206243498966823 0.00027440204747304614 2.7521996438967023e-05 3.4891684576134944e-05 2.823035013697419e-05 1.7577203117902466e-05 0.0 1.5450890425212593e-05 1.7136237849589897e-05 1.4909441782811458e-05 3.5992263824960735e-05 3.205274372280138e-05 5.552993590697478e-05 5.7473107030724436e-05 0.0034727416838912983 0.0006077306041793967 1.6420257429987272e-05 0.0008120259496047855 0.0005906632272732979 0.0 0.0 2.262014477939033e-05 7.111791295740163e-06 1.8812443540007333e-05 2.7311899209453947e-05 6.734260393038803e-05 0.00010650828006729046 0.00027087308549198397 9.515639369437561e-05 0.00021208585203072694 0.0007947788166350942 0.0007511371387641213 0.00031160983149671205 0.00041238756297409736 0.0 2.0033179329894118e-05 3.054747715366118e-05 7.041886517936679e-05 1.1494830500356422e-05 0.0 0.0 0.0 0.0 0.0 6.993675571469856e-06 0.0 2.730845692950375e-05 0.0 8.699431163753974e-06 9.202823432096495e-06 8.241045145737423e-05 4.9996969582864816e-05 5.8966104659424015e-05 2.6680486861869998e-05 8.807854286975806e-06 0.0 0.0 1.8061848514813386e-05 0.0002389082493130876 3.2080906994512784e-05 0.00037889441434081324 0.00037159693582571496 7.19451460236562e-05 0.0 2.5466976790981196e-05 6.40766346949355e-06 0.0 3.803591883428186e-05 0.0 0.0 7.906107368164852e-06 8.025301861029956e-05 0.0 0.0 0.0 7.382535462477444e-05 4.744976221105193e-05 0.0 0.0 0.0 6.358189262548121e-06 0.0 0.0 0.0 0.0 0.00026895634627031254 3.0242151525424816e-05 0.0 0.0 7.539982789984948e-06 0.0 0.0 0.0 1.0672497951814042e-05 6.505752592104122e-06 0.0007615041295112678 3.113942348030051e-05 0.0 0.0 7.033900121562484e-06 0.00015846523270550715 0.0 3.08837398254024e-05 0.0 0.0 6.793611079137032e-06 0.0 6.031234556710867e-06 0.0 6.56855195168886e-06 0.0 0.0 0.0 0.0 0.0 0.0 0.000473344238901037 0.0004483535708470992 0.0005570558327954022
0.0005567311347521415 0.01496269542747391 0.0006331652388833331 0.014028221176786121 0.008033833986135505 0.009623199271144465 0.054768067989850726 0.0008803328399802536 0.0015270807033020283 0.08074881935013942 0.020239676068587814 0.0 0.09085860338030535 0.08811840307932489 0.00028654160166358735 0.00040452640932696414 2.6197666947446777e-05 1.6816680209523774e-05 7.786051589236138e-06 2.0852279306477326e-05 5.2227309203208624e-05 0.0002496830909023154 0.0 2.303016328602285e-05 0.00021545911401218135 9.909641607274764e-05 2.904945676283516e-05 7.528944682006754e-05 0.0005111454939818818 9.840980193264883e-06 0.0005875656965192004 0.00035047732537562843 0.013668790776897142 7.469041645519486e-06 1.691909340861265e-05 0.001176617727579298 0.009403427587996376 0.0008136518877782717 0.0018019874928468028 0.0003448416169689217 6.297759142927322e-05 4.502316711156833e-05 1.5784156830096717e-05 6.306202753870242e-05 0.0 0.0 0.0007380301427904597 1.4537759431386553e-05 5.492320823586579e-06 6.8372441513081295e-06 1.3677737242028388e-05 0.00010620725140693846 0.0016377536342065332 0.0001679141418157907 1.9196362608449852e-05 1.7212404303412144e-05 5.309907708599566e-05 0.00017302794738782538 8.983743590955273e-05 0.0001679800417847452 9.87876026425825e-05 0.0030401141782033674 2.9671518179951124e-05 0.000173017258929561 0.0 0.0 0.0 7.499411454482777e-06 0.0 6.88466526587316e-06 0.028545196890080695 0.001180979451245334 2.198927511516852e-05 0.00018727685656682642 0.00011771910866171717 0.0005246178938543105 0.000256637831372096 0.0002206852090067163 0.0006202253612536488 0.010998609529230808 7.537649404972643e-05 0.00026299519254382103 2.045135752330903e-05 3.617595114616052e-05 5.893682482053114e-06 0.0 0.0 0.0 9.397800715456852e-06 2.135908572321027e-05 0.0 2.4616937213478614e-05 1.5150442297957671e-05 0.0 2.7390753505941612e-05 0.04498265813606193 0.004687670756688423 0.0003143246313571552 0.004725047096834512 0.00025480900378619276 1.2320622719267767e-05 0.0 0.0004987994623263457 0.00017239255774917272 0.00016606266372092544 0.0007429585133042082 0.0010227167964591546 0.0011889583385390073 0.003738569618627128 0.001558028880255277 0.0016996003543234184 0.007638741520951994 0.007335279612642346 0.0030926075076195005 0.002948406955156885 6.631605313684187e-05 2.0638201205515158e-05 7.3961773253314815e-06 5.645024556337155e-06 0.0 0.0 1.5139457179608426e-05 7.215240759194428e-06 0.0 0.0 7.579320940203324e-06 1.0110218656626618e-05 0.0 2.6169963498866906e-05 2.6859507924528075e-05 3.72631627892659e-05 1.616939603591687e-05 9.384394339332245e-05 3.669685607768503e-05 0.0001977411523332901 3.397027165111223e-05 0.0 0.0 1.6257180312441756e-05 0.0015661661911950267 6.044324018027582e-05 0.0010909180553850956 0.0010200097527254814 0.00012970885053236944 4.689454189143548e-05 6.880410239587024e-06 5.933330590911881e-06 2.4172851387963044e-05 6.966343203737514e-05 0.0 0.0 7.501747550354475e-05 0.0004946842964372179 0.0 6.409861823018951e-06 6.732564571467499e-06 0.00017938328973652468 2.6058926698000868e-05 1.5349459784784093e-05 1.4996697697495554e-05 5.879668873423767e-06 1.6341114145658317e-05 4.135127379013727e-05 0.0 1.2077964999509574e-05 0.0 0.0014995627982148177 0.0001282704910420235 5.809590600618931e-06 5.778519037110077e-06 5.157181879787497e-06 1.8019413847088548e-05 0.0 0.0 0.0 2.4096848097187467e-05 0.006607684184004541 0.0002306422947964351 0.0 0.0 0.0 0.0012501858308540705 2.343120219877637e-05 0.0001633326472440606 8.453053838014525e-05 2.8066854626412437e-05 9.296385061477474e-05 2.2688641035570214e-05 5.752015169387144e-05 5.899103689362496e-06 0.0 0.0 0.0 5.262084466174679e-06 0.0 0.0 0.0 0.004732442395943696 0.0016845451030859323 0.0022377232351375145
