0.0 0.31931887278425536 0.023100684197563216 0.07017626424901771 0.07143966172587497 0.012972854603529137 0.07078838091123876 0.005185842090637558 0.0017123136004565853 0.08043453070060211 0.01160512374855236 0.010060429063291142 0.011822571380985353 0.007353953654074153 8.308344036508849e-05 8.911034789553492e-05 9.529733220965668e-06 0.0 0.0 6.206826185798566e-06 0.0 0.0 2.534155844443423e-05 0.0 0.0 0.0 0.0 0.0 0.0 0.0 0.04324681921205725 2.7788241245112126e-05 0.0004668873573262342 0.0 9.071927037756703e-06 1.1098708811370886e-05 0.00034860866370235347 0.0 6.669637941032644e-05 0.0 0.0 0.0 0.0 4.215818854300959e-05 0.0 1.2165874416737203e-05 0.0007317929702634637 0.00010185172315930266 8.469118777941026e-06 0.0 6.730158748402191e-06 0.0 0.0 5.790816801984892e-06 0.00029403753550148157 0.0002020212815563111 0.02315644309886332 0.07828816361020789 0.004833759897763297 0.0007164096301112953 0.0 2.9658640640062446e-05 0.0 0.00015799111177751542 0.0003627349784914617 0.000319867703233085 0.00013605811095036447 1.6840751695722135e-05 5.048102196612861e-06 0.0 0.0008872512307233593 0.00019737038913574396 0.0 0.00916994578940174 0.00160724505492249 0.0017332225310038244 3.218296841295535e-05 2.1691488260526546e-05 0.0 0.0003031693703340973 5.9725740521890015e-06 5.8171479592691606e-05 0.0008750822723072311 1.8305182657984456e-05 0.0004120658314925512 0.0005508843968504831 5.467294149749725e-05 6.00046285050515e-06 0.00020555925303509983 0.0 4.52944186849257e-05 7.620139489263637e-06 0.0 0.0 8.279350015444615e-06 0.0011156889989576014 0.0009496550105647977 0.0 0.0002982858317221871 0.0869187141335967 1.0327514184833042e-05 0.00014459075470522485 0.0 0.0 0.0 0.0006514300069186277 0.0003023476291051087 0.0 0.0007125207836109398 8.431934107012238e-05 6.473177588471119e-05 0.0007318217119573051 0.0011999408884850735 0.00035763178780238655 0.00014186766489314396 0.0 0.0 0.0 0.0 0.0 0.0 0.0 0.0 0.0 0.0 0.0 0.0 0.0 0.0 0.0 0.0 8.396925057471675e-05 0.0 0.0 7.928626980451032e-05 1.9421765049756886e-05 0.0 0.0 0.0 0.0001327538225163025 2.769243559897422e-05 0.0002453915546559513 0.0002600521327442589 3.564459541305202e-05 0.0 0.0 0.0 0.0 0.0 0.0 0.0 0.0 9.664992417201194e-06 0.0 0.0 0.0 0.0 0.0 0.0 9.113104676317422e-05 0.0 0.0 0.0 0.0 0.0 0.0 0.0001512146128641087 0.0 0.0 0.0 0.0 0.0 0.0 0.0 0.0 0.0 0.0006721011743932384 0.0 0.0 0.0 0.0 0.0 0.0 0.0 4.8500817928763923e-05 9.840698732715968e-06 6.414581403304945e-05 0.0 9.224612060213474e-06 0.0 0.0 0.0 0.0 5.370563107048289e-06 0.0 0.0 0.0 0.0004932574034985112 0.00018929488508575537 0.0008088236609539303
0.31931887278425536 0.0 0.062383589885587676 0.02473305063944255 0.28562768075393924 0.006701261855119724 0.3726038805102575 0.019789288798559367 0.10473160568133094 0.04655844449542524 0.09375466301108612 0.00859981618622067 0.037395267338525065 0.05214316204198414 0.0007977302692132793 0.00024659564147253563 4.011797882946541e-05 8.460052705091587e-06 0.0 0.0 6.792307484445229e-06 0.0 1.2915731407300569e-05 0.0 0.0 1.8057221728998006e-05 0.0 0.0 1.9313926395470714e-05 1.5283562196767563e-05 0.16325566625436566 0.0006715280369620082 0.0015582956419838167 5.389152688063466e-06 2.8051276881167245e-05 0.0 0.0013085358072992927 5.016226726548706e-05 7.37585540567494e-05 1.661865947167116e-05 0.0 0.0 0.0 9.419077453743417e-05 5.28129780220156e-06 2.2097795588841347e-05 0.006655469124108393 0.000332887192774904 2.0531764307902098e-05 1.411539044676957e-05 6.927054107193535e-05 5.982157567998382e-06 7.813966637560868e-06 8.192440994342748e-05 0.0008085466489474315 0.0007701888831825392 0.02308383530499446 0.08196546543298647 0.006984416815569989 0.003238441218881909 4.395502545297637e-05 0.00010479800008899807 6.246267783554048e-05 0.0018179272859212235 0.0012221779918186327 0.0013115459589225847 0.0005258783731129436 9.645058910901375e-05 1.691058485321302e-05 6.542434672583035e-06 0.0009218115770435115 0.0 0.0 0.026048606640631012 0.007367495958735611 0.0063401307323993315 0.0002536834280698779 0.00030569698032835115 1.147131643725478e-05 0.0028254649691271767 6.437407278028366e-05 0.0003130005342457311 0.0031584101150217278 1.6070279128371736e-05 0.0011829090188386045 0.0019352668431986463 0.00023575291100483468 5.414026249846322e-05 0.0009092406008618582 1.6517187038136418e-05 8.059525637644016e-05 1.2868416364019757e-05 7.696105723054423e-06 1.9224852426471343e-05 1.0354985880839278e-05 0.000513397411839816 0.00044276277061832607 0.0 0.000277654972660663 0.055240824268907994 0.0 0.0 0.0 3.9868515741924155e-05 0.0 0.0002555844554645168 0.00014002129659200903 7.519189318974964e-05 0.00010628198321390353 6.734990839313267e-05 2.667321265781731e-05 0.0004895184590431724 0.00043458442527191535 0.00039494491837277094 0.00012924648838265508 0.0 0.0 0.0 0.0 0.0 0.0 0.0 0.0 0.0 0.0 0.0 0.0 0.0 0.0 0.0 0.0 0.0 0.0 1.549184184173011e-05 0.0 0.0 0.0 0.0 0.0 0.0002409573744298764 0.0 0.00010121879302984182 5.133162441237996e-05 6.960084724397826e-05 0.0 0.0 0.0 0.0 0.0 0.0 0.0 0.0 2.0168206523291904e-05 0.0 0.0 0.0 0.0 0.0 0.0 0.0 0.0 3.053132639104043e-05 0.0 0.0 0.0 0.0 9.046991402493289e-06 0.0 0.0 0.0 0.0 0.0 0.0 0.0 0.0 0.0 0.0004555034115262581 0.0 0.0 0.0 7.847755367725381e-06 0.0 0.0 0.0 0.0 0.0 0.0 0.0 0.0 0.0 0.0 0.0 0.0 0.0 0.0 0.0 0.0 0.00022839785921629238 6.234944488758353e-05 0.00011318682470481705
0.023100684197563216 0.062383589885587676 0.0 0.0003878910400290146 0.041258826830335105 3.1249094540098554e-05 0.003963669484259009 0.17668486015523865 0.011643023660423045 0.00075527351657425 0.08349622516094805 0.00406558146591358 0.014206371427696372 0.030803381239877685 0.001129203775850342 0.0010640888806729247 2.2571824494203103e-05 0.0 0.0 1.8486157349491545e-05 0.00010290226123685456 4.353444614279311e-05 0.0002886335914211259 0.00012366484297856654 4.380015851324746e-05 7.468173869918285e-05 5.241383373726126e-05 1.1556848479681413e-05 0.0 0.0 0.3492898918740779 0.01483179314550616 0.013277057442717366 6.481893846270075e-05 0.00027184964138690545 0.0004517451416584705 0.009822161271290495 0.0005563831972757288 0.0006863575960829498 0.00014244088003919088 3.5898158203132344e-05 8.446269637959045e-06 0.0 0.0001905619705827124 3.2174630793550464e-05 1.8778500817075187e-05 0.0025104747604574357 9.2541518557153e-05 5.035102770282389e-05 6.322922285342783e-06 0.00038638078142604835 4.5818093586217654e-05 5.7702154893098735e-06 9.959904211932771e-05 0.00025428809902597614 0.00021437044489376307 0.011124970221574201 0.06228123397919022 0.003944435665116606 0.0009086684260122561 0.0007457631618872539 0.0021535956244278353 0.000275468117546435 0.003663109382517381 0.0003380008400418169 0.00036810586229509733 0.0002486815401205911 0.0001025793674843994 6.34338100608426e-05 9.269823983144363e-05 0.0038244372788354556 4.489421885588236e-05 0.0 0.010179247594038956 0.003970129181671388 0.002536590593101005 0.0003481003915827065 0.0005716201655046712 0.006879465042942959 0.09745932418916778 0.00023122505392837343 0.020768852404225838 0.0009093415356859296 0.0 0.00045146919109865195 0.0005384988147757308 8.322309241595823e-05 8.224992927622498e-06 0.00027425658830644106 1.6149318048636616e-05 8.354256622459169e-05 3.0853058848031304e-05 0.00011543516551981244 0.00011833954530946247 9.370085049263002e-05 0.00014370248123101166 0.0003239625274458433 0.0 0.0001756050511405299 0.007273948230534254 0.0 0.0 0.0 0.0 1.6759678417964564e-05 3.4718915534748113e-05 4.119904653351969e-05 2.991675171441137e-05 1.8153343153063935e-05 2.399214000106903e-05 2.064257432428047e-05 0.00025769484657663143 0.0002444641625923398 0.00020801573528073106 6.687165337568742e-05 0.0 0.0 0.0 0.0 0.0 0.0 0.0 0.0 0.0 0.0 0.0 0.0 0.0 0.0 7.95983144701143e-06 0.0 0.0 0.0 2.4481678422982897e-05 0.0 0.0 0.0 1.4596575017702818e-05 0.0 0.0003040849310545924 0.0 0.00020617486800817404 4.8664903419781035e-05 8.313418617324154e-06 9.167382475351382e-06 0.0 0.0 0.0 0.0 0.0 0.0 0.0 3.565613950646437e-05 0.0 0.0 0.0 0.0 0.0 0.0 0.0 6.1388842528143e-06 0.0 0.0 0.0 0.0 2.058704266061392e-05 1.830617376783643e-05 0.0 0.0 0.0 0.0 0.0 0.0 0.0 1.467087038292429e-05 0.0 0.0003654290570671708 3.3292897826138284e-05 0.0 0.0 0.0 3.240267656283634e-05 0.0 0.0 5.3001831913879415e-05 0.0 0.0 0.0 0.0 0.0 0.0 6.249600814665682e-06 0.0 0.0 0.0 0.0 0.0 0.00014332762430222301 0.00010025598317610071 0.00021955920549894157
0.07017626424901771 0.02473305063944255 0.0003878910400290146 0.0 0.009327925109677275 0.015347095873811539 0.1384323659451819 8.871622851313677e-05 0.0007468768634202657 0.1328050378827914 0.00035767029205123637 0.029702012058225976 0.0413727719273647 0.0014790384567037018 4.575481355853216e-05 1.4287207086498034e-05 0.0 0.0 0.0 7.794980120738967e-06 0.0 0.0 0.0 0.0 0.0 0.0 0.0 7.1374380037976394e-06 0.0 0.0 0.00031318634938987014 7.172789883892469e-06 6.712873694210543e-05 0.0 0.0 0.0 9.969062853950517e-05 0.0 1.3189824681361772e-05 0.0 0.0 0.0 0.0 1.265544185874103e-05 8.892021170918765e-06 0.0 0.00041838399104007925 1.4567582472236379e-05 8.511893406808145e-06 0.0 0.0 8.265770580807718e-06 0.0 5.99817665765553e-06 7.507762043721351e-05 6.262524788762264e-05 0.007762452613029512 0.01432422535229607 0.0012591155955388295 0.00033322278207891713 0.0 7.624679903677329e-06 1.2393437665544275e-05 6.324626404049064e-05 0.00012969661014441622 0.0001245188068365938 3.2948544946823584e-05 1.446651828742478e-05 0.0 0.0 0.0007332550968338369 0.0 0.0 0.003521986075061821 0.0005210929681486251 0.0008155671556633331 8.044502232192005e-06 7.184251835694253e-06 5.69178697466599e-06 2.0138033991455795e-05 6.693918558435079e-06 5.292226915639749e-05 0.00043614739714676064 5.8996977201799104e-06 0.00013525639063225166 0.0002825978347307059 4.3882898724646885e-05 0.0 3.973781319167806e-05 0.0 6.772480368746394e-06 1.0046736452762727e-05 0.0 0.0 0.0 0.0016604965314224397 0.0010081511029813748 0.0 0.00016241294567684373 0.04944648541124212 0.0006458682884790222 0.0038570285087600716 0.008466397038300927 0.006564339271595703 2.8052165682905463e-05 0.009396245192632744 0.0034565393808992585 0.0004849086531675954 0.008865857542187033 0.0013423511297035254 9.12991606361703e-06 0.006410021914330429 0.00919354054894928 0.0020068551440919533 0.0002849107693472898 0.0 0.0 0.0 0.0 0.0 0.0 0.0 0.0 0.0 0.0 0.0 0.0 0.0 0.0 0.0 0.0 0.0 0.0 0.0 0.0001514253183918454 0.0 0.0 0.0 0.0 0.0002609452766749258 0.0 0.00024097185840596126 0.0003289781714096364 4.409485605117927e-05 0.0 0.0 0.0 7.676655868525047e-06 0.0 0.0 0.0 8.230856166272373e-05 0.00029692907513098973 9.153092786309396e-06 0.0 0.0 0.0 0.0 7.964642535247228e-05 0.00012147435936936182 2.263866415563487e-05 0.0002676856544299209 0.00022819386077239766 3.341066233492216e-05 0.0 0.0 0.0001097071781963198 1.3373204105407974e-05 5.9146561501423685e-05 1.955248137224906e-05 0.0 0.0 0.0 0.0 0.0 0.0 0.0009526363536004817 0.00013000500565667442 0.0 0.0 0.0 0.0 5.616501483324403e-06 2.764374283921928e-05 0.000449540288677943 0.0002806956568616531 4.851363988986631e-05 2.3335792134609384e-05 0.0 0.0 0.0 0.0 0.0 0.0 7.698251734113565e-06 0.0 0.0 0.0007256757172905851 0.00019006783567366865 0.00042473043730546203
0.07143966172587497 0.28562768075393924 0.041258826830335105 0.009327925109677275 0.0 0.0020841925677878305 0.15125508352802636 0.024699955734377287 0.20803996840651037 0.03866120697526264 0.0969483438089747 0.013322819704109834 0.035265457174985075 0.07464170871074169 0.0027164405106811 0.0005821562008406391 2.9011017491495784e-05 4.5272717560027845e-05 7.2269261239113424e-06 0.0 0.0 0.0 1.7689088607492985e-05 7.658301399425127e-06 0.0 1.1195379157816374e-05 0.0 2.9262002904095037e-05 0.0 0.0 0.026224053986765385 0.0005178895515797954 0.001020012087414348 9.080263181563798e-06 7.503865727744963e-05 4.237760944318658e-05 0.0009380194025447007 4.750906668361325e-05 0.00017845233710031493 1.0032571697667342e-05 0.0 2.509993668357297e-05 0.0 0.00011230080741963158 7.134992938252144e-06 1.5207140986990136e-05 0.011504910381624297 0.0003164186355376833 6.272293049415515e-06 6.645302529765444e-06 6.407301443212567e-05 0.0 2.1592207089716644e-05 2.69988190508847e-05 0.000553673311604579 0.0006771058669620667 0.007955245485812478 0.02409669431847891 0.0034587404115896327 0.0034820091132111855 6.236281527919954e-05 3.0206237440932986e-05 5.4916060006388056e-05 0.0026965300969948986 0.0010563070486204005 0.0009844836815553675 0.0005546691222192624 7.156342624941943e-05 3.3069400341121004e-05 0.0 0.0014177141592824198 7.249562384318168e-05 0.0 0.013871043582397118 0.005808656457148275 0.006264891088373086 0.0010673595943385026 0.001181926855536057 5.935192290581463e-05 0.0019277649782831374 4.434088640638458e-05 0.0003071992102037175 0.0023275693643328627 5.837418147799092e-06 0.0013258111692727604 0.001677316486534712 0.0002172811363070462 3.308863869329983e-05 0.0006906927327094596 7.194383290151323e-06 0.00012268206877853174 4.699096167212962e-05 0.0 0.0 1.1142929526076621e-05 0.0003911233355222805 0.0016812547050616732 0.0 0.00031266626806107374 0.00380794757136318 0.0 0.00011125276261048648 0.0 0.0 0.0 0.00041810026653921336 5.2665416275101356e-05 7.673688539733483e-05 0.0 0.0002469384223483333 0.0 0.0007360885918566342 0.0008503099650613023 0.0008310074794673978 0.0003961851966845952 0.0 0.0 0.0 0.0 0.0 0.0 0.0 0.0 0.0 0.0 0.0 0.0 6.76772992757995e-06 0.0 0.0 0.0 0.0 0.0 0.0 0.0 2.458317200675269e-05 0.0 0.0 0.0 0.0005656643498166343 0.0 0.00027752198588503103 4.876173017959274e-05 4.754419378097737e-05 0.0 0.0 0.0 0.0 0.0 0.0 0.0 0.0 0.0 0.0 0.0 0.0 0.0 0.0 0.0 0.0 0.0 4.75807886062811e-05 0.0 0.0 0.0 0.00035950303074740945 0.0002448617752065834 1.5964535822953767e-05 0.0 0.0 0.0 0.0 0.0 0.0 0.0 0.0 0.001185646470152154 0.0 0.0 0.0 0.0 0.0 0.0 0.00010304567261903881 2.766863617401258e-05 5.9738910724071904e-05 0.0 0.0 0.0 0.0 0.0 0.0 0.0 0.0 0.0 0.0 0.0 0.00017552921623494283 0.0005166184814769273 0.000758116904004662
0.012972854603529137 0.006701261855119724 3.1249094540098554e-05 0.015347095873811539 0.0020841925677878305 0.0 0.007321129263958294 2.369882017961135e-05 0.000538362473474446 0.07624745778199432 0.0004424471609084505 0.020208703826668412 0.008971688843403883 0.0009790270891294358 0.0 9.674432308158576e-06 0.0 0.0 0.0 0.0 0.0 6.65863780215395e-05 0.0 0.0 9.345957352978677e-06 0.0 0.0 0.0 8.794357255291643e-06 0.0 0.0001023821651520802 0.0 9.41485183352589e-05 0.0 0.0 0.0 0.00046370983651496643 6.130198097210352e-05 0.0002760936308295147 0.0 0.0 0.0 0.0 0.0 0.0 0.0 0.00013418083428595992 7.763525786285362e-06 0.0 0.0 1.938182996291233e-05 0.0010670478531541782 0.0002245584929530485 7.097193533282168e-06 9.024299659609394e-06 3.5651907491989725e-05 0.021996124543778393 0.0007619437714627206 7.261665286615294e-05 1.750756204241075e-05 0.0 2.6381716183367714e-05 0.0 6.678657434178371e-06 2.574706649061034e-05 1.092538902935576e-05 7.371295169064211e-06 1.1190081761734103e-05 1.5771788320376186e-05 0.0 0.009151055167253714 0.006712451447966722 0.0010479922817985582 0.0001297743795587119 6.628216091036939e-06 0.00010091680899000074 0.0 0.0 0.0 4.1927230435543294e-05 0.0 0.0 4.391040337567053e-05 9.433246242139442e-05 1.5356652490456857e-05 4.420272864421471e-05 3.103676044426263e-05 0.00022017683466300528 0.00010846020657289963 0.0006333426834864877 6.555850660170897e-05 0.00031142646784293487 0.0 0.0 2.4722875703545266e-05 0.010726832703256303 0.010388840648923758 0.0014085429574681105 0.0038856013076453482 0.025361970613508353 9.425934753440859e-06 0.00024889830445287204 8.895550112230917e-05 7.777266848067358e-05 1.701455744127759e-05 0.00011482205266873181 0.0013469222336001477 6.278651695431598e-05 0.0003312727751666851 0.00035466930880890754 1.2719430665233816e-05 0.0014645833177346023 0.001576885888493598 0.0010451140751788555 0.00033546159102402595 3.035316861572305e-05 2.082376396119962e-05 0.0 0.0 0.0 0.0 0.0 0.0 0.0 0.0 0.0 0.0 7.905105361367502e-05 0.0 0.0 0.0 0.0 1.5692785798190238e-05 2.1703125808465874e-05 0.0 0.0 0.0 0.0 0.0 0.00037272264971570596 0.0 0.0004855548951566264 0.00018082018067829618 0.0001015813562615385 0.0 0.0 0.0 0.0 0.0 0.0 0.0 0.0 6.38695309718612e-05 0.0 0.0 0.0 0.0 0.0 0.0 0.0 0.0 0.0 0.0 4.621297634454147e-05 0.0 0.0 0.0002583649617705138 0.0 0.0 5.369365511878269e-05 0.0 0.0 0.0 0.0 0.0 0.0 0.0015660522905006473 1.4038687889679328e-05 0.0 0.0 6.7492377360192135e-06 2.308222442586975e-05 0.0 1.7761709661083622e-05 5.2704319919087555e-05 0.0 8.45080267438377e-06 8.16018811554935e-06 0.0 0.0 0.0 0.0 0.0 0.0 0.0 0.0 0.0 0.001841315386030184 0.0005474315024381343 0.0007006861263019512
0.07078838091123876 0.3726038805102575 0.003963669484259009 0.1384323659451819 0.15125508352802636 0.007321129263958294 0.0 0.00467376757828941 0.22523783775290587 0.1897353953573241 0.023291702361500743 0.05446061776380091 0.38036723326794547 0.3148384914658087 0.002457410220064083 0.0007879621639896618 1.2155463090565104e-05 6.6633279405571905e-06 0.0 0.0 6.300129218076993e-06 8.879718620240047e-06 6.685799327503774e-06 0.0 6.2383031460850195e-06 5.540950876245737e-06 0.0 0.0 6.189133276376517e-06 5.233073298813404e-06 0.005853073000896645 0.00032826274847733963 0.0003070821913636858 0.0 3.8917961219732336e-05 6.190027488639987e-06 0.0007121699208860219 1.3772697123107755e-05 0.00017416715044288086 6.71314608956341e-06 8.75097074520574e-06 7.284359341269074e-06 5.8226724990386015e-06 0.00019936759205970133 5.625769221205758e-06 1.1503276901751897e-05 0.008924949397375826 0.00027212261664970436 7.863265818822761e-05 1.3396700540955815e-05 5.5310160206014854e-05 0.0 0.0 1.62072096850425e-05 0.0007533643920826469 0.0005184169125243781 0.01148439638203824 0.02601418009758394 0.00394195825151626 0.0031432523057283376 6.530279337377612e-05 0.00012724006936673914 3.870521985890514e-05 0.0017924322274324841 0.0009900601264609622 0.0007657554141946017 0.00046646919947203184 7.421280404927363e-05 7.3951949346758785e-06 1.5446274398103927e-05 0.0021282030914575897 4.69159629386261e-05 0.0 0.01455798548815406 0.00492413904284923 0.005980960684066498 0.0008436182554727652 0.0011466254895805322 3.436615371546845e-05 0.00018620968111557318 5.8824957421440934e-05 0.0003232051503170532 0.0023630036919788573 1.1508171459636273e-05 0.0010943796383880635 0.001517498862099984 0.0002640808516514212 1.2908399161859674e-05 0.0006237909028670085 1.4887070053115879e-05 5.2165220102183705e-05 3.2402508836553695e-05 0.0 1.2089660282516938e-05 4.275630243437501e-05 0.002436663705123024 0.00274856355998628 0.0 0.0009686876107976842 0.020310869215683428 0.0002990961660883582 0.0007472555450985374 0.004592356992156398 0.0022354768298515717 2.0192185479318542e-05 0.004899186443129841 0.0009273493076735039 0.0012642185530834528 0.006619661536130429 0.0005781040189448123 0.0001240066642239318 0.004098991913794956 0.0036901416592726587 0.0027698675833185953 0.002003215529502152 3.48608444330148e-05 0.0 0.0 0.0 0.0 0.0 0.0 0.0 0.0 0.0 0.0 0.0 0.0 0.0 0.0 0.0 0.0 0.0 0.0 0.00017090203470346966 0.00019692157032683542 0.0 0.00014288437735058648 8.85979923049246e-05 0.0011024003362766343 0.00011193336340229662 0.0012327801649233477 0.0005771948765828574 0.00014635989218525914 0.0 0.0 0.0 1.5953026160156626e-05 0.0 0.0 0.0 0.0002648183126367788 0.0004291886692837215 0.0 0.0 5.407331561025838e-06 6.610578959211521e-05 0.0 2.4327066761672433e-05 7.197385590610619e-05 1.6934394115493297e-05 0.00014801480806681411 0.0002249571517661284 0.0 0.0 9.222345787934081e-05 0.0009606968803328562 5.7238058728357724e-05 7.909227394619855e-05 1.4915810763225384e-05 0.0 0.0 0.0 0.0 0.0 0.0 0.004153581776677293 0.0 0.0 0.0 1.3165989842053063e-05 0.0002912726838124865 0.0 0.00012688374889744506 0.00044007002942608476 0.00035149368364893963 0.00017246874869432185 1.2585941202619832e-05 9.545733718090608e-05 0.0 0.0 0.0 0.0 0.0 0.0 0.0 0.0 0.0014138634732166287 0.001081695108561865 0.0015425683404776147
0.005185842090637558 0.019789288798559367 0.17668486015523865 8.871622851313677e-05 0.024699955734377287 2.369882017961135e-05 0.00467376757828941 0.0 0.04120818257233042 0.00043169215866456034 0.11979162334856418 0.002087246463015875 0.018454871913928965 0.11329071992532172 0.002307693883948849 0.0011840434766220598 8.257397153563014e-05 1.571568412476537e-05 5.983646938038969e-06 0.00019433563536229 0.0007898849908823846 1.7258438342362228e-05 0.0005641285505833089 0.0005227142477784542 0.00025077118629517867 2.525189325258519e-05 0.00021563210314203197 0.0 1.3686444988957402e-05 1.0063400870522009e-05 0.12428771164560048 0.054684443076969666 0.006890241875672485 6.344314813555216e-05 0.0007952179906801102 0.00036912869995898485 0.00486642630496875 0.0003502045768223633 0.0003747011774739761 1.82930950527178e-05 5.376244453676693e-05 7.04417471428648e-05 9.840251429837863e-05 0.00421430609111667 5.2404235957339864e-05 5.574949879095965e-05 0.005955607606613814 7.063068465193698e-05 5.1344683944727264e-05 9.246706284363783e-05 0.0008475203021791243 1.4813586266681385e-05 0.0 4.8718550253198065e-05 0.0002519750606256806 0.00020351813632077796 0.0049398373837812514 0.029699765868340697 0.0017558247852757457 0.0012443773705108432 0.0060829098940696925 0.004068137371971141 0.00024748702894996115 0.02242319621274748 0.0003272461919413974 0.000316379143622043 0.00031006481620198727 0.0003091139454100015 0.0010372068537118774 0.00036400473727975647 0.0018210885422017345 0.0 0.0 0.006230698547099862 0.006607034547240225 0.0031558968778418587 0.001963882025187509 0.018689495561746445 0.08217413522698963 0.06573517409113139 0.028902229815833534 0.044887223810114535 0.0008996743795504956 0.0 0.00045640135705214837 0.0006898864267252672 0.00022119098302334687 7.654346797335859e-06 0.00027496369427770204 1.0266931058049973e-05 0.00013645837177078327 0.0 0.00034664433414606207 0.00022685078789141475 4.8579644362946386e-05 0.00023960796926689127 8.393938447535598e-05 0.0 8.361884380951713e-05 0.000670537069751153 0.0 0.0 0.0 0.0 0.0 0.0 0.0 0.0 3.596820384670564e-05 0.0 0.0 0.0 1.7946948830216833e-05 3.405394820970484e-05 2.5088682299194283e-05 1.200393493677923e-05 0.0 0.0 0.0 0.0 0.0 0.0 0.0 0.0 2.4803970623403818e-05 0.0 0.0 0.0 0.0 0.0 0.0 1.7277774575861425e-05 0.0 0.0 0.0 0.0 0.0 0.0 0.0 1.5445767776194477e-05 0.0 1.5589790055865638e-05 3.586884053428518e-05 9.107261702543926e-06 0.0 0.0 0.0 0.0 0.0 0.0 0.0 0.0 0.0 0.0 1.435168185653114e-05 0.0 0.0 2.1440321841264496e-05 0.0 0.0 7.675452764456598e-06 0.0 0.0 0.0 6.536247392657488e-05 0.0 0.0 0.0 0.0 0.0 0.0 0.0 0.0 0.0 0.0 2.4551141697293296e-05 0.00015785302927083313 0.0 0.0 0.0 1.2738074351501456e-05 2.6905957714212755e-05 0.0 0.0 0.0 0.0 0.0 0.0 0.0 1.7840968937285812e-05 0.0 0.0 0.0 2.5322367803250756e-05 0.0 0.0 0.0 0.0 5.963276900724942e-05 5.219952971836968e-05
0.0017123136004565853 0.10473160568133094 0.011643023660423045 0.0007468768634202657 0.20803996840651037 0.000538362473474446 0.22523783775290587 0.04120818257233042 0.0 0.006080845598665214 0.08896497861199025 0.004237571695950317 0.034097005107149664 0.06858227030330417 0.0013319360338709288 0.0005233528594512899 9.15873743973931e-06 0.0 0.0 0.0 0.0 0.0 0.0 0.0 0.0 0.0 0.0 0.0 0.0 0.0 0.0024929478774293697 9.656777567532807e-05 0.0006020456103759668 0.0 0.0 0.0 0.0006049142984061634 0.0 8.861677961604423e-06 0.0 0.0 0.0 0.0 0.00011513708689546744 0.0 7.81304340520744e-06 0.0025617734141126954 3.246424145401868e-05 1.2423295895050152e-05 0.0 1.0074310456882718e-05 2.41906393838496e-05 0.0 9.569037243820108e-06 5.455589708043709e-05 5.386099872973007e-05 0.0007243896969227284 0.0021305222742471017 0.00031654223456014665 0.0004352515705793033 4.03406755567462e-05 0.0 1.6643224240022214e-05 0.0005718123173576057 0.00012185052318593047 7.735784547748663e-05 5.9793293388922465e-05 1.9700633358281106e-05 6.0890724980651875e-06 0.0 0.0009640846831752941 0.0 0.0 0.0014479282154242004 0.0008569876540114616 0.0012090373994739529 0.0004341599798955105 0.0006830070024063643 1.8223204838778855e-05 8.567130491968314e-05 6.081422999098473e-06 0.0001250119894931941 0.0002590473957466506 0.0 0.0001125673397305938 0.00019546686798083227 2.7436074583609582e-05 0.0 8.734261272527134e-05 7.038554752526329e-06 1.9831625125694926e-05 6.919821267857395e-06 0.0 0.0 0.0 0.0006915136028438835 0.0007794838384652146 0.0 0.00012552415030489558 0.0001654626034798881 0.0 0.00011675827503823346 0.0 6.200061750388994e-05 0.0 0.00037584102266497886 7.473014125803816e-05 0.00012156564870251668 0.00017296945739154015 0.0001277904078283119 0.0 0.0006281929185042247 0.0012953891153251963 0.0007785808749230911 0.0003681039695949929 2.0535884668810287e-05 0.0 2.087799119641582e-05 1.1868887242894252e-05 0.0 0.0 0.0 0.0 0.0 0.0 0.0 0.0 0.0 0.0 0.0 0.0 0.0 0.0 0.0 9.10326676744827e-06 0.0 0.0 0.0 0.0 0.00026685016456441495 0.0 0.0003995412707313894 0.00012712000046606622 5.165022958577835e-05 0.0 0.0 0.0 0.0 0.0 0.0 0.0 2.6932504702267767e-05 2.6270407906800735e-05 0.0 0.0 0.0 0.0 0.0 0.0 0.0 0.0 0.0 3.382204719524785e-05 0.0 0.0 7.311963152464508e-05 2.874779789758229e-05 0.0 9.031213327142578e-05 0.0 0.0 0.0 0.0 0.0 0.0 0.0 0.0009465968124935846 0.0 0.0 0.0 0.0 0.0001034993117140761 0.0 3.6921888603685535e-05 0.0 8.831283598233206e-05 0.0 0.0 0.0 0.0 0.0 0.0 0.0 0.0 0.0 0.0 0.0 0.00031904845871556466 0.0005229608841124872 0.0007787616725428632
0.08043453070060211 0.04655844449542524 0.00075527351657425 0.1328050378827914 0.03866120697526264 0.07624745778199432 0.1897353953573241 0.00043169215866456034 0.006080845598665214 0.0 0.0024403163517006804 0.2484250992645647 0.4350541629642783 0.0127980560359364 0.0010722870644479508 0.00034866803683894504 8.125847757742655e-05 1.1317125813181683e-05 0.0 2.4155741496009546e-05 0.0 0.0 6.7713899019762535e-06 0.0 6.626112380447902e-06 0.0 0.0 0.0 2.9229821099928742e-05 1.3314678945682314e-05 0.001637611565893471 2.4141592480623968e-05 0.0006964877141402863 0.0 1.5928358591825884e-05 1.6996791243831748e-05 0.002193188777389729 6.332169069735457e-05 0.000876170307784071 6.9458050694208374e-06 0.0 7.329668063415285e-05 0.0 4.091518676952258e-05 1.3038940380080229e-05 8.751050427486646e-06 0.0067499900621767524 0.00030014386905068087 1.313751326394877e-05 0.0 6.452901153243857e-05 3.7745140352949794e-05 0.0 7.83118046956563e-06 0.0006862874776432183 0.000634552071142216 0.016814184202760173 0.022720185666389028 0.0033642514074250125 0.0024568960917886557 6.367002670698258e-05 0.0010244731505729093 4.9749374344215376e-05 0.000699591039926983 0.0008660462416451556 0.0007365117923203663 0.0005660950841908394 5.674492575021644e-05 2.316995019035088e-05 9.241555857821841e-06 0.019368260632185393 0.0009748002790882158 5.02122482221166e-05 0.014194598166076685 0.0030999778746729142 0.004525270912779068 0.00040865458189302486 0.0003836178514572477 2.7067043806779574e-05 0.0004882445533332091 1.5785120346449537e-05 0.0008581427219611783 0.002371707995468214 5.189454136141899e-06 0.0011237392884843437 0.001532734745272682 0.0002845273849388467 6.004021008653634e-06 0.0006277163004165995 5.4469978923254235e-05 9.655025737831171e-05 6.274616673262522e-05 1.4247572037871694e-05 1.6606015074170045e-05 3.383662659332349e-05 0.014663420462494208 0.019525463168761813 0.00022130554941984408 0.005450125133125575 0.05488139956436711 6.82297139034691e-05 0.0011466266134941856 0.0008632829890123043 0.0010772457955885418 1.9175672719444212e-05 0.0023896864527381367 0.0024247769877401124 0.0008385591413816781 0.004415388943629732 0.0017601005895905369 0.0004836995001319165 0.008490822701556036 0.008262955527314288 0.0063298659522709995 0.0026768788671426443 0.00014293967783726523 5.57463970843956e-05 0.0 0.0 0.0 1.7666521798555688e-05 0.0 0.0 0.0 0.0 0.0 0.0 0.00010330173999044235 6.679802989932837e-05 0.0 0.0 3.118521296037883e-05 0.0 0.000155971261378608 0.00010401931237685974 8.325538587369098e-05 0.0 0.0003361029025489596 0.0 0.002500083037110173 0.00017011563354979353 0.003354740294772616 0.0011837911046393996 0.0005037916656577961 0.0 4.21600561579515e-05 0.0 0.0 0.0 0.0 0.0 9.203578889250594e-05 0.000583055585074379 6.826226362335221e-05 0.0 0.0 0.00015193178683912156 0.0 1.3459962369601838e-05 8.306197041717843e-05 0.0 0.0001042162382805254 7.498884994949389e-05 0.0 0.00046537862055646013 0.00032673898323589437 0.001859467472957659 4.572499025150742e-05 8.680104669258698e-06 0.0 0.0 0.0 0.0 0.0 0.0 0.0 0.008371939750635304 0.0 1.4281378475209736e-05 0.0 0.0 0.00034831760302111926 0.0 0.00015650386266282483 0.0003224848790622697 0.0002586016914328203 0.00019827801163197056 0.00011993054567254847 0.00021334439534534286 0.0 0.0 0.0 0.0 0.0 6.045931429079102e-06 0.0 0.0 0.005592303129515284 0.003336930323718199 0.004546080046680001
0.01160512374855236 0.09375466301108612 0.08349622516094805 0.00035767029205123637 0.0969483438089747 0.0004424471609084505 0.023291702361500743 0.11979162334856418 0.08896497861199025 0.0024403163517006804 0.0 0.011793341753680601 0.06928471031432362 0.17471273810816002 0.004035531299500177 0.002479982252617575 0.00013239504074988716 1.070515802598958e-05 0.0 2.9093505867538282e-05 5.398221121869377e-05 0.00012072810234555114 8.587392417150597e-05 0.0 6.808865364043746e-05 7.797743423542143e-06 0.0 0.0 8.959919327835128e-06 0.0 0.02273137660793241 0.0012874327141511913 0.06385562258024051 0.0 0.00025423039528235604 0.0005973964262057798 0.02649791029506864 0.000748825085351032 0.0011171340243332681 0.00010365443737528498 0.0 0.00018398683518740534 0.0 0.0005945592471071552 0.0 7.533694642041322e-05 0.006158035612108884 4.567154213192671e-05 5.5657821375584836e-05 3.0097250771562695e-05 0.00025054662834721306 9.579083408724657e-05 3.7749832753936325e-05 8.923878441943455e-05 0.00015040284323314943 0.00017236539634919693 0.0027084027971824944 0.009526911642378795 0.001046178316149393 0.0013657781044363823 0.00016756997748637885 0.009461780804842806 0.00029985383046685223 0.001941773349524263 0.00023106228221125936 0.00028339918270630857 0.00015920078865041138 6.317323768937244e-05 1.7744812098872817e-05 0.0 0.011753872011356518 6.205120788240863e-05 0.0 0.004376135138319434 0.002609325225421354 0.002892401320088164 0.0011276604736940971 0.0022144966648208024 0.0009391811146194202 0.022148010194085008 2.2386675828401287e-05 0.008527447150469217 0.0006470903402068887 9.031993426509939e-06 0.00042818516539400354 0.0005125110738580433 9.350312088003224e-05 1.313717289272417e-05 0.00024133231153281186 3.9859866771384626e-05 0.00014229025544312113 5.989422329433476e-05 4.032129603904503e-05 0.0001615254183632486 2.9181856793618354e-05 0.0005937174333213679 0.0004027523771321921 0.0 0.0004715387848969349 0.001073631303051191 3.964414617861032e-05 7.807544835959178e-05 0.0 0.0 0.0 0.0 4.994528651219624e-05 0.00015673849353320168 0.00022373706701012193 2.62748760169225e-05 9.774997052303322e-05 0.00041811428865318857 0.00041447562779142803 0.0008242632336787176 0.0002408504226098647 1.1856154801391394e-05 0.0 9.188962601230087e-06 0.0 0.0 0.0 0.0 0.0 0.0 0.0 0.0 0.0 0.0 2.7499502171074525e-05 1.4675421126522547e-05 0.0 0.0 1.4794038530831638e-05 0.0 0.0 0.0 0.0 0.0 0.0 0.00012248253893662464 0.0 0.0002077498822366203 2.7288346094144558e-05 0.0 0.0 0.0 0.0 0.0 0.0 0.0 0.0 1.8566634485740136e-05 1.282145546420963e-05 0.0 1.0828968550803474e-05 0.0 3.565277415976103e-05 2.1955752085812613e-05 0.0 0.0 0.0 0.0 0.0 0.0 0.0 0.0 8.981198235017386e-05 0.0 0.0 0.0 0.0 1.1096941045213073e-05 0.0 0.0 0.0 0.0 0.0005460297893007977 1.2267129445530215e-05 0.0 0.0 8.978738118374386e-06 5.268578247586112e-05 0.0 4.250180263969518e-05 4.7697018493358694e-05 0.0 0.0 0.0 0.0 0.0 0.0 0.0 0.0 0.0 1.368310325181878e-05 5.777602430242352e-05 0.0 0.00033830339661360223 0.0003346950897822065 0.00021597828084395256
0.010060429063291142 0.00859981618622067 0.00406558146591358 0.029702012058225976 0.013322819704109834 0.020208703826668412 0.05446061776380091 0.002087246463015875 0.004237571695950317 0.2484250992645647 0.011793341753680601 0.0 0.0969212909712397 0.009696114433259226 0.0056278387535068095 0.004721931006684851 0.0004188727759233861 3.8437711194068946e-05 1.375894553539483e-05 1.568490561410165e-05 0.0 3.6936030732948074e-05 0.0 6.818624279244297e-06 7.992343637523917e-05 0.0 0.0 3.3536737410484684e-05 3.912937405067855e-05 0.0 0.0023614221260962035 0.00013432118577018427 0.0016733410814677308 3.4147131226695976e-05 0.0003603070741483167 0.0003298699395912929 0.017555910578647124 0.0003291532427262336 0.004016222226345852 0.000147854700787451 5.623443875827991e-05 0.00027115597811155245 0.0 0.0011473859610378974 3.158078531473861e-05 1.1497263840739289e-05 0.007649446438384685 0.00011674071099768543 0.0001393100023823413 2.340784065625576e-05 0.00020771112664427953 0.00014492901877617348 0.00017358536699230728 0.0001453481190455007 0.00011557763743806748 8.04049298379774e-05 0.0017803600923331066 0.0029831229784748293 0.0006325210170211208 0.0010374607022760642 0.00024644537643046186 0.0003197203805330135 0.0002972501086464919 0.0008729902597656476 0.00021956591602584506 0.00019339711876690583 0.0001347250367200371 0.00012249166944391113 4.7592999669896566e-05 0.0 0.025622256210908863 0.000536912171361066 1.9536193723793315e-05 0.0033779230910254998 0.0014473418856568217 0.002421058853148604 0.000875027587636699 0.0026302523112319907 0.0001767492326215848 0.0025348444060853347 0.00011027074981891364 0.000450988176713331 0.0005698988752668555 7.275092587119578e-06 0.0002471308988327826 0.00034481449499955527 4.873844623012731e-05 1.154428819125458e-05 9.019323845473135e-05 4.891437486904313e-05 3.1229427280827455e-05 1.7822842693978115e-05 7.644826387925488e-05 9.198296888571974e-05 6.586440048383955e-05 0.07551204595929388 0.011515368198964239 2.27742543776423e-05 0.002350501674908934 0.00226847087584012 3.3341134134308795e-05 0.001129047574970207 0.0002302737232417417 0.00026169112790934304 0.00011513141666500913 0.0024092260777186683 0.0027435065766584074 0.001577595725796377 0.001660798410202971 0.001178030598091712 0.00022628320411841765 0.0100503725219829 0.01194660240388581 0.008864362310580144 0.004641297361648055 0.00022079672739408574 2.2968244825428788e-05 2.4926051747602553e-05 0.0 0.0 0.0 0.0 4.0261115258593935e-05 0.0 0.0 4.322200257391865e-05 0.0 0.00028256725837693997 0.0 9.360044688376442e-05 0.0 1.922252491688348e-05 2.8867529870092166e-05 1.6130181512705612e-05 8.344430665932151e-05 0.00011886476860470685 0.0 0.00021924322738148334 0.0 0.0032413513844905114 0.00011818178127939708 0.00319805124704591 0.0010554458907312593 0.0005491449911904103 0.0 0.0 0.0 0.0 0.0 0.0 0.0 7.139001547220696e-05 0.0005256298667046392 0.0 0.0 1.6326349450970855e-05 0.00011770169652068663 4.565885494208956e-05 0.0 0.0 3.272205003081973e-05 0.0002266934581789668 0.00020919842888049073 7.31293773562119e-05 0.00015550682385891053 0.00027762323451956697 0.0019388797597975518 9.99419435022785e-06 5.81715356654078e-05 0.0 0.0 0.0 2.247672074074945e-05 0.0 7.418374116697895e-06 2.2076471233247014e-05 0.013014141598642405 0.00022559874316277704 0.0 0.0 0.0 0.0005854845311895669 6.137124946750504e-05 0.00038583489139996013 0.00026712776779376333 0.00019158978051930147 0.00014569920704501547 3.901916017580916e-05 9.92418185841834e-05 0.0 0.0 0.0 0.0 0.0 0.0 0.0 1.1092837899612481e-05 0.006554804525277164 0.0035254133240763667 0.00393792710967752
0.011822571380985353 0.037395267338525065 0.014206371427696372 0.0413727719273647 0.035265457174985075 0.008971688843403883 0.38036723326794547 0.018454871913928965 0.034097005107149664 0.4350541629642783 0.06928471031432362 0.0969212909712397 0.0 0.18948160042669063 0.015896024143462 0.01187110518491908 0.000381813000083793 7.345821825964481e-05 1.62764683431254e-05 2.845468515168177e-05 9.522234626466739e-05 0.00015190686104117675 4.8130563881362266e-05 8.79346082963148e-05 0.00013108912243763802 8.848757037076618e-05 3.401951562703599e-05 2.252078159902744e-05 2.918266247001415e-05 0.0 0.009125947588449158 0.0007072987418812381 0.01278367499952108 0.0 0.000360133542863951 0.0007055546266048713 0.053854645009259426 0.0008903893978333137 0.004463726678982113 0.00029780114162275995 7.807671491436545e-05 0.00018093946603654022 0.0 0.0028826854087260017 6.780556266289133e-05 6.280060005966673e-05 0.020285268436515107 0.00028331035024348146 7.149936169557322e-05 1.2137046154491886e-05 0.00038148458218506114 0.00014907178516127527 0.0001828241152793921 0.0002310314609082596 0.0002985349564059674 0.0003251207684226843 0.0037729475815012053 0.008836590374690657 0.0013725075642432958 0.0027249487878895796 0.0002676065599288057 0.0005544561708316825 0.0005180267000330738 0.0030635708137780114 0.0004349423103667376 0.0005282342943526111 0.00030881675066873546 0.00011854737342149994 0.00016529020791395825 7.39017883671983e-05 0.025347549331146912 0.0006570365564785601 3.188073253775734e-05 0.006791321815122323 0.0038732280271375433 0.007286890437609052 0.002974238768134902 0.009146501283583353 0.0002329272410771413 0.008406449684632404 0.0003057941740201478 0.0009774008352594408 0.0014820937537496507 6.4341464528354755e-06 0.0006011146680240618 0.0008778696917888956 0.00022211126270558877 1.1446056170476578e-05 0.00036490965156216426 6.525835181126714e-06 0.0001377688472208878 0.0001344503497637966 9.984819188827054e-05 0.00018144329218003238 0.0003041351259729023 0.05698657878489735 0.0053000742061941695 2.294678127177585e-05 0.0020740709245804937 0.003156941334489033 0.00020603121807101306 0.001491799386097576 0.0006975484830292134 0.0009049344075942212 0.00035537243214172113 0.004814255008354848 0.004005121416775087 0.002926990643214074 0.004143380498900048 0.0016259267093051164 0.0010346309921616093 0.01706503553910075 0.018801171112637016 0.015215105740539527 0.00875058943991459 0.00029408534880495093 0.00012004349973252227 0.0 4.503202198271561e-05 0.0 0.0 9.51884134177849e-06 2.237350365875567e-05 0.0 0.0 6.606508473508785e-05 0.0 3.637888828994488e-05 4.9246500453166635e-05 8.931149696008844e-05 4.59581356867711e-05 2.638353608731427e-05 0.00013112698037465385 2.7345179726931793e-05 6.543631825073717e-05 0.0002695583695296767 0.0 0.00014690789575925504 8.243096741843722e-05 0.005640671075273178 0.00026342435179838866 0.005987832519385944 0.0015954001471274882 0.0005987551812482568 6.457563599595155e-05 0.0 0.0 0.0 4.722676711835087e-05 0.0 0.0 8.618772381475357e-05 0.001053415266500988 0.0 0.0 8.887712425358813e-06 0.00015445685929703476 1.880728431952074e-05 9.214273038333301e-06 0.00010428854306432207 8.182439146558623e-06 0.00035570686654452706 0.0001868926581116984 4.680289673321994e-05 0.0003573332792872175 5.283736571863132e-05 0.004154393099202121 4.84757775260571e-05 9.286010995830527e-05 1.0427866639641752e-05 0.0 0.0 1.571277916457392e-05 0.0 0.0 9.521638091465018e-06 0.019964180548185363 0.00018392028080821383 1.4520491227954401e-05 8.739290896796298e-06 3.542358185098883e-05 0.0010599185889784298 2.505919395286889e-05 0.00034767009742851015 0.0002929867254220695 0.00030474811733309775 0.00028079195683305215 6.342149914844304e-05 0.00012245799531850863 0.0 0.0 8.345892589853762e-06 1.0133639325540455e-05 0.0 0.0 8.85279584661337e-06 0.0 0.010481547332617643 0.0065108128764706594 0.006723410493414306
