0.0 0.19834518221093037 0.0371512209684292 0.09051448436014309 0.00996312018453802 0.0072616206422616795 0.03574687226888295 0.0006185809952247354 0.002693215692194789 0.06315491331052016 0.016616715014795332 0.011562429955485447 0.0029195443987876926 0.006915374135362431 0.0003206980081435552 3.614230525247992e-05 1.0482566483619696e-05 7.149313252879066e-06 0.0 8.989617640020618e-06 0.0 4.6245433252476296e-05 0.0 0.0 7.45683156480447e-05 0.0 1.1197682469908492e-05 0.0 1.3343795089335983e-05 0.0 0.03325068523821346 0.00022077303135154786 0.00048207987237805066 1.7666343757172992e-05 1.191735814069702e-05 0.0 0.0002132223708456997 8.493767560609372e-05 8.373254454523309e-05 2.125447384974931e-05 0.0 0.0 5.711844718260535e-06 5.625286217340276e-05 7.337625055484875e-06 0.0 0.0029614958167490392 0.00022705420714469752 8.281829839301539e-06 0.0 0.00023239527915530904 0.0002546594318494197 9.148073180525673e-06 8.528508657621535e-06 0.0008894145662875058 0.0009746749003715192 0.026880775615495574 0.0733056644403938 0.005062916637084876 0.0032135113956835984 0.00019792415822317847 0.00024140438545924576 8.081231547718391e-05 0.0009989566829155853 0.001173247017362284 0.0005525067903861865 0.0003018549258734713 0.00010189573837910878 4.238506533609407e-05 0.0 0.0019934195852307603 0.0032942560635865277 0.00018340535585316354 0.022392932237283218 0.003871185641734095 0.005889558613933858 0.00012610315372456543 0.00010692929807291474 0.0 0.003387419718835363 3.639412460322588e-05 0.00019741350014134345 0.0018480923107341985 2.8370589409614148e-05 0.0005620037144967367 0.001470954693001552 3.53631370670744e-05 0.00018861484968953098 0.0005000437861680029 0.00016981118306971644 0.0004132572761373544 0.00013949149820966853 2.8862633210097748e-05 8.022078945081595e-05 0.00011271233653534008 0.008309231988372818 0.0025789384320093808 0.00028072324056055474 0.00041599536441713373 0.09393078422698754 0.0 0.0 0.0 5.544069141916465e-05 0.0 0.00047385688859846877 0.0002933704264852591 9.996072241092963e-05 0.004050033902300581 0.0008113209482710646 2.7604754144376906e-05 0.00041229158959508224 0.0002830780150207901 0.00015040714988416205 3.307607352575593e-05 0.0 0.0 0.0 0.0 0.0 0.0 0.0 0.0 0.0 0.0 0.0 0.0 1.1268010880746077e-05 0.0 0.0 0.0 0.0 0.0 0.0 0.0 0.0 0.0 0.0 0.0 7.66168526027945e-05 0.0 0.0001084611461946734 5.317947702450653e-05 0.0 0.0 0.0 0.0 0.0 0.0 0.0 0.0 0.0 0.0 0.0 0.0 0.0 2.7700904554162604e-05 0.0 0.0 0.0 3.435564531027945e-05 0.0 8.164733272799448e-06 0.0 0.0 0.0 0.0 0.0 0.0 1.897114198770761e-05 0.0 6.7942013817219346e-06 1.1638895007130689e-05 3.643180958684056e-05 0.0 0.0 3.641457701092611e-05 6.70962935808627e-05 1.9824784265838963e-05 0.0 3.867550805133784e-05 0.0 0.0 0.0 0.0 0.0 0.0 0.0 0.0 9.7020641012736e-06 8.040267799159295e-06 7.783085078516175e-06 0.0 7.75081391429722e-05 3.2758196438652366e-05 0.0 0.0 0.00014674207073242838 3.4964442371820916e-05 8.984639993868037e-06
0.19834518221093037 0.0 0.10353992925325595 0.04816214641179334 0.09507429789181943 0.004611900760089777 0.20023008095949982 0.007382439949656279 0.13946290087408275 0.043603412737494164 0.08881631190634219 0.003815866294932819 0.03251763275845521 0.1122258480515218 0.006101523122681157 0.0019952386012868956 0.00012540668934773238 3.941728761565384e-05 1.1954340111680448e-05 6.70681973954381e-05 0.0 3.0287383607114508e-05 2.4303569714283668e-05 1.10209078794225e-05 0.00011546331771611868 1.1728781082319637e-05 6.980987652573697e-05 2.0611161865573198e-05 3.9260126681675695e-05 2.7071968980343556e-05 0.1047455458076831 0.007662237455492148 0.004150724488692467 2.844657415941003e-05 5.450514958343561e-05 0.0001414500048670082 0.0006857404247694271 0.0004631815829728406 0.0002227238257963052 0.00021532473718918003 0.0 5.820352766652702e-05 5.9111564910727114e-05 0.00038888770467886965 5.3706454274854974e-05 8.826055727960836e-05 0.02736460422868319 0.0005722319696958587 0.00014753094365937828 2.411183673435972e-05 0.00039592395789070855 4.3713902300229785e-05 4.460344233758744e-05 5.089026485488064e-05 0.0018231057933758847 0.002584548903776716 0.009676184563880566 0.07367023856803297 0.007129264660045727 0.011739806382472672 0.0004182710202635428 0.0010532482733240423 0.00019034813609833533 0.014714451263205648 0.003209529244261314 0.0015997844328595712 0.000690772557511609 0.0004131237925330584 8.801411656934767e-05 7.170603846194358e-06 0.0011255686209642644 4.489673773684534e-05 1.7470745621720484e-05 0.046187543211319994 0.01705646266768703 0.04111965009543416 0.006690618725226508 0.0016350140003545946 7.094913083498818e-05 0.009931785007829734 0.00021164123774912195 0.0004062253094361609 0.004766405240655551 0.00015685017864088663 0.0012058695668633222 0.0039289281791894635 0.00024369920702491086 0.00021252502190590981 0.0017696848346232176 4.7162643595522965e-05 0.0007227710240923889 8.070311267358965e-05 9.38213866272465e-05 9.22730021552766e-05 0.00012717703294930606 0.0022071112393481267 0.00011372833457530002 0.0 0.00010211151857629394 0.07688028942900259 0.0 5.771049806474313e-05 0.00013425410613994478 4.507617902448045e-05 0.0003647965109517731 0.002946115385583302 0.0003484172769938858 1.1561615650807904e-05 0.00867030413465955 0.0012331393431242006 0.00020785770521085213 0.0006127095049912504 0.0008536170409393709 0.0004308055296086423 0.00030428492890660153 0.0 2.043832482451504e-05 0.0 3.0262866960662713e-05 0.0 0.0 0.0 0.0 0.0 0.0 7.024884541765895e-06 0.0 0.0 0.0 2.274156614001241e-05 0.0 0.0 1.0832057081613488e-05 3.679220168802616e-05 2.5534493364070843e-05 0.0 0.0 2.2490275604077574e-05 0.0 0.000429611560216549 3.705574715372286e-05 0.00033982261897637784 0.0001424742428032068 0.0 0.0 0.0 0.0 0.0 0.0 0.0 0.0 0.0 0.0 0.0 0.0 2.3090801097049385e-05 0.0 0.0 6.416263940353917e-06 0.0 1.6253886183599747e-05 0.0 0.0 0.0 0.0 0.0 0.00026105163160519235 0.0 2.2251382523393814e-05 1.2993561888297266e-05 1.5479880022559024e-05 1.917739446905517e-05 0.0 3.1294820502907664e-05 7.892106331784937e-06 1.3913769225658507e-05 0.00095570559877247 2.5033609024215464e-05 0.0 1.5383587652861466e-05 8.867603378563784e-06 0.00020683706264979174 0.0 0.0 0.0 0.0 1.4794681946300842e-05 0.0 0.0 0.0 6.522031992773944e-06 6.309911080966299e-06 0.0 0.0001038491361763534 1.5233055850863139e-05 0.0 0.0 0.0011353506192418854 0.00011712450262913047 0.0003061755962589686
0.0371512209684292 0.10353992925325595 0.0 0.0009486814161121808 0.03482659821205987 0.0002177633194649518 0.014232156573243043 0.10067734217347464 0.0828564272445529 4.273672096413809e-05 0.18119402271642182 0.0004178006471243457 0.013689234122600785 0.11218751659830467 0.0017951123665666856 0.0022424882913144504 0.0001468499783639184 0.0 3.493769508834767e-05 0.0003017459815387205 0.0002640343812889266 2.8928771824014712e-05 0.0012577980303654151 0.0009681602457695435 0.0011640079122468825 3.314431099717457e-05 0.0020484304152498787 1.1954384226712822e-05 0.0002890309574401982 0.00013458699873979748 0.2474916561246304 0.033829799493436834 0.004971989867355923 0.00024651618146623056 0.0008037551138908127 0.0019348247934240477 0.001100898860849925 0.003601630053183528 0.0009710752155339257 0.0012464111407839743 3.661147031848285e-05 0.0 0.00022228656438236694 0.0006054396536337669 0.00020015453790694094 0.000132940219081587 0.005958757560040334 0.0003276241881282766 9.190097443151433e-05 0.00010682856761784509 0.0015250301135300382 0.00011868904847353648 0.0002935810033709337 2.702167444997602e-05 0.0006137962380921541 0.000737241237713288 0.0030518239324804322 0.0584820826911402 0.003142100892307172 0.003056665338970352 0.0010701417799685324 0.01056981908367236 0.0007622524097189242 0.026407202489490324 0.0010663469941379663 0.0013523563371164882 0.00171018699339885 0.0028558145385976876 0.002091606160532518 0.00038328012753635117 0.0010437366572109803 9.998302199421613e-06 8.810994177216402e-06 0.02045056176213063 0.008069144080881717 0.011752202177188673 0.0019410919423336356 0.0014060500455404517 0.0011817697667458715 0.08657012511817341 0.0003101780903669503 0.012027714051851868 0.001525922088377836 4.286780538936598e-05 0.0005573321378731684 0.0015999953168537406 0.0007477941936900977 0.00010976560168534108 0.0009613543013055511 1.5235072699650787e-05 0.00034767013405967266 0.00010684197123518066 0.002747808566216828 0.00036182288233377026 3.1030677221964596e-05 0.0004156257669791933 1.2234118778135184e-05 0.0 0.00020430453175681145 0.01307578607710663 0.0 0.0 2.9022657662138674e-05 0.0 0.0 2.7576489982482886e-05 0.0 0.0 0.0 0.0 0.0 4.0999844835968854e-05 6.726029404159045e-05 1.5353204272681598e-05 0.0002086673155964807 0.0 0.0 0.0 0.0 0.0 0.0 0.0 2.5817743544226813e-05 0.0 0.0 3.2606965583064154e-05 0.0 0.0 0.0 2.5483759945688944e-05 0.0 2.764093412669492e-05 0.0 7.3257530215808985e-06 0.0 1.9611715446412667e-05 0.0 7.938376553160987e-05 0.0 7.08607808678495e-05 2.7832156390282574e-05 0.00018569795583104462 8.973435171549815e-05 1.1243756662179157e-05 3.529523950763595e-05 1.10722068751425e-05 0.0 0.0 0.0 2.8877999380796476e-05 0.0 0.0 0.0 0.0 0.0 9.646376225409974e-06 0.0 2.7049236164816122e-05 0.0 0.0 2.262446222100492e-05 0.0 0.0 0.0 0.0 0.0 2.9743571947297635e-05 0.0 0.0 0.0 0.0 7.820077229891695e-06 0.0 1.5795937081788604e-05 1.430911004729708e-05 2.3120650006644743e-05 0.00019617737261446848 4.026395349731977e-05 0.0 1.6372755269479436e-05 6.597195863621313e-05 4.3937789482979184e-05 0.0 4.42096964440423e-05 0.0 1.17599602298142e-05 8.155730412731628e-06 9.71880858394528e-06 0.0 0.0 0.0 0.0 7.411625759978716e-06 3.1319684413845045e-05 7.717081581025286e-05 0.00013149402934441504 1.706016644986159e-05 2.0096410700542374e-05 2.525739440304401e-05 0.00011829703946799662
0.09051448436014309 0.04816214641179334 0.0009486814161121808 0.0 0.0014704977777751146 0.016789243654449112 0.028295391535126058 2.815992712176146e-05 0.0003221796714569499 0.11271404605109894 0.00036435668125114255 0.0482976263819282 0.013495685705594089 0.000381377092704332 0.00023103624318920567 3.167915518954689e-05 8.402447690310613e-06 7.3556454806312955e-06 0.0 0.0 0.0 0.0 0.0 0.0 0.0 0.0 1.1954421554817136e-05 1.0485603633925273e-05 0.0 0.0 0.0005473934599678835 0.00012092951579470126 8.623065157353014e-05 0.0 0.0 0.0 9.251905092044196e-05 7.213753438049729e-06 3.848014123701662e-05 0.0 0.0 2.6839854909634213e-05 1.0308221613378165e-05 8.482669179946176e-06 0.0 0.0 0.0021425537076257785 0.00011717486955339725 0.0 0.0 6.318031357598015e-05 6.740910026713024e-05 0.0 1.2349900377326205e-05 0.0003740089112020018 0.0005278822012371088 0.0054061856847108115 0.012689208275678725 0.0014611862866785194 0.0017466097384776932 5.402357575063485e-05 0.0 4.6256964243245395e-05 0.00046320689368987506 0.000564852211390995 0.00028949623585873373 0.00016033660548537185 2.410193008170562e-05 6.4918443023530605e-06 0.0 0.0002728880228253222 0.0001752278190405843 2.8856103054152088e-05 0.0093172270433917 0.0013266388070896445 0.003849872994296081 0.00015060823129190736 6.182672298848798e-05 2.331476519831676e-05 1.4208461035364166e-05 1.8807289708242447e-05 1.3776215726837472e-05 0.0008119663138665557 1.5092642227443356e-05 0.00024420855636078556 0.0007863791154815023 2.6183316333829374e-05 7.592028472530852e-05 0.00033393447249028597 7.092040629314095e-06 0.00013754091246294894 1.5472711895375996e-05 2.85774578046829e-05 4.9281487469171485e-05 3.4710640672504934e-05 0.003027141519835463 0.00018323675272405833 0.0 9.623323858686515e-05 0.029311897348157808 0.0 4.543621650867506e-05 0.00014358482121026186 8.388065284833766e-05 1.2370562048641535e-05 0.0016847438730127897 0.0007815192191372455 0.00015543719225250224 0.008220737427428616 0.0021427013069092787 9.298172655206758e-05 0.0012930908039558563 0.0009627491914814257 0.00039634993434001985 0.0002440278770243574 0.0 0.0 0.0 0.0 0.0 0.0 0.0 0.0 0.0 0.0 0.0 0.0 0.0 0.0 0.0 0.0 0.0 0.0 0.0 3.98254314114949e-05 1.207458298491437e-05 0.0 0.0 0.0 0.00016030775029515955 3.5071819491767824e-05 1.9879414512080348e-05 0.0 0.0 0.0 0.0 0.0 0.0 0.0 0.0 0.0 0.0 0.0 0.0 0.0 0.0 1.7347449196438182e-05 4.852624603305412e-05 0.0 0.0 0.0 0.0 6.773669227617029e-06 6.515221536699525e-05 0.0 0.0 0.0 0.0 0.0 0.0 0.0 0.0 0.0 8.165415359069192e-06 0.0 0.0 0.00011613279443910974 3.481119127398102e-05 0.0 0.0 8.687850457815379e-06 0.00023872942522521276 0.0 0.0 0.0 0.0 0.0 0.0 0.0 8.959801533910868e-06 0.0 0.0 1.2680376265213204e-05 8.111879504977018e-06 0.0 0.0 0.0 0.0009990010960072135 9.398852434546865e-06 0.0
0.00996312018453802 0.09507429789181943 0.03482659821205987 0.0014704977777751146 0.0 0.00010564162439302296 0.10215387652559016 0.00648754315456612 0.25653289752675573 0.002332222721645198 0.0802037405512322 0.0002974553806379806 0.012517107918333064 0.037521064670619775 0.0036337789101719715 0.0018023968618526072 3.746187240404425e-05 0.0 7.955318082977256e-06 1.9480571069986943e-05 2.2963390096632433e-05 0.0 0.0 2.498256680060697e-05 3.298032806934431e-05 0.0 1.5569810212780347e-05 0.0 2.7743130558224867e-05 0.0 0.008926898946143378 0.0055601421847462085 0.00015594574299317555 0.0 0.0 4.9906600871339683e-05 0.00021436834591045945 5.3097593868651646e-05 0.00010985378989736108 8.919517722427629e-05 6.311202294029173e-06 4.5541202933213836e-05 0.0 0.0002444225261449115 0.0 1.9106309315739214e-05 0.009543176733987253 7.863284793424219e-05 3.272235636831455e-05 9.458983485978571e-06 0.00012100761636931894 0.0 8.614860213793785e-05 2.8377415362507636e-05 0.00022047024952359808 0.0004017135519600599 0.0007932316533377621 0.005777582170999477 0.000985583891241702 0.0024748910711564166 0.00012785470715023558 0.00023130396544354418 6.590631320573499e-05 0.0044553076634967674 0.0004419381672912057 0.00020738094670350786 0.00011666950131640552 7.572249214978424e-05 3.297172054783582e-05 9.416312372551229e-06 0.0010398566411378726 0.0 0.0 0.006489554046693246 0.0031972770371887513 0.013382614708189793 0.004794999148842689 0.0012708459832607396 4.335942331011399e-05 0.0009519756445065928 9.010210367458438e-05 6.345127885077534e-05 0.0006574589132249857 3.4937753908390836e-05 0.00020694444429435736 0.0005968536862776362 2.038211096172698e-05 4.2046168001642813e-05 0.0003647625955411169 7.872523782030694e-06 0.00013300047738791978 6.976970526414401e-06 7.99523426919073e-06 2.4338956757173673e-05 1.3697054694710847e-05 0.0012192037165967343 2.307601238081284e-05 0.0 5.722898644544956e-05 0.0009653790916033554 0.0 0.0 0.0 7.730181653003469e-05 2.941126132652585e-05 0.000672498772381774 1.7990170152295996e-05 0.00020315089368469778 0.0006248812903597993 0.0003294151724748041 0.0002930473438243356 0.0011395112804459303 0.000961257210906229 0.0005210343503202498 0.000791312533486247 0.0 4.3455458342122716e-05 0.0 0.0 0.0 0.0 0.0 0.0 0.0 0.0 0.0 0.0 0.0 0.0 0.0 0.0 0.0 0.0 0.0 3.219236119729002e-05 0.0 0.0 0.0 0.0 0.0003569486932846025 0.0 0.0004730855078474314 0.00012882021270775964 0.0 0.0 0.0 0.0 0.0 0.0 0.0 0.0 3.0377244796900575e-05 0.0 0.0 0.0 0.0 0.00013197537807743516 0.0 2.1141855524610275e-05 0.0 0.0 0.0 0.0 0.0 0.0 0.0 0.00021312636805159919 0.0 0.0 0.0 6.864448915000169e-06 8.714617536495455e-06 0.0 0.0 0.0 4.004926429881984e-05 0.0006334367900647269 0.0 0.0 0.0 6.943204428175384e-06 0.0005959036266372156 0.0 9.198905461826274e-05 0.0 6.820141473218247e-05 1.7155339542007057e-05 0.0 5.448243147291896e-05 0.0 0.0 0.0 9.070059704818039e-06 8.005416358008475e-06 7.645610194945145e-06 0.0 0.0 0.0005382349643281714 0.00030495097200957305 0.0003729008326467811
0.0072616206422616795 0.004611900760089777 0.0002177633194649518 0.016789243654449112 0.00010564162439302296 0.0 0.0024657183235333624 0.0 6.457192849348987e-05 0.015711833730035506 0.0001560004920106579 0.0032475019336744245 0.0009440358147590191 0.00029812500667338894 2.3185546612727245e-05 0.0 1.8809834240686537e-05 0.0 0.0 0.0 0.0 8.205629491424373e-05 0.0 0.0 0.0 0.0 2.100536361445284e-05 0.0 3.6670480395630454e-05 2.2682182781821655e-05 0.0009439865082922612 0.0 3.359811724498416e-05 0.0 0.0 1.403199638125946e-05 0.00034176129592666647 6.77915114252426e-05 0.00029758944056558424 8.890361079494097e-06 0.0 1.0996348249093013e-05 0.0 0.0 0.0 8.552231233490643e-06 0.00021704456681637913 1.78783261025328e-05 0.0 0.0 4.952393011322914e-05 0.001304552525074901 0.00014333811298192028 9.895835308808585e-05 0.00014466197965240884 0.00021295378212687915 0.017283562783875415 0.01639856511982633 0.0015274892313533787 0.0004202008544121503 4.5583927210910956e-05 4.779285058719805e-05 0.0 1.3127488905226426e-05 0.00020384161518923982 8.889641382331368e-05 5.281955774597558e-05 1.5932376958830923e-05 2.659456514925658e-05 0.0 0.008425657413092239 0.011828355022790785 0.002336181696273746 0.0037397696880788946 0.00021152158081401027 0.0007290679483865178 0.0 8.592394011423523e-06 0.0 3.4570971348862085e-05 0.0 0.0 0.00037260442261312235 0.00014893454146395018 6.651955174611252e-05 0.00031470826360675705 5.140791856281057e-05 0.0009671473617984073 0.00032356026553444943 0.0008920846314496776 0.00020400478312012594 0.000271515157927725 0.0 1.0881898018955873e-05 0.00021987415306676093 0.010651945099567382 0.011211940461944812 0.0011477387786638245 0.0020585412328393633 0.02526050450830158 2.94385046213246e-05 0.00016904824525718225 0.00011023912000011538 7.834130243126838e-05 4.8294547096110936e-05 0.0008795652156669999 0.0007370356531787767 0.00025288670716725256 0.001654896492738549 0.001994329996768626 0.0001159005197444364 0.0011605217885518504 0.0015692439234180602 0.00044272020578160206 0.0002018967593065325 1.5793846707947e-05 0.0 0.0 0.0 0.0 0.0 0.0 2.4265799328490935e-05 0.0 0.0 0.0 0.0 0.0 0.0 0.0 0.0 5.409774047255674e-05 0.0 2.0906659057408304e-05 0.0 3.188011273585519e-05 1.261112810709138e-05 3.287651748009143e-05 0.0 8.715591800018063e-05 0.0 0.0001210585986417296 0.00013139950440389903 2.3224033019430018e-05 0.0 4.350738852215203e-05 0.0 0.0 9.546357266631696e-06 0.0 0.0 0.0 0.0 0.0 0.0 0.0 0.000145564046662228 0.0 0.0 0.0 0.0 0.0 0.0 5.548723390947126e-05 0.0 0.0 0.0 0.0 0.0 0.0 0.0 7.762470915697252e-06 0.0 0.0 2.219110611858621e-05 0.0 0.0004690666691199559 0.0003528871059596044 0.0 3.420466839891605e-05 0.00010108076971377914 0.00012701239282060894 0.0 1.835235909268472e-05 0.0 2.5315608147299576e-05 0.0 0.0 0.0 0.0 0.0 0.0 0.0 7.941809268256822e-06 2.855178398699736e-05 3.01119211560529e-05 0.0 0.0015096259286816772 0.0 8.752292000371658e-05
0.03574687226888295 0.20023008095949982 0.014232156573243043 0.028295391535126058 0.10215387652559016 0.0024657183235333624 0.0 0.0017275896418123317 0.1423705846788993 0.06472044976759288 0.04621311887532081 0.006674819895216635 0.11939471485248038 0.15160533833558182 0.003058703171808401 0.0019947262345959226 0.00012133307897968104 8.444015362351329e-06 0.0 0.0 0.0 0.0 2.429272646555769e-05 0.0 2.761280683451672e-05 0.0 8.358805480593764e-06 1.3394040980052443e-05 0.0 0.0 0.004311730010979266 0.0024953878551857525 0.0003967313065325622 0.0 0.0 0.0 9.676136678709662e-05 4.3875683435482844e-05 9.061823937293885e-05 0.00010153877480774679 0.0 1.1363842304913085e-05 0.0 0.0003763522395080688 0.0 6.73475479198479e-05 0.010008211489362831 0.00011655195341918761 3.987804480894863e-05 0.0 3.736648043346893e-05 2.6589697790684923e-05 7.815466869662476e-05 0.0 0.00030587250166675073 0.0005832936788900289 0.0020231028632403526 0.00868564231097678 0.0012454645786738128 0.00325588479485594 0.0002039367622648278 9.467655483303604e-05 4.693631707771436e-05 0.00318555102913212 0.0008358207094114289 0.00028193919677166655 0.00018910755464992282 0.00019180758127158024 4.1702815614499375e-05 0.0 0.0013856996787379803 3.8561057255623364e-05 1.1345375073669572e-05 0.008751865805043915 0.003483199150043264 0.014618418410931982 0.0041726998575977465 0.0013719751013532655 9.678503846100531e-05 0.0003100734540347838 7.716638507738617e-05 0.00015911046831659702 0.0009522333961980375 2.0943850857584167e-05 0.00025792377287497736 0.0008763931265266363 5.5772256609004825e-05 8.722840126067639e-05 0.0003978598985778356 1.3709159180900783e-05 0.00019580551908852638 4.7763379483264545e-05 0.0 2.8441345962496672e-05 7.398494241900533e-05 0.004769508441344979 0.0003477360651067065 0.0 8.167445951386158e-05 0.005550431964454142 0.00017319167558204417 5.6126605516332866e-05 0.0041144795622598766 0.0016054294817630483 0.0002982544814655126 0.007372098854425702 0.0009912090578394356 0.001166145386238048 0.006220532781111495 0.002697794724529679 0.00037317980140648773 0.002906716433419371 0.004190762987792234 0.0014467847200070319 0.0013070171103343688 0.0 3.1473702434555395e-05 0.0 0.0 0.0 0.0 0.0 0.0 0.0 0.0 0.0 0.0 2.164204533549446e-05 0.0 0.0 0.0 0.0 0.0 0.0 6.1279654168781e-05 0.00013976946476633204 0.0 0.0 0.0 0.0008791546461099562 0.0001746145578771132 0.0012995273924834324 0.0008981503856216744 0.0002658973059417053 0.0 0.0 0.0 0.0 1.5506347910827253e-05 0.0 0.0 2.8935135134645637e-05 3.726972315919946e-05 8.254870464326507e-06 0.0 0.0 0.00016342401525552084 1.9932633077285844e-05 6.975564501151895e-06 8.99786941338344e-06 6.6177412522359295e-06 7.251264789421619e-06 8.781022424223198e-05 1.0833400893368804e-05 0.0 0.0 0.001223783450813101 0.0 0.0 1.4394730538202104e-05 0.0 0.0 0.0 6.7655792093729015e-06 0.0 0.0 0.0026605951770754363 0.00029807492593125523 0.0 0.0 0.0 0.00185925170305274 0.0 3.1041413576573667e-05 0.00010919335562485144 0.00010692249700542414 0.00010396480070103543 1.0608200440040351e-05 0.0 0.0 6.762729830743573e-06 0.0 0.0 1.0284139330322033e-05 0.0 7.456285443326804e-06 0.0 0.0029664109756550013 0.0004543006076492722 0.0007968921688459543
0.0006185809952247354 0.007382439949656279 0.10067734217347464 2.815992712176146e-05 0.00648754315456612 0.0 0.0017275896418123317 0.0 0.016956634027379753 0.0 0.2699699399858358 0.0005787497677766796 0.004906900875051667 0.10960663597937209 0.0024755879246504586 0.0041484075751104 0.00023085697496823601 5.769266088665425e-05 7.334457143698731e-05 0.0019031628414003937 0.0016912227073396348 2.4168184073399562e-05 0.005521203472272309 0.0036446823346299928 0.00337976743878687 0.0001254642679486372 0.006751833875299879 0.00015059803902269756 0.0005746323777636183 0.000662392921692472 0.04527891809641987 0.1533448604166546 0.00890984517637321 0.0015566996539048373 0.003685986802248147 0.008502445074575758 0.002628702194627253 0.011179527018262796 0.001926244472226483 0.004001662247783658 0.00023920612038789507 3.004829257436241e-05 0.0013366461059277832 0.0009154390922590462 0.0014206265611187785 0.00022663332541604782 0.003956707266892535 0.000638239561401104 0.0001737128070250261 0.0009102262111800009 0.003960201077914747 0.00018745677183531323 0.0007625517466153071 0.00014746149981149744 3.985424644571622e-05 7.29684557202253e-05 0.00024942649313565614 0.006571832051883065 0.00029710023709449254 0.0005530516274377174 0.007683576817975728 0.03504266269499725 0.0029333156973851532 0.015900467622148428 0.00019799861591416145 0.003497925023850612 0.004730078563977779 0.011071078340220539 0.008575148661379315 0.0012876993938654225 0.0018277225457601846 0.0 1.9798438542275765e-05 0.002482387635321031 0.0023604240077409627 0.0051636741883991704 0.0042826482125916145 0.003979974711366128 0.012813154784037094 0.2510497094868383 0.0026188456939780385 0.0817440068759691 0.00048502188013265787 0.0 0.0007056197148544931 0.0010432840929710048 0.00269887506717224 0.0 0.0007811449172270067 7.175517751780939e-05 0.000630644690280314 6.309009267900705e-05 0.01045793164960271 0.0005846376755891348 0.00025724042593334675 0.00031828707694384295 2.6792753628917566e-05 0.0 0.0005404938700361354 0.00018993972252210405 0.0 0.0 0.0 0.0 0.0 0.0 0.0 0.0 2.3696538950769086e-05 2.4850029407197507e-05 1.6524911975170108e-05 0.00015497313378428504 4.6430836290832274e-05 4.998088493007991e-05 0.0 7.922501589088903e-06 2.8873987740737363e-05 0.0 0.0 0.0 0.0 0.0 0.0 0.0 0.0 0.00011597605599140318 0.0 8.65871021662465e-06 0.0 0.0 7.347021670495472e-05 8.12846053579799e-06 9.863453178315888e-05 0.0 0.0 0.0 0.0 1.5247754640302926e-05 0.0 9.264026149650133e-06 0.0 0.0001965511751199177 5.682190367269477e-05 0.0 0.0 2.5982087875976125e-05 9.163441613533758e-06 0.0 0.0 0.0 0.0 0.0 1.7961714825261696e-05 0.0 0.0 5.5605601893829394e-05 3.960878588098249e-05 7.196444905098771e-05 0.0 0.0 3.25313524175794e-05 0.0 0.0 0.0 0.0 0.0 3.705160486529864e-05 0.0 0.0 0.0 0.0 1.826174342272963e-05 0.0 9.661044530231234e-05 7.791918548171234e-05 6.727799604669552e-05 6.34906396400428e-05 3.732686400324465e-05 3.846574559703006e-05 3.2015981379786034e-05 0.00022819748553670925 0.0 0.0 0.0 0.0 3.1920384104636985e-05 0.0 0.0 2.2519515952457146e-05 1.8413504224283642e-05 0.0 2.0805623190576124e-05 8.49049394241874e-06 2.3920397854651572e-05 0.00014804793564182265 0.00019786208158570375 2.9718130581898057e-05 1.64866150368756e-05 2.302225764829083e-05 0.0001880164994070015
0.002693215692194789 0.13946290087408275 0.0828564272445529 0.0003221796714569499 0.25653289752675573 6.457192849348987e-05 0.1423705846788993 0.016956634027379753 0.0 0.00862599600626674 0.1065082717419759 0.0010246524082393137 0.023325898717168808 0.03812413354791368 0.00217270414572971 0.0021381389155564067 8.798822217650031e-05 0.0 0.0 0.0 0.0 0.0 0.0 9.319168808959834e-06 3.716496918694663e-05 0.0 4.531406877096643e-05 0.0 0.0 2.0522349821749297e-05 0.0023074171624529404 0.001478179709346712 0.0002630813472772849 0.0 0.0 2.2786038617261588e-05 0.00017074387326450677 8.922072265590607e-05 0.00011608355357932308 1.6741381045553032e-05 0.0 0.0 0.0 0.0002403225208480685 1.1158659895889206e-05 3.1582986115709025e-05 0.002981623585319515 3.762062430707446e-05 9.042652958168577e-06 0.0 5.1686452393544154e-05 8.366969589469183e-06 0.0 0.0 5.315907778107608e-05 5.6560753427024905e-05 0.00025299465212684697 0.001600460202761604 0.0003009221106860892 0.0006109877953849796 1.7123447201489156e-05 0.000167646555710549 2.128941465211956e-05 0.0009617407438989294 0.00012144498524295138 4.183226778352952e-05 3.725376200114104e-05 2.516498585292715e-05 3.5324777915272694e-05 7.305350950263756e-06 0.0009147997319637312 0.0 0.0 0.0015240522076893758 0.0010033566342356043 0.0058557549907696125 0.002668650618183422 0.0012149659926524873 3.6510616567553545e-05 0.001233704515508923 1.8315254956996257e-05 7.219356103718643e-05 9.605022171929863e-05 6.3169451663202015e-06 5.762674624136317e-05 0.00015998641526821083 0.0 7.087545986208245e-06 8.005389210296241e-05 0.0 3.3285618798365884e-05 1.7411207860916437e-05 1.101320810954166e-05 2.002601894504293e-05 6.389206154922059e-06 0.003290899221821747 0.0004302560214538761 0.0 5.2925455881183375e-05 0.00030415993461815026 1.67052304732566e-05 1.6656051261399786e-05 0.00014698868394377712 3.0302340865397796e-05 6.183052762724135e-05 0.0024801234392026464 0.00030268197357401075 0.00047220716624136804 0.0013822954415922675 0.000919980112141043 0.00031456030291933775 0.002346968531488137 0.0028693114100214663 0.0013791859720436231 0.0009285648329647206 0.0 0.0 0.0 0.0 0.0 0.0 0.0 0.0 0.0 0.0 0.0 0.0 0.0 0.0 0.0 1.61219279413845e-05 0.0 3.344243416459046e-05 0.0 3.0547755052789807e-05 0.00015639338218569054 0.0 5.518693270372637e-05 0.0 0.0008547461114630725 0.00011800993883732287 0.001645094135939065 0.0005174204468683764 0.00021347942744259633 0.0 4.377836454291664e-05 0.0 0.0 0.0 6.750778842243199e-05 0.0 0.0 0.0 0.0 0.0 0.0 0.0 6.354283903488505e-05 4.018328802947381e-05 7.415965434893928e-05 0.0 0.0 0.0 1.2001381441199264e-05 0.0 0.0 0.00022399914670155556 0.0 9.38281435797047e-06 0.0 0.0 6.243001019560171e-06 0.0 0.0 0.0 0.0 0.0020284699031688654 0.0002478505859736825 0.0 1.4553485834696352e-05 0.0 0.0012391731529225647 0.0 0.00013383328266576095 0.0 0.0 4.337475837405912e-05 4.172468083439018e-05 0.0 0.0 0.0 0.0 7.481531684544741e-06 0.0 0.0 8.820774706124098e-06 0.0 0.003061801724583265 0.0003616005612346701 0.0008153209487485629
0.06315491331052016 0.043603412737494164 4.273672096413809e-05 0.11271404605109894 0.002332222721645198 0.015711833730035506 0.06472044976759288 0.0 0.00862599600626674 0.0 0.001151984131680785 0.27862085678145604 0.29568865531742733 0.019300052955903584 0.0001804190317206524 0.0002165368831057651 6.6576862828936475e-06 0.0 0.0 0.0 0.0 2.0743863276410698e-05 0.0 0.0 1.2935529694367232e-05 0.0 3.023052498616102e-05 0.0 1.1547354052650473e-05 0.0 0.00037184718582015616 9.302086111039975e-06 0.0036302210673114276 0.0 1.0683587374589862e-05 2.9736029407916784e-05 0.0025740489180766596 9.16463418990887e-05 0.0005578255045590458 5.388181661872774e-05 0.0 0.0 0.0 9.77186539403208e-06 0.0 2.4350794290860026e-05 0.0020723463376910536 8.650192395681987e-05 8.578740408904546e-06 0.0 6.548801503436575e-05 0.00015582396797093277 0.00012742468116718356 0.0 0.00027193671382456165 0.0001818527544365608 0.005788417072369523 0.008023143968496375 0.0008062556975822735 0.0013285399183931362 4.349408274969598e-05 9.26229565266876e-05 4.719701259920439e-05 0.0004306974540006829 0.00042075970477338715 9.977837518693144e-05 0.00010630163052348765 0.00012411958463864268 0.0 0.0 0.020422132466358895 0.001819724779966829 0.0001877709359071923 0.004954554352677747 0.0008736858033917403 0.0020408563590718627 0.00036460831169905756 9.6180299982442e-05 0.0 2.6543979912137253e-05 0.0 1.548090597985033e-05 0.000536863656464986 1.4844357169483165e-05 9.464125206116936e-05 0.00034662980997282383 7.838476026277306e-06 5.8517419695706366e-05 0.00021060723172671702 9.372468138609212e-05 8.734517375136372e-05 2.1059023895559396e-05 1.5269164004859212e-05 0.0 2.0600940186341784e-05 0.023120074388046585 0.008053001492965752 0.0002972835893494206 0.001524720943506054 0.02217996309011679 0.00018893056231216167 0.0012140186076272986 0.0035808376039858877 0.003568604309819511 0.001087180714645122 0.014267960694354098 0.007403847614652671 0.00423525189166962 0.02539654003487526 0.027374397087176854 0.002999794571677955 0.01978044864190386 0.026256102865377447 0.01025947800126908 0.006465878292709652 3.264355956799365e-05 5.043801733821484e-05 0.0 7.42208588661587e-05 0.0 0.0 0.0 0.00016602601488178482 0.0 0.0 1.6913662689665183e-05 0.0 0.0 2.206392983276457e-05 9.574821642903402e-06 0.00011157444130843238 1.3321184438513577e-05 1.3311561705683204e-05 1.3931958192851684e-05 0.0002716282632149521 0.0005793220505996963 0.0 0.00014022460068646348 7.933638372453353e-05 0.004878248828907636 0.00029533281469987005 0.005007720413076639 0.0011630335005430154 0.0003567340170943813 0.0 3.5940270281342546e-05 1.0976137908493483e-05 3.743773582556366e-05 0.0 8.139805338507388e-05 0.0 5.8390547690492624e-05 0.0001345676576915666 0.0 0.0 4.874791615263818e-05 0.00027878586104467966 9.170624445727578e-05 9.745682726415457e-05 3.931330339415817e-05 1.6892487474126867e-05 9.292073073288589e-05 9.539050912347235e-05 0.00012402821222620928 1.0178672730623218e-05 0.0 0.002622821682869647 0.00015211921922470497 1.658527038869173e-05 0.00010353106283391352 7.388044012866796e-06 0.0 0.0 8.516569320014322e-06 1.3873668661232814e-05 0.0 0.013048885946357771 0.0012443618827181187 7.602452798122505e-05 3.6184963923205826e-05 0.0 0.006287218886334439 0.0 0.00033567690880926605 0.00018611234246954355 9.78920124436847e-05 0.00016767762966065866 0.0 1.1134735974487736e-05 0.0 0.0 0.0 0.0 4.111470454409878e-05 9.651882686373683e-06 5.759970372651944e-05 0.0 0.025674857664056555 0.0007546657157152881 0.001980456652748785
0.016616715014795332 0.08881631190634219 0.18119402271642182 0.00036435668125114255 0.0802037405512322 0.0001560004920106579 0.04621311887532081 0.2699699399858358 0.1065082717419759 0.001151984131680785 0.0 0.004672340035334582 0.09256553085280472 0.2700890455910681 0.006296720424424913 0.009857001074870775 6.050191632846353e-05 0.0 2.6724543870788493e-05 4.616929070660308e-05 9.072460467502787e-05 1.4997868998475921e-05 0.0008691293522976509 0.0008272680845361106 0.001516600748883053 0.00010786360016311863 0.0021196797856426813 9.492427544481279e-05 0.00036506400923748574 0.00035179145144176966 0.027494086554296998 0.017345297477816178 0.05355865942828502 9.188836714707083e-05 0.0007582188535379564 0.002189620639133952 0.02057250723637487 0.010238398994960582 0.003183475963772327 0.00309621022931714 0.00012544790636182345 0.00014553071266507525 5.519511377992193e-05 0.002222071226542074 7.678708911925204e-05 9.671275145584586e-05 0.008784194183066401 0.0001288953264684548 7.107077916790727e-05 1.664392188980698e-05 0.0006781768379935167 3.0299923587854778e-05 0.0006901556325381417 5.63162775324368e-05 0.00020710381380784082 0.0002642708791495835 0.0008028588236879246 0.00929745287207627 0.0012288154789234752 0.0017111547607001492 0.00035730388377100956 0.01568973042188057 0.000981391263040931 0.005632678661544833 0.0003022592390140015 0.00046283792460835723 0.0007495801008488612 0.0009556063484332943 0.0005236069551955208 0.0002941354128189118 0.010612783307555166 1.1551722572009925e-05 7.4384024534735415e-06 0.006617124980504288 0.003474812902750226 0.01368655762908659 0.007645821281981579 0.004518473168561304 0.00011967535992459709 0.04017678814662075 9.552930972032393e-05 0.004750982374222135 0.0005456725975964651 2.0271308705420567e-05 0.00022561679969243149 0.0004890355172453548 0.00028527484635358863 6.524141822475978e-05 0.0003392802608503199 1.4571265323896744e-05 0.00024795103646796976 3.6073490326599085e-05 0.001666852460016231 0.00012705290286302745 8.12530059865231e-05 0.0010420461250554719 5.066439079894251e-05 0.0 0.00118802993360322 0.0028329268957083685 0.0 0.0 2.354446425379243e-05 0.0 1.861259140633485e-05 0.00020731614907345953 1.3554750911827147e-05 0.0 0.0002811555724024141 0.00010979148137317768 2.0120296162684858e-05 0.00017940980646931624 0.00036124012105941074 0.00011908187756621655 0.0004907544538259369 4.9279285111016936e-05 4.3313527840282154e-05 7.517108761420342e-05 0.0 0.0 0.0 0.0 1.4644870689831251e-05 0.0 0.0 0.0001240290651168351 0.0 9.390622153122892e-06 0.0 0.0 1.3105101091875225e-05 8.77233526942551e-06 2.5711240806844603e-05 0.0 0.0 1.2933817126187473e-05 0.0 4.897596145997726e-05 0.0 0.0006194850977473943 8.686148070027713e-06 0.0004993105241983987 0.00037366203639919673 4.375047818668447e-05 0.0 0.0 0.0 0.0 1.7226926927999238e-05 2.121416571844054e-05 0.0 0.0 0.0 0.0 0.0 1.584625310409499e-05 5.508711961509915e-05 3.3208358671672594e-05 0.0 0.0 0.0 0.0 7.5174260503070135e-06 0.0 0.0 0.0 0.00015648648187131458 2.3487302483385728e-05 0.0 0.0 9.638582569691011e-06 0.0 1.9741315231128052e-05 1.6091453503253206e-05 3.982382913089607e-05 4.1670490607317825e-05 0.0011759580953651274 7.601227418261786e-05 0.0 0.0 0.00011032199913766261 0.0003983474285055838 0.0 0.0001214556067853609 0.0 6.057057402384437e-05 2.2445143663652175e-05 1.82869500735339e-05 0.0 1.0645613380955412e-05 0.0 0.0 0.0 2.0546232456005084e-05 3.1111689388718814e-05 8.207508622130199e-05 0.0 0.0005564314061914444 0.00021816875923553946 0.0002558074424270193
0.011562429955485447 0.003815866294932819 0.0004178006471243457 0.0482976263819282 0.0002974553806379806 0.0032475019336744245 0.006674819895216635 0.0005787497677766796 0.0010246524082393137 0.27862085678145604 0.004672340035334582 0.0 0.09110751178790806 0.011191502244579992 0.0027010527712450407 0.0045519816135193335 7.195174109377802e-05 1.4616448166282567e-05 0.0 0.0 5.587350965753483e-05 9.825746815877822e-06 0.0001830228649486465 0.00024429227877414397 0.00029651975566238284 0.0 0.0007331211860932735 3.3576914881733616e-05 0.00011083951767260876 0.00010594011801359528 0.00028421725066598907 0.00012163135768086485 0.009636127460114262 0.0 0.00017032208830884818 0.00018389615481792596 0.011582275430832614 0.0008405505755666158 0.001518629336228356 0.0011008090013568711 0.0 0.0 0.0 0.0009618481888881569 8.338527836291003e-06 3.9082593651979317e-05 0.003254821049080366 2.7180782101151892e-05 2.5652310476101667e-05 8.761834760566416e-06 0.0001253063316081286 9.549025886743768e-05 0.0003613957713363188 1.9623869703408356e-05 3.586712416420657e-05 9.637075419200452e-05 0.000581050426100474 0.0007473533657454655 0.00048367676698388645 0.00043627597177957003 6.390914764060447e-05 0.0018735010236573181 0.00039146712023644607 0.0007628908820578175 8.593383884880664e-05 4.977627036070348e-05 0.00019614616518810702 0.00015059787896431088 0.0001686282610997681 4.186053251100087e-05 0.01865829229493928 3.334531774871129e-05 1.1134629645948177e-05 0.0013154784962735053 0.0006974093790809229 0.0031971264165911104 0.00203756455926654 0.0018828644766062735 0.0 0.0006594916513423732 1.9072470823600914e-05 6.209370490209095e-05 6.189729572873562e-05 2.093263093435101e-05 2.3921275630680298e-05 0.00017735032955211566 3.286062815035495e-05 7.039475871511437e-06 5.7237209939945475e-05 7.340020841089051e-06 2.6197627702792566e-05 0.0 0.00031173618580181524 9.480131553804665e-06 3.3889882757542507e-05 0.017488701172883918 0.0013197956278415976 0.0 0.0007466571711490227 0.0021544188086827444 7.830834737093223e-05 3.32904646649987e-05 0.0002471150362437456 3.14949353389822e-05 0.0002874472051549678 0.0017821059711630098 0.0005690523883524975 0.0007987550957610424 0.014188829332414627 0.002336746741403567 0.0009823444418403714 0.004031776585651676 0.0046109076622762365 0.0023159018032354872 0.0015475064346444523 0.0 3.2098190308187655e-05 0.0 5.851383167307349e-05 0.0 0.0 0.0 0.0 0.0 0.0 1.774709971739305e-05 0.0 8.07755178844127e-06 0.0 0.0 0.00014193649809149565 1.709190778123022e-05 3.782570151871345e-05 0.0 0.00014230193910157852 0.00013209682110578054 0.0 7.665162655984999e-05 0.0 0.0026324511862263304 0.00027815536787087144 0.0028277263662728103 0.0011787166343558751 0.00024273271510050925 0.0 0.0 0.0 0.0 0.0 1.3540962136324363e-05 0.0 0.0 7.316426764391161e-05 0.0 0.0 1.095802246635427e-05 0.00026109453969552435 0.00011506262483612969 0.0 0.0 0.0 0.0 4.727212692547694e-05 1.3303614212928275e-05 8.742799463444516e-05 7.572719492535051e-05 0.0012631716739749275 0.0 4.723865379629906e-05 0.0 2.3690625274121947e-05 0.0 0.0 0.0 0.0 1.5028169238787085e-05 0.004047122147277789 0.000410939969479036 2.247297119984118e-05 0.0 3.05256194869314e-05 0.0032721023624907738 0.0 0.0004530371836633287 9.328069751991328e-05 8.799012647539769e-05 3.3712400064229234e-05 7.026442141755011e-05 3.829279487492694e-05 0.0 0.0 9.503080419875256e-06 0.0 6.819130899630537e-06 4.693498966770184e-05 0.0 1.4184439834660543e-05 0.006345987241949089 0.0007417753507648319 0.0016495198012327615
