0.0 0.22486334174112085 0.04388994142912274 0.06314106800813712 0.006518034693090209 0.03172880821656009 0.020363064705331627 0.006382640507641942 0.0010629628853713955 0.049652253365175134 0.011135302896494219 0.007045172745759175 0.012549586909695327 0.003713544889148346 2.8806182574918608e-05 0.00012785513255291167 2.339302375459826e-05 2.0378439256850627e-05 0.0 4.059730509511134e-05 8.869648080279685e-05 0.00020677122006994362 0.00037212274185942205 0.0002581776801123719 0.00021876618166922953 2.8169472619987492e-05 0.0002132965864329811 1.9948638442199166e-05 5.81086250134964e-05 4.619332270894146e-05 0.0640404403761595 0.0010551413558410553 0.0009911295191222637 7.419341001997924e-05 0.00033217980938150105 0.00013916960542511618 0.0013586708915652316 0.00025806763268636083 0.0006520089500981259 0.00019035134687180066 0.000218918054015921 0.0001238533996026405 6.796754878815922e-05 0.0001008154419650845 1.4932838169313476e-05 3.289201737334987e-05 0.0014959609064102335 3.926194717316617e-05 4.625588955792201e-05 0.00014240475034673388 0.00010035061667931471 0.00072590778927333 0.00022244831189979344 9.988731213239041e-05 0.0006784762077450629 0.0010743073694603144 0.014894824931376211 0.04997563797102726 0.00742853778183593 0.001438532380613136 0.00022920977793438238 0.0006344251700501085 2.855423650422741e-05 0.000944863363729319 0.00016720271878492825 6.535106939998736e-05 6.20990214588341e-05 6.200017149600799e-05 0.00018809470995118988 0.00020212080213358972 0.0017517861149556942 0.006533592740960006 6.852578009205694e-05 0.02181021433444571 0.0024885877128313014 0.0010408540579888706 0.00019103221542024398 0.0001752030080417592 0.0003452498524387789 0.003489302752657387 0.00017909248536988743 0.0013392750026938822 0.000766136446730916 0.00013086260654284268 2.6588082504091456e-05 0.0003714715754383706 7.064269168256587e-05 0.00011803751919601311 0.00012082349822711601 0.00023838065773433816 4.761444613536897e-05 0.00011193608337282876 0.00022399214088047578 0.0004136368402822939 0.0002675749358663355 0.020891821907398304 0.014311045642171956 0.0013392247427352786 0.001514199170502626 0.03654189361036726 0.00021992054356952259 0.0027245276777359767 0.0006093679638431138 0.00034172069235491407 0.00018558230549190003 0.0005452198696020114 0.001565594208289635 0.00043223724660245794 0.0007887957825444687 0.0012566772999336685 0.0002413634646522523 0.0010758577314653145 0.0018606822849781715 0.0008123556224846982 0.0002772159109734571 1.9129990179201598e-05 1.0505999364617736e-05 0.0 5.632744983018599e-06 0.0 0.0 0.0 0.0 0.0 0.0 8.672653004244022e-06 0.0 1.191457657445278e-05 1.748278777643827e-05 0.0 0.0 1.6520969629916775e-05 4.1796707317078115e-05 1.118086537903856e-05 0.0003201743624840837 0.00015552469534222424 7.732918756905858e-06 1.5838558541656864e-05 0.0 0.00011778944255544602 3.973475500559365e-05 0.00016514704563756532 0.00016429802087047213 8.656837901609325e-05 3.0360142709069724e-05 0.0 0.0 0.0 7.2070589881856255e-06 2.5422250870708594e-05 0.0 0.0 0.00011122129493579905 0.0 5.067371681012765e-05 8.08685897491114e-06 6.6562793530778e-05 8.781840018598627e-06 0.0 1.955812782199679e-05 0.0 8.495935302039259e-06 0.0 0.00018483945920515994 2.3491089366933473e-05 7.38502273700103e-06 0.00037983399432685625 5.215955569234681e-05 9.261784035541956e-06 8.296738376376568e-06 0.0 0.0 0.0 0.0 7.343814057101645e-06 0.0 0.0009184379159846152 0.00010676545744837658 0.0 0.0 8.661020975036592e-06 0.00015850020377950486 4.71661973390353e-05 0.00012437847502086983 4.5756454019483366e-05 0.00011189830132110861 2.9122568440234495e-05 1.6441712441984745e-05 2.7738819145135902e-05 0.0 1.740357128365215e-05 0.0 7.632164358144108e-06 0.0 0.0 0.0 5.923136339415119e-06 0.003228127702578455 0.0002915029588411741 0.0004272035409498356
0.22486334174112085 0.0 0.07349725291951856 0.054506493232462865 0.19563562580104926 0.03875926945148353 0.21054522016020533 0.061482124579547166 0.08510764481532897 0.10838011495512528 0.10477175383633176 0.022643001519824523 0.12927792919078485 0.17346558050559502 0.0019233989216481142 0.002157872420982356 0.00013484428017743988 6.27532375934991e-06 7.141689987729198e-06 8.254365863750617e-05 0.00015499936509486692 0.00014694830622117658 0.0007197418438924136 0.00044631203488713954 0.00047030765007701327 4.430184236369583e-05 0.0004357632644396989 3.2300916018737214e-05 0.00025998941977259474 0.00010923421345687622 0.12359412249616802 0.00793266700635589 0.006814205259206695 0.00011461621045367805 0.0007008725322839639 0.00022064961890956458 0.005447972139344973 0.0006648207160827269 0.0019798371795159667 0.0004879400617933312 0.00047480097409188186 0.00024972708937666865 6.721151582074447e-05 0.0009556234815102738 1.7092696219345615e-05 0.0003385891117349903 0.009187111742485621 0.00019860487669253574 8.279421913537214e-05 0.00028064265397116986 9.560220676946102e-05 0.0002099303246580207 0.00018505542495326978 0.00012843158365499492 0.001490426306007512 0.0028365303611374263 0.0112648784861038 0.062361863819562546 0.006574157760754891 0.004745722239152362 0.0005154528257009664 0.0014819188181286929 6.059368814832348e-05 0.010871011050729445 0.0006820652216681805 0.00017336285299590108 0.00010891388113133862 0.0001277020466188331 0.00032033674629007195 0.00045023717908833236 0.007613268294806346 0.001489709170817068 5.915401936254319e-05 0.031549794741300465 0.013328524149255429 0.010090003812846153 0.003937255977723947 0.004042719487480709 0.0012644519660966913 0.008470051655417758 0.0006374272286788367 0.0028085176791631927 0.0021931099326429563 0.00024426718539874036 0.00010932816498374579 0.0009982869712120447 0.000136222664495802 5.427399553720747e-05 0.00021602349645978808 9.536967276783739e-05 8.913708714762084e-05 7.332282167021131e-05 0.0004610509064259725 0.0007887021459205141 0.0006058227679338943 0.018252102481121475 0.008945359840243276 0.00016776394069758474 0.003321368319645991 0.0383172412831797 0.000284890525697917 0.0010111760332661174 0.0004345965525315526 0.00011031976858581505 0.00042373081485956875 0.0005480570891509478 0.0005628890304884889 0.0008644349336473583 0.0007653362454806686 0.0010938325143510133 0.00042359759639261916 0.0013907092492850483 0.0022076314087744464 0.0012695904544830546 0.0006904017361584272 0.00017734506438778355 0.00010994855230943671 0.0 8.868072063860916e-06 0.0 0.0 0.0 0.0 0.0 0.0 0.0 6.262605072853338e-06 0.0 0.0 7.71927231797562e-06 1.987402292323157e-05 6.531148465019638e-06 1.5535300736626814e-05 8.55022553348629e-06 0.0006741159461990843 0.00022003435481206482 1.0892362955664938e-05 2.6252664875535886e-05 0.0 0.0003083668882666894 4.61108225054528e-05 0.0002177477764378469 0.00047915314505527965 4.7440861959399676e-05 0.0 1.8748512427994328e-05 0.0 0.0 2.0498498657688918e-05 1.669172064858473e-05 0.0 5.689855291184348e-06 0.00023125329098457303 0.0 7.061325310469043e-06 7.842120789707169e-06 8.106194885919934e-05 1.4707749441528255e-05 1.6577805245847596e-05 1.1948049300900091e-05 2.4945855567382287e-05 0.0 3.5858074362991684e-05 5.605390868652848e-05 2.9618908725253466e-05 0.00010952216019772169 0.0006446271514825065 0.00023959909026614656 0.0 0.0 0.0 0.0 7.178359705460966e-06 8.896661372798395e-06 0.0 8.20599401457792e-06 0.001776914431569982 2.352285192832029e-05 0.0 0.0 2.992138750891885e-05 0.0004297336555490549 0.00012594902036484543 0.00037765864208448287 1.459242230480068e-05 0.0002411856912985838 0.00014715529287601987 7.763788398966057e-05 1.3162598837535729e-05 0.0 1.9136024203515566e-05 1.8487030612576362e-05 0.0 6.226392206581073e-06 6.671685760175666e-06 0.0 0.0 0.003709200781637432 0.0008612602791533473 0.0011412156894876797
0.04388994142912274 0.07349725291951856 0.0 0.0024501272870782946 0.06985162931798228 0.010402273873810975 0.004107993930827733 0.1850292733063425 0.028700559353670437 0.006133267372532793 0.1873846151367765 0.001865659793541081 0.00880862256576427 0.04636799174143969 0.0003043368658919488 0.0004318655555493773 7.150520785946198e-05 5.817468486250134e-05 1.3484759053377368e-05 0.00020815270981551184 0.0006263556917782314 0.00024716031184224193 0.002662362189961144 0.0015273929020957193 0.0018417832814161168 0.0001677630483111707 0.0014270451641135121 0.00012984400510272087 0.0007836019909082044 0.00038805246334152124 0.20989279205930916 0.05286817559452468 0.00970327642269738 0.00027325861518466115 0.002970254997218699 0.0007399588513190111 0.008266873697069018 0.001776293424612248 0.00449060089142832 0.0011978465783131884 0.0015532835361706692 0.0006639876830545798 0.00023745589106477445 0.00024780230247682157 3.9237333392411785e-05 0.00024948353910215256 0.0008406873597320317 6.957904168484795e-05 7.108648872061606e-05 0.000782599993572082 0.00032669913440731125 0.0001888812487751283 0.0004166912483715817 0.0003687137453365904 6.845124160318696e-05 0.00010109589643888732 0.0012637289281722248 0.020941266221428004 0.0007397120052221416 0.0002167904633408714 0.0031550762913703334 0.0054685321167409545 0.0001606378248390905 0.012991510730315903 2.273764393254651e-05 8.771539447361657e-05 7.89331034171507e-05 0.0003269346522351693 0.0010771566226607915 0.002135305986857801 0.008508402815672911 0.000975035806860379 3.3879697285100474e-05 0.0021686632490644964 0.0007510755520801259 0.0005165351508949312 0.0002996719328690858 0.0019328046216448552 0.011728032951267765 0.04743805615408106 0.004028607663706448 0.01875375311351927 0.00012429643651350086 7.99426395290539e-06 5.449331524359318e-05 4.658264977865014e-05 0.00016055596267735385 7.090526015527299e-06 8.20608582088924e-05 5.644223969409428e-05 0.0002551202712405389 8.606506484267608e-05 0.0015982210909737552 0.0026215160461604122 0.001346699232781642 0.010148598979819356 0.005123409207965198 7.699251323563984e-05 0.0058955848913800285 0.009247957242992008 0.00010332320572434191 0.0003833141521259129 0.00030623181452945166 0.00010187298429965295 0.0002881782763626205 0.0003827981866067763 0.0002968615570980067 0.00046197677913146633 0.00041572138566675165 0.0007981514488282395 0.00037105016266843785 0.0009074511335079024 0.0017419276722557926 0.0010010545899498155 0.0007552880887930339 0.00015904815665226284 8.540646816623293e-05 0.0 6.992622214843713e-06 0.0 0.0 0.0 0.0 0.0 9.733704326215658e-06 9.401848976325747e-06 0.0 0.0 1.141638659815876e-05 0.0 0.0 1.2238227976712604e-05 7.986806082950408e-06 0.0 0.00048689246699960885 0.00010656195216637316 0.0 1.8974806991710298e-05 0.0 0.00032251015291689765 0.00012384282516276083 0.00038197798369231156 0.0005898720991099013 3.64219831242106e-05 7.268599253663857e-06 0.0 1.3348749093204411e-05 7.345183158082079e-06 3.952085162934284e-05 3.157666596028225e-05 0.0 0.0 0.00016297827583504375 2.24969762308661e-05 2.0601446718601897e-05 7.144312402310618e-06 3.401815089189244e-05 6.189968258462675e-05 6.993243784750962e-06 0.0 0.0 1.3065817060160943e-05 6.357349622155646e-05 0.0 0.00014658165167686895 0.00016863857869883728 0.0008291176241347445 0.0001450289889427269 4.626556337546528e-05 0.0 0.0 7.020356441250953e-06 2.0100857666562964e-05 2.730797236834121e-05 8.083615474888493e-06 8.745996315435735e-06 0.0010445262784669386 0.00010613709435855231 8.451632822118278e-06 0.0 2.435342435353704e-05 0.0006201298276396152 9.781690104414788e-05 0.0005909412540950363 0.0001047426461158062 0.00022340422004530282 0.0001788648764498516 4.52425499032738e-05 6.869717448160313e-05 1.769380567305728e-05 0.0 0.0 0.0 0.0 2.1172718394435326e-05 1.670180820011148e-05 1.4022086132857281e-05 0.002335774941528401 0.0004342879258740579 0.0011404991966991818
0.06314106800813712 0.054506493232462865 0.0024501272870782946 0.0 0.0019462299827415074 0.012450209641453878 0.036356406719489615 0.00010360449105737386 0.0007862904895619275 0.1138125971053563 0.0005097379656649472 0.05774092933135818 0.047748501690811775 0.0038146884260380513 9.044589197132241e-05 6.819995343735473e-05 1.871892318118579e-05 0.0 0.0 8.71719674824436e-06 6.341932508358679e-06 0.0 6.168076062484574e-06 8.000040725761259e-06 6.099147205692615e-06 7.628906324140779e-06 0.0 5.433672080657747e-06 9.483771211849204e-06 0.0 0.005839563870669458 0.00011403922547003774 0.00028405304963187536 7.1909984550637725e-06 6.044443724728137e-06 8.333001627115207e-06 2.557521665721354e-05 0.0 2.2495863896877754e-05 6.946402702870506e-06 1.629985400798454e-05 6.355722833697685e-06 0.0 3.117437215747333e-05 6.920074396861434e-06 3.933346792318011e-05 0.002452881339798495 2.073031904086094e-05 3.208773691919049e-05 0.0 0.0 2.9201643468941955e-05 1.5112451524936513e-05 0.0 0.00038344572437731697 0.000762547151817505 0.0024110339442548496 0.010308703735550843 0.001636311442336799 0.0014629265538883167 1.7486483283260187e-05 1.2760995883275324e-05 2.2114792612663615e-05 0.0009338300705765529 0.00013107929220746247 8.852244994915454e-05 1.4129577031666064e-05 0.0 0.0 5.9135487568239035e-06 0.0001718077655093149 6.90014637147957e-05 0.0 0.00971949201595235 0.002740344246364859 0.001895635411692126 0.00027269540453898113 0.00034005043663645583 2.3893630247414014e-05 5.266771985511825e-05 2.6442612860357297e-05 1.787631129083643e-05 0.0007229338156244092 2.9696642752009814e-05 1.3850078893792206e-05 0.0002832029963434158 1.4042796086399942e-05 1.4458663658235676e-05 4.6502724996538684e-05 0.0 5.955992825081424e-06 1.4483560851613395e-05 6.346728237518378e-06 6.944497298002833e-06 6.240903417362006e-06 0.0033288158917911953 0.0016552519602768137 0.000136872292252765 7.00482945056001e-05 0.003771747606668325 1.0741572906068397e-05 4.040450408988166e-05 8.932238619648746e-06 0.0 0.0 3.711907353296136e-05 4.7967995389293854e-05 0.0 4.514791479484604e-05 9.351250375972456e-05 0.0 5.7614957043059197e-05 5.4187364776408415e-05 3.348456001438036e-05 0.0 0.0 0.0 0.0 0.0 0.0 0.0 0.0 0.0 0.0 0.0 0.0 0.0 0.0 0.0 0.0 0.0 0.0 0.0 0.0 4.8949774504886754e-05 0.0 0.0 0.0 0.0 0.0 0.0 0.0 1.0161515923377511e-05 0.0 0.0 0.0 0.0 0.0 0.0 0.0 0.0 0.0 0.0 0.0 0.0 0.0 0.0 0.0 8.679329914970252e-06 0.0 6.879384580072475e-06 0.0 0.0 1.1551033270943556e-05 0.0 0.0 0.0 3.31571297771427e-05 0.0 0.0 0.0 0.0 0.0 1.1465469788792733e-05 0.0 0.0 4.313377346621968e-05 0.0 0.0 0.0 0.0 0.0 0.0 0.0 0.0 0.0 0.0 0.0 0.0 0.0 0.0 0.0 0.0 0.0 0.0 0.0 0.0 0.00012867537228679414 3.329066411593915e-05 2.3446162410309094e-05
0.006518034693090209 0.19563562580104926 0.06985162931798228 0.0019462299827415074 0.0 0.0003469323976068375 0.19811045538906027 0.053714829349051765 0.3429625921330941 0.00888927952622064 0.10163534721296652 0.0023053276118915377 0.11925693898721666 0.34927313132359666 0.00038546417309335206 0.0005463779870829133 3.154345581441931e-05 0.0 7.090812819412798e-06 0.0 5.51098946663449e-06 7.299802256794347e-06 5.536271471374122e-05 1.3926137152575687e-05 3.21383975311947e-05 0.0 6.39421608153927e-06 0.0 6.9356766251257104e-06 6.845336792456104e-06 0.010131084333557262 0.0016073685981949067 0.0011975549443014434 6.553009025366448e-06 2.9515452459482564e-05 1.6377286696874716e-05 0.00042006956802138364 7.296394038323946e-06 0.0001150197682283404 1.3663233429380806e-05 7.204259259039858e-06 6.2281295017388345e-06 0.0 0.00020669017132665923 7.305336796638811e-06 5.265099657247721e-05 0.0013356670631055835 8.121721149911834e-06 8.682977944121934e-06 0.0 0.0 0.0 0.0 6.157132943961565e-06 0.00014037121438981677 0.0004183214857431586 0.0006013465174706012 0.00419658994694245 0.0005827561798077889 0.0006372071595035137 2.1466431249884165e-05 0.00011251661707008606 6.3117861256239175e-06 0.002140413466511909 9.9127822499903e-05 6.350148083173324e-06 1.9896584505913377e-05 0.0 6.556676433159045e-06 1.6474452171339554e-05 0.0008024792981438945 2.327733375281961e-05 0.0 0.0026624526533326493 0.0021418487348928046 0.0015882099106708449 0.0007602675148724613 0.0009635516531549508 0.00023579124836965634 0.0006695589090886251 3.704630140721052e-05 7.911753139610836e-05 0.00018777241360039583 3.855390347210592e-05 2.3698229113039964e-05 0.0001404075880988086 5.772163646127978e-06 0.0 0.0 0.0 1.0254712652183572e-05 0.0 8.894840749484714e-06 3.429185336273554e-05 2.4954795418901015e-05 0.0012062503667242934 0.0001784283173341821 2.6430859714644173e-05 0.00013016317519426977 0.000418446901884811 1.676634488794073e-05 8.117686516873954e-05 5.714166522907494e-05 0.0 3.923706306037106e-05 2.8235497587438792e-05 0.00012309742186435233 4.9007147878102884e-05 7.735783356052071e-05 0.0001393483477108302 2.254296174575029e-05 0.00019440904243022965 0.0002811674164243485 0.00011380013761205766 4.445243668901916e-05 0.0 0.0 0.0 0.0 0.0 0.0 0.0 0.0 0.0 0.0 0.0 0.0 0.0 0.0 0.0 0.0 0.0 0.0 2.814082323726319e-05 9.976254517520863e-05 1.3247008321620242e-05 0.0 0.0 0.0 0.0 0.0 6.581853163431927e-06 4.7217469347160284e-05 0.0 0.0 0.0 0.0 0.0 0.0 0.0 0.0 0.0 9.400602735928698e-05 0.0 0.0 0.0 9.073920708016649e-06 0.0 0.0 0.0 0.0 0.0 3.576201056426269e-05 0.0 4.2474978158707176e-05 7.114029884623451e-06 2.4705062873467996e-05 6.79838040766222e-06 0.0 0.0 0.0 0.0 0.0 0.0 0.0 0.0 0.00017050661088857942 2.5479684317711558e-05 0.0 0.0 0.0 8.905554231112918e-06 0.0 1.1650217030859383e-05 1.7272568279824832e-05 0.0 7.381140226294306e-06 8.46310400860614e-06 0.0 0.0 0.0 0.0 0.0 0.0 7.239438274819472e-06 0.0 0.0 0.00017342950970704608 3.7190894651909435e-05 5.865319389108513e-05
0.03172880821656009 0.03875926945148353 0.010402273873810975 0.012450209641453878 0.0003469323976068375 0.0 0.0017119007598111855 0.00026330557516468105 2.9152347597723972e-05 0.020976377758357628 0.0010792755137794695 0.0026084754445878057 0.0027423808867800504 0.0006699778733672788 4.947338635126119e-05 0.00015430435207642196 0.0 0.0 0.0 0.0 8.003902404429e-06 0.0005658555695218233 1.5665329479282284e-05 5.907495353869016e-06 0.0 0.0 6.572022378897265e-06 0.0 7.245779935057924e-06 0.0 0.010890029144760298 0.0002198485911602823 5.237985111330245e-05 0.0 1.6117138131951493e-05 0.0 0.00022649039360277356 8.318882494686526e-05 0.0004899995312164488 7.411401669709487e-05 0.0 0.0 0.0 3.950460506126824e-05 0.0 0.0 0.00034388516397488135 1.7934564938815988e-05 1.872776759289803e-05 0.0 6.484967710328261e-06 0.002322169316438257 0.0002777916315007779 2.5176139224329992e-05 7.584546241209684e-05 0.0001989332622967704 0.00437597055249202 0.0037390581082041557 0.0008082979768262693 0.00030737363408888047 5.1575165645548005e-05 5.93036781839765e-05 0.0 0.000121116067258285 2.4236389958545116e-05 2.6204220695585984e-05 8.569218539444147e-06 0.0 8.131414346096024e-06 0.0 0.0011855549185788212 0.0232108795571925 0.0006278839427539506 0.002899400582256984 0.000586915358401878 0.0003016097170233926 6.641299276080005e-05 6.998778809061457e-05 1.4214943336145606e-05 0.0002363654985425979 2.2006919470162845e-05 0.00015392332003395567 8.372873277684861e-05 0.00024323664284008856 6.6479415959322035e-06 0.00012556726695247124 2.078017398586923e-05 0.00038881209540701935 9.700476788022495e-05 0.0010121512042651588 4.326151407584946e-05 0.00017924681105251834 2.2475009572460298e-05 0.0 7.390032648589406e-05 0.00983538894140526 0.03661672976436648 0.005949834888892797 0.0021500936596280423 0.02097074511511247 1.7039660270431612e-05 0.0015084942342686186 0.0002390363553661009 0.00023088876276163944 9.886180462911361e-05 0.000124492731972153 0.000983096506607923 6.50337519065096e-05 0.0005105382613860691 0.0008777884450415664 0.0001371013109689272 0.0003806371483975126 0.0008181871472681338 0.0003472329176943727 0.00014192981134827213 1.4645826932358031e-05 2.5937781823822732e-05 0.0 1.841962491696009e-05 0.0 0.0 0.0 0.0 4.389871043466746e-05 0.0 0.0 0.0 0.0 1.4311445092159214e-05 0.00010635507403191899 0.0 7.328979513697099e-05 0.00012163967377553319 4.292127116570681e-05 0.00010992401458984794 0.0 0.0 1.0560212081501114e-05 2.8430837194627944e-05 6.125622062673586e-05 0.0 4.233782970338064e-05 7.762724753812995e-05 3.2137964903036344e-05 0.0 0.0 1.2119234401124472e-05 0.0 2.1622528624760482e-05 3.0320166510732355e-05 0.0 0.0 8.200763719395768e-06 0.0 0.0 0.0 0.00019806861786063614 0.0 0.0 0.0 0.0 0.0 0.0 0.00023830227500757725 4.6786472870364544e-05 0.0 0.00010277216341175655 2.0473507962368788e-05 0.0 0.0 0.0 0.0 0.0 9.658014261609502e-06 0.0 0.0 0.0004093072575472093 0.00018911136626023018 0.0 0.0 0.0 5.0202056193242156e-05 6.285215489710239e-05 2.3137435468347656e-05 0.0 0.0 1.692115019193424e-05 0.0 0.0 0.0 0.0 8.804972302255286e-06 0.0 0.0 0.0 8.182222235771166e-06 0.0 0.0016231377167681175 5.7579229611741776e-05 0.00021491853119964574
0.020363064705331627 0.21054522016020533 0.004107993930827733 0.036356406719489615 0.19811045538906027 0.0017119007598111855 0.0 0.0019488884716319138 0.19152278678366344 0.0743817746971683 0.00895051861467541 0.023367819993543645 0.11643399361921493 0.23434818898107462 0.00147201693045373 0.0015382651257988167 0.00014850578503205136 2.441574606271005e-05 0.0 1.8383054514762997e-05 1.7617447045339658e-05 5.137347468879994e-06 1.2684065101184774e-05 1.5266471509507063e-05 2.1272008252410144e-05 8.429254367593093e-06 2.0091956087860034e-05 1.4166589751341967e-05 3.929622120641519e-05 0.0 0.011855860347171936 0.0032181784646478227 0.0023201626063339546 4.148699690909039e-05 1.1648926413374642e-05 2.4787176473070462e-05 0.0003915322582755268 2.4245674265406054e-05 7.78582690368304e-05 5.4448802505418303e-05 5.268202710570359e-06 1.3928711120554828e-05 0.0 0.0006538509097799191 3.5074620134220434e-05 0.0002213328332424903 0.004942457391899804 0.0001232716053247918 5.654184493944994e-05 1.2371110224242359e-05 0.0 2.043752763978747e-05 2.400351392390941e-05 2.048971480422952e-05 0.000594613731340096 0.0011712422221109248 0.0019739319005941526 0.010939934532855347 0.0016767665237105288 0.0019720022758166014 9.607803137181245e-05 6.480307873887959e-05 3.9166839710366186e-05 0.005860098025541959 0.00025130088354979326 9.068017683315236e-05 2.8555753367344803e-05 1.0761706345043921e-05 5.766934852790499e-05 3.7382079478487053e-05 0.0007186166410331005 0.0001380528598891634 9.120043811251311e-06 0.010241540353367332 0.005974837832967374 0.005999634961825951 0.0026660080826176693 0.0033697074925543805 0.0004777501760241245 0.0002987890293930182 0.0001578791784120619 2.59821477687927e-05 0.0008249542994804321 9.253278023346642e-05 4.282940090487117e-05 0.0003550336461915579 1.5871015827320382e-05 5.663062866725432e-06 4.7488616259733114e-05 1.1894430054894641e-05 6.648239542536233e-06 7.059229510454408e-06 2.0331635963319952e-05 5.699588213582403e-06 6.930807257130552e-06 0.005211893916557778 0.0005454369917705178 0.0 0.0001770798841587475 0.0007701114841499327 8.850578964709644e-05 0.0001612268177975719 0.0006453988084791565 7.776560909637757e-06 7.171452092014675e-05 0.0008072619287957346 0.00019405855257923876 0.0003897811006069891 0.0009653040055167008 0.0002436543257061117 7.010237399432723e-05 0.0005725632302754541 0.00048496032784339966 0.00030219523975175274 0.00011200795632964124 1.0091113320944192e-05 6.459100131506871e-06 0.0 0.0 0.0 0.0 0.0 0.0 0.0 0.0 0.0 0.0 0.0 0.0 0.0 0.0 0.0 0.0 3.248912864626495e-05 0.0002010492509795059 7.50707619998916e-06 0.0 0.0 0.0 5.5440408529817686e-05 0.0 0.0001323226384044933 0.00010976803639361323 0.0 0.0 0.0 0.0 0.0 0.0 0.0 0.0 0.0 8.364608529568903e-05 0.0 0.0 0.0 5.2125400837739404e-05 1.6262706606754297e-05 0.0 2.8223248348518312e-05 0.0 0.0 2.749979136094268e-05 7.28761696738888e-06 0.0 0.00014156247080007614 0.00022401246423013225 8.050562296016925e-06 0.0 0.0 0.0 0.0 0.0 0.0 0.0 0.0 0.00036294109964676977 5.25954869400508e-06 5.3621750694789245e-06 0.0 0.0 3.13727057646834e-05 2.2080513734754368e-05 7.847555045084919e-05 1.1636871929795333e-05 2.5625293972126298e-05 6.177657831483516e-05 3.537386123145544e-05 0.0 0.0 0.0 0.0 0.0 2.1536047079496448e-05 0.0 0.0 0.0 0.0010677236641832774 0.00010551303284254448 0.00024651999697563513
0.006382640507641942 0.061482124579547166 0.1850292733063425 0.00010360449105737386 0.053714829349051765 0.00026330557516468105 0.0019488884716319138 0.0 0.028506145222893572 0.0009252954046383212 0.18675772210290031 0.0006209965601243077 0.005096577184706976 0.045324239458971356 0.0002379065495951055 0.0003378512728890618 0.00024258177558308892 0.00013104952709948762 2.4075195032176894e-05 0.00029028892574531876 0.0013245305525287968 0.00015865088046405207 0.003278448503816216 0.0015886815935731672 0.0021388733645283406 0.00013220153255704583 0.001393541706048514 9.640373691000896e-05 0.0005358402813549673 0.0003366627372399865 0.03899647231078926 0.022032729989545002 0.010591353102048645 0.000532173950045873 0.004323242348991819 0.0009648684569971548 0.004687477749034033 0.0019969774648327327 0.0031295363942240462 0.001227620195449231 0.0015554550465974818 0.00078335295163365 0.00039841350514299094 0.004895449174570609 4.633261105069071e-05 0.001651044855881419 0.0005826416413817465 5.680834776072821e-05 7.7466398036036e-05 0.0007732820410303228 0.000288095143446506 7.724041013931244e-05 0.00039027317662207537 0.0003381638101562926 2.0779364443145135e-05 6.227460115035131e-05 0.00025505299780414684 0.0019290764366207654 7.827187560573772e-05 9.881570187345188e-05 0.015534284063361468 0.014597751743047596 0.001006113566319119 0.0020379774309558975 5.245991881289063e-06 0.00012726305354586505 8.290573449343231e-05 0.0003159979238190004 0.001114120483453834 0.0034657209116616644 0.0032914846337674317 0.0004313357328485906 5.2251250576482196e-05 0.00042981883824091185 0.00022462264967031505 0.00026528630626297705 0.00045019077063461027 0.053314250660123755 0.15428068657686447 0.12222008328477021 0.04204930444421657 0.07838570322274709 5.037067410801172e-05 0.0 8.210123312276654e-05 3.814679649936048e-05 0.0003166958232860092 0.0 4.36995013973542e-05 1.3141942175255572e-05 0.00019153495501695813 4.790763479858114e-05 0.0018143420305070394 0.0016254115750024413 0.0008534885963320933 0.0028560394081911192 0.001176835798016 2.7760600737520996e-05 0.0031108173649448015 0.0012197070785862124 5.953808658464232e-05 0.00012130956056546124 0.0001596099473280301 2.5231110615005077e-05 5.63566112934964e-05 5.2266714731929976e-05 7.621268135932109e-05 4.797392428448088e-05 5.2773443421875855e-05 0.00018995119925347271 8.616567826182516e-05 0.0001769337711441351 0.0004239733060913589 0.0002357948668463806 0.00011845729350185667 5.609538624507052e-05 6.365442191047101e-06 0.0 0.0 0.0 0.0 0.0 0.0 0.0 0.0 2.5206365059492488e-05 0.0 7.83063797603476e-06 0.0 0.0 0.0 0.0 1.1823548315564771e-05 0.0 0.00015369295207991995 1.8106580413803458e-05 0.0 0.0 0.0 6.505819709308808e-05 2.5843787663943136e-05 0.00010094914925825106 0.00010419129907409244 1.978176024491747e-05 0.0 1.0302679633101017e-05 1.4029434997957135e-05 0.0 0.0 7.093262279624073e-06 0.0 0.0 7.468684060206534e-05 0.0 0.0 3.8036055318004734e-05 1.067531248813002e-05 2.0512043843220385e-05 0.0 0.0 0.0 0.0 8.333396951389815e-06 0.0 0.0 3.341667033720731e-05 0.0002427610856629817 3.609561435202889e-05 0.0 0.0 0.0 8.328625929997272e-06 1.4017690572632413e-05 0.0 6.808358469867816e-06 0.0 0.00020952015973573932 1.558715555737723e-05 0.0 6.68893081272326e-06 5.637404238099675e-05 0.0001285211817701836 0.0 6.790137993429912e-05 0.0 1.9704156539521254e-05 3.938860984589522e-05 0.0 0.0 1.2950629449647937e-05 0.0 0.0 0.0 0.0 1.92639973568363e-05 1.4081946754634467e-05 1.299475413053855e-05 0.0004137999343154715 7.850411892774769e-05 0.00017565233138373143
0.0010629628853713955 0.08510764481532897 0.028700559353670437 0.0007862904895619275 0.3429625921330941 2.9152347597723972e-05 0.19152278678366344 0.028506145222893572 0.0 0.00122569413973287 0.05308457744877449 0.0010343062191848996 0.06743912964018514 0.15047390595261265 0.00015282260402529926 0.0002234074223657135 1.1508369255111685e-05 0.0 0.0 0.0 1.5898520901298836e-05 0.0 2.444321770853293e-05 1.956030985696348e-05 7.23017479999751e-06 0.0 8.334763145574109e-06 0.0 0.0 0.0 0.003023549617560718 0.0006960618365154229 0.0017994666446789038 0.0 1.1558211119537361e-05 0.0 0.00030112145617823587 1.881648834011944e-05 3.15333924861937e-05 1.992625126728557e-05 5.531978472606284e-06 7.654348541794149e-06 0.0 0.0001693325588357217 5.292858155402703e-06 4.687173016998896e-05 0.0005076438985852774 1.5691875310535597e-05 0.0 6.1006689134702304e-06 0.0 0.0 0.0 0.0 3.997083336064007e-05 9.089799178807129e-05 0.0001571054401493779 0.0008289013056953696 0.00010593431626004905 0.00010051201120568428 1.3902927354355379e-05 5.561766156697764e-05 1.017576116231193e-05 0.0006331201547196374 5.14758229807767e-06 5.225389963669487e-06 9.075142531326155e-06 0.0 1.0733334076884658e-05 6.386192839735677e-06 0.0005429727437183603 2.6748568172202295e-05 0.0 0.0006934047627502689 0.0005448789009617666 0.0005468253938772993 0.0002932414249533125 0.0005367790403722016 0.00030538826568181425 0.000659023260887878 5.879317308138289e-05 9.182055171490117e-05 4.915035894123874e-05 0.0 5.547215413489371e-06 4.735797951221903e-05 0.0 0.0 0.0 0.0 0.0 9.426721461936307e-06 0.0 6.5484405107714425e-06 7.472800713342071e-06 0.0002496144040331635 9.333117200311863e-05 0.0 6.380101309304795e-05 5.694361309662412e-05 0.0 9.612773855468382e-06 0.0 0.0 0.0 3.507894835366813e-05 1.0442155463201089e-05 8.09882819247044e-06 8.336982968890579e-06 1.848315003973373e-05 0.0 6.7354114518827465e-06 1.4423227875463982e-05 3.023332161595122e-05 1.0975160136825576e-05 0.0 0.0 0.0 0.0 0.0 0.0 0.0 0.0 0.0 0.0 0.0 0.0 0.0 0.0 0.0 0.0 0.0 0.0 0.0 0.0 0.0 0.0 0.0 0.0 0.0 0.0 0.0 7.985140004297993e-06 0.0 0.0 0.0 0.0 0.0 0.0 0.0 0.0 0.0 2.2335959103528245e-05 0.0 0.0 0.0 0.0 0.0 0.0 0.0 0.0 0.0 0.0 0.0 0.0 0.0 8.85107602684904e-06 0.0 0.0 0.0 0.0 0.0 0.0 0.0 0.0 0.0 3.3755955458022885e-05 0.0 0.0 0.0 0.0 0.0 0.0 0.0 0.0 0.0 0.0 0.0 0.0 0.0 0.0 0.0 0.0 0.0 0.0 0.0 0.0 8.888759925752939e-05 0.0 0.0
0.049652253365175134 0.10838011495512528 0.006133267372532793 0.1138125971053563 0.00888927952622064 0.020976377758357628 0.0743817746971683 0.0009252954046383212 0.00122569413973287 0.0 0.0029163393423043815 0.10710570399540564 0.1918351132166102 0.0456863791379669 0.00045237996843144917 0.0007120723737126495 8.159922264741669e-06 0.0 0.0 0.0 7.568665881001718e-06 6.180634778300418e-05 1.1644064796835846e-05 2.0644540940262013e-05 0.0 0.0 0.0 0.0 1.1430150277866513e-05 0.0 0.006418197305181471 0.000540506630956481 0.005712410632490379 2.5610266320565058e-05 0.0 7.947790580736242e-05 0.0018053714023152777 5.692878456059826e-05 0.00026878879746121875 1.8888863203731577e-05 0.0 0.0 0.0 0.00033412130745233865 1.06124191090501e-05 7.486327682951086e-05 0.0026283880169569373 5.8387282602820704e-05 0.0 0.0 0.0 0.00012566424639198334 7.692540742449169e-05 0.0 0.00029720180436834355 0.0005077632714977614 0.0025192911539777194 0.00842212934662781 0.0017430808491521938 0.001093353084836986 2.5002116122144038e-05 0.0001723297858848044 0.0 0.0012044875886537325 8.859225375158366e-05 3.131000665647863e-05 6.9621367058929865e-06 6.03856860526964e-06 5.547442143588041e-06 0.0 0.010694187528064723 0.0013710289972680239 1.8167265112285424e-05 0.008089527174922971 0.0022188329240332406 0.0019592623101189095 0.0007784637481461143 0.0009163949237353989 0.00011056332903411764 0.0002503526629111337 4.6225045059648394e-05 0.00010146205731231776 0.00039511765517531825 7.624438869158128e-05 3.098958809598895e-05 0.00019489600684430934 5.274232374690129e-06 2.5859512462111186e-05 1.6992767835152745e-05 7.415235346241102e-05 7.857643565543706e-06 1.1044119999442992e-05 7.672094532209321e-06 6.055732751991426e-06 5.690006541476666e-05 0.04490928720477988 0.02286966834577901 0.0003560086960740941 0.0027003462460875242 0.015672331085435053 0.00037531002202245315 0.0037240205628778006 0.0015477782159254332 0.00046118810768809555 0.0007706271681943102 0.0019174416425657423 0.002351875313744702 0.0020860900195898906 0.00263070919637897 0.0027848037829034424 0.0008479655649779959 0.004322313558347469 0.005683464182467879 0.0025267891527378395 0.0014943749603758588 0.0001487004928955468 3.8985412998419806e-05 0.0 0.0 0.0 0.0 0.0 0.0 0.0 0.0 0.0 0.0 0.0 0.0 0.0 0.0 0.0 8.423262491823098e-05 0.0 0.0009443140998915029 0.00022745151702501838 0.0 2.8124806790549418e-05 0.0 0.0006630364558197828 1.0884912837166319e-05 0.00036761000868228193 0.00030099424848123115 0.000101452097659821 0.0 0.0 7.513463400033755e-06 0.0 8.039834183514835e-05 0.0 0.0 6.354748572525833e-05 0.00030553835374014373 0.0 0.0 5.790542349168925e-06 4.098198177546716e-05 0.0 0.0 2.1503710425872614e-05 0.0 3.742739546132773e-05 6.379646201922977e-05 0.0001784336643856757 0.00011719979411443574 0.00016527813584527674 0.0018017138611577006 0.00027759170884501306 0.0 3.165835468318272e-05 0.0 9.112366962654023e-06 0.0 0.0 0.0 0.0 0.0025109264987940726 9.508558237653343e-05 0.0 0.0 0.0 0.0006496699011468424 0.00011431638557488552 0.000821096586167089 0.00015909634018949247 0.0003432217967615117 9.606364127753725e-05 0.00012042313792820409 0.00014661487926350875 1.4348920476886894e-05 0.0 0.0 0.0 0.0 0.0 0.0 0.0 0.00780719664568856 0.0010862403634950902 0.0014519658676583887
0.011135302896494219 0.10477175383633176 0.1873846151367765 0.0005097379656649472 0.10163534721296652 0.0010792755137794695 0.00895051861467541 0.18675772210290031 0.05308457744877449 0.0029163393423043815 0.0 0.012806210382595875 0.04871939227605972 0.16680147770547038 0.001218595509085247 0.002382832569062795 7.454318964378072e-05 4.160209392445714e-05 2.5484765397358685e-05 5.854136799030433e-05 0.0002176167845767381 0.00042717576457488443 0.0008936213362996887 0.0005447825823339097 0.0012089692946889083 7.639377766543987e-05 0.0005613196551299583 0.000132290205342131 0.0007055498870156518 0.00022796748205968891 0.04563347793407229 0.01645845823679293 0.1125710181061795 0.00018079080329825036 0.0011143823014886716 0.0013734049019719918 0.04024816718676775 0.004740026119715503 0.0091955319756114 0.001479930459597334 0.0004501279741487349 0.0005472725138677999 9.471937790116094e-05 0.0012833635996879606 8.973309711197656e-05 0.00042586370607737377 0.002708106219365007 2.0446322635965386e-05 9.72395909838063e-05 0.0003765436338436879 0.00015122124325101137 0.00012637555345617317 0.0003038851672130668 0.0003727717494998759 0.00016116204565925555 0.00023396172783746467 0.0007733019869809472 0.00510735890579682 0.0005259695477520667 0.0007501928191360983 0.001390062571926164 0.02691114303172676 0.00027812260366910825 0.006260720366312023 7.034689271642286e-05 7.014472310724431e-05 1.4230089681882428e-05 0.00011193019807958376 0.0002619199563152005 0.00046757188352684344 0.03316178537402084 0.0006317991839851713 3.0407556914255155e-05 0.00246729001964376 0.002321633333751991 0.003069533393211886 0.0022002150381789736 0.004320780767440651 0.0141629417091097 0.09499593568199877 0.00494546025474213 0.04111090618169938 0.00021419314749069742 1.7989632738229616e-05 5.5294573114236315e-05 6.68042237819783e-05 0.00012260731471918274 4.671452966597872e-06 7.377677650736151e-05 1.7719154873234274e-05 0.00014327828667225063 7.188831341650587e-05 0.000485979662280614 0.0009884467633287746 0.0011187751157601203 0.01301400302176033 0.005049110657191086 8.373029275744203e-05 0.011179634380911515 0.002007527916377272 8.116464887350862e-05 0.00026862386245715453 0.00043020551382807776 6.698003407932238e-05 0.0003258378366624625 0.0006029657564945285 0.0003904526378553673 0.0002959258584526384 0.0004237252493138988 0.0006267196420331998 0.0005126585971824272 0.0010124197476573252 0.0013254234495699824 0.0010681630695368307 0.0005376963094455965 8.510052593497052e-05 3.210665773971094e-05 0.0 7.807837067137694e-06 0.0 0.0 0.0 0.0 0.0 0.0 1.3435869649152513e-05 0.0 2.3269700990630397e-05 0.0 0.0 0.0 1.6494705757888737e-05 3.978029287387277e-05 0.0 0.0006185522255635514 0.00017751453932294748 0.0 3.027864292791815e-05 1.1021970212880574e-05 0.00027252509341546186 7.798843052317614e-05 0.00023951629114712182 0.00040997195510427754 5.434071474446943e-05 0.0 2.1186947161524965e-05 1.5444193025311063e-05 0.0 8.081782255458213e-06 1.3118418443052491e-05 4.10816141509201e-05 3.07086665969401e-05 0.00019918873818690368 0.0 1.903573779893185e-05 8.809462333354597e-06 5.291831668793594e-05 2.3037081238520746e-05 0.0 0.0 0.0 0.0 3.856067630710467e-05 0.0 0.00015915150488211066 0.00011795601893039548 0.0010989881668840987 3.77247636129186e-05 0.0 0.0 0.0 1.6472449388801298e-05 2.3298757324813856e-05 3.02342241761517e-05 0.0 0.0 0.0011704171420770088 6.3499242598707905e-06 8.964978833469586e-06 0.0 0.0 0.00026445896619506435 0.00012183081645356683 0.0003000198298579227 4.383178823614194e-05 0.00021164359320784726 7.80137109291779e-05 6.2197099667285905e-06 2.7764568998713754e-05 3.169129255914085e-05 0.0 0.0 0.0 0.0 0.0 0.0 0.0 0.0018995253046921023 0.0005909523251125894 0.0008915436044453755
0.007045172745759175 0.022643001519824523 0.001865659793541081 0.05774092933135818 0.0023053276118915377 0.0026084754445878057 0.023367819993543645 0.0006209965601243077 0.0010343062191848996 0.10710570399540564 0.012806210382595875 0.0 0.07023549774574706 0.0279292903581066 0.0013200250471002506 0.0029718505957541117 0.00011272447721716844 6.295417472111569e-06 1.2071163260012133e-05 0.0 1.3514314387564311e-05 9.143542351221208e-06 9.017260468786083e-06 3.0368841296509106e-05 3.6672027181296273e-05 0.0 8.598489007609682e-06 6.331898732560465e-06 6.151148044502301e-05 0.0 0.0024909925716471216 0.00192746453531922 0.016672658348967175 4.2931617422089725e-05 1.960539184271514e-05 3.377082468919467e-05 0.00976495135471151 0.00032007589718727967 0.0008355706766768886 0.00025213497804299576 0.0 1.9839452881242623e-05 8.475448202867088e-06 0.0010657316164431547 1.580163690159324e-05 0.0001715157550674702 0.0020326785426519095 1.1929364415332732e-05 1.6386736691115458e-05 6.010474905073483e-06 0.0 9.213736633264723e-06 8.917337026146645e-05 1.1263912544666961e-05 7.447754740448749e-05 0.0001758155431421526 0.00036490146185560313 0.0017831923365643015 0.00045212546631802174 0.0004989575225964715 0.00013154717302043802 0.0033356201037163737 1.8846136207316742e-05 0.0019348795997942946 5.012201756161534e-05 1.5872438219563328e-05 0.0 2.5713274455264877e-05 3.707738038703917e-05 6.105966161856732e-05 0.013241577816978442 0.00037465478511787813 0.0 0.001842211441344349 0.0015582845156589852 0.0022994070742278685 0.0015848894944000876 0.0025971763200836697 0.0004345733548449829 0.0030162826388459006 0.00018925440340006384 0.000908481112148104 0.00016542715759389003 4.394541877285767e-06 1.085069887770413e-05 7.822829401125867e-05 2.6325085763420193e-05 0.0 2.551408285872843e-05 2.0271333508529973e-05 5.143620334943211e-06 0.0 7.3790371592893335e-06 2.1954760404750116e-05 3.8391078802037e-05 0.05166619197674571 0.003816059535614615 0.00016931386086957174 0.001737218680923884 0.0005655130641553542 0.00023713135502755696 0.0011781122012676306 0.0007966998742899486 0.00018135391220606563 0.000451776000628203 0.0006968744342822621 0.0010202835342520383 0.0008352979760817808 0.001064526101228912 0.001794725821506967 0.0006102025956091357 0.0011867048374412195 0.00248150042983133 0.0013467613229160567 0.00044157989770652576 0.00011673318696263404 4.161007744004686e-05 0.0 0.0 0.0 0.0 2.4209187675830912e-05 0.0 0.0 0.0 0.0 0.0 0.0 0.0 0.0 0.0 0.0 0.0 0.0 0.0007067478847706186 5.083997004623992e-05 0.0 0.0 0.0 0.0003456990953593913 2.3930727264177885e-05 0.0002477292047899034 0.00016829508841294377 1.4771166528378814e-05 0.0 0.0 0.0 0.0 0.0 1.9960381898591837e-05 0.0 7.28193611880552e-06 0.00012019088007221341 0.0 0.0 0.0 9.732833740772692e-06 0.0 0.0 0.0 0.0 0.0 3.4446035158957704e-05 4.087449620578463e-05 0.0 0.00011887375745136649 0.0004985913413754681 5.766991583761769e-05 0.0 0.0 0.0 0.0 0.0 0.0 0.0 0.0 0.0016029485855164722 9.092183139212127e-06 0.0 0.0 0.0 0.00033278527757601983 0.00010000918052935787 0.0002960432862340409 4.821981210755696e-05 0.00014387646316866027 6.3577544904109e-05 7.600919206469637e-06 0.0 0.0 0.0 6.667306187329552e-06 0.0 0.0 0.0 0.0 0.0 0.004484593251618412 0.00030780321253362746 0.0006631352917330944
