0.0 0.13346786459264623 0.012193863271994572 0.1000962250179261 0.0017786981499797567 0.004904998246043542 0.028132335093066646 0.002808695293475688 0.000343875927989345 0.0918505594188805 0.0027010559500366487 0.003196474685362988 0.0062507164275903086 0.002100307893615305 7.5818117287915245e-06 2.0988043126305905e-05 3.26914979811967e-05 3.1776781817060664e-05 1.1454589638169575e-05 5.516287655239396e-06 0.0 7.4269383185688126e-06 0.0 1.3119985858720635e-05 0.0 0.0 0.0 0.0 0.0 0.0 0.06080736471085916 0.0040166856732231256 0.00036974947172750276 3.9990624226263854e-05 0.0 8.78892296705377e-06 0.00010905058328604702 2.8752612887189627e-05 0.0 2.3112248424171816e-05 1.879129703155579e-05 5.196922179746121e-06 0.0 7.445510801572347e-05 2.408638789634131e-05 2.830594816235996e-05 0.0008053007733131039 0.0004595349448274282 0.00018224019495544566 5.1466753503998385e-05 0.0002424108568606067 2.322825375869969e-05 6.951590790002036e-06 1.140455470100587e-05 0.0009500647624218535 0.002637332513013549 0.0423111248246961 0.0867593284788397 0.0066228486064183615 0.0009435911170938266 8.263862233167228e-06 8.067554525944745e-05 6.263194995934684e-05 0.006777598369150627 0.0013733855790919126 0.0004501582459586403 0.0001344098965628994 0.0004520724008350471 0.000128531069375344 2.1758030935696473e-05 0.0002766097387174059 0.0 6.760715688904343e-06 0.02796355741003968 0.011562857664074907 0.0016338914192053884 0.00018427587071579422 0.00030887017033277386 0.00013111704183916634 0.0005701181961159792 2.542088291539576e-05 0.000187013942421153 0.0021604534235501846 9.321407868164065e-05 0.0005722155362925639 0.0008093853670705877 0.0002541735667290871 2.8034083729603406e-05 0.00027974708169034693 1.2163046232405816e-05 0.00014688581523036832 7.162860001360453e-05 3.9349354770043636e-05 6.41365791341135e-05 6.561487343036727e-06 0.0050697215816925345 0.0005777146850670592 5.6826543720439746e-05 0.00010022248280693891 0.07955586793472065 0.0 0.0003566637108621495 7.759867762693083e-05 1.1680614967841885e-05 8.957012793546127e-05 0.0005444329823136313 0.00016625715891472576 0.0006242212147138259 7.529735843666182e-05 0.00023750944128102852 0.0 0.0008451056993495484 0.0003477366768164048 0.0001387045274217344 3.2200399424696704e-05 0.0 0.0 0.0 0.0 0.0 0.0 0.0 0.0 0.0 0.0 0.0 0.0 0.0 0.0 0.0 0.0 1.3289121518630546e-05 0.0 0.0 9.118521871818996e-06 0.0 0.0 0.0 0.0 8.682843674685797e-06 0.0 6.486807131852667e-06 0.0 6.089584087060456e-06 0.0 0.0 0.0 0.0 0.0 8.568678564335389e-06 0.0 0.0 0.0 0.0 6.037414858715422e-06 0.0 0.0 0.0 0.0 0.0 0.0 0.0 0.0 0.0 0.0 0.0 0.00016286138073964176 0.0 0.0 0.0 0.0 6.510897572135768e-06 5.382797117154493e-06 7.203585719835767e-06 6.35753394494507e-06 0.0 0.0 0.0 0.0 2.976371514727111e-05 7.012883933838085e-05 0.0 0.0 0.0 0.0 0.0 1.0106910785879356e-05 0.0 0.0 0.0 1.4541078487293267e-05 0.0 0.0 2.8774612582798946e-05 4.403447279742217e-05 6.512296183495589e-06 0.0 7.43750136928725e-05 1.83152348279535e-05 1.2884359804915345e-05
0.13346786459264623 0.0 0.09984405136759004 0.08971707976361086 0.1623048128569966 0.018742031990497652 0.1807760809651105 0.08499641306274917 0.11879844989686499 0.08648275469211894 0.11141750754153601 0.01256018930019459 0.06668726356515739 0.11637060237440264 0.0003453399134155329 0.0005538145901545986 5.095965544831626e-05 0.00013943764312241105 2.911050728793078e-05 6.696634287806089e-05 0.0 5.554075265235383e-06 7.825980582752501e-06 1.2998716519898926e-05 0.00013731516380317927 1.317340410336429e-05 0.0 1.5493994416311372e-05 3.640133049478965e-05 3.076441132898605e-05 0.24076464190784538 0.02609213930359934 0.009594561791904911 8.619936031274908e-05 3.2290395198738586e-05 0.0004054313242631536 0.0006663207819555307 0.00039327634899168654 0.00016785756632742386 5.994748707864111e-05 3.4576576598362944e-05 0.00010867980731606356 6.724961342192187e-05 0.00016429813627850883 0.00011876781379455199 8.263501463160059e-05 0.0072471889013624585 0.0009820956368296317 0.00023242982878178905 0.00020086539228713493 0.0005213952803872499 6.0721692751520844e-05 0.0 2.070001166839116e-05 0.0010807881330743073 0.003193229792250348 0.017163659673645693 0.06769600637248566 0.005727015065049489 0.004522231708834799 1.759121471192239e-05 0.0005551999920655913 8.510640445091198e-05 0.033089243368908415 0.0019103409621047261 0.001070991373322926 0.00032678765955784463 0.0009322157390651847 0.0004910717789840441 0.00014251863230378836 0.00115294746357708 1.401910904313023e-05 1.2721122391373789e-05 0.026497403577824145 0.027614387640201847 0.015943417900511347 0.0033937273938086693 0.002629715702700491 0.0007736913491776656 0.018575691057836338 9.087398824261708e-05 0.0017212472138924838 0.003802583702633358 0.00014960197484544478 0.0008021848285816559 0.0010738142720880376 0.0007420010340744445 2.108593260138519e-05 0.00043971918905346053 5.1066370519694314e-05 0.00029879288141825884 7.031329773351454e-05 0.000723313027309527 0.00014680787364192542 0.00017823109444805706 0.001973771456648485 9.82295948202757e-05 6.786588462125473e-06 0.00036847155335566835 0.047162760513369824 3.3183032002772107e-05 0.0004607652448371115 0.00044857592366667965 0.00011836755120353346 5.954501386197511e-05 0.002065007512071889 0.0002873216442064126 0.0019495655612537862 0.0010000465344229756 0.0011170913789032017 0.0004070053373691638 0.003293401321032659 0.002052645822553752 0.002080352089199217 0.0009850698059157012 0.0 3.145971687794514e-05 0.0 0.0 0.0 0.0 0.0 0.0 0.0 0.0 0.0 0.0 1.528061448011689e-05 0.0 0.0 0.0 0.0 0.0 0.0 0.0001352239565117918 1.875101343820997e-05 0.0 0.0 0.0 0.00015961284816359497 8.565853369388557e-05 0.0006448052543479597 3.9208922918656824e-05 0.0 0.0 0.0 0.0 0.0 0.0 0.0 0.0 0.0 3.527445395282618e-05 0.0 0.0 0.0 0.0 9.863565729378676e-06 5.966239885232423e-06 0.0 0.0 0.0 7.216995533830077e-05 1.4965614926238411e-05 0.0 0.0 0.0013120374749525441 2.1958816709598468e-05 0.0 0.0 0.0 5.2949714961236745e-06 1.2427453966135926e-05 2.364611477419484e-05 4.5353977571645714e-05 6.840250567211356e-06 0.00020490692162253277 8.727811950081617e-05 0.0 3.04292051709852e-05 2.989326959338623e-05 0.0005235656557416573 8.932723576263897e-05 0.0005089719131327686 0.0 8.676400738354892e-05 6.486174939025554e-06 0.0 0.0 1.3515007499478725e-05 4.283855608546888e-05 2.0680674969795884e-05 6.024466688932228e-06 4.488666411756418e-05 2.4420274851319614e-05 2.05246421978489e-05 0.0 0.00046306661013544736 0.0001795021242747106 1.373427031268596e-05
0.012193863271994572 0.09984405136759004 0.0 0.009762956490058114 0.04294560334446349 0.0006994419497404436 0.004093212303971893 0.16419062818834204 0.03089885352988518 0.001305834239603922 0.10179079419709233 0.005543785737815483 0.014708899598533828 0.06694997647137559 0.00025187915657647324 0.0005850150890178888 6.821556205217896e-05 0.0003547027112144902 6.514090197143876e-05 0.00010511379713370335 0.0 0.0 0.0 1.657722916072989e-05 0.0006528067222329808 3.6444849849801635e-05 0.0 5.211212094273406e-06 5.733048952128782e-05 0.0 0.16381663178198924 0.04066890418814672 0.014463634035002067 0.00021219460025923538 7.948300980572672e-05 0.00112846846702881 0.0002985803088855454 0.0005776240043320693 0.0001242097337488379 7.266237719631816e-05 8.579038995715807e-05 0.0001085403263154767 0.00029446716040228756 0.0003349248403897707 0.00018390965841980105 0.00022334408154848037 0.0029653035755540153 0.0005061040564409606 0.000332838977535638 0.0004936720065251877 0.00014384632330911764 3.096166112647578e-05 0.0 6.373111965165396e-05 0.00020647444732354312 0.0005255102122280693 0.0033779049680463073 0.02010888033355273 0.0012208655937611462 0.0011754968549480681 0.000456941167292519 0.002178417628443921 8.580254250663286e-06 0.019428257837503307 0.0003731750654278318 0.00039754862973360446 0.00014299341936318752 0.0007358158403000526 0.0018370953757545353 0.00033268640440563713 0.0007583504822127806 0.0 1.825099399540647e-05 0.005684395130875098 0.008503028190255139 0.005805551019773801 0.0023142257516204395 0.004359893353926361 0.002217176047372718 0.05507136683790938 0.00048778501974674294 0.010451241843522287 0.0009280691181746726 2.1704598346320913e-05 0.00022857254267054638 0.0002800695661204038 0.00036095089680513066 2.1889186356353512e-05 0.00012918057373229595 4.90046370415456e-06 0.0001114317785543174 5.071685036850907e-05 0.0018792702912620812 0.00011885951505475386 0.00017872267662694672 0.0007456367478706448 0.00012221483596277374 0.0 9.121312998027583e-05 0.003317079773443352 0.0 0.0 6.439980906289261e-05 1.1109053223956483e-05 0.0 5.7701080546692134e-05 8.866454193702084e-06 0.00018009249503598217 0.0 3.909198978736242e-05 2.8017225595754957e-05 0.00020364318916591938 0.00030027499602400357 0.00034736996911484945 0.00010049611778946088 0.0 0.0 0.0 1.2441708531145327e-05 0.0 8.596015012521727e-05 0.0 0.0 0.0 0.0 0.0 0.0 8.184545599709773e-06 1.0215531145040263e-05 0.0 0.0 1.3416695367120369e-05 0.0 0.0 0.0 0.0 0.0 0.0 0.0 3.4116632237980926e-05 1.2747787198720297e-05 0.00031277337444312616 1.2997751836678947e-05 2.0025870746720308e-05 4.210528412967695e-05 0.0 5.794687137998102e-06 0.0 0.0 0.0 0.0 0.0 1.4081278598853912e-05 7.491790339156971e-06 0.0 0.0 0.0 1.6247526768970273e-05 0.0 0.0 0.0 0.0 2.373801686064328e-05 0.0 6.622540058919965e-06 0.0 0.0002653442044486307 7.807257121445764e-06 0.0 0.0 0.0 0.0 6.673437216932971e-06 1.7691534082122417e-05 0.0 1.571965907843887e-05 6.556487999046367e-05 9.641919129117503e-06 0.0 0.0 2.611592564837406e-05 8.215865272556401e-05 0.0 4.686837602114514e-05 0.0 7.85201217264819e-05 2.2830052710579313e-05 0.0 1.4156687317493526e-05 5.870392997512697e-06 0.0 0.0 0.0 6.103707500235382e-06 1.0668784712616696e-05 5.473829810387684e-06 6.2386627379091975e-06 0.00017544588339213002 3.146143465958964e-05 2.1086341938556074e-05
0.1000962250179261 0.08971707976361086 0.009762956490058114 0.0 0.0021007867176921088 0.022475132093153403 0.054019665957775666 0.0002461939248659571 0.00037561837184827465 0.06439499092053094 0.001136416716983122 0.007291945238467635 0.031542423761220476 0.0038787021852870595 0.0 1.941335274402556e-05 1.9761455328312404e-05 7.3009890109661705e-06 5.5933788060056235e-06 1.6130710444778443e-05 0.0 0.0 0.0 0.0 8.51752678733124e-06 0.0 0.0 0.0 0.0 0.0 0.013270193727376506 0.0020808972550994784 0.00023559867739677951 1.6788267831754265e-05 0.0 2.2693826939509027e-05 2.6387155839056086e-05 6.915852427419706e-06 5.6655343443760575e-06 5.0113448955245824e-06 7.912926564331003e-06 2.3668356280998974e-05 9.307670481970689e-06 4.425289285763054e-05 1.3658122328041867e-05 3.160443011949094e-05 0.0007641507863379398 0.0002886722883197104 2.8492416869206436e-05 3.571393504084727e-05 0.00015400729221714553 2.8735443780046153e-05 0.0 1.362922384101447e-05 0.0004937734975525965 0.0013061915561168925 0.0069319475086243275 0.015529072656873585 0.002355327031570764 0.0008746336880298912 0.0 0.0 0.0 0.004525744239295092 0.000798230366133434 0.00034705207704824656 0.00011092951774715526 0.00022231953417611793 5.5149050280094016e-05 0.0 7.351173235803964e-05 0.0 9.070041801130397e-06 0.011529990643441927 0.006616583251208266 0.0017308301177699592 0.00013473793086726433 0.00012802848325015487 7.186736090364086e-05 0.0001085270564138496 7.49022368950923e-06 5.6534207306020756e-05 0.0012325471365257543 8.34225281171846e-05 0.00019719719740711635 0.0003825076552706644 0.00015683111365590518 5.927425602282194e-06 0.00013131374602453217 0.0 8.084043692796369e-05 1.900549308053276e-05 8.65858365917922e-06 2.3171235498662088e-05 6.516842592576345e-05 0.00010093099524316721 0.0 0.0 0.0 0.026645727528249195 0.0 0.00010271892416357049 0.00012409419308116108 0.00011516330030253654 5.4789866390417817e-05 0.0009685795340074106 0.00019243353480024344 0.0007024041875957586 0.00039148541587457486 0.0006102473535659011 5.502404721248463e-05 0.0013568412721155065 0.0006357275729524712 0.0006140031230341423 0.00010638419681677711 0.0 0.0 0.0 0.0 0.0 0.0 0.0 0.0 0.0 0.0 0.0 0.0 0.0 0.0 0.0 0.0 0.0 0.0 0.0 0.0 0.0 0.0 0.0 0.0 0.0 0.0 3.489919218025428e-05 1.183744284778537e-05 0.0 0.0 0.0 0.0 0.0 0.0 0.0 0.0 0.0 0.0 7.34802282529258e-06 5.646196108845227e-06 0.0 0.0 0.0 0.0 0.0 1.0113601578684953e-05 0.0 7.306192050149441e-06 1.0226123704921457e-05 0.0 0.0 6.958803065043221e-05 0.0 1.2187059825910907e-05 0.0 0.0 0.0 5.750769204364159e-06 6.059271107005784e-06 0.0 5.3372162192443664e-06 1.5653841862318878e-05 0.0 0.0 0.0 1.279716945058276e-05 7.531175286280724e-05 0.0 0.0 0.0 0.0 0.0 2.0451376479692115e-05 0.0 5.176924086548093e-06 7.294693210599561e-06 0.0 0.0 0.0 0.0 0.0 7.0944484380147654e-06 7.219633068945006e-05 0.0 0.0
0.0017786981499797567 0.1623048128569966 0.04294560334446349 0.0021007867176921088 0.0 0.0005409391763392677 0.052892160327082605 0.022122865214241724 0.10263612975847503 0.04382982922714632 0.07739448901980725 0.0036624302978619933 0.024087676115255273 0.07591720494412489 0.0002091755500932478 0.0003555235316306003 1.644334209327044e-05 6.057305366424233e-06 2.7225854401914725e-05 1.1583336168491865e-05 0.0 6.503136559868395e-06 0.0 0.0 0.0 0.0 1.3009064194714191e-05 0.0 0.0 0.0 0.010972448758624213 0.004832750387027875 0.0022590476337904066 3.724694782922865e-05 1.6860981277733065e-05 1.215844772120957e-05 0.00010507653925416382 5.5568673648364915e-06 2.058818936014641e-05 0.0 5.502599194828019e-06 3.9527163357320004e-05 4.858410585667045e-06 7.263638966524182e-05 3.4953721629307995e-05 2.226950413460676e-05 0.003703424076342245 0.0003083044033482624 6.732859551573905e-05 3.493233056018053e-05 9.063535133204924e-05 2.311213776481148e-05 0.0 0.0 0.0002548265589051372 0.0006795827427489406 0.0017013763876681449 0.006218224705104039 0.0009938485687140774 0.0015690000587023172 0.0 0.00030516478468606853 8.52528728728676e-06 0.01113595138320448 0.000470709705632768 0.0002796919466886824 6.304145209464168e-05 0.0002511478073270672 8.205228910011743e-05 0.0 0.0008431670892668192 1.914680918217857e-05 1.899129896832206e-05 0.005062414262556308 0.0077799364898632805 0.008367984444560907 0.0022518435388325887 0.0008819379312457502 0.00018724500838715114 0.0019323176339070402 3.866302390013265e-05 0.00026672808581804244 0.0010358187213708034 2.7564871647793124e-05 0.0002983495738730046 0.00022511462004301953 0.0001274182911432746 5.685328025144573e-06 0.0001556508885437101 2.0727202107699266e-05 7.220856162263847e-05 0.0 6.030223793384972e-05 1.2830503021325164e-05 3.314640221756483e-05 0.004388002610711151 0.0007954867076673138 0.0 0.00022135972816498322 0.00032049671846916565 1.1780222736877523e-05 4.651171116885218e-05 0.0004288863692577465 0.00013860534384691343 0.00016500425929225274 0.0021124400699846714 0.0002496734711521929 0.0019269068958137122 0.0007054064037065553 0.0011774395947766476 0.0007541573290612463 0.004489089443023138 0.0033411696076615315 0.00415468496341831 0.0018329597439532786 0.0 0.0 0.0 2.914598898227455e-05 0.0 0.0 0.0 0.0 0.0 0.0 0.0 0.0 0.0 0.0 0.0 0.0 0.0 0.0 0.0 9.164588953678014e-05 5.1716810870402505e-05 0.0 1.0540356327955375e-05 1.5823795684258696e-05 0.0005329667826642397 0.00028358239116001366 0.0018846800559628879 0.00011286919292622798 3.161583930446648e-05 0.0 0.0 0.0 0.0 1.4583411840364599e-05 2.7415442575636645e-05 0.0 0.0 0.0001304571570194405 0.0 0.0 0.0 0.0 0.0 1.3475709594138869e-05 3.127331067314478e-05 0.0 2.626802335297497e-05 1.307894148227249e-05 0.0 0.0 0.000122245349769075 0.004089516274164255 0.0002606867697045632 0.0 6.077818845346796e-06 0.0 0.0 7.673342389146235e-06 1.8357327906765584e-05 5.1693044723522614e-06 0.0 0.0006106643344296321 0.00011392252812625753 0.0 5.9426238457255825e-06 6.606881759432209e-06 0.0018224811913903835 0.00036377500821239934 0.0011971502800002868 0.0 0.0002284245516577625 4.340370163570211e-05 5.175118187264807e-05 1.298421604519989e-05 0.0 0.0 0.0 0.0 0.0 6.9859879201521296e-06 0.0 0.0 0.0017106681334484646 0.0006990897978432676 0.0003018515604430437
0.004904998246043542 0.018742031990497652 0.0006994419497404436 0.022475132093153403 0.0005409391763392677 0.0 0.009319448468978635 6.866271193633382e-05 0.0001649685941902655 0.058687735713933716 0.00013865077156357934 0.011357310508378408 0.011082275991310673 0.004942925670555133 2.5096452724919634e-05 0.00010833969628437817 0.0 0.0 0.0 0.0 0.0 0.0004397372311400022 0.0 0.0 0.0 0.0 0.0 3.456178205666004e-05 3.126717317714087e-05 0.0 0.003505621331447511 2.134916816559469e-05 0.003156735586276589 0.0 0.0 8.622622440940649e-06 0.0013275018013894243 0.00010305593314698347 0.0003495506224696601 1.0005277335775318e-05 1.861661559583267e-05 4.592418834917366e-05 3.027301768085848e-05 8.718650174744632e-06 0.0 2.3953691953941054e-05 0.00016886585292155893 0.0 0.0 9.188056935059217e-06 0.0001435841174917335 0.0008383371734664392 0.00032925035339575624 6.14672601917947e-05 7.221625757130047e-05 9.049447786784483e-05 0.003357653145230509 0.0017212153752477295 0.00030146253233865873 0.0 4.4348122921878754e-05 0.0008043045757417735 0.0 2.1623501941484697e-05 4.481123644338599e-05 0.0 1.0259467009589076e-05 3.3116512919412936e-05 3.19049245878637e-05 9.588570046574052e-06 0.006083141847473667 0.008068765038933709 0.0004443984334254397 0.0006396821537447313 9.136425429235528e-05 0.00014837013943713677 7.920771288355223e-05 4.1605297987143924e-05 0.0 0.00048400613220611643 1.7222322000312138e-05 9.066426313918484e-05 5.86060589432744e-05 0.0 0.0 3.13165723352945e-05 2.145777008152887e-05 0.0001825444344234669 0.0001446451783545125 0.0004692873040474099 0.0005052249257143188 0.00031616132090690703 5.410987794125211e-05 3.06056156592136e-05 0.00011396554541565316 0.019511994125891993 0.023646319142053222 0.0017710098091487897 0.0032777284467849846 0.011893744281077671 0.0 6.7410787755629715e-06 0.0 9.812224909300614e-06 0.0 0.000133090489127928 2.9053808710489713e-05 0.00013909826674592346 9.779129563570048e-06 3.156968308034497e-05 0.0 0.00011450018843044597 2.4912459508948857e-05 6.0844098398033417e-05 9.90930493165151e-06 0.0 0.0 0.0 0.0 0.0 0.0 0.0 0.0 0.0 0.0 0.0 0.0 0.0 0.0 6.6304378584522e-06 0.0 0.0 0.0 8.265803895091673e-06 0.0 6.119509759353947e-06 0.0 0.0 0.0 0.0 0.0 5.93482169481638e-05 2.5339277272577246e-05 5.7868585005660775e-06 0.0 0.0 9.15767171903321e-06 0.0 0.0 0.0 0.0 0.0 0.0 0.0 0.0 8.679413234515335e-06 7.568665294321058e-06 0.0 0.0 0.0 0.0 0.0 0.0 8.25182956466609e-06 1.0190065147430742e-05 0.0 7.015278684365681e-05 0.0 0.0 0.0 0.0 0.0 0.0 0.0 6.023724861368485e-06 0.0 0.0 3.4960757207990934e-05 0.0 0.0 9.424500126270706e-06 9.295001009835754e-06 6.75224666165555e-06 1.9810635216992767e-05 0.0 8.449555299867637e-06 0.0 0.0 0.0 0.0 0.0 0.0 0.0 0.0 0.0 0.0 0.0 8.549875694691376e-06 7.376133376689423e-06 2.1216347731414045e-05
0.028132335093066646 0.1807760809651105 0.004093212303971893 0.054019665957775666 0.052892160327082605 0.009319448468978635 0.0 0.0006279806682166051 0.14959040044092115 0.23469258929788553 0.010475661369373676 0.023201263094886505 0.12507615398868255 0.1277702135836564 0.00010394896852963898 0.00013735966526001432 1.4765513600972576e-05 3.5754141275103226e-05 7.794298705425504e-06 1.2699384487121569e-05 0.0 0.0 0.0 0.0 6.947791997608968e-06 0.0 0.0 0.0 0.0 0.0 0.009816735604097442 0.002655045500666845 0.0014185514844206105 0.0 0.0 0.0 0.00011746058708620734 1.2229729255558079e-05 1.1329881149875898e-05 6.865508053896536e-06 0.0 1.0589769830840894e-05 5.741729461710664e-06 5.169123216418523e-05 1.1041981356107478e-05 1.522941659504593e-05 0.0018644333163052994 0.00017546560739848646 5.408190571405568e-05 2.9860563604664263e-05 0.00010020177721107134 1.492641179859144e-05 0.0 0.0 0.00026883920154805363 0.0007744832623974465 0.002176405444231299 0.006880455172315622 0.001271243882841326 0.0010624180701194895 0.0 0.00011880498201951715 0.0 0.006688393297223306 0.00036542585477631343 0.00018962542084290947 6.108893735589867e-05 0.0001194583282030579 7.557017576946572e-05 0.0 0.0003561492493481982 1.5143945559293403e-05 0.0 0.00490069110248 0.006100506914925696 0.0035211637567525733 0.0006396564172464632 0.00044059133696954043 8.882107267608929e-05 0.0003282996178659863 0.0 0.00025434674452952047 0.0008229018372204078 3.936743118147951e-05 0.00020698504959230265 0.00022053976843278692 8.025630510044287e-05 0.0 0.00012577904280740995 1.3102227592945733e-05 7.016397214835243e-05 0.0 0.0 1.8505111433248896e-05 4.39944832710802e-05 0.003312592970822118 0.0002081089931489053 0.0 0.000103145213733678 0.0023573056711401605 8.6110060770516e-05 0.0004183163674920815 0.002045886491131476 0.0008173387145278412 0.0006636490131379289 0.005127819285366838 0.000808232114665163 0.004994958239713269 0.0023015167336212267 0.002901181550687345 0.0011240373311889446 0.010315733446858676 0.005483676257216481 0.007943517662096916 0.0027028296008256973 0.0 2.2694052869036385e-05 0.0 0.0 0.0 0.0 0.0 0.0 0.0 0.0 0.0 0.0 0.0 7.218507314878313e-06 0.0 0.0 0.0 0.0 0.0 0.00030223882721927667 0.000167638148283725 0.0 0.0 0.0 0.0004172742211829305 0.00021698230361214162 0.0017828710012371641 1.328134052620089e-05 1.544624131614277e-05 0.0 6.708814399658644e-06 0.0 0.0 2.433941359762411e-05 0.0 0.0 1.3038241379389844e-05 0.00015701309297398022 0.0 0.0 0.0 0.0 0.0 5.996169143708888e-06 0.0 0.0 1.0189364304815278e-05 0.0001712007879664016 9.562787286545572e-05 6.233079051018835e-05 3.47233621413558e-05 0.0046832874469593935 0.0002295099765353543 0.0 3.0104893324547207e-05 1.1859753004377853e-05 5.316466052245526e-06 5.426480411959572e-06 0.0 6.684832569488466e-06 6.93460288756112e-05 0.0007324085996595603 1.0518759309462843e-05 5.1502472911042136e-05 5.849318024798792e-06 1.1466361539937328e-05 0.002393437047100783 5.2611619364382645e-05 0.0012536247799213515 3.2839783060984506e-05 0.0005298403913817891 7.39562545946983e-05 3.468507041649606e-05 2.7309402218969532e-05 6.246530823353934e-06 0.0 1.3491915554997923e-05 0.0 5.442439438505281e-06 0.0 0.0 0.0 0.002983605491298403 0.0006609546067964601 0.0001204285203123969
0.002808695293475688 0.08499641306274917 0.16419062818834204 0.0002461939248659571 0.022122865214241724 6.866271193633382e-05 0.0006279806682166051 0.0 0.010859275153068552 0.0003537489346015584 0.1651977054944258 0.009353618999497465 0.023189107320408544 0.1313453597525995 0.0005933040909060149 0.0014619522412877791 0.00014084162914588638 0.0006751481892767011 0.00015154526899545005 0.0003894095682048646 6.264226074770866e-06 7.523452748633538e-06 5.0534502698211455e-05 3.044512013871152e-05 0.0010324458215061573 5.203956733805353e-05 7.3516653625703545e-06 1.9366493115729315e-05 6.607873339024492e-05 0.0 0.05567972167255307 0.07993271768192113 0.029094249528244846 0.000895574761893164 0.00019951989690796394 0.0015735309262906872 0.0005088663020934346 0.0008921141798548061 0.00012016692517074199 6.756730568690188e-05 7.825200280568562e-05 0.00019399822178127406 0.0007397490653727034 0.0021375398588843806 0.0008239682230525913 0.0007087002077441529 0.008935881476774583 0.0004074319737743961 0.0003508249244321213 0.001148053684005677 0.0003730936898130355 1.800804956677515e-05 1.7971826044867638e-05 3.760620344256433e-05 0.0001760187428219401 0.0006676879455645417 0.0017124025083615829 0.010013184145336118 0.0012978805340406834 0.0023325192920906485 0.0008397347683995427 0.0053054937473507304 0.00021049831112161162 0.03960061273569005 0.0004816974961779569 0.0006726204279910669 0.00018681617979949804 0.0010067551039375684 0.002715920874166593 0.0004652089108002877 0.0008048939638889103 2.1956532311044095e-05 5.1378898681191924e-05 0.0066895938810962435 0.01379962191161642 0.015350841636710745 0.013842403087237371 0.054260126744649695 0.06724073800329534 0.17543042994514765 0.002932998096357376 0.07473785923623101 0.0009094914997571215 2.6464205492562185e-05 0.0002837783745226017 0.00029811795307326937 0.0006679598796717103 1.2685073567808292e-05 0.00015515625964622825 1.3631380673917348e-05 0.0001290102776860381 4.4568204921739595e-05 0.002878859718507719 0.00012957283401216415 0.0002614585972258195 0.0005177799601889985 9.204688524606087e-05 0.0 0.00030663434457753335 0.0006583363320456563 0.0 0.0 3.947679029433304e-05 0.0 8.974625767679393e-06 2.476266310919348e-05 1.8133021895673335e-05 6.77147659446057e-05 6.891028868874372e-06 6.326278567236041e-05 1.3869848521573524e-05 0.00016519650943836505 0.00010433586900289675 0.0002378593251736297 0.00011841524180165595 0.0 0.0 0.0 0.0 0.0 0.0 0.0 0.0 0.0 0.0 2.5738830311678787e-05 0.0 5.891380364899669e-06 0.0 6.0183578823921154e-06 0.0 0.0 0.0 0.0 0.0 1.7255840515633625e-05 0.0 7.154864862576069e-06 0.0 2.3333416012850045e-05 8.71318688113982e-06 0.0001948861068928671 6.55973513403568e-05 3.132719051076837e-05 0.0 0.0 0.0 0.0 0.0 9.246489175812239e-06 0.0 0.0 0.0 0.0 0.0 0.0 1.5309923841250724e-05 2.7281752748240766e-05 0.0 0.0 0.0 0.0 2.9725008449810104e-05 0.0 0.0 1.6396054172264737e-05 0.0001794463693757035 3.7496773118363174e-05 0.0 0.0 6.58289224458423e-06 0.0 0.0 2.003431262144088e-05 0.0 2.7311850557316998e-05 5.2576044429281556e-05 8.025681792460818e-06 0.0 0.0 5.313929954877569e-05 9.397407026214745e-06 0.0 4.502442836113027e-05 0.0 1.4261442283720422e-05 0.0 0.0 0.0 6.266440798913176e-06 0.0 0.0 0.0 5.7397155638148915e-06 2.5310899294392917e-05 2.8904998511052158e-05 0.0 4.083621850666946e-05 1.1198156550749718e-05 4.5183883376258066e-05
0.000343875927989345 0.11879844989686499 0.03089885352988518 0.00037561837184827465 0.10263612975847503 0.0001649685941902655 0.14959040044092115 0.010859275153068552 0.0 0.019689519887823498 0.07646497166416047 0.002391888560445181 0.024713818073175943 0.08878823418610347 8.067289609485342e-05 0.00020442152765852057 7.162030056157923e-06 1.9938550777488817e-05 5.899427247181247e-06 0.0 0.0 0.0 0.0 0.0 0.0 0.0 0.0 0.0 0.0 0.0 0.0020188570719512043 0.001589480898749011 0.001415189367183543 5.733877257933382e-06 0.0 0.0 0.00027204343810431864 4.616594882511174e-05 0.0 1.4067930825825053e-05 0.0 0.0 0.0 3.276575041198316e-05 2.4462842843219812e-05 5.866704864479968e-06 0.0015828167958540473 7.260345108693837e-05 0.0 0.0 3.10800743267147e-05 0.0 0.0 0.0 6.535331722441326e-05 0.0001661856868003678 0.0003010932400238028 0.0011848745231108821 0.0002531980286455578 0.0005816756882007138 0.0 0.0002424002632761018 0.0 0.003942516940873407 0.00013749969340966057 7.970132330506953e-05 3.840567889761372e-05 6.449329060678513e-05 0.0 0.0 0.00044473583330279686 2.944627955052965e-05 0.0 0.0011931811475021424 0.0020071559727062155 0.003158434420067188 0.0013748368914597825 0.0006011330024248808 5.9142236844380036e-05 0.0007229225985445348 0.0 0.00011559887808654643 0.00019704740408123207 5.84879700364387e-06 7.609716945597517e-05 7.249161699552102e-05 3.799630535259408e-05 0.0 3.880070514917849e-05 2.049153711819312e-05 1.0064207543649866e-05 1.2867984268832808e-05 1.4568981552389482e-05 0.0 5.979029238341058e-06 0.0029524640742872965 0.00034531967453576374 0.0 0.0002561457942033258 0.00016765043300965806 2.3028044335632784e-05 0.00017153206930329347 0.0003368401628248914 0.0003015482508210364 0.0002986670478931351 0.0022632927763488256 0.00033502704865377426 0.0027786675276760485 0.0011564111169249992 0.0013018839919453182 0.0007321903353421555 0.004578694839531212 0.0033262869093841443 0.005381082390425576 0.001773275515492881 8.138437020590627e-06 3.349360876842005e-05 0.0 0.0 0.0 0.0 0.0 0.0 9.001342830834951e-06 0.0 0.0 0.0 0.0 1.188134797362298e-05 0.0 0.0 0.0 6.9879326559476884e-06 0.0 0.00016256867136219352 5.5185259457269635e-05 0.0 9.84186932238658e-06 0.0 0.0003771953240873877 0.00020756134407308988 0.0018935856697377294 9.075856540666653e-06 7.263404532620063e-05 0.0 0.0 0.0 0.0 7.651808897323525e-06 3.1845003568864657e-05 0.0 0.0 3.981866214185866e-05 0.0 0.0 0.0 0.0 0.0 0.0 0.0 0.0 1.6951554939545594e-05 0.00023371847906232887 0.0 1.4258749572618877e-05 1.5654283987448378e-05 0.003619712969618086 0.0003223206880161448 0.0 5.31853579213332e-06 4.692993285189214e-06 0.0 5.654587777004154e-06 0.0 6.1802263986613455e-06 1.9051388537920883e-05 0.0005889241181140144 5.0686263813924674e-05 0.0 0.0 1.130036071625846e-05 0.0017376688001505872 0.00016923812535446617 0.0006949858668748761 3.099035673800922e-05 0.00010514090406617937 7.61542789075227e-05 7.896842636155432e-05 0.0 0.0 0.0 0.0 0.0 0.0 5.18696949736984e-06 0.0 0.0 0.0022284460715425772 0.0005268992448931672 0.0001029450391478171
0.0918505594188805 0.08648275469211894 0.001305834239603922 0.06439499092053094 0.04382982922714632 0.058687735713933716 0.23469258929788553 0.0003537489346015584 0.019689519887823498 0.0 0.001883476028841983 0.05532536143361559 0.32749350391082677 0.06755638513421358 1.2187848786165167e-05 5.0522298405239424e-05 0.0 4.875951067673059e-05 9.596064144365798e-06 1.5965236789996736e-05 0.0 0.0 0.0 0.0 0.0 0.0 0.0 0.0 0.0 0.0 0.004754160422851042 0.0008155897950812047 0.006663658024867355 6.2444154877111865e-06 0.0 0.0 0.0005514708346365758 3.432692703219414e-05 3.506190959726462e-05 1.3551915982334247e-05 1.694742365675966e-05 5.939728464054827e-05 5.353330168894549e-05 6.001406507786343e-06 0.0 6.3015315993127895e-06 0.000634021020671488 9.682032481234431e-05 1.9266852558735057e-05 1.4597640277469477e-05 4.263382807185486e-05 0.0 0.0 9.796043027098664e-06 0.00021343310238169192 0.0004579043642958115 0.004196033706387814 0.005416074902259177 0.0011952214335568597 0.00035460016943547005 0.0 9.397397087364785e-05 0.0 0.00221897289000706 0.00021469374406089375 0.00019879534654916454 4.6390194895717134e-05 6.25806419272274e-05 1.4547203175500841e-05 0.0 0.0015811839160668323 1.4677352415677775e-05 0.0 0.004411670165736412 0.0031625939102314584 0.0007860071452876618 0.000227141540906105 0.00010767407818270072 9.012468195043696e-06 0.0005197722293029428 1.877549682168464e-05 0.00023354742889302276 0.000606324706196088 1.7999588736516012e-05 0.00010461810928762048 0.00016632541473526804 3.764604900927548e-05 0.0 6.430004964954837e-05 5.242632180243307e-06 5.567374778487649e-05 0.0 0.00016465453216707871 2.030365699219048e-05 2.8631447035362308e-05 0.005545258923850247 0.0013226051093251344 0.0 0.00019992735030815697 0.021719201671210716 0.00018444252217552693 0.0017914398847262405 0.006786184332604585 0.0027386461196551373 0.0008871306703992132 0.014950764710069465 0.0035759543326949078 0.011262110476363354 0.015728616366548806 0.009095513407017778 0.0014245386204817198 0.02424485521520067 0.014388357379087401 0.01625171697940252 0.00300858103637667 0.0 1.331982385569381e-05 0.0 7.615639168160621e-06 0.0 0.0 0.0 0.0 0.0 0.0 0.0 0.0 0.0 2.316308359245056e-05 0.0 0.0 0.0 0.0 0.0 0.00031995162173100393 0.00030545716157312394 0.0 0.0 0.0 0.0005459345519620094 0.0002173235688824328 0.0014922176588222924 0.0 0.0 0.0 0.0 1.2216805164431995e-05 7.0259098213294415e-06 2.0568125178719292e-05 6.64720121460777e-05 0.0 1.4872230209286193e-05 7.211456315608587e-05 0.0 0.0 0.0 0.0 1.413341298999291e-05 0.0 2.0679101147782197e-05 0.0 3.836798965149359e-05 0.0002891187757846388 0.00029052773481927515 2.9073314984308456e-05 0.0 0.004162173329465039 0.00019728826596217928 8.108558993299504e-06 2.3126066499482104e-05 0.0 7.226322119890297e-06 0.0 0.0 7.877785557369755e-06 1.9800939202855042e-05 0.0008620296427294429 7.43590018982059e-06 0.0 5.731932522137821e-06 0.0 0.00198407801536364 0.0003433182104486744 0.0009817763379546796 0.00012672429660034844 0.0005884736894339977 2.7286637641763066e-05 0.0001264574681931109 5.983557767738129e-05 0.0 6.378292821245418e-06 1.670071168675834e-05 0.0 0.0 0.0 6.297305538833975e-06 0.0 0.005180867238687527 0.0010825682897115823 0.00017769524545116133
0.0027010559500366487 0.11141750754153601 0.10179079419709233 0.001136416716983122 0.07739448901980725 0.00013865077156357934 0.010475661369373676 0.1651977054944258 0.07646497166416047 0.001883476028841983 0.0 0.010628231317917949 0.0675675274134228 0.29345425047237306 0.0008229032250732188 0.0017947033030355005 3.921729511896532e-05 0.00017694332431928144 4.485752894246051e-05 8.181601292257014e-05 3.3986608514208074e-05 0.0 2.1022480216780562e-05 2.901179708926232e-05 0.0013039641737733084 4.771767585318649e-05 7.948921082840043e-06 3.237186661585151e-05 3.204460948856823e-05 0.0 0.012657749685607097 0.009933926029675492 0.01785311064621112 0.00016986950411804433 0.00018339647051311735 0.002679761124838593 0.004789504570683782 0.0029852189800819665 0.000522231964027589 0.00012535287363058797 0.00022385172880246934 0.0003229939457121803 0.00017370797711340597 0.00033192343270707907 0.00012313870380970324 6.122164251991228e-05 0.006469376566867115 0.000276555297385991 0.00021663947783994494 0.0004119071607489773 0.0003493715986786674 1.590658989057713e-05 0.0 0.00015934284137361895 9.930908046655096e-05 0.00038931074324834094 0.0008742312860245728 0.0037527028299394545 0.0008696844409664308 0.0015128074778464446 7.149028196092486e-05 0.0027512612795612453 0.0001976145886326419 0.0140179166844241 0.00023698798978414928 0.0002427610988591934 0.00012483858681497874 0.0004651397466508294 0.0015244209002969959 0.000611662158078785 0.004301464977541648 7.556601169872115e-05 5.73984435901484e-05 0.003504622453972876 0.006828303590552375 0.012208675627292926 0.007594275271541551 0.005332427012256171 0.012636562868043223 0.027381602945806997 4.9837474756801184e-05 0.012320090228543105 0.0006488342120627866 1.2046249376064418e-05 0.00013054813284605794 0.00024258846820781954 0.00027971362618938334 1.287388405213673e-05 0.00013893149796677634 2.07451227763317e-05 0.00011930721516183927 4.2021387940561826e-05 0.0030190475275816 0.00016456524030952343 0.00010858716903748179 0.001539769769316875 0.00038439687592916553 8.063396141861765e-06 0.0008667478233145932 0.0004210607001606009 0.0 6.098117665602778e-05 2.1418971680246095e-05 0.0001004592067450461 1.830602755932394e-05 0.00024173458677087306 8.95749252236566e-05 0.0003433669784386246 0.00024104800025734723 0.0003036495096709879 0.000211656268599098 0.0009676925485154319 0.0009782638746072382 0.001263432357137518 0.0006003564431913465 0.0 9.455338225975125e-06 0.0 0.0 0.0 0.0 2.223344711405161e-05 0.0 0.0 0.0 1.911444131927985e-05 0.0 1.9520731259253786e-05 6.596035605183575e-06 6.308257741636267e-06 0.0 0.0 0.0 0.0 8.62716685200518e-05 2.928187457827416e-05 0.0 6.890513995461691e-06 0.0 0.00023214231424653438 0.0001509636182942354 0.0008862437771233684 1.9070539779625218e-05 4.420709269024715e-06 9.977251828146143e-06 7.136613240486331e-06 0.0 7.704821390979279e-06 8.60027539789472e-06 1.2942492855545972e-05 0.0 0.0 1.2333866886001609e-05 0.0 0.0 1.41514694212665e-05 0.0 3.583715782476604e-05 0.0 0.0 0.0 0.0 2.0389204362409168e-05 0.0 1.7164388238992486e-05 0.0 0.0013876065789656126 6.908219800502798e-05 0.0 1.2567513879117161e-05 0.0 0.0 6.222356363926873e-06 6.022876985251084e-06 0.0 5.863524432493971e-06 0.0002889618874518966 6.68555252133607e-05 0.0 0.0 2.9695958318474095e-05 0.0005882224470902767 7.845258416715813e-05 0.0003887397353135691 0.0 8.960439135221759e-05 2.588274844522809e-05 0.0 0.0 0.0 0.0 0.0 0.0 1.8184760269749653e-05 5.376438302429914e-06 2.9353293412199388e-05 7.822054737019781e-06 0.0006112764108195093 0.0002888556262888207 0.00014377554742656847
0.003196474685362988 0.01256018930019459 0.005543785737815483 0.007291945238467635 0.0036624302978619933 0.011357310508378408 0.023201263094886505 0.009353618999497465 0.002391888560445181 0.05532536143361559 0.010628231317917949 0.0 0.1765070329617065 0.056508975299165605 0.0007944131889171951 0.0015594810349898445 6.1831965778627e-05 4.3930111286698696e-05 1.9218083031849274e-05 6.71454409542723e-06 0.0 0.0 0.0 6.594709332257456e-05 0.00012247393358414324 3.836082548253544e-05 0.0 6.616618860980573e-05 0.0 0.0 0.0006023894006250008 0.00043680274829165766 0.02498693793637552 7.443979040361819e-05 7.489829414306842e-05 0.00025894915236972455 0.010106863448264104 0.0009565544133968043 0.0008760274150085018 3.705271196237256e-05 0.0005277331092813771 0.00031444859321884275 2.2750979425252226e-05 0.0002077325966055781 1.2358720670946299e-05 7.5051094227220355e-06 0.0023782140052021287 7.793869746710639e-05 0.00015283188129943702 0.000219057532409133 9.559070515280232e-05 0.0 0.0 0.0002254728771605529 7.593523843765982e-05 9.70840824223325e-05 0.0007329952920217246 0.0006273991855536783 0.00022148236896263654 0.0002825559738493862 0.0 0.0011083170803903152 3.6755625392448714e-05 0.0018181159132392751 1.5451705122059433e-05 4.2792792292227085e-05 6.5115143956072795e-06 4.655013455785826e-05 0.0001819642566188308 0.0003993128734524007 0.016391051587389596 0.0006227919061400602 1.6434808514728115e-05 0.0005191616242727087 0.0009851715940839844 0.003253113272110647 0.00261261840067408 0.0015463568758387661 4.8776997417223184e-05 0.002847435075523882 0.0 0.0002601599128053186 0.00018345501802403738 0.0 4.615579736573633e-05 2.2822072428838673e-05 2.6606749093408772e-05 0.0 9.759502896465749e-06 0.0 0.00036882903688230297 1.1817930938536229e-05 0.0019528079409644732 0.0002665360083210248 0.00018066049979866932 0.033633479311472425 0.008848487409318161 7.321123379117206e-06 0.006239218722811179 0.004640968882282021 8.235982734416274e-06 0.0002736568485041682 0.0004260996837683053 0.00033649580933874784 0.0003082611129966489 0.0033785176294963202 0.00041138927391797415 0.0033151447541544033 0.0023818243626354562 0.0027754037517731148 0.0007511088727071846 0.008083186623755068 0.005951847776273554 0.009197058237929729 0.002468495814734944 8.471797831295477e-06 2.221095303750374e-05 0.0 3.306187434793444e-05 0.0 0.0 0.0 0.0 0.0 7.773408677290678e-06 0.0 0.0 1.6415148035041488e-05 2.2083561059721887e-05 9.250264914171908e-06 1.569770651552007e-05 0.0 0.0 0.0 0.0003021987132011543 9.770074810179246e-05 0.0 8.141874120815185e-06 0.0 0.0008237367810496926 0.0002678233399108539 0.002321202237692647 3.6263454054927664e-05 3.018867936661385e-05 2.5414600435137348e-05 9.469152202790592e-06 0.0 0.0 1.3707384698930627e-05 1.566397180459644e-05 0.0 0.0 0.00010310025580698162 0.0 0.0 1.5517610455818207e-05 0.0 7.5927675177767895e-06 6.475886180073434e-06 1.3431729670770664e-05 0.0 2.3742828493570546e-05 0.00012879085400690888 6.7676636622603476e-06 1.752900724512155e-05 1.5439733930980703e-05 0.0038727838429739375 0.0003085835046982603 0.0 6.4080694107895655e-06 0.0 0.0 2.0856232971100197e-05 0.0 1.8766559029089976e-05 2.7154168653513868e-05 0.00114021500372439 0.00013534050131070133 1.1183083311398561e-05 0.0 0.0 0.0019256363142599302 7.435255291659511e-05 0.0006955147166672308 1.602946532705929e-05 0.00034011855088650773 3.377165936680659e-05 0.00013459556452631902 7.574971853236593e-06 0.0 0.0 0.0 0.0 0.0 0.0 1.70276148065509e-05 7.781677390604789e-06 0.004945742261224393 0.0027930302616978667 0.00025996947880472675
