0.0 0.14979933059893122 0.022849920551683858 0.10523189995915949 0.0029068316884271403 0.003679417950673845 0.0362361257659959 0.0031694583337469624 0.00033538191685416235 0.034020304771501586 0.004719001467722986 0.0008598003882501857 0.0054765318439170705 0.003542799635973366 0.000134961734819309 3.71253782868432e-05 2.7073682610888814e-05 8.697396703848356e-05 0.0 4.6097548106252404e-05 3.7436178587791086e-05 0.0 2.4200577884088108e-05 0.0 5.158332530745177e-05 2.0402872368776787e-05 0.0 0.0 0.0 0.0 0.1311711642415793 0.00450408082166434 0.000727030282381994 8.48914268730636e-06 0.0 0.0 0.0003914702958672293 2.9774119651936647e-05 5.274523511396972e-06 1.2507211974701198e-05 2.354445152160734e-05 3.7860208421783704e-05 7.783614487170566e-05 8.063325338521696e-06 5.586952400423461e-05 0.0 0.004980222582056673 0.0003326231626906697 3.840334292935078e-05 0.0001220782279797737 5.686169548058259e-05 0.0 2.551734649353958e-05 0.0 8.417321613499628e-05 0.00014336780023748612 0.014754166799980616 0.049309527974950286 0.0013878797200608094 0.0006958005331369447 4.347855032675323e-05 0.00028855673303142016 1.6843563495362812e-05 0.004167886018219714 0.00027242249089296525 0.00034208139414569356 8.158499931640436e-05 7.635153169009614e-05 0.00012808658655430444 3.241143891040877e-05 0.0013835641199220418 0.0025334330805794622 8.54111029872124e-05 0.030244043484074442 0.004974016066733594 0.0019801998937368473 0.0005381890987162101 0.00012103668626491393 7.611523800677774e-05 0.0012042491726819713 5.1268486668857894e-05 0.0002807609461928316 0.0011459041088179175 2.2291855459893794e-05 0.00038127469648818816 0.0001753476611164823 0.00010569376389093349 3.218721807132759e-05 6.893630861272773e-05 3.1269836345313515e-05 4.611260945178264e-05 8.233256439894726e-06 1.8087686934114458e-05 3.002136679216554e-05 0.0 0.01149693109727648 0.006395944436461238 0.00019744582806716196 0.00015829648084483857 0.06121630676769285 0.0 0.0006880859747164015 0.0010387402038243856 0.0003196240172256968 0.00013536551765287987 0.0005148927262082903 0.00043398714023475495 0.0006896825375836081 0.0009490568101445755 0.0015346099588423542 0.0001712362544222043 0.0009403339329212006 0.0006601004426939683 0.00022723496087182803 8.985127439656923e-05 0.0 0.0 0.0 0.0 0.0 0.0 8.220713715849956e-06 0.0 0.0 0.0 0.0 0.0 0.0 0.0 6.538919142261659e-06 0.0 0.0 0.0 0.0 0.0 0.0 0.0 0.0 0.0 5.598277160957964e-05 0.0 9.198437647702911e-05 1.3098756150637536e-05 0.0 0.0 0.0 0.0 0.0 0.0 0.0 0.0 8.927565739364057e-06 0.0 0.0 0.0 0.0 0.0 0.0 0.0 0.0 1.1701735575001722e-05 0.0 0.0 0.00014462458852522084 2.1728804182119313e-05 0.0 5.27877510218635e-05 0.0 0.0 0.0 9.010996787462551e-06 0.0 0.0 0.0 0.0 0.0 0.00020964402451747997 0.00010009284587402267 0.0 2.3202260730351554e-05 0.0 6.012303593389804e-05 0.0 0.0 0.0 0.0 0.0 0.0 0.0 0.0 0.0 0.0 0.0 0.0 0.0 0.0 0.0 5.1134062708740004e-05 2.4013883355085055e-05 6.359437761184144e-05
0.14979933059893122 0.0 0.09770438026717412 0.12276589785072894 0.12753569916080149 0.018067790694040183 0.126666925720475 0.018335703113699798 0.08629416110665428 0.09290246621443209 0.11346411163115998 0.00747034514636687 0.09546200311174585 0.08458095603288814 0.0018428836098222689 0.00032159598667679613 9.68981336107024e-05 0.00012202292400266762 2.4048693891310947e-05 0.0002500098286773972 0.00020451359309920907 0.0 2.5285781181150778e-05 1.3050456011360927e-05 9.21199658266928e-05 5.367161082142671e-05 2.2413538995954684e-05 1.806367487113289e-05 1.806422963598716e-05 5.5266983655041725e-06 0.27486767559882097 0.014892379901534058 0.003463463569038772 4.462703022357595e-05 4.0875040508600174e-05 0.00010088332281212926 0.0014338973239776283 0.00019893310171043195 0.00011149119681529435 0.00016660278059368487 0.00025483761697389526 0.00011363786571681522 0.0005009785922279778 0.00015886448667111903 4.457499897575824e-05 0.00015683015354524686 0.01744004104892683 0.00043998240515390495 0.00010820218876553018 0.0002450671783167284 7.328813659418073e-05 2.7247089070371608e-05 0.0 1.196977845640653e-05 6.173348928063451e-05 0.00012831064474268307 0.010275249970813432 0.03190753129392339 0.0011052999359460213 0.003244221801479796 0.00032577360315993537 0.000787936299630543 4.96211685677629e-05 0.0191624365943993 0.00026075595358717737 0.0004659894983893814 0.00013779162867612305 0.00018363218429112805 0.0004689269306475861 0.00018883873733349952 0.0009936222099906535 2.9322497248923746e-05 0.0 0.03724200438605433 0.016312896858563297 0.01396975837985035 0.00608045654171722 0.0006865134857961138 0.0004095134740116092 0.005064543565533499 0.0002057456310978778 0.0009736210180445146 0.0012649012724685492 7.225213650376356e-06 0.0005042864672115964 0.00020890934060387815 0.00026463713067635143 4.5934693679555465e-05 0.0001261035656177568 3.620441605479041e-05 6.878786164287791e-05 6.4564399019782895e-06 0.00014244460799310698 9.447758118891111e-05 2.913071290298528e-05 0.0019979311094766063 0.000405589837422024 1.8603135225287037e-05 0.00019854299413172376 0.04190190564541751 7.142326414222868e-06 0.0002751806503134848 0.0006204336499174679 0.0001682577115143645 0.00048541776720062576 0.001769900909341724 0.00025807530023848937 0.0012737616388236997 0.0007570186792743352 0.0008397367395295448 0.00012268017741951174 0.0022638937300164122 0.0013196729852818665 0.001865314458796026 0.0011043624660367695 9.480229277991643e-06 8.702980168404353e-06 0.0 0.0 0.0 0.0 2.2838500374880294e-05 0.0 0.0 0.0 0.0 0.0 2.148881060605114e-05 0.0 6.613971762417924e-06 0.0 2.543767229331896e-05 0.0 0.0 9.68238778146951e-05 0.00010785086379559287 0.0 2.7456419976952543e-05 0.0 0.0007534565084057306 0.0 0.0003513003428684606 9.367467543701612e-05 8.566727620084683e-06 0.0 2.453570076299521e-05 0.0 0.0 9.360218251175506e-06 1.539687421443774e-05 0.0 0.0 2.425066991932046e-05 0.0 0.0 0.0 6.151278870659109e-05 4.674024674961979e-05 0.0 0.0 0.0 4.508590783368596e-05 2.640052447450104e-05 5.107492083222748e-05 4.4382853183814027e-05 6.755593974504744e-06 0.00027077910379100543 1.506134169672412e-05 0.0 7.279913574536478e-06 0.0 0.0 1.651729878182374e-05 6.155113319899132e-06 0.0 9.076117309497354e-06 0.0010277796861210078 4.0003495612569014e-05 0.0 0.0 0.0 0.000580707789744238 0.0 0.00010117747469099438 7.46052803407745e-05 4.3145573122771126e-05 4.3853194040515625e-05 0.0 6.306010455551517e-06 0.0 0.0 0.0 0.0 1.1256737491512268e-05 0.0 0.0 0.0 0.0010220155401831944 0.00018741341498796854 0.000386279392889261
0.022849920551683858 0.09770438026717412 0.0 0.013267353670685385 0.06083755790518089 0.002017675484725692 0.006528940331625117 0.13065964641723052 0.055999251581941974 0.003398845748846985 0.2528875672975228 0.005844123718725131 0.024495111060559394 0.10522650351498158 0.0013358078205203579 0.0005230378155621204 0.0001959184519895547 0.0001276259909803762 3.529245601886248e-05 0.0004954583084337846 0.0010557019618065635 2.0566064145079083e-05 0.00041028118806603586 3.2731705263188896e-05 0.0005643189685880922 0.00026950441242543164 3.8856728203109875e-05 8.057870242062282e-05 5.8941094351625414e-05 0.0 0.2772304360983812 0.03294427600528109 0.013320381332588853 0.0002080435772010025 0.00037864495554763643 0.0005555299533174116 0.0037122383082369786 0.0007351881033975532 0.00023540845659583682 0.00034807367056355055 0.0008716997143083276 0.0005387797737787963 0.0009410974531066695 0.00015588467651167729 5.5150736047849026e-05 7.993085098109176e-05 0.005804741704327747 4.413520900062427e-05 6.506616877021994e-05 0.0003330970704305185 7.58972964705781e-05 1.0106444340560736e-05 6.551722052666013e-05 3.8594099344754737e-05 2.868848754847625e-05 4.0478235773522e-05 0.003101408227761089 0.01139579832359878 0.00022849380556827728 0.0006920593627057408 0.0005606747067598373 0.0036115008256022946 0.0003567893391296929 0.010771875493000046 4.845382009414944e-05 0.00014376621121670803 3.873563502885836e-05 0.00026028571890545054 0.0011878538224966127 0.0012218223576562738 0.002029415245515789 0.0001729178162464707 1.8078367103620908e-05 0.009284213439304653 0.005238570449275739 0.004705439819173347 0.003641067743593211 0.0008326629865420029 0.0011289995513090853 0.043739733881370466 9.242721519445694e-05 0.008876371136639933 0.0002977811757334745 0.0 0.00012392775704878195 5.012030961997635e-05 0.0002346250322360059 1.661171997907869e-05 7.651590364237177e-05 3.054274717899603e-05 5.753236292540351e-05 0.0 0.0010417424647095933 0.00030191342362350184 8.12052329269788e-05 0.001717745057394692 0.0006342724322632012 5.4808112616677276e-05 0.0003940810192714242 0.00807621085138656 9.565154029091147e-05 0.00016386583148195684 0.00030255596892613955 8.952387769985767e-06 0.0002379547697741628 0.0005248025641846087 1.8501206904021884e-05 0.000549285596240467 0.00018953943601258854 0.00017559292632777972 0.00012023322793874653 0.0008378054376829012 0.0006712416297309626 0.0007774799153154217 0.0006140911783222643 1.546480580063539e-05 1.9138943879492248e-05 0.0 8.157639197265848e-06 0.0 0.0 0.0 6.172670285805394e-06 7.680407249455095e-06 0.0 7.119432643277255e-06 0.0 7.861186112164132e-06 0.0 1.6696427588752014e-05 0.0 9.640974174364152e-06 0.0 0.0 2.5514305965927616e-05 4.039874777275889e-05 0.0 7.493624549532469e-06 0.0 0.000785524029798738 0.0 0.00044325275382744533 0.00016785288979734986 7.073291212887678e-05 0.0 7.790277525228264e-06 1.3253153836090998e-05 2.1150080934123084e-05 2.8576584960388964e-05 0.0 0.0 3.114698522912498e-05 2.5973983686059434e-05 0.0 1.1407568909709067e-05 3.2714047530517396e-05 2.7268333333181922e-05 1.09920527720881e-05 0.0 0.0 0.0 3.935304778589667e-05 6.200207652162978e-05 3.3875166536986414e-05 0.0 0.0 0.00024574308837156905 0.0 0.0 4.242422328090847e-05 0.0 0.0 0.0 6.922336683990743e-06 9.380992634178359e-06 2.9328063517412193e-05 0.0007742602008461224 4.986458218974906e-05 7.926521858865991e-06 0.0 9.299402222481842e-06 0.00043721230213347734 8.074357108733358e-06 0.00012717705477836058 6.246937472838268e-05 6.197186018319508e-05 6.334862937724545e-05 0.0 6.719306438464478e-06 0.0 0.0 0.0 0.0 0.0 7.64183329360577e-06 0.0 3.797278078027254e-05 0.00047370748452287914 0.0002429814974045767 0.0005659132532501717
0.10523189995915949 0.12276589785072894 0.013267353670685385 0.0 0.006056552062043974 0.012399199466775385 0.06804335424294114 0.00019653200494136808 0.0016279490124954461 0.1350552380641913 0.0028179833116909626 0.011117156766991652 0.1096127547585994 0.006484498882567317 8.521030658753076e-05 1.50161143961418e-05 6.47787967421898e-05 3.7671521010939896e-05 0.0 3.821400436805117e-05 1.7241346325238357e-05 0.0 0.0 0.0 0.0 0.0 0.0 0.0 0.0 2.622544441048256e-05 0.03100893166490966 0.0006647509800598317 9.75077823980082e-05 0.0 0.0 0.0 9.576890892836746e-06 8.288195685122287e-06 0.0 0.0 0.0 2.5351264244482254e-05 3.365051251034381e-05 0.0 0.0 6.6966536315226945e-06 0.003344119390387998 0.00010081773898203257 1.3168035492320239e-05 4.798441509529942e-05 4.6654033662568e-05 0.0 0.0 0.0 6.430893500702343e-05 1.57682879152579e-05 0.005139086969056318 0.012828949185999472 0.0002960153394870961 0.00047036909911521207 3.495795197932885e-05 2.8067521667672385e-05 9.196253199479109e-06 0.0022222577240884286 0.00012403160651033217 7.837019010751923e-05 3.5076105392733644e-05 2.1692238989829186e-05 2.2427753133953284e-05 1.7983503956477112e-05 0.00016643951324230862 7.565481110765213e-05 0.0 0.015042463608426974 0.0030195958175707805 0.0013944115493849038 0.00034114899598107723 4.687762854288468e-05 5.71157493062742e-05 5.6640116483216125e-05 4.1028907525599755e-05 5.884429692070543e-05 0.0007449472769875414 0.0 0.00015680507576419384 7.379724424617987e-05 7.804165211766225e-05 0.0 8.34005913437006e-05 0.0 1.617936210052646e-05 0.0 1.1203911610127386e-05 5.194079540713217e-05 7.09244960365757e-06 0.0006962356588156682 0.00018400354706092013 0.0 0.0 0.04966334115781106 0.0 0.00022256120169538666 0.0027849546527947185 0.0006109626566802139 0.00011203036034560743 0.0029519371926584378 0.0004919327159009611 0.0004046103455810866 0.001230608198226204 0.0005739942702753837 0.0 0.0006923518355036157 0.0008431946063908647 0.0007581489225772322 7.930666439731856e-05 0.0 0.0 0.0 3.3341954817567925e-05 0.0 0.0 0.0 0.0 0.0 0.0 0.0 0.0 0.0 0.0 0.0 0.0 0.0 0.0 0.0 0.0 0.0 0.0 0.0 0.0 8.505735468610024e-05 1.2554484183443292e-05 0.0 0.0 0.0 0.0 0.0 0.0 0.0 0.0 0.0 0.0 0.0 0.0 0.0 0.0 0.0 0.0 0.0 0.0 0.0 0.0 0.0 0.0 9.557843783624985e-06 3.668247166137789e-05 0.0 0.0 0.0 0.0 0.0 0.0 0.0 0.0 0.0 0.0 0.0 2.3054161515370902e-05 0.0 0.0 0.0 0.0 8.791208590760898e-06 0.0 2.305169656314082e-05 0.0 1.0347216668477653e-05 0.0 0.0 0.0 0.0 0.0 0.0 0.0 0.0 0.0 0.0 0.0 0.00011705165259479857 0.0 5.713905381131725e-05
0.0029068316884271403 0.12753569916080149 0.06083755790518089 0.006056552062043974 0.0 0.0004907797097143846 0.1012561278845621 0.011205732164917867 0.20354499581481722 0.030061952094817712 0.10389687771853154 0.003705320642421144 0.0851480259949559 0.12142624101798039 0.0015487556641591558 0.0002566357440397231 8.78941318987419e-05 8.726640862056696e-05 2.3219714738910732e-05 6.362792418233815e-05 3.8221855413412297e-05 0.0 0.0 0.0 4.745314806492092e-05 3.811741559005269e-05 6.973039343914619e-06 8.415759838167537e-06 0.0 0.0 0.02337647334312385 0.010679548067023679 0.0010897259214253322 2.217308375476099e-05 7.704067724049255e-06 8.578159171484512e-06 0.0004024938174429265 4.611069159737035e-05 8.359524863773926e-06 1.7327976718133146e-05 3.578363868720402e-05 2.751140193852624e-05 8.513767456032201e-05 9.796937742490681e-05 3.1350649100452224e-05 5.306588591386504e-05 0.011496081868385435 0.00011129340917978776 3.310500012617531e-05 8.723542776906563e-05 5.766398841720421e-05 0.0 1.063956186495955e-05 0.0 8.252855028087976e-06 5.3823000837996023e-05 0.0017480636363085718 0.005847746240123786 0.0005834597788433231 0.002374072270492038 0.00013880841462546222 0.0002620426520795328 3.3009388895328716e-05 0.008561692968024408 0.00011365601249688541 0.00011585557190195587 3.421895754828581e-05 2.5493246807283884e-05 0.00019538045439643288 2.843575519128746e-05 0.0004411923199187948 0.0 0.0 0.013470963127959402 0.006224403002223475 0.010125725202928515 0.00509908048932362 0.0006658819188724665 0.00018218744079453395 0.0010273869284859029 7.415275213216543e-05 0.0004179734885320163 0.00038799887861421195 6.0418613333904025e-06 0.0001466755552867482 8.553095026803507e-05 7.168219748899782e-05 1.853310013286505e-05 4.790252019272534e-05 6.468094892727131e-06 2.926039918220061e-05 7.546583508764924e-06 1.3383391594287821e-05 1.3821306431355625e-05 7.634306454358887e-06 0.0023294315031296624 0.0002621246674641088 0.0 9.091184514834052e-05 0.0007671495918665488 1.7666244724935686e-05 0.00020416803045483607 0.0008831654344039061 0.0003139554901857662 0.0010549872291648328 0.0030426811351842017 0.0003829209127266111 0.0028216142465668686 0.0008311098968669598 0.0011632331720646497 0.00036814306298981 0.003429387304349453 0.0024083485873308543 0.00289020539012583 0.0016166355789120606 4.012836261170777e-05 6.913081475661854e-06 0.0 8.007699345883226e-06 0.0 0.0 0.0 0.0 0.0 0.0 0.0 0.0 0.0 0.0 0.0 0.0 8.252468390390924e-06 0.0 0.0 0.0002429589486502729 8.222333924952974e-05 0.0 9.27263440752921e-06 0.0 0.0009342412928051668 1.6146109067998052e-05 0.00040302605435342043 4.068544017276914e-05 2.311517250584949e-05 0.0 0.0 0.0 0.0 0.0 3.8217390459950434e-05 0.0 7.523947131187033e-06 1.0459880483758851e-05 0.0 2.5463505277465823e-05 0.0 0.0 0.0 0.0 0.0 0.0 4.036370832072936e-05 0.00012060090231634366 1.6542767034092077e-05 6.790386438430343e-06 8.010417857962786e-06 0.0003957665290718352 1.141680330751035e-05 0.0 0.0 0.0 0.0 0.0 0.0 0.0 0.0 0.0011951537557987038 1.7045249271276807e-05 8.410904961135841e-06 0.0 0.0 0.0012527243372580511 6.867489990846471e-06 0.00013719706149722957 0.00012632572292873242 9.152804103715946e-05 3.525867834198029e-05 7.230132054281785e-06 1.9922911503622665e-05 0.0 0.0 0.0 0.0 0.0 0.0 6.538637652493549e-06 0.0 0.0016320466146905318 0.00011233252592053628 0.0002921085681871972
0.003679417950673845 0.018067790694040183 0.002017675484725692 0.012399199466775385 0.0004907797097143846 0.0 0.006858135556826678 5.2212343219501764e-05 0.0002338414879418186 0.02506326970675875 0.0002882880351660413 0.004426795343068257 0.00940220095665985 0.001691551066453746 5.0796448042975116e-05 2.3514636607297207e-05 2.1457971594724727e-05 0.0 0.0 1.7984377998636456e-05 8.340914775641843e-06 6.80674603229576e-05 0.0 0.0 0.0 0.0 0.0 0.0 0.0 0.0 0.00621554509643939 6.97947658774782e-05 0.0004395251759566393 0.0 0.0 0.0 0.00043265651455214694 1.050203385035597e-05 1.2491580530243715e-05 1.9251880422214147e-05 2.098152332757188e-05 0.0 2.096918268470305e-05 0.0 0.0 0.0 0.0003395039664903731 1.987459657791855e-05 8.49364652359611e-06 0.0 0.0 2.7890951460348404e-05 0.00013590962806466248 0.0 1.0058634891619202e-05 0.0002659444929273262 0.0033962598036617743 0.0023127694386507924 0.0002810543779179126 1.4249145687190597e-05 9.221265263076565e-06 8.966134437816935e-05 0.0 0.00017103702100267472 1.5867431459342438e-05 3.79300868876032e-05 1.4731348612871252e-05 7.725512425099111e-06 0.0 2.0119416005808867e-05 0.006811009205786687 0.0197025914829352 0.0006070232205190141 0.002471716048592644 0.00039440055506515637 0.0001790577581441015 7.045306201128434e-05 0.0 0.0 9.695245018303822e-05 2.8120382050721458e-05 9.967960356036509e-05 0.0001859326079423285 0.00044152994991863265 7.02765821654618e-06 0.0001833248182748802 0.0 0.0004906591795196693 0.00023525184368448446 0.0003227953521471275 3.2135430525741024e-05 1.1116834886180052e-05 0.0 0.0 0.0 0.02756243390752479 0.027886526431336107 0.0015619756520383469 0.00205633251510592 0.017667902413798918 0.0 3.0017398553138847e-05 0.00012579299970906713 8.286697546193021e-05 2.350800790661005e-05 0.00019501798155544572 4.2907824893102265e-05 0.00021098503246278025 0.00015824429132748195 0.00010370106332082291 3.715877315954659e-05 0.0003334759310143479 0.00022215586792986383 0.00012731959758247112 6.857327717336805e-05 0.0 0.0 0.0 0.0 0.0 0.0 0.0 0.0 0.0 0.0 0.0 0.0 0.0 0.0 0.0 0.0 0.0 0.0 0.0 1.0907591602873234e-05 0.0 0.0 0.0 0.0 7.835371309846655e-05 0.0 3.7427078910773755e-05 0.0 0.0 0.0 0.0 0.0 0.0 0.0 9.571186617691552e-06 0.0 0.0 0.0 0.0 0.0 0.0 0.0 0.0 0.0 0.0 0.0 0.0 1.0136595509185313e-05 0.0 0.0 0.0 0.0 0.0 0.0 0.0 0.0 0.0 0.0 0.0 0.0 0.0 7.262607977897846e-06 8.66235911381341e-06 0.0 0.0 0.0 7.856471980016497e-06 2.586468405685896e-05 0.0 0.0 0.0 0.0 0.0 0.0 0.0 0.0 3.2458050658722185e-05 0.0 0.0 0.0 0.0 0.0 3.474656083051518e-05 1.6483830524628272e-05 1.279746461786802e-05
0.0362361257659959 0.126666925720475 0.006528940331625117 0.06804335424294114 0.1012561278845621 0.006858135556826678 0.0 0.0006617883698014541 0.05492016740310583 0.14974829943497148 0.005152834314324926 0.013700893535726821 0.16590861091806933 0.05959028689986857 0.0009344562047666637 0.00022113229281971688 3.42558080638623e-05 8.334393577759126e-05 7.632768118252628e-06 8.247586897789715e-05 8.022164853149452e-05 0.0 0.0 0.0 2.2834318554122932e-05 0.0 0.0 9.700359753107823e-06 0.0 0.0 0.025716966365662022 0.004058313680198493 0.000670591185190163 3.056248048797324e-05 7.400894481468021e-06 2.6860484232046422e-05 0.00023673842400859796 8.804538062278167e-05 5.121771774383297e-05 4.46538856618027e-05 4.956401354899104e-05 2.666307228132762e-05 0.00019369394295246968 5.029152221173338e-05 7.4694706463759164e-06 9.656044501279994e-05 0.011008168487380536 0.0002766686128947476 3.12223500071953e-05 8.360683462515977e-05 7.757656585093538e-05 0.0 0.0 0.0 3.2903259585714984e-05 7.89893712117584e-05 0.003999195691433429 0.01203089618353355 0.0006449911037059088 0.001802272497734708 0.00013091736212031432 0.00012578855118496924 3.300861890580739e-05 0.007798459893904075 0.00011792297898028995 0.00017176937687541228 5.4465124453627004e-05 0.00010831889420433016 0.00017003613429642458 4.1731545417274154e-05 0.0005281548805975699 0.0 0.0 0.01938537538395046 0.007475326465426054 0.00835644420744066 0.0031026672197741684 0.0004723221030562737 0.00010505395626796658 0.0004608349158061813 9.811323786400197e-05 0.0003035666897019732 0.0005461247246332572 1.3982727122229785e-05 0.00020825550942353384 0.00015139478929952128 0.0001553369866891469 0.0 5.2456583786137426e-05 1.7093708227737758e-05 3.073876701494725e-05 0.0 2.32234359898335e-05 2.396949285677058e-05 8.05523168622036e-06 0.003183097536561233 0.0001296897118570972 0.0 5.5379750975315475e-05 0.004170455816626086 0.00011227766498861 0.0004453888444091981 0.0024936132203483385 0.0012580665240093686 0.0010664320412519155 0.005913401592717996 0.0009225480692836 0.0043074828719945136 0.002961092239370326 0.0028573070785168756 0.000592723596158894 0.00836014838442082 0.004753181947701024 0.006418059532776122 0.0020199912720227186 2.6449625819090384e-05 1.3974486700944294e-05 0.0 1.3861840957963377e-05 0.0 0.0 0.0 0.0 0.0 0.0 0.0 0.0 7.160271660762574e-06 0.0 8.239783278525711e-06 0.0 0.0 0.0 0.0 0.0002729519370021784 6.605048153417032e-05 1.5071267770745491e-05 7.6238163055103805e-06 1.0143230781618021e-05 0.0013298719581569607 0.0 0.0004893840982305258 0.0 5.7433098899317064e-05 0.0 0.0 0.0 0.0 0.0 1.3549714259703514e-05 0.0 3.3643941860075754e-05 0.0001073477638143256 0.0 0.0 0.0 0.0 0.0 0.0 0.0 0.0 6.22390208077586e-05 0.00018107239246266065 7.489434404564066e-05 8.519640515509163e-06 0.0 0.0006052102643093325 3.185127043835284e-05 0.0 0.0 0.0 0.0 0.0 0.0 0.0 0.0 0.002146475828565157 2.359083818763536e-05 0.0 0.0 0.0 0.0016365727642470372 1.538943335552859e-05 0.00017949721460314835 0.00021094985390880306 8.31580101428186e-05 7.661239329654142e-05 1.452044705910173e-05 6.032747965236495e-06 0.0 0.0 0.0 0.0 0.0 0.0 0.0 0.0 0.003045849385766383 0.00020713012154531448 0.00035595844650404405
0.0031694583337469624 0.018335703113699798 0.13065964641723052 0.00019653200494136808 0.011205732164917867 5.2212343219501764e-05 0.0006617883698014541 0.0 0.010775027720023624 0.0003125487308308574 0.233586645538971 0.00199848351397893 0.008036673263508917 0.04969206540496535 0.00135825486008459 0.000591864455980251 0.00020124932876676533 0.0007982314746459392 0.00011855372745200376 0.003560083865676604 0.004188574762067952 0.0 0.0008122519142777047 5.434322624054451e-05 0.0009809002952550225 0.00041628661892792007 9.357525040316351e-05 5.747456168498502e-05 7.546100814053619e-05 2.6533722804072185e-05 0.0748070627366823 0.17787130161216977 0.018326491954686108 0.0008691916903102094 0.0010113801951883018 0.0012630920982984364 0.0033578905626154205 0.0010050663599743713 0.0005238887301059056 0.0004141288081794495 0.0011935271337673106 0.000783927735825454 0.005202280141054138 0.0004847671386509505 0.00028592032286441706 0.00025411248016365425 0.005785742507522275 0.00010533573190700783 0.000112539110385119 0.0012303793831893312 0.0001630779498357006 0.0 6.867494317245631e-05 2.3524685353902337e-05 0.0 1.9246108786676975e-05 0.0016917836328620413 0.008719464545479155 0.00016597129991998666 0.0006643376534087727 0.008761495388999712 0.01003674353038187 0.0015305964837527503 0.07350077992394086 8.175351092073668e-05 0.00041033429105602514 4.957285090383147e-05 0.0004987491653346329 0.0036569805628132563 0.0022843678674893206 0.0016364152433395065 0.00011757344809689021 1.7567787928262058e-05 0.0067344805578867396 0.007813024663553448 0.005052847775197647 0.013620688144050899 0.002285761276890772 0.130706782984049 0.16726994138629128 0.0032655668611758447 0.10679658247869198 0.00014974583866730036 0.0 0.0002150452151386534 1.2162528848942169e-05 0.0005323525200941363 0.0 2.574014071618899e-05 2.6310705142073764e-05 3.229501003256774e-05 4.1438275795250304e-05 0.0014047040228652304 0.00035300713855273706 0.00016010445567138647 0.0008960752347974227 0.00024636823662077566 5.7095455755988086e-05 0.0005175602503046425 0.0012193932559411557 1.4891652654645851e-05 0.0 4.035186932110487e-05 9.83652960696255e-06 0.0 8.467651929273037e-05 1.1811346814470777e-05 0.00010898825222884842 5.135870030601871e-05 0.000141282966532866 6.630216569794244e-06 0.00030136616698853293 0.00020642248967466065 0.00035129249675190866 0.0004196278586637415 0.0 7.408836435976042e-06 6.536775657918506e-06 0.0 0.0 0.0 0.0 7.332095424856587e-06 8.581177245632474e-06 0.0 3.062877790010856e-05 5.051318664179212e-05 3.1490409317964e-05 1.2736696781975115e-05 8.134894933531705e-06 7.115070099517022e-06 1.4848477929259777e-05 0.0 0.0 5.5062943003635766e-05 7.4928813946388356e-06 9.453499798221446e-06 1.5335701120902026e-05 0.0 0.0005235278476273436 3.775977133911497e-05 0.00035821399334775867 9.615330785076667e-05 7.496445033197281e-05 2.6218987122825404e-05 8.169796378904487e-06 0.0 0.0 1.2764534696162928e-05 6.341948593786231e-06 2.9263547048323356e-05 1.0695793005834911e-05 0.00011969067776888874 0.0 0.0 1.5948324170718776e-05 6.621204516051038e-06 2.0580256377259154e-05 0.0 0.0 0.0 0.00010906062357681668 3.6222008070006326e-05 2.3145317650373974e-05 6.283470901691533e-05 7.684222147752082e-06 0.00030049455747033714 0.0 0.0 0.0 0.0 0.0 0.0 1.151248792284902e-05 0.0 0.0 0.00045868402181991144 2.340375154448063e-05 0.0 4.131338524735663e-05 7.4659240943559295e-06 0.00024954506497384824 0.0 0.0001643672151423423 7.516220948991532e-05 2.3300839651963488e-05 7.069683215046708e-05 0.0 0.0 0.0 0.0 0.0 0.0 0.0 8.586257204949564e-06 2.460938974594799e-05 0.0 0.00020090308758966338 0.00021343240472584306 0.0005270327446381112
0.00033538191685416235 0.08629416110665428 0.055999251581941974 0.0016279490124954461 0.20354499581481722 0.0002338414879418186 0.05492016740310583 0.010775027720023624 0.0 0.01179595727213381 0.07625156925448867 0.002460299632470476 0.07371990116787687 0.12021329439853976 0.0005585795926545811 0.00018993967338943032 3.763136326441086e-05 3.786557589496899e-05 0.0 0.0 2.3557754377555098e-05 0.0 0.0 0.0 7.715748454134869e-06 1.7912153419652403e-05 1.1367150483939522e-05 0.0 0.0 0.0 0.004829435945377052 0.004391340285087256 0.0006682724247259167 7.242791974455686e-06 0.0 1.7050761322864395e-05 0.00030852233952300307 8.141750359440643e-05 1.1494337856906057e-05 6.808292254496695e-06 4.04623184581327e-05 1.640258129605536e-05 3.233368530282777e-05 2.4016709205675423e-05 4.508014934163991e-05 0.0 0.004867010245627129 8.290275094946236e-06 2.248510475744645e-05 4.862985251362851e-05 8.485014535804392e-06 0.0 0.0 0.0 9.799217426260543e-06 6.123096870826735e-06 0.0004335134055508725 0.0012017115396842375 0.00012089697697843027 0.000732467375544447 2.6530353689182283e-05 7.866677681811403e-05 9.102220830503056e-06 0.002115333485726624 0.0 2.7281364009334443e-05 0.0 0.0 2.7332793942433507e-05 0.0 0.00019285254155802656 2.241202585153973e-05 7.0038334483130456e-06 0.0035891447795223623 0.0017005788589799205 0.00333947969475937 0.0018828054755926685 0.00038490063464688813 2.028089912826583e-05 0.002035653618470757 1.8969082329093054e-05 7.864465522727153e-05 4.460547544578798e-05 0.0 2.006797511980054e-05 0.0 2.396855364480111e-05 0.0 0.0 0.0 0.0 0.0 1.6155158909278226e-05 2.127581923719386e-05 0.0 0.001296793144246256 0.00012441139535322176 1.2487169793682716e-05 0.0 0.00014580244795821043 3.5922792113542516e-05 7.716348016388033e-05 0.0005795342030411526 0.0001182565043773807 0.0005920845694783578 0.0020120768071263716 0.0002327208733414569 0.0015676748176513646 0.0005668526530620356 0.00101223043941404 0.0003050452826170052 0.002573089344324286 0.00176915036999667 0.0022432303678924593 0.0010921739755069973 3.695976263172057e-05 0.0 0.0 7.2591244051061265e-06 0.0 0.0 0.0 2.7990587885349862e-05 0.0 0.0 1.1341751782645014e-05 0.0 0.0 0.0 0.0 7.7287714632509e-06 7.007294567640772e-06 0.0 0.0 0.00010759928751797698 0.0 1.968385878246035e-05 6.877438518331832e-06 3.666984514757725e-05 0.0006194533437277267 0.0 0.000180258707952758 2.770568190484073e-05 1.8504921583199098e-05 0.0 0.0 0.0 0.0 0.0 7.559585159707893e-06 0.0 0.0 1.2326675718932375e-05 0.0 0.0 7.892246372257704e-06 0.0 0.0 0.0 0.0 0.0 5.3197433640009953e-05 2.3475201752779655e-05 2.3547223702942302e-05 0.0 0.0 0.00021306331906588725 1.0547710767863618e-05 0.0 0.0 0.0 0.0 0.0 0.0 0.0 0.0 0.0009898138188170634 0.0 0.0 0.0 0.0 0.0009208405003239294 0.0 7.476372786442868e-05 8.741084189681666e-05 1.111058734673532e-05 0.0 1.2958704585739305e-05 9.791624869558078e-06 3.7970143867367005e-05 0.0 0.0 9.839183496877452e-06 0.0 0.0 0.0 0.0 0.001369934740224445 0.00011639736248755612 6.670891841286052e-05
0.034020304771501586 0.09290246621443209 0.003398845748846985 0.1350552380641913 0.030061952094817712 0.02506326970675875 0.14974829943497148 0.0003125487308308574 0.01179595727213381 0.0 0.002193133025427921 0.03276476430326486 0.3977826007056278 0.03617039989473833 0.000296106997812989 5.47085747678592e-05 1.8059579578358726e-05 3.49198402362505e-05 4.638239986986068e-05 2.834062260257575e-05 3.665447931116944e-05 0.0 0.0 0.0 7.337401561749995e-06 0.0 7.031668076628081e-06 0.0 0.0 0.0 0.009543027143064731 0.0005994592021692812 0.0007471459229199794 0.0 8.537966375645828e-06 0.0 0.0003798073713785624 0.0 1.4556669425331868e-05 1.0436487260150756e-05 1.8072279476651436e-05 2.658249994254728e-05 6.883746791658438e-05 0.0 8.72688653581151e-06 8.658216175883942e-06 0.0038353753769565053 0.00016085899940006747 0.0 2.2148393159050464e-05 2.499555153909341e-05 0.0 0.0 0.0 8.291221973952195e-06 4.710793755658079e-05 0.0024361198141829633 0.0057939388822308025 0.00031249148928410236 0.0006424279219520238 3.396748532330795e-05 2.850093212080498e-05 1.7156831486768093e-05 0.002607804692649269 9.181580627463222e-05 8.203699411833232e-05 5.757805134346589e-05 1.4059765504835788e-05 3.584278056371655e-05 8.539123550509671e-06 0.001136133761069897 0.00011356652339467244 0.0 0.008148410754013685 0.002231222774516816 0.0020546077692462947 0.0009508054585380894 9.273832272450975e-05 4.5869622993257816e-05 0.00023897401300869553 7.139076521750317e-05 0.00011489573779492175 0.0002834916614562515 2.017040891782827e-05 3.874476537402163e-05 5.47018633727071e-05 3.29472070388497e-05 1.3601388442679187e-05 7.6202746822995566e-06 0.0 1.5544810231070352e-05 0.0 7.879580975629166e-06 0.0 0.0 0.009916350669814689 0.0026782585465558936 1.4916660884725061e-05 0.00024970439584963455 0.02309320378530931 8.624386856034553e-05 0.001951655983495378 0.004790974063528844 0.0022279998136052097 0.0024888446024059173 0.012416454098979556 0.0027763537904329093 0.010013963494446066 0.006380383421948555 0.009607441244073 0.0004242678965707834 0.014752581084874745 0.010079756222261791 0.010641538418750823 0.002790089321345939 1.0896028616562225e-05 0.0 0.0 0.0 0.0 0.0 0.0 7.462010072230091e-06 0.0 0.0 0.0 0.0 0.0 0.0 0.0 0.0 0.0 0.0 0.0 0.0006082469041861409 0.00016865780321751307 0.0 0.0 0.0 0.0012207703537224837 0.0 0.000589563106260572 3.83240646768001e-05 7.024220645973374e-06 0.0 0.0 0.0 0.0 7.1005783052685575e-06 0.0 0.0 2.9097900177409317e-05 8.303500678119131e-05 5.708285005271504e-06 0.0 1.80982942790921e-05 0.0 0.0 0.0 0.0 0.0 5.6739130235325874e-05 0.00012137470345009431 0.00035080649754787676 0.0 0.0 0.0004261985560292991 0.0 3.376977873932992e-05 0.0 0.0 0.0 0.0 0.0 0.0 6.071939665168364e-06 0.0024408019244050744 0.00011607052055569878 1.803563323283275e-05 2.3808858584781647e-05 6.7495912325820845e-06 0.001744125578023357 6.528361633021167e-06 0.00017949226443580602 6.456666189083704e-05 0.0002634577745283108 6.540532724854573e-05 0.0 1.4057895295578794e-05 0.0 0.0 0.0 0.0 0.0 0.0 5.943488326472655e-06 0.0 0.005936921872264146 0.00029590073262571133 0.0002585676225570399
0.004719001467722986 0.11346411163115998 0.2528875672975228 0.0028179833116909626 0.10389687771853154 0.0002882880351660413 0.005152834314324926 0.233586645538971 0.07625156925448867 0.002193133025427921 0.0 0.008220963197931325 0.0671817686958697 0.22331668514918096 0.0013398732693550059 0.0006317191475581281 0.0001892347545544015 8.746041312121347e-05 6.967128168313414e-05 0.0001427429017146107 0.00034518985498677965 3.568247159313278e-05 6.332633911160034e-05 2.3253179710233415e-05 0.0006360489497866948 0.00033796984834946785 2.3265637549231377e-05 0.00013201141755864494 8.24172271016926e-05 3.539407272985905e-05 0.04718596954056544 0.04763677512927462 0.019701869281504646 5.854379454504846e-05 0.00011230481396480505 0.0006349408225981859 0.006163285138185086 0.0008329357753189919 0.00035357903813826124 0.00041192821208151705 0.0006494577077711947 0.00046256178379197675 0.00019733917411319442 0.00015539854094392505 3.364658151120861e-05 5.2166717233022196e-05 0.007741381261269066 0.00010103561315784017 8.606851084007717e-05 0.000161893833005648 4.043513771850078e-05 5.523491627494124e-05 3.619954146252203e-05 3.493683422262055e-05 0.0 4.023693934889675e-05 0.0012993059168781853 0.00344035365009585 0.00022139892168053553 0.0010081900042859262 0.00028912319175926696 0.003781589464859862 0.00016003301422541486 0.005470504429471001 5.3407343407845534e-05 5.083471367442864e-05 3.372014234512298e-05 0.00010383086515323102 0.0005211912821137962 0.0005932790329741476 0.0029118351668647024 0.00019951266340363243 0.0 0.006154460992005583 0.003965573360210979 0.006343155122459221 0.004621005246360406 0.000981773346723723 0.009839045201611555 0.05954592175753903 0.00017440249021672668 0.003333630486337623 0.00014190732343437833 9.673009243382302e-06 5.8258174982500715e-05 2.1973380455423955e-05 9.994300569411437e-05 0.0 5.40240267011268e-05 1.9807194017238394e-05 3.9928430396567095e-05 1.1342062845268143e-05 0.0005616333924543351 0.00017210241651097717 6.179597891386387e-05 0.002883896505079242 0.0005560373966748479 3.080344668238414e-05 0.0004579703297045614 0.0010704090475348307 3.3173311778324446e-05 1.8044986469699562e-05 0.00023348482288096915 7.4152772942693e-05 0.00029917443124655044 0.0006488015441688225 1.68583515658069e-05 0.0006805480801505564 0.00022215440954999525 0.000323473021239196 6.741476057814039e-05 0.0006971461029689538 0.0008072617485537083 0.0010710384937056333 0.000898895964355055 6.60978610814232e-06 2.4657895799918785e-05 0.0 0.0 0.0 0.0 0.0 0.0 0.0 0.0 6.842391399265822e-06 0.0 7.590931290733272e-06 8.82168506079064e-06 3.516335626793829e-05 0.0 0.0 8.373035824997714e-06 0.0 2.134158817145715e-05 4.7893736507140307e-05 5.818065467188705e-06 9.755571178130616e-06 0.0 0.0007131515180839253 1.861054103488654e-05 0.0004506224221122445 8.725688178008831e-05 8.306226802470631e-05 2.6693101325013887e-05 0.0 0.0 0.0 3.8170544867024216e-05 4.6787313591313166e-05 0.0 1.8917547248065042e-05 2.9831902820054853e-05 0.0 0.0 0.0 2.499153510726595e-05 8.334922986628445e-06 0.0 0.0 0.0 5.47264411534522e-05 0.0001361348193315045 0.0 5.2658715345458504e-05 0.0 0.0004473763357756623 0.0 0.0 0.0 0.0 0.0 0.0 0.0 0.0 0.0 0.0010107535529622713 1.7479355781793183e-05 0.0 0.0 0.0 0.00045003330619629214 0.0 0.00019959209883043104 9.164421197398728e-05 8.413477197112169e-05 4.611260726120079e-05 0.0 1.563598115250092e-05 0.0 0.0 0.0 0.0 0.0 0.0 9.158878587194292e-06 0.0 0.0009044529190371126 0.00028441376443380425 0.0005187248621938761
0.0008598003882501857 0.00747034514636687 0.005844123718725131 0.011117156766991652 0.003705320642421144 0.004426795343068257 0.013700893535726821 0.00199848351397893 0.002460299632470476 0.03276476430326486 0.008220963197931325 0.0 0.11036559836684666 0.02185616510557609 0.001038417078214642 0.000498057633692953 0.00016564639008132367 5.6975202669877194e-05 2.38739500816069e-05 5.792941355329469e-05 6.576923820651938e-05 0.0 9.350835989099144e-06 1.6861457810874436e-05 0.0002248915295271078 0.00018312394903835193 4.4070170077763494e-05 0.00010420189112106321 0.00011948209220778326 1.399149711667824e-05 0.0021945012442333533 0.000655342223443603 0.011234227381810619 2.952823943478401e-05 5.050082737897754e-05 0.0002106903055561787 0.024182749351749525 0.00033379097994879967 0.00018224780172984762 0.00023968231245916898 0.00038711575977896055 0.000365026420325503 0.00010600712881558583 8.711890579149582e-05 2.4557762112836688e-05 4.403848112067812e-05 0.0043079071296490195 0.0 2.06895116471771e-05 0.0001237057634837998 4.005622784657969e-05 0.0 0.00023530155127260167 1.0162597715780318e-05 0.0 6.426976576055555e-06 0.00031679287309429016 0.001279726644688069 4.742931234377852e-05 0.0004284596477833291 0.0002522774916293407 0.0012221676941230704 7.03884727053489e-05 0.0008590679902087475 9.47740123681943e-06 3.155279435090988e-05 7.0174670821206005e-06 5.59680350178091e-05 0.00023645132689859044 0.0003645686495068742 0.011835443740045687 0.0009150851857168561 1.0495087515300132e-05 0.0020706073404365274 0.0014440189873856125 0.0022754287201437002 0.0019216415356559948 0.00043962108894013614 2.372663783315693e-05 0.001156129387842839 9.398507267090308e-05 0.0005414972529990149 3.4599245843837894e-05 0.0 2.2555571394493478e-05 5.897360696748751e-06 4.1497963674289685e-05 0.0 0.0001285018754190582 1.2111428050766515e-05 5.223775123076915e-05 6.704095038077306e-05 0.0002781051723775389 0.0001286562468175294 0.00010992549869875089 0.0484241693979032 0.011561972191551527 0.0003217569188679171 0.0006077238206219197 0.000730291993591288 0.00020173980442481386 0.00025854245112861266 0.001186832143882705 0.000459660025159248 0.0019272154733715138 0.005613414682876853 0.0005923193363261247 0.004797658434567917 0.002503803912276383 0.004113155327337467 0.0007642700638061101 0.008868810464403982 0.007157400706639507 0.010280097817172673 0.005063227817187546 9.683955635666241e-05 3.16637308924e-05 1.6640879909414784e-05 2.584143760223502e-05 0.0 0.0 9.300992584907107e-06 9.156770152160785e-06 0.0 0.0 7.090606229028277e-06 0.0 1.5019174091344965e-05 0.0 1.7000939276845426e-05 6.973061249733149e-06 7.893223371764137e-06 1.885052584862731e-05 3.433637656912439e-05 0.0004749727010742932 0.00014578781815730517 0.0 7.6638267354098e-06 0.0 0.004075672411590551 1.1436780318718705e-05 0.001656347432504922 0.0002027255520198779 9.767762313787976e-05 6.514169400841099e-06 0.0 0.0 5.898322362182215e-06 3.6557563588829396e-05 1.4627789403416547e-05 0.0 8.214330415094892e-05 0.0003291845143515912 1.0582780888039084e-05 1.2310385456982605e-05 1.9162247836889836e-05 2.865652203043193e-05 7.368910891123424e-06 0.0 3.15951235117007e-05 1.5077829658686124e-05 0.00013918834476088133 0.00014530529924019223 9.192331072200416e-05 4.2957299184252075e-05 4.348320695612723e-05 0.0019427359763586976 8.733620384427609e-05 2.7378665274080617e-05 7.4215505730508054e-06 0.0 1.7583682242541897e-05 0.0 0.0 1.0245595576317384e-05 0.0 0.006200385861473174 0.00018663663685347957 2.955201929608917e-05 2.3674309213852674e-05 3.077239518461799e-05 0.0026895236159254834 7.952783649410579e-06 0.0005880654689745556 0.00022339072685031376 0.00032450500599307664 0.00012479079920135074 6.73783273684069e-06 1.3812240160711563e-05 6.734320686484881e-06 0.0 0.0 9.542563379909442e-06 0.0 0.0 1.9335681131000333e-05 8.99194146356884e-06 0.008367078638415269 0.0012616811083823243 0.001476025620460725
