0.0 0.3131526780568256 0.053894154576177175 0.16846471011406064 0.004086495315438804 0.009101776024610701 0.024153141038128576 0.01734703024169142 0.0004972745995230195 0.10097595999931655 0.0016174419241882189 0.0008222225741731779 0.0017427070280835073 0.0033503843827816936 0.0001683916050642741 6.468308361826724e-05 4.7626872562541536e-05 0.0 0.0 9.416226953032113e-06 5.649436198319132e-05 2.665491747922577e-05 0.00016221205102908407 0.00022464263110712654 6.128869917715445e-05 4.1572683701771536e-05 4.360171315668894e-05 9.083977644550792e-06 2.2320397983289475e-05 2.0723638395442827e-05 0.08912127482642714 0.005881389991901206 0.0012754598570457096 1.6787122540298736e-05 4.363662659210653e-05 6.774799099276944e-05 0.0002606019194596276 8.306199734346695e-05 1.71174208159622e-05 3.0936802001220856e-05 2.3187677628236655e-05 0.0 0.0 8.524121164970579e-06 1.1237726828261867e-05 0.0 0.0030912248414863455 0.0006527054012877767 6.788480489125115e-05 1.4828622422084936e-05 5.01244344071172e-05 6.256777489525458e-05 2.161265215800814e-05 1.4307194646452223e-05 0.000890003288906503 0.0010455912219988718 0.015646223647897424 0.049422880214169136 0.0057580714479678816 0.003961873994765331 0.00021533439696549373 0.0001982465396754356 5.260340647711261e-05 0.0013355478827497317 0.0010524168247817807 0.000382185093475081 0.00010421625613382419 0.00022671185983268242 9.741312285330482e-05 0.0001142011001093966 0.0013611252851880948 0.0035412577883844843 0.00022745285845231165 0.03228964979072323 0.003929656481681954 0.002493509888595243 0.000253905002545441 0.00014012923758357538 0.0003248987914582916 0.006752897500275503 1.2684741855109677e-05 0.002312894399846344 0.0026001707829714665 0.00010977667144851357 0.00043752621518462965 0.000273670486901738 0.00022622879139616673 6.664313210057933e-05 9.98325199392814e-05 0.00010823388063800184 2.300351870589746e-05 5.4846309454522814e-05 0.00013394703651591205 7.987110286242021e-05 2.2289727559284754e-05 0.0064731475986403485 0.0032247319345038495 0.00010561116641619803 6.809105709994959e-05 0.08038834440175385 1.00843742776478e-05 0.0004399424473532542 0.00025370449057038715 0.00017124199523416974 0.0004608178383627558 0.0002074668027525135 0.0022828956278536914 0.00011435975981463034 0.0003594470134012823 0.004466610413648169 0.0001549012471350399 0.0009911338634869206 0.002277420231483397 0.0007122689224744463 0.0002638315142255685 0.0 0.0 0.0 0.0 0.0 0.0 0.0 0.0 0.0 0.0 0.0 0.0 0.0 0.0 0.0 0.0 0.0 0.0 0.0 9.165377155602466e-05 0.00062494602288238 0.0 0.0 0.0 9.143397027970983e-05 0.0 0.0002594317330051856 0.0 1.0977312443675612e-05 0.0 0.0 0.0 0.0 0.0 0.0 0.0 0.0 0.0 0.0 0.0 0.0 0.0 0.0 0.0 0.0 0.0 1.34565631486682e-05 0.0 0.0002168954648210108 0.0 1.2117934784376003e-05 0.00017118124457505727 3.229131197251517e-05 0.0 0.0 0.0 0.0 0.0 0.0 0.0 0.0 0.00032416719882724887 0.0 0.0 0.0 0.0 0.00015161989092175228 0.0 0.0 0.0 9.833411145139128e-06 0.0 0.0 0.0 0.0 0.0 0.0 0.0 0.0 0.0 0.0 0.0 0.0009919851374911432 2.2236699909862277e-05 0.0
0.3131526780568256 0.0 0.0979019770256183 0.29629326625769464 0.08750868586564711 0.005326026705630267 0.08104217804317225 0.03461289153867648 0.05913672679532721 0.13979339856575643 0.23493350212154773 0.007923671438973965 0.06132147067539598 0.20171474901162037 0.001840079271538132 0.0006267382995896452 0.00016212807549633473 3.099095712305811e-05 1.7275955311798475e-05 8.666250878388071e-06 9.68677501030404e-05 4.154621043785103e-05 0.00011779203861536058 0.00028143322206528097 9.403691434913934e-05 1.2087046272641412e-05 8.415319018836891e-05 3.696307563256801e-05 0.0 4.5722991369989424e-05 0.09728169625021674 0.007122497977970903 0.00369413739047987 5.55650972202834e-06 6.614801946056703e-05 0.00017684435393349894 0.0010468472156878591 0.00015290332251607428 8.425281454445178e-05 0.0001079090380826103 0.00010582408470267725 2.4675522675410663e-05 0.0 0.00018040332818501767 5.6183982582801446e-05 2.1246645690563814e-05 0.018578093944298085 0.0024143215690366794 0.0002875841384187032 0.00010402711528827583 0.00010608457021560668 4.950527570013988e-05 2.909806437776848e-05 0.00012357204358484793 0.0019420461273261412 0.0027222537867293266 0.007342921832149791 0.03141408825365331 0.005297852977585414 0.010531421938003643 0.0003246069442244024 0.0006638608678932509 5.052957851059049e-05 0.0034298815451333 0.0030493141267999005 0.0017166182963307278 0.0003888968985508156 0.0010814347898275834 0.0001998977359593044 0.00031750580669952856 0.002702744148965959 8.814260965921307e-05 0.0 0.05145517146912032 0.017402290713265222 0.020726224174068053 0.007265491922801745 0.0028553961621132088 0.0005203891337009819 0.03257427850239566 0.00011351131095765766 0.002752971613072067 0.006502637305668815 0.0001984190464819219 0.002005226795755799 0.0008273526994576539 0.0008916889977205821 0.0 0.0003652687372014667 1.6189864896802845e-05 0.00013795519742342363 6.783512086179491e-05 0.00010004542117847177 0.00015290014466629625 8.66822548349156e-05 0.0019754568771498445 0.00027646338773523087 0.0 7.753213312176038e-05 0.038834026566065286 6.189109628432208e-05 8.016740825626435e-05 4.888139842117432e-05 0.00018016583123503128 2.6252502117644774e-05 1.9302208997819847e-05 0.00036815808454126434 0.00011815867406898004 0.0005875396477868505 0.0009390330775109676 0.0001314989447279256 0.0006113730367440538 0.0011099313529626057 0.00017482911691094226 0.000195780902112352 4.458532408863684e-05 0.0 0.0 0.0 0.0 0.0 0.0 0.0 0.0 0.0 0.0 0.0 2.2784825503358376e-05 0.0 0.0 1.3382271063827478e-05 0.0 0.0 0.0 7.279273052222159e-05 0.00017538714933061473 0.0 4.8840477873865906e-05 0.0 0.0001381058302069557 2.7188701012254844e-05 0.00032270104322203944 7.610191614065017e-05 5.253652819941223e-05 1.3620969553759537e-05 0.0 0.0 0.0 0.0 0.0 0.0 0.0 1.0465847926623754e-05 0.0 0.0 0.0 0.0 1.705863470993118e-05 0.0 6.543979219633486e-06 6.384076237988244e-06 0.0 0.0 5.156284760714256e-05 1.3801373369849724e-05 0.0 0.00015169624043800684 0.0 1.0167519195943458e-05 8.591979367861487e-06 0.0 0.0 1.1549839173739725e-05 0.0 0.0 0.0 0.0006154599243828592 0.0 0.0 0.0 0.0 0.00041823728837617983 0.0 0.00012376004637690565 4.774591084144531e-05 0.0 0.0 1.5122968553385601e-05 0.0 0.0 6.812143654436864e-06 0.0 0.0 0.0 0.0 0.0 0.0 0.0007745531204222578 0.0001704256293748267 0.00011466188480018793
0.053894154576177175 0.0979019770256183 0.0 0.003834059635179438 0.0440756076675979 0.0002476667358839133 0.002627933646077841 0.23241016515361124 0.012338768352213531 0.0029212041140259225 0.2608634255408356 0.002310249097378967 0.00951992870258958 0.16310395063724092 0.0013487379644424927 0.00047888792869355207 0.0001283820296021446 5.484840450753964e-05 0.0 0.00010640749877194581 6.333592573117084e-05 2.0645254373438772e-05 0.00038104855366614314 0.0008198032129452914 0.00036894573159725806 5.2486892960472375e-05 0.0003881201276651129 0.0 4.32730590626439e-05 3.134828358128627e-05 0.17373779319282817 0.0583852774422504 0.00629186271282421 0.00011234137374633548 0.0001758412661801126 0.0003998193963189264 0.0007237385723770758 0.0004362083627627543 0.00030470747993443685 0.00028009437972812177 0.00016495192774017972 0.0 6.708006234372117e-05 0.0001254710004622704 2.2061279192656388e-05 5.290495773322451e-05 0.007320598704836772 0.00094933533377534 0.0001300221716009457 0.00018406554258136975 5.369962533303974e-05 8.072327743376462e-05 4.06630915102051e-05 5.5984701539570615e-05 0.0007055331018835744 0.001076361330319107 0.005086074668883003 0.023707911552250962 0.002669469117311549 0.0038510389100570373 0.0002080797985706501 0.0007095746519637446 8.375923733611178e-05 0.011091657240673326 0.0009092851963468061 0.0008693601995387485 0.0002693473067920796 0.0009223124458634263 0.00032384069386727504 0.0008172945944642973 0.0020825820297489233 0.00016079491108204013 0.0 0.025620903868491616 0.0120750848578336 0.009713681305929086 0.0051990135974247145 0.002449564761919384 0.003167068227261746 0.10560516806014746 0.00018533614462123258 0.011818697808239957 0.0025506643662786483 7.826160189574646e-05 0.000705075311049409 0.0002993763277292158 0.0006816035091969731 8.03989703983782e-06 0.00020544345357181095 3.1342778482660414e-05 0.00017313651570162645 7.031536089737879e-05 0.0002981976446708721 8.77047894300254e-05 7.845786850803727e-05 0.0003378962946315309 0.0 0.0 0.00010905504501523944 0.012028920018959388 0.0 0.0 7.64804570681051e-06 0.0 1.542485134987391e-05 0.0 1.0529232097945904e-05 0.0 3.389670101554896e-05 7.410498673065132e-05 0.0 5.997481642223268e-05 0.00011587113129610271 4.416378225679534e-05 8.597443905696617e-06 6.068731961678033e-06 0.0 0.0 0.0 0.0 0.0 0.0 0.0 0.0 0.0 1.3188423403041792e-05 0.0 2.517300253722396e-05 0.0 0.0 0.0 0.0 1.4413106512935766e-05 0.0 1.0232515217818952e-05 0.0 0.0 0.0 3.2872258887599766e-05 4.707940358358522e-05 0.00011580759193566824 8.307495093164845e-05 3.936058752667691e-05 0.0 0.0 0.0 0.0 0.0 0.0 0.0 8.441325422177728e-06 5.549948279330865e-06 2.477484488299449e-05 0.0 0.0 0.0 7.610183090420588e-06 1.121566646080525e-05 0.0 0.0 0.0 0.0 0.0 0.0 0.0 1.9638289831431266e-05 3.5380858557791854e-05 0.0 0.0 0.0 0.0 0.0 0.0 0.0 0.0 0.0 0.00018194234449064135 3.443597965396561e-05 0.0 0.0 7.738243499992774e-06 0.00015578690316953787 4.817890198518599e-05 8.225779501864249e-06 0.0 0.0 0.0 0.0 9.33355994666201e-06 0.0 6.2994570231251915e-06 0.0 9.237526102315033e-06 0.0 0.0 0.0 8.934436475343135e-06 0.00014394905475325202 0.00011904159078050984 4.717363923287651e-05
0.16846471011406064 0.29629326625769464 0.003834059635179438 0.0 0.0023875221146492814 0.019433246899796305 0.07201853565468953 0.00010899479636939197 0.0005564959263655908 0.08808724775333146 0.00042416028600460344 0.007618402674702546 0.019815810623550142 0.0033026901534416882 2.102311282150185e-05 1.0105900888611919e-05 0.0 0.0 0.0 0.0 0.0 7.938642022400088e-06 0.0 1.2989834244603547e-05 6.127857837811104e-06 0.0 0.0 0.0 0.0 0.0 0.0020853987479963003 2.3334143231399408e-05 0.00014718388773957256 0.0 0.0 0.0 0.0 0.0 0.0 9.655918300580739e-06 0.0 0.0 0.0 1.3315810738622882e-05 0.0 0.0 0.001498318609292764 0.0004340451858404675 2.006306476978022e-05 0.0 0.0 0.0 0.0 0.0 0.0002971468974005409 0.0003486824011563561 0.0019604715337107554 0.003985065331682295 0.0008333667560612652 0.0014700100530646628 1.2895839020868904e-05 1.2940220755652925e-05 0.0 0.0002528345321497391 0.0004171417278983052 0.0002109596552732546 3.6865970748210745e-05 6.1650777714111e-05 0.0 0.0 0.00026095358563011755 0.00010306487871736743 0.0 0.007960351584868228 0.002199757732453206 0.0017102144311295642 0.0001992081449088187 1.9904627854976713e-05 1.4140681431593122e-05 0.00034018534344420294 1.2374492954655196e-05 5.3341361273924415e-05 0.0012610120252053707 2.6920471327483766e-05 0.0003035243916215175 8.712539440606437e-05 9.520881846489319e-05 0.0 2.8377088092821137e-05 0.0 1.496047908653441e-05 0.0 8.999880429429308e-06 0.0 0.0 0.002090354147975388 0.0001368602577019983 0.0 0.0 0.026800536186598348 1.6765522449641264e-05 0.00020255007719346735 0.0024854239127336235 0.002195035812730147 8.861037374519771e-05 0.01003404807094193 0.0007823770212582212 0.00040856971031785825 0.007837873547518782 0.002068489248259832 1.3581805465040986e-05 0.0012012923126433264 0.0005324554804500875 0.0005183201418739574 0.0 0.0 0.0 0.0 0.0 0.0 0.0 0.0 0.0 0.0 0.0 0.0 0.0 0.0 0.0 0.0 0.0 0.0 0.0 0.0 1.3511949202328482e-05 0.0 0.0 0.0 0.0 2.4516218700225624e-05 0.0 2.4769912925976768e-05 3.358762426316282e-05 0.0 0.0 0.0 0.0 0.0 0.0 0.0 0.0 6.758255410845855e-06 2.096568226885377e-05 0.0 0.0 0.0 0.0 0.0 0.0 0.0 0.0 4.98007363714293e-05 5.3415955507264195e-05 9.713618259176514e-05 0.0 0.0 5.6007247460840896e-05 0.0 0.0 0.0 0.0 0.0 0.0 0.0 0.0 0.0 5.544405206399482e-05 0.0 0.0 0.0 0.0 4.2927287727073345e-05 0.0 1.967516017804218e-05 6.117566448311622e-05 0.0 6.8418100519116374e-06 7.67080442527274e-06 0.0 0.0 0.0 0.0 0.0 0.0 0.0 0.0 0.0 0.00020535103610405192 0.0 0.0
0.004086495315438804 0.08750868586564711 0.0440756076675979 0.0023875221146492814 0.0 5.27969866718145e-05 0.047722303875166544 0.020024582730156417 0.11854263436542087 0.050925692893824794 0.22536046068886828 0.006521361879040452 0.050197198254241564 0.11900009208674445 0.0017260396086663777 0.0005196453081705901 0.00010144333354719713 0.0 0.0 7.16366815607803e-06 5.4917336689628566e-05 0.0 3.8737014159723055e-05 7.078477915822009e-05 1.9548109673375406e-05 0.0 2.1285889137351182e-05 1.0820843021141276e-05 6.560499806048986e-06 9.725266671652806e-06 0.00512776095601164 0.003086909018163585 0.0006126452541614953 8.104707892886071e-06 8.489324121387263e-06 6.182058281923223e-05 0.00024315863207526733 8.649759096012365e-06 0.00010324205648100069 2.851891800908976e-05 1.6073296123433212e-05 7.981728163230954e-06 1.0904993141641973e-05 7.671140315646986e-05 7.53420273614543e-06 5.2305091266695884e-06 0.008817852548697226 0.0008605576114981293 0.00016895268483378917 2.6730602739052425e-05 3.669639666324542e-05 0.0 0.0 8.450612667579752e-06 0.000531530822570034 0.000827631025840129 0.0005481953821574983 0.0031416211366507595 0.0006390632460688302 0.0029722080086597934 9.80619749982841e-05 0.00037801648054565547 2.316196326258907e-05 0.0018573061953201509 0.0005764349480075938 0.0005855943022972591 0.0001262643518938183 0.00051317559164392 4.400122989132663e-05 1.8036527746061277e-05 0.0023868538256558176 6.729838873563105e-05 0.0 0.009813882850293778 0.003973772838968986 0.008709473090678595 0.004651940500015644 0.0019686246012351047 0.00013036725516658653 0.0008332956453532278 6.632101887491761e-05 0.0009587885727438319 0.0016272737593408953 5.127795449143211e-05 0.0006655350662603263 0.00024080758286085813 0.00025101005428949724 8.081101512681342e-06 0.00010963094358147204 0.0 6.219387083036888e-06 3.95180609757412e-05 1.547562640581702e-05 0.0 3.511576322282036e-05 0.0025184292433458825 0.0002196434913118554 0.0 0.00015373666100890635 0.0007556218527880877 2.883758297970189e-05 7.076114514965066e-05 0.00021506761747595065 1.8969511757127863e-05 0.00016568777043668586 0.00013248175267378454 0.000252304464925681 8.967212004386739e-05 0.0005660393748840159 0.0012645715984633502 0.00012056800620048018 0.0008712890738202784 0.0015324873203763482 0.00034730683778332283 0.0005499064373509211 0.0 0.0 0.0 0.0 0.0 0.0 0.0 0.0 0.0 0.0 0.0 0.0 0.0 0.0 0.0 0.0 0.0 0.0 0.0 0.0001357050857941769 0.0001684753760295571 0.0 0.0 7.383941936212975e-05 0.0002820540055552377 0.00011451596588594373 0.0005549014975536173 9.917126736125227e-05 9.323999474368228e-05 0.0 0.0 0.0 0.0 0.0 0.0 0.0 8.227153278211147e-06 1.2481763901546954e-05 0.0 0.0 0.0 8.896389277963516e-06 0.0 0.0 0.0 0.0 7.892157592711133e-06 1.61506631864813e-05 6.936939919679131e-05 0.0 0.0001069436389457001 0.00042006840762502564 8.247833403107856e-06 0.0 0.0 0.0 0.0 0.0 0.0 0.0 0.0 0.0009068813399220542 1.1352359852589862e-05 0.0 0.0 0.0 0.0004281246142175997 2.0520621056764478e-05 0.0002254367996328646 1.2727020894988764e-05 1.794340840027138e-05 8.346208016566223e-06 0.0 0.0 0.0 0.0 6.235895324863905e-06 0.0 0.0 0.0 0.0 0.0 0.0008817406026120994 0.00011539337691101015 8.718007975736888e-05
0.009101776024610701 0.005326026705630267 0.0002476667358839133 0.019433246899796305 5.27969866718145e-05 0.0 0.0015737792552171141 4.139659226192474e-05 5.7191450901586564e-05 0.030463694929861222 8.834748632805201e-05 0.0031948549412887444 0.0012707236446405372 0.00036660567847199944 0.0 0.0 0.0 0.0 0.0 0.0 1.6348469933144742e-05 0.0001465533390922883 1.8630087303550195e-05 0.0 0.0 1.4909507105013113e-05 0.0 1.2988108353566115e-05 0.0 0.0 0.0008932684907561665 0.0 0.00015571815674411373 0.0 0.0 0.0 0.00037943446403957906 0.0 7.904660015575426e-05 0.0 3.084220424400073e-05 0.0 0.0 0.0 0.0 0.0 3.219106450863267e-05 3.3208012883535165e-05 0.0 9.487582789326532e-06 4.0610558232159485e-05 0.0003244648409636745 1.914979565435849e-05 0.0 0.0 7.343933830344712e-05 0.0015410189111930257 0.00041401943288329584 0.0 0.0 0.0 7.998690568346634e-05 0.0 1.2142856745010488e-05 8.1298062047846e-06 0.0 8.046131057021716e-06 1.1822554646830495e-05 0.0 0.0 0.006141648543105154 0.016302838028378307 0.0016736102262044597 0.00019376564569115626 1.9276647469934438e-05 2.4213360093409616e-05 1.0724804474093928e-05 0.0 0.0 8.069843483119891e-05 0.0 1.2604654867732517e-05 0.0 8.356491411475073e-05 0.0 4.721064654563582e-05 0.0 0.0004396396199018282 0.00042913443035954673 0.0011110804078329148 0.00010268891898458053 0.00045205014141972723 0.0 8.808667456528413e-06 6.93996246277731e-05 0.01376261671838891 0.008048282960983375 0.0008442607554651068 0.00029829358152202393 0.011417289800349423 0.0 0.00012694036977534828 0.00013756359944837898 1.2782829603845199e-05 8.460553705901337e-05 4.469763750600513e-05 0.0007564864319073449 5.48250767623321e-05 0.00017507740126775014 0.001985437481053192 8.535882736174631e-05 0.0006000393507268134 0.001199061706639558 0.0002845005795466783 4.032437187384606e-05 0.0 0.0 0.0 0.0 0.0 0.0 0.0 0.0 0.0 0.0 0.0 0.0 2.7089785588253413e-05 0.0 4.159364128599035e-05 0.0 1.0295106984128007e-05 1.1673048747875651e-05 2.390300420652162e-05 0.0 6.11972722156618e-05 0.0 0.0 0.0 1.8920500801662715e-05 0.0 5.5721657757637484e-05 1.101081918384368e-05 2.1778192501727284e-05 0.0 0.0 0.0 0.0 0.0 0.0 0.0 0.0 7.116652909084304e-06 0.0 0.0 0.0 4.452578907757119e-05 0.0 0.0 0.0 1.4018328924600448e-05 0.0 0.0 6.238805943693172e-05 0.0 0.0 9.89797099155489e-06 0.0 0.0 0.0 1.5627208546987186e-05 0.0 0.0 0.0 5.9312291175914676e-06 0.0 6.511646626181409e-05 3.841323323894105e-05 0.0 1.11790606410904e-05 0.0 5.789336655407865e-05 0.0 2.006243695928023e-05 6.067182421904647e-06 0.0 0.0 0.0 0.0 0.0 0.0 1.0059641600703386e-05 0.0 0.0 0.0 0.0 0.0 0.0005195873685506265 0.0 0.0
0.024153141038128576 0.08104217804317225 0.002627933646077841 0.07201853565468953 0.047722303875166544 0.0015737792552171141 0.0 0.0006649623996249261 0.048127152628482 0.1883077836231336 0.03568229227343492 0.03854434931684502 0.3040036443145777 0.17136471106944204 0.0011326177291971372 0.00035460574502109465 3.765318162874472e-05 4.500603824521244e-05 8.148758087293698e-06 1.2281109081969235e-05 1.8523725153505798e-05 0.0 4.061621322935978e-05 1.245124455179177e-05 0.0 1.2631575476026146e-05 5.679330147708275e-06 0.0 0.0 0.0 0.0035988029199758333 0.0015178639214472544 0.0007620070653160539 2.6314564242324148e-05 1.0524710451535856e-05 4.051857929121039e-05 0.00022770280756505203 1.0661470856800802e-05 0.0 1.512106278405885e-05 1.930236359909466e-05 0.0 0.0 2.7571907606318796e-05 5.280611696459152e-06 0.0 0.007767468713044078 0.0009347267148456865 2.628866470784932e-05 8.591396233015058e-06 3.245647080966642e-05 0.0 8.712289139379003e-06 1.1358442795524228e-05 0.0006284448619406978 0.000829603938559315 0.0012557570291178517 0.006264670846894603 0.0014481109235687552 0.003805970692119637 6.836004156813076e-05 0.00045600181701736597 9.301114841103476e-06 0.001192166082999424 0.0009259636347787499 0.0005986121035009898 0.00015433279411917512 0.00029394435903336687 3.717126829300846e-05 4.896993028274894e-05 0.0022320159391785977 0.0001750573418993029 0.0 0.015167586455725007 0.005425236523377839 0.007687171527304768 0.0031195021894190864 0.0014496616742874883 0.00011040095551106147 0.0002955234446975312 4.673187755293744e-05 0.0007519014236638001 0.002211854432194041 3.275132130558225e-05 0.0005583711228493714 0.000411142391334703 0.00028999869583815687 2.0077698397670463e-05 0.00017489250519712725 0.0 4.4736166730173125e-05 8.119100507382126e-06 1.4065862056472908e-05 1.699927428661694e-05 2.5779873088122797e-05 0.004618668685596129 0.00022022059259370883 0.0 6.707014199728124e-06 0.003619790746085076 1.6456229960875442e-05 5.695401567454259e-05 0.0012585913701470442 0.0003861289390765962 0.00020280013564399153 0.0030255089078996965 0.00022837486283367898 0.0012842930661319794 0.0018958157175249346 0.0031705801850905957 0.00026786033350798753 0.001151198048410462 0.0021335475715098906 0.0007617722688917576 0.0004461667387649441 0.0 0.0 3.127982343274743e-05 0.0 0.0 0.0 0.0 0.0 0.0 0.0 0.0 0.0 0.0 0.0 0.0 0.0 0.0 0.0 0.0 7.656772331544142e-05 0.0001408187810192198 0.0 0.0 1.955754799302697e-05 0.00024327009312819276 0.0001491265767912899 0.0006693702271656498 6.457264422699817e-05 7.620077101738428e-05 1.1896599839901558e-05 0.0 0.0 0.0 0.0 0.0 0.0 7.717204794192505e-06 1.9076728035127767e-05 0.0 0.0 0.0 1.2150564470924233e-05 0.0 0.0 0.0 0.0 2.0314179564375968e-05 0.0 3.9968037685396905e-05 3.622578744353428e-05 0.0 0.0005968545579995025 0.0 0.0 0.0 0.0 0.0 0.0 0.0 0.0 0.0 0.001081666904536991 0.0 0.0 0.0 0.0 0.0006267576482624985 0.0 6.470207135886668e-05 2.9896435941966153e-05 5.96623307999126e-06 7.608130949544681e-06 0.0 9.720274755205309e-06 0.0 0.0 0.0 0.0 0.0 0.0 0.0 0.0 0.0013870968409313185 0.00011145213895685254 0.0002024789406205779
0.01734703024169142 0.03461289153867648 0.23241016515361124 0.00010899479636939197 0.020024582730156417 4.139659226192474e-05 0.0006649623996249261 0.0 0.009891531159513427 0.0004769827048800431 0.160724688343178 0.00203551982570412 0.004594436906201027 0.14802422209292757 0.0038675503661797597 0.0020607926436446294 0.00022617903976539266 0.0002405133396011282 0.00029224296201083814 0.0006934666316885839 0.0008067056474769966 0.00011457619395747708 0.0023498803259000317 0.005194120009739348 0.001612696269348533 0.00027046509575894933 0.0016001698350839664 2.0181795609647004e-05 0.00017662716794642988 0.0001535892625075568 0.08842821266341672 0.1777200647342787 0.01305825441607434 0.0009677045910931589 0.0013764420326252732 0.00282010887494828 0.0024343411255982697 0.002258570077200961 0.0008675086594013641 0.0018599297560280218 0.0009814217079439117 0.00014808959961549255 0.0013615249841523716 0.0007875512996086758 0.0006988693742772806 0.0007766487671550048 0.01146265750740882 0.0011339927288339627 0.0005227837310965338 0.001352140801987529 0.0008793667746927514 0.0002631250116766987 0.00033576335078211396 0.00019911848733834202 0.00039964004649555766 0.000777836261898175 0.002047052690480858 0.012547815159420299 0.0012588210315164503 0.0038631831852540483 0.008450529703127579 0.0034444317676932167 0.0006826870795524055 0.025314143101104133 0.0009169921665953894 0.0017695935964683158 0.0006055566652047332 0.004140344918116512 0.0030034445866477352 0.0044619265558184275 0.004365687289877208 0.00020366682627571676 1.1180483207953677e-05 0.015207943458461076 0.009570762111402452 0.013885425251527443 0.018796939383829366 0.03368875644783028 0.08352619258952254 0.24135505643552838 0.004138055498966185 0.18269435084330726 0.001588407478528954 4.2782876616136686e-05 0.0008048277610486022 0.0003573829273725047 0.0020906153988528033 0.0 0.0001788090016567773 0.0 0.00039213567592707516 0.00021958624886722234 0.002493908000398144 0.0004705393540430224 0.00021675227700000904 0.000590007393335377 0.0001073900063328184 0.0 0.00021315177555283356 0.0030132027792760603 0.0 0.0 1.959360124544781e-05 0.0 4.669509890898383e-05 8.222693295959751e-05 1.1254536630750401e-05 5.1564923849357884e-05 3.052320244247427e-05 0.00015763853383390434 0.0 9.938086612910465e-05 0.00022114216550231678 8.235929340082465e-05 9.826733193039875e-05 0.0 0.0 0.0 0.0 0.0 0.0 0.0 0.0 0.0 0.0 1.537761742731277e-05 0.0 3.673959390537263e-05 0.0 1.1294234475961453e-05 0.0 9.439394218589378e-06 1.9240961028142803e-05 2.5583105050404565e-05 2.7582301749821457e-05 2.277563995385195e-05 0.0 0.0 5.722264156182021e-05 7.699723152171728e-05 1.955795360093426e-05 0.00023617720061275038 3.213176228123556e-05 4.817841643137233e-05 0.0 0.0 0.0 0.0 0.0 2.821096578993067e-05 0.0 0.0 0.0 0.0 0.0 1.1314312655210243e-05 2.9579630301514584e-05 2.3884832972274683e-05 0.0 0.0 0.0 0.0 0.0 0.0 3.600656166017779e-05 2.9959952964573883e-05 8.89027259315396e-05 0.0 0.0 0.0 0.0 0.0 0.0 0.0 0.0 0.0 0.0002896783743413379 2.9911502218290855e-05 1.6825702318495765e-05 9.611994491245673e-06 0.0 8.184085242776724e-05 5.711930559946678e-05 6.158419159167139e-05 0.0 1.0977187822115686e-05 6.39813319724507e-06 0.0 0.0 0.0 0.0 0.0 9.90223516511944e-06 0.0 1.7021038383949968e-05 0.0 8.94285959955135e-06 0.000219386993101006 9.152148577016599e-06 0.0001504631159809407
0.0004972745995230195 0.05913672679532721 0.012338768352213531 0.0005564959263655908 0.11854263436542087 5.7191450901586564e-05 0.048127152628482 0.009891531159513427 0.0 0.016376513332314924 0.10386667233375599 0.005309045942347999 0.035227716439204804 0.09424721344078017 0.001493755252869581 0.0007168329284581187 9.21156137665627e-05 9.601806090884399e-06 6.627037725809762e-06 0.0 5.129377202414163e-05 0.0 3.656202875679598e-05 0.00011638932420171537 1.3772614005709675e-05 0.0 0.0001020854249725506 0.0 0.0 1.2221691638412944e-05 0.0015355453094907615 0.0017903177386405364 0.0012767764773600869 8.057941889012188e-06 2.4180213109820195e-05 8.487808676191589e-05 0.0003531831834483565 4.309111334866844e-05 3.44017416438893e-05 6.983528866883912e-06 3.9246079711746396e-05 6.827246964527009e-06 0.0 0.00012132327046169528 7.924602110432121e-06 0.0 0.0047649320438387386 0.0003821510958905613 0.0 3.175831143909844e-05 7.814543167623357e-05 0.0 0.0 6.9250549025902524e-06 0.00010905959017515133 0.0002742117036405465 0.000126250263191334 0.00090456997562043 0.0003496918404944356 0.0012697210201031374 5.608127443094801e-05 0.0006435627880236068 8.36963475361665e-05 0.0012912651004234727 0.00028392118158352954 0.0001956036020785089 9.676350710735227e-05 0.0002664754811260396 0.00010756929149405697 5.124523956843959e-05 0.002229660227236767 0.0001791044799631931 0.0 0.003147966624586906 0.0015252790412288429 0.004810244315466124 0.002813963550693441 0.0018852187612510578 0.00024444059877842263 0.0013967858503709215 4.47410892817901e-05 0.001193987636955708 0.0006560433885946487 4.30001108058846e-05 0.00024447584492989175 0.00010245742679513482 0.0002204715510235171 0.0 8.162084658398618e-05 0.0 5.2485479799009845e-05 1.1374288544435995e-05 7.199614539632866e-05 6.0050956080483025e-06 5.587523208025379e-05 0.0036428147485781295 0.0002197020058369398 0.0 4.9138399820963815e-05 0.0001874145647746704 1.838159132522548e-05 7.299605588777446e-05 0.00023910555214945402 5.97428527870744e-05 0.0002295963028438272 5.551394829966051e-05 0.00032167470473016424 0.00020713304740423727 0.0005871881473865487 0.0018352250877792032 0.00028245215497974154 0.0010072939020944354 0.00227699409511329 0.00043544170444636935 0.000411146743096062 0.0 2.7750437396309747e-05 0.0 0.0 0.0 0.0 0.0 0.0 0.0 0.0 0.0 0.0 2.4023683727856084e-05 0.0 0.0 0.0 0.0 0.0 0.0 0.00013652615141470666 0.00019995536284969314 0.0 0.0 4.27631311529394e-05 0.0003679016286547183 0.00029780376706182104 0.0006970924213191856 0.00014447484663483224 1.115249861370032e-05 0.0 0.0 0.0 0.0 0.0 0.0 0.0 0.0 0.0 0.0 0.0 0.0 0.0 0.0 0.0 0.0 0.0 2.248119918070624e-05 0.0 4.9897589661316526e-05 3.960027946206308e-05 3.939009814720178e-05 0.0002939323348163469 2.013616060521319e-05 0.0 6.632437601514743e-06 0.0 0.0 0.0 0.0 0.0 0.0 0.001355134629221546 0.0 0.0 0.0 0.0 0.00038681746731679726 7.268062226015713e-06 0.00027253296070139666 1.254801260523471e-05 0.0 1.8594025821403692e-05 0.0 0.0 0.0 0.0 0.0 0.0 0.0 0.0 0.0 0.0 0.0013512158895738174 0.00013803917060482273 0.0003783995260722316
0.10097595999931655 0.13979339856575643 0.0029212041140259225 0.08808724775333146 0.050925692893824794 0.030463694929861222 0.1883077836231336 0.0004769827048800431 0.016376513332314924 0.0 0.0015617810359004956 0.23909854837957684 0.47566613927805756 0.03401436423779566 0.0012120973381317581 0.00045203204895571155 5.778018254930354e-05 7.473898245731009e-06 1.6312173315979514e-05 1.8671836113962064e-05 1.6923690722685876e-05 1.859656998230628e-05 6.176308231391608e-05 8.781833965759214e-05 4.8938889521089726e-05 2.4301507509228622e-05 3.329607682642251e-05 4.1913866965289256e-05 2.6643134863437548e-05 0.0 0.0020786802445117197 0.0006678527362953151 0.0032019866745822546 1.1864956544756867e-05 2.991610910114519e-05 4.2076647411726126e-05 0.0012990739185236603 2.6022019833104444e-05 1.9084571551514835e-05 3.918685155188018e-05 1.7148856604452866e-05 0.0 0.0 0.00011039737264121368 7.334762976776956e-06 1.3909879363427333e-05 0.00770013736366936 0.0009068061272836154 6.59356425724684e-05 1.2167669367861263e-05 5.6122750484738166e-05 6.878637427597876e-05 4.4531266547832354e-05 2.871475138510857e-05 0.00045127757180897163 0.0005939051377772838 0.002909098482681401 0.00418920352313681 0.000986747859415122 0.0033290369952558704 7.450712992344815e-05 0.0009355415235233677 2.2509208464136562e-05 0.0013486422885912123 0.0008003003567697815 0.00039254605883876564 0.00011843474844581329 0.00033143238652766073 1.7473625680151058e-05 6.789202941470142e-05 0.010553621437202187 0.00303550001528433 0.00021288439411764256 0.011230780501869807 0.002914112531212534 0.0067274954103922376 0.0023842514394442193 0.0013750734921474115 0.00015691246334877638 0.0006442900200757274 5.556904454941021e-05 0.0013604705340933328 0.0016565519459605688 7.212363560348044e-05 0.0006628959590128547 0.00018922168496783015 0.00018981178568919363 2.7184025940245082e-05 0.00015444918712911827 0.00017473015210858699 8.785135437773353e-05 6.260006187251303e-05 7.265916736537373e-05 2.045200454343818e-05 3.686159077064949e-05 0.02530459347794012 0.003429995269360781 0.0001451861065529684 5.9954477830950665e-05 0.04101850055345687 0.0002843882449671583 0.0010300445060471694 0.0020005244616041243 0.0009793601916469699 0.0017141030417516688 0.0033784636035963083 0.005616559398386483 0.0010964250834466544 0.00848802257793029 0.01734927923525366 0.000969389795542623 0.007892980634053656 0.014138172024821972 0.004004696898415704 0.002149762835691416 0.0 0.0 1.5738877694404173e-05 8.03330385391282e-06 0.0 0.0 0.0 1.3235912447098246e-05 0.0 0.0 2.144838859744068e-05 0.0 5.5612293521241535e-05 0.0 3.3304862646397096e-05 9.573836192569708e-06 1.3422434476375605e-05 0.0 8.902668558638528e-06 0.0005614718224764237 0.0007883644740979772 0.0 3.470518103420155e-05 3.922140287936893e-05 0.0010349485149165653 0.0006203854463429557 0.001958230249637949 0.00013332516611433136 0.00023742766510177226 0.0 0.0 0.0 0.0 0.0001122973082681516 0.0 0.0 0.0 5.454097017325928e-05 0.0 0.0 0.0 3.32044141420736e-05 5.004714376295021e-05 7.805944162421135e-06 1.3320766796980017e-05 0.0 6.808318242817254e-05 0.0001350117449279801 0.00081353250000253 1.0559700893672072e-05 8.793303616837525e-05 0.0014237307798552151 7.201982701973938e-05 0.0 0.0 0.0 8.119923479947658e-06 0.0 0.0 9.068702098059431e-06 0.0 0.0037858143122541637 1.5664556217686108e-05 0.0 0.0 0.0 0.002252906551065699 0.00016733998603086085 0.0009019313321767828 8.740212539743735e-05 0.0 3.139924615740682e-05 1.0317137959707287e-05 0.0 0.0 0.0 0.0 0.0 0.0 0.0 0.0 0.0 0.007886322425654091 0.00032782996873008266 0.000410646798431415
0.0016174419241882189 0.23493350212154773 0.2608634255408356 0.00042416028600460344 0.22536046068886828 8.834748632805201e-05 0.03568229227343492 0.160724688343178 0.10386667233375599 0.0015617810359004956 0.0 0.0033099862461132864 0.030755063851507492 0.14085211357606872 0.0015012213064232501 0.0008752259882292793 8.172801407146971e-05 2.8165712879902277e-05 2.7320898622481466e-05 7.511068036788262e-05 9.443251784922798e-05 3.1865143859180286e-05 0.00014696507167898622 0.0005907190976586984 0.0003187623282666328 6.26690875207719e-05 0.0001570117608671832 4.3982882305815655e-05 6.267223010029713e-05 3.5997665326744396e-05 0.005361544007748887 0.0030156554949941888 0.021302489920679676 0.0 0.00012210829635006775 0.000408409725626794 0.002760894773216997 0.0009416092843774184 0.00037782778175394225 0.000602693854615311 0.00016142648374233094 1.4881758821453574e-05 2.388685101857288e-05 0.00011140117579289446 3.0295714014559843e-05 0.0 0.003917202716482762 0.0002856990157101073 8.301692019686512e-05 2.9875761107607363e-05 0.00016531641405972798 0.00017433294498767066 0.00015252952132275928 0.00010217761671069156 8.05684498414985e-05 0.00016735900433901275 0.00016210390714343521 0.0007899114556023601 0.0002071697419874217 0.001185518469195963 0.00018365076793536712 0.0025370845212518266 6.59637118153285e-05 0.0013919360160220013 0.00018583818022403366 0.00022709642727066723 9.792094454107911e-05 0.0003624738353689644 0.0002263268620976134 0.0003723971221723101 0.005758267075600758 5.8473123685968505e-05 2.9590162586840746e-05 0.0024260134638563057 0.0011858372687813736 0.003677924360081022 0.002272121109958264 0.001703532604005204 0.0028206145804208866 0.03944605252220231 8.452308755253558e-05 0.008246380108212496 0.0005267831708462008 0.0 0.00010899429494396454 6.666976878333785e-05 0.0002269044706832697 0.0 3.670842264377802e-05 0.0 6.697654885442861e-05 2.859663307196555e-05 0.00036284427707069936 7.420295279701466e-05 4.5638788344109515e-05 0.0012325270742132488 0.00016615710169757026 0.0 0.00014934825268154146 0.00032423562488121 1.5725726592806978e-05 1.6657517293653537e-05 4.823004267608322e-05 8.723686956709089e-05 0.00011891244463498874 0.00013753889851466207 2.2082774648230527e-05 2.1964589909444713e-05 0.00012098610741916015 0.0005557852707444528 7.265671549496599e-05 0.0002763434606459563 0.0008074785697902803 0.00017808875370255045 0.00019559660093332646 0.0 0.0 0.0 0.0 0.0 0.0 0.0 0.0 0.0 0.0 0.0 0.0 6.508359321052148e-05 0.0 0.0 0.0 8.716100678032513e-06 1.2752689997145245e-05 0.0 0.00012021466645649443 6.352688475825151e-05 0.0 0.0 0.0 0.00017920952241794487 5.181179210551549e-05 0.00027708752660190474 4.477963320189677e-05 0.00010815798375665833 0.0 0.0 0.0 0.0 0.0 0.0 0.0 0.0 1.8454417343224463e-05 0.0 0.0 1.0397824541382195e-05 1.0714777141220465e-05 1.9730527420900952e-05 0.0 0.0 0.0 0.0 2.4344037555740198e-05 1.7865753884662914e-05 0.0 0.0 0.0001282543612802162 0.0 0.0 0.0 0.0 0.0 0.0 0.0 0.0 1.022998163799221e-05 0.00046129836087485627 1.9468180226460794e-05 0.0 0.0 0.0 0.00014681972179148727 0.0 4.9835498732597355e-05 0.0 0.0 1.3012750503528322e-05 0.0 9.794965981740313e-06 0.0 0.0 0.0 0.0 0.0 0.0 0.0 0.0 0.00047072904098965175 6.758333240537052e-05 0.0001286733948092454
0.0008222225741731779 0.007923671438973965 0.002310249097378967 0.007618402674702546 0.006521361879040452 0.0031948549412887444 0.03854434931684502 0.00203551982570412 0.005309045942347999 0.23909854837957684 0.0033099862461132864 0.0 0.13643352945178538 0.04228919193463365 0.0028037788819249075 0.0025234568550527334 0.00033259947272688085 7.096899451296376e-05 3.056067826175839e-05 0.00018282876647746278 0.00021817550694403789 0.0002538287006440277 0.0004703563543363255 0.001651263247970816 0.0012191981693932701 7.373783809485354e-05 0.0005413215049795707 4.965726109786716e-05 0.00020437758182923778 0.00017701618119978117 0.002040231411243106 0.0018257732161208451 0.020937373164173243 3.128807784757971e-05 0.00048164767784075513 0.0006038348578747418 0.01833270166592326 0.001294651547294191 0.0010846505263233583 0.0008961776881942444 0.0006088606837311253 6.965229248916752e-05 9.90792449203247e-05 0.00036782273497756114 9.145401965491879e-06 2.912843265327415e-05 0.0031397483497130835 0.00015218348016975475 0.00013852036619091428 0.0002614954025510613 0.0005433203913007629 0.0006951718055673509 0.000623722500751641 0.0003539891645695976 5.5566465706092365e-05 0.00010661382328466252 0.0002006716282045404 0.0007105592633951972 0.0002006692386449126 0.0006271651507702095 0.00016215950834563766 0.0014240718008755697 8.308609515586086e-05 0.0017063031911132575 0.0001654992380029984 0.0007326005731585509 0.00031295270216316184 0.0019319901403114658 0.000812507649327486 0.0013964202095384315 0.026753738763983265 0.001903434144449111 0.00010063287604303707 0.0010847507155913238 0.000551280923217731 0.002789471828359466 0.0018144929833474113 0.00240297835064578 0.00022031175032560506 0.003909400957723674 9.396510117523353e-05 0.002297846555167928 0.0001029325993977218 0.0 0.0002815231712031809 0.0001031916999653909 0.000501430849640998 0.0 7.29445266362588e-05 2.7459360817444423e-05 0.00011561512745663015 0.0002219823182079914 0.001305967463570229 0.0003718125312522728 0.0005307224918621183 0.054852473377369794 0.0024993704184910802 2.8149138212432467e-05 0.0005563644318090702 0.002215798058532152 0.00013013954806310467 0.0007192259833679476 0.0012879248317190816 0.00019822991092691145 0.0012941347499149148 0.0007051609542772785 0.0028573809861846067 0.0006271206949678946 0.003012213849002151 0.012473113629268767 0.0015198952634550807 0.006809686275403475 0.01091876861371384 0.0032374670610907717 0.0023425850979374653 8.958113983891027e-06 2.3014486578845812e-05 9.255655600096152e-06 0.0 0.0 0.0 8.57718173329568e-06 6.444127840690028e-05 0.0 8.448159621496918e-06 0.0 0.0 0.0001506894399026749 0.0 3.991858056123374e-05 0.0 1.3104934011943705e-05 3.755373538743853e-05 0.0 0.0006648170197577122 0.0009912529805360558 0.0 0.00013916331938611134 0.0001581951478015764 0.0016485369632394773 0.0008695104755048898 0.0031078776631336745 0.00036358400125852705 0.00022422703642774612 9.022996553119994e-06 0.0 0.0 0.0 0.0 0.0 0.0 1.6853837986998642e-05 0.00010780027520402472 0.0 0.0 6.751912291013265e-05 0.00013755910719384624 5.755222091216393e-05 0.0 0.0 0.0 9.533387913946396e-05 5.733847436258124e-05 0.0004020365132145083 0.0 0.00011414766214936644 0.0016000667254390678 0.00014608962109213835 1.5430699745627103e-05 0.0 0.0 0.0 7.864181228183434e-06 0.0 0.0 0.0 0.005541367435369653 4.6072600109065545e-05 2.013946013736342e-05 2.0761633275280773e-05 2.745711586585316e-05 0.0026182789034523537 8.80931960350284e-05 0.0008172770228243485 3.5016356366629794e-05 3.7611956581587057e-05 5.993775444058151e-05 0.0 3.2680841347232584e-05 0.0 0.0 8.292297435148442e-06 0.0 0.0 1.1000983486010485e-05 4.121865736353115e-05 1.0070723514135817e-05 0.008494872470748469 0.0008642717548755293 0.0010263077544377197
