0.0 0.19907448567223507 0.013481181467099108 0.07174420724787392 0.012872472808547968 0.001724611148779381 0.036292441069670694 0.0008197534636104266 0.001208898385279926 0.08098329684273811 0.016591935561023955 0.009847843158749975 0.005629647998261693 0.008971139234436263 0.0001888560072052848 6.632857555173423e-05 0.0 6.05136827396266e-06 0.0 6.515919650296489e-06 0.0 0.0 0.0 0.0 0.0 0.0 1.1236146339690688e-05 9.362838134624263e-05 0.0 0.0 0.053026654519169915 3.661794180844543e-05 0.0010505003010852598 0.0 0.0 4.149336752355699e-05 0.00018466366494276066 2.0985620741942948e-05 8.339843731826101e-05 2.58872164534209e-05 0.0 0.0 0.0 1.589526121732958e-05 9.623258690610148e-06 8.087874658074198e-06 0.0011134911364659571 0.00020955750602459695 5.593163024773883e-05 6.742926697993517e-06 9.013479457999601e-05 1.2894505003949847e-05 5.671076140129369e-05 1.4405515210406898e-05 0.00042192858404490404 0.00019035722736781134 0.009590759647417475 0.04322460542064984 0.0016020575762216041 0.000800762208209986 1.2315083311920063e-05 3.0481716610123518e-05 0.0 0.0024058099155488664 0.00030901714235685295 0.0002996709194977544 2.838986404545547e-05 5.3362432768699384e-05 5.979344754647958e-06 2.073188232732176e-05 0.0007215037693903134 3.055959734700442e-05 8.68227341488878e-06 0.017329278228303623 0.0028430032231512004 0.003563992074589293 0.00011301640397502565 7.617877664084093e-05 0.0001025155550147141 0.0007727853879065883 6.755165330393374e-06 5.113525972998409e-05 0.0008134602340574635 4.766537497687444e-05 0.0001652454602959763 0.00023959473190530485 0.0001699443080335052 2.1365614735213217e-05 9.39111908901031e-05 9.262716564286623e-06 3.9677765302614344e-05 0.0 7.936125205947381e-06 2.633235151986826e-05 0.0 0.0048753120521196815 0.001990431727495404 0.0 0.0004822350930340634 0.04866214382189769 0.0 0.0 0.0 0.0025230515596095823 0.0 0.004354064744911157 1.625507065271399e-05 4.523493784809271e-05 6.554995297189005e-05 9.5456584235108e-05 0.0 0.00013860425799553885 6.928206350216116e-05 7.727595869494087e-05 2.9714156047229917e-05 0.0 0.0 0.0 0.0 0.0 0.0 0.0 0.0 0.0 0.0 0.0 0.0 9.948957268329542e-05 0.0 7.808408878612773e-05 0.0 0.0 0.0 0.0 0.0 3.710079914464697e-05 0.0 0.0 7.899837501952522e-05 0.0 6.16247363571826e-05 9.976026750572366e-06 4.594878354525601e-05 0.0 0.0 0.0 0.0 0.0 0.0 0.0 0.0 0.0 0.0 0.0 0.0 0.0 1.0557929894415061e-05 0.0 0.0 0.0 0.0 0.0 0.0 0.0 0.0 0.0 0.00015495106478628968 0.0 0.0 2.7913701672710073e-05 0.0 0.0 0.0 0.0 0.0 0.0 0.00019347110136480985 8.939809970039922e-06 0.0 0.0 0.0 0.0001512646779418225 0.00018738377251180697 5.622564457553433e-05 0.0 0.0 4.820772358487184e-05 0.0 0.0 0.0 0.0 0.0 0.0 1.4802529183198073e-05 0.0 0.0 0.0 4.762036189353276e-05 0.0 0.0
0.19907448567223507 0.0 0.09971859418661169 0.03750781151927701 0.2880848845056105 0.0010307163543614578 0.2272797039115507 0.0028204585098986646 0.058068516939063314 0.08152690872412811 0.1631764268637159 0.01145811208852514 0.04121354176010734 0.14246468494426345 0.00239156597269786 0.00025414912129464594 6.80158307923913e-05 5.19718677939956e-05 1.1104977421802853e-05 7.634222059459659e-06 6.403620864299476e-05 3.2266196167197374e-05 0.0 0.0 2.281635464700826e-05 0.00011483583719984182 1.9545039374521347e-05 0.00010719698087019227 0.0 6.746260980509814e-06 0.14774534259610053 0.0013537079073550108 0.004089667986718579 2.3482203161483015e-05 0.0 2.8412425000203407e-05 0.0011016108362672528 0.00015104006506951772 0.00017915724363591257 6.143422539940341e-05 5.587186260061079e-05 6.786696092340385e-05 3.836119133789411e-05 0.00010986144541110307 2.7382850386280016e-05 3.463254546602698e-05 0.008640693118433986 0.0010665557371617727 0.00020308104501383167 4.9413152644075496e-05 0.00034865200645000884 0.0 0.0 8.354398098588219e-05 0.0018922124663476876 0.0009542184030014697 0.006150209623658514 0.05139194835591873 0.0016316599543398959 0.005140879076132561 1.2013745845936803e-05 0.0001761215542270373 1.5064823919506741e-05 0.015896155334628646 0.0010929879927074192 0.0013702207887832346 0.00030164315218546235 0.00020202497877376934 9.356665321210915e-05 7.485597426439487e-05 0.0026514418543207626 0.0 0.0 0.04102901679652244 0.015583196352192663 0.0236962890390746 0.0028502561991778736 0.00021295675667745953 0.0005058684271703217 0.00475289020661789 6.461431149133415e-05 0.0009244769477518373 0.003751471943288968 0.00010750269185458999 0.0010319060424178242 0.00134822358206741 0.0009567222282864402 2.3872479071351048e-05 0.00035244115158245654 0.0 0.00016730856928735428 3.445904101918525e-05 6.888422740703683e-05 0.00012481370268142537 8.7901359727468e-05 0.0009786710181385158 5.7656946088966065e-05 0.0 0.00022744875150715853 0.037499540165069824 1.1776360446584586e-05 0.0002583295196173759 0.0001157943488738214 0.006027055534374581 1.4964425866088255e-05 0.014119002116416719 0.00010094694452557604 5.6284481812918364e-05 0.0002696319497048627 0.0005709445176647744 0.00010029021639706324 0.00035472902160055725 0.0005598029746551632 0.0001834673729705624 0.000693207020665839 1.01501992391527e-05 0.0 0.0 0.0 0.0 0.0 0.0 1.3132916170616818e-05 0.0 2.9503179846285984e-05 2.064712938042666e-05 0.0 4.2517141487964634e-05 0.0 0.0 0.0 0.0 0.0 0.0 7.222449266809754e-05 0.00015317512754357655 0.0 0.0 0.0 0.0002539087426373101 1.7756401257624706e-05 2.1231378212761186e-05 5.400660063503982e-05 2.3137093338064537e-05 0.0 0.0 0.0 0.0 0.0 6.505897731233448e-05 0.0 0.0 1.356017842683989e-05 0.0 2.4890465316083046e-05 0.0 0.0 0.0 1.2095168281518967e-05 0.0 0.0 3.229670466366132e-05 1.5001401976319882e-05 0.0 0.0 4.0633272405000245e-05 0.000809863107825397 0.0 0.0 7.4638310103658226e-06 8.397524395013018e-06 6.865788732359174e-06 7.691001297294134e-06 2.2087747382395207e-05 0.0 0.0 0.0005739973768238185 0.0 0.0 0.0 2.214413010513322e-05 0.0002763966125415543 0.00015107278941732912 0.0002655998458732356 2.677235667225517e-05 2.2774166733728863e-05 1.908676489681369e-05 6.968256098937314e-06 2.8798025156644564e-05 0.0 1.2904303667773799e-05 0.0 0.0 5.520234847646712e-05 7.75995559581463e-06 4.0193422410694564e-05 9.123770347577448e-06 0.0006325092875785374 0.00023161023886125268 0.00023428230668688681
0.013481181467099108 0.09971859418661169 0.0 0.0005370504384664382 0.02708443491600539 0.0 0.004198247593641653 0.11093999720878318 0.0066660104603800535 0.0007003802190403393 0.2764065808572715 0.0017652528174992973 0.004043982706849681 0.04168544912935262 0.002196974035213971 0.0009507447955318976 5.093891472060223e-05 7.875791716691874e-05 3.515252006321459e-05 6.899510778957467e-05 0.00126603226653992 0.0003073441212539181 2.635697424536912e-05 9.2121608894879e-06 0.0002845462363447522 0.0005514613071693908 4.291873908907196e-05 0.000368022546318744 6.564824831006196e-05 1.9342269312095474e-05 0.46722266620788766 0.019068617859765654 0.011621691193589499 0.0003606323356629455 0.0002901516635922345 0.0003356108113326155 0.002400391487730089 0.0014553722301178145 0.0005152974090872229 0.0006606847447054753 0.0012415572951705936 0.0012443799606150984 0.0004712970371542604 0.0006124869377692184 0.0001876584728909501 0.00013427438748876998 0.0043185707736305284 0.0007039034733246998 0.00023101674734821861 0.0008452623125367138 0.0008188981563039114 0.00018945241008731526 2.9222018857038522e-05 0.00064550640271605 0.0006457932997056126 0.00034857036420714505 0.003156450991524445 0.07258769479170225 0.0008709184005559048 0.001904355793434896 0.0002826866311842259 0.0031565732994612884 0.0001562438144431353 0.05628565505852807 0.0004811470701554457 0.0006207312106956793 0.0003919673705391823 0.0009562729729109472 0.0021037494490029097 0.001998363443087134 0.002513008812729111 8.014334684012874e-05 5.322922632350881e-06 0.027969854035261858 0.012093042054974383 0.01118246621213079 0.0027805709848775628 0.001337602322354919 0.046188600322921616 0.08169952901557379 0.002160264034021486 0.06998238549813152 0.0013804249501713096 7.220202922589372e-05 0.0004727811910053389 0.0004478085188433742 0.00044711625574305776 9.183868244371427e-06 0.0003003062972277988 2.2889957223045417e-05 0.00013615206210083883 2.348073400840143e-05 0.0015096529401305567 0.0006471354709825314 0.0003383198493423045 0.001965222825538547 0.0008282826148551646 0.0 0.0004723682577056656 0.002712760895317104 1.6602083317600813e-05 7.155338601864798e-05 6.468190276921057e-05 2.280712705112215e-05 0.0 0.0002185348206120827 9.437426718717859e-06 7.683012918833136e-05 0.0001338068250759224 0.00026679396724852675 3.6557478643668566e-05 0.0002257005045945104 0.0003210131387647898 0.0002166518986399058 0.0005185293885536596 1.0501977088860433e-05 8.848741334998348e-06 0.0 1.1072151790243962e-05 0.0 0.0 0.0 7.693665167601146e-05 1.1486911968575101e-05 0.0 0.00014080418085749588 0.0 0.0002341574857817457 0.0 0.00023252066284366307 0.0001364277058195661 5.544145623826958e-05 4.436681653129267e-05 4.647529309912849e-05 0.00018101347680188896 0.0001153043650407503 0.0 0.00011699219727552198 0.0002064938962422515 0.00034684339065266804 0.00023110298614923875 0.00015563650362474893 0.00039438875516366263 0.00023662380591052705 3.2244228368864114e-05 2.04637691629672e-05 0.0 0.0 7.669448708451153e-05 2.803093922663137e-05 0.0 0.0 8.196977618592672e-05 0.0 0.0 8.190785949162508e-05 0.00015779557573439044 0.0001429169776081558 1.2378662568161493e-05 6.48015032514105e-06 0.0 0.0 7.692295035545008e-05 0.0 0.00010697754693759159 0.00023452504719501455 0.001407426902014256 7.755321864368087e-05 0.0 1.1059899689260668e-05 1.65472257772515e-05 0.0 1.7927347212356254e-05 0.0 0.0 7.634177343762644e-06 0.0005231591591591871 3.8319596042286054e-05 7.646140139573658e-06 2.250759814652316e-05 6.982522615134165e-05 0.0004766858157721974 7.3284713158036e-05 0.0004277812750895764 3.226225903088632e-05 2.6671382163465467e-05 4.939933872615655e-05 0.00011189657207352706 4.8201091654386203e-05 1.2434440820874747e-05 6.491887387493618e-06 0.0 0.0 0.0 1.360932690404085e-05 3.476882113201177e-05 7.532591900028121e-06 0.00041441140828548084 0.00036573710603309586 0.0007125684616983457
0.07174420724787392 0.03750781151927701 0.0005370504384664382 0.0 0.0201088710239068 0.010484363996024327 0.029917089363433146 0.000161609139408614 0.0007247070095934069 0.07459339447575385 0.0030742425959475518 0.04056677775373355 0.029833027556358502 0.00239368808001088 0.0003630841124153289 0.0 0.0 6.683884738141198e-06 0.0 0.0 0.0 0.0 0.0 0.0 0.0 0.0 0.0 0.0 0.0 0.0 0.004987019258065022 1.547667811627496e-05 1.75289745288677e-05 0.0 0.0 0.0 6.625585705351405e-06 0.0 5.248213046503661e-05 5.977141833140584e-06 0.0 0.0 1.5567760219899973e-05 2.6390224945421366e-05 0.0 0.0 0.0013313812526233345 0.00019572052288713735 4.1390284912087326e-05 1.6854807278517334e-05 5.942624547501686e-05 0.0 0.0 0.0 0.0004966118759847903 0.00020966888959341213 0.0017595415573556075 0.00545893472300644 0.00032024146004782365 0.0008087698968484384 0.0 2.928414727747185e-05 0.0 0.002042126160249075 0.0002666829160843509 0.00031214777073290694 4.826289629007365e-05 2.564939413322191e-05 2.3166239352627733e-05 2.3398224388764024e-05 4.368647743726696e-05 0.0 0.0 0.008683724645326383 0.0027231157970910346 0.004330220215844159 0.00013547997547725822 1.2821144862414603e-05 2.1762193942130963e-05 1.1694730056074117e-05 0.0 4.601268227629663e-05 0.0009939646447372638 3.0286415146586546e-05 0.00025115171013864924 0.00018944750213550988 0.0001458619744248391 7.0882757234538865e-06 0.00011755449285559331 0.0 4.38126678279722e-05 9.07602799048758e-06 0.0 1.4909420171321105e-05 0.0 0.00021336390818363398 6.743931454318108e-06 0.0 0.0 0.03637479306539862 0.0 4.680096129172364e-05 2.8354390490392368e-05 0.002084672664865168 0.0 0.0026805826964091807 4.331477470396208e-05 0.0 7.590562514879329e-05 9.83646442698233e-05 0.0 6.561925583734996e-05 0.00012952300419467668 0.00010068513088706788 2.893125099659529e-05 0.0 0.0 0.0 0.0 0.0 0.0 0.0 0.0 0.0 0.0 0.0 0.0 0.0 0.0 0.0 0.0 0.0 1.6496072097348056e-05 0.0 5.1316056067900005e-05 0.0 0.0 0.0 0.0 3.3592214841368755e-05 0.0 0.0 0.0 3.003736972517904e-05 9.138690305568452e-06 0.0 0.0 0.0 0.0 0.0 0.0 0.0 0.0 0.0 0.0 0.0 0.0 0.0 0.0 0.0 0.0 6.7613694986689725e-06 0.0 3.6408475166333405e-05 0.0 0.0 0.000161763457050231 0.0 0.0 0.0 8.359156710740415e-06 0.0 0.0 0.0 0.0 0.0 6.95750288966784e-05 0.0 0.0 0.0 7.341639711455456e-06 2.1001355279860372e-05 0.0 0.0 0.0 0.0 0.0 0.0 9.912144720575204e-06 0.0 0.0 0.0 0.0 0.0 1.3283235797925693e-05 0.0 0.0 4.9346207319460845e-05 8.08735530949677e-05 3.6054061784218215e-05
0.012872472808547968 0.2880848845056105 0.02708443491600539 0.0201088710239068 0.0 0.00018231071149702 0.2335301538946816 0.00664519084262272 0.31212633267389384 0.049000500985411664 0.09390996635181767 0.008351300285068856 0.04371671932581544 0.09912084239039279 0.0028379805470295743 0.00040197400222127604 5.5459270864213415e-05 4.2988409916231434e-05 0.0 5.967337243139924e-06 9.78799670586274e-06 0.0 7.937699413979795e-06 2.5468505131451936e-05 6.888831323650906e-06 1.7335061945655012e-05 0.0 8.665073495093127e-06 0.0 0.0 0.012395833982508417 0.0024376960132065856 0.002025557407365541 6.137991737725843e-06 7.432577431865994e-06 0.0 0.0003504939855447596 1.4189426335189317e-05 0.0001228433081859852 1.229747448593118e-05 8.479209737343917e-06 2.4799485034948838e-05 3.525268591825458e-05 3.307796277591296e-05 0.0 1.308992499102109e-05 0.007820819581324705 0.0007365378316039878 8.887413624754014e-05 4.2001881433724206e-05 0.0001274360175598337 2.2558463059997654e-05 2.018161203728855e-05 4.661692387388884e-05 0.0008330574146284262 0.0003623228411421582 0.0007452168332305873 0.00916206610692076 0.0003768242852606267 0.003338204880804332 0.0 0.00012206674737689393 1.2669436354781445e-05 0.01317340389342802 0.0005526203434235652 0.0007344358630556697 0.00016150927255612632 0.00013018568813078654 2.4272884433452304e-05 7.029628662468015e-05 0.0017827678154097586 0.0 0.0 0.013598961963862307 0.010277002718159877 0.017304793671612834 0.004033751234406851 0.0003422568633586183 0.0010889397653651848 0.0014211641702248487 4.278008648748176e-05 0.001385843401694794 0.0015778663625844128 4.209398499471728e-05 0.0005942686955529912 0.0004643552274270216 0.00048482737728134826 2.8883505945788735e-05 0.0002570583821882607 1.1729187541202546e-05 0.00018409204102179898 0.0 2.06382164106497e-05 6.656901616455387e-05 5.5250154405270824e-05 0.0019560175136931093 0.00035498641969867057 0.0 6.66799509601688e-05 0.0014702091079599872 4.582839703652654e-05 0.00031634318760365864 0.00011715528458118816 0.000466547836848171 8.667321994286858e-05 0.0018288291521356157 0.00010391372489037116 0.0001569040153112022 0.0005677034641443029 0.0013875528994928867 0.00012072469731722609 0.0008236713565482033 0.00111394169613907 0.00042259371387576647 0.0012967470402854213 9.019720153073491e-06 0.0 1.3199293659753658e-05 0.0 0.0 0.0 0.0 0.0 0.0 0.0 0.0 0.0 4.350408264786845e-05 0.0 3.636909733830284e-05 0.0 2.0314744135898536e-05 0.0 3.9005452945575276e-05 0.00024822412712286666 0.00013698877360357112 0.0 0.0 2.847571225755588e-05 0.0004000801895525299 9.100372939923582e-05 0.00015982939756045082 7.369369693030156e-05 0.00011523616444415914 0.0 0.0 0.0 0.0 0.0 4.007551358257464e-05 8.370849057395968e-06 6.472680756514139e-05 3.095170121301687e-05 0.0 0.0 6.827289594712205e-06 2.042585240686816e-05 0.0 0.0 3.647319117101714e-05 0.0 3.3072123875620236e-05 4.435225214390447e-05 0.0 5.95171400959604e-05 6.11641388182033e-05 0.0009031351950365324 0.00017404392610271147 0.0 0.0 2.0134506474823697e-05 0.0 5.823989493362701e-06 1.6240580073163044e-05 0.0 0.0 0.0008769343701601281 0.0 0.0 0.0 2.0666646435317257e-05 0.0005584649834878008 7.660610354626449e-05 0.00042076476051743187 0.0 2.971895194042107e-05 6.672147999034632e-05 6.90967638086864e-06 1.5761660412015896e-05 0.0 0.0 0.0 0.0 6.805975830790774e-06 6.457522027475918e-06 0.0 0.0 0.0009025815489807465 0.000212991635459878 0.00032688548855385054
0.001724611148779381 0.0010307163543614578 0.0 0.010484363996024327 0.00018231071149702 0.0 0.00310128844890759 5.1111476905346525e-05 0.0002211498721528138 0.01558685849558694 6.992427788515952e-05 0.004621054856756544 0.003402839301968228 0.0010064946952607727 2.9567226731744443e-05 8.01822107070152e-06 0.0 0.0 0.0 0.0 0.0 0.00042257188830567436 0.0 0.0 0.0 0.0 1.4391711528611365e-05 0.0 1.4625019718384758e-05 0.0 1.826378919421637e-05 2.9124047303612502e-05 0.0006583050604315538 0.0 0.0 0.0 0.0005329530782705599 2.1931723001884674e-05 0.0005342901088585514 8.858923045335311e-05 0.0 0.0 0.0 9.095123209344843e-06 0.0 0.0 5.67557965731122e-05 0.0 0.0 0.0 0.0 0.0024446423149757737 0.00023003388770784027 8.024046502410802e-06 0.0 7.37726966370946e-05 0.001851042493519841 0.00026676332460497175 3.098536189674901e-05 1.5635485644867442e-05 0.0 2.510783370672739e-05 0.0 2.899092544112593e-05 7.741066176912323e-06 6.911052331352825e-06 0.0 0.0 0.0 0.0 0.0028939022040606476 0.022137647903273452 0.0031618225117689344 4.233899953847299e-05 9.23222476886614e-06 3.5815338146415445e-05 2.177383780188613e-05 0.0 0.0 5.658774798005017e-05 0.0 0.0 0.0 0.00017623361445748444 0.0 0.00013447605474358384 0.0 0.001420966843086363 0.0006271669130792398 0.0031987028738408863 0.0003295146848009098 0.0005682203000228058 0.0 6.591663138482864e-05 0.0001691851335494044 0.015837999619957747 0.03450600367782483 0.0038106047411941802 0.006014334892081792 0.004947811880884061 1.0240807248640638e-05 2.1812782480273275e-05 9.599875182534396e-05 4.868402764711503e-05 0.0 0.00023836229725881827 3.4576162743288974e-05 0.0 6.524146907553377e-05 0.00016419515214470605 0.0 7.238887888395072e-05 0.000241356591784607 0.0 4.789617316143803e-05 0.0 0.0 0.0 0.0 0.0 0.0 0.0 0.0 0.0 0.0 0.0 1.1042969141133801e-05 3.141018149067947e-05 0.0 2.533267823866736e-05 0.0 7.453699888028248e-05 5.9649953797257874e-05 1.4418081937499347e-05 8.881019603326248e-06 0.0 0.0 2.46470314452798e-05 0.0 2.894466139575439e-05 3.1777969714893485e-05 1.6991499931845403e-05 6.441367754624179e-05 5.249008932036271e-05 0.0 0.0 0.0 0.0 0.0 0.0 0.0 1.3518856812847323e-05 0.0 0.0 0.0 0.0 0.00015861703164203242 0.0 0.0 0.0 0.0 0.0 0.0 0.0 0.0 0.0 0.00017919023412293273 0.0 0.0 0.0 0.0 8.744016633835734e-06 0.0 1.887759564102402e-05 7.473093085825537e-06 8.101726288026778e-06 6.211242837609561e-05 5.231736335764379e-05 7.4034438083995605e-06 0.0 0.0 1.8509798258173272e-05 0.0 6.549447156675581e-05 0.0 0.0 0.0 0.0 0.0 0.0 1.0061985405056966e-05 0.0 0.0 1.0135054086446581e-05 3.8856193026411426e-05 8.372717419290701e-06 0.0 0.00012589141939999508 2.82904955305551e-05 9.568819215090797e-05
0.036292441069670694 0.2272797039115507 0.004198247593641653 0.029917089363433146 0.2335301538946816 0.00310128844890759 0.0 0.0015308455013471017 0.1767635026270625 0.22440280377271754 0.037305151386890424 0.04063846331396516 0.3687390263372198 0.29141147335921797 0.0029757094834036058 0.0005360795701752679 5.5963380008852564e-05 6.350547534135564e-06 0.0 6.5984599783041355e-06 0.0 1.323085755441593e-05 0.0 1.2862695442325641e-05 0.0 8.29746251743718e-06 0.0 0.0 1.355691256472747e-05 8.301925467245711e-06 0.007208291363963477 0.0017212635964759366 0.0029144581274264817 1.4106962508735603e-05 0.0 0.0 0.0007464790813946321 9.788455391940356e-05 0.00011342225764849987 4.02696680615459e-05 0.0 5.952944176133075e-05 2.616362895889091e-05 4.468250127109908e-05 0.0 1.0509117593056753e-05 0.008140617054906879 0.0006471704769083775 7.916484724958149e-05 2.8497723694099474e-05 0.00013235938335084006 7.699741869203068e-06 8.83429223868439e-06 8.506955557972744e-06 0.00089394822093682 0.0006469980860440146 0.001134101280577515 0.008355539721580239 0.00040367854034820274 0.00341839420238466 0.0 0.00025095723025870214 1.2664711575710843e-05 0.010168066762149873 0.0006749568352796399 0.0008573123260453933 7.599579839240779e-05 0.00016455357162227952 2.5469214117684195e-05 9.402059296092261e-06 0.003287140207765182 0.0 0.0 0.014762211535732374 0.010869689251673817 0.017899907708798082 0.0038113535233192993 0.00044555011593086594 0.0016569286083203249 0.0017076545771943412 3.0446608861786627e-05 0.0015174836041731987 0.0020219942963103227 4.299958560802624e-05 0.000572288479185804 0.0007086881606544358 0.0004700856043393027 5.860513597934093e-06 0.00021186738424678117 0.0 0.00011436216112759934 7.820449468961736e-06 6.755221359700483e-06 0.00010536335552963415 8.145484368763559e-05 0.007926425354116468 0.0008036079518028437 0.0 0.00048604607451146987 0.011446408525772047 0.0007873965269028802 0.0015471435497108278 0.002387427993948045 0.002788269001690599 0.00023863589806280937 0.007955584232254342 0.0011816770576886597 0.0019473745098188403 0.01164696820401784 0.007584480711916741 0.0008760746877189682 0.00412525205851247 0.006562763029006154 0.0026014116767771804 0.004379670819231346 6.985484572129859e-05 0.00010951081077475766 0.0 0.0 0.0 0.0 0.0 0.0 8.103564480294606e-06 0.0 0.0 0.0 0.00011570700187775583 0.0 0.0 0.0 1.3848075324037142e-05 4.153078001589205e-05 5.934561283716759e-05 0.0013162045290188956 0.0005388525710264547 0.0 0.00013841746813799232 9.112716196279594e-05 0.0017310042133989753 0.00031976540326877245 0.0005183597662913085 0.00028132825396896924 0.00029553149206710416 0.0 0.0 0.0 0.0 8.235830387366431e-05 8.690626953583992e-05 0.0 4.8222992648545596e-05 0.00017874441754616333 3.420361526043076e-05 4.9129444476327946e-05 0.0 2.476906004370221e-05 0.0 7.099391830235557e-05 3.122624320161879e-05 2.614820042718923e-05 8.929792199300574e-05 0.00039327328762194186 0.00017002811117589615 0.00012088535489043989 0.00020672918485253392 0.003977496781608826 0.0005151494906389697 0.0 5.1593264297279624e-05 1.0795649314636573e-05 9.528297634954547e-06 0.0 2.2317881835166903e-05 0.0 1.2408797715492502e-05 0.004343488575861048 0.0 0.0 0.0 0.0 0.0024274903729680497 0.0003504054053651943 0.00198282394803644 0.00033428999584159846 0.0007658257430811594 0.00048612572933016143 0.00020092151389486653 0.0001307823857054225 1.0455593442467951e-05 1.1890306278713257e-05 7.067687646808179e-06 6.623819165947472e-06 2.989663703556244e-05 2.0531675605696093e-05 0.0 0.0 0.005105240339668435 0.0009799332900072679 0.0011272318957333775
0.0008197534636104266 0.0028204585098986646 0.11093999720878318 0.000161609139408614 0.00664519084262272 5.1111476905346525e-05 0.0015308455013471017 0.0 0.001867593514205163 0.0003940628790161392 0.3119118607705386 0.0012703609157155426 0.0019826947412217876 0.02891370076109935 0.0018478799613020791 0.0007345043728909369 0.00010544601330368937 0.00026815303082279547 7.6146188056350564e-06 0.0002242032490442052 0.002692808343478372 0.00034675770998974565 5.084498859089812e-05 0.00018361302223187775 0.0004203782455748035 0.0007709300231948721 4.646637312568814e-05 0.0004378464153756183 8.304781992170238e-05 9.20506887219197e-06 0.023196892952606005 0.02087593005931384 0.008642687895914141 0.0005608367568545531 0.0002567601333378318 0.0007234746536034476 0.0012302092900904641 0.001420928352029866 0.0003890437559068243 0.0006056136184824864 0.002128599831275933 0.0014377121082207924 0.001074383175748053 0.0033421632716175375 0.00017261195385382444 0.00016308242195788342 0.004273771309025867 0.0004049617208458863 0.00032696036687411106 0.0010709740569334759 0.0012323180295650488 0.00013839954414715094 5.7705285373673975e-05 0.0005285399681469312 0.00019364525822983342 0.00015739902454212627 0.00021478252390769574 0.0072473179017070585 8.468752729161444e-05 0.0009921904767276717 0.0006989339183736459 0.002713624137235495 0.00037676491332048014 0.018391357475959304 0.00013082358987336748 0.00041614934257316096 0.000503187742145003 0.001469873446617223 0.003071183060681069 0.004317042498855075 0.0017104579098341773 3.2593793060941067e-05 0.0 0.0047406964892500875 0.005678460448313161 0.006459844478351372 0.004113978479746941 0.030912419022703586 0.12909347315934444 0.1671615908885796 0.006180750890263457 0.1801810406353691 0.00042246044439760535 1.1590872731685011e-05 0.00014204155685787484 0.0002363425436375322 0.0003773343795743747 6.50540176411687e-06 0.00012065883486672 0.0 8.686182051677271e-05 1.917318256062192e-05 0.002376950420854891 0.0007844598762979826 0.0005854393721441094 0.0007273198468990201 0.0001504508856581576 0.0 0.0002477447527623425 0.00014922195445959526 2.6244824583527955e-05 6.572850598254826e-05 0.0 0.0 6.420549419075989e-05 1.7435973960217552e-05 0.0 0.0 0.0 0.00024126309018465293 1.4756222038359525e-05 0.00021705391646081645 0.00015638898260665027 4.492366487747776e-05 0.00022210142649533183 0.0 1.634143659716181e-05 0.0 0.0 0.0 0.0 0.0 3.5960149123097545e-05 0.0 0.0 0.00011970336278265108 0.0 0.00012390722876516616 2.2254963617000674e-05 0.00019842133105360142 0.00010942842398860122 1.6453370222924613e-05 0.00013610815128636583 7.656013688721527e-06 9.759522558115834e-05 3.3158067445291393e-05 0.0 8.20868494231301e-05 6.890587950177427e-05 0.00013364970704643654 0.00017186839053541676 7.934901504330394e-05 0.00037683119491330283 0.00027448376607069143 0.00016825267658071696 2.1190211756849853e-05 0.0 0.0 5.25995441880293e-05 5.132631858973761e-05 1.7046232483740405e-05 0.0 2.902851033132902e-05 0.0 0.0 0.00018757785533791432 0.00010824846563691176 0.00017100324362058348 0.0 0.0 1.0777076676816755e-05 0.0 2.8535534317761013e-05 0.0 2.5250948180639443e-05 0.00014552653342810013 0.0006369208822171575 8.973164108812975e-06 0.0 6.146077197736279e-06 0.0 0.0 0.0 0.0 0.0 3.4296315210298535e-05 0.0001502384500015122 0.0 1.5437497468305947e-05 0.0 0.0001338941058065574 0.00027811412199182006 6.309516733796628e-05 0.00024947161641317866 5.634777661267756e-05 1.1207530448571667e-05 4.846097174305583e-05 2.9611478032006782e-05 7.377952790261515e-05 7.1776279222219234e-06 0.0 8.297377395989843e-06 0.0 0.0 2.2437937555487096e-05 6.468834452329803e-05 1.4295056663902399e-05 0.0002721657016434926 0.00019095272246731792 0.00031271225684338893
0.001208898385279926 0.058068516939063314 0.0066660104603800535 0.0007247070095934069 0.31212633267389384 0.0002211498721528138 0.1767635026270625 0.001867593514205163 0.0 0.010375057093137921 0.0712394752383575 0.004549355336068833 0.13347071448694153 0.1791676119734066 0.0007873715750052005 0.0002070788847691886 0.0 1.2049467222935194e-05 6.394697011907096e-06 0.0 0.0 0.0 0.0 9.73120130572814e-06 0.0 1.9575312440146778e-05 0.0 0.0 0.0 0.0 0.0012668213337368498 0.0008683799017497275 0.0019207817426994246 0.0 0.0 6.806359954790471e-06 0.0005459644464018114 8.723872589448865e-05 2.6054276991201807e-05 0.0 1.1110127808110141e-05 3.398803172646383e-05 1.446581567469581e-05 2.2308536793233196e-05 6.930652352717408e-06 1.4005949210425598e-05 0.0017489065543005743 0.00010928953918863257 2.4588740493640068e-05 0.0 3.264482175239019e-05 1.0423599630622289e-05 0.0 2.889229931454475e-05 0.00010424548088268097 7.214412994066041e-05 9.827448126233219e-05 0.0011819884971309659 6.439378013855486e-05 0.0005802940225482856 0.0 3.0776986209895586e-05 0.0 0.0024014294855960955 8.549949377410833e-05 9.060931863425188e-05 2.030338850382897e-05 2.6371268183601854e-05 0.0 2.143643039196506e-05 0.001238895288915532 2.2514418098433616e-05 0.0 0.0017612385590019843 0.0015965519344763653 0.003391243303632429 0.0009752455673196603 0.0003516008245731857 0.0006291994909469337 0.0020574640359931123 7.951826341777877e-06 0.0005418127663314345 0.00023628321991491424 0.0 9.101814670969284e-05 0.00011844074288570301 4.4296671609996116e-05 0.0 3.248736862454838e-05 0.0 3.0586396056845775e-05 6.810679598871205e-06 0.0 1.3580019805219707e-05 1.4876936103038236e-05 0.001695919708604644 0.0001658055200911967 0.0 6.346580659192279e-05 0.00043199040082329636 4.9514404066940715e-05 0.00023276161741762677 0.0001913880524050213 0.0001805803654092498 4.233689790071309e-05 0.0006939882001215633 8.302412491222883e-05 0.00013916730512256615 0.0005261851134759522 0.000940833916319422 0.0001685284129632983 0.0005207134497342715 0.0014116234222313628 0.00031404599086089783 0.0009639195569750309 0.0 0.0 0.0 0.0 0.0 0.0 0.0 0.0 0.0 0.0 0.0 0.0 0.0 0.0 3.6512971979064216e-05 0.0 0.0 1.1454530261526378e-05 0.0 0.0001910522127382126 4.1879036639145355e-05 0.0 7.499440867493332e-05 0.0 0.0004164152921442718 0.0 8.587740875683885e-05 0.00018829319497035268 1.8990093869804602e-05 0.0 0.0 0.0 0.0 0.0 0.0 0.0 0.0 3.119029986236531e-05 0.0 0.0 0.0 2.0318987278425338e-05 0.0 0.0 0.0 0.0 8.561802862198646e-06 8.629591858879957e-06 0.0 0.00014343751303715776 7.694559050546861e-05 0.0008301204774120728 8.042618709235945e-05 0.0 0.0 0.0 0.0 0.0 0.0 0.0 0.0 0.0009758502054323485 0.0 0.0 0.0 8.223981697394319e-06 0.0006657798602562728 7.923930750501205e-05 0.0004640343475852109 5.3219491231398705e-05 8.991844441425973e-05 4.600736649578471e-05 2.9506207583843193e-05 9.789077424997929e-06 0.0 0.0 0.0 0.0 0.0 7.082895293741452e-06 0.0 0.0 0.0008835525104325546 0.000206112264469235 0.00024334977404574023
0.08098329684273811 0.08152690872412811 0.0007003802190403393 0.07459339447575385 0.049000500985411664 0.01558685849558694 0.22440280377271754 0.0003940628790161392 0.010375057093137921 0.0 0.005592271889957931 0.2856069023301764 0.4380252609567722 0.09231401282542603 0.0005323668474014864 4.229810083800043e-05 2.5331707961916377e-05 0.0 1.3756103755161782e-05 0.0 0.0 8.57387340667718e-06 0.0 0.0 0.0 0.0 0.0 0.0 2.013766997570199e-05 9.881907427507396e-05 0.0028692821965199244 0.00010557502186079353 0.00663892601346354 0.0 0.0 0.0 0.00234647761829203 0.00010028909257846105 0.0002655699757876267 5.233610839333163e-05 0.0 1.1051320740353002e-05 1.4326526817223932e-05 7.365096057630448e-06 6.094367534708454e-06 0.0 0.0022400347466410794 0.00025749781250150643 2.9166728167045783e-05 8.040841287216592e-06 4.148741279344669e-05 3.627580908071043e-05 5.03303766448928e-05 1.0462126244179474e-05 0.0004138373427797133 0.00015578976425193765 0.003947912895316854 0.003988788029000856 0.0002555242771324082 0.0010638641829896183 8.98522172345141e-06 0.00012583421670989728 0.0 0.0025506194661773494 0.0002953847890238205 0.0002968243171480171 4.250060853242091e-05 6.330900103357275e-05 5.729581727114791e-06 6.826025164098899e-06 0.02177296601980835 0.00015239642038102836 8.737974627304748e-06 0.006345544730100688 0.0035466565266971473 0.004819658471079673 0.0005367571374348218 8.912065173023433e-05 0.00019200715362135065 0.0009395609191483056 0.0 0.00039502597270220494 0.0006772217467504094 4.05720210587205e-05 0.00022987664630613018 0.00020604728771277586 0.0001520732449538562 2.3846972806776552e-05 6.031161789222963e-05 8.605618319100883e-06 3.117180588107278e-05 0.0 0.0 2.228683136290535e-05 1.4884386923397004e-05 0.019160341449392673 0.00592948029670999 4.069149332000609e-05 0.001596804035649984 0.07930575743681056 0.0003026010200611536 0.0029812234309548806 0.0023709484962894773 0.004445132667734039 0.0001949238572541742 0.010442009109483574 0.001803891999860641 0.0017678526328396985 0.006023196848252118 0.010957836654406066 0.0006868103243774062 0.005791581314621343 0.007829669058044364 0.0027642468317054135 0.00364072196788595 9.942947370901471e-05 4.3502097917412796e-05 1.3848216474791589e-05 0.0 0.0 0.0 0.0 0.0 0.0 0.0 0.0 0.0 0.0001864265592092709 0.0 0.0 0.0 0.00013697990050080114 1.018187411494251e-05 0.0 0.0007202165822584283 0.0005612153975245594 0.0 0.0002927823338410654 0.0 0.0012547258928512015 0.00024103502235132417 0.00018118760188105555 0.00032596860288384923 0.000315957262584985 0.0 0.0 0.0 1.0735821866998058e-05 3.0165573399736824e-05 0.0 0.0 3.632078714573516e-05 0.00010744613350152395 0.0 0.0 0.0 6.618690652619692e-05 0.0 6.813436348529614e-06 8.305627603712913e-05 7.109184891128793e-06 3.33554953287818e-05 0.00015115488905328663 0.00011092182590781275 3.247220084462209e-05 0.0002781207399149788 0.0028898302483068537 0.000293037172369582 0.0 0.0 0.0 0.0 0.0 6.2997849818952095e-06 0.0 0.0 0.004274920994311931 0.0 0.0 0.0 0.0 0.0016273547566617581 0.00017355691613286383 0.001815184748730351 0.00011677612671757783 0.00048255052887444786 8.367988168650401e-05 9.628529755425054e-06 8.674819308195657e-05 1.504621895708668e-05 0.0 0.0 0.0 1.0227402236914914e-05 1.6680483403059145e-05 0.0 0.0 0.0054527666925564405 0.0006843514038883664 0.00042487700726921436
0.016591935561023955 0.1631764268637159 0.2764065808572715 0.0030742425959475518 0.09390996635181767 6.992427788515952e-05 0.037305151386890424 0.3119118607705386 0.0712394752383575 0.005592271889957931 0.0 0.03673849335257647 0.0791060400616846 0.3210890899433814 0.004454667133441465 0.0018679014959927284 0.00018296477338475514 0.00010650520317762303 2.263920183028443e-05 1.4257060173789399e-05 0.00046955949668796006 0.0007637325253408739 6.873710414394984e-06 8.420017198728744e-05 0.000773737264956366 0.0016130289210522367 7.482774950093894e-05 0.0020636682840027235 0.00019966297390121404 2.759282075341268e-05 0.03400064830509353 0.006638124669922177 0.0874314931120593 4.444058773399449e-05 5.908104999140771e-05 0.00107445548372385 0.01466902048629407 0.005336095055109186 0.0018333203304788065 0.002053817863106335 0.0010451537685648826 0.0006476469603721521 9.680583136702255e-05 0.00024072122698440266 2.9951906714565004e-05 0.00011481790943779708 0.008062417829665847 0.0004693637184365693 0.00017254489808682554 0.00018551054630347647 0.00033417160591567817 0.00034671055270792036 0.00018233005399906924 0.0011796701170001711 0.0003867588258111168 0.00038189846389846736 0.0009696473775501747 0.011353836045271657 0.0003672120446793851 0.0027149498536746548 2.7268692289276334e-05 0.007556914984565769 6.859112086176516e-06 0.013795140567818297 0.00039610390222439304 0.0004790055217503457 0.00020431416332561376 0.00019074957743952907 0.000288876984464418 0.0008671153843987448 0.024028570831952076 0.0002586287726853861 1.2296561315973979e-05 0.012005972087197935 0.009225056732730297 0.016434808762412826 0.006341000701574824 0.0019314001212125467 0.011532618480857671 0.05737098174978091 8.280077700928065e-05 0.009439512155388123 0.0011192893697178365 2.6506941534535226e-05 0.00039507813059968963 0.0004139887005654337 0.0004040649206049968 0.0 0.00013047136432794626 0.0 0.00021647703709859665 0.00015282840256763196 0.0005730405309442387 0.0003895445555511407 0.00043219111827360603 0.005392557084637695 0.0005247489551913322 0.0 0.0008868755655376962 0.001321981554639291 7.908713190690522e-05 0.0002169302145255875 0.0001782105805441564 0.00015734557312188803 7.441885731504071e-05 0.0006717173064028137 8.900237763413152e-05 0.00023701503485735927 0.0006233545066257055 0.0013880862548583499 0.00025011755997755977 0.0014389784826200607 0.0015635173577789147 0.0008770918033544668 0.0017198294078369586 6.275587540385035e-05 3.5102104461683644e-05 1.867165453531313e-05 8.64302811771926e-06 0.0 0.0 4.282494926143225e-05 0.00017601114201245982 2.0035011355238998e-05 0.0 0.00018604719877816562 0.0 0.0001308683675258707 3.767845160355613e-05 9.834740178930395e-05 0.00010895710330223068 7.010215261795572e-05 0.00012725970787643318 2.634749721131772e-05 0.0004582119894066744 0.00021567245301605778 2.9151656283433586e-05 0.00024098094221761102 0.00011069352479861886 0.000931864303067947 0.000320430549261935 0.0003212434014384758 0.00042615589344375404 0.0002875943847320524 0.00016892952246294181 0.0 0.0 9.557744268300116e-06 7.130884934023271e-05 5.601320676391554e-05 0.0 5.3857862758170085e-05 4.628597869030207e-05 0.0 0.0 8.288580471527799e-05 0.00016609714832475003 0.0001565487259324201 3.190987240120711e-05 1.466248015887687e-05 3.600662651083077e-05 0.0 0.00011920384265376143 8.935810339501708e-05 4.7248881122482965e-05 0.00024156391207326205 0.002820457171660215 0.00017627605881259252 0.0 1.5472337999947397e-05 2.1950162031356765e-05 0.0 8.239721084001785e-06 7.444858624989523e-06 1.5153414873938777e-05 5.419666820705218e-05 0.0020945492859275492 5.682527237518348e-05 0.0 1.9933026163948002e-05 7.277668142315588e-05 0.0014690716074319894 0.0003671979069767203 0.0012496538193529528 0.00019227131618081077 0.0002667752038955654 0.00015101113832349287 2.4417120032249856e-05 4.1919663812975775e-05 0.0 5.3218607692325064e-06 0.0 0.0 0.0 5.509128168873449e-05 1.0175230332103444e-05 3.772450338405267e-05 0.0017786403523911494 0.0006136617586644406 0.0007574471625181255
0.009847843158749975 0.01145811208852514 0.0017652528174992973 0.04056677775373355 0.008351300285068856 0.004621054856756544 0.04063846331396516 0.0012703609157155426 0.004549355336068833 0.2856069023301764 0.03673849335257647 0.0 0.10056823870587672 0.05408372073744217 0.0008178083270188823 0.00044203836543299274 1.7462483364886626e-05 0.0 0.0 0.0 0.0 0.0003084226724859178 0.0 0.0 5.940203111696589e-05 0.00022426351018023046 4.601230138475696e-05 0.0001303629546223546 6.156909817773713e-05 1.4789864404818188e-05 0.0006918070799408312 0.0006656413951373641 0.00630371314489723 0.0 0.0 2.2395067054398985e-05 0.007090529412900934 0.0004236423142106566 0.0003362448255032725 0.00024278174946901698 4.3248827132008634e-05 8.563844268453415e-05 2.5982060601772254e-05 4.8334082602241746e-05 0.0 0.0 0.0014642011047534963 5.8116376171132835e-05 7.963985240163772e-06 6.792142518111674e-06 3.51486669708642e-05 0.0 0.00014086035347033224 0.0001267617280147457 0.00017355126902519929 2.794038293650383e-05 0.000458466927063965 0.0007910827165672857 6.91019071913303e-05 0.00045499915633971205 7.181886688305512e-06 0.001116852064688987 0.0 0.0013172186869534707 9.748994166441138e-05 6.179045165284958e-05 1.272933006785048e-05 1.2167641651520552e-05 9.29749675667426e-06 2.4241137366055258e-05 0.008526368207098234 0.00011914448229659659 0.0 0.0016113728380398352 0.0012458751624758015 0.0020003901852869944 0.0008889395548356874 0.00038354818542953847 0.0002726816706839653 0.00135911640828905 0.0 0.0007901696624399017 0.0002129932290626705 0.0 6.02179309645674e-05 3.720116648969521e-05 7.639119721267286e-05 0.0 6.175634812209394e-06 0.0 0.0 0.0 1.4516146154779424e-05 2.0479325376839894e-05 5.965551308975839e-06 0.053273197191701635 0.0006221225051288623 0.0 0.0004603259487654568 0.005654948125627904 0.00032507493328049435 0.0015491102850615191 0.0009741129106330104 0.0016424818970231234 0.00023781056643559686 0.004610226942103419 0.0010521844515480625 0.0017261666737315925 0.0037688507070166807 0.008276052503247287 0.000989958661337616 0.006324324618627346 0.007979157945820402 0.00343423670931563 0.005711045335946732 5.0473450174311195e-05 4.69182699597655e-05 5.737879882994904e-05 0.0 0.0 0.0 0.0 4.550834793694238e-05 0.0 0.0 0.0 9.668371980212615e-06 0.00014669470838551 3.400222545843577e-05 6.766014004982269e-05 0.0 3.937247184430322e-05 9.644506296849724e-05 4.670658207887262e-05 0.0010682140123208146 0.0005986370625036903 0.0 5.5119546319197406e-05 0.00025805034497481413 0.002230565532449214 0.000409982851312877 0.000429904553091869 0.00028269012116356675 0.00021213888610672912 0.0 0.0 0.0 1.944774232775399e-05 3.9122170612175804e-05 0.00012793100793474094 0.0 1.9799868205657806e-05 8.36242526656953e-05 7.323425337955136e-06 0.0 4.5427161470942076e-05 4.3230745828112693e-05 0.0 7.388210301786077e-06 1.7889102361564626e-05 5.57039007452261e-06 5.897273672087346e-06 0.00019779553756753257 1.3011709694527554e-05 0.0003310220827332884 0.00015227340588229817 0.005017371125678434 0.00038995488187180353 2.4714509048311984e-05 6.319659762361958e-06 0.0 0.0 0.0 0.0 0.0 0.0 0.005890356160223376 3.303348304847548e-05 0.0 0.0 0.0 0.0024961399652604723 0.0006415976123857053 0.0020679543277389804 0.0001105651955968634 0.00026290828038747106 0.00028145852156925334 8.704633741617799e-05 7.721180459955818e-05 9.359683900131382e-06 7.377826023954179e-06 0.0 0.0 0.0 9.356915836862885e-06 0.0 0.0 0.007490740222391894 0.0012743751510468915 0.0009052908811442976
