0.0 0.181039395581199 0.07520145980934922 0.06837777481643299 0.022697764818073753 0.002294705441636708 0.11228778434248347 0.01586641512126908 0.005593925760462539 0.11480073154867966 0.020445712899744298 0.022389085958090117 0.047861968356810704 0.036497867272556946 0.00029621608742898725 8.43875359572548e-05 0.0 0.0 0.0 0.0 0.0 0.0 0.0 0.0 0.0 0.0 0.0 0.0 0.0 0.0 0.033168618419092064 0.0013632224967953324 0.004057735135571338 0.0 0.0 0.0 0.00015784267356119564 0.0 3.383978090044675e-05 0.0 9.628717272095605e-06 0.0 8.0292988627923e-06 0.0 0.0 0.0 0.0028530625634840164 9.521310637309867e-05 1.1431983537604107e-05 0.0 2.870760728124809e-05 2.684165628325256e-05 2.477548185299267e-05 0.0 0.0003085029415537995 0.0006164369909624033 0.020352262572898707 0.011385259196619358 0.007146791962571785 0.0026235912640302722 0.0 8.825549911281156e-06 0.0 0.0007835552461247762 0.00010679397042276491 0.0001190764175613748 6.235346441123883e-05 7.023846349265886e-05 1.687414936560904e-05 0.0 0.0001314008439316167 0.0009893787615787638 2.303876969515675e-05 0.004584463821588471 0.0012778575840096016 0.0013232141471506522 0.00011365117971575591 0.0 0.0 0.003811901780115242 0.0 9.835607793035405e-06 0.0004093558530939491 0.0 0.00011171949135159273 0.00013376684010955387 5.748465468003756e-05 3.0935150464645586e-05 2.1124161695840073e-05 0.0001522032600313092 2.4843865974324962e-05 3.630011107823789e-05 9.950539771540959e-06 0.0 1.8453547283061596e-05 0.006980914903849131 0.0016890586192266782 5.877528213852834e-05 6.276146560063754e-05 0.12075292326670084 0.0 0.0005578343339411887 0.001010488602883666 0.0004324167944370912 0.00012768050021645235 0.005204011876360235 0.00025789425202659604 0.001253958761299449 0.005764368033210586 0.0009757656474220964 0.00025481616050615166 0.00279800334126214 0.004379538973861835 0.0014376960690439427 0.0005007016905773736 0.0 0.0 0.0 0.0 0.0 0.0 0.0 0.0 0.0 0.0 0.0 0.0 1.7471103381744547e-05 0.0 0.0 0.0 1.5016643489015923e-05 0.0 0.0 0.0 6.71809322112848e-05 0.0 0.0 0.0 5.913434078750959e-05 5.61323436560658e-05 4.570271271702072e-05 0.00011146343470101793 0.0 0.0 0.0 0.0 0.0 0.0 0.00011212703610567793 0.0 0.0 0.0 0.0 1.7040395069546396e-05 0.0 0.0 0.0 0.0 0.0 0.0 0.0 0.0 0.0 0.0 0.0 0.0 1.1847404471101726e-05 0.0 0.0 0.0 0.0 0.0 0.0 0.0 0.0 0.00047503576324128214 0.0 0.0 0.0 0.0 0.0005802803444102759 0.0 0.0003215264502316727 0.0 0.0 0.0 0.0 0.0 0.0 0.0 0.0 0.0 0.0 0.0 0.0 0.0 0.0002010954772093396 0.0 6.96142493936694e-05
0.181039395581199 0.0 0.10798202676205766 0.14039898035404413 0.11662394972396285 0.0037418727648902417 0.21037098740010832 0.030722121897738014 0.06881221610584916 0.15285271909325523 0.057515588755992234 0.011091770706810581 0.18584512138771178 0.14963379763975101 0.0012776764817278455 7.986825242645013e-05 8.552393670035386e-06 9.91172710440094e-06 0.0 0.0 0.0 9.967707008631215e-06 8.618282706595834e-06 8.50735895645235e-06 0.0 0.0 0.0 1.6860330270241722e-05 0.0 0.0 0.11103369399750526 0.001127631127519675 0.003636134637582034 0.0 0.0 0.0 1.5700253280377932e-05 9.374766917398364e-06 3.76200728724195e-05 0.0 3.879652314403091e-05 2.9856705613288766e-05 9.402370928889548e-06 3.5302118469421436e-05 0.0 0.0 0.014556901812863747 0.00026345298545231904 1.3624935902495209e-05 7.709090620532378e-06 4.528781016871542e-05 2.2826861946105543e-05 2.172698386083537e-05 0.0 0.0004325984592522299 0.0012461703741220452 0.009077171929630203 0.012467132636957194 0.008818838302716991 0.006925323948728297 0.0 1.2536242974644e-05 0.0 0.003461532362117246 0.0003424312972515789 0.0003843855538256977 0.0001155869318495518 0.0002948198610616555 4.2706618625747756e-05 8.043932563461838e-06 0.00018928135335241202 0.0001305822951991823 3.3056371990616604e-05 0.009988060829993376 0.00870038259659422 0.00576495410184975 0.002389648156726943 4.5494113945976e-05 1.0471507632946866e-05 0.004635400494423752 3.700658963173815e-05 8.462601949222343e-06 0.0010388518635440348 8.944435288945741e-06 0.0002173934563871009 0.0002724747541278404 0.0001974532337775257 1.0278848494498496e-05 5.7393413189648184e-05 5.733181008780283e-05 0.0 0.0 6.9747353336609115e-06 2.749032563093041e-05 3.064888434733408e-05 0.001866427037953484 0.0004550454758727961 1.0168017313139352e-05 0.00015472006998476607 0.08677154899137106 0.0 0.00010641588960066866 0.0005192511960864206 0.00031928681970124265 0.00014443896494813235 0.00277833854211696 3.507754517446933e-05 0.0008027324057312524 0.006693256355490454 0.0004083667734349298 0.0002913890190988491 0.0015773071446480266 0.0018594506349575693 0.0011672381430636316 0.0006151773868638839 0.0 0.0 0.0 0.0 0.0 0.0 0.0 0.0 0.0 0.0 0.0 0.0 3.610715785588234e-05 0.0 3.519973027326197e-05 0.0 0.0 0.0 0.0 4.887276918850742e-05 2.018115138458571e-05 0.0 0.0 0.0 0.0001614919123448357 0.00017281326336793322 3.223708484411012e-05 8.340090723481785e-06 7.808139219779756e-06 0.0 0.0 0.0 0.0 0.0 2.5729188843311706e-05 0.0 0.0 3.373999673539763e-05 0.0 0.0 0.0 7.978299159159691e-06 0.0 0.0 0.0 8.11207885422512e-06 0.0 0.0 0.0 0.00010396868994890287 1.2120829873889667e-05 0.0005360430553630864 2.896341114783491e-05 0.0 0.0 0.0 0.0 0.0 0.0 0.0 0.0 0.0004754679348523405 0.0 0.0 0.0 0.0 0.0003475820294879032 0.0 0.00061890869499552 0.0 2.1672649544763684e-05 0.0 0.0 0.0 3.756920347715254e-05 0.0 0.0 0.0 1.073064753610791e-05 0.0 0.0 0.0 0.00034849226475295946 5.115422158363619e-05 0.00011893975256850812
0.07520145980934922 0.10798202676205766 0.0 0.015432185823625941 0.07573465800380436 0.0010496596123326899 0.02037428444316688 0.18617690512716814 0.07986012087112368 0.0007793367207105058 0.19162282430179597 6.657561211324737e-05 0.0015887813580650484 0.1402021822502033 0.002702230284888413 0.00033203771544542744 9.816417500766708e-05 0.0 0.0 4.7856662292730116e-05 9.878666163072715e-05 0.0 0.00024669044698206034 0.00015116967828525063 3.709427434460602e-05 2.1134478842888932e-05 2.943416756441027e-05 3.292521911282381e-05 1.7760446343034106e-05 5.492532076325607e-05 0.341090678100855 0.034921734688353204 0.008177741326549685 2.7829954804145552e-05 0.00012010177848731608 2.63346919427151e-05 0.00020654614797242302 7.28856523064579e-05 0.0002565485675034481 0.00010875870797914137 0.00029832625339383734 0.00017489997952350645 2.643928327594192e-05 4.928871064340008e-05 2.0607472648473553e-05 2.2451270512240574e-05 0.022114743791089565 0.0004874774244165571 2.9213299869102202e-05 6.026320785569823e-05 9.089835997990877e-05 2.3852882246618444e-05 9.742680126635842e-05 0.0 0.0008514238469125826 0.0025265215012771937 0.012795211521592147 0.033005679701508195 0.014839593266940487 0.011617315715782324 1.9620245789276222e-05 0.00048486749453845624 0.0 0.02751575300423684 0.00044001185882906936 0.0006239188992724003 0.0001437669547375161 0.00046938617996233423 0.0001059332153091429 0.0002722210608295366 0.0013263010704451896 0.00030783519164346575 0.0 0.018491426152620605 0.022380317349374294 0.012026740744816742 0.008987089938743892 0.00034619357106571296 0.0004414865899341327 0.031916496710240265 0.00010444180117293833 0.0009701746203078538 0.001930717845969542 0.00010241784451694716 0.00048437627472400045 0.0005105697152466184 0.0004893456305325528 1.1047130240831799e-05 6.277875317714745e-05 2.9755933810517453e-05 7.391366141169905e-05 3.41498243781182e-05 0.0005876186080410666 0.0003897407199498389 9.219701030373182e-05 0.0011055809176742097 0.0012145239778115061 3.777781364127842e-05 0.0012203902304353585 0.08148517625580767 0.0 1.4805467033361025e-05 0.00014885132583647984 0.00011904641174596366 0.00018874315559196957 0.001303612610936827 0.0 0.00023963548370714422 0.0005405142130949785 6.339662845061212e-05 7.175703018951399e-05 0.0008992172776049305 0.000634263189625024 0.0006997590295929607 0.0006851212217176671 0.0 1.4357273189867993e-05 0.0 0.0 0.0 0.0 0.0 0.0 1.3750110260954572e-05 0.0 0.0 1.7199928112483713e-05 3.5878527199905704e-05 1.3339074951632095e-05 0.0 1.3176283487485894e-05 1.0392553580577713e-05 0.0 1.4423559560133545e-05 1.7548502278536727e-05 6.142911454277294e-05 0.0 1.4145625345480513e-05 0.0 0.000245128096674346 0.00021221645597805028 0.00033822568233445407 0.00010764129309371116 8.334130575491705e-05 0.0 0.0 0.0 0.0 0.0 1.7649746182108185e-05 0.0 0.0 5.627118187916181e-05 0.0 0.0 0.0 0.00010407342084737372 0.0 0.0 0.0 0.0 0.0 3.349455345198154e-05 0.0 0.0 1.924560069321427e-05 0.0005648546480080575 4.669655539602831e-05 0.0 0.0 0.0 0.0 0.0 0.0 0.0 1.078991932872295e-05 0.0005476223179727834 8.937039541524008e-05 0.0 0.0 1.957560342492529e-05 0.00038415002750735505 4.795314246424575e-05 0.0004016875098281495 6.203071266361219e-06 0.0 0.0 0.0 0.0 0.0 0.0 0.0 0.0 0.0 0.0 0.0 0.0 0.0001770487374145494 0.0001233068964539742 0.000437358681526991
0.06837777481643299 0.14039898035404413 0.015432185823625941 0.0 0.010053704037329782 0.01867340968065964 0.0642803472207694 3.310963678119534e-05 0.0019940497951863975 0.10191120809349552 0.00012084896380769756 0.1199166194782748 0.1700268018024834 0.00943403191973704 8.851443607671463e-05 0.0 0.0 0.0 0.0 0.0 0.0 0.0 0.0 0.0 0.0 0.0 0.0 0.0 0.0 0.0 0.002197481705664293 0.0 0.00011906187927775982 0.0 0.0 8.35982710037136e-06 0.0001487829830150668 0.0 0.0 0.0 0.0 0.0 0.0 0.0 0.0 0.0 0.0006547699481481996 7.440940926384439e-06 0.0 0.0 8.45513022419069e-06 0.0 0.0 0.0 0.00013350040436205143 6.883638749022413e-05 0.0019036383463000674 0.001464277591377704 0.0010768831597116162 0.0005376068960282287 0.0 0.0 0.0 0.00011677139857788731 3.659553153625337e-05 2.6588808209156586e-05 0.0 1.7572825794724296e-05 0.0 0.0 0.0 4.670087764618957e-05 0.0 0.0008421513457157213 0.0005797191660930864 0.00023957477781043945 7.555948312845852e-05 0.0 0.0 1.0979073670582572e-05 0.0 0.0 5.326276189821974e-05 0.0 2.866797075192742e-05 2.0426099068971777e-05 0.0 8.402894371253313e-06 0.0 9.39623931502816e-06 0.0 0.0 0.0 0.0 0.0 0.002636372790785196 0.0007754245459914791 0.0 0.0 0.025460712671166535 3.0378554302281066e-05 0.00012080663423882001 8.456536130404594e-05 0.001408495657597892 0.0 0.0026483756809071563 0.001964434501842001 0.00013039446886334427 0.0049989491075535354 0.0013482441411796565 0.0 0.00495356929611833 0.004116948730191663 0.003762212854029274 5.6751529133862715e-05 0.0 0.0 0.0 0.0 0.0 0.0 0.0 0.0 0.0 0.0 0.0 0.0 0.0 0.0 0.0 0.0 0.0 0.0 0.0 0.0 0.0 0.0 0.0 0.0 0.0 0.0 0.0 0.0 0.0 0.0 0.0 0.0 0.0 0.0 0.0 0.0 1.819143378572042e-05 0.0 0.0 0.0 0.0 0.0 0.0 0.0 0.0 0.0 2.987006969747765e-05 0.0 7.227853281366636e-05 0.0 0.0 0.0 0.0 0.0 0.0 0.0 0.0 0.0 0.0 0.0 0.0 1.4302980885783045e-05 0.0 0.0 0.0 0.0 2.30652101882355e-05 0.0 0.0 0.0 0.0 0.0 0.0 0.0 0.0 1.8330470675668974e-05 0.0 0.0 0.0 0.0 0.0 0.0 0.00017247805542227178 2.082513390350549e-05 0.0
0.022697764818073753 0.11662394972396285 0.07573465800380436 0.010053704037329782 0.0 0.0007003734228559988 0.06388917606530195 0.03176591088748817 0.10200250428918815 0.024880170960217805 0.053021887969501975 0.0 0.012178289939452316 0.08357481948761074 0.0005121049436125878 5.282187742835198e-05 1.279043400818054e-05 0.0 0.0 0.0 1.1095248207001039e-05 0.0 0.0 0.0 0.0 0.0 0.0 1.4833284665123769e-05 0.0 0.0 0.008099730707459923 0.0003968868492359818 0.0007140840902700123 0.0 1.887012959876895e-05 0.0 5.5314969835124935e-05 9.989494852195352e-06 1.0855699418944909e-05 0.0 0.0 8.734492134325325e-06 1.0913797724201505e-05 2.9423422464750736e-05 0.0 0.0 0.007184197325709258 2.873191798021937e-05 0.0 0.0 1.0352687765498892e-05 0.0 9.99607364449188e-06 0.0 0.00013782833611046967 0.0003431828767409464 0.00156491006815963 0.0020169298322025683 0.0021575081690032014 0.0021373569208962967 0.0 0.0 0.0 0.0013564849241112947 9.244329026654486e-05 0.00010489182004561816 1.640327189754646e-05 6.560915840132427e-05 1.7056969154349286e-05 0.0 0.00018593422134128743 0.00010916549509333002 2.027786155392706e-05 0.0028378145279409797 0.002947472717540707 0.00238696239663691 0.0010700007994799189 5.607452875370281e-05 2.1466536601612375e-05 0.00011624397511187484 2.3581919885561614e-05 1.7916859817939052e-05 0.0003426904400030102 1.169993456489949e-05 7.411409846423496e-05 6.562981904192213e-05 2.723406960143544e-05 0.0 1.0529711324204105e-05 9.104669006373782e-06 8.534259445182525e-06 0.0 4.2732375533957504e-05 1.0985994967381167e-05 1.0745394455521379e-05 0.0021712919557879008 0.000119920768062276 0.0 1.9325906961902413e-05 0.008634900624142246 0.0 0.0001686253881902264 0.0005305798593314137 4.336890128126464e-05 0.00034306033489630027 0.0023103646969145674 7.755824469755416e-05 0.0007087504891122852 0.0015080325386689242 0.0005277263838299758 0.0001835677359729284 0.0021229738544827725 0.0017719320638317664 0.0015630331755313242 0.0006325956128198087 0.0 0.0 0.0 0.0 0.0 0.0 0.0 0.0 0.0 0.0 0.0 0.0 0.0 0.0 0.0 0.0 0.0 0.0 0.0 0.0 3.967053766790876e-05 0.0 0.0 0.0 0.00015609371099285327 4.090376393529579e-05 2.0176568517693142e-05 7.065493757409528e-05 0.0 0.0 0.0 0.0 0.0 0.0 0.0 0.0 0.0 0.0 0.0 0.0 0.0 1.0381768605134143e-05 0.0 0.0 0.0 0.0 9.781183756449664e-06 0.0 0.0 0.0 0.0 0.0006809287145404053 0.0 0.0 0.0 0.0 0.0 0.0 0.0 0.0 0.0 0.0004520276751136621 0.0 0.0 0.0 0.0 0.0002112819911897259 9.543640008262412e-05 0.0004053402982686353 0.0 0.0 1.6899576586533017e-05 0.0 0.0 0.0 0.0 0.0 0.0 0.0 0.0 0.0 0.0 0.00031994106026560286 9.634236650258701e-05 4.834827374435046e-05
0.002294705441636708 0.0037418727648902417 0.0010496596123326899 0.01867340968065964 0.0007003734228559988 0.0 0.005417116670813438 6.692444689603168e-05 0.0005191631453708209 0.0441886687778741 9.048579870977978e-05 0.02826761186548339 0.01262772320135234 0.002061243331705773 0.0 0.0 0.0 0.0 0.0 0.0 0.0 6.65573134007854e-05 0.0 0.0 0.0 0.0 0.0 0.0 0.0 0.0 5.348295241726697e-05 0.0 0.00024388819050106725 0.0 0.0 0.0 4.671755996526338e-05 0.0 3.087861942011467e-05 0.0 0.0 0.0 0.0 0.0 0.0 0.0 0.0 0.0 0.0 0.0 9.083902979775284e-06 0.0002873252978867712 2.737586504115743e-05 0.0 0.0 0.0 0.004992495585032525 2.787249514502433e-05 3.560640915317973e-05 1.7928676579294263e-05 0.0 0.0 0.0 0.0 0.0 0.0 0.0 1.481492044244519e-05 0.0 0.0 0.00017547791065445942 0.0038473947576162892 0.0003012533217908958 9.827762232528522e-06 0.0 0.0 0.0 0.0 0.0 8.726152398923562e-05 0.0 0.0 0.0 1.1384057117611694e-05 0.0 3.112161319108353e-05 0.0 9.102185243476336e-05 3.2097916933728335e-05 0.0003510088112414148 5.958396802302479e-05 4.4275441627690444e-05 0.0 0.0 0.0 0.0057733661007169776 0.0035257832950613467 0.00028535452983012864 7.780729602735692e-05 0.010002759423516942 0.0 0.0 0.0 0.0 0.0 1.257188053248105e-05 0.0 0.0 0.0023096363329642463 0.0 0.0 0.0 0.0 4.3195354748512875e-05 1.5063399269920172e-05 0.0 0.0 0.0 0.0 0.0 0.0 0.0 0.0 0.0 0.0 0.0 0.0 0.0 0.0 0.0 0.0 0.0 0.0 0.0 0.0 0.0 0.0 0.0 0.0 0.0 0.0 0.0 0.0 0.0 0.0 0.0 0.0 0.0 0.0 0.0 0.0 0.0 0.0 0.0 0.0 0.0 0.0 0.0 0.0 0.0 0.0 0.0 0.0 0.0 0.0 0.0 0.0 0.0 0.0 0.0 0.0 0.0 0.0 0.0 0.0 0.0 0.0 0.0 0.0 0.0 0.0 0.0 0.0 0.0 0.0 0.0 0.0 0.0 1.1906152894051453e-05 0.0 0.0 0.0 0.0 0.0 0.0 0.0 0.0 0.0 0.0 3.363588319951153e-05
0.11228778434248347 0.21037098740010832 0.02037428444316688 0.0642803472207694 0.06388917606530195 0.005417116670813438 0.0 0.0031309727102531173 0.032291485994132035 0.10216692546381023 0.013377027382755763 0.002771881135267345 0.16889131233355603 0.035903271884124156 0.0008597456937528055 7.888791126067281e-05 0.0 0.0 7.77935887265984e-06 0.0 0.0 0.0 0.0 0.0 0.0 3.3951589750582077e-05 7.621158108149492e-06 0.0 0.0 0.0 0.014919150486115333 0.00024679921031919085 0.001373495222932848 0.0 0.0 8.725141262971503e-06 0.00027215712072192034 7.29224199155315e-06 2.4446305119665027e-05 5.416642335545247e-05 1.7028391746487355e-05 9.116463693634268e-06 3.132991859028864e-05 1.3848113545006439e-05 0.0 9.613842180519207e-06 0.008280671022326916 0.0001588567432316499 9.328805091836749e-06 0.0 0.0 4.352010598188135e-05 0.0 0.0 0.00040389776472296953 0.000989143695256072 0.005027164628434093 0.005716854922871324 0.0051306730913096045 0.0038314433004258395 1.908611891914213e-05 4.6118631385751083e-05 0.0 0.0016971571723573757 0.0001513866110951565 0.00021966092377511822 6.695663448648301e-05 8.236236665018873e-05 4.4538228740954623e-05 0.0 0.0005008582785088337 0.0003408041416741485 5.070170192964404e-05 0.005578455443057997 0.004332043440198518 0.0032023814069554184 0.0013489041217207135 6.9008265648655e-05 4.400821406104807e-05 0.00018828630087059986 1.9419981769160264e-05 5.6437854823642286e-05 0.0006577773285104867 0.0 0.00022291729209319416 9.57469227817714e-05 0.00016188353313181106 9.673729199516339e-06 1.7107632050020402e-05 7.303789947399983e-05 8.197354642497353e-06 0.0 0.0 9.527234113819999e-06 6.138021828674764e-05 0.0036107958390729326 0.00031855206352032815 1.4063546740605986e-05 0.0002183489819979985 0.029558346191787425 8.320922434101053e-05 0.001986428164265381 0.007878455997888105 0.018348792124448506 0.0008758534319735925 0.013196844494877038 0.001873087306445717 0.007988928040846697 0.012217333922455125 0.006407130191499863 0.00039217567417557125 0.018278165601930872 0.01296156403352908 0.006277460324021791 0.0012321883149702293 8.814319181537594e-06 4.234722245673744e-05 0.0 0.0 0.0 0.0 0.0 0.0 0.0 0.0 0.0 0.0 0.0 0.0 0.0 0.0 1.287490943250199e-05 0.0 0.0 0.00023738330512196272 1.0331384839951198e-05 0.0 0.0 0.0 0.0002408938950924808 7.295041129178179e-05 0.0002191907533901544 9.43626484686335e-05 6.767610969730507e-05 0.0 0.0 0.0 0.0 1.0778442935667091e-05 0.0 0.0 0.0001221851543339097 0.00011234691687533137 0.0 1.477748277778645e-05 0.0 0.0 0.0 3.194110327684799e-05 4.2654582863798074e-05 1.0347829328456011e-05 0.0001860922547699183 6.448188494036148e-05 0.00010834885683819092 8.948417170807648e-06 0.0 0.001345873846249788 0.00018988927819362734 3.074483046817082e-05 2.9271057806059444e-05 0.0 9.621848668297333e-06 0.0 1.7060337946031818e-05 0.0 0.0 0.00111946222994562 3.3979787626428204e-05 0.0 0.0 0.0 0.0005609842951537296 5.840779260949612e-05 0.0008027020047183389 0.00012222903264975598 2.1686831794592662e-05 3.783233665525665e-05 2.6712757099324745e-05 0.0 1.15671489161644e-05 8.121463904822392e-06 1.3233526599588674e-05 0.0 0.0 0.0 0.0 0.0 0.0009479596572520822 1.455529918160556e-05 0.00022615158275620428
0.01586641512126908 0.030722121897738014 0.18617690512716814 3.310963678119534e-05 0.03176591088748817 6.692444689603168e-05 0.0031309727102531173 0.0 0.07407193331745636 0.0005784456781010505 0.06221220904130293 0.0007853604185951745 0.007412608744625311 0.15227396862673526 0.007827429821719379 0.004176843801960975 0.0003881538752297197 0.0003523414449901054 3.314934594140835e-05 0.00229537314811092 0.0052121702595445225 1.0280139473006298e-05 0.00813588101732273 0.005171581058579777 0.00033004364284129254 0.002148622044215649 0.0011532946259932785 0.00020561573271237992 0.00032817854703645085 0.0007258239006189366 0.1183073762938625 0.2422979740875902 0.01415467186277656 0.004196291778666723 0.004189292598053319 8.69334274624145e-05 0.0019406994254786082 0.0002985764062921739 0.0018008031176793271 0.00045871988695716934 0.009864210705733633 0.004222008858800975 0.004057302237651356 0.00213710782684244 0.0008790818373981211 0.0019774111586098476 0.031951310156673 0.0003399852817681852 0.00015121924815719885 0.001376899064717464 0.0008611763528596427 8.090845497679202e-05 0.0007689862759578583 0.0006249348295754197 0.00039252639949775885 0.0011379661510249179 0.0030166368448118993 0.009833850865991273 0.004577301578925244 0.006241455221826512 0.005147491693708067 0.018382034105396548 0.0005963960200482866 0.037425024995779085 0.0002874345667918777 0.0005829696292347889 0.0003493921807347642 0.0011581376852248782 0.0035933147154763177 0.018195985708292516 0.006349366193423448 0.001882422681785039 5.01265022898968e-05 0.010086041780757926 0.017700573576781477 0.01575919005944176 0.03038106803895089 0.017499696888742207 0.1353088623542384 0.26555424664760435 0.021860072882399127 0.12308193326286278 0.0008221253460223032 3.5844826465864154e-05 0.00044630357894779086 0.00041320460466641673 0.001273897578287638 1.619696242374531e-05 0.00025490657101368474 0.0001437144475868339 0.00102744766061068 0.00014976678625337847 0.021917135199121276 0.006775669948281763 0.001417967661614635 0.0030340947799280364 0.006044674858437229 0.0003025206824414757 0.0059421832494163775 0.009741241842709447 3.284360406393857e-05 5.6421317766353135e-05 0.0004979959534316125 0.00011984015916486985 0.0003853532785782366 0.0017409028171978362 0.00010386044001249172 0.00035353357000517653 0.0003373487298197747 0.00028543188671493406 0.00023910285787545165 0.0019158072215092342 0.0015490682992820857 0.001436035817989907 0.0015596715387037614 3.908117286795426e-05 9.324624543122289e-06 8.574766121076028e-06 0.0 0.0 0.0 4.5363320662307e-05 0.0 8.25710985778694e-05 1.0539569187669098e-05 6.590827662624049e-05 9.770931122722828e-05 0.00029963200160721694 3.9969417350188395e-05 0.0002735891341812793 4.471972550814633e-05 0.0002603849191312192 0.00018115306143164293 0.00020352393595468138 0.00023679514300413708 0.0006257564508794268 2.463127321626961e-05 0.00018083785973648086 2.008912519573214e-05 0.0011806438689641267 0.0006463052114203968 0.0014820174183800597 0.0013080015576192765 0.0007056753313102371 2.5858481800606764e-05 2.130281232894702e-05 0.0 9.270088711927767e-06 0.0 0.00014376739479527554 0.0 8.663628095260478e-05 0.0001567377583099221 1.0067545290815799e-05 0.0 0.00015468989540934043 0.0007518921055452842 0.00012838069334949562 0.0 1.767178752172791e-05 1.0191091150738288e-05 0.000104811831359067 1.739553378654449e-05 2.4934569141630006e-05 0.00032134625441193474 0.000354021413907274 0.0029328805289864732 0.00014381788038612126 1.0676742596782068e-05 1.9415113363171375e-05 0.0 0.0 0.0 9.042591667525564e-06 8.869272284329233e-06 0.00011907441522736264 0.00176102276637462 0.0006833366628914068 2.1568303874849153e-05 2.9492092125179337e-05 0.00026668671429401497 0.0012504698623313055 0.0002103992274915925 0.0024204763012372252 1.4872231913034867e-05 2.1677381233778778e-05 3.466232860436484e-05 9.456381966283602e-06 2.993926913617973e-05 0.0 0.0 0.0 0.0 0.0 3.0332777614288143e-05 6.237575355037356e-05 1.033156499304689e-05 0.0006693339523558713 0.0008534690345752968 0.002586367250262004
0.005593925760462539 0.06881221610584916 0.07986012087112368 0.0019940497951863975 0.10200250428918815 0.0005191631453708209 0.032291485994132035 0.07407193331745636 0.0 0.054103232219734156 0.062260547242139405 0.002253352657147468 0.04671905943858037 0.016632892997503573 0.0007664923561285668 0.0001774533705243331 1.2254228612804141e-05 0.0 0.0 0.0 0.0 0.0 0.0 0.0 0.0 2.5900575675117977e-05 0.0 0.0 1.2950394291660983e-05 0.0 0.004075828015644773 0.00032308082538258205 0.00421456728769479 7.73296126174424e-06 0.0 0.0 0.00010818082384464811 0.0 0.00013393256173175835 0.0 0.0 3.2587825119716765e-05 0.0 0.0 0.0 8.896506732750617e-06 0.005344341453066702 6.991761367751668e-05 2.0730983617085015e-05 9.48790519769037e-06 9.120330220549533e-06 0.0 0.0 3.271124494367903e-05 0.0001235640632178936 0.0003065566835750482 0.00043515220699891005 0.0005703181516529212 0.0010165324408875369 0.001261447669945745 8.783243840633532e-06 1.771707430723138e-05 0.0 0.000608106916893455 2.3151846737637575e-05 7.289501955536587e-05 7.036271501154508e-06 1.0554885049072488e-05 1.7382045802598097e-05 8.841206853051476e-06 0.0004114871525122648 1.7541055475870093e-05 1.4095974297829031e-05 0.0019159250629958388 0.0017187455536894806 0.002227236797810941 0.0008449543121280837 7.54904161343248e-05 1.052587399205928e-05 0.00031440570401826423 0.0 0.0 0.00018204455294200484 1.1941648750441688e-05 2.441702276490694e-05 6.39453676593886e-05 6.84221464526931e-05 0.0 0.0 8.850848247974621e-06 8.125352505832385e-06 0.0 9.827607713865429e-06 1.7564973825609263e-05 8.96852951937517e-06 0.0033968454216540783 0.00035381920167028145 0.0 3.393190393049011e-05 0.0031033543919002787 0.0 0.0 0.0004106466742348194 0.00031983103585680263 0.0005731416476854482 0.004316918384421685 9.451758653952953e-05 0.0016989633524033879 0.0016506229277798825 0.0007320221518999038 0.0002755260961178798 0.0028601427652819498 0.003641074098657717 0.0023257153855429 0.0015436576481406767 1.1994929206507e-05 0.0 0.0 0.0 0.0 0.0 0.0 0.0 0.0 0.0 0.0 0.0 4.272857736552913e-05 0.0 6.128380504958376e-05 0.0 0.0 0.0 0.0 0.00018282201323933955 0.0002303923809320553 1.138221286260055e-05 3.5510288575787897e-05 0.0 0.00014628068215045433 4.317983737198665e-05 0.00019082568122988234 7.909045176081606e-05 2.2283019626020823e-05 0.0 0.0 0.0 0.0 0.0 0.0 0.0 0.0 0.0 0.0 0.0 0.0 9.215306220526347e-05 0.0 0.0 0.0 0.0 0.0 0.0 0.0 0.0 0.00013843354655010103 0.0008965030818084832 0.0 0.0 0.0 0.0 0.0 0.0 0.0 0.0 0.0 0.0010597392456826056 1.937047669536102e-05 0.0 0.0 0.0 0.0009217779352254945 6.676474295687712e-05 0.0007590168357767571 0.0 0.0 0.0 0.0 0.0 0.0 0.0 0.0 0.0 0.0 0.0 0.0 0.0 0.001009389533707157 4.9842413675220084e-05 0.00017383484250300032
0.11480073154867966 0.15285271909325523 0.0007793367207105058 0.10191120809349552 0.024880170960217805 0.0441886687778741 0.10216692546381023 0.0005784456781010505 0.054103232219734156 0.0 0.011235187316469993 0.11778477017076118 0.2736236605256275 0.0742012507150467 0.00022454837116294557 1.254752782152303e-05 0.0 0.0 0.0 0.0 0.0 0.0001275153083725213 0.0 0.0 0.0 0.0 0.0 0.0 0.0 0.0 0.0017861486709210821 1.944915304137714e-05 0.0019741011979501097 0.0 0.0 2.737750849311331e-05 0.0008524569102734489 0.0 0.0 0.0 0.0 0.0 0.0 0.0 0.0 0.0 0.0012920188050590418 4.232689933616865e-05 0.0 0.0 0.0 0.00010884232749824144 0.0 0.0 0.00015481628953955043 0.0003412662977385908 0.005021323402849189 0.002065432314148554 0.0022972288396393404 0.0012615674468320099 0.0 0.0 0.0 0.0003186876710928507 4.568034667458822e-05 8.700944494811726e-05 1.5940583206560414e-05 5.356925144663998e-05 7.78409198581007e-06 0.0 0.0015696741818836712 0.001919534636767455 0.00011943117247395156 0.002026041802749824 0.0007391200834683094 0.0008575986975169354 0.00014972303824589787 0.0 0.0 0.0001045911167582869 0.0 0.0 0.0002183223036743508 0.0 6.068371152752388e-05 7.181424410684631e-05 2.0911730577123544e-05 4.6245654983694596e-05 1.8063416853514146e-05 0.0002310074442506786 1.2569475168223266e-05 8.352279184109517e-06 0.0 9.310323378008815e-06 2.9064419357040086e-05 0.014317951276210869 0.0041041237779958694 0.00012406999648458702 0.00024253997030529594 0.03942511848370757 4.259385987747155e-05 0.0006155043177360898 0.0059226639513105615 0.010031459745634864 0.0005682743567943777 0.007665931488661247 0.002720951717688554 0.0012024692392013671 0.006272580927981998 0.007022291158797607 0.0002228088370813224 0.007463704941958718 0.01779761735476472 0.008809226643735648 0.002102670900379681 0.0 0.0 0.0 0.0 0.0 0.0 0.0 0.0 0.0 0.0 0.0 0.0 0.0 0.0 0.0 0.0 0.0 1.4933946809489005e-05 0.0 0.00013075504279211838 1.2544878930155662e-05 0.0 9.016063447721963e-05 0.0 0.00018286868713247308 0.0 0.00013616456032195307 0.0 2.8432969939452826e-05 0.0 0.0 0.0 0.0 0.0 0.0 0.0 0.0 1.5863717648379555e-05 0.0 0.0 0.0 1.1140443135787752e-05 0.0 0.0 0.0 0.0 3.4554979433432146e-05 0.0 0.00017618541956973617 0.0 0.0 0.00037223949397360146 0.00015684203134894425 0.0 0.0 0.0 0.0 0.0 0.0 0.0 0.0 0.0014563118673318635 5.6318692451692243e-05 0.0 0.0 0.0 0.0006876151045194449 2.347971469076812e-05 9.09985286614467e-05 3.3548945445526547e-05 0.0 0.0 0.0 0.0 0.0 0.0 0.0 0.0 0.0 0.0 0.0 0.0 0.0014320888651786024 3.029049076946496e-05 4.4259034166699375e-05
0.020445712899744298 0.057515588755992234 0.19162282430179597 0.00012084896380769756 0.053021887969501975 9.048579870977978e-05 0.013377027382755763 0.06221220904130293 0.062260547242139405 0.011235187316469993 0.0 0.0024337975488651275 0.03393585316903832 0.192885210535191 0.006301604833542469 0.0020013095939552415 0.0001664319786779542 4.1980105339045315e-05 0.0 4.042721271282055e-05 9.357502625498058e-05 0.0 0.00027785303325329703 0.0003043786326482336 2.6579085638530248e-05 0.0001488599924108971 0.0001274813747923838 1.0854344354355631e-05 4.754318095282167e-05 0.0001240377355511758 0.06294941503800539 0.02787079295390237 0.016706255443135483 8.222847373637938e-06 6.33908671118881e-05 0.0 0.0021596226849888486 6.476970763738509e-05 0.0001823197777395469 3.695954688760243e-05 0.00048370421822899206 0.00036989345989797424 3.0777652510828674e-05 9.663380721494333e-05 2.6022190407785543e-05 3.814785878082608e-05 0.024434364427933404 0.0001310349672356348 9.557760593039663e-05 2.3648442662261025e-05 0.00010407178095575578 1.1483216799400291e-05 7.012913334974123e-05 7.986184239416815e-05 0.0004389879711709343 0.0011627088129714557 0.0016695248576043434 0.003278992914380047 0.0033614334973806003 0.0057008674464548185 0.0 0.0002702489547979264 1.3359333274051853e-05 0.00495048713014724 0.00030859850600641764 0.00027301542988343304 5.0341459824358336e-05 0.0002550435827834589 7.084184961517109e-05 0.00015235854843945063 0.0046190957869195045 0.0002288010352328143 0.0 0.007469208530023406 0.010005198629498148 0.013488628615349147 0.007187392162132246 0.0008856165754981088 0.0011949598956398932 0.020354923158551804 6.20878154984033e-05 0.0008190823010436113 0.0006955792363821945 1.056192027668258e-05 0.00018965813037878418 0.00027587141755926447 0.00021664226568662772 2.7837855905923045e-05 2.0025393011846888e-05 1.7377795471261588e-05 2.0157302817468573e-05 1.2997508954621453e-05 0.0005123498799038927 0.0005006462646617142 0.0001686580072936263 0.010111816244281585 0.0029795686940903023 1.6457495131076935e-05 0.0016292554810774364 0.0068834024707607145 2.4266763690025682e-05 0.0002844049969799158 0.0009531617017897032 0.00025547037543607924 0.0005236270578151691 0.005336479084204784 0.00024052239021441084 0.0021393909881997405 0.0017587830212013108 0.001012807361210952 0.0006430798344192513 0.004292774653902929 0.004921698164161433 0.0037942718329719693 0.0031865880750503164 1.2145283698442893e-05 1.2837390592140064e-05 7.872734429562113e-06 0.0 0.0 0.0 0.0 0.0 0.0 0.0 0.0 0.0 5.9115883996046664e-05 0.0 1.624195797361189e-05 4.766226143700095e-05 4.14667779626856e-05 0.0 8.635183630414214e-06 8.870074784482733e-06 0.0001580318214944471 0.0 0.0 0.0 0.0006452137172187179 0.00022683817539862484 0.0006229954701073047 0.00018878527082850794 0.00011137117352986565 0.0 0.0 0.0 0.0 0.0 8.331268918333865e-06 0.0 0.0 6.401911222540194e-05 0.0 0.0 0.0 4.093203942650726e-05 0.0 0.0 5.611103289777482e-05 0.0 5.346581223874444e-05 2.2449770185866633e-05 0.0 6.499747455539703e-05 0.00010188347269556836 0.0026107358780664554 9.757124702158288e-05 0.0 0.0 0.0 0.0 0.0 9.001998831455865e-06 0.0 0.0 0.002206103376388396 0.0001229145351167241 0.0 0.0 1.6217893650020484e-05 0.0020980673664379073 8.694234112427918e-05 0.00185047847033324 2.087191389470718e-05 0.0 8.57941093784735e-06 1.1776028241832438e-05 0.0 0.0 0.0 0.0 0.0 0.0 0.0 0.0 0.0 0.0015527992122162195 0.00019252586218507854 0.0009646614727360145
0.022389085958090117 0.011091770706810581 6.657561211324737e-05 0.1199166194782748 0.0 0.02826761186548339 0.002771881135267345 0.0007853604185951745 0.002253352657147468 0.11778477017076118 0.0024337975488651275 0.0 0.11240289466756925 0.013702174178205209 0.0004605322762324087 0.0004970671061443627 1.835354166499763e-05 0.0 0.0 0.0 1.1033159475071668e-05 6.564403262272426e-05 0.0 0.0 0.0 0.0 0.0 1.5759284394153686e-05 0.0 0.0 0.00016805780268902519 8.984740734543434e-05 0.0042760475557477905 0.0 0.0 0.0 0.008562283151436773 0.00027912697910478156 4.637346256803473e-05 0.0 4.8587926494272084e-05 6.378667841652396e-05 0.0 0.0 0.0 1.3862631178661766e-05 0.0011016858304407052 1.7320436292144594e-05 0.0 0.0 3.078958391506297e-05 5.094383765918879e-05 2.3306385338625788e-05 8.853278463390662e-05 2.121299639783653e-05 6.843970319074518e-05 0.0008440854636544398 0.0005077424886920826 0.0004534057223958841 0.0002710623937334651 6.640061225058142e-05 0.0008919454441820547 1.2981404834416e-05 0.00022566656647443465 7.553322278847546e-06 0.0 9.953328228152414e-06 4.3709082306847994e-05 0.0 1.6856840427071983e-05 0.006388590599395552 0.0008853024646904668 8.483589286422179e-05 0.0006355634997783572 0.0003696317615360274 0.0006480754719298139 0.0006150238145385907 0.00018349193637990258 0.0 0.0011930767788289427 3.051075961594509e-05 5.0898417004981794e-05 8.947894798036924e-05 0.0 8.456127118791311e-06 0.0 0.0 7.382465937382321e-06 3.743820084561742e-05 0.00011903702954363668 9.112539489245683e-06 9.109454812524333e-06 1.895970200276985e-05 0.00024160072469529397 2.9154068664338754e-05 0.04204465990970721 0.007749438670557031 2.5085268274270672e-05 0.000528609818295762 0.007420638663698959 1.1042627125507276e-05 0.0013962773656113054 0.003142063193303928 0.0016548682148297066 0.0013431717556020618 0.01799782899162977 0.0006674555558408546 0.004699631538608502 0.007873446446577188 0.004180138614095189 0.0012107959615682542 0.014571168273227905 0.015342122782281852 0.011066952083631688 0.0067148598718187995 1.0084105846334827e-05 2.2462529724687007e-05 1.7275999715321932e-05 0.0 0.0 0.0 0.0 0.0 1.2753044764116687e-05 0.0 2.6991154869967067e-05 0.0 0.0001479339691836373 0.0 0.0 0.0 0.0 0.0 0.0 0.00018732149630717315 0.0010111548410745442 0.0 0.0 0.0 0.0013232985691699057 0.0004321969635121678 0.0005835811606982557 0.00016405511919714055 0.00014292264909687195 0.0 0.0 0.0 0.0 1.1770817331341478e-05 0.0 0.0 1.3179544756965066e-05 1.8186119625431534e-05 0.0 0.0 0.0 1.0529985470219275e-05 0.0 5.381261691688135e-05 0.0 0.0 6.214454948219219e-05 7.659453814232333e-06 0.0 0.0 0.00018541833835441224 0.003062249112842144 2.3300203880034366e-05 0.0 0.0 0.0 0.0 0.0 0.0 0.0 0.0 0.005950177152112239 4.5439632231916935e-05 0.0 0.0 0.0 0.0031335170651164575 0.00013503143722588725 0.002353128933912029 1.4607992181924084e-05 9.938292209304763e-06 2.1208652073580534e-05 0.0 0.0 0.0 0.0 0.0 0.0 0.0 0.0 0.0 0.0 0.005217203888708315 0.0003087160192298712 0.0011271167676453356
0.047861968356810704 0.18584512138771178 0.0015887813580650484 0.1700268018024834 0.012178289939452316 0.01262772320135234 0.16889131233355603 0.007412608744625311 0.04671905943858037 0.2736236605256275 0.03393585316903832 0.11240289466756925 0.0 0.15791230186609118 0.005614152744076389 0.0032381134490385736 0.00022082408971410878 0.00010984598887699757 0.0 1.0694729423647552e-05 4.996944368177174e-05 2.7081817449420505e-05 2.355431444993528e-05 0.000187362268584271 1.1909770909384127e-05 3.432104387404509e-05 7.659264689085245e-05 9.655327237256454e-06 0.0001442617505553179 4.164175290298653e-05 0.004148842754408931 0.0018604189621192744 0.02916162857965125 8.207439655517773e-06 2.359758466007522e-05 0.0 0.008554593311563047 4.858593982574657e-05 0.0034014717987235566 1.428226541598215e-05 0.0002725269059568043 0.0004138983649810158 8.544979622477055e-06 0.0001399216937202858 5.082474008538778e-05 9.986274669015083e-05 0.016402484277469008 5.3343039684205006e-05 7.694760189441699e-05 2.0448418827012102e-05 6.0935178902598e-05 0.00018529012845189402 0.00015301727004504056 8.005913353217154e-05 0.00016273552055742058 0.0004692429625236711 0.003034062972581669 0.0034835872310208338 0.003065732810868742 0.0026591610038397026 5.742017126486398e-05 0.0025958851192631176 2.203292654136041e-05 0.002352899539207548 0.00012467652211302358 0.00019219689266341433 5.201394491134656e-05 0.0001010946428153136 3.089887489426415e-05 8.792968832289616e-05 0.02400037527294267 0.0013924762250128952 0.0001515070872317767 0.00471291962026511 0.004963495599957996 0.006689050043459176 0.005654715332939771 0.0011369562882496788 8.529844768650433e-05 0.006328061087524852 0.00012114136723541102 0.0007623578931394261 0.00035788783045206463 7.903714353411543e-06 0.0001549731480566878 9.916670989552444e-05 0.00013638368060343967 3.83635611379678e-05 4.5905323711853575e-05 0.0001639494184626368 6.437973671097373e-05 3.1490976169897335e-05 0.00022098615914173706 0.00040976110712665555 0.0002222001460553997 0.1053150137869667 0.015396798368130434 0.00010823722885321879 0.00203023747008297 0.020849203657324195 0.0001651255418952327 0.0015331118170307802 0.007588446510732365 0.0030365504275494753 0.005060586560962688 0.048682429232778615 0.0014984099280883252 0.01390738768530826 0.021173292224232722 0.008672908014065237 0.003801981893428534 0.03763393517747122 0.03784623416635324 0.027210216435073854 0.01738644634743716 6.407167562942238e-05 5.4786603591647286e-05 0.0 0.0 0.0 0.0 0.0 0.0 0.0 6.481805560138004e-05 2.3584278965427222e-05 4.7161536944595785e-05 9.721705820272571e-05 0.0 0.00011818100611902971 8.944900269070173e-06 6.499772520318232e-05 1.4011800790158055e-05 3.209552509875441e-05 0.0003792144016276148 0.001552984547027623 0.0 0.0 1.3926967907915526e-05 0.003372803123024733 0.0006471036428197907 0.002191473192620595 0.0007005105827358279 0.0003124275411398877 0.0 1.2321252685074158e-05 0.0 0.0 2.1637795261255703e-05 0.00012662110744504854 2.5198467792373866e-05 0.000107470105640825 0.00018649120344427586 0.0 1.7610587450128238e-05 7.916448257799328e-06 0.00023327887714300364 2.3846673017391717e-05 0.0 4.394780224825047e-05 0.0 6.449233809231655e-05 0.00010958918669167492 0.00018159631708652502 0.0001784999845310921 0.00036134583423240007 0.008939416084134753 0.0001114372234936973 7.681977223598213e-06 8.764495813533718e-06 0.0 0.0 0.0 7.976140882349348e-06 0.0 0.0 0.015516823325919828 0.00029377309680863884 0.0 0.0 0.0 0.010223417298146017 0.0004738824815122566 0.006262556482717173 0.00013688833642090922 0.00011031647257169283 5.980329694031005e-05 3.212598663741152e-05 2.7333207921196872e-05 0.0 6.7283115331983555e-06 0.0 0.0 0.0 0.0 0.0 0.0 0.01177606309540388 0.0007134266304481597 0.0028933492275874328
