0.0 0.2217132470022914 0.02626651333194343 0.06997072337886627 0.005746202827187029 0.01207235235624075 0.03515308847455446 0.004265139222035182 0.00033405045607899154 0.0889083112424595 0.010613434648531563 0.00898594706687489 0.00798468234938251 0.014040049786551935 0.00016847724167843507 0.00012440804089410123 7.549852621577904e-05 0.0 0.0 1.0688745945274381e-05 0.00023640878112453687 0.0 7.643608940461736e-05 2.4811101401924025e-05 5.388879876182291e-05 5.0266400113711934e-05 2.00495124687623e-05 9.123189990965137e-06 0.0 0.0 0.04661032424837514 0.0019991065593829055 0.0038253124307149953 0.0 6.03502222483813e-05 4.717525832967334e-05 0.001226221209322792 0.00032360470270500184 0.000237603583318693 6.42921572091545e-05 5.1270486033563746e-05 1.707488717549397e-05 3.650885426611524e-05 7.682590350550583e-06 0.0 4.3307010264010166e-05 0.0012052005644091416 6.528611555124202e-05 1.5793402113019663e-05 8.91264010607033e-06 5.245581265345871e-05 1.6734336611437162e-05 0.0 0.0 2.8823480564055938e-05 8.180109655575357e-05 0.002758384716023224 0.022356732476189918 0.0019013369599762257 0.0003674445457706983 0.0 0.00043588340588785265 0.0 0.0006555363799570905 0.00016214069576138694 8.901033183803665e-06 1.6300039807777724e-05 5.2959367243084615e-05 0.00023726707706622104 0.0006427523299358404 0.001437586091772055 9.97862530665133e-05 0.0 0.002500622381825972 0.000659700887495375 0.0009125900829395037 0.0005986831580244475 8.668615195905634e-05 1.7732804381940354e-05 0.0076274812479632205 2.9799942428883143e-05 0.0005346852008597799 0.00015334964380940748 0.0 1.5032521899253068e-05 0.00011051725219855379 2.1932705421181032e-05 2.7400865616085238e-05 1.1864715632447453e-05 0.0 2.4026409411264917e-05 0.0 0.0003781749191473638 4.547876883772775e-05 3.48904681793217e-05 0.00473044178928185 0.0012454297448897841 3.058448480521182e-05 0.0005086426627512448 0.06388843309701629 3.735227276876563e-05 0.0 4.394869615297293e-05 0.0005499067134813929 2.6263852875745582e-05 0.00013940688277020358 0.00018738071572551307 0.0 0.0011083541142942088 0.00033091966492249905 0.00011898637873324713 5.817913247696891e-05 0.00038785406181624985 0.0003263728465732382 0.00010421757755207647 0.0 0.0 0.0 0.0 0.0 0.0 0.0 0.0 0.0 0.0 1.6510365533658158e-05 7.850688087867903e-06 0.0 0.0 0.0 0.0 0.0 0.0 0.0 6.684343589286382e-05 1.1279810744217698e-05 0.0 0.0 0.0 3.94067279328311e-05 0.0 9.905718085939793e-06 8.742020448600633e-06 0.0 0.0 0.0 0.0 0.0 0.0 0.0 0.0 0.0 0.0 0.0 0.0 0.0 0.0 0.0 0.0 0.0 0.0 0.0 0.0 1.1983208082304632e-05 0.0 0.0 3.15286152757125e-05 2.8729954808729753e-05 0.0 0.0 0.0 0.0 0.0 0.0 0.0 0.0 0.000208441076681863 0.0 0.0 0.0 0.0 6.821038591051032e-06 0.0 8.391610037686629e-06 0.0 0.0 0.0 0.0 0.0 0.0 0.0 0.0 0.0 0.0 0.0 0.0 0.0 0.00016049034575406096 2.7474964606807165e-05 1.7330168595414564e-05
0.2217132470022914 0.0 0.13998404005934384 0.07542905623259522 0.06166986362206037 0.0154079856046223 0.19253584534438145 0.01604920163476746 0.021747385581961657 0.08568327451929823 0.0550729746091838 0.005094541711945217 0.10199177922136252 0.08822616753607106 0.0009517680500361316 0.0005735929608008975 0.0015419587789626797 8.114046581781935e-06 1.7339888277267443e-05 9.428720302448045e-06 0.00043513333780303233 0.0 0.00018285234036101352 6.619538378290025e-05 0.00019952793891128305 0.00011836856866660956 6.65699156986189e-05 1.6291233560784357e-05 3.775563930317904e-05 3.312797514433731e-05 0.13233204595905937 0.00405674630069418 0.008798465585110384 1.655345498578706e-05 0.00023344326340677304 7.235363613973356e-05 0.00297400135426377 0.0007628970753116 0.0004495900660642981 8.567010896690838e-05 0.0001372857006646876 9.957334714963599e-05 0.00019696526014055686 0.0001568653674399157 3.18174523026564e-05 7.894386286584792e-05 0.012561615439597783 0.0005381438705090223 0.00015595465556120938 0.0001599413966016923 0.00027289149697968065 0.0 0.0 4.681972218429477e-05 0.00031712762798459185 0.0007595947526376661 0.009691663235997246 0.03891499230887525 0.007778714011735317 0.005500614846765761 0.00016704056928295395 0.000927623594393188 7.428867019516806e-06 0.010095228695524558 0.0009712957344934148 0.00021704102808694215 0.00040055341332766967 0.00025886353661636144 0.0004889015059424792 0.0015001084831148786 0.00238145270768921 1.59584666166483e-05 0.0 0.028641922156669688 0.010032280274488516 0.015345419235590692 0.004133007658934535 0.0006053488654427494 0.00016991422222694075 0.01594442824050277 7.243818608515855e-05 0.000984791853709329 0.001137465201372961 0.0 0.0003629287553337202 0.0009129535880165882 9.393510065922602e-05 1.5199766047443044e-05 0.00035574990750939303 2.1644570794146362e-05 0.00015685785785045278 6.66140902483654e-05 0.0009469781745451914 8.785381358870826e-05 7.046522243462638e-05 0.0018922205567012743 0.0003810055046876494 3.196045577953992e-05 0.0003534698391846517 0.11314920787543292 1.1678102990497707e-05 7.646656453132126e-05 8.217635029499626e-05 0.0 2.4813380264409758e-05 0.0005990850971856523 9.139189589973479e-05 2.2384363786722112e-05 0.0009658733163864698 0.0004946447596444294 3.7961172645822366e-05 0.0003146272648948998 0.0005188016605748528 0.00036031035441175046 0.00036719487672553814 0.0 0.0 0.0 0.0 0.0 0.0 0.0 0.0 0.0 0.0 0.0 0.0 0.0 0.0 0.0 0.0 0.0 0.0 0.0 0.000140661016758186 0.00011232323365721496 0.0 0.0 0.0 0.00027776898137290066 0.0 6.972274635839145e-05 0.0 7.052245227835073e-06 0.0 0.0 0.0 0.0 0.0 0.0 0.0 9.061987755527023e-06 3.788256685149758e-05 0.0 0.0 0.0 0.0 0.0 0.0 0.0 0.0 1.775050034497459e-05 0.0 0.0 0.0 0.0 5.068321093936231e-05 1.0106368226822633e-05 0.0 0.0 0.0 0.0 0.0 0.0 0.0 0.0 0.00036770314022935367 2.3745562314529013e-05 0.0 0.0 9.863477498275176e-06 0.0001552988434546404 0.0 7.83086655141631e-05 8.357371979331504e-06 0.0 0.0 3.460076548911152e-05 0.0 0.0 0.0 0.0 0.0 0.0 0.0 0.0 0.0 0.0002928864238411482 2.9157210289532436e-05 0.0002348247349388357
0.02626651333194343 0.13998404005934384 0.0 0.0020227215299104266 0.028320814665179155 0.00019408291434149023 0.01652698451814579 0.1412449294435485 0.030379038923956287 0.0008684967638001405 0.15713095803685007 0.0014957331080893484 0.036991978949099724 0.12891332361637406 0.0011394018523130896 0.0005274739434217043 0.0007131720139679814 3.945236240346514e-05 5.6293241741939215e-05 0.00013343227964165215 0.002285768789269764 7.804284022116583e-06 0.0006257163813334902 0.0001638034947309306 0.0007220676048648951 0.00025817220396789605 0.00019159939467563024 0.00011136470031383737 2.8701328600172492e-05 1.7593130742593573e-05 0.18522873902732545 0.03391260015344813 0.015555799152831534 8.17580884728219e-05 0.0009063941230467371 0.000354516906939307 0.005401626608189829 0.001845517246015237 0.0011219018410047988 0.000336322844201437 0.0007129463404366114 0.00035981353299195684 0.002339120804361652 0.0002001160576203231 0.00014409166390581864 0.00023459964674072274 0.0057169086137427065 0.0002683094683413981 0.00015194634485894023 0.001065594596936418 0.0007327650588891637 1.739402294172066e-05 0.0 0.00014263367120576865 4.947826961826555e-05 0.00022239784424720873 0.0028083184552352373 0.011947225317696082 0.002330872857153828 0.002364578777757698 0.000575489750808659 0.002981558693796429 2.423542798036362e-05 0.012566277739211639 0.00032121678712125466 0.00032263204209409286 0.0001798479486405012 0.0008528099878832054 0.003082285100742028 0.007783913433094997 0.003253154952744411 0.00012072318587498931 0.0 0.011401721654741574 0.004530660416818868 0.007058269884044148 0.003622668794370829 0.0006571315779225163 0.0011605703077858123 0.07270377635189149 0.0006070064200362893 0.006630828273565076 0.0003588623003029421 0.0 0.00014221576740806218 0.00021730766654694944 0.00034110163930756176 0.0 0.00010950579055469268 0.0 0.00011683942359070349 2.7446874909989225e-05 0.0036286132551989416 0.0003091457076553893 0.00018365858836443222 0.0015294204576175923 0.0001521158741691667 0.0 0.0006813705798480084 0.014913083545601858 0.0 0.0 1.004790839581333e-05 0.0 0.0 2.778944343013799e-05 0.0 0.0 9.72926703932842e-05 5.3892296587379796e-05 1.160751862413468e-05 7.501560055502657e-05 0.0002966686604656111 0.0001508140657060307 0.00024083784774611686 0.0 7.434244211049028e-06 6.728176913366971e-06 0.0 0.0 0.0 0.0 0.0 0.0 0.0 9.478331364496377e-06 0.0 0.0 0.0 0.0 0.0 0.0 0.0 0.0 2.4020870531263307e-05 5.647599748393902e-05 0.0 0.0 0.0 0.0003617509650763788 0.0 6.768713000085975e-05 9.228378472078424e-05 1.6133196206023277e-05 0.0 0.0 0.0 0.0 0.0 0.0 0.0 8.227996005619398e-06 0.0 0.0 0.0 4.1150796881706446e-05 7.592752457229069e-06 0.0 0.0 0.0 0.0 0.0 4.175914029844646e-05 0.0 0.0 0.0 0.00010185933967690016 0.0 0.0 0.0 0.0 0.0 0.0 0.0 0.0 0.0 0.00040855515571828636 1.100206565126623e-05 1.3378178501710762e-05 1.7552287080308938e-05 0.0 5.383492447880091e-05 0.0 4.541057095117586e-05 0.0 0.0 8.52488123361577e-06 0.0 7.365065169466997e-06 0.0 0.0 0.0 0.0 0.0 0.0 1.8765273452682797e-05 1.0118645001319608e-05 0.0003506723409847833 0.0001720567046884481 0.00016363085396759353
0.06997072337886627 0.07542905623259522 0.0020227215299104266 0.0 0.0013216036296682014 0.033669208230017775 0.02645735043583088 1.0046278912017958e-05 6.473131306629652e-05 0.2368460688320537 6.973760069907247e-05 0.05119507811588633 0.052631010113093096 0.00044799422764454553 7.680450078181469e-05 0.0 0.0 0.0 0.0 0.0 0.0 0.0 0.0 0.0 0.0 0.0 0.0 0.0 0.0 0.0 0.01535716582362226 0.0 0.000393430637279653 0.0 0.0 0.0 0.00025104293623282606 1.3381811242646335e-05 0.0 1.1364127081302184e-05 0.0 0.0 0.0 3.323013968359929e-05 1.947447320197793e-05 0.0 0.0010506657903158378 8.444099101993786e-05 8.735610655707099e-06 0.0 1.4822496976921204e-05 0.0 0.0 0.0 5.1771978045279845e-05 0.00010262317437997099 0.002415303384619961 0.010033462145804821 0.0015721509224972251 0.0003037045095377178 2.2623741465798356e-05 2.4358829880109435e-05 0.0 0.00015829465571198648 0.00019015902654370587 3.684274777991138e-05 2.639049011976681e-05 2.7683207281237834e-05 0.0 0.0 0.0005862792633178903 1.1751899077820816e-05 0.0 0.002953059799684891 0.0007586542969051061 0.0012338790256400728 2.4366049165275024e-05 0.0 0.0 7.779290344509855e-05 0.0 2.4794038543740702e-05 0.00016633001618017156 0.0 2.1447507197493555e-05 0.00010093326739360216 0.0 0.0 4.154813999567265e-05 0.0 6.628223253938837e-05 1.5593725252728524e-05 9.696237024823142e-06 0.0 0.0 0.0027479350700518306 0.00017507946432407522 1.5116716969985513e-05 3.474477006960258e-05 0.03574338643075922 2.414134418983303e-05 0.0 0.0009927600131948693 0.0009671202977595323 3.737979025638996e-05 0.00021094646156343216 0.00024311772340959768 3.311710789432184e-05 0.0012958124116120868 0.001169616745625263 0.00010421998083068966 0.0005077473249261569 0.0009409667977891057 0.0006825093317893191 0.00029997426310563846 0.0 0.0 0.0 0.0 0.0 0.0 0.0 0.0 0.0 0.0 0.0 0.0 0.0 0.0 0.0 0.0 0.0 0.0 0.0 6.0798103508282e-05 0.00015909617537760072 0.0 0.0 0.0 0.00011981317219649166 0.0 5.407032609142543e-05 1.884225658772553e-05 2.567132868087727e-05 0.0 0.0 0.0 0.0 0.0 0.0 0.0 0.0 0.0 0.0 0.0 0.0 0.0 0.0 0.0 0.0 0.0 7.538838277052296e-06 7.220328371193143e-05 2.401393682573196e-05 3.219610097479365e-05 0.0 0.0 2.4926763778604376e-05 0.0 0.0 0.0 0.0 0.0 0.0 0.0 0.0 0.00018169084231681304 0.0 0.0 0.0 0.0 8.693249589134287e-05 0.0 8.383469443223077e-06 2.8192790540936573e-05 2.6592118790866967e-05 0.0 0.0 0.0 0.0 0.0 0.0 0.0 0.0 0.0 0.0 0.0 0.0001688918308625191 3.435756030798886e-05 2.706908507660495e-05
0.005746202827187029 0.06166986362206037 0.028320814665179155 0.0013216036296682014 0.0 0.0001521074920919242 0.07907016492494742 0.004145189445130487 0.08682059268233207 0.005072014946813671 0.019086800737836265 0.0010279279960085776 0.07331210168787089 0.15098881741995285 0.00039522029870215736 0.0002340962417654273 0.00033796263721162225 9.510718404854569e-06 0.0 9.373034373621333e-06 9.9859320505799e-05 0.0 3.295346498931365e-05 1.7168245992725137e-05 4.456967541860298e-05 3.1735493047479526e-05 7.16226793170173e-06 2.520057007744609e-05 0.0 0.0 0.006714130058026124 0.0004955033206922079 0.0013343388093495791 9.009546095339298e-06 1.7356758999152737e-05 1.4407709881950976e-05 0.0006109954971601772 0.00011669111169238344 0.0001010335704156159 3.221588838867865e-05 1.861281120034016e-05 2.8635133970760788e-05 0.00011037322661956024 9.215916910759289e-05 1.837213371395807e-05 3.4365024225708774e-05 0.003571593589161055 0.00011394882643007257 5.404651798927085e-05 0.0 0.00014395895336990667 0.0 0.0 0.0 1.225908798326997e-05 6.655930305544646e-05 0.0012459244738088021 0.0036388415953274886 0.001038295956755252 0.0015839714053090814 3.3387441040847124e-05 0.00015119435226136426 0.0 0.0025150335984578435 0.00015578505748088713 1.2719314787763398e-05 4.9737274597645093e-05 4.198878674649344e-05 0.00017941560994720157 0.00042424444568093557 0.0011607307037973694 5.743651518580453e-05 0.0 0.005902618910667075 0.00186660162978343 0.0037110009008256718 0.0019681084250765977 0.0003127243548735795 0.00011812660029728519 0.0008091159384704145 2.9692247933983138e-05 0.000189827566231389 0.00018214252430566946 0.0 4.4308594212287e-05 0.0001855428039439235 3.028585565158136e-05 0.0 5.38476558708774e-05 0.0 1.408907335512164e-05 8.025216616581272e-06 0.00016204096494856676 2.298648482220357e-05 1.6707265866953894e-05 0.001065044895512697 5.774647093169304e-05 0.0 0.00026040000701987084 0.006986510454604299 1.0630629439781243e-05 0.0 3.1000654126610274e-05 0.0 3.527758502256178e-05 0.00013883762491612492 7.772513392799804e-05 0.0 0.00014751798483697 7.987357051489433e-05 7.56170564629408e-05 0.00016550432146357125 0.00011784116660263682 0.00021880501149064272 0.00025150450011696726 0.0 0.0 0.0 0.0 0.0 0.0 0.0 0.0 0.0 0.0 0.0 0.0 0.0 0.0 0.0 0.0 0.0 0.0 0.0 9.401422039189997e-05 3.91775550010159e-05 0.0 0.0 0.0 0.00019281711778520948 0.0 0.0 0.0 0.0 0.0 0.0 0.0 0.0 0.0 0.0 0.0 0.0 0.0 0.0 0.0 0.0 0.0 0.0 0.0 0.0 0.0 0.0 1.414814634240446e-05 0.0 0.0 0.0 7.906491608308713e-05 0.0 0.0 0.0 0.0 0.0 0.0 0.0 0.0 0.0 0.00019396537574860998 0.0 0.0 0.0 0.0 0.0 0.0 9.223611916999413e-05 0.0 0.0 2.0598241661817116e-05 0.0 7.539355365176789e-06 0.0 0.0 0.0 0.0 0.0 0.0 0.0 0.0 0.00019551640283902718 0.0 2.7177610587242087e-05
0.01207235235624075 0.0154079856046223 0.00019408291434149023 0.033669208230017775 0.0001521074920919242 0.0 0.0018979919237233577 5.6653797579344645e-05 0.00023812383434263326 0.051276701175588565 3.237657785430773e-05 0.010999386042334233 0.007051125873260461 0.00022481022308638905 7.518091704068544e-05 9.791109781589581e-05 0.0 0.0 0.0 0.0 0.0 3.0134729428961405e-05 2.2381860765221993e-05 0.0 3.2925162682657724e-05 0.0 0.0 0.0 9.229551605917829e-06 0.0 0.001233616273477919 1.8440482789728087e-05 0.002540962611837254 0.0 0.0 0.0 0.0019675319783851817 7.031310035802455e-05 0.0007733454183259127 1.5137869811496722e-05 3.335428178055885e-05 2.702378973178656e-05 0.0 0.0 0.0 0.0 0.00022891191360439186 0.0 0.0 9.24452878783859e-06 1.1148464061044311e-05 0.0005828160380435266 0.0 0.0 0.0 1.7615041105083113e-05 0.0008884675549828147 0.0010081383631068241 0.00012672077448935915 0.0001001778032185974 0.0 0.0001505689433616281 0.0 3.5175333864476925e-05 0.0 0.0 0.0 0.0 4.357401357299871e-05 5.560247237830387e-05 0.007416781483631883 0.011486325848747894 0.0013917605258407344 0.00016808042510191954 1.1023147097868878e-05 9.305174510463721e-05 0.00014451055200833052 3.800909857804366e-05 0.0 0.00022738879614863348 0.0 0.0003796360857710693 0.0 0.00012313243068766882 7.520070340464526e-06 4.34093396415169e-05 1.0846994859948334e-05 0.00018443777822246907 0.00014857687159876743 0.0007849311646527121 4.192386567625944e-05 0.0002296093195447479 2.409025063350694e-05 5.3964175511423036e-05 3.7417109844989554e-05 0.015934822906520308 0.01587341275755929 0.004518020338305467 0.006189245289285623 0.018332628316686722 5.618156173126135e-05 4.301103322124769e-05 0.00019258232302930776 0.00046081497884849606 7.645634246029568e-05 0.000699853302175476 0.0006785365332295455 6.155167046858424e-05 0.002053304377882367 0.0014430930781981148 0.0002939463657776971 0.00073178560106299 0.0016312293945888992 0.0010406728098029101 0.0005527282596913071 0.0 0.0 0.0 0.0 0.0 0.0 0.0 0.0 0.0 0.0 0.0 0.0 8.428068162720439e-06 0.0 0.0 0.0 1.4621075666033407e-05 2.6019954219077275e-05 0.0 0.00024493507345752186 0.0002658707673543493 0.0 0.0 0.0 0.000347960665764555 0.0 0.00013488299373576697 0.0001308081519030833 5.73720450584121e-05 0.0 0.0 0.0 0.0 0.0 0.0 0.0 2.8008081938202615e-05 0.0 0.0 0.0 0.0 5.171651575050495e-05 0.0 0.0 0.0 0.0 0.0 5.489783297879302e-05 0.0 0.0 0.0 1.2142959439833726e-05 8.508513425865778e-05 0.0 0.0 0.0 0.0 0.0 0.0 0.0 0.0 0.0004535383882445746 9.686204675267769e-05 0.0 0.0 0.0 0.00010693892783233979 1.9803767518760126e-05 7.976406962381525e-05 8.481277843137748e-06 0.0 0.0 0.0 0.0 0.0 0.0 0.0 0.0 0.0 0.0 0.0 0.0 0.00040505895229571865 1.1330002414860651e-05 9.869733424641503e-05
0.03515308847455446 0.19253584534438145 0.01652698451814579 0.02645735043583088 0.07907016492494742 0.0018979919237233577 0.0 0.00188216215482879 0.0546350877660936 0.0768770439504381 0.0067888673092562895 0.01131631572635995 0.25168326408931013 0.09286135194794023 0.0007295724187433558 0.0002654354059266122 0.0006466717261539362 1.135241201674755e-05 2.802251525890817e-05 0.0 0.00012966004985356407 0.0 4.204722085433715e-05 1.66047800506034e-05 3.273513778404885e-05 4.031305322436147e-05 7.324988477486829e-06 1.0252192327556858e-05 2.8504899158295712e-05 1.8435567040288692e-05 0.009797434923744873 0.0005991035758678678 0.0026628681577686953 7.359678528608644e-06 2.339884973990838e-05 7.300799252511553e-06 0.0013341846908403508 0.00016840995040222942 0.0001552685389407694 3.7906285710016456e-05 6.346009417170313e-05 6.278092175604575e-05 0.00010682607085559583 9.324775667631392e-05 7.922199013154524e-06 9.113804710264846e-06 0.005619483350405125 0.00019360807572901985 8.654656126379447e-05 8.427418049082485e-05 0.0001275373931282087 0.0 0.0 1.5826489978399373e-05 0.00013428106431162093 0.0001613067449585592 0.0021364376745589136 0.007393022440803698 0.0020295501452861488 0.0026260116680437732 1.6513512684222996e-05 0.00016382913232761704 0.0 0.0036342040744715646 0.0003208518735696142 6.739995185561475e-05 0.00012673610182130937 9.299031818522216e-05 0.00014195127289516195 0.00041296498351185967 0.0020973089384514385 0.0 0.0 0.00888870863193887 0.0031738101554957044 0.006323282256504727 0.0030784291814221557 0.0003063751363602619 2.063038459458353e-05 0.00047203378264334907 4.546385832605249e-05 0.00013984944668430423 0.00034150330338838353 6.494024186679697e-06 5.967853264909611e-05 0.00024891849620964444 3.548281126210579e-05 0.0 4.010882336376193e-05 1.4453695552539629e-05 3.178201365491982e-05 8.425148845907914e-06 0.0002161470583142932 0.0 7.640364409341469e-05 0.0023545716216806837 0.00026284213968719356 0.0 0.0002861584821110094 0.015622576155761984 2.9589655550232365e-05 3.5092104199897736e-05 0.0004997244711660714 0.0 0.000122597321123347 0.0012009438193736606 0.00017936921165603842 0.0004513820100240262 0.0011089684212856642 0.0004650379966141959 3.92869466998819e-05 0.0006629050962411828 0.00040102546123915543 0.0005049601889623184 0.0006560449946608606 0.0 0.0 0.0 0.0 0.0 0.0 0.0 0.0 0.0 0.0 0.0 0.0 0.0 0.0 0.0 0.0 0.0 0.0 0.0 0.00010655057837700192 7.789249199306415e-05 0.0 0.0 0.0 0.00033188796151962217 4.128583090192194e-05 0.00011078542302428237 1.034334472713597e-05 6.007842498126797e-05 0.0 0.0 0.0 0.0 0.0 3.5431924016066935e-05 0.0 0.0 0.0 0.0 0.0 0.0 0.0 7.0705296739023695e-06 0.0 0.0 0.0 0.0 3.9582815600356405e-05 0.0 0.0 0.0 3.805218540535974e-05 0.0 0.0 0.0 0.0 0.0 0.0 0.0 0.0 0.0 0.000516150936132995 0.0 0.0 8.305450557043657e-06 7.982117190163673e-06 0.00015182746551167418 2.658173345648427e-05 9.193489617634019e-05 1.2322815813598403e-05 1.2152846584744185e-05 0.0 0.0 0.0 0.0 0.0 0.0 0.0 0.0 0.0 0.0 0.0 0.0006997391763642174 0.0001590922350086033 0.00015431455649784999
0.004265139222035182 0.01604920163476746 0.1412449294435485 1.0046278912017958e-05 0.004145189445130487 5.6653797579344645e-05 0.00188216215482879 0.0 0.005452459669692784 0.00021858813160716397 0.17420341145755422 0.0010205305647972543 0.01212030674248288 0.07148552143528736 0.0006979652727429649 0.0005249743189543384 0.0023174684919445897 0.0002127071644760769 0.0004143130480013043 0.000318997875885171 0.004054105118496829 0.0 0.0009147525848483492 0.00027228698946438803 0.0011118183285980414 0.0006980187690529416 0.0003874517977032186 0.00020580167305767505 0.00011312934937006775 2.4210522181489933e-05 0.08668953046587234 0.17962323320937984 0.01785029307870395 0.00018811725500012365 0.0017008349572291026 0.0011254648858106556 0.007158148953116609 0.004493019429864398 0.0020493602155054395 0.0005042116070465138 0.001489636307850133 0.0006390449629471418 0.008168412626634538 0.0024806758559878447 0.0013891205074853853 0.0017042998807573575 0.0025479847242139758 0.0005093638983172205 0.0010910758634463445 0.004344104523322175 0.0011455380273693383 1.968362038690456e-05 3.25319378999978e-05 0.00037959777610307603 7.973414885757772e-05 7.15151743336025e-05 0.0012480321171298202 0.004778455036951347 0.0009482180001535574 0.0009437691266944776 0.005349756779747629 0.006046018782057223 0.0002216721842967526 0.033023371179639965 0.00029759829461989873 0.000647410948512206 0.00041591126082672907 0.002749552098585436 0.006275013649720849 0.014444873496823643 0.003752569786291907 9.752868831195761e-05 0.0 0.003943080337742048 0.0027674337498025483 0.0028315267593136753 0.0070748061375816365 0.008309398137976792 0.04281262114800982 0.17226946553087122 0.013538585230902837 0.07198383784924227 0.00013084192326971998 0.0 0.0003184619573535397 0.00028555851342203594 0.0013138935480781547 0.0 7.024965285770473e-05 6.20215865071019e-06 0.00015256230390758084 3.620409827441268e-05 0.005495962083096859 0.000619858757187727 0.0003262080062286239 0.0011996745764381541 0.0001844969289042112 0.0 0.0009466155939271802 0.0028441714076261858 9.074679250448729e-06 0.0 0.0 0.0 0.0 3.1597936582149085e-05 0.0 2.326280884149716e-05 2.0301750155742948e-05 3.753125245505019e-05 1.1775839470541253e-05 9.664989258219053e-05 0.00014140398839908042 7.068035104299516e-05 0.0001362237134739935 0.0 0.0 0.0 0.0 0.0 0.0 0.0 0.0 0.0 0.0 0.0 0.0 1.8139219373956775e-05 0.0 0.0 0.0 5.9483891229708715e-06 0.0 7.795184846013095e-06 5.8291020897784264e-05 8.594664507107737e-05 0.0 0.0 0.0 0.00013273354292119908 0.0 8.057640614303887e-05 0.00015939466699103972 1.6021088350856607e-05 0.0 8.047935421417745e-06 0.0 0.0 0.0 0.0 0.0 0.0 0.0 0.0 9.38126368675802e-06 1.1585118471573919e-05 0.0 1.6429068781235727e-05 0.0 0.0 0.0 0.0 6.66493939807233e-06 2.04516637148425e-05 0.0 0.0 1.923974984098474e-05 0.0 0.0 0.0 0.0 0.0 2.9788215290189562e-05 0.0 0.0 0.0 0.00016351192422392143 2.0913586673376794e-05 0.0 5.139171091356104e-05 4.907322477853841e-05 2.4867440909141595e-05 0.0 0.0 0.0 2.0049584388633426e-05 0.0 0.0 0.0 0.0 0.0 0.0 0.0 1.010015791970302e-05 0.0 0.0 0.0 4.770553508864072e-05 0.00010226085624324177 0.00020130950751091707
0.00033405045607899154 0.021747385581961657 0.030379038923956287 6.473131306629652e-05 0.08682059268233207 0.00023812383434263326 0.0546350877660936 0.005452459669692784 0.0 0.005265694009030378 0.02538179232820493 0.004043683686638381 0.1352189524806337 0.10104363991729681 0.0005491810094340813 0.0003011964179491741 0.00024631990999961293 0.0 0.0 1.637103626975266e-05 0.00013129651932576323 0.0 2.4309167896692494e-05 2.4863845440548006e-05 4.4164041045917654e-05 2.98758598899231e-05 0.0 1.016243422854491e-05 0.0 0.0 0.0015608247281607957 0.0002933192418252678 0.0029360194240732464 0.0 3.588230882243031e-05 2.822744226979129e-05 0.0013399803925020395 0.00018411050448659166 0.00018387173838890124 6.537805906940349e-05 3.8982114063645147e-05 3.4361473903895596e-05 0.00010568653829495407 9.119836950083107e-05 6.936310920547117e-06 0.0 0.001941592593320415 7.269187319377553e-05 5.1056723377783726e-05 6.108711692264704e-05 9.173129679577878e-05 6.533564366920541e-06 0.0 3.288443398717437e-05 2.252375079650953e-05 3.762587275732011e-05 0.00044377555289412885 0.0012734867113418486 0.00035747618022738463 0.0007749388198694479 3.585679669179642e-05 0.00010831443946442532 0.0 0.0014084848199183424 6.873537682143142e-05 1.6210461770924875e-05 6.286609798180833e-05 3.239568754152396e-05 0.000243062784502498 0.0005433989714979809 0.0009598450594591731 8.09826568217731e-06 0.0 0.002428289145731434 0.000806129047426863 0.00221527768933056 0.0015101536428067123 0.00013383526872798285 0.0 0.000962792915336469 1.9859191491267932e-05 0.00013196997857384816 7.134632484989505e-05 0.0 1.453285570733089e-05 6.09888208325114e-05 6.711639017746587e-06 0.0 2.851057872826419e-05 0.0 7.892857280623966e-06 0.0 0.00027597475277609874 2.7119904077510615e-05 2.5893280752639193e-05 0.0007771828888864359 9.25589244245358e-05 0.0 0.0002557424126454655 0.0016631105022770502 0.0 0.0 0.0 0.0 5.612000987075632e-05 8.739797757109133e-05 6.98686891006649e-05 0.0 7.82032015851931e-05 0.00015185515938671964 2.5251849995482026e-05 0.00010565382892758217 0.0001824372708361844 0.00020694967168956942 0.0003352175680728401 0.0 0.0 0.0 0.0 0.0 0.0 0.0 0.0 0.0 0.0 0.0 0.0 0.0 0.0 0.0 0.0 0.0 0.0 0.0 6.579498906155565e-05 0.00023363029076914755 0.0 0.0 0.0 0.0001692256409072677 0.0 0.0001321366163902779 8.42833347879975e-05 0.0 0.0 0.0 0.0 0.0 0.0 0.0 0.0 0.0 0.0 0.0 1.6933736816457625e-05 0.0 8.711925919754814e-06 0.0 0.0 0.0 0.0 0.0 5.3183279000094006e-05 0.0 0.0 0.0 9.984515806577601e-05 4.617571963554174e-05 0.0 0.0 0.0 0.0 0.0 0.0 0.0 0.0 0.00039763437212049084 0.0 0.0 0.0 6.3391523561731545e-06 0.0 0.0 3.805733318825196e-05 0.0 0.0 0.0 0.0 3.157227326229707e-05 0.0 0.0 0.0 0.0 0.0 0.0 0.0 0.0 0.0003119964932301343 5.503886312140245e-05 0.00011585786118961471
0.0889083112424595 0.08568327451929823 0.0008684967638001405 0.2368460688320537 0.005072014946813671 0.051276701175588565 0.0768770439504381 0.00021858813160716397 0.005265694009030378 0.0 0.0007588299325798646 0.19967853787725362 0.38112661785403834 0.005617235241801215 7.427684908817568e-05 4.5731580308789696e-05 0.00012223908877024518 0.0 3.0494583916382755e-05 0.0 1.3475799489990465e-05 0.0 3.555012773651449e-05 7.338771369576888e-06 5.6629866110987776e-05 0.0 0.0 8.574009855068762e-06 0.0 0.0 0.0032077538899151752 1.149019369101749e-05 0.01404906178947207 0.0 1.1046839708259612e-05 0.0 0.009820815640227932 0.0004529044271797255 0.0006067044064490155 2.3729621301342692e-05 1.0148671809994808e-05 3.3729339183803015e-05 4.7680783103797965e-05 0.0 9.646805499971327e-06 1.6268458059991092e-05 0.0006524834134506291 1.6970392327415098e-05 0.0 0.0 3.898658254498091e-05 0.0 0.0 0.0 1.0065356051555295e-05 1.1392139083660801e-05 0.000676925670906204 0.0024243220760881094 0.00034594474547742235 0.00012802717060033276 0.0 0.00030917215631923547 0.0 0.00014847757230517392 4.132443507391306e-05 2.95297956440677e-05 1.4464067237895692e-05 3.266687427717659e-05 0.00013057094809398021 0.00031501290449348774 0.024952813886148104 0.00044612419760343 9.533318043189248e-06 0.0009847337051811195 0.00017249803546548842 0.0003918777502468752 0.000327382357981178 3.7034675667810924e-05 0.0 0.0002004139003800343 0.0 0.0002335750085365317 4.8648631382892406e-05 0.0 8.04803463934214e-06 8.014740988637753e-06 1.7059692659072155e-05 0.0 8.69298002085821e-06 1.1216825735915834e-05 7.3262625616270895e-06 0.0 0.00011417498870158928 5.608241100207323e-05 9.494097040186678e-06 0.045701906656079615 0.004750116856978679 0.00015566234958164959 0.003090222871194725 0.020946963736432733 0.0002501479123353507 0.00035126126341150724 0.002178495009341988 0.0018032418417835154 0.0003986320697709142 0.0011650055584663838 0.0018444923311557752 0.00029157437125855885 0.004470170181805325 0.004244493289099409 0.000448046842542379 0.002904317348567636 0.005877192906441188 0.004017196492114969 0.002625665569150389 0.0 0.0 0.0 0.0 0.0 0.0 0.0 0.0 0.0 0.0 0.0 0.0 0.0 0.0 0.0 0.0 0.0 0.0 0.0 0.0005108347300266724 0.0006695350458345099 0.0 2.5365178913570095e-05 0.0 0.0014534881558859783 0.0 0.00030136684967004625 0.00019455347660892293 0.0 0.0 0.0 0.0 0.0 0.0 0.0 0.0 0.0 1.746301089692978e-05 0.0 0.0 0.0 8.431428448085835e-06 0.0 0.0 0.0 0.0 6.379018643158099e-05 0.0003794812522628298 1.2126949131589097e-05 3.722143739912854e-05 0.0 9.767400319900574e-05 1.2502531497396208e-05 0.0 0.0 0.0 0.0 0.0 0.0 0.0 0.0 0.0014723892187800047 0.0 0.0 0.0 1.956361342005329e-05 0.00026533652187840607 0.00013790672717694833 6.067680145878795e-05 9.670749514933456e-05 2.660724243734279e-05 0.0 4.606711538052015e-05 1.0990405182818144e-05 0.0 0.0 0.0 0.0 0.0 0.0 0.0 0.0 0.0017218635474511431 0.00011255497628077571 0.0004223082194355207
0.010613434648531563 0.0550729746091838 0.15713095803685007 6.973760069907247e-05 0.019086800737836265 3.237657785430773e-05 0.0067888673092562895 0.17420341145755422 0.02538179232820493 0.0007588299325798646 0.0 0.0038024393824282053 0.10890352892426258 0.24001236235413886 0.0008861806285471507 0.00042637674229383416 0.0003596353948206607 6.491527989692904e-06 3.871510078036791e-05 6.438320829095897e-05 0.0005830146329559755 1.0941257137750323e-05 0.00017955274329270625 9.19022403551498e-05 0.00027054191573716726 0.00014699818370594612 6.09142908475253e-05 8.058926300116796e-05 0.0 0.0 0.02431164570214086 0.007476703439321563 0.036666649225187475 4.795349118095801e-05 0.0002706311152760122 0.0001380048227313849 0.011850355993912352 0.001556628047241916 0.0008534309797479373 0.000122106376134483 0.00042422573654015485 0.0001499275672005775 0.00041595197954792375 0.0001053550375605198 8.545727811967763e-05 9.306510592682671e-05 0.002638537168228186 0.00011914207580490262 4.558806656829498e-05 8.236000424794128e-05 0.00018005227509421232 7.670229582043532e-06 0.0 2.34901423044918e-05 3.5120341411195866e-05 7.276985060791246e-05 0.000744267520430315 0.0029678768281267928 0.0009648060191994516 0.0012845419236780246 0.00010456026838850245 0.002793251216511773 4.2202616597481515e-05 0.002382394320439259 7.047462188931587e-05 8.91054545294793e-05 9.262585137672284e-05 0.00015751350669366467 0.0007217274800454769 0.002195032039299106 0.005320503667722211 2.6911031972966972e-05 0.0 0.004105802745569357 0.0013183681489025189 0.0029129382780016936 0.0018550155380312643 0.00034799938175357205 0.00021959773173377696 0.04385244728086746 0.00012478225153273137 0.0024400201124520197 0.00011339551273895554 0.0 4.343457826665549e-05 7.387790273854228e-05 0.00011298849141517894 6.69367164906731e-06 3.71015732220944e-05 0.0 1.2531996071166489e-05 5.590467022743721e-06 0.001182036607068172 8.31427879996841e-05 4.2650905753293616e-05 0.0009893810213135053 5.687074308314379e-05 0.0 0.0006867230262199011 0.00375568832272233 0.0 0.0 0.0 0.0 9.940818447800809e-05 1.1138174794810634e-05 5.032264670255586e-05 0.0 2.121736570974972e-05 6.408774781135842e-05 8.971819240783371e-05 3.133363525547202e-05 0.0001653518151143733 0.00013166211690362323 0.00025129212598716625 0.0 0.0 0.0 6.7775790403152575e-06 0.0 0.0 0.0 0.0 0.0 0.0 0.0 0.0 0.0 0.0 0.0 0.0 0.0 0.0 0.0 5.858465765744114e-05 9.879614847460034e-06 0.0 0.0 0.0 0.00015624152135372942 0.0 9.881718582434769e-05 3.3684847556668496e-05 1.9702737423596672e-05 0.0 0.0 0.0 0.0 0.0 0.0 0.0 1.3992207263007458e-05 0.0 0.0 0.0 0.0 0.0 0.0 0.0 0.0 0.0 3.3814505960239456e-05 1.6512311044916424e-05 0.0 0.0 0.0 4.596777723969707e-05 0.0 0.0 0.0 0.0 0.0 0.0 0.0 8.706927751193036e-06 0.0 0.00017018226443684133 0.0 0.0 0.0 2.1949547795087926e-05 0.0 1.5338506828315483e-05 4.386899528674184e-05 9.21612201363263e-06 0.0 9.472491680946207e-06 0.0 0.0 0.0 0.0 0.0 0.0 0.0 9.97192951415351e-06 0.0 0.0 9.502562061514129e-05 4.845275262674416e-05 0.00015006584863920736
0.00898594706687489 0.005094541711945217 0.0014957331080893484 0.05119507811588633 0.0010279279960085776 0.010999386042334233 0.01131631572635995 0.0010205305647972543 0.004043683686638381 0.19967853787725362 0.0038024393824282053 0.0 0.0817032108309532 0.010264052213533723 0.0006358605059177647 0.00030019263755753396 0.00020506713494035435 2.4705080487674676e-05 9.073922254432964e-06 0.0 0.00026546006814285667 0.0 4.742335616188263e-05 1.2331307608016559e-05 0.00018786890833565962 6.245498824959152e-05 2.9010707937166895e-05 6.0405328618538524e-05 5.3216901802325354e-05 0.0 0.0002989366525515546 9.385881939913e-05 0.020016385194442987 1.0884154859928793e-05 6.599152349594501e-05 6.217925008851816e-05 0.02499185899676923 0.002213679079633438 0.0019004977637474684 0.00021571394005158757 0.00014810084132127916 7.288797820878842e-05 7.527035123779605e-05 2.938492645023547e-05 3.3357622642309415e-05 2.4829473516739327e-05 0.0011030014694864674 2.8663214218252596e-05 1.806121046206605e-05 1.6065256076089793e-05 0.00015516159724218462 2.6652169258441984e-05 0.0 7.027917727720719e-05 0.0 0.0 0.00017954731990446846 0.00031777466691680894 0.00011403830944870151 0.00034649429413703795 0.0 0.0016190470078357752 1.768920046649977e-05 0.0003105545764586493 4.18398490927984e-05 3.249472015413542e-05 4.5160082964417496e-05 0.0001350624511379838 0.0006350752012957946 0.0011191273965358815 0.021489457465636953 0.00017238506562179337 8.250075931016775e-06 0.0006973339790128982 0.00018540394767128723 0.0009520567143503928 0.0008431708268880762 8.056554361768651e-05 1.0783801966471543e-05 0.0027728749064481768 3.351771207572905e-05 0.0009450539909409703 2.3242173613073003e-05 0.0001371449408777981 0.0 1.3010106775291685e-05 3.478953520223239e-05 0.0 5.0290942638492065e-05 6.427287270940479e-06 3.2578122006435254e-05 2.319712867539714e-05 0.0007043182547128962 9.39687402602594e-05 4.369636239784326e-05 0.03676003296081662 0.0008787521143024759 0.0 0.0019456326437842016 0.0013733112110808471 0.00019578553697105873 0.00019379512461485947 0.0004191049697963154 0.00013010525695416909 0.00048511219282266777 0.0011698763075899219 0.0013140371211394187 0.0002573227284471945 0.003826948970007215 0.003996658740839354 0.0005429613648053621 0.0033626786712955908 0.0050189802616167935 0.005971735179850638 0.003917061105871458 1.5131354501128042e-05 0.0 0.0 0.0 0.0 0.0 0.0 0.0 0.0 0.0 3.983221481475923e-05 0.0 0.0 0.0 0.0 0.0 0.0 0.0 0.0 0.0010188953426361052 0.0007100165721444213 0.0 0.0 0.0 0.0023131091204027913 4.495264400767069e-05 0.0006682359750511395 0.0002649069612869895 9.121889133734163e-06 0.0 0.0 1.2958785910175841e-05 9.103123821959216e-06 0.0 5.5662561693108546e-05 0.0 0.0 2.0069521416848866e-05 0.0 0.0 7.822503372826077e-06 0.0 0.0 0.0 0.0 0.0 6.0639671381673584e-05 0.0005065865376812666 8.624143359859736e-05 0.0 0.0 0.0006146533523047519 0.00010288963487766948 0.0 0.0 0.0 0.0 0.0 0.0 0.0 0.0 0.002996928214888 2.393290570436637e-05 0.0 0.0 0.0 0.0003644315016172236 0.00014665203861585606 0.00037833446839430617 2.2460868680870002e-05 5.431010064219926e-05 6.570233106934601e-05 0.0 1.6705775498237695e-05 0.0 0.0 0.0 0.0 0.0 0.0 0.0 0.0 0.0031325327339690777 0.000457627022943637 0.0007901377223534749
0.00798468234938251 0.10199177922136252 0.036991978949099724 0.052631010113093096 0.07331210168787089 0.007051125873260461 0.25168326408931013 0.01212030674248288 0.1352189524806337 0.38112661785403834 0.10890352892426258 0.0817032108309532 0.0 0.33129767927239717 0.002699913691762158 0.0015422940358042515 0.0008185515599307152 2.2772457060329263e-05 0.0 5.769213783139104e-05 0.0009812474718475473 7.197526517279215e-06 0.0003685872632792095 8.049088291702223e-05 0.00046234024445106203 0.00019648175124639688 0.0001258795324814947 6.038868415551786e-05 0.0 6.231349194022619e-06 0.0025742287545033452 0.0005106965735291325 0.06899993058213147 3.9009556481622974e-05 0.000396986547319317 0.00023737694438116908 0.03514711110172343 0.0031189984195270086 0.003419571037586702 0.000266513174016911 0.0006454099681346522 0.00034306050876320405 0.0006535917632350321 0.00020704173437423272 2.67069937237029e-05 3.7266438764911684e-05 0.007054865849873645 9.729533562821623e-05 0.00010593562830640732 0.00024042392106478732 0.0004625137771257934 1.7940192942281127e-05 0.0 0.00012348177122487958 4.8235893216805345e-05 0.00011165247376662875 0.0011544808995444464 0.0025520878662534654 0.0009384676977593397 0.0026634009155007345 7.508019457358383e-05 0.003554364417588162 1.842345405411135e-05 0.003933261668948296 0.00013492077739127222 7.163158058223453e-05 0.00019713337992630176 0.00045879360052559646 0.001490874896121739 0.003812767451794684 0.029751272348579855 0.0002267658241251145 0.0 0.006178258070100599 0.0021411987558532766 0.006810069656312075 0.0047613585869385805 0.0008374424375010949 0.00012047129886300065 0.01011849005284457 3.880279472658236e-05 0.0020835548904293987 0.0001312207320554389 0.0 6.727594257418362e-05 0.00017172529057283675 0.00021692770074374177 0.0 7.472193072272821e-05 7.70438259646346e-06 4.294998689969077e-05 3.2197217045202466e-05 0.0023744118887965198 0.000205664278280814 0.00018498741192601983 0.054016413460938134 0.0014061781023940558 1.7273179184544063e-05 0.003546653348018572 0.006905658073017108 0.0005063437230722909 0.0005669252223024396 0.0004857677193496025 0.00021432978753571603 0.0012946599219254666 0.0019120909440691215 0.001899312311661521 0.0005607113848095916 0.007219649410337399 0.00632342816249962 0.0008181959823132942 0.005278700200109912 0.008782518705992386 0.008987000229444903 0.007357963196110465 6.238958946342523e-05 7.895434846808015e-06 0.0 0.0 0.0 0.0 8.778733705440026e-06 0.0 0.0 0.0 0.0 0.0 1.0179966928222073e-05 0.0 0.0 0.0 0.0 0.0 0.0 0.0015515991809693078 0.0016033193116120213 0.0 0.0 1.562860796511094e-05 0.004700393140589147 0.0001502352446089428 0.0009882053004585869 0.00037406165162996046 1.0113338679733382e-05 0.0 7.264129042602316e-06 0.0 5.9431717300428094e-05 1.9739342013185542e-05 0.0 0.0 4.906014638620782e-05 9.94409426668983e-05 0.0 0.0 0.0 3.144062945031306e-05 0.0 0.0 1.5351718561137064e-05 0.0 5.386660334466169e-05 0.0005060205361699659 6.438572181171034e-05 0.0 2.4329885544239026e-05 0.001057238518989804 0.0004885302324693887 1.9972007520932005e-05 0.0 0.0 0.0 0.0 0.0 0.0 8.501705186386975e-06 0.005947974437718639 6.9409668135178555e-06 0.0 0.0 3.529093902023792e-05 0.0004931195712113603 0.00011266552657201817 0.000599686865971254 1.5634945838133353e-05 0.00015574655620155834 9.841200239450398e-05 5.7555753082501084e-05 2.1145979200590517e-05 0.0 0.0 0.0 0.0 0.0 1.5513087853285145e-05 1.685607490482101e-05 0.0 0.005739154319167679 0.0007794034227818016 0.0015731988448909329
