0.0 0.12775413735494795 0.02313439426123908 0.08407402576580157 0.004305294796952711 0.004629419996921798 0.036771674081536886 0.005815129873043395 0.00045935452567575854 0.06172849214203625 0.002152392370650468 0.015664124962308845 0.00941296700642902 0.004717290464914705 0.0006343338489623982 0.0002041766988556849 2.5666601034065204e-05 0.0 9.001250979603976e-06 5.094512412650857e-05 1.1268541086183845e-05 0.0 5.496325764020567e-05 1.8940605638254355e-05 6.065215033753483e-05 9.018913671248384e-05 9.555118108654568e-06 0.0 0.0 0.0 0.08160728380511219 0.0006833525341248929 0.0013532715012593392 9.992187995836417e-06 0.0 0.00016308799184897707 0.0008435244167060384 0.00012248777324422845 1.0371664736982936e-05 6.0589247549658674e-05 3.359166924210477e-05 5.842186879302526e-05 3.081059435814678e-05 7.00978699410088e-05 4.543097619898701e-05 6.439616065693585e-05 0.0031516913613132075 0.00031437049857121585 4.5677007188113755e-05 1.8499952030258024e-05 0.00030427062446519834 5.354243643855661e-05 1.4062282417987583e-05 2.054054998460307e-05 0.0010378085853028297 0.000921293075018484 0.015699150184125373 0.10228422585259196 0.002314620450752727 0.004741442231421184 8.981087460854864e-05 0.0003784341245631957 4.745367380939586e-05 0.009200195641521592 0.000733785305880267 0.00029630435124525754 0.00012455868234844788 0.00013950872998394874 1.0397088933355679e-05 0.00020447202003926374 0.0010899170133398578 0.0002844487900619071 8.574149774212199e-06 0.02256328379471759 0.005160707410439688 0.0061231514277433315 0.0006998236605782767 8.989646324866131e-05 6.212492906613124e-05 0.004452742495842495 6.69993601721713e-05 0.0006817813467879333 0.0023360802464297394 7.894788168026893e-06 0.0007554948386777634 0.0005275206314559819 3.650879431455294e-05 1.048850390953493e-05 0.00041385333992918983 0.0 0.00015317149888091226 7.097918459631625e-05 6.495527588440509e-05 4.379990981745407e-05 2.0835910393659794e-05 0.0030561443415088223 7.734652454041551e-05 0.0 9.500457269980529e-05 0.11054680247222201 0.0 2.3510239226302908e-05 7.412908718048003e-05 0.0 6.0276159253508117e-05 0.00013573744375509894 0.0 0.0003262140168565585 0.0022500484855617797 0.0 0.00010305799884486427 0.0002381830720232701 0.0003200188740551093 5.5036068919052404e-05 2.285127689751476e-05 1.2968040371671465e-05 0.0 0.0 0.0 0.0 0.0 0.0 0.0 0.0 0.0 1.1141925301423086e-05 0.0 0.0 0.0 0.0 0.0 0.0 0.0 0.0 0.0 0.0 0.0 0.0 0.0 5.2446734257641795e-05 9.517442713460452e-06 9.365476516803437e-05 0.0 3.8133828764411145e-05 0.0 0.0 0.0 0.0 0.0 0.0 0.0 0.0 0.0 0.0 0.0 0.0 1.022759293826808e-05 0.0 0.0 0.0 0.0 0.0 0.0 0.0 0.0 0.0 4.858917091391253e-05 0.0 0.0 0.0 2.0977424420696907e-05 0.0 0.0 0.0 0.0 0.0 2.1336528260198646e-05 0.0 0.0 0.0 0.0 5.3620819764165104e-05 0.0 7.375893934005348e-05 0.0 0.0 3.2401167873092296e-05 0.0 0.0 0.0 0.0 0.0 0.0 0.0 7.698968495780882e-06 0.0 0.0 1.082869768719595e-05 1.0286372993159682e-05 3.160224498145099e-05
0.12775413735494795 0.0 0.08251550660260874 0.056552305008807334 0.11619119614066005 0.009996407101085986 0.10304860809435756 0.056118678877143016 0.07042521706965504 0.07496633739069987 0.06401743394006498 0.038806074819540584 0.12761966072355468 0.16920556556864008 0.0023789138731201043 0.0005528265650418412 0.00023008184016520613 4.937897861605814e-05 2.134866854559984e-05 6.765707743018772e-05 4.443073598148562e-05 0.0 4.2830591449939495e-05 4.0744922745218886e-05 8.567317237008078e-05 6.718376049624734e-05 2.752644392857089e-05 1.143928147574185e-05 8.125288573121946e-06 0.0 0.22115818057789335 0.0028653167646290416 0.0034881000250881282 4.235879889922537e-05 9.331948674853142e-05 0.0002123785291858594 0.002292331213409687 0.0005391967773324527 9.567464124924184e-05 0.00011150399560136388 0.00010286490399072758 2.8880328881136464e-05 4.864194000247102e-05 0.00022244617279879218 2.842790154306663e-05 0.0001008159050211046 0.018519057885395228 0.0006851981699570944 0.00010816039422596458 6.299101747301116e-05 0.0008345340075132578 2.6542961105736685e-05 3.2166812550344355e-05 0.00011749743423258514 0.0013442423656990785 0.001482246688369541 0.007633717735047974 0.058317069835593704 0.0022047661374036526 0.009909484875205557 0.00024381007976624367 0.0012412198821429203 8.027589337237029e-05 0.025695646124155733 0.0012173309202514672 0.000602831225873919 0.00019209245043113886 0.00026812291893458774 5.308637195186622e-05 0.00038043383942507866 0.002006775685281557 6.115596169901348e-05 0.0 0.033679311849973026 0.014444496397517638 0.017491373740844685 0.003987932507611918 0.0004181729956334762 0.0004497023556192341 0.014572804232780899 0.0001491677787014289 0.002937311569887993 0.0038326417217628465 1.6709372537755736e-05 0.0015499878192357934 0.0008108338351415949 8.259473319618792e-05 8.384731294173991e-06 0.0007762396276100266 0.0 0.0003414398277171113 0.00017092032899842464 0.00012837853918712126 0.0002099681688828531 9.85341826438735e-05 0.0023108152500404496 0.0001291096797766995 0.0 6.538769890506187e-05 0.04349749129899601 9.373208602423356e-06 9.068631558669552e-06 0.00036998849030421565 0.00014169218374719466 0.0006490669526532165 0.002123810570650178 2.663574964994278e-05 0.00410489447416978 0.0012541004172364734 0.0004357402929446052 0.0014020104255795462 0.0038916456574220044 0.0013505173702208705 0.0010747413576631742 0.0008199390809786521 0.0 0.0 0.0 0.0 0.0 0.0 0.0 0.0 0.0 0.0 0.0 0.0 0.00010283287774064829 0.0 9.323853483042365e-06 1.5214258957319632e-05 2.401493857144442e-05 0.0 3.123844220022079e-05 2.2810145602459895e-05 0.00017825794833424636 0.0 1.7561976848466713e-05 1.4135920813376325e-05 0.0004721579739133777 9.552984242658365e-05 0.000849151955345566 4.92089138515414e-05 5.518018805886125e-05 0.0 0.0 0.0 0.0 0.0 0.0 0.0 1.808905635763786e-05 0.0 0.0 0.0 3.594968585009711e-05 1.1000825847108992e-05 0.0 0.0 0.0 0.0 1.084806019463488e-05 8.544821290188574e-06 0.0 2.0139978051977865e-05 0.0 0.001160893930297773 0.0 0.0 1.1586735457471108e-05 0.0 0.0 0.0 0.0 0.0 1.5081956830870212e-05 0.00062969041534294 0.0001835830111982916 0.0 9.703478334182923e-06 0.0 0.0008915155985913084 0.00012030405639976023 0.0004062479580131993 0.0 0.0 9.596628808762627e-06 5.686532676163989e-05 0.0 0.0 0.0 0.0 0.0 1.2042742458547373e-05 3.7533769577358946e-05 0.0 0.0 0.0004234776517808095 0.00017250425447117238 0.00028993734539402153
0.02313439426123908 0.08251550660260874 0.0 0.001979326798914655 0.03232219177950151 0.0004175637712106289 0.0065188538236553226 0.28537426927180837 0.027235672658985542 0.0004684637008236162 0.1935610314580706 0.002192815200823461 0.024739369918963684 0.20747486367337026 0.0016834925237673038 0.0010857289070386263 0.00030527793879474334 0.00012789860329194075 3.0394511454228806e-05 7.892964318566143e-05 0.00043446586122637205 9.543932084447799e-06 0.0004938822852478128 0.00035654544089264465 0.000288095712589467 0.0003996255030003394 5.2261740817288285e-05 6.426560135904632e-05 2.9094769158248557e-05 1.1432822797919917e-05 0.2075162439805506 0.016857003642130327 0.010729533015186116 0.00012620023342969528 0.00018944973598105738 0.0010463501718436965 0.0039294650337904575 0.0013984692387090953 0.00042472484140466103 0.00035417656356139134 0.00028152129458467124 7.504587789901543e-05 0.00014955313182494134 0.0004637198411888899 4.642058090157451e-05 0.0003235815287590786 0.005451511274368244 0.0001547978101877053 3.0517533373654935e-05 3.0270761834558034e-05 5.6565143647709014e-05 1.8578396222987346e-05 1.5793596271234264e-05 5.895557673165534e-05 0.00016910155653185297 6.765966631172723e-05 0.0011996792374403143 0.017646310881282393 0.00022539621278128385 0.001160449755864986 0.00045235988918433483 0.003544150495974796 0.0005818592193032777 0.013428874759656085 8.996051033840916e-05 6.636191369429694e-05 4.344696843578619e-05 6.0782626450359206e-05 0.00020422685809736224 0.0010262428902564284 0.003520099094616465 0.0001576217700160996 8.578215021582628e-06 0.003849653450370746 0.002696768948757888 0.004060593319554443 0.002148486464610468 0.00039497570809045264 0.0015923531998996848 0.07728054289676384 0.00018077818122967442 0.013366414830806604 0.0003359265407211989 0.0 4.053743146440211e-05 5.0925716306879694e-05 9.46123848749245e-05 0.0 2.851985079730654e-05 1.2067642521379595e-05 4.577893932647193e-05 1.0856112238419988e-05 0.0003863144439402988 0.00012788795357469873 5.478697360854229e-05 0.0005415927060411091 6.463458055075286e-05 0.0 0.00033838622435742303 0.007501830487009778 1.0947494752134798e-05 0.0 3.1915826301280303e-05 0.0 0.0 2.603368184790303e-05 0.0 9.708405459984371e-05 0.00016996902391717053 3.900152473958245e-05 1.1403064186242398e-05 0.00015221039419320367 4.9596245156480996e-05 6.100775431758856e-05 5.441574300966621e-05 0.0 0.0 0.0 0.0 0.0 0.0 0.0 0.0 1.2156120320827886e-05 1.741512612753506e-05 1.0706638820881699e-05 0.0 0.00013822490917417618 0.0 0.0 0.0 1.0548721781080924e-05 0.0 0.0 0.0 1.8209291915532435e-05 0.0 0.0 3.8947574828879766e-05 0.0 0.0001246357529731504 0.0002428873436826054 9.181498948696663e-05 0.00020753625012194835 0.0 0.0 0.0 0.0 0.0 0.0 0.0 0.0 0.0 0.0 0.0 0.0 5.95882234989012e-05 1.1038273328750653e-05 0.0 0.0 0.0 0.0 0.0 0.0 0.0 0.0 0.00017567292577019624 0.0 0.0 0.0 0.0 0.0 8.52513010029714e-06 0.0 0.0 1.9327585942797137e-05 8.3213448155776e-05 2.6670640712509375e-05 0.0 0.0 2.118773723071505e-05 0.00011496273186993194 3.962488521309294e-05 8.496024930976845e-05 0.0 0.0 0.0 0.0 0.0 0.0 0.0 0.0 0.0 0.0 0.0 0.0 0.0 0.00011744594605876956 9.093589715787093e-05 0.00010776912346570423
0.08407402576580157 0.056552305008807334 0.001979326798914655 0.0 0.010848196175840633 0.028699307583776448 0.10788687898396847 0.0005357418127964724 0.0024033589603107905 0.17865338316167664 0.0006006927786124211 0.1546269202144927 0.12559744932105962 0.008416034024903539 0.00018256856256588329 8.633790084411603e-06 1.3130459549509994e-05 0.0 0.0 8.326981922528524e-06 2.9719196835277682e-05 1.0657270851775202e-05 0.0 0.0 0.0 0.0 0.0 1.4276678059211062e-05 0.0 0.0 0.006714310123247758 0.0001359983317321201 0.0005893162308492197 0.0 0.0 0.0 0.0016345742700304882 1.045435745474655e-05 0.0 0.0 0.0 0.0 0.0 1.2919337206784747e-05 1.5420530866815684e-05 0.0 0.0020427482294407325 0.00010151971153931858 1.5656486994841565e-05 7.592862901837458e-06 0.00014291473774203874 1.2297419960339391e-05 0.0 0.0 0.0002054290040228918 0.00012842501191018003 0.0022987304822164726 0.011552207001308669 0.0003699962136655483 0.0014752877294791449 1.31417429611101e-05 0.0 0.0 0.0029998014514476365 0.0002336554441879124 2.8522726430615313e-05 4.137321818962639e-05 2.878639062464794e-05 1.0294129493258074e-05 1.3975660389423409e-05 0.001226385521938785 3.0565897711569004e-05 0.0 0.00576282202808728 0.0014673709554307714 0.002053823966482357 0.00022724199198936998 2.3430222632952012e-05 4.000994414552137e-05 5.193383746392651e-05 0.0 1.4717983621701674e-05 0.0005150386353332173 0.0 0.00021451521265345577 0.00012453104123627404 2.3463392508601656e-05 0.0 0.0001044050822348272 0.0 3.533592006373424e-05 1.7503874447520397e-05 9.935142653888609e-06 8.499141868604666e-06 1.1991700643617916e-05 0.005791688951323202 0.0 0.0 1.1613788863778188e-05 0.05473584133154524 9.378909822741562e-06 0.00010428020251561288 0.00010389897550659172 0.0003048147751728596 0.00024477560205432217 0.0008155862560750174 2.9694649801746306e-05 0.0012839532512170513 0.012567563059690789 5.806822338165973e-05 0.0005501877149776314 0.0006868452403335988 0.0007824424322293863 0.00020782977640176398 0.000129677052643562 0.0 0.0 0.0 0.0 0.0 0.0 0.0 0.0 0.0 0.0 0.0 0.0 0.0 0.0 0.0 0.0 2.2092971311907923e-05 0.0 0.0 1.4516303798321953e-05 2.3882483600891567e-05 0.0 0.0 1.1871580056951589e-05 2.6925500139362556e-05 0.0 0.00020822614715044883 4.739653987197217e-05 0.0 0.0 0.0 0.0 0.0 0.0 0.0 0.0 0.0 0.0 0.0 0.0 0.0 0.0 0.0 0.0 0.0 0.0 0.0 0.0 0.0 0.0 0.0 0.00017669977574032392 0.0 0.0 0.0 0.0 0.0 0.0 0.0 0.0 0.0 0.0002693297678596538 0.0 0.0 0.0 0.0 0.00023398330831579623 0.0 4.7257865634272675e-05 0.0 0.0 0.0 1.017281388211935e-05 0.0 0.0 0.0 0.0 0.0 0.0 0.0 0.0 0.0 8.461849665751272e-05 1.3647782735512663e-05 3.3726509527493015e-05
0.004305294796952711 0.11619119614066005 0.03232219177950151 0.010848196175840633 0.0 0.0011293211734074615 0.12257082612694829 0.047261922217546604 0.24511855624924267 0.014642784769173075 0.07585291825780482 0.004175738660902494 0.05073163334942945 0.14288360228430178 0.0017326153106428641 0.00015901931495444004 4.177177474425062e-05 0.0 9.458177074204856e-06 0.0 3.454695435676019e-05 0.0 0.0 0.0 8.335771811078426e-06 2.1824098244934526e-05 0.0 1.2672461517281077e-05 0.0 0.0 0.023882835837567236 0.002270731930580762 0.00041484131474554164 9.014642422488996e-06 1.1836540884390956e-05 0.0 0.0005129260390142394 0.0 8.91422181763155e-06 0.0 0.0 5.815955990688324e-05 2.8594652431004575e-05 4.491860556771628e-05 9.235285059214164e-06 1.5065131129767415e-05 0.015509961275930522 0.0003577093893183436 3.828303910072715e-05 3.7095380902559e-05 0.0003907995500050413 0.0 1.590143793072417e-05 0.0 0.0004980977574065715 0.0006797071231308336 0.0023918953333393177 0.013401747779202229 0.0010099868289825979 0.005221192643519155 6.504994454634364e-05 0.00012199051253755422 1.95992169666457e-05 0.013430759557393824 0.0005372698527840749 0.00015529012848416765 6.77533942384982e-05 0.0001724224666446051 6.991006105816601e-06 7.97663104552338e-05 0.0009285461877963418 9.987226649187033e-05 0.0 0.01272099319108375 0.006836340810113967 0.011181338261523757 0.00377102222921032 0.0001891802488324649 2.765290213511882e-05 0.0004921627917894323 2.274479325112081e-05 8.156429882894436e-05 0.0014912726547817107 1.557583805973533e-05 0.0005187014874626011 0.0003444467209719694 5.4428872723931636e-05 1.9818281792338564e-05 0.0002698229971340246 9.845837061596959e-06 0.00027413910360886494 1.2241397862322949e-05 7.3228238913493985e-06 7.128786881812374e-05 1.693517670632771e-05 0.002977974196904336 0.00010102724716176621 0.0 8.86232610462691e-05 0.0015227871679240942 1.0731079675102278e-05 0.0 0.000570440544053144 0.0004055110025846774 0.0015722551924327282 0.0023991928689708637 5.133691022839194e-05 0.007657556140708861 0.0020477614220273453 0.0006622733818088432 0.002336114538965618 0.007041810982628487 0.002836140196823404 0.002435618041329608 0.0012010705908398632 8.109007294599952e-06 3.5852765780989024e-05 0.0 0.0 0.0 0.0 0.0 0.0 0.0 0.0 0.0 0.0 1.6335762710756357e-05 0.0 1.068047813234686e-05 0.0 0.0 0.0 0.0 0.00013373629242916432 0.00024696919627989917 0.0 0.0 0.0 0.0011680833043792938 0.00042934715819099747 0.002220010611476056 0.0001567584585025324 0.00011353867727156378 2.6650717551257426e-05 0.0 0.0 0.0 0.0 0.0 0.0 4.066832891296293e-05 3.0019764088371152e-05 0.0 0.0 1.763172515853276e-05 4.5617155871895456e-05 0.0 0.0 4.009960547231922e-05 1.879765785237091e-05 4.771602462622113e-05 3.2494586053848345e-05 0.0 0.0 0.0 0.002605235829497097 3.571742232740188e-05 9.702143991633956e-06 0.0 2.0621449151206084e-05 0.0 0.0 0.0 0.0 0.0 0.0014342932704749405 4.4076949899440826e-05 0.0 1.259113492822954e-05 0.0 0.002536064649297375 0.000186742508469603 0.0008889655847662586 4.59065614476305e-05 4.1754512152480514e-05 6.009785984384376e-05 0.0 9.898996376030131e-05 0.0 0.0 0.0 0.0 0.0 0.0 0.0 0.0 0.0012040636185645956 0.00019094724502084906 0.0009157663046027043
0.004629419996921798 0.009996407101085986 0.0004175637712106289 0.028699307583776448 0.0011293211734074615 0.0 0.013407504880947775 0.00012841834831305135 0.0009647950619210946 0.056555241679664886 0.0 0.023144869374382027 0.010494775343861932 0.0013991304368901217 0.0 0.0 0.0 0.0 0.0 0.0 0.0 0.00017689752963440984 0.0 0.0 3.579917295739524e-05 0.0 0.0 0.0 0.0 0.0 0.0009169479558923473 0.0 0.0012148253935287344 0.0 0.0 0.0 0.0013603276439763672 0.00016072469806160836 7.989031030640134e-05 4.1332542045375114e-05 0.0 0.0 0.0 0.0 0.0 1.8071836372852323e-05 0.00014800258655756087 1.6695667291047754e-05 0.0 0.0 1.9036319862068583e-05 0.002194005029272637 8.583826023301725e-05 1.3727994779951573e-05 1.4223413918069786e-05 6.609134040574821e-05 0.006186463925059552 0.006245912361805045 0.00034494664360072805 0.00016968928065871734 0.0 0.00018049652133321633 0.0 0.00016651886247332547 9.695040798632523e-06 0.0 0.0 0.0 0.0 0.0 0.008782077913233835 0.011263811350426353 0.0007078865894335006 0.0009562275960330515 0.00017153366398083228 0.00018079817810777272 1.3860805485010637e-05 9.152279890230263e-06 0.0 1.6096433191633534e-05 9.857900248645091e-06 0.00011563800455819983 7.329994849745361e-05 7.255858223157513e-05 0.0 0.00020580193754854854 0.0 0.00047023582134727334 0.00061344974330616 0.001300694579669547 0.00015660748031450677 0.0003899949820260932 0.0 0.0 0.00022146450313985751 0.008132270078546501 0.003248105047085818 0.0012247984171734254 0.00045709671190359135 0.025680528603342457 0.0 0.0 0.0 2.0040874205834473e-05 0.0 3.3844191371517886e-05 0.0 0.00013486638318074815 0.001162954477789122 0.0 2.1085716496880986e-05 0.0001294077176627716 8.762208347510685e-05 4.4193982494176804e-05 0.0 0.0 0.0 0.0 0.0 0.0 0.0 0.0 0.0 0.0 0.0 1.0609236548916319e-05 0.0 0.0 0.0 0.0 0.0 0.0 1.2127671028549652e-05 0.0 0.0 0.0 0.0 0.0 0.0 0.0 0.0 0.00011356696695672521 0.0 4.6109288185488584e-05 0.0 0.0 0.0 0.0 0.0 0.0 0.0 0.0 0.0 0.0 0.0 0.0 1.8555832781293857e-05 3.4228717378488344e-05 0.0 0.0 0.0 0.0 5.136608789721616e-05 0.0 0.0 0.0 6.0051157854629824e-05 3.3130871998618796e-05 0.0 0.0 0.0 0.0 0.0 1.2114035440879948e-05 0.0 0.0 0.0 2.3132108324828184e-05 1.311909633435146e-05 9.917132749134903e-06 0.0 0.00010034722751437462 0.0 0.0 0.0 0.0 0.0 0.0 0.0 0.0 3.260780971942274e-05 0.0 0.0 0.0 0.0 1.0016045878299673e-05 0.0 3.623451895245477e-05 3.143911230569601e-05 6.0855071173878246e-05
0.036771674081536886 0.10304860809435756 0.0065188538236553226 0.10788687898396847 0.12257082612694829 0.013407504880947775 0.0 0.002264331167148009 0.07888293475805871 0.13605666611862924 0.014367492997844906 0.058283531482567943 0.1765284331943684 0.12797903679463582 0.00198042537740518 0.0003267226394257885 5.1919478910121563e-05 1.3737185715197643e-05 1.0566755356381622e-05 2.2189022333790765e-05 2.2140607949577343e-05 0.0 1.0782134339757252e-05 0.0 2.2837827969015613e-05 1.2874682381734891e-05 0.0 0.0 1.832499287292482e-05 0.0 0.015694634281326395 0.0016421846504897021 0.0009640161514624825 1.988714685285117e-05 2.3904785313965468e-05 2.1800038824671174e-05 0.0009719418675672078 3.1267464996037555e-05 4.0278209893889104e-05 2.5417909475456636e-05 4.164159282251029e-05 3.587709639809076e-05 4.1852844338791977e-05 7.14906205791315e-05 8.15351062814906e-06 2.0097818778882233e-05 0.014782519331053947 0.0004607829207761435 3.755437715556962e-05 3.9465247662676556e-05 0.00039035418933970037 0.0 2.7685546524625262e-05 0.0 0.0007427242160784105 0.0008904147781618328 0.0030447649289331337 0.018108501917586867 0.0010339910461488577 0.00626470617826579 1.60660253306671e-05 0.0001381956943087781 6.16758710613503e-05 0.011929642610222786 0.0005798919276803622 0.00023916008196595413 0.00011206838327410017 0.0001678133377344495 1.7403641854436194e-05 7.598364748519859e-05 0.002123692989575053 0.0002647324221477904 0.0 0.01637452695314098 0.007110216613378921 0.01220208714410665 0.0036782943695237006 0.00020139287074896113 2.718983387172435e-05 0.00038723462360486206 2.670334867434202e-05 0.00011363399856429801 0.002102076887808038 7.161827651535719e-06 0.0007461339935401843 0.0004087446305987549 7.836723031284562e-05 0.0 0.00031937344316358403 1.7141126696384677e-05 0.00018114842713379565 2.4265121374513442e-05 3.512288581711344e-05 8.654056062814121e-05 4.072189671340704e-05 0.013764875588021955 0.0002607152942941898 1.0010274998943175e-05 5.702758024564948e-05 0.008791832415799112 8.321978442305492e-05 7.412382961384258e-05 0.0015469529710649386 0.0009605873570832555 0.003346421610836269 0.008026829096076979 0.00014724428164825543 0.019003656081650045 0.005701980647957781 0.0016955287798196739 0.006032584156747866 0.015265122966539412 0.007048695488180376 0.005894637270997829 0.0033811828533023393 3.952385999483519e-05 1.0897675690032775e-05 0.0 0.0 0.0 0.0 0.0 0.0 0.0 0.0 1.5824794052168862e-05 0.0 4.8144876775788926e-05 0.0 6.20834487995836e-05 0.0 0.0 1.6919606896818142e-05 0.0 0.00021832566484565884 0.0003033725909644002 0.0 0.0 0.0 0.002080484039310087 0.0006052796889945679 0.003755732763514798 0.00036717764260625195 0.0003494755266513777 0.0 1.6068626385630782e-05 0.0 0.0 0.0 5.116710922139882e-05 0.0 6.840228779289759e-05 0.0001714270619817034 0.0 0.0 0.0 0.00012386196414460585 0.0 0.0 0.0 9.50708515839838e-06 0.00012840323703585202 0.00014116862371021043 0.0 0.0 0.0 0.004416786879505924 0.00010351641753652829 0.0 0.0 0.0 0.0 0.0 1.0197895193711384e-05 0.0 0.0 0.003223885315675914 1.2929963253479838e-05 5.355894360172703e-05 9.671801055596414e-06 0.0 0.003756881905675203 9.916173753831087e-05 0.0008767109510103594 8.276044934307167e-06 5.976810139589921e-05 1.528125336831858e-05 3.620340165137994e-05 3.338701369281757e-05 0.0 1.6501856233789288e-05 1.5159151218718401e-05 0.0 2.5502893502169002e-05 0.0 0.0 0.0 0.002497562091572754 0.00033803511778129767 0.001799386939187637
0.005815129873043395 0.056118678877143016 0.28537426927180837 0.0005357418127964724 0.047261922217546604 0.00012841834831305135 0.002264331167148009 0.0 0.02311162801097526 0.00018675479415979285 0.1180700222011238 0.0017184302098721541 0.017957818350096653 0.11630411736156888 0.005915861670524327 0.004182947506375972 0.0009568928121203548 0.00045835012214719205 4.4395832069193525e-05 0.0009588714919815784 0.0035573711768286166 9.091738205601429e-05 0.0026742374149617354 0.0015739784319242453 0.0015799186158825447 0.0018428959934392772 0.00019309640016150443 0.00032560273241982165 4.89283590314771e-05 0.0 0.11134604453684258 0.29687836452834393 0.056647339942703316 0.00114811971653829 0.0012633214898229732 0.004390640163356823 0.01860551825021017 0.0073161799123700084 0.0014032822697688427 0.0015128720782813148 0.0014776930939441337 0.00034504732390530104 0.000776146334545019 0.0020494348072890908 0.0001960808016626114 0.0015213573694984235 0.014115350819260172 0.0001591085772634457 0.0003623248639639969 0.0004631675728362132 0.00014679414832433974 8.29821517440007e-05 0.00029079457966372407 0.001011770398611684 0.00016226309695687553 0.00013852997653640342 0.0012345284572428388 0.014154887915824883 0.00042528251205246236 0.0027433658434483847 0.012018499135041433 0.029096701004241807 0.0034406483152578313 0.0323660209745197 9.522162755790792e-05 0.00014154563127515506 0.0 0.0002995164099806152 0.0005645914680302149 0.006247114471210302 0.012559442213064887 0.0005465170928221223 0.0 0.006478290832057978 0.005456459867326911 0.011044888545986543 0.01969137588444634 0.023548547051171546 0.06978986143351437 0.16044457131865225 0.011149559133983961 0.18736042925055335 0.0004667817556157774 0.0 0.00029471398806002957 5.893542430424825e-05 0.0004987698616230492 0.0 9.318684511880805e-05 1.7982466531933126e-05 9.07302724687598e-05 3.665409901061538e-05 0.0018546316071691047 0.00024498807361822596 0.00041482724700131403 0.0008604689987351378 0.00015908383883663445 1.3526229742602676e-05 0.0013639560115002909 0.00241880116325413 2.4620509614438893e-05 0.0 0.0 0.0 3.011437594099692e-05 9.783473015370323e-05 9.204731117157733e-06 0.0002801841203619802 1.9309022823545182e-05 9.25944220502152e-05 0.00010885278274861116 0.00036082075895721086 0.00019848719004783263 0.00017832878413687132 0.00020706193226202092 0.0 1.1318983021822414e-05 0.0 4.9078723137883606e-05 0.0 0.0 0.0 0.0 1.437969633752547e-05 0.0 2.280764599269761e-05 0.0 0.0002882950699940362 0.0 1.2677435037354633e-05 0.0 0.00012192767670351106 2.4180443036007937e-05 1.0863641501267269e-05 2.0425481368966035e-05 7.324549136074397e-05 1.1431429617154148e-05 0.0 4.1286759149685786e-05 0.0001305145788158395 0.00025148291259663945 0.0006610728278966742 0.0003158098997996505 0.0003741497778757057 2.2462243342095812e-05 0.0 0.0 2.1726214446413208e-05 0.0 5.3567048397016874e-05 0.0 0.0 5.129820076844497e-05 0.0 2.39042064000162e-05 5.323096179740952e-05 0.00021240921297777367 0.00014652898341762784 0.0 0.0 0.0 0.0 0.0 0.0 0.0 0.0 0.0004187115742943757 9.638410705709076e-06 0.0 0.0 0.0 0.0 0.0 0.0 0.0 6.090690764288527e-05 0.00021411495317205087 0.00013432197818378193 0.0 0.0 2.221676962527537e-05 0.0002105065460059526 4.2787843794675796e-05 0.00026599945039522594 0.0 0.0 8.28874249201467e-06 1.982751601087056e-05 2.4075784726937703e-05 0.0 0.0 0.0 0.0 0.0 8.782823229775855e-06 0.0 2.3712054986252506e-05 5.823005688253556e-05 9.92909868404997e-05 0.0006476288215187034
0.00045935452567575854 0.07042521706965504 0.027235672658985542 0.0024033589603107905 0.24511855624924267 0.0009647950619210946 0.07888293475805871 0.02311162801097526 0.0 0.008152425422841284 0.055414122617347364 0.0023132431028776825 0.08958815540342961 0.05955340282036794 0.002628818086700772 0.0004968731359585229 3.624994335717568e-05 2.5776392470325853e-05 1.0649207987168598e-05 8.453996048780078e-06 2.992471466877672e-05 1.0945357639892149e-05 9.924143288852397e-06 0.0 0.0 0.0 0.0 2.7881592081519703e-05 0.0 0.0 0.007160766615885324 0.0021730032235122375 0.0010879826224246575 0.0 0.0 0.0 0.0006768970254510589 8.724661990612738e-06 0.0 1.0396404516396957e-05 4.061278022588632e-05 0.0 2.0374388155134535e-05 6.268057892552096e-05 7.506821139825244e-06 3.729068590948329e-05 0.012137729492048159 0.00024389979046303962 3.719226986180534e-05 3.709111411738847e-05 0.00014020965613474446 1.8684747314318144e-05 0.0 7.694811947729201e-06 0.00025358063163868265 0.00025635711849433243 0.0008109831624780432 0.003390955628177292 0.0003848744286302451 0.003860236276675932 2.8127362018328204e-05 0.0001399088285056341 1.1004586082573904e-05 0.004695867421481554 0.00022258876417386803 0.0001287941791136598 5.2054693866453606e-05 0.00011792807655180683 1.222957205704607e-05 4.554132761275934e-05 0.0012779429537459613 0.00017819199745621906 0.0 0.0059817210578296965 0.0038600427828040036 0.009213193117909203 0.004700033711654074 0.0002588537430624926 9.641095622039239e-06 0.00046725285225241 4.224436262534368e-05 0.00015953080030725326 0.0007676776133871062 0.0 0.0002775639822033178 0.00014427643735661816 5.775618538149425e-05 9.31981664032833e-06 0.00013997609276086872 0.0 4.165360663956041e-05 4.7221486032451e-05 1.6097499718850835e-05 5.046763644218832e-05 9.207734571420259e-06 0.004433119306022157 0.0001683450789887753 8.503733954720989e-06 6.411992266834142e-05 0.0008119599587095031 0.0001629165197013664 0.0 0.0009127376330920112 0.0006159570818401899 0.0023710496307785176 0.0047842716866848675 7.343127607366833e-05 0.0096103879932079 0.003013273468198315 0.0012412873465833516 0.0033394741044328095 0.007487366674340162 0.004241612410143176 0.003467313037657291 0.002384253583318628 4.892717685673021e-05 0.0 0.0 2.4463575240488926e-05 0.0 0.0 0.0 1.4130249350317197e-05 0.0 0.0 1.827283583708139e-05 0.0 8.16236429191557e-05 0.0 3.803428126458701e-05 0.0 0.0 0.0 0.0 0.00011110015375174714 0.00036760598347200475 0.0 0.0 0.0 0.0015350098045108713 0.0008115438027650401 0.0027289700687227404 0.0001841083532893136 0.00010836832916046206 0.0 1.3187703047751187e-05 0.0 0.0 6.993039202912755e-05 0.0 0.0 1.4271113451764064e-05 5.6379379900126274e-05 0.0 0.0 2.2493391076731054e-05 8.861529354015181e-05 1.3642461596549006e-05 1.9969497362135416e-05 0.0 1.1639937378888865e-05 8.563918416980657e-05 1.3741789974738134e-05 0.0 0.0 3.931592235513229e-05 0.003015969596928435 0.0 8.3951449822475e-06 0.0 1.960769508027667e-05 0.0 0.0 0.0 0.0 0.0 0.0023139153775220984 0.0001310223641240073 2.7876513734738037e-05 1.178113016278824e-05 1.068757118082815e-05 0.002586849471069248 6.0117842519613856e-05 0.0005152085817449991 3.056125152134528e-05 6.925320608436142e-05 2.0007542017862593e-05 4.040983301379055e-05 2.3712349177336536e-05 0.0 0.0 0.0 0.0 8.748693682521042e-06 0.0 0.0 0.0 0.0020265576016744017 0.00044426232220324646 0.0008625841988142848
0.06172849214203625 0.07496633739069987 0.0004684637008236162 0.17865338316167664 0.014642784769173075 0.056555241679664886 0.13605666611862924 0.00018675479415979285 0.008152425422841284 0.0 0.0003052130064265381 0.15096247775032834 0.1923818645647911 0.021744610083019183 0.00041968182663404445 8.925045411948815e-05 4.43979475397932e-05 0.0 0.0 0.0 0.0 0.00010243014434893207 1.1418385116857881e-05 1.1190035350032336e-05 0.0 0.0 0.0 1.4277221805490518e-05 0.0 8.08716817164439e-06 0.001692366726805589 0.0001104282044082769 0.009812141190549193 1.5384899254278928e-05 4.933229421067911e-05 0.0 0.0125919542104968 0.0001645076531938236 7.021520551874627e-05 5.667041265689163e-05 2.280360035806612e-05 1.3592595193353e-05 0.0 3.132647702228968e-05 9.452753813738459e-06 1.2806178466139242e-05 0.0017581283750409244 9.420026374427147e-05 1.2024329478193479e-05 0.0 4.2215069308989864e-05 0.00028588960543644897 0.00010778562251325858 1.922329824686265e-05 0.00019045910964819076 0.0001895958441231149 0.0025855711634680204 0.004102770816266042 0.00026049413022912946 0.000876757632710533 0.0 0.0002689158254494852 0.0 0.0018339461920843126 6.821556775521639e-05 3.631249582095636e-05 2.1412783941783296e-05 5.175633947135315e-05 2.6972756019376082e-05 3.327125524981106e-05 0.015486410148201343 0.0007777902283341171 5.737741808045612e-05 0.0026528359719171658 0.0010630981496909926 0.0016673757210555321 0.0005595292679431112 5.803563715406875e-05 8.87555834617588e-06 0.00011538050687980904 3.0346393966304784e-05 6.887822336563655e-05 0.00033842605850650277 0.0 8.05890952871464e-05 8.266182161307349e-05 1.4319655656931239e-05 3.2751281638846724e-05 0.00012937137187601705 0.00011987702485340674 3.864948148609756e-05 4.582506240173659e-05 0.0 8.172773719290621e-06 4.1544337984237596e-05 0.019316181287950138 0.0007194765407038557 0.00020914952504406123 0.0004901385231310045 0.04844575861315712 5.767238555843278e-05 8.893161793822676e-06 0.0008781780501602805 0.00025224261203931334 0.0015649465634302593 0.004208567775357657 1.8800689034988486e-05 0.01004202173773538 0.0029240410625327564 0.0007839206612705028 0.0024576920329206367 0.006859937974351835 0.003051406599696041 0.002159476822665396 0.0014218803551528168 3.2827364187287657e-05 6.195651853469852e-05 0.0 0.0 0.0 0.0 0.0 0.0 0.0 0.0 0.0 0.0 1.2525612148952118e-05 0.0 0.0 0.0 2.1728403633859242e-05 0.0 0.0 2.6687419072518184e-05 4.0491209649141433e-05 0.0 0.0 1.1832873978511328e-05 0.00038590382960903717 0.00021566447857700662 0.001010002905341813 3.4745427835474595e-05 3.7224482094753856e-05 0.0 0.0 0.0 0.0 0.0 0.0 0.0 8.000765264715222e-06 0.0 0.0 1.69923471640239e-05 0.0 2.4612816010365362e-05 1.2489770882999157e-05 1.5544649747019523e-05 0.0 0.0 5.781106791174839e-05 0.00012444634260872831 0.0 0.0 4.964755208153676e-05 0.0010207595897857465 0.0 0.0 9.759795975886083e-06 0.0 0.0 0.0 0.0 0.0 0.0 0.0012192438548302724 3.97018442480739e-05 0.0 1.0583528982281034e-05 0.0 0.0010196991580724514 4.0301559874044044e-05 0.0002471432404015159 9.805739154993614e-06 0.0 0.0 0.0 9.82854741777313e-06 0.0 0.0 0.0 1.2697756540097381e-05 0.0 0.0 0.0 0.0 0.0007960042415093223 0.0001865064224917194 0.00044515544913780396
0.002152392370650468 0.06401743394006498 0.1935610314580706 0.0006006927786124211 0.07585291825780482 0.0 0.014367492997844906 0.1180700222011238 0.055414122617347364 0.0003052130064265381 0.0 0.002043949441394108 0.04689236067695628 0.1554322043904759 0.0024428225145149045 0.0009609602851985017 0.00015277259267849395 1.782569447030539e-05 1.0369332173652285e-05 4.343409098192156e-05 1.1695886436360303e-05 3.1750183871242904e-05 6.990233634423072e-05 2.8900795112366526e-05 0.00036289864749128596 0.00028991958910227133 0.0 3.394904310277212e-05 0.0 0.0 0.025092905014083115 0.004261594749791506 0.045507271390772396 5.262432693240312e-05 8.426643311498754e-05 0.00047523943142016264 0.017624747269967784 0.0033837527808204225 0.0006378652693651604 0.0007479798058870362 0.00020642871469644196 0.0001278349471043689 5.7722051100130035e-05 0.00027096845277581116 8.884755503394303e-05 9.948790144461945e-05 0.00801167003954045 7.08308007002409e-05 3.0441251992619268e-05 1.0297032178620557e-05 0.00011799586223537657 7.396008353276986e-05 0.0003045050974643799 0.0001822600609454384 0.00013771368960779063 0.00014757815403726703 0.0005138036407751758 0.003756150499299197 0.00024544035284630175 0.0018547408785296333 0.00016444007445846464 0.007904448578815278 0.0001668779122087198 0.0043907843041382745 0.00014462741273028315 8.933596633754911e-05 0.0 5.5248835350341536e-05 2.1259356866596103e-05 0.00012958473007098094 0.007993225594942885 0.00011160825421634065 0.0 0.0035809558795379453 0.0028041791421935356 0.006592708243218926 0.003838525398715066 0.00040145495155990556 0.003838112169126512 0.05321183593524969 0.0001658832474194869 0.020812726933097724 0.00027090378957554017 0.0 0.00011497341607854247 4.448429025590288e-05 3.555738508289202e-05 1.7518586706927535e-05 8.721783719728725e-05 8.831379637271225e-06 2.247553942649152e-05 1.927577246803576e-05 6.314997804578359e-05 7.795248107517526e-05 2.216996213305199e-05 0.0009519288082829926 0.00010280486263383202 2.854941057638934e-05 0.0012931480921033744 0.0008658884847637342 0.0 0.0 0.0 0.0 0.00023757383272179328 0.0002548813336062681 1.068437498068298e-05 0.0005358752152652063 0.0002806502373918272 3.019774496010314e-05 0.0002821336793636926 0.0005170464833950465 0.0002021106746760631 0.00019133262519641523 0.0002010123207175839 0.0 0.0 0.0 5.624487167869726e-05 0.0 0.0 0.0 0.0 0.0 0.0 0.0 0.0 8.58132262625192e-05 0.0 2.309616899518055e-05 0.0 0.0 3.699277990217299e-05 8.94306404098984e-06 0.0 5.3582238125171894e-05 0.0 2.3123962951457785e-05 0.0 0.00020601313766592823 8.388908604676891e-05 0.00022537949190688908 0.00014504101563717775 0.0001235111632566873 0.0 0.0 0.0 0.0 0.0 0.0 0.0 0.0 0.0 0.0 0.0 0.0 6.983703065768427e-05 9.670060255940536e-06 0.0 0.0 0.0 0.0 0.0 0.0 0.0 0.0 0.000330184327749717 0.0 0.0 0.0 0.0 0.0 0.0 0.0 0.0 1.9145210464940876e-05 0.00020582479179981938 5.485314293190325e-05 0.0 9.060836509394628e-06 0.0 0.0004013760988811652 0.0 0.00015872972204323304 8.874904362777577e-06 0.0 9.844086793722279e-06 0.0 1.0076693877499562e-05 0.0 0.0 0.0 0.0 0.0 0.0 0.0 0.0 0.000275725007939341 0.0001661008642840052 0.00023940515463607837
0.015664124962308845 0.038806074819540584 0.002192815200823461 0.1546269202144927 0.004175738660902494 0.023144869374382027 0.058283531482567943 0.0017184302098721541 0.0023132431028776825 0.15096247775032834 0.002043949441394108 0.0 0.06962617394786626 0.01101742406411068 0.001838370339051237 0.0013083816932790925 0.00027169159813091704 2.0346109967095988e-05 2.3992218904140782e-05 4.029371951257917e-05 6.419378086166652e-05 4.429376331796414e-05 9.261404087586295e-05 0.00022502330563137945 0.0 0.00031316672005424526 0.0 0.0001269157893311344 1.904320393343501e-05 0.0 0.0007009847320180641 4.076858855810084e-05 0.010124190697982016 2.2629400010839325e-05 3.434484643463059e-05 0.00012317814097846335 0.017788125749474647 0.000542877725933162 0.0002411371136808059 0.00010155717322328843 0.0001773690110865063 9.901792882081826e-06 4.525614621521024e-05 0.00034523673021191514 5.825808010496795e-05 0.000181146749906466 0.004539747355602474 5.3125592695628196e-05 3.281712092715248e-05 0.0 8.979923816764768e-06 0.00019118391735199676 0.0005137552622349336 0.00012999912763195316 0.00012107056281544752 7.617946783374594e-05 0.0006516817764359288 0.0013530773182363425 0.00020592658800160766 0.000603833388139836 0.00014501000316281107 0.0008922532080032288 0.00013349255207268493 0.0003711754113339204 7.104367263453949e-05 2.1465724810882807e-05 0.0 2.7741895276190186e-05 4.655627873706518e-05 0.0002812387886352335 0.017054262439673822 0.0011427184859118345 2.3117099845432987e-05 0.0015007380047079553 0.000749967364908587 0.0030446586353274165 0.0019073261578514177 0.0003141710032011728 1.9802490155988617e-05 0.0014328142690976907 9.0063049795373e-05 0.00019792561443607892 0.00010267573303698077 0.0 1.979931762639044e-05 4.0643936752439016e-05 0.0 0.0 8.014476057094223e-05 2.3698737260213832e-05 3.570321797030304e-05 3.455716515443092e-05 0.00010900758136292116 0.00012202861738410096 9.798206848790289e-05 0.04175114791376964 0.0009145237726661991 0.00012214394299424818 0.0019725308272952255 0.010702614130626485 7.15701881083909e-05 1.8068455542440616e-05 0.0006797592835481838 0.0003000134272188061 0.001533534760849079 0.0032785612832109843 9.056499185994068e-05 0.00810199820757774 0.002439538849669693 0.0007280401800789025 0.0026558427833395615 0.007219420285610927 0.0033009171267680527 0.0027741988984504216 0.0016344590546574593 2.1108806101019036e-05 9.034379600871726e-06 9.659986747442358e-06 0.0 0.0 0.0 8.655229513273683e-06 1.0161728626812627e-05 8.130022953040752e-05 0.0 2.868519700735588e-05 0.0 0.00010067925224811824 0.0 0.0 0.0 3.670910259880985e-05 1.1812229203726816e-05 9.192594889564595e-06 8.544760017286933e-05 0.00029342188458771415 0.0 0.0 2.2566292303656357e-05 0.0012745843858218502 0.00017512592377607442 0.0019840975462618593 0.0001697924943881198 0.00024438317414246475 1.3673030417234974e-05 0.0 0.0 0.0 0.0 1.3155017403862848e-05 0.0 4.3477377649355314e-05 2.7802696795794847e-05 0.0 0.0 2.6010275058435298e-05 6.1028372716620716e-05 2.2507806439848785e-05 2.2437138359956784e-05 0.0 0.0 0.00011081119453489822 7.295927927994873e-05 1.0189914161567242e-05 0.0 0.0 0.0019389048147946412 3.620042254396575e-05 3.4043980256343686e-05 0.0 0.0 0.0 0.0 0.0 0.0 0.0 0.001635931487119769 0.00010300358363883782 3.0596954821824345e-05 3.33731501915954e-05 0.0 0.0017077914236886752 0.00011079247857154286 0.0006287851555622961 8.193626727258523e-05 8.130052710299826e-05 4.014514692842924e-05 2.158101525336022e-05 9.4706277819223e-06 0.0 1.1170041853440752e-05 0.0 1.2724496142581487e-05 0.0 0.0 0.0 0.0 0.0012036791385461158 0.0003819936040323616 0.0010188264317678932
