0.0 0.1985064131197314 0.04957886099111393 0.15525022753505974 0.0063206170205293505 0.008010550711438634 0.016204845274070918 0.004527146489665887 0.0005480171231752206 0.09277503643479099 0.005691299317838315 0.0006124220673634182 0.0027292628898271153 0.0018598697337205627 4.465406410906832e-05 2.064541566179117e-05 0.0 0.0 0.0 9.415595109481492e-06 0.0 0.0 0.0 0.0 0.0 0.0 0.0 0.0 0.0 0.0 0.045728421420884846 0.00013358871197825182 0.00030885156542781575 0.0 4.365887721519225e-06 0.0 0.00014437688029464435 5.1874669977372316e-06 2.285894429419839e-05 0.0 0.0 0.0 9.102499081825138e-06 5.26684094793705e-06 0.0 0.0 0.0027941094150377797 0.00017382880101454804 4.033406642903301e-05 9.16372344073719e-06 6.055382336526583e-06 0.0 0.0 0.0 0.00022059358870642822 0.00019952654209564238 0.008924880298609323 0.02261391823440804 0.00509617696404138 0.001364326988670432 0.0 6.909471677518971e-05 0.0 0.0009347119843846276 0.00043418635218346 0.00032073719908295046 0.00010357594878849662 9.71659885891445e-05 1.5491267657409784e-05 4.423927152540154e-06 0.00048107190992346233 4.58804351641923e-05 0.0 0.012812899702579485 0.0016316782057743742 0.0011654232044551334 0.0003934206675874484 2.5383729585785863e-05 0.0 0.00024545113100494256 0.0 2.2818460384361382e-05 0.0013830558137702632 0.0 0.00020047234574086241 0.00013658524515343845 6.280429819193109e-05 2.2345283546648096e-05 6.070618032695368e-05 1.794470737837118e-05 5.308152714141169e-06 1.3291214765063223e-05 0.0 4.918471773610067e-06 0.0 0.0014966207613475208 0.00030314736988202353 6.792594287807554e-06 0.0 0.03847219195795904 1.4008384815001674e-05 0.00023763010953950674 0.00043202242137708075 0.00010291121948050898 0.0 0.0007506964042136543 0.0005592108759886703 7.184774070851177e-05 0.0010361615721472086 0.0004789104893912285 9.239566703001216e-06 0.00022677677810445217 0.0010170476603114506 0.00031917833570498143 0.00011995604886186955 0.0 8.437286271986382e-06 0.0 0.0 0.0 0.0 0.0 0.0 0.0 0.0 0.0 0.0 1.8836212641292036e-05 0.0 0.0 0.0 0.0 0.0 0.0 1.4913859627044277e-05 0.0 0.0 0.0 0.0 8.060462076704267e-05 0.0 9.376480981003017e-05 0.0 0.0 0.0 0.0 0.0 0.0 0.0 0.0 0.0 0.0 0.0 0.0 0.0 0.0 0.0 0.0 0.0 0.0 1.1044402277516082e-05 0.0 7.61928453465873e-06 2.9425242380847476e-05 0.0 0.0 2.8408782342543e-05 6.578261009386946e-06 0.0 1.0498953625805035e-05 4.7319637456133635e-06 0.0 0.0 0.0 0.0 0.0 0.0002508947916719824 0.0 0.0 0.0 0.0 5.707245566359705e-05 0.0 3.2329478707037445e-05 0.0 0.0 0.0 0.0 0.0 0.0 0.0 0.0 0.0 0.0 5.243093604598219e-06 0.0 1.435127477019263e-05 0.00015738889101258138 7.37616602975524e-05 8.571918112034784e-05
0.1985064131197314 0.0 0.22009200281323135 0.09100293137190998 0.15246090837994186 0.007681641239445196 0.11025517475843519 0.03900343956810782 0.07584541795047149 0.1114071052185099 0.1296306710823765 0.008511601499269054 0.017710729215002538 0.05574818158620052 0.0014299097588286746 0.0003359109737506182 1.7885073609366512e-05 3.234267919774006e-05 0.0 1.9840062276666618e-05 4.841654011491149e-06 0.0 2.219343444930771e-05 1.0624617724640726e-05 2.4461734190145618e-05 6.669299441744064e-06 1.1484250751682609e-05 0.0 1.936206775529572e-05 4.976557118566466e-06 0.16413160042090488 0.0016731309886666291 0.0008099788894461175 4.949235047394555e-06 1.3799943981136324e-05 7.836731059009984e-06 0.00020595143837930888 5.141901071156976e-05 2.5443060229114522e-05 3.398915409499474e-05 7.0100333160060766e-06 2.3428550235100687e-05 5.4442009053969344e-05 3.3030679140603896e-05 9.22117348674973e-06 4.956192414147009e-06 0.013177977263492494 0.0002671534381418061 1.0690717862394046e-05 4.233412407483833e-05 3.1273374328001705e-05 4.008603747558187e-06 1.1450541958384812e-05 2.9905967375850248e-05 0.00021089815471938623 0.0002517649797505776 0.003536880009535496 0.023909204904478114 0.0034077978243482066 0.008524646753550306 3.66843815194953e-05 0.0001856038856258078 1.1377331251257616e-05 0.01075677868423182 0.000797874919098495 0.0006102600042703425 0.0001126218233381286 0.00017140756734251687 2.872281398376196e-05 2.1643277510917955e-05 0.0015679983339866208 6.753611576256623e-05 0.0 0.02939406422593102 0.011959640786323542 0.012770748258575403 0.0053664216000546125 0.0002818377763479799 0.00011904083045680666 0.0008430892231741391 1.6760001814158255e-05 0.0002999999719480519 0.002806520583814898 4.779945213708926e-06 0.0004385393315299783 0.00032249575059945353 0.00017105253853925368 7.578963666143594e-06 0.0002476953699695556 4.67440828495306e-06 8.318387450989441e-06 5.30716322198082e-06 2.0336251366241657e-05 0.0 1.5731033508004818e-05 0.0008532961426189114 0.0003273861549032046 0.0 8.39092406658239e-05 0.023742062171798962 0.0 0.00025353533489657303 0.00022655461884258158 0.00010320033203601548 4.2212354930110145e-05 0.0015421318535705569 0.00030314326292734664 0.00017013202550781575 0.0016466333298481583 0.000484741171270109 3.894433733958049e-05 0.00042508832315120963 0.0008776647394539354 0.0005257855792224531 0.0003753115091419787 1.530775106286186e-05 0.0 0.0 0.0 0.0 0.0 0.0 0.0 0.0 0.0 0.0 0.0 0.0 0.0 0.0 0.0 0.0 0.0 0.0 5.129860703791228e-05 8.791483236551332e-06 0.0 0.0 0.0 0.0005653561076803272 1.4339584520010328e-05 0.00010941302394863668 0.00016305765458696702 1.062727511078348e-05 0.0 0.0 0.0 0.0 0.0 0.0 0.0 1.0330559582370627e-05 7.977215473451312e-05 5.916068680588802e-06 0.0 0.0 5.2028185094656925e-05 0.0 6.2002337752935915e-06 0.0 1.2297342040462623e-05 7.650343063158868e-05 1.0950661950609378e-05 0.0 0.0 0.0 0.0004043175244963101 1.9172289530670593e-05 0.0 8.536568598308222e-06 6.509445390307213e-06 0.0 0.0 4.4153515538171285e-06 0.0 0.0 0.0008163044312529923 0.0 0.0 0.0 0.0 0.00014820498418061887 0.0 6.555821791550439e-05 5.3517637377913716e-05 0.00011657634749734545 2.0317600469740075e-05 0.0 3.717542473447602e-05 0.0 9.348684450214258e-06 0.0 0.0 1.065527464675836e-05 4.582998324526269e-06 0.0 0.0 0.00040139725296241177 0.00021634520973808414 0.000253234771499262
0.04957886099111393 0.22009200281323135 0.0 0.0020506380965807044 0.04830260777737513 0.0009335656539687868 0.010371468498299397 0.243191796534398 0.016663833777137822 0.007798125313284767 0.1383475711821919 0.003411599122929038 0.01836676483831025 0.05103223051415767 0.0010442252206510343 0.0010535864707615166 4.292097093276467e-05 0.0001211663882231067 1.519567514637778e-05 0.00012761711414078751 0.00015573957765024454 0.0 0.001190147038814423 0.0009710522557158206 0.0007349136884806536 6.577152515802011e-06 0.0010495757221772586 4.340294450570651e-06 4.2068870133687716e-05 0.000259007875429024 0.49078617166959365 0.08294030446322126 0.006417685843986804 0.00045382182243217854 0.0012804703232087986 0.00039268279784876535 0.0015135785514940056 0.00037538200249374133 0.0002195077662984043 0.00029329672898972765 0.00017833877603576538 0.00020243718622688783 0.0002729079441166452 0.00011282438531421555 0.0001239754873611797 8.786064736252418e-05 0.007767294350178145 0.0003115810064646495 8.036565278820388e-05 0.0002697688406756692 4.154638875692204e-05 1.8039395031579128e-05 6.839902039176517e-05 2.4986443329800717e-05 0.00016015844536820153 0.0002457948263280425 0.005409823949553197 0.05171391809345113 0.004698984718010381 0.005347204857869744 0.0002712626505662098 0.004264671966636609 0.00011261065594459924 0.026253331290014968 0.0006577904009798282 0.0005022754075968622 0.00011922391602257263 0.00015621150309896146 0.000324602069724027 0.0005807140187806718 0.004875103293603555 0.000288177126068183 0.0 0.028988516835298375 0.014948397928673843 0.008874701748674697 0.005852210797193663 0.0007060369775443273 0.0007436274094398418 0.049593765856294714 0.00011736703840773033 0.009933276911420524 0.0020370219310909517 8.660863712251617e-06 0.00035347778648309744 0.00032665375876154306 0.0002028457326412924 9.872146885968462e-06 0.00020088953381383596 9.75419398574412e-06 1.8973313526645854e-05 0.0 0.0006778170949710115 0.00015123806672247836 4.890122261004611e-05 0.001485589480148339 0.0012535272364359831 1.4413174251359924e-05 0.000626069524137213 0.012923388413669145 3.040946099775104e-05 0.00010967389709128099 0.00015078424588813282 2.555707577511747e-05 7.03366540599669e-05 7.13464261245076e-05 0.00013258583075210806 0.00011476582374843721 0.0004023229359966856 0.0003833491384996791 5.258220138042872e-05 0.00044851286435012845 0.0011779469982419234 0.0006680878509926093 0.0006850980392466764 4.004099075128008e-05 6.56074905959077e-06 0.0 0.0 0.0 0.0 0.0 6.767780148233345e-06 0.0 0.0 2.0924908779307038e-05 0.0 2.5258285217927063e-05 0.0 0.0 0.0 5.8860932056052736e-05 1.443782441259316e-05 1.1664765137062197e-05 8.838122190543922e-05 3.1387187009371404e-05 0.0 0.0 0.0 0.0012119736518409498 2.646923809241425e-05 0.0003585140813797877 0.00035142319362341766 0.00010973261679816213 0.0 0.0 0.0 0.0 5.793638234636977e-06 3.8014245161972834e-05 0.0 2.0864718420962167e-05 0.0001827728609437641 0.0 0.0 0.0 6.983581267060382e-05 1.6251061768789635e-05 1.1978321241092354e-05 5.902396635028525e-06 1.0994183207830637e-05 0.0 1.7285595968345035e-05 1.1240271126234271e-05 1.789159291969381e-05 1.014327008045183e-05 0.0005497014655907547 1.3428485719382103e-05 0.0 3.5677777750756793e-05 2.274694568178934e-05 7.604125439800653e-06 0.0 0.0 0.0 0.0 0.001076327083365523 4.118707707364756e-05 0.0 5.055845331519436e-06 0.0 0.00044095388449014373 6.063830969162746e-06 0.00024783441235846655 5.962812018508155e-05 4.4764279574146745e-05 3.94828698533791e-05 3.413369819149982e-05 2.6731247839216227e-05 4.592801418258818e-06 5.710508243409924e-06 6.8250563772044625e-06 0.0 1.6866105639464323e-05 0.0 5.223938123316006e-06 0.0 0.0005598037359323599 0.0006748715023702102 0.0007543022471711874
0.15525022753505974 0.09100293137190998 0.0020506380965807044 0.0 0.004668882914815735 0.03284030304345145 0.026342035954044364 0.0003687634253009347 0.0027430047123880607 0.21732702891333439 0.00046214296706184393 0.004828680023602407 0.0066681368517044395 0.0039407514389198685 9.133619500436249e-05 3.0738588953548965e-05 0.0 0.0 0.0 5.0980833410952454e-06 0.0 0.0 0.0 0.0 0.0 0.0 4.6949992794830514e-06 7.813456441802682e-06 4.593242285741246e-06 4.890971200301274e-06 0.007898802192704595 0.00011444394504083865 7.144236891478828e-05 0.0 4.53468374614377e-06 7.025852540813934e-06 4.690439885137943e-05 0.0 1.1970574904265079e-05 4.581501436528013e-06 0.0 0.0 9.553233843793685e-06 5.541679891626731e-06 0.0 0.0 0.002890886243200499 8.71968021320491e-05 1.1963404834178913e-05 2.369022382630368e-05 1.1179581336713766e-05 0.0 0.0 0.0 9.718777147195858e-05 9.648422661662581e-05 0.0013880223241701337 0.00651797899183457 0.001330067921072601 0.0016699316648826972 0.0 2.914637706612274e-05 0.0 0.001319567181488408 0.0002699362845817451 0.00019652839584209024 7.030558484944911e-05 3.9632696863520586e-05 1.0305398745732661e-05 4.882233028765919e-06 0.00012798370084028638 0.0 0.0 0.008588457488955833 0.0022706617092236895 0.0020597183217817114 0.0007491205817271531 2.5418577794298615e-05 1.1649513745823635e-05 6.007491571879053e-05 4.79153520284847e-06 6.421669517872934e-05 0.0008173972147758448 0.0 0.00015758717643353585 9.497664957308721e-05 6.461053648402557e-05 0.0 7.628716849936872e-05 0.0 0.0 0.0 0.0 0.0 6.050058662559706e-06 0.0005369274460092539 3.989856994003574e-05 0.0 4.0834072934385754e-05 0.013620677575877635 3.225867660748429e-05 0.0004793961178071358 0.0008293005384144031 0.00013095007652453103 1.2248213192489833e-05 0.0029272825651396905 0.0006393836935274635 8.365232268076372e-05 0.0019502179507874273 0.0004901156766486485 2.6105193525709914e-05 0.0003534449992480759 0.001124224799757692 0.0004948589497461836 0.0001478321812964687 7.74580600596291e-06 0.0 0.0 0.0 0.0 0.0 0.0 0.0 0.0 0.0 0.0 0.0 0.0 0.0 0.0 0.0 0.0 0.0 0.0 6.5685928464035364e-06 0.0 0.0 0.0 0.0 0.00014006512838261192 0.0 0.0 6.581835315561434e-05 0.0 0.0 0.0 0.0 0.0 0.0 0.0 0.0 0.0 5.113062996797348e-06 0.0 0.0 0.0 0.0 0.0 0.0 0.0 5.4974174523042986e-06 6.365062461085826e-06 0.0 2.5420615810822058e-05 0.0 0.0 4.2866864170869676e-05 1.1635871216364733e-05 0.0 1.1032246328845429e-05 0.0 0.0 0.0 8.106958931751674e-06 1.1509313669825544e-05 0.0 0.00045311522195758927 0.0 0.0 0.0 0.0 9.880948259441518e-05 0.0 5.4608417553949414e-05 0.0 0.0 0.0 0.0 0.0 0.0 0.0 0.0 0.0 4.73745655152621e-06 0.0 0.0 0.0 0.00021487093247900992 5.22626942681501e-06 1.3248545726705446e-05
0.0063206170205293505 0.15246090837994186 0.04830260777737513 0.004668882914815735 0.0 0.00031987878699178446 0.10160023830099803 0.06718713308951303 0.19985490580836232 0.08947594322125345 0.23874813737568576 0.023938083783676612 0.04100592058937656 0.18534742216106673 0.0005098890901628839 0.00017023633728410984 0.0 4.148464622645253e-06 0.0 0.0 0.0 0.0 8.430825056842739e-06 5.1908903969870755e-06 0.0 0.0 4.326792005465888e-06 0.0 0.0 0.0 0.009838312633310493 0.0009636613878565238 0.00040593244316737434 0.0 3.952875942635347e-06 3.3490874984336694e-05 0.00019300340263982631 2.9539938671220216e-05 8.014570723393629e-06 1.3558859276170367e-05 0.0 4.028168706183271e-06 9.748334805366601e-06 3.842010561115237e-05 0.0 0.0 0.003648003976466139 5.029122484056373e-05 0.0 3.1590015333135e-05 0.0 0.0 0.0 0.0 1.5964124971612958e-05 5.6334976896129846e-05 0.0004598488636892715 0.004335785742399245 0.00043837595569228704 0.0020539748098518697 1.045506177753318e-05 0.00012960325822436181 4.2547207135536455e-06 0.003717407468205446 0.00018221089123994584 0.00012743858201929542 3.181239877682322e-05 2.6709362821321226e-05 4.5450523308978824e-06 0.0 0.0010152293110476018 9.701014497941815e-05 0.0 0.005551460945733235 0.002862369520006721 0.0034181454428316425 0.0019332160546838085 0.00016874454151610585 3.524606447634041e-05 0.00029307092847166846 6.286503248985843e-06 0.00012697602910403868 0.0004306003145299495 0.0 0.0001294836233748687 6.473808118017736e-05 2.8808756906300914e-05 0.0 3.267501386712298e-05 0.0 7.942982464822917e-06 0.0 4.4660681806400195e-06 0.0 0.0 0.0005569879729487647 0.00014330603707381296 0.0 2.6775064725960774e-05 0.0008074548856284523 3.126644507182199e-05 3.257802114695058e-05 8.226587409514967e-05 1.087133297732594e-05 0.0 0.00033861449262280235 0.0002499505219270148 0.00011745778261609276 0.00045613085158185534 0.0003149209941490296 1.3947707675238905e-05 0.00041134821299265397 0.0009676135432314776 0.0005022153929295969 0.0005359201205015604 0.0 0.0 0.0 4.542925297560769e-06 0.0 0.0 0.0 0.0 0.0 0.0 0.0 0.0 0.0 8.134091256557605e-06 0.0 0.0 0.0 0.0 0.0 0.00010458203836800881 2.1050758407922797e-05 0.0 0.0 0.0 0.0003711566376512971 1.5051692324308355e-05 8.358569406424293e-05 0.00018036069410271458 0.0 0.0 0.0 0.0 0.0 2.338876862107256e-05 0.0 0.0 0.0 4.8997166337345867e-05 0.0 0.0 0.0 0.0 0.0 0.0 0.0 7.796275728255257e-06 2.8560639873055204e-05 3.3198522216812656e-05 0.0 0.0 0.0 0.0003659870480408017 4.3203116751327837e-05 0.0 6.2577344203370574e-06 0.0 0.0 0.0 0.0 0.0 0.0 0.0005486367621875187 2.042635277950753e-05 0.0 4.581470983407548e-06 0.0 0.00014984565682140582 9.251906307413752e-06 5.14177972718466e-05 2.3109602054709996e-05 0.0 5.616744444174984e-05 0.0 6.877394047055195e-06 0.0 0.0 0.0 0.0 0.0 0.0 0.0 0.0 0.00034175212119572876 0.00013013776624116354 0.00017908117719877365
0.008010550711438634 0.007681641239445196 0.0009335656539687868 0.03284030304345145 0.00031987878699178446 0.0 0.001933661323344908 0.00027029682750810544 0.00025056696336166407 0.05215535735992116 0.0004262307063741285 0.007735043910671239 0.005099254565765793 0.0024005146544567833 6.51139045453681e-05 3.308856208943659e-05 0.0 0.0 0.0 0.0 0.0 0.00016524705825734162 0.0 0.0 1.911555021363876e-05 0.0 0.0 0.0 0.0 0.0 0.0016123663139858857 3.755456421023068e-05 0.003574780688452121 7.682314529359597e-06 0.0 0.0 0.0013573386707718658 4.264746630426091e-05 0.0002197564446060857 2.8925157165891062e-05 0.0 0.0 0.0 0.0 0.0 0.0 0.00015177593770079856 0.0 0.0 0.0 1.257188769717674e-05 0.0004158045549151269 7.945679767978958e-05 0.0 0.0 0.00016409274912393895 0.003178566138213877 0.00014643549343473506 1.960990836790951e-05 4.541083024325482e-05 0.0 8.879752027878563e-05 0.0 6.776866516063007e-05 0.0 9.714473746466471e-06 2.2712986704394174e-05 0.0 0.0 0.0 0.00928942487603559 0.021740637175262638 0.0020511924586265203 0.00011095306964070585 6.975713961068429e-05 7.563139006625016e-05 6.634437693305444e-05 2.838198500206218e-05 0.0 0.00017503574063626746 0.0 5.1076184473677e-06 1.75764003118208e-05 0.0003797818140544398 0.0 6.93060604941997e-05 7.681108585789177e-06 0.001358063514539652 0.0002671703944392812 0.0006573015239187313 0.00011971291067956509 7.973397495462145e-05 0.0 0.0 5.829378016815039e-05 0.019809013418203496 0.011785011766319978 0.0013021765339671961 0.0014745832539026385 0.00813151454682159 4.23365582161826e-05 0.00042079008399149197 0.0009953159635707903 0.000278133353828444 4.105803689502613e-05 0.00039829132421385157 0.0012975808179510541 0.00027206972431838587 0.0012210750035428978 0.0012934086289420378 3.520194493242939e-05 0.0007807805973057544 0.0026319216777308907 0.0010712177712561483 0.00039540185484003 0.0 6.330717431825073e-06 0.0 0.0 0.0 0.0 0.0 0.0 0.0 0.0 0.0 0.0 0.0 0.0 0.0 0.0 0.0 0.0 0.0 2.8988370347824274e-05 1.892074956668459e-05 0.0 0.0 0.0 0.00044798963101554205 1.1894133355311292e-05 4.702310324091494e-05 0.0001952722542849089 2.486823883995038e-05 0.0 3.0822051118043864e-05 0.0 0.0 6.282182653956136e-06 5.8094911921321145e-06 0.0 0.0 2.5571953764248172e-05 0.0 0.0 0.0 8.55965028328464e-05 0.0 9.763055843799524e-06 0.0 0.0 0.0 3.328572449301023e-05 4.523421432580434e-05 6.975804945622187e-06 0.0 0.0001611958112394507 1.0750125809797727e-05 0.0 0.0 0.0 0.0 1.5210121169707426e-05 0.0 0.0 9.930860033715993e-06 0.0011471917176987924 9.606568220851775e-05 0.0 0.0 8.602143536860905e-06 8.181032914567623e-05 0.0 8.341152798320651e-06 1.0373691508159479e-05 2.4131920804882453e-05 2.3317715868912506e-05 0.0 1.355453914965021e-05 0.0 0.0 0.0 0.0 8.378001074083654e-06 8.321794920914733e-06 0.0 0.0 0.0007621263195707841 0.0003147037626705598 0.0003438397945774057
0.016204845274070918 0.11025517475843519 0.010371468498299397 0.026342035954044364 0.10160023830099803 0.001933661323344908 0.0 0.009213404219425505 0.16133616919285845 0.21824086474391702 0.02922043436156569 0.041885972512400026 0.2996997908971644 0.4074671458116699 0.0010501337608517347 0.00044062800845910195 1.993265147561973e-05 1.4790494973058485e-05 0.0 1.5909786297492872e-05 8.548416267697856e-06 0.0 1.2155146816564505e-05 1.8348181474180106e-05 1.1888879489266715e-05 6.696220937254468e-06 8.979063682897961e-06 0.0 1.3710246423098772e-05 0.0 0.00787924555715159 0.0013731976907805238 0.001141571709570272 5.298142539189455e-06 3.098576709366525e-05 9.100664866954035e-06 0.0005734936977661715 2.1746351250737722e-05 4.8168832090499114e-05 7.479338859343904e-06 0.0 5.5219186275020325e-06 3.5378264751847045e-05 5.25462381191974e-05 7.38541066010941e-06 1.0725684135312288e-05 0.006750639510992455 8.306487355381653e-05 1.0406967867146671e-05 8.359130915114718e-06 5.835568901950859e-06 0.0 0.0 9.436355704466999e-06 3.475710448905428e-05 7.3805380202821e-05 0.0009330797435101333 0.006437902565918201 0.0007451936471580588 0.0038242071006974443 3.039378513686415e-05 0.00017420486144556886 1.0141463039134376e-05 0.005802078983663015 0.0002581778470516603 0.0001861148201163121 4.4515780705621356e-05 5.0893285374710207e-05 1.4588981989844217e-05 5.1696847179332314e-06 0.002806986234046761 4.5042958890581866e-05 0.0 0.00986973996104646 0.005142239056754243 0.006498221026954091 0.003692110926840571 0.0003226672293097363 3.97315064637109e-05 0.00041659207495290697 5.7110751399601245e-06 0.0001953311079855201 0.0007721967476611211 0.0 8.778651790817807e-05 0.00012089844456865472 5.565501962238089e-05 5.216812093127129e-06 9.243604271414417e-05 0.0 2.4755164529624587e-05 0.0 1.0908676936188205e-05 0.0 1.1006220155076704e-05 0.00251017888479061 0.0005980831813911403 0.0 6.826141960672616e-05 0.0018434879943322897 7.335817284922141e-05 0.00029808685960095837 0.0019092484682871474 0.0008337029984595633 5.7805101286591635e-05 0.0009578285330303706 0.0007139393407000546 0.00039878355674031384 0.0021672163907352116 0.000673190181372736 2.0188707403115967e-05 0.0010201256152920612 0.002313271502206877 0.0012962249902123226 0.0008942066725630658 0.0 2.4204459669321223e-05 0.0 0.0 0.0 0.0 0.0 0.0 0.0 0.0 0.0 0.0 5.26955127565846e-06 0.0 0.0 0.0 0.0 0.0 0.0 9.829968330253993e-05 8.070765726035356e-05 0.0 0.0 0.0 0.0012577235002765104 6.881616536186052e-05 0.00023385135844906783 0.000359761626723826 0.0 0.0 0.0 0.0 0.0 0.0 0.0 0.0 2.6728821896789002e-05 0.00014555706567876117 0.0 0.0 0.0 2.4925543179494235e-05 0.0 0.0 0.0 1.8079771184220643e-05 1.2709292176716127e-05 6.74719988257195e-05 8.311491458987458e-06 0.0 0.0 0.0005664975107812767 0.0001358440944424075 8.961417270862185e-06 3.7561946515141006e-05 4.854530996352511e-06 0.0 0.0 0.0 0.0 0.0 0.001642691588503384 0.0 0.0 0.0 0.0 0.000514634668795893 1.4697724460911214e-05 0.0002969714850163254 9.88304024826462e-05 0.00010432806637097153 0.00013302179293959364 6.288086342740492e-06 1.6515349877511952e-05 0.0 0.0 0.0 0.0 0.0 0.0 0.0 0.0 0.000791360673827893 0.00022581731553193916 0.0006327670479995141
0.004527146489665887 0.03900343956810782 0.243191796534398 0.0003687634253009347 0.06718713308951303 0.00027029682750810544 0.009213404219425505 0.0 0.020487824240661152 0.004182013312176029 0.3202252963457881 0.002392276235026098 0.019759249201947438 0.10104009775730145 0.002724016073914178 0.0038565814548885444 0.00011226328891219035 0.0006306576137549712 9.090519526998409e-05 0.0010324710156361845 0.0010417156188168013 1.0694592904845864e-05 0.006081010960268451 0.004098363559738632 0.004790645374146958 5.9936798636232264e-05 0.004190618253183387 1.6288229568062738e-05 0.00019164213128868425 0.0007546876145443317 0.04327248550261582 0.22925774683982858 0.008721377443849538 0.002431389611078248 0.007275272102746933 0.0029189973837712565 0.001930609878976937 0.0012247475210308862 0.0003691999492313655 0.0010538524658847688 0.0008900002415968885 0.0006767969913339704 0.0025623734146679486 0.0005177763321730262 0.0005628041797567237 0.0006879757663657563 0.008024636060190734 0.00012225938234100022 0.0001351865993903137 0.0011247391173556253 9.513093492006483e-05 9.563904757757584e-05 0.00016865649967080253 0.0002925485928013715 4.195229652556568e-05 5.582174155524698e-05 0.0008701019140676001 0.008720504969210107 0.000589858571982076 0.0027597731586182696 0.005021062143698449 0.013420410248039893 0.0008725605134841874 0.0435393585438852 0.00017183696055766336 0.00013083084365622807 6.942307871788054e-05 0.00015369907755769698 0.0010253069696457562 0.0036238718434264323 0.0038751859066333376 0.00027553240153449645 1.5445990894921087e-05 0.007567765808249507 0.00800442498075405 0.007629512039475919 0.03079988567141779 0.02966727585980917 0.08996675161831286 0.22165704797553828 0.0024483097377423603 0.17818123120135054 0.0005197372844983326 0.0 7.413500618426589e-05 3.4839841400772565e-05 0.00035156311985558633 5.976290429073228e-06 5.3991197924944865e-05 0.0 6.108388663200828e-05 0.0 0.00258494828944339 0.0005386711457731609 9.45571255115192e-05 0.0010268203505855462 0.0009674186704340537 0.0 0.0005127143053265619 0.0010170213989458897 2.3230448938397622e-05 3.160632485318235e-05 9.347096905618923e-05 0.0 1.3003743867004542e-05 3.801379632982813e-05 0.00013585534710467418 7.507533904352171e-05 0.00026349907727274836 0.0002807559831220483 1.3511645695220075e-05 0.0003555646797963809 0.0006553364637017293 0.00021069761248795042 0.0003520235469087799 3.5130471927206905e-05 5.749315826092705e-06 0.0 6.949533272851556e-06 0.0 0.0 0.0 0.0 0.0 1.3917737588115152e-05 0.0 0.0 1.2361170375429232e-05 1.6643126954398393e-05 2.223526391855974e-05 0.0 9.31249021377694e-05 2.2816511853161147e-05 0.0 4.1462808059512095e-05 1.5246780167613995e-05 0.0 0.0 0.0 0.0006964400954772256 6.959277896592809e-05 0.00024793339437016964 0.0002199398126831076 8.595474444031866e-05 0.0 8.279868938696308e-06 9.682894797563062e-06 0.0 8.412762608330458e-06 0.0 0.0 3.514300596308087e-05 8.790421078560456e-05 0.0 5.714280213761709e-06 8.16449471501106e-06 0.0001587243587319888 4.903364308503919e-05 0.0 0.0 0.0 1.3618457438449576e-05 3.8481912795939176e-05 0.0 0.0 0.0 0.00037971155448894046 3.0323399073787502e-05 0.0 9.014730377586904e-06 7.207433722428894e-06 0.0 0.0 0.0 0.0 0.0 0.000668413255234539 4.9261517226347304e-05 0.0 0.0 8.227305915754127e-06 0.00020330732136390436 0.0 0.00021511976773738907 1.70588635847996e-05 3.095521839725266e-05 2.9872801116606268e-05 1.0058472663751918e-05 4.525445674923239e-05 0.0 0.0 0.0 0.0 4.805157117887366e-06 6.652014719077506e-06 0.0 0.0 0.00031843276085831115 0.0004513634375929631 0.00047988758057241455
0.0005480171231752206 0.07584541795047149 0.016663833777137822 0.0027430047123880607 0.19985490580836232 0.00025056696336166407 0.16133616919285845 0.020487824240661152 0.0 0.04235387024171143 0.061081359750136476 0.017118072883687427 0.048648514855564526 0.08423476038317501 0.000323030600159714 0.00019255038155127513 0.0 5.8587460691726715e-06 1.296192329943388e-05 5.338121395736286e-06 0.0 0.0 0.0 0.0 0.0 0.0 0.0 0.0 5.8466711726534125e-06 0.0 0.0013721556866647733 0.0005654219777798936 0.00035239186615657845 0.0 0.0 0.0 0.00015561171155654442 0.0 0.0 0.0 0.0 0.0 8.574364668882015e-06 7.075298101239555e-06 0.0 0.0 0.0012262909114126015 2.1225438443930787e-05 0.0 0.0 0.0 0.0 0.0 7.541670774821805e-06 2.498831596245456e-05 1.3388477815243444e-05 8.039620289014507e-05 0.0008260751612831492 4.458082575987793e-05 0.0007123673051762102 0.0 9.074672332170687e-05 8.614658363843498e-06 0.0012819578742803194 3.347704598807863e-05 2.546981727777441e-05 9.756346787106245e-06 0.0 0.0 0.0 0.0008837146622487266 2.4073208594154012e-05 0.0 0.0012101328872064 0.0006910431363102026 0.0011819271166091077 0.0008280364256358129 7.194766887524222e-05 0.0 5.068642482354223e-05 8.472028128832276e-06 2.8909477556927807e-05 7.500849397559084e-05 0.0 2.8394176088948754e-05 9.030533673070204e-06 1.2356584135487158e-05 0.0 4.9567335426722005e-06 0.0 0.0 0.0 0.0 0.0 0.0 0.0007381125728026316 0.00021145197423114886 0.0 2.4573792303266963e-05 0.00012509107371212736 1.3799564488404373e-05 0.0001912470376573726 0.00013190117479612608 7.012654767466685e-05 2.65506889454298e-05 0.0008191860680842298 0.00020476018539419596 0.00012015231219562512 0.0008026180352453321 0.0003464524792873946 0.0 0.0002965980660421227 0.0010927940943021566 0.0004753903761843917 0.0005029678440908683 1.1601660649343572e-05 1.394438594256046e-05 0.0 0.0 0.0 0.0 0.0 0.0 0.0 0.0 0.0 0.0 0.0 0.0 0.0 0.0 0.0 0.0 0.0 6.0594201391945536e-05 3.768475083171024e-05 0.0 0.0 0.0 0.0004996165559562479 2.104066811783878e-05 9.999066075025915e-05 0.00012319962477791376 5.830749344255068e-06 0.0 0.0 0.0 0.0 0.0 3.080649097901473e-05 0.0 3.1642993221279825e-05 5.8626286546281776e-05 0.0 0.0 0.0 0.0 0.0 4.203525738484676e-06 0.0 0.0 0.0 1.7226717905237442e-05 0.0 0.0 0.0 0.00034150136504821255 1.247244654611894e-05 0.0 0.0 0.0 0.0 0.0 0.0 0.0 0.0 0.0007107294913806709 1.539811437296374e-05 0.0 0.0 0.0 0.0001414124433028995 1.2016586758230856e-05 0.00011006646170806536 5.591798231759865e-06 5.090198747101055e-05 5.9363617030477796e-06 0.0 1.1189576050850476e-05 0.0 0.0 0.0 0.0 0.0 0.0 0.0 0.0 0.00045502082550219513 0.0002685970580102531 0.00029811253205002015
0.09277503643479099 0.1114071052185099 0.007798125313284767 0.21732702891333439 0.08947594322125345 0.05215535735992116 0.21824086474391702 0.004182013312176029 0.04235387024171143 0.0 0.007358195230611765 0.25249892857644474 0.4512059619283606 0.1325516292245101 0.0014866864933753695 0.0006067652264199494 2.02865570272473e-05 9.682595419963415e-06 0.0 8.900563503000722e-06 0.0 0.0 1.764353023355539e-05 1.4478796040867161e-05 0.0 0.0 3.713104235670991e-06 1.0322285235285434e-05 0.0 0.0 0.008008083167003546 0.0014672823520573486 0.00839630714521711 4.099920474585401e-06 0.0 2.338800167094639e-05 0.0049369179515861205 6.0715550986375615e-05 6.172362095573714e-05 5.8616139566542747e-05 4.909046298571287e-06 0.0 1.8870351760607493e-05 0.0001210314057036634 3.495507319755594e-05 1.3055775600121989e-05 0.012663644567839142 0.00015626065630943066 1.1067265074832785e-05 1.5033459806831012e-05 2.115700372311164e-05 0.0 6.832942610982065e-05 1.074668226463742e-05 5.572746384789145e-05 0.00015148571805723577 0.0015977654707398752 0.009019823964641885 0.0015391800021507364 0.005912428469176532 1.5971644549820153e-05 0.0009689118829749237 0.0 0.005946982112151172 0.00038990627722471137 0.00028594464388210773 8.921006963874796e-05 8.374132871871196e-05 2.4089261136715583e-05 2.919640451540403e-05 0.02492777232729787 0.0005700113810984181 0.0 0.015489099156761296 0.006688958599366897 0.00830518760870404 0.004340674818946944 0.0007264304203393121 5.37344926432184e-05 0.0010287427019408794 0.0 0.0004903863866177127 0.001516715311450234 0.0 0.00022241627824270757 0.00015957900634895576 8.824641343729209e-05 2.4629177159202416e-05 0.0001459520988723414 0.0 5.863254068020626e-06 0.0 1.048498688774056e-05 4.8496692727976135e-06 0.0 0.03200012387830311 0.004444437884357337 0.0 0.0008115505951392417 0.0096101728414679 0.0003020645782622502 0.002934100640724665 0.0034933744764316047 0.0011292981120620909 0.00040654292609762244 0.0034584373537087797 0.00487954527008634 0.0016882809349388064 0.009519601212813148 0.00677255579768303 0.0004172448680432009 0.005355884661080377 0.016393039535387677 0.008694571175919322 0.004094031808559626 0.00010008932651801896 6.561802222198366e-05 0.0 0.0 0.0 0.0 0.0 0.0 0.0 0.0 0.0 0.0 0.0 0.0 0.0 0.0 8.253941433037887e-05 0.0 0.0 0.0005167140523696697 0.0002011482714899713 0.0 0.0 0.0 0.005028946106610282 0.00014619424334589955 0.0007280591937746597 0.0008160007218140821 1.1117313607043624e-05 0.0 0.0 0.0 1.2984832010686053e-05 4.911204581495094e-05 6.646867673209328e-06 0.0 0.00022915296575494584 0.00037706797860206107 4.803328056621266e-06 0.0 0.0 1.981077855602719e-05 0.0 0.0 2.0005739901755518e-05 3.28916826656285e-05 0.0001430828499019992 0.00024605727881636506 0.00021213883874112889 1.830598399067999e-05 0.0 0.002329498060457922 0.00030954463862629435 5.596727420689332e-06 5.910897553329978e-05 0.0 0.0 0.0 0.0 0.0 6.3387818866338304e-06 0.007963973500913532 8.964688404509703e-06 0.0 5.714095621000735e-06 0.0 0.00255783519976536 4.155746713363776e-05 0.0007497157804704946 0.00024349783974772623 0.00018266701011361266 0.00025859765034491746 2.7242923043312182e-05 0.00012186640075072026 0.0 7.3307266944542075e-06 0.0 0.0 0.0 0.0 0.0 0.0 0.004951679548421896 0.0013086561048463274 0.0023180275637409696
0.005691299317838315 0.1296306710823765 0.1383475711821919 0.00046214296706184393 0.23874813737568576 0.0004262307063741285 0.02922043436156569 0.3202252963457881 0.061081359750136476 0.007358195230611765 0.0 0.006593668709465213 0.07273247332768679 0.26966471938551767 0.0029429378481503217 0.00394741272965944 1.2025355382886675e-05 4.770518871927487e-05 7.257951232694896e-06 1.1342092305783823e-05 4.7417877348716474e-05 0.0 0.0008798503144643031 0.0007180227654220479 0.0011924833089831202 5.306496064387857e-06 0.0008421571098463514 4.076195010642349e-05 0.00012988228095829385 0.00029171787899454245 0.02254184280461948 0.02591067903735857 0.0428608748741471 0.00011281521096029322 0.0009612660840795493 0.0009104625431138318 0.0073006505648798995 0.00171529088036633 0.0006281741027488244 0.0004310958903405293 2.1463912613708543e-05 1.766607257034289e-05 3.268938446041577e-05 0.00043392906173331106 3.6908441758847296e-05 4.165896316756266e-05 0.008379080996082453 6.36670692959095e-05 4.6694152850234806e-05 4.6640808353370535e-05 4.136955263998511e-05 4.1293064240076765e-05 4.183822991202226e-05 4.3520807452098085e-06 7.069594184925453e-05 4.9095473695303275e-05 0.0007689633988399482 0.006006397646129928 0.0005503410101681176 0.002877502920395785 0.0001317535005873467 0.002028663418608437 6.540241787716582e-05 0.012239339237049458 0.00011397648425383674 9.40633253521173e-05 2.5359138456755368e-05 3.3982607611113795e-05 1.7396080826412187e-05 2.6518784382392184e-05 0.010450925803140767 0.00039425570198930706 3.347695603424587e-05 0.0061509000743330405 0.005718928862454825 0.0074248353715303415 0.007926027477300535 0.0027034068314058944 0.0008175251094486272 0.023374488601919166 2.6402668508096223e-05 0.0011745141121422902 0.0004637672301557956 0.0 0.00012902897749521332 9.925689843476258e-05 6.754588887168786e-05 5.311651074918312e-06 4.347546556678255e-05 0.0 3.9994799926667876e-06 0.0 0.00012252502069423307 3.0476329022649628e-05 1.9571146230652654e-05 0.002483832730714964 0.0022347799574090753 1.6464544233875394e-05 0.0010030132315193173 0.0010867160998209201 0.00022081565145533252 2.4963833059129107e-05 0.00013525241935935877 4.9563609838815236e-05 0.00011411731939452394 0.00012047458164018475 0.00021044404949974646 0.00018685929818213612 0.0005530871905825069 0.00039642751640581045 6.490375739973763e-05 0.0005236967533072939 0.001354819274277072 0.0008556975655990607 0.0008126596926329825 3.4054271768230895e-05 1.8655583939583316e-05 0.0 0.0 0.0 0.0 4.265605502125121e-05 0.0 0.0 0.0 0.0 0.0 0.0 0.0 0.0 8.173963292928034e-06 0.0 0.0 0.0 0.00013734493150762285 9.338761511739935e-05 0.0 0.0 0.0 0.001621511213650099 3.547264693683125e-05 0.00046663516167729543 0.0005133579657602831 0.00011082451858605002 0.0 0.0 0.0 1.8217798781455695e-05 1.2882615877589537e-05 0.0 0.0 2.435829665266367e-05 0.0001335699434858543 0.0 1.2044918467473578e-05 1.1383399855402033e-05 4.768956978229778e-05 0.0 0.0 0.0 0.0 4.2214574728337295e-05 6.674638389122129e-05 0.0 4.472623519351378e-05 6.8702506820131296e-06 0.0008845549111618278 9.559472798008886e-05 0.0 0.0 0.0 0.0 6.4830411293351735e-06 0.0 0.0 0.0 0.0016912160750916449 4.2895076878687805e-05 0.0 0.0 0.0 0.0005680201147999815 2.745894295609702e-05 0.0004342056524341918 3.942313066972666e-05 0.00013735340309722668 0.00012775583747469787 1.9498838809929426e-05 3.270876716882761e-05 0.0 4.860465606766877e-06 0.0 0.0 7.660258505480459e-06 0.0 0.0 0.0 0.0006566784076285853 0.0010953799638683016 0.00148316682665813
0.0006124220673634182 0.008511601499269054 0.003411599122929038 0.004828680023602407 0.023938083783676612 0.007735043910671239 0.041885972512400026 0.002392276235026098 0.017118072883687427 0.25249892857644474 0.006593668709465213 0.0 0.0912150739784049 0.01989747754896366 0.0003598154748684518 0.0004254545083380279 2.3851310760609824e-05 0.0 0.0 0.0 0.0 0.0 0.0 0.0 5.535353138722681e-06 0.0 1.35682739754896e-05 0.0 0.0 0.0 0.000559607808988458 0.0003785965270698807 0.004467610521091844 5.463365710019104e-06 4.900135715523144e-06 0.0 0.006121936892463918 0.00011733142840269637 4.6568892138117896e-05 6.502509434440996e-05 1.0985653054533543e-05 0.0 0.0 2.1972524702395237e-05 0.0 1.5659214742737668e-05 0.0020794635314898106 5.996241439563902e-06 6.111618005796876e-06 8.982546114350549e-06 0.0 0.0 0.0 0.0 0.0 1.5302637281171424e-05 8.503876751830145e-05 0.00045069918194812604 6.443867500144398e-05 0.0005689117067371683 0.0 0.0006091274487379073 0.0 0.0007642438852670002 1.7931767144721162e-05 1.3906795079167652e-05 0.0 0.0 6.3338194335266265e-06 0.0 0.01970153669032831 0.0006655326777033836 2.5973773787106286e-05 0.0010170716564333578 0.0005379264048734818 0.0009479246774183548 0.0009287976112400843 0.0003971205989744799 2.364682883240496e-05 0.0009510158143835407 0.0 8.294760046094285e-05 0.00011360590233918762 0.0 1.4318785975751625e-05 1.882074245609567e-05 0.0 8.207855273458175e-06 0.0 1.8857393020830415e-05 0.0 0.0 7.3656428368510735e-06 0.0 0.0 0.07496264749987258 0.006388438207952591 4.931972532080465e-05 0.0003742042927140636 0.0035012344778912363 0.00017902667876289852 0.0007441153218397843 0.0016366454367419258 0.0007306097320989509 0.0003183962480353828 0.001096713541620202 0.00288267417087262 0.0016008878151258946 0.0051115864824051935 0.0045996412467419956 0.0002245518389220614 0.0052797219488622356 0.014481180404009229 0.007164301835057825 0.004976979997156381 0.00013971077634138736 4.38708477999743e-05 0.0 0.0 0.0 0.0 5.8151625001818425e-06 0.0 0.0 0.0 0.0 0.0 4.864978290710287e-06 0.0 0.0 2.0176052023269686e-05 0.0 0.0 0.0 0.00048618716460791406 0.00019055508935031309 0.0 0.0 0.0 0.005560394258053474 0.00017679970624907973 0.0006755715943101922 0.0006195507137095983 6.485880765691179e-05 0.0 0.0 0.0 1.5389905617214935e-05 4.7079501482997565e-05 0.0 0.0 0.0001350182086264461 0.000490701731491188 5.874993980214767e-06 2.5581706258949796e-05 0.0 0.0 5.90837950192609e-06 0.0 5.0802579115620935e-05 7.763928423697029e-06 9.698500100912388e-05 0.00012604261800480983 7.481201372191567e-05 2.6002610549639183e-05 0.0 0.0026161553556154 0.00029257676474885914 2.4906431738109312e-05 2.3296710243434637e-05 0.0 0.0 0.0 0.0 0.0 0.0 0.00997054591812568 4.865350287289509e-05 0.0 0.0 0.0 0.0021090436209605804 0.0 0.0007899706603531459 0.00029780464725403974 0.00021340366599677642 0.0003041869827250535 3.392678188769592e-05 0.00010841000263813873 1.7047133511305914e-05 0.0 0.0 0.0 0.0 0.0 0.0 0.0 0.006817596894248168 0.001372819489729389 0.002431757950003447
