0.0 0.23874412962008348 0.03894952930428702 0.10166190682027157 0.0010003785233917437 0.007664463769980366 0.01648772019615855 0.009460817825897055 5.8477129976719426e-05 0.0691817707829138 0.003213385188858219 0.007057400748237601 0.014132161387618393 0.0020300340709566806 0.00027962726208988453 0.00010570363558876454 5.344292392143628e-06 0.0 6.33884663849028e-06 6.059268806894633e-06 3.360413997451936e-05 0.0 3.141395069113509e-05 2.783226368568687e-05 0.0 0.0 2.0688342204751128e-05 0.0 0.0 0.0 0.058476017119507895 0.000700130486801787 0.000795046956758781 6.213697008284787e-06 3.131438455324547e-05 7.353226136630803e-06 0.0005192869945295995 4.6957907964183905e-05 5.6975354081686154e-05 1.2009944604011695e-05 8.611442944326618e-06 0.0 0.0 2.6354484936634403e-05 6.101995584763252e-06 0.0 0.0009741952717581496 0.00031595590896232997 1.2836665135003866e-05 2.314897451681032e-05 1.597911361099728e-05 4.864280588544108e-05 7.138546515503473e-06 0.0 0.0005699398667158317 0.0014915970982577807 0.009540522126250853 0.03736847408278443 0.001341318579327697 0.0030706924509836947 2.2738467707974107e-05 0.0002695895733872617 6.932387449797004e-05 6.669381540851257e-05 0.0005113758676079186 0.0007510940382260199 0.0002136618075035742 0.00010189533274935083 5.9062006324561586e-05 0.0 0.0017170629529724528 0.0023437867573638015 5.759853539290745e-05 0.02088272675893339 0.000905153149542316 0.0012322260762430795 0.0001148608291620116 2.0206428704323434e-05 1.0902826445268254e-05 0.00701617814904865 4.1369431444099675e-05 0.0004838242783331203 0.0016438453623735844 0.00011309691277303805 0.0007802879339177682 0.0008447743668692218 0.00021715034331202754 8.321681028294261e-05 0.00024383196672931418 0.0001283517108169415 6.890108273913648e-05 2.3170680167041897e-05 7.311093938829414e-05 6.988927912811231e-05 6.818807786458413e-06 0.023381208598032555 0.003467997526840868 9.284293637138196e-06 0.0007417647080869115 0.069674944100552 7.296565702277475e-06 2.353411705325056e-05 0.0006396910219442119 0.0002160360004897968 0.00022816951317461374 0.000806346092524987 0.000362360032391207 0.001430051369575548 0.0014195439885232618 0.001693720744970575 0.00011653030301914473 0.001773905790291483 0.0012193210830892325 0.0008573695538271999 0.0 0.0 0.0 0.0 0.0 0.0 0.0 0.0 0.0 0.0 0.0 0.0 0.0 0.0 0.0 7.796220666026238e-06 0.0 1.1724000280562669e-05 0.0 0.0 9.668333166392816e-05 0.0 0.0 0.0 0.0 1.3930714044911766e-05 1.3687675424999031e-05 3.857144078181802e-05 1.5728779332962323e-05 0.0 0.0 0.0 0.0 0.0 0.0 0.0 0.0 0.0 0.0 0.0 0.0 0.0 8.604148725284835e-06 0.0 9.825806174171617e-06 9.475366103083164e-06 6.762297016470533e-06 1.7959559798846674e-05 2.9256481299953874e-05 0.0 0.0 0.0 0.00012443220831338532 0.0 0.0 7.431809042668229e-06 0.0 6.924451640727054e-06 0.0 7.439171857877506e-06 0.0 0.0 9.247661460859052e-05 9.818765233286759e-06 0.0 0.0 0.0 0.0 0.0 0.0 0.0 1.3896338250819173e-05 0.0 0.0 0.0 0.0 0.0 0.0 0.0 6.9333796957583275e-06 1.684917684628511e-05 0.0 0.0 0.00014793802201229408 5.048404118813486e-05 8.32427108526481e-05
0.23874412962008348 0.0 0.12483204020102631 0.09905872152951264 0.09485691659152423 0.026475492765743684 0.27882895549361403 0.03590172820891693 0.02485162142969802 0.24664741051692304 0.0852778717057046 0.020449599407835615 0.11692174134109924 0.07758181120694707 0.004430195727528901 0.0008178761028438658 0.00012109997870629247 2.546609501198111e-05 0.0 3.169620665142403e-05 9.266335448303313e-05 8.541749238148669e-06 6.659964582226179e-05 1.2057609826246688e-05 0.0 2.2354427986842093e-05 2.388775763923095e-05 0.0 1.5163511895155001e-05 1.800358174910861e-05 0.1152047295666241 0.002823270249111137 0.006916095060367203 3.321587703199817e-05 4.5908072402236064e-05 0.00012217742302642452 0.0036590879654614123 0.00020031686923177778 0.0002337258065794979 4.886531218537189e-05 4.569879364998888e-05 7.755037349895673e-05 6.5991302389733135e-06 5.7484497862143155e-05 4.490243915529827e-05 0.00011624142968731295 0.019578436386503865 0.0018245663889005816 0.00012890185831629055 3.3011847085798274e-05 0.00022780994693508713 1.0717611996088915e-05 1.1702592999675032e-05 7.3205897110930935e-06 0.002497547689774466 0.005429287524490412 0.00647544592795845 0.028942313367846043 0.0016665341338371333 0.012386495665708066 0.0003976716230758991 0.0008417812743157717 0.00016351093981975098 0.003586232371708929 0.0026210089649077975 0.0030488717064566153 0.0007825976230015619 0.0006934977497173683 0.00014475454391396075 1.8841629761914053e-05 0.004694310601932978 0.00043694562244737706 2.0078142358458717e-05 0.041654752434174644 0.010733347881121383 0.015711113344133547 0.003843478556920438 0.0002545746388721334 6.692468420486292e-05 0.034134334935409856 0.00014274728286063488 0.0011662634336199436 0.0058497346629610555 0.00035566378436986093 0.0038213772881265286 0.0037751752029565266 0.0015809089826282778 0.00020642329958275442 0.0009488370794770302 3.216068233450287e-05 0.000663308336554768 5.119537385121933e-05 0.0001234131163065071 0.00017918561020797483 0.00010213912017078433 0.003024852936853172 0.0010436837113401082 1.0396390054806772e-05 0.000817113638693467 0.06664071574556964 7.726644292873253e-05 0.000700552658796646 0.003484455762615938 0.0014381030740291065 0.00383051167515301 0.006413995101834103 0.001911251195956287 0.009492865959669358 0.005865997975290932 0.009683060923292564 0.0006199364808066912 0.013367449136940988 0.007714444883256146 0.006187574164451004 0.0020256663164831988 5.3907454289571724e-05 0.0 2.0731834093718764e-05 0.0 0.0 0.0 0.0 0.0 0.0 0.0 0.0 0.0 8.325792193286743e-06 0.0 2.7711653394873223e-05 1.458054424766581e-05 1.4402108826731803e-05 0.0 3.0370010562044246e-05 0.00036949476582324585 0.0 2.6703119921161355e-05 1.5109853382593294e-05 0.0 0.0007388459397207923 0.00018253690475269736 0.000802961365263552 4.814935815531067e-05 6.301584816550593e-05 0.0 0.0 0.0 0.0 0.0 2.617002216713667e-05 0.0 3.897804240604164e-05 0.00021745517844437337 0.0 0.0 6.8018750863429515e-06 5.1631763481102315e-05 0.0 7.937296119734756e-05 3.78351160884773e-05 7.143141979032363e-06 5.8344806050841906e-05 0.00024255326748975824 4.405591256025139e-05 0.0 2.4667327659091102e-05 0.00043701970726766183 9.882395805767445e-05 3.1875890714483896e-05 8.743563000475556e-06 9.638306465258295e-06 1.2505035764001188e-05 7.404515922793175e-06 5.909589283130559e-05 0.0 0.0 0.001930021584041166 7.718234306799309e-05 0.0 4.440772887193111e-05 0.0 0.0002719211523235832 0.00015849807724612272 1.0581985380608438e-05 0.00023661512512386073 0.00020237924514706758 0.00021337785678622395 2.803799366557637e-05 0.0 1.9843561693967827e-05 1.9845005091646157e-05 2.1128956974797205e-05 0.0 4.305846720130676e-05 7.591640511405914e-05 0.0 0.0 0.0016802513847635802 0.0015691709609073241 0.0005326052416968371
0.03894952930428702 0.12483204020102631 0.0 0.002771423997406605 0.03391798924528971 0.0014032911181610368 0.007749921770077691 0.15729363076801833 0.03370536509345095 0.010530635794417889 0.19197913618509818 0.0005504475485795297 0.004811455191786856 0.09393699764107205 0.0030692912087682983 0.0013842228126034728 8.374676604467976e-05 2.218719676649724e-05 3.506477303955169e-05 0.00030807977615963597 0.0020343999953995394 8.718464478266955e-06 0.0015720218281817964 0.000527619303838492 3.912914105499401e-05 0.0001684815888875331 4.9498235111764854e-05 2.2784052019897163e-05 1.2032012422819928e-05 1.186733557025079e-05 0.37801876681712643 0.011181634636499054 0.008946918985012547 0.0007384286183863933 0.0007272747534730631 0.0002989041748288255 0.002470800894721428 0.00042689923450351237 0.00012944382800120948 4.43082745026221e-05 0.0007230625664729842 0.00015100461703814564 0.0002384707483527638 0.00019269545462582334 8.761024610620974e-05 0.00010472067889165981 0.011740760663267832 0.001340859876755638 0.00018931753229608112 0.0002496449402772671 0.0011839291696502548 1.4666409380408031e-05 9.992875737814038e-06 3.522196571446136e-05 0.0014617535795908615 0.0030187113396935553 0.00320849048582142 0.022424252128872384 0.0008387525606839573 0.007802572857257619 0.00027955150649721234 0.0038699734155192215 0.0001167939339207243 0.004511440614338036 0.001640066525185812 0.0018515596116079618 0.0013531052525206785 0.0006597718218045444 0.0018204753566434155 0.0005952418758576099 0.0027303846958116927 0.00013524238867889215 1.3557613733568506e-05 0.02704564945247295 0.00851841302679497 0.010827315750987625 0.0029806322591767512 0.0003021560365904456 0.0032760426906447153 0.13187672837171777 0.00043505871744732095 0.026918437949550622 0.0032144727029038626 0.00020932498750316693 0.002456514675521983 0.0032861663313046 0.0012847586863290984 8.180849210903732e-05 0.0009659442321184709 4.395387839941227e-05 0.0010622492851799497 5.102673377112664e-05 0.0036022350651325795 0.0018763075431217169 0.0002529519255353338 0.000983223330887461 0.0001941413922811263 0.0 0.0003376127806031113 0.01271259101019746 0.0 0.00011649423678523214 0.0007650079346972513 0.00013159046207608687 0.0009850862502541798 0.001282134830156018 0.0002713445521273344 0.0019486030165474237 0.0006431579250158425 0.0010727132050436508 0.0002721971382104081 0.002369531502959883 0.001481142329986272 0.00114183705503597 0.0009097093026702903 7.90215953178446e-06 8.231261110030168e-05 2.4766850624567612e-05 0.0 0.0 0.0 0.0 8.212994190472195e-06 0.0 0.0 9.349056094351953e-06 4.5248630101549683e-05 7.319587631415447e-05 0.0 4.228283018828099e-05 0.0 5.306243297266196e-05 6.366800392224621e-05 6.0608873886314976e-05 0.00023512465896198195 0.0 1.894282877640621e-05 3.017988645010727e-05 0.0 0.0003442814894218275 0.00019612180105288437 0.00038578759992890057 0.0001217549459465132 0.00017823313083605878 0.0 0.0 0.0 2.689441784304145e-05 0.0 2.4883736575210254e-05 0.0 0.00013871562658260652 0.00019483351657823095 0.0 0.0 5.029137326167872e-05 0.00010807970705465092 2.1615761429936852e-05 0.0 6.752015554257588e-05 1.2858429307839884e-05 0.0 0.00014103792728765706 0.0 0.0 0.0 0.00022051770758829684 5.2564020894717306e-05 0.0 7.09526233381225e-06 1.1426476156530414e-05 2.1354353907632508e-05 6.216838520878803e-06 0.0 0.0 7.212600539466897e-05 0.0013527921594650918 8.170927566769386e-05 0.0 2.4095857304906745e-05 0.0001279165381694148 3.601693293561067e-05 0.0 0.0 0.00014223361221281649 0.0 0.00010130566186518601 9.386310049318582e-06 0.0 0.0 1.3980958578983381e-05 0.0 6.910399499953027e-06 4.3092197807670085e-05 0.00010618288966854461 1.0632060582881964e-05 3.290241461243244e-05 0.0007446608704181398 0.0007030896213741652 0.00040266917958999915
0.10166190682027157 0.09905872152951264 0.002771423997406605 0.0 0.003942709455745625 0.026127188748610728 0.056858511573524055 0.0001457876400922652 0.0002832522409521196 0.1617988735473723 4.864953742403198e-05 0.012324447246561747 0.08176751028287595 0.001890793436650573 0.00015766255913672556 7.59507799487648e-06 0.0 0.0 0.0 0.0 0.0 0.0 0.0 0.0 0.0 0.0 0.0 0.0 0.0 0.0 0.009752257134086803 8.402056692770774e-05 6.916476161006389e-05 5.829749388300746e-06 0.0 1.0653644870663352e-05 2.262949957789595e-05 0.0 0.0 0.0 0.0 0.0 0.0 0.0 0.0 0.0 0.00036451923155707353 0.00022088116797948595 6.903214171330985e-06 0.0 3.2356537344433536e-05 3.0470921280755522e-05 0.0 0.0 0.00035162717861451616 0.0006879339735739047 0.0025519704595807955 0.00697062841966757 0.00033774198316352083 0.0012768255635426308 6.596234329440551e-06 1.728367072753906e-05 1.5716703049628324e-05 6.863929194174238e-06 0.00025504927878033885 0.00027019687492555394 0.00011188360774700772 3.6799179645083685e-05 1.885744861377126e-05 0.0 0.0002838046003181004 0.00029426065033058465 0.0 0.0069942352146001325 0.00036020088071499494 0.0004840862034446885 2.2885792608327125e-05 8.518659672230155e-06 0.0 0.00011621553055668786 0.0 1.5463086708810007e-05 0.0006371380241730765 1.8521069317939448e-05 0.00033775629050122565 0.0003608226637197249 0.00012347735301966782 4.1645319473454796e-05 0.00011994679078582522 2.726784002870913e-05 5.242535925859515e-05 0.0 0.0 1.3364969791786313e-05 7.093673589009779e-06 0.0022086414907845236 0.0001395255237835964 1.4803380097016696e-05 8.733060447538138e-05 0.02897396894493949 6.804635722314636e-06 0.0004268158824849067 0.0004919773731988689 0.008356612859083042 0.00014277176017978818 0.002693342112020265 0.0038916921330808636 0.0007307904965362587 0.00752994802817888 0.0027610810495226007 3.7948073349526875e-05 0.004278178265532055 0.00918991321888767 0.011885457304341325 1.7528710628646215e-05 0.0 0.0 0.0 0.0 0.0 0.0 0.0 0.0 0.0 0.0 0.0 0.0 0.0 0.0 0.0 0.0 0.0 0.0 0.0 4.548224178521298e-05 0.0 0.0 0.0 0.0 0.0 0.0 8.592481620488428e-06 0.0 0.0 0.0 0.0 0.0 0.0 0.0 0.0 0.0 0.0 1.75441826621181e-05 0.0 0.0 0.0 0.0 0.0 0.0 8.767310705847269e-06 0.0 3.112360757848357e-05 3.836226372458838e-05 8.821517028362e-06 0.0 9.878113869896442e-06 0.0 0.0 0.0 0.0 0.0 0.0 0.0 0.0 0.0 1.1002874195410794e-05 7.41548608093393e-05 0.0 0.0 1.306400770459002e-05 0.0 0.0 0.0 0.0 6.016260928647315e-06 2.6277991095698057e-05 7.469116243611031e-06 0.0 0.0 0.0 0.0 0.0 0.0 7.15885433893723e-06 7.433256757587871e-06 0.0 0.0 0.0008105999696853265 9.230574683198135e-06 0.0
0.0010003785233917437 0.09485691659152423 0.03391798924528971 0.003942709455745625 0.0 0.002226319854265976 0.098762837332138 0.02425626997122298 0.23840772888866887 0.12920634095643657 0.12826869402684699 0.01549990979014207 0.032304752094869035 0.16447447725363773 0.0033583759041002467 0.0012911492664702186 4.4621686554372535e-05 1.3850336125875903e-05 8.486070256653381e-06 1.155272332541588e-05 0.0 0.0 0.0 0.0 0.0 0.0 0.0 0.0 0.0 0.0 0.002467790595562886 0.0007701317211112717 0.002546264022116982 7.797008802412243e-06 0.0 7.423324800043729e-05 0.006809269518149434 0.0002947899210900339 6.820776832251044e-05 5.790847926080467e-05 1.580857778227555e-05 8.232873647629196e-06 0.0 0.00013533677556628896 1.0294388033430754e-05 7.08982625543075e-05 0.009375603228986694 0.00041372005383369327 6.115363874513606e-05 1.4243685738048477e-05 7.307313762337448e-05 5.9315585728982015e-06 0.0 2.489186354213159e-05 0.0003218382706517147 0.0009959702679181363 0.00035119113244516415 0.001202132963465164 0.00019562712482775423 0.0028784243130652925 0.0001041373121391961 0.00027100692035182883 8.23952608476541e-05 0.0019857977859732267 0.00045617263027522955 0.0004595741410521085 0.00012706267610168695 0.00015707848915362164 7.13189633292661e-05 0.0 0.010025392199687745 0.0005523277244394623 2.3160410889043315e-05 0.0058101379800222655 0.0036119847218857326 0.007920996613572503 0.003008530216884388 0.00035762029481249485 7.232981708033596e-05 0.0012818931855253552 8.434159603221138e-05 0.00021792869203229021 0.0007202337866847526 5.103184970208024e-05 0.0006330989278491887 0.0006484344914044588 0.00028779983634842865 4.2467449817546355e-05 0.00018525586543461912 1.2634616802565743e-05 7.647441958646392e-05 0.0 0.0 2.6411586209294938e-05 1.3693333409583917e-05 0.0034959995967414944 0.0006045693044917673 0.0 0.0008698066635554936 0.0004789853147191951 7.098118908479737e-05 0.00021334348291090528 0.00478189903541731 0.0004854022650499373 0.0060825237903124494 0.008170471595092306 0.0008060338830647883 0.014927158981999412 0.0048273379522468865 0.005870542940048202 0.001532362547162769 0.017087133627059794 0.00924109088869166 0.010730091096745286 0.0039880129359183385 9.363397010600338e-05 1.9844759968278386e-05 1.4484398324281505e-05 0.0 0.0 0.0 0.0 0.0 0.0 0.0 6.119531835214002e-05 0.0 5.251362237903893e-05 0.0 0.0 0.0 1.1297366656655724e-05 0.0 0.0 0.00041085911107738765 0.0 0.0 0.0 0.0 0.001067814382399254 0.0002562114096263353 0.0013563183895871254 6.535343957989331e-05 0.0001717853131893295 0.0 0.0 0.0 0.0 2.484624565166499e-05 8.911283987862467e-05 0.0 0.00019432948968811452 0.00020794924963066228 0.0 8.912185811603006e-06 0.0 0.0 0.0 7.612541331918418e-05 0.00011398149968778973 0.0 0.0005119852399829597 0.000585733805212515 1.1009220540138054e-05 0.0001418188749871889 9.783376902198677e-05 0.0016898808456810859 0.00021915414433628936 0.00012047543170773641 3.276262425755418e-05 0.0 0.0 0.0 1.6389144084208833e-05 0.0 0.0 0.005902355783689354 6.975829210796082e-05 0.0 1.427662005323665e-05 0.0 0.0008695735641844656 0.0 6.683074199332118e-05 0.00029136960297092355 0.0002685785109695285 0.00041417713600118015 0.00010755844429814023 2.1596822171998707e-05 0.0 0.0 0.0 0.0 0.0 1.6323549838502483e-05 0.0 0.0 0.0021432569521966927 0.0024715846802875817 0.0010191916799878245
0.007664463769980366 0.026475492765743684 0.0014032911181610368 0.026127188748610728 0.002226319854265976 0.0 0.008854856414472504 5.5899783444283075e-05 0.00017459739724602435 0.054195376388755 0.0001092994879426478 0.007155903829253605 0.01140598900016923 0.0006514252296223146 0.0002339491657744344 0.0002078232571790141 0.0 0.0 0.0 0.0 0.0 2.707556065397098e-05 0.0 0.0 0.0 0.0 0.0 0.0 0.0 0.0 0.002961376047609897 0.0 0.0009122929144792559 0.0 0.0 8.200094081557352e-05 0.0018768019377667748 0.00035324735821035965 0.0007736065376862253 7.881712213487014e-05 0.0 0.0 0.0 0.0 4.099924814880225e-05 5.988403161578124e-05 0.00020212273049824913 2.102418808143428e-05 0.0 0.0 0.0 0.000772580328467199 2.1499883794987083e-05 0.0 6.37959276198408e-05 0.0004787218977609072 0.009491987909537638 0.0035965245066220874 0.00040559908164176635 0.0002902272829859167 0.00015268631444451082 0.0007908426544804164 0.00016677511531297716 0.0 0.00011743933271511926 5.0442925700662225e-05 1.2085917018136363e-05 0.0 0.0 0.0 0.009627168310786098 0.02206121968950483 0.001632440994809808 0.001991111395731373 0.00014995540267925307 0.00018013085100529257 4.2142667591263016e-05 2.7742589307027855e-05 0.0 7.169011464600418e-05 1.976526132738954e-05 4.805966746707336e-05 0.00020620433917702046 0.0002497126413367333 0.00011072814655914342 0.00016919148486864796 4.43066588949848e-05 0.0015170539241526671 0.0005576809544805067 0.0015348404753029077 0.00021527209342141323 4.268066829233663e-05 5.511830136621561e-06 0.0 7.405899262847935e-05 0.02826282959161135 0.048292114001179595 0.0006765338090843916 0.005340397005750035 0.020531418487259426 0.0 0.0 3.7743884145091945e-05 6.049350424675948e-05 8.814181075987546e-05 0.0002603209983460436 2.8521306911575808e-05 0.0002607733224339122 0.0010669353786369046 0.00028107158941417847 9.879924233086215e-06 0.00032127459483687076 0.0003981542465226757 0.0002933747332258157 3.395631845477574e-05 8.887597683256067e-06 0.0 0.0 0.0 0.0 0.0 0.0 0.0 0.0 0.0 0.0 1.625306655685809e-05 1.1330198797132873e-05 0.0 8.62858622987936e-06 0.0 0.0 0.0 0.0 3.0181176825565808e-05 0.0 0.0 0.0 0.0 2.1990462478419562e-05 3.9116184534126033e-05 0.0001192480898911234 3.0815166590256085e-05 0.0001353127625904233 0.0 0.0 0.0 0.0 7.4831079430066984e-06 0.0 0.0 0.0 3.605625341008486e-05 0.0 0.0 0.0 3.944953408594444e-05 8.384968140243985e-06 0.0 0.0 0.0 0.0 1.4692187628276383e-05 0.0 0.0 0.0 5.5636074832359934e-05 3.0458004094752825e-05 0.0 0.0 7.436632360599646e-06 1.3866163612215734e-05 0.0 0.0 0.0 0.0 0.00011830413898957068 0.0002978831525353877 0.0 1.0290789372951246e-05 0.0 0.0 0.0 0.0 6.7441243087118414e-06 0.0 2.290288936361241e-05 6.3581859607899195e-06 1.4851031887834276e-05 0.0 0.0 0.0 0.0 0.0 0.0 0.0 0.0 0.0001911198548637579 0.00016916086123694814 0.00019120931721789918
0.01648772019615855 0.27882895549361403 0.007749921770077691 0.056858511573524055 0.098762837332138 0.008854856414472504 0.0 0.0002842218616908145 0.0896617715900542 0.24710145612970852 0.008260516401690295 0.06438483845559159 0.2679586067701742 0.3030548999765456 0.0012534344373591503 0.0003990231498591313 1.3042971226761654e-05 6.707832139170618e-06 0.0 8.642383173722553e-06 0.0 0.0 0.0 0.0 0.0 0.0 0.0 0.0 0.0 0.0 0.001946674343676763 0.0001367668224157128 0.0008155556033878288 6.154771461323586e-06 0.0 2.0869546416445968e-05 0.0018234329111054734 6.804779534419645e-05 6.810258545367514e-05 3.2258957617240484e-05 0.0 0.0 0.0 2.2708649001932078e-05 0.0 0.0 0.0035261880174182864 0.0001882966016240978 1.987080060847975e-05 1.2690427220074274e-05 2.165413498948349e-05 0.0 0.0 1.0866906997560217e-05 0.0003805337527828367 0.0005931190010007477 0.0006154273347614985 0.0011795764943412857 9.52415730982143e-05 0.0013520891753873161 1.3307964457821578e-05 6.386600795896282e-05 1.9284380127328666e-05 0.0004935127137263217 0.00026382055271370977 0.0003288254858669285 7.442493975066368e-05 0.00010465493881913583 9.453870078901904e-06 0.0 0.0031938638243223763 0.00043128811179964847 0.0 0.0036418511641446265 0.0014545113914616714 0.002716308472506246 0.0010058002383113993 0.0001552757938641117 0.0 0.00019831575257222447 2.4181963723468908e-05 7.698455825119636e-05 0.0007049374241602801 3.4746843714309446e-05 0.00035094973533633656 0.00044600025563603854 0.0001803411083322369 3.417719907350619e-05 0.00016116363221394624 6.57677748223855e-06 7.010308330864047e-05 5.508502982651169e-06 0.0 1.540472528138012e-05 1.8016129091438993e-05 0.00401227815332325 0.00031880365679010856 0.0 0.00014495743266937407 0.0022769979420196257 0.00012394471405902287 0.0006073876634188611 0.005321383896602326 0.0044774595763189 0.0036907192926104136 0.009926369337208692 0.002429409304796453 0.00858710847789138 0.010073330614074743 0.00683667009320133 0.0012638780062270043 0.021368992002145933 0.013809701231787236 0.01611149493459802 0.002031702765791604 1.1206979933180378e-05 5.4521528140400596e-05 0.0 0.0 0.0 0.0 0.0 0.0 0.0 0.0 0.0 0.0 0.0 0.0 0.0 0.0 0.0 0.0 0.0 0.0003620945848904225 0.0 0.0 0.0 0.0 0.00043813602115039783 0.00021127094804711705 0.00019083385777402616 5.081774667251468e-05 5.5601017873527154e-05 0.0 0.0 0.0 0.0 0.0 0.0 0.0 0.0002093730906855482 5.989917889676784e-05 1.0033321573189986e-05 1.118965148594474e-05 0.0 0.0 0.0 9.244183059534733e-05 0.00017576038290580034 6.471538489266197e-06 0.00014728602791225625 0.00022632519200376945 4.4451806466636614e-05 1.838508724959103e-05 1.2459683144028483e-05 0.0008262284335991849 7.837262088825715e-05 5.448694319995116e-05 1.9938959295524877e-05 0.0 0.0 0.0 0.0 0.0 0.0 0.0028831546371391728 0.00014338741893787165 0.0 0.0 0.0 0.00035633647868259835 3.395805014823495e-05 0.0 0.00019358598398339305 7.153634746222809e-05 0.00015866323475155784 0.0 9.366670630778478e-05 0.0 0.0 0.0 0.0 0.0 0.0 0.0 0.0 0.002714466298923107 0.0009350516156581746 8.930228714306278e-05
0.009460817825897055 0.03590172820891693 0.15729363076801833 0.0001457876400922652 0.02425626997122298 5.5899783444283075e-05 0.0002842218616908145 0.0 0.009164122345486952 0.00010895948312350162 0.13015018833677863 0.0002197810269623947 0.00964001590333855 0.04558090132353379 0.00571489948847496 0.00410012398649087 0.00023231741549218377 8.642038897712672e-05 8.882456760272201e-05 0.0008795720839957538 0.002353444460714577 1.7418884806627595e-05 0.0013065769412470218 0.00030804619569733163 0.00012817464444119656 7.62424038430053e-05 0.00019234095394943514 9.920663640871306e-06 3.7352543489209445e-05 4.768877758328136e-05 0.14869958475436687 0.07218719727601736 0.010422025746887336 0.000621514139892862 0.0007827339269442351 0.00022660336385377813 0.001317512044347718 0.00038536653314781745 8.53747593676028e-05 0.00015669283862178716 0.0008891668007145748 0.00026283351430479214 0.0019153314897952325 0.0010802545952646634 0.00012607185339091347 0.0008004750530407872 0.012532448915656717 0.001192498374624368 0.0002887127563585179 0.002069205099805648 0.0012977562603243933 1.4987560327055292e-05 2.87695655559271e-05 8.682206702748183e-05 0.00042865923083737544 0.0010610302526137799 0.0007916512944047978 0.00826577453153974 0.00032573212922157665 0.004976136745352086 0.004110442557791351 0.0053541469353150465 0.00023336567957829438 0.008973428221943669 0.0005231128699802297 0.001783150618107023 0.001290892071616047 0.0012132790271234453 0.007587070312373185 0.0019381554230512809 0.0010943198072062993 0.0001211135190141244 0.0 0.012372606069549097 0.008868810368227398 0.013537365855030355 0.008183589032015971 0.0026967454192492225 0.05050385171909525 0.166375245362618 0.02088642119741138 0.1571842103488699 0.001237284079412163 0.00012008875559124381 0.0013897548838861342 0.002422241472034669 0.003319960436612515 7.315592312398148e-05 0.0006679594435678314 3.08599406998931e-05 0.0008468494277988701 2.85251391827796e-05 0.005148115989980495 0.001955597020864446 0.0005339334990290961 0.0012115321710330527 0.0002869706492335674 0.0 0.00019119270927026903 0.003152190933986522 0.0 0.0 0.0005220774919000457 0.0 8.659461316900852e-05 0.00047640309546039905 0.0 0.0006509945732888922 6.620525527523978e-05 0.0003377062239334348 5.948852961896836e-05 0.0006646359400648151 0.00043852145965771454 0.00027133987319714014 0.0006765934877501147 7.361227423860639e-06 1.8900066980913622e-05 1.1041809955714823e-05 0.0 0.0 0.0 0.0 1.8199407018043577e-05 0.0 0.0 3.3883075016853136e-05 0.0 3.016962676597828e-05 0.0 2.5646180578482903e-05 1.252047661739694e-05 0.0001211214003779845 1.1030283880801244e-05 6.733115919000808e-05 0.0 0.0 0.0 2.7156648999049254e-05 1.099208109213314e-05 0.00010598208518129751 4.43742745690117e-05 3.7227581419154244e-05 2.8279771171332807e-05 4.270671468885974e-05 1.1769225781763437e-05 0.0 0.0 0.0 0.0 5.5854197213586096e-05 0.0 0.0 0.0001329153745057168 1.1997812196540653e-05 0.0 5.10252126631047e-05 8.047648837070718e-05 1.9515611092255654e-05 0.0 0.0 0.0 0.0 9.652486588252517e-05 0.0 0.0 1.6440592169219278e-05 0.0 4.270424762529721e-05 0.0 0.0 0.0 0.0 0.0 0.0 2.079002091272229e-05 2.3444919010216195e-05 0.0005291232186867482 0.0 0.0 3.516771334137264e-05 8.854641877800036e-05 0.0 1.0747127535852212e-05 0.0 6.28328115247213e-05 0.0 9.587092470665605e-06 0.0 0.0 7.349497479218482e-06 0.0 0.0 0.0 1.2523219025016421e-05 3.2728134296413585e-05 4.128638978717488e-05 9.454715298811916e-06 3.2607619944295736e-05 0.00011917426794286513 0.00031472060567304595
5.8477129976719426e-05 0.02485162142969802 0.03370536509345095 0.0002832522409521196 0.23840772888866887 0.00017459739724602435 0.0896617715900542 0.009164122345486952 0.0 0.010881790791553285 0.08905416114978836 0.005061034948915728 0.02372292274205129 0.05794214482744795 0.003495616716439501 0.0017146706621106545 4.33896883531588e-05 0.0 2.0071757638253135e-05 2.4060911634961097e-05 4.599703299699832e-05 0.0 1.672775779226586e-05 9.198653000944146e-06 1.202395740992044e-05 8.2361182943212e-06 0.0 0.0 0.0 0.0 0.0013604032390750408 0.0005447423468061183 0.0015622372751671258 0.0 0.0 2.8135791653302375e-05 0.003044343512742758 8.650356398883867e-05 9.636684381759032e-05 0.0 8.372484597146306e-06 0.0 0.0 0.00011146980736274465 0.0 3.995498518600004e-05 0.006011116948097216 0.0001693153551563449 5.275192450553995e-05 6.578698174928494e-06 5.978767126941182e-06 0.0 1.1555648016557383e-05 0.0 0.00010495190505965203 0.0002755595055197066 9.719387231179604e-05 0.0007617504777908923 0.00012981306102372497 0.0015584094732674842 0.00016858788560462668 0.00011914006771658587 8.638824279832456e-05 0.0016510866928108345 0.00017596532235083647 0.00015991328861532137 8.966096019333145e-05 0.00011173680427346638 2.3521532294828814e-05 0.0 0.003952433570260101 0.00017722866180519458 0.0 0.003043401176009762 0.002492532405708156 0.00665751807161045 0.0029305870473395335 0.0005084213563212913 2.247294825316771e-05 0.0006765152502233826 0.0001556202142617321 0.00017912822783493557 0.00034528846245265215 4.383700827865444e-05 0.0002253261171260767 0.0002113825640851993 0.00014863765063418425 3.2572822499635104e-05 7.776770870318379e-05 6.222746425766251e-06 5.025396772357272e-05 0.0 9.191769399520394e-06 5.8676977475475864e-05 2.453331521216748e-05 0.0019481863178551601 0.00033077297231583533 1.2897798711048938e-05 0.0001276104270524148 8.064896743771232e-05 8.556397158223623e-06 9.659223595349085e-05 0.0010872679331476634 0.00025945735149073094 0.0018846100217322305 0.002592263237719311 0.0002648675974189967 0.0058477287570418085 0.0020806411885398043 0.002219394982413762 0.0011401431043393776 0.007298389785660133 0.0033437968392272697 0.004272507815632424 0.001250897269472822 3.109551193141814e-05 0.0 0.0 0.0 0.0 0.0 8.769088449880468e-06 0.0 0.0 0.0 0.0 0.0 7.245567953505123e-05 0.0 5.1399831684002504e-05 0.0 0.0 0.0 0.0 0.00016936495738084813 4.863172016914123e-05 0.0 0.0 0.0 0.00040007258487702416 0.0002829706920600188 0.00026997647783785035 0.0 0.0 0.0 0.0 0.0 0.0 0.0 2.0079867336209224e-05 0.0 0.00012679338337797467 0.0001651196710510245 7.340890818818142e-06 0.0 0.0 0.0 2.9353130901491132e-05 2.0564820654213386e-05 5.712787502180378e-05 1.3811912198513976e-05 9.078690488204543e-05 0.00017326539926401595 0.0 0.00010796427169708874 0.0 0.0005142675764648872 0.0 0.0 6.111677717943526e-06 0.0 0.0 5.566828241192741e-05 0.0 0.0 0.0 0.0019042552829389118 1.8993347695147816e-05 0.0 0.0 0.0 0.00022424368351406943 1.0470504616087246e-05 3.4804379109568487e-05 9.31476995497059e-05 0.0 3.714454312008381e-05 2.68642364887293e-05 0.0 0.0 0.0 0.0 0.0 6.873494282145632e-06 0.0 1.1437069707320805e-05 0.0 0.001291431733975332 0.0011074579649694874 0.0003548046413566227
0.0691817707829138 0.24664741051692304 0.010530635794417889 0.1617988735473723 0.12920634095643657 0.054195376388755 0.24710145612970852 0.00010895948312350162 0.010881790791553285 0.0 0.004642352986988827 0.1562767911158201 0.41394771501760697 0.07248976244797298 0.00019798442540811353 0.00013180894662588968 6.482221263043679e-06 0.0 0.0 5.576915427546689e-06 0.0 0.0 0.0 0.0 0.0 0.0 2.514725522851571e-05 0.0 0.0 0.0 0.0034945270313011716 3.0691168704093685e-05 0.001646744321317795 0.0 0.0 0.0 0.003296653007826945 5.364563566995587e-05 5.598982191029266e-05 8.090006538776585e-06 1.04327939929286e-05 0.0 0.0 7.54763678949618e-06 0.0 0.0 0.000695419074643317 8.323441935086344e-05 7.790805886035206e-06 0.0 0.0 8.181436979323557e-05 0.0 0.0 0.000159365115534332 0.00046148429679509204 0.003984144015173371 0.003198462452389142 0.00030569375537130153 0.0005285841329190251 1.3946181281448862e-05 0.0002785214410223083 0.0 7.443819847842343e-05 9.779536572144448e-05 0.000201710804756102 4.62492769347732e-05 1.415510362144115e-05 0.0 0.0 0.0081251858424718 0.0029818101206110052 0.00010173705356871124 0.0035999908479726547 0.0003052639797551071 0.0004317574371838001 9.172925120891092e-05 4.798561334717124e-05 0.0 9.26258242246226e-05 0.0 5.584545767809207e-05 0.0003929875875039691 5.423967272416662e-05 0.0002475510422643913 0.0002443656559453985 6.801176268882735e-05 0.00011267623934060776 0.00016773843191997088 9.980391139390714e-05 1.9790858251122828e-05 0.0 0.0 1.0612712626099699e-05 2.8541597466044317e-05 0.02753717989525743 0.0035792247556097456 3.100283131372619e-05 0.001282942439698806 0.02475111754670139 7.521251825315581e-05 0.0008439319071154896 0.005041044407221019 0.006176356843765497 0.005918848986240882 0.015206766314744016 0.005560350775131155 0.01581443797349172 0.015923917321544932 0.017521826938479177 0.002080830059212681 0.03310156825999525 0.021509723686400882 0.018718973932426223 0.0035242591363606568 2.4945800276911118e-05 2.126832903696177e-05 0.0 2.5375032880087318e-05 0.0 0.0 0.0 0.0 0.0 9.740613571686958e-06 0.0 0.0 0.0 0.0 2.0463514668075404e-05 0.0 9.649412328684263e-06 0.0 0.0 0.0004630071983909407 7.84318553578188e-06 0.0 0.0 0.0 0.0009549334621683955 0.0006121901664908339 0.0005150071414876786 4.138634255800858e-05 3.5870240750956464e-05 0.0 0.0 0.0 0.0 0.0 0.00014436388394312502 0.0 0.0001523675115974433 0.00023031587094604722 0.0 0.0 0.0 0.0 0.0 3.0716590060013656e-05 5.8008470407116686e-05 1.0688380914558678e-05 0.0001048536729493275 0.00019834760517861748 1.094978076176736e-05 0.00021666113511286465 0.0 0.0004520440648814918 3.429466545325843e-05 0.0 1.371710893717741e-05 0.0 0.0 0.0 9.032082318519893e-06 0.0 3.804112812813246e-05 0.0036250655975318185 0.00013192787559105937 0.0 0.0 1.8031743114180664e-05 0.0001407602519203992 2.2046675838450456e-05 5.0401328600936664e-05 0.00026671409591854213 0.00012148814906797217 0.00017177309779488654 1.4325150642507773e-05 4.089001570761716e-05 1.3969407560008897e-05 0.0 0.0 0.0 0.0 0.0 0.0 0.0 0.006624999465506891 0.0012212726114353939 0.00034961137374063566
0.003213385188858219 0.0852778717057046 0.19197913618509818 4.864953742403198e-05 0.12826869402684699 0.0001092994879426478 0.008260516401690295 0.13015018833677863 0.08905416114978836 0.004642352986988827 0.0 0.0009070087099313732 0.058495387742286735 0.23662505086505708 0.0018128779818761612 0.0017241821491327067 2.7006914118657704e-05 0.0 7.567288392250655e-06 1.8445735855528817e-05 9.892925173570341e-05 5.74223881098683e-05 6.954041149224805e-05 6.896485223084869e-05 2.1752671705167163e-05 2.8652740046662815e-05 8.042931051704681e-05 8.869989095028689e-06 0.0 0.0 0.03274162488977274 0.00266862769285234 0.013016878539817815 1.508114612634213e-05 0.0001453970496769839 0.0004968920482736662 0.002665608132251799 0.0009091502040906234 0.00011241003968044815 7.059938665405142e-05 8.258513264082113e-05 0.0001252158912251345 1.1432703537274885e-05 6.729317849942074e-05 6.943929498503428e-05 2.4077837139674377e-05 0.005145102291713961 9.839278269590829e-05 1.3421577939550435e-05 0.0 0.0002460490442712772 6.05893868184238e-05 0.0 3.811997150772898e-05 0.00016427881251412555 0.00034494889511395884 0.0002802624683572376 0.0010684900570475766 7.28871964385745e-05 0.0012374480837344748 8.182188275250377e-05 0.002333774178696031 1.7697493177702175e-05 0.0015135728370245557 0.00017643260040321962 0.00025007246085441675 0.00017396853876247898 4.549077889005886e-05 3.439697112060665e-05 0.00010710430888769492 0.0019401099432456703 8.784662370247298e-05 0.0 0.0031155137950782063 0.0020367033064788366 0.004188678070770665 0.0022196091526004145 0.0004425075973418266 0.0 0.022244715967784125 2.5389876515101708e-05 0.0034156555987503025 0.0002531425657974542 3.9047730355897845e-05 0.0003045543197831839 0.0004319562231208875 0.00015939191073237582 1.1598453943850039e-05 0.00020399743545405368 8.147215358715121e-05 0.0006509526979669488 1.3440751287906336e-05 0.0003833264073348579 0.0005404953441330268 0.00021494962187861827 0.0007308885583553983 0.00018229094192133657 0.0 0.0002438483636118136 0.000613600543509151 4.890555223224534e-05 0.0 9.05869523304171e-05 3.0523108093723634e-05 0.00012919862116677163 0.0007116168267857235 1.4120456800532925e-05 0.0008966302038088505 0.0003109347630417063 0.0008612032938524183 0.00014711592572643956 0.0014737607059956842 0.0007235132087555159 0.0008938219002164639 0.0007577184411159351 3.078433093403857e-05 0.0 0.0 0.0 0.0 0.0 0.0 0.0 0.0 1.2991329345585695e-05 1.8905852084270444e-05 1.7479631270035113e-05 0.0 0.0 1.1290453314236275e-05 0.0 3.854546825809068e-05 0.0 0.0 5.818205660667142e-05 0.0 0.0 3.669426780306401e-05 0.0 0.0003518975823083258 2.9621898360843885e-05 0.0001237660776465212 5.699521531049095e-05 2.839279798793683e-05 0.0 0.0 0.0 0.0 0.0 1.5761743389146194e-05 0.0 0.0 0.0 0.0 0.0 1.1448432686451516e-05 7.629789766281763e-05 0.0 0.0 0.0 0.0 0.00011270754413704773 0.0 0.0 0.0 0.0 0.00020559784928009467 0.0 0.0 0.0 0.0 0.0 0.0 0.0 0.0 0.0 0.0006379591025493685 9.236503310843876e-05 0.0 0.0 0.0 0.0 0.0 0.0 7.194732916760852e-05 1.1039154372615044e-05 4.4319338153021914e-05 0.0 4.333962274475486e-05 2.5985728729437033e-05 0.0 0.0 0.0 1.4614953620301927e-05 0.0 5.5108083895112755e-06 0.0 0.0003445347200890887 0.00037916931456992355 8.471577085694756e-05
0.007057400748237601 0.020449599407835615 0.0005504475485795297 0.012324447246561747 0.01549990979014207 0.007155903829253605 0.06438483845559159 0.0002197810269623947 0.005061034948915728 0.1562767911158201 0.0009070087099313732 0.0 0.13676093359063346 0.014233427096293404 0.0004548060982002805 0.0005620003285087761 0.0 0.0 0.0 6.747034609048973e-06 0.0 1.114724754178749e-05 0.0 0.0 0.0 0.0 0.0 1.2405046056769603e-05 0.0 0.0 0.000331712548892553 0.00011367723682976442 0.003629925504563037 0.0 0.0 0.00016306958008573198 0.019406588246420504 0.001327725160313468 7.347905856255138e-05 4.0895040496809764e-05 0.0 0.0 0.0 4.790401268945739e-05 9.848950425146743e-06 7.840694967238878e-05 0.000730686037524883 0.0 0.0 0.0 2.171117006444392e-05 3.477842001725855e-05 0.0 3.7759973064377835e-05 3.7287618895599785e-05 4.402384936842109e-05 0.00046530216951941187 9.720536097061823e-05 0.0 0.00010598842337123561 0.0004893979918066946 0.0010950729374809834 0.0003397420027640876 0.00013542476526144968 5.0906949992177314e-05 1.663787282816955e-05 1.3879220389020815e-05 1.86263107093792e-05 1.706646935779259e-05 0.0 0.009119169631576895 0.001987348414811549 2.919105926420649e-05 0.0003172739541001144 5.605341199664373e-05 0.00035044760083699484 0.0002076303786671207 0.0001653337270706291 0.0 0.0006737651938913771 2.616268477568178e-05 0.00023477793459658188 4.735205434722511e-05 0.0 1.978098184208355e-05 4.034265762584857e-05 1.0653747525067861e-05 1.60714018394234e-05 6.174970010582823e-05 8.565171231648136e-05 1.3928902722335034e-05 0.0 1.3403684413396518e-05 0.00012370104032494395 3.8077058129097023e-05 0.05575684214987455 0.0006427187651561182 1.9611901403377138e-05 0.0004871909719979059 0.0020593880940880426 9.889056829416936e-05 6.641452155545652e-05 0.002559964457388523 0.0004481418150336015 0.002947809908284126 0.006542353586402659 0.0008408882884478959 0.008875884076494115 0.0036603652121891136 0.005186659261242453 0.0009537456984216547 0.01459571284910878 0.011182471609039079 0.010130212598219206 0.0036564503713467865 8.100319085126973e-05 6.0200617799282265e-05 0.0 0.0 0.0 0.0 1.1252436646638024e-05 0.0 0.0 0.0 0.0 1.4461745279428887e-05 2.789783586549319e-05 0.0 1.0880547561329262e-05 0.0 1.3960810973171614e-05 0.0 2.2815528546602638e-05 0.0004024548563811267 0.0 0.0 0.0 0.0 0.0013617296308793606 0.00020337972168910605 0.0005084971891446135 0.000178200153828151 0.00015435662248860404 0.0 9.91899622633828e-06 1.053263163732734e-05 2.1183999882739323e-05 1.7900597315487587e-05 5.397214287398971e-05 0.0 0.00012352868166100203 0.0003484852112710822 0.0 3.0864759220889724e-05 0.0 2.6993498531130322e-05 0.0 8.706111939458401e-05 5.895914469247119e-05 2.2220992611173714e-05 0.00014489569467954547 0.00026644824259707434 0.0 7.775313993253289e-05 8.162264686293304e-06 0.0007731776418278716 0.00020184686117693967 9.972627876065163e-06 4.416016290496351e-05 1.036830400161092e-05 2.2719108238548343e-05 1.0867677385287505e-05 0.0 0.0 9.148981700579942e-06 0.005734698054920597 0.0006035334069035455 0.0 8.011483594424042e-06 0.0 0.00036514923267048585 9.056076586339812e-06 3.9049758499927084e-05 0.00018898068769757475 0.0005007377633668946 0.0002180932029109156 2.679704198557698e-05 3.1453810341079684e-05 0.0 8.781182481873192e-06 0.0 0.0 0.0 0.0 1.1001209659038642e-05 0.0 0.0043522410698049185 0.0017250296293583897 0.0008705666793503755
