0.0 0.15113246632577002 0.03206085169158341 0.08064919822452227 0.0015238614343714308 0.00016198223888059957 0.011113726614027618 0.009672234536803749 0.000502951221191627 0.05068230990045241 0.004481364419148782 0.0015206482447809523 0.001079507227794388 0.004842994690942992 0.00025947672464380234 0.00017519466903428526 7.996833466665686e-05 0.0 9.121121453433734e-06 0.0 1.2318719958608963e-05 0.00011090669478029834 6.878796413641906e-05 2.7477080645674137e-05 2.4143997797457233e-05 8.235748541505333e-06 5.28182950101004e-05 9.201378861361456e-06 3.094335450208666e-05 4.520637744466436e-05 0.06428780881195975 0.0010280727927535658 0.001587790604815658 1.8715971525612396e-05 7.279656246502163e-05 2.4382533886741394e-05 0.00031129807946033913 0.0001152546335028832 3.846630291370934e-05 0.00010648881067514924 0.0 3.171938163423189e-05 0.0 1.6512421935991558e-05 8.948499452484677e-06 2.9458189392513074e-05 0.00432981679196157 0.00010354153419123964 1.007226811331079e-05 2.282806057986534e-05 1.3986457269043752e-05 0.00016162268947096677 8.833492368116468e-05 1.1501777950287559e-05 0.001029939741579782 0.0026722890776966434 0.021447823146147516 0.08747984314255103 0.009592521665538391 0.0020198218433106403 0.0002336265395956215 0.00018372124076839646 2.96412019030228e-05 0.0005835137730174489 0.00046208632548152976 0.0002504160513199552 4.743551886864479e-05 2.4343543203636484e-05 8.997787528306167e-06 8.055473001091767e-06 0.0015257387923305762 0.0035945312202710668 0.0002926247221933077 0.015875654767537797 0.0025474376107328025 0.002834036382114464 0.00038403359651773136 0.00012938169255067216 0.0004046341226042973 0.006294091603025215 0.00011586711154029605 0.00015426692902731972 0.0021267822036703833 0.00033573205840808354 0.00017365179409546187 0.001108680211267915 6.944549010764538e-05 0.00010183159100609734 0.00018194888202777582 0.00012847881034645176 7.230985867917203e-05 4.3488129567269146e-05 0.0 1.7278224173534563e-05 2.4832022860727094e-05 0.009648764399002209 0.004899060449858523 0.0010950856452163803 0.0002665186793274796 0.0834671614514406 0.0 0.002618065659485915 0.0031183563768035203 0.0025634832219664453 0.0 0.0005571785057467463 0.0027294488783856418 0.00037485992656869206 0.0034250449396889186 0.003441354035674861 0.0005591857244566702 0.0005645480468181995 0.0003230338520584002 0.000124132512475684 8.033723965864018e-05 2.02583236798682e-05 1.2984288564684063e-05 0.0 0.0 0.0 0.0 0.0 0.0 0.0 0.0 0.0 0.0 0.0 0.0 0.0 0.0 0.0 1.16471865535491e-05 0.0 1.7729981872914655e-05 0.0 0.0 0.0 0.0 0.0001215353792699127 0.0003253372002908029 0.0005013585666530694 1.119936769667434e-05 1.823039312333574e-05 0.0 0.0 0.0 0.0 0.0 0.0 0.0 0.0 1.0473287774582738e-05 0.0 0.0 0.0 7.753891886463197e-05 0.0 7.140879358365223e-06 0.0 0.0 1.7933420893417815e-05 6.365480232821398e-05 0.0 0.0 0.0 0.00047379471175062137 0.0 0.0 1.1842761191447904e-05 0.0 0.0 0.0 0.0 0.0 0.0 0.0003273556415758015 0.0 0.0 1.6384382284635484e-05 0.0 0.0003439313550307263 0.0 0.00010277870903222648 9.059423429751243e-05 5.2946848799459956e-05 2.559409576866398e-05 0.0 0.0 0.0 0.0 0.0 0.0 0.0 1.0843679975590353e-05 0.0 0.0 0.0007194987567760592 4.465171898135328e-05 0.0001625521791482677
0.15113246632577002 0.0 0.11077539567025703 0.10164215461925438 0.0811544425490981 0.0013803733553774805 0.1780504488912216 0.17498736281836963 0.16212291566496262 0.1219257236656589 0.2501021493875786 0.020908642042875444 0.07305898214486266 0.2248339277828079 0.0029546349580440927 0.002537845908675075 0.00013331272587838202 8.377437791965489e-06 4.593721563748935e-05 1.1563768493884588e-05 3.4737404305564915e-05 0.0001312275437604968 0.00039551292599226793 0.00020900724083499476 0.00014319487866133946 6.889931525395191e-05 0.0001827689700551871 4.7808939362446525e-05 0.00011639371123799925 0.00022497129967145654 0.15431807908019307 0.008516688983385126 0.0070299319781752575 0.00019125116695724366 0.0003137109763342212 0.0001916560649350722 0.0011179414007410414 0.0005417799002763079 0.00022719682882700628 0.0005250172866826323 7.046226352388149e-05 0.000165406590868679 0.0 0.00021767210837571907 4.0685387053406924e-05 0.0001882305716005323 0.027744908282446617 0.0002427947422556716 0.00015043753273494238 1.7111765842544444e-05 9.190282659146596e-06 0.00012343219798435418 0.00020699074569203776 3.7300833869615067e-05 0.0014648103620714178 0.0045572355029302935 0.018866639139759733 0.06623931392488641 0.01080916563401507 0.0068974285560635 0.0007472848802551275 0.0005746669106002967 0.00018300157061078038 0.00972075069194591 0.0010155575297418795 0.0004666749406505725 5.2691426635619005e-05 0.0001221911333606199 7.120222051622488e-05 6.063194622755198e-05 0.002057987684773259 0.0012017324844876478 3.832893628017626e-05 0.02604505434527411 0.009190854211000785 0.01406981184031372 0.003438022328960575 0.0008385756671234683 0.0028736304829878683 0.031328537548890825 0.0006464168164584505 0.0012374019624629368 0.003882749277608698 0.0005550346473797937 0.0004529577686480948 0.0018776419794874248 0.00019622253292786662 0.00015321465880499332 0.0004760116861286798 9.675138807273211e-05 0.00015657781972409435 7.081143905196146e-05 1.1104228221698883e-05 0.0 8.007781014490145e-05 0.015119922736235133 0.00028987745470443693 9.248008185235829e-05 0.0002347352752070884 0.12040430348689621 0.00013930371796627212 0.00022678150043239809 0.000751935451381511 0.011042730012131172 2.849522820048098e-05 0.0011524359822568918 0.0007931583753710807 0.0013251766333538212 0.005672944128695074 0.006194959253165404 0.0009842969919988632 0.0021967008783283556 0.0015267062550569004 0.000738734883648643 0.0008651361401421021 4.747386172456292e-05 4.9712930734364784e-05 8.522086162707002e-06 1.1686653462799552e-05 0.0 0.0 0.0 0.0 0.0 0.0 0.0 0.0 0.0 0.0 0.0 0.0 2.7945600707232428e-05 0.0 5.5709463939598955e-05 0.00045875014317264503 2.8897969193128105e-05 1.2536005453829438e-05 8.208443490238408e-05 0.0 0.0012447461138966065 0.0006513505053585906 0.0020203439787207893 0.00036927813445682795 0.00024157651453795233 2.1099468086211202e-05 0.0 0.0 0.0 2.9789857623662075e-05 0.0 0.0 1.2168317632022534e-05 0.00011645581219156861 1.7534520970589715e-05 6.281443877312078e-05 0.0 0.00034224067106942453 8.63159024112514e-06 5.1052342043233355e-05 0.0 1.2965901978696674e-05 1.968450043980121e-05 0.00010762008255824861 0.0 1.2141543878863214e-05 0.0 0.0028641181796677413 0.00018043132090302035 0.0 1.4291335784145886e-05 6.845495435759474e-06 6.2080747214144515e-06 0.0 0.0 0.0 0.0 0.0019084557432775809 6.33228600674952e-05 1.5843835013927073e-05 0.0 0.0 0.004970467093108197 6.410725973416544e-05 0.0013180748903399101 0.00012393406451802444 0.00036462086157815085 0.0001044412437715575 2.5254326372078485e-05 5.089503310729615e-05 0.0 0.0 0.0 0.0 0.0 9.064894177366037e-06 0.0 0.0 0.0026661833836150732 0.0008300717320941571 0.0011227302743252413
0.03206085169158341 0.11077539567025703 0.0 0.0047862475688092675 0.08852288871412137 0.000724129317092646 0.007201754989378418 0.34667901885082514 0.023029581700000554 0.0008186349363986434 0.17270346398599637 0.0006210793613540444 0.003575997707210742 0.12955341094643116 0.00219644726329641 0.0019630191350768307 0.0003291530121658671 0.00010992928517966382 2.5221912398648114e-05 0.0002893211035099242 0.0004811198400781618 0.0004113684864122278 0.0009758978998848029 0.0009728455210887199 0.0003672974334287421 0.00013793544775205676 0.0007314485484634739 8.774533243379037e-05 0.00030296047904963954 0.0007622305687214771 0.26567145490535504 0.02696523799534609 0.01131681007650816 0.0006401516584511229 0.0011925646223691988 0.0005031888946198627 0.001204643208619527 0.0011798157039210997 0.00044021341226023605 0.0010581078423255042 0.0002673959903160701 0.00022700512319397972 0.0001600954515107486 0.00034374919586958066 5.888629605829979e-05 0.0006246339858023774 0.005610420470546859 0.0001415106097854757 0.00010670393120374437 0.00019605368415446451 0.0 0.00021370111129388346 0.0007311283821579319 7.647178453350632e-05 0.0003459442299238087 0.0008161580935274383 0.006066178001969805 0.03440202646961786 0.002197165634474051 0.001106041223038403 0.004035222744292924 0.0019923721124123182 0.0009225819724969573 0.004445758840612394 0.00018187701012421925 0.00018267051562056172 0.0 0.00021793727721265582 0.00019348930014276226 6.626179195193298e-05 0.002925545512684447 0.003656095607314757 0.00019220660497339294 0.005331190556492966 0.0028564787886425744 0.0031588430092788027 0.0013842470859295726 0.001253234051452102 0.017300847533360687 0.07723388781216704 0.0037743916391424436 0.008618998251164158 0.0008053768853099929 8.933720678621859e-05 0.00016637684643520554 0.0003020398195096403 0.00037738675855253064 2.068609647556971e-05 8.650740451746156e-05 8.973655633037959e-05 5.2189340612244794e-05 5.432241072768848e-05 8.978826943486951e-06 4.647566245824304e-05 0.00010328597368237321 0.016290620241906577 0.0004255078741301753 0.00039031990202547377 0.000434095261140287 0.009584985440660164 2.3648062806755983e-05 3.935039879463298e-05 0.00018809069879365228 0.00011642120199085812 0.00012829388960575842 0.0005767192231373358 0.00022203451146979392 0.0010339035546970952 0.001600848107829255 0.0023032461563880064 0.0016728516373659176 0.0013277348636723694 0.0007955938730332657 0.0004938469685196219 0.0007562478440791022 0.0 6.992408940245693e-05 8.611695162263375e-06 2.287354350236481e-05 3.269557472981025e-05 0.0 1.397193104136453e-05 0.0 4.2723862427413125e-05 0.0 0.0 0.0 0.0 6.72253756965799e-05 0.0 0.0 4.900749215612836e-05 5.320201888270153e-05 9.723571338833532e-05 0.000412208332503716 0.00012516892556458092 0.0 0.0 5.629948418957642e-05 0.0016442536553930949 0.0011886321297675181 0.0020054973532741536 0.001211557517403075 0.0008052296679120348 1.9893581010816055e-05 0.0 0.0 0.0 6.111891207080569e-05 0.0 0.0 0.00010611747666377552 3.3516652456250224e-05 7.583699170952579e-06 0.0 0.0 0.0009460475515638546 0.0 0.0 0.0 0.0 0.0 9.132817128588488e-05 0.0 0.00014355336986455105 0.0 0.005225563179719369 0.00047821459786791856 0.0 0.0 0.0 0.0 0.0 0.0 0.0 0.0 0.0019590250037801998 9.762638244726552e-05 3.194331035115841e-05 0.0 0.0 0.00525954107316045 0.00010585037033136129 0.0024297427532227753 4.335286271857046e-05 0.0002590225365947913 9.778638778095962e-06 0.00014968997474763934 0.00019642774449400924 3.330369223843808e-05 0.0 0.0 0.0 0.0 2.7679104290147004e-05 0.0 0.0 0.0030333226228327396 0.0004890812158478118 0.002355263151689353
0.08064919822452227 0.10164215461925438 0.0047862475688092675 0.0 0.0007085499498788436 0.0040086005234996076 0.05833882080592952 0.0007076228632812406 0.00048692444150946236 0.1513644101548666 0.0006614961528706519 0.1660615547192981 0.07639748858033843 0.0019508161852951273 9.663521084219377e-05 4.32358860134135e-05 3.418168763583269e-05 0.0 0.0 0.0 7.65444402813541e-06 0.0 0.0 0.0 0.0 0.0 0.0 0.0 7.785414199599302e-06 0.0 0.007492378327962325 0.00014476320110341407 0.0003904939846306345 0.0 0.0 0.0 0.0004017690337074695 1.508598096414812e-05 4.486842050093719e-05 0.0 0.0 0.0 0.0 1.2968715437629053e-05 0.0 7.711560570064242e-06 0.002523009983684066 3.5764944689459944e-05 1.7786691361210718e-05 0.0 7.78626954432437e-06 0.0 1.584962289090805e-05 0.0 0.0001957705810133546 0.0007649509028283129 0.003869865784702149 0.010123802523251282 0.001915253635387276 0.0008931745351100797 1.0708707775191215e-05 0.0 0.0 0.00027080901796566666 0.0001112365319352202 6.476917317154954e-05 1.1176522144095303e-05 0.0 0.0 0.0 0.0003223030497820722 0.0001429912593932309 0.0 0.004513022539211283 0.0009881433175986185 0.0015629774527485083 0.00019931103041753462 0.0 2.626201490993223e-05 9.762371398456179e-05 0.0 1.830555703989132e-05 0.0006632947645752252 4.086050791137936e-05 2.509545240804012e-05 0.00037675604358120127 0.0 8.121376447501837e-06 5.8688571751542966e-05 2.651976366463499e-05 1.0400679250277324e-05 9.334250611805877e-06 7.482084749710768e-06 0.0 1.0820957470269597e-05 0.005084195451745078 6.249567720168402e-05 2.54286643834402e-05 0.0 0.03391805728138024 1.8695115347895484e-05 0.0039081963791272704 0.0033948788840290193 0.0042387624127975055 3.1361287507848306e-05 0.0014499642514279056 0.0035929091700750678 0.000892544711399972 0.006691740511694786 0.007835367935813466 0.0008017062608856855 0.0011459816134828397 0.0012114280065055815 0.0005083993593715564 0.0005491084439966658 0.0 3.5596039380831e-05 0.0 0.0 0.0 0.0 0.0 0.0 0.0 0.0 0.0 0.0 0.0 0.0 0.0 0.0 0.0 0.0 0.0 4.9228272193483746e-05 4.106242114587996e-05 0.0 0.0 0.0 0.0 0.0 4.841590089196691e-05 0.0 2.1000148330056075e-05 0.0 0.0 0.0 0.0 0.0 0.0 0.0 0.0 0.0 0.0 0.0 4.287279616834407e-05 9.209519268896526e-06 0.0 0.0 0.0 0.0 0.0 4.78709185989982e-05 0.0 0.0 0.0 0.00016039739817550234 0.0 0.0 8.320610577373673e-06 0.0 0.0 0.0 0.0 0.0 0.0 0.0004556028144608762 0.0 0.0 0.0 0.0 0.0005018423658585035 0.0 0.00018528821700695354 1.0797680919726464e-05 8.574707821547181e-05 3.776686704631564e-05 0.0 0.0 0.0 0.0 0.0 0.0 0.0 0.0 0.0 0.0 0.0009070568850869404 0.0 0.0
0.0015238614343714308 0.0811544425490981 0.08852288871412137 0.0007085499498788436 0.0 4.748948141003998e-05 0.0929143047926547 0.1500923329595545 0.40619637249922635 0.011995049346965814 0.22066413073503713 0.004927886774286682 0.09430117208946959 0.4040024559681793 0.0018511279977136876 0.0016041107916828525 7.062347339046606e-05 2.140974139218816e-05 9.086565792589125e-06 4.740967229320456e-05 4.010961235033576e-05 7.83691805723812e-05 0.00013161680941556233 0.00014689434902114744 8.505829890576476e-05 0.0 4.3395689150531895e-05 1.9682044150477977e-05 3.057983498929376e-05 4.7554622628569076e-05 0.006813844588787618 0.003320587683810898 0.005919152942839237 2.6580882235499072e-05 0.00012283299907403 2.1522547127849863e-05 0.001740269056576644 0.00034472919345336075 0.0004277408539634935 0.00024309539858701428 0.0 4.019700383876198e-05 6.540159317880637e-06 7.754082443433439e-05 2.426570749877562e-05 0.00022834116234285136 0.00787262204032511 4.2767228937070316e-05 3.682379228658122e-05 6.16795732449595e-05 0.0 9.90532776962841e-05 0.0003677772831497458 4.117794323290806e-05 0.00018196394434242893 0.0005826756648853438 0.0013246319965908564 0.0027473269802247824 0.0010954423751809985 0.001106955961012238 0.00029864187545854695 9.505682712511439e-05 5.463905056532045e-05 0.00404662432452824 0.00011707689156489478 5.949279067335905e-05 1.4696743244135775e-05 2.4457245521482786e-05 2.8884129369613942e-05 0.0 0.0018619030539007793 0.0008108107470149212 5.9534908752185024e-05 0.0034708491741636716 0.0023425512152610074 0.0036610060615669343 0.001735963041052633 0.0006648749806987724 0.0027967299971507005 0.003400881815691684 0.0002804779478082875 0.0002792827199510602 0.0005406365863899056 3.3171244834754614e-05 6.59158435876213e-05 0.00023097001247596286 9.623700730033543e-05 7.10507194108781e-06 3.929711401083876e-05 5.946875921125841e-05 7.592637057745319e-06 4.299531665132642e-05 6.879371343642178e-06 2.0090759918914588e-05 2.307206794886056e-05 0.013962419064618481 0.00020287880562473538 7.598746520398593e-05 0.00031246320663259154 0.0016832494998316606 7.999178215312096e-05 2.5450639958647238e-05 0.00017564392388592 7.882620469441534e-05 1.952433414699083e-05 0.0006230923280337304 0.0005892058194634465 0.0008394683270935676 0.0016830292020065336 0.004689856997865488 0.0013333928153859008 0.0019896832231986136 0.0015388767569440376 0.0006006103395305554 0.0004887015039809505 8.778223996006877e-06 3.944307798956331e-05 1.0024699373503535e-05 0.0 0.0 0.0 0.0 0.0 0.0 0.0 1.0975979057443588e-05 0.0 0.0 0.0 0.0 0.0 1.0579671108482978e-05 0.0 0.0 0.00035836576018998586 0.00013145706081830978 0.0 0.0 3.242550395615212e-05 0.0006287955830872761 0.00033403883501741924 0.0010384521249673334 0.00024331278118980065 0.00013718613850296438 0.0 0.0 0.0 0.0 1.2860171792945748e-05 0.0 0.0 3.3041286311289805e-05 1.3013214647182661e-05 0.0 0.0 1.3477507204018917e-05 2.6772043800107964e-05 0.0 1.9670399889123578e-05 0.0 0.0 1.0513334003627538e-05 5.000977925190412e-05 0.0 0.0 0.0 0.0020447717022119716 9.970072243889617e-05 3.288445293637781e-05 0.0 2.411625429887867e-05 1.1874412936997306e-05 1.308026808661733e-05 0.0 0.0 0.0 0.0015310760170421404 9.725906709283497e-06 0.0 0.0 0.0 0.0028871056476381376 0.0 0.0002687238065824875 2.1160171621998735e-05 4.530242746935103e-05 5.3280026853723975e-05 7.03150378119194e-05 1.2170082861338493e-05 0.0 0.0 0.0 0.0 0.0 1.632567477491321e-05 0.0 0.0 0.00231655181047016 0.000252126278511472 0.0008396832214812557
0.00016198223888059957 0.0013803733553774805 0.000724129317092646 0.0040086005234996076 4.748948141003998e-05 0.0 0.001505767021105772 0.00022799286876430905 0.00011239775219074232 0.01940685254767252 0.000125104669621191 0.0021588902762957286 0.0010488259313615252 0.0009720148909043164 2.9498582814362293e-05 3.0337286894269613e-05 0.0 0.0 0.0 0.0 0.0 0.00047901959764098446 0.0 0.0 0.0 0.0 1.1526666752474219e-05 0.0 0.0 1.401382164904278e-05 0.00016415761064807614 0.00015705437377393734 0.0009323003959375772 6.120268996056061e-05 0.0 0.0 0.0005905775050704793 6.676742306658606e-05 0.0003033323358455808 3.545989789891813e-05 0.0 0.0 0.0 8.258262199047186e-06 0.0 0.0 9.393804553640994e-05 8.608604348159649e-06 9.96318572117235e-06 8.776666949349502e-06 0.0 0.0013047435366739062 0.001430344010922216 1.0288031148130264e-05 0.0 2.8552227016114068e-05 0.0018542113278836284 0.0003526290489194763 3.669172799219918e-05 0.0 0.0 0.0001363745141315612 2.5275676069069123e-05 0.0 5.8623904098678134e-06 0.0 2.048938381681197e-05 2.8058373851998707e-05 0.0 0.0 0.004506574925399149 0.02660751197414731 0.0020765832222983172 7.905848865273867e-06 1.5303577735676e-05 4.277374379055558e-05 8.26413853703006e-06 5.164679864571175e-05 0.0 0.000513419813216786 0.0 7.504169670697583e-05 5.8456812573148156e-05 4.851245308249139e-05 0.0 0.0 8.62054325781359e-06 9.616366581344288e-05 6.55900443781317e-05 0.0006586206688084212 3.164992378485856e-05 0.00022771606697306323 0.0 0.0 6.477072456468424e-05 0.0067769932132964545 0.02597574283567248 0.008063007061668492 0.001545112261892362 0.014102774885196763 2.058388610652567e-05 0.002484519439795357 0.0019032517128998144 0.0016957155046979403 0.0 0.0006824872834994774 0.002742067028858853 0.0011228518949004374 0.0034325103219372795 0.006344222725497144 0.0003649096914051728 0.0007512130961331833 0.0010509579053586892 0.00042014911880889526 0.00030318226674427216 0.0 1.906314371130365e-05 0.0 0.0 0.0 0.0 0.0 0.0 0.0 0.0 0.0 0.0 0.0 0.0 0.0 0.0 0.0 0.0 0.0 0.0 1.2831881565468267e-05 0.0 0.0 0.0 0.0002620286416403205 4.260817805102816e-05 2.3080677931338012e-05 6.784385910531673e-05 1.3242860738336772e-05 0.0 0.0 0.0 0.0 0.0 0.0 0.0 0.0 1.5354223987180673e-05 0.0 0.0 0.0 7.8247536717974e-05 0.0 0.0 0.0 0.0 1.2340271187055033e-05 6.666256485356807e-05 0.0 0.0 0.0 0.0003107577091116345 0.0 0.0 0.0 0.0 0.0 0.0 0.0 0.0 0.0 0.00018986809182993707 2.3306978467307764e-05 0.0 0.0 0.0 0.0004989860465730287 0.0 0.00028208811696009954 9.665120698576911e-05 5.041539688991355e-05 5.347686522022124e-05 0.0 0.0 0.0 0.0 0.0 0.0 0.0 0.0 0.0 0.0 0.0011959757012162723 2.7016742894230768e-05 0.00019730993280986947
0.011113726614027618 0.1780504488912216 0.007201754989378418 0.05833882080592952 0.0929143047926547 0.001505767021105772 0.0 0.008351843287812952 0.14228993723597738 0.1399325723180601 0.029062975424799985 0.023087404481977606 0.4026672110368154 0.25373479756429934 0.0013323727928569256 0.0010884056456825152 3.088023192371354e-05 2.2481949926196802e-05 0.0 0.0 1.694814757529931e-05 1.0566133249591818e-05 0.00010774078992325232 5.308815294525774e-05 4.380304009208216e-05 0.0 7.027214952376869e-05 2.6045389214064223e-05 4.1281280315765676e-05 5.405147795810213e-05 0.012247921996224823 0.0023233832233134906 0.006497812381796206 1.2763015008054949e-05 0.00011845633313992059 2.7363544607906575e-05 0.0033319895147965735 0.0002405670248542856 0.0003083398471146012 0.0002879815545211504 0.0 3.477370590723636e-05 0.0 6.159931650215209e-05 2.515333250809055e-05 7.461632632585205e-05 0.011655085940105397 0.00015764866143585575 7.20184535062905e-05 6.4883165149293025e-06 0.0 2.4431929712053912e-05 0.0002798357521952012 1.9623766308479188e-05 0.00030491905218996623 0.0008194446641794683 0.002193977171063842 0.005625212061943273 0.002118743360007406 0.0020178779653385534 0.00019120605716724086 0.00010678763193954277 1.3177023138837888e-05 0.003933865720622288 0.00019669679896382606 8.608216117431794e-05 3.304355503668421e-05 1.1499462001350799e-05 8.213304721596554e-06 0.0 0.0027570681903548336 0.0007268433704683474 2.2488897773007115e-05 0.005957817583300633 0.0028678562190243744 0.005256812731670142 0.0016329487743398927 0.0004109820441928994 0.0013932129217430677 0.0010888657273626376 0.00012210226264461313 0.000142820202420383 0.0009036748946117228 8.375330890343718e-05 0.00013419515230731505 0.0003872680536628418 8.412644206526284e-05 4.434106988239836e-05 5.244610232840012e-05 7.456202922893843e-06 2.0602665113498897e-05 7.701555165165956e-06 0.0 8.412640614876582e-06 9.213982226210065e-06 0.015940693415202645 0.0001397114819475379 0.00017048141297869602 0.0003525525288225984 0.005648214403334153 0.00018280154432261334 0.0005639398980489169 0.0068886137318268 0.019402582340896025 0.0003072690825567964 0.0029099880558640604 0.001026851666441514 0.0012614571720193067 0.018701181790566783 0.005197859304353331 0.0009898364525282805 0.0024999514037100726 0.0011930493620547584 0.0006197070864504126 0.00024168804656821082 8.3014298377302e-06 0.0 0.0 0.0 0.0 0.0 0.0 5.02265233391882e-05 0.0 0.0 0.0 0.0 0.0 0.0 0.0 0.0 0.0 0.0 0.0 0.00033188881896659047 5.156280991281698e-05 0.0 0.0 0.0 0.0005430907745980621 8.336253475549723e-05 0.0008095357027245351 0.0002529878833489446 0.00010882123065139957 0.0 0.0 0.0 0.0 0.0 0.0 0.0 1.6877499825682465e-05 3.5108771572954294e-05 7.877637121993556e-06 0.0 0.0 0.00011402400195640973 0.0 7.202534681323499e-06 0.0 0.0 5.304359054927421e-05 0.00018867402926350173 8.479084804102735e-06 9.88739925200195e-06 0.0 0.00182363342506885 0.00011484980203708609 1.5274301134771402e-05 0.0 0.0 0.0 8.920067554380109e-06 0.0 0.0 1.9000224659746906e-05 0.0016116487272505328 3.6221452013009336e-05 0.0 0.0 1.4089280879018208e-05 0.0019087738011517236 0.0 0.0004890736833602446 0.00015990573857818576 0.0001814829206840693 5.685881379285962e-05 7.3511438435407345e-06 0.0 0.0 0.0 0.0 0.0 0.0 0.0 0.0 0.0 0.0024652792922704686 0.00022086116474068904 0.0004189224700028679
0.009672234536803749 0.17498736281836963 0.34667901885082514 0.0007076228632812406 0.1500923329595545 0.00022799286876430905 0.008351843287812952 0.0 0.048314593659203056 0.0008033115227798136 0.11021243791081417 0.00032768694399077736 0.002047554194472724 0.09618678798956097 0.0057985262023898705 0.005245357176921264 0.0008481008199029602 0.00025149732943457895 1.038476225601947e-05 0.0004808303524471484 0.0009845358619785455 0.0008768268794389966 0.0025979049588402787 0.0026431406501325853 0.0010629896445247524 0.0005527170994937864 0.0017399020425217166 0.00038791589115899996 0.0007071589139264871 0.001960488811211339 0.0928581726148245 0.05127218621041226 0.02585194897519125 0.0018555191918708368 0.0036136780893276208 0.001957521104226714 0.0012667773769671302 0.0031115078843356207 0.0007748106689917085 0.003233979343294916 0.0007994968030323067 0.0003213748870197997 0.0002894178233107681 0.0027428180268484256 0.00031312089289781375 0.0032819516229043158 0.018368162431349436 0.0004089762421892464 0.00033310011546550735 0.0007098204740115691 8.30937290406782e-05 0.0007044580292679019 0.0017727897359242687 0.00040589585650693995 0.00040588399009540036 0.001241753670089787 0.005536423138442146 0.014824502518013788 0.0027901631857966784 0.0027158323350961 0.015077171318538187 0.023083197286704396 0.0028784087073307047 0.018203249885199523 0.00038171863262414775 0.0006209742570465099 6.578697253587149e-05 0.0007434834795419282 0.00084955466183642 0.00038874303012687033 0.003990123610182727 0.006665941457105699 0.00031232982939070767 0.00871864623987144 0.007211035178345902 0.009341340831610331 0.006036154833442053 0.016074170320709815 0.11997111967404468 0.24251576847080447 0.010934794532180044 0.08676152173652836 0.001331578860685901 0.00015035524537981336 0.0004904079113864985 0.0009189045558639935 0.0011454134411049686 4.751014204238429e-05 0.0002091978550055844 0.00010051727402159273 0.0002156809842471771 0.00035283231833429905 0.00013847689892127315 0.00019622068655387228 0.00032997563363655814 0.012294892486248444 0.0004894533453430821 0.0008133529153429827 0.0006936848221152855 0.0044387944735437 0.0001651734382632243 0.0 0.00016624555966647167 0.0 1.592968874418505e-05 0.00026930997179511944 7.080194845018697e-05 0.0006493692961785841 0.0007499445347705073 0.0023246636663854735 0.0006174818838689375 0.0011720036669506523 0.00037714982473808524 0.0003331021407568664 0.000315210218050141 5.897105433539899e-05 0.00015568026180799545 5.7893429061545126e-05 3.285198974404413e-05 9.647581475870813e-06 0.0 0.0 0.0 0.0 0.0 3.379064743976674e-05 0.0 3.568843523450716e-05 5.4606607991716535e-05 0.0001502938986726812 4.0747417504222846e-05 0.00013156605807504795 7.306602066286967e-06 0.00010775073081148009 0.0007371570686094329 0.00022771334596585464 0.0 1.1983255885822348e-05 3.246057175963927e-05 0.0012910098816597824 0.0017300221970411318 0.002561751136926017 0.0011476766825823782 0.0006770609499588342 8.853000413466943e-05 0.0 1.449624139494358e-05 0.0 5.944543543717291e-05 4.846386005739906e-05 0.0 3.571279194044183e-05 3.362528788753698e-05 0.0 0.0 8.26522747200975e-05 0.0015384851174745672 8.487633994583398e-05 0.0 0.0 0.0 0.00016023413641274605 3.0423265667146807e-05 0.0 9.474955218151732e-05 1.557030029366851e-05 0.004642116661672809 0.0002824468496019855 1.0370431573712854e-05 5.033955388551637e-05 0.0 8.209866049568093e-06 2.464026601343629e-05 0.0 0.0 0.0 0.001642968713447302 0.0004312623115221995 2.2941905898579373e-05 1.6420816245249612e-05 1.0923470469056954e-05 0.003330991743202616 0.00011610649100213968 0.0016180434965885207 7.813234586086277e-05 0.00032829460256638776 0.0002874043019207394 0.0 2.8110739439517612e-05 1.6181608384447306e-05 0.0 0.0 0.0 4.603530359082112e-05 1.272342172594466e-05 0.0 0.0 0.0014785022402134366 0.0014520247043724802 0.003348765547192604
0.000502951221191627 0.16212291566496262 0.023029581700000554 0.00048692444150946236 0.40619637249922635 0.00011239775219074232 0.14228993723597738 0.048314593659203056 0.0 0.0013484326975261372 0.073520272005395 0.0020292829177338666 0.0229766546232327 0.09010444445250422 0.000776092695050041 0.0006897459523400245 3.070009007248328e-05 0.0 0.0 1.0506116783089662e-05 0.0 1.8368372997799234e-05 5.128078426661735e-05 0.00010854506538029518 2.784993844768939e-05 3.3483333919191476e-05 3.444776569223999e-05 2.591116460889911e-05 5.4863994920967945e-05 3.5611740210986494e-05 0.0033274327435928504 0.0014456091147732723 0.005599752903788751 2.643401635362741e-05 2.765454272715532e-05 2.9371824184732866e-05 0.0015635763144428328 0.00016122886973710446 0.00019342317654152803 0.00023022246579570526 2.7028462314180766e-05 1.5012535053366135e-05 0.0 6.455290963369305e-05 0.0 7.583451347123217e-05 0.003536963247216929 7.904272330591263e-05 0.0 1.031853955185821e-05 2.090575312471309e-05 4.950552161070149e-05 0.0001819661824722888 2.8407904554326896e-05 0.00010554965347407006 0.0002705193324613595 0.0006858545648389298 0.0009856621640826515 0.0005868970837564924 0.0007221427364009757 0.00010840714204105853 0.00012977793332248093 5.1636205939575334e-05 0.002069046075563331 5.512395187511645e-05 5.6408225374993264e-05 1.7330192684225426e-05 2.201374779214907e-05 2.321182036896349e-05 0.0 0.0014313431081009612 0.0004215312920330547 3.343278411013246e-05 0.0018813441575520346 0.0011330303481417946 0.0019353306898369802 0.0009451449260960756 0.00022208155210407112 0.0011086278945667395 0.0034018662616001295 0.00028481702646315646 0.0002333396605664834 0.00020764681105905235 1.8449844915422107e-05 4.456855034180688e-05 0.0001010417573064537 3.455114800327902e-05 7.312507669563699e-06 2.5206836116468395e-05 1.0348787893542997e-05 8.066999536150419e-06 6.39621663979332e-06 0.0 0.0 7.1693052703869585e-06 0.003858759313029627 3.4198692766925856e-05 4.499276341358259e-05 0.0001607316324408265 0.00033488013838751745 5.053985353813282e-05 8.675940064656004e-05 0.00022758530232377667 3.5935232118103425e-05 6.133369338804025e-05 0.00030622258358344305 2.7813807116818583e-05 0.00042528883205220286 0.0009245076940146871 0.0011909589793611304 0.00015650395412239362 0.0004197479834166885 0.00043307480229238556 0.0002688909406757177 0.00014618369456940094 1.0905860078477158e-05 1.1284257002475593e-05 0.0 0.0 0.0 0.0 0.0 0.0 0.0 0.0 0.0 0.0 0.0 0.0 0.0 0.0 2.0585385952835958e-05 0.0 0.0 9.45202719065365e-05 6.795805826803833e-05 0.0 0.0 0.0 0.00028459725208771733 0.00010756294739295097 0.0003407416375361632 2.4399487138449995e-05 1.1591409563934646e-05 0.0 0.0 0.0 0.0 0.0 0.0 0.0 8.910791786467357e-06 3.5905539817001954e-05 0.0 0.0 0.0 0.0002171983684499288 0.0 0.0 0.0 0.0 0.0 0.0 0.0 0.0 0.0 0.00040163910910514074 0.00014260649128173522 0.0 0.0 0.0 0.0 0.0 0.0 0.0 0.0 0.0004591041002506694 0.0 0.0 0.0 0.0 0.0011973166409716247 0.0 0.00046745086468906883 0.0 2.4204157264827108e-05 1.934106556515985e-05 0.0 0.0 0.0 0.0 0.0 0.0 0.0 0.0 0.0 0.0 0.0003382292719191756 0.00010720206375196636 0.00014456319144325494
0.05068230990045241 0.1219257236656589 0.0008186349363986434 0.1513644101548666 0.011995049346965814 0.01940685254767252 0.1399325723180601 0.0008033115227798136 0.0013484326975261372 0.0 0.0011774326895727287 0.06854887119643503 0.4625225462543582 0.02550311070833914 0.000254443056853275 0.00021254852363492946 0.0 0.0 8.700128229102857e-06 2.9125552081065132e-05 0.0 3.7158401014642756e-05 5.071014362725754e-05 5.822767197343343e-05 1.1174963102076994e-05 2.549398717981529e-05 4.640392258106899e-05 1.2214121807634141e-05 6.873021839067226e-05 6.14245441672247e-05 0.0010448429275277632 0.0007010059703628611 0.009363821936833727 4.748369752378088e-05 0.0001243975516141593 2.4458191322570693e-05 0.008820621497198134 0.00022044473424171892 0.000155973867198879 0.0002396769202764364 1.03311821588054e-05 0.0 0.0 0.0 0.0 8.738878138653754e-06 0.0007305795514788206 0.0 0.0 0.0 0.0 0.0001303455869065062 0.0003907648601998738 1.8455181175709223e-05 0.0 0.0001188845429196691 0.0005318640618098778 0.0011734571071514424 0.00022034513047918932 6.341037260781875e-05 0.0001672277594636147 0.0003330199245696111 0.0 0.00046288250908482054 1.0053691968033634e-05 1.6295221576171405e-05 2.7144642870320694e-05 0.0 0.0 0.0 0.01114149992795454 0.001961230027276439 0.00018476564860347945 0.0006003775840019288 0.00028818258248051174 0.0001765718950935418 0.0001042423960765887 2.326704929943839e-05 0.00012105580623896003 0.0004626423840231039 8.9551521188992e-05 4.372181559921646e-05 9.81228934321595e-05 8.136883062525347e-06 1.7415383954649682e-05 3.948969693756077e-05 0.0 0.0 9.043031007492236e-06 3.456439719995349e-05 0.0 3.186117464346119e-05 0.00010087080608773579 0.0 0.0 0.05432133749087846 0.005855877522478208 0.0005642160673107431 0.0006620538855200589 0.006955310060182918 0.00025892721354660894 0.005661068056282891 0.0177322575893887 0.013405808633476917 0.00019211803156616696 0.010394978496076164 0.011975577027887933 0.005602010449840903 0.02058223772288616 0.034170772839862786 0.0026366487027258564 0.007078534898262512 0.005802044380240304 0.002897730613440071 0.0009862282499780949 2.0235813347927934e-05 7.932304690922623e-05 9.716165357150264e-06 1.3249662258677783e-05 0.0 0.0 0.0 3.317841483175013e-05 0.0 0.0 0.0 0.0 0.0 0.0 0.0 0.0 2.838781126961126e-05 0.0 0.0 0.000508844766502169 0.00025094548309995964 0.0 3.7106591467707175e-05 0.0 0.0014148382718621624 0.0006608622047494714 0.0012426992932580087 0.00015131131193466026 0.0001763139986821291 0.0 0.0 1.2608270776052312e-05 0.0 0.0 3.0125544511754212e-05 0.0 5.587997750914952e-05 3.262213680047206e-05 0.0 9.90499900065671e-06 0.0 0.00014449261951735403 0.0 0.0 4.8392483335917e-05 7.56009272073321e-06 0.00011514718597647905 0.0002763000098474902 0.0 1.8220858623620464e-05 0.0 0.0035635852737951126 0.00022764215747342177 8.831095074965174e-06 0.0 0.0 0.0 0.0 8.974064682031672e-06 0.0 0.0 0.0034480466146292427 0.00010843790518586704 0.0 0.0 0.0 0.005859668325829429 0.0 0.0017880796367909077 0.00021400395986178428 0.00034383389229049056 0.0001096413605813906 4.409673993005037e-05 1.0836965586010607e-05 8.782914424468136e-06 0.0 0.0 0.0 2.8904075662739965e-05 0.0 0.0 0.0 0.011540579483816827 0.0002370987336879577 0.0008480222904776107
0.004481364419148782 0.2501021493875786 0.17270346398599637 0.0006614961528706519 0.22066413073503713 0.000125104669621191 0.029062975424799985 0.11021243791081417 0.073520272005395 0.0011774326895727287 0.0 0.0027497013510020996 0.013786597380012056 0.12214383033637849 0.0009499203536079874 0.000993980303738055 0.00014083455954835681 0.0 0.0 1.0715867795382005e-05 4.7991034672041885e-05 0.00022533581420424063 0.0003657512056184109 0.00032603123405099837 0.0003216863209607263 8.326505405701303e-05 0.00022826136187258008 0.00010178880647671574 0.00018578861628520895 0.00032256428842306767 0.009075232584726825 0.003190894885888735 0.020055809964105328 0.0001632354459408041 0.0003771125946284541 0.00038343247673993747 0.004041809760006754 0.0018814248220135948 0.0008630422582504969 0.001192123982821004 5.696702288202449e-05 9.580786768238663e-05 3.566071035929741e-05 6.408885851553113e-05 0.0 0.0002405448617151497 0.0027943352021913117 2.9826411971053217e-05 3.301764793529532e-05 5.0248874707373194e-05 9.820444250373895e-06 0.00023682319828579167 0.0006058432015437357 3.90469429718846e-05 4.870376296893052e-05 0.00021756591992207118 0.0007002890524731085 0.0015206547363552268 0.0004030804883466986 0.0005254458995252916 0.0007646817931535099 0.0025033864534932987 0.0002771398552738581 0.001834440546041207 4.3454400650976054e-05 4.727660300202658e-05 1.8639204003977403e-05 5.905119800775284e-05 0.00010774465094668077 9.60799883568555e-06 0.004164544579340849 0.0016329703155915337 0.00010688809636775995 0.0009544183810529299 0.0007872854128738062 0.0013885165550876365 0.0006763611529311095 0.0004370800105027427 0.008879619898620404 0.04196833803204014 0.0004906041770844045 0.0020084548207315294 0.00014849440568369054 2.8360244693036483e-05 7.424491782100313e-05 0.00010316827365887368 0.00012046298583245651 1.7314561691703014e-05 3.368385372663217e-05 4.287010575666996e-05 6.267247815357211e-06 6.631778311028886e-05 3.823676723252752e-05 0.0 4.5490050593884205e-05 0.005271797843147801 0.00012360208434544775 0.00023384804727460148 0.00038036695849203177 0.0009592161536143844 5.110450609929683e-05 1.0625735346137737e-05 4.432943360248773e-05 0.0 0.00014657467889536038 0.0003183352273194999 2.787550766795828e-05 0.000292273456857198 0.0003129582197665362 0.0011231348876315753 0.0005435068652205513 0.0007633774702668582 0.00035971497005133474 0.00016645221653905875 0.00019952678281042908 1.135096457934648e-05 4.46903857508648e-05 1.079576071737711e-05 3.5084413536778997e-05 0.0 0.0 0.0 0.0 0.0 0.0 0.0 0.0 1.2175148417657404e-05 2.861362227702918e-05 2.4756680026806782e-05 0.0 5.332009104101728e-05 0.0 1.3857471816599771e-05 0.0002575795454341502 0.0002480832502297644 0.0 3.1475493986893375e-05 1.2519438637023843e-05 0.0005936463808457349 0.0001692052293372103 0.0012995449250313453 0.00041734299415823134 0.00014883669256066825 0.0 0.0 0.0 0.0 2.0115318821425013e-05 1.3461935407204538e-05 0.0 4.299418661191126e-05 5.985556658163981e-05 0.0 0.0 0.0 0.00033680347212331575 5.1469928521310896e-05 0.0 0.0 0.0 0.000102782823466495 9.089852883697796e-05 0.0 4.32459100416806e-05 0.0 0.001554486037944006 0.00027232552354448225 0.0 0.0 0.0 1.1286434606386844e-05 0.0 0.0 0.0 0.0 0.0008254548280278776 0.00011579578935867985 0.0 9.826125708104476e-06 0.0 0.001367620747506993 5.8507393642861967e-05 0.0006209889382472226 0.000122200059275247 0.00011284177121525763 8.492066622410569e-05 2.2560774664966036e-05 0.0 1.2548844936389863e-05 0.0 0.0 0.0 0.0 0.0 0.0 0.0 0.0006429968289898779 0.00045954218374149377 0.0010692443807618643
0.0015206482447809523 0.020908642042875444 0.0006210793613540444 0.1660615547192981 0.004927886774286682 0.0021588902762957286 0.023087404481977606 0.00032768694399077736 0.0020292829177338666 0.06854887119643503 0.0027497013510020996 0.0 0.13145787419261276 0.027753417189250285 0.0005825542132507077 0.0005327466432118442 9.050500242117463e-05 1.0777514471776187e-05 0.0 2.385564885242306e-05 1.2775178728375358e-05 0.00036394782167557756 0.0002368043640738323 0.00021067470877170197 0.00019304602006691698 6.553273761179278e-05 0.0001087115995350012 7.461982884943074e-05 0.00035509030004025747 0.0001631138207097658 0.00021051821593839125 0.0005854859039702762 0.014649731876482717 7.59522876556468e-05 0.000261833319083021 0.00016938972506602243 0.03045450317509892 0.0015143892597552684 0.004628140165910724 0.0026938552986197364 0.0001814561402797068 5.020231428996345e-05 1.1761980998952613e-05 3.828490465020409e-05 0.0 3.271127223436416e-05 0.0010105487587349824 1.5116555214787239e-05 1.1151250232607219e-05 0.0 1.539019901477747e-05 0.00037019240086035954 0.0022359861199415716 8.357407494143687e-05 0.0 3.817851599534133e-05 8.858622475953399e-05 0.00016519957217064066 1.066546630815324e-05 2.3599973277742097e-05 0.0003856236550916997 0.0009544462752012604 0.00012574965541399869 0.0005081855744045536 0.0 0.0 0.0 7.540552150999331e-06 9.630177937708973e-06 5.555875565766764e-05 0.013843424317913824 0.004517212150698728 0.0002196408432242181 0.0002610640229684635 0.000166745962935449 0.00031514043495693364 0.00023995822426709426 0.0001669010071367137 0.00038243115074301684 0.0015242880797881983 5.046272485616678e-05 0.0002599899281532415 3.102331792683515e-05 0.0 1.618275438675002e-05 4.465533124978395e-05 2.8852358567528162e-05 2.891985032125041e-05 4.8963729234763434e-05 0.00011939241216418208 0.0 7.202939540059228e-05 3.046734186018009e-05 1.0086002182694871e-05 0.00010661969238561124 0.053460982797587125 0.0015761652242316355 0.0006145954426146379 0.004509137606037725 0.0005625481610597483 5.075653244362602e-05 0.0003075602961750272 0.0004007149390601191 0.002726711732697725 0.00010565196228092065 0.0013218770625926753 0.001524596768777585 0.0013597331043149813 0.005152834184166665 0.008722514175562789 0.0021082715554511257 0.0032750364374921938 0.0022200590584226312 0.0013417085798966596 0.000990955749585229 7.525078791991571e-06 1.027282716285007e-05 0.0 0.0 0.0 0.0 0.0 1.264642473780099e-05 0.0 0.0 0.0 0.0 1.1769506170196329e-05 0.0 2.7145180287535198e-05 9.707389094594067e-06 5.762920868617758e-05 1.0925034832037795e-05 0.0 0.0005215715963046076 0.00015354171043603602 7.953753490840189e-06 3.1736823749372e-05 1.8789772610642577e-05 0.001504695675897932 0.0010472618550475413 0.0024550835798220583 0.0005586255494854668 0.00031970293085120704 0.0 0.0 9.25339193511342e-06 0.0 0.0 0.0 0.0 1.2467101649678473e-05 9.840515719143194e-05 8.400657142161537e-06 1.0904091523559611e-05 6.778364044223883e-05 0.00042470039877929704 0.0 2.2601464065355434e-05 0.0 0.0 9.514059237758327e-06 0.00011313272344120463 0.0 0.00013024811086386417 2.2208911385693214e-05 0.0037069444418300953 0.00041255811528664356 0.0 1.459801943578288e-05 0.0 0.0 2.007545749582778e-05 0.0 0.0 0.0 0.002601768154551702 0.00017795994532080446 1.3481505907352594e-05 0.0 0.0 0.005179396220883159 0.0 0.0012540020964753465 0.0001868151729561582 0.00020811600754797103 0.0001205483141176656 5.8198409340055444e-05 9.325660183865688e-05 0.0 0.0 3.651950306807816e-05 0.0 6.50522054773459e-06 0.0 0.0 0.0 0.004570627577425214 0.00046296083631359417 0.001549405969364944
