0.0 0.13952678805709395 0.018815530921489323 0.1553189224603582 0.01881282588131159 0.0032209057842472917 0.07707737821757922 0.0005161833847839558 0.0015776361337793328 0.13047251462003695 0.006526751812054978 0.03604349101119711 0.02639419049542544 0.004644767736222035 0.0002099531286621057 7.017170235769851e-06 0.0 3.7381366734955304e-05 7.201710884739788e-06 0.0 0.0 0.0 6.772736908565076e-06 6.949469040238822e-06 2.806150912451086e-05 2.250243410048038e-05 1.4689865636368451e-05 9.271463545854592e-06 1.7882485840946974e-05 0.0 0.027581045015182798 0.00015009016082954035 0.002976313819833558 0.0 1.4891054165489814e-05 8.865887558852972e-06 0.0005014637354284914 3.6383044628925095e-05 3.1142897785742546e-05 7.18824594697228e-06 1.4807773971913776e-05 0.0 0.0 0.0 0.0 7.88297686955764e-06 0.0019450348922127835 9.89052742763276e-05 0.0 7.611194713542514e-06 7.923342962510632e-05 0.00010521605731713458 1.0134150080249767e-05 6.51390151126639e-06 0.00048411661013293835 0.0005861511362771873 0.00809930002290745 0.02705698926021345 0.0036242191297435646 0.005400556846311567 9.618598307218685e-06 0.00016124966487340265 6.167573234957315e-06 0.0007667217123469993 0.00032632437645812955 0.0002737324744687639 0.00019077813282769772 0.00012324368290526924 0.0 2.3948868078553415e-05 0.0011451391480908435 0.0008826478707983599 8.724552238157876e-05 0.008675450761040045 0.002167401856141235 0.0028140295851269937 0.0002552046285924582 6.024295569702169e-05 1.6360443475525294e-05 0.002517855973280711 0.0 8.191811087867003e-05 0.0011513659039884847 5.943111355262276e-05 0.00014481580204139233 0.00045217410418969096 4.472439441824538e-05 3.1961979552990094e-05 0.0002277412656741932 3.5056754322623005e-05 4.734974968300457e-05 6.914239975946598e-05 0.0 1.8158870419193364e-05 0.0 0.006157446064859134 0.0017266395402864886 5.840581857322139e-05 0.00022158818436378224 0.05064259895773997 0.0 0.0 0.0 0.0 0.0 0.0 0.0001424973250895264 4.302617944427425e-05 0.0 0.00036051898557808946 0.0 0.00016948113975623214 0.00012197321867415969 4.959126987948042e-05 6.043021072221234e-05 0.0 0.0 0.0 0.0 0.0 0.0 0.0 0.0 0.0 0.0 0.0 0.0 0.0 0.0 0.0 0.0 0.0 0.0 0.0 0.0 2.6783069897303617e-05 0.0 0.0 0.0 2.6476766542655287e-05 0.0 1.8754604336580254e-05 0.0 0.0 0.0 0.0 0.0 0.0 0.0 0.0 0.0 0.0 0.0 0.0 0.0 0.0 8.69958791498935e-06 0.0 0.0 0.0 0.0 0.0 0.0 6.887862181602697e-05 0.0 0.0 0.0 0.0 0.0 0.0 2.4268432958128983e-05 0.0 0.0 0.0 0.0 0.0 1.2770585556632912e-05 0.0 0.0 0.0 0.0 0.0 0.0 0.0 0.0 0.0 0.0 0.0 0.0 0.0 8.45391591935079e-06 8.348231648121961e-06 0.0 1.3709027112023098e-05 8.253880062990909e-06 0.0 0.0 0.00012873818069194148 7.2208790995949325e-06 0.00023920241221751573
0.13952678805709395 0.0 0.07846397342623014 0.038514918132130545 0.16404459658372433 0.002032797850003369 0.1598819799774831 0.0033597447238921845 0.0839069402918914 0.024343312391033742 0.06101396764801559 0.004456083960189054 0.04085836040493527 0.07725685812376729 0.0014324137020283259 9.48123124579704e-05 3.2646397058696224e-05 1.3395310489418603e-05 0.0 1.2888041863644322e-05 3.568105313582733e-05 1.3549292906987407e-05 2.155446411434789e-05 4.217306764598338e-05 0.0001409533554814298 7.758819074154686e-05 9.170486104423278e-05 8.753434435955948e-06 0.0 8.901237292713578e-06 0.11236292985423128 0.0014333365565924836 0.01413636767371919 2.207280743920304e-05 5.9221733935714315e-05 2.5953795437870635e-05 0.0032011493656086297 0.0003190240153071521 0.0001630284098331989 8.798638667483006e-05 9.903011794234265e-05 3.3128582510872815e-05 7.755171314136868e-06 1.6094493590106266e-05 6.425649555071614e-06 3.051209417168434e-05 0.013982664228867618 0.000421004108395849 3.375008315720136e-05 4.777052099505169e-05 0.00019478526269627955 2.4367810880055426e-05 1.1062445800070846e-05 1.885278824167199e-05 0.0008719059170876142 0.0011566026600664083 0.00644541255789175 0.027046283048178386 0.005117840343319085 0.013914587925175283 3.597662853035556e-05 0.00024651618924462714 0.0 0.003932691922023584 0.0009211805514529199 0.0007146350266636132 0.00047559815776904824 0.00028168583162979747 7.630328585254171e-05 2.117227839895902e-05 0.0011210421408904036 0.0 1.1800959544945833e-05 0.016036852363465547 0.006252804552920799 0.010303287149667339 0.0033293052425919303 0.00023268029040198385 9.028553003554797e-05 0.013100012475033897 2.9309272703149016e-05 0.0005138221084474888 0.0026423993545356393 8.246519109068722e-05 0.0003753464828779483 0.0009600831149291861 0.0001317859422890302 0.0001057510793923825 0.0004925771565391256 2.64434399121111e-05 0.00021320173149810077 6.84976587826969e-06 3.541921560755829e-05 6.747078390844407e-05 4.477236291450818e-05 0.00020329697101494542 0.00011305960076090572 5.991400075153554e-06 0.00012799883289929602 0.05896886046182034 0.0 0.0 0.0 0.0 0.0 0.0 0.0 3.617091094548563e-05 1.0141926073541689e-05 0.00013118985832515673 0.0 5.0191336655741154e-05 4.1486377318758576e-05 0.00013478726071053092 0.00010248816489200033 0.0 6.640379095055216e-06 0.0 0.0 0.0 0.0 0.0 0.0 0.0 0.0 0.0 0.0 0.0 0.0 0.0 0.0 0.0 0.0 0.0 0.0 0.0 0.0 0.0 0.0 6.434135453663502e-05 0.0 5.7806315178865105e-05 3.658940667974251e-05 0.0 0.0 0.0 0.0 0.0 0.0 0.0 0.0 0.0 0.0 0.0 0.0 0.0 0.0 0.0 6.709726887209168e-06 1.5838761203316593e-05 3.820403165521559e-05 6.0642378583419e-06 1.6107117313797247e-05 0.0 0.0 0.0 3.223152416776235e-05 0.0 0.0 1.3318299711106206e-05 1.9263606657158382e-05 1.219003704171395e-05 0.0 2.2865434512130502e-05 0.0 0.0 9.456220121137617e-05 0.0 6.214621687777311e-06 1.7345603282403993e-05 0.0 0.0 0.0 0.0 0.0 0.0 0.0 0.0 7.107353787065639e-06 0.0 5.301122184881544e-06 6.516715113262843e-06 0.0 1.2977337344247263e-05 1.8105080677420663e-05 0.0 6.596677858403413e-06 0.0001678469254076113 7.137074938797567e-05 8.665624199839496e-05
0.018815530921489323 0.07846397342623014 0.0 0.0014961880372089365 0.06936806021266384 0.0 0.015164311059635541 0.08118983814948452 0.09044478913654432 0.0004985910268424491 0.19396940591172332 0.003333297505131781 0.03042458864690009 0.13401423770222984 0.0013482672214003638 0.0003759690259461763 2.823055897612532e-05 5.665812631994194e-05 0.0 5.941863756508677e-05 0.00047886608592737664 0.00014540455211793025 0.00045290581325136764 0.0003244525891421876 0.0020704471213715257 0.0005506135955858256 0.0010605747017596433 0.00019359369232820417 0.00013349475512710435 0.00016765649295257985 0.1766047539688451 0.011370740429714254 0.01762105290026596 0.00011592380349295001 0.0009127168888061208 0.0009740088450716215 0.007125009900875583 0.0033840716339074814 0.001459582557056033 0.001173083616002838 0.0008755129366556739 0.0003240591429550155 3.096550635391446e-05 0.0 4.06271008435229e-05 4.082386224928346e-05 0.008518667539946095 0.00019482074748744605 6.688761142301116e-05 5.5726245793345205e-05 9.21637427717232e-05 0.00011721992530464789 0.00012707024060465633 0.00011825067274042598 0.0003149685509094458 0.0004389548340077875 0.003138012849580049 0.01733256756447208 0.002374619039103996 0.006510892855098773 0.00034596525274474337 0.0026180474611237742 4.510657462109115e-05 0.008471104805994247 0.0003249345816553558 0.0003128346780007955 9.440608213210315e-05 0.0001478090638811575 0.00014141641296031582 0.000283768114852625 0.003288254261913308 0.00011240650607632816 2.43081817013806e-05 0.008757860562097701 0.00483850696905931 0.007198430414443405 0.0028317026626858083 0.0005095769921708535 0.0015960826878363569 0.07356510171230791 0.00011010997786605534 0.015355900723700208 0.0010479770893315468 3.169788518957736e-05 0.00013472005454136994 0.0004294147315579914 6.896569739552496e-05 2.6051273186191705e-05 0.00017778926324329262 2.578729458618399e-05 0.00011833150977490166 7.8663681284622e-06 0.0004392775327681134 0.0003473768761156706 9.81224733114697e-06 0.000735942931262884 0.0005187160907368922 5.9266508464507004e-06 0.0011387745620781604 0.006061005950242673 0.0 1.804448514994102e-05 1.7842791120617705e-05 0.0 0.0 0.0 7.122006126616133e-06 7.34623653462655e-05 3.13155291366068e-05 4.118957979342585e-05 4.641797444598098e-05 0.00018967719803945207 0.00013647206587216555 0.00025764658209965113 0.0005191057663445863 3.798541191356879e-05 5.5157819360695436e-05 6.697755297366502e-06 0.0 0.0 0.0 0.0 0.0 0.0 0.0 7.785032208836293e-06 0.0 0.0 0.0 5.9773910493824224e-06 2.612799124846568e-05 0.0 8.551371617499482e-06 0.0 4.1080772666532854e-05 7.252183178077019e-06 0.0 0.0 0.0 0.0002936306404355921 2.3914318214696108e-05 0.00032248419285471657 0.00021110996394487573 3.805514117370502e-05 8.169183697093372e-06 7.028099403712969e-06 7.881748674955743e-06 0.0 0.0 8.279719557501436e-06 0.0 0.0 0.0 6.361505603600756e-06 1.2629383970233342e-05 0.0 5.1398173460667974e-05 3.885088062846476e-05 0.0 0.0 0.0 0.0 0.0 0.0 0.0 0.0 0.00010887095387324236 8.55557548286487e-06 6.013088073458109e-06 0.0 0.0 0.0 0.0 0.0 0.0 1.2653263204418752e-05 0.0004561922833996554 2.893024291868289e-05 1.24609239607302e-05 0.0 8.271799686834699e-06 2.2893542969379554e-05 0.0 5.14722041581824e-05 0.0 0.0 2.5453624211333096e-05 0.0 8.769935682461005e-06 2.8590469607369863e-05 0.0 0.0 0.0 7.583620421719521e-06 1.969031993940922e-05 7.309295880828293e-06 2.3758067385643088e-05 0.00037148949263314263 0.0003298967563078802 0.0005739587999537478
0.1553189224603582 0.038514918132130545 0.0014961880372089365 0.0 0.005027439269828981 0.017514582787353496 0.05346254887468526 0.0 0.0004363110194412154 0.12066231940251569 0.0003696721174250889 0.07043445266387856 0.05219273417715746 0.0007865303744590954 8.712292838440146e-05 5.224752515331271e-06 0.0 0.0 0.0 0.0 0.0 0.0 0.0 0.0 0.0 0.0 0.0 0.0 0.0 0.0 0.0028589659732100835 7.025953866814381e-05 1.2646075950729537e-05 0.0 0.0 0.0 4.44368877330475e-05 6.237147041378225e-06 1.6074437304558273e-05 6.979521771438004e-06 0.0 0.0 0.0 0.0 0.0 6.9653413055765705e-06 0.002324673431774342 4.052379247836866e-05 0.0 5.727921462804686e-06 2.788469926597945e-05 1.0484316740316929e-05 0.0 0.0 7.562928374576212e-05 0.0001325531493719768 0.0010187547047814302 0.0022408824068159213 0.0007597822336886142 0.002079507612175517 0.0 6.257679059395443e-06 0.0 0.00023861166770288545 9.722869879028177e-05 9.75283567742273e-05 8.957610046805006e-05 1.8923673482095564e-05 7.179331062276622e-06 0.0 0.00024314211100517823 0.00013114060099631797 7.129779363636506e-06 0.0020092413250521143 0.0007209934215391446 0.000927021500445612 0.00022657951320298106 0.0 0.0 0.0 0.0 1.395338271237021e-05 0.0005024258412288861 2.4378222420201783e-05 3.993180543652446e-05 0.00013045452256137686 2.019274138603875e-05 0.0 4.981374895254907e-05 6.280364828000464e-06 2.763654883096471e-05 6.961843596981843e-06 0.0 1.5644428072790043e-05 0.0 0.002717271616724334 0.00027097017495463855 1.4048565037745906e-05 8.024199293370118e-05 0.056434697634700555 0.0 0.0 0.0 0.0 0.0 0.0 0.0 0.00011426243215201865 0.0 7.050463680804602e-05 3.60949723568055e-05 0.0002211803620154688 2.923040750533896e-05 0.00013055447103151377 0.00017177202477613714 0.0 0.0 0.0 0.0 0.0 0.0 0.0 0.0 0.0 0.0 0.0 0.0 0.0 0.0 0.0 0.0 0.0 0.0 0.0 0.0 0.0 0.0 0.0 0.0 0.0 0.0 0.0 0.0 0.0 0.0 0.0 0.0 0.0 0.0 0.0 0.0 0.0 0.0 0.0 0.0 0.0 0.0 0.0 0.0 0.0 0.0 0.0 0.0 0.0 0.0 0.0 2.531652836703179e-05 0.0 0.0 0.0 0.0 6.28876153364505e-06 0.0 0.0 0.0 0.0 0.0 0.0 0.0 0.0 0.0 0.0 0.0 0.0 0.0 0.0 0.0 0.0 0.0 0.0 0.0 0.0 0.0 6.5438009937674885e-06 5.798780243021389e-06 0.0 0.0 3.521678675624022e-05 0.0 0.0
0.01881282588131159 0.16404459658372433 0.06936806021266384 0.005027439269828981 0.0 7.456066458765678e-05 0.08701889083548149 0.02557239603493657 0.14861906356662352 0.00876072144131751 0.031161701103871214 0.00027494928181038945 0.0173378196564449 0.0876872009736044 0.001332330005626089 0.0001464835332032941 3.5184967254978614e-05 2.1840415159883943e-05 1.3673296461434523e-05 0.0 9.044164305102354e-06 6.903324644486651e-06 7.721329260813157e-06 7.207262015637961e-06 3.158408149362169e-05 0.0 2.7647103697231576e-05 7.1915446527612246e-06 6.868038304871655e-06 0.0 0.012820053297036655 0.0011124368163598554 0.0007406134808092628 1.772280786385087e-05 3.171997394976502e-05 0.0 0.00016692759142910226 8.915051174459093e-05 2.676336806827673e-05 3.358713072950593e-05 1.8360074934689706e-05 3.3392654824113175e-05 0.0 8.193512754795457e-06 0.0 0.0 0.010797290993152664 0.0002360097087735364 3.067101196908744e-05 2.8757768675296875e-05 9.045184731954949e-05 1.5828641276700045e-05 0.0 0.0 0.00034723276831655057 0.00045483703901199327 0.00149097642053255 0.004010602447146357 0.0015096940748440082 0.005506349555326905 1.2210699707002557e-05 0.00010512588644468792 7.1795179374875934e-06 0.002463293489831791 0.00030200336817147206 0.00025972450490088924 0.00014728388775913425 0.00011121968255911324 1.3502123729473595e-05 1.7850547268754477e-05 0.0006292335739800329 4.921833862144195e-06 0.0 0.005860773093783912 0.0029413879828969333 0.006688547910519093 0.002769964638047991 0.00011513943420958106 0.0001214422521768679 0.00031760605140915515 2.1890488345100993e-05 0.00015444262120413083 0.0009948942981357091 7.300659379559009e-06 0.00015113776286583599 0.0004032970542776593 3.6967968449299745e-05 2.9784088987714202e-05 0.00014425531532456443 1.2102519356259623e-05 0.00011670828578345239 7.987095578547069e-06 1.5435685154609237e-05 5.67998868782115e-05 3.1225416697116957e-05 0.0008497727219438057 0.00017788043519356556 0.0 0.00022091284987533629 0.0016233952738808637 0.0 0.0 0.0 0.0 2.172084203632349e-05 6.036157074059198e-05 7.816040815008403e-05 0.0001714949974353657 5.156347643673975e-05 8.43899699321615e-05 1.175897105543412e-05 0.00016153082882651367 0.00027389248209593725 0.00024072492921289797 0.000524821024944644 0.0 0.0 0.0 0.0 0.0 0.0 0.0 0.0 0.0 0.0 0.0 0.0 0.0 0.0 0.0 0.0 0.0 0.0 0.0 1.8004261225474492e-05 1.5432819734707675e-05 0.0 0.0 0.0 0.00027888672321165387 0.0 0.00023653970781951483 1.9115734893612048e-05 0.0 0.0 0.0 0.0 0.0 0.0 0.0 0.0 0.0 0.0 0.0 0.0 0.0 0.0 0.0 0.0 0.0 0.0 0.0 0.0 0.0 0.0 0.0 2.2596031018461523e-05 0.0 0.0 0.0 1.1316885495504381e-05 5.686726779498862e-06 0.0 0.0 0.0 0.0 0.00043989240678638566 0.0 0.0 0.0 0.0 0.0 0.0 2.2172811034770935e-05 0.0 0.0 0.0 0.0 0.0 0.0 0.0 1.5950379727188815e-05 0.0 6.053383660984894e-06 7.2772139825152905e-06 0.0 0.0 0.0006596650598877801 2.477619771278195e-05 0.0001712511291438283
0.0032209057842472917 0.002032797850003369 0.0 0.017514582787353496 7.456066458765678e-05 0.0 0.0005888803732115828 1.2048138118612668e-05 1.2386689850375511e-05 0.03809855005704373 4.315612993021387e-05 0.01061729121225527 0.0053792773241429365 0.0008424149079661682 0.0 1.979335929246035e-05 0.0 0.0 0.0 0.0 0.0 0.0003585739630246019 0.0 0.0 0.0 0.0 0.0 0.0 0.0 0.0 0.00044482836157892585 5.6784133132550323e-05 0.0008292768066738346 0.0 0.0 0.0 0.0023146303941089 0.00015949966727460025 0.0002039363598636221 0.0 0.0 1.535559451846883e-05 0.0 0.0 0.0 0.0 1.162596110807594e-05 0.0 0.0 0.0 4.3899882244793464e-05 0.0018832991872531003 0.00019269075596038996 3.5758531929048625e-05 1.4617747791308514e-05 2.6444381454471986e-05 0.0013003098406294616 0.0006832795095393844 4.639763536697214e-05 0.0 0.0 0.0002212100580851297 0.0 2.3742432710912804e-05 0.0 4.493284406913345e-05 6.013690318791401e-05 6.405967075070997e-05 0.0 0.0 0.010022242581150873 0.010108475966993423 0.0014188704307477895 8.585495913029734e-06 0.0 0.0 8.457093900445925e-06 0.0 0.0 0.00013040027307350987 0.0 0.0 1.3409773748740889e-05 0.00011373161835217059 5.4424924550998705e-06 0.0001413641347578602 0.0 0.00022317094353263177 0.00019681925824659892 0.0004906951142392613 0.00023673640307475828 0.00019293182718756017 0.0 8.826051717420436e-06 0.00011814931361051069 0.035833279725731755 0.022814904453956675 0.0014042938572433777 0.0037186740315085843 0.014994571602661062 0.0 0.000260573087593772 0.0 0.0 0.0 0.00028752989961937386 8.051950317324788e-05 0.00016945345355978426 0.0 0.0006308495996927068 0.0 0.0003148171246581109 0.00033733967237458746 0.0004582219356172691 0.0001758585898394852 0.0 0.0 0.0 0.0 0.0 0.0 0.0 0.0 0.0 0.0 0.0 0.0 8.559034603657923e-06 0.0 7.818986718039175e-06 0.0 1.9682029074592088e-05 0.0 0.0 0.0 2.213878210623625e-05 0.0 0.0 0.0 1.603783787717769e-05 8.31872190241778e-06 1.4993427052080586e-05 8.315428709171933e-06 1.254039939706104e-05 0.0 0.0 0.0 0.0 0.0 0.0 0.0 0.0 0.0 0.0 0.0 0.0 4.4111363243130295e-05 0.0 0.0 0.0 0.0 0.0 0.0 0.0 0.0 0.0 7.608486952373521e-05 0.0 0.0 0.0 0.0 0.0 0.0 3.566896302630809e-05 0.0 0.0 0.00045040642621141516 0.0001271171788066144 1.5230054067006404e-05 0.0 0.0 0.0 0.0 0.00011407714896349354 0.0 0.0 0.0 0.0 0.0 0.0 7.421661354290082e-06 0.0 0.0 0.0 0.0 0.0 0.0 0.0005026923903277398 0.0 1.9004276233489634e-05
0.07707737821757922 0.1598819799774831 0.015164311059635541 0.05346254887468526 0.08701889083548149 0.0005888803732115828 0.0 0.0006497569362020816 0.0665100239188219 0.06285990602370443 0.02543081569272593 0.01091891621049368 0.14560597059065924 0.15096164698521383 0.0012335554309903078 0.0001279017173250564 1.4380982962805277e-05 2.9937076942508403e-05 0.0 1.1516074073990336e-05 6.135129713817182e-06 0.0 0.0 7.924478601513939e-06 1.662432725979175e-05 2.3741792153404994e-05 2.1247032342127713e-05 0.0 2.479367026938061e-05 0.0 0.0077770062294325055 0.0007421128142533986 0.0013520443740347573 0.0 2.714054288199089e-05 1.196615447517292e-05 0.00037762486600136466 1.215155673462884e-05 2.902994608065202e-05 3.5522574136854713e-05 3.115708045662121e-05 1.0067323725308154e-05 0.0 1.683796917502242e-05 0.0 2.4617401191326974e-05 0.01008095044960049 0.0001695681502877216 3.556687017690663e-05 1.898840451940619e-05 6.435239395544007e-05 7.497840289849216e-06 5.946617277546218e-06 6.716610399773766e-06 0.0003409805499823465 0.00042137642224906064 0.001531358947479019 0.004196264823665845 0.001408437913721188 0.006511075668116736 7.450437931762424e-06 0.00020753396235431072 6.7392041089090754e-06 0.0019265176122278303 0.00036578363347031874 0.00032612387368936944 0.00012843158407000043 0.00012249430283544242 0.0 1.3814495842816862e-05 0.0011216194336973698 2.0039774378908323e-05 0.0 0.006200047216756837 0.0027873258798639046 0.006480070483580122 0.0022335370170079145 0.00013090529588922665 2.3874703977496054e-05 0.00013489340472785404 0.0 0.0002403583445457265 0.0011699749749823002 3.10066795383022e-05 0.00012611954246094542 0.0004241334396443909 5.4207515915070205e-05 2.7735051361047425e-05 0.00019352443714677422 7.371630615654881e-06 8.677999638589411e-05 7.062208264122554e-06 6.115813762807051e-06 3.221505489400726e-05 0.0 0.002748385524045932 0.00023959075709730632 0.0 0.00024268968281189088 0.004345807403744455 7.2984334146566425e-06 0.0 0.00015909124846912376 3.4904435039306415e-05 0.0 0.00026870656269044926 0.00013087502320755794 6.842447646556502e-05 0.0001135176963997506 0.0001016729678138729 0.0 0.0007520603377383706 0.0005511920482318593 0.0005675341437589422 0.0007081263780546634 0.0 0.0 0.0 2.7360722673333995e-05 0.0 0.0 0.0 0.0 0.0 0.0 0.0 0.0 0.0 0.0 0.0 0.0 0.0 0.0 0.0 5.2912144911742075e-05 0.0 0.0 0.0 0.0 0.00042821951519391203 0.0 0.00037449565161873637 0.00022675975461959006 0.0 0.0 0.0 0.0 0.0 1.1477329716090905e-05 0.0 0.0 0.0 0.0 0.0 0.0 0.0 3.435696453923799e-05 0.0 0.0 0.0 2.3641841478250825e-05 0.0 0.0 0.0 0.0 0.0 9.745824825112602e-05 6.409412249130016e-05 0.0 9.156152169362035e-06 0.0 5.652952530455234e-06 0.0 0.0 0.0 0.0 0.0009076261903138098 0.0 0.0 0.0 0.0 0.0 0.0 0.0 0.0 0.0 0.0 0.0 0.0 0.0 0.0 0.0 0.0 1.1757670646517652e-05 0.0 0.0 0.0 0.0010409099666352534 9.426796481356614e-05 0.00042749989513924595
0.0005161833847839558 0.0033597447238921845 0.08118983814948452 0.0 0.02557239603493657 1.2048138118612668e-05 0.0006497569362020816 0.0 0.00757014550404399 1.6735682835358262e-05 0.16697249446464585 0.0003924860504520861 0.002906567987339016 0.034545191839768535 0.001583913148083639 0.0026345642530003666 0.0002678137335704024 0.0006664587295762455 1.6411561838913432e-05 0.0013054940263401453 0.004992948690065152 0.000161298884165694 0.0032700731538952634 0.001710299276026222 0.007328780488645716 0.001930072641899439 0.003689854578578547 0.0005194064017024228 0.0005916606882678018 0.0004046442310584997 0.06426517352615467 0.13095454372877374 0.008120716235197209 0.0013711980572750457 0.007803586282841399 0.006022194814498679 0.007083591833337113 0.01001436210421961 0.0022555060205043387 0.0032909259572690987 0.004134733371106736 0.0006630313500063423 0.0009878552789353763 0.002001625370257608 0.00026529771408541916 0.0013996757832484968 0.007227069087932628 0.00010037514042134098 0.00019310698824445135 0.0007089963152369935 0.00010732756253091655 0.0002232942001374893 0.00021757477570861355 0.0002716376265064566 7.990612746418931e-05 6.943206460528614e-05 0.000723960741902352 0.004532909131175391 0.0004937538981662714 0.0018093757996588597 0.02604604427336011 0.020456729262002742 0.002707041812996274 0.060992518615697995 7.537262635424089e-05 6.958484253218836e-05 4.6675729384832754e-05 6.555030595309365e-05 0.0011980257765431004 0.00371381671369457 0.002494150543515333 0.0001747896173273673 2.6116332219816587e-05 0.0026289763517859757 0.004316474155888869 0.006819230677171108 0.008436645035282532 0.017171613997031043 0.08034946992804537 0.19092373692340192 0.02107890859775346 0.22268093142468712 0.00016942364779051584 0.0 4.082382035395593e-05 5.272211101357647e-05 8.00533911942321e-05 0.0 3.585466075807399e-05 9.589317883307324e-06 4.766037321767762e-05 1.8824853980784798e-05 0.0027269308612168203 0.0010687352473017046 0.0001139668501424387 0.0002205680105369176 0.0004033295011063253 0.0 0.001643434629306497 0.000259455900174715 0.0 0.0 0.0 0.0 0.0 0.0 0.0 7.232468449699287e-05 0.0 1.2590720095463116e-05 8.19878925079657e-05 0.0001221715908450131 9.19687349059216e-05 7.907824547314244e-05 0.00018383573362398015 7.367571178918619e-06 0.0 0.0 0.0 0.0 0.0 0.0 0.0 1.0503907215973268e-05 0.0 5.6573510988427924e-05 0.0 0.0 2.4022985874248766e-05 0.0 6.258610238175303e-05 8.235295075195374e-06 3.334433297383789e-05 0.0 1.4804302723525905e-05 0.0 0.0 0.0 8.82390347937573e-06 0.00031245309921640156 1.2667471232995668e-05 0.00040477232326616147 0.00012343364679413753 0.0 2.7077990401711985e-05 3.31799434261572e-05 8.596882622049863e-06 0.0 0.0 0.0 0.0 0.0 3.478536190340481e-05 0.0 2.3460296345199528e-05 9.01128363929467e-06 9.109803533888136e-05 0.00012966633363689636 0.0 0.0 0.0 0.0 0.0 0.0 1.0725661389624733e-05 0.0 7.712210632524651e-05 6.6594673780354614e-06 0.0 0.0 0.0 0.0 0.0 0.0 1.1751830107106912e-05 8.286300982704341e-06 0.00034145198873175646 4.693074017973109e-05 7.191701870490337e-05 0.0 5.044310607529875e-05 0.0 0.0 0.0 0.0 2.0310045546860697e-05 4.895166493911435e-05 0.0 0.0 0.0 0.0 0.0 0.0 0.0 0.0 1.7406370801228246e-05 1.91778105389131e-05 0.0001827295486896894 0.00030990477016507544 0.0005416606870216513
0.0015776361337793328 0.0839069402918914 0.09044478913654432 0.0004363110194412154 0.14861906356662352 1.2386689850375511e-05 0.0665100239188219 0.00757014550404399 0.0 0.009228430565034649 0.057523315948011036 0.0014042880955333333 0.06291111951263875 0.07920013486533006 0.0008850025183017534 0.00017673868057494467 0.0 6.4750375311817645e-06 0.0 8.160043900639378e-06 1.3864870564141285e-05 0.0 7.20370642534072e-06 6.870320497713605e-06 4.272226357204101e-05 4.2152487117586914e-05 2.4040879037885695e-05 6.776435273728517e-06 0.0 1.752730386917061e-05 0.007082601006635931 0.0011428738021318505 0.0019463520923355192 0.0 3.117070691190145e-05 2.7163517507854167e-05 0.0009623685976568567 0.00013250885222941628 4.7611874414768933e-05 4.7643659738263346e-05 4.315612000763629e-05 0.0 0.0 0.0 0.0 0.0 0.0067578744507169 3.441976398144761e-05 0.0 2.5171121261503907e-05 1.268348406818238e-05 0.0 9.688690292690668e-06 2.9713553242522962e-05 4.2807152876946927e-05 0.00010594432434690177 0.00043103658182370107 0.0009211558640799167 0.0004687390878205403 0.002235701923880435 6.8490045960680635e-06 0.00015736095545561976 0.0 0.0018243224847555167 0.00014013090665285888 0.00012062177849248849 7.29708510174067e-05 3.6280489277157836e-05 7.032750336323485e-06 3.450696745194543e-05 0.001975191568475847 3.564148685775221e-05 0.0 0.0020052310607515276 0.0013046962224379963 0.0037690949650330398 0.001994731680435945 0.00016070022639544875 5.490821196054029e-05 0.0010667871730043583 2.3176266972186918e-05 0.00029001289400992027 0.0002886770218012079 5.974946787773435e-06 2.4617333387046893e-05 8.885917108566943e-05 2.1201651984848714e-05 0.0 0.00010315636780344239 0.0 1.859738164617933e-05 0.0 1.3031562576924591e-05 1.4509716830483497e-05 7.211943818489818e-06 0.0019012519409296444 0.00011240603034385896 0.0 0.0004271035691995603 0.00020463647984833856 0.0 0.0 0.0 0.0 0.0 0.0 2.489261380291105e-05 0.0001231242420827431 0.00015954495061112076 0.00029357663460213005 0.0 0.0008536751316849463 0.00021159276845564214 0.00031848151932597395 0.0007709366231949914 5.2709463034695865e-05 0.0 0.0 0.0 0.0 0.0 0.0 0.0 0.0 0.0 0.0 0.0 0.0 0.0 0.0 0.0 0.0 0.0 0.0 0.00010959895299341507 2.350073856637268e-05 0.0 0.0 0.0 0.00047902990437559255 8.308957424580091e-05 0.00047278801323962546 0.00022512799004512142 1.1974445339990053e-05 0.0 0.0 0.0 0.0 1.5195392298524238e-05 0.0 0.0 0.0 0.0 0.0 0.0 0.0 8.752140090836889e-06 0.0 0.0 0.0 0.0 0.0 0.0 0.0 0.0 0.0 0.00031040427106637233 0.0 0.0 6.219178355900877e-06 0.0 5.844842501881422e-06 0.0 0.0 0.0 0.0 0.0009767589982482875 5.47711508452605e-05 0.0 0.0 0.0 0.0 0.0 5.339312091196329e-05 0.0 2.7246707846977728e-05 0.0 0.0 0.0 0.0 0.0 0.0 5.693939390886321e-06 6.133721810310336e-06 0.0 0.0 0.0 0.0012430934204823352 0.00043007581171249857 0.0003686401335258943
0.13047251462003695 0.024343312391033742 0.0004985910268424491 0.12066231940251569 0.00876072144131751 0.03809855005704373 0.06285990602370443 1.6735682835358262e-05 0.009228430565034649 0.0 0.003361408933090302 0.17138249262190328 0.24511850636477897 0.05055359507688547 0.00015065340547167942 4.077998130372672e-05 0.0 0.0 0.0 0.0 0.0 5.699860303175408e-05 0.0 0.0 0.0 0.0 6.426447220057678e-06 0.0 0.0 0.0 0.001187463305723033 6.743632665531079e-05 0.00498208100737397 0.0 0.0 0.0 0.010079631954030123 0.0 0.00010704294055952106 3.4574744169316885e-05 0.0 9.204250210387605e-06 0.0 0.0 5.439248874741891e-06 0.0 0.0014197990665915196 2.0533976623780973e-05 0.0 0.0 1.8175462071405205e-05 0.00011215813734460682 3.529069342153498e-05 0.0 4.895924358336342e-05 7.156078990119298e-05 0.0013218476667862357 0.0013631804040163515 0.0005253662435708575 0.0013380705011996974 0.0 4.098546465517456e-05 8.3412417434756e-06 0.00030648057519131903 3.047293857806991e-05 3.39676544131512e-05 6.230740033038887e-05 2.6639893166712567e-05 7.008586654914293e-06 0.0 0.015463284581423738 0.001140678990264285 0.00013648120677112814 0.0012038261945626753 0.00039496019665970835 0.0008849467920035911 0.00017975124072558204 4.130087858979847e-05 0.0 5.191193916973579e-05 6.2088908479741916e-06 3.151970105405199e-05 0.0002890304601556028 1.353227348143128e-05 3.078655983367884e-05 4.6387993929096363e-05 2.1511134423100795e-05 1.3415002947122226e-05 6.363435103935392e-05 4.753725938768628e-05 5.0255364843806987e-05 7.998720429428963e-06 0.0 1.4821021164228974e-05 0.0 0.010630937577738656 0.0034569196621571717 0.00018307211961662384 0.0005420722738856454 0.041680290571005064 2.780791119440815e-05 0.0004756241929588387 0.00015090886609009442 0.00029595407316370173 0.00012357582906195394 0.0011163778315428092 0.0007100885280795519 0.004138489695148293 0.0034362526033717184 0.010242087057727521 0.0009772709641120343 0.007485289058856222 0.010150902170618398 0.008250326677710905 0.0059941348670776275 8.262489001544706e-06 1.8068095923277636e-05 0.0 0.0 0.0 0.0 0.0 1.8661497483680396e-05 0.0 0.0 0.0 0.0 0.00011768505108970374 0.0 0.0 0.0 1.1096852889061952e-05 1.060136236286765e-05 0.0 0.0007783063442657179 0.0001252783327944542 0.0 7.796611085108762e-05 0.0 0.00288851282604686 3.370960345073515e-05 0.0016304724724034284 0.00030458572890760437 0.00030556964287974326 0.0 0.0 0.0 8.562494275705286e-06 0.0 0.0 0.0 0.0 5.907025752023718e-05 0.0 0.0 9.180054004974143e-06 6.078901333229448e-05 0.0 5.383207810368576e-06 0.0 7.66917894935735e-06 0.0 0.0 0.00021184958791593041 9.109371515885664e-05 0.0 0.0010542097475090813 5.143422328750183e-05 0.0 0.0 0.0 0.0 0.0 0.00011254296852942769 0.0 0.0 0.007082041452641396 0.00016286690003803188 1.1556320048629254e-05 0.0 0.0 0.00026548427673519695 0.0 0.00017881207261701175 7.360103336785792e-06 1.1442861989125733e-05 1.651518276526125e-05 0.0 2.1802639355806568e-05 0.0 0.0 0.0 0.0 6.504181795278643e-06 8.231676641906833e-06 0.0 4.10499503843174e-05 0.01188948965138641 0.000868984969339443 0.0015040284671683666
0.006526751812054978 0.06101396764801559 0.19396940591172332 0.0003696721174250889 0.031161701103871214 4.315612993021387e-05 0.02543081569272593 0.16697249446464585 0.057523315948011036 0.003361408933090302 0.0 0.004555555811439823 0.08855712262324171 0.2266026549107181 0.002756571551318457 0.0007604310478834776 6.989309291705837e-06 3.5199633375886847e-05 0.0 3.980513381121863e-05 0.00011037703026009368 0.00014755896531341246 0.0003240953013789484 0.00017212302272770326 0.0017067872315119175 0.0004297502194183012 0.0007220345573623881 0.00015770011081085166 0.00021595463433126378 0.00015494624493640966 0.11966108384193715 0.025633544278101043 0.026659872798695042 4.024163240872007e-05 0.0004915795698063445 0.0007848323965244774 0.01203962916932182 0.003012990166484238 0.0017402105829322633 0.0012393070641059881 0.0006923940238169757 0.0002896547540075183 4.292646250094737e-05 4.925613923196326e-05 1.8402844551558205e-05 3.4595777277501575e-05 0.015722018294352467 0.00019188854588254352 7.803496857816035e-05 5.434464152710423e-05 0.00011378603211382176 9.159307328528751e-05 0.00016311157812215013 0.00013725612369684946 0.00022244101998366398 0.0003626639519284672 0.0021495407314047867 0.007418704405776709 0.0017110825422497176 0.006154994261539936 0.0001106986430494296 0.005742864228483201 3.075737422550874e-05 0.007564946191915054 0.0002855459866255948 0.00023537479776361705 0.00016177721690150044 0.00013787071326789793 5.557183670494073e-05 9.907686320529236e-05 0.006957993391023826 0.00014257168929589817 5.632898449924482e-06 0.007114595142506566 0.004125741411687266 0.011121425357514496 0.006200307827193012 0.000681555418136864 0.0007132108870635854 0.03147697612240909 4.6595434233343466e-05 0.009351303638013779 0.0008649322198692114 3.9587265980450195e-05 0.00021472421652073305 0.00032010964782701616 5.262137645479399e-05 3.770978861752402e-05 0.00020873876558208924 0.0 0.00010480950119997038 5.57034811953739e-05 0.0002142234488370325 0.000238162584520749 5.505146200795452e-05 0.002073475446844165 0.0005157224667230456 0.0 0.0018082211820721777 0.002411054534477976 0.0 0.0 3.429311826509434e-05 0.0 0.0 0.0 0.0 0.0 0.00013181400774844312 0.0002995415094224118 5.712277527001995e-05 0.0006033504581647284 0.000454304337717389 0.00038262043839623914 0.000600786895200555 8.156973524385494e-05 2.4650117032096074e-05 0.0 0.0 0.0 0.0 0.0 7.706036363754847e-06 0.0 0.0 0.0 0.0 6.050686373647778e-06 0.0 0.0 8.562749506450656e-06 0.0 0.0 0.0 0.0 1.77989465578454e-05 0.0 0.0 0.0 0.0006106930211406354 0.0 0.000396241170002977 5.560618921975518e-05 3.5687502811250236e-05 9.972394425660587e-06 2.559111309995718e-05 7.644196655298327e-06 0.0 9.996692613121331e-06 0.0 0.0 0.0 1.52858939235567e-05 7.800485520898703e-06 6.60428737289382e-06 0.0 0.0001605371130014949 2.5962032279765422e-05 0.0 0.0 0.0 0.0 0.0 1.7119094540331797e-05 0.0 0.0 0.00026779678470539793 0.0 0.0 0.0 1.689841586383845e-05 0.0 6.370546174279014e-06 0.0 0.0 1.093559115833422e-05 0.0006987126589241692 1.9790351097692595e-05 8.30250675689943e-06 0.0 3.1285683677028045e-05 0.0 0.0 2.287783222155453e-05 0.0 1.2902162242786002e-05 5.778403623594061e-05 7.649064782106843e-06 4.856830725706316e-05 0.0 0.0 0.0 0.0 5.620018944233822e-06 0.0 0.0 0.0 0.0007804926072814489 0.0005949253160665783 0.0007001499415294478
0.03604349101119711 0.004456083960189054 0.003333297505131781 0.07043445266387856 0.00027494928181038945 0.01061729121225527 0.01091891621049368 0.0003924860504520861 0.0014042880955333333 0.17138249262190328 0.004555555811439823 0.0 0.1730580940625316 0.0141264096201744 0.0004670130824630568 0.0001536109708386232 8.536698881539527e-06 9.62656062446727e-06 1.4518930495014985e-05 1.4031453552720066e-05 1.042105810326737e-05 8.375776943968268e-05 5.507208608544145e-05 2.8194891168528052e-05 0.00021547160270372188 0.00011374337936286695 0.0001745334720510997 6.958237787416991e-05 2.335795488010441e-05 4.1978362970052123e-05 0.0015578655164834164 0.000762256178137159 0.003279950399070807 7.534701011772574e-06 4.7630711325783984e-05 0.00010348115857387348 0.019016864857716215 0.0003523067864047055 0.00024316112266380946 0.00017928021321188712 0.00016769740925245928 4.717592596906853e-05 0.0 7.724026548150269e-06 0.0 0.0 0.0019228979204256999 1.5811560661915543e-05 6.212315791000046e-06 8.611510155156425e-06 0.0 1.942140210078704e-05 2.6346571299802192e-05 8.648445296411585e-06 1.634711580008089e-05 2.6285680851266886e-05 0.00011448697181369678 0.0004687432178178282 0.00012454612925766177 0.0005913439711679899 0.0 0.0006107329473877747 0.0 0.0017513377311044204 1.4435941363714437e-05 1.3093462923355177e-05 1.7583764989327883e-05 0.0 6.843149724045272e-06 2.9390162106784107e-05 0.00894831239041063 6.972214895563595e-05 2.7624120802553648e-05 0.00047688848259042586 0.00039483442468143585 0.0010759448863259255 0.0006082258775165087 0.00019259162389788562 5.408534197367682e-05 0.0005899068726816508 1.9501896806336422e-05 0.00030950448732195503 7.124149954626361e-06 0.0 2.3184020364052137e-05 1.7905763656680557e-05 0.0 0.0 0.0 8.321218533186187e-06 0.0 0.0 8.56140554844373e-06 3.4007709102544676e-05 1.2387556422150285e-05 0.014548032835670363 0.0008231010892077068 0.0 0.0009370760835813164 0.005425556589223252 2.1464314740819304e-05 0.000233438864291187 0.0002365397756237949 0.0 0.00017144224791047527 0.0005675757932270534 0.00026920190548048855 0.002000610307109448 0.0012357552322606296 0.004459473352824479 0.0003573542141899801 0.006161215392989856 0.004634740485928766 0.004847159720754388 0.005029111448510652 0.0 1.1915278112426716e-05 2.2674300310362844e-05 1.1899280712360679e-05 0.0 0.0 0.0 0.0 0.0 0.0 0.0 0.0 0.0 0.0 0.0 0.0 0.0 0.0 0.0 0.00011590606743679128 0.00014144051986253112 0.0 0.0 0.0 0.002451207796410825 0.00015902622692079188 0.001290686357657805 0.0006943578584750344 0.00010623827188745359 0.0 7.802798032727685e-06 0.0 1.0287677713013108e-05 0.0 0.0 0.0 1.06388454509066e-05 0.00012319735383932337 0.0 0.0 0.0 0.00031495686597184417 8.408788036545613e-06 0.0 0.0 0.00012089791335253262 0.0 1.146949859736802e-05 6.326032168273064e-05 0.0 0.0 0.0015666532069646827 4.202879998311354e-05 3.546500554678937e-05 0.0 0.0 0.0 0.0 0.0 0.0 0.0 0.0051861106951434695 8.272557606385034e-05 0.0 0.0 0.0 0.0001404775579641934 0.0 1.4369696030815196e-05 9.655862437045842e-05 0.0 4.0124006866635594e-05 0.0 2.342334080753491e-05 0.0 0.0 0.0 0.0 0.0 0.0 9.508457696150641e-06 0.0 0.008044382124306183 0.001411487572184356 0.0019092736629963975
0.02639419049542544 0.04085836040493527 0.03042458864690009 0.05219273417715746 0.0173378196564449 0.0053792773241429365 0.14560597059065924 0.002906567987339016 0.06291111951263875 0.24511850636477897 0.08855712262324171 0.1730580940625316 0.0 0.4314549406302462 0.0019958885179237325 0.0005843397107568977 4.5220057487038605e-05 1.9783563503377878e-05 0.0 3.362964842315491e-05 6.90344112452228e-05 0.00012076699927405971 7.652678805360912e-05 0.0001315351353594973 0.0008241411087409731 0.0002529966417468926 0.000422123337660869 0.00011283950586272631 0.00012156177679004912 0.00014060887997085545 0.009326608497285937 0.0029301924521789183 0.03295417251317203 2.1753954228941225e-05 0.00018256000877299363 0.00033729839445188086 0.04097707201503051 0.0012253990617508972 0.0012545473274028095 0.0005513504671441122 0.00048308489248957524 0.00010772453013061868 1.5757620427716305e-05 2.50642562035438e-05 6.282959030781676e-06 1.3663849616330053e-05 0.00773279909071436 1.4143983851220438e-05 0.00010548094052546444 5.624164597144113e-05 6.192691688830821e-06 0.00011364813419449993 7.11064080626322e-05 9.213748928522616e-05 4.568155491622835e-05 0.00018729990115023788 0.0005536507681388803 0.001335289620005302 0.00047584994979003257 0.0019257568344238976 9.979348829529409e-05 0.002609369379844422 0.0 0.005564889456037117 5.269597659801028e-05 5.3517794791650946e-05 3.5051752792271546e-05 8.90986387140529e-06 1.7246276075874046e-05 8.55229805549228e-05 0.029419821600721503 0.0003392639650097607 0.0 0.001975168196395626 0.00178172388792154 0.00439448551700122 0.002602064935552773 0.0007014418556170001 0.00025141877606254994 0.003911531341241075 1.0317906294337066e-05 0.0012000551784912574 0.00016370562409884085 0.0 3.475312179510493e-05 1.905996229008753e-05 2.2003655893583324e-05 1.3300365203396056e-05 1.4901811893342632e-05 9.190156291452784e-06 4.550179970592048e-05 5.00801326751098e-05 7.462857581107974e-05 0.00011915136054191121 1.4490900315877909e-05 0.05899822667523489 0.002280187816467847 0.0 0.002943417173163436 0.0037185880766290973 8.980881302612306e-05 9.305294904844701e-05 0.00010711976005258803 2.278225795436468e-05 0.0003001948031097952 0.000729934952765622 0.00014459913429125596 0.003398890453361998 0.0025378193008144655 0.00691916326015883 0.0009679743275381298 0.008135005253506042 0.00779503782184665 0.008306907983986525 0.008269885581379161 0.00027450177576683285 7.276196918313986e-05 0.0 7.843773316818273e-06 8.717478322354723e-06 0.0 0.0 0.0 0.0 8.618309325811641e-06 9.181853850295153e-06 0.0 4.0510625217928357e-05 0.0 0.0 5.5228561826252805e-05 1.98320242697392e-05 0.0 0.0 0.00040696694439973526 0.000285894469203746 0.0 0.0 0.0 0.005003417910706199 0.0003858099335401363 0.0036832457428063433 0.0013851352391745096 0.00010243291763383294 0.0 0.0 0.0 1.1720678726068597e-05 5.4298540680442524e-05 3.875375017035877e-05 0.0 5.207798633912559e-05 0.00023492501173223582 0.0 6.63382247629624e-06 0.0 0.0002025003727059712 6.893572900623514e-05 0.0 0.0 0.0 7.498588893201719e-06 1.746921654879988e-05 4.415190138255333e-05 0.0 3.785398075855345e-05 0.002097661594071492 0.0002592971075120402 1.94692482185931e-05 0.0 0.0 0.0 0.0 0.0 0.0 7.87697977392296e-06 0.009146448568191521 0.00020057071471260226 1.9045426816450684e-05 0.0 1.8962703940981704e-05 0.0003081617983024496 7.237601399078161e-06 0.00013903612606772618 1.4065710149284635e-05 5.86885227308736e-05 0.00010121196155227307 1.1722819797807278e-05 0.00010955326338246835 0.0 0.0 0.0 0.0 0.0 7.353405045669237e-06 0.0 0.0 0.012640950899171156 0.0027006034057627136 0.00498208741074403
