0.0 0.3129642288747999 0.03934023203560955 0.11882633902880729 0.04254349731147536 0.007509144786932524 0.07006993637948483 0.0070688316194144505 0.016215808144300046 0.03901610313340611 0.01750742648031233 0.007916630570075895 0.013285757587961387 0.02199079712650968 0.00017884523308072235 1.5194692544181205e-05 0.0 0.0 0.0 0.0 0.0 0.0 0.0 0.0 0.0 7.61114742447548e-06 1.0821881757402511e-05 0.0 0.0 0.0 0.08812637337212241 0.00016709757611202528 0.00017999375081056304 0.0 0.0 2.3932500298754777e-05 0.00012664503526194695 1.8219513808562825e-05 0.0 0.0 8.289586705862597e-06 6.923709758162726e-06 0.0 0.0 0.0 0.0 0.0012471374710183308 8.04899522443815e-05 8.964935085429868e-06 0.0 5.810516983660396e-05 0.0 0.0 0.0 0.00011563637191416882 0.00022412127513067674 0.002786548406291876 0.045412374020437046 0.00031192927577818253 0.0014638389694288745 0.0 0.00015922491057787256 0.0 0.00036543549159808776 0.0003663448751983194 0.00013981023207959177 4.717706800324054e-05 7.274325930337412e-05 1.7647497945630278e-05 1.803970964729146e-05 0.0023069944422203946 0.0003302382943342301 5.339099879776276e-05 0.016279233562344855 0.0023700530452736702 0.0015192124630622583 0.00022257670281379356 2.361937204177847e-05 5.241113927896921e-06 0.0007125780584311704 1.6174503625258103e-05 6.346488759015799e-05 0.0005321607365738576 1.753891641108738e-05 0.00027713597761355773 0.00020005295067862403 4.94753307116042e-05 2.1931999581237156e-05 0.00016214921350899864 0.0 2.2394243109127402e-05 0.0 0.0 3.062628820551749e-05 7.174728872860912e-06 0.017472650997156225 0.00032708787646848383 6.877217127564854e-05 0.0 0.09778153306222755 0.0 0.0 0.0 0.0 0.0 0.0001088847210784271 1.3843595334616932e-05 0.0 8.801626124793656e-06 0.00028414820130413 0.0 6.357602049749865e-05 0.00016730632492627337 6.055481911316919e-05 0.0 0.0 0.0 0.0 0.0 0.0 0.0 0.0 0.0 0.0 0.0 0.0 0.0 2.757099961736351e-05 0.0 0.0 1.8366981717529338e-05 2.934878467289074e-05 0.0 0.0 0.0 0.0 0.0 0.0 0.0 9.085498960076539e-06 0.0 0.0 4.589497823413541e-05 0.0 0.0 0.0 0.0 0.0 0.0 0.0 0.0 0.0 0.0 0.0 0.0 0.0 1.3316250556387435e-05 0.0 0.0 0.0 0.0 0.0 0.0 0.0 0.0 0.0 9.845770454631174e-05 0.0 0.0 0.0 0.0 0.0 0.0 0.0 0.0 0.0 8.686256068241435e-05 0.0 0.0 0.0 0.0 0.0 0.0 0.0 0.0 0.0 0.0 0.0 0.0 0.0 6.51500333544775e-06 0.0 0.0 0.0 0.0 0.0 0.0 0.00016719646242993667 5.5983430473476054e-05 1.7045724539327755e-05
0.3129642288747999 0.0 0.20512430395783865 0.12695524592053944 0.36077432582788466 0.022264263026770446 0.3106039760428217 0.02169341061429232 0.11817883227565569 0.05571742674636577 0.09871924792944667 0.0020841836662990098 0.09235824821366458 0.0534540015377413 0.0008563162258083486 8.922096193327682e-05 0.0 0.0 0.0 6.242214104813182e-06 0.0 8.58496661612847e-06 0.0 0.0 0.0 0.0 0.0 1.7113219380199645e-05 0.0 0.0 0.16331366947575188 0.00046964110047331936 0.0003536503711728413 6.1091907066165475e-06 0.0 1.3038575830510232e-05 6.547143582853645e-05 7.783977849419016e-05 0.0 0.0 8.800030078050994e-06 3.4611944476001996e-05 1.8053086609969642e-05 2.5964628447337576e-05 1.4574652843307042e-05 6.262689830677918e-06 0.0055220146287228615 0.00016351745862941942 1.5695929872718126e-05 2.1268170745768043e-05 7.591252951210533e-05 8.124690330948071e-06 0.0 8.329988557361578e-06 0.00022631233222339912 0.0003405916078448595 0.0015282202626494346 0.045574994246618976 0.0003122917472014024 0.005894129690079341 9.17210559744534e-06 0.00023527805909764275 1.5424146803762075e-05 0.004071984267730161 0.0005957546641594945 0.00023157796426838493 0.00018915397382082602 0.00013749068459162093 3.465654793973428e-05 6.538015087506952e-06 0.0002650019718252395 1.2430063826617233e-05 2.3273955490632604e-05 0.023379864146125733 0.008961681043462032 0.007002712589538407 0.0011539622203125418 0.00013769498145216945 7.921721143417102e-05 0.0016038684459606237 3.4914078330461635e-05 0.00021210046780658633 0.0010312366250440947 4.4149480993196383e-05 0.000408837585817107 0.0002876873270501727 7.156266525432188e-05 1.1828075088287228e-05 0.00022928508677903366 0.0 4.83071707682902e-05 5.660622680796705e-05 7.832679479686769e-06 4.096408582063449e-05 2.9658542911699775e-05 0.0013005668368039124 0.00010993028612006464 0.0 0.0 0.12818827091414178 0.0 0.0 0.0 0.0 0.0 0.0001668715844298128 3.452099187241265e-05 0.0 2.6688670639996542e-05 0.00022613079101846734 0.0 0.00019934299714737102 0.00022209270259824482 0.0002691979086928133 1.3052423262495673e-05 0.0 0.0 0.0 0.0 0.0 0.0 0.0 0.0 0.0 0.0 1.4157536961567866e-05 0.0 0.0 0.0 0.0 0.0 7.360637673132275e-05 8.433095670760404e-06 0.0 0.0 9.816562223742885e-06 0.0 0.0 0.0 6.66869189414354e-05 0.0 9.134949072961858e-05 1.940012943877597e-05 1.7293870482140344e-05 0.0 0.0 0.0 0.0 0.0 0.0 0.0 0.0 0.0 0.0 0.0 0.0 0.0 0.0 0.0 0.0 0.0 0.0 0.0 0.0 0.0 0.0 0.0 0.0 0.0 0.0 0.0 0.0 0.0 0.0 0.0 0.0 0.00011560044647501836 0.0 0.0 0.0 0.0 0.0 0.0 0.0 0.0 0.0 0.0 0.0 0.0 0.0 1.0932721640536507e-05 0.0 0.0 0.0 0.0 0.0 0.0 0.00024471441737764 0.00011150295854716196 0.0001580226840527322
0.03934023203560955 0.20512430395783865 0.0 0.0009879813090960562 0.08246408324259284 9.899154957019927e-05 0.0037880777030111397 0.3312567332047405 0.07537144074471075 0.00041167615638767075 0.2685094737951065 0.002929940995498991 0.011548527554543976 0.055847713786206434 0.0008137061880094653 0.0004558523601334356 1.481366132260163e-05 4.39685565298845e-05 8.769434706057392e-06 8.286271264053299e-05 3.9016333776547864e-05 1.4426811340466573e-05 6.363184184865808e-06 0.0 9.086175169784218e-06 1.3840326508115141e-05 0.0 8.964957146172108e-05 1.6494787715601966e-05 0.0 0.6370912786962286 0.019850277900965434 0.001898713204343419 3.0302674381840016e-05 6.044816981189738e-06 3.285902763195129e-05 0.00031395483078474164 0.0002235861477062514 2.237337748362271e-05 1.5842418476561894e-05 8.053083127932665e-05 0.00030550033331652396 0.000227689805927795 9.869420481513031e-05 4.562538445405563e-05 8.44118342661304e-05 0.0035974723529585894 0.0001442361114205639 9.186454815400384e-05 0.00032360130516542415 6.498195735519285e-05 1.426643837687319e-05 0.0 0.0001434412317050029 7.851869208153536e-05 0.0003244415326549773 0.0018633561352784816 0.07064071289197925 0.0001869906672235115 0.0022285531051723477 0.0002896692315211479 0.0007435863087256741 2.465703070523107e-05 0.015545509057629438 0.00027568732156726705 0.0003100786787633231 0.00015424711127140107 0.00024393086777154264 0.0006579021283447868 0.0004835538312966166 0.00038207714486847695 5.269853320054555e-05 0.0 0.017574550495933417 0.005791444608750699 0.0037186015211763653 0.0009550582506393456 0.0002445439453899159 0.001366768728746122 0.03535454490310583 0.000938651863195372 0.0025953312418382363 0.0006601505644689025 3.2314828446653274e-05 0.0002825079985471407 0.00015425581711170141 0.0002288849499955148 5.631957383958103e-06 0.00013566480376094912 0.0 9.728769821478882e-05 1.9945237430737848e-05 0.0009919318772764326 0.0005449916910858806 0.00018118763645681265 0.0004337180170265005 0.00012066033668083917 6.723869647127295e-06 0.0 0.02681716901403995 0.0 0.0 0.0 0.0 0.0 9.253959583606284e-06 0.0 3.9967604012147256e-05 0.0 0.00010542841375664611 7.334889381914933e-06 0.00012853324200566836 0.00019533841851502407 0.00014198136448542403 5.656232497175415e-05 0.0 0.0 0.0 0.0 0.0 0.0 0.0 7.4940226277109094e-06 0.0 0.0 1.6768021038569378e-05 0.0 3.2163572324579713e-05 0.0 0.0 0.0 2.2554251590892533e-05 2.948476325138433e-05 0.0 1.073428526412119e-05 0.0 0.0 0.0 0.0 0.0003080290698744249 9.027506448215979e-05 0.00016675859650179891 0.00011712546146432774 0.00016698258353395597 0.0 2.1130776922701865e-05 0.0 0.0 0.0 0.0 0.0 8.471494790529411e-06 0.0 0.0 0.0 0.0 4.3443189545154614e-05 2.1352814936240517e-05 0.0 0.0 0.0 0.0 0.0 0.0 0.0 1.2624231928991184e-05 3.653782713081218e-05 1.781532024637922e-05 0.0 0.0 0.0 0.0 0.0 0.0 1.9741655625986602e-05 0.0 0.0005127312308588872 2.3831045343116905e-05 0.0 6.01038351962838e-06 8.129655916276649e-06 0.0 0.0 0.0 5.746920227983521e-06 0.0 0.0 0.0 0.0 0.0 1.3459009456049209e-05 0.0 0.0 0.0 0.0 7.4904013089146876e-06 0.0 0.0005487750546662905 0.0002778713393648907 0.0003818213457664338
0.11882633902880729 0.12695524592053944 0.0009879813090960562 0.0 0.009281620192519862 0.027727815874238036 0.15215253047128405 8.279834419050107e-05 0.002741162098417667 0.12180830294967378 0.00030514193066150255 0.01769012026502803 0.04604810703219016 0.0010615490780897215 6.187051986181535e-05 0.0 0.0 0.0 0.0 0.0 7.083582038823619e-06 0.0 0.0 0.0 0.0 0.0 6.713977802141086e-06 0.0 0.0 6.307866873708343e-06 0.005668514966004007 9.22424951879025e-06 4.6799605826089724e-05 0.0 0.0 0.0 1.0632529610975009e-05 0.0 9.940990564931719e-06 0.0 0.0 0.0 7.3637640160141036e-06 1.857056016521112e-05 5.295806824132829e-06 0.0 0.0009158990965767224 3.674869137840816e-05 5.044956522070885e-06 0.0 1.969406724791348e-05 0.0 0.0 0.0 4.68762290184339e-05 0.00011593802043229926 0.0006062780055655151 0.0128651558744336 0.00013681374783861266 0.0012745207907894451 1.7955072650539274e-05 2.11159631342902e-05 0.0 0.0004134332283245635 0.00012465473763771358 5.0015990106936e-05 6.704572348563058e-05 1.2682140418198702e-05 0.0 0.0 0.0005170036585543519 0.00011256265445336455 3.54606404130857e-05 0.0077023476152953685 0.002442216243736916 0.0012774568122909309 0.00012494369739240736 0.0 5.45242226782575e-06 8.014973003886955e-05 0.0 7.636211305144014e-06 0.000367227944169714 2.9783713644823e-05 0.00010425161607358395 0.00010503646774305448 3.0367705133720388e-05 7.381582861183427e-06 6.126887690164083e-05 1.849310969503308e-05 1.9243981107320835e-05 0.0 4.7463020303269875e-06 0.0 0.0 0.006141136916366198 0.00043799882252862013 2.9841592879567995e-05 0.0 0.07499987818217449 0.0 0.0 0.0 4.0013090385150344e-05 0.0 3.1913544504538095e-05 9.163290604429077e-05 0.0 4.006920092386561e-05 9.949718801681236e-05 0.0 0.0 9.824469657006803e-05 1.8361355269096384e-05 0.0 0.0 0.0 0.0 0.0 0.0 0.0 0.0 0.0 0.0 0.0 0.0 0.0 0.0 0.0 0.0 0.0 0.0 0.0 0.0 0.0 0.0 0.0 0.0 0.0 1.0306476636536362e-05 0.0 0.0 2.055655450596433e-05 0.0 0.0 0.0 0.0 0.0 0.0 0.0 0.0 0.0 0.0 0.0 0.0 0.0 0.0 0.0 0.0 0.0 0.0 0.0 0.0 0.0 0.0 0.0 0.0 0.0 0.0 0.0 0.0 0.0 0.0 0.0 0.0 0.0 5.676193008792663e-06 0.0 0.0 0.0 0.0 0.0 0.0 0.0 0.0 0.0 0.0 0.0 0.0 0.0 7.819589306657652e-06 0.0 0.0 0.0 0.0 0.0 0.0 0.0 1.9304950764304312e-05 0.0
0.04254349731147536 0.36077432582788466 0.08246408324259284 0.009281620192519862 0.0 0.004789267283003639 0.1152597270841608 0.03314121704892189 0.1978099660459082 0.05760879844166586 0.05825257266973795 0.00615617635212066 0.07261913805682928 0.039244327944465085 0.002010590010463075 0.00021499545392960587 2.091938561519897e-05 3.114386582991256e-05 2.0001864478570258e-05 1.8900726988495477e-05 1.3862631836841428e-05 0.0 0.0 0.0 1.1618964190117673e-05 0.0 0.0 0.0 0.0 0.0 0.024467956296834185 0.001458490846513691 0.00040735518930431 0.0 0.0 1.0831114657609741e-05 8.096813226063064e-06 8.567752666919639e-05 0.0 0.0 0.0 0.0 0.0 3.812392879495515e-05 8.506011219664832e-06 1.3252899298405137e-05 0.014796439770110038 0.0001698098278317068 7.231079346127069e-05 3.687915477134268e-05 5.060331804330594e-05 0.0 0.0 0.0 0.00011025505237773329 0.0002679647347829664 0.0006960030353164744 0.01925968773281689 0.0003750990908697219 0.010053751393430503 3.80097208119793e-05 0.0004399812770794071 0.0 0.007270763994743062 0.00049801276691443 0.00024080644897010324 0.00025288026921695014 0.00018627371276366792 6.73749743085308e-05 0.0 0.0005067089417321715 1.9149798523319285e-05 0.0 0.01896037639973783 0.01262577882487972 0.011944875264586867 0.0030316493604850277 0.00017868719184166708 0.00017307725491511159 0.0006889211855254973 3.0764588916922124e-05 0.00018598546470770193 0.001278810248898335 3.201874547012396e-05 0.00038890766957185225 0.00027105038039118155 0.00012513484988723388 6.5396854693593215e-06 0.000297947430088203 2.8311266047193204e-05 0.00011284496673092492 2.098354352901695e-05 3.2304301156374396e-05 2.9491613111848698e-05 1.5243349909090078e-05 0.004437399615952262 0.0002295818397307131 1.4682168268502306e-05 6.959552709320441e-06 0.015442956558963727 0.0 0.0 0.0 0.0 1.2016404767270208e-05 0.00028794224803875866 0.00019062806302542703 0.00021590406636302187 0.00016213375420408586 0.0009586279923793798 0.0001445371873185589 0.00041178706820800765 0.0007683573445509684 0.0005588453840058841 0.00027987291290589494 1.538530742831105e-05 0.0 0.0 0.0 0.0 0.0 0.0 0.0 0.0 0.0 1.3315220415641272e-05 0.0 1.294987246346628e-05 0.0 0.0 0.0 1.1456451334527372e-05 0.0 0.0 2.7938328240526237e-05 0.0 0.0 0.0 0.0 0.0001135248020736305 6.768385827053333e-06 4.089103407062582e-05 3.0351354287072472e-05 2.7059196152458117e-05 0.0 0.0 0.0 0.0 0.0 0.0 0.0 0.0 0.0 0.0 0.0 0.0 2.0974521165023663e-05 0.0 0.0 0.0 8.117574302832819e-06 0.0 0.0 0.0 0.0 0.0 0.00014638657770673426 3.06822270541084e-05 0.0 6.093001958465944e-06 0.0 0.0 0.0 0.0 0.0 0.0 0.0005634713379731733 0.0 0.0 0.0 0.0 5.2275443653473866e-05 0.0 2.5459934296408493e-05 0.0 0.0 0.0 0.0 0.0 0.0 0.0 0.0 0.0 0.0 0.0 0.0 0.0 0.001733038348038535 0.00013596986833705674 0.0003270919682565873
0.007509144786932524 0.022264263026770446 9.899154957019927e-05 0.027727815874238036 0.004789267283003639 0.0 0.013119923073269125 1.1601187068526063e-05 0.0029533224577823554 0.03281478928261507 9.979177278119503e-05 0.008996488712281895 0.00860516996712086 0.001989644629140638 0.0 0.0 0.0 0.0 0.0 0.0 0.0 0.0 0.0 0.0 1.5537411450216654e-05 0.0 0.0 8.3898882683466e-06 0.0 0.0 0.0007661263685451696 7.33839368286103e-06 0.00018891791045062 0.0 0.0 0.0 0.0003480700613435278 3.03213612692582e-05 0.00016366199869422612 2.2678111148596758e-05 0.0 0.0 0.0 0.0 0.0 0.0 0.0002872466114496356 0.0 0.0 0.0 0.0 0.00015940625707277508 0.0001111391927338704 0.0 7.521498802584842e-06 1.9171195045381708e-05 0.0026267656533983763 0.003082173516432306 7.000402345928679e-05 0.0002573041635707023 0.0 5.8362460916236196e-05 0.0 2.17985512739618e-05 3.6667447419728186e-05 2.5760087479880396e-05 2.2668102765341782e-05 1.7704598819839406e-05 0.0 0.0 0.0040249131147891415 0.021974807249715782 0.0016527052932316817 0.0017836282114269833 0.00044276946619009806 0.0002787219267708305 8.903605166934043e-05 0.0 0.0 9.343782869025671e-05 0.0 2.5368931816358437e-05 2.8270721280451048e-05 9.652912904220464e-05 1.9982107645153614e-05 0.00010424925653332737 0.0 0.0009765554761534276 0.0006102260506683935 0.0004655838925832982 7.66478610498131e-05 7.430987030175133e-05 0.0 0.0 1.4821580649483103e-05 0.02607679337921995 0.011798276589628877 0.004221029515450336 0.0009129442606191791 0.0409463104164237 0.0 0.0 0.0 0.0 0.0 9.352923114115517e-06 0.0 0.0 0.0 8.5359119660268e-05 0.0 9.743437577368565e-06 1.1781440597525154e-05 2.7520977363924108e-05 0.0 0.0 0.0 0.0 0.0 0.0 0.0 0.0 0.0 0.0 0.0 0.0 0.0 0.0 0.0 0.0 0.0 7.794597363192068e-06 8.826640129001474e-06 0.0 0.0 0.0 0.0 0.0 0.0 0.0 0.0 0.0 0.0 0.0 0.0 0.0 0.0 0.0 0.0 0.0 0.0 0.0 0.0 0.0 0.0 0.0 0.0 0.0 0.0 0.0 0.0 0.0 0.0 0.0 0.0 0.0 0.0 0.0 0.0 0.0 0.0 0.0 0.0 0.0 0.0 0.0 3.9057964795054485e-05 0.0 0.0 0.0 0.0 0.0 0.0 0.0 0.0 0.0 0.0 0.0 0.0 0.0 0.0 0.0 0.0 0.0 0.0 0.0 0.0 2.4454818105242523e-05 1.553145409065015e-05 2.643534138192114e-05
0.07006993637948483 0.3106039760428217 0.0037880777030111397 0.15215253047128405 0.1152597270841608 0.013119923073269125 0.0 0.0006595400425395595 0.13433300142854282 0.28508704773635773 0.00958383668747908 0.01427118666437032 0.16075461435445937 0.055390641613779226 0.0011325766398986852 0.00012661260309337148 1.689294238938906e-05 2.114080688711772e-05 0.0 7.233539454593359e-06 0.0 0.0 0.0 0.0 0.0 0.0 0.0 0.0 0.0 0.0 0.011117674380513714 0.0004813718780967175 0.00028196991786074376 0.0 5.002567285445232e-06 0.0 0.00012609730683747249 3.3039804863787814e-05 8.990852620906673e-06 0.0 0.0 8.477144258867312e-06 0.0 0.0 7.817036974697187e-06 0.0 0.007743856917972926 0.00011755264711573513 6.039379967391201e-06 4.69698696755066e-05 4.654559891956258e-05 0.0 0.0 0.0 0.00014261421044716629 0.00018651122159207183 0.0007152768166499056 0.015680149258849686 0.0002659300605369807 0.007182314632687308 4.3567911390131466e-05 0.00013328344686904575 1.6794584090547263e-05 0.0033042816601113727 0.00033630955063540866 0.00016920356794184732 0.0001921047904070507 0.0001159953539034646 1.7542244226095584e-05 8.37028010514937e-06 0.0006606980660513975 0.00014944224900080788 2.7566870421914507e-05 0.01486898968667054 0.007981974837235395 0.00724589332637127 0.0014236499129720206 9.328851055643046e-05 8.17118401662492e-05 0.00031330814266640873 3.481838650394231e-05 0.00023318459249401606 0.0009167898532372054 1.1247233010134756e-05 0.00036976211438434405 0.0002583378599330167 1.9893773555751444e-05 4.06699815967675e-05 0.0002667417663643104 0.0 0.00010600965724439105 1.2240284852785599e-05 3.748968389440624e-05 1.219552792302037e-05 2.702454160389305e-05 0.008216279900102983 0.0006096136348722874 1.122451428228222e-05 0.0 0.015268811049533586 0.00020662176591936234 0.0003719001456056134 0.004681058638788854 0.003848461301510093 0.0009809173174759197 0.004780605204981349 0.001268125439644492 0.0013119046214876255 0.003241932235585884 0.0017574842473693562 7.9594637163139e-05 0.0031013041743842475 0.00147934668664046 0.0005561119381474711 0.00018696627715464385 0.0 0.0 0.0 0.0 0.0 0.0 0.0 0.0 0.0 0.0 0.0 0.0 0.0 0.0 6.522043589709238e-06 0.0 5.0719862067052075e-06 0.0 0.0 0.0004923853957669503 4.938693043997532e-05 0.0 0.0 0.0 0.00010112144421423432 7.517801997683661e-05 0.00023625856365335605 0.00015101497322269136 0.0 0.0 0.0 0.0 0.0 0.0 0.0 0.0 0.00013766855316255173 4.1968147412405296e-05 0.0 3.6933858218368354e-05 0.0 0.0 0.0 8.132666775968682e-05 6.318226358471823e-05 0.0 7.322030510972357e-05 8.108879924526824e-05 1.9818829377723985e-05 0.0 0.0 6.458154529197734e-05 0.00011210173504958982 5.160159204730919e-05 5.661780054475809e-05 0.0 0.0 0.0 0.0 0.0 0.0 0.0008995021909356788 0.0 0.0 0.0 0.0 3.462468695255021e-05 0.0 0.0 0.00029866540413800294 0.00027261739951329014 0.00033617889828742103 7.163950761534437e-06 0.0 0.0 0.0 0.0 0.0 0.0 0.0 0.0 0.0 0.003428801821466469 0.0002183835120290467 0.00037828593198006296
0.0070688316194144505 0.02169341061429232 0.3312567332047405 8.279834419050107e-05 0.03314121704892189 1.1601187068526063e-05 0.0006595400425395595 0.0 0.04278935168509653 7.393035263892176e-05 0.1425146588746241 0.0039117857422622925 0.009640483933359749 0.05059114459482883 0.006029094298830407 0.003594257709078474 0.0003094773010116368 0.000751757750565234 0.00020042004190901704 0.0013929339761446123 0.0010709307880745486 7.499478441098481e-05 0.00018125974822736954 0.0001837624276916199 0.00012913169191319486 0.00023351686563860267 2.4848291105862004e-05 0.00040224336907042775 0.00010280712902799455 4.0298199101579813e-05 0.17791316361019538 0.19175102576363093 0.007097420778397034 0.000457192287413708 0.00012289217161684128 0.00018894824828742708 0.0011175141554644011 0.0009564091747200412 4.871633710952267e-05 5.815747825435294e-06 0.0009329217954561317 0.0022239141722949036 0.004106580867521194 0.002037697110558136 0.0008808220891140563 0.002007497261295859 0.016957468979453803 0.0005743655295682315 0.0007566198868389049 0.0032022610109315413 0.00043469827843446783 0.0001248286472645757 3.5782273565775444e-05 0.0006628049532596053 0.00012402108310181017 0.00015222848141957876 0.0005212386539660552 0.02633472303533151 0.0002123374893803356 0.007498238293116602 0.005974311874347528 0.010990780306328479 0.0003244812817962549 0.1144948200521647 0.0004852667342704829 0.0014899276631743165 0.0005289276585456961 0.0022328917136557776 0.007971523025867747 0.0049841735421290445 0.0007089552275149445 0.0004931611329928078 0.0 0.013783355455139512 0.015895679523200444 0.01473311585210151 0.024197755465075736 0.00500942931624559 0.11741697158086181 0.2248897130535275 0.02200293877490644 0.06733593071343179 0.0008768329084002088 2.2693463506867793e-05 0.0008116020310578994 0.0002774386673028055 0.002233481904213244 5.5981723163859505e-06 0.00019974604498970244 0.0 0.0002483456711811681 0.00026556613070686646 0.009415770886491887 0.004627086184048807 0.0018131731074658903 0.0006709035044884915 0.00014165270114968115 0.0 1.1818717976509581e-05 0.005332064890358879 3.153594900377115e-05 7.20818350888088e-06 0.0 0.0 2.7577203481745434e-05 9.60220652798106e-05 2.6253156578813664e-05 0.0 3.1012034191378035e-05 0.00012433695168663736 2.886297451731591e-05 0.00010118641885509636 0.00026575765631598554 0.0003560641607129015 0.00030679630216998377 0.0 0.0 7.383614847375931e-06 0.0 0.0 0.0 0.0 3.68442556362876e-05 0.0 0.0 4.9147419839004174e-05 0.0 0.00032330400692974644 1.6553907147725717e-05 2.6777817140210637e-05 6.1725568316207834e-06 0.00018699994088813366 0.00015072499387804118 9.63490524787248e-05 3.2350383648999214e-05 2.6089440453608787e-05 0.0 4.360758811462477e-05 0.0 0.0006070295272901175 0.0002874014769009716 0.0006860051707193129 0.0002275971292292418 0.0003292061139285724 0.0 1.3662600852427517e-05 0.0 0.0 0.0 0.0 0.0 0.0 0.0 0.0 0.0 4.723155803656415e-05 0.00026572521359662034 0.00010986231217742113 0.0 0.0 0.0 0.0 0.0 0.0 0.0 1.0716130232423445e-05 0.00030808763347176053 0.0 0.0 0.0 0.0 0.0 7.068111703539751e-06 4.182263331787075e-05 1.3705536811795548e-05 2.4090420683309112e-05 0.0009792360980441367 7.628487647454549e-06 1.2739492593036793e-05 2.5569935871337514e-05 0.00014867668321586535 4.198661369240112e-05 7.411533196257291e-06 2.766462348908886e-05 0.0 0.0 0.0 0.0 4.202073782398981e-05 0.0 0.0 0.0 0.0 2.0745910968624003e-05 3.224760313050175e-05 4.3640637983982825e-05 1.5543767821468817e-05 0.0010015555255030394 0.000649304839365375 0.0015028984554559806
0.016215808144300046 0.11817883227565569 0.07537144074471075 0.002741162098417667 0.1978099660459082 0.0029533224577823554 0.13433300142854282 0.04278935168509653 0.0 0.03047132071557539 0.13986009445451597 0.005422366583595662 0.07147255465507096 0.10003095105339013 0.0028039053700172306 0.0008823950257904791 1.978008879603167e-05 2.3445424048408126e-05 0.0 2.65601049504757e-05 0.0 3.9255705778508e-05 0.0 0.0 4.3544948555370266e-05 2.0116754426230023e-05 0.0 5.2384717223909094e-05 0.0 0.0 0.011677941935206092 0.0037692826767120003 0.0029917416974278616 0.0 1.2478161999668554e-05 6.0999419802246645e-06 0.0004946690029487488 0.0001489917451448568 3.743237967770345e-05 0.0 2.8668684121696966e-05 2.667450812306221e-05 8.131393535434698e-05 3.650605007036488e-05 2.8035965728594527e-05 2.9134783004083672e-05 0.01408087031387771 0.00013634830454393543 0.00010770550486660191 4.82912246883042e-05 6.760216926035784e-05 1.9694364108770964e-05 1.4336360378972423e-05 2.979128575480493e-05 8.315645046424627e-05 0.00013588257493919048 0.0004020858357080253 0.006850349782657255 0.00035780926853378186 0.007140995428864337 0.00013946973795145271 0.000408441957098306 2.8420664308780198e-05 0.004696260855005301 0.0002789505029169541 0.00020604926136303105 0.0001261283952190969 0.00019311673391835736 0.00015092721031468055 3.1290424452633855e-05 0.0023487007641114755 0.0002600606609864268 1.746018354037152e-05 0.00888858537195431 0.006709607826159687 0.008822049779633407 0.0033892795893102146 0.0005845714514233294 0.00021010685291813455 0.0018175271225002836 6.58555191058463e-05 0.00044160587330000834 0.0007164071069312638 3.4509300158608774e-05 0.0002884864841518208 0.00018533432127860005 5.312399187950086e-05 2.2346999550047064e-05 0.00019615121251244366 0.0 9.907425145619223e-05 5.523160517387726e-06 0.00011054367162966646 9.031273607701635e-05 7.6277917749114024e-06 0.0115257717795115 0.0001852692555172809 0.0 2.493170229267601e-05 0.007609495885854054 8.323635639095149e-05 3.16097268399482e-05 3.259774307839294e-05 0.0 4.433822646921238e-05 0.0007382858883289258 0.0008634765854647116 0.0010430471819847208 0.0005534841622852072 0.0036442578466237873 0.0003044064063320909 0.00202704947317538 0.002930157247363507 0.0015736028681555985 0.0006143143761945016 0.0 0.0 0.0 0.0 0.0 0.0 0.0 0.0 0.0 0.0 0.0 0.0 4.1134812945638334e-05 0.0 0.0 7.504838913713086e-05 5.8861919957116336e-05 1.0066820242833915e-05 9.952120305306195e-05 1.1749095712755943e-05 7.29110264522675e-05 0.0 0.0 0.0 0.0008897950111473383 2.6747500884564463e-05 0.0008765760398317485 0.00027287579506877824 0.00014309312182497877 0.0 0.0 0.0 5.3050449038186756e-05 0.0 0.0 0.0 0.0 0.0 0.0 0.0 0.0 3.623813386585776e-05 0.0 0.0 0.0 0.0 5.460291718246512e-06 0.0 0.0 0.0 0.0 0.00047163123599905534 6.835087632199965e-05 0.0 0.0 0.0 0.0 0.0 0.0 0.0 2.366639211594833e-05 0.0021656286227994047 0.0 0.0 0.0 0.0 0.000143992664895429 0.0 3.427666915214588e-05 0.0 0.0 0.0 0.0 0.0 0.0 0.0 0.0 0.0 0.0 0.0 1.0368129696947819e-05 0.0 0.006478646433739412 0.0005609558651967512 0.0013790203931052512
0.03901610313340611 0.05571742674636577 0.00041167615638767075 0.12180830294967378 0.05760879844166586 0.03281478928261507 0.28508704773635773 7.393035263892176e-05 0.03047132071557539 0.0 0.0009355882620236274 0.19118906485178233 0.42431714508528323 0.03507158437111445 8.264783141952457e-05 7.688674627669993e-06 0.0 0.0 0.0 0.0 0.0 0.0 0.0 0.0 0.0 0.0 0.0 0.0 0.0 6.28534381504781e-06 0.0025045569715341502 4.496097196807996e-05 0.0003162809643634327 0.0 0.0 0.0 0.00022005450726596566 0.0 3.450368378138423e-05 0.0 7.666536193254536e-06 3.601946778881178e-05 0.0 5.300399295168798e-06 0.0 0.0 0.0013509307593457718 2.125868894283862e-05 0.0 0.0 2.353730176442734e-05 2.6655293696155766e-05 0.0 0.0 4.736358054847715e-05 0.00013355100626502627 0.00039404788006266724 0.005480841045461487 6.36109301833435e-05 0.0009295064477389636 8.194603700582956e-06 4.2039344621322055e-05 0.0 0.0006123503543530157 9.963823193355592e-05 2.318695367822897e-05 4.967381984196834e-05 3.505780310696828e-05 5.768019409607108e-06 0.0 0.00668405315680156 0.0009534360249893719 0.00016562361015983197 0.004302299876522534 0.0018947664392431713 0.0012765629474636993 0.00021791097380783377 1.4976972201563264e-05 9.005590155883214e-06 0.0002219887260038531 0.0 0.0001074795899174059 0.00030227740802560456 2.1573909613257903e-05 5.514056001108679e-05 8.829743691769033e-05 9.37588067348183e-06 0.00016350199884492534 0.00013415462414121234 0.0001119174007628584 0.0 0.0 1.9222941873366372e-05 6.63480035951103e-06 2.592866080502809e-05 0.040416769197321206 0.008702527096246443 0.0001592484124620745 0.00011951001092929779 0.025511957574268253 0.00012691406601351833 0.0004241592278616496 0.0070970092975961956 0.0020554071981865596 0.00037976641016744815 0.009037657950056628 0.002746818720670608 0.0011932813219500981 0.005085138109527748 0.005187882563507468 3.6578741175196115e-05 0.0026672348683329343 0.003550353148363909 0.0014532344852558393 0.000537864419185802 0.0 0.0 5.819086191233266e-06 0.0 0.0 0.0 0.0 0.0 0.0 0.0 0.0 0.0 2.3810337499877333e-05 0.0 0.0 0.0 0.0 0.0 1.6143375917962717e-05 0.00045463288834242404 3.3191552077166814e-05 0.0 0.0 0.0 0.0002759673337726586 4.739037619741123e-05 3.2184357380417105e-05 5.643412184573614e-05 0.0 0.0 0.0 0.0 0.0 0.0 7.793875593255862e-06 0.0 4.0537248824870764e-05 1.999978165675434e-05 0.0 0.0 0.0 0.0 0.0 2.7374398119204635e-05 4.489841441723682e-05 7.038167123442124e-06 6.042838995857579e-05 0.00012417843134581043 0.0 0.0 4.036717201218153e-05 0.00012195786992867244 5.661285558142769e-05 7.6342670823391e-06 2.5148812607812982e-05 0.0 0.0 0.0 0.0 0.0 0.0 0.0009502081331539614 3.4849834092000124e-05 0.0 0.0 1.0736670701770827e-05 4.3303306215285206e-05 0.0 7.315822282400117e-05 0.00014349051923980957 6.816536658137215e-05 0.00016491941496188403 7.751752044699744e-06 0.0 0.0 1.320397864333349e-05 0.0 0.0 0.0 0.0 1.0258629764113993e-05 0.0 0.005498635282352428 0.00016950026382334574 0.00033554580678002606
0.01750742648031233 0.09871924792944667 0.2685094737951065 0.00030514193066150255 0.05825257266973795 9.979177278119503e-05 0.00958383668747908 0.1425146588746241 0.13986009445451597 0.0009355882620236274 0.0 0.015813585995745328 0.04577060599053659 0.236261327756932 0.0025930289880538525 0.0009463607828702763 6.261217324091782e-05 2.0319699346944534e-05 0.0 9.677710952945049e-06 3.9541777973875574e-05 0.00010852745311288684 1.705795578215371e-05 0.0 0.00019952294662179236 7.298772158181457e-05 8.630845286678277e-06 0.00023899360939516254 5.012530396220487e-05 1.3331600037170353e-05 0.04553745354869689 0.018349942172395745 0.03000511426740744 7.511699516799755e-06 0.0 0.00015044082897771436 0.005442179687731194 0.0014929698831706022 0.00022850647398338383 6.542886674890349e-06 0.00017123671855787464 0.00037222841328674 6.899963815010276e-05 4.869996803878335e-05 0.0 3.8679076342959955e-05 0.009642139981964223 9.024215369139405e-05 9.081182056485984e-05 0.00019997821128183433 6.410002595076747e-05 2.0650644530764762e-05 0.0001558397640168255 0.0002756794314948481 0.00010655188151367757 0.0001533871245505246 0.0002927466964306442 0.012544099535338641 0.00019857078484445778 0.00528430780755532 0.00014963371658058326 0.0031571616624782037 4.810272140087144e-05 0.006793850612315128 0.0002375834157733795 0.0001523715712303741 0.0001818269802663063 0.0002696497980592932 0.00036221200951321763 0.0001582882488698658 0.006107711797619349 0.00029294012837564133 0.0 0.009156294427050996 0.007010752642393019 0.007500726863297446 0.003097498941414561 0.0006807204983354517 0.0026179568791135166 0.02891780594062562 0.0001010428576158311 0.0058761610366440484 0.0005794319233767797 2.8786657777456274e-05 0.00020970374033232053 0.0001331178723660982 0.00014155580509438457 6.290498355429451e-06 0.00015002301338678118 0.0 5.69926792171605e-05 1.5786146798512027e-05 0.00046798792072450017 0.0005432897992998783 0.00033680038680356254 0.004225760397981003 0.00019835173510232944 0.0 3.897134424982645e-05 0.005997734753756115 1.1607081123353973e-05 6.714833854856123e-06 6.973573749755657e-06 0.0 3.3057653922582376e-05 7.981377898488707e-05 5.5753513417889576e-05 0.0001579449659761592 0.0002762023233602154 0.00033166274638921816 3.334860537863499e-05 0.00033526038010115957 0.000470961399927559 0.000645545940668524 0.0002999144473948195 4.821972102690289e-05 0.0 0.0 0.0 0.0 0.0 0.0 8.536996011717038e-06 0.0 0.0 4.4920247358330444e-05 2.394379731710516e-05 0.00015415455111111664 0.0 0.0 4.863306835837049e-05 0.0001406686644773033 7.660822269182804e-05 4.780569173075138e-05 8.217967944936583e-06 2.033962451341607e-05 0.0 0.0 0.0 0.0005281656215203486 6.950834016239856e-05 0.00041497048606665136 0.0001509529225893383 0.00014752660684662754 0.0 0.0 0.0 3.277519585229073e-05 0.0 0.0 0.0 0.0 0.0 0.0 0.0 8.238073913578183e-06 8.6302414937549e-05 4.72984078405163e-05 6.340120638020486e-06 0.0 0.0 1.690881077719589e-05 9.659440821722589e-06 0.0 0.0 0.0 0.00025884344466651826 5.441511887962122e-05 0.0 0.0 0.0 0.0 0.0 0.0 0.0 1.0323889276299724e-05 0.0009429267405923883 5.1202109892337094e-05 0.0 1.02247329540866e-05 3.754700921268856e-05 6.923304799668287e-05 0.0 0.0 0.0 0.0 0.0 1.85892379405836e-05 0.0 0.0 0.0 0.0 0.0 0.0 0.0 0.0 0.0 0.0015187833216780936 0.0006658477612226296 0.0014532856949527086
0.007916630570075895 0.0020841836662990098 0.002929940995498991 0.01769012026502803 0.00615617635212066 0.008996488712281895 0.01427118666437032 0.0039117857422622925 0.005422366583595662 0.19118906485178233 0.015813585995745328 0.0 0.12008602100950753 0.08212915298327517 0.0008139051749452736 0.0005004866388859707 3.5212294005267574e-05 2.6639330351241053e-05 2.9955540929450545e-05 1.1269775252049407e-05 2.253646200018574e-05 0.00010088664885712552 0.0 0.0 8.818821226455313e-05 7.998626233680547e-05 0.0 8.946880957648786e-05 6.850715941581498e-05 0.0 0.0023896979007606307 0.004073517945877031 0.006725810480251198 1.5677883705987502e-05 0.0 1.1272840736057548e-05 0.009063567005575951 0.0002390696259170952 0.0003421038870717596 6.353100507338418e-05 3.7471209461527415e-05 0.00023866118518244973 3.431284157569308e-05 1.0021769329699323e-05 1.4410543940974086e-05 2.0293759271144147e-05 0.0025431669800094 5.954432681503651e-06 0.0 8.845467198049129e-05 7.751055212993891e-06 6.34416034358903e-05 0.00019017716255569707 0.00027057371441326365 5.823678182687883e-06 7.4283588284446305e-06 0.0001816093265854964 0.0013390070816330967 8.743343274382005e-05 0.001021691397001161 0.00010206175313843042 0.0002708358219284237 0.0 0.0009541199487631112 2.901731530665173e-05 4.5437768871707206e-05 1.718066146712271e-05 6.900874875706499e-05 0.00019169872120219564 5.795783093502139e-05 0.03258802646332106 0.00223122092799591 7.119024731384151e-05 0.0012547968619290078 0.0009547594139066874 0.0012398993884895815 0.0007236712470332459 0.00017834949319323442 0.00039230032973395617 0.008722506523511416 4.336382314747149e-05 0.0003395379973464447 8.846935388403087e-05 7.133670954071086e-06 3.8432821389422096e-05 2.868624495209839e-05 2.0113546986141414e-05 1.037483904007576e-05 7.420371592843583e-05 1.2111349406041616e-05 0.0 6.799382800471908e-05 0.00018790279115159394 0.00025151408245969623 0.00017451969846455598 0.07100548546882393 0.007019949804677415 0.000257067468112273 0.0003882078169830554 0.0033320687988916335 4.9841666121784935e-05 0.00020491999211037288 0.0006329642528809351 0.0016041626202033688 0.0005049873036635425 0.005276274691365394 0.002919572473504497 0.002174101935203262 0.005777493955031916 0.006868348653074855 0.00044851001853687695 0.004398186495559153 0.009914858831157758 0.005214365381045426 0.0025117657804171155 0.0 0.0 0.0 0.0 0.0 0.0 1.2038827113846622e-05 8.441253349574299e-06 0.0 0.0 5.176327378841481e-05 0.0 0.0004721694802226936 0.0 5.7288645655421046e-05 3.2881431754436286e-05 0.00020814946656424823 9.244622278538505e-05 6.266013233537677e-05 0.00035167036248695446 0.0002557572096528203 0.0 0.0001432120963670217 0.0 0.0023223917156830432 0.00034927491645406374 0.0023138063543714617 0.0007992115547536438 0.0004157628345518314 0.0 4.1535072501983585e-05 0.0 0.00011451153495237466 0.0 4.666953377153922e-06 0.0 6.188015992659125e-05 4.8672866416946086e-05 0.0 0.0 3.3650718611096455e-05 0.0001608051977976922 5.419512532139024e-05 3.960205367664132e-05 4.3915042924195525e-05 1.292784816941283e-05 6.505827889086597e-05 0.000142503053560758 0.0 8.850147288598283e-06 0.0002858538151210126 0.0013853231586721075 0.0001674059339732837 2.864016821444981e-05 3.102660195455563e-05 0.0 0.0 0.0 0.0 0.0 0.0 0.007127021463655153 1.2642599894809651e-05 0.0 0.0 2.674407187789078e-05 0.0003604688698942098 0.0 0.0002625264851032834 0.00016864574480947436 0.00017151800213343287 0.00015786438383974636 0.0 1.8919250338672304e-05 0.0 0.0 0.0 1.6394306310110603e-05 0.0 1.2760316015382424e-05 0.0 0.0 0.015330240919977095 0.002477236657722445 0.0039876602980432885
0.013285757587961387 0.09235824821366458 0.011548527554543976 0.04604810703219016 0.07261913805682928 0.00860516996712086 0.16075461435445937 0.009640483933359749 0.07147255465507096 0.42431714508528323 0.04577060599053659 0.12008602100950753 0.0 0.265189556783441 0.0021300381808156514 0.0013503384878848152 3.03215070619895e-05 4.782637991115548e-05 0.0 2.7461143835165793e-05 2.1946594200970514e-05 0.0007037587415094287 9.133698804374682e-06 3.880311430492748e-05 0.0016231016206613184 0.00016198862137672696 2.0104196108921344e-05 0.0005040487974856522 0.00052812587909321 6.918637034359899e-05 0.006955280598148675 0.004341792685403622 0.019516436022753415 0.0 9.296413659630858e-05 0.0002507599000177476 0.011102011971459241 0.00717192388401543 0.009134439301003567 0.0010800395054862476 0.0001598795832461509 0.0007893141835515088 0.00014326220158803518 5.9359632842290336e-05 1.900128368825925e-05 4.8041339783505765e-05 0.008432028256471906 8.835104979671937e-05 5.644120046650587e-05 0.0002484937189039904 7.909726190323745e-05 0.00011357726827364455 0.002458183543759045 0.0014480689130643356 1.9808475216313523e-05 7.787931134427753e-05 0.0002629765755601082 0.004594410135406684 0.0001805554302565952 0.0031283982715900865 3.445104828915253e-05 0.0012931962171724575 0.00010248696771047703 0.002472497182532677 0.0001435630487257248 0.00018800720752208634 9.503014476957137e-05 0.00015223961394152512 0.00020255813787376913 0.00016811977259307702 0.03103526884038098 0.003596042846595723 8.053134730886242e-05 0.003914745603752834 0.002953108162130179 0.004121024269498985 0.0019207627905582635 0.0006856807675047289 0.0006514473853655014 0.018973148339366468 0.00015027757181186423 0.0013393818466447185 0.0003254630078456741 1.0788249676281952e-05 0.0001774541354292515 7.753446741326711e-05 0.00017619696326850228 5.36209489444626e-05 0.00014900106053305676 6.677673541679961e-05 5.2282986988574615e-05 0.00010147826808744172 0.00027644270248301675 0.0006769617871549095 0.0008104760248767671 0.0736579636630477 0.009720855131189933 0.00038371716586413346 0.005002295405980423 0.00555012655486237 0.0002439972427899554 0.0002834018470686058 0.0009319013240292065 0.0081626994666708 0.00036038873089096706 0.007918766499292094 0.0036762411045125356 0.004474488015424972 0.010169848437284468 0.009112544114566567 0.0010443601822107684 0.01108811257683421 0.01681573290308591 0.007488695690781572 0.0027188089036357024 4.2714472393466966e-05 0.0 8.375263914569359e-06 5.651922355681934e-06 0.0 0.0 8.321958447187573e-06 8.390146283114492e-06 5.699412323661427e-05 0.0 0.00022460109243766497 3.250572868168813e-05 0.0008561823051134403 4.5568658612464514e-05 0.00024232975425188925 0.00020387871308728676 0.0007017290525116076 0.00034129590231614756 0.0002798447542867557 0.0005618448550795295 0.00037956848694308047 0.0 6.992664540589308e-05 2.66833367361889e-05 0.0033917668334486196 0.0006298284684810118 0.003303083836143052 0.001540299733323782 0.0012638906821051399 1.5572254953834794e-05 2.4829837294981354e-05 1.3380336053421112e-05 7.30877982206441e-05 0.0 0.0 0.0 9.619676669548646e-05 9.945105516814545e-05 6.161730282577654e-06 7.782682164477717e-06 5.739465999098154e-05 0.0007437553434080831 0.000284665221654993 1.3471102579445511e-05 7.788104886751932e-05 0.0 9.239858117378177e-05 8.170548043792755e-05 0.0 0.0 4.5857915228015755e-05 0.0012507984104280264 0.0001506978270331399 8.36687699586875e-06 2.9948952920404902e-05 0.0 5.845529347872915e-06 0.0 0.0 7.034477704093779e-06 0.0 0.008437933886475351 0.00023878152940883679 0.00011191770385827346 0.0 0.00012538699745685556 0.0005949803498515112 0.0 0.00010972034746447986 9.626725172609406e-05 0.00013244897483530955 0.00020180134363177222 0.0 1.3205576608401564e-05 0.0 6.212383665077558e-06 9.549871829173939e-06 0.0 0.0 6.470539813554264e-05 2.3075841392886487e-05 2.444251444563227e-05 0.01952520838770154 0.003846087287008704 0.0071044761543381674
