0.0 0.07848575509456704 0.011812289401532021 0.06572760326023992 0.0029259524892619594 0.0070914466538038725 0.05005997534974566 0.003206513667805068 0.0004052402839219034 0.11273285167899218 0.0036994673952747657 0.008931447292069388 0.029935083034429207 0.007464910516350729 0.00014967796107718428 0.0 0.0 6.62382070034316e-06 0.0 0.0 1.0549634086815312e-05 0.0 0.0 0.0 0.0 9.807319608165277e-06 0.0 0.0 0.0 0.0 0.0886848376045018 0.00012388446636820056 5.6535333179910676e-05 0.0 0.0 1.2007430183761826e-05 3.549833545793768e-05 2.3925566836107127e-05 6.152539461262965e-05 0.0 0.0 8.098505441387689e-06 2.1667156000142777e-05 0.0 0.0 6.832478328154269e-06 0.0022563733981850976 8.383095930276159e-05 2.5684894191835387e-05 1.42670135662098e-05 0.0 9.011350765190543e-06 0.0 0.0 0.00019163650299501784 0.00011064314592996252 0.02350602666018849 0.05349343054141633 0.010830867050456307 0.001316450725310918 1.9402815429104107e-05 2.4922929196885715e-05 6.303718917228783e-06 0.0044497994515138705 0.00015367348448142953 7.45667036048029e-05 1.3978445050127636e-05 3.4554053964172196e-05 0.0 0.0 5.6654578602109106e-05 0.0001366482151535788 0.0 0.03151388442603622 0.012800845449894157 0.010954468973437109 0.0010268522898230698 2.3112337995329633e-05 7.324843940376929e-06 0.00027212689156141533 1.8673473913897826e-05 5.2540512167917366e-05 0.0006750460728739095 7.202739548907297e-06 8.673476243607695e-05 0.00013190236591071382 4.9503439047948907e-05 7.910923555868411e-06 2.0008864107421774e-05 0.0 6.347117332600847e-06 0.0 0.0 7.887259126206679e-06 0.0 0.0010378961536722802 1.4590439362454988e-05 0.0 0.0 0.11281106467793629 8.559292361048503e-06 7.371710935627859e-05 0.00025652509423250213 3.376508860222845e-05 0.00011737045961446603 0.0001340034045418215 0.001964612762565227 0.0007401085678021218 0.0005257396250586387 0.0007172265395133023 0.00036189711337552053 0.0006923452428143242 0.0010638662605691963 0.0005822242451772682 0.00037243888089624186 0.0 0.0 0.0 0.0 0.0 0.0 0.0 0.0 0.0 0.0 0.0 0.0 0.0 0.0 0.0 0.0 0.0 0.0 0.0 3.2166996324832976e-05 0.0001801422819277503 0.0 0.0 0.0 0.00010650070784560095 3.227007366539718e-05 9.402455149523688e-05 0.0 0.0 0.0 0.0 0.0 0.0 0.0 0.0 0.0 0.0 1.0304165881067009e-05 0.0 0.0 0.0 2.357843004903234e-05 0.0 0.0 6.295085227503122e-06 0.0 0.0 0.0 0.0 0.0 1.4300592685532804e-05 0.00034651444425899864 0.0 0.0 8.542390657110712e-06 0.0 0.0 0.0 6.652830579204324e-06 0.0 0.0 0.00015961710557234126 0.0 0.0 0.0 0.0 0.00017110931883119914 0.0 0.0002475577244651012 0.0 0.0 0.0 0.0 0.0 0.0 0.0 0.0 0.0 0.0 0.0 0.0 0.0 0.0010426787992976042 2.844695547722119e-05 4.3620512710635665e-05
0.07848575509456704 0.0 0.17786626948661868 0.02524367358600902 0.11462105235760918 0.002749507654091201 0.22797180431679803 0.08018658686923513 0.08449176368566645 0.17936975578504546 0.1259457218212731 0.03437475455521804 0.15019886035540644 0.13116747968495113 0.002312791431291116 0.0005439519378600754 3.57859534448123e-05 6.407473098184494e-06 6.962555467893418e-06 3.585120040429906e-05 9.507547509800444e-05 6.605900896722502e-06 3.703464163338523e-05 2.5204289817053536e-05 8.063757182495772e-06 1.2758238100814783e-05 8.638256694845851e-06 0.0 0.0 0.0 0.1599329058945163 0.014819868617722153 0.0005581043780198094 3.285287923584044e-05 2.30965844216533e-05 5.652382291852108e-05 0.0002587217201021569 4.948977902336948e-05 8.118675909655867e-05 3.715581366585916e-05 1.0043223468649593e-05 1.781479512726627e-05 0.00010245962320295409 5.56799857880585e-05 3.093111245742505e-05 4.5130589049635515e-05 0.01882696317230473 0.00029435901566215317 9.444994113875119e-05 0.00010616622774671989 0.0 0.0 3.429632484015712e-05 1.1948355418113795e-05 0.00048395670902692524 0.0002030758647857872 0.01517647447001254 0.04989415968989975 0.009051754555328802 0.004885268139366016 0.0002824605880114769 0.00027409925159127736 4.839662444134141e-05 0.026708149009110532 0.00031332255543115365 0.0002524004720408622 6.829791408076543e-05 7.343252863387899e-05 0.00011727548164583524 6.439047759230586e-05 0.0002566885818492856 2.2584471763880544e-05 0.0 0.04091890074925433 0.03519460422939948 0.04454359656667528 0.016645338224132857 0.0008501497811745701 0.000608789982407281 0.01581490667112021 0.0002562838466262758 0.000640699080398001 0.0017891559071121013 1.3736416124791582e-05 0.0002720935111787845 0.0002734965678090672 0.00018119371770336444 8.135941188176447e-06 0.00011488995427902545 0.0 5.4931794381512345e-05 1.207836555519674e-05 2.5864137653571604e-05 3.139798242332269e-05 5.874578601296616e-05 0.002918248633440365 0.00016446508162656294 0.0 5.064355227123394e-05 0.06096144589442085 0.0 2.7801263371374663e-05 0.000132924726508268 4.9838976426032205e-05 1.5809779819790113e-05 0.00017698113919433647 0.0006528319974717326 0.0005160992828835707 0.00030256065749729365 0.0004896825016434123 0.0009509072229058923 0.0008592306892141905 0.001639895176117671 0.0006974074172753338 0.0010081690885998208 0.0 0.0 0.0 0.0 0.0 0.0 0.0 0.0 0.0 0.0 9.617765686840867e-06 0.0 6.365171766134951e-05 0.0 0.0 0.0 0.0 0.0 0.0 0.0 0.00014110837869803596 0.0 0.0 3.8428116316011224e-05 0.00012152837531241143 0.00017639411643128607 0.00021110369662035453 0.0 0.0 0.0 0.0 0.0 0.0 1.104396151409895e-05 0.0 0.0 0.0 9.092853250456078e-06 0.0 0.0 0.0 1.5253586228062572e-05 8.648024887174062e-06 5.818039942967936e-06 0.0 0.0 0.0 7.35030267845912e-06 0.0 0.0 0.0 0.000850531208558326 0.0 0.0 0.0 0.0 8.406157222468208e-06 8.34356481736931e-06 0.0 0.0 0.0 0.00027270729809607497 0.0 0.0 0.0 0.0 0.00029644663332053107 0.0 0.00032548029698901005 0.0 3.1569326953275044e-05 5.480466876556103e-05 0.0 0.0 1.0861482619014698e-05 2.2814164251006814e-05 8.657695982432697e-06 0.0 0.0 6.592155699275013e-06 1.096108831347678e-05 0.0 0.0014128074530240496 4.9127652947154406e-05 0.00017108859172984726
0.011812289401532021 0.17786626948661868 0.0 0.0001557891438870683 0.04438341547476161 8.407285706188085e-05 0.013805051522734374 0.1998466889702661 0.03094908842517054 0.014648531541531387 0.17241606598426903 0.0026491907491462486 0.018130279847056837 0.05842626073944382 0.0007242951193029948 0.00032686765058151824 1.635704218457291e-05 2.1729304938508643e-05 0.0 5.138428196671894e-05 0.00012064357684624153 0.0 5.5940075336157075e-05 1.9634421466666128e-05 7.685298357101549e-06 1.6385124246991337e-05 0.0 0.0 0.0 0.0 0.18924173657232274 0.045507864651275376 0.00035686647274936223 3.4902926574298054e-05 8.737572233737403e-06 5.130454369546049e-05 3.764673985661161e-05 3.944692520496726e-05 4.24118546344126e-05 3.0359436709560714e-05 1.2873826767877842e-05 1.8322196021977962e-05 0.00016036284911065946 4.380639852044231e-05 1.3969361079839496e-05 5.3002175232480956e-05 0.004030768092630826 4.509620930535274e-05 3.2277238407058366e-05 3.8479605018210724e-05 7.573285247039644e-06 0.0 0.0 0.0 7.843868262828922e-05 7.571359772402373e-05 0.0036568733677997747 0.0234502160362554 0.002262432245674474 0.0009368129217458962 0.0004149884237178834 0.00029236485932753554 9.5053146746733e-05 0.03402989923300332 4.7510932795695134e-05 6.363119383924271e-05 0.0 2.0093308463550088e-05 0.0001299749300262004 0.00011781157387288148 3.6568990207319955e-05 0.0 0.0 0.009043728307709586 0.009639212183788264 0.009988006474055023 0.006220510580676644 0.0004581865051226221 0.001479481133002936 0.020824636476346695 0.00038888212029456777 0.0010816377367757674 0.000305563198697455 0.0 5.8700054428828385e-05 4.150187452589127e-05 4.727189741276182e-05 0.0 2.6578787416856702e-05 0.0 7.903545314217954e-06 0.0 3.867858360129552e-05 0.0 7.790413600488861e-06 0.0004668791781950522 0.0 0.0 0.0 0.004885927930988441 0.0 0.0 0.0 0.0 0.0 2.841093530349959e-05 0.00023212918975912915 5.698459507488476e-05 0.00012857751978925087 9.591481112629962e-05 9.239026699492632e-05 0.00019482887407659626 0.0002493697647410526 0.00017051774897263252 0.00014409766870338462 0.0 0.0 0.0 0.0 0.0 0.0 0.0 0.0 0.0 8.827029864879721e-06 0.0 0.0 0.0 0.0 8.565383924572138e-06 0.0 6.213426591979481e-06 0.0 0.0 8.648342865881487e-06 4.517673854864591e-05 0.0 0.0 0.0 1.71335410777283e-05 2.7540056355247147e-05 0.00011771571521679493 0.0 7.974832165688394e-06 8.499482269639557e-06 8.382953861932239e-06 0.0 0.0 0.0 0.0 0.0 0.0 1.0942234447403062e-05 0.0 0.0 0.0 0.0 0.0 0.0 0.0 0.0 0.0 0.0 0.0 0.0 0.0 0.00014445333640492427 7.98823894294012e-06 0.0 0.0 0.0 0.0 0.0 0.0 0.0 0.0 9.107249906780401e-05 0.0 0.0 0.0 0.0 9.654751153067147e-05 0.0 4.948904994361889e-05 0.0 0.0 0.0 0.0 0.0 0.0 0.0 0.0 0.0 0.0 0.0 7.722451329968356e-06 0.0 0.00021173592289576077 7.861902595566162e-06 7.003502948814193e-05
0.06572760326023992 0.02524367358600902 0.0001557891438870683 0.0 0.003700988121061368 0.019667253151485486 0.06594457701017031 9.745684148629988e-05 0.0005534398268473266 0.1439929367628876 0.0003673295229376036 0.017178311800621814 0.07664562290169642 0.017384373039732295 6.704639020350523e-05 8.251753008153823e-06 0.0 0.0 0.0 0.0 0.0 0.0 0.0 0.0 0.0 0.0 0.0 0.0 0.0 0.0 0.00658248667882745 0.0001379092153641394 8.32504596457663e-06 0.0 0.0 0.0 9.301100345043136e-06 0.0 0.0 0.0 0.0 0.0 0.0 0.0 0.0 8.412908023990623e-06 0.0015666061240191343 3.2153937052882935e-05 0.0 0.0 0.0 0.0 0.0 0.0 4.1863271522355756e-05 4.439310103350887e-05 0.0024354114967800444 0.005161678388657636 0.0015104487147790066 0.0008729737908413055 1.4766461018502068e-05 0.0 0.0 0.0020986308804360958 2.603582344281532e-05 1.8530617437034986e-05 0.0 0.0 0.0 0.0 5.432785401558872e-05 0.0 0.0 0.007810398383387384 0.004366941719987995 0.004283008257409798 0.0009062326238399881 0.0 1.1762846640203097e-05 0.00012002316972582636 6.036655414693476e-06 2.524503367803774e-05 0.0002444923279595882 0.0 2.894123293642224e-05 5.6140554097357964e-05 2.3148387695645498e-05 0.0 1.1615983063807609e-05 0.0 6.618668877463784e-06 0.0 0.0 0.0 0.0 0.0012123367548546723 0.0 0.0 0.0 0.01557315801846289 0.0 0.0 1.1597217209697551e-05 0.0004929971588185788 0.0 0.0005102585614058386 0.000698456042346302 0.0006159384492368414 0.0003216387820291523 0.00021358952071749587 0.00020094978760274652 0.0007916715452851258 0.0003954411857667824 0.0002839820724044247 0.00014712707910432331 9.314813176800763e-06 0.0 0.0 0.0 0.0 0.0 0.0 0.0 0.0 0.0 0.0 0.0 0.0 0.0 0.0 0.0 0.0 0.0 0.0 1.3011947633276553e-05 4.2629624623467866e-05 0.0 0.0 0.0 5.052966138334087e-05 0.0 7.673093085108589e-05 0.0 0.0 0.0 0.0 0.0 0.0 0.0 0.0 0.0 2.6582236350193998e-05 0.0 0.0 0.0 0.0 0.0 0.0 0.0 0.0 0.0 0.0 0.0 0.0 0.0 0.0 0.00016915520282967552 0.0 0.0 0.0 0.0 0.0 0.0 0.0 0.0 0.0 4.486355848060919e-05 0.0 0.0 0.0 0.0 6.84102627719275e-05 7.723776619795364e-06 0.0 0.0 0.0 0.0 0.0 0.0 0.0 0.0 0.0 0.0 0.0 0.0 0.0 0.0 0.0005293784337028863 0.0 4.606625502388719e-05
0.0029259524892619594 0.11462105235760918 0.04438341547476161 0.003700988121061368 0.0 5.23219767586878e-05 0.206102785566758 0.027393029266250826 0.18022101278511388 0.046523381130777204 0.12460476858572023 0.006590223423868136 0.09217082137562155 0.19927513578331982 0.000512196646170136 0.0001875291771416044 0.0 0.0 0.0 1.2478174947337067e-05 1.4688620398743987e-05 0.0 8.248994542866923e-06 1.4498926793915952e-05 7.741114408817616e-06 0.0 0.0 0.0 0.0 0.0 0.009437000512448408 0.0035488257940465436 6.804888337785574e-05 2.3447795310916954e-05 0.0 0.0 1.4691084165907392e-05 1.9959196401141383e-05 3.572243946928099e-05 1.7332814358936577e-05 0.0 6.990617088823516e-06 1.3299211868839156e-05 4.139276694626844e-05 7.736167000821583e-06 7.409968543811483e-06 0.003994726142478136 3.688018688316912e-05 0.0 6.8391019381937185e-06 0.0 0.0 0.0 0.0 2.8925486176575342e-05 2.331119960767563e-05 0.000549725997940892 0.0021185207881412515 0.00044387890725260093 0.0006862690410691715 3.669570529004723e-05 8.002259021623801e-05 0.0 0.0031439680737144556 1.944442010387484e-05 2.5427609670191582e-05 6.146234284186235e-06 0.0 1.3498712277695597e-05 7.549430030153459e-06 3.862148882092032e-05 0.0 0.0 0.0033358713608450017 0.0038972969844452317 0.006571377100135798 0.0030951996174646743 0.00012689816294280136 9.798633792644367e-05 0.001710992560543113 4.889933628575685e-05 0.00011406244478736993 0.00023276534704630596 6.944377874392098e-06 5.3156122352403414e-05 4.972181887473948e-05 1.4675190340908324e-05 0.0 0.0 0.0 1.3042363432279822e-05 8.24305061231459e-06 0.0 9.085865100541328e-06 1.2840719506243877e-05 0.0007341047522062566 5.6444636567447656e-05 0.0 0.0 0.0004055574319099535 0.0 0.0 1.3335177531925208e-05 0.0 5.338147045543952e-05 6.192073356483509e-05 0.00021648346878215755 0.00019195818274746781 0.00016033830740045667 0.00012691149022537622 0.00016831977680384344 0.000317005020280654 0.00044035590020758656 0.0003028998402741298 0.000336603824725174 0.0 0.0 0.0 8.177291252853581e-05 0.0 0.0 9.180412662278897e-06 0.0 0.0 0.0 0.0 0.0 0.0 0.0 0.0 0.0 0.0 0.0 0.0 0.0 1.0255456085642739e-05 0.0 0.0 0.0 2.0843153359374848e-05 0.0 6.264905414126289e-05 0.0 0.0 0.0 0.0 0.0 0.0 0.0 0.0 0.0 0.0 0.0 0.0 0.0 0.0 8.147606464185915e-06 0.0 0.0 0.0 0.0 0.0 0.0 0.0 2.663341161623904e-05 0.0 0.00010852534016804863 1.199559001946327e-05 0.0 0.0 0.0 0.0 0.0 0.0 0.0 0.0 0.0001419421364712923 0.0 0.0 0.0 0.0 0.00013827896838677963 0.0 8.451327119932085e-05 3.12481627805864e-05 0.0 0.0 0.0 0.0 0.0 0.0 6.3522702911184635e-06 7.208203104483772e-06 0.0 0.0 0.0 0.0 0.0004019866054098957 0.0 4.7480190500697634e-05
0.0070914466538038725 0.002749507654091201 8.407285706188085e-05 0.019667253151485486 5.23219767586878e-05 0.0 0.0021557614998507163 2.448658405126246e-05 0.0 0.03857190077341652 7.482077938059732e-05 0.0040541684409760425 0.004248439420842646 0.0016316869623440313 1.9244318942389013e-05 5.0123119927709095e-05 0.0 0.0 0.0 0.0 0.0 0.0012159247334668996 0.0 1.2737072075282798e-05 0.0 2.7307671837671065e-05 0.0 1.0628995893996944e-05 3.588098649189781e-05 0.0 0.0015429732827028897 0.0 0.0006670445390140843 0.0 0.0 4.620695435591164e-05 0.0007853320128803352 0.00014177443620445464 0.0010727224184193145 2.4159516830998155e-05 1.3030343837139224e-05 3.601444669795629e-05 0.0 0.0 0.0 0.0 0.00025224890805778814 0.0 1.036858723155271e-05 0.0 1.8972017308468028e-05 0.002458959223713598 0.0016485639133428998 0.00036269398050834377 0.0 0.0 0.008867897422988024 0.0008981100792083194 0.0004789502472745518 2.4018567090741613e-05 0.00011470438190537328 0.00025687653679196695 0.0 0.00013436771274691624 0.0 0.0 0.0 0.0 9.954577818849452e-06 0.0 0.006666439527886054 0.015297502682988382 0.002349750876070568 0.0009612250794737713 0.00061875279757811 0.00047810745436345167 7.748380790101354e-06 0.0 0.0 0.00012699943064382882 0.0 0.0001426020950325388 1.8646712030934323e-05 0.0 7.493010954531535e-06 0.0001523970685495693 0.0 5.038360411009635e-05 5.820589621164262e-05 0.0005433805233090064 5.3386730731770896e-05 0.0002329249882563678 1.1531102622594823e-05 9.933990968820279e-06 0.000305812258926959 0.01069865263557325 0.007608118238171978 0.002956842663096442 0.002253361858187516 0.02866538682451183 0.0 0.00010266707080821957 0.00023548738787226693 7.072449817689471e-05 1.3097222708778011e-05 0.000400772035200991 0.003402597938853144 0.000910518781486276 0.0008786903047255467 0.0010665909150665684 0.000547064974957609 0.0014785016359351421 0.0012483355240667138 0.0006785743197537669 0.0006742088355050833 0.0 0.0 0.0 0.0 0.0 0.0 0.0 0.0 0.0 0.0 0.0 0.0 1.9993002648112557e-05 0.0 0.0 0.0 0.0 0.0 0.0 6.992406457217628e-05 2.9137808508989504e-05 0.0 2.2060824428496e-05 9.006813322599439e-06 1.2952008646927278e-05 3.5358399274811045e-05 0.00011544051453725957 2.2889209497235166e-05 0.0 0.0 0.0 0.0 0.0 0.0 8.164058455380339e-06 0.0 0.0 0.0 0.0 0.0 8.029680653623291e-06 4.104636889186929e-05 7.412391995817344e-06 0.0 0.0 0.0 0.0 0.0 0.0 0.0 1.2729118065044257e-05 0.00022547237138624226 0.0 0.0 0.0 0.0 0.0 0.0 0.0 0.0 0.0 0.00018536558074236416 1.449060994725947e-05 0.0 0.0 0.0 0.00020661030373315262 0.0 6.28964790517001e-05 0.0 9.03475399805689e-06 0.0 0.0 0.0 0.0 0.0 0.0 0.0 0.0 0.0 0.0 0.0 0.0011873265353922267 1.8704798791312855e-05 2.4151486732997477e-05
0.05005997534974566 0.22797180431679803 0.013805051522734374 0.06594457701017031 0.206102785566758 0.0021557614998507163 0.0 0.0037946804410214406 0.06734824417433459 0.15569022013825942 0.04155440237001461 0.012323152654528479 0.31591411629627075 0.24115405981152316 0.000895702543740222 0.00019119256610775493 6.360968712223849e-06 6.187875299380665e-06 0.0 9.669473567220837e-06 3.5116930786946833e-05 0.0 0.0 8.036751705129616e-06 0.0 0.0 0.0 0.0 0.0 0.0 0.011600132527066993 0.0026968336328847806 0.0001785373922876645 3.520606021863755e-05 0.0 0.0 8.667485581541747e-05 1.653371456133197e-05 1.4498546355105281e-05 6.128056122865794e-06 8.310282667446267e-06 0.0 2.3963139427303905e-05 4.4325689547535146e-05 6.606314836861272e-06 8.911449804785856e-06 0.009048643811084882 0.0001373579765620564 2.869317036511283e-05 2.9178463222371804e-05 6.549061634951482e-06 0.0 0.0 8.291291956964537e-06 0.00017325728714478862 6.795151829764276e-05 0.002692314169718304 0.006535666287898646 0.0019665356746348074 0.0021296377178192365 7.309691914276741e-05 3.9451908953387e-05 4.317871820491394e-05 0.007434498010698356 0.000151441700387478 0.0001313900346425797 3.129957766630025e-05 3.4163703302939464e-05 1.803187862300497e-05 6.701032176515839e-06 9.513500979714004e-05 0.0 0.0 0.014037036825992754 0.012893958215616067 0.01571435682292367 0.006102594639378157 0.00023133896270309987 0.0001068932304149692 0.0015182908521588108 8.557944699148143e-05 0.0002243253353122413 0.000682514974796408 5.409037559268354e-06 9.483552893320202e-05 7.710660282023712e-05 7.789413216762539e-05 1.288403785911997e-05 1.8571912650385094e-05 3.355483710614639e-05 1.2769688741196734e-05 1.9056508793583344e-05 6.391396435428649e-06 0.0 1.3365170873502901e-05 0.002059146610903218 0.0 0.0 0.0 0.0023242103459153603 3.3613801147065936e-05 4.4977116626497705e-05 0.0004000604868657415 0.00044595650176786555 0.0 0.0026290357545169156 0.0009699571359125728 0.0016151932233844138 0.001015706740925779 0.0005684074258650283 0.0003586392829701044 0.003320793272743757 0.0014397637339737962 0.0008642267757755961 0.000862375229484343 0.0 0.0 0.0 0.0 0.0 0.0 0.0 0.0 0.0 0.0 0.0 0.0 5.8311802994883766e-05 0.0 0.0 0.0 0.0 0.0 0.0 2.1174940292167907e-05 5.7188850401055424e-05 0.0 5.816037699185587e-05 0.0 0.00016222279855707524 0.0 0.0002085791432844682 0.0 8.62436897479914e-06 0.0 0.0 0.0 0.0 0.0 8.826019146845413e-06 0.0 8.276826764872379e-06 0.0 0.0 0.0 0.0 1.5577907475060632e-05 0.0 0.0 7.71994440855179e-06 0.0 0.0 0.0 0.0 0.0 0.0 0.0004812375890625196 9.288699743272755e-06 6.408043188581374e-06 0.0 0.0 0.0 0.0 0.0 0.0 0.0 0.0002943966893251534 8.985086291776507e-06 1.086308386893422e-05 0.0 0.0 9.751559656978316e-05 1.6292781526898277e-05 0.00021736354867143688 0.0 3.682202233157109e-05 1.2340626443611715e-05 0.0 0.0 0.0 1.4141559041929813e-05 0.0 0.0 0.0 0.0 0.0 0.0 0.001203191176759791 7.818133280744655e-05 5.881900004253124e-05
0.003206513667805068 0.08018658686923513 0.1998466889702661 9.745684148629988e-05 0.027393029266250826 2.448658405126246e-05 0.0037946804410214406 0.0 0.013857222410774589 0.0018921853651933315 0.20073411017024037 0.0006444253064992912 0.016901359701985086 0.0925427831436628 0.004035842088518104 0.004081367294821843 0.00034092711319938247 0.00011289237285947358 2.1121703274896692e-05 0.0009493792193816236 0.0027872289627937988 1.4323681346606457e-05 0.0007881137701075501 0.0007583800331604259 0.00033791909197689014 0.0007281187104844981 0.0002504350973218193 0.000215009236592952 0.0001554794434146014 0.00010942326547664388 0.10083763733886318 0.14592692328700535 0.008508266438813767 0.000959083428147896 0.0005926326552671919 0.0012998115582216411 0.0021043675138552294 0.0019811850979118513 0.0006806452656749507 0.0005036975125414363 0.0004425805144495048 0.00029311478712495183 0.0024208926457810124 0.0009783497148764151 0.00032345892394831347 0.0007649165028385634 0.007844694813841898 0.00011147741530824641 0.00018794974202605264 0.0006445211929785147 1.808642673462518e-05 2.993988367878501e-05 3.739916901666047e-05 0.00010372348976443434 7.893323320848709e-05 2.0781658548635677e-05 0.0013774740900298957 0.007972411008239597 0.000953701792971559 0.0010619656660623234 0.016506055203340426 0.014077916448553907 0.002134836888863786 0.09745054351144089 6.792956413917167e-06 4.474444933499966e-05 2.2289664051303436e-05 0.0001789312708090923 0.0019432631224999238 0.0018799829839675057 0.0012007940210252152 0.00012490217084896744 0.0 0.005659754273864584 0.0090779364252563 0.013263214807059212 0.08048344451218001 0.0656683381457238 0.13427062974958934 0.22100834265785307 0.03569926063342065 0.09289408961391891 0.00023114329564112525 5.521504356807461e-06 6.163406951408274e-05 4.7983775083101126e-05 0.0003962575461300089 0.0 2.1192668740744994e-05 7.952157444753515e-06 1.797956658308089e-05 1.9733585965671657e-05 0.0007365965895078829 0.0006421049244523457 0.00020839455948390464 0.0006433574755143947 8.621764615621524e-05 1.7652611791002424e-05 0.00017637822601320174 0.0012561816605965834 0.0 0.0 0.0 0.0 0.0 1.4767541010469064e-05 3.6362546506259275e-05 1.1035959807054297e-05 2.938195028927256e-05 1.0856950286795674e-05 3.656187770501785e-05 4.882117995856783e-05 0.00016958704800876958 7.507106950631605e-05 0.0003849135365006707 2.4311703711647376e-05 4.384156639766419e-05 0.0 3.311452801524363e-05 0.0 0.0 0.0 0.0 1.3322149490026785e-05 0.0 1.0520130205319406e-05 0.0 0.00012019566238604017 0.0 1.5025981044022877e-05 1.768551293429568e-05 2.8489303427220518e-05 3.2681193446596735e-05 2.428581683794841e-05 0.0 2.4989558228111523e-05 1.777767168099373e-05 9.745562010737191e-05 0.00012504464064100925 8.888109599841876e-05 0.0002348564153414785 0.0003122549067161948 0.00024526025278402556 6.916587614219638e-05 8.857882884605693e-06 2.0457886950546165e-05 0.0 0.0 9.11010075623818e-06 8.600073698094645e-05 0.0 0.0 9.392288121045308e-06 0.0 0.0 0.0 0.00014170681973577849 4.16591331669239e-05 0.0 0.0 0.0 0.0 0.0 0.0 0.0 1.6513177111566267e-05 0.00034342362081327414 7.083103467154037e-06 0.0 5.693903326866398e-06 0.0 6.600509454174317e-06 0.0 7.942532342843643e-06 0.0 0.0 9.184544682018037e-05 4.148282646567838e-05 0.0 0.0 0.0 9.709752043653964e-05 9.717312044204863e-05 0.00016749590078673932 6.050562440590277e-06 4.35704725150123e-05 3.1637745750368355e-05 0.0 2.2370201244064294e-05 0.0 0.0 0.0 0.0 0.0 0.0 0.0 0.0 0.00015277138513448022 9.886397392222885e-05 0.00020667908082411092
0.0004052402839219034 0.08449176368566645 0.03094908842517054 0.0005534398268473266 0.18022101278511388 0.0 0.06734824417433459 0.013857222410774589 0.0 0.007278025093916131 0.0652950220512892 0.0009289365823491936 0.0332904523686706 0.06564861385609277 8.989004016579607e-05 5.753070192775754e-05 7.531195086920978e-06 0.0 0.0 0.0 9.769948024937128e-06 0.0 0.0 0.0 0.0 0.0 0.0 0.0 0.0 0.0 0.002008323215553257 0.0006662827682132738 6.652844888246158e-05 0.0 0.0 0.0 0.0 0.0 0.0 0.0 0.0 0.0 0.0 0.0 0.0 0.0 0.0007678610521041395 0.0 0.0 0.0 0.0 0.0 0.0 0.0 0.0 0.0 9.007320498637781e-05 0.00043425226825636557 6.791697502145331e-05 0.00013120867605462004 8.51260740860757e-06 1.1186092318125921e-05 0.0 0.000684560854910341 6.198963103344688e-06 0.0 0.0 0.0 0.0 7.040720312369246e-06 0.0 0.0 0.0 0.0006792049254734035 0.0006716903964454853 0.0010075564094976339 0.0006342201841717571 6.594312673767671e-05 0.0 0.0009681366220718883 0.0 6.841274527712187e-05 3.617326854502738e-05 0.0 1.954978632331336e-05 1.2614693427178016e-05 0.0 0.0 0.0 8.032906434046281e-06 0.0 0.0 0.0 1.0708152150656989e-05 0.0 0.00020353307955536167 0.0 0.0 0.0 4.1813912141857747e-05 0.0 0.0 0.0 0.0 0.0 0.0 5.806477669346908e-05 4.319682425320609e-05 4.415425984471473e-05 3.98177991025512e-05 3.9474107274079866e-05 7.469160336980225e-05 4.1089146113123634e-05 7.303431424564786e-05 8.744617052000362e-05 0.0 0.0 0.0 0.0 0.0 0.0 0.0 0.0 0.0 0.0 0.0 0.0 0.0 0.0 0.0 0.0 0.0 0.0 0.0 0.0 0.0 0.0 0.0 0.0 1.7654823446476374e-05 0.0 0.0 0.0 0.0 0.0 0.0 0.0 0.0 0.0 0.0 0.0 0.0 7.0944303229677486e-06 0.0 0.0 0.0 0.0 0.0 0.0 0.0 0.0 0.0 0.0 0.0 0.0 0.0 2.822715610262962e-05 0.0 0.0 0.0 0.0 0.0 0.0 0.0 0.0 0.0 3.468644383118873e-05 0.0 0.0 0.0 0.0 0.0 1.7406366808697405e-05 0.0 0.0 0.0 0.0 0.0 0.0 0.0 0.0 0.0 0.0 0.0 0.0 0.0 0.0 9.620217529802745e-05 0.0 2.294743310202172e-05
0.11273285167899218 0.17936975578504546 0.014648531541531387 0.1439929367628876 0.046523381130777204 0.03857190077341652 0.15569022013825942 0.0018921853651933315 0.007278025093916131 0.0 0.008276690646705016 0.12829507551922534 0.4789111124250067 0.07954211249748568 0.0016010868299484297 0.0002705759152111731 1.1298000381650551e-05 1.3619339771633073e-05 0.0 0.0 5.667353240434801e-06 1.1869232094962736e-05 0.0 0.0 1.4981557147319377e-05 6.348227305417401e-05 0.0 2.3241084167050567e-05 2.0296592251205743e-05 0.0 0.009226203507994817 0.0009114989883279701 0.004086848396009138 1.715364301022865e-05 1.2065746343065003e-05 7.882023266097487e-06 0.0006618175471039114 2.807014105599964e-05 0.00013472462510796782 0.00022616458377698479 4.1445622389090746e-05 1.908238942127199e-05 1.0982463864264185e-05 5.598644514898618e-05 0.0 3.679467673055182e-05 0.016271973379587672 0.00010724534016190045 8.545627112533165e-05 1.5196359713651438e-05 0.0 0.0 0.0 1.960437588572936e-05 0.0002454711339915121 0.0002552121533357223 0.006063475391799008 0.008089866771888339 0.00397214939475775 0.00371327457358616 4.999983844720288e-05 0.0004049234669724006 2.9286300022803182e-05 0.006191698788354727 0.00017039678703323314 0.0001491482187713614 0.0 7.112649651174418e-05 5.4453421535873666e-05 3.9838903235799055e-05 0.001810140168633267 5.23277526147805e-05 0.0 0.02213001749352114 0.017768545282693095 0.021628934820962644 0.007052729260901336 0.00045915192311532526 3.6316786531165484e-05 0.002296040059168915 5.158468009760473e-05 0.0002082760806175187 0.0011047142987595975 6.76582374506804e-06 0.0001991452010883887 0.00017455410027509183 6.888231351947966e-05 0.0 5.7227200904447144e-05 1.602737605619454e-05 3.0756275272063114e-05 2.4803032486156197e-05 0.0 2.3550993029134677e-05 3.7012317824666755e-05 0.030383605459698433 0.0007814212512431062 1.877763294988638e-05 0.0001035091806329179 0.028792460207917907 9.046738388412025e-06 0.0004420520275917571 0.0015979113753340861 0.0008248836626691351 0.00035348690873836214 0.0019534838240806646 0.012434722192810822 0.0062035047523398374 0.004133233141913295 0.006263670448422399 0.0034760777174194886 0.00908301637132014 0.010862315591494111 0.004965948226079794 0.0068836794362153 2.975779885017031e-05 2.0998273593600054e-05 9.43527373191684e-06 2.8998954021287238e-05 0.0 0.0 0.0 0.0 0.0 0.0 0.0 0.0 5.624897745494071e-05 0.0 3.718764617356783e-05 0.0 0.0 0.0 0.0 0.0001814221201054492 0.0009582555666083862 0.0 0.0 2.808547387570777e-05 0.000777027238626176 0.00042365121474128344 0.0012996880246294452 0.00023666717404967512 0.00015100432748924684 0.0 4.661299613071746e-05 0.0 0.0 2.7617833947082865e-05 0.00012120414094173878 0.0 0.0 0.00014893344005343235 0.0 0.0 8.995616497364304e-06 0.00011140915947524062 0.0 6.448035257050167e-06 0.0 1.504678536877516e-05 0.0 0.0 0.0 7.227092175342952e-06 6.440039568888185e-05 0.0044328500456596 0.0 2.3651933098529695e-05 8.45530934898727e-06 0.0 0.0 0.0 0.0 0.0 7.991945666158088e-06 0.0015557013503025613 0.0 0.0 0.0 0.0 0.0015604723147529408 8.759927272507495e-06 0.0012372834671554153 2.2552509793412424e-05 2.087601418751056e-05 4.312347167577564e-05 0.0 0.00013114251377071117 0.0 0.0 0.0 0.0 0.0 0.0 0.0 0.0 0.008353505021982765 0.0003931981747531824 0.0005508824382351649
0.0036994673952747657 0.1259457218212731 0.17241606598426903 0.0003673295229376036 0.12460476858572023 7.482077938059732e-05 0.04155440237001461 0.20073411017024037 0.0652950220512892 0.008276690646705016 0.0 0.0025923335056793257 0.1364071779175227 0.26962706072082243 0.0029468287652140842 0.0020970793192321598 0.0001102308513310029 1.4985182104584003e-05 1.3273936536332862e-05 0.0001155037729941867 0.0003189151161048687 2.2707304667281642e-05 7.119962593626031e-05 0.00016148344979769106 6.632787756674406e-05 0.00010821943045602948 9.79613220872754e-05 4.3792774268467466e-05 6.991280131210405e-05 2.3204039647635764e-05 0.054076351631252725 0.009370100368034092 0.010224824079288628 0.00010262664208684718 8.668811325624053e-05 0.0001971195222753021 0.0016501941544032545 0.0003480982002392423 0.000285857945770253 0.00010172128629724243 0.00012338845706068234 9.646244087005335e-05 0.00014111874537171707 0.0003877510393700308 2.3883938880752472e-05 6.498966928692559e-05 0.009044829370308502 6.623484097168589e-05 4.1160210947317996e-05 4.3075905468059855e-05 0.0 0.0 3.14129751193777e-05 1.990072352376098e-05 4.181813330919879e-05 3.3916811006837206e-05 0.0007571250824947741 0.0027855824997089942 0.000647011898048815 0.0012647014639769034 0.0006024627268196924 0.0013870165328069583 0.00011399531323622261 0.004746799378006062 3.318777213922209e-05 6.631035239741208e-05 1.096301889848613e-05 2.8470220162222163e-05 0.00024998034802286575 0.00018063705282176697 0.001004787488389455 3.9596148069808014e-05 0.0 0.003285449167179664 0.004331088199474769 0.009672557700621687 0.008710322214278482 0.0021519357759405967 0.0030812935120026665 0.058400639172415024 0.0008775211049678192 0.007756980458376599 0.00028381691880634204 0.0 3.582509492023873e-05 4.6283515111372336e-05 5.552477981314612e-05 7.122686138037023e-06 9.095031972421047e-06 0.0 5.615385866716802e-06 7.837676024975233e-06 0.00012880588641873102 0.00013183917559208118 7.013093924794934e-05 0.0047712232362147325 0.00033109514967357285 0.0 0.00011314724585331306 0.0009528348427638004 0.0 4.5255685847869646e-05 0.00012836058279084528 4.808802099541511e-05 1.4109251269617372e-05 2.1349995520072074e-05 0.0006554584442453171 0.0002616926298025782 0.00019776775593953152 0.00042974536752010846 0.0004893257954007014 0.00033673795325433716 0.0011951278619083906 0.0005918424049305787 0.0007280503882166552 0.0 0.0 0.0 1.7000362509953533e-05 7.526703069859506e-06 0.0 0.0 0.0 0.0 1.8294464303956818e-05 0.0 0.0 3.6457754441633874e-05 0.0 0.0 1.3200665724855744e-05 7.607354394263559e-06 0.0 1.6888707125937478e-05 5.073347551405498e-05 0.00012180263421884039 0.0 0.00011490910113976534 7.90798736319683e-06 0.000308992036348266 4.771975225195556e-05 0.00044669374221485567 2.2076458760157057e-05 4.083080658355413e-05 8.450821306659637e-06 0.0 0.0 0.0 0.0 1.6542116013037378e-05 0.0 0.0 0.0 0.0 0.0 0.0 5.802545238028588e-05 0.0 0.0 0.0 0.0 0.0 0.0 1.9036861684198426e-05 0.0 7.371768966741965e-05 0.0009792960490363008 0.0 0.0 0.0 0.0 0.0 0.0 0.0 0.0 0.0 0.0005153757938800384 1.73443308663365e-05 0.0 0.0 0.0 0.0005292637206129069 2.4561249994318392e-05 0.00021393506363629968 0.0 0.0 0.0 0.0 2.9796219763132965e-05 0.0 0.0 0.0 0.0 0.0 0.0 0.0 0.0 0.0010467636508702323 0.0001054415747139907 0.00019847474298378682
0.008931447292069388 0.03437475455521804 0.0026491907491462486 0.017178311800621814 0.006590223423868136 0.0040541684409760425 0.012323152654528479 0.0006444253064992912 0.0009289365823491936 0.12829507551922534 0.0025923335056793257 0.0 0.17284531346016122 0.020671306424768214 0.0022669129449652387 0.0012836944485742114 0.0005455810290867107 0.00017255436341415882 5.382325701169356e-05 0.0002182608516502762 0.0008274210180549096 0.0008904546384840262 0.00036130545039461816 0.00018011829497682815 0.00033309675976978394 0.0018485330023725944 0.0008688069246105658 0.0020933695689704665 0.000860286074739606 0.00020636880571869417 0.0006190577522183687 0.00016932388144885765 0.0179513393508905 0.00027877002208658594 7.3342044385767e-05 0.0006187398336997722 0.02327966114964102 0.002391313467495003 0.006359430721329072 0.002315884526013322 0.0013451456354738151 0.0014390236919072663 0.00013342806011462026 0.00017564514654472586 0.0002644842176822248 0.000222633406382647 0.005683862434863057 1.0069165988622368e-05 0.00024190567565341854 0.00013751391388799587 3.202517100749279e-05 0.00010226210277937044 0.0019225813302747262 0.0009687282771033228 4.0557409626549895e-05 1.3741104607268713e-05 0.0003885932599194577 0.0004986602636363548 0.00039804972011839486 0.0004398280862154965 9.329168893366507e-05 0.005177155424201596 8.31628383416593e-05 0.0005761118682437741 0.0 3.6359153219195776e-05 1.4789995417585227e-05 3.115272828538277e-05 0.0002170205995503751 0.0007100555620625327 0.025664331211218572 0.0012091419915511395 2.5140751993119182e-05 0.0020805446751509275 0.001660744027541919 0.003548939112572763 0.0020943831221256447 0.0006789155603070954 0.0 0.001866972764775632 6.407250683435033e-05 0.0011577463918137124 0.00013709188970840815 0.0 2.8501672798939282e-05 1.1567001850843781e-05 1.6025835562920896e-05 6.308936607126125e-06 1.5103929549413832e-05 0.0 0.0 0.0 0.0005168989646957738 0.0012759947213654415 0.0006459089014579731 0.08924888398192106 0.006992211116083828 0.0003199670691637015 0.006229532440070296 0.0011374700990960612 0.0 8.453793499063448e-05 0.00042896161076295616 5.9459892373353036e-05 0.00020098944579357252 0.0005278293839629197 0.0023316793977421063 0.0013205556958506201 0.0010789105197107046 0.0019375414755308349 0.0012748073002921403 0.00334558920635527 0.004699605162223705 0.002329014268858764 0.0036018883670632233 6.237677976265969e-05 5.596176489091806e-05 1.7193108710372833e-05 3.78000112717808e-05 1.7358660917478002e-05 7.080465947339786e-06 1.3738376804214319e-05 9.885557133488521e-06 1.6916660293415575e-05 2.4236564207445036e-05 2.5412189406338913e-05 2.2266356779868432e-05 0.0003673701299541798 8.734166454653256e-06 0.00013662040110178525 1.7369222920936538e-05 0.0003183020934721143 4.2635968298680957e-05 5.681014911689679e-05 5.731389098519663e-05 0.0005926226724392362 9.992176700071502e-05 0.00023948411221395185 0.0004686510600315325 0.0008416034470136685 0.0006443812204549644 0.001573593044605484 0.0004739258657185577 0.00022313581160473745 2.4362717149243112e-05 0.0 0.0 4.942541048006198e-05 3.09867530530329e-05 0.0002679462579882819 0.0 7.506171298285013e-06 6.597339603934692e-05 0.0 2.0161472877677458e-05 0.0 0.0005518417476297709 4.429235004788094e-05 0.0 0.0 0.0 0.0 4.6581114790564444e-05 2.6433531336391056e-05 0.00014063106994542885 0.00026143203773455807 0.0037038401254632443 7.034548459221986e-05 0.0 0.0 0.0 0.0 0.0 0.0 0.0 0.0 0.001539129037100882 0.00018485282077079418 2.1942368274874932e-05 0.0 8.63089242154575e-05 0.0007395703973570948 0.00015766259777562456 0.0007932302297799276 1.0264492359124757e-05 4.830994798825081e-05 0.00010290980780399876 3.073560608826149e-05 8.855350808802106e-05 6.865841676211529e-06 6.456624089065315e-06 0.0 0.0 4.652263793845019e-05 0.0 0.0 2.433521483014661e-05 0.005267943663364803 0.0008851004448701392 0.0014691286990897205
0.029935083034429207 0.15019886035540644 0.018130279847056837 0.07664562290169642 0.09217082137562155 0.004248439420842646 0.31591411629627075 0.016901359701985086 0.0332904523686706 0.4789111124250067 0.1364071779175227 0.17284531346016122 0.0 0.26397075515487095 0.006139436198662204 0.004090014888166485 0.0005438162705410958 0.00015480232138480256 0.00012845472095499702 0.00043244192178485037 0.0010422828380156435 0.0004990817904063931 0.0004779352700290202 0.0004486857044963921 0.0012708356951327041 0.0026658837403777677 0.0014450839265787532 0.002792964800130526 0.0014174492295394325 0.0002869882459434993 0.006194791280620846 0.001331321569653961 0.09502849448555445 0.0004084594134795306 0.0004117735482611063 0.0016904286339396509 0.058218394208019816 0.007261988151811216 0.012155052941702939 0.008253208525592633 0.0016305143602141344 0.0014360749271525404 0.0002844960980448141 0.00036288704979784255 0.0003690879105526876 0.00024631907077602404 0.01770101576018409 0.00010891009837876459 0.00022508241592711736 6.685519812401846e-05 0.0 5.4198331635130204e-05 0.0012082855692776924 0.0009349786303420738 0.00019253838713852053 0.0001014203660118342 0.0016824666634448592 0.002813800735941062 0.001559028699370707 0.002249531482135343 0.0004712340175386857 0.011459437678542322 0.00021530880490103446 0.003673848406712596 0.00014106313657397996 8.977657627788159e-05 5.5616070364409074e-05 6.985450218737449e-05 0.000382487110826076 0.0007754234369275248 0.04751977607767888 0.0014226516956383382 3.499215707779221e-05 0.008656357235860352 0.008073416995756304 0.01805872348364782 0.01086323069673801 0.0029574667167512475 0.0005422525438125051 0.022553648047595912 0.00029268378061469866 0.004037409479951298 0.000698362327775214 7.447450283948993e-06 9.905404399113376e-05 0.00011420528650093561 8.151074646591394e-05 1.3312306345574673e-05 8.228280501354782e-06 2.2277296950861155e-05 0.0 1.3818785669853956e-05 0.0005053092926665481 0.0016791265770582048 0.0006064969243842281 0.12633959473321577 0.0028411499886051 0.00011149709648677856 0.0058319009669987 0.002289298651646024 0.0 0.00025138154674898654 0.0010119927990233392 0.0002750088626173704 0.0006711792922344704 0.0017117597687798202 0.006987475167902966 0.005339539389130891 0.004076198944999149 0.005738024195539919 0.0041728945931566825 0.009915757399710068 0.013169487300483887 0.007265712013513689 0.009894829289253898 0.00010573592987472884 0.00010257336702569497 0.0 8.75418077266333e-05 0.0 0.0 0.0 0.0 2.6706429748207582e-05 4.5928403872570666e-05 0.0 1.0340023658520177e-05 0.00025804964314524273 1.9268848728390234e-05 5.592563001773413e-05 2.158025639413786e-05 0.00019821567664574325 8.9535058957573e-05 7.058553580355956e-05 0.0003657305278278067 0.0011502277421224377 3.0686989415172965e-05 0.0004359015085444884 0.0003116437079184551 0.0019439652677505398 0.0008114154894071919 0.0029868428730142156 0.00031020490480326683 0.0002926591100095556 1.8792709115352083e-05 9.126456786001262e-06 7.4843142368835105e-06 4.2115803397961824e-05 4.090364358122326e-05 0.0003666065972106388 0.0 1.1358905796142748e-05 8.894905429420538e-05 0.0 1.123741408150403e-05 1.0189972913401888e-05 0.0004150273039965145 2.724781745637073e-05 9.892475441651456e-06 0.0 0.0 0.0 1.435262762972613e-05 8.263970772167438e-05 0.00011774427878982748 0.00041486976769193194 0.007353925386592209 3.7843334735028964e-05 0.0 0.0 0.0 0.0 0.0 0.0 0.0 0.0 0.00346743926880178 0.00014608908417510806 1.0253736729346169e-05 0.0 1.0769959261912372e-05 0.0024462219659614633 0.0001284439278491565 0.002026167852982215 7.883674427317693e-05 9.456887142133783e-05 0.0001942433117443234 2.7829493066764397e-05 0.00031263926518224994 0.0 6.340782742493679e-06 0.0 0.0 6.278917713688013e-06 0.0 0.0 0.0 0.014110000529091683 0.0011077241682333262 0.0019544198693580883
