0.0 0.24501066044080944 0.014361496528289459 0.1489502016376016 0.0015956115242490212 0.01271697207841387 0.05548736181399307 0.010487637692595931 0.002736159829946068 0.08776532799609273 0.012459522223656937 0.007126501314066565 0.013492447355980876 0.016243619935433155 8.441433607375475e-06 3.807197716246807e-05 1.2762170685514448e-05 0.0 0.0 0.0 0.0 0.0 0.0 0.0 0.0 0.0 0.0 0.0 0.0 0.0 0.009256742932859646 6.541520672503476e-05 0.00019212069567646684 0.0 0.0 7.138899210021935e-06 0.00016336450638251184 7.870891708211001e-06 2.7050032172749115e-05 0.0 0.0 7.935372604927179e-06 1.3722074461612747e-05 6.388638185785656e-06 0.0 0.0 0.0013844031477232364 0.0001950268220254597 7.34897169301463e-06 0.0 0.0 0.0 0.0 7.435033488993872e-06 0.0008308101292678591 0.0005071430578879349 0.009030536132771046 0.016915384421750047 0.004564278212666056 0.0007748462280810095 8.583612817143375e-06 3.251535269275e-05 0.0 0.0004937304973911237 0.0005082482475798677 0.00010010480081929968 1.3024648195908909e-05 7.2674963688066335e-06 5.0540918853350715e-06 0.0 0.0002474979105646488 7.100481341281781e-05 0.0 0.0020612212178898635 0.0006577571755766461 0.00015044184267667236 3.1686023027323e-05 0.0 0.0 0.0002654547074797858 1.358577846442646e-05 7.66505894028905e-05 0.0008860588715296591 4.416244515318955e-05 0.00023245647520824832 0.0001710003648802 1.9315738830170913e-05 5.478488406403693e-06 3.316998179457536e-05 6.438980881131065e-06 0.0 0.0 1.2584652576310657e-05 1.7756031342361995e-05 0.0 0.0010938882410417986 0.00017080792127955173 1.2644848426274797e-05 8.922366990005974e-05 0.03826009395319668 5.800853266038397e-05 0.00023551640190436963 5.3318683900381435e-05 0.0 0.0 0.0 0.0006284436641584302 0.0 0.00018676468347258906 0.000644391782670635 5.9519833365646935e-05 0.00023656310334973355 0.0011599612925405772 0.0005742671222947938 0.0002448677588685775 0.0 3.227011537265646e-05 0.0 0.0 0.0 0.0 0.0 0.0 0.0 0.0 0.0 0.0 0.0 0.0 0.0 0.0 0.0 0.0 0.0 0.0 0.0 0.0 0.0 0.0 0.000143943748056679 0.0 0.0 0.0 0.0 0.0 0.0 0.0 0.0 0.0 0.0 0.0 0.0 4.974552285241087e-05 0.0 0.0 0.0 0.0 0.0 0.0 0.0 1.3814034093296608e-05 0.0 1.3819356910067848e-05 0.00013066971381916798 0.0 0.0 8.025961059387484e-05 0.0 0.0 0.0 0.0 0.0 0.0 0.0 0.0 0.0 0.0001720454747637253 0.0 0.0 0.0 0.0 2.8758754472756993e-05 0.0 2.5104628494742417e-05 0.0 2.9448618697016325e-05 0.0 0.0 0.0 0.0 0.0 0.0 0.0 0.0 0.0 0.0 0.0 0.00016797629879880603 6.867952552843454e-06 1.9390031842418695e-05
0.24501066044080944 0.0 0.07068987056454525 0.07421311233771591 0.07406578861846291 0.008760381916307524 0.253199665547443 0.02421333138941522 0.12747548553398208 0.09478167068160438 0.1092830951526108 0.007556336814693535 0.06316656803849913 0.1530744595831598 0.00022606243165580354 0.00012448508235061268 2.2627711561139067e-05 3.3652964678651064e-05 0.0 5.891205297619777e-06 0.0 0.0 0.0 0.0 6.152852591998866e-06 0.0 6.91809005275325e-06 0.0 0.0 0.0 0.08795651979656126 0.0010519543008692869 0.0005109642903115788 0.0 5.917761832411301e-06 7.205988683195486e-06 0.0003082429163464265 6.899979220577591e-05 6.325515352653703e-05 0.0 2.570238496923333e-05 8.382444872629131e-06 5.6228675942695856e-05 0.00010193525731626976 2.0010999458530118e-05 3.756458781439518e-05 0.006861414402659292 0.0010219733306815269 4.943961466671257e-05 4.58370635000844e-05 1.953716640402832e-05 6.697215799001536e-06 0.0 3.358465299542307e-05 0.0028909563579884896 0.0017574340949553027 0.027479616537748573 0.05946251811949331 0.016846239692224815 0.003693363433174812 0.0001320736675936441 0.00011500941327437223 0.0 0.00887946755766581 0.0022154957787457233 0.0005861091867410193 5.6859535865658554e-05 0.00011648613878459072 0.00010110233932514454 0.00016371846615038135 0.00026125230212808694 0.0 5.779697380769558e-06 0.013386178235682573 0.007003059529275655 0.002834301423670968 0.000336975748267531 6.619476777062243e-05 5.9051013683765195e-05 0.0007105636657254795 0.0002212233897758442 0.00038004599047715084 0.0045887432045337555 0.0002230711180679294 0.0010683049887687747 0.0008173920006631813 0.0001346259671980154 0.00011218638966166293 0.00013561543421167904 6.409262449776473e-06 1.766698029701379e-05 0.0 0.00011903493119801076 1.7051340686523707e-05 5.157283584965005e-05 0.00015275819017234019 0.0 0.0 9.335213791159913e-05 0.06039987274746634 3.3588721525612014e-05 1.5905119926599675e-05 0.0 0.0 6.371229876741635e-05 0.0 0.0002603242187393458 1.2456360144540688e-05 0.00011197305480710081 0.00015430317689242663 0.0 0.00017282988879929376 0.0006134629812740951 0.00034070721594308155 0.0002521596150017304 0.0 0.0 0.0 0.0 0.0 0.0 0.0 0.0 0.0 0.0 0.0 0.0 0.0 0.0 0.0 0.0 0.0 0.0 0.0 3.86325465634616e-05 0.0 0.0 0.0 1.6864900585436595e-05 8.5083991142031e-05 0.0 1.7249307582242344e-05 5.641862464987518e-05 0.0 0.0 0.0 0.0 0.0 0.0 0.0 0.0 0.0 0.0 0.0 0.0 0.0 0.0 0.0 1.248184777621243e-05 0.0 1.2273093261144127e-05 0.0 0.0 3.165304411125352e-05 0.0 0.0 2.483741262078299e-05 6.924236009835184e-05 0.0 6.468837052870025e-06 6.253346938663421e-06 0.0 0.0 0.0 0.0 0.0 0.00010817743596267195 0.0 0.0 0.0 0.0 1.945624723020789e-05 1.0279644133243635e-05 1.3430256362493419e-05 0.0 0.0 3.3273027640346234e-05 0.0 0.0 0.0 0.0 0.0 0.0 6.08838490326475e-06 0.0 0.0 0.0 0.00024043553793098412 8.973248287991348e-06 6.291533526203384e-05
0.014361496528289459 0.07068987056454525 0.0 0.0002579835246873137 0.08190176897952336 0.0014780051660323375 0.025471417800609932 0.37353682450818254 0.08760501768084011 0.0015418696117905561 0.2760740603390202 0.00023839443251694704 0.004097509140284873 0.10789928122947738 0.000313489555137698 0.0001169232390258354 1.6503144334440993e-05 7.011447371967528e-06 1.115435500989694e-05 5.46477559639807e-05 4.6176800629840636e-05 3.782291707499468e-05 9.010003271789813e-06 1.923218890935179e-05 0.00020315707510372568 4.717048900891423e-05 6.587917624721764e-05 0.0 0.0 3.592462060844169e-05 0.3208763945167146 0.03174549193118152 0.002079428250874591 3.022164462176486e-05 0.0002759478232645486 0.00027937748336111777 0.0012549593605903175 0.00031643691727840413 0.000466355187998695 9.752030958893252e-05 0.0002631724695977947 0.0002740317106453341 3.6055228210781774e-05 0.00010713228787034136 1.365710722812847e-05 2.160567366370894e-05 0.0019428138766958277 0.0004011694350551889 2.8869320849171607e-05 0.00010493447635312201 2.4269886386951608e-05 4.57062832505502e-05 0.0 7.020472716310484e-05 0.0013435751892498676 0.000862728378337803 0.016598868544324588 0.06988884713208725 0.007705148183401361 0.0010699637278192347 8.314317157722729e-05 0.0011893685112895317 2.258362190187303e-05 0.017603220460360364 0.0009433144355294838 0.0002223949387282279 1.3392986739108153e-05 0.00015048970368653088 0.0005206405216520132 0.000662951488588408 0.0012090250651151382 5.4465246180984514e-05 0.0 0.004786607063840893 0.0028982116379173157 0.0011214316220059743 0.0002104155438167925 0.00028777053282820226 0.001230463017218624 0.02427251333335346 9.41508632674461e-05 0.004534633013439724 0.0016232459176438814 3.361534221345927e-05 0.00045264842441857477 0.00033623390686014597 0.00016782282016038357 7.614280806077856e-05 5.3914729941195235e-05 1.580150425074553e-05 1.2086451738330566e-05 6.832120523962986e-05 0.0006913892235288462 0.0002299406315212245 0.00013829693995715087 0.0003305321148747184 0.0001166224994065464 8.916105840451906e-06 0.00038800564501367287 0.02800719927713457 1.4100627492082866e-05 0.0 0.0 0.0 7.938878380737518e-06 0.0 1.9793749852427314e-05 0.0 1.5451249321844618e-05 0.00016915278847990845 0.0 1.559362853819804e-05 0.0001293943958839954 0.00010276864607761283 0.00011997820046412847 0.0 0.0 0.0 0.0 0.0 0.0 0.0 0.0 0.0 0.0 1.715379311652905e-05 0.0 0.0 0.0 0.0 0.0 0.0 0.0 0.0 1.2494760465533245e-05 0.0 0.0 7.5840492446201315e-06 0.0 0.00025960389738016363 0.0 4.97026096469757e-05 3.17600693333344e-05 2.875443357576793e-05 0.0 0.0 0.0 0.0 0.0 7.890803684597722e-06 0.0 0.0 8.019415938219065e-06 0.0 0.0 1.9854232976001318e-05 7.787030928099766e-06 7.87623735592267e-05 7.22764411321448e-06 0.0 0.0 1.7761653697297883e-05 6.770591328209615e-06 0.0 1.2451743954809795e-05 0.0 4.3060389526714775e-05 1.1013699435202697e-05 0.0 0.0 0.0 8.528260051173421e-06 0.0 7.203217365530558e-06 1.948958134665213e-05 0.0 0.0002038493261990292 1.1346194345365802e-05 0.0 0.0 0.0 2.6925407314569765e-05 3.3319006512760875e-05 2.736370570847296e-05 0.0 0.0 5.657092117390307e-05 0.0 0.0 0.0 0.0 0.0 0.0 5.6476147298612575e-06 0.0 1.3995564598765568e-05 0.0 8.43651717190948e-05 2.3696760440439298e-05 3.5824593258285774e-05
0.1489502016376016 0.07421311233771591 0.0002579835246873137 0.0 0.001106462559315572 0.041426494429185216 0.03748973031846657 6.866092067055838e-05 0.00020485635841369516 0.13302147597101135 0.0002193945720120772 0.013546949866124678 0.03827007829704068 0.005279316822433965 9.494810744244742e-06 0.0 7.16012066348744e-06 8.948407847440676e-06 0.0 0.0 0.0 0.0 0.0 0.0 0.0 0.0 0.0 0.0 0.0 0.0 0.002971851633852229 3.0980659707826803e-05 7.108787841200981e-06 0.0 0.0 0.0 1.80566162395754e-05 7.412303495291358e-06 0.0 0.0 0.0 0.0 0.0 1.2985399733782472e-05 0.0 5.530408040464653e-06 0.0013697271927970592 0.00015993510195473835 0.0 0.0 0.0 6.126567764266916e-06 0.0 0.0 0.000520480499401906 0.00027297314324322786 0.0038629610023375336 0.006035313441183767 0.0026740905829201306 0.0005027004446270266 6.591740156244789e-06 0.0 0.0 0.0005342639263553406 0.0003118136461822703 7.268846083059344e-05 2.3691188087149802e-05 1.1766710078276233e-05 0.0 6.279095427980898e-06 3.7370054050585544e-05 0.0 0.0 0.0019134681741233295 0.0007655819621919541 0.0002120146346768303 7.091575953718773e-06 0.0 0.0 2.5299375944833284e-05 1.226938228989817e-05 1.213189946118083e-05 0.0007865575490713653 2.042684664149505e-05 0.00011657097695537463 0.0001130332425455779 1.2195864774882922e-05 3.251999246816315e-05 2.8829545011189958e-05 0.0 0.0 0.0 0.0 5.475470382502379e-06 0.0 0.00105840397125333 0.0 0.0 0.0 0.03084138589655374 2.222634221336937e-05 7.324068137178244e-05 0.0 0.0 5.34389623890349e-05 0.0 0.00028360984205756646 0.0 0.00014140890610259894 0.0003112106956688332 4.7956258277784996e-05 0.00013689270079591943 0.0003625275386555679 0.00038135763508013207 0.00011900094564502269 0.0 0.0 0.0 0.0 0.0 0.0 0.0 0.0 0.0 0.0 0.0 0.0 0.0 0.0 0.0 0.0 0.0 0.0 0.0 1.869465139879363e-05 7.737222212600603e-05 0.0 0.0 0.0 2.1136920493451155e-05 0.0 1.6693681740249395e-05 0.0 0.0 0.0 0.0 0.0 0.0 0.0 0.0 0.0 0.0 0.0 0.0 0.0 0.0 0.0 0.0 0.0 0.0 6.227977707116599e-06 3.843078614660912e-05 4.659717013152108e-05 0.0 0.0 0.0 0.0 8.720681952993974e-05 0.0 0.0 0.0 0.0 0.0 0.0 0.0 0.0 0.00015859280398395796 0.0 0.0 0.0 0.0 7.943853072838686e-06 0.0 8.195471735123065e-06 0.0 0.0 9.44009290484108e-06 0.0 0.0 0.0 0.0 0.0 0.0 0.0 0.0 0.0 0.0 5.7961185818398554e-05 0.0 0.0
0.0015956115242490212 0.07406578861846291 0.08190176897952336 0.001106462559315572 0.0 0.00015025653987718357 0.0682804872413808 0.002161138271489565 0.14451657014177108 0.01911825020774732 0.08781311039864603 0.001223581570353536 0.004426382438748094 0.015926962453816865 0.00015070929487916797 7.074269251793908e-06 2.0125704650466792e-05 7.276021649514425e-06 7.1192348832988815e-06 0.0 0.0 0.0 0.0 0.0 6.280344053999464e-06 0.0 0.0 0.0 0.0 0.0 0.007419600100165774 0.0003391192240333992 5.699360301587177e-05 0.0 0.0 0.0 0.0001328419075117495 0.0 2.078385603808007e-05 0.0 2.46059545279763e-05 1.2098560627600138e-05 7.83797411491538e-06 6.676591063297073e-06 0.0 2.389388532730144e-05 0.002103218103531176 0.00018229127957521083 1.1449913326508222e-05 1.2373682893964997e-05 5.693089812102937e-06 0.0 0.0 0.0 0.0004121924819679828 0.00025303530468419723 0.002880138011211985 0.004419578286880891 0.002259798498800696 0.0011834858411786061 5.3925239721207934e-05 3.0804616175477576e-05 0.0 0.0034950097596265902 0.00041599289672504135 8.014412141385996e-05 1.89799938129931e-05 3.048517311016059e-05 4.7044479199472873e-05 6.921307186984154e-05 0.00010729729849224543 0.0 0.0 0.003278189075193852 0.002144819529924979 0.001512247974189083 0.00018805703310063139 5.600368127025425e-05 3.651138143786544e-05 0.00025293746514192737 4.294395597598248e-05 0.00012197635823763427 0.0007463612269616193 7.012942232508829e-06 0.00017646085175047958 9.605898505751271e-05 2.9447563001878602e-05 6.50762842447436e-06 1.406019267013902e-05 6.221822315761762e-06 0.0 7.280393491577161e-06 2.396185313128216e-05 0.0 1.6347917525249786e-05 0.00011346720730622362 6.939548778182236e-06 0.0 0.0 0.0008119729486477731 3.6030492018946675e-05 0.0 0.0 0.0 0.0 0.0 0.00012314435565798407 0.0 4.2776189602963726e-05 0.00011525918753630432 1.472652640264011e-05 0.00010755953401353998 0.00021835449908685415 0.00023277828816291828 0.00011846917058835298 0.0 0.0 0.0 0.0 0.0 0.0 0.0 0.0 0.0 0.0 0.0 0.0 0.0 0.0 0.0 0.0 0.0 0.0 0.0 0.0 0.0 0.0 0.0 0.0 0.00015568483181947182 0.0 0.0 1.9112672709948804e-05 0.0 0.0 0.0 0.0 0.0 0.0 0.0 0.0 0.0 0.0 0.0 0.0 0.0 0.0 0.0 0.0 0.0 0.0 1.2999801623080848e-05 0.0 0.0 0.0 0.0 1.3241000130945098e-05 2.7614229995100727e-05 0.0 0.0 0.0 0.0 0.0 0.0 0.0 1.148824336216766e-05 0.00025683291180164024 0.0 0.0 0.0 0.0 6.270411934516542e-05 0.0 9.505761104801963e-06 9.054076421078272e-06 1.7315502214631145e-05 0.0 0.0 0.0 0.0 0.0 0.0 0.0 6.1333462893469226e-06 0.0 0.0 0.0 0.0001621417548008077 0.0 7.723523082290686e-05
0.01271697207841387 0.008760381916307524 0.0014780051660323375 0.041426494429185216 0.00015025653987718357 0.0 0.009910984656363949 0.0002427177979835165 0.0002802875770065759 0.03697791256703463 0.00026628375741902125 0.006707616308435214 0.004651902753025559 0.001291532392171315 4.840962697922167e-05 4.038636563136779e-05 0.0 0.0 0.0 0.0 0.0 0.0 0.0 0.0 0.0 0.0 0.0 0.0 0.0 0.0 0.010453102344618196 0.0 0.0010830595283579424 0.0 0.0 0.0 0.0014602426693827557 2.6600340007462312e-05 0.00013379743850235775 0.0 0.0 7.282097792976888e-06 7.329772947659288e-06 1.936492346851761e-05 0.0 8.814581742900106e-06 0.0001627386612473102 1.364088358073274e-05 0.0 0.0 0.00011860371935819784 9.540322903178922e-05 8.081327222024954e-05 0.0 9.192829433127762e-05 0.00014450215653746433 0.00831430633897028 0.007373112395431019 0.0007144975542169852 5.4784016110929955e-05 0.0 1.5907812468085877e-05 0.0 4.552695564780382e-05 7.150986966520209e-05 3.0494039439833777e-05 4.225377523186729e-05 2.183676429158611e-05 1.9362067714110207e-05 0.0 0.006151729555021171 0.007102057229019334 0.0006872120388188962 0.00026093973240229264 3.42462474209319e-05 7.328444130321053e-05 0.0 7.969535993959495e-06 0.0 0.00045246148760301935 1.5913029621000614e-05 4.392814357053023e-05 6.309728559264693e-05 3.757470984579162e-05 4.1969118217594145e-05 0.00011259227047873434 1.2544629088665333e-05 0.0001618477300252566 0.00020070066875112468 0.00019747051522361173 0.0001544626519547055 0.0002386798824818576 8.75738457657783e-06 5.5312958998874495e-05 0.0 0.013299445201564059 0.005765116485577141 0.0007168161881086911 0.0008913644608468711 0.025407498425684592 2.071291219271245e-05 0.00010051260764318393 0.0 0.0 7.361944101282908e-05 0.0 0.0010874128066018878 6.299408172280496e-05 0.0005136756116614162 0.00103669177710114 0.00022076421380772278 0.0004934996039395502 0.0020780897874640315 0.0008673211154096902 0.00013350315900143833 7.84686497369812e-06 0.0 0.0 0.0 0.0 0.0 0.0 0.0 0.0 0.0 0.0 0.0 0.0 0.0 0.0 0.0 7.315967304408309e-06 0.0 8.403519151437372e-06 6.664767655125516e-05 0.0 0.0 0.0 0.0 9.21680621316563e-05 0.0 1.8361684774985433e-05 3.9866334357606375e-05 9.298515601684321e-06 0.0 0.0 0.0 0.0 0.0 0.0 0.0 0.0 1.2542273350721735e-05 0.0 0.0 0.0 2.6346874586257384e-05 0.0 0.0 0.0 0.0 7.1552605978020335e-06 0.0 1.991631615225948e-05 0.0 0.0 5.026350311524341e-05 6.900910713512556e-05 0.0 0.0 0.0 0.0 0.0 0.0 0.0 0.0 0.00026237267581054167 2.545920998119614e-05 0.0 0.0 0.0 7.375356052325692e-06 0.0 0.0 3.9887102022545305e-05 4.4273915332948164e-05 4.9959056298417616e-05 3.0423760238992103e-05 0.0 0.0 0.0 0.0 0.0 0.0 0.0 0.0 0.0 0.0004756992989696005 3.537617424812708e-05 9.016874724457903e-05
0.05548736181399307 0.253199665547443 0.025471417800609932 0.03748973031846657 0.0682804872413808 0.009910984656363949 0.0 0.005161940369900482 0.09493266033760166 0.14991176567968748 0.07823652685813445 0.02588076920695572 0.1261367760261686 0.12824559069605063 0.0008544394898475461 0.00012036073334262224 0.00010450145690662105 2.5993444081097697e-05 1.3719987128733203e-05 6.644012632112278e-06 2.1128840982137978e-05 0.0 0.0 0.0 2.7532440981318735e-05 0.0 0.0 0.0 0.0 0.0 0.019349113747958595 0.0015111896558517811 0.00037309867399037483 0.0 1.380073412707317e-05 1.2568517611080203e-05 0.0004939812881959609 3.905858983686525e-05 5.181246826821259e-05 2.6231077377232327e-05 4.535643871252052e-05 5.96741318423846e-05 9.791888261821409e-05 9.705224229031474e-05 1.195506580847607e-05 0.000116239250938453 0.011011792279482178 0.001048202885367113 5.4439035412294846e-05 6.62628978440971e-05 6.27910391882651e-06 0.0 0.0 2.336694014664388e-05 0.0023286643450866657 0.0012373104058868236 0.018188894148799675 0.02418347082932422 0.012953067446551393 0.0059252463467748115 9.519684110407841e-05 0.00017243181861675784 0.0 0.012913295704931037 0.0019342140072113334 0.0005132827223098443 7.749208031780171e-05 8.939461750990099e-05 0.00017117354888443267 0.0002035129221978892 0.0009155885471408795 0.0 0.0 0.016694965277323125 0.009784890285647718 0.006659861536980367 0.0007147887171058515 0.0003326177712839664 0.00015430601991056557 0.0015411961495214507 0.00022023033962533244 0.0003845665289453742 0.004005876574087119 7.120222368643529e-05 0.0012098816145447416 0.0005722002693348665 0.00017130106110183364 0.00010823567278586801 8.857099699472055e-05 2.4611541976102444e-05 3.0245276060243156e-05 2.416636788410835e-05 8.501887579046212e-05 1.4742997227985865e-05 4.739207507855639e-05 0.001919397789176215 8.309900125492794e-05 7.767508115470244e-06 9.501550871834037e-05 0.010729185417147348 0.0002656286325461548 0.0001703276705609085 4.3622304726737763e-05 0.0 0.00015677501205493136 0.0 0.001841272238000425 0.00011765916750267913 0.0013144450517940459 0.002090135873722324 0.0004510571974967143 0.0013792291957592509 0.00710372112201308 0.0050978055086346495 0.00410210063627816 1.105385358752771e-05 6.774188144753463e-06 1.2722861372327799e-05 0.0 0.0 0.0 0.0 2.986018224837015e-05 0.0 7.431426766463486e-06 0.0 0.0 2.0048148794935884e-05 0.0 0.0 0.0 0.0 0.0 0.0 0.00045825109332890414 0.0002290824735480912 0.0 6.552103049246158e-05 0.0 0.002407161921247791 4.633440770608499e-05 0.0006049810085960603 0.00022586171608467495 0.0 9.680754602577209e-06 0.0 0.0 3.7869688426333077e-05 1.7434011777115503e-05 2.5586765124538822e-05 0.0 3.234239039393053e-05 0.00017228605108129166 0.0 0.0 0.0 2.4888617608671636e-05 1.2218512690411195e-05 0.0 5.0529418474683315e-05 0.0 4.5792991294223225e-05 0.0001462564775086889 6.0759030771873655e-05 0.0001872669518973308 0.00010324276357544258 0.001059687881924261 0.0005641429214873044 9.882921636591766e-06 6.528123438926419e-06 6.00605058850904e-06 0.0 0.0 0.0 0.0 0.0 0.0036714091602970955 0.0 0.0 0.0 0.0 0.0005443523217385991 7.15285589598207e-05 0.000339206133027085 9.647924889533671e-05 0.0002614633406806248 0.0003348034493828066 5.9080353329062775e-05 0.0 0.0 1.0072387308998507e-05 0.0 0.0 7.684355849253934e-06 0.0 0.0 0.0 0.0021975752985924093 0.00034165347304342727 0.0007633965534416056
0.010487637692595931 0.02421333138941522 0.37353682450818254 6.866092067055838e-05 0.002161138271489565 0.0002427177979835165 0.005161940369900482 0.0 0.011173014917698919 8.82296433023026e-05 0.11983040273492832 0.0004061112987169377 0.0037126907851232106 0.06476159185613284 0.0018786544165068301 0.0011370631890575064 0.0001319219168423036 0.00014583891517491043 3.608656697850727e-05 0.00016534454233291406 0.00041738278918747085 0.0002446837914904179 0.0002950546504990074 0.00023649240338032042 0.0014279257453933827 0.0004953100494002681 0.0003046429346040231 7.599274368571925e-05 0.0 0.0002010554785469826 0.13830144752726756 0.1573579152295058 0.010672636943882388 1.7647004167571333e-05 0.0016710446146016454 0.0016533883139015569 0.005843202043926673 0.004017284207719618 0.002369324406050622 0.0004558513001611328 0.0013718149912579697 0.0016009897230324821 0.0003171373002452355 0.0006712524595519704 2.457340345618292e-05 9.555042916159555e-05 0.0074621439420239945 0.0007504038397877559 0.00016085652757709268 0.0004797492917557148 0.00015926096371997922 0.00018089143725686535 4.850767879263193e-05 0.00039626901285230265 0.001242320584062082 0.0005833947912333569 0.012055811698800444 0.03177358407219559 0.00674657087456392 0.0038245833113353896 0.0012838498137390756 0.010804128893265475 0.0001502889069806554 0.03498940931283358 0.0010156749077303653 0.00041714982727156355 4.397238983872644e-05 0.0007463742047474229 0.0019331038357515943 0.003639239434550675 0.003249031568912342 3.656459451074125e-05 1.5223620600408807e-05 0.010333346862336454 0.009665274241919476 0.008836520202521299 0.002577775759721778 0.005638755778732899 0.06607690276851216 0.0892945686029032 0.001701107254931349 0.07884272141848102 0.0019953656249663324 1.891863896260297e-05 0.0006919136728726078 0.0002458773364500724 0.0006397559526704142 9.100358369509888e-05 9.285866600291116e-05 0.00012177148309558325 0.00010852650641860999 4.5865313958575455e-05 0.0039277624449855315 0.0013163480130368355 0.00042373748002907366 0.0014607806474738587 0.0002477497334789415 8.444843153602219e-06 0.001976744189657535 0.006558858357995696 8.835624888607768e-06 0.0 0.0 0.0 1.975215414320289e-05 0.0 3.5832870417616244e-05 0.0 7.61027925922652e-05 7.685117855476222e-05 5.93543005567377e-05 0.00014004125163654017 0.000538037987414475 0.00045841609027111254 0.0007689654566175052 2.342817329491359e-05 1.4614353841263952e-05 0.0 7.972604019507189e-06 0.0 0.0 0.0 0.0 0.0 0.0 6.226320105367738e-05 0.0 4.119973863932219e-05 0.0 0.0 8.68634827533578e-06 2.785593984055625e-05 7.212488991567612e-05 0.0 4.3159292783254426e-05 0.00010390089845307827 3.559884007030285e-05 1.5074134074564746e-05 0.0 0.0004904672272071569 7.047277797021605e-06 0.00033822076143128805 0.0001592959280787809 4.873971331951292e-05 1.9492155016299763e-05 3.8614895510575816e-05 3.652046192553351e-05 0.0 3.3172729998271684e-05 3.050011747015082e-05 3.166784837229116e-05 0.0 2.1690845807753538e-05 0.0 0.0 6.271067522140495e-05 7.149298326013496e-05 0.0002831776787713313 0.0 0.0 0.0 5.4680785353410205e-05 4.5358451514644136e-05 0.0 3.193228066403088e-05 0.00019824634029713028 0.0003319290405875962 8.812805741026326e-05 0.0 6.105419426416399e-06 0.0 0.0 1.5171981635966675e-05 0.0 4.759128729829807e-05 7.560778808594426e-05 0.0008382043746213889 1.7836425027181795e-05 1.217864817026427e-05 0.0 3.424220247642521e-05 0.00015177835177760017 0.0 0.00018347636953949066 7.4828878948614125e-06 9.323276275457602e-05 6.981072928446699e-05 7.382511004894487e-06 5.090141279863204e-05 0.0 0.0 0.0 0.0 1.1980660990858894e-05 5.7920900529680205e-05 2.3921953704325494e-05 1.3801136498812437e-05 0.0003448151205416904 0.00016218210943143185 0.0003752730069043369
0.002736159829946068 0.12747548553398208 0.08760501768084011 0.00020485635841369516 0.14451657014177108 0.0002802875770065759 0.09493266033760166 0.011173014917698919 0.0 0.02476528728604135 0.11022687245621111 0.003533792990396841 0.017121029192915874 0.051566981384713106 0.00043272907986471377 0.0001505512066550056 3.1324713017435656e-05 0.0 0.0 0.0 0.0 0.0 0.0 0.0 8.840728830247688e-06 0.0 0.0 0.0 0.0 0.0 0.008446153502879533 0.0005124498269609741 0.0003649359726738901 0.0 1.372250513617071e-05 8.826447227928817e-06 0.00021420478697959421 2.7528939922644854e-05 3.7253374737044154e-05 0.0 2.53110532161176e-05 2.6278737437078082e-05 5.211465463325109e-06 0.00011984038366215035 1.1546700947349623e-05 2.24928038172103e-05 0.002970688643200509 0.0002951365253646728 3.281328655927798e-05 2.8200973371119608e-05 6.133111375951665e-06 0.0 0.0 8.410132576741597e-06 0.0002696027355693327 0.00015772725142772416 0.0031370951101215416 0.004380737559406153 0.00182815093615035 0.0013847930100883473 5.204291123325504e-05 4.703958894411418e-05 0.0 0.004352863022726853 0.00034225459330792135 6.56537358053814e-05 2.535137152479111e-05 2.7561744304665646e-05 5.974228125611868e-05 6.985787942186243e-05 0.0005063972639919177 0.0 0.0 0.003922902956677626 0.0029797717451055966 0.0028652539017904963 0.0004664188594347962 0.00039663603861642756 1.3659225222394946e-05 0.0026787405987648005 7.886448729883482e-05 0.00015300321474957977 0.0007168089114540018 6.172432010265799e-06 0.00016925703106319696 8.248994771035064e-05 2.6401880642698196e-05 1.2811379852970696e-05 1.538959870699901e-05 0.0 1.1027457907089167e-05 2.7137158626425347e-05 9.355654275514605e-05 1.687353105828725e-05 8.512035932064044e-06 0.0008017871793036123 2.6229332036745476e-05 0.0 4.677210985394079e-05 0.0009457214445008838 8.798483146791693e-05 6.520729421882297e-05 1.6179157251580818e-05 0.0 0.0001485758392545489 0.0 0.00034129926043704404 1.2499325710190466e-05 0.0005209134079957004 0.0005964859826580383 0.00012369809841910584 0.0004686919437135042 0.001940907282786257 0.0017113036821736073 0.0016461888188283994 3.6270121607227336e-05 0.0 0.0 0.0 0.0 0.0 0.0 0.0 0.0 0.0 0.0 0.0 0.0 0.0 0.0 0.0 0.0 0.0 0.0 0.00017055940979504762 8.20024566589688e-05 0.0 9.530720417191196e-06 0.0 0.0008331437221426783 2.908395008597591e-05 0.00036164704692819396 0.00010093137614875293 0.0 0.0 0.0 0.0 0.0 0.0 5.0226604730496835e-05 0.0 2.3822047584576372e-05 7.890345886505159e-05 0.0 0.0 0.0 0.0 0.0 0.0 0.0 0.0 0.0 0.0001350141243182996 2.1944988609752823e-05 0.00012704684547413194 0.0 0.0007529354316348212 0.00023054621938565126 0.0 0.0 0.0 0.0 0.0 0.0 0.0 0.0 0.001436331741041457 0.0 0.0 0.0 0.0 0.00032490506261436037 0.0 0.00015916518886833383 1.8783984528901614e-05 7.347222814675442e-05 5.531631665660028e-05 1.7964424053064506e-05 0.0 0.0 0.0 0.0 0.0 0.0 0.0 0.0 0.0 0.0010643927420275919 0.00022607955863482963 0.00038216580744514933
0.08776532799609273 0.09478167068160438 0.0015418696117905561 0.13302147597101135 0.01911825020774732 0.03697791256703463 0.14991176567968748 8.82296433023026e-05 0.02476528728604135 0.0 0.0026685448786212965 0.12194410315388861 0.4867366144012636 0.07308146139195906 0.00015617969575512652 6.405012498519628e-05 0.0 0.0 0.0 0.0 0.0 0.0 0.0 0.0 0.0 0.0 0.0 0.0 0.0 0.0 0.0022467710302289034 0.00012788964775297648 0.002987389353002357 0.0 0.0 7.4305668324884776e-06 0.014734640467449501 3.3493327346878214e-05 4.524105236608033e-05 6.527884280108359e-06 1.0956978699661966e-05 0.0 0.0 0.0 0.0 0.0 0.002781564136744152 0.0001951919571797661 0.0 0.0 0.0 6.428212130327203e-06 0.0 0.0 0.00032879796296381706 0.00027745568093191607 0.004886092293788185 0.0040190088475248655 0.0023866348010216174 0.0009103861744297776 2.7792273121591506e-05 7.576668624243528e-05 0.0 0.0014843492744500263 0.0002459433037164843 7.717631473206183e-05 2.5840547065599608e-05 5.384721639745474e-06 2.288469455099546e-05 2.914486246896695e-05 0.007778888787837642 0.00021658601255486739 0.0 0.0025555030169239954 0.0014563800568230232 0.00121831585074532 4.2305371270367717e-05 1.4046037015363382e-05 6.924876125251576e-06 0.0031394717303564975 7.245895940598657e-05 4.404479693982114e-05 0.0006903088511634957 1.0365948861750107e-05 0.00014218291083316107 9.183354356995573e-05 4.3091312243005294e-05 6.01462733317551e-05 4.189176331207605e-05 2.324189263303852e-05 7.976698493946608e-06 0.0 0.0 0.0 0.0 0.0095850338385618 0.0018253888768091327 8.98532283650756e-05 0.00035276528891680964 0.023714423822032916 0.0006865210670109984 0.0014195691112762724 0.00032168517782118756 0.00011764397926673436 0.0011559393063369993 0.0001746853574405813 0.00814785836124848 0.0006718677916051636 0.004530140598067308 0.007791579625985743 0.0010974410438722743 0.0056366276742278705 0.024638186131703547 0.01567436385030417 0.00862376904076301 6.73754844776986e-05 7.915183260917143e-06 0.0 0.0 1.0777513356531221e-05 0.0 5.1368310247410024e-05 2.1062272752542258e-05 0.0 0.0 0.0 0.0 0.0 0.0 7.3039291721854985e-06 0.0 0.0 0.0 0.0 0.0013168750200119803 0.0006322523650373785 0.0 0.00012848954392056147 0.0 0.004562282881400712 8.338707583455979e-06 0.001345152638831296 0.00019846646216761804 0.0 0.0 0.0 0.0 3.254214178236856e-05 0.00014758643120509085 0.0 1.4961192619947083e-05 0.0001259107783504185 0.00022558273331383863 0.0 1.6192897326635126e-05 7.874405974866955e-06 1.306189706389378e-05 1.6930997101387224e-05 0.0 4.1723843632122636e-05 6.422827990782096e-06 0.00012806350489258066 0.0003108969858111587 0.000305917982247277 0.00012923017019359672 0.0004715991941561133 0.0021089210667815843 0.0009885565704783794 7.178314470093271e-05 7.20466788498922e-06 0.0 0.0 0.0 0.0 0.0 0.0 0.007697372058021025 5.4815982257803425e-05 0.0 0.0 0.0 0.0014998705105102525 0.00024141449233435323 0.0008634784138829169 0.00018146158150142704 0.0006299616207432254 0.0004873753966303633 0.00018284062455001937 4.187349242746061e-05 0.0 0.0 0.0 0.0 8.652605654874883e-06 8.500494042595875e-06 8.771449190619965e-06 0.0 0.008814620324830852 0.0008009100428753959 0.0016757098965150114
0.012459522223656937 0.1092830951526108 0.2760740603390202 0.0002193945720120772 0.08781311039864603 0.00026628375741902125 0.07823652685813445 0.11983040273492832 0.11022687245621111 0.0026685448786212965 0.0 0.00526976522632941 0.03870609234638875 0.1105858717329386 0.0012591408544044152 0.0008348400973380254 2.7964267464011248e-05 5.227353061920075e-05 0.0 6.714302021968692e-05 4.723349013992575e-05 6.852896585404794e-05 3.078104747491408e-05 7.695507159823967e-06 0.00029389137823424054 7.782704842260605e-06 7.414663856028682e-05 0.0 1.1482096933372075e-05 9.332054441850535e-06 0.031402936359095496 0.005671733646182951 0.031096425615349515 8.427522771981648e-06 0.00014605741482217276 0.00014003005598488752 0.017133764132044378 0.00230158969182021 0.002506860353026397 0.0002096514861118645 0.0001917535510405033 0.0005039616946461615 3.915361466381493e-05 0.0004589881237288227 6.7257228697155265e-06 6.355917910307774e-05 0.004003954362682188 0.00032098226882778673 2.3108240590832985e-05 7.119712634878635e-05 1.8822509382296465e-05 0.000103448577899361 4.691351545333074e-05 0.00014219966138469836 0.0005192377032922808 0.00030622211584624247 0.004127648387382254 0.009325211131618508 0.0025991557231234462 0.0020676953989866185 5.513729425258228e-05 0.0026935664270220103 7.159830276567524e-05 0.00583146787595763 0.00035291091069275944 0.00017397578454851625 6.510512009986823e-06 6.803928322107093e-05 0.00015695763033206592 0.00024827290919586113 0.009386731811053723 4.03062648807216e-05 0.0 0.005285381030597777 0.0038871515120542854 0.005962544492325625 0.0012132954788381912 0.0021270719573517 0.00258362935859247 0.04524038304026819 0.00021361805067928005 0.0029175293051128676 0.0008035617740555895 0.0 0.0002481368976420028 0.0001097650665397022 6.121515475271133e-05 1.83005747439771e-05 2.973953016250978e-05 1.902343392256985e-05 1.0215542966011756e-05 2.5426781554950478e-05 0.0003880500860996045 0.00037597824144600795 0.00011668987332304792 0.00446129161554415 0.0004744086286421347 0.0 0.002195436543736701 0.004841357436862941 0.00010211205889244665 4.408861017489115e-05 0.0 0.0 5.5965321988348816e-05 1.3867714162681057e-05 0.0001636357940886557 5.2331686307649855e-05 0.00010915667339422807 0.00013183675130225 1.817612111785091e-05 0.0003508070263248376 0.0014754533508778798 0.000835673492231646 0.0013546901236221578 2.1150214327397205e-05 9.729899616977723e-06 0.0 0.0 0.0 0.0 0.0 0.0 0.0 0.0 0.0 0.0 0.0 9.332575213714716e-06 0.0 0.0 7.609053369805647e-06 1.8902917218525615e-05 0.0 0.00016667208557258963 6.308167470127617e-05 0.0 0.0 0.0 0.0009443327921736272 3.534580154994674e-05 0.0004368486244692289 0.00012142152345942416 2.35704907167795e-05 5.918201941242175e-06 0.0 8.140549171997438e-06 0.0 3.860193895188601e-05 3.548869304731873e-05 2.540894417517488e-05 5.728432013534345e-06 9.013623579673185e-05 0.0 6.438941257184874e-06 2.7482833215832385e-05 0.0 5.4594087687437375e-05 5.127473075106891e-06 0.0 0.0 1.87821778656409e-05 8.962226604330992e-05 8.40987502109137e-06 7.110904042955602e-05 5.3802045098800505e-05 0.0004142619284095308 0.00021030177686329592 0.0 0.0 0.0 0.0 0.0 0.0 1.0597626301401764e-05 0.0 0.001537513465527648 0.0 4.5252513592515196e-05 0.0 1.8480849076009177e-05 0.00018705630250855017 0.00025017524588978433 0.0003385899613236032 4.7567308206863345e-05 6.835191285449817e-05 4.653869509293425e-05 0.0 0.0 0.0 0.0 0.0 0.0 0.0 2.1113080085828088e-05 0.0 0.0 0.0009273580983504406 9.475114246651095e-05 0.0005453291227691783
0.007126501314066565 0.007556336814693535 0.00023839443251694704 0.013546949866124678 0.001223581570353536 0.006707616308435214 0.02588076920695572 0.0004061112987169377 0.003533792990396841 0.12194410315388861 0.00526976522632941 0.0 0.07151570946267491 0.018620814305331246 0.00029429818691205183 0.00024921051318110116 0.0 0.0 0.0 9.759283603357945e-06 0.0 0.0 0.0 0.0 0.0 0.0 0.0 0.0 0.0 0.0 0.00022485594334544133 7.096094640239226e-05 0.0027122207903018036 0.0 0.0 0.0 0.006612487364849781 6.734379664187574e-05 0.00014250220200668433 2.7980567057303836e-05 0.0 0.0 8.560250727156433e-06 9.322432191061073e-05 0.0 0.0 0.0007991757305818554 3.238295163513126e-05 0.0 7.425408172065723e-06 0.0 0.0 0.0 9.786060900135376e-06 1.804387242373953e-05 6.46614875680663e-06 0.0007245460171533321 0.0004098256375266077 0.000287912009184639 0.0002005714456283329 1.5785717410185158e-05 5.990797727794912e-06 0.0 0.0003731554697283851 0.0 0.0 0.0 0.0 0.0 0.0 0.0038007084096520214 4.3959301200216004e-05 0.0 0.0005442818194172032 0.0002794253391821262 0.0009630195716151115 0.0001453715582770421 0.00032018501191651705 0.0 0.0014569542667674919 1.2798107717852323e-05 7.5684383532493774e-06 0.0001087524874442835 1.916640891325702e-05 1.3650745226197085e-05 6.4854626002913716e-06 0.0 0.0 0.0 0.0 0.0 4.014369160322169e-05 1.1784231409909616e-05 8.8222753924516e-06 0.0 0.02846678796309065 0.0016019229966864603 6.265426581686998e-06 0.00034279524129825526 0.0033430640839433702 0.0004934333626075105 0.00035138712938787453 6.0705757319651274e-05 9.104575914039309e-05 0.0005894312230108918 1.9995003648824967e-05 0.0024159303382631004 0.00031240530528618465 0.002141817773540429 0.0031131146794917746 0.000745765129975732 0.0026228752692197977 0.0122211953277977 0.00838383295701316 0.006232099864071281 3.396861563797514e-05 6.6564682309109965e-06 0.0 0.0 0.0 0.0 0.0 0.0 0.0 0.0 0.0 0.0 0.0 0.0 0.0 0.0 0.0 0.0 0.0 0.0006005856063236075 0.0003113524493928932 0.0 8.582156165407324e-06 0.0 0.003152182631429354 7.702147284120505e-05 0.0007397527838969151 0.0003607655207327963 0.0 0.0 2.3809061307926924e-05 1.6642542320557424e-05 4.2942310167074746e-05 0.00022139269912419603 6.3675030559172e-05 6.639489369969468e-06 3.744653534243292e-05 0.00017994118662880025 0.0 0.0 0.0 1.0658749068678515e-05 6.61831320101389e-06 5.9221737701338695e-06 0.0 1.234951511707223e-05 7.852543415386401e-05 0.00024262219813763348 0.00012786726729908498 5.44459681877368e-05 5.4711543913352236e-05 0.0010917334682058438 0.0007311917105011616 1.52350591845887e-05 5.594228538077699e-06 0.0 0.0 0.0 0.0 0.0 0.0 0.00692208176248823 2.1721952020652e-05 0.0 0.0 6.9781090101004806e-06 0.0007798336682434336 7.216043778425682e-05 0.0004248003154962407 0.0001240651076732532 0.0005193910861728334 0.00024607861383215226 0.00016734616059772034 1.7076886338973794e-05 0.0 4.992062956146094e-06 0.0 0.0 0.0 0.0 0.0 0.0 0.005990385315158997 0.0005815547188537315 0.0011670574379843762
0.013492447355980876 0.06316656803849913 0.004097509140284873 0.03827007829704068 0.004426382438748094 0.004651902753025559 0.1261367760261686 0.0037126907851232106 0.017121029192915874 0.4867366144012636 0.03870609234638875 0.07151570946267491 0.0 0.36591552590452364 0.0014226671123392578 0.0011785602285236446 6.761803963400612e-05 5.630297650236197e-06 0.0 1.399659765164833e-05 9.178321078059687e-06 0.0 0.0 1.0464455878827879e-05 1.7175712706189293e-05 0.0 0.0 2.488485710749294e-05 0.0 0.0 0.0021547878803178377 0.00033889032734568534 0.039910130467584216 0.0 6.714313437438901e-05 2.41304718908576e-05 0.018228183618408417 0.0006953060671195007 0.0006997539263078558 5.785038122659317e-06 3.2853708644953406e-05 0.0002585945834865963 3.2506788731523314e-05 0.0003968564439868161 0.0 0.0 0.00419777514735553 0.0001261558368910406 5.258913016173751e-05 4.0897133864280485e-05 0.0 6.053027984367616e-05 6.2790765594350945e-06 7.020269030358528e-05 0.00019764056280381818 0.0001124685593298855 0.0019815865104190413 0.0018683877860096276 0.0014285257118463008 0.0016429244009651344 6.28874857601411e-06 0.00040291476799461987 0.0 0.002788793433741979 0.0002255350892922568 4.350083799141231e-05 0.0 2.2090644349085075e-05 6.632091815073006e-05 7.792547572007775e-05 0.01171392288687605 6.099450078923187e-05 0.0 0.0034155606389268713 0.0022721119094270864 0.0053791906198924115 0.0009497925106223791 0.0013533552688209836 4.149397993143636e-05 0.006808736719110098 0.00011023937460984462 0.0003481159056401379 0.0005403137444226962 0.0 9.895918149427314e-05 5.739532190345248e-05 5.146963575351724e-05 0.0 2.624684723610147e-05 0.0 0.0 0.0 0.00010047097985743166 6.38762857707106e-05 1.734937125434893e-05 0.02862133784857803 0.000929099131148283 0.0 0.0012448515405108676 0.002417501668303411 0.0009684736846906191 0.0007500073762618952 8.331123277127425e-05 6.51525405291823e-05 0.001094246752846343 7.051997103355319e-05 0.005185651525626229 0.0005762152628553693 0.005114494067092999 0.006457656051699744 0.0014671007315156027 0.005690487158010379 0.023348986006419988 0.016625685817890007 0.013977717879059803 0.0001425997858801587 4.835541859055471e-05 0.0 8.670903427168097e-06 0.0 0.0 0.0 7.32305102821669e-06 0.0 0.0 0.0 0.0 7.68383271882153e-06 1.0481091332235777e-05 0.0 6.86962619285625e-06 0.0 1.6801447552753078e-05 0.0 0.0013657387010925653 0.000680079499723951 3.969107622847623e-05 4.3645672477288454e-05 0.0 0.008212763185130647 3.056009916212009e-05 0.0022598105364612054 0.0006823047913912785 4.2994668494825646e-05 1.088938119089265e-05 1.7443974369299894e-05 0.0 0.00010713167181232084 0.0001130479675587232 0.00013700521817997012 0.0 0.00013001040107256043 0.0005358370573983481 6.092417583216662e-06 0.0 0.0 7.496599195383372e-06 3.432148386046987e-05 1.7353324686408464e-05 4.56069422437479e-05 0.0 0.00016277275104901383 0.0006427089503740381 0.0002540115679612211 0.0001998460708008709 0.0005370490105112886 0.003225596449162291 0.0014166679398074074 3.610180238581653e-05 2.106365959065884e-05 7.39569681641581e-06 1.1836084060632976e-05 0.0 0.0 0.0 0.0 0.013964820978938114 8.404306913224674e-06 0.0 0.0 8.834693725872354e-06 0.0016624398128792784 0.00018666191216415968 0.0014961128740485267 0.0003566357734338514 0.001061658781724785 0.0008749116238292525 0.0003270290849095049 6.611438068979365e-05 7.088353206095487e-06 0.0 0.0 0.0 0.0 0.0 6.735585930320806e-06 0.0 0.010244306659798093 0.0015634683253194317 0.0029499791410257372
