0.0 0.27427897475192503 0.058843755353000855 0.14934874559776246 0.0015357913000339628 0.04083500932768863 0.028180155430775997 0.010773522081623747 0.0005993510149680147 0.17628119639937662 0.013130381059541707 0.010536119673442276 0.01130437679895963 0.009530543203043994 1.163688952499488e-05 0.0 0.0 0.0 0.0 0.0 0.0 0.0 0.0 0.0 3.750814878201294e-05 0.0 0.0 0.0 0.0 0.0 0.055985985276524874 0.0006466996692179418 0.0003994249811356968 0.0 0.0 0.0 0.00012060586685954606 7.750686580709256e-06 2.528442586895312e-05 4.7219837454803614e-05 0.0 0.0 0.0 7.398118577238754e-06 0.0 0.0 0.00014244655750289328 7.737044671905395e-06 0.0 0.0 7.794634790882062e-06 0.0 0.0 0.0 3.890130091984351e-05 3.451440805050468e-05 0.010917411666111595 0.04413689451206889 0.001250331835909852 0.00014535412622934362 5.2029785883689945e-05 0.0002073130840419133 0.0 0.000583403110414097 2.2627770270135353e-05 3.411527667188363e-05 1.3404869489156756e-05 1.9985293527364492e-05 0.0 1.2726970918998496e-05 0.00040402174902194995 0.00019357627174537923 0.0 0.007039154872663423 0.0020553832647158205 0.00027101384519457694 8.266846889397284e-06 1.7897046236575215e-05 2.1434186497432133e-05 0.0006334010885247393 0.0 0.00043496276008823416 8.047028656083475e-05 1.0981120554611897e-05 7.655692110263752e-06 2.5126348719526528e-05 0.0 0.0 2.114239224033503e-05 0.0 7.92321730337686e-06 0.0 0.0 0.0 9.376298818715807e-06 0.0015374510556946666 0.00014731098972473448 0.0 2.5639588820118677e-05 0.07532657204379796 0.00011966557531294659 0.004559490077135168 0.0007601683072622603 0.0023465712447505475 0.0002555189516722587 0.003057914601455387 0.0027514381505169246 0.0013754433846616485 0.004493820868578762 0.014118597168121782 0.0001455337074320342 0.002485667942412221 0.0019923698739302523 0.000529175280150492 0.000574663460367979 0.0 0.0 0.0 0.0 0.0 0.0 0.0 0.0 0.0 0.0 0.0 0.0 0.0 3.395987117690111e-05 0.0 0.0 0.0 0.0 0.0 0.0003528442869093985 0.00031391858491860763 0.0 0.0 0.0 0.00011062005383472392 0.0 2.9298317602913715e-05 0.0 0.0 0.0 0.0 0.0 0.0 0.0 0.0 0.0 0.0 0.0 0.0 0.0 0.0 0.0 0.0 0.0 0.0 0.0 4.7263543652210175e-05 0.00011761587227159392 0.0023192760929773783 0.0 0.0 9.800831310225947e-05 0.0 0.0 0.0 0.0 0.0 0.0 0.0 0.0 0.0 0.00037630956287171714 5.47531490013488e-05 0.0 0.0 0.0 0.00027368735189851174 0.0 0.0 0.0 5.6046645990449296e-05 0.00014112772171770438 0.0 0.0 0.0 0.0 0.0 0.0 0.0 0.0 0.0 0.0 0.00019158956456761728 8.407063972375825e-05 4.055851752769251e-05
0.27427897475192503 0.0 0.11774078598234215 0.11899851099964985 0.21809968317989614 0.011160200973426532 0.3078059908579191 0.029072527661185146 0.08770056764767797 0.1352734645863103 0.15801512703169654 0.011420329724807615 0.04804751512628562 0.14950927966852207 0.000407556966262448 0.00020812268869474098 5.552454298990416e-05 1.0002117668680658e-05 1.339784219954626e-05 2.5440277333406603e-05 2.6577890748251705e-05 0.0 0.0 7.1595415597990124e-06 6.7244300778116e-05 0.0 2.951490594693101e-05 8.658187478673547e-06 0.0 2.2767926582340647e-05 0.19133003877350183 0.008705159355913242 0.0009758831469316678 1.7130883172601302e-05 7.964900583263122e-06 7.324006300226941e-05 0.00012437877453017567 8.358811978420413e-05 5.1835538231664195e-05 4.184389965629931e-05 9.924808563575767e-06 6.324944777818391e-06 7.120726517699616e-05 6.873856549290777e-05 2.0340061646891756e-05 0.000107423784690053 0.0022020502097102506 0.00022483342343411955 5.167182164962076e-05 1.7158865675713534e-05 0.00013389310208940724 1.597402112076336e-05 0.0 1.822860551020747e-05 0.0005812958677969745 0.001150100569546159 0.006928248561728553 0.0706891707659053 0.0032585028737885467 0.003869675782473014 0.00014397246880597074 0.0002537768712364666 3.857877936619687e-05 0.025207487398372277 0.00048360987764329053 0.0005852322149539495 0.0006425183986006422 0.00039245268669648126 9.738346943887116e-06 7.28766139383333e-05 0.0005883365222205775 0.0003447573001022677 0.0 0.026542302283382228 0.0208360505066651 0.005426578233099306 0.002092098622488687 4.889101290709383e-05 0.0003933236597216437 0.0014719571910363502 0.00015425994331109155 0.0006113582946257918 0.002916906006508141 8.420787107085999e-05 0.0004478943596392906 0.0012984585600140015 0.00010901573574701703 0.00010308683267132482 0.0006072588611902922 2.0593758218649156e-05 0.00016039541112097166 2.8806983522735417e-05 1.4400967276849058e-05 5.4529520880575826e-05 5.423634649662258e-05 0.0027451117518786316 0.0007436943246332463 0.0 3.933526132489506e-05 0.05798871750561293 4.078000856276061e-05 0.002339764794465065 0.00049234053456637 0.0010947454842519543 6.77988786809109e-05 0.0036450099549607097 0.0024414044912860378 0.0010297188136436663 0.002997300695892014 0.01303166737377137 0.00034734821028704975 0.004015818443378873 0.003149250981151753 0.0006356824810310221 0.0008986606669368205 0.0 0.0 0.0 0.0 0.0 0.0 0.0 0.0 0.0 0.0 0.0 0.0 0.0 0.0 0.0 0.0 0.0 0.0 0.0 0.00017180706346734228 0.00032031309974464475 0.0 0.0 0.0 6.368234142426091e-05 0.0 5.502655266671519e-05 8.945312732722615e-06 0.0 0.0 0.0 0.0 0.0 0.0 0.0 0.0 0.0 0.0 0.0 0.0 8.365273540891339e-06 4.774715948741097e-05 0.0 0.0 0.0 0.0 0.0 2.2307457157308935e-05 0.0007434611646583138 0.0 1.0220937643930652e-05 0.00010144917509522048 0.00020667140949069066 1.194825589560776e-05 0.0 7.090197469445573e-06 6.611018733167904e-06 0.0 1.5402163387533442e-05 0.0 0.0 0.00045610748683009325 0.0 0.0 1.6776590753843064e-05 0.0 0.0006040266480955135 0.0 5.825592285477309e-05 5.531633114180353e-05 8.004012462642391e-05 0.0 0.0 0.0 0.0 0.0 0.0 0.0 6.690859160989993e-06 1.3666399068702204e-05 0.0 0.0 0.0004636560838315993 0.0001161494628099587 3.473504639194431e-05
0.058843755353000855 0.11774078598234215 0.0 0.005893397384540401 0.06491449618970337 0.0025547479546192456 0.010373722095463176 0.33878945348758976 0.035069875704017976 0.0037741377115145863 0.33853333402732155 0.0011324099346302734 0.00692266613887574 0.13603893767486078 0.00018143407680861962 8.365126489891115e-05 8.315346961303747e-06 1.3960247758495552e-05 1.131405044108491e-05 7.522291105754258e-05 4.1144188422003136e-05 9.751936763456773e-05 1.044225029121037e-05 8.480886904394882e-05 0.0012625753259737425 0.00013050910298787228 0.00044470113735804533 0.0002510235550252598 8.472926230412946e-05 7.521955379936514e-05 0.2539827808004724 0.08901773829940897 0.0019359279449804037 0.0 0.0005774781728989407 0.0020147783853911787 0.0007281351538283907 0.0011633759509074816 0.0001937879342079332 0.000780550687249565 0.0001530558186039726 8.47513104401481e-05 5.459353533843825e-05 3.829934678820899e-05 0.0 4.958619725394672e-05 0.0009094017762361742 3.885615751148852e-05 2.0735784034876746e-05 0.0 0.00014976533811124722 9.09609203772632e-05 5.9881086150178874e-05 0.0001371100404324925 0.0002073275078838562 0.00040687830181405167 0.0019865117634537553 0.02015029158246547 0.0008345757732507833 0.0013266505064447017 0.0002476782351532547 0.0017779941105191296 0.00011623750550829079 0.019683227617569847 0.0001771904953368367 0.00014119324771476045 0.00013845748367267887 0.00012611592670600053 0.0 0.00018237312856008987 0.0006021911745169897 0.00030294682853363407 3.052906252506761e-05 0.0067629462507942115 0.005809663870383899 0.001437853522652483 0.0007730004823794595 2.228881266029276e-05 0.0017128551287431517 0.015164332959854901 0.00030741665864280146 0.004074787911440931 0.000763035827335592 1.4462864866289293e-05 0.00017935812578808385 0.00037514001863737684 1.6170943400362976e-05 2.591422157734705e-05 0.00014170325126624527 2.3508868586166546e-05 4.589999675174019e-05 0.0 0.00014226810846803295 0.000137559945732696 6.608728471815409e-05 0.0011591299879587238 0.00031766412314549104 2.0067486295489435e-05 3.054721823954361e-05 0.015381730778301933 3.788337025073062e-05 0.0006424858172603454 0.00010479205819003631 0.0003725895721546345 2.9682181959978712e-05 0.0007949470699602525 0.0006285647077826219 0.0001655487150133102 0.0007716760434338375 0.0028997899235757157 5.438196206977846e-05 0.0008084016020150699 0.0006328906342467758 0.0001344436395087952 0.0002594302751849048 0.0 0.0 0.0 0.0 0.0 0.0 0.0 0.0 0.0 0.0 0.0 0.0 9.187238088950372e-06 0.0 0.0 0.0 0.0 1.0633625899843105e-05 0.0 4.430368232947224e-05 0.0001124678801729675 0.0 3.032824009378791e-05 0.0 3.164295868882079e-05 0.0 2.6136899485833895e-05 8.71442185045848e-06 7.487214358148285e-06 0.0 0.0 0.0 0.0 0.0 0.0 0.0 1.9510824228700222e-05 0.0 0.0 0.0 0.0 1.9369371037273348e-05 1.1864810845208348e-05 0.0 0.0 0.0 1.084890309361575e-05 6.120466942904264e-05 0.00014738488864995134 2.3987475292269462e-05 0.0 0.00011515238329480429 8.969664806490806e-05 0.0 0.0 0.0 0.0 0.0 0.0 8.11197893628377e-06 0.0 0.0004051506678159891 2.231986224411332e-05 0.0 0.0 0.0 0.00020940752138895954 0.0 0.00011112413729013816 0.0 0.0 7.749425379045364e-06 0.0 0.0 0.0 0.0 0.0 0.0 0.0 0.0 0.0 0.0 0.00027369597159644654 9.497973561418321e-05 6.308994947270984e-05
0.14934874559776246 0.11899851099964985 0.005893397384540401 0.0 0.005462143088939616 0.02271436051309324 0.059940041727778476 0.00017007981419227668 0.0022367118310938692 0.10457004864886009 0.0008501281159657253 0.02760710085700699 0.0540059071471499 0.013720283111209281 7.61877000044952e-06 0.0 0.0 0.0 0.0 1.4761896315961222e-05 0.0 0.0 0.0 0.0 0.0 0.0 0.0 0.0 0.0 0.0 0.011274114663433957 0.00015302167042426776 0.0 0.0 0.0 0.0 0.0 0.0 8.302695699351397e-06 0.0 0.0 0.0 0.0 6.455951580357357e-06 0.0 6.512771064088195e-06 0.00010200137152104047 2.264811896515657e-05 0.0 0.0 2.1085237387562023e-05 7.678573911880061e-06 2.436712731902469e-05 0.0 5.242870617009474e-05 0.0001077508402666545 0.0017477621469093598 0.011532214017061011 0.00040821013790663213 0.0003543747042880106 9.30783715328892e-06 6.143169405330648e-06 7.443998132533824e-06 0.0012784733390310042 2.9867953218926305e-05 1.303117442528171e-05 1.1687768100746494e-05 3.6912834243862144e-05 0.0 0.0 0.0 0.0 0.0 0.003973140830554772 0.0019382078574626685 0.00028151075945040855 5.016202173696439e-05 6.792858919885426e-06 1.6711189628238926e-05 6.828337277865652e-06 0.0 2.8143867948600715e-05 0.00017488424151911242 0.0 3.972988900648533e-05 8.898828323899727e-05 0.0 0.0 5.651298437371892e-05 0.0 0.0 0.0 0.0 0.0 0.0 0.00021482785752948932 0.0 0.0 0.0 0.022816194442700596 1.704570121976897e-05 0.000697898041352422 0.0001430470928569842 0.0003169334455750089 0.00010838590019868373 0.0010117415904209743 0.0007966163782870242 0.0003816121910193321 0.0010410219818350337 0.003646976161219204 4.478178538738594e-05 0.0009301237286765654 0.0011623703117516141 0.0002102656124372966 0.00012181117725083183 0.0 0.0 0.0 0.0 0.0 0.0 0.0 0.0 0.0 0.0 0.0 0.0 0.0 0.0 0.0 0.0 0.0 0.0 0.0 1.709717798923764e-05 5.501966987121329e-05 0.0 0.0 0.0 0.0 0.0 0.0 0.0 0.0 0.0 0.0 0.0 0.0 0.0 0.0 0.0 3.821777599883955e-05 0.0 0.0 0.0 0.0 0.0 0.0 0.0 0.0 0.0 1.1505902939738596e-05 2.17729906937767e-05 8.246285437207114e-05 0.0 0.0 0.0 0.0 0.0 0.0 0.0 0.0 0.0 0.0 0.0 0.0 8.216674015736531e-05 0.0 0.0 0.0 0.0 0.0 0.0 0.0 0.0 0.0 0.0 0.0 0.0 0.0 0.0 0.0 0.0 0.0 0.0 0.0 0.0 0.00014471516495638242 0.0 0.0
0.0015357913000339628 0.21809968317989614 0.06491449618970337 0.005462143088939616 0.0 0.0004158249197507593 0.17569913919568925 0.012324778903630663 0.46818313558252217 0.03447699751076347 0.083068452051093 0.0066917746839868005 0.11383361836881273 0.15359496142191362 0.0005350773317016503 0.00026974616091845593 6.396860268678822e-05 0.0 0.0 8.019861860864934e-06 0.0 0.0 8.81860923826549e-06 0.0 2.7231733130520116e-05 1.669687341359497e-05 1.5346370822837746e-05 0.0 0.0 1.4152542658864433e-05 0.014116902586407775 0.004481678971549608 0.000616948414911674 7.442446158774862e-06 1.4940160422147562e-05 2.698154068955258e-05 9.338497019254444e-05 1.6072601780381387e-05 3.607439142116393e-05 3.998630837051947e-05 0.0 1.7917837333311643e-05 7.289701020343144e-06 1.6052356550277426e-05 5.909072894509209e-06 4.32642850685309e-05 0.0016622819433712397 8.204663463257461e-05 8.641462434260408e-06 0.0 5.1158039844777875e-05 8.273025647761022e-06 1.1842192462892887e-05 0.0 0.00029711831021272646 0.00041993404737330564 0.0006819253712218427 0.00512323155190576 0.00046090044441676173 0.0010521662279134834 7.926255009562693e-05 0.0001295027342259506 3.106841919250548e-05 0.008772746233789428 0.0001410211724755791 0.00021805451027690417 0.0001405501531967423 0.00015311183474802978 0.0 2.1438239467984264e-05 0.00031494751497875245 0.0002706023907875342 0.0 0.003253799302754883 0.0044225691735445645 0.003247062279212763 0.0014405243428363245 2.1246280531283515e-05 0.0001247137802558795 0.00041549354183804526 5.542131770690251e-05 9.563269973390685e-05 0.0007648966617113647 3.8415783470818526e-05 0.00019771474415911517 0.00047862770948111434 4.512478585913932e-05 2.6276289325175092e-05 0.00016865462420227793 7.519747533742253e-06 6.221063681844039e-05 2.8495617152122525e-05 2.245535014789655e-05 7.77128085625249e-06 0.0 0.006895304152333774 0.000207947890068657 0.0 0.0 0.0006060476366491956 0.0 0.0003457018087361846 0.00047072173751986675 5.9928114522831146e-05 3.7003793582534354e-05 0.001660259887463957 0.00037044240635047103 0.001079442845790065 0.0014205653103699144 0.0035028015760758618 0.00034525284829663367 0.002379227721389223 0.002899047864864335 0.0007698786996504553 0.0013228890102408956 0.0 0.0 0.0 0.0 0.0 0.0 0.0 0.0 0.0 0.0 0.0 0.0 0.00015015867604912744 0.0 0.0 1.1930821462422806e-05 0.0 0.0 2.778051580869631e-05 0.000276066026995939 0.00018586196081322578 0.0 0.0 0.0 8.24558021081703e-05 5.736287909780559e-05 0.0 1.3438421853648375e-05 0.0 0.0 0.0 0.0 0.0 0.0 0.0 0.0 0.0 0.0 0.0 0.0 0.0 0.0 0.0 0.0 0.0 0.0 0.0 0.0 2.1592614476175877e-05 0.0 0.0 7.331149958138062e-05 5.009105312848471e-05 0.0 2.258103504808199e-05 0.0 0.0 0.0 0.0 7.636718190465025e-06 0.0 0.0011577429307369962 0.0 0.0 1.051558194326021e-05 9.526159426609318e-06 0.0008429700716740974 4.908734829086966e-05 3.16010732361077e-05 9.796913438692216e-06 5.7218495589641496e-05 0.0 0.0 0.0 7.380094869726165e-06 0.0 7.423962210768237e-06 0.0 2.997978452346567e-05 0.0 0.0 0.0 0.002148229764828235 4.161151091123869e-05 3.0585689944612956e-05
0.04083500932768863 0.011160200973426532 0.0025547479546192456 0.02271436051309324 0.0004158249197507593 0.0 0.007402144444144949 0.0002758174430181967 0.0007433729310850482 0.0770743546779502 0.0005592396276211644 0.02988013234608152 0.012344778443206805 0.005682637824641826 3.057456865525899e-05 0.00014249504330377666 3.062561848328746e-05 0.0 0.0 1.225441809980746e-05 0.0 0.0 0.0 0.0 0.0 0.0 1.0486822264016566e-05 0.0 0.0 0.0 0.0041940603117435115 9.903053340305713e-05 0.0020736488791512327 0.0 1.9065864432616773e-05 0.0 0.0004603722589872586 0.0 6.45467711853453e-05 2.9936332231344577e-05 0.0 0.0 4.485987761488184e-05 0.00013076099427521124 0.0 1.2882407334531005e-05 6.867014426204624e-05 0.0 0.0 0.0 0.0 7.389263942586624e-05 1.148515049368966e-05 5.208053364173008e-05 0.0 3.1393296654210734e-05 0.011368247786064736 0.0032308627105186237 0.0007000380205072173 6.197537424610886e-05 0.00013029692498460984 0.00021855449854332303 9.525665292435491e-06 0.00010847674358529345 7.587766202827983e-06 7.334335428875276e-06 0.0 0.0 9.262464813938828e-06 0.0 0.004203386166063428 0.00371808808228569 0.00032385413658942596 0.0006114694403265978 0.00022199355227873576 3.229989907234752e-05 0.00010457318648232764 5.2454385092232946e-05 3.471912290332698e-05 0.0006061411647720205 8.15433824642542e-05 0.000373762707335155 0.0 2.6454746090172886e-05 0.0 1.2314769067122377e-05 0.0 8.777750942437917e-05 8.796689065753774e-05 2.8688330669168158e-05 0.0 0.0 0.0 0.0 8.104442646850413e-06 0.026404121804429737 0.006982778082609129 0.0006079135045337305 0.0006100052297917674 0.045255709908177885 0.0 0.0 0.0 2.5626071782766686e-05 0.0 9.33459270519263e-05 7.39972085635404e-05 2.9171796658626714e-05 3.9581846764781434e-05 0.00020711821024875027 1.258427614856446e-05 7.080416585933544e-05 5.456486366383688e-05 5.232502837673655e-05 1.078420897827958e-05 0.0 0.0 0.0 0.0 0.0 0.0 0.0 0.0 0.0 0.0 0.0 0.0 0.0 0.0 0.0 0.0 0.0 0.0 0.0 0.0 1.3420133537583013e-05 0.0 0.0 0.0 1.9795643523271417e-05 2.0399053893885142e-05 2.3147509037858405e-05 1.828814183995543e-05 3.3403627726788645e-05 0.0 0.0 0.0 0.0 1.8584044962445026e-05 0.0 0.0 0.0 1.0898697071613976e-05 0.0 0.0 0.0 8.14732290879674e-06 0.0 0.0 0.0 0.0 0.0 0.0 0.0 0.0 0.0 1.1573211030800586e-05 0.0 0.0 0.0 0.0 0.0 0.0 0.0 0.0 0.0 7.408850267662881e-05 0.000236293832136186 0.0 0.0 0.0 1.682674804830364e-05 0.0 4.4616697003249816e-05 0.0 0.0 0.0 0.0 0.0 0.0 0.0 0.0 0.0 6.478055016590341e-06 0.0 0.0 0.0 2.1009782920830392e-05 7.831739867104583e-05 0.00011624651171310045
0.028180155430775997 0.3078059908579191 0.010373722095463176 0.059940041727778476 0.17569913919568925 0.007402144444144949 0.0 0.0029618728597119626 0.2067149387749812 0.1679542079509 0.026881203006548348 0.027263689488605705 0.1706208685316997 0.12051405039014647 0.0004522145872082316 0.00044399836796243025 6.564590516498355e-05 0.0 8.557375782448764e-06 0.0 0.0 0.0 0.0 9.94124045738999e-06 2.362053815244444e-05 8.134289302351283e-06 1.7738880487880396e-05 9.792082697382717e-06 0.0 0.0 0.015475848126695209 0.0022683086450242165 0.0002942690386155207 0.0 0.0 1.1909722944064404e-05 0.0002253542045811527 7.953989791499455e-06 0.0 3.639527834804298e-05 0.0 8.213335904515048e-06 1.661493217225165e-05 1.8130127720880737e-05 8.268046844587164e-06 5.746457024582711e-05 0.0013926986023388773 5.6060670838372227e-05 2.1004857039367085e-05 0.0 8.298757194296803e-05 1.5897516544584098e-05 0.0 0.0 0.00019352249555731825 0.00035273149290542785 0.0015917339857837224 0.011190903920042955 0.0006611383001031789 0.0012777735332511803 4.9228680178600424e-05 7.725313117927363e-05 7.042186774705249e-06 0.008571376094915283 0.0001586051047358413 0.000224264477584222 0.0001953384445924032 0.0001175361305516814 0.0 3.488860795182087e-05 0.0006824987951998546 9.855592555654386e-05 8.960940097611218e-06 0.006096427323672197 0.005817689445411 0.0025903124394129565 0.0011863863487126826 3.9686414713203664e-05 8.872350759632916e-05 0.0002603760801034174 5.804391550916156e-05 0.00018864482101531912 0.0010608471069134652 2.3193540817399568e-05 0.00019039166202655729 0.00047026235685497015 2.790535277226095e-05 7.5751886744948274e-06 0.00020253520438574512 0.0 9.282016591246731e-05 0.0 1.3845338669980566e-05 6.433612077617742e-06 7.43597068205644e-06 0.007553460101171107 0.0002554426290516235 0.0 2.0022916106561124e-05 0.007170461460043154 6.168087444088791e-05 0.001301246411506414 0.000742779051379342 0.0008700319148158438 0.0002480554171037667 0.005568057475684163 0.002315449819410601 0.0032312572353299213 0.005186883353935274 0.01548534163818341 0.0005335218555957777 0.008557859853172823 0.010583047501980015 0.002317871996154104 0.0019724977347501914 1.9998020306813936e-05 0.0 0.0 0.0 0.0 0.0 0.0 0.0 0.0 5.4372973703747636e-05 0.0 0.0 1.1039196482998932e-05 1.9551958074198257e-05 0.0 0.0 0.0 0.0 0.0 0.00031100930961564834 0.0006112156165048847 0.0 0.0 8.140789039808922e-05 0.00010416256336237873 0.0 0.00010039701835040188 8.51385272983828e-06 0.0 2.4366316249213493e-05 0.0 0.0 0.0 0.0 0.0 0.0 4.1110997590095984e-05 0.0 0.0 0.0 1.2787389673673007e-05 0.0 6.2143300779958224e-06 1.0594469780292308e-05 0.0 0.0 2.404642888857536e-05 8.994669125475927e-05 0.00041264308812442846 0.0 0.0 0.0003268173694413644 0.00018792792330686389 0.0 7.755852691060922e-05 0.0 6.953970445592462e-06 5.739658011878752e-06 8.084169469326273e-06 0.0 0.0 0.0014165402961573478 9.967837303624633e-05 0.0 9.715940843039836e-06 0.0 0.001578934695860686 9.243397775714565e-05 2.0908273728353027e-05 1.087186398048491e-05 1.710400667377706e-05 8.455984801612496e-05 2.068054625620294e-05 2.3748816216447058e-05 0.0 0.0 1.3609249567562847e-05 0.0 0.0 1.0819498839830077e-05 0.0 0.0 0.004079948259867034 0.00010296139275703548 2.8068116763514405e-05
0.010773522081623747 0.029072527661185146 0.33878945348758976 0.00017007981419227668 0.012324778903630663 0.0002758174430181967 0.0029618728597119626 0.0 0.020425365527182826 0.0004950730787088712 0.20346725689373293 0.0020215547339266227 0.0053780896452040325 0.15368169829368733 0.0056183859813923945 0.006563603097871193 0.00024532844817427857 3.9691661098060115e-05 2.3888324980980517e-05 0.00023936233518980694 0.0002995719741847577 8.448914580007598e-05 9.879288400211698e-05 8.868091156559228e-05 0.003943340687291219 0.00012765114152686824 0.001346491005577363 0.0002670767214560965 0.00022031757284330432 0.00032581572617195717 0.12286382130292367 0.35683297274855164 0.008580566077203042 0.00015273485199721471 0.002109350826006918 0.004904406220859726 0.002394647530896783 0.0030068856227970027 0.0007194431481874207 0.002150689414899819 0.0006229138702398326 0.0002193707891704595 0.000282417520039051 0.003621328195308543 0.00010471680411225362 0.00027052992431625807 0.0092717067938884 0.00018299475351314976 3.7880684919889444e-05 0.0 0.0003197538974357489 0.00019847512508024148 0.0001917097408528974 0.0004378110541203596 0.0003473932698531442 0.0007751263070578724 0.0006616644745076809 0.008405569774259143 0.0006623127244327835 0.0032525940452853078 0.01064913069507693 0.010751806857058229 0.0007812489820848214 0.060843531039373656 0.00034803836647677395 0.0006828217371540559 0.0004153096959779603 0.0003641498240905957 0.0001545007127144506 0.0015817252077096491 0.002516514846189994 0.0010191000724208857 3.763275146294884e-05 0.004524985775942128 0.007011494972568592 0.012690333078449821 0.01243942532385739 0.010303978832107302 0.047418803549161004 0.039057277109470885 0.010811459792362576 0.053472572587434035 0.0017839526878087944 2.2041309712548127e-05 0.0003422650145794248 0.0010286022101479112 0.00011293233834894753 4.4614751387104477e-05 0.000538881419179186 3.049569389999804e-05 0.00021883971088565467 3.126999382562621e-05 0.0008859816763866389 0.00016494353800896547 0.0002969536398506412 0.004977173328481029 0.0006788292519547016 5.08667736155344e-05 0.0002804855844532092 0.001374731211256456 2.9026414178847655e-05 0.00012242750468120258 0.00021843259486962547 0.00014269588595233908 0.00010653483909521069 0.0015739303130672215 0.00019230888656611675 0.0009681455908814354 0.0006688469668457077 0.003097117820139319 0.0004281361377116409 0.0022222857884402324 0.002622074120526582 0.0010657993207928422 0.002562294188577181 0.0 0.0 0.0 0.0 0.0 0.0 1.1473730107477172e-05 0.0 4.152012046874455e-05 1.8697227257168427e-05 1.7194657401575365e-05 2.304898784083651e-05 7.705287780503888e-05 5.250926014907037e-05 0.0 8.828598954415119e-06 1.8927303501865607e-05 4.409322636299371e-05 9.036741231278275e-06 0.00041404922748787955 0.0006688917362343332 0.0 9.54073846592817e-06 2.5698050066128635e-05 0.00028759901990522193 6.70693094932206e-05 0.00016872712337798193 0.00016117696132094577 6.339192134776034e-05 1.7318428795417382e-05 0.0 0.0 2.853513896663951e-05 0.0 0.0 2.273560925597063e-05 3.323960669625303e-05 2.6593522275522032e-05 0.0 0.0 9.174689102663356e-06 1.7783060602178107e-05 0.0 0.0 0.0 1.3390280935822527e-05 7.5787867561865785e-06 0.00012524665133795758 9.934864045356713e-05 2.574386956420161e-05 0.0 0.0005980018294737617 0.0003286743791829541 2.408626407097394e-05 0.0 0.0 0.0 0.0 2.3580329544942168e-05 0.0 6.239750932466829e-06 0.002005507677872164 7.104371211709209e-05 5.978904221375328e-05 8.768519136538541e-06 2.976463695815258e-05 0.0017267870752790196 1.1955139285735628e-05 0.00016963233972300292 7.598746209053543e-05 0.00020914794753420078 0.00011592617481523557 1.1553399283022406e-05 5.141809653581721e-05 0.0 0.0 7.393076149087035e-06 0.0 2.3689118743063586e-05 0.0 0.0 1.2941450124731093e-05 0.0015418224603415912 0.00045099112050784386 0.0003276878697388876
0.0005993510149680147 0.08770056764767797 0.035069875704017976 0.0022367118310938692 0.46818313558252217 0.0007433729310850482 0.2067149387749812 0.020425365527182826 0.0 0.014896569180210343 0.11514832153865356 0.006000652644502888 0.07587535040915205 0.07868541765074903 0.0006649149836486626 0.0005031282084301261 3.138669630604044e-05 0.0 0.0 0.0 8.352396915699654e-06 0.0 0.0 0.0 3.626963269317098e-05 1.0910427852578257e-05 0.0 8.383637969079748e-06 3.63654994799017e-05 0.0 0.004567986519811486 0.0029038964729000945 0.0004080052476391513 9.339761431898527e-06 0.0 1.2154857496605224e-05 0.00030265916692696795 3.872400545934811e-05 4.485492021824259e-05 2.9540858397011405e-05 0.0 0.0 0.0 3.571463855220318e-05 2.0316599490337234e-05 3.4436611946737506e-05 0.0013255028533651263 5.8785357593420905e-05 0.0 0.0 1.4675896157806153e-05 7.409062073430292e-06 0.0 0.0 6.494651205557666e-05 0.00021102829931790083 0.0004777213068573005 0.001681303969599486 0.0001253590427801525 0.0007391043414292114 6.248870948685482e-05 3.08337072438141e-05 1.9259452049825493e-05 0.003823645808216274 8.503502729818705e-05 8.97676660273425e-05 0.0001086807722397564 6.443577176252577e-05 0.0 1.6240807193806584e-05 0.0005861720843161165 0.00011425319705165668 0.0 0.0013702731030088634 0.0018863499178871648 0.0023610337480842523 0.001327413492422165 8.419087963401621e-05 3.4219551469706955e-05 0.0002598053277798495 2.354242570766585e-05 8.216779561844656e-05 0.000390972161409151 1.5296995461516265e-05 8.645222135288435e-05 0.00014029674145082035 3.221979463059862e-05 2.5589251948617797e-05 0.00011392367496656784 7.837718414907157e-06 3.481035755381927e-05 1.5987248575272197e-05 2.3984150143893943e-05 1.9878017057688593e-05 0.0 0.006613424725976619 0.00028432056869569336 0.0 2.9797686863706916e-05 0.0007321288556324617 7.307566795200415e-05 0.00047124919691107114 0.00035080967309643953 0.00032762249656070365 0.0001859424113272841 0.0038111959294274797 0.0010291748623014257 0.002224113459931518 0.00322011025099892 0.01028324132246788 0.0006415056762603242 0.005714433601013446 0.007991627303537849 0.002258877818410224 0.0032990084410636387 1.134781449241875e-05 0.0 0.0 0.0 0.0 0.0 0.0 0.0 0.0 0.0 0.0 2.4156715354867292e-05 7.576608403439998e-05 4.776001113831228e-05 0.0 0.0 0.0 0.0 0.0 0.0001768610350928478 0.000888356969846224 0.0 0.0 1.2073660132339479e-05 0.00026507701099781313 0.0 3.854033204079194e-05 0.0 0.0 1.998551651209997e-05 0.0 0.0 2.0885711240877924e-05 0.0 0.0 0.0 4.9342909015015695e-05 0.0 0.0 0.0 0.0 0.0 0.0 0.0 0.0 0.0 5.8883355519596874e-05 0.0001280026653671508 0.00023326578743297098 0.0 0.0 0.00017290540005356644 0.00018187794308756024 0.0 0.0 0.0 0.0 1.2964394362073335e-05 0.0 0.0 0.0 0.001946529302907831 0.00014153731791861812 0.0 0.0 0.0 0.0023372278525325293 0.0 0.0001531737971516997 8.100571631842429e-06 0.00010648414009649936 0.0 6.91331598754442e-05 1.1364535374450157e-05 0.0 0.0 0.0 0.0 1.2602158929724223e-05 7.5432352592131145e-06 0.0 0.0 0.00327798790552155 0.0002899491119273161 6.812146683266521e-05
0.17628119639937662 0.1352734645863103 0.0037741377115145863 0.10457004864886009 0.03447699751076347 0.0770743546779502 0.1679542079509 0.0004950730787088712 0.014896569180210343 0.0 0.0015426922678998694 0.11572632294315313 0.26961592007918667 0.042893655989468524 0.00020965142030875277 0.00033828425480940123 0.0 1.5785662644258203e-05 7.589874151860748e-06 0.0 2.8498267400031985e-05 0.0 0.0 0.0 0.0 0.0 1.4809334385900827e-05 1.456271326845679e-05 0.0 0.0 0.010993513653756903 0.0005236424401834607 0.0019033350570474027 0.0 0.0 0.0 2.364068408001287e-05 1.5232206800652252e-05 2.8607912859537658e-05 2.2154414705896575e-05 0.0 0.0 7.996734478726617e-06 7.271632715883458e-06 6.223276820209356e-06 0.0 0.0003498731211525105 7.96533347096294e-06 7.848818892352475e-06 0.0 5.2964030678889106e-05 0.0 0.0 0.0 0.00011793774330443892 0.00014998770205722648 0.0070624396231570245 0.010266641951657034 0.0007513616470326868 0.0008527051202277772 4.1032916065867385e-05 0.00012782930573589313 0.0 0.0034490979115702615 6.60720426708884e-05 8.62424616934065e-05 7.645331347514277e-05 8.12549121662807e-05 0.0 1.4672955137801632e-05 0.0011263023874824056 0.0007590616149920281 0.0 0.004181354973316984 0.003542988073006386 0.0010648608648565845 0.0005383851009442002 3.572912601912399e-05 4.45972051642388e-05 0.00027331949308844665 5.2314420844213144e-05 0.00010295451115078551 0.0004165509788614001 1.8209858737525948e-05 4.100986241734826e-05 0.000114381463817766 0.0 1.79086295503011e-05 0.00010184015653041618 0.0 4.759483356028196e-05 1.4780520595694716e-05 0.0 0.0 5.9528290404965195e-05 0.019945925341600116 0.00016181302557622356 3.499331920509978e-05 1.5297365913490147e-05 0.05159217107575947 0.0001139936237915239 0.00201716365429589 0.0034194346339588436 0.0033499782371947217 8.752397756401301e-05 0.008301906731787176 0.004887204052143009 0.0025045205204587842 0.008119665025673174 0.029920658599204557 0.0005160617750038624 0.008587181949867935 0.011672586912258696 0.0023066335761890355 0.0014610937511218593 0.0 0.0 0.0 0.0 0.0 0.0 0.0 0.0 0.0 3.468616397554474e-05 0.0 0.0 0.0 0.0 0.0 0.0 0.0 0.0 0.0 9.238688219175971e-05 0.00037766965796848186 0.0 0.0 0.0 7.286163352649059e-05 9.10501558952736e-06 0.0 0.0 9.392249065501387e-06 0.0 0.0 0.0 0.0 0.0 0.0 0.0 0.0 0.0 0.0 0.0 0.0 0.0 9.935887039860517e-06 0.0 0.0 8.531314515817448e-06 1.1109456297332761e-05 0.0 0.00042266968476005744 0.0 0.0 3.1970264602951956e-05 1.748026814330103e-05 1.5666506737127694e-05 0.0 7.964032429359642e-06 0.0 0.0 0.0 0.0 0.0 0.0010049936911700223 2.1158739697262748e-05 0.0 0.0 0.0 0.0008454024284140572 1.651840475607794e-05 0.00010743378629872184 2.0234469752564182e-05 1.636945333127924e-05 4.9053962421647205e-05 0.0 0.0 0.0 0.0 0.0 0.0 1.3437863499870728e-05 0.0 0.0 0.0 0.0029310169580541432 0.00014822596685491006 4.843014924504978e-05
0.013130381059541707 0.15801512703169654 0.33853333402732155 0.0008501281159657253 0.083068452051093 0.0005592396276211644 0.026881203006548348 0.20346725689373293 0.11514832153865356 0.0015426922678998694 0.0 0.025888755592549464 0.06658464905718707 0.21436128240362343 0.003419984893093282 0.0035322016894809667 0.00015945793750680263 0.0 1.1195809068682866e-05 1.1677438258547004e-05 6.263814018017832e-05 0.0001037266585304338 1.3446400544796933e-05 2.983895331079431e-05 0.0013603208786207167 0.00010612732170665762 0.0003494218904310394 0.00011374733150223646 0.00019498318887958764 0.00017341000915833052 0.021702940599857046 0.007999354134914245 0.014201945742242855 0.0 0.0001777884482303777 0.001193877079688766 0.0027620080985172 0.0009752889966711489 0.000743167877295428 0.0008842809278067891 6.908188884655814e-05 0.00015394972694708783 0.0 0.0002538258208455998 1.6971805267681865e-05 0.0001345424621811795 0.0030540627869196945 4.6506641292957355e-05 4.5306215753943556e-05 7.663284889163434e-06 7.854405046483195e-05 0.00017024075208720303 0.00010544252250221865 9.68338667714944e-05 0.00013562662526299036 0.00018963950002546783 0.0004066585952514934 0.0026963325863309773 0.0004207508648390438 0.0012525048655648268 0.00021217623306093005 0.0024842766984291003 0.00010061551187599906 0.005813891962444016 9.360700293186329e-05 0.00012938308121151652 0.00010078335813534363 0.00010332399685748055 8.784563334226004e-06 0.00016687968176273528 0.0026266658477685613 0.0005517240811198386 7.334529336401252e-05 0.0016133312514241668 0.0021839056629044348 0.005585564289714254 0.0036655560319074007 0.0009764361550219253 0.0008525221353860836 0.02529227062357702 0.00033748918578819717 0.001660694179670295 0.0005171899154325182 1.1606159255315538e-05 0.0001301319935817275 0.0002647769639269993 2.5079202016307953e-05 3.2085358025514944e-05 0.00017734986520310308 4.5324680673919425e-05 2.1612287081479112e-05 9.239979627838695e-06 5.195552007425493e-05 7.881380015366623e-06 5.719498110600238e-05 0.008446550109335135 0.00034469558387374564 0.00037743602645516215 0.00020522521612248727 0.0015863345555027393 9.513967513212059e-05 0.00023372724928873216 0.0001865735538634804 0.00013161552351404014 0.00015773117344652145 0.003693392778520126 0.0004957255373965277 0.0018159630997727743 0.0021787915145370213 0.005709863736384185 0.000716158617522064 0.00437073741178238 0.006121635532169311 0.0017923793701565853 0.003927159141709966 2.8581231992654677e-05 1.0925115113822059e-05 0.0 0.0 0.0 0.0 0.0 0.0 1.0435395443128649e-05 3.889527854810759e-05 0.0 5.7432876087464525e-05 9.825544440877835e-05 0.0 0.0 1.1068625711074984e-05 1.5119741624838156e-05 1.4214042443536571e-05 1.0765615024470118e-05 0.0005172845632360283 0.0008720946324356113 0.0 1.0844100894352389e-05 0.0 0.00038867473124606634 7.111652406605176e-05 0.00016112391771206907 7.970344205550921e-05 2.4598227509627207e-05 3.0719176337410496e-05 0.0 0.0 0.0 1.6678415034504674e-05 0.0 1.577301851781738e-05 4.758352734225404e-05 0.0 0.0 0.0 0.0 8.065451357616089e-05 0.0 0.0 3.2706347918048173e-05 0.0 1.736601671109923e-05 0.0001069692502267409 5.7738960990289246e-05 0.0 4.323621337152447e-05 0.0003317194206746465 0.00032897562620895775 0.0 1.7791170111038147e-05 0.0 0.0 8.345124045567152e-06 9.144599245144314e-06 0.0 0.0 0.00227291059091334 0.00011373206507530631 0.0 0.0 4.0016574831949006e-05 0.002213703422907135 8.781109984493229e-05 0.00011132478371213335 4.6717941033674954e-05 0.0002824308033884002 6.643857487043378e-05 2.6420004473758692e-05 0.0 9.18814310966345e-06 0.0 0.0 0.0 7.379650089507122e-06 7.781004774597427e-06 0.0 0.0 0.003364240695867905 0.00042185824449688725 0.0002398613571890387
0.010536119673442276 0.011420329724807615 0.0011324099346302734 0.02760710085700699 0.0066917746839868005 0.02988013234608152 0.027263689488605705 0.0020215547339266227 0.006000652644502888 0.11572632294315313 0.025888755592549464 0.0 0.07773996481026815 0.09264162048219779 0.001734728501813209 0.002780332212254683 0.00011647055309891651 1.968682697235579e-05 7.214092545487538e-06 0.00010216861126190454 1.5284475017275394e-05 2.3857277181037846e-05 1.4403929108762233e-05 0.0 0.0003850835044023967 5.231069075555798e-05 0.0001702921521499227 0.0 5.4342742919875774e-05 4.533046935765256e-05 0.0018986349164109091 0.0020267833067623927 0.027302388794491875 8.125630121252624e-05 0.00017890482755214527 0.0004168925468792128 0.009906354918897381 0.00039122691938824934 0.0004907411298729812 0.0002567330096060609 0.00011851216506481386 4.433784240169629e-05 0.0 0.0003291245930940315 0.0 4.960351751894711e-05 0.001652907764988702 0.0 4.5698767001677e-05 1.0662761382694277e-05 0.0 0.0001312779044072364 0.00022469773870914306 6.827156469631728e-05 1.0104101967301097e-05 4.254903328473647e-05 0.0032160969152402337 0.0009758241487384145 0.00021589596154796377 0.00034613448415453385 0.0007322649643257484 0.0018616059219855093 5.570325484943935e-05 0.0030850808591320585 2.5307180420613704e-05 3.701149874574072e-05 7.95854581561484e-06 4.703593034824466e-05 0.0 0.00015447639548576376 0.006279156146184436 0.005906513619020193 7.522784407451741e-05 0.0007062736453301387 0.0009061881273639066 0.0016398727367925652 0.0024072422688945104 0.00132138273646019 0.0012782739109976037 0.025775869234842225 0.0007478805371869101 0.0012207360941312389 0.0001529871208720391 0.0 5.2378935382509e-05 4.989433540021577e-05 0.0 1.4292583019007278e-05 4.0733405942296614e-05 2.483830417374131e-05 1.8261428863270546e-05 0.0 3.619850115717791e-05 1.517729963401291e-05 0.0 0.12185803985901028 0.00292284439030016 0.0001699431411989526 0.00023525492841479245 0.023964183378911527 5.3646120767448485e-05 0.0005891690253245484 0.00040297610462065934 0.0005106997193430503 0.0004759627933384424 0.008064822890896717 0.00192734222040525 0.005093767160028865 0.0059065999765485514 0.02091514823179589 0.0016050620218685432 0.01659406979234961 0.019790319856662665 0.005243585977609819 0.006528391292276008 2.50522981646895e-05 7.46807037532463e-06 0.0 8.625694143018985e-06 0.0 0.0 0.0 0.0 0.0 2.148796209086714e-05 0.0 2.464223637164806e-05 8.24410024626198e-05 1.3682569327093455e-05 2.128996948453719e-05 0.0 1.1049645250390683e-05 3.703494841515006e-05 0.0 0.0009411523087076517 0.0014442972237487855 0.0 0.0 0.0 0.0005331216307000138 2.2707804546020827e-05 0.0003446779544032454 0.0001043968239899655 3.822196632798874e-05 1.2247403891968105e-05 0.0 0.0 0.0 9.484442253043261e-06 1.3602418504519579e-05 0.0 9.606262441255914e-05 1.9501928029693398e-05 0.0 0.0 2.1444854681803595e-05 5.086047652660437e-05 0.0 0.0 3.283661322201341e-05 0.0 3.947101681036088e-05 0.0001309359885332364 0.00015331787026511202 1.564272050942427e-05 0.0 0.0008269099082795738 0.00017414718955832527 0.0 3.544379118384436e-05 0.0 0.0 0.0 0.0 0.0 0.0 0.005677178343679639 0.00023519242728000156 0.0 0.0 2.3440864188103886e-05 0.0034256865723450137 2.2967513380872802e-05 0.00017613941962201564 2.7762159705271353e-05 0.00029711066272823834 6.581848167385018e-05 5.0896409773444975e-05 2.978000090374034e-05 7.993493172611642e-06 0.0 3.1331946715280845e-05 0.0 1.2944995284712292e-05 0.0 2.495753381449102e-05 0.0 0.011857500687865681 0.0009758592875649712 0.0002834923391685062
