0.0 0.22676753888698598 0.041091979439238924 0.15166392854745062 0.0018729935749282438 0.01624213369351124 0.026368067289366356 0.007367606366100481 0.00136288284900007 0.07831248647707012 0.00499860308063353 0.005533770998106972 0.004629730607911493 0.0016522718161605093 0.00017851562110691367 5.047405373335956e-05 3.672202952431335e-05 1.7164148852952283e-05 0.0 1.6292756766488768e-05 3.144274520763928e-05 4.076942294209065e-05 2.2425317275973678e-05 0.0 1.1594377080640839e-05 1.8933644028449043e-05 0.0 0.0 0.0 0.0 0.06315167687357083 0.0008547215836826074 0.0007456662123846567 0.0001232816308789301 2.1422438068059142e-05 8.577046208615008e-05 0.0006193019170422588 0.00044186955698174627 0.00021097221813665042 5.447633913312003e-05 0.0 1.3183301522644691e-05 3.086120425383254e-05 8.300638649408878e-05 0.00011814273080860604 6.785016525351436e-05 0.0016540084042571297 0.0001239887129749732 0.0 4.7488574150588045e-05 3.094458915689335e-05 5.916913310619696e-05 2.4264390728745206e-05 0.0 0.00011109040247035927 0.00018676205478899621 0.01791853925157917 0.07291072896488425 0.003685258298583361 0.003683952528370366 0.0 0.0009494875968530346 0.00011914450325774433 0.003990243838949037 5.826402096701919e-05 8.165515306189113e-05 1.911626872388132e-05 0.00011643621198031565 8.282372064343886e-05 4.865011210438242e-05 0.0007559470200219795 0.0009551261491245557 1.816460560144017e-05 0.01845186248329447 0.0025741593412416295 0.0018358027988717178 9.760757580628108e-05 4.2577525510686984e-05 0.003160484389022597 0.003059173266576754 7.336982326702826e-05 0.0014055089041102539 0.0004575380232869615 9.673301540121569e-06 7.979465736859658e-05 2.3054866107748627e-05 0.0001259687481134561 2.4171088051387758e-05 5.345608799125651e-05 7.075610731291822e-05 9.547895893524941e-06 5.891720808949835e-05 1.9632412770526602e-05 6.815158416811697e-06 0.0 0.029350771146136857 0.0022652922116995753 0.00016404818751840074 0.0003118274389102889 0.10769275356706415 8.245157870335358e-06 6.564610643642844e-05 0.00010393379060952869 0.00013411218611468866 5.139397731879124e-05 1.5728211018100206e-05 0.0003362587362071098 3.1128661882829744e-05 0.00011050074760710338 0.0007447376398719464 4.97275227783053e-05 0.00014874891390705822 0.0015151984861764035 0.0003942019345241398 0.00016743760777846462 0.0 0.0 0.0 0.0 0.0 0.0 0.0 0.0 0.0 0.0 0.0 0.0 3.3854237718514556e-05 0.0 3.8128832630854656e-05 0.0 6.110291104635484e-05 9.601258381888113e-05 0.0 0.0 2.0253429809103955e-05 0.0 0.0 0.0 0.000208223910691364 8.749983535653776e-05 0.0004714964402793691 0.000247448682075128 0.00019796544273933928 0.0 0.0 0.0 0.0 0.0 0.0 0.0 0.0 1.4740126161195334e-05 0.0 0.0 0.0 0.00025570655817403176 0.0 0.0 0.0 0.0 5.773188843489518e-05 0.0 0.0 0.0 0.0 0.00029718888002731246 0.0 0.0 0.0 0.0 0.0 0.0 0.0 0.0 0.0 0.00029725467329087775 5.713531379665921e-05 0.0 0.0 9.42403325101162e-06 0.0001724160620167271 0.0 2.862040332474241e-05 1.692482746336992e-05 0.0 1.8155112675621124e-05 0.0 0.0 0.0 0.0 7.448592301132882e-06 0.0 8.004577764250081e-06 0.0 0.0 0.0 0.00023576341021394083 9.046003392226354e-05 0.0002792097907502124
0.22676753888698598 0.0 0.17177007686390727 0.06246523389314255 0.12079661594187394 0.0051407033058133884 0.1401165207096004 0.07925573925346148 0.076107795070415 0.04713252603181134 0.1349268139295015 0.00561526087814635 0.06143458893457983 0.09767315759534338 0.003354165283618496 0.0012878244955338075 0.0002605277583256507 9.956677374148885e-05 6.214952052223068e-05 0.00017450579353865084 3.479411398662052e-05 0.0 2.8833408168687285e-05 6.98744865719755e-05 6.4129960248161e-05 2.612749946178198e-05 6.052587057388751e-06 1.652401426604036e-05 3.608048489632899e-05 7.1300477507299985e-06 0.09743774808391131 0.0031362749614036027 0.005649351500671379 0.00027290362486953276 0.000178473698502743 0.00011130712331387945 0.000949011346774908 0.00034495244985987845 3.911269876137172e-05 8.446682624605854e-05 2.8152057581033912e-05 5.152843774642823e-05 6.130920505719386e-05 0.00016879154985714092 0.00011503349210452252 0.00027595714004207425 0.020052444816276625 0.0004485414920753474 9.950639397193765e-05 0.00019687193625979327 0.000152643329898463 8.003513427005913e-06 2.3736800466335452e-05 3.341002539443647e-05 0.0006983322992254216 0.001085920407607233 0.0108831978272406 0.05852855679210294 0.006766442327511584 0.016046230666942714 0.00018682244089011942 0.0010298308630868522 0.00028811835553330545 0.013925245676139723 0.0005059996850165639 0.0007534915338497499 0.00013844620789500207 0.00029799668983513435 0.0001932055714599064 0.00016454799294363863 0.00038293316549556513 2.1249229053268173e-05 9.869992455789683e-06 0.05109437764525859 0.016003853035173366 0.018101277037434024 0.0020042737229907567 0.0003859220239217057 0.006261648253887976 0.013958746634304147 5.001028001775346e-05 0.0022961154255719944 0.0022644697765937145 0.0 0.0005484959770923374 0.0002279246743639436 9.269709605811941e-05 2.3968334022423895e-05 5.947489168021154e-05 8.765409207702195e-06 1.2823598905383668e-05 1.733749842864047e-05 5.8808531089140964e-05 3.903939562032097e-05 4.039915324782989e-05 0.0018257187245715948 0.00016864139156317755 1.3198199711434267e-05 0.00017068826973985442 0.03310600854532283 1.3571120434868925e-05 0.00010206731474653089 0.00024423778175240355 0.0002681132949300951 2.621003086894443e-05 4.7460086192351585e-05 0.00032350426445449976 8.498905113440104e-05 0.0003209880091210443 0.0006865993715216665 5.1349717098258025e-05 0.00020106372972342732 0.0016079690626595881 0.0005252563911719994 0.0002605687356261297 0.0 0.0 0.0 0.0 0.0 0.0 0.0 1.6011908495982402e-05 0.0 7.929585359804055e-06 0.0 0.0 0.00017601157620995663 0.0 2.8537116561046766e-05 1.2565985921027128e-05 0.00010178471453006699 0.000233832781597669 3.821372001593831e-05 6.274501562744981e-05 5.6494742331282996e-05 0.0 0.0 0.0 4.707866596673626e-05 9.210791353013078e-05 0.0003464548039849752 0.00026184578139667574 0.0002297652987352634 1.0825887600919715e-05 0.0 0.0 0.0 0.0 0.0 0.0 0.0 0.0 6.680570091421391e-06 0.0 0.0 0.0003590023890916121 0.0 0.0 0.0 1.2816929227495465e-05 1.004285070149484e-05 0.0 0.0 0.0 0.0 0.00010226994404352745 0.0 0.0 0.0 5.408905523872526e-06 0.0 0.0 0.0 0.0 0.0 0.00011414257724911985 3.465001057490936e-05 0.0 0.0 0.0 6.269024563064298e-05 1.5844865165952707e-05 5.5608396971353975e-05 7.70432702467156e-06 0.0 0.0 9.873626144929644e-06 0.0 0.0 1.3552979214928466e-05 2.868569069570919e-05 0.0 0.0 0.0 0.0 0.0 0.0002799482077958175 7.483056440182266e-05 0.00027705819533827334
0.041091979439238924 0.17177007686390727 0.0 0.002847353717909928 0.12077143781128954 0.0009677347819815838 0.010116134372645287 0.07932033302193231 0.01931954808400272 0.0065078372216044456 0.1444695954831237 0.00487055259967299 0.028873992289312166 0.07251239110288839 0.001535661663235686 0.0008891653850897422 0.00029074454215152084 0.00034297169735429396 0.0003604376348856505 0.0010053946059531476 0.0006254207810953094 0.0 0.0001830981881108208 0.00017804130089191665 0.0001719587414392487 5.2959840276295185e-05 1.1998563106346185e-05 8.035661856931667e-05 0.0 0.0 0.3063257103528596 0.02119092072839277 0.016785376797172957 0.0023316652237506535 0.0012002962390171175 0.000837311545067336 0.0030407259474237113 0.0012173076026069064 6.424326562761111e-05 1.5051764232919224e-05 0.00028169775345442604 0.00031449213224960996 0.00040853482980668084 0.0005965225148362334 0.0012127374727097732 0.001759218679026773 0.004830225563979365 0.00014118471913217314 8.964550694976393e-05 0.0010229843478765555 0.00012004747279297549 0.0 7.93217497273008e-06 4.874654511091011e-05 0.0001083482081577871 0.00023347277601469042 0.003383551112891873 0.03377063702693419 0.0020425545361419813 0.003565772918687802 0.000801194192060721 0.008077149648629952 0.0022278244983845335 0.037396473461702134 0.00010838851462821845 0.00020292404465034283 3.501917857565147e-05 0.0003254806918632877 0.0010106452797956677 0.001075169315815451 0.0015420648484264553 9.957688526188707e-05 6.698930383751189e-06 0.015246110149611886 0.010628626969141557 0.006045287960465998 0.0028246535404476162 0.002989511953901694 0.009381935027396735 0.052389973746467415 0.0006732042010390841 0.023051726838398807 0.0005078569990949555 1.2082360827897894e-05 0.00023155993658295878 5.3805298877223965e-05 0.0005791020139314777 0.0 1.2609863714614787e-05 0.0 6.3928235732795606e-06 0.0 0.00027868341235067325 0.00014287695646678143 8.50905626947868e-05 0.00044431326706331287 0.0001998169127768244 0.0 4.3900368807434756e-05 0.007108380501166322 0.0 7.104638519352417e-06 8.3341012604078e-05 0.0 0.0 0.0 3.49034868267348e-05 3.643780146070206e-05 1.8597636369461143e-05 4.578742861082988e-05 1.067298646998921e-05 5.455776884676383e-05 0.0006205224130111238 0.00011568595299569936 0.00010107721771606151 0.0 0.0 0.0 0.0 0.0 0.0 0.0 0.0 0.0 0.0 9.177276189966994e-05 0.0 1.3225182338440495e-05 0.0 1.0266637579307017e-05 0.0 7.262034179944703e-05 1.1597232619588613e-05 0.0 1.5165146857547083e-05 2.043831044362069e-05 0.0 0.0 0.0 4.463602718714288e-05 1.0029665202916723e-05 0.00016891303182860244 4.1451402887995474e-05 2.494559315761504e-05 2.021551888891846e-05 0.0 0.0 0.0 0.0 0.0 0.0 0.0 0.0 0.0 0.0 0.0 3.1834497925513735e-05 2.352727038907469e-05 0.0 0.0 0.0 0.0 0.0 0.0 0.0 0.0 3.585973210779347e-05 0.0 0.0 0.0 0.0 0.0 0.0 0.0 0.0 0.0 8.068588437049618e-05 0.00011221639086372551 0.0 0.0 0.0 2.810427510702699e-05 0.0 8.536179077487803e-06 1.6060113285838144e-05 0.0 0.0 0.0 0.0 0.0 0.0 0.0 0.0 0.0 0.0 0.0 0.0 9.066426574011973e-05 3.604955706684304e-05 0.00013488193874301304
0.15166392854745062 0.06246523389314255 0.002847353717909928 0.0 0.0032354475093152152 0.025687198880991656 0.07610336277504019 0.0013265127295108451 0.002071119599628442 0.27563802010817134 0.0006320721176858977 0.028480120116351284 0.05732450881748534 0.0065847025233937385 0.0004605432671881419 0.0002622889477450683 7.324594416242788e-05 4.729113009443692e-05 7.690102515137066e-06 0.0 1.5189339793953782e-05 0.0 0.0 9.900061724119719e-06 1.5896982867271246e-05 0.0 0.0 6.820235704355412e-06 7.149198223238691e-06 0.0 0.007719639939338082 0.0002088543206169237 0.000515558092585834 3.9835911170105066e-05 1.640183518850755e-05 4.01429487216528e-05 0.00041626383856511334 0.00031342678385340195 0.00012147737727291997 0.0 2.1848509805353973e-05 9.249003909286085e-06 4.741164270223347e-05 0.0 2.1574702876009057e-05 2.5507931720023127e-05 0.0025026188002845147 9.00350873053036e-05 3.191087441158721e-05 1.3812267216643394e-05 2.4106858052936005e-05 3.9087035000801906e-05 1.1706150852837149e-05 0.0 0.0001530998865717862 0.00014543832298403978 0.005131903621274112 0.019021705931376708 0.0016389888778559323 0.0026054806082767504 0.0 0.0005128957552244342 6.22597968776617e-06 0.0012718777958973004 7.986976627396642e-05 0.0001001881269865366 7.0541113089067825e-06 4.5394302575000285e-05 2.1809696003008944e-05 0.0 0.0004488372727251318 0.0005352431909996827 9.235582243074377e-06 0.010977758216597073 0.0018233987460690025 0.0020281397204489704 0.00012703604410119486 3.4512876641018055e-05 0.0001705025432073257 0.0002756593744444847 0.0 0.0005472124981281154 0.0003826842207497816 1.4531369168869218e-05 7.445590312925997e-05 4.192951033275214e-05 4.727021058072644e-05 0.0 0.0 2.403855558740841e-05 6.350263379813919e-06 1.0775426238822323e-05 0.0 0.0 0.0 0.012271323638322887 0.0007856574598082628 5.276512354475992e-05 0.00016008424231940365 0.03780855988295429 3.4756657040143576e-05 0.00040123226761460236 0.007671102036301467 0.001853612575583403 0.0 0.005203841363899918 0.0016341327280603272 0.0007925159439055885 0.0022897459835441764 0.0024563588717856225 7.654019013246706e-05 0.0007668305508870552 0.0034769998896890908 0.001039101132530256 0.0007187932754302956 0.0 0.0 0.0 0.0 0.0 0.0 0.0 0.0 0.0 3.056746933494392e-05 0.0 0.0 0.00018003021036163956 4.638226966466696e-05 4.45694671702149e-05 3.135803447341292e-05 0.0001750684018260238 0.0002156524528036147 2.6635929121167927e-05 5.936851240731346e-05 1.369712884711484e-05 0.0 0.0 0.0 0.0002299212282570558 0.00020361228747063832 0.0004981308871795444 0.00035304744816993595 0.0005467123498482566 9.171190789537998e-06 0.0 0.0 0.0 0.0 0.0 0.0 0.0 2.495088318597615e-05 0.0 0.0 0.0 0.0005112470126233108 0.0 0.0 0.0 0.0 9.67590508250588e-06 8.467988680783654e-06 0.0 0.0 0.0 0.0001712373354279916 1.0280271986336122e-05 0.0 0.0 0.0 0.0 0.0 0.0 0.0 0.0 0.00040296152691669487 0.00022738947640126185 0.0 9.565174120209117e-06 0.0 6.547496911197828e-05 0.0 4.7944515395118e-05 1.5355786689906148e-05 2.853783329499108e-05 0.0 0.0 0.0 0.0 0.0 0.0 0.0 6.61740253074222e-06 0.0 0.0 0.0 0.000456789445334697 0.00017679845827302438 0.0003995649557792749
0.0018729935749282438 0.12079661594187394 0.12077143781128954 0.0032354475093152152 0.0 0.00018685680486370056 0.15685887605290963 0.07016407840839951 0.22425754596001804 0.018961218555493937 0.2524583137644672 0.002096475698353721 0.034394117085937814 0.11523978482688665 0.0014650017261690594 0.0005450248099068751 8.396735449466217e-05 3.189920595764743e-05 9.03236537620125e-06 4.393524215597903e-05 5.221936736927912e-05 0.0 1.656959715195315e-05 1.4605442229068643e-05 0.0 1.7187261623184952e-05 7.874654541069788e-06 0.0 5.9025104407034765e-06 0.0 0.007487148331254524 0.0016152273848921634 0.0014965615307451561 8.979088490690782e-05 8.185158501626663e-05 5.1759643960247055e-05 0.0004673708069938945 0.00028500736108432123 4.0273904624217534e-05 0.0 1.6021414084945337e-05 3.9569127220362954e-05 2.4184653444282646e-05 0.00018661733531533464 8.304168120874608e-05 0.00012213224036249323 0.005722997926889923 0.00014905452685491804 1.3115495452357681e-05 5.564277867333662e-05 4.33894293129293e-05 0.0 0.0 9.88512934484163e-06 0.00011490536704777494 0.000237322695934507 0.001116435081446082 0.004258386958115628 0.0007070125722172626 0.0032386091493750405 0.0001441433879901167 0.000673058082604601 0.00010886602310626898 0.00245621398769109 4.494268769358121e-05 0.00014199472061362422 2.4016695202106706e-05 0.00011106602908415216 5.2856174715133274e-05 6.482930453012848e-05 0.0001639739137473706 2.5754947868991787e-05 0.0 0.007061322245971491 0.002983083286666469 0.005454140003008987 0.0006173772008478704 0.00035084671912653657 0.0035111410742482098 0.0034928023972718796 4.536330446506573e-05 0.0012225410590058332 0.00044436865058944137 0.0 9.260127594775619e-05 3.5688721414782236e-05 7.799252293971679e-05 5.985520514705066e-06 0.0 0.0 5.645160533161304e-06 0.0 1.784435659186935e-05 1.7637459182223848e-05 9.33525954706734e-06 0.00038783064272757795 9.895229911620362e-05 0.0 4.010772365428691e-05 0.0005170746351305053 0.0 2.039940673295402e-05 1.1015687866838703e-05 0.0 2.0874526625487827e-05 1.2066082989581225e-05 5.2983418417065905e-05 1.3754641047731602e-05 9.041774218744846e-05 0.00010472607160399515 0.0 5.341878173619189e-05 0.00026066608164533215 0.00013798215685654474 5.125168726928549e-05 0.0 0.0 0.0 0.0 0.0 0.0 0.0 0.0 0.0 0.0 0.0 0.0 0.0 0.0 0.0 0.0 1.0028079777301377e-05 1.7132481495863e-05 0.0 0.0 1.1933432758363667e-05 0.0 0.0 0.0 0.0 1.5722113081158762e-05 5.6056041640584135e-05 8.39327518208186e-05 5.388220088376899e-05 0.0 0.0 0.0 0.0 0.0 0.0 0.0 0.0 2.151521332547347e-05 0.0 0.0 0.0 5.1383715106980724e-05 1.1171136822320386e-05 0.0 0.0 0.0 0.0 0.0 0.0 0.0 0.0 2.6131053373115417e-05 0.0 0.0 5.594016627608103e-06 0.0 0.0 0.0 2.0909356602764268e-05 0.0 0.0 8.885214072386586e-05 0.0 0.0 0.0 0.0 2.6043190782374207e-05 0.0 0.0 0.0 7.534221746448645e-06 0.0 9.622214618715883e-06 0.0 0.0 0.0 0.0 0.0 8.404999670433368e-06 6.248351030923931e-06 0.0 0.0 5.2126573117148956e-05 2.6937736794288043e-05 9.004315436112031e-05
0.01624213369351124 0.0051407033058133884 0.0009677347819815838 0.025687198880991656 0.00018685680486370056 0.0 0.0030117649384524335 0.00037340092251420573 0.0002639373256476477 0.041882949572275355 0.00014587495388386937 0.02204196023642944 0.004764138080813354 0.0006079133464414171 7.29793438282722e-05 4.465841056028734e-05 0.0 0.0 0.0 1.1732642149860349e-05 6.411110419374781e-05 0.00034911081483968636 1.9222340915540003e-05 0.0 0.0 0.0 2.896090386718338e-05 0.0 0.0 0.0 0.008466586597230841 4.7359947949920944e-05 0.0016675948863518553 0.00013923204271607 0.00014672882714391474 0.00039931320171501886 0.0021022488117248732 0.001420278006077304 0.000530668374472995 0.00022414466861129354 1.5687017811017774e-05 8.522780204935105e-06 0.0 7.772114986662803e-05 0.0 0.00044059293669283507 0.00012725952769671077 0.0 0.0 0.0 2.4969520801157196e-05 0.0009651085561076228 0.0004496562729532115 0.0 0.0 3.7534667788901437e-05 0.00864974843980022 0.005993312245281513 0.00020214494820471876 0.00022671958279304525 0.00018290596665178948 0.0011351061710148484 0.0008765281252964727 0.0 0.0 1.569710653775696e-05 4.898014022682426e-05 3.4730768508769664e-05 0.0 2.1708684636806906e-05 0.004040932291105327 0.009583180526420229 0.000943662776066426 0.0008647444873998429 6.489743351058476e-05 0.00011027650802189705 0.0 1.0968336572881315e-05 0.0001721603671820917 0.00021219889561920662 0.0 0.0002608542806567059 6.730596474526075e-06 0.00011235059486269868 0.0 1.7297417678748986e-05 0.0 0.0005032415959257778 0.0003054199837073987 0.0008850234435744052 0.00016871794849905152 0.0003156269303921823 2.6930358613499046e-05 7.381013660910184e-05 1.8391508245807115e-05 0.033246227028586574 0.012093498193381767 0.0027982065599959404 0.0017849126690536947 0.03747906867021561 0.0 0.00010488577410951034 3.019297458272343e-05 6.315130120241255e-05 0.0 2.1396354524269293e-05 0.00012338621198539553 2.788717563550445e-05 0.0 0.0004082937849632147 4.4103906685005566e-05 0.00012038386794416646 0.0005648410288441592 0.00023994575475618093 0.00019621700763845025 0.0 0.0 0.0 0.0 0.0 0.0 0.0 0.0 0.0 0.0 0.0 0.0 5.0168210316280896e-05 0.0 2.9413859458962073e-05 0.0 8.937326898394726e-05 1.9069201717504323e-05 0.0 3.7368653972470204e-05 0.0 0.0 0.0 0.0 2.0913973585027492e-05 8.630179367442294e-05 8.220192988676967e-05 0.00016537931251125418 0.000113029388128443 0.0 0.0 0.0 0.0 0.0 0.0 0.0 0.0 0.0 0.0 0.0 0.0 0.00010832209548876629 1.290908747322363e-05 0.0 0.0 0.0 0.0 6.227942475069514e-06 0.0 0.0 0.0 5.470993804797735e-05 0.0 0.0 0.0 0.0 8.543333753787087e-06 0.0 0.0 0.0 0.0 9.938208115465895e-05 0.00010447598211000376 0.0 0.0 0.0 0.00013047028999116678 0.0 1.772318296796161e-05 0.0 2.8360397322768775e-05 0.0 0.0 0.0 0.0 0.0 0.0 0.0 7.0589840866766325e-06 0.0 0.0 0.0 0.00021354882221495455 2.525458526542258e-05 0.00019856103345129486
0.026368067289366356 0.1401165207096004 0.010116134372645287 0.07610336277504019 0.15685887605290963 0.0030117649384524335 0.0 0.007830179665684979 0.11576977922958588 0.15990275037005153 0.09982222063999789 0.03836062055024816 0.27730989171367787 0.1641268895439964 0.00318983798331346 0.0013161594855246705 0.0003071071348902626 4.098428736871614e-05 2.1030557452431384e-05 4.531506675103587e-05 4.7977139452728355e-05 0.0 1.965558569069276e-05 6.400862770179741e-05 9.726656367282687e-05 1.566828458910034e-05 4.1238104892269486e-05 3.517243110882499e-05 7.872161168037348e-06 0.0 0.003629565659730683 0.002253656487554654 0.00466659389860487 0.00010914997131440024 0.00020160728694397127 0.0001670286179891237 0.0019535569896020543 0.0008359190690417947 9.50295325616736e-05 0.00012019626283424127 0.0001167648895784613 3.590917155417874e-05 5.479328116266331e-05 0.0002911165979822277 9.598916048504448e-05 0.00011081609313078046 0.011947664654309999 0.000236301281682877 7.77060332386063e-05 6.163422110728304e-05 5.9166827147694124e-05 6.577747895642723e-06 0.0 3.6849258663630505e-05 0.0002066566801143197 0.00044546439084757004 0.0033527708777298256 0.012019676497538339 0.0021326967504788296 0.006537309340706093 9.867140779100801e-05 0.0010689801292088424 0.00012979326671636008 0.003762345231350217 0.0002589363981279191 0.0003241480564739464 4.9138141438957486e-05 0.0002092337942007442 9.075616344166222e-05 8.984992238320645e-05 0.0009766816027555337 0.000279196203829973 0.0 0.016382546522792977 0.0044598306859936114 0.009877674042023972 0.0011131676376532485 0.0004561913960733547 0.003728652209382914 0.002502031310185707 7.919751035625667e-05 0.0017186267806989122 0.0010704859799445469 2.870638607177277e-05 0.00028100032035745053 0.000127217897611164 9.56013444220277e-05 2.0089243917493608e-05 1.1206679418019374e-05 3.9950805774113694e-05 0.0 7.514196250696978e-06 7.938748284093259e-05 3.9562400558327235e-05 2.003008867395679e-05 0.004495308770572357 0.000359543190812045 0.0 0.00016623184854330455 0.00599684832120994 0.00012098686722845632 0.00023726513371447185 0.006522625447451403 0.0021399426134441294 0.00018271066045090606 0.003520099096839247 0.0008652418659335541 0.0009133450714158334 0.0038829230758651587 0.0010713868910857387 4.908851267857103e-05 0.0009559800926650493 0.00205527747413367 0.0010303102893980452 0.000610313549126355 0.0 0.0 0.0 2.8088494297108096e-05 0.0 0.0 0.0 0.0 0.0 1.1278683637085363e-05 1.315750543222119e-05 9.010157387599703e-06 8.033241613555205e-05 0.0 4.351596071301798e-05 5.064578559241547e-05 0.00016269122338043448 0.00020718560253946697 3.282200914200028e-05 0.00013479872542555198 0.0 0.0 0.0 0.0 0.00026497381853786775 0.00013902722776043763 0.0005653828429829463 0.00042527204076329604 0.00014308035188398348 0.0 0.0 0.0 0.0 0.0 0.0 0.0 0.0 1.2661507814351746e-05 0.0 0.0 0.0 0.0004920216395179656 0.0 0.0 1.8153265122927207e-05 0.0 5.434446261999431e-05 8.670347429710907e-05 2.3653152169881678e-05 0.0 1.8177454260390743e-05 0.00039314281386209813 3.679241127806811e-05 0.0 5.5949809260155205e-06 0.0 7.623878704679431e-06 0.0 0.0 0.0 0.0 0.0004467630769812927 7.073310471203741e-05 0.0 9.93916171351672e-06 0.0 0.00017958047627366708 0.0 0.00010775744463628343 1.0864869823078519e-05 6.836329990401358e-05 6.062065420592319e-06 0.0 0.0 0.0 0.0 0.0 0.0 5.907307872767166e-06 0.0 0.0 0.0 0.00038839198849950483 0.00019874259570895457 0.0004417290859928607
0.007367606366100481 0.07925573925346148 0.07932033302193231 0.0013265127295108451 0.07016407840839951 0.00037340092251420573 0.007830179665684979 0.0 0.02218911950726108 0.004438629143174457 0.0875051097668103 0.005979379205229466 0.019275374726305035 0.07027291143673464 0.0018611593015512879 0.0012811594187989394 0.00045728570444648783 0.0002732379894856005 0.0003028507584430407 0.001164830664358224 0.0008065751259660494 0.0 0.00015042659875670527 0.00022753469986805033 0.00032007639002537726 6.868221548453252e-05 6.75608902939047e-05 8.955015220993867e-05 1.820149333959915e-05 9.163811975591809e-06 0.13199049021593728 0.07485830496421132 0.03668439864448979 0.0025962079806393754 0.0017169414175519657 0.0011136280189126054 0.006345925124111445 0.0030736544732337208 8.373767672231118e-05 9.602559583238798e-05 0.0004128603375221981 0.00031376116809734276 0.0005019984880140209 0.0025622222159105063 0.001335106734201761 0.0023528600513046016 0.004490449223888402 8.956746526026854e-05 0.00014246965784030734 0.0009392700118610668 8.391117698941168e-05 2.075872090827614e-05 0.0 0.00010268662036121118 8.719432371382902e-05 0.0001407902457378334 0.0015647863743664776 0.015857938517829035 0.0009427604194273599 0.002461036620044283 0.0015278667804861459 0.031814767285685774 0.0026576996976900207 0.02416755280299579 7.329992651168458e-05 0.00016628602590497722 5.94668125944081e-05 0.0004180997987839589 0.0008963449590293931 0.0011537444795030212 0.002432128565808135 0.00010768804427618033 0.0 0.007648748116363388 0.006678783345878127 0.005449356180659195 0.0074645397485280365 0.011230786335589086 0.03855209021615489 0.15896129031747366 0.0009354137489724746 0.18017979391095837 0.00041242953166855897 0.0 0.0001145298731735013 4.3447002929793946e-05 0.0005356765465773446 0.0 7.182714399336278e-06 8.98015903287546e-06 1.5058612461136317e-05 1.8821216204870686e-05 0.00022470410858006459 9.708941768659974e-05 0.00016590955823493826 0.00041014946169710097 0.00017610850751119644 0.0 0.00011361619315116586 0.0019267384104591672 0.0 1.1558054118699471e-05 1.8290365182908597e-05 0.0 0.0 2.320104500874378e-05 4.644691184845241e-05 0.0 0.0 1.9875337457703588e-05 2.6059592719501022e-05 0.0 0.0003216948658131259 0.00015596550158314987 3.483705597387453e-05 0.0 0.0 0.0 0.0 0.0 0.0 0.0 0.0 0.0 0.0 1.0987166667849525e-05 0.0 1.8123307923420614e-05 0.0 2.824113836621759e-05 0.0 0.0 0.0 0.0 9.147417003194137e-06 0.0 0.0 0.0 0.0 3.6963070568836316e-05 5.739106244965617e-05 1.4680695494278858e-05 9.512139100747004e-05 2.0539325608765893e-05 1.0749989781685376e-05 0.0 0.0 0.0 0.0 0.0 0.0 0.0 0.0 0.0 0.0 0.0 9.503447435357766e-05 1.0350116822789824e-05 0.0 0.0 6.878331675905619e-06 0.0 0.0 0.0 0.0 0.0 1.9048115683451653e-05 9.060992312441924e-06 0.0 0.0 0.0 0.0 0.0 0.0 0.0 0.0 6.498133696938796e-05 0.0 0.0 0.0 0.0 3.488568814483664e-05 0.0 0.0 1.5417123159978457e-05 0.0 0.0 0.0 0.0 0.0 0.0 0.0 0.0 8.70171232760831e-06 0.0 0.0 0.0 5.7716843353636446e-05 2.972754136211022e-05 8.814516879717474e-05
0.00136288284900007 0.076107795070415 0.01931954808400272 0.002071119599628442 0.22425754596001804 0.0002639373256476477 0.11576977922958588 0.02218911950726108 0.0 0.014255156433398185 0.0978082739491409 0.0026788430444987885 0.05897586824336472 0.06256669378093653 0.0014957078183070378 0.0008629094927457195 0.00011805635138859317 3.792901265233069e-05 2.982607645052407e-05 2.8659924996831038e-05 5.5588739339932386e-05 0.0 3.8542515381322205e-05 6.379891337579301e-06 1.985444580290967e-05 7.680135987736442e-06 2.1035977278017383e-05 3.326193055977038e-05 0.0 6.913085041161508e-06 0.003989497123112082 0.0021136490799048857 0.005297673017500876 0.0001584442227249506 0.00012993089324654883 0.00012594969767978418 0.0014096442500270937 0.0004528357395538515 5.100516434977144e-05 1.3804918161085356e-05 2.70308368613432e-05 1.3592857987674866e-05 2.8054624186138715e-05 0.0002689654934893606 6.69103466027131e-05 0.00011248131206500106 0.0046858929496803245 8.558094104255396e-05 6.260989418370163e-05 7.22970887755663e-05 2.6551875604109587e-05 0.0 1.0312545274860656e-05 8.190974810247947e-06 5.313401358949358e-05 0.00010041936359190072 0.0006474180461182835 0.0019092664788286486 0.00041732698610691285 0.002455369286346166 7.123901630526034e-05 0.0014885498375603527 8.268879104632064e-05 0.0013047765031692288 8.882724783218054e-05 0.00010967917201213459 6.603069751327446e-06 6.113213251720127e-05 2.1939604030416564e-05 7.32161743774509e-05 0.0005144100380310778 5.2771929984602165e-05 0.0 0.004371683118163826 0.001709107081194735 0.005121849758069531 0.0005977406491287625 0.000455735942043286 0.004426433656783752 0.008144625042441553 9.280621721824886e-05 0.004776456645364808 0.0003005209466926369 5.445316494663948e-06 0.00011527517105491902 5.008530028111605e-05 5.404353566853193e-05 0.0 2.4632476030684496e-05 2.2631509981661563e-05 5.3287313609456705e-06 0.0 7.550065872086994e-06 0.0 7.613959030911208e-06 0.0004642829208830426 8.32085447221325e-05 0.0 2.7919374211480025e-05 0.00026430862422234964 7.800125607690229e-06 0.0 2.655161284387382e-05 2.9347740119441545e-05 0.0 0.0 5.548453116305468e-05 0.0 1.9209969023956988e-05 4.582296392522113e-05 0.0 8.356730298543774e-06 0.0003696234110843239 0.00014959750030452848 9.938318538080639e-05 0.0 0.0 0.0 0.0 0.0 0.0 0.0 0.0 0.0 0.0 0.0 0.0 1.729035101129975e-05 0.0 2.3696432263077608e-05 0.0 0.0 2.7712348270924007e-05 0.0 1.22567215556259e-05 0.0 0.0 0.0 0.0 3.941317363859715e-05 2.64195248562451e-05 6.582465676531329e-05 1.798974404637122e-05 2.657809401038191e-05 0.0 0.0 0.0 0.0 0.0 0.0 0.0 0.0 0.0 0.0 0.0 0.0 1.051047148021548e-05 0.0 0.0 0.0 0.0 0.0 0.0 0.0 0.0 0.0 8.773100484723926e-05 0.0 0.0 5.5843318551590864e-06 0.0 0.0 0.0 0.0 0.0 0.0 9.973430270308684e-05 0.0 0.0 0.0 0.0 5.862096523496182e-05 0.0 8.35260148047761e-06 0.0 0.0 0.0 0.0 0.0 0.0 0.0 6.287234480560372e-06 0.0 0.0 0.0 0.0 0.0 6.34110216504914e-05 6.41623557360241e-05 9.721813031322392e-05
0.07831248647707012 0.04713252603181134 0.0065078372216044456 0.27563802010817134 0.018961218555493937 0.041882949572275355 0.15990275037005153 0.004438629143174457 0.014255156433398185 0.0 0.014742934995302643 0.15764479458685604 0.3255455152269038 0.0286672462453914 0.0024194116624376687 0.0010070894613927555 0.0004092478889066411 6.47701575176352e-05 1.882023291174743e-05 8.801837210422148e-05 9.219769015507134e-05 1.1120043569342758e-05 6.774623566580229e-05 3.768971405640735e-05 0.00039740917203249333 4.265304280244736e-05 0.0 5.887161317359886e-05 5.578089558377258e-05 9.978082519427645e-06 0.006470359337885387 0.00105919092476188 0.011584221867330956 0.00015596693441788132 0.0002846882131351119 0.0007101991618363422 0.0228819997234409 0.005011777416017141 0.0009911225425143944 0.000949980705374625 0.00045500116818417873 4.8485470972749143e-05 4.2214473808444986e-05 0.00018269342274628236 9.36214378144552e-05 0.0003474531795457644 0.007476011077839474 7.107458918075883e-05 5.4315776800134536e-05 5.004722474005996e-05 1.548528189882287e-05 5.3364460647836044e-05 0.0003584897691979122 0.0 7.401188518444063e-05 0.00018626925714758843 0.006470560937035628 0.016822775219664094 0.001482841686750527 0.0040931587422373 6.468074242545275e-05 0.0016132979181193437 0.0003674852246754526 0.002651351935914283 0.00011897393577476937 0.00012456194120797164 4.166304834344349e-05 0.00010490946811804767 0.00010393047919740078 0.00017304329665895568 0.011009906096942386 0.0036128382123745873 0.0001128569091438974 0.009683406035007535 0.0017423994374903367 0.0034322095456315303 0.0002773823559929926 0.0003235874866361615 0.0006050906480910196 0.0011101675349884884 0.00010407024738180036 0.0009922549745485303 0.0005844444999993193 2.5904564813553764e-05 7.537966554676266e-05 7.119951426104474e-05 0.00010858727755080596 1.791780662538927e-05 3.78465565908744e-05 0.00016189278113330714 0.0 8.434367020697442e-05 6.646047068752908e-05 3.702247021105026e-05 2.6124952270387987e-05 0.06286449848611342 0.007309939748574465 0.00014867642373984533 0.001764755919815582 0.04851593353046956 0.00017989767473187415 0.0011993572966558735 0.008481347632775232 0.0026894555631903766 0.00027600046318995946 0.004191487767742684 0.004867538708110845 0.001018886213241201 0.0030970586654620468 0.004865039744933533 0.00023412963734836996 0.0033079669689125278 0.025599375903730334 0.006351336829456432 0.0032415804085637995 0.0 0.0 0.0 0.0 9.561682258280752e-06 0.0 0.0 0.0 0.0 0.0 0.00011988225042303756 3.060291347469916e-05 0.0004904139413319839 6.834039417618356e-05 0.0001026487632593872 1.0560490898591025e-05 0.0004795297044966361 0.0003952591918045577 0.0001211417976281956 0.0004301061864469163 0.00022913153244341505 0.0 0.0 0.0 0.0014010516674072366 0.0010662499329085302 0.003140392580185308 0.00202434159152136 0.0009755108191238042 0.0 0.0 0.0 1.1604317648596484e-05 2.5407171717227364e-05 0.0 0.0 5.28355014995715e-05 7.464144541304508e-06 0.0 1.0286543408348902e-05 0.0 0.0012312439730657971 2.203649291012438e-05 7.363448487385398e-06 1.0767437061340516e-05 0.0 4.4646361578873585e-05 0.00012390021026230822 1.580901327296414e-05 0.0 0.0 0.002430351029536267 6.954329913871031e-05 8.267739421681736e-06 0.0 1.1528576852346408e-05 0.0 0.0 0.0 0.0 0.0 0.003677249768018745 0.0013776100150666483 0.0 2.385370597759421e-05 9.559392128707783e-06 0.0009949670426086254 2.5091905654778257e-05 0.00038369414889674396 6.531113335629656e-05 7.619804528079164e-05 3.1073090942171707e-05 0.0 1.389361525300909e-05 0.0 8.301617130537455e-06 0.0 0.0 1.4589638625490754e-05 0.0 0.0 0.0 0.004217422775387314 0.001414058150285924 0.0028770796766956304
0.00499860308063353 0.1349268139295015 0.1444695954831237 0.0006320721176858977 0.2524583137644672 0.00014587495388386937 0.09982222063999789 0.0875051097668103 0.0978082739491409 0.014742934995302643 0.0 0.011119090409436707 0.20010830511413177 0.22953821404997193 0.0010929444974511785 0.0005444785142814645 0.0002381375268224601 7.286540782425624e-06 0.0 7.08004067891975e-05 5.5236826139058263e-05 0.0 1.9800945286278066e-05 9.610714584589873e-06 3.309185757256439e-05 1.822440223321515e-05 2.3569070160749583e-05 0.0 6.753400264047766e-06 0.0 0.030234373058102053 0.01333181359903784 0.0377807904536628 0.00010189084497218759 0.00015444273257062658 0.00013568620666948818 0.004662272584922611 0.0012778126613038061 2.382350311309611e-05 3.261041433912784e-05 0.0001113965555013061 3.6280467596251966e-05 1.2723416658527996e-05 0.00012963755658353563 4.820480125257166e-05 7.325210288246001e-05 0.0023146145917516537 2.7397182880468858e-05 3.871478415767917e-05 4.048007643571799e-05 7.06564490036411e-06 0.0 0.0 2.1894598583865276e-05 3.223577332759537e-05 3.5807739138442276e-05 0.0005978432604831954 0.002187801702637391 0.00027680293801525936 0.0009454203311635468 5.320740600570878e-05 0.009609891660053502 0.0001983095032081071 0.0017845068646781999 2.524398684714172e-05 3.6071419984773515e-05 5.9665416277961185e-06 5.444984783609683e-05 0.0001001030420564082 0.00015768073012180952 0.0009948965532181472 0.0 0.0 0.0023415630953840367 0.0010282684695141966 0.0020533672737011255 0.0004987586771006327 0.00046086167181080476 0.00572614455352635 0.09149388759549042 4.438737749261208e-05 0.030402732687748894 0.00011606186285424985 0.0 3.4399203713816466e-05 1.3526532872066085e-05 5.091779815427082e-05 0.0 1.4300119900361158e-05 0.0 0.0 0.0 2.0648754166713305e-05 5.896014564465199e-05 1.660211104021164e-05 0.0005169219435746062 7.400940384139488e-05 0.0 4.799026670084456e-05 0.0004966037037950602 0.0 0.0 0.0 5.2497666548919916e-05 0.0 0.0 2.6687874603729528e-05 0.0 9.825016767626538e-06 8.60608254429773e-05 1.8779024508892316e-05 5.260849185163867e-05 0.00013833197304079022 0.00012359518045222464 8.842684776992042e-06 0.0 0.0 0.0 0.0 0.0 0.0 0.0 0.0 0.0 0.0 0.0 0.0 0.0 0.0 0.0 0.0 0.0 0.0 0.0 2.6309984862631442e-05 0.0 0.0 0.0 0.0 3.7815663585034154e-05 1.8679273125507588e-05 4.179972608757606e-05 3.845297175822927e-05 0.0 0.0 0.0 0.0 0.0 0.0 0.0 0.0 0.0 0.0 0.0 0.0 0.0 0.0 0.0 5.33644891399098e-06 0.0 0.0 0.0 0.0 0.0 0.0 0.0 6.31135504709973e-05 7.517755227287977e-06 0.0 0.0 0.0 0.0 0.0 0.0 0.0 0.0 3.79127139198266e-05 0.0 0.0 0.0 0.0 4.1694668213743165e-05 0.0 0.0 0.0 0.0 0.0 0.0 0.0 0.0 0.0 0.0 0.0 6.000778969938386e-06 0.0 0.0 0.0 0.00010612104226888325 9.209736766389701e-06 9.870979547856107e-05
0.005533770998106972 0.00561526087814635 0.00487055259967299 0.028480120116351284 0.002096475698353721 0.02204196023642944 0.03836062055024816 0.005979379205229466 0.0026788430444987885 0.15764479458685604 0.011119090409436707 0.0 0.06375156488545568 0.027424093404166922 0.0027434798141570743 0.0017089507622812684 0.0011997517903112437 8.153538251432668e-05 5.750722653384002e-05 0.00026258545146036906 0.0005337066185271594 0.0 0.00030658250400458054 0.00013281114875172382 0.00099800538353584 0.00025934545946402305 0.0001471981758086195 0.00011943788424176115 1.5798196415451124e-05 0.0 0.0010386636316724405 0.00022727846621664222 0.018811652051399876 0.0012928824109999957 0.0016405938097781311 0.002095173598552984 0.07301835856875137 0.02565793622833497 0.004829850276830915 0.0022536963137753524 0.0006662533158802461 0.00025283161802350566 6.33225683240876e-05 0.0002611851116224705 0.00020248503719498315 0.0007833238912196447 0.0048705555045981995 6.637327734394258e-05 5.0140383690734225e-05 0.00013481838369013076 1.8754005935503815e-05 6.708725958709266e-05 8.793301238387062e-05 7.15812257389696e-05 2.7357733388300416e-05 5.79068481293293e-05 0.0022902719402610244 0.002466257521569198 0.0003219970578126632 0.0011354450190170114 0.00020099748121983914 0.010602633809174394 0.0016977002914956186 0.00045044628028019203 4.173829147813859e-05 3.129266289253926e-05 1.2566186631857824e-05 0.0001509409294411451 0.00047132208145111266 0.0005460174503297954 0.042424123117436534 0.001791980907365928 3.131774478164721e-05 0.0021232161300698623 0.000679951313419032 0.002084108883425094 0.00014845389621169326 0.00010425603723004859 0.00046064315659979504 0.004829923417883723 7.414112396469353e-05 0.0026108526330271926 0.0002029629011907985 0.0 3.690954409275973e-05 0.0 0.00013396212596009042 7.2312864203649035e-06 1.320394561297551e-05 7.503858060023106e-06 1.694758756504518e-05 0.0 0.00026159374684378247 0.00022960620406065508 0.00018761683283067266 0.145718149415446 0.03914323058395662 5.521683103485194e-05 0.012027613797601984 0.02123154635057229 8.211609086642248e-05 0.001233906691587828 0.001456040273132342 0.0007354256311233802 0.00027993332796858665 0.0007895420894054889 0.004988777257856796 0.0007278397412172212 0.0010213790474568702 0.0053191700471848765 0.00035260183276951456 0.0023483440272223785 0.026074660224021794 0.00837013314858997 0.004082926811169616 0.0 0.0 0.0 9.127227519729064e-06 0.0 0.0 7.059366513622188e-06 6.815141321567442e-06 0.0 3.633590620705633e-05 0.00011089492974913365 0.0 0.0003476305667648827 1.9036680231359493e-05 5.133296185941661e-05 0.0 0.00020498234403307504 8.329916344614193e-05 1.3885127147657916e-05 0.0008733702271956678 0.00027753939100724686 0.0 0.0 0.0 0.002646623931436455 0.001441773616856032 0.0047932665377021086 0.0025081094261411837 0.0007097891273376301 3.589918033364751e-05 0.0 0.0 3.565241998018548e-05 0.0 1.4097375368755212e-05 0.0 2.9080521823863917e-05 5.238907059268344e-05 0.0 7.116093599317611e-06 4.507552375643539e-05 0.0005747078086603434 3.4740517863252534e-05 0.0 2.8780535110835558e-05 4.259033744652027e-05 6.79162244431014e-05 0.00011593066318616525 0.00010223190712506017 0.0 1.934588128104126e-05 0.0026194553075395742 0.00015129384176407242 4.076079490899946e-05 0.0 0.0 0.0 0.0 0.0 0.0 0.0 0.005434859997935102 0.0006660423630987691 1.9962329457302185e-05 7.034622477193282e-05 0.0 0.0014932245504634225 2.8107312995246807e-05 0.0004844648013965249 4.5865093571794426e-05 7.402772424482142e-05 6.565333899106267e-05 0.0 0.0 5.936283045464888e-06 0.0 8.619738098777134e-06 6.599655514471139e-05 0.0 0.0 0.0 0.0 0.006006000479927364 0.00293208476603514 0.0035466675022782367
