0.0 0.12660008745225526 0.022185525401041326 0.0951868407462903 0.0021475403394886857 0.0040168199835558345 0.022833844039524237 0.00847639697013317 0.001233571472737619 0.049832147990470844 0.005384011147362521 0.0029720022914812446 0.008567193731606611 0.006528714058946715 3.385909558516683e-05 1.921209705272051e-05 0.0 7.559546494229652e-06 0.0 0.0 0.00020037364910208667 0.0 0.0 0.0 7.176302522631855e-06 0.0 0.0 0.0 0.0 0.0 0.04180610688737224 7.427259128070214e-05 0.0002972849130903401 1.2584835957389376e-05 6.114512133431338e-06 1.0273192079583665e-05 0.0006701235449046422 0.00010643133559049654 0.00019366255699494796 1.9758637160002808e-05 3.396608869530303e-05 3.287987424589572e-05 1.0747333857134516e-05 1.838267357015734e-05 0.0 7.206871433035806e-06 0.0017791254679070951 8.283069300500477e-05 0.0 8.648009294163044e-06 0.0 4.2925037893728824e-05 0.0 0.0 0.0004558039310404172 0.000588859191384113 0.006792406389911621 0.026724807781534684 0.0027213835431515554 0.0009779839962300474 0.0 0.0004547948814238567 3.531499801552413e-05 7.119750182663727e-05 0.0001265083569794237 2.106933991105962e-05 4.6114236306995936e-05 5.798094477798118e-05 0.00019738391569074237 0.00016034151501580503 0.0008526385794432461 0.000603493156697467 0.0001055844644269204 0.014446593278990257 1.73137413616387e-05 0.000270028341454481 3.0614730585344604e-05 9.957815879151347e-05 1.1877235079822634e-05 0.0025423675985017866 0.0 0.0005266414895017963 0.0007536126232358264 3.85554035137675e-05 0.00014078403765713763 0.00020722115092006272 9.22707560317999e-05 0.0001713682440586235 9.805601201930314e-05 8.511969707510671e-05 1.4241750543389782e-05 2.1648364475301028e-05 7.381620257509129e-05 0.0 1.8003385252693652e-05 0.004535148306880104 0.00030218096928898326 1.8828559713460492e-05 0.00012912703752879278 0.06842621672259987 0.0 8.982468435813395e-05 2.372521803720717e-05 9.488719833018539e-05 0.0 0.0007491351218948398 2.4060201585577017e-05 0.0 0.0007528492825024366 0.00037716497330313875 0.0 0.00047294258865751706 0.0011808368396576576 0.0005524482251658084 0.00027546131289643257 0.0 5.716573808470172e-05 0.0 0.0 0.0 0.0 0.0 0.0 0.0 0.0 0.0 0.0 0.00010254339023189473 0.0 0.0 9.391573199673953e-06 5.669891318520514e-05 1.0629214417710457e-05 0.0 0.0 0.0 0.0 2.4205548429639213e-05 1.0017281215726203e-05 0.00031776625715786134 0.0 0.00017398186137070092 0.0001115882653757948 7.564221331973757e-05 0.0 0.0 0.0 0.0 0.0 2.129138123784779e-05 0.0 0.0 5.1327944758199764e-05 0.0 0.0 0.0 2.6805425073720792e-05 0.0 0.0 0.0 0.0 0.0 0.0 2.669616966607129e-05 0.0 0.0 0.00010627615034927667 0.0 0.0 0.0 0.0 0.0 0.0 0.0 0.0 0.0 0.00014836326286940492 3.2314212338203406e-05 0.0 0.0 0.0 1.210592623393146e-05 0.0 0.0 0.00011546439859808189 1.986177753515197e-05 1.59474968981636e-05 0.0 0.0 0.0 0.0 0.0 0.0 0.0 0.0 0.0 0.0 0.00010991923614813625 0.0 0.00023336747792846406
0.12660008745225526 0.0 0.09403687470726989 0.03897415844913175 0.21122464370800592 0.002797958482883546 0.2833127862839009 0.020075787112299584 0.2846008804257025 0.1356598771036738 0.06538845439743497 0.010038521899184569 0.17025059488186886 0.20046450711872799 0.000549390795964079 0.0003192101103531213 0.00010497953213159027 3.59860077697912e-05 2.6469994740829296e-05 1.78697024183232e-05 0.00016175769546469696 0.0 9.688457426401916e-06 0.0 0.0 1.0441089759189765e-05 0.0 7.704007464138051e-06 6.754196954400986e-06 1.7870946104838797e-05 0.1479941444911079 0.002658652754694062 0.0005345920056366828 6.654740026669835e-06 7.986421451159368e-06 2.6853835066363428e-05 0.0006233033611594608 1.9300229507759143e-05 5.002600456256223e-05 1.0775269191606744e-05 1.3386233690528688e-05 3.0759041985838324e-05 0.0 4.484149052212523e-05 3.0210329515063778e-05 1.2153181512218345e-05 0.01715445887166118 0.0008466081397487798 6.414904027445281e-05 1.8698214056480504e-05 2.5492069509508507e-05 0.0 9.646012415914346e-06 7.3279370532775695e-06 0.0019353161964905843 0.0012822540015338087 0.007059834967259778 0.032289484649199236 0.005286228193306467 0.007918976991255114 7.768474286516327e-06 9.4580320365718e-06 6.556495044035101e-06 0.0008529758656872988 0.0005790127905795357 0.0002059413195847534 0.00014686169752195686 0.00022674033850857313 7.245355066315198e-05 0.00010864773741629524 0.0002288908446671994 0.00028603243282213276 0.0 0.05000228738520362 0.0023981125154615307 0.00444820263080177 0.0009954677936877974 0.0008111717774551152 0.0 0.004293127430349242 0.0 2.5687476419080713e-05 0.0036710948999090277 0.0 0.0008289755135094687 0.0004443777218091539 0.0003013444068726856 2.4776792017803312e-05 4.246336327996139e-05 0.0 8.260966644176954e-05 4.031986139450343e-05 6.103038235603323e-05 3.239786636755245e-05 5.205982156935042e-05 0.0032723468657721994 0.0002421357766208904 0.0 5.301963062613286e-05 0.048011914810289075 5.946339553897816e-05 0.00012125495588352074 0.0001543278227674077 7.807505555462893e-05 0.0 0.0030474356188496567 8.292490682740219e-05 0.0002558944410395456 0.0026038812906152807 0.0007491164973766635 4.8862967702890985e-05 0.0012689619104879499 0.003235321831501004 0.0012242813571369463 0.0006955508643236522 1.2886621828729486e-05 0.0 0.0 7.348948910921265e-06 0.0 0.0 0.0 0.0 0.0 0.0 0.0 0.0 1.2614360286543566e-05 0.0 0.0 0.0 2.2489895866494037e-05 0.0 0.0 2.2140726789329083e-05 2.6710088759317435e-05 0.0 4.548771599917073e-05 0.0 0.0007994140175580608 0.00020590791558849894 0.0002944631927819444 0.0003699885308297041 4.428655865691149e-05 0.0 0.0 0.0 0.0 0.0 7.840877088902292e-05 0.0 3.237795247445443e-05 0.00023541426659522854 0.0 0.0 0.0 5.16004304140424e-05 0.0 4.060848660014384e-05 0.0 0.0 2.614215397363877e-05 3.846101415170336e-05 8.847390614162526e-06 0.0 0.0 8.285121190878983e-05 0.0 0.0 7.648178155224661e-06 0.0 1.1233110307610904e-05 0.0 0.0 0.0 0.0 0.0009418142436366536 9.975489308985028e-06 0.0 0.0 0.0 6.86339426563475e-05 0.0 0.0 0.00017629166087967935 4.2022595680968194e-05 5.364802415862096e-05 0.0 1.8102012094219883e-05 0.0 7.093026985660141e-06 1.2172898704703498e-05 0.0 1.0539031274619804e-05 0.0 0.0 0.0 0.000343121204698323 0.00018182539112847947 0.0006592914715578082
0.022185525401041326 0.09403687470726989 0.0 0.0033374633465100972 0.03691053134615425 0.00033420913084301494 0.009559670594846808 0.10698462224312744 0.08911429651422723 0.008139339702907037 0.12186979236875646 0.0013806274585245867 0.027062008353573575 0.11273141864724752 0.0002591999664639136 0.00012982780919192736 2.7125515163461425e-05 1.6854424269642132e-05 0.0 0.00010308351761063913 0.0004313421692415771 0.0 0.0 0.0 0.0 4.092887486685264e-05 1.235682868658495e-05 0.0 0.0 0.0 0.23789767766825767 0.01605673348459431 0.000903909747940193 8.38514705950261e-06 1.7485113764785095e-05 7.955399119391574e-05 0.0004169359120601982 0.00010109618927877128 9.241254783691266e-05 1.7095218523074864e-05 5.570370811764864e-05 1.568810794425168e-05 0.00011585692308734847 2.013142041025458e-05 0.0 1.986826865537667e-05 0.0039628061270368335 0.00025442495376270483 0.0 6.320332633151384e-06 6.592956893191162e-05 0.0 7.93850056493064e-06 0.0 0.00041366124554738213 0.0003040280236326925 0.002363495721420701 0.019667789892641202 0.0014951553433819893 0.0017445723351298989 2.0566792448915786e-05 0.001105660973192406 7.313120735915612e-05 0.006414374654636475 0.00015049293511470714 4.992207305658624e-05 6.638573977596344e-05 0.00020309580234964523 0.0004999180789650302 0.00019547612798885466 9.229408982235056e-05 9.028561593413392e-05 0.0 0.023005428091568223 0.002972623066111265 0.0013203458158491152 0.0008739536340086433 0.0005668774006137049 4.678000151313747e-05 0.013423723633190962 1.951663144240427e-05 0.0012451589798379496 0.0010720397795440809 0.0 0.0002428881785879238 8.027041089578122e-05 0.00017068643981717828 0.0 1.5557591556910892e-05 0.0 1.5559454201100733e-05 0.0 0.0002781262584879959 8.355502353420789e-05 6.601344226561142e-06 0.0014505561557925696 0.00027495741979048725 0.0 1.5398176050187877e-05 0.00683191886502523 0.0 0.0 5.738644482909206e-05 2.729783211429407e-05 0.0 0.0001962460988314107 2.4235674883896856e-05 4.844006811824973e-05 0.000526075314922091 0.00019948278096499676 3.805061106761174e-05 0.0005965679696797417 0.0010421776558022027 0.0007537687410014676 0.0001937221558378557 0.0 6.234530286839778e-06 0.0 0.0 0.0 0.0 0.0 0.0 0.0 0.0 0.0 0.0 2.75022468538884e-05 0.0 1.6749306307891217e-05 0.0 8.163143726231347e-06 0.0 1.3204292837583242e-05 0.0 0.0 0.0 5.249845479836827e-05 0.0 0.0005475278083897969 0.00018999323931777947 0.00019930886732459264 0.00012600253389900541 2.7787457933243334e-05 0.0 0.0 0.0 0.0 9.849306587225093e-06 0.0 0.0 4.138010222533068e-05 5.79001075591201e-05 0.0 0.0 0.0 8.085229699705579e-05 0.0 0.0 0.0 0.0 0.0 0.0 5.456304174454862e-05 0.0 1.268801769256961e-05 1.0425404688803143e-05 0.0 0.0 0.0 0.0 0.0 0.0 0.0 1.530806360389452e-05 0.0 0.0005198682794372995 0.0 0.0 0.0 7.444137579632318e-06 3.404617902895191e-05 0.0 0.0 0.00012637449283421938 0.0 4.1410068529700576e-05 0.0 2.0169584657526622e-05 0.0 0.0 0.0 0.0 7.164086404618405e-06 0.0 0.0 0.0 0.00017462560716960466 0.00014646879886868824 0.0005028619542014627
0.0951868407462903 0.03897415844913175 0.0033374633465100972 0.0 0.00337169698555149 0.019981487700608137 0.03733443200514003 0.0002844591246533526 0.0031646319745198756 0.30246368059835915 0.0008580592683987618 0.0184008206170733 0.07187782234381725 0.016346556909091054 0.00017096827139725048 6.604433147579085e-05 3.216354014967591e-05 0.0 0.0 8.408361579265969e-06 6.087050515594016e-06 0.0 0.0 0.0 0.0 0.0 0.0 0.0 0.0 0.0 0.009989872624334291 0.0002691249215098232 0.00017655965127726163 0.0 0.0 2.455832640998014e-05 0.0006638924075831413 0.00016036990194410482 0.00015775960978615307 7.497691605906381e-06 0.0 0.0 0.0 1.4978116360703085e-05 0.0 0.0 0.004904128161776319 0.00030470220512422583 3.87973736425021e-05 0.0 2.47493371329943e-05 7.472765165601286e-05 1.4683776737746987e-05 2.034353292493348e-05 0.0004938563561782288 0.00034251518020961437 0.0032346311839078004 0.00661898762997413 0.0015508215374705286 0.0022383174270533875 7.769339480654594e-06 0.0 0.0 0.00015012214339804437 0.00018417964016666049 7.669600871874654e-05 3.794796845562718e-05 2.253041667367576e-05 2.7293321466254703e-05 1.7916866319797267e-05 0.0008098118452056844 0.00032898855903130687 1.7088601399034583e-05 0.014111705722924145 0.0003484980505781154 0.0008742049173583273 0.0003981496867431886 0.0003555502677173069 0.0 0.0001878848376707804 0.0 1.3222088231415519e-05 0.0012155847026750805 2.0966447215166272e-05 0.00024629419830731386 0.00021986976789280363 7.506614311213394e-05 0.00010698493094959006 6.0665869669203266e-05 0.00010805425704026506 1.0556943053655778e-05 0.0 0.0 0.0 0.0 0.00680977104354778 0.00023598535243815784 2.904457587846808e-05 7.778217363230265e-05 0.04078945261447051 0.00011746477024858452 0.00031436855080471595 0.002002097319888195 0.00025338456622772085 9.650184296443438e-05 0.0023305889997053356 0.0001883476496854022 0.0007610186042630761 0.002880605820618729 0.0009451084657492753 0.00010522032590409244 0.0021937320599664427 0.004528772480627594 0.0017839358362209082 0.0005606226957693852 2.153411748901834e-05 0.0 1.5802905115133683e-05 0.0 0.0 0.0 0.0 0.0 0.0 0.0 0.0 0.0 0.0 0.0 2.1350363527734225e-05 0.0 0.0 0.0 0.0 5.3275082682203824e-05 0.0 0.0 0.0 0.0 0.0011416556925389735 0.00025129840762068553 0.0006637976339575329 0.0005642902234228836 0.00021324497445234937 0.0 0.0 0.0 0.0 0.0 2.1421252697262272e-05 0.0 0.00011798457879067092 0.00036899051808934094 1.3997291598832203e-05 0.0 0.0 0.00010621063798378745 0.0 3.5957150010440045e-05 1.6616938818694834e-05 0.0 3.7472490171956115e-05 2.842469433655988e-05 0.00012088611193576286 1.830858140287449e-05 0.0 0.0001703980291065827 9.44340693721394e-06 5.450425759806684e-05 0.0 6.742066922963831e-06 0.0 0.0 0.0 0.0 0.0 0.000999823605641562 4.7925781140310915e-05 0.0 0.0 0.0 0.000158124542806322 0.0 0.0 0.0003993242654561808 3.207427221750529e-05 0.00011412699025208125 0.0 2.1786606050770225e-05 0.0 0.0 0.0 0.0 7.330435968643022e-06 0.0 0.0 0.0 0.00040568667566884606 0.00024619496068393354 0.0009111519759476938
0.0021475403394886857 0.21122464370800592 0.03691053134615425 0.00337169698555149 0.0 0.000219199419418103 0.11662325197910184 0.002552234253217392 0.28575429085308507 0.028632324139014807 0.03777912474129744 0.0031837844227129066 0.04964075501468304 0.1452664236307783 0.00044010924925587874 0.00014982034165599465 5.8148777051026524e-05 4.113273461254171e-05 0.0 8.291473322162063e-06 3.756767451229183e-05 0.0 0.0 0.0 0.0 1.1071623432820333e-05 0.0 0.0 0.0 0.0 0.010570043971424086 0.0027037591345733004 0.00010158177816631611 5.004560873635783e-06 0.0 1.5017702719741033e-05 0.0001578680581922661 6.890191141205301e-06 6.355590039728299e-05 1.0164020834788086e-05 0.0 0.0 0.0 2.1365120402074784e-05 0.0 6.480729719216375e-06 0.006065870329356902 0.00022007222524488113 3.346308867747042e-05 6.536455147121498e-06 6.6267575609994125e-06 0.0 8.026901860171213e-06 8.964249053569618e-06 0.00025189614567526286 0.0002359974988212352 0.0003260646424145177 0.002525105656250686 0.000593012038123093 0.001844586363723238 9.949757598493653e-06 0.0 0.0 0.0006647644376688716 0.0001125141904675901 1.3126039177872127e-05 4.3660530341083764e-05 4.5826799961783425e-05 1.5508590981499053e-05 7.793701500814794e-06 6.97209881538209e-05 8.362183585509215e-06 0.0 0.007038199062734304 0.0010951507309040623 0.0017213082025664816 0.0006973032162194812 0.0003713652456331371 0.0 0.00015336043664911973 1.976499025314708e-05 3.831455539610826e-05 0.000716544742377098 0.0 0.00016460282747439946 8.660771749331066e-05 5.036338603087282e-05 0.0 2.3940788923786187e-05 0.0 1.54643025640454e-05 0.0 0.0 0.0 2.1524463769208728e-05 0.0010821933261914664 0.0 0.0 2.3210416463532974e-05 0.0006124736645716217 0.0 7.472209979323788e-05 5.829323273069839e-05 7.52133434627047e-05 1.006450860003865e-05 0.00046414288808289825 2.921240718965224e-05 0.00021199297553236516 0.0008134721526481779 0.0004868478647676962 1.0894720808775677e-05 0.0002612888923455857 0.0012336879926018879 0.0004164334357757821 0.00030538400792287917 0.0 0.0 0.0 0.0 0.0 0.0 0.0 0.0 0.0 0.0 0.0 0.0 3.0800399612253285e-05 0.0 0.0 0.0 4.7354053735969444e-05 0.0 0.0 0.0 0.0 0.0 4.053669712854417e-05 0.0 0.00047193462113479255 0.00010145131900971598 0.00011973385417349076 0.00011195571558669173 7.68051044574389e-05 0.0 0.0 0.0 0.0 0.0 0.0 0.0 9.396998096772165e-06 8.785871030649256e-05 0.0 0.0 0.0 0.0 0.0 0.0 5.029098722021079e-05 0.0 0.0 0.0 1.1417392330687024e-05 0.0 0.0 0.0 0.0 0.0 0.0 0.0 0.0 0.0 0.0 0.0 0.0 0.00028997438572455855 0.0 0.0 0.0 0.0 6.698581371043487e-05 0.0 0.0 0.00011643805412759084 5.423100726258004e-05 0.0 0.0 2.9079502981913163e-05 1.5373328290127925e-05 0.0 0.0 0.0 0.0 0.0 0.0 0.0 0.00011115795849814758 7.988249372160333e-05 0.0004792277883489292
0.0040168199835558345 0.002797958482883546 0.00033420913084301494 0.019981487700608137 0.000219199419418103 0.0 0.0022851343876017292 0.0006316575391743054 0.0004136566372704322 0.021469799807545584 0.0009134702513774577 0.023957140416811067 0.015534967456881266 0.0012326034147592914 4.673079654222327e-05 5.1959729813235434e-05 3.34203440472229e-05 0.0 1.8742530848839195e-05 0.0 3.6759301361819856e-05 0.00015243027455879289 8.275575680452977e-06 0.0 3.348306990085157e-05 0.0 0.0 0.0 1.4708923636636284e-05 0.0 0.0005627741291621964 4.7204371783534606e-05 0.0007544735072741141 9.547930468750912e-06 0.0 0.00012002252699125993 0.005228932545768834 0.0008962099154345396 0.003728602412282084 0.0001985882365944477 8.033314588709118e-06 8.777011231063918e-06 0.0 9.537918984672564e-05 7.306528379800921e-05 0.0002585454540718062 0.0002722619990699858 0.0 0.0 0.0 0.0 0.002525705347364404 0.0001861595804427462 3.119938155660303e-05 6.506675251449762e-05 0.0006262030302175712 0.005581545334626606 0.0005932239380664494 0.00030349772936086924 0.00011159698512839117 0.00019270661942944573 0.0002634185222689957 0.00023589295845712744 0.0 4.358817337138339e-05 5.241445209433871e-05 0.0001780422944104961 2.6712243328377715e-05 6.229890749401263e-06 1.3555259633307868e-05 0.01684936433634365 0.036405988520290186 0.0032828115379630565 0.0006924211878043983 0.00017538116115575 7.991912668586466e-05 0.00018570490240725753 0.00010236796598849551 5.446752989047852e-05 0.00105292215745907 0.0 0.0004706831911557008 9.77062268700475e-05 0.0017091452807669473 0.0 0.0023520764755835056 3.123959504913531e-05 0.004794195927036093 0.0032657412326066028 0.003974747118604548 0.0002606709234646491 0.0004477483758163972 1.5234101287872e-05 0.0 0.00016062221256153697 0.02173211448781612 0.009865186992381696 0.0012823383832111467 0.005218112645737191 0.006867812273937554 3.0018258340090253e-05 3.5760469596655415e-05 0.0 0.0 0.0 0.0001839786366677681 1.2782917802924371e-05 5.4424397149241797e-05 0.00015436214774574932 0.00012840077942976962 0.00010300776142350171 0.0001811419983732829 0.0002153447501282178 4.035432920923142e-05 8.10026272439311e-05 9.403383941289874e-05 2.1382982164329e-05 0.0 5.692437056200117e-05 0.0 0.0 0.0 0.0 0.0 0.0 9.838484687003108e-06 1.9999848861190973e-05 6.604141896011472e-05 1.8466906639941334e-05 5.620006696491129e-05 0.0 0.0007166037381330409 0.0003925917676092421 0.00010311769879073325 0.0 0.0 2.5467108730759014e-05 8.013322977227137e-05 1.908746966050097e-05 0.0001344406520969024 0.00010872859146772711 0.0001048018403004412 0.0005518569671700523 0.0003161613489634841 0.0 0.0 0.0 0.0 2.3352823859805798e-05 0.0001333068139763733 0.0 2.4816861231157446e-05 0.0 0.0 0.0 0.0 0.0007860625594778403 0.0 1.137353819355958e-05 0.0 6.997760887123484e-06 0.0 1.0080003221910121e-05 9.067262463042014e-06 1.3726250658493375e-05 0.0 1.2238200422592631e-05 0.0 0.0 2.464184385504054e-05 6.840830444964819e-05 6.938444350474354e-06 0.0 4.981627361618389e-05 0.0 1.2913930991568568e-05 2.581220721137793e-05 0.0012804550753574143 0.0 0.0 0.0 7.337569900699406e-05 0.0 0.0 1.7973438185547507e-05 2.3528074968191295e-05 9.101284455109537e-06 0.0 0.0 0.0 0.0 6.232814999783885e-05 0.0 7.666023565838694e-05 3.654289750345236e-05 0.0 0.0 1.9840910918547613e-05 0.00019040210919513806 0.0005131695568650337
0.022833844039524237 0.2833127862839009 0.009559670594846808 0.03733443200514003 0.11662325197910184 0.0022851343876017292 0.0 0.0012001128206448762 0.23685639053432253 0.11416340084317367 0.008869927994230269 0.007500158322006718 0.533255523728446 0.15975056505272758 0.0008619938178556268 0.00030405978044166314 7.186537783715501e-05 9.263544666294962e-06 8.04248016396601e-06 2.9783247277048128e-05 0.00010221300630372415 0.0 9.154892826540695e-06 0.0 0.0 0.0 2.2546491778773964e-05 0.0 0.0 8.335316878816442e-06 0.02173604993901784 0.003966484863739682 0.00037053712547248315 1.3637781552039078e-05 0.0 1.1540920315569112e-05 0.0004475111115935231 6.8764538397236246e-06 9.651410188527064e-05 1.4388513247120172e-05 2.8055802776673243e-05 1.5278042954367516e-05 0.0 6.229329070560749e-05 1.3257233677350194e-05 1.331560566631307e-05 0.016591509015750242 0.0007998672840622569 5.422515770376749e-05 3.80267732617988e-05 5.727538256520161e-05 7.2828873226939035e-06 0.0 1.6004543923340526e-05 0.0012881474178499993 0.0008780776172171053 0.0024763886153941527 0.009096553764490926 0.002844832513541733 0.005822966910559391 6.0085823608380604e-05 3.4702369868831825e-05 4.850345909888964e-05 0.001536468878080108 0.0004583057747922559 0.0001095923832123854 7.052510554946825e-05 0.00014218593494832383 0.00012484836059017818 7.016633036462244e-05 0.00011541771466534048 0.00012152476900805355 0.0 0.027404246051258473 0.0024612721271257895 0.004623132127433132 0.0014854407416066463 0.001185530866051521 0.0 0.0002598039301650278 9.154831267424689e-06 7.1478420119511795e-06 0.002966554606929636 8.067670346608749e-06 0.0008751207929244342 0.0002781818766683786 0.00019390264812785255 1.4330612089208633e-05 8.414548174238662e-05 0.0 3.450006689547492e-05 2.6327890330830586e-05 5.2452767353817205e-05 2.006561948640907e-05 7.011951706155126e-06 0.0033094469593621012 0.00018305595401003623 0.0 3.515310619717357e-05 0.006940892146765129 0.0003230053111322897 0.00024254400253218383 0.0017990728438739873 0.0008790710380321588 4.7755122919096335e-05 0.006130712564232984 0.00029589549979550805 0.0011148462791078383 0.0072934100071376405 0.0015240171295650142 0.00010368111811906657 0.014441428523983267 0.007677908862758061 0.0025409194688716867 0.0009123175425022889 5.0646425708596686e-05 4.9240847855575986e-05 0.0 2.7736718793734867e-05 0.0 0.0 0.0 0.0 0.0 0.0 0.0 0.0 5.6504166112407636e-05 0.0 0.0 0.0 0.0 0.0 0.0 0.0002886230712704378 3.1738322960503074e-05 0.0 4.201564334830403e-05 0.0 0.0009643083471649127 0.00031528469569195547 0.0005040957133477459 0.0003857182219568193 0.00022346369056171062 0.0 0.0 9.167712512449378e-06 3.3006074281157026e-05 2.019462767540766e-05 5.729633574931286e-05 0.0 0.00021257560370954598 0.0003932143058117505 1.4994362196162095e-05 0.0 0.0 1.8036170772204488e-05 1.2460809728412098e-05 7.298475726031169e-06 2.6716636629352198e-05 1.5742865739802058e-05 0.00018989256563564603 0.0003642270304088823 7.500399341335668e-05 9.814833482260568e-06 2.2674915637101066e-05 4.4970929144005284e-05 4.23387623389245e-05 0.0 6.338991297399551e-06 0.0 0.0 0.0 0.0 7.351474758399969e-06 0.0 0.0010080780035433162 2.6930449233680232e-05 0.0 2.4892249987321213e-05 7.318594014631558e-06 8.3355365679117e-05 0.0 7.406587961659172e-06 0.00044666808979841984 0.00014624652092404793 0.0002182729715547522 4.8573692760018334e-05 0.00010277836041583641 0.0 0.0 1.0796636937889866e-05 0.0 0.0 8.496410352381274e-06 0.0 0.0 0.0005880637033261105 0.0002366275102042409 0.0007806137933133265
0.00847639697013317 0.020075787112299584 0.10698462224312744 0.0002844591246533526 0.002552234253217392 0.0006316575391743054 0.0012001128206448762 0.0 0.004786341164663365 0.0005764657167481407 0.06569773084068446 0.0001076451625683192 0.0048620282848773 0.021376259465923843 0.0014682153327671733 0.0014011268023814427 0.000574258409319871 0.000883820583053772 8.91396655765997e-05 0.004132991847889986 0.022822155952042317 4.473357546804069e-05 0.0008163761024695032 0.0003629095566359952 0.00018898940346978642 0.0010785358961567157 0.0005649424946784239 0.00011784451977848771 3.9085368829064616e-05 0.00020154190982986795 0.0956974706693202 0.12377834150352587 0.009828419677273392 0.0011809268943922795 0.0007858313049636664 0.0037827788820153255 0.009445524399112396 0.007790903200864454 0.0008566515138538737 9.545253272414334e-05 0.0038227074597214942 0.0007382238945862233 0.004166400155206307 0.0014189177807899338 0.0008685815868543164 0.0032454726892654404 0.006717687207924294 0.0006757908189988709 0.00021641066545912145 0.0028165151364625295 0.0004449433308144808 0.0001573096891160984 4.8021618103462436e-05 0.00010328365399167094 0.00026764783456773895 0.0002076716852575551 0.0007804690394566868 0.007560516292214872 0.0004896513419358768 0.0020191911374604497 0.022106377871705288 0.05818872402913721 0.003607475046804171 0.04641294212712104 0.0006318411652080516 0.0007843628031136124 0.0006045200353730014 0.00639537503127731 0.02023736124425152 0.010818697436318464 0.00283865353218127 0.00032180351415234067 0.0 0.01104173013082899 0.007498238302797038 0.0035199714614193175 0.0320073661497822 0.020080399650775495 0.024471537189761656 0.1150344095636167 0.008561174056100691 0.10449102836026712 0.000666665928546495 0.0 0.0007438126634940403 0.0005964764625347263 0.004539707071063527 0.0 0.00018528981313545978 6.286571786396296e-06 0.0005888149880913745 0.0002489060015491914 0.006640156609566544 0.0006956848068605435 0.0007570987159753636 0.001922815259356216 0.000506346261726636 2.1806695483534987e-05 8.680212935748426e-05 0.0017665229115810463 0.0 0.0 0.0 2.5400795615831088e-05 7.869678627467037e-05 0.00012034100500165015 0.0 0.0 8.49566279386625e-05 9.352094184344545e-05 2.658198039145987e-05 0.00020205036167691203 0.0006736099459206906 0.00021292658300946606 0.00017758075060985017 2.472898174561116e-05 0.0 0.0 1.1522404487707313e-05 0.0 0.0 0.0 0.0 0.0 0.0 5.9367295987722426e-05 0.0 0.0 1.3814637044885539e-05 1.113392029635932e-05 3.605308027412676e-05 0.0001295772169395069 7.848843559909625e-06 5.8358650833791224e-05 4.945455080772863e-05 0.0 8.566134708011112e-06 4.396188000837528e-05 0.0 0.0004688216300215599 7.641570072679554e-05 0.00014506999107563665 0.00034280961601868915 0.00015311895081749306 3.2924750841465607e-05 4.712786774932378e-05 2.2029475038784668e-05 0.0 1.112304068446608e-05 8.124950142193085e-06 0.0 1.2609307629724965e-05 1.497317047047631e-05 0.0 0.0 4.035327885681453e-05 8.487576619234114e-05 6.50944868199816e-05 0.0 0.0 0.0 0.0 0.0 0.0 0.0 0.0 9.048406905808734e-05 1.5138386962021906e-05 0.0 0.0 7.4430814560483076e-06 1.5896825088938265e-05 0.0 1.0489624312856194e-05 8.54215647046478e-06 7.305522321091723e-06 0.0002857441404204633 7.484467842112772e-05 1.2212549508441016e-05 7.751453671870683e-06 2.526648757168868e-05 9.369900543394356e-06 0.0 8.989173762524571e-06 3.451339396316008e-05 8.433603510040608e-05 1.2322013159037631e-05 0.0 0.0 0.0 0.0 0.0 0.0 2.3946025296091625e-05 7.307808665134706e-06 5.741700075436998e-05 1.7542591222843485e-05 0.00023994699415816375 0.00033040671225749457 0.0007668203249094585
0.001233571472737619 0.2846008804257025 0.08911429651422723 0.0031646319745198756 0.28575429085308507 0.0004136566372704322 0.23685639053432253 0.004786341164663365 0.0 0.011905434563018857 0.06901891937855291 0.001334368226933793 0.09363591377584848 0.11904821205204266 0.00029120986900702065 0.0001404706483733606 7.394040482466591e-06 2.4098471637579694e-05 1.3401485923380875e-05 0.0 3.1045734331422206e-05 0.0 1.1542945995230256e-05 0.0 0.0 9.701242485307843e-06 0.0 0.0 4.097488645862393e-05 0.0 0.005702332998146093 0.0018734133377452296 0.00023458221049859487 0.0 0.0 0.0 0.00011509346789247747 0.0 0.0 0.0 3.536830628626476e-05 0.0 0.0 0.0 0.0 2.47603134119369e-05 0.003497717574065917 3.79357003971096e-05 2.0409582008965403e-05 0.0 0.0 0.0 0.0 0.0 9.946361555198495e-05 0.00011083991140156949 0.00020376401837809288 0.0010807710379240332 0.00035258002546106865 0.0011845773725752966 1.6840207961289012e-05 0.0 0.0 0.0006598047072214689 7.585872683028043e-05 1.3449027836301677e-05 1.6624105646403842e-05 2.9608716602692155e-05 1.8042354096849147e-05 3.277853976512632e-05 2.5959450364771538e-05 0.0 0.0 0.0033487181751623942 0.0006226154457329601 0.0013812719709268572 0.0009167583930845824 0.000728573298420819 0.0 0.000194347982162834 0.0 7.92424818678299e-06 0.0004372375107229347 0.0 0.00012851090820737752 5.696851133376252e-05 4.373625671052439e-05 0.0 0.0 0.0 0.0 0.0 2.6199517451146426e-05 7.5334824606979554e-06 7.254053609872437e-06 0.0012536758090605524 7.622604093781939e-05 0.0 0.0 0.00038406020988720373 0.0 1.1875425818928704e-05 7.595829918135412e-05 6.478770888907773e-05 0.0 0.0003741840288983964 2.936437548613006e-05 0.00016023590506205663 0.0004120504050741302 0.00030258587148894293 2.165445690406345e-05 0.0005072939219956882 0.0009598175327032284 0.00048769032820238003 0.00028126232994135625 2.566109160484294e-05 0.0 0.0 0.0 0.0 0.0 0.0 0.0 0.0 0.0 0.0 0.0 0.0 0.0 0.0 0.0 0.0 0.0 0.0 0.0 0.0 0.0 3.726048634759142e-05 0.0 0.0003530786855612227 0.00012544940456165726 8.987013037552692e-05 6.270993145950086e-05 0.00012626807251242043 0.0 0.0 0.0 0.0 0.0 0.0 0.0 0.0 0.00010469734562473986 0.0 0.0 0.0 1.5725840796781075e-05 0.0 0.0 0.0 0.0 0.0 1.5337038229379974e-05 8.909885621106169e-05 1.187033564952379e-05 0.0 0.0 0.0 0.0 0.0 7.919137337362538e-06 0.0 0.0 0.0 0.0 0.0 0.00011233343751321138 0.0 0.0 0.0 0.0 4.615617970687416e-05 0.0 0.0 1.256200233465632e-05 1.7347191527230184e-05 1.1665549631511038e-05 0.0 8.55669500231575e-06 0.0 0.0 0.0 0.0 0.0 0.0 0.0 0.0 0.00017198844349565416 5.7849730560348776e-05 0.0004441024664740214
0.049832147990470844 0.1356598771036738 0.008139339702907037 0.30246368059835915 0.028632324139014807 0.021469799807545584 0.11416340084317367 0.0005764657167481407 0.011905434563018857 0.0 0.0024349101681526235 0.18774347274976227 0.7952446469436983 0.0203492611007116 0.0014339156605124594 0.0006851828404258585 0.00013624661717346793 5.445776074732639e-05 7.67298503618414e-06 1.0869843231018909e-05 8.603094127959533e-05 1.9044266703397546e-05 0.0 0.0 1.599487048537657e-05 0.0 0.0 0.0 3.134550895101898e-05 0.0 0.012954643414964925 0.002884626032952033 0.00046216495905855587 7.781184801180215e-06 4.5775804967199046e-05 0.0 0.007273913833520839 0.0002684445754499384 0.00043113357040581654 3.9566681281769227e-05 2.1932199131296463e-05 1.6367683072394557e-05 1.3308216648669728e-05 0.00013012275863487645 3.687190645105526e-05 0.0001192147343240147 0.023395272732646962 0.0008023214526833998 8.920230919109682e-05 3.1034213639047406e-05 1.9663441277332845e-05 0.00010738016163530802 6.968649244511849e-05 2.0770968166004987e-05 0.001451102830560418 0.0009666591267697904 0.005849148699466057 0.00672291381204844 0.0028388743115461803 0.007032910360851883 4.9658419691098983e-05 5.289068832462562e-05 5.2653626092600886e-05 0.001730991312525611 0.000557748479482022 0.000181786750278989 8.067193888669464e-05 0.0002733176032489581 5.783720328024113e-05 6.51400612458431e-05 0.004083595757562449 0.0009996847427037653 2.7354797862200647e-05 0.024977480186376074 0.0020979929132884027 0.005746078410332332 0.0025590582149255924 0.0021506622542690865 2.5382445228093558e-05 0.00020694916206552352 2.709206499786994e-05 2.2970350339019285e-05 0.003000887369132927 1.3677434279498972e-05 0.0006246379498093899 0.00032536465466825095 0.00025451691057782553 8.020190473734551e-05 0.00014459489994109363 0.0001501643287060113 3.2165644221023845e-05 2.7935162780007006e-05 0.00012979939196500014 2.327450816004808e-05 8.943535565266323e-05 0.04299885961450155 0.0015428666972886736 4.349906029886398e-05 0.00048707455476960416 0.04289271952374564 9.785292609093953e-05 0.0011909838701764275 0.0015792786133449006 0.002049330272895989 9.917495139096648e-05 0.009902585645760515 0.0010204916912112164 0.002863634941891378 0.015887246781931343 0.007314741148831404 0.0003737128111788559 0.011087339560742837 0.026158264974434634 0.011193311336852325 0.003787192764414571 0.00018617017967210322 0.0003837438686514419 0.0 0.0 1.6513084742544456e-05 0.0 0.0 0.0 0.0 0.0 2.1931404633955486e-05 0.0 9.466163130121399e-05 0.0 0.0 0.0 0.00017051773080766042 7.575944977059138e-05 7.394597400094224e-06 5.924363334227407e-05 0.00017074154724927034 0.0 0.0003467183625873346 1.1042541559812452e-05 0.0062497165802601114 0.0010924809615786436 0.0027226741425228594 0.002182081903480448 0.0005363898352913234 0.0 0.0 0.0 0.0 0.00012783735962050569 2.374991478506066e-05 0.0 0.0007577898983633885 0.00130536666115926 8.650261011203277e-06 1.9152872373814807e-05 0.00010265170253464979 0.0002362550972705464 0.0 0.00015142365123707808 0.00023504544957958395 6.542702916465727e-05 0.000563271395044559 0.0004957729025880911 0.0003370959321221573 0.00014403231166082632 0.00015052043568792263 0.0003554784854596662 0.0 4.757400445746631e-05 0.00017781165260189876 7.09941470580717e-06 0.0 0.0 0.0 0.0 0.0 0.005411296855216545 0.00022275400917839503 0.0 0.0 0.0 0.0004406553853814621 9.132974895658259e-06 1.6999182454657507e-05 0.0013030243411235281 0.00023293206356791058 0.00038582347986937295 2.6375761200277558e-05 0.00025929941810140826 3.2102227270131864e-05 1.3505385207007072e-05 0.0 6.6857855392922575e-06 9.177712021355945e-06 3.321797614823584e-05 0.0 0.0 0.0026028708164823017 0.001462372266517641 0.004657523980616624
0.005384011147362521 0.06538845439743497 0.12186979236875646 0.0008580592683987618 0.03777912474129744 0.0009134702513774577 0.008869927994230269 0.06569773084068446 0.06901891937855291 0.0024349101681526235 0.0 0.000879893198500894 0.07212751067949177 0.2908583568278268 0.0021003121688547162 0.0019026724827318497 0.0002858790217338735 8.358489846176495e-05 6.720688019090937e-05 0.0004083571697566702 0.004231584609231542 0.00019874707065608278 0.00037731257234517183 0.00022661601506448884 9.5404719085437e-05 0.0004926935626694381 0.00027957417073746756 0.0003045799280398182 2.5217914062644147e-05 6.227994921000452e-05 0.0473685267487219 0.010282182239253907 0.048134451469289775 0.0002215484652681896 0.00024159433774441675 0.00022859673540999773 0.02273362938111508 0.0009377875772147805 0.0015090217785755507 8.367371095266325e-05 0.002324117461050698 0.0005685910217260218 0.00024997987099118613 0.00021845448389853862 0.000359230044192099 0.0002682493450418941 0.00813411738339355 0.00020022603274655226 6.022639336885446e-05 9.982910548978158e-05 0.00020592008505624477 0.00037125343504124266 4.6580635582917e-05 0.00020723800753737594 0.00021952255860780846 0.00012215361269157744 0.0005913278918040792 0.004055507540063752 0.000537930026098483 0.0017644777729871489 0.00038744196473441354 0.0010041326980737213 0.00047957397373269014 0.0037906940762027492 0.00012889413053709858 0.000116271549703915 0.00013905344306137327 0.0009657004950311016 0.0029867734456129973 0.002539150178119414 0.009610269684961715 0.0004295128174720955 0.0 0.007772337632275052 0.0027140576322588696 0.0048836382528158525 0.0048048907283635344 0.004970907120024396 0.0007938207399259268 0.019327981335949346 4.145404482319885e-05 0.003313914279402417 0.0005323935280941155 0.0 0.00018515777460278957 0.00017059731279767164 0.00027932368284698593 0.0 9.397435935984771e-05 1.8504350934114434e-05 8.292734081713748e-05 7.844312616599194e-05 0.0035017726586765783 0.000257319385005718 0.0005488225649251545 0.005797061984738832 0.0011299731458584159 2.182442066150057e-05 0.0004390416073841432 0.001614771641285781 0.0 5.5277167888412224e-05 3.665549585965945e-05 3.6105336268728114e-05 0.0 0.0005051785242513408 3.0371150781912507e-05 8.955490826525686e-05 0.0009583869055802291 0.00039786644074624004 6.42013477286277e-05 0.00046157179465392575 0.0018722409506329535 0.0007601702196109214 0.00046352012624766367 4.9705361402638704e-05 3.177126670617927e-05 7.5480512911763355e-06 3.166840959914986e-05 0.0 0.0 1.0294814719081502e-05 1.6237119072924993e-05 0.0 0.0 5.3814062560551374e-05 7.303360057141938e-06 9.198150176894279e-05 0.0 3.6269793370866075e-05 5.80306388553093e-05 0.0002690121649274507 5.5461775501500354e-05 3.7566349548505876e-05 1.175796621627935e-05 2.3788093941181108e-05 9.287627746710744e-06 3.761830592334729e-05 8.364620941758667e-06 0.0007405493858986163 0.0001254254984637 0.000353458161441618 0.0004841797835086612 0.00022454950054848856 5.251076854529226e-05 3.256403269702082e-05 0.0 0.0 2.572128920633994e-05 3.970925411816632e-05 0.0 8.50045132360273e-05 5.466864977457463e-05 0.0 0.0 2.7740319040160154e-05 0.00019913371576884002 7.332301402230302e-05 0.0 0.0 1.1153185414086289e-05 0.00010074014048946186 2.5063250631118602e-05 0.0 5.390765646341335e-05 6.892521442304565e-05 4.065348631394574e-05 6.755962450610873e-06 0.0 5.11819496196971e-05 0.0 0.0 0.0 0.0 0.0 2.124571495424286e-05 0.0007350346307663952 5.0365042836768505e-05 0.0 0.0 8.105282004628502e-06 5.657077740430373e-05 0.0 0.0 0.00011339023151447278 1.7273777953015205e-05 9.097826804605322e-05 0.0 1.5237026307743573e-05 0.0 0.0 0.0 0.0 0.0 0.0 1.589790573998256e-05 1.788458144903459e-05 0.0003954394725976215 0.0002656369887298337 0.0008605220360589225
0.0029720022914812446 0.010038521899184569 0.0013806274585245867 0.0184008206170733 0.0031837844227129066 0.023957140416811067 0.007500158322006718 0.0001076451625683192 0.001334368226933793 0.18774347274976227 0.000879893198500894 0.0 0.21345323856185935 0.0036277830548289316 0.001740835893969752 0.0012894726692324501 0.0002698938655655614 6.578205982389958e-05 0.00014601361585607606 5.626386625562535e-05 0.0004508673016131575 0.0008760678366404653 0.0 3.738929879783832e-05 4.879634919703599e-05 0.0 1.8393927346052567e-05 3.91557818773048e-05 6.698777879284119e-06 4.194879207204163e-05 0.0006506986740576762 0.00014342220888068216 0.001227837136238597 6.451968338356211e-05 0.0 8.178929984414903e-05 0.020698911431655725 0.000216901046339103 0.002426653767174946 5.385334112400928e-05 0.0003659548596537322 4.0553911558219115e-05 2.3705899055253697e-05 0.00010623136513051964 0.00013321916004727552 0.00023460776426476653 0.005010610025377793 3.078318422071715e-05 5.703008199210485e-05 0.0 2.5490997034284305e-05 0.0017962855076983962 0.0017352049431204823 0.00041418733071464837 5.7283545881100996e-05 0.00010638601317226614 0.00202933432967215 0.00035097945862716176 0.00018069371431003904 0.00041954888300155745 0.00013849452957177336 2.6609975842256328e-05 0.00011825608911926928 0.00049392817113915 6.439570909508896e-05 2.277330489891395e-05 3.865208787662532e-05 0.00013751434973782874 0.00017790544512909598 0.00016879152229891167 0.029295818203810362 0.006185504925226997 0.00015964213131836416 0.0012392104286766232 0.0003837726730274971 0.001238879417614958 0.0013943290874603995 0.0009721875725532255 0.0 0.0002317995220362624 1.8669564059145864e-05 0.0 0.00020983068368860688 8.466914157666827e-05 1.6807954351014936e-05 0.00018337579738238223 2.7573305791916076e-05 0.00046662948008281533 0.0004583238702867787 0.0010243950090353187 6.080017290403974e-05 0.00020254787187201626 0.0004259014346179802 6.221549296809931e-05 0.00043966505021709865 0.3182152096747134 0.060132451011578186 0.0017744718608440583 0.0053977715681397045 0.012710420001356356 3.8293641648305703e-05 0.00016137970421704477 0.00023710336313284452 0.0005460280171953092 4.492384844352395e-05 0.002201538877406412 0.0003268419012792923 0.0006841429973043065 0.003964854473437792 0.002680386876789129 0.0002389715841938486 0.002427620983043803 0.008753610569037947 0.0029653365597858525 0.0014855557325925582 0.0001717149286483408 0.00016201108000014512 1.710737933407002e-05 3.3773720786153125e-05 0.0 0.0 0.0 1.7069836930055785e-05 0.0 0.0 0.00013361812371626272 8.283329339672548e-05 0.0003158979254828207 2.3818233861495383e-05 0.00015985512345509918 2.0434438906706635e-05 0.001044642334680543 0.00046754203915154745 8.94683248876609e-05 3.895337358014786e-05 8.107894611986332e-05 0.0001266720950903239 0.00024657712063797286 9.408887951470768e-05 0.0033343101563322506 0.0006081273952426995 0.001017160158022196 0.0016449229606169844 0.0011013013801623131 7.113859937122942e-05 1.0610581242783755e-05 0.0 0.0 0.00011466744658735178 0.00010067081242064132 0.0 0.0002546793141063279 0.00034550553305956347 0.0 3.8802537394287875e-05 5.4600717847267935e-05 0.0014285240327499354 6.0098644737081065e-05 1.2359511317437243e-05 5.145367155775676e-05 1.0901144117786643e-05 0.00018683180358490143 0.00017206002905268206 9.98808343844521e-05 5.281663751737384e-05 5.500177933550533e-05 0.0001394182491158654 2.0953536152444765e-05 0.0 5.663300020453127e-05 0.0 0.0 0.0 7.132716263845167e-06 0.0 8.62546038234152e-06 0.0025723282644414067 0.0009753187904550331 0.0 0.0 1.966128863199494e-05 0.00023066659720293102 0.0 0.0 0.0003376331450615031 0.00019698105985045943 0.0001635953990748706 0.0 8.830216534564402e-05 7.5218732770938964e-06 0.0 1.1927540419935484e-05 0.0 8.148670600941131e-06 0.0 0.0 0.0 0.0016836765575521846 0.0013779947689479507 0.0033466419631619
